frame,MLTx,MLTy,MLTz,MLTR1,MLTR2,MLTR3,MLTR4,MLTR5,MLTR6,MLTR7,MLTR8,MLTR9,MLTTVx,MLTTVy,MLTTVz,MLTRVx,MLTRVy,MLTRVz,MLGA,MRTx,MRTy,MRTz,MRTR1,MRTR2,MRTR3,MRTR4,MRTR5,MRTR6,MRTR7,MRTR8,MRTR9,MRTTVx,MRTTVy,MRTTVz,MRTRVx,MRTRVy,MRTRVz,MRGA,SLTx,SLTy,SLTz,SLTR1,SLTR2,SLTR3,SLTR4,SLTR5,SLTR6,SLTR7,SLTR8,SLTR9,SLTTVx,SLTTVy,SLTTVz,SLTRVx,SLTRVy,SLTRVz,SLGA,SRTx,SRTy,SRTz,SRTR1,SRTR2,SRTR3,SRTR4,SRTR5,SRTR6,SRTR7,SRTR8,SRTR9,SRTTVx,SRTTVy,SRTTVz,SRTRVx,SRTRVy,SRTRVz,SRGA
160,0.117446,-0.031495,0.408083,0.817033,0.492232,-0.30035,-0.55995,0.801489,-0.209864,0.136404,0.339042,0.930844,0.032436,0.019604,0.0136,0.006294,-0.058354,0.140466,-1.056691,-0.098977,-0.004384,0.393774,0.324445,0.693215,0.643567,-0.799291,0.564764,-0.205203,-0.506094,-0.448694,0.736481,0.002258,-0.012746,0.007707,0.570391,0.376102,-0.44802,-1.176329,0.0462,0.039761,-0.014852,-0.212625,-0.724096,0.656105,0.859222,-0.458308,-0.227353,0.465323,0.5154,0.719608,0.001146,-0.006471,0.003799,0.628051,0.41258,-0.489645,-0.876505,0.068234,0.020241,-0.066991,0.862176,0.433117,-0.262793,-0.485113,0.855329,-0.181872,0.146003,0.28429,0.947555,0.016232,0.009897,0.00685,0.006915,-0.063256,0.13863,-0.883258
161,0.118441,-0.030667,0.408617,0.823947,0.485398,-0.292482,-0.549138,0.811215,-0.200872,0.138734,0.325524,0.935315,0.032298,0.019652,0.013481,-2.27202,-0.448676,5.255761,-1.062503,-0.09907,-0.004934,0.393997,0.315415,0.694933,0.646199,-0.797981,0.562767,-0.21553,-0.513807,-0.448549,0.731211,0.002799,-0.015275,0.006021,0.578541,0.309493,-0.291859,-1.182066,0.046152,0.039493,-0.014741,-0.20371,-0.724635,0.658335,0.857546,-0.456496,-0.237117,0.472351,0.51625,0.714401,0.00135,-0.007424,0.003158,1.980118,1.240236,-1.439918,-0.873892,0.068721,0.020651,-0.066726,0.865168,0.430365,-0.257426,-0.479375,0.860479,-0.172552,0.14725,0.272691,0.950766,0.009374,0.011208,0.007658,-2.437959,1.371633,-0.514505,-0.890932
162,0.119372,-0.029796,0.409226,0.826361,0.481974,-0.291333,-0.544533,0.81566,-0.195332,0.142452,0.319462,0.936845,0.0188,0.023092,0.015793,0.005102,-0.043746,0.111225,-1.051859,-0.098838,-0.005645,0.394279,0.304756,0.696897,0.649191,-0.796014,0.560641,-0.227983,-0.523199,-0.448164,0.724758,0.016132,-0.013904,0.005639,1.987501,1.234161,-1.443146,-1.192707,0.046264,0.039135,-0.014601,-0.194264,-0.72515,0.660619,0.855459,-0.454804,-0.247672,0.480052,0.517019,0.708689,0.002284,-0.012903,0.007601,-0.077013,0.000789,-0.041012,-0.881404,0.069184,0.021076,-0.066429,0.870409,0.421697,-0.254084,-0.468842,0.867469,-0.166382,0.150247,0.263946,0.952762,0.00943,0.011722,0.008007,0.010351,-0.050797,0.11403,-0.892565
163,0.119805,-0.029391,0.409526,0.826377,0.481887,-0.291429,-0.544473,0.815709,-0.195291,0.142581,0.319467,0.936824,0.018688,0.022795,0.015511,-0.004538,0.023072,-0.076194,-1.037537,-0.098656,-0.005976,0.394435,0.302609,0.697378,0.64968,-0.795884,0.559936,-0.23016,-0.52464,-0.4483,0.723631,0.002787,-0.015193,0.00607,-0.035317,0.002221,-0.022671,-1.195676,0.046354,0.038976,-0.014531,-0.190134,-0.72534,0.661611,0.854392,-0.454201,-0.252416,0.483593,0.517283,0.706084,0.001424,-0.007768,0.002916,-0.04255,0.009718,-0.045229,-0.88124,0.069408,0.021289,-0.066272,0.870432,0.42155,-0.254248,-0.468745,0.867516,-0.166408,0.150415,0.264025,0.952714,0.009268,0.011065,0.007516,0.004945,-0.034798,0.082924,-0.892565
164,0.120627,-0.028616,0.410086,0.826456,0.482377,-0.290394,-0.543802,0.817392,-0.190055,0.144656,0.314396,0.93822,0.017924,0.019489,0.01312,-0.00593,0.032742,-0.103307,-1.007306,-0.098302,-0.006519,0.39468,0.298586,0.698195,0.650661,-0.795344,0.55888,-0.234552,-0.527752,-0.448345,0.721337,0.015917,-0.012755,0.006399,0.019949,0.031074,-0.058473,-1.19469,0.046532,0.038696,-0.014402,-0.186024,-0.725639,0.662451,0.853643,-0.453199,-0.256715,0.486505,0.517742,0.703743,0.001333,-0.007326,0.003209,0.159771,0.121153,-0.160386,-0.885812,0.069827,0.021689,-0.065983,0.870492,0.422068,-0.253181,-0.468118,0.868867,-0.161041,0.152011,0.258704,0.95392,0.008933,0.009635,0.006475,-0.00166,0.031592,-0.103077,-0.880645
165,0.121187,-0.02777,0.410579,0.828738,0.479959,-0.287884,-0.538899,0.823037,-0.179358,0.14982,0.303191,0.941093,0.018033,0.020396,0.013612,-0.016982,-0.02752,0.078684,-0.977245,-0.097965,-0.006961,0.394834,0.291219,0.699315,0.652795,-0.793021,0.558148,-0.243971,-0.535307,-0.447513,0.71627,0.014212,-0.00251,-0.002998,0.00352,-0.014308,0.028206,-1.195045,0.046701,0.03847,-0.014322,-0.178401,-0.725794,0.664376,0.850959,-0.4528,-0.266156,0.494004,0.517875,0.698401,0.001439,-0.007793,0.002893,-0.041021,0.010422,-0.046188,-0.881077,0.070099,0.0221,-0.065745,0.872481,0.419421,-0.25072,-0.463031,0.873565,-0.149947,0.156129,0.246918,0.956375,0.002254,0.011316,0.007622,-0.071092,0.058786,-0.122575,-0.879012
166,0.121607,-0.026982,0.41113,0.828737,0.480292,-0.287331,-0.538623,0.823795,-0.176686,0.150807,0.300599,0.941767,0.017587,0.018463,0.012199,-0.005901,0.032752,-0.103304,-0.928541,-0.097618,-0.007355,0.395043,0.283451,0.700588,0.654846,-0.790742,0.557103,-0.253568,-0.542791,-0.446823,0.711048,0.002379,-0.013226,0.007384,-0.036692,0.012888,-0.049295,-1.196085,0.046874,0.03828,-0.014225,-0.17055,-0.726019,0.666189,0.848255,-0.452195,-0.275646,0.501372,0.518088,0.692971,0.00111,-0.006263,0.003922,-0.041529,-0.001639,-0.018306,-0.877975,0.07031,0.022499,-0.065466,0.87255,0.419589,-0.250198,-0.462642,0.874212,-0.147355,0.156898,0.244328,0.956914,0.002004,0.010132,0.006771,0.00408,-0.019667,0.054024,-0.871664
167,0.121819,-0.026636,0.411433,0.831644,0.475591,-0.286751,-0.533321,0.827814,-0.173966,0.153602,0.297024,0.942449,0.017407,0.017702,0.01164,-2.562171,0.773582,-0.544864,-0.928647,-0.097443,-0.007536,0.395163,0.279196,0.701363,0.655843,-0.78968,0.556308,-0.258574,-0.546528,-0.446597,0.708323,0.015501,-0.010646,0.007806,-0.034635,-0.002352,-0.020068,-1.196704,0.046962,0.038186,-0.014161,-0.166183,-0.726237,0.667054,0.846967,-0.451555,-0.280614,0.505004,0.51834,0.69014,0.000269,-0.001248,-0.000848,-0.006145,-0.003688,0.00436,-0.874382,0.070414,0.022668,-0.065323,0.875198,0.413843,-0.250519,-0.456937,0.877236,-0.147186,0.158853,0.243289,0.956856,0.008682,0.008792,0.005775,0.004587,-0.034012,0.083494,-0.87297
168,0.122155,-0.026007,0.411996,0.832692,0.476111,-0.28282,-0.531861,0.829707,-0.169353,0.152987,0.290855,0.944471,0.003996,0.020297,0.013425,-0.738988,0.348101,-0.088836,-0.952314,-0.097228,-0.008066,0.395551,0.266584,0.703573,0.658718,-0.786244,0.554068,-0.273428,-0.557657,-0.445908,0.700034,0.002119,-0.012014,0.008204,0.572488,0.368532,-0.451688,-1.198647,0.047073,0.037929,-0.013974,-0.155274,-0.726755,0.669115,0.843664,-0.449928,-0.292907,0.513925,0.519028,0.683,0.001144,-0.006421,0.003818,-0.045592,0.007439,-0.04294,-0.869647,0.070581,0.022977,-0.065046,0.876065,0.414326,-0.246661,-0.455655,0.878697,-0.142366,0.157754,0.237114,0.958587,0.002023,0.010314,0.006819,0.054605,0.175821,0.149484,-0.883094
169,0.122417,-0.025358,0.412741,0.832468,0.476965,-0.28204,-0.53191,0.830371,-0.165911,0.154025,0.287549,0.945314,0.004632,0.023629,0.015504,0.004227,-0.028927,0.081364,-0.953064,-0.097152,-0.008735,0.39601,0.245649,0.709066,0.660963,-0.779419,0.549903,-0.300076,-0.576518,-0.442348,0.68689,0.002475,-0.013641,0.007109,0.6092,0.322832,-0.515747,-1.200318,0.047112,0.03759,-0.013736,-0.132234,-0.729682,0.670877,0.834978,-0.446732,-0.32131,0.534157,0.517681,0.668343,0.001919,-0.011151,0.00879,2.022804,1.184084,-1.519566,-0.876995,0.070718,0.0233,-0.064668,0.875823,0.415849,-0.244953,-0.455736,0.879642,-0.136133,0.15886,0.230862,0.959929,0.008899,0.005986,0.012019,-0.040164,0.041865,-0.122327,-0.887503
170,0.122562,-0.025081,0.413216,0.832652,0.476654,-0.282021,-0.531517,0.830718,-0.165435,0.154385,0.287063,0.945403,0.004323,0.013788,0.025341,-0.032931,-0.00696,0.035755,-0.950008,-0.097123,-0.00913,0.396249,0.227209,0.712395,0.663973,-0.773534,0.546256,-0.32122,-0.59179,-0.441519,0.67432,-0.008866,-0.026841,0.015844,0.544862,0.474484,-0.726927,-1.202482,0.04713,0.037404,-0.013622,-0.115181,-0.730381,0.673258,0.828647,-0.444412,-0.340354,0.547792,0.518691,0.656416,0.00214,-0.012157,0.008111,0.102976,0.128696,-0.189593,-0.873566,0.070792,0.023445,-0.064432,0.875985,0.415491,-0.244981,-0.455308,0.879934,-0.135681,0.159193,0.230397,0.959986,0.008959,0.006367,0.012237,-0.030247,-0.031683,0.092086,-0.88881
171,0.122857,-0.024686,0.414315,0.83342,0.4753,-0.282041,-0.529973,0.831941,-0.164236,0.15554,0.285767,0.945607,0.004163,0.013068,0.024752,-0.032924,-0.006912,0.03577,-0.946193,-0.096969,-0.009989,0.396721,0.198109,0.718833,0.66635,-0.767357,0.536748,-0.350712,-0.609983,-0.442755,0.657078,0.00456,-0.025517,0.015418,0.09616,0.257542,-0.544226,-1.220827,0.047203,0.036968,-0.013383,-0.08358,-0.732937,0.675142,0.819531,-0.435991,-0.37186,0.566906,0.52222,0.637105,0.002421,-0.013443,0.007242,0.582082,0.472665,-0.724692,-0.865401,0.070939,0.023646,-0.063881,0.87663,0.414084,-0.245054,-0.4537,0.88096,-0.134402,0.160229,0.229002,0.960147,0.002019,0.002125,0.017662,-0.06717,-0.004212,0.04417,-0.889136
172,0.123096,-0.024513,0.415572,0.836171,0.473362,-0.277112,-0.526978,0.833324,-0.166841,0.150904,0.284958,0.946601,0.003553,0.001683,0.033574,-0.059499,0.046256,0.0311,-0.946832,-0.096808,-0.01092,0.397133,0.184235,0.72078,0.668225,-0.756198,0.538282,-0.371955,-0.627991,-0.437692,0.643363,0.00345,-0.018094,0.004081,-0.03815,0.173137,-0.42872,-1.220635,0.047281,0.03651,-0.013178,-0.069653,-0.732851,0.676813,0.807966,-0.439375,-0.392605,0.585097,0.519496,0.622723,0.001687,-0.008913,0.002131,0.138383,0.253821,-0.568105,-0.859359,0.071054,0.023739,-0.063266,0.879176,0.411741,-0.239827,-0.450538,0.882168,-0.137092,0.155122,0.228579,0.961086,0.001762,0.000857,0.016796,-0.067517,0.02821,0.028699,-0.893219
173,0.123238,-0.024509,0.41617,0.837258,0.473112,-0.274241,-0.525827,0.834105,-0.166573,0.148893,0.283087,0.94748,0.003275,0.000278,0.032637,-0.057779,0.054011,0.033652,-0.946013,-0.096739,-0.011344,0.397264,0.177726,0.720882,0.669876,-0.752896,0.537981,-0.379021,-0.633801,-0.437894,0.637501,0.003654,-0.019026,0.00344,-0.012535,0.244207,-0.436388,-1.218782,0.047318,0.036289,-0.013107,-0.062992,-0.732081,0.678297,0.804473,-0.439471,-0.399608,0.590638,0.520501,0.616623,0.002622,-0.014353,0.006621,0.096969,0.235622,-0.388288,-0.85691,0.071131,0.023743,-0.062954,0.880205,0.411238,-0.236898,-0.449278,0.882868,-0.13672,0.152926,0.226775,0.961865,0.008283,-0.000965,0.01551,-0.065263,0.007896,0.057755,-0.894035
174,0.123608,-0.024652,0.417399,0.838965,0.471029,-0.272605,-0.523883,0.834531,-0.170517,0.146132,0.285292,0.947249,0.002596,-0.011507,0.041278,-0.065153,0.193588,0.057463,-0.960923,-0.096522,-0.012086,0.397329,0.159876,0.719512,0.67582,-0.74602,0.536448,-0.394477,-0.646541,-0.442015,0.621667,0.015708,-0.00873,-0.007322,-0.040137,0.20415,-0.128602,-1.219313,0.047421,0.035914,-0.01307,-0.045069,-0.728389,0.683679,0.796962,-0.438864,-0.415028,0.602344,0.526162,0.600278,0.002065,-0.010609,0.000955,-0.087025,0.157077,-0.021531,-0.860666,0.071316,0.023675,-0.062343,0.881491,0.408971,-0.23604,-0.447392,0.88324,-0.140454,0.151039,0.229411,0.961538,0.007975,-0.002491,0.014508,-0.013801,0.256273,0.099122,-0.897301
175,0.12393,-0.025073,0.418828,0.840623,0.468763,-0.271403,-0.522157,0.834411,-0.176302,0.142769,0.289343,0.946533,0.002345,-0.004435,0.02955,-0.046404,0.091074,0.017256,-0.966009,-0.096195,-0.012696,0.397309,0.145952,0.712813,0.685994,-0.734082,0.54292,-0.407795,-0.663271,-0.444955,0.601622,0.002131,-0.009674,-0.006642,-0.06994,0.334764,-0.111029,-1.222121,0.047591,0.035605,-0.013083,-0.031915,-0.719909,0.693333,0.785536,-0.446977,-0.427951,0.61799,0.530981,0.57978,0.008457,-0.00824,0.001886,-0.115656,0.284009,0.099585,-0.862462,0.071478,0.023462,-0.061624,0.883081,0.406471,-0.234408,-0.445418,0.883272,-0.146396,0.14754,0.23369,0.961051,0.007822,-0.007408,0.019468,-0.07392,0.072524,0.058224,-0.89975
176,0.124392,-0.025729,0.420408,0.842972,0.466887,-0.26732,-0.519927,0.834541,-0.18218,0.13698,0.291986,0.946577,0.015281,-0.02523,0.048531,-0.11021,0.060439,0.000892,-0.976772,-0.095801,-0.013093,0.397178,0.130578,0.704504,0.697578,-0.727445,0.546178,-0.415268,-0.67369,-0.454112,0.582912,0.014986,-0.005214,-0.004964,-0.064916,0.285295,0.146735,-1.220947,0.047783,0.035406,-0.013149,-0.01744,-0.709676,0.704311,0.779147,-0.4511,-0.435244,0.626598,0.541172,0.560809,0.007636,-0.003251,-0.002931,-0.044468,0.444643,0.146304,-0.858543,0.071698,0.023147,-0.060856,0.885233,0.404238,-0.230115,-0.443034,0.883462,-0.15236,0.141708,0.236823,0.961161,0.000905,-0.007659,0.019412,0.144781,-0.036407,0.035443,-0.897301
177,0.124615,-0.026121,0.421212,0.843841,0.466713,-0.264871,-0.519194,0.834711,-0.183485,0.134403,0.291779,0.94701,0.015117,-0.01771,0.037108,-0.100064,0.033653,0.00792,-0.982173,-0.095566,-0.013224,0.397103,0.122718,0.698368,0.705134,-0.722101,0.550278,-0.419164,-0.680871,-0.458618,0.570918,0.014829,-0.004454,-0.00445,3.809382,-1.710793,3.380014,-1.22114,0.047901,0.035336,-0.013189,-0.006203,-0.703493,0.710674,0.776795,-0.450934,-0.439597,0.629721,0.549322,0.549268,0.001697,-0.008862,0.002119,-0.030026,1.014398,-0.014916,-0.862625,0.071816,0.022943,-0.060434,0.886034,0.403848,-0.227705,-0.44223,0.883657,-0.153562,0.139197,0.236759,0.961544,0.000781,-0.012509,0.024443,-0.153406,0.019447,-0.05061,-0.895504
178,0.125045,-0.026937,0.422789,0.845689,0.465081,-0.26183,-0.518131,0.832951,-0.194175,0.126729,0.299303,0.945719,0.014771,-0.019537,0.035969,2.492763,-0.742513,0.562544,-0.98325,-0.094981,-0.0135,0.397058,0.117064,0.684878,0.719187,-0.701715,0.569529,-0.42798,-0.702825,-0.455426,0.54634,0.014725,-0.003882,-0.004071,0.175881,0.600504,0.38951,-1.22132,0.048193,0.0352,-0.01321,-0.006085,-0.689558,0.724204,0.756272,-0.476986,-0.447812,0.654228,0.544971,0.524396,0.008062,-0.006281,0.003205,0.942041,0.181677,1.041986,-0.865238,0.072031,0.022536,-0.059646,0.887484,0.402648,-0.224152,-0.441275,0.88272,-0.161496,0.132838,0.242238,0.961079,0.007319,-0.009992,0.01784,-0.130796,0.05315,-0.19419,-0.895995
179,0.125421,-0.027755,0.424135,0.845826,0.465387,-0.260842,-0.519066,0.830675,-0.201298,0.121937,0.305086,0.9445,0.014021,-0.023576,0.033459,2.479245,-0.686003,0.334733,-0.986927,-0.094557,-0.013769,0.397143,0.099777,0.673986,0.731969,-0.694107,0.574271,-0.434008,-0.712954,-0.465609,0.524182,0.002337,-0.012863,0.007605,-0.199214,0.771695,0.041643,-1.223006,0.048411,0.035067,-0.013174,0.009705,-0.676165,0.736685,0.749033,-0.483155,-0.453331,0.66246,0.556201,0.501782,0.006854,0.000343,-0.000469,-0.198365,0.784449,0.113509,-0.872259,0.072219,0.022131,-0.05897,0.887625,0.402744,-0.223421,-0.442163,0.880931,-0.168675,0.128885,0.248509,0.960015,0.000332,-0.01072,0.017508,-0.114024,0.020383,-0.032012,-0.892239
180,0.125591,-0.028209,0.424781,0.846125,0.466247,-0.258326,-0.519269,0.830249,-0.202528,0.11899,0.304931,0.944926,0.013875,-0.024395,0.032958,-0.048479,0.255989,0.076468,-0.983307,-0.094366,-0.013856,0.397226,0.093175,0.66801,0.73829,-0.691481,0.576967,-0.434621,-0.716384,-0.47086,0.514732,0.013587,0.001269,-0.000512,-0.172708,0.778852,0.348127,-1.222589,0.048502,0.035017,-0.01313,0.015676,-0.669826,0.742352,0.746723,-0.485905,-0.454202,0.664949,0.561452,0.492557,0.00758,-0.004098,0.004718,-0.115936,0.295185,-0.101969,-0.866544,0.072304,0.021903,-0.058648,0.887811,0.402935,-0.222335,-0.442577,0.879987,-0.172471,0.126158,0.251523,0.959593,8.3e-05,-0.012071,0.016671,-0.034507,0.488927,-0.132431,-0.890769
181,0.125876,-0.02917,0.425895,0.849535,0.460441,-0.257546,-0.51431,0.831398,-0.210322,0.116222,0.310569,0.943434,-0.00043,-0.019188,0.020319,-0.043393,0.159572,-0.025959,-0.979786,-0.093926,-0.01392,0.397471,0.087226,0.656456,0.749299,-0.68205,0.587617,-0.435257,-0.726103,-0.47392,0.498034,0.01433,-0.004492,0.012016,-0.078319,0.330303,0.205066,-1.221558,0.048722,0.034986,-0.013012,0.021301,-0.655817,0.754619,0.73904,-0.498004,-0.453663,0.673324,0.567357,0.474067,0.00649,0.001963,0.000656,0.004063,0.41487,0.090399,-0.865238,0.072453,0.021424,-0.058084,0.890909,0.396765,-0.221037,-0.437148,0.881124,-0.180331,0.123212,0.257285,0.958447,0.006537,-0.014298,0.015176,-0.078091,0.18431,0.020421,-0.892075
182,0.12612,-0.029879,0.426671,0.85465,0.449647,-0.259686,-0.505439,0.834804,-0.218188,0.117612,0.317178,0.94106,0.013476,-0.018274,0.020664,-0.012276,-0.022736,0.0484,-1.016496,-0.093526,-0.013999,0.397761,0.083532,0.643601,0.760783,-0.656944,0.609662,-0.443476,-0.749313,-0.463559,0.472765,0.014468,-0.005091,0.011601,-0.103702,0.841945,0.22931,-1.236817,0.048921,0.034951,-0.012864,0.022609,-0.644444,0.764316,0.716409,-0.522797,-0.461996,0.697313,0.558009,0.449866,-0.000246,0.001065,0.000731,0.286585,0.17973,0.183552,-0.869483,0.072567,0.021059,-0.057702,0.895118,0.385729,-0.223554,-0.427888,0.884103,-0.18781,0.125201,0.263769,0.956425,7.3e-05,-0.003731,0.005742,0.174336,-0.098189,0.172952,-0.90171
183,0.126364,-0.029998,0.427113,0.856172,0.446902,-0.25941,-0.502434,0.837091,-0.216356,0.119391,0.315025,0.941558,0.01467,-0.003313,0.013844,-0.034909,-0.003444,0.010682,-1.044245,-0.093291,-0.01425,0.398136,0.077281,0.638629,0.765619,-0.634311,0.623988,-0.456313,-0.769213,-0.451182,0.452336,0.014821,-0.006622,0.010542,0.54662,0.559709,-0.569995,-1.282104,0.049038,0.03483,-0.012674,0.02877,-0.636602,0.770655,0.696367,-0.540336,-0.472343,0.717108,0.550249,0.427763,0.000778,-0.004704,0.004999,2.016888,1.194303,-1.722994,-0.876832,0.072687,0.020987,-0.057483,0.896404,0.382827,-0.223387,-0.424706,0.886066,-0.185766,0.126819,0.261395,0.956863,0.000822,0.004534,0.00282,0.001496,-0.00848,0.026907,-0.920325
184,0.126422,-0.029846,0.427317,0.855952,0.447361,-0.259345,-0.502814,0.836959,-0.215984,0.11937,0.314725,0.941661,0.002013,0.002515,0.0177,-0.044974,0.062168,-0.18089,-1.047439,-0.09318,-0.014484,0.398389,0.067056,0.637933,0.767161,-0.633449,0.621314,-0.461135,-0.77087,-0.45584,0.444783,0.001745,-0.010164,0.009486,-0.067113,0.24262,0.054079,-1.292601,0.049098,0.034715,-0.012547,0.039509,-0.634945,0.771545,0.694524,-0.537681,-0.478052,0.718383,0.554745,0.419742,0.001688,-0.009956,0.009627,-0.089244,0.376287,-0.165974,-0.880261,0.072721,0.021058,-0.057384,0.896273,0.383169,-0.223325,-0.424984,0.886001,-0.185445,0.126809,0.261119,0.95694,0.001123,0.006165,0.00383,0.001622,-0.008528,0.027026,-0.922774
185,0.126497,-0.029273,0.427685,0.859353,0.440724,-0.259463,-0.496425,0.840637,-0.216481,0.121633,0.314296,0.941515,0.002805,0.023757,-0.001414,0.037433,-0.019891,0.046327,-1.044259,-0.092933,-0.015214,0.399134,0.059119,0.642248,0.764208,-0.617431,0.625113,-0.477437,-0.784389,-0.444431,0.432527,0.004768,-0.028437,0.029904,0.421963,-0.065567,-0.207787,-1.303435,0.04922,0.03436,-0.012192,0.048359,-0.637971,0.76854,0.680168,-0.542439,-0.493082,0.731458,0.546582,0.407696,0.001639,-0.00974,0.009753,5.883962,-1.57526,0.467904,-0.879771,0.072758,0.021335,-0.057194,0.899021,0.376478,-0.223661,-0.418474,0.889072,-0.185551,0.128995,0.260411,0.956841,0.001431,0.007846,0.00485,0.002011,-0.008481,0.027072,-0.922774
186,0.126509,-0.028646,0.428073,0.859607,0.440961,-0.258216,-0.495582,0.842435,-0.211365,0.123254,0.309116,0.943018,0.003031,0.016544,0.01017,0.003081,-0.017251,0.054909,-1.043555,-0.092747,-0.016041,0.400094,0.052772,0.645046,0.762314,-0.606373,0.62727,-0.488649,-0.793408,-0.437274,0.423271,0.002875,-0.017633,0.020872,0.560653,0.24629,-0.548459,-1.301045,0.049316,0.033928,-0.011694,0.054419,-0.640254,0.766232,0.667903,-0.547089,-0.504577,0.742255,0.539228,0.397855,0.001409,-0.008757,0.010476,0.612049,0.270552,-0.60343,-0.872096,0.072765,0.02166,-0.056999,0.899276,0.376613,-0.222402,-0.41757,0.890564,-0.180361,0.130138,0.255063,0.958126,0.001465,0.008031,0.004938,0.005438,-0.017811,0.054963,-0.923917
187,0.126496,-0.028332,0.428279,0.859486,0.441593,-0.257536,-0.495619,0.843099,-0.208609,0.123936,0.306394,0.943816,0.002789,0.015217,0.009326,0.001541,-0.008625,0.027455,-1.044294,-0.092663,-0.016488,0.400577,0.05011,0.646203,0.761513,-0.595168,0.631662,-0.4967,-0.802015,-0.429155,0.415284,0.003115,-0.018681,0.020155,0.459574,0.402889,-0.553839,-1.301214,0.049357,0.033714,-0.011458,0.056519,-0.640932,0.765514,0.657225,-0.553298,-0.511777,0.751572,0.53204,0.389965,0.002322,-0.014031,0.0151,1.695534,1.100564,-1.837148,-0.870953,0.072758,0.021815,-0.056897,0.899186,0.377247,-0.221691,-0.417631,0.891097,-0.177565,0.130563,0.252249,0.958813,-0.005265,0.008568,0.005378,0.005351,-0.003373,0.025622,-0.922284
188,0.126461,-0.02773,0.428638,0.858874,0.441164,-0.260296,-0.495987,0.843055,-0.20791,0.126649,0.307131,0.943217,0.002843,0.01551,0.009452,-0.0225,-0.126158,0.022161,-1.052414,-0.092552,-0.017574,0.40162,0.03626,0.645369,0.763005,-0.572651,0.639184,-0.513273,-0.81896,-0.419139,0.391778,-0.00954,-0.024282,0.017694,-0.11313,0.522483,0.024191,-1.304074,0.049415,0.033188,-0.010944,0.069655,-0.639379,0.765729,0.634501,-0.563918,-0.528586,0.769776,0.522675,0.366407,0.002568,-0.015118,0.014361,0.356402,1.129041,-0.348249,-0.873076,0.072743,0.022127,-0.056711,0.898592,0.376915,-0.224646,-0.417979,0.891071,-0.176876,0.133509,0.252837,0.958252,0.001411,0.00773,0.004713,-0.020444,-0.11833,0.02358,-0.922611
189,0.126498,-0.027233,0.429121,0.85856,0.440125,-0.263079,-0.495738,0.84342,-0.207022,0.129699,0.307619,0.942643,0.002802,0.015293,0.009268,-0.064454,-0.306111,-0.03184,-1.052216,-0.092575,-0.018687,0.402511,0.020886,0.642218,0.766232,-0.558147,0.643386,-0.52389,-0.829424,-0.41754,0.370917,0.005592,-0.032091,0.027465,-0.008215,0.393547,-0.132358,-1.305305,0.049399,0.032622,-0.010492,0.085473,-0.632946,0.769462,0.620662,-0.570312,-0.538072,0.779404,0.523567,0.3441,-0.004551,-0.013226,0.008104,0.39264,0.762127,-0.820639,-0.872259,0.07276,0.02237,-0.056473,0.89853,0.376072,-0.226302,-0.417495,0.891413,-0.176296,0.135429,0.252887,0.957969,0.001321,0.007259,0.004402,-0.111449,-0.486173,-0.10903,-0.922937
190,0.126576,-0.026885,0.429703,0.859049,0.439188,-0.263046,-0.494746,0.844108,-0.206589,0.130235,0.307072,0.942748,0.002485,0.005143,0.019071,-0.032813,-0.005977,0.036045,-1.050975,-0.092622,-0.019522,0.403021,0.01162,0.632081,0.77481,-0.538744,0.656781,-0.527567,-0.842324,-0.412093,0.347179,0.00264,-0.014115,0.006782,-0.129597,0.588224,-0.014563,-1.30783,0.049378,0.03219,-0.010229,0.093735,-0.621665,0.777654,0.602868,-0.586167,-0.541256,0.792315,0.519557,0.319838,0.001327,-0.007134,0.00334,-0.149079,0.565184,-0.026018,-0.868994,0.0728,0.02255,-0.056184,0.89866,0.375122,-0.22736,-0.416721,0.891924,-0.17554,0.13694,0.252497,0.957858,0.001126,0.001982,0.009179,-0.033498,0.006101,0.009393,-0.921957
191,0.126608,-0.026811,0.430048,0.859256,0.438821,-0.262985,-0.494299,0.844488,-0.206108,0.13057,0.306554,0.94287,0.002069,0.002879,0.017691,-0.034347,0.00268,0.0086,-1.050515,-0.092541,-0.019782,0.403123,0.002514,0.623381,0.781909,-0.526021,0.665861,-0.529023,-0.850392,-0.410759,0.328595,0.002772,-0.014693,0.006377,4.080909,-1.69191,2.222314,-1.310071,0.049417,0.032066,-0.01018,0.103511,-0.613825,0.782626,0.594181,-0.592854,-0.543572,0.797642,0.521288,0.303356,0.007981,-0.005675,0.003643,-0.17479,0.88552,0.150953,-0.868994,0.072817,0.022592,-0.056003,0.89885,0.374711,-0.227284,-0.41622,0.892259,-0.175025,0.137212,0.251922,0.95797,0.001005,0.001328,0.008778,-0.034213,0.003112,0.00868,-0.923264
192,0.126573,-0.026981,0.430761,0.859502,0.438489,-0.262736,-0.493679,0.845222,-0.204581,0.131291,0.305007,0.943271,-0.012748,-0.012323,0.024782,-0.072792,0.037161,-0.06731,-1.050254,-0.092455,-0.019948,0.403102,-0.021794,0.602754,0.797624,-0.512132,0.678501,-0.526584,-0.858526,-0.420727,0.292892,-0.001133,0.007497,-0.011389,-0.124892,1.083376,0.222769,-1.321482,0.049463,0.031969,-0.010188,0.122824,-0.588758,0.798922,0.578902,-0.611366,-0.539539,0.806093,0.528766,0.265743,0.000204,-0.000934,-0.00066,-0.148295,1.33765,0.336708,-0.869157,0.072806,0.022519,-0.055651,0.89908,0.374295,-0.227061,-0.415533,0.892872,-0.17352,0.137789,0.25036,0.958297,0.000293,-0.002564,0.006435,-0.03589,0.01123,-0.018898,-0.920325
193,0.126575,-0.027588,0.431569,0.860438,0.438151,-0.260221,-0.492705,0.845514,-0.205718,0.128811,0.304682,0.943718,-0.00017,-0.017811,0.02123,-0.071773,0.022559,-0.037724,-1.050537,-0.092527,-0.019659,0.402907,-0.043674,0.576244,0.816104,-0.494134,0.697549,-0.518837,-0.868158,-0.426654,0.253245,-0.000634,0.002782,0.001938,-0.084024,1.363679,0.152637,-1.399057,0.049428,0.032109,-0.010289,0.140661,-0.560596,0.816055,0.563957,-0.632089,-0.531427,0.813735,0.534971,0.227242,-0.001051,0.005894,-0.004195,1.222021,0.314989,0.469821,-0.883037,0.072801,0.02222,-0.055256,0.89995,0.373751,-0.224498,-0.414501,0.893117,-0.17473,0.135198,0.250303,0.958681,-0.000157,-0.009232,0.01042,-0.066155,-0.04143,0.14979,-0.919508
194,0.126568,-0.027978,0.432006,0.863777,0.432591,-0.258455,-0.487328,0.847465,-0.210443,0.126918,0.307198,0.943159,-0.000397,-0.027493,0.031389,-0.530326,-0.290225,1.514405,-1.051239,-0.092541,-0.019408,0.402742,-0.053768,0.565259,0.823154,-0.484111,0.706272,-0.516478,-0.87321,-0.426983,0.234633,0.011158,0.014855,-0.007674,-0.101262,1.252235,0.122473,-1.404713,0.049419,0.032243,-0.010371,0.15103,-0.546981,0.823407,0.555319,-0.642161,-0.528439,0.817807,0.537065,0.206764,0.005545,0.00757,-0.003739,-0.088054,1.310471,0.157248,-0.8832,0.072798,0.02202,-0.055035,0.902188,0.369464,-0.222603,-0.410412,0.894074,-0.179423,0.132734,0.253232,0.958256,-9.2e-05,-0.009795,0.010212,-1.505111,-1.133984,5.17673,-0.919018
195,0.126563,-0.028831,0.432859,0.86408,0.432838,-0.257026,-0.48786,0.845743,-0.216062,0.12278,0.311556,0.942276,-0.000669,-0.028993,0.030508,-0.104129,0.048742,-0.052288,-1.050342,-0.092456,-0.018731,0.402345,-0.064512,0.541045,0.838511,-0.472853,0.723407,-0.503018,-0.878621,-0.429627,0.208107,-0.002692,0.014311,-0.006641,-0.089647,0.962372,0.014772,-1.405206,0.049462,0.032581,-0.01057,0.159369,-0.521181,0.838433,0.54733,-0.660165,-0.514404,0.821602,0.54088,0.180048,-0.001357,0.00723,-0.003268,-0.07537,0.993271,0.017511,-0.877321,0.072795,0.021581,-0.054598,0.903096,0.368068,-0.221229,-0.40942,0.893407,-0.184927,0.129583,0.257582,0.957527,-0.000371,-0.014625,0.015178,-0.11583,0.018319,-0.061016,-0.919998
196,0.126567,-0.02964,0.433534,0.86428,0.433603,-0.255056,-0.4884,0.844571,-0.219398,0.119203,0.313659,0.942038,-0.000844,-0.013065,0.008129,-0.015484,0.112152,-0.019964,-1.046345,-0.092406,-0.017922,0.401879,-0.059634,0.520855,0.851554,-0.457883,0.743794,-0.486874,-0.88686,-0.419606,0.19306,0.009153,0.025991,-0.016513,4.372524,-2.310017,1.680122,-1.405115,0.049483,0.032974,-0.010792,0.156907,-0.502344,0.850311,0.538506,-0.678209,-0.500041,0.827882,0.536358,0.1641,0.004553,0.013126,-0.008168,0.012153,0.978603,0.030534,-0.878628,0.072797,0.02118,-0.054264,0.90329,0.368705,-0.219368,-0.410003,0.892435,-0.188296,0.126346,0.260028,0.957299,-0.000373,-0.010425,0.009717,-0.049944,0.12322,-0.009134,-0.924734
197,0.126521,-0.030127,0.434009,0.863999,0.433596,-0.256019,-0.489155,0.843216,-0.222904,0.11815,0.317289,0.940954,-0.000154,-0.009295,0.0104,-0.035938,0.010991,-0.018947,-1.044228,-0.092224,-0.017254,0.401418,-0.073876,0.508615,0.857814,-0.446724,0.752194,-0.48433,-0.89145,-0.419631,0.170559,0.011511,0.013092,-0.008888,-0.039947,0.769492,0.138042,-1.405324,0.049575,0.033329,-0.011027,0.164856,-0.488263,0.856983,0.525769,-0.691628,-0.495193,0.834498,0.532211,0.142695,0.005794,0.006407,-0.004543,-0.00582,0.848393,0.184338,-0.884669,0.072772,0.020929,-0.054031,0.902992,0.368771,-0.220481,-0.410836,0.891296,-0.191845,0.125767,0.263816,0.956338,-7.7e-05,-0.004596,0.00523,-0.040317,0.010161,-0.020215,-0.927346
198,0.126492,-0.030258,0.434195,0.866639,0.427969,-0.256562,-0.484119,0.845545,-0.225062,0.119534,0.318729,0.940293,0.000128,-0.007752,0.011329,-0.034051,0.010397,-0.018566,-1.046417,-0.092061,-0.016996,0.40119,-0.078703,0.504521,0.8598,-0.442398,0.755255,-0.483537,-0.893186,-0.419068,0.162673,0.011739,0.012079,-0.009589,0.012421,0.245653,0.151959,-1.4053,0.049653,0.033452,-0.011138,0.170153,-0.482438,0.859244,0.522179,-0.695328,-0.493809,0.835689,0.532703,0.133607,0.005908,0.005913,-0.004885,-0.022907,0.297107,-0.052905,-0.887772,0.072757,0.020862,-0.053939,0.905157,0.362945,-0.221268,-0.405565,0.893277,-0.193833,0.127303,0.265188,0.955755,0.000102,-0.003623,0.005817,-0.036274,0.011139,-0.019042,-0.928816
199,0.126367,-0.0304,0.434472,0.866514,0.428333,-0.256378,-0.484306,0.845659,-0.22423,0.119681,0.317939,0.940541,0.000228,0.001241,0.000746,0.0,0.0,0.0,-1.046874,-0.091547,-0.016639,0.400808,-0.07844,0.494241,0.865774,-0.425197,0.768943,-0.477355,-0.901524,-0.406195,0.148741,0.012489,0.008827,-0.011844,1.430964,-0.373335,0.433987,-1.405087,0.049909,0.033633,-0.011327,0.168704,-0.473112,0.864698,0.508199,-0.709927,-0.487581,0.844553,0.521697,0.120667,0.006208,0.00468,-0.005805,4.811123,-2.080225,1.097644,-0.883526,0.072695,0.02079,-0.053795,0.905051,0.363346,-0.221046,-0.405776,0.893382,-0.192906,0.127388,0.264285,0.955994,-0.006534,-0.002662,0.006533,-0.037007,0.025733,-0.048707,-0.930775
200,0.126084,-0.030371,0.434579,0.866374,0.428715,-0.25621,-0.48459,0.845567,-0.223964,0.119545,0.317667,0.940651,-0.013037,0.003218,0.002205,-0.000984,0.014715,-0.029553,-1.047457,-0.090867,-0.016515,0.40061,-0.080655,0.483879,0.871406,-0.417355,0.77756,-0.470265,-0.904983,-0.402229,0.138136,0.0141,-0.000653,-0.001869,-0.038923,0.398719,0.187613,-1.405096,0.050249,0.033695,-0.011432,0.16879,-0.462797,0.870245,0.500368,-0.720452,-0.480187,0.8492,0.516494,0.109964,0.006368,0.00391,-0.006283,0.026528,0.4679,0.46374,-0.884833,0.072559,0.020804,-0.053742,0.904946,0.363714,-0.22087,-0.406058,0.893309,-0.192653,0.127234,0.264027,0.956086,0.00018,0.000996,0.000604,3.3e-05,1.4e-05,-0.000122,-0.935184
201,0.125911,-0.030318,0.434627,0.866482,0.42816,-0.256774,-0.48458,0.844855,-0.22666,0.118808,0.320299,0.939851,-0.013016,0.003322,0.002266,-0.000984,0.014714,-0.029553,-1.048489,-0.090537,-0.016536,0.400525,-0.079833,0.480822,0.873171,-0.403309,0.785517,-0.469296,-0.911401,-0.390234,0.130108,0.027914,-2.5e-05,-0.002856,4.805693,-2.383883,0.838601,-1.40518,0.050404,0.033687,-0.011472,0.171077,-0.458168,0.872246,0.491764,-0.727431,-0.478551,0.853756,0.510808,0.100864,0.007357,-0.001594,-0.001826,-0.047581,0.274184,0.104781,-0.885486,0.072472,0.020832,-0.053717,0.905017,0.363174,-0.221465,-0.406054,0.892711,-0.195412,0.126736,0.266778,0.955388,0.000189,0.001029,0.000626,-0.003602,0.001132,-0.000702,-0.936327
202,0.125475,-0.03018,0.434708,0.866157,0.428952,-0.256548,-0.485253,0.84452,-0.226466,0.118436,0.32012,0.939959,-0.012957,0.003609,0.002437,-0.000984,0.014715,-0.029553,-1.046278,-0.089879,-0.016665,0.400408,-0.091023,0.468841,0.878575,-0.385554,0.796872,-0.465056,-0.917998,-0.381665,0.107123,0.014903,-0.003929,-0.00417,-0.035611,0.731172,0.296804,-1.405205,0.050749,0.033621,-0.011534,0.177001,-0.446719,0.87699,0.47106,-0.743919,-0.47401,0.86416,0.497015,0.078757,0.007462,-0.002016,-0.00213,0.001096,0.828276,0.35465,-0.8832,0.07225,0.020902,-0.053676,0.904746,0.364013,-0.221194,-0.406781,0.892425,-0.195207,0.126341,0.266591,0.955492,-0.006474,0.001841,0.001247,-0.001047,0.014749,-0.02963,-0.937634
203,0.124969,-0.030053,0.434807,0.867622,0.424457,-0.259066,-0.481564,0.846921,-0.225375,0.122664,0.319776,0.939534,-0.013053,0.003072,0.002112,-0.01273,-0.033767,-0.043214,-1.044938,-0.089161,-0.016774,0.40026,-0.098913,0.454003,0.885488,-0.369704,0.80942,-0.45617,-0.923673,-0.373068,0.086669,0.014607,-0.002589,-0.003249,-0.061427,0.615379,0.239786,-1.40575,0.051098,0.033564,-0.011608,0.182842,-0.431233,0.883519,0.457204,-0.758283,-0.464725,0.870363,0.48892,0.058515,0.007298,-0.001274,-0.001621,-0.12628,0.76113,0.282331,-0.888099,0.072001,0.020966,-0.053626,0.905818,0.359476,-0.224209,-0.402951,0.894454,-0.193858,0.130858,0.265946,0.955064,-0.006504,0.001666,0.001141,-0.007603,-0.013534,-0.03836,-0.938287
204,0.124473,-0.029945,0.434943,0.867209,0.425472,-0.25878,-0.482407,0.84655,-0.224967,0.12227,0.319409,0.93971,-0.01298,0.003431,0.002325,-0.000987,0.014704,-0.029556,-1.044132,-0.088552,-0.016706,0.400094,-0.106964,0.438042,0.892563,-0.348902,0.824115,-0.446134,-0.930829,-0.359695,0.063559,0.012411,0.009303,-0.011545,0.097623,0.634605,0.336712,-1.405949,0.051409,0.03359,-0.011691,0.18934,-0.413924,0.890402,0.43888,-0.775508,-0.453839,0.878369,0.47671,0.034828,0.007054,-0.000225,-0.000886,0.40009,0.700005,0.433988,-0.886302,0.071754,0.021019,-0.053559,0.905553,0.36053,-0.223587,-0.403781,0.894142,-0.193569,0.130131,0.265567,0.955269,-0.006457,0.001897,0.001277,-0.000606,0.016206,-0.029296,-0.938287
205,0.124222,-0.029906,0.435044,0.866987,0.426023,-0.258619,-0.482851,0.846376,-0.224665,0.122094,0.319133,0.939827,-0.012927,0.003702,0.002486,-0.000984,0.014714,-0.029553,-1.04227,-0.088219,-0.016635,0.400019,-0.114469,0.426862,0.897038,-0.336661,0.832898,-0.439173,-0.934427,-0.352814,0.047238,0.01378,0.000912,-0.000808,-0.080771,1.171421,0.28099,-1.405787,0.051565,0.033627,-0.011732,0.193804,-0.403438,0.894246,0.42759,-0.785654,-0.447115,0.882952,0.469024,0.020243,0.006146,0.004906,-0.005602,0.414224,0.623612,0.382627,-0.885486,0.071633,0.021037,-0.05351,0.905384,0.36107,-0.223398,-0.404224,0.894002,-0.193292,0.129927,0.265307,0.955369,-0.006401,0.002195,0.001456,0.000704,0.006759,-0.002018,-0.93649
206,0.123737,-0.029812,0.435195,0.86921,0.421637,-0.258343,-0.478428,0.848982,-0.224296,0.123672,0.318042,0.939991,-0.012921,-0.004647,0.013456,-0.036923,0.025865,-0.048408,-1.038952,-0.087602,-0.016502,0.400082,-0.119957,0.410041,0.904139,-0.306931,0.850805,-0.426449,-0.94392,-0.329188,0.022656,0.012965,0.004255,0.001533,0.065059,0.627597,0.090568,-1.405913,0.051884,0.033693,-0.011703,0.199434,-0.383655,0.901684,0.401414,-0.807435,-0.432337,0.893919,0.448172,-0.007026,0.006406,0.00244,0.00098,0.382625,0.536977,0.334715,-0.884506,0.071385,0.021088,-0.053438,0.907222,0.356497,-0.223286,-0.399603,0.896194,-0.192751,0.131392,0.264094,0.955505,-0.006404,0.002156,0.001431,0.000749,0.006602,-0.00217,-0.93747
207,0.123263,-0.029795,0.435455,0.868933,0.422407,-0.258019,-0.478981,0.848852,-0.223608,0.123482,0.317369,0.940243,-0.012858,0.00401,0.002665,-0.000984,0.014715,-0.029553,-1.031583,-0.087004,-0.016284,0.400154,-0.12934,0.390079,0.911648,-0.288094,0.864952,-0.410846,-0.948594,-0.316278,-0.000641,0.012958,0.004262,0.001535,1.460868,-0.161351,0.233249,-1.406012,0.052183,0.033806,-0.011663,0.207344,-0.362121,0.908777,0.386547,-0.823042,-0.416152,0.898659,0.437572,-0.030676,0.013134,0.003635,0.000976,4.968348,-1.604643,0.091714,-0.887772,0.071144,0.021095,-0.053303,0.90699,0.357315,-0.22292,-0.400215,0.896072,-0.192046,0.131132,0.2634,0.955732,-0.006427,0.002043,0.001362,-0.000961,0.014735,-0.029706,-0.936654
208,0.123065,-0.029851,0.435593,0.868866,0.422635,-0.257869,-0.479103,0.848886,-0.223215,0.123479,0.316972,0.940377,-0.013271,0.001869,0.001383,-0.000984,0.014715,-0.029553,-1.029198,-0.086665,-0.016165,0.400199,-0.136094,0.378286,0.915625,-0.281598,0.871352,-0.401724,-0.949591,-0.312996,-0.013213,0.01283,0.004767,0.001887,-0.088227,0.950805,0.187192,-1.406121,0.052352,0.033865,-0.011641,0.210355,-0.351254,0.912343,0.379533,-0.830687,-0.407324,0.900946,0.431948,-0.041427,0.006352,0.002624,0.001105,-0.11654,1.058474,0.216245,-0.880261,0.07105,0.02107,-0.053232,0.906947,0.357521,-0.222767,-0.400323,0.896106,-0.191659,0.131101,0.263004,0.955845,-3.9e-05,-0.004346,0.005391,-0.035911,0.011194,-0.018963,-0.936164
209,0.122599,-0.029962,0.4358,0.871121,0.417762,-0.258202,-0.474711,0.850841,-0.225151,0.124542,0.318193,0.939825,-0.013313,0.00167,0.001263,-0.013561,0.069898,-0.21623,-1.028546,-0.086033,-0.016011,0.400286,-0.143263,0.362455,0.92092,-0.256286,0.885209,-0.388144,-0.955675,-0.292091,-0.035084,0.02656,0.005882,0.00121,0.392356,0.544467,0.335421,-1.40573,0.052657,0.033944,-0.011596,0.216045,-0.334425,0.917324,0.358163,-0.846873,-0.393095,0.908318,0.413478,-0.063184,0.013335,0.002769,0.000342,5.033116,-1.759534,-0.192728,-0.879118,0.070817,0.021011,-0.05313,0.90884,0.352336,-0.22331,-0.395602,0.897807,-0.193496,0.132314,0.264199,0.955348,-0.006695,-0.003495,0.006032,-0.0434,0.02415,-0.036353,-0.937144
210,0.122024,-0.029946,0.435977,0.873073,0.413895,-0.257838,-0.47072,0.853235,-0.224467,0.126002,0.316838,0.940088,-0.013272,0.001878,0.001385,-0.42847,-0.357442,1.529073,-1.026842,-0.085283,-0.015957,0.400343,-0.138806,0.336899,0.931248,-0.238884,0.901208,-0.361515,-0.960832,-0.273075,-0.045785,0.013502,0.002072,-8e-06,-0.173356,-0.549616,2.577807,-1.405813,0.053037,0.033971,-0.011567,0.211126,-0.310453,0.926846,0.342256,-0.864712,-0.367603,0.915579,0.39483,-0.076309,0.006813,0.000806,-0.000178,1.512193,0.106645,0.086421,-0.879117,0.070529,0.02102,-0.053041,0.909795,0.350057,-0.223007,-0.393148,0.89907,-0.192631,0.133067,0.26293,0.955594,-0.006517,-0.00347,0.006173,-1.45801,-1.204979,5.150065,-0.938613
211,0.12177,-0.030025,0.436103,0.875365,0.409139,-0.257656,-0.465949,0.855967,-0.224016,0.127799,0.315649,0.940245,-0.013718,-0.00866,0.011052,-0.165078,-0.085451,0.419321,-1.024997,-0.085054,-0.015892,0.400276,-0.143304,0.326959,0.934106,-0.236453,0.905216,-0.352999,-0.960767,-0.27188,-0.053586,0.013614,0.001635,-0.000316,-0.048568,0.570181,0.042561,-1.40573,0.053152,0.034,-0.011597,0.211856,-0.298606,0.930564,0.34099,-0.869754,-0.356725,0.915883,0.392887,-0.082441,0.000247,-0.000975,-0.000688,-0.026034,0.897497,0.139068,-0.880424,0.070408,0.020987,-0.05298,0.911702,0.34505,-0.22302,-0.388115,0.901385,-0.192013,0.134773,0.261616,0.955715,-0.006616,-0.003954,0.005883,-1.456885,-1.20268,5.150737,-0.939266
212,0.121231,-0.030362,0.436403,0.875158,0.40943,-0.257897,-0.466516,0.85527,-0.225495,0.127155,0.317155,0.939825,-0.014398,-0.012006,0.009047,0.031438,0.012627,-0.061945,-1.016277,-0.084693,-0.015792,0.400144,-0.144143,0.312244,0.938998,-0.219709,0.915137,-0.337914,-0.964607,-0.255418,-0.064489,0.013585,0.001764,-0.000229,1.348178,-1.269843,2.395845,-1.40579,0.053332,0.034053,-0.011668,0.215627,-0.283869,0.934303,0.330771,-0.879011,-0.343408,0.918746,0.383089,-0.095643,0.000217,-0.000846,-0.000595,-0.033327,0.294236,0.099642,-0.882873,0.07014,0.020827,-0.052831,0.912115,0.343794,-0.223273,-0.387125,0.901534,-0.19331,0.13483,0.262755,0.955395,-0.007225,-0.006103,0.004466,0.8238,-0.229285,0.094018,-0.938777
213,0.120733,-0.030756,0.43668,0.87469,0.410284,-0.258128,-0.467598,0.854346,-0.226756,0.126405,0.318538,0.939459,-0.014416,-0.011993,0.00905,-0.036743,0.033469,-0.075562,-1.006199,-0.084173,-0.015844,0.400252,-0.146453,0.302468,0.941836,-0.212099,0.920369,-0.328433,-0.965958,-0.248254,-0.071822,0.01356,0.001882,-0.000149,-0.005958,0.085781,0.075013,-1.404796,0.053598,0.034027,-0.011614,0.213432,-0.273046,0.938025,0.31988,-0.887691,-0.331179,0.923104,0.37074,-0.10212,0.007621,-0.003823,0.00489,-0.059033,0.047166,0.043868,-0.88467,0.069885,0.020622,-0.052692,0.91172,0.344677,-0.223525,-0.388284,0.900704,-0.19485,0.13417,0.26444,0.955023,-0.007147,-0.005658,0.004739,-0.03729,0.026225,-0.048446,-0.93649
214,0.120224,-0.031206,0.436935,0.876425,0.406854,-0.257672,-0.463881,0.856783,-0.225187,0.128057,0.31639,0.939961,-0.014859,-0.01407,0.007794,-0.038648,0.034031,-0.075936,-1.002786,-0.083576,-0.015929,0.400454,-0.14851,0.295698,0.943662,-0.21414,0.921997,-0.322489,-0.965191,-0.250352,-0.074792,0.014922,-0.00635,0.010698,-0.034011,-0.00079,0.011185,-1.321669,0.053891,0.033985,-0.011518,0.214534,-0.266218,0.939735,0.32234,-0.888932,-0.325414,0.921992,0.372727,-0.104894,0.006627,0.001542,0.000338,-0.001755,-0.105218,0.201514,-0.867687,0.06963,0.020399,-0.052563,0.913148,0.3411,-0.223182,-0.3844,0.902757,-0.193042,0.135633,0.262067,0.95547,-0.007402,-0.006872,0.004002,-0.038634,0.034169,-0.076261,-0.93698
