frame,MLTx,MLTy,MLTz,MLTR1,MLTR2,MLTR3,MLTR4,MLTR5,MLTR6,MLTR7,MLTR8,MLTR9,MLTTVx,MLTTVy,MLTTVz,MLTRVx,MLTRVy,MLTRVz,MLGA,MRTx,MRTy,MRTz,MRTR1,MRTR2,MRTR3,MRTR4,MRTR5,MRTR6,MRTR7,MRTR8,MRTR9,MRTTVx,MRTTVy,MRTTVz,MRTRVx,MRTRVy,MRTRVz,MRGA,SLTx,SLTy,SLTz,SLTR1,SLTR2,SLTR3,SLTR4,SLTR5,SLTR6,SLTR7,SLTR8,SLTR9,SLTTVx,SLTTVy,SLTTVz,SLTRVx,SLTRVy,SLTRVz,SLGA,SRTx,SRTy,SRTz,SRTR1,SRTR2,SRTR3,SRTR4,SRTR5,SRTR6,SRTR7,SRTR8,SRTR9,SRTTVx,SRTTVy,SRTTVz,SRTRVx,SRTRVy,SRTRVz,SRGA
117,0.195903,-0.00684,0.35373,-0.527558,-0.058141,-0.847554,-0.251361,-0.942302,0.221036,-0.810851,0.329718,0.483563,0.0,-2e-05,-1.6e-05,0.0,0.0,0.0,-0.421304,-0.269053,-0.026773,0.343405,-0.877068,0.455032,0.153907,-0.269687,-0.731403,0.6263,0.398658,0.507222,0.763977,-0.012154,0.009692,0.009532,0.055129,-0.048905,-0.034266,0.43542,-0.005589,0.030992,0.00025,0.941643,-0.330621,0.063217,0.249036,0.810617,0.529981,-0.226468,-0.48331,0.845649,-0.006283,-0.000563,0.009115,-0.019806,-0.019988,-0.06287,0.405163,0.096596,0.03667,-0.041065,0.656558,0.091509,-0.748703,0.081385,0.978223,0.190931,0.749871,-0.18629,0.634813,1e-06,-3e-06,-2e-06,3.4e-05,-2e-06,-7.6e-05,-0.560759
118,0.195913,-0.00684,0.35373,-0.527453,-0.058022,-0.847627,-0.251438,-0.942312,0.220903,-0.810896,0.329708,0.483495,0.0,-0.0,-0.0,0.0,0.0,0.0,-0.421161,-0.269333,-0.026734,0.343689,-0.879146,0.451178,0.153401,-0.268396,-0.734591,0.623116,0.394928,0.506063,0.766678,-0.013194,-0.003197,0.01614,0.090107,-0.005038,-0.297594,0.432855,-0.005727,0.031019,0.000393,0.942968,-0.327022,0.062171,0.247218,0.813059,0.527083,-0.222917,-0.481653,0.847536,-0.00636,0.003961,0.003893,0.164535,-0.15079,-0.096451,0.403203,0.096602,0.03667,-0.041065,0.656485,0.091373,-0.748784,0.081482,0.978238,0.190812,0.749924,-0.186278,0.634754,-1e-06,8e-06,6e-06,3.5e-05,-9e-06,-7.2e-05,-0.560759
119,0.195934,-0.00684,0.353742,-0.527331,-0.057884,-0.847713,-0.251549,-0.942316,0.22076,-0.810941,0.329721,0.483411,0.013814,0.000505,-0.000197,0.000984,-0.014715,0.029553,-0.421239,-0.269786,-0.026965,0.344098,-0.881172,0.447187,0.15346,-0.266402,-0.737592,0.62042,0.391743,0.505246,0.768848,-0.015454,-0.010341,0.009057,-0.030299,0.024684,-0.048638,0.43879,-0.005951,0.030918,0.000604,0.944654,-0.322218,0.061676,0.244039,0.815812,0.524304,-0.219257,-0.480235,0.849294,-0.007747,-0.005211,0.004497,-0.060598,0.038782,-0.052921,0.40353,0.096607,0.03667,-0.041059,0.656409,0.091235,-0.748867,0.081601,0.978249,0.190707,0.749978,-0.18629,0.634687,-3e-06,2.6e-05,2.2e-05,3.3e-05,-2.7e-05,-6.2e-05,-0.560759
120,0.195955,-0.006832,0.353735,-0.527292,-0.057838,-0.84774,-0.251557,-0.942329,0.220696,-0.810963,0.329693,0.483392,-0.0,0.0,0.0,0.0,0.0,0.0,-0.421003,-0.270115,-0.027516,0.344249,-0.882176,0.444818,0.154574,-0.264274,-0.739132,0.619497,0.390924,0.50509,0.769368,-0.002161,-0.016354,0.003182,-0.035144,0.015817,-0.015596,0.439106,-0.006121,0.030641,0.000679,0.945444,-0.319711,0.062601,0.24156,0.816892,0.52377,-0.218594,-0.480073,0.849555,-0.00853,-0.007659,0.002064,-0.047902,0.050209,-0.068969,0.409245,0.096622,0.036675,-0.041062,0.656372,0.091163,-0.748908,0.081632,0.978262,0.190627,0.750007,-0.186258,0.634662,-2e-06,-1e-06,-0.0,3.5e-05,2e-06,-6.6e-05,-0.560596
121,0.195955,-0.006832,0.353735,-0.527292,-0.057838,-0.84774,-0.251557,-0.942329,0.220696,-0.810963,0.329693,0.483392,-0.0,0.0,0.0,0.0,0.0,0.0,-0.421601,-0.270228,-0.027764,0.344293,-0.880544,0.448063,0.154508,-0.26773,-0.739044,0.618116,0.392251,0.502342,0.77049,-0.001877,-0.01545,0.004075,-0.024125,0.017469,-0.047895,0.432847,-0.00618,0.030505,0.000696,0.944241,-0.323181,0.062942,0.244899,0.817151,0.521812,-0.220073,-0.477302,0.850734,-0.000724,-0.002271,-0.002253,-0.010769,-0.002141,-0.009275,0.407286,0.096622,0.036675,-0.041062,0.656372,0.091163,-0.748908,0.081632,0.978262,0.190627,0.750007,-0.186258,0.634662,-1e-06,-1e-06,-0.0,3.3e-05,-5e-06,-6.7e-05,-0.560269
122,0.195923,-0.006812,0.353752,-0.527297,-0.057845,-0.847737,-0.251553,-0.942328,0.220704,-0.810962,0.329693,0.483394,-3e-06,0.000151,0.00012,0.0,0.0,0.0,-0.421851,-0.270357,-0.027916,0.344506,-0.880942,0.447854,0.152833,-0.270848,-0.741836,0.613396,0.389198,0.498402,0.774586,0.001214,0.003821,0.003797,0.415664,-0.397809,-0.203498,0.423177,-0.00625,0.03041,0.000791,0.943718,-0.324837,0.06225,0.247579,0.818588,0.518283,-0.219314,-0.473701,0.85294,-0.006661,0.003021,0.002952,-0.020811,0.018111,-0.040558,0.395692,0.096606,0.036685,-0.041054,0.656375,0.091172,-0.748904,0.081625,0.978261,0.190635,0.750005,-0.186257,0.634664,-2e-06,7.8e-05,6.3e-05,3.4e-05,-1e-06,-4.7e-05,-0.560432
123,0.195881,-0.006765,0.353791,-0.527264,-0.057812,-0.84776,-0.251575,-0.942332,0.220665,-0.810977,0.32969,0.483372,-3e-05,0.001535,0.001221,0.0,0.0,0.0,-0.421853,-0.270397,-0.027704,0.344904,-0.878646,0.45318,0.15033,-0.279138,-0.742803,0.608489,0.388526,0.492108,0.778935,0.003071,0.009665,0.009574,0.123575,-0.126358,-0.041799,0.419891,-0.006271,0.030513,0.000988,0.94239,-0.329184,0.059482,0.254668,0.821308,0.510487,-0.216897,-0.46593,0.857825,-0.005701,0.001271,0.010907,0.091709,-0.109769,-0.102382,0.388834,0.096585,0.036706,-0.041036,0.656351,0.091134,-0.74893,0.081652,0.978265,0.1906,0.750023,-0.186252,0.634645,-2e-05,0.000984,0.000783,2.7e-05,1e-06,-3.9e-05,-0.560596
124,0.19587,-0.006719,0.353841,-0.527094,-0.057623,-0.847878,-0.25172,-0.94234,0.220464,-0.811042,0.329699,0.483256,-2.5e-05,0.001278,0.001016,0.0,0.0,0.0,-0.422311,-0.270496,-0.027365,0.345601,-0.876257,0.458675,0.147591,-0.287553,-0.743394,0.603832,0.387783,0.486089,0.783074,-0.010155,0.006372,0.02553,0.048595,0.118558,-0.093237,0.416047,-0.006315,0.030685,0.001331,0.940533,-0.33484,0.057262,0.262149,0.822633,0.504531,-0.216043,-0.459517,0.861491,0.002318,0.007326,0.00722,0.130028,0.218249,0.388464,0.381812,0.09658,0.036731,-0.041009,0.656231,0.090918,-0.749061,0.081826,0.978285,0.190426,0.750109,-0.186257,0.634542,-1.4e-05,0.000652,0.000519,2.8e-05,-9e-06,-9e-06,-0.560759
125,0.19588,-0.006698,0.353857,-0.52704,-0.057561,-0.847916,-0.251759,-0.942346,0.220396,-0.811065,0.329694,0.483221,-1.7e-05,0.000888,0.000706,0.0,0.0,0.0,-0.42213,-0.270589,-0.027194,0.346073,-0.877237,0.457045,0.146819,-0.287219,-0.744581,0.602526,0.385804,0.485808,0.784225,0.004838,0.005712,0.024922,-0.021415,-0.020003,0.029915,0.41401,-0.006366,0.030772,0.001569,0.941243,-0.332982,0.056419,0.261239,0.823714,0.503238,-0.214042,-0.458931,0.862303,-0.00474,0.004275,0.013813,-0.072501,0.104095,-0.180737,0.3792,0.096585,0.036742,-0.041001,0.656193,0.090848,-0.749103,0.081876,0.978292,0.190365,0.750136,-0.18625,0.634511,-1.2e-05,0.00063,0.000502,2.2e-05,-7e-06,-7e-06,-0.560759
126,0.1959,-0.006708,0.353822,-0.526864,-0.05736,-0.848039,-0.251847,-0.942381,0.220144,-0.811152,0.329628,0.48312,3.6e-05,-0.00186,-0.001478,-0.000876,0.01351,-0.025441,-0.421263,-0.270899,-0.026897,0.347199,-0.878567,0.455295,0.144283,-0.28989,-0.748232,0.596697,0.380736,0.481834,0.789139,-0.009244,-0.000372,0.038043,0.157219,0.241644,0.141488,0.411235,-0.006515,0.030926,0.00213,0.941929,-0.331505,0.053595,0.262735,0.826908,0.497185,-0.209137,-0.454232,0.865987,-0.004629,0.004567,0.014049,0.433593,0.831194,1.211828,0.373974,0.096595,0.036741,-0.041015,0.656061,0.090601,-0.749249,0.082013,0.97833,0.190115,0.750237,-0.186175,0.634414,7e-06,-0.000386,-0.000308,1.2e-05,-6e-06,-2.5e-05,-0.560269
127,0.195921,-0.00674,0.35377,-0.526727,-0.057202,-0.848135,-0.251906,-0.942412,0.219943,-0.811223,0.329565,0.483043,2.6e-05,-0.001341,-0.001067,0.0,0.0,0.0,-0.421209,-0.271388,-0.026811,0.348562,-0.88152,0.449884,0.14324,-0.287491,-0.751935,0.593192,0.375685,0.481159,0.791966,-0.024088,0.000535,0.038725,0.068436,-0.094157,-0.115125,0.411044,-0.006752,0.030974,0.002817,0.943881,-0.326189,0.051839,0.259719,0.829987,0.493626,-0.204042,-0.452461,0.868127,-0.004871,-0.000931,0.018249,0.092811,-0.13234,-0.101488,0.371852,0.096605,0.036723,-0.041043,0.655974,0.090437,-0.749344,0.082091,0.978357,0.189939,0.750305,-0.18611,0.634353,2e-05,-0.001012,-0.000805,1.6e-05,3e-06,-4.1e-05,-0.560106
128,0.195942,-0.006759,0.353741,-0.52674,-0.057215,-0.848126,-0.251877,-0.942419,0.219945,-0.811223,0.329542,0.483058,3.8e-05,-0.001931,-0.001536,-0.000876,0.013512,-0.02544,-0.42135,-0.271666,-0.026844,0.349291,-0.883471,0.446332,0.142328,-0.286085,-0.754398,0.59074,0.372151,0.480617,0.793961,-0.009967,-0.002734,0.035579,0.346476,-0.367898,-0.237719,0.410877,-0.006886,0.030961,0.003169,0.944743,-0.323764,0.051346,0.25802,0.831045,0.492736,-0.202201,-0.45226,0.868662,-0.00508,-0.001597,0.017578,-0.093951,0.026063,-0.02559,0.371525,0.096616,0.036714,-0.041057,0.655975,0.090434,-0.749344,0.082074,0.978362,0.189921,0.750306,-0.186085,0.634359,6e-06,-0.00037,-0.000295,8e-06,-1.4e-05,-5.4e-05,-0.559779
129,0.195962,-0.006753,0.353693,-0.526635,-0.057091,-0.8482,-0.251871,-0.942465,0.219756,-0.811294,0.329433,0.483014,7e-06,-0.000374,-0.000297,0.0,0.0,0.0,-0.421573,-0.272217,-0.027051,0.350695,-0.883693,0.4462,0.141364,-0.287878,-0.75608,0.58771,0.370231,0.478093,0.796379,-0.010436,-0.004239,0.034048,-0.034425,-0.011358,-0.027948,0.410666,-0.007171,0.030857,0.003886,0.94548,-0.321934,0.049248,0.25856,0.83394,0.487535,-0.198024,-0.448221,0.871712,-0.012527,-0.001224,0.017861,-0.084389,0.026239,-0.068567,0.370708,0.096626,0.036713,-0.041084,0.65591,0.090309,-0.749416,0.082084,0.978395,0.189746,0.750361,-0.185971,0.634327,5e-06,-0.000236,-0.00019,2e-05,-5e-06,-5.6e-05,-0.559779
130,0.195951,-0.006732,0.353697,-0.526613,-0.057067,-0.848214,-0.251865,-0.942476,0.219716,-0.81131,0.329406,0.483006,-9e-06,0.000461,0.000367,0.0,0.0,0.0,-0.421844,-0.272696,-0.02735,0.352151,-0.885876,0.442793,0.138382,-0.289368,-0.76037,0.58141,0.363782,0.474452,0.801512,-0.010296,-0.003839,0.034355,0.20788,-0.240051,-0.160772,0.410549,-0.007407,0.030711,0.004596,0.946353,-0.319778,0.046438,0.25919,0.837027,0.481876,-0.192963,-0.443989,0.875007,-0.005329,-0.002396,0.016731,0.431162,-0.404189,-0.202681,0.370382,0.09662,0.036723,-0.041082,0.655895,0.090282,-0.749432,0.082083,0.978403,0.189705,0.750374,-0.185943,0.63432,-6e-06,0.00027,0.000216,2.9e-05,-1.5e-05,-3.9e-05,-0.559942
131,0.19594,-0.00672,0.35372,-0.526599,-0.057052,-0.848225,-0.251896,-0.942469,0.219712,-0.81131,0.329429,0.48299,-6e-06,0.000306,0.000243,0.0,0.0,0.0,-0.423016,-0.27314,-0.027603,0.353491,-0.885448,0.444608,0.135266,-0.295433,-0.763002,0.574875,0.359917,0.468495,0.806743,-0.010819,-0.005489,0.032719,0.41729,-0.428272,-0.301899,0.40832,-0.007636,0.03058,0.005297,0.945644,-0.322229,0.043863,0.264032,0.839498,0.474899,-0.189849,-0.437504,0.878946,-0.005441,-0.00276,0.016352,0.366772,-0.402552,-0.309865,0.369729,0.096615,0.036731,-0.041069,0.655885,0.090266,-0.749443,0.082115,0.9784,0.189706,0.75038,-0.185966,0.634306,-3e-06,0.000151,0.00012,2.6e-05,-1e-05,-3.3e-05,-0.560432
132,0.19593,-0.006706,0.353731,-0.526587,-0.05704,-0.848233,-0.251904,-0.94247,0.219698,-0.811315,0.329428,0.482983,-2e-05,0.001038,0.000826,0.0,0.0,0.0,-0.423451,-0.273371,-0.027636,0.354071,-0.884752,0.446367,0.134021,-0.298746,-0.763703,0.572226,0.35889,0.465673,0.808832,-0.010666,0.004365,0.023049,0.273328,-0.274745,-0.188067,0.405287,-0.007751,0.030564,0.005587,0.945295,-0.32346,0.042301,0.266668,0.840908,0.470914,-0.187893,-0.433873,0.881163,-0.005366,0.002153,0.011503,0.324236,-0.30473,-0.181874,0.366953,0.09661,0.036736,-0.041065,0.655876,0.090252,-0.749452,0.082125,0.978402,0.189694,0.750386,-0.185965,0.634299,-1.3e-05,0.000675,0.000538,3e-05,-1e-06,-2.9e-05,-0.560596
133,0.195919,-0.0067,0.353737,-0.526588,-0.057043,-0.848231,-0.251903,-0.94247,0.219701,-0.811314,0.329428,0.482983,-1e-06,3.3e-05,2.6e-05,0.0,0.0,0.0,-0.42361,-0.273899,-0.027462,0.355115,-0.888635,0.439454,0.131145,-0.296722,-0.768791,0.566437,0.350866,0.463884,0.813368,-0.009919,0.015966,0.014984,0.132606,-0.123819,-0.076088,0.399787,-0.008013,0.030643,0.006101,0.94806,-0.315801,0.03809,0.262997,0.845572,0.464586,-0.178925,-0.430438,0.884708,-0.00497,0.003318,0.012567,0.094803,-0.127988,-0.084056,0.359278,0.096604,0.036741,-0.041061,0.655877,0.090255,-0.749451,0.082123,0.978402,0.189696,0.750386,-0.185964,0.6343,-1e-06,-3e-06,-1e-06,2.4e-05,-3e-06,-2.6e-05,-0.560759
134,0.195919,-0.006679,0.353753,-0.52655,-0.056999,-0.848259,-0.251931,-0.942474,0.219651,-0.811331,0.329425,0.482958,-9e-06,0.000475,0.000378,0.0,0.0,0.0,-0.423532,-0.274394,-0.027068,0.355909,-0.887329,0.443024,0.12794,-0.304148,-0.770627,0.559967,0.347791,0.4574,0.818346,-0.010468,0.004817,0.023334,0.284072,-0.285913,-0.193721,0.396823,-0.00826,0.030845,0.006497,0.946511,-0.320646,0.036085,0.269484,0.847045,0.458139,-0.177466,-0.42391,0.888147,-0.012131,0.009147,0.008529,0.491412,-0.339566,-0.368603,0.354053,0.096604,0.036751,-0.041053,0.65585,0.090205,-0.749481,0.082158,0.978407,0.189652,0.750406,-0.185959,0.634277,-5e-06,0.000292,0.000233,2.3e-05,-2e-06,-2.2e-05,-0.561085
135,0.195918,-0.006652,0.353775,-0.526497,-0.05694,-0.848295,-0.251969,-0.942479,0.219585,-0.811353,0.32942,0.482925,-2.6e-05,0.001328,0.001056,0.0,0.0,0.0,-0.423213,-0.274831,-0.026646,0.356528,-0.889358,0.439232,0.126917,-0.30272,-0.773547,0.556705,0.34382,0.456133,0.820728,-0.011363,0.002012,0.020658,0.102865,-0.038241,-0.279805,0.392613,-0.008477,0.031061,0.00681,0.948091,-0.316173,0.034002,0.267122,0.849859,0.454296,-0.172533,-0.421631,0.890201,-0.005534,0.006165,0.005736,0.215999,-0.188966,-0.093861,0.349317,0.096604,0.036763,-0.041044,0.655813,0.090138,-0.749522,0.082206,0.978415,0.189593,0.750433,-0.185953,0.634247,-1.4e-05,0.00076,0.000605,0.000899,-0.013516,0.025429,-0.560922
136,0.195918,-0.006645,0.353781,-0.526484,-0.056926,-0.848304,-0.251979,-0.94248,0.219569,-0.811359,0.329419,0.482916,-3e-06,0.000161,0.000128,0.0,0.0,0.0,-0.423166,-0.275007,-0.026455,0.356776,-0.889426,0.438909,0.127558,-0.302102,-0.773743,0.556768,0.344189,0.456112,0.820585,-0.011255,0.01165,0.0108,0.002093,0.000344,-0.004686,0.391798,-0.008565,0.031152,0.006937,0.948416,-0.315141,0.034525,0.266005,0.850295,0.454135,-0.172473,-0.421525,0.890263,-0.005651,0.005783,0.005369,-0.027183,0.099271,-0.181842,0.347031,0.096604,0.036769,-0.041039,0.655804,0.090122,-0.749531,0.082217,0.978416,0.189578,0.75044,-0.185951,0.63424,-1e-06,6.9e-05,5.6e-05,2.5e-05,-1e-06,-2e-06,-0.560922
137,0.195908,-0.006639,0.353799,-0.526482,-0.056925,-0.848305,-0.252001,-0.942472,0.21958,-0.811353,0.329443,0.482909,-2e-06,0.000103,8.2e-05,0.0,0.0,0.0,-0.423438,-0.275199,-0.02618,0.357171,-0.88965,0.437896,0.129466,-0.300262,-0.7744,0.556849,0.345222,0.455971,0.820228,-0.011985,0.009382,0.008667,-0.013381,0.09035,-0.181375,0.39042,-0.008661,0.03129,0.007136,0.948664,-0.314196,0.036278,0.264333,0.850593,0.454554,-0.173677,-0.421629,0.889979,0.001022,0.003128,0.002904,0.001694,-0.01084,0.029039,0.344419,0.096599,0.036772,-0.04103,0.655802,0.090121,-0.749533,0.082237,0.978412,0.189594,0.750439,-0.185976,0.634233,-2e-06,4.2e-05,3.5e-05,8e-06,-4e-06,-1.6e-05,-0.560922
138,0.195907,-0.006631,0.353792,-0.526473,-0.056914,-0.848312,-0.251987,-0.942481,0.219555,-0.811364,0.329418,0.482908,-0.0,0.0,0.0,0.0,0.0,0.0,-0.4231,-0.275209,-0.026095,0.357363,-0.887292,0.44206,0.131479,-0.302904,-0.773351,0.556877,0.348971,0.453727,0.819887,0.00041,0.001248,0.001156,-0.013268,0.087842,-0.177926,0.376041,-0.008669,0.031341,0.007239,0.947131,-0.318465,0.039008,0.267054,0.84988,0.454296,-0.17783,-0.419861,0.889995,0.000119,0.000373,0.000347,-0.013269,0.088828,-0.175749,0.335764,0.096598,0.036775,-0.041033,0.655795,0.090108,-0.74954,0.082227,0.978418,0.189566,0.750446,-0.185949,0.634233,2e-06,-1e-05,-8e-06,1.6e-05,6e-06,-1e-05,-0.560922
139,0.195907,-0.006631,0.353792,-0.526473,-0.056914,-0.848312,-0.251987,-0.942481,0.219555,-0.811364,0.329418,0.482908,-0.0,0.0,0.0,0.0,0.0,0.0,-0.423347,-0.275167,-0.026125,0.357377,-0.887401,0.441584,0.132341,-0.302072,-0.773675,0.556879,0.349415,0.453639,0.819747,-0.000142,-0.000433,-0.000401,0.0,-0.0,-0.0,0.370387,-0.008649,0.031324,0.007245,0.947272,-0.317945,0.03981,0.26623,0.850088,0.454391,-0.178314,-0.419833,0.889912,-0.000166,-0.000496,-0.000461,-0.013213,0.0887,-0.176171,0.32711,0.096598,0.036775,-0.041033,0.655795,0.090108,-0.74954,0.082227,0.978418,0.189566,0.750446,-0.185949,0.634233,3e-06,-7e-06,-7e-06,2.5e-05,2e-05,-3e-06,-0.560922
140,0.195908,-0.006646,0.353793,-0.526405,-0.056839,-0.848359,-0.252057,-0.942479,0.219483,-0.811386,0.329436,0.482859,0.0,-1.5e-05,-1.2e-05,0.0,0.0,0.0,-0.42273,-0.274974,-0.026267,0.35726,-0.887538,0.441008,0.133338,-0.30111,-0.774086,0.556827,0.349899,0.453497,0.819619,0.013107,-0.005977,-0.00551,0.000122,-0.00248,0.003463,0.374403,-0.008558,0.031254,0.007188,0.947439,-0.317331,0.040739,0.265274,0.850358,0.454444,-0.178852,-0.419751,0.889843,-0.000477,-0.001454,-0.001352,2.9e-05,0.000622,0.001183,0.320905,0.096599,0.036767,-0.041033,0.655748,0.090022,-0.749592,0.082308,0.978422,0.189507,0.750478,-0.185967,0.634189,3e-06,-4e-06,-5e-06,1.1e-05,2e-06,-1.9e-05,-0.560759
141,0.195908,-0.006654,0.3538,-0.526325,-0.05675,-0.848414,-0.252136,-0.942478,0.219395,-0.811413,0.329454,0.482801,0.0,-0.0,-0.0,0.0,0.0,0.0,-0.422964,-0.274731,-0.026521,0.357011,-0.887682,0.440415,0.134337,-0.300151,-0.774528,0.556732,0.350359,0.453321,0.81952,0.011974,-0.009469,-0.008765,0.000122,-0.002479,0.003463,0.389572,-0.008436,0.031129,0.007065,0.947616,-0.316681,0.041664,0.264298,0.850659,0.454451,-0.179358,-0.419633,0.889796,0.005972,-0.004787,-0.004435,0.000141,-0.00207,0.004264,0.332499,0.096599,0.036763,-0.04103,0.655692,0.089919,-0.749654,0.082402,0.978429,0.189434,0.750517,-0.185983,0.634138,0.0,2e-06,2e-06,8e-06,-1e-05,-2.2e-05,-0.560596
142,0.195909,-0.006662,0.353806,-0.526335,-0.056761,-0.848408,-0.25215,-0.942469,0.21942,-0.811402,0.329479,0.482801,0.0,-0.0,-0.0,0.0,0.0,0.0,-0.422725,-0.274568,-0.026741,0.356793,-0.885166,0.445229,0.135066,-0.304034,-0.773067,0.556655,0.35337,0.451103,0.81945,0.010837,-0.012979,-0.012047,-0.013139,0.085353,-0.174468,0.392497,-0.008349,0.031018,0.006955,0.945856,-0.321713,0.043073,0.268326,0.849671,0.453938,-0.182636,-0.417803,0.88999,0.005322,-0.006796,-0.006316,-0.013512,0.084999,-0.173624,0.339357,0.096599,0.036759,-0.041026,0.655698,0.089933,-0.749646,0.082412,0.978423,0.189462,0.75051,-0.18601,0.634139,-1e-06,2e-06,0.0,4e-06,-1.9e-05,-2.7e-05,-0.560596
143,0.195909,-0.00667,0.353813,-0.526345,-0.056773,-0.848401,-0.252164,-0.942459,0.219446,-0.811392,0.329505,0.482802,0.0,-0.0,-0.0,0.0,0.0,0.0,-0.42312,-0.274214,-0.0274,0.356121,-0.884347,0.446181,0.137272,-0.30312,-0.772285,0.558236,0.356202,0.451499,0.818005,0.008536,-0.020133,-0.018816,-0.150226,0.155195,0.060484,0.39877,-0.008177,0.030707,0.006636,0.945704,-0.321891,0.045057,0.267386,0.849289,0.455206,-0.184794,-0.418442,0.889244,0.004354,-0.009822,-0.009183,-0.282806,0.256643,0.083052,0.346868,0.096599,0.036755,-0.041023,0.655705,0.089946,-0.749639,0.082423,0.978416,0.18949,0.750503,-0.186037,0.634139,-1e-06,1e-06,1e-06,7e-06,-2.2e-05,-2.2e-05,-0.560432
144,0.19592,-0.006685,0.353814,-0.526263,-0.056681,-0.848458,-0.252245,-0.942458,0.219355,-0.811419,0.329522,0.482743,0.0,-6e-06,-5e-06,0.0,0.0,0.0,-0.422738,-0.273884,-0.028094,0.355116,-0.883471,0.4475,0.138616,-0.303104,-0.771429,0.559427,0.358389,0.451655,0.816963,0.00705,-0.015442,-0.033476,-0.05916,0.095876,0.018198,0.397783,-0.008009,0.030351,0.006132,0.945021,-0.323618,0.046952,0.267769,0.84823,0.456952,-0.187704,-0.419257,0.888251,0.003327,-0.013057,-0.012306,-0.119096,0.134245,0.013507,0.353073,0.096605,0.036748,-0.041023,0.655647,0.08984,-0.749702,0.082518,0.978423,0.189415,0.750543,-0.186053,0.634087,-1e-06,4e-06,3e-06,1.2e-05,-9e-06,-2.4e-05,-0.560596
145,0.19592,-0.006678,0.353819,-0.52625,-0.056666,-0.848467,-0.252254,-0.94246,0.219339,-0.811425,0.329521,0.482734,-1.7e-05,0.000846,0.000672,0.0,0.0,0.0,-0.42244,-0.273565,-0.028799,0.353608,-0.881894,0.450806,0.137945,-0.304812,-0.768266,0.562842,0.360822,0.453748,0.814729,0.004929,-0.022089,-0.04007,0.007755,-0.03382,0.139205,0.397491,-0.007847,0.029993,0.005366,0.943684,-0.327499,0.046942,0.270478,0.845397,0.460592,-0.190528,-0.421956,0.886369,0.002366,-0.011403,-0.02038,0.042752,-0.051673,0.14621,0.350297,0.096605,0.03675,-0.041021,0.655638,0.089823,-0.749712,0.08253,0.978425,0.1894,0.75055,-0.186052,0.63408,-1.2e-05,0.000487,0.000389,3e-06,-1.7e-05,-3.3e-05,-0.560596
146,0.195921,-0.006694,0.353833,-0.526269,-0.05669,-0.848453,-0.252282,-0.94244,0.21939,-0.811404,0.329572,0.482735,-0.0,1.1e-05,8e-06,0.0,0.0,0.0,-0.422864,-0.273365,-0.029129,0.35265,-0.88047,0.454688,0.134252,-0.307825,-0.763457,0.567725,0.361742,0.457961,0.811959,0.018918,-0.016462,-0.053882,-0.093979,0.146294,0.07711,0.398214,-0.007754,0.029832,0.004906,0.942504,-0.331353,0.043469,0.27445,0.84166,0.465064,-0.190687,-0.426396,0.884208,0.002198,-0.007262,-0.026049,-0.1419,0.209969,0.060556,0.35144,0.096605,0.036744,-0.041013,0.655652,0.08985,-0.749697,0.082551,0.978412,0.189456,0.750536,-0.186105,0.634081,-2e-06,2e-06,2e-06,8e-06,-9e-06,-2.9e-05,-0.560596
147,0.195912,-0.006723,0.353901,-0.5263,-0.056731,-0.848432,-0.252406,-0.942376,0.219522,-0.811345,0.329749,0.482712,-2.5e-05,0.001259,0.001001,0.0,0.0,0.0,-0.423623,-0.272847,-0.02971,0.350352,-0.875454,0.46728,0.123375,-0.317913,-0.748879,0.581417,0.36518,0.469188,0.803971,0.018118,-0.009775,-0.067078,-0.294298,0.290749,0.383446,0.398096,-0.007496,0.029536,0.003759,0.938184,-0.344465,0.033967,0.287516,0.830177,0.47764,-0.19273,-0.438348,0.877898,0.009006,-0.009854,-0.028751,-0.531577,0.530566,0.238639,0.352583,0.096601,0.036731,-0.040985,0.655665,0.089883,-0.749682,0.082646,0.978379,0.189584,0.750514,-0.186262,0.634062,-1.9e-05,0.000873,0.000696,0.000883,-0.013508,0.025422,-0.560759
148,0.195904,-0.006712,0.354026,-0.526245,-0.056678,-0.848469,-0.252634,-0.942303,0.219574,-0.81131,0.329967,0.482623,-4.3e-05,0.002214,0.001758,0.0,0.0,0.0,-0.423236,-0.272314,-0.030092,0.347897,-0.86799,0.481491,0.121453,-0.326178,-0.737059,0.59185,0.375582,0.473493,0.796622,0.018793,-0.007938,-0.065773,-0.243801,0.305284,0.195734,0.39816,-0.007226,0.029335,0.0025,0.932139,-0.360443,0.034592,0.298909,0.819871,0.488327,-0.204375,-0.444849,0.871974,0.009411,-0.004026,-0.032949,-0.25433,0.315123,0.19908,0.352093,0.096597,0.036732,-0.040918,0.655632,0.089835,-0.749716,0.082877,0.978336,0.189707,0.750517,-0.186513,0.633984,-3e-05,0.001395,0.001109,1.3e-05,-2e-06,1.3e-05,-0.560759
149,0.195914,-0.006689,0.354096,-0.526165,-0.05659,-0.848524,-0.252777,-0.942276,0.219526,-0.811318,0.330059,0.482548,-5.3e-05,0.002711,0.002151,0.0,0.0,0.0,-0.423231,-0.272008,-0.03024,0.346647,-0.863598,0.489056,0.122531,-0.329469,-0.731201,0.597269,0.38278,0.474808,0.792401,0.018852,-0.007882,-0.06596,-0.346199,0.334269,0.409835,0.399737,-0.00708,0.029264,0.0019,0.929242,-0.367673,0.036386,0.303375,0.815514,0.492849,-0.210881,-0.446937,0.869353,0.00964,-0.003378,-0.03242,-0.351182,0.444962,0.321338,0.352257,0.096602,0.036745,-0.040883,0.655576,0.089736,-0.749777,0.083027,0.978327,0.189685,0.75055,-0.186605,0.633917,-3e-05,0.001425,0.00113,7e-06,-0.0,2.5e-05,-0.560596
150,0.195925,-0.00664,0.354212,-0.526026,-0.056438,-0.848621,-0.253004,-0.942238,0.219429,-0.811337,0.330195,0.482422,-4.1e-05,0.002082,0.001651,0.0,0.0,0.0,-0.423027,-0.27143,-0.03048,0.344057,-0.85619,0.50087,0.126726,-0.333018,-0.722359,0.605995,0.396144,0.476009,0.785079,0.019057,-0.00748,-0.066056,-0.317053,0.371746,0.237284,0.416791,-0.006791,0.029142,0.000603,0.923902,-0.380271,0.042401,0.309433,0.807746,0.501794,-0.225067,-0.450489,0.863947,0.009493,-0.003953,-0.033245,-0.497697,0.498041,0.264701,0.364667,0.096607,0.036771,-0.040824,0.655477,0.089562,-0.749884,0.08327,0.978317,0.189631,0.750609,-0.186742,0.633807,-2.3e-05,0.001154,0.000915,0.000885,-0.013479,0.025496,-0.560596
151,0.195925,-0.006635,0.354242,-0.526006,-0.056418,-0.848634,-0.253061,-0.942222,0.219431,-0.811332,0.330242,0.482398,-0.0,1.4e-05,1.1e-05,0.0,0.0,0.0,-0.423261,-0.270837,-0.030674,0.341553,-0.852096,0.507182,0.129191,-0.335234,-0.718272,0.609622,0.403056,0.475503,0.781861,0.020326,-0.003755,-0.062727,-0.019201,0.078437,0.097997,0.433594,-0.006497,0.029039,-0.000655,0.920483,-0.38802,0.046376,0.313211,0.80352,0.506215,-0.233686,-0.451437,0.861159,0.010044,-0.002361,-0.031864,-0.012168,0.096267,0.088138,0.387201,0.096607,0.036776,-0.040807,0.655463,0.089538,-0.7499,0.083326,0.97831,0.189643,0.750615,-0.18679,0.633785,1e-06,-6.6e-05,-5.3e-05,-1.7e-05,5e-06,3.1e-05,-0.560596
152,0.195915,-0.006649,0.354231,-0.526047,-0.056464,-0.848606,-0.25303,-0.942218,0.219483,-0.811315,0.330246,0.482424,1.3e-05,-0.000657,-0.000521,0.0,0.0,0.0,-0.423651,-0.270231,-0.031112,0.339509,-0.852444,0.506565,0.129315,-0.335799,-0.719905,0.60738,0.401845,0.47369,0.783583,0.006396,-0.00897,-0.048849,0.068044,-0.00772,-0.016548,0.440971,-0.006189,0.028821,-0.001683,0.920675,-0.387587,0.046183,0.313663,0.805068,0.503468,-0.232318,-0.449044,0.862778,0.010354,-0.011084,-0.021242,0.035433,0.001423,-0.033826,0.402713,0.096602,0.036768,-0.040813,0.655491,0.089591,-0.749868,0.083288,0.978304,0.18969,0.750594,-0.186795,0.633809,8e-06,-0.000385,-0.000304,-2.3e-05,1e-05,1.5e-05,-0.560759
153,0.195915,-0.006649,0.354231,-0.526047,-0.056464,-0.848606,-0.25303,-0.942218,0.219483,-0.811315,0.330246,0.482424,0.0,-1e-05,-8e-06,0.0,0.0,0.0,-0.423515,-0.269964,-0.031489,0.338704,-0.852611,0.506113,0.129982,-0.335398,-0.720622,0.606751,0.401826,0.473084,0.783959,0.006276,-0.019018,-0.039558,0.030651,0.021924,-0.057339,0.441165,-0.006054,0.028638,-0.002087,0.920913,-0.386954,0.046741,0.313034,0.805726,0.502807,-0.232223,-0.44841,0.863133,0.010673,-0.010146,-0.020353,0.03458,-0.009903,-0.007782,0.406469,0.096602,0.036766,-0.040814,0.655491,0.089591,-0.749868,0.083288,0.978304,0.18969,0.750594,-0.186796,0.633809,0.0,-6e-06,-4e-06,-1e-05,1.2e-05,2.6e-05,-0.560759
154,0.195936,-0.006641,0.354236,-0.526005,-0.056415,-0.848635,-0.253062,-0.942222,0.219428,-0.811332,0.330242,0.482397,-0.0,2e-05,1.6e-05,0.0,0.0,0.0,-0.423025,-0.269458,-0.03255,0.337512,-0.852854,0.50522,0.131847,-0.333826,-0.721574,0.606486,0.40262,0.472589,0.78385,0.02227,-0.02717,-0.028201,-0.001207,0.00963,-0.017945,0.443778,-0.005811,0.02812,-0.002685,0.921349,-0.385703,0.048458,0.311202,0.806535,0.502647,-0.232955,-0.448033,0.863132,0.003922,-0.012021,-0.01256,-0.001714,0.00942,-0.025271,0.412021,0.096613,0.03677,-0.040811,0.655462,0.089535,-0.749901,0.083328,0.97831,0.189641,0.750616,-0.18679,0.633785,-0.0,7e-06,5e-06,-1.3e-05,-0.0,3.3e-05,-0.560922
155,0.195947,-0.006656,0.354237,-0.525923,-0.056323,-0.848692,-0.253143,-0.942222,0.219337,-0.81136,0.330259,0.482338,0.0,-1.5e-05,-1.2e-05,0.0,0.0,0.0,-0.423476,-0.269181,-0.03351,0.336973,-0.85294,0.504683,0.133345,-0.332335,-0.721819,0.607013,0.403673,0.472789,0.783187,-0.004248,-0.022999,-0.004265,-0.037467,0.029465,-0.040878,0.440218,-0.005663,0.027609,-0.00298,0.921615,-0.384876,0.049951,0.309601,0.806694,0.503379,-0.234033,-0.448457,0.86262,-0.001976,-0.011075,-0.001687,-0.037637,0.028092,-0.043284,0.411205,0.096618,0.036763,-0.040811,0.655404,0.08943,-0.749964,0.083424,0.978317,0.189565,0.750655,-0.186807,0.633733,-0.0,-3e-06,-3e-06,-1.2e-05,4e-06,2.4e-05,-0.560759
156,0.195946,-0.006648,0.354231,-0.525913,-0.056312,-0.848699,-0.253129,-0.942231,0.219312,-0.811371,0.330234,0.482338,0.0,-0.0,-0.0,0.0,0.0,0.0,-0.422998,-0.269175,-0.033878,0.33693,-0.855247,0.500933,0.132705,-0.331022,-0.724939,0.604005,0.399846,0.472009,0.785617,-0.002713,-0.018173,0.000838,0.11879,-0.11966,-0.129795,0.438876,-0.00566,0.02743,-0.003004,0.923086,-0.381484,0.048793,0.307932,0.809126,0.500492,-0.23041,-0.446973,0.864364,-0.001177,-0.008544,0.00099,0.179778,-0.166903,-0.146508,0.408755,0.096618,0.036767,-0.040814,0.655398,0.089417,-0.749971,0.083413,0.978323,0.189537,0.750662,-0.18678,0.633733,0.0,3e-06,3e-06,-1.4e-05,2e-06,2.6e-05,-0.560759
157,0.195946,-0.006641,0.354236,-0.5259,-0.056297,-0.848708,-0.253139,-0.942233,0.219295,-0.811376,0.330233,0.482329,-1e-06,6.3e-05,5e-05,0.0,0.0,0.0,-0.423299,-0.269405,-0.034332,0.337261,-0.857528,0.497019,0.1327,-0.328924,-0.727895,0.601591,0.396673,0.471601,0.787468,-0.014551,-0.016255,0.022806,-0.055168,0.018333,-0.043941,0.438727,-0.005771,0.027201,-0.002848,0.925159,-0.37654,0.04792,0.304725,0.812051,0.497708,-0.226321,-0.445857,0.866019,0.000261,-0.003997,0.005831,-0.054303,0.015601,-0.034912,0.407449,0.096618,0.03677,-0.040812,0.655389,0.0894,-0.749981,0.083425,0.978325,0.189522,0.750669,-0.186778,0.633726,-2e-06,4.2e-05,3.4e-05,-1.1e-05,4e-06,3.2e-05,-0.560596
158,0.195946,-0.006648,0.354231,-0.525823,-0.056211,-0.848761,-0.253195,-0.94224,0.219198,-0.811409,0.330225,0.48228,2e-06,-0.00012,-9.5e-05,0.0,0.0,0.0,-0.423253,-0.269859,-0.034506,0.337976,-0.861953,0.489845,0.130689,-0.326664,-0.733565,0.595909,0.388857,0.470332,0.792112,-0.012761,-0.001013,0.018831,5e-06,-0.016495,-0.039603,0.438964,-0.005996,0.027116,-0.002482,0.928374,-0.368944,0.044732,0.300981,0.816994,0.491862,-0.218015,-0.443169,0.869522,-0.006306,-0.000243,0.009701,-0.050771,0.005784,-0.055043,0.407286,0.096618,0.036767,-0.040814,0.655334,0.089301,-0.75004,0.083496,0.978336,0.189435,0.750709,-0.186769,0.633681,1e-06,-6.3e-05,-5e-05,-1.9e-05,-5e-06,2.2e-05,-0.560596
159,0.195946,-0.006648,0.354231,-0.525823,-0.056211,-0.848761,-0.253195,-0.94224,0.219198,-0.811409,0.330225,0.48228,0.0,-2e-06,-1e-06,0.0,0.0,0.0,-0.423441,-0.270134,-0.034541,0.338416,-0.865227,0.484548,0.12879,-0.325296,-0.737815,0.591394,0.382671,0.469179,0.795799,-0.027401,-0.0079,0.031404,0.299586,-0.310063,-0.276418,0.438984,-0.006127,0.027104,-0.002262,0.930049,-0.364915,0.042937,0.299004,0.819573,0.48877,-0.21355,-0.441743,0.871354,-0.006097,0.000417,0.01039,0.346234,-0.376039,-0.280594,0.407612,0.096618,0.036766,-0.040814,0.655334,0.089301,-0.75004,0.083496,0.978336,0.189435,0.750709,-0.186769,0.633681,0.0,4e-06,2e-06,-1.6e-05,-3e-06,2.5e-05,-0.560596
160,0.195946,-0.006648,0.354231,-0.525823,-0.056211,-0.848761,-0.253195,-0.94224,0.219198,-0.811409,0.330225,0.48228,0.0,-0.0,-0.0,0.0,0.0,0.0,-0.423322,-0.270788,-0.03447,0.339385,-0.86845,0.479122,0.127388,-0.323256,-0.741872,0.587423,0.377047,0.46836,0.79896,-0.025876,0.00637,0.026319,0.231344,-0.238251,-0.175165,0.437315,-0.006463,0.027138,-0.001766,0.932646,-0.358526,0.04037,0.295606,0.823494,0.484225,-0.206852,-0.439677,0.874011,-0.012901,0.003357,0.013351,0.297491,-0.275292,-0.16644,0.406632,0.096618,0.036767,-0.040814,0.655335,0.089301,-0.75004,0.083496,0.978336,0.189435,0.750709,-0.186769,0.633681,-2e-06,3e-06,2e-06,-2.6e-05,-2e-05,1.8e-05,-0.560596
161,0.195936,-0.006648,0.354231,-0.525748,-0.056127,-0.848814,-0.25325,-0.942248,0.219103,-0.811441,0.330218,0.482231,0.0,-0.0,-0.0,0.0,0.0,0.0,-0.42344,-0.271675,-0.034181,0.340559,-0.870628,0.47519,0.127254,-0.32104,-0.74465,0.585119,0.373899,0.467963,0.800671,-0.024402,0.010747,0.030792,0.032291,-0.046076,-0.061719,0.437791,-0.006889,0.027277,-0.001206,0.934517,-0.353746,0.039246,0.292536,0.826225,0.481429,-0.20273,-0.438423,0.875605,-0.012098,0.005757,0.015816,0.04037,-0.062157,-0.080482,0.405653,0.096613,0.036766,-0.040814,0.655281,0.089204,-0.750098,0.083565,0.978347,0.18935,0.750747,-0.18676,0.633638,-2e-06,2e-06,3e-06,-9e-06,-1.4e-05,3.6e-05,-0.560596
162,0.195946,-0.006641,0.354236,-0.52572,-0.056095,-0.848833,-0.25327,-0.94225,0.219067,-0.811452,0.330216,0.482213,-1e-06,6.3e-05,5e-05,0.0,0.0,0.0,-0.423357,-0.272735,-0.033737,0.341857,-0.87182,0.472608,0.128701,-0.318422,-0.746306,0.58444,0.373359,0.467945,0.800934,-0.038263,0.015478,0.035313,-0.025215,0.023025,-0.05927,0.437538,-0.007422,0.0275,-0.000541,0.935617,-0.350703,0.040343,0.289449,0.827536,0.481043,-0.202089,-0.438395,0.875767,-0.011685,0.006903,0.016924,-0.04451,0.007166,-0.008692,0.405489,0.096618,0.03677,-0.040812,0.655262,0.089168,-0.75012,0.083591,0.978351,0.189319,0.750762,-0.186757,0.633622,-1e-06,2.8e-05,2.2e-05,-7e-06,9e-06,3.4e-05,-0.560596
163,0.195946,-0.006641,0.354236,-0.52572,-0.056095,-0.848833,-0.25327,-0.94225,0.219067,-0.811452,0.330216,0.482213,-0.0,1e-06,1e-06,0.0,0.0,0.0,-0.422932,-0.27332,-0.033468,0.342573,-0.872961,0.470377,0.129136,-0.316839,-0.747898,0.583263,0.372034,0.467652,0.80172,-0.022889,0.014976,0.034914,-0.023107,-0.003481,-0.003366,0.435223,-0.007729,0.02764,-0.00017,0.936511,-0.348291,0.040495,0.287486,0.828825,0.480001,-0.200744,-0.437884,0.876332,-0.011422,0.007631,0.017625,-0.050069,0.012109,-0.006583,0.404346,0.096618,0.03677,-0.040812,0.655262,0.089168,-0.75012,0.083591,0.978351,0.189319,0.750762,-0.186757,0.633622,-0.0,-5e-06,-3e-06,-7e-06,1e-05,3.4e-05,-0.560596
164,0.195946,-0.006648,0.354231,-0.525643,-0.056008,-0.848886,-0.253326,-0.942258,0.21897,-0.811485,0.330209,0.482163,2e-06,-8.7e-05,-6.9e-05,0.0,0.0,0.0,-0.423241,-0.274631,-0.032901,0.34416,-0.875218,0.465888,0.130127,-0.313495,-0.750991,0.581091,0.36955,0.467195,0.803134,-0.037152,0.008784,0.047868,-0.064706,0.120715,-0.256454,0.431882,-0.00837,0.027922,0.000607,0.938219,-0.343648,0.040624,0.283776,0.831265,0.477984,-0.198028,-0.436926,0.877428,-0.01821,0.010313,0.020145,-0.04463,0.016695,-0.046332,0.400427,0.096618,0.036767,-0.040814,0.655207,0.089069,-0.750179,0.083662,0.978361,0.189232,0.750801,-0.186747,0.633578,3e-06,-6.2e-05,-5e-05,-1.6e-05,8e-06,2.1e-05,-0.560432
165,0.195946,-0.006648,0.354231,-0.525643,-0.056008,-0.848886,-0.253326,-0.942258,0.21897,-0.811485,0.330209,0.482163,0.0,-0.0,-0.0,0.0,0.0,0.0,-0.422884,-0.275841,-0.032326,0.345968,-0.876695,0.463522,0.128623,-0.314589,-0.754555,0.57586,0.365081,0.463802,0.807135,-0.021047,0.019799,0.039317,0.211944,-0.236065,-0.138226,0.433456,-0.00898,0.028206,0.001515,0.938846,-0.342082,0.039336,0.28406,0.833998,0.473028,-0.194621,-0.432927,0.880168,-0.017939,0.006197,0.025642,0.278268,-0.284194,-0.200699,0.399448,0.096618,0.036767,-0.040814,0.655208,0.089069,-0.750179,0.083662,0.978362,0.189232,0.750801,-0.186747,0.633578,-1e-06,3e-06,3e-06,-1.8e-05,-5e-06,2.1e-05,-0.560596
166,0.195946,-0.006641,0.354236,-0.52563,-0.055994,-0.848895,-0.253336,-0.942259,0.218953,-0.81149,0.330207,0.482155,-9e-06,0.000442,0.00035,0.0,0.0,0.0,-0.422297,-0.276353,-0.0321,0.346924,-0.878745,0.4599,0.127632,-0.313049,-0.757041,0.57343,0.36145,0.463361,0.80902,-0.021261,0.009604,0.048481,0.083122,-0.127472,-0.099806,0.433761,-0.009236,0.028324,0.001991,0.940457,-0.337843,0.037448,0.281753,0.836427,0.470111,-0.190147,-0.431568,0.881811,-0.017725,0.011438,0.021043,0.129188,-0.149227,-0.135249,0.399937,0.096618,0.036769,-0.040812,0.655198,0.089052,-0.750189,0.083674,0.978363,0.189217,0.750808,-0.186746,0.633571,-8e-06,0.000295,0.000234,-1.7e-05,-1.6e-05,2.7e-05,-0.560432
167,0.195946,-0.006641,0.354236,-0.52563,-0.055994,-0.848895,-0.253336,-0.942259,0.218953,-0.81149,0.330207,0.482155,-0.0,0.0,0.0,0.0,0.0,0.0,-0.422154,-0.277164,-0.031711,0.348912,-0.875613,0.466702,0.124425,-0.323302,-0.757511,0.567087,0.360017,0.455729,0.813979,-0.020961,0.010238,0.048806,0.36654,-0.410513,-0.262166,0.43615,-0.009633,0.028516,0.002969,0.93735,-0.346502,0.036209,0.291355,0.836638,0.463842,-0.191016,-0.424232,0.885177,-0.003327,-0.001071,0.028103,-0.091956,-0.022866,-0.020116,0.40157,0.096618,0.03677,-0.040812,0.655198,0.089052,-0.750189,0.083674,0.978363,0.189217,0.750808,-0.186746,0.633571,1e-06,-4e-06,-3e-06,-8e-06,1.6e-05,3.2e-05,-0.560269
168,0.195957,-0.006648,0.35423,-0.525539,-0.05589,-0.848959,-0.253403,-0.942268,0.218836,-0.811529,0.330199,0.482096,0.0,-0.0,-0.0,0.0,0.0,0.0,-0.422686,-0.277538,-0.031536,0.350813,-0.876751,0.465424,0.121155,-0.325682,-0.759746,0.562719,0.355055,0.453316,0.817499,0.007458,-0.006108,0.052167,0.06293,-0.153152,-0.062307,0.438596,-0.009836,0.028613,0.003921,0.938379,-0.344128,0.031923,0.292336,0.839618,0.457799,-0.184345,-0.420257,0.888481,-0.003526,-0.001692,0.027347,0.146792,-0.215647,-0.125098,0.404673,0.096623,0.036767,-0.040815,0.655134,0.088933,-0.750259,0.083759,0.978376,0.189113,0.750854,-0.186735,0.633519,-1e-06,4e-06,2e-06,-1.9e-05,-1.5e-05,2.4e-05,-0.560269
169,0.195946,-0.006648,0.354231,-0.525553,-0.055907,-0.848949,-0.253392,-0.942267,0.218856,-0.811523,0.3302,0.482105,0.0,-0.0,-0.0,0.0,0.0,0.0,-0.422898,-0.277435,-0.031539,0.352651,-0.880431,0.459544,0.116839,-0.324423,-0.763327,0.558583,0.34699,0.453306,0.82096,0.007488,-0.005932,0.052107,0.20148,-0.302204,-0.113524,0.439466,-0.009787,0.028613,0.004856,0.94049,-0.338724,0.027272,0.290149,0.842208,0.45442,-0.176892,-0.419465,0.890369,0.003639,0.001486,0.020765,0.409547,-0.420133,-0.156972,0.406959,0.096618,0.036767,-0.040814,0.655144,0.088953,-0.750248,0.083745,0.978374,0.18913,0.750847,-0.186737,0.633527,-2e-06,2e-06,3e-06,-2.1e-05,-1.8e-05,2.2e-05,-0.560269
170,0.195957,-0.006648,0.35423,-0.525539,-0.05589,-0.848959,-0.253403,-0.942268,0.218836,-0.811529,0.330199,0.482096,0.0,-0.0,-0.0,0.0,0.0,0.0,-0.422796,-0.27723,-0.031561,0.353584,-0.881208,0.45837,0.115587,-0.324126,-0.763662,0.558297,0.345287,0.45393,0.821333,0.007479,0.003447,0.041864,-0.021781,-0.049004,0.022102,0.439227,-0.009687,0.028598,0.005312,0.941371,-0.33644,0.025061,0.289319,0.843267,0.452984,-0.173536,-0.419176,0.891165,0.003648,0.001534,0.020751,-0.046188,-0.040606,0.005639,0.407286,0.096623,0.036767,-0.040815,0.655134,0.088933,-0.750259,0.083759,0.978376,0.189113,0.750854,-0.186735,0.633519,-3e-06,2e-06,2e-06,-2.4e-05,-2.1e-05,2e-05,-0.560269
171,0.195967,-0.00664,0.354236,-0.525511,-0.055858,-0.848978,-0.253423,-0.942271,0.218801,-0.81154,0.330197,0.482078,-0.0,1.7e-05,1.4e-05,0.0,0.0,0.0,-0.42319,-0.276727,-0.031561,0.355055,-0.882929,0.455553,0.11357,-0.323171,-0.764975,0.557052,0.341758,0.454557,0.822461,0.006455,0.009875,0.028702,-0.020717,-0.019973,0.030138,0.441003,-0.009428,0.028605,0.006083,0.942445,-0.333589,0.022699,0.287944,0.844248,0.452031,-0.169956,-0.419479,0.891712,0.003157,0.004804,0.014216,-0.047831,-0.002052,0.027923,0.407939,0.096628,0.036771,-0.040812,0.655115,0.088897,-0.75028,0.083784,0.97838,0.189081,0.750869,-0.186731,0.633503,-1e-06,5e-06,3e-06,-1.6e-05,-3e-06,3e-05,-0.560596
172,0.195967,-0.00664,0.354236,-0.525511,-0.055858,-0.848978,-0.253423,-0.942271,0.218801,-0.81154,0.330197,0.482078,-2.7e-05,0.001374,0.001089,0.000875,-0.013492,0.025451,-0.423527,-0.276239,-0.031381,0.356034,-0.882853,0.455562,0.114121,-0.322425,-0.76443,0.558232,0.34266,0.455464,0.821584,0.004678,0.004664,0.023574,-0.031752,-0.008915,0.036375,0.441815,-0.009185,0.028696,0.006566,0.942394,-0.333681,0.023429,0.287429,0.843613,0.453542,-0.171104,-0.420681,0.890926,0.00938,0.000612,0.010189,-0.043899,0.064823,-0.109382,0.410061,0.096628,0.036767,-0.040815,0.655124,0.088914,-0.75027,0.083773,0.978378,0.189096,0.750862,-0.186733,0.633511,-1e-06,2e-06,2e-06,-1.6e-05,1e-06,2.3e-05,-0.560432
173,0.195967,-0.00664,0.354236,-0.525511,-0.055858,-0.848978,-0.253423,-0.942271,0.218801,-0.81154,0.330197,0.482078,-0.0,2e-05,1.6e-05,0.0,0.0,0.0,-0.423628,-0.275976,-0.031227,0.356283,-0.882677,0.45515,0.117096,-0.321083,-0.76577,0.557167,0.344375,0.453624,0.821885,0.018395,0.00945,0.00914,0.005978,-0.040309,0.080974,0.441735,-0.009059,0.028772,0.006697,0.942526,-0.333084,0.026419,0.285814,0.844665,0.452603,-0.17307,-0.41904,0.89132,0.001752,0.005303,0.005063,-0.012383,0.074243,-0.148891,0.410225,0.096628,0.036771,-0.040812,0.655115,0.088897,-0.750281,0.083784,0.97838,0.189081,0.750869,-0.186731,0.633503,0.0,8e-06,5e-06,-9e-06,9e-06,3.5e-05,-0.560432
174,0.195967,-0.00664,0.354236,-0.525511,-0.055858,-0.848978,-0.253423,-0.942271,0.218801,-0.81154,0.330197,0.482078,-1e-06,6.9e-05,5.5e-05,0.0,0.0,0.0,-0.423451,-0.275395,-0.030949,0.356465,-0.879557,0.459782,0.122358,-0.323669,-0.766524,0.554628,0.349907,0.447641,0.822828,0.016403,0.003553,0.003476,0.033102,0.038823,-0.011816,0.441069,-0.008762,0.028915,0.006792,0.940683,-0.337737,0.032372,0.288077,0.845468,0.44966,-0.179237,-0.413662,0.892612,0.008118,0.001543,0.001505,0.032182,0.038097,-0.009129,0.410061,0.096628,0.03677,-0.040812,0.655115,0.088897,-0.75028,0.083784,0.97838,0.189081,0.750869,-0.186731,0.633503,-1e-06,4.3e-05,3.4e-05,-1.7e-05,-8e-06,3.1e-05,-0.560596
