frame,MLTx,MLTy,MLTz,MLTR1,MLTR2,MLTR3,MLTR4,MLTR5,MLTR6,MLTR7,MLTR8,MLTR9,MLTTVx,MLTTVy,MLTTVz,MLTRVx,MLTRVy,MLTRVz,MLGA,MRTx,MRTy,MRTz,MRTR1,MRTR2,MRTR3,MRTR4,MRTR5,MRTR6,MRTR7,MRTR8,MRTR9,MRTTVx,MRTTVy,MRTTVz,MRTRVx,MRTRVy,MRTRVz,MRGA,SLTx,SLTy,SLTz,SLTR1,SLTR2,SLTR3,SLTR4,SLTR5,SLTR6,SLTR7,SLTR8,SLTR9,SLTTVx,SLTTVy,SLTTVz,SLTRVx,SLTRVy,SLTRVz,SLGA,SRTx,SRTy,SRTz,SRTR1,SRTR2,SRTR3,SRTR4,SRTR5,SRTR6,SRTR7,SRTR8,SRTR9,SRTTVx,SRTTVy,SRTTVz,SRTRVx,SRTRVy,SRTRVz,SRGA
782,0.150914,-0.045697,0.347973,-0.5848,-0.316081,-0.747093,0.050166,-0.933305,0.355524,-0.808915,0.170818,0.562588,0.03126,-0.002263,0.01712,0.073184,0.060118,0.323827,-0.871042,-0.172059,-0.030413,0.337774,-0.770697,0.388422,0.505119,-0.245909,-0.912528,0.326733,0.588808,0.127119,0.798129,-0.015654,3.6e-05,-0.017838,-1.97097,-2.484634,0.202547,0.289013,0.041866,0.028659,-0.012235,0.678176,-0.278368,0.680138,0.190753,0.960442,0.202889,-0.709711,-0.007856,0.704448,-0.00782,-0.000404,-0.009318,-0.01621,0.075474,-0.011891,0.077275,0.077392,0.014311,-0.051115,0.552963,0.372773,-0.745165,-0.165358,0.925644,0.340352,0.816632,-0.064983,0.573488,0.008122,-0.000523,0.009195,0.099178,0.225161,0.139524,-0.853212
783,0.151439,-0.045646,0.348153,-0.584467,-0.309799,-0.749979,0.047959,-0.935833,0.349125,-0.809289,0.168463,0.56276,0.031014,0.00615,0.005968,0.023557,-0.100849,0.277003,-0.880036,-0.172378,-0.030388,0.337393,-0.779237,0.376961,0.500681,-0.231182,-0.915346,0.32959,0.583511,0.140614,0.799753,-0.016515,0.010256,-0.027077,0.061258,0.005922,-0.027235,0.361112,0.041701,0.028667,-0.012429,0.690971,-0.264318,0.672825,0.17067,0.964091,0.203468,-0.702445,-0.025759,0.711271,-0.007825,-0.000412,-0.009335,0.034888,-0.08646,0.093524,0.18521,0.077678,0.014339,-0.051014,0.553647,0.365891,-0.748062,-0.163126,0.928551,0.33344,0.816617,-0.062579,0.573776,0.015481,0.002917,0.002813,-0.016366,-0.149197,0.251877,-0.874767
784,0.152875,-0.045297,0.348475,-0.587176,-0.308119,-0.748554,0.046901,-0.936131,0.348469,-0.807387,0.169882,0.565061,0.031674,0.012589,0.012284,0.003752,-0.053126,0.110997,-0.92072,-0.173039,-0.030184,0.336494,-0.800877,0.354689,0.482476,-0.20106,-0.918112,0.341437,0.56507,0.176003,0.805966,-0.016525,0.010493,-0.026886,-2.606525,-1.887099,-4.478563,0.474224,0.04137,0.028767,-0.01288,0.713204,-0.249356,0.655104,0.144414,0.966807,0.210779,-0.685918,-0.055722,0.725541,-0.008253,0.005048,-0.013623,0.053518,-0.096559,0.128954,0.372668,0.078382,0.014496,-0.050871,0.55621,0.364919,-0.746635,-0.161998,0.928808,0.333275,0.815099,-0.064417,0.575729,0.023338,0.011044,0.00105,0.03756,-0.07946,0.136566,-0.887177
785,0.154549,-0.044572,0.348945,-0.601095,-0.283019,-0.747416,0.001488,-0.935603,0.353011,-0.798449,0.211428,0.563743,0.06178,0.023958,0.003686,-1.251039,0.470497,1.133427,-0.914214,-0.173668,-0.029924,0.335414,-0.816182,0.343923,0.464279,-0.188222,-0.917877,0.349297,0.547302,0.197277,0.813269,-0.031298,0.006017,-0.03007,0.069555,-0.071986,0.11531,0.508773,0.041067,0.028906,-0.013405,0.733191,-0.236242,0.637667,0.124928,0.96855,0.215184,-0.668448,-0.078109,0.739645,-0.0083,0.0028,-0.015852,-0.04632,-0.158787,0.106773,0.465417,0.079191,0.014853,-0.050634,0.57064,0.345251,-0.745097,-0.122371,0.932948,0.338575,0.81203,-0.102026,0.574626,0.023434,0.007404,0.007082,-0.377714,0.080574,0.413757,-0.892892
786,0.156631,-0.043932,0.349231,-0.600328,-0.248532,-0.760187,-0.060454,-0.933682,0.352925,-0.796742,0.25813,0.546441,0.04632,0.022332,0.00205,-0.388191,-0.884459,-0.174969,-0.884037,-0.174714,-0.029917,0.334059,-0.829703,0.316573,0.459745,-0.158136,-0.923087,0.350483,0.536375,0.217703,0.815335,-0.031538,-0.00153,-0.037644,0.034837,-0.017801,-0.032531,0.533373,0.040539,0.028916,-0.014083,0.747111,-0.209817,0.630714,0.095166,0.972862,0.210908,-0.65785,-0.097549,0.746804,-0.023111,-0.001814,-0.019221,-0.051524,-0.126616,0.019674,0.507383,0.080256,0.015185,-0.050479,0.578623,0.305378,-0.756266,-0.055194,0.939793,0.337256,0.813725,-0.153403,0.560641,0.030666,0.005488,0.005023,-0.202693,-0.509226,0.030674,-0.885544
787,0.157635,-0.0436,0.349355,-0.599657,-0.233706,-0.7654,-0.085277,-0.932313,0.351413,-0.794978,0.276283,0.540097,0.046232,0.011442,0.010638,-0.116293,-0.271986,0.020455,-0.88359,-0.175519,-0.02995,0.33328,-0.838582,0.297299,0.456492,-0.136822,-0.925933,0.351939,0.52836,0.232304,0.816537,-0.046356,-0.003553,-0.038528,0.060036,0.06443,-0.126654,0.536107,0.040141,0.028898,-0.014475,0.756362,-0.191144,0.625603,0.073906,0.975203,0.208606,-0.649964,-0.111545,0.751733,-0.030506,-0.002095,-0.018941,0.055503,0.090849,-0.157719,0.514078,0.080758,0.015356,-0.05042,0.577188,0.292217,-0.762536,-0.029779,0.940693,0.337949,0.816067,-0.172353,0.551658,0.023122,0.011203,0.000997,-0.079022,-0.290632,0.060825,-0.890279
788,0.159578,-0.043062,0.349621,-0.589997,-0.196232,-0.783226,-0.138755,-0.930955,0.3377,-0.794686,0.308157,0.523012,0.045876,0.009287,0.008399,-0.126158,-0.340169,0.24517,-0.882087,-0.177518,-0.02988,0.331678,-0.858619,0.27226,0.434325,-0.110098,-0.925352,0.362677,0.501719,0.263247,0.823919,-0.047254,0.008888,-0.045782,0.030447,-0.242106,0.188255,0.535754,0.039142,0.028921,-0.015281,0.779587,-0.169152,0.603018,0.045696,0.975633,0.214597,-0.624624,-0.139741,0.768321,-0.030566,-0.00088,-0.017862,-0.303541,-0.594783,0.354147,0.519629,0.081712,0.015624,-0.050287,0.572845,0.253471,-0.779487,0.023178,0.945594,0.324519,0.819335,-0.203966,0.535805,0.022931,0.010132,-0.000119,-0.441059,-0.445491,0.667501,-0.900403
789,0.161294,-0.042521,0.349772,-0.585189,-0.148082,-0.79729,-0.197189,-0.927696,0.316968,-0.785856,0.342882,0.514674,0.045657,0.019748,-0.000803,-1.192389,0.148407,1.57184,-0.883471,-0.179441,-0.029574,0.330018,-0.868574,0.255175,0.424802,-0.093059,-0.925856,0.36615,0.487824,0.278181,0.827349,-0.047318,0.010339,-0.044548,0.111914,-0.052252,0.091415,0.535989,0.038181,0.029072,-0.016113,0.790724,-0.153757,0.592548,0.028286,0.976086,0.215534,-0.611518,-0.153667,0.776164,-0.031018,0.004625,-0.022194,0.109202,-0.014877,0.036319,0.520283,0.082588,0.01589,-0.050209,0.573591,0.206184,-0.792767,0.080177,0.949024,0.304834,0.815208,-0.238412,0.52782,0.022757,0.004125,0.003619,-4.109932,1.136839,3.863664,-0.899913
790,0.162048,-0.042296,0.349847,-0.583363,-0.132055,-0.801432,-0.217602,-0.925223,0.310779,-0.781822,0.35585,0.512008,0.045513,0.007149,0.006168,-0.103393,-0.178602,0.551225,-0.889487,-0.180471,-0.029457,0.329175,-0.871366,0.244002,0.425647,-0.081997,-0.92767,0.364195,0.484814,0.282144,0.827776,-0.062201,0.008583,-0.045268,0.095793,0.070825,-0.137852,0.536061,0.037648,0.029137,-0.016548,0.793285,-0.142564,0.591924,0.017772,0.977207,0.211541,-0.608591,-0.157293,0.777737,-0.031074,0.004246,-0.022646,0.094634,0.074886,-0.135519,0.520936,0.082982,0.016014,-0.050168,0.573869,0.188553,-0.796945,0.102678,0.948889,0.29844,0.812484,-0.253094,0.525177,0.022751,0.003444,0.00293,-0.101554,-0.176815,0.549324,-0.901056
791,0.163333,-0.042236,0.350126,-0.582541,-0.089513,-0.807885,-0.260054,-0.921154,0.289514,-0.769382,0.378855,0.514342,0.045203,-0.007779,0.010875,0.207834,0.182921,0.821338,-0.897303,-0.182889,-0.029437,0.327468,-0.880553,0.222878,0.418261,-0.060427,-0.927999,0.36756,0.471168,0.298107,0.830058,-0.062606,0.004347,-0.049931,0.063612,0.028889,-0.123476,0.53615,0.036462,0.02915,-0.017378,0.80349,-0.122828,0.582508,-0.003981,0.977353,0.211576,-0.595304,-0.172318,0.784805,-0.038285,-0.002976,-0.019785,-0.049089,-0.094108,-0.045051,0.521426,0.083608,0.01605,-0.050029,0.577561,0.147337,-0.80294,0.145369,0.949295,0.278758,0.803299,-0.277722,0.526858,0.015091,0.001557,0.001214,0.373307,0.504864,0.760125,-0.908241
792,0.164653,-0.042216,0.350004,-0.5958,-0.037152,-0.802302,-0.308594,-0.911663,0.271315,-0.740772,0.409276,0.532706,0.029603,0.008346,-0.011697,0.396558,0.686073,0.628437,-0.894151,-0.185298,-0.029528,0.325676,-0.891538,0.191007,0.410692,-0.028039,-0.928143,0.371077,0.453175,0.319079,0.832277,-0.047473,-0.00829,-0.044749,0.044941,0.057938,-0.151565,0.53579,0.035253,0.029109,-0.018277,0.815415,-0.092295,0.57147,-0.036494,0.977047,0.209869,-0.577724,-0.191986,0.793331,-0.031443,0.001325,-0.026,0.043802,0.022264,-0.160908,0.521915,0.084273,0.016053,-0.050083,0.596495,0.097282,-0.796699,0.195029,0.945308,0.261448,0.77856,-0.311332,0.544898,0.014783,0.003853,-0.00618,0.141328,0.185279,0.42795,-0.906772
793,0.165691,-0.041501,0.349234,-0.621074,0.005855,-0.783759,-0.351461,-0.89588,0.271748,-0.699795,0.444225,0.559445,0.014448,0.030694,-0.028214,-0.986804,2.231653,-1.439104,-0.897285,-0.187367,-0.029697,0.323743,-0.894766,0.166238,0.414428,-0.00318,-0.93034,0.366595,0.447619,0.326494,0.832407,-0.048534,0.00031,-0.056093,0.096047,0.068376,-0.134389,0.534403,0.034218,0.029021,-0.019239,0.817808,-0.067128,0.571561,-0.060384,0.977682,0.201224,-0.572313,-0.199076,0.795503,-0.02391,-0.005377,-0.023837,0.05839,0.083005,-0.150159,0.521916,0.084803,0.016407,-0.050479,0.626537,0.05644,-0.777344,0.239592,0.935131,0.261007,0.74165,-0.349776,0.572373,0.007242,0.015359,-0.014121,-0.913289,2.346664,-1.387444,-0.911344
794,0.166007,-0.040957,0.348716,-0.625476,0.029647,-0.779709,-0.375442,-0.88743,0.267366,-0.683237,0.459925,0.567171,0.014399,0.030309,-0.028583,-0.162741,0.453063,0.321202,-0.900651,-0.188263,-0.02982,0.322719,-0.895063,0.158755,0.416713,0.004235,-0.93129,0.364165,0.447013,0.327521,0.83233,-0.033107,-0.009903,-0.048197,0.060013,0.062749,-0.126448,0.534441,0.033783,0.02896,-0.019736,0.81773,-0.05947,0.572521,-0.067243,0.977967,0.197628,-0.57166,-0.200104,0.795714,-0.01651,-0.00484,-0.023936,0.041781,0.05078,-0.15867,0.521916,0.084955,0.016667,-0.050727,0.634927,0.032903,-0.77187,0.264058,0.929681,0.256839,0.726044,-0.366892,0.581591,0.007215,0.015137,-0.014319,-1.094859,0.768256,0.995416,-0.91118
795,0.166724,-0.039632,0.347477,-0.631814,0.090626,-0.769833,-0.433436,-0.864671,0.253868,-0.641865,0.493954,0.586554,0.014253,0.041572,-0.036875,-0.1197,0.519577,0.410166,-0.908066,-0.189575,-0.030043,0.320887,-0.89759,0.140074,0.417975,0.022879,-0.931966,0.361732,0.44133,0.334078,0.832756,-0.018047,-0.005045,-0.044503,0.062978,0.031983,-0.07105,0.534752,0.033115,0.02884,-0.020667,0.81995,-0.040754,0.570981,-0.085262,0.97764,0.19222,-0.566048,-0.206294,0.798142,-0.016417,-0.00218,-0.021319,0.035627,0.025979,-0.124311,0.521752,0.085303,0.017312,-0.051335,0.64805,-0.025425,-0.761172,0.323324,0.914091,0.24474,0.689559,-0.40471,0.600597,0.007131,0.020912,-0.018254,-4.278429,2.06016,3.690337,-0.918202
796,0.167698,-0.038015,0.346125,-0.631163,0.18419,-0.753494,-0.523843,-0.817623,0.23886,-0.571299,0.545239,0.613481,0.029113,0.042486,-0.036304,-3.716806,2.106708,3.73584,-0.920099,-0.190401,-0.030298,0.319657,-0.908584,0.100899,0.405322,0.058904,-0.929603,0.363734,0.414625,0.354235,0.838133,-0.016811,-0.006344,-0.025944,-0.052528,-0.208845,0.005785,0.528518,0.032688,0.028703,-0.021314,0.832651,-0.003523,0.553785,-0.121168,0.974592,0.188383,-0.540378,-0.223959,0.811068,-0.008355,-0.002876,-0.01264,-0.397845,-0.711858,0.270989,0.522242,0.085806,0.018149,-0.052034,0.658146,-0.11797,-0.743589,0.419021,0.877945,0.231588,0.62551,-0.463998,0.627248,0.014607,0.021208,-0.018117,-3.66764,2.186295,3.761776,-0.928163
797,0.168096,-0.037031,0.345283,-0.632696,0.220861,-0.742267,-0.549816,-0.803085,0.229625,-0.544608,0.553115,0.63047,0.014007,0.052627,-0.045334,-0.676853,1.231311,1.387834,-0.929991,-0.190646,-0.030374,0.319197,-0.913438,0.090275,0.396828,0.067205,-0.928103,0.36612,0.402491,0.360987,0.841161,-0.001615,-0.002575,-0.023,-1.118034,-2.060983,1.425489,0.523869,0.032559,0.028663,-0.021554,0.838399,0.006032,0.545022,-0.129981,0.973302,0.189175,-0.529331,-0.229447,0.8168,-0.000767,-0.000925,-0.01111,-1.146661,-2.01895,1.440802,0.522079,0.086,0.018623,-0.052436,0.663805,-0.153783,-0.731924,0.446705,0.866421,0.223089,0.599847,-0.475041,0.64383,0.007089,0.026354,-0.02256,-3.412798,2.480743,3.761051,-0.932408
798,0.168279,-0.034649,0.343412,-0.633716,0.299458,-0.713284,-0.59841,-0.774075,0.206603,-0.489484,0.557388,0.670634,-0.000724,0.067709,-0.049544,-0.611382,1.420901,1.146203,-0.962659,-0.190981,-0.030339,0.318434,-0.915107,0.074424,0.396272,0.08257,-0.927256,0.365117,0.395764,0.366752,0.841859,-0.001242,0.002538,-0.017531,0.034652,0.002745,-0.007258,0.514193,0.032393,0.028682,-0.021926,0.840284,0.021107,0.541734,-0.144847,0.971658,0.186814,-0.522437,-0.235446,0.819526,-0.000581,0.001562,-0.008444,0.033891,0.00586,-0.005134,0.514731,0.086097,0.019802,-0.053377,0.674025,-0.232182,-0.701271,0.498833,0.843243,0.200265,0.544844,-0.484801,0.684187,0.007096,0.039501,-0.028996,-3.32081,2.301694,4.153233,-0.950207
799,0.168557,-0.031595,0.34137,-0.618532,0.405334,-0.673178,-0.672836,-0.715694,0.187206,-0.405145,0.568224,0.716245,0.014089,0.082145,-0.05502,-0.382032,1.564309,1.412681,-1.011143,-0.191195,-0.030027,0.317948,-0.915925,0.057264,0.397233,0.099609,-0.926224,0.363485,0.389887,0.372426,0.842111,-0.000637,0.010535,-0.008884,-2.158924,-2.020297,-4.636208,0.511784,0.032285,0.028836,-0.022178,0.840753,0.036568,0.54018,-0.159734,0.970059,0.182945,-0.517317,-0.240097,0.821422,-0.000377,0.005688,-0.003935,-2.164,-2.024274,-4.631303,0.508852,0.086225,0.021297,-0.054378,0.671865,-0.334199,-0.660989,0.576794,0.79593,0.183859,0.464656,-0.504783,0.727521,-0.000271,0.041471,-0.02698,0.33322,1.175568,0.448572,-0.978456
800,0.168991,-0.028763,0.339515,-0.600925,0.485959,-0.634648,-0.721182,-0.671988,0.168226,-0.343984,0.558181,0.755074,-0.00051,0.071899,-0.045367,0.708763,1.498015,0.148418,-1.054224,-0.191295,-0.029259,0.317811,-0.915977,0.042295,0.398983,0.115699,-0.924196,0.36388,0.385275,0.379419,0.841111,-0.000563,0.030358,-0.007729,-0.156683,-0.184595,-0.336353,0.51114,0.032236,0.029201,-0.022244,0.840414,0.051435,0.539497,-0.17571,0.967571,0.181469,-0.512668,-0.247304,0.822198,-2.8e-05,0.010305,0.001043,-2.197334,-2.012043,-4.579538,0.50624,0.086453,0.022747,-0.055323,0.661567,-0.419644,-0.621471,0.63481,0.754571,0.166248,0.39918,-0.504501,0.765593,0.007107,0.0358,-0.02301,0.295487,1.177408,0.265147,-1.017156
801,0.169072,-0.027335,0.338667,-0.593764,0.520776,-0.613419,-0.741429,-0.650275,0.16552,-0.31196,0.552436,0.772996,-0.00033,0.074799,-0.042563,0.574184,1.321619,-0.145,-1.059369,-0.191286,-0.028793,0.317782,-0.91551,0.038473,0.400441,0.120754,-0.923088,0.365048,0.384832,0.382516,0.83991,-0.000487,0.03138,-0.006642,-0.000834,0.126401,-0.070107,0.509865,0.03224,0.029458,-0.022256,0.839745,0.057072,0.539971,-0.182509,0.966268,0.181703,-0.511387,-0.251134,0.821835,-0.000214,0.015986,-0.003001,0.017765,0.112695,-0.077079,0.50575,0.086493,0.023456,-0.055752,0.658291,-0.455634,-0.599207,0.657736,0.735294,0.163477,0.366108,-0.501736,0.783725,-0.000164,0.036976,-0.021699,0.370169,1.410238,0.301189,-1.028586
802,0.169145,-0.024036,0.336731,-0.566773,0.582689,-0.582485,-0.784036,-0.598655,0.163931,-0.252488,0.548873,0.796879,-0.000651,0.09655,-0.059665,0.305002,1.039033,0.016676,-1.076165,-0.191186,-0.027801,0.317781,-0.913348,0.040475,0.405152,0.124,-0.919986,0.37173,0.388922,0.389711,0.834703,0.015775,0.01182,0.011639,-0.110921,0.075854,0.156258,0.50993,0.032285,0.029944,-0.022259,0.836818,0.055878,0.544621,-0.186863,0.964191,0.188192,-0.514603,-0.259252,0.817294,0.000149,0.011415,0.002161,-0.12359,0.217285,-0.000176,0.504117,0.08653,0.025102,-0.056709,0.638443,-0.519431,-0.567962,0.706061,0.689007,0.163547,0.306378,-0.505431,0.806641,-0.000193,0.043197,-0.025198,-0.765914,0.704666,0.686185,-1.031689
803,0.169589,-0.020408,0.334407,-0.528786,0.639812,-0.557737,-0.828597,-0.531513,0.175763,-0.183337,0.554283,0.811902,0.01361,0.093321,-0.062895,-3.357394,1.82156,3.709951,-1.099444,-0.191114,-0.027199,0.318165,-0.912704,0.039443,0.406702,0.12766,-0.917835,0.375786,0.389249,0.394855,0.832129,0.000967,0.012932,0.01381,-0.009254,-0.015631,0.058288,0.516313,0.032327,0.030255,-0.022064,0.835927,0.056883,0.545884,-0.19092,0.962634,0.192051,-0.514563,-0.264761,0.815552,0.00047,0.006332,0.006762,0.008378,0.070878,-0.152493,0.507383,0.086747,0.026924,-0.057864,0.609797,-0.578395,-0.541854,0.754952,0.631999,0.174996,0.241234,-0.515786,0.822052,0.006817,0.046313,-0.031776,-1.602463,2.093729,-1.498672,-1.033158
804,0.169915,-0.01866,0.333084,-0.508143,0.669578,-0.541757,-0.84933,-0.493972,0.186015,-0.142436,0.553818,0.820381,0.027663,0.08744,-0.068706,-1.168959,0.954817,0.922941,-1.077101,-0.191093,-0.027018,0.318479,-0.912797,0.039635,0.406475,0.127485,-0.917749,0.376057,0.389089,0.395037,0.832117,0.000947,0.012686,0.013513,-0.008734,0.0705,-0.122075,0.520905,0.032338,0.030352,-0.021899,0.836171,0.056799,0.545519,-0.19071,0.962668,0.192088,-0.514244,-0.264655,0.815788,0.000469,0.006362,0.006774,-0.002743,0.065327,-0.124725,0.512118,0.086905,0.027808,-0.058516,0.590558,-0.612477,-0.525463,0.782298,0.594347,0.186442,0.198116,-0.521173,0.830137,0.006687,0.043645,-0.034283,-4.589644,3.043153,3.165784,-1.026464
805,0.170556,-0.01517,0.330029,-0.466438,0.713711,-0.522587,-0.880249,-0.432782,0.194507,-0.086771,0.549844,0.830765,0.012325,0.102838,-0.091148,0.344451,-0.020417,0.03061,-1.034825,-0.191104,-0.026603,0.318968,-0.911961,0.041052,0.408206,0.127771,-0.916933,0.377945,0.390954,0.39678,0.830412,0.000753,0.010121,0.010731,-0.100472,0.090636,0.092597,0.523931,0.032333,0.030565,-0.02165,0.835099,0.055764,0.547266,-0.191347,0.96217,0.193944,-0.515748,-0.26668,0.814177,0.000365,0.004992,0.005293,-0.110694,0.100496,0.098263,0.519629,0.087231,0.029547,-0.060035,0.553508,-0.661762,-0.505667,0.820899,0.53596,0.197156,0.140547,-0.524229,0.839898,0.013489,0.045623,-0.04183,0.297265,0.06137,-0.108759,-1.012911
806,0.171424,-0.011814,0.326666,-0.431262,0.743325,-0.511396,-0.900346,-0.391221,0.190512,-0.057926,0.541668,0.83861,0.026425,0.072325,-0.082574,-0.353067,0.575722,1.734731,-1.036407,-0.191057,-0.0263,0.319317,-0.911678,0.040504,0.408893,0.128542,-0.916923,0.377709,0.391362,0.396861,0.830181,0.000489,0.006598,0.006973,-0.010314,0.084657,-0.147126,0.523833,0.032356,0.030719,-0.021472,0.834699,0.056316,0.547818,-0.191991,0.962105,0.193628,-0.516154,-0.266798,0.813881,0.000224,0.003105,0.00328,-0.008589,0.083075,-0.14798,0.521589,0.087659,0.03124,-0.061716,0.523947,-0.692962,-0.495259,0.84436,0.499001,0.195072,0.111957,-0.520385,0.84656,0.01324,0.041401,-0.045809,-2.153906,1.650772,4.878497,-1.018299
807,0.17187,-0.010306,0.324883,-0.410406,0.764555,-0.497058,-0.91137,-0.362683,0.194521,-0.031049,0.531884,0.846264,0.025952,0.079339,-0.094644,-2.641593,2.036396,4.533761,-1.028804,-0.191034,-0.02623,0.319495,-0.911606,0.040373,0.409067,0.128797,-0.916852,0.377794,0.391446,0.397038,0.830057,0.001066,-0.004716,0.015006,-0.046687,0.096177,-0.164848,0.524287,0.032368,0.030754,-0.021391,0.834666,0.056381,0.547862,-0.192133,0.962061,0.193708,-0.516156,-0.266943,0.813832,0.000206,0.002872,0.003028,0.000213,-0.000229,-0.000163,0.522079,0.087883,0.031992,-0.062603,0.508235,-0.714004,-0.481553,0.856826,0.475604,0.199119,0.086857,-0.513807,0.853497,0.013002,0.038838,-0.048115,-0.999894,2.265389,-1.051198,-1.020749
808,0.173162,-0.007153,0.320845,-0.361422,0.804208,-0.471878,-0.932355,-0.306063,0.192384,0.010735,0.508489,0.861017,0.039682,0.085996,-0.107373,0.50459,0.46092,0.197263,-1.026295,-0.191143,-0.02604,0.319854,-0.911583,0.040323,0.409124,0.128966,-0.916748,0.377988,0.391445,0.397283,0.82994,-0.014225,0.007787,0.009232,-0.012337,0.099774,-0.176424,0.524908,0.032313,0.030842,-0.021211,0.834573,0.05654,0.547987,-0.192452,0.961969,0.193846,-0.516187,-0.26724,0.813715,-0.007116,0.003924,0.004647,-0.012341,0.099752,-0.176471,0.522405,0.088537,0.033591,-0.064664,0.459783,-0.762712,-0.454828,0.887173,0.417021,0.197526,0.039018,-0.49433,0.868397,0.019893,0.042652,-0.054006,0.553709,0.492407,0.211872,-1.010951
809,0.174994,-0.003775,0.316488,-0.289395,0.842796,-0.453861,-0.956419,-0.235221,0.17293,0.039341,0.483078,0.874708,0.053311,0.09319,-0.119635,0.379301,0.623736,0.552854,-1.034189,-0.191437,-0.025623,0.320106,-0.912519,0.040616,0.407003,0.128214,-0.916357,0.379191,0.389502,0.398154,0.830436,0.000571,0.007625,0.007998,-0.010285,0.084623,-0.147148,0.525716,0.032166,0.031052,-0.021084,0.835843,0.055928,0.546111,-0.191897,0.961805,0.195206,-0.514335,-0.267959,0.814651,0.000282,0.003807,0.003997,-0.009816,0.085454,-0.14773,0.522405,0.089433,0.035246,-0.066796,0.393005,-0.808994,-0.437121,0.919505,0.349645,0.179606,0.007537,-0.472521,0.881286,0.026848,0.040873,-0.055924,-0.222422,1.103196,1.562842,-1.018625
810,0.176726,-0.000448,0.312031,-0.217973,0.88294,-0.415873,-0.973641,-0.167353,0.154882,0.067418,0.437573,0.896667,0.039086,0.082969,-0.110133,0.729203,1.097154,0.297934,-1.029694,-0.191681,-0.025342,0.320283,-0.911483,0.041618,0.409216,0.128937,-0.915671,0.380598,0.391687,0.399623,0.828702,0.000341,0.004512,0.004723,-0.13919,0.131351,0.118784,0.525261,0.032044,0.031195,-0.020992,0.834546,0.055519,0.548133,-0.192909,0.961373,0.196333,-0.51606,-0.269589,0.81302,0.000157,0.002114,0.002216,-0.175449,0.164856,0.136652,0.522405,0.090304,0.036906,-0.069036,0.326814,-0.856143,-0.400264,0.944716,0.284059,0.163771,-0.026513,-0.431658,0.901647,0.026634,0.047258,-0.059102,0.025834,1.22505,-0.237062,-1.015686
811,0.177512,0.001318,0.309899,-0.215566,0.894539,-0.391634,-0.973825,-0.167276,0.153807,0.072337,0.413425,0.907675,0.038915,0.099477,-0.112778,-0.992181,2.69974,-0.998402,-1.031651,-0.191743,-0.025296,0.320352,-0.911357,0.041366,0.409523,0.129289,-0.915666,0.380492,0.391865,0.399663,0.828598,0.000183,0.002423,0.002535,-0.002059,0.002131,0.001372,0.523552,0.032013,0.03122,-0.020956,0.834246,0.055476,0.548594,-0.193173,0.961276,0.196549,-0.516447,-0.269943,0.812657,8e-05,0.001083,0.001135,0.011269,-0.009941,-0.004884,0.522569,0.090697,0.037773,-0.070109,0.323771,-0.867802,-0.376949,0.945599,0.283384,0.159801,-0.031854,-0.408182,0.912344,0.019666,0.043905,-0.05263,0.733722,1.132972,0.059905,-1.01585
812,0.179324,0.004639,0.306014,-0.224262,0.911754,-0.344176,-0.971594,-0.181739,0.151483,0.075837,0.367237,0.927045,0.039265,0.079375,-0.094385,0.588378,0.767626,-0.209225,-1.006365,-0.191878,-0.025174,0.320489,-0.910844,0.043419,0.41045,0.128684,-0.914861,0.382626,0.393257,0.401279,0.827156,-0.014463,0.004027,0.00523,-0.020346,0.021588,0.009037,0.519437,0.031945,0.031275,-0.020893,0.833556,0.05351,0.549836,-0.192934,0.960823,0.198983,-0.517649,-0.271946,0.811224,-0.007235,0.001995,0.002598,0.004448,-0.00069,-0.002373,0.519466,0.091603,0.039444,-0.072056,0.334477,-0.883865,-0.326965,0.941407,0.297425,0.159026,-0.04331,-0.360998,0.931559,0.026666,0.04552,-0.051175,0.69542,0.873505,-0.120741,-1.012094
813,0.181512,0.00795,0.301978,-0.21538,0.92091,-0.324933,-0.974186,-0.179529,0.136757,0.067867,0.344854,0.936214,0.066875,0.087818,-0.106006,0.580763,0.118603,-0.079021,-0.984769,-0.191888,-0.025047,0.320668,-0.910797,0.043329,0.410564,0.128839,-0.914832,0.382645,0.393315,0.401357,0.827091,0.000333,0.00438,0.004569,0.001737,-0.014339,0.024936,0.517077,0.031941,0.031339,-0.020804,0.833581,0.053772,0.549773,-0.193049,0.960853,0.198728,-0.517566,-0.271789,0.811329,0.000163,0.002185,0.002279,0.002459,-0.0151,0.024421,0.515221,0.092712,0.041136,-0.074103,0.32612,-0.894033,-0.307165,0.944573,0.295198,0.143662,-0.037764,-0.336991,0.940749,0.033507,0.043704,-0.053214,0.55742,0.068015,-0.089248,-0.982865
814,0.182626,0.009782,0.299924,-0.208433,0.922868,-0.323906,-0.976101,-0.17541,0.128181,0.061731,0.341734,0.937782,0.052656,0.092497,-0.100642,0.343912,0.206494,-0.255949,-1.045795,-0.191814,-0.02497,0.320758,-0.910745,0.043239,0.410688,0.128977,-0.914823,0.382618,0.39339,0.401386,0.827041,0.015071,0.004122,0.003272,0.002044,-0.015205,0.029245,0.516942,0.031972,0.031377,-0.020759,0.833502,0.053904,0.54988,-0.193202,0.960836,0.198665,-0.517636,-0.271825,0.811273,0.000182,0.00245,0.002551,0.001769,-0.014455,0.024757,0.514567,0.093248,0.042008,-0.075101,0.319227,-0.896694,-0.306648,0.947125,0.290828,0.135545,-0.032361,-0.333704,0.942122,0.026251,0.052137,-0.053962,0.355214,0.295598,-0.414523,-0.990866
815,0.184885,0.014328,0.296392,-0.239452,0.916903,-0.319368,-0.969521,-0.208172,0.129092,0.052172,0.339405,0.939206,0.052119,0.129585,-0.081466,0.640734,-0.396843,-1.96313,-1.28662,-0.191721,-0.024718,0.320822,-0.91011,0.045078,0.411898,0.128545,-0.914157,0.384353,0.395003,0.402697,0.825634,-0.000366,0.013991,-0.005263,0.027501,-0.002435,0.023585,0.517469,0.032024,0.031501,-0.020722,0.832611,0.052112,0.5514,-0.193084,0.960418,0.200788,-0.519111,-0.273645,0.809717,0.007503,0.001715,0.00127,0.015879,-0.039088,0.050661,0.514894,0.094378,0.04424,-0.076903,0.347397,-0.88798,-0.30134,0.937413,0.320677,0.135726,-0.023889,-0.329631,0.943806,0.033116,0.065715,-0.040189,1.754014,-1.063875,-5.647382,-1.06451
816,0.186835,0.02064,0.293824,-0.38129,0.871931,-0.307244,-0.923649,-0.345266,0.166242,0.039339,0.346086,0.937392,0.037137,0.178737,-0.049144,0.043171,-0.360083,-1.294134,-1.737599,-0.191749,-0.024323,0.320729,-0.908624,0.051419,0.414428,0.126183,-0.912053,0.390091,0.399174,0.406678,0.821667,0.000232,0.003077,0.003198,-0.054756,-0.030283,0.216449,0.517267,0.03201,0.031701,-0.020773,0.830666,0.046255,0.554845,-0.191787,0.959325,0.207152,-0.522696,-0.278486,0.80575,-0.000162,0.007258,-0.002361,-0.009997,0.02809,0.081201,0.514894,0.095359,0.047351,-0.078225,0.484175,-0.825828,-0.289106,0.874911,0.453101,0.170963,-0.010192,-0.335718,0.941906,0.018483,0.096362,-0.027055,0.302612,-0.692355,-2.499533,-1.037241
817,0.187828,0.029259,0.292737,-0.452003,0.831404,-0.323274,-0.891021,-0.403483,0.207977,0.043034,0.381014,0.923582,0.021693,0.250129,-0.01477,0.874455,-2.866468,-0.503883,-1.883983,-0.19175,-0.023763,0.320552,-0.906577,0.059847,0.417765,0.123071,-0.909232,0.397599,0.404773,0.411797,0.816361,-0.000307,0.014773,-0.004454,-0.078181,0.093518,0.120006,0.514082,0.032009,0.031975,-0.02086,0.828212,0.038382,0.559097,-0.189839,0.957882,0.215456,-0.52728,-0.284581,0.800617,-0.000476,0.012494,-0.00682,-0.042066,0.098272,0.116791,0.512118,0.095871,0.051713,-0.078803,0.550209,-0.777643,-0.304206,0.834966,0.507993,0.211598,-0.010013,-0.370425,0.928808,0.010971,0.127316,-0.005211,0.784649,-2.949078,-0.536213,-1.057489
818,0.188387,0.034349,0.292632,-0.484128,0.80417,-0.344929,-0.874254,-0.428025,0.229012,0.037123,0.411424,0.910702,0.034526,0.264242,-0.002221,1.030144,-3.639624,-2.120076,-1.863925,-0.19177,-0.02339,0.32042,-0.906089,0.066771,0.417774,0.119769,-0.906443,0.404907,0.406857,0.416837,0.812759,-0.000229,0.015811,-0.00338,-0.352614,0.374624,0.30267,0.510933,0.031999,0.03216,-0.020928,0.828362,0.032826,0.559229,-0.187731,0.956823,0.221914,-0.527799,-0.28881,0.798759,-0.007782,0.013187,-0.00559,-0.339913,0.421928,0.288712,0.509179,0.096138,0.054172,-0.078842,0.57702,-0.749886,-0.3236,0.816725,0.528493,0.231633,-0.002678,-0.397949,0.917402,0.010644,0.13323,6.7e-05,1.019813,-2.261175,-6.677629,-1.080839
819,0.189676,0.043911,0.29293,-0.586256,0.703815,-0.40124,-0.809989,-0.519167,0.272682,-0.015669,0.483983,0.874952,0.034127,0.225263,0.013118,-0.718445,-1.829945,-2.111399,-1.710506,-0.191845,-0.022458,0.32013,-0.906099,0.102172,0.410532,0.088679,-0.90282,0.420697,0.414753,0.417473,0.80843,-0.000104,0.017471,-0.00167,-0.317856,0.314292,0.290364,0.508289,0.031961,0.032625,-0.021074,0.82957,-0.003743,0.558389,-0.159475,0.956742,0.243337,-0.535145,-0.290914,0.793087,-0.000343,0.014213,-0.005041,-0.463815,0.351209,0.58478,0.5033,0.096784,0.059022,-0.078646,0.668187,-0.637982,-0.382759,0.741458,0.613457,0.271863,0.061363,-0.465455,0.882941,0.010566,0.113194,0.007348,0.695616,-3.589378,-2.265451,-1.029729
820,0.190359,0.052222,0.293527,-0.679947,0.562386,-0.470573,-0.725388,-0.609822,0.31922,-0.1066,0.557699,0.823186,0.007404,0.214505,0.020234,2.411995,-5.35445,-5.086377,-1.844325,-0.192116,-0.021342,0.319881,-0.891677,0.18751,0.412001,0.011883,-0.900018,0.435615,0.453605,0.39309,0.799742,-0.000553,0.030179,-0.008284,-0.205713,0.670487,0.782941,0.516353,0.031832,0.033168,-0.021193,0.816178,-0.085894,0.571379,-0.087585,0.959069,0.269283,-0.571122,-0.269828,0.775249,-0.007673,0.015148,-0.003502,2.17032,2.580778,4.63093,0.508036,0.097137,0.063182,-0.078349,0.744763,-0.491256,-0.451656,0.648785,0.691465,0.317731,0.156218,-0.529662,0.833697,0.010226,0.107197,0.009794,-0.279686,-3.086282,-0.666443,-1.026953
821,0.190561,0.056757,0.29407,-0.69719,0.505601,-0.50827,-0.700993,-0.629363,0.335385,-0.149454,0.58949,0.793846,0.00641,0.244634,0.028874,0.260444,-3.786584,-0.277568,-1.90884,-0.192382,-0.020715,0.319687,-0.884169,0.213483,0.415526,-0.007203,-0.895461,0.445007,0.468193,0.390202,0.792717,-0.015836,0.040375,-0.016463,-0.412627,0.491329,0.397046,0.519572,0.031699,0.033491,-0.021286,0.807615,-0.113454,0.578693,-0.068662,0.956553,0.283358,-0.585699,-0.268578,0.764736,-0.007626,0.014555,-0.004195,-0.645974,0.600451,0.67528,0.512118,0.097238,0.065414,-0.078102,0.759108,-0.428163,-0.490336,0.617518,0.711977,0.334303,0.205972,-0.556564,0.804866,0.003529,0.116457,0.017795,0.581649,-4.366481,-1.331838,-1.070225
822,0.190889,0.066329,0.295593,-0.700616,0.41378,-0.58135,-0.675017,-0.64848,0.351847,-0.230541,0.638414,0.734374,0.006117,0.237508,0.036443,-0.01555,-3.491246,1.227606,-1.898891,-0.19314,-0.019312,0.319219,-0.86736,0.260469,0.424069,-0.035384,-0.882086,0.469688,0.497488,0.392057,0.773732,-0.01512,0.030226,-0.007257,-0.625286,0.579502,0.669279,0.528872,0.031319,0.034195,-0.021526,0.790025,-0.158539,0.592219,-0.044794,0.948476,0.313665,-0.611435,-0.274331,0.742219,-0.015139,0.02068,-0.007229,-0.669951,0.759934,0.543434,0.521099,0.097404,0.07032,-0.077305,0.752467,-0.335431,-0.566813,0.588507,0.728826,0.349959,0.295721,-0.596906,0.745822,0.003072,0.118912,0.018358,-0.019344,-3.459105,1.215729,-1.076431
823,0.191298,0.074759,0.296518,-0.730244,0.33313,-0.596501,-0.623617,-0.681642,0.382672,-0.278217,0.651016,0.706258,-0.005971,0.202242,0.021669,-0.718407,0.630898,-1.794075,-1.913934,-0.194154,-0.01789,0.318655,-0.84875,0.307068,0.430494,-0.059763,-0.864468,0.499056,0.526452,0.39746,0.75149,-0.030434,0.038165,-0.017769,-0.754408,0.72846,0.759662,0.531544,0.030818,0.034908,-0.021799,0.771138,-0.20366,0.603215,-0.025244,0.93693,0.348601,-0.636166,-0.284047,0.717362,-0.007949,0.018617,-0.00984,-0.421775,0.411143,0.554823,0.522732,0.09761,0.074489,-0.076824,0.771033,-0.252584,-0.584558,0.534162,0.756276,0.377777,0.346667,-0.603528,0.718035,0.003169,0.100348,0.009929,0.258369,-1.581306,-1.4761,-1.060265
824,0.190691,0.083192,0.297609,-0.773836,0.252686,-0.580838,-0.552587,-0.717562,0.42394,-0.308705,0.648706,0.695635,-0.030044,0.219083,0.034363,-0.535062,-0.794351,-0.740863,-1.914863,-0.195339,-0.016671,0.317982,-0.82793,0.360617,0.42951,-0.091572,-0.842368,0.531004,0.554327,0.399848,0.729867,-0.030635,0.034486,-0.021546,-0.695764,0.571636,0.863866,0.531184,0.030238,0.035512,-0.022128,0.751004,-0.256954,0.608249,0.001032,0.92163,0.388067,-0.660296,-0.290812,0.692413,-0.015301,0.017281,-0.010721,-0.470778,0.457392,0.546645,0.523059,0.097323,0.078575,-0.076331,0.805829,-0.169303,-0.567428,0.458286,0.785137,0.416573,0.374982,-0.595731,0.710276,-0.015277,0.116458,0.014856,-0.458456,-0.276522,-1.029648,-1.038547
825,0.190274,0.087364,0.298298,-0.783859,0.218387,-0.581307,-0.527224,-0.728669,0.437092,-0.327155,0.648822,0.687042,-0.017817,0.222356,0.035223,-0.425159,-0.761449,-0.886081,-1.914941,-0.195927,-0.016195,0.317699,-0.817819,0.388063,0.424935,-0.112755,-0.832027,0.543095,0.565332,0.395751,0.723632,-0.030089,0.023133,-0.01359,1.966335,3.245599,4.616878,0.5307,0.029932,0.035761,-0.022279,0.743147,-0.281965,0.606817,0.015245,0.913777,0.405928,-0.668954,-0.292413,0.683369,-0.015035,0.011525,-0.006823,-0.479671,0.336937,0.673712,0.523222,0.097096,0.080831,-0.075956,0.811641,-0.132604,-0.568906,0.431217,0.792989,0.43037,0.394068,-0.594628,0.700804,-0.008897,0.111539,0.017884,-0.346405,-0.713316,-0.839909,-1.037731
826,0.190369,0.09504,0.299373,-0.778374,0.177081,-0.602347,-0.517384,-0.724419,0.455525,-0.354724,0.66599,0.656243,0.006309,0.185165,0.019188,-0.479248,-0.638456,-0.706389,-1.913982,-0.197152,-0.015423,0.31735,-0.795814,0.436313,0.419883,-0.150614,-0.814111,0.560778,0.587498,0.382485,0.713032,-0.029877,0.024772,-0.011945,1.889607,3.375374,4.582428,0.529343,0.029319,0.036142,-0.022459,0.723619,-0.33011,0.606137,0.050524,0.901184,0.430479,-0.688347,-0.280878,0.668793,-0.014652,0.007078,-0.001603,-0.020642,-0.014845,0.179922,0.523222,0.097141,0.084642,-0.075393,0.801344,-0.0927,-0.590976,0.422152,0.787584,0.448885,0.423832,-0.609194,0.670259,0.008976,0.09254,0.009329,-0.496937,-1.015198,-0.466419,-1.035934
827,0.190638,0.102447,0.299861,-0.778646,0.13882,-0.611951,-0.506272,-0.715173,0.481858,-0.369796,0.684836,0.627915,-0.006567,0.210106,0.00773,-0.336227,-0.537966,-0.670847,-1.915135,-0.198449,-0.014962,0.317362,-0.790133,0.449165,0.41705,-0.163308,-0.80997,0.563217,0.59176,0.376342,0.712776,-0.029214,0.014816,-0.002602,0.043285,-0.084908,0.128584,0.52569,0.028681,0.036374,-0.022459,0.715139,-0.349453,0.605357,0.067395,0.896494,0.437899,-0.695724,-0.272361,0.66467,-0.014367,0.001781,0.002747,0.012082,0.015042,-0.069464,0.523059,0.09728,0.08831,-0.075164,0.797281,-0.054309,-0.601158,0.411819,0.777082,0.475969,0.4413,-0.62705,0.641919,-0.003249,0.104501,0.003427,-0.52921,-0.83832,-0.672331,-1.031036
828,0.190461,0.106795,0.300041,-0.786767,0.123154,-0.604876,-0.494121,-0.712992,0.497452,-0.369034,0.690106,0.622571,-0.007231,0.232551,0.009197,-0.449659,1.390573,-2.290461,-1.915027,-0.199033,-0.014867,0.317452,-0.78719,0.452791,0.418692,-0.166719,-0.809755,0.562525,0.594725,0.37244,0.712358,-0.028787,0.002937,0.004801,-0.015722,0.133727,-0.228024,0.520649,0.028379,0.03643,-0.022412,0.712182,-0.352884,0.606851,0.071073,0.896271,0.437773,-0.698387,-0.268644,0.663389,-0.014371,0.001706,0.002662,-0.003044,0.026094,-0.062726,0.522895,0.097192,0.090457,-0.075088,0.801819,-0.038003,-0.596355,0.401106,0.773972,0.489979,0.442942,-0.632077,0.635829,-0.003581,0.116212,0.00452,-0.190837,-0.669156,-0.448073,-1.025484
829,0.190288,0.116515,0.300762,-0.805219,0.100898,-0.584369,-0.462719,-0.723239,0.512628,-0.369919,0.683048,0.629787,0.003705,0.242058,0.028387,0.281264,0.45883,-0.725236,-1.915164,-0.199916,-0.014731,0.317617,-0.775445,0.468368,0.423447,-0.181881,-0.807777,0.560669,0.605616,0.357161,0.711006,-0.014168,0.003686,0.004642,-0.011959,0.103551,-0.174215,0.514935,0.027932,0.036495,-0.022332,0.699916,-0.367727,0.612285,0.086247,0.894515,0.438638,-0.708998,-0.254202,0.657801,-0.01438,0.001566,0.002498,-0.003413,0.027042,-0.061836,0.515057,0.097102,0.095295,-0.074748,0.818416,-0.012031,-0.574498,0.367036,0.780198,0.506532,0.442128,-0.625416,0.642943,0.001883,0.121595,0.014586,0.399381,1.72035,-2.204051,-1.023361
830,0.190986,0.125211,0.302113,-0.815911,0.06731,-0.574286,-0.435817,-0.724343,0.534194,-0.379013,0.686052,0.621055,0.025139,0.216534,0.035476,-0.290043,-0.314958,-0.615505,-1.914564,-0.200183,-0.014537,0.317803,-0.769435,0.47605,0.425837,-0.189482,-0.806692,0.559712,0.610929,0.349374,0.710329,0.000471,0.004763,0.004836,0.001679,-0.014972,0.024565,0.513889,0.027793,0.036591,-0.022239,0.693624,-0.374915,0.615079,0.093733,0.893595,0.438979,-0.714211,-0.246833,0.654961,0.000209,0.002143,0.002183,-0.01216,0.101568,-0.171574,0.510975,0.097452,0.099762,-0.074042,0.825401,0.021468,-0.564138,0.339991,0.778836,0.527086,0.450686,-0.626859,0.635553,0.012593,0.108368,0.017803,-0.37092,-0.360286,-0.650306,-1.023851
831,0.192006,0.133618,0.303556,-0.818314,0.060523,-0.571616,-0.436706,-0.71211,0.549689,-0.372771,0.699369,0.609878,0.012891,0.22141,0.036861,-0.159176,-0.040739,-0.630858,-1.915583,-0.199937,-0.014377,0.317966,-0.769049,0.4749,0.427814,-0.187876,-0.807569,0.558989,0.611911,0.348916,0.709708,0.014884,0.003761,0.002921,-0.009548,0.088115,-0.140288,0.51353,0.02791,0.036674,-0.022154,0.693,-0.373499,0.616642,0.092283,0.894256,0.437939,-0.715006,-0.246586,0.654187,0.000228,0.002345,0.002376,0.000635,-0.015699,0.023475,0.509995,0.097957,0.103875,-0.073339,0.826743,0.028439,-0.56186,0.34243,0.766964,0.542685,0.44636,-0.641059,0.624343,0.006477,0.110768,0.01847,-0.311597,-0.293671,-0.604578,-1.020259
832,0.192124,0.13804,0.304315,-0.821975,0.058886,-0.566512,-0.430871,-0.714822,0.550773,-0.371504,0.696739,0.613649,0.001728,0.234751,0.044439,0.226313,0.131614,-0.171752,-1.91606,-0.199636,-0.014325,0.318029,-0.768012,0.473647,0.431054,-0.186193,-0.809007,0.557471,0.613727,0.347288,0.708938,0.014783,0.002794,0.001935,-0.009558,0.088106,-0.140293,0.513682,0.028061,0.036702,-0.02212,0.691448,-0.371728,0.619449,0.090821,0.895382,0.435937,-0.716694,-0.245169,0.652871,0.007417,0.001666,0.001234,0.000343,-0.018291,0.030779,0.509995,0.098021,0.106063,-0.072974,0.830118,0.03199,-0.556668,0.33571,0.768448,0.54478,0.445198,-0.639111,0.627163,0.000589,0.124708,0.020414,0.331041,0.281532,-0.230616,-1.013074
833,0.192163,0.148452,0.306498,-0.843165,0.060718,-0.534258,-0.405858,-0.72366,0.558183,-0.351684,0.687395,0.635479,0.009832,0.269725,0.061214,0.263059,0.428014,-0.342104,-1.916296,-0.198949,-0.014314,0.318143,-0.766987,0.472639,0.433976,-0.184689,-0.8102,0.556237,0.615461,0.345881,0.708122,0.0147,0.002037,0.001157,0.002045,-0.015205,0.029245,0.515099,0.028394,0.036707,-0.022063,0.689929,-0.370123,0.622098,0.089354,0.896371,0.434206,-0.71834,-0.243984,0.651504,0.007314,0.000649,0.000195,0.00125,-0.016239,0.029231,0.511138,0.098035,0.111135,-0.071923,0.850635,0.032436,-0.524755,0.310321,0.774717,0.55092,0.424406,-0.631475,0.648936,0.004944,0.135889,0.031318,0.206081,2.291551,-2.020898,-1.009318
834,0.192945,0.158254,0.308945,-0.853138,0.086572,-0.514496,-0.413968,-0.712565,0.566439,-0.316516,0.696126,0.644401,0.029293,0.227401,0.067063,-0.203089,-0.298942,-0.17768,-1.915576,-0.198386,-0.014313,0.318211,-0.767007,0.472958,0.433592,-0.184955,-0.809927,0.556547,0.615356,0.346085,0.708114,0.014657,0.001649,0.000755,0.002045,-0.015205,0.029245,0.511765,0.028686,0.036707,-0.02203,0.690046,-0.370529,0.621726,0.08959,0.896138,0.434636,-0.718198,-0.244218,0.651572,0.007345,0.001008,0.000554,0.001651,-0.015499,0.028837,0.509832,0.098421,0.116199,-0.070652,0.86396,0.006555,-0.503516,0.319687,0.765423,0.558502,0.389064,-0.643492,0.6592,0.014379,0.119949,0.031255,-0.473026,-0.219818,-0.371143,-1.009971
835,0.193391,0.162633,0.310091,-0.850499,0.095733,-0.517235,-0.425247,-0.703953,0.568847,-0.308597,0.703635,0.640072,0.018525,0.228691,0.054413,-0.104283,-0.24606,-0.221938,-1.915985,-0.198118,-0.014273,0.318278,-0.766962,0.472932,0.4337,-0.184848,-0.809932,0.556575,0.615445,0.346107,0.708026,0.014849,0.003771,0.002894,0.003733,-0.030162,0.053819,0.510014,0.028825,0.036724,-0.022,0.689994,-0.370497,0.621803,0.089485,0.896138,0.434658,-0.718261,-0.244269,0.651485,0.007427,0.001926,0.001478,0.003415,-0.030394,0.053478,0.508199,0.098654,0.118494,-0.070042,0.862327,-0.002074,-0.506345,0.331862,0.75759,0.562071,0.382436,-0.652726,0.653979,0.00929,0.113792,0.026911,-0.140005,-0.262765,-0.241276,-1.008012
836,0.19349,0.171185,0.312339,-0.854459,0.085692,-0.512447,-0.416306,-0.703089,0.576478,-0.309837,0.705803,0.637079,-0.009967,0.223488,0.059593,0.073897,0.124865,-0.239804,-1.91711,-0.197701,-0.014209,0.318433,-0.766687,0.472257,0.434921,-0.183768,-0.810387,0.55627,0.616111,0.345966,0.707515,0.014859,0.004001,0.003116,-0.007932,0.07303,-0.115788,0.510482,0.029028,0.036755,-0.021923,0.689561,-0.369692,0.622761,0.088516,0.896473,0.434166,-0.718797,-0.24426,0.650897,0.000409,-0.003779,0.00589,-0.036577,0.01239,-0.017399,0.507056,0.098708,0.12266,-0.068954,0.864909,0.00931,-0.50184,0.322757,0.755387,0.570278,0.384393,-0.655212,0.650337,-0.005002,0.112071,0.030001,0.128109,-0.014068,-0.097186,-1.001317
