frame,MLTx,MLTy,MLTz,MLTR1,MLTR2,MLTR3,MLTR4,MLTR5,MLTR6,MLTR7,MLTR8,MLTR9,MLTTVx,MLTTVy,MLTTVz,MLTRVx,MLTRVy,MLTRVz,MLGA,MRTx,MRTy,MRTz,MRTR1,MRTR2,MRTR3,MRTR4,MRTR5,MRTR6,MRTR7,MRTR8,MRTR9,MRTTVx,MRTTVy,MRTTVz,MRTRVx,MRTRVy,MRTRVz,MRGA,SLTx,SLTy,SLTz,SLTR1,SLTR2,SLTR3,SLTR4,SLTR5,SLTR6,SLTR7,SLTR8,SLTR9,SLTTVx,SLTTVy,SLTTVz,SLTRVx,SLTRVy,SLTRVz,SLGA,SRTx,SRTy,SRTz,SRTR1,SRTR2,SRTR3,SRTR4,SRTR5,SRTR6,SRTR7,SRTR8,SRTR9,SRTTVx,SRTTVy,SRTTVz,SRTRVx,SRTRVy,SRTRVz,SRGA
79,0.076084,0.000707,0.413908,-0.558279,0.232586,-0.796413,-0.241147,-0.963928,-0.112531,-0.793168,0.128933,0.595221,-4e-06,-1.3e-05,-8e-06,0.0,0.0,0.0,0.52091,-0.092196,-0.036575,0.391149,0.912498,0.382377,0.145348,-0.359678,0.919292,-0.159585,-0.195781,0.092839,0.976173,0.014869,-0.001049,-0.002631,0.000967,-0.005289,0.002209,0.10567,0.033096,0.026007,-0.013857,-0.937906,-0.318658,0.137074,0.298835,-0.942883,-0.1472,0.176151,-0.097098,0.979562,0.001158,-0.006482,0.003575,-0.036476,0.000676,-0.023459,-0.032129,0.08424,0.031365,-0.055702,-0.588398,0.189316,-0.786095,-0.164779,-0.979876,-0.112646,-0.791602,0.063251,0.607752,-2e-06,0.0,-0.0,-1e-05,1e-06,-2e-06,0.518429
80,0.076089,0.000705,0.413882,-0.558261,0.23259,-0.796424,-0.241111,-0.963933,-0.112566,-0.793191,0.128889,0.595199,-0.000423,-0.001237,-0.00075,0.0,0.0,0.0,0.52073,-0.09188,-0.036747,0.391226,0.912635,0.383011,0.142802,-0.360308,0.91882,-0.160881,-0.193971,0.094869,0.976339,0.014554,0.000409,-0.001454,0.007763,-0.023041,0.026142,0.111815,0.033256,0.025912,-0.013819,-0.938055,-0.319397,0.1343,0.299602,-0.942415,-0.14863,0.174039,-0.099186,0.97973,0.007315,3.4e-05,-0.000869,-0.009598,0.009009,0.004144,-0.035722,0.084244,0.031367,-0.055712,-0.588371,0.18934,-0.78611,-0.164754,-0.979874,-0.112699,-0.791628,0.063206,0.607724,0.0,5e-06,2e-06,-3e-06,1e-06,6e-06,0.518429
81,0.07608,0.000707,0.413884,-0.558276,0.23257,-0.79642,-0.241099,-0.963938,-0.112548,-0.793185,0.128887,0.595208,-6e-06,-1.8e-05,-1.1e-05,0.0,0.0,0.0,0.520668,-0.091739,-0.03674,0.391201,0.912677,0.38293,0.142748,-0.360226,0.918847,-0.160907,-0.193923,0.09493,0.976343,0.000222,-0.000995,-0.000807,8.4e-05,-0.000115,-4.5e-05,0.110388,0.033333,0.025913,-0.013834,-0.938079,-0.319275,0.134426,0.299488,-0.94247,-0.148514,0.17411,-0.099059,0.97973,0.007137,0.000841,-0.000215,-0.000968,-0.01111,0.030028,-0.032946,0.084243,0.031363,-0.055714,-0.58838,0.189321,-0.786107,-0.164743,-0.979878,-0.112682,-0.791623,0.063205,0.607731,-0.0,2e-06,-0.0,-8e-06,1e-06,-2e-06,0.518429
82,0.076078,0.000707,0.413872,-0.558274,0.232562,-0.796424,-0.241075,-0.963943,-0.112557,-0.793194,0.128864,0.595201,-0.0,-1e-06,-0.0,0.0,0.0,0.0,0.521115,-0.091519,-0.036739,0.391175,0.912758,0.383628,0.140332,-0.360821,0.918301,-0.162682,-0.192419,0.097349,0.976402,0.00031,-0.001389,-0.001128,0.007915,-0.010845,-0.004295,0.082477,0.033442,0.025916,-0.013845,-0.938194,-0.320031,0.131804,0.300175,-0.941945,-0.150441,0.172298,-0.101579,0.979793,0.007207,0.00053,-0.000469,-0.007357,-0.002444,0.030515,-0.050581,0.084237,0.031365,-0.05572,-0.58839,0.189292,-0.786107,-0.164706,-0.979885,-0.112673,-0.791623,0.06318,0.607733,2e-06,1.1e-05,6e-06,-9e-06,-6e-06,-0.0,0.518429
83,0.076068,0.000709,0.413873,-0.558288,0.232542,-0.79642,-0.241063,-0.963948,-0.112539,-0.793187,0.128862,0.59521,-0.0,-0.0,-0.0,0.0,0.0,0.0,0.520944,-0.091399,-0.036835,0.391098,0.912857,0.385092,0.135605,-0.362099,0.91717,-0.166186,-0.189513,0.102095,0.976486,0.000779,-0.003482,-0.00283,0.2416,-0.322834,-0.158799,0.062425,0.033501,0.025872,-0.013881,-0.938257,-0.3211,0.128717,0.301174,-0.941257,-0.152736,0.170199,-0.104539,0.979848,0.000293,-0.001304,-0.001066,0.416032,-0.569965,-0.202953,-0.076544,0.084233,0.031366,-0.055719,-0.588403,0.189271,-0.786102,-0.164693,-0.979889,-0.112656,-0.791616,0.063178,0.607742,-0.006355,0.001573,0.000995,-0.000998,0.014702,-0.029557,0.518429
84,0.076068,0.000709,0.413873,-0.558288,0.232542,-0.79642,-0.241063,-0.963948,-0.112539,-0.793187,0.128862,0.59521,-0.0,-0.0,-0.0,0.0,0.0,0.0,0.520634,-0.09129,-0.036933,0.391021,0.91311,0.386152,0.130798,-0.36302,0.916172,-0.169642,-0.186484,0.106911,0.976553,0.000447,-0.001995,-0.001623,0.05084,-0.069691,-0.027594,0.037193,0.033551,0.025818,-0.013923,-0.938601,-0.322647,0.122173,0.302632,-0.940007,-0.157479,0.165654,-0.110837,0.979935,0.001072,-0.006039,0.003931,0.012009,-0.063658,-0.05346,-0.112958,0.084233,0.031366,-0.055719,-0.588403,0.189271,-0.786102,-0.164693,-0.979889,-0.112656,-0.791616,0.063178,0.607742,-4e-06,4e-06,1e-06,-1.7e-05,-3.3e-05,-9e-06,0.518592
85,0.076068,0.000709,0.413873,-0.558288,0.232542,-0.79642,-0.241063,-0.963948,-0.112539,-0.793187,0.128862,0.59521,-0.0,-0.0,-0.0,0.0,0.0,0.0,0.520533,-0.091215,-0.036967,0.390958,0.913259,0.386609,0.128386,-0.363411,0.915685,-0.171426,-0.18498,0.10939,0.976565,-0.000775,0.005971,-0.012841,0.076318,-0.057481,0.000677,0.040449,0.033594,0.025803,-0.013953,-0.938749,-0.323125,0.119745,0.303088,-0.939558,-0.159268,0.163971,-0.113219,0.979945,-0.00037,0.002915,-0.00648,0.050034,-0.021495,0.009835,-0.119653,0.084233,0.031366,-0.055719,-0.588403,0.189271,-0.786102,-0.164693,-0.979889,-0.112656,-0.791616,0.063178,0.607742,-5e-06,4e-06,1e-06,-1.5e-05,-3.4e-05,-7e-06,0.518592
86,0.07608,0.000714,0.413876,-0.558263,0.23258,-0.796426,-0.241085,-0.963938,-0.112574,-0.793199,0.128865,0.595195,4e-06,1.3e-05,8e-06,0.0,0.0,0.0,0.520698,-0.091015,-0.03706,0.390768,0.913328,0.387231,0.126,-0.363945,0.91511,-0.173356,-0.183577,0.111963,0.976538,0.001202,-0.005346,-0.004361,0.011828,-0.007761,-0.03404,0.02652,0.033693,0.02576,-0.014045,-0.938823,-0.323751,0.117452,0.303673,-0.939052,-0.161125,0.162458,-0.115601,0.979919,0.007581,-0.001068,-0.001775,-0.004022,-0.006886,0.028686,-0.123082,0.084239,0.031369,-0.055717,-0.588381,0.189311,-0.786109,-0.164716,-0.979881,-0.11269,-0.791628,0.06318,0.607727,-2e-06,1e-06,1e-06,-6e-06,2e-06,8e-06,0.518429
87,0.076069,0.000716,0.413866,-0.558275,0.232552,-0.796426,-0.241049,-0.963948,-0.112564,-0.793201,0.12884,0.595197,-4e-06,-1.1e-05,-7e-06,0.0,0.0,0.0,0.521046,-0.090943,-0.037212,0.390506,0.913005,0.387935,0.126178,-0.36457,0.914801,-0.173673,-0.183946,0.112053,0.976459,0.001367,-0.006078,-0.004969,-0.001065,0.009914,-0.027037,-0.054341,0.033729,0.025683,-0.014177,-0.938527,-0.324438,0.117924,0.304287,-0.938836,-0.16123,0.16302,-0.115436,0.979845,0.000628,-0.002773,-0.002267,-0.001676,0.010731,-0.026487,-0.185622,0.084233,0.03137,-0.055723,-0.588391,0.189282,-0.786109,-0.16468,-0.979889,-0.112681,-0.791628,0.063156,0.607729,-1e-06,0.0,-1e-06,-6e-06,4e-06,6e-06,0.518429
88,0.076069,0.000716,0.413866,-0.558275,0.232552,-0.796426,-0.241049,-0.963948,-0.112564,-0.793201,0.12884,0.595197,-0.0,-0.0,-0.0,0.0,0.0,0.0,0.520818,-0.090982,-0.037275,0.390395,0.912812,0.388348,0.1263,-0.364941,0.914623,-0.173833,-0.184168,0.112073,0.976414,-0.000577,0.005093,-0.013571,0.035242,-0.001196,0.022968,-0.081269,0.033711,0.025644,-0.014232,-0.938353,-0.324892,0.118061,0.304703,-0.938679,-0.161359,0.163246,-0.115438,0.979808,0.000541,-0.002388,-0.001953,-0.001131,0.009993,-0.026737,-0.216811,0.084233,0.03137,-0.055723,-0.588391,0.189282,-0.786109,-0.16468,-0.979889,-0.112681,-0.791628,0.063155,0.607729,0.0,4e-06,2e-06,-9e-06,0.0,3e-06,0.518429
89,0.076069,0.000716,0.413866,-0.558275,0.232552,-0.796426,-0.241049,-0.963948,-0.112564,-0.793201,0.12884,0.595197,-0.0,-0.0,-0.0,0.0,0.0,0.0,0.520741,-0.091179,-0.037226,0.390101,0.912613,0.388728,0.126571,-0.365158,0.914402,-0.174533,-0.184726,0.112551,0.976254,-0.001217,0.007943,-0.01124,0.03525,-0.001225,0.022955,-0.209198,0.033613,0.025665,-0.014383,-0.938185,-0.325274,0.118338,0.304936,-0.938483,-0.162057,0.163772,-0.115954,0.979659,-0.007633,0.00257,-0.005857,0.033211,0.01395,-0.006099,-0.300742,0.084233,0.03137,-0.055722,-0.588391,0.189282,-0.786109,-0.16468,-0.979889,-0.112681,-0.791628,0.063155,0.607729,-1e-06,2e-06,1e-06,-8e-06,-2e-05,2e-06,0.518592
90,0.076069,0.000724,0.413858,-0.558262,0.232562,-0.796432,-0.241035,-0.963949,-0.11259,-0.793214,0.128817,0.595184,-0.0,-0.0,-0.0,0.0,0.0,0.0,0.521027,-0.091443,-0.036942,0.389749,0.912414,0.389075,0.126939,-0.365242,0.914144,-0.175706,-0.185546,0.11344,0.975996,-0.000343,0.001536,0.001257,0.0,-0.0,-0.0,-0.421371,0.033481,0.025808,-0.014564,-0.938022,-0.325608,0.118713,0.305025,-0.938246,-0.163254,0.16454,-0.116926,0.979415,-0.000998,0.005741,-0.004166,0.03527,-0.001277,0.023067,-0.490159,0.084233,0.031373,-0.055726,-0.588379,0.189293,-0.786115,-0.164666,-0.979888,-0.112707,-0.79164,0.063132,0.607716,-2e-06,2e-06,2e-06,-9e-06,-2e-05,1e-06,0.518592
91,0.07607,0.000731,0.413851,-0.558249,0.232572,-0.796438,-0.241021,-0.963949,-0.112615,-0.793228,0.128795,0.595171,-0.0,-0.0,-0.0,0.0,0.0,0.0,0.520748,-0.091552,-0.036764,0.389639,0.912361,0.389153,0.127079,-0.365208,0.914061,-0.17621,-0.185873,0.113844,0.975886,-0.016216,0.009397,-0.008236,0.033219,0.013924,-0.006315,-0.47567,0.033433,0.025895,-0.014615,-0.93798,-0.325681,0.118846,0.305002,-0.93817,-0.163735,0.164823,-0.117332,0.979318,-0.000405,0.001829,0.0015,0.001101,-0.009993,0.02712,-0.570172,0.084234,0.031377,-0.05573,-0.588367,0.189304,-0.786121,-0.164653,-0.979887,-0.112732,-0.791652,0.063109,0.607703,-2e-06,2e-06,2e-06,-5e-06,-1e-05,6e-06,0.518592
92,0.076073,0.000773,0.413806,-0.558171,0.232633,-0.796475,-0.240938,-0.963953,-0.112767,-0.793308,0.128661,0.595093,-0.0,-0.0,-0.0,0.0,0.0,0.0,0.521213,-0.091866,-0.036291,0.389349,0.913091,0.38919,0.121604,-0.366195,0.913982,-0.174567,-0.180227,0.114352,0.976886,-0.002517,0.01379,-0.006456,0.051438,-0.032149,0.041565,-0.614375,0.03327,0.026136,-0.014762,-0.938672,-0.325747,0.11306,0.306006,-0.938101,-0.162254,0.158916,-0.117706,0.98025,-0.001267,0.006956,-0.003173,0.037018,-0.000722,0.048464,-0.70358,0.084235,0.031398,-0.055753,-0.588295,0.189372,-0.786159,-0.164571,-0.979884,-0.112885,-0.791723,0.062969,0.607626,-2e-06,1e-06,1e-06,-4e-06,-1.4e-05,1e-05,0.518592
93,0.07608,0.000806,0.413731,-0.558163,0.232554,-0.796504,-0.240736,-0.963996,-0.112823,-0.793375,0.128478,0.595044,-0.000531,-0.001553,-0.000942,-0.00155,0.010641,-0.026737,0.521116,-0.092255,-0.035631,0.388912,0.897696,0.424871,0.116694,-0.403429,0.89917,-0.16933,-0.177995,0.104372,0.978411,-0.016819,0.012272,-0.005902,-0.023689,0.08796,-0.466046,-0.755035,0.033081,0.026462,-0.014978,-0.925794,-0.362004,0.108896,0.34367,-0.925967,-0.156443,0.157468,-0.107409,0.981665,-0.002096,0.011917,-0.007983,-0.120692,0.277357,-1.564772,-0.774775,0.08424,0.031418,-0.055788,-0.588271,0.189312,-0.786191,-0.164379,-0.979907,-0.112961,-0.79178,0.062781,0.60757,-2e-05,-5.7e-05,-3.4e-05,-1e-05,-1e-05,-2e-06,0.518755
94,0.076084,0.000831,0.413651,-0.558089,0.232582,-0.796547,-0.240595,-0.964014,-0.112977,-0.793469,0.128298,0.594956,-0.0005,-0.001461,-0.000887,0.0,0.0,0.0,0.520871,-0.092628,-0.034801,0.388303,0.894179,0.433512,0.111818,-0.413425,0.895487,-0.164671,-0.172638,0.100449,0.97978,-0.017998,0.020169,-0.017173,0.069693,0.002143,0.043413,-0.795779,0.032894,0.026878,-0.015275,-0.92261,-0.371403,0.104161,0.354336,-0.92274,-0.151639,0.152433,-0.102995,0.982932,-0.008888,0.009629,-0.008949,0.07427,0.01644,0.01748,-0.768897,0.084242,0.03143,-0.055828,-0.588201,0.189347,-0.786236,-0.16424,-0.979912,-0.113118,-0.791861,0.062596,0.607484,-5.2e-05,-0.000148,-9.1e-05,-1e-06,-2.1e-05,0.0,0.518918
95,0.076091,0.000836,0.413618,-0.558058,0.232596,-0.796565,-0.240545,-0.964019,-0.113038,-0.793507,0.128232,0.594921,-0.00031,-0.000905,-0.000549,0.0,0.0,0.0,0.520907,-0.092892,-0.034391,0.387892,0.892672,0.437835,0.106908,-0.419214,0.893808,-0.159061,-0.166315,0.096598,0.98126,-0.00345,0.02054,-0.018655,0.010404,-0.047043,0.04517,-0.789917,0.032756,0.027086,-0.015478,-0.921341,-0.375855,0.099313,0.360147,-0.921405,-0.145965,0.146369,-0.098716,0.984292,-0.009498,0.013656,-0.014512,-0.107454,-0.143868,0.038421,-0.768243,0.084244,0.03143,-0.055846,-0.588181,0.189344,-0.786251,-0.16418,-0.979917,-0.113163,-0.791888,0.062526,0.607455,-0.000194,-0.000567,-0.000344,-6e-06,-1.1e-05,-8e-06,0.518755
96,0.07608,0.000821,0.413574,-0.558075,0.232535,-0.796571,-0.240452,-0.964043,-0.113031,-0.793523,0.128161,0.594915,-0.000197,-0.000576,-0.00035,0.0,0.0,0.0,0.521086,-0.093504,-0.033628,0.387009,0.884708,0.456312,0.095198,-0.440987,0.885604,-0.145498,-0.151808,0.086146,0.984579,-0.017356,0.01742,-0.019407,-0.75768,-0.237316,-1.623085,-0.792147,0.032455,0.027466,-0.015921,-0.915152,-0.393319,0.088298,0.380514,-0.915182,-0.132849,0.133061,-0.087979,0.987195,-0.008743,0.008867,-0.009633,-2.666181,-0.897931,-5.232601,-0.766284,0.084238,0.031422,-0.055869,-0.588193,0.189282,-0.786257,-0.164085,-0.979934,-0.113157,-0.791899,0.062455,0.607448,-0.000113,-0.000333,-0.000201,-5e-06,-3e-06,-5e-06,0.518919
97,0.076057,0.000794,0.413534,-0.55813,0.232426,-0.796564,-0.24035,-0.964076,-0.112963,-0.793515,0.12811,0.594936,-0.000255,-0.000745,-0.000453,0.0,0.0,0.0,0.520968,-0.094256,-0.033021,0.386364,0.873171,0.480358,0.082587,-0.467597,0.873482,-0.135338,-0.138241,0.078929,0.987179,-0.016131,0.009518,-0.008164,0.043158,-0.005183,-0.138805,-0.79491,0.032073,0.027773,-0.016253,-0.904492,-0.41979,0.075297,0.409468,-0.904132,-0.121987,0.119287,-0.079504,0.989671,-0.008044,0.00474,-0.004081,0.032602,0.030358,-0.133963,-0.759099,0.084227,0.031408,-0.055889,-0.588239,0.189168,-0.78625,-0.16398,-0.979959,-0.113091,-0.791887,0.062405,0.60747,-0.000148,-0.000438,-0.000264,1e-06,-1e-06,2e-06,0.518919
98,0.07605,0.00078,0.413513,-0.55815,0.232381,-0.796563,-0.240306,-0.96409,-0.112939,-0.793514,0.128086,0.594943,-0.000245,-0.000716,-0.000435,0.0,0.0,0.0,0.521403,-0.094624,-0.032831,0.386149,0.870909,0.484731,0.080908,-0.472328,0.871182,-0.133729,-0.136398,0.077619,0.98754,-0.015831,0.008175,-0.009258,0.03364,0.013049,-0.006692,-0.790856,0.031889,0.027871,-0.016358,-0.902468,-0.424361,0.073943,0.414355,-0.902138,-0.120234,0.11773,-0.077869,0.989987,-0.007897,0.004064,-0.004632,0.032222,0.022885,-0.003913,-0.75616,0.084223,0.031401,-0.055899,-0.588255,0.189122,-0.786248,-0.163934,-0.97997,-0.113067,-0.791884,0.06238,0.607476,-0.000116,-0.000342,-0.000207,3e-06,-4e-06,8e-06,0.518919
99,0.076047,0.000787,0.413482,-0.558134,0.232375,-0.796576,-0.240243,-0.964101,-0.112981,-0.793545,0.128018,0.594916,-2e-06,-6e-06,-3e-06,0.0,0.0,0.0,0.520843,-0.095336,-0.032714,0.385906,0.864632,0.496142,0.079036,-0.483543,0.864612,-0.136257,-0.13702,0.078948,0.987348,-0.027989,-0.005338,-0.000817,-0.003783,0.029999,-0.058697,-0.770575,0.031543,0.027933,-0.016479,-0.89697,-0.436147,0.072251,0.425974,-0.896375,-0.122708,0.118282,-0.079288,0.989809,-0.006975,-0.0014,-0.000243,-0.007471,0.022563,-0.026695,-0.754527,0.084222,0.031404,-0.055915,-0.588239,0.189118,-0.786262,-0.163872,-0.979975,-0.113111,-0.791909,0.06231,0.60745,1.4e-05,3.3e-05,2e-05,1.6e-05,-6e-06,2.2e-05,0.518919
100,0.076047,0.000787,0.413482,-0.558134,0.232375,-0.796576,-0.240243,-0.964101,-0.112981,-0.793545,0.128018,0.594916,-0.0,-0.0,-0.0,0.0,0.0,0.0,0.521072,-0.096137,-0.032738,0.385892,0.84602,0.528469,0.070449,-0.517528,0.845885,-0.12875,-0.12869,0.071779,0.989014,-0.014608,0.000252,0.001953,-0.020947,0.003579,-0.043001,-0.763369,0.031139,0.027913,-0.016491,-0.880454,-0.469771,0.064146,0.461105,-0.879887,-0.114805,0.110373,-0.071502,0.991314,-0.014361,-0.000892,0.001042,-0.065722,-0.009372,-0.074863,-0.758283,0.084222,0.031404,-0.055915,-0.588239,0.189118,-0.786262,-0.163871,-0.979975,-0.113111,-0.791909,0.062309,0.60745,1e-06,1.3e-05,9e-06,-1.1e-05,-2.4e-05,-5e-06,0.518755
101,0.076055,0.000784,0.413469,-0.558118,0.232387,-0.796584,-0.240231,-0.964101,-0.113008,-0.793559,0.127996,0.594901,-0.000158,-0.000463,-0.000281,0.0,0.0,0.0,0.521062,-0.097022,-0.032721,0.385947,0.833654,0.548759,0.062258,-0.539822,0.833564,-0.117033,-0.117161,0.063244,0.991028,-0.016235,0.010331,-0.007537,0.033089,0.013716,-0.01061,-0.592502,0.030697,0.02792,-0.016459,-0.86938,-0.490921,0.05634,0.484034,-0.868985,-0.102836,0.099443,-0.062133,0.993101,-0.014427,-0.000535,0.001322,0.005153,0.028543,-0.043095,-0.712888,0.084226,0.031405,-0.055921,-0.588224,0.18913,-0.78627,-0.163859,-0.979974,-0.113138,-0.791923,0.062287,0.607435,-0.000127,-0.000355,-0.000214,-1.1e-05,-1.1e-05,0.0,0.518755
102,0.076053,0.000784,0.413457,-0.558116,0.232379,-0.796588,-0.240207,-0.964106,-0.113017,-0.793568,0.127973,0.594894,-0.000261,-0.000761,-0.000463,0.0,0.0,0.0,0.521543,-0.09738,-0.032667,0.385953,0.830571,0.553773,0.058976,-0.545569,0.830449,-0.112436,-0.112279,0.060492,0.991765,-0.014928,0.001891,0.003261,-0.061128,-0.039102,-0.003709,-0.452478,0.030517,0.027948,-0.016461,-0.866605,-0.49615,0.05319,0.489899,-0.866222,-0.098269,0.094831,-0.059103,0.993737,-0.007393,0.000615,0.001382,-0.21628,-0.140785,-0.032303,-0.634835,0.084225,0.031405,-0.055926,-0.588222,0.189122,-0.786274,-0.163835,-0.979977,-0.113147,-0.79193,0.062263,0.607428,-0.000175,-0.000499,-0.000302,-5e-06,-5e-06,6e-06,0.519082
103,0.076082,0.000805,0.41341,-0.55802,0.232471,-0.796628,-0.240162,-0.964098,-0.113181,-0.793649,0.127867,0.594809,-7e-06,-2.1e-05,-1.3e-05,0.0,0.0,0.0,0.521627,-0.098014,-0.032341,0.385837,0.813832,0.578393,0.055951,-0.570799,0.813844,-0.108542,-0.109332,0.05565,0.992377,-0.01665,0.012506,-0.005799,0.00675,0.056746,-0.473412,-0.384436,0.030208,0.028103,-0.016513,-0.85245,-0.52036,0.050525,0.514644,-0.852223,-0.094113,0.092031,-0.054224,0.994278,-0.008493,0.006645,-0.002684,-0.263246,0.591085,-5.459275,-0.576377,0.084239,0.031414,-0.055951,-0.588134,0.189223,-0.786316,-0.163794,-0.979965,-0.113312,-0.792003,0.062151,0.607344,-0.0,-0.0,-0.0,-6e-06,3e-06,3e-06,0.518918
104,0.076126,0.000843,0.413302,-0.557927,0.232484,-0.796689,-0.239955,-0.964127,-0.113368,-0.793777,0.127623,0.594692,-0.000157,-0.000458,-0.000278,0.0,0.0,0.0,0.521215,-0.098596,-0.031851,0.385552,0.800185,0.597185,0.05537,-0.59017,0.800575,-0.103508,-0.10714,0.049376,0.992948,-0.002255,0.013152,-0.007004,-0.114579,0.202748,0.062924,-0.296121,0.029903,0.028362,-0.016656,-0.839051,-0.541754,0.049937,0.536506,-0.839156,-0.089314,0.090291,-0.048147,0.99475,-0.001114,0.006541,-0.003515,-0.157449,0.266027,0.074782,-0.523471,0.084261,0.031433,-0.056004,-0.588044,0.189242,-0.786378,-0.163589,-0.979977,-0.113503,-0.792112,0.061898,0.607228,0.000285,0.004465,-0.00519,0.034912,-0.016917,0.016338,0.518918
105,0.076112,0.000866,0.413245,-0.557897,0.23247,-0.796714,-0.239829,-0.964149,-0.113452,-0.793836,0.127485,0.594642,-0.000455,-0.001331,-0.00081,0.0,0.0,0.0,0.521038,-0.098812,-0.031594,0.385345,0.796494,0.602075,0.055633,-0.594959,0.796913,-0.104348,-0.108154,0.049235,0.992846,-0.015908,0.00905,-0.008597,0.031049,0.016442,-0.009461,-0.224926,0.029801,0.028489,-0.016755,-0.83583,-0.546625,0.050873,0.541298,-0.836033,-0.089693,0.09156,-0.04743,0.994668,-0.001735,0.010656,-0.008999,0.071489,0.056195,-0.152751,-0.467789,0.084255,0.031446,-0.056032,-0.588013,0.189231,-0.786404,-0.163462,-0.979988,-0.113589,-0.792161,0.061756,0.607178,8.5e-05,0.003881,-0.005543,0.034913,-0.016936,0.016336,0.518918
106,0.076117,0.000913,0.413131,-0.557859,0.232395,-0.796762,-0.239551,-0.964203,-0.113576,-0.793946,0.12721,0.594553,-0.000234,-0.000683,-0.000416,0.0,0.0,0.0,0.521258,-0.098926,-0.031204,0.384887,0.792853,0.606599,0.058439,-0.599369,0.793626,-0.10416,-0.110552,0.046773,0.992701,-0.001131,0.007663,-0.011419,-0.168483,0.274855,0.140373,-0.153803,0.029739,0.02868,-0.016973,-0.832307,-0.551862,0.052078,0.546389,-0.832609,-0.090659,0.093393,-0.047002,0.994518,-0.000618,0.004135,-0.005462,-0.399181,0.650356,0.028887,-0.361486,0.084257,0.031468,-0.05609,-0.58797,0.189159,-0.786453,-0.163183,-0.980019,-0.113717,-0.792251,0.061473,0.60709,0.000244,0.004337,-0.005266,0.034909,-0.016931,0.016335,0.518918
107,0.076092,0.000939,0.413064,-0.557841,0.232354,-0.796788,-0.239389,-0.964234,-0.113651,-0.794008,0.127047,0.594505,-0.000153,-0.000449,-0.000273,0.0,0.0,0.0,0.521135,-0.098935,-0.030721,0.384331,0.775203,0.628916,0.059302,-0.621924,0.776377,-0.101902,-0.111096,0.041302,0.992883,-0.002952,0.018703,-0.020114,0.049165,0.02551,0.043927,-0.153088,0.029735,0.028918,-0.01726,-0.816423,-0.57481,0.055192,0.569573,-0.817331,-0.086921,0.095073,-0.039528,0.994684,-0.000704,0.004565,-0.005112,0.030928,0.007277,-0.010327,-0.337483,0.084244,0.03148,-0.056124,-0.587949,0.189119,-0.786478,-0.16302,-0.980038,-0.113794,-0.7923,0.061306,0.607042,-7e-05,-0.000205,-0.000124,-3e-06,-1.1e-05,6e-06,0.519245
108,0.076085,0.000931,0.413036,-0.557848,0.232319,-0.796792,-0.23933,-0.964249,-0.113651,-0.794021,0.127001,0.594499,-2.8e-05,-8.3e-05,-5.1e-05,0.0,0.0,0.0,0.521065,-0.099039,-0.03018,0.383649,0.7688,0.636811,0.058391,-0.630336,0.770116,-0.097625,-0.108096,0.037427,0.993367,-0.002362,0.01581,-0.022437,0.056156,0.027299,-0.127159,-0.137805,0.029682,0.029194,-0.017597,-0.810696,-0.582939,0.05433,0.578149,-0.811736,-0.082627,0.092268,-0.035574,0.995098,-0.001254,0.008313,-0.010884,0.055634,0.032139,-0.453032,-0.322787,0.084241,0.031476,-0.056138,-0.587954,0.189084,-0.786483,-0.16296,-0.980047,-0.113796,-0.792309,0.061259,0.607036,-4e-06,-1.4e-05,-9e-06,-2e-06,-3e-06,6e-06,0.519082
109,0.076076,0.000934,0.413037,-0.557862,0.232299,-0.796788,-0.239318,-0.964254,-0.113633,-0.794014,0.126999,0.594508,-0.0,-1e-06,-1e-06,0.0,0.0,0.0,0.521112,-0.099063,-0.029873,0.383247,0.765718,0.640817,0.054967,-0.634847,0.766839,-0.094138,-0.103431,0.036361,0.993903,-0.002616,0.017053,-0.021432,0.010792,-0.048566,0.044228,-0.141569,0.02967,0.029343,-0.017802,-0.807754,-0.587325,0.050806,0.58297,-0.808619,-0.079242,0.087624,-0.034389,0.995559,-0.001244,0.008281,-0.010909,-0.140011,-0.165192,0.042496,-0.319684,0.084236,0.031478,-0.056137,-0.587966,0.189063,-0.786479,-0.162947,-0.980052,-0.113778,-0.792302,0.061257,0.607045,8e-06,2.3e-05,1.5e-05,-4e-06,-5e-06,8e-06,0.518918
110,0.076086,0.000939,0.413028,-0.557835,0.232329,-0.796799,-0.239316,-0.96425,-0.113676,-0.794034,0.126978,0.594486,-0.0,-0.0,-0.0,0.0,0.0,0.0,0.521176,-0.099128,-0.029185,0.382531,0.748859,0.660826,0.050115,-0.655914,0.749944,-0.08541,-0.094958,0.030238,0.994953,-0.003242,0.020114,-0.018955,0.062373,0.009615,-0.102876,-0.148906,0.029638,0.029689,-0.018171,-0.792269,-0.608406,0.046384,0.60496,-0.793143,-0.070328,0.079577,-0.027658,0.996444,-0.001629,0.010169,-0.009379,0.078802,0.003949,-0.104853,-0.32442,0.084242,0.03148,-0.056141,-0.587942,0.189095,-0.78649,-0.162946,-0.980047,-0.113822,-0.79232,0.061235,0.607023,-2e-06,9e-06,7e-06,-1.5e-05,-1.5e-05,2e-06,0.519082
111,0.076084,0.000938,0.413016,-0.557833,0.232321,-0.796802,-0.239292,-0.964254,-0.113685,-0.794043,0.126955,0.594479,-1.6e-05,-4.8e-05,-2.9e-05,0.0,0.0,0.0,0.520995,-0.099233,-0.028469,0.381907,0.738824,0.672118,0.048859,-0.667641,0.739985,-0.081304,-0.091721,0.026584,0.995361,-0.001711,0.010497,-0.009119,0.019825,0.081041,-0.157809,-0.147004,0.029586,0.030039,-0.01847,-0.783028,-0.62032,0.045489,0.617248,-0.783992,-0.066034,0.076625,-0.023628,0.996779,-0.000886,0.005463,-0.00438,0.046112,-0.014167,0.026269,-0.323277,0.084241,0.03148,-0.056147,-0.587939,0.189087,-0.786493,-0.162921,-0.98005,-0.113831,-0.792327,0.061211,0.607016,0.000369,0.004722,-0.005029,0.034897,-0.016947,0.016331,0.518918
112,0.076082,0.000938,0.413005,-0.557832,0.232313,-0.796806,-0.239268,-0.96426,-0.113694,-0.794051,0.126932,0.594473,-2.7e-05,-7.8e-05,-4.8e-05,0.0,0.0,0.0,0.520594,-0.099261,-0.028289,0.381709,0.73901,0.671911,0.0489,-0.667372,0.740155,-0.081972,-0.092192,0.027079,0.995304,6.1e-05,-0.000298,-0.00024,-0.000116,0.000156,6.9e-05,-0.156553,0.02957,0.030143,-0.018578,-0.783162,-0.620159,0.045379,0.617019,-0.784095,-0.066938,0.077094,-0.024424,0.996724,-0.000704,0.00456,-0.00511,0.039158,-0.00693,0.022529,-0.324746,0.08424,0.03148,-0.056153,-0.587937,0.189079,-0.786497,-0.162897,-0.980053,-0.11384,-0.792334,0.061188,0.60701,-1.1e-05,-2.7e-05,-1.5e-05,-1.2e-05,9e-06,6e-06,0.518755
113,0.076082,0.000952,0.412978,-0.557804,0.232325,-0.796822,-0.239216,-0.964265,-0.113753,-0.794087,0.126865,0.59444,-1e-06,-4e-06,-2e-06,0.0,0.0,0.0,0.520818,-0.099314,-0.028347,0.381656,0.738068,0.673093,0.046833,-0.668458,0.73898,-0.083706,-0.09187,0.029609,0.995262,0.000346,-0.001696,-0.001368,0.148292,-0.198441,-0.087634,-0.185947,0.029544,0.030114,-0.018604,-0.782447,-0.621181,0.043702,0.617973,-0.783218,-0.068397,0.076715,-0.02651,0.9967,0.000193,-0.000929,-0.000748,0.193349,-0.258976,-0.096685,-0.347607,0.084239,0.031487,-0.056167,-0.58791,0.189094,-0.786514,-0.162846,-0.980054,-0.1139,-0.792364,0.061118,0.606977,3e-06,1.1e-05,7e-06,-8e-06,-3e-06,6e-06,0.518918
114,0.076091,0.000971,0.412942,-0.557826,0.232242,-0.796831,-0.23909,-0.964298,-0.113741,-0.794109,0.126771,0.59443,-1e-06,-3e-06,-2e-06,0.0,0.0,0.0,0.520859,-0.09927,-0.028619,0.381886,0.737525,0.673682,0.046915,-0.669125,0.738475,-0.082831,-0.091366,0.028831,0.995331,0.001659,-0.010248,0.009319,-0.035491,0.002316,-0.02246,-0.23709,0.029566,0.029979,-0.018494,-0.78179,-0.622032,0.04336,0.618874,-0.782552,-0.067867,0.076147,-0.026223,0.996751,0.000843,-0.005194,0.004604,-0.037433,0.004907,-0.021749,-0.378795,0.084244,0.031497,-0.056185,-0.587925,0.189009,-0.786523,-0.162718,-0.980077,-0.11389,-0.792379,0.061023,0.606968,2e-06,1e-05,6e-06,-7e-06,-4e-06,8e-06,0.518918
115,0.076083,0.000988,0.412928,-0.557814,0.232242,-0.796839,-0.239051,-0.964304,-0.113773,-0.794129,0.126725,0.594413,-0.0,-0.0,-0.0,0.0,0.0,0.0,0.521052,-0.09918,-0.029101,0.382261,0.736341,0.675016,0.046341,-0.670241,0.737167,-0.085415,-0.092735,0.030966,0.995141,0.001936,-0.011603,0.008228,-0.02877,-0.006745,-0.02643,-0.305096,0.029611,0.02974,-0.018305,-0.780693,-0.623459,0.042612,0.620112,-0.781328,-0.070611,0.077317,-0.028701,0.996592,0.001018,-0.006072,0.003896,-0.046652,0.015009,-0.02425,-0.442152,0.08424,0.031505,-0.056192,-0.587914,0.18901,-0.786531,-0.162678,-0.98008,-0.113923,-0.792396,0.060975,0.60695,-1e-06,5e-06,4e-06,-1.6e-05,-6e-06,3e-06,0.518918
116,0.076081,0.000988,0.412916,-0.557812,0.232234,-0.796843,-0.239026,-0.964309,-0.113782,-0.794138,0.126702,0.594406,-1.4e-05,-4e-05,-2.5e-05,0.0,0.0,0.0,0.520889,-0.099171,-0.029348,0.382422,0.735845,0.675431,0.048127,-0.670444,0.736787,-0.08709,-0.095199,0.030949,0.994908,0.001795,-0.010915,0.008784,-0.035411,0.002182,-0.022518,-0.310925,0.029616,0.029614,-0.018227,-0.78024,-0.623886,0.044621,0.620358,-0.78099,-0.072175,0.079878,-0.028632,0.996393,0.000914,-0.005572,0.004301,-0.043075,0.00336,-0.0216,-0.464523,0.084239,0.031505,-0.056198,-0.587911,0.189002,-0.786535,-0.162654,-0.980083,-0.113932,-0.792403,0.060951,0.606944,-8e-06,-1.5e-05,-7e-06,-9e-06,8e-06,1e-05,0.518918
117,0.0761,0.000983,0.412913,-0.557784,0.232274,-0.796851,-0.23905,-0.964299,-0.113818,-0.79415,0.126706,0.594388,-0.0,-0.0,-0.0,0.0,0.0,0.0,0.520966,-0.099124,-0.029574,0.382633,0.73588,0.675405,0.047965,-0.670495,0.73683,-0.086319,-0.09456,0.030491,0.994984,-7.4e-05,0.000363,0.000293,0.0,-0.0,-0.0,-0.303407,0.029635,0.029494,-0.018119,-0.780258,-0.623873,0.044481,0.620419,-0.781021,-0.071307,0.079227,-0.028041,0.996461,-7.4e-05,0.000345,0.000279,-0.000106,9e-06,0.000338,-0.473341,0.084248,0.031503,-0.056199,-0.587887,0.189044,-0.786543,-0.162679,-0.980074,-0.113968,-0.792416,0.060954,0.606927,-2e-06,6e-06,4e-06,-1.5e-05,-1e-05,1e-06,0.518755
118,0.076136,0.000974,0.412895,-0.557725,0.232346,-0.79687,-0.239073,-0.964283,-0.113899,-0.794184,0.12669,0.594346,-5e-06,-1.5e-05,-9e-06,0.0,0.0,0.0,0.521083,-0.099149,-0.029368,0.382547,0.736256,0.674941,0.048714,-0.670342,0.737381,-0.082732,-0.092678,0.027388,0.995251,-0.001781,0.010847,-0.008841,0.017304,-0.015327,0.022375,-0.457265,0.029628,0.029596,-0.018157,-0.78064,-0.62334,0.045234,0.620157,-0.781559,-0.067603,0.077493,-0.024722,0.996686,-0.000924,0.005594,-0.004282,-0.020172,-0.05219,0.021289,-0.518246,0.084266,0.031498,-0.056208,-0.587835,0.189121,-0.786564,-0.162705,-0.980061,-0.114048,-0.792449,0.060936,0.606885,-1e-06,-2e-06,-2e-06,-7e-06,1e-05,9e-06,0.519245
119,0.076153,0.000969,0.41288,-0.557695,0.232378,-0.796882,-0.239072,-0.964278,-0.113944,-0.794206,0.12667,0.594322,-5.1e-05,-0.000149,-9e-05,0.0,0.0,0.0,0.521418,-0.099377,-0.029218,0.382337,0.735958,0.675243,0.049024,-0.670572,0.737094,-0.083418,-0.093379,0.027649,0.995178,-0.029148,0.003155,-0.011625,0.031427,0.028081,-0.03604,-0.634908,0.029523,0.029679,-0.018257,-0.780395,-0.623628,0.045509,0.620378,-0.781317,-0.068362,0.07819,-0.025117,0.996621,-0.007542,0.002589,-0.00585,0.035039,0.012768,-0.006895,-0.645775,0.084275,0.031496,-0.056215,-0.587807,0.189155,-0.786576,-0.162705,-0.980055,-0.114093,-0.792469,0.060915,0.606861,-3.1e-05,-8.4e-05,-5.2e-05,-7e-06,-1.6e-05,4e-06,0.519408
120,0.076167,0.000964,0.412841,-0.557662,0.232393,-0.796901,-0.239023,-0.964283,-0.114006,-0.794244,0.126605,0.594284,-0.000274,-0.000802,-0.000489,0.0,0.0,0.0,0.521328,-0.100157,-0.028865,0.381536,0.73509,0.676116,0.050001,-0.671206,0.736258,-0.085675,-0.095656,0.028547,0.994936,-0.016084,0.01219,-0.023639,0.06904,0.010337,0.015557,-1.073966,0.029128,0.029852,-0.018654,-0.779572,-0.624582,0.046515,0.621129,-0.78052,-0.070606,0.080406,-0.026151,0.996418,-0.0149,0.004296,-0.01241,0.0657,0.03632,-0.040375,-0.838295,0.084282,0.031494,-0.056234,-0.587775,0.189173,-0.786595,-0.162657,-0.980056,-0.114156,-0.792503,0.060847,0.606824,-0.000177,-0.000516,-0.000315,-8e-06,3e-06,3e-06,0.519408
121,0.07616,0.000956,0.412813,-0.557669,0.232359,-0.796906,-0.238964,-0.964298,-0.114007,-0.794257,0.126558,0.594278,-0.000268,-0.000784,-0.000478,0.0,0.0,0.0,0.521079,-0.10079,-0.028329,0.380439,0.734321,0.676747,0.052716,-0.671219,0.735591,-0.091136,-0.101368,0.030668,0.994308,-0.015744,0.010509,-0.025001,0.085816,0.034223,-0.010966,-1.402174,0.028806,0.030123,-0.019212,-0.778879,-0.625233,0.049294,0.621238,-0.779909,-0.07618,0.086075,-0.028711,0.995874,-0.007846,0.0052,-0.012535,0.081165,0.030801,-0.010971,-0.792573,0.084279,0.031491,-0.056248,-0.58778,0.189138,-0.7866,-0.162597,-0.980066,-0.114158,-0.792512,0.060799,0.606817,-0.000171,-0.0005,-0.000305,-2e-06,-1.1e-05,4e-06,0.519572
122,0.076151,0.000966,0.412807,-0.55767,0.232349,-0.796908,-0.238939,-0.964303,-0.114014,-0.794264,0.126534,0.594274,0.000154,0.000449,0.000274,0.0,0.0,0.0,0.521022,-0.101026,-0.027453,0.379194,0.733861,0.676458,0.061989,-0.668889,0.735606,-0.106796,-0.118756,0.036039,0.9922,-0.003852,0.025364,-0.032272,0.123455,0.016322,0.040601,-1.40567,0.028691,0.030537,-0.019815,-0.778452,-0.624963,0.058587,0.619191,-0.779862,-0.091745,0.103027,-0.035142,0.994057,-0.00197,0.012995,-0.015877,0.314316,0.144455,0.070134,-0.798942,0.084274,0.031493,-0.056253,-0.58778,0.189129,-0.786602,-0.162572,-0.980069,-0.114165,-0.792517,0.060775,0.606813,0.000111,0.000318,0.000195,-2e-06,-0.0,4e-06,0.519245
123,0.076144,0.000975,0.412813,-0.557673,0.232347,-0.796907,-0.238937,-0.964304,-0.114013,-0.794262,0.126533,0.594276,7.3e-05,0.000213,0.00013,0.0,0.0,0.0,0.520833,-0.100994,-0.026959,0.378617,0.734561,0.674794,0.071163,-0.665669,0.737071,-0.116377,-0.131896,0.037246,0.990494,-0.002427,0.016197,-0.022086,0.079966,0.029638,0.023066,-1.406107,0.028705,0.030798,-0.020118,-0.779174,-0.623105,0.068031,0.615924,-0.781259,-0.101345,0.116298,-0.037064,0.992522,0.004887,0.014808,-0.015259,0.166546,-0.0002,0.098797,-0.801718,0.084271,0.031499,-0.056249,-0.587783,0.189127,-0.7866,-0.16257,-0.980069,-0.114164,-0.792515,0.060774,0.606815,4.7e-05,0.000139,8.5e-05,-4e-06,-7e-06,-1e-06,0.519245
124,0.076127,0.00098,0.412828,-0.557703,0.232315,-0.796895,-0.238938,-0.964309,-0.113968,-0.794241,0.126552,0.5943,1e-06,2e-06,1e-06,0.0,0.0,0.0,0.520862,-0.10091,-0.026035,0.377597,0.758013,0.645656,0.092391,-0.634362,0.762819,-0.125002,-0.15213,0.035312,0.98766,-0.004088,0.026512,-0.03131,-0.232348,0.38616,0.480962,-1.40714,0.028748,0.031258,-0.020623,-0.800505,-0.592976,0.087,0.583693,-0.804306,-0.111324,0.135987,-0.038334,0.989968,-0.001379,0.009012,-0.01029,-0.298388,0.469948,0.43557,-0.804984,0.084262,0.031502,-0.056241,-0.58781,0.189093,-0.786589,-0.16257,-0.980075,-0.114119,-0.792495,0.060795,0.606839,-2e-06,-9e-06,-6e-06,1e-06,4e-06,8e-06,0.519245
125,0.076122,0.00099,0.412846,-0.557785,0.232196,-0.796873,-0.23889,-0.964335,-0.113843,-0.794198,0.126569,0.594354,0.000233,0.000681,0.000415,0.0,0.0,0.0,0.520899,-0.100932,-0.025434,0.376704,0.788858,0.604455,0.111036,-0.593064,0.796168,-0.119684,-0.16173,0.027782,0.986374,-0.002011,0.014106,-0.023766,-0.211267,0.373032,0.187831,-1.407155,0.028734,0.031572,-0.021079,-0.829064,-0.548889,0.106636,0.539575,-0.835376,-0.104904,0.146662,-0.029434,0.988748,-0.000972,0.006977,-0.011934,-0.202962,0.361158,0.186917,-0.794043,0.084259,0.031505,-0.056233,-0.587882,0.188967,-0.786565,-0.162518,-0.980098,-0.113995,-0.792453,0.060815,0.606893,0.000153,0.000442,0.000268,3e-06,1e-06,9e-06,0.519245
126,0.076129,0.001012,0.412859,-0.557751,0.232251,-0.79688,-0.23892,-0.964322,-0.113893,-0.794212,0.126572,0.594335,0.000279,0.000815,0.000497,0.0,0.0,0.0,0.520395,-0.10105,-0.025209,0.376316,0.795227,0.593908,0.121977,-0.583466,0.804379,-0.111697,-0.165445,0.016888,0.986005,-0.016276,0.013306,-0.022701,-0.457256,0.693332,0.332487,-1.406524,0.028676,0.03168,-0.021276,-0.834738,-0.538269,0.116088,0.529663,-0.842527,-0.098,0.150558,-0.020317,0.988391,-0.008116,0.00663,-0.011363,-0.388155,0.604788,0.314421,-0.793717,0.084263,0.031517,-0.056226,-0.587853,0.189024,-0.786573,-0.16255,-0.980087,-0.114045,-0.792468,0.060816,0.606873,0.000146,0.000427,0.00026,5e-06,-1e-06,1.1e-05,0.519082
127,0.076139,0.001065,0.412903,-0.557766,0.23224,-0.796873,-0.238934,-0.964321,-0.113868,-0.794197,0.126593,0.594349,0.000401,0.001172,0.000714,0.0,0.0,0.0,0.521326,-0.101294,-0.024708,0.375529,0.807372,0.572471,0.14289,-0.56364,0.819962,-0.099532,-0.175151,-0.000919,0.984472,-0.002177,0.014942,-0.02308,-0.315078,0.432856,0.437022,-1.406868,0.028554,0.031928,-0.021659,-0.845663,-0.515763,0.137262,0.508628,-0.856727,-0.085529,0.161709,-0.002513,0.986834,-0.007323,0.001658,-0.006602,-0.503608,0.694252,0.291319,-0.793227,0.084268,0.031543,-0.056204,-0.587867,0.189013,-0.786565,-0.162563,-0.980087,-0.114019,-0.792454,0.060838,0.606888,0.000246,0.000721,0.000438,-0.0,-5e-06,2e-06,0.519245
128,0.076147,0.001048,0.412917,-0.557778,0.23224,-0.796864,-0.238973,-0.964316,-0.113835,-0.794177,0.126639,0.594367,-9.6e-05,-0.000281,-0.000171,0.0,0.0,0.0,0.521598,-0.101419,-0.024429,0.374591,0.834063,0.52212,0.178106,-0.511373,0.852895,-0.104891,-0.207711,-0.004269,0.978111,-0.014447,0.004142,-0.03019,-0.178098,0.413102,0.486757,-1.406641,0.028494,0.032082,-0.022117,-0.869342,-0.463269,0.172119,0.454208,-0.886216,-0.091183,0.194778,-0.001091,0.980846,-0.000262,0.003412,-0.014849,-0.076319,0.581751,0.922782,-0.790777,0.084273,0.031537,-0.056196,-0.587878,0.189012,-0.786557,-0.162603,-0.980085,-0.113986,-0.792438,0.060887,0.606905,-7.4e-05,-0.000216,-0.000131,1e-06,-1e-06,-0.0,0.519735
129,0.076163,0.001029,0.412917,-0.557774,0.232251,-0.796864,-0.239001,-0.964309,-0.113829,-0.794172,0.126664,0.594369,0.012679,-0.003227,-0.00204,0.000984,-0.014715,0.029553,0.521415,-0.101481,-0.024371,0.374024,0.845979,0.495578,0.196754,-0.482792,0.86859,-0.111344,-0.227133,-0.00144,0.973792,-0.000226,0.005166,-0.031101,1.119282,-0.286239,5.863512,-1.406706,0.028459,0.032109,-0.022414,-0.879023,-0.436786,0.191143,0.425841,-0.899555,-0.097255,0.214424,-0.004093,0.976731,-0.000166,0.002507,-0.015708,1.166009,-0.353657,5.850033,-0.789308,0.084276,0.031527,-0.056196,-0.587888,0.189002,-0.786552,-0.162618,-0.980085,-0.113962,-0.792428,0.060911,0.606916,-2.2e-05,-6.7e-05,-3.9e-05,3e-06,1.1e-05,1e-06,0.519735
130,0.076174,0.001012,0.412942,-0.557788,0.232259,-0.796852,-0.239065,-0.964298,-0.113788,-0.794143,0.126734,0.594393,7e-05,0.000205,0.000125,0.0,0.0,0.0,0.521675,-0.10174,-0.024183,0.372604,0.857703,0.467199,0.214621,-0.45606,0.884109,-0.101463,-0.238222,-0.011462,0.971072,-0.000868,0.010375,-0.044577,-0.196398,0.242658,0.563579,-1.406441,0.028329,0.0322,-0.023107,-0.88972,-0.406526,0.207688,0.396867,-0.91363,-0.088179,0.225598,0.00397,0.974212,-0.006538,-0.001324,-0.017927,-0.338737,0.393807,0.532731,-0.789471,0.084285,0.031518,-0.056184,-0.58789,0.18903,-0.786544,-0.162695,-0.980075,-0.113937,-0.792411,0.060984,0.606931,3.8e-05,0.000108,6.4e-05,5e-06,-1e-05,1e-06,0.519735
131,0.076189,0.00101,0.412977,-0.55778,0.232303,-0.796845,-0.239149,-0.964278,-0.11378,-0.794123,0.126805,0.594403,5.4e-05,0.000157,9.5e-05,0.0,0.0,0.0,0.521298,-0.101861,-0.024194,0.370978,0.863292,0.454012,0.220436,-0.444137,0.890875,-0.094961,-0.240572,-0.016515,0.97042,0.002003,-0.006094,-0.040618,0.045458,-0.014074,0.165092,-1.406288,0.028268,0.0322,-0.023934,-0.894626,-0.392235,0.213998,0.383879,-0.919814,-0.081103,0.228651,0.009593,0.973461,0.001098,-0.003409,-0.020604,0.101052,-0.077694,0.143489,-0.789145,0.084293,0.031517,-0.056167,-0.587885,0.189075,-0.786537,-0.16278,-0.980062,-0.113928,-0.792397,0.061056,0.606941,2.2e-05,6.3e-05,3.9e-05,3e-06,1e-06,2e-06,0.519735
132,0.076191,0.000989,0.413023,-0.557822,0.232289,-0.796819,-0.23924,-0.964267,-0.113687,-0.794066,0.126918,0.594456,0.000159,0.000464,0.000282,0.0,0.0,0.0,0.521771,-0.101641,-0.024676,0.369441,0.870485,0.439134,0.222284,-0.42992,0.898285,-0.090483,-0.240495,-0.017372,0.970425,0.004441,-0.020304,-0.034936,0.021826,0.043334,-0.047127,-1.406336,0.028378,0.031956,-0.024706,-0.900844,-0.377015,0.215263,0.369204,-0.926151,-0.077012,0.228402,0.0101,0.973514,0.002308,-0.010473,-0.017736,0.052414,0.017121,-0.05949,-0.789144,0.084294,0.031506,-0.056144,-0.587926,0.189057,-0.786511,-0.16287,-0.980058,-0.113833,-0.792348,0.061173,0.606993,9.9e-05,0.000291,0.000176,-3e-06,-1.2e-05,-1.3e-05,0.519735
133,0.07619,0.000975,0.413038,-0.559214,0.228961,-0.796807,-0.233554,-0.965666,-0.113636,-0.794777,0.122259,0.594482,2e-06,7e-06,4e-06,0.0,0.0,-0.0,0.521646,-0.101527,-0.025021,0.368649,0.877735,0.427156,0.217048,-0.419807,0.903971,-0.080822,-0.231826,-0.020734,0.972466,0.003093,-0.011489,-0.045537,0.027914,-0.018287,0.142245,-1.406182,0.028433,0.031794,-0.025072,-0.907188,-0.364699,0.20977,0.358708,-0.931017,-0.067337,0.219857,0.014159,0.975428,0.00239,-0.010853,-0.018128,-0.175671,-0.104164,-0.026985,-0.790288,0.084293,0.0315,-0.056136,-0.589049,0.185615,-0.78649,-0.157072,-0.980999,-0.113879,-0.792685,0.056455,0.607011,-3e-06,-1.3e-05,-7e-06,-0.000195,3.8e-05,5.6e-05,0.519572
134,0.076179,0.000963,0.413055,-0.5606,0.225605,-0.796791,-0.227847,-0.967036,-0.113568,-0.795454,0.117593,0.594517,0.0,0.0,0.0,0.0,0.0,-0.0,0.521568,-0.101189,-0.025802,0.367222,0.893973,0.400975,0.200059,-0.398384,0.915574,-0.054296,-0.206058,-0.031684,0.977957,0.020471,-0.029451,-0.027057,-0.157566,-0.080559,0.479624,-1.406479,0.028597,0.031399,-0.025809,-0.921254,-0.338098,0.1923,0.336639,-0.94073,-0.041232,0.194843,0.02675,0.980469,0.002367,-0.010789,-0.018245,-0.349832,-0.651008,1.882126,-0.796329,0.084288,0.031493,-0.056128,-0.590162,0.182149,-0.786466,-0.151264,-0.981908,-0.113906,-0.792986,0.051741,0.607038,2e-06,-7e-06,-5e-06,-0.000228,-6e-06,0.000172,0.519898
135,0.076179,0.000963,0.413055,-0.5606,0.225605,-0.796791,-0.227847,-0.967036,-0.113568,-0.795454,0.117593,0.594517,0.0,0.0,0.0,0.0,0.0,0.0,0.521088,-0.101028,-0.026799,0.366166,0.901157,0.388256,0.192783,-0.388164,0.920719,-0.039232,-0.193859,-0.039983,0.980144,0.005022,-0.02511,-0.021732,-0.078769,0.052069,0.150729,-1.406512,0.028689,0.030877,-0.026358,-0.927626,-0.324602,0.184774,0.325511,-0.945173,-0.026262,0.183169,0.035784,0.982429,0.002474,-0.012268,-0.010617,-0.06763,0.050455,0.14666,-0.793063,0.084288,0.031493,-0.056128,-0.590161,0.182154,-0.786466,-0.151273,-0.981907,-0.113906,-0.792985,0.051748,0.607038,4e-06,-4e-06,-3e-06,-0.000141,-1e-06,0.000129,0.519735
