frame,MLTx,MLTy,MLTz,MLTR1,MLTR2,MLTR3,MLTR4,MLTR5,MLTR6,MLTR7,MLTR8,MLTR9,MLTTVx,MLTTVy,MLTTVz,MLTRVx,MLTRVy,MLTRVz,MLGA,MRTx,MRTy,MRTz,MRTR1,MRTR2,MRTR3,MRTR4,MRTR5,MRTR6,MRTR7,MRTR8,MRTR9,MRTTVx,MRTTVy,MRTTVz,MRTRVx,MRTRVy,MRTRVz,MRGA,SLTx,SLTy,SLTz,SLTR1,SLTR2,SLTR3,SLTR4,SLTR5,SLTR6,SLTR7,SLTR8,SLTR9,SLTTVx,SLTTVy,SLTTVz,SLTRVx,SLTRVy,SLTRVz,SLGA,SRTx,SRTy,SRTz,SRTR1,SRTR2,SRTR3,SRTR4,SRTR5,SRTR6,SRTR7,SRTR8,SRTR9,SRTTVx,SRTTVy,SRTTVz,SRTRVx,SRTRVy,SRTRVz,SRGA
321,0.11875,-0.011803,0.330962,-0.194757,-0.457118,-0.867847,-0.171067,-0.855393,0.488887,-0.965592,0.244238,0.08948,0.001168,0.005338,0.005148,0.012229,-0.021024,0.023722,0.011748,-0.185633,-0.009229,0.332593,0.932222,0.351812,0.084751,-0.063555,-0.07106,0.995412,0.355029,-0.933745,-0.044008,-0.0,-0.0,-0.0,0.0,0.0,0.0,-1.403794,0.036219,0.040288,-0.006993,-0.91487,-0.356102,0.190271,0.144674,0.150831,0.977915,-0.376937,0.922193,-0.086472,-0.0,2e-06,1e-06,-0.003044,0.0079,-0.007397,-1.016445,0.057486,0.034501,-0.052775,0.256871,0.451273,-0.854616,-0.035736,0.888118,0.458223,0.965784,-0.087163,0.244258,0.000536,0.002451,0.002369,0.039047,-0.034798,0.018304,-0.074479
322,0.118835,-0.011563,0.331194,-0.182981,-0.460518,-0.868612,-0.145332,-0.861145,0.487114,-0.972103,0.215938,0.09173,0.00159,0.007279,0.007001,0.004114,-0.016273,0.024639,-0.161585,-0.185624,-0.009233,0.332574,0.932278,0.351573,0.085127,-0.063917,-0.071197,0.995379,0.354818,-0.933825,-0.044029,-2.1e-05,-0.000431,-0.000391,0.0,0.0,0.0,-1.403634,0.036224,0.040286,-0.007002,-0.914937,-0.355784,0.190541,0.144899,0.151065,0.977846,-0.376686,0.922277,-0.086662,0.007045,-0.000206,-0.000709,0.005373,-0.009163,0.018873,-1.016282,0.057529,0.034623,-0.052657,0.244989,0.452761,-0.857313,-0.061511,0.889737,0.452308,0.967572,-0.058076,0.245825,0.000819,0.003744,0.00361,0.000389,-0.018078,0.019712,-0.269938
323,0.118892,-0.011413,0.331367,-0.182714,-0.460225,-0.868824,-0.145445,-0.861318,0.486775,-0.972136,0.215874,0.091522,0.002054,0.009411,0.009036,0.000574,-0.014455,0.024926,-0.26019,-0.185626,-0.009243,0.332538,0.932321,0.351386,0.085423,-0.064212,-0.071276,0.995354,0.354651,-0.933889,-0.044013,-9.6e-05,-0.001926,-0.001749,-0.001753,0.014485,-0.02485,-1.403258,0.036223,0.040285,-0.007017,-0.914974,-0.355623,0.190667,0.145002,0.151183,0.977812,-0.376558,0.92232,-0.086763,-1.9e-05,-0.000386,-0.000351,-0.004337,0.007789,-0.01296,-1.016118,0.057556,0.034693,-0.052576,0.244802,0.452472,-0.857519,-0.061349,0.889886,0.452037,0.967629,-0.058051,0.245605,0.00107,0.00491,0.004718,-0.000104,-0.028799,0.049333,-0.343093
324,0.119185,-0.011102,0.331727,-0.181798,-0.459205,-0.869554,-0.145761,-0.861931,0.485593,-0.972262,0.215593,0.090849,0.015634,-0.003892,0.015528,-0.033549,-0.013157,0.037667,-0.527203,-0.185645,-0.009283,0.332406,0.93244,0.350868,0.086249,-0.06505,-0.071458,0.995287,0.354187,-0.934069,-0.043932,-0.000154,-0.003097,-0.002814,0.0,0.0,0.0,-1.402779,0.036214,0.040263,-0.007084,-0.915027,-0.355216,0.191167,0.145412,0.151587,0.977689,-0.37627,0.92241,-0.087053,-8.1e-05,-0.001659,-0.001506,-0.003067,0.009068,-0.023766,-1.016119,0.057699,0.034859,-0.052393,0.244182,0.451305,-0.858311,-0.060946,0.890496,0.45089,0.967811,-0.057788,0.244948,0.000967,0.004467,0.004272,-1e-06,-0.014159,0.025082,-0.513894
325,0.119646,-0.010859,0.331996,-0.177852,-0.458892,-0.870535,-0.140984,-0.863624,0.483992,-0.9737,0.209377,0.089988,0.015876,0.005757,0.00582,0.001561,-0.029168,0.05448,-0.888987,-0.185658,-0.009384,0.33219,0.932528,0.35048,0.08687,-0.065715,-0.071503,0.99524,0.353832,-0.934211,-0.043773,-0.000259,-0.00518,-0.004715,-0.001753,0.014496,-0.024844,-1.402124,0.036207,0.040215,-0.00719,-0.915089,-0.354772,0.191698,0.145903,0.151885,0.97757,-0.375931,0.922532,-0.087226,-0.000117,-0.002396,-0.002179,0.007908,0.008058,-0.014344,-1.016772,0.05793,0.034978,-0.052254,0.240535,0.450353,-0.859839,-0.065589,0.891364,0.448517,0.968421,-0.051488,0.243942,0.007904,0.002735,0.002771,0.000989,-0.028407,0.05367,-0.755891
326,0.120415,-0.010754,0.332112,-0.174724,-0.455261,-0.873072,-0.14224,-0.865733,0.47984,-0.974087,0.208587,0.087599,0.01522,0.002811,0.002992,0.001564,-0.029171,0.054484,-1.536897,-0.185664,-0.009477,0.331912,0.932598,0.35017,0.08737,-0.066314,-0.071373,0.995209,0.353537,-0.934336,-0.043468,-0.000231,-0.004624,-0.004217,0.0,0.0,0.0,-1.380002,0.036204,0.040164,-0.007334,-0.915187,-0.354343,0.192021,0.14624,0.152011,0.9775,-0.375559,0.922677,-0.087299,-0.000113,-0.002349,-0.002143,0.010368,0.007712,-0.010159,-1.014975,0.058314,0.035034,-0.052193,0.238404,0.44616,-0.862614,-0.064004,0.893512,0.444452,0.969054,-0.050749,0.241573,0.01464,0.000102,0.000403,0.001809,-0.026492,0.054793,-1.014543
327,0.120849,-0.010741,0.332175,-0.176451,-0.452863,-0.873971,-0.142021,-0.866892,0.477808,-0.973806,0.20899,0.089739,0.015396,0.003691,0.003819,0.117435,0.39573,0.297978,-1.84526,-0.185673,-0.009487,0.331778,0.932631,0.350022,0.087613,-0.066625,-0.071256,0.995197,0.353393,-0.934401,-0.043262,-0.000884,0.006572,-0.012399,0.034657,0.003128,-0.007056,-1.342648,0.0362,0.040156,-0.007396,-0.915254,-0.354136,0.192087,0.146296,0.152098,0.977478,-0.375376,0.922742,-0.0874,-8.6e-05,-0.001818,-0.00166,0.008939,0.008155,-0.007356,-1.008281,0.058531,0.035036,-0.052164,0.238472,0.445256,-0.863062,-0.063809,0.893965,0.443568,0.96905,-0.050708,0.241597,0.01475,0.000647,0.000915,0.138561,0.456675,0.369921,-1.009808
328,0.121759,-0.010569,0.332327,-0.17381,-0.449725,-0.876118,-0.143106,-0.868674,0.474233,-0.974125,0.208358,0.087721,0.030166,0.004659,0.005005,0.002579,-0.043792,0.084085,-1.916953,-0.185708,-0.009449,0.331566,0.932696,0.349725,0.088104,-0.067252,-0.071023,0.995172,0.353103,-0.93453,-0.042851,-0.000121,-0.002406,-0.002198,0.0,0.0,0.0,-1.16669,0.036182,0.040176,-0.007508,-0.915428,-0.3537,0.192058,0.146209,0.152344,0.977453,-0.374984,0.922868,-0.087746,-0.000399,0.004097,-0.005461,-0.029312,0.017746,0.015351,-0.938229,0.058979,0.035118,-0.052092,0.238886,0.44047,-0.8654,-0.06272,0.896341,0.438905,0.969019,-0.05057,0.24175,0.007978,0.003267,0.003231,-0.004577,0.0676,-0.119729,-0.98858
329,0.122725,-0.01029,0.332621,-0.179487,-0.443443,-0.878173,-0.147798,-0.870375,0.469654,-0.972386,0.214636,0.091778,0.0166,0.009852,0.00958,-1.383857,0.99643,0.381398,-1.918435,-0.185725,-0.009361,0.331315,0.932725,0.349585,0.08835,-0.067706,-0.070537,0.995175,0.352939,-0.934618,-0.042251,-0.000818,0.007897,-0.011191,0.034657,0.003132,-0.007053,-0.851054,0.036173,0.040219,-0.007627,-0.915644,-0.353324,0.191718,0.145832,0.152471,0.977489,-0.374602,0.922991,-0.088084,-0.000379,0.004467,-0.00512,-0.029745,0.01696,0.018607,-0.798942,0.059467,0.035254,-0.051949,0.243906,0.435811,-0.866359,-0.059204,0.898364,0.435243,0.967989,-0.054867,0.244918,0.015234,0.003767,0.003593,-4.709325,2.951058,0.819945,-0.985804
330,0.123767,-0.009937,0.332956,-0.19279,-0.434003,-0.880067,-0.173568,-0.86766,0.465846,-0.965543,0.243097,0.093047,0.030854,0.008707,0.008694,-4.84564,2.577324,0.658033,-1.91882,-0.185735,-0.009152,0.331036,0.932867,0.349888,0.085608,-0.065943,-0.067431,0.995509,0.352898,-0.934735,-0.039956,-5.7e-05,-0.001143,-0.001046,0.0,-0.0,0.0,-0.453344,0.036168,0.040325,-0.007773,-0.91627,-0.353465,0.188444,0.143252,0.150181,0.978225,-0.374069,0.923313,-0.086971,-0.000357,0.004881,-0.004743,-0.021986,0.014321,0.034919,-0.651654,0.059984,0.035434,-0.051778,0.257908,0.428392,-0.866003,-0.036751,0.900028,0.434279,0.965469,-0.080178,0.247868,0.015349,0.00397,0.00398,0.006457,0.010058,0.117974,-0.986784
331,0.124345,-0.009758,0.333091,-0.197051,-0.430759,-0.880717,-0.183966,-0.86612,0.46472,-0.962749,0.254126,0.092525,0.031119,0.018793,-0.000592,-4.829327,2.509619,0.61286,-1.918069,-0.185748,-0.009022,0.330851,0.933043,0.350022,0.083113,-0.064299,-0.064726,0.995796,0.352738,-0.934877,-0.038008,-0.000798,0.008296,-0.010825,0.036408,-0.011435,0.017749,-0.274161,0.036162,0.040386,-0.007855,-0.916743,-0.353756,0.185572,0.141089,0.147878,0.97889,-0.373731,0.923573,-0.085654,-0.000383,0.00436,-0.005218,-0.023132,0.014082,0.028371,-0.595155,0.060273,0.035522,-0.051705,0.262588,0.425883,-0.865834,-0.025997,0.90012,0.434863,0.964557,-0.09168,0.247432,0.015361,0.004133,0.004111,-0.000892,-0.067786,0.106037,-0.984008
332,0.125458,-0.009476,0.333384,-0.19542,-0.428964,-0.881956,-0.184392,-0.867178,0.462573,-0.963002,0.25355,0.091468,0.016227,0.00873,0.008378,0.001584,-0.029171,0.054478,-1.919493,-0.185774,-0.008958,0.330467,0.933709,0.35119,0.069597,-0.054387,-0.052675,0.997096,0.352644,-0.935197,-0.030188,-0.000344,-0.006819,-0.006258,-0.000808,0.014584,-0.023006,-0.071211,0.036149,0.040429,-0.008051,-0.918413,-0.356008,0.172552,0.132001,0.13541,0.981956,-0.372949,0.92462,-0.077369,-0.000173,-0.003559,-0.003269,0.018849,0.001873,-0.007568,-0.478403,0.060841,0.035671,-0.051557,0.263974,0.423044,-0.866804,-0.020234,0.900912,0.433529,0.964317,-0.096902,0.246377,0.008111,0.004365,0.004173,0.002613,-0.029894,0.054177,-0.985804
333,0.126493,-0.009325,0.333595,-0.193384,-0.42677,-0.883467,-0.184984,-0.868447,0.459947,-0.963302,0.2529,0.090102,0.029541,0.002913,0.003125,0.002573,-0.043884,0.084032,-1.919014,-0.185846,-0.00914,0.330152,0.930925,0.35895,0.06727,-0.053241,-0.048518,0.997369,0.36008,-0.932481,-0.026158,-0.000374,-0.007376,-0.006786,0.011892,-0.043004,-0.03251,0.050321,0.036113,0.040338,-0.008208,-0.918324,-0.357758,0.169377,0.12986,0.131922,0.982717,-0.373919,0.924448,-0.074689,-0.000179,-0.003632,-0.003341,0.016668,-0.062303,0.009241,-0.22171,0.061348,0.03575,-0.051449,0.262558,0.420574,-0.868435,-0.019488,0.902139,0.431004,0.964718,-0.09624,0.24506,0.014683,0.00101,0.00113,0.003356,-0.044248,0.083817,-0.990703
334,0.126973,-0.009321,0.333618,-0.197172,-0.422781,-0.884547,-0.190032,-0.868657,0.457486,-0.961545,0.258816,0.092037,0.01475,0.00139,0.001493,0.008399,-0.002256,0.069911,-1.919782,-0.185874,-0.009289,0.330017,0.926686,0.369671,0.067733,-0.053087,-0.04935,0.997337,0.370845,-0.928252,-0.026211,-0.000413,-0.008101,-0.007465,-0.001513,0.014303,-0.024908,0.096921,0.036099,0.040264,-0.008275,-0.913689,-0.369321,0.169624,0.128541,0.133334,0.982699,-0.385548,0.919686,-0.074354,-0.000199,-0.004087,-0.003762,-0.004072,-0.034772,-0.033884,-0.140554,0.061583,0.035755,-0.051434,0.267262,0.41706,-0.868695,-0.014354,0.903111,0.429166,0.963516,-0.10223,0.247354,0.007267,0.000129,0.000203,-0.005064,-0.002325,0.037416,-0.991356
335,0.127776,-0.009433,0.333511,-0.200819,-0.418604,-0.885713,-0.195075,-0.868928,0.454841,-0.959775,0.264637,0.093944,0.027925,-0.005445,-0.004691,0.012974,0.014415,0.084251,-1.91855,-0.185914,-0.009687,0.329679,0.908541,0.411438,0.072553,-0.057894,-0.047717,0.997149,0.412565,-0.910642,-0.019642,-0.000615,-0.012018,-0.011115,0.169368,-0.1543,-0.143156,0.179128,0.036079,0.040066,-0.008444,-0.894465,-0.411354,0.175267,0.131197,0.133276,0.982356,-0.427455,0.901678,-0.065242,-0.000299,-0.006168,-0.005696,0.163887,-0.188996,-0.140451,-0.009106,0.061991,0.035703,-0.051485,0.271592,0.413426,-0.869089,-0.009058,0.90409,0.427245,0.962369,-0.108165,0.249288,0.006786,-0.002396,-0.002149,-0.001304,0.028231,0.021164,-0.991519
336,0.128463,-0.009651,0.33333,-0.204287,-0.413872,-0.887142,-0.194682,-0.870967,0.451096,-0.959119,0.265374,0.098462,0.013497,-0.005245,-0.004708,0.019015,0.057584,0.071017,-1.918162,-0.186047,-0.010295,0.329179,0.882107,0.463957,0.081381,-0.066258,-0.048585,0.996586,0.465197,-0.885046,-0.012237,-0.000842,-0.016223,-0.015089,-0.306925,-5.598552,-0.060801,0.245032,0.036013,0.039775,-0.008682,-0.868893,-0.458594,0.186315,0.139738,0.133836,0.981101,-0.474864,0.878508,-0.052206,-0.007498,-0.008206,-0.007093,0.176113,-0.180719,-0.173558,0.088379,0.062344,0.035587,-0.051582,0.275918,0.409183,-0.869734,-0.009182,0.905941,0.423304,0.961136,-0.108811,0.253723,0.006721,-0.002787,-0.00252,0.002311,0.031531,0.056232,-0.993642
337,0.1288,-0.009771,0.333222,-0.206796,-0.408571,-0.889017,-0.200525,-0.871661,0.447179,-0.957373,0.271248,0.099437,0.013356,-0.006039,-0.005455,0.005477,0.020256,0.016394,-1.918346,-0.186182,-0.010616,0.328875,0.870818,0.48319,0.090518,-0.075147,-0.050887,0.99584,0.48467,-0.874581,-0.008135,-0.015138,-0.017744,-0.015507,0.288171,-0.462987,-0.150125,0.274657,0.03595,0.039608,-0.008841,-0.854049,-0.481786,0.196166,0.147648,0.137083,0.979493,-0.498797,0.865499,-0.045941,-0.000454,-0.009065,-0.008441,0.299614,-0.810814,-0.530406,0.133284,0.062507,0.035529,-0.051634,0.279542,0.404196,-0.870908,-0.002905,0.907422,0.42021,0.960128,-0.114936,0.254837,0.006726,-0.002779,-0.002514,-0.015241,-0.026776,0.021544,-0.993479
338,0.129463,-0.010069,0.332965,-0.212029,-0.393746,-0.894457,-0.207312,-0.876304,0.434839,-0.954774,0.278115,0.10529,0.027315,-0.009008,-0.008078,0.07123,0.365886,0.056648,-1.918095,-0.186594,-0.011355,0.328196,0.84476,0.522513,0.115549,-0.097669,-0.061533,0.993282,0.525028,-0.851004,-0.001111,-0.015332,-0.020206,-0.017943,0.391789,-0.358308,-0.165917,0.314378,0.035744,0.039238,-0.00918,-0.825166,-0.519195,0.222568,0.169787,0.147828,0.97433,-0.538769,0.841773,-0.033829,-0.007622,-0.009748,-0.008616,0.516301,-0.471372,-0.251546,0.204969,0.062834,0.03538,-0.051762,0.286746,0.39065,-0.874739,0.004945,0.912467,0.40912,0.957993,-0.121639,0.259714,0.006428,-0.004441,-0.004076,0.125804,0.419275,0.236101,-0.991846
339,0.130039,-0.010539,0.332645,-0.218441,-0.376591,-0.900282,-0.220115,-0.879761,0.421356,-0.950446,0.290671,0.110406,0.01247,-0.011113,-0.010257,0.050394,0.199398,0.126745,-1.917432,-0.18716,-0.012099,0.327519,0.818276,0.558501,0.135986,-0.118307,-0.067663,0.990635,0.56142,-0.827381,0.010517,-0.015385,-0.019835,-0.017733,0.388703,-0.356326,-0.1379,0.337606,0.035456,0.038855,-0.009528,-0.796071,-0.553762,0.244164,0.190532,0.153607,0.969588,-0.574427,0.818383,-0.016773,-0.007671,-0.009925,-0.008851,0.384655,-0.364941,-0.124201,0.244975,0.063132,0.035144,-0.051924,0.297344,0.373949,-0.878491,0.018927,0.917618,0.39701,0.954582,-0.134676,0.265771,0.006209,-0.005718,-0.005288,0.031955,0.177031,0.099997,-0.998704
340,0.130702,-0.01112,0.332176,-0.22448,-0.351245,-0.909,-0.234394,-0.885946,0.400163,-0.945606,0.303325,0.117682,0.01206,-0.013594,-0.012647,0.052521,0.297142,0.23105,-1.917826,-0.188035,-0.012863,0.326756,0.785532,0.599149,0.154763,-0.139312,-0.072254,0.987575,0.601876,-0.798065,0.026496,-0.01558,-0.021509,-0.019486,0.276099,-2.178962,-0.079589,0.378467,0.035024,0.038482,-0.009902,-0.762717,-0.590609,0.263519,0.210519,0.158542,0.964648,-0.611509,0.791229,0.003412,-0.015117,-0.010461,-0.009131,-0.130538,-6.011251,-0.447733,0.294615,0.063459,0.034857,-0.052154,0.308117,0.349788,-0.88471,0.035165,0.925131,0.378016,0.950698,-0.147584,0.272748,0.005959,-0.007231,-0.006738,0.013512,0.059612,0.813937,-0.997888
341,0.130999,-0.011445,0.331958,-0.229899,-0.336961,-0.913044,-0.241254,-0.889146,0.38883,-0.942569,0.310081,0.12426,0.012284,-0.01247,-0.011616,0.112057,0.533254,0.16658,-1.917342,-0.188574,-0.013251,0.326409,0.774953,0.609739,0.166309,-0.152714,-0.074498,0.985425,0.612243,-0.789801,0.035153,-0.015448,-0.018418,-0.016609,0.478639,-0.471164,-0.434255,0.386915,0.034765,0.038287,-0.010077,-0.750529,-0.601393,0.273918,0.222352,0.160519,0.961661,-0.622305,0.782661,0.013247,-0.014886,-0.009469,-0.007999,-0.337389,-0.468366,-2.668995,0.313883,0.063602,0.034699,-0.052266,0.315031,0.336859,-0.887288,0.043272,0.928821,0.367991,0.948094,-0.154324,0.27803,0.006064,-0.006732,-0.006279,0.164953,0.458177,1.038538,-1.004909
342,0.131732,-0.012021,0.331631,-0.238641,-0.309772,-0.9204,-0.249611,-0.896359,0.366342,-0.9382,0.317547,0.137735,0.026973,-0.011895,-0.010962,0.10973,0.545257,0.182874,-1.917267,-0.189633,-0.013837,0.325907,0.747671,0.637788,0.184947,-0.172583,-0.082131,0.981532,0.640235,-0.766563,0.048411,-0.02961,-0.014067,-0.011509,0.280641,-0.251178,-0.082514,0.407442,0.034219,0.037978,-0.010342,-0.719857,-0.628545,0.294507,0.244166,0.167875,0.955092,-0.649759,0.759439,0.032623,-0.014775,-0.00682,-0.005522,0.203513,-0.228435,-0.031236,0.342949,0.063977,0.034395,-0.052437,0.329844,0.310554,-0.891492,0.053757,0.936631,0.346167,0.942503,-0.162105,0.292248,0.013501,-0.005877,-0.005427,0.115754,0.558986,0.19285,-1.013564
343,0.132705,-0.012648,0.331484,-0.247969,-0.277357,-0.92824,-0.269243,-0.900671,0.340987,-0.930311,0.334816,0.14982,0.027235,-0.019629,0.000489,-0.489293,-0.686044,2.593885,-1.917619,-0.190796,-0.014333,0.325523,0.722256,0.658663,0.210954,-0.196214,-0.097163,0.975702,0.662223,-0.746907,0.058776,-0.044049,-0.013573,-0.010112,0.250085,-0.214228,-0.11784,0.417145,0.033654,0.03774,-0.010525,-0.692258,-0.646748,0.320146,0.266756,0.182877,0.946254,-0.670535,0.740453,0.045926,-0.014805,-0.006496,-0.00525,0.248586,-0.357633,0.071768,0.36679,0.064464,0.03408,-0.052513,0.345665,0.28016,-0.895558,0.075862,0.942921,0.324258,0.935286,-0.180024,0.304681,0.013666,-0.009752,0.000318,-0.506236,-0.68976,2.561255,-1.021075
344,0.133278,-0.013045,0.331479,-0.250701,-0.257339,-0.933258,-0.276827,-0.904714,0.323775,-0.927346,0.339837,0.156739,0.026903,-0.030694,0.008804,0.057188,-0.693983,2.815347,-1.917222,-0.191398,-0.014624,0.325284,0.712407,0.664895,0.224459,-0.206684,-0.106689,0.972539,0.669664,-0.740053,0.061114,-0.029824,-0.014942,-0.012498,-0.709858,0.045664,-2.452128,0.417347,0.033348,0.037598,-0.010642,-0.682059,-0.652286,0.330631,0.275107,0.190042,0.942443,-0.677577,0.733761,0.049829,-0.014896,-0.007417,-0.006166,0.358322,-0.305847,-0.075696,0.371362,0.06474,0.033894,-0.052516,0.352023,0.263125,-0.898244,0.084832,0.946753,0.310581,0.932138,-0.185532,0.310958,0.013538,-0.010389,-0.000329,0.260342,1.023047,0.369118,-1.025484
345,0.134656,-0.013958,0.331485,-0.25404,-0.21984,-0.941902,-0.291629,-0.911097,0.291249,-0.921883,0.348943,0.168518,0.041523,-0.022068,-0.001784,0.098105,0.330173,0.470738,-1.916226,-0.192589,-0.015249,0.324741,0.700995,0.670364,0.24333,-0.218981,-0.122212,0.968011,0.677752,-0.732678,0.060799,-0.030068,-0.016651,-0.014282,-0.213086,0.024825,-0.74115,0.417268,0.032753,0.037287,-0.010912,-0.668532,-0.655746,0.350801,0.28775,0.206882,0.935093,-0.685758,0.726083,0.050384,-0.015039,-0.008429,-0.007186,-0.903325,0.212105,-2.331347,0.375117,0.065425,0.033438,-0.052507,0.361932,0.22335,-0.905052,0.104227,0.95509,0.277379,0.926359,-0.194724,0.322398,0.02078,-0.010894,-0.00078,0.115298,0.40846,0.501124,-1.033485
346,0.136181,-0.015024,0.331527,-0.252838,-0.183829,-0.949908,-0.296176,-0.919946,0.256808,-0.920764,0.346494,0.179336,0.041471,-0.023152,-0.002904,0.182991,-0.99485,2.893275,-1.916219,-0.193878,-0.015851,0.324093,0.688142,0.673685,0.269444,-0.230717,-0.14874,0.961551,0.68697,-0.724676,0.052716,-0.030813,-0.006346,-0.023456,-0.043141,-0.01883,-0.151784,0.407542,0.032108,0.03698,-0.011234,-0.653672,-0.656399,0.376631,0.298538,0.233655,0.925353,-0.695403,0.717317,0.043226,-0.015127,-0.008826,-0.00767,-0.340831,0.205588,-0.928553,0.370545,0.066187,0.032906,-0.052484,0.368584,0.189924,-0.909985,0.111888,0.962725,0.246252,0.922835,-0.192581,0.333595,0.020576,-0.01707,0.002732,0.120632,0.438759,0.722996,-1.034791
347,0.137642,-0.016239,0.331692,-0.24459,-0.149112,-0.958116,-0.302303,-0.927127,0.221406,-0.921011,0.343975,0.182884,0.027312,-0.021173,-0.001175,0.257604,-0.99874,3.07746,-1.916162,-0.195143,-0.016078,0.323217,0.659389,0.683984,0.312031,-0.250927,-0.190846,0.948972,0.707778,-0.704879,0.045375,-0.031284,0.006726,-0.029894,0.031906,0.128035,-0.508871,0.399821,0.031475,0.036858,-0.011673,-0.621606,-0.662752,0.417568,0.317042,0.274594,0.907789,-0.716302,0.696675,0.039431,-0.015346,-0.002056,-0.010655,-0.23954,0.139197,-0.913079,0.357972,0.066923,0.032296,-0.052404,0.36601,0.155005,-0.91761,0.122448,0.969436,0.212601,0.922519,-0.190174,0.335843,0.020736,-0.016562,0.003181,0.082354,0.411237,0.704002,-1.034791
348,0.138344,-0.016879,0.331836,-0.236435,-0.133914,-0.962399,-0.306017,-0.929787,0.204501,-0.921923,0.343023,0.180054,0.04172,-0.032117,0.007352,0.019,0.086939,0.592143,-1.916429,-0.195718,-0.016064,0.322674,0.648567,0.681356,0.339272,-0.268036,-0.21257,0.93963,0.711502,-0.701187,0.044314,-0.031388,0.005885,-0.030787,0.262574,-0.13224,-0.449182,0.392154,0.031194,0.03687,-0.011933,-0.609691,-0.657543,0.442619,0.331835,0.29538,0.895899,-0.719833,0.693099,0.038105,-0.015686,0.002939,-0.015327,-0.401626,0.256982,-3.031379,0.352257,0.067268,0.031978,-0.052337,0.360254,0.135539,-0.922954,0.129037,0.972636,0.193202,0.923886,-0.188697,0.332907,0.013544,-0.016039,0.003626,0.049634,0.193349,0.626144,-1.036098
349,0.139611,-0.018148,0.332274,-0.210021,-0.106127,-0.971943,-0.314858,-0.933786,0.169941,-0.925367,0.341842,0.163912,0.027738,-0.028701,0.010526,-0.054638,-0.277791,0.51951,-1.915771,-0.196591,-0.016022,0.321524,0.635564,0.663947,0.393985,-0.305894,-0.251822,0.918123,0.707977,-0.704857,0.042532,-0.017178,0.00331,-0.034416,-0.530423,0.480902,-3.154099,0.360947,0.030747,0.036894,-0.012511,-0.593353,-0.636397,0.492878,0.366886,0.331195,0.869312,-0.716467,0.69664,0.036969,-0.008528,0.002109,-0.016738,0.537653,-0.047391,-0.810957,0.323844,0.067907,0.031342,-0.05212,0.340431,0.103496,-0.934555,0.142478,0.976768,0.160072,0.929411,-0.187647,0.317776,0.013805,-0.019342,0.009942,-0.095909,-0.290509,0.504987,-1.026627
350,0.14061,-0.019362,0.332848,-0.173656,-0.073483,-0.982084,-0.324392,-0.937284,0.127437,-0.929646,0.340796,0.140152,0.013253,-0.037466,0.021046,-0.037356,-0.754481,1.365862,-1.91575,-0.196973,-0.015834,0.320206,0.619319,0.645247,0.447316,-0.350824,-0.282099,0.892903,0.70153,-0.710711,0.051074,-0.002412,0.006518,-0.032243,0.359765,0.140985,-0.885064,0.346049,0.030556,0.036976,-0.013167,-0.572569,-0.61248,0.545006,0.410361,0.361398,0.837254,-0.709766,0.703036,0.044413,-0.001166,0.003477,-0.015896,0.495434,0.016978,-0.934004,0.290206,0.068412,0.03074,-0.051835,0.311764,0.06616,-0.947853,0.157556,0.980162,0.120238,0.937005,-0.186826,0.295156,0.014099,-0.013444,0.006128,0.122937,-1.83734,3.279066,-1.016993
351,0.141024,-0.019958,0.33313,-0.150242,-0.052607,-0.987272,-0.329144,-0.938947,0.100067,-0.93208,0.340049,0.124984,0.013518,-0.026535,0.012544,0.119276,-1.827845,3.271233,-1.915671,-0.197006,-0.015657,0.319598,0.602765,0.639698,0.47692,-0.377489,-0.297802,0.876784,0.702126,-0.709308,0.061353,-0.002264,0.008211,-0.030572,0.872972,-0.208823,-1.384991,0.348166,0.030533,0.037066,-0.013484,-0.555682,-0.603159,0.572202,0.433674,0.376908,0.818453,-0.709325,0.70295,0.052133,-0.001081,0.004442,-0.01494,0.521364,0.055479,-1.205069,0.285634,0.068619,0.030438,-0.05169,0.294136,0.043414,-0.954776,0.165748,0.981514,0.095691,0.941281,-0.186398,0.281503,0.006699,-0.013577,0.005954,-0.051466,-0.360741,0.665613,-1.018789
352,0.141586,-0.020776,0.333571,-0.112705,-0.019183,-0.993466,-0.335407,-0.940383,0.056155,-0.935182,0.339563,0.100789,0.014451,-0.011041,0.008446,-0.009287,-0.482555,0.881297,-1.916234,-0.196874,-0.015266,0.318535,0.5763,0.615091,0.538083,-0.432862,-0.328567,0.839409,0.692364,-0.717417,0.076198,0.013079,0.000604,-0.019793,0.725587,-0.160916,-1.339076,0.348994,0.030593,0.037264,-0.014019,-0.524688,-0.57333,0.62928,0.486376,0.404785,0.77433,-0.69867,0.712349,0.066468,-0.000883,0.006698,-0.012687,0.824734,-0.145996,-1.585412,0.286287,0.068899,0.030016,-0.051476,0.261724,0.002245,-0.965139,0.179014,0.982532,0.05083,0.948395,-0.186077,0.256751,0.007252,-0.005277,0.004445,-0.007731,-0.494182,0.902197,-1.011604
353,0.141862,-0.020966,0.333932,-0.083854,0.008205,-0.996467,-0.360819,-0.932346,0.022633,-0.928769,0.361427,0.082382,0.000695,0.00474,0.004577,-0.023714,-0.397776,0.725115,-1.915246,-0.19647,-0.01492,0.317746,0.529437,0.590899,0.608708,-0.487446,-0.375207,0.788384,0.693564,-0.714831,0.088596,0.013492,0.005238,-0.015117,0.640986,-0.051919,-1.721764,0.347728,0.030795,0.037433,-0.014418,-0.472991,-0.543008,0.693844,0.536435,0.447233,0.715695,-0.698939,0.71072,0.079751,0.006793,0.003013,-0.007151,0.514049,0.081131,-2.322894,0.285144,0.069036,0.029916,-0.051294,0.238391,-0.029008,-0.970735,0.210044,0.977435,0.022374,0.948182,-0.209231,0.239105,0.000276,-0.002802,0.006827,-0.516499,-0.368979,0.738393,-1.00148
354,0.141775,-0.02073,0.33416,-0.060804,0.029744,-0.997729,-0.416383,-0.909172,-0.001782,-0.907091,0.415287,0.068909,-0.013408,0.018078,-0.001664,-0.455678,-0.192512,0.370878,-1.914215,-0.195913,-0.01468,0.317263,0.473104,0.567615,0.673779,-0.537402,-0.419941,0.731288,0.697426,-0.708754,0.105491,0.013813,0.008977,-0.011325,0.335082,-0.436332,-1.993718,0.332468,0.031062,0.037552,-0.014659,-0.414824,-0.513864,0.750908,0.580696,0.485837,0.653263,-0.700508,0.707039,0.096863,0.006848,0.004413,-0.005944,-3.825558,-2.980421,-4.827531,0.275837,0.069004,0.030033,-0.051174,0.218706,-0.054607,-0.974261,0.271491,0.962415,0.007002,0.937261,-0.266035,0.225312,0.000551,0.0038,0.003663,-1.671177,-0.304118,0.643713,-0.996255
355,0.141669,-0.020447,0.334217,-0.047038,0.040511,-0.998094,-0.448248,-0.893764,-0.015204,-0.892625,0.446623,0.061442,0.001393,0.018897,-0.000851,-0.10666,-0.222773,0.400435,-1.914258,-0.195569,-0.014583,0.317163,0.449489,0.556053,0.699111,-0.559603,-0.434597,0.705623,0.695614,-0.709068,0.114921,0.014627,0.001276,0.000344,0.55274,-0.051263,-1.662429,0.320263,0.031245,0.0376,-0.014718,-0.386599,-0.499921,0.774996,0.601775,0.500046,0.622751,-0.69886,0.707129,0.107523,0.007094,0.006594,-0.003525,0.743342,-0.302641,-1.750651,0.26261,0.068945,0.030173,-0.051147,0.206901,-0.06745,-0.976033,0.307391,0.951583,-0.000599,0.928817,-0.2999,0.217617,-0.006531,0.010135,0.000232,-0.467667,-0.207217,0.387346,-0.996091
356,0.14133,-0.019606,0.334254,-0.016229,0.059816,-0.9981,-0.508973,-0.859677,-0.043298,-0.86062,0.507225,0.045638,-0.012742,0.02225,0.002301,-0.112338,-0.119695,0.200147,-1.912575,-0.194649,-0.014123,0.317131,0.376214,0.549474,0.746012,-0.585842,-0.482575,0.651034,0.717244,-0.682638,0.139392,0.02909,0.018753,-0.002371,0.629892,-0.313731,-1.495973,0.298024,0.03171,0.037831,-0.014735,-0.309553,-0.487863,0.816189,0.623499,0.543928,0.561595,-0.71793,0.682738,0.135808,0.01458,0.009696,-0.00086,0.648637,-0.336494,-1.509366,0.233218,0.068781,0.030592,-0.051129,0.179465,-0.091542,-0.979495,0.376219,0.926362,-0.017645,0.908983,-0.365339,0.200689,-0.006311,0.011478,0.001506,-0.467104,-0.229162,0.390964,-1.00246
357,0.141128,-0.018606,0.334315,0.019322,0.076018,-0.996942,-0.565942,-0.821132,-0.073635,-0.824251,0.565536,0.028396,-0.012221,0.025498,0.005352,-0.09707,-0.256406,0.433397,-1.910851,-0.193893,-0.013352,0.317263,0.312699,0.537877,0.782879,-0.615955,-0.512462,0.59826,0.722579,-0.669944,0.170054,0.014925,0.023738,0.003602,0.751192,-0.554145,-1.660874,0.272045,0.032083,0.038209,-0.014668,-0.245845,-0.472535,0.846327,0.647692,0.569505,0.50612,-0.721147,0.672587,0.166047,0.00746,0.011802,0.001736,0.52066,-0.208457,-1.467566,0.195334,0.068679,0.03109,-0.051102,0.1472,-0.112888,-0.982643,0.44231,0.896111,-0.036688,0.884699,-0.429233,0.181839,0.001207,0.01741,-0.002311,-0.364078,-0.726346,1.24077,-1.021075
358,0.141077,-0.018068,0.334387,0.026918,0.081005,-0.996373,-0.589002,-0.804011,-0.081332,-0.807724,0.588951,0.027309,0.002325,0.024996,0.004874,0.00205,0.044224,0.542035,-1.910564,-0.193533,-0.012949,0.317384,0.290286,0.52836,0.797849,-0.632266,-0.519818,0.574424,0.717859,-0.671838,0.182142,0.014967,0.024738,0.004576,0.470666,-0.184432,-1.415013,0.265949,0.032263,0.038412,-0.014606,-0.220557,-0.462002,0.859015,0.663242,0.574714,0.479388,-0.715166,0.675468,0.179661,0.007753,0.006666,0.006232,0.549791,-0.427409,-1.363191,0.183741,0.068649,0.031361,-0.051064,0.139826,-0.118111,-0.983106,0.468587,0.882538,-0.039383,0.872281,-0.455164,0.178747,0.001277,0.013189,0.003106,-0.090702,0.204457,0.668781,-1.029566
359,0.14096,-0.016867,0.334492,0.03689,0.085902,-0.995643,-0.615218,-0.783137,-0.090415,-0.787545,0.615763,0.025197,-0.011799,0.037253,-0.002476,-0.079054,0.173891,0.188545,-1.910492,-0.192797,-0.01214,0.317741,0.244284,0.514386,0.822025,-0.65646,-0.536077,0.530675,0.713319,-0.669882,0.205661,0.0151,0.027503,0.007267,0.434159,-0.271283,-1.232782,0.258928,0.032632,0.038816,-0.014427,-0.173939,-0.445112,0.878418,0.683473,0.587616,0.433094,-0.708948,0.675708,0.202013,0.007562,0.013924,0.003798,0.585396,-0.594549,-1.208524,0.168555,0.068596,0.03196,-0.051005,0.130702,-0.124933,-0.983518,0.498606,0.865726,-0.043709,0.856918,-0.484675,0.175444,0.001167,0.012483,0.002396,-0.458813,0.289541,0.252902,-1.045242
360,0.140934,-0.015887,0.33457,0.038118,0.093135,-0.994946,-0.641259,-0.761292,-0.095884,-0.76643,0.641555,0.031943,0.001815,0.021514,0.001463,-5.470864,-0.088733,0.255593,-1.910273,-0.192049,-0.011211,0.318302,0.209018,0.502603,0.838865,-0.675824,-0.545642,0.49545,0.706459,-0.671087,0.224543,0.015814,0.019563,0.018484,0.444314,-0.470416,-1.150159,0.258275,0.033005,0.039285,-0.01415,-0.139132,-0.431024,0.891549,0.699482,0.594515,0.39658,-0.700975,0.6788,0.218777,0.015137,0.010257,0.009207,0.210705,-0.16157,-0.670756,0.163003,0.068579,0.032462,-0.050961,0.130802,-0.13226,-0.982546,0.523199,0.851026,-0.044905,0.842111,-0.508194,0.180514,-0.006257,0.011409,0.001335,0.04078,0.553933,0.332286,-1.06549
361,0.141006,-0.015096,0.33454,0.035773,0.10921,-0.993398,-0.657747,-0.745764,-0.105725,-0.752438,0.657048,0.04639,0.0013,0.018069,-0.001798,-5.461868,0.058119,0.645189,-1.91,-0.19136,-0.010384,0.319006,0.184687,0.493438,0.849942,-0.687593,-0.55293,0.470551,0.701903,-0.671912,0.236074,0.015742,0.019759,0.01852,0.172888,-0.104224,-0.671744,0.263852,0.03335,0.039702,-0.013794,-0.112256,-0.421,0.900087,0.710089,0.599653,0.369037,-0.695104,0.680569,0.231633,0.007885,0.010162,0.009529,0.214037,-0.189266,-0.693522,0.163656,0.068615,0.03286,-0.050974,0.135064,-0.146856,-0.979892,0.543057,0.838159,-0.050762,0.828761,-0.525281,0.192956,0.000736,0.009552,-0.000412,0.027994,0.704517,0.457599,-1.080023
362,0.141042,-0.01471,0.334466,0.031598,0.119291,-0.992379,-0.666068,-0.737726,-0.109941,-0.745266,0.664314,0.05738,0.001194,0.017367,-0.002461,-5.458676,0.20319,0.835104,-1.910349,-0.191021,-0.009975,0.319373,0.17297,0.491197,0.853697,-0.692738,-0.555355,0.46003,0.699841,-0.671551,0.243114,0.015775,0.02086,0.019523,0.245371,-0.261186,-0.739639,0.278879,0.03352,0.039905,-0.013612,-0.101391,-0.418032,0.902756,0.71401,0.601307,0.358634,-0.692754,0.68094,0.237512,0.01503,0.010126,0.008948,0.359717,-0.465403,-0.870654,0.17378,0.068633,0.033052,-0.051012,0.140329,-0.155508,-0.977816,0.552985,0.83151,-0.052879,0.821288,-0.533298,0.202679,0.000546,0.008304,-0.001586,0.033859,0.338673,0.255237,-1.083615
363,0.141235,-0.014156,0.334128,0.02454,0.140334,-0.989823,-0.678262,-0.724993,-0.119657,-0.734445,0.674119,0.078623,0.014445,0.009052,-0.010225,-0.016511,0.670129,0.679971,-1.909762,-0.19056,-0.009167,0.320107,0.145378,0.496004,0.856059,-0.694774,-0.564721,0.445324,0.704123,-0.660105,0.261412,0.001351,0.020158,0.019685,0.31274,-0.483526,-0.693749,0.268406,0.033756,0.040312,-0.013243,-0.074361,-0.422095,0.903496,0.714528,0.609454,0.343533,-0.695643,0.671119,0.256279,0.00784,0.010373,0.00962,0.351535,-0.607435,-0.644497,0.186027,0.068731,0.033341,-0.051177,0.149679,-0.175901,-0.972961,0.573183,0.817259,-0.059573,0.80564,-0.548768,0.22315,0.007187,0.004211,-0.00541,-0.018095,0.595783,0.643958,-1.09178
364,0.141442,-0.013835,0.333628,0.020501,0.159209,-0.987055,-0.690476,-0.711705,-0.129191,-0.723093,0.683986,0.096567,-0.000135,0.017782,-0.020784,0.066764,0.210672,0.40099,-1.910099,-0.190253,-0.008332,0.320843,0.109313,0.502388,0.857699,-0.69474,-0.578395,0.427467,0.710695,-0.643211,0.2847,0.015632,0.020772,0.019113,0.179955,-0.645803,-0.516314,0.268578,0.033904,0.040728,-0.012876,-0.037137,-0.42789,0.903067,0.713405,0.621457,0.323795,-0.699766,0.656277,0.28218,0.000647,0.009975,0.009662,-0.014612,-0.978168,-0.809194,0.173617,0.068834,0.033491,-0.051422,0.157041,-0.195547,-0.968038,0.588758,0.80551,-0.067204,0.792907,-0.559386,0.241628,0.006904,0.002324,-0.007178,0.025642,0.357921,0.245382,-1.098965
365,0.14158,-0.01369,0.333287,0.016894,0.16948,-0.985412,-0.698914,-0.702731,-0.132898,-0.715032,0.69075,0.107806,0.013522,0.002823,-0.016069,-0.103176,0.70249,-0.281047,-1.909331,-0.190111,-0.00798,0.321189,0.090188,0.504767,0.858526,-0.701518,-0.579585,0.414593,0.706738,-0.640272,0.300727,0.00116,0.017833,0.017216,0.478755,-0.907427,-0.759007,0.269792,0.033981,0.040917,-0.012691,-0.018678,-0.429711,0.902772,0.718873,0.621775,0.310832,-0.694889,0.654785,0.297294,0.000562,0.008794,0.008487,0.450302,-0.854844,-0.72535,0.176229,0.068903,0.033572,-0.051599,0.161419,-0.205177,-0.965321,0.598886,0.797818,-0.06943,0.784397,-0.56691,0.25166,0.006736,0.001176,-0.008258,-0.12214,0.730711,-0.357645,-1.097658
366,0.141787,-0.013335,0.332453,0.012153,0.188373,-0.982046,-0.70684,-0.693009,-0.141732,-0.707288,0.695635,0.125949,-0.001015,0.002447,-0.016456,0.017991,0.4753,0.265966,-1.909944,-0.189841,-0.007458,0.321702,0.04357,0.512078,0.857828,-0.708102,-0.589787,0.38817,0.704644,-0.62496,0.335803,0.014966,0.011521,0.010051,0.433414,-0.902191,-0.513681,0.264353,0.034111,0.041178,-0.012433,0.028586,-0.4366,0.899201,0.723528,0.629726,0.282757,-0.689702,0.642514,0.333894,0.000359,0.00571,0.005483,0.569583,-1.083947,-0.872624,0.17329,0.069001,0.03374,-0.052004,0.168034,-0.221206,-0.960641,0.609291,0.789373,-0.075192,0.774937,-0.572675,0.26742,-0.000397,0.006545,-0.012601,0.049997,0.439956,0.51359,-1.096678
367,0.141966,-0.012997,0.331561,0.006603,0.197988,-0.980205,-0.715106,-0.684198,-0.14307,-0.698997,0.701646,0.138285,-0.000801,0.013289,-0.025026,-0.951767,1.464203,-2.157815,-1.909947,-0.189679,-0.007252,0.322046,-0.005678,0.519338,0.854545,-0.713948,-0.60036,0.36025,0.700124,-0.608683,0.373088,0.000979,-0.005206,0.013835,0.344958,-0.777217,-0.496301,0.269069,0.034197,0.041288,-0.012263,0.078602,-0.443744,0.892699,0.727381,0.63788,0.253033,-0.681716,0.629444,0.37291,0.000148,0.002414,0.002312,0.45226,-0.850698,-0.755286,0.173943,0.069095,0.033906,-0.05246,0.172374,-0.232273,-0.957254,0.618633,0.781769,-0.078294,0.766537,-0.578693,0.278448,-0.000398,0.006595,-0.012559,-1.57953,-0.118661,0.538627,-1.101251
368,0.142056,-0.012553,0.330669,0.006155,0.205586,-0.978643,-0.72642,-0.671605,-0.145709,-0.687233,0.711545,0.146426,-0.000718,0.013863,-0.024492,0.066401,0.065083,0.056484,-1.909459,-0.18965,-0.007385,0.322312,-0.06635,0.525901,0.847948,-0.712112,-0.620138,0.329027,0.698955,-0.58264,0.414554,7.3e-05,0.00116,0.001109,0.560326,-1.146596,-0.744253,0.266251,0.034212,0.041222,-0.012129,0.135896,-0.449667,0.882797,0.72222,0.654925,0.22242,-0.678181,0.607348,0.41376,0.000332,-0.00501,0.004621,0.457198,-0.99018,-0.668426,0.174923,0.06914,0.034121,-0.052897,0.176398,-0.238894,-0.954889,0.632453,0.770858,-0.076019,0.754245,-0.590513,0.287067,-0.00033,0.007021,-0.012161,0.065685,0.052458,0.056171,-1.098638
369,0.142053,-0.012312,0.330221,0.004372,0.207696,-0.978207,-0.730011,-0.667831,-0.145113,-0.68343,0.714476,0.149918,-0.000747,0.013671,-0.024678,0.067138,0.048836,0.047133,-1.909351,-0.189632,-0.007505,0.322409,-0.091246,0.527679,0.844524,-0.709108,-0.629764,0.317013,0.699238,-0.570571,0.430556,5e-06,7.8e-05,7.4e-05,0.369011,-0.755349,-0.48987,0.260865,0.034221,0.041157,-0.012079,0.163194,-0.451829,0.87705,0.718674,0.663483,0.208081,-0.675925,0.596356,0.432994,0.000287,-0.005749,0.003917,0.422268,-0.91921,-0.621247,0.171984,0.069138,0.034248,-0.05313,0.178347,-0.240622,-0.954092,0.636385,0.767748,-0.074668,0.75047,-0.593853,0.290053,-0.000357,0.00684,-0.012335,0.067774,0.020472,0.038029,-1.096352
370,0.142016,-0.011833,0.329334,0.005624,0.210079,-0.977691,-0.736275,-0.660667,-0.146248,-0.676667,0.720409,0.152177,-0.000518,0.015239,-0.023195,-0.420708,0.013698,-0.085434,-1.910106,-0.189653,-0.007809,0.322558,-0.143667,0.529621,0.835974,-0.702491,-0.649482,0.290881,0.69718,-0.546116,0.464285,0.000443,-0.013663,0.005745,0.307548,-0.683807,-0.502462,0.240077,0.03421,0.041009,-0.012007,0.21468,-0.453855,0.864827,0.709725,0.680802,0.181101,-0.67097,0.574911,0.468267,-5.8e-05,-0.000857,-0.00081,0.437383,-0.893695,-0.579712,0.153042,0.069119,0.034484,-0.053577,0.177191,-0.242874,-0.953736,0.643333,0.761951,-0.074512,0.744798,-0.600368,0.29126,-0.000222,0.007782,-0.011444,-1.57138,-0.294849,0.262869,-1.101414
371,0.141966,-0.01133,0.328554,0.003749,0.208865,-0.97796,-0.742943,-0.653973,-0.142573,-0.669351,0.726842,0.15394,-0.000352,0.01637,-0.022118,0.070123,-0.014403,0.010256,-1.910007,-0.189659,-0.008113,0.32262,-0.179327,0.528065,0.830048,-0.700291,-0.661029,0.269382,0.691155,-0.533607,0.487268,-0.000194,-0.00305,-0.002921,0.330511,-0.754811,-0.536187,0.214053,0.034207,0.040849,-0.011976,0.248782,-0.452217,0.856508,0.705529,0.69047,0.159624,-0.663578,0.56458,0.490828,-0.000101,-0.001562,-0.001491,0.279028,-0.656823,-0.474616,0.115159,0.069094,0.034735,-0.053967,0.178919,-0.241258,-0.953824,0.650616,0.756243,-0.069239,0.738028,-0.608186,0.292273,-0.000118,0.008468,-0.01079,0.069674,0.07131,-0.132184,-1.100271
372,0.141925,-0.01106,0.328147,0.003572,0.211384,-0.97742,-0.746071,-0.65022,-0.143402,-0.665863,0.729472,0.156601,-0.000343,0.016425,-0.022064,0.067585,0.043382,0.077893,-1.909917,-0.189656,-0.008288,0.322651,-0.190697,0.525012,0.829451,-0.697654,-0.66683,0.261821,0.690794,-0.529377,0.492369,0.000386,-0.014569,0.004877,-0.305996,-0.400266,-0.478727,0.216424,0.034208,0.040768,-0.011962,0.260301,-0.449442,0.854543,0.703589,0.6944,0.150897,-0.661215,0.561969,0.496975,0.000195,-0.007011,0.002506,-4.420668,-1.846804,-3.006227,0.107157,0.069074,0.034865,-0.054161,0.179457,-0.243844,-0.953066,0.654339,0.753004,-0.069449,0.734598,-0.611166,0.294689,-0.000324,0.002393,-0.007153,0.026694,0.194781,-0.122261,-1.099781
373,0.141851,-0.010624,0.327403,0.003814,0.210942,-0.977514,-0.748507,-0.647565,-0.142715,-0.663122,0.731957,0.156638,-0.000716,0.00451,-0.014577,0.030309,0.101554,-0.178308,-1.909839,-0.189674,-0.00858,0.322683,-0.207699,0.519272,0.828981,-0.695658,-0.674118,0.248109,0.687921,-0.525783,0.500179,0.000469,-0.013247,0.006144,0.215476,-0.506728,-0.352002,0.212217,0.034199,0.040616,-0.011951,0.275959,-0.44309,0.852946,0.699005,0.701611,0.138321,-0.659725,0.558043,0.503338,-7.8e-05,-0.001247,-0.001192,-0.003208,-0.002736,0.00344,0.107321,0.069038,0.035096,-0.054543,0.178923,-0.243381,-0.953284,0.656986,0.750795,-0.068374,0.732363,-0.614061,0.294232,-0.000193,0.007972,-0.01126,0.071733,-0.015059,0.010006,-1.099781
374,0.141728,-0.010229,0.326774,0.003305,0.210389,-0.977636,-0.751139,-0.64481,-0.141358,-0.660142,0.734544,0.157116,-0.014752,0.0075,-0.01175,0.030007,0.101831,-0.182926,-1.910113,-0.189528,-0.008722,0.322777,-0.216303,0.515768,0.828968,-0.692286,-0.679656,0.242368,0.688683,-0.522082,0.503001,0.014318,0.001097,3.6e-05,0.226325,-0.477611,-0.268702,0.204217,0.034266,0.040541,-0.011908,0.283912,-0.439459,0.852214,0.695052,0.706585,0.132809,-0.660526,0.554628,0.506055,5.6e-05,0.0009,0.000863,-0.008599,0.016079,0.013257,0.092625,0.068981,0.035289,-0.054861,0.179353,-0.24275,-0.953364,0.65973,0.748555,-0.066488,0.729786,-0.617039,0.294406,-0.000262,0.002833,-0.006736,0.036009,0.000535,-0.007194,-1.097332
375,0.141666,-0.01006,0.326482,0.002367,0.210123,-0.977695,-0.750603,-0.645594,-0.140621,-0.660753,0.733931,0.157408,-0.014764,0.007414,-0.011835,0.030024,0.101953,-0.182853,-1.909967,-0.189325,-0.008798,0.322917,-0.216242,0.515837,0.828941,-0.692021,-0.679823,0.242657,0.688968,-0.521796,0.502906,0.015074,-0.007665,0.010481,-0.030479,-0.011189,0.006677,0.203387,0.034368,0.0405,-0.011841,0.286462,-0.439792,0.851188,0.69515,0.706784,0.131232,-0.659321,0.554111,0.508188,0.000136,0.002194,0.0021,-0.006358,0.001589,0.035618,0.090012,0.068944,0.035377,-0.055011,0.180392,-0.242288,-0.953285,0.658918,0.749333,-0.065763,0.730263,-0.616275,0.294822,-0.007371,0.003699,-0.005925,0.030985,0.10206,-0.183051,-1.096189
