frame,MLTx,MLTy,MLTz,MLTR1,MLTR2,MLTR3,MLTR4,MLTR5,MLTR6,MLTR7,MLTR8,MLTR9,MLTTVx,MLTTVy,MLTTVz,MLTRVx,MLTRVy,MLTRVz,MLGA,MRTx,MRTy,MRTz,MRTR1,MRTR2,MRTR3,MRTR4,MRTR5,MRTR6,MRTR7,MRTR8,MRTR9,MRTTVx,MRTTVy,MRTTVz,MRTRVx,MRTRVy,MRTRVz,MRGA,SLTx,SLTy,SLTz,SLTR1,SLTR2,SLTR3,SLTR4,SLTR5,SLTR6,SLTR7,SLTR8,SLTR9,SLTTVx,SLTTVy,SLTTVz,SLTRVx,SLTRVy,SLTRVz,SLGA,SRTx,SRTy,SRTz,SRTR1,SRTR2,SRTR3,SRTR4,SRTR5,SRTR6,SRTR7,SRTR8,SRTR9,SRTTVx,SRTTVy,SRTTVz,SRTRVx,SRTRVy,SRTRVz,SRGA
1152,0.194277,0.008331,0.316009,-0.465535,0.139447,-0.874,-0.862942,-0.290832,0.413182,-0.195998,0.946391,0.256819,-0.056873,0.009421,-0.043741,-0.257766,-0.968117,-0.334585,0.055835,-0.178306,0.01622,0.325847,-0.363865,-0.591046,0.719902,0.931282,-0.219767,0.290433,-0.013004,0.776838,0.629458,-0.001906,0.003748,-0.031667,-0.132945,0.305999,0.19874,0.194022,0.037173,0.050831,-0.005167,0.421385,0.632648,0.649762,-0.906634,0.277148,0.318123,0.021179,-0.723149,0.690366,-0.000943,0.001564,-0.016096,-0.09519,0.269953,0.180004,0.011796,0.096114,0.046852,-0.059575,0.592069,-0.123517,-0.796364,0.765773,0.394114,0.508198,0.251087,-0.910723,0.327929,-0.028659,0.010587,-0.02555,-0.327133,-1.168866,-0.438627,-0.223564
1153,0.192078,0.008922,0.313998,-0.471094,0.08502,-0.878002,-0.854496,-0.291036,0.430239,-0.218373,0.952828,0.210851,-0.056935,0.005249,-0.047921,0.023728,-1.428325,-0.845584,0.116093,-0.178543,0.016321,0.324375,-0.377225,-0.570969,0.729168,0.925912,-0.219125,0.307581,-0.015379,0.791875,0.610378,-0.002818,0.008248,-0.045426,-0.209823,0.474592,0.311317,0.252782,0.037056,0.050881,-0.005884,0.434117,0.613485,0.65968,-0.900585,0.277613,0.334478,0.022061,-0.739301,0.673012,-0.001018,-0.0019,-0.019106,-0.339366,0.608062,0.375302,0.103238,0.095015,0.047152,-0.060577,0.592183,-0.071525,-0.802621,0.755899,0.394387,0.522565,0.279167,-0.916156,0.287615,-0.028649,0.007892,-0.028175,1.256725,-1.706922,-0.687945,-0.115465
1154,0.191011,0.009215,0.312852,-0.471918,0.06162,-0.879512,-0.852502,-0.286313,0.437306,-0.224289,0.956084,0.188747,-0.057458,0.014077,-0.058261,-0.365362,-1.337154,-0.562138,0.147424,-0.178626,0.016409,0.32348,-0.384078,-0.560863,0.733423,0.923077,-0.219061,0.316032,-0.016116,0.799075,0.600902,-0.0029,0.004769,-0.0485,-0.173502,0.434235,0.248259,0.283971,0.037014,0.050928,-0.006329,0.44113,0.603132,0.664555,-0.897169,0.278114,0.343131,0.022131,-0.747585,0.663797,-0.001424,0.002549,-0.024101,-0.214771,0.486921,0.322859,0.144388,0.094481,0.047296,-0.061144,0.591091,-0.04806,-0.805171,0.753163,0.390189,0.52962,0.288715,-0.919479,0.266834,-0.028683,0.006293,-0.029799,-0.226274,-0.988893,-0.369925,-0.072847
1155,0.188873,0.009973,0.310212,-0.468236,0.018829,-0.883428,-0.850991,-0.278789,0.445042,-0.237335,0.960153,0.147666,-0.058457,0.032353,-0.078406,-0.143652,-1.022618,-0.343836,0.208845,-0.178748,0.016747,0.32128,-0.401786,-0.534184,0.743778,0.915477,-0.218286,0.337917,-0.017661,0.817337,0.575771,-0.003791,0.01051,-0.061385,-0.463173,0.902193,0.616985,0.345394,0.036952,0.051097,-0.007449,0.45754,0.578021,0.675684,-0.888929,0.278963,0.363296,0.021502,-0.766858,0.641456,-0.001876,0.004892,-0.031004,-0.411161,0.854729,0.59064,0.232565,0.093412,0.047669,-0.062457,0.584022,-0.004731,-0.811723,0.75107,0.382471,0.538154,0.307914,-0.923955,0.226925,-0.028961,0.009948,-0.035812,-0.182587,-1.060334,-0.436441,0.016473
1156,0.186685,0.010915,0.307145,-0.460742,-0.022574,-0.887273,-0.850895,-0.273097,0.44874,-0.251875,0.961759,0.107727,-0.05822,0.014629,-0.07732,-0.130481,-1.015459,-0.197117,0.280166,-0.1789,0.017335,0.318477,-0.428279,-0.506544,0.748319,0.903282,-0.219269,0.368695,-0.022151,0.834467,0.550489,-0.005463,0.02663,-0.083007,-0.356298,0.817659,0.607291,0.395006,0.036878,0.051382,-0.008818,0.483542,0.549622,0.681249,-0.87498,0.281782,0.393711,0.024429,-0.786456,0.617162,-0.002329,0.007271,-0.037947,-0.421141,0.870682,0.691127,0.302943,0.092318,0.04815,-0.063987,0.573184,0.03549,-0.818656,0.750974,0.37699,0.542139,0.327866,-0.925536,0.189433,-0.029243,0.013423,-0.042055,-0.092511,-1.000558,-0.316488,0.111019
1157,0.185552,0.0114,0.305392,-0.453558,-0.053767,-0.889629,-0.846837,-0.285156,0.448916,-0.277263,0.957049,0.084914,-0.058738,0.023404,-0.087909,4.813008,-3.568813,-0.666851,0.315047,-0.17896,0.017753,0.31687,-0.446629,-0.488112,0.74984,0.89427,-0.219588,0.389867,-0.025092,0.845281,0.533604,-0.005521,0.024591,-0.085025,-0.575724,1.056029,1.017192,0.420968,0.036847,0.05159,-0.009623,0.500462,0.531844,0.683138,-0.865363,0.283487,0.413256,0.026127,-0.797982,0.602113,-0.00273,0.011821,-0.04292,-0.413366,0.904822,0.66256,0.338867,0.091774,0.048381,-0.064825,0.56409,0.06191,-0.823388,0.748057,0.383869,0.541345,0.349588,-0.921309,0.170224,-0.029301,0.0113,-0.044298,-0.237104,-1.383937,-0.445419,0.162945
1158,0.183435,0.012162,0.301709,-0.439651,-0.104963,-0.89204,-0.844567,-0.289697,0.450282,-0.305145,0.951487,0.039831,-0.059104,0.016535,-0.095596,-0.085767,-1.07084,-0.232457,0.342174,-0.179085,0.018826,0.313317,-0.483745,-0.45094,0.750091,0.874635,-0.220518,0.431648,-0.028641,0.86541,0.500108,-0.006355,0.033342,-0.095527,-0.406714,0.94089,0.716727,0.464182,0.036785,0.052119,-0.011398,0.537528,0.491761,0.685006,-0.842798,0.286841,0.455426,0.027473,-0.822127,0.56864,-0.003149,0.015993,-0.048363,-0.584907,1.089039,1.022742,0.405489,0.090693,0.048773,-0.066697,0.54518,0.115344,-0.830345,0.74286,0.392556,0.54227,0.388505,-0.912466,0.128329,-0.022477,0.007622,-0.048664,-0.204506,-1.41779,-0.241928,0.237895
1159,0.181399,0.012831,0.297863,-0.433072,-0.149013,-0.888982,-0.841827,-0.285666,0.457924,-0.321657,0.94687,-0.00062,-0.045433,0.013649,-0.100128,-0.146949,-1.291143,-0.397036,0.375669,-0.179141,0.020186,0.309472,-0.519131,-0.405966,0.752121,0.854171,-0.218427,0.471822,-0.026617,0.887867,0.459181,-0.006414,0.031783,-0.09746,-0.629365,1.258257,0.939793,0.484071,0.036756,0.052798,-0.013321,0.570474,0.44738,0.688773,-0.82101,0.287813,0.493056,0.022346,-0.846766,0.531493,0.00365,0.016052,-0.049119,-0.452025,0.887397,0.94266,0.447292,0.08967,0.049105,-0.068622,0.533841,0.156924,-0.830895,0.739804,0.389207,0.548822,0.409514,-0.907684,0.091682,-0.029821,0.012435,-0.053646,0.023532,-0.918123,-0.140984,0.277575
1160,0.180222,0.013243,0.295689,-0.429565,-0.173316,-0.886274,-0.838063,-0.289071,0.462667,-0.335856,0.941716,-0.019968,-0.060034,0.022811,-0.110183,-0.072852,-1.188249,-0.608328,0.400829,-0.179095,0.021003,0.307397,-0.534363,-0.384891,0.752534,0.844808,-0.217399,0.488846,-0.02389,0.897431,0.440353,0.00647,0.044656,-0.105037,-0.314598,0.729784,0.857857,0.495106,0.036772,0.053183,-0.014319,0.585606,0.424571,0.69051,-0.810387,0.287315,0.51061,0.018396,-0.858596,0.51232,-0.003163,0.015637,-0.04909,-0.521948,1.145258,0.865455,0.461825,0.089087,0.049309,-0.069704,0.527516,0.180733,-0.830097,0.735236,0.392407,0.552669,0.425622,-0.901859,0.074119,-0.029927,0.011576,-0.054856,0.153249,-1.01107,-0.161143,0.30909
1161,0.178011,0.014147,0.291201,-0.423302,-0.221022,-0.878641,-0.829431,-0.295674,0.473911,-0.364016,0.929657,-0.057067,-0.046399,0.019326,-0.115769,-0.059685,-1.216411,-0.373974,0.412086,-0.178965,0.022659,0.303345,-0.561945,-0.344094,0.752203,0.826887,-0.214033,0.519982,-0.01723,0.914598,0.403827,0.006473,0.045007,-0.105188,-0.274489,0.762309,0.645265,0.513728,0.036842,0.054009,-0.016346,0.611966,0.382829,0.692053,-0.790831,0.286124,0.541035,0.009111,-0.878393,0.477851,0.003296,0.022621,-0.052469,-0.409006,0.997972,0.834072,0.490564,0.087999,0.049754,-0.071903,0.516136,0.228046,-0.825589,0.724388,0.398097,0.562831,0.457016,-0.888545,0.040278,-0.023235,0.015342,-0.061613,0.080815,-0.808611,-0.287075,0.352525
1162,0.176037,0.015147,0.286512,-0.419938,-0.262933,-0.868657,-0.823344,-0.292307,0.486449,-0.381302,0.91981,-0.092649,-0.046928,0.031442,-0.124128,0.040131,-0.940349,-0.40176,0.407915,-0.178763,0.024238,0.299429,-0.586784,-0.304729,0.750211,0.809584,-0.209153,0.54842,-0.009481,0.929522,0.368459,0.006542,0.048099,-0.1027,-0.344556,0.851637,0.73138,0.515214,0.036937,0.054797,-0.018312,0.634824,0.343419,0.692142,-0.772656,0.283354,0.568078,-0.001032,-0.895417,0.445225,0.003702,0.017958,-0.047978,-0.267024,0.71537,0.592092,0.505913,0.087007,0.05024,-0.074246,0.507231,0.27045,-0.818274,0.717014,0.394335,0.574795,0.478128,-0.878268,0.006102,-0.023287,0.009269,-0.059036,0.145152,-0.716858,0.003131,0.356118
1163,0.174418,0.016368,0.281569,-0.418378,-0.306343,-0.855078,-0.815569,-0.287684,0.502052,-0.399279,0.907806,-0.128416,-0.033304,0.040931,-0.13585,0.07597,-0.985157,-0.417634,0.407459,-0.178474,0.025805,0.295782,-0.605872,-0.274028,0.746873,0.795461,-0.206102,0.569822,-0.001462,0.939669,0.341883,0.007374,0.039948,-0.092489,-0.120878,0.485713,0.451034,0.511969,0.037085,0.055595,-0.020177,0.653948,0.309546,0.690312,-0.756455,0.281114,0.590551,-0.011253,-0.90838,0.417992,0.003744,0.019899,-0.046314,-0.170735,0.576947,0.488732,0.507056,0.086162,0.050875,-0.076809,0.499395,0.315629,-0.806835,0.70732,0.389247,0.590071,0.500302,-0.865369,-0.028863,-0.016559,0.020286,-0.068065,0.066537,-0.999785,-0.43089,0.357261
1164,0.173858,0.017115,0.278959,-0.418299,-0.331545,-0.845665,-0.810643,-0.283761,0.512162,-0.409259,0.900183,-0.149012,-0.01913,0.041994,-0.135913,-0.030593,-1.372067,-0.689228,0.406884,-0.178295,0.026612,0.294016,-0.614038,-0.260889,0.744907,0.789176,-0.205174,0.578826,0.002589,0.943588,0.330908,0.007431,0.0426,-0.090052,-0.054407,0.392807,0.377066,0.512182,0.037174,0.055996,-0.021063,0.661601,0.295876,0.689014,-0.749682,0.280735,0.599302,-0.016111,-0.913041,0.407548,0.004155,0.015428,-0.041488,-0.114876,0.452814,0.39875,0.50624,0.085889,0.05123,-0.078066,0.495707,0.33839,-0.799853,0.702045,0.386047,0.598414,0.511278,-0.858171,-0.046199,-0.016481,0.015097,-0.064171,0.025981,-1.044945,-0.465162,0.356934
1165,0.173291,0.018864,0.273704,-0.417744,-0.378318,-0.826081,-0.800554,-0.276739,0.531509,-0.429176,0.883829,-0.186227,-0.004949,0.05791,-0.140173,0.01102,-1.431248,-0.691132,0.40231,-0.177857,0.028151,0.290801,-0.626244,-0.242744,0.740868,0.779519,-0.19955,0.593688,0.004505,0.949594,0.313231,0.021998,0.038172,-0.077137,-0.255225,0.595991,0.609605,0.504287,0.037387,0.056762,-0.02268,0.671726,0.279257,0.686148,-0.740553,0.27702,0.612242,-0.019105,-0.919388,0.392886,0.004226,0.018937,-0.038135,0.036164,0.230733,0.253137,0.502157,0.0856,0.052094,-0.080697,0.487974,0.385354,-0.783187,0.690188,0.378935,0.616479,0.53434,-0.841373,-0.081056,-0.002272,0.023324,-0.066214,0.041919,-1.025507,-0.616615,0.352689
1166,0.173087,0.020998,0.268646,-0.417293,-0.413288,-0.809386,-0.79095,-0.273452,0.547352,-0.44703,0.869106,-0.21177,-0.004237,0.056933,-0.121631,0.158071,-0.705252,-0.326792,0.38759,-0.177172,0.029666,0.288172,-0.631553,-0.238368,0.737775,0.775223,-0.198844,0.59952,0.004581,0.950845,0.309414,0.022205,0.049943,-0.065307,-1.072422,-0.977485,-0.322562,0.488452,0.037738,0.057526,-0.024031,0.67809,0.2718,0.682874,-0.734696,0.276386,0.619541,-0.020346,-0.92181,0.387105,0.011147,0.025463,-0.032169,-1.047253,-1.028136,-0.354273,0.487461,0.085499,0.053128,-0.083201,0.481801,0.422684,-0.767596,0.678513,0.374368,0.632034,0.554515,-0.825339,-0.106426,-0.002015,0.028625,-0.060581,0.1601,-0.681998,-0.540548,0.338646
1167,0.173015,0.022122,0.266477,-0.416994,-0.424011,-0.803975,-0.78706,-0.273999,0.55266,-0.454111,0.863762,-0.218462,-0.003872,0.063764,-0.11379,0.181952,-0.646449,-0.245467,0.381471,-0.176711,0.030494,0.287119,-0.632806,-0.238984,0.736501,0.774187,-0.202595,0.599603,0.006703,0.949898,0.312269,0.023075,0.044669,-0.051692,0.181753,-0.05985,0.096082,0.478951,0.037961,0.05792,-0.024542,0.678933,0.272908,0.681594,-0.733876,0.279828,0.618969,-0.021808,-0.920444,0.390265,0.011592,0.022926,-0.02526,0.195868,-0.078448,0.079706,0.476521,0.08546,0.053728,-0.084382,0.479361,0.434005,-0.762792,0.673592,0.375204,0.636785,0.562571,-0.819061,-0.112484,-0.001819,0.032382,-0.05627,0.152801,-0.684355,-0.2894,0.329665
1168,0.172821,0.024298,0.262804,-0.414632,-0.430459,-0.801767,-0.782323,-0.281466,0.555626,-0.464337,0.858158,-0.219052,-0.002618,0.042109,-0.076722,0.208238,-0.027146,0.002487,0.244209,-0.17562,0.032107,0.285726,-0.632753,-0.246168,0.734177,0.774246,-0.20522,0.598633,0.004091,0.947506,0.319498,0.025604,0.023443,-0.016379,0.258147,-0.293212,-0.118513,0.403368,0.038506,0.05873,-0.025256,0.679472,0.279038,0.678567,-0.73346,0.281989,0.618479,-0.01877,-0.917942,0.396267,0.012439,0.018402,-0.010852,0.454812,-0.447187,-0.233854,0.428513,0.085363,0.054794,-0.086199,0.476011,0.440858,-0.760957,0.667671,0.382008,0.638971,0.572388,-0.812227,-0.112508,-0.001217,0.021509,-0.037796,0.225207,-0.125274,0.182985,0.249162
1169,0.17223,0.02557,0.260717,-0.405666,-0.417276,-0.813241,-0.783008,-0.300382,0.544647,-0.471054,0.85824,-0.20386,-0.029791,0.035267,-0.041606,1.607971,-0.467604,0.674737,-0.122871,-0.174295,0.033133,0.285572,-0.627155,-0.261722,0.733601,0.778793,-0.20838,0.591603,-0.001187,0.942654,0.333564,0.040893,0.01442,0.011092,0.292488,-0.446598,-0.192958,0.088811,0.039178,0.059252,-0.025339,0.673983,0.295532,0.677057,-0.738637,0.285317,0.610744,-0.012682,-0.911731,0.410591,0.02047,0.007981,0.006315,0.336266,-0.486982,-0.230238,0.186353,0.085067,0.05544,-0.087278,0.470095,0.42574,-0.773146,0.668092,0.400785,0.626915,0.576769,-0.811243,-0.096027,-0.014808,0.018523,-0.019674,1.62931,-0.450115,0.706222,-0.05864
1170,0.170282,0.026957,0.260183,-0.385356,-0.381782,-0.840112,-0.777574,-0.355905,0.518346,-0.496423,0.853473,-0.158665,-0.056334,0.034694,0.001397,0.849321,1.024025,1.131618,-0.600982,-0.172383,0.033972,0.28658,-0.617244,-0.29026,0.731266,0.786654,-0.23411,0.571228,0.00616,0.928183,0.371889,0.055148,0.021897,0.036124,4.764413,2.093667,1.403183,-0.395728,0.040115,0.059658,-0.024854,0.664217,0.326109,0.672658,-0.747435,0.304783,0.590294,-0.012515,-0.894851,0.446188,0.028001,0.005682,0.022115,0.847496,-1.247299,-0.852025,-0.119163,0.084115,0.056112,-0.087557,0.457014,0.389426,-0.799678,0.660314,0.453812,0.598364,0.595922,-0.801499,-0.049745,-0.035151,0.018701,0.002573,1.917967,0.681412,1.556986,-0.368403
1171,0.168886,0.027476,0.260505,-0.372773,-0.355191,-0.857278,-0.77355,-0.391339,0.498444,-0.512073,0.849396,-0.127808,-0.083808,0.018916,0.025219,0.485262,1.690201,1.351328,-0.857471,-0.171379,0.03433,0.287486,-0.60374,-0.317241,0.731333,0.797074,-0.244694,0.552025,0.004577,0.916583,0.399647,0.042303,0.016342,0.050299,0.819067,-1.102503,-0.984432,-0.79203,0.040621,0.059841,-0.024403,0.65308,0.35031,0.671392,-0.757144,0.319361,0.56986,-0.014789,-0.880505,0.473803,0.027892,0.009099,0.025424,1.188803,-1.597602,-1.120077,-0.274289,0.083427,0.05638,-0.087401,0.449249,0.361948,-0.816803,0.655113,0.488172,0.57664,0.607455,-0.794154,-0.017806,-0.041838,0.010108,0.013465,0.476999,1.558381,1.21674,-0.511608
1172,0.165211,0.027903,0.262402,-0.361955,-0.269227,-0.892497,-0.777231,-0.441467,0.44832,-0.514265,0.856283,-0.048347,-0.096172,-0.000514,0.064764,0.424303,1.880363,1.448476,-1.431804,-0.169247,0.034906,0.2899,-0.568962,-0.383922,0.72724,0.822267,-0.267788,0.502095,0.002687,0.884121,0.467103,0.056234,0.015774,0.066341,0.889419,-1.340535,-0.872331,-1.385725,0.041662,0.060131,-0.02322,0.620373,0.417519,0.663938,-0.784262,0.339166,0.519517,-0.008277,-0.842996,0.537854,0.028556,0.002357,0.036972,0.861674,-1.35785,-0.91599,-0.567396,0.081637,0.056604,-0.086489,0.45184,0.274577,-0.848792,0.660531,0.53654,0.525188,0.599616,-0.797954,0.061064,-0.048055,0.006273,0.029831,0.46306,2.011633,1.57668,-0.806511
1173,0.161139,0.027948,0.265577,-0.355705,-0.159527,-0.920908,-0.790493,-0.474322,0.387441,-0.49818,0.865984,0.043763,-0.108344,-0.007398,0.097319,0.482866,2.272798,1.746339,-1.89677,-0.167267,0.03525,0.293121,-0.535379,-0.423591,0.730706,0.844491,-0.275876,0.45898,0.007827,0.863316,0.504467,0.030679,0.00086,0.090094,0.67228,1.017929,-2.562133,-1.401099,0.042666,0.060323,-0.021624,0.589181,0.460899,0.663654,-0.807956,0.344654,0.477933,-0.008453,-0.817793,0.57545,0.022006,0.001542,0.045499,0.192398,-0.595653,-0.280791,-0.860339,0.079606,0.056629,-0.084921,0.460633,0.16486,-0.872145,0.678607,0.567935,0.465769,0.572109,-0.806393,0.149735,-0.054132,-0.003201,0.049406,0.574138,2.712505,1.865054,-1.092923
1174,0.156973,0.027816,0.269804,-0.347869,-0.050227,-0.936221,-0.804072,-0.497546,0.325403,-0.481731,0.86605,0.133863,-0.106502,-0.017267,0.12508,0.399362,2.177189,1.652841,-1.916389,-0.165747,0.034822,0.296947,-0.525313,-0.420437,0.739777,0.850722,-0.272713,0.449259,0.013511,0.865856,0.499974,0.032343,-0.021322,0.104196,0.97993,0.810631,0.752318,-1.401305,0.043443,0.060125,-0.019669,0.576143,0.460618,0.675196,-0.817242,0.337985,0.466777,-0.0132,-0.820729,0.571165,0.022758,-0.009975,0.052131,3.819693,2.462899,2.896111,-0.989012,0.077482,0.056575,-0.082776,0.465952,0.052046,-0.883277,0.698893,0.590551,0.403482,0.54262,-0.80532,0.238794,-0.053184,-0.002118,0.059948,0.407704,2.078871,1.565487,-1.113824
1175,0.154972,0.027523,0.272423,-0.345228,0.000944,-0.938542,-0.810443,-0.5046,0.297545,-0.472885,0.863355,0.176139,-0.091687,-0.02376,0.136764,0.308896,1.971425,1.481189,-1.916166,-0.165143,0.034391,0.298867,-0.5258,-0.418983,0.740256,0.850392,-0.274053,0.44907,0.015367,0.866136,0.499435,0.032318,-0.023901,0.101316,-0.027524,-0.204505,-0.316827,-1.401431,0.043745,0.059919,-0.0187,0.578532,0.456441,0.675989,-0.815491,0.340467,0.468033,-0.016523,-0.822035,0.569195,0.016085,-0.011311,0.051256,0.184455,-0.397755,-0.429917,-0.951455,0.076477,0.056433,-0.081468,0.468755,0.000442,-0.883327,0.708523,0.596992,0.37629,0.527506,-0.802246,0.27953,-0.045814,-0.005756,0.065323,0.291748,1.834854,1.290812,-1.095046
1176,0.151482,0.02679,0.27805,-0.350437,0.077295,-0.933416,-0.815877,-0.514598,0.263639,-0.459527,0.853845,0.244562,-0.089878,-0.023251,0.154814,0.08516,1.461549,0.801893,-1.9166,-0.164177,0.033277,0.302902,-0.522346,-0.419744,0.742267,0.852435,-0.276364,0.443747,0.019521,0.865033,0.501198,0.032213,-0.024948,0.099539,0.069456,-0.347418,-0.394182,-1.401416,0.04422,0.059377,-0.016721,0.575636,0.457026,0.678062,-0.817433,0.343022,0.462751,-0.021101,-0.820647,0.571044,0.00938,-0.012915,0.049997,0.175724,-0.4707,-0.540533,-0.976765,0.07476,0.056073,-0.078713,0.480497,-0.074761,-0.873803,0.717843,0.605906,0.342896,0.503808,-0.792014,0.344803,-0.044997,-0.011327,0.077915,0.074954,1.418218,0.78153,-1.136685
1177,0.148601,0.026053,0.284233,-0.355364,0.123047,-0.926618,-0.814558,-0.527005,0.242349,-0.458077,0.840753,0.288663,-0.060333,-0.025085,0.169566,0.326598,0.703624,0.208132,-1.917027,-0.163381,0.032282,0.306699,-0.509414,-0.43965,0.739727,0.860206,-0.279983,0.426132,0.02039,0.85393,0.519856,0.017824,-0.015545,0.090849,0.467043,-0.89372,-0.632889,-1.401828,0.044631,0.058864,-0.014778,0.563626,0.476318,0.674866,-0.825766,0.345526,0.445781,-0.02085,-0.808536,0.588075,0.009352,-0.013607,0.049013,0.213479,-0.598883,-0.415109,-0.98346,0.07328,0.055703,-0.075568,0.488596,-0.122643,-0.863846,0.71938,0.616875,0.319306,0.493725,-0.777446,0.38963,-0.037179,-0.011938,0.085562,1.44938,0.541712,-0.103189,-1.133092
1178,0.14741,0.025622,0.287601,-0.35705,0.138908,-0.923723,-0.812605,-0.533854,0.233762,-0.460226,0.833914,0.304643,-0.059369,-0.019531,0.173744,0.348431,0.642298,0.394099,-1.917333,-0.163081,0.031789,0.308567,-0.501567,-0.452426,0.737382,0.864849,-0.279792,0.416757,0.018381,0.847306,0.530657,0.018832,-0.028113,0.096912,0.184239,-0.574155,-0.392329,-1.401711,0.044781,0.058622,-0.013846,0.554851,0.491263,0.671415,-0.831747,0.345345,0.434664,-0.018336,-0.799622,0.600222,0.002705,-0.01449,0.048687,0.290168,-0.68405,-0.521554,-0.981991,0.072684,0.055487,-0.073883,0.491611,-0.136506,-0.860048,0.717686,0.622874,0.311373,0.493198,-0.77032,0.40418,-0.029884,-0.015322,0.090883,1.379857,0.52371,-0.112571,-1.121989
1179,0.145443,0.024736,0.294658,-0.362484,0.153682,-0.919257,-0.807418,-0.544405,0.227312,-0.465071,0.82443,0.32257,-0.044302,-0.023506,0.185249,-0.287271,0.310485,0.230853,-1.916556,-0.162659,0.030922,0.312273,-0.485033,-0.480143,0.730888,0.87429,-0.280158,0.396311,0.015076,0.831818,0.55472,0.004477,-0.016967,0.089801,0.218666,-0.587081,-0.372646,-1.401569,0.044997,0.058182,-0.011993,0.538987,0.518819,0.663566,-0.842212,0.34416,0.415008,-0.013059,-0.782547,0.622453,0.008826,-0.00887,0.043952,0.351615,-0.71455,-0.501181,-0.979378,0.071679,0.055041,-0.070284,0.497817,-0.151564,-0.853935,0.712441,0.632948,0.302988,0.494575,-0.759212,0.423073,-0.022194,-0.011436,0.093042,-0.312605,0.258936,0.191884,-1.121989
1180,0.144113,0.023782,0.301947,-0.359436,0.16219,-0.918991,-0.804329,-0.553153,0.216907,-0.472723,0.816933,0.330424,-0.030123,-0.032205,0.191835,-0.344503,0.238045,0.189479,-1.916724,-0.162541,0.030198,0.315623,-0.471762,-0.498162,0.727507,0.881556,-0.278061,0.381412,0.012868,0.821883,0.56939,0.004521,-0.018939,0.08751,0.23937,-0.600624,-0.412843,-1.401381,0.045056,0.057821,-0.010317,0.526674,0.536125,0.659685,-0.850015,0.34071,0.401733,-0.009382,-0.772325,0.635157,0.001697,-0.003938,0.039852,-0.094384,-0.175749,-0.05964,-0.979378,0.071027,0.054584,-0.066702,0.495586,-0.159792,-0.853733,0.709607,0.641292,0.291892,0.50085,-0.750473,0.431204,-0.014973,-0.010181,0.092473,-0.306479,0.370683,0.040656,-1.113987
1181,0.143699,0.023196,0.305643,-0.354845,0.169339,-0.919486,-0.803917,-0.557327,0.207546,-0.476875,0.812626,0.335046,-0.016261,-0.032104,0.190246,-0.189975,0.616099,0.587335,-1.915755,-0.162492,0.029874,0.317212,-0.467346,-0.501334,0.728178,0.88392,-0.275456,0.377813,0.011746,0.820834,0.570926,0.003604,-0.010941,0.076809,-0.043445,-0.192251,-0.100063,-1.400956,0.045081,0.057661,-0.009514,0.521301,0.541203,0.659805,-0.853332,0.338092,0.396884,-0.00828,-0.76993,0.638074,0.002255,-0.011272,0.042099,-0.096713,-0.175504,-0.114965,-0.975786,0.070815,0.054294,-0.064851,0.491957,-0.164702,-0.854898,0.709529,0.644886,0.284061,0.504526,-0.746321,0.434117,-0.008262,-0.016344,0.094941,-0.327255,0.030437,0.391235,-1.115783
1182,0.143309,0.021733,0.312888,-0.350875,0.188812,-0.917214,-0.808254,-0.555672,0.194748,-0.47247,0.809438,0.348724,-0.003535,-0.039075,0.180859,-0.162499,0.809899,0.586553,-1.915219,-0.162384,0.029376,0.320103,-0.460846,-0.511881,0.724977,0.887367,-0.272547,0.371795,0.007843,0.815287,0.578885,0.015874,-0.002588,0.06502,-0.033209,-0.168806,-0.049209,-1.401229,0.04513,0.05741,-0.008064,0.515046,0.55161,0.656089,-0.857154,0.334803,0.391398,-0.003762,-0.763958,0.645254,0.001797,-0.007121,0.036794,-0.086332,-0.150261,-0.06938,-0.977418,0.070618,0.053579,-0.061212,0.48968,-0.18412,-0.852239,0.715514,0.643422,0.272114,0.498248,-0.743038,0.446812,-0.002028,-0.025312,0.094244,-0.343565,0.377399,0.287191,-1.118233
1183,0.143505,0.019882,0.31975,-0.349314,0.214324,-0.91219,-0.812454,-0.554244,0.180841,-0.46639,0.804015,0.368872,0.008659,-0.048798,0.17003,-0.130043,0.922659,0.648069,-1.91502,-0.162196,0.029268,0.322611,-0.454646,-0.522384,0.721389,0.890577,-0.27092,0.365251,0.005197,0.809153,0.587458,0.002696,-0.004142,0.064478,0.092147,-0.331107,-0.176528,-1.401157,0.045229,0.057352,-0.006814,0.509643,0.561065,0.652279,-0.860385,0.332661,0.386099,-0.000361,-0.757985,0.65227,0.000805,0.003268,0.028137,0.247813,-0.460664,-0.238921,-0.975786,0.070712,0.052664,-0.05777,0.489987,-0.209351,-0.846217,0.721567,0.64209,0.25896,0.489134,-0.73749,0.465676,0.010938,-0.025378,0.084154,-0.261355,0.480811,0.421057,-1.11513
1184,0.14417,0.017709,0.325932,-0.349906,0.240526,-0.905405,-0.812989,-0.558132,0.165861,-0.465014,0.79382,0.391968,0.02036,-0.052647,0.147732,1.342144,0.464238,-0.14616,-1.91359,-0.161926,0.029543,0.32482,-0.447742,-0.526588,0.722651,0.894066,-0.268374,0.358545,0.005686,0.807279,0.590026,0.001604,0.008297,0.057252,-0.024321,-0.145939,-0.00856,-1.401487,0.045364,0.05748,-0.00571,0.502462,0.566328,0.653302,-0.864598,0.329778,0.379098,-0.000751,-0.755327,0.655347,0.007325,0.004295,0.028165,-0.025794,-0.163559,0.019825,-0.974479,0.071048,0.051566,-0.054609,0.49212,-0.237561,-0.837485,0.724508,0.645107,0.242742,0.482602,-0.726224,0.489585,0.009972,-0.027133,0.073162,1.39424,0.515629,-0.11325,-1.111701
1185,0.144659,0.016621,0.328781,-0.348317,0.258025,-0.90119,-0.817979,-0.55318,0.157713,-0.4574,0.791767,0.404865,0.019675,-0.047985,0.133779,-0.184497,0.552031,0.367305,-1.914,-0.16173,0.029832,0.325856,-0.445156,-0.530666,0.721264,0.89536,-0.267983,0.355599,0.005129,0.804738,0.593493,0.013593,0.021513,0.049672,0.098574,-0.184701,-0.218938,-1.401206,0.045458,0.057618,-0.00519,0.500458,0.569753,0.65186,-0.86576,0.329165,0.376973,0.000212,-0.753014,0.658003,0.006768,0.010584,0.024697,0.205157,-0.3906,-0.11714,-0.974643,0.071273,0.05106,-0.053284,0.491834,-0.254824,-0.832564,0.730421,0.641208,0.235238,0.473903,-0.72382,0.501496,0.009757,-0.023956,0.066916,-0.105378,0.767272,0.539363,-1.110232
1186,0.145846,0.014836,0.333311,-0.34428,0.295267,-0.891255,-0.826744,-0.545191,0.138682,-0.444535,0.784216,0.43292,0.031809,-0.039706,0.105297,-0.067352,0.679029,0.496378,-1.913786,-0.161297,0.030567,0.327759,-0.440785,-0.533616,0.721771,0.89752,-0.266158,0.351499,0.005082,0.803395,0.59531,0.012508,0.031192,0.040162,0.034966,-0.067464,-0.104132,-1.401388,0.045675,0.057985,-0.004233,0.495902,0.573362,0.652178,-0.868378,0.327153,0.37268,0.000318,-0.75115,0.66013,0.000246,0.008971,0.023747,0.019667,-0.152717,-0.021257,-0.972683,0.071873,0.050146,-0.050959,0.490126,-0.291661,-0.821407,0.742594,0.633173,0.218275,0.456431,-0.716955,0.526921,0.015692,-0.02089,0.051769,0.002998,0.860255,0.604764,-1.113661
1187,0.147311,0.013562,0.336635,-0.3418,0.324405,-0.882032,-0.830424,-0.543629,0.121798,-0.439569,0.773686,0.456307,0.04396,-0.021917,0.067668,-0.057154,0.345407,0.332235,-1.913448,-0.160737,0.031434,0.329435,-0.439726,-0.535631,0.720924,0.898045,-0.265016,0.351019,0.00358,0.802432,0.596617,0.01251,0.027811,0.037068,-0.038973,0.041144,-0.058663,-1.401168,0.045944,0.058416,-0.003408,0.494748,0.575404,0.651255,-0.869034,0.325934,0.372218,0.001909,-0.750117,0.661301,0.006228,0.014006,0.018609,-0.049262,0.037674,-0.026398,-0.971703,0.072584,0.049511,-0.049308,0.489308,-0.321351,-0.810746,0.748818,0.631341,0.201692,0.447043,-0.705792,0.549553,0.0151,-0.011168,0.033712,-0.032478,0.470988,0.375335,-1.114967
1188,0.148084,0.013194,0.33773,-0.339595,0.33839,-0.877617,-0.833068,-0.541362,0.113559,-0.436267,0.769258,0.466841,0.043483,-0.006342,0.045832,0.132282,0.729183,0.585178,-1.913424,-0.160436,0.031846,0.330162,-0.438515,-0.537629,0.720174,0.898639,-0.26481,0.349654,0.003264,0.801165,0.59832,0.026539,0.0152,0.042479,-0.022091,-0.029597,-0.096669,-1.401284,0.046099,0.058635,-0.003029,0.493717,0.57732,0.650341,-0.869619,0.325792,0.370973,0.002294,-0.748705,0.662898,0.006252,0.012671,0.017478,0.027778,-0.141605,0.051778,-0.969744,0.072986,0.049312,-0.048728,0.487837,-0.332983,-0.80693,0.752601,0.628777,0.195525,0.442272,-0.702681,0.557344,0.021512,-0.009314,0.026496,-0.072308,0.234923,0.263749,-1.117743
1189,0.149653,0.012838,0.339169,-0.338789,0.350556,-0.873142,-0.833023,-0.543139,0.105097,-0.436981,0.762517,0.47712,0.042376,0.004689,0.020301,0.122283,0.573374,0.272715,-1.913261,-0.159762,0.032631,0.331482,-0.440494,-0.536946,0.719476,0.89765,-0.269327,0.348741,0.007061,0.800115,0.599691,0.01269,0.019291,0.030025,-0.024107,-0.058917,0.078224,-1.400733,0.046441,0.059031,-0.00236,0.495485,0.576573,0.649659,-0.868615,0.330089,0.369525,-0.001387,-0.747398,0.664374,0.006864,0.003763,0.018701,-0.093603,0.080817,-0.092735,-0.97105,0.07377,0.049126,-0.048003,0.48741,-0.344984,-0.802132,0.753753,0.629966,0.187074,0.440779,-0.695792,0.567085,0.020978,-0.003925,0.013644,-0.091529,-0.07805,0.090788,-1.118886
1190,0.15098,0.012961,0.339593,-0.343183,0.353707,-0.870151,-0.833112,-0.542428,0.108023,-0.433366,0.761563,0.481915,0.027792,0.006225,0.004577,-0.283072,0.424419,-0.537048,-1.913797,-0.159014,0.03318,0.33262,-0.437598,-0.537806,0.7206,0.899062,-0.268069,0.346064,0.007593,0.799961,0.59989,0.026792,0.003435,0.032999,-0.051014,-0.073324,0.082225,-1.400771,0.04681,0.059311,-0.001793,0.492683,0.577632,0.650848,-0.870206,0.328742,0.366973,-0.001986,-0.747174,0.664624,0.006428,0.006424,0.012455,-0.053613,0.076441,-0.105467,-0.970397,0.074438,0.049183,-0.047788,0.490992,-0.349682,-0.797902,0.754001,0.629345,0.188166,0.436357,-0.694008,0.572664,0.013879,0.00797,-0.002389,-0.930072,1.571555,-2.155928,-1.11758
1191,0.151771,0.013273,0.339574,-0.362694,0.349657,-0.863851,-0.823924,-0.553416,0.121865,-0.435014,0.755511,0.48989,0.01395,0.003775,0.002803,-0.003633,0.089933,-0.140191,-1.913535,-0.158282,0.033592,0.333661,-0.436955,-0.53989,0.71943,0.899383,-0.267597,0.345595,0.006471,0.798715,0.60156,0.026707,0.003321,0.032772,-0.05775,-0.064676,0.088655,-1.400834,0.047176,0.059509,-0.001278,0.492073,0.579609,0.64955,-0.870552,0.328234,0.366605,-0.000717,-0.745865,0.666096,0.006387,0.00654,0.012472,-0.044856,-0.026194,0.064174,-0.967621,0.074836,0.049329,-0.047806,0.509667,-0.343026,-0.789032,0.741726,0.639902,0.200917,0.435983,-0.687646,0.580569,0.000272,0.002442,0.001927,0.003046,0.080389,-0.137998,-1.115294
1192,0.151938,0.013451,0.339637,-0.373933,0.349459,-0.859126,-0.821556,-0.554631,0.131917,-0.429941,0.754712,0.495567,0.000882,0.007829,0.006224,-0.29486,0.659911,-0.936175,-1.913483,-0.157927,0.033756,0.334204,-0.437072,-0.538203,0.720623,0.899267,-0.272126,0.342343,0.012387,0.798322,0.601989,0.013891,0.00112,0.032172,-0.01862,0.004359,-0.182722,-1.400565,0.047358,0.059593,-0.001006,0.492448,0.57788,0.650805,-0.870316,0.332648,0.363173,-0.006619,-0.74525,0.666751,0.006368,0.006573,0.012463,0.040304,-0.146962,0.016748,-0.969091,0.074924,0.049407,-0.047783,0.519213,-0.34157,-0.78342,0.738157,0.641228,0.20964,0.430745,-0.687135,0.585066,0.007133,0.003367,0.002562,-0.952968,1.623728,-2.185139,-1.115457
1193,0.151889,0.01382,0.34011,-0.387681,0.348787,-0.853286,-0.817938,-0.556998,0.143882,-0.42462,0.75328,0.502289,-0.011717,0.015794,0.012704,-0.004119,0.088768,-0.149799,-1.914093,-0.157316,0.033942,0.335323,-0.433928,-0.542022,0.71966,0.900799,-0.270886,0.339287,0.011578,0.796161,0.604861,0.013944,-0.000851,0.030594,0.097179,-0.239116,-0.114938,-1.400801,0.047664,0.059688,-0.000445,0.489748,0.580995,0.650069,-0.871846,0.331009,0.360993,-0.005444,-0.743556,0.668649,0.00695,-0.000308,0.015376,0.201041,-0.24669,-0.35452,-0.97007,0.074903,0.04958,-0.047556,0.532729,-0.339104,-0.775375,0.732405,0.643778,0.221655,0.424006,-0.685972,0.591321,0.000761,0.001897,0.009993,-0.036756,0.101215,-0.161028,-1.11709
1194,0.151623,0.014295,0.341024,-0.393239,0.348319,-0.85093,-0.816455,-0.557857,0.148892,-0.422354,0.752862,0.50482,-0.010879,0.013094,0.027412,-0.034511,-0.016165,0.026526,-1.909257,-0.156888,0.03387,0.336495,-0.431963,-0.545167,0.718465,0.901684,-0.274517,0.333977,0.015687,0.792764,0.609214,0.002343,-0.015388,0.037024,0.217579,-0.421806,-0.312879,-1.400851,0.047877,0.059658,0.000128,0.488587,0.583094,0.649063,-0.872468,0.334207,0.356517,-0.009039,-0.740477,0.67202,0.007002,-0.001611,0.014375,-0.085443,-0.015739,0.044094,-0.97154,0.074768,0.04981,-0.047118,0.537862,-0.337935,-0.772336,0.730111,0.644752,0.226344,0.421476,-0.685633,0.593518,-0.005407,0.006942,0.014022,-0.033688,-0.016458,0.025867,-1.132439
1195,0.151476,0.01461,0.341578,-0.393397,0.35096,-0.849771,-0.816851,-0.557561,0.147819,-0.421439,0.751851,0.507086,-0.010438,0.016765,0.030195,-0.022618,0.138022,-0.112612,-1.893343,-0.156745,0.033739,0.337054,-0.434599,-0.542476,0.718912,0.90035,-0.278315,0.334432,0.019196,0.793283,0.608438,0.014117,-0.004832,0.027554,-0.062395,-0.032777,0.036145,-1.400757,0.047949,0.059591,0.000412,0.489783,0.582278,0.648894,-0.871748,0.338128,0.354576,-0.012948,-0.739338,0.673209,0.000677,-0.003496,0.013531,-0.102755,0.113983,-0.145748,-0.97154,0.074695,0.049964,-0.046844,0.538186,-0.340647,-0.770917,0.730604,0.644589,0.225217,0.420205,-0.684444,0.595787,-0.005198,0.008691,0.015348,-0.02274,0.036123,0.061021,-1.138644
1196,0.151145,0.015424,0.34285,-0.392173,0.351083,-0.850286,-0.817845,-0.556189,0.147498,-0.420655,0.752809,0.506315,-0.009667,0.022985,0.034763,-0.033859,-0.03103,0.051203,-1.821514,-0.1566,0.033265,0.338075,-0.429473,-0.548321,0.717558,0.902825,-0.276397,0.32931,0.01829,0.789933,0.612809,0.001658,-0.01208,0.02333,0.083054,-0.106328,-0.336708,-1.400712,0.048026,0.059359,0.000938,0.485461,0.587425,0.647502,-0.874182,0.335933,0.350649,-0.011537,-0.736261,0.676598,0.000818,-0.006197,0.011544,0.197658,-0.321073,-0.23733,-0.97252,0.074531,0.050378,-0.046196,0.537123,-0.340742,-0.771616,0.731765,0.643228,0.225336,0.419544,-0.685675,0.594836,-0.004932,0.005945,0.021503,-0.070168,-0.003189,0.007934,-1.132602
1197,0.150763,0.016303,0.3443,-0.390587,0.35125,-0.850947,-0.819088,-0.554483,0.147024,-0.419715,0.753988,0.50534,-0.009516,0.023681,0.03497,-0.033857,-0.030876,0.051293,-1.731913,-0.156566,0.032646,0.338917,-0.428024,-0.551756,0.715788,0.90343,-0.280216,0.324389,0.022117,0.786189,0.61748,0.001881,-0.016231,0.020313,0.06625,-0.17667,-0.14223,-1.400743,0.048043,0.059049,0.001358,0.483674,0.591168,0.645428,-0.875116,0.339409,0.344922,-0.015158,-0.731655,0.681504,0.000955,-0.008681,0.009741,0.108389,-0.226781,-0.17594,-0.972357,0.074344,0.05082,-0.045481,0.535678,-0.341069,-0.772476,0.73318,0.641698,0.225101,0.418922,-0.686946,0.593808,-0.004745,0.012149,0.017738,-0.033416,-0.031046,0.050941,-1.111048
1198,0.150339,0.016982,0.345711,-0.389441,0.351398,-0.851411,-0.820285,-0.552708,0.147026,-0.418441,0.75522,0.504556,-0.009917,0.010073,0.041012,-0.069927,-0.001344,0.009203,-1.663968,-0.156535,0.032098,0.339532,-0.426985,-0.555267,0.71369,0.903809,-0.284727,0.319365,0.026398,0.782087,0.6225,0.001998,-0.018415,0.018741,0.198109,-0.351555,-0.266136,-1.400567,0.048059,0.058772,0.001664,0.483389,0.593245,0.643734,-0.875206,0.343168,0.340952,-0.018641,-0.728214,0.685095,0.000461,-0.004124,0.005032,0.249691,-0.379916,-0.300113,-0.972357,0.074126,0.051178,-0.044743,0.534588,-0.341355,-0.773104,0.734579,0.640003,0.225363,0.417861,-0.688383,0.592891,-0.004985,0.005009,0.020496,-0.069619,-0.001429,0.00896,-1.096678
1199,0.150105,0.017238,0.346443,-0.389098,0.351466,-0.85154,-0.820887,-0.55174,0.147304,-0.41758,0.755895,0.504258,-0.010083,0.008413,0.039643,-0.069921,-0.001259,0.009249,-1.630281,-0.156511,0.031888,0.339777,-0.425465,-0.557264,0.713042,0.904531,-0.28428,0.317713,0.026176,0.78083,0.624085,0.000932,-0.007947,0.010291,0.066975,-0.126995,-0.11577,-1.400548,0.048071,0.058662,0.001789,0.481096,0.596596,0.642354,-0.87647,0.342874,0.33799,-0.018603,-0.72561,0.687854,0.000445,-0.003811,0.005262,0.098779,-0.178423,-0.115554,-0.973989,0.074013,0.051306,-0.044389,0.534282,-0.341456,-0.773271,0.7352,0.639156,0.225742,0.417161,-0.689119,0.592528,-0.004966,0.009825,0.015764,-0.034243,-0.015728,0.026588,-1.095209
1200,0.149746,0.01757,0.347913,-0.388267,0.351668,-0.851835,-0.822279,-0.54951,0.147876,-0.415614,0.757423,0.503589,0.002853,0.005084,0.03674,-0.068924,-0.015811,0.038892,-1.590896,-0.156479,0.031618,0.340184,-0.427233,-0.556754,0.712382,0.903576,-0.288826,0.31633,0.03016,0.779523,0.625537,-0.011924,-0.008033,0.011331,-0.017016,-0.01646,-0.041961,-1.400544,0.048092,0.058524,0.001989,0.482612,0.596254,0.641533,-0.875546,0.347229,0.335933,-0.022458,-0.723817,0.689625,0.00046,-0.004009,0.005121,-0.038595,0.002943,-0.026965,-0.975132,0.073828,0.051474,-0.043653,0.533546,-0.341744,-0.773653,0.736694,0.63712,0.226623,0.415463,-0.690859,0.591694,-0.005216,0.002728,0.018627,-0.069738,-0.001164,0.00917,-1.095046
1201,0.14956,0.017547,0.349481,-0.387563,0.354612,-0.850935,-0.824143,-0.546835,0.147414,-0.412572,0.757982,0.505246,0.002584,0.002789,0.034893,0.086308,0.47674,0.328757,-1.58117,-0.15645,0.031487,0.340486,-0.425929,-0.5588,0.711561,0.9042,-0.288512,0.314827,0.029891,0.778175,0.627226,0.000955,-0.008378,0.009984,0.2273,-0.340113,-0.266043,-1.400219,0.048102,0.05846,0.002141,0.482663,0.596076,0.641661,-0.87554,0.346453,0.336749,-0.021577,-0.724336,0.689108,0.000444,-0.003676,0.005364,-0.034928,-0.004492,0.006822,-0.974806,0.07374,0.051465,-0.042885,0.533044,-0.342083,-0.773848,0.73838,0.634649,0.228064,0.413106,-0.692963,0.590884,0.001181,-0.004097,0.021628,-0.104225,-0.001367,0.021249,-1.102884
1202,0.149526,0.017413,0.350282,-0.387555,0.354764,-0.850875,-0.824963,-0.545355,0.14831,-0.410939,0.758977,0.505084,0.002455,-0.007775,0.043499,-0.101673,0.007207,0.026362,-1.57149,-0.156443,0.031442,0.340598,-0.425909,-0.558809,0.711565,0.904219,-0.288254,0.315011,0.029602,0.778264,0.627129,-0.000138,0.002577,0.001869,0.004537,-0.006022,-0.004256,-1.400375,0.048105,0.058434,0.002201,0.481331,0.598225,0.64066,-0.876269,0.346513,0.334784,-0.021721,-0.722533,0.690994,0.000471,-0.004158,0.005015,-0.050015,0.020887,-0.013395,-0.975459,0.073718,0.051396,-0.042473,0.533018,-0.345076,-0.772537,0.739681,0.633356,0.227442,0.410806,-0.692662,0.592836,-0.005416,-0.003811,0.021921,-0.116198,0.000336,-0.012216,-1.104353
1203,0.149624,0.016857,0.352161,-0.386766,0.365805,-0.846548,-0.828016,-0.541845,0.144098,-0.405513,0.756232,0.513517,0.002264,-0.018821,0.051738,-0.016189,0.423497,0.208201,-1.55498,-0.15643,0.031372,0.340848,-0.425925,-0.558842,0.71153,0.904231,-0.287753,0.315434,0.028989,0.778427,0.626957,-0.000266,0.004945,0.003582,0.001921,-0.015588,0.024161,-1.400219,0.048112,0.058395,0.002323,0.481434,0.598093,0.640706,-0.876229,0.345991,0.335429,-0.021061,-0.722892,0.690638,-0.00014,0.00251,0.001818,0.001943,-0.014971,0.024836,-0.976602,0.073768,0.051114,-0.041518,0.532817,-0.355172,-0.768087,0.743379,0.630141,0.224294,0.404341,-0.690488,0.599778,0.001112,-0.009362,0.025904,0.022377,0.494239,0.240057,-1.110068
1204,0.149738,0.016015,0.354405,-0.386734,0.387254,-0.836969,-0.831954,-0.538041,0.135409,-0.397412,0.748204,0.531301,0.002489,-0.026375,0.06255,0.087031,0.860256,0.461552,-1.484657,-0.156405,0.031319,0.341218,-0.426063,-0.558911,0.711393,0.904192,-0.28715,0.316094,0.028131,0.7786,0.626781,0.000752,-0.004598,0.012719,-0.034583,-0.00565,0.00572,-1.400042,0.048124,0.05837,0.002503,0.481578,0.59813,0.640563,-0.876168,0.345476,0.336116,-0.020258,-0.723108,0.690437,0.000377,-0.002406,0.006282,-0.036201,0.010076,-0.018139,-0.977419,0.073824,0.050699,-0.040422,0.533664,-0.3744,-0.758304,0.748409,0.626624,0.217314,0.39381,-0.683495,0.614611,0.001223,-0.013103,0.031339,-0.069501,0.505168,0.03519,-1.10517
1205,0.149824,0.014977,0.356886,-0.389585,0.410771,-0.82434,-0.835261,-0.534658,0.128261,-0.387577,0.737996,0.552425,0.002406,-0.036579,0.071507,-0.016441,0.762313,0.144954,-1.387371,-0.156392,0.031211,0.341706,-0.424875,-0.561001,0.710458,0.90477,-0.286629,0.314909,0.027494,0.777289,0.628434,0.000705,-0.003723,0.013343,-0.033532,-0.007041,0.004743,-1.400407,0.048131,0.058317,0.002748,0.480365,0.600272,0.63947,-0.876851,0.344923,0.334903,-0.019535,-0.721596,0.692038,0.000348,-0.001917,0.006631,-0.046315,0.018841,-0.013779,-0.977092,0.073868,0.050173,-0.039157,0.536987,-0.399053,-0.743236,0.753399,0.623224,0.209714,0.379516,-0.672568,0.63531,0.001174,-0.018261,0.035774,0.010311,0.814657,0.168022,-1.085411
1206,0.14988,0.014399,0.358157,-0.392471,0.420963,-0.817803,-0.836318,-0.533367,0.126742,-0.382354,0.733161,0.562411,0.002504,-0.026213,0.062606,-0.0392,0.559866,0.054813,-1.334457,-0.156389,0.031152,0.341989,-0.423657,-0.563059,0.709557,0.905346,-0.286495,0.313376,0.027354,0.775851,0.630215,0.000618,-0.002122,0.01449,-0.007439,-0.041725,-0.019587,-1.399912,0.048133,0.058284,0.002893,0.479139,0.602394,0.638393,-0.877526,0.34476,0.333299,-0.019315,-0.719903,0.693804,0.000295,-0.000958,0.007319,-0.03108,-0.019995,-0.008154,-0.977582,0.073897,0.049885,-0.03852,0.539861,-0.409324,-0.735529,0.754957,0.621902,0.208031,0.372275,-0.667601,0.644763,0.001213,-0.013132,0.031284,-0.056086,0.534699,0.04663,-1.076921
