frame,MLTx,MLTy,MLTz,MLTR1,MLTR2,MLTR3,MLTR4,MLTR5,MLTR6,MLTR7,MLTR8,MLTR9,MLTTVx,MLTTVy,MLTTVz,MLTRVx,MLTRVy,MLTRVz,MLGA,MRTx,MRTy,MRTz,MRTR1,MRTR2,MRTR3,MRTR4,MRTR5,MRTR6,MRTR7,MRTR8,MRTR9,MRTTVx,MRTTVy,MRTTVz,MRTRVx,MRTRVy,MRTRVz,MRGA,SLTx,SLTy,SLTz,SLTR1,SLTR2,SLTR3,SLTR4,SLTR5,SLTR6,SLTR7,SLTR8,SLTR9,SLTTVx,SLTTVy,SLTTVz,SLTRVx,SLTRVy,SLTRVz,SLGA,SRTx,SRTy,SRTz,SRTR1,SRTR2,SRTR3,SRTR4,SRTR5,SRTR6,SRTR7,SRTR8,SRTR9,SRTTVx,SRTTVy,SRTTVz,SRTRVx,SRTRVy,SRTRVz,SRGA
2309,0.214879,-0.048129,0.300986,-0.377887,0.401521,-0.834283,-0.857372,-0.491846,0.151568,-0.349019,0.772066,0.531157,-0.009113,-0.098362,0.100038,0.404679,2.956379,1.152105,0.364154,-0.191469,-0.038886,0.247891,-0.658368,0.453545,0.600699,-0.167033,-0.866106,0.471056,0.734727,0.209227,0.645184,-0.141559,-0.058919,0.075376,0.230247,-0.648541,-0.197264,0.472349,0.026644,0.038131,-0.036525,0.571026,-0.439834,0.693162,0.177625,0.890555,0.41876,-0.801484,-0.116,0.586656,-0.070796,-0.029161,0.038344,0.491994,-0.916092,-0.403052,0.453823,0.108928,0.029996,-0.056491,0.414838,-0.428862,-0.802487,0.819507,0.559332,0.124721,0.395369,-0.709383,0.583488,0.002924,-0.042915,0.046122,0.340589,2.791434,0.889872,0.305824
2310,0.214868,-0.051152,0.304514,-0.391369,0.510816,-0.765468,-0.864274,-0.489657,0.115057,-0.315565,0.705968,0.634078,-0.011671,-0.061727,0.07958,0.633578,3.292796,0.913449,0.347166,-0.196724,-0.040736,0.25079,-0.696223,0.433785,0.571921,-0.16469,-0.871923,0.461044,0.699528,0.226259,0.677739,-0.141908,-0.041727,0.075535,-0.168377,-2.840733,1.543754,0.454691,0.023969,0.03718,-0.035044,0.610966,-0.42338,0.668932,0.175676,0.896417,0.406907,-0.771919,-0.131091,0.622058,-0.062876,-0.020885,0.037301,0.51825,-0.974912,-0.351353,0.444516,0.108923,0.028482,-0.054705,0.434714,-0.531077,-0.727309,0.827017,0.555088,0.088988,0.356461,-0.640182,0.680515,-0.005884,-0.030557,0.040148,0.600889,3.316603,0.702075,0.2828
2311,0.214677,-0.052758,0.307049,-0.400489,0.591391,-0.699936,-0.866825,-0.492105,0.080114,-0.296572,0.638071,0.71059,0.001105,-0.015673,0.047323,0.701998,2.27292,0.492447,0.320507,-0.201961,-0.042434,0.253727,-0.729855,0.415166,0.543084,-0.153626,-0.873639,0.461614,0.667012,0.252961,0.700692,-0.126041,-0.042418,0.071432,0.326377,-0.567241,-0.108876,0.428653,0.021393,0.036355,-0.033586,0.649551,-0.410799,0.639786,0.165164,0.897615,0.408664,-0.742161,-0.159778,0.650897,-0.063055,-0.020964,0.036274,0.607239,1.665032,-1.667909,0.412021,0.108821,0.027666,-0.05342,0.44822,-0.608556,-0.654795,0.830341,0.554746,0.052814,0.331105,-0.567376,0.753958,0.000838,-0.012752,0.028586,0.945,1.631462,0.739428,0.254061
2312,0.21497,-0.053039,0.308853,-0.408213,0.643921,-0.647126,-0.871716,-0.485408,0.0668,-0.270607,0.590576,0.760276,0.015333,0.008953,0.032434,0.333167,1.358981,-0.088957,0.33696,-0.207117,-0.044016,0.256377,-0.74013,0.404866,0.53692,-0.144274,-0.875348,0.461395,0.657713,0.263523,0.705572,-0.143243,-0.031455,0.061942,-0.061765,-0.142276,-0.00983,0.406329,0.018828,0.035562,-0.032253,0.661883,-0.400141,0.633875,0.156104,0.900647,0.405542,-0.733172,-0.169471,0.658586,-0.063564,-0.016182,0.029959,-0.060622,-0.164351,0.016954,0.384588,0.108961,0.027521,-0.052523,0.457799,-0.657288,-0.598658,0.836426,0.546659,0.039425,0.301348,-0.518783,0.800033,0.007981,-0.000737,0.020767,0.148572,1.014089,-0.268421,0.23267
2313,0.215125,-0.053037,0.309513,-0.409769,0.656669,-0.633184,-0.87395,-0.481462,0.066179,-0.260893,0.57967,0.771975,0.015555,0.005406,0.027837,0.144736,0.847949,-0.383769,0.354446,-0.209819,-0.044618,0.257535,-0.744664,0.399536,0.534638,-0.138504,-0.875995,0.461934,0.653824,0.269438,0.706951,-0.143798,-0.02013,0.053064,-0.978662,-0.847886,-1.112135,0.394059,0.017478,0.035253,-0.031667,0.6644,-0.399673,0.631532,0.155559,0.900445,0.406202,-0.731008,-0.17164,0.660429,-0.063866,-0.010706,0.025259,-0.128189,-0.049471,0.08627,0.367932,0.109038,0.02753,-0.052167,0.460304,-0.669781,-0.582676,0.83895,0.542824,0.038785,0.290313,-0.506689,0.811777,-0.000168,0.002081,0.013811,0.164886,0.915948,-0.393198,0.255367
2314,0.215639,-0.052893,0.310133,-0.410991,0.648088,-0.641181,-0.869789,-0.489384,0.062788,-0.272588,0.58269,0.765634,0.016212,-0.004581,0.015107,-0.180016,-0.28572,-0.515661,0.356884,-0.215021,-0.045174,0.25928,-0.754771,0.38817,0.528807,-0.131316,-0.879111,0.458099,0.643638,0.275835,0.713799,-0.128196,-0.010277,0.040444,0.150014,-0.125695,-0.427418,0.359563,0.014817,0.03496,-0.030766,0.677526,-0.386189,0.625951,0.143846,0.904199,0.402159,-0.721293,-0.182433,0.668171,-0.064272,0.000617,0.016525,0.339964,-0.369603,-0.325889,0.330539,0.109288,0.027613,-0.051841,0.460702,-0.662334,-0.590817,0.834571,0.549825,0.034394,0.302066,-0.508924,0.806071,0.015645,0.00343,0.002962,0.20708,-1.13397,-0.146662,0.279861
2315,0.216266,-0.052823,0.310284,-0.415538,0.627812,-0.658199,-0.865768,-0.494839,0.074507,-0.278416,0.600026,0.749986,0.016404,-0.007363,0.011569,-0.300092,-0.153397,-0.247084,0.30542,-0.219693,-0.04518,0.260643,-0.758946,0.388898,0.522255,-0.129777,-0.876194,0.464085,0.639022,0.283953,0.714762,-0.111592,0.003638,0.035117,-0.114684,-0.086684,-0.009372,0.216748,0.012473,0.034945,-0.030093,0.682711,-0.387013,0.619779,0.14157,0.9022,0.407422,-0.716842,-0.190409,0.670731,-0.055862,0.001644,0.017371,-0.293468,-0.545244,0.425278,0.224074,0.109607,0.027643,-0.051772,0.465053,-0.640691,-0.610934,0.829341,0.556722,0.047469,0.309707,-0.528748,0.790256,0.007873,0.00091,0.000456,-0.634801,0.269509,-0.638095,0.249326
2316,0.216595,-0.052761,0.3104,-0.422308,0.619909,-0.661373,-0.864439,-0.494953,0.08797,-0.272298,0.608094,0.745723,0.031258,0.007278,0.006431,-1.775936,1.036423,-1.546567,0.256768,-0.221835,-0.045075,0.261421,-0.764811,0.393311,0.510256,-0.132758,-0.871123,0.472708,0.631368,0.2933,0.717783,-0.11067,0.007864,0.041532,-0.068147,0.035479,-0.122306,0.152835,0.011359,0.034994,-0.029699,0.689421,-0.392809,0.608604,0.143458,0.897595,0.416824,-0.710013,-0.200058,0.675172,-0.055317,0.004173,0.021252,-0.060414,0.053619,-0.136401,0.117935,0.109778,0.027663,-0.05172,0.471054,-0.632948,-0.614397,0.827811,0.557782,0.060054,0.304689,-0.536894,0.786707,0.015621,0.00367,0.003243,-1.748592,1.055472,-1.5398,0.203604
2317,0.217787,-0.0523,0.311006,-0.451218,0.617848,-0.643981,-0.859568,-0.494853,0.127419,-0.239397,0.610269,0.755174,0.030408,0.017764,0.019538,-0.492118,0.481564,-0.537224,0.141704,-0.225475,-0.044304,0.263241,-0.789283,0.382437,0.48038,-0.118813,-0.862568,0.491726,0.603397,0.330556,0.725608,-0.075729,0.028647,0.047595,-0.789159,-0.926721,-1.060445,0.077482,0.009538,0.035372,-0.028801,0.716885,-0.386124,0.580503,0.12782,0.891308,0.435007,-0.685373,-0.23765,0.68832,-0.037821,0.014708,0.024514,-0.776704,-0.926168,-1.093518,-0.024128,0.110375,0.027882,-0.051432,0.500451,-0.627611,-0.596366,0.822072,0.560541,0.099947,0.27156,-0.540275,0.796465,0.01517,0.00924,0.010202,-0.50947,0.541725,-0.562656,0.054683
2318,0.219669,-0.051762,0.312218,-0.47972,0.617806,-0.623082,-0.851428,-0.499336,0.160334,-0.211482,0.606654,0.766338,0.047249,0.001793,0.042086,-0.224087,0.267437,-0.401445,0.187212,-0.228081,-0.043139,0.265155,-0.806519,0.352818,0.474381,-0.08778,-0.86485,0.494229,0.585645,0.356522,0.727856,-0.058618,0.030277,0.049069,0.521942,1.57859,-2.001993,0.052161,0.008258,0.035951,-0.027848,0.73749,-0.35908,0.571987,0.097601,0.894716,0.43584,-0.668268,-0.265601,0.694891,-0.021267,0.008765,0.027401,-0.813258,-0.8424,-1.229661,-0.096956,0.111316,0.028157,-0.050817,0.528708,-0.6243,-0.575079,0.813162,0.566808,0.132272,0.243382,-0.537566,0.807333,0.023592,0.00118,0.021368,-0.226666,0.271078,-0.406738,0.00537
2319,0.221787,-0.051781,0.313913,-0.488653,0.615308,-0.618596,-0.846122,-0.507157,0.163836,-0.212315,0.602699,0.769223,0.063715,-0.008248,0.049826,0.00962,0.272442,0.083773,0.192174,-0.229743,-0.042198,0.267039,-0.805298,0.34255,0.483886,-0.074708,-0.86819,0.490509,0.589131,0.358426,0.724099,-0.026621,0.026318,0.041832,0.003405,-0.027028,0.033983,0.052382,0.007427,0.036425,-0.026909,0.734972,-0.346548,0.582855,0.083888,0.899409,0.428981,-0.672888,-0.266394,0.690111,-0.013384,0.013001,0.02072,0.025596,0.011316,-0.005745,-0.110182,0.112351,0.028158,-0.04998,0.537548,-0.620055,-0.571464,0.807054,0.574698,0.135591,0.244346,-0.53409,0.809346,0.03187,-0.004452,0.024478,0.102704,0.449893,0.116347,0.045539
2320,0.223145,-0.051936,0.314942,-0.48781,0.617385,-0.61719,-0.847089,-0.50559,0.16368,-0.210392,0.60189,0.770384,0.063539,-0.006937,0.051227,-0.047452,0.041824,0.19038,0.183097,-0.230168,-0.041787,0.267885,-0.80611,0.333362,0.488925,-0.062601,-0.869505,0.489874,0.589432,0.363867,0.721134,-0.010698,0.024462,0.038571,-0.057504,0.032749,0.088042,0.052237,0.007209,0.036633,-0.026483,0.735948,-0.336973,0.587221,0.071896,0.901332,0.427118,-0.673209,-0.272118,0.687561,-0.00531,0.012555,0.019833,-0.098962,0.139665,-0.035437,-0.111978,0.113,0.028084,-0.04949,0.536821,-0.622803,-0.569155,0.808156,0.573312,0.134893,0.242292,-0.532379,0.811089,0.031735,-0.003299,0.025792,-0.022897,0.094202,0.215473,0.039334
2321,0.22585,-0.052153,0.317021,-0.507294,0.610328,-0.608439,-0.830644,-0.534339,0.156475,-0.228988,0.584014,0.778794,0.047513,-0.00631,0.053078,3.508399,-0.375371,-3.933301,0.217255,-0.230093,-0.040887,0.269351,-0.811706,0.306895,0.496931,-0.03387,-0.874001,0.484674,0.584072,0.376197,0.719165,0.021192,0.021841,0.033886,-0.002305,0.030092,-0.040895,0.094994,0.007222,0.037081,-0.025741,0.742446,-0.310408,0.593649,0.044236,0.906952,0.418904,-0.668442,-0.284753,0.687095,0.010579,0.010943,0.016993,0.007048,-0.082504,0.132204,-0.101528,0.114365,0.027971,-0.048449,0.552758,-0.615421,-0.561885,0.792855,0.595986,0.127205,0.256591,-0.515807,0.817376,0.031604,-0.002697,0.026297,-0.031395,0.040432,0.170207,0.043906
2322,0.227758,-0.052387,0.318976,-0.519385,0.60637,-0.602163,-0.819295,-0.553625,0.149086,-0.242332,0.570026,0.785094,0.047539,-0.007525,0.051269,-0.017539,0.145201,0.170968,0.24826,-0.22947,-0.040269,0.27076,-0.816188,0.301995,0.492572,-0.030552,-0.873769,0.485313,0.577972,0.380679,0.72173,0.021136,0.010327,0.04108,0.138235,-0.317414,0.017062,0.108658,0.007527,0.037397,-0.025045,0.746859,-0.307066,0.58984,0.040883,0.906526,0.420163,-0.663724,-0.289688,0.689601,0.01055,0.005173,0.02056,0.127996,-1.098541,0.454358,-0.038498,0.115343,0.027856,-0.047446,0.567494,-0.60883,-0.554324,0.777244,0.618297,0.116618,0.271736,-0.497026,0.824089,0.015864,-0.004092,0.025976,-0.026685,0.146015,0.175199,0.101548
2323,0.22855,-0.052494,0.31992,-0.517134,0.610829,-0.599588,-0.821246,-0.551435,0.146448,-0.240542,0.56738,0.787557,0.047526,-0.007816,0.050769,-0.065678,0.020555,0.141985,0.241285,-0.229167,-0.040089,0.271584,-0.821028,0.303472,0.483539,-0.034345,-0.871602,0.488943,0.570856,0.384448,0.725387,0.005404,0.012556,0.044354,-0.189631,-0.701545,0.575947,0.072535,0.007692,0.037488,-0.024622,0.752924,-0.308227,0.581463,0.044163,0.905212,0.422657,-0.656623,-0.29255,0.695168,0.010624,0.005703,0.021258,-0.716668,-2.053656,1.843709,-0.055317,0.115739,0.027803,-0.046974,0.565439,-0.613481,-0.551287,0.77948,0.615958,0.114043,0.269607,-0.494202,0.826483,0.015508,0.00023,0.020313,-0.066886,-0.012554,0.096657,0.114121
2324,0.229934,-0.052435,0.321339,-0.530634,0.602392,-0.59632,-0.808126,-0.571748,0.14145,-0.255083,0.556208,0.790944,0.030372,0.008534,0.028612,-0.018867,-0.023864,0.098154,0.13824,-0.228554,-0.039476,0.273411,-0.844919,0.265634,0.464264,-0.005588,-0.872171,0.489101,0.535893,0.410323,0.737779,0.022123,0.015683,0.048374,0.048135,-0.650995,-0.464057,0.006193,0.007992,0.03779,-0.023714,0.780389,-0.275068,0.561543,0.016247,0.906662,0.421543,-0.625083,-0.319844,0.712018,0.002956,0.013742,0.020653,-0.278739,-1.366116,-1.471144,-0.132063,0.116437,0.027829,-0.046254,0.578261,-0.603782,-0.548689,0.765087,0.63485,0.107728,0.283292,-0.48209,0.829055,0.015164,0.004261,0.014272,-0.042613,-0.069903,0.077943,0.047825
2325,0.23122,-0.052096,0.322527,-0.547183,0.590607,-0.593144,-0.790969,-0.596641,0.135501,-0.273192,0.542565,0.794366,0.045551,0.013002,0.032157,0.059759,0.115953,0.227223,0.050544,-0.2281,-0.038646,0.27498,-0.858374,0.23258,0.457265,0.018636,-0.876466,0.481033,0.513726,0.421136,0.74739,0.005126,0.011957,0.042425,0.157857,-0.137712,-0.259799,-0.005589,0.008229,0.038221,-0.022896,0.797232,-0.242162,0.552971,-0.007264,0.912098,0.409906,-0.603628,-0.330807,0.725395,0.00251,0.005855,0.021017,0.145028,-0.128207,-0.255096,-0.18203,0.117075,0.027989,-0.04567,0.59409,-0.59006,-0.546703,0.746125,0.658189,0.10041,0.300587,-0.467562,0.831283,0.014981,0.005503,0.015659,0.110365,0.210747,0.174716,-0.090155
2326,0.232635,-0.05146,0.323848,-0.555684,0.593271,-0.582485,-0.786638,-0.601939,0.137267,-0.2685,0.533741,0.801907,0.028349,0.026409,0.027943,0.216289,0.487515,0.38517,0.017589,-0.227823,-0.038549,0.276452,-0.863416,0.219703,0.454132,0.025646,-0.879771,0.474635,0.504888,0.421178,0.753366,0.003347,-0.008083,0.037233,0.320869,-0.417878,-0.274187,-0.026291,0.00837,0.038278,-0.022148,0.802517,-0.231137,0.550037,-0.013632,0.914565,0.404208,-0.596472,-0.331882,0.730804,0.001561,-0.004446,0.018019,0.271304,-0.379243,-0.253609,-0.196726,0.117789,0.028299,-0.045011,0.60279,-0.590055,-0.537101,0.741139,0.663408,0.102969,0.29556,-0.460135,0.837208,0.022368,0.009082,0.018954,-0.084402,-0.048645,0.117698,-0.180292
2327,0.233456,-0.051083,0.324601,-0.561839,0.594288,-0.575503,-0.783943,-0.60461,0.140893,-0.263532,0.529579,0.806303,0.044675,0.018008,0.037585,0.061648,0.146612,0.251231,0.028159,-0.227722,-0.03885,0.27715,-0.862877,0.216623,0.456629,0.02851,-0.88105,0.472092,0.505655,0.420104,0.753451,0.002537,-0.011857,0.031647,0.096513,-0.178909,-0.106912,-0.068594,0.008419,0.038132,-0.02181,0.802483,-0.226928,0.551836,-0.01611,0.916276,0.400221,-0.596456,-0.330062,0.731641,0.001174,-0.012207,0.018887,0.135906,-0.219018,-0.184195,-0.219587,0.118193,0.028494,-0.044635,0.608842,-0.591722,-0.528369,0.738494,0.666019,0.105093,0.289718,-0.454183,0.842484,0.014521,0.008403,0.018866,0.080175,0.281699,0.0721,-0.193845
2328,0.23475,-0.050667,0.326171,-0.563541,0.610289,-0.556789,-0.78703,-0.601427,0.137261,-0.250405,0.5148,0.819942,0.030196,0.003835,0.043546,0.246811,0.707477,0.457504,0.086442,-0.227731,-0.039726,0.278534,-0.868061,0.204627,0.452316,0.032316,-0.885742,0.462981,0.496457,0.416256,0.761659,0.002199,-0.013418,0.029298,0.328216,-0.428658,-0.278474,-0.194176,0.008412,0.037696,-0.021145,0.808167,-0.216807,0.547595,-0.018495,0.919976,0.391537,-0.588663,-0.326555,0.739484,0.001065,-0.012701,0.018139,0.426478,-0.648942,-0.254897,-0.31005,0.118833,0.028712,-0.043861,0.611471,-0.604634,-0.510411,0.741452,0.66309,0.10276,0.276316,-0.44128,0.853768,0.015129,0.001541,0.021321,0.064048,0.289226,0.236971,-0.14796
2329,0.235675,-0.050771,0.327551,-0.56081,0.626069,-0.541827,-0.791061,-0.598312,0.127343,-0.243765,0.499252,0.831477,0.015865,-0.007344,0.032061,0.258296,0.783344,0.390839,0.083133,-0.227555,-0.040399,0.279839,-0.875513,0.189774,0.444357,0.034963,-0.892213,0.450186,0.482987,0.409443,0.773914,0.002792,-0.022466,0.040453,0.202149,-0.317134,-0.226193,-0.279162,0.008499,0.037346,-0.020492,0.818053,-0.201745,0.538597,-0.019492,0.926196,0.376536,-0.574811,-0.318524,0.753745,0.001266,-0.00579,0.015943,0.298693,-0.396839,-0.254671,-0.420108,0.119311,0.028676,-0.043138,0.609583,-0.619717,-0.494325,0.745916,0.65951,0.093031,0.26836,-0.425435,0.864283,0.007915,-0.003713,0.015966,0.046437,0.273302,0.194086,-0.110567
2330,0.235987,-0.05093,0.328126,-0.559539,0.63377,-0.534132,-0.792983,-0.596778,0.122502,-0.240431,0.491311,0.837159,0.000619,-0.010974,0.029457,0.156186,0.551921,0.243623,0.059464,-0.227445,-0.040681,0.280506,-0.879128,0.182324,0.440321,0.03638,-0.895418,0.443663,0.47626,0.405827,0.779964,0.002674,-0.011099,0.032532,0.361153,-0.463576,-0.299707,-0.286337,0.008555,0.037201,-0.020155,0.821926,-0.1957,0.534919,-0.020262,0.928483,0.37082,-0.569233,-0.315625,0.759179,0.001362,-0.011271,0.020145,0.323198,-0.554009,-0.196217,-0.450317,0.119473,0.028595,-0.042853,0.608614,-0.628038,-0.484928,0.748265,0.657611,0.087437,0.263981,-0.416071,0.870171,0.008064,-0.004836,0.014656,0.243314,0.706188,0.368135,-0.121997
2331,0.236033,-0.051343,0.329179,-0.557279,0.65004,-0.516656,-0.796184,-0.594915,0.110179,-0.235059,0.471942,0.849732,0.00077,-0.012127,0.028091,0.157076,0.650172,0.068429,0.017719,-0.227452,-0.041056,0.281839,-0.885094,0.167555,0.434196,0.047031,-0.895827,0.441833,0.464101,0.411275,0.784428,-0.012651,-0.007714,0.037488,-0.035036,-0.120347,0.138253,-0.327439,0.008556,0.03701,-0.019494,0.830105,-0.180265,0.527664,-0.031062,0.929883,0.366539,-0.55674,-0.320656,0.766301,0.001523,0.001418,0.014116,-0.058912,-0.002685,0.032966,-0.485097,0.119497,0.028383,-0.042334,0.607076,-0.643269,-0.466544,0.751871,0.655003,0.075233,0.257193,-0.396453,0.881292,-0.007839,-0.001806,0.009221,0.285203,0.766872,0.308361,-0.178659
2332,0.23566,-0.051664,0.330141,-0.554021,0.661876,-0.505,-0.798205,-0.594624,0.096241,-0.235903,0.455588,0.85838,-0.015662,-0.003383,0.018681,0.091928,0.412611,-0.05577,-0.05674,-0.227408,-0.040991,0.283055,-0.894865,0.129338,0.427177,0.07903,-0.895906,0.437081,0.44036,0.424727,0.790919,0.003089,0.002887,0.028149,0.29856,-0.372258,-0.209783,-0.367835,0.008573,0.037042,-0.018877,0.841977,-0.14503,0.519654,-0.062313,0.930603,0.360686,-0.535903,-0.336071,0.774509,0.00154,0.001526,0.014187,0.310796,-0.397885,-0.236799,-0.534248,0.119317,0.028217,-0.041852,0.604296,-0.655093,-0.453517,0.754328,0.653664,0.060917,0.256541,-0.378913,0.889162,0.000356,-0.005955,0.014152,0.075486,0.3701,0.152333,-0.235974
2333,0.235067,-0.051996,0.331019,-0.554796,0.66937,-0.494156,-0.798534,-0.595115,0.090293,-0.232957,0.443859,0.865301,-0.014627,-0.014416,0.026982,0.057001,0.317118,0.093522,-0.150406,-0.2273,-0.040934,0.283962,-0.897874,0.117064,0.424394,0.089964,-0.894718,0.4374,0.432039,0.430764,0.792242,0.002062,0.009912,0.014017,0.008946,-0.023048,0.01913,-0.380179,0.008628,0.037073,-0.018411,0.846733,-0.131772,0.51544,-0.073413,0.930632,0.358515,-0.526928,-0.341406,0.778323,0.001115,-0.000509,0.011249,-0.048898,0.002167,0.035309,-0.552047,0.11902,0.028055,-0.041417,0.605552,-0.661416,-0.442531,0.754606,0.653839,0.055349,0.252736,-0.367454,0.895042,-0.007783,-0.002138,0.008815,0.139486,0.410423,0.149466,-0.310598
2334,0.234622,-0.052199,0.331446,-0.555611,0.672282,-0.489264,-0.798646,-0.595151,0.089061,-0.230628,0.439392,0.868201,-0.030879,-0.006938,0.016124,0.067468,0.281899,0.033296,-0.171095,-0.22734,-0.040934,0.284395,-0.903768,0.101016,0.415921,0.102999,-0.891709,0.440659,0.416524,0.440966,0.794933,0.002306,-0.000804,0.022771,-1.210101,-2.256305,1.25721,-0.433817,0.008607,0.037074,-0.018202,0.853055,-0.116424,0.508665,-0.087279,0.929226,0.359054,-0.514468,-0.350689,0.78252,-0.006822,-0.00025,0.011717,-0.739516,-0.718677,-1.354319,-0.576377,0.118803,0.027952,-0.041197,0.606461,-0.664024,-0.437349,0.754783,0.653741,0.054068,0.250011,-0.362895,0.897663,-0.007325,-0.007226,0.013469,0.067702,0.332182,0.092765,-0.339174
2335,0.233425,-0.052594,0.332355,-0.558517,0.673068,-0.484854,-0.798121,-0.595262,0.092934,-0.225376,0.438038,0.870262,-0.046837,-0.004445,0.020402,-0.036123,0.027582,-0.057439,-0.204256,-0.227596,-0.040873,0.285256,-0.917263,0.067529,0.392505,0.12654,-0.884871,0.448247,0.378733,0.460743,0.802584,0.00233,-0.000684,0.022863,0.046415,-0.126972,-0.018779,-0.531481,0.008479,0.037103,-0.017774,0.872011,-0.086286,0.481819,-0.111177,0.923699,0.366632,-0.476691,-0.373275,0.795883,-0.006788,-0.000121,0.011855,0.027488,-0.127646,-0.057875,-0.671085,0.118194,0.027744,-0.040746,0.60929,-0.664516,-0.432647,0.754324,0.653945,0.057889,0.244459,-0.361627,0.899702,-0.023446,-0.002136,0.010313,-0.040991,0.007835,-0.062315,-0.374444
2336,0.232162,-0.052836,0.333565,-0.558289,0.673063,-0.485124,-0.798747,-0.594125,0.094813,-0.223721,0.439585,0.869909,-0.031868,0.001985,0.025999,-0.030385,-0.073576,0.151186,-0.220685,-0.228056,-0.04073,0.286177,-0.928407,0.034583,0.36994,0.146096,-0.881296,0.44934,0.342728,0.471175,0.812647,-0.013104,0.001791,0.02645,0.067368,-0.328493,-0.053603,-0.58014,0.008254,0.037171,-0.017318,0.887128,-0.056007,0.458112,-0.13083,0.921375,0.365994,-0.442591,-0.384618,0.81005,-0.006595,0.000769,0.01305,-0.047389,-0.4935,-0.362288,-0.739994,0.117586,0.027623,-0.040167,0.609172,-0.664371,-0.433035,0.754873,0.653132,0.059869,0.243054,-0.363358,0.899386,-0.015532,-0.003955,0.017845,-0.065043,-0.067707,0.127384,-0.393386
2337,0.231627,-0.05298,0.334186,-0.557601,0.6733,-0.485587,-0.799428,-0.593097,0.095507,-0.223008,0.440606,0.869575,-0.030805,-0.009536,0.033742,-0.071446,0.017787,-0.050189,-0.215548,-0.228432,-0.040672,0.286674,-0.93339,0.010806,0.358689,0.163035,-0.877465,0.451009,0.320779,0.479433,0.816767,-0.029131,0.013168,0.018741,-2.150474,-3.330178,-4.002383,-0.594739,0.008073,0.037199,-0.017064,0.893792,-0.038647,0.446812,-0.143356,0.919391,0.366289,-0.424951,-0.39144,0.816205,-0.006566,0.000892,0.013194,-0.921903,-2.173348,1.464564,-0.760895,0.117306,0.027558,-0.03984,0.608434,-0.664715,-0.433545,0.755663,0.65215,0.06061,0.242448,-0.364491,0.89909,-0.007683,-0.004055,0.016958,-0.064919,-0.069482,0.131438,-0.397468
2338,0.230543,-0.053487,0.335558,-0.555015,0.674255,-0.487221,-0.801652,-0.589884,0.096761,-0.221478,0.443445,0.868523,-0.014229,-0.020067,0.041097,-0.100566,-0.07437,0.138017,-0.191937,-0.229254,-0.040481,0.287518,-0.934468,-0.006847,0.355968,0.177817,-0.87496,0.450289,0.309545,0.484086,0.818355,-0.013727,-0.00133,0.021962,-0.032663,0.010531,-0.023638,-0.629146,0.007668,0.037298,-0.016644,0.896992,-0.015949,0.441757,-0.163198,0.9168,0.364475,-0.410816,-0.399025,0.81976,-0.006952,-0.001024,0.010498,-0.053774,0.028825,-0.015427,-0.798289,0.116769,0.027317,-0.039164,0.606054,-0.665882,-0.435084,0.757977,0.649321,0.062067,0.24118,-0.3674,0.898247,-0.014852,-0.010925,0.020301,-0.100927,-0.059775,0.107246,-0.386854
2339,0.229813,-0.054267,0.336962,-0.550667,0.677071,-0.488248,-0.80465,-0.586143,0.094583,-0.221465,0.444108,0.868187,-0.013914,-0.022874,0.037909,0.094971,-0.053223,0.070043,-0.199552,-0.230147,-0.040437,0.287999,-0.932976,-0.025369,0.359031,0.196654,-0.871179,0.449786,0.302539,0.490277,0.817289,-0.030871,-0.007001,0.014261,-0.040154,0.044887,-0.074663,-0.634913,0.007218,0.037333,-0.016387,0.896344,0.002584,0.44335,-0.182027,0.91396,0.362688,-0.404267,-0.405795,0.819693,-0.007665,0.001454,0.002109,-0.012874,0.121731,-0.195564,-0.818373,0.116392,0.026925,-0.038447,0.602018,-0.669149,-0.435675,0.761237,0.645673,0.060198,0.241022,-0.367892,0.898088,-0.00698,-0.011434,0.018971,0.579144,-0.49219,0.55432,-0.387344
2340,0.229556,-0.054756,0.337746,-0.548542,0.677378,-0.49021,-0.805798,-0.584723,0.093598,-0.22256,0.445507,0.86719,-0.013881,-0.023205,0.037517,-0.052447,-0.01535,-0.033306,-0.179639,-0.230674,-0.040474,0.288131,-0.933554,-0.028203,0.357313,0.198041,-0.871286,0.44897,0.299829,0.489936,0.818491,-0.031283,-0.008862,0.011666,-0.020695,0.024048,-0.088622,-0.634767,0.006942,0.03731,-0.016318,0.897303,0.005319,0.441381,-0.183255,0.914173,0.36153,-0.401575,-0.405288,0.821265,-0.015703,-0.004688,0.005491,-0.044403,0.047587,-0.082674,-0.820823,0.116259,0.026671,-0.038042,0.599809,-0.669687,-0.437889,0.762544,0.644213,0.059283,0.242393,-0.369469,0.897071,-0.006954,-0.011697,0.018667,-0.058151,-0.024033,-0.036568,-0.383262
2341,0.229125,-0.055606,0.339151,-0.54086,0.679191,-0.4962,-0.807751,-0.583893,0.081122,-0.233964,0.443834,0.865044,-0.014628,-0.013986,0.027088,1.935812,-1.387553,1.235288,-0.17632,-0.231579,-0.040474,0.288176,-0.932693,-0.029628,0.359439,0.200312,-0.871113,0.448297,0.300998,0.490161,0.817927,-0.0159,0.011814,-0.00712,0.034007,0.000633,-0.013128,-0.644778,0.006494,0.037299,-0.016301,0.896267,0.00677,0.443461,-0.185471,0.913975,0.360899,-0.40287,-0.405711,0.820422,-0.007927,0.000231,0.000405,-0.001911,0.016795,-0.027127,-0.825068,0.116049,0.026251,-0.03735,0.593732,-0.672143,-0.442386,0.76443,0.642819,0.049279,0.251251,-0.367432,0.895469,0.000829,-0.01141,0.018258,-0.11926,-0.001587,-0.044597,-0.369546
2342,0.229039,-0.056201,0.340155,-0.533683,0.680811,-0.501721,-0.808928,-0.583942,0.067974,-0.246041,0.441283,0.862995,0.000292,-0.005058,0.014966,0.17289,0.322179,0.199437,-0.189544,-0.232074,-0.0402,0.288295,-0.936295,-0.03387,0.349566,0.200756,-0.868089,0.45393,0.289252,0.495232,0.81911,-0.014504,0.00652,0.009119,-0.001251,-0.001249,-0.003535,-0.678403,0.006244,0.037429,-0.01626,0.901062,0.009917,0.433576,-0.186498,0.911441,0.366733,-0.391542,-0.41131,0.823114,0.000563,0.008329,-0.000281,0.04102,-0.022488,0.038068,-0.849399,0.116,0.025949,-0.036836,0.585498,-0.673993,-0.450471,0.765784,0.642171,0.03451,0.26602,-0.365169,0.892123,0.000145,-0.002676,0.00732,0.251943,0.49206,0.23711,-0.374281
2343,0.228999,-0.056643,0.340953,-0.532066,0.682055,-0.501749,-0.809233,-0.583941,0.064241,-0.248521,0.439361,0.863265,0.000264,-0.004796,0.015243,-0.004379,0.066526,0.036023,-0.187766,-0.232005,-0.039588,0.288748,-0.944284,-0.057135,0.324122,0.212283,-0.858056,0.467557,0.252585,0.510384,0.821932,0.003446,0.02718,0.0138,-0.525029,-0.889568,-1.230619,-0.679412,0.00627,0.037717,-0.016049,0.912741,0.02894,0.407512,-0.198325,0.903456,0.380046,-0.35717,-0.427703,0.830361,0.009562,0.007537,0.01033,-1.88869,-2.814586,-4.316995,-0.864585,0.11598,0.025726,-0.036447,0.583961,-0.676265,-0.449059,0.766302,0.641777,0.030017,0.267896,-0.361644,0.892997,0.000564,-0.007714,0.012033,-0.045354,0.069351,0.015275,-0.379343
2344,0.228948,-0.056765,0.341255,-0.532031,0.682033,-0.501817,-0.809426,-0.583605,0.064863,-0.247969,0.439842,0.863179,0.000232,-0.004493,0.01557,-0.034323,-0.00448,0.005058,-0.175564,-0.231749,-0.039119,0.289265,-0.947448,-0.076499,0.310614,0.224055,-0.851451,0.474092,0.229394,0.518868,0.823418,0.005046,0.023032,0.031409,-0.15092,-0.300913,-0.307837,-0.678087,0.006389,0.037941,-0.015814,0.91829,0.047104,0.393095,-0.211227,0.898066,0.385823,-0.334852,-0.43733,0.834634,0.002511,0.011813,0.016173,-1.742527,-2.724482,-4.417448,-0.866381,0.115955,0.025666,-0.036303,0.583877,-0.67624,-0.449206,0.766549,0.64145,0.030713,0.267374,-0.362271,0.892899,0.000149,-0.002676,0.007315,-0.041732,-0.00516,-0.024753,-0.375424
2345,0.229017,-0.056678,0.341604,-0.530603,0.684249,-0.500309,-0.810512,-0.582286,0.063118,-0.247482,0.438143,0.864182,-0.000649,0.006026,0.006606,0.001022,-0.011116,0.02658,-0.157181,-0.231214,-0.038284,0.290811,-0.945137,-0.129032,0.300098,0.266135,-0.836531,0.478875,0.190438,0.53263,0.824561,0.006383,0.017947,0.047325,-0.033843,-0.051805,0.071047,-0.669715,0.006665,0.038378,-0.015023,0.920223,0.100313,0.37832,-0.255863,0.885638,0.387529,-0.29618,-0.453411,0.840651,0.011099,0.008961,0.023557,-0.043132,-0.075428,0.07496,-0.862462,0.11599,0.025703,-0.03612,0.582594,-0.678417,-0.447586,0.767752,0.640084,0.029144,0.266721,-0.360614,0.893765,0.00742,0.003577,0.003229,-0.002746,-0.035434,0.053402,-0.363014
2346,0.229235,-0.056415,0.341839,-0.528946,0.684932,-0.501129,-0.811435,-0.581106,0.062129,-0.248004,0.438642,0.863779,-0.000623,0.00575,0.006289,0.00075,-0.011764,0.026298,-0.139585,-0.230608,-0.037946,0.292935,-0.936536,-0.173355,0.304696,0.307745,-0.822432,0.478364,0.168841,0.54199,0.823166,0.006804,-0.002879,0.065063,-0.171114,0.031418,-0.670293,-0.664977,0.006971,0.038562,-0.013958,0.914217,0.144669,0.378519,-0.297406,0.874008,0.384263,-0.275238,-0.463874,0.842059,0.011173,0.003927,0.028063,-0.217247,-0.200182,-1.771399,-0.85593,0.116098,0.025836,-0.036001,0.581004,-0.679211,-0.448448,0.768754,0.638917,0.028297,0.267302,-0.361187,0.89336,-0.000292,0.002643,0.002889,0.00086,-0.011968,0.025873,-0.351094
2347,0.22927,-0.056311,0.341964,-0.529377,0.686869,-0.498013,-0.812017,-0.580221,0.062798,-0.245172,0.436782,0.865528,-0.000648,0.005967,0.006519,0.026267,0.049564,0.052973,-0.121498,-0.23041,-0.037879,0.29419,-0.932552,-0.186723,0.308988,0.321307,-0.819134,0.475095,0.165562,0.542564,0.823454,0.007246,0.011011,0.060167,0.005279,0.056999,-0.158048,-0.6644,0.007069,0.038588,-0.013331,0.910577,0.159034,0.381519,-0.311237,0.871189,0.379685,-0.271992,-0.464475,0.842782,0.003661,1.3e-05,0.034288,0.044795,0.123636,-0.138609,-0.854624,0.116116,0.025884,-0.035942,0.581622,-0.680939,-0.445012,0.769328,0.638197,0.028954,0.26429,-0.3592,0.895056,-0.000284,0.002569,0.002805,0.030938,0.057672,0.061654,-0.343256
2348,0.229239,-0.056153,0.34226,-0.528589,0.687186,-0.498412,-0.812512,-0.579556,0.062535,-0.245234,0.437164,0.865318,-0.000576,0.00531,0.005788,6e-06,1.5e-05,7e-06,-0.090167,-0.230214,-0.037838,0.297005,-0.918344,-0.240989,0.313942,0.369632,-0.805317,0.463433,0.142292,0.541937,0.828203,0.007725,0.002014,0.070395,0.142129,-0.288631,-0.10967,-0.658235,0.007168,0.038616,-0.011921,0.899392,0.213893,0.381238,-0.358877,0.859246,0.36456,-0.2496,-0.4647,0.84956,-0.003914,0.001586,0.036075,0.192442,-0.343708,-0.204873,-0.851848,0.1161,0.025968,-0.035789,0.580752,-0.68131,-0.445581,0.769939,0.637466,0.028799,0.264422,-0.359795,0.894777,-0.000347,0.00314,0.003423,0.000102,-0.013469,0.025577,-0.318109
2349,0.229264,-0.056228,0.342636,-0.526387,0.688055,-0.499542,-0.813935,-0.577617,0.061977,-0.245252,0.438359,0.864708,0.000492,-0.006903,0.012889,-0.034766,-0.005552,0.004589,-0.0763,-0.230116,-0.037971,0.299788,-0.903252,-0.296182,0.310488,0.413468,-0.793747,0.44603,0.115476,0.531628,0.838988,0.006903,-0.001633,0.065043,0.062074,-0.661099,-0.407414,-0.634345,0.007216,0.038559,-0.010543,0.888553,0.267792,0.372504,-0.40021,0.849406,0.344006,-0.224285,-0.454748,0.861916,0.003304,-0.006552,0.036417,-1.406426,-2.944077,-4.900164,-0.835193,0.116112,0.02594,-0.035606,0.578748,-0.682333,-0.446621,0.771406,0.635707,0.028405,0.264539,-0.360966,0.894271,0.000274,-0.003762,0.006107,-0.035376,0.00615,-0.021975,-0.303903
2350,0.229167,-0.056627,0.3431,-0.524412,0.688793,-0.500601,-0.815396,-0.575529,0.062187,-0.244631,0.43994,0.864081,-0.014725,-0.010457,0.010396,-0.036495,0.020876,-0.051284,-0.033135,-0.230232,-0.038331,0.302131,-0.893914,-0.33571,0.296999,0.439112,-0.788214,0.431084,0.090501,0.51619,0.851599,-0.010541,-0.021691,0.06183,-0.11403,-1.21616,-1.81063,-0.609603,0.00717,0.038398,-0.009331,0.883206,0.305765,0.355603,-0.424313,0.843949,0.32819,-0.199762,-0.440746,0.875121,-0.005473,-0.005136,0.026964,-1.213015,-3.052779,-4.938672,-0.811842,0.116069,0.025739,-0.035369,0.576702,-0.683348,-0.447716,0.7731,0.633633,0.028716,0.264065,-0.36269,0.893714,0.000763,-0.009466,0.010101,-0.065759,-0.068432,0.138059,-0.280062
2351,0.22914,-0.056862,0.343307,-0.523435,0.689154,-0.501127,-0.816125,-0.57448,0.062321,-0.244295,0.440743,0.863767,0.000857,-0.01029,0.009202,-0.030391,-0.074439,0.160026,-0.023558,-0.230439,-0.038663,0.303168,-0.892931,-0.342921,0.291668,0.442089,-0.789583,0.4255,0.085503,0.509318,0.856241,-0.011264,-0.025158,0.057373,0.20368,-0.318597,-0.278882,-0.602169,0.007062,0.038222,-0.008792,0.882537,0.315363,0.348816,-0.428673,0.844473,0.321098,-0.193304,-0.432909,0.880466,-0.005755,-0.013006,0.028156,0.196921,-0.313953,-0.278395,-0.801065,0.11605,0.025622,-0.035264,0.575902,-0.683735,-0.448155,0.773805,0.632758,0.029002,0.263744,-0.363487,0.893484,0.000436,-0.005284,0.004453,-0.035415,0.006145,-0.021891,-0.265856
2352,0.229343,-0.057203,0.34364,-0.5198,0.691735,-0.501353,-0.817953,-0.572296,0.058325,-0.245937,0.439538,0.863915,0.015452,0.001461,0.000211,0.025877,0.046938,0.05607,-0.022723,-0.231038,-0.039115,0.304689,-0.891363,-0.353651,0.283537,0.446579,-0.791598,0.416981,0.0781,0.49875,0.863141,-0.012869,-0.009751,0.03226,0.014478,-0.074154,-0.069314,-0.575398,0.006767,0.037998,-0.008045,0.882248,0.326166,0.339489,-0.432658,0.846012,0.311561,-0.185591,-0.421757,0.887511,-0.006673,-0.000124,0.011014,-0.017685,-0.027457,-0.071559,-0.776898,0.116146,0.025444,-0.035097,0.572413,-0.686704,-0.448085,0.775855,0.630416,0.024994,0.265317,-0.361956,0.893641,0.000408,-0.005005,0.004753,-0.019397,0.06144,0.003905,-0.255242
2353,0.229555,-0.057384,0.34393,-0.517791,0.692027,-0.503027,-0.818612,-0.571564,0.056217,-0.247971,0.44003,0.863082,-0.000154,0.001411,0.001535,5e-06,1.1e-05,5e-06,-0.018094,-0.231507,-0.039191,0.305298,-0.890311,-0.357731,0.281718,0.449007,-0.791834,0.413915,0.076121,0.495458,0.865211,-0.014736,0.004345,0.005642,0.000118,0.01295,-0.030692,-0.567588,0.006533,0.037955,-0.00773,0.881566,0.329884,0.337663,-0.434848,0.845855,0.308926,-0.183705,-0.419171,0.889127,-0.007412,0.002028,0.002648,-0.018426,0.016812,0.00307,-0.761385,0.116252,0.025355,-0.034959,0.570374,-0.687182,-0.449947,0.776631,0.629533,0.023038,0.267426,-0.362584,0.892756,-0.000113,0.000983,0.001065,-0.002946,-0.011257,0.024238,-0.253609
2354,0.229625,-0.057398,0.344,-0.517679,0.692059,-0.503097,-0.818709,-0.571418,0.056292,-0.247884,0.440168,0.863037,-0.000159,0.001452,0.001579,0.0,0.0,0.0,-0.013703,-0.231738,-0.039118,0.305393,-0.887724,-0.363472,0.282535,0.454508,-0.788797,0.413709,0.073604,0.496133,0.865042,-0.014891,0.015069,-0.003091,-0.006449,-0.075175,-0.1171,-0.568265,0.006416,0.037982,-0.007687,0.879333,0.335517,0.337936,-0.44031,0.843139,0.308613,-0.181382,-0.42017,0.889132,-0.007533,0.001422,0.001893,-0.143701,-0.192109,-0.457934,-0.759262,0.116293,0.025345,-0.034919,0.570275,-0.687218,-0.450019,0.776744,0.629389,0.023178,0.267309,-0.362768,0.892717,-9.4e-05,0.000828,0.0009,0.000336,-0.011555,0.025945,-0.25018
2355,0.229971,-0.057221,0.343977,-0.518048,0.692372,-0.502287,-0.819074,-0.570728,0.057955,-0.245905,0.44057,0.863398,0.015289,0.002923,0.001789,-0.609615,0.394773,-0.352677,-0.021878,-0.23223,-0.038901,0.305588,-0.888456,-0.364299,0.279147,0.453728,-0.787891,0.416283,0.069401,0.496966,0.864911,0.000794,0.00374,0.004628,-0.01127,0.099297,-0.171942,-0.569784,0.006163,0.03809,-0.007598,0.880449,0.335978,0.334554,-0.439769,0.842418,0.311342,-0.177231,-0.421248,0.889459,0.000391,0.001864,0.002315,-0.007847,0.104138,-0.170505,-0.758772,0.11646,0.025434,-0.03493,0.570244,-0.687533,-0.449577,0.777179,0.628816,0.024133,0.266109,-0.363164,0.892914,0.007627,0.001633,0.001075,-2.033761,1.350574,-1.245338,-0.249854
2356,0.230526,-0.057033,0.343991,-0.520795,0.695893,-0.494521,-0.819734,-0.569356,0.061977,-0.237789,0.436785,0.867584,-0.000149,0.001332,0.001446,0.027598,0.073803,0.03037,-0.02113,-0.232712,-0.038703,0.305875,-0.889258,-0.365027,0.275622,0.452791,-0.786961,0.419055,0.065054,0.497907,0.864708,0.001147,0.005363,0.006623,0.001632,-0.014387,0.024915,-0.570419,0.005926,0.038181,-0.007465,0.881647,0.336261,0.331099,-0.439044,0.841721,0.314238,-0.173027,-0.422414,0.889734,-0.007049,0.003626,0.004602,0.001227,0.002912,-0.002691,-0.759262,0.116738,0.025528,-0.034923,0.573671,-0.690269,-0.440941,0.777777,0.62787,0.029003,0.256834,-0.359592,0.897066,0.007614,0.00171,0.001154,0.025736,0.079311,0.064502,-0.251976
2357,0.230994,-0.056947,0.344178,-0.528811,0.697352,-0.483843,-0.81658,-0.573437,0.065881,-0.23086,0.429064,0.87329,0.015014,0.00524,0.004283,0.04024,0.0648,0.091652,-0.010014,-0.23324,-0.038411,0.306425,-0.889688,-0.365354,0.273794,0.452269,-0.786391,0.420686,0.062727,0.498568,0.864499,-0.013319,0.010726,0.013417,-0.000413,0.000826,-0.004326,-0.571518,0.005662,0.038324,-0.007193,0.882287,0.33634,0.329307,-0.438637,0.841294,0.315944,-0.17078,-0.4232,0.889794,-0.006584,0.005757,0.007203,0.000475,0.001912,-0.003039,-0.760079,0.116978,0.025569,-0.034832,0.581571,-0.690613,-0.429917,0.774339,0.631943,0.032344,0.249346,-0.351712,0.902288,0.007499,0.002665,0.002181,0.018741,0.018922,0.083342,-0.247241
2358,0.231302,-0.05689,0.344303,-0.529797,0.700551,-0.47811,-0.816999,-0.572842,0.065854,-0.227095,0.42463,0.876438,0.015823,-0.004475,0.014099,0.061524,0.217631,0.136264,-0.009639,-0.233574,-0.038254,0.306787,-0.88918,-0.365874,0.274746,0.453213,-0.785845,0.420689,0.063104,0.499049,0.864194,-0.028425,0.013029,0.016425,-0.002458,0.016038,-0.033567,-0.571862,0.0055,0.038403,-0.007012,0.88175,0.336921,0.330152,-0.439566,0.840825,0.315902,-0.171166,-0.42367,0.889496,-0.00641,0.000854,0.012108,-0.045586,0.100537,-0.166427,-0.760242,0.117126,0.0256,-0.034774,0.582781,-0.692864,-0.424622,0.774672,0.631514,0.032759,0.245457,-0.348034,0.904777,0.007518,0.002458,0.001952,0.134652,0.395356,-0.018781,-0.243975
2359,0.232278,-0.056876,0.344579,-0.5271,0.707872,-0.470243,-0.819314,-0.570176,0.059959,-0.225029,0.415998,0.881098,0.031541,-0.005421,0.011634,0.194061,0.547965,0.282265,-0.02366,-0.234216,-0.038013,0.307701,-0.887669,-0.367373,0.277618,0.456016,-0.78413,0.42086,0.06419,0.500646,0.86319,-0.012457,0.003164,0.025878,-0.046108,0.099916,-0.167722,-0.573357,0.005174,0.038528,-0.006558,0.880153,0.338625,0.33266,-0.44234,0.839356,0.315937,-0.172236,-0.425222,0.888549,-0.006266,0.001473,0.01282,-0.034584,0.001215,0.005258,-0.762038,0.117608,0.025612,-0.034629,0.580613,-0.698805,-0.417802,0.777009,0.628867,0.02797,0.243196,-0.340876,0.908106,0.01533,0.002351,0.001111,0.00018,-0.01848,0.076929,-0.245608
2360,0.233292,-0.057152,0.345042,-0.532846,0.710302,-0.459991,-0.815181,-0.57669,0.053673,-0.226493,0.402689,0.886888,0.01617,-0.007359,0.010935,2.610432,-0.046294,-4.783024,-0.036787,-0.234975,-0.038132,0.30876,-0.885051,-0.3714,0.280601,0.461011,-0.781869,0.419623,0.064656,0.501216,0.862824,-0.012985,-0.010597,0.030821,-0.078333,0.10994,-0.186734,-0.574611,0.004796,0.038479,-0.006024,0.877556,0.343082,0.334947,-0.447302,0.83737,0.314217,-0.172672,-0.425566,0.8883,-0.014288,-0.005192,0.015655,-0.088939,0.054425,-0.066097,-0.763181,0.118121,0.025474,-0.034399,0.582257,-0.70488,-0.405117,0.776523,0.629761,0.020316,0.240807,-0.326412,0.914038,0.015785,-0.002814,0.005669,0.078866,0.266604,0.165934,-0.258345
2361,0.233766,-0.057386,0.345417,-0.531402,0.716896,-0.451352,-0.816935,-0.574619,0.04902,-0.223559,0.39388,0.891576,0.032226,-0.013679,0.022978,0.220697,0.700361,0.352465,-0.041946,-0.235413,-0.038323,0.309382,-0.883689,-0.374182,0.281199,0.463691,-0.780898,0.418477,0.06411,0.500665,0.863185,-0.012983,-0.01059,0.030793,-0.035091,-0.010912,-0.062473,-0.575408,0.004577,0.038382,-0.005714,0.876295,0.345997,0.335248,-0.449947,0.836483,0.312799,-0.172201,-0.424948,0.888686,-0.014117,-0.004412,0.016581,-0.053903,0.014339,-0.093649,-0.764161,0.118364,0.02535,-0.034211,0.585296,-0.706488,-0.397871,0.774491,0.63237,0.016449,0.239981,-0.317776,0.917293,0.016105,-0.006813,0.011494,0.188547,0.636943,0.340176,-0.263243
2362,0.234573,-0.058019,0.346475,-0.533919,0.724621,-0.435775,-0.81636,-0.575963,0.042366,-0.219633,0.377465,0.899616,0.016469,-0.012515,0.025656,0.149516,0.537347,0.245265,-0.039968,-0.236239,-0.038726,0.310762,-0.880059,-0.386549,0.275801,0.471269,-0.781285,0.409186,0.058413,0.490573,0.869361,-0.012497,-0.008421,0.033329,0.333251,-0.426161,-0.289346,-0.574613,0.004163,0.038177,-0.005028,0.87418,0.356646,0.329562,-0.455917,0.836432,0.30417,-0.167176,-0.416153,0.893794,-0.013969,-0.003743,0.017335,0.351341,-0.527353,-0.213691,-0.764161,0.118762,0.025036,-0.033695,0.58811,-0.713367,-0.381093,0.773984,0.633137,0.009261,0.234678,-0.300407,0.924489,0.00867,-0.011322,0.017495,0.206602,0.844791,0.110809,-0.267162
2363,0.234952,-0.058843,0.347733,-0.542564,0.727984,-0.419177,-0.811431,-0.583235,0.037249,-0.216694,0.359435,0.907677,0.001951,-0.02439,0.034578,0.004134,0.37075,-0.102313,-0.008201,-0.236955,-0.03898,0.312169,-0.877872,-0.395823,0.269549,0.475977,-0.782115,0.402089,0.052764,0.481782,0.874623,-0.012101,0.004414,0.027029,0.387642,-0.46085,-0.284256,-0.571879,0.003805,0.038045,-0.004323,0.873109,0.365416,0.322724,-0.459986,0.836788,0.29698,-0.16153,-0.407745,0.898694,-0.013702,-0.002595,0.018653,-0.062248,0.000365,-0.080817,-0.762528,0.118956,0.024632,-0.033065,0.596459,-0.715833,-0.363068,0.768958,0.639292,0.002826,0.230083,-0.28087,0.931757,0.000994,-0.012475,0.016976,0.006374,0.298731,0.093905,-0.255895
