frame,MLTx,MLTy,MLTz,MLTR1,MLTR2,MLTR3,MLTR4,MLTR5,MLTR6,MLTR7,MLTR8,MLTR9,MLTTVx,MLTTVy,MLTTVz,MLTRVx,MLTRVy,MLTRVz,MLGA,MRTx,MRTy,MRTz,MRTR1,MRTR2,MRTR3,MRTR4,MRTR5,MRTR6,MRTR7,MRTR8,MRTR9,MRTTVx,MRTTVy,MRTTVz,MRTRVx,MRTRVy,MRTRVz,MRGA,SLTx,SLTy,SLTz,SLTR1,SLTR2,SLTR3,SLTR4,SLTR5,SLTR6,SLTR7,SLTR8,SLTR9,SLTTVx,SLTTVy,SLTTVz,SLTRVx,SLTRVy,SLTRVz,SLGA,SRTx,SRTy,SRTz,SRTR1,SRTR2,SRTR3,SRTR4,SRTR5,SRTR6,SRTR7,SRTR8,SRTR9,SRTTVx,SRTTVy,SRTTVz,SRTRVx,SRTRVy,SRTRVz,SRGA
370,0.138228,-0.012724,0.286624,-0.484171,-0.236649,-0.84239,0.082909,-0.970808,0.22501,-0.870448,0.03939,0.49071,0.001237,0.007319,0.009039,0.011222,-0.020446,0.016412,-1.499582,-0.176716,-0.025787,0.305512,-0.116705,-0.32209,0.939483,0.916825,-0.398563,-0.022629,0.381851,0.859089,0.340614,0.047016,-0.044335,0.008029,-0.235672,0.840571,-0.679285,-1.406423,0.038144,0.041091,-0.003762,0.17829,0.31731,0.931411,-0.906034,0.422166,0.02961,-0.383815,-0.84917,0.362761,0.023061,-0.017221,-0.000807,-0.250291,1.029184,-0.542865,-0.999953,0.071579,0.043515,-0.061447,0.485177,0.241326,-0.840454,-0.090963,0.969876,0.225976,0.869671,-0.033188,0.492514,0.000634,0.003773,0.004663,0.0166,-0.009819,0.023625,-1.058468
371,0.138107,-0.012591,0.287161,-0.481474,-0.237153,-0.843793,0.081644,-0.970649,0.226157,-0.872064,0.040287,0.487758,0.001405,0.008303,0.010215,-0.000292,-0.01784,0.022722,-1.500426,-0.174701,-0.027007,0.304967,-0.068217,-0.303462,0.950394,0.918385,-0.3912,-0.058871,0.389717,0.869175,0.304169,0.045393,-0.031872,-0.019825,0.634839,2.32688,-2.616992,-1.406411,0.039151,0.040467,-0.004034,0.132649,0.300196,0.944609,-0.909924,0.414753,-0.00403,-0.39299,-0.858988,0.328172,0.030196,-0.016276,-0.011019,-0.205299,1.031247,-0.260186,-1.000443,0.071518,0.04358,-0.06118,0.482477,0.241823,-0.841864,-0.08967,0.96972,0.227159,0.871305,-0.034109,0.489552,-0.006934,-0.000874,0.009649,-0.029601,0.025536,-0.015182,-1.057652
372,0.138066,-0.012551,0.287487,-0.48056,-0.240331,-0.843414,0.081212,-0.969781,0.230003,-0.872609,0.042327,0.48661,0.001478,0.008732,0.010721,-0.03572,-0.092723,-0.027884,-1.500268,-0.173543,-0.027519,0.304409,-0.046359,-0.291809,0.955348,0.919241,-0.386708,-0.073392,0.390887,0.875141,0.284953,0.05972,-0.023399,-0.03269,-0.106287,0.770496,-0.412591,-1.406431,0.039747,0.040195,-0.004326,0.107623,0.287368,0.951754,-0.91178,0.410154,-0.020738,-0.396325,-0.865559,0.306158,0.029848,-0.012271,-0.017039,-0.114253,0.775096,-0.390055,-0.99881,0.071497,0.043602,-0.061024,0.481623,0.244975,-0.841442,-0.089214,0.968853,0.231005,0.871825,-0.036189,0.488477,-0.006862,-0.000464,0.01014,-0.084521,-0.094986,-0.089331,-1.053406
373,0.138011,-0.012546,0.288142,-0.478251,-0.241424,-0.844414,0.079846,-0.969446,0.231886,-0.874004,0.04377,0.48397,0.001167,-0.002587,0.018558,-0.044628,-0.021222,-0.006939,-1.499882,-0.170888,-0.028605,0.302917,-0.01056,-0.262855,0.964773,0.915276,-0.391038,-0.096402,0.402587,0.882327,0.243486,0.060038,-0.028894,-0.03977,0.349667,1.024767,-0.158642,-1.406363,0.041051,0.039657,-0.005062,0.071957,0.26089,0.962682,-0.909162,0.414081,-0.044261,-0.410176,-0.87205,0.266988,0.037584,-0.014643,-0.020868,1.50643,0.844587,0.309366,-0.997177,0.071471,0.043607,-0.060684,0.479086,0.24613,-0.842553,-0.087796,0.968504,0.233001,0.873365,-0.037655,0.485606,0.000579,-0.001255,0.009325,-0.027873,0.006412,0.010505,-1.051284
374,0.137974,-0.012675,0.288862,-0.477633,-0.244953,-0.843748,0.078744,-0.968419,0.236509,-0.874443,0.046822,0.482891,0.000979,-0.003686,0.01718,-0.035973,-0.002871,0.005433,-1.500268,-0.168018,-0.029802,0.301357,0.017598,-0.232448,0.972445,0.91082,-0.397416,-0.111361,0.412299,0.887955,0.203489,0.076622,-0.040164,-0.034117,-0.12879,0.889334,-0.146787,-1.406015,0.042508,0.03904,-0.005866,0.043272,0.229452,0.972357,-0.905239,0.420784,-0.05901,-0.422692,-0.877663,0.225917,0.038327,-0.020262,-0.017322,-0.134142,0.898382,-0.126323,-0.992931,0.071453,0.043552,-0.060337,0.478481,0.249479,-0.841912,-0.086737,0.967529,0.237408,0.873803,-0.04057,0.484583,0.000488,-0.001786,0.008663,-0.025627,0.011731,0.017545,-1.048834
375,0.137946,-0.012998,0.289604,-0.469877,-0.25238,-0.845911,0.082142,-0.966603,0.242699,-0.878331,0.04486,0.475972,0.000692,-0.005372,0.015106,-0.255593,-0.469572,-0.306839,-1.500362,-0.1648,-0.031214,0.299842,0.043529,-0.199758,0.978874,0.906225,-0.404509,-0.122729,0.420395,0.892654,0.162175,0.091595,-0.029495,-0.045438,-0.088828,0.905799,-0.083619,-1.406065,0.044082,0.038345,-0.006606,0.017258,0.198159,0.980017,-0.901083,0.427852,-0.070644,-0.433301,-0.881859,0.185941,0.03865,-0.020517,-0.018117,-0.132675,1.024756,0.173362,-0.991135,0.071439,0.043393,-0.059962,0.472749,0.255445,-0.843359,-0.09038,0.96607,0.241949,0.876549,-0.038158,0.479796,0.000396,-0.002324,0.007995,-0.020783,-0.097631,0.179963,-1.048508
376,0.137922,-0.01321,0.289979,-0.466349,-0.256763,-0.846544,0.086751,-0.965613,0.245025,-0.87977,0.041141,0.473644,0.000667,-0.005522,0.014917,-0.253697,-0.465711,-0.303541,-1.500356,-0.163103,-0.032045,0.299121,0.05394,-0.184069,0.981428,0.901674,-0.413282,-0.126951,0.428876,0.891988,0.142433,0.077647,-0.040417,-0.035926,5.301658,0.310347,0.969697,-1.405925,0.044901,0.03795,-0.006962,0.005542,0.184152,0.982882,-0.899039,0.431267,-0.075733,-0.437832,-0.88323,0.16795,0.038829,-0.02035,-0.018173,-0.095616,0.592175,-0.09479,-0.989502,0.071427,0.043287,-0.059776,0.469276,0.259929,-0.843929,-0.095076,0.965013,0.244354,0.877918,-0.034432,0.47757,0.000382,-0.002408,0.007888,-0.022408,0.018274,0.018399,-1.048018
377,0.137895,-0.013704,0.290773,-0.462656,-0.260616,-0.847392,0.090025,-0.964688,0.247477,-0.881393,0.038527,0.470839,0.000305,-0.017119,0.022457,-0.074886,0.02219,-0.03973,-1.499526,-0.159804,-0.033721,0.297873,0.066827,-0.165333,0.983966,0.897871,-0.420097,-0.131451,0.43498,0.892448,0.119126,0.079333,-0.049261,-0.025972,-0.094975,0.314793,-0.074506,-1.405767,0.046556,0.037107,-0.007592,-0.00641,0.163091,0.98659,-0.892851,0.443352,-0.079091,-0.450306,-0.881385,0.142774,0.047347,-0.023824,-0.012912,-0.080771,0.332926,-0.068097,-0.990155,0.071414,0.043037,-0.059375,0.463337,0.26519,-0.845571,-0.098041,0.963656,0.248502,0.880741,-0.032239,0.472497,0.000232,-0.008024,0.011878,-0.055456,-0.078966,0.165283,-1.050141
378,0.137861,-0.014239,0.291662,-0.455957,-0.264954,-0.849675,0.098334,-0.963815,0.247716,-0.883998,0.029719,0.466573,0.000631,-0.015178,0.024785,-0.032367,0.003546,-0.03104,-1.497742,-0.156762,-0.035348,0.296797,0.085251,-0.14381,0.985922,0.890167,-0.43349,-0.140085,0.447394,0.889739,0.08981,0.079957,-0.046816,-0.023842,-0.099771,0.433151,0.036183,-1.405862,0.048106,0.036277,-0.008145,-0.025645,0.142458,0.989468,-0.885299,0.456489,-0.088668,-0.464313,-0.878249,0.114411,0.039463,-0.017911,-0.016132,-0.069445,0.467789,0.095958,-0.997013,0.071396,0.042765,-0.058935,0.456777,0.269375,-0.847815,-0.106367,0.962751,0.248586,0.883198,-0.023369,0.468415,0.000318,-0.0075,0.012503,0.06606,-0.12179,0.09032,-1.05504
379,0.137841,-0.014513,0.292154,-0.453699,-0.266077,-0.850532,0.096702,-0.963453,0.249757,-0.885341,0.03139,0.463911,0.000769,-0.014354,0.025764,-0.083593,-0.013652,-0.028781,-1.497292,-0.155384,-0.036157,0.296262,0.091794,-0.132313,0.986944,0.885234,-0.442993,-0.141607,0.455799,0.886822,0.075214,0.063729,-0.036272,-0.031273,-0.069575,0.552985,0.093291,-1.405263,0.048825,0.035856,-0.008421,-0.032544,0.131311,0.990806,-0.88023,0.465808,-0.090646,-0.473429,-0.875088,0.100425,0.031877,-0.01809,-0.015638,-0.072138,0.56203,0.111795,-0.994401,0.071386,0.042627,-0.05869,0.454348,0.270605,-0.848728,-0.104705,0.962363,0.250784,0.884648,-0.025077,0.465582,0.000404,-0.00698,0.013123,-0.069864,0.008587,-0.0155,-1.059285
380,0.137827,-0.015105,0.293231,-0.455194,-0.26779,-0.849195,0.094358,-0.962843,0.252987,-0.884825,0.035357,0.464609,0.000973,-0.013131,0.0272,-0.070031,0.015393,-0.009655,-1.497844,-0.153059,-0.037591,0.295089,0.101442,-0.108256,0.98893,0.869869,-0.472675,-0.140856,0.482531,0.874645,0.044969,0.048625,-0.035795,-0.029453,5.416234,-0.144025,0.584114,-1.405844,0.049969,0.035152,-0.008998,-0.043308,0.107881,0.993219,-0.866933,0.49004,-0.091029,-0.496537,-0.864998,0.072303,0.023766,-0.012244,-0.018733,0.003381,0.951025,0.332351,-0.993911,0.071379,0.042331,-0.058152,0.456096,0.27218,-0.847286,-0.102432,0.961809,0.25383,0.884015,-0.028982,0.466558,0.000511,-0.00632,0.013897,-0.068867,-0.001323,0.017815,-1.06451
381,0.137844,-0.015723,0.294454,-0.458407,-0.27218,-0.846065,0.092458,-0.961394,0.259124,-0.883363,0.04089,0.466932,0.001346,-0.010896,0.029821,-0.069542,-0.00051,0.014374,-1.498742,-0.151373,-0.038677,0.293726,0.11132,-0.075529,0.990906,0.856924,-0.49763,-0.134083,0.50306,0.864135,0.008074,0.032231,-0.025451,-0.037202,1.593773,0.950662,0.421351,-1.405767,0.050818,0.034607,-0.009674,-0.053185,0.077349,0.995584,-0.850905,0.518276,-0.085723,-0.522618,-0.851708,0.038252,0.016131,-0.012857,-0.018541,5.441548,0.010344,0.216474,-0.997993,0.071387,0.04202,-0.057543,0.459297,0.276598,-0.844119,-0.100529,0.960364,0.25999,0.882575,-0.034554,0.468898,0.000464,-0.011305,0.018632,-0.104657,0.028072,-0.022489,-1.065327
382,0.137857,-0.01602,0.295111,-0.457922,-0.276081,-0.845063,0.091291,-0.960139,0.264144,-0.883736,0.044148,0.465928,0.001433,-0.010362,0.030424,-0.077129,7.8e-05,-0.019566,-1.497787,-0.15077,-0.03914,0.292958,0.114775,-0.059732,0.99159,0.848842,-0.512598,-0.129015,0.515816,0.856568,-0.009384,0.016748,-0.027081,-0.037551,0.109797,0.899119,0.217132,-1.405353,0.051126,0.034377,-0.010057,-0.056827,0.059905,0.996585,-0.841392,0.534455,-0.080105,-0.537429,-0.843071,0.020032,0.016184,-0.012908,-0.019018,0.461638,1.076016,0.387906,-1.002729,0.071394,0.041872,-0.057214,0.458534,0.280617,-0.843208,-0.099278,0.959071,0.265188,0.883113,-0.037886,0.467626,0.000626,-0.010327,0.019782,-0.096315,0.02039,0.004211,-1.064674
383,0.137944,-0.016643,0.296517,-0.458285,-0.285834,-0.841618,0.089167,-0.956892,0.276367,-0.883765,0.051959,0.465067,0.001262,-0.020799,0.039316,-0.13595,-0.051911,-0.045522,-1.493461,-0.150112,-0.039837,0.291301,0.112683,-0.025188,0.993308,0.832912,-0.542677,-0.108133,0.541594,0.839538,-0.041426,0.015628,-0.014249,-0.04394,0.473402,0.443969,0.705972,-1.405255,0.051455,0.034021,-0.010886,-0.056248,0.024741,0.998109,-0.823737,0.563744,-0.060396,-0.564173,-0.825578,-0.011329,7e-06,-0.007591,-0.021531,1.617694,-0.613519,2.570995,-1.000932,0.071438,0.041566,-0.056512,0.458822,0.290393,-0.839733,-0.097156,0.955814,0.277451,0.8832,-0.045716,0.466762,0.000598,-0.010468,0.019575,-0.12515,-0.029964,-0.057444,-1.061244
384,0.138123,-0.017295,0.297967,-0.464323,-0.288238,-0.837477,0.070456,-0.954591,0.289419,-0.882296,0.075731,0.464593,0.001311,-0.020475,0.039623,-0.110225,0.00404,-0.010225,-1.487661,-0.150015,-0.040034,0.28952,0.107674,0.00985,0.994133,0.815274,-0.57311,-0.082508,0.568766,0.819346,-0.070994,-0.017024,-0.001009,-0.04537,1.717862,0.350244,0.816614,-1.405171,0.051509,0.033912,-0.0118,-0.051738,-0.010587,0.998604,-0.80394,0.593657,-0.035359,-0.592454,-0.804647,-0.039226,-0.008492,-0.00032,-0.022429,1.734733,0.327816,0.890819,-1.002402,0.071521,0.041249,-0.0558,0.464735,0.292771,-0.835646,-0.078485,0.953659,0.290469,0.881963,-0.069405,0.466177,0.000734,-0.004906,0.015464,-0.055042,0.014735,0.024981,-1.065817
385,0.138317,-0.018058,0.299286,-0.476046,-0.28316,-0.832614,0.040861,-0.952852,0.300626,-0.877894,0.109436,0.466211,0.001088,-0.012341,0.027909,-0.194513,0.060179,0.059172,-1.481904,-0.150444,-0.039627,0.287651,0.102715,0.049577,0.993471,0.802163,-0.59468,-0.053144,0.587999,0.802306,-0.102105,-0.018363,0.014161,-0.048303,0.142105,0.563473,0.78143,-1.405797,0.051295,0.034116,-0.012735,-0.047854,-0.050905,0.997556,-0.788329,0.615219,-0.006423,-0.613389,-0.786711,-0.069571,-0.009165,0.007322,-0.02383,0.141621,0.502502,0.824018,-1.003871,0.071625,0.04086,-0.055117,0.47675,0.287725,-0.830615,-0.04903,0.952146,0.301681,0.877669,-0.103101,0.468044,0.000387,-0.011731,0.01804,-0.517966,0.16738,0.239761,-1.0779
386,0.138455,-0.018474,0.299913,-0.481161,-0.279604,-0.830873,0.028586,-0.952279,0.303841,-0.875583,0.122787,0.46723,0.015561,-0.025869,0.033547,-0.22837,0.061009,0.072356,-1.480415,-0.150871,-0.039228,0.286657,0.098179,0.069789,0.992714,0.794707,-0.605878,-0.035887,0.598801,0.792337,-0.116199,-0.035235,0.024933,-0.054879,0.12999,1.086217,-0.033867,-1.405587,0.051094,0.034308,-0.013209,-0.043068,-0.070453,0.996584,-0.779676,0.626092,0.010566,-0.624698,-0.776559,-0.081895,-0.009766,0.013601,-0.026968,0.150828,1.173296,0.288907,-0.9993,0.071688,0.040657,-0.054806,0.481922,0.284145,-0.828861,-0.036765,0.951682,0.304873,0.875442,-0.116452,0.469083,0.000449,-0.006621,0.013419,-0.485267,0.165039,0.229857,-1.082472
387,0.138757,-0.019169,0.300931,-0.493897,-0.280607,-0.823025,0.011827,-0.948586,0.316254,-0.868842,0.146806,0.472851,0.015456,-0.017079,0.022637,-0.070662,0.004271,0.014487,-1.474083,-0.152021,-0.038053,0.284548,0.084815,0.105214,0.990822,0.777176,-0.62923,0.000406,0.623356,0.769863,-0.136388,-0.036498,0.04009,-0.057711,0.197085,0.71244,0.005479,-1.405513,0.05052,0.034888,-0.014265,-0.031056,-0.106921,0.993781,-0.759526,0.648842,0.046074,-0.649734,-0.753373,-0.10136,-0.018229,0.020321,-0.028462,0.273017,0.443351,0.587284,-1.000443,0.07184,0.040308,-0.054292,0.494731,0.28518,-0.820921,-0.019838,0.948083,0.3174,0.868819,-0.140742,0.474703,0.000193,-0.008203,0.011568,-0.071746,0.021049,-0.018138,-1.09129
388,0.139169,-0.019648,0.301647,-0.506563,-0.275918,-0.816889,-0.010283,-0.945421,0.325644,-0.861529,0.173697,0.477099,0.015372,-0.008121,0.011929,-4.60365,1.946059,2.455388,-1.460847,-0.153459,-0.036509,0.282414,0.071874,0.141518,0.987319,0.760325,-0.648397,0.037705,0.645385,0.747782,-0.155448,-0.036501,0.041822,-0.0555,0.257472,0.903205,0.357821,-1.40543,0.049801,0.035663,-0.015329,-0.019134,-0.141622,0.989735,-0.740175,0.667491,0.081202,-0.67214,-0.731024,-0.117598,-0.018233,0.021234,-0.02728,0.376771,0.509318,1.096602,-1.000606,0.07204,0.040068,-0.053934,0.505273,0.282936,-0.815257,-0.003131,0.945318,0.326133,0.862953,-0.162234,0.47853,0.00772,-0.004005,0.00603,-0.638414,1.618995,-2.137447,-1.096352
389,0.13963,-0.020023,0.301994,-0.51591,-0.271839,-0.812395,-0.026606,-0.942784,0.3323,-0.855606,0.193383,0.480175,0.01474,-0.012076,0.007337,-0.155584,0.05,0.08398,-1.453979,-0.154802,-0.035014,0.280493,0.053649,0.176423,0.982847,0.746237,-0.66104,0.078042,0.663367,0.729015,-0.168358,-0.035425,0.033256,-0.04396,0.366315,0.128942,1.261052,-1.404996,0.049129,0.036413,-0.016294,-0.003439,-0.17743,0.984127,-0.723602,0.679702,0.120016,-0.690208,-0.711704,-0.130726,-0.018239,0.022154,-0.026068,0.747165,-0.563626,2.809113,-1.005504,0.072276,0.039881,-0.053752,0.516715,0.276559,-0.810259,0.018515,0.942559,0.333523,0.855957,-0.187338,0.481914,0.007336,-0.006213,0.003462,-0.43952,0.162007,0.260087,-1.099618
390,0.139915,-0.020187,0.30203,-0.520538,-0.272152,-0.809332,-0.031375,-0.941117,0.33658,-0.852633,0.200929,0.48236,0.014748,-0.002527,-0.002674,2e-06,-0.014298,0.030124,-1.445864,-0.155482,-0.034329,0.279632,0.046766,0.192116,0.980253,0.735325,-0.67076,0.096496,0.675959,0.716038,-0.173874,-0.051075,0.032933,-0.042394,0.221642,0.742853,0.616494,-1.405056,0.048776,0.036768,-0.01674,0.004011,-0.192793,0.981231,-0.711229,0.689216,0.138324,-0.702948,-0.698435,-0.134356,-0.025515,0.016621,-0.020961,0.219466,0.649302,0.536448,-1.005014,0.072424,0.039794,-0.053732,0.521368,0.276803,-0.807189,0.023456,0.94092,0.337812,0.853008,-0.195058,0.484074,0.007336,-0.00147,-0.001582,0.002984,-0.01921,0.035802,-1.101904
391,0.140583,-0.020607,0.301964,-0.531449,-0.274455,-0.801425,-0.040047,-0.936872,0.34733,-0.845501,0.217018,0.487911,0.013861,-0.017816,0.000659,-0.039881,0.028723,-0.02953,-1.402459,-0.156793,-0.033107,0.278318,0.021586,0.21161,0.977111,0.71678,-0.684541,0.132532,0.696855,0.697235,-0.167689,-0.034402,0.027977,-0.027843,0.143679,-0.027346,0.300465,-1.404901,0.048133,0.037365,-0.017393,0.027775,-0.214828,0.976256,-0.690199,0.702341,0.174188,-0.723086,-0.67865,-0.128767,-0.017176,0.013861,-0.014082,0.197091,-0.269169,0.556365,-1.003708,0.072753,0.039591,-0.053763,0.532244,0.279192,-0.799229,0.032086,0.936725,0.348591,0.845982,-0.21118,0.489608,0.007065,-0.00326,-0.003672,-0.013663,0.040063,-0.048555,-1.09178
392,0.141371,-0.021193,0.301819,-0.54097,-0.274791,-0.794913,-0.049303,-0.933146,0.356062,-0.838943,0.232146,0.492249,0.013643,-0.019482,-0.001311,-0.040195,0.02874,-0.029414,-1.350627,-0.158012,-0.032272,0.277466,-0.005797,0.223456,0.974692,0.702985,-0.692226,0.162997,0.711102,0.685847,-0.154306,-0.033321,0.018138,-0.017978,0.111756,-0.237549,0.377319,-1.404648,0.047524,0.037789,-0.017818,0.054611,-0.226777,0.972414,-0.674505,0.7097,0.203389,-0.736247,-0.667006,-0.114205,-0.016118,0.003339,-0.005134,0.126563,-0.450564,0.632307,-1.006974,0.073146,0.039297,-0.053839,0.541726,0.279574,-0.792698,0.041342,0.933062,0.35733,0.839537,-0.226346,0.493906,0.01431,-0.010378,-0.001295,-0.049503,0.042001,-0.037269,-1.072022
393,0.141802,-0.021586,0.301732,-0.545844,-0.274964,-0.791514,-0.053946,-0.931142,0.360605,-0.83549,0.239869,0.494415,0.028519,-0.02165,-0.003638,-0.035472,0.004686,0.01216,-1.334312,-0.158549,-0.031969,0.277209,-0.0213,0.226678,0.973732,0.700623,-0.69134,0.176383,0.713154,0.68568,-0.145322,-0.016664,0.009891,-0.007858,0.074086,-0.319249,0.490688,-1.404671,0.047249,0.037942,-0.017953,0.069918,-0.230064,0.97066,-0.671446,0.708767,0.216356,-0.737747,-0.666873,-0.10492,-0.016658,0.010228,-0.007371,0.104127,-0.316207,0.470306,-1.007301,0.073357,0.0391,-0.053882,0.546607,0.279806,-0.789257,0.045963,0.931076,0.361915,0.836125,-0.234102,0.496072,0.006724,-0.01048,-0.00154,-0.036744,0.021767,-0.021724,-1.070715
394,0.142656,-0.022446,0.301454,-0.554109,-0.27352,-0.786254,-0.063753,-0.927775,0.367614,-0.829332,0.254159,0.497634,0.0129,-0.02494,-0.00778,-0.035588,0.030645,-0.036642,-1.307577,-0.159545,-0.031453,0.277005,-0.053148,0.23324,0.970961,0.69598,-0.688541,0.203613,0.716069,0.686286,-0.126965,-0.032297,0.012188,-0.002711,0.687849,-1.901303,2.907604,-1.404442,0.046758,0.0382,-0.018056,0.098412,-0.236666,0.966593,-0.6662,0.705875,0.240658,-0.73925,-0.667629,-0.088201,-0.008334,0.006397,-0.001903,0.070723,-0.318459,0.486505,-1.010077,0.073794,0.038665,-0.054019,0.554828,0.27836,-0.784015,0.055817,0.927788,0.368906,0.83009,-0.248441,0.499226,0.006426,-0.012658,-0.004124,-0.033455,0.026972,-0.032606,-1.070389
395,0.143511,-0.023535,0.301048,-0.557611,-0.276865,-0.782599,-0.063404,-0.925796,0.372633,-0.827006,0.257742,0.499658,0.027527,-0.029564,-0.013142,-0.034638,0.015769,-0.00718,-1.29192,-0.160386,-0.031056,0.276898,-0.082145,0.231042,0.969465,0.688089,-0.690471,0.222974,0.720973,0.685092,-0.103487,-0.032245,0.01102,-0.004383,0.074228,-0.568192,0.287162,-1.404171,0.046325,0.038408,-0.018103,0.130528,-0.236488,0.962827,-0.656303,0.707287,0.262696,-0.74312,-0.666196,-0.062887,-0.016122,0.00553,-0.00215,0.084088,-0.632084,0.23877,-1.018568,0.074222,0.038121,-0.054221,0.558266,0.281723,-0.780365,0.055444,0.925812,0.373895,0.827806,-0.251999,0.50123,0.013733,-0.015018,-0.006863,-0.0337,0.014351,-0.005983,-1.078553
396,0.143942,-0.024165,0.300788,-0.560946,-0.275139,-0.780822,-0.068811,-0.924411,0.375102,-0.824312,0.264478,0.500589,0.027429,-0.030691,-0.014567,-0.036046,0.017305,-0.008201,-1.291759,-0.160739,-0.030896,0.276861,-0.098912,0.231566,0.967773,0.685528,-0.689012,0.235048,0.721326,0.686382,-0.09182,-0.015614,0.000575,0.002743,0.051625,-0.46548,0.607267,-1.40446,0.04616,0.038484,-0.01812,0.146383,-0.236155,0.960625,-0.653408,0.706014,0.273131,-0.742717,-0.667663,-0.050957,-0.008319,0.006249,-0.002135,0.068457,-0.365967,0.513793,-1.021344,0.074422,0.037827,-0.054342,0.561594,0.280009,-0.778592,0.06083,0.924478,0.37635,0.825173,-0.258717,0.502149,0.013721,-0.015317,-0.00726,-0.044045,-0.074861,0.155099,-1.085085
397,0.144665,-0.025456,0.300212,-0.568041,-0.269387,-0.777693,-0.074678,-0.924159,0.3746,-0.818921,0.271194,0.505815,0.011758,-0.044054,-0.009432,-0.087481,0.118011,-0.0311,-1.293577,-0.161205,-0.030639,0.276779,-0.135914,0.228496,0.964006,0.67482,-0.690976,0.259042,0.725432,0.68544,-0.061504,-0.0156,-3e-06,0.001927,0.205587,-0.885306,1.064243,-1.404215,0.045921,0.038618,-0.018162,0.183046,-0.233982,0.954853,-0.641443,0.707615,0.296362,-0.745013,-0.666732,-0.02056,-0.000513,0.006255,-0.003102,0.609372,-1.92247,2.711614,-1.028202,0.074794,0.037176,-0.054637,0.568883,0.27411,-0.775393,0.066557,0.924384,0.375611,0.81972,-0.265286,0.507622,0.005984,-0.016404,-0.008754,-0.146438,0.019094,0.202399,-1.099618
398,0.145284,-0.026905,0.299534,-0.574151,-0.267826,-0.773735,-0.07458,-0.923964,0.3751,-0.814654,0.273397,0.511488,0.011814,-0.034426,-0.019689,0.149425,0.446414,0.181413,-1.299507,-0.161302,-0.030458,0.276687,-0.164293,0.22517,0.960363,0.661283,-0.697186,0.276712,0.732032,0.680239,-0.035578,-0.001006,0.010899,-0.008459,0.141513,-0.54491,0.60678,-1.404284,0.045867,0.038706,-0.018201,0.211901,-0.231384,0.949504,-0.62667,0.713359,0.313692,-0.749921,-0.661498,0.00616,3e-06,-0.000374,-0.000519,0.179388,-0.370387,0.438435,-1.038816,0.075103,0.036446,-0.054975,0.573338,0.274304,-0.772035,0.066695,0.923538,0.377662,0.816599,-0.268019,0.511205,0.005811,-0.022916,-0.005922,0.138749,0.520332,0.2012,-1.1037
399,0.145548,-0.027655,0.299199,-0.576459,-0.266284,-0.77255,-0.074912,-0.924224,0.374393,-0.81299,0.274022,0.513796,0.011854,-0.034459,-0.01987,0.036403,0.201952,0.0332,-1.301535,-0.161211,-0.030434,0.276638,-0.177934,0.223621,0.958292,0.654554,-0.700173,0.285044,0.734902,0.677682,-0.023005,0.015594,0.00027,-0.001556,0.110916,-0.567964,0.605895,-1.404061,0.045906,0.038721,-0.018229,0.225393,-0.230294,0.946658,-0.619399,0.716142,0.321691,-0.752025,-0.658866,0.018769,5e-06,-0.000474,-0.000661,0.187448,-0.404807,0.41684,-1.042245,0.075235,0.036069,-0.055144,0.57704,0.271347,-0.770321,0.066807,0.92435,0.375649,0.813978,-0.268228,0.51526,0.005926,-0.017298,-0.010026,0.065755,0.142274,0.228253,-1.105823
400,0.145757,-0.028404,0.298879,-0.582165,-0.259426,-0.770602,-0.080619,-0.92466,0.372126,-0.808363,0.27908,0.518354,0.011922,-0.034264,-0.019771,0.063541,0.259938,0.06793,-1.305847,-0.16106,-0.030446,0.276584,-0.192902,0.222571,0.955637,0.647146,-0.703134,0.294514,0.7377,0.674959,-0.009615,0.015603,-0.000529,-0.00267,0.202072,-0.931601,1.11546,-1.404094,0.046105,0.038703,-0.018287,0.252379,-0.228645,0.940226,-0.604111,0.721813,0.337689,-0.755879,-0.653227,0.044044,0.007805,-0.000399,-0.001533,0.06526,-0.545316,0.3916,-1.03653,0.075344,0.035681,-0.055313,0.582972,0.264409,-0.768264,0.07245,0.924881,0.373287,0.809255,-0.273277,0.520024,0.005966,-0.017168,-0.009936,0.060139,0.258235,0.067288,-1.10468
401,0.146125,-0.030805,0.298121,-0.603867,-0.242709,-0.759265,-0.085418,-0.92734,0.364302,-0.791768,0.285141,0.540208,0.012071,-0.043993,-0.010239,0.0826,0.387212,0.116723,-1.325233,-0.160085,-0.030517,0.276434,-0.223028,0.224744,0.948546,0.61411,-0.723208,0.315868,0.757233,0.652667,0.022071,0.015607,-0.000118,-0.002127,1.627901,0.098406,0.507983,-1.403897,0.046475,0.038677,-0.018335,0.270504,-0.232598,0.934197,-0.576932,0.737661,0.350718,-0.770698,-0.63384,0.065347,0.00781,-5.9e-05,-0.001068,1.632596,0.133706,0.52728,-1.036693,0.075523,0.034494,-0.055691,0.604623,0.247939,-0.756938,0.0772,0.927601,0.365505,0.79276,-0.279429,0.541709,-0.001601,-0.021333,-0.004401,0.124462,0.481078,0.134861,-1.122642
402,0.146178,-0.032452,0.297813,-0.623178,-0.22164,-0.750047,-0.100913,-0.928214,0.358061,-0.774793,0.299095,0.557015,-0.002915,-0.040566,-0.006394,-0.28717,0.679833,0.224399,-1.334368,-0.159229,-0.030499,0.276386,-0.24004,0.225858,0.944119,0.596453,-0.732926,0.327103,0.766117,0.641348,0.040015,0.015594,0.001009,-0.000582,1.662343,-0.049879,0.187467,-1.404194,0.046897,0.038685,-0.01836,0.286543,-0.235639,0.928636,-0.559407,0.745743,0.361842,-0.777789,-0.623169,0.081869,0.015677,0.000882,-0.000655,5.397612,0.992487,0.215517,-1.039305,0.075554,0.033651,-0.055852,0.624273,0.226835,-0.747547,0.092668,0.928656,0.359177,0.77569,-0.293498,0.558715,-0.001443,-0.020211,-0.003112,-0.298726,0.673854,0.223773,-1.123785
403,0.146142,-0.033307,0.297724,-0.631166,-0.213895,-0.745603,-0.105962,-0.928453,0.355977,-0.767618,0.303947,0.564275,-0.003078,-0.051757,0.001644,0.013305,0.339974,0.022419,-1.337021,-0.158726,-0.030465,0.276367,-0.250698,0.227927,0.940846,0.58882,-0.735442,0.335186,0.768618,0.637724,0.048967,0.015594,0.001043,-0.000548,0.079495,-0.528906,0.40184,-1.403705,0.047149,0.038702,-0.018368,0.296865,-0.237133,0.925007,-0.549968,0.749433,0.368625,-0.780645,-0.618156,0.092065,0.015591,0.001077,-0.000519,0.075088,-0.392754,0.048329,-1.038326,0.075537,0.033245,-0.055895,0.632373,0.218839,-0.74311,0.097917,0.928994,0.356906,0.76845,-0.298461,0.566043,-0.001407,-0.019948,-0.002825,0.052129,0.332756,0.080895,-1.123458
404,0.146024,-0.034944,0.297631,-0.649373,-0.195697,-0.73489,-0.120929,-0.927469,0.353765,-0.750014,0.318832,0.579527,-0.002603,-0.03828,-0.003781,-0.32886,0.456433,0.333968,-1.338384,-0.157599,-0.030479,0.276272,-0.260893,0.234964,0.936332,0.562432,-0.751225,0.345348,0.784836,0.616418,0.062645,0.031226,0.000378,-0.003532,0.082457,-0.461903,0.246315,-1.40338,0.047707,0.038698,-0.018412,0.306518,-0.244754,0.919859,-0.522619,0.764415,0.377542,-0.79556,-0.59646,0.106393,0.015616,-4.7e-05,-0.002123,0.129526,-0.564966,0.174681,-1.037673,0.075478,0.03242,-0.055941,0.650576,0.201131,-0.732322,0.112511,0.928124,0.354859,0.75106,-0.313257,0.581186,-0.001304,-0.019143,-0.001891,-1.190026,0.904592,1.009441,-1.123785
405,0.145838,-0.03641,0.297598,-0.66964,-0.179396,-0.720725,-0.134566,-0.925036,0.355206,-0.72959,0.335063,0.596203,-0.002326,-0.036255,-0.001344,0.237543,0.684667,0.278014,-1.337232,-0.156365,-0.030524,0.276117,-0.266986,0.244498,0.932164,0.536253,-0.765912,0.354606,0.800959,0.594236,0.072186,0.031251,1.6e-05,-0.004105,0.16178,-0.107905,0.220673,-1.403435,0.048324,0.038674,-0.018491,0.312637,-0.253527,0.915413,-0.49568,0.778552,0.384911,-0.810282,-0.57409,0.117735,0.015632,-0.000243,-0.002429,0.477888,0.040069,0.263661,-1.036693,0.075385,0.031687,-0.055958,0.66961,0.186501,-0.718915,0.126659,0.925105,0.357963,0.731833,-0.330753,0.595837,-0.001144,-0.017997,-0.000505,-0.009579,0.198788,0.008147,-1.119866
406,0.145648,-0.037694,0.297523,-0.699809,-0.179022,-0.691566,-0.139709,-0.91511,0.378188,-0.699696,0.361495,0.616257,-0.002146,-0.034919,0.000253,-0.018469,0.277459,-0.187692,-1.332287,-0.155051,-0.03054,0.275936,-0.276448,0.250821,0.927716,0.513475,-0.77736,0.363303,0.812608,0.576471,0.084926,0.046893,0.000388,-0.005761,0.025397,-0.169162,0.209092,-1.403056,0.048975,0.038667,-0.018579,0.321668,-0.260065,0.910437,-0.471998,0.789511,0.392285,-0.82082,-0.555911,0.131211,0.015637,-7.2e-05,-0.002228,0.020784,-0.249433,0.389965,-1.034897,0.07529,0.031044,-0.055996,0.701286,0.184091,-0.688699,0.131954,0.915866,0.379179,0.70056,-0.35679,0.617993,-0.000964,-0.011675,-0.0037,-0.01006,0.216982,-0.160078,-1.112844
407,0.145575,-0.038247,0.297471,-0.707879,-0.175187,-0.684297,-0.142092,-0.913652,0.380816,-0.691047,0.367018,0.62272,-0.00179,-0.022355,-0.006168,0.014093,0.237073,-0.151891,-1.330178,-0.154417,-0.030549,0.275836,-0.277975,0.256014,0.925839,0.502715,-0.78244,0.367421,0.818796,0.567239,0.087615,0.031306,-0.000907,-0.005506,0.015553,-0.123562,0.200303,-1.40144,0.049309,0.038663,-0.018631,0.322981,-0.265651,0.908357,-0.460903,0.794135,0.396127,-0.82659,-0.546606,0.134051,0.015654,-0.000447,-0.002773,0.010537,-0.116244,0.206369,-1.036203,0.075252,0.030753,-0.056024,0.709333,0.180384,-0.6814,0.134346,0.914381,0.381913,0.691951,-0.362447,0.624367,-0.000883,-0.011099,-0.002987,-0.022597,0.18403,-0.16623,-1.112191
408,0.145598,-0.03921,0.297299,-0.720633,-0.167807,-0.672737,-0.147407,-0.911025,0.385068,-0.676604,0.376863,0.632621,-0.001717,-0.021851,-0.005595,-0.012899,0.2265,-0.215391,-1.328078,-0.153279,-0.03055,0.275679,-0.281584,0.26697,0.921644,0.480547,-0.792055,0.376375,0.830795,0.548533,0.093562,0.015673,-0.000783,-0.003248,0.01536,-0.123612,0.195442,-1.387072,0.049879,0.03866,-0.018713,0.326017,-0.276763,0.903943,-0.438009,0.80314,0.403872,-0.83777,-0.527605,0.140612,0.007837,-0.000378,-0.001631,0.014057,-0.123717,0.195641,-1.030325,0.075265,0.030282,-0.056105,0.721877,0.173074,-0.670028,0.13981,0.911779,0.38615,0.67775,-0.372429,0.633995,0.007066,-0.005527,-0.006997,-0.008851,0.092603,-0.01704,-1.113987
409,0.145839,-0.039762,0.296981,-0.732498,-0.166939,-0.660018,-0.1473,-0.907661,0.392971,-0.663767,0.385273,0.641096,0.014505,-0.008643,-0.010936,0.09415,0.176002,0.105679,-1.32785,-0.152339,-0.030553,0.275543,-0.284852,0.27337,0.918759,0.468696,-0.796275,0.382366,0.836438,0.539188,0.09752,0.01565,9.2e-05,-0.002048,0.01566,-0.124675,0.197129,-1.380621,0.050342,0.038657,-0.018782,0.328864,-0.28319,0.900917,-0.425776,0.807059,0.409109,-0.842949,-0.51813,0.144837,0.007828,-1.5e-05,-0.00113,0.001159,-0.015505,0.029012,-1.028039,0.075379,0.029998,-0.056266,0.733378,0.173105,-0.657412,0.139507,0.908134,0.394751,0.665352,-0.381215,0.641857,-0.000542,-0.003756,-0.004859,0.156625,0.260183,0.118129,-1.11464
410,0.145997,-0.03986,0.296771,-0.736919,-0.16564,-0.655408,-0.150199,-0.905183,0.397562,-0.658203,0.391614,0.642988,0.01468,-0.007498,-0.009473,-3.620461,2.199619,3.559695,-1.327175,-0.152084,-0.030506,0.275537,-0.286845,0.271186,0.918787,0.468276,-0.79692,0.381537,0.835995,0.539341,0.10043,0.015561,0.002478,0.001291,0.007256,-0.033731,0.016737,-1.381465,0.050464,0.038676,-0.018791,0.331088,-0.280791,0.900853,-0.425324,0.807804,0.408106,-0.842305,-0.518274,0.148026,-1.2e-05,0.000379,0.000517,-0.008271,-0.000135,-0.000208,-1.030161,0.075458,0.029949,-0.05637,0.737062,0.175658,-0.652595,0.137159,0.906654,0.398954,0.661758,-0.383564,0.644168,0.007372,-0.00355,-0.004481,-0.006823,-0.017734,0.004527,-1.113824
411,0.146348,-0.039803,0.296291,-0.734328,-0.1732,-0.656361,-0.148295,-0.902636,0.404017,-0.661521,0.394226,0.637968,0.015148,0.005838,-0.014849,-0.011044,-0.101634,-0.027795,-1.330247,-0.152072,-0.030277,0.275765,-0.288344,0.268735,0.919038,0.467974,-0.797729,0.380213,0.83565,0.539375,0.103085,-0.000268,0.007119,0.009961,0.024468,-0.095686,-0.029939,-1.384149,0.050482,0.038789,-0.018681,0.33266,-0.278504,0.900984,-0.425065,0.808561,0.406876,-0.841817,-0.518328,0.150594,-0.000147,0.003842,0.005372,0.016145,-0.083619,-0.021193,-1.033427,0.075639,0.029976,-0.056614,0.735058,0.179254,-0.653878,0.140816,0.903024,0.405853,0.663219,-0.390402,0.638534,0.0076,0.003073,-0.007231,0.031216,-0.062853,-0.014788,-1.118723
412,0.14683,-0.039456,0.295745,-0.732578,-0.18451,-0.655233,-0.144874,-0.898271,0.414842,-0.664211,0.399055,0.632144,0.01537,0.007429,-0.0128,0.013999,-0.070648,0.02295,-1.331443,-0.152744,-0.02988,0.276394,-0.294764,0.262083,0.918922,0.466613,-0.79964,0.377864,0.834177,0.539827,0.11224,-0.031621,0.010665,0.019133,0.121825,-0.433832,-0.302686,-1.38858,0.050158,0.038983,-0.018375,0.338264,-0.273954,0.900292,-0.423837,0.809811,0.405668,-0.840201,-0.5188,0.157819,-0.008043,0.006176,0.009675,0.123867,-0.487367,-0.301307,-1.039632,0.07588,0.03015,-0.056885,0.733161,0.190843,-0.652726,0.137149,0.8986,0.416781,0.66608,-0.395089,0.632645,0.0077,0.003764,-0.006342,0.068603,-0.024379,0.047905,-1.123295
413,0.147093,-0.039179,0.295342,-0.735128,-0.186548,-0.651791,-0.142699,-0.897304,0.417678,-0.661861,0.400284,0.63383,0.015278,0.017026,-0.023016,0.071585,-0.043126,0.064678,-1.333495,-0.153313,-0.029668,0.276801,-0.297362,0.256842,0.919565,0.466479,-0.801183,0.374749,0.833333,0.540066,0.117255,-0.031605,0.011598,0.020327,0.098187,-0.349917,-0.245969,-1.392357,0.049862,0.039096,-0.01816,0.341689,-0.267439,0.900957,-0.423754,0.811834,0.401693,-0.838857,-0.519039,0.164066,-0.015824,0.006,0.010456,0.128642,-0.4103,-0.28847,-1.039632,0.076006,0.030286,-0.057073,0.735951,0.192703,-0.64903,0.134743,0.897771,0.419344,0.66349,-0.396069,0.63475,0.00759,0.008102,-0.012049,0.085582,-0.022911,0.051744,-1.122478
414,0.147863,-0.038593,0.294259,-0.737241,-0.194572,-0.647042,-0.137964,-0.894132,0.425988,-0.660513,0.403561,0.633157,0.014737,0.013265,-0.027962,0.061673,-0.046013,0.029837,-1.365812,-0.154953,-0.029206,0.277678,-0.314103,0.23145,0.92074,0.479216,-0.798472,0.36432,0.81987,0.555371,0.138711,-0.047063,0.012037,0.022754,0.170165,-0.673075,-0.263812,-1.403,0.049059,0.039326,-0.017727,0.358847,-0.242844,0.901251,-0.437069,0.809445,0.392132,-0.824741,-0.534625,0.184327,-0.023565,0.00631,0.011811,0.236418,-0.785735,-0.581455,-1.042735,0.07638,0.03058,-0.057597,0.7379,0.200875,-0.644323,0.130067,0.894459,0.427814,0.662258,-0.399489,0.633894,0.007403,0.011894,-0.018488,0.122152,-0.030839,0.035042,-1.133255
415,0.148787,-0.037836,0.292852,-0.738954,-0.198953,-0.643747,-0.134065,-0.892915,0.429769,-0.659399,0.404127,0.633957,0.014573,0.022495,-0.03873,-0.043552,-0.32713,-0.109481,-1.454559,-0.156839,-0.028814,0.278585,-0.330796,0.207586,0.920584,0.482042,-0.801387,0.354046,0.811623,0.56061,0.163853,-0.061292,-0.002217,0.028307,0.051894,-0.40682,0.090217,-1.403795,0.048139,0.039528,-0.017275,0.376866,-0.217383,0.900397,-0.44056,0.81301,0.380683,-0.814787,-0.540146,0.210626,-0.023442,0.00497,0.009824,0.052998,-0.327266,-0.029624,-1.036856,0.076842,0.030951,-0.058293,0.740633,0.203635,-0.640308,0.126265,0.893809,0.430304,0.659939,-0.399546,0.636272,0.015111,0.010738,-0.019949,-0.255115,-0.616672,-0.201187,-1.151544
416,0.149948,-0.037054,0.291237,-0.737914,-0.212929,-0.640461,-0.123543,-0.890306,0.438252,-0.662608,0.402776,0.631466,0.029784,0.018681,-0.043696,-0.103659,-0.444035,-0.17573,-1.493519,-0.158827,-0.028579,0.279423,-0.348728,0.179764,0.919818,0.499489,-0.794703,0.344807,0.793373,0.579451,0.186168,-0.046709,0.010296,0.019779,0.030051,-0.672718,-0.257132,-1.403732,0.047123,0.039643,-0.016848,0.394703,-0.192121,0.898497,-0.458636,0.806155,0.373851,-0.796154,-0.559644,0.230078,-0.022856,-0.000617,0.013721,-0.227688,-1.106024,-0.316874,-1.030162,0.077439,0.03136,-0.059128,0.739076,0.218018,-0.637364,0.115849,0.89094,0.439093,0.663584,-0.398361,0.633216,0.014896,0.00918,-0.022076,-0.197366,-0.547908,-0.209887,-1.149911
417,0.150632,-0.036649,0.290282,-0.736002,-0.219883,-0.640312,-0.116451,-0.890596,0.439602,-0.666007,0.398381,0.630677,0.029469,0.016327,-0.046905,0.062861,-0.109751,-0.01114,-1.513494,-0.159795,-0.0284,0.279804,-0.355531,0.160008,0.920862,0.518696,-0.785734,0.336914,0.777877,0.597223,0.195179,-0.046631,0.009994,0.019234,-0.03384,0.785975,-2.367914,-1.403806,0.046639,0.039733,-0.016657,0.40462,-0.173002,0.897971,-0.477502,0.797481,0.368801,-0.779918,-0.578008,0.240068,-0.023339,0.004868,0.009477,-0.23809,-0.916329,-0.406892,-1.031141,0.07777,0.031558,-0.059585,0.736343,0.226184,-0.637681,0.108619,0.890729,0.441364,0.667831,-0.39426,0.631315,0.022661,0.013656,-0.027589,0.126312,-0.139351,0.066482,-1.147789
418,0.15198,-0.035805,0.288208,-0.732312,-0.24314,-0.636119,-0.094119,-0.889015,0.44807,-0.673555,0.388295,0.62895,0.044952,0.024983,-0.058521,0.026188,0.009263,-0.150618,-1.546965,-0.161323,-0.02813,0.280581,-0.369431,0.124481,0.920878,0.537199,-0.779917,0.32106,0.758609,0.613142,0.220075,-0.031042,0.010268,0.017504,-4.916279,-2.39637,-1.40686,-1.404358,0.045868,0.039868,-0.016267,0.416414,-0.138617,0.898545,-0.493441,0.795627,0.351416,-0.763619,-0.589714,0.262911,-0.015034,-0.000791,0.012362,0.185366,-0.745773,-0.291849,-1.028692,0.078455,0.031984,-0.060643,0.732428,0.249479,-0.633488,0.086137,0.889015,0.449701,0.675372,-0.38394,0.629651,0.022491,0.012363,-0.029446,0.054398,0.050487,-0.149331,-1.147625
419,0.153195,-0.034872,0.28598,-0.728128,-0.257291,-0.635354,-0.079051,-0.889203,0.4506,-0.679992,0.378636,0.627912,0.029189,0.024799,-0.059163,0.328825,-0.512787,-0.407701,-1.560878,-0.162164,-0.028204,0.281642,-0.374262,0.08436,0.923473,0.568298,-0.765978,0.300415,0.733143,0.637129,0.237553,0.001893,-0.008831,0.034149,0.085371,-0.552586,-0.141273,-1.40416,0.045436,0.039835,-0.015747,0.423191,-0.096403,0.900896,-0.530814,0.77943,0.332752,-0.734264,-0.619027,0.278677,-0.0073,0.000858,0.013555,0.149976,-0.526008,-0.434337,-1.027549,0.079052,0.03244,-0.061736,0.728946,0.262325,-0.632314,0.071617,0.889375,0.451532,0.680813,-0.374427,0.62952,0.014646,0.012515,-0.029424,0.982252,-1.161611,-1.200506,-1.149095
420,0.153744,-0.034376,0.28484,-0.722953,-0.265052,-0.638068,-0.072377,-0.889382,0.451369,-0.686226,0.372825,0.624598,0.029279,0.02556,-0.058272,-0.071657,-0.469061,-0.173443,-1.567649,-0.162259,-0.028316,0.282317,-0.372521,0.059537,0.926108,0.589785,-0.75521,0.285911,0.716866,0.652629,0.245032,0.001879,-0.006974,0.036549,0.227761,0.961045,-2.662002,-1.40411,0.045388,0.039776,-0.015413,0.424697,-0.073142,0.902376,-0.552325,0.768818,0.322264,-0.717334,-0.63527,0.286116,0.000909,-0.003243,0.018606,0.159327,-0.742471,-0.672506,-1.028365,0.079336,0.032694,-0.062332,0.723698,0.270147,-0.635043,0.064568,0.889656,0.452041,0.687088,-0.368145,0.6264,0.014665,0.012694,-0.029268,-0.166855,-0.5632,-0.212439,-1.147135
421,0.154559,-0.033277,0.282717,-0.706465,-0.287938,-0.646564,-0.053934,-0.888973,0.45474,-0.704839,0.356483,0.613309,0.014162,0.030739,-0.051516,-0.147202,-0.609713,-0.295783,-1.611557,-0.161875,-0.028747,0.284059,-0.35923,0.008798,0.933203,0.63443,-0.730967,0.251234,0.684772,0.682283,0.25581,0.018258,-0.013389,0.048886,-1.440316,-0.910552,-0.984376,-1.404502,0.045581,0.039557,-0.014529,0.410744,-0.020793,0.911512,-0.600105,0.74649,0.287447,-0.686412,-0.665071,0.294138,0.009098,-0.00654,0.024656,-1.43834,-0.949693,-1.012319,-1.027712,0.079738,0.033226,-0.063383,0.707468,0.292382,-0.643428,0.046332,0.889265,0.455037,0.705223,-0.351736,0.615581,0.007116,0.009878,-0.021572,-0.187656,-0.55257,-0.520079,-1.145339
422,0.155024,-0.032051,0.280971,-0.684623,-0.307652,-0.660823,-0.042317,-0.888285,0.457309,-0.726842,0.341426,0.595949,0.014683,0.024322,-0.036962,-0.138666,-0.540444,-0.230566,-1.642229,-0.160824,-0.029517,0.286295,-0.337743,-0.044248,0.940193,0.679657,-0.702415,0.211216,0.651455,0.710392,0.266107,0.034621,-0.021784,0.058484,-0.027737,-0.056698,-1.199435,-1.404502,0.046094,0.039183,-0.013429,0.39197,0.032569,0.919401,-0.64819,0.718964,0.250875,-0.652846,-0.694282,0.302923,0.00955,-0.011266,0.029651,-0.113429,0.925213,-3.158311,-1.026242,0.07997,0.033839,-0.064265,0.684823,0.312842,-0.658138,0.034764,0.888102,0.458328,0.727879,-0.336753,0.597318,-0.000418,0.018149,-0.022044,-0.19191,-0.599391,-0.455033,-1.138807
423,0.155199,-0.031008,0.279709,-0.661375,-0.330489,-0.673353,-0.029687,-0.885486,0.463686,-0.748668,0.327067,0.576671,-0.000449,0.01822,-0.021953,0.026377,-0.84808,0.194254,-1.673861,-0.159404,-0.030548,0.288681,-0.313488,-0.091649,0.945155,0.715376,-0.67726,0.171725,0.624741,0.73008,0.276667,0.035602,-0.032376,0.067005,-0.400532,-0.557159,-1.154301,-1.404516,0.046804,0.038672,-0.012237,0.368623,0.079096,0.926207,-0.686513,0.69495,0.213878,-0.626751,-0.714694,0.310475,0.025454,-0.015623,0.033306,-1.401205,-0.493332,-2.043317,-1.030815,0.080064,0.034362,-0.064903,0.661651,0.336113,-0.670257,0.021744,0.884924,0.465226,0.749496,-0.322392,0.578203,-0.000115,0.015232,-0.01432,0.434184,-2.161526,1.628806,-1.117253
424,0.155174,-0.03053,0.279307,-0.651681,-0.342202,-0.676945,-0.022656,-0.883293,0.468244,-0.757367,0.320903,0.56872,-6e-05,0.021486,-0.017465,-0.275335,-0.44356,-0.700775,-1.690023,-0.158482,-0.031126,0.290009,-0.296814,-0.115531,0.947916,0.737374,-0.658394,0.150766,0.607028,0.743853,0.279399,0.049949,-0.019802,0.058693,-5.191918,-1.343982,-2.468646,-1.404577,0.047241,0.038392,-0.011593,0.353447,0.101548,0.929926,-0.706358,0.680711,0.194139,-0.613296,-0.725479,0.312324,0.017748,-0.015929,0.033726,-0.125549,-0.015191,-0.740295,-1.032121,0.080051,0.034598,-0.065107,0.652333,0.346216,-0.674237,0.014915,0.883537,0.468121,0.757785,-0.315427,0.571197,7e-06,0.010893,-0.008532,0.019371,-0.056398,-0.241358,-1.111538
