frame,MLTx,MLTy,MLTz,MLTR1,MLTR2,MLTR3,MLTR4,MLTR5,MLTR6,MLTR7,MLTR8,MLTR9,MLTTVx,MLTTVy,MLTTVz,MLTRVx,MLTRVy,MLTRVz,MLGA,MRTx,MRTy,MRTz,MRTR1,MRTR2,MRTR3,MRTR4,MRTR5,MRTR6,MRTR7,MRTR8,MRTR9,MRTTVx,MRTTVy,MRTTVz,MRTRVx,MRTRVy,MRTRVz,MRGA,SLTx,SLTy,SLTz,SLTR1,SLTR2,SLTR3,SLTR4,SLTR5,SLTR6,SLTR7,SLTR8,SLTR9,SLTTVx,SLTTVy,SLTTVz,SLTRVx,SLTRVy,SLTRVz,SLGA,SRTx,SRTy,SRTz,SRTR1,SRTR2,SRTR3,SRTR4,SRTR5,SRTR6,SRTR7,SRTR8,SRTR9,SRTTVx,SRTTVy,SRTTVz,SRTRVx,SRTRVy,SRTRVz,SRGA
61,0.088879,0.010422,0.358299,-0.261515,0.408007,-0.874749,-0.804477,-0.592863,-0.036081,-0.53301,0.693771,0.484365,0.013419,-0.002118,-0.001332,0.000984,-0.014715,0.029553,0.186535,-0.208897,0.041644,0.402939,0.691428,0.721999,-0.025244,-0.702669,0.680352,0.208112,0.166563,-0.127079,0.977737,-0.000558,-0.005374,-0.002362,3e-06,4e-06,-1e-06,0.004511,-0.011073,0.039623,0.018213,-0.606954,-0.794726,-0.003813,0.784689,-0.600035,0.15563,-0.125971,0.091469,0.987807,-0.000317,-0.003063,-0.001345,-0.006223,0.007839,-0.023827,-0.102344,0.081584,0.030088,-0.062708,-0.288948,0.392838,-0.873032,-0.726586,-0.68378,-0.067201,-0.623362,0.614916,0.483008,0.000191,0.000614,0.000476,-5e-06,-4e-06,2.1e-05,0.049621
62,0.089019,0.010437,0.358301,-0.261373,0.408041,-0.874775,-0.804495,-0.592831,-0.036213,-0.533053,0.693778,0.484308,0.000456,0.001475,0.001147,0.0,0.0,0.0,0.187578,-0.20888,0.041555,0.402898,0.691322,0.72218,-0.022827,-0.703472,0.680091,0.206245,0.163602,-0.127446,0.97819,0.011176,-0.00442,-0.002808,0.002045,-0.015205,0.029245,-0.045962,-0.011069,0.039576,0.018192,-0.606697,-0.794931,-0.001411,0.785349,-0.599656,0.153745,-0.123062,0.092168,0.988109,-0.00022,-0.002137,-0.000938,-0.01566,0.08321,-0.1772,-0.152311,0.081664,0.030096,-0.062707,-0.288765,0.392906,-0.873062,-0.726616,-0.683731,-0.067372,-0.623411,0.614927,0.48293,0.00694,-0.000311,-8.8e-05,0.000977,-0.014719,0.029559,0.051581
63,0.089364,0.01046,0.358326,-0.260775,0.408186,-0.874886,-0.804631,-0.592615,-0.036716,-0.533141,0.693877,0.484069,0.013866,-0.000647,-0.000193,0.000984,-0.014715,0.029553,0.190355,-0.208825,0.041414,0.402831,0.691312,0.722375,-0.015953,-0.705468,0.67972,0.200574,0.154865,-0.128328,0.979496,-0.000359,-0.003469,-0.001529,-0.001866,0.012485,-0.025906,-0.132507,-0.011037,0.039508,0.018159,-0.606321,-0.7952,0.005448,0.786947,-0.599014,0.147971,-0.114403,0.094005,0.988976,-0.000165,-0.001605,-0.000708,-0.006028,0.007922,-0.024389,-0.250775,0.081833,0.030111,-0.062692,-0.288208,0.393116,-0.873152,-0.726761,-0.68353,-0.067855,-0.623501,0.615017,0.4827,0.0004,0.001298,0.001002,-5e-06,-9e-06,-7e-06,0.054847
64,0.08961,0.010512,0.358358,-0.260396,0.408274,-0.874958,-0.804703,-0.592497,-0.037045,-0.533219,0.693925,0.483914,0.013902,-0.000509,-9e-05,0.000984,-0.014715,0.029553,0.190855,-0.20865,0.041331,0.40278,0.691713,0.72213,-0.007335,-0.707503,0.67982,0.192921,0.143433,-0.129179,0.981123,0.01146,-0.00176,-0.001638,0.006462,-0.010237,0.028296,-0.188158,-0.010954,0.039465,0.018133,-0.606263,-0.795138,0.014124,0.788563,-0.59876,0.140194,-0.103017,0.096133,0.990023,-5.6e-05,-0.000557,-0.000248,0.008821,0.009998,-0.00154,-0.318378,0.081961,0.030137,-0.062675,-0.287819,0.393258,-0.873216,-0.726844,-0.683406,-0.068203,-0.623583,0.615063,0.482534,0.006963,-0.000216,-1.8e-05,0.000986,-0.01471,0.029563,0.057133
65,0.089712,0.010552,0.358352,-0.260172,0.408309,-0.875009,-0.80471,-0.592474,-0.03726,-0.533318,0.693925,0.483806,6.8e-05,0.00022,0.000171,0.0,0.0,0.0,0.19267,-0.208399,0.041325,0.402748,0.693094,0.720832,-0.003774,-0.706698,0.680673,0.192864,0.140722,-0.131927,0.98115,5.2e-05,0.000505,0.000223,-0.106657,0.105869,0.058833,-0.249372,-0.010824,0.039462,0.018117,-0.607404,-0.794195,0.017683,0.787977,-0.599527,0.140206,-0.10075,0.099096,0.989963,3.6e-05,0.000342,0.000148,-0.117411,0.115107,0.061371,-0.378305,0.082013,0.03016,-0.062676,-0.287599,0.39332,-0.873261,-0.726849,-0.683379,-0.068417,-0.623679,0.615053,0.482424,1.5e-05,4.4e-05,3.1e-05,6e-06,-1e-05,1.4e-05,0.058602
66,0.089729,0.01055,0.358326,-0.260132,0.408307,-0.875021,-0.80469,-0.592498,-0.037311,-0.533367,0.693906,0.483779,-0.000457,-0.001487,-0.001154,-0.000541,0.01401,-0.02518,0.195067,-0.2083,0.041366,0.402738,0.694091,0.719879,-0.002053,-0.70572,0.681155,0.194734,0.140713,-0.134634,0.980784,-0.000121,0.012461,-0.008278,-0.110957,0.123504,0.125637,-0.285495,-0.010775,0.039477,0.018114,-0.608262,-0.793501,0.019291,0.787278,-0.600041,0.141922,-0.10104,0.101514,0.989689,0.005825,4.9e-05,-0.000414,-0.213854,0.195653,0.127164,-0.410474,0.082023,0.030162,-0.062687,-0.287539,0.39333,-0.873276,-0.72683,-0.683393,-0.068485,-0.623729,0.615032,0.482386,-4.1e-05,-0.000131,-0.000103,1e-06,-4e-06,5e-06,0.060235
67,0.089707,0.010574,0.358281,-0.260301,0.408245,-0.875,-0.804579,-0.592654,-0.037221,-0.533452,0.693809,0.483825,-3.4e-05,-0.000109,-8.5e-05,0.0,0.0,0.0,0.196172,-0.208176,0.041508,0.402668,0.694905,0.719096,-0.000176,-0.704971,0.681462,0.196367,0.140455,-0.137251,0.980458,-0.000164,0.012067,-0.00845,0.02536,-0.001178,0.023504,-0.333381,-0.010712,0.03955,0.01808,-0.609477,-0.792507,0.021641,0.786321,-0.600786,0.144059,-0.101166,0.104817,0.989332,0.000117,0.001139,0.0005,0.011802,-0.009102,0.009265,-0.470728,0.08201,0.030169,-0.062714,-0.28772,0.393241,-0.873256,-0.726698,-0.683544,-0.068378,-0.623799,0.614921,0.482437,-2.1e-05,-7e-05,-5.6e-05,3e-06,-2e-06,1.3e-05,0.063828
68,0.089682,0.010646,0.358221,-0.260242,0.408202,-0.875037,-0.804462,-0.592806,-0.03735,-0.533658,0.693705,0.483747,0.000991,0.010712,-0.008689,0.034514,-0.018233,0.015751,0.196089,-0.208151,0.041802,0.402486,0.694515,0.719472,0.000137,-0.705487,0.681138,0.195635,0.13979,-0.136887,0.980604,-0.000237,0.01135,-0.008762,0.023478,0.074247,-0.161254,-0.358774,-0.010699,0.039696,0.017994,-0.609125,-0.792778,0.021645,0.786687,-0.600538,0.143098,-0.100446,0.104192,0.989471,-0.005875,0.006223,-0.003712,0.034921,0.002427,-0.012395,-0.507142,0.081997,0.0302,-0.062741,-0.287673,0.393207,-0.873287,-0.726574,-0.683666,-0.068485,-0.623966,0.614807,0.482366,3e-06,1e-05,9e-06,6e-06,-1e-06,1.5e-05,0.064481
69,0.089685,0.010678,0.358195,-0.260175,0.408192,-0.875062,-0.804419,-0.592858,-0.037442,-0.533755,0.693666,0.483695,-0.0,-0.0,-0.0,0.0,0.0,0.0,0.196188,-0.208203,0.041997,0.402296,0.694209,0.719768,0.000379,-0.705905,0.680895,0.194971,0.139205,-0.136537,0.980736,-0.000774,0.019714,-0.01883,0.072689,-0.024249,0.034839,-0.362405,-0.010725,0.039794,0.017904,-0.608657,-0.793129,0.021954,0.787131,-0.600111,0.142446,-0.099803,0.103981,0.989558,-0.006022,0.004727,-0.004367,0.021529,0.089375,-0.190994,-0.517266,0.081999,0.030221,-0.062757,-0.287587,0.393205,-0.873317,-0.72651,-0.683722,-0.068599,-0.62408,0.614745,0.482298,2e-06,6e-06,6e-06,-2e-06,-1e-06,2e-06,0.064481
70,0.089701,0.010765,0.35811,-0.260257,0.408111,-0.875076,-0.804226,-0.593117,-0.037488,-0.534006,0.693492,0.483667,-0.000353,-0.001148,-0.000891,0.0,0.0,0.0,0.194269,-0.20832,0.042483,0.401629,0.693535,0.720408,-0.003652,-0.705749,0.68058,0.196628,0.143268,-0.134711,0.980403,-0.000979,0.004023,-0.011976,-0.027277,0.032045,-0.175933,-0.363779,-0.010783,0.040044,0.017574,-0.608232,-0.793556,0.01792,0.78698,-0.59994,0.143989,-0.103512,0.101681,0.989416,-0.00068,0.006877,-0.010716,-0.529954,-0.690396,0.1409,-0.524287,0.082008,0.030268,-0.062797,-0.287658,0.393115,-0.873334,-0.726287,-0.683955,-0.068646,-0.624307,0.614545,0.482259,-0.000208,-0.000673,-0.00052,-0.000534,0.01403,-0.025169,0.063828
71,0.089683,0.010874,0.357964,-0.260041,0.40541,-0.876395,-0.803915,-0.593622,-0.036128,-0.534578,0.694646,0.481373,-0.000478,-0.001555,-0.001208,-0.119612,-0.507486,-0.280511,0.19178,-0.208524,0.043108,0.400637,0.69436,0.719592,-0.006605,-0.704177,0.681473,0.199154,0.14694,-0.134553,0.979881,-0.001741,0.010164,-0.022995,0.070227,-0.011263,0.009223,-0.36304,-0.010885,0.04036,0.017074,-0.609256,-0.792831,0.015016,0.785675,-0.600977,0.146763,-0.107334,0.101214,0.989057,-0.00682,0.010369,-0.015597,0.114161,-0.013339,-0.002718,-0.525757,0.081999,0.030321,-0.06287,-0.287658,0.393009,-0.873381,-0.725978,-0.684267,-0.068801,-0.624666,0.614265,0.482151,0.00019,0.004354,-0.005119,0.034511,-0.018242,0.015745,0.061868
72,0.089587,0.010994,0.357775,-0.259969,0.405289,-0.876471,-0.803611,-0.594018,-0.036383,-0.53507,0.694377,0.481214,-0.013793,0.000848,0.000351,-0.00101,0.014606,-0.029613,0.190269,-0.208845,0.04393,0.399236,0.698582,0.715524,-0.000436,-0.700564,0.68426,0.202318,0.144185,-0.141944,0.979247,-0.002873,0.026171,-0.043326,-0.064316,0.180172,0.133955,-0.368909,-0.011046,0.040776,0.016365,-0.613205,-0.789631,0.021489,0.782853,-0.60386,0.149977,-0.10545,0.10879,0.988455,-0.001436,0.012901,-0.02174,-0.073724,0.189396,0.137681,-0.528533,0.081955,0.03038,-0.062966,-0.286972,0.390348,-0.874799,-0.725599,-0.684794,-0.067538,-0.625422,0.615372,0.479754,0.000151,0.004221,-0.005223,0.035447,-0.014161,0.018021,0.059909
73,0.089516,0.011063,0.357687,-0.260054,0.405204,-0.876486,-0.803431,-0.594259,-0.036411,-0.535298,0.694221,0.481186,-0.01365,0.001311,0.00071,-0.000985,0.014713,-0.029554,0.190646,-0.209046,0.044384,0.39845,0.70065,0.7135,0.000387,-0.698222,0.685696,0.205525,0.145497,-0.145182,0.978578,-0.014499,0.026054,-0.04248,-0.096298,0.224526,0.122054,-0.379152,-0.011142,0.040991,0.015987,-0.615325,-0.787962,0.022148,0.780951,-0.605548,0.153055,-0.10719,0.111475,0.987969,-0.00127,0.007735,-0.017157,-0.220636,0.299243,0.183706,-0.533758,0.081919,0.030409,-0.063008,-0.28707,0.390288,-0.874794,-0.725405,-0.684998,-0.067564,-0.625602,0.615184,0.47976,-0.000301,-0.000986,-0.000765,0.000134,0.000569,0.000321,0.059582
74,0.089375,0.011173,0.357565,-0.260405,0.405033,-0.87646,-0.803118,-0.594691,-0.036266,-0.535596,0.693951,0.481243,-0.00021,-0.00068,-0.000529,-0.0,-0.0,-0.0,0.191866,-0.209372,0.045412,0.396877,0.706619,0.707586,-0.001821,-0.690292,0.69007,0.217335,0.154152,-0.15322,0.976025,-0.002593,0.028677,-0.042067,-0.005175,0.11074,0.099766,-0.408438,-0.011311,0.041507,0.015181,-0.622486,-0.782348,0.021013,0.773838,-0.611258,0.165942,-0.11698,0.119558,0.985911,-0.001258,0.014469,-0.020968,0.051293,0.080925,0.103908,-0.554659,0.081843,0.030467,-0.063073,-0.287407,0.390072,-0.87478,-0.725026,-0.685411,-0.067425,-0.625885,0.61486,0.479804,-0.006725,0.000972,0.000603,-0.000985,0.014728,-0.029555,0.059745
75,0.089236,0.011253,0.35751,-0.260935,0.404868,-0.876379,-0.802866,-0.595052,-0.035914,-0.535715,0.693739,0.481417,-0.013243,0.002633,0.001735,-0.000984,0.014715,-0.029553,0.197902,-0.209594,0.046673,0.395323,0.713888,0.700136,-0.012835,-0.678481,0.696263,0.234125,0.171959,-0.159325,0.972064,-0.001977,0.034371,-0.039383,-0.054906,0.142816,0.182519,-0.508464,-0.011421,0.042111,0.014429,-0.630852,-0.775838,0.009983,0.763974,-0.618854,0.182654,-0.135532,0.122854,0.983126,-0.001003,0.016815,-0.019857,-0.158979,0.184246,0.373889,-0.617363,0.081779,0.030506,-0.063101,-0.287892,0.389851,-0.874718,-0.724747,-0.685739,-0.067093,-0.625986,0.614635,0.479962,5e-06,1.4e-05,1.2e-05,-9e-06,3e-06,-1.5e-05,0.063338
76,0.089146,0.011281,0.357503,-0.261136,0.404809,-0.876346,-0.802792,-0.595162,-0.035765,-0.535729,0.693679,0.481488,-0.01323,0.002673,0.001765,-0.000984,0.014715,-0.029553,0.203745,-0.209649,0.047249,0.394617,0.717007,0.696879,-0.015854,-0.673945,0.699012,0.238986,0.176725,-0.16156,0.970839,-0.002111,0.033044,-0.039926,-0.295087,0.38498,0.292756,-0.568832,-0.011449,0.042412,0.014067,-0.633912,-0.77338,0.006085,0.760575,-0.621951,0.186283,-0.140283,0.122715,0.982476,-0.000862,0.011482,-0.01538,0.106536,-0.005543,0.056864,-0.663084,0.081734,0.03052,-0.063104,-0.288085,0.389768,-0.874692,-0.724663,-0.685843,-0.066944,-0.625994,0.614572,0.480032,7e-06,2.1e-05,2e-05,-4e-06,-2e-06,-0.0,0.068073
77,0.088944,0.011308,0.35752,-0.261422,0.402092,-0.877511,-0.80263,-0.595495,-0.033813,-0.535832,0.694975,0.479501,-0.013246,0.002626,0.001727,-0.001034,0.014507,-0.029668,0.222174,-0.209755,0.04838,0.393158,0.726611,0.686715,-0.021235,-0.661353,0.70763,0.248608,0.184835,-0.167475,0.968324,-0.002121,0.03283,-0.03991,-0.060706,0.056838,0.150128,-0.670907,-0.011502,0.042979,0.013337,-0.645737,-0.763553,0.003015,0.748803,-0.63248,0.198147,-0.149389,0.130208,0.980167,-0.00102,0.016569,-0.019884,-0.185873,-0.071637,0.212315,-0.676311,0.081633,0.030534,-0.063095,-0.288005,0.38701,-0.875942,-0.724506,-0.686199,-0.064964,-0.626213,0.615917,0.47802,-8e-06,-2.3e-05,-1.6e-05,0.001259,0.005477,0.003052,0.085219
78,0.088789,0.011318,0.357524,-0.26161,0.399395,-0.878686,-0.80249,-0.595786,-0.031942,-0.535948,0.696282,0.47747,-7.5e-05,-0.00024,-0.000187,-0.000922,-0.003867,-0.002146,0.250874,-0.209764,0.049481,0.391898,0.749826,0.661218,-0.023297,-0.633504,0.727819,0.262462,0.189556,-0.182887,0.964616,-0.001287,0.027424,-0.028579,-0.151845,0.209749,0.20411,-0.825151,-0.011507,0.043525,0.0127,-0.671558,-0.740948,0.002447,0.724353,-0.655815,0.212647,-0.155955,0.144577,0.977125,-0.000638,0.013545,-0.014363,-0.222694,0.299154,0.211077,-0.681699,0.081551,0.030541,-0.063092,-0.287835,0.384195,-0.877236,-0.724368,-0.686528,-0.062996,-0.626451,0.61731,0.475905,-4e-05,-0.000132,-9.9e-05,0.003499,0.015267,0.008546,0.119673
79,0.08872,0.011267,0.357484,-0.261311,0.394145,-0.881142,-0.802366,-0.596114,-0.028759,-0.53628,0.698992,0.473118,-0.000724,-0.002331,-0.001815,-0.08816,-0.353141,-0.22887,0.270233,-0.209596,0.050226,0.391042,0.762736,0.646584,-0.01241,-0.619069,0.735725,0.274584,0.185711,-0.202578,0.961425,-0.001063,0.016347,-0.019897,-0.519075,0.545386,0.347031,-0.86504,-0.011422,0.043909,0.012272,-0.68461,-0.728787,0.01334,0.712372,-0.66509,0.224008,-0.154381,0.162861,0.974495,0.005424,0.003044,-0.005873,-0.132967,0.143641,0.184113,-0.68023,0.081518,0.030519,-0.063109,-0.287225,0.380822,-0.878905,-0.724299,-0.686791,-0.060881,-0.62681,0.619104,0.473093,-0.000181,-0.000595,-0.000464,-0.150518,-0.63506,-0.353271,0.151351
80,0.088723,0.011246,0.357455,-0.26121,0.394159,-0.881166,-0.802375,-0.596099,-0.028851,-0.536317,0.698997,0.473069,-0.000443,-0.001427,-0.001111,-0.001506,-0.006315,-0.003504,0.275606,-0.209425,0.050407,0.390721,0.767079,0.64151,-0.006804,-0.614064,0.737423,0.281188,0.184436,-0.212334,0.959563,0.010584,0.003938,-0.012723,-0.397249,0.383164,0.296343,-0.871162,-0.011341,0.044006,0.01211,-0.689647,-0.723867,0.020033,0.707502,-0.667643,0.231714,-0.154355,0.173974,0.972577,0.005241,0.001357,-0.006647,-0.559642,0.535242,0.310413,-0.681863,0.081518,0.030506,-0.063126,-0.286743,0.379047,-0.87983,-0.724286,-0.686894,-0.059877,-0.627047,0.620079,0.471501,-0.000274,-0.000881,-0.000684,0.004049,0.017708,0.009926,0.161802
81,0.088756,0.0112,0.357382,-0.260997,0.391531,-0.8824,-0.802284,-0.596292,-0.027341,-0.536556,0.70031,0.470849,-0.00045,-0.001449,-0.00113,-0.000214,-0.000897,-0.000498,0.278613,-0.208919,0.050464,0.390162,0.775988,0.630602,0.013247,-0.606733,0.740741,0.288289,0.171006,-0.232551,0.957361,0.010361,0.00171,-0.013743,-0.262877,0.365954,0.199853,-0.893316,-0.011096,0.044035,0.011837,-0.69873,-0.714226,0.040695,0.700848,-0.672016,0.239175,-0.143478,0.19564,0.970122,0.005127,0.000256,-0.007156,0.010929,1.198213,0.070007,-0.689047,0.081535,0.030482,-0.063163,-0.286217,0.376622,-0.881041,-0.724209,-0.687098,-0.058448,-0.627375,0.621329,0.469413,-0.000274,-0.000888,-0.000692,0.002425,0.010483,0.005863,0.173885
82,0.088784,0.011187,0.357372,-0.261234,0.391491,-0.882348,-0.80223,-0.596373,-0.027152,-0.536521,0.700264,0.470958,-0.0,-1e-06,-1e-06,-0.0,-0.0,-0.0,0.278246,-0.208218,0.050481,0.389642,0.785506,0.617209,0.044995,-0.602023,0.745529,0.285811,0.141872,-0.252381,0.9571,0.021943,0.00172,-0.014586,-0.481584,0.400215,0.529396,-0.920637,-0.01075,0.044041,0.011576,-0.707221,-0.703239,0.07274,0.697334,-0.676912,0.235614,-0.116454,0.217356,0.96912,0.005333,-0.004552,-0.002522,-0.088403,0.333151,0.278992,-0.701947,0.081548,0.030474,-0.063169,-0.286472,0.376659,-0.880943,-0.724151,-0.687169,-0.058323,-0.627325,0.621229,0.469613,1.3e-05,3.9e-05,3e-05,4.8e-05,0.000209,0.000112,0.176008
83,0.088786,0.011202,0.357371,-0.261196,0.391492,-0.882358,-0.802225,-0.596379,-0.027192,-0.536549,0.700258,0.470936,8.2e-05,0.000265,0.000207,-0.0,-0.0,-0.0,0.279324,-0.207806,0.050458,0.389394,0.791064,0.609476,0.05241,-0.595986,0.74882,0.289833,0.136406,-0.261289,0.955502,0.02181,0.000294,-0.015244,-0.267354,0.168889,0.404626,-0.931516,-0.010535,0.044034,0.011448,-0.714101,-0.695223,0.081997,0.690974,-0.681208,0.241888,-0.112309,0.22939,0.966832,0.010922,0.000235,-0.007592,-0.302083,0.192787,0.443252,-0.712561,0.081549,0.030482,-0.063169,-0.286435,0.376667,-0.880951,-0.724144,-0.687174,-0.058363,-0.627351,0.621219,0.469592,7.1e-05,0.000226,0.000173,6e-06,2.9e-05,4e-06,0.176661
84,0.088774,0.011225,0.357401,-0.261321,0.391472,-0.88233,-0.802211,-0.596403,-0.027081,-0.536508,0.700249,0.470995,0.000332,0.001069,0.000833,-0.0,-0.0,-0.0,0.277711,-0.206847,0.050544,0.388608,0.801612,0.594353,0.064454,-0.584114,0.75596,0.295411,0.125846,-0.275211,0.95304,0.021063,0.006184,-0.026231,-0.091909,0.036113,0.315009,-0.943596,-0.010055,0.04408,0.011062,-0.72591,-0.681207,0.094921,0.679966,-0.690031,0.247997,-0.103439,0.244567,0.964098,0.016344,0.003234,-0.013484,-0.078939,-0.0058,0.389373,-0.729054,0.081543,0.030493,-0.063154,-0.286557,0.376632,-0.880926,-0.72413,-0.687198,-0.058252,-0.627311,0.621213,0.469652,0.000185,0.000593,0.000463,0.0,1.4e-05,3e-06,0.176988
85,0.088733,0.011262,0.357429,-0.263955,0.391206,-0.881664,-0.802279,-0.596422,-0.024512,-0.535113,0.700381,0.472384,0.000392,0.00126,0.000982,-0.0,-0.0,-0.0,0.277706,-0.205537,0.0509,0.387302,0.807891,0.583441,0.083065,-0.579493,0.761179,0.291081,0.105585,-0.28404,0.952909,0.031926,0.012361,-0.037902,-0.285975,0.296828,0.307295,-0.974277,-0.009405,0.044255,0.010413,-0.731771,-0.672111,0.113031,0.676319,-0.695591,0.242374,-0.084279,0.253807,0.963575,0.015976,0.006157,-0.018985,-0.497228,0.43232,0.372007,-0.737218,0.081522,0.030511,-0.063141,-0.289156,0.376038,-0.880331,-0.724253,-0.687282,-0.055685,-0.625975,0.621481,0.471079,0.000223,0.000716,0.000557,0.000626,-0.014216,0.025348,0.176171
86,0.088723,0.011264,0.35743,-0.263978,0.3912,-0.881659,-0.802273,-0.596431,-0.024493,-0.53511,0.700378,0.472393,6e-06,1.8e-05,1.4e-05,-0.0,-0.0,-0.0,0.278584,-0.204775,0.05115,0.386452,0.81143,0.577848,0.087554,-0.57523,0.763482,0.293496,0.10173,-0.289252,0.95176,0.042894,0.019816,-0.048958,-0.140965,0.170474,0.294704,-0.996671,-0.009039,0.044375,0.010008,-0.735824,-0.666776,0.1182,0.672268,-0.698312,0.245793,-0.081348,0.260323,0.962088,0.021442,0.009653,-0.024623,-0.31065,0.30283,0.358091,-0.745219,0.081518,0.030515,-0.063138,-0.289178,0.37603,-0.880327,-0.724247,-0.687289,-0.055667,-0.625973,0.621477,0.471087,-4e-06,-1.7e-05,-1.3e-05,8e-06,-1.8e-05,3.3e-05,0.176825
87,0.088713,0.011266,0.357432,-0.266599,0.390941,-0.880986,-0.802336,-0.596445,-0.021937,-0.533712,0.70051,0.473776,0.0,0.0,0.0,-0.0,-0.0,-0.0,0.277365,-0.203243,0.051814,0.384542,0.821229,0.561337,0.10235,-0.562813,0.767789,0.306065,0.09219,-0.309668,0.946293,0.030774,0.028082,-0.057903,-0.236889,0.290769,0.353859,-1.045715,-0.008246,0.044715,0.009018,-0.746678,-0.651467,0.134393,0.661005,-0.704068,0.259537,-0.074458,0.282625,0.956335,0.015394,0.013813,-0.02908,-0.204829,0.261232,0.36007,-0.761222,0.081513,0.030515,-0.063138,-0.291764,0.375445,-0.879723,-0.724365,-0.687367,-0.053113,-0.624634,0.621745,0.472508,-0.0,-8e-06,-1e-05,9.3e-05,-0.000136,0.000198,0.177151
88,0.088681,0.011265,0.357431,-0.266691,0.39092,-0.880967,-0.802315,-0.596477,-0.02186,-0.533698,0.700495,0.473814,-0.01323,0.002693,0.001777,-0.000984,0.014715,-0.029553,0.276372,-0.201641,0.052826,0.382278,0.833629,0.540253,0.114807,-0.545466,0.773137,0.323511,0.084967,-0.332998,0.939018,0.042278,0.027029,-0.059121,-0.284598,0.302617,0.409799,-1.110335,-0.007462,0.045208,0.007907,-0.7605,-0.632282,0.147842,0.645508,-0.711469,0.277724,-0.070414,0.306643,0.949216,0.015172,0.018667,-0.033584,-0.319434,0.290647,0.595588,-0.751751,0.081502,0.030513,-0.063139,-0.291828,0.375422,-0.879712,-0.724347,-0.687389,-0.053058,-0.624624,0.621734,0.472536,0.0,-4e-06,-4e-06,-1.3e-05,4e-06,2e-05,0.177151
89,0.088634,0.011282,0.357443,-0.266932,0.39087,-0.880916,-0.802258,-0.59656,-0.021662,-0.533662,0.700452,0.473918,-0.013225,0.002709,0.00179,-0.000984,0.014715,-0.029553,0.275179,-0.199926,0.053977,0.379661,0.85203,0.508166,0.125713,-0.518069,0.784653,0.340379,0.073255,-0.355787,0.931618,0.041475,0.032259,-0.070234,-0.33586,0.455973,0.44017,-1.195436,-0.006623,0.045779,0.006629,-0.781354,-0.603377,0.159437,0.621007,-0.72635,0.294557,-0.061922,0.329165,0.942239,0.020748,0.015801,-0.035308,-0.102182,1.28638,0.262136,-0.75518,0.081478,0.030522,-0.063133,-0.292062,0.375342,-0.879668,-0.724286,-0.687469,-0.05286,-0.624585,0.621694,0.472639,-1e-06,-4e-06,-2e-06,-1.2e-05,5e-06,1.5e-05,0.175845
90,0.088612,0.011279,0.35744,-0.267,0.390855,-0.880902,-0.802243,-0.596583,-0.021605,-0.533652,0.700441,0.473947,-0.000419,-0.001348,-0.001051,-0.000517,0.014081,-0.02514,0.274799,-0.19908,0.054475,0.378339,0.863181,0.487113,0.132781,-0.500647,0.792471,0.348247,0.063324,-0.367696,0.927714,0.04173,0.018957,-0.062902,0.698594,2.682962,-0.299923,-1.233184,-0.006181,0.046041,0.005942,-0.794788,-0.584033,0.164971,0.60429,-0.736471,0.304044,-0.056076,0.341341,0.938265,0.020668,0.014464,-0.03593,-0.130751,0.222325,0.346995,-0.768407,0.081463,0.030525,-0.063132,-0.292151,0.375311,-0.879652,-0.724263,-0.687499,-0.052784,-0.624571,0.621679,0.472678,-0.00021,-0.000677,-0.000526,-0.000534,0.01408,-0.025132,0.175192
91,0.08858,0.011279,0.357439,-0.267235,0.390808,-0.880851,-0.802188,-0.596663,-0.021413,-0.533616,0.700398,0.474049,-0.000219,-0.000704,-0.000549,-0.0,-0.0,-0.0,0.270936,-0.19741,0.055194,0.375704,0.873227,0.464861,0.146182,-0.484705,0.798543,0.356823,0.048042,-0.383034,0.92241,0.040868,0.021829,-0.075304,-0.274884,0.319231,0.388883,-1.260698,-0.00533,0.046414,0.004604,-0.806715,-0.562021,0.182599,0.589584,-0.744561,0.313079,-0.040001,0.360223,0.932007,0.020442,0.010445,-0.037908,-0.317019,0.334586,0.392403,-0.759262,0.081447,0.030523,-0.063133,-0.29238,0.375235,-0.879608,-0.724204,-0.687576,-0.052592,-0.624533,0.621639,0.472781,-0.000145,-0.000468,-0.000363,-1.5e-05,-3e-06,1.5e-05,0.172416
92,0.088583,0.011293,0.357438,-0.267341,0.390783,-0.88083,-0.802149,-0.596719,-0.021336,-0.533622,0.700365,0.474092,2e-06,7e-06,6e-06,0.0,0.0,0.0,0.267115,-0.195529,0.055473,0.372798,0.892013,0.418921,0.16973,-0.451781,0.818564,0.354654,0.008515,-0.39357,0.919181,0.040884,0.000395,-0.072434,-0.042508,0.435589,0.20562,-1.344905,-0.004424,0.046554,0.003211,-0.829092,-0.51919,0.207477,0.559103,-0.767957,0.31248,-0.002903,0.375076,0.926988,0.020478,0.00023,-0.036221,0.901216,2.777572,-0.287429,-0.767753,0.081448,0.030529,-0.063135,-0.292482,0.375197,-0.879591,-0.72416,-0.687628,-0.052515,-0.624535,0.621605,0.472822,2e-06,3e-06,3e-06,-1.2e-05,-3e-06,6e-06,0.168007
93,0.088583,0.011293,0.357438,-0.267484,0.390756,-0.880799,-0.802115,-0.596768,-0.021221,-0.5336,0.700339,0.474156,0.0,0.0,0.0,0.0,0.0,0.0,0.266,-0.194666,0.055439,0.371408,0.90186,0.389394,0.187115,-0.431523,0.830339,0.352503,-0.01924,-0.399148,0.91661,0.0409,-0.001918,-0.073808,0.846552,2.620662,-0.710696,-1.393173,-0.003973,0.046537,0.002484,-0.841685,-0.491402,0.223807,0.53952,-0.78223,0.311501,0.021997,0.382934,0.923513,0.026255,-0.001917,-0.037825,-0.523131,0.448341,0.728254,-0.771836,0.081448,0.030529,-0.063135,-0.292622,0.375153,-0.879563,-0.724124,-0.687675,-0.0524,-0.624512,0.62158,0.472886,-1e-06,-1e-06,-1e-06,-1.5e-05,-1e-06,5e-06,0.166047
94,0.088574,0.011304,0.357432,-0.267634,0.390722,-0.880768,-0.802066,-0.596838,-0.021107,-0.533599,0.700298,0.474217,0.0,0.0,0.0,0.0,0.0,0.0,0.266644,-0.192889,0.055101,0.368505,0.909846,0.358305,0.209259,-0.412087,0.838298,0.356896,-0.048687,-0.411409,0.910075,0.052594,-0.008708,-0.078685,-0.354754,0.542963,0.497581,-1.403034,-0.00307,0.046367,0.001005,-0.851186,-0.461744,0.249548,0.522275,-0.792287,0.315448,0.052057,0.398838,0.915542,0.026308,-0.004811,-0.039608,-0.478704,0.619945,0.509542,-0.750445,0.081443,0.030534,-0.063138,-0.292768,0.3751,-0.879537,-0.724069,-0.687742,-0.052286,-0.624508,0.621538,0.472947,1e-06,-1e-06,-0.0,-1.5e-05,1.1e-05,9e-06,0.164904
95,0.088574,0.011312,0.357426,-0.270068,0.390492,-0.880127,-0.802147,-0.596809,-0.01871,-0.532246,0.700452,0.475508,0.0,0.0,0.0,-0.0,0.0,-0.0,0.267485,-0.191135,0.054558,0.365429,0.921172,0.316867,0.225895,-0.381182,0.850945,0.361284,-0.078902,-0.419315,0.904329,0.041123,-0.012783,-0.080755,1.12101,2.176054,5.373791,-1.404065,-0.002209,0.046096,-0.000505,-0.863748,-0.426706,0.268068,0.497772,-0.805331,0.321968,0.078497,0.411537,0.908006,0.020818,-0.012945,-0.036867,-0.158585,0.398506,0.289544,-0.747832,0.081444,0.030538,-0.063141,-0.295172,0.374567,-0.87896,-0.724207,-0.687774,-0.04989,-0.623214,0.621824,0.474276,-0.0,0.0,-0.0,8.1e-05,-0.000118,0.000192,0.165068
96,0.088567,0.01132,0.357433,-0.272663,0.390236,-0.87944,-0.802198,-0.596815,-0.016171,-0.530842,0.700589,0.476873,4e-06,1.2e-05,9e-06,-0.0,0.0,-0.0,0.270065,-0.189584,0.053802,0.36236,0.922962,0.281937,0.261999,-0.364047,0.860036,0.357408,-0.12572,-0.425614,0.896053,0.041996,-0.026733,-0.075074,0.572972,2.49416,-0.543687,-1.403934,-0.001433,0.045721,-0.002043,-0.870471,-0.388662,0.302028,0.476426,-0.819465,0.318582,0.123681,0.42121,0.89849,0.015119,-0.013577,-0.037249,0.064643,-0.024267,0.229968,-0.746362,0.08144,0.030542,-0.063137,-0.297736,0.373988,-0.878342,-0.724314,-0.687841,-0.047351,-0.621869,0.622098,0.47568,-0.0,0.0,-2e-06,0.000222,-0.000306,0.000455,0.166701
97,0.088577,0.011326,0.357425,-0.272623,0.390239,-0.879451,-0.802193,-0.59682,-0.016214,-0.530871,0.700583,0.476851,0.0,0.0,0.0,-0.0,0.0,-0.0,0.270719,-0.188864,0.053312,0.360829,0.923567,0.274023,0.268192,-0.359627,0.861299,0.35884,-0.133822,-0.428211,0.893639,0.042131,-0.029367,-0.077051,-0.080481,-0.042295,0.47753,-1.40419,-0.001057,0.045468,-0.002836,-0.871153,-0.379452,0.311621,0.472372,-0.820872,0.320987,0.134002,0.42683,0.894348,0.021094,-0.015001,-0.038723,-0.024562,-0.091647,0.47132,-0.742443,0.081445,0.030545,-0.063141,-0.297692,0.373997,-0.878353,-0.724307,-0.687845,-0.047398,-0.621898,0.622088,0.475654,-2e-06,-3e-06,-4e-06,9e-06,-5.6e-05,9.7e-05,0.16768
98,0.088606,0.01133,0.357402,-0.275273,0.389966,-0.878747,-0.802194,-0.596883,-0.01365,-0.529498,0.700681,0.47823,0.013224,-0.00271,-0.00179,-0.102207,0.113581,-0.156704,0.270141,-0.1875,0.052157,0.357577,0.924703,0.258984,0.279005,-0.3511,0.863128,0.362868,-0.147999,-0.433833,0.888678,0.029934,-0.022942,-0.088109,-0.021025,0.314601,0.185064,-1.404651,-0.000398,0.044912,-0.004399,-0.873342,-0.36573,0.321736,0.464637,-0.823771,0.324827,0.146238,0.433176,0.889366,0.015292,-0.017133,-0.040097,0.600111,2.52176,-0.878096,-0.738524,0.081455,0.030548,-0.063152,-0.300153,0.373426,-0.877758,-0.724346,-0.687966,-0.044989,-0.620668,0.622298,0.476985,1e-06,3e-06,1e-06,-0.381973,0.473459,-0.686951,0.168007
99,0.088607,0.011355,0.357371,-0.277672,0.389725,-0.878099,-0.802218,-0.596899,-0.011304,-0.528205,0.700802,0.479482,-6e-05,-0.000192,-0.000149,-0.0,0.0,-0.0,0.269177,-0.186299,0.050966,0.35441,0.92574,0.232206,0.298457,-0.334717,0.870134,0.361613,-0.17689,-0.434954,0.882829,0.030936,-0.034314,-0.081485,0.096839,0.937514,-0.236803,-1.404621,0.000225,0.04429,-0.006048,-0.876239,-0.339088,0.342379,0.448941,-0.832616,0.324347,0.175088,0.437914,0.881801,0.015507,-0.017295,-0.040838,0.105538,1.006862,-0.267165,-0.745219,0.08146,0.03056,-0.063168,-0.302707,0.372847,-0.877127,-0.724436,-0.688032,-0.042456,-0.619322,0.622571,0.478376,-3.7e-05,-0.000119,-9.3e-05,0.001946,-0.002428,0.003445,0.167517
100,0.088603,0.011404,0.357345,-0.280177,0.389457,-0.877421,-0.802196,-0.596971,-0.008879,-0.526912,0.70089,0.480773,0.000218,0.000701,0.000546,-0.030955,0.038495,-0.055874,0.267856,-0.185697,0.050354,0.352749,0.925579,0.219277,0.308565,-0.327976,0.87128,0.365016,-0.189967,-0.439332,0.877931,0.031124,-0.035129,-0.082644,-0.341122,0.328188,0.358353,-1.405228,0.000514,0.043997,-0.006847,-0.876715,-0.327164,0.352608,0.443048,-0.834682,0.327129,0.18729,0.443022,0.876728,0.015284,-0.012102,-0.045368,-0.49474,0.712484,0.206524,-0.746362,0.081458,0.030582,-0.063183,-0.305144,0.372275,-0.876525,-0.724459,-0.688151,-0.040065,-0.618098,0.622781,0.479684,0.000657,0.005845,-0.003958,-0.07709,0.119924,-0.185041,0.166374
101,0.088594,0.011521,0.357257,-0.282575,0.389156,-0.876786,-0.802063,-0.597179,-0.006622,-0.525832,0.700881,0.481969,0.001017,0.010738,-0.008655,0.03447,-0.01838,0.015675,0.260901,-0.184444,0.049148,0.349363,0.926291,0.183765,0.328948,-0.307113,0.873765,0.377028,-0.2193,-0.450496,0.865346,0.031594,-0.034075,-0.083371,-0.287022,0.232325,0.345086,-1.404644,0.00114,0.043389,-0.008543,-0.880285,-0.291514,0.374321,0.42314,-0.839239,0.341508,0.214591,0.459015,0.862122,0.021591,-0.011337,-0.045996,-0.298895,0.284236,0.408651,-0.741627,0.081453,0.030639,-0.063222,-0.307531,0.371674,-0.875946,-0.724365,-0.688379,-0.037774,-0.617023,0.622889,0.480926,1e-06,-2e-06,-3e-06,0.000912,-0.00117,0.001665,0.161149
102,0.088552,0.011693,0.357147,-0.292696,0.388067,-0.873944,-0.80186,-0.59748,0.003188,-0.520571,0.701229,0.487145,0.00102,0.010742,-0.00865,0.033631,-0.017354,0.014159,0.247015,-0.182831,0.048268,0.346039,0.924128,0.144651,0.353633,-0.285848,0.875674,0.389126,-0.254536,-0.460872,0.850101,0.056087,-0.013253,-0.088085,-0.506905,0.385463,0.555022,-1.404321,0.001937,0.042931,-0.010209,-0.881017,-0.253938,0.399152,0.403231,-0.844328,0.352864,0.24741,0.47183,0.846264,0.021967,-0.006724,-0.04368,-0.531158,0.598121,0.48737,-0.736238,0.081432,0.030725,-0.063277,-0.317577,0.369309,-0.873358,-0.72435,-0.688866,-0.027901,-0.611932,0.623757,0.486277,-1e-06,-5e-06,-3e-06,0.001562,-0.001924,0.002636,0.146616
103,0.088384,0.011949,0.356998,-0.299654,0.390222,-0.87062,-0.808066,-0.588899,0.014112,-0.506835,0.70726,0.492877,0.001382,0.011892,-0.00775,0.030916,0.079182,-0.157799,0.24193,-0.180636,0.04782,0.342614,0.918901,0.114549,0.377478,-0.272915,0.87534,0.399037,-0.285863,-0.469841,0.835102,0.069068,-0.007732,-0.086412,-0.493923,0.474013,0.288763,-1.404627,0.003008,0.04271,-0.011889,-0.877971,-0.223866,0.423142,0.390798,-0.845685,0.363447,0.276481,0.484459,0.829974,0.028058,0.001188,-0.047029,-0.086087,0.15086,0.253619,-0.734605,0.081352,0.030844,-0.063352,-0.324677,0.370609,-0.870191,-0.731862,-0.681238,-0.01707,-0.599134,0.631318,0.492417,3e-06,4e-06,5e-06,0.00076,0.09245,-0.16663,0.135349
104,0.088216,0.012162,0.356904,-0.30492,0.392677,-0.867682,-0.813958,-0.580432,0.0233,-0.49411,0.712872,0.49769,-0.011784,0.01473,-0.005862,-0.313279,0.523896,-0.806769,0.24561,-0.179448,0.04769,0.340984,0.917223,0.095351,0.386783,-0.261967,0.875639,0.405665,-0.301148,-0.473531,0.827611,0.06939,-0.006227,-0.085878,-0.430867,0.43493,0.260861,-1.404445,0.00365,0.04264,-0.012768,-0.877997,-0.20363,0.433192,0.379965,-0.846892,0.372019,0.291113,0.49123,0.820941,0.034744,-0.002979,-0.042889,-0.469519,0.446773,0.276717,-0.735095,0.081268,0.030956,-0.063401,-0.329427,0.372535,-0.867579,-0.73895,-0.673703,-0.0087,-0.587733,0.638232,0.497221,-0.005822,0.007576,-0.002765,-1.109141,1.522208,-2.246996,0.134206
105,0.087696,0.012946,0.356608,-0.31721,0.395643,-0.86191,-0.820359,-0.570423,0.040015,-0.475435,0.719275,0.506588,-0.010392,0.026517,-0.013683,0.060155,0.173519,-0.343943,0.260984,-0.1765,0.047487,0.337819,0.912022,0.077428,0.402757,-0.260438,0.867754,0.423213,-0.317865,-0.490971,0.811032,0.095621,-0.008698,-0.074965,-0.12207,0.997559,-0.215144,-1.404838,0.005088,0.042537,-0.014325,-0.874388,-0.185192,0.448494,0.378132,-0.83929,0.390649,0.304072,0.51117,0.803893,0.041663,-0.004233,-0.036979,0.254775,2.624549,-1.248428,-0.735422,0.081017,0.031337,-0.063545,-0.342567,0.373841,-0.86191,-0.747017,-0.664748,0.008577,-0.569748,0.646801,0.506986,-0.005047,0.013716,-0.006481,0.0546,0.154481,-0.306361,0.148902
106,0.0873,0.013919,0.356066,-0.317437,0.405686,-0.857145,-0.841471,-0.537228,0.0573,-0.43685,0.738946,0.512979,-0.011012,0.02443,-0.015288,-5.920922,1.528289,0.198544,0.271185,-0.172729,0.047439,0.33498,0.905656,0.062385,0.419389,-0.260911,0.861481,0.435556,-0.335255,-0.503965,0.795918,0.096323,0.001874,-0.068443,-0.524096,0.55103,0.200225,-1.405829,0.006937,0.04251,-0.015726,-0.868475,-0.171178,0.46524,0.379079,-0.834086,0.400746,0.319452,0.524401,0.789273,0.054405,0.001443,-0.034406,-0.051898,0.138555,0.165986,-0.741627,0.080807,0.031844,-0.063819,-0.344477,0.384761,-0.856325,-0.771211,-0.63611,0.024423,-0.53532,0.668821,0.515858,-0.005566,0.01199,-0.007772,-5.987936,1.296099,0.081682,0.165558
107,0.0871,0.014385,0.355735,-0.317092,0.411544,-0.854476,-0.854034,-0.515659,0.068507,-0.412038,0.750962,0.51605,-0.010366,0.033844,-0.024929,-1.178884,1.55012,-2.351167,0.278262,-0.170811,0.04745,0.333772,0.904669,0.058774,0.422033,-0.260143,0.860429,0.438087,-0.338512,-0.506186,0.793125,0.097469,-0.006444,-0.05905,-0.101214,0.276025,-0.054437,-1.405643,0.007932,0.042517,-0.016355,-0.867789,-0.165874,0.468431,0.377951,-0.832329,0.405438,0.322638,0.528879,0.784978,0.054542,0.00349,-0.033143,-0.033246,0.127073,0.152638,-0.74228,0.080711,0.032066,-0.063974,-0.342064,0.389364,-0.855211,-0.787744,-0.615002,0.035079,-0.512299,0.685687,0.517089,-0.00579,0.011266,-0.008375,-0.394052,0.128708,-0.119243,0.172579
108,0.086686,0.015299,0.35492,-0.331684,0.408279,-0.850493,-0.86657,-0.488165,0.103548,-0.372499,0.770849,0.516781,-0.012341,0.020114,-0.018617,-0.219134,-0.2826,-0.559507,0.311581,-0.16663,0.047483,0.331493,0.901825,0.05016,0.42917,-0.259487,0.856874,0.445386,-0.34653,-0.513087,0.785189,0.110444,0.000932,-0.055444,-0.391029,0.431548,0.157456,-1.406126,0.010059,0.042534,-0.017515,-0.865478,-0.158609,0.475172,0.37757,-0.829927,0.410682,0.329221,0.534848,0.778171,0.055256,0.000744,-0.027603,-0.328752,0.397979,0.132533,-0.742933,0.080505,0.032528,-0.064384,-0.358847,0.385331,-0.850146,-0.804226,-0.589937,0.072074,-0.47376,0.709573,0.52159,-0.005775,0.014962,-0.013973,-0.578534,-0.454302,-0.540599,0.203604
109,0.086211,0.016341,0.353988,-0.352972,0.404357,-0.843772,-0.872541,-0.467792,0.140766,-0.337359,0.785408,0.518989,-0.011034,0.031516,-0.026669,-1.404991,0.419438,0.011381,0.374297,-0.162349,0.047707,0.329559,0.898663,0.071304,0.432795,-0.280232,0.852215,0.44174,-0.338458,-0.518348,0.785255,0.11057,0.012009,-0.04797,-0.112387,-0.229748,-0.316012,-1.406551,0.012201,0.042641,-0.018485,-0.859811,-0.178117,0.478537,0.397155,-0.822314,0.407512,0.320923,0.540437,0.777775,0.055309,0.006438,-0.023757,-0.109982,-0.236019,-0.324486,-0.749628,0.080262,0.033052,-0.06486,-0.379989,0.376709,-0.844806,-0.812989,-0.571644,0.110775,-0.441199,0.728911,0.523479,-0.005514,0.015718,-0.013358,-1.38201,0.500722,0.060569,0.271697
110,0.085873,0.017407,0.353016,-0.365482,0.400245,-0.8404,-0.881891,-0.437744,0.174985,-0.297396,0.804597,0.51401,-0.011496,0.029975,-0.027832,-0.132721,0.128408,-0.775454,0.440055,-0.158187,0.048212,0.327762,0.902801,0.116104,0.41408,-0.312927,0.837611,0.447681,-0.295988,-0.533889,0.79197,0.098162,0.015686,-0.044614,-0.090398,-0.344629,-0.164065,-1.406681,0.014244,0.042893,-0.019364,-0.860029,-0.22275,0.459055,0.428253,-0.804231,0.412081,0.277395,0.550993,0.787056,0.049086,0.008265,-0.022076,-0.595094,-0.791126,-1.237237,-0.759916,0.080093,0.033588,-0.065344,-0.39176,0.371219,-0.841855,-0.826942,-0.543188,0.145299,-0.403348,0.753088,0.519776,-0.005746,0.014942,-0.01395,-0.092037,0.205995,-0.733956,0.361016
111,0.085769,0.017853,0.352496,-0.371124,0.401372,-0.837385,-0.887974,-0.417156,0.193532,-0.271188,0.814901,0.51227,-0.012303,0.027441,-0.029799,-0.422368,0.218468,-0.585986,0.458309,-0.156201,0.048705,0.326887,0.907129,0.129439,0.400441,-0.318221,0.833413,0.451767,-0.27639,-0.537402,0.796663,0.097804,0.023084,-0.039299,0.101817,-0.186628,0.27168,-1.406937,0.015202,0.043116,-0.019791,-0.863247,-0.236858,0.44576,0.434017,-0.799183,0.415854,0.257746,0.552452,0.792693,0.048938,0.011697,-0.019613,-0.119036,-0.915908,0.622564,-0.762202,0.080048,0.033799,-0.065581,-0.397114,0.371323,-0.839296,-0.83543,-0.524842,0.163083,-0.379941,0.765937,0.518636,0.000427,0.012275,-0.015782,-4.655082,1.005604,2.161194,0.39841
112,0.08571,0.018422,0.351503,-0.389457,0.393639,-0.832717,-0.886681,-0.404889,0.223234,-0.248807,0.824805,0.507759,-0.000861,0.012113,-0.024468,-0.050515,0.009569,-0.665782,0.463229,-0.152847,0.050069,0.325443,0.912148,0.155319,0.379281,-0.330276,0.826257,0.456236,-0.243662,-0.541616,0.804453,0.083266,0.04453,-0.038272,0.157078,-0.133953,0.249706,-1.407211,0.016952,0.04382,-0.020546,-0.866744,-0.262714,0.42395,0.445109,-0.790939,0.419872,0.225013,0.552626,0.802479,0.041641,0.022771,-0.018835,0.157226,-0.129028,0.248386,-0.769876,0.080012,0.034097,-0.0661,-0.414919,0.362067,-0.834714,-0.83672,-0.512215,0.193736,-0.357408,0.778807,0.515477,-0.000451,0.005945,-0.012322,-0.028709,0.04391,-0.648317,0.434497
113,0.085677,0.018902,0.350529,-0.408366,0.386652,-0.826912,-0.878489,-0.412571,0.240861,-0.247529,0.824311,0.509183,-0.000639,0.0128,-0.02393,0.05939,0.169574,-0.342119,0.453071,-0.150053,0.051635,0.324231,0.910484,0.193502,0.365467,-0.356632,0.814496,0.457541,-0.210277,-0.547163,0.810098,0.057551,0.048585,-0.032969,0.093504,-0.341708,0.317328,-1.407576,0.018328,0.044589,-0.021136,-0.861417,-0.300345,0.409575,0.470307,-0.776161,0.419981,0.191757,0.554406,0.809853,0.029467,0.018342,-0.013043,-0.110582,-0.906668,0.555068,-0.777224,0.079995,0.034328,-0.066581,-0.432796,0.352766,-0.829603,-0.828079,-0.519316,0.211176,-0.356331,0.778373,0.516877,-0.000304,0.006401,-0.011964,0.085481,0.214179,-0.318714,0.432375
114,0.085655,0.019195,0.35007,-0.414417,0.386769,-0.823841,-0.875696,-0.415966,0.245154,-0.247363,0.822549,0.512105,-0.000177,0.014225,-0.022802,0.063847,0.179902,-0.336045,0.446244,-0.148975,0.05247,0.323674,0.91147,0.201204,0.358791,-0.360283,0.811078,0.460741,-0.199446,-0.54947,0.811275,0.058602,0.038216,-0.02481,-0.13292,-0.111014,0.233153,-1.407505,0.018888,0.045028,-0.021425,-0.862024,-0.308236,0.402373,0.473632,-0.772563,0.422867,0.180516,0.555099,0.811959,0.029318,0.01935,-0.012274,-0.181021,-0.100495,0.256196,-0.775265,0.079983,0.034472,-0.066812,-0.43886,0.352479,-0.826534,-0.825002,-0.522549,0.215204,-0.35605,0.776338,0.520122,-1e-06,0.007332,-0.011225,0.068018,0.187289,-0.332073,0.425516
115,0.085657,0.01973,0.349268,-0.42038,0.386613,-0.820888,-0.872599,-0.420244,0.248875,-0.248239,0.820447,0.515046,0.000297,0.015684,-0.021639,0.06815,-0.023615,0.005716,0.438417,-0.147441,0.05416,0.322493,0.916814,0.209722,0.339794,-0.358791,0.805786,0.471075,-0.176155,-0.554065,0.813538,0.032346,0.045985,-0.032464,-0.359528,0.202111,0.427213,-1.407849,0.019642,0.045864,-0.021997,-0.867128,-0.318247,0.383154,0.472715,-0.768199,0.431751,0.156935,0.555507,0.816567,0.016921,0.016573,-0.013146,0.110771,-0.036427,0.12633,-0.780327,0.079984,0.034739,-0.067213,-0.445087,0.351604,-0.823571,-0.821391,-0.526608,0.219086,-0.356668,0.773987,0.523191,0.000279,0.008198,-0.010534,0.066077,0.078751,-0.164732,0.412453
116,0.085677,0.020235,0.34857,-0.418611,0.391128,-0.819652,-0.872827,-0.422595,0.244046,-0.250414,0.817088,0.519314,-0.000509,0.005812,-0.012426,0.153812,0.258296,0.147226,0.41511,-0.146714,0.055663,0.321253,0.919659,0.226195,0.32102,-0.364765,0.794408,0.485589,-0.146337,-0.563956,0.812652,0.007781,0.039711,-0.034721,-0.698996,-0.896651,-0.989984,-1.407816,0.020006,0.046613,-0.022602,-0.870984,-0.328141,0.365663,0.473733,-0.758205,0.447996,0.130242,0.563424,0.815836,0.00393,0.019731,-0.017473,-0.730416,-2.057,1.812844,-0.78294,0.079994,0.034998,-0.06757,-0.443972,0.355818,-0.822363,-0.821126,-0.528925,0.21445,-0.358664,0.770474,0.527,-0.000211,0.002993,-0.006145,0.187939,0.317881,0.179904,0.395634
