frame,MLTx,MLTy,MLTz,MLTR1,MLTR2,MLTR3,MLTR4,MLTR5,MLTR6,MLTR7,MLTR8,MLTR9,MLTTVx,MLTTVy,MLTTVz,MLTRVx,MLTRVy,MLTRVz,MLGA,MRTx,MRTy,MRTz,MRTR1,MRTR2,MRTR3,MRTR4,MRTR5,MRTR6,MRTR7,MRTR8,MRTR9,MRTTVx,MRTTVy,MRTTVz,MRTRVx,MRTRVy,MRTRVz,MRGA,SLTx,SLTy,SLTz,SLTR1,SLTR2,SLTR3,SLTR4,SLTR5,SLTR6,SLTR7,SLTR8,SLTR9,SLTTVx,SLTTVy,SLTTVz,SLTRVx,SLTRVy,SLTRVz,SLGA,SRTx,SRTy,SRTz,SRTR1,SRTR2,SRTR3,SRTR4,SRTR5,SRTR6,SRTR7,SRTR8,SRTR9,SRTTVx,SRTTVy,SRTTVz,SRTRVx,SRTRVy,SRTRVz,SRGA
76,0.086268,0.024906,0.394665,-0.672936,-0.011887,-0.739636,-0.238186,-0.943139,0.231793,-0.699502,0.332161,0.632766,-0.0005,-0.001587,-0.000919,-0.367885,0.115291,0.31473,0.3785,-0.148612,0.035082,0.353286,0.597708,-0.187461,0.779484,-0.050298,0.961524,0.269956,-0.800829,-0.200335,0.564271,-0.012385,-0.006966,-0.018987,0.030579,0.036423,-0.059263,-0.473991,0.020249,0.035788,-0.004455,-0.583335,0.143073,0.79953,0.083998,-0.968458,0.234587,0.807876,0.204002,0.552918,-0.00618,-0.0035,-0.009494,0.028768,0.032519,-0.054995,-0.554659,0.080351,0.036911,-0.043722,-0.633226,-0.077619,-0.770064,-0.074066,-0.984314,0.16012,-0.770414,0.158428,0.617545,-0.000333,-0.001041,-0.000607,-1.234833,0.39966,1.062768,0.318234
77,0.086276,0.024896,0.394602,-0.671164,-0.01039,-0.741266,-0.238696,-0.943625,0.229277,-0.701029,0.330828,0.631774,-0.000867,-0.002751,-0.001593,0.0,-0.0,0.0,0.378216,-0.148827,0.034962,0.352854,0.595587,-0.185143,0.781658,-0.050743,0.962391,0.266762,-0.802378,-0.19832,0.562781,-0.012213,-0.009357,-0.020599,0.03058,0.03643,-0.059258,-0.601213,0.020141,0.035729,-0.00467,-0.581092,0.140739,0.801575,0.08439,-0.969203,0.231349,0.80945,0.20208,0.551319,-0.006072,-0.004951,-0.010468,0.028491,0.031975,-0.054394,-0.646592,0.080356,0.036907,-0.043753,-0.631738,-0.075352,-0.77151,-0.074911,-0.984671,0.157511,-0.771554,0.1573,0.616409,-5.4e-05,0.003412,-0.005628,0.03189,-0.003014,-0.013317,0.317908
78,0.086278,0.024824,0.394457,-0.670971,-0.010218,-0.741443,-0.238696,-0.943706,0.228942,-0.701214,0.330601,0.631688,-0.001357,-0.004304,-0.002496,-0.000941,0.012565,-0.025919,0.376746,-0.149355,0.03478,0.351755,0.587513,-0.176519,0.789722,-0.052731,0.965424,0.255167,-0.808175,-0.191344,0.556869,-0.013171,-0.0022,-0.031427,0.067088,0.027574,-0.040333,-1.066142,0.019877,0.035632,-0.005217,-0.572552,0.132045,0.809164,0.086213,-0.971776,0.219585,0.815322,0.195485,0.545008,-0.006526,-0.001658,-0.016074,0.061858,0.035724,-0.05729,-0.795676,0.080357,0.036872,-0.043825,-0.631582,-0.07515,-0.771658,-0.074882,-0.984725,0.15719,-0.771684,0.157061,0.616307,-0.000548,-0.001749,-0.001015,0.000139,7e-06,-0.000185,0.316928
79,0.086229,0.024685,0.394274,-0.671057,-0.006382,-0.741409,-0.244025,-0.94235,0.228909,-0.699297,0.334535,0.63174,-0.00076,0.004764,-0.012458,0.034588,-0.017915,0.01594,0.37676,-0.149718,0.034715,0.350529,0.573966,-0.162455,0.802597,-0.056065,0.969962,0.236569,-0.81762,-0.180587,0.546579,-0.000756,0.000377,-0.030848,0.140204,0.174712,-0.185454,-1.291841,0.019691,0.035591,-0.005835,-0.558398,0.118026,0.821133,0.0892,-0.975546,0.200879,0.824763,0.185416,0.534215,-0.006629,-0.000563,-0.015393,0.311052,0.738359,-0.86734,-0.771182,0.080332,0.036797,-0.043914,-0.632375,-0.071415,-0.771363,-0.080376,-0.984318,0.157024,-0.770481,0.161297,0.616718,-0.001028,-0.003269,-0.001898,-0.000961,0.0119,-0.02631,0.316111
80,0.086082,0.024435,0.394003,-0.667311,0.008616,-0.74476,-0.261863,-0.938807,0.223699,-0.696433,0.344285,0.629663,-0.002147,0.000379,-0.015025,0.033732,-0.005452,-0.009856,0.373488,-0.149976,0.034935,0.34926,0.566507,-0.164588,0.807448,-0.056787,0.969659,0.237636,-0.822751,-0.180278,0.538928,-0.013437,0.000539,-0.029751,-0.089796,0.274918,0.127071,-1.298908,0.019567,0.035702,-0.00647,-0.551199,0.11978,0.825731,0.089895,-0.975356,0.201492,0.829516,0.185291,0.526848,-0.001019,0.006414,-0.019035,-0.142471,0.486908,0.060406,-0.771183,0.080266,0.03668,-0.044045,-0.631181,-0.055665,-0.773635,-0.098445,-0.983605,0.151091,-0.769362,0.171527,0.615353,-0.001598,-0.005075,-0.002955,0.003542,-0.072175,0.148678,0.315295
81,0.085978,0.024285,0.393802,-0.663258,0.019695,-0.748162,-0.274208,-0.936535,0.218366,-0.695559,0.349955,0.6275,-0.003159,-0.002812,-0.016902,-0.076063,0.03601,0.062472,0.370737,-0.150089,0.035161,0.34853,0.562121,-0.166954,0.810023,-0.056698,0.969263,0.239263,-0.825756,-0.180223,0.53433,-0.00212,0.01341,-0.037709,-0.168576,0.437063,0.302463,-1.307083,0.019507,0.035809,-0.006832,-0.547582,0.121299,0.827912,0.089718,-0.975221,0.202221,0.831927,0.185012,0.523131,-0.001035,0.006619,-0.018907,-0.194078,0.478899,0.331314,-0.772979,0.080209,0.036607,-0.044144,-0.629026,-0.043919,-0.776142,-0.110656,-0.983177,0.145315,-0.769468,0.177292,0.613584,-0.001933,-0.006126,-0.003576,-0.363577,0.030421,0.477516,0.312846
82,0.085619,0.023895,0.393255,-0.652516,0.033308,-0.757072,-0.2889,-0.934517,0.207816,-0.699768,0.354274,0.620356,-0.005627,-0.010551,-0.021503,0.03363,-0.075382,0.113131,0.361951,-0.150237,0.035981,0.346972,0.551519,-0.173154,0.815987,-0.061491,0.967051,0.246912,-0.832526,-0.186145,0.521645,-0.003553,0.027549,-0.04368,-0.044195,0.37408,0.046989,-1.395124,0.019433,0.036211,-0.007611,-0.535626,0.129289,0.834498,0.094924,-0.972728,0.211632,0.839103,0.19257,0.508746,-0.002387,0.019713,-0.02559,-0.01049,0.286134,0.252003,-0.775591,0.080033,0.03642,-0.044413,-0.620476,-0.028191,-0.783717,-0.125206,-0.982973,0.134486,-0.774165,0.181571,0.606382,-0.008834,-0.003443,-0.009588,0.0425,-0.045819,0.113076,0.304518
83,0.085027,0.02334,0.392403,-0.639112,0.049278,-0.767563,-0.30523,-0.932245,0.194231,-0.705195,0.358351,0.61181,-0.020377,-0.015099,-0.024185,0.018513,-0.089402,0.072059,0.355525,-0.15052,0.037476,0.345111,0.535953,-0.170952,0.826754,-0.096547,0.96038,0.26131,-0.839319,-0.219665,0.497146,-0.005099,0.043303,-0.048397,-0.17429,0.616116,0.276641,-1.40187,0.019293,0.036949,-0.008542,-0.520057,0.126778,0.84467,0.130177,-0.965605,0.225078,0.844153,0.22701,0.485666,-0.00941,0.026632,-0.028048,-0.252475,0.885845,0.168475,-0.772815,0.079742,0.036145,-0.044838,-0.609709,-0.009434,-0.792569,-0.14119,-0.982644,0.120312,-0.779948,0.185258,0.597795,-0.010278,-0.007873,-0.012273,0.034091,-0.153029,0.256861,0.292271
84,0.084222,0.022698,0.391274,-0.623802,0.054238,-0.779727,-0.316421,-0.929706,0.188407,-0.713927,0.364178,0.598089,-0.021322,-0.010511,-0.037047,-0.082374,-0.488255,0.148271,0.351643,-0.151021,0.039491,0.343206,0.511033,-0.170626,0.842451,-0.140998,0.950114,0.278097,-0.848492,-0.260694,0.460395,-0.005492,0.048856,-0.044376,-0.383863,1.046353,0.340185,-1.401953,0.019042,0.037953,-0.009497,-0.495509,0.125912,0.859427,0.174545,-0.95482,0.240523,0.850884,0.26919,0.451145,-0.009631,0.029967,-0.025628,-0.441938,1.244404,0.213096,-0.776571,0.079339,0.035819,-0.045399,-0.595682,-0.000748,-0.803219,-0.152248,-0.981765,0.113825,-0.788658,0.190092,0.584707,-0.01138,-0.011143,-0.01434,-0.168788,-0.527246,-0.097333,0.283943
85,0.083737,0.022351,0.39064,-0.616378,0.055097,-0.78555,-0.324364,-0.926753,0.189443,-0.716811,0.371499,0.590083,-0.023249,-0.023436,-0.02956,-0.235577,-0.654194,-0.008781,0.353284,-0.151294,0.04052,0.342361,0.500103,-0.171921,0.848724,-0.166508,0.942643,0.289195,-0.850365,-0.285736,0.441698,-0.018228,0.050928,-0.041779,-5.161203,-0.270361,-2.169288,-1.402037,0.01891,0.038466,-0.009921,-0.484135,0.129831,0.865307,0.194365,-0.948266,0.251024,0.853132,0.289715,0.433854,-0.009141,0.026152,-0.020403,-0.272022,1.064247,-0.113665,-0.779184,0.079097,0.03565,-0.045719,-0.589055,0.002483,-0.808088,-0.160484,-0.980436,0.113973,-0.791996,0.196822,0.577929,-0.017345,-0.005265,-0.018528,-0.227358,-0.601849,-0.216368,0.28378
86,0.08255,0.021684,0.389321,-0.600735,0.047139,-0.798085,-0.329183,-0.924291,0.193124,-0.727817,0.378669,0.571768,-0.022885,-0.01459,-0.039981,-0.273129,-0.824561,-0.067025,0.367761,-0.151673,0.042325,0.341169,0.476824,-0.179066,0.860561,-0.202459,0.930258,0.305881,-0.85589,-0.31986,0.406208,-0.003937,0.038391,-0.020201,-0.590568,1.280013,0.025285,-1.402377,0.018716,0.039368,-0.01053,-0.46171,0.134507,0.876773,0.235673,-0.934309,0.267439,0.855149,0.330111,0.39968,-0.001945,0.019118,-0.010141,-0.668656,0.796122,-0.434511,-0.770203,0.078501,0.035308,-0.046378,-0.571995,-0.001584,-0.820254,-0.16574,-0.979147,0.117468,-0.803337,0.20314,0.559805,-0.018182,-0.011076,-0.014487,-0.041802,-0.270874,0.136213,0.292108
87,0.08115,0.021014,0.387906,-0.582792,0.037495,-0.811784,-0.334456,-0.921472,0.197484,-0.739912,0.386546,0.550581,-0.03722,-0.023762,-0.030397,-0.358576,-0.908994,-0.170952,0.397327,-0.151639,0.043466,0.340941,0.448869,-0.192505,0.872611,-0.218351,0.923214,0.31612,-0.866998,-0.332195,0.371246,-0.000918,0.01256,0.008633,-0.288531,0.794674,-0.128196,-1.402542,0.018728,0.039943,-0.010657,-0.432904,0.14999,0.888873,0.251763,-0.926704,0.278988,0.865568,0.344561,0.363412,-0.000462,0.006427,0.004421,-0.398577,1.006192,0.018131,-0.765141,0.07782,0.03498,-0.047075,-0.552679,-0.006648,-0.833367,-0.17143,-0.977676,0.121489,-0.815572,0.210009,0.539201,-0.018207,-0.007173,-0.020043,-0.138217,-0.643932,0.168713,0.323296
88,0.080473,0.020724,0.387163,-0.574816,0.034845,-0.817568,-0.336934,-0.920546,0.197592,-0.745015,0.388998,0.541906,-0.036796,-0.014914,-0.040691,-0.12431,-0.621937,0.178691,0.407801,-0.15149,0.043645,0.34119,0.434868,-0.198276,0.878389,-0.223968,0.920914,0.318887,-0.872668,-0.33516,0.354939,0.012601,0.004061,0.01723,-0.301828,0.760023,-0.139012,-1.402653,0.018802,0.040045,-0.01053,-0.418562,0.155861,0.894713,0.257496,-0.924369,0.281488,0.870919,0.348205,0.346773,0.006245,0.002791,0.009138,-0.327663,0.716176,0.107834,-0.766284,0.077468,0.034828,-0.047457,-0.542559,-0.008857,-0.83997,-0.174352,-0.97698,0.122921,-0.821724,0.213143,0.528525,-0.018222,-0.007015,-0.020039,-0.186751,-0.664571,-0.031292,0.340605
89,0.079049,0.020237,0.385453,-0.553428,0.023904,-0.832581,-0.342568,-0.917659,0.201299,-0.758531,0.396586,0.517086,-0.037569,-0.016379,-0.042044,-0.228124,-0.765688,-0.082046,0.43072,-0.150937,0.04358,0.342076,0.418778,-0.198863,0.886042,-0.233043,0.919439,0.316634,-0.878127,-0.338839,0.337559,0.013802,-0.00737,0.024864,-0.104814,0.225441,-0.30194,-1.402425,0.019083,0.040023,-0.010074,-0.401875,0.156648,0.902195,0.266553,-0.922578,0.27892,0.876039,0.352574,0.329006,0.006885,-0.00359,0.012491,-0.073884,0.168607,-0.341832,-0.766774,0.076756,0.034584,-0.048312,-0.519541,-0.014173,-0.854327,-0.180478,-0.975482,0.125937,-0.835166,0.219617,0.504246,-0.018424,-0.003648,-0.025969,-0.314761,-1.030678,-0.22049,0.372937
90,0.077668,0.019873,0.383212,-0.526781,-0.002684,-0.850024,-0.326857,-0.922465,0.205412,-0.784019,0.386042,0.486121,-0.039199,-0.013102,-0.056277,0.103441,-1.259656,-0.339185,0.444031,-0.150344,0.043182,0.342953,0.403089,-0.189871,0.895243,-0.242502,0.921037,0.304658,-0.882876,-0.339668,0.324067,0.014138,-0.011802,0.021846,-0.082348,0.102099,-0.154426,-1.402412,0.019374,0.039834,-0.009639,-0.386057,0.147358,0.910629,0.275603,-0.923647,0.266305,0.880342,0.353781,0.315968,0.007066,-0.006023,0.010831,-0.09231,0.207141,-0.330523,-0.774448,0.076068,0.034407,-0.049423,-0.488842,-0.033604,-0.871724,-0.164575,-0.977762,0.129982,-0.856707,0.207004,0.472441,-0.01263,-0.00265,-0.033472,1.341518,-1.112927,-0.630238,0.39988
91,0.077062,0.019717,0.381988,-0.513172,-0.020563,-0.858066,-0.307703,-0.928851,0.206221,-0.800622,0.369877,0.471404,-0.026508,-0.008365,-0.069301,-0.119229,-0.770224,-0.073531,0.445027,-0.149988,0.042896,0.343404,0.39239,-0.185137,0.900969,-0.247826,0.921957,0.29751,-0.886199,-0.339795,0.314729,0.026654,-0.011713,0.020859,-0.225982,0.454616,0.04947,-1.402109,0.019547,0.039691,-0.009413,-0.376169,0.14117,0.915733,0.280567,-0.924569,0.257785,0.88305,0.353896,0.308187,0.007116,-0.006673,0.010392,-0.33692,0.827667,0.043757,-0.77951,0.07576,0.034328,-0.05003,-0.470403,-0.04975,-0.881047,-0.14442,-0.980607,0.132479,-0.870553,0.18956,0.454096,-0.019491,-0.002592,-0.033606,-0.154362,-0.998404,-0.013912,0.405921
92,0.075718,0.019402,0.379255,-0.479404,-0.07014,-0.874813,-0.241094,-0.947922,0.208062,-0.843256,0.31074,0.438619,-0.039674,0.001223,-0.079688,4.81196,-1.983727,-2.33428,0.44487,-0.149121,0.042357,0.344188,0.359313,-0.170734,0.917461,-0.261107,0.925395,0.274595,-0.896318,-0.338011,0.286751,0.025507,-0.001436,0.012371,-0.174879,1.006258,-0.487248,-1.402122,0.019991,0.039415,-0.009015,-0.341938,0.127526,0.931028,0.293533,-0.92668,0.234735,0.892701,0.353553,0.279435,0.01275,-0.000801,0.006114,-0.23893,1.191289,-0.431728,-0.781633,0.075093,0.034166,-0.051393,-0.428672,-0.088847,-0.89908,-0.081231,-0.987331,0.136298,-0.8998,0.13146,0.416024,-0.014158,-0.006563,-0.036541,-0.018827,-0.980727,-0.008303,0.411473
93,0.074404,0.019067,0.376264,-0.439832,-0.117819,-0.890343,-0.166641,-0.963435,0.209753,-0.881958,0.240765,0.405227,-0.0283,-0.004753,-0.084404,4.9311,-1.94446,-2.123405,0.450586,-0.148073,0.041965,0.344776,0.304226,-0.147338,0.941132,-0.302642,0.921766,0.242258,-0.903548,-0.358346,0.234631,0.02594,-0.006558,0.008905,-0.290434,1.395774,-0.719587,-1.401877,0.020504,0.039228,-0.00872,-0.286212,0.105864,0.952299,0.333962,-0.920532,0.202705,0.898081,0.376049,0.228113,0.007368,-0.009562,0.00845,-0.323294,2.7759,-2.1555,-0.770366,0.07443,0.033998,-0.052889,-0.380543,-0.128215,-0.915831,-0.005269,-0.990025,0.140792,-0.924748,0.058403,0.376071,-0.020957,-0.005843,-0.036535,0.03742,-0.859446,0.016356,0.416372
94,0.073202,0.018616,0.373221,-0.394819,-0.160227,-0.904705,-0.096464,-0.972004,0.214184,-0.913208,0.172028,0.369438,-0.029815,-0.015359,-0.07642,1.462111,-0.997466,-0.665661,0.462896,-0.147214,0.041354,0.345153,0.233433,-0.145354,0.961443,-0.342615,0.912995,0.221334,-0.910225,-0.380892,0.162096,0.026515,-0.012786,0.004697,-0.909715,1.762586,-0.986907,-1.401965,0.020933,0.038927,-0.008529,-0.214913,0.106215,0.97084,0.372653,-0.909938,0.182046,0.902741,0.400911,0.155976,0.007022,-0.006808,0.002584,-2.124469,2.940128,-2.764854,-0.768896,0.073828,0.033773,-0.054416,-0.326938,-0.162849,-0.930908,0.069158,-0.986522,0.148289,-0.942511,-0.015899,0.333794,-0.014867,-0.007467,-0.038179,4.976241,-1.972122,-1.918218,0.429925
95,0.072723,0.018326,0.371699,-0.368826,-0.176892,-0.912536,-0.076409,-0.972631,0.219366,-0.925911,0.150848,0.346354,-0.017161,-0.018613,-0.078941,-0.293552,-1.420268,-0.199129,0.466672,-0.146832,0.041044,0.345273,0.198174,-0.148271,0.968883,-0.364826,0.906248,0.213425,-0.909909,-0.395585,0.124267,0.026546,-0.01283,0.004664,-0.475768,1.599252,-0.297923,-1.402045,0.021125,0.038767,-0.008472,-0.179209,0.10916,0.977736,0.395045,-0.902199,0.173134,0.901012,0.417277,0.118559,0.007076,-0.007561,0.002081,-0.624393,2.029027,-0.304551,-0.76906,0.073584,0.033628,-0.055176,-0.300892,-0.173383,-0.937763,0.091219,-0.984057,0.152674,-0.949285,-0.039604,0.311911,-0.014815,-0.007439,-0.038218,-0.158875,-0.957219,-0.21884,0.437436
96,0.072031,0.017537,0.368755,-0.325533,-0.189895,-0.92629,-0.064787,-0.972843,0.22215,-0.94292,0.132559,0.305545,-0.005085,-0.030788,-0.07189,-0.148696,-0.982902,0.045548,0.461517,-0.146104,0.040753,0.345271,0.119686,-0.140649,0.982794,-0.461057,0.868761,0.180595,-0.879329,-0.474562,0.037883,0.025327,-0.001922,-0.003448,-2.123501,1.785648,-0.789384,-1.402301,0.02149,0.038613,-0.008473,-0.100831,0.102938,0.989563,0.487856,-0.861729,0.13935,0.86708,0.496816,0.036671,0.01217,0.004115,-0.006132,-5.909895,0.895289,-1.649791,-0.765794,0.073233,0.033235,-0.056652,-0.253324,-0.178536,-0.950763,0.102009,-0.982272,0.157273,-0.961987,-0.057145,0.267045,-0.00879,-0.013427,-0.034632,-0.218291,-1.175517,-0.050178,0.442662
97,0.071872,0.016316,0.366056,-0.276368,-0.167881,-0.946299,-0.085857,-0.976373,0.198235,-0.956881,0.136235,0.256605,0.007381,-0.042565,-0.06454,0.193913,-2.397177,2.625267,0.446728,-0.145142,0.040898,0.344866,0.041901,-0.122933,0.991526,-0.604622,0.786881,0.123227,-0.795378,-0.604501,-0.042613,0.024262,0.006962,-0.012938,-6.378355,0.940576,-0.976542,-1.402031,0.021971,0.038682,-0.008673,-0.021452,0.088442,0.995849,0.624704,-0.776499,0.082418,0.780566,0.62388,-0.038593,0.012111,0.003602,-0.006388,-2.536583,1.911651,-1.561136,-0.769223,0.073151,0.032612,-0.05803,-0.208483,-0.147128,-0.966896,0.082631,-0.987734,0.132482,-0.974528,-0.052275,0.218083,0.003825,-0.02121,-0.032184,0.178457,-2.441024,2.577054,0.425026
98,0.072003,0.015603,0.364779,-0.258712,-0.146894,-0.954744,-0.1131,-0.976962,0.180904,-0.959005,0.15496,0.237329,0.008483,-0.039776,-0.06289,-0.145497,-0.998387,0.384833,0.44381,-0.144614,0.041054,0.34461,-0.00712,-0.115463,0.993282,-0.68201,0.726939,0.079729,-0.731217,-0.676705,-0.085179,0.024236,0.007283,-0.012726,-6.614902,2.326334,-3.060105,-1.40194,0.022235,0.038758,-0.008802,0.025227,0.083442,0.996192,0.699811,-0.713091,0.042007,0.713881,0.696087,-0.076383,0.012076,0.003976,-0.006135,-2.403244,1.346432,-1.393964,-0.768406,0.073212,0.032267,-0.058647,-0.195779,-0.121836,-0.973049,0.056692,-0.991998,0.112802,-0.979007,-0.033079,0.20112,0.010803,-0.021435,-0.032396,-0.041234,-0.480158,0.916514,0.418658
99,0.072639,0.013912,0.362541,-0.226902,-0.088244,-0.969935,-0.178919,-0.975154,0.13052,-0.957076,0.203259,0.206685,0.022859,-0.047253,-0.052094,-5.210809,-0.263036,2.876796,0.42921,-0.143601,0.041435,0.344242,-0.112491,-0.121356,0.98621,-0.801925,0.597102,-0.01788,-0.586522,-0.792709,-0.16573,0.02371,0.012642,-0.009078,-6.133938,1.49444,-0.918704,-1.401538,0.022743,0.038938,-0.008992,0.132373,0.091353,0.98698,0.814948,-0.576829,-0.05591,0.564212,0.81174,-0.150805,0.011841,0.006416,-0.004487,-1.971244,1.323069,-1.632392,-0.767264,0.073523,0.031419,-0.059774,-0.172774,-0.060548,-0.983098,-0.001211,-0.998094,0.061685,-0.98496,0.011848,0.172371,0.0115,-0.023758,-0.026114,0.372983,-1.825144,3.215071,0.401676
100,0.073688,0.012037,0.360677,-0.20128,-0.040615,-0.978715,-0.248455,-0.964339,0.091062,-0.947267,0.26154,0.185231,0.011373,-0.047759,-0.036548,-1.652888,-0.18898,0.944871,0.407782,-0.142579,0.041805,0.343795,-0.198775,-0.138607,0.97019,-0.862928,0.493993,-0.106106,-0.464278,-0.858101,-0.219021,0.036882,0.006794,-0.014173,-1.770763,1.208747,-1.453615,-1.401299,0.023247,0.039141,-0.009203,0.216929,0.110889,0.969868,0.873786,-0.465032,-0.142269,0.435244,0.87832,-0.197773,0.012226,0.00233,-0.007192,-5.626933,1.736516,-0.799827,-0.76661,0.074041,0.030494,-0.060696,-0.156104,-0.008123,-0.987706,-0.070012,-0.997359,0.019267,-0.985255,0.072159,0.155123,0.012347,-0.025311,-0.019159,-0.473971,-0.30989,0.749791,0.376529
101,0.074054,0.011241,0.359982,-0.196138,-0.021466,-0.980364,-0.272836,-0.959076,0.075531,-0.941628,0.282314,0.183476,0.026408,-0.046066,-0.03497,0.026316,0.005426,0.670891,0.40416,-0.141933,0.041829,0.343404,-0.224519,-0.139686,0.964402,-0.879111,0.455977,-0.138499,-0.420085,-0.878715,-0.226387,0.037887,-0.002656,-0.020677,-0.632245,0.484638,-1.818742,-1.39898,0.023568,0.039169,-0.009387,0.241976,0.115139,0.963426,0.888934,-0.424285,-0.17256,0.388899,0.898178,-0.205018,0.018989,-0.001708,-0.010618,-1.763205,0.486885,-1.462419,-0.764324,0.074228,0.030078,-0.061064,-0.153772,0.013159,-0.988018,-0.100617,-0.994921,0.002409,-0.982969,0.099782,0.154315,0.007352,-0.015846,-0.020616,-0.016526,0.061794,0.929915,0.365752
102,0.074761,0.009784,0.3588,-0.191585,0.013617,-0.981405,-0.325548,-0.944167,0.050397,-0.925691,0.329127,0.186544,0.017107,-0.032563,-0.02505,-0.405575,0.228586,0.667356,0.415561,-0.140371,0.041319,0.342238,-0.261982,-0.127746,0.956576,-0.889027,0.417579,-0.187596,-0.375122,-0.899386,-0.224168,0.052568,-0.019839,-0.033888,-0.068186,-1.610532,0.880079,-1.400785,0.024342,0.03893,-0.009958,0.282835,0.104651,0.953442,0.895913,-0.383828,-0.22364,0.342554,0.917454,-0.202318,0.026368,-0.010663,-0.017486,-0.626374,-0.085707,-1.391008,-0.766121,0.074577,0.029353,-0.061652,-0.155386,0.047894,-0.986691,-0.152532,-0.988008,-0.023937,-0.976006,0.146783,0.160828,0.008312,-0.016754,-0.013047,-5.293026,0.682024,1.915624,0.365262
103,0.075415,0.008808,0.358038,-0.193139,0.046113,-0.980111,-0.386901,-0.921521,0.032831,-0.901445,0.385484,0.197044,0.021182,-0.021418,-0.016241,-0.468408,0.23784,0.496712,0.423047,-0.138218,0.040628,0.340636,-0.289828,-0.104155,0.95139,-0.895438,0.380472,-0.231009,-0.337523,-0.918709,-0.204729,0.064727,-0.012587,-0.046127,-0.145826,-0.638593,-1.011126,-1.401326,0.025415,0.038568,-0.010763,0.309016,0.081426,0.947564,0.900666,-0.345058,-0.26407,0.305462,0.935042,-0.179966,0.03175,-0.001513,-0.027598,-0.105908,-0.722112,-1.075951,-0.781633,0.074908,0.028846,-0.062049,-0.163584,0.080901,-0.983206,-0.217459,-0.975074,-0.044052,-0.962263,0.206601,0.177099,0.003967,-0.009142,-0.007119,-1.713635,0.377254,0.726203,0.377999
104,0.07593,0.008356,0.357657,-0.19624,0.096485,-0.975821,-0.49283,-0.870012,0.013032,-0.847481,0.483346,0.219497,0.011918,-0.007024,-0.005165,-1.613703,0.780082,1.07639,0.431436,-0.135617,0.040601,0.338478,-0.322217,-0.083382,0.942982,-0.904455,0.321248,-0.280525,-0.279107,-0.943145,-0.18011,0.07497,0.01049,-0.063021,-1.689505,-0.191085,-0.969481,-1.401368,0.026712,0.038538,-0.011841,0.341825,0.061304,0.937761,0.906242,-0.285641,-0.311663,0.248757,0.956373,-0.153196,0.037442,0.005024,-0.03147,-5.322204,1.03234,-0.751371,-0.801065,0.075174,0.028611,-0.062245,-0.174524,0.128611,-0.976217,-0.330383,-0.941607,-0.064987,-0.92757,0.311184,0.206824,0.00619,-0.002913,-0.002088,-1.631512,0.703819,1.028352,0.385837
105,0.076117,0.008361,0.357603,-0.196677,0.118438,-0.973312,-0.52835,-0.849003,0.003398,-0.825705,0.514767,0.230769,0.001723,0.012268,-0.007437,-1.466917,0.689669,0.784763,0.444065,-0.134088,0.040837,0.337153,-0.340505,-0.076971,0.937082,-0.908494,0.283756,-0.306687,-0.241841,-0.955639,-0.167724,0.073885,0.020351,-0.072071,-0.22575,-0.675422,-0.994182,-1.401093,0.027448,0.038649,-0.012476,0.359828,0.056496,0.931306,0.909041,-0.246061,-0.336299,0.210159,0.967605,-0.139898,0.036964,0.010053,-0.036151,-1.765811,-0.462403,-1.178473,-0.801555,0.075266,0.028609,-0.06227,-0.179429,0.150068,-0.972257,-0.367587,-0.92694,-0.075235,-0.912515,0.34389,0.221483,0.00713,-7.1e-05,0.000148,-5.233551,0.840346,2.03206,0.39694
106,0.076421,0.008798,0.357599,-0.179563,0.168623,-0.96921,-0.620262,-0.784081,-0.021554,-0.763358,0.597081,0.24659,0.004291,0.01959,-0.001532,-1.600794,0.078352,1.072657,0.451611,-0.131273,0.041637,0.334473,-0.367222,-0.065325,0.927832,-0.913612,0.212561,-0.346505,-0.174099,-0.974812,-0.138904,0.073511,0.025691,-0.068632,-1.676445,-0.262902,-0.81226,-1.401129,0.028885,0.039037,-0.013851,0.386807,0.045257,0.921048,0.910835,-0.174799,-0.373929,0.144075,0.983563,-0.108835,0.03673,0.01222,-0.034536,-5.309954,0.938817,-0.388165,-0.803351,0.07542,0.028831,-0.062269,-0.172893,0.20313,-0.963766,-0.46849,-0.877682,-0.100942,-0.866385,0.434062,0.24691,0.001662,0.004843,0.003878,-5.559808,-0.311865,2.664696,0.419474
107,0.076825,0.009751,0.357541,-0.129785,0.210891,-0.968879,-0.672894,-0.736381,-0.070203,-0.728115,0.642577,0.238685,0.007699,0.036726,-0.005091,0.097341,-0.185797,0.55644,0.436011,-0.128589,0.042702,0.331609,-0.384027,-0.040656,0.922422,-0.916144,0.141214,-0.375065,-0.114503,-0.989026,-0.092635,0.061654,0.020643,-0.071541,-0.873568,-1.616404,-0.731794,-1.396209,0.03023,0.03958,-0.015275,0.403503,0.024087,0.91466,0.911158,-0.101823,-0.399277,0.083516,0.99451,-0.063033,0.036306,0.016952,-0.039531,-2.074317,-1.876511,1.282227,-0.802045,0.075621,0.029302,-0.062295,-0.131111,0.254002,-0.958275,-0.528458,-0.835742,-0.14922,-0.838773,0.486844,0.243804,0.010556,0.017011,-0.003386,0.113807,-0.260494,0.517964,0.414902
108,0.07717,0.010425,0.357453,-0.102224,0.22269,-0.969538,-0.671082,-0.734847,-0.098083,-0.734185,0.640334,0.225769,0.023128,0.047343,-0.0134,0.133004,-0.309738,0.549388,0.420722,-0.127361,0.043288,0.330185,-0.392187,-0.019054,0.919684,-0.915918,0.101008,-0.388364,-0.084979,-0.994611,-0.058222,0.059438,0.036772,-0.075716,-0.89937,-1.637833,-0.71682,-1.393026,0.030868,0.039872,-0.01602,0.413185,0.00016,0.910646,0.909009,-0.060015,-0.412431,0.054586,0.998197,-0.024943,0.02974,0.018513,-0.037851,-0.881508,-1.610251,-0.613586,-0.804984,0.075788,0.029636,-0.062336,-0.105923,0.270077,-0.956994,-0.525791,-0.832073,-0.176626,-0.843992,0.48447,0.23014,0.01116,0.018809,-0.001967,0.149556,-0.524478,0.814336,0.403472
109,0.078088,0.012271,0.35712,-0.058663,0.235938,-0.970019,-0.689614,-0.712107,-0.131555,-0.721732,0.660926,0.205688,0.024312,0.051122,-0.010487,-5.249619,-1.036516,1.634536,0.377925,-0.125399,0.044806,0.327374,-0.417327,0.041767,0.907791,-0.908588,0.001027,-0.417614,-0.01783,-0.999111,0.036377,0.045874,0.041521,-0.070946,-1.398805,-2.916964,0.259831,-1.376124,0.031832,0.040613,-0.017401,0.440487,-0.057247,0.895931,0.897695,0.039984,-0.438799,-0.010703,0.997559,0.069003,0.022941,0.021178,-0.035246,-1.00742,-1.529422,-1.687933,-0.801228,0.076249,0.030563,-0.062498,-0.066604,0.289565,-0.954838,-0.541895,-0.814028,-0.209063,-0.837802,0.503497,0.211131,0.012102,0.025372,-0.005403,0.108953,-0.289547,0.457668,0.353015
110,0.078786,0.014279,0.356584,-0.020187,0.243764,-0.969648,-0.727151,-0.669158,-0.153138,-0.68616,0.701684,0.191968,0.009081,0.048384,-0.013153,-1.505081,-0.438756,0.58793,0.32674,-0.123656,0.046379,0.324573,-0.449469,0.08958,0.888788,-0.891114,-0.114786,-0.438946,0.063283,-0.989384,0.130297,0.048153,0.026875,-0.066174,-0.858353,-1.355386,-1.155279,-1.305487,0.0327,0.041417,-0.018795,0.472921,-0.106606,0.874631,0.876636,0.156768,-0.454898,-0.08862,0.981864,0.167594,0.017011,0.017994,-0.037061,-1.99988,-0.946216,-1.47552,-0.772979,0.076608,0.031582,-0.062755,-0.029183,0.304516,-0.952059,-0.589235,-0.774621,-0.229701,-0.807434,0.554284,0.202037,0.004358,0.023674,-0.007015,-5.257528,-1.042002,1.33371,0.291945
111,0.078791,0.01583,0.355864,0.002805,0.247123,-0.969003,-0.773866,-0.613131,-0.158661,-0.633346,0.750015,0.190726,-0.009135,0.036517,-0.02288,-0.393383,-0.121881,0.114892,0.302693,-0.122061,0.047438,0.321693,-0.468487,0.123772,0.874753,-0.876203,-0.192023,-0.441962,0.113876,-0.973636,0.197304,0.03665,0.019141,-0.071203,-0.549674,-1.741899,0.234949,-1.255744,0.033516,0.041961,-0.020257,0.492696,-0.13915,0.859003,0.859311,0.233472,-0.455053,-0.137232,0.962355,0.234604,0.01842,0.009339,-0.035847,-0.521909,-1.623225,0.401784,-0.731993,0.076619,0.03239,-0.063108,-0.006613,0.312159,-0.950006,-0.646244,-0.726317,-0.23416,-0.763102,0.612388,0.206534,-0.004766,0.017638,-0.01193,-0.392556,-0.136794,0.104423,0.23414
112,0.07855,0.016363,0.355405,0.011092,0.251831,-0.967731,-0.797329,-0.581765,-0.160585,-0.603454,0.773067,0.195543,-0.011604,0.02931,-0.028521,-0.374126,-0.014493,0.142755,0.302991,-0.121358,0.047911,0.320233,-0.469308,0.134445,0.872735,-0.872841,-0.220519,-0.435263,0.134541,-0.966167,0.219736,0.036719,0.019218,-0.071359,-4.794233,1.443346,-1.095588,-1.25062,0.033868,0.042195,-0.02099,0.494295,-0.151655,0.855963,0.855347,0.260525,-0.44778,-0.155092,0.953481,0.258494,0.018309,0.009396,-0.035699,-4.745215,1.53093,-1.064135,-0.730197,0.076504,0.032649,-0.063325,0.000534,0.318443,-0.947941,-0.674702,-0.69955,-0.235381,-0.738089,0.639704,0.214481,-0.005929,0.014242,-0.014581,-1.512479,-0.112387,0.183848,0.225812
113,0.077729,0.017231,0.354146,0.023824,0.263164,-0.96448,-0.837488,-0.521537,-0.163047,-0.545958,0.811298,0.209171,-0.028752,0.020673,-0.035775,-0.375842,0.128699,0.165951,0.296288,-0.120092,0.048709,0.317373,-0.475412,0.167951,0.863578,-0.864115,-0.273576,-0.422369,0.165929,-0.947208,0.274095,0.036912,0.019064,-0.071944,-4.826062,0.897706,-1.420315,-1.228006,0.034502,0.042591,-0.022422,0.500216,-0.18379,0.84617,0.845963,0.312219,-0.432279,-0.184742,0.932062,0.311656,0.018402,0.009437,-0.035946,-4.832717,0.82627,-1.482965,-0.734279,0.076099,0.033084,-0.063954,0.011035,0.331671,-0.94333,-0.724875,-0.647183,-0.236026,-0.688791,0.686401,0.233279,-0.014594,0.009645,-0.018421,-1.533766,-0.050193,0.416874,0.213892
114,0.076474,0.01785,0.352497,0.03579,0.282287,-0.958686,-0.876101,-0.452605,-0.166032,-0.480828,0.845497,0.232306,-0.045858,0.012609,-0.042795,-5.190252,-0.365597,1.680725,0.303414,-0.118813,0.049446,0.31472,-0.48965,0.202676,0.848031,-0.852353,-0.316256,-0.416426,0.184425,-0.926946,0.32653,0.024961,0.012369,-0.059687,-0.812153,-1.386985,0.575765,-1.228192,0.035144,0.042948,-0.023758,0.516081,-0.217163,0.828552,0.832259,0.355819,-0.425131,-0.202492,0.908973,0.364367,0.012475,0.006447,-0.029674,-0.855137,-1.402355,0.656057,-0.747995,0.075478,0.033396,-0.064776,0.017876,0.350333,-0.936454,-0.771871,-0.590497,-0.235643,-0.635527,0.727034,0.259856,-0.01636,0.00472,-0.022402,0.028776,0.621925,0.311183,0.212259
115,0.075848,0.018019,0.351521,0.041426,0.289188,-0.956399,-0.88818,-0.427708,-0.167853,-0.45766,0.856049,0.240323,-0.034457,0.004975,-0.04856,-1.467656,-0.008508,0.426889,0.310327,-0.118413,0.049869,0.313536,-0.492314,0.222683,0.841445,-0.848662,-0.337683,-0.407034,0.194135,-0.914738,0.35416,0.022128,0.029587,-0.062256,-1.469202,-2.347223,2.172692,-1.228232,0.035336,0.043143,-0.024331,0.520311,-0.234073,0.82127,0.827452,0.376008,-0.41706,-0.211182,0.896563,0.389325,0.005767,0.007538,-0.028044,-0.382869,-1.280166,-0.048842,-0.755507,0.07516,0.033482,-0.065263,0.023125,0.360158,-0.932604,-0.790512,-0.564481,-0.237596,-0.612009,0.742729,0.271656,-0.010828,0.000342,-0.02566,-5.145592,-0.811147,1.545712,0.218464
116,0.07495,0.018286,0.349233,0.045606,0.303825,-0.951659,-0.911835,-0.376379,-0.163916,-0.408051,0.874854,0.261058,-0.021215,0.0099,-0.061636,-0.826185,1.620989,-1.875271,0.309602,-0.117883,0.050429,0.31149,-0.507461,0.254634,0.823187,-0.837822,-0.369126,-0.402162,0.202107,-0.894053,0.399607,0.012833,0.006189,-0.046906,-1.349931,-0.937325,-0.656613,-1.230282,0.035604,0.043439,-0.025354,0.532624,-0.26667,0.803242,0.818016,0.40572,-0.407725,-0.217163,0.874229,0.434237,-7.9e-05,0.002547,-0.023031,-4.450144,0.885464,-1.750493,-0.763345,0.074694,0.033605,-0.066434,0.025768,0.373905,-0.927108,-0.82382,-0.517395,-0.231564,-0.566265,0.769737,0.294698,-0.010663,0.004683,-0.03102,-0.818356,1.657119,-1.836927,0.226138
117,0.074544,0.018791,0.346665,0.03811,0.312661,-0.949124,-0.930436,-0.33526,-0.147857,-0.364488,0.888346,0.279316,-0.007349,0.00896,-0.062158,-1.454812,-0.121443,0.425656,0.315445,-0.117586,0.050636,0.309969,-0.52308,0.288496,0.801966,-0.828011,-0.395077,-0.397801,0.202745,-0.872449,0.444512,0.012956,0.004107,-0.031959,-0.093058,-1.639321,-0.096891,-1.234187,0.035759,0.043538,-0.026138,0.549155,-0.299442,0.780231,0.807038,0.432501,-0.402034,-0.217065,0.850456,0.479172,0.006429,0.002458,-0.015655,-0.087235,-1.597423,-0.063885,-0.775755,0.07449,0.033847,-0.067701,0.015255,0.381657,-0.924177,-0.849292,-0.482859,-0.213425,-0.527703,0.788152,0.316772,-0.002992,0.009798,-0.035279,-5.135147,-0.750622,1.54191,0.229404
118,0.074315,0.019627,0.343842,0.028838,0.325628,-0.945082,-0.94324,-0.304014,-0.133585,-0.330861,0.894888,0.299555,-0.006035,0.020002,-0.070674,-0.699324,1.693161,-1.79285,0.323925,-0.117407,0.050614,0.309066,-0.541643,0.318883,0.777772,-0.816507,-0.419649,-0.396416,0.200675,-0.850141,0.486676,0.000837,-0.00283,-0.019402,0.043105,-1.401555,0.101606,-1.233928,0.035848,0.043529,-0.026582,0.56893,-0.328167,0.754072,0.794241,0.457087,-0.400315,-0.213306,0.826666,0.520694,0.007792,-0.006445,-0.006355,-0.057248,-1.604513,-0.201235,-0.772162,0.074375,0.034261,-0.069108,0.006856,0.390754,-0.920469,-0.868388,-0.454097,-0.19924,-0.495836,0.800691,0.336213,-0.002991,0.009928,-0.035391,0.207773,0.511374,0.576624,0.241324
119,0.074201,0.020085,0.342442,0.032722,0.330722,-0.943185,-0.949958,-0.28296,-0.132231,-0.310664,0.899903,0.306087,-0.006071,0.019957,-0.070835,-5.022974,-0.55289,2.033031,0.322682,-0.117285,0.050334,0.308817,-0.55261,0.33586,0.762766,-0.810979,-0.427833,-0.399006,0.193035,-0.839472,0.507825,0.00463,-0.026335,-0.005629,-0.058438,-1.537659,-0.322425,-1.235206,0.035907,0.043403,-0.026707,0.578832,-0.34389,0.739386,0.789147,0.464649,-0.401679,-0.205422,0.81599,0.540334,0.001273,-0.006709,-0.00578,-0.068396,-1.293773,0.101961,-0.770203,0.074318,0.03449,-0.069809,0.004991,0.397186,-0.917724,-0.876571,-0.439923,-0.195164,-0.481245,0.805425,0.345966,-0.002337,0.015397,-0.039602,0.238634,0.373708,0.271744,0.243937
120,0.07375,0.021092,0.339645,0.032844,0.345335,-0.937929,-0.959146,-0.252873,-0.126749,-0.280997,0.903346,0.324089,-0.018373,0.02565,-0.066896,0.073083,0.602207,0.081373,0.311655,-0.117052,0.049746,0.3086,-0.567897,0.362313,0.739063,-0.804046,-0.43639,-0.403742,0.176966,-0.823949,0.538195,0.003083,-0.018055,0.001469,0.081758,-0.93387,0.182188,-1.239037,0.036026,0.0431,-0.026824,0.596361,-0.370194,0.712255,0.780675,0.473974,-0.407301,-0.186811,0.798939,0.571661,0.000619,-0.003236,-0.002799,0.246654,-0.888986,0.027044,-0.776571,0.074096,0.034987,-0.071212,0.004594,0.410211,-0.911978,-0.893766,-0.407355,-0.187732,-0.448509,0.815958,0.364761,-0.009073,0.01299,-0.033305,-0.250108,0.923162,-0.371427,0.235446
121,0.072784,0.021889,0.337389,0.043596,0.364481,-0.930214,-0.970519,-0.205388,-0.126018,-0.237048,0.907833,0.345939,-0.019822,0.007324,-0.04756,-1.406567,0.345954,0.868111,0.310492,-0.11671,0.049418,0.30864,-0.584353,0.369098,0.722697,-0.792314,-0.452136,-0.409568,0.176335,-0.812368,0.555723,0.015145,-0.012061,0.004994,1.824628,0.772585,-1.294769,-1.2371,0.036191,0.04294,-0.0268,0.611672,-0.378023,0.694949,0.768981,0.490423,-0.410064,-0.185806,0.785228,0.590671,0.006599,3e-06,-0.000837,-0.314916,-0.278904,0.110288,-0.772652,0.073613,0.03539,-0.07235,0.010743,0.430942,-0.902315,-0.912764,-0.364273,-0.184843,-0.408346,0.825587,0.389434,-0.01581,0.010603,-0.026905,-4.956158,0.196051,2.156559,0.229078
122,0.072146,0.022203,0.336502,0.046813,0.376338,-0.925323,-0.975075,-0.183816,-0.124147,-0.216876,0.907606,0.359505,-0.031821,0.013878,-0.04271,-1.71951,0.780855,-0.016107,0.308468,-0.116504,0.049248,0.308701,-0.587427,0.372231,0.718586,-0.790794,-0.452841,-0.411721,0.172902,-0.810546,0.559449,0.013178,6e-05,-0.001603,0.043966,-0.342987,0.233357,-1.236262,0.036294,0.042854,-0.026764,0.615481,-0.378921,0.691086,0.766907,0.490139,-0.414264,-0.181755,0.784972,0.592269,0.007409,-0.005116,0.003279,0.011476,-0.309904,0.267957,-0.776898,0.073297,0.035542,-0.072798,0.012791,0.443628,-0.896119,-0.920999,-0.343737,-0.183315,-0.389353,0.82767,0.404184,-0.015786,0.007104,-0.02113,-6.029233,1.27426,0.1252,0.227771
123,0.070407,0.022722,0.335266,0.068455,0.402795,-0.912751,-0.985226,-0.116543,-0.125379,-0.15697,0.907351,0.390003,-0.044226,0.012255,-0.027284,-1.42952,0.606029,0.789094,0.303279,-0.116092,0.04882,0.309042,-0.587693,0.371352,0.718823,-0.792114,-0.44523,-0.417443,0.165777,-0.815154,0.554891,0.014478,-0.008418,0.008147,-0.034552,-0.007005,0.010177,-1.235619,0.036494,0.042651,-0.026602,0.615146,-0.377961,0.69191,0.768721,0.482447,-0.419894,-0.175107,0.790182,0.587323,0.00077,-0.004902,0.004297,-0.044155,0.004986,-0.008898,-0.779674,0.072432,0.035801,-0.073423,0.027959,0.471944,-0.881184,-0.943176,-0.279546,-0.179645,-0.331114,0.836135,0.437311,-0.029099,0.002957,-0.007814,-5.061587,0.354527,2.473308,0.220423
124,0.068045,0.023276,0.334762,0.098816,0.430206,-0.897331,-0.989372,-0.054002,-0.134901,-0.106623,0.900593,0.421415,-0.055365,0.013928,-0.008911,-0.311734,1.06049,0.53649,0.300492,-0.11546,0.048193,0.309598,-0.591138,0.365566,0.718963,-0.789641,-0.444119,-0.423272,0.165329,-0.818364,0.550281,0.015936,-0.017647,0.01727,-0.081802,0.10745,-0.146813,-1.234044,0.036816,0.042332,-0.026323,0.618231,-0.37237,0.692191,0.766328,0.481333,-0.42551,-0.174728,0.79351,0.582933,0.008019,-0.00912,0.008373,-0.060979,0.006906,-0.015717,-0.780327,0.071281,0.036071,-0.073686,0.052204,0.501531,-0.863562,-0.958209,-0.218396,-0.184764,-0.281263,0.837119,0.469171,-0.02764,0.006963,-0.004347,-4.872067,-0.015412,2.590183,0.215688
125,0.066902,0.023519,0.334707,0.117433,0.439114,-0.890749,-0.989914,-0.019559,-0.140208,-0.079143,0.897687,0.433498,-0.069127,0.008678,0.003423,-1.420818,0.510828,0.733476,0.29916,-0.115103,0.047802,0.309992,-0.593296,0.357792,0.721094,-0.787847,-0.442096,-0.428699,0.166168,-0.822875,0.543256,0.017716,-0.028566,0.024947,1.800087,1.412941,-1.462566,-1.233776,0.036994,0.042142,-0.026128,0.619338,-0.366464,0.694351,0.765024,0.480508,-0.428775,-0.176511,0.796753,0.577951,0.007767,-0.007798,0.009518,-0.101255,0.27432,-0.001286,-0.778857,0.070689,0.036199,-0.073716,0.069346,0.515675,-0.853972,-0.96456,-0.183799,-0.189315,-0.254584,0.836836,0.484654,-0.027023,0.008615,-0.002924,-4.826168,0.017232,2.512087,0.214218
126,0.064364,0.023928,0.334925,0.161222,0.453581,-0.876537,-0.98635,0.044516,-0.158444,-0.033056,0.889556,0.455658,-0.067292,0.013595,0.007626,-0.346149,0.729293,0.552438,0.291461,-0.114368,0.047047,0.311029,-0.596102,0.344861,0.72507,-0.785202,-0.439148,-0.43651,0.168641,-0.829932,0.531635,0.016311,-0.0212,0.031327,-0.102469,0.001572,0.036758,-1.231562,0.037363,0.041755,-0.025617,0.622491,-0.351438,0.699282,0.761861,0.476569,-0.438689,-0.179084,0.805836,0.564407,0.007207,-0.004897,0.012023,-0.091544,0.08903,-0.149318,-0.774938,0.069395,0.036409,-0.073604,0.10949,0.535681,-0.837291,-0.972197,-0.117697,-0.202432,-0.206986,0.836177,0.507901,-0.033545,0.007067,0.00407,-0.337378,0.834171,0.607401,0.20687
127,0.061966,0.024165,0.33557,0.20012,0.460547,-0.864809,-0.979747,0.092755,-0.177383,-0.001734,0.882223,0.470858,-0.053115,0.005566,0.019205,0.041948,0.666869,0.244886,0.292812,-0.113974,0.046465,0.312192,-0.597727,0.329835,0.730701,-0.783033,-0.435878,-0.443625,0.172938,-0.837713,0.517873,0.002886,-0.020257,0.033801,1.777335,1.359661,-1.507702,-1.229863,0.037565,0.041467,-0.025034,0.622824,-0.338594,0.705297,0.760288,0.474574,-0.443554,-0.184531,0.812485,0.553006,0.006861,-0.003159,0.013508,-0.093267,0.171144,-0.050177,-0.777224,0.068235,0.036521,-0.073298,0.145871,0.547845,-0.823763,-0.973679,-0.067897,-0.217573,-0.175128,0.833819,0.523521,-0.0265,0.002948,0.009778,0.052321,0.808605,0.334813,0.203278
128,0.060249,0.024538,0.336383,0.233768,0.469058,-0.851694,-0.971894,0.137041,-0.191349,0.026665,0.871908,0.488971,-0.048599,0.023626,0.017224,-0.057874,0.540514,0.315517,0.291405,-0.114003,0.046105,0.313247,-0.595591,0.312631,0.739949,-0.782804,-0.432723,-0.447104,0.181177,-0.845887,0.50151,0.00105,-0.009049,0.026311,-0.062841,0.205095,0.119838,-1.227526,0.03755,0.04129,-0.024498,0.621349,-0.319827,0.715286,0.759454,0.47041,-0.449381,-0.192754,0.82245,0.535183,-0.005998,-0.005107,0.013487,-0.050126,0.349866,-0.068889,-0.78098,0.067337,0.036712,-0.072876,0.177482,0.562439,-0.807565,-0.97317,-0.021783,-0.229049,-0.146418,0.826551,0.543483,-0.024159,0.012193,0.008969,-0.053664,0.547785,0.317852,0.201971
129,0.059559,0.024912,0.336781,0.248064,0.473575,-0.845125,-0.967672,0.161685,-0.193496,0.044693,0.865218,0.499426,-0.033846,0.023819,0.018278,-1.434068,1.734768,-1.702757,0.283611,-0.114163,0.045999,0.3137,-0.592783,0.304756,0.745469,-0.783631,-0.431975,-0.446378,0.186747,-0.849129,0.493932,-0.011675,-0.011636,0.025735,-0.095499,0.348909,-0.004232,-1.226826,0.037474,0.041239,-0.02427,0.618404,-0.312424,0.721087,0.760378,0.469643,-0.44862,-0.198494,0.825727,0.527989,-0.006763,-0.000252,0.009104,-0.067525,0.378762,0.012297,-0.777714,0.067004,0.036889,-0.072685,0.192966,0.568083,-0.800028,-0.972653,0.00333,-0.232238,-0.129267,0.822964,0.553191,-0.016907,0.011996,0.009235,-0.082167,0.310039,0.20745,0.198869
130,0.05839,0.02579,0.337685,0.265015,0.49182,-0.829412,-0.960853,0.206517,-0.184618,0.080152,0.845263,0.52833,-0.020355,0.013702,0.02803,-0.440751,0.829141,-0.353998,0.277727,-0.114573,0.04594,0.314376,-0.590559,0.296002,0.750742,-0.783826,-0.431842,-0.446165,0.192892,-0.852278,0.486085,-0.014812,0.008212,0.00856,-0.000593,0.035689,0.022042,-1.224341,0.037269,0.041207,-0.023922,0.616026,-0.303717,0.726819,0.76054,0.469626,-0.448363,-0.205158,0.828979,0.520291,-0.006454,-0.001766,0.007802,-0.039608,-0.002065,-0.032439,-0.779184,0.066416,0.037336,-0.072234,0.203854,0.588211,-0.782592,-0.974786,0.047857,-0.217948,-0.090747,0.807289,0.583135,-0.01656,0.009025,0.015454,-1.492435,2.034695,-1.820275,0.184336
