frame,MLTx,MLTy,MLTz,MLTR1,MLTR2,MLTR3,MLTR4,MLTR5,MLTR6,MLTR7,MLTR8,MLTR9,MLTTVx,MLTTVy,MLTTVz,MLTRVx,MLTRVy,MLTRVz,MLGA,MRTx,MRTy,MRTz,MRTR1,MRTR2,MRTR3,MRTR4,MRTR5,MRTR6,MRTR7,MRTR8,MRTR9,MRTTVx,MRTTVy,MRTTVz,MRTRVx,MRTRVy,MRTRVz,MRGA,SLTx,SLTy,SLTz,SLTR1,SLTR2,SLTR3,SLTR4,SLTR5,SLTR6,SLTR7,SLTR8,SLTR9,SLTTVx,SLTTVy,SLTTVz,SLTRVx,SLTRVy,SLTRVz,SLGA,SRTx,SRTy,SRTz,SRTR1,SRTR2,SRTR3,SRTR4,SRTR5,SRTR6,SRTR7,SRTR8,SRTR9,SRTTVx,SRTTVy,SRTTVz,SRTRVx,SRTRVy,SRTRVz,SRGA
661,0.076906,-0.020371,0.39937,-0.424873,-0.662565,-0.616876,0.306821,-0.746507,0.590389,-0.851146,0.062389,0.521234,3e-06,9e-06,7e-06,0.0,0.0,0.0,-0.078403,-0.101109,0.016301,0.349332,0.762283,-0.175591,0.622963,-0.244619,0.812812,0.528613,-0.600114,-0.555116,0.575824,0.000145,-0.000658,-0.000512,0.0,0.0,0.0,-1.400575,0.043996,0.026385,-0.006445,-0.751376,0.132064,0.646522,0.2802,-0.823197,0.493796,0.597428,0.552182,0.581526,8.7e-05,-0.000384,-0.0003,-3.5e-05,-0.000175,-0.000117,-0.799758,0.075669,0.014268,-0.041372,-0.278,-0.681557,-0.6769,0.413303,-0.720984,0.556203,-0.867119,-0.125141,0.482123,1e-05,3.2e-05,2.5e-05,-2.9e-05,0.000634,-0.002197,-0.229932
662,0.07685,-0.020286,0.399303,-0.422156,-0.661042,-0.620365,0.305224,-0.74803,0.589289,-0.853072,0.060239,0.51833,-0.013542,0.003098,0.001993,-0.030995,-0.024978,-0.043641,-0.107411,-0.101065,0.016291,0.349294,0.761312,-0.180188,0.622839,-0.239645,0.814253,0.528674,-0.60335,-0.551515,0.575903,0.000317,-0.001434,-0.001117,2e-05,1.7e-05,1.9e-05,-1.362891,0.044019,0.026377,-0.006459,-0.750525,0.136687,0.64655,0.275292,-0.824771,0.493928,0.600771,0.548696,0.581383,0.000239,-0.001067,-0.000832,0.00055,-0.00055,-2.5e-05,-0.795676,0.075646,0.014306,-0.041402,-0.27529,-0.679334,-0.680235,0.411836,-0.722695,0.555069,-0.86868,-0.127341,0.478725,6e-06,1.3e-05,1.2e-05,-0.012606,-0.108764,0.166539,-0.248221
663,0.076868,-0.020037,0.39904,-0.420533,-0.655374,-0.627441,0.30452,-0.753409,0.582765,-0.854126,0.054814,0.517195,0.001016,0.010482,-0.009301,0.040474,-0.027204,0.035407,-0.189,-0.100868,0.016239,0.349207,0.758377,-0.191216,0.623132,-0.230193,0.815696,0.530646,-0.610691,-0.545625,0.573771,0.01391,-0.000977,-0.00235,-0.131409,0.113166,0.080093,-1.100629,0.044111,0.026357,-0.006504,-0.747985,0.147553,0.647105,0.265891,-0.826703,0.495845,0.608128,0.542944,0.579129,0.000302,-0.001352,-0.001059,-0.193418,0.1637,0.107916,-0.703254,0.075649,0.014426,-0.041531,-0.274607,-0.673017,-0.686759,0.412525,-0.727607,0.548096,-0.868569,-0.132794,0.477442,0.000237,0.000692,0.000511,0.066969,-0.137697,0.250085,-0.297045
664,0.076949,-0.019451,0.39868,-0.423106,-0.648246,-0.633091,0.306694,-0.759933,0.573072,-0.852074,0.049107,0.521139,0.00265,0.015312,-0.005736,0.170148,0.149843,0.106706,-0.287033,-0.100449,0.01616,0.349085,0.75325,-0.203983,0.625298,-0.216946,0.820304,0.529121,-0.621796,-0.533955,0.572821,0.012303,0.008687,-0.011683,0.066009,0.003785,0.076186,-0.522595,0.044321,0.026315,-0.00656,-0.743075,0.16053,0.649668,0.25289,-0.831456,0.494698,0.619585,0.531892,0.577238,0.007122,-0.001195,-0.001738,0.31574,0.263274,0.290907,-0.525593,0.075686,0.014707,-0.041714,-0.277741,-0.666189,-0.692135,0.416035,-0.732825,0.538406,-0.865895,-0.138415,0.480693,0.001181,0.007219,-0.003192,0.273061,0.287698,0.118333,-0.367913
665,0.07701,-0.019042,0.398458,-0.424565,-0.645697,-0.634716,0.308269,-0.762244,0.569145,-0.850777,0.046774,0.523467,0.002904,0.016066,-0.005183,0.10632,0.065269,0.07653,-0.326812,-0.100233,0.016122,0.34898,0.752043,-0.208502,0.62526,-0.211965,0.821615,0.529107,-0.624971,-0.530177,0.572875,-0.000439,0.004378,-0.013457,0.033996,0.009551,-0.003672,-0.298913,0.044433,0.026298,-0.006612,-0.741991,0.165195,0.649737,0.24779,-0.832959,0.494751,0.622935,0.528099,0.577114,0.007247,-0.001736,-0.002167,0.000129,-0.002023,0.003676,-0.462074,0.075719,0.014922,-0.04183,-0.280221,-0.66372,-0.693506,0.41853,-0.734643,0.533976,-0.863891,-0.140622,0.483649,0.001799,0.012777,-0.007605,0.124602,0.134765,-0.119334,-0.40204
666,0.077302,-0.01786,0.397863,-0.436902,-0.641238,-0.630854,0.317277,-0.766114,0.558908,-0.841155,0.044825,0.538958,0.019038,0.028303,-0.012921,0.353497,0.300738,0.250605,-0.38012,-0.099903,0.016007,0.348665,0.752083,-0.208668,0.625155,-0.211567,0.821782,0.529005,-0.625057,-0.529852,0.573082,0.001979,-0.008813,-0.006909,-0.002001,0.014264,-0.024959,0.042522,0.044598,0.026245,-0.006766,-0.742058,0.165349,0.649622,0.2474,-0.833129,0.49466,0.62301,0.527783,0.577323,0.007582,-0.003193,-0.003315,-0.000313,-0.001233,0.003971,-0.37406,0.075857,0.015505,-0.042127,-0.29263,-0.661941,-0.690072,0.428184,-0.735977,0.5244,-0.854999,-0.142023,0.498802,0.003041,0.020188,-0.010665,0.486811,0.515894,0.071643,-0.457233
667,0.077866,-0.016376,0.39711,-0.471239,-0.636248,-0.610874,0.320319,-0.768763,0.553509,-0.821201,0.065947,0.56684,0.0199,0.03852,-0.022431,0.524301,0.764498,0.257248,-0.428483,-0.099828,0.015806,0.348238,0.753432,-0.204634,0.624866,-0.210871,0.82481,0.524554,-0.623667,-0.52672,0.577467,0.001967,-0.008751,-0.006886,0.297864,-0.245963,-0.198319,0.246375,0.044636,0.02614,-0.006983,-0.742675,0.16276,0.64957,0.24699,-0.835045,0.491624,0.622438,0.525555,0.579967,0.000973,-0.004308,-0.003391,0.393571,-0.331646,-0.255946,-0.323766,0.076141,0.016249,-0.042495,-0.327171,-0.664618,-0.671745,0.431533,-0.737497,0.519496,-0.840677,-0.119916,0.528092,0.010095,0.019647,-0.010934,0.350138,1.009125,0.524437,-0.489074
668,0.078728,-0.014808,0.396131,-0.506707,-0.623374,-0.595566,0.312588,-0.776652,0.546876,-0.802825,0.091709,0.589142,0.019751,0.038334,-0.022585,0.244152,0.236577,0.058364,-0.54299,-0.100141,0.015791,0.34786,0.76017,-0.200662,0.617955,-0.206078,0.827405,0.522366,-0.617058,-0.524177,0.586806,-0.012054,-0.007526,-0.004313,-0.212289,-1.960397,1.875277,0.341064,0.044491,0.026128,-0.007178,-0.748271,0.156984,0.64455,0.243277,-0.838973,0.486763,0.617175,0.521035,0.589589,-0.013569,0.000485,-0.006468,0.366446,-0.255737,-0.242871,-0.103161,0.076565,0.017021,-0.042974,-0.366816,-0.658685,-0.656946,0.426226,-0.746687,0.510674,-0.826907,-0.092684,0.554646,0.016507,0.017333,-0.012501,-0.016139,0.599563,0.16817,-0.559616
669,0.07917,-0.014208,0.395711,-0.52146,-0.61513,-0.591387,0.303702,-0.781491,0.544985,-0.796753,0.105343,0.595075,0.018016,0.025766,-0.014828,0.021696,0.159307,0.01734,-0.592031,-0.100516,0.015817,0.347569,0.768805,-0.199657,0.607509,-0.199689,0.827416,0.524825,-0.608398,-0.524547,0.595455,-0.013268,0.000302,-0.015091,0.133258,-0.17589,-0.109864,0.365543,0.044297,0.026146,-0.007318,-0.759125,0.156345,0.63189,0.235416,-0.839082,0.490427,0.606884,0.521053,0.600162,-0.01321,-0.001122,-0.007733,0.048298,-0.607072,0.327125,0.049189,0.076795,0.017345,-0.043192,-0.383188,-0.653465,-0.6528,0.418487,-0.75287,0.50799,-0.823428,-0.078533,0.561957,0.016067,0.016093,-0.013405,-0.228367,0.328077,0.071329,-0.601092
670,0.080161,-0.013494,0.394977,-0.539345,-0.602963,-0.587867,0.290404,-0.788463,0.542185,-0.789759,0.12245,0.601094,0.028199,0.005706,-0.012266,-0.049668,0.036298,0.165862,-0.672305,-0.101581,0.015634,0.346682,0.792398,-0.194527,0.578149,-0.183675,0.827576,0.530391,-0.582619,-0.526224,0.619278,-0.024814,-0.009819,-0.021521,0.54399,-0.469393,-0.347414,0.420372,0.043782,0.026065,-0.007744,-0.782705,0.153325,0.60321,0.219654,-0.838768,0.498215,0.582343,0.522453,0.62283,-0.012436,-0.00471,-0.010586,-0.003117,-0.59139,0.340218,0.300983,0.07729,0.017716,-0.043555,-0.402469,-0.645061,-0.649549,0.406354,-0.761704,0.50466,-0.820301,-0.060837,0.568686,0.014084,0.002751,-0.006218,-0.278742,0.28774,0.189534,-0.67196
671,0.081123,-0.013198,0.394246,-0.571606,-0.57529,-0.585109,0.261356,-0.803596,0.534695,-0.777086,0.153424,0.610431,0.026677,0.001128,-0.015588,-0.81412,1.011548,1.123936,-0.708121,-0.102617,0.015341,0.345831,0.812123,-0.187151,0.55265,-0.169021,0.830954,0.529983,-0.559421,-0.523582,0.642475,-0.025451,-0.007178,-0.019485,0.41793,-0.395065,-0.115572,0.441724,0.043261,0.025909,-0.008182,-0.80297,0.145181,0.578066,0.205274,-0.843179,0.496901,0.559554,0.517659,0.647246,-0.01932,-0.004822,-0.009892,0.683705,-0.584404,-0.290059,0.386058,0.077765,0.017859,-0.043913,-0.435288,-0.626444,-0.646599,0.385157,-0.778745,0.495185,-0.813742,-0.033495,0.580258,0.013424,0.000773,-0.007647,0.176934,0.190477,0.184313,-0.716701
672,0.081451,-0.013004,0.393835,-0.589818,-0.561817,-0.580104,0.251417,-0.810411,0.529146,-0.766674,0.166946,0.619974,0.013792,0.013197,-0.023925,-0.580016,1.796182,-1.935616,-0.721051,-0.103272,0.01523,0.345416,0.816426,-0.180669,0.548451,-0.165981,0.836144,0.522729,-0.554039,-0.517572,0.651938,-0.040445,0.00077,-0.028576,0.626151,-0.525697,-0.253566,0.444017,0.04293,0.025849,-0.008393,-0.806972,0.139271,0.573933,0.202246,-0.847872,0.49011,0.554881,0.511581,0.656042,-0.019378,-0.00463,-0.009753,0.660718,-0.691538,-0.12148,0.402387,0.077938,0.017954,-0.044126,-0.459211,-0.612198,-0.64369,0.372195,-0.790536,0.486335,-0.806594,-0.016248,0.590881,0.006769,0.006142,-0.012295,0.345323,0.373307,0.210518,-0.727805
673,0.082069,-0.012694,0.392869,-0.615741,-0.546056,-0.568093,0.246707,-0.818324,0.519089,-0.747571,0.180146,0.639305,0.012563,0.009419,-0.026665,0.264075,0.307718,-0.041696,-0.755167,-0.105081,0.015021,0.344285,0.824819,-0.175361,0.537506,-0.156986,0.842128,0.515858,-0.544135,-0.509647,0.666363,-0.039623,-0.003481,-0.032064,0.258243,-0.195546,-0.032296,0.443644,0.042043,0.025755,-0.00894,-0.815898,0.132669,0.562768,0.193426,-0.854611,0.481897,0.544881,0.502033,0.671615,-0.026376,-0.003132,-0.016308,0.336092,-0.246389,-0.107874,0.411041,0.078248,0.01811,-0.044608,-0.48882,-0.603695,-0.629766,0.369744,-0.797214,0.477219,-0.790153,0.000422,0.612907,0.013022,0.003288,-0.014259,0.26429,0.221127,0.185393,-0.752789
674,0.082534,-0.012287,0.391881,-0.646215,-0.521065,-0.557622,0.226557,-0.828713,0.511739,-0.727956,0.205004,0.654279,0.013233,0.011506,-0.025147,0.208325,0.28592,-0.030187,-0.786251,-0.106949,0.014755,0.342869,0.840935,-0.153459,0.518912,-0.167945,0.837427,0.520043,-0.515401,-0.524275,0.677761,-0.053819,0.000219,-0.044693,0.240499,-0.145101,-0.005893,0.447605,0.041095,0.02562,-0.009654,-0.831931,0.111183,0.543624,0.204282,-0.849536,0.486369,0.515905,0.515679,0.684043,-0.019221,-0.004818,-0.01855,0.272789,-0.281022,0.127109,0.413001,0.078477,0.018306,-0.045107,-0.523407,-0.585207,-0.619335,0.351843,-0.810425,0.468419,-0.776047,0.027265,0.630084,5.7e-05,0.007599,-0.011345,0.167712,0.283318,0.228552,-0.770261
675,0.082628,-0.011905,0.391351,-0.668344,-0.498449,-0.552187,0.207132,-0.83767,0.505348,-0.71361,0.223986,0.66379,0.001154,0.026077,-0.031627,0.249493,0.73296,0.588463,-0.807055,-0.107842,0.014617,0.34215,0.845579,-0.150914,0.512066,-0.167387,0.835735,0.522936,-0.507922,-0.527704,0.68074,-0.052133,-0.010531,-0.036341,0.075997,-0.025186,0.046078,0.457758,0.040648,0.025551,-0.01002,-0.836758,0.108432,0.536728,0.203779,-0.848127,0.489033,0.508241,0.518577,0.687581,-0.025928,-0.005834,-0.018604,0.059625,0.007093,0.024488,0.421655,0.078528,0.018489,-0.045372,-0.547736,-0.568166,-0.614143,0.33437,-0.821535,0.461817,-0.766929,0.047603,0.639963,0.006882,0.006524,-0.012012,-0.424467,1.458544,1.194386,-0.778425
676,0.082779,-0.010936,0.390173,-0.687053,-0.481336,-0.544352,0.200598,-0.845691,0.494509,-0.697525,0.231151,0.678273,0.001328,0.026612,-0.031206,0.504262,0.555552,0.04562,-0.879889,-0.109734,0.014405,0.340615,0.845972,-0.151704,0.511184,-0.164682,0.837322,0.521254,-0.508154,-0.524955,0.682689,-0.038952,-0.008371,-0.036376,0.06009,0.078071,-0.120493,0.467669,0.039683,0.025439,-0.010803,-0.8371,0.10942,0.535994,0.20103,-0.849707,0.487424,0.508773,0.515774,0.689294,-0.019447,-0.004216,-0.018181,0.060925,0.079468,-0.118999,0.439454,0.078605,0.018976,-0.045959,-0.569567,-0.554862,-0.606399,0.329152,-0.829995,0.450295,-0.75316,0.056875,0.655372,0.000519,0.009041,-0.010278,0.063269,-0.024747,0.043126,-0.788713
677,0.082858,-0.0103,0.389448,-0.703486,-0.467535,-0.535318,0.191651,-0.850092,0.490495,-0.683519,0.243038,0.688304,0.000492,0.009023,-0.010285,0.186364,0.453239,-0.02475,-0.946877,-0.11149,0.014079,0.339121,0.847516,-0.138093,0.512482,-0.175705,0.837969,0.516594,-0.501836,-0.527691,0.685249,-0.038954,-0.009144,-0.037186,0.061763,0.062363,-0.096849,0.470808,0.038805,0.025276,-0.01155,-0.838249,0.095725,0.536818,0.211914,-0.849897,0.482458,0.502424,0.51818,0.69214,-0.01943,-0.004699,-0.018669,0.057564,0.068561,-0.095113,0.448271,0.078644,0.019299,-0.04633,-0.589204,-0.544519,-0.596938,0.32174,-0.835817,0.444849,-0.741161,0.070048,0.667661,0.000259,0.004496,-0.005154,0.043303,0.993239,-0.437458,-0.800469
678,0.082757,-0.010044,0.389103,-0.738394,-0.419886,-0.527745,0.150474,-0.865411,0.477905,-0.656464,0.273988,0.70286,-2e-05,0.007427,-0.011446,0.287791,0.31563,0.157072,-0.969552,-0.112995,0.013625,0.337692,0.851396,-0.131634,0.507729,-0.174451,0.841671,0.51097,-0.495661,-0.523444,0.692958,-0.039011,-0.00968,-0.037821,0.216235,-0.057802,-0.215349,0.470126,0.038067,0.025052,-0.012251,-0.842042,0.089741,0.531893,0.210415,-0.8533,0.477077,0.496678,0.513637,0.699633,-0.018652,-0.010167,-0.014638,0.249496,-0.096507,-0.271373,0.449578,0.078595,0.019431,-0.0465,-0.632995,-0.504151,-0.587493,0.284831,-0.857318,0.428807,-0.719852,0.104096,0.686276,-0.007137,4.8e-05,-7.9e-05,0.266713,0.504836,-0.0545,-0.797367
679,0.082714,-0.009988,0.388941,-0.7487,-0.408982,-0.521754,0.148369,-0.870461,0.469314,-0.645178,0.274467,0.71305,-0.00145,-0.004505,-0.00329,0.36897,0.565761,-0.017215,-0.990354,-0.11376,0.013326,0.337073,0.853808,-0.125299,0.505276,-0.174504,0.845407,0.504747,-0.491471,-0.518969,0.699279,-0.039465,-0.007609,-0.036187,0.573665,-0.383195,-0.408128,0.468589,0.037671,0.024895,-0.012578,-0.843926,0.084514,0.52976,0.210411,-0.856236,0.471789,0.493473,0.509623,0.704817,-0.01972,-0.003779,-0.018043,0.533138,-0.35475,-0.396085,0.449741,0.078575,0.019465,-0.046583,-0.645157,-0.495742,-0.581386,0.283994,-0.862003,0.419877,-0.709308,0.105777,0.696915,-0.000741,-0.00233,-0.0017,0.380771,0.576183,-0.014871,-0.77271
680,0.082712,-0.010139,0.388628,-0.764958,-0.392903,-0.510402,0.148248,-0.878557,0.454017,-0.625852,0.272121,0.730949,-0.002423,-0.007527,-0.005512,0.289985,0.375403,0.120395,-1.064419,-0.115224,0.012732,0.335931,0.857367,-0.114873,0.501716,-0.174666,0.851844,0.493748,-0.485169,-0.510809,0.709612,-0.038262,-0.016702,-0.026561,0.324097,-0.192089,-0.299743,0.445055,0.036939,0.024597,-0.013149,-0.847641,0.072935,0.525532,0.210481,-0.863005,0.45926,0.487033,0.499903,0.716167,-0.019125,-0.008282,-0.013197,0.358042,-0.21445,-0.31304,0.433085,0.078575,0.019393,-0.046737,-0.664515,-0.483528,-0.569753,0.285905,-0.86894,0.403979,-0.690417,0.105555,0.715668,-0.000813,0.001199,-0.007565,0.369887,0.415454,0.160314,-0.799163
681,0.082744,-0.010369,0.388145,-0.80284,-0.324879,-0.499948,0.089929,-0.894926,0.437027,-0.588399,0.306302,0.748327,-0.002855,-0.001373,-0.017923,-0.576103,1.005313,1.354623,-1.112036,-0.116622,0.012386,0.334859,0.85945,-0.106547,0.499986,-0.174942,0.85754,0.483688,-0.481363,-0.503038,0.717709,-0.040934,-0.000576,-0.030547,0.319211,-0.162797,-0.254929,0.415116,0.036256,0.024419,-0.013678,-0.849415,0.065044,0.523702,0.210766,-0.867979,0.449653,0.48381,0.492321,0.723566,-0.012943,-0.004425,-0.010825,0.450867,-0.396517,-0.116287,0.399284,0.078593,0.019277,-0.046966,-0.711638,-0.428074,-0.557065,0.236985,-0.892718,0.383263,-0.661368,0.140729,0.73674,-0.001603,-0.00126,-0.009387,0.243635,0.432528,0.22586,-0.813043
682,0.082686,-0.01035,0.387702,-0.817639,-0.296569,-0.493517,0.066715,-0.900195,0.430315,-0.570864,0.319281,0.75644,-0.002919,0.005931,-0.029488,0.197211,0.396174,0.017511,-1.130776,-0.117268,0.012322,0.334359,0.859151,-0.106247,0.500563,-0.174963,0.85811,0.482669,-0.481889,-0.50213,0.717991,-0.026135,-0.007755,-0.02081,0.031837,0.050422,-0.089666,0.402261,0.035928,0.024391,-0.013931,-0.849339,0.063837,0.523971,0.210897,-0.868944,0.447723,0.483883,0.490774,0.724566,-0.013966,0.002133,-0.014037,0.044735,0.046635,-0.034348,0.381486,0.078563,0.019285,-0.047189,-0.734312,-0.398924,-0.549221,0.210266,-0.902971,0.37474,-0.645424,0.159694,0.746943,-0.001778,-0.001803,-0.009795,-0.011018,0.470169,0.480016,-0.79802
683,0.082648,-0.010008,0.386381,-0.834111,-0.268008,-0.482158,0.052438,-0.90864,0.414242,-0.548092,0.320569,0.772566,-0.002464,0.014851,-0.039876,-0.476244,1.020334,1.210531,-1.206065,-0.118364,0.012387,0.333429,0.861377,-0.108642,0.496203,-0.172032,0.856586,0.486415,-0.478958,-0.504212,0.718494,-0.028498,0.00734,-0.025556,0.01992,0.052234,-0.002263,0.384361,0.03537,0.024421,-0.014403,-0.851634,0.066642,0.519882,0.208082,-0.867381,0.452053,0.481061,0.493162,0.724824,-0.014268,0.003863,-0.012594,0.047155,0.04521,-0.014501,0.353726,0.078542,0.019449,-0.047848,-0.755057,-0.376011,-0.537125,0.199668,-0.91217,0.357877,-0.624516,0.162971,0.763819,0.005167,0.001082,-0.015955,-2.348749,2.570039,4.426878,-0.792305
684,0.082678,-0.009635,0.384878,-0.856902,-0.206707,-0.472266,-0.000972,-0.915471,0.402347,-0.51445,0.345483,0.784863,-0.004218,0.001927,-0.032555,0.434955,0.675268,0.143805,-1.279701,-0.119072,0.012595,0.332754,0.862148,-0.11311,0.49386,-0.169371,0.854184,0.491546,-0.47852,-0.507287,0.716618,-0.014315,0.00406,-0.012455,-0.12412,0.148283,0.09041,0.371162,0.035016,0.024522,-0.014743,-0.852619,0.070913,0.517698,0.205526,-0.865381,0.457027,0.480416,0.496071,0.723266,-0.007185,0.002262,-0.006015,-0.140107,0.162503,0.097264,0.332172,0.078559,0.019642,-0.048601,-0.788193,-0.320145,-0.525601,0.146861,-0.927214,0.344536,-0.597647,0.194371,0.777841,-0.001741,0.005789,-0.021181,-0.092173,0.247435,0.434713,-0.818431
685,0.082495,-0.009303,0.383225,-0.878969,-0.155405,-0.450896,-0.045229,-0.914031,0.40308,-0.473682,0.374877,0.796944,-0.004355,0.009041,-0.044333,0.130625,0.414174,-0.240958,-1.409508,-0.119358,0.012789,0.332424,0.86201,-0.117502,0.493074,-0.167581,0.851842,0.496202,-0.479399,-0.510211,0.713949,-0.001467,0.010024,-0.008998,-0.175144,0.179939,0.153306,0.360929,0.034874,0.024617,-0.014902,-0.852774,0.07486,0.516886,0.203739,-0.863584,0.461206,0.480902,0.498615,0.721191,7.5e-05,-0.000427,-0.000357,-0.346468,0.283518,0.191664,0.316333,0.078467,0.019805,-0.049424,-0.821023,-0.273854,-0.500923,0.103232,-0.934187,0.341519,-0.561483,0.228683,0.79526,0.004856,0.007691,-0.028161,-0.151481,0.75257,-0.401933,-0.799163
686,0.082475,-0.00908,0.382281,-0.887476,-0.136214,-0.440316,-0.057245,-0.915391,0.398441,-0.456232,0.378977,0.805144,-0.004059,0.009969,-0.043678,0.219648,0.573715,0.567059,-1.437767,-0.119342,0.012823,0.332371,0.863201,-0.117919,0.490887,-0.166421,0.851375,0.497391,-0.477655,-0.510893,0.714631,0.013666,0.000908,-0.000863,-0.001049,-0.012486,0.031204,0.359509,0.034875,0.024641,-0.014929,-0.853813,0.076172,0.514976,0.202432,-0.8628,0.463244,0.479608,0.499771,0.721251,0.000101,-0.000594,-0.000503,0.004552,0.098372,-0.177207,0.311271,0.078455,0.019912,-0.049899,-0.832587,-0.258451,-0.489898,0.092443,-0.936896,0.337162,-0.546124,0.235429,0.80394,-0.001665,0.009726,-0.026781,-0.124081,1.253707,1.403135,-0.793774
687,0.082468,-0.008536,0.380556,-0.908788,-0.060786,-0.412861,-0.116367,-0.913215,0.390472,-0.399638,0.40297,0.823366,-0.002805,0.013858,-0.040787,-0.31594,1.238184,1.476954,-1.6226,-0.119172,0.012799,0.332345,0.862941,-0.117647,0.491409,-0.166919,0.851399,0.497184,-0.477952,-0.510916,0.714416,0.000195,-0.001196,-0.001023,-1e-06,1e-06,0.0,0.359173,0.034965,0.024633,-0.014939,-0.853562,0.075777,0.51545,0.20289,-0.862913,0.462834,0.479861,0.499638,0.721175,0.000117,-0.000701,-0.000601,-0.013931,0.103755,-0.169222,0.307842,0.078448,0.020182,-0.050782,-0.868381,-0.189617,-0.458212,0.034395,-0.944813,0.325797,-0.494702,0.267156,0.82698,-0.001344,0.006993,-0.020339,-0.318647,1.238124,1.494934,-0.818105
688,0.082304,-0.00809,0.378789,-0.924421,0.018852,-0.380967,-0.176874,-0.906129,0.384209,-0.336815,0.422526,0.84146,-0.004619,0.008304,-0.0451,0.351471,0.863944,0.294302,-1.687619,-0.118934,0.012733,0.332326,0.862632,-0.117314,0.492032,-0.167567,0.851377,0.497004,-0.478284,-0.51103,0.714112,0.000351,-0.002149,-0.001839,-0.0,0.0,0.0,0.355853,0.035078,0.024603,-0.014945,-0.853228,0.075422,0.516054,0.20354,-0.862867,0.462635,0.480179,0.499771,0.720872,0.000117,-0.000717,-0.000618,-5.9e-05,-4.6e-05,-0.0001,0.307188,0.078374,0.020409,-0.051624,-0.898037,-0.118143,-0.423757,-0.025683,-0.94754,0.318601,-0.439167,0.296999,0.847892,-0.002233,0.003938,-0.022608,-1.955795,2.497469,4.488004,-0.807491
689,0.082271,-0.008057,0.377889,-0.924959,0.074665,-0.372721,-0.225315,-0.897436,0.379229,-0.30503,0.434653,0.847384,-0.006025,0.004004,-0.048474,-1.932155,2.706644,4.84199,-1.708466,-0.118844,0.012692,0.332281,0.862344,-0.116998,0.49261,-0.168114,0.85142,0.496744,-0.47861,-0.51103,0.713893,0.00058,-0.00354,-0.003032,-0.0164,0.119083,-0.193371,0.341084,0.035128,0.024584,-0.014967,-0.852919,0.075095,0.516613,0.204081,-0.862885,0.462363,0.480499,0.499789,0.720646,0.000298,-0.001812,-0.001555,-0.016458,0.11904,-0.193438,0.29984,0.078355,0.020434,-0.052067,-0.908896,-0.068324,-0.411385,-0.069327,-0.948004,0.310615,-0.411218,0.310837,0.856901,-0.003325,-0.003231,-0.019563,-1.738304,2.620266,4.749081,-0.808144
690,0.082093,-0.008238,0.375983,-0.923805,0.186664,-0.334344,-0.311043,-0.875105,0.370695,-0.222244,0.446209,0.86691,-0.008757,-0.004297,-0.055148,-1.309248,2.718492,4.599765,-1.721309,-0.118701,0.01258,0.332157,0.863273,-0.11711,0.490954,-0.167529,0.850926,0.497787,-0.477137,-0.511826,0.714309,0.000516,-0.003141,-0.002694,-1e-06,-4e-06,3e-06,0.297573,0.0352,0.024526,-0.015031,-0.853914,0.075246,0.514943,0.203488,-0.862436,0.46346,0.47898,0.500541,0.721135,0.000319,-0.001926,-0.001654,0.001252,0.003804,-0.003448,0.256079,0.078268,0.02035,-0.053054,-0.929942,0.044434,-0.365008,-0.162289,-0.940352,0.298995,-0.329951,0.337285,0.881685,-0.004339,-0.002579,-0.027831,-1.326266,2.696943,4.596939,-0.818105
691,0.081585,-0.008684,0.374058,-0.912643,0.276675,-0.300962,-0.376844,-0.854803,0.356752,-0.157426,0.438655,0.884774,-0.009983,-0.015371,-0.046876,0.075647,1.54248,1.43608,-1.774551,-0.118598,0.012527,0.332008,0.863171,-0.117043,0.491151,-0.1676,0.851031,0.497585,-0.477298,-0.511668,0.714314,0.000533,-0.003244,-0.002785,-0.002078,0.015076,-0.02447,0.283792,0.035252,0.024499,-0.015106,-0.853792,0.075174,0.515158,0.203563,-0.862538,0.463237,0.479167,0.500376,0.721125,0.000183,-0.001097,-0.000944,-1.3e-05,3.3e-05,-8.7e-05,0.217379,0.078015,0.020124,-0.054005,-0.935824,0.131546,-0.326997,-0.230254,-0.930584,0.284595,-0.266862,0.341624,0.901153,-0.011593,-0.006358,-0.022517,-1.26239,3.289396,5.119066,-0.82529
692,0.080958,-0.009285,0.372385,-0.893144,0.367812,-0.258947,-0.442359,-0.822739,0.356918,-0.080659,0.432865,0.897858,-0.023723,-0.020106,-0.034004,0.201967,0.73065,0.117486,-1.830479,-0.118602,0.012562,0.331866,0.862908,-0.116797,0.49167,-0.167901,0.851241,0.497123,-0.477666,-0.511375,0.714278,0.000199,-0.001211,-0.001041,-0.0,0.0,0.0,0.277402,0.03525,0.024513,-0.015179,-0.8535,0.074906,0.515679,0.203878,-0.862724,0.462753,0.479552,0.500096,0.721064,-0.000715,0.00489,-0.004607,0.036299,-0.006805,0.020105,0.207255,0.077695,0.01981,-0.054866,-0.934408,0.224193,-0.276799,-0.302077,-0.910542,0.282245,-0.18876,0.347346,0.918541,-0.011839,-0.009976,-0.016942,0.189422,0.693996,0.119626,-0.850436
693,0.080607,-0.009468,0.371576,-0.881106,0.403285,-0.247101,-0.469443,-0.809518,0.352527,-0.056771,0.426108,0.902905,-0.021713,-0.00634,-0.040594,-1.130089,2.349086,4.684138,-1.853342,-0.118618,0.012603,0.331783,0.864124,-0.117253,0.48942,-0.166639,0.850808,0.498287,-0.475905,-0.511989,0.715014,0.000203,-0.001235,-0.001061,-4.1e-05,-0.000131,0.000119,0.267431,0.035242,0.024534,-0.01522,-0.854813,0.075416,0.513426,0.202606,-0.862358,0.463992,0.477749,0.50065,0.721875,-0.00071,0.004855,-0.004635,0.037797,-0.00245,0.016256,0.19909,0.077526,0.019716,-0.055259,-0.930454,0.255209,-0.26291,-0.326221,-0.903714,0.277272,-0.166833,0.343756,0.924119,-0.010904,-0.003313,-0.020404,0.204256,0.518312,-0.383087,-0.849293
694,0.07996,-0.009417,0.369933,-0.860395,0.457638,-0.22435,-0.509526,-0.783687,0.355233,-0.012185,0.419379,0.907744,-0.018968,0.009663,-0.045395,-0.323109,0.751218,1.279014,-1.868177,-0.118626,0.012731,0.331629,0.863546,-0.119403,0.48992,-0.166053,0.849884,0.500057,-0.477159,-0.513023,0.713435,6.8e-05,-0.000411,-0.000353,-0.000226,0.000202,0.000144,0.250344,0.035238,0.024598,-0.015298,-0.854241,0.077601,0.514052,0.202055,-0.861499,0.465823,0.479004,0.501792,0.720249,2.8e-05,-0.00015,-0.000128,0.005432,-0.00335,-0.001941,0.173453,0.077201,0.019734,-0.05608,-0.919594,0.314439,-0.235527,-0.374026,-0.884149,0.279971,-0.120208,0.345553,0.930667,-0.009118,0.005447,-0.022181,-1.355847,2.364879,4.615522,-0.840149
695,0.079351,-0.008965,0.368265,-0.836367,0.511394,-0.197514,-0.546816,-0.752217,0.367605,0.040454,0.414816,0.90902,-0.01718,0.015127,-0.041044,-1.162525,2.434168,4.666767,-1.857582,-0.118608,0.012895,0.331473,0.864298,-0.122124,0.48792,-0.164067,0.848406,0.503214,-0.476485,-0.514822,0.712589,0.000186,-0.001132,-0.000973,-0.000369,0.000328,0.000235,0.252843,0.035247,0.024683,-0.015373,-0.855115,0.080395,0.512166,0.200091,-0.860182,0.469095,0.478269,0.50361,0.719468,-0.000707,0.004847,-0.004639,0.043722,-0.010772,0.017068,0.165615,0.076895,0.019957,-0.056917,-0.907984,0.365456,-0.204954,-0.413152,-0.862355,0.292659,-0.06979,0.350407,0.933993,-0.008061,0.012862,-0.02499,-0.440497,0.908625,-0.117424,-0.83819
696,0.079071,-0.008586,0.367482,-0.82525,0.533637,-0.185036,-0.561369,-0.738657,0.373125,0.063459,0.411127,0.909382,-0.014815,0.029686,-0.046763,-0.609427,1.295603,0.971862,-1.85425,-0.118576,0.012964,0.331396,0.864441,-0.119125,0.488409,-0.168646,0.846354,0.505152,-0.474619,-0.518889,0.710883,0.013677,0.000951,-0.000841,-0.148748,0.118786,0.125159,0.256125,0.035257,0.024717,-0.015412,-0.855283,0.076845,0.512431,0.204815,-0.858269,0.470558,0.475963,0.507414,0.718323,0.000123,-0.000723,-0.000622,-0.237754,0.196902,0.133828,0.167085,0.076753,0.020138,-0.057308,-0.899915,0.39215,-0.190707,-0.433702,-0.850358,0.297981,-0.045317,0.350868,0.935327,-0.007488,0.010438,-0.018181,-2.37346,4.174328,3.697205,-0.835087
697,0.07859,-0.007617,0.366155,-0.791153,0.591707,-0.154939,-0.599695,-0.700407,0.387,0.121451,0.398352,0.909172,-0.013354,0.026445,-0.031752,-0.05716,0.31073,-0.148245,-1.859802,-0.11856,0.013068,0.331231,0.864369,-0.119136,0.488532,-0.168471,0.846614,0.504774,-0.474811,-0.518462,0.711066,0.000331,-0.002011,-0.001731,-0.00212,0.015164,-0.024412,0.242151,0.035271,0.024771,-0.015494,-0.855105,0.077361,0.512648,0.204463,-0.858342,0.470576,0.476432,0.50721,0.718156,-0.000763,0.005183,-0.004349,0.03866,-0.008494,0.019089,0.164309,0.076513,0.020625,-0.057977,-0.877329,0.454297,-0.154618,-0.479642,-0.819813,0.312807,0.01535,0.348596,0.937147,-0.000158,0.007045,-0.011855,-0.480275,0.937583,-0.073319,-0.832311
698,0.078243,-0.006794,0.365058,-0.737172,0.666024,-0.11417,-0.647046,-0.646924,0.403476,0.195778,0.370473,0.907991,-0.014087,0.016752,-0.02207,-1.423868,2.388728,-0.827592,-1.882689,-0.118578,0.013192,0.3311,0.863679,-0.121145,0.489258,-0.168148,0.84567,0.50646,-0.476181,-0.519532,0.709366,1.4e-05,-8.4e-05,-7.3e-05,-0.00051,0.000454,0.000326,0.212167,0.035262,0.024829,-0.015563,-0.854431,0.0794,0.513461,0.204172,-0.857439,0.472347,0.477766,0.508422,0.716411,-0.000828,0.005572,-0.004013,0.044472,-0.011941,0.0173,0.130835,0.076342,0.021048,-0.058523,-0.838645,0.533664,-0.108978,-0.53705,-0.776815,0.328838,0.090834,0.334305,0.938077,-0.00723,0.007815,-0.011489,-0.175279,0.901424,1.156142,-0.83525
699,0.077703,-0.006254,0.364131,-0.676115,0.733076,-0.074256,-0.688811,-0.592977,0.417002,0.2625,0.332175,0.90597,-0.015384,0.012982,-0.025215,-0.777069,3.130516,4.342912,-1.887716,-0.118585,0.013314,0.330939,0.862922,-0.123095,0.490107,-0.167918,0.844759,0.508054,-0.477636,-0.520551,0.707639,-0.001441,0.009813,-0.00917,-0.026394,0.140711,-0.117562,0.187746,0.035259,0.024888,-0.015637,-0.853741,0.081412,0.514292,0.203962,-0.856485,0.474164,0.479086,0.50971,0.714612,0.00014,-0.000829,-0.000715,-0.038364,0.039741,0.030813,0.099483,0.076076,0.021327,-0.058979,-0.795406,0.603005,-0.060931,-0.583733,-0.735156,0.344674,0.163046,0.309723,0.936742,-0.008281,0.001042,-0.008247,-1.381994,2.35783,-1.370056,-0.845374
700,0.077514,-0.006134,0.363694,-0.661698,0.747215,-0.062212,-0.697246,-0.582608,0.417598,0.27661,0.318768,0.906588,-0.002852,-0.000785,-0.018395,0.075335,0.380506,-0.217522,-1.887336,-0.118566,0.013336,0.330863,0.864262,-0.123684,0.48759,-0.166404,0.844277,0.509352,-0.475737,-0.521193,0.708446,0.000307,-0.00186,-0.001602,-0.000706,0.000628,0.000451,0.168234,0.035267,0.024904,-0.015678,-0.855138,0.081995,0.511873,0.202444,-0.856186,0.475353,0.477235,0.510119,0.715558,0.000195,-0.001168,-0.001007,0.010084,-0.003096,-0.005425,0.078582,0.075976,0.021391,-0.059201,-0.780989,0.622826,-0.04628,-0.597429,-0.72343,0.346015,0.182027,0.297883,0.937086,-0.008379,0.000758,-0.008499,-0.013222,0.706968,0.002616,-0.851253
701,0.077315,-0.006109,0.362965,-0.636708,0.77005,-0.040893,-0.708884,-0.563542,0.424118,0.304335,0.298066,0.904746,-0.002415,0.000504,-0.017352,-0.316231,2.533701,4.897956,-1.897466,-0.11853,0.013377,0.330787,0.865055,-0.126384,0.485488,-0.164533,0.842586,0.512749,-0.474946,-0.523273,0.707442,1.8e-05,-0.000107,-9.3e-05,-0.003088,0.002579,0.002069,0.150925,0.035286,0.024921,-0.015719,-0.856053,0.084792,0.509884,0.200606,-0.854627,0.478923,0.47637,0.51227,0.714597,1e-06,9e-06,8e-06,0.015722,-0.003703,-0.007923,0.042168,0.075875,0.021399,-0.059569,-0.764962,0.643673,-0.022729,-0.608514,-0.710714,0.352979,0.211049,0.283847,0.935354,-0.001237,0.000159,-0.008735,-0.423382,0.78847,-0.524029,-0.852233
702,0.076957,-0.005795,0.362282,-0.608881,0.792801,-0.027837,-0.723176,-0.540233,0.430275,0.326838,0.281128,0.902315,-0.000938,0.004792,-0.013772,-0.247966,-0.013086,0.333647,-1.907014,-0.118511,0.013388,0.330781,0.86502,-0.126354,0.485559,-0.164582,0.842604,0.512703,-0.474993,-0.52325,0.707428,-1.2e-05,7.1e-05,6.1e-05,-1e-06,1e-06,0.0,0.145823,0.035295,0.024928,-0.015721,-0.856026,0.084644,0.509955,0.200659,-0.854738,0.478705,0.476397,0.512111,0.714693,-1.2e-05,6.6e-05,5.6e-05,0.000203,-0.000358,-0.000492,0.028615,0.075693,0.021549,-0.059916,-0.738153,0.674608,-0.00572,-0.631146,-0.687553,0.35906,0.238292,0.268651,0.933296,-0.006633,0.009572,-0.010047,-0.436841,0.351571,1.405177,-0.84913
703,0.076943,-0.005439,0.361859,-0.601047,0.798877,-0.024163,-0.726293,-0.533253,0.433719,0.334347,0.277237,0.900766,0.001052,0.018035,-0.020443,-0.21071,0.04603,0.359403,-1.906852,-0.118504,0.013405,0.330781,0.864984,-0.12632,0.485631,-0.164634,0.842624,0.512655,-0.47504,-0.523228,0.707413,-5e-06,2.8e-05,2.4e-05,-0.0,0.0,0.0,0.144621,0.035299,0.024937,-0.015721,-0.855988,0.084601,0.510025,0.200717,-0.854754,0.478651,0.47644,0.512091,0.714679,-3e-06,1.7e-05,1.3e-05,-0.000124,-0.000201,-0.000254,0.025349,0.075685,0.02172,-0.060127,-0.731838,0.681475,-0.00158,-0.635358,-0.681471,0.363203,0.246437,0.26681,0.931708,0.00052,0.008963,-0.010265,-0.464062,0.533101,1.512482,-0.851906
704,0.07738,-0.004607,0.360865,-0.604637,0.795858,-0.032705,-0.724221,-0.532124,0.438544,0.332364,0.287852,0.898166,0.014965,0.01578,-0.021731,-0.32446,-0.379792,-0.097355,-1.907934,-0.118517,0.013425,0.330786,0.864132,-0.12808,0.486687,-0.164898,0.841468,0.514465,-0.476499,-0.524656,0.705371,-5.1e-05,0.000307,0.000264,-0.00083,0.000739,0.000531,0.152242,0.035292,0.024946,-0.015718,-0.855134,0.086422,0.511151,0.201003,-0.853597,0.480591,0.477851,0.513713,0.71257,-3.9e-05,0.000232,0.000198,0.01043,-0.006258,-0.003319,0.025185,0.075894,0.022132,-0.060607,-0.733872,0.679214,-0.009916,-0.634382,-0.680068,0.367514,0.242877,0.275999,0.929964,0.007671,0.008394,-0.010444,-0.439594,-0.487022,-0.170611,-0.858274
705,0.078021,-0.00389,0.360024,-0.570182,0.820761,-0.035909,-0.743952,-0.497228,0.446397,0.349236,0.280218,0.894169,0.01538,0.01706,-0.020644,-0.094852,-0.066645,-0.184777,-1.90763,-0.118546,0.013411,0.330792,0.864608,-0.122654,0.487238,-0.17042,0.840509,0.514233,-0.473677,-0.527488,0.705159,-0.0,0.0,0.0,-0.0,0.0,0.0,0.15754,0.035278,0.02494,-0.015715,-0.855473,0.080885,0.511491,0.20649,-0.852524,0.480171,0.474897,0.516391,0.712609,-0.0,-5e-06,-8e-06,0.000102,-0.00015,-0.000246,0.032534,0.076221,0.022502,-0.061038,-0.705043,0.709076,-0.011117,-0.659378,-0.649696,0.378305,0.261024,0.274051,0.925614,0.007678,0.008468,-0.010372,-0.105741,-0.128119,-0.050066,-0.856968
706,0.078877,-0.003584,0.359421,-0.561507,0.826459,-0.041495,-0.749577,-0.486685,0.448602,0.351251,0.281966,0.892829,0.027162,-0.006314,-0.004161,-0.003271,-0.033844,0.056944,-1.907164,-0.118605,0.013389,0.33078,0.864242,-0.122237,0.48799,-0.171143,0.840572,0.51389,-0.474083,-0.527485,0.704888,8.4e-05,-0.000511,-0.00044,-0.0,0.0,0.0,0.150091,0.035248,0.02493,-0.01572,-0.855078,0.080447,0.512219,0.207211,-0.852553,0.479807,0.475294,0.51641,0.712331,5.4e-05,-0.000333,-0.000287,-6.8e-05,-6e-05,-0.000103,0.03286,0.076644,0.022663,-0.061346,-0.697801,0.716115,-0.01582,-0.66647,-0.641016,0.380677,0.262468,0.276181,0.924572,0.014099,0.002094,-0.006561,0.06683,-0.127002,0.242667,-0.857621
707,0.07943,-0.003619,0.359293,-0.550488,0.833738,-0.043464,-0.756556,-0.476096,0.448249,0.353711,0.278598,0.892916,0.027412,-0.005563,-0.003541,0.001887,-0.029445,0.059172,-1.907226,-0.118615,0.013387,0.33078,0.86355,-0.124172,0.488726,-0.171118,0.839373,0.515853,-0.475354,-0.528936,0.702942,1e-06,-7e-06,-6e-06,-0.013128,0.011723,0.008427,0.142476,0.035244,0.024928,-0.015721,-0.854364,0.082532,0.513079,0.207254,-0.851279,0.482046,0.476558,0.51818,0.710197,-2e-06,6e-06,6e-06,0.011989,-0.002697,0.001149,0.027145,0.076921,0.022646,-0.06141,-0.688164,0.725363,-0.016627,-0.675253,-0.631904,0.380432,0.265445,0.273027,0.924658,0.013742,-0.00269,-0.001701,0.012486,-0.120056,0.235758,-0.863663
708,0.08055,-0.003978,0.359264,-0.547516,0.835448,-0.047937,-0.759239,-0.471788,0.448268,0.352566,0.280787,0.892683,0.026379,-0.016173,0.005297,-0.032561,-0.011283,0.043289,-1.90796,-0.118596,0.013398,0.330827,0.863537,-0.12415,0.488755,-0.171188,0.839335,0.515893,-0.475352,-0.529003,0.702893,0.013348,0.002924,0.000858,-0.012404,0.089477,-0.139226,0.137151,0.035248,0.024932,-0.015699,-0.854459,0.082422,0.512937,0.207165,-0.851381,0.481905,0.476425,0.518031,0.710395,-8.6e-05,0.000522,0.00045,0.000648,-0.000609,-0.000438,0.015878,0.077482,0.022472,-0.061426,-0.685364,0.727902,-0.020839,-0.678701,-0.628145,0.380522,0.263893,0.27494,0.924536,0.01369,-0.002831,-0.00184,0.007037,-0.121454,0.235714,-0.860071
709,0.081795,-0.004137,0.359045,-0.566683,0.82193,-0.057845,-0.752437,-0.487539,0.442848,0.336489,0.293454,0.894811,0.042191,0.002492,-0.014056,0.042859,-0.079639,0.065632,-1.907954,-0.118572,0.013366,0.330915,0.863444,-0.124012,0.488956,-0.171512,0.839229,0.515958,-0.475406,-0.529203,0.702707,-3e-05,0.000185,0.000159,-0.0,0.0,0.0,0.136914,0.035265,0.024919,-0.015652,-0.854306,0.082215,0.513226,0.207587,-0.851274,0.481912,0.476517,0.518239,0.710182,-9e-06,5e-05,4.2e-05,-9.3e-05,-9.6e-05,-0.000131,0.012122,0.078114,0.022386,-0.061534,-0.701443,0.711983,-0.032485,-0.669055,-0.642072,0.374308,0.245643,0.28429,0.926734,0.0211,0.001263,-0.007025,0.023898,-0.082374,0.066462,-0.868562
710,0.082455,-0.004168,0.358816,-0.576134,0.815053,-0.061667,-0.747128,-0.494449,0.444174,0.332247,0.30096,0.893902,0.026758,-0.007499,-0.005231,-0.219383,-0.222877,-0.035998,-1.908377,-0.118572,0.013366,0.330915,0.864104,-0.118833,0.489076,-0.176593,0.838208,0.515903,-0.472329,-0.532009,0.702663,2.6e-05,-0.000158,-0.000136,-1e-06,-2e-06,-2e-06,0.136597,0.035265,0.024919,-0.015652,-0.854822,0.077002,0.513175,0.212648,-0.8501,0.481777,0.473349,0.52096,0.71031,2.3e-05,-0.00014,-0.000123,-0.01454,0.105075,-0.168719,0.011469,0.07842,0.022377,-0.061637,-0.708824,0.704443,-0.036429,-0.663195,-0.647947,0.374615,0.240291,0.289696,0.926463,0.013984,0.00186,-0.006804,-0.416169,-0.404729,-0.036337,-0.869705
711,0.083689,-0.004183,0.358304,-0.576982,0.814009,-0.067276,-0.746888,-0.49241,0.446837,0.331316,0.30705,0.892176,0.027541,0.002482,-0.014644,-0.399989,-0.431451,-0.114497,-1.907835,-0.118573,0.01338,0.330874,0.86398,-0.118716,0.489323,-0.176767,0.838282,0.515724,-0.472491,-0.531919,0.702622,-0.001542,0.010422,-0.008644,0.036338,-0.006851,0.020094,0.133853,0.035265,0.024921,-0.01567,-0.854681,0.076871,0.51343,0.212848,-0.850149,0.481602,0.473514,0.520899,0.710244,8e-05,-0.000477,-0.000411,-4e-06,-0.0,1.1e-05,0.009346,0.079036,0.022365,-0.061891,-0.708862,0.704118,-0.041601,-0.663842,-0.646056,0.376728,0.238384,0.294665,0.925388,0.020226,-0.005152,-0.003565,0.012069,-0.043627,0.075445,-0.868072
712,0.085051,-0.00449,0.358056,-0.576384,0.815401,-0.054296,-0.741284,-0.493649,0.454732,0.344699,0.301332,0.88905,0.040089,-0.019018,0.003316,-0.032054,-0.025912,0.072406,-1.907446,-0.118642,0.013357,0.33085,0.863597,-0.118291,0.490101,-0.1775,0.838357,0.51535,-0.472916,-0.531896,0.702353,1.1e-05,-6.9e-05,-5.9e-05,-0.0,0.0,0.0,0.127911,0.03523,0.024912,-0.015687,-0.854273,0.076441,0.514172,0.213548,-0.850203,0.481197,0.473935,0.520874,0.709982,4e-06,-2.6e-05,-2.2e-05,-0.014443,0.10467,-0.16848,0.002325,0.079716,0.022216,-0.06203,-0.710068,0.703506,-0.02966,-0.657199,-0.647031,0.386572,0.252765,0.293985,0.921781,0.020534,-0.004196,-0.002784,0.008033,0.042855,-0.083616,-0.870358
713,0.08647,-0.004738,0.357897,-0.570576,0.820271,-0.040542,-0.742469,-0.494034,0.452374,0.351746,0.287191,0.890967,0.041183,-0.007976,-0.005222,0.528248,0.422554,0.319083,-1.907452,-0.118732,0.013335,0.330855,0.862952,-0.120255,0.490758,-0.177426,0.837139,0.517351,-0.474121,-0.533368,0.700422,0.0,-0.0,-0.0,-0.000163,0.000146,0.000105,0.127029,0.035185,0.024901,-0.015684,-0.853655,0.078449,0.514895,0.213477,-0.849036,0.483285,0.475078,0.522478,0.708037,-0.006743,-0.001041,-6.6e-05,0.003005,0.012059,-0.030997,-0.000614,0.080426,0.022091,-0.062104,-0.706991,0.707024,-0.016708,-0.656899,-0.647749,0.38588,0.262004,0.283789,0.922397,0.020621,-0.003906,-0.002565,0.140836,0.173897,-0.017042,-0.87444
714,0.087089,-0.004848,0.357813,-0.567264,0.822638,-0.039023,-0.745641,-0.492831,0.448451,0.350383,0.282462,0.893014,0.041104,-0.008214,-0.005441,0.320693,0.238836,0.2284,-1.907268,-0.118762,0.013328,0.330867,0.862928,-0.120217,0.49081,-0.177494,0.83713,0.517342,-0.47414,-0.533391,0.700392,-1.6e-05,9.8e-05,8.5e-05,-2e-06,2e-06,2e-06,0.124256,0.03517,0.024898,-0.015678,-0.853638,0.078382,0.514934,0.213539,-0.849047,0.483237,0.475081,0.522469,0.708042,-1e-05,6.2e-05,5.5e-05,0.000626,-0.00054,-0.000362,-0.0029,0.080746,0.022035,-0.062147,-0.703505,0.710552,-0.013996,-0.660901,-0.64685,0.380517,0.261323,0.276946,0.924667,0.013703,-0.002744,-0.001842,0.460615,0.358708,0.214907,-0.878522
715,0.088316,-0.005121,0.357638,-0.561919,0.826583,-0.032439,-0.74851,-0.491303,0.445338,0.352866,0.273494,0.894826,0.027064,-0.006562,-0.004566,0.087124,0.046849,0.096779,-1.907866,-0.118774,0.01334,0.330878,0.864282,-0.12076,0.488287,-0.176056,0.836562,0.518751,-0.472203,-0.534158,0.701115,-1e-06,9e-06,8e-06,-0.0,0.0,0.0,0.12011,0.035164,0.024905,-0.015672,-0.855076,0.078966,0.512452,0.212118,-0.84857,0.484698,0.473127,0.523155,0.708843,-0.0,-9e-06,-8e-06,0.000249,0.000854,-0.000957,-0.008452,0.081375,0.021896,-0.062235,-0.698417,0.715661,-0.006395,-0.66466,-0.645281,0.376613,0.265401,0.267284,0.926347,0.01351,-0.00336,-0.002371,0.059813,0.024228,0.105777,-0.876073
