frame,MLTx,MLTy,MLTz,MLTR1,MLTR2,MLTR3,MLTR4,MLTR5,MLTR6,MLTR7,MLTR8,MLTR9,MLTTVx,MLTTVy,MLTTVz,MLTRVx,MLTRVy,MLTRVz,MLGA,MRTx,MRTy,MRTz,MRTR1,MRTR2,MRTR3,MRTR4,MRTR5,MRTR6,MRTR7,MRTR8,MRTR9,MRTTVx,MRTTVy,MRTTVz,MRTRVx,MRTRVy,MRTRVz,MRGA,SLTx,SLTy,SLTz,SLTR1,SLTR2,SLTR3,SLTR4,SLTR5,SLTR6,SLTR7,SLTR8,SLTR9,SLTTVx,SLTTVy,SLTTVz,SLTRVx,SLTRVy,SLTRVz,SLGA,SRTx,SRTy,SRTz,SRTR1,SRTR2,SRTR3,SRTR4,SRTR5,SRTR6,SRTR7,SRTR8,SRTR9,SRTTVx,SRTTVy,SRTTVz,SRTRVx,SRTRVy,SRTRVz,SRGA
13,0.142815,0.045336,0.35216,-0.540541,0.052622,-0.839697,-0.521197,-0.804412,0.285038,-0.659797,0.591653,0.463293,-0.058197,0.008358,-0.114475,0.211372,-3.404155,2.027408,0.024045,-0.1946,0.063096,0.353354,0.797377,0.397625,0.453955,-0.566923,0.751131,0.338133,-0.207522,-0.527478,0.823751,0.040106,-0.019481,-0.084929,-0.009745,3.232389,-0.796836,-1.335146,-0.00759,0.04762,-0.00684,-0.750766,-0.418119,0.511396,0.583964,-0.781972,0.217956,0.308766,0.462271,0.831245,0.020093,-0.009747,-0.042473,-0.361646,0.877093,0.703489,-0.733952,0.109211,0.043891,-0.065723,-0.523674,0.141538,-0.840078,-0.639467,-0.716856,0.277843,-0.56289,0.682702,0.465908,-0.029038,0.003863,-0.057395,-0.047552,-1.668556,0.507607,-0.201356
14,0.140317,0.045089,0.347817,-0.488017,0.040646,-0.871913,-0.56174,-0.77918,0.278026,-0.667476,0.625416,0.404174,-0.072912,-0.00984,-0.112389,-0.34014,-1.456553,0.39656,0.06777,-0.192425,0.061744,0.350113,0.799991,0.323951,0.505037,-0.532896,0.770229,0.35029,-0.276512,-0.549767,0.788137,0.076126,-0.0392,-0.085814,0.21977,1.483524,1.301566,-1.398363,-0.006488,0.046937,-0.008491,-0.7443,-0.346958,0.570645,0.551912,-0.800675,0.233047,0.376044,0.488403,0.787433,0.038067,-0.020006,-0.043174,0.214082,1.481059,1.328079,-0.752894,0.107968,0.043777,-0.067895,-0.471251,0.120744,-0.873694,-0.676146,-0.685527,0.269958,-0.566346,0.717963,0.404696,-0.036401,-0.005291,-0.056382,-0.782335,-1.589551,0.381309,-0.14747
15,0.1371,0.044417,0.343663,-0.44638,0.027046,-0.89446,-0.594431,-0.756106,0.273729,-0.668355,0.653845,0.354704,-0.099784,-0.029156,-0.096118,-0.30025,-1.580751,0.136002,0.126495,-0.188956,0.060166,0.346451,0.787149,0.255801,0.561208,-0.50527,0.789102,0.349219,-0.354495,-0.558769,0.749649,0.100808,-0.048408,-0.094745,-0.400026,1.078637,-0.253602,-1.4024,-0.004791,0.04617,-0.010284,-0.724172,-0.283014,0.628869,0.52317,-0.819583,0.233612,0.449296,0.498181,0.741584,0.044203,-0.018535,-0.050798,-0.328394,1.450829,-0.060778,-0.737055,0.106368,0.043437,-0.069985,-0.432247,0.103091,-0.895842,-0.704957,-0.65812,0.264409,-0.562314,0.745821,0.357145,-0.049547,-0.008968,-0.051923,-0.080188,-1.224741,0.410033,-0.075296
16,0.135092,0.043984,0.341735,-0.431568,0.021421,-0.901851,-0.606042,-0.74739,0.272202,-0.667674,0.664003,0.336657,-0.11272,-0.025555,-0.094554,-0.170073,-1.221752,0.089475,0.147291,-0.186919,0.059338,0.344427,0.77366,0.214249,0.596271,-0.488796,0.800472,0.346782,-0.403959,-0.560014,0.723232,0.100969,-0.04153,-0.106194,-0.562026,1.761248,-0.039964,-1.402542,-0.003773,0.045755,-0.01129,-0.706054,-0.246059,0.664034,0.506347,-0.830958,0.230475,0.495075,0.49896,0.711293,0.05643,-0.021362,-0.053919,0.43739,1.845562,0.777974,-0.737218,0.105326,0.043205,-0.070989,-0.417658,0.09396,-0.903732,-0.715222,-0.647432,0.263225,-0.560373,0.756308,0.337607,-0.056276,-0.012802,-0.047245,-0.098241,-1.098387,0.182944,-0.038392
17,0.130393,0.042856,0.338262,-0.404507,0.008323,-0.914522,-0.619013,-0.738577,0.267019,-0.672726,0.674099,0.305053,-0.127118,-0.03149,-0.085116,-0.009044,-0.674782,0.149455,0.191732,-0.1826,0.057833,0.339903,0.726124,0.143848,0.672342,-0.475147,0.811661,0.33967,-0.497748,-0.566282,0.656837,0.113448,-0.024214,-0.128101,2.737278,4.045776,3.33156,-1.403158,-0.001619,0.044992,-0.013546,-0.64838,-0.186524,0.738113,0.495939,-0.839072,0.22361,0.577622,0.511044,0.636542,0.057047,-0.018502,-0.060778,-0.640288,2.043569,-0.004288,-0.733462,0.103024,0.042649,-0.072696,-0.393052,0.075994,-0.916369,-0.726566,-0.636469,0.258859,-0.563569,0.767549,0.30538,-0.063724,-0.021213,-0.038466,-0.069377,-0.735309,0.115487,0.021209
18,0.125249,0.041332,0.335373,-0.38701,0.001184,-0.9221,-0.625769,-0.734801,0.261637,-0.676775,0.678273,0.286267,-0.141673,-0.04383,-0.064337,0.030344,-0.390772,0.282444,0.207906,-0.178182,0.056748,0.334849,0.678037,0.081444,0.730496,-0.470079,0.811958,0.345952,-0.565789,-0.578059,0.587873,0.115376,-0.026086,-0.132133,0.298595,2.707334,0.561553,-1.403306,0.000588,0.044445,-0.016074,-0.593337,-0.12495,0.795197,0.488134,-0.841363,0.232018,0.640059,0.525828,0.560204,0.057386,-0.007186,-0.069687,3.380755,3.877791,2.529588,-0.733952,0.100403,0.041867,-0.074179,-0.376446,0.065942,-0.924088,-0.732631,-0.631706,0.253373,-0.567045,0.772397,0.286114,-0.070715,-0.021617,-0.031881,0.055372,-0.338481,0.317921,0.070849
19,0.12264,0.040448,0.334234,-0.380525,0.00169,-0.924794,-0.627098,-0.735433,0.256631,-0.679224,0.677586,0.282064,-0.129622,-0.050629,-0.054286,0.028634,-0.192359,0.189367,0.196787,-0.175865,0.056438,0.332192,0.651758,0.055725,0.756372,-0.47083,0.81147,0.346076,-0.595286,-0.581747,0.554138,0.115569,-0.010379,-0.13807,-0.610616,1.902877,-0.528721,-1.403058,0.001747,0.044275,-0.017406,-0.563582,-0.0993,0.820069,0.487653,-0.841298,0.233262,0.66676,0.531372,0.522564,0.057808,-0.005621,-0.069371,-0.649113,1.966222,-0.469742,-0.726604,0.099146,0.04144,-0.074731,-0.370159,0.065934,-0.926625,-0.73395,-0.632227,0.248205,-0.569473,0.771972,0.282416,-0.064537,-0.024361,-0.026332,0.038028,-0.30447,0.388618,0.071012
20,0.11746,0.038468,0.332352,-0.367537,0.002852,-0.930029,-0.630434,-0.735936,0.246826,-0.683288,0.677033,0.273442,-0.130808,-0.053293,-0.041847,-0.005824,-0.210316,0.227139,0.191867,-0.170973,0.056363,0.326686,0.611551,0.019133,0.790968,-0.475418,0.807887,0.34818,-0.633097,-0.588991,0.502137,0.129515,-0.000261,-0.134605,-0.160751,1.325906,-0.695064,-1.40313,0.004139,0.044219,-0.020115,-0.519332,-0.064696,0.852119,0.492612,-0.837455,0.236644,0.698302,0.542662,0.466788,0.058641,-0.000476,-0.067089,-0.269767,1.359612,-0.445334,-0.726441,0.096607,0.040474,-0.07566,-0.357287,0.065339,-0.931705,-0.737201,-0.632232,0.238362,-0.57348,0.772018,0.274056,-0.058925,-0.027557,-0.021478,0.000451,-0.248045,0.287849,0.063338
21,0.11272,0.036512,0.330741,-0.343679,-0.007707,-0.939079,-0.605602,-0.762436,0.227836,-0.717324,0.647018,0.258537,-0.119011,-0.050847,-0.041485,0.483995,-0.481427,0.322009,0.186554,-0.166021,0.056862,0.321658,0.594197,-0.001247,0.804313,-0.479084,0.802597,0.355317,-0.646706,-0.596456,0.475263,0.130595,0.015653,-0.125202,-0.036495,0.864613,-0.225226,-1.403897,0.006663,0.044456,-0.022693,-0.499186,-0.046772,0.865231,0.497651,-0.832907,0.24209,0.709334,0.551432,0.439051,0.065348,0.007985,-0.062557,-0.098058,0.956866,-0.162863,-0.723992,0.094184,0.039479,-0.076478,-0.335219,0.051388,-0.940737,-0.716895,-0.66179,0.219305,-0.611301,0.747925,0.258684,-0.059475,-0.025522,-0.020733,1.649447,-1.00866,0.355878,0.058439
22,0.108164,0.034613,0.329154,-0.311858,-0.015669,-0.950024,-0.576363,-0.791765,0.202202,-0.754983,0.610632,0.239072,-0.120091,-0.04753,-0.040434,-0.006579,-0.208403,0.233151,0.192257,-0.160859,0.057414,0.317423,0.576659,-0.008998,0.81693,-0.481511,0.803965,0.348887,-0.660623,-0.594533,0.458226,0.134121,0.001429,-0.090215,0.112948,0.318377,-0.174074,-1.404,0.009244,0.044725,-0.024833,-0.479637,-0.039888,0.876559,0.499521,-0.833708,0.235391,0.721406,0.550762,0.419802,0.066549,0.00726,-0.048163,0.17646,0.261307,-0.19115,-0.728727,0.091862,0.038514,-0.077284,-0.304505,0.038525,-0.95173,-0.692015,-0.695534,0.193255,-0.654516,0.717459,0.238453,-0.059965,-0.023593,-0.020013,-0.010206,-0.195807,0.218256,0.057133
23,0.105989,0.033696,0.328372,-0.293483,-0.012288,-0.955909,-0.57585,-0.79587,0.186973,-0.762719,0.605346,0.22769,-0.107365,-0.047225,-0.040705,-0.005969,-0.352839,0.449875,0.187277,-0.15821,0.057633,0.315712,0.567499,-0.008079,0.823329,-0.483181,0.806303,0.341095,-0.667297,-0.591374,0.452609,0.134229,0.010099,-0.084284,0.162182,0.146759,-0.060276,-1.404006,0.010569,0.044833,-0.02569,-0.469775,-0.041961,0.881787,0.500303,-0.835625,0.226773,0.727329,0.547694,0.413549,0.06711,0.006263,-0.041306,0.157067,0.231444,-0.199034,-0.732973,0.090815,0.038072,-0.07766,-0.2862,0.039055,-0.957373,-0.691953,-0.699573,0.178316,-0.662789,0.713492,0.227242,-0.05361,-0.023532,-0.020205,-0.008226,-0.237239,0.284936,0.057949
24,0.101989,0.031844,0.326795,-0.259466,-0.006995,-0.96575,-0.569092,-0.806799,0.158685,-0.779961,0.590779,0.20656,-0.095269,-0.047172,-0.041818,-0.006345,-0.363448,0.474185,0.194698,-0.153116,0.05777,0.313164,0.546773,0.004079,0.837266,-0.503091,0.800845,0.324777,-0.669857,-0.598801,0.438853,0.125029,-0.006196,-0.048793,0.037686,0.269219,-0.230164,-1.403993,0.013121,0.044902,-0.026982,-0.448046,-0.055535,0.892284,0.518268,-0.829382,0.20862,0.728459,0.555914,0.400384,0.062535,-0.002615,-0.024115,0.028035,0.262847,-0.229901,-0.736402,0.088811,0.037149,-0.078446,-0.251828,0.039115,-0.96698,-0.686761,-0.711219,0.150082,-0.681865,0.70188,0.205968,-0.047553,-0.023469,-0.020731,-0.008798,-0.470062,0.629414,0.055663
25,0.098508,0.030118,0.325246,-0.235802,-0.001103,-0.971824,-0.569354,-0.810237,0.139012,-0.787274,0.586089,0.191639,-0.081712,-0.04346,-0.039569,-0.005945,-0.264678,0.340337,0.263052,-0.148488,0.057498,0.311909,0.534317,0.017252,0.845103,-0.522274,0.792759,0.314161,-0.66519,-0.609253,0.431505,0.114328,-0.011511,-0.020152,0.010407,0.106274,-0.126659,-1.403901,0.01544,0.044769,-0.02762,-0.435084,-0.069727,0.897685,0.536332,-0.820888,0.196184,0.723221,0.566814,0.394552,0.050911,-0.005788,-0.009577,-0.017096,0.273915,-0.319867,-0.740647,0.087033,0.036264,-0.07924,-0.227166,0.041411,-0.972974,-0.687531,-0.714401,0.130116,-0.689706,0.698509,0.190759,-0.040751,-0.02148,-0.019511,-0.007212,-0.264142,0.340186,0.110202
26,0.096935,0.029383,0.324501,-0.227618,0.001339,-0.973772,-0.570947,-0.810241,0.13229,-0.788538,0.586079,0.186404,-0.079799,-0.027602,-0.043933,0.027876,-0.300696,0.37885,0.306304,-0.146304,0.057311,0.311655,0.525262,0.0328,0.850304,-0.540421,0.784629,0.303705,-0.657845,-0.619082,0.428766,0.113747,-0.00216,-0.012926,0.092078,-0.004552,-0.455419,-1.404047,0.016533,0.044672,-0.02775,-0.425755,-0.084882,0.900848,0.553392,-0.81211,0.18502,0.715883,0.577296,0.392733,0.051313,-0.007328,-0.002787,0.048878,-0.255941,-0.486933,-0.743587,0.086276,0.035903,-0.079598,-0.219048,0.042544,-0.974785,-0.689032,-0.714101,0.123669,-0.690834,0.698748,0.185737,-0.033755,-0.020428,-0.018642,-0.006273,-0.295619,0.393717,0.15772
27,0.093971,0.028122,0.323107,-0.219067,0.003411,-0.975727,-0.57234,-0.81032,0.125613,-0.789958,0.585958,0.180683,-0.078686,-0.020977,-0.039065,0.029012,0.022572,-0.087994,0.384415,-0.142367,0.056907,0.311756,0.512466,0.070469,0.855806,-0.575142,0.76813,0.281286,-0.638166,-0.636442,0.433068,0.09062,-0.015619,0.011091,-4.429321,-2.005382,-3.064328,-1.404225,0.018511,0.044483,-0.027702,-0.413412,-0.118719,0.902771,0.581273,-0.79756,0.161303,0.700864,0.591442,0.398729,0.045264,-0.007229,0.005937,0.044457,-0.04494,-0.31675,-0.752731,0.084764,0.035262,-0.080312,-0.209916,0.043348,-0.976757,-0.69045,-0.713903,0.116703,-0.692252,0.6989,0.179789,-0.039235,-0.010217,-0.019246,0.028407,0.022675,-0.087834,0.269737
28,0.09117,0.027276,0.321837,-0.219643,0.002116,-0.975601,-0.571558,-0.810677,0.126866,-0.790363,0.585472,0.180485,-0.063364,-0.014695,-0.033606,0.030585,0.104627,-0.198268,0.427253,-0.139082,0.056368,0.312348,0.50075,0.124149,0.856638,-0.618353,0.743744,0.253806,-0.606213,-0.656948,0.448094,0.077638,-0.010815,0.016087,0.330845,-0.754643,-1.004582,-1.403841,0.020157,0.044222,-0.0274,-0.402665,-0.174903,0.898481,0.626187,-0.768585,0.131016,0.667644,0.615374,0.419005,0.039487,-0.010628,0.011948,-0.198357,-0.447423,-1.066728,-0.758119,0.083386,0.03484,-0.080938,-0.210527,0.04221,-0.976676,-0.6898,-0.714349,0.117817,-0.692715,0.698515,0.179506,-0.038257,-0.005932,-0.015782,0.02834,0.006,-0.064339,0.350239
29,0.089802,0.027038,0.321313,-0.222452,0.001843,-0.974965,-0.575376,-0.807522,0.129699,-0.786798,0.589817,0.18191,-0.075025,-0.006123,-0.026747,-0.115991,0.122189,-0.177033,0.44428,-0.137541,0.056025,0.312809,0.493335,0.154771,0.855954,-0.640166,0.73073,0.23697,-0.58939,-0.665047,0.458471,0.078928,-0.019887,0.025072,-4.325139,-2.019426,-3.45063,-1.404021,0.020927,0.044057,-0.02717,-0.396987,-0.20335,0.895013,0.641915,-0.758493,0.112392,0.656007,0.619142,0.431645,0.033183,-0.010565,0.012641,0.190115,-0.321471,-0.66493,-0.75616,0.082677,0.034713,-0.081216,-0.2135,0.042311,-0.976025,-0.693044,-0.710703,0.12079,-0.688554,0.702218,0.181058,-0.03735,-0.002607,-0.012921,-0.117728,0.122894,-0.176993,0.379305
30,0.08718,0.02682,0.320594,-0.230648,0.004973,-0.973048,-0.587329,-0.797977,0.135086,-0.775519,0.602647,0.188185,-0.072888,-0.00574,-0.00873,-0.048107,0.112674,-0.186563,0.464571,-0.134988,0.055274,0.313722,0.475381,0.207491,0.854957,-0.675443,0.708669,0.203712,-0.564185,-0.674569,0.475935,0.066609,-0.021553,0.02501,-1.080224,-0.863678,-1.844148,-1.40392,0.022233,0.043683,-0.026698,-0.379701,-0.259647,0.887924,0.677737,-0.73137,0.075951,0.629682,0.630618,0.453674,0.033279,-0.010714,0.01251,-1.13155,-0.808071,-1.788031,-0.762528,0.081392,0.034602,-0.081575,-0.220971,0.046761,-0.974158,-0.703496,-0.699439,0.126002,-0.675473,0.71316,0.187453,-0.029003,0.001877,-0.00868,-0.117247,0.087967,-0.126166,0.418985
31,0.084699,0.026845,0.320387,-0.237906,0.008812,-0.971271,-0.599704,-0.787917,0.139691,-0.763762,0.615695,0.193945,-0.0565,0.001495,-0.001578,0.000901,0.090851,-0.131033,0.465952,-0.132779,0.054568,0.314437,0.457674,0.238412,0.856555,-0.704328,0.685083,0.185786,-0.543067,-0.688617,0.480362,0.053306,-0.01634,0.014162,-0.056677,0.104423,-0.318403,-1.403757,0.023316,0.043346,-0.026338,-0.362839,-0.29303,0.884579,0.705068,-0.707003,0.055,0.609284,0.643645,0.463134,0.020393,-0.009157,0.006929,-0.135788,0.307941,-0.45896,-0.766447,0.080146,0.034614,-0.08168,-0.227636,0.05194,-0.97236,-0.714257,-0.687612,0.130483,-0.661829,0.724218,0.193624,-0.034759,0.002569,0.000556,-0.006109,0.081034,-0.178321,0.43809
32,0.082296,0.027141,0.320611,-0.240821,0.011206,-0.970528,-0.612857,-0.77712,0.143043,-0.752322,0.629226,0.195224,-0.053891,0.00942,0.005602,0.0149,-0.070436,0.058749,0.476157,-0.130926,0.05406,0.314756,0.447287,0.247114,0.85957,-0.717426,0.672931,0.179996,-0.534488,-0.69749,0.477172,0.052358,-0.008515,0.004029,-0.044933,0.069655,-0.058298,-1.403704,0.024242,0.04309,-0.026174,-0.352222,-0.301087,0.886163,0.717747,-0.694556,0.049296,0.600648,0.653404,0.460743,0.019981,-0.005688,0.001518,-0.069939,0.234756,-0.258088,-0.76759,0.078945,0.034764,-0.081566,-0.230296,0.05442,-0.971597,-0.725615,-0.674888,0.13419,-0.648417,0.735909,0.194913,-0.033237,0.00719,0.004736,0.064948,-0.465099,0.591747,0.44854
33,0.081119,0.027373,0.320812,-0.24412,0.014212,-0.969664,-0.616807,-0.773832,0.143889,-0.748016,0.633201,0.198883,-0.05264,0.013047,0.008892,0.001513,0.060652,-0.081827,0.4765,-0.130112,0.053866,0.314772,0.444207,0.244549,0.861898,-0.718911,0.671294,0.18018,-0.535056,-0.699964,0.472893,0.040353,-0.013572,0.001325,-0.054993,0.11265,-0.101713,-1.403609,0.024669,0.042992,-0.026163,-0.348782,-0.29836,0.888443,0.719303,-0.692916,0.049685,0.600793,0.65639,0.456288,0.020213,-0.007057,0.000412,-0.043895,0.091859,-0.119184,-0.769223,0.078357,0.034879,-0.081466,-0.232971,0.058234,-0.970738,-0.729036,-0.671088,0.134706,-0.643607,0.739086,0.198799,-0.03307,0.007697,0.00517,-0.005355,0.067888,-0.153744,0.452949
34,0.078795,0.027823,0.321362,-0.238147,0.019318,-0.971061,-0.622259,-0.770673,0.137219,-0.745431,0.636902,0.196765,-0.066474,0.007027,0.020569,-0.03711,0.097466,-0.157415,0.453716,-0.128583,0.053677,0.314418,0.439112,0.251794,0.862422,-0.730844,0.65832,0.180046,-0.522941,-0.709664,0.471988,0.037971,0.004077,-0.017352,0.037921,-0.019553,0.06089,-1.403884,0.025418,0.042898,-0.026332,-0.343791,-0.305969,0.8878,0.731475,-0.680114,0.048863,0.588855,0.666203,0.457626,0.019831,-0.003828,-0.005225,0.004702,-0.027366,0.065125,-0.770693,0.077202,0.035113,-0.081189,-0.226103,0.062285,-0.97211,-0.733892,-0.667105,0.127953,-0.64053,0.742355,0.196545,-0.026422,0.002562,0.009854,-0.041614,0.050987,-0.123881,0.442825
35,0.076854,0.028341,0.321949,-0.237757,0.03054,-0.970868,-0.622207,-0.772296,0.128025,-0.745599,0.634478,0.203831,-0.050596,0.018606,0.013791,0.147072,0.513902,0.233585,0.434253,-0.127198,0.053529,0.313752,0.436146,0.26382,0.86033,-0.744413,0.642839,0.180389,-0.505986,-0.719439,0.475656,0.026369,-0.003386,-0.022083,0.042697,-0.024099,0.013802,-1.403502,0.026115,0.042827,-0.026663,-0.341375,-0.318178,0.884434,0.745351,-0.664905,0.048489,0.572637,0.675768,0.464136,0.020404,-0.007072,-0.007912,0.00453,-0.11148,0.172935,-0.770693,0.076226,0.035369,-0.080892,-0.223896,0.07118,-0.972009,-0.734106,-0.668318,0.120156,-0.641059,0.740461,0.201887,-0.018696,0.007759,0.005927,0.1638,0.545941,0.288387,0.414739
36,0.075934,0.028727,0.322203,-0.240641,0.038217,-0.969885,-0.621487,-0.773585,0.123662,-0.745271,0.632478,0.211117,-0.050463,0.018854,0.013965,0.168095,0.485818,0.421311,0.424629,-0.126497,0.05345,0.313325,0.433233,0.268362,0.860397,-0.747926,0.639634,0.177229,-0.503296,-0.720622,0.476718,0.026666,-0.004916,-0.023401,0.028113,0.00699,-0.00921,-1.403542,0.02679,0.042728,-0.027116,-0.339434,-0.324895,0.882738,0.747721,-0.662576,0.043653,0.570699,0.67486,0.467831,0.013482,-0.003142,-0.012321,0.048413,-0.101733,0.172838,-0.773142,0.075299,0.03576,-0.080628,-0.22771,0.09033,-0.969529,-0.732905,-0.671447,0.109577,-0.64109,0.735525,0.219099,-0.025373,0.009006,0.006594,0.2189,0.739429,0.354942,0.390735
37,0.07414,0.029395,0.322657,-0.247024,0.059328,-0.967215,-0.619997,-0.776746,0.110645,-0.744416,0.626925,0.229863,-0.051931,0.014748,0.010086,0.130919,0.369516,0.340405,0.421268,-0.125307,0.053247,0.312395,0.432856,0.275393,0.858363,-0.750527,0.637443,0.174096,-0.499731,-0.71992,0.481505,0.026841,-0.005319,-0.023889,0.006383,-0.028372,-0.003619,-1.403463,0.027071,0.042676,-0.027357,-0.338618,-0.329652,0.881287,0.75078,-0.659222,0.041886,0.567156,0.675837,0.47072,0.013453,-0.002782,-0.012066,-0.008922,0.003778,0.023028,-0.769713,0.074874,0.03591,-0.080525,-0.229073,0.103174,-0.967925,-0.73239,-0.673267,0.101565,-0.641193,0.732165,0.229791,-0.019348,0.005882,0.004137,0.161233,0.444751,0.43259,0.385347
38,0.072444,0.02977,0.322932,-0.2513,0.092967,-0.963458,-0.619278,-0.780411,0.086168,-0.743577,0.618184,0.254891,-0.053218,0.011368,0.006893,0.261437,0.790205,0.633107,0.417052,-0.124176,0.053146,0.311386,0.433427,0.282446,0.855778,-0.758986,0.626299,0.177832,-0.486265,-0.726946,0.484725,0.027067,-0.006049,-0.024655,-0.009528,-0.28241,0.332498,-1.40395,0.027637,0.042625,-0.027862,-0.339663,-0.336143,0.878428,0.759879,-0.648456,0.045682,0.554266,0.683016,0.475685,0.013549,-0.003034,-0.012356,-0.015177,-0.293338,0.346486,-0.776244,0.074027,0.036098,-0.080386,-0.227968,0.135199,-0.964235,-0.73215,-0.676635,0.078224,-0.64186,0.723799,0.253237,-0.020139,0.003768,0.002157,0.299529,0.778982,0.906693,0.380938
39,0.070964,0.030068,0.323135,-0.251405,0.129617,-0.959187,-0.61533,-0.786333,0.054965,-0.746812,0.60387,0.27864,-0.039934,0.008526,0.005112,0.729014,0.647431,0.696046,0.403731,-0.123102,0.053134,0.31025,0.439762,0.293105,0.848934,-0.766197,0.615485,0.184534,-0.468947,-0.731961,0.49415,0.038135,0.006982,-0.032171,0.083654,-0.069734,0.072686,-1.403564,0.028174,0.042618,-0.028431,-0.34706,-0.346492,0.871488,0.76805,-0.638267,0.052101,0.53819,0.687428,0.48764,0.019102,0.003388,-0.016191,0.075342,-0.035029,0.08622,-0.780164,0.073265,0.036247,-0.080286,-0.222556,0.172748,-0.959492,-0.729007,-0.682948,0.046135,-0.647314,0.709745,0.277929,-0.019994,0.004186,0.002506,0.758571,0.737749,0.75881,0.366568
40,0.070239,0.030182,0.323246,-0.251413,0.147698,-0.956568,-0.606877,-0.793923,0.036864,-0.753691,0.5896,0.290429,-0.040376,0.00742,0.004066,1.870574,0.663909,0.594956,0.393401,-0.122624,0.053182,0.309605,0.447845,0.29916,0.842573,-0.767069,0.612627,0.190333,-0.459781,-0.731918,0.502752,0.013216,0.00109,-0.034143,0.06456,-0.058614,0.026268,-1.403548,0.028412,0.042644,-0.028751,-0.355978,-0.35203,0.865652,0.769638,-0.635847,0.057918,0.530034,0.686857,0.497283,0.006644,0.000443,-0.017172,0.052658,-0.01772,0.044728,-0.785552,0.072918,0.036303,-0.080231,-0.219658,0.189363,-0.957022,-0.722782,-0.690455,0.029276,-0.655237,0.698149,0.288531,-0.020862,-0.001693,0.006202,5.425873,0.195572,-0.960265,0.357261
41,0.068775,0.030079,0.323371,-0.252144,0.177953,-0.951211,-0.576686,-0.816949,-2.5e-05,-0.776788,0.548318,0.309797,-0.044784,-0.010912,0.005249,5.391046,0.39676,-0.894078,0.365394,-0.12176,0.053434,0.308224,0.464843,0.317853,0.826366,-0.776896,0.593985,0.208684,-0.42508,-0.739395,0.521982,0.025681,0.004582,-0.032906,-0.034338,-0.250316,0.151859,-1.403178,0.028836,0.042764,-0.029434,-0.37504,-0.369191,0.850318,0.78192,-0.618697,0.076247,0.49794,0.693477,0.520714,0.005695,0.006724,-0.020342,-0.364026,-0.282744,-0.089292,-0.787185,0.072174,0.036261,-0.080161,-0.215809,0.221974,-0.950869,-0.696169,-0.717813,-0.009566,-0.68467,0.659902,0.309443,-0.022581,-0.005942,0.002223,5.387755,0.357974,-0.909478,0.32346
42,0.067207,0.02944,0.323369,-0.254946,0.201736,-0.945701,-0.541799,-0.839837,-0.033149,-0.800612,0.503674,0.324592,-0.033927,-0.019604,-0.001941,0.570951,0.324648,0.633802,0.348326,-0.120722,0.053896,0.306827,0.46818,0.364901,0.804765,-0.809843,0.541391,0.225797,-0.353866,-0.757894,0.547941,0.036351,0.019679,-0.038625,-1.172654,-0.743751,-0.625843,-1.403459,0.029351,0.042989,-0.03013,-0.382252,-0.413905,0.826175,0.816993,-0.569117,0.092882,0.431747,0.710484,0.555704,0.012746,0.003145,-0.01578,-4.414128,-1.599247,-2.824336,-0.78294,0.071402,0.035947,-0.080163,-0.215438,0.244343,-0.945452,-0.663934,-0.746628,-0.04167,-0.716084,0.618741,0.32308,-0.023924,-0.009082,-0.000774,1.725125,0.570238,0.324505,0.294884
43,0.066414,0.028933,0.323386,-0.261085,0.204507,-0.943428,-0.508911,-0.859596,-0.045554,-0.819966,0.467969,0.329679,-0.036529,-0.03313,0.003665,5.387089,0.578781,-1.374349,0.336666,-0.120119,0.054157,0.306161,0.465792,0.390232,0.794196,-0.823921,0.518483,0.228611,-0.323131,-0.76132,0.561998,0.036099,0.021238,-0.03735,0.21063,-0.720993,0.233884,-1.403553,0.029944,0.043248,-0.030791,-0.374566,-0.463478,0.803048,0.849287,-0.51902,0.096582,0.372035,0.718196,0.588034,0.011645,0.009948,-0.018503,-3.811623,-2.244402,-3.158145,-0.776734,0.070614,0.035389,-0.080131,-0.228005,0.249365,-0.941185,-0.603776,-0.79456,-0.064251,-0.763851,0.553616,0.331724,-0.018378,-0.016703,0.001698,1.572367,0.232681,-0.224173,0.266471
44,0.064917,0.027716,0.323524,-0.275546,0.203904,-0.939437,-0.445885,-0.89285,-0.063066,-0.8513,0.401244,0.338109,-0.036277,-0.031948,0.004643,5.218645,0.720701,-1.58384,0.330826,-0.118979,0.054654,0.304886,0.45097,0.439056,0.777076,-0.853136,0.467682,0.231013,-0.262544,-0.767671,0.584478,0.025121,0.008608,-0.029793,0.25216,-0.780958,0.06843,-1.403225,0.030217,0.043367,-0.031094,-0.369574,-0.484636,0.792806,0.863106,-0.495081,0.099706,0.344182,0.721125,0.601262,0.018804,0.005998,-0.014265,-1.187799,-0.804909,-0.439887,-0.773305,0.070268,0.035094,-0.080097,-0.233836,0.250167,-0.93954,-0.581276,-0.810588,-0.071162,-0.779383,0.529492,0.33496,-0.018097,-0.015892,0.002426,0.204901,0.543394,0.59408,0.260756
45,0.063514,0.026628,0.323754,-0.292886,0.190948,-0.936911,-0.378927,-0.922785,-0.06967,-0.877513,0.334373,0.343793,-0.034674,-0.027558,0.008685,1.592601,0.399591,-0.324835,0.33325,-0.118064,0.055145,0.303849,0.436943,0.472933,0.765119,-0.875643,0.41795,0.241869,-0.205924,-0.776236,0.595749,0.024149,0.014007,-0.025171,0.098723,-0.264255,0.35082,-1.403508,0.030685,0.043609,-0.03163,-0.35743,-0.51976,0.775946,0.888041,-0.446396,0.110051,0.289179,0.728408,0.621124,0.012008,0.007473,-0.012193,0.077164,-0.276844,0.359622,-0.762365,0.069549,0.034529,-0.079988,-0.253829,0.239029,-0.937248,-0.516305,-0.852873,-0.077684,-0.817923,0.464188,0.339896,-0.017453,-0.013983,0.004124,5.349253,0.857589,-1.588847,0.256184
46,0.062298,0.025797,0.324163,-0.316437,0.15748,-0.935475,-0.274494,-0.959119,-0.068666,-0.907657,0.234851,0.347894,-0.018485,-0.023666,0.013433,1.527799,0.181289,-0.645875,0.361995,-0.117272,0.055462,0.303098,0.419577,0.500257,0.757423,-0.893691,0.373456,0.248557,-0.159032,-0.781806,0.602786,0.010905,0.014912,-0.022756,0.08829,-0.140284,0.19552,-1.403088,0.031086,0.043769,-0.032005,-0.341849,-0.546641,0.764409,0.907655,-0.402834,0.117836,0.243516,0.734102,0.633871,0.012796,0.002509,-0.008029,0.04762,-0.124781,0.179808,-0.762528,0.068944,0.03411,-0.079794,-0.281828,0.211932,-0.935765,-0.422458,-0.90308,-0.077297,-0.861453,0.373537,0.344045,-0.015818,-0.009945,0.007983,0.404486,0.091156,-0.277099,0.278065
47,0.061807,0.025558,0.324414,-0.323445,0.14477,-0.935131,-0.240576,-0.968317,-0.066753,-0.914771,0.203193,0.349191,-0.016926,-0.019851,0.01705,1.484044,0.169114,-0.636487,0.361261,-0.116915,0.055585,0.302812,0.414023,0.50828,0.755135,-0.898629,0.360082,0.250479,-0.145101,-0.782915,0.604857,0.01232,0.005802,-0.013678,0.020878,-0.141925,0.152141,-1.403162,0.031269,0.043834,-0.032158,-0.336964,-0.554545,0.760877,0.912989,-0.389883,0.120172,0.230012,0.735166,0.63767,0.006128,0.003147,-0.006638,0.024099,-0.137904,0.153722,-0.759426,0.068697,0.033986,-0.079672,-0.290585,0.200291,-0.935651,-0.390327,-0.917599,-0.075203,-0.873616,0.343357,0.34482,-0.007518,-0.004009,0.004913,-0.029219,0.033937,-0.048431,0.291618
48,0.061081,0.025328,0.325012,-0.33102,0.130801,-0.934538,-0.206583,-0.976349,-0.063537,-0.92034,0.171858,0.351377,-0.012599,-0.00216,0.01532,0.104909,0.029919,-0.071874,0.359643,-0.116402,0.05572,0.302463,0.403741,0.516399,0.755193,-0.906789,0.334921,0.255921,-0.121264,-0.788761,0.602507,0.000943,-0.004869,-0.004292,-0.094343,0.144249,0.091681,-1.403333,0.031526,0.043905,-0.03233,-0.326902,-0.562885,0.75914,0.922282,-0.365302,0.126291,0.206228,0.741427,0.638557,0.006715,-0.00078,-0.001545,-0.120354,0.157831,0.181823,-0.76955,0.068322,0.033864,-0.079367,-0.3015,0.185764,-0.935194,-0.352768,-0.932967,-0.071592,-0.885805,0.308322,0.346821,-0.007103,-0.006634,0.011667,0.396181,0.07411,-0.207687,0.293741
49,0.060541,0.025196,0.325795,-0.339182,0.112801,-0.933957,-0.160908,-0.985093,-0.060597,-0.926453,0.129581,0.35344,-0.011371,0.000758,0.018058,0.007316,0.023204,-0.035249,0.365938,-0.115962,0.055625,0.302376,0.390102,0.525997,0.755738,-0.915601,0.307895,0.258477,-0.097204,-0.793432,0.600733,0.015366,-0.013349,0.003652,-0.040875,0.011044,-0.013561,-1.403038,0.03174,0.043864,-0.032373,-0.313704,-0.572455,0.757551,0.931854,-0.338793,0.129869,0.182309,0.746668,0.639725,0.00658,-8.7e-05,-0.000936,0.002057,-0.0246,0.014762,-0.760895,0.068054,0.033801,-0.078972,-0.312334,0.169174,-0.934787,-0.308929,-0.948617,-0.068456,-0.898337,0.267402,0.348548,-0.006423,-0.005006,0.013197,0.067935,0.052053,-0.084177,0.296843
50,0.06033,0.02511,0.326248,-0.342171,0.105869,-0.933679,-0.143982,-0.987788,-0.059296,-0.928133,0.114005,0.354398,-0.010563,0.002669,0.019845,-0.034457,0.004526,0.004432,0.370934,-0.115763,0.055508,0.302339,0.386938,0.528221,0.755813,-0.91744,0.302286,0.258574,-0.092358,-0.794114,0.600596,0.013651,-0.002695,-0.004084,-0.010827,-0.000549,-0.001054,-1.403069,0.031838,0.043812,-0.032386,-0.310602,-0.574774,0.757074,0.933801,-0.333319,0.13005,0.177598,0.747351,0.640254,0.006837,-0.001395,-0.002092,-0.1115,-0.036526,-0.083349,-0.758936,0.067948,0.033758,-0.078746,-0.316369,0.162755,-0.934569,-0.292609,-0.953876,-0.067064,-0.90238,0.252247,0.349401,-0.006281,-0.004659,0.013516,-0.071506,0.042739,-0.031495,0.302395
51,0.060081,0.024917,0.327228,-0.347422,0.102072,-0.932161,-0.133694,-0.989277,-0.058554,-0.927715,0.104148,0.358505,-0.011457,-0.00674,0.029387,-0.04675,0.233303,-0.144904,0.372276,-0.115597,0.055264,0.302121,0.380025,0.532483,0.75633,-0.921206,0.290971,0.258166,-0.083063,-0.795499,0.600121,0.001536,-0.007835,-0.00694,-0.115574,-0.020403,-0.111789,-1.402797,0.031926,0.043686,-0.032493,-0.303794,-0.579155,0.756497,0.937742,-0.322085,0.129997,0.168368,0.748892,0.640946,0.000795,-0.004036,-0.003578,-0.115179,-0.019962,-0.111793,-0.763508,0.067825,0.033668,-0.078256,-0.32208,0.160081,-0.933079,-0.282858,-0.956851,-0.066522,-0.903468,0.242504,0.353463,0.001108,-0.004624,0.01408,-0.049188,0.099946,0.080545,0.310233
52,0.060067,0.024817,0.328293,-0.351176,0.092925,-0.931711,-0.111856,-0.992083,-0.056843,-0.929185,0.084133,0.35995,0.004695,0.003874,0.021966,0.105271,-0.001554,-0.019487,0.372449,-0.11555,0.054925,0.30181,0.3633,0.544973,0.755652,-0.929319,0.26876,0.253119,-0.065588,-0.794869,0.603113,0.002053,-0.01047,-0.009305,0.155984,-0.20534,-0.267793,-1.403451,0.031949,0.043522,-0.032644,-0.288248,-0.590874,0.753511,0.945578,-0.299714,0.126696,0.150977,0.749025,0.64511,0.000929,-0.004729,-0.004205,0.269145,-0.391831,-0.401619,-0.771509,0.067812,0.033614,-0.077721,-0.327236,0.151419,-0.932731,-0.261864,-0.962949,-0.064453,-0.907933,0.223158,0.354763,0.00149,-0.003703,0.014908,0.397937,0.038647,-0.160531,0.311376
53,0.060179,0.024835,0.329336,-0.354742,0.092281,-0.930424,-0.107605,-0.992517,-0.05747,-0.928328,0.079609,0.363176,0.00569,0.006269,0.024097,5.108912,0.310287,-1.971087,0.376785,-0.1155,0.054523,0.301456,0.341841,0.56118,0.7538,-0.938675,0.241195,0.24627,-0.044026,-0.792447,0.608237,0.002014,-0.010272,-0.009165,-0.207092,-0.341673,-0.539193,-1.403119,0.031974,0.043317,-0.032825,-0.26746,-0.607587,0.747865,0.954656,-0.272406,0.120104,0.13075,0.746078,0.652894,0.001054,-0.005364,-0.004793,-1.012877,-0.755818,-1.339342,-0.775428,0.06787,0.033624,-0.077191,-0.3307,0.152037,-0.931408,-0.259421,-0.963562,-0.065177,-0.907379,0.220073,0.358091,0.002822,0.003263,0.012064,5.104655,0.286685,-1.978075,0.314968
54,0.060271,0.024848,0.329869,-0.355286,0.092033,-0.930241,-0.108382,-0.992468,-0.056852,-0.928029,0.080501,0.363743,0.003879,-0.005282,0.031645,-0.065476,0.121065,-0.145773,0.378642,-0.115509,0.054316,0.301264,0.33365,0.567173,0.752984,-0.941981,0.230241,0.244123,-0.035312,-0.791445,0.610108,0.002197,-0.011216,-0.010027,-0.330791,-0.15353,-0.409691,-1.403163,0.031971,0.04321,-0.032923,-0.258767,-0.614502,0.745269,0.958167,-0.260972,0.117506,0.122288,0.7445,0.656327,0.001106,-0.005625,-0.005029,-0.361913,-0.124614,-0.384838,-0.777061,0.067917,0.033633,-0.076922,-0.331443,0.151175,-0.931284,-0.25849,-0.96386,-0.064467,-0.907374,0.219361,0.358542,0.001955,-0.002572,0.015886,-0.067888,0.118641,-0.146649,0.316928
55,0.060439,0.024935,0.330944,-0.361644,0.093886,-0.927602,-0.110376,-0.992214,-0.057451,-0.925328,0.081484,0.370347,0.005451,0.00576,0.023467,-0.031295,0.000141,0.040907,0.383286,-0.115502,0.053928,0.300926,0.317789,0.579154,0.75072,-0.947933,0.208701,0.240419,-0.017821,-0.788747,0.614348,0.001673,-0.008544,-0.007666,-0.173909,-0.381678,-0.58105,-1.403113,0.031975,0.043014,-0.033094,-0.24492,-0.624914,0.741279,0.963852,-0.239651,0.116428,0.104892,0.742999,0.661021,0.000814,-0.004162,-0.003751,-0.874052,-1.01247,-1.31279,-0.774448,0.068,0.033677,-0.076391,-0.337691,0.154181,-0.928543,-0.26046,-0.963278,-0.065225,-0.904502,0.219823,0.365448,-0.004716,-0.000946,0.016813,-0.071385,0.004585,-0.019235,0.322153
56,0.060377,0.024853,0.331945,-0.368909,0.105949,-0.923432,-0.12437,-0.990157,-0.063977,-0.920667,0.091107,0.379605,0.001201,-0.011622,0.0257,-0.007305,0.173144,0.329093,0.384205,-0.115407,0.053697,0.300712,0.316674,0.581248,0.749574,-0.948294,0.20914,0.238606,-0.018461,-0.787091,0.61645,0.01361,-0.002066,-0.003608,0.004601,-0.018741,0.026049,-1.403102,0.032024,0.042892,-0.033208,-0.242642,-0.62839,0.739087,0.96431,-0.239455,0.112991,0.105976,0.740126,0.664064,0.00678,-0.000885,-0.001671,-0.009287,-0.001061,0.041179,-0.771509,0.067975,0.033647,-0.075874,-0.342806,0.167066,-0.92443,-0.274069,-0.959034,-0.071688,-0.898537,0.228782,0.37455,0.00048,-0.006065,0.012622,-0.004575,0.188138,0.338979,0.325256
57,0.054981,0.024249,0.333874,-0.398432,0.209305,-0.893023,-0.27798,-0.955358,-0.09995,-0.873586,0.208152,0.43994,-0.011883,0.006664,0.004999,8.1e-05,0.106796,-0.172545,0.451958,-0.111592,0.05337,0.302036,0.293194,0.596662,0.74701,-0.955819,0.197691,0.2174,-0.018317,-0.77848,0.627292,0.01309,0.000746,-0.001115,-0.00028,0.002231,0.006404,-1.403361,0.033923,0.042743,-0.032537,-0.220106,-0.643821,0.732835,0.969594,-0.226764,0.091996,0.106952,0.730802,0.674158,6e-05,-0.0003,-0.000274,-0.006366,0.00747,0.006435,-0.766284,0.065273,0.033325,-0.074927,-0.356137,0.273665,-0.893461,-0.420404,-0.900843,-0.108352,-0.834521,0.337027,0.435874,-0.005969,0.003273,0.002452,-0.000571,0.014765,-0.029769,0.428129
58,0.054636,0.024406,0.334162,-0.399749,0.208014,-0.892735,-0.277658,-0.955613,-0.098395,-0.873085,0.208277,0.440875,-0.011258,0.008072,0.006276,-0.000984,0.014715,-0.029553,0.447477,-0.111447,0.053285,0.302033,0.291523,0.598452,0.746231,-0.956318,0.197574,0.215303,-0.018939,-0.777136,0.628939,0.000265,-0.00127,-0.001139,0.005747,-0.007823,-0.007027,-1.402993,0.034002,0.042693,-0.032539,-0.218496,-0.645676,0.731683,0.969867,-0.226501,0.089746,0.10778,0.729245,0.67571,0.000169,-0.000817,-0.000735,-0.010452,0.011038,0.008232,-0.76808,0.065098,0.03341,-0.074777,-0.357764,0.272495,-0.893168,-0.420075,-0.901196,-0.106681,-0.833991,0.337031,0.436884,-0.005562,0.004201,0.003295,-0.000712,0.014744,-0.029692,0.418985
59,0.054485,0.024454,0.334356,-0.400313,0.207526,-0.892596,-0.277686,-0.955675,-0.097714,-0.872818,0.208481,0.441308,-0.012593,-0.002188,0.015089,-0.034326,0.021071,-0.019119,0.447483,-0.11145,0.053248,0.302015,0.291423,0.598417,0.746298,-0.956348,0.197483,0.215249,-0.018924,-0.777186,0.628877,0.00025,-0.001195,-0.001072,8.4e-05,-0.000114,-0.000103,-1.403085,0.034001,0.042674,-0.032549,-0.218496,-0.645502,0.731837,0.96988,-0.226391,0.089882,0.107662,0.729434,0.675525,0.000156,-0.000746,-0.000673,-0.00286,0.003626,0.003123,-0.76857,0.065028,0.033436,-0.074686,-0.358378,0.272104,-0.893041,-0.420095,-0.901264,-0.106025,-0.833717,0.337166,0.437303,-0.005502,0.00433,0.003409,-0.000765,0.014741,-0.029679,0.417025
60,0.054324,0.024503,0.334736,-0.399794,0.209394,-0.892393,-0.283655,-0.95401,-0.096833,-0.871136,0.214152,0.441915,0.000377,-0.006346,0.012382,-0.033161,0.021947,-0.013807,0.446133,-0.111542,0.053166,0.301943,0.290913,0.59824,0.746639,-0.956502,0.197147,0.214872,-0.019003,-0.777407,0.628601,0.000584,-0.0028,-0.002515,-0.002751,0.018013,-0.022323,-1.402801,0.033954,0.042636,-0.032583,-0.217994,-0.64533,0.732138,0.969988,-0.226051,0.089565,0.107702,0.729691,0.675241,-0.006186,-0.002111,-0.001001,-0.001919,0.015304,-0.02903,-0.769713,0.064944,0.033462,-0.074487,-0.357595,0.273868,-0.892816,-0.42577,-0.898701,-0.105142,-0.83117,0.342536,0.437976,0.000207,-0.003121,0.006242,-0.032876,0.021976,-0.014018,0.414739
61,0.054254,0.024522,0.335125,-0.400689,0.208773,-0.892137,-0.28394,-0.954031,-0.09579,-0.870631,0.214666,0.44266,0.000762,-0.005469,0.013171,-0.033331,0.006389,0.010451,0.439472,-0.111643,0.053033,0.301841,0.290135,0.597959,0.747166,-0.956737,0.196603,0.214326,-0.019087,-0.777761,0.628161,0.002717,-0.015147,0.003733,-0.03944,0.026187,-0.041249,-1.402846,0.033903,0.042574,-0.032636,-0.217176,-0.645098,0.732586,0.970164,-0.22551,0.089028,0.107774,0.730063,0.674826,0.000277,-0.00133,-0.001193,0.000122,3e-05,0.000105,-0.770366,0.064913,0.03347,-0.074301,-0.358578,0.273381,-0.892571,-0.426028,-0.898699,-0.104108,-0.830615,0.34293,0.438722,0.000162,-0.00322,0.006146,-0.03178,0.129322,-0.181372,0.409187
62,0.054244,0.02449,0.335311,-0.4011,0.208531,-0.892009,-0.284153,-0.954015,-0.095313,-0.870372,0.214971,0.443022,0.000353,-0.006398,0.012325,-0.033164,0.021937,-0.013816,0.438873,-0.111671,0.052972,0.301805,0.288185,0.596515,0.749073,-0.957296,0.196043,0.212331,-0.02054,-0.77901,0.626566,0.000489,-0.002349,-0.002113,5e-06,1.2e-05,-1e-05,-1.402725,0.033891,0.042535,-0.032656,-0.21493,-0.643792,0.734394,0.970519,-0.224774,0.08699,0.109069,0.731441,0.673124,0.000251,-0.001192,-0.001072,-0.001943,-0.003952,0.002847,-0.770203,0.064905,0.033459,-0.074203,-0.359007,0.273211,-0.89245,-0.426241,-0.898651,-0.103644,-0.830319,0.343191,0.439076,0.001208,0.002764,0.002508,0.001146,0.091761,-0.143311,0.406738
63,0.054224,0.02434,0.335688,-0.401543,0.208482,-0.891821,-0.284919,-0.953842,-0.094755,-0.869917,0.215782,0.443521,-0.000557,-0.008466,0.010449,-0.03317,0.021921,-0.013826,0.432405,-0.111676,0.052857,0.301705,0.287845,0.596378,0.749313,-0.957398,0.195803,0.212093,-0.020577,-0.779175,0.626359,0.000464,-0.002232,-0.002009,0.0,-0.0,-0.0,-1.402982,0.033888,0.042478,-0.032705,-0.214592,-0.643698,0.734576,0.970594,-0.224527,0.086791,0.109065,0.731601,0.672951,0.000259,-0.00124,-0.001116,-0.002719,0.017944,-0.022199,-0.767753,0.064896,0.033388,-0.074012,-0.359455,0.273228,-0.892265,-0.42697,-0.898369,-0.10309,-0.829751,0.343914,0.439583,0.000654,0.001501,0.00136,0.000109,1.2e-05,-6.9e-05,0.401023
64,0.054132,0.024076,0.336027,-0.402319,0.208153,-0.891548,-0.28565,-0.953716,-0.093825,-0.869318,0.216658,0.444268,-0.000985,-0.00944,0.009572,-0.033323,0.006411,0.010463,0.414675,-0.111619,0.052818,0.301676,0.287839,0.596355,0.749333,-0.9574,0.195775,0.212109,-0.020555,-0.779199,0.62633,0.012963,0.001459,-0.000481,0.002045,-0.015205,0.029245,-1.402895,0.033912,0.042457,-0.03272,-0.214565,-0.643673,0.734606,0.970603,-0.224488,0.086794,0.109043,0.731634,0.672919,0.000131,-0.000628,-0.000565,5.8e-05,2e-05,2.9e-05,-0.770039,0.06485,0.033258,-0.073846,-0.360274,0.27301,-0.892001,-0.427652,-0.898151,-0.102166,-0.829045,0.344658,0.440334,-0.000793,-0.00539,0.00418,-0.033108,0.02192,-0.013896,0.386163
65,0.053908,0.023776,0.3363,-0.403313,0.207559,-0.891237,-0.286217,-0.953662,-0.092634,-0.86867,0.217462,0.445141,-0.001767,-0.011213,0.007972,-0.033178,0.021898,-0.013844,0.408292,-0.111455,0.05284,0.301713,0.286354,0.595022,0.750961,-0.957816,0.195495,0.210484,-0.021911,-0.780287,0.624928,0.014558,-0.008293,0.008105,-0.034593,-0.006911,0.010202,-1.403001,0.033999,0.042466,-0.032704,-0.212862,-0.642459,0.736162,0.970838,-0.22411,0.085134,0.110287,0.732816,0.671429,0.007255,-0.004033,0.004154,-0.036937,-0.01155,0.013462,-0.770856,0.064737,0.033101,-0.073703,-0.361368,0.272578,-0.891691,-0.428249,-0.898003,-0.100954,-0.82826,0.345384,0.441241,-0.000913,-0.005665,0.003936,-0.033131,0.021899,-0.01388,0.370977
66,0.05376,0.023639,0.336424,-0.403757,0.207286,-0.891099,-0.286485,-0.953635,-0.092086,-0.868375,0.217842,0.445531,-0.015179,-0.008043,0.009768,-0.034162,0.036611,-0.043399,0.400004,-0.111343,0.05287,0.301749,0.286647,0.595102,0.750785,-0.95773,0.195652,0.210729,-0.021833,-0.780187,0.625056,0.014642,-0.008691,0.007746,-0.034645,-0.007057,0.010305,-1.403193,0.034049,0.042487,-0.032687,-0.213196,-0.642542,0.735994,0.970772,-0.224301,0.085383,0.110222,0.732686,0.671582,-0.000126,0.000596,0.000533,-0.000287,-0.000658,0.000486,-0.771019,0.064663,0.033032,-0.073641,-0.36185,0.272375,-0.891557,-0.428512,-0.897938,-0.100408,-0.827913,0.345711,0.441635,-0.007622,-0.004087,0.004828,-0.034125,0.036632,-0.043438,0.364119
67,0.053511,0.02348,0.336644,-0.404666,0.206624,-0.890841,-0.286752,-0.953659,-0.090995,-0.867862,0.218365,0.446273,0.000148,0.000335,0.000303,0.0,0.0,0.0,0.392278,-0.111105,0.05292,0.301799,0.287105,0.595197,0.750534,-0.957595,0.195897,0.211114,-0.021718,-0.780053,0.625227,0.012714,0.002644,0.000581,0.002045,-0.015205,0.029245,-1.402792,0.034168,0.042509,-0.032658,-0.213674,-0.642614,0.735792,0.970681,-0.224543,0.085777,0.110096,0.732548,0.671752,0.006351,0.00135,0.000312,0.002076,-0.015202,0.029269,-0.771836,0.064538,0.032951,-0.073533,-0.362851,0.271858,-0.891308,-0.428786,-0.897929,-0.099318,-0.827333,0.346143,0.442383,-0.006498,0.002073,0.001338,-0.000958,0.0147,-0.029575,0.349586
