frame,MLTx,MLTy,MLTz,MLTR1,MLTR2,MLTR3,MLTR4,MLTR5,MLTR6,MLTR7,MLTR8,MLTR9,MLTTVx,MLTTVy,MLTTVz,MLTRVx,MLTRVy,MLTRVz,MLGA,MRTx,MRTy,MRTz,MRTR1,MRTR2,MRTR3,MRTR4,MRTR5,MRTR6,MRTR7,MRTR8,MRTR9,MRTTVx,MRTTVy,MRTTVz,MRTRVx,MRTRVy,MRTRVz,MRGA,SLTx,SLTy,SLTz,SLTR1,SLTR2,SLTR3,SLTR4,SLTR5,SLTR6,SLTR7,SLTR8,SLTR9,SLTTVx,SLTTVy,SLTTVz,SLTRVx,SLTRVy,SLTRVz,SLGA,SRTx,SRTy,SRTz,SRTR1,SRTR2,SRTR3,SRTR4,SRTR5,SRTR6,SRTR7,SRTR8,SRTR9,SRTTVx,SRTTVy,SRTTVz,SRTRVx,SRTRVy,SRTRVz,SRGA
133,0.130412,-0.023518,0.407241,0.709852,0.644426,-0.284378,-0.704311,0.651456,-0.281999,0.002643,0.399673,0.916669,0.043932,0.014961,0.009307,-0.004547,0.015718,-0.070344,-1.591587,-0.094037,-0.009383,0.410858,-0.014242,0.706777,0.707287,-0.858938,0.353513,-0.370391,-0.511769,-0.613673,0.601134,0.005251,-0.02551,-3.7e-05,0.008307,0.120518,-0.306355,-1.059606,0.048757,0.036832,-0.006388,0.175243,-0.683693,0.708415,0.889314,-0.198778,-0.411834,0.422385,0.702175,0.573183,0.002657,-0.012888,-0.000105,-0.001046,0.11534,-0.299168,-0.85593,0.074884,0.024532,-0.067398,0.845576,0.47277,-0.24797,-0.528431,0.807258,-0.262857,0.075905,0.353301,0.932425,0.021937,0.007374,0.004556,0.002149,0.004641,-0.073344,-0.858601
134,0.130999,-0.023228,0.407424,0.712415,0.641967,-0.283529,-0.701644,0.657829,-0.27373,0.009897,0.393153,0.919434,0.029974,0.01429,0.00902,-0.006219,0.020103,-0.073645,-1.590135,-0.09378,-0.009909,0.410945,-0.021095,0.706931,0.706962,-0.857208,0.351171,-0.376572,-0.514417,-0.614839,0.597672,0.006651,-0.034102,0.010524,-0.072225,0.021598,-0.100459,-1.070748,0.048884,0.036578,-0.006351,0.181882,-0.682629,0.707768,0.886909,-0.196938,-0.41786,0.42463,0.703727,0.569611,0.008973,-0.010857,0.00056,-0.042911,-0.009329,-0.014182,-0.859523,0.075166,0.024672,-0.06731,0.847488,0.469704,-0.247267,-0.52452,0.81255,-0.254245,0.081497,0.345166,0.934996,0.014898,0.00667,0.004174,0.011172,-0.051684,0.11237,-0.857621
135,0.131994,-0.022988,0.407861,0.711539,0.643037,-0.283302,-0.702498,0.658396,-0.270154,0.011915,0.39045,0.920562,0.015264,0.0004,0.016377,-0.042299,0.056227,-0.148502,-1.590944,-0.09316,-0.010954,0.411269,-0.032601,0.707043,0.706413,-0.853791,0.34778,-0.38733,-0.519462,-0.616638,0.591422,0.019044,-0.028781,0.012642,-0.064477,-0.000957,-0.047979,-1.076934,0.04919,0.036049,-0.006193,0.193237,-0.68068,0.706635,0.882413,-0.194305,-0.428474,0.428957,0.706342,0.563094,0.002309,-0.01133,0.000833,-0.029391,0.025275,-0.083783,-0.860176,0.07567,0.024799,-0.067093,0.846893,0.470893,-0.247045,-0.525281,0.813124,-0.250813,0.082772,0.34218,0.935981,0.014352,-0.000663,0.007496,-0.031639,-0.027429,0.066507,-0.870521
136,0.132809,-0.022927,0.408378,0.71921,0.634416,-0.283371,-0.694521,0.667181,-0.26922,0.017362,0.38965,0.920814,0.01513,-0.000212,0.015947,-0.03354,-0.012911,0.037879,-1.579192,-0.092637,-0.012022,0.411633,-0.049123,0.706479,0.706021,-0.846755,0.345479,-0.404455,-0.529559,-0.618576,0.580339,0.019337,-0.029839,0.011935,-0.065405,0.008559,-0.075177,-1.131892,0.04945,0.035519,-0.006007,0.209393,-0.677162,0.705412,0.874228,-0.193524,-0.445278,0.438039,0.709929,0.551472,0.002299,-0.01125,0.000871,-0.033851,0.012049,-0.052204,-0.863932,0.076076,0.024824,-0.066839,0.852297,0.460865,-0.24737,-0.515627,0.819718,-0.249377,0.087844,0.340094,0.936279,0.007605,0.00456,0.002856,0.002972,-0.024567,0.056019,-0.871501
137,0.133167,-0.022805,0.409026,0.726049,0.626909,-0.282636,-0.687089,0.677424,-0.262636,0.025907,0.384109,0.922939,0.001989,0.003401,0.018499,-0.033221,-0.008127,0.035237,-1.557892,-0.09201,-0.013185,0.411976,-0.070617,0.705706,0.704971,-0.836863,0.342738,-0.426761,-0.542666,-0.620981,0.565473,0.018351,-0.022765,0.000303,-0.03023,0.007575,-0.052082,-1.185782,0.049764,0.034937,-0.00583,0.230352,-0.672571,0.703268,0.862938,-0.192833,-0.467067,0.449749,0.714467,0.535968,0.0099,-0.015821,0.00536,-0.066849,-0.002677,-0.046176,-0.860502,0.076259,0.024878,-0.066525,0.857198,0.451958,-0.246867,-0.506177,0.827701,-0.242269,0.094837,0.332631,0.938275,0.000912,0.001266,0.008957,-0.029668,0.001262,0.008165,-0.865786
138,0.133221,-0.022791,0.409389,0.725751,0.627443,-0.282218,-0.687322,0.678504,-0.259214,0.027936,0.381325,0.924033,0.001754,0.00198,0.01756,-0.034496,0.00182,0.008218,-1.529044,-0.091608,-0.013764,0.412099,-0.079162,0.703612,0.706155,-0.834033,0.341298,-0.433403,-0.545824,-0.624143,0.558913,0.020308,-0.033596,0.009448,-0.100524,0.162726,-0.22704,-1.19664,0.049971,0.03464,-0.005768,0.238302,-0.668874,0.704143,0.859601,-0.192164,-0.473452,0.451991,0.718108,0.529173,0.010178,-0.016927,0.004629,-0.113286,0.146046,-0.228323,-0.860502,0.076287,0.024889,-0.066335,0.85703,0.452515,-0.246431,-0.506215,0.828684,-0.238805,0.096151,0.329411,0.939278,0.000886,0.001113,0.008853,-0.031334,0.001486,0.007966,-0.86007
139,0.133343,-0.02266,0.410156,0.729099,0.622324,-0.284907,-0.683515,0.682992,-0.257491,0.033434,0.381707,0.923693,0.002435,0.006163,0.020232,-0.050124,-0.159025,-0.019098,-1.48574,-0.090923,-0.014899,0.412197,-0.093249,0.703566,0.704479,-0.828277,0.337878,-0.446912,-0.552309,-0.626055,0.550339,0.00571,-0.026924,-0.001238,0.550684,0.355748,-0.556874,-1.226519,0.050305,0.034091,-0.005725,0.24992,-0.666965,0.701924,0.854121,-0.189609,-0.484277,0.456087,0.720559,0.522282,0.009332,-0.011858,-0.00022,-0.040744,-0.010568,-0.016598,-0.858053,0.076346,0.024946,-0.065958,0.85921,0.44686,-0.249144,-0.501461,0.832114,-0.236899,0.101456,0.328483,0.939044,0.001159,0.002795,0.009927,-0.056604,-0.215989,-0.038781,-0.85158
140,0.133279,-0.022385,0.411103,0.731972,0.617761,-0.287461,-0.680143,0.687134,-0.25539,0.038839,0.38169,0.923488,-0.010208,0.003697,0.035036,-0.070729,-0.009729,0.007408,-1.425853,-0.090398,-0.01592,0.412392,-0.110062,0.702988,0.702628,-0.819693,0.335668,-0.464075,-0.561916,-0.627892,0.538391,0.017808,-0.019825,0.002043,-0.029153,-0.002462,-0.025126,-1.273286,0.050579,0.033552,-0.005628,0.268574,-0.662864,0.698912,0.842988,-0.189335,-0.503509,0.466086,0.724405,0.507936,0.00887,-0.009783,0.001097,-0.043422,-0.010681,-0.013216,-0.864748,0.076319,0.02508,-0.065493,0.860864,0.441849,-0.252353,-0.497426,0.835204,-0.234521,0.107143,0.327418,0.938785,0.001557,0.005233,0.011468,-0.030893,0.005845,0.036979,-0.840476
141,0.13327,-0.022239,0.411648,0.735807,0.613245,-0.28734,-0.675818,0.691683,-0.25459,0.041702,0.380762,0.923747,0.003136,0.001732,0.033491,-0.069011,0.003445,0.016371,-1.411029,-0.09018,-0.016342,0.412518,-0.119146,0.702559,0.701575,-0.81456,0.334918,-0.473558,-0.567489,-0.628772,0.531475,0.005437,-0.028291,0.014028,-0.055099,0.019423,-0.08678,-1.296074,0.050688,0.033338,-0.005567,0.277367,-0.660833,0.697399,0.837352,-0.189633,-0.512719,0.471071,0.726181,0.500751,0.002653,-0.013886,0.007176,-0.067776,0.012185,-0.076155,-0.860013,0.076311,0.02516,-0.065204,0.863625,0.436582,-0.252085,-0.492104,0.83864,-0.233486,0.109473,0.325697,0.939114,0.001575,0.001015,0.016842,-0.067752,0.010269,0.017705,-0.838516
142,0.133318,-0.021938,0.412884,0.736508,0.61251,-0.28711,-0.674957,0.693157,-0.252859,0.043212,0.379264,0.924293,0.003592,0.004555,0.035184,-0.068975,0.003749,0.016482,-1.40701,-0.089876,-0.016833,0.412665,-0.126896,0.70243,0.700343,-0.810734,0.333403,-0.481131,-0.571264,-0.629721,0.526282,0.001123,-0.004735,-0.003097,-0.000919,0.009496,-0.027192,-1.368768,0.05084,0.033094,-0.005493,0.284779,-0.659364,0.695801,0.83303,-0.188919,-0.51997,0.4743,0.7277,0.49547,0.007708,-0.004785,0.00435,-0.035739,-0.016438,0.008315,-0.868667,0.076334,0.025309,-0.064599,0.864133,0.435728,-0.251822,-0.490982,0.839779,-0.231745,0.110498,0.323898,0.939616,0.001846,0.002689,0.017856,-0.067517,-0.005793,0.043178,-0.858274
143,0.13323,-0.02163,0.414196,0.736912,0.612177,-0.286783,-0.674419,0.694415,-0.250837,0.044668,0.377501,0.924946,0.003847,0.014796,0.025409,-0.033168,-0.007783,0.035364,-1.376104,-0.089774,-0.016896,0.412749,-0.132485,0.701914,0.699826,-0.806665,0.333982,-0.487525,-0.57573,-0.629989,0.521068,-0.0002,0.00084,0.00055,0.000129,7.2e-05,-0.000105,-1.383751,0.050892,0.033061,-0.005452,0.290215,-0.657851,0.694986,0.828788,-0.19029,-0.526212,0.478419,0.728711,0.489994,-0.000186,0.000774,0.000502,-0.007012,-0.003997,0.00586,-0.873729,0.07629,0.025461,-0.063938,0.864431,0.435323,-0.251497,-0.490231,0.840796,-0.229636,0.111493,0.321797,0.94022,0.001931,0.003217,0.018129,-0.067579,-0.005803,0.043324,-0.8635
144,0.133313,-0.021345,0.415605,0.737748,0.611293,-0.286519,-0.67338,0.696159,-0.248783,0.046461,0.375722,0.925582,0.003993,0.007039,0.036497,-0.06896,0.003848,0.016523,-1.350876,-0.089865,-0.016747,0.412706,-0.144179,0.697971,0.701456,-0.790428,0.345302,-0.505889,-0.595094,-0.628259,0.501016,-0.000325,0.00137,0.000896,0.57796,0.367178,-0.473095,-1.402449,0.050844,0.033142,-0.005469,0.300958,-0.651627,0.69628,0.814079,-0.204726,-0.543472,0.496688,0.730389,0.468862,-0.00018,0.000762,0.000496,0.621741,0.367221,-0.538216,-0.868667,0.076333,0.025609,-0.063223,0.865044,0.434242,-0.25126,-0.488844,0.842189,-0.227483,0.112826,0.31961,0.940807,0.001994,0.003641,0.018325,-0.068901,0.003888,0.016313,-0.862193
145,0.133452,-0.021303,0.416448,0.73824,0.61077,-0.286367,-0.672755,0.697263,-0.247378,0.047658,0.374526,0.926005,0.004086,-0.001027,0.047459,-0.103439,0.005786,0.024787,-1.347491,-0.089934,-0.016648,0.412605,-0.150937,0.694253,0.703719,-0.783191,0.350445,-0.51355,-0.602924,-0.629526,0.48994,-3.7e-05,0.000157,0.000102,-0.036781,0.203576,0.056691,-1.403474,0.050809,0.033195,-0.005518,0.306991,-0.646994,0.697964,0.807275,-0.211386,-0.551019,0.504046,0.732607,0.457409,-0.000774,0.004603,-0.005119,0.004857,0.324209,-0.114331,-0.867687,0.076401,0.02563,-0.06282,0.865388,0.43363,-0.251132,-0.488038,0.84303,-0.226094,0.113671,0.318221,0.941176,0.001994,-0.000676,0.02363,-0.104702,0.01538,-0.002536,-0.869705
146,0.133758,-0.021361,0.418282,0.739938,0.610072,-0.283458,-0.670976,0.699045,-0.24718,0.046427,0.372339,0.926949,0.003921,-0.001927,0.046779,-0.104039,0.022196,-2.7e-05,-1.322401,-0.090031,-0.01657,0.412311,-0.163883,0.686282,0.708626,-0.766508,0.363655,-0.529296,-0.620701,-0.630766,0.465541,0.000921,-0.003889,-0.002544,-0.075584,0.332977,-0.09286,-1.404128,0.050759,0.033239,-0.005661,0.318335,-0.636642,0.702388,0.79255,-0.227787,-0.565664,0.520121,0.736749,0.432058,-0.000181,0.002114,-0.006747,-0.063933,0.311242,0.106431,-0.852501,0.076555,0.025605,-0.0619,0.866887,0.432438,-0.247995,-0.485824,0.844361,-0.225894,0.111712,0.316307,0.942056,0.002013,-0.000478,0.023686,-0.110325,-0.011095,0.019339,-0.881135
147,0.133994,-0.021587,0.420226,0.743155,0.608291,-0.278833,-0.668021,0.698029,-0.257827,0.03687,0.377121,0.925444,0.0168,-0.005714,0.044084,-0.027294,0.036031,0.061277,-1.311301,-0.089993,-0.016648,0.412028,-0.168943,0.677172,0.716162,-0.749049,0.38411,-0.539739,-0.640333,-0.62847,0.441432,0.001273,-0.005372,-0.003521,-0.122,0.545409,-0.006753,-1.40415,0.050779,0.033198,-0.005804,0.321813,-0.627263,0.709208,0.778383,-0.251172,-0.575353,0.539032,0.737191,0.407421,1.5e-05,0.00129,-0.007293,-0.083689,0.610706,0.273617,-0.852828,0.076668,0.025502,-0.060946,0.869566,0.429733,-0.243275,-0.482852,0.843154,-0.236524,0.103476,0.323139,0.940677,0.001815,-0.001662,0.022904,0.769766,-0.127847,0.250025,-0.889626
148,0.134088,-0.021785,0.421204,0.743726,0.608765,-0.276263,-0.667611,0.697155,-0.261233,0.032638,0.377972,0.925257,0.016509,-0.016161,0.05365,-0.120241,0.139779,-0.15194,-1.294532,-0.089977,-0.016701,0.411907,-0.168898,0.672427,0.72063,-0.74071,0.395814,-0.542784,-0.64997,-0.626291,0.430304,-0.000299,0.003924,-0.0137,0.42223,1.047701,-0.47763,-1.404335,0.050787,0.033168,-0.00586,0.318552,-0.624074,0.71348,0.773582,-0.263834,-0.57616,0.547808,0.735473,0.398728,0.000614,-0.002559,-0.001681,-0.082727,0.266086,-0.166399,-0.855441,0.076715,0.025404,-0.060456,0.870178,0.429917,-0.24075,-0.482576,0.842293,-0.240129,0.099547,0.325136,0.940413,0.001613,-0.007255,0.027469,0.110147,0.099258,-0.09778,-0.892402
149,0.134354,-0.02251,0.423067,0.743898,0.609588,-0.273978,-0.667698,0.694814,-0.26718,0.026564,0.380938,0.924234,0.015058,-0.025136,0.048224,0.651287,-0.130369,0.171074,-1.240185,-0.089914,-0.016737,0.411806,-0.160786,0.664896,0.729419,-0.727887,0.419298,-0.542499,-0.666312,-0.61899,0.415625,0.000104,-0.000439,-0.000288,-0.063627,0.33057,-0.08401,-1.404336,0.050821,0.033143,-0.005922,0.312456,-0.615556,0.723506,0.764119,-0.289621,-0.576403,0.564351,0.732946,0.379865,3.5e-05,-0.000132,-9.2e-05,-0.005364,0.327781,-0.016623,-0.860829,0.076851,0.025051,-0.059501,0.870316,0.430905,-0.238474,-0.48329,0.840422,-0.245196,0.094762,0.328651,0.939685,0.000848,-0.011981,0.024551,2.488974,-0.491064,0.577639,-0.880482
150,0.134819,-0.023838,0.4248,0.746561,0.609398,-0.267072,-0.665165,0.691349,-0.28207,0.011813,0.387478,0.921818,0.013011,-0.038127,0.040459,-0.132061,0.206081,-0.196602,-1.29225,-0.089838,-0.016661,0.411835,-0.16434,0.65399,0.738431,-0.720863,0.431426,-0.542367,-0.673039,-0.622257,0.399598,0.012575,0.005119,0.002063,-0.108705,0.49579,0.027208,-1.404723,0.050854,0.03318,-0.005908,0.314509,-0.60491,0.731551,0.75913,-0.302412,-0.576426,0.569916,0.736634,0.364094,-0.000149,0.00063,0.00041,-0.107535,0.593785,0.226951,-0.861482,0.07708,0.024414,-0.058642,0.872899,0.429436,-0.231582,-0.481033,0.836845,-0.261337,0.081571,0.339519,0.937054,0.006376,-0.015312,0.014518,-0.034347,0.160739,0.005542,-0.889463
151,0.135244,-0.025178,0.426086,0.749004,0.609457,-0.260001,-0.662535,0.689089,-0.293555,-0.000682,0.391382,0.920243,0.012772,-0.031101,0.028795,-0.053636,0.714884,-0.253649,-1.450716,-0.089616,-0.016585,0.411813,-0.168971,0.648561,0.742165,-0.703542,0.448045,-0.551559,-0.689995,-0.616152,0.379641,-0.001044,0.007063,-0.01164,0.014881,0.153897,0.061484,-1.404551,0.050967,0.033226,-0.005907,0.318943,-0.597571,0.735652,0.744924,-0.321833,-0.584388,0.585971,0.734392,0.342499,0.006895,1.8e-05,-0.000642,-0.015257,0.121379,0.003943,-0.860013,0.077296,0.023714,-0.057988,0.874567,0.428336,-0.227286,-0.479369,0.834338,-0.272184,0.073047,0.346998,0.935016,0.006428,-0.015118,0.014653,-0.125572,0.054003,-0.226071,-0.906935
152,0.135345,-0.025648,0.426649,0.744349,0.615229,-0.259777,-0.667761,0.685673,-0.289688,-0.001034,0.388339,0.921531,0.000127,-0.025611,0.032411,-0.126375,0.160755,-0.433521,-1.47311,-0.089434,-0.016653,0.41174,-0.170443,0.645419,0.744563,-0.686857,0.464029,-0.55932,-0.706244,-0.607547,0.363276,0.014602,-0.003371,-0.003517,0.067557,0.617538,-0.162495,-1.404968,0.051051,0.033203,-0.005942,0.318537,-0.595815,0.737249,0.731086,-0.340639,-0.591165,0.603361,0.727301,0.327086,0.007409,-0.002124,-0.002057,1.959102,1.564927,-1.339486,-0.860176,0.077349,0.023474,-0.057721,0.87213,0.434969,-0.224028,-0.484318,0.832479,-0.269096,0.06945,0.343188,0.936695,8.8e-05,-0.012507,0.016382,-0.122424,0.070925,-0.254129,-0.907915
153,0.135344,-0.026136,0.4276,0.740594,0.618567,-0.262565,-0.671918,0.683147,-0.286022,0.00152,0.387486,0.921889,0.000995,-0.011284,0.025099,-0.151728,-0.394405,-0.375277,-1.398476,-0.089148,-0.017009,0.411657,-0.159921,0.640783,0.750875,-0.663178,0.493746,-0.562445,-0.730909,-0.588712,0.345041,0.002142,-0.008948,-0.005898,-0.100167,0.507857,-0.051868,-1.405123,0.0512,0.033022,-0.005986,0.308356,-0.592234,0.744429,0.712683,-0.374509,-0.593148,0.630078,0.713443,0.306593,0.001867,-0.009129,0.002126,-0.130198,0.587638,-0.019095,-0.861482,0.077348,0.023213,-0.057238,0.869565,0.439797,-0.224574,-0.488876,0.830864,-0.265828,0.06968,0.340944,0.937497,0.000607,-0.004833,0.013034,-0.164972,-0.487258,-0.374765,-0.902526
154,0.13514,-0.026277,0.428346,0.744737,0.612334,-0.265441,-0.66728,0.688045,-0.285138,0.007104,0.388721,0.921343,-0.01214,-9.2e-05,0.016174,-0.052241,-0.093627,-0.055254,-1.234337,-0.088933,-0.017334,0.411612,-0.162342,0.630472,0.75904,-0.65828,0.503897,-0.559186,-0.734788,-0.591229,0.332262,0.014447,-0.002589,-0.003026,-0.08629,0.377795,0.139849,-1.405272,0.051305,0.032849,-0.006015,0.309561,-0.581472,0.752371,0.709918,-0.385067,-0.589694,0.632604,0.716668,0.293596,0.000544,-0.002256,-0.001496,-0.100202,0.464898,0.171933,-0.85789,0.077246,0.023143,-0.056853,0.871573,0.432819,-0.230273,-0.484047,0.834256,-0.264034,0.077828,0.341588,0.936621,-0.006079,0.0,0.008116,-0.050929,-0.081655,-0.051966,-0.852886
155,0.134989,-0.026319,0.428648,0.744858,0.612081,-0.265685,-0.667157,0.687337,-0.287124,0.00594,0.390365,0.920655,-0.012333,-0.001339,0.015424,-0.0357,0.015127,-0.021767,-1.175813,-0.088658,-0.017358,0.411582,-0.163557,0.627693,0.76108,-0.654881,0.50795,-0.55951,-0.737549,-0.590714,0.327021,0.012345,0.008899,-0.011755,0.041793,0.18545,0.061499,-1.405112,0.051444,0.03283,-0.006029,0.310773,-0.577988,0.754552,0.707547,-0.389402,-0.589696,0.634662,0.717143,0.287938,0.006984,-0.000268,-0.000843,0.102921,0.257241,-0.11604,-0.859523,0.077176,0.023125,-0.056706,0.871656,0.432538,-0.23049,-0.484024,0.833609,-0.26611,0.077035,0.34352,0.93598,0.000412,-0.001713,0.006942,-0.037051,0.025052,-0.015726,-0.831495
156,0.134694,-0.02634,0.429025,0.748208,0.60649,-0.269072,-0.663374,0.689349,-0.29104,0.008036,0.395505,0.918443,-0.012887,-0.004865,0.013313,-0.036922,0.025235,-0.048765,-1.148541,-0.087994,-0.017244,0.411444,-0.160785,0.621866,0.766435,-0.640835,0.524872,-0.560155,-0.750382,-0.582001,0.313151,0.014004,-0.000672,-0.001768,2.798912,0.458709,-1.346058,-1.404738,0.051764,0.032891,-0.006094,0.308134,-0.571934,0.760226,0.700528,-0.404263,-0.588073,0.64367,0.713766,0.276089,0.006924,-0.0,-0.000671,-0.084986,0.46416,0.230785,-0.856747,0.077034,0.023119,-0.056516,0.87373,0.426431,-0.233988,-0.479746,0.834849,-0.269943,0.080232,0.348112,0.934012,0.000102,0.00071,0.000429,-0.00507,0.007402,0.000409,-0.834597
157,0.134238,-0.026243,0.429034,0.746637,0.607237,-0.271738,-0.665114,0.688076,-0.290079,0.009896,0.396572,0.917965,-0.01328,0.001436,0.001158,-0.008575,-0.034207,-0.044529,-1.153568,-0.087501,-0.017286,0.411247,-0.150166,0.617241,0.772305,-0.617258,0.551729,-0.560823,-0.77204,-0.561701,0.297169,0.014885,-0.004223,-0.004133,1.182878,-0.444312,0.651979,-1.405109,0.052019,0.032881,-0.006192,0.296694,-0.570549,0.765797,0.67859,-0.438269,-0.589435,0.671928,0.694544,0.257138,0.000846,-0.003587,-0.002361,4.202447,-2.42799,1.807,-0.863931,0.076801,0.023166,-0.056506,0.872355,0.427649,-0.236881,-0.481853,0.833966,-0.26892,0.082548,0.348735,0.933578,-0.00666,0.000598,0.000513,-0.005629,-0.01393,-0.038031,-0.858111
158,0.133784,-0.026151,0.429064,0.744388,0.606234,-0.280021,-0.667484,0.686628,-0.288058,0.016709,0.400589,0.91612,0.000283,0.001748,0.001044,-0.041404,-0.265519,-0.081294,-1.155088,-0.087207,-0.017555,0.411059,-0.143281,0.606783,0.781842,-0.600653,0.574595,-0.555869,-0.786317,-0.550022,0.281148,0.015045,-0.004803,-0.004535,1.192707,-0.472729,0.631601,-1.405011,0.052166,0.032746,-0.006287,0.2908,-0.560193,0.77564,0.668539,-0.460971,-0.583576,0.684463,0.68825,0.24046,0.001081,-0.004402,-0.00294,-0.134985,0.685539,0.234026,-0.865238,0.076573,0.023204,-0.056495,0.870308,0.427626,-0.244331,-0.484342,0.833083,-0.267176,0.089297,0.350865,0.932158,-0.006587,0.001045,0.00078,-0.072213,-0.443817,-0.171745,-0.868888
159,0.133629,-0.026117,0.429112,0.743132,0.606687,-0.282366,-0.668774,0.686851,-0.284513,0.020404,0.399522,0.916511,-0.013015,0.003055,0.002123,-0.077253,-0.003675,-0.056859,-1.15571,-0.087059,-0.017695,0.410979,-0.144889,0.601057,0.785957,-0.594756,0.58196,-0.554547,-0.79049,-0.548554,0.272169,0.001815,-0.007398,-0.004933,-0.093918,0.417541,0.120027,-1.405648,0.05224,0.032674,-0.006328,0.288321,-0.555521,0.779914,0.661534,-0.473302,-0.581685,0.692273,0.683652,0.231033,0.000813,-0.0033,-0.002208,-0.113644,0.588668,0.23032,-0.865728,0.076496,0.023223,-0.05647,0.86897,0.428305,-0.247879,-0.485898,0.833386,-0.263381,0.093772,0.349314,0.932301,0.000163,0.00101,0.00061,-0.251936,0.081364,-0.051754,-0.874114
160,0.133339,-0.026109,0.429386,0.742595,0.607432,-0.282176,-0.669368,0.686598,-0.283728,0.020467,0.398825,0.916813,-0.012721,0.004835,0.003182,-0.000985,0.014707,-0.029556,-1.194202,-0.0867,-0.017754,0.410881,-0.138489,0.590994,0.794694,-0.581616,0.600988,-0.548151,-0.801344,-0.538862,0.259497,0.01337,0.002091,5e-05,-0.109371,0.508885,0.223762,-1.405884,0.052424,0.03263,-0.006387,0.280519,-0.547232,0.788571,0.652315,-0.493989,-0.574855,0.704125,0.675655,0.218394,0.005863,0.005795,-0.005,-0.037513,0.672919,0.355497,-0.863768,0.07635,0.023225,-0.056334,0.868764,0.429201,-0.24705,-0.486396,0.833295,-0.262748,0.093094,0.34843,0.9327,0.000335,-0.002285,0.006599,-0.035446,0.012595,-0.018662,-0.891912
161,0.133174,-0.026282,0.42992,0.742481,0.607686,-0.281929,-0.669472,0.687041,-0.282404,0.021155,0.397674,0.917297,-0.012784,-0.01298,0.02438,-0.07282,0.036255,-0.06778,-1.252201,-0.086352,-0.017506,0.410945,-0.129749,0.585439,0.800261,-0.569775,0.616552,-0.543281,-0.81126,-0.527195,0.252559,0.011661,0.008971,0.00464,0.014203,0.057026,0.105887,-1.406024,0.052603,0.032752,-0.006356,0.272107,-0.541863,0.795198,0.644285,-0.511215,-0.568818,0.71474,0.667114,0.210009,0.005753,0.004813,0.002531,-0.002502,0.008135,0.070826,-0.857726,0.076269,0.023148,-0.056073,0.868721,0.429441,-0.246785,-0.486404,0.833692,-0.261471,0.093457,0.347183,0.933128,0.000298,-0.002477,0.006482,-0.035914,0.01083,-0.019217,-0.893382
162,0.133173,-0.026412,0.430189,0.742679,0.60749,-0.281831,-0.669237,0.687516,-0.281807,0.02164,0.397155,0.917512,0.000372,-0.006425,0.01208,-0.03592,0.010754,-0.019118,-1.27621,-0.086254,-0.017293,0.410963,-0.128911,0.581777,0.803062,-0.567277,0.621012,-0.54081,-0.813142,-0.526006,0.248958,0.011683,0.008848,0.004553,-0.016148,0.063146,0.057464,-1.406255,0.052646,0.032861,-0.006345,0.270778,-0.53839,0.798006,0.642734,-0.516016,-0.566232,0.716638,0.666229,0.206316,-0.001704,0.008286,-0.002665,-0.002945,0.033109,0.048567,-0.858706,0.076264,0.023082,-0.055933,0.868849,0.429239,-0.246685,-0.486108,0.834069,-0.260816,0.0938,0.346526,0.933338,0.000211,-0.003012,0.006162,-0.0257,-0.048322,0.170418,-0.894362
163,0.133198,-0.026618,0.430722,0.743168,0.608271,-0.278839,-0.668745,0.688301,-0.281056,0.020037,0.394594,0.918651,0.000647,-0.004747,0.013079,-0.035902,0.010863,-0.019085,-1.298324,-0.086083,-0.016774,0.410827,-0.117994,0.575526,0.809221,-0.541287,0.64597,-0.538205,-0.832298,-0.50225,0.234282,-0.002642,0.013457,-0.007399,0.00279,0.322339,0.138532,-1.406179,0.052736,0.033124,-0.006406,0.258633,-0.53499,0.804296,0.62136,-0.545369,-0.562568,0.739607,0.645257,0.19137,0.005249,0.008214,-0.003384,0.474921,0.323325,0.157562,-0.860013,0.076275,0.022977,-0.055674,0.869448,0.429783,-0.243608,-0.485463,0.834681,-0.260062,0.091565,0.344373,0.934356,0.000305,-0.002425,0.006509,-0.036721,0.005499,-0.02085,-0.896648
164,0.133301,-0.026699,0.431185,0.743674,0.607521,-0.279128,-0.668206,0.6881,-0.282825,0.019315,0.396095,0.918021,0.014228,-0.004251,0.013068,-0.033456,-0.012516,0.037914,-1.290368,-0.086055,-0.016404,0.410707,-0.111815,0.560102,0.820838,-0.519896,0.671022,-0.528555,-0.846667,-0.486557,0.215128,-0.002252,0.011881,-0.008447,1.243945,-0.231125,0.613827,-1.406167,0.052749,0.033314,-0.006462,0.250889,-0.520587,0.816114,0.605871,-0.573079,-0.551815,0.754966,0.632905,0.171629,-0.001147,0.006002,-0.004187,4.410897,-2.100621,1.514945,-0.859686,0.076321,0.022933,-0.055438,0.869744,0.428982,-0.243965,-0.48499,0.834416,-0.261789,0.091265,0.34601,0.933781,0.000438,0.002728,0.001617,-0.000365,3e-06,-0.000142,-0.897627
165,0.133441,-0.026692,0.431616,0.743943,0.607227,-0.279048,-0.667885,0.688713,-0.28209,0.019961,0.395482,0.918271,0.001171,-0.001518,0.014982,-0.034441,0.002196,0.008358,-1.279669,-0.086144,-0.016054,0.410513,-0.116549,0.542158,0.832149,-0.506112,0.688531,-0.519336,-0.854338,-0.482372,0.193094,-0.002493,0.012852,-0.007803,-0.107332,0.607878,0.244245,-1.406161,0.052705,0.033485,-0.006562,0.252219,-0.501984,0.827282,0.595076,-0.593696,-0.541672,0.763065,0.628917,0.148977,-0.001332,0.006778,-0.003667,-0.129619,0.731039,0.323607,-0.860176,0.076396,0.022935,-0.055224,0.869946,0.428609,-0.243899,-0.484534,0.834919,-0.261027,0.091758,0.345257,0.934011,0.000542,-0.000985,0.007355,-0.034437,0.00219,0.008323,-0.897301
166,0.133531,-0.026671,0.431805,0.74423,0.606886,-0.279027,-0.667556,0.689123,-0.281869,0.02029,0.395292,0.918346,0.001088,0.0067,0.003958,0.001492,-0.008456,0.02751,-1.275943,-0.086136,-0.015802,0.410478,-0.11475,0.533609,0.837905,-0.498011,0.698965,-0.513193,-0.859329,-0.476848,0.184479,-0.001853,0.007436,0.004927,1.197854,0.004542,0.435976,-1.406155,0.05271,0.033607,-0.006588,0.249347,-0.494561,0.832607,0.590218,-0.604019,-0.535539,0.767767,0.624956,0.141289,-0.001673,0.008055,-0.002852,4.559623,-2.627926,1.120905,-0.861482,0.076441,0.022945,-0.055124,0.870139,0.428226,-0.243884,-0.484134,0.835236,-0.260756,0.092039,0.344967,0.93409,0.000496,-0.001266,0.007187,-0.035921,0.010665,-0.019174,-0.895668
167,0.133684,-0.026625,0.432103,0.744997,0.605775,-0.279394,-0.666729,0.688946,-0.284247,0.019366,0.397296,0.917501,0.013878,-0.00628,0.011855,-0.034951,-0.004088,0.010391,-1.277261,-0.086256,-0.015164,0.410251,-0.110584,0.522327,0.845539,-0.482876,0.715396,-0.504949,-0.868468,-0.464789,0.172041,-0.003209,0.01572,-0.005912,-0.029821,0.315856,-0.042109,-1.406137,0.052648,0.033934,-0.006696,0.244277,-0.482466,0.841162,0.578429,-0.623723,-0.525727,0.778298,0.614976,0.126711,-0.001599,0.007858,-0.002955,-0.05561,0.252941,-0.088906,-0.863932,0.076514,0.022978,-0.054975,0.870641,0.426971,-0.24429,-0.483311,0.834956,-0.263167,0.091607,0.347193,0.933308,0.000365,0.002287,0.001345,-0.000973,0.000229,-0.000205,-0.895994
168,0.133726,-0.026602,0.43233,0.745115,0.605654,-0.279343,-0.666588,0.689238,-0.283873,0.019673,0.396977,0.917632,0.000518,0.0032,0.001884,0.0,0.0,0.0,-1.273777,-0.086423,-0.014366,0.409814,-0.101676,0.509137,0.854653,-0.458619,0.738413,-0.494317,-0.882597,-0.442864,0.157343,-0.004512,0.023789,-0.016879,4.390536,-2.682474,1.747968,-1.406447,0.052567,0.034318,-0.006901,0.238143,-0.471555,0.849071,0.561258,-0.646652,-0.516555,0.792638,0.599563,0.110668,-0.00807,0.006117,-0.003446,-0.077094,0.552444,0.195169,-0.866381,0.07654,0.022984,-0.054859,0.87073,0.426818,-0.244242,-0.483106,0.835207,-0.262748,0.091848,0.346778,0.933439,0.000282,-0.002602,0.006397,-0.034448,0.002191,0.008341,-0.901383
169,0.133726,-0.026574,0.432406,0.745162,0.605605,-0.279322,-0.666532,0.689331,-0.283776,0.019757,0.39689,0.917668,0.000526,0.00325,0.001912,0.0,0.0,0.0,-1.266743,-0.086521,-0.014011,0.409575,-0.102764,0.501228,0.859186,-0.447774,0.748018,-0.489798,-0.88802,-0.435689,0.146484,-0.004184,0.022478,-0.01774,-0.080953,0.676417,0.297676,-1.406246,0.052516,0.034507,-0.007025,0.232336,-0.464553,0.854522,0.549804,-0.662003,-0.509378,0.80233,0.588167,0.101606,-0.001362,0.006908,-0.003583,-0.097597,0.880918,0.404816,-0.866218,0.076539,0.022996,-0.054822,0.870765,0.426758,-0.244223,-0.483033,0.835281,-0.262647,0.091909,0.346672,0.933472,0.000296,0.001846,0.001085,0.001502,-0.00842,0.027509,-0.899913
170,0.133702,-0.026376,0.432572,0.74472,0.604863,-0.282096,-0.666945,0.689194,-0.283137,0.022228,0.398254,0.91702,0.001196,0.007391,0.00434,0.000576,-0.014349,0.025758,-1.241659,-0.08671,-0.013585,0.409158,-0.096456,0.486429,0.868374,-0.408454,0.776286,-0.480083,-0.907475,-0.401615,0.122712,-0.001409,0.008497,-0.010672,0.222617,0.843122,0.48555,-1.406658,0.05242,0.034729,-0.007233,0.223099,-0.452208,0.863558,0.51644,-0.696512,-0.498155,0.82675,0.557114,0.078147,-0.007159,0.002503,-0.005822,1.340385,-0.154092,0.445145,-0.868177,0.076525,0.023085,-0.054745,0.870145,0.426264,-0.247277,-0.483578,0.835184,-0.261953,0.09486,0.347515,0.932863,0.000524,0.003255,0.001912,0.004078,0.008992,0.033267,-0.89926
171,0.133626,-0.026086,0.432733,0.744232,0.604168,-0.28486,-0.667403,0.688971,-0.2826,0.024592,0.399691,0.916335,-0.012053,0.00866,0.005384,-0.001557,-0.007071,-0.006007,-1.204443,-0.086834,-0.013443,0.408921,-0.094451,0.470807,0.877161,-0.368879,0.801861,-0.46998,-0.924475,-0.368555,0.096829,4.1e-05,-0.000167,-0.00011,-0.222248,1.141944,0.43593,-1.40677,0.052359,0.034797,-0.00736,0.218933,-0.43656,0.87263,0.482399,-0.728955,-0.485711,0.84815,0.527294,0.051003,2.2e-05,-0.000103,-6.6e-05,-0.240989,1.116093,0.418603,-0.86932,0.076494,0.023236,-0.054661,0.869574,0.425759,-0.250136,-0.484064,0.835065,-0.261431,0.097573,0.348416,0.932247,0.000557,0.00345,0.002022,0.002257,0.015384,0.005271,-0.893545
172,0.133668,-0.025761,0.432923,0.743529,0.602362,-0.290464,-0.66798,0.688815,-0.281618,0.02951,0.402673,0.914883,0.001441,0.008897,0.005194,-0.013006,-0.102648,-0.000505,-1.174881,-0.086833,-0.013449,0.408941,-0.093251,0.455395,0.885388,-0.329531,0.825056,-0.458941,-0.939339,-0.33514,0.072014,0.000163,-0.000658,-0.000433,1.221197,0.40564,0.341047,-1.406644,0.052359,0.034795,-0.00735,0.215756,-0.421418,0.880826,0.449666,-0.757846,-0.472724,0.866745,0.498071,0.025987,0.000155,-0.000584,-0.000459,4.736531,-1.839697,0.446555,-0.871443,0.076509,0.023394,-0.054569,0.86861,0.424441,-0.255665,-0.484687,0.835,-0.260484,0.10292,0.350177,0.931011,0.000689,0.004271,0.002494,-0.017743,-0.13286,-0.009286,-0.885381
173,0.133699,-0.025573,0.433033,0.742679,0.602242,-0.292877,-0.668738,0.689412,-0.278338,0.033357,0.401831,0.915121,0.001613,0.009965,0.005806,-0.034335,-0.098923,-0.006127,-1.160061,-0.086836,-0.013544,0.409015,-0.091137,0.445992,0.89038,-0.310952,0.836678,-0.450792,-0.94586,-0.318519,0.061308,0.001763,-0.009925,0.009731,-0.235391,1.001651,0.222617,-1.406655,0.052357,0.03475,-0.007317,0.211862,-0.412325,0.88606,0.432757,-0.773328,-0.46334,0.876262,0.481613,0.014598,0.000108,-0.000475,-0.000309,-0.209347,0.946697,0.653264,-0.8703,0.076525,0.02349,-0.054512,0.86778,0.42459,-0.258225,-0.485376,0.835645,-0.257112,0.106618,0.348453,0.931242,0.000818,0.005076,0.002958,-0.093234,-0.023682,-0.206158,-0.882768
174,0.13379,-0.025192,0.433253,0.741903,0.600441,-0.298487,-0.66933,0.689238,-0.277346,0.03827,0.40481,0.913615,0.001624,0.010049,0.005834,-0.043702,-0.304669,-0.060614,-1.140964,-0.086771,-0.013693,0.409217,-0.096082,0.428257,0.89853,-0.277281,0.855483,-0.437263,-0.95578,-0.291707,0.03542,0.00143,-0.008581,0.010617,0.014129,0.529354,0.91959,-1.406188,0.05239,0.034673,-0.007217,0.214868,-0.394121,0.893588,0.403761,-0.79726,-0.448722,0.889273,0.457212,-0.012176,-0.000119,0.00042,0.000285,0.620179,-0.597281,2.764382,-0.869647,0.076571,0.023683,-0.054401,0.867025,0.423333,-0.262783,-0.485733,0.835645,-0.256436,0.111035,0.34998,0.930153,0.000814,0.005058,0.002936,-0.069134,-0.475252,-0.113491,-0.88636
175,0.133943,-0.024822,0.433501,0.741089,0.598627,-0.304101,-0.669922,0.689092,-0.276277,0.04324,0.407731,0.912092,0.00165,0.010242,0.005923,-0.018709,-0.141659,-0.012113,-1.135923,-0.086687,-0.013837,0.409421,-0.096497,0.407403,0.908132,-0.239355,0.876139,-0.418358,-0.965932,-0.25826,0.011826,0.001493,-0.008836,0.010451,-0.58569,-0.158096,2.625432,-1.406236,0.052433,0.034602,-0.007115,0.213814,-0.374047,0.902425,0.370296,-0.823813,-0.429199,0.903971,0.425933,-0.037635,0.000727,-0.004369,0.005267,0.244516,1.028351,0.012651,-0.866544,0.076647,0.023869,-0.054277,0.86567,0.421868,-0.269518,-0.486617,0.835524,-0.255154,0.117548,0.352032,0.928576,0.007412,0.00443,0.002401,-0.020047,-0.171396,0.013183,-0.895015
176,0.133988,-0.024604,0.433626,0.740715,0.597662,-0.306896,-0.670168,0.689041,-0.275803,0.0457,0.409227,0.911302,0.001836,0.011409,0.006584,-0.043102,-0.303554,-0.06028,-1.134701,-0.08667,-0.013934,0.409529,-0.09959,0.397447,0.9122,-0.219911,0.885317,-0.409618,-0.970227,-0.241908,-0.001914,0.001575,-0.009164,0.010236,0.228523,0.75359,-0.017686,-1.406175,0.052441,0.034554,-0.007061,0.213486,-0.361629,0.90755,0.354687,-0.836889,-0.416907,0.910285,0.410901,-0.0504,2e-06,-6e-06,3e-06,1.30785,0.359146,0.451591,-0.863605,0.07667,0.023975,-0.054215,0.865426,0.42123,-0.271295,-0.486621,0.835592,-0.25492,0.119312,0.352633,0.928123,0.00095,0.00592,0.003415,-0.068751,-0.476293,-0.113907,-0.89877
177,0.134038,-0.024165,0.433868,0.739925,0.597401,-0.309301,-0.670762,0.689731,-0.272618,0.049547,0.408447,0.911451,0.001728,0.010747,0.006176,-0.031868,-0.103435,-0.207972,-1.134148,-0.086661,-0.014116,0.409752,-0.105762,0.375834,0.920627,-0.180693,0.903161,-0.389338,-0.977633,-0.208014,-0.028768,-0.000198,0.000799,0.000526,1.318051,0.54157,-0.16886,-1.406309,0.052446,0.034458,-0.006946,0.215674,-0.339498,0.915546,0.321373,-0.860697,-0.394865,0.922064,0.379394,-0.076525,0.000702,-0.004136,0.005315,4.773276,-0.968423,0.084364,-0.868177,0.076695,0.024198,-0.054093,0.864518,0.421037,-0.274473,-0.487164,0.836284,-0.251592,0.123608,0.35122,0.928097,0.000871,0.005439,0.003125,-0.029013,-0.21526,-0.034297,-0.903832
178,0.134103,-0.023789,0.434142,0.738816,0.59587,-0.314856,-0.671599,0.689405,-0.27138,0.054432,0.411222,0.909923,0.001598,0.00995,0.005695,-0.009087,-0.078995,0.006529,-1.133889,-0.086613,-0.014391,0.410047,-0.10964,0.343312,0.932795,-0.148041,0.92236,-0.35675,-0.982677,-0.177652,-0.051476,0.001686,-0.009613,0.009946,-0.274734,1.081552,0.642854,-1.405901,0.052468,0.03433,-0.006805,0.214125,-0.309523,0.926469,0.291785,-0.884895,-0.363071,0.932207,0.348073,-0.099164,0.000867,-0.00494,0.004894,0.260195,0.790572,0.14397,-0.871117,0.076727,0.024383,-0.053957,0.862988,0.420117,-0.280629,-0.488348,0.836008,-0.250212,0.12949,0.352975,0.926628,0.000781,0.000533,0.008165,-0.043653,-0.058142,-0.008982,-0.912323
179,0.13416,-0.02364,0.434487,0.7378,0.594198,-0.320351,-0.67227,0.68937,-0.269802,0.059602,0.41369,0.90848,0.001099,-0.001872,0.014636,-0.04646,-0.078351,-0.015554,-1.129543,-0.086617,-0.0146,0.410231,-0.117369,0.315779,0.941542,-0.121816,0.936368,-0.329107,-0.985371,-0.153733,-0.072617,0.001585,-0.00921,0.010213,-0.233213,-0.161696,2.228455,-1.406075,0.052468,0.03422,-0.00671,0.219383,-0.279106,0.934863,0.270767,-0.903148,-0.333178,0.937312,0.326224,-0.122563,1e-06,-2e-05,-2e-06,0.342297,0.895466,-0.229549,-0.871443,0.076756,0.024466,-0.053786,0.861778,0.418936,-0.28606,-0.488998,0.836077,-0.248706,0.134977,0.354212,0.925372,0.000424,-0.001684,0.00689,-0.049619,-0.080307,-0.045827,-0.908731
180,0.134195,-0.023629,0.434646,0.737977,0.593995,-0.320319,-0.672053,0.689664,-0.269591,0.059854,0.413491,0.908554,0.014004,0.00407,0.001988,0.002277,-0.02449,0.056672,-1.129346,-0.086625,-0.014615,0.410258,-0.124612,0.304722,0.94425,-0.109836,0.941592,-0.318237,-0.98588,-0.143767,-0.085052,-9.7e-05,0.000391,0.000257,-0.231614,0.245525,2.415994,-1.406168,0.052464,0.034209,-0.006693,0.223287,-0.268501,0.937042,0.260113,-0.910041,-0.322746,0.939405,0.315802,-0.133359,-7.1e-05,0.000276,0.000191,-0.108405,0.642646,-0.347094,-0.870627,0.076769,0.024472,-0.0537,0.861936,0.41872,-0.285898,-0.488695,0.836321,-0.24848,0.13506,0.353891,0.925483,0.000351,-0.002135,0.006632,-0.033872,0.024693,-0.014808,-0.909711
181,0.134234,-0.023765,0.435026,0.737128,0.593611,-0.322975,-0.672714,0.68966,-0.267947,0.062765,0.414049,0.908103,0.000421,-0.006098,0.012225,-0.036136,-0.009171,0.004999,-1.134221,-0.086617,-0.014568,0.4103,-0.136031,0.281055,0.949997,-0.08431,0.952154,-0.293645,-0.98687,-0.120408,-0.107021,-0.000123,0.000495,0.000325,0.03052,1.002484,-0.005433,-1.406417,0.052468,0.034234,-0.006671,0.229289,-0.240821,0.943096,0.238985,-0.925323,-0.294386,0.943563,0.292886,-0.154614,-7.5e-05,0.000284,0.000195,0.330602,0.782561,0.605597,-0.870463,0.076794,0.02441,-0.053518,0.861057,0.418579,-0.288742,-0.489377,0.836398,-0.246876,0.138166,0.353878,0.925029,9e-05,-0.003764,0.005704,-0.033808,0.025739,-0.014253,-0.905629
182,0.134255,-0.02404,0.435387,0.732235,0.596691,-0.328385,-0.677755,0.685596,-0.265663,0.065705,0.416357,0.906839,5e-06,-0.008699,0.010747,-0.044702,-0.048249,-0.036477,-1.135593,-0.086542,-0.014574,0.410276,-0.15166,0.259323,0.953804,-0.0622,0.960554,-0.270928,-0.986213,-0.100758,-0.130747,0.000348,-0.001401,-0.000922,-0.053622,0.800386,-0.265813,-1.406139,0.052505,0.034233,-0.006681,0.242842,-0.215535,0.945818,0.219985,-0.937367,-0.270091,0.944793,0.273656,-0.180217,0.000197,-0.000786,-0.00051,-0.066906,0.778006,-0.296395,-0.873566,0.076805,0.024271,-0.053333,0.857088,0.422913,-0.294184,-0.495302,0.833522,-0.244779,0.141689,0.355507,0.923871,-2.3e-05,-0.004461,0.005308,-0.040853,-0.020141,-0.02746,-0.907751
183,0.134245,-0.024169,0.435549,0.731566,0.596019,-0.331085,-0.67821,0.685564,-0.264582,0.068368,0.417369,0.906176,3e-06,-0.008711,0.010741,-0.039301,-0.012003,-0.025804,-1.135095,-0.08649,-0.014616,0.410245,-0.159796,0.246824,0.95579,-0.048136,0.965133,-0.257165,-0.985705,-0.087429,-0.143544,0.000775,-0.003118,-0.002054,-0.049029,0.750407,0.083295,-1.40618,0.05253,0.034215,-0.006695,0.248083,-0.202097,0.947423,0.2075,-0.944212,-0.255747,0.946254,0.260037,-0.192308,0.000262,-0.001062,-0.000691,-0.017827,0.757235,0.591418,-0.871116,0.076799,0.024204,-0.053253,0.856333,0.422509,-0.296947,-0.495777,0.833556,-0.243698,0.144558,0.355906,0.923272,-0.006578,0.000657,0.000541,0.00155,0.033414,-0.023243,-0.908241
184,0.134175,-0.024365,0.435793,0.728058,0.598627,-0.3341,-0.682081,0.681103,-0.26615,0.067321,0.420918,0.904612,4e-06,-0.008705,0.010746,-0.036099,0.009515,-0.019486,-1.135383,-0.086387,-0.014693,0.410162,-0.169496,0.222291,0.96013,-0.023797,0.973017,-0.229356,-0.984961,-0.06202,-0.16084,0.000745,-0.002992,-0.001972,1.625419,-0.184756,0.266608,-1.406143,0.052582,0.034173,-0.006739,0.254711,-0.1756,0.950939,0.187219,-0.955813,-0.226647,0.94872,0.235764,-0.210581,0.000402,-0.001579,-0.00105,1.624309,-0.307876,0.295734,-0.873729,0.076764,0.024101,-0.053128,0.853673,0.426027,-0.299568,-0.500478,0.830199,-0.245543,0.144094,0.359541,0.921936,-6e-06,-0.004365,0.005366,-0.034657,0.022047,-0.015492,-0.906282
185,0.134079,-0.024437,0.435931,0.718866,0.605074,-0.34229,-0.69154,0.67236,-0.263959,0.069529,0.425712,0.902198,-0.01297,-0.006313,0.012444,-0.125513,-0.57315,-0.22363,-1.135592,-0.0863,-0.014699,0.410089,-0.179042,0.193947,0.964531,-0.009647,0.979974,-0.198724,-0.983499,-0.045146,-0.174797,0.0001,-0.000402,-0.000265,-0.005149,0.567375,0.046461,-1.406092,0.052627,0.034165,-0.006779,0.257608,-0.146693,0.955049,0.175439,-0.964878,-0.195525,0.950188,0.217922,-0.222825,3.7e-05,-0.000151,-9.3e-05,0.077429,0.522097,0.705257,-0.878791,0.07672,0.024066,-0.053064,0.847152,0.435042,-0.305075,-0.511173,0.823982,-0.244447,0.145032,0.363031,0.92042,9.5e-05,0.000625,0.000354,-0.001664,-0.004095,-0.000203,-0.91363
186,0.134021,-0.02443,0.435949,0.715167,0.607694,-0.345383,-0.69553,0.667375,-0.26612,0.067885,0.429795,0.900386,-0.012879,0.002973,0.002026,0.151807,-0.000292,-0.490459,-1.136234,-0.086214,-0.014716,0.410106,-0.179405,0.181522,0.966879,0.006553,0.983017,-0.183217,-0.983458,-0.026781,-0.178763,9.2e-05,-0.000368,-0.000243,0.136052,0.401463,-0.003046,-1.405916,0.05267,0.034157,-0.00677,0.256251,-0.134076,0.957266,0.161019,-0.970574,-0.179043,0.953103,0.200018,-0.227123,0.006591,0.001285,0.000193,0.495553,0.423455,-0.031837,-0.878464,0.076691,0.024065,-0.053053,0.843623,0.437805,-0.310845,-0.516377,0.820195,-0.246239,0.14715,0.368246,0.918009,5e-06,-1.4e-05,3e-06,0.557457,0.309471,-1.547848,-0.917059
187,0.133921,-0.02444,0.43597,0.709532,0.607982,-0.356326,-0.700568,0.662904,-0.264071,0.074772,0.436248,0.89673,-0.00015,-0.00093,-0.000529,-0.020512,-0.140371,-0.041026,-1.135279,-0.086028,-0.014777,0.410171,-0.190418,0.1549,0.969401,0.010371,0.987721,-0.155671,-0.981339,-0.019802,-0.190905,0.00036,-0.001438,-0.000949,-0.006275,0.36847,-0.211564,-1.405889,0.052757,0.034131,-0.006734,0.26287,-0.105638,0.95903,0.15933,-0.975587,-0.151134,0.951584,0.192531,-0.239622,0.000245,-0.000983,-0.000649,0.091736,0.164085,0.551248,-0.884343,0.076642,0.024066,-0.053039,0.838209,0.440251,-0.321842,-0.522784,0.816678,-0.244402,0.155243,0.373114,0.914704,-0.000124,-0.000749,-0.000426,-0.015397,-0.22949,0.14087,-0.919998
