frame,MLTx,MLTy,MLTz,MLTR1,MLTR2,MLTR3,MLTR4,MLTR5,MLTR6,MLTR7,MLTR8,MLTR9,MLTTVx,MLTTVy,MLTTVz,MLTRVx,MLTRVy,MLTRVz,MLGA,MRTx,MRTy,MRTz,MRTR1,MRTR2,MRTR3,MRTR4,MRTR5,MRTR6,MRTR7,MRTR8,MRTR9,MRTTVx,MRTTVy,MRTTVz,MRTRVx,MRTRVy,MRTRVz,MRGA,SLTx,SLTy,SLTz,SLTR1,SLTR2,SLTR3,SLTR4,SLTR5,SLTR6,SLTR7,SLTR8,SLTR9,SLTTVx,SLTTVy,SLTTVz,SLTRVx,SLTRVy,SLTRVz,SLGA,SRTx,SRTy,SRTz,SRTR1,SRTR2,SRTR3,SRTR4,SRTR5,SRTR6,SRTR7,SRTR8,SRTR9,SRTTVx,SRTTVy,SRTTVz,SRTRVx,SRTRVy,SRTRVz,SRGA
1266,0.240725,0.018509,0.272919,-0.424645,-0.778489,-0.462251,0.179983,-0.572992,0.799536,-0.886771,0.257287,0.384016,0.081591,0.050115,-0.03509,-0.830047,0.272343,-1.066084,0.522881,-0.194088,0.007038,0.297573,-0.667052,-0.456911,0.588443,0.744138,-0.372842,0.554239,-0.033009,0.808149,0.587936,0.013673,0.0117,-0.008308,0.032387,-0.022348,0.050714,0.233146,0.029904,0.057878,-0.006662,0.708226,0.426852,0.562327,-0.704969,0.384879,0.595723,0.037857,-0.818331,0.573499,0.007093,-1.7e-05,-0.000511,0.017042,-0.019901,0.025626,0.185047,0.123507,0.058885,-0.067311,0.404616,0.773272,-0.488196,-0.197876,0.595231,0.778809,0.892821,-0.218516,0.393852,0.04066,0.025417,-0.017387,-2.98819,4.494204,1.041336,0.521858
1267,0.243262,0.020279,0.271625,-0.469344,-0.774038,-0.425001,0.148004,-0.543482,0.826253,-0.86995,0.325856,0.370177,0.038412,0.045847,-0.034935,-1.366729,1.167199,-0.578376,0.522761,-0.193651,0.007266,0.297398,-0.689291,-0.422628,0.588435,0.724362,-0.407631,0.55594,0.005768,0.809961,0.586338,0.01417,-2.2e-05,-0.001002,0.962507,1.080375,0.89232,0.173151,0.030117,0.057993,-0.006748,0.726994,0.396214,0.560797,-0.686632,0.414747,0.597093,0.003988,-0.819145,0.573572,0.00684,0.005857,-0.004155,0.314225,0.282568,0.367259,0.091155,0.124804,0.059766,-0.067958,0.446055,0.773174,-0.450815,-0.167192,0.566818,0.806699,0.87925,-0.28446,0.382101,0.026392,0.023718,-0.017447,-0.529192,0.102734,-0.960257,0.521205
1268,0.244233,0.02192,0.270361,-0.508678,-0.766388,-0.392352,0.114453,-0.511896,0.851372,-0.852695,0.389121,0.348602,-0.00468,0.042057,-0.033862,-1.449991,1.023817,-0.624397,0.506806,-0.193047,0.007588,0.297164,-0.709351,-0.389506,0.58745,0.703402,-0.442744,0.556,0.044409,0.808088,0.587268,0.027812,0.011742,-0.009261,0.066892,-0.018922,0.101384,0.149275,0.030419,0.058154,-0.006865,0.748303,0.358334,0.558246,-0.662173,0.453741,0.596359,-0.039604,-0.815914,0.576815,0.007092,-7e-06,-0.000515,0.090816,0.067601,0.115912,0.040372,0.125325,0.060604,-0.068607,0.489013,0.765981,-0.417298,-0.130574,0.537293,0.833226,0.862447,-0.35297,0.36276,0.004596,0.022251,-0.016607,-2.721638,4.686121,0.807938,0.510917
1269,0.243546,0.023507,0.269156,-0.543531,-0.75815,-0.360316,0.086633,-0.477669,0.874242,-0.834245,0.444904,0.325765,-0.04774,0.039495,-0.031257,-2.801739,4.527842,0.537602,0.496529,-0.192277,0.007959,0.296879,-0.724556,-0.361779,0.586622,0.685261,-0.468024,0.557947,0.073603,0.806694,0.586251,0.028316,3.9e-05,-0.001959,0.003581,-0.029424,0.059322,0.125909,0.030814,0.058344,-0.007011,0.762671,0.330089,0.556213,-0.643118,0.478479,0.597876,-0.068784,-0.813694,0.577208,0.01417,1.7e-05,-0.000999,0.01139,-0.035896,0.053197,0.003305,0.124998,0.061397,-0.069213,0.520613,0.761946,-0.385226,-0.103877,0.504369,0.857216,0.847449,-0.406262,0.34173,-0.016848,0.021262,-0.014703,-0.510755,-0.199134,-0.862255,0.491649
1270,0.242621,0.024304,0.268627,-0.551768,-0.756649,-0.350828,0.075899,-0.464504,0.882297,-0.829866,0.461136,0.314172,-0.048196,0.042711,-0.02735,-0.841208,-0.57871,-0.217405,0.497056,-0.19184,0.008145,0.296733,-0.734247,-0.342224,0.586306,0.67249,-0.483954,0.559892,0.093051,0.8058,0.584713,0.013618,0.011792,-0.00823,0.715287,1.219944,1.268221,0.117341,0.031028,0.058432,-0.007081,0.770457,0.313562,0.555044,-0.631591,0.493643,0.597837,-0.086535,-0.811169,0.578374,0.01379,0.005931,-0.004561,2.927464,3.426692,3.606505,-0.009922,0.124537,0.061792,-0.069482,0.533024,0.758702,-0.374506,-0.090394,0.491158,0.866367,0.841256,-0.427942,0.330381,-0.031177,0.0206,-0.013642,-1.416041,-1.233489,1.272345,0.486587
1271,0.239716,0.025739,0.267734,-0.592218,-0.725101,-0.3515,0.025955,-0.4532,0.891015,-0.804642,0.519453,0.287659,-0.08936,0.028217,-0.018505,-0.493176,0.378043,-0.270033,0.515338,-0.190804,0.008505,0.296461,-0.740637,-0.318708,0.5915,0.660845,-0.503898,0.556152,0.121727,0.803184,0.583044,0.027804,0.012783,-0.008224,0.067477,-0.014449,0.09613,0.102181,0.03153,0.05861,-0.007218,0.777456,0.286639,0.559821,-0.617987,0.513525,0.5953,-0.116846,-0.808783,0.576382,0.013925,0.006555,-0.003961,0.348949,0.260948,0.33703,-0.033762,0.123099,0.062517,-0.06993,0.572288,0.72955,-0.374487,-0.03908,0.480406,0.876174,0.81912,-0.48679,0.303441,-0.045439,0.020582,-0.011949,-1.045659,1.253203,0.511623,0.496548
1272,0.235435,0.026716,0.267179,-0.592524,-0.709226,-0.382048,-0.024007,-0.458546,0.888331,-0.80448,0.53641,0.255156,-0.11773,0.029272,-0.014358,-0.3663,-0.184012,0.224019,0.518328,-0.189603,0.008855,0.296268,-0.742883,-0.291498,0.602615,0.651394,-0.521728,0.550836,0.154758,0.8021,0.576671,0.042566,0.002542,-0.000458,0.350845,1.890289,-1.859985,0.09218,0.032135,0.058788,-0.007319,0.78104,0.259606,0.567961,-0.606595,0.531502,0.591225,-0.148387,-0.806293,0.5726,0.013952,0.007343,-0.003153,0.350623,0.201471,0.393143,-0.052541,0.120969,0.063004,-0.07021,0.573605,0.712456,-0.404206,0.010206,0.487202,0.873228,0.819068,-0.505014,0.272191,-0.065249,0.0077,-0.004092,-0.95969,-0.9499,2.038036,0.512224
1273,0.232853,0.027087,0.266994,-0.598964,-0.694584,-0.398548,-0.048912,-0.465076,0.883902,-0.798558,0.549783,0.245094,-0.130396,0.016843,-0.00709,-0.224308,-0.133632,0.370239,0.517826,-0.188928,0.009048,0.296199,-0.74118,-0.290508,0.605185,0.652712,-0.522031,0.548986,0.157362,0.80226,0.575742,0.028455,0.003195,0.001246,0.015595,-0.147088,0.219065,0.087993,0.032479,0.058884,-0.007354,0.777757,0.258135,0.573113,-0.609682,0.531613,0.58794,-0.152906,-0.806692,0.570847,0.021033,0.007863,-0.003146,0.042783,-0.086275,0.135012,-0.060215,0.119683,0.063196,-0.070305,0.580331,0.69769,-0.420051,0.034871,0.494031,0.868744,0.813633,-0.518807,0.262372,-0.072249,0.007689,-0.003524,-0.679044,-0.79959,2.107257,0.513203
1274,0.227051,0.027648,0.266827,-0.617599,-0.664623,-0.420585,-0.07377,-0.483486,0.872222,-0.782281,0.570536,0.250102,-0.171281,0.004249,0.002174,-0.169897,-0.651571,2.586875,0.509011,-0.187476,0.0094,0.296148,-0.747222,-0.276562,0.604288,0.642011,-0.534831,0.549283,0.172211,0.79873,0.5764,0.041999,0.01623,-0.005779,0.042489,-0.0589,0.104271,0.074149,0.033215,0.059062,-0.007378,0.783476,0.244095,0.571473,-0.598442,0.544138,0.58803,-0.167425,-0.802702,0.572396,0.021011,0.00821,-0.00282,0.040848,-0.061587,0.10494,-0.077198,0.116797,0.063481,-0.070393,0.600045,0.669007,-0.438605,0.057633,0.510702,0.857823,0.797886,-0.540011,0.267888,-0.079248,0.009369,-0.001376,0.568959,0.417797,0.178677,0.510264
1275,0.220291,0.028206,0.267234,-0.6417,-0.634288,-0.431214,-0.084601,-0.500306,0.86169,-0.761503,0.590216,0.267929,-0.171787,0.017546,0.01625,-0.217747,1.581327,1.447106,0.502992,-0.185898,0.009746,0.296271,-0.749378,-0.271314,0.603997,0.638005,-0.539434,0.549449,0.177675,0.797427,0.576546,0.02864,0.008372,0.006553,0.005786,-0.047341,0.081748,0.066759,0.033993,0.059228,-0.007323,0.785407,0.238842,0.571042,-0.594368,0.548567,0.588047,-0.172805,-0.801266,0.572809,0.021389,0.004441,0.002967,-0.004804,0.052965,-0.049949,-0.089444,0.113419,0.063745,-0.070207,0.6232,0.639663,-0.449947,0.068545,0.528444,0.846196,0.779052,-0.558191,0.28548,-0.092615,0.002004,0.011474,-2.828689,3.874826,3.88444,0.496711
1276,0.213325,0.028753,0.268326,-0.651542,-0.613639,-0.446078,-0.092247,-0.519603,0.849397,-0.752199,0.595329,0.282499,-0.184602,0.015518,0.033756,0.35902,0.258516,0.067764,0.48916,-0.184282,0.010162,0.296577,-0.751448,-0.270879,0.601615,0.635821,-0.540368,0.55106,0.176757,0.796941,0.577499,0.042829,0.012341,0.009489,0.00956,-0.079476,0.134249,0.054385,0.034796,0.059434,-0.007173,0.78731,0.238431,0.568588,-0.592137,0.549369,0.589546,-0.171799,-0.800839,0.573708,0.021406,0.00594,0.004476,0.007281,-0.063187,0.110392,-0.101365,0.109872,0.064025,-0.069655,0.635618,0.615945,-0.465402,0.076498,0.549632,0.831896,0.768203,-0.564371,0.302238,-0.092383,0.008187,0.017493,0.327976,0.254168,0.042943,0.484464
1277,0.209576,0.029006,0.269149,-0.655846,-0.601377,-0.456352,-0.097478,-0.53203,0.841079,-0.747786,0.596849,0.290885,-0.184222,0.020541,0.038364,0.394482,0.149574,0.235474,0.476731,-0.183446,0.010413,0.296785,-0.752296,-0.270642,0.600662,0.634914,-0.540735,0.551745,0.176409,0.796772,0.577838,0.042803,0.013293,0.010414,0.007855,-0.062545,0.110992,0.043827,0.035198,0.059555,-0.007072,0.788128,0.238212,0.567546,-0.591169,0.549699,0.590211,-0.171384,-0.800678,0.574057,0.021416,0.006896,0.005438,0.009114,-0.080003,0.133756,-0.110346,0.108135,0.064142,-0.069273,0.640149,0.603769,-0.475047,0.081634,0.56139,0.823514,0.7639,-0.565952,0.310086,-0.091777,0.00425,0.022634,0.549778,0.430039,0.187029,0.472054
1278,0.202361,0.029577,0.271036,-0.666802,-0.576586,-0.472196,-0.103064,-0.556214,0.824607,-0.737273,0.599231,0.312054,-0.196374,0.016407,0.052462,0.1884,0.622174,0.406904,0.442218,-0.181891,0.010987,0.297298,-0.754158,-0.270214,0.598515,0.63294,-0.541517,0.553245,0.17555,0.796385,0.578633,0.042795,0.016857,0.01396,0.009607,-0.07947,0.134249,0.023761,0.035992,0.059846,-0.006813,0.789836,0.237776,0.56535,-0.589147,0.55037,0.591605,-0.170483,-0.800346,0.574787,0.021402,0.008556,0.007083,0.009323,-0.079827,0.13391,-0.136309,0.104463,0.064435,-0.068315,0.651718,0.578786,-0.490172,0.086038,0.585684,0.805959,0.753564,-0.567432,0.331904,-0.091309,0.008896,0.026737,-0.297405,1.643689,0.839421,0.433191
1279,0.19492,0.030292,0.273308,-0.677137,-0.550726,-0.488088,-0.103134,-0.585746,0.803888,-0.72778,0.595365,0.340446,-0.194892,0.024301,0.058531,0.742018,0.329113,0.599819,0.404021,-0.180401,0.011668,0.297934,-0.753819,-0.271653,0.598291,0.633221,-0.542991,0.551476,0.175994,0.794892,0.580548,0.028672,0.019045,0.017204,0.030254,0.103175,-0.077497,-0.012073,0.036753,0.060194,-0.006488,0.789574,0.239312,0.565067,-0.589429,0.551935,0.589865,-0.170719,-0.79881,0.576851,0.014335,0.009686,0.008744,0.023553,0.120907,-0.089086,-0.172396,0.100669,0.064802,-0.067155,0.662741,0.552889,-0.505061,0.085869,0.613893,0.784704,0.743908,-0.563425,0.359376,-0.097515,0.012429,0.029704,0.828048,0.375855,0.636634,0.379795
1280,0.191225,0.030712,0.27454,-0.685758,-0.530762,-0.498069,-0.110871,-0.600183,0.792124,-0.718512,0.599086,0.353361,-0.180151,0.02828,0.060798,0.75449,0.353008,0.754068,0.379138,-0.179693,0.012054,0.298313,-0.754528,-0.273724,0.596451,0.632643,-0.544557,0.550596,0.175028,0.793111,0.583269,0.028682,0.022008,0.020142,0.0932,-0.165834,0.060232,-0.037589,0.037096,0.060375,-0.006309,0.790238,0.241197,0.563336,-0.588818,0.553516,0.588992,-0.169753,-0.797146,0.57943,0.02134,0.011047,0.009503,0.119542,-0.204389,0.072778,-0.19591,0.098889,0.065002,-0.066561,0.671697,0.53353,-0.513971,0.093385,0.62727,0.773182,0.734915,-0.567342,0.371512,-0.09684,0.007815,0.033874,0.712994,0.153171,1.351513,0.351056
1281,0.183992,0.03154,0.277141,-0.701683,-0.484345,-0.522586,-0.135842,-0.629091,0.765352,-0.698579,0.608625,0.376285,-0.17803,0.020257,0.069074,0.250193,-0.96541,2.830068,0.324305,-0.178339,0.012862,0.299194,-0.754961,-0.275217,0.595215,0.632182,-0.54621,0.549485,0.174824,0.791457,0.585573,0.028547,0.023634,0.021572,-0.001359,0.034113,-0.033446,-0.076365,0.037763,0.060773,-0.005874,0.790592,0.243002,0.562061,-0.588501,0.555157,0.587763,-0.169205,-0.795455,0.58191,0.01464,0.005707,0.014148,-0.043656,-0.044929,0.094847,-0.241305,0.095272,0.065422,-0.065259,0.690556,0.48684,-0.5349,0.115573,0.655774,0.746058,0.713985,-0.577015,0.396583,-0.089088,0.010161,0.034725,0.803502,0.684126,0.641251,0.28231
1282,0.177037,0.031972,0.279894,-0.695723,-0.449932,-0.559978,-0.158307,-0.664387,0.730411,-0.699816,0.597371,0.391706,-0.162793,0.005294,0.069607,0.631801,0.216139,0.856462,0.273587,-0.177141,0.013531,0.300169,-0.752591,-0.27855,0.596664,0.634643,-0.547985,0.544862,0.176128,0.789064,0.588404,0.029176,0.01269,0.029396,0.013926,-0.004854,-0.091778,-0.124979,0.038383,0.061127,-0.005369,0.788419,0.246432,0.563617,-0.591075,0.557253,0.583179,-0.170364,-0.79293,0.585009,0.014578,0.006408,0.014742,-0.016987,0.009291,-0.076665,-0.284903,0.091728,0.065657,-0.063844,0.684247,0.45009,-0.573781,0.139244,0.691696,0.708637,0.715833,-0.564779,0.410618,-0.081462,0.002416,0.034682,0.709977,0.262685,0.891237,0.197236
1283,0.170676,0.031902,0.282549,-0.67683,-0.417516,-0.606323,-0.184531,-0.70114,0.68871,-0.711827,0.578542,0.398269,-0.148523,0.001039,0.062864,0.443456,-0.184766,0.98644,0.201442,-0.176031,0.014073,0.301288,-0.748895,-0.281487,0.599928,0.638319,-0.549186,0.539331,0.178588,0.787189,0.590173,0.029038,0.01283,0.029304,0.026834,-0.121143,0.0684,-0.18445,0.038928,0.061395,-0.004819,0.784885,0.249428,0.567221,-0.595072,0.558629,0.577773,-0.172754,-0.791023,0.586887,0.014505,0.006285,0.014504,0.006703,-0.119504,0.078318,-0.337483,0.088603,0.065625,-0.062537,0.666972,0.415371,-0.618557,0.164009,0.727977,0.665694,0.726806,-0.545449,0.417417,-0.081143,-0.005615,0.034936,0.515323,-0.075933,1.015266,0.12996
1284,0.167629,0.031818,0.283868,-0.671871,-0.399563,-0.623685,-0.191967,-0.719356,0.667568,-0.714556,0.568741,0.407394,-0.134521,0.000956,0.061692,0.589753,-0.053154,1.132384,0.132604,-0.175494,0.014293,0.3019,-0.746424,-0.282749,0.602409,0.640699,-0.549566,0.536112,0.180406,0.786472,0.590575,0.028983,0.013596,0.029945,0.352873,1.618675,-1.793753,-0.217229,0.039196,0.061504,-0.004513,0.784186,0.250925,0.567527,-0.595973,0.559283,0.57621,-0.172823,-0.790087,0.588126,0.014477,0.006765,0.014921,0.072347,-0.171504,0.035174,-0.367365,0.087074,0.06558,-0.061881,0.662316,0.397404,-0.635142,0.17102,0.745162,0.64458,0.729444,-0.535538,0.42557,-0.08102,0.000668,0.031452,0.809922,0.130478,1.229645,0.05599
1285,0.161972,0.031685,0.286459,-0.664776,-0.365057,-0.651806,-0.198705,-0.754683,0.625253,-0.719338,0.545622,0.429974,-0.133884,-0.008624,0.069559,0.707794,0.285315,1.117544,0.014512,-0.174483,0.014597,0.303302,-0.738215,-0.298855,0.604744,0.652233,-0.544517,0.527283,0.17263,0.784045,0.5961,0.0297,0.003988,0.039054,0.148562,-0.277039,-0.046296,-0.294935,0.03969,0.061656,-0.003832,0.775148,0.266091,0.573008,-0.609409,0.554122,0.567069,-0.166625,-0.78876,0.591685,0.007892,0.001126,0.019269,0.323647,-0.387755,-0.20241,-0.438233,0.084301,0.065509,-0.060618,0.655884,0.363261,-0.661706,0.176754,0.778318,0.602476,0.733875,-0.512114,0.446279,-0.073792,-0.003633,0.035716,0.583918,0.166204,1.018395,-0.119384
1286,0.156675,0.031504,0.289271,-0.666385,-0.32653,-0.670339,-0.2064,-0.783133,0.586578,-0.715675,0.529648,0.455313,-0.119333,-0.00408,0.072777,0.574071,0.346797,0.891513,-0.065685,-0.173516,0.01475,0.304833,-0.72554,-0.316006,0.611329,0.66744,-0.539083,0.513661,0.168139,0.781092,0.601239,0.029599,0.005393,0.040164,0.339482,0.209376,-0.70457,-0.352094,0.040174,0.061731,-0.003067,0.765082,0.283638,0.578099,-0.623724,0.549572,0.555821,-0.160055,-0.785824,0.59738,0.007855,0.002094,0.020091,0.492251,-0.538968,-0.313357,-0.506652,0.081641,0.065415,-0.059221,0.658668,0.323473,-0.679352,0.183765,0.806377,0.562125,0.729648,-0.495095,0.471692,-0.066678,-0.008272,0.039727,0.769308,1.132222,0.368613,-0.23728
1287,0.154303,0.031361,0.29068,-0.669812,-0.308873,-0.675274,-0.208634,-0.794499,0.570276,-0.711818,0.523244,0.46857,-0.119035,-0.003075,0.073228,0.584392,0.331406,0.969607,-0.097677,-0.173041,0.0148,0.305626,-0.718074,-0.32785,0.613903,0.677272,-0.531755,0.508403,0.160658,0.78125,0.603077,0.029546,0.005974,0.040591,0.159163,0.402925,-0.586056,-0.372836,0.040433,0.061761,-0.00264,0.756247,0.29682,0.583084,-0.635937,0.543024,0.548369,-0.153862,-0.785507,0.599419,0.014753,0.003107,0.020397,0.105386,0.496556,-0.617745,-0.532452,0.080405,0.065343,-0.058488,0.662623,0.305304,-0.6839,0.185846,0.817557,0.545034,0.725528,-0.488252,0.484993,-0.066512,-0.007445,0.040252,0.571085,0.53422,0.81224,-0.273041
1288,0.149735,0.030886,0.293827,-0.680681,-0.277027,-0.678214,-0.211202,-0.81227,0.543676,-0.700663,0.513651,0.495238,-0.118475,-0.011019,0.08295,0.404312,0.355443,0.703309,-0.161346,-0.172,0.014865,0.307428,-0.708036,-0.343298,0.617108,0.688299,-0.530373,0.494856,0.158293,0.775551,0.611005,0.030291,-0.003049,0.050187,0.041081,-0.193127,-0.006331,-0.419322,0.040954,0.061793,-0.00174,0.7467,0.312511,0.587174,-0.647772,0.542169,0.535203,-0.151091,-0.779992,0.607274,0.015121,-0.001455,0.025147,-0.025609,-0.158552,0.029306,-0.581276,0.078121,0.065107,-0.05692,0.674468,0.273138,-0.68592,0.188014,0.834877,0.517328,0.713962,-0.477884,0.511745,-0.052483,-0.005791,0.041278,0.566138,0.614577,0.69829,-0.326274
1289,0.145858,0.030145,0.297271,-0.688407,-0.245163,-0.682668,-0.2177,-0.827953,0.51679,-0.691063,0.50468,0.517453,-0.091191,-0.02274,0.089075,0.344091,0.460202,0.578921,-0.220916,-0.170929,0.014775,0.309373,-0.697969,-0.359047,0.61961,0.699251,-0.527931,0.481945,0.154937,0.770085,0.61873,0.030177,-0.002158,0.050722,0.07734,-0.128628,-0.204206,-0.459627,0.041479,0.06175,-0.000786,0.737407,0.328159,0.590373,-0.659212,0.540135,0.523156,-0.147203,-0.774961,0.614626,0.015061,-0.001303,0.025137,0.108794,-0.269112,-0.058062,-0.621282,0.076173,0.064744,-0.055196,0.682884,0.241486,-0.689458,0.194217,0.849804,0.490012,0.704236,-0.468526,0.533417,-0.045634,-0.011275,0.044721,0.520015,0.501373,0.85966,-0.374608
1290,0.142675,0.029071,0.300873,-0.692451,-0.213267,-0.689257,-0.227721,-0.841903,0.489198,-0.68376,0.495965,0.535275,-0.077646,-0.033497,0.09646,0.265253,0.308162,0.71789,-0.271574,-0.169887,0.014519,0.311484,-0.691539,-0.368978,0.620984,0.705714,-0.528,0.472353,0.154449,0.76534,0.624711,0.030063,-0.000964,0.051526,0.064145,-0.117943,-0.194446,-0.511846,0.042,0.061621,0.00027,0.731379,0.338211,0.592196,-0.666106,0.540487,0.51398,-0.146241,-0.770381,0.620585,0.008576,-0.006743,0.029671,0.062759,-0.230608,-0.098321,-0.668963,0.074576,0.06421,-0.053398,0.687875,0.20949,-0.694939,0.203803,0.863178,0.461937,0.696628,-0.459386,0.551065,-0.032089,-0.017156,0.047934,0.414822,0.549317,0.717029,-0.418043
1291,0.141323,0.028392,0.302783,-0.693203,-0.195089,-0.693869,-0.234318,-0.849407,0.472837,-0.680765,0.490597,0.543968,-0.064134,-0.034755,0.095011,0.241512,0.398824,0.572835,-0.293615,-0.169351,0.014333,0.31261,-0.689411,-0.373138,0.620865,0.708066,-0.527472,0.469415,0.153187,0.76369,0.627036,0.030009,-0.001282,0.051069,0.134926,-0.188233,-0.247968,-0.534595,0.042256,0.061535,0.000813,0.729734,0.341395,0.592398,-0.66822,0.539595,0.512169,-0.144803,-0.769601,0.621888,0.008557,-0.007172,0.029199,0.336458,-0.438939,-0.285857,-0.693946,0.07392,0.063886,-0.052476,0.688977,0.191575,-0.699005,0.210079,0.870247,0.445573,0.693669,-0.453836,0.559335,-0.032091,-0.017201,0.047746,0.529343,0.696964,0.78099,-0.435025
1292,0.139307,0.026758,0.306483,-0.692944,-0.158874,-0.703302,-0.244085,-0.866159,0.436078,-0.677594,0.474036,0.562302,-0.037891,-0.050861,0.097844,0.332363,0.425728,0.88302,-0.354173,-0.16842,0.013953,0.314777,-0.682205,-0.38748,0.620038,0.717462,-0.517613,0.466111,0.141177,0.763313,0.630306,0.017116,-0.013497,0.05894,0.142162,-0.308205,-0.155419,-0.568534,0.042738,0.061346,0.001916,0.722868,0.355815,0.592331,-0.678139,0.529837,0.509311,-0.132619,-0.769849,0.624295,0.014922,-0.000834,0.025193,0.368679,-0.356521,-0.399949,-0.734279,0.072892,0.063084,-0.050625,0.689505,0.155965,-0.707287,0.219253,0.885773,0.409063,0.690297,-0.437126,0.576549,-0.025602,-0.019456,0.045434,0.570275,0.682261,1.018693,-0.475684
1293,0.138028,0.024847,0.310066,-0.697093,-0.118876,-0.707089,-0.258076,-0.878481,0.402044,-0.668095,0.462888,0.58259,-0.024755,-0.054067,0.094784,0.273107,0.491651,0.714424,-0.432088,-0.16754,0.013518,0.316929,-0.67621,-0.39963,0.618892,0.725431,-0.507042,0.465395,0.128658,0.764159,0.631959,0.03077,-0.014701,0.056372,0.139486,-0.319802,-0.121255,-0.587783,0.043173,0.061131,0.002995,0.717229,0.368043,0.591715,-0.686416,0.519448,0.508925,-0.120059,-0.771179,0.625194,0.008046,-0.002482,0.024179,0.374405,-0.347333,-0.429074,-0.762365,0.072234,0.062111,-0.048795,0.695141,0.114744,-0.709655,0.233137,0.897838,0.373539,0.680018,-0.425109,0.597374,-0.012526,-0.027659,0.046847,0.423283,0.554135,0.965759,-0.526631
1294,0.13762,0.023739,0.311919,-0.700264,-0.09943,-0.706958,-0.260281,-0.886551,0.38243,-0.663912,0.451929,0.595825,-0.025193,-0.056601,0.092436,0.542277,0.729541,1.086008,-0.481539,-0.16712,0.013259,0.317987,-0.674476,-0.399033,0.621166,0.727055,-0.504664,0.465445,0.128589,0.766043,0.629687,0.017087,-0.017861,0.054645,-0.13494,-0.022088,0.027272,-0.590204,0.043382,0.061013,0.003507,0.71509,0.368856,0.593792,-0.688616,0.517794,0.507637,-0.120217,-0.771902,0.62427,0.008039,-0.003079,0.023589,-0.133105,0.089657,-0.105203,-0.769876,0.072031,0.061561,-0.047864,0.698119,0.097144,-0.70936,0.235158,0.904679,0.355324,0.676261,-0.41487,0.60873,-0.005912,-0.029091,0.045544,0.293035,0.532795,0.743251,-0.561249
1295,0.137297,0.021606,0.315244,-0.704868,-0.070138,-0.705895,-0.263402,-0.898088,0.352178,-0.657784,0.434256,0.615442,-0.011658,-0.048804,0.081583,1.384191,-0.1816,-0.351352,-0.552336,-0.166408,0.012791,0.319841,-0.665711,-0.41053,0.623125,0.736759,-0.49345,0.462197,0.118561,0.767288,0.63014,0.01614,-0.008662,0.044788,0.154571,-0.187203,-0.31686,-0.593629,0.04375,0.060764,0.004474,0.707281,0.379314,0.59655,-0.698305,0.506293,0.505999,-0.110097,-0.774459,0.622969,0.00804,-0.004498,0.022232,0.294821,-0.284387,-0.376239,-0.775591,0.071864,0.060491,-0.046198,0.704612,0.064663,-0.706639,0.239588,0.915678,0.322692,0.66792,-0.396675,0.629706,0.000751,-0.025502,0.039807,4.192979,-1.448215,-2.658266,-0.621503
1296,0.137519,0.019573,0.318324,-0.71223,-0.038102,-0.700943,-0.269965,-0.906872,0.323532,-0.647111,0.419702,0.636493,0.001938,-0.040899,0.070802,0.335514,0.633971,0.609771,-0.631426,-0.16576,0.0124,0.321549,-0.651414,-0.425122,0.628429,0.75122,-0.47688,0.456277,0.10652,0.769835,0.629182,0.01614,-0.010882,0.042679,0.268137,-0.291258,-0.427883,-0.603659,0.044068,0.060573,0.005312,0.694132,0.39337,0.60286,-0.713119,0.490012,0.501347,-0.098194,-0.777912,0.620653,0.007561,0.000589,0.017743,-0.092191,0.068948,-0.100058,-0.783429,0.071969,0.059471,-0.044654,0.712075,0.035261,-0.701216,0.244514,0.923761,0.294752,0.65815,-0.381342,0.649166,0.007493,-0.026764,0.038717,0.310876,0.66705,0.651824,-0.678818
1297,0.138132,0.017924,0.320944,-0.716659,-0.008787,-0.697401,-0.280552,-0.911831,0.299711,-0.637658,0.410453,0.65188,0.015453,-0.033607,0.059418,0.145037,0.321489,0.459726,-0.6845,-0.165169,0.012139,0.323062,-0.640288,-0.431692,0.635347,0.760972,-0.468472,0.448763,0.104709,0.77135,0.62763,0.01613,-0.012082,0.041507,-0.009563,-0.027977,-0.196639,-0.611342,0.044364,0.060441,0.006067,0.682834,0.402012,0.610019,-0.72415,0.48292,0.492335,-0.096666,-0.777928,0.620872,0.007571,-0.000904,0.016364,0.042135,-0.045122,-0.212236,-0.793553,0.072271,0.058645,-0.043339,0.717813,0.005154,-0.696215,0.255011,0.928535,0.269797,0.647852,-0.371207,0.665201,0.007419,-0.022889,0.033229,0.153953,0.398517,0.483198,-0.730091
1298,0.138563,0.017225,0.322103,-0.715519,0.002024,-0.698622,-0.28137,-0.916146,0.285445,-0.638577,0.400805,0.656964,0.015203,-0.035206,0.057984,0.159077,0.256327,0.494763,-0.720148,-0.164923,0.01206,0.323693,-0.637364,-0.433669,0.636938,0.763419,-0.466971,0.446165,0.104734,0.771153,0.627867,0.015179,-0.002222,0.032335,-0.03887,0.136604,-0.331269,-0.611199,0.044493,0.060398,0.006399,0.679906,0.404305,0.611771,-0.726905,0.481522,0.489636,-0.096619,-0.777607,0.621281,0.007568,-0.001203,0.016078,-0.072893,0.160896,-0.315026,-0.796003,0.072475,0.058305,-0.042777,0.716855,-0.004894,-0.697204,0.25555,0.932229,0.256208,0.648701,-0.361834,0.669523,0.007575,-0.017563,0.029013,0.642102,-0.113469,1.149541,-0.751646
1299,0.139543,0.016134,0.323877,-0.714828,0.021903,-0.69899,-0.28604,-0.921238,0.263578,-0.637277,0.38832,0.665666,0.028298,-0.030627,0.044194,0.60218,0.307473,0.197165,-0.764933,-0.164491,0.011999,0.32488,-0.625869,-0.445067,0.640464,0.773991,-0.454805,0.440483,0.096017,0.771945,0.628287,0.001568,-0.004612,0.031381,-0.058824,0.073918,-0.171845,-0.61012,0.044708,0.060369,0.006981,0.669026,0.415981,0.615924,-0.738025,0.469807,0.484356,-0.087883,-0.778614,0.621318,0.007574,-0.001986,0.015349,-0.085745,0.079495,-0.129712,-0.795676,0.072971,0.057752,-0.041864,0.716079,-0.024603,-0.697584,0.260867,0.936395,0.234757,0.647439,-0.350082,0.676951,0.014376,-0.009094,0.018635,1.467611,-0.028734,-0.505545,-0.794591
1300,0.140492,0.015359,0.325167,-0.711039,0.038671,-0.702121,-0.290849,-0.925248,0.243507,-0.639338,0.377301,0.670013,0.01466,-0.011957,0.025,0.22856,0.302785,0.452194,-0.791348,-0.164082,0.012018,0.325911,-0.616385,-0.454722,0.642876,0.782014,-0.448416,0.432793,0.092239,0.770065,0.631154,0.014211,0.005857,0.021479,0.223006,-0.208742,-0.309501,-0.608985,0.044907,0.060376,0.007488,0.660773,0.424025,0.619339,-0.745892,0.463082,0.478747,-0.083804,-0.778304,0.622269,0.007097,0.002525,0.010383,0.298942,-0.295504,-0.373703,-0.795839,0.073456,0.057354,-0.041202,0.712982,-0.041854,-0.699931,0.265224,0.940149,0.213952,0.649085,-0.338183,0.68141,0.007264,-0.006266,0.012232,0.284215,0.375797,0.486555,-0.824636
1301,0.140951,0.014975,0.325655,-0.707929,0.043277,-0.704989,-0.29064,-0.927551,0.234838,-0.642874,0.371088,0.6701,0.027785,-0.016156,0.021313,0.083013,-0.028015,0.51377,-0.798019,-0.16389,0.012024,0.326362,-0.615073,-0.454631,0.644195,0.783069,-0.446904,0.432451,0.092049,0.770997,0.630043,0.014216,0.004987,0.020694,-0.039012,0.066922,-0.110791,-0.608589,0.045004,0.060377,0.007725,0.658709,0.425718,0.620375,-0.747718,0.4622,0.476747,-0.083778,-0.777904,0.622772,0.00759,-0.003425,0.014052,-0.087549,0.00368,0.025184,-0.795513,0.073675,0.057168,-0.040966,0.71047,-0.046963,-0.702157,0.264715,0.942323,0.204822,0.65204,-0.331392,0.681924,0.013646,-0.014109,0.014258,0.062404,0.131563,0.345561,-0.833291
1302,0.141756,0.014174,0.326404,-0.7039,0.05438,-0.708247,-0.289994,-0.932188,0.216565,-0.647571,0.357754,0.672822,0.013452,-0.02024,0.017814,0.157248,0.104421,0.558653,-0.823495,-0.163488,0.012086,0.327293,-0.606548,-0.463771,0.645761,0.790724,-0.435603,0.430045,0.082604,0.772032,0.630084,0.015152,-0.005465,0.029242,-0.053406,0.053554,-0.145994,-0.607854,0.04521,0.060407,0.008195,0.650495,0.435057,0.62256,-0.755853,0.451154,0.474494,-0.074438,-0.77922,0.622313,0.007563,-0.002748,0.014602,-0.078316,0.072848,-0.133759,-0.795023,0.074082,0.056768,-0.040591,0.706452,-0.057595,-0.705412,0.263926,0.94623,0.187058,0.656709,-0.318324,0.683667,0.0134,-0.011436,0.007728,0.256246,0.238409,0.642086,-0.84766
1303,0.142368,0.013402,0.326874,-0.703457,0.066021,-0.707696,-0.287844,-0.936833,0.198648,-0.649008,0.34336,0.678911,0.013168,-0.01328,0.006151,0.172567,0.085505,0.538283,-0.860925,-0.163027,0.012173,0.328249,-0.600302,-0.466479,0.649635,0.79584,-0.427957,0.428281,0.078975,0.774678,0.627296,0.014118,0.006282,0.021648,-0.042158,0.075823,-0.112316,-0.607749,0.045435,0.060448,0.008665,0.644625,0.437674,0.626816,-0.761194,0.443592,0.473084,-0.070994,-0.782091,0.619106,0.007545,-0.002634,0.014666,-0.063867,-0.012297,0.03127,-0.79486,0.074388,0.056377,-0.040354,0.706552,-0.069557,-0.704233,0.261625,0.950325,0.168622,0.657522,-0.303385,0.689652,0.006364,-0.012664,0.006699,0.190188,0.29032,0.404709,-0.874114
1304,0.142528,0.013009,0.327091,-0.705205,0.072997,-0.705268,-0.285978,-0.93947,0.18864,-0.647935,0.334626,0.684276,0.012721,-0.025604,0.01319,0.192173,0.319052,0.389766,-0.872269,-0.162743,0.012193,0.328754,-0.599507,-0.466391,0.650432,0.796488,-0.426666,0.428365,0.078474,0.775442,0.626414,0.014076,0.00715,0.022343,-0.043599,0.07103,-0.10777,-0.60736,0.045578,0.060456,0.008916,0.643917,0.437585,0.627605,-0.761835,0.442342,0.473222,-0.070541,-0.782848,0.6182,0.007521,-0.002055,0.015135,-0.066904,-0.025465,0.042812,-0.794696,0.074468,0.056184,-0.040249,0.708273,-0.076297,-0.701802,0.259752,0.952563,0.158589,0.656412,-0.294619,0.694494,-0.000223,-0.006069,0.003589,0.316413,0.430987,0.479,-0.88685
1305,0.142669,0.012295,0.327534,-0.709953,0.089361,-0.698589,-0.286305,-0.942871,0.170278,-0.642585,0.320782,0.695852,-0.000642,-0.022771,0.015717,0.537454,0.237773,0.039912,-0.878406,-0.162089,0.012187,0.32982,-0.597166,-0.468299,0.651214,0.798339,-0.424782,0.426789,0.077499,0.775329,0.626675,0.014025,0.007435,0.022494,-0.042734,0.069724,-0.108662,-0.607472,0.045904,0.060454,0.00945,0.641659,0.439617,0.628497,-0.763826,0.440611,0.471626,-0.069588,-0.782686,0.618513,0.0075,-0.0019,0.015225,-0.076468,-0.017982,0.045885,-0.79486,0.074543,0.055819,-0.040034,0.71346,-0.09276,-0.694527,0.260528,0.955254,0.140047,0.65046,-0.280862,0.705703,-0.000181,-0.005714,0.003899,1.478661,0.135779,-0.688148,-0.897627
1306,0.142637,0.011438,0.328162,-0.714512,0.106389,-0.691519,-0.291359,-0.943832,0.155763,-0.635222,0.312638,0.706242,-0.014244,-0.02136,0.017019,0.130096,0.249644,0.299852,-0.888713,-0.161287,0.012109,0.33094,-0.5919,-0.471548,0.653673,0.802166,-0.422848,0.421501,0.078379,0.774421,0.627688,0.013998,0.006751,0.021832,-0.006339,0.029634,-0.136819,-0.607351,0.046294,0.060418,0.01,0.636634,0.443097,0.631159,-0.767933,0.439116,0.466319,-0.070528,-0.781563,0.619825,0.007499,-0.002464,0.014711,-0.043513,-0.06218,0.015602,-0.795023,0.074532,0.055399,-0.039727,0.718539,-0.108978,-0.686894,0.265019,0.956034,0.12555,0.643013,-0.272252,0.715829,-0.000299,-0.011175,0.008052,0.240104,0.512225,0.265424,-0.906608
1307,0.142489,0.0105,0.328866,-0.719483,0.109615,-0.685838,-0.284155,-0.947492,0.146584,-0.632868,0.300207,0.713709,-0.000834,-0.033261,0.024428,0.001384,0.216246,0.055268,-0.897763,-0.160445,0.011984,0.332014,-0.586776,-0.47481,0.655927,0.805841,-0.420996,0.416312,0.0792,0.773439,0.628794,0.028514,-0.004293,0.028686,-0.041336,-0.066913,0.052162,-0.606717,0.046721,0.060358,0.010546,0.6315,0.446553,0.633874,-0.772088,0.43735,0.461091,-0.071324,-0.780586,0.620964,0.007496,-0.002793,0.014402,-0.092279,0.077402,-0.127287,-0.795186,0.074453,0.054926,-0.039372,0.72369,-0.11252,-0.68089,0.257947,0.959212,0.115647,0.640106,-0.259326,0.723196,-0.00026,-0.010883,0.00832,0.040886,0.098857,0.244986,-0.912977
1308,0.142386,0.009997,0.329283,-0.72179,0.10988,-0.683367,-0.28033,-0.949116,0.143403,-0.631945,0.294933,0.71672,-0.014329,-0.030882,0.026564,0.057696,0.322574,0.082338,-0.899264,-0.160005,0.011914,0.332516,-0.585002,-0.476787,0.656078,0.807166,-0.420262,0.414483,0.078828,0.772624,0.629842,0.028566,-0.006309,0.026979,-0.043216,0.039333,-0.150347,-0.606508,0.046941,0.060327,0.0108,0.629965,0.448513,0.634018,-0.773389,0.436727,0.459497,-0.070802,-0.77981,0.621998,0.006984,0.0024,0.010034,-0.016422,-0.061027,0.04011,-0.795023,0.074406,0.054672,-0.039166,0.725651,-0.112066,-0.678874,0.254072,0.960559,0.113012,0.639435,-0.25449,0.725504,-0.000155,-0.010152,0.008961,0.165284,0.381295,0.213278,-0.915263
1309,0.142135,0.009018,0.330194,-0.725527,0.101532,-0.680696,-0.266311,-0.953421,0.141562,-0.633718,0.283852,0.719622,-0.000361,-0.02992,0.027385,-0.08689,0.059659,-0.051207,-0.898215,-0.159195,0.01183,0.333388,-0.58219,-0.47866,0.657214,0.809261,-0.418219,0.412459,0.078152,0.772577,0.629984,0.014061,0.002251,0.017934,-0.029273,-0.037263,0.058483,-0.605833,0.047351,0.060282,0.01124,0.627189,0.450333,0.635478,-0.775709,0.434553,0.457643,-0.070057,-0.779976,0.621875,0.007565,-0.005118,0.012439,-0.094241,0.104318,-0.145834,-0.794533,0.074275,0.05418,-0.038712,0.729507,-0.10412,-0.676,0.239977,0.964477,0.11042,0.640491,-0.242777,0.72858,-0.006823,-0.008333,0.010578,-0.058061,0.002243,-0.082468,-0.916896
1310,0.141867,0.008063,0.331275,-0.729961,0.099005,-0.676313,-0.2579,-0.956207,0.1383,-0.632099,0.275246,0.724373,0.000162,-0.026284,0.030564,0.175951,0.480818,0.248805,-0.896646,-0.158451,0.011832,0.334024,-0.57951,-0.480537,0.658213,0.811203,-0.416741,0.410135,0.077936,0.772213,0.630458,0.027636,0.000152,0.014941,0.006533,0.013263,-0.142722,-0.604836,0.047718,0.060285,0.011559,0.624753,0.452242,0.636521,-0.777691,0.433326,0.455438,-0.069853,-0.779554,0.622427,0.006542,0.005115,0.003589,0.037539,0.018178,-0.15485,-0.794043,0.074141,0.053699,-0.038175,0.732697,-0.099322,-0.673267,0.231344,0.966729,0.109151,0.640026,-0.235732,0.731297,6.9e-05,-0.013121,0.015306,-0.120048,0.011444,-0.03695,-0.916896
1311,0.141687,0.007324,0.332461,-0.732902,0.098632,-0.67318,-0.254758,-0.957232,0.137031,-0.629967,0.271799,0.727526,-0.012992,-0.021331,0.034896,-0.058627,0.121534,-0.010105,-0.89741,-0.157834,0.01194,0.334458,-0.577788,-0.482486,0.6583,0.812436,-0.416326,0.408111,0.077874,0.771222,0.631676,0.013131,0.008966,0.006138,0.009973,-0.037126,0.049013,-0.605221,0.048027,0.060334,0.011773,0.622925,0.454329,0.636826,-0.779168,0.432886,0.453327,-0.069714,-0.778584,0.623654,0.006573,0.004154,0.002788,-0.024341,0.08408,-0.110104,-0.79388,0.074055,0.053332,-0.037593,0.736716,-0.100588,-0.668678,0.228225,0.967836,0.105858,0.636523,-0.230596,0.735977,0.000436,-0.010591,0.017489,-0.051188,0.104313,0.053458,-0.916242
1312,0.141603,0.007044,0.333045,-0.732928,0.097452,-0.673324,-0.250651,-0.958744,0.133999,-0.631579,0.266854,0.727959,-0.012536,-0.009085,0.027686,-0.014714,-0.098498,0.18775,-0.898544,-0.157591,0.012035,0.334603,-0.57749,-0.482431,0.658603,0.812651,-0.415995,0.40802,0.077848,0.771435,0.63142,0.013139,0.008532,0.005772,-0.008961,0.07411,-0.115049,-0.605486,0.048153,0.06038,0.01185,0.622824,0.45413,0.637068,-0.779261,0.432514,0.453522,-0.069583,-0.778907,0.623266,0.006573,0.00404,0.002689,0.000114,-0.02675,0.055992,-0.793717,0.074014,0.053184,-0.037287,0.736889,-0.099431,-0.668659,0.224044,0.969142,0.102792,0.637806,-0.225556,0.736428,0.000478,-0.010284,0.017752,0.016867,-0.17133,0.148655,-0.917059
1313,0.141513,0.006538,0.334219,-0.735123,0.107045,-0.669464,-0.254181,-0.958939,0.1257,-0.627609,0.26243,0.732983,0.00115,-0.010355,0.02652,0.160382,0.354228,0.215165,-0.896801,-0.157157,0.012319,0.334846,-0.57773,-0.482379,0.65843,0.812492,-0.416065,0.408266,0.077725,0.77143,0.631441,0.013139,0.008023,0.005337,0.003929,-0.030357,0.053684,-0.605558,0.048365,0.060519,0.011969,0.622954,0.454022,0.637018,-0.779163,0.432493,0.45371,-0.069512,-0.778982,0.62318,-0.000179,0.003942,0.003218,0.00211,-0.014876,0.024761,-0.794043,0.073964,0.052939,-0.036707,0.738331,-0.107427,-0.665827,0.227549,0.969024,0.095981,0.634892,-0.222374,0.739906,-0.006201,-0.003976,0.014315,0.340582,0.181128,0.57827,-0.917549
1314,0.14148,0.006206,0.335261,-0.737343,0.114204,-0.665829,-0.257495,-0.958705,0.120634,-0.623644,0.260248,0.737134,0.001217,-0.009887,0.026891,0.108172,0.304468,0.162741,-0.896823,-0.156847,0.012633,0.335086,-0.57741,-0.484445,0.657193,0.81271,-0.417139,0.406732,0.077815,0.769555,0.633714,0.013068,0.00914,0.006232,0.009068,-0.036092,0.049726,-0.605608,0.04852,0.060673,0.012087,0.62256,0.456281,0.635787,-0.779478,0.433709,0.452006,-0.069505,-0.776983,0.625671,-0.000181,0.003903,0.00318,-0.012448,-0.005901,0.029002,-0.793717,0.073947,0.052774,-0.036185,0.740943,-0.114712,-0.661697,0.230898,0.968749,0.090608,0.630625,-0.21992,0.744275,0.000581,-0.00503,0.013374,0.284114,0.460011,0.47529,-0.917712
1315,0.141511,0.006068,0.335699,-0.737713,0.117081,-0.664919,-0.259185,-0.95849,0.118705,-0.622507,0.259756,0.738268,0.000954,-0.011683,0.025356,0.102508,0.296361,0.157476,-0.897432,-0.156733,0.012809,0.335245,-0.57771,-0.484448,0.656927,0.81251,-0.417287,0.40698,0.077681,0.769472,0.63383,0.012935,0.011787,0.008377,0.005907,-0.045603,0.078058,-0.605645,0.048582,0.060759,0.012164,0.622915,0.456142,0.635538,-0.779212,0.43376,0.452415,-0.069306,-0.777036,0.625627,-0.000227,0.004839,0.003939,-0.001597,-0.012034,0.026394,-0.794206,0.073964,0.052705,-0.035952,0.741492,-0.117738,-0.66055,0.232659,0.968519,0.088537,0.629331,-0.219332,0.745543,0.000624,-0.000179,0.00866,0.255857,0.34722,0.435737,-0.917712
1316,0.141553,0.005858,0.336487,-0.738645,0.122536,-0.662898,-0.262134,-0.958153,0.114894,-0.620164,0.258476,0.740685,0.000795,-0.012766,0.024424,-0.045469,0.055357,0.013977,-0.894245,-0.156544,0.01318,0.335682,-0.57718,-0.486526,0.655856,0.812895,-0.418003,0.405473,0.07759,0.767773,0.6359,-0.000598,0.012777,0.010368,0.015368,-0.043204,0.039978,-0.606233,0.048682,0.060945,0.012382,0.622358,0.458411,0.634451,-0.779673,0.43465,0.450764,-0.069129,-0.775201,0.627919,0.006421,0.00651,0.004668,-0.007203,-0.025898,0.0546,-0.794533,0.073984,0.052601,-0.035565,0.743178,-0.124075,-0.657488,0.235669,0.968224,0.083669,0.626215,-0.217131,0.748804,0.00054,-0.000765,0.008154,-0.024973,0.020763,0.022566,-0.916406
1317,0.141587,0.005737,0.337084,-0.740071,0.127282,-0.660409,-0.264151,-0.958024,0.111292,-0.617605,0.256648,0.743453,0.001237,0.0085,0.007155,0.075524,0.108547,0.097545,-0.888677,-0.156367,0.013502,0.336259,-0.576276,-0.488595,0.655113,0.813562,-0.418196,0.403935,0.077317,0.766354,0.637641,0.012734,0.01495,0.010852,0.027073,0.03373,-0.142848,-0.605498,0.048766,0.061106,0.012672,0.621605,0.460489,0.633684,-0.780311,0.434971,0.449348,-0.068715,-0.773788,0.629705,0.00018,0.00192,0.010092,-0.010706,-0.052109,0.006659,-0.79437,0.074001,0.05253,-0.035255,0.744547,-0.128357,-0.655113,0.237705,0.967996,0.080494,0.623815,-0.215655,0.751229,0.000449,-0.0014,0.007611,0.064423,0.161262,0.101332,-0.91314
1318,0.141594,0.0057,0.337356,-0.739969,0.127487,-0.660484,-0.264691,-0.957841,0.111583,-0.617497,0.257227,0.743343,0.001165,0.008011,0.006734,0.001534,-0.013383,0.025556,-0.883358,-0.156275,0.013642,0.33662,-0.575517,-0.490679,0.654222,0.814117,-0.418598,0.402395,0.077121,0.764803,0.639524,0.013736,0.005369,0.020173,-0.007994,-0.061065,0.042143,-0.60501,0.048812,0.061173,0.012843,0.620683,0.462702,0.632975,-0.781066,0.435381,0.447636,-0.068463,-0.772236,0.631635,0.000182,0.001801,0.009983,-0.0357,-0.014837,-0.003579,-0.794206,0.074004,0.052513,-0.035125,0.744532,-0.128738,-0.655055,0.238284,0.967843,0.080623,0.623611,-0.216116,0.751267,0.000392,-0.001798,0.007272,-0.043325,-0.01266,0.000791,-0.910691
1319,0.141559,0.005611,0.337821,-0.739707,0.127941,-0.660689,-0.265739,-0.9575,0.112022,-0.617361,0.258269,0.743095,0.000622,-0.004831,0.013498,-0.034739,1.7e-05,0.007347,-0.872891,-0.156124,0.013826,0.337368,-0.573218,-0.494808,0.653129,0.815766,-0.418732,0.398902,0.076815,0.762068,0.642817,0.013735,0.004892,0.019731,0.052762,-0.128951,-0.004382,-0.605028,0.048887,0.061274,0.013225,0.618584,0.466709,0.632087,-0.782777,0.435592,0.44443,-0.067913,-0.769702,0.63478,0.000183,0.001717,0.009887,0.045206,-0.007642,-0.236721,-0.793717,0.073987,0.052475,-0.034893,0.744207,-0.129109,-0.655351,0.239325,0.967541,0.08116,0.623601,-0.217242,0.75095,-0.006478,0.003128,0.00266,-0.000924,0.014378,-0.030017,-0.904812
1320,0.141494,0.005458,0.338233,-0.740387,0.130378,-0.65945,-0.267037,-0.95732,0.110464,-0.615985,0.257716,0.744427,0.000361,-0.006626,0.011991,0.039745,0.123448,0.079748,-0.853501,-0.155944,0.013891,0.33812,-0.571789,-0.496875,0.652812,0.816839,-0.417971,0.397503,0.076054,0.761142,0.644004,0.000514,0.000713,0.017558,-0.024732,-0.016531,-0.001734,-0.602515,0.048982,0.061313,0.013606,0.617143,0.468997,0.631803,-0.783993,0.434875,0.442987,-0.066996,-0.768716,0.63607,0.000237,0.000529,0.008913,-0.048942,0.002648,0.009064,-0.792737,0.073955,0.052397,-0.034682,0.7449,-0.131344,-0.654119,0.240579,0.967349,0.079727,0.62229,-0.216756,0.752177,0.000105,-0.003788,0.005598,0.068843,0.184489,0.080411,-0.892402
