frame,MLTx,MLTy,MLTz,MLTR1,MLTR2,MLTR3,MLTR4,MLTR5,MLTR6,MLTR7,MLTR8,MLTR9,MLTTVx,MLTTVy,MLTTVz,MLTRVx,MLTRVy,MLTRVz,MLGA,MRTx,MRTy,MRTz,MRTR1,MRTR2,MRTR3,MRTR4,MRTR5,MRTR6,MRTR7,MRTR8,MRTR9,MRTTVx,MRTTVy,MRTTVz,MRTRVx,MRTRVy,MRTRVz,MRGA,SLTx,SLTy,SLTz,SLTR1,SLTR2,SLTR3,SLTR4,SLTR5,SLTR6,SLTR7,SLTR8,SLTR9,SLTTVx,SLTTVy,SLTTVz,SLTRVx,SLTRVy,SLTRVz,SLGA,SRTx,SRTy,SRTz,SRTR1,SRTR2,SRTR3,SRTR4,SRTR5,SRTR6,SRTR7,SRTR8,SRTR9,SRTTVx,SRTTVy,SRTTVz,SRTRVx,SRTRVy,SRTRVz,SRGA
509,0.117358,-0.018429,0.34654,-0.404916,-0.899176,-0.166046,0.166192,-0.250995,0.9536,-0.89863,0.359651,0.251282,0.01456,0.007853,-0.011087,0.036207,-0.030068,0.046736,-0.762001,-0.159503,0.014222,0.34641,0.908955,0.416874,-0.00302,-0.127044,0.284167,0.950285,0.395846,-0.863888,0.311233,0.014325,-0.011872,0.006511,0.168221,-0.208805,0.106466,-1.405204,0.040058,0.028213,-0.003557,-0.967442,-0.247748,0.051709,0.126727,-0.297348,0.946321,-0.219074,0.922065,0.319063,0.007681,-0.01168,0.007213,0.12736,-0.102894,-0.11989,-0.880424,0.074464,0.015178,-0.06667,-0.348544,-0.919073,-0.183902,0.265207,-0.284892,0.921141,-0.898988,0.272287,0.343042,-0.000123,-0.000564,-0.000515,2e-05,3e-06,-2.3e-05,-0.769771
510,0.117392,-0.018393,0.346503,-0.404653,-0.899135,-0.16691,0.16601,-0.251761,0.95343,-0.898782,0.359218,0.251357,0.01426,-0.001861,-0.001407,0.000984,-0.014715,0.029553,-0.766953,-0.159168,0.013819,0.346653,0.906899,0.421304,-0.005322,-0.129181,0.290326,0.948133,0.399839,-0.859685,0.317701,0.01543,-0.02415,0.013853,0.417394,-0.244617,-0.22551,-1.405059,0.04023,0.028007,-0.003433,-0.966518,-0.251878,0.048979,0.126769,-0.302763,0.944596,-0.223095,0.919179,0.324556,0.007709,-0.01216,0.006854,0.556568,-0.250472,-0.257922,-0.873892,0.074486,0.015197,-0.066694,-0.348349,-0.918963,-0.184821,0.265082,-0.2857,0.920926,-0.899101,0.271811,0.343124,0.007138,-0.000906,-0.000683,0.001008,-0.014713,0.02954,-0.774016
511,0.117425,-0.018374,0.34648,-0.404582,-0.899494,-0.165134,0.167166,-0.250317,0.953608,-0.8986,0.359327,0.251852,-0.0,-0.0,-0.0,0.0,0.0,-0.0,-0.781749,-0.158564,0.013079,0.347081,0.904692,0.425898,-0.011599,-0.1279,0.297718,0.946013,0.405202,-0.854884,0.323802,0.014366,-0.011869,0.006519,0.042946,-0.047199,-0.019738,-1.404685,0.040533,0.027632,-0.003223,-0.96521,-0.257921,0.042947,0.125026,-0.310998,0.94215,-0.229644,0.914743,0.332426,0.007177,-0.005946,0.003241,-0.015156,-0.044574,-0.010176,-0.872096,0.074503,0.015207,-0.066705,-0.348103,-0.919409,-0.183054,0.266147,-0.284158,0.921096,-0.898881,0.271917,0.343614,1e-06,9e-06,8e-06,-0.000362,-0.001057,0.002586,-0.78365
512,0.117415,-0.018382,0.3465,-0.404355,-0.899444,-0.16596,0.166831,-0.250992,0.953489,-0.898764,0.35898,0.25176,1e-06,5e-06,5e-06,0.0,0.0,-0.0,-0.787573,-0.157934,0.012469,0.347319,0.905055,0.424938,-0.017172,-0.125653,0.306025,0.94366,0.405095,-0.852422,0.330358,0.014532,-0.015091,0.004078,0.10002,1.480238,0.491714,-1.405079,0.040847,0.027331,-0.003101,-0.965641,-0.257196,0.037238,0.121044,-0.31833,0.940219,-0.229966,0.912423,0.338524,0.007246,-0.007607,0.001977,0.096035,1.500097,0.489906,-0.86981,0.074498,0.015204,-0.066694,-0.347949,-0.919296,-0.183917,0.265844,-0.284871,0.920964,-0.899031,0.271556,0.34351,-1e-06,-1e-06,-1e-06,1.7e-05,-2.4e-05,3.8e-05,-0.791488
513,0.117425,-0.018382,0.346487,-0.404184,-0.899411,-0.166551,0.166649,-0.251496,0.953388,-0.898875,0.358708,0.251752,-6.5e-05,-0.000297,-0.000271,0.00518,-0.092779,0.175851,-0.78718,-0.157653,0.012207,0.347385,0.90685,0.42098,-0.019762,-0.123071,0.309643,0.942819,0.401868,-0.853075,0.332607,0.014516,-0.014397,0.004601,0.388086,-0.231603,-0.153521,-1.40491,0.040982,0.027203,-0.003072,-0.967247,-0.251498,0.034359,0.116565,-0.319847,0.940271,-0.225487,0.91348,0.338687,0.007274,-0.007612,0.001977,0.441206,-0.2515,-0.20797,-0.867197,0.074503,0.015204,-0.066701,-0.347833,-0.919219,-0.184517,0.265693,-0.285383,0.920849,-0.899121,0.271276,0.343496,-3.6e-05,-0.000165,-0.000151,0.005184,-0.09277,0.175881,-0.792632
514,0.117393,-0.01837,0.346483,-0.403911,-0.899359,-0.167498,0.166344,-0.252296,0.95323,-0.899055,0.358276,0.251725,-0.0,-0.0,-0.0,0.0,0.0,0.0,-0.791061,-0.157171,0.011779,0.34742,0.914529,0.403589,-0.027278,-0.113825,0.321738,0.939927,0.386952,-0.856975,0.340184,0.013526,-0.004567,-0.004623,-0.024874,5.113163,1.861313,-1.404808,0.041228,0.026984,-0.003052,-0.971415,-0.235798,0.027404,0.107017,-0.331954,0.937205,-0.211894,0.913348,0.3477,0.006537,-0.002339,-0.00242,-0.072623,5.110243,1.867038,-0.865238,0.074487,0.01521,-0.066703,-0.347645,-0.919097,-0.185478,0.265437,-0.286196,0.92067,-0.899269,0.270834,0.343457,1e-06,2e-06,4e-06,2.5e-05,-1.8e-05,1.8e-05,-0.794101
515,0.117394,-0.018363,0.346489,-0.403838,-0.899712,-0.165769,0.167413,-0.250867,0.95342,-0.898889,0.358395,0.252147,0.0,2e-06,1e-06,0.0,0.0,-0.0,-0.799559,-0.156703,0.011263,0.347428,0.91845,0.394138,-0.033105,-0.106481,0.327279,0.938874,0.379708,-0.859261,0.342572,0.000285,-0.006136,-0.004672,0.079594,-0.087606,0.191201,-1.404861,0.041457,0.026733,-0.003048,-0.974286,-0.224179,0.02254,0.098932,-0.335779,0.93673,-0.202426,0.914874,0.349324,0.007339,-0.008306,0.001452,0.483546,-0.935065,2.526826,-0.861319,0.074488,0.015213,-0.0667,-0.3474,-0.919531,-0.183775,0.26641,-0.28469,0.920856,-0.899076,0.270946,0.343874,0.0,-4e-06,-4e-06,-0.000114,-0.000362,0.00085,-0.798837
516,0.117384,-0.018362,0.34649,-0.403601,-0.899664,-0.166605,0.167123,-0.251567,0.953287,-0.89905,0.358023,0.252102,0.0,0.0,0.0,0.0,0.0,0.0,-0.813758,-0.156418,0.010701,0.347531,0.921091,0.387314,-0.039626,-0.101299,0.336963,0.936017,0.374708,-0.858613,0.34963,0.001324,-0.016234,0.004342,0.110438,-0.069545,-0.075732,-1.405132,0.041599,0.026455,-0.003002,-0.976132,-0.21665,0.015101,0.090946,-0.344638,0.934319,-0.197216,0.913393,0.356116,0.000671,-0.008264,0.002053,0.170227,-0.085265,-0.130748,-0.863768,0.074482,0.015214,-0.066699,-0.347239,-0.919421,-0.184631,0.26616,-0.28541,0.920705,-0.899212,0.270563,0.343819,1e-06,-2e-06,-2e-06,3.7e-05,-3.6e-05,5.5e-05,-0.805695
517,0.117406,-0.018358,0.346494,-0.403717,-0.900053,-0.164207,0.168424,-0.249578,0.953581,-0.898755,0.35844,0.252562,2.1e-05,9.5e-05,8.7e-05,0.0,0.0,-0.0,-0.820154,-0.156324,0.010424,0.347627,0.922774,0.383333,-0.039184,-0.100873,0.338742,0.935421,0.370672,-0.859694,0.351272,0.00126,-0.014826,0.005417,0.060995,-0.017391,-0.07767,-1.404674,0.041652,0.026302,-0.002952,-0.976992,-0.212693,0.015695,0.090417,-0.346423,0.93371,-0.193157,0.913647,0.357684,0.000625,-0.00727,0.002815,0.033449,-0.017938,-0.073775,-0.862135,0.074494,0.015216,-0.066698,-0.347125,-0.919945,-0.182221,0.267343,-0.283309,0.921011,-0.898905,0.270991,0.344285,1.3e-05,5.5e-05,5e-05,-0.000557,-0.001561,0.003803,-0.810104
518,0.117395,-0.018365,0.346502,-0.403489,-0.900005,-0.165028,0.168115,-0.250257,0.953457,-0.898915,0.358085,0.252494,0.0,0.0,0.0,0.0,0.0,-0.0,-0.832204,-0.156035,0.009804,0.348011,0.927551,0.371166,-0.043323,-0.095137,0.346959,0.933007,0.360147,-0.861739,0.35716,0.001127,-0.011924,0.007641,0.209825,-0.123209,-0.113913,-1.4052,0.041796,0.025995,-0.002764,-0.979853,-0.199385,0.011488,0.082767,-0.353053,0.931934,-0.181758,0.91411,0.362443,0.007227,-0.005466,0.003611,0.307735,-0.162886,-0.115636,-0.860829,0.074488,0.015212,-0.066694,-0.346968,-0.919832,-0.18309,0.267061,-0.284034,0.92087,-0.89905,0.270616,0.344202,3e-06,-4e-06,-7e-06,0.005214,-0.092795,0.175947,-0.821861
519,0.117395,-0.018373,0.346508,-0.403468,-0.900362,-0.163119,0.169223,-0.248669,0.953677,-0.898717,0.358295,0.252903,0.000106,0.000484,0.000441,0.0,0.0,-0.0,-0.843305,-0.155992,0.009099,0.348392,0.93139,0.360234,-0.052299,-0.086672,0.359306,0.929151,0.352314,-0.861304,0.365914,0.002303,-0.024888,0.014503,-0.023745,3e-05,-0.060156,-1.404837,0.041817,0.025653,-0.002572,-0.982027,-0.18872,0.002635,0.072562,-0.364624,0.928322,-0.174233,0.911829,0.371765,0.000585,-0.00641,0.003482,-0.034227,-0.142593,0.209887,-0.85789,0.074488,0.015207,-0.066692,-0.34676,-0.920285,-0.181195,0.268068,-0.282361,0.921092,-0.89883,0.270826,0.34461,8.7e-05,0.000385,0.000349,-0.000256,-0.000782,0.001886,-0.830515
520,0.117386,-0.018365,0.346515,-0.403308,-0.90033,-0.163689,0.169025,-0.249147,0.953587,-0.898826,0.358041,0.252873,7.8e-05,0.000357,0.000325,0.0,0.0,-0.0,-0.847499,-0.156026,0.008727,0.348667,0.933626,0.353607,-0.057412,-0.082136,0.367586,0.926319,0.347465,-0.860547,0.372276,0.002159,-0.021903,0.016796,0.278182,-0.173831,-0.149555,-1.40536,0.0418,0.025465,-0.002443,-0.983535,-0.180695,-0.002512,0.065702,-0.370496,0.926506,-0.168346,0.911087,0.376269,-0.005599,-0.011342,0.008686,0.589826,-0.280807,-0.017331,-0.8574,0.074483,0.015212,-0.066688,-0.346677,-0.920228,-0.181644,0.267935,-0.282739,0.921015,-0.898902,0.270626,0.34458,6e-05,0.000273,0.000246,-3.4e-05,-0.000125,0.000249,-0.833944
521,0.117364,-0.018362,0.346517,-0.402998,-0.900268,-0.164788,0.168645,-0.250068,0.953413,-0.899037,0.357553,0.252815,0.0,0.0,0.0,0.0,0.0,0.0,-0.857315,-0.156224,0.008081,0.349203,0.942548,0.327701,-0.064867,-0.069133,0.381637,0.921688,0.325591,-0.864644,0.38242,-0.011227,-0.022444,0.017573,-0.295014,5.0523,1.993419,-1.404882,0.041706,0.025145,-0.002172,-0.987011,-0.160352,-0.009718,0.053233,-0.383533,0.921991,-0.151571,0.909499,0.387087,-0.005615,-0.01113,0.008862,0.048477,-0.069982,-0.140588,-0.859359,0.074473,0.015214,-0.066686,-0.346438,-0.920067,-0.182908,0.267569,-0.283801,0.920794,-0.899103,0.270058,0.344501,1e-06,-5e-06,-6e-06,0.005203,-0.092746,0.175854,-0.83672
522,0.117386,-0.018339,0.346483,-0.402676,-0.900212,-0.16588,0.168362,-0.251016,0.953214,-0.899235,0.357028,0.252854,-1.1e-05,-5e-05,-4.5e-05,0.0,0.0,0.0,-0.863113,-0.156472,0.007513,0.349639,0.948405,0.307036,-0.079041,-0.05229,0.397696,0.91599,0.311466,-0.864965,0.393303,0.001068,-0.010877,0.008473,0.122247,-0.083177,-0.057724,-1.404891,0.041578,0.024853,-0.001948,-0.990788,-0.133279,-0.023984,0.031066,-0.396087,0.917687,-0.131809,0.908488,0.396579,-0.006146,-0.005921,0.004457,0.118199,-0.102721,-0.050699,-0.863442,0.074483,0.015225,-0.066703,-0.346215,-0.91993,-0.184016,0.267344,-0.284757,0.920564,-0.899256,0.269518,0.344525,-3e-06,-2.6e-05,-2.5e-05,2e-06,2e-06,-6e-06,-0.838516
523,0.11739,-0.018285,0.346449,-0.402714,-0.9006,-0.163669,0.169742,-0.249233,0.953437,-0.898958,0.357302,0.25345,0.000158,0.000719,0.000655,0.0,0.0,-0.0,-0.869786,-0.156707,0.007201,0.349801,0.953902,0.287545,-0.08591,-0.039592,0.404686,0.913562,0.29624,-0.86839,0.397495,-0.013276,-0.003147,-0.001239,0.002588,0.025742,-0.056124,-1.404577,0.041466,0.024698,-0.00186,-0.99306,-0.113515,-0.030721,0.017442,-0.400512,0.916125,-0.116298,0.909232,0.399713,0.000565,-0.006027,0.003792,-0.05936,0.006617,-0.018071,-0.871116,0.074485,0.01525,-0.066722,-0.346036,-0.920431,-0.181832,0.268599,-0.28288,0.920778,-0.89895,0.269783,0.345114,0.000126,0.000571,0.000519,-4.4e-05,-0.000137,0.000326,-0.839822
524,0.11739,-0.018269,0.346435,-0.402577,-0.900577,-0.16413,0.16963,-0.249635,0.953352,-0.899041,0.357077,0.253475,0.000494,0.010599,-0.008873,0.035221,-0.015362,0.017178,-0.869854,-0.156765,0.00716,0.349788,0.958243,0.271978,-0.088259,-0.031719,0.408223,0.912294,0.282932,-0.871724,0.399887,-0.013317,-0.002273,-0.000571,-0.458381,5.039959,2.16941,-1.404581,0.041437,0.024674,-0.001869,-0.994108,-0.103182,-0.033193,0.011259,-0.402882,0.915182,-0.107803,0.909417,0.40167,4.5e-05,-0.000823,-0.000626,0.004137,-0.017128,-0.014794,-0.877975,0.074486,0.015256,-0.066724,-0.345948,-0.920375,-0.182287,0.268491,-0.283269,0.92069,-0.899017,0.269568,0.345108,0.0,-0.0,2e-06,1.3e-05,-1.9e-05,4e-05,-0.840312
525,0.11739,-0.018269,0.346435,-0.402336,-0.900528,-0.16499,0.169333,-0.250356,0.953216,-0.899205,0.356695,0.253429,0.0,0.0,0.0,0.0,0.0,0.0,-0.870751,-0.156764,0.007128,0.349738,0.962337,0.254487,-0.095574,-0.018204,0.411493,0.911195,0.269988,-0.875439,0.40072,2.6e-05,-0.000568,-0.000435,3.1e-05,-7.3e-05,0.000163,-1.404812,0.041432,0.024656,-0.001895,-0.996021,-0.079334,-0.040576,-0.005166,-0.403176,0.915107,-0.088958,0.911676,0.401162,2.6e-05,-0.000378,-0.000287,-0.001001,0.005242,-0.005832,-0.897569,0.074486,0.01526,-0.066727,-0.345777,-0.920263,-0.183176,0.268258,-0.284023,0.920525,-0.899152,0.269158,0.345076,2e-06,-2e-06,-5e-06,-1e-06,1.3e-05,-2.8e-05,-0.841129
526,0.117326,-0.018261,0.346442,-0.40209,-0.90048,-0.165849,0.169035,-0.251076,0.953079,-0.899371,0.35631,0.253382,0.0,0.0,0.0,0.0,0.0,0.0,-0.880835,-0.156725,0.007151,0.349752,0.964055,0.245944,-0.100502,-0.011675,0.417503,0.908564,0.264187,-0.875024,0.405465,-3e-05,0.000675,0.000517,0.221331,-0.119332,-0.08416,-1.40473,0.041452,0.024667,-0.001889,-0.996513,-0.069897,-0.045546,-0.013153,-0.407469,0.913123,-0.082383,0.910539,0.405129,-1.5e-05,0.00046,0.000351,0.335242,-0.137706,-0.113024,-0.897406,0.074453,0.015264,-0.066724,-0.34561,-0.920151,-0.184048,0.268005,-0.284756,0.920372,-0.899291,0.268764,0.34502,3e-06,-1e-06,-2e-06,3.4e-05,1.2e-05,-4e-06,-0.842272
527,0.117275,-0.018257,0.346472,-0.401884,-0.900433,-0.166601,0.168728,-0.251688,0.952972,-0.899521,0.355994,0.253293,8.5e-05,0.000386,0.000352,0.0,0.0,0.0,-0.883245,-0.156637,0.0072,0.349781,0.965472,0.240238,-0.100703,-0.009032,0.417619,0.908541,0.259091,-0.876545,0.405468,0.01328,0.00307,0.001179,0.005244,-0.01662,0.028162,-1.404746,0.041491,0.024689,-0.001875,-0.99686,-0.064725,-0.045613,-0.015301,-0.407727,0.912975,-0.07769,0.910806,0.405457,-5.7e-05,0.001386,0.001059,-0.014919,-0.000705,0.001276,-0.902305,0.074428,0.015266,-0.066709,-0.345472,-0.92005,-0.18481,0.267737,-0.285385,0.920256,-0.899424,0.268442,0.344925,5.4e-05,0.000244,0.000223,2e-05,6e-06,-2e-06,-0.842435
528,0.117113,-0.01826,0.346508,-0.401934,-0.900806,-0.164448,0.169873,-0.249876,0.953245,-0.899283,0.356327,0.253669,-0.014315,0.001604,0.001169,-0.000984,0.014715,-0.029553,-0.883583,-0.15651,0.007293,0.349841,0.967866,0.228453,-0.105051,-0.000303,0.419244,0.907837,0.250206,-0.878902,0.405945,-4.9e-05,0.001065,0.000814,0.000901,-0.002628,0.006111,-1.40457,0.041559,0.02474,-0.001843,-0.997345,-0.052664,-0.050277,-0.02449,-0.407646,0.912811,-0.068568,0.911619,0.405275,-2.8e-05,0.000738,0.000563,0.010301,-0.027057,0.065929,-0.910796,0.074353,0.015265,-0.066691,-0.34531,-0.920534,-0.182691,0.268761,-0.28351,0.920537,-0.899181,0.26877,0.345303,-4.4e-05,-0.000205,-0.000185,-0.000242,-0.000708,0.001735,-0.843251
529,0.117042,-0.018284,0.346485,-0.401759,-0.900772,-0.16506,0.169662,-0.250389,0.953149,-0.899402,0.356052,0.253636,-6.6e-05,-0.000298,-0.000271,0.0,0.0,0.0,-0.903047,-0.156504,0.007354,0.349837,0.970722,0.212374,-0.112193,0.012098,0.423696,0.905687,0.238643,-0.880777,0.408834,-1.9e-05,0.000409,0.000313,0.355153,-0.181474,-0.130236,-1.404961,0.041562,0.024771,-0.001844,-0.997722,-0.035137,-0.05757,-0.038244,-0.408341,0.912027,-0.055554,0.912152,0.406068,-2e-06,0.000201,0.000156,0.617416,-0.1747,-0.174662,-0.914062,0.074311,0.015252,-0.066703,-0.345193,-0.920456,-0.183306,0.268581,-0.284025,0.92043,-0.89928,0.268493,0.345261,-3e-05,-0.000136,-0.000123,-1.1e-05,-1.7e-05,1.6e-05,-0.844231
530,0.116996,-0.018299,0.346484,-0.401522,-0.900722,-0.165911,0.169344,-0.251093,0.95302,-0.899567,0.355682,0.253566,-6e-06,-2.7e-05,-2.4e-05,0.005172,-0.092801,0.17584,-0.938468,-0.156419,0.007403,0.34979,0.972816,0.200757,-0.115402,0.019861,0.424619,0.905118,0.229471,-0.883039,0.409206,5.6e-05,-0.001208,-0.000923,8.3e-05,-6e-05,2.2e-05,-1.404687,0.041604,0.024798,-0.001866,-0.997861,-0.024503,-0.060596,-0.045284,-0.409365,0.911245,-0.047134,0.912041,0.40738,4.7e-05,-0.000837,-0.000641,-0.002822,0.002611,-0.005294,-0.914225,0.074288,0.015244,-0.066703,-0.34506,-0.920362,-0.184024,0.26835,-0.284623,0.920313,-0.899399,0.268181,0.345192,2e-06,7e-06,6e-06,8e-06,-9e-06,2e-06,-0.844884
531,0.116983,-0.018312,0.346486,-0.40134,-0.900681,-0.166568,0.169094,-0.251635,0.952921,-0.899696,0.3554,0.253506,-4e-05,-0.000183,-0.000167,0.0,0.0,0.0,-0.955333,-0.156329,0.007411,0.349764,0.972192,0.202216,-0.118077,0.020946,0.427555,0.90371,0.231991,-0.881289,0.41155,0.01342,-0.000125,-0.001266,0.034338,-0.056985,0.088418,-1.404847,0.041644,0.024801,-0.001879,-0.997676,-0.026013,-0.062967,-0.046676,-0.412267,0.909866,-0.049628,0.910691,0.410095,4e-05,-0.000752,-0.000576,0.121652,-0.369819,0.798584,-0.912755,0.074282,0.015238,-0.066702,-0.344912,-0.920256,-0.184835,0.268092,-0.285301,0.920179,-0.899534,0.267828,0.345117,-2.8e-05,-0.000123,-0.000111,3.4e-05,-4e-06,-5e-06,-0.845211
532,0.116981,-0.018309,0.346461,-0.404154,-0.89906,-0.168514,0.172295,-0.255805,0.951236,-0.897824,0.35653,0.258506,-7.1e-05,-0.000323,-0.000295,0.470575,0.32435,0.15676,-0.98888,-0.156163,0.007454,0.34968,0.972219,0.202182,-0.117924,0.020779,0.427706,0.903643,0.231898,-0.881224,0.411743,9.3e-05,-0.001976,-0.001511,6e-06,-3e-06,-2e-06,-1.404287,0.041732,0.024823,-0.001921,-0.997668,-0.026054,-0.063067,-0.046751,-0.412232,0.909878,-0.049704,0.910706,0.410053,6e-05,-0.001192,-0.000913,-0.002905,0.01482,-0.024793,-0.914552,0.074281,0.01524,-0.066714,-0.346381,-0.919408,-0.186298,0.269669,-0.287799,0.918939,-0.898497,0.268064,0.347624,-4.2e-05,-0.000195,-0.000177,-0.008394,-0.001398,-0.001069,-0.847334
533,0.116981,-0.018309,0.346461,-0.405428,-0.898208,-0.169989,0.173687,-0.258306,0.950307,-0.89698,0.356874,0.260951,2.9e-05,0.000131,0.000119,0.177223,0.12245,0.059194,-1.023571,-0.155962,0.007518,0.349496,0.972687,0.200478,-0.116963,0.021119,0.425822,0.904524,0.229903,-0.882522,0.410076,0.000129,-0.002727,-0.002087,-0.018935,0.114679,-0.195854,-1.404609,0.041833,0.024854,-0.002014,-0.997773,-0.024226,-0.062132,-0.046759,-0.410144,0.910821,-0.047549,0.911698,0.408098,6.8e-05,-0.001351,-0.001036,-0.000645,0.116741,-0.197643,-0.914715,0.074281,0.01524,-0.066715,-0.34901,-0.918121,-0.187738,0.272697,-0.291167,0.916983,-0.896564,0.268841,0.351989,1.9e-05,9.2e-05,8.5e-05,0.277122,0.066008,0.255274,-0.856641
534,0.116939,-0.018288,0.346452,-0.406753,-0.897368,-0.171251,0.175192,-0.260648,0.94939,-0.896086,0.357282,0.263452,0.0,0.0,0.0,0.208261,0.144178,0.069722,-1.068453,-0.155679,0.007657,0.349211,0.973884,0.192917,-0.119684,0.027084,0.42513,0.904691,0.224171,-0.884529,0.408925,0.013597,-0.003698,-0.004011,-0.257151,0.13894,0.103164,-1.404584,0.041969,0.024927,-0.002153,-0.997747,-0.017391,-0.064785,-0.052008,-0.409397,0.910872,-0.042363,0.91219,0.40757,0.00625,0.003873,-0.006026,-0.395112,0.235998,0.005029,-0.915695,0.07426,0.015251,-0.066719,-0.350385,-0.917373,-0.188825,0.274112,-0.293218,0.915907,-0.895595,0.269161,0.354202,-0.0,1e-06,1e-06,0.337516,0.189858,0.095631,-0.852233
535,0.11692,-0.018262,0.346447,-0.406508,-0.897315,-0.172116,0.174937,-0.261386,0.949235,-0.896247,0.356878,0.263451,0.000515,0.010667,-0.008811,0.037801,-0.013601,0.01803,-1.091726,-0.155498,0.007728,0.349021,0.974143,0.191303,-0.120169,0.028617,0.423592,0.905365,0.22286,-0.885615,0.407287,0.012535,0.006855,-0.01273,-0.460184,0.260008,0.214356,-1.40449,0.04206,0.024957,-0.002246,-0.997744,-0.016498,-0.065064,-0.052653,-0.408816,0.911095,-0.04163,0.912467,0.407025,0.00626,0.003704,-0.006159,0.052417,-0.020075,0.047596,-0.915858,0.07425,0.015259,-0.066718,-0.350908,-0.916987,-0.189733,0.274422,-0.294424,0.915426,-0.895296,0.269164,0.354957,1.1e-05,4.7e-05,4.3e-05,-0.014981,-0.001823,-0.001565,-0.857131
536,0.116827,-0.018229,0.346461,-0.405951,-0.897182,-0.17411,0.174265,-0.263055,0.948897,-0.896631,0.355981,0.263359,0.00013,0.000586,0.000534,1e-06,0.0,0.0,-1.119424,-0.154986,0.007885,0.348665,0.974098,0.191242,-0.120629,0.028843,0.424492,0.904935,0.223027,-0.885196,0.408105,0.012449,0.008586,-0.011406,0.025685,0.074366,-0.123983,-1.404677,0.042312,0.025032,-0.002426,-0.997713,-0.014804,-0.065946,-0.054205,-0.407557,0.911569,-0.040371,0.913059,0.405822,0.012906,0.005011,-0.005753,0.044811,-0.039761,0.076737,-0.915532,0.074204,0.015279,-0.066715,-0.350497,-0.916752,-0.191616,0.273779,-0.295949,0.915127,-0.895654,0.268289,0.354717,0.0001,0.000451,0.000413,-0.00021,-0.000802,-0.000333,-0.858601
537,0.116721,-0.018209,0.346478,-0.406822,-0.895831,-0.178969,0.174,-0.26836,0.947459,-0.896287,0.355421,0.26528,1e-06,2e-06,2e-06,0.127413,0.089046,0.04311,-1.139019,-0.154237,0.007934,0.348497,0.974041,0.191193,-0.121165,0.029264,0.424872,0.904743,0.223219,-0.885025,0.408372,0.026895,-0.000746,-0.002956,0.002245,-0.016141,0.033523,-1.404595,0.042685,0.02506,-0.002514,-0.997686,-0.014787,-0.066347,-0.054562,-0.407909,0.91139,-0.04054,0.912902,0.406159,0.006731,-0.000246,-0.000798,-0.01055,0.082591,-0.143368,-0.916348,0.074151,0.015291,-0.066705,-0.35151,-0.915342,-0.196442,0.273737,-0.301154,0.91344,-0.89527,0.26731,0.356422,-4e-06,-1.4e-05,-1e-05,0.182742,0.019855,0.231062,-0.857294
538,0.116656,-0.018207,0.346478,-0.406706,-0.895802,-0.179378,0.173856,-0.2687,0.947389,-0.896367,0.355237,0.265254,-2.9e-05,-0.000132,-0.00012,0.001862,0.001302,0.000631,-1.15127,-0.153762,0.007913,0.348462,0.974075,0.191137,-0.12098,0.029139,0.424785,0.904789,0.223088,-0.885079,0.408327,0.026904,-0.000755,-0.002971,0.002243,-0.016143,0.033522,-1.404396,0.042923,0.02505,-0.00253,-0.997699,-0.014738,-0.066162,-0.054415,-0.407847,0.911427,-0.040416,0.912931,0.406107,0.013977,-0.005219,0.003191,-0.045031,0.076316,-0.133192,-0.914878,0.074119,0.015291,-0.066705,-0.351805,-0.915136,-0.19687,0.273752,-0.301703,0.913254,-0.895149,0.267394,0.356661,-2e-05,-9e-05,-7.8e-05,-0.01338,-0.001889,-0.001549,-0.858438
539,0.116512,-0.018224,0.346488,-0.409596,-0.89412,-0.181182,0.176933,-0.272739,0.945664,-0.894445,0.356395,0.270145,-0.000279,-0.001252,-0.001141,0.402469,0.185785,0.310736,-1.164516,-0.152813,0.007901,0.348393,0.975347,0.185204,-0.11995,0.030834,0.424333,0.904944,0.217255,-0.886548,0.408285,0.026807,0.00118,-0.001497,-0.008666,0.068047,-0.113828,-1.404615,0.043398,0.02504,-0.002568,-0.997828,-0.008688,-0.065282,-0.056099,-0.407109,0.911654,-0.034497,0.913338,0.405737,0.01341,0.000561,-0.000786,0.004159,-0.030897,0.058264,-0.915858,0.074047,0.015285,-0.066698,-0.353555,-0.914203,-0.198068,0.275412,-0.304094,0.911961,-0.89395,0.267878,0.359296,-0.000165,-0.000735,-0.000669,0.458661,0.338965,0.131671,-0.86105
540,0.116505,-0.018256,0.346459,-0.409273,-0.894026,-0.182369,0.176515,-0.273726,0.945457,-0.894676,0.355871,0.270073,-0.000304,-0.001367,-0.001246,8.5e-05,6e-05,2.9e-05,-1.164702,-0.151941,0.007973,0.348356,0.976747,0.179466,-0.117252,0.031014,0.423372,0.905388,0.210883,-0.888178,0.408081,0.026713,0.002802,-0.00026,0.004089,-0.030408,0.058492,-1.405033,0.043834,0.025075,-0.002587,-0.998045,-0.002764,-0.062426,-0.055926,-0.406109,0.912111,-0.027873,0.91382,0.40516,0.006665,0.001017,0.000164,-0.009408,0.081628,-0.140469,-0.916348,0.074043,0.015269,-0.066713,-0.354745,-0.913424,-0.199528,0.276511,-0.306359,0.91087,-0.893138,0.267955,0.361251,-0.000176,-0.000789,-0.000716,-0.004596,0.011786,-0.026349,-0.860887
541,0.116528,-0.018244,0.346456,-0.410352,-0.893068,-0.184628,0.17761,-0.276894,0.944329,-0.893963,0.355826,0.272479,2.1e-05,9.5e-05,8.7e-05,0.341702,0.14473,0.290933,-1.164411,-0.151114,0.008161,0.348487,0.977429,0.175267,-0.117917,0.032964,0.425297,0.904417,0.20742,-0.888092,0.41004,0.026431,0.007096,0.003034,-0.604487,4.944535,2.308006,-1.404974,0.044248,0.025166,-0.002524,-0.997999,-0.004305,-0.063076,-0.055817,-0.408538,0.911032,-0.029691,0.91273,0.407481,0.006496,0.00359,0.002144,0.030453,-0.061122,0.036565,-0.915205,0.074054,0.015272,-0.066717,-0.354886,-0.912959,-0.201399,0.276606,-0.30831,0.910183,-0.893053,0.267303,0.361945,1.3e-05,7.2e-05,6.6e-05,0.614318,0.327061,0.16653,-0.866439
542,0.116549,-0.018247,0.346454,-0.40999,-0.892956,-0.185967,0.177137,-0.278006,0.944091,-0.894224,0.355236,0.272395,0.0,1e-06,1e-06,0.004177,0.002957,0.001433,-1.164844,-0.15074,0.008305,0.348563,0.977404,0.175248,-0.11816,0.033185,0.425349,0.904384,0.207506,-0.888071,0.410042,0.026357,0.008016,0.003734,0.006573,-0.045015,0.083219,-1.404586,0.044444,0.025241,-0.002485,-0.997985,0.001435,-0.063427,-0.058498,-0.407758,0.911213,-0.024555,0.913088,0.407021,0.013176,0.004092,0.001917,-0.001409,-0.045806,0.08406,-0.915042,0.074065,0.015271,-0.066718,-0.355862,-0.912224,-0.202995,0.277481,-0.310558,0.909151,-0.892392,0.267205,0.363641,1e-06,5e-06,5e-06,-0.016222,-0.001116,-0.001275,-0.867582
543,0.116694,-0.018276,0.346402,-0.409484,-0.892799,-0.187827,0.176529,-0.27957,0.943743,-0.894576,0.354401,0.272326,-0.000166,-0.000748,-0.000682,1e-06,1e-06,0.0,-1.176393,-0.15009,0.008541,0.348696,0.979097,0.16524,-0.11856,0.037432,0.427086,0.903399,0.198666,-0.889142,0.412094,0.013022,0.006183,0.00353,-0.01316,0.104993,0.115465,-1.404819,0.044764,0.02536,-0.002417,-0.997894,0.011401,-0.063843,-0.06292,-0.40873,0.910483,-0.015714,0.912583,0.408587,0.006536,0.002747,0.001488,-0.079973,0.53624,0.064765,-0.914715,0.074138,0.015257,-0.066743,-0.355472,-0.911958,-0.204869,0.276806,-0.312065,0.908841,-0.892758,0.266359,0.363366,0.007025,-0.001412,-0.001139,0.000673,-0.015492,0.029233,-0.869705
544,0.116763,-0.018312,0.346371,-0.410968,-0.891943,-0.188648,0.178096,-0.281536,0.942863,-0.893583,0.354998,0.274796,-6e-06,-2.9e-05,-2.7e-05,0.000137,9.8e-05,4.7e-05,-1.209054,-0.149567,0.008725,0.348876,0.979877,0.160972,-0.117983,0.038373,0.428683,0.902603,0.194623,-0.889151,0.413999,0.012941,0.00716,0.00427,-0.038521,0.410688,0.253887,-1.404932,0.045031,0.025453,-0.002327,-0.997869,0.015762,-0.063311,-0.064197,-0.4103,0.909687,-0.011638,0.911814,0.410437,0.006469,0.003622,0.002156,-0.067149,0.412562,0.258754,-0.913735,0.074172,0.015237,-0.06676,-0.357103,-0.911174,-0.205518,0.278468,-0.313872,0.907711,-0.891589,0.266917,0.365818,4e-06,1.8e-05,1.6e-05,-0.004693,-0.001617,-0.000896,-0.879829
545,0.116797,-0.018327,0.3464,-0.412467,-0.891081,-0.189448,0.179591,-0.283464,0.942002,-0.892591,0.35563,0.277194,4.6e-05,0.000208,0.00019,0.007985,0.005687,0.002757,-1.211036,-0.149418,0.0088,0.349007,0.980868,0.155135,-0.117573,0.040599,0.428204,0.902733,0.189142,-0.890411,0.413832,0.014071,-0.00323,0.013092,-0.032429,-0.020025,0.035327,-1.404952,0.0451,0.025491,-0.002266,-0.997778,0.021813,-0.062937,-0.066347,-0.409251,0.910005,-0.005907,0.91216,0.40979,-0.000207,0.00311,0.002373,-0.004441,0.003559,0.001985,-0.916838,0.074189,0.01523,-0.066745,-0.358775,-0.910374,-0.206151,0.280201,-0.315709,0.906539,-0.890374,0.26748,0.368357,3.1e-05,0.000145,0.000132,-0.017254,0.001025,-0.000381,-0.881298
546,0.11691,-0.018395,0.346409,-0.412261,-0.890993,-0.190311,0.179167,-0.28414,0.941879,-0.892772,0.355311,0.277021,-7.8e-05,-0.000351,-0.000321,2e-06,1e-06,1e-06,-1.212242,-0.149419,0.008992,0.349267,0.980395,0.156601,-0.119556,0.041261,0.43068,0.901524,0.191422,-0.888961,0.415897,-0.000433,0.006372,0.004868,0.004126,-0.009627,0.019827,-1.404902,0.045105,0.025589,-0.00213,-0.997679,0.020236,-0.065007,-0.067568,-0.411621,0.908846,-0.008367,0.91113,0.412033,-0.000223,0.003257,0.002486,-0.007588,-0.007776,0.016027,-0.917328,0.074246,0.015197,-0.06674,-0.358586,-0.910253,-0.20701,0.279614,-0.31631,0.906511,-0.890635,0.26718,0.367944,-4.1e-05,-0.000183,-0.000169,-0.000412,-0.000871,-0.000382,-0.881625
547,0.117009,-0.018385,0.346393,-0.412402,-0.891423,-0.187977,0.180475,-0.282238,0.942201,-0.892443,0.35575,0.277517,4.7e-05,0.000215,0.000196,0.0,0.0,0.0,-1.235393,-0.149671,0.009191,0.349554,0.98264,0.13466,-0.127578,0.057471,0.433475,0.899295,0.17515,-0.891165,0.418343,-0.000483,0.007188,0.005476,0.116324,-0.077045,-0.017157,-1.404812,0.044979,0.025688,-0.001987,-0.996404,0.042549,-0.073263,-0.084297,-0.411425,0.907536,0.008473,0.910449,0.413532,-0.000237,0.003573,0.002723,0.11849,-0.075654,-0.028228,-0.915531,0.074295,0.015201,-0.066749,-0.358472,-0.910823,-0.204689,0.280804,-0.314309,0.906839,-0.890306,0.267599,0.368434,0.007163,-0.000785,-0.00057,0.000943,-0.015756,0.030505,-0.884727
548,0.117046,-0.01838,0.346426,-0.412302,-0.891382,-0.188389,0.180281,-0.282563,0.94214,-0.892529,0.355592,0.277443,-0.00015,-0.009023,0.01031,-0.035217,0.015381,-0.017169,-1.239565,-0.14984,0.009315,0.349688,0.983825,0.126245,-0.127049,0.059953,0.436887,0.897479,0.167556,-0.890719,0.422382,-0.00047,0.007045,0.005358,0.224009,-0.121584,-0.086215,-1.404904,0.0449,0.025745,-0.001924,-0.996016,0.051548,-0.07276,-0.087614,-0.414022,0.90604,0.016581,0.908806,0.416889,-0.006344,-0.00193,0.007503,0.324866,-0.160855,-0.153033,-0.915858,0.074313,0.015206,-0.066738,-0.358393,-0.910755,-0.20513,0.280649,-0.31467,0.906762,-0.890387,0.267408,0.368378,0.000207,0.000933,0.00085,0.000846,-0.013942,0.025451,-0.884727
549,0.117059,-0.018401,0.346476,-0.412012,-0.891271,-0.189547,0.179752,-0.283482,0.941965,-0.892769,0.355138,0.27725,3e-06,1.5e-05,1.3e-05,0.005177,-0.092774,0.175854,-1.242814,-0.150043,0.009404,0.349912,0.984987,0.110229,-0.132821,0.071775,0.438872,0.895641,0.155763,-0.891847,0.424511,-0.012295,-0.009808,0.010476,-0.739954,4.870644,2.521565,-1.404766,0.044797,0.025806,-0.001806,-0.99507,0.060687,-0.078434,-0.096624,-0.415223,0.904573,0.022328,0.907693,0.419039,-7e-05,0.001113,0.000847,0.099196,-0.377172,0.829308,-0.917491,0.07432,0.015195,-0.066706,-0.358205,-0.910568,-0.206285,0.280164,-0.315596,0.90659,-0.890616,0.266951,0.368157,-7e-06,-2.5e-05,-2.4e-05,0.005264,-0.093046,0.175769,-0.883094
550,0.117023,-0.018451,0.346513,-0.411737,-0.891162,-0.190653,0.179218,-0.28435,0.941806,-0.893004,0.354716,0.277034,-0.0,-2e-06,-2e-06,0.0,0.0,0.0,-1.24833,-0.150123,0.0093,0.349967,0.986387,0.094222,-0.134742,0.080277,0.439884,0.894423,0.14229,-0.893162,0.426473,0.000153,-0.002317,-0.001759,0.008072,0.009129,-0.028675,-1.404842,0.044752,0.025752,-0.001773,-0.993303,0.082608,-0.080771,-0.107922,-0.413883,0.903909,0.04124,0.906574,0.420027,5.6e-05,-0.000737,-0.000561,-0.011922,-0.005622,-0.005849,-0.911939,0.074302,0.015169,-0.066688,-0.358025,-0.910385,-0.207403,0.279689,-0.316493,0.906424,-0.890837,0.266514,0.367937,-3e-06,-4e-06,-4e-06,4.2e-05,-0.00021,-7.9e-05,-0.882278
551,0.117,-0.01848,0.346542,-0.411665,-0.891127,-0.190975,0.179009,-0.284584,0.941775,-0.893079,0.354618,0.276918,-0.0,-0.0,-0.0,0.0,0.0,0.0,-1.25753,-0.150108,0.009229,0.349937,0.986823,0.089994,-0.134439,0.081584,0.441467,0.893524,0.138506,-0.892811,0.428448,0.000223,-0.003375,-0.002564,-0.692173,4.91046,2.348276,-1.404182,0.04476,0.025714,-0.00179,-0.993114,0.085177,-0.080426,-0.108772,-0.415546,0.903044,0.043498,0.905575,0.421949,-0.000134,-0.001946,-0.001401,-0.737355,4.895826,2.356977,-0.910796,0.074291,0.015154,-0.066674,-0.35798,-0.910329,-0.207726,0.279498,-0.316739,0.906397,-0.890915,0.266413,0.367821,-1e-06,-1e-06,-3e-06,2.7e-05,-0.000171,-7.3e-05,-0.883258
552,0.117018,-0.018554,0.3466,-0.411455,-0.891027,-0.191889,0.178472,-0.285268,0.94167,-0.893283,0.354316,0.276645,0.000148,0.00067,0.000611,0.0,0.0,0.0,-1.25911,-0.15001,0.008982,0.349767,0.987869,0.073952,-0.136521,0.09029,0.44248,0.892185,0.12513,-0.89376,0.430578,0.000408,-0.006161,-0.004691,0.080616,-0.030672,-0.056763,-1.404903,0.044808,0.025592,-0.001873,-0.991217,0.103113,-0.082791,-0.118483,-0.414487,0.902308,0.058724,0.904194,0.423065,0.000237,-0.003427,-0.002614,0.113935,-0.048631,-0.074153,-0.90753,0.074299,0.015115,-0.066646,-0.357852,-0.910169,-0.208647,0.279009,-0.317457,0.906296,-0.89112,0.266105,0.367548,-0.00013,-0.004753,0.004933,-0.03519,0.015265,-0.017235,-0.883584
553,0.117028,-0.018581,0.346631,-0.413327,-0.890657,-0.189571,0.181466,-0.284621,0.941293,-0.891813,0.355768,0.27951,0.0,2e-06,2e-06,0.00059,0.000425,0.000206,-1.258304,-0.149815,0.008761,0.349569,0.988865,0.053679,-0.138765,0.100824,0.444989,0.889805,0.108255,-0.893936,0.434768,0.013758,-0.005216,-0.005194,0.053891,-0.043351,0.009307,-1.404316,0.044901,0.025477,-0.001976,-0.988739,0.12304,-0.085177,-0.129258,-0.415378,0.900418,0.075407,0.901289,0.426604,0.000269,-0.00384,-0.002937,0.026536,-0.022811,-0.047389,-0.899039,0.074305,0.015104,-0.066629,-0.359595,-0.910048,-0.206163,0.281964,-0.31659,0.905685,-0.889486,0.267549,0.370445,-2e-06,-7e-06,-8e-06,-0.008436,-0.001974,-0.000395,-0.883748
554,0.117028,-0.018614,0.346671,-0.413246,-0.890614,-0.189946,0.181215,-0.284891,0.94126,-0.891901,0.355659,0.279367,7e-06,3.1e-05,2.8e-05,0.0,0.0,0.0,-1.257595,-0.149527,0.008549,0.349433,0.989315,0.035061,-0.141485,0.11096,0.449338,0.886407,0.093395,-0.892659,0.440796,0.013601,-0.002679,-0.003266,-0.691792,4.835638,2.431409,-1.404352,0.04505,0.025364,-0.002049,-0.986266,0.139676,-0.088137,-0.139445,-0.418267,0.897555,0.088502,0.89752,0.432,0.006541,-0.001323,-0.001519,-0.748408,4.817483,2.441013,-0.894793,0.074305,0.015088,-0.066609,-0.359519,-0.909991,-0.206543,0.281664,-0.316847,0.905689,-0.889612,0.267436,0.370224,0.0,6e-06,6e-06,-8.4e-05,-0.000365,-0.000155,-0.88538
555,0.117017,-0.018629,0.346685,-0.41475,-0.889741,-0.19076,0.182706,-0.286844,0.940378,-0.890897,0.356276,0.281775,0.0,0.0,0.0,0.039485,-0.067873,0.187908,-1.256361,-0.149357,0.008434,0.349368,0.989467,0.030823,-0.141412,0.112621,0.450788,0.885461,0.089782,-0.892078,0.442718,0.014928,-0.015781,0.003488,0.0729,-0.015682,-0.039678,-1.404267,0.045129,0.025318,-0.002079,-0.98539,0.145699,-0.088189,-0.142191,-0.418807,0.896873,0.093739,0.89631,0.433405,0.006871,-0.002149,-0.002264,0.112386,0.056425,0.017353,-0.895447,0.074299,0.015084,-0.066605,-0.361153,-0.909226,-0.207063,0.283547,-0.31861,0.904482,-0.888352,0.267944,0.372875,-1e-06,-6e-06,-7e-06,0.02073,0.03001,0.013652,-0.88636
556,0.117047,-0.01869,0.346741,-0.414526,-0.889636,-0.191735,0.182169,-0.287586,0.940255,-0.891111,0.355939,0.281523,-0.000267,-0.001209,-0.001102,-0.000746,0.013424,-0.025491,-1.262248,-0.149017,0.008197,0.349232,0.989202,0.02651,-0.144111,0.11678,0.452504,0.884046,0.087389,-0.891342,0.444674,0.013697,-0.003785,-0.004128,0.082708,-0.045855,-0.027495,-1.404826,0.045306,0.02519,-0.002148,-0.984526,0.149792,-0.090939,-0.146607,-0.419825,0.895685,0.095988,0.895158,0.435289,0.006849,-0.001811,-0.002009,0.068182,-0.048225,-0.027256,-0.892344,0.074315,0.015053,-0.066571,-0.361036,-0.909021,-0.208164,0.282735,-0.319411,0.904454,-0.888658,0.267685,0.372331,-0.000137,-0.000616,-0.000563,-0.001917,0.012677,-0.025864,-0.882278
557,0.117044,-0.018787,0.346834,-0.41451,-0.889589,-0.191986,0.181772,-0.287688,0.940301,-0.8912,0.355973,0.281198,0.00026,0.001178,0.001073,0.0,0.0,0.0,-1.295392,-0.148609,0.00802,0.34916,0.989456,0.014769,-0.14405,0.122105,0.450895,0.884148,0.076752,-0.892413,0.444489,0.013587,-0.002041,-0.002798,0.002062,-0.015215,0.029239,-1.404548,0.045505,0.025101,-0.002184,-0.982711,0.16121,-0.091038,-0.151449,-0.417155,0.896127,0.106487,0.894422,0.434359,0.007404,-0.006643,0.002683,-0.037183,0.008687,-0.014644,-0.888589,0.074312,0.014998,-0.06653,-0.361026,-0.908968,-0.208413,0.282347,-0.319538,0.90453,-0.888785,0.267714,0.372006,-7.1e-05,-0.004493,0.005174,-0.035144,0.014998,-0.017321,-0.883748
558,0.117033,-0.018836,0.3469,-0.416054,-0.888704,-0.192746,0.183133,-0.28955,0.939465,-0.8902,0.356675,0.283467,-0.000186,-0.009188,0.010164,-0.011369,-0.077601,0.190568,-1.314888,-0.148443,0.007962,0.349126,0.989471,0.014752,-0.143946,0.122023,0.45084,0.884188,0.076682,-0.892442,0.444445,0.01359,-0.002011,-0.002778,0.000189,-0.000996,0.004244,-1.404523,0.045588,0.025074,-0.0022,-0.982712,0.161253,-0.090954,-0.151385,-0.417103,0.896162,0.106572,0.894439,0.434304,7.5e-05,-0.000988,-0.000766,-0.000238,0.001077,0.000494,-0.888915,0.074306,0.014978,-0.066501,-0.362762,-0.908175,-0.208852,0.284095,-0.321229,0.903383,-0.88752,0.268379,0.374538,9e-06,4.6e-05,4.1e-05,-0.009339,0.009523,0.003677,-0.884074
559,0.117029,-0.018991,0.347064,-0.420899,-0.886108,-0.194173,0.187532,-0.294476,0.937063,-0.886997,0.359097,0.290368,-0.000133,-0.008947,0.010384,0.036952,0.053816,0.033324,-1.357836,-0.148148,0.007932,0.349088,0.989652,0.010461,-0.143075,0.123041,0.452232,0.883335,0.072686,-0.891792,0.446416,5e-06,-7.3e-05,-5.6e-05,0.001963,-0.001069,-0.000756,-1.404385,0.045736,0.025054,-0.002222,-0.982081,0.165521,-0.090101,-0.152663,-0.418425,0.895328,0.110495,0.893041,0.436197,-3e-06,7.9e-05,5.4e-05,-0.012249,-0.002321,0.000435,-0.887282,0.074304,0.0149,-0.066419,-0.367821,-0.905902,-0.209876,0.288735,-0.325805,0.900267,-0.883933,0.270539,0.381404,-0.000193,-0.005044,0.004672,0.025055,0.080906,0.013401,-0.88685
560,0.117066,-0.019209,0.347284,-0.427594,-0.882695,-0.195085,0.193664,-0.300291,0.933965,-0.882459,0.362675,0.2996,-0.000307,-0.00974,0.009664,0.291524,0.25266,0.096949,-1.445033,-0.147947,0.007949,0.349095,0.989841,0.00617,-0.142011,0.1239,0.45361,0.882508,0.068605,-0.891126,0.448387,-0.0,6e-06,4e-06,0.418556,-0.228477,-0.161456,-1.404305,0.045841,0.025066,-0.002217,-0.981123,0.171399,-0.089545,-0.154609,-0.417121,0.895603,0.116155,0.892541,0.435748,0.007279,-0.00479,0.004106,-0.033985,-0.006012,0.009932,-0.887282,0.074324,0.014794,-0.066307,-0.374032,-0.90332,-0.210028,0.29422,-0.330345,0.896831,-0.879507,0.273649,0.389334,0.007004,-0.005696,0.004224,0.462129,0.308441,0.1627,-0.900403
561,0.117144,-0.019502,0.347686,-0.435147,-0.876876,-0.204405,0.196835,-0.314226,0.928703,-0.878048,0.364979,0.309596,0.000146,-0.00769,0.011532,0.232207,0.207647,0.082309,-1.58499,-0.147815,0.00795,0.349122,0.989179,-0.00242,-0.146664,0.131662,0.456917,0.879674,0.063628,-0.889441,0.452447,0.013359,0.001284,-0.000249,0.4649,-0.364221,0.081927,-1.404118,0.045902,0.025067,-0.002202,-0.979263,0.179509,-0.093911,-0.162567,-0.419664,0.893002,0.120891,0.889751,0.440144,0.0,4.1e-05,2.8e-05,0.577753,-0.688884,0.620731,-0.892181,0.074362,0.014644,-0.066108,-0.383232,-0.897443,-0.218466,0.298591,-0.344198,0.890152,-0.874057,0.275903,0.399876,0.000132,-0.003553,0.00603,0.289074,0.233211,0.134635,-0.907425
562,0.117198,-0.019695,0.347928,-0.441307,-0.872392,-0.210299,0.200233,-0.324219,0.924533,-0.874191,0.366979,0.318031,-3.1e-05,-0.008495,0.010801,0.454321,0.349197,0.224379,-1.639583,-0.147774,0.007945,0.349127,0.989159,-0.006639,-0.146671,0.13348,0.458314,0.878672,0.06013,-0.888696,0.454387,-0.0,1e-06,1e-06,0.164203,-0.089741,-0.06339,-1.404383,0.045927,0.025066,-0.0022,-0.978673,0.182643,-0.094012,-0.164467,-0.42249,0.89132,0.123075,0.887774,0.443518,6e-06,-3e-06,-7e-06,0.163939,-0.092615,-0.066396,-0.89414,0.07439,0.014551,-0.065984,-0.389513,-0.893487,-0.223516,0.301788,-0.3531,0.885575,-0.870173,0.277489,0.40718,-0.000217,-0.009304,0.010065,0.628286,0.401129,0.433601,-0.910364
563,0.117258,-0.020191,0.348644,-0.454951,-0.861449,-0.225767,0.205991,-0.34849,0.914382,-0.865807,0.370564,0.336286,0.000456,-0.014634,0.023744,0.707206,0.570111,0.277983,-1.725611,-0.147657,0.007897,0.34918,0.989078,-0.012485,-0.146836,0.136345,0.457336,0.878742,0.054925,-0.889129,0.454199,-5e-06,6.3e-05,4.9e-05,-1.8e-05,0.000299,0.000151,-1.404388,0.045986,0.025042,-0.002173,-0.977648,0.187925,-0.094272,-0.166897,-0.420998,0.891574,0.127861,0.88738,0.442953,1e-06,3.3e-05,2e-05,-0.001812,0.002514,0.000912,-0.891038,0.074418,0.014298,-0.065637,-0.404517,-0.883208,-0.237295,0.307858,-0.375837,0.874053,-0.861155,0.280516,0.423935,0.000207,-0.007373,0.011818,0.23859,0.345696,-0.003493,-0.957392
564,0.117352,-0.020881,0.349728,-0.468053,-0.852264,-0.233706,0.212257,-0.365182,0.9064,-0.857257,0.375697,0.352122,0.000391,-0.023293,0.034401,0.303342,-0.519691,2.539423,-1.727515,-0.147616,0.007796,0.349239,0.989186,-0.012499,-0.146106,0.135721,0.457044,0.878991,0.054534,-0.889279,0.453952,1e-06,-1.7e-05,-1.3e-05,0.0,-0.0,-0.0,-1.404231,0.046006,0.024991,-0.002144,-0.977702,0.188012,-0.093535,-0.166236,-0.4208,0.891791,0.128308,0.887455,0.442672,-0.0,1e-06,-1e-06,-0.000148,0.000978,0.000489,-0.890221,0.074466,0.013959,-0.065097,-0.419857,-0.875064,-0.240795,0.316379,-0.389784,0.864853,-0.85066,0.286933,0.440506,0.000203,-0.011562,0.017274,0.403721,0.54562,-0.0082,-0.949064
