frame,MLTx,MLTy,MLTz,MLTR1,MLTR2,MLTR3,MLTR4,MLTR5,MLTR6,MLTR7,MLTR8,MLTR9,MLTTVx,MLTTVy,MLTTVz,MLTRVx,MLTRVy,MLTRVz,MLGA,MRTx,MRTy,MRTz,MRTR1,MRTR2,MRTR3,MRTR4,MRTR5,MRTR6,MRTR7,MRTR8,MRTR9,MRTTVx,MRTTVy,MRTTVz,MRTRVx,MRTRVy,MRTRVz,MRGA,SLTx,SLTy,SLTz,SLTR1,SLTR2,SLTR3,SLTR4,SLTR5,SLTR6,SLTR7,SLTR8,SLTR9,SLTTVx,SLTTVy,SLTTVz,SLTRVx,SLTRVy,SLTRVz,SLGA,SRTx,SRTy,SRTz,SRTR1,SRTR2,SRTR3,SRTR4,SRTR5,SRTR6,SRTR7,SRTR8,SRTR9,SRTTVx,SRTTVy,SRTTVz,SRTRVx,SRTRVy,SRTRVz,SRGA
754,0.110769,0.191507,0.24672,-0.699603,-0.343971,-0.626326,0.019941,-0.885595,0.464,-0.713406,0.312549,0.62721,-0.005663,-0.022486,-0.007895,-0.051198,0.039271,-0.050436,-1.912494,-0.108972,0.013075,0.316768,0.464932,-0.560406,0.685401,0.337538,0.827804,0.448043,-0.819033,0.023733,0.573137,5e-06,-2.6e-05,-2.4e-05,0.0,-0.0,-0.0,0.215436,0.040419,0.030154,-0.022246,-0.432636,0.529711,0.729541,-0.231269,-0.84732,0.47808,0.871401,0.038114,0.489087,2e-06,-1.2e-05,-1.2e-05,3.4e-05,1.4e-05,2.6e-05,0.102095,0.092041,0.119354,-0.116655,-0.616475,-0.254983,-0.744944,-0.107498,-0.909996,0.400437,-0.780001,0.326939,0.53358,-0.002853,-0.01132,-0.004028,-0.014041,0.055506,-0.010635,-0.855825
755,0.110724,0.191108,0.246542,-0.69988,-0.343808,-0.626106,0.019582,-0.885468,0.464256,-0.713144,0.313086,0.62724,-0.005962,-0.02336,-0.008812,-0.025062,0.077645,-0.033766,-1.912333,-0.108984,0.013084,0.31675,0.464925,-0.560398,0.685413,0.337576,0.827808,0.448007,-0.819021,0.023783,0.573151,-0.001824,0.01125,-0.007803,0.036349,-0.006645,0.020143,0.219911,0.040413,0.030158,-0.022256,-0.432627,0.529704,0.729552,-0.23131,-0.847327,0.478048,0.871394,0.038063,0.489102,-0.000915,0.005632,-0.003895,0.036375,-0.006623,0.020158,0.105361,0.092019,0.119155,-0.116743,-0.616832,-0.254498,-0.744813,-0.107835,-0.910035,0.400259,-0.779672,0.32721,0.533895,-0.002981,-0.011696,-0.004422,-0.017236,0.081251,-0.025112,-0.856152
756,0.110444,0.189609,0.246275,-0.70133,-0.34096,-0.626041,0.017048,-0.885993,0.463354,-0.711784,0.31471,0.627972,-0.013611,-0.063833,-0.004484,-0.106875,0.143427,-0.018717,-1.911954,-0.108975,0.013094,0.316745,0.465842,-0.562236,0.683281,0.338218,0.826602,0.449747,-0.818236,0.022283,0.574332,0.0,-0.0,-0.0,-0.003606,-0.015121,0.016107,0.232717,0.040418,0.030164,-0.022258,-0.433906,0.531505,0.727479,-0.231878,-0.846131,0.479889,0.870607,0.03954,0.490386,0.0,4e-06,7e-06,-0.002996,-0.011485,0.011672,0.119241,0.091884,0.118428,-0.116876,-0.618077,-0.251229,-0.744891,-0.110145,-0.910535,0.398488,-0.778362,0.328343,0.53511,-0.005577,-0.025322,-0.003121,-0.115129,-0.04097,0.047332,-0.857294
757,0.110027,0.186602,0.246189,-0.705147,-0.33293,-0.626075,0.005905,-0.885673,0.464242,-0.708183,0.324072,0.627281,-0.007776,-0.089489,0.001018,-0.206489,0.000681,0.072194,-1.912055,-0.109,0.013109,0.316804,0.465866,-0.562268,0.683239,0.338175,0.826582,0.449815,-0.818239,0.022197,0.57433,-0.000362,0.001852,0.001761,-0.0,-0.0,0.0,0.246329,0.040406,0.030168,-0.022232,-0.433911,0.531492,0.727486,-0.231814,-0.846137,0.47991,0.870621,0.039597,0.490356,-0.000237,0.001214,0.001154,3e-05,0.000102,-9.6e-05,0.135244,0.091675,0.116967,-0.116929,-0.621394,-0.243183,-0.744802,-0.121032,-0.909407,0.397905,-0.774093,0.337401,0.535667,-0.008833,-0.044083,0.000811,-0.192857,0.185078,-0.060908,-0.857458
758,0.10949,0.182327,0.24651,-0.70783,-0.32831,-0.625487,-0.002803,-0.884149,0.467166,-0.705521,0.332831,0.625692,-0.012926,-0.123993,0.013031,-0.302663,0.05787,0.068159,-1.912022,-0.109121,0.013295,0.316964,0.469089,-0.564657,0.67905,0.334076,0.825127,0.455514,-0.818085,0.013877,0.57481,-0.003108,0.017827,-0.001561,-0.211668,0.256615,0.250544,0.299301,0.040347,0.030251,-0.022154,-0.439045,0.532744,0.723479,-0.227797,-0.844932,0.483938,0.869107,0.047664,0.492321,-0.000639,0.003253,0.003089,-0.461074,0.464141,0.370969,0.173943,0.091399,0.114752,-0.116772,-0.623831,-0.238262,-0.744355,-0.1303,-0.907363,0.399641,-0.77062,0.346299,0.534996,-0.006356,-0.061708,0.006808,-0.315182,0.051869,0.054669,-0.854845
759,0.10904,0.179659,0.24689,-0.709772,-0.324743,-0.625149,-0.008495,-0.883424,0.468467,-0.703523,0.338215,0.625055,-0.029014,-0.159381,0.023602,-0.370503,0.170573,0.053789,-1.912469,-0.109145,0.013476,0.317121,0.470106,-0.566877,0.676492,0.335002,0.823627,0.457543,-0.817124,0.012235,0.576214,-0.001874,0.00959,0.009087,-0.001406,-0.011663,0.02705,0.345038,0.040335,0.030342,-0.022082,-0.438978,0.535849,0.721222,-0.228001,-0.842858,0.487446,0.869087,0.049539,0.492171,-0.001,0.005105,0.004838,0.018061,-0.03999,0.038732,0.219175,0.091185,0.113477,-0.116591,-0.625504,-0.234519,-0.74414,-0.135799,-0.906474,0.399828,-0.768311,0.351148,0.535156,-0.013051,-0.072354,0.01151,-0.35575,0.136317,0.044441,-0.854845
760,0.107749,0.173076,0.248139,-0.71404,-0.31722,-0.624151,-0.022623,-0.880573,0.473341,-0.698877,0.352495,0.622371,-0.043679,-0.190564,0.040961,-0.471738,0.217181,0.031255,-1.912179,-0.109323,0.013831,0.317554,0.456913,-0.577768,0.676318,0.330857,0.816073,0.473805,-0.826233,0.007994,0.56315,-0.002103,0.010786,0.010176,-0.295521,0.315207,0.268979,0.462145,0.040245,0.030525,-0.02186,-0.426964,0.547433,0.719734,-0.222697,-0.835072,0.503049,0.876416,0.054501,0.478458,-0.007964,0.004558,0.005292,-0.382261,0.419941,0.304984,0.352257,0.090545,0.110196,-0.115975,-0.629376,-0.226666,-0.743308,-0.150254,-0.902969,0.402578,-0.762435,0.365058,0.53425,-0.01689,-0.09658,0.019459,-0.513926,0.045145,0.1224,-0.862193
761,0.105841,0.164797,0.250127,-0.72195,-0.302625,-0.622296,-0.040636,-0.87923,0.474631,-0.689881,0.368319,0.623243,-0.061284,-0.235508,0.062415,-0.389386,0.476806,0.229576,-1.912674,-0.109785,0.013962,0.317808,0.441287,-0.583353,0.681876,0.293709,0.811813,0.504606,-0.848457,-0.021678,0.52869,-0.013954,-0.000891,0.001123,-1.026042,0.964455,0.649872,0.518086,0.04001,0.03061,-0.021715,-0.412355,0.553449,0.723641,-0.183343,-0.82848,0.529155,0.892382,0.085526,0.443099,-0.006918,-0.000816,0.000225,-0.996789,0.942095,0.633881,0.468683,0.089575,0.105985,-0.114966,-0.636551,-0.212002,-0.741523,-0.168336,-0.900101,0.401846,-0.752638,0.38062,0.537274,-0.030488,-0.117408,0.03155,-0.371387,0.486548,0.24929,-0.862193
762,0.104637,0.160131,0.251503,-0.728028,-0.292031,-0.620273,-0.050628,-0.879394,0.473365,-0.682799,0.376385,0.626217,-0.061938,-0.243444,0.073329,-0.345167,0.556386,0.307761,-1.912449,-0.110153,0.013837,0.317759,0.430021,-0.585325,0.687363,0.269493,0.809771,0.521131,-0.86216,-0.038131,0.505064,-0.026534,-0.008936,-0.004495,-0.81693,0.756731,0.42514,0.524858,0.03984,0.030557,-0.021733,-0.399961,0.556908,0.727931,-0.157867,-0.824213,0.543829,0.902833,0.102594,0.41757,-0.01319,-0.004844,-0.00261,-2.255517,0.381135,-0.050675,0.498402,0.089018,0.103827,-0.114335,-0.641647,-0.201963,-0.739931,-0.177304,-0.899522,0.399275,-0.746224,0.387387,0.541367,-0.029578,-0.114547,0.035801,-0.113098,0.474689,0.690506,-0.854845
763,0.102379,0.150967,0.254698,-0.740017,-0.275465,-0.613628,-0.06402,-0.879329,0.471862,-0.668645,0.388809,0.633853,-0.060901,-0.24646,0.092415,-0.206633,0.216299,-0.153725,-1.912346,-0.110991,0.013475,0.317338,0.39483,-0.605975,0.690575,0.247097,0.793893,0.555527,-0.885355,-0.047945,0.462288,-0.013504,-0.001532,-0.017917,-0.552367,0.664455,0.46809,0.526111,0.039407,0.030366,-0.02195,-0.364881,0.580941,0.727577,-0.132326,-0.80588,0.577101,0.921602,0.114296,0.370924,-0.006674,-0.00116,-0.009313,-0.479278,0.60892,0.417198,0.51767,0.087867,0.099159,-0.112718,-0.654061,-0.182967,-0.733979,-0.191086,-0.898873,0.394351,-0.731907,0.398183,0.552956,-0.030341,-0.123052,0.046326,0.493846,-0.173895,-1.063326,-0.857621
764,0.100287,0.14116,0.258706,-0.748482,-0.267073,-0.607034,-0.078341,-0.873338,0.480745,-0.657612,0.407713,0.633517,-0.051059,-0.264824,0.11406,-0.742066,0.499031,-0.142981,-1.9126,-0.111649,0.013201,0.316585,0.374483,-0.618513,0.690793,0.238201,0.784079,0.573074,-0.89654,-0.049288,0.440055,-0.012686,-0.006054,-0.022258,-0.42019,0.546352,0.317959,0.525894,0.039083,0.030229,-0.022321,-0.347412,0.593569,0.725934,-0.123984,-0.796434,0.591878,0.929479,0.115621,0.350284,-0.006316,-0.003121,-0.011203,0.014881,-0.011181,0.148602,0.520773,0.086818,0.094261,-0.110723,-0.66257,-0.175023,-0.728263,-0.205928,-0.892276,0.401792,-0.720135,0.416185,0.555153,-0.029741,-0.124542,0.056187,-0.753718,0.466947,-0.206803,-0.863989
765,0.098072,0.131333,0.263575,-0.755145,-0.258429,-0.602508,-0.089478,-0.869827,0.485145,-0.648517,0.420583,0.634478,-0.057551,-0.250024,0.134493,-0.566407,-1.551321,1.750872,-1.9128,-0.112244,0.01263,0.315613,0.371503,-0.617766,0.693067,0.236914,0.784763,0.572672,-0.898117,-0.047782,0.436997,-0.024956,-0.016568,-0.030442,0.018547,0.078832,-0.104588,0.527002,0.038789,0.029952,-0.022799,-0.34283,0.593996,0.72776,-0.122132,-0.796318,0.592419,0.931424,0.114216,0.345548,-0.004663,-0.012998,-0.011421,0.009358,0.045879,-0.11394,0.521426,0.085713,0.089341,-0.108298,-0.671224,-0.167354,-0.722114,-0.215962,-0.887766,0.406486,-0.709096,0.428792,0.559748,-0.028662,-0.124663,0.067528,-0.37059,0.751165,0.223646,-0.868072
766,0.096887,0.126249,0.266447,-0.764875,-0.246205,-0.59531,-0.09829,-0.868695,0.485468,-0.63572,0.430138,0.640991,-0.057762,-0.257209,0.147372,-0.184578,0.93207,0.425273,-1.912881,-0.112492,0.012149,0.315061,0.370062,-0.615033,0.696261,0.235733,0.78701,0.570068,-0.89902,-0.046062,0.43532,-0.024227,-0.020857,-0.034675,0.023244,0.086894,-0.134546,0.528466,0.038655,0.029707,-0.023086,-0.341052,0.591138,0.730916,-0.121157,-0.79869,0.589418,0.932203,0.112466,0.344016,-0.012027,-0.010817,-0.017698,0.026129,0.078189,-0.133288,0.521589,0.085142,0.086893,-0.10692,-0.678395,-0.156235,-0.717892,-0.225552,-0.885653,0.405887,-0.699218,0.437274,0.565583,-0.028778,-0.128302,0.073856,-0.478029,0.726496,0.13073,-0.864316
767,0.095015,0.116809,0.272438,-0.774567,-0.236463,-0.586665,-0.102473,-0.868358,0.485207,-0.623208,0.436233,0.649107,-0.042292,-0.248134,0.162826,-0.371645,0.843377,0.155954,-1.912728,-0.112864,0.011214,0.313676,0.364892,-0.601047,0.711047,0.231488,0.798198,0.556082,-0.902225,-0.037563,0.429467,0.004229,-0.021554,-0.039676,0.042988,0.039774,-0.090752,0.531293,0.038468,0.029244,-0.023766,-0.333734,0.577425,0.745117,-0.117658,-0.80977,0.574829,0.935295,0.104171,0.338187,-0.005598,-0.00659,-0.024116,0.056109,0.059364,-0.079041,0.521752,0.08418,0.082081,-0.103873,-0.689236,-0.14448,-0.709984,-0.229933,-0.885644,0.403441,-0.687083,0.441315,0.577197,-0.019898,-0.116995,0.079771,-0.238337,0.572733,0.536213,-0.872481
768,0.093467,0.107751,0.278879,-0.781598,-0.219008,-0.58411,-0.114781,-0.869898,0.479661,-0.612197,0.442215,0.655506,-0.039048,-0.239844,0.175971,-0.131137,0.240072,0.942028,-1.912506,-0.112804,0.010544,0.311692,0.355244,-0.597972,0.718486,0.253311,0.801351,0.541852,-0.900198,-0.009746,0.435215,0.003704,-0.017064,-0.054601,0.640779,0.079152,-0.054206,0.534137,0.038498,0.028908,-0.024752,-0.322666,0.575554,0.751414,-0.139638,-0.814136,0.563633,0.936155,0.07694,0.343063,0.001048,-0.003146,-0.031425,1.632852,0.672563,0.254025,0.521752,0.083407,0.077554,-0.100653,-0.695834,-0.1282,-0.706667,-0.240988,-0.885218,0.397885,-0.676564,0.447161,0.585071,-0.018501,-0.113424,0.085664,-0.449418,-1.599066,1.774885,-0.871011
769,0.092775,0.10315,0.282334,-0.788848,-0.213935,-0.576191,-0.117061,-0.868039,0.48247,-0.602395,0.448307,0.660431,-0.024146,-0.22664,0.174725,-0.377913,0.807843,0.089497,-1.912459,-0.112658,0.010305,0.310492,0.34932,-0.599413,0.720188,0.264503,0.800339,0.537988,-0.899289,0.003307,0.437186,0.016337,-0.006207,-0.065166,0.330985,-0.132409,-0.409436,0.534288,0.038566,0.028783,-0.025349,-0.316016,0.577965,0.752389,-0.151349,-0.813583,0.561404,0.936603,0.063539,0.34458,0.001329,-0.004692,-0.033104,0.524219,-0.393252,-0.436828,0.521915,0.083056,0.075251,-0.098922,-0.703574,-0.121463,-0.700163,-0.243915,-0.884147,0.398483,-0.667449,0.451143,0.592436,-0.018925,-0.118363,0.090679,-0.329888,0.770536,0.263921,-0.875093
770,0.091815,0.093805,0.289461,-0.802208,-0.20381,-0.561222,-0.117764,-0.867498,0.483273,-0.584359,0.454026,0.672616,-0.014392,-0.244053,0.181213,-0.253912,0.812428,0.331575,-1.912926,-0.112202,0.010417,0.307782,0.336302,-0.602559,0.723751,0.28188,0.797595,0.533217,-0.898957,0.025437,0.437142,0.013859,0.009391,-0.069197,1.33861,0.904313,0.737984,0.53438,0.038798,0.028819,-0.026717,-0.305108,0.580463,0.754964,-0.16829,-0.813152,0.55719,0.937329,0.04295,0.345785,0.006264,0.009879,-0.039036,4.163495,2.986159,2.433998,0.523222,0.082588,0.070685,-0.095414,-0.717924,-0.112697,-0.686937,-0.244371,-0.883204,0.40029,-0.651818,0.455246,0.606534,-0.007265,-0.122045,0.090462,-0.580883,0.56556,0.062042,-0.863663
771,0.091296,0.084629,0.296255,-0.806553,-0.203815,-0.554957,-0.11169,-0.869291,0.481488,-0.579552,0.450578,0.679063,-0.014552,-0.247655,0.182962,-0.436237,0.654597,0.090556,-1.912837,-0.111461,0.011474,0.305067,0.32893,-0.601564,0.727954,0.28459,0.798066,0.531067,-0.900819,0.033231,0.432762,0.023922,0.034544,-0.065284,-0.162189,0.37548,0.388789,0.53437,0.039176,0.029338,-0.028112,-0.297832,0.579709,0.758441,-0.173498,-0.814136,0.554148,0.938719,0.033455,0.343054,0.011919,0.017711,-0.0322,-0.144379,0.355682,0.378405,0.523059,0.08232,0.066017,-0.091947,-0.723803,-0.110921,-0.681031,-0.238435,-0.885987,0.397712,-0.6475,0.450247,0.614833,-0.000516,-0.119113,0.087485,-0.322388,0.461808,0.228777,-0.857621
772,0.091022,0.075687,0.302889,-0.80997,-0.1955,-0.552968,-0.107119,-0.877672,0.467107,-0.575639,0.437815,0.690641,-0.009252,-0.206988,0.155927,0.128608,0.942605,0.455739,-1.912443,-0.110824,0.013221,0.302806,0.314346,-0.602474,0.733623,0.283872,0.797002,0.533046,-0.90622,0.041441,0.420608,0.020883,0.050409,-0.048985,-0.200236,0.485791,0.301401,0.534455,0.03948,0.030164,-0.029217,-0.282982,0.581718,0.762577,-0.172348,-0.812975,0.556207,0.943513,0.025968,0.330315,0.00353,0.023995,-0.024657,0.089844,0.186865,-0.0086,0.522569,0.082188,0.061618,-0.08867,-0.725986,-0.104976,-0.67965,-0.232263,-0.892783,0.385994,-0.6473,0.438084,0.623765,0.001215,-0.105131,0.076714,-0.01332,0.823878,0.377164,-0.848477
773,0.090774,0.071891,0.305585,-0.809735,-0.190551,-0.555035,-0.102203,-0.885595,0.453043,-0.57686,0.423804,0.69832,-0.022959,-0.202968,0.143771,0.549823,0.945507,0.681589,-1.912458,-0.110478,0.014233,0.302004,0.309101,-0.604197,0.734434,0.284375,0.795549,0.534945,-0.907858,0.044252,0.416771,0.02133,0.045934,-0.034233,0.004662,0.21577,0.065755,0.534356,0.039669,0.030708,-0.029654,-0.275601,0.585098,0.762694,-0.17179,-0.810628,0.559793,0.945796,0.023256,0.323924,0.010547,0.023785,-0.016289,0.052376,0.171134,0.029963,0.522405,0.082069,0.059652,-0.08725,-0.725313,-0.100053,-0.681109,-0.226143,-0.899847,0.373005,-0.650215,0.424574,0.630045,-0.004856,-0.097395,0.067233,0.585536,0.43916,0.436803,-0.846354
774,0.089886,0.064527,0.310028,-0.811409,-0.163004,-0.561329,-0.108834,-0.901428,0.418992,-0.573289,0.401264,0.714391,-0.037342,-0.17933,0.099053,0.629203,0.99367,0.830503,-1.911608,-0.10942,0.016271,0.301113,0.284153,-0.614962,0.735575,0.283442,0.786697,0.548364,-0.916233,0.053436,0.396894,0.020401,0.047919,-0.012798,-0.475188,0.801591,0.328065,0.534478,0.040191,0.03171,-0.030094,-0.253733,0.596435,0.761501,-0.17131,-0.802528,0.571489,0.951983,0.014553,0.305803,0.016997,0.02597,-0.005455,-0.131482,0.306029,0.22637,0.522895,0.081634,0.055977,-0.084999,-0.72433,-0.072067,-0.685675,-0.228399,-0.913283,0.337264,-0.650521,0.400898,0.645059,-0.012814,-0.091719,0.048001,0.396971,0.672568,0.877446,-0.854682
775,0.088766,0.057614,0.313115,-0.820421,-0.124752,-0.558025,-0.126577,-0.912096,0.389911,-0.556597,0.390675,0.733212,-0.027683,-0.176413,0.069973,0.275547,0.542975,0.707577,-1.911261,-0.10836,0.018048,0.301328,0.264969,-0.622045,0.736779,0.276059,0.780951,0.560215,-0.924178,0.055727,0.377693,0.020934,0.040108,0.017564,-0.17552,0.361207,0.000765,0.534566,0.040722,0.032599,-0.03,-0.232795,0.606219,0.760463,-0.161986,-0.795193,0.584317,0.95894,0.012842,0.283316,0.016272,0.027826,0.006033,-0.103304,0.215819,0.203101,0.523222,0.081066,0.052511,-0.083452,-0.732211,-0.031625,-0.680341,-0.241797,-0.921778,0.30308,-0.63671,0.386423,0.66729,-0.01336,-0.083014,0.030919,0.49882,0.777121,0.714486,-0.855498
776,0.088318,0.054279,0.314273,-0.825092,-0.111348,-0.553958,-0.128479,-0.917759,0.375742,-0.549215,0.381327,0.743625,-0.026115,-0.157653,0.052515,0.328296,0.616604,0.563577,-1.911609,-0.107793,0.018925,0.301838,0.251789,-0.627158,0.737066,0.276213,0.776402,0.566428,-0.927794,0.061745,0.367763,0.035097,0.037873,0.032071,-0.419279,0.487317,0.408065,0.535074,0.040993,0.033022,-0.029759,-0.222006,0.611064,0.759811,-0.163095,-0.791551,0.588935,0.961307,0.006826,0.275391,0.017474,0.019344,0.016445,-0.057582,0.095986,0.055596,0.521426,0.080844,0.050889,-0.082892,-0.736233,-0.018957,-0.676461,-0.241873,-0.926207,0.2892,-0.632026,0.376537,0.67732,-0.013211,-0.079149,0.025966,0.535342,0.786005,0.704689,-0.855988
777,0.087718,0.048639,0.315939,-0.833461,-0.095307,-0.544339,-0.127083,-0.92558,0.356543,-0.536776,0.366454,0.760006,-0.022517,-0.132944,0.040071,0.181052,0.403692,0.116056,-1.911258,-0.10671,0.020374,0.303392,0.2491,-0.633419,0.732612,0.274864,0.771497,0.573738,-0.928916,0.059237,0.365334,0.034854,0.035363,0.04807,-0.069536,0.033346,0.055711,0.53465,0.041541,0.033772,-0.028971,-0.218481,0.618422,0.754864,-0.160488,-0.78579,0.597308,0.962553,0.009354,0.270929,0.01048,0.016843,0.024274,-0.064317,0.144381,-0.162201,0.521589,0.080531,0.048023,-0.082067,-0.745247,-0.001359,-0.666785,-0.238625,-0.933224,0.268606,-0.622626,0.35929,0.695159,-0.011442,-0.06694,0.01963,1.1559,-0.020022,-0.948734,-0.851906
778,0.087043,0.044542,0.316884,-0.835858,-0.082275,-0.542787,-0.129382,-0.931353,0.340316,-0.532488,0.35478,0.768515,-0.01625,-0.085138,0.012504,0.11589,0.275135,0.204145,-1.911755,-0.105803,0.021537,0.305521,0.248433,-0.644881,0.722773,0.286812,0.761585,0.581086,-0.925474,0.06374,0.373225,0.035559,0.028335,0.05924,0.052004,-0.092271,-0.04537,0.534231,0.041993,0.034364,-0.027903,-0.219826,0.62977,0.745026,-0.172565,-0.776767,0.605683,0.960154,0.004579,0.27943,0.010828,0.013431,0.029961,0.185206,-0.213541,0.152624,0.521752,0.080186,0.045904,-0.081577,-0.74697,0.011183,-0.664762,-0.238534,-0.937799,0.252257,-0.620593,0.346996,0.703176,-0.014628,-0.041389,0.006996,0.163714,0.225415,0.364323,-0.844721
779,0.086125,0.041734,0.31715,-0.831437,-0.072535,-0.550906,-0.133035,-0.93664,0.324005,-0.53847,0.342764,0.769798,-0.026397,-0.059281,-0.000455,0.144806,0.21665,0.178372,-1.911487,-0.104931,0.022818,0.307723,0.248165,-0.656311,0.712504,0.305788,0.750885,0.585321,-0.919451,0.073434,0.38611,0.021385,0.027218,0.05951,0.056005,-0.242706,0.058765,0.534291,0.042433,0.035012,-0.026795,-0.221671,0.640771,0.735032,-0.191998,-0.767711,0.611355,0.956032,-0.005605,0.293206,0.009745,0.01906,0.025762,0.090862,-0.239742,0.04289,0.521915,0.07973,0.04449,-0.08144,-0.740627,0.020703,-0.671596,-0.240081,-0.941696,0.235729,-0.62756,0.335825,0.702416,-0.013282,-0.029858,-0.000406,0.225969,0.176227,0.391854,-0.843578
780,0.085637,0.040707,0.317071,-0.830745,-0.073961,-0.551758,-0.130282,-0.937797,0.321769,-0.540205,0.339279,0.770127,-0.024752,-0.046822,-0.007098,0.084072,0.003756,0.293276,-1.911703,-0.104606,0.023384,0.308843,0.254499,-0.658427,0.708305,0.308655,0.749323,0.585817,-0.916765,0.070349,0.393009,0.006296,0.033754,0.049022,0.081388,-0.209746,0.033319,0.534118,0.042597,0.03529,-0.026246,-0.228465,0.642406,0.731517,-0.194837,-0.766359,0.612153,0.953856,-0.002672,0.300251,0.010838,0.012553,0.028552,0.076613,-0.257618,0.010019,0.521915,0.079494,0.043987,-0.081477,-0.74004,0.019074,-0.672291,-0.236948,-0.942902,0.234074,-0.62944,0.332523,0.702305,-0.012434,-0.023574,-0.003674,0.188255,0.094626,0.361854,-0.845374
781,0.084651,0.039322,0.316875,-0.832488,-0.066385,-0.550093,-0.133965,-0.939242,0.315989,-0.536615,0.336828,0.773705,-0.019959,-0.024966,-0.005381,0.247785,0.177727,0.27706,-1.911701,-0.104387,0.024267,0.31073,0.267128,-0.656549,0.705392,0.313833,0.751262,0.580558,-0.911414,0.067108,0.405813,0.007312,0.028642,0.043561,0.323285,-0.482792,-0.182886,0.53377,0.042708,0.035747,-0.025275,-0.239816,0.640387,0.729651,-0.199439,-0.768051,0.608539,0.950111,0.000416,0.311909,-0.002977,0.012422,0.020999,0.324191,-0.474339,-0.252104,0.521915,0.078977,0.043245,-0.081593,-0.741417,0.026655,-0.670514,-0.240021,-0.943639,0.227889,-0.62665,0.329899,0.706028,-0.009858,-0.012125,-0.002352,0.31462,0.229773,0.324608,-0.847007
782,0.083532,0.038971,0.317,-0.843436,-0.056937,-0.534247,-0.131131,-0.942497,0.307369,-0.519981,0.329368,0.78814,-0.040351,-0.002778,0.013159,0.376696,0.418023,0.163365,-1.912449,-0.104539,0.025218,0.312276,0.277319,-0.655387,0.702533,0.318519,0.752481,0.576413,-0.906745,0.064734,0.416517,-0.018382,0.018032,0.037149,0.069524,-0.140552,-0.067904,0.533093,0.042634,0.036236,-0.024483,-0.251804,0.637678,0.727983,-0.205294,-0.770297,0.603734,0.945752,0.002572,0.324876,-0.009164,0.008777,0.01835,0.038807,-0.115219,-0.046896,0.523222,0.078414,0.043058,-0.08154,-0.754233,0.036328,-0.6556,-0.236069,-0.946707,0.219126,-0.612702,0.320039,0.722614,-0.019908,-0.0006,0.007306,0.410308,0.43236,0.190207,-0.852069
783,0.083078,0.039091,0.317283,-0.852555,-0.053631,-0.519923,-0.127115,-0.943599,0.305672,-0.505935,0.326753,0.798305,-0.024319,0.00315,0.019185,0.263296,0.410189,-0.021974,-1.912716,-0.104695,0.025551,0.312954,0.280951,-0.657299,0.699297,0.320234,0.750996,0.577399,-0.905025,0.062535,0.420573,-0.019052,0.023608,0.024022,0.054835,-0.089563,-0.002324,0.533327,0.042563,0.036395,-0.024159,-0.255792,0.639323,0.725145,-0.206922,-0.768923,0.604928,0.944326,0.004687,0.328974,-0.008488,0.005723,0.015421,0.012461,-0.080765,-0.026527,0.523222,0.078203,0.043108,-0.081414,-0.765147,0.039641,-0.642633,-0.232014,-0.948022,0.217767,-0.600598,0.315724,0.734574,-0.005604,0.000345,0.008857,0.377139,0.435679,0.225593,-0.854192
784,0.082482,0.038909,0.318493,-0.863221,-0.042464,-0.503082,-0.128892,-0.944918,0.300814,-0.487074,0.32456,0.810832,-0.012176,-0.024108,0.04859,-2.786154,1.936035,4.385877,-1.912548,-0.105179,0.025899,0.313715,0.28685,-0.674261,0.680501,0.331577,0.73623,0.589879,-0.899077,0.057271,0.433871,-0.016344,0.011288,0.012429,0.061866,-1.703562,2.206968,0.53353,0.042318,0.036582,-0.02376,-0.263582,0.6541,0.708996,-0.217256,-0.756358,0.617025,0.939852,0.008603,0.34147,-0.008002,0.00479,0.005426,0.001218,-0.096178,0.152946,0.523059,0.077894,0.043039,-0.080809,-0.777721,0.045939,-0.626927,-0.227547,-0.950265,0.212645,-0.585979,0.308034,0.749495,-0.011792,-0.004666,0.021717,-0.01279,0.244294,-0.15535,-0.839659
785,0.082085,0.038174,0.320636,-0.869716,-0.031359,-0.492601,-0.133627,-0.945771,0.296028,-0.474092,0.323318,0.818981,-0.010092,-0.02542,0.065,0.07539,0.25827,0.14604,-1.912044,-0.105944,0.026283,0.31395,0.289812,-0.680977,0.672511,0.334957,0.730299,0.595316,-0.896875,0.05358,0.438871,-0.014895,0.004707,0.006291,0.017094,-0.114215,0.157101,0.5337,0.041936,0.03677,-0.023645,-0.268684,0.662255,0.699447,-0.220933,-0.74916,0.624457,0.937548,0.01325,0.347601,-0.014991,0.006266,-0.001282,0.051217,-0.103729,0.146642,0.523222,0.077697,0.042675,-0.079741,-0.784684,0.061152,-0.616872,-0.237035,-0.949097,0.207431,-0.572787,0.308987,0.759236,-0.005029,-0.012588,0.032627,0.16667,0.44765,0.038381,-0.833944
786,0.081927,0.037002,0.323444,-0.875803,-0.019302,-0.48233,-0.136996,-0.948193,0.286591,-0.461786,0.317092,0.828392,-0.008971,-0.029459,0.07887,0.337955,0.527191,0.309156,-1.912351,-0.106941,0.026665,0.313651,0.28752,-0.686935,0.667416,0.342602,0.7244,0.598166,-0.894719,0.057529,0.442755,-0.030404,0.017057,-0.016464,0.085468,-0.096626,0.143959,0.532381,0.041443,0.036957,-0.023787,-0.267323,0.668344,0.694157,-0.228631,-0.743795,0.628089,0.93609,0.009197,0.351638,-0.014113,0.002236,-0.005005,0.032526,0.0244,-0.039435,0.523222,0.077619,0.042094,-0.078339,-0.791147,0.072156,-0.607353,-0.239129,-0.950465,0.198573,-0.56294,0.302337,0.769213,0.002213,-0.015453,0.039139,0.39274,0.541579,0.396241,-0.841619
787,0.081962,0.036396,0.325132,-0.878962,-0.012057,-0.476787,-0.139453,-0.949512,0.280985,-0.455011,0.313474,0.833502,0.004647,-0.037697,0.089708,0.179103,0.412243,0.26929,-1.911908,-0.107416,0.026856,0.313417,0.288376,-0.688904,0.665013,0.344248,0.722575,0.599427,-0.893812,0.056927,0.44466,-0.030259,0.016466,-0.017012,0.085484,-0.096878,0.143793,0.529787,0.041195,0.037053,-0.023915,-0.268598,0.670325,0.69175,-0.230367,-0.742003,0.629572,0.935299,0.009746,0.353721,-0.015069,0.007959,-0.008745,0.08547,-0.095053,0.141492,0.523222,0.077631,0.041792,-0.0775,-0.794977,0.080056,-0.601333,-0.240653,-0.951537,0.191472,-0.556863,0.296928,0.775716,-0.003266,-0.01109,0.042535,0.352083,0.635186,0.173124,-0.841945
788,0.082196,0.035404,0.328652,-0.88684,0.000862,-0.462124,-0.142654,-0.951687,0.271871,-0.438462,0.307023,0.844698,0.009182,-0.017107,0.089489,0.248274,0.51717,0.158418,-1.911759,-0.108243,0.027266,0.312808,0.295154,-0.698331,0.652081,0.351509,0.713887,0.605591,-0.888767,0.051339,0.455325,-0.014152,0.003561,-0.012822,0.036823,-0.03884,0.048515,0.531402,0.040787,0.037256,-0.024215,-0.277416,0.679174,0.67953,-0.23766,-0.733822,0.636413,0.93089,0.015054,0.364986,-0.007877,0.006782,-0.010792,0.062816,-0.132306,0.196655,0.523385,0.077748,0.041292,-0.075737,-0.804045,0.092531,-0.587322,-0.242658,-0.952871,0.182078,-0.542795,0.288918,0.788605,0.003976,-0.013863,0.048919,0.385689,0.565961,0.407289,-0.844068
789,0.082515,0.034741,0.332183,-0.894827,0.014032,-0.446244,-0.149212,-0.951449,0.26917,-0.419691,0.307422,0.854037,0.009162,-0.016906,0.089027,-0.032549,0.169719,0.155272,-1.911445,-0.10898,0.027554,0.31205,0.304426,-0.70772,0.637534,0.360505,0.705018,0.610672,-0.882021,0.044812,0.468929,-0.015643,0.012966,-0.022176,0.134605,-0.150271,0.105871,0.533675,0.040414,0.037398,-0.024602,-0.288819,0.687738,0.666032,-0.246856,-0.725652,0.642254,0.92501,0.021081,0.379354,-0.007787,0.00638,-0.011168,0.111786,-0.12922,0.110414,0.523222,0.077912,0.040972,-0.073961,-0.813881,0.106035,-0.571272,-0.248564,-0.952235,0.177378,-0.525178,0.286362,0.801363,0.005233,-0.002765,0.040665,-0.012467,0.247416,-0.001405,-0.845374
790,0.082725,0.034458,0.333866,-0.897169,0.019089,-0.441328,-0.151007,-0.952148,0.265675,-0.414024,0.304969,0.857675,0.008016,-0.020129,0.086066,-0.031066,0.18715,0.131272,-1.911417,-0.109329,0.027761,0.311637,0.306418,-0.712725,0.630969,0.363959,0.700111,0.614258,-0.879912,0.042315,0.473104,-0.015902,0.014272,-0.020968,0.088278,-0.114139,0.171582,0.533906,0.040251,0.037491,-0.0248,-0.291699,0.692523,0.65979,-0.250001,-0.72101,0.646252,0.92326,0.023563,0.383449,-0.007834,0.006622,-0.010947,0.075088,-0.084622,0.146785,0.523222,0.078016,0.040842,-0.073142,-0.816541,0.110729,-0.566567,-0.249763,-0.952583,0.173788,-0.520459,0.283413,0.80548,0.003949,-0.010104,0.043015,0.019283,0.339645,-0.004847,-0.845701
791,0.083203,0.033782,0.336722,-0.901061,0.03266,-0.432514,-0.156843,-0.954235,0.254574,-0.403288,0.297177,0.865489,0.018625,-0.02216,0.067465,0.242099,0.370136,0.284582,-1.911239,-0.10979,0.028339,0.310993,0.308938,-0.719727,0.621725,0.369538,0.693078,0.618886,-0.876703,0.039451,0.479271,-0.016769,0.018652,-0.016891,0.081687,-0.514074,0.659765,0.532937,0.040017,0.037774,-0.025133,-0.295215,0.698871,0.65148,-0.255344,-0.714779,0.651067,0.920677,0.025853,0.389466,-0.008414,0.009325,-0.008413,0.123604,-1.811947,2.313019,0.522569,0.078256,0.040522,-0.071693,-0.820474,0.123011,-0.558292,-0.254043,-0.953307,0.163299,-0.512137,0.275812,0.813414,0.009255,-0.011123,0.033693,0.324195,0.440799,0.333774,-0.847987
792,0.083588,0.033061,0.338793,-0.907578,0.049641,-0.416993,-0.1615,-0.957892,0.237344,-0.386525,0.282684,0.877904,0.016547,-0.013663,0.040246,0.662346,0.661771,0.460084,-1.911123,-0.110144,0.02911,0.310508,0.313788,-0.731686,0.605115,0.37729,0.680812,0.627759,-0.871668,0.032234,0.488896,-0.004158,0.024762,-0.013111,0.073979,-0.061184,0.097818,0.53307,0.039835,0.038156,-0.025377,-0.302888,0.710912,0.634714,-0.26329,-0.702498,0.66119,0.915934,0.033152,0.399954,-0.001179,0.006945,-0.002571,0.057392,-0.280207,0.379764,0.522079,0.078454,0.040158,-0.070615,-0.828074,0.139062,-0.543096,-0.256324,-0.955474,0.146171,-0.498588,0.260249,0.826849,0.001049,-0.0113,0.024776,0.250904,0.355491,0.232181,-0.846354
793,0.083742,0.032796,0.339485,-0.911574,0.056867,-0.40724,-0.162355,-0.959711,0.229276,-0.376663,0.275043,0.884592,0.002905,-0.005879,0.029101,0.490231,0.484415,0.3286,-1.91125,-0.110184,0.02946,0.31037,0.32507,-0.739922,0.588928,0.374485,0.672455,0.638356,-0.868753,0.013958,0.494912,-0.002562,0.014791,-0.004315,-0.336577,-0.858802,0.708385,0.532941,0.039815,0.038335,-0.02545,-0.3159,0.717777,0.620485,-0.260198,-0.69444,0.670857,0.912416,0.050475,0.406137,-0.001219,0.007066,-0.002507,-1.073374,-2.624861,1.475448,0.522079,0.078535,0.040022,-0.070266,-0.833391,0.146893,-0.532805,-0.256021,-0.956967,0.136625,-0.489808,0.250271,0.835136,0.001134,-0.003799,0.01385,0.682052,0.641154,0.431899,-0.845701
794,0.083945,0.032703,0.340111,-0.925647,0.057958,-0.373983,-0.150627,-0.962995,0.223435,-0.346044,0.263076,0.900595,0.002073,0.006189,0.004924,0.495845,0.508063,0.128417,-1.911176,-0.110051,0.029947,0.310223,0.348094,-0.75626,0.553979,0.376217,0.653851,0.65641,-0.859056,-0.01913,0.51139,-0.002207,0.012995,-0.005977,-0.801344,-3.051646,1.654299,0.534269,0.039876,0.03858,-0.025514,-0.338305,0.733464,0.589559,-0.264299,-0.67534,0.688521,0.903158,0.07711,0.422325,-0.000196,0.000998,0.000929,0.035215,-0.233772,0.321641,0.523059,0.078635,0.039966,-0.069948,-0.851895,0.146785,-0.50272,-0.244111,-0.960555,0.133198,-0.463339,0.23619,0.854125,0.000896,0.002731,0.002166,0.112515,0.17183,-0.072044,-0.84766
795,0.083958,0.032952,0.339816,-0.928359,0.050388,-0.368316,-0.139306,-0.965746,0.218863,-0.343519,0.254423,0.904041,-0.000644,0.005341,-0.012619,0.039239,0.108672,-0.173176,-1.912178,-0.10987,0.030089,0.310231,0.379996,-0.755225,0.534069,0.361321,0.652593,0.66596,-0.85194,-0.059146,0.520156,-7.9e-05,0.000394,0.000365,-0.853644,-1.337736,-0.542438,0.5289,0.039965,0.038662,-0.025514,-0.372905,0.73152,0.570805,-0.249384,-0.671559,0.697721,0.893727,0.117834,0.432858,-4.9e-05,0.000229,0.000217,-0.007136,-0.142396,0.134981,0.523222,0.078643,0.040093,-0.070087,-0.856339,0.140077,-0.497052,-0.232319,-0.964107,0.128548,-0.461205,0.225555,0.858145,-0.000462,0.002258,-0.006638,0.00406,0.066324,-0.166296,-0.845211
796,0.083976,0.033052,0.338925,-0.926456,0.045778,-0.37367,-0.134098,-0.967618,0.21379,-0.350632,0.248112,0.903064,-0.004578,-0.006392,-0.022024,0.034135,-0.098097,0.131551,-1.912112,-0.109732,0.030222,0.310318,0.439023,-0.7335,0.518872,0.322233,0.667518,0.671209,-0.839222,-0.126558,0.528728,-0.000792,0.003917,0.003626,-0.724336,-1.363272,-0.787407,0.526568,0.040041,0.038722,-0.025477,-0.434427,0.704315,0.561437,-0.206327,-0.684572,0.699134,0.876756,0.187883,0.442717,0.005447,0.008583,-0.002016,-2.650044,-4.01034,-2.835904,0.523222,0.078653,0.040148,-0.070529,-0.853976,0.135216,-0.502434,-0.226308,-0.966044,0.124667,-0.468517,0.220168,0.85558,-0.001821,0.001801,-0.015465,0.068624,-0.115832,0.142481,-0.83672
797,0.083907,0.032925,0.338417,-0.926002,0.041619,-0.375278,-0.129671,-0.968524,0.212412,-0.353476,0.245299,0.902724,-0.005582,-0.009365,-0.024464,0.035491,0.010565,-0.037196,-1.912237,-0.109598,0.030447,0.31034,0.462623,-0.729075,0.504401,0.314119,0.666724,0.675827,-0.82959,-0.153295,0.53679,0.010348,0.018997,-0.002328,0.051517,-2.021726,2.278224,0.526896,0.040104,0.038829,-0.025464,-0.459511,0.695785,0.552025,-0.195887,-0.685618,0.701109,0.866301,0.214033,0.451344,0.006168,0.003522,0.002307,-0.240939,-0.473586,-0.098204,0.523059,0.078617,0.040081,-0.070786,-0.853496,0.131206,-0.50431,-0.221871,-0.967176,0.123865,-0.471505,0.21761,0.854592,-0.003028,-0.005424,-0.012824,0.040358,-0.083581,0.096934,-0.83819
798,0.083634,0.032373,0.337576,-0.926588,0.035296,-0.374479,-0.120417,-0.971039,0.206289,-0.355202,0.236188,0.904474,-0.006945,-0.020632,-0.016715,0.694078,-0.358875,-1.341414,-1.91195,-0.109187,0.031069,0.310397,0.489545,-0.729646,0.477444,0.312645,0.657899,0.685096,-0.814587,-0.185197,0.549557,0.010211,0.0195,-0.001871,0.05896,-0.295428,0.402385,0.534134,0.040312,0.039151,-0.025433,-0.490143,0.695616,0.52524,-0.194973,-0.674815,0.711765,0.849555,0.246459,0.466382,0.005085,0.009832,-0.000866,0.053974,-0.294977,0.413866,0.522079,0.078474,0.039789,-0.071225,-0.854654,0.125523,-0.503795,-0.212371,-0.969964,0.118601,-0.473777,0.208355,0.855641,-0.003508,-0.010482,-0.008486,0.653256,-0.398254,-1.380222,-0.841129
799,0.083146,0.031499,0.337102,-0.930449,0.034802,-0.364828,-0.111225,-0.975356,0.190478,-0.348052,0.217759,0.911849,-0.007479,-0.029401,-0.006919,0.359842,0.269122,0.318773,-1.912175,-0.108589,0.031815,0.310228,0.537459,-0.708385,0.457515,0.284884,0.663046,0.692203,-0.79436,-0.2408,0.557558,0.024386,0.017303,-0.005808,-0.190435,-0.530331,-0.062054,0.534533,0.0406,0.039524,-0.025508,-0.537722,0.671138,0.510322,-0.166532,-0.677897,0.716046,0.826511,0.300048,0.476286,0.00461,0.013125,-0.006805,-0.737356,-1.403081,-0.802227,0.522242,0.078231,0.039356,-0.071466,-0.859919,0.12375,-0.495201,-0.200501,-0.974077,0.10475,-0.469401,0.189364,0.86244,-0.010191,-0.013261,-0.002519,0.492434,0.50146,0.193664,-0.840802
800,0.082872,0.031027,0.337005,-0.933609,0.035462,-0.356597,-0.105918,-0.977951,0.179903,-0.341195,0.205679,0.917229,-0.006155,-0.025445,-0.003723,0.324982,0.34836,0.132545,-1.911427,-0.108261,0.032251,0.309982,0.574775,-0.684697,0.448124,0.259979,0.671923,0.693444,-0.776611,-0.281208,0.563613,0.022904,0.026471,-0.015293,-0.614175,-1.391163,-0.742222,0.534384,0.040764,0.03974,-0.025626,-0.573257,0.645555,0.504612,-0.142013,-0.684809,0.714749,0.806974,0.338074,0.484249,0.004993,0.011421,-0.008261,-2.413681,-4.129776,-3.003719,0.522405,0.078092,0.039113,-0.071519,-0.864387,0.124729,-0.48711,-0.193905,-0.976501,0.094045,-0.463935,0.175745,0.868261,-0.009367,-0.010769,-0.000497,0.36699,0.383939,0.15385,-0.838516
801,0.082201,0.030379,0.337162,-0.941913,0.035045,-0.334092,-0.093051,-0.982856,0.159084,-0.321619,0.180881,0.929446,-0.028864,-0.010171,0.007796,0.338937,0.781549,-0.076502,-1.913021,-0.107487,0.033194,0.309092,0.613208,-0.665662,0.42528,0.243349,0.67127,0.70008,-0.752251,-0.324961,0.573047,0.024567,0.018381,-0.022766,0.074366,-0.043098,0.091141,0.534324,0.041149,0.040219,-0.026064,-0.613573,0.622664,0.485609,-0.123575,-0.683117,0.719777,0.779908,0.381627,0.496088,0.011385,0.014594,-0.015385,0.12426,-0.17698,0.283878,0.522569,0.077763,0.038778,-0.07145,-0.875757,0.123467,-0.466695,-0.178489,-0.981048,0.075394,-0.448542,0.149327,0.881198,-0.007688,-0.005744,0.003617,0.140651,1.290156,0.000657,-0.835577
802,0.081643,0.029859,0.337567,-0.947116,0.029144,-0.319637,-0.079656,-0.986064,0.145958,-0.309752,0.163657,0.936641,-0.014514,-0.008905,0.009339,0.477228,0.42968,0.176154,-1.913145,-0.106611,0.033882,0.308068,0.649664,-0.638504,0.412602,0.216728,0.675649,0.7046,-0.729467,-0.367523,0.576774,0.025495,0.014055,-0.026825,-2.23764,-3.926968,-3.15374,0.534187,0.041597,0.040567,-0.026587,-0.647899,0.5943,0.476479,-0.097539,-0.685105,0.721884,0.755454,0.421233,0.501846,0.012846,0.006582,-0.013652,-2.222373,-3.936679,-3.152883,0.522895,0.077481,0.038522,-0.071245,-0.883266,0.116238,-0.454233,-0.163408,-0.984357,0.065854,-0.439473,0.132392,0.888445,-0.001385,-0.011313,0.007876,-0.029768,0.012826,-0.16861,-0.836393
803,0.081493,0.029549,0.337797,-0.948171,0.023799,-0.316939,-0.073268,-0.98671,0.144933,-0.3081,0.160606,0.937714,-0.002775,-0.022671,0.015706,-0.017258,0.080695,-0.004057,-1.913276,-0.1062,0.034186,0.307503,0.666519,-0.625366,0.405783,0.205944,0.677471,0.706083,-0.717292,-0.386258,0.579793,0.025706,0.013131,-0.027722,0.011162,-0.117583,-0.03351,0.533981,0.041793,0.040712,-0.026861,-0.665415,0.578738,0.47147,-0.085507,-0.686534,0.722051,0.74156,0.44015,0.506316,0.006261,0.005285,-0.014099,-0.127064,-0.348894,-0.273829,0.523059,0.077407,0.038378,-0.071133,-0.885532,0.111958,-0.450884,-0.157009,-0.985544,0.063646,-0.437241,0.127154,0.89031,-0.000667,-0.00556,0.004022,-0.019154,0.028344,-0.017142,-0.841782
804,0.081303,0.029102,0.338184,-0.948456,0.007438,-0.316894,-0.056648,-0.987618,0.146198,-0.310704,0.156599,0.937532,-0.000954,-0.01007,0.008901,0.491419,-0.330477,-1.402206,-1.913651,-0.105496,0.034581,0.306545,0.690384,-0.606933,0.393692,0.190517,0.677384,0.710484,-0.698752,-0.414733,0.582756,0.011734,0.014103,-0.024892,0.043144,0.007278,0.071604,0.524752,0.042153,0.040899,-0.027351,-0.689031,0.558598,0.461739,-0.069571,-0.685157,0.725064,0.721384,0.467469,0.510957,0.006946,0.001023,-0.009096,0.025035,0.023804,0.026537,0.522895,0.077307,0.038149,-0.070931,-0.886665,0.096881,-0.452148,-0.14247,-0.987473,0.067802,-0.439916,0.124535,0.889361,-0.000237,-0.004734,0.004748,1.71624,-0.778102,-5.198575,-0.843741
805,0.081258,0.028788,0.338429,-0.948598,-0.001501,-0.316551,-0.047821,-0.987843,0.14782,-0.311745,0.155355,0.937394,2e-06,6e-06,5e-06,1e-06,-0.0,-3e-06,-1.913495,-0.105109,0.035007,0.306038,0.719332,-0.586024,0.373001,0.180636,0.676141,0.71424,-0.671655,-0.445653,0.591723,0.009239,0.025435,-0.01424,0.391472,-0.923368,0.650623,0.522806,0.04235,0.041094,-0.027621,-0.717098,0.536554,0.444836,-0.058907,-0.682615,0.728399,0.694478,0.49613,0.521109,0.005564,0.007299,-0.003199,0.628784,-2.155045,1.825077,0.522242,0.077285,0.037993,-0.070802,-0.887506,0.086346,-0.452633,-0.13238,-0.988655,0.070966,-0.441371,0.122903,0.888867,-0.000685,-0.00562,0.003972,-0.031741,-0.089038,0.154389,-0.840966
806,0.081316,0.028749,0.338386,-0.948685,-0.010944,-0.316104,-0.038187,-0.988138,0.148651,-0.312802,0.153101,0.937412,-0.000291,-0.000847,-0.000697,-6.4e-05,-0.10822,0.16688,-1.91321,-0.104895,0.035692,0.306143,0.736163,-0.583009,0.343736,0.191863,0.666679,0.720181,-0.649949,-0.463479,0.602175,0.010529,0.014653,0.011755,-0.075342,-1.110245,0.527111,0.5178,0.042458,0.041436,-0.027583,-0.737096,0.531402,0.417493,-0.070899,-0.675187,0.734231,0.672058,0.511599,0.535353,-0.001356,0.00621,0.005822,-0.468575,-3.046119,1.061833,0.51914,0.077315,0.037974,-0.070823,-0.88831,0.076805,-0.452773,-0.122904,-0.989711,0.073243,-0.44249,0.12071,0.888611,-0.000191,-0.000543,-0.000448,0.001194,-0.00107,0.001715,-0.838843
807,0.081371,0.02877,0.338303,-0.949164,-0.016294,-0.314432,-0.032736,-0.988151,0.149856,-0.311969,0.152545,0.937781,0.01353,0.005968,-0.011769,0.034874,-0.019289,0.019989,-1.913405,-0.104753,0.035976,0.30642,0.756478,-0.56523,0.329009,0.185781,0.667906,0.720639,-0.628016,-0.483305,0.609816,0.009882,0.017483,0.014372,0.350666,-0.748132,0.059129,0.515786,0.042528,0.041582,-0.027441,-0.757021,0.513403,0.404148,-0.06467,-0.674377,0.735548,0.650181,0.53069,0.54372,0.004879,0.009024,0.007437,0.273955,-1.465271,0.305726,0.516037,0.077338,0.037984,-0.070858,-0.889336,0.071512,-0.451626,-0.117819,-0.990182,0.075218,-0.441813,0.120104,0.88903,-0.000227,-0.000658,-0.000543,0.001541,-0.10964,0.16885,-0.841782
808,0.0815,0.028936,0.33807,-0.950521,-0.023793,-0.309821,-0.026237,-0.98737,0.156151,-0.308442,0.156577,0.938282,-0.000198,-0.000577,-0.000475,-0.108389,0.002318,-0.060132,-1.913163,-0.104795,0.036403,0.307079,0.771995,-0.552229,0.314736,0.187385,0.670732,0.717593,-0.60834,-0.494298,0.62085,-0.014119,-0.000695,0.019283,0.121273,-0.227977,0.032012,0.513544,0.042515,0.041811,-0.027105,-0.773902,0.497799,0.391498,-0.066689,-0.678804,0.731284,0.629783,0.539834,0.558526,-0.000565,0.001318,0.0102,0.13433,-0.160578,-0.133228,0.511955,0.077405,0.038061,-0.07098,-0.891754,0.063931,-0.447979,-0.11238,-0.990243,0.082387,-0.438341,0.123813,0.890239,0.00055,0.005245,-0.004281,-0.525814,0.639156,-0.314925,-0.846354
