frame,MLTx,MLTy,MLTz,MLTR1,MLTR2,MLTR3,MLTR4,MLTR5,MLTR6,MLTR7,MLTR8,MLTR9,MLTTVx,MLTTVy,MLTTVz,MLTRVx,MLTRVy,MLTRVz,MLGA,MRTx,MRTy,MRTz,MRTR1,MRTR2,MRTR3,MRTR4,MRTR5,MRTR6,MRTR7,MRTR8,MRTR9,MRTTVx,MRTTVy,MRTTVz,MRTRVx,MRTRVy,MRTRVz,MRGA,SLTx,SLTy,SLTz,SLTR1,SLTR2,SLTR3,SLTR4,SLTR5,SLTR6,SLTR7,SLTR8,SLTR9,SLTTVx,SLTTVy,SLTTVz,SLTRVx,SLTRVy,SLTRVz,SLGA,SRTx,SRTy,SRTz,SRTR1,SRTR2,SRTR3,SRTR4,SRTR5,SRTR6,SRTR7,SRTR8,SRTR9,SRTTVx,SRTTVy,SRTTVz,SRTRVx,SRTRVy,SRTRVz,SRGA
1336,0.100246,0.023144,0.335446,-0.395628,0.395191,-0.829064,-0.347535,-0.899952,-0.263202,-0.849647,0.183501,0.494422,-0.031949,-0.04561,0.030652,-0.144324,0.039651,-0.196754,-1.912358,-0.196231,0.048057,0.349602,0.356876,0.403361,0.842574,-0.929543,0.24217,0.277916,-0.092378,-0.882877,0.46028,0.012339,0.002126,0.000506,0.009204,-0.137714,0.212735,0.473248,0.021585,0.046646,-0.002115,-0.34781,-0.359349,0.865964,0.918154,-0.317516,0.237013,0.189787,0.877525,0.440373,0.006168,0.001,0.000204,0.016427,-0.142295,0.197834,-0.178601,0.064783,0.035106,-0.073069,-0.431701,0.483707,-0.761354,-0.348486,-0.86796,-0.353839,-0.83198,0.112568,0.543265,-0.01598,-0.022785,0.015363,-0.145925,0.103185,-0.158449,-0.861377
1337,0.098973,0.021131,0.336982,-0.387573,0.39018,-0.835219,-0.349454,-0.900544,-0.258601,-0.852576,0.191152,0.486417,-0.032017,-0.052844,0.042068,-0.181673,-0.203715,-0.101849,-1.912612,-0.195849,0.048129,0.349655,0.385939,0.399749,0.83141,-0.916534,0.268099,0.296687,-0.104769,-0.877001,0.468781,0.000115,0.00175,0.001098,-0.000554,-0.000931,0.001744,0.532548,0.021776,0.046681,-0.002089,-0.376994,-0.353441,0.856127,0.903915,-0.342003,0.256846,0.202018,0.870696,0.448414,0.006158,0.000898,0.000139,0.018191,-0.126015,0.182759,0.117281,0.064158,0.034115,-0.07232,-0.424181,0.47996,-0.767924,-0.350217,-0.868957,-0.349656,-0.835115,0.120623,0.536685,-0.016013,-0.026379,0.021089,-0.180424,-0.245419,-0.154216,-0.861703
1338,0.097797,0.019215,0.338618,-0.381459,0.390046,-0.838092,-0.352971,-0.899354,-0.257965,-0.853891,0.196928,0.481785,-0.031488,-0.050455,0.044181,-0.174613,0.11428,-0.14159,-1.91265,-0.195776,0.048047,0.349666,0.411206,0.396777,0.820651,-0.904546,0.288378,0.313955,-0.112588,-0.871897,0.476426,-0.000126,-0.00193,-0.001211,4.546397,1.625774,2.798757,0.534903,0.021813,0.046644,-0.002081,-0.400058,-0.35102,0.846603,0.893336,-0.355678,0.274669,0.204704,0.866185,0.455871,-8e-05,-0.001232,-0.000779,0.013871,-0.097377,0.132911,0.417736,0.06357,0.033156,-0.071502,-0.417884,0.480125,-0.771266,-0.353747,-0.867936,-0.348638,-0.836801,0.127143,0.532539,-0.015209,-0.019474,0.018205,-0.139797,0.029196,0.065309,-0.866275
1339,0.096643,0.017337,0.340343,-0.377718,0.391186,-0.839254,-0.356756,-0.897849,-0.257998,-0.853985,0.201467,0.479736,-0.017614,-0.050432,0.0447,-0.171123,-0.012618,0.086353,-1.911806,-0.195927,0.047943,0.349633,0.415245,0.398005,0.818019,-0.902816,0.290214,0.317228,-0.111649,-0.870729,0.478778,-0.000684,0.00765,-0.010129,0.036268,-0.013407,0.016622,0.535859,0.021738,0.046588,-0.002095,-0.40649,-0.349402,0.844206,0.889471,-0.362521,0.278244,0.208823,0.864,0.458144,-0.006249,-0.002276,-0.001014,0.00678,-0.078985,0.111686,0.499708,0.062987,0.032216,-0.070641,-0.414535,0.481523,-0.772201,-0.357551,-0.866482,-0.348373,-0.836849,0.131689,0.531356,-0.015107,-0.018895,0.018737,-0.14095,0.112501,-0.118115,-0.865786
1340,0.096067,0.016419,0.341199,-0.377119,0.392292,-0.839007,-0.358637,-0.897019,-0.258279,-0.853463,0.203003,0.480018,-0.031275,-0.048996,0.045582,-0.172255,0.018028,0.032742,-1.912121,-0.196091,0.047835,0.349565,0.40826,0.395157,0.822901,-0.9055,0.289033,0.310585,-0.115613,-0.872414,0.474753,-0.012609,-0.006104,-0.003008,0.049376,0.16855,-0.21829,0.536483,0.02166,0.046541,-0.002131,-0.399166,-0.347144,0.84862,0.891872,-0.361695,0.271552,0.212675,0.865255,0.453984,-0.006357,-0.003854,-0.002006,0.183139,0.590623,-0.743528,0.508036,0.062693,0.031742,-0.070193,-0.413946,0.4827,-0.771782,-0.359593,-0.865586,-0.348501,-0.836265,0.133266,0.531882,-0.015654,-0.024473,0.022834,-0.173783,0.020341,0.03123,-0.863663
1341,0.095124,0.014647,0.342763,-0.374501,0.395619,-0.838618,-0.361219,-0.895177,-0.261055,-0.85353,0.204661,0.479194,-0.017387,-0.041646,0.03476,1.362996,-1.184306,1.845302,-1.911381,-0.196372,0.047444,0.349348,0.390301,0.371582,0.842368,-0.907036,0.311773,0.282873,-0.15799,-0.874912,0.457637,-0.000762,-0.011317,-0.007142,1.004547,1.76481,-1.748123,0.536868,0.021515,0.046353,-0.002234,-0.379746,-0.326273,0.865643,0.890199,-0.383448,0.245991,0.251669,0.864009,0.436061,-0.000453,-0.006257,-0.003804,4.704749,1.661193,2.46477,0.515221,0.062229,0.030874,-0.069422,-0.413167,0.484443,-0.771107,-0.36272,-0.864239,-0.348603,-0.8353,0.135664,0.532792,-0.015406,-0.019631,0.018192,-0.141977,0.105202,-0.123958,-0.859254
1342,0.094242,0.01329,0.344049,-0.374088,0.396818,-0.838235,-0.363105,-0.894318,-0.261384,-0.852911,0.206087,0.479684,-0.015797,-0.02846,0.028327,-0.104382,0.070125,-0.076289,-1.911561,-0.196439,0.046835,0.348975,0.358385,0.353286,0.864142,-0.91449,0.318743,0.249088,-0.187871,-0.879943,0.436196,-0.001234,-0.018219,-0.011563,0.56897,1.740803,-2.152305,0.537135,0.021482,0.04605,-0.002419,-0.346027,-0.309743,0.88562,0.894715,-0.393056,0.21211,0.282399,0.865774,0.41314,-0.000622,-0.009279,-0.005887,-0.007471,0.021701,-0.036719,0.51914,0.061786,0.030187,-0.06878,-0.410871,0.4872,-0.770597,-0.36414,-0.862587,-0.351205,-0.835814,0.136306,0.531821,-0.007862,-0.014029,0.014345,-0.107296,0.057596,-0.05519,-0.857295
1343,0.093843,0.012806,0.344619,-0.374149,0.393874,-0.839596,-0.363806,-0.895063,-0.257836,-0.852586,0.208485,0.479226,-0.028653,-0.024118,0.031548,-0.119043,-0.106582,-0.220117,-1.911738,-0.196513,0.046436,0.348714,0.357836,0.347613,0.866666,-0.912158,0.328429,0.245021,-0.199896,-0.878632,0.433486,-0.001886,-0.01001,-0.021415,0.023732,0.144866,-0.219146,0.537124,0.021446,0.045856,-0.002541,-0.342739,-0.30349,0.889057,0.891865,-0.402439,0.206444,0.295138,0.863676,0.408603,-0.006816,-0.010208,-0.006087,0.019506,0.159034,-0.214994,0.519956,0.061596,0.029947,-0.068506,-0.411364,0.484877,-0.771798,-0.364774,-0.863572,-0.348111,-0.835296,0.138332,0.532113,-0.007629,-0.013223,0.01502,-0.125025,-0.286164,-0.295051,-0.856968
1344,0.093192,0.012293,0.345575,-0.375333,0.390088,-0.840834,-0.364812,-0.896054,-0.252925,-0.851634,0.211324,0.479674,-0.026761,-0.010101,0.025716,-0.075915,0.115428,-0.258906,-1.911768,-0.196686,0.045687,0.348209,0.360986,0.341118,0.867939,-0.907613,0.342118,0.24316,-0.214426,-0.875941,0.431986,-0.001323,-0.019229,-0.01234,-0.010897,0.142433,-0.211757,0.537619,0.021357,0.045458,-0.002813,-0.345158,-0.296729,0.890402,0.886113,-0.41568,0.204968,0.309303,0.859744,0.406412,-0.000655,-0.009618,-0.006173,-0.01086,0.143402,-0.215569,0.520773,0.061265,0.02968,-0.068018,-0.411902,0.480652,-0.77415,-0.365489,-0.865381,-0.34283,-0.834718,0.14173,0.532125,-0.006214,-0.000869,0.007809,-0.038503,0.018875,-0.051785,-0.860887
1345,0.092573,0.012109,0.346293,-0.383341,0.380465,-0.84163,-0.367464,-0.898789,-0.238997,-0.846907,0.217173,0.485398,-0.012293,-0.001423,0.015841,-0.038706,0.02124,-0.025298,-1.910666,-0.196723,0.045104,0.347754,0.367002,0.332351,0.868817,-0.900135,0.362254,0.241789,-0.234815,-0.87119,0.43099,-0.001421,-0.002995,-0.017066,0.046312,0.005681,-0.001601,0.537999,0.021339,0.045167,-0.003035,-0.350346,-0.287473,0.891411,0.876899,-0.435079,0.204333,0.329095,0.853266,0.404514,-0.000484,-0.00711,-0.004594,0.128357,0.051141,0.040197,0.521099,0.060946,0.029586,-0.067647,-0.420214,0.471049,-0.775584,-0.367635,-0.869797,-0.329084,-0.829616,0.146847,0.538675,-0.006147,-0.000664,0.007969,-0.03035,0.023381,-0.012131,-0.866439
1346,0.091843,0.012194,0.346889,-0.390573,0.371326,-0.842386,-0.369672,-0.901257,-0.225941,-0.842625,0.222692,0.490324,-0.011224,0.009631,0.007517,-0.009992,-0.117815,-0.074194,-1.911276,-0.196893,0.04455,0.34737,0.36874,0.327605,0.869883,-0.896561,0.372159,0.240022,-0.245545,-0.868803,0.429829,-0.001166,-0.016707,-0.010845,-0.003231,0.031795,-0.047962,0.538796,0.021254,0.044898,-0.003228,-0.351614,-0.282581,0.892477,0.87239,-0.444711,0.202893,0.339561,0.849929,0.402888,-0.006719,-0.007974,-0.004763,-0.006279,0.046108,-0.077891,0.521099,0.060585,0.029626,-0.067351,-0.427427,0.462028,-0.777068,-0.369279,-0.873792,-0.316416,-0.82519,0.151711,0.5441,-0.012868,0.00046,0.008689,-0.042014,-0.122532,-0.133528,-0.860397
1347,0.091464,0.012244,0.347153,-0.39558,0.360733,-0.84465,-0.371047,-0.903989,-0.212364,-0.839675,0.228944,0.492501,-0.012516,-0.002195,0.015181,-1.543446,0.750489,-2.304666,-1.911254,-0.197057,0.044184,0.347142,0.36952,0.319682,0.872496,-0.892951,0.381725,0.238451,-0.257269,-0.867593,0.425393,-0.013756,-0.019973,-0.012176,-0.010261,0.060114,-0.068264,0.539132,0.021172,0.044714,-0.003343,-0.351543,-0.274293,0.895087,0.867913,-0.453884,0.201781,0.350919,0.847792,0.397622,-0.006887,-0.01021,-0.006236,0.000355,0.03033,-0.080662,0.521099,0.060392,0.029656,-0.067215,-0.432902,0.453332,-0.779157,-0.370298,-0.877482,-0.304801,-0.821872,0.156572,0.547731,-0.006249,-0.001141,0.007545,-1.531577,0.790574,-2.271851,-0.855825
1348,0.090779,0.012214,0.347617,-0.397586,0.339526,-0.852463,-0.370935,-0.909172,-0.189172,-0.838775,0.240568,0.488478,-0.013451,-0.005256,0.012662,-0.101426,-0.613372,-0.446892,-1.911145,-0.197629,0.04317,0.346525,0.365601,0.30327,0.879974,-0.883339,0.410822,0.225546,-0.293549,-0.86014,0.416955,-0.014478,-0.028796,-0.018099,4.856645,1.309477,2.203264,0.53931,0.020902,0.044235,-0.003634,-0.344357,-0.260744,0.901903,0.858015,-0.477349,0.189596,0.381087,0.839136,0.388101,-0.007253,-0.014748,-0.009273,-0.01722,0.165131,-0.25901,0.520936,0.060065,0.029643,-0.066988,-0.435507,0.432774,-0.789328,-0.369308,-0.885559,-0.281772,-0.820941,0.168791,0.545495,-0.006829,-0.00294,0.006088,-0.185134,0.019506,-0.310202,-0.86007
1349,0.089968,0.012308,0.34806,-0.401186,0.309903,-0.862006,-0.368681,-0.916047,-0.157805,-0.83805,0.254105,0.482835,-0.024901,0.011032,0.008212,-1.415175,0.939752,-2.535737,-1.911459,-0.198337,0.041792,0.345643,0.354428,0.291412,0.888511,-0.878743,0.428474,0.21013,-0.319892,-0.855598,0.406797,-0.015446,-0.039921,-0.025754,-0.008467,0.078795,-0.125172,0.53915,0.020539,0.043543,-0.004076,-0.333344,-0.247487,0.909742,0.84833,-0.499748,0.17489,0.411358,0.830061,0.376539,-0.007761,-0.020642,-0.013319,-0.022286,0.183767,-0.287121,0.520936,0.059643,0.029685,-0.066764,-0.437409,0.403398,-0.803705,-0.365279,-0.896387,-0.251119,-0.821733,0.183735,0.53944,-0.012375,0.005675,0.004231,-1.406105,0.936982,-2.529759,-0.851416
1350,0.089515,0.012505,0.348336,-0.399291,0.291159,-0.86939,-0.365529,-0.920144,-0.140339,-0.840334,0.261383,0.474915,-0.023495,0.015499,0.011843,-0.086995,-0.609461,-0.862599,-1.911138,-0.198737,0.040962,0.345088,0.355226,0.284691,0.890369,-0.872491,0.442695,0.206673,-0.335748,-0.850596,0.404503,-0.015846,-0.043912,-0.028644,4.912198,1.220984,2.110332,0.539107,0.020338,0.043128,-0.004353,-0.332004,-0.24294,0.911456,0.843751,-0.508493,0.171808,0.42173,0.826083,0.373802,-0.014211,-0.022802,-0.01446,-0.013718,0.108069,-0.178799,0.520773,0.059423,0.029772,-0.066635,-0.436958,0.386542,-0.81219,-0.361885,-0.902198,-0.234685,-0.823472,0.191372,0.534106,-0.011657,0.008059,0.006188,-0.087229,-0.811527,-0.708646,-0.850763
1351,0.088577,0.013045,0.349043,-0.394357,0.249258,-0.884533,-0.368477,-0.924617,-0.096333,-0.841381,0.287625,0.457577,-0.009881,0.006105,0.02186,-0.162877,-0.889452,-0.978145,-1.91129,-0.199268,0.039187,0.343808,0.358219,0.26433,0.895432,-0.851059,0.486673,0.19693,-0.384154,-0.832927,0.398146,-0.00381,-0.048329,-0.033003,1.477687,0.406294,0.540661,0.538295,0.020068,0.042235,-0.004996,-0.333998,-0.220739,0.916362,0.816114,-0.554138,0.163975,0.471596,0.802623,0.365229,-0.008157,-0.024477,-0.016166,4.939992,1.190858,2.057243,0.520772,0.058958,0.030039,-0.066291,-0.432534,0.347724,-0.831866,-0.363297,-0.911638,-0.192171,-0.825184,0.219094,0.520642,-0.011738,0.003953,0.011478,-0.128648,-0.603404,-0.870676,-0.849457
1352,0.087774,0.01354,0.349934,-0.389121,0.207327,-0.897578,-0.370481,-0.927275,-0.053633,-0.842943,0.311402,0.438751,-0.021636,0.013495,0.027352,-0.161534,-0.580847,-1.031324,-1.910982,-0.199676,0.037527,0.342519,0.355376,0.252916,0.899851,-0.839108,0.510354,0.188072,-0.412098,-0.822212,0.392436,-0.003438,-0.042651,-0.029613,0.441189,0.157197,0.099305,0.53784,0.019863,0.041388,-0.005652,-0.330285,-0.209095,0.920429,0.801074,-0.577826,0.156191,0.499189,0.78892,0.358348,-0.008207,-0.015653,-0.018277,1.528612,0.399726,0.531219,0.520936,0.058552,0.030288,-0.065843,-0.426467,0.306477,-0.850997,-0.363299,-0.919658,-0.149141,-0.828335,0.245562,0.503546,-0.010974,0.006288,0.013325,-0.157467,-0.692166,-0.897765,-0.844721
1353,0.087076,0.014005,0.351148,-0.386697,0.168201,-0.906762,-0.37878,-0.925415,-0.010185,-0.84037,0.33931,0.422697,-0.021468,0.00633,0.03867,-0.333058,-0.543184,-0.772917,-1.911208,-0.200047,0.036506,0.341314,0.364848,0.229362,0.902369,-0.805439,0.563832,0.182471,-0.467365,-0.793653,0.389292,-0.002852,-0.018682,-0.028926,1.540885,0.339675,0.595265,0.537389,0.019677,0.040863,-0.006252,-0.336445,-0.186828,0.922984,0.766149,-0.624202,0.152926,0.547557,0.758595,0.353148,-0.001206,-0.014835,-0.010435,0.141384,0.073215,-0.009482,0.520773,0.058206,0.03052,-0.06525,-0.424295,0.269268,-0.864562,-0.369569,-0.923121,-0.106135,-0.826674,0.274483,0.491189,-0.010104,0.008935,0.015365,-1.724334,-0.723385,-0.404368,-0.846681
1354,0.086804,0.014227,0.351829,-0.388884,0.152299,-0.908636,-0.38628,-0.922305,0.010675,-0.835936,0.354945,0.418632,-0.019943,0.018451,0.031102,-5.160532,-0.297292,1.610199,-1.911025,-0.200114,0.036106,0.340844,0.370469,0.214113,0.903825,-0.782041,0.596824,0.179293,-0.501475,-0.773508,0.38739,-0.00251,-0.01442,-0.026018,1.535641,0.317387,0.610863,0.537282,0.019643,0.040665,-0.006492,-0.340738,-0.171146,0.924449,0.74,-0.655338,0.151428,0.57991,0.73569,0.349946,-0.007573,-0.006994,-0.012447,0.071262,0.062789,-0.08142,0.520936,0.05807,0.030632,-0.064908,-0.426765,0.250993,-0.868834,-0.371198,-0.924673,-0.084794,-0.824671,0.286322,0.487786,-0.010352,0.004363,0.02027,-0.179278,-0.410286,-0.742743,-0.84913
1355,0.086434,0.014509,0.353308,-0.398156,0.136807,-0.907084,-0.408281,-0.911892,0.041621,-0.820979,0.386741,0.420062,-0.007228,0.006556,0.03898,-0.097705,0.278773,-0.52066,-1.911974,-0.200375,0.035439,0.340194,0.382168,0.184938,0.905393,-0.73827,0.650291,0.178921,-0.556133,-0.737024,0.383893,-0.014066,-0.016091,-0.010631,1.503424,0.348379,0.601095,0.53731,0.019516,0.04032,-0.006832,-0.350565,-0.139152,0.926142,0.689172,-0.707934,0.154499,0.634149,0.692434,0.344077,-0.006956,-0.008279,-0.005422,5.042315,1.048813,2.056177,0.520936,0.057879,0.030782,-0.064155,-0.434353,0.236266,-0.869203,-0.397333,-0.916283,-0.050511,-0.80837,0.323423,0.491867,0.002946,0.001848,0.01856,-0.102748,0.255765,-0.264602,-0.851253
1356,0.086266,0.014683,0.354942,-0.407956,0.136069,-0.90283,-0.440984,-0.895194,0.064287,-0.798959,0.424186,0.42633,-0.00638,0.009133,0.040811,-0.119472,0.305283,-0.488224,-1.912267,-0.201012,0.035133,0.339896,0.393747,0.150568,0.906798,-0.682495,0.708632,0.178814,-0.616129,-0.689475,0.38062,-0.025984,-0.005952,-0.002603,1.491255,0.36438,0.563826,0.536921,0.019203,0.040164,-0.006983,-0.359101,-0.103898,0.927497,0.628707,-0.761395,0.158126,0.689763,0.639907,0.338738,-0.006477,-0.002488,-0.00133,5.013115,1.011944,2.071449,0.520936,0.057794,0.030867,-0.063339,-0.444312,0.235453,-0.864376,-0.42939,-0.902767,-0.025193,-0.786263,0.359961,0.502212,0.002911,-0.001969,0.023988,-0.238367,0.340229,-0.41272,-0.8506
1357,0.086294,0.01476,0.355866,-0.411792,0.131475,-0.901769,-0.459138,-0.884684,0.080622,-0.786675,0.447067,0.425795,0.007561,0.008826,0.040794,-5.131188,0.424502,1.702624,-1.911824,-0.201389,0.035011,0.339917,0.39702,0.139201,0.907188,-0.661777,0.728216,0.178006,-0.63632,-0.671196,0.380072,-0.025656,-0.001996,0.000219,0.008098,0.033085,-0.053162,0.536666,0.019019,0.040108,-0.006975,-0.361652,-0.09183,0.927779,0.605,-0.780268,0.158601,0.709353,0.618665,0.337743,-0.012763,-0.000117,0.000744,0.132478,0.047793,-0.007962,0.521099,0.0578,0.030905,-0.062897,-0.448952,0.229391,-0.863609,-0.442007,-0.896971,-0.008472,-0.776576,0.377918,0.504089,0.00379,0.004499,0.020478,-0.201404,-0.255004,-0.769643,-0.841129
1358,0.08671,0.014511,0.357811,-0.421134,0.107581,-0.90062,-0.479969,-0.868943,0.12058,-0.769099,0.482912,0.418701,0.018042,-0.016938,0.054857,-6.088001,1.762244,-0.508313,-1.910475,-0.202226,0.034997,0.340022,0.404771,0.109098,0.907881,-0.604747,0.776587,0.176427,-0.686281,-0.620584,0.379152,-0.025377,0.001222,0.002511,5.161342,1.0342,2.098714,0.537385,0.018597,0.040104,-0.006915,-0.366224,-0.063757,0.928339,0.549031,-0.820294,0.160253,0.751294,0.568376,0.335416,-0.012678,0.000932,0.001494,0.490178,0.123166,0.147783,0.521099,0.058009,0.030796,-0.061906,-0.455652,0.206004,-0.865992,-0.461779,-0.886413,0.032108,-0.761013,0.414527,0.499024,0.009054,-0.0083,0.027561,-0.319884,-0.510893,-0.699862,-0.835577
1359,0.087651,0.013554,0.359866,-0.425186,0.089433,-0.900702,-0.49789,-0.854124,0.150167,-0.755359,0.512184,0.408813,0.028757,-0.034596,0.058418,-5.238431,0.728652,1.794019,-1.907975,-0.203236,0.035059,0.340108,0.411469,0.071441,0.908615,-0.529469,0.830121,0.174629,-0.742272,-0.553026,0.378229,-0.025534,-0.000496,0.001271,0.045927,-0.055936,0.099777,0.537461,0.018093,0.040145,-0.006865,-0.369941,-0.023246,0.928764,0.464452,-0.870428,0.163212,0.804628,0.491746,0.332804,-0.012717,0.000553,0.001224,0.128596,0.053133,-0.004871,0.521262,0.058476,0.030328,-0.060877,-0.461358,0.185872,-0.867525,-0.478226,-0.875699,0.066702,-0.747294,0.445647,0.492899,0.014728,-0.012386,0.024517,-0.231607,-0.050095,-0.638032,-0.837536
1360,0.088646,0.012655,0.362012,-0.43591,0.079454,-0.896502,-0.524174,-0.832124,0.181063,-0.731079,0.548747,0.405497,0.030898,-0.020129,0.052455,-0.323203,-0.164821,-0.691548,-1.907181,-0.204009,0.034944,0.3401,0.407178,0.057535,0.91153,-0.496565,0.851509,0.168194,-0.766982,-0.52119,0.374116,-0.013275,-0.005502,-0.003127,0.122747,0.166597,-0.162159,0.537302,0.017707,0.040098,-0.006861,-0.364544,-0.009846,0.931134,0.429962,-0.888747,0.158934,0.825977,0.458291,0.328221,-0.012949,-0.002063,-0.000654,1.528073,0.312696,0.581232,0.522569,0.05896,0.029877,-0.05983,-0.471951,0.179771,-0.863101,-0.508608,-0.855172,0.099992,-0.720124,0.486172,0.495032,0.008939,-0.008477,0.027282,-0.776158,-0.144264,-0.655332,-0.841782
1361,0.089205,0.012178,0.363083,-0.442677,0.075048,-0.89356,-0.532316,-0.823891,0.194459,-0.721058,0.561642,0.405782,0.030225,-0.022199,0.050838,-0.223583,-0.061176,-0.446822,-1.907664,-0.204339,0.034815,0.340004,0.405503,0.044783,0.912991,-0.466919,0.868752,0.164893,-0.786259,-0.493214,0.37202,-0.013593,-0.008677,-0.005409,1.522391,0.306773,0.56861,0.53709,0.017542,0.040038,-0.006906,-0.361625,0.000493,0.932323,0.403742,-0.901286,0.157077,0.840368,0.433221,0.325729,-0.013188,-0.004331,-0.002278,0.127196,0.064926,-0.024201,0.522895,0.059241,0.029646,-0.059289,-0.477946,0.173904,-0.861001,-0.516394,-0.848557,0.115262,-0.710565,0.499705,0.495368,0.01528,-0.010467,0.025879,-0.270823,-0.233139,-0.49678,-0.842109
1362,0.090466,0.011183,0.365129,-0.456376,0.069979,-0.887057,-0.548497,-0.807092,0.218462,-0.700088,0.586158,0.407828,0.030472,-0.021178,0.051488,-0.177451,0.083235,-0.335235,-1.907663,-0.204863,0.034395,0.339685,0.397782,0.00212,0.917473,-0.368576,0.916069,0.157809,-0.840604,-0.400939,0.364001,-0.013887,-0.011318,-0.007339,5.244869,0.946276,2.030034,0.536793,0.017276,0.039825,-0.007068,-0.349935,0.042314,0.935817,0.302304,-0.940431,0.155565,0.886655,0.337339,0.316298,-0.007013,-0.00632,-0.004131,2.02383,0.402736,0.689494,0.522895,0.05987,0.029139,-0.058266,-0.491228,0.167272,-0.854818,-0.531693,-0.834919,0.142164,-0.689924,0.524336,0.499074,0.015153,-0.010772,0.025593,-0.180295,0.160279,-0.514258,-0.838026
1363,0.091567,0.010692,0.366855,-0.462192,0.066689,-0.884294,-0.58591,-0.771479,0.247996,-0.665107,0.632653,0.396749,0.030793,-0.012362,0.041193,-5.292928,0.802189,1.285257,-1.906967,-0.204872,0.034002,0.339401,0.355254,-0.011478,0.934695,-0.298339,0.946187,0.125133,-0.886249,-0.323302,0.331516,0.011854,-0.009555,-0.007702,0.442136,2.126313,-2.148493,0.53594,0.01726,0.039617,-0.007218,-0.308224,0.055694,0.949682,0.221678,-0.966598,0.128632,0.925125,0.250171,0.285582,-0.000457,-0.004444,-0.003182,-0.128719,0.751439,-0.048503,0.523222,0.060433,0.028888,-0.057376,-0.498142,0.163245,-0.851589,-0.563982,-0.806985,0.175209,-0.658618,0.56756,0.494061,0.015516,-0.005702,0.020931,-0.240475,-0.207629,-0.454299,-0.835577
1364,0.092003,0.010396,0.367689,-0.462129,0.064712,-0.884474,-0.610748,-0.746343,0.264444,-0.642441,0.662315,0.385534,0.01576,-0.023593,0.04936,-0.861547,-0.331097,-0.72101,-1.907271,-0.204715,0.033757,0.339309,0.337573,-0.003956,0.941287,-0.29658,0.948562,0.110471,-0.893699,-0.316461,0.317831,0.0122,-0.020664,0.000266,-0.076075,0.30059,-0.304398,0.535792,0.017339,0.039499,-0.007266,-0.287961,0.046226,0.956525,0.219292,-0.96911,0.112852,0.932195,0.242256,0.268929,-0.000425,-0.004244,-0.003057,-0.037605,0.259181,-0.333807,0.523222,0.060658,0.028748,-0.056959,-0.497151,0.162549,-0.852301,-0.592685,-0.781031,0.196759,-0.633691,0.602965,0.484631,0.014877,-0.007793,0.019366,-1.975669,-0.408977,-0.190201,-0.830678
1365,0.092893,0.009423,0.369279,-0.462094,0.046154,-0.885654,-0.634447,-0.714973,0.293706,-0.619095,0.697561,0.360773,0.014753,-0.019477,0.035748,-0.313281,-0.462543,-0.435301,-1.90721,-0.204284,0.03336,0.339088,0.322058,-0.004537,0.946705,-0.274656,0.956486,0.09814,-0.906329,-0.291627,0.305588,0.024938,-0.007138,-0.006792,-0.033258,0.156908,-0.228957,0.535863,0.017549,0.039292,-0.007376,-0.272607,0.045237,0.961061,0.196274,-0.975272,0.10158,0.941892,0.216323,0.256988,0.012418,-0.004022,-0.003719,-0.049056,-0.335009,0.460834,0.522079,0.061104,0.028262,-0.056158,-0.496954,0.143638,-0.855805,-0.615682,-0.753351,0.231075,-0.611532,0.641739,0.462816,0.013281,-0.01692,0.021009,-0.404588,-0.494566,-0.693175,-0.820228
1366,0.093564,0.009009,0.370265,-0.466131,0.035865,-0.884015,-0.644464,-0.698321,0.311427,-0.605583,0.714834,0.349726,0.003132,0.003221,0.018881,-0.307647,-0.129544,-0.444663,-1.907101,-0.203137,0.033116,0.338908,0.31894,-0.015116,0.94765,-0.238188,0.966458,0.095702,-0.917681,-0.256232,0.30343,0.025322,-0.0034,-0.004099,-0.008211,0.095604,-0.130702,0.535808,0.018122,0.039168,-0.007467,-0.268627,0.055415,0.961648,0.15907,-0.982084,0.101027,0.950018,0.180109,0.254999,0.019291,-0.006775,0.001876,-0.042837,0.082685,-0.103098,0.521915,0.061441,0.028039,-0.055664,-0.500888,0.13352,-0.85515,-0.624954,-0.739339,0.250617,-0.598784,0.659961,0.45377,0.007945,-0.000202,0.008188,-0.673223,-0.24229,-0.207083,-0.828229
1367,0.093943,0.009138,0.370671,-0.469844,0.025396,-0.882409,-0.656782,-0.677952,0.330136,-0.58927,0.73463,0.336314,0.014327,-0.005828,0.012464,-0.220686,-0.281463,-0.54543,-1.907088,-0.201661,0.032929,0.33882,0.322333,-0.031668,0.946092,-0.221593,0.9691,0.108056,-0.920654,-0.244447,0.304146,0.038237,-0.002528,-0.004309,-0.119245,0.470469,0.20064,0.536711,0.018856,0.039078,-0.007508,-0.272272,0.070529,0.959631,0.142885,-0.983289,0.112808,0.951551,0.167832,0.257645,0.012711,-0.001198,-0.001708,-0.127105,0.43927,0.366365,0.523058,0.061629,0.028114,-0.055454,-0.504317,0.122745,-0.85475,-0.636924,-0.721264,0.27222,-0.583087,0.681697,0.441925,0.000921,0.003197,0.002292,-0.237594,-0.49389,-0.471378,-0.839169
1368,0.094017,0.00924,0.370769,-0.470163,0.010771,-0.88254,-0.658711,-0.669805,0.342686,-0.58686,0.742441,0.323115,0.00188,0.00647,0.004653,-0.318032,-0.607675,-0.723496,-1.906537,-0.200963,0.032875,0.338734,0.323327,-0.042809,0.945314,-0.204173,0.972242,0.113983,-0.92433,-0.229817,0.304403,0.038157,-0.003525,-0.005049,-0.065965,0.224772,0.238421,0.536845,0.019205,0.039054,-0.007548,-0.271208,0.082638,0.958966,0.125733,-0.984728,0.120417,0.954272,0.153232,0.256676,0.019131,-0.00112,-0.002072,-0.115571,0.463814,0.183994,0.522895,0.061669,0.028155,-0.055406,-0.504808,0.110119,-0.856178,-0.638599,-0.714993,0.284562,-0.580826,0.690404,0.431256,0.000723,0.002508,0.001796,-0.178166,-0.36668,-0.411697,-0.837863
1369,0.093996,0.009727,0.370746,-0.469335,-0.015219,-0.882914,-0.663133,-0.654167,0.363721,-0.582532,0.756214,0.298034,0.002448,0.015919,-0.005075,-1.808748,-0.246087,-0.137246,-1.906436,-0.19965,0.032782,0.338507,0.314702,-0.056665,0.947493,-0.198792,0.972095,0.124285,-0.928461,-0.227405,0.293444,0.038064,-0.004905,-0.006082,-0.083994,0.277492,0.309047,0.537167,0.019861,0.039011,-0.00766,-0.26082,0.096059,0.960596,0.121054,-0.983928,0.131261,0.957767,0.150519,0.244999,0.012403,0.002979,-0.006722,-0.093002,0.507309,0.17472,0.521915,0.061657,0.028394,-0.055414,-0.503894,0.083312,-0.859737,-0.641015,-0.703211,0.307557,-0.578955,0.706081,0.407748,-0.004769,0.014761,-0.005888,-4.986793,1.499947,1.449081,-0.8377
1370,0.093882,0.010433,0.370398,-0.468607,-0.032722,-0.882826,-0.667842,-0.641038,0.378192,-0.577724,0.766851,0.279645,0.001154,0.011452,-0.008273,-0.085804,-0.205942,-0.303847,-1.907218,-0.198675,0.03265,0.338162,0.294912,-0.082669,0.951937,-0.165506,0.976722,0.136216,-0.94138,-0.19763,0.273149,0.025044,-0.007754,-0.007349,0.338016,0.551635,0.51186,0.537199,0.020364,0.038944,-0.007834,-0.238491,0.120516,0.963637,0.088291,-0.985469,0.145097,0.967122,0.119684,0.224385,0.01251,-0.003995,-0.00377,0.332728,0.577055,0.532987,0.523222,0.061602,0.028753,-0.055584,-0.50243,0.064061,-0.86224,-0.646302,-0.69026,0.325319,-0.574331,0.720718,0.38821,-0.005547,0.012139,-0.007844,-0.038073,-0.200756,-0.314956,-0.844721
1371,0.093711,0.010651,0.370268,-0.46867,-0.038615,-0.882555,-0.670481,-0.634939,0.383771,-0.574612,0.771644,0.272788,-0.012169,0.013094,-0.007222,-0.101029,-0.328213,-0.180432,-1.906906,-0.198295,0.032531,0.337976,0.284552,-0.09071,0.954355,-0.160961,0.976809,0.140957,-0.945336,-0.19362,0.262133,0.012128,-0.009058,-0.007473,-0.095417,0.421076,0.052624,0.537354,0.020549,0.038889,-0.007923,-0.226846,0.128336,0.965438,0.083897,-0.98502,0.150652,0.97031,0.115172,0.212681,0.012464,-0.00474,-0.004323,-0.092981,0.403928,0.080297,0.523548,0.061521,0.02886,-0.055651,-0.502714,0.058913,-0.862442,-0.648692,-0.685146,0.331318,-0.57138,0.726018,0.382649,-0.006129,0.006378,-0.003731,-0.14246,-0.316321,-0.396523,-0.846517
1372,0.093136,0.010946,0.370251,-0.471269,-0.042211,-0.881004,-0.67228,-0.629393,0.389713,-0.570369,0.775993,0.269336,-0.025681,0.006577,0.00445,-0.015419,-0.002367,-0.075433,-1.907185,-0.19771,0.032253,0.337598,0.256046,-0.113534,0.95997,-0.135552,0.978998,0.152059,-0.957364,-0.168928,0.234053,0.012095,-0.009855,-0.008086,0.268002,0.941679,0.473786,0.537319,0.020841,0.038748,-0.008114,-0.198447,0.146781,0.969058,0.05922,-0.98512,0.16134,0.97832,0.089405,0.186802,0.012464,-0.005143,-0.004646,1.530559,0.604271,0.450093,0.523222,0.061237,0.029004,-0.055668,-0.505103,0.054663,-0.861325,-0.650217,-0.680358,0.338125,-0.567527,0.730837,0.379194,-0.00627,0.002154,0.001484,0.006884,0.018972,-0.02721,-0.847824
1373,0.092634,0.011013,0.370345,-0.473221,-0.034104,-0.880309,-0.682815,-0.617193,0.390907,-0.556071,0.786115,0.269882,-0.013054,0.002565,0.001703,-0.000987,0.014709,-0.029556,-1.907293,-0.197396,0.031908,0.33698,0.221635,-0.131591,0.966206,-0.09347,0.983373,0.155488,-0.970849,-0.124619,0.204417,-0.001769,-0.006362,-0.020873,5.147051,1.918735,1.330212,0.537699,0.021004,0.038582,-0.008412,-0.163579,0.160744,0.973346,0.02235,-0.985778,0.166553,0.986276,0.048999,0.157659,0.005734,-0.009262,-0.007257,-0.105421,0.49623,0.069569,0.521262,0.060982,0.02904,-0.055619,-0.507214,0.063065,-0.859509,-0.660825,-0.668649,0.340906,-0.55321,0.740898,0.380823,-0.006538,0.001247,0.000833,-0.000659,0.015985,-0.027765,-0.844884
1374,0.092126,0.01087,0.370707,-0.472704,-0.03944,-0.880364,-0.683147,-0.614669,0.394288,-0.556103,0.787847,0.264713,-0.013125,-0.005121,0.01267,-0.093936,-0.105812,-0.11638,-1.907537,-0.197455,0.031456,0.336207,0.190637,-0.147686,0.970483,-0.050562,0.985777,0.160064,-0.980529,-0.079411,0.17922,-0.001924,-0.008322,-0.022419,0.344495,0.283824,0.706956,0.537678,0.020975,0.038359,-0.008797,-0.127715,0.173846,0.976455,-0.024172,-0.984771,0.172164,0.991515,-0.001615,0.129973,-0.000869,-0.004552,-0.011717,5.205277,1.83208,1.106136,0.521426,0.060731,0.028968,-0.055451,-0.506618,0.057943,-0.86022,-0.661125,-0.666525,0.344467,-0.553399,0.743227,0.375981,-0.006622,-0.002749,0.006209,-0.124271,-0.273835,0.021544,-0.846027
1375,0.091904,0.010842,0.370945,-0.473043,-0.039391,-0.880184,-0.683324,-0.614226,0.394672,-0.555597,0.788196,0.264738,-0.011575,0.007544,0.005261,-0.001988,0.012338,-0.030769,-1.90695,-0.197548,0.031178,0.335821,0.17744,-0.151338,0.972421,-0.034681,0.986479,0.159972,-0.983675,-0.061934,0.168553,-0.001674,-0.022005,-0.016427,1.532955,0.699835,0.266809,0.537598,0.020927,0.038218,-0.008997,-0.114731,0.179111,0.977116,-0.040036,-0.983645,0.175607,0.992589,-0.018972,0.120026,-0.000969,-0.005692,-0.012609,5.305928,1.477319,0.766576,0.521426,0.06061,0.028949,-0.055323,-0.506957,0.057651,-0.86004,-0.66123,-0.666084,0.345117,-0.552963,0.743644,0.375796,-0.00573,0.003986,0.002791,0.007694,0.029545,-0.02249,-0.85011
1376,0.091612,0.010982,0.371337,-0.473411,-0.033642,-0.880225,-0.690957,-0.605606,0.394703,-0.545767,0.795095,0.264555,0.002273,0.007612,0.005433,-0.0111,-0.008052,0.029083,-1.907238,-0.197842,0.030689,0.334661,0.164776,-0.155087,0.974057,-0.01784,0.986879,0.160264,-0.986309,-0.043605,0.158606,-0.016034,-0.006267,-0.036544,0.534657,0.248314,-0.138905,0.537815,0.020787,0.037976,-0.009552,-0.101705,0.18205,0.978015,-0.056725,-0.982574,0.176999,0.993195,-0.037476,0.110259,-0.001416,-0.002967,-0.018809,5.443195,1.005183,0.650093,0.521426,0.060463,0.029016,-0.055129,-0.507442,0.063536,-0.859339,-0.66894,-0.657674,0.346385,-0.543158,0.750617,0.376233,-0.005847,-0.000148,0.008057,-0.074157,0.037095,-0.006498,-0.851906
1377,0.091344,0.011235,0.371811,-0.472756,-0.03902,-0.880354,-0.691138,-0.603351,0.397828,-0.546105,0.79657,0.25937,-0.009961,0.012843,0.009003,-0.094922,-0.222895,-0.118329,-1.907347,-0.197961,0.030215,0.333134,0.145362,-0.15724,0.976799,0.035192,0.987436,0.153832,-0.988869,0.012195,0.147825,-0.003772,-0.014657,-0.044039,0.065321,0.303033,-0.421991,0.53806,0.020721,0.037737,-0.010341,-0.081781,0.182223,0.97985,-0.111755,-0.978619,0.172666,0.990364,-0.095383,0.100397,-0.001911,-0.007806,-0.022354,0.069683,0.279466,-0.458578,0.521589,0.06033,0.029147,-0.054889,-0.506754,0.058569,-0.860098,-0.669119,-0.655801,0.349575,-0.543579,0.752657,0.371519,-0.004945,0.006566,0.004606,-0.119446,-0.26578,-0.139016,-0.847987
1378,0.091188,0.011332,0.372198,-0.469894,-0.04116,-0.881788,-0.692596,-0.602142,0.397122,-0.54673,0.797379,0.255537,-0.009709,0.006206,0.020689,-0.102397,-0.155902,-0.076553,-1.907312,-0.197982,0.029841,0.332202,0.133057,-0.153336,0.979171,0.046722,0.987782,0.148452,-0.990108,0.026172,0.137349,-0.004267,-0.020843,-0.049003,0.132077,1.701837,-2.304322,0.53787,0.02071,0.037554,-0.010804,-0.069916,0.178125,0.98152,-0.123481,-0.977906,0.168673,0.98988,-0.109406,0.090367,-0.002206,-0.010984,-0.024893,0.144446,1.64302,-2.331258,0.523222,0.060251,0.029191,-0.054699,-0.503818,0.056325,-0.86197,-0.670625,-0.654455,0.349212,-0.544452,0.753999,0.3675,-0.004802,0.003309,0.010496,-0.106241,-0.159202,-0.084988,-0.845864
1379,0.091063,0.011685,0.373035,-0.466734,-0.043112,-0.883372,-0.697964,-0.595478,0.397774,-0.542604,0.80227,0.248942,0.00466,0.008095,0.022075,-0.086778,-0.032122,-0.19962,-1.907146,-0.198131,0.028863,0.330137,0.118754,-0.147661,0.981878,0.065114,0.987861,0.140803,-0.99087,0.047381,0.125677,0.008201,-0.027741,-0.05583,0.065051,0.050867,-0.05629,0.537605,0.020632,0.037071,-0.011818,-0.055873,0.170409,0.983788,-0.142092,-0.976655,0.161104,0.988275,-0.130787,0.078783,-0.00267,-0.008844,-0.03184,0.102265,0.041558,-0.12112,0.523058,0.060187,0.029365,-0.054288,-0.50064,0.054601,-0.863931,-0.676038,-0.648003,0.350802,-0.540677,0.759677,0.361329,-0.004104,0.005604,0.012081,-0.09159,-0.131263,-0.06417,-0.844231
1380,0.091123,0.012164,0.373824,-0.467163,-0.040152,-0.883285,-0.701968,-0.590566,0.398052,-0.537046,0.806041,0.248809,-0.008239,0.010965,0.023888,-0.034169,0.005856,0.005544,-1.907454,-0.198159,0.028094,0.327689,0.115089,-0.143385,0.982948,0.074115,0.98796,0.135555,-0.990665,0.057413,0.12308,-0.005416,-0.017557,-0.064361,0.110284,-0.055612,0.070053,0.5378,0.020622,0.036675,-0.013045,-0.052834,0.165589,0.984778,-0.151268,-0.976102,0.156014,0.987079,-0.140722,0.076619,0.003664,-0.003114,-0.036455,0.137678,0.007408,-0.020365,0.523059,0.060224,0.029609,-0.05389,-0.501215,0.057525,-0.863408,-0.679969,-0.643296,0.351867,-0.535186,0.763452,0.361546,0.002371,0.004234,0.011123,-0.032006,-0.006667,0.036223,-0.845211
1381,0.091137,0.012378,0.37429,-0.466499,-0.042685,-0.883517,-0.702446,-0.589155,0.399297,-0.537,0.806946,0.24596,0.005317,0.010315,0.023483,-0.210361,-0.429249,-0.177158,-1.907329,-0.198102,0.027907,0.326304,0.109488,-0.14001,0.984073,0.093722,0.987025,0.130119,-0.989632,0.07814,0.119937,0.00726,-0.006519,-0.073551,5.587493,0.646923,0.760612,0.537747,0.020646,0.036575,-0.013735,-0.048349,0.161105,0.985752,-0.165166,-0.974609,0.151183,0.985079,-0.155503,0.07373,0.003668,-0.003185,-0.036691,0.137346,0.06783,-0.104802,0.522895,0.060225,0.029714,-0.053658,-0.500961,0.05735,-0.863566,-0.680459,-0.642673,0.352058,-0.534801,0.76399,0.360979,-0.003716,0.006846,0.012872,-0.242709,-0.488307,-0.243989,-0.843415
1382,0.091119,0.012871,0.375387,-0.465782,-0.039378,-0.884048,-0.707314,-0.583772,0.398608,-0.531207,0.811013,0.245162,0.006416,0.013995,0.025899,-0.036748,-0.007223,0.0361,-1.906697,-0.197962,0.027801,0.323412,0.095057,-0.126445,0.987404,0.097546,0.988263,0.11728,-0.990735,0.085309,0.105019,-0.006098,0.007832,-0.078612,0.153463,0.140756,-0.008166,0.537544,0.020718,0.036514,-0.015213,-0.033801,0.147166,0.988533,-0.1755,-0.974603,0.139091,0.983898,-0.168787,0.05877,-0.002999,0.003994,-0.03923,0.156892,0.107258,-0.014396,0.522079,0.060216,0.029959,-0.053111,-0.499898,0.058385,-0.864113,-0.685349,-0.636677,0.353463,-0.529525,0.768916,0.358288,0.003397,0.007679,0.01342,-0.041758,-0.013295,0.067227,-0.844231
1383,0.091293,0.013439,0.376566,-0.463662,-0.044255,-0.884932,-0.712146,-0.575614,0.401857,-0.526593,0.81658,0.236479,0.00729,0.016973,0.027766,-0.185684,-0.389035,-0.122988,-1.906992,-0.19742,0.028088,0.320592,0.070542,-0.119071,0.990372,0.100676,0.988584,0.111801,-0.992438,0.09195,0.080466,0.021463,0.004805,-0.066269,0.023183,0.713012,0.22178,0.537318,0.02098,0.036645,-0.016607,-0.011887,0.136986,0.990501,-0.17909,-0.974846,0.132671,0.98376,-0.175812,0.03612,0.01055,0.008055,-0.036982,0.055821,0.76111,0.266227,0.522569,0.060303,0.030243,-0.052521,-0.498012,0.055205,-0.86541,-0.690211,-0.629387,0.357042,-0.524968,0.775127,0.351546,0.003192,0.003304,0.018429,-0.350977,-0.514297,-0.42827,-0.846027
1384,0.091249,0.013853,0.377875,-0.463598,-0.052133,-0.884536,-0.712801,-0.571039,0.407186,-0.525763,0.819333,0.228677,-0.006222,0.017415,0.027843,-0.059173,-0.053778,-0.024125,-1.906687,-0.196138,0.028611,0.317941,0.043214,-0.119042,0.991944,0.103119,0.988058,0.114199,-0.993718,0.097483,0.053714,0.034727,0.02123,-0.070879,0.060613,0.65147,0.341183,0.537354,0.021616,0.036904,-0.017928,0.016185,0.13499,0.990714,-0.181195,-0.974042,0.135678,0.983313,-0.181708,0.008694,0.024027,0.010649,-0.035869,0.023271,0.86656,0.548259,0.523222,0.060287,0.030455,-0.051863,-0.497467,0.04526,-0.8663,-0.690677,-0.624892,0.363969,-0.524871,0.779397,0.342124,-0.003416,0.004055,0.018831,-0.064305,-0.004843,0.005903,-0.847497
1385,0.091184,0.014043,0.378534,-0.463172,-0.057401,-0.884433,-0.713225,-0.568252,0.410332,-0.525565,0.820925,0.223362,0.00576,0.004473,0.035168,-0.123602,-0.139136,-0.022181,-1.905978,-0.195342,0.028998,0.316656,0.029351,-0.124613,0.991767,0.104216,0.987125,0.121062,-0.994092,0.099942,0.0407,0.048756,0.013474,-0.061233,-0.02889,1.014209,0.378333,0.537132,0.022009,0.037097,-0.018576,0.029125,0.13894,0.989872,-0.182114,-0.97298,0.141928,0.982845,-0.184403,-0.003035,0.017611,0.013181,-0.033341,0.096423,0.44671,0.230236,0.523548,0.06025,0.030555,-0.051537,-0.497041,0.040214,-0.866794,-0.690992,-0.622562,0.367349,-0.52486,0.781536,0.337226,-0.003194,0.008477,0.013729,-0.082045,-0.122848,-0.059322,-0.851579
1386,0.091163,0.014293,0.379725,-0.457093,-0.064358,-0.887113,-0.719976,-0.558847,0.411458,-0.521679,0.826854,0.210216,-0.008508,0.002269,0.033549,-0.13715,-0.139404,-0.090837,-1.905846,-0.193246,0.029919,0.314366,0.004771,-0.135816,0.990718,0.10635,0.985135,0.134655,-0.994256,0.104871,0.017887,0.06274,0.023302,-0.053924,0.056142,0.493374,0.321598,0.537149,0.023075,0.03756,-0.019747,0.057145,0.149006,0.987183,-0.182983,-0.970485,0.157078,0.981453,-0.189614,-0.028193,0.031444,0.012132,-0.026587,0.05802,0.476464,0.309176,0.523222,0.060244,0.030687,-0.050925,-0.490925,0.033487,-0.870557,-0.697844,-0.613318,0.369937,-0.52154,0.789125,0.324463,-0.004328,0.000949,0.016651,-0.104797,-0.085115,-0.067128,-0.855172
1387,0.091208,0.014306,0.380778,-0.450936,-0.085301,-0.888496,-0.722505,-0.549603,0.419397,-0.523541,0.83117,0.187315,-0.009765,-0.001971,0.030668,-0.328673,-0.597856,-0.315002,-1.906105,-0.190896,0.030949,0.31254,-0.01506,-0.148254,0.98883,0.10228,0.98348,0.149126,-0.994555,0.10355,-0.000903,0.063848,0.021802,-0.037969,0.134625,-0.21998,0.866649,0.53704,0.024226,0.038063,-0.020648,0.078455,0.158993,0.984157,-0.17786,-0.969129,0.170744,0.980923,-0.188438,-0.047755,0.031653,0.016885,-0.022511,0.344997,-1.368259,2.406606,0.521915,0.060269,0.030694,-0.05041,-0.484914,0.014766,-0.874436,-0.700195,-0.605635,0.378063,-0.524007,0.795604,0.30402,0.001786,0.00232,0.009536,-0.429041,-0.898064,-0.398684,-0.850926
1388,0.091224,0.014298,0.381204,-0.44876,-0.098758,-0.888204,-0.723057,-0.543968,0.425744,-0.524649,0.833402,0.173813,0.002894,0.00231,0.017508,-0.337191,-0.721482,-0.345282,-1.906072,-0.189729,0.031535,0.311825,-0.020121,-0.15482,0.987734,0.09177,0.98343,0.156131,-0.995484,0.093961,-0.006833,0.050329,0.039417,-0.039148,-1.535729,-0.025942,0.265287,0.53724,0.024815,0.038348,-0.021007,0.083387,0.165617,0.982657,-0.168842,-0.969487,0.177725,0.982109,-0.180734,-0.05288,0.03218,0.014527,-0.016183,-5.382256,-0.694006,0.487869,0.522079,0.060274,0.030692,-0.050183,-0.482517,0.000828,-0.875885,-0.700586,-0.60055,0.385379,-0.525695,0.799586,0.290356,0.001364,0.000907,0.00859,-0.394147,-0.823211,-0.39402,-0.845374
1389,0.091359,0.014189,0.381911,-0.439333,-0.13892,-0.887543,-0.725577,-0.527656,0.44169,-0.529137,0.838202,0.132128,0.014553,-0.00408,0.013273,-0.466442,-1.05027,-0.466928,-1.905623,-0.187534,0.03278,0.310941,-0.021499,-0.170446,0.985128,0.071287,0.982538,0.17167,-0.997128,0.074113,-0.010223,0.038727,0.029196,-0.012279,0.035741,0.269256,-0.081122,0.53719,0.025897,0.03896,-0.021457,0.085643,0.18141,0.97967,-0.145785,-0.970418,0.192442,0.985602,-0.159302,-0.056663,0.026002,0.014584,-0.006668,0.039924,0.17361,0.092579,0.522242,0.060336,0.030637,-0.049836,-0.472804,-0.038382,-0.88033,-0.702693,-0.586378,0.402965,-0.531674,0.809126,0.250271,0.000794,-0.001024,0.007305,-0.505214,-1.156003,-0.558122,-0.844231
1390,0.091506,0.014048,0.382308,-0.418334,-0.188419,-0.888561,-0.729591,-0.513003,0.452214,-0.540526,0.837696,0.078248,0.000854,0.002868,0.001885,-0.456685,-1.102635,-0.527619,-1.905645,-0.186023,0.033786,0.310946,-0.017357,-0.19652,0.980342,0.04386,0.979345,0.197214,-0.998796,0.04665,-0.009624,0.039664,0.029072,0.004923,0.330215,-1.31301,2.420461,0.537249,0.026673,0.039474,-0.021466,0.084319,0.204714,0.975183,-0.116968,-0.969868,0.213712,0.989549,-0.132085,-0.057833,0.01358,0.009059,0.00686,-0.073265,0.455079,0.239023,0.522405,0.060415,0.030566,-0.049631,-0.451252,-0.087314,-0.888114,-0.706458,-0.5731,0.415296,-0.54524,0.814819,0.196929,-5e-06,-0.00371,0.005534,-0.522969,-1.292743,-0.419244,-0.854355
