frame,MLTx,MLTy,MLTz,MLTR1,MLTR2,MLTR3,MLTR4,MLTR5,MLTR6,MLTR7,MLTR8,MLTR9,MLTTVx,MLTTVy,MLTTVz,MLTRVx,MLTRVy,MLTRVz,MLGA,MRTx,MRTy,MRTz,MRTR1,MRTR2,MRTR3,MRTR4,MRTR5,MRTR6,MRTR7,MRTR8,MRTR9,MRTTVx,MRTTVy,MRTTVz,MRTRVx,MRTRVy,MRTRVz,MRGA,SLTx,SLTy,SLTz,SLTR1,SLTR2,SLTR3,SLTR4,SLTR5,SLTR6,SLTR7,SLTR8,SLTR9,SLTTVx,SLTTVy,SLTTVz,SLTRVx,SLTRVy,SLTRVz,SLGA,SRTx,SRTy,SRTz,SRTR1,SRTR2,SRTR3,SRTR4,SRTR5,SRTR6,SRTR7,SRTR8,SRTR9,SRTTVx,SRTTVy,SRTTVz,SRTRVx,SRTRVy,SRTRVz,SRGA
183,0.161231,-0.04714,0.336998,-0.534827,0.177977,-0.826032,-0.313556,-0.949554,-0.001638,-0.783994,0.257904,0.564683,-0.0,-0.0,-0.0,0.0,0.0,0.0,0.474439,-0.176252,-0.036658,0.30454,-0.358849,-0.730366,0.581192,0.892028,-0.085291,0.443785,-0.274109,0.678596,0.681348,0.000176,0.004971,0.005977,0.36906,-0.406218,-0.228922,-1.403141,0.039886,0.025091,-0.017563,0.380593,0.71795,0.582834,-0.888731,0.109806,0.445083,0.255548,-0.687379,0.679856,0.008149,-0.002991,0.006487,-0.04586,-0.000129,0.01843,-0.892344,0.07895,0.018896,-0.049471,0.555272,-0.146763,-0.818616,0.260072,0.965583,0.003298,0.789958,-0.214731,0.574331,0.007626,-0.000264,-0.000385,0.000971,-0.014727,0.029563,0.448377
184,0.161334,-0.047143,0.336993,-0.534687,0.17814,-0.826088,-0.313657,-0.94952,-0.001807,-0.784049,0.257915,0.564601,-0.0,-0.0,-0.0,0.0,0.0,0.0,0.475056,-0.176075,-0.036581,0.304665,-0.359298,-0.730539,0.580698,0.891801,-0.085709,0.444162,-0.274259,0.678358,0.681525,0.015516,0.005472,0.005175,0.009204,-0.035347,0.050424,-1.403498,0.039975,0.025131,-0.017499,0.379403,0.719667,0.581491,-0.889458,0.11063,0.443423,0.254786,-0.685448,0.682087,0.007753,0.002694,0.002531,-0.012454,-0.01898,0.059434,-0.890221,0.079002,0.018894,-0.049474,0.555142,-0.146934,-0.818673,0.260178,0.965555,0.00313,0.790015,-0.214738,0.57425,-1e-06,4e-06,1e-06,-1.3e-05,-1.5e-05,1e-05,0.44952
185,0.161563,-0.047181,0.336995,-0.534329,0.178564,-0.826228,-0.313981,-0.949412,-0.002197,-0.784164,0.258018,0.564394,0.015161,-0.001558,-0.001859,0.000984,-0.014715,0.029553,0.476072,-0.175756,-0.036385,0.304903,-0.35827,-0.732204,0.579233,0.892453,-0.086654,0.442665,-0.273482,0.676439,0.68374,0.015496,0.005331,0.004988,0.003288,-0.016527,0.028389,-1.403002,0.040134,0.025229,-0.017379,0.378473,0.721313,0.580056,-0.890045,0.111555,0.442012,0.254121,-0.683566,0.684222,0.007746,0.002696,0.002524,-0.008544,-0.006988,0.033462,-0.885813,0.079111,0.018878,-0.04947,0.554825,-0.147359,-0.818813,0.260501,0.96547,0.002763,0.790132,-0.214834,0.574053,-5.5e-05,-0.000601,-0.00064,-0.000891,0.012581,-0.025912,0.451479
186,0.161755,-0.047227,0.336973,-0.534139,0.178787,-0.826302,-0.314159,-0.949353,-0.002396,-0.784222,0.258082,0.564285,0.015198,-0.001166,-0.001447,0.000984,-0.014715,0.029553,0.475823,-0.175471,-0.03617,0.305184,-0.355654,-0.73251,0.580457,0.894194,-0.086271,0.439213,-0.271209,0.676157,0.684924,0.000201,0.006151,0.007354,0.002257,-0.014912,0.024566,-1.402904,0.040277,0.025332,-0.017244,0.375861,0.721656,0.581326,-0.891794,0.111189,0.438566,0.251857,-0.683263,0.68536,9.3e-05,0.002953,0.003525,-0.00654,-0.010016,0.030008,-0.885976,0.079207,0.018853,-0.049483,0.554649,-0.147591,-0.818889,0.260685,0.96542,0.002566,0.790194,-0.214896,0.573944,-3.5e-05,-0.000399,-0.000426,-5e-06,-0.0,9e-06,0.452133
187,0.161874,-0.047347,0.336905,-0.534108,0.178827,-0.826313,-0.314266,-0.949317,-0.002378,-0.7842,0.258184,0.564268,-0.000279,-0.003136,-0.003328,-0.000874,0.012579,-0.025914,0.475622,-0.175221,-0.036112,0.305587,-0.355757,-0.732533,0.580366,0.893993,-0.08598,0.439681,-0.271737,0.67617,0.684702,0.016286,-0.005497,0.013502,-0.034401,-0.004707,0.011003,-1.402686,0.040396,0.025371,-0.017047,0.376036,0.721635,0.581238,-0.891571,0.110929,0.439085,0.252383,-0.683327,0.685102,8.1e-05,0.002724,0.003244,0.001932,-0.014069,0.025355,-0.886139,0.079272,0.018797,-0.049513,0.554593,-0.147669,-0.818913,0.260816,0.965384,0.002551,0.79019,-0.215001,0.57391,-0.000106,-0.001213,-0.001285,2e-06,1.7e-05,1.2e-05,0.452296
188,0.161915,-0.047453,0.336867,-0.532507,0.180384,-0.827008,-0.314262,-0.949309,-0.004772,-0.785291,0.257126,0.563233,-0.00031,-0.003484,-0.0037,0.0,-0.0,0.0,0.475149,-0.175114,-0.036185,0.305829,-0.354495,-0.731301,0.582687,0.894785,-0.084651,0.438324,-0.270781,0.677669,0.683598,0.000975,-0.005896,0.014428,-0.028584,0.011515,-0.008398,-1.403009,0.040456,0.025331,-0.016922,0.374727,0.720413,0.583595,-0.892407,0.109603,0.437717,0.251373,-0.68483,0.683972,0.00813,-0.002922,0.006536,-0.014086,0.046792,-0.038659,-0.886629,0.079292,0.018743,-0.049533,0.553091,-0.149308,-0.819631,0.260834,0.965383,0.000153,0.791236,-0.213873,0.57289,-0.000188,-0.002121,-0.002254,-0.0021,0.013673,-0.027654,0.452296
189,0.162014,-0.047783,0.336787,-0.52854,0.182229,-0.829146,-0.308836,-0.951022,-0.012211,-0.790109,0.249383,0.559966,-0.000373,-0.015918,0.003249,-0.035575,0.022996,-0.043607,0.47368,-0.174794,-0.036495,0.306447,-0.363275,-0.72709,0.582549,0.893217,-0.094257,0.43956,-0.264238,0.680925,0.682923,0.017099,-0.016529,0.021788,-0.070848,0.005653,-0.007315,-1.402877,0.040609,0.02518,-0.016616,0.383444,0.715964,0.583409,-0.890549,0.11924,0.438979,0.244728,-0.687879,0.683323,0.000488,-0.002617,0.007599,-0.034579,-0.004018,0.006701,-0.884506,0.079342,0.018586,-0.049572,0.549192,-0.151444,-0.821858,0.255407,0.966804,-0.007482,0.79571,-0.205799,0.569641,0.007482,-0.00786,0.001624,-0.022018,-0.096267,0.199511,0.451479
190,0.162146,-0.048235,0.336742,-0.519808,0.189263,-0.833081,-0.304451,-0.952147,-0.026412,-0.797573,0.239662,0.553594,-0.000514,-0.005817,-0.006204,1.808637,-1.328477,1.934942,0.470463,-0.174413,-0.03684,0.307114,-0.372474,-0.719804,0.585779,0.893546,-0.107942,0.435727,-0.249944,0.686609,0.682612,0.001791,-0.016995,0.022636,-0.068884,0.017762,-0.038055,-1.402518,0.040806,0.025009,-0.016282,0.392347,0.708491,0.586603,-0.890559,0.133027,0.434979,0.230145,-0.693068,0.683146,0.008145,-0.002354,0.007198,-0.045941,-0.011705,0.0463,-0.885813,0.079408,0.018352,-0.049595,0.542593,-0.157205,-0.825153,0.251598,0.967647,-0.018911,0.80143,-0.197346,0.564591,0.00739,-0.008931,0.000468,1.355623,0.053395,-0.950072,0.449357
191,0.162216,-0.048538,0.336736,-0.515375,0.193963,-0.834753,-0.305466,-0.951631,-0.032591,-0.800062,0.237944,0.550736,-0.000491,-0.017318,0.001732,1.352072,-1.228207,1.987737,0.467257,-0.174148,-0.037016,0.307444,-0.384249,-0.71202,0.587683,0.892063,-0.122638,0.434875,-0.23709,0.692232,0.681517,0.017102,-0.016588,0.021691,0.903766,0.72658,1.122718,-1.402476,0.040933,0.024921,-0.016116,0.402714,0.700993,0.588582,-0.888875,0.146034,0.434252,0.218454,-0.698055,0.681906,0.008086,-0.0023,0.007087,3.204908,2.381694,3.813233,-0.88369,0.079443,0.018199,-0.0496,0.53733,-0.163249,-0.82742,0.252268,0.967279,-0.027019,0.804758,-0.194214,0.560931,-0.000222,-0.008713,0.000794,1.35045,-1.224117,1.981682,0.446091
192,0.16231,-0.049191,0.336734,-0.510211,0.199584,-0.836598,-0.307499,-0.95072,-0.03934,-0.802593,0.236928,0.547483,-0.000665,-0.007554,-0.008093,-0.000879,0.012498,-0.025954,0.461595,-0.173537,-0.037368,0.308081,-0.413232,-0.691971,0.591952,0.886415,-0.1571,0.435343,-0.207735,0.705469,0.677513,0.016271,-0.005731,0.013149,0.238578,0.222042,0.388616,-1.402567,0.041238,0.02474,-0.015795,0.432146,0.679429,0.592979,-0.881982,0.181327,0.435002,0.18803,-0.710982,0.677604,0.008118,-0.003141,0.00624,0.953999,0.730105,1.157752,-0.883853,0.07949,0.017881,-0.049599,0.532084,-0.169623,-0.829525,0.254379,0.96649,-0.034463,0.807574,-0.192677,0.557403,-0.000263,-0.008867,0.000631,-0.039036,0.025783,-0.048306,0.439559
193,0.162301,-0.04983,0.336763,-0.509387,0.198735,-0.837302,-0.303,-0.952063,-0.041702,-0.804824,0.232206,0.546229,-0.000458,-0.01696,0.002072,-0.036598,0.023713,-0.045184,0.458397,-0.172864,-0.037675,0.308617,-0.470399,-0.645194,0.602031,0.868758,-0.219326,0.443947,-0.153806,0.732649,0.662897,0.016256,-0.006316,0.012439,0.672301,1.077681,1.37937,-1.402526,0.041568,0.024589,-0.015532,0.483667,0.63465,0.602731,-0.864443,0.238493,0.442558,0.137122,-0.735078,0.66397,0.008122,-0.003255,0.006109,-0.302262,0.791777,0.717566,-0.879607,0.079486,0.017563,-0.049591,0.53115,-0.168919,-0.830267,0.249885,0.967568,-0.036993,0.80959,-0.187823,0.556134,-0.000208,-0.008242,0.001292,-0.036271,0.011511,-0.019429,0.434007
194,0.162229,-0.050412,0.336854,-0.509738,0.196464,-0.837624,-0.297668,-0.953704,-0.042607,-0.806587,0.227365,0.545664,-0.000364,-0.015863,0.003238,-0.033224,0.02064,-0.040256,0.455492,-0.172182,-0.037869,0.308966,-0.532961,-0.584553,0.611753,0.841171,-0.288604,0.457245,-0.090067,0.759004,0.644721,0.016225,-0.007672,0.010822,0.499436,1.311478,1.450553,-1.402557,0.041915,0.024491,-0.015351,0.547264,0.570599,0.612306,-0.834061,0.310968,0.455676,0.0696,-0.760076,0.646096,0.015232,0.002196,0.000978,2.921087,3.141518,4.136263,-0.891691,0.079449,0.017265,-0.049545,0.531369,-0.166635,-0.830589,0.244478,0.96891,-0.037981,0.811095,-0.182879,0.555588,-0.000157,-0.007629,0.001948,-0.028583,0.016146,-0.032637,0.430088
195,0.1622,-0.050672,0.336925,-0.510119,0.196037,-0.837492,-0.297907,-0.953663,-0.041837,-0.806258,0.227903,0.545927,-0.000213,-0.014149,0.00508,-0.035719,0.011214,-0.01923,0.453866,-0.171815,-0.037935,0.30911,-0.566176,-0.546861,0.616748,0.822641,-0.329109,0.463555,-0.049819,0.77049,0.635395,0.015377,0.003545,0.002717,3.306918,3.203667,4.162806,-1.402641,0.042099,0.024453,-0.015278,0.577386,0.534083,0.617559,-0.815812,0.347011,0.462637,0.032787,-0.770932,0.636071,0.008099,-0.004109,0.005076,0.418429,1.369748,1.457132,-0.898386,0.079435,0.017137,-0.049515,0.531744,-0.166168,-0.830443,0.244703,0.968884,-0.037183,0.810782,-0.18344,0.55586,-0.000172,-0.001928,-0.002076,-0.000902,0.00052,-0.000703,0.428456
196,0.162194,-0.051114,0.337088,-0.509126,0.19699,-0.837873,-0.298231,-0.953509,-0.043023,-0.806766,0.227724,0.545249,-0.000246,-0.002774,-0.002994,-0.000885,0.012389,-0.026005,0.451205,-0.170999,-0.038112,0.309367,-0.60873,-0.481396,0.630633,0.7932,-0.380658,0.475256,0.012025,0.790111,0.612734,0.015331,0.00147,0.000255,3.067087,3.876113,3.037484,-1.402491,0.042501,0.024371,-0.015148,0.620131,0.469131,0.628771,-0.783987,0.399507,0.475139,-0.028297,-0.787597,0.615539,0.015773,-0.004301,0.00412,-0.293238,0.395388,0.086326,-0.905734,0.079431,0.016906,-0.049428,0.530832,-0.167151,-0.830829,0.245078,0.968746,-0.038312,0.811266,-0.183281,0.555206,-0.000115,-0.001258,-0.00136,-0.002758,0.013857,-0.02829,0.424536
197,0.162205,-0.05141,0.337272,-0.506024,0.200182,-0.838994,-0.298526,-0.953206,-0.047445,-0.808608,0.226198,0.543151,-4.7e-05,-0.000532,-0.000574,0.0,-0.0,0.0,0.449395,-0.170148,-0.038303,0.309636,-0.640716,-0.42142,0.641779,0.763969,-0.432068,0.479168,0.076156,0.797826,0.597944,0.03154,-0.007713,0.009239,0.195663,0.452342,0.264146,-1.402215,0.042926,0.024273,-0.015017,0.652158,0.401871,0.642797,-0.751661,0.452921,0.479445,-0.098461,-0.79584,0.597447,0.008119,-0.004061,0.005121,1.058665,1.03341,1.013177,-0.910633,0.079437,0.016758,-0.049337,0.527927,-0.170512,-0.831995,0.245455,0.968465,-0.042731,0.813045,-0.181659,0.553132,4.2e-05,-0.005354,0.004397,-0.037669,0.012777,-0.021762,0.421434
198,0.162206,-0.051503,0.337356,-0.504429,0.201824,-0.839561,-0.298599,-0.953065,-0.049767,-0.809579,0.225331,0.542065,-1e-06,-8e-06,-8e-06,0.000304,-0.000271,0.000446,0.448441,-0.16973,-0.038453,0.309803,-0.657251,-0.388104,0.646055,0.745694,-0.458544,0.483334,0.109476,0.799906,0.58994,0.016228,-0.008334,0.00999,0.09616,0.518315,0.283241,-1.402236,0.043141,0.024198,-0.014934,0.667612,0.368466,0.646935,-0.732738,0.479086,0.483291,-0.131862,-0.796686,0.589833,0.015769,-0.0044,0.003964,0.838568,1.114384,1.003728,-0.909653,0.079437,0.016712,-0.049295,0.526414,-0.172263,-0.832593,0.245567,0.96833,-0.045085,0.813992,-0.180724,0.552045,2e-06,7.3e-05,8e-05,-0.002853,0.002374,-0.003819,0.419638
199,0.162208,-0.051635,0.337488,-0.504524,0.20174,-0.839525,-0.298931,-0.952979,-0.04942,-0.809397,0.22577,0.542154,1.1e-05,0.000123,0.000132,0.0,-0.0,0.0,0.44749,-0.168977,-0.038811,0.310254,-0.675051,-0.335239,0.6572,0.720355,-0.491408,0.489429,0.159715,0.804215,0.572357,0.017138,-0.018271,0.019579,-0.54317,0.613557,0.140502,-1.402165,0.043524,0.024015,-0.014706,0.683561,0.31628,0.657807,-0.70668,0.512266,0.488044,-0.182614,-0.798467,0.573674,0.008576,-0.009084,0.009844,-0.490564,0.560106,0.115417,-0.891528,0.079439,0.016648,-0.049227,0.526539,-0.172135,-0.832541,0.245907,0.968263,-0.044673,0.813809,-0.181206,0.552158,5e-06,8.5e-05,9e-05,-0.000138,3.6e-05,-4.8e-05,0.417025
200,0.162209,-0.051712,0.337557,-0.504819,0.201393,-0.839431,-0.298947,-0.953,-0.048922,-0.809207,0.225992,0.542345,0.0,0.0,0.0,0.0,0.0,0.0,0.446113,-0.168381,-0.039027,0.310709,-0.687685,-0.290386,0.6654,0.696751,-0.521149,0.492824,0.204516,0.802877,0.559844,0.016257,-0.00664,0.011951,3.262332,3.3167,3.011394,-1.402037,0.043816,0.023909,-0.014482,0.693532,0.27534,0.665733,-0.685213,0.537476,0.49153,-0.222477,-0.797061,0.561423,0.008137,-0.003006,0.006335,-0.415632,0.516845,0.141,-0.887445,0.079439,0.016614,-0.049195,0.526804,-0.171784,-0.832446,0.245901,0.968286,-0.044201,0.813639,-0.181414,0.552338,-5e-06,6e-06,6e-06,-6.2e-05,-2.2e-05,5e-05,0.415392
201,0.16222,-0.051726,0.337557,-0.505012,0.201155,-0.839371,-0.298834,-0.953048,-0.048667,-0.809129,0.225999,0.542459,-2e-06,-2.1e-05,-2.2e-05,0.0,0.0,0.0,0.446035,-0.168051,-0.039207,0.311185,-0.695051,-0.250931,0.673742,0.677808,-0.540858,0.497977,0.240302,0.80309,0.545128,0.016274,-0.004715,0.014195,-0.484374,0.597382,0.18823,-1.402251,0.043981,0.023816,-0.014248,0.701239,0.231913,0.67415,-0.662707,0.560663,0.496463,-0.262835,-0.794904,0.546849,0.000481,-0.002865,0.007254,-0.077899,0.195299,-0.090562,-0.884833,0.079445,0.016603,-0.049192,0.526992,-0.171524,-0.83238,0.245797,0.968325,-0.04392,0.813549,-0.181451,0.55246,-4e-06,-2e-06,-1e-06,-5.3e-05,-7e-06,5.5e-05,0.414576
202,0.16223,-0.051738,0.337544,-0.505023,0.201141,-0.839368,-0.298826,-0.953052,-0.048652,-0.809125,0.225998,0.542466,-7.9e-05,-0.000896,-0.000968,0.0,0.0,0.0,0.44587,-0.167979,-0.039253,0.311444,-0.696178,-0.238378,0.677128,0.672798,-0.545297,0.499928,0.250926,0.803895,0.539121,0.000964,-0.004398,0.016083,-0.234689,0.310338,-0.031665,-1.402164,0.044023,0.023792,-0.01412,0.702236,0.2176,0.677874,-0.65726,0.564096,0.499804,-0.273629,-0.79652,0.539149,0.000482,-0.002226,0.008003,-0.279253,0.358547,-0.003124,-0.886629,0.07945,0.016598,-0.049197,0.527002,-0.171509,-0.832377,0.245789,0.968328,-0.043905,0.813545,-0.181451,0.552466,-4.5e-05,-0.0005,-0.00054,-4.1e-05,-8e-06,6e-05,0.414412
203,0.162251,-0.051763,0.337517,-0.505137,0.200998,-0.839334,-0.298745,-0.953084,-0.048507,-0.809083,0.225988,0.542532,-4.8e-05,-0.00054,-0.000583,0.0,0.0,0.0,0.445851,-0.167922,-0.039248,0.311923,-0.70239,-0.194352,0.684739,0.64942,-0.568502,0.504968,0.292003,0.799598,0.524633,0.00096,-0.004642,0.015779,3.540303,3.125921,2.848606,-1.401912,0.044051,0.023798,-0.013877,0.706115,0.177689,0.685438,-0.636708,0.582898,0.504808,-0.309841,-0.792878,0.52473,3.6e-05,0.003708,0.004323,-0.262009,0.368136,0.0264,-0.888425,0.07946,0.016585,-0.049211,0.527107,-0.171361,-0.832341,0.245707,0.968355,-0.043762,0.813501,-0.181445,0.552532,-2.7e-05,-0.000331,-0.000358,-3.9e-05,1.1e-05,3.2e-05,0.413923
204,0.162249,-0.051792,0.337485,-0.505204,0.200916,-0.839313,-0.298699,-0.953103,-0.048424,-0.809058,0.225982,0.542571,-0.000108,-0.001216,-0.001314,0.0,0.0,0.0,0.44525,-0.168005,-0.039174,0.312449,-0.70344,-0.162597,0.6919,0.635462,-0.579669,0.510005,0.319017,0.798625,0.510185,7.3e-05,0.007646,0.008896,-0.148834,0.247264,-0.046971,-1.401657,0.04401,0.02383,-0.013612,0.707265,0.141319,0.692679,-0.618975,0.597148,0.51018,-0.341534,-0.789584,0.509815,0.000487,-0.001536,0.008786,-0.184288,0.260525,-0.063104,-0.888099,0.079459,0.016571,-0.049226,0.527169,-0.171276,-0.83232,0.245659,0.968371,-0.043679,0.813476,-0.181441,0.552571,-5.9e-05,-0.00066,-0.000712,-2.1e-05,1e-06,4e-05,0.413269
205,0.162248,-0.051798,0.337478,-0.505309,0.200785,-0.839281,-0.298625,-0.953133,-0.048292,-0.80902,0.225973,0.542632,-1.7e-05,-0.000187,-0.000203,0.0,0.0,0.0,0.444809,-0.168053,-0.039133,0.312709,-0.704892,-0.139235,0.695508,0.622973,-0.590132,0.513403,0.339829,0.795338,0.501813,6.8e-05,0.007038,0.008176,-0.024352,0.770667,0.367133,-1.402277,0.043986,0.023853,-0.01348,0.70795,0.120072,0.69598,-0.606705,0.607855,0.512271,-0.361546,-0.784917,0.503179,0.000462,-0.001966,0.008287,0.746675,1.410538,0.958185,-0.889242,0.079459,0.016566,-0.049232,0.527266,-0.17114,-0.832286,0.245582,0.968397,-0.043548,0.813436,-0.181434,0.552632,-8e-06,-8.8e-05,-9.5e-05,-1.9e-05,-1.3e-05,3.8e-05,0.412943
206,0.162247,-0.05181,0.337465,-0.505335,0.200752,-0.839273,-0.298606,-0.95314,-0.048258,-0.80901,0.22597,0.542648,-5e-06,-5.5e-05,-6e-05,0.0,0.0,0.0,0.445658,-0.168102,-0.03907,0.3132,-0.703916,-0.113806,0.701101,0.611748,-0.598483,0.51722,0.361603,0.793106,0.489989,6.5e-05,0.006747,0.007813,-0.182431,0.291698,-0.020183,-1.402004,0.043962,0.023884,-0.013234,0.706304,0.093023,0.701769,-0.594801,0.615521,0.517054,-0.383856,-0.782611,0.490075,0.000479,-0.002152,0.008054,-0.273119,0.357386,-0.006194,-0.889568,0.079458,0.01656,-0.049238,0.527291,-0.171105,-0.832278,0.245563,0.968403,-0.043514,0.813426,-0.181432,0.552647,-1e-06,-1.1e-05,-1.2e-05,-1.8e-05,3e-06,3.9e-05,0.412616
207,0.162247,-0.051816,0.337459,-0.505349,0.200736,-0.839269,-0.298597,-0.953144,-0.048241,-0.809005,0.225969,0.542656,-0.0,-2e-06,-3e-06,0.0,0.0,0.0,0.445419,-0.168094,-0.039051,0.313635,-0.702827,-0.090664,0.705553,0.600084,-0.60798,0.519802,0.382702,0.788822,0.480793,4.8e-05,0.005046,0.005829,-0.042036,0.040638,0.058547,-1.402062,0.043965,0.023896,-0.013014,0.704414,0.06938,0.706389,-0.582907,0.624396,0.51995,-0.404992,-0.77802,0.480276,0.00047,-0.003163,0.006874,-0.059886,0.130175,-0.176393,-0.890875,0.079458,0.016557,-0.049241,0.527303,-0.171088,-0.832273,0.245553,0.968406,-0.043498,0.813421,-0.181431,0.552655,1e-06,1.3e-05,1.2e-05,-2.5e-05,-1.2e-05,2.7e-05,0.41278
208,0.162258,-0.051817,0.337458,-0.505425,0.20064,-0.839246,-0.298543,-0.953166,-0.048145,-0.808977,0.225962,0.5427,-0.0,-0.0,-0.0,0.0,0.0,0.0,0.445476,-0.1681,-0.039071,0.313977,-0.701808,-0.067397,0.709165,0.587555,-0.617452,0.52294,0.403496,0.783748,0.47201,0.000939,-0.006679,0.013344,-0.1322,0.128716,0.053862,-1.401982,0.043962,0.02389,-0.012846,0.702752,0.046533,0.70991,-0.570144,0.633682,0.522859,-0.425527,-0.772192,0.471852,2.2e-05,0.002373,0.002728,-0.120557,0.216869,-0.066909,-0.884669,0.079464,0.016557,-0.049241,0.527374,-0.170989,-0.832249,0.245497,0.968425,-0.043402,0.813392,-0.181426,0.552699,-5e-06,6e-06,8e-06,-3.2e-05,-2.6e-05,1.5e-05,0.412943
209,0.162258,-0.051817,0.337458,-0.505425,0.20064,-0.839246,-0.298543,-0.953166,-0.048145,-0.808977,0.225962,0.5427,-0.0,-0.0,-0.0,0.0,0.0,0.0,0.44523,-0.168093,-0.039065,0.314141,-0.701497,-0.056893,0.710392,0.580959,-0.622798,0.523969,0.413484,0.78033,0.46902,0.000946,-0.00587,0.014272,-0.069542,0.119616,-0.150263,-1.401727,0.043966,0.02389,-0.012767,0.7022,0.0357,0.711083,-0.563282,0.638708,0.524179,-0.435461,-0.76862,0.46861,1.9e-05,0.002158,0.002478,0.013109,-0.018753,0.022963,-0.883363,0.079464,0.016557,-0.049241,0.527374,-0.170989,-0.832249,0.245497,0.968424,-0.043402,0.813392,-0.181426,0.552699,-5e-06,4e-06,7e-06,-2.9e-05,-2.3e-05,1.8e-05,0.413106
210,0.162247,-0.05181,0.337465,-0.505427,0.200638,-0.839245,-0.298542,-0.953166,-0.048143,-0.808976,0.225962,0.542702,0.0,2e-06,2e-06,0.0,0.0,0.0,0.445513,-0.168065,-0.039095,0.314469,-0.700907,-0.033331,0.712468,0.566892,-0.632045,0.528286,0.433567,0.7742,0.460973,0.000933,-0.007181,0.012755,-0.191368,0.204157,0.099578,-1.401652,0.04398,0.023878,-0.012601,0.700905,0.013014,0.713135,-0.549134,0.647905,0.527892,-0.455174,-0.761609,0.461267,1.7e-05,0.00207,0.002372,-0.226111,0.256135,0.187522,-0.886792,0.079458,0.016561,-0.049237,0.527376,-0.170987,-0.832248,0.245497,0.968425,-0.0434,0.813391,-0.181426,0.552701,-3e-06,-3e-06,-3e-06,-1.9e-05,-1.4e-05,1.9e-05,0.412943
211,0.162247,-0.05181,0.337465,-0.505519,0.200524,-0.839217,-0.298478,-0.953192,-0.048027,-0.808943,0.225953,0.542756,0.0,0.0,0.0,0.0,0.0,0.0,0.444549,-0.16808,-0.039178,0.314818,-0.699388,-0.001602,0.714734,0.545393,-0.647332,0.532393,0.462678,0.762149,0.452681,0.000934,-0.007121,0.012818,0.0479,0.695626,0.22999,-1.401882,0.043972,0.023835,-0.012427,0.698707,-0.017458,0.715195,-0.527481,0.662776,0.531499,-0.483293,-0.748614,0.453877,-3e-06,0.002129,0.002455,0.756832,1.384728,1.088773,-0.892671,0.079458,0.016561,-0.049237,0.527461,-0.170868,-0.832219,0.245429,0.968447,-0.043285,0.813356,-0.18142,0.552754,-2e-06,-0.0,-1e-06,-2.1e-05,-1.2e-05,2e-05,0.412616
212,0.162259,-0.051811,0.337465,-0.505504,0.200543,-0.839222,-0.298488,-0.953188,-0.048046,-0.808948,0.225955,0.542746,0.0,0.0,0.0,0.0,0.0,0.0,0.444293,-0.168115,-0.039214,0.315017,-0.695807,0.010948,0.71814,0.540011,-0.651083,0.533303,0.474263,0.758853,0.446183,0.000946,-0.005769,0.014365,-0.275324,0.364027,0.235105,-1.40219,0.043955,0.023813,-0.012332,0.694611,-0.030314,0.718745,-0.52181,0.66653,0.5324,-0.495205,-0.74486,0.447162,0.000466,-0.003124,0.0069,-0.371727,0.593393,0.387658,-0.894304,0.079464,0.01656,-0.049238,0.527446,-0.170888,-0.832224,0.24544,0.968443,-0.043304,0.813362,-0.181421,0.552745,-1e-06,-1e-06,0.0,-2.1e-05,1e-05,2.1e-05,0.412126
213,0.162259,-0.051811,0.337465,-0.505504,0.200543,-0.839222,-0.298488,-0.953188,-0.048046,-0.808948,0.225955,0.542746,0.0,0.0,0.0,0.0,0.0,0.0,0.444379,-0.168219,-0.039289,0.315416,-0.688987,0.039975,0.723664,0.52459,-0.661281,0.53614,0.500825,0.748958,0.433704,4.4e-05,0.004485,0.005134,-0.297746,0.585054,0.403485,-1.401608,0.043903,0.023774,-0.012126,0.687164,-0.058195,0.724167,-0.506184,0.676665,0.534697,-0.521136,-0.733986,0.435523,0.000466,-0.003398,0.006581,0.260282,0.452342,0.075429,-0.894794,0.079464,0.01656,-0.049238,0.527446,-0.170888,-0.832224,0.24544,0.968443,-0.043304,0.813362,-0.181421,0.552745,-1e-06,-0.0,0.0,-2.2e-05,1.1e-05,2e-05,0.411637
214,0.162248,-0.051804,0.337472,-0.505506,0.200541,-0.839221,-0.298487,-0.953189,-0.048044,-0.808947,0.225955,0.542748,4e-05,0.00045,0.000486,0.0,0.0,0.0,0.444677,-0.168401,-0.039427,0.315812,-0.679451,0.066535,0.730692,0.514425,-0.666741,0.539219,0.523894,0.742163,0.417842,3.6e-05,0.00351,0.004012,-0.301844,0.616621,-0.115915,-1.402389,0.043812,0.023708,-0.011925,0.676604,-0.086013,0.731305,-0.49578,0.681096,0.538804,-0.544433,-0.727124,0.418189,1.3e-05,0.001687,0.00192,-0.366995,0.690154,-0.096212,-0.899692,0.079458,0.016563,-0.049235,0.527448,-0.170885,-0.832223,0.245439,0.968444,-0.043301,0.813361,-0.181421,0.552746,2.2e-05,0.000252,0.000273,-1.4e-05,2.8e-05,3.3e-05,0.4118
215,0.162248,-0.051804,0.337472,-0.505506,0.200541,-0.839221,-0.298487,-0.953189,-0.048044,-0.808947,0.225955,0.542748,1e-06,7e-06,7e-06,0.0,0.0,0.0,0.444364,-0.168495,-0.039498,0.315961,-0.674191,0.084968,0.733647,0.504981,-0.671684,0.542004,0.539659,0.735773,0.408985,2.4e-05,0.002297,0.002623,3.730259,3.496228,2.330029,-1.401419,0.043765,0.023674,-0.011849,0.670983,-0.10316,0.734261,-0.487428,0.684864,0.541641,-0.558744,-0.721332,0.409249,-7.1e-05,0.000963,0.001345,3.656936,3.558167,2.373288,-0.901325,0.079459,0.016564,-0.049234,0.527448,-0.170886,-0.832223,0.24544,0.968444,-0.043302,0.813361,-0.181421,0.552746,-1e-06,-2e-06,-4e-06,-2e-05,-3e-06,9e-06,0.4118
216,0.162259,-0.051805,0.337471,-0.505582,0.200446,-0.839198,-0.298433,-0.95321,-0.047947,-0.808919,0.225948,0.542792,0.0,0.0,0.0,0.0,0.0,0.0,0.443758,-0.168665,-0.039619,0.31614,-0.663498,0.110907,0.739907,0.494539,-0.676934,0.545092,0.562136,0.727428,0.393337,6e-06,0.000522,0.000596,-0.121845,0.240243,-0.087173,-1.40255,0.04368,0.023614,-0.011759,0.659223,-0.131007,0.740446,-0.47551,0.690188,0.545463,-0.582507,-0.711672,0.392693,0.000447,-0.005127,0.004601,-0.138282,0.235089,-0.114466,-0.904591,0.079464,0.016563,-0.049234,0.527519,-0.170786,-0.832199,0.245383,0.968462,-0.043205,0.813332,-0.181416,0.552791,2e-06,-2e-06,-5e-06,-1e-05,4e-06,2.5e-05,0.411473
217,0.162259,-0.051805,0.337471,-0.507348,0.202214,-0.837707,-0.298617,-0.953085,-0.049275,-0.807744,0.224897,0.544975,0.0,0.0,0.0,0.025185,0.122151,0.057014,0.443814,-0.16882,-0.039684,0.316206,-0.652126,0.136612,0.745695,0.483689,-0.682286,0.548146,0.584459,0.717961,0.377893,0.0,5e-06,5e-06,-0.161919,0.218548,0.13079,-1.401955,0.043603,0.02358,-0.011728,0.647158,-0.155764,0.746273,-0.464559,0.695581,0.548042,-0.604458,-0.701358,0.377789,-1e-06,-3.6e-05,-4.9e-05,-0.221329,0.368441,-0.011252,-0.904264,0.079464,0.016563,-0.049234,0.529349,-0.172431,-0.830696,0.245569,0.968356,-0.04452,0.812086,-0.180427,0.554942,3e-06,-1e-06,-4e-06,0.032745,0.157569,0.0734,0.41131
218,0.162248,-0.051798,0.337478,-0.50735,0.202212,-0.837706,-0.298616,-0.953086,-0.049272,-0.807743,0.224896,0.544977,0.0,3e-06,4e-06,5e-06,2.6e-05,1.2e-05,0.44337,-0.168979,-0.039711,0.316207,-0.642419,0.156108,0.75028,0.475829,-0.686053,0.55032,0.601427,0.710332,0.365481,-5e-06,-0.00041,-0.000468,-0.247545,0.339283,0.202774,-1.402069,0.043528,0.023567,-0.011728,0.637453,-0.173607,0.750675,-0.456361,0.699925,0.549399,-0.620796,-0.692795,0.366942,-5e-06,-0.00032,-0.000373,-0.293375,0.420991,0.251955,-0.89414,0.079459,0.016567,-0.049231,0.529376,-0.172468,-0.830671,0.245595,0.968348,-0.044539,0.812061,-0.180431,0.554978,0.0,-4e-06,-7e-06,-0.000515,-0.002192,-0.000987,0.410657
219,0.162248,-0.051798,0.337478,-0.50735,0.202212,-0.837706,-0.298616,-0.953086,-0.049272,-0.807743,0.224896,0.544977,0.0,0.0,0.0,0.0,0.0,0.0,0.442769,-0.169071,-0.039738,0.316185,-0.639328,0.161764,0.751721,0.47313,-0.687742,0.550539,0.606829,0.707421,0.362183,-2e-05,-0.00161,-0.001838,-0.043332,0.070866,0.008858,-1.40201,0.043477,0.023555,-0.011736,0.633478,-0.18107,0.752275,-0.453862,0.700458,0.550787,-0.626669,-0.690341,0.361544,-0.007632,-0.000602,4.5e-05,-0.024234,0.135082,-0.188567,-0.89659,0.079459,0.016567,-0.049231,0.529363,-0.172457,-0.830682,0.245595,0.968349,-0.04453,0.81207,-0.180439,0.554963,3e-06,-4e-06,-6e-06,-5.2e-05,-0.000258,-0.000137,0.410167
220,0.162237,-0.051806,0.337486,-0.507377,0.202182,-0.837697,-0.29862,-0.953087,-0.049227,-0.807725,0.224919,0.544994,0.0,0.0,0.0,0.0,0.0,0.0,0.441626,-0.169289,-0.039782,0.316156,-0.632456,0.178164,0.753822,0.467231,-0.688317,0.554841,0.618494,0.702886,0.351111,-7e-06,-0.000528,-0.000604,-0.082132,0.113642,0.067847,-1.402158,0.043368,0.023529,-0.011755,0.626291,-0.197076,0.754267,-0.447921,0.700911,0.555058,-0.638063,-0.685481,0.3507,-0.007635,-0.000691,-5.4e-05,-0.097823,0.152497,0.05266,-0.89708,0.079453,0.016563,-0.049227,0.529386,-0.172424,-0.830674,0.245598,0.96835,-0.044483,0.812054,-0.180464,0.554978,3e-06,-3e-06,-4e-06,3.1e-05,6e-06,-5e-06,0.40935
221,0.162237,-0.0518,0.337492,-0.507364,0.202198,-0.837701,-0.298629,-0.953083,-0.049243,-0.80773,0.22492,0.544986,0.0,0.0,0.0,0.0,0.0,0.0,0.44135,-0.16953,-0.039793,0.316168,-0.624776,0.198418,0.755167,0.456739,-0.691421,0.559697,0.633955,0.694338,0.340381,-0.015261,-0.000646,0.000731,-0.28798,0.412698,0.207975,-1.402138,0.043253,0.023524,-0.011749,0.61858,-0.215261,0.755658,-0.437212,0.704791,0.558671,-0.652842,-0.675966,0.341855,-1e-06,2.2e-05,2.3e-05,-0.295221,0.422996,0.25253,-0.899202,0.079453,0.016566,-0.049224,0.529374,-0.172441,-0.830678,0.245608,0.968347,-0.044499,0.812058,-0.180465,0.55497,2e-06,-6e-06,-7e-06,2.2e-05,5e-06,-2.2e-05,0.408697
222,0.162237,-0.0518,0.337492,-0.507456,0.202084,-0.837673,-0.298564,-0.953109,-0.049128,-0.807696,0.224911,0.54504,0.0,0.0,0.0,0.0,0.0,0.0,0.440787,-0.16961,-0.039782,0.316172,-0.619097,0.214075,0.755567,0.445122,-0.696852,0.562315,0.647652,0.684166,0.335152,0.0,3.2e-05,3.7e-05,-0.254457,0.594992,0.355002,-1.402109,0.043207,0.023529,-0.011747,0.612661,-0.230212,0.756074,-0.425526,0.710063,0.561014,-0.666013,-0.665441,0.337066,2e-06,3.2e-05,3e-05,0.344896,0.34,0.204887,-0.902305,0.079453,0.016566,-0.049224,0.529459,-0.172322,-0.830649,0.24554,0.968369,-0.044385,0.812024,-0.180458,0.555024,3e-06,-4e-06,-6e-06,2.9e-05,-1.5e-05,-2e-06,0.408207
223,0.162226,-0.051793,0.337499,-0.507458,0.202082,-0.837672,-0.298563,-0.95311,-0.049126,-0.807695,0.224911,0.545042,1e-06,1.1e-05,1.2e-05,0.0,0.0,0.0,0.440232,-0.169759,-0.039783,0.316186,-0.612052,0.230434,0.756494,0.438615,-0.696929,0.56731,0.658696,0.678732,0.324507,0.0,2e-06,3e-06,-0.168356,0.237009,0.141376,-1.401958,0.043133,0.023529,-0.011739,0.604414,-0.248313,0.756983,-0.41917,0.708906,0.567228,-0.67748,-0.660145,0.324388,-0.007631,-0.000316,0.000366,-0.230784,0.410028,-0.024816,-0.902305,0.079448,0.016569,-0.04922,0.52946,-0.17232,-0.830648,0.245539,0.96837,-0.044383,0.812023,-0.180458,0.555025,3e-06,0.0,-1e-06,1.5e-05,6e-06,-2.4e-05,0.407228
224,0.162215,-0.051793,0.3375,-0.507473,0.202064,-0.837667,-0.298553,-0.953114,-0.049107,-0.807689,0.22491,0.545051,0.0,0.0,0.0,0.0,0.0,0.0,0.440438,-0.169804,-0.039792,0.316194,-0.604499,0.246593,0.757473,0.432359,-0.696939,0.57208,0.669719,0.673001,0.313702,0.0,0.0,0.0,-0.060403,0.084671,0.050492,-1.401847,0.04311,0.023524,-0.011735,0.596142,-0.264869,0.75793,-0.412971,0.708404,0.572378,-0.688527,-0.654222,0.312926,1e-06,4e-06,1e-06,-0.039217,0.147591,-0.143232,-0.905081,0.079442,0.016569,-0.04922,0.529475,-0.172301,-0.830643,0.245528,0.968374,-0.044364,0.812017,-0.180456,0.555034,4e-06,-4e-06,-7e-06,2.2e-05,1.7e-05,-1.4e-05,0.406738
225,0.162214,-0.051791,0.337486,-0.507475,0.202059,-0.837667,-0.298529,-0.953121,-0.049117,-0.807697,0.224885,0.54505,-0.0,-2e-06,-2e-06,0.0,0.0,0.0,0.439788,-0.169805,-0.03979,0.316181,-0.601349,0.250755,0.758612,0.433962,-0.694574,0.57374,0.671513,0.673901,0.307883,-2e-06,-0.00014,-0.00016,-0.015763,0.099755,-0.171441,-1.402056,0.04311,0.023526,-0.011741,0.593092,-0.268702,0.758973,-0.414457,0.706284,0.573922,-0.690265,-0.654951,0.307526,-1e-06,-8.6e-05,-9.9e-05,0.017202,-0.018961,-0.011433,-0.901489,0.079442,0.01657,-0.049227,0.529477,-0.172295,-0.830643,0.245503,0.968379,-0.044374,0.812023,-0.18043,0.555034,3e-06,3e-06,2e-06,1.8e-05,8e-06,-6e-06,0.406575
226,0.162214,-0.051791,0.337486,-0.507475,0.202059,-0.837667,-0.298529,-0.953121,-0.049117,-0.807697,0.224885,0.54505,-0.0,-0.0,-0.0,0.0,0.0,0.0,0.440331,-0.169794,-0.039801,0.316167,-0.601127,0.250665,0.758818,0.434142,-0.694631,0.573536,0.671595,0.673876,0.307756,-4e-06,-0.000303,-0.000346,-5e-05,7e-05,4.2e-05,-1.401803,0.043116,0.02352,-0.011748,0.592861,-0.268337,0.759283,-0.414687,0.706508,0.57348,-0.690326,-0.654859,0.307585,-1e-06,-0.000185,-0.000212,0.001918,-0.004777,-0.002819,-0.903938,0.079442,0.01657,-0.049227,0.529477,-0.172296,-0.830643,0.245503,0.968379,-0.044374,0.812023,-0.18043,0.555034,2e-06,2e-06,2e-06,1.3e-05,1.2e-05,-1.5e-05,0.406575
227,0.162214,-0.051791,0.337486,-0.507475,0.202059,-0.837667,-0.298529,-0.953121,-0.049117,-0.807697,0.224885,0.54505,-0.0,-0.0,-0.0,0.0,0.0,0.0,0.440419,-0.169898,-0.039861,0.316093,-0.60113,0.250662,0.758817,0.434124,-0.694648,0.573528,0.671604,0.673859,0.307775,-3e-05,-0.001996,-0.002282,-0.0,0.0,0.0,-1.40197,0.043063,0.023493,-0.011783,0.592897,-0.268257,0.759282,-0.414707,0.706524,0.573447,-0.690282,-0.654875,0.307648,-0.007651,-0.001596,-0.001092,-0.003084,0.014298,-0.029745,-0.909163,0.079442,0.01657,-0.049227,0.529477,-0.172296,-0.830642,0.245503,0.968379,-0.044374,0.812023,-0.18043,0.555034,1e-06,0.0,0.0,1.5e-05,-8e-06,-1.4e-05,0.406575
228,0.162214,-0.051799,0.337493,-0.507487,0.202047,-0.837663,-0.298543,-0.953118,-0.04909,-0.807684,0.224908,0.545059,-0.0,-0.0,-0.0,0.0,0.0,0.0,0.440674,-0.170235,-0.039945,0.315951,-0.600922,0.250564,0.759014,0.434212,-0.694793,0.573287,0.671734,0.673747,0.307738,-0.01531,-0.003198,-0.002202,-0.002045,0.015205,-0.029245,-1.402073,0.042901,0.02345,-0.011855,0.592722,-0.268132,0.759464,-0.414809,0.706647,0.573221,-0.690372,-0.654793,0.307621,-0.008096,0.00346,-0.005785,0.045999,-0.09003,0.163385,-0.911286,0.079442,0.016566,-0.049223,0.529487,-0.172283,-0.830638,0.245517,0.968377,-0.044347,0.812012,-0.180455,0.555042,0.0,0.0,1e-06,1.3e-05,-1e-05,-1.7e-05,0.406575
229,0.162203,-0.051799,0.337494,-0.507502,0.202028,-0.837658,-0.298533,-0.953122,-0.049071,-0.807679,0.224907,0.545068,-0.0,-0.0,-0.0,0.0,0.0,0.0,0.439626,-0.170467,-0.039994,0.315871,-0.599862,0.25285,0.759094,0.434554,-0.693525,0.57456,0.672459,0.674195,0.305161,-0.015328,-0.003977,-0.003099,-0.164617,0.255769,0.080749,-1.401857,0.042785,0.023427,-0.011894,0.591992,-0.269479,0.759556,-0.415123,0.705855,0.573969,-0.690809,-0.655095,0.305993,-0.007658,-0.001629,-0.001132,-0.284924,0.378245,0.187999,-0.911449,0.079436,0.016566,-0.049223,0.529502,-0.172264,-0.830633,0.245506,0.968381,-0.044328,0.812006,-0.180454,0.555051,1e-06,-1e-06,1e-06,1.8e-05,-8e-06,-1.1e-05,0.406085
230,0.162203,-0.051799,0.337494,-0.507502,0.202028,-0.837658,-0.298533,-0.953122,-0.049071,-0.807679,0.224907,0.545068,-0.0,-0.0,-0.0,0.0,0.0,0.0,0.438708,-0.171046,-0.040041,0.315761,-0.598971,0.252464,0.759926,0.435163,-0.693882,0.573668,0.672859,0.673973,0.30477,-0.015311,-0.002573,-0.001504,-0.003869,0.029026,-0.054466,-1.402204,0.042495,0.0234,-0.011952,0.59073,-0.269989,0.760357,-0.415802,0.705729,0.573632,-0.691481,-0.65502,0.304633,-0.008076,0.004664,-0.004411,0.036172,0.00278,-0.012209,-0.910796,0.079436,0.016566,-0.049223,0.529502,-0.172264,-0.830633,0.245506,0.968381,-0.044328,0.812006,-0.180454,0.555051,1e-06,-1e-06,1e-06,1.8e-05,-8e-06,-1.1e-05,0.405431
231,0.162192,-0.0518,0.337508,-0.507515,0.202014,-0.837654,-0.298546,-0.95312,-0.049042,-0.807665,0.22493,0.545078,0.0,1e-06,1e-06,0.0,0.0,0.0,0.43752,-0.171739,-0.040056,0.315684,-0.597994,0.252037,0.760837,0.435824,-0.69428,0.572684,0.673299,0.673724,0.304348,-0.030582,-0.002617,-0.000135,-0.004089,0.030411,-0.058491,-1.40215,0.042154,0.023394,-0.011991,0.589782,-0.2695,0.761266,-0.416458,0.706153,0.572634,-0.691896,-0.654765,0.304241,-0.007656,-0.001171,-0.000614,-0.002367,0.014902,-0.029416,-0.915368,0.079431,0.016566,-0.049216,0.529514,-0.172249,-0.830628,0.245519,0.968379,-0.044299,0.811994,-0.180478,0.555061,-1e-06,-5e-06,-4e-06,1.4e-05,-3e-06,-1.9e-05,0.404452
232,0.162192,-0.0518,0.337508,-0.507515,0.202014,-0.837654,-0.298546,-0.95312,-0.049042,-0.807665,0.22493,0.545078,0.0,0.0,0.0,0.0,0.0,0.0,0.433951,-0.172471,-0.040034,0.315558,-0.596311,0.254055,0.761486,0.436479,-0.693374,0.573283,0.674366,0.673896,0.301592,-0.015327,-0.002722,-0.001702,-0.039052,0.067844,0.002173,-1.401953,0.041783,0.023406,-0.012052,0.587963,-0.271618,0.76192,-0.417249,0.705105,0.573349,-0.692966,-0.655018,0.301243,-0.015305,-0.001836,-0.000675,-0.034882,0.091741,-0.055516,-0.917164,0.07943,0.016566,-0.049216,0.529514,-0.172249,-0.830629,0.245519,0.968379,-0.044299,0.811994,-0.180478,0.555061,2e-06,-2e-06,-2e-06,1.8e-05,1.8e-05,-1.2e-05,0.400696
233,0.162192,-0.0518,0.337508,-0.507515,0.202014,-0.837654,-0.298546,-0.95312,-0.049042,-0.807665,0.22493,0.545078,0.0,0.0,0.0,0.0,0.0,0.0,0.432156,-0.172856,-0.040021,0.315466,-0.595719,0.2538,0.762034,0.436801,-0.693689,0.572656,0.67468,0.673669,0.301399,-0.016192,0.007252,-0.011259,0.032072,0.019875,-0.035446,-1.402053,0.041584,0.023413,-0.012097,0.587393,-0.271257,0.762489,-0.417506,0.70554,0.572627,-0.693295,-0.654701,0.301177,-0.008096,0.00361,-0.005635,0.039385,0.011959,-0.040268,-0.920593,0.07943,0.016566,-0.049216,0.529514,-0.172249,-0.830629,0.245519,0.968379,-0.044299,0.811994,-0.180478,0.555061,1e-06,-2e-06,-1e-06,1.6e-05,1.6e-05,-1.3e-05,0.39841
234,0.162192,-0.051794,0.337514,-0.507502,0.202031,-0.837658,-0.298555,-0.953116,-0.049059,-0.80767,0.224932,0.54507,1.1e-05,0.000123,0.000132,0.0,0.0,0.0,0.43193,-0.173606,-0.039979,0.315236,-0.59477,0.258792,0.761096,0.436349,-0.691091,0.576131,0.675808,0.674432,0.297133,-0.031473,0.006748,-0.010455,-0.004186,0.117114,-0.126411,-1.402095,0.041221,0.02343,-0.01221,0.586359,-0.276459,0.761415,-0.417121,0.702716,0.576367,-0.6944,-0.655561,0.296727,-0.007683,-0.002012,-0.001598,-0.00225,-0.082964,0.191014,-0.919777,0.079431,0.016569,-0.049213,0.529502,-0.172266,-0.830633,0.245529,0.968375,-0.044316,0.811999,-0.180479,0.555053,9e-06,7.3e-05,7.8e-05,1.5e-05,9e-06,-1.6e-05,0.395961
235,0.162181,-0.051794,0.337515,-0.507518,0.202012,-0.837653,-0.298544,-0.95312,-0.04904,-0.807664,0.22493,0.545079,0.0,0.0,0.0,0.0,0.0,0.0,0.431246,-0.174265,-0.039912,0.314995,-0.594895,0.261493,0.760074,0.435451,-0.689844,0.578301,0.676278,0.674663,0.295535,-0.016184,0.007586,-0.010908,0.031578,0.020503,-0.035063,-1.401949,0.040886,0.023462,-0.012331,0.586368,-0.278992,0.760483,-0.41626,0.701601,0.578345,-0.694909,-0.655682,0.295264,-0.007663,-0.001109,-0.00057,0.008082,0.005998,-0.037882,-0.911286,0.079425,0.016569,-0.049212,0.529516,-0.172247,-0.830628,0.245518,0.968379,-0.044297,0.811993,-0.180478,0.555062,3e-06,-4e-06,-7e-06,1.6e-05,1.1e-05,-1.5e-05,0.394491
236,0.16217,-0.051787,0.337522,-0.50752,0.20201,-0.837652,-0.298543,-0.953121,-0.049038,-0.807664,0.22493,0.545081,7.7e-05,0.000862,0.000931,0.0,0.0,0.0,0.431079,-0.174559,-0.039881,0.3149,-0.595562,0.264427,0.758535,0.434348,-0.688197,0.581086,0.676401,0.675197,0.29403,-0.016169,0.008079,-0.010347,-0.062935,0.145072,0.072994,-1.4019,0.040739,0.023477,-0.012379,0.587125,-0.281523,0.758964,-0.415218,0.700107,0.580898,-0.694894,-0.656196,0.294157,-0.007674,-0.001488,-0.001007,-0.149687,0.228425,0.060353,-0.913082,0.079419,0.01657,-0.049211,0.529518,-0.172245,-0.830627,0.245517,0.968379,-0.044295,0.811992,-0.180478,0.555064,4.7e-05,0.000492,0.000527,1.8e-05,6e-06,-1.7e-05,0.394001
237,0.162147,-0.051786,0.337523,-0.507551,0.201973,-0.837642,-0.298522,-0.953129,-0.049,-0.807652,0.224927,0.545099,0.0,0.0,0.0,0.0,0.0,0.0,0.429718,-0.174992,-0.039867,0.314765,-0.596068,0.267294,0.757131,0.433327,-0.686625,0.583701,0.67661,0.675664,0.292471,-0.016141,0.008994,-0.009304,-0.062781,0.145109,0.073061,-1.401616,0.040516,0.023486,-0.012452,0.587483,-0.284523,0.757568,-0.41426,0.698449,0.583572,-0.695163,-0.656668,0.29246,-0.008067,0.004529,-0.004606,-0.080992,0.165769,0.082471,-0.920267,0.079408,0.016573,-0.049208,0.529547,-0.172206,-0.830617,0.245495,0.968387,-0.044257,0.81198,-0.180476,0.555082,2e-06,-5e-06,-7e-06,2.5e-05,-4e-06,-1.3e-05,0.393021
238,0.162124,-0.051786,0.337524,-0.507582,0.201936,-0.837632,-0.2985,-0.953138,-0.048962,-0.80764,0.224924,0.545118,0.0,0.0,0.0,0.0,0.0,0.0,0.428578,-0.175226,-0.039874,0.314699,-0.595778,0.267168,0.757404,0.433477,-0.686796,0.583389,0.67677,0.67554,0.292388,-0.015299,-0.000904,0.000332,-0.002065,0.015235,-0.029227,-1.40159,0.040399,0.023482,-0.012485,0.5871,-0.284563,0.75785,-0.414364,0.698599,0.583319,-0.695424,-0.656492,0.292234,-0.007646,-0.000397,0.000234,-0.000652,0.013251,-0.03047,-0.918634,0.079396,0.016573,-0.049208,0.529576,-0.172167,-0.830606,0.245473,0.968394,-0.04422,0.811968,-0.180474,0.555101,5e-06,-3e-06,-5e-06,1.8e-05,2.1e-05,-2.2e-05,0.391388
239,0.162113,-0.051787,0.337538,-0.507595,0.201921,-0.837628,-0.298513,-0.953135,-0.048933,-0.807627,0.224947,0.545128,1e-06,8e-06,8e-06,0.0,0.0,0.0,0.425068,-0.175226,-0.039886,0.314685,-0.595958,0.267239,0.757238,0.433334,-0.686747,0.583554,0.676704,0.675562,0.29249,-3.6e-05,-0.001154,-0.001329,-0.001786,0.013841,-0.025212,-1.401701,0.040399,0.02348,-0.012487,0.587303,-0.284618,0.757671,-0.414216,0.698549,0.583484,-0.695341,-0.656522,0.292366,1e-06,3.3e-05,4.1e-05,-0.000188,-0.000231,-7.6e-05,-0.919614,0.079391,0.016572,-0.049201,0.529588,-0.172152,-0.830601,0.245486,0.968392,-0.04419,0.811956,-0.180498,0.55511,2e-06,-3e-06,-5e-06,1.5e-05,9e-06,-3.4e-05,0.388286
240,0.162102,-0.051781,0.337545,-0.507598,0.20192,-0.837627,-0.298512,-0.953136,-0.048931,-0.807626,0.224947,0.545129,1.3e-05,0.000144,0.000156,0.0,0.0,0.0,0.424664,-0.175192,-0.039885,0.314683,-0.59601,0.267261,0.757189,0.433291,-0.686732,0.583602,0.676686,0.675568,0.292519,-1e-06,-2e-05,-2.3e-05,-0.0,0.0,0.0,-1.401751,0.040416,0.023478,-0.012491,0.587341,-0.284632,0.757637,-0.414189,0.698535,0.583519,-0.695325,-0.65653,0.292387,0.0,1.3e-05,1.5e-05,-0.000174,-0.00016,-5.9e-05,-0.920267,0.079385,0.016575,-0.049197,0.52959,-0.17215,-0.830601,0.245484,0.968393,-0.044188,0.811955,-0.180498,0.555112,9e-06,6.9e-05,7.4e-05,2.1e-05,-5e-06,-2.4e-05,0.386326
