frame,MLTx,MLTy,MLTz,MLTR1,MLTR2,MLTR3,MLTR4,MLTR5,MLTR6,MLTR7,MLTR8,MLTR9,MLTTVx,MLTTVy,MLTTVz,MLTRVx,MLTRVy,MLTRVz,MLGA,MRTx,MRTy,MRTz,MRTR1,MRTR2,MRTR3,MRTR4,MRTR5,MRTR6,MRTR7,MRTR8,MRTR9,MRTTVx,MRTTVy,MRTTVz,MRTRVx,MRTRVy,MRTRVz,MRGA,SLTx,SLTy,SLTz,SLTR1,SLTR2,SLTR3,SLTR4,SLTR5,SLTR6,SLTR7,SLTR8,SLTR9,SLTTVx,SLTTVy,SLTTVz,SLTRVx,SLTRVy,SLTRVz,SLGA,SRTx,SRTy,SRTz,SRTR1,SRTR2,SRTR3,SRTR4,SRTR5,SRTR6,SRTR7,SRTR8,SRTR9,SRTTVx,SRTTVy,SRTTVz,SRTRVx,SRTRVy,SRTRVz,SRGA
328,0.075044,0.002971,0.378485,-0.266846,0.671895,-0.690938,-0.765479,-0.583284,-0.27165,-0.585209,0.455572,0.670829,-0.002507,-0.014484,0.006128,-0.034492,0.018262,-0.015766,-0.560107,-0.072236,0.046243,0.358686,0.316133,0.255731,0.913593,-0.441984,0.891774,-0.096556,-0.839777,-0.373597,0.393781,-0.000192,0.000578,0.000391,0.129251,-1.099931,-0.429871,0.14403,0.05474,0.041578,-0.005147,-0.273459,-0.248103,0.929335,0.436972,-0.892752,-0.109757,0.856898,0.37608,0.352545,-0.000122,0.000343,0.000229,0.140362,-1.145981,-0.46561,0.001835,0.075517,0.026355,-0.054612,-0.297834,0.712103,-0.63577,-0.756247,-0.582435,-0.298092,-0.582567,0.392018,0.711995,-0.001402,-0.00766,0.002758,-0.036855,0.0309,-0.041251,-0.635546
329,0.07491,0.002336,0.378735,-0.275432,0.668755,-0.690616,-0.759282,-0.591893,-0.270417,-0.589279,0.449056,0.67166,-0.002965,-0.01579,0.005163,-0.035428,0.030851,-0.041674,-0.558468,-0.071907,0.04638,0.358762,0.337884,0.299587,0.892229,-0.484617,0.86802,-0.107807,-0.807163,-0.396345,0.437334,0.011753,0.004434,0.001619,0.126327,-0.998539,-0.335251,0.156192,0.054904,0.041648,-0.005108,-0.296324,-0.292487,0.909199,0.479074,-0.869051,-0.123433,0.826244,0.398998,0.397644,0.005864,0.002236,0.000819,0.129383,-0.999447,-0.335168,0.019634,0.07545,0.026038,-0.054486,-0.306311,0.708729,-0.635511,-0.749821,-0.590931,-0.297604,-0.586464,0.38536,0.712429,-0.001405,-0.007662,0.002754,-0.029589,-0.068864,0.163243,-0.63179
330,0.074753,0.001683,0.379009,-0.278913,0.666489,-0.691409,-0.751695,-0.599527,-0.274762,-0.597305,0.442262,0.669073,-0.002831,-0.015403,0.005447,-0.035423,0.030789,-0.041725,-0.557892,-0.071598,0.046519,0.358853,0.353737,0.345751,0.86909,-0.524343,0.842724,-0.121712,-0.774899,-0.413087,0.478282,-0.000597,0.001784,0.001206,0.173804,-1.461121,-0.446021,0.167776,0.055059,0.041716,-0.005063,-0.311588,-0.336327,0.888704,0.517969,-0.844212,-0.137885,0.79663,0.417359,0.437253,0.006914,-0.00268,0.005289,0.004023,-1.14743,-0.262936,0.034493,0.075371,0.02571,-0.054351,-0.309722,0.706437,-0.636409,-0.742124,-0.598033,-0.302668,-0.59441,0.378552,0.709488,-0.001305,-0.007378,0.002967,-0.033689,-0.06598,0.16057,-0.630321
331,0.074665,0.001343,0.379174,-0.280352,0.665487,-0.691792,-0.747988,-0.603078,-0.277097,-0.601268,0.438936,0.667711,-0.002576,-0.014675,0.005984,-0.027975,-0.068471,0.163091,-0.558149,-0.071452,0.046549,0.358892,0.359369,0.366691,0.858128,-0.543308,0.829841,-0.126942,-0.759079,-0.421074,0.496345,-0.00012,0.000357,0.000241,0.098479,-0.891373,-0.334286,0.180186,0.055131,0.041735,-0.005041,-0.319081,-0.359638,0.876839,0.536818,-0.831054,-0.145513,0.781033,0.424273,0.458234,0.005982,0.001875,0.000573,0.053251,-1.173428,-0.292346,0.045434,0.075325,0.025533,-0.054267,-0.311193,0.705414,-0.636827,-0.73839,-0.601325,-0.305265,-0.598278,0.37523,0.707999,-0.001296,-0.007351,0.002986,-0.032238,-0.066712,0.161657,-0.629994
332,0.074505,0.000706,0.379472,-0.281601,0.66471,-0.692031,-0.744769,-0.606094,-0.279181,-0.604667,0.435956,0.666594,-0.002547,-0.014588,0.006049,-0.035482,0.030677,-0.041756,-0.552169,-0.071146,0.046528,0.35895,0.372576,0.41136,0.831842,-0.575782,0.805439,-0.140277,-0.72814,-0.427218,0.535874,0.000615,-0.00183,-0.001238,0.169853,-1.076794,-0.232259,0.202191,0.055283,0.041727,-0.00501,-0.333205,-0.404171,0.851833,0.568678,-0.806779,-0.160349,0.75205,0.43099,0.498666,0.00613,0.001432,0.00027,0.190991,-1.353636,-0.344757,0.076622,0.075247,0.025221,-0.05412,-0.312401,0.704634,-0.637099,-0.735157,-0.604076,-0.307628,-0.601622,0.372265,0.706731,-0.001122,-0.00685,0.003355,-0.035869,0.018297,-0.015605,-0.628035
333,0.074372,0.000313,0.379773,-0.283549,0.663598,-0.692303,-0.741123,-0.609723,-0.280974,-0.608222,0.432584,0.665556,-0.001032,-0.010279,0.009248,-0.026432,-0.069,0.164366,-0.542446,-0.070946,0.046339,0.359098,0.384903,0.456788,0.801989,-0.603286,0.782119,-0.155789,-0.698867,-0.424444,0.575582,0.002496,-0.01097,0.008173,0.170237,-1.132697,-0.249677,0.203768,0.055383,0.041635,-0.004946,-0.346364,-0.449179,0.823571,0.595435,-0.783663,-0.176995,0.724905,0.429079,0.53889,0.006065,0.001626,0.000398,0.253205,-1.442181,-0.380475,0.090175,0.075178,0.025018,-0.053974,-0.314436,0.703437,-0.63742,-0.731406,-0.607565,-0.309691,-0.605123,0.368834,0.705539,-0.000472,-0.004994,0.004734,-0.03563,0.017898,-0.015065,-0.622809
334,0.074323,0.000192,0.379923,-0.28569,0.662259,-0.692705,-0.736935,-0.613844,-0.283008,-0.61229,0.428799,0.664274,0.000122,0.000345,0.000256,0.580962,-0.399103,0.43562,-0.536577,-0.070877,0.046171,0.359215,0.387356,0.482854,0.785365,-0.621466,0.765982,-0.164272,-0.681353,-0.425058,0.595775,0.002696,-0.011564,0.007775,0.054398,-1.069212,-0.314204,0.205678,0.055418,0.041548,-0.004884,-0.350076,-0.475773,0.806899,0.612879,-0.767777,-0.186806,0.708396,0.429135,0.560372,0.001394,-0.005958,0.003763,-1.050617,-1.295928,-1.513977,0.091971,0.075154,0.024955,-0.053894,-0.317074,0.701991,-0.637708,-0.727457,-0.611435,-0.311371,-0.608497,0.365178,0.704539,-0.000385,-0.004752,0.004913,1.90806,-1.396918,1.614847,-0.619707
335,0.074279,6e-06,0.380139,-0.289541,0.660731,-0.692565,-0.733778,-0.617767,-0.282677,-0.614264,0.425517,0.664561,3.8e-05,0.000107,7.9e-05,0.0,0.0,-0.0,-0.528538,-0.070692,0.045862,0.359485,0.398627,0.533094,0.746257,-0.647259,0.740001,-0.182725,-0.650113,-0.410857,0.639072,-0.000472,0.001401,0.000948,0.158649,-1.275573,-0.390651,0.214631,0.055512,0.041389,-0.004752,-0.362834,-0.525705,0.769405,0.637814,-0.742061,-0.206243,0.679369,0.415905,0.604548,0.001189,-0.005353,0.004172,-0.93231,-1.369833,-1.649623,0.102259,0.075133,0.024866,-0.053784,-0.320281,0.700487,-0.637759,-0.723975,-0.61518,-0.31211,-0.610966,0.361759,0.704165,-0.000463,-0.004979,0.004747,-0.035499,0.018155,-0.015601,-0.612032
336,0.074278,-6.4e-05,0.380238,-0.289824,0.660681,-0.692494,-0.733907,-0.617778,-0.282317,-0.613976,0.425579,0.664788,3.2e-05,9.1e-05,6.7e-05,0.0,-0.0,0.0,-0.524798,-0.070598,0.045535,0.359846,0.404956,0.585697,0.702112,-0.675596,0.709099,-0.2017,-0.616483,-0.393405,0.681942,0.0015,-0.008012,0.01019,0.23596,-1.63411,-0.442989,0.21856,0.055559,0.041225,-0.004572,-0.371342,-0.578645,0.726136,0.665422,-0.711271,-0.226506,0.647547,0.399076,0.649168,0.000623,-0.003686,0.0053,0.044699,-1.807001,-0.795999,0.108627,0.075132,0.024831,-0.053734,-0.320547,0.700432,-0.637686,-0.724113,-0.615202,-0.311744,-0.610662,0.361829,0.704393,9e-06,3.1e-05,2.2e-05,-0.000346,-0.000154,0.000347,-0.608276
337,0.074294,-0.000107,0.380271,-0.291753,0.659331,-0.69297,-0.729485,-0.621918,-0.284678,-0.618312,0.421633,0.663282,-0.00013,-0.000369,-0.000274,0.0,-0.0,0.0,-0.523559,-0.070553,0.045221,0.36029,0.413762,0.630559,0.65665,-0.696486,0.683751,-0.217545,-0.586653,-0.368134,0.721235,0.000834,-0.006039,0.011528,0.210903,-1.373745,-0.258695,0.227233,0.055582,0.041067,-0.004351,-0.382543,-0.624858,0.680596,0.685655,-0.685743,-0.244197,0.619303,0.373239,0.690764,0.000497,-0.003306,0.005562,0.070809,-1.678407,-0.545587,0.119404,0.07514,0.02481,-0.053717,-0.322431,0.699072,-0.638229,-0.719626,-0.619048,-0.31451,-0.61496,0.357878,0.702671,-7.7e-05,-0.000217,-0.00016,-0.003625,0.001826,-0.001702,-0.606153
338,0.074308,-0.000149,0.380291,-0.291796,0.659334,-0.692949,-0.729542,-0.62189,-0.284594,-0.618225,0.421669,0.66334,-5.1e-05,-0.000144,-0.000107,0.0,-0.0,0.0,-0.522531,-0.070546,0.045099,0.360524,0.419026,0.653315,0.630546,-0.705797,0.671255,-0.226279,-0.571588,-0.351048,0.741563,0.000694,-0.005623,0.01181,0.379401,-1.58563,-0.29839,0.228364,0.055585,0.041008,-0.004238,-0.388013,-0.646475,0.656898,0.694725,-0.673511,-0.252468,0.605642,0.358403,0.710453,0.000257,-0.002584,0.00605,0.361926,-1.66998,-0.117288,0.122997,0.075147,0.024788,-0.053708,-0.322488,0.699071,-0.638201,-0.719698,-0.619023,-0.314394,-0.614845,0.357924,0.702748,-0.000526,-0.005167,0.004607,-0.03529,0.018255,-0.015818,-0.605827
339,0.074301,-0.000225,0.380361,-0.291966,0.659318,-0.692893,-0.729667,-0.621858,-0.284339,-0.617996,0.421741,0.663508,-0.000976,-0.010122,0.009372,-0.034542,0.018101,-0.015842,-0.52054,-0.070527,0.044914,0.361078,0.423313,0.691658,0.585155,-0.725647,0.645571,-0.237926,-0.542828,-0.324775,0.774417,-0.000375,-0.00245,0.013943,0.386613,-1.573943,0.205472,0.244934,0.055596,0.040912,-0.003959,-0.394986,-0.686384,0.610624,0.714056,-0.647574,-0.266025,0.57802,0.330944,0.7459,-0.000205,-0.001207,0.006982,0.390179,-1.546995,-0.015969,0.133447,0.075144,0.02475,-0.053673,-0.322651,0.699049,-0.638141,-0.71983,-0.619003,-0.314132,-0.614606,0.357999,0.702919,-0.000488,-0.005057,0.004691,-0.034743,0.018028,-0.015625,-0.603378
340,0.074295,-0.000285,0.380417,-0.292103,0.659304,-0.692848,-0.729768,-0.621834,-0.284136,-0.617813,0.421798,0.663642,4.2e-05,0.000118,8.7e-05,0.0,0.0,0.0,-0.517861,-0.070555,0.044768,0.361717,0.426792,0.722012,0.544554,-0.742167,0.623733,-0.245111,-0.51714,-0.300454,0.801347,-0.013313,-0.003391,0.014664,-0.494021,-1.03969,-1.279963,0.267724,0.055587,0.040838,-0.003639,-0.401687,-0.715537,0.571536,0.729025,-0.627557,-0.2733,0.554228,0.306884,0.773726,-0.000361,-0.000581,0.00734,-2.753903,0.227473,-3.934008,0.165289,0.075141,0.02472,-0.053645,-0.322779,0.699032,-0.638095,-0.719932,-0.618989,-0.313925,-0.614418,0.358057,0.703053,2.5e-05,7.7e-05,5.8e-05,-0.000132,-5.3e-05,0.000158,-0.602071
341,0.074284,-0.000291,0.380426,-0.292281,0.659237,-0.692837,-0.729738,-0.621931,-0.283998,-0.617763,0.421759,0.663713,1e-06,1e-06,1e-06,0.0,0.0,0.0,-0.516505,-0.070551,0.044695,0.362053,0.430191,0.731119,0.529521,-0.74739,0.617459,-0.245128,-0.506691,-0.291234,0.811364,-0.001097,-0.0003,0.015364,0.252939,-1.065078,0.506217,0.271495,0.055584,0.040802,-0.00347,-0.404562,-0.726892,0.554938,0.735489,-0.619245,-0.274938,0.543493,0.296921,0.785144,0.000573,-0.005303,0.012022,0.228404,-1.065652,0.221263,0.175576,0.075135,0.024717,-0.05364,-0.322953,0.698961,-0.638086,-0.7199,-0.619093,-0.313795,-0.614365,0.358016,0.70312,-3e-06,-1e-06,-0.0,-0.000117,-6e-05,0.000117,-0.601581
342,0.074287,-0.000314,0.380409,-0.296216,0.657479,-0.692836,-0.726033,-0.626265,-0.283972,-0.620244,0.418084,0.663725,-4.5e-05,-0.000127,-9.4e-05,7.5e-05,3.1e-05,-7.2e-05,-0.515866,-0.070552,0.044513,0.362737,0.436117,0.74405,0.506145,-0.752445,0.610041,-0.248214,-0.493976,-0.273541,0.825243,-0.000815,-0.001134,0.014792,0.195908,-0.797809,0.444798,0.273543,0.055582,0.040714,-0.003121,-0.4122,-0.739631,0.532011,0.740085,-0.612384,-0.277956,0.53138,0.27916,0.799814,-0.000422,-0.000562,0.007403,0.191615,-0.807123,0.447131,0.184231,0.075136,0.024706,-0.053649,-0.326849,0.6971,-0.638137,-0.716076,-0.623329,-0.314156,-0.616768,0.354274,0.702911,-2.2e-05,-6.4e-05,-4.7e-05,-0.00081,0.00048,-0.000576,-0.600112
343,0.074314,-0.000327,0.380399,-0.296168,0.657499,-0.692839,-0.726046,-0.626235,-0.284006,-0.620252,0.418099,0.663708,0.000275,0.000782,0.00058,0.0,0.0,-0.0,-0.516463,-0.070559,0.044115,0.363515,0.433011,0.75305,0.495388,-0.757751,0.60178,-0.252208,-0.488558,-0.267128,0.830552,0.002433,-0.014352,0.021544,-0.18835,-0.296776,-0.036764,0.275129,0.055576,0.04053,-0.002745,-0.410189,-0.748264,0.521388,0.744396,-0.604986,-0.282603,0.526894,0.272199,0.805164,0.001121,-0.006718,0.011003,-2.465816,1.04614,-4.288246,0.187823,0.075149,0.024696,-0.053656,-0.326799,0.697123,-0.638138,-0.7161,-0.62329,-0.314178,-0.616767,0.354298,0.702901,0.000227,0.000645,0.000479,-0.000153,-5.7e-05,0.000154,-0.599295
344,0.074319,-0.000314,0.38041,-0.296128,0.657515,-0.69284,-0.726057,-0.626209,-0.284034,-0.620259,0.41811,0.663694,2.7e-05,7.8e-05,5.8e-05,0.0,0.0,0.0,-0.516657,-0.070458,0.043495,0.364352,0.430205,0.757686,0.490741,-0.756736,0.599125,-0.261406,-0.492594,-0.259865,0.830472,0.002736,-0.01526,0.020963,-0.001354,-0.20129,0.090744,0.271861,0.055627,0.040213,-0.002319,-0.406903,-0.753484,0.51642,0.743729,-0.601512,-0.29163,0.530372,0.265412,0.805146,0.001499,-0.008071,0.01019,-0.004147,-0.188666,0.100629,0.185864,0.075153,0.024706,-0.053648,-0.326755,0.697143,-0.638139,-0.716117,-0.623258,-0.314204,-0.616771,0.354314,0.702889,1.3e-05,3.8e-05,2.8e-05,-8.5e-05,-5.6e-05,0.000107,-0.599459
345,0.074317,-0.000321,0.380405,-0.296148,0.657507,-0.692839,-0.726051,-0.626222,-0.28402,-0.620255,0.418104,0.663701,-0.000212,-0.000603,-0.000447,0.0,0.0,0.0,-0.517521,-0.070348,0.043081,0.364832,0.426435,0.76033,0.489942,-0.753744,0.598174,-0.272016,-0.500403,-0.254259,0.827534,0.005611,-0.02738,0.028496,0.116494,-0.35326,-0.101481,0.271437,0.05568,0.040019,-0.002088,-0.403224,-0.75517,0.516844,0.740249,-0.601221,-0.300938,0.537997,0.261248,0.801441,0.002786,-0.013686,0.014244,0.879025,-0.060538,-0.677237,0.18521,0.075152,0.024704,-0.05365,-0.326772,0.697135,-0.638138,-0.716113,-0.623269,-0.314191,-0.616766,0.35431,0.702895,-0.000171,-0.000485,-0.000359,-7.3e-05,-3.3e-05,8.7e-05,-0.599459
346,0.074304,-0.000325,0.380401,-0.296191,0.657489,-0.692838,-0.72604,-0.626249,-0.28399,-0.620248,0.418092,0.663716,-4e-06,-1.1e-05,-8e-06,0.0,0.0,0.0,-0.518637,-0.07008,0.042202,0.365872,0.421494,0.766887,0.483962,-0.756727,0.591568,-0.27811,-0.50008,-0.249979,0.829032,0.017288,-0.02265,0.030343,3e-06,-0.164467,-0.330842,0.270304,0.05581,0.039577,-0.001575,-0.398877,-0.762064,0.510054,0.742767,-0.594685,-0.307644,0.537766,0.256139,0.803242,0.001343,-0.007612,0.010512,0.112229,-0.317591,-0.440947,0.184067,0.075145,0.0247,-0.053653,-0.326812,0.697118,-0.638137,-0.716102,-0.623295,-0.314163,-0.616757,0.354299,0.702909,2e-06,2e-06,1e-06,-4.4e-05,-2.4e-05,6.5e-05,-0.599785
347,0.074309,-0.000311,0.380411,-0.296151,0.657506,-0.692839,-0.72605,-0.626224,-0.284018,-0.620255,0.418103,0.663702,2.2e-05,6.3e-05,4.6e-05,0.0,0.0,0.0,-0.520909,-0.069607,0.041339,0.367008,0.41884,0.772947,0.476569,-0.760247,0.585529,-0.281274,-0.496955,-0.245483,0.832248,0.016716,-0.020905,0.031546,-0.046134,-0.139457,-0.083375,0.268848,0.05605,0.039132,-0.000998,-0.396499,-0.76873,0.501839,0.746223,-0.588284,-0.311564,0.534733,0.250949,0.806898,0.007201,-0.005288,0.011395,-0.011121,-0.139175,-0.057057,0.182434,0.075148,0.024707,-0.053647,-0.326771,0.697136,-0.638138,-0.716116,-0.623267,-0.314189,-0.616763,0.354313,0.702896,1e-05,3.1e-05,2.2e-05,-3.9e-05,-1.9e-05,3e-05,-0.600765
348,0.074309,-0.000311,0.380411,-0.296151,0.657506,-0.692839,-0.72605,-0.626224,-0.284018,-0.620255,0.418103,0.663702,0.0,1e-06,1e-06,0.0,0.0,0.0,-0.521194,-0.069313,0.040935,0.367629,0.419277,0.777327,0.469,-0.761372,0.582487,-0.284525,-0.494857,-0.238775,0.835444,0.016233,-0.019452,0.032526,0.167895,-0.584399,-0.347779,0.268568,0.056197,0.038929,-0.000689,-0.397107,-0.771908,0.49645,0.747236,-0.585999,-0.313435,0.532862,0.246499,0.809502,0.008074,-0.009663,0.016297,-0.073032,-0.08094,-0.044361,0.181781,0.075148,0.024707,-0.053647,-0.32677,0.697136,-0.638138,-0.716116,-0.623266,-0.314189,-0.616763,0.354313,0.702896,-3e-06,-6e-06,-5e-06,-3.6e-05,-3e-06,3.5e-05,-0.601255
349,0.074299,-0.000309,0.380413,-0.296174,0.657497,-0.692838,-0.726044,-0.626238,-0.284002,-0.620251,0.418096,0.66371,0.0,0.0,0.0,0.0,0.0,0.0,-0.522018,-0.068715,0.040187,0.368919,0.420696,0.78288,0.458373,-0.763243,0.578591,-0.287449,-0.490752,-0.229915,0.840336,0.015779,-0.018081,0.033469,0.142102,-0.597893,-0.122251,0.268037,0.056496,0.038555,-4.3e-05,-0.398938,-0.777863,0.485568,0.749008,-0.581906,-0.316816,0.528994,0.237305,0.81477,0.007811,-0.008875,0.016831,0.143036,-0.530095,-0.308405,0.180312,0.075143,0.024708,-0.053647,-0.326793,0.697127,-0.638137,-0.71611,-0.623281,-0.314175,-0.616759,0.354307,0.702903,-1e-06,-2e-06,-2e-06,-3e-05,1e-06,3.4e-05,-0.601418
350,0.074307,-0.000318,0.380406,-0.296171,0.657498,-0.692838,-0.726045,-0.626236,-0.284004,-0.620252,0.418097,0.663709,-0.000153,-0.000436,-0.000324,0.0,0.0,0.0,-0.522549,-0.068155,0.039655,0.370151,0.421943,0.78695,0.450184,-0.764863,0.575625,-0.289092,-0.487143,-0.223348,0.844198,0.014835,-0.015295,0.035317,-0.041158,-0.159682,-0.060267,0.263129,0.056782,0.03828,0.000584,-0.400879,-0.783032,0.475558,0.750494,-0.578393,-0.319715,0.525407,0.228737,0.819527,0.007369,-0.007566,0.017703,-0.060074,-0.118485,-0.033225,0.177372,0.075147,0.024704,-0.05365,-0.32679,0.697128,-0.638138,-0.716111,-0.623279,-0.314176,-0.61676,0.354308,0.702902,-8.5e-05,-0.000245,-0.000183,-3.7e-05,1e-05,3.2e-05,-0.602071
351,0.074325,-0.000322,0.380391,-0.296127,0.65751,-0.692845,-0.72604,-0.626223,-0.284047,-0.620279,0.418098,0.663683,-6e-06,-1.7e-05,-1.3e-05,0.0,0.0,0.0,-0.522093,-0.067659,0.039412,0.371258,0.414651,0.795429,0.441982,-0.772449,0.564466,-0.290919,-0.481385,-0.221789,0.847904,0.012059,-0.003577,0.027415,-0.013832,-0.144454,-0.027044,0.250889,0.057025,0.038162,0.001128,-0.393922,-0.791547,0.467202,0.757987,-0.567262,-0.321974,0.519884,0.227301,0.82344,0.006132,-0.002141,0.013473,-0.021722,-0.117252,-0.04182,0.166922,0.075155,0.024701,-0.053658,-0.326746,0.697142,-0.638145,-0.716107,-0.623262,-0.314218,-0.616787,0.35431,0.702877,2e-06,-0.0,-0.0,-1.8e-05,9e-06,3.1e-05,-0.602071
352,0.074336,-0.000317,0.380382,-0.296087,0.657521,-0.692852,-0.726033,-0.626212,-0.284088,-0.620306,0.418097,0.663658,-0.0,-0.0,-0.0,0.0,0.0,0.0,-0.522896,-0.067477,0.039401,0.371741,0.411058,0.798868,0.439128,-0.77594,0.559493,-0.291236,-0.478839,-0.222037,0.84928,0.009794,0.006631,0.01851,-0.006979,-0.077461,0.002551,0.243996,0.057112,0.038156,0.001364,-0.390441,-0.795016,0.464224,0.761455,-0.562284,-0.322522,0.517437,0.22756,0.824908,-0.001186,0.001603,0.008789,-0.016735,-0.045322,-0.013929,0.15941,0.075161,0.024704,-0.053662,-0.326707,0.697154,-0.638151,-0.716102,-0.623248,-0.314259,-0.616814,0.354311,0.702853,4e-06,6e-06,4e-06,-2.1e-05,-2e-06,2.1e-05,-0.602235
353,0.074358,-0.000315,0.380384,-0.296022,0.657548,-0.692855,-0.72605,-0.626171,-0.284134,-0.620316,0.418117,0.663636,1e-06,4e-06,3e-06,0.0,0.0,0.0,-0.523551,-0.067266,0.039638,0.37243,0.401531,0.806593,0.433787,-0.787248,0.54605,-0.286364,-0.468328,-0.227538,0.853674,0.007097,0.018044,0.010349,-0.196379,-0.17505,0.138253,0.228144,0.057223,0.038268,0.001721,-0.381079,-0.802625,0.458879,0.77297,-0.548899,-0.31816,0.507242,0.233456,0.82958,0.004821,0.003462,0.009329,-0.780177,-0.506716,0.253371,0.143081,0.075172,0.024705,-0.053661,-0.326642,0.697183,-0.638153,-0.716121,-0.623204,-0.314301,-0.616826,0.354331,0.702832,-2e-06,-2e-06,-0.0,-1.9e-05,-5e-06,1.6e-05,-0.602561
354,0.074359,-0.000307,0.380377,-0.296142,0.657492,-0.692856,-0.726001,-0.62626,-0.284063,-0.620316,0.41807,0.663666,0.0,0.0,0.0,0.0,0.0,0.0,-0.523441,-0.067233,0.040151,0.372855,0.387452,0.818136,0.424883,-0.805896,0.524432,-0.274656,-0.44799,-0.237033,0.861964,-0.004322,0.012573,0.008063,-0.045457,-0.148128,0.216617,0.204686,0.057239,0.038525,0.001933,-0.367287,-0.814327,0.44941,0.792254,-0.527039,-0.30751,0.487271,0.243103,0.838729,-0.002361,0.006833,0.004384,-0.74154,-0.501725,0.265278,0.116955,0.075172,0.024709,-0.053664,-0.32676,0.697125,-0.638156,-0.716069,-0.623296,-0.314238,-0.616824,0.354283,0.702858,0.0,-1e-06,-2e-06,-2.2e-05,0.0,1.4e-05,-0.602888
355,0.074359,-0.000307,0.380377,-0.296142,0.657492,-0.692856,-0.726001,-0.62626,-0.284063,-0.620316,0.41807,0.663666,0.0,0.0,0.0,0.0,0.0,0.0,-0.524128,-0.067318,0.04041,0.372975,0.383839,0.82188,0.420919,-0.813478,0.51671,-0.266829,-0.437252,-0.241031,0.866359,-0.006439,0.022357,-0.001124,-0.010417,-0.149031,0.240352,0.192703,0.057198,0.038665,0.002,-0.364176,-0.817988,0.445275,0.800201,-0.519437,-0.299769,0.4765,0.247141,0.843722,-0.003213,0.011133,-0.000587,-0.003476,-0.142114,0.240333,0.100952,0.075172,0.024709,-0.053664,-0.32676,0.697125,-0.638156,-0.716069,-0.623296,-0.314238,-0.616824,0.354283,0.702858,-1e-06,-1e-06,0.0,-2.8e-05,3e-06,1e-05,-0.602888
356,0.074353,-0.000291,0.380389,-0.296125,0.657499,-0.692856,-0.726006,-0.626249,-0.284075,-0.620319,0.418075,0.66366,8.1e-05,0.000229,0.00017,0.0,0.0,0.0,-0.526907,-0.067557,0.040807,0.373146,0.373858,0.830069,0.413771,-0.82544,0.501254,-0.259474,-0.42323,-0.245589,0.872023,-0.002454,0.007153,0.00456,0.052936,-0.172798,0.129208,0.14427,0.057083,0.038864,0.002085,-0.354199,-0.826374,0.437776,0.812578,-0.503669,-0.293312,0.46288,0.251837,0.849893,-0.00136,0.003947,0.002523,0.061191,-0.121857,-0.038038,0.057191,0.07517,0.024717,-0.053659,-0.326743,0.697133,-0.638156,-0.716074,-0.623285,-0.314249,-0.616827,0.354288,0.702853,4.9e-05,0.00014,0.000105,-9e-06,-5e-06,1.7e-05,-0.603704
357,0.074358,-0.000278,0.380399,-0.296085,0.657516,-0.692857,-0.726016,-0.626225,-0.284103,-0.620326,0.418086,0.663647,0.000346,0.000984,0.00073,0.0,0.0,0.0,-0.528371,-0.067878,0.040878,0.373209,0.372671,0.830978,0.413017,-0.826957,0.499373,-0.25827,-0.42131,-0.246351,0.872738,-0.01219,-0.003048,-0.00069,0.011165,-0.079019,0.14539,0.079473,0.056919,0.03891,0.002123,-0.353224,-0.82719,0.437021,0.814063,-0.501956,-0.29213,0.461013,0.252575,0.850688,-0.00599,-0.001839,-0.00054,-0.002481,0.016821,-0.027355,-0.017597,0.075171,0.024721,-0.053656,-0.326704,0.69715,-0.638157,-0.716086,-0.623258,-0.314275,-0.616834,0.354301,0.702841,0.000236,0.00067,0.000496,0.000972,-0.012435,0.025989,-0.60501
358,0.074371,-0.000273,0.380403,-0.296042,0.657534,-0.692859,-0.726028,-0.626198,-0.284133,-0.620333,0.418099,0.663632,4.2e-05,0.000119,8.8e-05,0.0,0.0,0.0,-0.528798,-0.068357,0.040599,0.373074,0.371393,0.83263,0.410835,-0.827384,0.497618,-0.260279,-0.421597,-0.244308,0.873174,-0.010346,-0.008481,-0.004153,-0.001433,0.023903,-0.057417,-0.013331,0.056679,0.03877,0.002056,-0.352229,-0.828893,0.434591,0.814321,-0.500305,-0.294237,0.461319,0.250258,0.851207,-0.005205,-0.004142,-0.002004,-0.009047,0.029521,-0.019829,-0.128144,0.075179,0.024726,-0.053652,-0.326661,0.697169,-0.638158,-0.716099,-0.623229,-0.314302,-0.616841,0.354314,0.702827,2.1e-05,6.3e-05,4.6e-05,-6e-06,4e-06,1.5e-05,-0.605664
359,0.074381,-0.000276,0.380401,-0.296019,0.657543,-0.69286,-0.726034,-0.626184,-0.284149,-0.620337,0.418105,0.663624,1e-06,1e-06,1e-06,0.0,0.0,0.0,-0.529213,-0.068556,0.040455,0.372995,0.370593,0.832908,0.410993,-0.827679,0.496978,-0.260565,-0.421723,-0.244662,0.873014,-0.010474,-0.008124,-0.003928,-0.00392,0.028785,-0.054593,-0.049616,0.056582,0.038694,0.002013,-0.351437,-0.829078,0.43488,0.814598,-0.499738,-0.29443,0.461432,0.250779,0.850993,-0.005331,-0.003781,-0.001778,-0.003491,0.018331,-0.026828,-0.176968,0.075184,0.024725,-0.053652,-0.326638,0.697179,-0.638159,-0.716106,-0.623214,-0.314317,-0.616846,0.354321,0.70282,-3e-06,-1.1e-05,-8e-06,-5e-06,-1e-06,1.3e-05,-0.605664
360,0.074393,-0.000271,0.380405,-0.295977,0.65756,-0.692862,-0.726045,-0.626157,-0.284178,-0.620344,0.418118,0.66361,8e-06,2.3e-05,1.7e-05,0.0,0.0,0.0,-0.532114,-0.068895,0.040266,0.372867,0.366874,0.835635,0.408791,-0.832541,0.491036,-0.256304,-0.415344,-0.247363,0.875308,0.001153,-0.00341,-0.002176,-0.001912,0.013654,-0.025304,-0.128386,0.056409,0.038594,0.001946,-0.347824,-0.831814,0.432555,0.819671,-0.493763,-0.290408,0.455145,0.253541,0.853556,-0.005634,-0.002905,-0.001222,0.000841,0.016983,-0.029581,-0.260246,0.07519,0.024728,-0.053651,-0.326596,0.697198,-0.63816,-0.716119,-0.623185,-0.314345,-0.616853,0.354335,0.702806,1e-06,4e-06,2e-06,-1.2e-05,-6e-06,-3e-06,-0.60648
361,0.074398,-0.000258,0.380415,-0.295937,0.657577,-0.692863,-0.726056,-0.626132,-0.284206,-0.62035,0.418129,0.663596,0.000154,0.000439,0.000326,0.0,0.0,0.0,-0.534048,-0.069154,0.040118,0.372699,0.366029,0.835897,0.409012,-0.832755,0.49043,-0.256771,-0.415661,-0.24768,0.875068,-0.013327,0.003852,-0.011703,0.03311,0.013813,-0.006155,-0.191917,0.056285,0.038517,0.001866,-0.346958,-0.832075,0.432747,0.819864,-0.493155,-0.290896,0.455459,0.253865,0.853292,-0.005289,-0.003932,-0.001879,-0.003784,0.02881,-0.054305,-0.327359,0.075192,0.024733,-0.053646,-0.326557,0.697216,-0.638161,-0.71613,-0.623159,-0.314371,-0.61686,0.354347,0.702794,9.8e-05,0.00028,0.000207,-1e-06,-9e-06,7e-06,-0.608276
362,0.0744,-0.000251,0.38042,-0.295917,0.657585,-0.692864,-0.726061,-0.626119,-0.28422,-0.620354,0.418135,0.66359,0.000481,0.001368,0.001014,0.000986,-0.01243,0.025982,-0.534943,-0.069247,0.040055,0.372612,0.365626,0.836018,0.409123,-0.832848,0.490149,-0.257007,-0.415828,-0.247828,0.874946,-0.001278,0.007364,-0.010715,0.035158,-0.001403,0.023084,-0.215347,0.056239,0.038485,0.001822,-0.346555,-0.832195,0.43284,0.819943,-0.492879,-0.29114,0.455623,0.254008,0.853162,0.000727,-0.002151,-0.00137,-0.001811,0.013602,-0.025083,-0.356751,0.075192,0.024735,-0.053645,-0.326537,0.697225,-0.638161,-0.716137,-0.623145,-0.314384,-0.616864,0.354353,0.702788,0.000236,0.000672,0.000497,0.000979,-0.012436,0.025982,-0.60893
363,0.074419,-0.000263,0.380424,-0.295888,0.657602,-0.69286,-0.726086,-0.626088,-0.284226,-0.620338,0.418156,0.663591,0.0,0.0,0.0,0.0,0.0,0.0,-0.536476,-0.069365,0.039942,0.372394,0.366313,0.83503,0.410525,-0.83369,0.490516,-0.253553,-0.413529,-0.250429,0.875295,-0.000392,0.004732,-0.012403,0.004633,0.069044,0.030681,-0.254535,0.056174,0.038431,0.001715,-0.347194,-0.831072,0.434482,0.820945,-0.493305,-0.287573,0.453326,0.256842,0.853537,0.000899,-0.002662,-0.001701,-0.024019,0.04942,0.028081,-0.401329,0.075203,0.024732,-0.053641,-0.326508,0.697242,-0.638157,-0.716163,-0.623114,-0.314387,-0.616849,0.354374,0.70279,-3e-06,-8e-06,-9e-06,-1.3e-05,-6e-06,-1.1e-05,-0.609746
364,0.074488,-0.000287,0.38042,-0.295745,0.657665,-0.692862,-0.726141,-0.625985,-0.284312,-0.620343,0.41821,0.663552,0.0,0.0,0.0,0.0,0.0,0.0,-0.540863,-0.069474,0.039767,0.372034,0.365959,0.832667,0.415608,-0.833659,0.491847,-0.251065,-0.413904,-0.255651,0.873607,0.000838,0.001072,-0.014762,-0.002165,0.082651,0.03862,-0.332309,0.056118,0.038348,0.001532,-0.346606,-0.828564,0.439709,0.821017,-0.494686,-0.284983,0.453645,0.262233,0.851726,0.000483,0.000359,-0.007491,0.016045,0.046332,0.017164,-0.456195,0.075237,0.024719,-0.053643,-0.326366,0.697309,-0.638157,-0.716222,-0.623006,-0.314464,-0.616855,0.354432,0.702756,0.006616,-0.001577,-0.001012,0.000991,-0.014729,0.029551,-0.611706
365,0.074645,-0.000311,0.380431,-0.299245,0.656073,-0.692868,-0.722561,-0.630004,-0.284555,-0.622834,0.414669,0.663442,0.01386,-0.001348,-0.000674,0.001971,-0.027142,0.055537,-0.555974,-0.069518,0.03964,0.371431,0.367241,0.827182,0.425318,-0.832846,0.496069,-0.245392,-0.414407,-0.265154,0.87053,0.002143,-0.002814,-0.017291,-0.011406,0.110681,0.021809,-0.433692,0.056095,0.038286,0.001238,-0.347472,-0.822827,0.449687,0.820473,-0.498968,-0.279024,0.453968,0.272003,0.848485,0.000973,-0.001094,-0.00844,0.014947,0.048282,0.017975,-0.551393,0.075314,0.024704,-0.05364,-0.329837,0.695624,-0.638211,-0.71254,-0.626915,-0.31506,-0.619268,0.350833,0.70244,0.006934,-0.000665,-0.000333,0.00184,-0.027162,0.055622,-0.617747
366,0.074753,-0.00033,0.38047,-0.298984,0.656201,-0.692859,-0.7227,-0.629788,-0.284681,-0.622798,0.414794,0.663397,0.000805,0.002295,0.001701,0.0,0.0,-0.0,-0.575868,-0.06953,0.039618,0.371027,0.368617,0.821589,0.434861,-0.832131,0.500189,-0.23938,-0.414623,-0.274662,0.867474,0.002814,-0.004813,-0.018604,-0.257763,0.597723,0.306017,-0.477081,0.05609,0.038275,0.001029,-0.348347,-0.818034,0.457682,0.819986,-0.502509,-0.274055,0.454176,0.279827,0.845824,0.00148,-0.002598,-0.009429,-0.328696,0.739356,0.390214,-0.600707,0.075368,0.024694,-0.053621,-0.329578,0.695759,-0.638198,-0.712689,-0.626692,-0.315168,-0.619235,0.350965,0.702404,0.007104,-0.000177,2.7e-05,0.001895,-0.027181,0.055623,-0.625422
367,0.075121,-0.000356,0.38061,-0.298016,0.656664,-0.692838,-0.723167,-0.62902,-0.285193,-0.622722,0.415225,0.663199,0.015066,0.002131,0.001894,0.001973,-0.027132,0.055542,-0.643769,-0.069549,0.039733,0.369969,0.37116,0.810304,0.453474,-0.827975,0.509907,-0.233207,-0.42064,-0.289935,0.859572,0.001049,0.004014,-0.028423,-0.108339,0.296777,0.385549,-0.537579,0.056081,0.038328,0.000509,-0.3499,-0.80593,0.477542,0.816205,-0.51246,-0.266818,0.459758,0.296413,0.837114,0.000515,0.00208,-0.014163,-0.145172,0.358364,0.424696,-0.673535,0.075541,0.024682,-0.053557,-0.328666,0.696219,-0.638166,-0.713156,-0.625943,-0.315598,-0.619182,0.351386,0.702239,0.007603,0.00127,0.001093,0.001926,-0.027151,0.0556,-0.660203
368,0.075611,-0.000309,0.380869,-0.302227,0.659087,-0.688701,-0.719694,-0.631463,-0.288559,-0.624706,0.40762,0.666044,0.015841,0.004417,0.003566,0.042626,0.030787,0.014863,-0.673524,-0.069612,0.040017,0.368614,0.367443,0.791629,0.488161,-0.818678,0.524388,-0.233915,-0.441596,-0.314698,0.840132,-1.9e-05,0.010767,-0.039589,0.351531,1.172326,0.409817,-0.641317,0.056048,0.038469,-0.000163,-0.344914,-0.787958,0.510054,0.80704,-0.526426,-0.267506,0.47929,0.319368,0.817486,-0.005911,0.003216,-0.020564,1.762757,2.470565,-0.297358,-0.747669,0.075785,0.024704,-0.053428,-0.332796,0.698519,-0.633496,-0.70981,-0.627825,-0.31938,-0.620818,0.343374,0.704753,0.008213,0.003059,0.002404,0.351073,0.216539,-0.456847,-0.694004
369,0.075898,-0.00024,0.381038,-0.302657,0.663181,-0.684569,-0.719799,-0.629782,-0.291951,-0.624377,0.403563,0.668817,0.016904,0.007526,0.005843,0.081015,0.212123,0.166541,-0.68467,-0.069734,0.04011,0.367804,0.365753,0.779745,0.508147,-0.811142,0.534802,-0.236578,-0.456663,-0.326637,0.827424,0.001401,0.006533,-0.042411,2.632981,2.029632,0.997904,-0.716782,0.055986,0.038522,-0.000564,-0.342156,-0.776474,0.529166,0.800831,-0.535558,-0.26804,0.491526,0.332061,0.805069,-0.005286,0.001575,-0.02173,2.4516,-0.387506,5.050956,-0.788655,0.075934,0.024733,-0.053341,-0.33312,0.701837,-0.629646,-0.710009,-0.626121,-0.322271,-0.620417,0.339699,0.706884,0.008072,-0.001007,0.007816,0.074501,0.31558,0.23034,-0.703965
370,0.076636,-4e-06,0.381388,-0.303629,0.667478,-0.679947,-0.721226,-0.627286,-0.293798,-0.622254,0.400357,0.672711,0.017634,0.009777,0.007451,-0.166372,0.118846,-0.059405,-0.717619,-0.070116,0.040315,0.365987,0.365252,0.748941,0.552873,-0.786195,0.566226,-0.247427,-0.498792,-0.34524,0.794909,-0.010348,0.001821,-0.044292,2.737716,-0.287506,4.28127,-0.843075,0.055801,0.038619,-0.001476,-0.335422,-0.746128,0.575139,0.776799,-0.564454,-0.279237,0.532987,0.353105,0.768922,-0.000231,0.007877,-0.025988,-0.39766,1.175242,0.301276,-0.83013,0.076303,0.024852,-0.053165,-0.334243,0.706253,-0.624088,-0.711397,-0.623402,-0.324474,-0.618219,0.335522,0.710795,0.015104,-0.001243,0.007761,-0.688253,0.388008,-0.384162,-0.725193
371,0.077539,0.000369,0.381712,-0.312854,0.666239,-0.676974,-0.716297,-0.633505,-0.29251,-0.623366,0.392569,0.676262,0.018012,0.01107,0.008334,0.004776,-0.025708,0.05293,-0.73416,-0.070639,0.040648,0.36396,0.365702,0.721212,0.588308,-0.769939,0.589581,-0.243971,-0.523243,-0.364652,0.770136,-0.012426,0.01151,-0.053545,-0.349542,1.389327,-0.087773,-0.955063,0.055545,0.038776,-0.002467,-0.339751,-0.716955,0.608723,0.757167,-0.592435,-0.275167,0.557912,0.367418,0.744135,-0.006193,0.005773,-0.026745,0.036073,1.021536,0.113343,-0.853481,0.076743,0.025038,-0.053004,-0.343591,0.704221,-0.621302,-0.706279,-0.629809,-0.323278,-0.618962,0.327737,0.713774,0.009108,0.005838,0.004376,0.034388,-0.023489,0.023756,-0.744134
372,0.078005,0.00058,0.381871,-0.316926,0.664748,-0.676545,-0.713905,-0.636754,-0.291301,-0.624048,0.389838,0.677213,0.01853,0.012697,0.009482,0.103927,0.003979,-0.019493,-0.736809,-0.070889,0.040857,0.362966,0.370835,0.705083,0.604426,-0.756864,0.606625,-0.243098,-0.538503,-0.368211,0.757825,-0.012778,0.01253,-0.052893,2.981182,0.080719,4.094449,-0.982895,0.055417,0.038882,-0.002987,-0.33935,-0.70278,0.625252,0.747838,-0.60476,-0.273865,0.570595,0.374652,0.730791,-0.006378,0.006316,-0.026397,-0.158911,0.997186,-0.294935,-0.860013,0.076988,0.025144,-0.052923,-0.347429,0.702637,-0.620962,-0.703886,-0.632945,-0.322372,-0.619546,0.325085,0.71448,0.015828,0.004749,0.003694,0.346486,0.10077,-0.252476,-0.750013
373,0.078989,0.001019,0.38224,-0.321486,0.663447,-0.675671,-0.712812,-0.639216,-0.288572,-0.622959,0.388025,0.679253,0.032004,0.010836,0.008297,-0.000863,-0.051068,0.10765,-0.741715,-0.071369,0.041328,0.360889,0.373789,0.6735,0.637708,-0.735089,0.634408,-0.238967,-0.565953,-0.380301,0.73139,-0.010169,0.001051,-0.045074,3.287221,-0.207415,3.998043,-1.006897,0.055171,0.039124,-0.004044,-0.342921,-0.667992,0.660447,0.723999,-0.635919,-0.267264,0.598522,0.386514,0.701696,-0.004989,0.000484,-0.022597,3.282352,-0.188933,4.006045,-0.854624,0.077475,0.025365,-0.052738,-0.35208,0.701085,-0.620094,-0.702592,-0.635686,-0.319792,-0.618387,0.323081,0.71639,0.009388,0.006837,0.005041,-0.009164,-0.032078,0.073455,-0.755238
374,0.079991,0.001404,0.382617,-0.328197,0.660558,-0.675274,-0.707074,-0.645762,-0.288116,-0.625982,0.382084,0.679842,0.031402,0.009358,0.007149,1.115673,0.521322,-1.221506,-0.743999,-0.071952,0.041638,0.358903,0.367092,0.643955,0.671236,-0.721608,0.652512,-0.23118,-0.587292,-0.400319,0.703347,-0.01266,0.012019,-0.053402,-0.05489,0.951941,-0.029119,-1.008065,0.054885,0.039273,-0.005017,-0.336149,-0.637257,0.693474,0.709756,-0.655408,-0.258236,0.619071,0.405392,0.672612,-0.005113,0.000645,-0.022499,0.100521,0.985422,0.265256,-0.852664,0.077977,0.025562,-0.052546,-0.357354,0.698698,-0.619772,-0.697905,-0.640751,-0.319945,-0.620665,0.318209,0.7166,0.00877,0.001601,0.00952,3.706106,1.566549,-3.684782,-0.758177
375,0.080999,0.001729,0.383011,-0.330943,0.65961,-0.67486,-0.705224,-0.648007,-0.287609,-0.62662,0.379921,0.680466,0.01731,0.002327,0.018457,-0.0317,-0.021824,0.065504,-0.74635,-0.072507,0.041828,0.357113,0.361843,0.618716,0.697318,-0.706829,0.669802,-0.227358,-0.608161,-0.411399,0.678789,-0.011478,0.004813,-0.042686,-0.083365,0.669508,-0.085241,-1.011975,0.054609,0.039366,-0.00592,-0.329539,-0.611745,0.719146,0.695151,-0.672632,-0.253633,0.638879,0.416333,0.646914,-0.005583,0.002012,-0.021603,-0.120739,0.831606,-0.255701,-0.842214,0.078487,0.025727,-0.052354,-0.361334,0.696978,-0.619401,-0.69475,-0.644293,-0.319698,-0.621899,0.314811,0.717031,0.01555,0.004388,0.003315,0.003496,-0.054492,0.111847,-0.75981
376,0.081499,0.00186,0.383197,-0.335442,0.657806,-0.6744,-0.702735,-0.651435,-0.28595,-0.627018,0.377183,0.681622,0.017677,0.010924,0.007958,0.001988,-0.02708,0.055558,-0.747225,-0.072741,0.041881,0.356314,0.361985,0.607595,0.706956,-0.697012,0.680006,-0.227377,-0.619314,-0.411219,0.66874,-0.009638,-0.004362,-0.0333,3.843475,-0.730667,3.497878,-1.0131,0.054496,0.039393,-0.006307,-0.325923,-0.602564,0.728484,0.689296,-0.678829,-0.253102,0.647027,0.41965,0.636591,-0.004844,-0.002024,-0.016524,-0.091457,0.596821,-0.158046,-0.846459,0.078737,0.025791,-0.052255,-0.365781,0.695031,-0.618978,-0.692162,-0.647755,-0.318315,-0.622185,0.312,0.718011,0.015506,0.004327,0.003252,-0.002747,0.030454,-0.067274,-0.760626
377,0.082482,0.00205,0.383652,-0.339048,0.656466,-0.673902,-0.700819,-0.65407,-0.284636,-0.627218,0.374958,0.682664,0.030787,0.008207,0.006149,0.002969,-0.041781,0.085125,-0.749902,-0.073086,0.041748,0.355141,0.354544,0.597787,0.718986,-0.691858,0.68498,-0.228186,-0.629314,-0.41729,0.655512,-0.008438,-0.011646,-0.022631,0.003634,0.262469,-0.1165,-1.013716,0.054316,0.039326,-0.006923,-0.320819,-0.59078,0.740306,0.680299,-0.687561,-0.253874,0.65899,0.422181,0.62249,-0.00426,-0.005639,-0.011178,0.019343,0.202681,-0.15846,-0.848582,0.079223,0.025886,-0.052028,-0.369361,0.693556,-0.618506,-0.690157,-0.650432,-0.317206,-0.622297,0.309703,0.718907,0.00852,0.000902,0.008979,-0.037677,0.062235,-0.112617,-0.762749
378,0.083409,0.002177,0.384197,-0.345003,0.653437,-0.673824,-0.694238,-0.660735,-0.285367,-0.631267,0.368525,0.682436,0.017077,0.002066,0.018113,-0.029018,-0.020773,0.062705,-0.751293,-0.073369,0.041313,0.354384,0.346661,0.595875,0.724396,-0.692216,0.683685,-0.230967,-0.633293,-0.422124,0.648548,-0.007504,-0.018139,-0.011377,-0.014205,0.060978,-0.034489,-1.01355,0.054178,0.039113,-0.007298,-0.312742,-0.589063,0.745114,0.680536,-0.686215,-0.256862,0.662617,0.426746,0.615487,-0.003651,-0.009339,-0.005874,-0.010664,0.04076,-0.080659,-0.853808,0.079691,0.025949,-0.051762,-0.375206,0.690378,-0.618545,-0.683405,-0.656855,-0.318588,-0.62624,0.303181,0.718264,0.015434,0.004382,0.003224,0.010489,-0.037534,0.075919,-0.763892
379,0.083853,0.002222,0.384516,-0.344395,0.653834,-0.673749,-0.694838,-0.660065,-0.285458,-0.630939,0.369019,0.682472,0.01734,0.002972,0.018716,-0.038709,0.063037,-0.114243,-0.752643,-0.073484,0.041019,0.354186,0.342231,0.596789,0.725749,-0.690923,0.683302,-0.235918,-0.6371,-0.421453,0.645247,-0.006157,-0.025844,-0.000923,-0.035613,0.036658,-0.079584,-1.012718,0.054121,0.038967,-0.007402,-0.308266,-0.59024,0.746048,0.678994,-0.685795,-0.262011,0.666286,0.425794,0.612177,-0.004273,-0.00746,-0.004549,0.006947,0.028249,-0.066678,-0.855604,0.079913,0.02597,-0.051603,-0.374472,0.690858,-0.618454,-0.684083,-0.656096,-0.318696,-0.625939,0.303732,0.718294,0.015138,-0.000179,0.00825,-0.031354,-0.036812,0.095476,-0.764709
380,0.08476,0.002317,0.385219,-0.350717,0.650636,-0.673584,-0.688339,-0.666736,-0.2857,-0.63456,0.362641,0.682533,0.017696,0.004279,0.019555,-0.029729,0.066622,-0.123527,-0.754207,-0.073823,0.040425,0.353942,0.335285,0.598363,0.727693,-0.689243,0.682382,-0.243378,-0.642585,-0.420713,0.640272,-0.009802,-0.011215,-0.006494,-0.004282,0.029915,-0.053923,-1.012414,0.053952,0.038666,-0.007521,-0.301289,-0.591877,0.7476,0.676996,-0.684905,-0.269407,0.671491,0.424953,0.607053,-0.004998,-0.005293,-0.003017,-0.005203,0.011937,-0.026073,-0.852501,0.080373,0.026019,-0.051245,-0.380797,0.687445,-0.618394,-0.677405,-0.662616,-0.31947,-0.629376,0.297251,0.718001,0.008861,0.002205,0.009811,-0.031228,0.067059,-0.123607,-0.766342
381,0.085631,0.002482,0.386016,-0.353844,0.651314,-0.67129,-0.68581,-0.668641,-0.287326,-0.635558,0.357894,0.684108,0.018244,0.006231,0.02082,-0.028641,-0.011434,0.070247,-0.756572,-0.074402,0.03995,0.353782,0.329222,0.600035,0.729083,-0.688627,0.680881,-0.249253,-0.646364,-0.420766,0.636422,-0.01072,-0.008448,-0.004526,-0.004278,0.02991,-0.053926,-1.010276,0.053662,0.038431,-0.007601,-0.295193,-0.593536,0.748715,0.676106,-0.683462,-0.275242,0.675085,0.424962,0.603047,-0.011708,-0.005364,-0.002311,-0.005846,0.028679,-0.056636,-0.852011,0.080801,0.026099,-0.050854,-0.383993,0.688019,-0.615774,-0.674857,-0.664287,-0.321388,-0.630172,0.292149,0.719396,0.009157,0.003253,0.010493,-0.034504,-0.035241,0.05532,-0.768464
382,0.08648,0.002692,0.386901,-0.356702,0.65214,-0.668971,-0.683467,-0.670286,-0.28907,-0.636479,0.353293,0.685642,0.018743,0.008061,0.021972,-0.026735,-0.004801,0.073251,-0.756763,-0.075425,0.039563,0.353612,0.32662,0.599809,0.730437,-0.683785,0.683497,-0.255347,-0.652792,-0.416819,0.632445,-0.036781,-0.011007,-0.003333,-0.006133,0.045616,-0.087736,-1.009915,0.05317,0.038239,-0.007687,-0.292595,-0.593266,0.749948,0.670941,-0.686182,-0.281054,0.681341,0.420936,0.59882,-0.012203,-0.003853,-0.001227,-0.007591,0.02721,-0.055548,-0.856094,0.081226,0.026203,-0.050412,-0.386834,0.688625,-0.613314,-0.672517,-0.665729,-0.323301,-0.630935,0.287401,0.720639,0.00943,0.004254,0.011128,-0.031326,-0.043133,0.08325,-0.768138
383,0.086921,0.002802,0.387358,-0.356705,0.654423,-0.666736,-0.684243,-0.668865,-0.290521,-0.635644,0.351762,0.687202,0.01859,0.007698,0.021666,0.077821,0.354676,0.236686,-0.756473,-0.076037,0.0394,0.353559,0.327245,0.598698,0.731069,-0.67926,0.686889,-0.258306,-0.657193,-0.412814,0.630512,-0.037117,-0.009949,-0.002585,-0.00149,0.049129,-0.091106,-1.0101,0.052864,0.038159,-0.007712,-0.293184,-0.592148,0.750601,0.666268,-0.689603,-0.283783,0.685659,0.416901,0.59671,-0.018613,-0.004803,-0.001151,0.044821,0.083787,-0.124899,-0.855114,0.08144,0.02626,-0.050194,-0.386107,0.689256,-0.613063,-0.673307,-0.664862,-0.323444,-0.630538,0.287895,0.720788,0.015907,0.002792,0.010139,0.120251,0.466157,0.354907,-0.769118
