frame,MLTx,MLTy,MLTz,MLTR1,MLTR2,MLTR3,MLTR4,MLTR5,MLTR6,MLTR7,MLTR8,MLTR9,MLTTVx,MLTTVy,MLTTVz,MLTRVx,MLTRVy,MLTRVz,MLGA,MRTx,MRTy,MRTz,MRTR1,MRTR2,MRTR3,MRTR4,MRTR5,MRTR6,MRTR7,MRTR8,MRTR9,MRTTVx,MRTTVy,MRTTVz,MRTRVx,MRTRVy,MRTRVz,MRGA,SLTx,SLTy,SLTz,SLTR1,SLTR2,SLTR3,SLTR4,SLTR5,SLTR6,SLTR7,SLTR8,SLTR9,SLTTVx,SLTTVy,SLTTVz,SLTRVx,SLTRVy,SLTRVz,SLGA,SRTx,SRTy,SRTz,SRTR1,SRTR2,SRTR3,SRTR4,SRTR5,SRTR6,SRTR7,SRTR8,SRTR9,SRTTVx,SRTTVy,SRTTVz,SRTRVx,SRTRVy,SRTRVz,SRGA
1308,0.033438,0.032141,0.383659,-0.674275,0.11765,-0.72908,0.094917,-0.965204,-0.243607,-0.731534,-0.233615,0.640554,0.013757,-0.001319,-0.000477,-0.084487,-0.252439,-0.093074,-0.773295,-0.134613,0.064789,0.352734,0.522766,0.769319,0.367227,-0.821447,0.569727,-0.023863,-0.228218,-0.290157,0.929295,3.6e-05,-0.000261,-0.000151,-0.08072,0.071128,0.055038,-0.357963,0.025907,0.05113,-0.006713,-0.396457,-0.839084,0.372502,0.890223,-0.450517,-0.067347,0.224329,0.30491,0.925583,2e-05,-0.00014,-8.1e-05,-0.047298,0.044077,0.042849,-0.495711,0.053919,0.040887,-0.050421,-0.66641,0.04533,-0.744206,0.215048,-0.944044,-0.25007,-0.713898,-0.326689,0.619372,0.007892,0.004765,-0.00459,-0.076801,-0.356041,-0.125927,-0.693024
1309,0.033786,0.031958,0.383679,-0.669116,0.114973,-0.734242,0.094245,-0.966827,-0.23735,-0.736343,-0.228164,0.636998,0.009586,-0.01644,0.005265,-0.036052,-0.00392,0.009816,-0.903204,-0.134638,0.064715,0.352705,0.536741,0.755031,0.376601,-0.812638,0.582633,-0.009601,-0.227328,-0.301844,0.925784,0.000249,-0.00182,-0.001054,0.313512,0.257501,1.746517,-0.105278,0.025894,0.051096,-0.006726,-0.410058,-0.828249,0.38191,0.88474,-0.462941,-0.054036,0.221557,0.315733,0.922618,0.00021,-0.001032,-0.000655,1.644283,0.339726,5.376448,-0.421251,0.054097,0.040808,-0.05041,-0.660303,0.043316,-0.749748,0.214369,-0.945928,-0.243445,-0.719753,-0.321471,0.615314,-0.001492,-0.00638,0.003683,-0.024313,0.069182,-0.012318,-0.714089
1310,0.033801,0.031712,0.383706,-0.671032,0.107083,-0.733685,0.092566,-0.969645,-0.226255,-0.73481,-0.219879,0.641665,-0.003002,-0.00598,-0.004132,-0.022252,-0.099126,0.121737,-0.956499,-0.134656,0.064716,0.352674,0.539739,0.750731,0.380889,-0.811267,0.584615,-0.002369,-0.225114,-0.308675,0.924071,0.000149,-0.00109,-0.000631,-0.242388,0.115358,0.339545,0.01329,0.025886,0.051094,-0.006742,-0.414941,-0.823502,0.386869,0.883156,-0.466781,-0.046367,0.218766,0.322426,0.920968,9e-05,-0.000659,-0.000381,-0.326523,0.285673,0.218068,-0.297477,0.05411,0.040682,-0.050392,-0.661416,0.035187,-0.749193,0.212729,-0.949076,-0.23238,-0.719218,-0.313075,0.620249,-0.001655,-0.003294,-0.002278,-0.003313,-0.071617,0.153666,-0.708863
1311,0.033736,0.030959,0.383701,-0.683759,0.078373,-0.725518,0.096936,-0.975621,-0.196819,-0.722408,-0.205011,0.660397,0.00498,-0.025688,-0.001151,-0.56747,0.360538,-0.303357,-1.052946,-0.134734,0.064766,0.352484,0.548848,0.738483,0.391664,-0.804994,0.593143,0.009978,-0.225617,-0.321699,0.919495,-0.000934,0.006826,-0.010295,-0.168158,0.184628,0.132591,0.125893,0.025846,0.051121,-0.006831,-0.425457,-0.812541,0.398449,0.878548,-0.476472,-0.033553,0.217113,0.335782,0.916575,-0.000513,0.003772,-0.004936,-0.186467,0.182253,0.173559,-0.088301,0.054077,0.040303,-0.050396,-0.67109,0.005219,-0.741356,0.217046,-0.954778,-0.203196,-0.708891,-0.297272,0.63961,0.002331,-0.013155,-0.000794,-0.605596,0.393248,-0.337431,-0.716048
1312,0.033851,0.030363,0.383457,-0.695797,0.035904,-0.717372,0.116306,-0.979911,-0.161926,-0.707911,-0.196155,0.678537,-0.003824,-0.007627,-0.005313,-1.852513,1.287085,-1.471393,-1.172283,-0.135125,0.065157,0.351968,0.566698,0.718029,0.404078,-0.791028,0.611277,0.023446,-0.230865,-0.333833,0.913849,-0.014206,0.01719,-0.017609,-0.470125,0.469621,0.375719,0.147485,0.025656,0.051308,-0.007089,-0.444749,-0.795991,0.410605,0.867897,-0.496257,-0.021968,0.221252,0.346593,0.911548,-0.007048,0.008234,-0.009006,-0.03326,0.00196,0.238471,-0.014821,0.054129,0.039996,-0.050524,-0.677435,-0.036901,-0.734655,0.236389,-0.956684,-0.169924,-0.696563,-0.288778,0.656815,0.003884,-0.006669,-0.004414,-0.140449,-0.125973,0.155911,-0.763239
1313,0.033935,0.030258,0.383267,-0.703274,0.010366,-0.710874,0.128174,-0.981635,-0.141192,-0.69841,-0.190433,0.689917,0.009162,-0.010582,-0.006922,-1.952225,1.342932,-1.352988,-1.229105,-0.13547,0.065605,0.351524,0.569414,0.713466,0.40832,-0.78923,0.61335,0.029167,-0.230333,-0.33977,0.911793,-0.027237,0.025963,-0.025822,-0.197528,0.282031,0.179202,0.162955,0.025488,0.05153,-0.007307,-0.448471,-0.791014,0.416135,0.86654,-0.498897,-0.014459,0.219046,0.354113,0.909187,-0.007837,0.014132,-0.012688,-0.258438,0.206586,0.445966,0.005754,0.054166,0.039943,-0.050619,-0.682054,-0.063286,-0.728558,0.24797,-0.957241,-0.148991,-0.687977,-0.282281,0.668584,-0.000544,0.002342,-0.006497,-0.54161,0.352499,-0.31536,-0.781038
1314,0.033921,0.030277,0.383013,-0.713848,-0.039948,-0.699191,0.151594,-0.983492,-0.098655,-0.682822,-0.176376,0.708993,0.000336,0.007514,-0.011024,0.621879,0.490986,-1.70693,-1.343672,-0.136317,0.066886,0.350305,0.574783,0.703026,0.418772,-0.785393,0.617549,0.041532,-0.230121,-0.353662,0.906549,-0.028259,0.03403,-0.035253,-0.138145,0.252062,0.183654,0.215096,0.025071,0.052159,-0.007897,-0.454691,-0.781704,0.426841,0.863887,-0.50368,-0.002173,0.21669,0.367754,0.904323,-0.014122,0.017077,-0.017581,-0.297824,0.386751,0.282355,0.05915,0.054162,0.039948,-0.050749,-0.68739,-0.115995,-0.716965,0.269612,-0.957379,-0.103599,-0.674391,-0.264516,0.689367,0.00029,0.003972,-0.005345,0.602339,0.533722,-1.744634,-0.795081
1315,0.033859,0.030328,0.38284,-0.714077,-0.087802,-0.694572,0.167608,-0.984674,-0.047917,-0.678833,-0.150531,0.718717,-0.001982,-0.003952,-0.002764,0.901324,-0.325984,-2.103923,-1.461574,-0.137415,0.068338,0.348729,0.57887,0.692863,0.429933,-0.782023,0.620987,0.052441,-0.23136,-0.36745,0.900731,-0.040739,0.039632,-0.045127,-0.294195,0.420825,0.306056,0.26009,0.02452,0.052898,-0.008694,-0.459376,-0.772885,0.437745,0.861522,-0.507659,0.007768,0.216222,0.380695,0.899065,-0.014478,0.020044,-0.022872,-0.305838,0.43616,0.332881,0.128385,0.054135,0.039982,-0.050831,-0.683892,-0.161747,-0.711427,0.282642,-0.957705,-0.053963,-0.67261,-0.237984,0.700684,-0.000719,-0.001552,-0.001027,3.780302,0.377531,-4.579595,-0.790182
1316,0.033731,0.030178,0.382685,-0.695381,-0.129243,-0.706956,0.192303,-0.981272,-0.009837,-0.69158,-0.142637,0.708094,-0.00253,-0.00504,-0.003532,-0.282528,-0.743066,-1.284209,-1.561903,-0.138796,0.069952,0.346828,0.590221,0.675832,0.441453,-0.771391,0.63327,0.062118,-0.238304,-0.378051,0.894512,-0.041774,0.048401,-0.05396,-0.191966,0.374498,0.2739,0.295127,0.02383,0.053699,-0.009643,-0.472653,-0.757443,0.45042,0.853058,-0.521498,0.018196,0.221111,0.392835,0.892631,-0.014319,0.019222,-0.023249,-0.39528,0.607043,0.273415,0.177046,0.054071,0.039907,-0.050908,-0.660034,-0.201363,-0.723745,0.307356,-0.951466,-0.015579,-0.685483,-0.23273,0.689891,-0.001527,-0.003032,-0.002121,0.272138,-0.691871,-0.710135,-0.800306
1317,0.033633,0.029998,0.382679,-0.685477,-0.149665,-0.712578,0.204167,-0.978879,0.009121,-0.698041,-0.139054,0.702445,-0.015167,-0.001349,-0.001425,-0.423141,-0.613532,-1.246002,-1.599307,-0.139531,0.07071,0.345877,0.59908,0.664543,0.446628,-0.76259,0.643486,0.065698,-0.244477,-0.380794,0.891678,-0.040132,0.036283,-0.046801,2.423812,0.56775,5.064317,0.312212,0.023462,0.054081,-0.010122,-0.47876,-0.749832,0.456661,0.848915,-0.528028,0.022979,0.2239,0.398668,0.889343,-0.019933,0.017286,-0.023881,-0.053216,0.228857,0.123356,0.203336,0.054027,0.039816,-0.050911,-0.647342,-0.220407,-0.729635,0.31854,-0.947901,0.003727,-0.692444,-0.230005,0.683825,-0.002588,-0.008588,0.002131,-0.276846,-0.141678,-1.03247,-0.804225
1318,0.033502,0.029534,0.382685,-0.669845,-0.170856,-0.722607,0.218417,-0.975436,0.028093,-0.708824,-0.138807,0.691612,-0.003258,-0.006484,-0.004562,-0.224247,-0.295074,-0.630001,-1.639097,-0.141018,0.071954,0.34409,0.600661,0.652281,0.462307,-0.757787,0.64874,0.069494,-0.255327,-0.392897,0.883348,-0.039827,0.034535,-0.047686,-0.297315,0.54039,0.122178,0.342804,0.022718,0.054703,-0.011015,-0.485205,-0.736383,0.471504,0.841983,-0.538935,0.024754,0.235882,0.409009,0.881516,-0.019134,0.011368,-0.020227,0.133016,0.041547,-0.046767,0.249057,0.053957,0.039585,-0.050907,-0.628032,-0.2401,-0.74022,0.332121,-0.942929,0.024066,-0.703754,-0.230729,0.671932,-0.002373,-0.008148,0.002432,-0.339994,-0.542175,-0.562657,-0.814186
1319,0.033369,0.029271,0.382646,-0.659935,-0.179576,-0.729578,0.222369,-0.974185,0.038568,-0.716849,-0.136567,0.683743,-0.001774,-0.003529,-0.002487,-0.269051,-0.589705,-0.333636,-1.653089,-0.142352,0.072852,0.342635,0.602198,0.646941,0.467778,-0.754283,0.652942,0.068252,-0.262017,-0.394756,0.880555,-0.025741,0.016718,-0.030756,0.064143,0.171295,-0.194011,0.356671,0.022061,0.055145,-0.011742,-0.487999,-0.730122,0.478308,0.838814,-0.54381,0.025701,0.241344,0.413755,0.877815,-0.01286,0.008469,-0.015289,0.111077,0.029109,-0.050912,0.279266,0.053887,0.039448,-0.050931,-0.61824,-0.247484,-0.746009,0.335822,-0.941312,0.033969,-0.710635,-0.229526,0.665067,-0.001442,-0.006291,0.003737,-0.066023,-0.053564,-0.053997,-0.814839
1320,0.033359,0.029204,0.382612,-0.645589,-0.185938,-0.740734,0.222625,-0.973592,0.050288,-0.729721,-0.132217,0.67086,-0.000433,-0.00086,-0.000607,-0.344386,-0.773403,-0.395102,-1.651183,-0.143225,0.073403,0.34173,0.601335,0.64458,0.472127,-0.754162,0.652969,0.069321,-0.264341,-0.398561,0.878144,-0.012067,0.001894,-0.012141,-0.208612,0.231782,0.142142,0.362487,0.021602,0.055427,-0.012221,-0.486645,-0.728575,0.482031,0.838943,-0.54363,0.025294,0.243618,0.416706,0.875788,-0.006055,0.001281,-0.005857,-0.306319,0.309607,0.194083,0.294778,0.053882,0.039413,-0.050949,-0.603093,-0.251927,-0.756842,0.335718,-0.940854,0.04566,-0.723582,-0.226548,0.651999,0.005954,-0.002596,-0.001583,-0.132618,-0.316191,-0.125192,-0.807001
1321,0.033416,0.02916,0.382596,-0.637271,-0.189422,-0.747028,0.222554,-0.973246,0.056858,-0.737021,-0.129792,0.663311,-0.000538,-0.001071,-0.000755,-0.282732,-0.635162,-0.32446,-1.648581,-0.14355,0.073532,0.34147,0.604861,0.639774,0.474156,-0.750308,0.657264,0.07054,-0.26726,-0.399239,0.876951,-0.012352,0.004444,-0.010611,-0.301345,0.297713,0.235489,0.365379,0.021439,0.055492,-0.012351,-0.490521,-0.7247,0.48394,0.835822,-0.548384,0.025982,0.246556,0.417233,0.874715,-0.006192,0.002465,-0.00515,-0.463477,0.427167,0.322934,0.299187,0.053911,0.039394,-0.050955,-0.593582,-0.254515,-0.763466,0.335439,-0.940583,0.052762,-0.731532,-0.224778,0.643687,-0.000309,-0.000616,-0.000434,-0.293478,-0.664137,-0.341184,-0.809614
1322,0.03364,0.028964,0.382444,-0.63163,-0.20641,-0.747318,0.222996,-0.971534,0.079792,-0.74173,-0.116001,0.660612,-0.002652,-0.005284,-0.003732,-0.082419,-0.04246,-0.123849,-1.643289,-0.143934,0.073568,0.341298,0.603991,0.638796,0.476577,-0.750828,0.656533,0.071798,-0.267767,-0.402001,0.875534,-0.011501,-0.001915,-0.000233,-0.01,0.02215,-0.023387,0.372354,0.021252,0.055511,-0.012436,-0.490238,-0.722604,0.487348,0.836139,-0.547753,0.028929,0.246042,0.421673,0.872728,-0.005764,-0.00078,-2e-06,0.013196,0.003334,-0.036612,0.308005,0.054028,0.039305,-0.051025,-0.584109,-0.271311,-0.764987,0.33509,-0.939019,0.077175,-0.739277,-0.211261,0.639403,0.004898,-0.004704,-0.003075,-0.138046,0.105861,-0.152851,-0.81043
1323,0.033722,0.02852,0.38214,-0.631206,-0.234695,-0.739285,0.232629,-0.96652,0.108142,-0.73913,-0.103434,0.665594,-0.005437,-0.010845,-0.007688,-0.05684,-0.009049,-0.260292,-1.643082,-0.144041,0.073514,0.34137,0.60365,0.637579,0.478635,-0.751199,0.655867,0.073979,-0.267496,-0.405013,0.874227,-6.7e-05,0.00061,0.000366,-0.01563,0.117697,-0.159542,0.374711,0.021193,0.055489,-0.012397,-0.490021,-0.721483,0.489224,0.836471,-0.547135,0.030946,0.245345,0.424386,0.871608,0.000669,-0.005398,0.003863,-0.02907,0.003285,-0.023492,0.3147,0.054071,0.039087,-0.051174,-0.581198,-0.299166,-0.756774,0.343366,-0.933286,0.105241,-0.737772,-0.198685,0.645148,0.003211,-0.008086,-0.005479,-0.052899,-0.046668,-0.224949,-0.812553
1324,0.033766,0.028167,0.381958,-0.627709,-0.242416,-0.739771,0.241149,-0.964078,0.11123,-0.739381,-0.108281,0.664543,0.003942,-0.028032,-0.003009,-0.054771,0.190435,-0.402095,-1.642635,-0.144026,0.07346,0.341412,0.603259,0.637735,0.478919,-0.75151,0.655511,0.073974,-0.267503,-0.405345,0.874071,0.001437,-0.011715,0.007165,-0.036613,0.009707,-0.018357,0.373257,0.0212,0.055469,-0.012377,-0.489461,-0.721665,0.489516,0.83679,-0.546657,0.030791,0.245376,0.424694,0.871449,-5e-06,4.9e-05,3.2e-05,0.000749,-0.000994,-0.001426,0.315516,0.054091,0.038907,-0.051267,-0.576522,-0.306534,-0.757402,0.351548,-0.929834,0.108728,-0.737587,-0.203579,0.643831,0.001864,-0.01423,-0.001657,-0.032065,0.234493,-0.380523,-0.810757
1325,0.034195,0.027361,0.381425,-0.627602,-0.24836,-0.737888,0.246897,-0.962318,0.113832,-0.737574,-0.110439,0.666194,0.017263,-0.023763,-0.015932,0.007522,0.076534,-0.153652,-1.648045,-0.143818,0.073408,0.341429,0.603641,0.636147,0.480548,-0.751353,0.655411,0.076422,-0.267084,-0.407997,0.872966,0.011603,0.001016,-0.000307,0.000494,-0.013845,0.030391,0.371014,0.021301,0.055439,-0.012365,-0.48997,-0.720118,0.491282,0.836755,-0.546559,0.033377,0.24448,0.427436,0.87036,2.1e-05,-0.00019,-0.000117,0.010728,-0.008746,-0.00618,0.31421,0.054297,0.038509,-0.05153,-0.576119,-0.312145,-0.755414,0.356928,-0.927507,0.111043,-0.735314,-0.205654,0.645769,0.008702,-0.011749,-0.007876,0.032662,0.049236,-0.119431,-0.815982
1326,0.034882,0.026734,0.380717,-0.626083,-0.254743,-0.737001,0.250538,-0.960729,0.11917,-0.737639,-0.109727,0.66624,0.019269,-0.019879,-0.013208,-0.044692,-0.111441,-0.015117,-1.67029,-0.143668,0.073407,0.341384,0.604194,0.634491,0.482041,-0.751017,0.655522,0.078731,-0.266777,-0.410392,0.871936,0.000191,-0.001724,-0.001035,-0.007875,0.00691,0.00582,0.366382,0.021379,0.055442,-0.012385,-0.490735,-0.718505,0.492876,0.836521,-0.546761,0.035831,0.243741,0.429885,0.86936,3.4e-05,-0.000303,-0.000185,0.012275,-0.009175,-0.00494,0.311271,0.054635,0.038185,-0.051891,-0.573862,-0.318494,-0.754482,0.360242,-0.92553,0.116698,-0.735464,-0.204828,0.645862,0.010404,-0.004965,-0.01128,-0.025577,-0.059873,-0.18677,-0.827086
1327,0.035433,0.02644,0.380358,-0.622434,-0.259843,-0.73831,0.256691,-0.958875,0.120994,-0.738614,-0.113891,0.664459,0.034545,-0.011624,-0.02324,0.017315,-0.090184,0.057966,-1.673316,-0.143613,0.073381,0.341375,0.60476,0.632857,0.483476,-0.750708,0.655584,0.081126,-0.266362,-0.412811,0.87092,0.000125,-0.001133,-0.000681,-0.055493,0.0487,0.041015,0.363451,0.021407,0.055427,-0.012391,-0.491409,-0.717024,0.494362,0.836355,-0.546854,0.0382,0.242953,0.432235,0.868416,7.7e-05,-0.000699,-0.000423,-0.049127,0.044387,0.039549,0.308331,0.054904,0.038033,-0.052068,-0.569299,-0.323242,-0.755918,0.366073,-0.922949,0.11897,-0.736131,-0.208992,0.643764,0.016515,-0.010804,-0.006981,0.002231,-0.035265,0.059485,-0.828719
1328,0.036885,0.025834,0.379678,-0.602032,-0.284114,-0.746246,0.284188,-0.949596,0.132196,-0.745442,-0.132142,0.653362,0.034994,-0.017703,-0.011163,-0.153186,-0.289622,-0.268282,-1.672153,-0.143435,0.073292,0.34134,0.60531,0.631196,0.484956,-0.750414,0.655613,0.083571,-0.265938,-0.415302,0.869864,0.011786,-0.000575,-0.001265,-0.004659,-0.00932,0.034201,0.357438,0.021492,0.055382,-0.012409,-0.49213,-0.715453,0.495916,0.83616,-0.546975,0.040662,0.242162,0.434676,0.867417,0.000133,-0.001195,-0.000721,0.014765,-0.011394,-0.006875,0.301147,0.055629,0.037731,-0.052414,-0.546266,-0.344638,-0.763424,0.391953,-0.910661,0.130646,-0.740247,-0.227859,0.632545,0.024458,-0.00606,-0.011574,-0.131191,-0.49417,-0.13275,-0.828066
1329,0.038429,0.025205,0.379216,-0.582321,-0.324764,-0.745303,0.318861,-0.934522,0.158012,-0.747094,-0.145237,0.648678,0.036471,-0.014727,-0.00905,-1.366175,1.463626,-2.040649,-1.675821,-0.143207,0.073214,0.341265,0.60545,0.631083,0.484929,-0.750297,0.65574,0.083633,-0.265952,-0.415274,0.869874,0.011834,-0.00095,-0.001493,0.002043,-0.015204,0.029246,0.349874,0.02161,0.055342,-0.012447,-0.492243,-0.715496,0.495743,0.836065,-0.547133,0.040493,0.242265,0.434406,0.867524,0.00592,-0.000485,-0.000757,0.002349,-0.015618,0.02862,0.293472,0.056415,0.037411,-0.052648,-0.52094,-0.382408,-0.763141,0.424021,-0.891858,0.15746,-0.740828,-0.241561,0.626754,0.018365,-0.007203,-0.004467,-1.31229,1.538427,-1.990378,-0.828719
1330,0.039765,0.024542,0.379004,-0.562045,-0.368508,-0.740507,0.357153,-0.915626,0.184504,-0.745321,-0.160323,0.647163,0.024293,-0.009891,-0.006106,1.077244,-0.336719,-1.684496,-1.700896,-0.142995,0.073055,0.341164,0.603751,0.630798,0.487412,-0.750728,0.65547,0.081859,-0.26859,-0.416133,0.868652,0.000631,-0.005599,-0.003377,-0.002204,0.016981,-0.023177,0.336688,0.021711,0.055271,-0.012492,-0.490469,-0.715025,0.498175,0.836391,-0.546765,0.038687,0.244722,0.435644,0.866212,0.00033,-0.002922,-0.001766,-0.003616,0.014817,-0.022574,0.280735,0.057076,0.037086,-0.05275,-0.497691,-0.42259,-0.757443,0.457625,-0.869776,0.184572,-0.736805,-0.254765,0.626268,0.012144,-0.004944,-0.003077,3.888079,-1.229978,-4.084325,-0.830678
1331,0.040346,0.024363,0.37891,-0.5483,-0.386107,-0.741845,0.37665,-0.905993,0.193087,-0.745977,-0.173073,0.643111,0.026039,-0.006225,-0.003464,3.814437,-1.369203,-4.271851,-1.72478,-0.142896,0.072955,0.341076,0.601945,0.630571,0.489932,-0.751204,0.655158,0.079961,-0.271302,-0.416968,0.867408,0.000851,-0.007535,-0.00455,0.008256,0.035258,-0.030776,0.335664,0.021765,0.055222,-0.012536,-0.488606,-0.714578,0.500641,0.836733,-0.546373,0.036766,0.247264,0.436868,0.864873,0.005476,0.002896,-0.005837,0.070858,0.052669,-0.000833,0.274857,0.057373,0.036989,-0.052802,-0.482633,-0.438634,-0.758066,0.475913,-0.857956,0.193436,-0.735236,-0.267415,0.622829,0.013091,-0.00297,-0.001645,3.718721,-1.51123,-4.342203,-0.830025
1332,0.041492,0.024195,0.378769,-0.520497,-0.409707,-0.749178,0.408584,-0.889905,0.202729,-0.749109,-0.20008,0.63153,0.027387,-0.003313,-0.001381,-0.060715,-0.134563,-0.358491,-1.737115,-0.14269,0.072687,0.34075,0.598704,0.630822,0.493568,-0.752513,0.653988,0.077188,-0.274831,-0.418426,0.865593,-7.8e-05,-0.000481,-0.014555,0.034398,0.007395,-0.004753,0.350158,0.021868,0.055087,-0.012694,-0.485209,-0.714448,0.504117,0.837768,-0.544964,0.034009,0.250428,0.438835,0.862964,0.000741,-0.006493,-0.003939,-0.005615,0.032156,-0.045723,0.278939,0.057947,0.036906,-0.052872,-0.449482,-0.459792,-0.765869,0.506692,-0.837322,0.205315,-0.735682,-0.295774,0.609334,0.013762,-0.001517,-0.000607,-0.021022,-0.062994,-0.328353,-0.830515
1333,0.042223,0.0241,0.378751,-0.488327,-0.435601,-0.756197,0.441241,-0.870833,0.216628,-0.752277,-0.227345,0.618402,0.001226,0.002612,0.001882,0.001635,-1.016429,0.080554,-1.735026,-0.142378,0.072403,0.340276,0.594611,0.631317,0.497863,-0.754245,0.652383,0.07379,-0.278943,-0.420185,0.863423,0.011849,-0.001788,-0.016322,0.036439,-0.007783,0.024507,0.365608,0.02202,0.054944,-0.012932,-0.480894,-0.71445,0.508234,0.839133,-0.543064,0.03058,0.254156,0.441182,0.860675,0.006002,-0.001515,-0.008542,0.018736,0.126342,-0.158451,0.298044,0.058315,0.036865,-0.052876,-0.416752,-0.48199,-0.770715,0.536929,-0.814667,0.219141,-0.733501,-0.322493,0.598309,0.006994,-0.000601,-0.000217,1.109216,-1.66206,1.731907,-0.822514
1334,0.042346,0.024058,0.378787,-0.470804,-0.450086,-0.758822,0.461203,-0.858761,0.223144,-0.751495,-0.244361,0.612838,0.00066,0.001408,0.001014,-0.193818,-0.357921,-0.184435,-1.73458,-0.142118,0.072358,0.339938,0.593785,0.631501,0.498616,-0.754549,0.652136,0.072863,-0.279882,-0.420293,0.863066,0.023579,-0.001217,-0.016937,0.02317,0.094509,-0.105971,0.364226,0.022145,0.054919,-0.013101,-0.480121,-0.71451,0.508879,0.839312,-0.542837,0.02969,0.255025,0.441363,0.860325,0.006065,-0.001977,-0.008841,0.034132,0.00923,0.001335,0.302943,0.058377,0.036846,-0.052857,-0.395865,-0.493871,-0.774196,0.554907,-0.800387,0.226841,-0.731687,-0.339809,0.590899,0.006634,-0.001269,-0.000672,-0.242131,-0.467206,-0.205426,-0.820064
1335,0.042313,0.023965,0.378831,-0.40831,-0.4835,-0.77431,0.520611,-0.820083,0.237485,-0.749314,-0.305553,0.587532,-0.000987,-0.002106,-0.001517,0.016332,-0.893873,-0.466089,-1.739807,-0.14144,0.072548,0.339051,0.593695,0.631196,0.499108,-0.753858,0.653144,0.070957,-0.281931,-0.419181,0.86294,0.022287,0.00921,-0.024914,0.059671,0.085385,-0.087234,0.34854,0.022476,0.055006,-0.013533,-0.480002,-0.714226,0.50939,0.838735,-0.543827,0.027837,0.257138,0.440606,0.860084,0.005418,0.003248,-0.012826,0.070777,-0.000199,0.019847,0.294942,0.058359,0.036806,-0.052831,-0.331443,-0.518948,-0.787932,0.607885,-0.756148,0.242308,-0.72154,-0.398661,0.566081,-0.000784,-0.001565,-0.001205,3.826777,-2.182791,-3.758036,-0.826269
1336,0.042222,0.023664,0.378813,-0.361915,-0.496499,-0.789019,0.542452,-0.800486,0.254831,-0.757671,-0.335167,0.560021,-0.002663,-0.005677,-0.004097,-0.383879,-0.683722,-0.380213,-1.752857,-0.14069,0.072678,0.338153,0.595179,0.627406,0.50211,-0.752312,0.65458,0.074064,-0.282933,-0.422617,0.860933,0.024067,-0.004502,-0.019083,-0.010588,0.035826,0.066221,0.343608,0.022859,0.055079,-0.013994,-0.481858,-0.710572,0.512737,0.837545,-0.545478,0.031158,0.257547,0.444454,0.857979,0.011295,0.003619,-0.013102,0.038901,0.016561,0.079137,0.283185,0.058318,0.036655,-0.05284,-0.282358,-0.52673,-0.801765,0.628107,-0.733225,0.260501,-0.725089,-0.43004,0.537875,-0.001292,-0.002765,-0.001987,-0.05618,-0.117375,-0.063139,-0.82333
1337,0.041833,0.023291,0.37877,-0.330829,-0.512936,-0.792145,0.57758,-0.773866,0.259815,-0.74587,-0.370942,0.553269,-0.016707,-0.00471,-0.003922,0.098273,-0.044086,-0.154618,-1.763543,-0.139862,0.072898,0.337291,0.596295,0.625159,0.503587,-0.750908,0.656097,0.074887,-0.284318,-0.423592,0.859998,0.023659,-0.000722,-0.01679,0.002476,0.024246,0.056452,0.344754,0.023274,0.055182,-0.014429,-0.48322,-0.70851,0.514305,0.836389,-0.5472,0.03201,0.258749,0.445627,0.857008,0.011019,0.006019,-0.01163,0.058386,-0.015729,0.089378,0.282042,0.058129,0.036468,-0.052862,-0.247992,-0.539211,-0.804829,0.659302,-0.702645,0.2676,-0.709803,-0.464263,0.529753,-0.00922,-0.007687,0.002463,0.380511,-0.151108,-0.158969,-0.82333
1338,0.041411,0.023069,0.378807,-0.321538,-0.519955,-0.791395,0.591285,-0.763035,0.26102,-0.739179,-0.383372,0.553775,-0.031305,-0.011797,0.006959,0.35747,-0.066017,-0.37451,-1.770875,-0.13941,0.073029,0.336901,0.597016,0.623233,0.505118,-0.750154,0.656772,0.076509,-0.284798,-0.425381,0.858955,0.021919,0.012867,-0.022727,-0.14241,0.264737,0.066951,0.344416,0.023492,0.055241,-0.014617,-0.483761,-0.707619,0.515023,0.835896,-0.547935,0.032318,0.25933,0.44614,0.856566,0.010942,0.006682,-0.011223,-0.332709,0.31956,0.360437,0.282368,0.057911,0.036353,-0.052846,-0.238441,-0.545175,-0.803697,0.67173,-0.690255,0.268934,-0.701373,-0.475742,0.530796,-0.015717,-0.006045,0.003391,0.36475,-0.054347,-0.368866,-0.822187
1339,0.040105,0.022756,0.379132,-0.295639,-0.532594,-0.793087,0.611357,-0.743392,0.27126,-0.733677,-0.404009,0.546372,-0.030011,-0.008856,0.009064,-0.149523,-0.215816,-0.258748,-1.770104,-0.138625,0.073196,0.336289,0.597673,0.619709,0.508663,-0.749321,0.657326,0.079843,-0.285612,-0.429654,0.856554,0.011453,0.002621,-0.013771,-0.046887,0.17112,-0.082399,0.343181,0.023897,0.055327,-0.014933,-0.485255,-0.703316,0.519493,0.835134,-0.548792,0.037109,0.258994,0.451854,0.853668,0.011557,0.002139,-0.006868,-0.016035,0.027487,0.10044,0.280899,0.057283,0.036196,-0.052697,-0.211612,-0.55446,-0.804856,0.689021,-0.66868,0.279492,-0.693158,-0.49542,0.523535,-0.021095,-0.001942,0.006096,0.122857,-0.486901,-0.585724,-0.813696
1340,0.03846,0.02263,0.379576,-0.24814,-0.545505,-0.80056,0.634994,-0.715682,0.290781,-0.731258,-0.435525,0.524983,-0.042406,-0.004078,0.011959,0.085358,-0.557837,-0.637442,-1.771049,-0.138037,0.073318,0.335881,0.597638,0.616493,0.512597,-0.749111,0.657137,0.083285,-0.286236,-0.434546,0.853874,0.012391,-0.004187,-0.003625,-0.063847,0.043163,0.079785,0.343861,0.024187,0.055385,-0.015139,-0.485452,-0.70025,0.523436,0.835057,-0.548674,0.040447,0.258873,0.456734,0.851104,0.006212,-0.002148,-0.001858,-0.075039,0.054277,0.091261,0.280735,0.056449,0.03613,-0.052471,-0.162408,-0.561443,-0.811421,0.708243,-0.638904,0.300317,-0.687032,-0.52591,0.501402,-0.027397,0.000266,0.007399,0.978313,-1.079081,-1.131588,-0.81239
1341,0.037518,0.022582,0.37984,-0.220116,-0.550894,-0.805053,0.647344,-0.69986,0.30185,-0.729436,-0.454025,0.511675,-0.054895,0.000453,0.014676,0.998887,-0.953108,-1.249074,-1.771098,-0.137861,0.073333,0.335767,0.597182,0.615079,0.514823,-0.749381,0.656608,0.085012,-0.286482,-0.437343,0.852362,0.000592,-0.004567,-0.002883,-0.055734,0.049507,0.04288,0.344487,0.024283,0.055397,-0.015199,-0.485056,-0.698761,0.525787,0.835342,-0.548106,0.04221,0.258693,0.459687,0.849567,0.006156,-0.001705,-0.001578,-0.05683,0.159212,-0.116219,0.281225,0.055983,0.036105,-0.05234,-0.1345,-0.563211,-0.815292,0.717566,-0.622777,0.311842,-0.683379,-0.543084,0.487905,-0.027761,-0.000263,0.006875,4.059667,-2.297059,-3.130259,-0.810267
1342,0.035653,0.022296,0.380369,-0.172335,-0.557248,-0.812294,0.667431,-0.672532,0.319703,-0.724231,-0.486367,0.48884,-0.045822,-0.017507,0.018689,0.988566,-1.039985,-1.036086,-1.770273,-0.137739,0.07328,0.335681,0.594616,0.615905,0.516801,-0.751,0.654913,0.083797,-0.287579,-0.438723,0.851284,0.000109,-0.000834,-0.000527,-1.2e-05,1.1e-05,9e-06,0.344331,0.024345,0.055368,-0.015244,-0.482266,-0.699426,0.527467,0.836651,-0.546224,0.040657,0.259679,0.460914,0.848601,4e-05,-0.000278,-0.000179,-0.014529,0.117778,-0.15977,0.282205,0.05505,0.035974,-0.052073,-0.086798,-0.564148,-0.821097,0.734195,-0.593321,0.330039,-0.673366,-0.5742,0.465694,-0.022205,-0.003699,0.004617,4.048387,-2.365139,-3.201296,-0.807328
1343,0.034039,0.021814,0.380828,-0.143836,-0.560187,-0.815811,0.68192,-0.653512,0.328449,-0.716954,-0.508385,0.477021,-0.046282,-0.01805,0.018233,-0.348525,-0.493189,-0.215977,-1.771299,-0.137904,0.073249,0.335686,0.592618,0.616629,0.518232,-0.752308,0.653525,0.082904,-0.288284,-0.439779,0.8505,-0.011706,-0.001162,0.000252,-0.002045,0.015205,-0.029245,0.343787,0.024271,0.055358,-0.015239,-0.480159,-0.699891,0.528771,0.837703,-0.544676,0.039745,0.260192,0.462037,0.847832,-4.8e-05,0.00038,0.000241,-0.000158,-3.1e-05,-0.000266,0.281552,0.054242,0.035731,-0.051844,-0.058443,-0.564282,-0.82351,0.747681,-0.571345,0.338433,-0.661481,-0.595944,0.455294,-0.01614,-0.006291,0.003129,-0.014372,0.111808,-0.106559,-0.800959
1344,0.032908,0.021321,0.381124,-0.115755,-0.565395,-0.816685,0.70592,-0.625246,0.33274,-0.698612,-0.537301,0.47252,-0.018765,-0.01488,0.005079,-0.039449,-0.137724,0.046007,-1.786684,-0.138206,0.073247,0.335711,0.589611,0.616854,0.521383,-0.753534,0.652412,0.080486,-0.291233,-0.441115,0.848802,-0.011714,-0.001089,0.000297,-0.002045,0.015205,-0.029245,0.337053,0.024115,0.055359,-0.015225,-0.47698,-0.699754,0.531821,0.838681,-0.543344,0.037281,0.262874,0.463811,0.846035,-0.005864,-0.000485,0.000191,-0.00325,0.013377,-0.02865,0.276816,0.053664,0.03548,-0.051694,-0.027838,-0.565516,-0.824266,0.76727,-0.540622,0.344998,-0.640718,-0.622831,0.448954,-0.015675,-0.005258,0.003864,0.048567,-0.052448,-0.201382,-0.797857
1345,0.032549,0.021002,0.381302,-0.100892,-0.56666,-0.817779,0.714759,-0.613046,0.336549,-0.691917,-0.549862,0.467899,-0.017771,-0.012854,0.006573,-0.086119,-0.147782,0.053724,-1.804558,-0.138367,0.073256,0.33573,0.588974,0.617114,0.521796,-0.753953,0.651966,0.080178,-0.291438,-0.441412,0.848577,-0.011878,0.000208,0.001115,-0.002045,0.015205,-0.029245,0.33273,0.024035,0.055361,-0.015217,-0.476303,-0.699934,0.53219,0.839022,-0.542837,0.036977,0.263012,0.464132,0.845816,-0.005959,0.000255,0.000657,-6e-06,-0.002296,-0.006319,0.271264,0.053483,0.035317,-0.051607,-0.012789,-0.564944,-0.825029,0.774455,-0.527512,0.349212,-0.632498,-0.634483,0.44427,-0.003261,-0.01342,0.006832,-0.103826,-0.032712,-0.10076,-0.803572
1346,0.032323,0.020416,0.38173,-0.07367,-0.572982,-0.816279,0.722978,-0.594469,0.351969,-0.686829,-0.563515,0.459068,-0.001679,-0.010273,0.009146,-0.286563,-0.507129,-0.287594,-1.837116,-0.138639,0.073296,0.335778,0.588083,0.617489,0.522357,-0.754541,0.651339,0.079741,-0.291714,-0.441814,0.848272,-0.000366,0.002883,0.001819,0.002295,-0.017264,0.022958,0.325526,0.023895,0.05538,-0.015193,-0.475305,-0.700204,0.532727,0.839522,-0.542096,0.036514,0.263222,0.464592,0.845498,-0.005938,0.000103,0.000561,-0.002119,0.015221,-0.029346,0.26163,0.053361,0.035017,-0.051398,0.012645,-0.568871,-0.822328,0.780764,-0.508172,0.363549,-0.624697,-0.646642,0.437728,-0.000707,-0.004863,0.004789,0.102342,-0.021787,-0.069902,-0.813206
1347,0.032444,0.019874,0.38238,-0.05023,-0.59708,-0.800636,0.73599,-0.564026,0.374386,-0.675053,-0.569718,0.468777,0.011506,-0.02046,0.019022,4.167908,-1.597785,-3.271665,-1.843081,-0.13879,0.073367,0.335834,0.587851,0.617609,0.522477,-0.7547,0.65117,0.079617,-0.291771,-0.441896,0.84821,-0.000368,0.002907,0.001832,0.002293,-0.017264,0.022958,0.323211,0.023819,0.055416,-0.015164,-0.475051,-0.700294,0.532836,0.839654,-0.541901,0.036387,0.263263,0.464683,0.845435,-0.000106,0.000836,0.000531,-5.6e-05,-5e-06,-6.5e-05,0.255915,0.053418,0.034753,-0.051075,0.036514,-0.589001,-0.807306,0.78623,-0.481723,0.38702,-0.616853,-0.64886,0.445501,0.000586,-0.002386,0.006628,-0.666488,1.481661,-2.240115,-0.811247
1348,0.032592,0.019505,0.382756,-0.028506,-0.612849,-0.789715,0.745259,-0.539541,0.391736,-0.66612,-0.576619,0.473098,0.011116,-0.021252,0.018442,3.466801,-0.918042,-5.236306,-1.847947,-0.138803,0.073395,0.335853,0.587898,0.617596,0.522439,-0.754671,0.651201,0.079637,-0.291751,-0.441868,0.848232,-0.000266,0.002104,0.001326,0.002293,-0.017264,0.022958,0.32213,0.023813,0.055432,-0.015154,-0.4751,-0.700288,0.5328,0.839631,-0.541935,0.036408,0.263247,0.464652,0.845457,-3.9e-05,0.000301,0.000192,-3.3e-05,-7e-06,-5.9e-05,0.254772,0.053495,0.034573,-0.050883,0.057293,-0.601498,-0.796816,0.793232,-0.457209,0.402171,-0.606217,-0.655102,0.450933,0.005722,-0.010274,0.009485,-0.444578,-0.547402,-0.29574,-0.80945
1349,0.033016,0.018416,0.38355,-0.002902,-0.628759,-0.777624,0.752275,-0.513714,0.412495,-0.65883,-0.583013,0.475463,0.022293,-0.028597,0.013665,-0.122956,0.111452,-0.363422,-1.867454,-0.138778,0.073414,0.335862,0.587875,0.617595,0.522465,-0.754683,0.651188,0.07963,-0.291765,-0.441888,0.848216,-1e-06,1.1e-05,7e-06,-0.0,0.0,0.0,0.319905,0.023824,0.055444,-0.015147,-0.475093,-0.700282,0.532814,0.839633,-0.541931,0.036409,0.263252,0.464666,0.845448,6e-06,-5.3e-05,-3.2e-05,-1.6e-05,-1e-05,-4e-05,0.25167,0.053714,0.034026,-0.050475,0.090685,-0.615405,-0.782976,0.797971,-0.425489,0.426849,-0.595833,-0.663501,0.45249,0.01109,-0.014383,0.006769,-0.104162,0.138174,-0.348402,-0.807328
1350,0.033547,0.017097,0.384383,0.006151,-0.633264,-0.773941,0.756664,-0.503061,0.417566,-0.653773,-0.5874,0.477042,0.020479,-0.039336,0.022527,-0.06915,0.105058,-0.182767,-1.871048,-0.138731,0.07339,0.335843,0.587907,0.617571,0.522458,-0.754659,0.651213,0.079651,-0.291763,-0.441884,0.848219,0.000155,-0.001224,-0.000771,-0.0,0.0,0.0,0.318077,0.023848,0.055433,-0.015157,-0.475127,-0.700264,0.532808,0.839615,-0.541958,0.03643,0.263249,0.464662,0.845451,8.8e-05,-0.000689,-0.000433,-8e-06,4e-06,-2.5e-05,0.249873,0.053971,0.03338,-0.050068,0.099756,-0.618851,-0.779148,0.801113,-0.414475,0.431771,-0.590139,-0.667258,0.454423,0.003856,-0.017574,0.012492,0.010675,0.080032,-0.262173,-0.802102
1351,0.034052,0.015976,0.385071,0.032859,-0.634804,-0.772003,0.77527,-0.471306,0.420475,-0.630807,-0.611543,0.477624,0.009887,-0.023936,0.016519,-0.062507,0.026534,-0.000791,-1.891973,-0.138708,0.073349,0.335805,0.587843,0.617585,0.522514,-0.75469,0.651183,0.079603,-0.291812,-0.44191,0.848188,0.000144,-0.001137,-0.000717,-0.0,0.0,0.0,0.318272,0.02386,0.05541,-0.015177,-0.475058,-0.70027,0.532861,0.83964,-0.541922,0.036381,0.263293,0.464695,0.84542,7.6e-05,-0.000588,-0.000371,-9e-06,0.0,-1.1e-05,0.248567,0.054226,0.03281,-0.049724,0.126507,-0.61735,-0.776449,0.815721,-0.380645,0.435554,-0.564441,-0.688467,0.455431,0.00498,-0.011874,0.008332,-0.063641,0.112056,-0.181375,-0.802592
1352,0.034282,0.015641,0.385302,0.047752,-0.634276,-0.77166,0.785636,-0.45324,0.421095,-0.616894,-0.625568,0.477633,0.012304,-0.012091,0.008485,-0.030488,-0.006509,0.040592,-1.912279,-0.138714,0.073326,0.335791,0.587772,0.617611,0.522563,-0.754736,0.651134,0.07957,-0.291837,-0.441945,0.848161,0.000182,-0.001436,-0.000906,-0.0,0.0,0.0,0.318202,0.023857,0.055401,-0.015183,-0.475,-0.700283,0.532895,0.839668,-0.54188,0.036355,0.263307,0.464724,0.845399,1.1e-05,-7.7e-05,-4.8e-05,-5e-06,-1e-06,-1e-05,0.24873,0.054334,0.032641,-0.04961,0.141265,-0.615098,-0.775691,0.823835,-0.361439,0.436642,-0.548943,-0.700725,0.455681,0.005945,-0.006448,0.003948,-0.02402,0.002139,0.011999,-0.809614
1353,0.034842,0.015257,0.385449,0.081797,-0.636904,-0.766621,0.799244,-0.417626,0.432169,-0.595509,-0.64728,0.47584,0.013097,-0.003508,-0.001972,-0.001595,-0.252991,-0.146863,-1.914379,-0.138725,0.073341,0.335791,0.587782,0.617609,0.522555,-0.754722,0.651152,0.079551,-0.291853,-0.441922,0.848168,-0.000136,0.001069,0.000674,0.0,0.0,0.0,0.317152,0.023852,0.055403,-0.015186,-0.474993,-0.700285,0.532899,0.839665,-0.541887,0.036328,0.263331,0.464713,0.845398,-9.3e-05,0.000751,0.000474,-2.2e-05,-1.7e-05,-9e-06,0.248241,0.05462,0.032445,-0.049527,0.174953,-0.61395,-0.769711,0.832767,-0.324783,0.448344,-0.52525,-0.71943,0.454456,0.006576,-0.001693,-0.000938,0.209068,-0.448635,-0.38195,-0.802755
1354,0.035317,0.015167,0.385279,0.125635,-0.632728,-0.764144,0.808248,-0.381385,0.448612,-0.575436,-0.673198,0.464442,0.014196,0.005723,-0.011951,-0.221839,-0.436867,-0.375126,-1.914866,-0.138719,0.073363,0.335815,0.587856,0.617583,0.522501,-0.754683,0.651191,0.079607,-0.291805,-0.4419,0.848196,-0.000115,0.000906,0.000571,0.0,0.0,0.0,0.316117,0.023855,0.055416,-0.015173,-0.475072,-0.70027,0.532849,0.839634,-0.541931,0.036386,0.263288,0.464684,0.845427,-7.4e-05,0.000583,0.000368,4e-06,8e-06,-1.6e-05,0.247587,0.054857,0.032397,-0.049608,0.217309,-0.604906,-0.76607,0.837279,-0.2879,0.46484,-0.501736,-0.742429,0.443912,0.00633,-0.002208,-0.001321,-0.316247,-0.756596,-0.34204,-0.79949
1355,0.035484,0.015191,0.38514,0.150867,-0.626346,-0.764837,0.812975,-0.361581,0.456402,-0.5626,-0.689875,0.45561,0.011794,-0.006161,-0.003939,3.939966,-2.903297,-2.912695,-1.91447,-0.138723,0.0734,0.335838,0.587824,0.617594,0.522524,-0.754703,0.65117,0.079593,-0.291817,-0.441917,0.848183,-0.000211,0.001665,0.001049,0.0,0.0,0.0,0.315161,0.023852,0.055434,-0.015162,-0.475038,-0.700276,0.532871,0.839651,-0.541907,0.036371,0.263297,0.464703,0.845414,-0.000135,0.001061,0.000669,-7e-06,-1.5e-05,-3e-06,0.246771,0.054948,0.032414,-0.04968,0.241392,-0.595433,-0.766282,0.838581,-0.2694,0.473502,-0.488375,-0.75689,0.434288,0.005912,-0.002938,-0.002059,3.912709,-2.928951,-2.928363,-0.802266
1356,0.035694,0.015046,0.384894,0.201678,-0.614639,-0.762621,0.816234,-0.324922,0.47766,-0.541628,-0.718051,0.437114,0.009689,-0.010483,-0.007143,1.03205,-1.069556,-1.069995,-1.914921,-0.138733,0.073472,0.335894,0.586028,0.617318,0.524862,-0.755122,0.650904,0.077778,-0.294341,-0.442694,0.846905,-0.000151,0.001187,0.000748,0.0,0.0,-0.0,0.312067,0.023847,0.055473,-0.015132,-0.473197,-0.69979,0.535143,0.839953,-0.541557,0.034545,0.265637,0.465841,0.844054,-8.7e-05,0.000687,0.000434,-0.000137,-0.000226,0.0001,0.243505,0.055052,0.032352,-0.049795,0.287898,-0.578781,-0.762971,0.836127,-0.236518,0.494923,-0.466909,-0.780429,0.415842,0.00497,-0.004996,-0.003381,-0.340731,-0.361663,-0.569894,-0.797694
1357,0.035717,0.014694,0.384616,0.237593,-0.606053,-0.759141,0.817187,-0.297809,0.493444,-0.525424,-0.73685,0.425451,-0.004276,-0.008756,-0.006506,-0.097893,-0.064453,-0.284175,-1.914052,-0.13874,0.07353,0.335942,0.585587,0.617464,0.525183,-0.755408,0.650592,0.0776,-0.294484,-0.442949,0.846722,-0.000202,0.001588,0.001,0.0,0.0,0.0,0.308896,0.023844,0.0555,-0.015109,-0.472728,-0.699879,0.535441,0.840186,-0.541207,0.034364,0.265734,0.466115,0.843872,-0.000124,0.000969,0.00061,-2e-06,7e-06,1e-06,0.240076,0.055066,0.032171,-0.049938,0.326609,-0.564019,-0.758424,0.83453,-0.204621,0.511555,-0.443716,-0.800007,0.40386,0.004149,-0.0067,-0.004653,-0.035478,-0.056217,-0.250387,-0.803572
1358,0.035651,0.014248,0.384378,0.264434,-0.599441,-0.755506,0.817681,-0.276041,0.505144,-0.51168,-0.7506,0.418103,-0.00488,-0.009991,-0.007451,-0.067839,-0.090339,-0.074107,-1.914201,-0.138751,0.073548,0.335976,0.585277,0.617571,0.525402,-0.75562,0.650358,0.077503,-0.294554,-0.443145,0.846595,-0.00017,0.001341,0.000844,0.0,0.0,0.0,0.307058,0.023838,0.055508,-0.015093,-0.47238,-0.699948,0.535657,0.840368,-0.540931,0.034255,0.265777,0.466331,0.84374,1e-06,-6e-06,-4e-06,-8e-06,2e-06,2e-06,0.236484,0.055033,0.031946,-0.050058,0.352224,-0.554577,-0.753911,0.832248,-0.1829,0.523364,-0.428136,-0.811782,0.397124,-0.002517,-0.005165,-0.003842,-0.054789,0.032819,-0.267894,-0.797367
1359,0.035606,0.014064,0.384243,0.282176,-0.595353,-0.752314,0.818559,-0.259596,0.512388,-0.500697,-0.759661,0.415022,-0.003964,-0.008113,-0.006062,-0.167573,-0.146592,-0.320085,-1.914355,-0.138759,0.073538,0.335981,0.585245,0.617586,0.525421,-0.755649,0.650323,0.077508,-0.294543,-0.443175,0.846583,-3e-06,2.3e-05,1.5e-05,0.0,0.0,0.0,0.304293,0.023834,0.055506,-0.015088,-0.472363,-0.699956,0.535662,0.840384,-0.540906,0.034268,0.265756,0.466349,0.843736,3e-06,-3.6e-05,-2.3e-05,-5e-06,4e-06,1e-06,0.234851,0.055006,0.031846,-0.050132,0.368903,-0.54883,-0.75013,0.831163,-0.166442,0.530531,-0.416024,-0.819196,0.394767,-0.001959,-0.004025,-0.003,-0.183376,-0.161845,-0.321854,-0.789039
1360,0.035312,0.01374,0.384096,0.324643,-0.582921,-0.744886,0.814852,-0.227529,0.533122,-0.480651,-0.779325,0.402062,-0.005414,-0.018055,0.003368,-0.402263,-0.520716,-0.299508,-1.914189,-0.138736,0.073499,0.335987,0.585213,0.617596,0.525444,-0.755693,0.650266,0.077562,-0.294495,-0.443244,0.846564,1.2e-05,-9.7e-05,-6.1e-05,0.0,0.0,0.0,0.297486,0.023846,0.055485,-0.015086,-0.472329,-0.699962,0.535684,0.840421,-0.540844,0.034321,0.265698,0.466411,0.84372,8e-06,-6.4e-05,-4e-05,4e-06,6e-06,-2e-06,0.227339,0.054862,0.031692,-0.050206,0.408474,-0.532397,-0.741418,0.823666,-0.135044,0.550759,-0.393347,-0.835653,0.383355,-0.008286,-0.001749,-0.001627,-0.376328,-0.468262,-0.504813,-0.787243
1361,0.034736,0.013584,0.383969,0.343086,-0.57665,-0.741493,0.810854,-0.216694,0.543628,-0.474583,-0.787041,0.394163,-0.015497,-0.001226,-0.001597,-0.044079,0.061994,-0.258616,-1.914298,-0.138672,0.073421,0.33601,0.585195,0.617598,0.525462,-0.755758,0.650173,0.077712,-0.294364,-0.443379,0.846539,5.7e-05,-0.000446,-0.00028,0.0,0.0,0.0,0.291692,0.023878,0.055447,-0.015074,-0.47231,-0.699962,0.535701,0.84048,-0.540744,0.034471,0.265549,0.466527,0.843702,4.1e-05,-0.000331,-0.000209,2e-06,-3e-06,2e-06,0.219338,0.054575,0.031602,-0.050271,0.42724,-0.522551,-0.737838,0.817447,-0.125442,0.562177,-0.386323,-0.843329,0.373564,-0.013178,0.006986,-0.003871,0.034879,0.092376,-0.22539,-0.789692
1362,0.034376,0.013591,0.383983,0.355188,-0.57086,-0.740274,0.810232,-0.207002,0.548311,-0.466685,-0.793842,0.389932,-0.015052,-0.000299,-0.000906,-0.107124,-0.127739,-0.127847,-1.913891,-0.138618,0.073346,0.336012,0.585148,0.617609,0.525502,-0.755825,0.650083,0.077806,-0.294285,-0.443495,0.846505,0.011895,-0.000414,-0.001241,0.002045,-0.015205,0.029245,0.292417,0.023904,0.055411,-0.015072,-0.47226,-0.699966,0.535739,0.840538,-0.540648,0.034563,0.265453,0.466632,0.843675,0.005958,-0.000293,-0.000676,0.002042,-0.015206,0.029248,0.216889,0.054396,0.031607,-0.050264,0.438202,-0.515878,-0.736103,0.815742,-0.115731,0.566718,-0.377547,-0.848808,0.37011,-0.007295,0.000318,-8.7e-05,-0.128417,-0.168066,-0.113613,-0.786916
