frame,MLTx,MLTy,MLTz,MLTR1,MLTR2,MLTR3,MLTR4,MLTR5,MLTR6,MLTR7,MLTR8,MLTR9,MLTTVx,MLTTVy,MLTTVz,MLTRVx,MLTRVy,MLTRVz,MLGA,MRTx,MRTy,MRTz,MRTR1,MRTR2,MRTR3,MRTR4,MRTR5,MRTR6,MRTR7,MRTR8,MRTR9,MRTTVx,MRTTVy,MRTTVz,MRTRVx,MRTRVy,MRTRVz,MRGA,SLTx,SLTy,SLTz,SLTR1,SLTR2,SLTR3,SLTR4,SLTR5,SLTR6,SLTR7,SLTR8,SLTR9,SLTTVx,SLTTVy,SLTTVz,SLTRVx,SLTRVy,SLTRVz,SLGA,SRTx,SRTy,SRTz,SRTR1,SRTR2,SRTR3,SRTR4,SRTR5,SRTR6,SRTR7,SRTR8,SRTR9,SRTTVx,SRTTVy,SRTTVz,SRTRVx,SRTRVy,SRTRVz,SRGA
698,0.292371,0.111814,0.347842,-0.448364,0.83917,0.30791,-0.887471,-0.458987,-0.041208,0.107298,-0.292786,0.950153,-0.067856,-0.031693,-0.02692,-0.052858,-1.103269,-1.318125,-0.411842,-0.109618,0.031858,0.371396,-0.006567,-0.038095,0.999248,-0.844361,0.535504,0.014982,-0.535632,-0.843562,-0.036947,-0.000552,0.002744,0.001699,0.0,0.0,0.0,0.349359,0.034819,0.034021,0.000907,0.162196,-0.075174,0.98389,0.87001,-0.459572,-0.178537,0.46559,0.884952,-0.009139,-0.00033,0.001632,0.001008,0.001865,-0.013667,0.025272,0.297554,0.183476,0.077863,-0.068989,-0.496051,0.795353,0.348346,-0.856908,-0.513176,-0.048555,0.140144,-0.322586,0.936106,-0.028459,-0.012392,-0.017345,-0.047966,-1.214143,-1.423352,-0.510302
699,0.290747,0.111119,0.347271,-0.459502,0.839854,0.289047,-0.882478,-0.468494,-0.041449,0.101171,-0.275173,0.956071,-0.089021,-0.037845,-0.029315,-2.402697,-1.593884,-0.72679,-0.41072,-0.109579,0.031894,0.371448,-0.006339,-0.0381,0.99925,-0.844396,0.535443,0.015174,-0.535579,-0.8436,-0.03683,-0.00042,0.002089,0.001293,0.0,0.0,0.0,0.349677,0.034838,0.034043,0.000936,0.161972,-0.075189,0.983926,0.870071,-0.459531,-0.178346,0.465554,0.884973,-0.009011,-0.000214,0.001056,0.000652,0.0,-6e-06,-5e-06,0.297554,0.182774,0.077578,-0.06932,-0.50856,0.794995,0.330678,-0.850887,-0.522793,-0.051739,0.131744,-0.307682,0.942324,-0.041385,-0.01702,-0.016865,0.121812,-0.730972,-1.72025,-0.509486
700,0.286598,0.109436,0.34608,-0.486484,0.837465,0.249059,-0.869852,-0.490936,-0.048077,0.082608,-0.241081,0.966997,-0.111002,-0.042602,-0.031013,0.450065,-1.047018,-0.394861,-0.404843,-0.109527,0.031961,0.371564,-0.005952,-0.038098,0.999252,-0.844482,0.535298,0.015494,-0.535448,-0.843692,-0.036623,0.001168,-0.007719,0.010486,-0.035974,0.004651,-0.021338,0.349242,0.034863,0.034078,0.000989,0.161575,-0.07522,0.983989,0.870186,-0.459442,-0.17801,0.465476,0.885016,-0.008779,0.00582,0.002823,0.001202,0.003907,-0.028873,0.054513,0.297391,0.180822,0.076804,-0.069956,-0.539122,0.790024,0.291903,-0.834236,-0.548537,-0.056175,0.11574,-0.273802,0.954796,-0.054528,-0.02072,-0.016145,-0.164043,-1.114095,-2.200897,-0.50671
701,0.281807,0.10733,0.344884,-0.519672,0.831557,0.196212,-0.852114,-0.521119,-0.048041,0.062941,-0.1932,0.979152,-0.141984,-0.055499,-0.036719,-0.044408,-1.396945,-2.475785,-0.401649,-0.109508,0.031999,0.371665,-0.005728,-0.038083,0.999254,-0.844572,0.53515,0.015669,-0.535308,-0.843787,-0.036493,-0.000502,0.00249,0.001538,0.001863,-0.013661,0.025304,0.34931,0.034873,0.034094,0.001043,0.161392,-0.075259,0.984016,0.870301,-0.459279,-0.177868,0.465324,0.885097,-0.008627,-0.000109,0.000535,0.00033,-1e-06,-8e-06,5e-06,0.297228,0.178412,0.075755,-0.070573,-0.569466,0.786475,0.239089,-0.816878,-0.573904,-0.057819,0.091741,-0.228233,0.969274,-0.064149,-0.031769,-0.014425,-0.111789,-1.243756,-2.478328,-0.502791
702,0.276198,0.104726,0.343719,-0.55583,0.82,0.136743,-0.83074,-0.553969,-0.05443,0.031804,-0.144876,0.988952,-0.151793,-0.068165,-0.030082,-0.209154,-1.316892,-2.837702,-0.401261,-0.109523,0.03197,0.371707,-0.005811,-0.038053,0.999255,-0.844644,0.535039,0.015578,-0.535193,-0.843858,-0.036515,0.000286,-0.001421,-0.000878,-0.001862,0.013657,-0.025306,0.349365,0.034865,0.034086,0.001068,0.161455,-0.075281,0.984004,0.870352,-0.459156,-0.177935,0.465207,0.885159,-0.008612,0.000157,-0.000785,-0.000485,-0.001861,0.013666,-0.025307,0.297227,0.175619,0.074459,-0.071166,-0.606494,0.774614,0.179271,-0.793025,-0.605574,-0.066259,0.057236,-0.182352,0.981566,-0.075855,-0.033779,-0.014914,-0.122173,-1.425773,-2.238004,-0.502464
703,0.273186,0.103348,0.34313,-0.576,0.811073,0.102129,-0.817376,-0.573328,-0.05624,0.013649,-0.116886,0.993065,-0.152236,-0.068773,-0.030541,-0.14971,-1.933214,-1.451214,-0.398375,-0.10952,0.031955,0.371708,-0.00568,-0.035144,0.999362,-0.844355,0.535534,0.014149,-0.53565,-0.843674,-0.033981,6.3e-05,-0.000311,-0.000192,0.003093,-0.01424,-0.007915,0.349371,0.034867,0.034075,0.001066,0.16155,-0.078485,0.983738,0.869868,-0.459461,-0.179508,0.466078,0.884723,-0.005955,4.7e-05,-0.000237,-0.000147,0.008558,0.009924,0.006531,0.297227,0.174114,0.073772,-0.07146,-0.627285,0.764952,0.146151,-0.777845,-0.62463,-0.069232,0.038331,-0.157111,0.986836,-0.081109,-0.036688,-0.016281,0.265524,-2.075666,2.377274,-0.501648
704,0.26688,0.100381,0.341811,-0.598761,0.800323,0.03183,-0.800507,-0.596553,-0.057317,-0.026145,-0.0608,0.997821,-0.162846,-0.077305,-0.03513,2.272622,-2.018008,-2.633973,-0.395167,-0.109514,0.031925,0.37169,-0.005766,-0.035138,0.999362,-0.844358,0.535532,0.014073,-0.535645,-0.843676,-0.034022,6.8e-05,-0.000338,-0.000209,1e-06,-3e-06,-2e-06,0.349197,0.03487,0.034058,0.001056,0.161621,-0.078195,0.98375,0.869853,-0.459518,-0.179435,0.466082,0.884719,-0.00625,4.1e-05,-0.000203,-0.000126,-0.000125,0.000769,0.00044,0.296901,0.170964,0.0723,-0.072115,-0.650836,0.75559,0.074124,-0.759207,-0.647197,-0.068846,-0.004047,-0.101083,0.994869,-0.086748,-0.039919,-0.017984,-0.418576,-1.532202,-1.449091,-0.498872
705,0.260063,0.097162,0.340459,-0.623885,0.780717,-0.035974,-0.777841,-0.62468,-0.06863,-0.075283,-0.015811,0.997051,-0.186314,-0.083436,-0.037992,1.975391,-2.218597,-3.169374,-0.398341,-0.109505,0.031927,0.371691,-0.005741,-0.03514,0.999362,-0.844357,0.535533,0.014095,-0.535647,-0.843676,-0.03401,-0.000155,0.000769,0.000476,0.0,-0.0,-0.0,0.348631,0.034875,0.034057,0.001055,0.161597,-0.078185,0.983754,0.86986,-0.459515,-0.179409,0.466078,0.884721,-0.006246,-9e-05,0.000453,0.000281,-0.000178,4.9e-05,-1.4e-05,0.296085,0.167495,0.070661,-0.072805,-0.677358,0.73563,0.005707,-0.733374,-0.67463,-0.083886,-0.057859,-0.061006,0.996458,-0.093063,-0.042093,-0.019146,1.946698,-2.257737,-3.190837,-0.498872
706,0.256357,0.095363,0.339759,-0.627571,0.775643,-0.06765,-0.77212,-0.631116,-0.074126,-0.099416,0.004745,0.995048,-0.185574,-0.095269,-0.031456,1.771038,-2.148359,-1.468673,-0.398706,-0.109505,0.031927,0.371702,-0.005735,-0.035136,0.999362,-0.844371,0.535511,0.014098,-0.535625,-0.843689,-0.034004,-5.2e-05,0.000258,0.00016,0.0,-0.0,-0.0,0.347607,0.034875,0.034058,0.001062,0.161591,-0.07819,0.983755,0.869874,-0.459491,-0.179406,0.466054,0.884734,-0.006234,-3.2e-05,0.000165,0.000102,-0.00015,3e-05,2e-06,0.295595,0.165783,0.069827,-0.073131,-0.682995,0.730032,-0.023865,-0.725886,-0.682027,-0.089035,-0.081275,-0.043487,0.995742,-0.088213,-0.040585,-0.018672,0.181323,-1.162762,-2.783078,-0.499035
707,0.249312,0.091865,0.338385,-0.634155,0.762471,-0.128567,-0.760274,-0.6451,-0.076162,-0.140228,0.048494,0.988944,-0.187571,-0.098527,-0.033982,-1.464243,-1.551179,2.311507,-0.399212,-0.109508,0.031941,0.371722,-0.005686,-0.035135,0.999362,-0.844384,0.53549,0.014138,-0.535606,-0.843703,-0.033977,-3.7e-05,0.000185,0.000114,0.0,-0.0,-0.0,0.347223,0.034873,0.034066,0.001072,0.161544,-0.078194,0.983762,0.869893,-0.459469,-0.179366,0.466034,0.884744,-0.006204,-1.6e-05,7.9e-05,5e-05,-0.0001,2.9e-05,6e-06,0.294289,0.16212,0.068013,-0.073842,-0.689799,0.718668,-0.087709,-0.712548,-0.69535,-0.093614,-0.128267,-0.002078,0.991737,-0.093654,-0.049673,-0.017161,-1.482736,-1.57082,2.296216,-0.499362
708,0.241743,0.088249,0.336895,-0.63511,0.750216,-0.183998,-0.751513,-0.655134,-0.077456,-0.177868,0.088146,0.980112,-0.204243,-0.084916,-0.04003,-0.0559,-0.813432,-2.205079,-0.400234,-0.1095,0.031951,0.371715,-0.005646,-0.035143,0.999362,-0.844368,0.535513,0.014177,-0.53563,-0.843688,-0.033962,-0.0,0.0,0.0,0.0,-0.0,-0.0,0.347383,0.034877,0.034071,0.001069,0.161504,-0.07819,0.983769,0.869888,-0.459495,-0.179329,0.466059,0.884732,-0.006194,-2e-06,-1e-05,-1e-05,-6.6e-05,2.6e-05,3.5e-05,0.294125,0.158414,0.066227,-0.074579,-0.689614,0.709613,-0.144498,-0.704216,-0.703646,-0.094667,-0.168852,0.036474,0.984965,-0.095584,-0.04766,-0.016357,1.42925,-1.868085,-1.918716,-0.499851
709,0.233819,0.084749,0.335514,-0.630365,0.739657,-0.235783,-0.747092,-0.660476,-0.074806,-0.210282,0.128072,0.969229,-0.206038,-0.095749,-0.033458,-0.264868,-0.846603,-2.180283,-0.397537,-0.10949,0.031945,0.371711,-0.005642,-0.035144,0.999362,-0.844368,0.535513,0.01418,-0.535631,-0.843688,-0.03396,1e-06,-3e-06,-2e-06,0.0,-0.0,-0.0,0.346301,0.034882,0.034068,0.001067,0.161501,-0.078189,0.98377,0.869889,-0.459493,-0.179326,0.466057,0.884732,-0.006193,-2e-06,2e-06,-2e-06,-4.5e-05,6e-06,4e-06,0.293635,0.154452,0.064487,-0.075269,-0.684792,0.702034,-0.195466,-0.699609,-0.708406,-0.093307,-0.203974,0.072854,0.976261,-0.09788,-0.041658,-0.02017,1.415621,-1.876643,-1.160914,-0.499198
710,0.229874,0.082953,0.334773,-0.625961,0.736955,-0.255178,-0.746642,-0.660745,-0.076902,-0.224508,0.141468,0.964163,-0.207477,-0.09771,-0.035168,-0.420019,-0.081,-1.842445,-0.396924,-0.10948,0.031947,0.371711,-0.005618,-0.035146,0.999362,-0.844368,0.535514,0.014202,-0.535632,-0.843687,-0.033949,0.0,-0.0,-0.0,0.0,-0.0,-0.0,0.345871,0.034887,0.034069,0.001067,0.161476,-0.078189,0.983774,0.869892,-0.459496,-0.179304,0.46606,0.884731,-0.006182,-2e-06,2e-06,-0.0,-3.8e-05,2.9e-05,-1.4e-05,0.293145,0.152402,0.063556,-0.07565,-0.682003,0.698318,-0.217305,-0.697451,-0.71043,-0.094073,-0.220073,0.087402,0.971559,-0.103646,-0.049165,-0.017704,-0.410443,-0.032435,-1.830521,-0.498055
711,0.222068,0.079588,0.333295,-0.618469,0.725747,-0.301384,-0.741644,-0.6658,-0.081528,-0.259066,0.17219,0.950401,-0.201324,-0.078656,-0.039235,1.372273,-1.970859,-1.097147,-0.397752,-0.10949,0.031945,0.371711,-0.005494,-0.035154,0.999362,-0.844364,0.535517,0.014311,-0.535639,-0.843685,-0.03389,0.0,-0.0,-0.0,0.0,-0.0,-0.0,0.344928,0.034882,0.034068,0.001067,0.161354,-0.078191,0.983794,0.869906,-0.459511,-0.179196,0.466076,0.884723,-0.006125,-1e-06,1e-06,-1e-06,-3.3e-05,3.2e-05,-1.7e-05,0.292492,0.148576,0.061893,-0.07638,-0.674223,0.690781,-0.261237,-0.693365,-0.713868,-0.098163,-0.254298,0.114949,0.96027,-0.100601,-0.039139,-0.019412,-0.658425,-0.216971,-1.410974,-0.497565
712,0.214091,0.076567,0.331752,-0.612,0.710998,-0.346387,-0.737167,-0.671416,-0.075875,-0.285761,0.208021,0.935465,-0.193136,-0.074193,-0.038116,-1.095155,-0.355214,-0.073658,-0.396198,-0.109479,0.031939,0.371707,-0.005491,-0.035155,0.999362,-0.844364,0.535517,0.014314,-0.535639,-0.843685,-0.033889,6.9e-05,-0.000342,-0.000211,0.0,-0.0,-0.0,0.342537,0.034888,0.034066,0.001065,0.161351,-0.078191,0.983794,0.869906,-0.459512,-0.179194,0.466076,0.884723,-0.006124,0.006212,0.000881,1e-06,0.00201,-0.015186,0.029209,0.290206,0.144584,0.060382,-0.077151,-0.66757,0.677559,-0.308645,-0.687153,-0.720279,-0.094962,-0.286653,0.148693,0.946424,-0.102898,-0.03162,-0.022413,-1.991663,-1.169186,3.620135,-0.496096
713,0.210405,0.075266,0.331021,-0.605245,0.704422,-0.370828,-0.736132,-0.672516,-0.076175,-0.302301,0.225993,0.92605,-0.194835,-0.07054,-0.036336,-0.533722,-2.517235,4.442208,-0.397024,-0.109477,0.031932,0.371702,-0.005512,-0.035153,0.999362,-0.844364,0.535516,0.014295,-0.535638,-0.843685,-0.033899,0.000113,-0.000562,-0.000347,0.0,-0.0,-0.0,0.342143,0.034888,0.034062,0.001063,0.161372,-0.07819,0.983791,0.869905,-0.459508,-0.179212,0.466073,0.884724,-0.006134,6.2e-05,-0.000307,-0.00019,-3.1e-05,-4e-06,-5e-06,0.289227,0.142743,0.059726,-0.07752,-0.664854,0.66871,-0.332856,-0.682876,-0.72472,-0.091978,-0.302735,0.166148,0.93848,-0.097305,-0.035792,-0.018407,0.097205,-0.571698,-1.168429,-0.496259
714,0.202835,0.072761,0.329604,-0.592543,0.691125,-0.413866,-0.732312,-0.676142,-0.080765,-0.33492,0.254358,0.90728,-0.186169,-0.063788,-0.033599,-0.376763,-0.701707,-0.63916,-0.396994,-0.109485,0.031923,0.371697,-0.005558,-0.03515,0.999362,-0.844366,0.535515,0.014254,-0.535635,-0.843686,-0.03392,0.000112,-0.000556,-0.000344,0.0,-0.0,-0.0,0.341723,0.034884,0.034058,0.00106,0.161418,-0.07819,0.983783,0.8699,-0.459501,-0.179253,0.466066,0.884728,-0.006155,8.8e-05,-0.000431,-0.000265,-1.9e-05,1e-05,3.9e-05,0.28841,0.138954,0.05847,-0.07823,-0.647216,0.663039,-0.376149,-0.682866,-0.723594,-0.100517,-0.338827,0.191803,0.92109,-0.098915,-0.032495,-0.016849,0.443779,-0.636799,-0.403422,-0.496586
715,0.19527,0.070364,0.328307,-0.564739,0.679,-0.469119,-0.726612,-0.678558,-0.107539,-0.390648,0.279288,0.877165,-0.189016,-0.058045,-0.030939,-0.148065,-0.724686,0.367267,-0.399048,-0.109485,0.031923,0.371697,-0.005558,-0.03515,0.999362,-0.844366,0.535515,0.014254,-0.535635,-0.843686,-0.03392,0.0,-0.0,-0.0,0.0,0.0,0.0,0.341515,0.034885,0.034057,0.00106,0.161418,-0.07819,0.983783,0.8699,-0.459501,-0.179253,0.466065,0.884729,-0.006154,1e-06,7e-06,6e-06,-8e-06,2.3e-05,5.1e-05,0.28792,0.135244,0.05729,-0.078868,-0.620514,0.653801,-0.433018,-0.676692,-0.725463,-0.125658,-0.396295,0.215047,0.892582,-0.088462,-0.029137,-0.015661,-0.240713,-0.653343,0.184195,-0.496749
716,0.188263,0.068298,0.327239,-0.530846,0.67856,-0.507744,-0.739872,-0.66319,-0.112872,-0.412667,0.3149,0.854734,-0.191465,-0.049038,-0.025934,-0.297618,-1.168628,0.529919,-0.398514,-0.109485,0.031923,0.371697,-0.005558,-0.03515,0.999362,-0.844366,0.535515,0.014254,-0.535635,-0.843686,-0.03392,0.0,-0.0,-0.0,0.0,0.0,0.0,0.341259,0.034884,0.034057,0.00106,0.161418,-0.07819,0.983783,0.8699,-0.4595,-0.179253,0.466064,0.884729,-0.006154,3e-06,3e-06,5e-06,4e-06,4.1e-05,5.9e-05,0.287594,0.131671,0.056227,-0.079419,-0.587287,0.658091,-0.471177,-0.691297,-0.71062,-0.130869,-0.420952,0.248866,0.872275,-0.089699,-0.023846,-0.012631,-0.438808,-1.489011,0.623853,-0.497892
717,0.184736,0.067446,0.326807,-0.520558,0.674335,-0.523772,-0.741426,-0.661178,-0.114464,-0.422853,0.327911,0.844805,-0.180097,-0.053579,-0.014967,-0.178766,-1.170169,0.783554,-0.399693,-0.109487,0.03193,0.371702,-0.005537,-0.035151,0.999362,-0.844365,0.535516,0.014273,-0.535637,-0.843686,-0.03391,-1.2e-05,5.7e-05,3.5e-05,0.0,0.0,0.0,0.341414,0.034884,0.034061,0.001062,0.161397,-0.07819,0.983786,0.869903,-0.459503,-0.179234,0.466067,0.884727,-0.006145,-3e-06,3.1e-05,2e-05,-2e-06,1.8e-05,-1e-05,0.287594,0.129903,0.055798,-0.079642,-0.577199,0.654617,-0.488177,-0.692903,-0.708954,-0.131409,-0.432118,0.26241,0.862794,-0.090188,-0.020437,-0.010552,-0.127972,-1.093984,0.523778,-0.498055
718,0.177808,0.06604,0.326216,-0.509826,0.657122,-0.555261,-0.738325,-0.665443,-0.109701,-0.440954,0.353213,0.825123,-0.181617,-0.040669,-0.006938,-0.297399,-0.95153,0.27346,-0.398853,-0.109488,0.031938,0.371707,-0.005515,-0.035153,0.999362,-0.844365,0.535516,0.014292,-0.535638,-0.843685,-0.0339,-0.0,1e-06,1e-06,0.0,0.0,0.0,0.341712,0.034883,0.034065,0.001065,0.161375,-0.07819,0.98379,0.869905,-0.459506,-0.179215,0.46607,0.884726,-0.006135,2e-06,-8e-06,-4e-06,-5e-06,2e-06,-3.9e-05,0.287594,0.126439,0.055088,-0.079942,-0.565441,0.640019,-0.52024,-0.689598,-0.71288,-0.127497,-0.45247,0.286665,0.844448,-0.084844,-0.013927,-0.006696,-0.347529,-1.23275,0.379777,-0.498055
719,0.17098,0.065125,0.325964,-0.497025,0.643985,-0.581631,-0.736521,-0.667439,-0.109699,-0.458237,0.373056,0.806768,-0.170278,-0.014669,-0.005156,-0.139235,-0.601339,0.184271,-0.398398,-0.109525,0.031931,0.371695,-0.00562,-0.035148,0.999362,-0.844354,0.535536,0.014202,-0.535654,-0.843673,-0.033952,-0.012308,-0.002344,-0.000363,-0.002045,0.015205,-0.029245,0.341115,0.034869,0.034062,0.001058,0.161455,-0.078185,0.983777,0.869884,-0.459519,-0.179283,0.466082,0.884719,-0.006179,6e-06,-3.1e-05,-1.9e-05,-8e-06,-1e-06,-3e-06,0.287267,0.12302,0.054618,-0.080071,-0.552018,0.628479,-0.547986,-0.687678,-0.714808,-0.127067,-0.471565,0.306695,0.826779,-0.085155,-0.007638,-0.002689,-0.14555,-0.7205,0.306078,-0.497565
720,0.167605,0.064847,0.325951,-0.492117,0.63923,-0.590975,-0.735952,-0.668043,-0.109838,-0.464403,0.380078,0.799936,-0.170295,-0.008407,-0.001116,-0.066736,-0.496361,0.264359,-0.398809,-0.109554,0.031934,0.371687,-0.005679,-0.035148,0.999362,-0.844341,0.535556,0.014153,-0.535672,-0.84366,-0.033982,0.0,-1e-06,-1e-06,0.0,0.0,0.0,0.341384,0.03485,0.034062,0.001055,0.161537,-0.078181,0.983764,0.869863,-0.459532,-0.179354,0.466093,0.884713,-0.006224,-0.006161,-0.001139,-0.000161,-0.002053,0.015203,-0.029232,0.287267,0.121269,0.054473,-0.080079,-0.546637,0.62435,-0.55801,-0.687173,-0.71528,-0.12715,-0.47852,0.313944,0.820035,-0.085129,-0.003685,-0.000109,-0.023551,-0.435237,0.306668,-0.497729
721,0.161109,0.064739,0.326123,-0.484266,0.630054,-0.607094,-0.732663,-0.671243,-0.112288,-0.47766,0.389631,0.787436,-0.157696,0.003158,0.006068,-0.103666,-0.459148,0.119114,-0.39872,-0.109636,0.031921,0.371641,-0.005924,-0.035145,0.99936,-0.844293,0.535638,0.013947,-0.535746,-0.843608,-0.034111,0.000254,-0.001264,-0.000781,0.0,0.0,0.0,0.341448,0.034809,0.034058,0.001032,0.161779,-0.078162,0.983726,0.869788,-0.459593,-0.179559,0.466149,0.884682,-0.006368,0.000142,-0.000697,-0.000429,-6e-06,2e-06,2.2e-05,0.287267,0.118021,0.054421,-0.079992,-0.538366,0.616998,-0.573998,-0.683759,-0.717956,-0.130427,-0.492579,0.32226,0.808401,-0.078826,0.002056,0.003459,-0.116641,-0.473712,0.109789,-0.497565
722,0.154951,0.065076,0.32653,-0.481045,0.622177,-0.617687,-0.731819,-0.672878,-0.107925,-0.482185,0.399341,0.779777,-0.157107,0.000584,0.018979,-0.070091,-0.206712,0.033341,-0.399792,-0.109741,0.031928,0.371574,-0.00659,-0.035079,0.999358,-0.837798,0.545746,0.013747,-0.545837,-0.837109,-0.03425,0.000126,-0.000626,-0.000387,0.000362,5e-06,-1.2e-05,0.341993,0.034757,0.034059,0.000998,0.162464,-0.078152,0.983614,0.864012,-0.470167,-0.180066,0.476535,0.87911,-0.00886,6.3e-05,-0.000306,-0.00019,-0.000666,-0.003588,0.000646,0.287267,0.115001,0.054592,-0.079793,-0.534873,0.609352,-0.58532,-0.68268,-0.719847,-0.125561,-0.497852,0.332427,0.80102,-0.078373,0.006951,0.006615,-0.000266,-0.199472,0.105076,-0.498055
723,0.148877,0.065586,0.327185,-0.475877,0.613914,-0.629837,-0.733215,-0.672363,-0.101464,-0.485185,0.412754,0.77088,-0.143897,0.017943,0.015141,-0.098545,-0.357666,0.022959,-0.398888,-0.109931,0.03194,0.371415,-0.007902,-0.034927,0.999354,-0.824417,0.565766,0.013369,-0.565824,-0.823719,-0.03453,-0.01356,0.005798,-0.010587,0.034046,0.010515,-0.007933,0.34061,0.034666,0.034066,0.000925,0.163759,-0.078192,0.983396,0.852092,-0.491118,-0.180944,0.497111,0.867576,-0.013798,-0.005973,-0.002055,-0.000731,-0.002885,0.009284,-0.028331,0.28645,0.111959,0.054846,-0.07946,-0.529291,0.602352,-0.597514,-0.684068,-0.719573,-0.119437,-0.501898,0.345523,0.792913,-0.078207,0.003468,0.011546,-0.15175,-0.334788,-0.064937,-0.498382
724,0.146078,0.065812,0.327578,-0.473806,0.613489,-0.63181,-0.733977,-0.671497,-0.101686,-0.48606,0.414788,0.769235,-0.144021,0.00785,0.023107,-0.044979,-0.071261,-0.036066,-0.399132,-0.110056,0.031962,0.371302,-0.008602,-0.034846,0.999351,-0.817488,0.575737,0.013153,-0.575778,-0.816785,-0.034703,-0.001235,0.008069,-0.010268,0.036347,-0.004703,0.021295,0.340269,0.034599,0.034077,0.000863,0.164486,-0.078219,0.983272,0.845871,-0.50159,-0.181403,0.507389,0.861561,-0.016342,-0.000602,0.003986,-0.005165,0.034179,-0.010084,0.022113,0.284654,0.11056,0.054966,-0.079265,-0.527116,0.602122,-0.599663,-0.684905,-0.718741,-0.119643,-0.503043,0.347647,0.791257,-0.071812,0.00991,0.008204,0.005577,-0.189181,0.152351,-0.497892
725,0.140491,0.066229,0.328509,-0.47085,0.610381,-0.637008,-0.735175,-0.670558,-0.099201,-0.487123,0.420842,0.765265,-0.131428,0.010166,0.024118,-0.059804,-0.109023,-0.024447,-0.39783,-0.110413,0.032077,0.370991,-0.010459,-0.03757,0.999235,-0.803426,0.595182,0.014083,-0.595209,-0.802602,-0.037674,-0.013526,0.005643,-0.01068,0.024397,0.054839,0.01682,0.340136,0.03442,0.034134,0.000707,0.166115,-0.075076,0.983244,0.83343,-0.522252,-0.180682,0.527066,0.849479,-0.024183,-0.00675,0.002791,-0.005359,0.016849,0.026673,0.001789,0.283348,0.107762,0.055176,-0.078797,-0.52401,0.599429,-0.605059,-0.686158,-0.717973,-0.117048,-0.504579,0.353832,0.787529,-0.071744,0.005725,0.012679,-0.046287,-0.196147,0.116914,-0.497565
726,0.13535,0.066761,0.329521,-0.467843,0.602931,-0.646253,-0.735288,-0.671187,-0.093978,-0.489844,0.430462,0.758144,-0.13041,0.015569,0.027472,-0.201249,-0.356687,-0.179409,-0.399725,-0.110907,0.032333,0.370514,-0.012939,-0.043222,0.998977,-0.792519,0.609577,0.016224,-0.609605,-0.79143,-0.043405,-0.013357,0.004815,-0.011189,0.029578,0.240305,0.118479,0.325231,0.034178,0.034261,0.000473,0.168108,-0.07011,0.983271,0.823839,-0.537752,-0.179193,0.541319,0.840182,-0.032641,-0.007478,0.007413,-0.010118,0.168005,0.357371,0.174079,0.271918,0.105191,0.055437,-0.078294,-0.520567,0.593294,-0.614012,-0.686244,-0.718609,-0.112556,-0.508014,0.362769,0.781229,-0.0653,0.007379,0.013542,-0.282446,-0.337647,-0.448417,-0.498219
727,0.132937,0.067083,0.330057,-0.467681,0.598153,-0.650794,-0.735318,-0.671814,-0.089132,-0.489952,0.436108,0.75484,-0.12991,0.017789,0.028816,-0.187451,-0.333136,-0.161184,-0.399472,-0.111191,0.032519,0.370194,-0.014517,-0.045999,0.998832,-0.784974,0.619236,0.017224,-0.619252,-0.783735,-0.046361,-0.014934,0.014671,-0.020331,0.552962,0.078761,0.02649,0.317346,0.034042,0.034345,0.000324,0.169432,-0.066212,0.983315,0.818401,-0.546444,-0.177811,0.5491,0.834873,-0.038397,-0.006564,0.001676,-0.005942,5.533335,0.181927,-0.23304,0.262447,0.103985,0.055598,-0.078026,-0.520138,0.588401,-0.619063,-0.686139,-0.719502,-0.107369,-0.508594,0.368917,0.777966,-0.059036,0.007962,0.013783,-0.23436,-0.405249,-0.210104,-0.498382
728,0.128372,0.067608,0.331229,-0.464226,0.586972,-0.663328,-0.735845,-0.672376,-0.080082,-0.492441,0.450197,0.744883,-0.106326,0.004518,0.034273,-0.236642,-0.37068,-0.137459,-0.400578,-0.111835,0.032964,0.369399,-0.019861,-0.053948,0.998342,-0.75816,0.651703,0.020249,-0.651655,-0.75642,-0.055108,-0.014451,0.012257,-0.021813,0.021116,0.304613,0.148288,0.308784,0.033714,0.034576,-7.9e-05,0.174121,-0.058885,0.982961,0.793358,-0.58292,-0.175456,0.58332,0.810392,-0.054782,-0.013401,0.005152,-0.010966,0.036272,0.521871,0.043731,0.244811,0.101654,0.05587,-0.077426,-0.516027,0.577835,-0.632314,-0.686493,-0.720479,-0.098163,-0.512292,0.383424,0.768467,-0.053185,0.002262,0.017219,-0.246191,-0.382034,-0.147542,-0.499035
729,0.124106,0.067866,0.332567,-0.461448,0.573877,-0.676591,-0.73404,-0.675238,-0.072178,-0.497715,0.462622,0.733681,-0.10607,0.005573,0.034757,-0.166185,-0.236063,-0.069874,-0.402074,-0.112659,0.033488,0.368361,-0.027022,-0.061264,0.997752,-0.725484,0.687817,0.0227,-0.687591,-0.723151,-0.064294,-0.027829,0.017301,-0.03282,0.043785,0.31373,0.141578,0.294546,0.033306,0.034838,-0.000593,0.180572,-0.05099,0.982238,0.763957,-0.62172,-0.172719,0.619485,0.781577,-0.073311,-0.012993,0.003073,-0.012252,0.007945,0.439143,0.194228,0.231585,0.099561,0.055999,-0.076769,-0.512601,0.565145,-0.646413,-0.684266,-0.72365,-0.090053,-0.51867,0.396158,0.757653,-0.053422,-0.002718,0.021249,-0.192352,-0.222886,-0.056817,-0.500015
730,0.1199,0.067877,0.33409,-0.459894,0.567212,-0.683237,-0.733417,-0.676358,-0.067908,-0.500066,0.469158,0.727909,-0.106962,-0.005757,0.041942,-0.125457,-0.087857,0.014125,-0.401951,-0.11368,0.033917,0.367088,-0.037823,-0.069916,0.996831,-0.678272,0.734309,0.025882,-0.733708,-0.675048,-0.076457,-0.024913,0.000287,-0.028185,0.4487,0.621724,0.216827,0.265755,0.032794,0.035064,-0.001229,0.190092,-0.042997,0.980823,0.721014,-0.671945,-0.169195,0.666334,0.739351,-0.09673,-0.013292,0.005486,-0.018366,1.749003,0.217328,-0.330615,0.201703,0.097499,0.056008,-0.076023,-0.510778,0.558958,-0.653201,-0.68339,-0.724971,-0.085989,-0.521616,0.40247,0.752285,-0.047559,-0.003777,0.020398,-0.106274,-0.07428,0.062905,-0.500505
731,0.117957,0.067838,0.334856,-0.464002,0.564334,-0.682842,-0.730938,-0.679336,-0.06483,-0.499895,0.468329,0.728559,-0.105595,0.00783,0.035969,-0.091635,0.031239,-0.101649,-0.40177,-0.114218,0.034078,0.366398,-0.04386,-0.073688,0.996312,-0.651254,0.758316,0.027531,-0.757457,-0.647544,-0.082509,-0.026401,0.009733,-0.037548,0.537097,0.35981,0.120958,0.256043,0.032526,0.035138,-0.001572,0.196183,-0.036808,0.979876,0.696552,-0.698115,-0.165682,0.690164,0.715039,-0.11132,-0.012995,0.003886,-0.019371,1.713253,0.55199,0.042118,0.184721,0.096486,0.055984,-0.075625,-0.514547,0.556063,-0.652712,-0.680771,-0.727741,-0.083315,-0.521335,0.401479,0.753009,-0.04747,-0.003251,0.020716,-0.151014,-0.023418,0.030318,-0.500178
732,0.114138,0.06758,0.336533,-0.466449,0.554701,-0.689041,-0.728995,-0.68222,-0.055791,-0.500452,0.475591,0.723455,-0.082836,-0.007099,0.040693,-0.26582,-0.260687,-0.247897,-0.400897,-0.115382,0.03426,0.364813,-0.058599,-0.079145,0.995135,-0.584919,0.81049,0.030132,-0.808821,-0.580204,-0.095044,-0.025263,0.003338,-0.041633,0.572,0.1806,-0.021578,0.241778,0.031943,0.035234,-0.002361,0.210504,-0.028999,0.977162,0.635328,-0.755634,-0.15929,0.742997,0.654351,-0.140641,-0.012464,0.000882,-0.021295,1.727072,0.212492,-0.171869,0.163493,0.094538,0.055858,-0.074772,-0.516383,0.547152,-0.658765,-0.678569,-0.730697,-0.074991,-0.52239,0.408294,0.7486,-0.041454,-0.003603,0.020379,-0.320823,-0.346245,-0.30568,-0.499688
733,0.110559,0.067119,0.338306,-0.469628,0.54712,-0.692932,-0.727125,-0.684806,-0.047978,-0.500197,0.480632,0.720294,-0.095975,-0.016736,0.049266,-0.169705,-0.09599,0.018951,-0.400215,-0.116538,0.034192,0.36292,-0.089301,-0.081866,0.99263,-0.535672,0.844112,0.021541,-0.839505,-0.529695,-0.120487,-0.025116,0.003475,-0.057033,5.534218,0.646641,-0.785538,0.192318,0.031372,0.03521,-0.003279,0.238921,-0.024123,0.970738,0.591796,-0.788964,-0.165261,0.769865,0.613964,-0.174225,-0.017901,-0.004575,-0.024287,-0.070028,1.034704,-0.578129,0.117118,0.092816,0.055642,-0.073922,-0.519056,0.538632,-0.663667,-0.6762,-0.7337,-0.066612,-0.522812,0.414196,0.745055,-0.041505,-0.00351,0.020397,-0.121811,-0.110518,0.07518,-0.499525
734,0.108981,0.066845,0.339179,-0.467525,0.542714,-0.697801,-0.728027,-0.684092,-0.044351,-0.500855,0.486604,0.715812,-0.084015,-0.017967,0.04838,-0.245194,-0.260173,-0.026505,-0.399881,-0.117055,0.034075,0.361913,-0.110095,-0.078525,0.99081,-0.505203,0.862873,0.012365,-0.855739,-0.499099,-0.13592,-0.024533,-0.000115,-0.059454,5.449092,0.937248,-1.53914,0.179443,0.031105,0.035149,-0.003801,0.259189,-0.024391,0.965518,0.561835,-0.809325,-0.171267,0.785596,0.586853,-0.196065,-0.017502,-0.007049,-0.025939,-0.273941,1.770575,-2.296598,0.089522,0.091991,0.055498,-0.073467,-0.516778,0.534978,-0.668384,-0.677167,-0.733108,-0.063215,-0.523817,0.41994,0.741124,-0.042149,-0.009439,0.02395,-0.277557,-0.177546,-0.249521,-0.499362
735,0.106034,0.065941,0.341002,-0.469637,0.531302,-0.705128,-0.72329,-0.689486,-0.037859,-0.505713,0.491568,0.708973,-0.07337,-0.023729,0.044565,-0.363637,-0.469653,-0.174451,-0.399781,-0.118055,0.03364,0.359552,-0.154576,-0.068392,0.985606,-0.436614,0.899592,-0.005936,-0.886006,-0.431163,-0.170159,-0.023023,-0.009597,-0.065993,1.669213,0.690263,-0.331563,0.177033,0.030604,0.034936,-0.004979,0.303537,-0.031683,0.952292,0.490119,-0.851891,-0.184565,0.817097,0.522758,-0.243052,-0.010482,-0.010973,-0.029344,5.458877,0.961017,-1.061177,0.065355,0.090515,0.055054,-0.07255,-0.518256,0.525085,-0.675052,-0.672021,-0.738233,-0.058301,-0.528959,0.423435,0.735462,-0.03082,-0.013107,0.021493,-0.378076,-0.396019,-0.332672,-0.498382
736,0.103371,0.064663,0.342906,-0.469156,0.525497,-0.709782,-0.723918,-0.689133,-0.031785,-0.505261,0.498255,0.704614,-0.062985,-0.037322,0.050692,-0.28714,-0.271043,-0.015722,-0.400885,-0.118869,0.033051,0.356892,-0.185067,-0.067043,0.980432,-0.370711,0.928691,-0.006353,-0.909823,-0.364552,-0.197959,-0.009841,-0.012536,-0.069654,5.479539,0.584984,-1.098155,0.165204,0.030202,0.034642,-0.006284,0.332296,-0.028745,0.942736,0.430982,-0.884452,-0.178881,0.838947,0.465744,-0.281511,-0.004802,-0.006756,-0.035107,0.187255,0.875579,0.119035,0.054578,0.089202,0.05443,-0.071622,-0.517512,0.518646,-0.680578,-0.67238,-0.738416,-0.051444,-0.529231,0.430984,0.730867,-0.030905,-0.012925,0.021653,-0.351393,-0.456916,-0.114991,-0.499525
737,0.10103,0.063085,0.344797,-0.466763,0.524306,-0.712236,-0.724853,-0.688156,-0.031623,-0.506136,0.500851,0.702141,-0.064652,-0.042098,0.047744,-0.177432,-0.055612,0.10425,-0.400025,-0.119125,0.032505,0.354138,-0.213431,-0.068858,0.974524,-0.309438,0.950884,-0.000465,-0.926322,-0.301575,-0.225482,0.002912,-0.012094,-0.071193,0.070853,0.579474,0.244276,0.151175,0.030065,0.034363,-0.007664,0.359687,-0.025184,0.932732,0.367626,-0.914952,-0.166471,0.857598,0.402774,-0.319838,0.001458,-0.005867,-0.035431,0.200674,0.889419,0.393091,0.037922,0.088011,0.053635,-0.070652,-0.514919,0.517138,-0.683685,-0.673433,-0.737509,-0.050652,-0.530419,0.434334,0.728017,-0.026385,-0.022129,0.02319,-0.178634,-0.080322,0.157157,-0.499198
738,0.099933,0.062077,0.345776,-0.468262,0.522412,-0.712644,-0.723528,-0.689614,-0.030191,-0.506646,0.500828,0.70179,-0.054772,-0.057861,0.052567,-0.210153,-0.048803,0.120122,-0.399651,-0.119035,0.032309,0.352806,-0.22644,-0.073313,0.971257,-0.287509,0.957728,0.00538,-0.930274,-0.277942,-0.239168,0.01535,-0.009082,-0.070662,0.014996,0.914237,0.491227,0.151204,0.030108,0.034252,-0.008385,0.371524,-0.020038,0.928206,0.346953,-0.924335,-0.158826,0.861157,0.381052,-0.336461,0.007713,-0.004571,-0.035329,-0.012685,0.84747,0.460645,0.030248,0.087459,0.053137,-0.070164,-0.51632,0.515167,-0.684116,-0.671965,-0.738939,-0.049301,-0.530919,0.434248,0.727703,-0.02678,-0.023216,0.022533,-0.177442,-0.068052,0.134762,-0.498872
739,0.09795,0.059666,0.347802,-0.456542,0.520272,-0.721756,-0.725236,-0.68749,-0.036902,-0.514838,0.505946,0.692088,-0.045391,-0.074758,0.056918,-0.326347,-0.322243,0.014989,-0.399887,-0.118662,0.032169,0.350135,-0.248202,-0.086521,0.964832,-0.271109,0.96237,0.016676,-0.929619,-0.257336,-0.263533,0.001186,-0.001817,-0.064895,0.025204,0.837812,0.24708,0.15022,0.030296,0.034169,-0.009706,0.386632,-0.004828,0.922221,0.333966,-0.931382,-0.144888,0.85964,0.364009,-0.35849,0.007024,-0.000312,-0.03265,-0.041485,0.305888,0.562129,0.029758,0.086463,0.051937,-0.069153,-0.50462,0.515059,-0.692871,-0.673986,-0.736566,-0.056675,-0.539537,0.438387,0.718829,-0.028161,-0.03087,0.025204,-0.280098,-0.602109,-0.003025,-0.498708
740,0.096353,0.056945,0.349818,-0.450021,0.51182,-0.731823,-0.720238,-0.692466,-0.04147,-0.527436,0.507784,0.68117,-0.033921,-0.077894,0.055244,-0.365693,-0.288836,-0.02055,-0.40164,-0.118024,0.03266,0.347807,-0.255435,-0.104846,0.96112,-0.269824,0.962296,0.033383,-0.928025,-0.250683,-0.275303,0.023666,0.018918,-0.053018,0.138889,0.1207,0.233897,0.144083,0.030609,0.034393,-0.010883,0.389814,0.012845,0.920803,0.336513,-0.932738,-0.129448,0.857206,0.360324,-0.367917,0.010903,0.015637,-0.030104,0.304661,0.261691,0.47571,0.017184,0.085659,0.050574,-0.068147,-0.497652,0.507258,-0.703583,-0.668679,-0.741021,-0.061285,-0.552458,0.439973,0.707963,-0.022177,-0.031498,0.024942,-0.401008,-0.554132,0.072121,-0.499362
741,0.095695,0.055521,0.350869,-0.451742,0.504181,-0.736054,-0.712425,-0.700433,-0.042613,-0.536487,0.504503,0.676524,-0.03378,-0.077057,0.055995,3.779548,-0.003958,-3.491385,-0.40164,-0.117563,0.033204,0.34687,-0.255376,-0.113646,0.960135,-0.26865,0.962263,0.042563,-0.928382,-0.246936,-0.277477,0.021709,0.030077,-0.045066,0.061957,0.578525,0.273728,0.153803,0.03085,0.034665,-0.011376,0.391412,0.020933,0.919976,0.33581,-0.934044,-0.121621,0.856753,0.356542,-0.372626,0.010736,0.015915,-0.02192,0.123768,0.247946,0.522925,0.02094,0.08533,0.04986,-0.067623,-0.496172,0.501701,-0.708596,-0.664643,-0.7446,-0.061798,-0.558625,0.440301,0.702902,-0.016725,-0.037903,0.028428,-0.29021,-0.245897,0.27036,-0.499851
742,0.094476,0.052506,0.353147,-0.445715,0.49967,-0.742774,-0.709752,-0.702863,-0.046993,-0.545002,0.505614,0.668845,-0.034363,-0.085399,0.066227,0.174004,-0.552973,0.615661,-0.400836,-0.11648,0.034741,0.345511,-0.240023,-0.132345,0.961699,-0.28084,0.957727,0.061826,-0.928889,-0.255085,-0.268254,0.020142,0.037004,-0.024034,0.794118,-1.412752,2.42396,0.172912,0.031372,0.035404,-0.012038,0.38236,0.040138,0.923141,0.350505,-0.930688,-0.104712,0.854953,0.363604,-0.369927,0.015393,0.025987,-0.015316,-0.341327,0.013446,0.136653,0.042494,0.08472,0.048351,-0.06649,-0.493343,0.49508,-0.715197,-0.657477,-0.750574,-0.066042,-0.569505,0.437645,0.695794,-0.010521,-0.038265,0.028396,1.260537,-1.902992,1.908599,-0.499688
743,0.09337,0.049578,0.355546,-0.43939,0.497356,-0.748076,-0.706258,-0.705832,-0.054513,-0.55459,0.50376,0.662331,-0.03201,-0.069992,0.061468,-0.238723,-0.155217,0.33907,-0.402125,-0.115397,0.036387,0.344996,-0.220242,-0.157121,0.962703,-0.333974,0.939394,0.077031,-0.916147,-0.304361,-0.260581,0.031726,0.042325,-0.005519,-5.267194,-0.39514,1.428967,0.194659,0.031921,0.036245,-0.012309,0.360051,0.06374,0.930752,0.399072,-0.912302,-0.091901,0.843269,0.404527,-0.353912,0.015665,0.022373,-0.001906,0.042539,-0.081511,0.181625,0.062905,0.084165,0.046879,-0.065291,-0.486416,0.493621,-0.720927,-0.653808,-0.752988,-0.074444,-0.579597,0.435138,0.688999,-0.015908,-0.034577,0.031025,-0.245474,-0.057562,0.192132,-0.499851
744,0.092831,0.048249,0.356759,-0.437246,0.492581,-0.752479,-0.701761,-0.710098,-0.057133,-0.56194,0.502463,0.657101,-0.029802,-0.055422,0.05584,-0.277241,-0.370039,0.099631,-0.401736,-0.114871,0.037163,0.345029,-0.209487,-0.164198,0.963922,-0.349008,0.933378,0.083265,-0.913075,-0.318772,-0.254051,0.0197,0.035011,0.006464,-0.432651,-0.122743,0.244861,0.206658,0.032189,0.036638,-0.012295,0.34823,0.070501,0.934754,0.419307,-0.903563,-0.088059,0.838401,0.422614,-0.344209,0.015099,0.025036,-2.4e-05,-1.527203,-0.236062,0.585039,0.078581,0.083893,0.046206,-0.064684,-0.484097,0.490027,-0.724929,-0.649148,-0.756653,-0.077979,-0.586733,0.432838,0.684393,-0.015588,-0.033413,0.031884,-0.284937,-0.626181,0.092704,-0.500178
745,0.0919,0.045867,0.359168,-0.432548,0.48571,-0.759627,-0.692595,-0.71837,-0.065022,-0.576744,0.497381,0.648078,-0.016509,-0.054045,0.057036,4.11359,0.18559,-3.385696,-0.400583,-0.113958,0.038482,0.345564,-0.187481,-0.184788,0.964726,-0.391574,0.914743,0.099236,-0.900541,-0.358928,-0.245071,0.032637,0.032459,0.019105,-0.46893,-0.126695,0.259899,0.231349,0.032639,0.037308,-0.012025,0.325425,0.08916,0.941354,0.462475,-0.88335,-0.076211,0.82475,0.460154,-0.328699,0.009843,0.016272,0.010215,-1.624544,-0.155008,0.357595,0.108627,0.083434,0.045035,-0.063501,-0.476802,0.485313,-0.732891,-0.643949,-0.760378,-0.084576,-0.598321,0.431619,0.675066,-0.008189,-0.026701,0.028738,1.288975,-1.785306,1.823068,-0.500178
746,0.091066,0.044037,0.361313,-0.423742,0.477206,-0.769911,-0.686709,-0.723481,-0.070547,-0.590161,0.498214,0.635232,-0.028043,-0.049089,0.060498,0.2226,-0.624208,0.671698,-0.400099,-0.113195,0.039728,0.346542,-0.166063,-0.198084,0.966011,-0.417278,0.901655,0.113274,-0.8932,-0.384037,-0.233606,0.020296,0.026642,0.031868,-1.620873,-0.299812,0.505504,0.259876,0.033025,0.037936,-0.01154,0.303798,0.099937,0.94748,0.488032,-0.870426,-0.064673,0.818248,0.482049,-0.313206,0.009266,0.018777,0.011764,-5.312829,-0.684182,1.410655,0.139163,0.083011,0.0441,-0.062406,-0.470206,0.474994,-0.743831,-0.633374,-0.768547,-0.090395,-0.614607,0.42862,0.662225,-0.007246,-0.020025,0.025491,1.317115,-1.789835,1.900954,-0.499198
747,0.090332,0.042652,0.363292,-0.416463,0.459973,-0.784237,-0.676663,-0.732882,-0.070583,-0.606709,0.500693,0.617444,-0.024891,-0.024557,0.045727,0.052994,-0.558556,-0.349616,-0.400532,-0.112653,0.04106,0.347718,-0.140736,-0.212406,0.966989,-0.441856,0.887469,0.13075,-0.885731,-0.408603,-0.219971,0.006774,0.029129,0.034539,0.19927,-1.512888,2.503697,0.30644,0.033301,0.038605,-0.01095,0.280215,0.11068,0.953535,0.515004,-0.855606,-0.052031,0.810092,0.505655,-0.296754,0.002402,0.020426,0.013481,-1.621885,-0.190141,0.31432,0.189782,0.082643,0.0434,-0.06141,-0.461396,0.460629,-0.758244,-0.623065,-0.77666,-0.092678,-0.631588,0.429674,0.645349,-0.006804,-0.018582,0.026492,0.843068,-0.717069,-1.183459,-0.499362
748,0.090087,0.042032,0.364243,-0.409626,0.452435,-0.792183,-0.672038,-0.736851,-0.0734,-0.616427,0.501744,0.606875,-0.013883,-0.038175,0.052378,-0.266586,-0.541148,0.206383,-0.399999,-0.112529,0.041777,0.348349,-0.129523,-0.216297,0.967694,-0.451107,0.881877,0.136855,-0.882788,-0.418536,-0.213018,0.00651,0.030192,0.035078,-0.131138,-0.241056,-0.109054,0.318978,0.033361,0.03895,-0.010643,0.267105,0.116049,0.956654,0.525169,-0.849883,-0.043534,0.807992,0.514033,-0.287953,0.00316,0.015512,0.017827,-1.392515,-1.193398,0.945742,0.214929,0.082522,0.043107,-0.060953,-0.454501,0.452951,-0.766982,-0.617651,-0.780688,-0.095036,-0.641822,0.430534,0.634589,-0.000223,-0.014825,0.021236,0.052727,-0.642706,-0.308721,-0.499362
749,0.089707,0.041063,0.365884,-0.396867,0.431069,-0.810383,-0.658607,-0.748645,-0.075756,-0.638859,0.503119,0.582028,-9.9e-05,-0.028713,0.043123,-0.286245,-0.641238,0.01618,-0.400218,-0.112546,0.043134,0.349551,-0.104079,-0.228386,0.967987,-0.468969,0.869498,0.154843,-0.876858,-0.437552,-0.198824,0.006187,0.031434,0.035541,0.036825,-0.220798,0.296773,0.326828,0.033355,0.039659,-0.010016,0.240492,0.124652,0.962613,0.544836,-0.838088,-0.027592,0.803315,0.531102,-0.269469,0.003051,0.015843,0.017861,0.046598,-0.187046,0.318707,0.240076,0.082322,0.042609,-0.060112,-0.440408,0.43355,-0.786177,-0.603548,-0.79125,-0.098246,-0.664657,0.431227,0.610142,-0.005681,-0.007853,0.018054,-0.239212,-0.902432,-0.026035,-0.499851
750,0.089282,0.040311,0.367433,-0.3855,0.412466,-0.825413,-0.645814,-0.759485,-0.077965,-0.658574,0.502491,0.560187,-0.011007,-0.014711,0.036748,-0.174227,-0.503665,0.33797,-0.400797,-0.112868,0.044693,0.350703,-0.078058,-0.24277,0.966934,-0.485805,0.856155,0.175858,-0.870403,-0.455708,-0.18599,-0.008142,0.041191,0.027415,-0.145023,0.007003,-0.024168,0.345157,0.0332,0.040409,-0.00946,0.214033,0.137044,0.967165,0.563375,-0.826165,-0.00761,0.797995,0.546506,-0.254034,-0.010157,0.019147,0.013343,-1.566798,-0.385575,0.411101,0.259998,0.082118,0.042238,-0.059352,-0.42813,0.415298,-0.80264,-0.589791,-0.801336,-0.100027,-0.684726,0.430566,0.588015,-0.005491,-0.007244,0.018452,-0.089385,-0.557849,0.22326,-0.500505
751,0.08905,0.040002,0.368136,-0.378133,0.405586,-0.832202,-0.640928,-0.763312,-0.080853,-0.66756,0.502301,0.549622,-0.011122,-0.015079,0.036523,-0.168945,-0.612447,0.35744,-0.400044,-0.113108,0.045475,0.351218,-0.068067,-0.248163,0.966319,-0.488997,0.852489,0.184605,-0.869466,-0.459648,-0.180598,-0.007827,0.039675,0.026207,-0.148846,0.013493,-0.038041,0.355255,0.033084,0.040806,-0.009198,0.203548,0.141707,0.968755,0.567667,-0.823257,0.001149,0.797697,0.549696,-0.248015,-0.003961,0.019998,0.013221,-1.610953,-0.322795,0.270994,0.272734,0.081998,0.042075,-0.058983,-0.420262,0.409842,-0.809573,-0.584878,-0.804472,-0.103641,-0.693756,0.429945,0.577796,-0.005697,-0.007908,0.018038,-0.104681,-0.684202,0.24393,-0.500505
752,0.088496,0.039364,0.369634,-0.367361,0.393269,-0.842871,-0.6308,-0.771259,-0.084988,-0.683045,0.499968,0.532455,-0.023659,-0.013377,0.037661,-0.13507,-0.235753,0.201566,-0.399559,-0.113653,0.046952,0.352085,-0.049585,-0.257677,0.964954,-0.495357,0.845226,0.20037,-0.867136,-0.467735,-0.170773,-0.008737,0.046303,0.014937,0.003143,0.007558,-0.004764,0.365684,0.032803,0.041562,-0.008748,0.184517,0.149638,0.97137,0.576325,-0.817055,0.01639,0.796116,0.556802,-0.237001,-0.003533,0.01792,0.011684,-0.07115,-0.219125,0.337164,0.294451,0.081731,0.041763,-0.058246,-0.408555,0.398149,-0.821315,-0.574208,-0.811581,-0.107796,-0.709483,0.427565,0.560196,-0.005499,-0.00727,0.018449,-0.129137,-0.338128,0.443489,-0.500178
