frame,MLTx,MLTy,MLTz,MLTR1,MLTR2,MLTR3,MLTR4,MLTR5,MLTR6,MLTR7,MLTR8,MLTR9,MLTTVx,MLTTVy,MLTTVz,MLTRVx,MLTRVy,MLTRVz,MLGA,MRTx,MRTy,MRTz,MRTR1,MRTR2,MRTR3,MRTR4,MRTR5,MRTR6,MRTR7,MRTR8,MRTR9,MRTTVx,MRTTVy,MRTTVz,MRTRVx,MRTRVy,MRTRVz,MRGA,SLTx,SLTy,SLTz,SLTR1,SLTR2,SLTR3,SLTR4,SLTR5,SLTR6,SLTR7,SLTR8,SLTR9,SLTTVx,SLTTVy,SLTTVz,SLTRVx,SLTRVy,SLTRVz,SLGA,SRTx,SRTy,SRTz,SRTR1,SRTR2,SRTR3,SRTR4,SRTR5,SRTR6,SRTR7,SRTR8,SRTR9,SRTTVx,SRTTVy,SRTTVz,SRTRVx,SRTRVy,SRTRVz,SRGA
640,0.123635,-0.008322,0.363456,-0.685621,-0.215865,-0.695249,-0.141384,-0.897375,0.417972,-0.713276,0.385131,0.58561,-0.0,-0.0,-0.0,0.0,0.0,0.0,0.058029,-0.16969,0.023512,0.336151,0.655318,0.744735,0.126171,-0.664496,0.489166,0.564885,0.358142,-0.454957,0.815237,0.013947,-0.005281,0.011456,-0.034427,-0.004201,0.011356,-1.40679,0.034964,0.032851,-0.008692,-0.769286,-0.615203,0.172403,0.597184,-0.596467,0.536281,-0.22709,0.51551,0.826243,0.00041,-0.002447,0.006405,-0.034902,-0.00424,0.006651,-0.894304,0.077608,0.020233,-0.058217,-0.724194,-0.234559,-0.648478,-0.03667,-0.925944,0.375873,-0.68862,0.295985,0.661962,-0.000211,-0.00522,0.004531,-0.035324,0.014761,-0.017475,-0.119874
641,0.12363,-0.008415,0.363525,-0.685403,-0.215495,-0.695579,-0.14192,-0.897379,0.417782,-0.713378,0.385329,0.585354,-0.0,-1e-06,-1e-06,0.0,0.0,0.0,0.049452,-0.169374,0.023477,0.336547,0.655166,0.744785,0.126669,-0.66441,0.488417,0.565634,0.358579,-0.455682,0.81464,0.013927,-0.003853,0.012546,-0.045225,0.087629,-0.131365,-1.406619,0.035122,0.032829,-0.008497,-0.769176,-0.615236,0.172778,0.597182,-0.595787,0.537037,-0.227465,0.516257,0.825674,0.006953,-0.001503,0.006593,-0.032579,-0.019638,0.035756,-0.893324,0.077606,0.020187,-0.058182,-0.724034,-0.234156,-0.648802,-0.03722,-0.925982,0.375727,-0.688758,0.296187,0.661727,-3e-06,7e-06,6e-06,1e-06,-5e-06,-1.3e-05,-0.130815
642,0.123629,-0.008447,0.363552,-0.685308,-0.215338,-0.695721,-0.142136,-0.897387,0.41769,-0.713426,0.385397,0.585251,-0.0,-0.0,-0.0,0.0,0.0,0.0,0.052231,-0.169207,0.023488,0.336742,0.655069,0.744818,0.126974,-0.664416,0.488027,0.565963,0.358743,-0.456046,0.814363,0.000825,-0.004469,0.013135,-0.036473,0.010942,-0.017924,-1.406784,0.03521,0.032838,-0.008398,-0.769036,-0.6153,0.173172,0.597337,-0.595351,0.53735,-0.227534,0.516683,0.825388,0.006497,0.004419,0.002849,0.003913,-0.030615,0.05362,-0.893487,0.077605,0.020171,-0.058169,-0.723964,-0.233985,-0.648942,-0.037441,-0.926003,0.375653,-0.68882,0.296256,0.661632,-4e-06,5e-06,4e-06,0.005727,-0.089821,0.177349,-0.133101
643,0.123588,-0.008458,0.363582,-0.685171,-0.215129,-0.69592,-0.142384,-0.897423,0.417529,-0.713509,0.38543,0.585129,-0.013718,0.001682,0.001294,-0.000984,0.014715,-0.029553,0.065814,-0.16881,0.023449,0.337202,0.653446,0.746175,0.127369,-0.666104,0.48707,0.564803,0.358577,-0.454849,0.815106,0.013916,-0.004008,0.012411,0.354839,-0.258583,-0.181819,-1.407209,0.035404,0.032822,-0.008171,-0.768672,-0.615477,0.174153,0.597729,-0.594233,0.53815,-0.227732,0.517757,0.82466,0.006492,0.004124,0.002614,0.003881,-0.030644,0.053579,-0.893324,0.07759,0.020165,-0.058154,-0.723852,-0.233739,-0.649156,-0.037714,-0.926056,0.375495,-0.688923,0.296285,0.661512,-4e-06,-3e-06,-1e-06,7e-06,-3e-06,-8e-06,-0.124446
644,0.123535,-0.008459,0.363581,-0.685035,-0.214941,-0.696113,-0.142563,-0.897484,0.417336,-0.713604,0.385392,0.585037,-5e-06,-2.4e-05,-1.8e-05,0.005725,-0.0898,0.177373,0.078241,-0.168472,0.023408,0.337666,0.651774,0.747195,0.129928,-0.668756,0.485622,0.562913,0.356686,-0.454722,0.816006,-0.000106,0.00795,0.006064,0.078551,-0.065686,-0.013805,-1.406978,0.035579,0.032793,-0.007933,-0.766121,-0.618134,0.175978,0.601833,-0.593918,0.533907,-0.225509,0.514948,0.827027,0.00694,-0.001502,0.006578,0.045961,-0.076858,-0.01012,-0.891528,0.077558,0.020165,-0.058154,-0.723807,-0.233651,-0.649237,-0.037794,-0.926084,0.375419,-0.688966,0.296268,0.661476,-3e-06,-8e-06,-7e-06,-4e-06,-5e-06,-1.4e-05,-0.109587
645,0.123495,-0.00843,0.363565,-0.684848,-0.2147,-0.69637,-0.142738,-0.897594,0.417041,-0.713748,0.385271,0.584942,-0.0,-0.0,-0.0,0.005723,-0.089814,0.177366,0.082997,-0.168258,0.023294,0.338121,0.65168,0.746864,0.132285,-0.669387,0.484487,0.563142,0.355676,-0.456477,0.815467,0.000827,-0.005049,0.01267,-0.034624,-0.004679,0.006229,-1.407046,0.035685,0.032741,-0.007702,-0.765737,-0.617932,0.17834,0.602733,-0.592722,0.534222,-0.224406,0.516566,0.826317,0.000407,-0.002606,0.006268,-0.036362,-0.004078,0.007106,-0.889568,0.077538,0.020179,-0.058162,-0.723662,-0.233384,-0.649495,-0.037985,-0.926192,0.375132,-0.689108,0.296141,0.661385,0.000206,0.005223,-0.004527,0.035322,-0.014785,0.017457,-0.099136
646,0.123496,-0.008415,0.363551,-0.684762,-0.214592,-0.696489,-0.142806,-0.89765,0.416896,-0.713818,0.3852,0.584904,-0.0,-0.0,-0.0,0.0,0.0,0.0,0.082549,-0.168239,0.023256,0.338301,0.65165,0.746879,0.132345,-0.669265,0.484235,0.563503,0.355957,-0.456721,0.815208,-7.3e-05,0.005158,0.003922,0.0,-0.0,-0.0,-1.407014,0.035695,0.032721,-0.007612,-0.765717,-0.617939,0.1784,0.602665,-0.592452,0.534597,-0.224655,0.516866,0.826061,0.00041,-0.002677,0.006216,-0.034802,-0.004306,0.006775,-0.889732,0.077538,0.020187,-0.058169,-0.723543,-0.233159,-0.649709,-0.038154,-0.926278,0.374902,-0.689224,0.296047,0.661306,-1e-06,2e-06,3e-06,1.4e-05,0.0,-3e-06,-0.09734
647,0.123503,-0.008421,0.363521,-0.684559,-0.214321,-0.696772,-0.143027,-0.897758,0.416587,-0.713968,0.385097,0.584787,-0.000184,-0.000932,-0.00073,0.0,0.0,0.0,0.082876,-0.168231,0.023177,0.338601,0.64993,0.74793,0.134845,-0.672039,0.482938,0.56131,0.353876,-0.456374,0.816307,0.000882,-0.008976,0.009683,-0.035786,0.010333,-0.018358,-1.406425,0.035698,0.032691,-0.007462,-0.76406,-0.619297,0.180785,0.605534,-0.591736,0.532143,-0.222577,0.516061,0.827127,-2.3e-05,0.001246,0.000944,-0.009322,0.00296,0.000585,-0.888752,0.077542,0.020186,-0.058183,-0.723386,-0.232859,-0.649991,-0.038391,-0.926389,0.374605,-0.689375,0.295938,0.661197,-0.000143,-0.000724,-0.000566,3e-06,-2e-06,-1e-05,-0.095871
648,0.123505,-0.008463,0.363488,-0.684405,-0.214106,-0.69699,-0.143229,-0.897828,0.416368,-0.714076,0.385055,0.584684,-0.000211,-0.001068,-0.000838,0.0,0.0,0.0,0.082962,-0.168243,0.022977,0.338773,0.653954,0.744247,0.135763,-0.66947,0.485921,0.561804,0.351324,-0.45922,0.815813,0.000915,-0.011291,0.00793,-0.036474,0.010772,-0.018025,-1.40648,0.035692,0.03259,-0.007377,-0.767342,-0.614902,0.181881,0.602459,-0.594189,0.532899,-0.219609,0.518492,0.8264,0.000456,-0.005774,0.003868,-0.03627,0.01099,-0.017693,-0.887935,0.077543,0.020164,-0.0582,-0.723267,-0.232622,-0.650208,-0.038605,-0.926463,0.3744,-0.689488,0.295893,0.6611,-0.000157,-0.0008,-0.000626,1.4e-05,2.2e-05,-7e-06,-0.095544
649,0.123512,-0.008478,0.363476,-0.684346,-0.214024,-0.697073,-0.143306,-0.897854,0.416285,-0.714117,0.385039,0.584645,-0.000138,-0.000699,-0.000548,0.0,0.0,0.0,0.0825,-0.168245,0.022847,0.338824,0.658008,0.740515,0.136577,-0.666951,0.489142,0.562005,0.348536,-0.461826,0.815538,2.6e-05,-0.001856,-0.001409,0.0,-0.0,-0.0,-1.406413,0.035692,0.032522,-0.007347,-0.770625,-0.610488,0.182866,0.599414,-0.5969,0.533303,-0.216423,0.520589,0.825922,0.000472,-0.006844,0.003058,-0.037996,0.026239,-0.042169,-0.890221,0.077547,0.020156,-0.058207,-0.723222,-0.232532,-0.65029,-0.038687,-0.926491,0.374322,-0.68953,0.295876,0.661063,-8.3e-05,-0.00042,-0.000328,7e-06,-3e-06,-0.0,-0.095381
650,0.123496,-0.008503,0.363443,-0.684194,-0.21382,-0.697284,-0.143482,-0.897931,0.416059,-0.714227,0.384974,0.584553,-9.6e-05,-0.000486,-0.000381,0.0,0.0,0.0,0.083161,-0.168207,0.022513,0.338853,0.656219,0.741987,0.1372,-0.668995,0.488197,0.560395,0.347995,-0.460462,0.81654,0.000977,-0.015758,0.00454,-0.017481,0.012406,-0.052645,-1.406925,0.03571,0.03236,-0.007335,-0.769095,-0.612282,0.183306,0.601542,-0.59654,0.531306,-0.215959,0.518892,0.82711,2.6e-05,-0.001939,-0.001473,-0.005469,-0.006673,-0.011723,-0.892018,0.077538,0.020142,-0.058224,-0.723105,-0.232305,-0.650501,-0.038875,-0.92657,0.374107,-0.689642,0.295807,0.660977,-5.3e-05,-0.000271,-0.000212,1.4e-05,0.0,7e-06,-0.095217
651,0.123501,-0.008532,0.363421,-0.68402,-0.213577,-0.697529,-0.143709,-0.898009,0.415813,-0.714348,0.384926,0.584436,-1.9e-05,-9.7e-05,-7.6e-05,0.0,0.0,0.0,0.077053,-0.168301,0.022335,0.338764,0.653411,0.744584,0.136527,-0.672363,0.48817,0.556375,0.346793,-0.456274,0.819397,-0.013042,-0.004968,-0.002712,0.088517,-0.030489,-0.099376,-1.407136,0.035663,0.032263,-0.00738,-0.766877,-0.615281,0.182559,0.604598,-0.597158,0.527127,-0.215315,0.514616,0.829945,-0.006521,-0.002496,-0.001365,0.063992,-0.023423,-0.100089,-0.890058,0.07754,0.020127,-0.058235,-0.722971,-0.232038,-0.650745,-0.039116,-0.926653,0.373876,-0.689769,0.295756,0.660868,-3e-06,-1.8e-05,-1.3e-05,1.6e-05,8e-06,6e-06,-0.097014
652,0.1235,-0.00854,0.363428,-0.683962,-0.213491,-0.697612,-0.143807,-0.898026,0.415742,-0.714383,0.384934,0.584388,4e-06,1.8e-05,1.4e-05,0.0,0.0,0.0,0.068711,-0.168726,0.022245,0.338668,0.653233,0.74507,0.134713,-0.671712,0.488364,0.556989,0.34838,-0.45527,0.819282,-0.013082,-0.002479,-0.000822,-0.002026,0.015188,-0.029252,-1.40683,0.035451,0.032213,-0.007432,-0.7668,-0.615903,0.180775,0.603986,-0.596983,0.528025,-0.217293,0.514076,0.829764,-0.006539,-0.001178,-0.000359,-0.002823,0.020304,-0.031139,-0.890221,0.07754,0.020124,-0.058231,-0.722928,-0.231943,-0.650827,-0.039217,-0.926674,0.373812,-0.689809,0.295763,0.660823,6e-06,2.5e-05,2e-05,2e-06,4e-06,-5e-06,-0.104851
653,0.12345,-0.008534,0.363445,-0.683883,-0.213377,-0.697725,-0.143933,-0.898052,0.415642,-0.714434,0.384936,0.584325,0.0,0.0,0.0,0.0,0.0,0.0,0.06639,-0.16922,0.022214,0.338635,0.65138,0.746596,0.135239,-0.674005,0.487706,0.554791,0.347424,-0.453472,0.820684,-0.013104,-0.000842,0.000422,-0.00093,0.014464,-0.029801,-1.406596,0.035209,0.032197,-0.007449,-0.76521,-0.617746,0.181222,0.60627,-0.596802,0.525607,-0.216538,0.51207,0.8312,-0.013106,-0.000654,0.000572,-0.015146,0.034264,-0.058129,-0.891038,0.077515,0.020127,-0.058222,-0.722867,-0.231817,-0.650939,-0.039349,-0.926705,0.373721,-0.689864,0.295765,0.660764,1e-06,-1e-06,1e-06,1e-05,1.5e-05,-5e-06,-0.10975
654,0.123441,-0.008526,0.363451,-0.683817,-0.213285,-0.697817,-0.144019,-0.898081,0.415549,-0.71448,0.384918,0.584281,2.4e-05,0.00012,9.4e-05,0.0,0.0,0.0,0.067464,-0.169505,0.022175,0.338616,0.650007,0.748261,0.132619,-0.674727,0.488183,0.553493,0.348593,-0.450198,0.82199,-0.013976,0.008081,-0.00932,0.079398,-0.011419,-0.058907,-1.406641,0.035067,0.032179,-0.00745,-0.76436,-0.619597,0.17847,0.606768,-0.597546,0.524185,-0.21814,0.508956,0.832693,-0.013101,-0.001322,6.2e-05,0.027343,0.005554,-0.088552,-0.891364,0.077511,0.020132,-0.058219,-0.722817,-0.231716,-0.651032,-0.03944,-0.926737,0.373634,-0.689912,0.295745,0.660723,1.3e-05,7.1e-05,5.8e-05,5e-06,1.1e-05,-8e-06,-0.111057
655,0.123428,-0.008539,0.363441,-0.683713,-0.213141,-0.697963,-0.144154,-0.898128,0.415401,-0.714552,0.38489,0.584211,-2.4e-05,-0.00012,-9.4e-05,0.0,0.0,0.0,0.063555,-0.170153,0.021945,0.33847,0.648185,0.750146,0.130878,-0.676019,0.487959,0.552113,0.349482,-0.447292,0.823198,-0.013054,-0.008737,-0.005613,0.000223,0.027883,-0.055574,-1.406565,0.034752,0.032081,-0.007518,-0.762898,-0.621887,0.176753,0.608119,-0.597432,0.522747,-0.219492,0.506291,0.833961,-0.006525,-0.00437,-0.002795,-0.020584,0.037479,-0.056639,-0.891691,0.077504,0.020125,-0.058224,-0.722737,-0.231557,-0.651177,-0.039583,-0.926786,0.373495,-0.689988,0.295715,0.660657,-1.6e-05,-8.4e-05,-6.6e-05,-2e-06,-3e-06,-5e-06,-0.113833
656,0.123428,-0.008539,0.363441,-0.683646,-0.213047,-0.698058,-0.144242,-0.898158,0.415306,-0.714599,0.384872,0.584166,-0.0,-2e-06,-1e-06,0.0,0.0,0.0,0.062481,-0.170469,0.021797,0.338333,0.646791,0.751803,0.128237,-0.676769,0.488445,0.550761,0.350609,-0.443961,0.824521,-0.026184,-0.010416,-0.005849,0.099343,-0.02473,-0.135587,-1.406606,0.034589,0.032002,-0.00759,-0.7622,-0.623509,0.174031,0.608417,-0.598178,0.521546,-0.221088,0.503406,0.835285,-0.006528,-0.005126,-0.00338,0.129688,-0.05413,-0.11899,-0.892997,0.077504,0.020125,-0.058224,-0.722685,-0.231453,-0.651271,-0.039677,-0.926818,0.373406,-0.690037,0.295695,0.660615,2e-06,6e-06,4e-06,1.1e-05,-2e-06,6e-06,-0.114976
657,0.123441,-0.008526,0.363451,-0.683615,-0.213005,-0.698101,-0.144282,-0.898171,0.415263,-0.71462,0.384863,0.584145,0.000103,0.000519,0.000407,0.0,0.0,0.0,0.057342,-0.171039,0.021512,0.337949,0.646452,0.752355,0.1267,-0.676413,0.488542,0.551114,0.351917,-0.442918,0.824525,-0.013087,-0.011015,-0.007397,-0.003838,0.030617,-0.053529,-1.406741,0.034294,0.031852,-0.007787,-0.761848,-0.624345,0.172569,0.608288,-0.597999,0.521902,-0.222651,0.502582,0.835366,-0.006539,-0.005611,-0.003767,-0.005552,0.032276,-0.052705,-0.892344,0.077511,0.020131,-0.05822,-0.722662,-0.231406,-0.651314,-0.039719,-0.926833,0.373365,-0.690059,0.295686,0.660596,6.6e-05,0.000341,0.000268,1.3e-05,9e-06,-1e-06,-0.122324
658,0.123411,-0.008523,0.363466,-0.683581,-0.212952,-0.69815,-0.144349,-0.898178,0.415226,-0.714639,0.384878,0.584112,2e-06,1.1e-05,8e-06,0.0,0.0,0.0,0.066626,-0.171585,0.021301,0.337544,0.646279,0.753174,0.122651,-0.67496,0.489405,0.552128,0.355005,-0.440562,0.824463,-0.000835,0.002611,-0.014616,0.034636,0.004355,-0.006349,-1.407064,0.034022,0.03174,-0.007988,-0.762083,-0.625176,0.168475,0.606698,-0.598601,0.523061,-0.226155,0.50083,0.835477,-0.006557,-0.00449,-0.002921,-0.002112,0.036146,-0.056261,-0.887936,0.077496,0.020133,-0.058211,-0.722636,-0.231348,-0.651363,-0.039788,-0.926843,0.373333,-0.690081,0.295701,0.660566,-1e-06,-6e-06,-5e-06,4e-06,2e-06,-5e-06,-0.118731
659,0.12334,-0.008499,0.363459,-0.683639,-0.213047,-0.698064,-0.144226,-0.898169,0.415288,-0.714608,0.384847,0.58417,-0.013749,0.00155,0.001189,-0.000984,0.014715,-0.029553,0.074389,-0.172101,0.021314,0.33732,0.645982,0.753693,0.12102,-0.674586,0.489637,0.55238,0.356252,-0.439415,0.824538,-0.01315,-0.00227,-0.000698,-0.002045,0.015205,-0.029245,-1.40693,0.033768,0.031742,-0.00811,-0.761991,-0.625718,0.166871,0.606304,-0.598791,0.5233,-0.227517,0.499925,0.835649,-0.006999,0.00459,-0.004244,0.034804,0.005344,-0.011528,-0.890875,0.077466,0.020145,-0.058215,-0.72267,-0.231434,-0.651294,-0.039677,-0.926832,0.373371,-0.690052,0.295666,0.660612,-1.8e-05,-9.4e-05,-7.3e-05,4e-06,1e-06,1e-06,-0.107464
660,0.123318,-0.008503,0.363456,-0.683604,-0.212998,-0.698114,-0.144272,-0.898184,0.415238,-0.714633,0.384837,0.584146,-7.4e-05,-0.000375,-0.000294,0.0,0.0,0.0,0.071345,-0.172322,0.021363,0.337301,0.645678,0.753851,0.121659,-0.675036,0.489208,0.55221,0.35595,-0.439623,0.824557,-0.013152,-2.1e-05,0.001034,-0.002045,0.015205,-0.029245,-1.406968,0.033658,0.031766,-0.00812,-0.76169,-0.625915,0.167504,0.606812,-0.598455,0.523097,-0.227171,0.500082,0.83565,1e-06,0.000556,0.000435,0.00011,0.000372,0.000331,-0.892671,0.077449,0.020144,-0.058216,-0.722652,-0.231398,-0.651328,-0.03971,-0.926844,0.373339,-0.69007,0.295659,0.660597,-4.8e-05,-0.000245,-0.000193,-1e-05,-5e-06,-8e-06,-0.106648
661,0.123263,-0.008526,0.363464,-0.683631,-0.213025,-0.698079,-0.144282,-0.898154,0.415299,-0.714605,0.384892,0.584145,-1.5e-05,-7.6e-05,-5.9e-05,0.0,0.0,0.0,0.064323,-0.172546,0.021496,0.337284,0.646087,0.754348,0.116281,-0.672664,0.490948,0.553558,0.35967,-0.436815,0.824435,-0.0,0.001132,0.000872,-0.0,-0.0,0.0,-1.407279,0.033541,0.031837,-0.008125,-0.762479,-0.62636,0.162169,0.604245,-0.599736,0.524598,-0.231329,0.497985,0.835761,-0.000423,0.006574,-0.003242,0.037007,-0.009457,0.017082,-0.892834,0.077422,0.020131,-0.058213,-0.722674,-0.231428,-0.651292,-0.039716,-0.926818,0.373402,-0.690046,0.295715,0.660596,-6e-06,-3.9e-05,-3.3e-05,-3e-06,-9e-06,1e-06,-0.11171
662,0.123216,-0.008484,0.363471,-0.68357,-0.212954,-0.69816,-0.144314,-0.898198,0.415192,-0.714657,0.384828,0.584123,0.000632,0.011518,-0.008214,0.035322,-0.0148,0.017461,0.070643,-0.172477,0.021508,0.337275,0.64589,0.754438,0.116793,-0.672958,0.490597,0.553512,0.359474,-0.437055,0.824393,0.0,-8.6e-05,-6.6e-05,0.0,-0.0,-0.0,-1.407072,0.033571,0.031847,-0.008126,-0.762266,-0.626478,0.162709,0.604612,-0.599431,0.524523,-0.23107,0.498202,0.835703,2e-06,-6.6e-05,-5.1e-05,3.9e-05,0.00016,0.000167,-0.887935,0.077398,0.020146,-0.058208,-0.722634,-0.231358,-0.651362,-0.039764,-0.926848,0.373322,-0.690085,0.295676,0.660573,0.000148,0.000746,0.000585,0.000827,-0.013013,0.025692,-0.11171
663,0.123206,-0.008482,0.363472,-0.683581,-0.212969,-0.698145,-0.1443,-0.898193,0.415208,-0.714649,0.384831,0.584131,4e-06,1.9e-05,1.5e-05,0.0,0.0,0.0,0.072906,-0.17233,0.021513,0.337267,0.646274,0.754574,0.113758,-0.671487,0.491696,0.554323,0.361525,-0.435582,0.824277,0.013147,0.001017,-0.000266,-0.003514,-0.032835,0.041872,-1.407563,0.033644,0.031848,-0.008131,-0.762845,-0.626562,0.159646,0.602987,-0.60026,0.525445,-0.233395,0.497098,0.835714,1e-06,0.00034,0.000261,-0.018348,-0.05854,0.042162,-0.888589,0.077393,0.020154,-0.058208,-0.722634,-0.231366,-0.651359,-0.03974,-0.926854,0.373311,-0.690086,0.295652,0.660582,0.0,-4e-06,-2e-06,-0.0,0.0,-4e-06,-0.10877
664,0.123191,-0.008502,0.363457,-0.683487,-0.212839,-0.698277,-0.144423,-0.898235,0.415075,-0.714715,0.384805,0.584068,-2.7e-05,-0.000136,-0.000107,0.0,0.0,0.0,0.071309,-0.171857,0.021555,0.337248,0.648017,0.753106,0.113566,-0.669406,0.492254,0.556341,0.362261,-0.437488,0.822942,0.013146,0.000542,-0.000635,-0.062269,0.028331,0.061904,-1.407434,0.033881,0.031871,-0.008139,-0.764222,-0.624886,0.159626,0.601024,-0.600233,0.52772,-0.233952,0.499235,0.834284,0.006575,0.000258,-0.000333,-0.059534,0.032891,0.069373,-0.889405,0.077386,0.020143,-0.058216,-0.722562,-0.231222,-0.65149,-0.03987,-0.926899,0.373186,-0.690155,0.295625,0.660523,-1.3e-05,-7.2e-05,-5.8e-05,5e-06,5e-06,-1e-06,-0.106158
665,0.123203,-0.008488,0.363455,-0.683389,-0.212708,-0.698413,-0.144528,-0.898288,0.414925,-0.714787,0.384755,0.584012,0.000278,0.0014,0.001099,0.000829,-0.013017,0.025699,0.068517,-0.171268,0.021599,0.337184,0.640481,0.759425,0.11423,-0.673611,0.484288,0.558254,0.367821,-0.435454,0.821554,0.025426,0.012404,-0.009183,0.032764,-0.036179,0.08033,-1.407417,0.034171,0.031888,-0.008168,-0.758016,-0.632297,0.160036,0.606561,-0.593181,0.529357,-0.23978,0.498333,0.833168,0.006576,0.000277,-0.000323,0.00671,0.089599,-0.133588,-0.889731,0.077391,0.020147,-0.05822,-0.722493,-0.231092,-0.651612,-0.03997,-0.926947,0.373056,-0.690221,0.295575,0.660476,5e-06,2.9e-05,2.1e-05,-9e-06,-1.2e-05,-4e-06,-0.109097
666,0.123193,-0.008479,0.363449,-0.683322,-0.212623,-0.698504,-0.144591,-0.898326,0.414821,-0.714838,0.384714,0.583977,0.0,0.0,0.0,0.0,0.0,0.0,0.073617,-0.170692,0.021688,0.33708,0.635874,0.763115,0.115381,-0.674223,0.476673,0.564039,0.374622,-0.437411,0.817431,0.012271,0.011666,-0.008696,-0.117489,0.079164,0.126324,-1.407906,0.034463,0.031932,-0.00822,-0.753844,-0.637043,0.160918,0.609078,-0.585656,0.534818,-0.246459,0.501181,0.829502,0.006578,0.000164,-0.000412,-0.191945,0.114966,0.125659,-0.885323,0.077387,0.020155,-0.05822,-0.722434,-0.230982,-0.651717,-0.040052,-0.926989,0.372942,-0.690278,0.295529,0.660438,0.0,-4e-06,-3e-06,2.2e-05,1.8e-05,9e-06,-0.108281
667,0.123183,-0.008478,0.36345,-0.683266,-0.212545,-0.698582,-0.144665,-0.89835,0.414742,-0.714877,0.384699,0.58394,0.0,0.0,0.0,0.0,0.0,0.0,0.074233,-0.170429,0.021741,0.337049,0.632903,0.765548,0.115591,-0.675243,0.47294,0.565959,0.377799,-0.437213,0.816073,0.012261,0.012332,-0.008183,-0.164639,0.110648,0.149888,-1.40764,0.034595,0.031957,-0.008237,-0.751221,-0.640145,0.160874,0.611049,-0.582324,0.536206,-0.249569,0.501111,0.828614,0.006575,0.000594,-7.9e-05,-0.306779,0.171061,0.153612,-0.885813,0.077382,0.020156,-0.05822,-0.722391,-0.230896,-0.651795,-0.040129,-0.927016,0.372867,-0.690319,0.295512,0.660402,-0.006859,0.000844,0.000647,0.004737,-0.075115,0.147802,-0.106321
668,0.123183,-0.00847,0.363443,-0.683256,-0.212537,-0.698594,-0.144655,-0.898363,0.414717,-0.714888,0.384672,0.583943,2e-05,0.000101,7.9e-05,0.0,0.0,0.0,0.071887,-0.169893,0.021815,0.336937,0.621123,0.775212,0.115083,-0.681386,0.461805,0.567789,0.386224,-0.432058,0.814874,0.013163,-0.001726,-0.0024,-0.075648,0.051296,0.043401,-1.408189,0.034868,0.032004,-0.008292,-0.741721,-0.651338,0.160023,0.618735,-0.572398,0.538076,-0.258873,0.498115,0.827566,0.006588,-0.000904,-0.001237,-0.059225,0.047858,0.043788,-0.886466,0.077382,0.020159,-0.058223,-0.722383,-0.230887,-0.651807,-0.04012,-0.927027,0.372841,-0.690328,0.295485,0.660405,1.3e-05,6.4e-05,5e-05,-0.0,-3e-06,2e-06,-0.106158
669,0.123163,-0.008467,0.363445,-0.683211,-0.212475,-0.698658,-0.144713,-0.898383,0.414653,-0.71492,0.38466,0.583912,0.0,0.0,0.0,0.0,0.0,0.0,0.075734,-0.169339,0.021911,0.33679,0.596651,0.79422,0.114954,-0.693577,0.438468,0.571517,0.40275,-0.421725,0.812283,0.01315,-6.4e-05,-0.001121,-0.051043,-0.008659,0.017104,-1.408872,0.035134,0.032048,-0.008368,-0.721166,-0.674276,0.158966,0.63495,-0.551576,0.540927,-0.277052,0.491034,0.825909,0.006138,0.00549,-0.004619,-0.049937,-0.278803,-0.32696,-0.885649,0.077372,0.020161,-0.058222,-0.722348,-0.230819,-0.65187,-0.040182,-0.927048,0.372782,-0.690361,0.295472,0.660376,1e-06,-3e-06,-2e-06,2e-06,3e-06,2e-06,-0.105505
670,0.123153,-0.008466,0.363446,-0.683154,-0.212397,-0.698736,-0.144786,-0.898408,0.414574,-0.714959,0.384645,0.583875,0.0,0.0,0.0,0.0,0.0,0.0,0.077074,-0.169111,0.022018,0.336691,0.583022,0.804774,0.111422,-0.699745,0.427879,0.572023,0.411936,-0.412483,0.812423,0.013146,0.000161,-0.00095,-0.190731,-0.669555,0.500676,-1.408426,0.035253,0.032101,-0.008418,-0.709681,-0.687114,0.155643,0.643416,-0.542117,0.540485,-0.286998,0.483715,0.826831,0.006138,0.005699,-0.004455,-0.590368,-2.212348,1.613563,-0.882873,0.077367,0.020162,-0.058222,-0.722304,-0.230732,-0.651949,-0.04026,-0.927075,0.372707,-0.690401,0.295455,0.660341,1e-06,-1e-06,-1e-06,-6e-06,-2e-06,-1e-06,-0.103872
671,0.123153,-0.008466,0.363446,-0.683087,-0.212304,-0.698831,-0.144874,-0.898438,0.414478,-0.715006,0.384627,0.583829,0.0,0.0,0.0,0.0,0.0,0.0,0.081217,-0.168795,0.022211,0.33645,0.547916,0.82943,0.108746,-0.714609,0.396669,0.576126,0.434025,-0.394424,0.809885,0.012258,0.009886,-0.010074,-0.470221,-0.762189,-1.129837,-1.408788,0.035412,0.032196,-0.008534,-0.6802,-0.717467,0.150227,0.663492,-0.515488,0.542263,-0.311615,0.468522,0.826669,-7.7e-05,-0.00115,-0.00103,-1.197365,-2.859126,-4.270295,-0.88418,0.077367,0.020162,-0.058222,-0.722252,-0.230629,-0.652043,-0.040353,-0.927106,0.372617,-0.69045,0.295436,0.660299,0.0,-1e-06,-1e-06,4e-06,-2e-06,7e-06,-0.099626
672,0.123143,-0.008457,0.36344,-0.683021,-0.212218,-0.698921,-0.144937,-0.898476,0.414374,-0.715056,0.384585,0.583795,0.0,0.0,0.0,0.0,0.0,0.0,0.085126,-0.168699,0.02239,0.336129,0.519711,0.847332,0.109184,-0.726985,0.371639,0.577332,0.447955,-0.380488,0.808967,-0.00085,0.006538,-0.011583,-0.675538,-3.12357,-4.434701,-1.408725,0.035465,0.032288,-0.008687,-0.65936,-0.736712,0.149995,0.677328,-0.495496,0.543791,-0.326296,0.46015,0.825706,4.5e-05,-0.002451,-0.001885,-0.187434,0.036992,-0.07006,-0.88222,0.077362,0.020166,-0.058224,-0.722201,-0.230534,-0.652134,-0.040422,-0.927144,0.372516,-0.6905,0.295392,0.660266,1e-06,-1e-06,-1e-06,5e-06,8e-06,3e-06,-0.095381
673,0.12314,-0.008463,0.363423,-0.682895,-0.21205,-0.699095,-0.145077,-0.89854,0.414186,-0.715147,0.384528,0.583721,-0.000144,-0.000726,-0.00057,0.0,0.0,0.0,0.082139,-0.168728,0.022521,0.33562,0.48932,0.865761,0.104949,-0.735126,0.344874,0.583597,0.46844,-0.363808,0.805028,-0.000803,0.002631,-0.014618,-0.300998,0.227213,0.162488,-1.40899,0.035449,0.03236,-0.008949,-0.628155,-0.764649,0.143987,0.693886,-0.466775,0.548308,-0.352054,0.444333,0.823787,-0.000382,0.001123,-0.007446,-0.430366,0.274466,0.166674,-0.879934,0.077361,0.020165,-0.058232,-0.722104,-0.230348,-0.652307,-0.040572,-0.927209,0.372337,-0.690593,0.295332,0.660196,-9.5e-05,-0.00048,-0.000377,1.1e-05,7e-06,9e-06,-0.094074
674,0.123139,-0.008462,0.363411,-0.682895,-0.212057,-0.699093,-0.145054,-0.898548,0.414175,-0.715152,0.384504,0.58373,-3.5e-05,-0.000176,-0.000138,0.0,0.0,0.0,0.080752,-0.168732,0.022653,0.335232,0.463762,0.880074,0.10191,-0.744312,0.324786,0.583479,0.479816,-0.347557,0.805508,-0.001696,0.012766,-0.023418,-0.497628,-3.235955,-4.448688,-1.408728,0.035449,0.032415,-0.009126,-0.611175,-0.778951,0.140351,0.702919,-0.452667,0.548631,-0.363825,0.433966,0.824199,-0.00037,0.000379,-0.008023,0.040513,-0.082896,-0.126878,-0.872423,0.07736,0.020163,-0.05824,-0.722103,-0.230354,-0.652305,-0.04055,-0.927216,0.372324,-0.690595,0.295307,0.660205,-1.9e-05,-9.7e-05,-7.7e-05,-8e-06,-1.5e-05,1e-06,-0.095054
675,0.12314,-0.008431,0.363383,-0.682856,-0.212026,-0.699141,-0.145015,-0.8986,0.414077,-0.715198,0.3844,0.583743,-0.0,-0.0,-0.0,0.0,0.0,0.0,0.081529,-0.168611,0.02284,0.334388,0.427816,0.899366,0.09003,-0.753724,0.300144,0.584591,0.498195,-0.319089,0.80613,0.011495,0.010173,-0.026541,0.073151,-0.021547,0.040838,-1.408937,0.035504,0.032514,-0.009556,-0.575181,-0.808173,0.126577,0.719444,-0.426132,0.548462,-0.389313,0.406531,0.826539,-0.0008,0.004265,-0.013351,0.070368,0.016251,-0.016139,-0.868341,0.077361,0.020179,-0.058253,-0.72207,-0.230318,-0.652354,-0.040515,-0.927259,0.37222,-0.690631,0.295199,0.660215,0.000208,0.00523,-0.004521,0.035311,-0.014818,0.017441,-0.095544
676,0.123119,-0.008419,0.363366,-0.682733,-0.211869,-0.699308,-0.145128,-0.898672,0.413882,-0.715292,0.38432,0.583681,-1.2e-05,-6.2e-05,-4.9e-05,0.0,0.0,0.0,0.083353,-0.16856,0.022929,0.333623,0.424067,0.901062,0.090798,-0.754794,0.296394,0.585123,0.499781,-0.317802,0.805657,0.012394,0.000514,-0.017416,0.022106,0.013554,0.005319,-1.409011,0.035529,0.032556,-0.009946,-0.571819,-0.810447,0.127268,0.721093,-0.422552,0.549066,-0.391212,0.405739,0.826031,-0.000376,0.000636,-0.007859,0.047119,0.007923,0.00231,-0.862462,0.07735,0.020185,-0.058262,-0.721975,-0.230143,-0.652522,-0.040639,-0.927329,0.372031,-0.690724,0.295116,0.660156,-7e-06,-3e-05,-2.3e-05,1.6e-05,5e-06,-2e-06,-0.095217
677,0.12312,-0.008404,0.363353,-0.682578,-0.211667,-0.699521,-0.145284,-0.898757,0.413642,-0.715408,0.384231,0.583597,-0.0,-1e-06,-1e-06,0.0,0.0,0.0,0.084156,-0.168407,0.022965,0.333311,0.40623,0.909455,0.088656,-0.757545,0.281073,0.589117,0.510339,-0.307625,0.802984,0.012385,0.001685,-0.016511,-0.210951,-0.92143,-1.25808,-1.409021,0.035605,0.032574,-0.010103,-0.557189,-0.821016,0.124387,0.726037,-0.408976,0.552817,-0.403001,0.398334,0.823965,0.006114,0.00096,-0.008383,-0.547984,-3.200273,-4.346694,-0.864258,0.07735,0.020193,-0.058268,-0.721854,-0.229918,-0.652734,-0.040808,-0.927415,0.3718,-0.69084,0.295022,0.660076,-1e-06,7e-06,6e-06,0.005712,-0.089905,0.17731,-0.094401
678,0.12312,-0.008396,0.363346,-0.682501,-0.211565,-0.699627,-0.145361,-0.8988,0.413522,-0.715467,0.384186,0.583554,-0.0,-0.0,-0.0,0.0,0.0,0.0,0.080077,-0.168066,0.023101,0.332645,0.390395,0.916865,0.08332,-0.757499,0.268595,0.594968,0.522628,-0.296544,0.79924,0.012382,0.002759,-0.015689,0.027893,-0.004662,0.027532,-1.408716,0.035776,0.03264,-0.010437,-0.542113,-0.831937,0.118295,0.729087,-0.395687,0.558446,-0.417785,0.388989,0.821062,0.005744,0.007128,-0.011689,0.105778,-0.024781,0.045823,-0.861646,0.077351,0.020197,-0.058272,-0.721794,-0.229805,-0.652841,-0.040892,-0.927457,0.371684,-0.690897,0.294976,0.660037,-2e-06,3e-06,4e-06,2e-06,-1.2e-05,-1.6e-05,-0.094891
679,0.123099,-0.008409,0.363362,-0.682543,-0.211612,-0.699572,-0.145352,-0.898764,0.413603,-0.715428,0.384245,0.583563,-0.0,-0.0,-0.0,0.0,0.0,0.0,0.075687,-0.167627,0.023241,0.332188,0.390531,0.916577,0.085816,-0.758919,0.267918,0.593461,0.520464,-0.298048,0.800093,0.013229,-0.002898,-0.003394,0.002043,-0.015204,0.029246,-1.408614,0.035996,0.032706,-0.010675,-0.542009,-0.831654,0.120735,0.73071,-0.395431,0.556504,-0.415076,0.389853,0.822025,0.006163,0.004113,-0.005695,0.038986,-0.028274,0.047464,-0.860339,0.07734,0.02019,-0.058264,-0.721828,-0.229858,-0.652785,-0.040879,-0.927425,0.371766,-0.690863,0.295037,0.660045,-4e-06,2e-06,2e-06,3e-06,-1.3e-05,-1.3e-05,-0.09881
680,0.12309,-0.008401,0.363368,-0.682409,-0.211427,-0.699759,-0.145526,-0.898823,0.413414,-0.715521,0.384209,0.583473,9e-06,4.5e-05,3.5e-05,0.0,0.0,0.0,0.069482,-0.167083,0.02319,0.332076,0.390728,0.91603,0.090622,-0.760613,0.265979,0.592163,0.517838,-0.301458,0.800519,0.027318,-0.011611,0.005388,-0.032396,-0.019475,0.040586,-1.408487,0.036262,0.032687,-0.010732,-0.541808,-0.83107,0.12556,0.732685,-0.393808,0.555054,-0.411843,0.392729,0.822282,0.006608,-0.00046,-0.000924,0.001178,-0.018497,0.030954,-0.862135,0.077336,0.020194,-0.058261,-0.721725,-0.229654,-0.652971,-0.041063,-0.927488,0.371589,-0.69096,0.294998,0.659961,2e-06,2.3e-05,1.9e-05,1.2e-05,-0.0,-1.1e-05,-0.105015
681,0.123091,-0.008394,0.363373,-0.682399,-0.211413,-0.699772,-0.145538,-0.898827,0.4134,-0.715528,0.384206,0.583466,4.6e-05,0.00023,0.00018,0.0,0.0,0.0,0.068403,-0.16675,0.023122,0.33212,0.392572,0.914973,0.093293,-0.759596,0.265499,0.593681,0.517933,-0.305081,0.799083,0.013179,0.000675,-0.000576,-0.007184,-0.009162,0.033929,-1.408153,0.036429,0.032652,-0.01071,-0.543316,-0.829655,0.128372,0.731749,-0.393043,0.556829,-0.411521,0.39647,0.820646,0.00659,0.000492,-0.000175,0.015346,-0.017634,0.038315,-0.863278,0.077336,0.020197,-0.058258,-0.721717,-0.229639,-0.652985,-0.041076,-0.927492,0.371576,-0.690967,0.294995,0.659955,2.6e-05,0.000141,0.000113,1.5e-05,-2e-06,-1e-06,-0.107301
682,0.123071,-0.008391,0.363375,-0.682286,-0.211257,-0.69993,-0.145684,-0.898877,0.413241,-0.715606,0.384176,0.583391,0.0,0.0,0.0,0.0,0.0,0.0,0.06389,-0.16611,0.022854,0.332359,0.392549,0.91416,0.101034,-0.761744,0.261731,0.592602,0.51479,-0.31074,0.798934,0.0273,-0.009065,0.007393,-0.017222,0.038171,-0.004224,-1.408266,0.036749,0.032521,-0.010588,-0.542705,-0.828838,0.13601,0.734562,-0.38984,0.555376,-0.407294,0.401313,0.820401,0.007052,-0.004721,0.004093,0.020362,0.201839,-0.148766,-0.860992,0.077326,0.020199,-0.058257,-0.72163,-0.229467,-0.653141,-0.04123,-0.927545,0.371426,-0.691049,0.294962,0.659884,0.0,-7e-06,-4e-06,2.5e-05,1.4e-05,7e-06,-0.111057
683,0.12307,-0.00839,0.363363,-0.682083,-0.210982,-0.700211,-0.145925,-0.898975,0.412944,-0.715751,0.384097,0.583265,-1e-06,-6e-06,-5e-06,0.0,0.0,0.0,0.054179,-0.165305,0.022528,0.332639,0.392721,0.913259,0.108253,-0.763607,0.258358,0.591684,0.511893,-0.316181,0.798661,0.014138,-0.009977,0.007784,-0.034036,-0.002895,0.010029,-1.407886,0.037157,0.03236,-0.010446,-0.542297,-0.827881,0.143263,0.736972,-0.38683,0.554286,-0.403465,0.40617,0.819902,0.013658,-0.00455,0.003665,-0.020372,-0.130811,0.2079,-0.863115,0.077325,0.020199,-0.058263,-0.721473,-0.229163,-0.653422,-0.041487,-0.927647,0.371144,-0.691198,0.294879,0.659765,2e-06,2e-06,1e-06,1.9e-05,9e-06,7e-06,-0.12314
684,0.123071,-0.008391,0.363375,-0.682015,-0.210883,-0.700307,-0.146035,-0.898996,0.412859,-0.715793,0.384103,0.583209,6.3e-05,0.000317,0.000249,0.0,0.0,0.0,0.05133,-0.164899,0.022317,0.332792,0.39298,0.913204,0.107776,-0.763051,0.258587,0.5923,0.512522,-0.316152,0.798269,0.014158,-0.010424,0.007431,-0.034445,-0.004498,0.011214,-1.407876,0.037359,0.032256,-0.010369,-0.542572,-0.827795,0.14272,0.736389,-0.38698,0.554957,-0.404161,0.406202,0.819544,0.013671,-0.004842,0.003432,-0.032748,-0.020968,0.040993,-0.860992,0.077326,0.020198,-0.058258,-0.721421,-0.229053,-0.653517,-0.041602,-0.927673,0.371067,-0.691244,0.294884,0.659714,4.9e-05,0.000247,0.000195,0.005719,-0.089888,0.177317,-0.127876
685,0.123094,-0.00838,0.363384,-0.681973,-0.210824,-0.700365,-0.14609,-0.899014,0.412799,-0.715822,0.384091,0.583182,4e-06,1.9e-05,1.5e-05,0.0,0.0,0.0,0.048171,-0.164038,0.021904,0.333074,0.393492,0.913092,0.106859,-0.761974,0.259038,0.593489,0.513729,-0.316108,0.79751,0.014182,-0.010531,0.007345,-0.034447,-0.00459,0.011163,-1.407912,0.037795,0.032045,-0.010226,-0.543103,-0.827603,0.14181,0.735299,-0.387219,0.556233,-0.405429,0.406365,0.818836,0.007087,-0.005278,0.00365,-0.034453,-0.004717,0.010996,-0.859849,0.077338,0.020205,-0.058252,-0.721389,-0.228988,-0.653575,-0.04166,-0.927693,0.371011,-0.691275,0.294872,0.659688,-2e-06,-5e-06,-4e-06,-3e-06,-5e-06,-9e-06,-0.133754
686,0.123083,-0.008378,0.363373,-0.681917,-0.210752,-0.700442,-0.14614,-0.899048,0.412709,-0.715865,0.384053,0.583153,-2.8e-05,-0.000141,-0.00011,0.0,0.0,0.0,0.041706,-0.163188,0.021659,0.333326,0.395724,0.912199,0.106237,-0.759369,0.260097,0.596357,0.515861,-0.317815,0.795452,0.027334,-0.007352,0.00872,-0.050161,-0.008345,0.049231,-1.407963,0.03821,0.031922,-0.010106,-0.54518,-0.82631,0.141386,0.732623,-0.38764,0.559462,-0.407482,0.408591,0.816707,0.013158,0.002266,0.000638,0.014462,-0.040475,0.093414,-0.863932,0.077332,0.020206,-0.058258,-0.721345,-0.228909,-0.653652,-0.041715,-0.927725,0.370924,-0.691318,0.294831,0.659661,-1.5e-05,-9.2e-05,-7.2e-05,0.005728,-0.089876,0.177327,-0.139959
687,0.123084,-0.008371,0.363378,-0.681839,-0.210645,-0.70055,-0.14624,-0.899082,0.412599,-0.715919,0.384032,0.583101,8.7e-05,0.000439,0.000344,0.0,0.0,0.0,0.040549,-0.162323,0.021751,0.333449,0.396183,0.911799,0.107947,-0.759804,0.25971,0.595972,0.514868,-0.319282,0.795508,0.013072,0.004815,0.002663,-0.010925,0.092622,-0.137355,-1.408347,0.038638,0.031961,-0.010043,-0.545495,-0.825825,0.142993,0.73316,-0.387521,0.55884,-0.406092,0.409681,0.816853,0.006531,0.002507,0.001394,0.002257,-0.017947,0.030518,-0.867198,0.077332,0.020208,-0.058256,-0.721285,-0.22879,-0.65376,-0.041821,-0.927761,0.370821,-0.691374,0.294809,0.659613,7e-05,0.000345,0.000269,3e-06,1.3e-05,-4e-06,-0.146327
688,0.123074,-0.00837,0.363379,-0.681782,-0.210567,-0.700628,-0.146313,-0.899106,0.412519,-0.715958,0.384017,0.583063,2e-06,8e-06,6e-06,0.0,0.0,0.0,0.04384,-0.161981,0.021886,0.3335,0.397993,0.910981,0.108194,-0.758085,0.260311,0.597896,0.516001,-0.321127,0.794031,0.026224,0.006652,0.002963,-0.035983,-0.004471,0.078453,-1.408497,0.038814,0.03203,-0.010017,-0.547039,-0.824722,0.143456,0.731428,-0.387559,0.561079,-0.407137,0.41186,0.815235,0.006495,0.003467,0.002151,-0.017347,-0.007291,0.077833,-0.865891,0.077327,0.02021,-0.058255,-0.721242,-0.228704,-0.653838,-0.041899,-0.927788,0.370746,-0.691414,0.294792,0.659577,0.0,-2e-06,-2e-06,0.0,1e-06,-3e-06,-0.146001
689,0.123073,-0.008361,0.36336,-0.681704,-0.210472,-0.700732,-0.146368,-0.899158,0.412388,-0.716021,0.383949,0.583031,-0.000121,-0.000607,-0.000476,0.0,0.0,0.0,0.050593,-0.16138,0.022209,0.333638,0.400001,0.909534,0.112864,-0.757981,0.259208,0.598506,0.514597,-0.326098,0.792915,0.012951,0.007511,0.004773,-0.02507,-0.012136,0.06779,-1.408212,0.03912,0.032192,-0.009948,-0.54855,-0.822872,0.148233,0.73153,-0.386474,0.561694,-0.404915,0.416555,0.813956,0.006478,0.003666,0.002304,-0.002555,-0.004096,0.048248,-0.865401,0.077327,0.020215,-0.058263,-0.72118,-0.228598,-0.653942,-0.04196,-0.927837,0.370617,-0.691474,0.294721,0.659546,0.000132,0.004813,-0.004848,0.035329,-0.014808,0.01746,-0.138
690,0.123073,-0.008369,0.363367,-0.681647,-0.210385,-0.700815,-0.146466,-0.899174,0.412317,-0.716056,0.383957,0.582982,-0.0,-0.0,-0.0,0.0,0.0,0.0,0.047053,-0.160958,0.022548,0.333816,0.402165,0.90866,0.11221,-0.755986,0.260572,0.600434,0.51584,-0.327448,0.791549,0.012918,0.007821,0.005002,0.003235,-0.030387,0.053727,-1.408459,0.03933,0.032363,-0.009858,-0.550624,-0.821598,0.147605,0.729461,-0.387622,0.56359,-0.40583,0.417999,0.812759,0.006466,0.003681,0.002312,0.014325,-0.034134,0.052849,-0.865564,0.077327,0.02021,-0.058261,-0.721137,-0.228503,-0.654024,-0.042062,-0.927858,0.370553,-0.691514,0.294729,0.659501,-0.0,4e-06,4e-06,-7e-06,-3e-06,-5e-06,-0.136693
691,0.123073,-0.008369,0.363367,-0.681647,-0.210385,-0.700815,-0.146466,-0.899174,0.412317,-0.716056,0.383957,0.582982,-0.0,-0.0,-0.0,0.0,0.0,0.0,0.047151,-0.160797,0.022702,0.333884,0.402285,0.908633,0.112003,-0.755945,0.260804,0.600386,0.515807,-0.327339,0.791616,-0.000225,0.006117,0.004807,0.001881,-0.015626,0.024139,-1.408291,0.039411,0.03244,-0.009824,-0.550713,-0.821575,0.147404,0.729431,-0.387852,0.563471,-0.405763,0.417833,0.812878,0.006493,0.002859,0.001665,0.003487,-0.016234,0.028403,-0.866381,0.077327,0.02021,-0.058261,-0.721137,-0.228503,-0.654024,-0.042062,-0.927858,0.370553,-0.691514,0.294729,0.659501,-0.0,3e-06,2e-06,-2e-06,-2e-06,-3e-06,-0.138
692,0.123083,-0.008354,0.36334,-0.681548,-0.210267,-0.700946,-0.146525,-0.899243,0.412146,-0.716138,0.38386,0.582946,-0.000272,-0.001368,-0.001073,-0.000827,0.013029,-0.025693,0.049228,-0.160699,0.022925,0.333987,0.401993,0.908657,0.112852,-0.756278,0.260158,0.600246,0.515546,-0.327787,0.7916,-0.000115,0.003091,0.002425,-0.013048,0.107903,-0.166545,-1.408209,0.039465,0.032559,-0.009767,-0.550442,-0.821643,0.148036,0.729789,-0.387414,0.563308,-0.405487,0.418104,0.812876,-6.7e-05,0.001756,0.001373,-0.000101,-0.000409,-0.000581,-0.866871,0.077333,0.020221,-0.058272,-0.721051,-0.228355,-0.654169,-0.042144,-0.927927,0.37037,-0.691598,0.294625,0.659459,-0.0,1e-06,-0.0,6e-06,-8e-06,5e-06,-0.139143
693,0.123062,-0.008343,0.363335,-0.68156,-0.210291,-0.700927,-0.146486,-0.899246,0.412153,-0.716134,0.38384,0.582964,-0.013718,0.001696,0.001301,-0.000984,0.014715,-0.029553,0.052833,-0.16084,0.023025,0.33409,0.401439,0.90873,0.114226,-0.756722,0.258971,0.6002,0.515327,-0.328526,0.791437,-9.5e-05,0.002589,0.002029,-0.0,0.0,0.0,-1.408303,0.039394,0.032607,-0.009718,-0.549757,-0.821833,0.149515,0.730507,-0.386202,0.56321,-0.405122,0.418851,0.812673,-5.6e-05,0.001512,0.001185,-9.8e-05,-0.000273,-0.00039,-0.865891,0.077327,0.020222,-0.058278,-0.721059,-0.228379,-0.654153,-0.042106,-0.927928,0.370372,-0.691592,0.294604,0.659475,-0.0,5e-06,4e-06,1e-06,-4e-06,-3e-06,-0.135387
694,0.12303,-0.008354,0.36334,-0.681545,-0.210265,-0.700949,-0.146527,-0.899244,0.412144,-0.716139,0.383859,0.582944,-1e-06,-4e-06,-3e-06,0.0,0.0,0.0,0.054015,-0.161107,0.023062,0.334205,0.40039,0.908558,0.119166,-0.758364,0.255693,0.599532,0.51373,-0.331563,0.791209,-6e-05,0.001659,0.001299,-0.0,0.0,0.0,-1.407941,0.039261,0.032625,-0.00966,-0.548411,-0.821831,0.154395,0.732675,-0.383259,0.562405,-0.403028,0.421551,0.812319,-0.00661,0.000512,0.000977,-0.015262,0.12243,-0.195752,-0.863768,0.077305,0.020217,-0.058275,-0.721057,-0.228368,-0.654159,-0.042133,-0.927923,0.370381,-0.691593,0.294628,0.659464,0.0,7e-06,5e-06,3e-06,-2e-06,-5e-06,-0.130815
695,0.123009,-0.008351,0.363342,-0.6815,-0.210203,-0.701012,-0.146585,-0.899264,0.41208,-0.716171,0.383847,0.582913,-0.0,-0.0,-0.0,0.0,0.0,0.0,0.054629,-0.161228,0.022982,0.334279,0.399936,0.908615,0.120253,-0.758594,0.254663,0.59968,0.513745,-0.332201,0.790931,-1.6e-05,0.000444,0.000347,-0.0,0.0,0.0,-1.408036,0.0392,0.032591,-0.009625,-0.547918,-0.821963,0.155438,0.733095,-0.382305,0.562506,-0.402935,0.422158,0.81205,-0.006585,-0.000204,0.000417,-0.002114,0.014998,-0.029414,-0.861645,0.077295,0.020219,-0.058274,-0.721022,-0.228299,-0.654221,-0.042195,-0.927944,0.370321,-0.691626,0.294615,0.659435,-0.0,5e-06,6e-06,3e-06,7e-06,-1.1e-05,-0.130488
696,0.122999,-0.008342,0.363336,-0.681501,-0.210211,-0.701008,-0.146561,-0.899271,0.412071,-0.716175,0.383824,0.582924,-0.0,-0.0,-0.0,0.0,0.0,0.0,0.054687,-0.161275,0.022732,0.334441,0.405047,0.906272,0.120831,-0.756899,0.258386,0.600229,0.512233,-0.335719,0.790426,3.6e-05,-0.001016,-0.000795,4.4e-05,0.000218,0.000287,-1.407923,0.039177,0.032463,-0.00954,-0.552493,-0.818737,0.156265,0.730788,-0.385646,0.563226,-0.400871,0.425376,0.811391,-0.00604,-0.006825,0.003592,-0.037658,0.025833,-0.046767,-0.862462,0.07729,0.020223,-0.058277,-0.721022,-0.228307,-0.654218,-0.042171,-0.92795,0.37031,-0.691627,0.294591,0.659445,-4e-06,3e-06,4e-06,4e-06,-5e-06,-8e-06,-0.129508
697,0.122983,-0.008376,0.363322,-0.681426,-0.210101,-0.701114,-0.146681,-0.899296,0.411976,-0.716222,0.383827,0.582864,-8e-05,-0.000403,-0.000317,0.0,0.0,0.0,0.053904,-0.16113,0.022195,0.334752,0.420766,0.898981,0.121577,-0.751668,0.27061,0.601415,0.507225,-0.345573,0.789409,0.014255,-0.012147,0.006074,-0.036335,0.01069,-0.01317,-1.407851,0.039249,0.032193,-0.009386,-0.566629,-0.808735,0.15773,0.723531,-0.396764,0.564871,-0.394249,0.434195,0.809963,0.007125,-0.006068,0.003046,-0.035767,0.010074,-0.013736,-0.861156,0.077282,0.020206,-0.058284,-0.720965,-0.228186,-0.654324,-0.042296,-0.927978,0.370224,-0.691679,0.294594,0.659389,-5e-05,-0.00024,-0.000187,1e-06,-1.3e-05,-6e-06,-0.129345
