frame,MLTx,MLTy,MLTz,MLTR1,MLTR2,MLTR3,MLTR4,MLTR5,MLTR6,MLTR7,MLTR8,MLTR9,MLTTVx,MLTTVy,MLTTVz,MLTRVx,MLTRVy,MLTRVz,MLGA,MRTx,MRTy,MRTz,MRTR1,MRTR2,MRTR3,MRTR4,MRTR5,MRTR6,MRTR7,MRTR8,MRTR9,MRTTVx,MRTTVy,MRTTVz,MRTRVx,MRTRVy,MRTRVz,MRGA,SLTx,SLTy,SLTz,SLTR1,SLTR2,SLTR3,SLTR4,SLTR5,SLTR6,SLTR7,SLTR8,SLTR9,SLTTVx,SLTTVy,SLTTVz,SLTRVx,SLTRVy,SLTRVz,SLGA,SRTx,SRTy,SRTz,SRTR1,SRTR2,SRTR3,SRTR4,SRTR5,SRTR6,SRTR7,SRTR8,SRTR9,SRTTVx,SRTTVy,SRTTVz,SRTRVx,SRTRVy,SRTRVz,SRGA
909,0.07999,-0.007346,0.388729,-0.654978,-0.372019,-0.657762,0.141285,-0.915377,0.376955,-0.741522,0.154423,0.652936,-0.001595,0.010058,-0.026318,0.327651,0.916824,-0.263759,-1.199044,-0.091464,0.013922,0.337641,0.777825,-0.21768,0.589572,-0.26422,0.737747,0.62117,-0.571133,-0.638655,0.515548,-0.012454,-0.006506,-0.003671,0.183919,-0.159514,-0.15705,0.345057,0.048305,0.024897,-0.012733,-0.755151,0.168708,0.633469,0.311621,-0.757777,0.573293,0.576748,0.630326,0.519663,-0.006309,-0.002909,-0.001534,0.323359,-0.535229,0.151107,0.218032,0.077189,0.020842,-0.04679,-0.557713,-0.422503,-0.714455,0.268946,-0.906302,0.326012,-0.785253,-0.010329,0.619087,0.006181,0.008117,-0.019196,-0.253898,0.728024,-0.899934,-0.780548
910,0.080174,-0.006931,0.387584,-0.682085,-0.350199,-0.642001,0.116024,-0.918602,0.377729,-0.721177,0.183586,0.668001,-0.001437,0.010535,-0.02598,0.125032,0.465927,-0.143164,-1.213347,-0.09206,0.013657,0.337438,0.784177,-0.203866,0.586086,-0.261251,0.748083,0.609963,-0.563762,-0.631169,0.532599,-0.025262,-0.011707,-0.00624,0.58188,-0.585606,-0.276922,0.397296,0.048005,0.024771,-0.012829,-0.76079,0.156081,0.629948,0.308599,-0.766893,0.562707,0.570932,0.622504,0.535279,-0.005975,-0.004283,-0.002716,0.165075,-0.149994,-0.14447,0.310781,0.077278,0.021042,-0.047368,-0.589993,-0.405921,-0.69795,0.24501,-0.913681,0.324276,-0.769335,0.020316,0.638521,0.005943,0.003708,-0.014,-0.059872,0.641861,0.145724,-0.788223
911,0.080269,-0.006527,0.386657,-0.706172,-0.323616,-0.629792,0.082877,-0.921125,0.380304,-0.702314,0.216761,0.678083,0.012472,0.009327,-0.026616,-3.393094,2.19286,3.623387,-1.234001,-0.093044,0.013217,0.337051,0.795552,-0.192024,0.574644,-0.252867,0.756504,0.60307,-0.55151,-0.624833,0.552525,-0.02465,-0.014372,-0.008563,0.573237,-0.589837,-0.253385,0.400256,0.047522,0.024559,-0.013017,-0.772392,0.144353,0.618524,0.300153,-0.775269,0.555756,0.559748,0.614914,0.555483,-0.012292,-0.007296,-0.004363,0.18814,-0.506349,0.332566,0.348664,0.07732,0.021242,-0.047833,-0.616407,-0.388008,-0.685194,0.217884,-0.920237,0.325097,-0.756682,0.051099,0.651781,-0.000338,0.006353,-0.012196,0.048801,0.058748,-0.161498,-0.790019
912,0.080291,-0.006368,0.386269,-0.717847,-0.313867,-0.621472,0.071341,-0.921099,0.3827,-0.691663,0.230768,0.684379,-0.001434,0.003102,-0.014576,-1.222575,2.195903,-1.646257,-1.235167,-0.093573,0.013028,0.336809,0.803777,-0.188445,0.564289,-0.245298,0.75899,0.603073,-0.542932,-0.622911,0.56309,-0.039943,-0.006779,-0.017796,0.363332,-0.479696,0.110216,0.396492,0.047254,0.024456,-0.013139,-0.781457,0.139443,0.608177,0.292619,-0.778972,0.554594,0.551088,0.611356,0.56793,-0.012234,-0.007592,-0.004626,0.379216,-0.575668,0.041929,0.351603,0.077336,0.021323,-0.048032,-0.629857,-0.376284,-0.679477,0.200793,-0.923959,0.325545,-0.750307,0.068613,0.657517,-0.000187,0.006817,-0.011856,-0.586273,1.263052,1.200972,-0.791815
913,0.080286,-0.006012,0.385683,-0.729658,-0.308428,-0.610341,0.061444,-0.918491,0.390604,-0.68016,0.247884,0.689901,0.00093,0.01769,-0.020746,0.071708,-0.030492,0.033627,-1.233222,-0.094684,0.012715,0.336238,0.818382,-0.18395,0.54443,-0.229899,0.763304,0.603695,-0.527631,-0.618978,0.581666,-0.040128,-0.006207,-0.017352,0.151254,-0.231424,0.191344,0.384058,0.0467,0.024296,-0.013427,-0.797012,0.13477,0.588734,0.277503,-0.784082,0.555163,0.536436,0.605847,0.587524,-0.013344,-0.001712,-0.008403,0.107297,-0.214907,0.232089,0.340826,0.077332,0.021498,-0.048334,-0.645071,-0.374555,-0.666026,0.190639,-0.922948,0.334399,-0.739959,0.088741,0.666772,0.000529,0.008999,-0.010261,0.063173,-0.059069,0.032547,-0.790835
914,0.080415,-0.005736,0.385406,-0.732801,-0.313758,-0.603825,0.064832,-0.915529,0.396957,-0.676458,0.252128,0.691999,0.000431,0.001306,0.000956,-2e-06,4e-06,-3e-06,-1.226019,-0.09597,0.012594,0.335586,0.82676,-0.184627,0.531388,-0.218256,0.765175,0.605644,-0.519449,-0.616461,0.591618,-0.026934,-0.00257,-0.016145,0.046828,-0.063559,0.106802,0.379431,0.046042,0.024233,-0.01376,-0.80597,0.136171,0.57608,0.26603,-0.786048,0.557993,0.52881,0.60298,0.597306,-0.013462,-0.001269,-0.008035,0.026198,-0.048031,0.116597,0.332498,0.077396,0.021636,-0.048472,-0.647376,-0.380893,-0.660169,0.193292,-0.919901,0.341201,-0.737252,0.09328,0.669146,0.000283,0.000839,0.000615,0.004432,-0.005342,0.002463,-0.793775
915,0.080727,-0.005606,0.385442,-0.736533,-0.318644,-0.596684,0.066777,-0.912061,0.404546,-0.672204,0.258507,0.693789,0.014995,0.00214,0.001812,0.000908,-0.01461,0.029426,-1.210488,-0.097561,0.012556,0.334752,0.829826,-0.186531,0.525914,-0.212718,0.765398,0.607331,-0.51685,-0.615609,0.594773,-0.040071,-0.006727,-0.017913,0.027753,0.054985,-0.090833,0.376468,0.045245,0.024216,-0.014175,-0.809309,0.138452,0.570832,0.260532,-0.786385,0.560107,0.526443,0.60202,0.600357,-0.020009,-0.003432,-0.008991,0.029197,0.060642,-0.094439,0.3276,0.077553,0.0217,-0.048454,-0.650541,-0.386873,-0.653547,0.194431,-0.91669,0.349106,-0.73416,0.100038,0.671565,0.00758,0.001317,0.001083,0.005943,-0.020546,0.034329,-0.799816
916,0.081019,-0.005562,0.385542,-0.737305,-0.319277,-0.595389,0.06665,-0.911379,0.4061,-0.671369,0.260129,0.693991,0.015664,0.004209,0.003316,0.002098,-0.026674,0.05575,-1.183371,-0.098473,0.012576,0.334257,0.831923,-0.187067,0.5224,-0.209964,0.765162,0.608586,-0.5146,-0.615739,0.596587,-0.055327,0.000941,-0.027131,0.061176,0.061031,-0.094477,0.375921,0.04481,0.024226,-0.014412,-0.811642,0.139155,0.567337,0.257749,-0.786246,0.561588,0.524214,0.60204,0.602284,-0.020867,0.00156,-0.013528,0.06363,0.043003,-0.05967,0.32662,0.077687,0.021723,-0.048411,-0.651236,-0.387769,-0.652322,0.19422,-0.91613,0.350691,-0.733599,0.101689,0.671929,0.007782,0.001952,0.001542,0.003893,-0.017818,0.031451,-0.793285
917,0.081804,-0.005548,0.385778,-0.739769,-0.32164,-0.591046,0.066678,-0.909099,0.411174,-0.668651,0.265159,0.694711,0.029379,0.00262,0.00237,0.002232,-0.040219,0.083898,-1.160816,-0.100371,0.012747,0.333172,0.834081,-0.187252,0.51888,-0.206826,0.765683,0.609004,-0.512371,-0.615034,0.599226,-0.042211,0.005126,-0.02543,0.063982,0.049871,-0.070461,0.375682,0.043877,0.024305,-0.014949,-0.813967,0.139492,0.563914,0.254615,-0.78686,0.562157,0.522138,0.601159,0.604961,-0.021085,0.002537,-0.012705,0.065397,0.055031,-0.074861,0.32564,0.078074,0.021728,-0.048288,-0.653475,-0.390879,-0.648215,0.193728,-0.914197,0.355967,-0.731737,0.107038,0.673129,0.014271,-0.003695,0.005933,-0.03737,-0.016129,0.057857,-0.781854
918,0.082864,-0.005412,0.385904,-0.74197,-0.32352,-0.587249,0.066542,-0.907109,0.415569,-0.666222,0.26966,0.695312,0.029665,0.003696,0.003115,0.002826,-0.041029,0.084886,-1.164498,-0.102287,0.012932,0.332192,0.83346,-0.186423,0.520176,-0.207029,0.767283,0.606918,-0.513301,-0.613291,0.600216,-0.055842,0.003307,-0.025221,0.061998,0.064761,-0.099879,0.373734,0.042904,0.0244,-0.015448,-0.813212,0.138625,0.565215,0.25477,-0.788405,0.559918,0.523237,0.599333,0.605823,-0.021181,0.002994,-0.012331,0.064893,0.05262,-0.07311,0.324824,0.078611,0.0218,-0.048222,-0.655486,-0.393337,-0.644688,0.193099,-0.912574,0.360445,-0.730102,0.111778,0.674133,0.015271,0.006945,-0.003149,0.041866,-0.06357,0.107023,-0.789856
919,0.084058,-0.005228,0.386002,-0.748748,-0.328261,-0.575905,0.069072,-0.902707,0.424642,-0.658338,0.278575,0.699296,0.029748,0.004186,0.003426,0.007353,-0.026362,0.085394,-1.164293,-0.104115,0.013198,0.33132,0.838804,-0.187788,0.511013,-0.200166,0.766339,0.610403,-0.507278,-0.614052,0.604542,-0.043125,0.009589,-0.021627,0.056218,0.000447,-0.014915,0.359801,0.042002,0.024523,-0.015881,-0.818933,0.140248,0.556487,0.248138,-0.787817,0.563711,0.51747,0.599728,0.610369,-0.020645,-0.000616,-0.006634,-0.068778,-0.540511,0.588273,0.316006,0.079208,0.021893,-0.048171,-0.662075,-0.39982,-0.633876,0.194627,-0.908512,0.369763,-0.723724,0.121441,0.679319,0.021554,0.00077,0.000839,-0.011265,-0.061917,0.107995,-0.79753
920,0.084688,-0.005142,0.386047,-0.75305,-0.330303,-0.569088,0.070948,-0.900617,0.42875,-0.653213,0.2829,0.702359,0.029599,0.003835,0.003151,-0.061021,0.262353,-0.235307,-1.165204,-0.104868,0.013354,0.331007,0.841139,-0.188489,0.5069,-0.197023,0.76591,0.611962,-0.504634,-0.614372,0.606428,-0.030242,0.015078,-0.01867,0.068098,0.017547,-0.015639,0.352054,0.041605,0.0246,-0.016049,-0.821554,0.141097,0.552394,0.244954,-0.787551,0.565473,0.514826,0.599878,0.612453,-0.020921,0.000734,-0.005461,0.031236,0.044264,-0.071251,0.306862,0.079524,0.021938,-0.048148,-0.6661,-0.402801,-0.627742,0.195888,-0.906565,0.373854,-0.719678,0.126057,0.682767,0.021452,0.000517,0.00064,-0.335931,0.546992,-0.482599,-0.802592
921,0.085894,-0.005096,0.386094,-0.764275,-0.334676,-0.55129,0.076261,-0.895737,0.437963,-0.639437,0.293093,0.710804,0.028094,-0.000775,-0.000197,-0.886145,2.055051,-1.641545,-1.164125,-0.106257,0.013628,0.330559,0.842388,-0.190913,0.503911,-0.194243,0.764516,0.614589,-0.503628,-0.615356,0.606267,-0.042275,0.00368,-0.009083,0.016889,0.051385,-0.058749,0.348116,0.040915,0.024744,-0.016274,-0.822905,0.143804,0.549679,0.242319,-0.786219,0.568453,0.513914,0.600981,0.612137,-0.01442,0.00321,-0.004226,0.044545,0.023741,-0.039199,0.294125,0.08013,0.021969,-0.048118,-0.674834,-0.409841,-0.6137,0.199228,-0.901907,0.383237,-0.710567,0.136356,0.69029,0.02076,-0.001567,-0.000879,-0.003508,-0.069903,0.127746,-0.797694
922,0.087186,-0.005272,0.38597,-0.771561,-0.342009,-0.536441,0.081893,-0.88961,0.449287,-0.629926,0.303142,0.71507,0.026774,-0.00496,-0.003223,-0.357447,0.453025,-0.510868,-1.167894,-0.107405,0.01371,0.330328,0.841483,-0.195452,0.503682,-0.189638,0.76593,0.614266,-0.506891,-0.612158,0.606784,-0.028775,0.006186,-0.00873,0.032144,0.024408,-0.037945,0.345937,0.040345,0.024789,-0.016386,-0.822253,0.148296,0.549461,0.237539,-0.787915,0.568123,0.517179,0.597659,0.612639,-0.013478,-0.002427,-0.000298,-0.003282,0.030059,-0.059101,0.288737,0.080761,0.021886,-0.048177,-0.683255,-0.418004,-0.598693,0.203535,-0.896458,0.393619,-0.701237,0.147087,0.697588,0.013358,-0.00257,-0.001697,-0.017504,0.02922,-0.11707,-0.800796
923,0.08779,-0.00542,0.385883,-0.77673,-0.342455,-0.52864,0.084775,-0.888512,0.450922,-0.623159,0.30585,0.71983,0.026329,-0.006406,-0.00427,0.254227,0.46083,0.051027,-1.167938,-0.107876,0.013663,0.33027,0.842376,-0.195501,0.502169,-0.188798,0.765566,0.614978,-0.50572,-0.612597,0.607318,-0.02689,-0.005224,-0.000967,-0.018885,0.134838,-0.22709,0.345444,0.040099,0.024769,-0.016417,-0.823217,0.148379,0.547992,0.236715,-0.787625,0.568868,0.516021,0.598021,0.613263,-0.013438,-0.002638,-0.000488,-0.003548,0.032884,-0.061453,0.28694,0.081068,0.021811,-0.048221,-0.68755,-0.422512,-0.590556,0.206179,-0.893406,0.399142,-0.696249,0.15267,0.701375,0.019688,-0.004987,-0.003354,-0.017791,-0.053077,0.079981,-0.804225
924,0.088896,-0.005714,0.385659,-0.786318,-0.346486,-0.511563,0.091634,-0.88423,0.457943,-0.610034,0.313638,0.727679,0.026204,-0.006845,-0.004601,0.138028,0.283718,-0.029201,-1.165467,-0.10861,0.013396,0.330192,0.844697,-0.206712,0.493708,-0.174565,0.765404,0.619369,-0.506967,-0.609096,0.609795,-0.012861,-0.00561,-0.003117,0.020051,0.042896,-0.001907,0.343206,0.039726,0.024639,-0.016452,-0.826163,0.159831,0.540285,0.222819,-0.788066,0.573849,0.517499,0.594479,0.615457,-0.006358,-0.003158,-0.001856,0.071971,0.129585,0.030798,0.283348,0.08163,0.021657,-0.048338,-0.698485,-0.42837,-0.57325,0.212432,-0.889058,0.405521,-0.683366,0.161474,0.711994,0.013042,-0.003622,-0.002464,0.197572,0.364792,-0.0045,-0.809287
925,0.09008,-0.005863,0.385401,-0.796894,-0.344732,-0.49615,0.093075,-0.881504,0.462882,-0.595938,0.323113,0.735175,0.027089,-0.003889,-0.002493,0.013387,0.232155,-0.089866,-1.178401,-0.109043,0.013024,0.330064,0.848052,-0.20752,0.487579,-0.170994,0.763562,0.62263,-0.50256,-0.611127,0.611408,-0.012125,-0.009468,-0.006511,-0.004199,0.030211,-0.053545,0.344139,0.039509,0.024458,-0.016512,-0.829816,0.160859,0.534349,0.219312,-0.786495,0.577344,0.513134,0.596279,0.617368,-0.006058,-0.004748,-0.003259,-0.003312,0.035196,-0.059372,0.283021,0.08223,0.021574,-0.048473,-0.710316,-0.429083,-0.557977,0.2133,-0.886654,0.4103,-0.670786,0.172426,0.721328,0.01359,-0.001801,-0.001164,-0.012435,0.202635,-0.093102,-0.81288
926,0.091075,-0.005662,0.385028,-0.815177,-0.324042,-0.480135,0.074723,-0.88082,0.467488,-0.573385,0.345606,0.742841,0.028193,0.007482,-0.011045,-0.790355,1.094844,1.019816,-1.191427,-0.109324,0.012517,0.329801,0.848034,-0.210203,0.486462,-0.166586,0.765517,0.621423,-0.504075,-0.607754,0.613521,-0.011542,-0.012605,-0.009295,0.001615,0.025092,-0.057433,0.343284,0.039368,0.024204,-0.016643,-0.829933,0.163432,0.533386,0.214903,-0.788669,0.576034,0.514808,0.592696,0.619421,0.001062,-0.00546,-0.0048,-0.018337,0.022387,-0.021731,0.282368,0.082711,0.021668,-0.048652,-0.729213,-0.416667,-0.542803,0.199541,-0.888244,0.413768,-0.654546,0.193414,0.730862,0.007417,0.004876,-0.004809,-1.103767,1.869989,-1.888481,-0.819248
927,0.091386,-0.005384,0.384804,-0.823334,-0.310551,-0.475105,0.062173,-0.881384,0.46826,-0.563145,0.356377,0.74558,0.016166,0.022133,-0.017369,-2.507957,2.691013,4.063228,-1.190609,-0.109463,0.012263,0.329601,0.847566,-0.209783,0.487457,-0.16749,0.765681,0.620978,-0.504561,-0.607693,0.613181,-0.011278,-0.014051,-0.01059,-0.006223,0.045365,-0.078179,0.340704,0.039298,0.024078,-0.016742,-0.829378,0.163086,0.534353,0.215829,-0.788666,0.575693,0.515314,0.592797,0.618904,0.001059,-0.005454,-0.004805,-0.006054,0.017371,-0.023215,0.281062,0.082882,0.021812,-0.048772,-0.741999,-0.402231,-0.536327,0.183931,-0.891453,0.4141,-0.644674,0.208615,0.735441,0.0081,0.011083,-0.008634,-2.541641,2.660223,4.053655,-0.815166
928,0.091938,-0.004614,0.384147,-0.842721,-0.269015,-0.466366,0.020516,-0.88167,0.471391,-0.536945,0.388013,0.749108,0.002658,0.031755,-0.027276,-0.146315,0.283725,0.230355,-1.19603,-0.109784,0.011755,0.329154,0.847923,-0.209428,0.486988,-0.167618,0.765428,0.621256,-0.503917,-0.608134,0.613273,-0.011164,-0.014824,-0.011322,-0.004175,0.030326,-0.053683,0.331595,0.039138,0.023822,-0.016968,-0.82973,0.162758,0.533906,0.215986,-0.7884,0.575998,0.514681,0.59324,0.619006,-0.006387,-0.002273,-0.010044,0.029885,0.039469,-0.057835,0.27502,0.083159,0.022194,-0.049085,-0.768614,-0.363867,-0.526149,0.14128,-0.898721,0.415139,-0.623916,0.244747,0.742177,0.007653,0.009622,-0.009722,-0.747091,0.788791,1.278631,-0.809777
929,0.092212,-0.003406,0.382976,-0.868605,-0.206359,-0.450541,-0.038804,-0.878094,0.476883,-0.492948,0.431957,0.755276,0.002543,0.038931,-0.038752,-2.340106,2.717019,4.058205,-1.248325,-0.110094,0.011313,0.328599,0.848305,-0.209157,0.486439,-0.167486,0.765343,0.621395,-0.503318,-0.608334,0.613567,0.002356,-0.012347,-0.010993,-0.00213,0.015131,-0.024431,0.320392,0.038978,0.023597,-0.017249,-0.830123,0.162495,0.533376,0.215873,-0.788327,0.576141,0.514095,0.593409,0.61933,-0.006432,-0.002108,-0.009925,0.030078,0.039973,-0.058501,0.261794,0.083297,0.022797,-0.049664,-0.803127,-0.31162,-0.507816,0.086742,-0.904391,0.417792,-0.589458,0.291492,0.753372,0.001468,0.020082,-0.018947,0.112682,0.058313,-0.068983,-0.811573
930,0.092205,-0.002589,0.382175,-0.881373,-0.182708,-0.435712,-0.056985,-0.874403,0.481814,-0.467925,0.449709,0.760813,-0.010173,0.050983,-0.04686,0.053957,0.340525,-0.128172,-1.300262,-0.110315,0.011166,0.328313,0.849193,-0.20932,0.484818,-0.166416,0.765054,0.622038,-0.502173,-0.608641,0.6142,-0.013394,-0.001583,-0.017539,0.032095,0.024085,-0.033264,0.316873,0.038869,0.023515,-0.017399,-0.831086,0.162703,0.531811,0.214834,-0.788098,0.576842,0.512973,0.593656,0.620023,-0.006706,-0.000695,-0.008676,0.032428,0.025917,-0.035283,0.256242,0.083294,0.023219,-0.050081,-0.822172,-0.286564,-0.491846,0.063073,-0.904583,0.421604,-0.565733,0.315609,0.761797,-0.005111,0.025333,-0.023554,0.017442,0.305615,-0.136486,-0.80994
931,0.092302,-0.001069,0.380393,-0.904111,-0.136861,-0.404842,-0.090255,-0.864859,0.493806,-0.416591,0.483161,0.770087,0.000711,0.032628,-0.043157,-0.276237,1.379758,1.332691,-1.373659,-0.110827,0.010974,0.327702,0.849663,-0.209195,0.484047,-0.16576,0.765278,0.621938,-0.501594,-0.608403,0.614909,-0.013382,-0.00176,-0.017734,0.032102,0.024049,-0.033282,0.307927,0.038623,0.023428,-0.017691,-0.831639,0.162638,0.530965,0.214113,-0.788307,0.576823,0.512377,0.593396,0.620765,-0.006768,-0.000419,-0.008444,0.032645,0.026859,-0.036382,0.245791,0.083344,0.023983,-0.050968,-0.85199,-0.248944,-0.460584,0.028463,-0.900445,0.434036,-0.522781,0.356685,0.774257,0.00032,0.01605,-0.021759,-0.289572,1.361182,1.351002,-0.81043
932,0.092436,-0.000164,0.37861,-0.920489,-0.092488,-0.379726,-0.122577,-0.854309,0.505078,-0.369974,0.511575,0.775524,0.011053,0.020087,-0.052027,0.062124,0.211488,-0.209309,-1.452271,-0.111408,0.010812,0.327125,0.848877,-0.214082,0.483289,-0.160588,0.766471,0.621827,-0.504605,-0.605188,0.615617,-0.01348,-0.001349,-0.017399,0.029976,0.039199,-0.057698,0.292473,0.038322,0.023342,-0.017989,-0.830952,0.167545,0.530514,0.209042,-0.789672,0.576817,0.515576,0.590207,0.621157,-0.006746,-0.000597,-0.008621,0.030361,0.03949,-0.058531,0.229952,0.083409,0.024436,-0.051835,-0.877325,-0.207489,-0.43272,-0.006275,-0.896661,0.442672,-0.479853,0.391083,0.785362,-0.001597,0.005807,-0.020822,-0.141608,0.34095,0.165939,-0.810593
933,0.092294,9.3e-05,0.377707,-0.925823,-0.06499,-0.372388,-0.142316,-0.852764,0.502505,-0.349067,0.518305,0.78073,-0.017588,0.010535,-0.042592,0.332577,0.57609,0.069549,-1.530982,-0.11173,0.01076,0.326866,0.849795,-0.214282,0.481583,-0.15938,0.766241,0.622419,-0.50344,-0.605407,0.616356,-0.027556,-0.001257,-0.015498,0.030067,0.039182,-0.062548,0.282126,0.038172,0.023313,-0.018117,-0.832002,0.167823,0.528778,0.207805,-0.789477,0.577531,0.514382,0.59039,0.621973,-0.006997,0.000735,-0.007427,0.032849,0.027746,-0.037626,0.219175,0.083349,0.024568,-0.05229,-0.886392,-0.183337,-0.425081,-0.025637,-0.897386,0.440499,-0.462222,0.401353,0.790737,-0.002154,0.003914,-0.022205,0.224799,0.858059,0.250982,-0.810593
934,0.091743,0.00046,0.375851,-0.93301,-0.009874,-0.359779,-0.183593,-0.846796,0.499201,-0.30843,0.531821,0.788711,-0.005726,0.003294,-0.047838,0.181074,0.244981,0.174142,-1.680988,-0.112358,0.010722,0.326429,0.849035,-0.213688,0.483185,-0.160305,0.767073,0.621156,-0.504428,-0.604564,0.616374,-0.014455,0.003831,-0.012763,0.032122,0.023946,-0.033336,0.266933,0.037854,0.023291,-0.018337,-0.831118,0.167152,0.530379,0.208743,-0.790236,0.576153,0.51543,0.589565,0.621887,-0.007302,0.002363,-0.005966,0.034196,0.008759,-0.009085,0.195334,0.083067,0.024749,-0.05322,-0.903549,-0.129992,-0.408287,-0.066993,-0.898294,0.434257,-0.423212,0.419725,0.802945,-0.002533,0.006453,-0.028774,0.126848,0.532601,0.308749,-0.808471
935,0.091348,0.000514,0.373573,-0.940194,0.045161,-0.337698,-0.21945,-0.838529,0.49868,-0.259481,0.542904,0.798718,-0.022207,-0.00461,-0.054135,-1.930813,3.758802,3.853948,-1.85087,-0.112987,0.010741,0.326164,0.847076,-0.218135,0.484636,-0.156686,0.768684,0.620087,-0.508848,-0.600915,0.61631,-0.013401,-0.00355,-0.001379,-0.002045,0.015205,-0.029245,0.256295,0.037539,0.023301,-0.018475,-0.829201,0.17159,0.531959,0.205106,-0.791913,0.575155,0.519957,0.586028,0.621462,-0.007574,0.003848,-0.004633,0.03446,0.008357,-0.009189,0.180638,0.082885,0.024783,-0.054328,-0.91847,-0.083898,-0.386487,-0.099647,-0.896619,0.431444,-0.382729,0.434781,0.815158,-0.004642,-0.004385,-0.028501,0.41489,0.844189,0.5649,-0.818921
936,0.090858,0.000387,0.372538,-0.94436,0.082878,-0.31837,-0.241665,-0.831474,0.50022,-0.222087,0.54922,0.805643,-0.03583,-0.002703,-0.053124,0.271053,0.834225,-0.081761,-1.901361,-0.113308,0.010786,0.32607,0.84542,-0.222844,0.485383,-0.152621,0.769934,0.61955,-0.512828,-0.597572,0.616262,-0.01359,-0.0025,-0.000435,-0.002045,0.015205,-0.029245,0.246046,0.037384,0.023321,-0.018519,-0.827638,0.176315,0.532848,0.201055,-0.793237,0.57476,0.524015,0.582826,0.621064,-0.00681,-0.001141,-0.000111,-0.00163,0.014613,-0.02953,0.170841,0.082649,0.024715,-0.054855,-0.930572,-0.044412,-0.363403,-0.12671,-0.892198,0.433504,-0.34348,0.449454,0.824628,-0.011637,-0.007815,-0.022828,-1.424123,3.317402,0.051504,-0.816309
937,0.089797,0.000414,0.370337,-0.947946,0.132647,-0.289566,-0.268832,-0.820873,0.503854,-0.169685,0.555302,0.814171,-0.007841,0.004313,-0.064659,0.135691,0.177755,-0.384581,-1.913765,-0.113884,0.010912,0.325918,0.846155,-0.222876,0.484085,-0.151708,0.769861,0.619864,-0.511883,-0.597654,0.616966,-0.015374,0.008994,-0.008121,0.034051,0.007255,-0.00754,0.223715,0.037096,0.023387,-0.018591,-0.828471,0.176389,0.531528,0.200124,-0.793192,0.575148,0.523054,0.582866,0.621837,-0.007697,0.004567,-0.003987,0.032477,-0.002407,0.003326,0.145041,0.0821,0.024713,-0.055954,-0.943954,0.004472,-0.330045,-0.156461,-0.886498,0.435477,-0.290637,0.46271,0.837513,-0.010643,0.003267,-0.031598,0.083705,0.143469,-0.403301,-0.808797
938,0.089013,0.000621,0.368047,-0.952229,0.151034,-0.265507,-0.272102,-0.814514,0.512346,-0.137695,0.559924,0.817038,-0.034613,0.002421,-0.049937,-1.388849,2.978867,4.257854,-1.914065,-0.114303,0.011056,0.325722,0.847214,-0.2288,0.479447,-0.143798,0.769871,0.621734,-0.512419,-0.595391,0.618707,-0.001347,0.009049,-0.009883,2.683801,3.444249,3.415595,0.191917,0.03688,0.023465,-0.018684,-0.831119,0.177437,0.527026,0.196828,-0.792514,0.577217,0.520095,0.58347,0.623749,-0.000748,0.00496,-0.004539,0.036911,-0.004179,0.017448,0.109443,0.081708,0.024815,-0.057133,-0.952046,0.013847,-0.30564,-0.155633,-0.881991,0.444825,-0.263413,0.471062,0.841851,-0.01717,0.001554,-0.024695,0.046629,0.284131,-0.353874,-0.806021
939,0.087188,0.000553,0.36678,-0.954969,0.18666,-0.230735,-0.28328,-0.805357,0.520697,-0.087445,0.562376,0.822262,-0.04711,-0.006264,-0.023009,0.097008,0.571535,-0.33684,-1.91447,-0.114531,0.011191,0.32541,0.855078,-0.232202,0.463589,-0.132739,0.766104,0.628808,-0.502232,-0.598917,0.623638,-0.014758,0.005586,-0.011199,0.026001,-0.040574,0.046503,0.164187,0.036767,0.023529,-0.018836,-0.838478,0.186351,0.51208,0.18162,-0.790417,0.585024,0.513778,0.583534,0.628903,0.000297,-0.001657,-0.001493,-0.086611,-0.703614,0.84269,0.064539,0.080816,0.024783,-0.057777,-0.9615,0.050951,-0.270038,-0.173548,-0.874487,0.452938,-0.213067,0.482365,0.849662,-0.023568,-0.003223,-0.011557,-0.96709,2.493302,-1.590268,-0.802102
940,0.086271,0.000271,0.366516,-0.955448,0.195291,-0.221417,-0.284863,-0.807105,0.517114,-0.076533,0.556902,0.827061,-0.047353,-0.014152,-0.012095,0.469008,0.739651,-0.033979,-1.914174,-0.114592,0.011264,0.325226,0.857826,-0.233514,0.457818,-0.128513,0.764873,0.631179,-0.49863,-0.599976,0.625508,-0.001049,0.007372,-0.011396,0.036331,-0.006718,0.020152,0.163557,0.036731,0.023564,-0.018928,-0.841609,0.18788,0.506354,0.17738,-0.789381,0.587718,0.510127,0.584446,0.631025,0.000354,-0.00197,-0.001777,0.00138,0.007175,-0.008072,0.053598,0.080359,0.024649,-0.057917,-0.963862,0.05721,-0.260184,-0.173609,-0.875684,0.450596,-0.20206,0.479483,0.853971,-0.023608,-0.006899,-0.005885,0.156884,0.362296,-0.213151,-0.801449
941,0.084024,-0.000798,0.36692,-0.956032,0.231181,-0.180565,-0.291947,-0.810503,0.507764,-0.027776,0.537863,0.842591,-0.075194,-0.032976,0.02392,-0.916162,4.038392,0.044956,-1.914567,-0.114647,0.011318,0.324795,0.857079,-0.235747,0.458073,-0.127765,0.763936,0.632465,-0.500107,-0.600295,0.624022,-0.00033,0.003301,-0.015088,-0.021048,0.060046,0.033256,0.159252,0.036701,0.023603,-0.019141,-0.840873,0.190083,0.506754,0.176813,-0.78845,0.589137,0.511535,0.58499,0.629377,-0.000155,0.001626,-0.007563,-0.034882,0.077231,0.04629,0.04478,0.079228,0.024112,-0.05773,-0.971641,0.087086,-0.219836,-0.1783,-0.880488,0.439259,-0.15531,0.465999,0.871046,-0.030006,-0.012245,0.006953,-0.424742,3.800067,4.668466,-0.803409
942,0.081391,-0.002226,0.367829,-0.952553,0.268774,-0.142996,-0.304119,-0.816858,0.490128,0.01611,0.510023,0.860026,-0.076637,-0.035837,0.021493,0.45575,1.002186,-0.313423,-1.914405,-0.114561,0.011223,0.324306,0.857228,-0.238185,0.456529,-0.126099,0.762315,0.63475,-0.500275,-0.601387,0.622834,0.015197,-0.00654,-0.007769,-0.105831,0.098735,0.076775,0.147473,0.03674,0.023551,-0.019388,-0.841259,0.192263,0.505289,0.175226,-0.787208,0.591268,0.511447,0.58595,0.628556,0.000802,-0.004498,-0.004089,-0.187975,0.176258,0.088458,0.03384,0.077946,0.023431,-0.057276,-0.976239,0.125352,-0.176756,-0.190076,-0.88705,0.420727,-0.104053,0.444328,0.8898,-0.038144,-0.017363,0.011225,0.585409,1.086196,0.036259,-0.799
943,0.078652,-0.003538,0.368547,-0.942756,0.31314,-0.114889,-0.328564,-0.812119,0.482162,0.058852,0.491916,0.868667,-0.062438,-0.02773,0.01082,0.137051,1.454107,1.270681,-1.914637,-0.114393,0.011133,0.323919,0.856394,-0.240328,0.456971,-0.125734,0.761169,0.636196,-0.501794,-0.601982,0.621034,0.00116,-0.006542,-0.005964,-0.33189,0.322777,0.199957,0.140281,0.03683,0.023502,-0.019592,-0.84094,0.193021,0.50553,0.174815,-0.787217,0.591377,0.512111,0.585687,0.62826,-0.000315,0.00254,-0.006754,-0.349507,0.353267,0.282836,0.02143,0.076541,0.022752,-0.056903,-0.9751,0.16757,-0.145255,-0.213615,-0.885654,0.412291,-0.059558,0.433053,0.899397,-0.038305,-0.017649,0.01092,-0.388712,3.45265,4.447732,-0.808634
944,0.077385,-0.004143,0.368836,-0.935717,0.336333,-0.106576,-0.34427,-0.80404,0.484737,0.078503,0.489845,0.868283,-0.06269,-0.027846,0.010632,-0.664978,2.901487,4.433962,-1.91452,-0.114288,0.011086,0.323755,0.854851,-0.245364,0.457184,-0.121276,0.762056,0.636001,-0.505515,-0.598815,0.621077,-0.000561,0.004619,-0.013933,0.029369,0.013126,-0.000866,0.134359,0.036883,0.023476,-0.01967,-0.838874,0.199986,0.506256,0.170337,-0.786902,0.5931,0.516986,0.583771,0.626047,0.007373,-0.001899,-0.002657,0.01684,-0.007078,0.001231,0.016205,0.075908,0.02245,-0.056757,-0.972819,0.188428,-0.134597,-0.227955,-0.881482,0.413551,-0.04072,0.432992,0.900476,-0.038174,-0.012549,0.00622,-0.123103,0.224686,-0.396141,-0.810267
945,0.074834,-0.004815,0.369197,-0.930673,0.352485,-0.098218,-0.353938,-0.79883,0.486385,0.09414,0.486986,0.868337,-0.059789,-0.011066,0.006496,-0.040173,0.102707,-0.185599,-1.915149,-0.114123,0.010997,0.323545,0.856025,-0.245897,0.454695,-0.11951,0.761464,0.637043,-0.503947,-0.599348,0.621838,0.014323,-0.00145,-0.00317,-0.000109,0.000179,0.004974,0.112172,0.03696,0.023431,-0.019781,-0.840223,0.200469,0.503821,0.168552,-0.78656,0.594064,0.515378,0.584067,0.627097,0.000231,-0.001279,-0.001172,0.000328,-7.5e-05,-0.001147,-0.006819,0.074628,0.022099,-0.056583,-0.969761,0.20977,-0.124737,-0.243039,-0.876627,0.415278,-0.022235,0.433037,0.901101,-0.029197,0.000214,-0.000822,-0.00593,0.06763,-0.154983,-0.816472
946,0.072779,-0.004835,0.369227,-0.929988,0.354681,-0.096788,-0.354876,-0.79698,0.48873,0.09736,0.488416,0.867178,-0.043771,0.00068,-0.001089,-0.004506,0.056252,-0.114786,-1.915636,-0.11402,0.011021,0.323458,0.855965,-0.245904,0.454804,-0.119485,0.761584,0.636904,-0.504055,-0.599193,0.6219,3.1e-05,-0.000176,-0.000161,-0.0,0.0,0.0,0.103455,0.037017,0.023441,-0.019828,-0.84016,0.200455,0.503931,0.168539,-0.786675,0.593915,0.515484,0.583917,0.627149,-0.000874,0.005662,-0.003906,0.036148,-0.006971,0.019869,-0.028047,0.073595,0.022085,-0.056564,-0.969589,0.211506,-0.123128,-0.243966,-0.875165,0.417811,-0.019388,0.435145,0.900151,-0.015057,-0.001057,-0.001367,0.006454,0.043906,-0.09331,-0.820391
947,0.072079,-0.004831,0.369152,-0.930635,0.353947,-0.093195,-0.352338,-0.797168,0.490257,0.100389,0.488642,0.866705,-0.030495,-0.0031,-0.003635,-0.002844,0.042242,-0.084906,-1.915636,-0.113992,0.011043,0.323446,0.855778,-0.245759,0.455234,-0.119826,0.761693,0.63671,-0.504291,-0.599115,0.621784,0.0,-3e-06,-2e-06,-0.0,0.0,0.0,0.103462,0.037031,0.023454,-0.019831,-0.839952,0.20029,0.504345,0.168879,-0.786764,0.593701,0.515713,0.583854,0.627019,-1.5e-05,9.9e-05,8.9e-05,-0.015032,0.106005,-0.167687,-0.031476,0.073241,0.022092,-0.056597,-0.9703,0.210297,-0.119546,-0.241343,-0.875129,0.419407,-0.016418,0.435803,0.899892,-0.015248,-0.001546,-0.001784,0.000522,0.03875,-0.089628,-0.824147
948,0.071129,-0.004893,0.368989,-0.930785,0.357839,-0.075078,-0.346703,-0.798385,0.492291,0.117376,0.483797,0.867289,-0.014426,0.008198,-0.01147,0.457392,0.441191,0.187153,-1.915891,-0.114006,0.011065,0.32344,0.856806,-0.246101,0.45311,-0.118489,0.761087,0.637684,-0.502857,-0.599743,0.622339,-5e-06,3.1e-05,2.8e-05,-0.0,-0.0,0.0,0.096724,0.037024,0.023467,-0.019832,-0.8411,0.200697,0.502265,0.167565,-0.786234,0.594774,0.514268,0.584427,0.627672,-7e-06,4.3e-05,3.9e-05,0.000238,0.001761,-0.002228,-0.036048,0.072764,0.022054,-0.056678,-0.972177,0.210622,-0.102507,-0.234241,-0.875077,0.42352,-0.0005,0.435748,0.900068,-0.007734,-0.00104,-0.001115,0.09815,0.212693,-0.02427,-0.82333
949,0.070948,-0.004725,0.368684,-0.921497,0.385383,-0.048679,-0.357212,-0.791328,0.496157,0.153834,0.474112,0.866937,1e-05,0.007438,-0.011514,-1.278143,2.421962,-0.719351,-1.915773,-0.114084,0.011085,0.323469,0.856788,-0.246066,0.453163,-0.118544,0.761101,0.637657,-0.502876,-0.59974,0.622327,-0.000171,0.000959,0.000877,-0.0,0.0,0.0,0.087964,0.036985,0.023477,-0.019819,-0.841068,0.20065,0.502338,0.16764,-0.78625,0.594733,0.514297,0.584422,0.627653,-0.000111,0.000624,0.000572,-6.7e-05,-6.6e-05,-0.000134,-0.048295,0.072663,0.02214,-0.056829,-0.968218,0.238622,-0.074905,-0.247516,-0.871259,0.423843,0.035876,0.428913,0.902632,0.000293,0.004441,-0.005163,0.165858,1.027032,1.569693,-0.827249
950,0.071151,-0.004605,0.368461,-0.919743,0.390438,-0.040928,-0.357226,-0.78897,0.499887,0.164027,0.473898,0.865184,0.014184,0.005965,-0.012136,0.020284,0.07446,-0.141323,-1.915675,-0.114128,0.011099,0.323474,0.85672,-0.246002,0.453327,-0.118676,0.761149,0.637576,-0.502961,-0.599706,0.622292,-0.013871,-0.001073,0.000862,-0.002045,0.015205,-0.029245,0.087318,0.036968,0.023484,-0.019816,-0.841001,0.200588,0.502476,0.167752,-0.786286,0.594653,0.51437,0.584395,0.627619,-0.00012,0.000669,0.000612,0.002085,-0.015475,0.024197,-0.052541,0.072759,0.0222,-0.056941,-0.967569,0.244287,-0.064292,-0.247809,-0.868583,0.429131,0.048988,0.431146,0.900951,0.007109,0.003023,-0.006032,-0.020209,-0.005309,0.019361,-0.826759
951,0.072039,-0.004358,0.367932,-0.906426,0.422041,-0.017838,-0.371074,-0.775231,0.511168,0.203032,0.469426,0.859328,0.028751,0.005661,-0.011818,0.018452,0.064411,-0.101373,-1.916996,-0.114127,0.011099,0.323433,0.856536,-0.245856,0.453753,-0.119001,0.761273,0.637367,-0.503197,-0.599608,0.622195,-0.001622,0.010584,-0.008486,0.036339,-0.006746,0.020128,0.087883,0.036963,0.023486,-0.019835,-0.840785,0.200413,0.502905,0.168093,-0.786394,0.594413,0.514611,0.584309,0.627501,-0.000805,0.00526,-0.004271,0.036297,-0.006793,0.02007,-0.0545,0.073187,0.02232,-0.057201,-0.96048,0.275655,-0.038602,-0.263941,-0.857942,0.440759,0.088379,0.433529,0.896794,0.007505,0.004153,-0.005124,-0.105269,0.309457,-0.116931,-0.828065
952,0.073112,-0.00422,0.367859,-0.888298,0.459235,0.008715,-0.387897,-0.760087,0.521321,0.247136,0.459133,0.853316,0.030324,0.002764,0.003358,0.018122,0.070486,-0.079438,-1.916627,-0.114092,0.011084,0.323374,0.856353,-0.245719,0.454172,-0.119317,0.761395,0.637162,-0.503433,-0.59951,0.622098,0.000248,-0.001394,-0.001276,-0.0,0.0,0.0,0.086925,0.03698,0.02348,-0.019863,-0.84058,0.20026,0.503309,0.168404,-0.786497,0.594189,0.514843,0.584224,0.627389,0.000142,-0.000795,-0.000728,-0.002195,0.015352,-0.024286,-0.055153,0.073743,0.022388,-0.05725,-0.949642,0.313212,-0.008725,-0.283345,-0.846532,0.450663,0.133767,0.430441,0.89265,0.015279,0.001731,0.001949,0.003176,0.039679,-0.068833,-0.82284
953,0.074215,-0.004055,0.368109,-0.872759,0.487263,0.030184,-0.401652,-0.751708,0.523051,0.278637,0.443765,0.85174,0.031005,0.004894,0.00503,0.314514,0.393437,0.052111,-1.917486,-0.114042,0.011041,0.323316,0.855566,-0.247797,0.454527,-0.119201,0.759934,0.638925,-0.5048,-0.600503,0.620029,0.000452,-0.002533,-0.00232,-0.004662,0.017745,-0.022547,0.08239,0.037005,0.023461,-0.01989,-0.839797,0.202466,0.503733,0.168341,-0.785011,0.596169,0.516141,0.58546,0.625167,0.000164,-0.000915,-0.000839,0.015089,-0.006696,-0.003556,-0.058093,0.074286,0.022476,-0.057122,-0.940118,0.340543,0.014374,-0.297451,-0.84029,0.453249,0.166429,0.421833,0.891267,0.008373,-0.000711,0.008432,0.449708,0.601212,-0.017191,-0.82529
954,0.074736,-0.004047,0.368369,-0.859248,0.509599,0.045239,-0.413481,-0.743707,0.525267,0.302388,0.431991,0.84969,0.017097,-0.000412,0.017687,0.080118,0.284941,-0.05964,-1.917631,-0.114004,0.011001,0.323275,0.85559,-0.247826,0.454466,-0.119144,0.759921,0.638951,-0.504772,-0.600508,0.620047,0.000462,-0.002591,-0.002374,-4.3e-05,4e-05,3e-05,0.080242,0.037024,0.023439,-0.019912,-0.839848,0.202409,0.503671,0.168262,-0.7851,0.596074,0.516083,0.585361,0.625307,0.000278,-0.001547,-0.001418,0.000621,0.013699,-0.025336,-0.061032,0.07454,0.022482,-0.057003,-0.930722,0.364325,0.032008,-0.311151,-0.834786,0.454221,0.192203,0.412794,0.890314,0.015795,0.003377,0.003238,-0.255122,0.993455,-0.214285,-0.825126
955,0.075633,-0.00386,0.368912,-0.831488,0.550761,0.073044,-0.438113,-0.730752,0.523479,0.342722,0.402576,0.848824,0.018351,0.003328,0.020626,0.263108,0.619354,-0.040213,-1.91778,-0.113946,0.010918,0.323152,0.855438,-0.247719,0.454811,-0.119394,0.760029,0.638776,-0.504971,-0.600416,0.619974,0.000719,-0.004028,-0.003695,-0.002155,0.015397,-0.024263,0.079167,0.037053,0.023399,-0.019972,-0.839694,0.202274,0.503982,0.168491,-0.785205,0.59587,0.516259,0.585266,0.625251,0.000306,-0.001698,-0.001558,-6.6e-05,-0.000143,-0.000148,-0.064951,0.074999,0.022571,-0.056728,-0.911315,0.4068,0.063381,-0.337019,-0.825524,0.452689,0.236476,0.391182,0.889412,0.016448,0.005366,0.004797,0.384265,0.936508,0.408137,-0.828066
956,0.076405,-0.003384,0.369274,-0.800021,0.592477,0.094771,-0.463758,-0.710729,0.528927,0.381728,0.378461,0.843254,0.017876,0.009579,0.008129,-1.328649,2.987697,0.163986,-1.917105,-0.113894,0.010815,0.322957,0.85523,-0.247581,0.455276,-0.119688,0.76022,0.638494,-0.505254,-0.600231,0.619923,0.00091,-0.005092,-0.004678,-0.002156,0.015401,-0.02426,0.07613,0.037079,0.023348,-0.020069,-0.839463,0.202115,0.504431,0.168782,-0.785374,0.595566,0.51654,0.585095,0.62518,0.000421,-0.00234,-0.002152,-8.9e-05,-7.8e-05,-8.2e-05,-0.067237,0.075396,0.022822,-0.05653,-0.887478,0.452118,0.089271,-0.36682,-0.810285,0.457033,0.278968,0.372861,0.884957,0.008896,0.004706,0.003989,-1.333543,2.985116,0.175242,-0.830025
957,0.076776,-0.003138,0.369349,-0.789393,0.605456,0.101624,-0.471638,-0.703962,0.531006,0.394021,0.370486,0.841139,0.01741,0.00831,0.007091,-0.01142,0.101742,-0.093837,-1.917252,-0.113884,0.010767,0.322845,0.855195,-0.247574,0.455346,-0.119671,0.760308,0.638392,-0.505317,-0.600122,0.619977,0.000877,-0.004908,-0.004513,-0.002157,0.015404,-0.024258,0.071926,0.037084,0.023323,-0.020126,-0.839425,0.202104,0.504498,0.168764,-0.785457,0.595461,0.516607,0.584987,0.625225,0.000395,-0.002189,-0.002012,-6.5e-05,-7.3e-05,-6.8e-05,-0.070339,0.075575,0.022942,-0.056495,-0.879093,0.466435,0.098139,-0.375687,-0.804758,0.459589,0.293347,0.367153,0.882692,0.008732,0.004288,0.003648,-0.026503,0.183095,-0.028125,-0.830515
958,0.077313,-0.002624,0.369406,-0.770468,0.627397,0.113124,-0.484851,-0.691808,0.535063,0.414914,0.356617,0.837077,0.016877,0.014321,-0.005527,0.030577,0.043416,-0.106503,-1.917017,-0.113868,0.010692,0.322626,0.855035,-0.247488,0.455693,-0.119803,0.760539,0.638092,-0.505557,-0.599865,0.620029,0.000737,-0.004123,-0.003798,-0.002158,0.015411,-0.024253,0.061074,0.037092,0.023283,-0.020238,-0.839248,0.202003,0.504833,0.168892,-0.785669,0.595145,0.516854,0.584737,0.625255,0.000299,-0.001646,-0.001516,-5e-05,-5.7e-05,-3.4e-05,-0.08128,0.075845,0.023201,-0.056459,-0.864473,0.490055,0.111944,-0.390722,-0.795175,0.463715,0.31626,0.35713,0.878883,0.001566,0.008312,-0.002079,0.039036,-0.029912,0.01472,-0.833128
959,0.077533,-0.002067,0.369007,-0.771298,0.626394,0.113025,-0.483255,-0.691775,0.536547,0.415236,0.358435,0.83614,0.000814,0.009811,-0.009556,-0.215337,-0.256679,-0.097516,-1.917524,-0.113839,0.01066,0.322443,0.854752,-0.253096,0.453137,-0.113439,0.760669,0.639099,-0.507505,-0.597349,0.620868,0.000596,-0.003331,-0.003072,-0.002159,0.015418,-0.024249,0.042392,0.037107,0.023267,-0.020329,-0.83923,0.207737,0.502531,0.162575,-0.786027,0.59643,0.518904,0.582242,0.625885,0.000254,-0.001402,-0.001295,0.000118,0.000422,-0.000772,-0.102998,0.075961,0.023477,-0.056647,-0.864554,0.489743,0.112674,-0.389987,-0.795251,0.464203,0.316944,0.357388,0.878532,0.000237,0.004409,-0.005177,-0.468965,-0.52698,0.079679,-0.838353
960,0.077585,-0.00146,0.368202,-0.765602,0.630765,0.126632,-0.479426,-0.690547,0.541543,0.429982,0.353107,0.830938,0.001005,0.025241,-0.031975,0.057319,0.103697,-0.185706,-1.917567,-0.113738,0.010634,0.322338,0.854745,-0.253137,0.453127,-0.113342,0.760737,0.639035,-0.507538,-0.597245,0.62094,0.000276,-0.001542,-0.001423,-0.0,0.0,0.0,0.035705,0.037158,0.023251,-0.020385,-0.839213,0.207765,0.502548,0.162502,-0.786099,0.596356,0.518954,0.582135,0.625943,0.000158,-0.000868,-0.000804,-6.7e-05,-6e-05,-7.2e-05,-0.11851,0.075987,0.023781,-0.05705,-0.86095,0.492882,0.125823,-0.385571,-0.793638,0.470609,0.331812,0.356657,0.873324,0.006709,0.005857,-0.01246,-0.066292,0.141824,-0.045772,-0.837536
961,0.077629,-0.001105,0.367653,-0.761394,0.634848,0.1315,-0.480771,-0.688885,0.542466,0.435918,0.349016,0.829573,-0.000495,0.013433,-0.024009,0.068114,-0.02326,0.005814,-1.917912,-0.113702,0.010609,0.322297,0.853659,-0.260808,0.450817,-0.106962,0.759169,0.641993,-0.510746,-0.595928,0.619573,0.014005,0.000532,-0.00138,-0.010509,-0.003031,0.038214,0.033665,0.037176,0.023239,-0.020404,-0.838387,0.215735,0.500564,0.156258,-0.784671,0.599894,0.522196,0.581161,0.624149,0.007,0.000289,-0.000675,0.017922,-0.014918,0.02638,-0.123082,0.076008,0.023965,-0.057338,-0.857703,0.497104,0.131269,-0.38709,-0.792385,0.471472,0.338386,0.35357,0.872056,-0.000315,0.006485,-0.012187,0.073936,-0.033123,0.007796,-0.834597
962,0.077703,-0.000473,0.366662,-0.756308,0.639036,0.14027,-0.480069,-0.68764,0.544662,0.445454,0.343795,0.826682,0.013671,0.012516,-0.024271,0.030219,0.00439,0.031313,-1.918076,-0.113599,0.010565,0.322257,0.85372,-0.260881,0.45066,-0.106831,0.759117,0.642076,-0.510672,-0.595962,0.619602,0.0001,-0.000556,-0.000513,-2e-06,2e-06,2e-06,0.0255,0.037228,0.023216,-0.020425,-0.838496,0.21567,0.500409,0.156074,-0.784808,0.599762,0.522076,0.581,0.624399,6.2e-05,-0.000332,-0.000308,0.000609,-0.000611,-0.000572,-0.131573,0.076037,0.024262,-0.057823,-0.853774,0.501352,0.14041,-0.386703,-0.791213,0.473753,0.348611,0.350181,0.869392,6.2e-05,0.00758,-0.011313,-0.417344,0.658248,-0.354607,-0.834107
963,0.077889,-7.3e-05,0.365985,-0.748782,0.646762,0.145154,-0.483396,-0.682573,0.548082,0.454487,0.339419,0.823568,-0.000402,0.006267,-0.012358,0.017991,-0.02004,-0.017154,-1.918205,-0.11353,0.010535,0.322234,0.853671,-0.260849,0.45077,-0.106936,0.759121,0.642054,-0.510731,-0.595971,0.619544,6.7e-05,-0.00037,-0.000342,-0.0,0.0,0.0,0.020239,0.037262,0.023202,-0.020436,-0.838446,0.215619,0.500515,0.156186,-0.784811,0.599729,0.522123,0.581015,0.624345,0.006881,0.000958,-5.4e-05,0.001906,-0.015391,0.029081,-0.141044,0.076135,0.02447,-0.058175,-0.847772,0.509821,0.146159,-0.390875,-0.78688,0.477531,0.358465,0.347708,0.866372,0.006683,0.002076,-0.006793,0.042256,-0.048631,0.029851,-0.834597
