frame,MLTx,MLTy,MLTz,MLTR1,MLTR2,MLTR3,MLTR4,MLTR5,MLTR6,MLTR7,MLTR8,MLTR9,MLTTVx,MLTTVy,MLTTVz,MLTRVx,MLTRVy,MLTRVz,MLGA,MRTx,MRTy,MRTz,MRTR1,MRTR2,MRTR3,MRTR4,MRTR5,MRTR6,MRTR7,MRTR8,MRTR9,MRTTVx,MRTTVy,MRTTVz,MRTRVx,MRTRVy,MRTRVz,MRGA,SLTx,SLTy,SLTz,SLTR1,SLTR2,SLTR3,SLTR4,SLTR5,SLTR6,SLTR7,SLTR8,SLTR9,SLTTVx,SLTTVy,SLTTVz,SLTRVx,SLTRVy,SLTRVz,SLGA,SRTx,SRTy,SRTz,SRTR1,SRTR2,SRTR3,SRTR4,SRTR5,SRTR6,SRTR7,SRTR8,SRTR9,SRTTVx,SRTTVy,SRTTVz,SRTRVx,SRTRVy,SRTRVz,SRGA
373,0.12391,-0.008374,0.371209,-0.462462,-0.550523,-0.695053,0.378452,-0.831473,0.406691,-0.801236,-0.074287,0.593742,0.013449,-0.019122,0.01952,3.60596,-2.490688,-3.406885,-1.468108,-0.132483,0.0321,0.329088,0.219709,0.464465,0.8579,-0.937415,0.343903,0.054018,-0.270197,-0.816644,0.509852,0.012441,0.005736,0.00318,0.057982,-0.253485,0.103842,0.013058,0.052714,0.038745,-0.012747,-0.263631,-0.481243,0.836004,0.889758,-0.456075,0.018044,0.372597,0.748599,0.548425,0.006162,0.003295,0.001914,0.048271,-0.241067,0.144462,-0.202278,0.076634,0.020356,-0.057367,-0.364513,-0.579677,-0.728768,0.504871,-0.780629,0.368403,-0.782453,-0.233646,0.577213,0.006949,-0.00422,0.005296,-0.286299,-0.378974,-0.133597,-0.916242
374,0.124535,-0.008791,0.371732,-0.442666,-0.561965,-0.698775,0.393822,-0.821937,0.411456,-0.805022,-0.092363,0.586033,0.014248,-0.0067,0.011884,-0.033679,-0.109757,0.211964,-1.473794,-0.131828,0.032163,0.329381,0.214896,0.483908,0.848319,-0.943897,0.325793,0.0534,-0.250783,-0.812793,0.525679,0.012289,0.006798,0.004012,0.109392,-0.475388,0.225102,0.069585,0.053041,0.038777,-0.0126,-0.261275,-0.50013,0.825593,0.898368,-0.438854,0.018456,0.353084,0.746509,0.563963,0.013429,-0.001768,0.005548,0.07336,-0.394636,0.019471,-0.128798,0.076946,0.020138,-0.057105,-0.338491,-0.589928,-0.733081,0.522613,-0.765724,0.374887,-0.782495,-0.256222,0.567495,0.007066,-0.003631,0.005729,-0.009272,0.034381,0.027485,-0.916896
375,0.125185,-0.009047,0.372085,-0.420328,-0.575709,-0.701376,0.420109,-0.808601,0.411879,-0.803733,-0.12082,0.582617,0.027516,-0.010114,0.009283,1.130246,-0.710701,-0.898704,-1.479424,-0.131261,0.032061,0.329717,0.203131,0.508925,0.836496,-0.952401,0.300878,0.04836,-0.227304,-0.807127,0.544741,0.014181,-0.007308,0.009506,-1.265429,-0.665279,-0.815624,0.104665,0.053324,0.038736,-0.01243,-0.253727,-0.525083,0.812348,0.908962,-0.416621,0.014609,0.33077,0.742101,0.582989,0.007067,-0.003534,0.004874,-4.482056,-0.824386,-3.147163,-0.069849,0.077266,0.020015,-0.056925,-0.315699,-0.598926,-0.735949,0.545106,-0.74933,0.375983,-0.776655,-0.282473,0.56304,0.00657,-0.009896,0.009333,3.808204,-2.345087,-3.049612,-0.907425
376,0.125581,-0.009314,0.372302,-0.407885,-0.582144,-0.703408,0.4323,-0.801706,0.412743,-0.803695,-0.135013,0.579546,0.026772,-0.022447,0.016994,-0.046985,-0.130727,0.16529,-1.482593,-0.13097,0.032034,0.32984,0.199471,0.5251,0.827328,-0.955503,0.291319,0.045614,-0.217292,-0.800259,0.558778,0.012579,0.004533,0.002208,0.225729,-0.714514,-0.186345,0.117485,0.053465,0.038719,-0.012371,-0.251742,-0.540133,0.803044,0.913824,-0.405885,0.013468,0.318669,0.737233,0.595765,0.006346,0.001778,0.000701,0.295558,-0.978758,-0.175295,-0.048785,0.07746,0.019893,-0.056821,-0.301083,-0.603701,-0.738168,0.557092,-0.739611,0.377654,-0.773948,-0.297523,0.559002,0.013599,-0.005902,0.004004,0.322008,-0.316425,-0.073612,-0.897464
377,0.12639,-0.009917,0.372787,-0.383816,-0.593082,-0.707802,0.450998,-0.789261,0.416703,-0.805302,-0.158548,0.571295,0.027257,-0.011605,0.008158,0.287523,-0.271652,-0.265272,-1.485115,-0.130391,0.031923,0.330093,0.188036,0.554949,0.810349,-0.964063,0.261781,0.044571,-0.187614,-0.790291,0.583185,0.014211,-0.007459,0.009383,-4.391594,-0.715599,-3.053936,0.14245,0.053759,0.038665,-0.012244,-0.246592,-0.570936,0.783086,0.923769,-0.382765,0.011824,0.292987,0.726307,0.6218,0.007073,-0.003512,0.004855,0.065953,-0.429078,0.188036,-0.010085,0.077869,0.01958,-0.056574,-0.275695,-0.610016,-0.742881,0.573001,-0.724806,0.382524,-0.77179,-0.320212,0.549365,0.006651,-0.010029,0.009396,1.101521,-0.722255,-0.950848,-0.902689
378,0.127133,-0.010664,0.373406,-0.357015,-0.607167,-0.709883,0.479904,-0.771216,0.418197,-0.800945,-0.190624,0.567607,0.026994,-0.021609,0.017623,0.154613,-0.429305,-0.327105,-1.486775,-0.129836,0.031765,0.330386,0.181184,0.583904,0.791341,-0.968628,0.244943,0.041185,-0.169992,-0.774696,0.608943,0.012744,0.003289,0.001213,0.285504,-0.867859,-0.087544,0.168938,0.054032,0.038586,-0.012097,-0.240919,-0.598689,0.76389,0.932481,-0.361047,0.011123,0.269141,0.714993,0.645249,0.007113,-0.003787,0.004635,0.061457,-0.48733,0.389777,0.025022,0.078235,0.019217,-0.056276,-0.249005,-0.619069,-0.744814,0.598185,-0.703125,0.384434,-0.761689,-0.349811,0.545399,0.006477,-0.01053,0.008841,3.584892,-2.78045,-3.144746,-0.895668
379,0.127515,-0.01105,0.373726,-0.350104,-0.610106,-0.710804,0.487522,-0.766629,0.417821,-0.799402,-0.199499,0.56673,0.026923,-0.022088,0.017267,3.857444,-2.313545,-3.110009,-1.490417,-0.129565,0.031663,0.330528,0.174988,0.595556,0.784017,-0.971947,0.231405,0.041299,-0.157029,-0.769983,0.618329,0.012731,0.003391,0.001291,0.102474,-0.432504,0.211975,0.172903,0.054167,0.038534,-0.012027,-0.235459,-0.612609,0.754498,0.937526,-0.347762,0.010214,0.256129,0.709768,0.656221,0.007117,-0.003783,0.004639,-0.041183,-0.454873,0.119154,0.039229,0.078426,0.019025,-0.056115,-0.24335,-0.619829,-0.74605,0.601787,-0.699712,0.385037,-0.760678,-0.355265,0.54328,0.013678,-0.005595,0.004228,-0.02462,-0.000246,0.048931,-0.896484
380,0.128147,-0.011564,0.374316,-0.33366,-0.616678,-0.713039,0.502452,-0.756321,0.418919,-0.797209,-0.21773,0.563098,0.013792,-0.017777,0.020552,-0.031908,-0.091254,0.14798,-1.492995,-0.129092,0.031533,0.330726,0.160566,0.620479,0.767604,-0.978028,0.204558,0.03938,-0.132767,-0.757826,0.638698,0.012879,0.002333,0.000452,0.196587,-0.611407,0.093032,0.184372,0.054409,0.038468,-0.011923,-0.225003,-0.637225,0.7371,0.946688,-0.321974,0.010632,0.230552,0.700197,0.675698,0.006437,0.001155,0.000206,0.259811,-0.736037,0.011744,0.051802,0.078757,0.018749,-0.055809,-0.222276,-0.624795,-0.74848,0.618692,-0.683708,0.386993,-0.753533,-0.37706,0.538528,0.006912,-0.008772,0.010363,-0.026754,-0.081224,0.154071,-0.890606
381,0.128595,-0.011848,0.374889,-0.320639,-0.621478,-0.714844,0.513245,-0.748284,0.420264,-0.795691,-0.23137,0.559795,0.000971,-0.00314,0.014588,-0.03387,-0.003705,0.004272,-1.495079,-0.128486,0.031306,0.330873,0.151551,0.642515,0.751132,-0.981292,0.188838,0.03661,-0.11849,-0.743421,0.65814,0.013218,-1.8e-05,-0.001411,0.329753,-0.880166,-0.097805,0.210879,0.054712,0.038356,-0.011848,-0.219599,-0.657943,0.720338,0.951704,-0.306856,0.009856,0.214556,0.687713,0.693552,0.007445,-0.006028,0.002865,0.075778,-0.407377,0.208034,0.08495,0.07898,0.018606,-0.055529,-0.208563,-0.627254,-0.750369,0.627936,-0.674095,0.388961,-0.749797,-0.390061,0.534466,0.007301,-0.002368,0.006664,-0.015157,0.008422,0.011489,-0.885544
382,0.128911,-0.01206,0.375542,-0.31012,-0.625009,-0.716404,0.524432,-0.740994,0.419369,-0.792574,-0.244879,0.558469,0.001062,-0.002611,0.01497,-0.033664,0.001057,0.007453,-1.501161,-0.127945,0.030912,0.331123,0.140505,0.661295,0.736844,-0.984575,0.171424,0.034052,-0.103951,-0.73108,0.674225,0.014575,-0.009674,0.007633,-0.203445,-0.591901,-0.24192,0.21211,0.054988,0.038154,-0.011728,-0.210645,-0.678788,0.703473,0.957017,-0.289952,0.006787,0.199367,0.674665,0.710688,0.007275,-0.00479,0.00384,-0.203768,-0.59866,-0.246629,0.100626,0.079139,0.018503,-0.055201,-0.197777,-0.628922,-0.751891,0.637811,-0.66503,0.388498,-0.744365,-0.402729,0.532662,0.007172,-0.007326,0.011437,-0.066946,0.001064,0.019999,-0.890116
383,0.129032,-0.012192,0.375887,-0.300611,-0.625424,-0.720086,0.531201,-0.736849,0.418152,-0.791742,-0.256038,0.554632,0.014455,-0.014088,0.023284,-0.089831,-0.271234,-0.156206,-1.507401,-0.127648,0.0307,0.331301,0.134384,0.670376,0.729746,-0.986153,0.162408,0.032564,-0.096836,-0.724845,0.681972,0.014546,-0.009408,0.007844,0.073674,-0.454045,0.149679,0.208021,0.055136,0.038049,-0.011638,-0.205447,-0.688533,0.695495,0.959719,-0.280905,0.005405,0.191646,0.668591,0.71851,0.007263,-0.004673,0.003937,0.045953,-0.404412,0.179313,0.100136,0.0792,0.018436,-0.055022,-0.188831,-0.627548,-0.755331,0.643862,-0.659886,0.387286,-0.741474,-0.413197,0.528662,0.007224,-0.007029,0.011656,-0.136283,-0.326555,-0.183063,-0.891586
384,0.129267,-0.012527,0.376601,-0.290023,-0.627084,-0.722978,0.542192,-0.730172,0.41575,-0.788247,-0.270642,0.552672,0.01446,-0.005506,0.012733,1.170781,-0.774253,-0.72456,-1.517673,-0.127074,0.030211,0.331711,0.119333,0.689631,0.714255,-0.989272,0.143325,0.027057,-0.083841,-0.710674,0.698409,0.016136,-0.020565,0.015723,0.099501,-0.708875,-0.127182,0.199656,0.055417,0.037812,-0.011438,-0.193683,-0.70709,0.680081,0.964981,-0.262307,0.002096,0.176908,0.656672,0.733133,0.00725,-0.00455,0.004031,-0.122753,-0.731257,-0.364775,0.092135,0.079312,0.018274,-0.054668,-0.178729,-0.62706,-0.758188,0.652409,-0.652356,0.385738,-0.73649,-0.425707,0.525695,0.000278,-0.006407,0.011948,3.918025,-2.282431,-3.072124,-0.896158
385,0.129578,-0.012968,0.377362,-0.286721,-0.626151,-0.725101,0.544583,-0.72922,0.414294,-0.787811,-0.275318,0.550981,0.014421,-0.005717,0.012572,-0.034521,-0.001069,0.011534,-1.524914,-0.126472,0.029604,0.332215,0.107723,0.705302,0.700668,-0.991343,0.129074,0.022648,-0.07458,-0.697915,0.71219,0.015925,-0.018934,0.017029,0.258468,-0.722285,-0.241797,0.18083,0.055725,0.037498,-0.011183,-0.184482,-0.723228,0.665511,0.968698,-0.248237,-0.00124,0.166101,0.644451,0.746385,0.007951,-0.009458,0.008511,0.223173,-0.662646,-0.206174,0.078255,0.079468,0.018053,-0.054288,-0.174525,-0.625703,-0.760287,0.655699,-0.649884,0.384327,-0.734573,-0.431445,0.523694,0.000329,-0.006642,0.011981,-0.071406,0.016251,-0.0091,-0.889463
386,0.129729,-0.013116,0.37772,-0.283231,-0.625441,-0.727083,0.548075,-0.727684,0.412385,-0.786656,-0.280924,0.549801,0.001138,-0.002125,0.015305,-0.034534,0.00154,0.008116,-1.529046,-0.126109,0.029353,0.33247,0.101056,0.711496,0.695379,-0.992567,0.119367,0.022277,-0.067264,-0.693343,0.717366,0.01592,-0.01881,0.017134,-0.061252,-0.378525,0.103501,0.170389,0.0559,0.037381,-0.011061,-0.177594,-0.731299,0.65853,0.971153,-0.238435,-0.00288,0.159123,0.639022,0.752548,0.007103,-0.003441,0.004915,-0.302725,-0.263109,-0.284299,0.064539,0.079548,0.017974,-0.054113,-0.171199,-0.624306,-0.762188,0.658891,-0.647708,0.382539,-0.732497,-0.436709,0.522237,0.000545,-0.001141,0.007595,-0.036306,0.003386,0.007474,-0.887013
387,0.12997,-0.013294,0.378423,-0.272646,-0.627063,-0.729727,0.559267,-0.720447,0.410059,-0.782522,-0.295537,0.548037,0.001378,-0.000745,0.016304,3.998921,-2.265728,-3.019027,-1.53242,-0.125343,0.028916,0.333164,0.09361,0.723863,0.683558,-0.993652,0.110562,0.019163,-0.061803,-0.681909,0.728728,0.01501,-0.012599,0.02205,0.052271,-0.31951,0.042919,0.166706,0.056274,0.037157,-0.01073,-0.171981,-0.743346,0.646419,0.973269,-0.22961,-0.005099,0.152214,0.628263,0.762964,0.007487,-0.006252,0.011052,0.107657,-0.415138,-0.020592,0.048699,0.079668,0.017884,-0.053756,-0.161671,-0.623684,-0.764773,0.667608,-0.639837,0.380666,-0.726746,-0.449027,0.51982,0.000622,-0.000166,0.008088,3.989266,-2.266512,-3.030966,-0.891422
388,0.130279,-0.013426,0.379131,-0.263405,-0.628422,-0.731949,0.565084,-0.715451,0.410829,-0.781519,-0.304623,0.544481,0.001556,0.000305,0.017052,-0.17681,-0.329488,0.08103,-1.535694,-0.124671,0.028507,0.334077,0.075363,0.736296,0.672443,-0.995947,0.088299,0.015106,-0.04833,-0.671768,0.739091,0.027395,-0.006667,0.025297,-3.676503,-0.399916,-3.963999,0.166211,0.056626,0.036944,-0.010256,-0.156803,-0.757495,0.633729,0.977788,-0.209426,-0.008393,0.139077,0.618337,0.773509,0.013679,-0.003166,0.012767,-3.710732,-0.344058,-3.932608,0.04576,0.079822,0.017818,-0.053408,-0.152006,-0.623991,-0.766504,0.673936,-0.632711,0.381425,-0.722982,-0.458596,0.516707,0.007621,-0.00041,0.008062,-0.293153,-0.417763,-0.132167,-0.890279
389,0.130584,-0.013568,0.379934,-0.256516,-0.630128,-0.732928,0.571664,-0.710353,0.410572,-0.779031,-0.312893,0.543356,0.001452,-0.008844,0.027174,-0.069103,0.002983,0.016184,-1.540621,-0.123872,0.028229,0.335264,0.059768,0.749336,0.659481,-0.997369,0.071427,0.009406,-0.040113,-0.659237,0.750774,0.013223,-0.001037,0.031086,0.050405,-0.385218,0.035265,0.164732,0.057022,0.036801,-0.009678,-0.141811,-0.771576,0.620129,0.981537,-0.190829,-0.012976,0.12835,0.60684,0.784392,0.013963,-0.005568,0.019204,-0.040307,-0.407405,-0.079789,0.043801,0.079975,0.017751,-0.05301,-0.144016,-0.624211,-0.767866,0.67927,-0.626631,0.382,-0.719618,-0.466575,0.514253,0.007539,-0.000813,0.007753,-0.03245,-0.009897,0.039692,-0.897954
390,0.130711,-0.013652,0.3803,-0.249346,-0.632354,-0.733485,0.579138,-0.704409,0.410339,-0.775842,-0.321693,0.54278,0.015035,-0.001967,0.015252,-0.023705,-0.018715,0.030364,-1.542198,-0.123446,0.028206,0.335936,0.051327,0.754338,0.65447,-0.998093,0.060586,0.00862,-0.033196,-0.654599,0.755156,0.025728,0.003779,0.033381,-0.03133,-0.121552,0.047356,0.163987,0.05723,0.036789,-0.009342,-0.133867,-0.777646,0.614285,0.983571,-0.180008,-0.013537,0.121103,0.602381,0.788967,0.01286,0.001797,0.01661,-0.06888,-0.145303,0.219852,0.042984,0.080034,0.01771,-0.05282,-0.136579,-0.625214,-0.768409,0.685642,-0.619525,0.382207,-0.71501,-0.474652,0.513287,0.000691,-0.00027,0.008204,-0.001355,-0.01545,-0.014503,-0.892402
391,0.13095,-0.013878,0.381053,-0.246639,-0.629324,-0.736997,0.581307,-0.704553,0.407012,-0.775088,-0.32726,0.540524,0.014768,-0.003455,0.014157,0.791632,-1.45031,2.247813,-1.548324,-0.12258,0.028252,0.337346,0.037714,0.763363,0.644861,-0.998975,0.044059,0.006446,-0.02352,-0.64539,0.763402,0.025433,0.005185,0.034347,0.011729,-0.190659,0.002985,0.165207,0.057671,0.03682,-0.008619,-0.121878,-0.787382,0.604296,0.986401,-0.163718,-0.014376,0.110254,0.594327,0.796629,0.012678,0.002706,0.01725,-0.002707,-0.166522,0.017319,0.043148,0.080154,0.017598,-0.052442,-0.133887,-0.623796,-0.770033,0.687504,-0.618095,0.381175,-0.71373,-0.478367,0.511618,0.000399,-0.006245,0.012255,-0.063913,-0.066378,0.171905,-0.88881
392,0.131184,-0.014112,0.381637,-0.249635,-0.628044,-0.737081,0.580568,-0.706268,0.40509,-0.77468,-0.326026,0.541854,0.000622,-0.005004,0.01315,-0.033022,0.01762,-0.016336,-1.554348,-0.121729,0.028316,0.338655,0.030263,0.766513,0.641509,-0.999401,0.032543,0.008441,-0.014426,-0.642331,0.766203,0.025787,0.00254,0.032198,-0.055953,-0.061548,0.057171,0.165128,0.058086,0.036858,-0.007971,-0.114853,-0.791173,0.60071,0.988242,-0.152434,-0.011818,0.100919,0.592291,0.799378,0.012006,0.00711,0.012303,-0.03591,-0.042771,0.092548,0.043474,0.080277,0.017482,-0.052143,-0.137792,-0.620833,-0.771737,0.687412,-0.620901,0.376755,-0.713075,-0.478589,0.512323,0.000286,-0.00259,0.00651,-0.046641,0.000372,-0.022719,-0.890606
393,0.131257,-0.014184,0.381848,-0.249716,-0.627981,-0.737107,0.58012,-0.70651,0.40531,-0.774989,-0.325623,0.541654,0.000397,-0.006312,0.012205,-0.035517,0.013367,-0.018151,-1.555993,-0.121285,0.028424,0.339245,0.026802,0.767132,0.640923,-0.99956,0.026746,0.009966,-0.009512,-0.641859,0.766675,0.025791,0.002296,0.031959,-0.07288,-0.047416,0.056664,0.165291,0.058317,0.036913,-0.007664,-0.111677,-0.792028,0.600182,0.989113,-0.146831,-0.00972,0.095824,0.592563,0.799803,0.012883,0.001113,0.015939,-0.074644,-0.04174,0.060984,0.043311,0.080313,0.017449,-0.052042,-0.137759,-0.620734,-0.771822,0.686951,-0.621248,0.377025,-0.713526,-0.478266,0.511997,0.000234,-0.002906,0.006281,-0.038193,0.010601,-0.019001,-0.88832
394,0.13146,-0.014212,0.382064,-0.246317,-0.628449,-0.737852,0.583649,-0.703963,0.404674,-0.77343,-0.330193,0.541115,0.000536,0.003133,0.002259,0.008011,-0.093192,0.207613,-1.565096,-0.120343,0.028722,0.340316,0.025457,0.769227,0.638462,-0.999638,0.02099,0.014749,-0.00207,-0.63956,0.76865,0.024314,0.011813,0.022634,-0.028365,-0.054516,0.087379,0.169752,0.058779,0.03706,-0.007135,-0.11066,-0.794098,0.597629,0.989938,-0.14142,-0.004609,0.088177,0.591106,0.801758,0.012153,0.00583,0.011245,-0.023791,-0.050675,0.086352,0.04674,0.080414,0.017428,-0.051932,-0.134238,-0.620732,-0.772444,0.689996,-0.618037,0.376741,-0.711254,-0.482412,0.511267,2.8e-05,-0.004122,0.005404,-0.03596,0.013491,-0.017853,-0.890442
395,0.131586,-0.014185,0.382158,-0.242958,-0.628634,-0.738807,0.587368,-0.701464,0.403631,-0.77168,-0.33511,0.540591,0.01399,0.000738,0.000404,0.008251,-0.096229,0.210707,-1.580283,-0.119405,0.029045,0.34123,0.017038,0.771777,0.635659,-0.999804,0.00958,0.015346,0.00575,-0.636753,0.770959,0.024433,0.010634,0.021655,-0.137249,0.04852,-0.196274,0.168059,0.059248,0.03722,-0.006679,-0.10286,-0.797518,0.59446,0.991449,-0.130445,-0.003451,0.080297,0.589022,0.804116,0.012232,0.005146,0.010683,-0.352719,-0.055495,-0.294802,0.047556,0.080472,0.017442,-0.051885,-0.130879,-0.620314,-0.773356,0.693253,-0.614901,0.375894,-0.70871,-0.486935,0.510513,0.000204,0.001201,0.000864,0.002121,-0.011618,0.026581,-0.895015
396,0.1317,-0.014216,0.382311,-0.239631,-0.628807,-0.739746,0.590916,-0.699018,0.402696,-0.770014,-0.339853,0.540004,0.000392,0.002301,0.001656,0.007007,-0.081302,0.18138,-1.581245,-0.118641,0.029388,0.3421,0.013501,0.779645,0.626069,-0.99982,0.00408,0.016664,0.010438,-0.627149,0.778742,0.01137,0.009413,0.022035,0.055761,-0.183603,-0.04012,0.167789,0.05964,0.037392,-0.006238,-0.100323,-0.805225,0.58442,0.99216,-0.124956,-0.001852,0.074518,0.579653,0.811448,0.005666,0.004734,0.011023,0.059464,-0.185236,-0.042483,0.046903,0.080533,0.017425,-0.05181,-0.127575,-0.619866,-0.774267,0.69635,-0.611869,0.375116,-0.706271,-0.491306,0.509703,0.00012,-0.003606,0.005776,-0.03586,0.013564,-0.017762,-0.893382
397,0.13175,-0.014262,0.382465,-0.236066,-0.629818,-0.740032,0.594643,-0.695943,0.402536,-0.76825,-0.344252,0.539731,0.0003,-0.006876,0.011794,-0.035562,0.013241,-0.018208,-1.580256,-0.11834,0.029558,0.342572,0.008601,0.784257,0.620368,-0.999831,-0.001851,0.016387,0.014007,-0.621378,0.783298,0.012851,-0.000562,0.03087,-0.970061,-0.269132,-1.402801,0.166976,0.059786,0.037476,-0.006015,-0.097616,-0.809711,0.578651,0.99266,-0.120914,-0.001739,0.071375,0.574235,0.815572,0.005554,0.005476,0.011538,-3.267053,-0.521231,-4.291775,0.04625,0.080558,0.017404,-0.051737,-0.123937,-0.620133,-0.774644,0.699523,-0.608287,0.375039,-0.70378,-0.4954,0.509186,0.007133,0.001204,0.000803,0.007727,-0.095527,0.211519,-0.891422
398,0.131817,-0.014411,0.382822,-0.232709,-0.630345,-0.740646,0.597794,-0.693407,0.402244,-0.766831,-0.34837,0.539106,0.000387,0.002273,0.001632,0.110516,-0.060021,-0.080443,-1.578856,-0.118082,0.029946,0.343522,0.004496,0.789206,0.614105,-0.999792,-0.007474,0.017112,0.018106,-0.615034,0.788206,-0.002038,0.010423,0.024003,-0.023205,-0.038564,0.018597,0.164242,0.059921,0.037665,-0.005538,-0.092449,-0.815302,0.571606,0.993549,-0.113392,-0.001044,0.065667,0.567823,0.820526,-0.000234,-4e-05,0.016244,-0.078269,-0.012524,0.038791,0.042984,0.080592,0.017329,-0.051553,-0.12063,-0.620061,-0.775223,0.702096,-0.605369,0.374952,-0.701789,-0.499051,0.508368,0.000106,-0.00367,0.00573,0.335373,-0.189647,-0.289707,-0.880318
399,0.131864,-0.014667,0.383202,-0.233248,-0.629031,-0.741593,0.596563,-0.694812,0.401646,-0.767625,-0.347947,0.538248,0.000264,-0.007092,0.011642,-0.03557,0.013188,-0.018231,-1.578637,-0.118138,0.030256,0.344518,-0.002516,0.793643,0.608372,-0.999543,-0.019548,0.021556,0.02902,-0.609025,0.792534,-0.001936,0.009845,0.023461,-0.031967,-0.023906,0.028479,0.164513,0.059892,0.037824,-0.005038,-0.086236,-0.820063,0.565737,0.994811,-0.101641,0.004306,0.053971,0.563174,0.824573,-0.001026,0.005172,0.011915,-0.031711,-0.013756,0.030319,0.042004,0.080616,0.017202,-0.051369,-0.121294,-0.618807,-0.776121,0.701222,-0.606823,0.374236,-0.702548,-0.498841,0.507525,0.000169,-0.0033,0.005998,-0.027766,-0.079161,0.189898,-0.878032
400,0.131884,-0.014733,0.383394,-0.233686,-0.626426,-0.743658,0.596209,-0.696486,0.399267,-0.767766,-0.3493,0.53717,0.000736,0.004332,0.003107,0.001031,-0.011709,0.02633,-1.57884,-0.118202,0.030426,0.344974,-0.007144,0.798948,0.601351,-0.999364,-0.026067,0.022952,0.034039,-0.601796,0.797838,-0.014608,0.007209,0.022812,0.048872,-0.555048,-0.141774,0.165894,0.059865,0.037911,-0.004809,-0.083377,-0.824368,0.559879,0.995387,-0.095649,0.007399,0.047453,0.557913,0.82854,-0.000967,0.004807,0.011611,-0.317571,-1.055345,0.158059,0.042494,0.080625,0.017163,-0.051271,-0.122152,-0.616194,-0.778063,0.701151,-0.608421,0.371767,-0.702471,-0.500128,0.506365,0.000182,-0.003212,0.006062,-0.037454,0.016147,-0.022637,-0.877053
401,0.131901,-0.014772,0.383754,-0.230121,-0.627651,-0.743736,0.599657,-0.693367,0.399531,-0.766161,-0.353272,0.536865,0.000654,-0.004793,0.013287,-0.035574,0.01316,-0.018244,-1.579225,-0.118389,0.030713,0.345815,-0.007046,0.80826,0.588776,-0.998944,-0.031905,0.032038,0.044705,-0.588933,0.80686,-0.001459,0.007149,0.021345,0.09089,-0.22818,-0.107652,0.166647,0.059765,0.038058,-0.004379,-0.084056,-0.833932,0.545428,0.995809,-0.090094,0.015714,0.036035,0.544464,0.83801,-0.000728,0.003488,0.010611,0.124022,-0.250394,-0.129535,0.044291,0.080634,0.017147,-0.051094,-0.118426,-0.616819,-0.778144,0.704044,-0.604776,0.372244,-0.700211,-0.503765,0.505889,0.000526,0.003127,0.002238,0.00077,-0.011411,0.026521,-0.882768
402,0.13193,-0.014771,0.384206,-0.226952,-0.626318,-0.745831,0.603054,-0.691707,0.39729,-0.764443,-0.358838,0.535621,0.000999,-0.002756,0.014734,-0.034543,0.001486,0.008085,-1.578851,-0.11845,0.030948,0.346688,-0.018746,0.816975,0.576361,-0.998153,-0.048207,0.036067,0.05729,-0.575636,0.815613,-0.001541,0.007632,0.021613,0.15354,-0.408938,0.00886,0.16658,0.059736,0.038171,-0.003964,-0.073991,-0.842698,0.533276,0.997023,-0.074125,0.021201,0.021663,0.533258,0.845675,-0.000785,0.003803,0.010798,0.323116,-0.66027,-0.142881,0.044454,0.080648,0.017146,-0.050869,-0.115504,-0.614872,-0.780122,0.707138,-0.602454,0.370141,-0.697577,-0.508901,0.504385,0.000593,0.003537,0.002528,-0.000966,0.001564,-0.001782,-0.889626
403,0.131952,-0.014794,0.38449,-0.227121,-0.626029,-0.746022,0.6025,-0.692164,0.397335,-0.764829,-0.358462,0.535321,0.001264,-0.001191,0.015845,-0.034543,0.00149,0.008087,-1.578142,-0.118458,0.031011,0.347155,-0.023331,0.818899,0.573456,-0.997897,-0.053391,0.035843,0.060015,-0.572432,0.817669,-0.001564,0.007761,0.021666,0.038304,-0.218486,0.137007,0.167522,0.059732,0.038202,-0.003719,-0.068846,-0.845788,0.529057,0.997439,-0.068624,0.020088,0.019316,0.529085,0.848347,5e-05,-0.001654,0.014886,-0.019762,-0.099224,-0.051826,0.044617,0.080659,0.017133,-0.050729,-0.115719,-0.614619,-0.780289,0.70666,-0.602996,0.370169,-0.698025,-0.508564,0.504106,0.000633,-0.000546,0.007958,-0.034921,0.001823,0.007963,-0.888483
404,0.132046,-0.014921,0.385138,-0.223811,-0.626701,-0.746458,0.605241,-0.689679,0.39749,-0.763644,-0.362051,0.534597,0.001083,-0.002249,0.015078,-0.034542,0.001493,0.008088,-1.577793,-0.118473,0.030942,0.34825,-0.023602,0.82339,0.566977,-0.997818,-0.054006,0.037095,0.06121,-0.565888,0.822124,0.00024,-0.003917,0.029268,-0.004429,-0.120797,-0.060336,0.168296,0.059724,0.038173,-0.003173,-0.069456,-0.849858,0.522414,0.997434,-0.06826,0.021566,0.017332,0.522571,0.852418,0.00012,-0.002061,0.014563,0.004224,-0.133222,-0.070526,0.045924,0.080707,0.017074,-0.050402,-0.112331,-0.614716,-0.780708,0.708952,-0.600097,0.370499,-0.696253,-0.511866,0.503213,0.000497,-0.00133,0.007396,-0.034585,0.001866,0.008599,-0.888973
405,0.13221,-0.015043,0.385625,-0.222943,-0.627427,-0.746108,0.609034,-0.687259,0.395884,-0.760879,-0.365371,0.536278,0.000544,-0.005431,0.012813,0.099822,-0.003748,-0.080761,-1.577876,-0.118557,0.030688,0.349461,-0.030944,0.829315,0.557916,-0.997265,-0.062751,0.038171,0.066721,-0.55624,0.828256,0.001929,-0.014934,0.037383,0.005727,-0.189917,-0.129916,0.17106,0.059681,0.03805,-0.002571,-0.063171,-0.856032,0.513046,0.997944,-0.059702,0.023262,0.010716,0.513462,0.858045,0.000117,-0.002046,0.014546,0.078944,-0.24568,-0.141204,0.047883,0.080789,0.01702,-0.050159,-0.111913,-0.615306,-0.780303,0.712128,-0.597324,0.368884,-0.693071,-0.514393,0.505025,0.007151,0.001479,0.000955,1.263382,-0.64523,-0.857621,-0.883258
406,0.132368,-0.015101,0.385844,-0.225573,-0.627241,-0.745474,0.609345,-0.687878,0.394327,-0.759851,-0.364527,0.538306,0.000324,0.001929,0.001367,0.063792,0.112141,0.046489,-1.577385,-0.118612,0.030321,0.350637,-0.047413,0.835952,0.546743,-0.99634,-0.078246,0.033445,0.070814,-0.544196,0.835882,0.00078,-0.007013,0.026984,0.026141,-0.170645,-0.091949,0.171103,0.059653,0.037867,-0.001977,-0.047437,-0.864256,0.50081,0.998858,-0.043855,0.01893,0.005603,0.501136,0.86535,0.001292,-0.009488,0.017253,-0.02362,-0.136495,-0.138944,0.049516,0.080869,0.016987,-0.05004,-0.113956,-0.615593,-0.77978,0.712728,-0.597459,0.367504,-0.692121,-0.513893,0.506835,0.006963,0.000313,0.000144,0.082893,0.128371,0.088763,-0.881951
407,0.132465,-0.015082,0.385857,-0.225603,-0.627116,-0.74557,0.609316,-0.687966,0.394219,-0.759865,-0.364577,0.538252,0.014109,0.010343,-0.00948,0.038555,-0.037652,0.074919,-1.578172,-0.118622,0.030095,0.35114,-0.050299,0.838375,0.54276,-0.996307,-0.079674,0.03095,0.069271,-0.540242,0.838573,0.001332,-0.010215,0.024719,-0.008117,-0.114924,-0.05533,0.171589,0.059648,0.037754,-0.001713,-0.044803,-0.866826,0.496592,0.998973,-0.042182,0.016496,0.006648,0.496821,0.867826,0.000698,-0.005406,0.012153,-0.047096,-0.06205,-0.032356,0.049842,0.080911,0.016991,-0.050031,-0.114159,-0.615548,-0.779786,0.712712,-0.597564,0.367365,-0.692103,-0.513826,0.506926,1.6e-05,9.6e-05,6.7e-05,-0.008363,-0.011291,-0.003963,-0.882604
408,0.132602,-0.015,0.385776,-0.225691,-0.626688,-0.745903,0.60944,-0.688155,0.393698,-0.75974,-0.364955,0.538173,0.000266,0.010264,-0.009386,0.035593,-0.013021,0.018306,-1.578667,-0.118791,0.02963,0.351829,-0.052503,0.839417,0.540937,-0.996143,-0.08185,0.030542,0.069995,-0.538292,0.839765,0.001033,-0.007245,0.010858,-0.032873,0.000788,-0.02399,0.181146,0.059562,0.037529,-0.001369,-0.04288,-0.86785,0.49497,0.999064,-0.03996,0.016486,0.005472,0.495214,0.868752,-0.004992,-0.010211,0.009409,-0.084832,0.029632,-0.038351,0.055068,0.080985,0.017032,-0.050072,-0.114218,-0.615052,-0.780169,0.712808,-0.597746,0.366881,-0.691995,-0.514207,0.506688,2.4e-05,0.000143,9.9e-05,-0.000226,-0.000223,-6.6e-05,-0.883258
409,0.132675,-0.014883,0.385758,-0.225779,-0.626317,-0.746188,0.609516,-0.688336,0.393263,-0.759653,-0.36525,0.538096,0.000352,0.002104,0.001489,0.0,0.0,0.0,-1.578705,-0.118807,0.02922,0.352147,-0.054869,0.837873,0.543093,-0.996038,-0.083749,0.028787,0.069688,-0.540404,0.838433,0.001846,-0.012,0.007524,-0.036252,0.006278,-0.020432,0.185098,0.059554,0.037323,-0.001211,-0.040458,-0.866608,0.497345,0.999163,-0.038027,0.015017,0.005899,0.497537,0.867422,0.001005,-0.006521,0.003397,-0.036104,0.006603,-0.018815,0.063396,0.08102,0.017089,-0.050088,-0.114367,-0.614672,-0.780447,0.712931,-0.597886,0.366416,-0.691844,-0.514499,0.506597,0.000246,0.001475,0.001043,0.001013,-0.011549,0.026397,-0.883748
410,0.132692,-0.014841,0.385787,-0.225515,-0.628383,-0.744529,0.609328,-0.687266,0.395419,-0.759882,-0.363714,0.538812,0.000446,0.002666,0.001886,-0.001034,-0.008143,0.020988,-1.578365,-0.11881,0.02905,0.352198,-0.055388,0.837691,0.543321,-0.99598,-0.084419,0.028836,0.070108,-0.540582,0.838284,0.000384,-0.002246,-0.001579,0.0,-0.0,-0.0,0.186119,0.059553,0.037237,-0.001186,-0.039944,-0.8665,0.497575,0.999186,-0.037385,0.015107,0.005511,0.497774,0.867288,0.000292,-0.00174,-0.001223,-0.001516,0.014748,-0.023612,0.064865,0.081029,0.01711,-0.050073,-0.113751,-0.616818,-0.778842,0.712549,-0.596942,0.368691,-0.692339,-0.513025,0.507415,0.00012,0.000727,0.000513,-0.005392,0.008451,-0.013387,-0.883748
411,0.132692,-0.014784,0.385841,-0.225558,-0.628264,-0.744616,0.609281,-0.687363,0.395324,-0.759907,-0.363736,0.538761,0.000204,0.001223,0.000865,0.0,0.0,0.0,-1.577593,-0.118759,0.028798,0.352223,-0.056393,0.837306,0.543811,-0.995884,-0.085581,0.028708,0.070664,-0.540996,0.83797,0.000462,-0.002699,-0.0019,-0.002023,0.014676,-0.024717,0.179818,0.05958,0.037101,-0.001174,-0.038933,-0.866266,0.498062,0.999229,-0.036245,0.015068,0.004999,0.498265,0.86701,0.000126,-0.000751,-0.000531,0.000389,1.8e-05,0.000704,0.065682,0.08103,0.017143,-0.050044,-0.113836,-0.616636,-0.778973,0.712523,-0.597077,0.368522,-0.692352,-0.513086,0.507336,9.7e-05,0.000588,0.000415,1.9e-05,-5.7e-05,0.000113,-0.884238
412,0.132701,-0.014756,0.38591,-0.225673,-0.627951,-0.744845,0.609128,-0.687631,0.395092,-0.759996,-0.363769,0.538614,0.00014,0.000838,0.000592,0.0,0.0,0.0,-1.577921,-0.118642,0.028717,0.352443,-0.059298,0.839599,0.539953,-0.99588,-0.086627,0.025546,0.068314,-0.537258,0.840565,0.000805,-0.005914,0.011811,-0.012617,-0.032602,-0.045444,0.167249,0.059636,0.037048,-0.001079,-0.036261,-0.868801,0.493831,0.999316,-0.035059,0.011698,0.007149,0.493918,0.869478,0.000335,-0.002585,0.006165,-0.019704,-0.037624,-0.020085,0.053435,0.081034,0.017156,-0.05001,-0.114001,-0.616334,-0.779189,0.712418,-0.597356,0.368273,-0.692433,-0.513125,0.507187,0.006777,-0.005114,0.004626,-0.034618,-0.001701,0.011257,-0.884238
413,0.132708,-0.014729,0.385954,-0.225742,-0.627761,-0.744985,0.609043,-0.68779,0.394946,-0.760043,-0.363798,0.538529,0.000281,0.001681,0.001188,0.001045,-0.011559,0.026379,-1.576717,-0.118357,0.028845,0.352969,-0.066456,0.841815,0.535651,-0.995354,-0.093122,0.023073,0.069404,-0.532677,0.843387,0.012162,0.003906,0.017423,-0.006241,-0.077502,0.033068,0.166612,0.059783,0.03711,-0.000812,-0.029438,-0.871666,0.489215,0.999551,-0.02839,0.009562,0.005554,0.489277,0.87211,0.006025,0.002242,0.00891,-0.030297,-0.044498,0.046956,0.04772,0.081037,0.017167,-0.049989,-0.114091,-0.616167,-0.779308,0.712363,-0.597507,0.368134,-0.692474,-0.51315,0.507105,2.1e-05,0.00013,9e-05,6e-06,2e-05,1.1e-05,-0.884401
414,0.132709,-0.014714,0.385952,-0.225748,-0.627731,-0.745008,0.609057,-0.687801,0.394906,-0.76003,-0.363828,0.538526,7e-05,0.000417,0.000295,0.0,0.0,0.0,-1.575468,-0.11823,0.028871,0.35332,-0.067684,0.843064,0.53353,-0.995327,-0.09368,0.021978,0.068611,-0.530598,0.844761,0.012258,0.003303,0.016985,0.013463,-0.098442,-0.01443,0.167451,0.059842,0.037128,-0.000638,-0.028467,-0.872864,0.487131,0.999576,-0.027816,0.008569,0.006071,0.487169,0.873286,-0.000306,0.001087,0.008722,0.00779,-0.080713,-0.045767,0.04723,0.081038,0.017177,-0.049988,-0.114111,-0.616121,-0.779341,0.712377,-0.597526,0.368078,-0.692457,-0.513183,0.507095,2.9e-05,0.00018,0.000126,-7e-06,-7e-06,5e-06,-0.884401
415,0.132698,-0.014743,0.385982,-0.225927,-0.627224,-0.745381,0.608859,-0.68821,0.394498,-0.760135,-0.36393,0.538309,0.0,0.0,0.0,0.0,0.0,0.0,-1.573308,-0.118064,0.028798,0.354125,-0.067426,0.843341,0.533124,-0.995216,-0.094425,0.023717,0.070443,-0.530024,0.844971,0.001092,-0.008844,0.025662,-0.06843,-0.01691,0.008507,0.168956,0.059928,0.037099,-0.000237,-0.028802,-0.872993,0.486881,0.999576,-0.027123,0.010498,0.004041,0.486978,0.873404,0.006123,0.00159,0.008434,-0.033063,-0.021886,0.034933,0.047883,0.081033,0.017163,-0.049974,-0.11437,-0.615631,-0.77969,0.712252,-0.59794,0.367646,-0.692543,-0.513288,0.506871,-5e-06,-2e-05,-1.4e-05,-8e-06,5e-06,-1.5e-05,-0.884564
416,0.132714,-0.014776,0.386083,-0.226031,-0.627002,-0.745535,0.608606,-0.688475,0.394427,-0.760307,-0.363811,0.538147,0.000282,0.00169,0.001193,0.0,0.0,0.0,-1.572746,-0.117839,0.028607,0.354902,-0.074058,0.844103,0.531033,-0.994483,-0.101907,0.023511,0.074071,-0.527412,0.846294,0.000135,-0.002066,0.014458,-0.033925,-0.008936,0.003949,0.174167,0.060034,0.037012,0.000152,-0.022305,-0.874459,0.484586,0.999751,-0.019612,0.010625,0.000213,0.484702,0.874679,0.000108,-0.001337,0.007014,-0.039602,-0.000731,0.007923,0.050169,0.08104,0.017142,-0.049926,-0.1145,-0.615438,-0.779823,0.712048,-0.598227,0.367573,-0.69273,-0.513185,0.506719,5.5e-05,0.000333,0.000236,-6e-06,-1.2e-05,-5e-06,-0.884564
417,0.132695,-0.014804,0.386139,-0.226026,-0.627086,-0.745467,0.608504,-0.688479,0.394578,-0.76039,-0.363661,0.538131,-0.000113,-0.009352,0.010032,-0.035594,0.013009,-0.018312,-1.571931,-0.117723,0.028465,0.355211,-0.075621,0.845208,0.529052,-0.994411,-0.10285,0.022393,0.073451,-0.525454,0.847565,0.014967,-0.013694,0.021046,-0.061451,-0.017788,-0.021186,0.176038,0.060097,0.036939,0.000323,-0.020863,-0.875728,0.482352,0.999781,-0.018593,0.009486,0.000661,0.482445,0.875925,0.007499,-0.007,0.010413,-0.080481,0.008343,-0.010161,0.052945,0.081031,0.017136,-0.049899,-0.114493,-0.615493,-0.77978,0.711962,-0.598262,0.367682,-0.69282,-0.513078,0.506705,5.4e-05,0.000331,0.000233,7e-06,4e-06,5e-06,-0.884401
418,0.13267,-0.014825,0.386236,-0.22611,-0.626928,-0.745574,0.608286,-0.688688,0.394549,-0.76054,-0.363537,0.538004,0.000331,0.001979,0.001397,0.001048,-0.01154,0.026387,-1.572497,-0.117483,0.028145,0.355722,-0.083754,0.846903,0.525102,-0.993638,-0.110536,0.020008,0.075109,-0.521139,0.85008,0.013904,-0.006272,0.010303,0.068744,-0.178238,-0.098046,0.176058,0.060212,0.036782,0.000574,-0.01342,-0.877903,0.478649,0.999908,-0.010947,0.007955,-0.001744,0.478712,0.877969,0.000596,-0.004118,0.005091,0.118903,-0.23993,-0.166053,0.054905,0.081018,0.017118,-0.049849,-0.11459,-0.615376,-0.779859,0.711767,-0.598496,0.36768,-0.693004,-0.512946,0.506586,-5.5e-05,-0.00465,0.005036,-0.035598,0.012998,-0.018311,-0.884891
419,0.132645,-0.014884,0.386383,-0.222517,-0.628045,-0.745715,0.612003,-0.685388,0.394549,-0.75862,-0.367811,0.537809,7.1e-05,-0.00825,0.010812,-0.035595,0.013,-0.018316,-1.572824,-0.117234,0.027839,0.356121,-0.085075,0.848123,0.522915,-0.993541,-0.111496,0.019414,0.074892,-0.518942,0.851442,0.012324,0.004097,0.001587,0.012582,-0.032512,0.018356,0.173914,0.060338,0.03662,0.000774,-0.011866,-0.879427,0.475884,0.999928,-0.009729,0.006955,-0.001487,0.475933,0.87948,0.000631,-0.004312,0.00496,-0.044675,0.014356,-0.021495,0.054741,0.081006,0.017091,-0.049775,-0.110854,-0.615862,-0.780015,0.714892,-0.594629,0.367891,-0.69039,-0.516845,0.506192,4.1e-05,-0.004076,0.005442,-0.035584,0.013176,-0.018065,-0.885217
420,0.13263,-0.014995,0.386578,-0.222638,-0.627907,-0.745796,0.611528,-0.685723,0.394703,-0.758967,-0.367424,0.537583,3e-06,-0.008652,0.010529,-0.035597,0.012989,-0.01832,-1.573714,-0.116968,0.027666,0.356539,-0.091296,0.848849,0.520684,-0.992786,-0.118142,0.01875,0.077561,-0.516272,0.852825,0.01344,-0.003594,0.012157,-0.029728,-0.027697,0.030972,0.173077,0.060471,0.036534,0.000971,-0.00584,-0.880728,0.473586,0.999972,-0.003031,0.006693,-0.004459,0.473612,0.880722,0.006707,-0.001764,0.006098,-0.043248,-0.008987,0.03873,0.052618,0.080998,0.017039,-0.04968,-0.111005,-0.615727,-0.780101,0.714492,-0.595045,0.367995,-0.69078,-0.516527,0.505985,4.9e-05,-0.004035,0.005472,-0.035681,0.013056,-0.018257,-0.880645
421,0.132635,-0.015019,0.386674,-0.222738,-0.627692,-0.745946,0.611297,-0.685974,0.394624,-0.759123,-0.367323,0.537432,0.000435,0.0026,0.001833,0.001053,-0.011508,0.026401,-1.57349,-0.116878,0.027577,0.356744,-0.097974,0.849277,0.518768,-0.991986,-0.12489,0.017335,0.079651,-0.513969,0.854023,0.000944,-0.006707,0.011253,-2.761367,-0.322797,-4.88635,0.173069,0.060521,0.036489,0.001084,-0.001348,-0.88149,0.472198,0.999978,0.001807,0.006229,-0.006344,0.472197,0.881469,0.000505,-0.003349,0.005604,-2.702294,-0.407873,-4.920029,0.052455,0.081001,0.017021,-0.04963,-0.111129,-0.615553,-0.78022,0.714291,-0.595321,0.367939,-0.690968,-0.516416,0.505842,1e-05,-0.004263,0.005311,-0.035675,0.013023,-0.018273,-0.881298
422,0.132681,-0.015107,0.386836,-0.222971,-0.627154,-0.74633,0.610811,-0.686553,0.394368,-0.759445,-0.36716,0.537088,7.5e-05,0.000447,0.000315,0.0,0.0,0.0,-1.573821,-0.116811,0.027358,0.357243,-0.098576,0.851471,0.515044,-0.991801,-0.126123,0.018904,0.081195,-0.510017,0.856243,0.000368,-0.003447,0.013498,0.037986,-0.215241,0.114321,0.172595,0.060555,0.036375,0.001325,0.00091,-0.883798,0.467866,0.999959,0.004985,0.00747,-0.008934,0.46784,0.883767,0.000194,-0.001821,0.006682,0.035558,-0.149838,-0.068741,0.052455,0.081025,0.016982,-0.049546,-0.111456,-0.615024,-0.78059,0.713906,-0.595973,0.367631,-0.691313,-0.516294,0.505495,2.5e-05,0.000163,0.000115,-5.4e-05,1.6e-05,2.5e-05,-0.881952
423,0.132721,-0.015268,0.387008,-0.223094,-0.626996,-0.746426,0.610311,-0.68691,0.39452,-0.759811,-0.366763,0.536842,1e-06,5e-06,3e-06,0.0,0.0,0.0,-1.573324,-0.116801,0.027286,0.35793,-0.10264,0.854447,0.509291,-0.990851,-0.132705,0.023176,0.087533,-0.503316,0.859578,-0.000536,0.00168,0.016997,-0.015495,-0.042977,-0.015903,0.171476,0.060561,0.036334,0.001666,0.004572,-0.887086,0.46158,0.999863,0.011371,0.011947,-0.015847,0.461462,0.887017,-0.000375,0.001395,0.008879,-0.028555,-0.01954,-0.01129,0.051475,0.081044,0.016901,-0.04946,-0.111605,-0.614884,-0.78068,0.71347,-0.596417,0.367757,-0.691739,-0.515949,0.505264,-1e-05,-4e-05,-2.8e-05,-4.2e-05,2e-06,7e-06,-0.881788
424,0.13272,-0.015328,0.387079,-0.219412,-0.628291,-0.746428,0.614183,-0.683391,0.394621,-0.757765,-0.371084,0.536764,-0.000193,-0.009836,0.009699,4.08955,-2.167935,-2.984777,-1.573694,-0.116805,0.02733,0.358328,-0.102926,0.856692,0.505447,-0.990744,-0.133286,0.024388,0.088407,-0.499325,0.861813,-0.00114,0.005104,0.019317,-1.822838,-1.819986,1.127006,0.171125,0.06056,0.036353,0.001862,0.005785,-0.888242,0.459337,0.999868,0.01211,0.010824,-0.015177,0.459214,0.888195,-0.00057,0.00248,0.00961,-0.045077,-0.005977,0.031031,0.050659,0.081044,0.016874,-0.049429,-0.111645,-0.614861,-0.780692,0.713321,-0.596553,0.367826,-0.691886,-0.515819,0.505196,-2e-06,1e-05,7e-06,-3.4e-05,-6e-06,1.6e-05,-0.881298
425,0.13272,-0.015388,0.387149,-0.219602,-0.627814,-0.746774,0.613896,-0.683834,0.394303,-0.757943,-0.371076,0.536518,0.000106,0.000633,0.000446,0.0,-0.0,-0.0,-1.574202,-0.116845,0.027436,0.359136,-0.105514,0.858932,0.501093,-0.990621,-0.134562,0.022292,0.086724,-0.495111,0.864411,-0.000961,0.004092,0.018575,-0.032878,-0.010661,0.002894,0.171019,0.060539,0.036413,0.002265,0.006853,-0.891358,0.453246,0.999848,0.013351,0.01114,-0.015981,0.453102,0.891314,-0.000527,0.002238,0.00942,-0.044732,-0.005286,0.035756,0.050332,0.081043,0.016839,-0.049391,-0.108014,-0.615097,-0.781017,0.716502,-0.592774,0.367753,-0.68917,-0.519879,0.504746,6.9e-05,0.000411,0.000288,-9.2e-05,9.2e-05,0.000125,-0.879339
426,0.13272,-0.01536,0.387231,-0.21972,-0.627516,-0.746989,0.613728,-0.684104,0.394095,-0.758044,-0.371083,0.536371,0.000237,-0.007259,0.011514,-0.034545,0.001479,0.008079,-1.573191,-0.116868,0.027569,0.35977,-0.110741,0.860605,0.497078,-0.989682,-0.141037,0.023929,0.090855,-0.490371,0.866686,-0.000314,0.000425,0.016055,-0.034104,-0.008646,0.004141,0.171602,0.060525,0.036489,0.002594,0.011703,-0.893376,0.449155,0.999715,0.01978,0.013294,-0.020761,0.448871,0.893354,-0.000173,0.000237,0.008045,-0.036261,-0.001971,0.006429,0.050332,0.081043,0.01685,-0.049352,-0.108182,-0.614811,-0.781218,0.71638,-0.59306,0.367529,-0.689271,-0.51989,0.504597,0.000122,-0.003613,0.005771,-0.034627,0.001524,0.008138,-0.877379
427,0.132725,-0.015339,0.387271,-0.219746,-0.627458,-0.747029,0.613675,-0.684167,0.394068,-0.75808,-0.371064,0.536334,0.000304,0.001823,0.001283,0.0,0.0,0.0,-1.573074,-0.116867,0.027599,0.359979,-0.111405,0.862597,0.493463,-0.989559,-0.141774,0.024655,0.091383,-0.486639,0.868732,0.000516,-0.00428,0.01287,-0.027287,-0.00912,-0.029758,0.173024,0.060525,0.036509,0.002702,0.012124,-0.895344,0.445208,0.999693,0.02046,0.013923,-0.021575,0.444903,0.895318,0.000231,-0.002038,0.006503,-0.037761,0.001477,0.000297,0.050986,0.081046,0.016862,-0.049331,-0.108218,-0.614756,-0.781257,0.716337,-0.593131,0.367498,-0.68931,-0.519874,0.504561,0.000208,0.001249,0.000878,0.000996,-0.011416,0.02647,-0.878196
