frame,MLTx,MLTy,MLTz,MLTR1,MLTR2,MLTR3,MLTR4,MLTR5,MLTR6,MLTR7,MLTR8,MLTR9,MLTTVx,MLTTVy,MLTTVz,MLTRVx,MLTRVy,MLTRVz,MLGA,MRTx,MRTy,MRTz,MRTR1,MRTR2,MRTR3,MRTR4,MRTR5,MRTR6,MRTR7,MRTR8,MRTR9,MRTTVx,MRTTVy,MRTTVz,MRTRVx,MRTRVy,MRTRVz,MRGA,SLTx,SLTy,SLTz,SLTR1,SLTR2,SLTR3,SLTR4,SLTR5,SLTR6,SLTR7,SLTR8,SLTR9,SLTTVx,SLTTVy,SLTTVz,SLTRVx,SLTRVy,SLTRVz,SLGA,SRTx,SRTy,SRTz,SRTR1,SRTR2,SRTR3,SRTR4,SRTR5,SRTR6,SRTR7,SRTR8,SRTR9,SRTTVx,SRTTVy,SRTTVz,SRTRVx,SRTRVy,SRTRVz,SRGA
538,0.14597,-0.060299,0.313845,-0.755256,-0.18537,-0.628707,0.054755,-0.973671,0.22122,-0.652224,0.132877,0.746308,-0.000439,-0.003042,-0.003929,0.082473,0.223513,0.077044,-0.555258,-0.165528,-0.055761,0.309971,-0.391621,0.469399,0.791384,-0.278526,-0.880131,0.384353,0.877409,-0.070477,0.474393,-5.2e-05,-0.005646,-0.007194,-4.698179,-1.679532,-2.401405,-0.416487,0.044254,0.026321,-0.002136,0.393849,-0.477602,0.785352,0.334608,0.870282,0.361447,-0.856107,0.12043,0.50257,-2.1e-05,-0.002633,-0.003356,-0.001877,0.013339,-0.025411,-0.680883,0.075427,0.020326,-0.048309,0.735653,0.267848,-0.622149,-0.172103,0.962265,0.210773,0.655128,-0.047982,0.753992,-0.0002,-0.001394,-0.001798,0.098299,0.36461,-0.036566,-0.590968
539,0.145862,-0.060387,0.313747,-0.768842,-0.1793,-0.613823,0.055476,-0.974974,0.215221,-0.636096,0.131635,0.760316,-0.000291,-0.002009,-0.002598,0.128658,0.321432,0.156829,-0.681955,-0.165537,-0.055934,0.309565,-0.413264,0.449757,0.791785,-0.236494,-0.892609,0.383738,0.879842,-0.029219,0.474223,-6.7e-05,-0.007221,-0.00923,-0.431139,-0.194725,-0.28259,-0.128809,0.044255,0.026232,-0.002351,0.416891,-0.457643,0.785343,0.287193,0.886063,0.363883,-0.862393,0.073845,0.500824,-3.6e-05,-0.00372,-0.004743,-0.430986,-0.200632,-0.287825,-0.564783,0.075372,0.020279,-0.048362,0.749667,0.263588,-0.607058,-0.172903,0.963411,0.204797,0.638829,-0.048567,0.767813,-0.000161,-0.001121,-0.001448,0.140746,0.473243,-0.01647,-0.690575
540,0.145845,-0.060419,0.313706,-0.774398,-0.176809,-0.607529,0.056263,-0.975607,0.212127,-0.629254,0.130302,0.766217,-0.00017,-0.001177,-0.001522,0.134632,0.333707,0.162782,-0.745712,-0.165542,-0.056012,0.309366,-0.428887,0.434475,0.79201,-0.204604,-0.9006,0.383393,0.880378,0.00185,0.474126,-6e-05,-0.006439,-0.008243,-4.414327,-2.122788,-2.667051,-0.035538,0.044253,0.026194,-0.002451,0.430595,-0.44543,0.784971,0.26082,0.894034,0.364245,-0.864037,0.047894,0.501143,-3.4e-05,-0.003163,-0.004032,-0.118357,-0.04433,-0.098603,-0.442315,0.075364,0.020262,-0.048384,0.755203,0.261888,-0.6009,-0.173645,0.963898,0.201857,0.632071,-0.0481,0.773415,-9.5e-05,-0.000655,-0.000847,0.16829,0.508486,0.022674,-0.739562
541,0.145902,-0.060452,0.313681,-0.784011,-0.178535,-0.594556,0.05954,-0.974967,0.214165,-0.616935,0.132724,0.77576,-1e-06,-9e-06,-1.1e-05,0.039581,0.199823,-0.123741,-0.837761,-0.165617,-0.056121,0.308895,-0.446607,0.4141,0.79313,-0.160871,-0.909089,0.384203,0.880664,0.043487,0.471596,-0.000994,0.003353,-0.018136,-1.285115,-0.626478,-0.784815,0.070816,0.044215,0.026137,-0.002689,0.451535,-0.423711,0.785229,0.212576,0.905796,0.366529,-0.86656,0.00142,0.499069,-0.000491,0.001635,-0.009119,-1.282712,-0.654121,-0.799374,-0.1835,0.075392,0.020245,-0.048397,0.764818,0.264313,-0.58753,-0.1765,0.963037,0.203484,0.619597,-0.05193,0.783199,9e-06,6.2e-05,8.3e-05,0.019445,0.16835,-0.12431,-0.82284
542,0.145992,-0.060429,0.313745,-0.790777,-0.179477,-0.585239,0.06221,-0.97467,0.214755,-0.607977,0.133633,0.782645,0.000148,-0.009096,0.010807,-0.024646,0.142126,-0.176571,-0.888411,-0.165897,-0.056279,0.308351,-0.454108,0.402115,0.795035,-0.132024,-0.912793,0.38641,0.881633,0.070014,0.466567,-0.001008,0.00246,-0.019322,-4.387555,-2.093173,-2.563229,0.143248,0.044075,0.026058,-0.002961,0.458963,-0.41268,0.786796,0.185089,0.910559,0.369626,-0.868961,-0.024017,0.494296,-0.000394,0.001189,-0.009835,-4.365635,-2.114027,-2.573792,-0.053194,0.075437,0.020259,-0.048369,0.771301,0.26605,-0.578195,-0.179036,0.962453,0.204031,0.610769,-0.053852,0.789974,0.000115,0.000807,0.001043,-0.009737,-0.017641,0.036617,-0.879665
543,0.146054,-0.060433,0.313775,-0.793548,-0.180658,-0.581111,0.063188,-0.974223,0.216491,-0.604257,0.135295,0.785236,0.000116,0.000808,0.001045,0.002452,0.109016,-0.16802,-0.908926,-0.166081,-0.056418,0.308089,-0.456443,0.397135,0.796201,-0.119973,-0.914079,0.387298,0.882152,0.080768,0.46384,-0.015979,-0.010262,-0.011558,-0.023504,0.06532,-0.066887,0.167927,0.043983,0.02599,-0.00309,0.462284,-0.407042,0.787788,0.171525,0.912685,0.370922,-0.869984,-0.036346,0.491737,-0.007987,-0.005164,-0.005808,0.005851,0.033011,-0.085476,-0.00535,0.075468,0.020256,-0.048348,0.773802,0.267761,-0.574049,-0.18003,0.961853,0.205974,0.607304,-0.056037,0.792489,5.9e-05,0.000425,0.000551,-0.018373,0.06829,-0.176293,-0.895994
544,0.146155,-0.060453,0.313851,-0.800179,-0.179827,-0.572207,0.063378,-0.974013,0.217381,-0.595434,0.137896,0.791498,0.000151,0.001051,0.001358,0.097092,0.231211,0.112568,-0.942376,-0.166467,-0.056794,0.307627,-0.47573,0.382012,0.792299,-0.082898,-0.916146,0.392095,0.876223,0.120381,0.466481,-0.016006,-0.009902,-0.01115,-4.408216,-2.0906,-2.749899,0.195149,0.043796,0.025807,-0.003315,0.480002,-0.395449,0.783082,0.140334,0.915755,0.376428,-0.865969,-0.070793,0.49506,-0.008011,-0.00535,-0.006076,-0.168209,-0.493041,0.640703,0.046087,0.075518,0.020245,-0.048311,0.779826,0.268295,-0.565586,-0.180437,0.96149,0.207313,0.599427,-0.059615,0.798205,8.3e-05,0.000586,0.000756,0.153599,0.312884,0.173854,-0.917222
545,0.146227,-0.060476,0.313874,-0.804972,-0.179713,-0.565481,0.063285,-0.973603,0.219235,-0.588954,0.140908,0.795805,0.0,3e-06,4e-06,-0.035506,0.063864,-0.031843,-0.955956,-0.167007,-0.057197,0.307177,-0.489085,0.365916,0.791766,-0.055689,-0.918913,0.390423,0.871019,0.146406,0.46878,-0.016041,-0.00975,-0.011015,0.278523,-0.422998,-0.323605,0.240967,0.043532,0.025604,-0.003542,0.494406,-0.378741,0.782379,0.107214,0.91978,0.377504,-0.862593,-0.102758,0.495352,-0.008024,-0.005212,-0.005931,-0.401206,-0.153292,-0.316457,0.1083,0.075555,0.020236,-0.048297,0.785063,0.268322,-0.558281,-0.180146,0.96125,0.208673,0.592639,-0.063249,0.802979,-4e-06,-2.1e-05,-3e-05,-0.177945,0.131315,-0.152579,-0.930775
546,0.146262,-0.060491,0.313872,-0.808046,-0.176621,-0.56206,0.062515,-0.974331,0.216202,-0.584815,0.139777,0.79905,-1.6e-05,-0.00011,-0.000142,0.097161,0.231392,0.112625,-0.961194,-0.167368,-0.05739,0.306964,-0.497627,0.359506,0.789376,-0.039813,-0.918488,0.393356,0.867049,0.163874,0.470356,-0.016067,-0.010148,-0.011566,-0.392228,-0.178588,-0.287674,0.24235,0.043346,0.025505,-0.003651,0.505209,-0.371449,0.778966,0.0926,0.92075,0.379002,-0.858014,-0.119343,0.499567,-0.008026,-0.005262,-0.006018,-1.341582,-0.614102,-0.846009,0.125773,0.075573,0.020228,-0.048298,0.787903,0.26613,-0.555321,-0.179635,0.961899,0.206106,0.589015,-0.062636,0.80569,-1.2e-05,-8e-05,-0.000104,0.149622,0.324813,0.146062,-0.93992
547,0.146345,-0.060507,0.313852,-0.815933,-0.167,-0.553543,0.055454,-0.975575,0.212488,-0.574495,0.14288,0.805958,0.015945,-0.001259,-0.001397,-0.683461,0.893426,1.636347,-0.965096,-0.168402,-0.057837,0.306489,-0.505046,0.348328,0.789676,-0.028347,-0.921062,0.388298,0.863208,0.173293,0.47403,-0.032095,-0.012824,-0.013488,-4.333601,-2.142108,-2.759554,0.233924,0.042835,0.025286,-0.003884,0.511123,-0.363207,0.778994,0.086145,0.923411,0.374019,-0.855179,-0.124063,0.503265,-0.016038,-0.0062,-0.006447,0.019757,0.018473,-0.132794,0.130835,0.075608,0.02022,-0.048308,0.795254,0.259855,-0.547764,-0.174683,0.963383,0.203414,0.580566,-0.066081,0.811526,-1.9e-05,-0.000245,-0.000242,-3.077579,1.199102,4.464178,-0.946615
548,0.146438,-0.06056,0.313853,-0.822692,-0.16219,-0.544901,0.054067,-0.976425,0.208907,-0.564916,0.142601,0.81275,-1.7e-05,-0.000117,-0.000151,0.166681,0.397212,0.193285,-0.967846,-0.169785,-0.058319,0.306017,-0.510329,0.335835,0.791689,-0.021661,-0.925242,0.378671,0.860294,0.175684,0.478427,-0.032157,-0.011383,-0.01172,0.146945,-0.171798,-0.206708,0.226647,0.042143,0.02504,-0.004127,0.518755,-0.348366,0.780726,0.073798,0.928051,0.365067,-0.851731,-0.131764,0.50714,-0.016081,-0.005924,-0.00614,0.206258,-0.237799,-0.276044,0.123323,0.07566,0.020192,-0.048309,0.803511,0.254033,-0.538364,-0.171512,0.964817,0.199278,0.570046,-0.067786,0.818811,0.007988,-0.000535,-0.000579,0.285228,0.5888,0.288207,-0.958535
549,0.146592,-0.060643,0.313883,-0.829668,-0.155536,-0.536195,0.047649,-0.976639,0.209468,-0.555218,0.148427,0.81837,-1e-06,-6e-06,-8e-06,-0.494588,0.522517,-0.421321,-0.971021,-0.171409,-0.058776,0.305648,-0.519118,0.321315,0.792,-0.022041,-0.931289,0.363522,0.855017,0.170859,0.489506,-0.04818,-0.010367,-0.008894,0.263614,-0.33028,-0.334486,0.223359,0.041349,0.024814,-0.00431,0.52774,-0.334836,0.780624,0.074014,0.933656,0.350439,-0.846175,-0.127164,0.51751,-0.024091,-0.005384,-0.004682,0.463159,-0.588933,-0.510771,0.116138,0.075737,0.020155,-0.048297,0.811475,0.246006,-0.530083,-0.164635,0.966573,0.196545,0.560716,-0.072221,0.824851,0.007997,-0.000463,-0.000488,0.019826,0.050675,0.072665,-0.967516
550,0.146689,-0.060682,0.313918,-0.833408,-0.147383,-0.532687,0.04083,-0.977581,0.206497,-0.550143,0.150523,0.821408,0.016,-0.000892,-0.000931,0.194447,0.446913,0.254243,-0.974875,-0.172213,-0.059018,0.305512,-0.526862,0.310004,0.791395,-0.02267,-0.935828,0.351634,0.850258,0.16694,0.499055,-0.048232,-0.010384,-0.00899,0.516832,-0.701628,-0.545016,0.224142,0.040953,0.024694,-0.004377,0.534827,-0.324782,0.780048,0.074195,0.937662,0.339536,-0.841697,-0.123717,0.525584,-0.015681,-0.0098,7.6e-05,0.26327,-0.314507,-0.539,0.114179,0.07578,0.020136,-0.048279,0.815148,0.241187,-0.526651,-0.158554,0.967372,0.197611,0.557129,-0.077579,0.826793,4e-06,4.9e-05,6.2e-05,-0.004342,0.01114,0.020263,-0.967679
551,0.146847,-0.060761,0.314004,-0.839223,-0.138783,-0.525822,0.033601,-0.978281,0.204474,-0.541737,0.154098,0.826319,8.2e-05,0.000579,0.000748,0.137361,0.327777,0.159239,-0.993589,-0.173994,-0.05948,0.30523,-0.546059,0.276229,0.79089,-0.010695,-0.94622,0.323242,0.838311,0.167712,0.518623,-0.048316,-0.009708,-0.008255,0.590895,-0.764143,-0.806903,0.229831,0.040063,0.024462,-0.004519,0.555391,-0.292301,0.778524,0.061992,0.948136,0.311758,-0.829274,-0.124886,0.544707,-0.024165,-0.005071,-0.004381,0.457172,-0.556191,-0.687791,0.119894,0.075865,0.020091,-0.048234,0.822665,0.232741,-0.518703,-0.151282,0.969086,0.194895,0.548029,-0.081863,0.832443,5.2e-05,0.000378,0.000487,0.231079,0.489429,0.210667,-0.976007
552,0.146944,-0.060897,0.314134,-0.848477,-0.122369,-0.514934,0.019896,-0.979599,0.199906,-0.527838,0.159516,0.834248,0.015967,-0.011335,0.008127,-2.606197,1.756706,4.938837,-1.019863,-0.17611,-0.059859,0.304896,-0.560427,0.23986,0.792704,0.000328,-0.957006,0.289952,0.828854,0.162465,0.535228,-0.06444,-0.010041,-0.007377,0.266837,-0.237305,-0.778452,0.218329,0.038993,0.02427,-0.004689,0.573718,-0.254579,0.778483,0.050951,0.95972,0.276298,-0.817466,-0.118853,0.563579,-0.024217,-0.004896,-0.004234,0.282535,-0.251476,-0.98871,0.118098,0.075907,0.020029,-0.04817,0.831456,0.223403,-0.508694,-0.143892,0.970942,0.191218,0.536632,-0.085793,0.839442,-2e-06,7e-06,8e-06,0.08129,0.200488,0.102408,-0.987437
553,0.146956,-0.060986,0.314222,-0.852725,-0.115672,-0.509437,0.013499,-0.979738,0.199757,-0.521162,0.163598,0.837647,3e-06,2.2e-05,2.9e-05,-0.755313,0.544063,1.491983,-1.033632,-0.177212,-0.060037,0.304726,-0.568634,0.218872,0.792932,0.004134,-0.963109,0.268955,0.823241,0.155951,0.545726,-0.048451,-0.009014,-0.007609,0.51785,-0.64995,-0.967088,0.199611,0.03846,0.024183,-0.004773,0.581148,-0.23587,0.778866,0.046666,0.965159,0.257467,-0.812459,-0.11328,0.571907,-0.02423,-0.004619,-0.003908,0.323828,-0.264878,-0.978386,0.104708,0.075919,0.019984,-0.048127,0.837925,0.216,-0.501223,-0.137177,0.972221,0.189648,0.528264,-0.090154,0.844279,-3e-06,-0.0,-2e-06,0.119724,0.284423,0.143956,-0.99103
554,0.146932,-0.061222,0.314442,-0.864233,-0.09706,-0.493687,-0.000317,-0.981118,0.193338,-0.502057,0.16736,0.848503,0.0,1e-06,1e-06,0.301909,0.71583,0.346231,-1.063566,-0.17922,-0.060334,0.30453,-0.595632,0.193211,0.779668,0.01038,-0.96864,0.248117,0.803885,0.155647,0.573938,-0.048361,-0.005643,-0.003255,0.125478,-0.963456,-0.454115,0.180295,0.037432,0.024026,-0.004879,0.609526,-0.209925,0.764466,0.039943,0.97121,0.23485,-0.791758,-0.112612,0.600363,-0.024193,-0.003088,-0.001956,-0.372686,-2.354585,0.773848,0.068131,0.075907,0.019862,-0.048013,0.85142,0.195288,-0.486769,-0.118174,0.975659,0.184725,0.510996,-0.099755,0.853774,-2.2e-05,-0.005216,0.004538,0.045415,0.224262,0.098303,-1.005889
555,0.146906,-0.061493,0.314683,-0.875658,-0.077682,-0.476692,-0.017541,-0.981222,0.192011,-0.481568,0.176588,0.85845,0.0,0.0,0.0,0.097513,0.22855,0.110201,-1.10271,-0.181068,-0.060446,0.304493,-0.628625,0.171443,0.758571,0.016904,-0.972089,0.233859,0.778263,0.159628,0.607198,-0.048172,-0.001725,0.001868,-0.662208,-2.212958,1.077144,0.177109,0.036508,0.023967,-0.004902,0.641944,-0.18848,0.743224,0.032745,0.975171,0.219017,-0.766051,-0.11626,0.632177,-0.016067,-0.000576,0.000666,0.528809,-0.722204,-1.151483,0.055558,0.075895,0.01973,-0.047897,0.866193,0.176018,-0.467681,-0.100452,0.978137,0.182089,0.489507,-0.110745,0.864937,-2.1e-05,-0.005204,0.004551,0.084744,0.295248,0.132387,-1.006869
556,0.14693,-0.061729,0.314886,-0.885081,-0.056811,-0.462005,-0.034279,-0.981882,0.186292,-0.463119,0.180785,0.867678,0.015979,-0.011342,0.008114,0.040593,0.459836,0.128739,-1.136141,-0.182538,-0.060325,0.304594,-0.65876,0.154712,0.736269,0.022965,-0.97397,0.225363,0.75278,0.165184,0.637103,-0.031906,0.002032,0.005442,0.156345,-0.592445,-0.247538,0.165697,0.035767,0.024027,-0.004851,0.673949,-0.17419,0.717948,0.026784,0.976928,0.211881,-0.738291,-0.123567,0.663065,-0.015931,0.001409,0.00328,-0.085295,-0.653726,-0.660477,0.044617,0.0759,0.019613,-0.047795,0.877482,0.156924,-0.453211,-0.08402,0.980641,0.17687,0.472192,-0.117121,0.873679,-4e-06,-0.0,-3e-06,-0.034968,0.630873,0.46037,-1.014706
557,0.146953,-0.061839,0.31498,-0.889073,-0.051688,-0.454888,-0.038839,-0.981516,0.187323,-0.455058,0.184269,0.871203,-2.9e-05,-0.010395,0.009121,0.015868,0.279616,-0.127247,-1.148228,-0.183099,-0.060266,0.304721,-0.674287,0.145695,0.723949,0.031124,-0.973799,0.225125,0.73861,0.174158,0.651143,-0.015821,0.002941,0.005283,-0.067761,-1.108926,0.404617,0.144167,0.03548,0.024058,-0.004785,0.688474,-0.165814,0.70605,0.018171,0.977151,0.211763,-0.725032,-0.132964,0.675757,-0.015927,0.00173,0.003682,-0.794354,-2.520178,1.782962,0.031064,0.075918,0.019557,-0.047748,0.882344,0.15177,-0.445459,-0.079068,0.980922,0.177591,0.463915,-0.121475,0.877511,-7e-06,2e-06,-1e-06,0.00253,0.282897,-0.12768,-1.013237
558,0.147049,-0.062003,0.315125,-0.896915,-0.032131,-0.441086,-0.055707,-0.981213,0.184633,-0.437618,0.190205,0.878829,3e-06,1.8e-05,2.4e-05,0.208362,0.475228,0.231099,-1.166603,-0.184165,-0.060226,0.304865,-0.694537,0.112438,0.710611,0.065403,-0.973688,0.218148,0.717297,0.197856,0.667983,-0.032047,-0.000284,0.002254,-3.81778,-1.452391,-3.677553,0.135631,0.034954,0.024086,-0.004702,0.709975,-0.137411,0.69069,-0.010516,0.9786,0.2055,-0.704148,-0.153163,0.693337,-0.016033,-0.000211,0.001058,0.077772,-0.204581,0.029517,0.002162,0.075966,0.019471,-0.047672,0.891359,0.134563,-0.432862,-0.062676,0.982336,0.176311,0.448942,-0.130027,0.884049,0.008002,-0.000463,-0.000496,0.202277,0.476847,0.297015,-1.017483
559,0.147191,-0.062129,0.315184,-0.904378,-0.015072,-0.426519,-0.072204,-0.979576,0.187589,-0.419512,0.20046,0.885354,-0.000182,-0.011504,0.007688,0.115927,0.366323,0.11895,-1.177405,-0.185154,-0.060226,0.304894,-0.704721,0.107883,0.701229,0.065509,-0.974187,0.215875,0.707286,0.197942,0.678549,-0.032854,0.009022,-0.008371,0.147321,-0.245542,0.005801,0.128049,0.034466,0.024083,-0.004684,0.72016,-0.129941,0.68153,-0.016585,0.9788,0.204143,-0.693609,-0.158319,0.702737,-0.016039,-0.000291,0.000922,0.18183,-0.356294,-0.041072,-0.009269,0.076037,0.019414,-0.047643,0.900989,0.1182,-0.417427,-0.046012,0.982777,0.17897,0.431392,-0.142044,0.890911,0.008001,-0.000486,-0.000526,0.246068,0.474487,0.236848,-1.018136
560,0.147309,-0.062155,0.315169,-0.907458,-0.003032,-0.420185,-0.083658,-0.978661,0.187609,-0.410661,0.205397,0.888368,0.015862,-0.002041,-0.00243,0.111791,0.232493,0.148035,-1.185347,-0.185552,-0.060221,0.304899,-0.70744,0.102458,0.699302,0.074448,-0.973061,0.218046,0.703675,0.206197,0.679843,-0.016088,-0.00098,-2.7e-05,-0.092267,-0.112004,0.043679,0.126568,0.034254,0.024088,-0.004686,0.723344,-0.124519,0.679166,-0.025347,0.978153,0.206331,-0.690021,-0.166463,0.704385,-0.016072,-0.000734,0.000317,-0.356081,-0.149412,-0.212056,-0.013678,0.07609,0.019398,-0.047647,0.90565,0.106383,-0.410462,-0.034462,0.98328,0.178806,0.422622,-0.147791,0.894174,-9.6e-05,-0.000646,-0.000844,0.150937,0.327474,0.117952,-1.018136
561,0.147551,-0.062244,0.315056,-0.915556,0.020539,-0.40172,-0.105873,-0.975796,0.191272,-0.386932,0.217621,0.896076,-0.000349,-0.002502,-0.003237,0.136145,0.406461,-0.022588,-1.191695,-0.186276,-0.060195,0.304906,-0.714105,0.082351,0.695171,0.105149,-0.969102,0.222979,0.692934,0.232232,0.682476,-0.032066,-0.000466,0.00191,-3.833658,-1.293366,-3.654056,0.129418,0.033898,0.024099,-0.004686,0.72994,-0.109104,0.674747,-0.050354,0.975911,0.212275,-0.681653,-0.188924,0.706862,-0.008022,-0.000154,0.000443,0.001652,0.0177,-0.027726,-0.015147,0.076212,0.019355,-0.047701,0.916025,0.084334,-0.392154,-0.012157,0.983036,0.183007,0.400936,-0.162872,0.901511,-0.000168,-0.001176,-0.001532,0.241004,0.618982,0.087434,-1.016829
562,0.147796,-0.062397,0.314845,-0.92178,0.035069,-0.386182,-0.116831,-0.974752,0.190212,-0.368617,0.220402,0.90309,-0.000615,-0.004424,-0.005733,0.149104,0.340355,0.130973,-1.193766,-0.186872,-0.060138,0.304857,-0.719081,0.082577,0.689996,0.109115,-0.967109,0.229622,0.68715,0.240311,0.68552,-0.016037,-0.00028,0.000878,-0.112132,-0.138128,0.132812,0.131495,0.033588,0.024127,-0.00471,0.735452,-0.105585,0.669299,-0.059778,0.973821,0.219311,-0.674934,-0.201302,0.709887,-0.008019,-0.000127,0.000468,-0.117755,-0.148181,0.145521,-0.011881,0.07634,0.019279,-0.047806,0.923877,0.070685,-0.376102,-0.001199,0.983323,0.181862,0.382685,-0.167567,0.908555,0.007725,-0.002544,-0.003201,0.208278,0.507212,0.042853,-1.018136
563,0.148049,-0.062583,0.314606,-0.924984,0.05285,-0.376372,-0.132779,-0.972831,0.189578,-0.354979,0.225259,0.907345,-0.000594,-0.004295,-0.005578,0.030062,0.078461,0.048508,-1.201951,-0.187324,-0.060005,0.304794,-0.720247,0.086658,0.688278,0.108337,-0.965869,0.235145,0.686052,0.243828,0.685378,-0.015987,0.00033,0.001683,-0.025043,0.055627,-0.006585,0.134805,0.033368,0.024193,-0.004743,0.736236,-0.109959,0.667731,-0.05885,0.972569,0.225046,-0.67416,-0.204983,0.709569,-0.007986,0.000245,0.000958,-0.00795,0.043638,-0.013082,-0.009595,0.076466,0.019183,-0.047929,0.929322,0.052871,-0.365463,0.015221,0.983371,0.180966,0.368953,-0.173738,0.913064,-0.000356,-0.00257,-0.003345,-0.009299,0.150893,-0.126844,-1.022381
564,0.148169,-0.06269,0.314486,-0.927156,0.059906,-0.369916,-0.13849,-0.972041,0.189551,-0.347067,0.226892,0.909996,-0.000633,-0.004586,-0.005963,0.105752,0.242415,0.084037,-1.206683,-0.187522,-0.059933,0.304733,-0.723055,0.089299,0.684987,0.10733,-0.96497,0.239262,0.68325,0.246416,0.687249,-0.016747,0.009972,-0.008455,0.00118,-0.040608,0.038134,0.134824,0.033269,0.024227,-0.004767,0.73891,-0.112704,0.664311,-0.057672,0.971715,0.229004,-0.671331,-0.207526,0.71151,-2.3e-05,-0.000314,-0.00041,-0.110476,-0.171285,0.171539,-0.008126,0.07652,0.019132,-0.047986,0.931874,0.046828,-0.359746,0.020704,0.983152,0.181608,0.362191,-0.176684,0.915204,-0.000345,-0.007642,0.001376,0.156455,0.501232,-0.063685,-1.020912
565,0.148402,-0.06284,0.314276,-0.929186,0.084588,-0.359868,-0.161925,-0.968255,0.190355,-0.331189,0.235035,0.913838,-0.000523,-0.003807,-0.004959,-0.670614,0.700379,1.50308,-1.21646,-0.187821,-0.059747,0.304606,-0.72444,0.093787,0.682921,0.105995,-0.963689,0.244953,0.681991,0.24973,0.687303,8.5e-05,0.001052,0.001408,-0.393416,-0.468244,0.599729,0.134507,0.033113,0.02432,-0.004838,0.739537,-0.116873,0.662891,-0.056423,0.970581,0.234067,-0.670746,-0.210504,0.711187,-0.000364,0.005285,-0.004448,-1.195428,-1.66291,1.859914,-0.007636,0.076637,0.019055,-0.048093,0.936329,0.027961,-0.350006,0.038646,0.982561,0.181878,0.348988,-0.183824,0.91892,-0.000252,-0.001857,-0.002449,-1.84042,1.900234,-0.977464,-1.026953
566,0.148568,-0.062957,0.314125,-0.93004,0.105458,-0.352065,-0.180831,-0.965286,0.188403,-0.31882,0.238749,0.917268,-0.000279,-0.00204,-0.00266,0.108968,0.233988,0.111958,-1.227294,-0.188016,-0.0595,0.304432,-0.725896,0.095182,0.68118,0.104944,-0.96338,0.246616,0.680604,0.250392,0.688436,3.3e-05,0.000404,0.00054,-7e-06,1.2e-05,7e-06,0.135982,0.033016,0.024445,-0.004922,0.741399,-0.118783,0.660467,-0.055009,0.970139,0.236226,-0.668805,-0.21147,0.712726,-0.008324,0.005488,-0.003561,0.036986,0.005152,-0.012851,-0.006819,0.076725,0.018992,-0.048175,0.94005,0.001868,-0.34103,0.063595,0.981484,0.180676,0.335054,-0.191532,0.922525,-0.000134,-0.000967,-0.001265,0.125063,0.251683,0.113578,-1.030872
567,0.148613,-0.062979,0.314081,-0.930388,0.126322,-0.344189,-0.199647,-0.961946,0.186473,-0.306381,0.242045,0.920637,-9.6e-05,-0.000705,-0.00092,0.129867,0.738881,0.767024,-1.239559,-0.188108,-0.059382,0.304338,-0.727309,0.096519,0.679482,0.104212,-0.962974,0.248505,0.679206,0.251437,0.689435,-0.016013,-0.00012,0.001062,-0.002045,0.015205,-0.029245,0.138747,0.032976,0.024505,-0.004968,0.742719,-0.120227,0.65872,-0.054207,0.969724,0.238109,-0.667405,-0.212556,0.713715,-0.000338,0.005288,-0.00444,0.038529,-0.008315,0.016137,-0.004697,0.076747,0.01898,-0.048199,0.942192,-0.016826,-0.334648,0.081508,0.980247,0.180195,0.325006,-0.197055,0.924954,0.007997,-0.00076,-0.000895,-0.509107,0.454101,1.654863,-1.032342
568,0.148685,-0.062944,0.314042,-0.929716,0.167651,-0.327973,-0.23662,-0.954234,0.182813,-0.28116,0.247355,0.92725,2.9e-05,0.00021,0.000273,-0.438139,0.690222,1.675817,-1.266955,-0.18829,-0.059174,0.304163,-0.730097,0.099133,0.676108,0.102838,-0.962137,0.252291,0.676419,0.25361,0.691377,-0.000679,0.010576,-0.008888,0.036431,-0.010523,0.018256,0.139162,0.032879,0.024605,-0.005053,0.745272,-0.122987,0.655319,-0.052785,0.968873,0.241864,-0.664667,-0.214845,0.715583,-0.008003,-7.2e-05,0.000517,8.9e-05,0.01791,-0.031784,-0.002247,0.076784,0.018999,-0.048217,0.946942,-0.057957,-0.316133,0.118436,0.977312,0.175591,0.298784,-0.203717,0.932323,0.000158,0.000192,0.000323,-1.831316,1.666705,5.041999,-1.037567
569,0.148712,-0.062861,0.314014,-0.930185,0.206436,-0.30362,-0.267664,-0.947334,0.175745,-0.250195,0.244481,0.936834,4.6e-05,0.000336,0.000439,0.387655,0.924493,0.225506,-1.301387,-0.188469,-0.059006,0.304021,-0.732957,0.101895,0.672593,0.101388,-0.961236,0.25628,0.673539,0.255915,0.693336,-0.000676,0.010584,-0.008878,0.036431,-0.010546,0.018244,0.138341,0.032789,0.024689,-0.005124,0.747893,-0.125917,0.651767,-0.051247,0.967962,0.245809,-0.661838,-0.217239,0.717479,-0.008001,-6.2e-05,0.000526,-0.000701,0.016906,-0.030839,-0.003064,0.076798,0.019042,-0.048229,0.951138,-0.096561,-0.293273,0.151328,0.973723,0.170181,0.269135,-0.206246,0.940759,2e-05,0.00022,0.000281,0.172759,0.468879,0.030303,-1.038384
570,0.148702,-0.062837,0.314028,-0.929294,0.226728,-0.291639,-0.284509,-0.942848,0.173394,-0.234504,0.24382,0.941056,0.000112,0.000819,0.001068,0.235621,0.59791,0.069166,-1.317698,-0.188559,-0.058919,0.303954,-0.734327,0.103169,0.670903,0.100753,-0.96079,0.258195,0.672141,0.257073,0.694263,-0.000674,0.010604,-0.008851,0.03643,-0.010557,0.018239,0.136603,0.032745,0.024733,-0.005158,0.749153,-0.127277,0.650053,-0.050568,0.967513,0.247711,-0.660463,-0.218446,0.718379,4e-06,4e-06,1e-05,0.001454,0.001894,-0.001813,-0.003717,0.076793,0.019053,-0.048222,0.952865,-0.117932,-0.279534,0.169202,0.971333,0.166978,0.251829,-0.206405,0.945504,6.3e-05,0.000529,0.000685,0.317437,0.74078,0.128381,-1.044099
571,0.148641,-0.06286,0.314032,-0.922313,0.279103,-0.267369,-0.3288,-0.930214,0.162988,-0.202075,0.237884,0.950055,-0.00017,-0.001245,-0.001624,0.220235,0.656824,0.223866,-1.347613,-0.188796,-0.058743,0.303844,-0.737076,0.105746,0.667478,0.099453,-0.959877,0.262064,0.66932,0.259419,0.696114,3e-06,3.5e-05,4.7e-05,-0.0,-0.0,0.0,0.134828,0.032626,0.024825,-0.005215,0.751686,-0.130033,0.646574,-0.049157,0.966597,0.251541,-0.657686,-0.220864,0.720186,-0.007998,-4.1e-05,0.000553,-0.000619,0.01709,-0.031104,-0.005676,0.076763,0.019046,-0.048215,0.951776,-0.170414,-0.255107,0.214744,0.963923,0.157276,0.219102,-0.204474,0.954035,-0.000115,-0.000767,-0.001004,0.230074,0.911408,0.58472,-1.048998
572,0.148587,-0.0629,0.313979,-0.916335,0.315673,-0.246429,-0.358929,-0.920295,0.155559,-0.176545,0.230596,0.956914,-0.000169,-0.001237,-0.001614,0.107796,0.414681,-0.242232,-1.384236,-0.189058,-0.058612,0.303728,-0.738328,0.106803,0.665925,0.098879,-0.959491,0.263689,0.668024,0.260409,0.696989,-0.000676,0.010521,-0.008964,0.036429,-0.010609,0.018212,0.133517,0.032495,0.024886,-0.005271,0.752826,-0.131145,0.645022,-0.04858,0.966207,0.253147,-0.656424,-0.221911,0.721015,-0.008004,-0.000115,0.00045,-0.001793,0.015539,-0.029549,-0.007309,0.076735,0.019024,-0.048243,0.949892,-0.208467,-0.232905,0.246789,0.957465,0.149516,0.191829,-0.199503,0.960936,-0.000121,-0.000791,-0.001033,0.099608,0.310589,-0.048789,-1.050631
573,0.148522,-0.062921,0.313934,-0.905906,0.356645,-0.228438,-0.394575,-0.906695,0.148953,-0.152877,0.224624,0.962393,-3.7e-05,-0.000266,-0.000348,-0.012002,0.371213,0.400207,-1.400175,-0.189341,-0.058542,0.303652,-0.737854,0.10592,0.666591,0.099526,-0.959662,0.262826,0.668452,0.260145,0.696677,-0.016011,-0.000226,0.000891,-0.002045,0.015205,-0.029245,0.13276,0.032359,0.024925,-0.005312,0.752424,-0.130262,0.645669,-0.049199,0.966397,0.2523,-0.656838,-0.221603,0.720731,-5e-06,-7.2e-05,-9.1e-05,-7e-06,8e-06,2.3e-05,-0.008289,0.076703,0.019011,-0.048269,0.944249,-0.24958,-0.214712,0.283278,0.94823,0.143565,0.167766,-0.196384,0.966067,-1.3e-05,-0.000123,-0.000162,-0.287424,0.545574,1.545472,-1.053733
574,0.148461,-0.062899,0.313911,-0.901337,0.374274,-0.218076,-0.409622,-0.90018,0.147844,-0.139855,0.222114,0.964952,-3e-06,-2.2e-05,-2.8e-05,0.107679,0.321254,-0.069405,-1.410287,-0.189486,-0.058519,0.303642,-0.737578,0.105411,0.666977,0.099957,-0.959736,0.262389,0.668692,0.260077,0.696472,-0.0,-2e-06,-2e-06,-0.012285,0.092484,-0.175631,0.131866,0.032287,0.024936,-0.005317,0.752234,-0.129848,0.645974,-0.049535,0.96647,0.251954,-0.65703,-0.221527,0.72058,1e-06,1e-05,1.9e-05,-1e-05,7e-06,2.1e-05,-0.008942,0.076672,0.019022,-0.048281,0.941469,-0.267901,-0.204606,0.299491,0.943334,0.142914,0.154725,-0.195826,0.968354,-4e-06,0.005214,-0.004536,0.137677,0.439097,-0.018293,-1.057489
575,0.148222,-0.062852,0.313919,-0.887473,0.41715,-0.19602,-0.446849,-0.882963,0.143789,-0.111996,0.214675,0.970257,7e-06,5.2e-05,6.7e-05,-0.532127,0.72727,-0.027461,-1.436162,-0.189763,-0.058504,0.303648,-0.737246,0.1048,0.66744,0.100503,-0.959814,0.261894,0.668976,0.260037,0.696215,-0.015999,-7.9e-05,0.001077,-0.002045,0.015205,-0.029245,0.130923,0.032148,0.024944,-0.005314,0.751892,-0.129106,0.64652,-0.050196,0.966581,0.251397,-0.657372,-0.221476,0.720284,1e-06,4e-06,1.2e-05,-6e-06,8e-06,1.3e-05,-0.010412,0.076553,0.019047,-0.048276,0.932493,-0.311845,-0.182231,0.33833,0.930786,0.138453,0.126443,-0.190761,0.973458,-0.008041,0.000477,0.000521,-2.111163,1.899914,-0.582706,-1.059285
576,0.147896,-0.062758,0.31385,-0.871147,0.461592,-0.167575,-0.484448,-0.863678,0.139076,-0.079454,0.201757,0.976221,-5e-05,-0.000357,-0.000467,0.224898,0.524369,0.041771,-1.456817,-0.190042,-0.058505,0.303633,-0.736828,0.104034,0.668021,0.101196,-0.959908,0.261282,0.669331,0.259999,0.695887,-0.016033,-0.000461,0.000559,-0.002045,0.015205,-0.029245,0.129999,0.032009,0.024944,-0.005321,0.751526,-0.128315,0.647103,-0.050903,0.966698,0.250805,-0.657735,-0.221426,0.719967,-2.1e-05,-0.000245,-0.000321,-6e-06,3e-06,2e-06,-0.011065,0.07639,0.019094,-0.048309,0.921308,-0.35731,-0.153361,0.377757,0.915968,0.13528,0.092137,-0.182568,0.978866,-0.008063,0.005417,-0.004369,0.310956,0.613508,0.09994,-1.05504
577,0.14775,-0.062683,0.313777,-0.863384,0.481001,-0.152488,-0.50034,-0.855257,0.134785,-0.064515,0.192063,0.979274,-0.000141,0.009247,-0.010621,0.135757,0.798119,0.051344,-1.475895,-0.19014,-0.058519,0.303604,-0.738137,0.105216,0.666389,0.100809,-0.959394,0.263314,0.667946,0.261415,0.696687,-0.000132,-0.001505,-0.002014,-0.00178,0.013404,-0.025447,0.129441,0.031954,0.024939,-0.005333,0.752736,-0.129572,0.645444,-0.050487,0.966189,0.25284,-0.656383,-0.222909,0.720744,-6.6e-05,-0.000753,-0.001002,-0.000241,0.015483,-0.027571,-0.012045,0.076317,0.01913,-0.04834,0.915731,-0.377,-0.138949,0.394379,0.909498,0.131444,0.07682,-0.175166,0.981536,-1.8e-05,-4.9e-05,-5.3e-05,-0.337743,1.445393,-0.172948,-1.054876
578,0.147489,-0.062545,0.313545,-0.846835,0.517562,-0.12266,-0.530509,-0.838572,0.12381,-0.037731,0.169269,0.984861,-0.000402,0.007374,-0.01307,0.261575,1.17165,1.646214,-1.538225,-0.190299,-0.058538,0.303573,-0.738032,0.105022,0.666535,0.100976,-0.959421,0.26315,0.668036,0.261393,0.696609,-0.016061,-0.000747,0.000171,-0.002045,0.015205,-0.029245,0.128599,0.03188,0.024927,-0.005351,0.75264,-0.129376,0.645596,-0.050645,0.966225,0.252672,-0.656481,-0.222868,0.720668,-3.6e-05,-0.000419,-0.000557,2.1e-05,4.1e-05,-4.3e-05,-0.012861,0.076187,0.019204,-0.048457,0.903632,-0.414148,-0.109225,0.42565,0.896701,0.121441,0.047648,-0.156229,0.98657,-0.000193,0.00362,-0.006631,0.205258,1.087497,1.66193,-1.053243
579,0.147292,-0.062376,0.313151,-0.836421,0.540285,-0.092399,-0.547982,-0.828345,0.116331,-0.012649,0.147257,0.989032,-0.000476,0.006852,-0.01376,0.321584,0.60725,0.1043,-1.626505,-0.190386,-0.058554,0.303524,-0.737865,0.104715,0.666768,0.101233,-0.959467,0.262883,0.668182,0.261348,0.696486,-8.8e-05,-0.000989,-0.001325,0.0,0.0,0.0,0.126789,0.031831,0.02492,-0.005375,0.752485,-0.129039,0.645843,-0.050927,0.966281,0.252399,-0.656636,-0.222818,0.720541,-5.5e-05,-0.000621,-0.000833,4e-06,9e-06,-2e-06,-0.014494,0.076088,0.019285,-0.048652,0.895234,-0.438699,-0.078085,0.445168,0.888199,0.113691,0.019479,-0.136541,0.990442,-0.000209,0.003668,-0.006552,0.395114,0.834382,0.09919,-1.075614
580,0.147108,-0.062067,0.312633,-0.821317,0.566774,-0.065197,-0.570509,-0.814774,0.103122,0.006344,0.12118,0.992624,-0.00041,0.007321,-0.013156,0.264463,0.672915,0.375281,-1.712331,-0.190439,-0.058554,0.303458,-0.739213,0.105969,0.665075,0.100719,-0.958963,0.264914,0.666768,0.262689,0.697336,-4.7e-05,-0.000528,-0.000708,-1e-06,-1e-06,1e-06,0.123784,0.031804,0.024919,-0.005409,0.753745,-0.130396,0.6441,-0.050364,0.965772,0.254455,-0.655234,-0.224234,0.721378,-2.6e-05,-0.000304,-0.000407,0.002287,0.003054,-0.003128,-0.016943,0.075996,0.019437,-0.048913,0.883151,-0.466324,-0.050841,0.469081,0.877382,0.100807,-0.002401,-0.112876,0.993605,-0.000225,0.003388,-0.006939,0.261928,0.932786,1.554348,-1.075124
581,0.147029,-0.061832,0.312309,-0.814966,0.577103,-0.053177,-0.579428,-0.80924,0.096775,0.013826,0.108957,0.993964,-0.000361,0.00767,-0.012702,0.380139,0.653637,0.118165,-1.754594,-0.190454,-0.058559,0.303418,-0.739182,0.10591,0.665119,0.10074,-0.958983,0.264834,0.666799,0.262639,0.697325,-0.000111,-0.001244,-0.001667,-0.0,-0.0,0.0,0.122301,0.031797,0.024918,-0.005427,0.753701,-0.130316,0.644168,-0.050393,0.965799,0.254345,-0.655283,-0.224162,0.721357,-6.1e-05,-0.000709,-0.000948,-0.001481,0.013812,-0.025862,-0.01874,0.075956,0.019554,-0.049076,0.8779,-0.477191,-0.039722,0.47872,0.872781,0.095286,-0.010801,-0.102667,0.994656,-0.00822,0.009293,-0.01068,0.426802,0.694527,0.12806,-1.073165
582,0.146998,-0.061265,0.311669,-0.798236,0.601184,-0.037961,-0.601975,-0.79365,0.087855,0.023678,0.092227,0.99547,0.015925,0.018658,-0.020831,0.195425,0.983262,5.827435,-1.807702,-0.190461,-0.058532,0.303315,-0.739176,0.105888,0.665129,0.100619,-0.95904,0.264672,0.666825,0.262438,0.697377,-0.000728,0.00977,-0.009974,0.036425,-0.010717,0.018156,0.120687,0.031793,0.024926,-0.005476,0.753687,-0.13028,0.644191,-0.050304,0.965846,0.254185,-0.655305,-0.223981,0.721392,-4.4e-05,-0.000517,-0.000691,2e-06,6e-06,-1.5e-05,-0.021026,0.075934,0.019832,-0.049395,0.867039,-0.497622,-0.024793,0.497758,0.862941,0.087002,-0.021899,-0.087775,0.995899,-6.9e-05,0.009701,-0.010032,0.070763,0.075547,-0.104985,-1.068266
583,0.147007,-0.060667,0.31107,-0.785967,0.617751,-0.02619,-0.617575,-0.782161,0.082448,0.031421,0.080201,0.996297,-8.5e-05,0.019831,-0.019527,0.400812,0.503001,0.293213,-1.825851,-0.19047,-0.058513,0.303185,-0.739091,0.105722,0.66525,0.100618,-0.95912,0.264383,0.666919,0.262214,0.69737,-0.000173,-0.001947,-0.002612,-0.001779,0.013422,-0.025438,0.119303,0.031789,0.024942,-0.005542,0.753626,-0.130137,0.644291,-0.050264,0.965924,0.253895,-0.655378,-0.223727,0.721404,-0.000371,0.004781,-0.005126,0.03642,-0.010705,0.018135,-0.023148,0.075945,0.020131,-0.049693,0.853802,-0.520429,-0.01315,0.519639,0.850432,0.08209,-0.031539,-0.076922,0.996537,-6.2e-05,0.004641,-0.00529,0.049998,0.019329,0.024347,-1.079206
584,0.147105,-0.06011,0.310556,-0.771248,0.6364,-0.014721,-0.635372,-0.768079,0.079551,0.040275,0.069909,0.996754,3.6e-05,0.010476,-0.00903,0.22117,0.28521,0.163808,-1.839358,-0.190505,-0.058506,0.303022,-0.738958,0.105469,0.665438,0.100682,-0.959216,0.26401,0.667056,0.261965,0.697332,-0.000209,-0.002339,-0.003141,0.0,0.0,0.0,0.116793,0.031771,0.024946,-0.005622,0.75351,-0.129875,0.644479,-0.050337,0.966018,0.253523,-0.655505,-0.223473,0.721367,-9.1e-05,-0.001048,-0.001406,-8e-06,-3e-06,-1e-05,-0.025434,0.075993,0.020413,-0.049955,0.84098,-0.541064,-0.000218,0.539407,0.838372,0.078561,-0.042324,-0.066186,0.996908,0.008059,0.010049,-0.009472,0.330869,0.361103,0.233708,-1.066143
585,0.147179,-0.059875,0.310369,-0.765522,0.643402,-0.00743,-0.641793,-0.762591,0.080797,0.047267,0.065814,0.996726,8.3e-05,0.010815,-0.008586,0.112809,0.124113,0.083201,-1.847614,-0.190523,-0.058508,0.302934,-0.738913,0.10538,0.665502,0.100678,-0.959259,0.263852,0.667107,0.261841,0.697331,-0.000179,-0.002003,-0.002691,0.0,0.0,0.0,0.115632,0.031762,0.024943,-0.00567,0.753464,-0.129767,0.644555,-0.050351,0.966062,0.253354,-0.655558,-0.223347,0.721359,-0.000107,-0.001231,-0.001654,-1.5e-05,-1.5e-05,5e-06,-0.026904,0.076031,0.02053,-0.050048,0.835795,-0.548983,0.007903,0.54674,0.833524,0.079449,-0.050203,-0.062082,0.996807,0.008065,0.005003,-0.004706,0.09251,0.089422,0.122496,-1.069572
586,0.147377,-0.059561,0.310135,-0.756296,0.654225,0.007192,-0.652082,-0.754546,0.073626,0.054531,0.050173,0.997264,0.00016,0.011376,-0.007851,0.181661,0.222228,0.133552,-1.868107,-0.190586,-0.058505,0.302717,-0.738797,0.105153,0.665667,0.100664,-0.959373,0.263445,0.667237,0.261517,0.697328,-0.000201,-0.002245,-0.00302,0.0,0.0,0.0,0.114708,0.031731,0.024943,-0.005779,0.753363,-0.129533,0.64472,-0.050345,0.966169,0.252944,-0.655674,-0.223017,0.721355,-9.8e-05,-0.001141,-0.001533,-1e-05,4e-06,1e-06,-0.02919,0.07613,0.020692,-0.050169,0.827851,-0.560499,0.022406,0.557823,0.826793,0.072424,-0.059119,-0.047458,0.997121,8.8e-05,0.005724,-0.003876,0.163093,0.188576,0.133747,-1.067776
587,0.147655,-0.059529,0.310112,-0.738847,0.673495,0.02356,-0.670827,-0.738288,0.069965,0.06543,0.035045,0.997256,2e-06,1.4e-05,1.9e-05,0.370089,0.596123,0.295869,-1.880629,-0.190675,-0.058482,0.302475,-0.738673,0.104907,0.665842,0.100614,-0.959509,0.262968,0.667382,0.261117,0.697339,-0.000208,-0.00231,-0.003111,0.0,0.0,0.0,0.113089,0.031686,0.024954,-0.005901,0.753256,-0.129278,0.644897,-0.050305,0.966297,0.252465,-0.655801,-0.222612,0.721366,-0.000101,-0.001163,-0.001565,-5e-06,-7e-06,1.2e-05,-0.030823,0.076269,0.020709,-0.050178,0.813153,-0.580865,0.037103,0.577706,0.813218,0.070228,-0.070965,-0.035672,0.99684,-5e-06,-2.5e-05,-3.4e-05,0.338341,0.531106,0.296227,-1.058305
588,0.14787,-0.059576,0.310104,-0.732796,0.679911,0.027863,-0.677276,-0.732632,0.067224,0.067027,0.02954,0.997328,0.015969,-0.001249,-0.001431,0.139516,0.20847,0.140037,-1.881727,-0.190733,-0.058468,0.302341,-0.7386,0.104761,0.665947,0.100594,-0.959586,0.262695,0.667466,0.260893,0.697342,-0.000262,-0.002906,-0.003916,-0.001778,0.013457,-0.025419,0.111949,0.031658,0.024964,-0.005964,0.7532,-0.129144,0.644989,-0.050274,0.966368,0.252201,-0.655867,-0.222384,0.721375,-0.000439,0.004007,-0.006171,0.036418,-0.010766,0.01814,-0.031966,0.076371,0.020687,-0.050181,0.807438,-0.588404,0.042706,0.58532,0.80805,0.066742,-0.07378,-0.028894,0.996855,0.007967,-0.000732,-0.000857,0.204655,0.310302,0.192566,-1.060102
589,0.148335,-0.059702,0.310115,-0.720416,0.692618,0.036421,-0.690134,-0.721011,0.061887,0.070015,0.018582,0.997386,-3.3e-05,-0.000239,-0.000314,0.051637,0.083361,0.041157,-1.884639,-0.19087,-0.058424,0.302097,-0.739929,0.105963,0.664279,0.09988,-0.959184,0.264432,0.6661,0.261884,0.698277,-0.016883,0.008206,-0.010933,0.034379,0.004424,-0.011123,0.110253,0.031595,0.02498,-0.006086,0.754432,-0.130431,0.643288,-0.049544,0.965945,0.253957,-0.654505,-0.223465,0.722278,-0.00012,-0.001367,-0.001841,-0.000238,0.015522,-0.027514,-0.034742,0.076609,0.020622,-0.050178,0.79624,-0.602756,0.051823,0.599894,0.797728,0.061289,-0.078283,-0.017713,0.996773,0.007973,-0.005842,0.00382,-0.011596,0.032901,0.060173,-1.067776
590,0.148982,-0.059801,0.310094,-0.702092,0.710578,0.046807,-0.708469,-0.703565,0.05513,0.072975,0.004655,0.997337,0.015869,-0.002009,-0.002456,0.175727,0.183013,0.32859,-1.886148,-0.191029,-0.058389,0.301895,-0.739775,0.10566,0.664499,0.099903,-0.959319,0.263931,0.666268,0.26151,0.698257,-0.000154,-0.001687,-0.002279,-0.0,-0.0,0.0,0.106669,0.031509,0.025001,-0.006191,0.754282,-0.130097,0.643531,-0.049572,0.966088,0.253409,-0.654676,-0.223043,0.722253,-0.00041,0.004329,-0.00574,0.036433,-0.010764,0.018086,-0.038661,0.076927,0.020575,-0.050185,0.780503,-0.622128,0.061401,0.619676,0.782897,0.055425,-0.082552,-0.005211,0.996572,0.008001,-0.000469,-0.000528,0.233222,0.35998,0.228914,-1.056509
591,0.149365,-0.059838,0.310049,-0.695465,0.716781,0.050966,-0.714875,-0.697267,0.052392,0.073951,-0.000895,0.997275,0.015822,-0.002365,-0.002934,0.105596,0.16961,0.088049,-1.886593,-0.191107,-0.058359,0.301818,-0.741128,0.106922,0.662788,0.099322,-0.958832,0.265914,0.664849,0.262779,0.699132,-0.000754,0.009444,-0.010427,-0.32883,-0.522666,0.558748,0.106272,0.03147,0.025011,-0.006227,0.755132,-0.130993,0.642351,-0.049161,0.965759,0.254737,-0.653725,-0.223939,0.722837,-0.008093,-0.000718,-0.000398,-1.217829,-1.690686,1.774779,-0.040131,0.077118,0.020557,-0.050206,0.77433,-0.629328,0.066007,0.627135,0.777138,0.052499,-0.084335,0.000743,0.996436,0.007972,-0.000702,-0.000838,0.115825,0.169839,0.128449,-1.061408
592,0.150237,-0.05988,0.309899,-0.676525,0.733883,0.061436,-0.732622,-0.679095,0.04546,0.07592,-0.015173,0.997012,0.01591,-0.001731,-0.002122,0.12346,0.176809,0.268789,-1.886199,-0.191223,-0.058263,0.301712,-0.741109,0.106865,0.662818,0.099127,-0.958934,0.265616,0.6649,0.262427,0.699215,-0.000646,0.010612,-0.008849,0.036422,-0.010821,0.018101,0.106172,0.031412,0.025058,-0.006281,0.755504,-0.131372,0.641836,-0.048789,0.965686,0.255087,-0.653324,-0.224034,0.72317,4e-06,3.2e-05,4.4e-05,8.8e-05,0.000131,-0.000144,-0.041274,0.077542,0.020535,-0.050283,0.757887,-0.647892,0.076433,0.646424,0.761592,0.045957,-0.087986,0.014578,0.996014,0.007941,-0.001052,-0.001341,0.255929,0.312431,1.824688,-1.05357
593,0.151132,-0.059824,0.309654,-0.656046,0.751098,0.074173,-0.750854,-0.659412,0.036957,0.07748,-0.032388,0.996481,0.031931,-0.00262,-0.003182,0.125089,0.170989,0.170533,-1.88481,-0.191312,-0.058162,0.301646,-0.741071,0.106778,0.662875,0.098998,-0.959026,0.265332,0.664962,0.262127,0.699269,-0.016018,-3e-05,0.001111,-0.002045,0.015205,-0.029245,0.105021,0.031374,0.025114,-0.006316,0.755485,-0.13131,0.641871,-0.04862,0.96577,0.254798,-0.653358,-0.223704,0.723241,4e-06,1.8e-05,2.8e-05,-4e-06,-1.4e-05,1e-06,-0.042253,0.077996,0.020561,-0.050407,0.739004,-0.667737,0.089435,0.667435,0.743714,0.037657,-0.091658,0.031864,0.99528,0.007934,0.004242,-0.005767,0.160226,0.167561,0.210286,-1.055039
