frame,MLTx,MLTy,MLTz,MLTR1,MLTR2,MLTR3,MLTR4,MLTR5,MLTR6,MLTR7,MLTR8,MLTR9,MLTTVx,MLTTVy,MLTTVz,MLTRVx,MLTRVy,MLTRVz,MLGA,MRTx,MRTy,MRTz,MRTR1,MRTR2,MRTR3,MRTR4,MRTR5,MRTR6,MRTR7,MRTR8,MRTR9,MRTTVx,MRTTVy,MRTTVz,MRTRVx,MRTRVy,MRTRVz,MRGA,SLTx,SLTy,SLTz,SLTR1,SLTR2,SLTR3,SLTR4,SLTR5,SLTR6,SLTR7,SLTR8,SLTR9,SLTTVx,SLTTVy,SLTTVz,SLTRVx,SLTRVy,SLTRVz,SLGA,SRTx,SRTy,SRTz,SRTR1,SRTR2,SRTR3,SRTR4,SRTR5,SRTR6,SRTR7,SRTR8,SRTR9,SRTTVx,SRTTVy,SRTTVz,SRTRVx,SRTRVy,SRTRVz,SRGA
102,0.068765,0.030209,0.436809,-0.473099,0.319898,-0.820906,-0.366195,-0.918826,-0.147078,-0.800737,0.230626,0.552864,0.002543,0.013757,-0.00826,0.036463,-0.028197,0.042644,0.459168,-0.099175,-0.028292,0.413852,0.456294,-0.158357,0.87562,0.230645,0.971413,0.055621,-0.859951,0.176755,0.478649,-0.001673,0.00195,0.051037,0.205189,-1.382811,-0.656085,-0.750484,0.029764,0.030607,-0.002444,-0.502559,0.147805,0.851814,-0.197851,-0.978792,0.053109,0.841599,-0.141842,0.521144,-0.000853,0.00087,0.025456,0.130289,-1.041879,-0.5404,-0.599564,0.080129,0.045823,-0.043967,-0.518437,0.282894,-0.806965,-0.279839,-0.947856,-0.152502,-0.808029,0.146758,0.570569,0.006814,0.004631,-0.005411,0.036142,-0.036108,0.045125,0.435967
103,0.068869,0.030388,0.43667,-0.476032,0.316938,-0.820359,-0.366653,-0.919365,-0.142494,-0.798785,0.232556,0.554875,0.001736,0.011595,-0.009209,-1.510671,1.093966,-1.985109,0.457704,-0.099251,-0.028175,0.414692,0.484481,-0.141568,0.863266,0.210789,0.976595,0.041988,-0.849596,0.161781,0.501873,-0.002216,0.006717,0.037647,-1.142582,-1.701957,-1.576321,-0.539829,0.029726,0.030667,-0.002029,-0.527475,0.13324,0.839057,-0.183069,-0.982249,0.040892,0.829611,-0.132036,0.542504,-0.001142,0.003346,0.018824,0.245563,-1.413021,-0.882011,-0.521511,0.080182,0.045913,-0.044032,-0.51949,0.281512,-0.806771,-0.27995,-0.948132,-0.150574,-0.807314,0.147634,0.571355,0.001025,0.006208,-0.004428,0.035784,-0.019239,0.017087,0.434171
104,0.069001,0.03066,0.43642,-0.478997,0.313777,-0.819848,-0.366726,-0.920033,-0.137925,-0.796975,0.234198,0.556785,0.000166,0.000447,0.000196,-3e-06,2e-06,-4e-06,0.454643,-0.099225,-0.0279,0.415699,0.5411,-0.089892,0.836135,0.141616,0.989776,0.014901,-0.829587,0.110439,0.547221,-0.00296,0.014518,0.009801,-4.390106,-1.350051,-3.651564,-0.26424,0.029736,0.030811,-0.001497,-0.584497,0.078782,0.807562,-0.112002,-0.99358,0.015865,0.803628,-0.081176,0.589568,0.005893,0.004013,0.01031,0.190579,-1.665732,-0.77562,-0.405902,0.080249,0.046057,-0.044164,-0.523682,0.276209,-0.805893,-0.280057,-0.94922,-0.143346,-0.804564,0.150629,0.574444,0.00049,0.004772,-0.005054,0.038339,-0.020686,0.020409,0.429925
105,0.069019,0.030868,0.436179,-0.480451,0.313116,-0.81925,-0.372095,-0.91861,-0.13294,-0.793604,0.240572,0.558877,-0.000482,-0.001296,-0.000569,-3e-06,2e-06,-4e-06,0.452445,-0.09885,-0.027452,0.416042,0.596994,-0.033106,0.801557,0.068776,0.99755,-0.009879,-0.799998,0.061048,0.596775,0.010446,0.018922,-0.005074,-0.938311,-1.718847,-1.480998,-0.096686,0.029919,0.031032,-0.00132,-0.63528,0.017954,0.772073,-0.033446,-0.999431,-0.00428,0.771557,-0.028542,0.635518,0.006094,0.004474,0.002265,-4.147331,-1.372271,-3.726294,-0.326216,0.080258,0.046162,-0.044284,-0.525046,0.275421,-0.805275,-0.285449,-0.94837,-0.138247,-0.801776,0.157279,0.576556,0.000138,0.003822,-0.005468,0.036255,-0.010115,-0.007035,0.426006
106,0.068983,0.031071,0.435971,-0.480613,0.312632,-0.81934,-0.371311,-0.918934,-0.132893,-0.793874,0.239965,0.558756,-4e-06,-1e-05,-4e-06,0.0,0.0,0.0,0.44746,-0.098103,-0.027048,0.415975,0.641488,0.032325,0.766446,-0.014414,0.999415,-0.029936,-0.767753,0.008096,0.640588,0.026691,0.005305,0.000926,-0.117318,-1.305305,-0.70028,-0.023016,0.030276,0.031236,-0.001357,-0.676244,-0.049381,0.73502,0.050763,-0.998502,-0.02038,0.734925,0.02353,0.677738,0.006093,0.005489,-0.005279,-4.096346,-0.94464,-3.942234,-0.269554,0.080238,0.046258,-0.04439,-0.525135,0.274955,-0.805377,-0.284629,-0.948613,-0.138267,-0.802009,0.156625,0.57641,-0.005302,0.006314,-0.004083,0.021411,0.06779,-0.199064,0.420617
107,0.06896,0.031179,0.435881,-0.48094,0.312102,-0.81935,-0.370788,-0.919194,-0.132555,-0.79392,0.23966,0.558822,-0.011433,0.0035,0.002117,-0.000984,0.014715,-0.029553,0.446338,-0.097661,-0.026953,0.415908,0.660036,0.07126,0.747841,-0.062292,0.997227,-0.039892,-0.749421,-0.020362,0.661678,0.013849,0.000245,-0.001157,-0.076623,-1.432149,-0.789691,0.007581,0.030512,0.031285,-0.00139,-0.692661,-0.089963,0.71563,0.100285,-0.994565,-0.027962,0.714256,0.052399,0.697918,0.0137,0.000889,-0.000726,-0.937449,-1.611404,-1.657025,-0.216648,0.080227,0.046312,-0.044436,-0.52541,0.274396,-0.805387,-0.284076,-0.948826,-0.137944,-0.802025,0.156314,0.576473,-0.005715,0.001747,0.001058,-0.000947,0.014717,-0.029574,0.418658
108,0.068942,0.031363,0.435696,-0.481475,0.311187,-0.819384,-0.369838,-0.919654,-0.132014,-0.794037,0.239085,0.5589,0.000882,0.009292,-0.010204,0.034605,-0.018085,0.015722,0.442428,-0.096468,-0.026811,0.415799,0.690128,0.148231,0.708338,-0.151428,0.986685,-0.058782,-0.708468,-0.066898,0.702467,0.040945,0.003761,-0.001459,0.227193,-1.55044,-0.555287,0.057861,0.031099,0.031349,-0.001448,-0.71769,-0.16833,0.67571,0.190232,-0.980827,-0.042289,0.669874,0.098192,0.735952,0.01371,0.000935,-0.000712,-0.108105,-1.17654,-0.478366,-0.133696,0.080218,0.046401,-0.044524,-0.525871,0.273424,-0.805418,-0.283089,-0.9492,-0.137402,-0.802072,0.155749,0.57656,0.000446,0.00464,-0.005106,0.034625,-0.018072,0.015716,0.415882
109,0.068946,0.031518,0.435518,-0.483373,0.309071,-0.819067,-0.369457,-0.920199,-0.129262,-0.79306,0.239738,0.560008,-0.0,-1e-06,-0.0,-0.0,0.0,-0.0,0.441255,-0.09525,-0.026701,0.415765,0.709265,0.215805,0.671091,-0.221873,0.971927,-0.07788,-0.669931,-0.093947,0.736363,0.027327,0.002458,-0.00102,0.263803,-1.245468,-0.35895,0.066465,0.031715,0.0314,-0.001469,-0.732987,-0.237273,0.63752,0.261213,-0.96352,-0.058275,0.62809,0.123813,0.768226,0.014422,-0.003444,0.00457,0.238389,-1.410767,-0.284522,-0.099405,0.08022,0.046482,-0.044617,-0.527539,0.271139,-0.805099,-0.282585,-0.949739,-0.134687,-0.801153,0.156456,0.577645,0.000446,0.004652,-0.005097,0.034803,-0.018247,0.015976,0.41229
110,0.068955,0.031616,0.435411,-0.483173,0.310247,-0.818741,-0.374906,-0.918335,-0.126803,-0.790623,0.245291,0.561048,-0.0,-0.0,-0.0,-4.524794,-0.70078,3.100645,0.440955,-0.094736,-0.02666,0.415742,0.716674,0.241487,0.654258,-0.245046,0.965496,-0.087767,-0.653761,-0.097743,0.750271,0.027385,0.002235,-0.001176,0.259652,-1.176232,-0.326508,0.068474,0.031982,0.031421,-0.001481,-0.738991,-0.263637,0.61999,0.284649,-0.956263,-0.067345,0.610628,0.126712,0.781714,0.013704,0.001056,-0.000648,0.283391,-1.275717,-0.349093,-0.09369,0.080225,0.046531,-0.044671,-0.529014,0.269271,-0.804758,-0.282509,-0.950111,-0.132196,-0.800207,0.157418,0.578694,0.000446,0.004653,-0.005096,0.037391,-0.020109,0.019188,0.410983
111,0.068992,0.031859,0.435164,-0.486327,0.306975,-0.818106,-0.374859,-0.918996,-0.12206,-0.788706,0.246926,0.563025,0.000895,0.009323,-0.010182,0.022109,-0.009009,-0.000466,0.441008,-0.093747,-0.026585,0.415657,0.724549,0.29151,0.624533,-0.2896,0.951029,-0.107745,-0.62625,-0.103181,0.772675,0.02757,0.00149,-0.001693,0.227483,-1.151645,-0.175633,0.068254,0.032476,0.031459,-0.001523,-0.743361,-0.313921,0.590649,0.329505,-0.940313,-0.085063,0.582098,0.13139,0.802431,0.013783,0.000767,-0.00085,0.257053,-1.285492,-0.207982,-0.084546,0.080243,0.046649,-0.04479,-0.530302,0.268724,-0.804093,-0.287961,-0.949144,-0.127287,-0.797406,0.164047,0.580715,1e-06,-5e-06,-1e-06,-0.040886,0.029874,-0.053244,0.410167
112,0.069021,0.032107,0.434865,-0.487704,0.305346,-0.817896,-0.374432,-0.919435,-0.120048,-0.788057,0.247312,0.563763,-7.3e-05,-0.000196,-8.6e-05,-0.0,0.0,-0.0,0.441596,-0.092725,-0.026415,0.415594,0.723073,0.348368,0.596487,-0.350338,0.929153,-0.117776,-0.596147,-0.124265,0.793114,0.025315,0.014097,-0.009683,-0.126308,-0.528481,-0.499525,0.039417,0.032979,0.031533,-0.001555,-0.739237,-0.371179,0.561919,0.38959,-0.916306,-0.092744,0.549315,0.150359,0.821975,0.013351,0.002728,0.000475,-0.86143,-0.418587,-1.4628,-0.112305,0.080257,0.046776,-0.044943,-0.531478,0.266999,-0.803891,-0.28743,-0.949563,-0.125353,-0.796815,0.16444,0.581415,0.000409,0.004542,-0.00514,0.036114,-0.019198,0.017504,0.410004
113,0.069052,0.032382,0.434536,-0.487645,0.304959,-0.818075,-0.373444,-0.919799,-0.120339,-0.788563,0.246437,0.56344,0.000885,0.009292,-0.010185,0.034576,-0.018165,0.015693,0.441413,-0.091994,-0.026142,0.415491,0.727953,0.390993,0.563205,-0.388784,0.912013,-0.130429,-0.565545,-0.124526,0.815178,0.011996,0.011205,-0.010286,-0.68202,-0.688495,-1.59828,0.056419,0.033344,0.031674,-0.001604,-0.742149,-0.409339,0.530712,0.422908,-0.900298,-0.103006,0.519964,0.147996,0.841268,0.006018,0.005519,-0.005216,0.318872,-1.184877,-0.341615,-0.115408,0.080272,0.046907,-0.0451,-0.531402,0.266617,-0.804068,-0.286442,-0.949823,-0.125639,-0.797221,0.163554,0.581109,0.000452,0.004655,-0.00509,0.022598,0.05387,-0.169262,0.410493
114,0.069065,0.032516,0.434391,-0.487591,0.305982,-0.817726,-0.37868,-0.917989,-0.117765,-0.786097,0.251849,0.564491,0.000901,0.009333,-0.010164,0.034572,-0.018175,0.01569,0.44117,-0.091705,-0.025997,0.415335,0.732018,0.408166,0.545473,-0.404582,0.90463,-0.13376,-0.54895,-0.123303,0.826628,0.012441,0.00924,-0.011618,0.20858,-1.026448,-0.418444,0.069052,0.033497,0.031755,-0.001683,-0.74281,-0.431238,0.512119,0.443789,-0.889882,-0.105639,0.501282,0.148803,0.852392,0.006249,0.004497,-0.005905,0.240258,-1.128044,-0.448836,-0.100712,0.08028,0.04698,-0.04518,-0.531417,0.267651,-0.803715,-0.291765,-0.948552,-0.122968,-0.795278,0.169149,0.582169,0.000461,0.004678,-0.005075,0.036371,-0.019237,0.017577,0.41033
115,0.069101,0.032786,0.434093,-0.487456,0.305719,-0.817904,-0.377816,-0.918297,-0.118137,-0.786595,0.251044,0.564155,0.000876,0.009263,-0.01019,0.034565,-0.018196,0.015682,0.438921,-0.091092,-0.025685,0.414824,0.729506,0.460686,0.50555,-0.459103,0.877702,-0.137102,-0.507783,-0.132678,0.851126,0.012937,0.00709,-0.013081,-0.505112,-1.014405,-1.355707,0.066969,0.033803,0.03191,-0.001939,-0.736643,-0.483538,0.472808,0.496978,-0.861208,-0.106453,0.45866,0.156557,0.874711,0.006493,0.00342,-0.006637,-0.481735,-1.114024,-1.397535,-0.089934,0.080297,0.047112,-0.045326,-0.531266,0.267407,-0.803896,-0.290889,-0.94877,-0.123359,-0.7957,0.168308,0.581835,0.00044,0.004624,-0.005098,0.034722,-0.0182,0.015656,0.408697
116,0.069111,0.033026,0.433813,-0.489098,0.303821,-0.817631,-0.377271,-0.918818,-0.115806,-0.785836,0.251444,0.565034,0.00056,0.008414,-0.010558,0.034557,-0.018216,0.015674,0.438249,-0.090722,-0.025357,0.414299,0.720953,0.520533,0.457454,-0.521301,0.842323,-0.136644,-0.457341,-0.140627,0.878024,-0.001065,0.007197,-0.011638,-2.131813,-0.758489,-4.548307,0.073529,0.033986,0.032059,-0.002193,-0.725418,-0.539448,0.42751,0.553777,-0.826275,-0.102951,0.408777,0.162063,0.898129,-0.000455,0.003299,-0.006027,0.109342,-1.135291,-0.20965,-0.088301,0.080303,0.047235,-0.045464,-0.532716,0.265353,-0.803617,-0.290244,-0.949266,-0.121044,-0.794966,0.168763,0.582706,0.000185,0.003939,-0.005397,0.034818,-0.018347,0.015873,0.406901
117,0.069125,0.033146,0.433695,-0.490794,0.30207,-0.817264,-0.377172,-0.919172,-0.113297,-0.784825,0.252261,0.566075,0.001389,0.010639,-0.009579,0.034552,-0.018223,0.015668,0.437427,-0.090634,-0.025126,0.414035,0.71466,0.546247,0.436884,-0.547476,0.825586,-0.13642,-0.436086,-0.142392,0.888491,-0.001413,0.008703,-0.010612,-0.428674,-0.832755,-0.985096,0.090382,0.034035,0.032173,-0.002327,-0.717547,-0.566148,0.40571,0.579847,-0.808268,-0.102366,0.385877,0.161797,0.90825,0.005963,0.005805,-0.00501,0.370879,-1.46914,0.260172,-0.078177,0.080308,0.047288,-0.045526,-0.534268,0.263395,-0.80323,-0.290051,-0.949648,-0.118481,-0.793994,0.169677,0.583765,0.000461,0.004681,-0.00507,0.037829,-0.020585,0.019634,0.406085
118,0.069147,0.033343,0.433493,-0.490631,0.303198,-0.816944,-0.382284,-0.917345,-0.110937,-0.782452,0.257493,0.567004,5.8e-05,0.000157,6.9e-05,-0.406338,-0.055179,0.282021,0.43687,-0.09047,-0.02455,0.413458,0.705883,0.586922,0.39654,-0.587857,0.797746,-0.134015,-0.395865,-0.139263,0.907612,0.011718,0.012338,-0.00951,0.27048,-1.037926,0.713503,0.111056,0.034111,0.032469,-0.002622,-0.70217,-0.610668,0.366115,0.623532,-0.775645,-0.097881,0.343749,0.159556,0.925406,-0.001562,0.009392,-0.010138,0.28008,-1.208639,0.56501,-0.044213,0.080321,0.047394,-0.045629,-0.534296,0.264306,-0.802913,-0.294767,-0.948492,-0.116077,-0.792237,0.174652,0.584684,0.000489,0.004775,-0.005035,-1.334844,-0.20484,0.965244,0.404615
119,0.069161,0.033504,0.433307,-0.492337,0.30137,-0.816593,-0.381982,-0.917766,-0.108471,-0.781525,0.258139,0.567987,-2e-06,-5e-06,-2e-06,-9e-06,7e-06,-1.2e-05,0.436035,-0.090323,-0.023953,0.41291,0.688288,0.629056,0.361302,-0.632153,0.764429,-0.126351,-0.35652,-0.142238,0.923322,-0.003208,0.019011,-0.020114,-0.247448,-0.767757,-0.774721,0.112343,0.03419,0.032766,-0.002891,-0.682299,-0.650853,0.332952,0.664791,-0.741846,-0.087839,0.304169,0.161412,0.938843,-0.000896,0.005239,-0.004757,-1.698829,-0.263854,-4.375737,-0.032946,0.080328,0.047475,-0.045722,-0.535693,0.262579,-0.802548,-0.29488,-0.948758,-0.113587,-0.79125,0.175808,0.585673,3e-06,0.0,-1e-06,0.003355,-0.002363,0.003898,0.403309
120,0.069165,0.033633,0.433172,-0.492368,0.301144,-0.816658,-0.381528,-0.917948,-0.108535,-0.781728,0.257758,0.567881,-0.0,-0.0,-0.0,-0.0,0.0,-0.0,0.436269,-0.090538,-0.023485,0.412449,0.663163,0.669271,0.335087,-0.676439,0.727562,-0.114096,-0.320975,-0.151857,0.934761,-0.01514,0.007684,-0.00992,-1.712308,0.121553,-4.350784,0.122835,0.034087,0.033005,-0.003125,-0.65743,-0.688218,0.306824,0.704278,-0.706,-0.074534,0.267913,0.167089,0.948842,-0.00094,0.005382,-0.004586,0.099738,-0.429916,0.55158,-0.022985,0.08033,0.047539,-0.04579,-0.535677,0.262381,-0.802624,-0.294404,-0.948892,-0.113709,-0.791439,0.175385,0.585545,2e-06,1e-06,3e-06,0.000131,-3.2e-05,4e-06,0.402819
121,0.06917,0.033689,0.433111,-0.494112,0.299444,-0.81623,-0.381583,-0.918229,-0.105933,-0.780598,0.258738,0.568988,-0.0,-0.0,-0.0,-0.0,0.0,-0.0,0.436025,-0.090649,-0.023261,0.412237,0.645232,0.691579,0.324633,-0.701062,0.704856,-0.107817,-0.304179,-0.158904,0.939195,-0.002022,0.011317,-0.008822,-1.695532,0.21856,-4.471573,0.131757,0.034026,0.033118,-0.003236,-0.635851,-0.712205,0.297414,0.730236,-0.679906,-0.066949,0.249895,0.174613,0.952397,-0.000975,0.005681,-0.004449,-1.714519,0.283915,-4.45222,-0.01531,0.080332,0.047567,-0.04582,-0.537262,0.260493,-0.802179,-0.29438,-0.949211,-0.111077,-0.790372,0.176468,0.586659,1e-06,1e-06,3e-06,0.00243,-0.00173,0.002885,0.402982
122,0.069178,0.033766,0.433028,-0.495905,0.297653,-0.815798,-0.381528,-0.918553,-0.103287,-0.779486,0.259653,0.570095,-0.011448,0.003358,0.002053,-0.002104,0.015546,-0.031005,0.433965,-0.090763,-0.022847,0.411879,0.635605,0.707892,0.308036,-0.718692,0.688283,-0.098403,-0.282458,-0.159741,0.945814,-0.001837,0.01052,-0.009361,0.067364,-0.236314,0.573652,0.155013,0.033969,0.033324,-0.00341,-0.623217,-0.729503,0.281823,0.748166,-0.66108,-0.056739,0.2277,0.17549,0.957786,-0.000948,0.005402,-0.004575,0.039798,-0.195593,0.588154,0.01049,0.080341,0.047605,-0.045863,-0.53887,0.258532,-0.801735,-0.29425,-0.949557,-0.108426,-0.789325,0.177483,0.587761,0.0,1e-06,-0.0,-0.009132,0.006798,-0.012127,0.401513
123,0.069181,0.033815,0.432964,-0.494122,0.300513,-0.815831,-0.386775,-0.916349,-0.103346,-0.778034,0.264098,0.570037,-3e-06,-7e-06,-3e-06,-0.0,-0.0,0.0,0.430776,-0.090806,-0.022601,0.411674,0.628009,0.722069,0.290196,-0.734149,0.673416,-0.086442,-0.258613,-0.159681,0.95262,-4.1e-05,0.000177,0.00012,0.047015,-0.196112,0.351554,0.178589,0.033946,0.033453,-0.003514,-0.61446,-0.743308,0.264443,0.762229,-0.6458,-0.044127,0.203577,0.174452,0.96339,-0.000749,0.004537,-0.005164,0.072137,-0.151426,0.382987,0.038249,0.080338,0.04763,-0.045894,-0.537342,0.261583,-0.801771,-0.299684,-0.947859,-0.1084,-0.788322,0.18203,0.587717,3e-06,5e-06,2e-06,0.000253,-1.4e-05,-0.0,0.398247
124,0.069174,0.033839,0.432943,-0.494286,0.300292,-0.815813,-0.386599,-0.916444,-0.103165,-0.778017,0.26402,0.570095,-0.0,-0.0,-0.0,-0.011696,0.073015,-0.184628,0.429399,-0.090814,-0.02256,0.41164,0.618139,0.734636,0.279653,-0.747288,0.659563,-0.080441,-0.244305,-0.160195,0.956303,-3e-05,0.000128,8.6e-05,-1.269373,-0.137446,-5.284328,0.184856,0.033943,0.033472,-0.003532,-0.608428,-0.750924,0.256763,0.770383,-0.636554,-0.036147,0.190588,0.175813,0.965797,-5e-06,2.2e-05,1.9e-05,0.004821,-0.101024,0.377442,0.054251,0.080334,0.047642,-0.045905,-0.537399,0.261468,-0.80177,-0.299559,-0.947906,-0.10834,-0.78833,0.181956,0.587729,0.000464,0.004696,-0.005057,0.034673,-0.01826,0.01557,0.395797
125,0.069142,0.03387,0.432926,-0.49479,0.299681,-0.815732,-0.386206,-0.916676,-0.102574,-0.777892,0.263909,0.570318,-0.0,-0.0,-0.0,0.0,0.0,0.0,0.427779,-0.090821,-0.022512,0.411586,0.611868,0.744243,0.26779,-0.757141,0.649058,-0.073457,-0.229235,-0.158757,0.960266,-0.000208,0.000898,0.000609,0.029839,-0.110103,0.167613,0.179874,0.03394,0.033493,-0.003561,-0.596717,-0.764753,0.243064,0.783366,-0.620827,-0.030162,0.173968,0.17241,0.96954,-0.000115,0.000493,0.00034,0.009741,-0.059326,0.179307,0.060946,0.080318,0.047658,-0.045913,-0.537927,0.260686,-0.801671,-0.299061,-0.948142,-0.107644,-0.78816,0.181843,0.587992,1e-06,2e-06,-0.0,7.3e-05,1.8e-05,-5.9e-05,0.393511
126,0.069119,0.033853,0.43293,-0.495156,0.29927,-0.815662,-0.385996,-0.916814,-0.102125,-0.777763,0.263897,0.5705,-0.000502,-0.001346,-0.000592,0.0,0.0,0.0,0.426268,-0.090827,-0.022413,0.411738,0.609785,0.751873,0.250681,-0.764607,0.641339,-0.063206,-0.209046,-0.154089,0.965619,-0.00118,0.005095,0.003451,-2.245224,-1.664338,0.522056,0.189973,0.033939,0.033537,-0.003489,-0.592961,-0.772292,0.22795,0.789839,-0.61292,-0.021978,0.156689,0.167012,0.973424,-0.000541,0.002322,0.001577,-0.022699,-0.186932,-0.356255,0.063559,0.080307,0.047652,-0.04591,-0.53825,0.260239,-0.801599,-0.298827,-0.948266,-0.107201,-0.788027,0.181839,0.588172,-0.000285,-0.000763,-0.000334,5.1e-05,1e-06,-4.1e-05,0.391878
127,0.069118,0.033846,0.432938,-0.495267,0.29915,-0.815638,-0.385949,-0.91685,-0.101982,-0.777715,0.263908,0.570559,-7e-06,-2e-05,-9e-06,0.0,0.0,0.0,0.424498,-0.090856,-0.022348,0.41187,0.609753,0.754824,0.241733,-0.766861,0.638927,-0.060261,-0.200689,-0.149593,0.968096,-0.001452,0.006269,0.004242,-0.3892,-1.033297,0.17201,0.217363,0.033924,0.033572,-0.003421,-0.593238,-0.774554,0.219396,0.791684,-0.610734,-0.015451,0.14596,0.164527,0.975513,-0.000757,0.003246,0.002197,-0.485739,-1.028174,0.19751,0.080868,0.080306,0.047645,-0.045907,-0.53835,0.260108,-0.801574,-0.298773,-0.948299,-0.10706,-0.78798,0.181853,0.58823,1e-06,3e-06,2e-06,4e-05,8e-06,-3.7e-05,0.390572
128,0.069106,0.03384,0.432936,-0.495586,0.298778,-0.81558,-0.385744,-0.916979,-0.101593,-0.777613,0.26388,0.570711,-0.000182,-0.000489,-0.000215,0.0,0.0,0.0,0.420799,-0.090909,-0.022103,0.412219,0.587037,0.776612,0.228588,-0.78925,0.611864,-0.05139,-0.180499,-0.151235,0.971808,-0.002309,0.00997,0.006725,-0.368188,-0.039291,-1.406236,0.289118,0.033898,0.033689,-0.00325,-0.570149,-0.795456,0.205374,0.811921,-0.583726,-0.006877,0.125352,0.162827,0.978659,0.006212,0.002164,0.008915,-1.346397,0.152958,-5.143984,0.155655,0.080301,0.047644,-0.045908,-0.538631,0.259707,-0.801515,-0.298548,-0.948413,-0.106676,-0.787873,0.181831,0.58838,-0.00012,-0.000317,-0.00014,2.1e-05,-5e-06,-4.8e-05,0.385837
129,0.069104,0.03384,0.432925,-0.495777,0.298544,-0.81555,-0.385597,-0.917066,-0.101364,-0.777564,0.263843,0.570795,-2.6e-05,-7e-05,-3.1e-05,0.0,0.0,0.0,0.421,-0.090975,-0.021637,0.412517,0.573816,0.789937,0.216164,-0.803256,0.594302,-0.038978,-0.159964,-0.152275,0.975237,-0.004288,0.021101,-0.002265,0.024021,-0.086803,0.242043,0.341622,0.033866,0.033915,-0.0031,-0.554374,-0.809286,0.194224,0.825691,-0.564085,0.00636,0.104412,0.163896,0.980936,-0.001346,0.005786,0.003895,-0.212658,-0.204395,0.262379,0.235177,0.080299,0.047642,-0.045914,-0.538798,0.259455,-0.801485,-0.298388,-0.948489,-0.106452,-0.78782,0.181797,0.588463,-1.2e-05,-3e-05,-1.3e-05,2.4e-05,2e-06,-2.2e-05,0.38404
130,0.069086,0.033812,0.432924,-0.494268,0.301178,-0.815497,-0.390875,-0.914866,-0.101034,-0.775891,0.268439,0.570929,-0.000588,-0.001578,-0.000694,-0.001695,0.010581,-0.026752,0.419031,-0.091048,-0.021192,0.412824,0.56919,0.796292,0.204776,-0.810436,0.585325,-0.022866,-0.138771,-0.153956,0.978214,-0.002466,0.010649,0.00712,-0.017525,-0.021555,0.030733,0.394671,0.033828,0.034147,-0.002946,-0.549065,-0.815446,0.183233,0.831638,-0.55485,0.022776,0.083095,0.164889,0.982804,-0.00129,0.005545,0.003713,-0.213088,-0.151768,0.070919,0.303759,0.080291,0.047632,-0.045913,-0.537541,0.262231,-0.801425,-0.303859,-0.946802,-0.105992,-0.786586,0.186545,0.588627,-0.000287,-0.000769,-0.000337,-0.001533,0.010614,-0.026874,0.382734
131,0.069084,0.033805,0.432921,-0.494379,0.30105,-0.815478,-0.390804,-0.914911,-0.100899,-0.775856,0.268429,0.570981,-0.000358,-0.00096,-0.000422,-0.0,-0.0,0.0,0.417271,-0.091067,-0.020971,0.412956,0.558572,0.804794,0.200737,-0.819254,0.573107,-0.017465,-0.129788,-0.155723,0.979167,-0.0026,0.011224,0.00749,-0.204078,-0.145694,0.062971,0.411558,0.033818,0.03426,-0.002878,-0.53807,-0.823484,0.17987,0.839625,-0.542424,0.028352,0.074219,0.166279,0.983281,-0.001352,0.005806,0.003881,-0.743379,-0.574368,0.350776,0.335601,0.08029,0.047627,-0.045915,-0.53764,0.262091,-0.801405,-0.303779,-0.946843,-0.105859,-0.78655,0.186536,0.588678,-0.000232,-0.000624,-0.000275,0.000132,2.2e-05,-0.000104,0.380938
132,0.069067,0.033784,0.432912,-0.494535,0.300871,-0.815449,-0.390705,-0.914974,-0.100712,-0.775807,0.268415,0.571055,-0.00027,-0.000723,-0.000318,0.0,0.0,0.0,0.41364,-0.091145,-0.020391,0.41319,0.542788,0.816695,0.195912,-0.832594,0.553823,-0.00137,-0.110288,-0.163411,0.980304,-0.004404,0.021598,-0.002023,-0.846667,-0.183784,0.501118,0.437407,0.033778,0.034554,-0.002758,-0.521353,-0.835249,0.17478,0.851606,-0.522315,0.044194,0.054377,0.171885,0.983614,-0.002225,0.010864,-0.000967,-1.011542,-0.074703,0.533519,0.379526,0.080281,0.047616,-0.04592,-0.537779,0.261896,-0.801376,-0.303665,-0.9469,-0.105674,-0.786499,0.186521,0.588751,-0.000168,-0.000455,-0.000199,8.9e-05,2.6e-05,-6.7e-05,0.376366
133,0.069043,0.033767,0.432916,-0.494613,0.300797,-0.815429,-0.390681,-0.914995,-0.100616,-0.775769,0.268427,0.571101,-3.2e-05,-8.6e-05,-3.8e-05,0.0,0.0,0.0,0.411607,-0.091464,-0.019763,0.413281,0.52762,0.82789,0.190281,-0.8438,0.536564,0.005806,-0.097941,-0.164675,0.981404,-0.003825,0.019133,-0.00369,0.035695,-0.00977,0.049358,0.455271,0.03362,0.034859,-0.002707,-0.505896,-0.845451,0.171115,0.86158,-0.504873,0.052741,0.041801,0.17411,0.983838,-0.008512,0.00818,-0.002099,0.037702,0.003886,0.008903,0.410878,0.080268,0.047606,-0.045918,-0.53785,0.261812,-0.801355,-0.303634,-0.946921,-0.105579,-0.786462,0.186533,0.588796,-0.00047,-0.004717,0.005047,-0.034472,0.018297,-0.015701,0.3731
134,0.069024,0.033772,0.432908,-0.494742,0.300642,-0.815408,-0.390575,-0.915057,-0.100469,-0.77574,0.268392,0.571157,-1.2e-05,-3.2e-05,-1.4e-05,0.0,0.0,0.0,0.411463,-0.091624,-0.019482,0.413244,0.523225,0.830689,0.190218,-0.846599,0.532141,0.005429,-0.097357,-0.164935,0.981418,-0.003416,0.017375,-0.00486,0.035972,-0.009856,0.050509,0.45491,0.033544,0.035003,-0.002724,-0.501553,-0.848014,0.171216,0.864143,-0.500505,0.05244,0.041225,0.174257,0.983836,-0.001602,0.008221,-0.00273,0.037074,-0.010167,0.052098,0.418716,0.080259,0.047608,-0.045922,-0.537964,0.261644,-0.801334,-0.303519,-0.946973,-0.105435,-0.786429,0.1865,0.588852,4e-06,6e-06,2e-06,5.7e-05,-3e-06,-3.4e-05,0.37212
135,0.068972,0.033787,0.432917,-0.494942,0.300426,-0.815366,-0.390451,-0.915134,-0.10024,-0.775674,0.268368,0.571257,-0.0,-0.0,-0.0,0.0,0.0,0.0,0.410752,-0.091921,-0.019219,0.413086,0.517175,0.834314,0.190895,-0.850313,0.526195,0.004521,-0.097313,-0.165719,0.98129,-0.013524,-0.001244,0.00048,-0.008404,0.080017,-0.217159,0.4332,0.033388,0.03515,-0.002804,-0.495375,-0.851425,0.172273,0.867699,-0.494403,0.0516,0.041239,0.175042,0.983696,-0.006703,-0.000872,8.2e-05,-0.008172,0.080015,-0.215898,0.410388,0.080233,0.047616,-0.045917,-0.538142,0.261409,-0.801291,-0.303382,-0.947042,-0.105209,-0.78636,0.18648,0.58895,0.0,1.1e-05,6e-06,2.7e-05,-2.7e-05,-6.1e-05,0.370814
136,0.068921,0.033802,0.432927,-0.495142,0.30021,-0.815324,-0.390327,-0.915213,-0.100011,-0.775609,0.268344,0.571357,-0.0,-0.0,-0.0,0.0,0.0,0.0,0.409925,-0.092185,-0.019224,0.413023,0.515768,0.83503,0.191572,-0.851117,0.524898,0.004115,-0.097754,-0.166234,0.981159,-0.0,0.0,0.0,-0.0,0.0,0.0,0.412353,0.033257,0.035142,-0.002839,-0.494014,-0.852063,0.173025,0.868454,-0.493115,0.051225,0.041675,0.17557,0.983584,-0.006566,-0.001476,-0.000321,-0.001916,0.015246,-0.028373,0.389324,0.080208,0.047624,-0.045913,-0.538319,0.261174,-0.801248,-0.303246,-0.947111,-0.104984,-0.78629,0.18646,0.589048,-4e-06,6e-06,4e-06,2.3e-05,-3.3e-05,-5.7e-05,0.369344
137,0.068874,0.0338,0.432939,-0.495257,0.3001,-0.815294,-0.39028,-0.915247,-0.099877,-0.775559,0.26835,0.571423,-0.0,-1e-06,-0.0,0.0,0.0,0.0,0.409047,-0.092417,-0.019404,0.413016,0.514576,0.835646,0.192091,-0.851831,0.523738,0.0041,-0.097813,-0.166801,0.981057,-0.012272,-0.006733,-0.003141,-0.002972,0.024595,-0.056474,0.375285,0.03314,0.035055,-0.002841,-0.492853,-0.852617,0.173608,0.869111,-0.491955,0.051235,0.041723,0.176136,0.98348,-0.006102,-0.003515,-0.001662,-0.002888,0.024629,-0.055894,0.35046,0.080184,0.047623,-0.045907,-0.538423,0.261053,-0.801218,-0.303193,-0.947142,-0.104851,-0.78624,0.186469,0.589113,-0.0,8e-06,5e-06,2.4e-05,-1.7e-05,-4e-05,0.368365
138,0.068866,0.033802,0.43294,-0.495275,0.300082,-0.81529,-0.39027,-0.915253,-0.099858,-0.775553,0.268347,0.571432,-0.0,-0.0,-0.0,0.0,0.0,0.0,0.40884,-0.092564,-0.019583,0.412952,0.513867,0.836007,0.192414,-0.852251,0.523054,0.004063,-0.097879,-0.167136,0.980994,-0.011618,-0.009636,-0.005061,-0.002973,0.024593,-0.056475,0.366363,0.033071,0.034971,-0.00287,-0.492195,-0.852927,0.173949,0.869481,-0.491302,0.051219,0.041776,0.176456,0.983421,-0.005791,-0.004892,-0.002575,-0.001989,0.015239,-0.028765,0.330539,0.08018,0.047624,-0.045906,-0.538439,0.261034,-0.801213,-0.303181,-0.947148,-0.104833,-0.786234,0.186466,0.589122,-2e-06,6e-06,2e-06,1.5e-05,-2.5e-05,-4.5e-05,0.367711
139,0.068881,0.033797,0.432926,-0.493551,0.302923,-0.815285,-0.395619,-0.912962,-0.099785,-0.773944,0.272911,0.571452,-0.0,-1e-06,-1e-06,-0.0,-0.0,0.0,0.407494,-0.092781,-0.020054,0.412757,0.51185,0.837638,0.190695,-0.853451,0.521104,0.002397,-0.097994,-0.16504,0.981337,0.002369,-0.010442,-0.006918,0.246609,-0.402231,-0.177804,0.339214,0.032958,0.03473,-0.00297,-0.490488,-0.853918,0.173908,0.870438,-0.489665,0.050638,0.041916,0.176213,0.983458,0.001237,-0.005449,-0.003608,0.380137,-0.605168,-0.197023,0.296575,0.080187,0.047621,-0.045913,-0.536988,0.26404,-0.801203,-0.308739,-0.945374,-0.104627,-0.785063,0.191179,0.589174,1e-06,9e-06,5e-06,0.00017,2.2e-05,-0.000144,0.366731
140,0.068906,0.033764,0.43291,-0.493524,0.302944,-0.815294,-0.395633,-0.912953,-0.099807,-0.773954,0.272918,0.571435,-0.000142,-0.00038,-0.000167,0.0,0.0,0.0,0.407694,-0.092818,-0.020621,0.412702,0.51507,0.836112,0.188709,-0.851447,0.524377,0.001228,-0.098561,-0.162371,0.981726,0.00359,-0.01835,0.004174,0.142424,-0.287853,-0.159138,0.32601,0.032939,0.034448,-0.003002,-0.493611,-0.852637,0.171339,0.868638,-0.493007,0.049102,0.042606,0.173069,0.983987,0.001056,-0.004666,-0.0031,0.309597,-0.494683,-0.170015,0.273877,0.0802,0.047605,-0.045921,-0.536965,0.264059,-0.801212,-0.308748,-0.945369,-0.104649,-0.785075,0.19118,0.589158,-8.7e-05,-0.000229,-0.0001,0.000121,2e-06,-9.4e-05,0.365588
141,0.06891,0.033753,0.432894,-0.493616,0.302824,-0.815282,-0.39555,-0.913002,-0.099698,-0.773937,0.27289,0.571471,-0.00018,-0.000481,-0.000212,0.0,0.0,0.0,0.407649,-0.092844,-0.020904,0.412719,0.514135,0.837197,0.186433,-0.852049,0.523399,-2.7e-05,-0.098234,-0.159901,0.982163,-0.011537,-0.010219,-0.005485,0.24633,-0.392042,-0.208301,0.323848,0.032933,0.0343,-0.002993,-0.492682,-0.853486,0.16978,0.86918,-0.492125,0.048342,0.042294,0.171387,0.984294,0.001546,-0.008082,0.002811,0.251355,-0.533817,-0.012187,0.266039,0.080202,0.047599,-0.045929,-0.537046,0.263929,-0.8012,-0.308656,-0.945411,-0.104542,-0.785055,0.191151,0.589193,-0.000108,-0.000287,-0.000126,9e-05,1.3e-05,-8.9e-05,0.365589
142,0.068917,0.033732,0.432863,-0.493705,0.302697,-0.815276,-0.395445,-0.913058,-0.099598,-0.773934,0.272843,0.571497,-0.000147,-0.000394,-0.000173,0.0,0.0,0.0,0.407581,-0.092937,-0.021312,0.412697,0.522901,0.832238,0.184244,-0.846524,0.532287,-0.001228,-0.099736,-0.156383,0.982579,-0.010466,-0.017518,0.006031,0.277005,0.007015,1.543518,0.330472,0.032886,0.034099,-0.003008,-0.499438,-0.850477,0.165076,0.865246,-0.499274,0.045534,0.043693,0.165573,0.985229,0.000617,-0.002409,-0.001725,1.01141,-0.003796,5.426762,0.263427,0.080206,0.047588,-0.045945,-0.537123,0.263791,-0.801194,-0.30854,-0.945459,-0.104444,-0.785048,0.191101,0.589218,-8.2e-05,-0.000219,-9.6e-05,6.5e-05,1.2e-05,-4.9e-05,0.365262
143,0.068941,0.033744,0.432813,-0.493702,0.30264,-0.815299,-0.395326,-0.913107,-0.099623,-0.773997,0.272742,0.57146,-6.9e-05,-0.000186,-8.2e-05,0.0,0.0,0.0,0.407867,-0.093321,-0.021637,0.412524,0.535295,0.82523,0.180133,-0.838399,0.544977,-0.004584,-0.102611,-0.149619,0.983336,-0.011931,-0.008618,-0.004437,0.126332,-0.200556,-0.107732,0.329182,0.032699,0.033938,-0.003088,-0.513717,-0.842658,0.161311,0.856669,-0.514102,0.042609,0.047025,0.160079,0.985982,-0.005904,-0.004585,-0.002396,0.247485,-0.3864,-0.17649,0.271754,0.080217,0.047594,-0.04597,-0.537116,0.263734,-0.801218,-0.308415,-0.945497,-0.104472,-0.785102,0.190993,0.589181,-3.4e-05,-9.3e-05,-4.1e-05,4.7e-05,6e-06,-3.6e-05,0.365099
144,0.068954,0.03377,0.432792,-0.493722,0.302583,-0.815309,-0.395241,-0.913145,-0.099614,-0.774028,0.272679,0.571449,0.000131,0.00035,0.000154,0.0,0.0,0.0,0.408202,-0.093637,-0.0218,0.412425,0.534022,0.82648,0.178169,-0.839193,0.543737,-0.006315,-0.102754,-0.147198,0.983686,-0.0122,-0.007461,-0.003667,0.245389,-0.4016,-0.180893,0.324235,0.032532,0.033848,-0.003143,-0.512366,-0.843723,0.160038,0.857466,-0.512881,0.041284,0.047248,0.158379,0.986247,-0.006109,-0.003697,-0.001805,0.36495,-0.587201,-0.198511,0.265223,0.080224,0.047607,-0.04598,-0.53713,0.263675,-0.801227,-0.308325,-0.945527,-0.104465,-0.785127,0.190927,0.589169,9.3e-05,0.000248,0.000109,4e-05,-7e-06,-3e-05,0.365099
145,0.068984,0.033805,0.432742,-0.491973,0.305372,-0.815326,-0.400464,-0.91087,-0.09958,-0.772459,0.277132,0.57143,-0.000102,-0.000274,-0.000121,-0.0,-0.0,0.0,0.407964,-0.094479,-0.022042,0.412374,0.531424,0.828979,0.17428,-0.840818,0.541171,-0.009601,-0.102929,-0.142491,0.98436,-0.02686,-0.003921,2.2e-05,0.092633,-0.141034,-0.090218,0.312734,0.032123,0.033721,-0.003173,-0.509206,-0.846586,0.154919,0.859329,-0.510071,0.037156,0.047564,0.152046,0.987227,-0.012584,-0.006999,0.004859,0.083917,-0.176432,-0.153987,0.251833,0.08024,0.047626,-0.046005,-0.535651,0.26663,-0.80124,-0.313756,-0.943757,-0.104301,-0.783986,0.195525,0.589181,0.005659,-0.001865,-0.001109,0.001174,-0.014654,0.029442,0.365752
146,0.068975,0.033821,0.432718,-0.492056,0.305248,-0.815322,-0.40034,-0.910933,-0.099499,-0.772469,0.277061,0.57145,-4e-06,-1.2e-05,-5e-06,0.0,0.0,0.0,0.408395,-0.095483,-0.02217,0.412487,0.52905,0.831321,0.170305,-0.842314,0.538779,-0.012667,-0.102939,-0.137806,0.985026,-0.027605,-0.000441,0.002338,0.016312,-0.011974,-0.04326,0.302641,0.031621,0.033658,-0.003116,-0.506354,-0.849068,0.150623,0.861005,-0.507468,0.033845,0.0477,0.146825,0.988011,-0.013762,-0.000418,0.001055,-0.01086,0.037936,-0.069011,0.237953,0.080235,0.047633,-0.046017,-0.535724,0.266495,-0.801236,-0.313619,-0.943811,-0.104224,-0.783991,0.195447,0.5892,2e-06,4e-06,1e-06,0.000114,1.5e-05,-0.000104,0.365752
147,0.068978,0.033828,0.432721,-0.49214,0.305154,-0.815307,-0.400288,-0.910967,-0.099398,-0.772443,0.277054,0.571489,1e-06,3e-06,1e-06,0.0,0.0,0.0,0.407542,-0.096534,-0.022244,0.412797,0.526159,0.834448,0.163844,-0.844167,0.535751,-0.016938,-0.102562,-0.130462,0.986065,-0.027029,-0.005255,0.015505,0.010716,-0.061756,-0.084689,0.302385,0.031106,0.03362,-0.002969,-0.503121,-0.852048,0.144507,0.862905,-0.504488,0.029745,0.047558,0.139661,0.989056,-0.006906,-0.001228,0.00805,0.018603,-0.088754,-0.065973,0.232728,0.080236,0.047637,-0.046015,-0.535799,0.26639,-0.80122,-0.313556,-0.943843,-0.104125,-0.783965,0.195438,0.589238,-0.0,-2e-06,1e-06,8.5e-05,2.5e-05,-4.1e-05,0.365099
148,0.068984,0.033825,0.432708,-0.492219,0.305051,-0.815297,-0.400214,-0.91101,-0.099306,-0.772431,0.277027,0.571518,-2.6e-05,-7e-05,-3.1e-05,0.0,0.0,0.0,0.407016,-0.097518,-0.022133,0.413171,0.523734,0.837254,0.157166,-0.845718,0.533148,-0.021216,-0.1022,-0.122872,0.987077,-0.015624,0.008572,0.006982,0.079734,-0.132442,-0.052139,0.302898,0.030598,0.033676,-0.002774,-0.500239,-0.854797,0.13814,0.864588,-0.501826,0.025633,0.047411,0.132257,0.99008,-0.013805,-0.001181,0.008715,0.05499,-0.138223,-0.113708,0.231911,0.080239,0.047635,-0.046022,-0.535869,0.266278,-0.801211,-0.313473,-0.94388,-0.104035,-0.78395,0.195409,0.589267,-1.4e-05,-3.8e-05,-1.7e-05,5.3e-05,8e-06,-3.8e-05,0.364446
149,0.068976,0.033828,0.43271,-0.492334,0.304923,-0.815275,-0.400142,-0.911056,-0.09917,-0.772394,0.277016,0.571573,-0.0,-1e-06,-0.0,0.0,0.0,0.0,0.406248,-0.098007,-0.022035,0.413353,0.523192,0.83753,0.157498,-0.846052,0.532621,-0.021103,-0.102205,-0.123277,0.987026,-0.029019,0.006769,0.007056,-0.000966,0.009803,-0.004702,0.302652,0.030359,0.033726,-0.002682,-0.49955,-0.855148,0.138462,0.864988,-0.501131,0.025736,0.04738,0.132624,0.990032,-0.007757,0.004048,0.003343,-0.011623,0.022842,-7.2e-05,0.231585,0.080235,0.047637,-0.046021,-0.535971,0.266139,-0.801189,-0.313394,-0.943921,-0.103901,-0.783912,0.1954,0.589321,1e-06,6e-06,2e-06,3.6e-05,-1.2e-05,-5.3e-05,0.364282
150,0.068973,0.03382,0.432707,-0.490633,0.307706,-0.815255,-0.405459,-0.908717,-0.099035,-0.770706,0.281575,0.571625,-2.2e-05,-5.9e-05,-2.6e-05,-0.0,-0.0,0.0,0.405518,-0.098773,-0.021978,0.413792,0.521188,0.839587,0.153129,-0.847352,0.530445,-0.023579,-0.101665,-0.118534,0.987663,-0.013611,-0.002966,0.015657,-0.029451,-0.004882,-0.029236,0.295577,0.029968,0.033765,-0.002461,-0.497281,-0.857163,0.134099,0.866314,-0.498958,0.02321,0.047015,0.127713,0.990695,-0.006771,-0.001693,0.007705,-0.047876,0.024685,-0.026657,0.227992,0.080234,0.047633,-0.046023,-0.534537,0.269084,-0.801163,-0.318923,-0.942097,-0.103633,-0.78266,0.200114,0.589403,-8e-06,-2.1e-05,-1e-05,0.000185,3.4e-05,-0.000142,0.363139
151,0.068967,0.03383,0.432711,-0.490735,0.307595,-0.815236,-0.405397,-0.908758,-0.098916,-0.770674,0.281564,0.571673,8.1e-05,0.000217,9.5e-05,0.0,0.0,0.0,0.405725,-0.099377,-0.02214,0.414344,0.51936,0.841078,0.151147,-0.848589,0.528446,-0.023997,-0.100696,-0.11687,0.98796,-0.013338,-0.004199,0.01483,0.089362,-0.210175,-0.103105,0.293445,0.029672,0.033685,-0.002191,-0.495677,-0.858199,0.133403,0.867281,-0.497259,0.023564,0.046113,0.127378,0.99078,-0.006578,-0.002585,0.007107,0.211539,-0.405331,-0.170979,0.221787,0.080231,0.047638,-0.04602,-0.534629,0.268959,-0.801144,-0.318848,-0.942135,-0.103515,-0.782628,0.200101,0.58945,5.2e-05,0.000141,6.3e-05,0.00013,7e-06,-9.8e-05,0.362323
152,0.068967,0.03383,0.432711,-0.490833,0.307484,-0.815219,-0.405336,-0.908798,-0.098798,-0.770643,0.281556,0.571719,1e-06,4e-06,2e-06,0.0,0.0,0.0,0.405542,-0.099586,-0.022223,0.414652,0.518893,0.841346,0.151255,-0.848942,0.527908,-0.023329,-0.100115,-0.117373,0.98796,-0.000328,-0.00051,0.015979,-0.032106,-0.011975,0.002961,0.292423,0.029558,0.033637,-0.002028,-0.494845,-0.85882,0.132495,0.867789,-0.496368,0.023628,0.045474,0.12667,0.990901,-0.00018,-0.000221,0.008023,-0.043141,0.005967,0.005118,0.219828,0.080231,0.047638,-0.04602,-0.534717,0.268838,-0.801126,-0.318778,-0.942172,-0.103399,-0.782597,0.200092,0.589495,-1e-06,-2e-06,-1e-06,0.000108,1.4e-05,-7e-05,0.36216
153,0.068953,0.033843,0.432718,-0.490952,0.307356,-0.815195,-0.405263,-0.908846,-0.09866,-0.770606,0.281543,0.571776,0.0,1e-06,0.0,0.0,0.0,0.0,0.405404,-0.099666,-0.022406,0.415422,0.517947,0.842392,0.148654,-0.849722,0.526663,-0.023077,-0.098368,-0.115435,0.988363,0.014352,-0.007119,0.026683,-0.059539,-0.036211,0.005665,0.279542,0.029512,0.033549,-0.001653,-0.493747,-0.859852,0.129871,0.868499,-0.495117,0.023796,0.043841,0.124542,0.991245,-0.000136,-0.000445,0.007865,-0.04214,0.003514,0.000949,0.211337,0.080224,0.047645,-0.046017,-0.534824,0.268696,-0.801102,-0.318693,-0.942216,-0.103263,-0.782558,0.200078,0.589551,-2e-06,-8e-06,-3e-06,7.4e-05,2.2e-05,-3.5e-05,0.361996
154,0.068918,0.033853,0.432724,-0.491121,0.307177,-0.815161,-0.40516,-0.908912,-0.098468,-0.770552,0.281523,0.571857,0.0,0.0,0.0,0.0,0.0,0.0,0.405565,-0.099509,-0.022593,0.416227,0.517722,0.842593,0.148304,-0.850073,0.526178,-0.021157,-0.096498,-0.116188,0.988459,0.001206,-0.010081,0.025999,-0.069487,-0.007337,-0.018708,0.263286,0.029596,0.033458,-0.001249,-0.493531,-0.85999,0.129782,0.868716,-0.494631,0.025891,0.041928,0.125522,0.991203,-6.8e-05,-0.000782,0.007633,-0.034651,-0.007458,0.005058,0.193865,0.080207,0.04765,-0.046014,-0.534974,0.268501,-0.801067,-0.31858,-0.942275,-0.103075,-0.782501,0.200062,0.589632,-0.0,-3e-06,-1e-06,4.8e-05,-1e-06,-5.3e-05,0.361833
155,0.06891,0.033856,0.432726,-0.491138,0.30716,-0.815157,-0.40515,-0.908919,-0.09845,-0.770546,0.28152,0.571867,0.0,0.0,0.0,0.0,0.0,0.0,0.40577,-0.099427,-0.022704,0.416612,0.517499,0.842753,0.148169,-0.85031,0.525832,-0.020224,-0.095593,-0.116597,0.9885,2.1e-05,-0.002215,0.01484,-0.034268,-0.008223,0.004307,0.260314,0.029637,0.033401,-0.001051,-0.493293,-0.860144,0.129667,0.868896,-0.494263,0.02686,0.040987,0.125917,0.991193,0.00078,-0.005967,0.012394,-0.069473,-0.007232,-0.018138,0.182924,0.080202,0.047651,-0.046013,-0.53499,0.268483,-0.801063,-0.318568,-0.94228,-0.103057,-0.782495,0.200059,0.589641,1e-06,-2e-06,1e-06,4.6e-05,9e-06,-5.6e-05,0.362323
156,0.06891,0.033856,0.432726,-0.491138,0.30716,-0.815157,-0.40515,-0.908919,-0.09845,-0.770546,0.28152,0.571867,0.0,0.0,0.0,0.0,0.0,0.0,0.405825,-0.099246,-0.023057,0.41731,0.526909,0.836944,0.14793,-0.844561,0.535084,-0.018344,-0.095157,-0.116336,0.988572,0.002489,-0.01632,0.02194,-0.070406,0.001616,-0.04609,0.260728,0.029725,0.033235,-0.000701,-0.502959,-0.854644,0.128897,0.863356,-0.503787,0.028504,0.040576,0.125621,0.991247,0.000543,-0.003754,0.005696,-0.035238,0.001174,-0.022962,0.181291,0.080202,0.047651,-0.046013,-0.53499,0.268483,-0.801063,-0.318568,-0.94228,-0.103057,-0.782495,0.200059,0.589641,1e-06,-2e-06,2e-06,4.3e-05,1.4e-05,-5.7e-05,0.362323
157,0.068928,0.033858,0.432715,-0.491186,0.307091,-0.815154,-0.405095,-0.908949,-0.098393,-0.770545,0.281498,0.57188,0.0,0.0,0.0,0.0,0.0,0.0,0.406903,-0.099087,-0.023493,0.417884,0.53117,0.834271,0.14779,-0.841993,0.53917,-0.016634,-0.094215,-0.116665,0.988623,0.001384,-0.008834,0.010535,-0.035193,0.000761,-0.023062,0.239368,0.029806,0.033011,-0.000412,-0.507304,-0.852129,0.12852,0.860856,-0.507953,0.030142,0.039598,0.125928,0.991248,0.001404,-0.008987,0.010435,-0.064096,-0.060042,0.142636,0.165126,0.080211,0.047652,-0.046018,-0.535031,0.268409,-0.80106,-0.31851,-0.942306,-0.103002,-0.782491,0.200036,0.589654,1e-06,-1e-06,-0.0,4.7e-05,-2e-06,-5e-05,0.362813
158,0.068936,0.033855,0.432714,-0.492984,0.305518,-0.81466,-0.405322,-0.909132,-0.095736,-0.769275,0.282617,0.573036,0.0,0.0,0.0,-0.0,0.0,-0.0,0.406576,-0.09894,-0.02372,0.418179,0.535458,0.83128,0.149163,-0.838964,0.54382,-0.018249,-0.096948,-0.11643,0.988387,0.016034,-0.015283,0.021374,-0.068327,-0.013742,-0.016902,0.220579,0.029874,0.032902,-0.000274,-0.51178,-0.849273,0.129671,0.858068,-0.512752,0.028346,0.042416,0.125774,0.991151,0.007323,-0.003268,0.00539,-0.035321,-0.015049,0.006227,0.14847,0.080215,0.047651,-0.046019,-0.536674,0.26665,-0.800548,-0.318663,-0.942543,-0.10032,-0.781302,0.201266,0.590811,-2e-06,-0.0,2e-06,0.001629,-0.0012,0.001937,0.362976
