frame,MLTx,MLTy,MLTz,MLTR1,MLTR2,MLTR3,MLTR4,MLTR5,MLTR6,MLTR7,MLTR8,MLTR9,MLTTVx,MLTTVy,MLTTVz,MLTRVx,MLTRVy,MLTRVz,MLGA,MRTx,MRTy,MRTz,MRTR1,MRTR2,MRTR3,MRTR4,MRTR5,MRTR6,MRTR7,MRTR8,MRTR9,MRTTVx,MRTTVy,MRTTVz,MRTRVx,MRTRVy,MRTRVz,MRGA,SLTx,SLTy,SLTz,SLTR1,SLTR2,SLTR3,SLTR4,SLTR5,SLTR6,SLTR7,SLTR8,SLTR9,SLTTVx,SLTTVy,SLTTVz,SLTRVx,SLTRVy,SLTRVz,SLGA,SRTx,SRTy,SRTz,SRTR1,SRTR2,SRTR3,SRTR4,SRTR5,SRTR6,SRTR7,SRTR8,SRTR9,SRTTVx,SRTTVy,SRTTVz,SRTRVx,SRTRVy,SRTRVz,SRGA
1258,0.119981,-0.019161,0.280598,-0.391998,-0.394105,-0.831303,-0.743947,-0.395801,0.538383,-0.540729,0.829982,-0.137002,0.032112,0.012412,-0.004577,0.044794,0.078441,-0.047877,-1.322091,-0.183095,-0.010997,0.249603,-0.208504,0.809267,0.549186,-0.250196,-0.586869,0.770014,0.945684,0.022131,0.324121,-0.05004,0.008933,-0.057394,0.063972,0.023594,0.145013,0.52365,0.03034,0.051981,-0.036404,0.119308,-0.772435,0.623785,0.212549,0.633578,0.743909,-0.969839,0.043831,0.239771,-0.025025,0.003987,-0.029368,0.215943,-0.338214,0.675136,0.522569,0.061449,0.04435,-0.067034,0.367718,0.349848,-0.861619,0.72267,0.475615,0.501534,0.585261,-0.80709,-0.077933,0.015964,0.005812,-0.002834,0.025545,0.054691,-0.109806,-1.084921
1259,0.120407,-0.019009,0.280599,-0.397073,-0.39327,-0.829287,-0.737604,-0.400972,0.543262,-0.545682,0.82789,-0.129827,0.016959,0.01465,-0.002526,0.041087,0.086048,-0.080018,-1.327859,-0.184286,-0.010769,0.248394,-0.227846,0.81319,0.535536,-0.24231,-0.579943,0.777744,0.943297,0.04642,0.32848,-0.066437,0.018084,-0.067556,0.607865,-1.281119,2.446472,0.52342,0.02975,0.05209,-0.037007,0.139029,-0.776639,0.614412,0.203062,0.629611,0.749903,-0.969245,0.020505,0.24524,-0.040907,0.008752,-0.033423,-0.051162,0.250667,0.037997,0.522732,0.06168,0.044432,-0.067033,0.372938,0.349635,-0.85946,0.716028,0.480656,0.506234,0.590102,-0.804191,-0.071094,0.0085,0.007413,-0.001166,0.020269,0.045911,-0.099333,-1.087208
1260,0.121329,-0.018608,0.280632,-0.4003,-0.397049,-0.825928,-0.72882,-0.408438,0.549519,-0.555036,0.82242,-0.124848,0.032391,0.014038,-0.002496,0.035083,0.04936,-0.065299,-1.332247,-0.187887,-0.010225,0.245581,-0.248194,0.828687,0.501666,-0.243226,-0.554478,0.79582,0.937937,0.074458,0.338516,-0.113486,0.013179,-0.072373,0.596172,-1.180318,2.375706,0.521491,0.028004,0.052356,-0.038389,0.1614,-0.795715,0.583768,0.200984,0.60563,0.769946,-0.966206,-0.006942,0.257675,-0.056689,0.006475,-0.036241,-0.111609,0.149335,0.346659,0.520119,0.062129,0.044628,-0.067013,0.375802,0.354249,-0.856317,0.706921,0.487894,0.512075,0.599194,-0.797788,-0.067075,0.008564,0.007797,-0.000676,0.034024,0.06295,-0.095328,-1.091617
1261,0.122362,-0.018136,0.28054,-0.40039,-0.396926,-0.825944,-0.728144,-0.409431,0.549677,-0.555857,0.821986,-0.124056,0.032091,0.013031,-0.003906,0.037287,-0.062543,0.099105,-1.333515,-0.192346,-0.009784,0.243044,-0.239034,0.843531,0.480948,-0.244452,-0.531517,0.810967,0.939984,0.07522,0.332619,-0.128346,0.007317,-0.056363,-0.213511,0.128219,0.492545,0.51906,0.025785,0.052562,-0.039689,0.154548,-0.812666,0.561861,0.201086,0.582664,0.787443,-0.967304,-0.008715,0.253466,-0.06411,0.003675,-0.028026,-0.449667,0.330557,0.67304,0.518976,0.06264,0.044862,-0.067055,0.376089,0.354135,-0.856238,0.706137,0.488777,0.512314,0.599938,-0.797298,-0.066244,0.015951,0.006077,-0.002554,0.037231,-0.046502,0.075314,-1.089821
1262,0.122788,-0.017877,0.280441,-0.398923,-0.397105,-0.826567,-0.728267,-0.410567,0.548665,-0.55675,0.821332,-0.124382,0.016527,0.013248,-0.004486,0.035987,-0.03157,0.045752,-1.330923,-0.194796,-0.009635,0.242043,-0.238609,0.84739,0.474329,-0.239089,-0.524551,0.817079,0.94147,0.080489,0.327138,-0.143833,0.010071,-0.05172,-0.392619,0.125598,0.506447,0.515409,0.024523,0.052641,-0.040219,0.154767,-0.816958,0.555542,0.19542,0.576522,0.793368,-0.96843,-0.014223,0.248876,-0.063855,-0.000939,-0.022865,-0.58971,-0.123899,0.422138,0.5162,0.062866,0.044999,-0.067102,0.374511,0.354192,-0.856906,0.70621,0.489898,0.511142,0.600839,-0.796585,-0.066662,0.008317,0.006849,-0.001962,0.036551,-0.047964,0.069602,-1.088514
1263,0.123437,-0.017367,0.280188,-0.393879,-0.399823,-0.827675,-0.72592,-0.417073,0.546865,-0.563367,0.816723,-0.12493,0.016082,0.01138,-0.006986,0.036019,-0.031576,0.045757,-1.325362,-0.200132,-0.009474,0.24037,-0.250844,0.848948,0.465141,-0.229214,-0.518815,0.823545,0.940761,0.098896,0.324118,-0.143266,0.003922,-0.037433,-0.026887,-0.108289,0.257317,0.504384,0.021855,0.052722,-0.041064,0.166266,-0.820366,0.547132,0.183969,0.57092,0.800128,-0.968767,-0.032379,0.245847,-0.063837,0.001875,-0.019218,-0.03263,0.016741,0.106644,0.504933,0.06319,0.045255,-0.067227,0.369308,0.356558,-0.858182,0.703495,0.496128,0.508871,0.607211,-0.791658,-0.067613,0.008059,0.005754,-0.003425,0.03668,-0.030622,0.045475,-1.087861
1264,0.123677,-0.01712,0.279979,-0.390566,-0.402302,-0.828044,-0.723271,-0.422386,0.546298,-0.569052,0.812766,-0.12497,-0.000131,-0.000595,-0.00079,0.0,0.0,0.0,-1.357533,-0.205374,-0.009383,0.239237,-0.25327,0.851259,0.459569,-0.225663,-0.513825,0.827643,0.940972,0.104838,0.321627,-0.126921,-0.001353,-0.022241,-0.089515,-0.019056,0.860696,0.502215,0.019227,0.052768,-0.04164,0.170473,-0.82216,0.54313,0.180804,0.567939,0.802966,-0.968632,-0.038684,0.245468,-0.07116,-8.3e-05,-0.009548,0.416056,-1.027865,2.657451,0.496932,0.063311,0.04538,-0.06733,0.365868,0.35882,-0.858713,0.700544,0.501245,0.507927,0.61268,-0.787401,-0.06798,-0.000115,-0.00053,-0.000712,-0.000102,0.000164,-2.7e-05,-1.110558
1265,0.123547,-0.017103,0.279925,-0.389907,-0.402429,-0.828292,-0.723427,-0.422698,0.545849,-0.569305,0.812541,-0.125281,-0.000175,-0.000791,-0.001052,0.002196,-0.112627,0.163921,-1.355657,-0.210443,-0.009122,0.238491,-0.239297,0.859548,0.451558,-0.218814,-0.500733,0.837449,0.946215,0.100509,0.307308,-0.126727,0.016094,-0.021601,-0.410082,0.43884,0.598378,0.501752,0.016693,0.052894,-0.04201,0.157257,-0.830751,0.533967,0.172433,0.555487,0.813449,-0.972386,-0.035847,0.230603,-0.05542,0.001995,-0.007658,-0.316062,0.199124,1.260703,0.494646,0.063251,0.04539,-0.067363,0.365304,0.358886,-0.858925,0.700637,0.501514,0.507533,0.612909,-0.787199,-0.068244,-0.000114,-0.000519,-0.000692,-8.5e-05,7.7e-05,-4.2e-05,-1.121009
1266,0.123394,-0.017129,0.279935,-0.38962,-0.402495,-0.828396,-0.723566,-0.422727,0.545643,-0.569326,0.812493,-0.125494,-0.015919,-0.01065,0.007953,-0.035989,0.031578,-0.04574,-1.358812,-0.212819,-0.008911,0.238112,-0.234017,0.865245,0.443372,-0.211365,-0.490289,0.845503,0.949217,0.103058,0.297032,-0.111226,0.01604,-0.022944,-0.606833,0.670683,0.534794,0.501575,0.0155,0.053003,-0.042192,0.152777,-0.836848,0.525683,0.163962,0.546019,0.821571,-0.974563,-0.039325,0.220631,-0.063235,0.002333,-0.007141,-0.30176,0.264059,0.347889,0.493993,0.06318,0.04538,-0.067363,0.364838,0.358934,-0.859103,0.700814,0.501613,0.507191,0.612985,-0.787115,-0.068539,-0.007699,0.000362,6.8e-05,-0.001058,0.014773,-0.029563,-1.119866
1267,0.123047,-0.017212,0.279927,-0.389501,-0.402577,-0.828412,-0.7237,-0.422593,0.545568,-0.569237,0.812522,-0.12571,-0.00038,-0.001709,-0.002273,0.0,0.0,0.0,-1.358549,-0.217064,-0.008316,0.237229,-0.224808,0.876263,0.426164,-0.195583,-0.468922,0.861274,0.954798,0.109166,0.276236,-0.095787,0.015854,-0.024787,-0.360458,0.166132,0.664935,0.500731,0.013336,0.05331,-0.042636,0.142533,-0.849597,0.507808,0.144464,0.525409,0.838495,-0.97919,-0.046153,0.197624,-0.047881,0.007922,-0.012304,-0.334854,0.158652,0.649601,0.492687,0.063001,0.045336,-0.067362,0.364754,0.359005,-0.859109,0.700961,0.501446,0.507154,0.612867,-0.787189,-0.068744,-0.007844,-0.000277,-0.000785,-0.001035,0.014751,-0.029568,-1.116763
1268,0.122831,-0.0173,0.279817,-0.384606,-0.404926,-0.829553,-0.72282,-0.426852,0.543415,-0.573668,0.809123,-0.127483,-0.000474,-0.002122,-0.002827,0.0,-0.0,0.0,-1.353174,-0.220672,-0.007772,0.236164,-0.217482,0.884987,0.411693,-0.184682,-0.451364,0.872982,0.958649,0.112709,0.261059,-0.08083,0.013141,-0.030523,-0.409858,0.326851,0.547348,0.501072,0.011563,0.053581,-0.04315,0.13708,-0.858405,0.494316,0.133136,0.510466,0.849528,-0.981571,-0.050641,0.184259,-0.04809,0.000987,-0.010906,-0.010588,-0.041286,0.167964,0.493013,0.062893,0.045292,-0.067417,0.359719,0.360999,-0.860395,0.699842,0.505485,0.504682,0.617107,-0.783685,-0.07081,-0.007936,-0.000666,-0.00131,-0.000881,0.031986,-0.05456,-1.115947
1269,0.122798,-0.017336,0.27975,-0.382494,-0.404891,-0.830546,-0.724293,-0.426744,0.541535,-0.573225,0.809197,-0.128995,-0.000529,-0.002367,-0.003154,-0.0,-0.0,0.0,-1.354069,-0.222204,-0.007611,0.235588,-0.214035,0.888486,0.405923,-0.182278,-0.444465,0.877017,0.95988,0.1126,0.256545,-0.065524,-0.000679,-0.027352,-0.223927,0.106965,0.367529,0.500795,0.010792,0.053667,-0.043438,0.132823,-0.862695,0.487968,0.129207,0.5032,0.854455,-0.982681,-0.050442,0.178303,-0.04052,0.006206,-0.015976,-0.252666,0.159077,0.4035,0.492687,0.062877,0.045273,-0.067451,0.357586,0.360769,-0.861381,0.701331,0.505314,0.502783,0.616657,-0.783901,-0.072325,-0.000307,-0.001378,-0.001836,0.001162,0.018605,-0.027651,-1.113661
1270,0.122832,-0.017438,0.2796,-0.377901,-0.407087,-0.831575,-0.723251,-0.430964,0.539583,-0.577573,0.805853,-0.130526,-0.000632,-0.002828,-0.003774,-0.000313,0.016313,-0.023756,-1.361219,-0.224318,-0.007564,0.234429,-0.202857,0.890313,0.407656,-0.168997,-0.44178,0.881025,0.964711,0.108707,0.239539,-0.018909,-0.014627,-0.024822,-0.488166,0.29709,0.375446,0.498707,0.009716,0.053693,-0.044024,0.122524,-0.863365,0.489476,0.116602,0.5023,0.856795,-0.985591,-0.047904,0.162214,-0.017305,-0.001184,-0.015486,-0.707905,0.737767,-0.347812,0.491707,0.062894,0.045223,-0.067526,0.352881,0.362636,-0.862536,0.700037,0.509324,0.500534,0.620823,-0.780437,-0.074129,-0.000231,-0.001041,-0.001392,0.0003,0.000916,-0.001058,-1.110068
1271,0.122845,-0.017467,0.279511,-0.378145,-0.407064,-0.831475,-0.723124,-0.430935,0.539776,-0.577572,0.80588,-0.130363,-0.000103,-0.00046,-0.000615,0.0,0.0,0.0,-1.380446,-0.22434,-0.00816,0.233407,-0.143741,0.881784,0.449207,-0.147377,-0.467818,0.871413,0.978699,0.057945,0.196608,0.043755,-0.016233,-0.028409,0.218362,1.680692,0.251302,0.468251,0.009681,0.053392,-0.044539,0.061043,-0.849317,0.524341,0.095555,0.527881,0.843925,-0.99355,-0.001412,0.11338,0.014112,-0.01396,-0.010736,1.127506,6.179493,-0.916381,0.472602,0.062899,0.045204,-0.067576,0.35316,0.36263,-0.862424,0.699904,0.509291,0.500754,0.620814,-0.780462,-0.073945,-4.3e-05,-0.000195,-0.00026,-0.000168,8.8e-05,-3.7e-05,-1.115294
1272,0.12279,-0.01748,0.27956,-0.377848,-0.407099,-0.831593,-0.723283,-0.430959,0.539544,-0.577568,0.805849,-0.130572,0.000163,0.000729,0.000973,0.0,0.0,0.0,-1.403013,-0.22145,-0.009417,0.232785,-0.053505,0.848333,0.526744,-0.126946,-0.528886,0.839106,0.990467,-0.023036,0.135304,0.107938,-0.037381,-0.011188,-1.184304,1.084749,-2.493902,0.452455,0.011066,0.052779,-0.044861,-0.034847,-0.807901,0.588285,0.082873,0.58428,0.807309,-0.99595,0.076886,0.046593,0.053899,-0.018968,-0.005957,-1.356479,1.30255,-3.069818,0.43929,0.062872,0.045198,-0.067551,0.352864,0.362637,-0.862542,0.700064,0.509302,0.50052,0.620802,-0.780451,-0.074155,0.000114,0.000514,0.00069,-9.7e-05,7.9e-05,-1.6e-05,-1.118886
1273,0.122727,-0.01747,0.279638,-0.377907,-0.407098,-0.831566,-0.723323,-0.430849,0.539577,-0.577478,0.805908,-0.130604,0.000527,0.002358,0.003146,0.000313,-0.01631,0.023759,-1.408161,-0.219246,-0.010177,0.232586,-0.021436,0.829176,0.558568,-0.122152,-0.556572,0.82173,0.99224,-0.051654,0.11249,0.124063,-0.036837,-0.01116,-0.166186,0.292286,-0.357361,0.448449,0.012145,0.052406,-0.044957,-0.06875,-0.783458,0.617629,0.080354,0.612735,0.786192,-0.994392,0.10368,0.020828,0.061983,-0.018597,-0.005815,-1.068757,1.407056,-2.702401,0.430473,0.06284,0.045204,-0.067519,0.352928,0.362644,-0.862513,0.700094,0.509214,0.500567,0.620732,-0.780505,-0.07417,-0.007385,0.00183,0.002017,-0.001071,0.014762,-0.029578,-1.118886
1274,0.122647,-0.017467,0.279775,-0.375559,-0.40932,-0.831539,-0.720861,-0.434929,0.5396,-0.58207,0.802585,-0.130683,-0.000248,-0.010122,0.009489,-0.034994,0.016899,-0.016171,-1.442028,-0.213138,-0.011793,0.232176,0.002532,0.796995,0.603973,-0.120823,-0.599197,0.79139,0.9926,-0.075974,0.093997,0.187938,-0.036065,-0.013812,0.284452,0.243981,-0.957088,0.441377,0.015228,0.051581,-0.045159,-0.095559,-0.747083,0.657826,0.082742,0.652602,0.753169,-0.991978,0.126402,-0.000547,0.086236,-0.023863,-0.002957,0.450797,0.080831,-1.154561,0.41594,0.062801,0.04521,-0.067444,0.350439,0.364739,-0.862645,0.697411,0.513159,0.500285,0.625147,-0.776938,-0.074542,0.000195,0.000883,0.001176,-0.000166,0.000177,-3.8e-05,-1.120192
1275,0.122559,-0.01752,0.279907,-0.375772,-0.409285,-0.83146,-0.720979,-0.434599,0.539708,-0.581786,0.802783,-0.130737,-0.000357,-0.010602,0.008848,-0.034994,0.0169,-0.016172,-1.50001,-0.20542,-0.013205,0.231954,-0.004362,0.771132,0.636654,-0.143537,-0.630443,0.762806,0.989574,-0.089018,0.112612,0.205571,-0.027618,-0.003235,0.560833,-0.004412,-1.346296,0.436655,0.01908,0.050866,-0.045282,-0.089675,-0.719205,0.688986,0.10974,0.680426,0.724552,-0.989906,0.140583,0.017908,0.103008,-0.019697,0.001949,0.767,-0.238992,-1.576435,0.408592,0.062757,0.045184,-0.067378,0.350657,0.364717,-0.862565,0.697551,0.512839,0.500417,0.624869,-0.777158,-0.074578,0.000131,0.000599,0.000801,0.000187,-0.016207,0.023739,-1.122152
1276,0.122546,-0.017574,0.279955,-0.375965,-0.406666,-0.832658,-0.721268,-0.435725,0.538412,-0.581303,0.8035,-0.128458,3.6e-05,0.000163,0.000217,0.127306,0.402428,0.274012,-1.509498,-0.201223,-0.013712,0.231974,-0.018529,0.761869,0.647459,-0.162801,-0.641121,0.749929,0.986443,-0.092462,0.135075,0.206255,-0.023449,0.002089,0.711006,-0.334883,-1.073408,0.4356,0.021101,0.050621,-0.045274,-0.076615,-0.709641,0.700384,0.129873,0.689361,0.71268,-0.988565,0.145564,0.039348,0.103166,-0.011624,0.001213,1.815438,-1.736946,0.751669,0.406796,0.062751,0.045159,-0.067352,0.350637,0.364696,-0.862582,0.697678,0.512708,0.500374,0.624738,-0.777255,-0.074667,1.5e-05,7.4e-05,0.0001,-0.000103,7.1e-05,-3.7e-05,-1.121662
1277,0.122598,-0.017779,0.280133,-0.373621,-0.408779,-0.832678,-0.719075,-0.439451,0.538319,-0.585517,0.800394,-0.128715,-0.00046,-0.011063,0.008236,-0.034965,0.016981,-0.016116,-1.604767,-0.193098,-0.014555,0.232256,-0.065508,0.752194,0.655671,-0.205377,-0.653073,0.728869,0.976507,-0.087851,0.196415,0.223424,-0.028997,0.015134,0.974246,-1.175201,-0.90664,0.434675,0.025235,0.050194,-0.045133,-0.030894,-0.701597,0.711903,0.17442,0.697531,0.695001,-0.984186,0.145641,0.100823,0.103853,-0.014436,0.008226,0.849899,-0.932257,-0.784197,0.403367,0.062776,0.045051,-0.067261,0.348554,0.363966,-0.863735,0.695391,0.517455,0.498669,0.628442,-0.774447,-0.072737,-0.000233,-0.005541,0.004101,-0.036688,0.013864,-0.018752,-1.121009
1278,0.122685,-0.018069,0.280287,-0.370982,-0.410876,-0.832826,-0.717036,-0.443177,0.537982,-0.589679,0.79726,-0.129162,-0.000633,-0.011845,0.007195,-0.032783,-0.095345,0.148013,-1.677958,-0.185079,-0.015457,0.233093,-0.107848,0.75265,0.649521,-0.233355,-0.654139,0.719431,0.966467,-0.074918,0.245339,0.19258,-0.02188,0.026562,0.703458,-1.11436,-0.15091,0.444438,0.029329,0.049732,-0.04471,0.013283,-0.703771,0.710302,0.203972,0.697335,0.687108,-0.978886,0.135755,0.152811,0.096323,-0.010757,0.013482,0.596947,-1.024641,-0.047943,0.408102,0.06282,0.044911,-0.067186,0.345923,0.365942,-0.863957,0.693092,0.520994,0.498184,0.632423,-0.771135,-0.073407,-4.9e-05,-0.000212,-0.000284,-0.000205,0.000103,-0.000106,-1.121988
1279,0.122974,-0.018297,0.280274,-0.370028,-0.410828,-0.833273,-0.717618,-0.443253,0.537143,-0.589572,0.797242,-0.129761,0.014743,-0.003827,-0.004258,0.000984,-0.014715,0.029553,-1.676558,-0.178735,-0.016057,0.234461,-0.141388,0.763438,0.630208,-0.254367,-0.643141,0.72222,0.956836,-0.059144,0.284306,0.128991,-0.002988,0.035888,0.497187,-1.0872,0.77568,0.446832,0.032452,0.04943,-0.044045,0.048127,-0.716478,0.695947,0.224277,0.686714,0.691464,-0.973335,0.122807,0.193739,0.072771,-0.007105,0.021158,0.936942,-2.027659,2.160649,0.418389,0.062959,0.044795,-0.067186,0.344875,0.365806,-0.864434,0.693718,0.521045,0.497259,0.63231,-0.771166,-0.074071,0.007314,-0.002167,-0.00247,0.000534,0.001621,0.005712,-1.118396
1280,0.123246,-0.018423,0.280208,-0.369717,-0.408181,-0.834711,-0.718047,-0.444645,0.535415,-0.589245,0.797823,-0.127658,0.014639,-0.004317,-0.004921,0.035431,0.095153,0.104023,-1.676825,-0.176275,-0.016149,0.235262,-0.154809,0.764503,0.625748,-0.262038,-0.642367,0.720163,0.952697,-0.053437,0.298958,0.128961,4.6e-05,0.040273,0.282308,-0.616028,0.126605,0.44393,0.033731,0.049384,-0.04363,0.062484,-0.719114,0.692076,0.232413,0.684852,0.690623,-0.970607,0.117694,0.209924,0.06449,0.000333,0.020573,0.24773,-0.584557,0.147705,0.417083,0.063101,0.044731,-0.067221,0.344666,0.362994,-0.865701,0.694034,0.522418,0.495373,0.632076,-0.771565,-0.071871,0.007298,-0.002254,-0.002594,0.035471,0.097315,0.105199,-1.11709
1281,0.123657,-0.018677,0.280014,-0.370242,-0.400223,-0.838325,-0.718718,-0.448359,0.531405,-0.588097,0.799765,-0.120599,-0.001042,-0.004725,-0.006315,0.117639,0.392924,0.231404,-1.70893,-0.172225,-0.016026,0.23702,-0.163261,0.76119,0.627636,-0.263655,-0.646591,0.71578,0.950849,-0.049571,0.305437,0.081337,0.001434,0.047013,-0.028195,-0.126965,0.132053,0.444208,0.03569,0.049444,-0.042777,0.070799,-0.715717,0.694791,0.234423,0.68897,0.685832,-0.969552,0.114319,0.216559,0.040674,0.001125,0.024147,-0.110818,0.010607,-0.012366,0.41496,0.063307,0.044607,-0.067314,0.345435,0.355858,-0.868354,0.694434,0.525457,0.491585,0.631217,-0.772825,-0.065609,0.00714,-0.00302,-0.00362,0.194779,0.561864,0.392553,-1.118886
1282,0.123705,-0.018906,0.279764,-0.372869,-0.38204,-0.845612,-0.723497,-0.45092,0.522682,-0.580532,0.807165,-0.107215,-0.001147,-0.005203,-0.006971,0.078063,0.384385,-0.01465,-1.736462,-0.169755,-0.015539,0.238649,-0.160123,0.755875,0.634827,-0.258543,-0.652683,0.712105,0.95278,-0.051049,0.29911,0.047726,0.024378,0.034788,0.000672,0.00582,0.022049,0.444209,0.036974,0.049689,-0.041936,0.066893,-0.710199,0.700815,0.229534,0.694503,0.681894,-0.970999,0.115247,0.209472,0.024302,0.006049,0.02052,-0.022677,-0.086336,0.146829,0.415287,0.06333,0.044489,-0.067443,0.34927,0.335695,-0.874825,0.699085,0.528312,0.481834,0.62393,-0.779868,-0.050156,-0.000577,-0.002635,-0.003535,0.055644,0.342137,-0.047751,-1.118396
1283,0.123661,-0.019018,0.279665,-0.375532,-0.371303,-0.849208,-0.723615,-0.455074,0.518904,-0.578663,0.809827,-0.096726,-0.000906,-0.004104,-0.005505,0.202893,0.758015,0.273139,-1.744086,-0.169078,-0.015202,0.239367,-0.162198,0.755284,0.635003,-0.259763,-0.653403,0.711,0.9521,-0.050571,0.301349,0.031897,0.023812,0.035587,0.061397,-0.152743,0.104586,0.444443,0.037318,0.049857,-0.041577,0.069,-0.709595,0.701222,0.231066,0.695151,0.680715,-0.970488,0.115059,0.211928,0.015926,0.011712,0.017434,0.047591,-0.02971,-0.049824,0.41545,0.063308,0.044432,-0.067495,0.352055,0.327445,-0.876832,0.698937,0.531109,0.478966,0.62253,-0.781474,-0.041884,-0.000529,-0.002414,-0.003239,0.034414,0.160993,0.070121,-1.113987
1284,0.123605,-0.019241,0.279554,-0.380047,-0.362979,-0.850797,-0.723006,-0.457144,0.517934,-0.57647,0.812422,-0.087638,-0.001171,-0.014358,0.003818,0.008609,0.151832,0.075152,-1.762117,-0.168605,-0.014332,0.240707,-0.173235,0.751482,0.636596,-0.267123,-0.657887,0.704105,0.948125,-0.049011,0.313879,0.000396,0.020835,0.034254,0.09746,-0.147756,-0.013912,0.445073,0.037566,0.050296,-0.040903,0.080422,-0.706039,0.70359,0.239643,0.698869,0.673909,-0.967523,0.114413,0.225402,0.000179,0.010587,0.01739,0.050598,-0.01711,-0.122106,0.415777,0.06328,0.044323,-0.067555,0.357458,0.317084,-0.878453,0.698299,0.53385,0.476846,0.620163,-0.783875,-0.030591,-0.00035,-0.001592,-0.00214,0.042163,0.27384,-0.090369,-1.11513
1285,0.123649,-0.019354,0.279389,-0.38116,-0.362868,-0.850347,-0.722622,-0.456797,0.518775,-0.576216,0.812666,-0.087041,0.015213,0.007169,-0.01264,0.035683,-0.015212,0.022012,-1.798528,-0.169092,-0.013418,0.242026,-0.18488,0.753296,0.631155,-0.275962,-0.656075,0.702385,0.943397,-0.045258,0.328354,-0.030805,0.02007,0.036543,0.274236,-0.319571,-0.206941,0.448675,0.037335,0.050752,-0.040249,0.090845,-0.709542,0.698782,0.247316,0.695776,0.674337,-0.964666,0.11156,0.238688,-0.007624,0.010187,0.017535,0.436962,-0.342518,-0.5013,0.416756,0.063296,0.044259,-0.06763,0.35861,0.317283,-0.877911,0.698004,0.533321,0.477867,0.619828,-0.784155,-0.030211,-0.000211,-0.000962,-0.001294,-0.000328,-0.003277,-0.001954,-1.117417
1286,0.123819,-0.019373,0.279217,-0.379993,-0.362948,-0.850834,-0.722876,-0.45739,0.517896,-0.576667,0.812297,-0.087499,-0.000401,-0.001821,-0.002452,0.0,0.0,0.0,-1.819315,-0.170389,-0.012662,0.243589,-0.201249,0.768915,0.606844,-0.290352,-0.638398,0.712796,0.935717,-0.03371,0.350941,-0.046114,0.023399,0.043203,0.148939,-0.395785,0.306665,0.464319,0.036674,0.051131,-0.039464,0.109834,-0.727226,0.677553,0.260951,0.678862,0.686331,-0.959083,0.101425,0.264332,-0.02308,0.011828,0.021825,0.113918,-0.367831,0.327919,0.434718,0.063387,0.044253,-0.06772,0.357407,0.317306,-0.878394,0.698194,0.533896,0.476947,0.62031,-0.783754,-0.030724,0.007408,-0.001872,-0.002103,0.001694,-0.015154,0.029562,-1.114967
1287,0.1239,-0.019426,0.279133,-0.379722,-0.36295,-0.850955,-0.722955,-0.45751,0.51768,-0.576747,0.812228,-0.087607,0.014635,-0.004541,-0.005278,0.000647,0.001524,0.005746,-1.84852,-0.171257,-0.012243,0.24456,-0.21174,0.778089,0.591385,-0.299152,-0.627554,0.718762,0.930629,-0.025697,0.364872,-0.044985,0.015198,0.055605,0.069685,-0.273442,0.158022,0.462787,0.036257,0.051332,-0.039004,0.121081,-0.737927,0.663929,0.26868,0.668246,0.693727,-0.955588,0.094387,0.279178,-0.02297,0.013684,0.024565,0.108929,-0.366462,0.329193,0.438311,0.063422,0.04423,-0.067758,0.357133,0.317293,-0.878509,0.698256,0.534012,0.476726,0.620397,-0.78368,-0.030839,-0.000248,-0.001139,-0.00154,0.000591,-0.000347,3.5e-05,-1.11513
1288,0.123923,-0.019556,0.279013,-0.380233,-0.362584,-0.850882,-0.718938,-0.462914,0.518469,-0.581408,0.809322,-0.083598,-0.000422,-0.001916,-0.002586,0.041689,0.129146,0.087227,-1.905553,-0.17304,-0.011183,0.246502,-0.21834,0.78751,0.576322,-0.303926,-0.615966,0.726737,0.92756,-0.017469,0.37308,-0.045547,0.027382,0.048072,-0.053896,-0.205059,0.406973,0.461345,0.035367,0.051865,-0.038018,0.128193,-0.748613,0.650496,0.271663,0.657326,0.702937,-0.953816,0.086604,0.287635,-0.022815,0.013549,0.023858,-0.105735,-0.031596,0.257879,0.438147,0.063438,0.044161,-0.067822,0.357661,0.317151,-0.878346,0.693858,0.539252,0.477249,0.62501,-0.780142,-0.027188,-0.007874,-0.00026,-0.000776,0.057584,0.204248,0.071946,-1.11513
1289,0.123731,-0.019499,0.279027,-0.380525,-0.362623,-0.850735,-0.718784,-0.462858,0.518734,-0.581408,0.809337,-0.083457,0.000144,0.000653,0.000882,8e-06,2.3e-05,1.6e-05,-1.906086,-0.174603,-0.010236,0.248265,-0.214437,0.786391,0.579307,-0.298168,-0.61739,0.727915,0.930332,-0.017623,0.366109,-0.029955,0.024549,0.041118,-0.071193,-0.078757,0.261043,0.462862,0.034596,0.052337,-0.03714,0.123846,-0.747125,0.653043,0.265753,0.659042,0.703589,-0.956052,0.086412,0.28017,-0.015015,0.012182,0.020458,-0.105491,-0.047663,0.30353,0.439454,0.063342,0.044187,-0.067819,0.357947,0.317018,-0.878278,0.693783,0.539224,0.47739,0.62493,-0.780215,-0.026928,-0.007519,0.001364,0.001417,-0.001719,0.012549,-0.030877,-1.11562
1290,0.123625,-0.019516,0.279033,-0.380524,-0.362645,-0.850727,-0.718812,-0.462807,0.51874,-0.581375,0.809356,-0.083502,-0.000246,-0.001114,-0.001503,0.0,0.0,0.0,-1.905546,-0.175245,-0.00979,0.249039,-0.215265,0.786766,0.578491,-0.29806,-0.616938,0.728342,0.930176,-0.016622,0.366551,-0.029911,0.023238,0.0388,0.014485,-0.161513,0.189525,0.462842,0.034269,0.052561,-0.03675,0.12455,-0.747687,0.652265,0.265631,0.658515,0.704129,-0.955995,0.085563,0.280626,-0.015001,0.011242,0.018861,0.01701,-0.033717,0.005228,0.440107,0.06329,0.044184,-0.067808,0.357919,0.317061,-0.878274,0.693818,0.539176,0.477393,0.624908,-0.78023,-0.027001,-0.00768,0.000639,0.000442,0.001441,-0.097756,0.13459,-1.113824
1291,0.123429,-0.019681,0.278992,-0.375678,-0.367172,-0.850938,-0.713623,-0.471227,0.518323,-0.590839,0.802429,-0.083931,-0.001348,-0.01514,0.00274,-0.034329,0.03237,-0.039959,-1.904587,-0.175982,-0.009042,0.250201,-0.213544,0.78729,0.578416,-0.296313,-0.616271,0.729618,0.931128,-0.016572,0.364128,-0.01475,0.015391,0.024859,-0.01374,0.10473,-0.137955,0.461869,0.033884,0.052955,-0.036136,0.122981,-0.748433,0.651707,0.263847,0.657716,0.705544,-0.956691,0.085183,0.278359,0.000284,0.007919,0.011952,0.018477,-0.045801,0.04127,0.43978,0.063194,0.04411,-0.067826,0.352795,0.321322,-0.878798,0.688144,0.547293,0.476367,0.634028,-0.772801,-0.028034,-0.000415,-0.001866,-0.002526,0.014154,-0.101288,0.141219,-1.113824
1292,0.123287,-0.019933,0.278734,-0.371161,-0.371612,-0.850993,-0.708117,-0.479584,0.518209,-0.600241,0.795404,-0.084079,-0.001517,-0.006819,-0.009239,-0.000335,0.016227,-0.023815,-1.905551,-0.17593,-0.008644,0.250852,-0.211194,0.782663,0.585515,-0.293325,-0.622058,0.725906,0.932606,-0.019418,0.360183,0.015631,0.008179,0.010605,-0.008654,0.089355,-0.104443,0.465105,0.033904,0.053161,-0.035799,0.120341,-0.743041,0.658337,0.261615,0.663451,0.700992,-0.95764,0.087873,0.274231,0.007787,0.003648,0.004642,-0.007496,0.087374,-0.101421,0.44076,0.063123,0.043981,-0.067951,0.348059,0.3255,-0.879149,0.682176,0.555308,0.475676,0.643031,-0.765299,-0.028768,-0.00079,-0.003557,-0.004824,-0.000426,0.017087,-0.024022,-1.108599
1293,0.123113,-0.020181,0.278373,-0.369511,-0.37381,-0.850748,-0.705063,-0.483585,0.518654,-0.604835,0.791945,-0.083807,-0.00142,-0.006359,-0.008645,0.03775,-0.00699,-0.020063,-1.905512,-0.175352,-0.008467,0.250997,-0.210525,0.781664,0.587089,-0.29267,-0.623291,0.725111,0.932962,-0.020147,0.35922,0.030681,0.001459,-0.001149,0.004089,-0.030411,0.058491,0.464546,0.034193,0.053249,-0.035727,0.119597,-0.741912,0.659743,0.26111,0.664625,0.700067,-0.957871,0.088539,0.273207,0.01532,0.000303,-0.001219,0.004253,-0.030499,0.058807,0.442556,0.063034,0.043852,-0.068138,0.346303,0.327608,-0.879059,0.678934,0.559126,0.47584,0.647395,-0.761609,-0.028797,-0.000695,-0.003128,-0.004255,0.127947,-0.06089,-0.010801,-1.110068
1294,0.122983,-0.020298,0.278226,-0.369774,-0.373821,-0.850629,-0.70499,-0.483464,0.518866,-0.60476,0.792014,-0.083706,-0.016556,-0.003889,-0.00618,-0.001317,0.030941,-0.053369,-1.905402,-0.174907,-0.0085,0.250862,-0.211735,0.779376,0.589689,-0.29323,-0.626125,0.722439,0.932514,-0.020924,0.360337,0.030532,-0.002997,-0.007849,0.012498,-0.022159,0.026832,0.464716,0.034404,0.053235,-0.035791,0.12087,-0.739338,0.662396,0.262218,0.667367,0.697038,-0.957408,0.089441,0.274532,0.007587,-0.002084,-0.003972,-0.008716,-0.012601,0.03935,0.442393,0.062974,0.043791,-0.068215,0.346538,0.327646,-0.878953,0.67885,0.559056,0.476043,0.647358,-0.761645,-0.028688,-0.000858,-0.008388,0.000236,-0.035308,0.017198,-0.016303,-1.112518
1295,0.122613,-0.020485,0.278109,-0.366397,-0.378193,-0.850158,-0.699008,-0.491194,0.5197,-0.613691,0.785154,-0.083327,-0.016476,-0.012514,0.005376,-0.036328,0.047738,-0.069604,-1.905349,-0.173877,-0.008794,0.250397,-0.217416,0.771321,0.598152,-0.295946,-0.63595,0.712683,0.930353,-0.023036,0.365754,0.015069,-0.008516,-0.014525,0.417769,-0.377135,-0.361344,0.474563,0.034913,0.053088,-0.036021,0.124306,-0.731708,0.670186,0.264873,0.675385,0.688256,-0.956237,0.09196,0.277764,0.007535,-0.004367,-0.00744,0.028397,-0.020485,-0.041477,0.447455,0.062789,0.043698,-0.068281,0.34291,0.331862,-0.878794,0.672431,0.566525,0.476325,0.655933,-0.754265,-0.028887,-0.007838,3.6e-05,-0.000398,-0.001449,0.015214,-0.02962,-1.105659
1296,0.121733,-0.020702,0.278359,-0.369209,-0.372935,-0.851263,-0.699081,-0.49211,0.518734,-0.611918,0.787087,-0.077958,-0.015668,-0.008842,0.010364,0.061489,0.312112,0.1783,-1.905514,-0.173486,-0.009342,0.249598,-0.226184,0.764086,0.604156,-0.301327,-0.644587,0.702597,0.926538,-0.024087,0.375246,-0.00054,-0.017802,-0.02698,0.381554,-0.315179,-0.387887,0.476717,0.035126,0.05282,-0.036414,0.133387,-0.724305,0.676453,0.271917,0.683106,0.67781,-0.95303,0.093528,0.288069,-0.00027,-0.009203,-0.01395,0.393514,-0.340409,-0.406096,0.457416,0.062348,0.043586,-0.068161,0.345833,0.327829,-0.879162,0.672394,0.566927,0.475898,0.654434,-0.755725,-0.024368,-0.015592,-0.003993,0.005321,0.138401,0.520512,0.251332,-1.095862
1297,0.121332,-0.020882,0.278562,-0.372601,-0.373085,-0.849718,-0.697695,-0.491134,0.521518,-0.61144,0.787626,-0.076242,-0.015807,-0.009409,0.00958,-0.034556,0.035909,-0.042842,-1.905448,-0.173521,-0.009811,0.248926,-0.228955,0.759656,0.608681,-0.302631,-0.649748,0.697263,0.925436,-0.025513,0.377863,-0.000753,-0.024382,-0.03719,0.18445,-0.112375,-0.249695,0.476285,0.035108,0.052592,-0.036741,0.13721,-0.719131,0.681192,0.274838,0.688335,0.671311,-0.951649,0.095107,0.292091,-0.000377,-0.012639,-0.019268,0.233376,-0.159117,-0.284216,0.458559,0.062149,0.0435,-0.068054,0.349493,0.326899,-0.87806,0.671113,0.566617,0.47807,0.653805,-0.756361,-0.021358,-0.007881,-0.004581,0.004972,-0.046911,0.013259,-0.054293,-1.094882
1298,0.120869,-0.021373,0.27897,-0.377491,-0.367791,-0.849868,-0.696871,-0.491574,0.522206,-0.609373,0.789834,-0.069677,-0.000663,-0.011882,0.007139,-0.004099,0.110346,0.046534,-1.905334,-0.173609,-0.01069,0.247488,-0.233774,0.754149,0.613677,-0.305384,-0.656073,0.690104,0.92333,-0.027021,0.382876,-0.000647,-0.020159,-0.031156,0.024862,0.024008,-0.093254,0.473033,0.035063,0.052129,-0.037495,0.142375,-0.713276,0.686269,0.278771,0.694162,0.663645,-0.949744,0.096825,0.297672,-0.000731,-0.004135,-0.01906,0.029911,-0.079557,0.110301,0.456109,0.061912,0.043254,-0.067843,0.354678,0.32194,-0.877813,0.670259,0.567031,0.478777,0.651886,-0.758174,-0.01467,-0.000343,-0.005962,0.003549,-0.011343,0.098264,0.041739,-1.094066
1299,0.120789,-0.021862,0.27921,-0.37819,-0.367601,-0.849639,-0.697508,-0.490307,0.522545,-0.608209,0.790709,-0.069915,-0.000985,-0.013271,0.005244,-0.033017,-0.078218,0.12479,-1.90483,-0.173788,-0.010742,0.246623,-0.232968,0.757379,0.609995,-0.306294,-0.652371,0.693203,0.923232,-0.02629,0.383165,-0.016473,0.006638,-0.013386,-0.230722,0.255757,0.207835,0.473518,0.03498,0.052074,-0.037963,0.14267,-0.716331,0.683019,0.279779,0.691122,0.666388,-0.949404,0.096021,0.299017,-5.7e-05,-0.002188,-0.003398,-0.490349,0.447958,0.358305,0.454966,0.061873,0.043016,-0.067722,0.355457,0.321959,-0.877491,0.670983,0.565683,0.479357,0.650716,-0.759173,-0.014953,-0.000112,-0.00046,-0.000625,-0.000818,-0.001864,-0.001271,-1.091943
1300,0.120943,-0.02194,0.279183,-0.375587,-0.369792,-0.849843,-0.694807,-0.49451,0.522182,-0.612895,0.787062,-0.070141,-0.000114,-0.000495,-0.000676,0.0,0.0,0.0,-1.905103,-0.173925,-0.010495,0.246659,-0.231101,0.763803,0.602651,-0.306734,-0.644923,0.699944,0.923552,-0.024051,0.382539,0.000168,0.005043,0.007833,-0.012827,-0.003754,0.034886,0.47338,0.034905,0.052201,-0.037949,0.139389,-0.723976,0.675595,0.278049,0.683422,0.674997,-0.950399,0.093761,0.296563,-0.007205,-0.003421,0.008296,-0.019972,0.006538,-0.039036,0.455293,0.061949,0.042969,-0.067737,0.352628,0.324003,-0.87788,0.668094,0.569708,0.478626,0.655212,-0.755284,-0.01557,0.007898,0.004621,-0.004903,0.035965,-0.0315,0.045741,-1.09129
1301,0.121022,-0.021889,0.279083,-0.373035,-0.372031,-0.84999,-0.691817,-0.498941,0.521937,-0.617815,0.783201,-0.070193,-0.000411,-0.001783,-0.002436,-0.000336,0.016113,-0.023892,-1.904916,-0.173935,-0.010442,0.246972,-0.231224,0.76398,0.602379,-0.306524,-0.644726,0.700218,0.923591,-0.023692,0.382467,0.001159,-0.002601,0.02138,-0.034859,-0.004681,0.00622,0.473353,0.0349,0.052231,-0.037787,0.139742,-0.724043,0.675449,0.278045,0.683391,0.675031,-0.950348,0.093475,0.296815,0.000596,-0.000754,0.011542,-0.028519,-0.008628,0.001069,0.45513,0.061989,0.042997,-0.067784,0.349951,0.326094,-0.878177,0.664855,0.573949,0.478068,0.659924,-0.751162,-0.015952,-0.000204,-0.000888,-0.00122,-0.00029,0.016672,-0.024012,-1.094556
1302,0.121069,-0.021822,0.278862,-0.370466,-0.374286,-0.850124,-0.688662,-0.503509,0.521723,-0.622865,0.779194,-0.070162,2.7e-05,0.009133,-0.010898,0.035002,-0.016821,0.016236,-1.905035,-0.173843,-0.010277,0.248077,-0.235876,0.762883,0.601966,-0.308476,-0.646081,0.698108,0.921769,-0.021979,0.386939,0.001373,0.004189,0.031697,0.13753,-0.201023,-0.088228,0.473919,0.034946,0.052316,-0.03724,0.144062,-0.723296,0.675343,0.280099,0.684357,0.6732,-0.949099,0.09218,0.301184,0.000252,0.008218,0.012637,0.245906,-0.144448,-0.314382,0.455456,0.062012,0.04303,-0.067895,0.347259,0.328196,-0.878463,0.661447,0.578315,0.477532,0.664753,-0.746885,-0.016259,1e-06,0.004503,-0.005541,0.035003,-0.016093,0.016067,-1.099454
1303,0.120927,-0.02194,0.278729,-0.368248,-0.376497,-0.850111,-0.685696,-0.507526,0.521738,-0.627435,0.775515,-0.070205,-0.000697,-0.00302,-0.004136,0.003425,-0.002102,0.000283,-1.905052,-0.173679,-0.009917,0.249161,-0.244664,0.759825,0.602326,-0.306719,-0.64985,0.695379,0.920074,-0.015561,0.39126,0.001322,0.003063,0.029765,-0.005121,-0.048995,0.005807,0.474448,0.035029,0.052509,-0.036669,0.153692,-0.720333,0.676386,0.279219,0.688282,0.669556,-0.947847,0.085954,0.306914,0.000646,0.001607,0.015,-0.038805,-0.024936,0.028779,0.456109,0.061941,0.042972,-0.067961,0.344919,0.330285,-0.878602,0.658265,0.582156,0.477264,0.669117,-0.742971,-0.016619,-0.008096,-0.000962,-0.0018,0.010521,0.025237,-0.052809,-1.100434
1304,0.120756,-0.022073,0.278696,-0.368275,-0.376505,-0.850096,-0.685836,-0.507328,0.521747,-0.627267,0.775641,-0.070323,-0.016759,-0.013336,0.004188,-0.035982,0.031548,-0.045785,-1.904959,-0.173539,-0.00975,0.249569,-0.24472,0.760006,0.602075,-0.306586,-0.649644,0.695629,0.920103,-0.015303,0.391201,0.000341,0.011087,0.016833,-0.010452,0.104044,-0.134112,0.474363,0.035099,0.052595,-0.03646,0.153599,-0.720712,0.676003,0.278852,0.687931,0.670069,-0.94797,0.085583,0.306638,0.000163,0.005811,0.008821,-0.004265,-0.029275,0.051003,0.456273,0.061862,0.042909,-0.06798,0.344917,0.330286,-0.878602,0.658406,0.581999,0.47726,0.668979,-0.743093,-0.016722,-0.000489,-0.002119,-0.002904,-0.000558,0.016482,-0.023958,-1.094229
1305,0.120449,-0.022401,0.278547,-0.365949,-0.378685,-0.850132,-0.683151,-0.51104,0.521646,-0.631543,0.772135,-0.070623,-0.001389,-0.005973,-0.00821,-0.000333,0.016106,-0.023897,-1.9048,-0.173206,-0.009616,0.250131,-0.246664,0.759048,0.60249,-0.307394,-0.650772,0.694218,0.919317,-0.014912,0.393061,0.000172,0.00586,0.008859,0.193927,-0.200819,-0.135962,0.475497,0.03526,0.052665,-0.036175,0.154332,-0.720196,0.676386,0.279017,0.688492,0.669423,-0.947802,0.085409,0.307204,0.00051,-0.002823,0.008207,0.368117,-0.358054,-0.306132,0.457089,0.061709,0.042751,-0.068047,0.342574,0.332337,-0.878746,0.655488,0.585514,0.476977,0.673036,-0.739408,-0.017261,-0.000671,-0.002895,-0.003975,-0.000671,0.016347,-0.023912,-1.090473
1306,0.120341,-0.022598,0.278237,-0.364084,-0.380866,-0.849958,-0.679952,-0.514973,0.521958,-0.636056,0.768441,-0.070416,-0.001179,-0.005056,-0.006971,0.0,-0.0,0.0,-1.904783,-0.172902,-0.009586,0.25046,-0.248755,0.75831,0.60256,-0.308402,-0.651643,0.692953,0.918418,-0.014403,0.395176,0.016328,-0.008129,0.010908,-0.028505,0.085785,-0.135189,0.474921,0.035412,0.052685,-0.036011,0.157809,-0.719083,0.676768,0.281187,0.689706,0.667262,-0.946588,0.084999,0.311039,0.007714,0.001442,0.001295,-0.00576,-0.01423,0.031429,0.456926,0.061648,0.042643,-0.068208,0.340535,0.334418,-0.878748,0.652114,0.589279,0.476966,0.677334,-0.735468,-0.017409,-0.000697,-0.003005,-0.004143,-0.000686,0.016374,-0.023914,-1.093413
1307,0.120309,-0.022651,0.278075,-0.361866,-0.383036,-0.849931,-0.676788,-0.519068,0.522013,-0.640679,0.764598,-0.07034,-0.000484,0.006936,-0.013961,0.034994,-0.016849,0.016225,-1.905369,-0.172699,-0.009619,0.250555,-0.250908,0.757606,0.602553,-0.30962,-0.65247,0.69163,0.917424,-0.013975,0.397492,0.015422,0.002343,0.001779,0.102659,-0.111016,-0.053674,0.474609,0.035514,0.052664,-0.035961,0.159594,-0.718534,0.676932,0.282288,0.690305,0.666177,-0.945961,0.084772,0.313002,0.00045,-0.005167,0.004655,0.097964,-0.112221,-0.125354,0.456763,0.061631,0.04261,-0.068287,0.338214,0.336465,-0.878863,0.648738,0.593171,0.476745,0.681725,-0.731395,-0.017659,-0.000616,-0.002661,-0.003673,-0.000588,0.01679,-0.024024,-1.097985
1308,0.120249,-0.022794,0.27784,-0.359553,-0.385184,-0.849942,-0.673679,-0.523115,0.521995,-0.645242,0.760751,-0.070341,-0.000926,-0.003963,-0.005481,-0.000332,0.016112,-0.023893,-1.904634,-0.17228,-0.009703,0.250756,-0.253125,0.757159,0.602186,-0.310695,-0.653002,0.690645,0.916454,-0.013223,0.399749,6.7e-05,0.002578,0.003883,0.31345,-0.298032,-0.257769,0.473793,0.035728,0.052617,-0.035869,0.160596,-0.718786,0.676428,0.282494,0.690127,0.666273,-0.94573,0.084086,0.313884,2.9e-05,0.001309,0.001966,0.488888,-0.425334,-0.37563,0.45562,0.061602,0.042543,-0.068408,0.335756,0.338478,-0.879033,0.645402,0.597059,0.47642,0.686093,-0.727291,-0.017988,-0.000392,-0.0017,-0.002354,0.001876,-0.110835,0.164849,-1.104517
1309,0.120226,-0.022858,0.277663,-0.356975,-0.384912,-0.85115,-0.675146,-0.523413,0.519797,-0.645143,0.760684,-0.071963,-0.000484,-0.002072,-0.00287,-0.0,-0.0,0.0,-1.904926,-0.171906,-0.009591,0.250957,-0.253218,0.757582,0.601615,-0.310801,-0.652517,0.691056,0.916393,-0.012942,0.399899,9e-05,0.003644,0.005479,-0.010892,0.104111,-0.134023,0.473412,0.035916,0.05267,-0.035772,0.162162,-0.718731,0.676112,0.283548,0.690225,0.665725,-0.945147,0.083755,0.315723,0.007722,0.001962,0.002057,-0.000919,-0.012676,0.031484,0.455293,0.06159,0.042509,-0.068499,0.333209,0.337968,-0.880197,0.646856,0.597252,0.4742,0.685965,-0.727369,-0.019607,-0.000256,-0.001108,-0.001535,-0.000239,0.016969,-0.025091,-1.100924
1310,0.120169,-0.022875,0.277566,-0.354849,-0.384653,-0.852156,-0.676481,-0.523524,0.517946,-0.644919,0.760738,-0.073374,-0.01578,0.000115,-0.000836,-0.000984,0.014715,-0.029553,-1.904816,-0.171545,-0.009409,0.251189,-0.253139,0.757713,0.601484,-0.310859,-0.652365,0.691174,0.916395,-0.012962,0.399894,0.000119,0.00512,0.00768,0.001861,-0.017653,0.022701,0.473382,0.036096,0.05276,-0.035659,0.161999,-0.718794,0.676085,0.283544,0.690149,0.665805,-0.945176,0.08384,0.315613,0.007736,0.002843,0.003368,0.004037,-0.032644,0.052073,0.45513,0.061567,0.042501,-0.068546,0.331078,0.337508,-0.881178,0.648193,0.597296,0.472316,0.685734,-0.727547,-0.021019,-0.000199,-0.000862,-0.001195,-6e-05,0.017023,-0.025301,-1.099128
1311,0.12015,-0.022916,0.277543,-0.350076,-0.38644,-0.853321,-0.674918,-0.52766,0.515783,-0.649154,0.756965,-0.075029,-0.00029,-0.00124,-0.00172,0.0,-0.0,0.0,-1.905084,-0.171439,-0.009292,0.251333,-0.255112,0.756654,0.601983,-0.312141,-0.653592,0.689433,0.915413,-0.012967,0.402135,0.015479,0.006155,0.00744,0.183691,-0.093916,-0.262975,0.473274,0.036143,0.052818,-0.035587,0.163207,-0.718202,0.676423,0.284538,0.690748,0.664759,-0.944669,0.083975,0.31709,5.7e-05,0.002659,0.003977,0.332814,-0.30881,-0.23368,0.45513,0.061552,0.042481,-0.068557,0.326208,0.338951,-0.882439,0.646395,0.601166,0.469862,0.689754,-0.723678,-0.022992,-0.000457,-0.006468,0.002832,-0.033911,0.019503,-0.019615,-1.096842
1312,0.120123,-0.022979,0.277579,-0.345793,-0.390549,-0.853196,-0.668652,-0.535369,0.516001,-0.657876,0.749406,-0.074949,-0.000433,-0.010862,0.008545,-0.034992,0.016857,-0.016221,-1.904284,-0.171366,-0.00917,0.251544,-0.254939,0.756417,0.602354,-0.311974,-0.653864,0.689252,0.915519,-0.013147,0.40189,5.6e-05,0.002482,0.00371,4.1e-05,-3.9e-05,-3.4e-05,0.472248,0.036186,0.052886,-0.035472,0.163811,-0.717517,0.677004,0.284915,0.69144,0.663877,-0.944451,0.084139,0.317697,2.8e-05,0.001425,0.002129,-0.002382,0.001975,0.001765,0.454313,0.061538,0.042451,-0.068546,0.321715,0.342839,-0.882587,0.63967,0.608552,0.469559,0.698084,-0.715629,-0.023523,0.000111,0.000474,0.000652,-0.000117,0.001083,-0.000266,-1.089004
