frame,MLTx,MLTy,MLTz,MLTR1,MLTR2,MLTR3,MLTR4,MLTR5,MLTR6,MLTR7,MLTR8,MLTR9,MLTTVx,MLTTVy,MLTTVz,MLTRVx,MLTRVy,MLTRVz,MLGA,MRTx,MRTy,MRTz,MRTR1,MRTR2,MRTR3,MRTR4,MRTR5,MRTR6,MRTR7,MRTR8,MRTR9,MRTTVx,MRTTVy,MRTTVz,MRTRVx,MRTRVy,MRTRVz,MRGA,SLTx,SLTy,SLTz,SLTR1,SLTR2,SLTR3,SLTR4,SLTR5,SLTR6,SLTR7,SLTR8,SLTR9,SLTTVx,SLTTVy,SLTTVz,SLTRVx,SLTRVy,SLTRVz,SLGA,SRTx,SRTy,SRTz,SRTR1,SRTR2,SRTR3,SRTR4,SRTR5,SRTR6,SRTR7,SRTR8,SRTR9,SRTTVx,SRTTVy,SRTTVz,SRTRVx,SRTRVy,SRTRVz,SRGA
364,0.1464,-0.059813,0.309859,-0.699275,-0.132593,-0.702481,0.029616,-0.987176,0.156773,-0.713392,0.088981,0.695112,2.8e-05,-0.00998,0.009686,-0.029824,0.03253,-0.008566,-0.100773,-0.171862,-0.050699,0.302299,-0.550756,0.363031,0.751577,-0.076988,-0.918631,0.387459,0.831753,0.155084,0.532915,0.000857,-0.010748,0.008659,-0.036446,0.00981,-0.01862,-1.355941,0.041281,0.028742,-0.005681,0.558696,-0.38118,0.736586,0.121404,0.916145,0.382017,-0.820438,-0.124007,0.558123,0.0,3e-06,7e-06,3e-06,0.000158,0.000124,-0.956354,0.07555,0.020764,-0.050076,0.682539,0.224971,-0.695361,-0.170863,0.974196,0.14747,0.710594,0.018158,0.703366,4.9e-05,0.000344,0.000455,-0.008116,-0.005487,0.002834,-0.283981
365,0.146391,-0.05982,0.309901,-0.699326,-0.132723,-0.702405,0.029653,-0.987151,0.156928,-0.71334,0.089074,0.695154,0.000134,0.000932,0.001227,8.5e-05,0.00029,0.000145,-0.125183,-0.171837,-0.050709,0.302318,-0.550769,0.363061,0.751554,-0.076966,-0.91861,0.387512,0.831747,0.155137,0.532909,1.1e-05,0.000405,0.000526,0.0,-0.0,-0.0,-1.354608,0.041293,0.028733,-0.005669,0.558701,-0.381199,0.736572,0.121352,0.916127,0.382076,-0.820442,-0.124082,0.558101,7e-06,0.00023,0.000299,8.2e-05,4.5e-05,8.2e-05,-0.956844,0.075545,0.020756,-0.050052,0.68241,0.225168,-0.695424,-0.170831,0.974154,0.147783,0.710727,0.017952,0.703238,8.7e-05,0.000604,0.000798,-0.002968,-0.006128,-0.002056,-0.301453
366,0.146381,-0.059859,0.30997,-0.699314,-0.132655,-0.70243,0.029474,-0.987144,0.157005,-0.713359,0.08925,0.695112,7.2e-05,0.000501,0.00066,0.0,0.0,0.0,-0.183465,-0.171776,-0.050734,0.302314,-0.550783,0.363097,0.751525,-0.076949,-0.918587,0.387571,0.831739,0.15519,0.532907,-1e-05,-0.000348,-0.000452,0.0,-0.0,-0.0,-1.353117,0.041324,0.028722,-0.005669,0.558712,-0.381238,0.736544,0.121339,0.916104,0.382137,-0.820436,-0.124133,0.558098,-8e-06,-0.000269,-0.00035,6.5e-05,4e-05,5.2e-05,-0.95717,0.07554,0.020737,-0.050017,0.682361,0.225123,-0.695487,-0.170655,0.974168,0.147895,0.710816,0.017771,0.703152,5.3e-05,0.000372,0.00049,0.000124,-0.000168,-0.000232,-0.338357
367,0.14641,-0.059831,0.310024,-0.704104,-0.131705,-0.697808,0.029099,-0.987174,0.156882,-0.708647,0.090313,0.699779,0.000167,0.001162,0.00153,0.004979,0.017056,0.008535,-0.256638,-0.171741,-0.050772,0.302277,-0.550808,0.363155,0.751479,-0.076969,-0.918558,0.387635,0.831721,0.155223,0.532926,-3.2e-05,-0.001149,-0.001493,0.0,-0.0,-0.0,-1.303578,0.041341,0.028703,-0.005687,0.558732,-0.381299,0.736497,0.121362,0.916075,0.382199,-0.820419,-0.124164,0.558116,-1.7e-05,-0.000623,-0.000811,4.6e-05,-1e-06,5.9e-05,-0.950965,0.075555,0.020751,-0.04999,0.687434,0.224805,-0.690576,-0.17032,0.974269,0.147612,0.705992,0.016146,0.708035,0.000106,0.000737,0.00097,-0.009718,-0.014847,0.001499,-0.391916
368,0.146428,-0.059789,0.310079,-0.710609,-0.128977,-0.691697,0.028151,-0.987478,0.155132,-0.702163,0.09092,0.706206,0.000132,0.000915,0.001203,0.15325,0.52505,0.262741,-0.318264,-0.171696,-0.050803,0.302199,-0.550785,0.36311,0.751518,-0.076979,-0.918586,0.387567,0.831735,0.155167,0.53292,-2.8e-05,-0.000999,-0.001299,0.0,-0.0,-0.0,-1.155784,0.041364,0.028687,-0.005727,0.558711,-0.381254,0.736536,0.121374,0.916102,0.382132,-0.820432,-0.124105,0.558111,0.007883,-0.000303,-0.001185,0.002076,-0.015194,0.029271,-0.894304,0.075564,0.020773,-0.049961,0.692187,0.22424,-0.685996,-0.169734,0.974425,0.147256,0.701474,0.014508,0.712546,8.1e-05,0.000555,0.000729,-0.013361,-0.021934,-0.003107,-0.441883
369,0.146442,-0.059774,0.310099,-0.71432,-0.12547,-0.688512,0.022448,-0.987397,0.15657,-0.698594,0.096535,0.708996,7.9e-05,0.000552,0.000726,0.023555,0.080535,0.040299,-0.349947,-0.171651,-0.050804,0.302142,-0.550845,0.363249,0.751407,-0.077146,-0.91854,0.387643,0.83168,0.155115,0.533021,-2.6e-05,-0.000939,-0.001222,0.0,-0.0,-0.0,-1.032393,0.041386,0.028686,-0.005756,0.558763,-0.381395,0.736424,0.121541,0.916049,0.382203,-0.820372,-0.124055,0.55821,-1.3e-05,-0.000557,-0.000726,2.5e-05,7e-06,2.3e-05,-0.841561,0.075571,0.020781,-0.04995,0.698412,0.220104,-0.681009,-0.163794,0.975437,0.147284,0.696699,0.00868,0.717309,4.5e-05,0.000313,0.000409,0.006486,0.049988,0.036171,-0.465887
370,0.146505,-0.059756,0.310123,-0.720713,-0.117365,-0.68326,0.015921,-0.988106,0.152857,-0.692179,0.099427,0.714864,8e-06,5.6e-05,7.4e-05,0.016511,0.05626,0.02815,-0.428232,-0.171351,-0.050746,0.301999,-0.551045,0.363729,0.751028,-0.077735,-0.918383,0.387898,0.831493,0.154918,0.53337,0.015773,-0.000268,-0.001939,0.002045,-0.015205,0.029245,-0.666062,0.04153,0.028715,-0.005827,0.558928,-0.381865,0.736056,0.122119,0.91588,0.382425,-0.820174,-0.123861,0.558544,-1.2e-05,-0.000528,-0.00069,2.6e-05,9e-06,9e-06,-0.684475,0.075603,0.02079,-0.049937,0.705851,0.212936,-0.675596,-0.157306,0.977053,0.143599,0.690671,0.004916,0.723151,-0.0,-6e-06,-1e-05,-0.005475,0.01686,0.018087,-0.520426
371,0.146603,-0.059759,0.310138,-0.7268,-0.108688,-0.678229,0.008961,-0.988815,0.14878,-0.685912,0.102185,0.720493,7.9e-05,0.000555,0.000729,0.010364,0.035285,0.017654,-0.492657,-0.170984,-0.050682,0.301772,-0.551218,0.36416,0.750692,-0.078397,-0.918267,0.388037,0.831316,0.154591,0.53374,0.015717,-0.002553,-0.004925,0.000253,-0.001394,0.004018,-0.416375,0.041714,0.028751,-0.005935,0.55908,-0.382318,0.735704,0.122793,0.915734,0.382559,-0.819969,-0.123542,0.558915,0.00787,-0.001009,-0.002119,0.002059,-0.015204,0.029262,-0.561191,0.075651,0.020787,-0.049933,0.713051,0.20519,-0.670413,-0.150399,0.978721,0.139588,0.684789,0.001295,0.728739,5e-05,0.000355,0.000465,-0.013443,-0.010275,0.004526,-0.573169
372,0.146663,-0.059763,0.310134,-0.731898,-0.102934,-0.673628,0.002403,-0.988907,0.14842,-0.680526,0.107131,0.724869,0.016022,-0.000939,-0.000994,-0.273004,0.267112,0.494161,-0.527007,-0.170826,-0.050667,0.301621,-0.551286,0.364333,0.750558,-0.07872,-0.918231,0.388058,0.831241,0.154397,0.533913,-9.4e-05,-0.003773,-0.004919,-0.001792,0.013817,-0.025224,-0.328988,0.041799,0.028758,-0.006012,0.559138,-0.382497,0.735567,0.123116,0.915685,0.382573,-0.819881,-0.123351,0.559087,-4.3e-05,-0.001941,-0.002536,-0.001784,0.01382,-0.025208,-0.526573,0.075676,0.020787,-0.049933,0.718293,0.201011,-0.666069,-0.14461,0.97958,0.139676,0.680545,-0.004008,0.732694,-3e-06,-1.2e-05,-1.7e-05,-1.042872,0.51869,1.346776,-0.598479
373,0.146797,-0.059778,0.310167,-0.736967,-0.097214,-0.668935,-0.004145,-0.988934,0.148206,-0.675026,0.11211,0.729245,3.8e-05,0.000266,0.000349,-3.603709,1.136442,4.188951,-0.60428,-0.170444,-0.050569,0.301231,-0.551545,0.36497,0.750058,-0.079794,-0.918077,0.388204,0.830967,0.153811,0.534509,0.014849,0.008043,-0.013807,0.038491,-0.024955,0.047896,-0.119932,0.041984,0.028802,-0.006204,0.559355,-0.383129,0.735073,0.124157,0.915496,0.38269,-0.819577,-0.122795,0.559655,0.00743,0.003957,-0.006993,0.038507,-0.024958,0.047902,-0.430395,0.075749,0.020778,-0.049917,0.721934,0.200512,-0.662272,-0.143479,0.979671,0.140205,0.676922,-0.006196,0.736027,4e-06,-0.005061,0.004745,0.189276,0.638249,0.258396,-0.652855
374,0.146933,-0.059791,0.31022,-0.741859,-0.091151,-0.664366,-0.010938,-0.98894,0.147818,-0.669572,0.117033,0.733488,0.000181,0.001275,0.001675,0.134329,0.44221,0.253355,-0.678411,-0.170029,-0.050256,0.300725,-0.553991,0.36243,0.749487,-0.076004,-0.91844,0.388105,0.829696,0.157595,0.53538,-0.000932,0.008395,-0.011737,0.036447,-0.009747,0.018651,0.046595,0.042197,0.028955,-0.006462,0.561879,-0.380679,0.734421,0.12037,0.915995,0.382704,-0.818414,-0.126632,0.560501,0.007438,0.004313,-0.006539,0.038671,-0.024909,0.047895,-0.227588,0.07581,0.020774,-0.049897,0.728239,0.191416,-0.658047,-0.131132,0.981379,0.140348,0.67266,-0.015915,0.73978,1.9e-05,0.000136,0.000177,-0.007601,-0.005883,0.003423,-0.710823
375,0.147008,-0.059845,0.310304,-0.74891,-0.079191,-0.657958,-0.02401,-0.988939,0.146276,-0.661334,0.125436,0.739547,7.3e-05,0.000512,0.000673,0.053806,0.183601,0.091763,-0.767276,-0.169783,-0.04997,0.300166,-0.558443,0.35634,0.749103,-0.066641,-0.919305,0.387777,0.827516,0.166189,0.536154,0.014817,0.006693,-0.015609,0.036697,-0.011058,0.022714,0.137274,0.042315,0.029103,-0.006735,0.566543,-0.374747,0.733888,0.111017,0.917199,0.382649,-0.816519,-0.135313,0.561237,-0.000484,0.003124,-0.007284,0.036982,-0.009623,0.018496,-0.070013,0.075848,0.020749,-0.049852,0.738472,0.179557,-0.649936,-0.117933,0.983428,0.137693,0.66389,-0.025034,0.74741,5.1e-05,0.000373,0.000486,0.081593,0.268092,0.131992,-0.77075
376,0.147019,-0.059916,0.310364,-0.753828,-0.073549,-0.652977,-0.03046,-0.988734,0.146452,-0.655457,0.130374,0.743912,-3.9e-05,-0.010488,0.009016,0.010356,0.16924,0.059692,-0.808263,-0.169794,-0.049964,0.299935,-0.560466,0.352878,0.749231,-0.061388,-0.919809,0.387449,0.826555,0.170722,0.536212,-0.000128,-0.005848,-0.007674,-0.001795,0.013914,-0.025171,0.160936,0.042315,0.029112,-0.006852,0.568708,-0.371389,0.733921,0.105816,0.917882,0.382483,-0.815704,-0.139861,0.561306,-0.007958,-0.003215,-0.003401,-0.003362,0.029288,-0.054386,-0.019066,0.07586,0.020714,-0.049821,0.744231,0.174567,-0.644704,-0.111452,0.984165,0.137825,0.658556,-0.03072,0.751903,-2.3e-05,-0.005265,0.004478,0.02375,0.216989,0.088442,-0.804878
377,0.147006,-0.060102,0.310514,-0.766193,-0.053302,-0.640432,-0.050034,-0.988579,0.142053,-0.639739,0.140943,0.755576,-1e-05,-6.7e-05,-8.8e-05,0.113009,0.413622,0.215446,-0.876628,-0.169874,-0.050153,0.299592,-0.558317,0.353824,0.750389,-0.060487,-0.919363,0.388648,0.828074,0.171163,0.533723,-0.000132,-0.005943,-0.007822,-0.001904,0.014068,-0.025078,0.200422,0.042275,0.029013,-0.00703,0.566512,-0.372275,0.735169,0.104931,0.917465,0.383727,-0.817344,-0.140244,0.558818,-5.9e-05,-0.002986,-0.003927,0.001824,0.010263,-0.02709,0.049842,0.075853,0.020616,-0.049744,0.758916,0.15659,-0.63208,-0.092104,0.98671,0.133859,0.644642,-0.043371,0.763253,-6e-06,-3.8e-05,-5e-05,0.134374,0.454257,0.229084,-0.863173
378,0.14698,-0.060373,0.310738,-0.777547,-0.032824,-0.628004,-0.068674,-0.988229,0.136595,-0.624131,0.149371,0.766926,-6e-05,-0.010633,0.008824,0.086601,0.423055,0.18644,-0.94801,-0.169969,-0.050402,0.299376,-0.560076,0.349829,0.750951,-0.054399,-0.919957,0.388142,0.827309,0.176106,0.533301,-0.015924,-0.004934,-0.004869,-0.003839,0.029119,-0.054416,0.244853,0.042227,0.028885,-0.007142,0.568463,-0.368323,0.735654,0.098867,0.918289,0.383366,-0.816746,-0.145197,0.558429,-0.007956,-0.002373,-0.00231,-0.003608,0.029128,-0.054346,0.105851,0.07584,0.020485,-0.049635,0.772717,0.138081,-0.619549,-0.07352,0.988952,0.128714,0.630478,-0.05391,0.774332,-1.7e-05,-9.3e-05,-0.000124,0.174509,0.648113,0.087323,-0.905302
379,0.146977,-0.060541,0.31086,-0.783171,-0.020497,-0.621505,-0.08069,-0.987654,0.134166,-0.61561,0.155243,0.772626,-0.000111,-0.010991,0.008351,-0.905525,0.874937,1.358238,-0.97956,-0.170007,-0.050465,0.29928,-0.563856,0.344676,0.750504,-0.049346,-0.921099,0.386102,0.825057,0.180245,0.535402,-7e-05,-0.003063,-0.004044,0.032133,-0.044217,-0.026785,0.27087,0.042208,0.028854,-0.007189,0.572585,-0.363192,0.735008,0.093908,0.919675,0.381285,-0.814449,-0.149295,0.560699,-3.7e-05,-0.001702,-0.002247,0.019169,-0.019986,-0.047114,0.139652,0.075839,0.020401,-0.049574,0.779075,0.128406,-0.613639,-0.063267,0.989906,0.126817,0.623729,-0.059977,0.779335,-5.6e-05,-0.005601,0.004089,-3.319344,1.321124,4.54673,-0.918365
380,0.146999,-0.060909,0.311163,-0.793699,-0.000208,-0.608348,-0.098984,-0.986626,0.129392,-0.599255,0.162909,0.783825,-3.6e-05,-0.010467,0.009038,0.067125,0.457593,-0.019275,-1.034159,-0.170258,-0.0506,0.299145,-0.569472,0.333772,0.751192,-0.032315,-0.922152,0.385389,0.822041,0.194781,0.534951,-7.4e-05,-0.003114,-0.004118,-0.001788,0.013902,-0.025179,0.291821,0.042083,0.028788,-0.007254,0.578473,-0.352611,0.735549,0.076776,0.921272,0.381262,-0.812079,-0.164078,0.560004,-0.007945,-0.001493,-0.001152,-0.002269,0.016698,-0.028739,0.187007,0.07585,0.020216,-0.049423,0.793305,0.107823,-0.599199,-0.042971,0.991654,0.121552,0.607305,-0.07068,0.791318,-2e-05,-0.005221,0.004534,0.105193,0.45864,0.199029,-0.946288
381,0.147019,-0.061271,0.311439,-0.805181,0.01677,-0.59283,-0.111529,-0.986044,0.123496,-0.581487,0.165527,0.796555,-7.8e-05,-0.010767,0.008643,0.061859,0.431276,-0.033723,-1.097361,-0.17083,-0.050727,0.299053,-0.574782,0.322566,0.752042,-0.015101,-0.922969,0.384492,0.818838,0.209244,0.534401,-0.01589,-0.002562,-0.001767,-0.002052,0.015202,-0.029251,0.286065,0.041803,0.028724,-0.007303,0.584204,-0.341614,0.736209,0.059567,0.922702,0.380881,-0.809416,-0.178658,0.559396,-0.007951,-0.001437,-0.001082,-0.001049,0.015535,-0.029342,0.199743,0.07586,0.020036,-0.049285,0.807067,0.092583,-0.583155,-0.030353,0.99283,0.115617,0.589679,-0.07561,0.80409,-4.8e-05,-0.005416,0.004276,0.081527,0.391216,0.170108,-0.97617
382,0.147038,-0.061621,0.311681,-0.815909,0.042827,-0.576632,-0.135077,-0.983773,0.117969,-0.56121,0.174082,0.809176,-7.4e-05,-0.000519,-0.000682,0.209036,0.761115,0.153529,-1.168931,-0.171648,-0.050874,0.299029,-0.579628,0.310817,0.753271,0.002581,-0.923609,0.383241,0.815553,0.223697,0.53357,-0.031745,-0.003112,-0.000911,-0.118281,-0.012865,-0.163281,0.262087,0.0414,0.028651,-0.007313,0.589472,-0.330174,0.737229,0.042055,0.923958,0.380174,-0.806693,-0.193098,0.558533,-0.007937,-0.000723,-0.000141,-0.380295,-0.17733,-0.296517,0.183087,0.075869,0.019857,-0.04916,0.819981,0.069488,-0.568155,-0.006944,0.993738,0.111516,0.572347,-0.087496,0.81533,-6.6e-05,-0.005537,0.004118,-0.020176,0.215829,-0.12036,-0.995928
383,0.147035,-0.061785,0.311789,-0.819065,0.053332,-0.571257,-0.145847,-0.982313,0.117314,-0.55388,0.179331,0.813071,-9.5e-05,-0.010886,0.008484,0.023486,0.302474,-0.097453,-1.194348,-0.172146,-0.050947,0.299052,-0.584318,0.304726,0.752135,0.013508,-0.922957,0.384581,0.812094,0.2345,0.534208,-0.031741,-0.002759,-0.000466,-0.039549,0.027103,-0.107579,0.245692,0.041163,0.028616,-0.007302,0.594377,-0.324309,0.735892,0.03118,0.923683,0.381885,-0.803581,-0.204039,0.559128,-0.007508,-0.005979,0.004345,-0.415316,-0.166506,-0.3174,0.166922,0.075868,0.019778,-0.04911,0.825803,0.058226,-0.560944,0.004466,0.993949,0.109747,0.56394,-0.093134,0.820547,-4.1e-05,-0.000255,-0.00034,0.057151,0.195615,0.105335,-1.002786
384,0.147017,-0.062088,0.311972,-0.828334,0.076436,-0.555037,-0.167982,-0.978952,0.115784,-0.533477,0.189043,0.824434,-0.016262,-0.010684,0.008516,0.019962,0.303986,-0.134019,-1.250209,-0.17321,-0.051127,0.299129,-0.594956,0.292003,0.748834,0.029294,-0.92309,0.383381,0.803917,0.249671,0.539672,-0.031741,-0.002292,0.000102,0.034117,-0.02376,-0.090504,0.213021,0.040619,0.028525,-0.007264,0.605651,-0.311675,0.73215,0.015336,0.9245,0.380872,-0.795582,-0.219448,0.564704,-0.015878,-0.001264,-8.7e-05,0.018705,-0.002647,-0.08659,0.126426,0.075865,0.019629,-0.049016,0.83801,0.036745,-0.544415,0.026888,0.993736,0.10846,0.544991,-0.105529,0.831773,-4.6e-05,-0.005393,0.004305,0.026091,0.320813,-0.07988,-1.005072
385,0.146976,-0.0623,0.312103,-0.837716,0.098606,-0.537173,-0.189567,-0.974909,0.116571,-0.511161,0.199354,0.836062,-9.3e-05,-0.010864,0.00851,0.015251,0.267953,-0.115088,-1.299287,-0.174292,-0.051431,0.29923,-0.614075,0.273404,0.740374,0.043472,-0.924855,0.37774,0.788766,0.263808,0.555083,-0.015961,-0.003316,-0.002853,0.301317,-0.347851,-0.487868,0.198699,0.040066,0.028375,-0.00721,0.624592,-0.294421,0.723325,0.001041,0.926524,0.376231,-0.78095,-0.234238,0.579006,-0.00799,-0.001677,-0.001429,0.370227,-0.415081,-0.535136,0.096707,0.075838,0.019516,-0.04895,0.850413,0.016199,-0.525864,0.048789,0.99279,0.109483,0.523847,-0.118762,0.843491,-4.8e-05,-0.005414,0.004277,-0.023931,0.184032,-0.134472,-1.017646
386,0.146937,-0.062382,0.312132,-0.843656,0.114956,-0.524475,-0.205961,-0.97137,0.118295,-0.494814,0.207672,0.843836,-0.000188,-0.011532,0.00763,-1.315757,1.228926,1.03709,-1.319089,-0.174845,-0.051634,0.299273,-0.626756,0.260733,0.734293,0.053246,-0.925735,0.374315,0.778126,0.27338,0.565373,-0.015186,-0.015058,0.004479,0.227975,-0.353489,-0.530602,0.193573,0.039796,0.02828,-0.007189,0.637696,-0.282383,0.716661,-0.008534,0.927734,0.373143,-0.77024,-0.244068,0.589203,-0.015937,-0.002205,-0.00137,0.306795,-0.674881,-0.456146,0.087563,0.075819,0.019477,-0.048934,0.857738,0.002124,-0.51408,0.06463,0.991611,0.111932,0.510006,-0.129233,0.850406,-0.000108,-0.005799,0.003771,-1.346135,1.354851,1.023515,-1.019932
387,0.146819,-0.062533,0.312137,-0.852394,0.135912,-0.504973,-0.225256,-0.96688,0.119895,-0.470896,0.215771,0.855411,-0.000263,-0.012043,0.006955,-0.478667,0.950902,-0.389117,-1.359535,-0.175991,-0.052043,0.299273,-0.662783,0.239042,0.709626,0.067775,-0.924547,0.374903,0.746515,0.296278,0.595648,-0.03113,-0.016193,0.004443,0.033392,-0.937169,0.242869,0.184569,0.039217,0.028068,-0.007189,0.674314,-0.261132,0.690732,-0.023191,0.927437,0.373257,-0.73808,-0.267711,0.619328,-0.01557,-0.00811,0.00222,-0.008432,-0.952128,0.298053,0.070254,0.07576,0.019406,-0.048934,0.868853,-0.018114,-0.494737,0.085054,0.989933,0.113125,0.487707,-0.140369,0.861647,-0.000137,-0.00101,-0.001355,-1.751029,2.056065,-1.265539,-1.010135
388,0.146624,-0.06274,0.312118,-0.858773,0.15993,-0.486802,-0.248803,-0.960673,0.123195,-0.44689,0.22671,0.865401,-0.000489,-0.0136,0.004899,0.009195,0.317986,-0.087098,-1.393569,-0.177035,-0.05236,0.299244,-0.696649,0.211008,0.685672,0.080519,-0.92664,0.367137,0.713698,0.310715,0.627658,-0.031915,-0.004067,-0.002447,0.448268,-0.79326,-0.121139,0.178189,0.038706,0.027908,-0.007206,0.707767,-0.235051,0.666195,-0.036296,0.929679,0.366576,-0.705512,-0.283631,0.649465,-0.015547,-0.007018,0.00365,0.540412,-0.915074,-0.416646,0.057844,0.075662,0.019305,-0.048941,0.878981,-0.041127,-0.475079,0.109423,0.987084,0.117002,0.464132,-0.154827,0.872129,-0.000189,-0.001298,-0.001713,-0.00668,0.301012,0.059274,-1.010624
389,0.146492,-0.062893,0.312103,-0.862389,0.170567,-0.476694,-0.258135,-0.958095,0.124064,-0.434487,0.229825,0.870878,-0.000655,-0.014729,0.003403,0.052423,0.367851,-0.098084,-1.41468,-0.177582,-0.052458,0.299251,-0.715015,0.188807,0.673125,0.096752,-0.926759,0.362893,0.693223,0.324367,0.6435,-0.015991,-0.002607,-0.002,-0.643833,-1.433485,-1.150714,0.177999,0.038427,0.027858,-0.007204,0.726087,-0.214842,0.653176,-0.051099,0.930447,0.362844,-0.685701,-0.296833,0.664608,-0.01591,-0.001059,0.000178,-3.091473,-3.083236,-3.721702,0.055068,0.075597,0.01923,-0.048946,0.883852,-0.050973,-0.464979,0.118973,0.985851,0.118075,0.452382,-0.15968,0.877411,-0.000294,-0.002028,-0.002675,0.101633,0.371535,-0.031915,-1.011441
390,0.146226,-0.063243,0.312066,-0.869079,0.185562,-0.4586,-0.270774,-0.954225,0.126916,-0.412979,0.23424,0.880117,-0.000647,-0.004472,-0.005917,0.079833,0.324859,-0.095588,-1.449947,-0.178757,-0.052576,0.299376,-0.741815,0.154048,0.652665,0.11855,-0.92771,0.353885,0.660915,0.339701,0.669072,-0.031772,-0.000646,0.002026,0.251063,-0.496505,0.081616,0.173707,0.037845,0.027798,-0.007144,0.754697,-0.178615,0.631291,-0.074906,0.932476,0.353379,-0.651783,-0.313981,0.690357,-0.015494,-0.005599,0.005494,0.201805,-0.600654,0.201875,0.050659,0.075464,0.019049,-0.048964,0.892331,-0.064703,-0.446718,0.132005,0.983812,0.121187,0.431646,-0.167108,0.886428,-0.008349,-0.001582,-0.002222,0.090728,0.442779,-0.259042,-1.016013
391,0.145953,-0.063542,0.312078,-0.873047,0.200738,-0.444453,-0.283726,-0.950309,0.128002,-0.39559,0.237599,0.887177,-0.000448,-0.003079,-0.00408,0.037134,0.211997,-0.150044,-1.485148,-0.179935,-0.052725,0.299632,-0.766228,0.11356,0.632448,0.145819,-0.927754,0.343429,0.626704,0.355229,0.693483,-0.031703,0.000681,0.003735,-3.019558,-2.666274,-3.908789,0.176957,0.037256,0.027723,-0.007016,0.778052,-0.145095,0.611213,-0.097099,0.93349,0.345204,-0.62065,-0.327935,0.712216,-0.015464,-0.004807,0.006519,0.467599,-0.811631,-0.13457,0.049679,0.075327,0.018897,-0.048961,0.89829,-0.079295,-0.432188,0.145487,0.981776,0.12226,0.414617,-0.172702,0.893457,-0.008241,-0.005868,0.003543,-0.014777,0.198308,-0.172475,-1.025157
392,0.145752,-0.063773,0.312198,-0.8772,0.216446,-0.428621,-0.298195,-0.945201,0.132842,-0.375292,0.244066,0.894212,-5.2e-05,-0.000359,-0.000476,0.085169,0.210055,0.101282,-1.503006,-0.181246,-0.052979,0.30005,-0.784561,0.08706,0.613902,0.162852,-0.926301,0.339674,0.599202,0.366365,0.711756,-0.046851,-0.010483,0.01317,-1.134698,-2.439609,1.491212,0.178852,0.036589,0.027599,-0.006802,0.798183,-0.113299,0.591663,-0.119779,0.932695,0.340192,-0.590386,-0.342404,0.730891,-0.023435,-0.005243,0.006588,-1.171546,-2.403687,1.507346,0.053761,0.075226,0.018777,-0.048906,0.904316,-0.09363,-0.416466,0.160147,0.978799,0.127689,0.395681,-0.182167,0.900138,-2e-05,-0.000108,-0.000141,0.108537,0.344982,-0.05579,-1.030056
393,0.145678,-0.063867,0.312278,-0.877659,0.227836,-0.421724,-0.30877,-0.941674,0.133724,-0.365571,0.24729,0.897347,-4e-06,-3e-05,-4e-05,-2.188684,1.086696,5.126634,-1.509234,-0.181909,-0.053158,0.300303,-0.79264,0.076533,0.60486,0.169251,-0.925374,0.339073,0.586654,0.371043,0.71974,-0.03093,-0.0095,0.013061,0.130704,-0.345068,0.160659,0.177922,0.036269,0.027512,-0.006682,0.806759,-0.103131,0.58181,-0.12628,0.931807,0.340276,-0.577228,-0.347992,0.73872,-0.015464,-0.004596,0.006752,0.116081,-0.35739,0.189059,0.053598,0.075189,0.018731,-0.048865,0.906328,-0.102878,-0.40986,0.16922,0.977107,0.128937,0.387213,-0.186215,0.902989,0.000133,7.4e-05,0.000162,-2.148885,1.15938,5.135757,-1.023851
394,0.145594,-0.064,0.312428,-0.880843,0.238538,-0.408976,-0.318466,-0.937694,0.138859,-0.349278,0.252255,0.902441,6.1e-05,0.000416,0.000552,0.035938,0.091755,0.042776,-1.519837,-0.183198,-0.053624,0.300831,-0.811298,0.056214,0.581917,0.181558,-0.92182,0.342372,0.556675,0.383351,0.736898,-0.046908,-0.010637,0.012823,0.090903,-0.198725,-0.020909,0.179279,0.035631,0.027281,-0.006416,0.825553,-0.08367,0.558085,-0.138447,0.928695,0.344031,-0.547077,-0.361281,0.755103,-0.01551,-0.005098,0.006057,0.079234,-0.29021,0.18733,0.053108,0.075147,0.018666,-0.048789,0.910921,-0.115126,-0.396191,0.181315,0.974284,0.133769,0.370603,-0.193689,0.90837,1.9e-05,-0.0049,0.004957,-0.019115,0.162484,-0.152932,-1.028096
395,0.145608,-0.064094,0.312544,-0.882418,0.256722,-0.394307,-0.334633,-0.931536,0.142244,-0.329699,0.257142,0.908407,2e-05,0.000133,0.000177,0.079804,0.20617,0.110277,-1.529724,-0.184473,-0.054067,0.301402,-0.828472,0.034622,0.558952,0.194309,-0.918203,0.345082,0.526208,0.394459,0.75324,-0.030937,-0.008941,0.013674,0.376381,-0.631955,-0.017865,0.183132,0.034987,0.027056,-0.006134,0.841872,-0.064413,0.535818,-0.151257,0.924895,0.34884,-0.518045,-0.374725,0.768901,-0.015466,-0.004254,0.007147,0.406112,-0.598578,-0.209556,0.057517,0.075154,0.018621,-0.048729,0.914726,-0.132433,-0.381755,0.197946,0.970503,0.137626,0.352268,-0.201457,0.913959,-1.5e-05,-0.005119,0.004664,0.056479,0.359147,-0.036771,-1.02777
396,0.14562,-0.064149,0.312591,-0.88466,0.264548,-0.383974,-0.340359,-0.929215,0.14383,-0.317648,0.257595,0.912564,-3.9e-05,-0.010384,0.009134,0.220639,0.624558,0.275184,-1.534517,-0.185135,-0.054214,0.301693,-0.835112,0.025125,0.549498,0.200814,-0.915971,0.347282,0.513087,0.400338,0.759167,-0.030836,-0.007443,0.015624,0.112737,-0.282873,-0.030803,0.183197,0.034656,0.02698,-0.005991,0.849286,-0.053904,0.525173,-0.157692,0.923459,0.349795,-0.503832,-0.379892,0.77578,-0.023395,-0.004033,0.008064,0.089214,-0.407081,-0.01302,0.058987,0.07516,0.018597,-0.048708,0.917377,-0.138528,-0.373131,0.203412,0.968978,0.140366,0.342112,-0.204668,0.917098,-8e-06,-9e-06,-1.2e-05,0.049312,0.112662,0.07307,-1.02679
397,0.145655,-0.064227,0.312643,-0.887282,0.277154,-0.36873,-0.350231,-0.924983,0.147366,-0.299125,0.259546,0.918252,-3.9e-05,-0.010386,0.009132,-0.001087,0.369501,-0.114904,-1.552702,-0.186459,-0.054466,0.302312,-0.847223,0.004928,0.531206,0.214625,-0.911419,0.350977,0.486935,0.411363,0.770414,-0.031529,0.003278,0.006842,-0.772192,-0.854712,-1.210786,0.18287,0.034006,0.026856,-0.005681,0.861173,-0.039174,0.506798,-0.166277,0.920463,0.353692,-0.480345,-0.38886,0.786165,-0.015419,-0.003576,0.007984,-0.21181,-0.906228,0.510194,0.058823,0.075178,0.018558,-0.048683,0.922093,-0.151951,-0.355884,0.214329,0.966272,0.142758,0.322189,-0.207913,0.923561,0.008051,-0.000489,-0.000511,-0.088077,0.391018,0.057306,-1.034628
398,0.145739,-0.064291,0.312679,-0.889581,0.289676,-0.35324,-0.359805,-0.920726,0.150917,-0.280417,0.260984,0.923732,-1e-06,-5e-06,-7e-06,0.122029,0.388078,-0.034606,-1.587641,-0.187736,-0.0547,0.302896,-0.856806,-0.013216,0.515462,0.226095,-0.907951,0.35276,0.464418,0.41881,0.780242,-0.030854,-0.007602,0.015268,-3.833897,-4.147403,-2.722554,0.186244,0.033356,0.026742,-0.005384,0.86985,-0.021081,0.492865,-0.17854,0.917904,0.354364,-0.459873,-0.39624,0.794676,-0.015417,-0.003525,0.008019,0.214838,-0.255222,-0.21861,0.062089,0.07522,0.018521,-0.048662,0.925829,-0.163557,-0.340718,0.224243,0.963402,0.146864,0.304228,-0.212374,0.928623,0.008055,-0.000485,-0.00051,0.19175,0.486244,0.030382,-1.032995
399,0.14586,-0.064307,0.312678,-0.890819,0.299072,-0.342115,-0.36802,-0.916458,0.156964,-0.265486,0.265354,0.926894,0.016118,-0.000973,-0.001021,-2.126677,1.423053,-0.988475,-1.620037,-0.188981,-0.054927,0.303432,-0.863137,-0.029324,0.504109,0.235777,-0.906084,0.351218,0.447541,0.422047,0.788319,-0.01496,-0.007484,0.014161,0.189334,-0.258569,-0.183644,0.184542,0.032727,0.026628,-0.005117,0.877789,-0.001261,0.479043,-0.192616,0.91467,0.355354,-0.438615,-0.404198,0.802645,-0.023417,-0.004205,0.007683,0.286483,-0.305149,-0.316797,0.062416,0.07528,0.018514,-0.048662,0.928174,-0.173461,-0.329245,0.233356,0.960463,0.151839,0.28989,-0.217764,0.931956,0.008058,-0.000491,-0.000541,-2.146647,1.377825,-0.997064,-1.041486
400,0.145931,-0.064329,0.312666,-0.890951,0.306159,-0.335437,-0.373402,-0.914241,0.157187,-0.257441,0.264912,0.929286,-7.3e-05,-0.000503,-0.000667,0.056883,0.232211,-0.109247,-1.630414,-0.189599,-0.055017,0.30367,-0.868062,-0.036506,0.495104,0.239301,-0.904424,0.353111,0.435974,0.425049,0.793173,-0.030865,-0.007649,0.015104,-0.260453,-0.787264,0.516658,0.182781,0.032412,0.02658,-0.004992,0.882858,0.006498,0.469593,-0.196341,0.913434,0.356491,-0.426627,-0.406931,0.80771,-0.015445,-0.003876,0.007507,-0.337137,-0.808627,0.5747,0.061273,0.075316,0.018503,-0.048667,0.929378,-0.179954,-0.322291,0.238741,0.958952,0.153008,0.281528,-0.219147,0.934192,-5e-05,-0.000328,-0.000438,0.07708,0.159838,0.082004,-1.045732
401,0.146134,-0.064365,0.312639,-0.890849,0.31911,-0.323423,-0.384163,-0.909102,0.161009,-0.24154,0.267279,0.932871,0.016112,-0.001021,-0.001092,-0.5555,0.615489,-0.169344,-1.648971,-0.190778,-0.055177,0.30413,-0.874107,-0.055113,0.482588,0.24965,-0.903109,0.349289,0.417668,0.425867,0.80253,-0.030881,-0.00779,0.014855,0.210579,-0.338865,-0.071679,0.178618,0.031835,0.026503,-0.004768,0.888983,0.023989,0.45731,-0.206691,0.91214,0.353945,-0.40864,-0.409173,0.815837,-0.015429,-0.003648,0.007768,0.323723,-0.367611,-0.274052,0.056537,0.075411,0.018484,-0.048682,0.930776,-0.19258,-0.310752,0.249918,0.955554,0.156386,0.266824,-0.223223,0.937536,-5e-06,-2e-05,-4.5e-05,-2.031062,1.677813,-0.874427,-1.045569
402,0.146386,-0.06443,0.312643,-0.890236,0.334244,-0.309525,-0.396104,-0.903537,0.163383,-0.223954,0.267633,0.937147,-2.6e-05,-0.000177,-0.000235,0.13818,0.314409,0.150389,-1.674804,-0.191948,-0.055268,0.304525,-0.881477,-0.075474,0.466147,0.262556,-0.898686,0.351228,0.393511,0.432088,0.811365,-0.031536,0.002651,0.005719,5.2e-05,-0.360165,0.182721,0.177164,0.031261,0.026457,-0.004572,0.896447,0.04484,0.440875,-0.2201,0.908535,0.355133,-0.384626,-0.415395,0.824323,-0.015785,0.001205,0.002719,-1.092976,-2.06187,1.38451,0.052782,0.075543,0.018452,-0.04868,0.932309,-0.207039,-0.296536,0.262202,0.95167,0.159912,0.249097,-0.22684,0.941537,0.008045,-0.000578,-0.000647,0.210683,0.416941,0.21425,-1.053407
403,0.146555,-0.064468,0.312645,-0.889048,0.345988,-0.299885,-0.406374,-0.898021,0.168492,-0.209905,0.271227,0.939363,0.016097,-0.001131,-0.001248,-0.123692,0.274337,0.022103,-1.689323,-0.192478,-0.055273,0.304659,-0.884509,-0.083446,0.458989,0.266755,-0.897483,0.351142,0.383736,0.433134,0.815478,-0.031616,0.001732,0.004488,0.222399,-0.249534,-0.217922,0.176607,0.030985,0.026453,-0.004497,0.899768,0.051688,0.433296,-0.223815,0.907065,0.356564,-0.374598,-0.417803,0.827717,-0.007857,0.00099,0.001873,0.369965,-0.485038,-0.05952,0.052128,0.075621,0.018433,-0.048678,0.932725,-0.21937,-0.286181,0.273383,0.947727,0.16454,0.235127,-0.231708,0.943942,-1.8e-05,-0.000104,-0.000143,-0.659654,0.712962,-0.399574,-1.053733
404,0.146934,-0.064567,0.312571,-0.887154,0.367867,-0.278707,-0.422854,-0.889847,0.171282,-0.183898,0.269342,0.945338,0.015926,-0.002345,-0.00287,0.047015,0.762096,0.039757,-1.747675,-0.193545,-0.055232,0.304805,-0.88735,-0.094602,0.451277,0.275416,-0.893541,0.354493,0.370806,0.43897,0.818335,-0.031743,0.000358,0.002636,-0.000397,0.025977,-0.061119,0.178503,0.030451,0.026475,-0.004422,0.902938,0.063646,0.42503,-0.232861,0.903674,0.359372,-0.361216,-0.423464,0.830783,-0.008244,0.005432,-0.003701,0.020654,0.022852,-0.009746,0.052618,0.075811,0.018385,-0.048713,0.933467,-0.239966,-0.266559,0.290296,0.941967,0.168598,0.210632,-0.234762,0.948957,0.007933,-0.001359,-0.001688,-0.463124,1.057578,0.050087,-1.046222
405,0.147383,-0.06466,0.312437,-0.881008,0.398137,-0.25565,-0.447187,-0.87718,0.174786,-0.15357,0.26781,0.951168,0.015992,0.008329,-0.011631,-0.122816,0.94791,1.731908,-1.840213,-0.19454,-0.055173,0.304797,-0.891125,-0.093941,0.443918,0.273555,-0.891622,0.360712,0.363033,0.442995,0.819649,-0.015914,-0.000239,0.000748,-0.114324,-0.159063,0.108276,0.175958,0.029942,0.026503,-0.004428,0.906404,0.062627,0.41774,-0.230842,0.901649,0.365703,-0.353753,-0.427908,0.831716,-0.007962,-0.000159,0.000341,-0.120767,-0.169066,0.119835,0.051639,0.076036,0.018333,-0.048779,0.931958,-0.268945,-0.243149,0.314426,0.933444,0.172679,0.180525,-0.237382,0.954494,0.008168,-0.001051,-0.001302,-1.129253,1.695158,5.441561,-1.056019
406,0.147766,-0.064688,0.312336,-0.873611,0.430416,-0.227137,-0.472524,-0.861898,0.183917,-0.115525,0.267458,0.956634,-4.1e-05,-0.000294,-0.000391,-0.078309,0.535261,0.208197,-1.91428,-0.195322,-0.0551,0.30474,-0.892464,-0.09437,0.441127,0.273576,-0.890597,0.363218,0.359703,0.444962,0.820052,-0.015976,-0.000825,-3.8e-05,-0.002956,0.013796,-0.028131,0.175434,0.029557,0.026539,-0.004456,0.90771,0.06288,0.414857,-0.230696,0.900649,0.368253,-0.350485,-0.429973,0.832035,-0.008002,-0.000553,-0.000187,-0.000248,0.01727,-0.028327,0.050659,0.076233,0.018322,-0.048835,0.928469,-0.30449,-0.212675,0.343658,0.921489,0.180986,0.140869,-0.241128,0.960215,0.008056,-0.000578,-0.000666,-0.503618,0.734704,1.510908,-1.063204
407,0.147899,-0.064672,0.312307,-0.866825,0.452384,-0.209781,-0.489767,-0.851481,0.187301,-0.092818,0.264532,0.959914,0.016133,-0.000917,-0.000997,-1.056188,1.610167,5.14803,-1.916899,-0.195614,-0.055069,0.30468,-0.891918,-0.095151,0.442062,0.274595,-0.89053,0.362611,0.36028,0.44493,0.819816,-0.000731,0.009302,-0.01057,0.036406,-0.011167,0.017922,0.174753,0.029405,0.026551,-0.004482,0.907181,0.063683,0.415892,-0.231766,0.900623,0.367642,-0.35115,-0.429907,0.831788,-0.008031,-0.000834,-0.000559,-0.000776,0.016727,-0.028414,0.049679,0.076294,0.01833,-0.048849,0.926404,-0.321658,-0.195732,0.356985,0.915623,0.184919,0.119736,-0.241183,0.963064,-5e-06,3.7e-05,4.8e-05,-0.007798,0.777571,-0.175399,-1.059122
408,0.148008,-0.064639,0.312266,-0.85137,0.493194,-0.178815,-0.521781,-0.831483,0.190665,-0.053591,0.25501,0.965466,-4.3e-05,0.009986,-0.009663,0.152068,0.504484,-0.044605,-1.917855,-0.196008,-0.05504,0.304539,-0.893328,-0.09546,0.43914,0.274445,-0.889521,0.365193,0.356878,0.446879,0.820244,-0.000177,-0.0017,-0.00223,-1e-06,-1e-06,1e-06,0.174753,0.029208,0.026566,-0.004552,0.908535,0.063871,0.412897,-0.231509,0.899622,0.370246,-0.347803,-0.431971,0.832125,-0.008064,-0.00113,-0.000959,-0.000699,0.033155,-0.056694,0.049679,0.076355,0.018345,-0.048863,0.914573,-0.369329,-0.164775,0.396776,0.89827,0.188884,0.078252,-0.238127,0.968076,-3.8e-05,-0.000301,-0.000406,-0.076082,0.948339,1.470979,-1.054223
409,0.147965,-0.064638,0.312164,-0.830111,0.536687,-0.151417,-0.557337,-0.807667,0.192408,-0.018003,0.243438,0.969763,-0.000218,-0.001564,-0.002079,0.110666,0.653675,0.307746,-1.917692,-0.196114,-0.055063,0.304395,-0.892549,-0.096557,0.440481,0.275921,-0.88939,0.364399,0.357688,0.446906,0.819876,-0.00017,-0.001621,-0.002127,0.0,-0.0,-0.0,0.172053,0.029155,0.026556,-0.00463,0.907825,0.064965,0.414284,-0.232972,0.899573,0.369447,-0.348678,-0.431911,0.83179,-8.4e-05,-0.000811,-0.001061,0.000343,0.000354,0.000617,0.04772,0.076334,0.018351,-0.048915,0.899864,-0.413757,-0.138017,0.434125,0.880226,0.19167,0.042181,-0.232393,0.971706,3e-05,-0.001003,-0.001433,-0.499869,1.902365,5.218837,-1.050304
410,0.147885,-0.064655,0.312071,-0.817023,0.559487,-0.139617,-0.576664,-0.793225,0.195508,-0.000351,0.239546,0.970899,-0.016469,0.008821,-0.011437,-0.023985,0.376342,0.351351,-1.917263,-0.196096,-0.055088,0.304311,-0.892142,-0.097127,0.441181,0.276695,-0.889314,0.363999,0.358108,0.446935,0.819677,-0.000276,-0.002638,-0.003464,-0.00177,0.01357,-0.02536,0.171611,0.029164,0.026547,-0.004668,0.907523,0.065439,0.414873,-0.233608,0.899541,0.369123,-0.34904,-0.431906,0.831641,-0.000116,-0.001127,-0.001478,0.000256,0.000256,0.000542,0.04674,0.0763,0.01834,-0.048957,0.889799,-0.4389,-0.124988,0.455753,0.868666,0.194187,0.023345,-0.229751,0.972969,-0.000116,-0.001698,-0.002336,-1.460467,1.938623,4.914837,-1.050304
411,0.147767,-0.064717,0.311799,-0.789317,0.602695,-0.1174,-0.613357,-0.764802,0.197086,0.029973,0.226817,0.97349,-0.000685,-0.004882,-0.00651,0.097621,0.978903,1.672513,-1.917255,-0.195988,-0.055099,0.304151,-0.891311,-0.098285,0.442602,0.278249,-0.889179,0.363142,0.358973,0.446952,0.819289,0.015683,-0.002105,-0.003795,0.002045,-0.015205,0.029245,0.170928,0.029212,0.02654,-0.00475,0.906704,0.066726,0.416453,-0.235331,0.899449,0.368252,-0.350007,-0.431901,0.831237,-0.000117,-0.001146,-0.001508,-0.001624,0.013748,-0.02498,0.045924,0.076235,0.018313,-0.049096,0.868208,-0.485182,-0.103978,0.496133,0.845421,0.197774,-0.008051,-0.223296,0.974716,-0.000345,-0.002528,-0.003376,0.059448,0.916104,1.688739,-1.05161
412,0.147662,-0.064715,0.311282,-0.76495,0.636803,-0.096849,-0.641869,-0.740901,0.197593,0.05502,0.212516,0.975622,-0.000958,0.003475,-0.018377,0.165816,0.341462,-0.062241,-1.916859,-0.195892,-0.055083,0.303994,-0.890029,-0.097462,0.445354,0.279365,-0.888421,0.364138,0.361283,0.448635,0.817352,-0.000177,-0.001702,-0.002239,-0.002574,0.003196,0.001895,0.171229,0.029266,0.026548,-0.004828,0.905455,0.065806,0.419309,-0.236402,0.898678,0.369447,-0.352513,-0.433643,0.829269,-5.2e-05,-0.000522,-0.000689,0.001917,0.084248,-0.175077,0.045434,0.076183,0.018311,-0.049341,0.848055,-0.523479,-0.082287,0.528702,0.82539,0.198001,-0.03573,-0.211421,0.976741,-0.000511,-0.003579,-0.004771,0.181057,0.479412,-0.001112,-1.0521
413,0.147577,-0.064619,0.310599,-0.737344,0.672348,-0.065708,-0.669486,-0.714161,0.20429,0.091341,0.193782,0.976797,-0.017091,0.004587,-0.017157,-2.14341,2.318098,1.115549,-1.91696,-0.195831,-0.055096,0.303852,-0.889462,-0.098244,0.446313,0.280399,-0.888348,0.36352,0.361878,0.448609,0.817103,0.01569,-0.002078,-0.003769,0.002044,-0.015205,0.029246,0.16864,0.029291,0.026542,-0.004898,0.904975,0.066697,0.420202,-0.237435,0.89871,0.368705,-0.353049,-0.43344,0.829147,-7.4e-05,-0.000745,-0.00098,0.000322,-0.000314,-0.000122,0.043964,0.076146,0.018356,-0.049687,0.828689,-0.557181,-0.053112,0.555277,0.806505,0.203014,-0.07028,-0.197727,0.977733,-0.000466,0.001857,-0.009033,0.352988,0.664163,0.050012,-1.055203
414,0.147561,-0.064489,0.310218,-0.724603,0.687437,-0.049261,-0.680907,-0.702912,0.205552,0.107575,0.181625,0.97748,-0.000885,0.004011,-0.017705,-1.982848,2.300624,-0.061057,-1.917117,-0.195823,-0.055118,0.303789,-0.888764,-0.096595,0.448061,0.280442,-0.887658,0.365168,0.36356,0.450328,0.815409,-0.000809,0.008544,-0.011579,0.029601,-0.002718,0.022934,0.167435,0.0293,0.026527,-0.004927,0.904213,0.064965,0.422111,-0.237503,0.897927,0.370565,-0.354951,-0.435323,0.827347,-0.000127,-0.001249,-0.001645,0.012754,0.005652,-0.02316,0.042494,0.076131,0.018421,-0.049885,0.815176,-0.578031,-0.036966,0.572336,0.794052,0.204724,-0.088984,-0.188043,0.978121,-0.000399,0.007285,-0.013321,0.392878,1.200747,1.57196,-1.048018
415,0.147596,-0.064043,0.309381,-0.696728,0.717111,-0.019138,-0.704018,-0.678322,0.210259,0.13866,0.15907,0.977495,0.015538,0.015251,-0.025479,0.106879,0.288425,-0.018561,-1.917876,-0.195831,-0.055179,0.303691,-0.888342,-0.097171,0.448774,0.281246,-0.887556,0.364799,0.363973,0.450406,0.815182,-0.000154,-0.00148,-0.001951,-0.012214,0.093785,-0.174945,0.16491,0.029296,0.026499,-0.004982,0.903946,0.065557,0.422589,-0.238125,0.89797,0.370061,-0.355213,-0.435145,0.827328,-9.1e-05,-0.000887,-0.001166,0.000418,-0.000576,-0.000355,0.038902,0.076142,0.018639,-0.050303,0.79064,-0.612268,-0.00391,0.599069,0.772244,0.211552,-0.126507,-0.169604,0.977358,-0.000278,0.008305,-0.011927,-0.071646,0.475145,-0.101414,-1.050304
416,0.147902,-0.063492,0.308496,-0.653223,0.757161,0.007279,-0.737445,-0.638267,0.22082,0.17265,0.137931,0.975291,-0.000528,0.016854,-0.023583,0.088227,0.562931,1.328897,-1.917914,-0.195839,-0.055245,0.303587,-0.889244,-0.097045,0.44701,0.28084,-0.887041,0.366361,0.362073,0.451448,0.815451,-0.000197,-0.001891,-0.002496,-0.0,0.0,0.0,0.163657,0.029292,0.026466,-0.005033,0.90474,0.06549,0.420899,-0.237819,0.89743,0.371565,-0.353394,-0.436268,0.827515,-0.000118,-0.00116,-0.00153,0.000257,0.000447,-0.00062,0.036289,0.076301,0.018921,-0.050754,0.752986,-0.657659,0.02225,0.637507,0.737458,0.22302,-0.16308,-0.153746,0.974559,-0.000253,0.008417,-0.011802,0.075104,0.512198,1.346327,-1.050141
417,0.148207,-0.063248,0.308066,-0.633858,0.773275,0.017736,-0.750225,-0.620152,0.229227,0.189039,0.131025,0.973203,0.015601,0.005474,-0.015558,-0.033221,0.229138,-0.169611,-1.917928,-0.195857,-0.055282,0.303504,-0.88897,-0.097419,0.447473,0.28135,-0.88699,0.366093,0.362349,0.451467,0.815318,-0.0003,-0.002878,-0.0038,-0.00177,0.013591,-0.025349,0.163499,0.029283,0.02645,-0.005071,0.904499,0.065868,0.421358,-0.238327,0.897399,0.371314,-0.353669,-0.436274,0.827394,-0.000112,-0.001093,-0.00144,-0.012251,0.093792,-0.17515,0.035963,0.076448,0.019041,-0.050963,0.735583,-0.67667,0.032139,0.653051,0.720923,0.231931,-0.18011,-0.149616,0.9722,0.007759,0.007592,-0.012788,-0.14473,0.397615,0.138331,-1.054223
418,0.149107,-0.062886,0.307296,-0.581764,0.81264,0.034814,-0.783633,-0.571376,0.243761,0.218701,0.113515,0.96918,0.03186,0.005377,-0.015519,-2.159468,2.027622,1.198945,-1.918377,-0.195872,-0.055404,0.303309,-0.888499,-0.09806,0.448268,0.282238,-0.886886,0.365662,0.362815,0.451535,0.815074,-0.000467,-0.004466,-0.005907,-0.001769,0.013593,-0.025348,0.161556,0.029276,0.026389,-0.005168,0.904065,0.066545,0.42218,-0.239253,0.897322,0.370903,-0.35415,-0.436329,0.82716,-0.000237,-0.002297,-0.003035,-0.001845,0.013546,-0.025453,0.03433,0.076903,0.019223,-0.051355,0.689905,-0.722269,0.048546,0.69246,0.678006,0.246586,-0.211016,-0.136504,0.967904,0.015935,0.002702,-0.007742,-2.150555,2.018081,1.20825,-1.05455
