frame,MLTx,MLTy,MLTz,MLTR1,MLTR2,MLTR3,MLTR4,MLTR5,MLTR6,MLTR7,MLTR8,MLTR9,MLTTVx,MLTTVy,MLTTVz,MLTRVx,MLTRVy,MLTRVz,MLGA,MRTx,MRTy,MRTz,MRTR1,MRTR2,MRTR3,MRTR4,MRTR5,MRTR6,MRTR7,MRTR8,MRTR9,MRTTVx,MRTTVy,MRTTVz,MRTRVx,MRTRVy,MRTRVz,MRGA,SLTx,SLTy,SLTz,SLTR1,SLTR2,SLTR3,SLTR4,SLTR5,SLTR6,SLTR7,SLTR8,SLTR9,SLTTVx,SLTTVy,SLTTVz,SLTRVx,SLTRVy,SLTRVz,SLGA,SRTx,SRTy,SRTz,SRTR1,SRTR2,SRTR3,SRTR4,SRTR5,SRTR6,SRTR7,SRTR8,SRTR9,SRTTVx,SRTTVy,SRTTVz,SRTRVx,SRTRVy,SRTRVz,SRGA
806,0.102276,0.003789,0.314993,-0.81444,0.274111,-0.511464,-0.53762,-0.688194,0.487161,-0.217442,0.671393,0.708504,-0.002421,-0.00874,-0.008863,0.254211,-0.226506,-0.376506,-1.915574,-0.205448,-0.007941,0.304761,-0.741847,0.664073,-0.093066,-0.2573,-0.153562,0.954017,0.62017,0.730819,0.284877,0.014773,0.001925,0.001254,-0.154884,1.593426,0.538163,0.11979,0.026312,0.040925,-0.020913,0.748812,-0.6563,-0.092462,0.323199,0.239786,0.915447,-0.578637,-0.715382,0.39167,0.007403,0.001032,0.00067,-0.182814,1.686788,0.501034,-0.02919,0.049254,0.042315,-0.060741,0.915313,-0.162214,-0.36863,0.347759,0.779999,0.520254,0.203139,-0.60439,0.770355,-0.0013,-0.004716,-0.004779,0.876233,-0.796136,-1.202861,-1.054549
807,0.102096,0.003395,0.314546,-0.827989,0.211533,-0.519359,-0.488062,-0.727963,0.481495,-0.275196,0.651886,0.706639,-0.003496,-0.012588,-0.012824,0.265173,-0.214789,-0.408824,-1.915588,-0.204812,-0.007819,0.304855,-0.694692,0.715271,-0.076045,-0.251956,-0.14279,0.957112,0.674598,0.683133,0.279482,0.01497,0.003746,0.003186,-0.134065,1.620378,0.484579,0.134377,0.026631,0.040987,-0.020865,0.706469,-0.704501,-0.067673,0.317867,0.23041,0.919713,-0.632346,-0.671259,0.386715,0.007508,0.002033,0.001728,-0.201524,1.741881,0.456821,-0.015637,0.049164,0.042118,-0.060965,0.920487,-0.098484,-0.378159,0.29426,0.811445,0.504942,0.257127,-0.57607,0.775905,-0.001724,-0.006225,-0.006341,0.903755,-0.804686,-1.236318,-1.055529
808,0.102033,0.003127,0.314273,-0.831161,0.173145,-0.52843,-0.45838,-0.751349,0.474694,-0.313814,0.63655,0.704522,-0.00399,-0.014349,-0.014659,0.923734,-0.825619,-1.197048,-1.915339,-0.204366,-0.007727,0.304928,-0.665301,0.743317,-0.069608,-0.251654,-0.13535,0.958272,0.703703,0.654097,0.277169,0.029545,0.004208,0.002846,-0.356096,1.775252,-0.243473,0.147711,0.026843,0.041031,-0.020829,0.680115,-0.730839,-0.057593,0.318206,0.223519,0.921294,-0.660445,-0.644913,0.384576,0.007841,0.002515,0.002469,-0.796514,5.079729,-1.04781,-0.004207,0.049132,0.041985,-0.0611,0.919247,-0.061405,-0.38886,0.263804,0.829266,0.49267,0.292217,-0.555469,0.7785,-0.001902,-0.007199,-0.007282,3.067203,-2.827008,-3.878821,-1.055203
809,0.101881,0.002501,0.31372,-0.834385,0.114837,-0.539128,-0.409192,-0.784394,0.466111,-0.368329,0.609377,0.702155,-0.004033,-0.014469,-0.014873,0.907958,-0.762115,-1.206509,-1.915372,-0.203301,-0.007471,0.305155,-0.598158,0.799164,-0.059468,-0.253488,-0.118147,0.960062,0.760959,0.588314,0.273298,0.029854,0.007441,0.006238,-0.117454,1.607092,0.479036,0.167067,0.027365,0.041154,-0.020721,0.618183,-0.785162,-0.036988,0.319122,0.207695,0.924674,-0.718337,-0.583422,0.378956,0.014889,0.003955,0.00328,-0.319947,0.755536,-0.590848,0.025022,0.049056,0.041672,-0.061377,0.915528,-0.007122,-0.40219,0.21558,0.852815,0.475637,0.339606,-0.522163,0.782312,-0.001965,-0.007033,-0.007232,0.157456,-0.116202,-0.11683,-1.055856
810,0.10169,0.002034,0.31309,-0.840385,0.049986,-0.539722,-0.347263,-0.814225,0.465206,-0.41516,0.578312,0.702299,-0.004171,-0.014918,-0.015426,3.006769,-2.560349,-3.961159,-1.915117,-0.202319,-0.007157,0.305447,-0.532823,0.845159,-0.042396,-0.25038,-0.109462,0.961905,0.808976,0.522055,0.269962,0.029946,0.008865,0.00769,-0.869128,2.272808,-2.011673,0.180873,0.027878,0.041319,-0.02057,0.548698,-0.835944,-0.011277,0.318041,0.196243,0.927544,-0.773162,-0.512528,0.373543,0.014938,0.00459,0.003939,-0.876346,2.349218,-1.981348,0.049842,0.048959,0.041432,-0.061698,0.912244,0.057928,-0.40553,0.150798,0.87295,0.463917,0.380881,-0.484358,0.787607,-0.001603,-0.001708,-0.011566,0.106322,-0.054285,-0.139229,-1.050957
811,0.101618,0.001837,0.312739,-0.839887,0.025686,-0.542195,-0.324299,-0.82478,0.463185,-0.434253,0.564821,0.701733,-0.003932,-0.014048,-0.01457,0.080733,-0.037661,-0.153137,-1.914879,-0.201831,-0.00697,0.305632,-0.498016,0.866419,-0.03591,-0.249445,-0.103342,0.962824,0.831107,0.487348,0.26761,0.030084,0.010516,0.009402,-0.432131,5.477137,0.823099,0.182322,0.028122,0.041411,-0.020479,0.515092,-0.857134,6.1e-05,0.316893,0.190501,0.929132,-0.796403,-0.478569,0.369746,0.015352,0.005201,0.004529,-0.477875,5.556424,0.806444,0.055394,0.048922,0.041331,-0.061876,0.908084,0.086635,-0.409727,0.122192,0.880983,0.457096,0.400564,-0.465147,0.789421,-0.001461,-0.001197,-0.01106,0.30191,-0.229951,-0.361283,-1.048508
812,0.101512,0.00153,0.31214,-0.83866,-0.013553,-0.544528,-0.285871,-0.840023,0.461098,-0.462626,0.542382,0.701303,-0.001879,0.001345,-0.018273,0.036567,-0.00437,-0.011378,-1.915411,-0.200865,-0.006529,0.306011,-0.43263,0.901222,-0.024925,-0.250322,-0.09339,0.963614,0.866627,0.421974,0.266005,0.015645,0.011581,0.01132,0.003055,-0.002254,0.082678,0.192943,0.028605,0.041635,-0.020287,0.448467,-0.893591,0.019268,0.318481,0.179905,0.930701,-0.835132,-0.411252,0.365273,0.007771,0.005852,0.005713,0.003104,0.018536,0.109981,0.066335,0.048867,0.041167,-0.06218,0.901425,0.125235,-0.414425,0.082578,0.889935,0.448548,0.424986,-0.438555,0.791868,-0.001415,-0.005046,-0.005267,-0.000668,0.013005,-0.032922,-1.043446
813,0.101448,0.001316,0.311682,-0.836577,-0.052887,-0.545332,-0.24624,-0.852878,0.460365,-0.488412,0.519475,0.701161,-0.00129,0.003459,-0.0161,0.93857,-0.765823,-1.17112,-1.915297,-0.200095,-0.00611,0.306435,-0.398754,0.916882,-0.017731,-0.25277,-0.091179,0.963186,0.881992,0.387385,0.268115,0.01552,0.010847,0.010484,0.122465,0.369279,0.12587,0.194339,0.02899,0.041847,-0.020072,0.41445,-0.909571,0.030164,0.321211,0.177212,0.930279,-0.8515,-0.375866,0.36561,0.007729,0.005461,0.005276,0.13101,0.388062,0.131901,0.074336,0.048835,0.04106,-0.062408,0.893984,0.162239,-0.417695,0.043647,0.896193,0.44151,0.445966,-0.412935,0.794102,-0.000992,-0.003843,-0.003906,3.002567,-2.521524,-3.902347,-1.042466
814,0.10143,0.001224,0.311365,-0.834074,-0.056532,-0.54879,-0.243216,-0.855205,0.45765,-0.494165,0.515254,0.700244,-0.001339,-0.004766,-0.004998,-0.00018,0.015848,-0.024071,-1.915103,-0.199527,-0.005738,0.306805,-0.39124,0.920166,-0.014744,-0.255772,-0.093208,0.962199,0.884481,0.379046,0.271812,0.015275,0.008734,0.008225,0.181411,-0.140425,-0.031171,0.197301,0.029268,0.042033,-0.019887,0.406372,-0.913077,0.033925,0.324022,0.178726,0.929013,-0.854325,-0.366532,0.368486,0.00762,0.00437,0.004111,0.250986,-0.042979,-0.218617,0.077439,0.048826,0.041015,-0.062566,0.891242,0.166682,-0.421785,0.039336,0.898099,0.438029,0.451817,-0.406982,0.793868,-0.000645,-0.002307,-0.002422,-0.002046,0.017677,-0.02157,-1.037077
815,0.101426,0.00121,0.311248,-0.833835,-0.056353,-0.549171,-0.243446,-0.855321,0.457309,-0.494455,0.51508,0.700168,-0.000231,0.007233,-0.012162,0.035611,-0.111902,0.157558,-1.915384,-0.199369,-0.005567,0.30699,-0.388928,0.921162,-0.013609,-0.259663,-0.095312,0.96095,0.884363,0.376098,0.276253,0.000925,0.009596,0.010002,0.229822,-0.152366,-0.083259,0.198746,0.029352,0.042116,-0.019798,0.403885,-0.914128,0.035312,0.327912,0.180699,0.927265,-0.85402,-0.362929,0.372735,0.000454,0.004859,0.005063,0.315146,-0.180024,-0.082417,0.079235,0.048824,0.041008,-0.062625,0.891148,0.166478,-0.422064,0.039541,0.898213,0.437777,0.451984,-0.406813,0.793859,-0.000453,-0.001624,-0.001706,-0.001273,0.001341,0.002281,-1.032995
816,0.101461,0.001121,0.311099,-0.833145,-0.055731,-0.550281,-0.244395,-0.855448,0.456564,-0.495149,0.514935,0.699783,-0.000636,-0.002262,-0.002377,0.001237,-0.109417,0.166091,-1.915159,-0.199223,-0.005249,0.307402,-0.384146,0.923206,-0.010676,-0.267123,-0.099943,0.958431,0.884225,0.36985,0.28499,0.000928,0.009697,0.010069,0.155662,-0.110628,-0.04915,0.204097,0.029425,0.042278,-0.019588,0.399541,-0.91589,0.038887,0.335617,0.185618,0.923529,-0.853069,-0.355937,0.381551,0.000452,0.00487,0.005058,0.111493,-0.108354,-0.037438,0.08397,0.048841,0.040966,-0.062705,0.890712,0.165561,-0.423343,0.040743,0.898487,0.437104,0.452736,-0.406582,0.793548,-0.000295,-0.001054,-0.001108,0.000415,-0.108558,0.167652,-1.02728
817,0.101541,0.001017,0.31098,-0.832479,-0.055101,-0.551351,-0.245366,-0.855535,0.45588,-0.495788,0.514858,0.699387,-0.000779,-0.002776,-0.002919,-0.00018,0.015855,-0.024066,-1.915291,-0.199311,-0.005078,0.307926,-0.392033,0.919914,-0.007646,-0.274809,-0.109048,0.95526,0.878397,0.37542,0.295534,0.001258,-0.002962,0.016531,0.307914,-0.213413,-0.15522,0.205349,0.029381,0.042366,-0.019324,0.406968,-0.912527,0.04087,0.342397,0.193877,0.919334,-0.846841,-0.360146,0.391348,0.000614,-0.001544,0.008203,0.362994,-0.213875,-0.166572,0.088706,0.048883,0.040918,-0.062759,0.890326,0.164731,-0.424479,0.041856,0.898701,0.436559,0.453395,-0.406447,0.793242,0.006858,-0.002033,-0.001744,0.000421,-0.014118,0.030615,-1.027443
818,0.101606,0.00098,0.310916,-0.832098,-0.054746,-0.55196,-0.245898,-0.855604,0.455466,-0.496163,0.514782,0.699178,-0.000647,-0.002305,-0.002426,0.0,0.0,0.0,-1.91491,-0.199398,-0.005087,0.308203,-0.395165,0.918583,-0.006382,-0.277596,-0.112666,0.954034,0.876118,0.377599,0.299498,0.001144,-0.00416,0.015281,0.364774,-0.248508,-0.182078,0.204519,0.029337,0.042364,-0.01919,0.409736,-0.911253,0.041643,0.344527,0.19686,0.917903,-0.84464,-0.361751,0.394612,-0.006639,-0.002185,0.007984,0.582794,-0.278803,-0.275777,0.089033,0.048915,0.040899,-0.062792,0.890111,0.16429,-0.425099,0.042435,0.898833,0.436231,0.453762,-0.406334,0.79309,0.006742,-0.002447,-0.002181,0.000353,0.001624,0.006368,-1.027933
819,0.101745,0.000936,0.310745,-0.831583,-0.054284,-0.552782,-0.24652,-0.85578,0.454798,-0.496716,0.514537,0.698965,0.013477,-0.004917,-0.004389,0.000804,0.001148,0.005492,-1.915307,-0.199657,-0.005189,0.308791,-0.3998,0.91657,-0.00714,-0.282994,-0.115898,0.952059,0.872285,0.381483,0.305702,0.000651,0.006727,0.006927,0.100388,-0.076696,-0.022729,0.203939,0.029213,0.042309,-0.0189,0.415161,-0.908841,0.040591,0.350598,0.201006,0.9147,-0.839477,-0.365517,0.402088,0.000579,-0.001916,0.007805,0.074323,-0.083946,-0.052251,0.087399,0.04898,0.040879,-0.062876,0.88981,0.163697,-0.425957,0.043149,0.899078,0.435655,0.454285,-0.40603,0.792946,-0.000229,-0.000828,-0.000876,-0.000299,0.000315,0.000592,-1.02875
820,0.101861,0.000969,0.310549,-0.831227,-0.054015,-0.553344,-0.246785,-0.856029,0.454184,-0.497181,0.51415,0.698919,0.000279,0.009068,-0.010245,0.034561,-0.018333,0.015531,-1.915207,-0.19987,-0.005315,0.309424,-0.404408,0.91454,-0.007882,-0.288215,-0.119134,0.950091,0.868447,0.385328,0.311747,0.001237,-0.003216,0.016213,0.050696,-0.055189,-0.033005,0.203203,0.029106,0.042246,-0.018591,0.419635,-0.906839,0.039354,0.355639,0.20415,0.912054,-0.83512,-0.368734,0.408176,0.000611,-0.001577,0.008144,0.051284,-0.073241,-0.042209,0.087073,0.049043,0.040891,-0.062971,0.889593,0.163325,-0.426552,0.043508,0.899335,0.435089,0.454675,-0.405611,0.792937,0.006864,-0.002018,-0.001735,0.000774,-0.014487,0.029947,-1.029076
821,0.101983,0.001024,0.310273,-0.830853,-0.053768,-0.55393,-0.246957,-0.856371,0.453446,-0.49772,0.513606,0.698936,0.01432,0.006159,-0.012526,0.035546,-0.033049,0.045081,-1.915907,-0.200098,-0.005417,0.310127,-0.409004,0.912488,-0.008596,-0.293298,-0.122408,0.948118,0.864588,0.389139,0.31768,-0.01302,-0.002061,0.018252,0.045405,-0.038049,-0.060656,0.203304,0.028991,0.042199,-0.018243,0.424085,-0.90482,0.038109,0.3605,0.207268,0.909438,-0.830777,-0.371941,0.414087,-0.006499,-0.000793,0.009373,0.049068,-0.055848,-0.069924,0.086256,0.049098,0.04092,-0.063108,0.88937,0.163016,-0.427135,0.043717,0.899666,0.434384,0.455091,-0.405001,0.79301,-0.000116,0.003605,-0.006104,0.034248,-0.002307,-0.008233,-1.030219
822,0.102001,0.001036,0.310123,-0.830704,-0.053688,-0.55416,-0.246987,-0.85653,0.453129,-0.497952,0.513349,0.698959,-9.2e-05,0.007747,-0.011643,0.034561,-0.018338,0.015525,-1.91529,-0.200189,-0.005441,0.31049,-0.41214,0.911085,-0.007442,-0.29584,-0.125967,0.946861,0.862233,0.391277,0.321434,0.001452,-0.001028,0.018405,0.189502,-0.141253,-0.098457,0.204357,0.028941,0.04218,-0.018053,0.426824,-0.903499,0.038848,0.362497,0.210288,0.907951,-0.828502,-0.373453,0.417272,0.000745,-0.000204,0.009525,0.272846,-0.166823,-0.125574,0.086909,0.049113,0.040926,-0.063182,0.889262,0.162875,-0.427415,0.043812,0.899823,0.434048,0.455294,-0.404709,0.793042,-5.9e-05,0.003808,-0.005891,0.03444,-0.018225,0.015767,-1.031036
823,0.102005,0.000998,0.309818,-0.830377,-0.053485,-0.55467,-0.247156,-0.856798,0.45253,-0.498414,0.512923,0.698942,0.012685,-0.007789,-0.007448,0.000811,0.001191,0.00552,-1.91565,-0.200371,-0.005414,0.311334,-0.416881,0.908912,-0.008887,-0.301107,-0.128741,0.944825,0.858125,0.395395,0.327333,0.00182,0.002703,0.022145,0.085259,-0.091347,-0.024175,0.204989,0.028849,0.042189,-0.017636,0.431744,-0.901238,0.036972,0.367877,0.213363,0.905064,-0.823567,-0.377154,0.423663,0.000888,0.001257,0.01098,0.08086,-0.103178,-0.03049,0.088379,0.049111,0.040913,-0.063336,0.889052,0.162608,-0.427954,0.044017,0.900101,0.433451,0.455685,-0.404198,0.793079,-0.000715,-0.002579,-0.002728,-0.00024,0.015987,-0.023866,-1.032015
824,0.101963,0.000922,0.309454,-0.830021,-0.053273,-0.555222,-0.247339,-0.857079,0.451897,-0.498914,0.512474,0.698915,-0.000878,0.004947,-0.014629,0.034387,-0.002435,-0.008511,-1.915154,-0.200502,-0.005276,0.312256,-0.421598,0.906749,-0.007359,-0.304597,-0.133844,0.942996,0.854586,0.398648,0.332603,0.001948,0.004011,0.023383,0.122068,-0.11417,-0.041334,0.210384,0.028789,0.042258,-0.017183,0.436258,-0.899022,0.037896,0.370845,0.218009,0.902743,-0.819848,-0.379776,0.428507,0.000946,0.001855,0.011546,0.21345,-0.151602,-0.074966,0.091808,0.049095,0.040872,-0.063513,0.888824,0.162309,-0.42854,0.044278,0.900376,0.432852,0.456104,-0.403704,0.793089,-0.000581,0.001945,-0.007873,0.034337,-0.002392,-0.008393,-1.029729
825,0.101929,0.000837,0.309275,-0.829915,-0.053213,-0.555387,-0.247388,-0.857167,0.451703,-0.499067,0.512333,0.698909,-0.002074,-0.007404,-0.007869,-0.00017,0.015921,-0.024023,-1.915084,-0.200561,-0.005176,0.312711,-0.423157,0.906026,-0.006819,-0.305596,-0.135508,0.942435,0.85346,0.399724,0.3342,-0.01225,0.00531,0.02552,0.045841,-0.052959,-0.035653,0.214564,0.02876,0.042309,-0.016947,0.438164,-0.898078,0.038299,0.372032,0.219968,0.901779,-0.818293,-0.380879,0.430496,0.001019,0.002627,0.012297,0.033949,-0.075675,-0.007654,0.096217,0.049078,0.040832,-0.063608,0.888748,0.16222,-0.428732,0.044344,0.900477,0.432637,0.456246,-0.403517,0.793103,-0.007698,0.003097,-0.007059,0.033362,0.01233,-0.037974,-1.030383
826,0.101808,0.000644,0.308963,-0.829857,-0.053219,-0.555474,-0.247339,-0.857261,0.451552,-0.499188,0.512175,0.698938,-0.001909,-0.006801,-0.007249,-0.000168,0.015925,-0.02402,-1.915682,-0.200623,-0.004929,0.313646,-0.426139,0.904638,-0.005145,-0.307354,-0.139302,0.941309,0.851345,0.401554,0.337385,0.002063,0.005207,0.024436,0.045707,-0.066876,-0.00534,0.228939,0.028724,0.042435,-0.016477,0.441178,-0.896543,0.039631,0.373554,0.223616,0.900251,-0.815977,-0.382366,0.433562,0.001021,0.002638,0.012257,0.031151,0.033202,-0.175301,0.111076,0.049017,0.040734,-0.063766,0.888704,0.162211,-0.428826,0.044308,0.900556,0.432475,0.456335,-0.403343,0.79314,-0.00092,-0.003299,-0.003511,-0.000196,0.015951,-0.023956,-1.030219
827,0.101704,0.000551,0.308666,-0.829062,-0.055611,-0.556425,-0.24669,-0.85664,0.453083,-0.500824,0.512963,0.697188,-0.001468,-0.005222,-0.005578,-0.002669,0.012017,-0.026593,-1.915437,-0.200592,-0.004609,0.3145,-0.420617,0.907222,-0.004597,-0.307123,-0.137494,0.94165,0.854164,0.396327,0.336439,0.001544,0.015734,0.015624,0.003273,-0.027339,0.049746,0.238776,0.02874,0.042593,-0.016044,0.435843,-0.899097,0.040801,0.373159,0.221772,0.900871,-0.819019,-0.377414,0.432164,0.000957,0.002063,0.011633,-0.033449,-0.002523,0.038687,0.126915,0.048964,0.040683,-0.063919,0.887669,0.164523,-0.430086,0.043531,0.89983,0.434061,0.458418,-0.404025,0.79159,-0.00071,-0.002541,-0.002714,0.012946,0.02417,-0.024208,-1.029566
828,0.101654,0.000533,0.30854,-0.829101,-0.055696,-0.556359,-0.246507,-0.856725,0.453022,-0.50085,0.512812,0.697281,-0.001055,-0.003752,-0.004011,-3.7e-05,-5.7e-05,-3.8e-05,-1.915768,-0.200548,-0.004406,0.314873,-0.420507,0.907275,-0.004164,-0.306677,-0.137691,0.941767,0.854379,0.396137,0.336118,0.001994,0.004618,0.0237,-0.033,-0.017896,0.031648,0.242011,0.028762,0.042699,-0.015853,0.435712,-0.899142,0.041191,0.372753,0.221908,0.901006,-0.819273,-0.377225,0.431845,0.000982,0.002302,0.011844,-0.032944,-0.015447,0.032981,0.131814,0.048938,0.040673,-0.063983,0.887726,0.164565,-0.429953,0.043305,0.899936,0.433864,0.458329,-0.403771,0.791771,-0.000126,0.003584,-0.00615,0.036853,-0.000249,-0.007821,-1.029566
829,0.101578,0.000541,0.30835,-0.828939,-0.055645,-0.556606,-0.246502,-0.856907,0.45268,-0.501121,0.512513,0.697306,-0.00053,-0.001883,-0.002016,-0.0,-0.0,-0.0,-1.915019,-0.200469,-0.003885,0.315486,-0.420252,0.907398,-0.003015,-0.306048,-0.138488,0.941854,0.854729,0.39558,0.335883,0.015596,0.013862,0.012768,0.003683,-0.030754,0.053452,0.255492,0.028802,0.042963,-0.015544,0.435465,-0.899208,0.042361,0.372137,0.222665,0.901074,-0.819685,-0.376622,0.431591,0.007786,0.006917,0.006367,0.003718,-0.029049,0.054252,0.145531,0.0489,0.040676,-0.064079,0.887624,0.164457,-0.430204,0.04333,0.900113,0.433494,0.458524,-0.403421,0.791837,-0.000291,-0.001038,-0.00111,-0.0001,0.000178,0.000265,-1.025974
830,0.101552,0.00058,0.308256,-0.828513,-0.055325,-0.557271,-0.246947,-0.857066,0.452137,-0.501605,0.512282,0.697127,-0.000131,-0.000464,-0.000497,-0.0,-0.0,-0.0,-1.914885,-0.200388,-0.00334,0.315976,-0.419971,0.907531,-0.001687,-0.305568,-0.139528,0.941857,0.855039,0.394909,0.335885,0.001147,0.011849,0.011601,0.001639,-0.015551,0.024206,0.266793,0.028843,0.043237,-0.015297,0.43523,-0.899257,0.043712,0.371652,0.223674,0.901024,-0.820029,-0.375907,0.43156,0.000556,0.005824,0.005698,0.001662,-0.014393,0.024723,0.16284,0.048887,0.040696,-0.064126,0.887361,0.164043,-0.430905,0.043834,0.90032,0.433014,0.458986,-0.403128,0.791718,-5.3e-05,-0.000191,-0.000204,0.001027,-0.109983,0.165834,-1.026464
831,0.101531,0.000581,0.308271,-0.828028,-0.054896,-0.558033,-0.247646,-0.8571,0.451688,-0.50206,0.512269,0.69681,0.00024,0.000852,0.000913,-0.0,-0.0,-0.0,-1.915289,-0.200348,-0.002934,0.316387,-0.408931,0.91256,-0.000448,-0.306676,-0.136838,0.941891,0.859967,0.384141,0.335791,0.000899,0.009319,0.009086,0.001639,-0.01555,0.024206,0.271568,0.028863,0.043437,-0.015094,0.42433,-0.904326,0.046224,0.372815,0.220998,0.901204,-0.825198,-0.365175,0.430922,0.000435,0.004607,0.004493,0.00217,-0.015312,0.024719,0.17329,0.048877,0.040695,-0.064119,0.887071,0.163511,-0.431703,0.044588,0.900448,0.432671,0.459474,-0.403059,0.791471,0.000175,0.000618,0.00066,-6.5e-05,7.1e-05,0.000129,-1.026627
832,0.101532,0.000578,0.308283,-0.827738,-0.054633,-0.558489,-0.248074,-0.857117,0.451422,-0.502326,0.51227,0.696617,5.9e-05,0.00021,0.000225,-0.0,-0.0,-0.0,-1.915332,-0.200343,-0.002771,0.316547,-0.403418,0.915011,4.6e-05,-0.307284,-0.135399,0.941901,0.862345,0.378797,0.335763,0.000777,0.008065,0.00785,0.001639,-0.01555,0.024206,0.271846,0.028865,0.043519,-0.015014,0.418886,-0.906804,0.047338,0.373453,0.219562,0.90129,-0.827687,-0.359859,0.43062,0.000361,0.003844,0.003744,-0.008878,0.091637,-0.142327,0.17574,0.048878,0.040697,-0.06411,0.886898,0.163188,-0.432181,0.045047,0.900521,0.432472,0.459763,-0.403027,0.791319,4.1e-05,0.00015,0.000161,-3.5e-05,4.3e-05,0.000123,-1.027607
833,0.101524,0.000594,0.308285,-0.827367,-0.054313,-0.55907,-0.248579,-0.857166,0.45105,-0.502688,0.512221,0.696392,-0.014264,0.00228,0.001611,0.000124,-0.095362,0.136103,-1.915073,-0.200341,-0.002548,0.316793,-0.403263,0.915079,0.000777,-0.306946,-0.135941,0.941933,0.862538,0.37844,0.335672,0.000436,0.004528,0.004397,0.0,-0.0,-0.0,0.271216,0.028866,0.043633,-0.014888,0.418786,-0.906812,0.048056,0.373125,0.220082,0.901299,-0.827885,-0.359521,0.430522,0.000233,0.00248,0.002407,-0.009629,0.091848,-0.142815,0.178189,0.048879,0.040705,-0.064109,0.886711,0.162854,-0.43269,0.045503,0.900619,0.43222,0.460078,-0.402943,0.791178,-1e-06,-3e-06,-3e-06,-6.3e-05,2.1e-05,7.7e-05,-1.030056
834,0.101475,0.000575,0.308276,-0.82709,-0.054076,-0.559502,-0.248978,-0.857179,0.450807,-0.502946,0.512225,0.696203,-0.000159,-0.000565,-0.000605,-0.0,-0.0,-0.0,-1.915282,-0.200361,-0.002428,0.316912,-0.397635,0.917537,0.001756,-0.307358,-0.134879,0.941951,0.864994,0.372842,0.335615,0.000151,0.001568,0.001521,0.0,0.0,0.0,0.269889,0.028856,0.043694,-0.014828,0.41327,-0.909253,0.049662,0.373562,0.219021,0.901377,-0.830457,-0.35396,0.430177,-0.00701,0.000895,0.001306,-0.013155,0.122322,-0.196229,0.177699,0.04885,0.040697,-0.064112,0.886505,0.162497,-0.433245,0.046022,0.900701,0.431994,0.460422,-0.402904,0.790998,-0.000102,-0.000365,-0.00039,-1.5e-05,3.5e-05,6.1e-05,-1.031362
835,0.101443,0.000571,0.308286,-0.826916,-0.053926,-0.559775,-0.249235,-0.857181,0.45066,-0.503106,0.512236,0.696079,-2e-06,-8e-06,-9e-06,-0.0,-0.0,-0.0,-1.915399,-0.20038,-0.002417,0.316938,-0.397513,0.917589,0.002338,-0.307106,-0.135318,0.941971,0.865139,0.372556,0.335557,3.1e-05,0.000327,0.000317,-0.011306,0.107304,-0.167061,0.266476,0.028846,0.0437,-0.014815,0.413194,-0.909255,0.050252,0.373305,0.219458,0.901377,-0.83061,-0.353685,0.430108,-4e-06,-9e-06,-8e-06,-0.011306,0.107208,-0.167118,0.175903,0.048833,0.040694,-0.064108,0.886399,0.162311,-0.433531,0.046295,0.900739,0.431886,0.460599,-0.402894,0.7909,1e-06,9e-06,1e-05,-3.1e-05,2e-06,6e-05,-1.031689
836,0.101435,0.000576,0.308306,-0.82648,-0.053539,-0.560455,-0.249864,-0.857211,0.450256,-0.50351,0.512227,0.695793,0.000153,0.000544,0.000582,-0.0,-0.0,-0.0,-1.915608,-0.200475,-0.002432,0.316957,-0.39191,0.919993,0.003169,-0.307529,-0.134125,0.942003,0.867535,0.367032,0.335458,-3e-06,-2.9e-05,-2.8e-05,0.0,0.0,0.0,0.256924,0.028799,0.043688,-0.014809,0.407698,-0.911651,0.051703,0.373754,0.218272,0.901479,-0.83312,-0.348207,0.429722,-1.1e-05,-8e-05,-7.5e-05,0.00015,-0.000297,-1.9e-05,0.167248,0.048829,0.040696,-0.064099,0.886137,0.161836,-0.434245,0.046969,0.900851,0.431578,0.461035,-0.402834,0.790677,0.0001,0.00036,0.000388,-1.1e-05,1.5e-05,4.1e-05,-1.031852
837,0.101432,0.000573,0.308287,-0.825909,-0.053041,-0.561343,-0.250648,-0.857279,0.44969,-0.504056,0.512164,0.695444,-7.9e-05,-0.00028,-0.000299,-0.0,-0.0,-0.0,-1.91503,-0.200665,-0.002416,0.316985,-0.391738,0.920063,0.004148,-0.307141,-0.134895,0.94202,0.867751,0.366576,0.3354,0.000137,0.001412,0.001369,0.0,-0.0,-0.0,0.250307,0.028703,0.043692,-0.014799,0.407607,-0.911635,0.052694,0.373354,0.219038,0.901459,-0.833344,-0.347768,0.429644,-0.006998,0.000963,0.001371,-0.000432,-0.000501,-0.005124,0.156471,0.048828,0.040695,-0.064107,0.885791,0.161222,-0.435177,0.047814,0.901021,0.431131,0.461612,-0.4027,0.790408,-5.2e-05,-0.000181,-0.000193,-1.4e-05,1.5e-05,1.6e-05,-1.033648
838,0.101427,0.000556,0.308268,-0.825503,-0.052683,-0.561973,-0.251217,-0.857318,0.449298,-0.504437,0.512136,0.695189,-0.000196,-0.000693,-0.000742,-0.0,-0.0,-0.0,-1.914982,-0.200998,-0.00234,0.31708,-0.391592,0.92012,0.005135,-0.306744,-0.13568,0.942037,0.867956,0.366145,0.335339,-0.013878,0.003067,0.003836,-0.01169,0.106953,-0.172106,0.245937,0.028542,0.043728,-0.014754,0.407561,-0.911607,0.05354,0.373003,0.219705,0.901442,-0.833524,-0.347422,0.429575,9.1e-05,0.00095,0.000926,-1e-05,-0.000119,-3.7e-05,0.14945,0.048826,0.040687,-0.064115,0.885546,0.160784,-0.435839,0.048425,0.901134,0.430826,0.462019,-0.402622,0.79021,-0.000126,-0.000447,-0.000479,0.001099,-0.110046,0.165664,-1.033812
839,0.101421,0.000529,0.308255,-0.825326,-0.052521,-0.562249,-0.251482,-0.857321,0.449142,-0.504594,0.512145,0.695068,-0.00031,-0.001098,-0.001177,0.0,0.0,0.0,-1.915363,-0.201194,-0.002273,0.317157,-0.391553,0.920147,0.002653,-0.30823,-0.133753,0.941827,0.867447,0.366783,0.335958,-0.013767,0.004144,0.004874,0.18882,-0.271969,0.754675,0.244075,0.028439,0.043762,-0.014715,0.407343,-0.911826,0.051424,0.374329,0.218056,0.901292,-0.833035,-0.347886,0.430147,-0.006879,0.002129,0.002503,0.208938,-0.309288,0.832187,0.146674,0.048823,0.040675,-0.064121,0.88544,0.160586,-0.436127,0.048708,0.901174,0.43071,0.462193,-0.402611,0.790114,-0.000199,-0.00071,-0.00076,6e-06,1.9e-05,1.5e-05,-1.034791
840,0.101391,0.000495,0.308232,-0.825046,-0.052276,-0.562682,-0.251887,-0.857334,0.448891,-0.50485,0.512149,0.694879,-0.000253,-0.000896,-0.000961,0.001106,-0.110059,0.165668,-1.915118,-0.201635,-0.002083,0.317341,-0.391518,0.920165,0.000392,-0.309665,-0.132035,0.941599,0.866952,0.367357,0.336609,-0.013725,0.00445,0.005157,-0.001907,0.015007,-0.028692,0.239576,0.028224,0.043858,-0.014622,0.407126,-0.912062,0.048898,0.375936,0.216121,0.90109,-0.832417,-0.348475,0.430866,-0.006824,0.002637,0.002983,-0.001526,0.001992,-0.009436,0.140632,0.048808,0.040656,-0.064134,0.88527,0.160285,-0.436582,0.049141,0.901241,0.430522,0.462472,-0.402582,0.789965,-0.000132,-0.00047,-0.000504,0.001123,-0.110053,0.165673,-1.035771
841,0.101355,0.000488,0.308223,-0.824808,-0.052078,-0.563049,-0.252212,-0.857355,0.448668,-0.505076,0.512134,0.694726,-1e-06,-5e-06,-5e-06,0.0,0.0,0.0,-1.915401,-0.20206,-0.001848,0.317567,-0.391507,0.920157,-0.004923,-0.312815,-0.127936,0.941123,0.865825,0.368822,0.337905,-0.01356,0.005938,0.006577,-0.000417,-0.000344,-0.005038,0.236983,0.028011,0.043974,-0.01451,0.406721,-0.912507,0.043668,0.379094,0.212073,0.900728,-0.831182,-0.349792,0.432181,-0.006801,0.002805,0.003136,-0.002935,0.016937,-0.032874,0.13606,0.048789,0.040652,-0.06414,0.885124,0.160039,-0.436968,0.04949,0.901305,0.430348,0.462714,-0.402538,0.789847,8e-06,2.5e-05,2.8e-05,1.2e-05,9e-06,2e-06,-1.036424
842,0.101321,0.000479,0.308226,-0.824643,-0.051937,-0.563304,-0.252453,-0.857356,0.44853,-0.505225,0.512146,0.694609,-9.1e-05,-0.000321,-0.000344,0.0,0.0,0.0,-1.914871,-0.202273,-0.00171,0.317671,-0.391534,0.920146,-0.004812,-0.31283,-0.128067,0.9411,0.865807,0.368803,0.337971,0.000513,0.005035,0.00485,0.0,-0.0,0.0,0.237118,0.0279,0.044046,-0.014456,0.406757,-0.912485,0.043811,0.379086,0.21223,0.900695,-0.831168,-0.349756,0.432236,-0.006763,0.003142,0.003456,-0.00055,-0.000143,-0.005542,0.13459,0.048772,0.040648,-0.064137,0.885023,0.159865,-0.437236,0.049748,0.901339,0.430248,0.46288,-0.402531,0.789753,-6.3e-05,-0.000235,-0.00025,3.8e-05,2.4e-05,-4e-06,-1.036588
843,0.101239,0.000447,0.308233,-0.824271,-0.051617,-0.563878,-0.253008,-0.857349,0.448232,-0.505555,0.51219,0.694336,-0.000101,-0.000358,-0.000384,0.0,0.0,0.0,-1.915473,-0.202726,-0.00148,0.317808,-0.391414,0.920186,-0.006662,-0.31424,-0.126731,0.940812,0.865351,0.369166,0.338744,-0.01387,0.002713,0.003451,-0.002045,0.015205,-0.029245,0.234427,0.027684,0.044164,-0.014384,0.406503,-0.912685,0.041952,0.38051,0.210864,0.900415,-0.830642,-0.350058,0.433003,-0.007181,0.006597,-0.002632,0.033915,0.002302,-0.013645,0.132957,0.048737,0.040631,-0.064135,0.884835,0.159534,-0.437739,0.050247,0.901391,0.43008,0.463187,-0.402544,0.789566,-7.2e-05,-0.000257,-0.000274,2.3e-05,4e-06,0.0,-1.037078
844,0.101169,0.00042,0.308245,-0.824022,-0.051403,-0.56426,-0.253391,-0.85733,0.44805,-0.505767,0.512242,0.694143,-3e-06,-1.1e-05,-1.2e-05,0.0,0.0,0.0,-1.915123,-0.203072,-0.001353,0.317712,-0.38963,0.920947,-0.006013,-0.312581,-0.125974,0.941466,0.866754,0.367527,0.336934,-0.014683,0.009959,-0.008394,-0.140033,0.11364,0.071254,0.231093,0.027506,0.044228,-0.014425,0.405354,-0.913152,0.042887,0.379082,0.210597,0.901079,-0.831855,-0.348998,0.431527,-0.000128,-0.001238,-0.001185,-0.267815,0.13642,0.11149,0.127895,0.048696,0.040618,-0.064129,0.884645,0.159208,-0.438241,0.050742,0.901442,0.429913,0.463495,-0.402558,0.789378,3e-06,1.5e-05,1.8e-05,0.0,-1e-06,-7e-06,-1.036587
845,0.101086,0.000429,0.308279,-0.823818,-0.05124,-0.564574,-0.253693,-0.85732,0.4479,-0.50595,0.512276,0.693985,1.1e-05,4e-05,4.3e-05,0.0,0.0,0.0,-1.915604,-0.203279,-0.001215,0.317361,-0.389632,0.920949,-0.005582,-0.313197,-0.126677,0.941167,0.866531,0.367281,0.337775,-0.000913,0.006334,-0.012722,0.036209,-0.013432,0.016649,0.2323,0.027397,0.044298,-0.014599,0.40477,-0.913393,0.043274,0.379444,0.210832,0.900872,-0.831975,-0.348226,0.43192,-0.000519,0.002532,-0.006969,0.037068,0.001759,-0.008141,0.126916,0.048655,0.040623,-0.064111,0.884517,0.159004,-0.438572,0.051062,0.901474,0.42981,0.463703,-0.402569,0.78925,6e-06,1.9e-05,2.4e-05,2.5e-05,1.2e-05,-4e-06,-1.037241
846,0.10103,0.000412,0.308303,-0.823684,-0.051123,-0.564781,-0.25392,-0.857291,0.447827,-0.506055,0.512336,0.693865,0.0,1e-06,1e-06,0.0,0.0,0.0,-1.915411,-0.203309,-0.00116,0.317104,-0.387978,0.921645,-0.005851,-0.312017,-0.125244,0.94175,0.867696,0.366027,0.336141,-0.001114,0.004425,-0.014568,0.021698,0.01044,-0.001308,0.231156,0.027382,0.044327,-0.014726,0.403102,-0.914137,0.04313,0.378162,0.209303,0.901767,-0.833367,-0.347194,0.430062,-0.000551,0.002202,-0.007288,0.046583,0.012214,-0.004738,0.126589,0.048627,0.040614,-0.064099,0.884436,0.15886,-0.438788,0.051299,0.901478,0.429773,0.463832,-0.402616,0.78915,-1e-06,-4e-06,-2e-06,6e-06,-1e-06,-5e-06,-1.037567
847,0.100908,0.00039,0.308334,-0.823344,-0.050841,-0.565302,-0.254436,-0.857265,0.447583,-0.506348,0.512407,0.693598,-0.000987,-0.011556,0.007609,-0.034536,0.018427,-0.015476,-1.915392,-0.203308,-0.001048,0.316446,-0.384741,0.922995,-0.006742,-0.310009,-0.122213,0.942811,0.869851,0.36365,0.333138,-0.001453,0.00122,-0.017689,-0.072802,0.07111,0.044424,0.222989,0.027383,0.044384,-0.015054,0.400093,-0.915482,0.042631,0.37639,0.20655,0.903143,-0.835617,-0.345295,0.427217,-0.000747,0.000325,-0.009119,-0.096636,0.101474,0.031179,0.119894,0.048566,0.040608,-0.064086,0.884219,0.158506,-0.439352,0.051842,0.901537,0.429584,0.464184,-0.402624,0.788939,-3.6e-05,-0.000127,-0.000134,0.001106,-0.109984,0.165713,-1.038057
848,0.100788,0.000392,0.308359,-0.822973,-0.050543,-0.565868,-0.25496,-0.857268,0.44728,-0.506687,0.512431,0.693332,-0.0,-0.0,-0.0,0.0,0.0,0.0,-1.915438,-0.203287,-0.000974,0.315634,-0.379902,0.924984,-0.008342,-0.306632,-0.117295,0.944538,0.873163,0.360209,0.328174,-0.001679,-0.000908,-0.019798,-0.232095,0.173207,0.121761,0.223046,0.027392,0.04442,-0.015468,0.395504,-0.91752,0.041624,0.37343,0.202044,0.905388,-0.839122,-0.342541,0.422539,-0.000845,-0.000629,-0.010068,-0.279555,0.178116,0.132498,0.115975,0.048506,0.040605,-0.064071,0.883996,0.15814,-0.439933,0.052401,0.901599,0.429387,0.464547,-0.40263,0.788723,-0.0,2e-06,8e-06,7e-06,9e-06,9e-06,-1.038547
849,0.100733,0.000387,0.308365,-0.822829,-0.050429,-0.566087,-0.255165,-0.857266,0.447167,-0.506818,0.512446,0.693226,-1.8e-05,-6.3e-05,-6.8e-05,0.0,0.0,0.0,-1.915084,-0.203331,-0.000933,0.31522,-0.378283,0.925643,-0.008741,-0.305703,-0.115884,0.945013,0.874189,0.358973,0.326793,-0.001565,0.000185,-0.018757,-0.016704,0.035075,0.017384,0.222421,0.027371,0.044436,-0.015672,0.393203,-0.918524,0.041278,0.372113,0.200027,0.906377,-0.840786,-0.341031,0.420447,-0.000996,0.005459,-0.013614,0.05988,0.027928,0.029563,0.115975,0.048478,0.040602,-0.064069,0.883906,0.157998,-0.440164,0.052619,0.901624,0.429306,0.464693,-0.402628,0.788638,-1.1e-05,-3.3e-05,-3.4e-05,-5e-06,5e-06,5e-06,-1.038874
850,0.100667,0.00038,0.308384,-0.822475,-0.050129,-0.566628,-0.255676,-0.857269,0.446869,-0.507135,0.512469,0.692977,-0.0,-0.0,-0.0,0.0,0.0,0.0,-1.915468,-0.203431,-0.000754,0.314474,-0.373509,0.927561,-0.010536,-0.302407,-0.110896,0.946671,0.877378,0.355592,0.321908,-0.001139,0.004239,-0.014825,-0.001204,0.0104,0.034763,0.220782,0.027319,0.044519,-0.016059,0.388212,-0.9207,0.040018,0.369097,0.195124,0.908676,-0.844427,-0.337989,0.415577,-0.000545,0.002235,-0.007298,0.048953,0.009684,0.024962,0.114506,0.048446,0.040598,-0.064059,0.883689,0.157628,-0.440734,0.053164,0.901697,0.429087,0.465045,-0.40261,0.788439,-2e-06,3e-06,8e-06,-0.0,1.6e-05,9e-06,-1.0392
851,0.100645,0.000383,0.308386,-0.822202,-0.049899,-0.567044,-0.256047,-0.857293,0.44661,-0.507389,0.512452,0.692803,3.4e-05,0.000121,0.000129,0.0,0.0,0.0,-1.915198,-0.203559,-0.00045,0.313994,-0.370362,0.928808,-0.011756,-0.300459,-0.10769,0.947661,0.879376,0.353324,0.318941,-0.000658,0.008774,-0.010386,0.023446,0.00932,-0.002082,0.219476,0.027255,0.044666,-0.016296,0.384949,-0.922105,0.03917,0.367418,0.192041,0.910013,-0.84665,-0.335917,0.412724,-4.7e-05,-0.000532,-0.000519,0.019711,0.006401,-0.00082,0.112383,0.048435,0.0406,-0.064058,0.883521,0.157344,-0.441171,0.053563,0.901769,0.428885,0.465317,-0.40256,0.788305,2e-05,7.9e-05,8.7e-05,-1e-06,1e-05,1.1e-05,-1.039037
852,0.100646,0.000392,0.30838,-0.821971,-0.049703,-0.567396,-0.256349,-0.857326,0.446373,-0.507611,0.512415,0.692668,0.0,0.0,0.0,0.0,0.0,0.0,-1.915135,-0.203614,-0.000225,0.313919,-0.368752,0.929442,-0.012257,-0.299288,-0.106113,0.948209,0.880449,0.352136,0.317289,0.000299,0.002803,0.002746,0.001173,-0.015513,0.024264,0.219969,0.027228,0.04478,-0.01634,0.383352,-0.922782,0.038913,0.36651,0.190662,0.910668,-0.847767,-0.334845,0.4113,0.000126,0.00114,0.001119,0.007926,-0.002342,-0.002627,0.111729,0.048435,0.040604,-0.06406,0.883379,0.157101,-0.441541,0.05389,0.901841,0.428693,0.465549,-0.402493,0.788201,-2e-06,-2e-06,0.0,1.7e-05,6e-06,1.2e-05,-1.038384
853,0.100634,0.000388,0.308375,-0.821845,-0.049597,-0.567588,-0.25652,-0.857337,0.446254,-0.507728,0.512407,0.692588,-2.5e-05,-8.7e-05,-9.4e-05,0.0,0.0,0.0,-1.915108,-0.203628,-0.000179,0.313994,-0.368715,0.929459,-0.012099,-0.299183,-0.106219,0.948231,0.8805,0.35206,0.317231,0.000401,0.003759,0.00368,0.001595,-0.015782,0.024059,0.220077,0.027221,0.044805,-0.016301,0.383382,-0.922761,0.039087,0.366448,0.190823,0.910659,-0.847781,-0.334808,0.411302,0.000179,0.001663,0.001629,-0.009968,0.106519,-0.167357,0.111566,0.048429,0.040602,-0.064063,0.883302,0.15697,-0.441743,0.054074,0.901874,0.4286,0.465674,-0.40247,0.788139,-0.00715,0.001101,0.000757,-0.000986,0.014703,-0.029547,-1.03871
854,0.100631,0.000376,0.308363,-0.821571,-0.049359,-0.568005,-0.256897,-0.857361,0.44599,-0.507981,0.512389,0.692416,-9.5e-05,-0.000333,-0.000358,0.0,0.0,0.0,-1.915191,-0.203559,-0.000102,0.31428,-0.368677,0.929474,-0.012084,-0.298835,-0.106081,0.948356,0.880634,0.352062,0.316857,0.000651,0.00612,0.005979,0.001602,-0.015776,0.024062,0.220493,0.027256,0.044844,-0.016156,0.383426,-0.922742,0.039107,0.366104,0.190729,0.910818,-0.847909,-0.334914,0.410951,0.000312,0.002958,0.00289,0.001534,-0.017436,0.023276,0.111403,0.048427,0.040597,-0.064069,0.883134,0.156678,-0.442181,0.054479,0.901948,0.428394,0.465945,-0.402419,0.788006,-5e-05,-0.000174,-0.000187,-1.7e-05,-1.2e-05,5e-06,-1.03871
855,0.100638,0.000362,0.308349,-0.821359,-0.049171,-0.568327,-0.257191,-0.857381,0.445784,-0.508174,0.512375,0.692285,-0.000149,-0.000524,-0.000562,0.0,0.0,0.0,-1.915129,-0.20343,-4.2e-05,0.314531,-0.368472,0.929564,-0.011427,-0.298275,-0.106451,0.94849,0.88091,0.351714,0.316477,0.014473,0.002963,0.002058,0.002045,-0.015205,0.029245,0.22014,0.027316,0.044883,-0.016022,0.383328,-0.922754,0.039787,0.365536,0.191128,0.910962,-0.848199,-0.334654,0.410565,0.000391,-0.003759,0.005797,-0.036292,0.012467,-0.017046,0.111566,0.048431,0.04059,-0.064076,0.883005,0.156448,-0.44252,0.054795,0.902005,0.428233,0.466152,-0.40238,0.787903,-8.2e-05,-0.000285,-0.000304,1.6e-05,-5e-06,1.8e-05,-1.0392
856,0.100627,0.000364,0.30835,-0.821297,-0.04912,-0.568422,-0.257274,-0.857386,0.445726,-0.508233,0.512371,0.692244,-2e-06,-8e-06,-8e-06,0.0,0.0,0.0,-1.915202,-0.203359,-6e-06,0.314605,-0.368388,0.9296,-0.011161,-0.29811,-0.106626,0.948522,0.881,0.351565,0.31639,0.01442,0.002488,0.001592,0.002045,-0.015205,0.029245,0.219192,0.027351,0.044901,-0.015985,0.383285,-0.92276,0.04006,0.365366,0.191311,0.910992,-0.848291,-0.334534,0.410472,0.000161,0.001563,0.001519,0.00156,-0.016685,0.023637,0.111566,0.048426,0.04059,-0.064076,0.882966,0.156385,-0.44262,0.054885,0.902021,0.428187,0.466215,-0.402368,0.787872,1e-06,9e-06,9e-06,-2e-06,7e-06,3e-06,-1.039364
857,0.100622,0.000392,0.308364,-0.821118,-0.048974,-0.568693,-0.257501,-0.857414,0.445541,-0.508408,0.512337,0.692141,0.000258,0.000907,0.000973,0.0,0.0,0.0,-1.915374,-0.203237,5.6e-05,0.314644,-0.368269,0.929652,-0.010768,-0.297992,-0.106936,0.948524,0.88109,0.351334,0.316397,0.000175,0.001664,0.001621,0.001605,-0.015766,0.024068,0.218246,0.027418,0.044932,-0.015966,0.383229,-0.922767,0.040439,0.365247,0.191611,0.910977,-0.848368,-0.334343,0.410469,7.4e-05,0.000719,0.000698,0.001578,-0.016389,0.023795,0.110423,0.048423,0.040603,-0.064071,0.882855,0.156203,-0.442905,0.05513,0.902078,0.428036,0.466396,-0.402312,0.787793,0.000171,0.000604,0.000649,1.2e-05,4e-06,6e-06,-1.03969
858,0.100573,0.000421,0.308377,-0.820995,-0.04889,-0.568878,-0.257641,-0.857435,0.445419,-0.508535,0.51231,0.692068,9.3e-05,0.000327,0.00035,0.0,0.0,0.0,-1.915097,-0.203088,5.9e-05,0.314638,-0.362638,0.931867,-0.010411,-0.298496,-0.10544,0.948534,0.883246,0.345893,0.316381,0.014119,-0.000329,-0.001157,0.002045,-0.015205,0.029245,0.211138,0.027492,0.044934,-0.015969,0.377682,-0.925008,0.041407,0.365774,0.19013,0.911075,-0.850626,-0.328951,0.410153,0.007051,-0.000221,-0.000633,0.002319,-0.015906,0.029152,0.105525,0.048398,0.040619,-0.064062,0.882776,0.156095,-0.443101,0.055284,0.902116,0.427935,0.466528,-0.402268,0.787738,-0.007077,0.001354,0.001028,-0.000976,0.014705,-0.029549,-1.039364
859,0.100446,0.000448,0.308398,-0.82112,-0.049041,-0.568684,-0.257442,-0.857419,0.445566,-0.508434,0.512323,0.692132,-0.014265,0.002317,0.001632,-0.000984,0.014715,-0.029553,-1.91535,-0.202981,7.5e-05,0.314647,-0.362444,0.93195,-0.00971,-0.298244,-0.105984,0.948552,0.883411,0.345504,0.316348,0.000105,0.001008,0.000981,-0.0,0.0,0.0,0.209768,0.027546,0.044939,-0.015967,0.377562,-0.925025,0.042124,0.365513,0.190678,0.911065,-0.850791,-0.328587,0.410102,6.6e-05,0.000647,0.000629,-3.7e-05,-0.000408,-0.000187,0.100626,0.04834,0.040632,-0.064052,0.88284,0.156254,-0.442918,0.055088,0.902078,0.428042,0.46643,-0.402292,0.787783,-3e-06,-1.1e-05,-9e-06,3e-06,-1e-06,-5e-06,-1.039527
860,0.10037,0.000451,0.308413,-0.821061,-0.049009,-0.568772,-0.257524,-0.857408,0.44554,-0.508487,0.512345,0.692077,-0.014266,0.002313,0.001627,-0.000984,0.014715,-0.029553,-1.91548,-0.202947,8.7e-05,0.314657,-0.36236,0.931986,-0.009393,-0.29813,-0.106232,0.948561,0.883484,0.345331,0.316332,6.9e-05,0.000666,0.000648,-0.0,0.0,0.0,0.208154,0.027562,0.044946,-0.015961,0.377509,-0.925031,0.042448,0.365394,0.190926,0.911061,-0.850865,-0.328424,0.410078,4.2e-05,0.00041,0.000399,-4.5e-05,-0.000338,-0.000146,0.099646,0.048303,0.040633,-0.064045,0.882801,0.15621,-0.443011,0.055174,0.902079,0.428028,0.466494,-0.402307,0.787738,-2e-06,-9e-06,-9e-06,4e-06,-1.8e-05,5e-06,-1.03969
861,0.100218,0.000472,0.308412,-0.821009,-0.049019,-0.568846,-0.257546,-0.857419,0.445506,-0.50856,0.512325,0.692038,-5.7e-05,-0.000199,-0.000213,0.0,0.0,0.0,-1.915289,-0.202921,0.000122,0.314704,-0.356627,0.934203,-0.008564,-0.298433,-0.105107,0.948591,0.885705,0.339657,0.316265,0.000102,0.000981,0.000955,-0.0,3.1e-05,1e-05,0.200494,0.027575,0.044963,-0.015938,0.371884,-0.92724,0.043896,0.365711,0.18981,0.911168,-0.853203,-0.322796,0.40969,5.8e-05,0.000602,0.000586,0.001084,-0.000653,0.000435,0.092625,0.048221,0.040645,-0.064045,0.882767,0.156225,-0.443075,0.05518,0.902088,0.428008,0.466559,-0.40228,0.787713,-3.4e-05,-0.000125,-0.000131,5e-06,1e-06,0.0,-1.039364
