frame,MLTx,MLTy,MLTz,MLTR1,MLTR2,MLTR3,MLTR4,MLTR5,MLTR6,MLTR7,MLTR8,MLTR9,MLTTVx,MLTTVy,MLTTVz,MLTRVx,MLTRVy,MLTRVz,MLGA,MRTx,MRTy,MRTz,MRTR1,MRTR2,MRTR3,MRTR4,MRTR5,MRTR6,MRTR7,MRTR8,MRTR9,MRTTVx,MRTTVy,MRTTVz,MRTRVx,MRTRVy,MRTRVz,MRGA,SLTx,SLTy,SLTz,SLTR1,SLTR2,SLTR3,SLTR4,SLTR5,SLTR6,SLTR7,SLTR8,SLTR9,SLTTVx,SLTTVy,SLTTVz,SLTRVx,SLTRVy,SLTRVz,SLGA,SRTx,SRTy,SRTz,SRTR1,SRTR2,SRTR3,SRTR4,SRTR5,SRTR6,SRTR7,SRTR8,SRTR9,SRTTVx,SRTTVy,SRTTVz,SRTRVx,SRTRVy,SRTRVz,SRGA
31,0.173387,-0.014856,0.372839,-0.5539,0.388713,-0.736303,-0.677378,-0.724574,0.126979,-0.483465,0.568602,0.665567,-0.000235,0.010203,-0.009334,0.035747,-0.010437,0.019612,0.519795,-0.209489,-0.051733,0.324696,-0.94552,-0.157231,0.285066,0.27085,-0.865429,0.421436,0.181629,0.475885,0.86047,-0.001571,0.029626,-0.029139,0.096075,-0.026899,0.05976,0.438647,0.023267,0.017552,-0.007487,0.949286,0.129951,0.2863,-0.246658,0.872479,0.421828,-0.194974,-0.471054,0.860286,-0.000763,0.014855,-0.014519,0.129249,-0.037933,0.053436,0.434228,0.085028,0.035034,-0.031547,0.584711,-0.356429,-0.728746,0.634155,0.761045,0.136589,0.505924,-0.542003,0.671023,-1e-06,-4e-06,-3e-06,-1.7e-05,7e-06,4e-05,0.519245
32,0.173387,-0.014856,0.372839,-0.5539,0.388713,-0.736303,-0.677378,-0.724574,0.126979,-0.483465,0.568602,0.665567,0.0,0.0,0.0,0.0,0.0,0.0,0.519785,-0.209331,-0.051144,0.324131,-0.945946,-0.154859,0.284948,0.26876,-0.865754,0.422105,0.182516,0.476068,0.860181,0.014106,0.030616,-0.02873,0.048878,-0.001332,0.111449,0.422968,0.023341,0.017833,-0.00776,0.949598,0.127717,0.286268,-0.244737,0.872703,0.422482,-0.19587,-0.471249,0.859975,-0.000653,0.01566,-0.01359,0.056151,0.013191,0.085899,0.412674,0.085028,0.035038,-0.03155,0.584697,-0.356436,-0.728753,0.63415,0.761054,0.13656,0.505946,-0.541985,0.671021,1e-06,-4e-06,-4e-06,-1.7e-05,8e-06,3.9e-05,0.519082
33,0.173386,-0.014848,0.37282,-0.55389,0.388716,-0.736309,-0.677358,-0.7246,0.126937,-0.483505,0.568567,0.665569,-0.0,-6e-06,-4e-06,0.0,0.0,0.0,0.519762,-0.208781,-0.04986,0.323099,-0.949421,-0.150916,0.275345,0.261001,-0.866486,0.425459,0.175566,0.475997,0.861665,0.014566,0.034325,-0.02444,0.067699,-0.028956,0.12918,0.406425,0.023615,0.018472,-0.00828,0.952991,0.123638,0.276622,-0.236911,0.873202,0.4259,-0.188889,-0.471414,0.861446,0.007272,0.016948,-0.01248,0.085551,-0.015899,0.101631,0.378873,0.085028,0.035041,-0.03156,0.584688,-0.35644,-0.728759,0.63413,0.761079,0.136517,0.505983,-0.541948,0.671023,1e-06,1e-06,1e-06,-1.1e-05,1e-05,3.6e-05,0.518919
34,0.173386,-0.01484,0.372813,-0.553876,0.388723,-0.736316,-0.677353,-0.72461,0.126908,-0.483527,0.56855,0.665567,-0.0,-0.0,-0.0,0.0,0.0,0.0,0.519851,-0.207993,-0.048653,0.322299,-0.953708,-0.148214,0.26166,0.252261,-0.867601,0.428448,0.164712,0.474809,0.864459,0.030592,0.024877,-0.015018,0.076119,-0.072411,0.122628,0.404703,0.023998,0.019072,-0.008676,0.957229,0.120865,0.262872,-0.228105,0.874182,0.428688,-0.177985,-0.470315,0.864363,0.015345,0.012673,-0.007253,0.054301,-0.122619,0.153176,0.3663,0.085028,0.035045,-0.031564,0.584674,-0.356448,-0.728766,0.634125,0.761088,0.136488,0.506004,-0.54193,0.671022,-1e-06,2e-06,2e-06,-2.2e-05,-3e-06,2.4e-05,0.519082
35,0.173386,-0.014833,0.372806,-0.553863,0.388729,-0.736323,-0.677348,-0.724619,0.126879,-0.48355,0.568534,0.665564,-0.0,-0.0,-0.0,0.0,0.0,0.0,0.519708,-0.20721,-0.047815,0.32188,-0.955477,-0.146253,0.256252,0.247783,-0.868899,0.428431,0.161198,0.473036,0.866092,0.015623,0.015216,-0.004321,0.040197,-0.040226,0.072385,0.408493,0.024401,0.019506,-0.008892,0.95895,0.118846,0.257467,-0.223559,0.875414,0.428567,-0.174457,-0.468534,0.866048,0.007804,0.007462,-0.002343,0.038715,-0.02647,0.045883,0.366136,0.085027,0.035049,-0.031567,0.584661,-0.356455,-0.728773,0.63412,0.761097,0.13646,0.506026,-0.541913,0.671019,-1e-06,1e-06,1e-06,-1.5e-05,2e-06,2.9e-05,0.519245
36,0.173386,-0.014825,0.372799,-0.553849,0.388735,-0.73633,-0.677343,-0.724629,0.126851,-0.483572,0.568517,0.665562,-0.0,-0.0,-0.0,0.0,0.0,0.0,0.519534,-0.20681,-0.047581,0.321845,-0.956522,-0.14551,0.252755,0.245572,-0.868989,0.42952,0.158343,0.473099,0.866584,0.015599,0.01518,-0.004374,0.038413,-0.026961,0.046865,0.411725,0.024607,0.01963,-0.00891,0.959995,0.11805,0.253913,-0.221294,0.875459,0.429649,-0.171571,-0.468651,0.866561,0.007818,0.007668,-0.002112,0.039037,-0.025667,0.045524,0.368259,0.085027,0.035053,-0.031571,0.584647,-0.356462,-0.72878,0.634115,0.761106,0.136431,0.506047,-0.541895,0.671017,-2e-06,1e-06,2e-06,-2.5e-05,-4e-06,1.6e-05,0.519245
37,0.173375,-0.014832,0.372794,-0.553887,0.388716,-0.736311,-0.677321,-0.724644,0.126882,-0.48356,0.568511,0.665577,-0.0,-1e-06,-1e-06,0.0,0.0,0.0,0.519907,-0.206038,-0.047438,0.322113,-0.956677,-0.1452,0.252343,0.245141,-0.868963,0.429818,0.158069,0.473241,0.866556,0.016634,-0.004918,0.014606,-0.032543,-0.016758,0.037123,0.424638,0.024981,0.0197,-0.008784,0.960116,0.117795,0.253575,-0.220946,0.875423,0.429904,-0.171345,-0.468784,0.866534,0.008287,-0.002704,0.007009,-0.034385,-0.003608,0.01132,0.37773,0.085022,0.035049,-0.031573,0.584684,-0.356441,-0.728761,0.634092,0.76112,0.136462,0.506034,-0.541889,0.671032,-2e-06,6e-06,6e-06,-2.1e-05,-6e-06,1.6e-05,0.519245
38,0.173365,-0.01484,0.372802,-0.553921,0.3887,-0.736294,-0.677314,-0.724643,0.126928,-0.483531,0.568523,0.665587,-0.0,-0.0,-0.0,0.0,0.0,0.0,0.519834,-0.205352,-0.047398,0.322502,-0.956546,-0.145418,0.252716,0.245609,-0.868595,0.430293,0.158138,0.473849,0.866212,0.016712,-0.004166,0.015439,-0.032546,-0.016798,0.037102,0.438519,0.02533,0.019722,-0.008588,0.960002,0.117998,0.253912,-0.221393,0.875072,0.430386,-0.171407,-0.469386,0.866195,0.008108,0.003142,0.003186,-0.008559,0.062838,-0.121618,0.395529,0.085017,0.035046,-0.031569,0.584717,-0.356424,-0.728743,0.634084,0.761118,0.136508,0.506006,-0.541903,0.671042,-0.006889,0.000114,0.000288,-0.001007,0.014702,-0.029539,0.519408
39,0.173365,-0.01484,0.372802,-0.553921,0.3887,-0.736294,-0.677314,-0.724643,0.126928,-0.483531,0.568523,0.665587,-0.0,-0.0,-0.0,0.0,0.0,0.0,0.519996,-0.205057,-0.047326,0.322665,-0.956569,-0.145366,0.252659,0.245561,-0.868534,0.430445,0.158073,0.473978,0.866153,0.016233,0.006467,0.006592,0.003831,-0.02844,0.054781,0.441159,0.025484,0.019756,-0.008501,0.960031,0.117932,0.253833,-0.221328,0.875,0.430566,-0.171326,-0.469538,0.86613,0.008115,0.003261,0.003317,0.003786,-0.028509,0.054632,0.40157,0.085017,0.035046,-0.031569,0.584717,-0.356424,-0.728743,0.634084,0.761118,0.136508,0.506006,-0.541903,0.671042,-4e-06,3e-06,5e-06,-1.6e-05,-7e-06,1.8e-05,0.519245
40,0.173344,-0.014839,0.372803,-0.55384,0.388743,-0.736333,-0.677363,-0.724609,0.126859,-0.483556,0.568537,0.665557,-0.0,-0.0,-0.0,0.0,0.0,0.0,0.51978,-0.204563,-0.047089,0.322942,-0.956529,-0.145439,0.252766,0.245685,-0.868488,0.430468,0.158119,0.47404,0.866111,0.000803,0.006581,0.007521,0.001786,-0.013233,0.025536,0.442002,0.025731,0.019874,-0.008363,0.959987,0.118023,0.253956,-0.221476,0.874953,0.430585,-0.171381,-0.469602,0.866084,0.008077,0.003044,0.003053,0.002022,-0.015253,0.02914,0.407286,0.085007,0.035046,-0.031569,0.584638,-0.35647,-0.728783,0.634136,0.761088,0.13644,0.506032,-0.541916,0.671012,-5e-06,2e-06,7e-06,-1.7e-05,-1.1e-05,1.5e-05,0.519245
41,0.173303,-0.014839,0.372804,-0.553921,0.388704,-0.736292,-0.677315,-0.724642,0.126926,-0.483529,0.568522,0.665589,-0.0,-0.0,-0.0,0.0,0.0,0.0,0.51982,-0.204138,-0.046786,0.323219,-0.956495,-0.145509,0.252854,0.245776,-0.868506,0.430379,0.158183,0.473985,0.866129,0.01628,0.00727,0.007444,0.003831,-0.02844,0.05478,0.441528,0.025938,0.020024,-0.008226,0.959948,0.118111,0.254063,-0.221592,0.87497,0.430492,-0.171452,-0.469548,0.866099,0.00814,0.00366,0.003743,0.003806,-0.028467,0.054714,0.407449,0.084986,0.035046,-0.031568,0.584717,-0.356427,-0.728742,0.634086,0.761118,0.136506,0.506004,-0.541902,0.671044,-5e-06,2e-06,8e-06,-1.7e-05,-1.1e-05,1.5e-05,0.519245
42,0.173272,-0.014838,0.372806,-0.553982,0.388674,-0.736262,-0.677279,-0.724666,0.126977,-0.483509,0.568511,0.665613,-0.0,-0.0,-0.0,0.0,0.0,0.0,0.519629,-0.203958,-0.046639,0.323377,-0.956456,-0.145584,0.252959,0.245892,-0.868484,0.430356,0.15824,0.474002,0.866109,0.016259,0.007198,0.007346,0.003831,-0.02844,0.05478,0.441596,0.026027,0.020098,-0.008147,0.959911,0.118188,0.254169,-0.221709,0.874952,0.430469,-0.171509,-0.469563,0.866079,0.00046,0.003868,0.004395,-2.6e-05,-1.8e-05,-5.9e-05,0.407612,0.084971,0.035047,-0.031567,0.584776,-0.356394,-0.72871,0.634048,0.76114,0.136556,0.505983,-0.541892,0.671068,-5e-06,2e-06,8e-06,-2e-05,-7e-06,1.4e-05,0.519245
43,0.1732,-0.01483,0.372814,-0.554107,0.388615,-0.736199,-0.677206,-0.724717,0.127079,-0.483468,0.568488,0.665663,0.0,4e-06,3e-06,0.0,0.0,0.0,0.519723,-0.203669,-0.046346,0.323711,-0.956293,-0.145894,0.253398,0.246378,-0.868383,0.430282,0.158473,0.474093,0.866017,0.000919,0.007738,0.008772,-0.010541,0.0781,-0.150693,0.442666,0.026178,0.020245,-0.00798,0.959803,0.118408,0.254472,-0.22205,0.874887,0.430425,-0.171669,-0.469629,0.866012,0.000455,0.003872,0.004385,0.00178,-0.013273,0.025509,0.408919,0.084935,0.035051,-0.031563,0.584896,-0.356328,-0.728646,0.633971,0.761186,0.136658,0.50594,-0.541872,0.671117,-3e-06,-3e-06,2e-06,-9e-06,3e-06,1.3e-05,0.519245
44,0.173127,-0.014829,0.372817,-0.554249,0.388546,-0.736128,-0.677123,-0.724774,0.127197,-0.483422,0.568462,0.665719,0.0,0.0,0.0,0.0,0.0,0.0,0.520156,-0.20338,-0.04605,0.324032,-0.957069,-0.14562,0.250611,0.244987,-0.868108,0.431629,0.155906,0.47468,0.866162,0.000912,0.007752,0.008759,0.001786,-0.013234,0.025536,0.438044,0.026322,0.020393,-0.007819,0.960534,0.118197,0.251798,-0.220797,0.874552,0.431749,-0.16918,-0.470306,0.866135,0.000451,0.003876,0.004373,0.001921,-0.012992,0.025341,0.407285,0.084898,0.035052,-0.031562,0.585033,-0.356252,-0.728573,0.633883,0.761238,0.136775,0.505892,-0.541849,0.671172,-1e-06,-3e-06,3e-06,-6e-06,9e-06,1.4e-05,0.519408
45,0.173085,-0.01482,0.3728,-0.554199,0.388572,-0.736152,-0.677127,-0.724783,0.127119,-0.483473,0.568432,0.665707,-1e-06,-2.4e-05,-1.8e-05,0.0,0.0,0.0,0.520162,-0.203001,-0.045755,0.324345,-0.955432,-0.156657,0.250201,0.254802,-0.865234,0.431717,0.150051,0.476426,0.866237,0.000852,0.007327,0.008252,0.001695,-0.013391,0.025221,0.437599,0.026506,0.020539,-0.007665,0.959196,0.12933,0.251427,-0.230755,0.871941,0.431821,-0.163382,-0.472219,0.866207,0.008067,0.003364,0.003351,0.002909,-0.029777,0.051353,0.404346,0.084877,0.035052,-0.031567,0.584998,-0.356274,-0.728591,0.633893,0.761238,0.136726,0.50592,-0.541834,0.671163,-0.0,-1.1e-05,-5e-06,-1.3e-05,-8e-06,1e-05,0.519245
46,0.173085,-0.014819,0.372787,-0.55408,0.388631,-0.73621,-0.677185,-0.72475,0.127003,-0.483529,0.568434,0.665665,-3e-06,-5.5e-05,-4.1e-05,0.0,0.0,0.0,0.519778,-0.202802,-0.045631,0.324474,-0.95448,-0.162324,0.250218,0.259941,-0.863706,0.431713,0.147237,0.477309,0.866233,0.016108,0.006601,0.006562,0.003831,-0.02844,0.054781,0.439149,0.026612,0.020606,-0.007594,0.958424,0.134996,0.251394,-0.235888,0.870565,0.431824,-0.160561,-0.473172,0.866214,0.008049,0.003267,0.003233,0.003946,-0.028123,0.055057,0.404836,0.084877,0.035056,-0.031577,0.584871,-0.356346,-0.728657,0.633949,0.761218,0.136582,0.505997,-0.541815,0.67112,-1e-06,-2.3e-05,-1.6e-05,8e-06,0.0,2.6e-05,0.519408
47,0.173114,-0.014795,0.372741,-0.553986,0.388674,-0.736259,-0.677175,-0.724788,0.126839,-0.48365,0.568357,0.665643,0.013535,0.009886,-0.009972,0.03673,-0.025179,0.049152,0.520226,-0.202404,-0.04547,0.324632,-0.953309,-0.168325,0.250721,0.265601,-0.862037,0.431605,0.144678,0.478257,0.866142,0.000331,0.002894,0.003249,-0.0,-0.0,-0.0,0.4423,0.026811,0.020691,-0.00751,0.957422,0.141028,0.251898,-0.241595,0.869055,0.431711,-0.15803,-0.474188,0.866124,0.00015,0.001317,0.00147,0.000102,0.000243,0.000344,0.408592,0.084887,0.035064,-0.031596,0.584812,-0.356376,-0.72869,0.633932,0.761253,0.136463,0.506086,-0.541745,0.671109,-1e-06,-4.1e-05,-3e-05,5e-06,1.5e-05,2e-05,0.519408
48,0.173113,-0.014786,0.372697,-0.553984,0.388672,-0.736261,-0.677124,-0.724847,0.126769,-0.483723,0.568282,0.665653,-1.1e-05,-0.000219,-0.000163,0.0,0.0,0.0,0.520025,-0.202011,-0.045442,0.324626,-0.95209,-0.174335,0.251245,0.271273,-0.860338,0.431468,0.142132,0.479173,0.866057,0.015299,-0.00031,-0.001224,0.002045,-0.015205,0.029245,0.442528,0.027002,0.020705,-0.007513,0.956367,0.147085,0.252443,-0.247336,0.86751,0.431566,-0.155521,-0.475174,0.866038,0.007635,-0.000299,-0.000781,0.002145,-0.014925,0.029591,0.411041,0.084891,0.035072,-0.031622,0.584777,-0.356392,-0.72871,0.633887,0.761312,0.136347,0.506183,-0.541653,0.671111,-3e-06,-9.6e-05,-7.1e-05,-1.1e-05,2e-06,5e-06,0.519408
49,0.173102,-0.014785,0.372673,-0.55389,0.388718,-0.736308,-0.677154,-0.724839,0.126656,-0.483789,0.568261,0.665624,-2e-05,-0.000412,-0.000306,0.0,0.0,0.0,0.520108,-0.20183,-0.045455,0.324585,-0.952059,-0.174391,0.251323,0.271356,-0.860331,0.431428,0.14218,0.479164,0.866055,-6.9e-05,-0.000609,-0.000684,-0.0,-0.0,-0.0,0.441859,0.027092,0.020697,-0.007535,0.956338,0.147134,0.252521,-0.247412,0.867509,0.431526,-0.155572,-0.475162,0.866035,0.00759,-0.000704,-0.001237,-0.010192,0.076298,-0.14666,0.410715,0.084885,0.035073,-0.031634,0.584687,-0.356444,-0.728757,0.633919,0.761305,0.136234,0.506248,-0.541627,0.671082,-1.3e-05,-0.000293,-0.000219,-4e-06,4e-06,9e-06,0.519245
50,0.17309,-0.014798,0.372651,-0.553828,0.38875,-0.736338,-0.677179,-0.724829,0.126586,-0.483827,0.568252,0.665603,-1.1e-05,-0.00022,-0.000163,0.0,0.0,0.0,0.520785,-0.201505,-0.045494,0.324459,-0.951136,-0.178203,0.252143,0.275551,-0.85793,0.433545,0.140258,0.482064,0.864758,0.01514,-0.001761,-0.002863,-0.002611,-0.011641,0.031425,0.443554,0.027254,0.020676,-0.0076,0.955515,0.150888,0.253423,-0.251675,0.865136,0.433819,-0.153788,-0.478301,0.864625,-0.000101,-0.000929,-0.001053,0.016152,-0.006274,0.001638,0.411531,0.08488,0.035066,-0.031645,0.584627,-0.356479,-0.728788,0.633944,0.761296,0.136164,0.506285,-0.541617,0.671062,-5e-06,-0.00011,-8.2e-05,-3e-06,2e-06,1e-05,0.519245
51,0.1731,-0.01482,0.372647,-0.553734,0.388797,-0.736383,-0.677247,-0.724775,0.126525,-0.483838,0.568288,0.665565,-3e-06,-6.6e-05,-4.9e-05,0.0,0.0,0.0,0.520095,-0.201312,-0.045443,0.32427,-0.951036,-0.181687,0.250023,0.278133,-0.855455,0.436775,0.135722,0.485159,0.86375,0.01459,0.008511,-0.012105,0.029512,-0.019781,0.051226,0.437189,0.027351,0.020697,-0.007692,0.955518,0.154347,0.251317,-0.254323,0.862696,0.437121,-0.149343,-0.481593,0.863576,-0.000109,-0.00101,-0.001141,0.015101,0.010174,-0.023021,0.408755,0.084885,0.035055,-0.031647,0.584537,-0.356532,-0.728835,0.634017,0.761247,0.136104,0.506298,-0.541652,0.671024,-1e-06,-1.5e-05,-1.2e-05,-1.1e-05,-1.6e-05,3e-06,0.519735
52,0.173099,-0.014819,0.372634,-0.553738,0.388795,-0.736382,-0.677232,-0.724792,0.126511,-0.483855,0.568268,0.665569,-1e-06,-1.1e-05,-8e-06,0.0,0.0,0.0,0.519826,-0.201287,-0.045215,0.323947,-0.949841,-0.189207,0.248988,0.285096,-0.850659,0.441626,0.129439,0.490699,0.861582,-0.000782,0.008194,-0.011575,-0.027487,-0.045,-0.124603,0.428887,0.027369,0.020812,-0.007852,0.954571,0.161672,0.250313,-0.261262,0.858063,0.44212,-0.143306,-0.487432,0.86132,-0.000332,0.004564,-0.005265,-0.074263,-0.230116,-0.404589,0.399774,0.084884,0.035056,-0.031653,0.58454,-0.356529,-0.728833,0.634001,0.761263,0.13609,0.506314,-0.541632,0.671029,0.0,1.1e-05,6e-06,-6e-06,-3e-06,2e-06,0.519408
53,0.173099,-0.014819,0.372634,-0.553738,0.388795,-0.736382,-0.677232,-0.724792,0.126511,-0.483855,0.568268,0.665569,-0.0,-0.0,-0.0,0.0,0.0,0.0,0.519921,-0.201311,-0.045016,0.323735,-0.949751,-0.191068,0.247906,0.286946,-0.847397,0.446669,0.125924,0.495602,0.859293,-0.000604,0.009802,-0.009765,-0.093212,0.08729,0.078384,0.425408,0.027356,0.020907,-0.007963,0.954486,0.163956,0.249146,-0.263514,0.854851,0.446976,-0.139699,-0.492287,0.859148,-0.000295,0.004865,-0.004924,-0.10534,0.104727,0.088742,0.394712,0.084884,0.035056,-0.031653,0.58454,-0.356529,-0.728833,0.634001,0.761263,0.13609,0.506314,-0.541632,0.671029,-2e-06,1.1e-05,9e-06,-1.6e-05,-1.5e-05,-1e-05,0.519572
54,0.173099,-0.014834,0.372636,-0.553648,0.388841,-0.736425,-0.677298,-0.72474,0.126452,-0.483865,0.568303,0.665533,-4.9e-05,-0.00102,-0.000758,0.0,0.0,0.0,0.519842,-0.201377,-0.044444,0.323211,-0.950681,-0.194043,0.241958,0.288052,-0.841095,0.457734,0.115884,0.5051,0.855166,-0.000519,0.010562,-0.00891,-0.082709,0.07878,0.073492,0.421798,0.027324,0.021193,-0.008225,0.955521,0.166709,0.243282,-0.264716,0.848464,0.458295,-0.130014,-0.502312,0.854856,-0.000499,0.010629,-0.008834,-0.011553,-0.022077,0.273259,0.387038,0.084884,0.035051,-0.03165,0.584453,-0.356581,-0.728878,0.634072,0.761214,0.136032,0.506326,-0.541665,0.670992,-3.9e-05,-0.000684,-0.000506,-2.3e-05,-2e-05,-2.4e-05,0.519408
55,0.173099,-0.014826,0.372629,-0.553512,0.388909,-0.736491,-0.677366,-0.7247,0.126321,-0.483926,0.568308,0.665484,-0.0,-0.0,-0.0,0.0,0.0,0.0,0.520148,-0.201423,-0.04369,0.322595,-0.950728,-0.200695,0.23628,0.292534,-0.83248,0.470462,0.103474,0.516654,0.849838,-0.001018,0.021298,-0.01762,-0.098104,0.105492,0.115329,0.4178,0.027301,0.021568,-0.008529,0.955758,0.173425,0.237588,-0.269489,0.839991,0.470946,-0.117898,-0.514138,0.849565,-0.000492,0.010669,-0.008788,-0.101186,0.121767,0.127785,0.381649,0.084884,0.035052,-0.031656,0.584322,-0.356656,-0.728946,0.634143,0.761178,0.135902,0.506388,-0.541667,0.670944,-4e-06,7e-06,8e-06,3e-06,-1.3e-05,4e-06,0.519408
56,0.1731,-0.014827,0.372641,-0.553508,0.388912,-0.736493,-0.677382,-0.724683,0.126335,-0.483909,0.568327,0.66548,1e-05,0.000201,0.000149,0.0,0.0,0.0,0.519719,-0.201432,-0.04326,0.322236,-0.949925,-0.205946,0.234989,0.297204,-0.827032,0.477098,0.097282,0.523306,0.846493,-0.001022,0.021261,-0.01766,-0.16916,0.074446,0.329516,0.415408,0.027296,0.021783,-0.008708,0.955042,0.179001,0.23633,-0.274566,0.834738,0.47731,-0.111835,-0.52074,0.846357,-0.000496,0.010635,-0.008828,-0.23801,0.21126,0.176979,0.378546,0.084884,0.035052,-0.03165,0.584318,-0.356659,-0.728948,0.63416,0.761162,0.135916,0.506372,-0.541688,0.67094,3e-06,0.000156,0.000118,-7e-06,-1.4e-05,-7e-06,0.519408
57,0.17309,-0.01482,0.372647,-0.55351,0.388911,-0.736491,-0.67738,-0.724684,0.126337,-0.483908,0.568326,0.665481,6e-06,0.000123,9.2e-05,0.0,0.0,0.0,0.519723,-0.201408,-0.042303,0.321437,-0.948127,-0.216687,0.232581,0.306562,-0.816035,0.48994,0.084823,0.536097,0.839802,-0.001526,0.031974,-0.026391,-0.497426,0.086346,-0.135463,0.410543,0.027308,0.022257,-0.009104,0.953639,0.190123,0.233289,-0.28404,0.824784,0.488928,-0.099457,-0.532525,0.840549,-0.000492,0.010656,-0.008796,-0.82393,-0.444276,-1.105771,0.371851,0.084879,0.035056,-0.031646,0.584321,-0.356658,-0.728946,0.634158,0.761163,0.135918,0.506371,-0.541687,0.670941,2e-06,8.6e-05,6.5e-05,-4e-06,-1.1e-05,-5e-06,0.519572
58,0.173089,-0.014819,0.372635,-0.553514,0.388909,-0.73649,-0.677365,-0.724701,0.126323,-0.483925,0.568307,0.665486,-1e-06,-2.9e-05,-2.1e-05,0.0,0.0,0.0,0.52007,-0.20134,-0.041291,0.320605,-0.949805,-0.212577,0.229509,0.302355,-0.811275,0.500348,0.081028,0.544892,0.8345,-0.001517,0.032085,-0.026258,-0.136502,0.146272,0.167772,0.407047,0.027342,0.022776,-0.00953,0.95522,0.185249,0.230731,-0.279805,0.819141,0.500715,-0.096244,-0.542853,0.834294,-0.000742,0.016036,-0.013138,-0.121293,0.146582,0.165128,0.366463,0.084879,0.035056,-0.031653,0.584324,-0.356655,-0.728945,0.634142,0.761179,0.135904,0.506387,-0.541667,0.670945,-1e-06,-1.4e-05,-1.1e-05,-3e-06,-3e-06,-2e-06,0.519408
59,0.173089,-0.014827,0.372642,-0.553406,0.388964,-0.736542,-0.677442,-0.724641,0.126249,-0.483941,0.568344,0.665442,2e-06,3.2e-05,2.4e-05,0.0,0.0,0.0,0.520029,-0.201188,-0.040292,0.319815,-0.948293,-0.21977,0.228979,0.309021,-0.802946,0.509624,0.073051,0.554308,0.829017,-0.000964,0.021856,-0.016976,-0.703009,-0.279941,0.742368,0.401935,0.027418,0.023267,-0.009918,0.953593,0.193865,0.230382,-0.287766,0.81195,0.507864,-0.088602,-0.550592,0.830058,0.007153,0.010831,-0.009045,-0.798088,-2.135751,1.639276,0.361727,0.084879,0.035052,-0.031649,0.58422,-0.356717,-0.728998,0.634223,0.761124,0.135831,0.506405,-0.541703,0.670902,1e-06,2e-05,1.6e-05,2e-06,5e-06,0.0,0.519408
60,0.173089,-0.014812,0.37264,-0.553375,0.388979,-0.736558,-0.677448,-0.724644,0.126206,-0.483969,0.568331,0.665433,3.6e-05,0.000737,0.000548,0.0,0.0,0.0,0.520104,-0.201083,-0.039822,0.319432,-0.94751,-0.223238,0.228869,0.311976,-0.80118,0.510603,0.070572,0.555482,0.828446,0.014218,0.02132,-0.018468,0.03978,-0.013935,0.079724,0.396707,0.027465,0.023494,-0.010102,0.95327,0.195508,0.230327,-0.289499,0.80915,0.511336,-0.086399,-0.554122,0.827939,-0.000477,0.010818,-0.008615,0.09355,-0.025434,0.040872,0.357155,0.084879,0.035058,-0.031651,0.58419,-0.356733,-0.729014,0.634229,0.761126,0.135788,0.506432,-0.541688,0.670893,2.3e-05,0.000494,0.000366,-2e-06,-5e-06,-6e-06,0.519408
61,0.17309,-0.01482,0.372647,-0.553388,0.388973,-0.73655,-0.677453,-0.724634,0.126235,-0.483946,0.568348,0.665435,0.0,0.0,0.0,0.0,0.0,0.0,0.520848,-0.200823,-0.039038,0.318769,-0.945423,-0.232563,0.228212,0.320047,-0.79313,0.51812,0.061695,0.563172,0.82395,-0.001013,0.021502,-0.017366,-0.180479,0.159323,0.152939,0.384297,0.027595,0.02389,-0.010437,0.95136,0.205947,0.229127,-0.298267,0.801932,0.51763,-0.07714,-0.560794,0.824353,-0.00049,0.010741,-0.008702,-0.392238,0.273065,0.194598,0.342949,0.084879,0.035056,-0.031646,0.584203,-0.356726,-0.729007,0.634234,0.761117,0.135816,0.506411,-0.541706,0.670895,1e-06,-6e-06,-6e-06,8e-06,7e-06,5e-06,0.519572
62,0.173069,-0.014826,0.372643,-0.553325,0.389006,-0.736581,-0.677491,-0.724608,0.12618,-0.483966,0.568358,0.665412,-0.0,-1e-06,-1e-06,0.0,0.0,0.0,0.520054,-0.200418,-0.03841,0.318234,-0.944533,-0.236126,0.228239,0.323086,-0.791562,0.518632,0.059391,0.563902,0.823621,0.014691,0.010609,-0.009744,0.011508,0.079299,-0.120209,0.379177,0.027797,0.024212,-0.010711,0.950724,0.208552,0.229411,-0.30075,0.80012,0.518995,-0.07532,-0.562417,0.823415,0.007361,0.005312,-0.004871,0.054218,-0.029306,0.051611,0.330212,0.084869,0.035052,-0.031649,0.584142,-0.356763,-0.729038,0.634274,0.761093,0.135763,0.506431,-0.541715,0.670872,0.0,4e-06,1e-06,-7e-06,-1.2e-05,-1e-06,0.519735
63,0.173069,-0.014826,0.372643,-0.553325,0.389006,-0.736581,-0.677491,-0.724608,0.12618,-0.483966,0.568358,0.665412,-0.0,-0.0,-0.0,0.0,0.0,0.0,0.519746,-0.200156,-0.038172,0.318017,-0.945255,-0.236035,0.225327,0.321374,-0.791951,0.519101,0.057112,0.563392,0.82413,0.014674,0.010523,-0.009844,0.026158,0.068812,-0.127002,0.375478,0.027923,0.024327,-0.010816,0.95144,0.208541,0.226432,-0.299055,0.800578,0.519269,-0.072988,-0.561769,0.824067,0.007348,0.005256,-0.004938,0.045027,-0.029095,0.043091,0.326457,0.084869,0.035052,-0.031649,0.584142,-0.356763,-0.729038,0.634274,0.761093,0.135763,0.506431,-0.541716,0.670872,-0.0,3e-06,1e-06,-4e-06,-8e-06,0.0,0.519572
64,0.173069,-0.014819,0.372648,-0.553307,0.389015,-0.736589,-0.677501,-0.724601,0.126166,-0.483971,0.568361,0.665405,0.0,1e-06,0.0,0.0,0.0,0.0,0.519718,-0.199594,-0.03794,0.317823,-0.945243,-0.236056,0.225355,0.321368,-0.792342,0.518508,0.057351,0.562833,0.824496,0.030478,0.000616,-0.001143,0.004089,-0.030411,0.058491,0.373726,0.028204,0.024449,-0.010922,0.951371,0.208718,0.22656,-0.299213,0.800981,0.518555,-0.073238,-0.561128,0.824481,0.007671,0.000597,0.000203,-0.010311,0.079572,-0.146202,0.319762,0.084869,0.035056,-0.031646,0.584125,-0.356773,-0.729047,0.634286,0.761086,0.135748,0.506437,-0.541718,0.670866,0.0,-4e-06,-2e-06,2e-06,1.3e-05,-4e-06,0.519572
65,0.173069,-0.014826,0.372643,-0.553325,0.389006,-0.736581,-0.677491,-0.724608,0.12618,-0.483966,0.568358,0.665412,-5.8e-05,-0.0012,-0.000892,0.0,0.0,0.0,0.520043,-0.198935,-0.037908,0.317896,-0.945245,-0.236024,0.225379,0.321362,-0.792272,0.518618,0.057345,0.562945,0.824419,0.015425,0.002167,0.001506,0.002045,-0.015205,0.029245,0.378559,0.028533,0.024463,-0.010887,0.951353,0.208752,0.226602,-0.299276,0.800889,0.518662,-0.073211,-0.561247,0.824403,0.007959,-0.004485,0.004866,-0.034609,-0.004159,0.010559,0.321885,0.084869,0.035056,-0.031646,0.584125,-0.356773,-0.729047,0.634286,0.761087,0.135748,0.506437,-0.541718,0.670866,2e-06,-2e-06,-2e-06,5e-06,1.1e-05,4e-06,0.519408
66,0.173069,-0.014819,0.372648,-0.553185,0.389077,-0.736648,-0.677574,-0.724551,0.126063,-0.484009,0.568383,0.665359,1e-06,2.4e-05,1.8e-05,0.0,0.0,0.0,0.520081,-0.198285,-0.037888,0.318003,-0.944963,-0.236378,0.226191,0.322126,-0.791936,0.518658,0.057719,0.563271,0.824171,0.015335,0.001366,0.000594,0.002045,-0.015205,0.029245,0.378827,0.028865,0.024478,-0.010829,0.951085,0.209134,0.227375,-0.300044,0.800572,0.518708,-0.073551,-0.561558,0.824161,0.00768,0.000819,0.000438,-0.01024,0.080071,-0.145355,0.324497,0.084869,0.035056,-0.031646,0.584007,-0.356842,-0.729108,0.634362,0.761041,0.135647,0.506477,-0.541737,0.67082,2e-06,1.4e-05,1e-05,-2e-06,-1e-06,-3e-06,0.519245
67,0.173079,-0.01482,0.372648,-0.553164,0.389087,-0.736658,-0.677586,-0.724542,0.126046,-0.484016,0.568386,0.665351,0.0,0.0,0.0,0.0,0.0,0.0,0.519931,-0.197997,-0.037863,0.318013,-0.94482,-0.236561,0.226595,0.322506,-0.791825,0.518591,0.057934,0.563349,0.824103,0.015262,0.000669,-0.000194,-0.010045,0.080537,-0.144645,0.379177,0.029014,0.024492,-0.010822,0.950951,0.209324,0.227757,-0.300418,0.800473,0.518643,-0.073749,-0.561627,0.824096,0.007625,0.000271,-0.000178,-0.010226,0.080166,-0.145238,0.324987,0.084874,0.035056,-0.031646,0.583987,-0.356853,-0.729118,0.634375,0.761033,0.13563,0.506484,-0.541741,0.670812,1e-06,-3e-06,-3e-06,0.0,5e-06,-4e-06,0.519408
68,0.173068,-0.014819,0.372636,-0.553189,0.389074,-0.736647,-0.677558,-0.724567,0.126049,-0.484026,0.568363,0.665364,-4e-06,-8.9e-05,-6.6e-05,0.0,0.0,0.0,0.519987,-0.197424,-0.037856,0.318015,-0.944584,-0.236859,0.227268,0.323137,-0.791613,0.518522,0.05828,0.563522,0.82396,0.015212,0.00019,-0.000743,0.002045,-0.015205,0.029245,0.379477,0.029289,0.024494,-0.010822,0.950703,0.209672,0.228472,-0.301114,0.800261,0.518566,-0.074108,-0.561799,0.823947,0.007611,0.000131,-0.000342,-0.010175,0.080279,-0.145058,0.32613,0.084869,0.035056,-0.031652,0.584011,-0.356839,-0.729106,0.634346,0.761057,0.135633,0.506493,-0.541717,0.670825,-1e-06,-6.2e-05,-4.6e-05,3e-06,3e-06,2e-06,0.519408
69,0.173079,-0.014827,0.372642,-0.553182,0.389078,-0.73665,-0.677575,-0.72455,0.126061,-0.48401,0.568383,0.665358,-0.0,-0.0,-0.0,0.0,0.0,0.0,0.520047,-0.196981,-0.037873,0.317968,-0.94441,-0.237079,0.227763,0.323598,-0.791479,0.518439,0.058547,0.563618,0.823875,-0.00012,-0.001242,-0.001394,-0.001753,0.013872,-0.025197,0.373745,0.029516,0.024488,-0.010843,0.95059,0.209827,0.2288,-0.301428,0.800178,0.518512,-0.074284,-0.56186,0.823889,0.007583,-0.000155,-0.000666,0.001952,-0.015367,0.028966,0.323517,0.084874,0.035052,-0.031649,0.584005,-0.356843,-0.729109,0.634364,0.76104,0.135645,0.506478,-0.541738,0.670819,-0.0,4e-06,4e-06,-6e-06,-0.0,-8e-06,0.519572
70,0.173079,-0.014819,0.372635,-0.553168,0.389084,-0.736657,-0.67757,-0.724559,0.126033,-0.484033,0.568367,0.665356,-0.0,-0.0,-0.0,0.0,0.0,0.0,0.519793,-0.196788,-0.037881,0.317946,-0.944256,-0.237279,0.228189,0.324005,-0.791361,0.518365,0.058771,0.563701,0.823803,0.015107,-0.000894,-0.001971,0.002045,-0.015205,0.029245,0.367142,0.029613,0.024482,-0.010856,0.95039,0.21011,0.229372,-0.301985,0.800032,0.518413,-0.074581,-0.561962,0.823793,-4.7e-05,-0.000498,-0.000567,-0.012156,0.095582,-0.174121,0.318782,0.084874,0.035056,-0.031652,0.583991,-0.35685,-0.729117,0.634359,0.761049,0.135616,0.5065,-0.54172,0.670817,-2e-06,2e-06,2e-06,-1e-06,-8e-06,0.0,0.519408
71,0.173079,-0.014827,0.372642,-0.553182,0.389078,-0.73665,-0.677575,-0.72455,0.126061,-0.48401,0.568383,0.665358,-5.8e-05,-0.001196,-0.000889,0.0,0.0,0.0,0.520033,-0.196428,-0.037917,0.317866,-0.943859,-0.237803,0.229287,0.325058,-0.791068,0.518153,0.059351,0.563892,0.82363,0.015012,-0.001917,-0.003128,0.002045,-0.015205,0.029245,0.332288,0.029793,0.024465,-0.010895,0.950004,0.210652,0.230469,-0.303054,0.799766,0.5182,-0.075162,-0.562137,0.823621,-9.9e-05,-0.001068,-0.001205,-0.001827,0.01379,-0.02535,0.294288,0.084874,0.035056,-0.031647,0.584004,-0.356843,-0.729109,0.634364,0.76104,0.135645,0.506478,-0.541738,0.670819,-3.5e-05,-0.000709,-0.000526,-0.000881,0.01223,-0.026082,0.519735
72,0.173069,-0.014826,0.372643,-0.553203,0.389068,-0.73664,-0.677563,-0.724558,0.126078,-0.484004,0.568379,0.665366,-0.0,-0.0,-0.0,0.0,0.0,0.0,0.519843,-0.196211,-0.038036,0.317718,-0.942444,-0.238811,0.234009,0.328507,-0.7906,0.516689,0.062802,0.564123,0.823216,-0.000326,-0.003453,-0.003885,0.073758,0.191194,-0.140991,0.254738,0.029901,0.024408,-0.010967,0.948826,0.211677,0.23435,-0.306042,0.799359,0.517071,-0.077878,-0.562332,0.823235,-0.000169,-0.00182,-0.002053,0.807681,2.220237,-1.740171,0.221461,0.084869,0.035052,-0.031649,0.584024,-0.356832,-0.729099,0.634351,0.761048,0.135661,0.506471,-0.541735,0.670827,-0.0,4e-06,2e-06,-8e-06,-0.0,-9e-06,0.519408
73,0.173069,-0.014819,0.372648,-0.553062,0.389139,-0.736707,-0.677646,-0.724501,0.125961,-0.484048,0.568404,0.665313,3e-06,6.4e-05,4.8e-05,0.0,0.0,0.0,0.520268,-0.19614,-0.03811,0.317613,-0.942124,-0.239232,0.234865,0.329338,-0.79037,0.516512,0.06325,0.564268,0.823082,-0.000385,-0.004092,-0.004608,0.0,0.0,-0.0,0.201878,0.029943,0.024369,-0.011021,0.948307,0.212125,0.236039,-0.307344,0.799194,0.516554,-0.079067,-0.562397,0.823077,0.007363,-0.002553,-0.003369,-0.000223,-0.002553,0.004835,0.163656,0.084869,0.035056,-0.031646,0.583889,-0.35691,-0.729169,0.634439,0.760995,0.135545,0.506517,-0.541757,0.670775,2e-06,3.6e-05,2.7e-05,4e-06,-4e-06,1e-06,0.519408
74,0.173069,-0.014819,0.372648,-0.553062,0.389139,-0.736707,-0.677646,-0.724501,0.125961,-0.484048,0.568404,0.665313,0.0,0.0,0.0,0.0,0.0,0.0,0.519768,-0.196153,-0.038279,0.317298,-0.938415,-0.239635,0.248885,0.337258,-0.790857,0.510623,0.07565,0.563415,0.82262,-0.000584,-0.00619,-0.006988,0.004897,0.03108,-0.037885,0.125907,0.029936,0.024284,-0.01118,0.944564,0.212634,0.25017,-0.315307,0.799911,0.510611,-0.09154,-0.561185,0.822612,-0.000294,-0.003154,-0.003562,0.00088,0.021163,-0.030607,0.038575,0.084869,0.035056,-0.031646,0.583889,-0.35691,-0.729169,0.634439,0.760995,0.135545,0.506517,-0.541757,0.670775,0.0,-3e-06,-3e-06,5e-06,5e-06,0.0,0.519572
75,0.173069,-0.014819,0.372648,-0.553062,0.389139,-0.736707,-0.677646,-0.724501,0.125961,-0.484048,0.568404,0.665313,0.0,0.0,0.0,0.0,0.0,0.0,0.51993,-0.196232,-0.038425,0.317027,-0.93519,-0.239197,0.261143,0.343419,-0.791817,0.504997,0.087159,0.562249,0.822278,-0.000402,-0.004248,-0.004807,0.000597,0.001549,-0.001141,0.039525,0.029896,0.024208,-0.011319,0.941313,0.212287,0.262418,-0.321432,0.801045,0.504983,-0.103007,-0.559697,0.822269,-0.000228,-0.002451,-0.002773,-0.003835,0.008833,-0.021492,-0.063808,0.084869,0.035056,-0.031646,0.583889,-0.35691,-0.729169,0.634439,0.760995,0.135545,0.506517,-0.541757,0.670775,2e-06,-2e-06,-2e-06,-2e-06,1e-06,-5e-06,0.519572
76,0.173069,-0.014819,0.372648,-0.553062,0.389139,-0.736707,-0.677646,-0.724501,0.125961,-0.484048,0.568404,0.665313,0.0,0.0,0.0,0.0,0.0,0.0,0.519893,-0.196319,-0.038581,0.316808,-0.932934,-0.239233,0.269061,0.347652,-0.792204,0.501484,0.094351,0.56169,0.821868,-0.000479,-0.005035,-0.005708,-0.001749,0.013898,-0.025199,-0.069942,0.029853,0.024133,-0.011425,0.93907,0.212376,0.270264,-0.325605,0.801552,0.501493,-0.110126,-0.558936,0.821864,-0.000218,-0.002319,-0.002627,-0.00236,-0.005961,0.004373,-0.182193,0.084869,0.035056,-0.031646,0.583889,-0.35691,-0.729169,0.634439,0.760995,0.135545,0.506517,-0.541757,0.670775,2e-06,-2e-06,-2e-06,1e-06,7e-06,-4e-06,0.519735
77,0.173069,-0.014819,0.372648,-0.553062,0.389139,-0.736707,-0.677646,-0.724501,0.125961,-0.484048,0.568404,0.665313,0.0,0.0,0.0,0.0,0.0,0.0,0.519917,-0.1964,-0.038678,0.316656,-0.931939,-0.239523,0.272231,0.349583,-0.792203,0.500139,0.097039,0.561566,0.821639,-0.015872,-0.006675,-0.0066,-0.003797,0.029096,-0.054437,-0.148354,0.029766,0.024028,-0.011587,0.936936,0.213197,0.276942,-0.329806,0.801565,0.498718,-0.115661,-0.558605,0.821329,-0.000429,-0.004523,-0.00514,-0.005306,0.023375,-0.04713,-0.325726,0.084869,0.035056,-0.031646,0.583889,-0.35691,-0.729169,0.634439,0.760995,0.135545,0.506517,-0.541757,0.670775,2e-06,-2e-06,-2e-06,1e-06,7e-06,-4e-06,0.519572
