frame,MLTx,MLTy,MLTz,MLTR1,MLTR2,MLTR3,MLTR4,MLTR5,MLTR6,MLTR7,MLTR8,MLTR9,MLTTVx,MLTTVy,MLTTVz,MLTRVx,MLTRVy,MLTRVz,MLGA,MRTx,MRTy,MRTz,MRTR1,MRTR2,MRTR3,MRTR4,MRTR5,MRTR6,MRTR7,MRTR8,MRTR9,MRTTVx,MRTTVy,MRTTVz,MRTRVx,MRTRVy,MRTRVz,MRGA,SLTx,SLTy,SLTz,SLTR1,SLTR2,SLTR3,SLTR4,SLTR5,SLTR6,SLTR7,SLTR8,SLTR9,SLTTVx,SLTTVy,SLTTVz,SLTRVx,SLTRVy,SLTRVz,SLGA,SRTx,SRTy,SRTz,SRTR1,SRTR2,SRTR3,SRTR4,SRTR5,SRTR6,SRTR7,SRTR8,SRTR9,SRTTVx,SRTTVy,SRTTVz,SRTRVx,SRTRVy,SRTRVz,SRGA
314,0.165577,-0.04063,0.306708,-0.377122,0.393151,-0.838604,-0.743302,-0.668613,0.020745,-0.552083,0.630668,0.545425,2.3e-05,0.000282,0.000342,0.0,0.0,0.0,-1.916368,-0.129139,-0.020781,0.304619,-0.412819,-0.571217,0.709425,0.894005,-0.402804,0.196058,0.174268,0.715873,0.676032,-0.018936,0.027003,-0.071136,-0.100777,0.439647,0.238116,-1.407434,0.061156,0.032619,-0.015615,0.410011,0.66151,0.627928,-0.903848,0.386973,0.182507,-0.122261,-0.642382,0.756568,-0.009446,0.013651,-0.035379,-0.207261,0.656811,0.170654,-0.935616,0.081993,0.022353,-0.06418,0.386625,-0.397023,-0.832402,0.739169,0.673151,0.022255,0.551497,-0.62389,0.553725,1.5e-05,0.000176,0.000214,4e-06,4e-06,-3e-06,-1.098965
315,0.1656,-0.040631,0.306707,-0.377077,0.393167,-0.838617,-0.743318,-0.668596,0.020707,-0.552093,0.630676,0.545406,0.0,4e-06,5e-06,0.0,0.0,0.0,-1.916462,-0.129479,-0.020298,0.303225,-0.417603,-0.561004,0.714754,0.891874,-0.40318,0.204795,0.173791,0.723688,0.667784,-0.018775,0.025514,-0.073009,-0.291392,0.806535,0.246628,-1.407568,0.060986,0.032861,-0.016312,0.41499,0.653194,0.63334,-0.901623,0.388509,0.190093,-0.121891,-0.649921,0.750162,-0.008626,0.007168,-0.032478,-0.368792,0.795479,0.487701,-0.9348,0.082005,0.022353,-0.06418,0.38658,-0.397039,-0.832415,0.739186,0.673135,0.022217,0.551507,-0.623898,0.553706,0.007753,-0.000183,-0.000345,0.000984,-0.014718,0.029542,-1.099454
316,0.165657,-0.040643,0.306691,-0.377004,0.393194,-0.838637,-0.743345,-0.668569,0.020645,-0.552108,0.630688,0.545378,-2.6e-05,-0.000316,-0.000384,0.0,0.0,0.0,-1.916606,-0.130221,-0.019477,0.300347,-0.422521,-0.548248,0.721728,0.891637,-0.394039,0.222825,0.162739,0.738346,0.654389,-0.018342,0.02142,-0.078175,-1.294492,-1.157528,2.155209,-1.40767,0.060615,0.033275,-0.017746,0.418715,0.640769,0.643499,-0.901123,0.380948,0.207015,-0.112491,-0.666552,0.736921,-0.008439,0.005369,-0.034764,0.015053,0.256568,0.099925,-0.9477,0.082034,0.022348,-0.064187,0.386507,-0.397067,-0.832435,0.739212,0.673107,0.022155,0.551521,-0.62391,0.553678,-1.6e-05,-0.000199,-0.000245,5e-06,2e-06,-8e-06,-1.099291
317,0.165692,-0.040644,0.306689,-0.376936,0.393218,-0.838656,-0.743368,-0.668544,0.020588,-0.552122,0.630699,0.54535,-0.0,-0.0,-0.0,0.0,0.0,0.0,-1.916585,-0.131112,-0.018859,0.29719,-0.42694,-0.540991,0.724597,0.892452,-0.380899,0.241618,0.145805,0.750492,0.644488,-0.017876,0.016698,-0.084333,-0.114938,0.388255,0.420489,-1.40743,0.060169,0.033586,-0.019322,0.425867,0.633792,0.645711,-0.89995,0.370398,0.229984,-0.093408,-0.679052,0.728122,-0.015614,0.001554,-0.038443,-0.281535,0.675402,0.292876,-0.952109,0.082051,0.022347,-0.064189,0.38644,-0.397092,-0.832455,0.739237,0.673082,0.022098,0.551536,-0.623921,0.55365,-3e-06,6e-06,9e-06,6e-06,-3e-06,-1.2e-05,-1.099618
318,0.165716,-0.040645,0.306688,-0.376891,0.393233,-0.838669,-0.743385,-0.668528,0.02055,-0.552132,0.630707,0.545332,-0.0,-0.0,-0.0,0.0,0.0,0.0,-1.916376,-0.13163,-0.018623,0.29551,-0.42929,-0.535402,0.727355,0.892046,-0.376962,0.24917,0.141302,0.756462,0.638484,-0.032552,0.011943,-0.088132,-0.162087,0.484569,0.412478,-1.407607,0.059915,0.033707,-0.020159,0.428289,0.629101,0.64869,-0.899245,0.367441,0.23737,-0.089026,-0.684995,0.723087,-0.016233,0.006034,-0.043958,-0.157722,0.588691,0.285415,-0.956028,0.082063,0.022347,-0.064189,0.386395,-0.397108,-0.832468,0.739254,0.673065,0.02206,0.551545,-0.623929,0.553632,-4e-06,4e-06,6e-06,6e-06,7e-06,-1.6e-05,-1.099618
319,0.165751,-0.040648,0.306699,-0.376819,0.393259,-0.838689,-0.743424,-0.668485,0.020503,-0.552127,0.630736,0.545302,0.0,2e-06,2e-06,0.0,0.0,0.0,-1.916314,-0.132768,-0.01839,0.292067,-0.430896,-0.525593,0.733534,0.892375,-0.368611,0.260242,0.134132,0.767373,0.626906,-0.045939,-0.004532,-0.085223,-0.079719,0.413595,0.060468,-1.407656,0.059351,0.033828,-0.021884,0.431181,0.619142,0.656312,-0.898567,0.360456,0.250295,-0.081603,-0.697663,0.711763,-0.016093,0.004002,-0.046881,-0.074711,0.352461,0.320137,-0.956028,0.082081,0.022345,-0.064183,0.386323,-0.397134,-0.832488,0.739294,0.673022,0.022014,0.551541,-0.623959,0.553603,-3e-06,-2e-06,-2e-06,6e-06,-1e-06,-1.6e-05,-1.099781
320,0.165797,-0.040649,0.306697,-0.376729,0.393291,-0.838715,-0.743456,-0.668451,0.020427,-0.552146,0.630752,0.545265,0.0,0.0,0.0,0.0,0.0,0.0,-1.916159,-0.134169,-0.018526,0.288418,-0.4368,-0.515189,0.737413,0.891095,-0.359536,0.2768,0.123055,0.778645,0.615169,-0.04583,-0.00855,-0.091443,-0.419947,-0.090839,0.866887,-1.407399,0.058662,0.033763,-0.023672,0.435082,0.609835,0.662422,-0.897492,0.352714,0.264764,-0.072183,-0.709713,0.700782,-0.022811,-0.004705,-0.046199,-0.223175,0.586792,0.399352,-0.956191,0.082104,0.022344,-0.064184,0.386233,-0.397166,-0.832515,0.739327,0.672988,0.021939,0.55156,-0.623974,0.553566,0.007753,-0.00019,-0.000356,0.00099,-0.01472,0.029543,-1.099618
321,0.165833,-0.040653,0.306709,-0.376657,0.393317,-0.838736,-0.743496,-0.668408,0.02038,-0.552141,0.630781,0.545236,8e-06,9.8e-05,0.000119,0.0,0.0,0.0,-1.91659,-0.135823,-0.018949,0.284826,-0.439699,-0.503283,0.743883,0.890791,-0.349636,0.290139,0.114603,0.790836,0.601088,-0.04622,-0.008362,-0.092635,-0.149571,0.431727,0.322655,-1.407529,0.057842,0.033547,-0.025474,0.440567,0.599406,0.66829,-0.895576,0.344881,0.28107,-0.062005,-0.722335,0.688757,-0.022306,-0.010426,-0.043095,-0.223939,0.546341,0.354904,-0.956844,0.082122,0.022343,-0.064178,0.386162,-0.397192,-0.832536,0.739367,0.672945,0.021893,0.551556,-0.624004,0.553537,4e-06,5.9e-05,6.9e-05,1.2e-05,2e-06,2e-06,-1.099781
322,0.165856,-0.040661,0.306714,-0.376627,0.393329,-0.838743,-0.743522,-0.66838,0.020369,-0.552127,0.630803,0.545225,0.0,1e-06,2e-06,0.0,0.0,0.0,-1.916475,-0.136663,-0.019227,0.283196,-0.44178,-0.500121,0.744783,0.890418,-0.345214,0.296509,0.10936,0.794773,0.596858,-0.045182,-0.018236,-0.083655,-0.133666,0.373939,0.221552,-1.407876,0.057404,0.033405,-0.026332,0.443254,0.595802,0.669735,-0.894598,0.341317,0.288437,-0.056741,-0.726994,0.684293,-0.022555,-0.008867,-0.041452,-0.220025,0.475652,0.314808,-0.958477,0.082133,0.022338,-0.064176,0.386132,-0.397205,-0.832543,0.739393,0.672918,0.021881,0.551542,-0.624026,0.553526,-1e-06,-3e-06,-8e-06,2e-06,-1e-05,-1.2e-05,-1.099618
323,0.165904,-0.04066,0.306732,-0.376512,0.393368,-0.838776,-0.743577,-0.668322,0.020287,-0.552132,0.63084,0.545177,6.6e-05,0.000819,0.000995,0.0,0.0,0.0,-1.916135,-0.138551,-0.019849,0.280145,-0.447364,-0.495847,0.744307,0.888307,-0.342367,0.305989,0.103649,0.798671,0.59266,-0.046141,-0.011877,-0.076624,0.019533,0.131488,0.083113,-1.407812,0.056461,0.033085,-0.027868,0.449363,0.591125,0.669808,-0.89189,0.339696,0.298561,-0.051044,-0.731557,0.679865,-0.022369,-0.011389,-0.034084,-0.009214,0.12825,0.089717,-0.958477,0.082157,0.022337,-0.064169,0.386018,-0.397245,-0.832577,0.739448,0.672859,0.0218,0.551547,-0.624063,0.553478,4.4e-05,0.000546,0.000659,9e-06,0.0,-1e-06,-1.099781
324,0.165907,-0.040651,0.306792,-0.376577,0.393352,-0.838755,-0.743599,-0.668294,0.02038,-0.552057,0.63088,0.545207,0.000112,0.001394,0.001692,0.0,0.0,0.0,-1.916647,-0.140677,-0.020689,0.277672,-0.450488,-0.492398,0.744713,0.886697,-0.343414,0.309468,0.103915,0.80035,0.590343,-0.061028,-0.018237,-0.060903,0.065024,0.017112,-0.030216,-1.407651,0.055405,0.032665,-0.029115,0.452692,0.587842,0.670455,-0.89018,0.341345,0.301766,-0.051466,-0.733433,0.677809,-0.029837,-0.014525,-0.026162,0.051492,0.00113,-0.065033,-0.958314,0.082158,0.022342,-0.06414,0.386082,-0.397229,-0.832555,0.73947,0.672832,0.021894,0.551473,-0.624103,0.553508,6.6e-05,0.00082,0.000993,0.000802,-0.014197,0.025072,-1.099944
325,0.165909,-0.040653,0.306838,-0.376544,0.393365,-0.838764,-0.743655,-0.668232,0.020395,-0.552005,0.630938,0.545193,0.000104,0.001284,0.001558,0.0,0.0,0.0,-1.9167,-0.141825,-0.021205,0.276693,-0.450309,-0.490133,0.746313,0.886722,-0.342846,0.310023,0.104468,0.80198,0.588029,-0.060257,-0.025578,-0.048171,0.007354,0.134849,-0.179624,-1.407381,0.054808,0.032398,-0.02963,0.452604,0.585778,0.672318,-0.890192,0.340807,0.302337,-0.052028,-0.735332,0.675706,-0.030118,-0.012455,-0.023601,0.031535,0.10807,-0.196019,-0.957334,0.082159,0.022341,-0.064116,0.38605,-0.397242,-0.832564,0.739526,0.67277,0.02191,0.551421,-0.624161,0.553494,0.000133,-0.00463,0.005253,-0.03565,0.012325,-0.018643,-1.099944
326,0.165913,-0.040668,0.30695,-0.376836,0.395922,-0.837428,-0.743966,-0.667929,0.01893,-0.551386,0.629656,0.547297,8.4e-05,0.001042,0.001264,0.09309,0.364719,0.203206,-1.916812,-0.144252,-0.022339,0.275259,-0.454039,-0.493409,0.741881,0.885414,-0.342194,0.314451,0.09927,0.800251,0.591276,-0.059914,-0.029662,-0.031199,-0.079664,-0.059068,-0.01721,-1.407911,0.053617,0.031842,-0.030336,0.455935,0.588925,0.6673,-0.888776,0.340786,0.306498,-0.046902,-0.732824,0.678798,-0.029939,-0.014719,-0.015405,-0.247064,-0.605742,0.57361,-0.959783,0.082162,0.022335,-0.064058,0.386122,-0.398121,-0.832111,0.739715,0.672577,0.021456,0.551116,-0.62381,0.554193,5.2e-05,0.000629,0.000761,0.18315,0.643259,0.346118,-1.100271
327,0.165955,-0.040661,0.307088,-0.37698,0.398522,-0.836129,-0.744328,-0.667568,0.017346,-0.550799,0.628395,0.549333,0.000174,0.002157,0.002614,0.093017,0.364857,0.203185,-1.91636,-0.146861,-0.023445,0.274338,-0.455468,-0.495791,0.739413,0.885141,-0.340428,0.317125,0.095047,0.799534,0.592938,-0.059511,-0.033509,-0.013612,-0.048708,0.10279,-0.183093,-1.407588,0.052313,0.03129,-0.030805,0.457275,0.591162,0.664399,-0.888307,0.339345,0.309442,-0.04253,-0.731691,0.680308,-0.038064,-0.011606,-0.010245,0.000797,0.001564,-0.034755,-0.962722,0.082183,0.022337,-0.06399,0.386333,-0.401138,-0.830562,0.74012,0.672188,0.019617,0.550425,-0.622295,0.556579,9.3e-05,0.001141,0.00138,0.148787,0.527516,0.284469,-1.099944
328,0.166125,-0.040586,0.307208,-0.376838,0.401209,-0.834907,-0.744702,-0.667197,0.015443,-0.55039,0.627075,0.551248,0.015713,0.002332,0.00257,0.014201,0.037258,0.058493,-1.91643,-0.149593,-0.024274,0.273776,-0.455244,-0.49735,0.738504,0.88554,-0.3385,0.318073,0.092347,0.799386,0.593563,-0.061288,-0.016085,-0.013388,-0.010158,0.076881,-0.140821,-1.407656,0.050948,0.03087,-0.031083,0.456896,0.592618,0.663361,-0.88863,0.337436,0.310602,-0.039774,-0.731395,0.680792,-0.038358,-0.008734,-0.006497,0.000753,0.001222,-0.033913,-0.967131,0.082262,0.022374,-0.063931,0.386436,-0.405324,-0.828479,0.740609,0.671725,0.016816,0.549695,-0.620078,0.559765,0.000126,0.001605,0.001941,0.006832,0.020165,0.046011,-1.099454
329,0.166293,-0.040529,0.307275,-0.376783,0.403864,-0.83365,-0.745018,-0.666885,0.013586,-0.550001,0.625699,0.553197,0.015743,0.002763,0.003085,0.026408,0.085467,0.085339,-1.91673,-0.150985,-0.024596,0.273549,-0.456794,-0.498952,0.736463,0.885026,-0.337812,0.32023,0.089567,0.79868,0.594939,-0.076917,-0.015768,-0.01093,0.001236,-0.019172,-0.005101,-1.407635,0.050257,0.030712,-0.031194,0.458236,0.594046,0.661156,-0.888061,0.336934,0.312766,-0.036968,-0.730468,0.681944,-0.038451,-0.007834,-0.005344,-0.011839,0.113796,-0.19977,-0.968274,0.082351,0.022404,-0.063896,0.386357,-0.407914,-0.827244,0.740941,0.671402,0.014982,0.549302,-0.618728,0.561641,0.007875,0.001452,0.001624,0.020277,0.068541,0.077208,-1.098311
330,0.166836,-0.040415,0.307387,-0.378485,0.406295,-0.831697,-0.745518,-0.666324,0.013695,-0.548152,0.62472,0.556131,0.01573,0.00275,0.003053,0.014418,0.140809,-0.078424,-1.91644,-0.153793,-0.025127,0.273245,-0.459846,-0.502134,0.73239,0.883987,-0.336421,0.324532,0.083996,0.797275,0.597629,-0.061736,-0.010766,-0.006482,-0.010128,0.076883,-0.140825,-1.407959,0.048877,0.030451,-0.031343,0.461208,0.596907,0.656497,-0.886739,0.336191,0.317284,-0.03132,-0.728475,0.684355,-0.030878,-0.004979,-0.002625,-0.007611,0.082854,-0.14686,-0.968601,0.082617,0.02246,-0.063841,0.387979,-0.410326,-0.82529,0.741481,0.670804,0.015062,0.547428,-0.617781,0.564507,0.007834,0.000982,0.001044,0.018141,0.052204,0.071303,-1.095046
331,0.167668,-0.040324,0.307465,-0.382167,0.405811,-0.830248,-0.745827,-0.665882,0.017773,-0.545167,0.625506,0.558178,0.03115,0.001741,0.001527,-0.114763,0.099093,-0.118803,-1.916502,-0.156416,-0.025465,0.273097,-0.461836,-0.504556,0.729468,0.883327,-0.335284,0.327496,0.079906,0.796227,0.599585,-0.061908,-0.007651,-0.002419,-0.008178,0.060821,-0.116981,-1.407378,0.047537,0.030277,-0.031419,0.462842,0.599055,0.653383,-0.886022,0.335299,0.320217,-0.027252,-0.727122,0.685966,-0.038699,-0.004504,-0.001076,-0.010732,0.095514,-0.173627,-0.968927,0.083016,0.022506,-0.063801,0.390928,-0.409761,-0.824178,0.741779,0.670387,0.018544,0.544921,-0.618608,0.566025,0.007816,0.000808,0.000818,-1.294972,1.410492,-1.947827,-1.091127
332,0.168147,-0.040286,0.307484,-0.384051,0.405562,-0.8295,-0.745953,-0.665682,0.019838,-0.543668,0.62588,0.55922,0.031136,0.001662,0.001412,-0.120324,0.196865,-0.291907,-1.915915,-0.15781,-0.02561,0.27308,-0.463532,-0.506164,0.727274,0.882687,-0.334727,0.329782,0.077083,0.795441,0.600995,-0.077476,-0.00692,0.000479,-0.010224,0.076023,-0.146223,-1.407439,0.046869,0.030206,-0.031429,0.464511,0.600491,0.650874,-0.885231,0.335093,0.322611,-0.024378,-0.726031,0.687228,-0.038734,-0.003642,3.7e-05,0.005491,-0.029322,0.012952,-0.966805,0.083267,0.022526,-0.06379,0.393297,-0.409392,-0.823234,0.741893,0.670183,0.021157,0.543057,-0.619073,0.567306,0.007838,0.001146,0.001222,-0.428815,0.443986,-0.60087,-1.091943
333,0.169303,-0.040163,0.30751,-0.387717,0.405108,-0.828014,-0.74617,-0.665308,0.023826,-0.540758,0.626571,0.561264,0.031152,0.00219,0.001997,-0.003672,0.068535,-0.11408,-1.916172,-0.160249,-0.025815,0.273165,-0.465193,-0.50846,0.724607,0.882161,-0.333297,0.332624,0.072955,0.794579,0.602648,-0.062036,-0.003153,0.003451,-0.008726,0.059478,-0.115583,-1.407916,0.04562,0.030101,-0.031387,0.465898,0.602546,0.647978,-0.884606,0.33393,0.325517,-0.02024,-0.724864,0.688593,-0.031024,-0.001394,0.002028,-0.005064,0.046852,-0.094768,-0.967295,0.083845,0.022586,-0.063779,0.397157,-0.408861,-0.821643,0.742068,0.669843,0.025369,0.54,-0.619791,0.569436,0.015505,0.006783,-0.002989,0.04186,-0.059343,0.1078,-1.094066
334,0.170669,-0.040005,0.307556,-0.393126,0.404418,-0.825798,-0.746509,-0.664686,0.029799,-0.536364,0.627675,0.564238,0.031172,0.002912,0.002804,-0.120515,0.196656,-0.291975,-1.916169,-0.162481,-0.025925,0.273347,-0.46526,-0.509894,0.723556,0.882334,-0.331687,0.333775,0.070375,0.794336,0.603275,-0.04653,-0.001011,0.004297,-0.006134,0.045616,-0.087736,-1.407589,0.044498,0.030048,-0.031293,0.465821,0.603844,0.646824,-0.884702,0.332424,0.326797,-0.017685,-0.724476,0.689072,-0.031025,-0.000691,0.002885,-0.006739,0.063977,-0.120082,-0.967458,0.08451,0.022663,-0.063757,0.401895,-0.408238,-0.819647,0.742358,0.669301,0.030643,0.536081,-0.620787,0.572048,0.015592,0.001512,0.001447,-1.293477,1.391928,-1.915842,-1.097658
335,0.172119,-0.039773,0.307702,-0.396519,0.404073,-0.824344,-0.74678,-0.664202,0.03357,-0.53348,0.62841,0.566151,0.031326,0.006056,0.006511,-0.002834,0.054311,-0.088844,-1.916298,-0.164434,-0.025904,0.273632,-0.47135,-0.510975,0.718836,0.87956,-0.331274,0.341418,0.064255,0.793815,0.604643,-0.046502,0.002379,0.008838,-0.141991,-0.017573,0.194519,-1.407476,0.043521,0.030054,-0.031155,0.471383,0.604779,0.641903,-0.881853,0.332735,0.334099,-0.011528,-0.723553,0.690171,-0.023259,0.001136,0.004384,-0.358221,-0.419204,0.679919,-0.961906,0.085253,0.022776,-0.063689,0.405909,-0.407746,-0.817911,0.742593,0.668821,0.035109,0.532721,-0.621627,0.57427,0.023395,0.002943,0.002941,0.00545,-0.060137,0.116211,-1.096842
336,0.17287,-0.039619,0.307835,-0.400693,0.403429,-0.82264,-0.746787,-0.663952,0.038075,-0.530342,0.629088,0.568343,0.031386,0.007594,0.008312,-0.037949,0.092716,-0.142273,-1.916778,-0.16533,-0.025831,0.27384,-0.474078,-0.512672,0.715828,0.87831,-0.331397,0.344503,0.061189,0.79267,0.606461,-0.046466,0.004127,0.011174,-0.230957,-0.518773,0.51531,-1.407395,0.043074,0.03009,-0.031052,0.473766,0.60577,0.639208,-0.880605,0.333242,0.336874,-0.008943,-0.72249,0.691322,-0.023246,0.002203,0.005822,-0.74658,-1.809267,1.854198,-0.961906,0.085628,0.022852,-0.063624,0.410065,-0.407066,-0.816176,0.742563,0.668603,0.039615,0.529572,-0.622307,0.576442,0.023431,0.003909,0.004069,-0.121178,0.078127,-0.076221,-1.098965
337,0.174479,-0.039245,0.308238,-0.406701,0.405197,-0.818814,-0.747249,-0.663135,0.042933,-0.525089,0.628812,0.573502,0.046937,0.010961,0.011796,-0.028668,0.095673,-0.069744,-1.916272,-0.166826,-0.025625,0.274337,-0.477664,-0.512185,0.71379,0.876579,-0.331039,0.349223,0.058013,0.793133,0.606166,-0.030897,0.00684,0.012977,-0.018359,0.041709,-0.014933,-1.407594,0.04232,0.030194,-0.030801,0.477867,0.605329,0.636569,-0.878417,0.333575,0.342215,-0.005191,-0.722706,0.691136,-0.023198,0.003301,0.007246,0.000989,0.04434,-0.054357,-0.961253,0.086427,0.023036,-0.063425,0.416149,-0.409027,-0.812105,0.742962,0.667862,0.04434,0.524238,-0.621816,0.581822,0.015736,0.005387,0.005977,-0.125117,0.101171,-0.097739,-1.097822
338,0.17618,-0.038803,0.308713,-0.422565,0.402467,-0.812099,-0.746529,-0.662622,0.059993,-0.513451,0.631103,0.581468,0.046844,0.011682,0.012484,-1.310647,1.445093,-2.011534,-1.916325,-0.168262,-0.025325,0.274914,-0.483164,-0.51254,0.709822,0.873858,-0.331168,0.355857,0.053274,0.79285,0.606971,-0.046268,0.007962,0.016112,-0.026854,-0.028374,0.017631,-1.407536,0.041608,0.030343,-0.030514,0.483235,0.605448,0.632388,-0.87549,0.334606,0.348647,-0.000514,-0.722129,0.691757,-0.015415,0.004146,0.007444,-0.059526,-0.172388,0.147577,-0.96109,0.087277,0.02326,-0.063183,0.429616,-0.406349,-0.806418,0.742303,0.667449,0.059137,0.514212,-0.624013,0.588381,0.023409,0.005639,0.005977,0.002102,0.033614,-0.053328,-1.103863
339,0.177069,-0.038585,0.308943,-0.430786,0.403492,-0.807256,-0.745927,-0.662651,0.066779,-0.507455,0.630417,0.587444,0.046751,0.01109,0.011695,0.003563,0.167857,-0.183006,-1.916158,-0.168874,-0.025158,0.275212,-0.486012,-0.511235,0.708818,0.872377,-0.331194,0.359446,0.051593,0.79368,0.60603,-0.03076,0.009101,0.015868,-0.031386,0.050476,0.027483,-1.407418,0.041296,0.030427,-0.030364,0.486072,0.60419,0.631417,-0.873917,0.335004,0.352193,0.001264,-0.722998,0.690848,-0.015395,0.004346,0.007682,-0.017693,0.063895,-0.002089,-0.96109,0.087722,0.023372,-0.063065,0.440089,-0.407099,-0.800369,0.741486,0.667492,0.068199,0.506477,-0.623477,0.595614,0.023356,0.005199,0.005411,0.007538,0.057365,-0.030079,-1.107292
340,0.178989,-0.038192,0.30928,-0.435013,0.402687,-0.80539,-0.744966,-0.663329,0.070652,-0.505254,0.630219,0.589551,0.046523,0.008483,0.008454,-0.001978,0.03963,-0.059267,-1.916049,-0.170085,-0.02482,0.275807,-0.490841,-0.505458,0.709633,0.869766,-0.33046,0.366384,0.049917,0.797671,0.600909,-0.030693,0.008646,0.015109,-0.042366,0.082963,0.014714,-1.407432,0.04069,0.030599,-0.030062,0.491234,0.598535,0.632805,-0.871021,0.335086,0.359218,0.002961,-0.727648,0.685943,-0.015353,0.0046,0.007959,-0.009861,0.045106,0.030281,-0.961416,0.088683,0.023573,-0.062891,0.44422,-0.406018,-0.798634,0.740482,0.668188,0.072174,0.504334,-0.623436,0.597472,0.030804,0.009686,-0.000321,0.040674,-0.086454,0.162521,-1.120519
341,0.1812,-0.037845,0.309432,-0.440408,0.402073,-0.80276,-0.7449,-0.662737,0.076659,-0.500655,0.631234,0.592381,0.06168,0.004753,0.003343,-0.002169,0.039461,-0.055188,-1.916056,-0.171114,-0.024473,0.276513,-0.496724,-0.502823,0.707408,0.86661,-0.330483,0.373767,0.04646,0.799323,0.598989,-0.015153,0.011895,0.017719,-0.017507,0.015835,0.042006,-1.407402,0.04017,0.030768,-0.029714,0.497153,0.595927,0.630642,-0.86764,0.336156,0.366333,0.006314,-0.729293,0.684171,-0.014862,-0.000203,0.012976,-0.02895,0.022301,-0.016517,-0.95913,0.089805,0.023753,-0.062808,0.449694,-0.405318,-0.795922,0.74034,0.667657,0.07829,0.499671,-0.62446,0.600315,0.030831,0.002218,0.001446,0.002296,0.034672,-0.04878,-1.126561
342,0.182434,-0.037696,0.309416,-0.447187,0.399008,-0.800538,-0.741264,-0.666169,0.081975,-0.500036,0.629569,0.594672,0.061591,0.003015,0.001197,-0.114666,0.06868,-0.059187,-1.916354,-0.171579,-0.024315,0.276881,-0.496337,-0.502844,0.707665,0.866837,-0.330115,0.373568,0.046376,0.799462,0.598809,-0.030558,0.010053,0.016802,-0.015143,0.125653,-0.198941,-1.407325,0.039943,0.030851,-0.029525,0.49684,0.596142,0.630685,-0.867819,0.33601,0.366042,0.006296,-0.729185,0.684286,-0.007146,1.5e-05,0.012419,-0.028153,-0.01258,-0.003612,-0.960273,0.090399,0.023827,-0.062815,0.456374,-0.402187,-0.793704,0.736603,0.671155,0.083453,0.499136,-0.622732,0.60255,0.030795,0.001573,0.000633,-0.430017,0.407187,-0.529609,-1.12754
343,0.18516,-0.037356,0.309191,-0.458543,0.395356,-0.795913,-0.737542,-0.668904,0.092581,-0.495224,0.628977,0.599307,0.061115,0.011834,-0.009974,0.004045,-0.03179,0.084208,-1.916665,-0.17249,-0.024096,0.277673,-0.497123,-0.503664,0.706529,0.866486,-0.329382,0.375026,0.044444,0.799249,0.59924,-0.014222,0.000258,0.024981,-0.034874,-0.00536,0.000922,-1.407371,0.039482,0.030963,-0.029135,0.497366,0.596926,0.629528,-0.867502,0.335365,0.367382,0.008178,-0.72884,0.684634,-0.014822,-0.000327,0.012698,-0.037449,0.009442,-0.029358,-0.963212,0.091762,0.023992,-0.062926,0.467858,-0.398386,-0.788921,0.73275,0.673943,0.094222,0.494151,-0.622165,0.607226,0.038241,0.005855,-0.005428,-0.082882,0.047345,-0.016913,-1.132602
344,0.188051,-0.036914,0.308781,-0.470126,0.393582,-0.790013,-0.736245,-0.668496,0.10502,-0.486209,0.630523,0.605036,0.07641,0.012096,-0.010595,-0.361725,0.437562,-0.597257,-1.916032,-0.173268,-0.024015,0.278661,-0.497991,-0.504476,0.705336,0.866108,-0.328219,0.376913,0.041975,0.799216,0.599462,-0.014145,0.001886,0.02702,-0.034882,-0.005271,0.000974,-1.407254,0.039093,0.031002,-0.028643,0.498141,0.597655,0.628222,-0.867029,0.334402,0.36937,0.010677,-0.728685,0.684764,-0.007088,0.001015,0.013624,-0.03527,-0.005307,0.000177,-0.963212,0.093202,0.024209,-0.063135,0.478575,-0.396686,-0.78333,0.731502,0.67358,0.105803,0.485664,-0.623642,0.612535,0.038211,0.005967,-0.005444,-1.281218,1.420609,-1.970797,-1.122315
345,0.190785,-0.036374,0.308307,-0.476354,0.392713,-0.786708,-0.734905,-0.66901,0.11096,-0.482154,0.630521,0.608275,0.07633,0.012227,-0.010712,0.034632,0.01438,-0.005385,-1.915648,-0.173816,-0.024077,0.27991,-0.497234,-0.504447,0.705891,0.866616,-0.326183,0.377514,0.040427,0.800069,0.598431,-0.014051,0.004174,0.02989,-0.033079,-0.021143,0.024953,-1.407011,0.038818,0.030969,-0.02802,0.497372,0.597666,0.62882,-0.86745,0.332393,0.370194,0.012237,-0.729595,0.683769,-0.006639,-0.004024,0.018303,-0.084144,0.116397,-0.182026,-0.966478,0.094569,0.024478,-0.063373,0.48543,-0.395619,-0.779642,0.730018,0.674109,0.112466,0.481071,-0.623748,0.616042,0.030493,0.005849,-0.005332,0.03719,0.025118,-0.029397,-1.130643
346,0.19219,-0.036089,0.308026,-0.480341,0.392142,-0.784565,-0.734131,-0.669192,0.11492,-0.479369,0.630684,0.610303,0.060942,0.010614,-0.011968,0.038792,-0.055175,0.112641,-1.916025,-0.17402,-0.02417,0.280634,-0.495551,-0.506659,0.705491,0.867625,-0.325124,0.376106,0.039425,0.799103,0.599786,-0.013203,-0.007236,0.037557,-0.067962,0.088822,-0.20131,-1.407275,0.038722,0.030931,-0.027673,0.495666,0.599943,0.627998,-0.868414,0.331449,0.368778,0.013096,-0.728153,0.685288,0.001062,-0.002864,0.019017,-0.067608,-0.04348,0.017837,-0.964682,0.095248,0.024619,-0.063506,0.489489,-0.394976,-0.777427,0.729182,0.674327,0.116517,0.478219,-0.62392,0.618086,0.030479,0.005671,-0.005599,0.03782,0.02465,-0.028352,-1.133909
347,0.19462,-0.035573,0.307509,-0.490364,0.388146,-0.780341,-0.728723,-0.673696,0.12276,-0.477461,0.628364,0.614181,0.060893,0.011043,-0.011657,0.039414,-0.069084,0.137306,-1.915965,-0.1742,-0.024396,0.282169,-0.496101,-0.508305,0.703918,0.867206,-0.328503,0.37413,0.041678,0.796673,0.602859,0.002195,-0.004746,0.039098,0.183213,-0.448957,-0.297843,-1.407275,0.038621,0.030814,-0.026892,0.497298,0.599272,0.627348,-0.867509,0.334338,0.368299,0.010965,-0.727385,0.68614,-0.006581,-0.002253,0.020479,-0.081629,0.000731,0.011632,-0.971377,0.096492,0.024879,-0.063772,0.499498,-0.390878,-0.77312,0.723646,0.678885,0.1243,0.476274,-0.621553,0.621959,0.030207,0.010755,-0.010369,0.073777,0.014187,-0.008056,-1.135542
348,0.196787,-0.035157,0.306994,-0.499763,0.384206,-0.776317,-0.723564,-0.677833,0.130269,-0.475548,0.626338,0.617723,0.045538,0.009384,-0.012914,0.034603,-0.036719,0.078513,-1.916172,-0.174213,-0.02475,0.283939,-0.497202,-0.510028,0.701892,0.866501,-0.331688,0.372951,0.043207,0.794249,0.605942,0.002266,-0.002037,0.042387,0.028355,-0.191634,-0.080257,-1.40754,0.038615,0.030634,-0.02601,0.497204,0.602472,0.624352,-0.867583,0.337498,0.365231,0.009324,-0.723271,0.6905,0.001521,-0.006698,0.025119,0.043035,-0.245307,-0.136306,-0.970397,0.097598,0.025092,-0.064032,0.50874,-0.386885,-0.769092,0.718429,0.683031,0.131635,0.474386,-0.619506,0.625435,0.022778,0.004682,-0.006508,0.039486,-0.042171,0.086382,-1.134072
349,0.198591,-0.034887,0.306532,-0.504545,0.383634,-0.773502,-0.722911,-0.677514,0.13545,-0.471474,0.627034,0.620136,0.045556,0.008188,-0.014443,-0.081588,0.08741,-0.09355,-1.915977,-0.174099,-0.025209,0.285857,-0.501454,-0.508777,0.699772,0.863744,-0.339685,0.372148,0.048979,0.791665,0.608877,0.003104,-0.012766,0.050781,0.051975,-0.284994,-0.169753,-1.407125,0.038672,0.030406,-0.025033,0.501673,0.600776,0.622407,-0.865049,0.345378,0.363873,0.003641,-0.720958,0.692968,0.001522,-0.006326,0.025466,0.131678,-0.365477,-0.207152,-0.9735,0.0985,0.025228,-0.064263,0.513427,-0.386286,-0.766273,0.717754,0.682736,0.136744,0.47034,-0.620204,0.627794,0.022786,0.00404,-0.007319,-0.0904,0.096404,-0.105766,-1.12901
350,0.199392,-0.034806,0.306305,-0.505481,0.383678,-0.772869,-0.722979,-0.677211,0.136593,-0.470366,0.627333,0.620674,0.030234,0.007063,-0.014897,0.036805,-0.025234,0.053792,-1.916245,-0.174005,-0.02543,0.286861,-0.504288,-0.51118,0.695974,0.862029,-0.344263,0.371919,0.050102,0.788132,0.613352,0.018412,-0.011144,0.051211,0.087295,-0.421661,-0.1326,-1.407064,0.038712,0.030299,-0.024551,0.504481,0.602507,0.618452,-0.863419,0.350066,0.363263,0.00237,-0.717243,0.696818,0.001534,-0.005713,0.02618,0.20541,-0.702657,-0.103157,-0.974643,0.098889,0.025266,-0.064371,0.51443,-0.386298,-0.765594,0.717803,0.682436,0.137979,0.469168,-0.620527,0.628352,0.023069,-0.001458,-0.003158,0.005552,-0.033641,0.069325,-1.126887
351,0.200869,-0.034693,0.30588,-0.514008,0.379781,-0.76916,-0.718361,-0.680596,0.14394,-0.468189,0.626046,0.623613,0.045581,0.007967,-0.014862,0.027049,-0.028426,0.067508,-1.91603,-0.173865,-0.025849,0.288879,-0.503604,-0.517421,0.691845,0.862385,-0.347733,0.367843,0.050869,0.78252,0.620433,0.003116,-0.0115,0.051978,0.079124,-0.332053,-0.199659,-1.407004,0.03879,0.030088,-0.02352,0.503052,0.608903,0.613331,-0.864254,0.353097,0.35831,0.001611,-0.710323,0.703873,0.001524,-0.005732,0.026014,0.12123,-0.377117,-0.221073,-0.977255,0.099622,0.02532,-0.064585,0.522945,-0.382307,-0.761818,0.713082,0.685857,0.145304,0.466948,-0.619226,0.631282,0.015412,-0.001661,-0.002961,-0.031956,0.006318,0.009501,-1.125418
352,0.202287,-0.034547,0.305445,-0.518216,0.37674,-0.767831,-0.7144,-0.684239,0.14636,-0.469602,0.623913,0.624686,0.045571,0.008698,-0.014092,0.037806,-0.039772,0.083486,-1.915917,-0.173788,-0.026128,0.290884,-0.497067,-0.528112,0.688486,0.86628,-0.346271,0.359984,0.048903,0.776009,0.628715,0.00234,0.002527,0.047156,0.062491,-0.262472,-0.090408,-1.407238,0.038828,0.029945,-0.022522,0.495572,0.619546,0.608745,-0.868559,0.350626,0.350236,0.003545,-0.702298,0.711873,0.001136,0.001331,0.023661,0.035238,-0.238692,-0.081332,-0.976439,0.100349,0.025395,-0.06481,0.52703,-0.379257,-0.760526,0.7091,0.689495,0.147557,0.468417,-0.617057,0.632316,0.022789,0.0044,-0.007011,0.03991,-0.042162,0.087318,-1.126561
353,0.202995,-0.03444,0.305236,-0.521202,0.376317,-0.766015,-0.714092,-0.683799,0.149877,-0.466758,0.62465,0.62608,0.030211,0.008518,-0.013343,0.03772,-0.039469,0.078815,-1.915658,-0.173815,-0.026191,0.291884,-0.49435,-0.534963,0.685145,0.867928,-0.346079,0.356181,0.047179,0.771394,0.634499,0.002343,0.002812,0.047336,0.197085,-0.483355,-0.274447,-1.407598,0.038813,0.029913,-0.022038,0.493301,0.624457,0.605562,-0.869841,0.349869,0.347802,0.005319,-0.698315,0.71577,-0.006472,0.001484,0.024504,0.195653,-0.61198,-0.142286,-0.976602,0.100691,0.025445,-0.06491,0.530076,-0.378781,-0.758645,0.708747,0.689076,0.151165,0.465506,-0.617817,0.633723,0.022794,0.004287,-0.007168,0.041646,-0.04405,0.089771,-1.127541
354,0.204444,-0.034172,0.304828,-0.525148,0.375915,-0.763514,-0.713745,-0.68313,0.15451,-0.46285,0.625625,0.628006,0.030153,0.00995,-0.0117,0.037748,-0.039418,0.078891,-1.915754,-0.174047,-0.026162,0.293902,-0.487612,-0.541188,0.685085,0.871348,-0.349632,0.344159,0.053873,0.76543,0.641153,0.002406,0.005254,0.049951,0.308435,0.311231,-0.637173,-1.407554,0.038698,0.029926,-0.021031,0.485892,0.632017,0.603707,-0.874018,0.352102,0.334837,-0.000944,-0.690346,0.723478,-0.006026,-0.003411,0.029218,0.882192,1.581331,-2.032514,-0.978725,0.101416,0.025577,-0.065116,0.533975,-0.378348,-0.756123,0.708376,0.688428,0.15578,0.461597,-0.618803,0.635617,0.023075,-0.000278,-0.001923,0.004811,-0.032769,0.068344,-1.127704
355,0.205992,-0.033836,0.30441,-0.52864,0.375676,-0.761218,-0.713549,-0.682373,0.158702,-0.459163,0.626593,0.629744,0.045486,0.010627,-0.012033,0.038731,-0.054048,0.10848,-1.915343,-0.1745,-0.025987,0.29589,-0.486275,-0.546775,0.681591,0.871879,-0.354303,0.337979,0.057289,0.75929,0.648121,-0.027909,0.004351,0.051311,-0.011137,-0.109455,-0.064415,-1.407234,0.038482,0.030017,-0.020034,0.483572,0.637095,0.600222,-0.875291,0.355726,0.327604,-0.0048,-0.683789,0.729662,-0.006411,0.002326,0.025135,-0.038361,-0.090505,-0.054528,-0.977582,0.102167,0.025743,-0.065318,0.537525,-0.378043,-0.753756,0.708122,0.687707,0.160065,0.457853,-0.61979,0.637361,0.015402,-0.000474,-0.001665,0.005231,-0.032988,0.064191,-1.126397
356,0.206778,-0.033673,0.304191,-0.533698,0.372157,-0.759415,-0.709158,-0.686153,0.162054,-0.460108,0.624568,0.631065,0.046155,-0.000645,-0.004053,0.002898,-0.043314,0.086462,-1.915124,-0.174809,-0.025873,0.296853,-0.482677,-0.550577,0.681086,0.873838,-0.353693,0.333529,0.057856,0.756826,0.650946,-0.012735,0.004193,0.049478,0.038553,-0.194159,-0.116018,-1.40673,0.038322,0.030076,-0.01955,0.480056,0.640265,0.599671,-0.877221,0.354554,0.323688,-0.00537,-0.681433,0.731859,-0.013966,0.002232,0.025627,0.067148,-0.239785,-0.146062,-0.974153,0.102565,0.025829,-0.06543,0.542539,-0.374479,-0.751941,0.703672,0.691496,0.163335,0.458799,-0.617735,0.638674,0.022751,0.005198,-0.006203,0.04214,-0.048868,0.090264,-1.131133
357,0.208362,-0.033367,0.303697,-0.537257,0.37188,-0.757037,-0.708861,-0.685447,0.166284,-0.45641,0.625506,0.632818,0.030252,0.007545,-0.014751,0.036796,-0.024623,0.054152,-1.915595,-0.175632,-0.025594,0.298718,-0.479177,-0.557298,0.678086,0.87589,-0.352367,0.329527,0.055879,0.752518,0.656092,-0.027809,0.002687,0.048673,0.016768,-0.145042,-0.122086,-1.407206,0.037916,0.030217,-0.018616,0.476169,0.646544,0.596023,-0.879347,0.352713,0.319909,-0.00339,-0.676442,0.736487,-0.006377,0.001819,0.024222,0.038996,-0.20521,-0.087349,-0.979704,0.103357,0.025982,-0.065669,0.546051,-0.374176,-0.749546,0.703365,0.690796,0.16756,0.455087,-0.618702,0.640392,0.022782,0.004559,-0.007025,0.042307,-0.057862,0.114208,-1.129663
358,0.209936,-0.03308,0.303113,-0.543124,0.371061,-0.753243,-0.707924,-0.684737,0.173062,-0.450888,0.626769,0.635521,0.04567,0.007161,-0.016459,0.036798,-0.038202,0.082328,-1.915233,-0.176615,-0.025273,0.300312,-0.481457,-0.558231,0.675699,0.874127,-0.361204,0.324604,0.063453,0.747619,0.660986,-0.028579,0.011457,0.037379,0.137764,-0.296686,-0.195007,-1.407412,0.037414,0.030381,-0.017798,0.478641,0.646775,0.593787,-0.877941,0.361007,0.31447,-0.01097,-0.671829,0.740624,-0.014323,0.005598,0.018553,0.197598,-0.361312,-0.21985,-0.989339,0.104155,0.02613,-0.065965,0.551866,-0.373311,-0.745708,0.702384,0.690122,0.17432,0.449555,-0.619975,0.643063,0.015177,0.003106,-0.008241,0.038969,-0.02693,0.057635,-1.131459
359,0.211541,-0.032733,0.302383,-0.549022,0.370253,-0.749355,-0.706756,-0.684245,0.179658,-0.445548,0.627784,0.638281,0.045728,0.006573,-0.017295,0.026922,-0.027748,0.067886,-1.915473,-0.177728,-0.024968,0.30171,-0.478122,-0.562656,0.674394,0.876032,-0.359611,0.321219,0.062371,0.745068,0.663962,-0.028597,0.007796,0.032814,-0.026528,-0.006712,-0.039315,-1.406926,0.036869,0.030532,-0.017109,0.474549,0.651725,0.591655,-0.880173,0.358865,0.31066,-0.009859,-0.668183,0.74393,-0.014317,0.004118,0.016684,-0.055197,0.01011,-0.002177,-0.990645,0.104958,0.026302,-0.066331,0.557719,-0.372445,-0.741776,0.701166,0.689665,0.180906,0.4442,-0.621004,0.645786,0.022513,0.008745,-0.012894,0.040024,-0.013802,0.054732,-1.131949
360,0.212314,-0.032547,0.301994,-0.552064,0.369819,-0.747332,-0.706066,-0.684073,0.182994,-0.442875,0.628228,0.639703,0.030404,0.005571,-0.017347,0.025928,-0.012977,0.038366,-1.91573,-0.178299,-0.024833,0.302315,-0.475404,-0.567056,0.672629,0.877538,-0.359084,0.317677,0.061974,0.741983,0.667445,-0.028608,0.006242,0.030898,0.158711,-0.340718,-0.224768,-1.406842,0.036583,0.0306,-0.016806,0.472478,0.654395,0.590364,-0.881291,0.357989,0.308495,-0.009466,-0.66604,0.745855,-0.014355,0.002476,0.014721,0.319645,-0.520781,-0.341858,-0.986889,0.10535,0.026395,-0.066527,0.560719,-0.371989,-0.739741,0.700463,0.689502,0.18422,0.441526,-0.621458,0.647181,0.022883,0.003244,-0.008756,0.004188,-0.00406,0.034768,-1.130316
361,0.213903,-0.03212,0.301127,-0.55782,0.366455,-0.74471,-0.704064,-0.684031,0.190707,-0.438832,0.630245,0.640504,0.045789,0.006227,-0.017913,-0.082796,0.0846,-0.095011,-1.91539,-0.179357,-0.024581,0.303332,-0.475831,-0.568676,0.670957,0.877043,-0.363288,0.314246,0.065631,0.738689,0.670741,-0.028638,0.003456,0.027506,0.134162,-0.065335,-0.00848,-1.407371,0.036043,0.030726,-0.016288,0.472064,0.656986,0.587813,-0.881465,0.361756,0.303564,-0.013208,-0.661439,0.749882,-0.014345,0.001585,0.013606,0.130526,-0.060071,-0.005559,-0.981991,0.106122,0.026601,-0.066951,0.565827,-0.368543,-0.737573,0.698529,0.689526,0.191338,0.43806,-0.623481,0.647591,0.015251,0.002443,-0.009163,-1.284609,1.388933,-1.907823,-1.124438
362,0.215469,-0.031689,0.300231,-0.563883,0.362994,-0.741834,-0.701782,-0.684126,0.198611,-0.434719,0.632144,0.641437,0.045073,0.016779,-0.026935,0.02974,-0.054341,0.024759,-1.91574,-0.18033,-0.024345,0.304209,-0.4763,-0.570284,0.669257,0.876499,-0.367621,0.310706,0.069428,0.735298,0.674077,-0.028681,0.000951,0.024499,-0.000924,-0.038861,-0.09453,-1.406946,0.035567,0.030844,-0.015859,0.472387,0.658545,0.585805,-0.881225,0.365785,0.299405,-0.017107,-0.657661,0.753119,-0.007219,0.006578,0.008164,0.021465,-0.066541,-0.019438,-0.978235,0.106922,0.026819,-0.067406,0.57238,-0.36485,-0.734346,0.69608,0.689556,0.199957,0.433419,-0.625615,0.648654,0.022953,0.002695,-0.009563,-0.084446,0.066826,-0.126534,-1.119213
363,0.216276,-0.031473,0.299754,-0.566987,0.362561,-0.739676,-0.70089,-0.684086,0.201872,-0.432113,0.632437,0.642908,0.045157,0.015775,-0.028234,-0.047203,0.092492,-0.098482,-1.915917,-0.180759,-0.024257,0.304629,-0.474876,-0.57249,0.668385,0.877296,-0.367173,0.308981,0.069108,0.733808,0.675731,-0.01367,0.001345,0.023632,-0.003498,-0.058505,-0.033956,-1.407489,0.035342,0.030887,-0.015642,0.470789,0.660612,0.584764,-0.882086,0.365044,0.297767,-0.016757,-0.655998,0.754575,-0.006855,0.000562,0.011706,-0.03019,-0.030035,-0.022815,-0.979215,0.107342,0.026935,-0.067652,0.575462,-0.36452,-0.732098,0.695112,0.689642,0.203009,0.430885,-0.625714,0.650245,0.022593,0.007876,-0.014156,-0.050084,0.107795,-0.105337,-1.123295
364,0.217915,-0.03107,0.298809,-0.572805,0.359193,-0.736832,-0.698629,-0.684089,0.209553,-0.428083,0.634355,0.643713,0.045233,0.015119,-0.029195,-0.048715,0.081528,-0.105342,-1.915709,-0.181549,-0.024137,0.305444,-0.47189,-0.576868,0.666733,0.878957,-0.366112,0.3055,0.068445,0.730906,0.678936,-0.028686,-0.000721,0.022441,0.178911,-0.355172,-0.30104,-1.407292,0.034958,0.030948,-0.015242,0.468686,0.662855,0.583914,-0.88322,0.363575,0.2962,-0.015959,-0.654549,0.75585,-0.006867,-2.4e-05,0.010996,0.19823,-0.336262,-0.454534,-0.983297,0.108145,0.027131,-0.068114,0.581113,-0.360969,-0.729388,0.69283,0.689634,0.210692,0.426958,-0.627778,0.650845,0.023015,0.002321,-0.010138,-0.387527,0.436079,-0.56618,-1.1295
365,0.219634,-0.030771,0.297854,-0.578657,0.358446,-0.73261,-0.697051,-0.683698,0.215983,-0.422752,0.635199,0.646397,0.046142,0.00371,-0.021546,-1.287423,1.368422,-1.88909,-1.915792,-0.182232,-0.024185,0.306261,-0.476692,-0.573431,0.666283,0.875735,-0.374983,0.30399,0.076113,0.729107,0.680054,-0.013789,-0.002275,0.019382,3.649948,1.683869,3.730848,-1.407255,0.034606,0.030924,-0.014824,0.471444,0.662132,0.582513,-0.88161,0.370666,0.292182,-0.022455,-0.651296,0.75849,-0.006948,-0.001198,0.009589,3.625605,1.707914,3.74246,-0.98346,0.109004,0.027283,-0.068595,0.585022,-0.360833,-0.726324,0.69177,0.689473,0.214664,0.423323,-0.628033,0.65297,0.022694,0.007035,-0.015358,0.076158,-0.036159,0.085831,-1.132602
366,0.221398,-0.030578,0.29689,-0.586785,0.354174,-0.72821,-0.691335,-0.687337,0.222703,-0.420927,0.633672,0.649082,0.046364,0.002128,-0.023704,0.033433,-0.020022,0.054778,-1.915571,-0.182816,-0.024463,0.307135,-0.473317,-0.577752,0.664955,0.877678,-0.372966,0.300852,0.074769,0.72673,0.682742,-0.013134,-0.014706,0.02605,-0.056914,-0.005579,-0.058714,-1.406919,0.034324,0.030792,-0.014405,0.468967,0.66538,0.580808,-0.882926,0.369988,0.289048,-0.022565,-0.648365,0.760994,-0.006586,-0.007452,0.012925,-0.077302,0.012191,-0.055116,-0.986563,0.109886,0.027382,-0.069074,0.595203,-0.355974,-0.720427,0.685337,0.692985,0.223798,0.419579,-0.62694,0.656429,0.023183,0.001191,-0.011724,0.030954,-0.017788,0.052154,-1.13097
367,0.222312,-0.030507,0.296412,-0.589676,0.353793,-0.726057,-0.690578,-0.687015,0.226019,-0.418121,0.634234,0.650346,0.061775,0.003365,-0.023758,0.001785,-0.000101,0.035923,-1.91571,-0.183047,-0.02465,0.307534,-0.470675,-0.582078,0.663056,0.879155,-0.372104,0.297589,0.074084,0.723717,0.686009,-0.013162,-0.015242,0.025436,0.156156,-0.383607,-0.302968,-1.40705,0.034203,0.030696,-0.014199,0.467101,0.6677,0.579649,-0.883934,0.368795,0.287488,-0.021816,-0.646658,0.762467,-0.006957,-0.002199,0.008475,0.204492,-0.435565,-0.319849,-0.98493,0.110337,0.027416,-0.069315,0.598033,-0.355573,-0.718278,0.684566,0.692685,0.22706,0.416804,-0.627498,0.657661,0.023209,0.00116,-0.011815,-0.090781,0.11116,-0.128415,-1.12999
368,0.224193,-0.0304,0.295467,-0.595677,0.352963,-0.721547,-0.688919,-0.686379,0.232907,-0.412313,0.635384,0.652926,0.046539,0.001849,-0.024392,0.033387,-0.019775,0.054912,-1.915379,-0.183439,-0.02508,0.308374,-0.470986,-0.58358,0.661512,0.878761,-0.375229,0.294814,0.076749,0.720887,0.688691,-0.013166,-0.015253,0.0254,-0.021036,-0.069648,-0.099785,-1.407314,0.034002,0.030473,-0.013772,0.466295,0.670663,0.57687,-0.884287,0.371501,0.282882,-0.024589,-0.642025,0.766288,-0.006599,-0.007647,0.012687,-0.044072,-0.045163,-0.091317,-0.987053,0.111284,0.02747,-0.069788,0.604016,-0.354683,-0.713697,0.68286,0.692063,0.233986,0.410933,-0.628687,0.660216,0.023274,0.001015,-0.012112,0.031019,-0.017548,0.051996,-1.133092
