frame,MLTx,MLTy,MLTz,MLTR1,MLTR2,MLTR3,MLTR4,MLTR5,MLTR6,MLTR7,MLTR8,MLTR9,MLTTVx,MLTTVy,MLTTVz,MLTRVx,MLTRVy,MLTRVz,MLGA,MRTx,MRTy,MRTz,MRTR1,MRTR2,MRTR3,MRTR4,MRTR5,MRTR6,MRTR7,MRTR8,MRTR9,MRTTVx,MRTTVy,MRTTVz,MRTRVx,MRTRVy,MRTRVz,MRGA,SLTx,SLTy,SLTz,SLTR1,SLTR2,SLTR3,SLTR4,SLTR5,SLTR6,SLTR7,SLTR8,SLTR9,SLTTVx,SLTTVy,SLTTVz,SLTRVx,SLTRVy,SLTRVz,SLGA,SRTx,SRTy,SRTz,SRTR1,SRTR2,SRTR3,SRTR4,SRTR5,SRTR6,SRTR7,SRTR8,SRTR9,SRTTVx,SRTTVy,SRTTVz,SRTRVx,SRTRVy,SRTRVz,SRGA
114,0.217915,-0.016473,0.354121,-0.550711,0.176134,-0.815929,-0.452844,-0.884163,0.114718,-0.700529,0.432441,0.567698,0.000179,-0.002147,-0.001802,-0.000874,0.013029,-0.025691,-0.27919,-0.269452,-0.021822,0.361705,-0.88161,0.22147,0.416781,0.037236,-0.847518,0.529396,0.471576,0.481959,0.738373,-0.016151,0.014367,-0.023785,0.069053,-0.006561,-0.025655,-0.966104,-0.006048,0.033638,0.006409,0.885026,-0.233141,0.402955,0.021121,0.884781,0.465526,-0.465061,-0.403492,0.787979,-0.008069,0.007171,-0.011899,0.051017,0.013517,-0.019314,-0.830457,0.107188,0.032062,-0.04191,0.677638,-0.117079,-0.726015,0.28545,0.951714,0.112953,0.677734,-0.283783,0.678338,9.1e-05,-0.001074,-0.000899,-0.000882,0.013031,-0.02565,-0.448741
115,0.217867,-0.016528,0.354038,-0.550723,0.17613,-0.815922,-0.452784,-0.884198,0.114682,-0.700558,0.43237,0.567715,-0.014652,0.006594,-0.011406,0.039843,-0.069962,0.143,-0.278779,-0.269922,-0.021266,0.360663,-0.879317,0.219969,0.422382,0.046035,-0.843359,0.535314,0.47507,0.489875,0.730886,-0.016237,0.023517,-0.034036,-0.172221,0.33266,0.186983,-1.326281,-0.006277,0.033908,0.005901,0.883271,-0.23043,0.408331,0.011891,0.881626,0.471798,-0.468711,-0.41187,0.781454,-0.008306,0.006411,-0.012574,-0.344102,0.486334,0.226001,-0.865564,0.10717,0.032032,-0.041947,0.677714,-0.116986,-0.725959,0.285338,0.951741,0.113005,0.677705,-0.283729,0.678389,7.2e-05,-0.000858,-0.000719,-2.2e-05,-5e-06,3e-05,-0.448741
116,0.217786,-0.016576,0.353936,-0.550888,0.176003,-0.815837,-0.452588,-0.884287,0.114772,-0.700555,0.432241,0.567819,0.000165,-0.001989,-0.001671,0.0,0.0,0.0,-0.278096,-0.270436,-0.020256,0.359349,-0.876437,0.219953,0.428333,0.060253,-0.832316,0.550957,0.478787,0.508407,0.715646,-0.01499,0.036883,-0.040539,-0.561766,0.80977,0.4617,-1.402479,-0.006536,0.034403,0.005242,0.881362,-0.228332,0.413599,-0.002547,0.873144,0.487456,-0.472434,-0.430678,0.768974,-0.007421,0.018628,-0.020094,-0.360776,0.424132,0.228238,-0.861156,0.107124,0.032009,-0.042003,0.677778,-0.116917,-0.725911,0.285173,0.951795,0.112965,0.677711,-0.283576,0.678447,0.000102,-0.00122,-0.001023,-1.4e-05,8e-06,2.8e-05,-0.448741
117,0.217734,-0.016589,0.353875,-0.551026,0.175898,-0.815767,-0.452428,-0.884359,0.114849,-0.70055,0.432137,0.567904,0.000202,-0.002445,-0.002056,-0.000875,0.013037,-0.025687,-0.278089,-0.270736,-0.019518,0.358548,-0.87632,0.217802,0.42967,0.070006,-0.824736,0.561109,0.477669,0.521513,0.706909,-0.014877,0.037187,-0.040256,-0.729228,0.081083,1.162002,-1.402736,-0.006692,0.034787,0.004827,0.88057,-0.227452,0.415765,-0.012211,0.866119,0.499687,-0.473757,-0.445086,0.759902,-0.007406,0.018679,-0.02004,-0.855787,0.103158,1.241791,-0.872259,0.107098,0.032004,-0.042033,0.677873,-0.116803,-0.725839,0.285008,0.95184,0.113002,0.677685,-0.283471,0.678517,5.2e-05,-0.000618,-0.000518,-2.3e-05,2e-06,1.7e-05,-0.448578
118,0.217607,-0.016589,0.353763,-0.551063,0.175884,-0.815745,-0.452246,-0.884466,0.114741,-0.700638,0.431924,0.567957,8.1e-05,-0.000988,-0.000831,0.0,0.0,0.0,-0.277592,-0.271357,-0.017606,0.356414,-0.875311,0.218615,0.431312,0.086079,-0.807103,0.584046,0.476886,0.548068,0.68707,-0.029287,0.056874,-0.059307,-0.435941,0.751561,0.467688,-1.403516,-0.007001,0.035749,0.003766,0.879502,-0.228558,0.417417,-0.027967,0.850781,0.524774,-0.475072,-0.473214,0.741871,-0.014663,0.028289,-0.02977,-0.503331,0.815576,0.481705,-0.893814,0.107035,0.032001,-0.042092,0.677917,-0.116767,-0.725805,0.284815,0.951912,0.11288,0.677722,-0.283244,0.678575,-0.007004,-0.001107,-0.000506,-0.000987,0.014727,-0.029527,-0.448252
119,0.217492,-0.01661,0.353658,-0.551013,0.175937,-0.815767,-0.452155,-0.884533,0.114577,-0.700735,0.431763,0.567959,0.000192,-0.002336,-0.001966,-0.000876,0.013048,-0.025682,-0.276797,-0.272062,-0.015294,0.353799,-0.875619,0.211179,0.434379,0.112962,-0.784688,0.609457,0.470649,0.582449,0.662651,-0.015639,0.062476,-0.072662,-0.740063,0.483173,0.426767,-1.403342,-0.007353,0.036907,0.00246,0.880211,-0.221064,0.41995,-0.054824,0.831597,0.552665,-0.471404,-0.509486,0.719862,-0.007835,0.031101,-0.03644,-0.82266,0.543207,0.445259,-0.88418,0.106977,0.031994,-0.042141,0.677868,-0.116844,-0.725839,0.28475,0.951955,0.112687,0.677799,-0.28307,0.678571,-0.000341,0.004671,-0.004973,0.035675,-0.007802,0.02097,-0.447925
120,0.217412,-0.016667,0.353576,-0.55097,0.175977,-0.815787,-0.45213,-0.884558,0.114485,-0.700785,0.431696,0.567948,0.000193,-0.002356,-0.001985,0.0,0.0,0.0,-0.275296,-0.272843,-0.012888,0.350941,-0.87709,0.206661,0.433585,0.138664,-0.755134,0.640687,0.460914,0.621794,0.633083,-0.016434,0.059782,-0.07499,-0.815058,0.43611,0.664464,-1.402624,-0.007737,0.038088,0.001059,0.881871,-0.216387,0.418902,-0.080808,0.805953,0.586437,-0.464513,-0.551013,0.693261,-0.008235,0.029701,-0.037658,-1.418283,-0.091518,-0.153092,-0.899202,0.106937,0.031965,-0.042183,0.677847,-0.116875,-0.725852,0.284721,0.951973,0.112606,0.677831,-0.282995,0.678569,0.000113,-0.001376,-0.001155,-0.000885,0.013052,-0.025649,-0.447272
121,0.217394,-0.0167,0.353523,-0.550985,0.175969,-0.815779,-0.452085,-0.884583,0.114467,-0.700802,0.431648,0.567963,0.000198,-0.002429,-0.002047,0.0,0.0,0.0,-0.275476,-0.273279,-0.011648,0.349422,-0.879216,0.201626,0.431646,0.153909,-0.737042,0.658039,0.451915,0.64473,0.616408,-0.030569,0.061515,-0.073355,-3.279347,-2.598397,-2.297339,-1.402978,-0.00795,0.038706,0.000298,0.883411,-0.214878,0.416426,-0.092246,0.791531,0.604125,-0.459428,-0.572105,0.679426,-0.008156,0.034579,-0.042437,-0.53783,0.614748,0.917483,-0.90655,0.106928,0.031948,-0.04221,0.677859,-0.116864,-0.725843,0.284675,0.951989,0.112581,0.677839,-0.282944,0.678583,0.000116,-0.001409,-0.001187,-0.000887,0.013055,-0.025643,-0.446945
122,0.217376,-0.016733,0.353389,-0.550934,0.176027,-0.815801,-0.451979,-0.884661,0.114284,-0.700911,0.431464,0.567969,-0.000593,0.008198,-0.010915,0.03567,-0.007833,0.020918,-0.274398,-0.274172,-0.009085,0.346283,-0.88749,0.184791,0.422143,0.180939,-0.702546,0.688204,0.424856,0.686913,0.589501,-0.016545,0.068397,-0.085508,-0.600071,0.543082,0.837681,-1.402671,-0.008408,0.04001,-0.001299,0.892657,-0.19697,0.40542,-0.123201,0.758586,0.639818,-0.433572,-0.621086,0.65289,-0.008269,0.03412,-0.042805,-0.646414,0.57643,0.847394,-0.915368,0.106919,0.031927,-0.042273,0.67783,-0.116918,-0.725861,0.284591,0.952035,0.11241,0.677903,-0.282769,0.678592,0.000116,-0.001398,-0.001177,-4e-06,1.3e-05,3.6e-05,-0.446619
123,0.217334,-0.016724,0.353185,-0.549931,0.17928,-0.81577,-0.456899,-0.882158,0.114072,-0.698509,0.435229,0.568057,-0.000538,0.00753,-0.011481,-4.472702,0.622578,3.160292,-0.271169,-0.275134,-0.006699,0.343248,-0.896148,0.163952,0.412346,0.207091,-0.667076,0.715581,0.393506,0.726441,0.563293,-0.017398,0.056392,-0.077923,-0.862798,0.353821,0.673013,-1.402657,-0.008882,0.041182,-0.002787,0.902093,-0.176422,0.393831,-0.149947,0.727608,0.669404,-0.404652,-0.662918,0.629916,-0.015542,0.029592,-0.037679,-1.039707,-0.797149,-0.177591,-0.910959,0.106903,0.031934,-0.042374,0.677846,-0.116936,-0.725843,0.284314,0.952152,0.112118,0.678003,-0.282366,0.678659,0.000106,-0.001272,-0.001075,-1e-05,1.1e-05,2.6e-05,-0.445966
124,0.217201,-0.016646,0.352858,-0.55015,0.179162,-0.815648,-0.456234,-0.882536,0.113808,-0.69877,0.434511,0.568285,-0.014528,0.004866,-0.012883,0.03381,0.019932,-0.034316,-0.261393,-0.276101,-0.004673,0.340496,-0.903813,0.153074,0.399603,0.219667,-0.635167,0.740435,0.368285,0.756787,0.53991,-0.017594,0.046514,-0.068477,-0.717666,0.695439,0.928968,-1.402586,-0.009367,0.042195,-0.00417,0.909918,-0.166276,0.38,-0.163333,0.698481,0.696739,-0.381274,-0.696042,0.608402,-0.015597,0.024811,-0.032812,-0.452403,0.394657,0.724589,-0.90949,0.106837,0.031974,-0.042537,0.677516,-0.120176,-0.725622,0.2892,0.950624,0.112586,0.676264,-0.286129,0.678819,-0.000226,0.0033,-0.006131,0.035826,-0.007862,0.020867,-0.44172
125,0.217091,-0.016585,0.352661,-0.550302,0.179076,-0.815564,-0.455805,-0.882778,0.113654,-0.698931,0.434055,0.568436,0.000395,-0.004885,-0.004133,-0.00088,0.013101,-0.025655,-0.250863,-0.276616,-0.003794,0.339274,-0.908252,0.14211,0.39354,0.228408,-0.61937,0.751095,0.35162,0.771879,0.529557,-0.031575,0.039478,-0.056486,-2.671927,-3.697715,-2.178824,-1.402092,-0.00962,0.042635,-0.004788,0.913204,-0.162728,0.373599,-0.168365,0.684225,0.709569,-0.371093,-0.710883,0.597439,-0.01556,0.024922,-0.032716,-0.702882,0.623314,0.836242,-0.910143,0.106776,0.032008,-0.042638,0.677645,-0.120056,-0.725522,0.288737,0.950793,0.11235,0.676333,-0.285619,0.678965,-0.007266,0.002535,-0.006353,0.034775,0.006814,-0.008723,-0.437148
126,0.21674,-0.016415,0.352116,-0.549721,0.18204,-0.8153,-0.459785,-0.880758,0.113293,-0.69678,0.436911,0.568887,-0.014326,0.002284,-0.015082,0.033811,0.019909,-0.034327,-0.244662,-0.27762,-0.002262,0.337037,-0.912507,0.143886,0.382908,0.229231,-0.59512,0.770207,0.339839,0.790397,0.509554,-0.031264,0.040381,-0.055707,-0.394548,0.423924,0.497971,-1.402572,-0.010122,0.043401,-0.005906,0.918064,-0.160582,0.362449,-0.17303,0.660282,0.730813,-0.356674,-0.733648,0.578396,-0.008753,0.018707,-0.02918,-0.58453,0.55872,0.583026,-0.918144,0.106606,0.032093,-0.042905,0.677509,-0.123069,-0.725144,0.293038,0.94944,0.112653,0.674617,-0.288819,0.679318,-0.007545,0.006459,-0.011962,0.070585,0.012137,-0.012693,-0.428494
127,0.216125,-0.016263,0.351343,-0.549693,0.184573,-0.814749,-0.463093,-0.87903,0.113239,-0.69461,0.439317,0.569688,-0.014025,-0.00171,-0.0185,0.032929,0.033057,-0.059957,-0.241576,-0.278486,-0.001296,0.335136,-0.914245,0.15358,0.374914,0.226292,-0.573703,0.787141,0.337121,0.80427,0.489247,-0.019481,0.013616,-0.043458,-0.462754,0.446186,0.468636,-1.4024,-0.010558,0.043898,-0.006857,0.919089,-0.170781,0.355115,-0.170452,0.640214,0.749046,-0.355273,-0.748971,0.559304,-0.00964,0.007028,-0.021506,-0.672846,0.583391,0.554383,-0.924023,0.106298,0.032173,-0.043288,0.677797,-0.125572,-0.724445,0.296578,0.948286,0.113109,0.672778,-0.29152,0.679988,-0.007415,0.004834,-0.013347,0.070118,0.011911,-0.013373,-0.425064
128,0.215674,-0.016198,0.350849,-0.5462,0.18624,-0.816717,-0.467053,-0.877054,0.11229,-0.694719,0.442546,0.56705,-0.028014,-0.004836,-0.020343,-1.330755,0.20151,0.834205,-0.231076,-0.278779,-0.001145,0.334336,-0.913556,0.164306,0.372036,0.221457,-0.56599,0.79407,0.342181,0.807593,0.480176,-0.020515,0.00158,-0.036172,-0.356838,0.327259,0.364736,-1.402517,-0.010711,0.04398,-0.007273,0.917622,-0.182634,0.353007,-0.165378,0.632185,0.756961,-0.361413,-0.752984,0.549904,-0.010267,0.000683,-0.018174,-0.337545,0.318219,0.358794,-0.91994,0.106078,0.032207,-0.043534,0.674884,-0.126734,-0.726958,0.299294,0.947484,0.112675,0.674502,-0.293617,0.677373,-0.014526,0.002945,-0.014589,-4.443219,0.626754,3.077392,-0.421145
129,0.214538,-0.016066,0.349564,-0.539865,0.18344,-0.821548,-0.468684,-0.876184,0.112283,-0.698565,0.445431,0.560022,-0.043286,0.009373,-0.043311,0.053891,-0.274574,-0.198642,-0.219238,-0.27891,-0.00142,0.33306,-0.912189,0.181586,0.367328,0.214184,-0.552638,0.805389,0.350386,0.813096,0.464723,0.007217,-0.021805,-0.020679,-0.425682,0.412744,0.244676,-1.402672,-0.01078,0.043845,-0.007901,0.91554,-0.198758,0.349687,-0.158461,0.620839,0.767755,-0.369697,-0.758323,0.536907,0.003816,-0.005795,-0.014879,0.002095,0.088263,0.021811,-0.925655,0.105515,0.032271,-0.044165,0.669142,-0.126953,-0.732209,0.30295,0.946309,0.112782,0.678578,-0.29729,0.671676,-0.014199,0.000319,-0.016823,0.057454,-0.523914,-0.077911,-0.411185
130,0.213089,-0.015906,0.347941,-0.530791,0.175949,-0.829065,-0.468684,-0.87595,0.114101,-0.705489,0.44891,0.548446,-0.042406,-0.004448,-0.037381,-0.015737,-0.226954,-0.275304,-0.213934,-0.278652,-0.002099,0.332372,-0.910707,0.189211,0.367156,0.210399,-0.552135,0.806731,0.356501,0.811688,0.462529,0.008556,-0.027198,-0.00707,0.019807,0.13902,0.059802,-1.40303,-0.010664,0.043508,-0.008257,0.913437,-0.207626,0.350031,-0.154335,0.619113,0.769986,-0.376578,-0.757357,0.533477,0.004274,-0.01367,-0.003586,0.595268,1.37703,0.720782,-0.9219,0.10479,0.032353,-0.044982,0.65971,-0.121024,-0.74171,0.302708,0.946136,0.114863,0.687858,-0.300298,0.660811,-0.021544,0.003158,-0.023019,-0.001216,-0.31086,-0.267852,-0.405143
131,0.21224,-0.015817,0.34704,-0.524558,0.167282,-0.834806,-0.465478,-0.877326,0.116622,-0.712242,0.449546,0.539117,-0.043112,0.00496,-0.047363,-0.077306,-0.46135,-0.595914,-0.209865,-0.278316,-0.002566,0.332182,-0.906064,0.208684,0.368091,0.198406,-0.558547,0.805354,0.374793,0.802453,0.464179,0.023012,-0.028339,-0.008039,0.866975,1.082438,0.618391,-1.402891,-0.010492,0.043268,-0.008357,0.907877,-0.226889,0.352533,-0.142643,0.623546,0.768662,-0.394222,-0.748138,0.533739,0.01157,-0.01447,-0.004147,2.543308,4.116155,2.326278,-0.922553,0.104366,0.032393,-0.045429,0.653687,-0.11498,-0.747978,0.299292,0.947087,0.115976,0.695065,-0.299676,0.653511,-0.021527,0.00255,-0.023592,-0.068304,-0.580463,-0.454126,-0.40253
132,0.210412,-0.015674,0.345115,-0.51277,0.154579,-0.844522,-0.46986,-0.873788,0.125288,-0.717935,0.460854,0.521737,-0.043739,0.012348,-0.059233,-0.00712,-0.438178,-0.335848,-0.179513,-0.277079,-0.003964,0.331942,-0.87528,0.297795,0.381045,0.146119,-0.588022,0.795496,0.462049,0.751568,0.470658,0.050333,-0.044842,-0.004796,1.141317,0.98312,0.557424,-1.402772,-0.009894,0.042596,-0.008472,0.874481,-0.310138,0.372955,-0.092148,0.648667,0.755473,-0.476225,-0.695014,0.538668,0.018508,-0.015558,-0.005365,0.929085,1.353883,0.489774,-0.923369,0.103452,0.032462,-0.046387,0.640918,-0.103777,-0.760562,0.302758,0.94467,0.126232,0.70538,-0.31117,0.636875,-0.028564,0.000138,-0.025405,-0.09265,-0.629397,-0.298318,-0.388977
133,0.208423,-0.015443,0.34298,-0.500775,0.133253,-0.855286,-0.468835,-0.872339,0.138534,-0.727023,0.470192,0.500386,-0.058032,0.010427,-0.06039,-0.045091,-0.523667,-0.45377,-0.142908,-0.275312,-0.005367,0.331912,-0.838174,0.357903,0.411535,0.110188,-0.627688,0.770585,0.535153,0.690766,0.486124,0.053252,-0.036824,0.002871,1.319559,2.006496,-1.773148,-1.402582,-0.008981,0.041854,-0.008498,0.834216,-0.370073,0.408813,-0.05101,0.686394,0.725438,-0.549071,-0.626026,0.553724,0.026694,-0.018145,0.001648,1.450087,1.938909,-1.792633,-0.927778,0.102463,0.032576,-0.047456,0.627342,-0.085425,-0.774043,0.300212,0.943665,0.139169,0.718549,-0.319684,0.617646,-0.028994,0.005644,-0.02978,-0.119377,-0.724435,-0.513951,-0.36383
134,0.207316,-0.01528,0.341806,-0.492781,0.119292,-0.861964,-0.465715,-0.872895,0.145381,-0.734454,0.472918,0.486778,-0.05813,0.010753,-0.060259,-0.122566,-0.80802,-0.57579,-0.119708,-0.274148,-0.006135,0.332032,-0.817928,0.383521,0.42883,0.088805,-0.652111,0.75286,0.569399,0.653374,0.498749,0.067701,-0.04761,0.011509,3.491628,4.980172,0.488257,-1.402588,-0.00845,0.041502,-0.008442,0.815983,-0.389692,0.426978,-0.033022,0.705993,0.707448,-0.57713,-0.591366,0.56321,0.027198,-0.017315,0.00243,3.226311,3.672174,1.885969,-0.928432,0.101931,0.032651,-0.048023,0.619081,-0.07448,-0.781787,0.296341,0.944053,0.144727,0.727269,-0.321273,0.606516,-0.028989,0.004774,-0.030627,0.007963,-0.384028,-0.391571,-0.349134
135,0.205096,-0.014943,0.339432,-0.470944,0.10258,-0.876205,-0.47155,-0.868679,0.15169,-0.745,0.48448,0.458564,-0.058204,0.008768,-0.062371,0.011023,-0.865801,-0.120929,-0.093634,-0.271524,-0.007917,0.332476,-0.782847,0.42374,0.455617,0.045798,-0.690872,0.721479,0.621464,0.585131,0.520834,0.067817,-0.057406,0.020902,1.085004,1.018872,-2.108839,-1.402846,-0.00711,0.040607,-0.008217,0.777737,-0.430359,0.458165,0.014984,0.741365,0.670934,-0.62841,-0.514945,0.583036,0.041158,-0.024467,0.005029,1.203678,0.935608,0.486191,-0.93431,0.100799,0.032825,-0.049231,0.59641,-0.061037,-0.800355,0.301507,0.941123,0.152905,0.7439,-0.332507,0.579699,-0.03616,0.003414,-0.031633,0.14315,-1.416524,0.228395,-0.320559
136,0.20256,-0.014483,0.336812,-0.450229,0.080027,-0.889345,-0.467602,-0.869613,0.158411,-0.760155,0.487077,0.430056,-0.058975,0.018827,-0.072046,0.01,-0.586022,-0.247859,-0.0828,-0.268411,-0.010117,0.33321,-0.754036,0.450115,0.478349,0.001207,-0.727178,0.6864,0.657737,0.517574,0.547139,0.069162,-0.044692,0.014019,1.208879,-0.502826,-0.226822,-1.402763,-0.005584,0.039526,-0.007854,0.747872,-0.452318,0.485895,0.057121,0.773077,0.631735,-0.661379,-0.444702,0.604,0.041549,-0.029042,0.009896,3.643896,4.575918,0.618195,-0.932024,0.099559,0.033048,-0.050514,0.574154,-0.042889,-0.817622,0.296632,0.941677,0.158906,0.763122,-0.33377,0.55339,-0.036588,0.009361,-0.035646,-0.100905,-0.891583,-0.414848,-0.306352
137,0.199897,-0.013989,0.334228,-0.428502,0.063438,-0.901336,-0.470405,-0.867338,0.16253,-0.770926,0.493554,0.402622,-0.073478,0.018958,-0.071589,-0.009692,-0.662142,-0.299872,-0.073867,-0.26529,-0.012284,0.333723,-0.733246,0.461972,0.498922,-0.034128,-0.757701,0.651658,0.67999,0.460212,0.570686,0.081988,-0.052362,0.006358,0.591752,-0.49097,-0.44118,-1.4028,-0.003995,0.038433,-0.007577,0.727802,-0.460866,0.507844,0.094112,0.800642,0.591704,-0.679298,-0.38285,0.626082,0.040754,-0.031664,0.007353,0.759772,-0.612036,-0.528715,-0.939535,0.098206,0.033295,-0.051833,0.551996,-0.030777,-0.833277,0.29904,0.940151,0.163372,0.778379,-0.339364,0.528163,-0.03638,0.003377,-0.0321,-0.124976,-0.950375,-0.287985,-0.296555
138,0.198429,-0.013761,0.332911,-0.419804,0.058119,-0.905777,-0.474478,-0.86477,0.164361,-0.773221,0.498694,0.391741,-0.073557,0.01805,-0.072662,0.04121,-0.600866,-0.073693,-0.065095,-0.263594,-0.013374,0.333805,-0.718076,0.472949,0.510566,-0.055449,-0.770033,0.635538,0.694618,0.427455,0.578491,0.081542,-0.054567,0.004061,3.367341,3.102431,2.730305,-1.402885,-0.003177,0.037911,-0.007535,0.71519,-0.466813,0.520181,0.110564,0.810445,0.575285,-0.690129,-0.353925,0.631235,0.040805,-0.022213,-0.002635,0.382596,0.548025,-1.047152,-0.942311,0.097472,0.033411,-0.052489,0.5431,-0.026688,-0.839243,0.303046,0.938358,0.166271,0.783074,-0.344631,0.51771,-0.043612,0.003294,-0.031941,-0.043033,-0.709126,-0.193737,-0.291329
139,0.19521,-0.013392,0.330393,-0.402341,0.042585,-0.914524,-0.472787,-0.865063,0.167661,-0.783487,0.499774,0.369325,-0.087668,0.009103,-0.062173,-0.053775,-0.801373,-0.254273,-0.043308,-0.260391,-0.01514,0.333617,-0.688758,0.488233,0.53594,-0.076635,-0.784009,0.615947,0.721758,0.382551,0.5767,0.082283,-0.043597,-0.004682,0.10352,0.312251,-0.642503,-1.402866,-0.001548,0.036996,-0.007631,0.684228,-0.481556,0.547663,0.136151,0.822125,0.552786,-0.716445,-0.303667,0.628085,0.041212,-0.016581,-0.006873,0.291348,0.661151,-0.902325,-0.960763,0.095868,0.033596,-0.053755,0.525687,-0.016049,-0.850525,0.300938,0.938677,0.168289,0.795668,-0.344423,0.49828,-0.043789,0.004832,-0.030772,0.117934,-0.360268,0.217944,-0.275164
140,0.191864,-0.013249,0.328252,-0.387245,0.039215,-0.921167,-0.481918,-0.86035,0.165907,-0.785545,0.508121,0.353214,-0.087521,0.00156,-0.051066,-5.016394,0.683469,2.025851,-0.038075,-0.257285,-0.01648,0.333086,-0.655457,0.500437,0.565624,-0.089341,-0.79495,0.600006,0.750715,0.342114,0.56502,0.082419,-0.034341,-0.015131,-0.042775,0.361443,-0.530783,-1.40325,5e-06,0.036324,-0.007891,0.651379,-0.489933,0.57937,0.148512,0.831139,0.535865,-0.744075,-0.263007,0.614148,0.041219,-0.012148,-0.012291,0.056415,0.317794,-0.299587,-0.973989,0.094228,0.033671,-0.054817,0.509709,-0.011092,-0.860274,0.305209,0.937214,0.168752,0.804389,-0.348578,0.481092,-0.043715,0.000893,-0.025365,0.09067,-0.213589,0.078688,-0.266509
141,0.188402,-0.013309,0.326552,-0.372688,0.033985,-0.927359,-0.481638,-0.861262,0.161942,-0.792738,0.506958,0.338507,-0.101815,-0.00537,-0.038718,0.228416,-0.578726,0.745389,-0.033783,-0.254253,-0.017429,0.332207,-0.629972,0.506303,0.588883,-0.095565,-0.802935,0.5883,0.771468,0.313699,0.553437,0.068998,-0.009852,-0.029705,-0.240889,0.545328,-0.406478,-1.403607,0.001525,0.035837,-0.008329,0.627324,-0.4922,0.603492,0.155063,0.838372,0.522578,-0.763164,-0.234246,0.602253,0.041477,-0.011638,-0.011957,-0.465246,0.690988,-0.305148,-0.978725,0.09247,0.033638,-0.055689,0.496208,-0.01058,-0.868138,0.310513,0.935948,0.166075,0.810776,-0.351977,0.46771,-0.043639,-0.002399,-0.019327,0.655604,-1.560352,2.39119,-0.26308
142,0.186548,-0.013437,0.325867,-0.364212,0.035147,-0.930677,-0.482265,-0.861985,0.156121,-0.796296,0.505646,0.332056,-0.101595,-0.014321,-0.02866,0.030887,-0.19015,0.092944,-0.028084,-0.25275,-0.017798,0.331709,-0.618211,0.507861,0.599904,-0.096563,-0.80641,0.583363,0.780795,0.302074,0.546784,0.068935,-0.010337,-0.030326,-0.09157,0.507075,-0.700631,-1.403465,0.002303,0.03565,-0.008587,0.61481,-0.492937,0.615647,0.155256,0.84098,0.518312,-0.773242,-0.223081,0.593574,0.034477,-0.005144,-0.015185,-0.068303,0.487437,-0.709491,-0.980521,0.091504,0.033572,-0.056046,0.488041,-0.014211,-0.872704,0.312023,0.936634,0.159239,0.815142,-0.350019,0.46155,-0.050773,-0.006978,-0.014104,0.040479,-0.157466,0.104541,-0.260467
143,0.182701,-0.013949,0.324884,-0.336714,0.051487,-0.940222,-0.491791,-0.861101,0.12891,-0.802577,0.505731,0.316438,-0.101594,-0.020277,-0.015953,0.024045,-0.210377,0.318625,-0.02554,-0.249831,-0.01825,0.330756,-0.599709,0.506265,0.619707,-0.090644,-0.812312,0.576079,0.79578,0.288671,0.532229,0.084933,-0.006185,-0.026629,-0.274641,0.585942,-0.342643,-1.403477,0.003728,0.035419,-0.009061,0.598347,-0.488364,0.635201,0.150141,0.847073,0.509827,-0.787043,-0.209684,0.580167,0.035347,-0.001938,-0.012122,-0.479852,0.756916,-0.246864,-0.983787,0.089652,0.03333,-0.056527,0.465737,-0.035234,-0.88422,0.324951,0.93621,0.133853,0.8231,-0.349669,0.447477,-0.050945,-0.004953,-0.012398,0.232896,-0.643981,0.991471,-0.254752
144,0.178963,-0.014659,0.3244,-0.31901,0.062523,-0.945711,-0.501294,-0.85794,0.112322,-0.80395,0.509829,0.306213,-0.101877,-0.015452,-0.011723,0.008549,-0.170711,0.257245,-0.024969,-0.247026,-0.018359,0.329878,-0.58552,0.503353,0.635448,-0.089299,-0.819044,0.566681,0.806418,0.274426,0.523684,0.071363,-0.001023,-0.021512,-0.004163,0.310922,-0.522501,-1.403416,0.005136,0.035363,-0.009502,0.583783,-0.484562,0.651457,0.14831,0.85252,0.501212,-0.798248,-0.195981,0.569551,0.035661,-0.000659,-0.01095,0.028149,0.206053,-0.386938,-0.984766,0.08775,0.032965,-0.056777,0.450736,-0.049558,-0.891279,0.337201,0.933932,0.118598,0.826517,-0.353997,0.437668,-0.050914,-0.007363,-0.005448,0.013184,-0.270829,0.428298,-0.252303
145,0.176956,-0.015039,0.324282,-0.312135,0.066088,-0.94776,-0.503516,-0.857445,0.105981,-0.805267,0.510206,0.302097,-0.101695,-0.023357,-0.000564,-0.02651,-0.173191,0.263379,-0.021216,-0.245662,-0.018332,0.329459,-0.579276,0.501516,0.642583,-0.083671,-0.820637,0.565233,0.81151,0.273031,0.516497,0.0717,0.000478,-0.020112,-0.07732,0.304002,-0.291907,-1.403278,0.005818,0.035377,-0.009711,0.57792,-0.481739,0.658737,0.142537,0.854361,0.499749,-0.803548,-0.19492,0.562418,0.035863,0.000226,-0.010116,-0.080724,0.323464,-0.312933,-0.98542,0.086747,0.032777,-0.056841,0.444874,-0.054315,-0.893944,0.340308,0.933543,0.112634,0.828418,-0.354324,0.433793,-0.050975,-0.006313,-0.004536,0.007719,-0.170384,0.257639,-0.250833
146,0.173158,-0.01567,0.32421,-0.303671,0.073509,-0.949961,-0.506805,-0.856721,0.095658,-0.806448,0.510398,0.2986,-0.101849,-0.018992,0.003303,-0.026783,-0.172372,0.263845,-0.004698,-0.243072,-0.018042,0.328652,-0.567574,0.495734,0.657343,-0.073419,-0.825597,0.559404,0.820709,0.268619,0.504125,0.057889,0.005066,-0.015433,-0.130837,0.381342,-0.281647,-1.403352,0.007097,0.035515,-0.010107,0.567537,-0.474224,0.673061,0.132604,0.859444,0.493731,-0.812599,-0.19096,0.550651,0.036228,0.001966,-0.008467,-0.215894,0.364484,-0.020311,-0.985746,0.08481,0.032454,-0.056877,0.437941,-0.063332,-0.89677,0.345177,0.932903,0.102685,0.830096,-0.354514,0.430417,-0.050915,-0.009283,0.00192,-0.0288,-0.177153,0.261509,-0.243812
147,0.169321,-0.016127,0.324209,-0.296577,0.078265,-0.951821,-0.513634,-0.853278,0.089825,-0.804775,0.515426,0.294449,-0.102177,-0.005931,-0.003448,0.168026,-0.416813,0.625144,0.025413,-0.240719,-0.017758,0.327939,-0.549142,0.503135,0.6673,-0.080729,-0.826568,0.556958,0.832464,0.251348,0.49365,0.057446,0.003479,-0.01715,0.017892,0.425671,-0.266698,-1.403402,0.008297,0.03567,-0.010465,0.548665,-0.480064,0.684473,0.13942,0.859781,0.491261,-0.824334,-0.174108,0.538663,0.028868,0.002323,-0.008033,0.272292,0.508769,0.103074,-0.986889,0.082929,0.032232,-0.056872,0.432608,-0.06878,-0.898954,0.353077,0.93037,0.098729,0.82957,-0.360111,0.42677,-0.043789,-0.002969,-0.001834,0.573791,-1.542853,2.425061,-0.220951
148,0.165508,-0.016401,0.324126,-0.284458,0.086756,-0.954779,-0.5249,-0.847442,0.079326,-0.801891,0.523617,0.28779,-0.102361,-0.005494,-0.003422,-0.000994,0.013421,-0.054702,0.048601,-0.238451,-0.017658,0.327156,-0.530217,0.506757,0.679749,-0.081226,-0.828297,0.554311,0.844581,0.238057,0.479453,0.056745,0.000455,-0.020311,-0.062972,0.31165,-0.325986,-1.403352,0.009432,0.035724,-0.010853,0.529855,-0.481942,0.697843,0.139997,0.861258,0.488503,-0.836453,-0.16114,0.523812,0.02825,-0.000389,-0.01081,-0.034898,0.207105,-0.182308,-0.9864,0.081023,0.032098,-0.05691,0.421769,-0.07991,-0.903174,0.366661,0.926059,0.08929,0.829258,-0.368819,0.419883,-0.043913,-0.002952,-0.001992,0.005047,-0.102836,0.149507,-0.183231
149,0.163664,-0.016501,0.32405,-0.275623,0.09225,-0.956853,-0.530607,-0.844592,0.07136,-0.801231,0.527263,0.28293,-0.102438,-0.00512,-0.003251,0.002162,0.005226,-0.041739,0.05488,-0.237332,-0.017619,0.326642,-0.518882,0.509188,0.686644,-0.086929,-0.830407,0.550275,0.851019,0.225202,0.474252,0.056047,0.008082,-0.032157,0.035603,0.287725,-0.437816,-1.403586,0.009992,0.035744,-0.011102,0.518632,-0.48338,0.70524,0.145706,0.862747,0.484186,-0.84249,-0.148357,0.51788,0.027982,-0.001638,-0.012096,0.063078,0.295911,-0.481666,-0.989665,0.080063,0.032046,-0.05695,0.414309,-0.08687,-0.90598,0.373773,0.923857,0.082344,0.829843,-0.372747,0.415233,-0.051221,-0.002564,-0.001573,-0.001587,0.013041,-0.052722,-0.170331
150,0.160099,-0.016689,0.323838,-0.265452,0.099382,-0.959012,-0.541658,-0.838217,0.06301,-0.797275,0.536055,0.277533,-0.088107,-0.005635,-0.004359,0.003483,-0.098477,0.140771,0.066756,-0.234972,-0.017584,0.32537,-0.48956,0.525808,0.695591,-0.115948,-0.829801,0.54582,0.864794,0.185903,0.466298,0.05512,-0.007471,-0.028536,1.14377,1.096106,0.537561,-1.403479,0.011147,0.035767,-0.011724,0.492241,-0.495027,0.715992,0.169667,0.861334,0.478869,-0.853762,-0.114239,0.507974,0.027477,0.001339,-0.018913,0.046815,0.170307,-0.217432,-0.989665,0.078313,0.031954,-0.057054,0.405997,-0.095559,-0.908864,0.386701,0.919058,0.076111,0.828026,-0.382359,0.410087,-0.044069,0.002592,-0.006398,0.03449,-0.009288,-0.012764,-0.151226
151,0.156785,-0.016765,0.323648,-0.261914,0.103113,-0.959591,-0.551774,-0.83173,0.061174,-0.791494,0.545368,0.275933,-0.087972,-0.002541,-0.001596,0.003391,-0.098568,0.140698,0.079391,-0.232713,-0.017756,0.323826,-0.44594,0.547411,0.708146,-0.157804,-0.826767,0.539896,0.881556,0.12833,0.454151,0.053739,-0.003742,-0.044535,3.955772,3.21744,2.297661,-1.403514,0.012303,0.035684,-0.012501,0.448001,-0.51365,0.73175,0.210979,0.856106,0.471773,-0.868782,-0.056971,0.491906,0.034129,-0.008064,-0.019009,0.113812,0.23994,-0.136938,-0.989992,0.076656,0.031911,-0.057154,0.403224,-0.099858,-0.909636,0.397889,0.914279,0.07601,0.824071,-0.392584,0.408392,-0.043959,-0.001053,-0.000523,-0.004498,0.088686,-0.1765,-0.133917
152,0.155093,-0.016742,0.323602,-0.26116,0.106913,-0.95938,-0.566031,-0.822,0.062425,-0.781618,0.559206,0.276385,-0.087797,-0.000298,0.000483,-5.307945,0.433283,1.35013,0.090907,-0.231548,-0.017888,0.322935,-0.422765,0.557753,0.714263,-0.178589,-0.82389,0.537814,0.888953,0.099115,0.446992,0.053491,-0.005397,-0.046392,0.325454,0.531037,0.024603,-1.403629,0.012885,0.035617,-0.012948,0.421604,-0.52456,0.739652,0.236008,0.851057,0.469043,-0.875528,-0.023186,0.482609,0.033998,-0.003409,-0.024166,1.17372,1.149634,0.580893,-0.990482,0.07581,0.03192,-0.057179,0.403218,-0.102258,-0.909372,0.408024,0.909578,0.078638,0.819103,-0.402754,0.408482,-0.043923,-0.000404,4.3e-05,6.9e-05,0.002624,-0.029559,-0.122487
153,0.151697,-0.016588,0.323596,-0.257353,0.114034,-0.959589,-0.589036,-0.805694,0.062173,-0.765733,0.581088,0.275714,-0.087386,0.0142,-0.004708,0.02845,0.074601,-0.159077,0.123506,-0.229132,-0.018194,0.321096,-0.359135,0.581135,0.730271,-0.231512,-0.813398,0.533591,0.904519,0.021843,0.425711,0.05372,-0.00515,-0.046512,3.935445,3.288742,2.436253,-1.403704,0.014066,0.035459,-0.013857,0.361251,-0.541476,0.759145,0.283862,0.839343,0.463599,-0.888211,0.048017,0.456918,0.0268,-0.008678,-0.0197,0.08248,0.861589,0.125065,-1.003219,0.074111,0.03199,-0.057181,0.400264,-0.111579,-0.909581,0.438542,0.89485,0.08321,0.804654,-0.432196,0.407108,-0.043738,0.001586,0.001876,-0.007789,0.092192,-0.176744,-0.08346
154,0.148332,-0.01628,0.32363,-0.24663,0.12705,-0.960769,-0.625504,-0.778072,0.057621,-0.739928,0.615015,0.272564,-0.087263,0.015072,-0.004139,0.028423,0.074318,-0.159159,0.182597,-0.226738,-0.018453,0.319454,-0.293747,0.592642,0.749986,-0.276398,-0.803656,0.526949,0.915371,-0.053239,0.398905,0.054665,-0.000906,-0.042453,-0.183649,0.623537,-0.163929,-1.403852,0.015287,0.035318,-0.014705,0.292738,-0.550248,0.782004,0.333056,0.825293,0.45603,-0.896312,0.126954,0.424859,0.034673,-0.006621,-0.017985,-0.232992,0.802938,-0.043375,-1.005341,0.07243,0.032148,-0.05716,0.391954,-0.126307,-0.911272,0.479311,0.87351,0.085087,0.785259,-0.470133,0.402916,-0.043702,0.002019,0.002156,-0.004289,0.009518,-0.034043,-0.024186
155,0.146588,-0.016089,0.323665,-0.237761,0.134344,-0.962012,-0.643493,-0.763642,0.052342,-0.727312,0.631323,0.269212,-0.087318,0.004783,0.004789,0.002927,-0.024397,0.012585,0.22462,-0.225617,-0.018524,0.318745,-0.261207,0.592677,0.761903,-0.298417,-0.800133,0.520258,0.918275,-0.092204,0.384879,0.069842,-0.010794,-0.033572,-0.305863,0.772175,-0.115189,-1.404064,0.015842,0.035285,-0.015064,0.261605,-0.547512,0.794854,0.355121,0.820366,0.448206,-0.897469,0.165016,0.409044,0.027714,0.001435,-0.019327,-0.193611,0.839622,-0.059504,-1.007137,0.07159,0.032243,-0.057144,0.384631,-0.135044,-0.913138,0.499943,0.862062,0.083095,0.77596,-0.488479,0.39909,-0.043673,0.002288,0.002348,0.047766,-0.032481,0.017654,0.024964
156,0.143384,-0.015743,0.323749,-0.217211,0.144497,-0.965394,-0.661537,-0.748996,0.036682,-0.717513,0.646429,0.259483,-0.087336,0.004815,0.004533,0.164618,-0.434729,0.653825,0.298894,-0.223399,-0.018604,0.317549,-0.196678,0.589955,0.78311,-0.348503,-0.788529,0.506658,0.916637,-0.173995,0.359676,0.056354,-0.004039,-0.026237,-0.326446,0.901285,-0.246981,-1.404453,0.016956,0.035241,-0.015667,0.198615,-0.540204,0.81776,0.404395,0.805215,0.433698,-0.892757,0.244559,0.378383,0.028304,-0.001362,-0.012426,0.090808,0.461042,-0.485377,-1.016445,0.069956,0.032424,-0.0571,0.367394,-0.148235,-0.918175,0.521858,0.850023,0.071581,0.76986,-0.505456,0.389651,-0.036199,0.008021,-0.001732,0.591071,-1.48849,2.31212,0.133879
157,0.140379,-0.015401,0.323847,-0.197891,0.154487,-0.967997,-0.68409,-0.729001,0.023451,-0.70181,0.666643,0.251151,-0.072354,0.016307,-0.003524,0.031026,-0.04201,0.041994,0.353185,-0.221124,-0.018761,0.316922,-0.143801,0.581868,0.800464,-0.390432,-0.776527,0.494471,0.909459,-0.242137,0.337812,0.058074,-0.006255,-0.00883,0.014486,0.55324,-0.489532,-1.404472,0.018092,0.035158,-0.015993,0.144474,-0.528731,0.836402,0.444117,0.789998,0.422683,-0.884243,0.310394,0.348953,0.0291,0.003307,-0.007615,0.35822,0.692028,-0.394279,-1.021181,0.068448,0.032589,-0.05705,0.349791,-0.161763,-0.922755,0.549032,0.833497,0.062008,0.759084,-0.528312,0.380363,-0.03631,0.002606,0.002426,-0.00838,-0.121887,0.192048,0.227445
158,0.137741,-0.015223,0.324008,-0.179371,0.160953,-0.970549,-0.69407,-0.719833,0.008844,-0.696995,0.675013,0.242038,-0.058085,0.004373,0.003847,0.00477,-0.143269,0.22429,0.395504,-0.218945,-0.018684,0.31675,-0.122009,0.56898,0.813245,-0.403423,-0.776971,0.483218,0.906942,-0.269822,0.323288,0.044787,0.003137,0.0015,0.001567,0.283842,-0.373562,-1.404341,0.019186,0.035192,-0.016084,0.124054,-0.513739,0.84893,0.456838,0.789044,0.410741,-0.880857,0.336869,0.33258,0.029649,0.006953,-0.003865,0.132226,0.389635,-0.509316,-1.021997,0.067145,0.032681,-0.056973,0.333421,-0.171171,-0.927108,0.562086,0.825582,0.049719,0.756894,-0.537692,0.371479,-0.02906,0.00208,0.001864,0.005951,-0.140185,0.221774,0.299293
159,0.136686,-0.015179,0.324146,-0.172509,0.162697,-0.971502,-0.694792,-0.719185,0.002878,-0.698015,0.675283,0.238316,-0.058173,-0.005268,0.013512,-0.030603,-0.128345,0.206957,0.410362,-0.217889,-0.018534,0.316788,-0.114124,0.563307,0.818323,-0.411428,-0.77646,0.477253,0.904358,-0.282905,0.319318,0.044934,0.016958,-0.003945,0.143637,0.20234,-0.16333,-1.404416,0.019715,0.035264,-0.01606,0.11702,-0.507117,0.853895,0.464561,0.787886,0.40425,-0.877774,0.349381,0.327785,0.029958,0.002891,0.00178,0.387385,0.465934,-0.212841,-1.025263,0.066596,0.032707,-0.056908,0.326946,-0.174162,-0.928855,0.563712,0.82481,0.043766,0.758507,-0.537917,0.367846,-0.021665,0.002395,0.002216,0.006747,-0.156404,0.251212,0.327052
160,0.134938,-0.015039,0.324327,-0.160384,0.167177,-0.972818,-0.704304,-0.709854,-0.005926,-0.691358,0.683998,0.232804,-0.028974,0.002654,0.002306,-5.373985,-0.104329,1.398773,0.422503,-0.216136,-0.01829,0.316982,-0.093392,0.556738,0.825416,-0.431541,-0.769666,0.470447,0.897308,-0.312946,0.311073,0.045321,0.007572,0.005981,0.081418,0.260808,-0.151681,-1.404764,0.020592,0.035395,-0.015961,0.096736,-0.499034,0.861165,0.483937,0.779647,0.397434,-0.869739,0.378304,0.316921,0.022705,0.00406,0.00326,0.380257,0.399558,-0.025096,-1.02314,0.065711,0.032776,-0.05681,0.316746,-0.17958,-0.931354,0.570921,0.820214,0.036015,0.757443,-0.543138,0.362325,-0.021738,0.00197,0.001741,0.002411,-0.056241,0.081351,0.364119
161,0.133482,-0.014905,0.324444,-0.144134,0.171634,-0.974584,-0.708831,-0.705092,-0.019397,-0.690329,0.687803,0.2245,-0.028969,0.002701,0.00231,0.555709,-1.51486,2.401973,0.415027,-0.214537,-0.01793,0.317183,-0.05878,0.55325,0.830933,-0.458102,-0.754416,0.470035,0.886971,-0.353699,0.296719,0.030575,0.008053,0.007045,0.025649,0.372661,-0.120874,-1.404378,0.021409,0.035583,-0.015854,0.062264,-0.493225,0.86767,0.509646,0.763182,0.397256,-0.858127,0.41747,0.298889,0.015294,0.004068,0.003562,0.048221,0.33344,-0.1395,-1.021507,0.064983,0.032843,-0.056752,0.30354,-0.186756,-0.934336,0.582422,0.812443,0.026821,0.754086,-0.55232,0.35538,-0.014488,0.001344,0.001177,0.00127,-0.067194,0.105522,0.367222
162,0.132905,-0.014857,0.324484,-0.137049,0.173266,-0.975317,-0.708862,-0.704861,-0.025666,-0.691747,0.687629,0.220637,-0.02897,0.002706,0.002297,0.006734,-0.083257,0.130733,0.412189,-0.213732,-0.017698,0.317268,-0.036844,0.545748,0.837134,-0.47221,-0.747698,0.466797,0.880704,-0.37877,0.284178,0.04504,0.0199,-0.001142,-0.180767,1.898833,-2.324879,-1.404754,0.021794,0.035689,-0.015812,0.04169,-0.486844,0.872493,0.523731,0.754313,0.395876,-0.850862,0.440448,0.286423,0.015301,0.00427,0.003752,-0.238402,0.449319,0.179129,-1.018894,0.064684,0.032868,-0.056731,0.294251,-0.190774,-0.936493,0.583641,0.811811,0.018008,0.756821,-0.551875,0.35022,-0.014487,0.001355,0.001176,0.004439,-0.077134,0.12111,0.364446
163,0.13204,-0.014775,0.324599,-0.123377,0.176992,-0.976472,-0.71323,-0.699943,-0.036807,-0.689844,0.691685,0.213808,-0.014344,0.002147,0.001929,0.003211,-0.08627,0.141746,0.41023,-0.212321,-0.017227,0.317364,0.012296,0.519598,0.854317,-0.508762,-0.732183,0.452772,0.860742,-0.440842,0.25425,0.0302,0.006288,0.005101,-0.098013,0.615767,0.004139,-1.404732,0.022518,0.035939,-0.015759,-0.005673,-0.45428,0.89084,0.558806,0.737338,0.379561,-0.829278,0.499961,0.249671,0.015088,0.00302,0.00243,-0.12017,0.639156,0.041645,-1.019221,0.064256,0.032907,-0.056675,0.281807,-0.196707,-0.93909,0.590168,0.80724,0.008012,0.756495,-0.556479,0.343576,-0.007154,0.001181,0.00109,0.002355,-0.082865,0.136472,0.359057
164,0.131476,-0.014749,0.32469,-0.114027,0.180492,-0.976968,-0.725826,-0.686564,-0.04218,-0.67823,0.704072,0.210509,-0.014466,0.001468,0.001242,-0.00492,0.014545,-0.028705,0.405641,-0.211065,-0.016753,0.31711,0.052565,0.500697,0.86402,-0.537064,-0.71517,0.447245,0.841772,-0.488149,0.230204,0.028758,0.022939,-0.017149,-0.258093,0.809193,-0.058653,-1.404968,0.023146,0.03618,-0.015881,-0.043415,-0.432966,0.900363,0.586589,0.71847,0.373783,-0.80872,0.544371,0.222781,0.014354,0.011238,-0.008806,-0.213596,0.723678,-0.110813,-1.014975,0.063975,0.032922,-0.056628,0.273189,-0.201775,-0.94056,0.605403,0.795902,0.005099,0.747565,-0.570811,0.339587,-0.007426,-0.004782,0.0048,-0.043874,-0.068969,0.127904,0.355628
165,0.13104,-0.014713,0.32472,-0.103032,0.183541,-0.977621,-0.733532,-0.677792,-0.049997,-0.67168,0.711735,0.205685,-0.014491,0.001331,0.001099,-0.000984,0.014714,-0.029553,0.404159,-0.209939,-0.01596,0.316424,0.085608,0.482473,0.871713,-0.557973,-0.701542,0.443215,0.825257,-0.524917,0.208031,0.028496,0.021477,-0.01868,-0.26691,0.800181,0.171762,-1.404924,0.023709,0.036573,-0.016228,-0.074923,-0.41268,0.907789,0.606768,0.703558,0.369916,-0.791339,0.578533,0.197689,0.014244,0.010609,-0.009467,-0.242899,0.749276,0.141426,-1.017261,0.063751,0.03294,-0.056613,0.263003,-0.206676,-0.942398,0.615396,0.788217,-0.001119,0.743045,-0.579654,0.334491,-0.007248,0.000664,0.000554,-0.001371,0.017832,-0.034047,0.350892
166,0.130887,-0.014696,0.32472,-0.0974,0.184639,-0.977991,-0.733207,-0.677758,-0.054989,-0.672881,0.711482,0.20261,-0.014489,0.001348,0.001114,-0.000981,0.014706,-0.02954,0.405539,-0.209439,-0.01536,0.315968,0.098996,0.474852,0.874475,-0.564721,-0.696665,0.44236,0.81913,-0.538198,0.19807,0.01368,0.033984,-0.024697,-0.150535,0.707316,-0.136342,-1.40483,0.023953,0.036858,-0.016449,-0.088666,-0.404488,0.910234,0.612844,0.698238,0.369979,-0.785213,0.590637,0.185978,0.014137,0.016791,-0.012931,-0.238738,0.780937,0.188668,-1.019547,0.06368,0.032948,-0.056613,0.257683,-0.208734,-0.943413,0.615752,0.787916,-0.006144,0.744613,-0.579325,0.331561,-8e-06,-4.2e-05,-3.6e-05,-0.001393,0.004287,-0.006808,0.351219
167,0.130778,-0.014718,0.324754,-0.080874,0.189039,-0.978657,-0.748463,-0.659896,-0.06567,-0.658133,0.72694,0.196076,-0.0,-0.0,-0.0,-0.482602,-0.133636,0.268894,0.39671,-0.208783,-0.013801,0.31493,0.12537,0.461567,0.878197,-0.56853,-0.691903,0.444947,0.812825,-0.555619,0.174545,0.013583,0.047565,-0.03031,-0.180676,0.790725,0.181467,-1.404959,0.02428,0.037628,-0.01697,-0.113332,-0.389656,0.91396,0.616776,0.693588,0.372184,-0.778936,0.605889,0.161725,0.006853,0.024119,-0.014812,0.097378,0.283366,-0.117982,-1.015792,0.06362,0.032937,-0.056596,0.242755,-0.215604,-0.945824,0.6336,0.773539,-0.013712,0.734588,-0.595946,0.324387,-0.00026,-0.005673,0.004052,-5.440352,-0.355327,1.061663,0.347953
168,0.130791,-0.014734,0.324797,-0.071173,0.191474,-0.978937,-0.759766,-0.646263,-0.071221,-0.646207,0.738454,0.192691,4.4e-05,0.00024,0.00024,-0.000106,-8e-06,2.1e-05,0.377154,-0.20854,-0.011854,0.313681,0.149264,0.454305,0.878247,-0.56902,-0.686828,0.452126,0.808403,-0.567771,0.154864,-0.000964,0.047956,-0.029083,-0.090698,0.590995,0.051638,-1.405422,0.024407,0.038581,-0.017579,-0.137839,-0.381398,0.914075,0.61676,0.689066,0.380518,-0.774987,0.616216,0.140251,-0.000661,0.02934,-0.018832,-0.19695,0.87578,0.228839,-1.019058,0.063626,0.032929,-0.056574,0.233315,-0.219876,-0.947215,0.648998,0.760607,-0.0167,0.72413,-0.610844,0.32016,2.7e-05,0.000146,0.000147,0.001172,0.002427,0.000145,0.329175
