frame,MLTx,MLTy,MLTz,MLTR1,MLTR2,MLTR3,MLTR4,MLTR5,MLTR6,MLTR7,MLTR8,MLTR9,MLTTVx,MLTTVy,MLTTVz,MLTRVx,MLTRVy,MLTRVz,MLGA,MRTx,MRTy,MRTz,MRTR1,MRTR2,MRTR3,MRTR4,MRTR5,MRTR6,MRTR7,MRTR8,MRTR9,MRTTVx,MRTTVy,MRTTVz,MRTRVx,MRTRVy,MRTRVz,MRGA,SLTx,SLTy,SLTz,SLTR1,SLTR2,SLTR3,SLTR4,SLTR5,SLTR6,SLTR7,SLTR8,SLTR9,SLTTVx,SLTTVy,SLTTVz,SLTRVx,SLTRVy,SLTRVz,SLGA,SRTx,SRTy,SRTz,SRTR1,SRTR2,SRTR3,SRTR4,SRTR5,SRTR6,SRTR7,SRTR8,SRTR9,SRTTVx,SRTTVy,SRTTVz,SRTRVx,SRTRVy,SRTRVz,SRGA
646,0.133807,-0.032488,0.421559,-0.686057,-0.539102,-0.488611,0.597945,-0.800345,0.043367,-0.41358,-0.261746,0.872048,0.01513,0.008159,0.005029,-0.007531,0.037577,-0.132168,-1.65879,-0.076437,-0.00741,0.414554,0.396135,0.842633,0.364745,-0.918083,0.366967,0.149643,-0.00824,-0.395205,0.918481,-0.012862,0.003466,-0.028601,0.665547,0.504239,-0.324974,-1.407185,0.057459,0.037465,-0.004653,-0.181736,-0.903606,0.3879,0.982677,-0.152332,0.105543,-0.03628,0.400362,0.915638,-0.006255,0.001148,-0.014662,0.059354,0.034403,-0.03231,-0.833886,0.076479,0.020507,-0.060544,-0.717539,-0.483406,-0.501453,0.528873,-0.84662,0.059376,-0.453243,-0.222601,0.863144,0.007583,0.004192,0.002582,0.006446,-0.025829,0.059381,-0.893545
647,0.134387,-0.032115,0.421814,-0.685443,-0.54276,-0.485412,0.59743,-0.800274,0.051091,-0.415337,-0.254311,0.873411,0.015555,0.01102,0.00684,-0.002812,-0.02064,0.053883,-1.684916,-0.076607,-0.007484,0.413581,0.392174,0.841268,0.3721,-0.919589,0.367605,0.138403,-0.020831,-0.397517,0.917284,0.001525,0.001071,-0.031403,0.069128,0.021654,-0.007258,-1.40739,0.057368,0.037431,-0.005156,-0.176745,-0.900733,0.396788,0.984009,-0.15267,0.091747,-0.022062,0.406659,0.913313,0.000859,0.000241,-0.015883,0.060441,0.014764,-0.002286,-0.828171,0.076774,0.020695,-0.060415,-0.717259,-0.487183,-0.498188,0.528264,-0.846419,0.06716,-0.454396,-0.215004,0.864463,0.00783,0.005856,0.003637,-0.017149,0.034901,-0.111189,-0.894688
648,0.134733,-0.03191,0.421976,-0.685156,-0.544086,-0.484331,0.597319,-0.800179,0.053797,-0.415967,-0.25177,0.873848,0.015758,0.012436,0.007729,-0.005944,0.028636,-0.104712,-1.731756,-0.076703,-0.007637,0.413053,0.389175,0.840287,0.377427,-0.920625,0.367907,0.130494,-0.029681,-0.399312,0.91626,-0.008763,-0.014399,-0.023951,0.032419,0.036373,-0.060362,-1.406975,0.057323,0.037362,-0.005409,-0.173804,-0.899021,0.401934,0.984681,-0.152895,0.083809,-0.013892,0.410344,0.911824,0.00133,-0.00143,-0.01696,0.060834,0.025464,-0.030088,-0.831763,0.076947,0.020797,-0.060335,-0.717154,-0.488397,-0.497149,0.528019,-0.84636,0.069774,-0.454845,-0.212465,0.864854,0.014593,0.005142,0.00304,0.008783,-0.041303,0.089734,-0.894525
649,0.135534,-0.03153,0.422424,-0.687275,-0.542881,-0.482679,0.596093,-0.801196,0.052252,-0.414229,-0.251141,0.874854,0.029448,0.012394,0.007394,0.004919,-0.034195,0.087732,-1.836865,-0.076837,-0.008124,0.411759,0.382863,0.837763,0.389308,-0.922394,0.369444,0.112401,-0.050129,-0.403184,0.91367,-0.00825,-0.013154,-0.039376,0.072098,-0.021136,0.123274,-1.407129,0.057256,0.037119,-0.006049,-0.167469,-0.894963,0.413515,0.985864,-0.154164,0.065609,0.005032,0.418657,0.90813,0.002437,-0.005364,-0.019545,0.065138,-0.043604,0.157539,-0.834866,0.077342,0.020989,-0.060109,-0.719261,-0.487119,-0.495356,0.526855,-0.847219,0.068132,-0.452864,-0.211976,0.866013,0.008043,0.003027,0.009923,-0.039423,-0.03749,0.062807,-0.894688
650,0.136561,-0.031187,0.423062,-0.689933,-0.540605,-0.48144,0.593857,-0.802966,0.050502,-0.41302,-0.250398,0.875638,0.016292,0.016695,0.010319,0.024433,0.02248,0.100887,-1.914098,-0.077011,-0.008624,0.410119,0.382888,0.836296,0.392424,-0.921923,0.372516,0.105943,-0.058051,-0.403402,0.913105,-0.007667,-0.015425,-0.041041,0.064772,0.045527,-0.062833,-1.406895,0.057167,0.036857,-0.006889,-0.167815,-0.893505,0.416516,0.985737,-0.157489,0.059312,0.012601,0.420529,0.907191,-0.003748,-0.007933,-0.020658,0.063751,0.044624,-0.061946,-0.842541,0.077861,0.021158,-0.059791,-0.721778,-0.484648,-0.494117,0.524549,-0.848794,0.066297,-0.451535,-0.211337,0.866863,0.014889,0.003156,0.009836,-0.017994,0.003382,0.109863,-0.894688
651,0.137526,-0.030765,0.423882,-0.694011,-0.538691,-0.477709,0.591596,-0.804789,0.047948,-0.409419,-0.248671,0.877819,0.017,0.012955,0.02406,0.058521,0.208182,0.164218,-1.915934,-0.077419,-0.009366,0.408497,0.381203,0.836326,0.393997,-0.922442,0.37204,0.103061,-0.060854,-0.40378,0.912755,-0.007081,-0.017815,-0.04284,0.064766,0.045521,-0.062851,-1.407422,0.056964,0.036485,-0.007701,-0.1661,-0.893137,0.417991,0.985991,-0.156966,0.056415,0.015224,0.421506,0.906697,-0.003463,-0.0091,-0.021537,0.064777,0.045505,-0.062604,-0.844173,0.078343,0.021366,-0.059389,-0.725256,-0.482427,-0.491189,0.522259,-0.850376,0.064074,-0.448606,-0.210058,0.868692,0.015181,0.005452,0.011235,0.10973,0.326117,0.195067,-0.894198
652,0.137968,-0.030537,0.424368,-0.69587,-0.538093,-0.475674,0.590671,-0.805524,0.047015,-0.407596,-0.247588,0.878972,0.017035,0.013477,0.024325,-0.010365,0.036641,0.0826,-1.915718,-0.077506,-0.009771,0.407753,0.379286,0.834929,0.398783,-0.923,0.371256,0.100866,-0.064296,-0.407384,0.910915,-0.007545,-0.016277,-0.041949,-0.14498,0.392862,0.072913,-1.4072,0.056924,0.036283,-0.008061,-0.163743,-0.892045,0.421241,0.986332,-0.155971,0.053109,0.018326,0.42418,0.905392,-0.002818,-0.013078,-0.016102,-0.353494,0.655407,0.128835,-0.84499,0.078564,0.021483,-0.059144,-0.727732,-0.481605,-0.488324,0.521235,-0.851112,0.062623,-0.445779,-0.208959,0.870411,0.008582,0.007237,0.012462,-0.035257,0.052413,-0.084405,-0.894688
653,0.138836,-0.030052,0.425369,-0.70087,-0.538251,-0.468095,0.588602,-0.807061,0.046603,-0.40199,-0.242197,0.883047,0.017115,0.014616,0.024901,0.059885,0.213843,0.165317,-1.916181,-0.077674,-0.010416,0.406325,0.376793,0.835212,0.400548,-0.923843,0.369932,0.097968,-0.06681,-0.408009,0.910455,-0.007074,-0.021379,-0.029248,0.029922,0.045526,-0.086509,-1.407269,0.056842,0.035957,-0.008783,-0.161812,-0.890951,0.42429,0.986619,-0.154749,0.051316,0.019939,0.426916,0.90407,-0.004435,-0.005781,-0.019497,0.066942,0.042187,-0.063651,-0.845643,0.078998,0.021727,-0.058643,-0.732364,-0.481389,-0.481566,0.51911,-0.852409,0.062633,-0.440642,-0.204116,0.874168,0.015218,0.006313,0.011678,0.107777,0.312707,0.19518,-0.895341
654,0.139668,-0.029454,0.426229,-0.702739,-0.537483,-0.466171,0.58742,-0.80796,0.045924,-0.400454,-0.240904,0.884098,0.016949,0.023156,0.013948,0.005728,-0.039149,0.112367,-1.916039,-0.078167,-0.011143,0.405065,0.373176,0.834019,0.406378,-0.924986,0.367974,0.094494,-0.07118,-0.412206,0.90823,-0.007977,-0.018408,-0.027417,0.030811,0.035525,-0.059505,-1.406926,0.056604,0.035601,-0.009404,-0.158336,-0.888886,0.429896,0.987114,-0.152705,0.047823,0.023138,0.431928,0.90161,-0.003956,-0.009247,-0.013726,0.031754,0.040059,-0.087173,-0.847929,0.079409,0.02202,-0.058217,-0.734561,-0.480399,-0.479202,0.517811,-0.853269,0.061656,-0.438508,-0.202846,0.875535,0.008436,0.011395,0.006853,-0.011553,0.002366,-0.080676,-0.894688
655,0.140035,-0.029128,0.426603,-0.704507,-0.536967,-0.464091,0.586708,-0.808543,0.04475,-0.398388,-0.240098,0.88525,0.016965,0.023568,0.014136,0.126472,0.287956,0.209339,-1.916198,-0.078353,-0.011526,0.404627,0.369718,0.833598,0.410382,-0.925913,0.367038,0.088892,-0.076975,-0.413892,0.90699,-0.006827,-0.025871,-0.016134,0.048846,0.088716,-0.138749,-1.407015,0.056503,0.035403,-0.009638,-0.154787,-0.887648,0.433728,0.987538,-0.151653,0.042062,0.02844,0.434834,0.90006,-0.004435,-0.007574,-0.012627,0.221715,0.187934,-0.161002,-0.848419,0.079598,0.022187,-0.058021,-0.735448,-0.47978,-0.478462,0.517141,-0.853711,0.06116,-0.437811,-0.202453,0.875975,0.008435,0.00697,0.012131,0.176188,0.596759,0.021704,-0.894525
656,0.140877,-0.02841,0.427251,-0.705254,-0.536149,-0.463905,0.584838,-0.809788,0.046681,-0.399812,-0.237727,0.885248,0.029841,0.019512,0.01123,0.004746,-0.046664,0.114037,-1.91639,-0.078726,-0.012133,0.403804,0.362535,0.831645,0.420626,-0.927229,0.367091,0.073648,-0.093598,-0.417764,0.903646,-0.008459,-0.020136,-0.012325,0.003097,-0.034106,0.102664,-1.406708,0.056326,0.0351,-0.010044,-0.147561,-0.883973,0.443641,0.988088,-0.151555,0.026672,0.043659,0.442292,0.895807,-0.005217,-0.004834,-0.010804,0.026338,0.020935,-0.029741,-0.848746,0.080009,0.022548,-0.057702,-0.736915,-0.478885,-0.477099,0.515091,-0.854856,0.06246,-0.437763,-0.199722,0.876626,0.008139,0.009751,0.005757,0.004501,-0.036619,0.084618,-0.894198
657,0.14165,-0.02776,0.427652,-0.707096,-0.536962,-0.460144,0.583188,-0.810788,0.049854,-0.398966,-0.232437,0.887032,0.015626,0.01523,0.008869,0.005562,-0.014065,0.059663,-1.91644,-0.079612,-0.012791,0.402997,0.359453,0.830932,0.42466,-0.927775,0.366839,0.067793,-0.099886,-0.419403,0.902212,-0.036279,-0.017891,-0.024471,0.026793,0.065747,-0.118091,-1.407181,0.055891,0.034782,-0.010441,-0.14459,-0.882549,0.447437,0.988263,-0.151324,0.02088,0.049281,0.445205,0.894071,-0.011595,-0.007235,-0.011764,0.02573,0.037146,-0.059686,-0.852664,0.080401,0.022878,-0.057492,-0.739036,-0.47952,-0.473165,0.513267,-0.855722,0.065542,-0.436327,-0.194423,0.878531,0.007825,0.007734,0.004496,-0.007717,0.009477,-0.10301,-0.892402
658,0.14239,-0.027159,0.427997,-0.708393,-0.538798,-0.455984,0.58237,-0.811138,0.053596,-0.397859,-0.226921,0.888956,0.015714,0.016327,0.009464,0.017799,0.092489,-0.085814,-1.916591,-0.080475,-0.01351,0.40234,0.357212,0.831211,0.426003,-0.92855,0.365119,0.066461,-0.100731,-0.420352,0.901676,-0.022387,-0.020996,-0.011614,-0.006066,0.050749,-0.112381,-1.406709,0.055439,0.034403,-0.010786,-0.142267,-0.882302,0.448667,0.988572,-0.149481,0.01951,0.049854,0.446316,0.893485,-0.011238,-0.0103,-0.005657,-0.006133,0.050707,-0.112297,-0.858053,0.080782,0.023183,-0.057317,-0.740596,-0.481128,-0.469076,0.512296,-0.856017,0.069177,-0.43482,-0.189073,0.880443,0.007842,0.008096,0.00468,0.01125,0.065196,-0.087264,-0.892402
659,0.142773,-0.026874,0.428171,-0.708497,-0.538462,-0.456219,0.582117,-0.811328,0.053457,-0.398044,-0.227035,0.888844,0.0156,0.015721,0.009069,0.004046,-0.031053,0.084751,-1.916604,-0.080904,-0.013712,0.402029,0.355755,0.831406,0.426842,-0.92904,0.364045,0.065496,-0.101366,-0.420899,0.901349,-0.025299,-0.007132,-0.018575,0.029838,0.040279,-0.061953,-1.406915,0.055226,0.034297,-0.010945,-0.140764,-0.882155,0.449429,0.988762,-0.148342,0.018515,0.050336,0.446985,0.893123,-0.012718,-0.003274,-0.00907,0.029809,0.040284,-0.061903,-0.860176,0.080968,0.02332,-0.057233,-0.740576,-0.480789,-0.469455,0.512034,-0.85618,0.069105,-0.435163,-0.1892,0.880247,0.00777,0.003043,0.009603,-0.045458,0.026894,-0.126079,-0.892239
660,0.143538,-0.026403,0.428505,-0.71097,-0.536337,-0.454873,0.58028,-0.812785,0.05125,-0.396314,-0.226856,0.889662,0.028359,0.011008,0.005881,0.003876,-0.036523,0.087025,-1.916783,-0.081924,-0.014009,0.401445,0.352106,0.831913,0.428875,-0.93027,0.361301,0.063182,-0.102817,-0.422263,0.900547,-0.026015,-0.004579,-0.016828,0.022877,0.110641,-0.247849,-1.407235,0.054724,0.034154,-0.011229,-0.137186,-0.881819,0.451193,0.989211,-0.14559,0.016226,0.051381,0.448552,0.892278,-0.013066,-0.002037,-0.008223,0.030814,0.030001,-0.035019,-0.859196,0.081346,0.023561,-0.057063,-0.742907,-0.478463,-0.468146,0.510137,-0.857491,0.066844,-0.433414,-0.18916,0.881118,0.007558,0.006301,0.003568,-0.003031,-0.035929,0.054882,-0.892729
661,0.144143,-0.026112,0.428961,-0.714833,-0.534522,-0.450938,0.578302,-0.814365,0.048462,-0.39224,-0.225478,0.891815,0.014852,0.010851,0.006083,0.046885,0.101584,0.093981,-1.916861,-0.083119,-0.01416,0.400716,0.350172,0.830736,0.432722,-0.930841,0.359946,0.062509,-0.104251,-0.425729,0.898748,-0.041204,0.002851,-0.02679,0.038401,0.097079,-0.050854,-1.406467,0.054132,0.034078,-0.011588,-0.13529,-0.880049,0.455203,0.989452,-0.144003,0.015671,0.05176,0.452522,0.890249,-0.013233,-0.001444,-0.007815,0.017881,0.054772,-0.022439,-0.861972,0.081654,0.023706,-0.056835,-0.746618,-0.476355,-0.464377,0.508151,-0.858883,0.06404,-0.429352,-0.188161,0.883318,0.000827,0.001675,0.008915,0.019802,0.153324,0.052728,-0.892892
662,0.144401,-0.025999,0.429176,-0.71636,-0.535211,-0.447687,0.577503,-0.814842,0.049943,-0.39063,-0.222104,0.893367,0.014634,0.009307,0.005157,0.102795,0.259009,0.14047,-1.916979,-0.083723,-0.014087,0.40032,0.349355,0.830709,0.433433,-0.931017,0.359701,0.061286,-0.105418,-0.425989,0.898489,-0.028868,0.009304,-0.023754,0.065586,0.029827,-0.011572,-1.406573,0.053816,0.034112,-0.011798,-0.134384,-0.879909,0.455741,0.989511,-0.143747,0.014241,0.052981,0.452875,0.889998,-0.014475,0.004845,-0.011721,0.070833,0.021346,-0.014211,-0.860013,0.081783,0.023764,-0.056727,-0.74775,-0.476955,-0.461932,0.507329,-0.859226,0.065933,-0.428352,-0.18505,0.88446,0.00733,0.000122,0.007821,0.136539,0.434721,0.15648,-0.892402
663,0.144797,-0.025853,0.429574,-0.717946,-0.53575,-0.444488,0.576453,-0.815476,0.051691,-0.389267,-0.218455,0.89486,0.001083,-0.001003,0.015249,-0.671196,0.43241,-0.316702,-1.916688,-0.084868,-0.013792,0.399488,0.349004,0.827865,0.439121,-0.930954,0.359756,0.061923,-0.107135,-0.431454,0.895674,-0.028766,0.008968,-0.023989,0.044094,0.075612,-0.024006,-1.406875,0.053263,0.034259,-0.012192,-0.13449,-0.876847,0.461573,0.989492,-0.143781,0.01517,0.053064,0.458764,0.886972,-0.014436,0.004724,-0.011808,0.057773,0.046318,-0.001567,-0.861156,0.081986,0.023841,-0.056532,-0.75008,-0.476843,-0.458258,0.506135,-0.859899,0.066327,-0.425684,-0.18219,0.88634,0.007107,0.00306,0.001568,-2.195369,1.216139,-1.111202,-0.892892
664,0.145006,-0.025814,0.4299,-0.718105,-0.53544,-0.444605,0.575939,-0.815811,0.052136,-0.389733,-0.217967,0.894777,0.000637,-0.004441,0.013222,-0.035928,0.009878,-0.019561,-1.916349,-0.08597,-0.013405,0.398417,0.349696,0.823434,0.446835,-0.930478,0.360648,0.063849,-0.108998,-0.439133,0.891709,-0.028266,0.007024,-0.025345,-0.003108,0.149528,0.037704,-1.40665,0.05269,0.034462,-0.012744,-0.135718,-0.872516,0.469356,0.989325,-0.144723,0.017036,0.053062,0.466658,0.882844,-0.014086,0.00339,-0.012738,0.015842,0.119463,0.028466,-0.85838,0.082091,0.023862,-0.056367,-0.750128,-0.476843,-0.458178,0.505488,-0.860178,0.067634,-0.426365,-0.18087,0.886282,0.000301,0.002384,0.001397,0.000874,-0.010641,0.026839,-0.890443
665,0.145073,-0.025819,0.430003,-0.718245,-0.535168,-0.444707,0.575631,-0.816025,0.052198,-0.38993,-0.217837,0.894723,0.013539,0.001103,0.000304,0.000984,-0.014714,0.029553,-1.915967,-0.086487,-0.013155,0.397786,0.351028,0.820325,0.451484,-0.929868,0.361888,0.065693,-0.109921,-0.443912,0.889226,-0.014924,0.009535,-0.025036,-0.016072,0.160385,0.078024,-1.406587,0.052437,0.034583,-0.01305,-0.137438,-0.869733,0.473998,0.989104,-0.14599,0.018921,0.052743,0.471434,0.880322,-0.014722,0.007367,-0.018244,0.021661,0.118545,0.234923,-0.857563,0.08212,0.023859,-0.056311,-0.75022,-0.4766,-0.458279,0.505184,-0.860348,0.067737,-0.426564,-0.180697,0.886222,0.000142,0.001134,0.000661,9.3e-05,-0.000296,-0.000392,-0.891422
666,0.145052,-0.025789,0.430081,-0.718332,-0.535026,-0.444739,0.575463,-0.816141,0.052233,-0.390018,-0.217751,0.894705,0.000127,0.000989,0.00058,0.0,0.0,0.0,-1.916738,-0.087344,-0.012641,0.396464,0.353572,0.814058,0.460746,-0.928669,0.364296,0.069254,-0.111899,-0.45339,0.884183,-0.029109,0.013265,-0.037552,-0.119506,0.420991,0.144675,-1.406599,0.052013,0.034841,-0.013704,-0.140407,-0.864764,0.482148,0.98868,-0.14847,0.021625,0.052884,0.479726,0.875822,-0.007883,0.007954,-0.018559,-0.248931,0.622474,0.251747,-0.861156,0.082118,0.02387,-0.056275,-0.7503,-0.476419,-0.458338,0.504985,-0.860464,0.067748,-0.42666,-0.180623,0.886191,7.7e-05,0.000607,0.000353,0.000122,-1.1e-05,-0.000253,-0.892075
667,0.144947,-0.025748,0.430119,-0.718473,-0.534797,-0.444785,0.575265,-0.816288,0.05212,-0.39005,-0.217763,0.894688,0.000195,0.001509,0.000885,0.0,0.0,0.0,-1.916173,-0.087965,-0.012389,0.39509,0.363791,0.806554,0.465958,-0.923713,0.376645,0.069467,-0.119912,-0.456697,0.881426,-0.014314,0.009803,-0.041454,0.037892,0.134785,0.060818,-1.406826,0.05169,0.034977,-0.014402,-0.152236,-0.858925,0.488948,0.986558,-0.161787,0.022959,0.059386,0.485872,0.87201,-0.007055,0.004567,-0.020947,0.045446,0.122673,0.056479,-0.858217,0.082061,0.023887,-0.056257,-0.75041,-0.476207,-0.458377,0.504802,-0.86058,0.067642,-0.426683,-0.18063,0.886179,-0.006522,0.00137,0.000975,0.000454,0.006145,-0.002234,-0.891422
668,0.144805,-0.025683,0.430161,-0.718477,-0.534851,-0.444714,0.575299,-0.816263,0.052138,-0.389993,-0.217725,0.894723,-0.012991,0.003105,0.002162,-0.000984,0.014715,-0.029553,-1.915949,-0.08832,-0.01252,0.393785,0.363058,0.805,0.469207,-0.923692,0.376906,0.068327,-0.122284,-0.45922,0.879788,0.001779,-0.001717,-0.034506,0.060325,0.032389,-0.001647,-1.406864,0.051512,0.034912,-0.015042,-0.151755,-0.857146,0.492209,0.986535,-0.162069,0.02193,0.060974,0.488909,0.8702,-0.004814,-0.007427,-0.012844,0.038645,0.032536,-0.089941,-0.861319,0.081989,0.023919,-0.056236,-0.750417,-0.476265,-0.458306,0.504843,-0.860555,0.067661,-0.426623,-0.180599,0.886214,-0.006488,0.001611,0.001117,-0.000923,0.014698,-0.029663,-0.892402
669,0.144782,-0.025628,0.430195,-0.718517,-0.534785,-0.444729,0.575245,-0.816303,0.052099,-0.389999,-0.217735,0.894718,0.00035,0.002702,0.001582,0.0,0.0,0.0,-1.916666,-0.088454,-0.012763,0.393234,0.366711,0.802945,0.469887,-0.921756,0.381827,0.067137,-0.125952,-0.45875,0.879515,-0.009332,-0.016344,-0.026827,0.029492,0.046294,-0.08631,-1.406543,0.051449,0.034796,-0.015319,-0.155736,-0.856062,0.492852,0.985672,-0.167393,0.020709,0.064772,0.489016,0.869866,0.002778,-0.011308,-0.008041,0.000772,0.015831,-0.055972,-0.861972,0.081978,0.023945,-0.056221,-0.75045,-0.476197,-0.458322,0.504788,-0.86059,0.067621,-0.426629,-0.18061,0.886209,0.00022,0.001707,0.001002,5e-05,-7e-06,-9.2e-05,-0.892075
670,0.144799,-0.025422,0.430327,-0.718765,-0.534308,-0.444901,0.574857,-0.816592,0.051858,-0.390114,-0.217823,0.894646,0.000785,0.006067,0.003545,0.0,0.0,0.0,-1.916244,-0.088625,-0.013745,0.392364,0.366812,0.801039,0.473051,-0.92087,0.384674,0.062914,-0.132018,-0.459703,0.878127,0.007081,-0.029138,-0.020944,-0.003584,0.03224,-0.080135,-1.406506,0.051357,0.034313,-0.015754,-0.156047,-0.854189,0.495993,0.985231,-0.170431,0.016456,0.070476,0.491237,0.868169,-0.002201,-0.021144,-0.006075,-0.045405,0.056623,-0.157868,-0.863932,0.081986,0.024045,-0.056156,-0.750652,-0.475705,-0.458502,0.504386,-0.860845,0.067372,-0.426749,-0.180689,0.886135,0.00048,0.003724,0.002177,0.001396,-0.008569,0.027429,-0.892892
671,0.144932,-0.025116,0.43055,-0.718611,-0.53619,-0.44288,0.574205,-0.81671,0.056965,-0.391352,-0.212708,0.895335,0.001213,0.009405,0.005478,0.001202,-0.008483,0.027409,-1.916403,-0.088577,-0.014934,0.391505,0.375681,0.790822,0.483172,-0.913118,0.40482,0.047634,-0.158382,-0.460082,0.873557,0.00536,-0.019332,-0.03086,0.047378,0.04373,-0.066579,-1.406732,0.051386,0.033698,-0.016198,-0.166325,-0.845989,0.506595,0.981392,-0.192007,0.001567,0.095944,0.497429,0.862182,0.002711,-0.009752,-0.015487,0.035519,0.034163,-0.060636,-0.865238,0.082052,0.024192,-0.056048,-0.750681,-0.477649,-0.45643,0.503644,-0.860859,0.072546,-0.427574,-0.17542,0.886796,0.000603,0.004701,0.002737,0.005468,-0.010626,0.029744,-0.892729
672,0.145043,-0.024971,0.430656,-0.71888,-0.535633,-0.443117,0.573747,-0.817049,0.056712,-0.391528,-0.212809,0.895235,0.001018,0.007911,0.004601,-0.0,0.0,-0.0,-1.916373,-0.088575,-0.015447,0.391032,0.377025,0.787522,0.487496,-0.910692,0.411006,0.040599,-0.168847,-0.460256,0.871504,0.0066,-0.027232,-0.019895,0.057084,0.00096,0.072847,-1.406909,0.051388,0.03346,-0.016422,-0.168128,-0.843053,0.510875,0.980072,-0.198571,-0.005143,0.105781,0.499831,0.859638,0.002447,-0.00867,-0.01475,0.677065,0.478416,-0.254725,-0.862789,0.082103,0.02427,-0.055992,-0.750902,-0.477049,-0.456694,0.503168,-0.861164,0.07223,-0.427746,-0.175556,0.886686,0.000597,0.00466,0.002708,0.002154,-0.008965,0.027865,-0.893055
673,0.145239,-0.024696,0.430824,-0.718747,-0.537432,-0.441152,0.573067,-0.817164,0.061717,-0.392765,-0.207789,0.895872,0.014098,0.005843,0.003039,0.00233,-0.023269,0.05704,-1.916449,-0.08856,-0.016577,0.390117,0.372867,0.783981,0.496322,-0.910052,0.41324,0.031171,-0.181113,-0.464287,0.86689,0.00728,-0.030096,-0.022227,0.005173,-0.039178,0.104041,-1.407012,0.051394,0.032901,-0.016875,-0.164331,-0.838409,0.519677,0.979475,-0.201032,-0.014605,0.116716,0.506611,0.854237,0.003581,-0.01475,-0.010884,0.018646,-0.048743,0.094978,-0.867034,0.082202,0.024414,-0.055905,-0.750959,-0.478853,-0.454707,0.502371,-0.861194,0.077248,-0.428582,-0.170421,0.887284,0.000404,0.003181,0.001843,0.003573,-0.001814,0.001914,-0.893055
674,0.145444,-0.024513,0.430936,-0.719143,-0.536586,-0.441536,0.572396,-0.817666,0.061289,-0.393019,-0.207997,0.895712,0.000573,0.004493,0.002601,0.001344,-0.008554,0.027487,-1.916191,-0.088417,-0.017648,0.389323,0.372464,0.782833,0.498432,-0.909252,0.415257,0.027489,-0.185907,-0.464423,0.865801,0.006339,-0.026211,-0.019555,-0.00361,0.03228,-0.080118,-1.407045,0.051467,0.032335,-0.017294,-0.164204,-0.83727,0.52155,0.978944,-0.203312,-0.018178,0.121257,0.507584,0.853025,0.00315,-0.01298,-0.009684,-0.005204,0.030704,-0.079546,-0.863442,0.082309,0.024507,-0.055847,-0.751283,-0.477942,-0.45513,0.501656,-0.861654,0.07676,-0.428852,-0.17065,0.887109,0.000205,0.001624,0.000937,9.1e-05,-3.3e-05,-2e-06,-0.893218
675,0.145616,-0.024419,0.430998,-0.719473,-0.535874,-0.441862,0.571829,-0.818089,0.060933,-0.393237,-0.20817,0.895576,0.000424,0.003338,0.00193,0.001342,-0.008553,0.027488,-1.915821,-0.088286,-0.01852,0.388551,0.372746,0.781293,0.500633,-0.909152,0.415383,0.028886,-0.185836,-0.466901,0.864484,0.00563,-0.02328,-0.017523,-0.036868,0.090561,-0.055079,-1.406641,0.051531,0.031908,-0.017673,-0.164822,-0.835672,0.523913,0.97894,-0.203471,-0.016575,0.120453,0.510147,0.85161,0.002705,-0.01114,-0.008384,-0.030683,0.071715,-0.031092,-0.863278,0.082395,0.024553,-0.055817,-0.751554,-0.477189,-0.455473,0.50105,-0.86204,0.076382,-0.429085,-0.17081,0.886966,0.000197,0.001557,0.000896,0.001375,-0.008549,0.027468,-0.893218
676,0.145682,-0.024364,0.431016,-0.719594,-0.535611,-0.441985,0.571634,-0.818238,0.06077,-0.3933,-0.208265,0.895526,0.000377,0.002973,0.001718,0.0,0.0,0.0,-1.916045,-0.08825,-0.018866,0.388168,0.376252,0.779299,0.501117,-0.907059,0.419982,0.02815,-0.188977,-0.466114,0.864227,0.004745,-0.019623,-0.014828,-0.002894,0.022399,-0.053026,-1.406481,0.05155,0.031729,-0.017869,-0.168623,-0.834562,0.524473,0.977883,-0.208436,-0.017274,0.123735,0.509961,0.851251,0.001534,-0.004919,-0.012259,0.038576,0.010349,-0.034539,-0.866544,0.082428,0.024579,-0.055808,-0.751649,-0.476918,-0.455601,0.500848,-0.862172,0.076215,-0.429155,-0.1709,0.886915,0.000212,0.001679,0.000966,0.001359,-0.008564,0.027466,-0.891912
677,0.145779,-0.024278,0.431004,-0.719275,-0.537777,-0.439868,0.571307,-0.818074,0.065841,-0.394355,-0.20328,0.896208,0.000212,0.001675,0.000967,0.001339,-0.008557,0.027486,-1.916095,-0.088327,-0.019318,0.387438,0.383442,0.775166,0.502076,-0.902653,0.429474,0.026523,-0.195533,-0.464345,0.863721,0.001828,-0.004814,-0.020786,0.032835,0.02012,-0.030461,-1.406767,0.051517,0.031503,-0.018228,-0.176502,-0.832165,0.525689,0.97561,-0.218714,-0.018659,0.130503,0.509574,0.850472,0.000859,-0.002146,-0.010192,0.03283,0.019696,-0.031076,-0.868504,0.082477,0.024623,-0.055814,-0.751555,-0.479108,-0.453452,0.500422,-0.861953,0.081317,-0.429815,-0.165804,0.887562,9e-05,0.000715,0.000414,0.005134,-0.010457,0.029555,-0.893219
678,0.145917,-0.024263,0.430962,-0.718857,-0.540115,-0.437682,0.571111,-0.817776,0.071038,-0.395398,-0.198234,0.896879,0.013194,-0.001087,-0.000981,0.00098,-0.014713,0.029551,-1.915942,-0.088669,-0.01954,0.386778,0.385758,0.773277,0.503215,-0.900772,0.43352,0.02457,-0.19962,-0.463733,0.863115,-0.012679,-0.003938,-0.018512,0.032009,0.024506,-0.033028,-1.406362,0.051347,0.031387,-0.018562,-0.17907,-0.830818,0.526947,0.974586,-0.223067,-0.020513,0.134587,0.509883,0.849649,-0.006337,-0.001931,-0.009222,0.031752,0.024476,-0.033416,-0.873402,0.082541,0.024632,-0.055834,-0.751373,-0.481483,-0.451232,0.500153,-0.861602,0.086531,-0.430446,-0.160668,0.888201,-6e-06,-4.8e-05,-3e-05,0.004998,-0.002517,0.002729,-0.893708
679,0.146026,-0.024259,0.430938,-0.718896,-0.539989,-0.437774,0.571039,-0.817836,0.070932,-0.395432,-0.198329,0.896842,0.013194,-0.001085,-0.000979,0.000984,-0.014715,0.029553,-1.916902,-0.08896,-0.019617,0.386434,0.384533,0.773469,0.503856,-0.901122,0.432854,0.023472,-0.200406,-0.464034,0.862771,-0.012853,-0.00326,-0.018007,0.032013,0.024487,-0.033039,-1.4066,0.051201,0.031351,-0.018732,-0.177795,-0.830726,0.527524,0.974726,-0.222351,-0.021632,0.135265,0.510346,0.849263,-0.005609,-0.006374,-0.004041,-0.003493,0.026065,-0.056233,-0.872749,0.082595,0.024634,-0.055847,-0.751401,-0.481334,-0.451345,0.500079,-0.86166,0.086377,-0.430482,-0.160805,0.888158,-2e-06,-2.8e-05,-1.8e-05,0.000686,-0.000335,0.000337,-0.894035
680,0.146127,-0.024232,0.430915,-0.719141,-0.539458,-0.438025,0.570655,-0.818134,0.070579,-0.395541,-0.19854,0.896748,0.000102,0.000813,0.00047,0.009215,-0.0591,0.189681,-1.915858,-0.089667,-0.019791,0.385799,0.382258,0.773805,0.505071,-0.901765,0.431616,0.021452,-0.201859,-0.464629,0.862112,-0.013478,-0.000729,-0.016091,0.032023,0.024438,-0.033065,-1.406656,0.050848,0.031262,-0.019051,-0.175433,-0.830532,0.528619,0.97498,-0.221022,-0.023688,0.136511,0.511238,0.848528,-0.012804,-0.006227,-0.003112,-0.005494,0.041283,-0.085356,-0.872749,0.08265,0.024645,-0.055859,-0.751602,-0.480763,-0.451618,0.499665,-0.861938,0.086,-0.430613,-0.16102,0.888056,5.5e-05,0.000445,0.000257,0.009242,-0.059098,0.189666,-0.894198
681,0.14616,-0.024158,0.430874,-0.718932,-0.540627,-0.436926,0.57061,-0.817948,0.073061,-0.395984,-0.196123,0.897084,0.000137,0.010556,-0.009649,0.03727,-0.018352,0.047087,-1.915698,-0.090627,-0.019712,0.385367,0.380811,0.773909,0.506003,-0.902066,0.431067,0.019814,-0.203247,-0.464967,0.861603,-0.029088,0.004904,-0.010128,0.031245,0.028681,-0.035698,-1.406828,0.050375,0.031293,-0.019275,-0.17395,-0.830301,0.529473,0.975071,-0.22044,-0.025343,0.137759,0.511865,0.847948,-0.014646,0.002909,-0.004698,0.031123,0.028692,-0.035839,-0.86932,0.082667,0.024676,-0.055877,-0.751502,-0.481984,-0.450483,0.499595,-0.861721,0.088547,-0.430869,-0.158516,0.888382,1.4e-05,0.000109,6.2e-05,0.002621,-0.001324,0.001427,-0.894198
682,0.146116,-0.024082,0.430872,-0.719031,-0.540441,-0.436993,0.570502,-0.81804,0.072862,-0.395958,-0.196249,0.897068,0.000267,0.002131,0.00123,-0.0,0.0,-0.0,-1.915728,-0.091815,-0.019551,0.385162,0.378253,0.774291,0.507336,-0.902862,0.429482,0.017899,-0.204489,-0.465798,0.86086,-0.029833,0.008276,-0.007563,0.032539,0.017655,-0.009114,-1.406495,0.049792,0.031378,-0.019375,-0.171327,-0.830088,0.530659,0.975395,-0.218766,-0.027293,0.138746,0.512926,0.847145,-0.014916,0.004142,-0.003759,0.032433,0.01767,-0.009199,-0.867361,0.082644,0.024717,-0.055883,-0.751589,-0.481764,-0.450572,0.499486,-0.86181,0.088289,-0.430843,-0.158698,0.888362,7.7e-05,0.00061,0.000352,6.1e-05,-2.8e-05,1.2e-05,-0.894525
683,0.146121,-0.024051,0.430902,-0.719072,-0.540364,-0.437021,0.57043,-0.818092,0.072843,-0.395988,-0.196245,0.897055,0.000228,0.001814,0.001047,0.0,0.0,0.0,-1.916071,-0.092423,-0.019535,0.385116,0.377053,0.774481,0.507938,-0.90327,0.428652,0.017153,-0.204899,-0.466246,0.860519,-0.02793,-0.002509,0.001338,-0.004089,0.030411,-0.058491,-1.406952,0.049464,0.031393,-0.019397,-0.170031,-0.829991,0.531228,0.975578,-0.217846,-0.028109,0.139056,0.513475,0.846762,-0.013987,-0.001158,0.000761,-0.004171,0.030405,-0.058572,-0.868994,0.082647,0.024735,-0.055866,-0.75163,-0.481665,-0.45061,0.499396,-0.861866,0.088258,-0.430877,-0.158695,0.888347,0.000142,0.001135,0.000653,1.7e-05,-1.5e-05,-9e-06,-0.894688
684,0.146125,-0.023929,0.43096,-0.719207,-0.540099,-0.437126,0.57023,-0.818247,0.072675,-0.396031,-0.196329,0.897018,0.000428,0.003416,0.001968,0.001335,-0.008571,0.027482,-1.915829,-0.093718,-0.019607,0.385135,0.379262,0.772648,0.509085,-0.901608,0.432183,0.015981,-0.208128,-0.466027,0.859864,-0.026475,-0.011356,0.011711,-0.038213,0.02145,-0.054523,-1.406783,0.048827,0.031362,-0.019391,-0.172579,-0.82867,0.532466,0.97467,-0.221732,-0.029178,0.142244,0.513944,0.845947,-0.013935,-0.001339,0.000615,-0.004183,0.030386,-0.058672,-0.87079,0.082649,0.024794,-0.055838,-0.751733,-0.48141,-0.450711,0.499202,-0.861995,0.088096,-0.430921,-0.158772,0.888311,0.000142,0.001133,0.000651,9e-06,-4e-06,-8e-06,-0.895341
685,0.146157,-0.023786,0.43096,-0.7192,-0.540872,-0.436181,0.56987,-0.818293,0.074941,-0.396559,-0.194003,0.89729,0.000302,0.011865,-0.008897,0.037269,-0.018369,0.047081,-1.915751,-0.095071,-0.019768,0.385209,0.37628,0.773219,0.510428,-0.902784,0.429766,0.014715,-0.20844,-0.467315,0.859088,-0.027851,-0.002647,0.001187,-0.004089,0.030411,-0.058491,-1.406769,0.048166,0.031282,-0.019349,-0.169529,-0.828553,0.533628,0.975212,-0.219161,-0.03047,0.142196,0.515236,0.845169,-0.020668,-0.003001,0.000138,-0.006241,0.045624,-0.08785,-0.871443,0.082665,0.024862,-0.055834,-0.751805,-0.482205,-0.44974,0.498789,-0.861993,0.090419,-0.431274,-0.156348,0.88857,0.006723,0.000514,0.000118,0.004319,-0.016372,0.031387,-0.894525
686,0.146203,-0.02371,0.430955,-0.719256,-0.540735,-0.436258,0.569807,-0.818352,0.074777,-0.39655,-0.194133,0.897267,0.00042,0.003359,0.001933,0.001333,-0.008579,0.02748,-1.915679,-0.09572,-0.019874,0.385218,0.374809,0.773497,0.511088,-0.903357,0.42858,0.01408,-0.208604,-0.467945,0.858706,-0.027531,-0.004076,8.9e-05,-0.004089,0.030411,-0.058491,-1.406758,0.047825,0.03123,-0.019342,-0.167952,-0.828485,0.534232,0.975485,-0.217846,-0.031162,0.142198,0.515902,0.844762,-0.020593,-0.003318,-0.00011,-0.006229,0.045622,-0.087834,-0.86834,0.082683,0.024903,-0.05584,-0.751847,-0.482057,-0.449829,0.498742,-0.862043,0.090203,-0.431255,-0.15653,0.888547,0.000163,0.001306,0.000753,0.000447,-0.000232,0.000234,-0.894688
687,0.146369,-0.023608,0.430927,-0.71902,-0.542684,-0.434222,0.569341,-0.818211,0.079705,-0.397643,-0.189242,0.897828,0.013334,0.000203,-0.000239,0.000838,-0.014641,0.029476,-1.91574,-0.097055,-0.020045,0.385166,0.38571,0.767254,0.512387,-0.896674,0.442435,0.012708,-0.217413,-0.46531,0.857952,-0.042944,0.003948,-0.009368,2.861057,0.113635,4.676291,-1.407036,0.047148,0.031139,-0.019371,-0.178374,-0.825145,0.536018,0.972394,-0.231111,-0.032182,0.150435,0.515481,0.843591,-0.021448,0.002041,-0.00465,2.862083,0.108679,4.675298,-0.866708,0.082772,0.024959,-0.055852,-0.751829,-0.48399,-0.447777,0.498148,-0.861855,0.095151,-0.431972,-0.151522,0.889066,0.006662,6e-05,-0.000145,0.006209,-0.017311,0.032427,-0.894851
688,0.146508,-0.023514,0.430954,-0.719185,-0.542302,-0.434427,0.569064,-0.818427,0.07946,-0.397741,-0.189402,0.89775,0.013506,0.00162,0.000574,0.000984,-0.014715,0.029553,-1.915645,-0.098467,-0.02003,0.385094,0.392245,0.763088,0.513646,-0.892276,0.451279,0.011176,-0.223743,-0.463658,0.857218,-0.028157,-0.000949,0.002424,-0.002591,0.019473,-0.031553,-1.406413,0.046453,0.031145,-0.01941,-0.187124,-0.822135,0.537659,0.969574,-0.24251,-0.033378,0.157829,0.515055,0.8425,-0.02082,-0.002139,0.000759,-0.005448,0.045078,-0.087507,-0.863932,0.082836,0.025003,-0.05584,-0.751954,-0.483591,-0.448,0.497878,-0.862044,0.094856,-0.432067,-0.151722,0.888986,0.000195,0.001567,0.000897,0.00144,-0.008641,0.027512,-0.893218
689,0.146709,-0.023403,0.430977,-0.719549,-0.541499,-0.434827,0.568466,-0.818891,0.078967,-0.397938,-0.189697,0.897601,0.01348,0.001459,0.00048,0.000984,-0.014715,0.029553,-1.915623,-0.099815,-0.020123,0.385061,0.389105,0.76373,0.515078,-0.893486,0.448916,0.00956,-0.224395,-0.464895,0.856378,-0.027477,-0.004117,-2e-06,-0.004089,0.030411,-0.058491,-1.40646,0.045767,0.031105,-0.01942,-0.183809,-0.822048,0.538933,0.970156,-0.239925,-0.035082,0.158143,0.516402,0.841616,-0.01372,-0.002157,-5.3e-05,-0.004348,0.030419,-0.058838,-0.864095,0.082936,0.02506,-0.055828,-0.752241,-0.482763,-0.448411,0.497254,-0.862459,0.09435,-0.432285,-0.152001,0.888833,0.000136,0.005845,-0.004503,0.037283,-0.018346,0.047092,-0.893055
690,0.146785,-0.023336,0.430978,-0.719686,-0.54119,-0.434983,0.568255,-0.81906,0.078734,-0.397989,-0.189851,0.897546,0.000364,0.002946,0.00169,-0.00915,0.05928,-0.189628,-1.915855,-0.100398,-0.020232,0.385046,0.38619,0.763826,0.517126,-0.894069,0.447809,0.006473,-0.227095,-0.465806,0.85517,-0.027121,-0.00585,-0.001324,0.048673,0.072202,-0.090748,-1.406585,0.045485,0.031054,-0.019426,-0.180883,-0.821466,0.540809,0.970318,-0.238797,-0.038183,0.160509,0.517851,0.840277,-0.020331,-0.004442,-0.001014,0.183549,0.196117,-0.204102,-0.865238,0.082979,0.025092,-0.055828,-0.752407,-0.482294,-0.448636,0.496916,-0.862688,0.094032,-0.432385,-0.152184,0.888753,0.006794,0.001186,0.000501,0.002325,-0.023312,0.057021,-0.893382
691,0.1469,-0.023127,0.430965,-0.719451,-0.543144,-0.432931,0.567835,-0.818871,0.083575,-0.39901,-0.185036,0.898098,0.000604,0.004906,0.00281,-0.669611,0.324941,-0.326373,-1.91565,-0.101211,-0.020401,0.384934,0.379411,0.761558,0.525422,-0.894351,0.447287,-0.002271,-0.237201,-0.470007,0.850113,-0.013352,-0.003972,-0.001461,-0.017784,0.046411,-0.015987,-1.406908,0.045079,0.030967,-0.019483,-0.17436,-0.817418,0.549021,0.970042,-0.238376,-0.046841,0.169162,0.524406,0.834494,-0.00755,0.003371,-0.005203,0.029624,-0.051323,0.187586,-0.866381,0.083037,0.025195,-0.055836,-0.752335,-0.484296,-0.446595,0.496516,-0.86239,0.098761,-0.432969,-0.14744,0.889268,0.000308,0.002498,0.001424,-0.739698,0.359834,-0.365239,-0.893708
692,0.147009,-0.022921,0.430999,-0.719279,-0.544982,-0.430903,0.567281,-0.818743,0.088451,-0.400105,-0.180151,0.898603,0.000506,0.004123,0.002358,-2.236944,1.110359,-1.179904,-1.915296,-0.101919,-0.02039,0.384791,0.374939,0.756354,0.536042,-0.891295,0.453081,-0.015658,-0.255164,-0.472851,0.843307,-0.013651,-0.002477,-0.000333,-0.079433,0.175722,0.036588,-1.406523,0.044721,0.030969,-0.019558,-0.170432,-0.811513,0.558927,0.967677,-0.244846,-0.060425,0.185887,0.530562,0.827012,-0.013651,-0.002471,-0.000315,-0.118152,0.261444,0.037555,-0.862625,0.083091,0.0253,-0.055818,-0.752464,-0.484956,-0.445661,0.495948,-0.862444,0.101118,-0.433396,-0.144937,0.889471,0.006873,0.00189,0.000898,0.004281,-0.024297,0.058085,-0.893545
693,0.147088,-0.022837,0.431021,-0.719312,-0.544883,-0.430973,0.567227,-0.818791,0.088355,-0.400122,-0.180233,0.89858,0.000369,0.012536,-0.008524,0.035932,-0.009749,0.019626,-1.915896,-0.102287,-0.020447,0.3847,0.365638,0.755653,0.543406,-0.891441,0.452153,-0.028728,-0.267849,-0.47486,0.838229,-0.013148,-0.005015,-0.002259,1.948129,1.566528,-1.241418,-1.406704,0.044536,0.030945,-0.019599,-0.162809,-0.808954,0.564876,0.967166,-0.244084,-0.070793,0.195146,0.534803,0.822133,-0.007275,0.002018,-0.006237,0.041945,0.012756,-0.041239,-0.863442,0.083131,0.025339,-0.055802,-0.752372,-0.486128,-0.444538,0.495804,-0.862215,0.103744,-0.43372,-0.14235,0.889731,0.000261,0.002128,0.001216,-0.006206,0.050006,-0.161286,-0.893545
694,0.147267,-0.022668,0.431101,-0.719594,-0.544257,-0.431293,0.566745,-0.819163,0.088004,-0.400298,-0.180435,0.898461,0.013786,0.00421,0.00204,0.002304,-0.023319,0.057026,-1.914857,-0.102722,-0.020604,0.384581,0.344679,0.75378,0.559468,-0.892741,0.447415,-0.0526,-0.290375,-0.482277,0.826411,-0.013041,-0.005598,-0.002706,1.91877,1.672167,-1.447295,-1.406797,0.044319,0.030866,-0.019659,-0.142508,-0.802144,0.579874,0.966191,-0.239912,-0.094425,0.214861,0.546814,0.809214,-0.006578,-0.002501,-0.001117,-0.023275,0.117185,-0.203558,-0.855767,0.083215,0.025419,-0.055765,-0.752581,-0.485515,-0.444854,0.495332,-0.862528,0.103388,-0.433895,-0.142543,0.889615,0.000314,0.002595,0.001481,0.001373,-0.008607,0.02747,-0.893871
695,0.147436,-0.022464,0.431154,-0.71972,-0.544707,-0.430515,0.566114,-0.819364,0.090163,-0.400962,-0.178158,0.898619,0.013793,0.00435,0.002115,0.002302,-0.023322,0.057025,-1.915483,-0.103074,-0.020744,0.384415,0.323739,0.754665,0.570671,-0.896959,0.436704,-0.068463,-0.301264,-0.490653,0.817535,-0.012927,-0.00622,-0.003183,-0.034309,0.259505,-0.604141,-1.406523,0.044143,0.030795,-0.019743,-0.119806,-0.797671,0.591071,0.96689,-0.228867,-0.112882,0.22532,0.557977,0.798681,-0.00731,0.002177,-0.006125,0.01913,0.144814,-0.380349,-0.849725,0.0833,0.025526,-0.055741,-0.752765,-0.485939,-0.44408,0.494641,-0.862668,0.105513,-0.434367,-0.140234,0.889752,0.000281,0.002327,0.001325,0.001046,-0.000519,0.000549,-0.894198
696,0.14752,-0.022264,0.431267,-0.719771,-0.54535,-0.429613,0.565579,-0.819468,0.092538,-0.401622,-0.175702,0.898808,0.00074,0.006105,0.00347,0.001317,-0.008608,0.027472,-1.91538,-0.103809,-0.020937,0.384263,0.310936,0.756553,0.575272,-0.899949,0.428971,-0.077525,-0.305794,-0.49456,0.813488,-0.027007,-0.006618,-0.001952,-0.013424,0.106163,-0.242136,-1.406497,0.043787,0.030696,-0.019822,-0.106705,-0.796762,0.594797,0.967624,-0.220827,-0.12222,0.228728,0.562499,0.79453,-0.006601,-0.00243,-0.001068,-0.011251,0.090067,-0.213204,-0.851521,0.083347,0.025625,-0.055686,-0.752895,-0.486549,-0.443189,0.49403,-0.862727,0.107867,-0.434834,-0.137737,0.889914,0.000336,0.002786,0.001581,0.001232,-0.000614,0.00065,-0.893545
697,0.147544,-0.02215,0.431331,-0.719915,-0.545059,-0.429741,0.565347,-0.819646,0.092382,-0.401691,-0.175775,0.898763,0.000839,0.006926,0.003933,0.001317,-0.008608,0.027472,-1.915191,-0.104082,-0.021007,0.384241,0.306003,0.757589,0.576552,-0.901503,0.425223,-0.080073,-0.306187,-0.496212,0.812334,-0.013571,-0.002969,-0.00072,-0.011391,0.090955,-0.212892,-1.406411,0.04364,0.030657,-0.019835,-0.101267,-0.796658,0.595886,0.968218,-0.216605,-0.125044,0.228689,0.564284,0.793274,-0.006796,-0.001435,-0.000313,-0.011489,0.090825,-0.212936,-0.853154,0.083358,0.025681,-0.055654,-0.753013,-0.486244,-0.443326,0.493789,-0.862887,0.107695,-0.434906,-0.137814,0.889867,0.000387,0.0032,0.001815,0.001508,-0.008698,0.027546,-0.893872
698,0.147566,-0.021822,0.431423,-0.720035,-0.545571,-0.428889,0.564793,-0.819787,0.094497,-0.402254,-0.17352,0.898949,0.000889,0.00734,0.004157,0.001169,-0.008541,0.027393,-1.915512,-0.104664,-0.021058,0.384178,0.301834,0.758384,0.577703,-0.902735,0.422165,-0.082346,-0.306692,-0.49761,0.811287,-0.027385,-0.004666,-0.000479,-0.004089,0.030411,-0.058491,-1.406513,0.043354,0.030634,-0.019865,-0.096851,-0.796492,0.596841,0.968638,-0.213292,-0.127457,0.22882,0.565779,0.79217,-0.006866,-0.001063,-3.1e-05,-0.002123,0.015204,-0.029263,-0.84499,0.08337,0.025846,-0.055607,-0.75319,-0.486764,-0.442452,0.493177,-0.862965,0.109852,-0.435292,-0.135468,0.890038,0.000426,0.00352,0.001993,0.004786,-0.00234,0.002648,-0.893382
699,0.147622,-0.02147,0.431398,-0.719952,-0.547206,-0.426943,0.564209,-0.819659,0.098995,-0.403219,-0.168939,0.899389,0.000487,0.004031,0.002278,-0.005443,0.002677,-0.002873,-1.915129,-0.105626,-0.021173,0.384096,0.299914,0.758644,0.578363,-0.903249,0.420846,-0.083443,-0.307059,-0.498332,0.810705,-0.02736,-0.00479,-0.000586,-0.004089,0.030411,-0.058491,-1.406461,0.042873,0.030577,-0.019905,-0.094889,-0.796309,0.5974,0.968792,-0.211909,-0.128585,0.228988,0.566556,0.791566,-0.013683,-0.00238,-0.000268,-0.004128,0.030416,-0.058524,-0.851358,0.083399,0.026031,-0.055615,-0.753292,-0.488377,-0.440497,0.492491,-0.862773,0.114347,-0.435893,-0.130804,0.890441,0.000231,0.001919,0.001085,0.001509,-0.000743,0.000958,-0.893382
700,0.147641,-0.021308,0.431337,-0.718081,-0.548775,-0.428077,0.564608,-0.818938,0.102613,-0.405984,-0.167336,0.898445,0.000329,0.012282,-0.008689,0.00117,-0.026999,-0.192807,-1.91505,-0.106223,-0.021269,0.38409,0.297162,0.758583,0.57986,-0.903314,0.420098,-0.086458,-0.309533,-0.499056,0.809318,-0.027631,-0.003331,0.000514,-0.00272,0.019426,-0.031884,-1.406528,0.042565,0.030525,-0.019911,-0.092088,-0.795609,0.598769,0.968542,-0.211177,-0.131642,0.231181,0.567811,0.790028,-0.013819,-0.001655,0.000281,-0.004158,0.018422,-0.031006,-0.852011,0.083408,0.026111,-0.055646,-0.751445,-0.490033,-0.44181,0.492791,-0.862103,0.118044,-0.438732,-0.129016,0.889307,0.000156,0.006065,-0.004388,0.01478,-0.009246,-0.189213,-0.893708
