frame,MLTx,MLTy,MLTz,MLTR1,MLTR2,MLTR3,MLTR4,MLTR5,MLTR6,MLTR7,MLTR8,MLTR9,MLTTVx,MLTTVy,MLTTVz,MLTRVx,MLTRVy,MLTRVz,MLGA,MRTx,MRTy,MRTz,MRTR1,MRTR2,MRTR3,MRTR4,MRTR5,MRTR6,MRTR7,MRTR8,MRTR9,MRTTVx,MRTTVy,MRTTVz,MRTRVx,MRTRVy,MRTRVz,MRGA,SLTx,SLTy,SLTz,SLTR1,SLTR2,SLTR3,SLTR4,SLTR5,SLTR6,SLTR7,SLTR8,SLTR9,SLTTVx,SLTTVy,SLTTVz,SLTRVx,SLTRVy,SLTRVz,SLGA,SRTx,SRTy,SRTz,SRTR1,SRTR2,SRTR3,SRTR4,SRTR5,SRTR6,SRTR7,SRTR8,SRTR9,SRTTVx,SRTTVy,SRTTVz,SRTRVx,SRTRVy,SRTRVz,SRGA
166,0.215014,-0.019478,0.374154,-0.572597,0.416809,-0.706009,-0.718374,-0.670036,0.186979,-0.394411,0.613722,0.683968,0.0,-0.0,-0.0,0.0,0.0,0.0,0.097436,-0.258093,-0.01045,0.348629,-0.936037,0.329916,-0.122395,-0.340604,-0.761399,0.551538,0.089959,0.557526,0.825188,-0.003436,0.016611,-0.039882,0.599948,-3.020024,-4.458602,-1.397902,-4.8e-05,0.039293,0.003453,0.975531,-0.170085,-0.139317,0.21944,0.792341,0.569246,0.013566,-0.585889,0.810277,-0.001844,0.008235,-0.019855,0.638729,-3.042357,-4.444762,-0.857726,0.106291,0.030502,-0.030863,0.733286,-0.377599,-0.565428,0.591746,0.763985,0.257219,0.334853,-0.523206,0.783663,2e-06,-0.0,0.0,6e-06,1.8e-05,-1e-06,-0.098483
167,0.215014,-0.019486,0.374149,-0.572614,0.416801,-0.705999,-0.718363,-0.670044,0.186993,-0.394406,0.613718,0.683975,0.0,-1e-06,-1e-06,0.0,0.0,0.0,0.106483,-0.258082,-0.009716,0.346928,-0.937328,0.325899,-0.123281,-0.336594,-0.754771,0.562991,0.091619,0.568785,0.817284,-0.003398,0.026501,-0.049386,-0.456778,0.292679,0.460438,-1.399235,-4e-05,0.039652,0.002623,0.976692,-0.162346,-0.14041,0.214016,0.786483,0.579345,0.016376,-0.595892,0.802897,-0.001792,0.007937,-0.020292,-0.559061,0.472672,0.334782,-0.858216,0.106291,0.030498,-0.030866,0.733301,-0.377589,-0.565416,0.591732,0.763993,0.257231,0.334846,-0.523202,0.783668,-1e-06,5e-06,5e-06,-2e-06,-3e-06,3e-06,-0.087053
168,0.215015,-0.019499,0.374138,-0.572528,0.416839,-0.706047,-0.718417,-0.670006,0.186923,-0.394433,0.613734,0.683944,3.9e-05,-0.000529,-0.000403,0.0,0.0,0.0,0.109094,-0.258025,-0.008948,0.345131,-0.941286,0.314926,-0.121626,-0.325345,-0.749347,0.576683,0.091667,0.58199,0.807928,0.010458,0.024293,-0.051623,0.012444,-2.77116,-3.88219,-1.399428,-1.3e-05,0.040046,0.001705,0.978508,-0.152619,-0.138663,0.205464,0.778549,0.592996,0.017453,-0.608743,0.793175,0.005148,0.012052,-0.02578,0.068012,-2.784943,-3.862258,-0.862625,0.106291,0.030492,-0.03087,0.733229,-0.377639,-0.565475,0.591801,0.763958,0.257174,0.33488,-0.523217,0.783644,2.9e-05,-0.000406,-0.000309,-8e-06,-1.9e-05,6e-06,-0.079868
169,0.215015,-0.019499,0.374138,-0.572528,0.416839,-0.706047,-0.718417,-0.670006,0.186923,-0.394433,0.613734,0.683944,1e-06,-9e-06,-7e-06,0.0,0.0,0.0,0.109652,-0.257932,-0.008493,0.344192,-0.942264,0.312545,-0.120184,-0.321914,-0.745983,0.582936,0.093735,0.587568,0.803642,0.01063,0.024932,-0.05107,-0.442192,0.276972,0.193622,-1.399576,3.3e-05,0.040272,0.001235,0.979294,-0.149268,-0.136753,0.201784,0.77409,0.600055,0.01629,-0.615225,0.788182,0.005356,0.012492,-0.025518,-0.472285,0.289319,0.192414,-0.862135,0.106291,0.030491,-0.030871,0.733229,-0.377639,-0.565475,0.591801,0.763958,0.257174,0.33488,-0.523217,0.783644,-1e-06,8e-06,7e-06,-5e-06,-8e-06,7e-06,-0.078235
170,0.215016,-0.019505,0.374108,-0.572432,0.416884,-0.706099,-0.718458,-0.669995,0.186808,-0.394499,0.613716,0.683923,0.000113,-0.001521,-0.001158,-0.000787,0.011871,-0.026249,0.115634,-0.257678,-0.007478,0.342157,-0.943281,0.309385,-0.120388,-0.317872,-0.736432,0.597127,0.097281,0.601128,0.793124,0.010454,0.024313,-0.051659,-0.350885,0.193123,0.440861,-1.399752,0.000157,0.040758,0.00026,0.979816,-0.145823,-0.136728,0.199343,0.763689,0.614036,0.014877,-0.628899,0.777344,0.005251,0.012125,-0.025864,-0.617929,0.441472,0.348243,-0.859849,0.106292,0.030488,-0.03088,0.733146,-0.3777,-0.565542,0.591874,0.763931,0.257087,0.334934,-0.523212,0.783624,5e-06,-7.9e-05,-5.9e-05,4e-06,1.1e-05,8e-06,-0.073663
171,0.214977,-0.019542,0.374057,-0.572487,0.416866,-0.706064,-0.718405,-0.67005,0.186815,-0.394516,0.613668,0.683957,0.00018,-0.002435,-0.001854,-0.000787,0.011872,-0.026249,0.12044,-0.257358,-0.006388,0.340051,-0.94561,0.302188,-0.120398,-0.310397,-0.726841,0.612609,0.098813,0.616271,0.781223,0.010392,0.024118,-0.05187,-0.454535,0.349796,0.309973,-1.399639,0.000316,0.041317,-0.000815,0.980876,-0.138576,-0.136668,0.194004,0.752435,0.629446,0.015608,-0.643922,0.76493,0.005369,0.017439,-0.030259,-0.553255,0.415402,0.3733,-0.85887,0.106272,0.030474,-0.030909,0.733181,-0.377682,-0.565509,0.591816,0.763988,0.257051,0.334958,-0.523143,0.78366,-0.006896,-0.001149,-0.000509,-0.000969,0.014727,-0.029534,-0.065009
172,0.214947,-0.019564,0.374016,-0.572488,0.416871,-0.706061,-0.718386,-0.670081,0.186777,-0.39455,0.613631,0.68397,0.000128,-0.001734,-0.00132,0.0,0.0,0.0,0.121961,-0.257116,-0.005821,0.338905,-0.944977,0.304949,-0.118392,-0.309903,-0.718012,0.62318,0.10623,0.625187,0.773123,0.009924,0.022411,-0.053444,-0.787435,0.570207,0.460372,-1.399428,0.000441,0.041612,-0.001405,0.980795,-0.14086,-0.134902,0.194767,0.74386,0.639326,0.010293,-0.653322,0.757009,0.004963,0.011081,-0.026845,-0.883882,0.59299,0.449979,-0.858053,0.106257,0.030459,-0.030932,0.733196,-0.377677,-0.565493,0.591787,0.764021,0.25702,0.334978,-0.523098,0.783682,6.9e-05,-0.000909,-0.00069,1e-06,1.3e-05,6e-06,-0.062069
173,0.214814,-0.019612,0.373884,-0.572768,0.416771,-0.705893,-0.718135,-0.670329,0.186853,-0.394599,0.613428,0.684123,0.000147,-0.001998,-0.001523,0.0,0.0,0.0,0.121386,-0.256419,-0.004671,0.336499,-0.944767,0.306732,-0.115425,-0.306155,-0.699743,0.645416,0.1184,0.64471,0.755112,0.02395,0.03067,-0.064606,-1.056736,0.642976,0.782547,-1.399457,0.000781,0.042175,-0.002584,0.981116,-0.141292,-0.132088,0.1934,0.725824,0.660133,0.0026,-0.673213,0.739443,0.005161,0.016705,-0.030957,-0.767846,0.522882,0.440841,-0.859523,0.106191,0.030435,-0.030998,0.733429,-0.377533,-0.565287,0.5915,0.764239,0.257033,0.334976,-0.522883,0.783826,-0.006857,-0.001717,-0.000941,-0.000988,0.014711,-0.029543,-0.060437
174,0.214598,-0.019658,0.373758,-0.573193,0.416614,-0.705641,-0.717796,-0.670639,0.187043,-0.394599,0.613196,0.684331,0.000175,-0.002406,-0.001836,0.0,0.0,0.0,0.12271,-0.255436,-0.00345,0.334124,-0.942876,0.317221,-0.101718,-0.301253,-0.681075,0.667321,0.143606,0.659433,0.737827,0.02524,0.035593,-0.060114,-0.852522,1.112641,0.153518,-1.399547,0.001269,0.042775,-0.003781,0.98101,-0.152944,-0.119272,0.192903,0.705529,0.681921,-0.020146,-0.691979,0.721635,0.012746,0.018097,-0.029797,-0.093642,2.098016,-1.480934,-0.867851,0.106088,0.030411,-0.031056,0.733761,-0.377323,-0.564996,0.591126,0.76449,0.257144,0.334908,-0.522667,0.783998,6.3e-05,-0.000829,-0.000631,-1e-06,9e-06,8e-06,-0.059294
175,0.214463,-0.019672,0.373691,-0.573373,0.416553,-0.705531,-0.717637,-0.670795,0.187092,-0.394626,0.613068,0.684431,-0.000557,0.007945,-0.011076,0.035617,-0.007112,0.021262,0.125057,-0.254823,-0.002774,0.333044,-0.940539,0.327187,-0.091252,-0.299856,-0.673092,0.675993,0.160947,0.662737,0.731259,0.026399,0.040058,-0.055982,-0.274765,2.337057,-0.944543,-1.399815,0.001574,0.043107,-0.004327,0.980193,-0.164251,-0.11064,0.194638,0.695896,0.691262,-0.036547,-0.699105,0.714083,0.020025,0.013522,-0.024877,-1.091195,0.535579,0.783357,-0.873076,0.106015,0.030402,-0.031091,0.733941,-0.377213,-0.564835,0.590915,0.764642,0.257179,0.334886,-0.522525,0.784103,-0.006854,-0.00179,-0.001001,-0.001005,0.014711,-0.029556,-0.057497
176,0.214098,-0.019687,0.373467,-0.573912,0.416371,-0.7052,-0.717131,-0.67131,0.187185,-0.394762,0.612628,0.684747,-0.013648,-0.004579,-0.002774,-0.000984,0.014715,-0.029553,0.127252,-0.253195,-0.001379,0.331112,-0.935285,0.348619,-0.060812,-0.287812,-0.648981,0.704216,0.20722,0.675694,0.707361,0.055605,0.032173,-0.045183,-0.680645,2.425455,-0.958309,-1.399383,0.002361,0.043793,-0.005281,0.979329,-0.185638,-0.080324,0.185968,0.670177,0.718524,-0.079554,-0.71861,0.690847,0.020952,0.0173,-0.021378,-1.397933,1.355827,0.557109,-0.884996,0.105832,0.030399,-0.031206,0.734377,-0.376956,-0.56444,0.590346,0.765101,0.257117,0.334932,-0.522037,0.784408,-0.006813,-0.00238,-0.001451,-0.000976,0.014732,-0.029538,-0.053742
177,0.213612,-0.01963,0.373073,-0.57457,0.416169,-0.704782,-0.716373,-0.672159,0.187038,-0.395178,0.611834,0.685216,-0.01423,0.003676,-0.013621,0.033847,0.019435,-0.034561,0.131657,-0.251168,-4e-06,0.329628,-0.924873,0.379855,-0.017632,-0.268528,-0.619267,0.737791,0.270502,0.686606,0.674733,0.057445,0.040221,-0.037735,-1.12664,2.250793,-0.820393,-1.399405,0.003389,0.044488,-0.006044,0.97482,-0.219739,-0.037938,0.172759,0.636649,0.751553,-0.140993,-0.739183,0.65858,0.028569,0.014376,-0.014973,-1.570571,0.88673,0.388473,-0.893324,0.105595,0.030427,-0.031397,0.734903,-0.376664,-0.56395,0.589562,0.765817,0.256788,0.335161,-0.521198,0.784868,-0.007125,0.002077,-0.00662,0.034629,0.007513,-0.008323,-0.049823
178,0.213104,-0.019552,0.372516,-0.575168,0.416013,-0.704386,-0.715513,-0.673201,0.186583,-0.395864,0.610794,0.685748,-0.000128,0.001784,-0.015804,0.034833,0.00469,-0.005023,0.138411,-0.24861,0.001246,0.328517,-0.906286,0.421477,0.031526,-0.24736,-0.589151,0.769187,0.343909,0.68876,0.638121,0.071931,0.03221,-0.027018,-1.331487,2.116346,-0.722488,-1.398992,0.004691,0.045133,-0.00661,0.963824,-0.266272,0.011847,0.156948,0.602906,0.782221,-0.215426,-0.752065,0.622887,0.036057,0.016378,-0.0133,-1.253905,2.089577,-0.689668,-0.899855,0.105335,0.03047,-0.031673,0.735417,-0.376401,-0.563456,0.588665,0.766726,0.256131,0.335609,-0.52005,0.785438,-0.007008,0.000362,-0.007939,0.033848,0.019405,-0.034542,-0.042964
179,0.212848,-0.019486,0.372154,-0.575387,0.415982,-0.704227,-0.715053,-0.673812,0.186141,-0.396376,0.610143,0.686032,-0.014034,0.000605,-0.015997,0.03385,0.01939,-0.034584,0.141509,-0.247173,0.00177,0.328029,-0.897478,0.437762,0.053742,-0.23478,-0.577095,0.78216,0.374543,0.688788,0.620606,0.071492,0.03116,-0.02806,-1.098965,0.515746,0.785662,-1.398549,0.005358,0.045382,-0.00683,0.958291,-0.283849,0.033266,0.147006,0.589397,0.794354,-0.245084,-0.756333,0.606542,0.035725,0.01029,-0.009738,-1.039877,0.625419,0.563208,-0.895937,0.105218,0.030501,-0.031849,0.735562,-0.376357,-0.563297,0.588268,0.767219,0.255566,0.335988,-0.519354,0.785736,-0.007357,0.005414,-0.012653,0.069479,0.012098,-0.013386,-0.038882
180,0.212406,-0.019298,0.37129,-0.575795,0.413491,-0.705358,-0.713552,-0.67529,0.186544,-0.398478,0.610204,0.684758,-0.014536,0.007697,-0.027753,0.029096,-0.095732,-0.093446,0.144197,-0.24427,0.002446,0.327173,-0.885248,0.456105,0.091078,-0.210205,-0.566792,0.796552,0.416045,0.685412,0.597478,0.084209,0.015751,-0.024345,-0.349464,0.206466,0.287586,-1.398602,0.006865,0.045745,-0.00727,0.948775,-0.307807,0.071269,0.124831,0.572416,0.810405,-0.290244,-0.759996,0.581518,0.042113,0.007815,-0.012286,-0.246376,0.210116,0.248383,-0.899366,0.104986,0.030597,-0.032291,0.735834,-0.373964,-0.564533,0.58665,0.768438,0.255625,0.338214,-0.519281,0.784829,-0.007246,0.003758,-0.013935,0.029197,-0.098052,-0.095382,-0.031697
181,0.211988,-0.019006,0.370181,-0.576275,0.410993,-0.706425,-0.711745,-0.677191,0.186554,-0.401002,0.609788,0.683654,-0.014437,0.006016,-0.029082,0.028982,-0.095615,-0.093781,0.150976,-0.241257,0.002502,0.326341,-0.869748,0.476646,0.127824,-0.194725,-0.569274,0.798713,0.454561,0.669173,0.587745,0.08235,-0.002273,-0.022782,0.065172,0.458998,0.291202,-1.397966,0.008342,0.04578,-0.007671,0.937405,-0.331219,0.107538,0.10916,0.572722,0.812448,-0.330688,-0.749854,0.573029,0.040942,-0.007501,-0.008098,0.239567,1.796731,0.414571,-0.898386,0.104777,0.030742,-0.032847,0.736214,-0.371451,-0.565694,0.584642,0.770108,0.255198,0.340852,-0.51861,0.784131,-0.007195,0.00293,-0.014592,0.030035,-0.096063,-0.095245,-0.025492
182,0.211637,-0.018629,0.368849,-0.576244,0.403804,-0.710585,-0.709099,-0.679304,0.188936,-0.4057,0.612243,0.67867,-0.01434,0.004301,-0.030455,-0.022713,-0.250242,-0.164832,0.163842,-0.238225,0.001854,0.325732,-0.838355,0.519849,0.16404,-0.199846,-0.572889,0.794854,0.508231,0.632919,0.583933,0.081513,-0.027714,-0.009688,0.216372,1.735571,0.407846,-1.398491,0.009833,0.045473,-0.00798,0.916344,-0.374591,0.141404,0.111536,0.577999,0.808378,-0.384542,-0.724981,0.571426,0.0408,-0.008363,-0.009052,-0.020013,1.881599,-2.313306,-0.90802,0.104607,0.030928,-0.033502,0.736067,-0.364989,-0.570077,0.581606,0.771887,0.256755,0.346323,-0.520549,0.78044,-0.000531,0.00786,-0.019764,-0.032067,-0.386665,-0.12178,-0.012266
183,0.211496,-0.018414,0.368116,-0.576266,0.398942,-0.713308,-0.707441,-0.680493,0.190863,-0.408548,0.614112,0.675265,-0.000328,0.004062,-0.031389,-0.017384,-0.251197,-0.129561,0.173104,-0.236813,0.001326,0.325558,-0.812137,0.552967,0.186152,-0.207179,-0.571387,0.794058,0.546468,0.605608,0.578339,0.067467,-0.038277,-0.000711,0.73408,5.28626,2.203071,-1.398506,0.010569,0.045202,-0.008075,0.896599,-0.411741,0.16303,0.118771,0.578237,0.807177,-0.426618,-0.704351,0.56735,0.040704,-0.014394,-0.005485,-0.373812,2.10544,-2.415886,-0.910796,0.104531,0.031038,-0.033879,0.735975,-0.35986,-0.573446,0.57939,0.772957,0.258542,0.35021,-0.522529,0.777376,-0.000136,0.001934,-0.015762,-0.012202,-0.246974,-0.131474,-0.000836
184,0.21121,-0.017915,0.366418,-0.574351,0.387447,-0.721146,-0.706752,-0.679196,0.197905,-0.412413,0.622854,0.664827,-0.000755,0.010102,-0.044024,0.029942,-0.207106,-0.117621,0.188238,-0.233767,-0.000213,0.325297,-0.752995,0.614601,0.235064,-0.217485,-0.569449,0.792693,0.621985,0.544985,0.562129,0.080798,-0.044401,-0.007121,-0.116289,2.435888,-2.515614,-1.398468,0.012118,0.04442,-0.008202,0.846413,-0.488939,0.211003,0.132109,0.576635,0.80625,-0.515879,-0.654546,0.552664,0.040351,-0.022421,-0.003856,-0.05956,2.416059,-2.509749,-0.922553,0.104388,0.031287,-0.034709,0.734095,-0.348691,-0.582681,0.577592,0.771843,0.265793,0.357059,-0.531669,0.768007,-0.007696,0.010174,-0.026273,0.092109,-0.193835,-0.110411,0.021535
185,0.210801,-0.017318,0.364333,-0.571085,0.368814,-0.733405,-0.707373,-0.674404,0.211599,-0.415867,0.639171,0.646949,-0.015126,0.014797,-0.057039,-0.111585,-0.710053,-0.367039,0.194851,-0.230555,-0.002071,0.324986,-0.694595,0.659626,0.287093,-0.219423,-0.574171,0.788743,0.685977,0.484022,0.543158,0.080838,-0.046778,-0.009695,-0.1558,0.761569,-0.810713,-1.398658,0.013694,0.043507,-0.008356,0.796882,-0.544176,0.262391,0.133158,0.581856,0.802316,-0.589276,-0.604412,0.536133,0.040354,-0.023621,-0.005145,-0.02447,1.038447,-0.621144,-0.929738,0.104188,0.031585,-0.035745,0.731065,-0.33297,-0.595545,0.576825,0.767818,0.278797,0.364439,-0.547345,0.75339,-0.007856,0.012494,-0.033159,-0.220298,-0.916271,-0.619415,0.038844
186,0.210483,-0.016985,0.363113,-0.568552,0.362318,-0.738593,-0.71079,-0.668351,0.219216,-0.413513,0.649167,0.638448,-0.014992,0.01235,-0.059056,-0.093774,-0.545713,-0.511743,0.19418,-0.228881,-0.00299,0.324684,-0.668575,0.675376,0.311233,-0.219371,-0.578884,0.785304,0.711372,0.4559,0.53476,0.094523,-0.040034,-0.022722,1.268022,5.090784,2.220329,-1.398461,0.014526,0.043048,-0.0085,0.777961,-0.559222,0.286436,0.129454,0.588763,0.797871,-0.614831,-0.583633,0.530429,0.040105,-0.025721,-0.007224,-0.772737,0.872813,-0.732507,-0.924186,0.104029,0.031753,-0.036354,0.728604,-0.326652,-0.602023,0.579475,0.762577,0.287548,0.365161,-0.558367,0.744904,-0.007771,0.010984,-0.034388,-0.145155,-0.845744,-0.387546,0.04211
187,0.209564,-0.016199,0.360257,-0.56199,0.349961,-0.749493,-0.722696,-0.648499,0.239022,-0.401704,0.675546,0.618303,-0.029336,0.015469,-0.073476,-4.248203,0.691634,2.815886,0.201193,-0.225334,-0.004665,0.323751,-0.625942,0.690929,0.361669,-0.209412,-0.595506,0.775534,0.751987,0.408825,0.516953,0.094716,-0.042339,-0.025463,-0.192771,1.221917,-0.698668,-1.399254,0.016299,0.042209,-0.008968,0.736055,-0.587309,0.336586,0.119698,0.60232,0.789229,-0.666254,-0.540628,0.51364,0.047305,-0.015631,-0.016902,0.131929,2.060602,0.145518,-0.924512,0.103575,0.032147,-0.037775,0.724315,-0.312333,-0.614666,0.585678,0.749127,0.309499,0.363796,-0.584171,0.725531,-0.014936,0.012769,-0.041403,-0.181152,-0.872605,-0.669264,0.047988
188,0.20811,-0.01519,0.356707,-0.560506,0.322325,-0.76288,-0.723673,-0.638517,0.26185,-0.402021,0.698441,0.592104,-0.044474,0.029984,-0.096328,-0.223058,-0.977852,-0.986723,0.214549,-0.221566,-0.00583,0.322398,-0.576203,0.701776,0.418918,-0.188283,-0.612626,0.767576,0.796014,0.362515,0.48457,0.095229,-0.030724,-0.03378,-0.062007,2.796146,-0.649204,-1.399245,0.018146,0.041626,-0.009628,0.694798,-0.603811,0.390726,0.094999,0.615566,0.782338,-0.712903,-0.506449,0.485055,0.047615,-0.015316,-0.016904,-0.379122,0.771846,-0.715644,-0.928431,0.10287,0.032635,-0.039506,0.720209,-0.291813,-0.629399,0.588918,0.736706,0.332322,0.366706,-0.610006,0.702437,-0.021811,0.00939,-0.043927,-0.213311,-0.802594,-0.924408,0.062848
189,0.206055,-0.013924,0.35279,-0.552907,0.294889,-0.779346,-0.728225,-0.625566,0.27987,-0.40432,0.721913,0.561599,-0.059192,0.038085,-0.106914,-0.305226,-1.042989,-1.273177,0.229982,-0.217886,-0.006395,0.320684,-0.517013,0.714951,0.470674,-0.16571,-0.622946,0.764469,0.840393,0.316341,0.439922,0.095633,-0.006059,-0.048374,-0.560176,1.027755,-0.766606,-1.398696,0.019985,0.041325,-0.010482,0.634169,-0.632225,0.445106,0.071967,0.621438,0.78015,-0.769837,-0.462714,0.439596,0.04788,-0.002635,-0.023863,-0.846302,1.199029,-0.649916,-0.928105,0.101832,0.03327,-0.041501,0.712612,-0.266258,-0.649067,0.591444,0.725607,0.351692,0.377327,-0.634508,0.674553,-0.036521,0.018562,-0.053462,-0.216995,-0.774277,-1.078591,0.084239
190,0.204776,-0.01318,0.350673,-0.543801,0.279876,-0.791198,-0.730719,-0.621553,0.2823,-0.412093,0.731309,0.543501,-0.073269,0.036605,-0.107637,0.774007,-2.139022,1.00809,0.238575,-0.216107,-0.006333,0.319731,-0.488366,0.717676,0.496419,-0.150193,-0.629393,0.762391,0.860186,0.29686,0.414509,0.09601,0.008511,-0.05343,-0.640291,1.201172,-0.801401,-1.399255,0.020909,0.041344,-0.010978,0.60639,-0.640092,0.471776,0.055061,0.625681,0.778133,-0.793258,-0.445876,0.414651,0.047999,0.004116,-0.026916,-0.797163,1.237982,-0.553788,-0.929901,0.101197,0.033643,-0.04256,0.705842,-0.250416,-0.662629,0.592309,0.721712,0.358192,0.38853,-0.645308,0.657739,-0.029512,0.018521,-0.05395,-0.296553,-0.96177,-1.19359,0.095016
191,0.20198,-0.01169,0.346319,-0.524386,0.239324,-0.817183,-0.731852,-0.617218,0.288802,-0.434618,0.749202,0.499831,-0.087436,0.034122,-0.109545,-0.059342,-0.949476,-0.414559,0.253775,-0.21235,-0.005664,0.31755,-0.42197,0.716465,0.555527,-0.115256,-0.650061,0.751046,0.899733,0.251987,0.356154,0.096171,0.022562,-0.059169,-0.688902,1.337316,-0.800318,-1.399145,0.022824,0.041685,-0.012087,0.540777,-0.651342,0.532271,0.01635,0.640797,0.767535,-0.841006,-0.406363,0.357178,0.048133,0.011441,-0.029495,-0.693383,1.335468,-0.790511,-0.931534,0.099804,0.034389,-0.044736,0.685323,-0.21382,-0.696141,0.593423,0.718058,0.363649,0.422114,-0.662323,0.618988,-0.029843,0.02263,-0.0596,0.055599,-1.441834,-0.132543,0.117387
192,0.198917,-0.010307,0.342026,-0.500235,0.200093,-0.84248,-0.73823,-0.607038,0.294097,-0.451955,0.768812,0.452429,-0.087718,0.035979,-0.10856,-0.16912,-1.126434,-0.332613,0.265011,-0.208669,-0.004565,0.315061,-0.361374,0.720372,0.592,-0.082601,-0.657033,0.749279,0.929153,0.220963,0.296166,0.081368,0.032991,-0.06765,-0.815878,1.619554,-0.764785,-1.398913,0.024634,0.042228,-0.0133,0.483581,-0.665772,0.56824,-0.015871,0.642419,0.766189,-0.875155,-0.379533,0.300095,0.047877,0.016513,-0.034253,-0.885616,1.572503,-0.489654,-0.928105,0.098273,0.035075,-0.046888,0.662011,-0.179974,-0.727564,0.599747,0.709386,0.370233,0.449492,-0.681453,0.577561,-0.036718,0.018025,-0.054532,-0.176421,-1.212537,-0.386003,0.137635
193,0.19721,-0.00963,0.339996,-0.491498,0.182602,-0.851546,-0.741015,-0.601379,0.298682,-0.456958,0.777582,0.431951,-0.087359,0.028228,-0.097605,-0.0847,-0.856234,-0.225534,0.274055,-0.206839,-0.003875,0.313655,-0.335635,0.722316,0.604649,-0.06629,-0.658293,0.749793,0.94002,0.210665,0.26804,0.095442,0.031515,-0.070096,-0.785615,1.625599,-0.711606,-1.399055,0.025544,0.042574,-0.014,0.458712,-0.672269,0.581064,-0.032169,0.640929,0.766925,-0.888001,-0.37049,0.272375,0.047596,0.021485,-0.039002,-0.814533,1.575044,-0.438882,-0.927941,0.09742,0.035412,-0.047911,0.652974,-0.162757,-0.739685,0.602045,0.7041,0.376543,0.459527,-0.691197,0.557746,-0.043864,0.019572,-0.052998,-0.092137,-1.081176,-0.105034,0.148249
194,0.193446,-0.008322,0.336149,-0.478241,0.146384,-0.865969,-0.745297,-0.589238,0.311932,-0.464013,0.7944,0.391979,-0.101786,0.033465,-0.092971,-0.110345,-0.949519,-0.055176,0.310892,-0.203255,-0.002501,0.310597,-0.255825,0.738733,0.623554,-0.058941,-0.65563,0.752735,0.965185,0.154886,0.210458,0.094792,0.026066,-0.076074,-0.739316,1.372266,0.52406,-1.39844,0.027337,0.043269,-0.015522,0.38316,-0.700966,0.601527,-0.039096,0.638336,0.768764,-0.922853,-0.318077,0.21718,0.047224,0.018769,-0.041916,0.027504,0.242428,2.274002,-0.927941,0.095582,0.036052,-0.049807,0.638883,-0.13027,-0.758193,0.605113,0.693674,0.390708,0.475042,-0.70841,0.522005,-0.043755,0.016823,-0.046657,-0.721129,-1.222265,-0.060481,0.18352
195,0.189447,-0.007235,0.332855,-0.465693,0.119783,-0.876828,-0.756323,-0.568308,0.323994,-0.458928,0.813897,0.356347,-0.101561,0.026788,-0.081344,-0.66028,-0.956421,-0.279552,0.345144,-0.199868,-0.001399,0.307413,-0.179713,0.750156,0.636365,-0.048752,-0.652788,0.755927,0.982671,0.103885,0.153062,0.080272,0.022957,-0.078992,-0.705958,1.339463,-0.014227,-1.3983,0.029035,0.043819,-0.017115,0.309482,-0.726139,0.613956,-0.048835,0.632665,0.772883,-0.949649,-0.269176,0.160338,0.040142,0.011165,-0.039857,-0.771825,1.434808,0.047421,-0.929901,0.093544,0.036608,-0.051489,0.625485,-0.107433,-0.772803,0.61608,0.675771,0.404694,0.47876,-0.72924,0.488872,-0.050508,0.008644,-0.035742,-1.569727,-0.193326,0.357566,0.236263
196,0.187367,-0.006797,0.33143,-0.460897,0.11147,-0.880451,-0.761773,-0.558661,0.327982,-0.454747,0.82173,0.3435,-0.101246,0.020024,-0.069464,-0.078874,-0.723146,-0.194549,0.352895,-0.19827,-0.000937,0.305836,-0.141247,0.755797,0.639384,-0.047291,-0.650167,0.758275,0.988957,0.075919,0.126749,0.080266,0.022145,-0.080158,-0.70382,1.385053,0.016641,-1.398448,0.029834,0.044049,-0.017904,0.272795,-0.737887,0.617337,-0.049522,0.630054,0.77497,-0.960796,-0.24198,0.135334,0.040137,0.010738,-0.040462,-0.34343,1.079025,-0.267424,-0.93333,0.092504,0.036826,-0.05221,0.620255,-0.098251,-0.778222,0.621824,0.666349,0.411476,0.47814,-0.739137,0.474401,-0.050567,0.009529,-0.03511,-0.165529,-0.866873,-0.303115,0.256347
197,0.183194,-0.006185,0.329052,-0.452226,0.099694,-0.886339,-0.775835,-0.534189,0.335699,-0.439451,0.839341,0.320027,-0.11521,0.014703,-0.056008,-0.251865,-0.669645,-0.213843,0.348949,-0.195317,-0.000273,0.302836,-0.083892,0.760293,0.644134,-0.037728,-0.648266,0.760435,0.995799,0.038541,0.082237,0.080951,0.010695,-0.073172,-0.629269,1.221952,0.091576,-1.398427,0.03131,0.044382,-0.019411,0.217147,-0.751683,0.622751,-0.058324,0.626843,0.776959,-0.974394,-0.205036,0.092276,0.033394,0.005796,-0.035673,-0.311075,0.870301,-0.180369,-0.929574,0.090461,0.037132,-0.053386,0.611687,-0.089436,-0.786027,0.63685,0.645114,0.422195,0.469318,-0.758833,0.451565,-0.057547,0.007828,-0.027491,-1.445013,0.208198,0.477324,0.27039
198,0.179078,-0.005901,0.327414,-0.434236,0.09809,-0.895468,-0.794407,-0.510369,0.329264,-0.424188,0.854222,0.300661,-0.114703,-0.000595,-0.033752,-0.086408,-0.504919,-0.103976,0.343671,-0.192965,0.000207,0.300058,-0.049395,0.752701,0.656501,-0.023923,-0.657901,0.752681,0.998487,0.020532,0.049658,0.052661,0.012757,-0.069686,-0.298946,0.885432,-0.202215,-1.398603,0.032496,0.044617,-0.020805,0.181488,-0.750519,0.635438,-0.073862,0.633941,0.769846,-0.980615,-0.186653,0.059618,0.02636,0.006225,-0.035041,-0.275775,0.88694,-0.206725,-0.935943,0.088322,0.037281,-0.054244,0.595145,-0.089523,-0.798615,0.659043,0.623036,0.421292,0.459851,-0.777052,0.429796,-0.057314,1.1e-05,-0.016539,-0.140091,-0.565838,-0.142583,0.263858
199,0.174874,-0.005852,0.32629,-0.396836,0.100741,-0.91237,-0.81468,-0.496583,0.299457,-0.422413,0.861999,0.280272,-0.100337,-0.005363,-0.02061,0.049053,-0.230591,0.334031,0.33743,-0.191172,0.000594,0.297526,-0.028445,0.746265,0.665035,-0.013583,-0.665427,0.746296,0.99947,0.011261,0.028208,0.039342,0.00581,-0.056711,-1.346339,-0.428554,-0.336135,-1.398352,0.033397,0.044807,-0.022082,0.158662,-0.74813,0.644303,-0.084257,0.639929,0.7638,-0.98373,-0.175473,0.038497,0.012608,0.002561,-0.028452,-4.075406,-3.238592,-0.200209,-0.938065,0.086257,0.037307,-0.054799,0.562092,-0.096965,-0.82137,0.685475,0.610309,0.397046,0.462791,-0.786205,0.409517,-0.057232,-0.002359,-0.009739,0.074205,-0.292041,0.470708,0.25749
200,0.1728,-0.005925,0.325907,-0.385499,0.102284,-0.917046,-0.82093,-0.491769,0.290186,-0.420822,0.86457,0.274689,-0.100423,-0.003976,-0.019548,0.048843,-0.29257,0.442031,0.33527,-0.190572,0.000735,0.29649,-0.03707,0.744628,0.666443,0.010986,-0.666453,0.745422,0.99923,0.034023,0.015667,0.025148,0.007627,-0.053895,-0.716196,0.549846,-0.0372,-1.398603,0.033713,0.04488,-0.022622,0.168207,-0.744402,0.646197,-0.109708,0.637328,0.762742,-0.979627,-0.199192,0.025536,0.012624,0.004062,-0.026694,-0.660948,0.49187,-0.086795,-0.936922,0.085221,0.037273,-0.054988,0.552194,-0.100381,-0.827649,0.69376,0.605868,0.389383,0.46236,-0.789206,0.404197,-0.057281,-0.001622,-0.009178,0.046574,-0.269347,0.411282,0.254224
201,0.168651,-0.006301,0.325429,-0.365603,0.100834,-0.925317,-0.827273,-0.490801,0.273324,-0.426139,0.865292,0.264011,-0.114638,-0.011652,-0.008229,0.006347,-0.162237,0.223995,0.344506,-0.18987,0.001069,0.2947,-0.076759,0.74181,0.666197,0.086587,-0.660578,0.745703,0.993309,0.113992,-0.014382,0.011892,0.003455,-0.037538,-1.64462,-0.299967,0.286639,-1.397789,0.034059,0.045041,-0.023509,0.206572,-0.735034,0.645796,-0.182309,0.619558,0.763486,-0.961296,-0.275449,-0.00602,-0.001111,0.001609,-0.018533,-4.03791,-3.466007,-0.163992,-0.936106,0.083189,0.037094,-0.055227,0.534259,-0.101984,-0.839146,0.70304,0.604798,0.374101,0.469362,-0.789821,0.394818,-0.050153,-0.00527,-0.003691,0.011356,-0.294058,0.449091,0.257164
202,0.164736,-0.0068,0.32526,-0.351157,0.09962,-0.931026,-0.831911,-0.489486,0.261342,-0.42926,0.866179,0.255923,-0.100572,-0.009307,-0.00677,0.007672,-0.191716,0.278301,0.360923,-0.189769,0.001213,0.293453,-0.098415,0.738036,0.667539,0.154702,-0.651188,0.742937,0.983098,0.175458,-0.050946,-0.001584,-0.003262,-0.023791,-0.445974,0.730516,-0.142165,-1.398018,0.034115,0.045116,-0.024146,0.226874,-0.728864,0.645975,-0.250404,0.597319,0.76191,-0.941182,-0.334613,-0.046995,-0.000761,-0.001312,-0.011531,-0.417339,0.707194,-0.159446,-0.928268,0.081189,0.036842,-0.055313,0.52073,-0.102965,-0.847488,0.710054,0.603381,0.362979,0.473985,-0.790777,0.38731,-0.050266,-0.010482,0.000536,-0.03002,-0.162989,0.236172,0.275289
203,0.162741,-0.007103,0.325211,-0.345999,0.099083,-0.933013,-0.833602,-0.48882,0.257165,-0.430171,0.866617,0.252891,-0.086399,-0.02014,0.001248,-0.032171,-0.089801,0.119883,0.369208,-0.189839,0.001178,0.293039,-0.103241,0.734601,0.670592,0.190606,-0.646981,0.738253,0.976278,0.203111,-0.074084,-0.015822,-0.000679,-0.019922,-0.859183,1.14744,-0.538093,-1.397812,0.034085,0.045099,-0.024346,0.232918,-0.723986,0.649301,-0.283849,0.587981,0.757434,-0.930149,-0.360724,-0.068552,-0.00071,-0.000394,-0.010526,-1.822869,1.755929,-2.088901,-0.928431,0.080224,0.036698,-0.055338,0.516057,-0.103204,-0.850313,0.712498,0.602724,0.359262,0.475427,-0.791246,0.384573,-0.050303,-0.009698,0.001174,-0.029214,-0.177766,0.260837,0.286066
204,0.159103,-0.007749,0.325099,-0.339607,0.098224,-0.935449,-0.835794,-0.487681,0.252164,-0.431017,0.867357,0.248882,-0.101246,-0.010769,-0.008759,0.001491,-0.073177,0.083972,0.374605,-0.190093,0.000905,0.292632,-0.122275,0.723523,0.679378,0.253859,-0.638837,0.726207,0.959559,0.26035,-0.106429,-0.00045,-0.006573,-0.00727,-1.351829,-0.706805,-0.050713,-1.397797,0.033953,0.044961,-0.024557,0.247844,-0.711065,0.657996,-0.345943,0.569452,0.745685,-0.904928,-0.412443,-0.104853,-0.000198,-0.002953,-0.003257,-1.333284,-0.748223,-0.076428,-0.916185,0.078374,0.036374,-0.055387,0.509918,-0.103325,-0.853994,0.715809,0.601544,0.354627,0.477074,-0.792128,0.380699,-0.043481,-0.011131,-0.000485,-0.028913,-0.177082,0.265922,0.301415
205,0.155582,-0.008474,0.324894,-0.337427,0.090676,-0.936999,-0.831124,-0.496069,0.251238,-0.441622,0.863423,0.243919,-0.087505,-0.02332,-0.002473,-0.038103,0.028789,-0.074478,0.375872,-0.190326,0.000463,0.292679,-0.141882,0.710245,0.689502,0.293335,-0.634988,0.714618,0.945524,0.302749,-0.119128,0.001054,-0.024666,0.013295,-1.239789,-0.928653,-0.158859,-1.397643,0.033836,0.044755,-0.02454,0.262214,-0.69624,0.668201,-0.380694,0.561638,0.734597,-0.886743,-0.447003,-0.117785,-0.006988,-0.006489,0.00351,-0.072169,0.35408,-0.53803,-0.915531,0.076641,0.03602,-0.055487,0.507165,-0.09615,-0.856468,0.71043,0.609244,0.352292,0.487925,-0.787132,0.377295,-0.043739,-0.011651,-0.001167,-0.036592,0.03363,-0.072494,0.307457
206,0.152403,-0.009136,0.324648,-0.331523,0.085971,-0.939546,-0.827302,-0.505179,0.245635,-0.453116,0.858615,0.239774,-0.073392,-0.022255,-0.001909,0.103774,-0.03698,-0.055748,0.3818,-0.19037,-0.000303,0.293269,-0.158857,0.698452,0.697797,0.325907,-0.629949,0.704899,0.93208,0.338511,-0.128451,0.001354,-0.020332,0.018111,-3.940644,-3.754519,0.514644,-1.397621,0.033815,0.044367,-0.024243,0.276947,-0.681924,0.676963,-0.412332,0.552016,0.724747,-0.867918,-0.47985,-0.1283,0.000979,-0.015484,0.013329,-0.11638,0.136377,-0.188439,-0.92141,0.075046,0.035685,-0.055615,0.501276,-0.092601,-0.860317,0.706961,0.617119,0.345497,0.498924,-0.781402,0.374812,-0.036704,-0.006165,-0.005571,1.586565,-0.392976,-0.412967,0.311376
207,0.150994,-0.009424,0.324511,-0.325242,0.085573,-0.941775,-0.829024,-0.504888,0.240371,-0.454525,0.858827,0.236327,-0.073434,-0.011154,-0.010287,0.003146,-0.103146,0.145112,0.384875,-0.190349,-0.000749,0.293705,-0.165945,0.69381,0.700772,0.334511,-0.628778,0.701907,0.927795,0.350015,-0.12864,0.001508,-0.018119,0.020565,-0.059467,-0.093097,-0.057537,-1.397341,0.033826,0.044136,-0.024018,0.287038,-0.674509,0.680181,-0.424033,0.547236,0.721615,-0.858955,-0.49555,-0.128937,0.000748,-0.008826,0.010546,-0.066798,-0.084533,-0.049251,-0.925819,0.074308,0.035533,-0.055683,0.495521,-0.092916,-0.863611,0.709317,0.617143,0.340592,0.501325,-0.781345,0.371715,-0.036688,-0.005398,-0.004922,-0.00353,0.002829,-0.029452,0.316438
208,0.14829,-0.00995,0.324232,-0.311276,0.084778,-0.946554,-0.8327,-0.504301,0.228611,-0.457588,0.859251,0.228752,-0.059168,-0.010477,-0.009947,0.003835,-0.116769,0.173195,0.385939,-0.190238,-0.001609,0.294639,-0.180452,0.675873,0.714579,0.333729,-0.641228,0.690931,0.925383,0.3623,-0.110761,0.001558,-0.017422,0.021343,0.225762,-0.490093,-0.381418,-1.396986,0.033881,0.043718,-0.023553,0.29819,-0.655249,0.694068,-0.42538,0.559721,0.71117,-0.854478,-0.507307,-0.111827,0.00075,-0.008838,0.010538,0.332106,-0.646539,-0.505334,-0.925655,0.072951,0.035269,-0.055823,0.482651,-0.094147,-0.870736,0.715082,0.616391,0.329726,0.505672,-0.781791,0.364825,-0.036786,-0.010005,-1.9e-05,-0.039042,0.020803,-0.052638,0.321827
209,0.145901,-0.010434,0.324055,-0.291796,0.080483,-0.953113,-0.831799,-0.513276,0.211258,-0.471852,0.854342,0.217906,-0.058934,-0.007182,-0.006939,0.075609,-0.467877,0.726574,0.389402,-0.190131,-0.0025,0.295661,-0.197078,0.660081,0.724875,0.324007,-0.65387,0.683672,0.925467,0.368766,-0.085935,0.002259,-0.027272,0.030769,0.467749,-0.641273,0.387251,-1.39682,0.033933,0.043281,-0.023055,0.310663,-0.635967,0.706423,-0.419597,0.575108,0.702274,-0.852892,-0.514584,-0.088185,0.001112,-0.01359,0.01544,0.19413,-0.394524,-0.589561,-0.929738,0.071756,0.035022,-0.055915,0.464983,-0.092608,-0.880462,0.715986,0.624285,0.312459,0.520723,-0.775687,0.356589,-0.029584,-0.009332,0.000508,0.224454,-1.679106,2.673286,0.324929
210,0.144858,-0.010688,0.32401,-0.281566,0.08024,-0.956205,-0.834308,-0.512696,0.202593,-0.473644,0.854713,0.212495,-0.058949,-0.006667,-0.006517,0.022499,-0.247129,0.383907,0.393826,-0.190114,-0.002901,0.296209,-0.204831,0.651996,0.730025,0.31892,-0.660573,0.679608,0.925561,0.371199,-0.073563,0.001764,-0.014438,0.024625,0.274667,-0.493602,-0.623647,-1.39711,0.033947,0.04308,-0.022782,0.31827,-0.629363,0.708947,-0.41428,0.580309,0.70115,-0.852687,-0.516857,-0.076038,0.001173,-0.012694,0.016419,0.056967,-0.180774,-0.405395,-0.930881,0.071235,0.034897,-0.055937,0.455033,-0.093865,-0.885513,0.720237,0.62357,0.304004,0.523644,-0.776111,0.35135,-0.022299,-0.008725,0.001061,0.043075,-0.611895,0.980002,0.329012
211,0.142942,-0.011161,0.324035,-0.263053,0.078284,-0.961623,-0.83582,-0.516308,0.186553,-0.48157,0.85272,0.202447,-0.044249,-0.004475,-0.00448,0.005174,-0.145673,0.227634,0.397587,-0.190066,-0.003507,0.297367,-0.214241,0.64291,0.735363,0.312263,-0.66815,0.675279,0.925712,0.373485,-0.058553,0.002044,-0.010327,0.029095,0.128769,-0.251544,-0.443635,-1.396819,0.033967,0.042764,-0.022195,0.326689,-0.617767,0.715288,-0.40891,0.589929,0.696258,-0.852095,-0.519949,-0.059888,0.001045,-0.004507,0.015269,0.218553,-0.393472,-0.528029,-0.941331,0.070271,0.034658,-0.055926,0.437545,-0.094561,-0.89421,0.724213,0.626502,0.288112,0.53298,-0.773661,0.342605,-0.022212,-0.007586,0.002114,-0.031823,-0.127266,0.204027,0.339462
212,0.141005,-0.011582,0.32425,-0.235333,0.077935,-0.968808,-0.841689,-0.514747,0.162992,-0.485704,0.853696,0.187942,-0.044123,-0.01233,0.006856,-0.028593,-0.142303,0.229431,0.401067,-0.189936,-0.003844,0.298629,-0.223945,0.635839,0.738613,0.307005,-0.673148,0.672721,0.925186,0.376605,-0.045403,0.002248,-0.007259,0.032357,0.047164,-0.215807,-0.137641,-1.396852,0.034032,0.042595,-0.021563,0.335336,-0.608593,0.71914,-0.40453,0.596367,0.693325,-0.850825,-0.523411,-0.046211,0.001112,-0.003486,0.016335,0.056455,-0.239511,-0.159221,-0.939535,0.069302,0.034451,-0.055823,0.411612,-0.098095,-0.906064,0.734351,0.624479,0.265996,0.539725,-0.774856,0.329079,-0.021998,-0.005725,0.003889,-0.025485,-0.179177,0.290816,0.343381
213,0.139191,-0.011963,0.324515,-0.201922,0.077591,-0.976347,-0.847747,-0.513036,0.1345,-0.490222,0.854757,0.170587,-0.043958,-0.010633,0.00844,0.183572,-1.687126,2.75491,0.40593,-0.189784,-0.004186,0.299896,-0.23497,0.628802,0.741207,0.302621,-0.677225,0.670612,0.923909,0.381082,-0.03211,0.002159,-0.00847,0.03096,0.006489,-0.143144,-0.084428,-1.397096,0.034107,0.042433,-0.020935,0.34518,-0.599654,0.721987,-0.400815,0.601402,0.69113,-0.848644,-0.527948,-0.032758,0.001043,-0.004464,0.015233,0.000423,-0.140967,-0.114451,-0.946557,0.068412,0.034264,-0.055693,0.383341,-0.101945,-0.917962,0.744577,0.622188,0.241838,0.546492,-0.7762,0.314416,-0.021923,-0.000311,-0.000411,0.00746,-0.239477,0.387683,0.351219
214,0.138333,-0.012142,0.324636,-0.191138,0.077494,-0.978522,-0.849673,-0.512165,0.125355,-0.491221,0.855288,0.164958,-0.044056,-0.010981,0.00806,-0.029738,-0.144638,0.235587,0.407889,-0.189723,-0.00437,0.300463,-0.239827,0.623218,0.744361,0.301525,-0.680894,0.667383,0.923025,0.38371,-0.025573,0.002092,-0.009427,0.029896,0.073073,-0.263058,-0.170246,-1.397194,0.034139,0.042336,-0.020627,0.348962,-0.593653,0.725121,-0.400509,0.605063,0.688106,-0.84724,-0.530541,-0.026619,0.001019,-0.004791,0.014861,0.061655,-0.250106,-0.159222,-0.941821,0.067983,0.034173,-0.055628,0.370515,-0.103688,-0.92302,0.749034,0.620987,0.230915,0.549241,-0.776931,0.307751,-0.02202,-0.005427,0.004126,-0.026364,-0.242395,0.400203,0.354158
215,0.136629,-0.012428,0.324861,-0.173104,0.077308,-0.981888,-0.85273,-0.510594,0.110079,-0.492629,0.856244,0.155532,-0.043741,0.000566,0.000164,0.00917,-0.24608,0.399285,0.417225,-0.18963,-0.004788,0.301497,-0.249235,0.611804,0.750712,0.29943,-0.688403,0.660587,0.921224,0.388653,-0.012581,0.001282,-0.00114,0.018751,0.100871,-0.260729,-0.141548,-1.397237,0.034185,0.042135,-0.020124,0.356247,-0.581326,0.731538,-0.399788,0.612793,0.681654,-0.844545,-0.535298,-0.014101,0.000882,-0.006852,0.012631,0.13382,-0.347121,-0.267835,-0.94721,0.067131,0.034029,-0.055515,0.353532,-0.105946,-0.929402,0.754914,0.619024,0.216594,0.552376,-0.778192,0.298825,-0.021987,-0.00497,0.004533,-0.029685,-0.143974,0.235454,0.362649
216,0.13494,-0.012645,0.325094,-0.163741,0.080032,-0.983275,-0.854389,-0.509748,0.100734,-0.492965,0.856494,0.15307,-0.043618,0.001595,0.0011,0.026795,-0.060081,0.311411,0.431117,-0.189575,-0.005137,0.302291,-0.264029,0.599026,0.755942,0.305913,-0.691173,0.6547,0.914968,0.403353,-0.001729,0.001125,-0.003469,0.016234,-4.130474,-3.76947,-0.088706,-1.397254,0.034213,0.041956,-0.019717,0.365868,-0.568041,0.737203,-0.402945,0.617344,0.675663,-0.838913,-0.544256,-0.003023,0.000539,-0.001844,0.008,0.033487,-0.144274,-0.088977,-0.951945,0.066287,0.03392,-0.0554,0.344696,-0.109881,-0.93226,0.758321,0.617957,0.207548,0.553292,-0.778494,0.296333,-0.02205,-0.005135,0.004337,0.003284,0.020504,0.299034,0.378978
217,0.13418,-0.012754,0.32518,-0.161603,0.079953,-0.983635,-0.85485,-0.509316,0.098992,-0.492873,0.856759,0.15188,-0.043833,0.000478,-3.5e-05,0.000995,-0.040896,0.058588,0.436564,-0.189572,-0.00528,0.302648,-0.270565,0.593488,0.757996,0.309446,-0.691858,0.652311,0.911872,0.410299,0.002569,0.001111,-0.003673,0.016006,0.061276,-0.203859,-0.129212,-1.397399,0.034215,0.041881,-0.019534,0.374562,-0.559679,0.73923,-0.41043,0.614825,0.673451,-0.831414,-0.555651,0.000581,0.000534,-0.0019,0.007933,0.055193,-0.195545,-0.121836,-0.947536,0.06589,0.033865,-0.05535,0.342455,-0.110319,-0.933034,0.759271,0.617416,0.205677,0.553381,-0.778861,0.2952,-0.022023,-0.004871,0.004577,-0.03881,-0.053995,0.058603,0.387959
218,0.132698,-0.012983,0.325313,-0.154542,0.079738,-0.984786,-0.855913,-0.508646,0.093079,-0.493302,0.857176,0.148083,-0.044024,-0.000297,-0.000869,0.002357,-0.054062,0.076729,0.442785,-0.189581,-0.00545,0.303307,-0.278273,0.580943,0.764893,0.326559,-0.691578,0.644215,0.903553,0.428313,0.001755,0.001167,-0.002827,0.016882,-0.01215,-0.048707,-0.050594,-1.397398,0.03421,0.041794,-0.019208,0.380232,-0.546033,0.746505,-0.427464,0.612001,0.665378,-0.820181,-0.572102,-0.000708,0.000571,-0.001373,0.00848,-0.031859,-0.022569,-0.018433,-0.948353,0.06515,0.033751,-0.055282,0.335664,-0.110918,-0.935428,0.76145,0.616556,0.200126,0.554547,-0.779457,0.291414,-0.014939,-0.006071,0.003453,-0.031405,0.006058,-0.013327,0.39988
219,0.131454,-0.01316,0.325354,-0.147286,0.079504,-0.985917,-0.856739,-0.508342,0.086942,-0.494095,0.857379,0.144214,-0.029726,-0.002099,-0.002499,-0.002043,0.04063,-0.078181,0.447507,-0.189507,-0.00552,0.303916,-0.281176,0.575228,0.768143,0.339068,-0.689153,0.64034,0.898031,0.439771,-0.002252,0.001127,-0.003386,0.016263,-0.034658,-0.003273,0.00695,-1.397732,0.034246,0.041761,-0.018908,0.38211,-0.540348,0.749677,-0.439483,0.60737,0.661781,-0.812924,-0.582344,-0.005392,0.000549,-0.001704,0.008118,-0.032943,-0.001418,0.010262,-0.948189,0.064522,0.033664,-0.055261,0.32859,-0.111674,-0.937846,0.763425,0.616033,0.194124,0.556066,-0.779763,0.287677,-0.014823,-0.000828,-0.001009,0.002724,-0.078383,0.123223,0.408697
220,0.130352,-0.01323,0.325284,-0.146053,0.079301,-0.986116,-0.856808,-0.508391,0.085964,-0.494342,0.857369,0.143426,-0.015235,-0.002981,-0.003182,-0.001578,0.029383,-0.054354,0.442851,-0.189418,-0.005642,0.304423,-0.279465,0.574175,0.769554,0.341594,-0.689487,0.638636,0.897605,0.440622,-0.004434,0.000974,-0.005702,0.013799,-0.034664,-0.00326,0.00696,-1.397728,0.034291,0.041703,-0.018651,0.380233,-0.539679,0.751111,-0.441995,0.607344,0.660131,-0.812442,-0.582992,-0.007603,0.000455,-0.003192,0.006534,-0.033273,-0.002292,0.007324,-0.94623,0.06396,0.033626,-0.055299,0.327555,-0.111615,-0.938215,0.763619,0.616048,0.193311,0.55641,-0.77976,0.287021,-0.007613,-0.001462,-0.001543,-0.001542,0.029712,-0.054981,0.409677
