frame,MLTx,MLTy,MLTz,MLTR1,MLTR2,MLTR3,MLTR4,MLTR5,MLTR6,MLTR7,MLTR8,MLTR9,MLTTVx,MLTTVy,MLTTVz,MLTRVx,MLTRVy,MLTRVz,MLGA,MRTx,MRTy,MRTz,MRTR1,MRTR2,MRTR3,MRTR4,MRTR5,MRTR6,MRTR7,MRTR8,MRTR9,MRTTVx,MRTTVy,MRTTVz,MRTRVx,MRTRVy,MRTRVz,MRGA,SLTx,SLTy,SLTz,SLTR1,SLTR2,SLTR3,SLTR4,SLTR5,SLTR6,SLTR7,SLTR8,SLTR9,SLTTVx,SLTTVy,SLTTVz,SLTRVx,SLTRVy,SLTRVz,SLGA,SRTx,SRTy,SRTz,SRTR1,SRTR2,SRTR3,SRTR4,SRTR5,SRTR6,SRTR7,SRTR8,SRTR9,SRTTVx,SRTTVy,SRTTVz,SRTRVx,SRTRVy,SRTRVz,SRGA
314,0.153105,-0.050027,0.33285,-0.508544,0.489857,-0.708144,-0.75244,-0.652621,0.088831,-0.41801,0.577398,0.70136,0.0,1e-06,1e-06,0.0,0.0,0.0,0.127805,-0.174424,-0.014566,0.32722,-0.49391,-0.868687,0.037773,0.666822,-0.350677,0.657501,-0.557285,0.35103,0.752379,0.015267,-0.005342,0.012559,0.127336,-0.148571,-0.051094,-1.405897,0.040158,0.037313,-0.017706,0.539148,0.841991,0.019182,-0.741048,0.463443,0.485868,0.400207,-0.27617,0.873821,3.7e-05,0.002297,0.002203,0.245142,-0.1773,-0.097137,-0.892181,0.07813,0.013175,-0.058661,0.600236,-0.41042,-0.686492,0.651021,0.749314,0.121244,0.464637,-0.519696,0.716957,-1e-06,-1e-06,-1e-06,-0.000158,2.4e-05,0.000162,-0.050802
315,0.153105,-0.050012,0.332836,-0.508515,0.489865,-0.708159,-0.752432,-0.652638,0.088773,-0.418059,0.577372,0.701352,-2.6e-05,0.010343,-0.009181,0.035671,-0.011987,0.01885,0.12888,-0.174391,-0.014623,0.327405,-0.492071,-0.869738,0.037601,0.668473,-0.349963,0.656204,-0.556937,0.349131,0.753519,0.00089,-0.006991,0.01219,0.38983,-0.334807,-0.250036,-1.40598,0.04018,0.037287,-0.017612,0.538429,0.84245,0.01925,-0.741484,0.462799,0.485816,0.400367,-0.275851,0.873848,0.000446,-0.003201,0.006377,-0.04676,0.000382,0.003421,-0.891854,0.07813,0.013179,-0.058665,0.600221,-0.410427,-0.6865,0.651019,0.74932,0.121215,0.464658,-0.519681,0.716954,0.0,-1e-06,-1e-06,-0.000128,1.4e-05,0.000152,-0.050639
316,0.153091,-0.049988,0.33277,-0.508396,0.489902,-0.708219,-0.752425,-0.652673,0.088576,-0.418217,0.577301,0.701316,-0.000154,-0.001322,-0.001459,-0.000875,0.01264,-0.025885,0.137868,-0.174284,-0.014831,0.328077,-0.486944,-0.872695,0.035792,0.672722,-0.348734,0.652505,-0.556334,0.342913,0.756814,0.001789,-0.013446,0.02488,0.378072,-0.357589,-0.255198,-1.405569,0.040228,0.03718,-0.017292,0.533848,0.845425,0.016153,-0.745277,0.461414,0.481308,0.399457,-0.268984,0.876402,0.000477,-0.001124,0.008357,-0.044287,-0.013881,-0.019874,-0.892344,0.078123,0.013197,-0.058699,0.600078,-0.410499,-0.686582,0.651027,0.749351,0.120974,0.464832,-0.519578,0.716916,-8e-06,-7.7e-05,-8.3e-05,-9.2e-05,1.5e-05,0.000104,-0.044271
317,0.153067,-0.049938,0.332716,-0.508356,0.489907,-0.708244,-0.752365,-0.652763,0.088421,-0.418372,0.577196,0.701311,-1.4e-05,-0.000121,-0.000134,0.0,0.0,0.0,0.14336,-0.174252,-0.015162,0.328682,-0.478225,-0.877539,0.034878,0.677371,-0.343417,0.650513,-0.558262,0.335824,0.75857,0.000884,-0.007347,0.011843,0.016838,-0.076124,-0.056023,-1.40537,0.04025,0.03702,-0.01697,0.524249,0.851477,0.012205,-0.751264,0.455705,0.477425,0.400955,-0.259459,0.878587,0.000421,-0.004279,0.005347,-0.013757,-0.123001,-0.172839,-0.891854,0.078111,0.013215,-0.058725,0.600069,-0.410496,-0.686592,0.650958,0.74943,0.12086,0.46494,-0.519467,0.716926,-8e-06,-7.7e-05,-8.6e-05,-6.6e-05,1.2e-05,6.9e-05,-0.034473
318,0.153079,-0.049916,0.332695,-0.508292,0.489927,-0.708277,-0.752364,-0.652778,0.088318,-0.418453,0.577161,0.701291,-0.0,-2e-06,-2e-06,0.0,0.0,0.0,0.144,-0.174222,-0.015351,0.328925,-0.474807,-0.879444,0.033566,0.680316,-0.342704,0.64781,-0.557603,0.33153,0.76094,0.000881,-0.007513,0.011684,0.087159,-0.089951,-0.085064,-1.405785,0.040265,0.036924,-0.016851,0.52141,0.853244,0.010182,-0.753622,0.454869,0.474497,0.40023,-0.255081,0.880197,0.000436,-0.003542,0.006049,0.100508,-0.118165,-0.075767,-0.892181,0.078117,0.01323,-0.058739,0.599996,-0.410532,-0.686635,0.650956,0.749453,0.120729,0.465038,-0.519406,0.716907,-0.0,1.1e-05,1.3e-05,-5.7e-05,-2e-06,6e-05,-0.031861
319,0.153102,-0.049847,0.332632,-0.511012,0.486963,-0.708364,-0.748471,-0.657277,0.088027,-0.422097,0.574564,0.701239,-2.5e-05,0.010349,-0.009174,0.14137,-0.025135,-0.085793,0.143252,-0.174105,-0.015346,0.329303,-0.471461,-0.8813,0.032042,0.683213,-0.34217,0.645038,-0.556905,0.327113,0.763359,0.000919,-0.005253,0.013828,0.036893,-0.062006,-0.031944,-1.405683,0.040323,0.036922,-0.016666,0.518304,0.855159,0.00791,-0.756159,0.453941,0.471338,0.399478,-0.250278,0.881916,3.9e-05,0.002641,0.00251,0.067527,-0.061138,-0.048103,-0.893324,0.078129,0.013261,-0.058767,0.602241,-0.407296,-0.686596,0.646605,0.753276,0.120311,0.468195,-0.516413,0.717014,-2e-06,5e-06,7e-06,0.356761,-0.043082,-0.35176,-0.030065
320,0.153091,-0.049771,0.332577,-0.510885,0.486999,-0.708431,-0.748433,-0.657355,0.08777,-0.422318,0.574445,0.701204,1e-06,1.1e-05,1.2e-05,0.0,-0.0,-0.0,0.143801,-0.174125,-0.01539,0.329503,-0.464289,-0.885099,0.032038,0.686921,-0.337161,0.643735,-0.558375,0.322003,0.764457,0.000851,-0.009253,0.010026,0.014823,-0.031289,-0.045961,-1.405709,0.040313,0.036906,-0.01656,0.511492,0.859265,0.006188,-0.75993,0.448976,0.470027,0.4011,-0.245118,0.882629,1.3e-05,0.000909,0.000865,0.042464,-0.040399,-0.035529,-0.892507,0.078123,0.013303,-0.058798,0.602171,-0.407265,-0.686676,0.64645,0.753456,0.120023,0.4685,-0.516176,0.716986,-1.2e-05,0.005176,-0.004583,0.035533,-0.011992,0.018979,-0.029575
321,0.153078,-0.049753,0.332551,-0.510881,0.486996,-0.708435,-0.7484,-0.6574,0.087714,-0.42238,0.574396,0.701207,-0.0,-3e-06,-4e-06,0.0,0.0,0.0,0.147948,-0.17409,-0.015566,0.329858,-0.462451,-0.886073,0.031712,0.688192,-0.336298,0.64283,-0.558338,0.320219,0.765234,0.000899,-0.006429,0.012704,-0.01822,-0.017298,-0.002212,-1.40569,0.04033,0.036811,-0.01639,0.509709,0.860329,0.005439,-0.761157,0.447989,0.468983,0.401043,-0.243185,0.883189,0.000439,-0.003492,0.006091,-0.043504,0.006741,-0.032107,-0.89365,0.078117,0.013312,-0.058811,0.602165,-0.407266,-0.686681,0.646418,0.753493,0.119966,0.468551,-0.516122,0.716991,1e-06,1e-06,3e-06,-9e-05,2.7e-05,0.000101,-0.026635
322,0.153078,-0.049753,0.332551,-0.510881,0.486996,-0.708435,-0.7484,-0.6574,0.087714,-0.42238,0.574396,0.701207,-0.0,-0.0,-0.0,0.0,0.0,0.0,0.151167,-0.174075,-0.015663,0.330076,-0.45537,-0.889746,0.031324,0.691633,-0.331516,0.641619,-0.559911,0.314962,0.766265,6.7e-05,0.003937,0.003731,0.010326,-0.008413,-0.005563,-1.405614,0.040338,0.036761,-0.016275,0.503015,0.86427,0.003372,-0.764675,0.443224,0.467785,0.402797,-0.237881,0.883835,0.000445,-0.003132,0.006435,-0.051373,0.000567,-0.00387,-0.89365,0.078117,0.013312,-0.058811,0.602164,-0.407268,-0.686681,0.64642,0.753491,0.119966,0.46855,-0.516124,0.716991,0.0,2e-06,3e-06,-7.4e-05,2.7e-05,7.4e-05,-0.024023
323,0.153079,-0.049747,0.332557,-0.510863,0.487003,-0.708443,-0.74841,-0.657391,0.0877,-0.422385,0.5744,0.7012,4e-06,3.3e-05,3.6e-05,0.0,0.0,0.0,0.158317,-0.174195,-0.015719,0.330443,-0.446557,-0.894243,0.030131,0.696561,-0.326442,0.638883,-0.56091,0.307414,0.768596,8.1e-05,0.004684,0.00443,0.262206,-0.226533,-0.115156,-1.405609,0.040284,0.03673,-0.016094,0.495976,0.868335,0.000908,-0.768366,0.438388,0.466292,0.4045,-0.231967,0.884629,0.000446,-0.003118,0.006442,0.499646,-0.375434,-0.160212,-0.893977,0.078117,0.013315,-0.058808,0.602145,-0.40728,-0.68669,0.646434,0.753481,0.119952,0.468554,-0.516129,0.716985,2e-06,1.8e-05,2.3e-05,-4.4e-05,1.5e-05,4.9e-05,-0.014062
324,0.153101,-0.049729,0.332515,-0.510672,0.487072,-0.708534,-0.748463,-0.657359,0.087483,-0.422523,0.574378,0.701136,-6.5e-05,-0.000556,-0.000613,0.0,0.0,0.0,0.162297,-0.174355,-0.015762,0.330656,-0.444528,-0.895249,0.030238,0.698279,-0.325318,0.637581,-0.560389,0.305667,0.769672,-0.013483,-0.00935,0.011138,0.034216,-0.046598,-0.060768,-1.405482,0.040203,0.036719,-0.015985,0.493163,0.869936,-0.000167,-0.770801,0.437053,0.463518,0.403304,-0.228462,0.886086,1e-06,0.000294,0.000282,0.074398,-0.064503,-0.047148,-0.891528,0.078128,0.013325,-0.058828,0.601969,-0.407374,-0.686788,0.646501,0.753458,0.119737,0.468689,-0.516088,0.716926,-5.4e-05,0.00481,-0.004991,0.035629,-0.012006,0.018876,-0.006551
325,0.153112,-0.049712,0.332487,-0.510626,0.487085,-0.708558,-0.748452,-0.657384,0.087394,-0.422598,0.574339,0.701123,-1.3e-05,-0.000111,-0.000123,0.0,0.0,0.0,0.162608,-0.174349,-0.015816,0.330732,-0.442738,-0.896154,0.029702,0.699865,-0.324807,0.636101,-0.559831,0.303544,0.770918,1.7e-05,0.000938,0.000886,0.261035,-0.213251,-0.14053,-1.405157,0.040201,0.036689,-0.015943,0.492119,0.870527,-0.000695,-0.771612,0.43657,0.462623,0.403029,-0.22713,0.886554,2e-06,0.000387,0.000366,0.356708,-0.257377,-0.12652,-0.891691,0.078133,0.013332,-0.058843,0.601926,-0.407394,-0.686814,0.646491,0.753481,0.119649,0.468757,-0.516039,0.716916,-5e-06,-5.8e-05,-6.6e-05,-3.2e-05,-1e-06,3.6e-05,-0.004754
326,0.153087,-0.049645,0.332407,-0.510561,0.487096,-0.708597,-0.74837,-0.657507,0.087167,-0.422821,0.574189,0.701111,-5e-06,-3.9e-05,-4.3e-05,0.0,0.0,0.0,0.16495,-0.174342,-0.015874,0.330832,-0.43563,-0.899649,0.029151,0.703322,-0.320127,0.634659,-0.561081,0.298114,0.772127,2e-06,0.000103,9.7e-05,0.0834,-0.068155,-0.044884,-1.405511,0.040205,0.036659,-0.015893,0.484935,0.874543,-0.003262,-0.775577,0.431775,0.460489,0.404126,-0.220777,0.887659,0.000407,-0.005467,0.004223,0.060427,-0.068634,-0.072933,-0.892671,0.078121,0.013365,-0.058883,0.601865,-0.407413,-0.686856,0.646403,0.753592,0.119419,0.468957,-0.51586,0.716914,-0.007696,0.000381,0.000442,-0.001005,0.014724,-0.029528,-0.002142
327,0.153088,-0.049592,0.332372,-0.513151,0.481796,-0.710348,-0.744131,-0.662139,0.088383,-0.427135,0.573344,0.699184,5e-06,3.9e-05,4.3e-05,-0.127124,-0.438981,-0.210693,0.166396,-0.174176,-0.01612,0.330953,-0.428363,-0.903137,0.028998,0.706663,-0.31496,0.633531,-0.562484,0.293013,0.773058,0.000793,-0.012527,0.006937,-0.009723,-0.011546,-0.03272,-1.405192,0.040287,0.036541,-0.015835,0.477853,0.878424,-0.005175,-0.779185,0.426574,0.459243,0.405618,-0.215418,0.888295,0.000392,-0.006445,0.003297,-0.032785,0.010897,-0.064728,-0.891201,0.078122,0.013392,-0.0589,0.604141,-0.403711,-0.687045,0.641843,0.757501,0.119282,0.472282,-0.513039,0.716756,4e-06,2.5e-05,2.8e-05,-0.149811,-0.516402,-0.247705,0.001614
328,0.153099,-0.049562,0.332344,-0.5132,0.48177,-0.71033,-0.744059,-0.662225,0.088351,-0.427202,0.573267,0.699207,0.0,0.0,1e-06,-0.00158,-0.005454,-0.002618,0.164728,-0.174101,-0.016271,0.331058,-0.426535,-0.904017,0.028525,0.708125,-0.314286,0.632233,-0.562038,0.291009,0.774138,-2e-06,-0.000101,-9.5e-05,0.188049,-0.154,-0.101147,-1.405166,0.04032,0.036461,-0.015786,0.476927,0.878924,-0.005562,-0.779808,0.426047,0.458674,0.40551,-0.214417,0.888586,0.000406,-0.005499,0.004189,0.322154,-0.248687,-0.143453,-0.893161,0.078127,0.013407,-0.058914,0.603767,-0.401583,-0.688618,0.641426,0.757653,0.120548,0.473324,-0.514481,0.715033,-2e-06,-1e-06,1e-06,0.008771,0.015438,0.003485,0.00194
329,0.153088,-0.049517,0.332317,-0.513131,0.48179,-0.710367,-0.744036,-0.662269,0.088209,-0.427324,0.573199,0.699188,0.0,1e-06,1e-06,-0.0,-1e-06,-1e-06,0.164503,-0.17396,-0.016561,0.33128,-0.42466,-0.904909,0.028179,0.709362,-0.313361,0.631304,-0.5619,0.289221,0.774908,0.000824,-0.010882,0.008495,-0.009706,-0.011643,-0.032734,-1.405691,0.040395,0.036317,-0.015675,0.474476,0.880241,-0.006831,-0.781577,0.424838,0.456781,0.404979,-0.211393,0.889552,0.000409,-0.005432,0.004255,-0.03201,-0.003194,-0.040007,-0.900346,0.078122,0.01343,-0.058928,0.603761,-0.401773,-0.688513,0.641397,0.757719,0.120287,0.473372,-0.514235,0.715178,0.0,-5e-06,-5e-06,5.8e-05,0.000555,0.000345,0.000961
330,0.153067,-0.049496,0.332324,-0.515966,0.478745,-0.710372,-0.740095,-0.666674,0.088184,-0.430734,0.570644,0.699186,4.6e-05,0.000398,0.000439,0.0,-0.0,-0.0,0.166393,-0.173696,-0.016908,0.331567,-0.419287,-0.907465,0.026396,0.713733,-0.311657,0.627208,-0.560407,0.282966,0.778292,1e-06,7.1e-05,6.7e-05,0.367196,-0.30139,-0.19702,-1.405267,0.040528,0.03614,-0.015528,0.470898,0.882142,-0.00892,-0.784181,0.423194,0.453835,0.404122,-0.206715,0.89104,0.00041,-0.0054,0.004282,0.378325,-0.427843,-0.081566,-0.903121,0.078111,0.01344,-0.058925,0.606155,-0.398364,-0.68839,0.636882,0.761549,0.120101,0.476399,-0.511223,0.715327,3.1e-05,0.000255,0.000279,-0.000361,-0.000116,0.000214,0.001777
331,0.153045,-0.049415,0.33229,-0.515838,0.478785,-0.710438,-0.740068,-0.666736,0.087944,-0.430933,0.570539,0.699149,5e-05,0.000426,0.00047,-0.0,-0.0,-0.0,0.165377,-0.173433,-0.017128,0.331689,-0.417497,-0.908306,0.025817,0.715039,-0.310995,0.626047,-0.56008,0.28098,0.779246,0.01517,-0.011909,0.006312,-0.022482,-0.014784,0.004453,-1.405303,0.040653,0.036037,-0.015467,0.467934,0.883697,-0.010761,-0.786506,0.421961,0.45095,0.403044,-0.202551,0.892483,-1.9e-05,-0.001021,-0.000969,-0.013572,0.00183,-0.011363,-0.900509,0.0781,0.013481,-0.058941,0.606031,-0.398426,-0.688462,0.636866,0.761599,0.119861,0.476577,-0.511098,0.715298,2.6e-05,0.000219,0.000241,-0.000176,2.2e-05,0.000197,0.002267
332,0.153035,-0.049348,0.332256,-0.517769,0.478348,-0.709326,-0.73979,-0.666728,0.09031,-0.429091,0.570914,0.699975,1.4e-05,0.010681,-0.008807,0.035667,-0.012038,0.018825,0.165467,-0.173256,-0.01724,0.331695,-0.415709,-0.909143,0.025218,0.716575,-0.310459,0.624555,-0.55945,0.278851,0.780462,0.014322,-0.002416,-0.003503,0.175693,-0.057836,-0.269345,-1.405119,0.040742,0.035978,-0.015459,0.467088,0.884136,-0.011501,-0.787182,0.421721,0.449994,0.402706,-0.201134,0.892956,0.007166,-0.00079,-0.001364,0.295478,-0.23132,-0.077782,-0.89708,0.078095,0.013511,-0.058955,0.60786,-0.397728,-0.687253,0.636499,0.761525,0.122259,0.474735,-0.511753,0.716055,2.1e-05,0.000182,0.000201,0.001138,-0.001056,0.001585,0.002267
333,0.153034,-0.049214,0.332126,-0.519701,0.477893,-0.708219,-0.739375,-0.666891,0.092483,-0.427469,0.571105,0.700811,-4.6e-05,-0.000396,-0.000437,-0.0,-0.0,-0.0,0.168918,-0.172844,-0.017535,0.331706,-0.413998,-0.909945,0.024446,0.717837,-0.309975,0.623346,-0.559103,0.276761,0.781454,0.014327,-0.002916,-0.003986,0.009358,-0.021213,0.02533,-1.405078,0.040948,0.035829,-0.015455,0.464831,0.885305,-0.01287,-0.788857,0.420704,0.448008,0.402038,-0.198096,0.893936,0.007159,-0.001809,-0.002331,-0.014793,0.003506,-0.003484,-0.896916,0.078095,0.013582,-0.059022,0.609636,-0.397034,-0.68608,0.635979,0.761618,0.124369,0.473153,-0.512153,0.716815,-4e-05,0.004911,-0.004879,0.035743,-0.012176,0.019129,0.00439
334,0.153034,-0.04902,0.331954,-0.524583,0.474276,-0.707051,-0.734836,-0.671589,0.094634,-0.429319,0.568617,0.701702,5.2e-05,0.000443,0.000489,0.0,-0.0,-0.0,0.168688,-0.172369,-0.017697,0.331568,-0.413953,-0.909883,0.027355,0.71901,-0.308521,0.622715,-0.557629,0.278592,0.781857,0.014336,-0.003135,-0.004206,-0.003842,0.098821,-0.157207,-1.405268,0.041186,0.035747,-0.015525,0.464434,0.885551,-0.009985,-0.789873,0.419301,0.447534,0.4005,-0.199963,0.894211,-2.5e-05,-0.00217,-0.002067,0.019041,0.070601,-0.068278,-0.895447,0.078095,0.013677,-0.05911,0.613926,-0.392778,-0.684703,0.630741,0.765639,0.126336,0.474614,-0.509432,0.717788,3.2e-05,0.000254,0.00028,-1.1e-05,-0.000145,0.000411,0.006676
335,0.153025,-0.048801,0.331809,-0.524173,0.474406,-0.707267,-0.734762,-0.671777,0.093875,-0.429946,0.568287,0.701587,-0.01528,0.00162,0.001827,-0.000984,0.014715,-0.029553,0.167797,-0.171838,-0.017833,0.331463,-0.41408,-0.909656,0.032484,0.721165,-0.306216,0.621359,-0.554746,0.281867,0.782733,0.014361,-0.001799,-0.002948,0.008518,0.001445,0.015753,-1.405129,0.041451,0.035676,-0.01558,0.463673,0.885993,-0.004784,-0.791956,0.416869,0.446121,0.397254,-0.203066,0.894959,0.007181,-0.001019,-0.001597,0.021216,0.053812,-0.038949,-0.89512,0.078096,0.013786,-0.059183,0.613523,-0.392979,-0.684949,0.630694,0.765806,0.125556,0.475197,-0.509025,0.71769,5.7e-05,0.005733,-0.003972,0.035555,-0.01205,0.018963,0.006839
336,0.153014,-0.048717,0.331748,-0.526069,0.473965,-0.706154,-0.734446,-0.671798,0.096165,-0.428167,0.568629,0.702396,-1e-05,0.010468,-0.009041,0.022623,-0.001249,0.004206,0.167486,-0.171569,-0.017861,0.331413,-0.414324,-0.909565,0.031902,0.720953,-0.306741,0.621346,-0.55484,0.281587,0.782768,0.01437,-0.001296,-0.002475,0.002045,-0.015205,0.029245,-1.40524,0.041586,0.035662,-0.015605,0.464023,0.885806,-0.005353,-0.791683,0.417413,0.446098,0.397391,-0.202762,0.894967,0.007184,-0.000806,-0.001399,0.001652,-0.015793,0.030967,-0.895937,0.078085,0.013827,-0.059208,0.615359,-0.392261,-0.683712,0.63027,0.765764,0.127924,0.473383,-0.509643,0.71845,5e-06,3e-05,3.4e-05,-0.043579,0.036044,-0.048523,0.006349
337,0.152959,-0.04861,0.331696,-0.528759,0.47087,-0.706215,-0.730383,-0.676252,0.095887,-0.431778,0.565921,0.702373,3.9e-05,0.000334,0.000368,0.0,-0.0,-0.0,0.167148,-0.171137,-0.017916,0.331337,-0.414451,-0.90942,0.034322,0.721995,-0.305739,0.620629,-0.55339,0.283149,0.783231,0.014375,-0.001232,-0.002422,0.00025,-0.001099,0.004181,-1.405356,0.041802,0.035636,-0.015642,0.46378,0.885945,-0.002964,-0.792633,0.416422,0.445336,0.395777,-0.204189,0.895358,-0.0,-0.000232,-0.000227,-0.000494,-0.000892,0.001452,-0.896916,0.078057,0.013883,-0.059238,0.617556,-0.388835,-0.683689,0.625641,0.769636,0.127407,0.476652,-0.506425,0.718565,-0.007672,0.005782,-0.003899,0.034562,0.002555,-0.010457,0.005206
338,0.152927,-0.048579,0.33173,-0.528605,0.470935,-0.706288,-0.730467,-0.676178,0.095768,-0.431825,0.565955,0.702316,7e-05,0.000599,0.00066,-0.0,-0.0,-0.0,0.166759,-0.170861,-0.018037,0.331339,-0.414568,-0.909376,0.034063,0.721752,-0.305905,0.620831,-0.553619,0.28311,0.783083,-1.8e-05,-0.002264,-0.002153,0.0,-0.0,-0.0,-1.405513,0.041945,0.035577,-0.01564,0.463963,0.885848,-0.003207,-0.792398,0.416632,0.445559,0.396033,-0.204182,0.895246,-8e-06,-0.001206,-0.001152,0.0,0.000254,0.000554,-0.897243,0.078041,0.013899,-0.059221,0.61741,-0.388926,-0.683769,0.625746,0.76957,0.12729,0.476702,-0.506456,0.71851,4.1e-05,0.000363,0.000401,-0.000132,1.7e-05,0.000142,0.00537
339,0.152907,-0.04857,0.331771,-0.528602,0.47094,-0.706287,-0.730493,-0.676147,0.095801,-0.431786,0.56599,0.702313,0.000126,0.001081,0.001191,-0.0,-0.0,-0.0,0.167757,-0.170739,-0.018124,0.331316,-0.414528,-0.909389,0.034185,0.721719,-0.305767,0.620937,-0.553691,0.283216,0.782993,0.014377,-0.00213,-0.003284,0.002045,-0.015205,0.029245,-1.405137,0.042006,0.035533,-0.015652,0.463915,0.885874,-0.003096,-0.792388,0.416516,0.445684,0.396109,-0.204306,0.895184,0.00719,-0.001145,-0.001722,0.002036,-0.01498,0.029685,-0.89708,0.078031,0.013903,-0.059201,0.617407,-0.388933,-0.683768,0.625777,0.769539,0.127324,0.476666,-0.506497,0.718504,6.5e-05,0.000567,0.000626,-0.00011,3.7e-05,0.000112,0.005533
340,0.152876,-0.048554,0.33182,-0.528476,0.470996,-0.706344,-0.730585,-0.676055,0.095739,-0.431784,0.566052,0.702264,2.7e-05,0.000228,0.000251,0.0,0.0,0.0,0.171691,-0.170695,-0.018183,0.331284,-0.423262,-0.905358,0.034153,0.71989,-0.313319,0.619293,-0.549441,0.287853,0.784295,-0.0,-5.5e-05,-5.2e-05,0.000129,-3.5e-05,1.8e-05,-1.405449,0.042028,0.035499,-0.015672,0.472237,0.88147,-0.001122,-0.789824,0.423703,0.443454,0.391367,-0.208529,0.896295,2e-06,5.4e-05,5.6e-05,-0.004171,-0.000774,0.001205,-0.89757,0.078016,0.013912,-0.059175,0.61729,-0.389009,-0.68383,0.625888,0.769459,0.127265,0.476672,-0.506561,0.718456,1.1e-05,0.000101,0.000111,-6.7e-05,1.3e-05,8.6e-05,0.008635
341,0.1529,-0.048536,0.331824,-0.528383,0.471033,-0.706388,-0.730624,-0.676026,0.095649,-0.431833,0.566055,0.702232,0.015372,-0.000768,-0.000885,0.000984,-0.014715,0.029553,0.173138,-0.170901,-0.018287,0.331204,-0.458338,-0.888109,0.034352,0.708292,-0.341778,0.617611,-0.53618,0.308527,0.785611,-0.014434,-0.004355,-0.002894,0.188384,3.428753,4.313117,-1.405605,0.04193,0.035456,-0.015705,0.500608,0.865653,0.005957,-0.778453,0.447148,0.440532,0.378684,-0.225171,0.897716,-1.5e-05,-0.002345,-0.002216,-0.00926,0.014211,-0.021398,-0.896263,0.078028,0.013921,-0.059173,0.617204,-0.38906,-0.683879,0.625936,0.769434,0.127178,0.47672,-0.506559,0.718425,0.007683,-0.000413,-0.000473,0.000937,-0.014694,0.029605,0.010758
342,0.1529,-0.048536,0.331824,-0.528383,0.471033,-0.706388,-0.730624,-0.676026,0.095649,-0.431833,0.566055,0.702232,0.0,0.0,0.0,0.0,0.0,0.0,0.173436,-0.170977,-0.018381,0.331135,-0.482553,-0.875197,0.034112,0.699695,-0.361911,0.615939,-0.526108,0.322196,0.786933,-3.1e-05,-0.003785,-0.003609,0.043199,0.006154,-0.012813,-1.405473,0.041887,0.035408,-0.01574,0.528671,0.848732,0.012633,-0.766078,0.470672,0.437711,0.365553,-0.241083,0.899026,-8e-06,-0.001828,-0.001713,0.061341,0.269538,0.360106,-0.895284,0.078028,0.013921,-0.059174,0.617203,-0.389062,-0.683879,0.625938,0.769432,0.127178,0.476719,-0.506561,0.718425,-2e-06,-1.8e-05,-1.6e-05,-2.4e-05,3.6e-05,4.1e-05,0.011738
343,0.152899,-0.048563,0.331825,-0.528448,0.471009,-0.706356,-0.730612,-0.676027,0.095735,-0.431773,0.566075,0.702253,-5e-06,-4.7e-05,-5.2e-05,0.0,0.0,0.0,0.174314,-0.171013,-0.018602,0.331099,-0.538475,-0.842017,0.032302,0.677204,-0.40977,0.611079,-0.500616,0.351988,0.790791,-3.9e-05,-0.004596,-0.004388,0.225005,1.192009,1.624827,-1.406028,0.041869,0.035299,-0.015758,0.580356,0.814004,0.024141,-0.74063,0.515253,0.431254,0.338604,-0.26816,0.901906,0.000258,-0.007916,0.001448,0.374788,4.284592,5.566918,-0.906714,0.078027,0.013906,-0.059174,0.617262,-0.38903,-0.683843,0.625924,0.76943,0.127263,0.476661,-0.506589,0.718444,-3e-06,-2.3e-05,-2.7e-05,-3.6e-05,-1.1e-05,1.4e-05,0.012718
344,0.152924,-0.048531,0.331829,-0.531103,0.467922,-0.706417,-0.726641,-0.680312,0.095603,-0.435195,0.563502,0.70221,1.8e-05,0.000152,0.000167,0.0,-0.0,-0.0,0.174219,-0.170777,-0.019418,0.331051,-0.620183,-0.78384,0.03097,0.634572,-0.47824,0.607074,-0.460249,0.397138,0.793924,0.001635,-0.033565,0.005697,0.186035,3.336119,4.553334,-1.405706,0.041986,0.034907,-0.01578,0.654125,0.755157,0.043101,-0.695678,0.578278,0.426176,0.296905,-0.308757,0.903612,0.000403,-0.011199,-0.001224,0.03392,0.268004,0.304165,-0.903285,0.07804,0.013923,-0.059171,0.619475,-0.385595,-0.683788,0.621396,0.773139,0.12697,0.479704,-0.503559,0.718548,1e-05,8.6e-05,9.4e-05,-0.000154,-1e-05,0.000132,0.013371
345,0.152926,-0.048537,0.331869,-0.531091,0.467931,-0.706419,-0.726684,-0.680261,0.095647,-0.435139,0.563556,0.702201,7e-06,5.8e-05,6.4e-05,0.0,0.0,0.0,0.174688,-0.170611,-0.020313,0.331033,-0.66925,-0.742829,0.017335,0.59584,-0.522748,0.609626,-0.442935,0.419258,0.792398,-8.5e-05,-0.010844,-0.010438,0.09199,3.403677,4.340717,-1.405551,0.04207,0.034441,-0.015793,0.704961,0.707882,0.043948,-0.652791,0.623375,0.430425,0.277294,-0.332122,0.901555,-0.000173,-0.005258,-0.005278,0.087193,3.402159,4.34352,-0.900835,0.078041,0.01392,-0.059151,0.619461,-0.385611,-0.683791,0.621449,0.773089,0.127016,0.479653,-0.503623,0.718537,0.0,9e-06,8e-06,-9.6e-05,8e-06,8.9e-05,0.014677
346,0.152926,-0.048545,0.331876,-0.530979,0.467981,-0.70647,-0.726757,-0.680192,0.095578,-0.435153,0.563597,0.702159,0.0,1e-06,1e-06,0.0,0.0,0.0,0.169731,-0.170503,-0.020683,0.330924,-0.68296,-0.730448,-0.001122,0.575781,-0.539449,0.614332,-0.448474,0.41984,0.788966,-9.1e-05,-0.0119,-0.011481,-0.257214,-0.582635,0.496098,-1.405605,0.042123,0.03427,-0.015841,0.721312,0.69183,0.032857,-0.633305,0.6396,0.435703,0.280417,-0.335086,0.89949,0.007205,-0.005733,-0.006143,0.013789,0.213975,0.574711,-0.907204,0.078041,0.013916,-0.059148,0.619359,-0.385676,-0.683847,0.621536,0.77303,0.12695,0.479673,-0.503664,0.718495,-2e-06,-1.4e-05,-1.4e-05,-6.8e-05,2.8e-05,7.7e-05,0.013697
347,0.152936,-0.048549,0.331856,-0.53098,0.467978,-0.706471,-0.726744,-0.680208,0.095561,-0.435173,0.56358,0.702161,-0.000143,-0.001225,-0.001349,-0.000866,0.01275,-0.025831,0.156595,-0.170526,-0.021131,0.330522,-0.706643,-0.707326,-0.01833,0.547278,-0.56296,0.619271,-0.447447,0.428465,0.784903,-7e-05,-0.008805,-0.008531,-0.004061,0.019487,0.271652,-1.404814,0.042112,0.034027,-0.016045,0.746047,0.665578,0.020456,-0.603329,0.662635,0.443744,0.281791,-0.343396,0.895919,-0.007285,-0.004643,-0.003868,-0.015397,1.005369,1.429307,-0.911939,0.078046,0.013916,-0.059155,0.619342,-0.385686,-0.683857,0.621537,0.773035,0.126919,0.479694,-0.503649,0.718491,-2e-06,-3.3e-05,-3.7e-05,-4e-05,1.4e-05,4.9e-05,0.000961
348,0.152948,-0.048558,0.331862,-0.53361,0.464885,-0.706532,-0.722789,-0.684422,0.095476,-0.438524,0.56104,0.702111,-0.0,-0.0,-0.0,0.005977,-0.087987,0.178271,0.157021,-0.170672,-0.021251,0.330131,-0.74306,-0.668781,-0.024201,0.512147,-0.591726,0.622495,-0.429687,0.451,0.782196,-0.015443,0.00203,-0.01583,0.016171,0.245954,0.535632,-1.404893,0.042045,0.033971,-0.016238,0.77962,0.625738,0.025346,-0.567976,0.689444,0.449521,0.263808,-0.364851,0.892909,-0.000625,0.001528,-0.008252,-0.0795,3.33733,4.51904,-0.90998,0.078052,0.013909,-0.059156,0.621546,-0.382238,-0.683793,0.617019,0.776683,0.126688,0.482666,-0.500656,0.718593,-0.0,5e-06,7e-06,0.005709,-0.088116,0.178372,-0.00704
349,0.152937,-0.048567,0.331883,-0.533641,0.464875,-0.706515,-0.722795,-0.684406,0.095536,-0.438474,0.561067,0.702119,6.3e-05,-0.010004,0.009553,-0.035663,0.01209,-0.0188,0.163649,-0.170758,-0.021324,0.329867,-0.760004,-0.64948,-0.023704,0.496296,-0.603697,0.623839,-0.418514,0.463174,0.78114,-0.000954,0.000797,-0.018322,-0.093909,0.408327,0.442912,-1.405384,0.041996,0.033935,-0.016369,0.795484,0.605176,0.031072,-0.551244,0.701391,0.451862,0.251662,-0.376578,0.891546,-0.000475,0.000226,-0.00933,-0.167351,1.205772,1.3345,-0.911449,0.078046,0.013908,-0.059149,0.62156,-0.382231,-0.683784,0.617024,0.776674,0.126719,0.482641,-0.500676,0.718596,3.4e-05,0.000298,0.00033,-0.000149,-1e-06,0.000151,-0.004918
350,0.152904,-0.0486,0.331939,-0.536495,0.461667,-0.706457,-0.718741,-0.688635,0.095728,-0.441636,0.558541,0.702152,4.5e-05,0.000382,0.00042,2.3e-05,-3e-06,-2.3e-05,0.174657,-0.170901,-0.021204,0.329507,-0.771231,-0.636135,-0.022919,0.486411,-0.612343,0.623197,-0.409491,0.470283,0.781674,-0.000861,0.011205,-0.00819,0.036423,-0.009941,0.018548,-1.405257,0.041925,0.033975,-0.016567,0.806012,0.590833,0.035477,-0.54023,0.709839,0.451972,0.241857,-0.383461,0.891326,-0.000412,0.006029,-0.003665,0.038867,-0.013633,0.015684,-0.910469,0.07803,0.013888,-0.059117,0.623961,-0.378648,-0.683591,0.612414,0.780305,0.126775,0.485407,-0.497744,0.71877,2.7e-05,0.000244,0.000269,-0.000383,-0.000285,2.9e-05,0.008309
351,0.152834,-0.04868,0.332005,-0.536655,0.461613,-0.706371,-0.718774,-0.688559,0.096029,-0.441389,0.558679,0.702197,-0.0001,-0.000852,-0.000938,0.0,-0.0,-0.0,0.181179,-0.170885,-0.020842,0.329455,-0.779636,-0.625875,-0.020959,0.478611,-0.617285,0.62436,-0.402717,0.47753,0.780798,-0.000842,0.013308,-0.006141,-0.11268,0.197497,-0.082771,-1.404982,0.041933,0.034164,-0.016586,0.812957,0.580958,0.03985,-0.532765,0.714401,0.453642,0.235079,-0.390022,0.890292,2.5e-05,0.001637,0.0016,-0.198576,0.145374,0.081511,-0.911449,0.077995,0.01385,-0.059081,0.624103,-0.378578,-0.6835,0.612454,0.780224,0.127079,0.485175,-0.497923,0.718802,-6e-05,-0.005771,0.003928,-0.03583,0.012098,-0.018631,0.019413
352,0.152766,-0.048655,0.332002,-0.536733,0.461576,-0.706336,-0.718706,-0.688626,0.096055,-0.441404,0.558627,0.702229,5e-06,4.6e-05,5e-05,0.0,0.0,0.0,0.181644,-0.170878,-0.02077,0.329654,-0.804401,-0.593872,-0.015702,0.456056,-0.634422,0.624063,-0.379553,0.495583,0.781153,-0.013582,-0.005534,0.014977,-0.044354,0.321992,0.365507,-1.405037,0.041941,0.034202,-0.016499,0.833578,0.549849,0.053037,-0.510253,0.729635,0.455272,0.211633,-0.406567,0.88877,-0.000157,0.002807,0.002565,-0.102523,3.531753,4.147842,-0.910633,0.07796,0.013861,-0.059085,0.624171,-0.378535,-0.683462,0.612383,0.780277,0.127102,0.485177,-0.497874,0.718834,-5e-06,0.005219,-0.004536,0.035556,-0.012073,0.018917,0.023658
353,0.152731,-0.048646,0.331997,-0.536656,0.461609,-0.706373,-0.718737,-0.688605,0.095977,-0.441447,0.558626,0.702202,0.0,1e-06,1e-06,0.0,0.0,0.0,0.181612,-0.170884,-0.020687,0.329821,-0.80451,-0.593784,-0.013185,0.457515,-0.633919,0.623506,-0.377563,0.496332,0.781641,6.8e-05,0.007568,0.007346,0.023906,0.041835,-0.019137,-1.405137,0.041933,0.034244,-0.016407,0.834178,0.548659,0.055853,-0.510493,0.729869,0.45463,0.208671,-0.407755,0.888927,3.9e-05,0.003976,0.003865,0.023976,0.038593,-0.021,-0.909816,0.077943,0.013866,-0.059088,0.6241,-0.378579,-0.683503,0.612422,0.780258,0.127026,0.48522,-0.497869,0.71881,0.0,-4e-06,-2e-06,-8.6e-05,2.2e-05,0.0001,0.024311
354,0.152683,-0.048671,0.332001,-0.536679,0.461602,-0.70636,-0.718749,-0.688585,0.09603,-0.441401,0.558656,0.702208,-7e-06,-5.5e-05,-6.1e-05,0.0,0.0,0.0,0.182056,-0.17086,-0.020511,0.330004,-0.808277,-0.588789,-0.002622,0.460165,-0.634665,0.620792,-0.366152,0.501307,0.783893,-0.01446,0.002437,0.003633,0.243395,0.636427,-0.520513,-1.405014,0.041951,0.034341,-0.016307,0.835884,0.544851,0.066594,-0.512159,0.730521,0.451699,0.197459,-0.411675,0.889681,1.8e-05,0.001727,0.001677,0.81755,2.060503,-1.636357,-0.915205,0.077919,0.013853,-0.059086,0.624119,-0.378573,-0.683489,0.612437,0.780237,0.127079,0.485175,-0.497907,0.718813,-3e-06,-2.6e-05,-2.6e-05,-6.1e-05,1.6e-05,5.9e-05,0.024638
355,0.152683,-0.048663,0.331994,-0.539388,0.458421,-0.706368,-0.714655,-0.692837,0.096001,-0.444725,0.556018,0.702204,-0.0,-0.0,-0.0,0.0,-0.0,-0.0,0.183257,-0.170909,-0.020534,0.330101,-0.83853,-0.54484,0.002848,0.42903,-0.657265,0.619573,-0.334631,0.521438,0.784849,-6e-06,-0.000626,-0.000606,0.00532,1.028961,1.300338,-1.404446,0.04192,0.034334,-0.016255,0.860759,0.502201,0.082983,-0.481478,0.750416,0.452829,0.165139,-0.429732,0.887726,-0.000194,-0.00044,-0.00057,0.012236,3.406577,4.345191,-0.908837,0.077919,0.013857,-0.05909,0.62637,-0.375039,-0.683378,0.60779,0.783895,0.126885,0.48811,-0.494827,0.718953,-1e-06,3e-06,7e-06,-0.000188,-7e-06,0.000149,0.025781
356,0.152719,-0.048643,0.331985,-0.539279,0.458467,-0.706421,-0.714691,-0.692816,0.095881,-0.444798,0.556007,0.702167,0.015371,-0.000789,-0.000904,0.000984,-0.014715,0.029553,0.181219,-0.171056,-0.02051,0.329807,-0.841797,-0.53978,0.002596,0.425139,-0.660247,0.619085,-0.331387,0.522926,0.785236,-0.000918,0.004904,-0.014302,0.034654,0.004076,-0.006567,-1.405067,0.041848,0.034345,-0.016394,0.864502,0.495539,0.084115,-0.476155,0.753825,0.452796,0.16097,-0.431495,0.887637,-0.00045,0.002465,-0.00713,0.034624,0.002716,-0.008185,-0.911123,0.077931,0.013867,-0.059094,0.626287,-0.375091,-0.683426,0.607826,0.783884,0.126782,0.488171,-0.494806,0.718926,0.0,-4e-06,-2e-06,-0.000107,2.1e-05,0.00012,0.026107
357,0.152719,-0.048659,0.331998,-0.539308,0.458457,-0.706406,-0.7147,-0.6928,0.095938,-0.44475,0.556036,0.702174,0.0,0.0,0.0,0.0,0.0,0.0,0.179819,-0.171148,-0.020438,0.329541,-0.842803,-0.538203,0.003444,0.423843,-0.659964,0.620273,-0.33049,0.524904,0.784293,-0.015408,0.004617,-0.013315,-0.227249,0.216936,0.127151,-1.404981,0.041807,0.034377,-0.016532,0.864742,0.495006,0.084789,-0.475899,0.753731,0.453221,0.160439,-0.43227,0.887356,-0.000456,0.001926,-0.007659,-0.421422,0.323551,0.144845,-0.913899,0.077937,0.013859,-0.059087,0.626293,-0.375091,-0.68342,0.60785,0.783858,0.126824,0.488133,-0.494846,0.718924,8e-06,-0.005192,0.004568,-0.035752,0.012109,-0.0187,0.025128
358,0.152696,-0.048659,0.332013,-0.539345,0.458442,-0.706387,-0.714691,-0.692802,0.095985,-0.444719,0.556045,0.702187,1e-06,1.1e-05,1.2e-05,0.0,0.0,0.0,0.179223,-0.171536,-0.020304,0.329088,-0.869978,-0.493077,0.002061,0.387806,-0.68188,0.620145,-0.30327,0.540931,0.7844,-0.015418,0.004174,-0.013759,0.03287,0.111835,0.081249,-1.404713,0.041618,0.034446,-0.016758,0.888963,0.448238,0.093947,-0.438389,0.773492,0.457738,0.132508,-0.448098,0.884109,-0.007272,-0.002907,-0.002191,-0.020492,1.187795,1.073433,-0.910633,0.077926,0.013859,-0.05908,0.626325,-0.375074,-0.683399,0.607843,0.783856,0.126871,0.488101,-0.494862,0.718935,-0.0,-1e-06,0.0,-5.8e-05,1.2e-05,6e-05,0.023985
359,0.152709,-0.048646,0.332012,-0.541998,0.455263,-0.706413,-0.710594,-0.697013,0.095926,-0.44804,0.553395,0.702169,0.0,1e-06,1e-06,0.0,-0.0,-0.0,0.173135,-0.171986,-0.020519,0.328889,-0.872714,-0.488216,0.002809,0.384402,-0.683807,0.620143,-0.299735,0.542899,0.784399,-0.014573,-0.006137,-0.004721,-0.003837,0.029313,-0.054308,-1.405457,0.041388,0.034337,-0.016865,0.891383,0.443007,0.095812,-0.434617,0.775437,0.458044,0.12862,-0.449935,0.88375,0.000403,-0.008021,0.001746,-0.035423,0.007547,-0.019755,-0.912102,0.077932,0.013865,-0.05908,0.628522,-0.371549,-0.683308,0.603197,0.787473,0.126645,0.491032,-0.491769,0.719061,0.0,-7e-06,-8e-06,-0.000281,-0.000114,0.000103,0.021045
360,0.15272,-0.048655,0.332018,-0.541991,0.455267,-0.706415,-0.71061,-0.696995,0.095939,-0.448022,0.553414,0.702165,0.0,0.0,0.0,0.0,-0.0,-0.0,0.166889,-0.172016,-0.02063,0.328855,-0.87836,-0.477979,0.003168,0.376532,-0.688063,0.620264,-0.293178,0.546608,0.784302,-3.7e-05,-0.002989,-0.002917,-0.00132,0.106657,0.091965,-1.404808,0.041367,0.034277,-0.016886,0.895947,0.433144,0.098301,-0.427012,0.779097,0.458986,0.122221,-0.453203,0.882988,-2.1e-05,-0.001063,-0.001039,-0.021439,1.161829,1.127569,-0.916511,0.077938,0.013861,-0.059077,0.628514,-0.371556,-0.683312,0.603218,0.787454,0.12666,0.491016,-0.491794,0.719055,2e-06,-4e-06,-6e-06,-0.000146,1.7e-05,0.000144,0.01582
361,0.152699,-0.04869,0.332087,-0.541953,0.455296,-0.706426,-0.710718,-0.696871,0.096032,-0.447898,0.553545,0.702141,0.00014,0.001188,0.001308,0.0,0.0,0.0,0.160742,-0.171996,-0.020796,0.328908,-0.897275,-0.441322,0.01116,0.356477,-0.709667,0.607644,-0.259108,0.549756,0.794037,-2.3e-05,-0.001845,-0.001801,0.266544,-0.269833,0.071381,-1.404702,0.041377,0.034196,-0.016858,0.91113,0.396028,0.11403,-0.403027,0.798448,0.447268,0.086083,-0.453477,0.8871,0.000427,-0.006534,0.003192,0.259529,-0.138272,-0.070791,-0.90753,0.077927,0.013841,-0.059045,0.628478,-0.371594,-0.683324,0.603343,0.787343,0.126757,0.490908,-0.491944,0.719026,8.3e-05,0.000698,0.000767,0.000759,-0.012706,0.02593,0.004716
362,0.152683,-0.0487,0.332215,-0.541941,0.455316,-0.706423,-0.710836,-0.696731,0.096182,-0.447726,0.553706,0.702124,0.000267,0.002275,0.002503,0.0,0.0,0.0,0.15882,-0.172246,-0.021128,0.328908,-0.908762,-0.417201,0.009292,0.340887,-0.729603,0.592798,-0.239384,0.542404,0.805206,-0.013734,-0.015867,0.004892,0.258362,-0.203041,-0.230546,-1.404618,0.041257,0.034039,-0.016857,0.921115,0.371365,0.116765,-0.383724,0.815604,0.433065,0.065591,-0.443708,0.893767,-1.5e-05,-0.001983,-0.001928,0.361485,-0.389792,-0.019055,-0.909163,0.077919,0.013835,-0.058982,0.628466,-0.371618,-0.683321,0.603477,0.787215,0.126911,0.490759,-0.492128,0.719002,0.000171,-0.003806,0.00609,-0.034861,-0.000638,0.007114,-0.002142
363,0.152688,-0.048692,0.332301,-0.544554,0.452141,-0.706452,-0.706802,-0.700818,0.096212,-0.450923,0.551149,0.70209,0.000276,-0.008175,0.011564,-0.035664,0.012088,-0.0188,0.160265,-0.172447,-0.021307,0.328909,-0.913188,-0.407498,0.005024,0.332754,-0.738745,0.586058,-0.233948,0.537365,0.810167,-0.014582,-0.004456,-0.003099,0.478216,-0.365695,-0.271372,-1.40485,0.041157,0.033943,-0.016855,0.925677,0.360386,0.115079,-0.373609,0.82302,0.427846,0.059478,-0.439042,0.896495,-0.006864,-0.00802,0.002368,0.679125,-0.565304,-0.16023,-0.905407,0.077922,0.013844,-0.058941,0.630612,-0.368109,-0.683244,0.598901,0.790728,0.126749,0.493603,-0.489126,0.719103,0.00016,0.00138,0.001517,-0.000297,-0.000116,0.000128,-0.002632
364,0.152724,-0.048672,0.332492,-0.547011,0.449025,-0.706541,-0.702898,-0.70473,0.096241,-0.454032,0.54871,0.701997,0.00026,0.002214,0.002432,0.0,-0.0,-0.0,0.158295,-0.172885,-0.021773,0.32901,-0.932291,-0.361619,0.007483,0.300879,-0.764208,0.570431,-0.199378,0.534514,0.821222,-0.028296,-0.015584,0.006411,0.70865,2.728862,4.20423,-1.404534,0.040949,0.033715,-0.016808,0.939229,0.319425,0.125761,-0.342247,0.842724,0.415552,0.026756,-0.43334,0.900833,-0.006874,-0.007536,0.002838,0.441098,0.894136,0.973113,-0.910959,0.07794,0.013851,-0.058842,0.632636,-0.364668,-0.683218,0.594495,0.794062,0.12665,0.496332,-0.486293,0.719146,0.000177,0.001522,0.00167,0.000575,-0.012704,0.026081,-0.003938
365,0.152748,-0.048668,0.332697,-0.549623,0.445817,-0.706546,-0.698897,-0.70867,0.096442,-0.457036,0.546252,0.701965,0.000266,0.002271,0.002491,0.0,-0.0,-0.0,0.161913,-0.173554,-0.022277,0.32908,-0.943967,-0.329857,0.010559,0.279554,-0.782555,0.556229,-0.174017,0.528428,0.83087,-0.029192,-0.005938,-0.00333,0.327966,-0.228968,0.045523,-1.404459,0.040609,0.033459,-0.01677,0.949359,0.283834,0.13474,-0.314186,0.860197,0.401679,-0.001893,-0.423671,0.905813,-0.006885,-0.007868,0.002512,0.34943,-0.011262,0.168771,-0.910469,0.077952,0.013854,-0.058738,0.634783,-0.361126,-0.683108,0.58998,0.797416,0.126688,0.498972,-0.48344,0.719244,0.000158,0.001367,0.001499,-0.000335,7e-06,0.000286,-0.000509
366,0.152747,-0.048679,0.332885,-0.554676,0.43939,-0.706623,-0.690733,-0.71662,0.096522,-0.463286,0.541076,0.701876,0.000247,0.002109,0.002312,0.002847,-0.000389,-0.002828,0.127322,-0.174299,-0.022739,0.329211,-0.946708,-0.321953,0.009006,0.274032,-0.790846,0.547179,-0.167844,0.520892,0.836878,-0.014651,-0.004793,-0.00347,0.452102,1.467857,0.8345,-1.404525,0.040232,0.033227,-0.016704,0.95138,0.277729,0.133197,-0.307952,0.866582,0.392684,-0.006366,-0.41461,0.909976,-0.00708,-0.007397,0.00293,1.121887,5.08104,3.074718,-0.902958,0.077951,0.013848,-0.058644,0.638912,-0.354051,-0.682962,0.580785,0.804178,0.126435,0.504459,-0.477435,0.719427,0.000136,0.001188,0.001302,0.009729,-0.014296,0.016625,-0.023206
367,0.152739,-0.048688,0.332952,-0.554677,0.439398,-0.706617,-0.690796,-0.716547,0.096611,-0.463191,0.541166,0.701869,0.000151,0.001288,0.001411,0.0,-0.0,-0.0,0.122016,-0.174569,-0.023047,0.329307,-0.949125,-0.314776,0.00825,0.268227,-0.794871,0.544214,-0.163546,0.519136,0.838817,-0.013851,-0.015903,0.004813,0.192402,2.882154,4.490736,-1.404232,0.040096,0.033077,-0.016659,0.952268,0.274236,0.134082,-0.305109,0.868852,0.389875,-0.00958,-0.412176,0.911053,-0.006933,-0.008411,0.001968,0.186082,-0.145495,-0.186782,-0.901652,0.077947,0.013845,-0.05861,0.638911,-0.354061,-0.682958,0.58086,0.804109,0.126529,0.504374,-0.477544,0.719414,0.000111,-0.004287,0.005559,-0.036085,0.012068,-0.018436,-0.041658
368,0.152699,-0.048679,0.333054,-0.554682,0.439405,-0.706609,-0.690869,-0.716461,0.09672,-0.463075,0.541273,0.701863,0.000202,0.001721,0.001885,0.0,0.0,0.0,0.118644,-0.174774,-0.023624,0.329437,-0.957202,-0.288884,0.017351,0.252965,-0.80649,0.534338,-0.139156,0.516222,0.844993,-0.01467,-0.004291,-0.002992,0.34503,-0.267908,-0.210752,-1.404572,0.039994,0.032782,-0.016594,0.958501,0.242968,0.149134,-0.282534,0.879429,0.383118,-0.038068,-0.409354,0.91158,0.000367,-0.007607,0.002132,0.515112,-0.39923,-0.249469,-0.898713,0.077927,0.013851,-0.058565,0.638914,-0.354075,-0.682948,0.580938,0.804037,0.126627,0.504281,-0.477655,0.719406,5.3e-05,0.00047,0.000517,-0.000257,4.6e-05,0.000275,-0.054558
369,0.152652,-0.048582,0.333161,-0.554746,0.439375,-0.706578,-0.690833,-0.71649,0.09677,-0.463054,0.54126,0.701887,0.000434,0.003691,0.004038,0.0,0.0,0.0,0.148674,-0.174844,-0.024019,0.329531,-0.957859,-0.286656,0.018039,0.252075,-0.809325,0.530457,-0.136246,0.513012,0.847419,-8.9e-05,-0.004024,-0.003969,0.008942,0.005161,-0.030793,-1.404822,0.039953,0.032587,-0.016544,0.958691,0.242063,0.149381,-0.281579,0.881995,0.377886,-0.040281,-0.404339,0.913721,0.000373,-0.007045,0.002681,-0.06259,0.021531,-0.023319,-0.904428,0.077903,0.013894,-0.058509,0.638963,-0.354048,-0.682916,0.580922,0.804038,0.126691,0.504237,-0.477672,0.719425,0.000231,0.001988,0.002175,-0.000175,2.8e-05,0.000181,-0.045904
370,0.152686,-0.048472,0.33325,-0.559102,0.435568,-0.705501,-0.686412,-0.720405,0.099129,-0.46438,0.539142,0.70264,0.000622,0.005298,0.00579,0.000839,-0.012666,0.025824,0.163365,-0.174649,-0.024239,0.329544,-0.957294,-0.288575,0.017422,0.253615,-0.809779,0.529028,-0.137344,0.511217,0.848326,0.015324,-0.014713,0.003497,-0.024134,-0.013473,0.005408,-1.404539,0.040045,0.032481,-0.01654,0.958364,0.243895,0.148502,-0.282835,0.882313,0.376201,-0.039272,-0.40254,0.914559,0.007653,-0.007786,0.001323,-0.068102,0.113392,-0.19271,-0.905244,0.07792,0.013947,-0.058466,0.642744,-0.34966,-0.681628,0.575891,0.807298,0.128912,0.505202,-0.475401,0.720252,0.000321,0.002757,0.003011,0.003756,-0.015508,0.029675,-0.021247
