frame,MLTx,MLTy,MLTz,MLTR1,MLTR2,MLTR3,MLTR4,MLTR5,MLTR6,MLTR7,MLTR8,MLTR9,MLTTVx,MLTTVy,MLTTVz,MLTRVx,MLTRVy,MLTRVz,MLGA,MRTx,MRTy,MRTz,MRTR1,MRTR2,MRTR3,MRTR4,MRTR5,MRTR6,MRTR7,MRTR8,MRTR9,MRTTVx,MRTTVy,MRTTVz,MRTRVx,MRTRVy,MRTRVz,MRGA,SLTx,SLTy,SLTz,SLTR1,SLTR2,SLTR3,SLTR4,SLTR5,SLTR6,SLTR7,SLTR8,SLTR9,SLTTVx,SLTTVy,SLTTVz,SLTRVx,SLTRVy,SLTRVz,SLGA,SRTx,SRTy,SRTz,SRTR1,SRTR2,SRTR3,SRTR4,SRTR5,SRTR6,SRTR7,SRTR8,SRTR9,SRTTVx,SRTTVy,SRTTVz,SRTRVx,SRTRVy,SRTRVz,SRGA
222,0.064416,-0.009331,0.37484,-0.553855,0.54655,-0.62815,-0.674656,-0.736667,-0.046194,-0.487302,0.397516,0.777524,-0.0,-0.0,-0.0,0.0,-0.0,0.0,-0.236541,-0.093956,0.035622,0.340815,0.540852,0.83793,-0.073099,-0.643556,0.468336,0.605335,0.540773,-0.281414,0.792612,0.015415,-0.013577,0.020922,-0.070093,-0.005502,-0.01302,-1.402638,0.047045,0.040266,-0.010184,-0.47502,-0.879096,-0.039297,0.743988,-0.425061,0.515561,-0.469932,0.215666,0.85595,0.001285,-0.007897,0.010394,-0.069735,-0.004745,-0.018048,-0.822619,0.068854,0.018516,-0.052427,-0.35117,0.662046,-0.662097,-0.757498,-0.616521,-0.214704,-0.550341,0.42614,0.718002,2e-06,9e-06,1e-05,-1e-06,1e-06,-0.0,-0.377547
223,0.064416,-0.009331,0.37484,-0.553855,0.54655,-0.62815,-0.674656,-0.736667,-0.046194,-0.487302,0.397516,0.777524,-0.0,-0.0,-0.0,0.0,0.0,0.0,-0.236476,-0.093734,0.035453,0.341156,0.54059,0.838133,-0.072712,-0.64324,0.467616,0.606227,0.54141,-0.28201,0.791965,0.015217,-0.012789,0.021527,-0.06778,-0.020906,0.011228,-1.40253,0.047162,0.040179,-0.01001,-0.474709,-0.87928,-0.038953,0.7437,-0.424394,0.516526,-0.470702,0.216231,0.855384,0.007668,-0.006665,0.01055,-0.067799,-0.020641,0.011458,-0.821966,0.068854,0.018516,-0.052427,-0.35117,0.662046,-0.662098,-0.757498,-0.616521,-0.214703,-0.550341,0.42614,0.718002,-1e-06,5e-06,6e-06,-4e-06,2e-06,-1e-06,-0.37771
224,0.064419,-0.009324,0.374845,-0.553837,0.546561,-0.628157,-0.674666,-0.736656,-0.046207,-0.487308,0.397521,0.777519,0.000223,0.000579,0.000474,0.0,0.0,0.0,-0.235439,-0.093287,0.035003,0.341876,0.537729,0.839947,-0.072999,-0.646109,0.466282,0.604201,0.540847,-0.278794,0.793487,0.015441,-0.013629,0.020899,0.127889,-0.104492,-0.059893,-1.402542,0.047385,0.039957,-0.009654,-0.472268,-0.880568,-0.039514,0.745728,-0.423046,0.514704,-0.469949,0.213611,0.856456,0.007676,-0.006682,0.010544,0.286061,-0.15135,-0.082346,-0.821313,0.068854,0.018518,-0.052425,-0.35115,0.662054,-0.6621,-0.757504,-0.616508,-0.214717,-0.550345,0.426146,0.717996,0.000173,0.000458,0.000377,-5e-06,1.5e-05,-1e-06,-0.377547
225,0.064439,-0.009329,0.374842,-0.553797,0.546585,-0.628172,-0.67469,-0.736633,-0.046236,-0.487321,0.397532,0.777505,0.0,0.0,0.0,0.0,0.0,0.0,-0.234458,-0.093118,0.034757,0.342435,0.535074,0.841576,-0.073732,-0.649128,0.465553,0.601521,0.539869,-0.275062,0.795453,0.000354,-0.004233,0.013194,0.346033,-0.172898,-0.134465,-1.402539,0.047476,0.039825,-0.009363,-0.469739,-0.881875,-0.040505,0.748051,-0.421982,0.5122,-0.468789,0.210301,0.857909,0.000163,-0.002097,0.006609,0.487766,-0.197306,-0.123912,-0.81919,0.068865,0.018517,-0.052425,-0.351104,0.662072,-0.662106,-0.757519,-0.616479,-0.214747,-0.550353,0.42616,0.717981,-3e-06,-3e-06,-2e-06,-1e-06,-8e-06,-4e-06,-0.377057
226,0.064449,-0.009332,0.37484,-0.553776,0.546597,-0.628179,-0.674702,-0.736621,-0.04625,-0.487328,0.397537,0.777498,0.0,0.0,0.0,0.0,0.0,0.0,-0.233858,-0.09311,0.034812,0.342645,0.535077,0.841554,-0.073969,-0.648859,0.465589,0.601784,0.540189,-0.275071,0.795233,-0.002292,0.008919,0.006761,0.007827,-0.017603,0.022347,-1.402583,0.047481,0.039846,-0.009263,-0.468996,-0.882249,-0.040958,0.748732,-0.42176,0.511389,-0.468447,0.209173,0.858372,-0.000123,-0.00098,0.007453,-0.069281,0.096233,-0.169457,-0.819517,0.06887,0.018516,-0.052426,-0.351081,0.662081,-0.662109,-0.757526,-0.616465,-0.214762,-0.550358,0.426167,0.717974,-2e-06,-2e-06,-1e-06,2e-06,-2e-06,1e-06,-0.377057
227,0.064461,-0.009319,0.374825,-0.553727,0.546615,-0.628207,-0.674702,-0.736617,-0.04632,-0.487385,0.39752,0.777471,0.000362,0.000942,0.000771,0.0,0.0,0.0,-0.225553,-0.093216,0.035123,0.343006,0.534718,0.841876,-0.072886,-0.649223,0.464621,0.602139,0.540108,-0.275721,0.795062,-0.015115,0.00673,0.006631,-0.015458,0.105043,-0.173008,-1.402647,0.047427,0.040009,-0.009077,-0.468528,-0.882546,-0.039906,0.748928,-0.420741,0.51194,-0.468601,0.209971,0.858093,-0.00757,0.003391,0.003336,-0.016043,0.105715,-0.172115,-0.819517,0.068875,0.01852,-0.052436,-0.351026,0.662093,-0.662127,-0.757514,-0.616457,-0.21483,-0.550411,0.42616,0.717937,0.000248,0.000642,0.000526,1.6e-05,8e-06,1.4e-05,-0.374934
228,0.064483,-0.009326,0.374834,-0.553683,0.546647,-0.628218,-0.674742,-0.736579,-0.046334,-0.487379,0.397547,0.777461,3e-06,9e-06,7e-06,0.0,0.0,0.0,-0.220755,-0.093431,0.035349,0.343342,0.534024,0.842206,-0.074158,-0.648688,0.464532,0.602784,0.541434,-0.274862,0.794458,7.5e-05,-0.003134,0.01398,-0.034625,-0.015866,0.00711,-1.402401,0.047318,0.040127,-0.008912,-0.467989,-0.882767,-0.041317,0.748439,-0.42077,0.512631,-0.469919,0.208983,0.857613,-0.007318,0.002446,0.002613,-0.004251,0.002681,-0.018147,-0.82066,0.068887,0.018519,-0.052429,-0.350977,0.662117,-0.662129,-0.757545,-0.616413,-0.214848,-0.5504,0.426186,0.71793,-1e-06,-6e-06,-5e-06,3e-06,2e-06,6e-06,-0.370199
229,0.064511,-0.00934,0.374823,-0.55364,0.546672,-0.628235,-0.674767,-0.736554,-0.046365,-0.487393,0.397559,0.777446,-0.000502,-0.001306,-0.001068,-0.001021,0.012346,-0.026021,-0.219336,-0.093518,0.035386,0.343525,0.533795,0.842399,-0.073602,-0.648801,0.463951,0.603109,0.541525,-0.275251,0.794262,-0.001977,0.007727,0.005806,0.002268,-0.015209,0.024371,-1.402595,0.047275,0.040143,-0.008816,-0.467698,-0.882948,-0.040744,0.748538,-0.420172,0.512977,-0.470052,0.20942,0.857434,-0.000976,0.003791,0.002851,0.002356,-0.014005,0.024431,-0.821966,0.068902,0.018515,-0.052432,-0.350928,0.662136,-0.662136,-0.757561,-0.616382,-0.21488,-0.550409,0.426201,0.717914,-0.000252,-0.000658,-0.000542,-0.001018,0.012347,-0.026016,-0.368893
230,0.064568,-0.009361,0.374796,-0.553538,0.546725,-0.628278,-0.674812,-0.736507,-0.046453,-0.487446,0.397571,0.777406,-2.9e-05,-7.5e-05,-6.1e-05,0.0,0.0,0.0,-0.218982,-0.093603,0.035272,0.343976,0.533239,0.842551,-0.075864,-0.64746,0.464313,0.604271,0.543673,-0.274168,0.793167,0.000526,-0.00489,0.012649,-0.033766,-0.010505,0.003146,-1.40263,0.047232,0.04009,-0.008599,-0.46742,-0.882986,-0.043056,0.74738,-0.42071,0.514222,-0.472165,0.208178,0.856575,0.000214,-0.002284,0.006447,-0.033745,-0.009911,0.003324,-0.822292,0.068929,0.018501,-0.052449,-0.350814,0.662175,-0.662157,-0.757582,-0.616324,-0.214971,-0.550452,0.426224,0.717867,-1.1e-05,-3.2e-05,-2.6e-05,3e-06,1.1e-05,5e-06,-0.367749
231,0.064647,-0.009388,0.374777,-0.553393,0.54681,-0.628332,-0.674896,-0.736423,-0.046557,-0.487494,0.39761,0.777356,-1e-06,-2e-06,-1e-06,0.0,0.0,0.0,-0.2152,-0.093712,0.035006,0.344393,0.531408,0.843476,-0.078396,-0.647976,0.464475,0.603593,0.54485,-0.271023,0.793441,-0.000959,0.00376,0.002813,0.000559,-0.000247,-0.0002,-1.402634,0.047178,0.039953,-0.008381,-0.465776,-0.883713,-0.045858,0.747845,-0.420809,0.513465,-0.473054,0.204865,0.856883,-0.005813,-0.004845,0.005288,-0.043298,0.010529,-0.029492,-0.821803,0.068969,0.018487,-0.052458,-0.35065,0.662239,-0.66218,-0.757635,-0.616222,-0.215079,-0.550484,0.426274,0.717814,5e-06,1e-05,8e-06,9e-06,1e-05,4e-06,-0.36677
232,0.064785,-0.009408,0.374767,-0.553093,0.546986,-0.628442,-0.675072,-0.736249,-0.046771,-0.487591,0.397691,0.777254,0.000162,0.000422,0.000345,0.0,0.0,0.0,-0.207698,-0.093995,0.034879,0.344651,0.529816,0.84451,-0.078036,-0.649904,0.463514,0.602258,0.544106,-0.269439,0.79449,-0.013807,0.001782,0.00285,0.000382,-9e-06,-0.004893,-1.402396,0.047042,0.039889,-0.00826,-0.464124,-0.884585,-0.045801,0.749488,-0.419747,0.511937,-0.472076,0.203275,0.857801,-0.006878,0.000768,0.001335,-0.005408,0.0014,-0.004902,-0.821313,0.069037,0.018477,-0.052464,-0.350314,0.662371,-0.662226,-0.757743,-0.61601,-0.215304,-0.55055,0.426373,0.717704,0.006915,-0.001389,-0.000813,0.000996,-0.014712,0.029563,-0.362687
233,0.064856,-0.009426,0.374755,-0.552951,0.54707,-0.628495,-0.675155,-0.736166,-0.046872,-0.487638,0.397729,0.777205,3e-06,7e-06,6e-06,0.0,0.0,0.0,-0.207953,-0.094163,0.034905,0.344713,0.528474,0.845347,-0.078069,-0.651923,0.463134,0.600364,0.542997,-0.267452,0.795919,-0.013746,0.001563,0.002682,0.119476,-0.052002,-0.048221,-1.402376,0.046953,0.0399,-0.008223,-0.462893,-0.885226,-0.045866,0.751191,-0.419223,0.509865,-0.470574,0.201559,0.859029,-0.006865,0.000736,0.001313,0.120725,-0.053303,-0.049896,-0.820986,0.069074,0.018469,-0.052468,-0.350153,0.662434,-0.662248,-0.757794,-0.615909,-0.21541,-0.550581,0.426421,0.717651,-1e-06,-4e-06,-5e-06,-0.0,-4e-06,-2e-06,-0.361218
234,0.064989,-0.009488,0.374711,-0.552737,0.547194,-0.628575,-0.67528,-0.736042,-0.047024,-0.487708,0.397788,0.777131,-0.000411,-0.001072,-0.000878,0.0,0.0,0.0,-0.208906,-0.094573,0.034867,0.344721,0.52771,0.84573,-0.079085,-0.651674,0.462941,0.600783,0.544038,-0.266572,0.795503,-0.012651,-0.002751,-0.00054,-0.00203,0.015152,-0.029221,-1.402275,0.046756,0.039888,-0.008216,-0.462005,-0.885627,-0.047064,0.751026,-0.418909,0.510366,-0.471709,0.200446,0.858667,-0.006293,-0.001509,-0.000363,-0.0034,0.021113,-0.031598,-0.821313,0.069141,0.018439,-0.052489,-0.349913,0.662527,-0.662282,-0.757871,-0.615759,-0.215569,-0.550627,0.426495,0.717572,0.006523,-0.002417,-0.001658,0.00099,-0.014707,0.029565,-0.360565
235,0.065108,-0.009526,0.374686,-0.55251,0.547326,-0.628659,-0.675412,-0.73591,-0.047185,-0.487782,0.397849,0.777054,0.013585,-0.003424,-0.002158,0.000984,-0.014715,0.029553,-0.207978,-0.094994,0.034757,0.344654,0.526951,0.845771,-0.083571,-0.650072,0.464569,0.601262,0.546682,-0.26358,0.794687,-0.01233,-0.004036,-0.001501,-0.002045,0.015205,-0.029245,-1.402227,0.046541,0.039831,-0.008251,-0.461772,-0.885499,-0.051551,0.749625,-0.420664,0.510983,-0.47416,0.197314,0.858043,-0.006108,-0.002242,-0.00091,0.013806,-0.086,0.13814,-0.821476,0.069194,0.01842,-0.052503,-0.349681,0.662617,-0.662314,-0.757945,-0.615614,-0.215723,-0.550672,0.426564,0.717497,7e-06,1.5e-05,1.1e-05,-1e-06,2e-06,4e-06,-0.360238
236,0.065162,-0.009532,0.374684,-0.550604,0.547924,-0.62981,-0.675344,-0.7358,-0.049805,-0.490025,0.39723,0.775958,6e-05,0.000158,0.000129,0.0,-0.0,0.0,-0.207753,-0.095207,0.034688,0.344629,0.52675,0.845954,-0.082999,-0.650345,0.464085,0.601341,0.546552,-0.26385,0.794687,-0.012507,-0.003335,-0.00098,-0.002045,0.015205,-0.029245,-1.402326,0.04644,0.039795,-0.008265,-0.461516,-0.885664,-0.051005,0.749857,-0.420178,0.511042,-0.474042,0.197608,0.85804,0.000106,-0.000424,-0.000307,8e-06,0.000676,0.000268,-0.81968,0.069226,0.018415,-0.052505,-0.347504,0.662978,-0.663098,-0.757415,-0.615355,-0.218311,-0.552776,0.426377,0.715989,4.7e-05,0.000127,0.000103,-0.001437,0.001036,-0.001012,-0.360401
237,0.065243,-0.009524,0.374694,-0.55039,0.54805,-0.629887,-0.675469,-0.735675,-0.049959,-0.490094,0.397286,0.775886,0.00021,0.000549,0.000449,0.0,0.0,0.0,-0.208862,-0.09539,0.034653,0.344649,0.523972,0.847702,-0.08274,-0.654541,0.46304,0.597582,0.544214,-0.260033,0.797544,-9.2e-05,0.00037,0.000276,0.253125,-0.01439,-0.267166,-1.402391,0.046339,0.039774,-0.008256,-0.459088,-0.886928,-0.050943,0.753031,-0.418924,0.50739,-0.471361,0.194575,0.860208,-5.2e-05,0.000202,0.000153,0.337756,-0.030326,-0.260603,-0.818374,0.069267,0.01842,-0.0525,-0.347277,0.663072,-0.663124,-0.757496,-0.615204,-0.218456,-0.552809,0.42645,0.71592,0.00011,0.000288,0.000233,-1.7e-05,4e-06,-1.9e-05,-0.360075
238,0.065215,-0.009481,0.374727,-0.550383,0.548056,-0.629888,-0.675473,-0.735671,-0.049965,-0.490096,0.397287,0.775884,0.000254,0.000665,0.000544,0.0,0.0,0.0,-0.209407,-0.095271,0.034601,0.344707,0.521435,0.849211,-0.083294,-0.658261,0.462569,0.593849,0.542166,-0.2559,0.800272,0.012863,0.00191,-8.3e-05,0.231154,-0.116663,-0.054907,-1.402318,0.046393,0.03975,-0.008224,-0.456443,-0.888242,-0.051811,0.756325,-0.418008,0.50323,-0.468648,0.19051,0.862597,0.000145,-0.000583,-0.000435,0.331135,-0.029625,-0.261395,-0.819027,0.069253,0.018441,-0.052483,-0.347269,0.663076,-0.663123,-0.757499,-0.615198,-0.218463,-0.55281,0.42645,0.715919,0.000154,0.000402,0.00033,-4e-06,1.3e-05,-3e-06,-0.360238
239,0.065157,-0.00941,0.374807,-0.550398,0.548061,-0.62987,-0.675495,-0.735654,-0.049923,-0.490049,0.397311,0.775902,0.000694,0.001816,0.001485,0.0,0.0,0.0,-0.209606,-0.094989,0.034415,0.34487,0.521318,0.848945,-0.08667,-0.656595,0.464034,0.594549,0.544291,-0.254117,0.799396,5e-06,-1.8e-05,-1.4e-05,4.9e-05,-2.2e-05,-1.8e-05,-1.40262,0.04654,0.039655,-0.008145,-0.456195,-0.888159,-0.055309,0.755349,-0.419338,0.503588,-0.470459,0.187957,0.862171,0.007363,-0.00414,0.004301,-0.037055,-0.008602,0.008491,-0.819027,0.069223,0.018475,-0.052444,-0.347286,0.663083,-0.663108,-0.757525,-0.61518,-0.218423,-0.552764,0.426466,0.715945,0.000438,0.001146,0.000937,1.3e-05,2e-06,5e-06,-0.360401
240,0.065159,-0.009375,0.374836,-0.55033,0.548102,-0.629894,-0.675535,-0.735614,-0.049973,-0.490071,0.397328,0.775879,0.000738,0.00193,0.001577,0.0,0.0,0.0,-0.209844,-0.094834,0.034275,0.345007,0.52121,0.84902,-0.086582,-0.656374,0.463759,0.595008,0.544661,-0.25437,0.799064,0.01458,-0.007666,0.009067,-0.033985,-0.010488,0.008017,-1.4024,0.046612,0.039587,-0.00808,-0.456095,-0.888216,-0.055214,0.755154,-0.419103,0.504077,-0.47087,0.188212,0.861891,-0.00011,0.000418,0.000309,-0.000493,0.000792,0.00097,-0.81772,0.069224,0.018492,-0.05243,-0.34721,0.663114,-0.663117,-0.757549,-0.615132,-0.218475,-0.552779,0.426487,0.715921,0.000424,0.001115,0.000912,0.00102,-0.012338,0.026021,-0.360565
241,0.065179,-0.009351,0.374855,-0.550239,0.548157,-0.629926,-0.675588,-0.73556,-0.050039,-0.4901,0.397352,0.775849,3.7e-05,9.6e-05,7.9e-05,0.0,0.0,0.0,-0.209001,-0.094557,0.034023,0.34539,0.518521,0.850598,-0.087245,-0.659566,0.462936,0.592112,0.543375,-0.250556,0.801142,0.013914,-0.004993,0.011064,0.028352,-0.038189,-0.014801,-1.40225,0.046757,0.039456,-0.007887,-0.453475,-0.889489,-0.056289,0.757989,-0.418115,0.500631,-0.468841,0.184357,0.863828,0.006918,-0.002362,0.005629,-2.5e-05,-0.033908,-0.01911,-0.814291,0.069236,0.018508,-0.052417,-0.347107,0.663155,-0.663129,-0.757581,-0.615067,-0.218545,-0.552799,0.426516,0.715888,-2e-06,1e-06,0.0,2e-06,-2e-05,-4e-06,-0.360401
242,0.065233,-0.009379,0.374822,-0.550155,0.548199,-0.629962,-0.675622,-0.735524,-0.050115,-0.490148,0.39736,0.775815,-0.000239,-0.000627,-0.000512,0.0,0.0,0.0,-0.203691,-0.094318,0.033807,0.345804,0.514642,0.852823,-0.088482,-0.664541,0.46208,0.587198,0.541004,-0.244477,0.804617,0.001135,-0.007289,0.010866,0.341591,-0.163117,-0.159059,-1.402321,0.046875,0.039353,-0.007683,-0.450327,-0.890998,-0.057676,0.761263,-0.416906,0.496655,-0.466564,0.179751,0.866029,0.00047,-0.003287,0.005695,0.591788,-0.241099,-0.140039,-0.814454,0.069263,0.018494,-0.052434,-0.347012,0.663186,-0.663148,-0.757596,-0.615022,-0.218622,-0.552838,0.426534,0.715848,0.006598,-0.002208,-0.001485,0.000986,-0.014714,0.029545,-0.359095
243,0.065285,-0.009384,0.374807,-0.550038,0.548262,-0.63001,-0.675675,-0.735469,-0.050215,-0.490206,0.397376,0.77577,-4e-06,-1.1e-05,-9e-06,0.0,0.0,0.0,-0.197768,-0.09422,0.033676,0.346027,0.51454,0.852877,-0.088548,-0.664191,0.461863,0.587765,0.541531,-0.244696,0.804196,0.001056,-0.006976,0.011101,-0.028271,-0.012862,0.001189,-1.401808,0.046924,0.039287,-0.007571,-0.449306,-0.891487,-0.058074,0.762065,-0.41638,0.495866,-0.46624,0.17854,0.866454,0.006962,-0.002538,0.005499,-0.054046,-0.008207,0.003486,-0.814128,0.069288,0.018489,-0.052443,-0.346881,0.663232,-0.663171,-0.757622,-0.614953,-0.218724,-0.552884,0.426562,0.715795,0.0,-3e-06,-3e-06,1.5e-05,5e-06,8e-06,-0.356972
244,0.065428,-0.00942,0.374784,-0.550331,0.55021,-0.628052,-0.675906,-0.735143,-0.051849,-0.489558,0.395282,0.777247,-0.0,-0.0,-0.0,0.000424,0.001051,0.000481,-0.196697,-0.093943,0.033321,0.346495,0.5118,0.854442,-0.089344,-0.667165,0.46094,0.585115,0.540475,-0.240937,0.80604,0.016059,-0.016231,0.01901,-0.021815,-0.041509,-0.005571,-1.402098,0.047063,0.039108,-0.007332,-0.446624,-0.892756,-0.059254,0.764647,-0.415245,0.492833,-0.464585,0.174803,0.868103,0.008041,-0.00819,0.009446,-0.060581,-0.03472,-0.010444,-0.810862,0.069359,0.018472,-0.052454,-0.347237,0.665167,-0.661043,-0.757514,-0.614486,-0.220407,-0.552809,0.424216,0.717246,0.006792,-0.001705,-0.001076,-0.002098,-0.024832,0.0235,-0.35338
245,0.065593,-0.009454,0.374764,-0.553237,0.547146,-0.628177,-0.671742,-0.738933,-0.052094,-0.492002,0.392468,0.77713,0.000306,0.000803,0.000656,0.0,0.0,0.0,-0.197186,-0.093532,0.032899,0.346986,0.507868,0.856636,-0.09076,-0.6718,0.459933,0.580586,0.538446,-0.234973,0.809152,0.01646,-0.017752,0.017894,0.035292,-0.053117,-0.051585,-1.402213,0.047261,0.038906,-0.007092,-0.442829,-0.894518,-0.061147,0.76858,-0.413834,0.487878,-0.46172,0.16905,0.870767,0.007157,-0.003281,0.00495,0.065727,-0.062152,-0.041027,-0.811189,0.069441,0.018453,-0.052466,-0.350496,0.662525,-0.661975,-0.753961,-0.618905,-0.220221,-0.555603,0.421917,0.716442,0.006997,-0.00116,-0.000632,0.000761,-0.01487,0.029653,-0.352727
246,0.065711,-0.009462,0.37475,-0.556194,0.544019,-0.628281,-0.667501,-0.74275,-0.052306,-0.494426,0.389605,0.777032,4.5e-05,0.000119,9.7e-05,0.0,0.0,0.0,-0.197134,-0.093028,0.032458,0.34749,0.503969,0.858767,-0.092334,-0.676315,0.458971,0.576088,0.53646,-0.228972,0.812185,0.016663,-0.018472,0.017375,0.019127,-0.046077,-0.04568,-1.402483,0.047508,0.03869,-0.006843,-0.43892,-0.8963,-0.063198,0.772504,-0.412346,0.482916,-0.458897,0.163141,0.873382,0.007264,-0.003672,0.004661,0.064523,-0.061571,-0.040404,-0.810372,0.069501,0.018451,-0.052471,-0.353825,0.659912,-0.662814,-0.750349,-0.623338,-0.220055,-0.558375,0.419481,0.715717,2.9e-05,7.4e-05,5.9e-05,-0.000197,0.000162,0.000355,-0.352237
247,0.065765,-0.009468,0.374747,-0.556075,0.544091,-0.628324,-0.667571,-0.742681,-0.052392,-0.494465,0.389637,0.776991,1.7e-05,4.5e-05,3.7e-05,0.0,0.0,0.0,-0.197155,-0.09276,0.032241,0.347718,0.502632,0.859492,-0.092871,-0.67769,0.458557,0.574801,0.535982,-0.227065,0.813036,0.014704,-0.007939,0.008896,0.053347,-0.049791,-0.023621,-1.401918,0.047648,0.038574,-0.006722,-0.437546,-0.896923,-0.063894,0.773671,-0.411726,0.481574,-0.458241,0.161278,0.874073,0.007358,-0.004023,0.0044,0.045845,-0.052476,-0.032218,-0.807596,0.069528,0.018448,-0.052473,-0.353688,0.65997,-0.66283,-0.750397,-0.623249,-0.220146,-0.558398,0.419523,0.715675,6e-06,1.5e-05,1e-05,-0.000187,-4e-05,0.000217,-0.3524
248,0.065935,-0.009518,0.374714,-0.555627,0.544362,-0.628486,-0.667836,-0.74242,-0.052714,-0.494612,0.389756,0.776838,0.013559,-0.003466,-0.002201,0.000984,-0.014715,0.029553,-0.197739,-0.092187,0.03183,0.348125,0.500056,0.860854,-0.094163,-0.6804,0.457942,0.572083,0.534963,-0.223096,0.814804,0.014778,-0.008158,0.008738,-0.013306,-0.020079,0.000394,-1.40181,0.047935,0.038367,-0.006519,-0.434861,-0.89811,-0.065528,0.776118,-0.410705,0.478499,-0.456658,0.157223,0.875639,0.008433,-0.009591,0.008424,-0.086441,-0.009,-0.026436,-0.80531,0.069608,0.018424,-0.052488,-0.3532,0.660169,-0.662892,-0.750559,-0.622939,-0.220469,-0.558488,0.41967,0.715518,-1.6e-05,-4.5e-05,-4.1e-05,-0.000127,-3e-05,0.000152,-0.3524
249,0.066213,-0.00958,0.374676,-0.558398,0.541328,-0.62865,-0.663691,-0.746106,-0.05303,-0.497058,0.38694,0.776684,0.013604,-0.003345,-0.002104,0.000986,-0.014714,0.029551,-0.200101,-0.091572,0.031594,0.348532,0.496383,0.86276,-0.096126,-0.684935,0.457389,0.567093,0.532599,-0.21675,0.81806,0.014005,-0.005128,0.010989,0.03232,-0.040526,-0.015944,-1.401933,0.048239,0.038245,-0.006324,-0.4314,-0.899599,-0.067923,0.779981,-0.409751,0.473003,-0.453345,0.151074,0.878438,0.007034,-0.002711,0.005376,0.017798,-0.044345,-0.030562,-0.807923,0.069747,0.018393,-0.052508,-0.356325,0.657611,-0.663761,-0.746999,-0.627226,-0.220405,-0.56127,0.417293,0.714732,1e-05,2.2e-05,1.3e-05,2e-06,0.001529,0.000937,-0.352727
250,0.066417,-0.009631,0.374643,-0.557994,0.541573,-0.628797,-0.663931,-0.745872,-0.05332,-0.497191,0.387048,0.776545,0.01359,-0.003381,-0.002136,0.000984,-0.014715,0.029553,-0.204611,-0.091307,0.031532,0.348725,0.49523,0.863321,-0.09703,-0.686283,0.457363,0.565481,0.531938,-0.214548,0.819069,0.013944,-0.004888,0.011167,0.040398,-0.04414,-0.0188,-1.402074,0.048376,0.038214,-0.006223,-0.430319,-0.900037,-0.068971,0.781072,-0.409561,0.471364,-0.452493,0.148966,0.879236,0.006882,-0.002124,0.005811,0.02645,-0.059064,-0.002557,-0.810699,0.069849,0.018368,-0.052524,-0.35587,0.657808,-0.66381,-0.747153,-0.626934,-0.220715,-0.561354,0.417422,0.71459,0.006796,-0.001695,-0.001078,0.000832,-0.014571,0.029845,-0.354196
251,0.067039,-0.009769,0.374518,-0.563627,0.537527,-0.627243,-0.655909,-0.752757,-0.055787,-0.501454,0.379299,0.777627,0.013589,-0.003382,-0.002143,0.003559,-0.008422,0.032351,-0.208878,-0.090828,0.031374,0.349093,0.509312,0.854968,-0.098096,-0.679065,0.469408,0.564322,0.527875,-0.221886,0.819743,0.00162,-0.009102,0.009568,-0.031778,0.00932,-0.012477,-1.401874,0.048619,0.03814,-0.006035,-0.444993,-0.892933,-0.068193,0.774777,-0.422059,0.470729,-0.449111,0.156637,0.879638,0.007104,-0.00296,0.005199,-0.054426,0.015744,0.041522,-0.81772,0.070165,0.018297,-0.052587,-0.362246,0.654764,-0.66337,-0.739916,-0.634821,-0.22254,-0.566833,0.410224,0.714432,0.006797,-0.001686,-0.001076,-0.003117,-0.027742,0.021063,-0.357462
252,0.067976,-0.009923,0.374314,-0.565468,0.537126,-0.625929,-0.652579,-0.755418,-0.058785,-0.503716,0.374555,0.778464,0.027207,-0.00667,-0.004227,0.002648,-0.027713,0.059894,-0.215942,-0.090394,0.031116,0.34942,0.520724,0.847867,-0.099796,-0.675369,0.480738,0.559197,0.521436,-0.224863,0.823045,0.002092,-0.010883,0.008253,0.029286,-0.024791,-0.044441,-1.402263,0.048836,0.038009,-0.005867,-0.457204,-0.886723,-0.068449,0.77149,-0.433721,0.465497,-0.442455,0.160019,0.882398,0.001064,-0.005537,0.004056,-0.013838,-0.017457,-0.05058,-0.819843,0.070623,0.018223,-0.052687,-0.364376,0.654519,-0.662445,-0.736524,-0.637856,-0.225101,-0.569878,0.405885,0.714489,0.013605,-0.003339,-0.002132,-0.001962,-0.041687,0.052256,-0.361381
253,0.069278,-0.010101,0.373999,-0.566624,0.537116,-0.624892,-0.649542,-0.757741,-0.062413,-0.506331,0.369857,0.779014,0.042235,0.001317,-0.014777,0.037661,-0.061836,0.104687,-0.218644,-0.090132,0.030898,0.3496,0.537098,0.837375,-0.101592,-0.668684,0.49621,0.553688,0.513371,-0.230513,0.826545,0.000197,-0.000747,-0.000554,-0.127223,0.899606,1.35578,-1.40201,0.048967,0.037899,-0.005778,-0.472882,-0.878474,-0.068307,0.766341,-0.448301,0.46016,-0.434861,0.165255,0.885204,0.001121,-0.00574,0.003621,-0.604307,3.038468,4.537405,-0.819353,0.071268,0.018128,-0.052843,-0.365719,0.654569,-0.661655,-0.733278,-0.640457,-0.228291,-0.573195,0.401687,0.714208,0.020665,-0.004293,-0.002631,0.00128,-0.063638,0.110996,-0.364973
254,0.070151,-0.010189,0.373779,-0.571825,0.533191,-0.623514,-0.641501,-0.764314,-0.065359,-0.510705,0.361944,0.779875,0.041351,-0.008463,-0.005146,1.047313,0.091422,-1.19182,-0.218602,-0.090062,0.030846,0.349652,0.549495,0.829177,-0.102528,-0.663279,0.507673,0.549784,0.507219,-0.23515,0.829033,0.002105,-0.010916,0.008233,-0.390995,2.94826,4.485433,-1.402236,0.049002,0.037875,-0.005757,-0.48278,-0.873103,-0.067922,0.762935,-0.457403,0.45685,-0.429945,0.168738,0.886946,-0.0,-1.5e-05,-4e-06,0.276026,-0.118918,-0.085711,-0.82066,0.071683,0.018089,-0.05295,-0.368157,0.654398,-0.660472,-0.729719,-0.643578,-0.230903,-0.576168,0.39695,0.714464,0.020497,-0.00474,-0.003011,0.008641,-0.03523,0.089436,-0.365953
255,0.07211,-0.010235,0.373237,-0.574545,0.528503,-0.625002,-0.633943,-0.770304,-0.068691,-0.517037,0.356088,0.778396,0.056461,1.8e-05,-0.015351,0.038515,-0.076839,0.134113,-0.219028,-0.090168,0.030815,0.349703,0.590485,0.800412,-0.103244,-0.638977,0.54194,0.545842,0.492098,-0.257356,0.831547,0.001698,-0.009381,0.009372,0.017708,-0.013141,-0.02991,-1.402553,0.04895,0.037858,-0.005733,-0.530682,-0.84525,-0.062671,0.738924,-0.497608,0.454286,-0.415171,0.194772,0.888648,-0.000231,0.000876,0.000672,0.022759,-0.013438,0.033311,-0.819353,0.072678,0.018061,-0.053224,-0.374726,0.64725,-0.663812,-0.718811,-0.655028,-0.232912,-0.585568,0.389878,0.710707,0.021535,0.001916,-0.006435,0.03768,-0.074217,0.131627,-0.36628
256,0.074264,-0.01004,0.372604,-0.580527,0.520123,-0.626503,-0.621223,-0.780279,-0.072238,-0.525703,0.346611,0.776868,0.057312,0.002775,-0.013191,0.039524,-0.089176,0.160141,-0.215947,-0.090225,0.030776,0.349803,0.636868,0.763782,-0.105022,-0.609511,0.582341,0.537875,0.471167,-0.279511,0.836504,-0.000268,0.001017,0.000753,0.232018,-0.081119,-0.045438,-1.402433,0.048921,0.037837,-0.005678,-0.580229,-0.81238,-0.058071,0.711783,-0.540449,0.44864,-0.395851,0.21898,0.891823,-0.000152,0.000585,0.000464,0.274673,-0.048213,0.027198,-0.813312,0.073733,0.018156,-0.053537,-0.381528,0.640011,-0.666949,-0.707285,-0.666673,-0.235144,-0.595132,0.38201,0.707025,0.029202,0.006637,-0.011156,0.073629,-0.105253,0.17816,-0.365953
257,0.075299,-0.009885,0.372305,-0.588612,0.512671,-0.6251,-0.612719,-0.787282,-0.068814,-0.526682,0.341863,0.778307,0.058426,0.013655,-0.021987,0.073756,-0.106659,0.175802,-0.21122,-0.090234,0.030759,0.349866,0.660368,0.743352,-0.106465,-0.593747,0.603788,0.531826,0.458775,-0.28893,0.840184,-0.000509,0.001933,0.001432,0.058594,2.671633,4.450103,-1.402636,0.048917,0.037826,-0.005649,-0.601498,-0.796881,-0.056386,0.699272,-0.55932,0.445171,-0.386286,0.228341,0.893667,-0.000285,0.001093,0.000838,0.093303,0.001629,0.082658,-0.816087,0.074255,0.018229,-0.053683,-0.390939,0.633778,-0.66745,-0.700598,-0.675202,-0.230785,-0.596931,0.377392,0.707987,0.028865,0.002051,-0.00611,0.034934,-0.001979,-0.015124,-0.36383
258,0.077257,-0.009546,0.371814,-0.607298,0.497821,-0.6192,-0.598962,-0.798875,-0.054911,-0.52125,0.336906,0.784104,0.044394,0.008549,-0.009138,-0.011572,0.050231,-0.097244,-0.195343,-0.090316,0.030794,0.349949,0.689715,0.71581,-0.10909,-0.573212,0.631957,0.521528,0.441379,-0.298083,0.846283,-0.000755,0.002869,0.002123,0.258961,-0.107709,-0.029067,-1.402611,0.048877,0.037843,-0.005608,-0.636885,-0.769006,-0.054817,0.678177,-0.592638,0.434573,-0.366676,0.239598,0.898966,-0.000225,0.000867,0.000665,0.276985,-0.057942,0.014279,-0.822619,0.075256,0.018402,-0.053937,-0.412084,0.621886,-0.665915,-0.691364,-0.689452,-0.216035,-0.593466,0.371365,0.714062,0.02219,0.004224,-0.00464,-0.126051,0.232367,-0.392545,-0.356482
259,0.07891,-0.009062,0.371454,-0.624936,0.483939,-0.61262,-0.586665,-0.808797,-0.040537,-0.514331,0.333463,0.790122,0.031608,0.014429,-0.004933,0.009052,0.124945,-0.268192,-0.181148,-0.090334,0.030836,0.350114,0.722132,0.682559,-0.112389,-0.546895,0.662947,0.511216,0.422525,-0.308566,0.852128,-0.001116,0.004238,0.003132,0.252397,-0.105655,-0.027308,-1.402434,0.048868,0.037862,-0.005526,-0.672017,-0.738608,-0.053384,0.653445,-0.625361,0.426535,-0.348426,0.251755,0.902894,-0.000452,0.001729,0.001299,0.304134,-0.064524,0.020612,-0.82964,0.076087,0.018641,-0.05412,-0.432291,0.610725,-0.663429,-0.683385,-0.70189,-0.200836,-0.58831,0.366557,0.720781,0.022724,0.006011,-0.003228,-0.01625,0.047259,-0.08195,-0.345705
260,0.080166,-0.008218,0.371157,-0.635158,0.472263,-0.611219,-0.575806,-0.816906,-0.032916,-0.514069,0.330444,0.79156,0.020079,0.031481,-0.009235,0.058476,0.096437,-0.245101,-0.165576,-0.090359,0.030903,0.350322,0.757555,0.642614,-0.114676,-0.513389,0.695173,0.503091,0.402049,-0.323061,0.856651,-0.001133,0.004304,0.003175,0.273614,0.089219,0.335176,-1.402475,0.048854,0.0379,-0.005425,-0.709674,-0.702729,-0.050348,0.622573,-0.658967,0.422095,-0.329796,0.268204,0.905152,-0.007001,0.000793,0.001188,-0.021062,2.542398,4.573476,-0.834866,0.076719,0.019054,-0.054269,-0.444106,0.600672,-0.664802,-0.675319,-0.712036,-0.192219,-0.588824,0.363588,0.721865,0.016809,0.014138,-0.005698,0.063755,0.109313,-0.230921,-0.333785
261,0.080577,-0.007666,0.371058,-0.640591,0.463817,-0.612015,-0.567564,-0.822781,-0.029569,-0.516478,0.327834,0.791077,0.006794,0.035473,-0.006513,-0.007008,-0.034886,-0.375609,-0.162749,-0.090345,0.030849,0.350489,0.771571,0.62563,-0.115139,-0.498444,0.707174,0.501391,0.394127,-0.330263,0.857586,0.000794,-0.005953,0.011902,-0.188833,0.899461,1.236838,-1.402712,0.048861,0.037873,-0.005341,-0.724475,-0.687535,-0.049297,0.609488,-0.672355,0.420074,-0.321961,0.274287,0.906149,0.006667,-0.001675,0.005974,-0.667948,2.732217,4.729646,-0.839438,0.076932,0.019344,-0.054321,-0.450756,0.593313,-0.666932,-0.668586,-0.719438,-0.188149,-0.591448,0.361091,0.720972,0.003477,0.017957,-0.003096,-0.016127,-0.058602,-0.387418,-0.32856
262,0.081108,-0.006447,0.370941,-0.649273,0.45346,-0.610627,-0.562095,-0.826892,-0.016478,-0.511592,0.331962,0.792529,0.006251,0.026411,0.003613,-0.180818,-0.456191,-0.35397,-0.153572,-0.09016,0.030721,0.350997,0.788925,0.602955,-0.118467,-0.480738,0.72585,0.491902,0.381581,-0.331888,0.862618,0.002126,-0.013943,0.022301,0.22958,-0.07458,-0.001177,-1.402475,0.04895,0.037809,-0.005098,-0.745236,-0.664966,-0.049412,0.590922,-0.692948,0.413076,-0.308922,0.278641,0.909354,0.006394,-0.000264,0.007191,0.294796,0.589228,1.324006,-0.847602,0.077199,0.019956,-0.054378,-0.46148,0.585746,-0.666286,-0.666162,-0.724794,-0.175788,-0.585887,0.362732,0.724679,0.003149,0.013257,0.001834,-0.168134,-0.44345,-0.338128,-0.323334
263,0.081393,-0.005264,0.370903,-0.661294,0.443897,-0.604724,-0.557274,-0.830312,-0.000172,-0.501369,0.336325,0.797208,0.006228,0.026377,0.003513,0.0218,0.127333,-0.291571,-0.146625,-0.089704,0.030519,0.351628,0.814858,0.567586,-0.117663,-0.454578,0.75182,0.477557,0.358481,-0.336376,0.870751,0.013066,-0.001562,0.013615,0.50335,0.367979,1.388646,-1.402785,0.049182,0.037708,-0.004765,-0.774036,-0.631584,-0.04437,0.56506,-0.720719,0.401584,-0.285613,0.285769,0.914746,0.00654,-0.000816,0.006781,0.411898,0.398801,1.387815,-0.853318,0.077339,0.020539,-0.054397,-0.474814,0.576461,-0.665013,-0.664949,-0.729982,-0.15801,-0.576535,0.367175,0.729923,0.00352,0.018159,-0.002992,0.079734,0.040107,-0.0769,-0.315333
264,0.081501,-0.004677,0.370924,-0.666562,0.438257,-0.603052,-0.55436,-0.832223,0.007851,-0.497609,0.338991,0.798434,0.006216,0.026355,0.003458,0.022134,0.025429,-0.119836,-0.146193,-0.089542,0.030259,0.351997,0.82022,0.56003,-0.116605,-0.449518,0.757221,0.473798,0.352595,-0.336915,0.872943,0.000783,-0.005912,0.011933,0.147957,-0.091111,-0.059233,-1.402699,0.049256,0.037588,-0.004591,-0.77951,-0.624913,-0.042974,0.560816,-0.726823,0.396499,-0.279011,0.284975,0.917028,0.001472,-0.008517,0.010029,0.139732,-0.109995,-0.100815,-0.854624,0.077391,0.020823,-0.054388,-0.480938,0.571639,-0.664775,-0.66382,-0.73273,-0.149826,-0.572748,0.369235,0.731863,0.003472,0.018024,-0.003111,0.07034,0.041998,-0.110711,-0.31419
265,0.081713,-0.003578,0.371033,-0.675917,0.429671,-0.598803,-0.548907,-0.83563,0.0199,-0.490992,0.341598,0.801414,0.006192,0.026305,0.003343,0.028979,0.057821,-0.136724,-0.142942,-0.089498,0.029708,0.352649,0.828113,0.548135,-0.117336,-0.440372,0.765814,0.468545,0.345632,-0.337034,0.875677,-0.011968,-0.008532,0.011525,0.036975,-0.014195,-0.076853,-1.402908,0.049289,0.03731,-0.004268,-0.788195,-0.613956,-0.042482,0.552027,-0.735828,0.392201,-0.272054,0.28568,0.918897,-0.006044,-0.004067,0.005911,0.052525,-0.135062,0.105969,-0.849889,0.077497,0.021373,-0.054332,-0.492071,0.564639,-0.662606,-0.661126,-0.737559,-0.137538,-0.566372,0.370388,0.73623,0.003301,0.013773,0.002155,0.034375,0.051475,-0.105422,-0.311904
266,0.082045,-0.002671,0.371304,-0.683796,0.424733,-0.593356,-0.545617,-0.83751,0.029191,-0.483698,0.343172,0.805169,0.005707,0.017399,0.013535,-0.002756,-0.022012,0.048161,-0.144646,-0.08997,0.029539,0.35325,0.830254,0.54482,-0.117647,-0.437516,0.767945,0.467733,0.344122,-0.337557,0.876069,-0.02622,-0.005391,0.015297,-0.035402,0.01875,-0.056212,-1.4028,0.049067,0.037209,-0.003969,-0.79052,-0.610965,-0.042416,0.54936,-0.738012,0.391844,-0.270706,0.286459,0.919053,-0.006934,-0.000686,0.008377,-0.050061,-0.005567,-0.002824,-0.855277,0.077666,0.021839,-0.0542,-0.501765,0.560566,-0.658783,-0.659609,-0.740656,-0.127838,-0.559594,0.370395,0.741391,0.010015,0.012346,0.001184,0.023341,0.036845,-0.086925,-0.311414
267,0.082473,-0.001993,0.371847,-0.691354,0.420859,-0.587326,-0.544243,-0.837952,0.040101,-0.47442,0.346844,0.809106,0.006394,0.019581,0.015122,-0.004721,0.05109,-0.101677,-0.169296,-0.090678,0.029641,0.353751,0.841402,0.527891,-0.115607,-0.422981,0.776625,0.46677,0.335118,-0.344513,0.876852,-0.01372,-0.001722,0.016437,-0.044893,0.10252,-0.198384,-1.402647,0.048701,0.037267,-0.003712,-0.802832,-0.594947,-0.038714,0.53541,-0.748011,0.392192,-0.262291,0.294136,0.919068,-0.014292,0.00336,0.003933,-0.014063,0.005192,-0.008595,-0.85642,0.077879,0.022175,-0.053931,-0.510624,0.557678,-0.654413,-0.660274,-0.741855,-0.116997,-0.550727,0.372351,0.747029,0.002527,0.004016,0.011669,-0.029325,-0.010984,0.038343,-0.319252
268,0.08269,-0.001706,0.372186,-0.693597,0.419632,-0.585558,-0.543694,-0.838151,0.043269,-0.471771,0.347849,0.810223,0.019904,0.01709,0.013489,-0.003266,0.048074,-0.096906,-0.186209,-0.09108,0.02971,0.353868,0.847224,0.518825,-0.114123,-0.415034,0.780703,0.467102,0.330364,-0.349035,0.876868,-0.014603,0.004629,0.004822,-0.014271,0.100486,-0.175797,-1.402658,0.048498,0.037308,-0.003643,-0.809196,-0.586418,-0.036254,0.527852,-0.752706,0.393453,-0.258016,0.299244,0.918629,-0.013552,0.000581,0.001909,-0.005676,0.030677,-0.057191,-0.854951,0.077982,0.022319,-0.05376,-0.513251,0.556737,-0.653159,-0.660307,-0.742313,-0.113862,-0.54824,0.372846,0.74861,0.003318,0.010205,0.007846,0.006232,-0.041461,0.080254,-0.329866
269,0.083235,-0.001114,0.372941,-0.69815,0.413152,-0.584754,-0.542267,-0.838389,0.054978,-0.466674,0.354957,0.810091,0.007213,0.022264,0.016987,-0.029458,-0.110868,0.042612,-0.225652,-0.091882,0.029661,0.353935,0.864501,0.490114,-0.111436,-0.389433,0.79347,0.467635,0.316517,-0.361497,0.876926,-0.025748,-0.00398,4.5e-05,-0.009079,0.051349,-0.019227,-1.402449,0.0481,0.037289,-0.003606,-0.828378,-0.559328,-0.030674,0.50361,-0.767599,0.396443,-0.245287,0.312957,0.917546,-0.00652,-0.000655,0.00028,-0.016485,0.085006,0.103111,-0.85446,0.078259,0.022612,-0.053385,-0.51884,0.550702,-0.653859,-0.660884,-0.743547,-0.101826,-0.542251,0.379294,0.749732,0.009719,0.004224,0.011902,-0.059427,0.005423,-0.136,-0.35436
270,0.083785,-0.00047,0.373742,-0.703033,0.406376,-0.583651,-0.540448,-0.838693,0.06695,-0.461428,0.36199,0.809984,0.021173,0.021475,0.016537,-0.555483,0.368555,-0.337268,-0.271264,-0.0924,0.029468,0.353979,0.874515,0.471508,-0.113552,-0.371971,0.802483,0.466469,0.309957,-0.366296,0.877278,-0.012336,-0.004096,-0.001503,0.081267,0.183208,0.358042,-1.402379,0.047837,0.037191,-0.003585,-0.840001,-0.541692,-0.03108,0.486996,-0.77796,0.397003,-0.239232,0.318347,0.91729,0.001267,-0.006403,0.00347,-0.045528,0.713121,1.385164,-0.85789,0.078529,0.022934,-0.052985,-0.524178,0.544814,-0.654532,-0.661141,-0.744786,-0.090468,-0.536776,0.385317,0.7506,0.003407,0.00686,0.013672,-1.852639,1.578136,-1.545618,-0.385711
271,0.08399,-0.000116,0.374202,-0.70569,0.404819,-0.581523,-0.539512,-0.838999,0.07056,-0.458461,0.363023,0.811205,0.007032,0.014417,0.027797,-0.039169,0.0798,-0.142832,-0.286602,-0.092538,0.029276,0.354006,0.87987,0.461594,-0.112919,-0.362981,0.806356,0.466871,0.30544,-0.370385,0.877146,-0.011668,-0.006735,-0.003411,-0.002213,0.029268,-0.053756,-1.40263,0.047767,0.037098,-0.003569,-0.846152,-0.532118,-0.029587,0.478345,-0.782778,0.398049,-0.234969,0.322658,0.916886,-0.004868,-0.008548,0.002657,-0.048411,0.022354,-0.050319,-0.856747,0.078637,0.023115,-0.052758,-0.527838,0.543787,-0.652442,-0.661066,-0.745337,-0.086396,-0.533271,0.385704,0.752896,0.004187,0.013069,0.009831,0.004519,0.055895,-0.093074,-0.401714
272,0.084478,0.0006,0.375147,-0.709788,0.402749,-0.577962,-0.538707,-0.838963,0.076862,-0.453055,0.365402,0.813173,0.007118,0.014806,0.027906,-0.032033,-0.020651,0.061402,-0.294894,-0.092718,0.028765,0.354081,0.890186,0.441058,-0.114142,-0.346255,0.817971,0.459309,0.294816,-0.369909,0.880973,0.000969,-0.003815,-0.002763,0.339031,-0.150941,-0.107991,-1.402672,0.047674,0.036834,-0.003537,-0.858573,-0.511885,-0.028711,0.461198,-0.795592,0.392847,-0.223935,0.324047,0.919155,-0.004737,-0.009104,0.002251,0.472802,-0.164782,-0.169781,-0.858869,0.078882,0.023476,-0.052283,-0.532878,0.542189,-0.64967,-0.661284,-0.745851,-0.080054,-0.527962,0.386957,0.755989,0.010586,0.010957,0.00829,-0.002333,0.047153,-0.096188,-0.418533
273,0.085113,0.001166,0.375939,-0.707649,0.402422,-0.580805,-0.540291,-0.83787,0.077661,-0.454511,0.368255,0.81107,0.019589,0.017126,0.012892,-0.019894,-0.091143,0.056935,-0.289743,-0.092873,0.028271,0.35419,0.905661,0.407949,-0.115527,-0.317091,0.832743,0.453791,0.280178,-0.374868,0.88365,0.002933,-0.014391,0.005787,-0.615512,2.484884,4.841506,-1.402683,0.0476,0.036592,-0.003485,-0.873553,-0.48591,-0.028206,0.438344,-0.810583,0.388339,-0.211561,0.326871,0.921084,0.00145,-0.007099,0.002974,0.004519,-0.117966,0.116514,-0.859686,0.079197,0.023765,-0.051876,-0.530309,0.541495,-0.652344,-0.662803,-0.744587,-0.079252,-0.528642,0.390348,0.753767,0.009328,0.003402,0.011031,-0.048634,-0.059894,0.047604,-0.420982
274,0.085475,0.001384,0.37623,-0.706473,0.403482,-0.5815,-0.541499,-0.83716,0.076909,-0.454904,0.368709,0.810644,0.018753,0.014603,0.010981,0.002438,-0.040905,0.080886,-0.278232,-0.092966,0.02805,0.354228,0.909095,0.400007,-0.116328,-0.310694,0.837242,0.449921,0.276212,-0.373388,0.885523,-0.011694,-0.006779,-0.003454,0.37589,-0.128836,-0.150037,-1.402589,0.047555,0.036477,-0.003464,-0.8809,-0.472509,-0.027384,0.426428,-0.817433,0.387249,-0.205363,0.32945,0.921568,0.001406,-0.006931,0.003096,0.571099,-0.187271,-0.033889,-0.860013,0.079386,0.023882,-0.051725,-0.528866,0.542554,-0.652636,-0.663783,-0.743603,-0.080279,-0.528859,0.390752,0.753405,0.009286,0.007047,0.005293,0.006542,-0.031554,0.085422,-0.418043
275,0.08637,0.001667,0.376538,-0.704211,0.405444,-0.582878,-0.543631,-0.835928,0.075241,-0.455868,0.369347,0.809811,0.029642,0.004577,0.003782,0.002861,-0.042147,0.084952,-0.265201,-0.093116,0.027672,0.354307,0.919167,0.376196,-0.116615,-0.289721,0.846575,0.446436,0.265504,-0.377043,0.887248,0.000844,-0.003345,-0.00243,0.023553,0.006596,0.029589,-1.402563,0.047475,0.036284,-0.003426,-0.892414,-0.45045,-0.026261,0.406974,-0.828684,0.384258,-0.194851,0.33223,0.922851,0.000447,-0.001733,-0.001248,-0.018995,0.017923,0.024564,-0.861972,0.079823,0.024025,-0.05157,-0.526213,0.544236,-0.65338,-0.665362,-0.741983,-0.082174,-0.52952,0.391494,0.752556,0.014738,0.002046,0.001698,0.002984,-0.041963,0.085067,-0.407429
276,0.087537,0.001753,0.376603,-0.704094,0.403403,-0.584434,-0.540908,-0.837871,0.07323,-0.459269,0.367179,0.808875,0.028732,0.001853,0.001754,0.002861,-0.042147,0.084952,-0.276457,-0.093242,0.02734,0.354271,0.928955,0.352228,-0.113881,-0.26998,0.855313,0.442135,0.251956,-0.380428,0.88975,0.000968,-0.003849,-0.0028,0.100373,-0.045343,-0.032017,-1.402954,0.047416,0.036123,-0.003442,-0.903898,-0.427203,-0.021575,0.387385,-0.838951,0.382221,-0.181387,0.337131,0.923818,0.001491,-0.007284,0.00284,0.105495,-0.049492,-0.030149,-0.864095,0.080405,0.024064,-0.05154,-0.526141,0.542273,-0.655067,-0.662634,-0.744232,-0.083865,-0.533,0.389945,0.7509,0.01424,0.000528,0.000569,0.003282,-0.040872,0.085709,-0.407429
277,0.088689,0.001801,0.37664,-0.714243,0.389974,-0.581225,-0.526762,-0.846278,0.079412,-0.460026,0.362397,0.8106,0.028579,0.001521,0.001484,0.014098,-0.033718,0.036901,-0.281252,-0.09323,0.027097,0.354306,0.937095,0.331767,-0.108511,-0.254063,0.861637,0.439281,0.238046,-0.384503,0.891826,0.002426,-0.012439,0.007209,-0.625199,2.426924,4.903418,-1.402825,0.047418,0.035998,-0.003432,-0.910499,-0.413232,-0.015121,0.377006,-0.84459,0.380176,-0.169872,0.340449,0.92479,0.000237,-0.000918,-0.000664,-0.017207,-0.004336,-0.004948,-0.860176,0.08098,0.024083,-0.051525,-0.538604,0.53044,-0.654628,-0.651161,-0.755113,-0.076112,-0.534691,0.385274,0.752109,0.007581,0.001815,0.001398,0.04199,-0.000111,-0.103749,-0.412654
