frame,MLTx,MLTy,MLTz,MLTR1,MLTR2,MLTR3,MLTR4,MLTR5,MLTR6,MLTR7,MLTR8,MLTR9,MLTTVx,MLTTVy,MLTTVz,MLTRVx,MLTRVy,MLTRVz,MLGA,MRTx,MRTy,MRTz,MRTR1,MRTR2,MRTR3,MRTR4,MRTR5,MRTR6,MRTR7,MRTR8,MRTR9,MRTTVx,MRTTVy,MRTTVz,MRTRVx,MRTRVy,MRTRVz,MRGA,SLTx,SLTy,SLTz,SLTR1,SLTR2,SLTR3,SLTR4,SLTR5,SLTR6,SLTR7,SLTR8,SLTR9,SLTTVx,SLTTVy,SLTTVz,SLTRVx,SLTRVy,SLTRVz,SLGA,SRTx,SRTy,SRTz,SRTR1,SRTR2,SRTR3,SRTR4,SRTR5,SRTR6,SRTR7,SRTR8,SRTR9,SRTTVx,SRTTVy,SRTTVz,SRTRVx,SRTRVy,SRTRVz,SRGA
222,0.160579,-0.010536,0.311987,-0.327342,-0.232392,-0.915907,-0.20164,-0.929784,0.307921,-0.922752,0.285763,0.25864,0.031253,-0.011443,0.046809,-0.032192,0.334158,0.074053,-1.339062,-0.14149,-0.024765,0.309811,-0.512579,-0.587378,0.626291,0.854606,-0.418942,0.306711,0.082855,0.693175,0.715896,0.03372,-0.026363,0.04907,0.429136,-1.104167,-0.273348,0.137001,0.056892,0.032274,-0.02518,0.515889,0.586751,0.624164,-0.849366,0.445186,0.283523,-0.111512,-0.67641,0.728033,0.009992,-0.01931,0.028936,-0.123271,-0.81746,-0.335355,-0.048295,0.080076,0.034177,-0.069125,0.350621,0.295986,-0.888513,0.054106,0.940755,0.33474,0.934952,-0.165441,0.313834,0.008308,-0.005694,0.023522,-0.034933,0.38892,0.038686,-1.036424
223,0.160956,-0.010802,0.312916,-0.337787,-0.226224,-0.913656,-0.202085,-0.930623,0.305079,-0.918871,0.287963,0.269776,0.030969,-0.014272,0.04379,0.072648,0.707913,0.271095,-1.338719,-0.140914,-0.025372,0.310813,-0.50664,-0.603453,0.615753,0.859106,-0.412628,0.302671,0.072052,0.683092,0.726676,0.033838,-0.027733,0.047492,0.399671,-0.887461,-0.054085,0.143204,0.057167,0.031987,-0.024689,0.51,0.603226,0.613202,-0.854262,0.438631,0.278994,-0.100673,-0.666122,0.739015,0.017501,-0.019101,0.028188,0.031831,-0.485791,0.162867,-0.01874,0.080259,0.034052,-0.068675,0.35939,0.292926,-0.88602,0.054758,0.9412,0.33338,0.931578,-0.16833,0.322217,0.008179,-0.006996,0.022132,-0.041575,0.362996,0.019908,-1.044915
224,0.16177,-0.011487,0.314552,-0.351192,-0.218703,-0.910428,-0.203891,-0.931146,0.302272,-0.913417,0.292049,0.283556,0.030615,-0.017946,0.039893,-0.044446,0.179139,0.175954,-1.33836,-0.139548,-0.026592,0.312641,-0.492853,-0.627206,0.603076,0.86777,-0.404289,0.288894,0.063227,0.666493,0.742733,0.033964,-0.028832,0.046192,0.311446,-0.443772,-0.058884,0.18029,0.057875,0.031357,-0.023738,0.496749,0.62846,0.598562,-0.863036,0.430562,0.264168,-0.0917,-0.647806,0.756265,0.01695,-0.014383,0.023118,0.305121,-0.420301,-0.059699,0.02241,0.080684,0.033697,-0.067825,0.375987,0.285298,-0.88161,0.056718,0.942552,0.329208,0.924886,-0.173781,0.338206,0.01526,-0.009201,0.019697,-0.074051,0.128444,0.146899,-1.059775
225,0.162629,-0.012148,0.315974,-0.365751,-0.208443,-0.907096,-0.205425,-0.932488,0.297049,-0.907324,0.29524,0.299371,0.015851,-0.020059,0.037883,0.044365,0.609624,0.165591,-1.338548,-0.138342,-0.027333,0.314598,-0.493428,-0.637544,0.591656,0.867187,-0.412364,0.279063,0.06667,0.651568,0.755564,0.031783,-0.007448,0.049265,0.232487,-0.587322,0.179795,0.245585,0.058467,0.030976,-0.022793,0.497781,0.637788,0.587741,-0.862092,0.438019,0.254824,-0.094918,-0.633534,0.76787,0.00838,-0.004269,0.024993,0.385335,-0.681013,0.046278,0.099646,0.081113,0.033365,-0.067116,0.390309,0.27805,-0.877693,0.058493,0.943891,0.325033,0.918823,-0.178202,0.352145,0.007886,-0.010225,0.018727,0.10828,0.723614,0.230333,-1.069409
226,0.162905,-0.012419,0.316645,-0.373224,-0.203605,-0.905149,-0.205898,-0.933118,0.294737,-0.904161,0.296618,0.307469,0.015881,-0.007888,0.030723,0.050773,0.495372,0.121249,-1.337682,-0.137975,-0.027357,0.315537,-0.497082,-0.638534,0.587517,0.865137,-0.415967,0.280076,0.066162,0.648299,0.758416,0.015283,0.004944,0.044315,-0.02656,-0.1626,0.216448,0.258844,0.058657,0.030961,-0.02232,0.501131,0.639609,0.582896,-0.860196,0.441736,0.254818,-0.094502,-0.629102,0.771556,0.007566,0.00301,0.022739,-0.064669,-0.200821,0.412212,0.131488,0.081244,0.033228,-0.066796,0.398493,0.273859,-0.87533,0.058943,0.944761,0.322415,0.915275,-0.180075,0.360338,0.007925,-0.009751,0.019197,0.077723,0.654466,0.188533,-1.072838
227,0.163491,-0.012577,0.317773,-0.387908,-0.19773,-0.900264,-0.205415,-0.933612,0.293506,-0.898054,0.299022,0.322663,0.015844,0.00386,0.023064,0.020643,0.262313,0.005515,-1.333181,-0.137697,-0.026668,0.317042,-0.495877,-0.645935,0.580401,0.866538,-0.410791,0.283366,0.055998,0.644259,0.762664,0.012403,0.029372,0.030019,0.009606,-0.072364,0.128822,0.262142,0.058797,0.031292,-0.021567,0.500516,0.646448,0.575836,-0.861635,0.436563,0.258836,-0.084065,-0.625713,0.775509,0.00617,0.014779,0.015111,0.001822,-0.06418,0.13247,0.159247,0.081537,0.033144,-0.06623,0.414264,0.269234,-0.869423,0.058547,0.945385,0.320653,0.908271,-0.183737,0.375877,0.01515,0.00158,0.011042,0.015248,0.251799,0.03975,-1.070552
228,0.164061,-0.012403,0.318608,-0.400142,-0.189707,-0.896629,-0.204711,-0.935124,0.28915,-0.89282,0.299481,0.336467,0.001156,0.002422,0.021787,0.088258,0.492044,0.104777,-1.333666,-0.137661,-0.025484,0.318137,-0.481012,-0.661679,0.575151,0.876039,-0.386913,0.28773,0.032741,0.643081,0.765009,0.012172,0.031184,0.031631,-0.033848,-0.027325,-0.000863,0.27102,0.058819,0.031906,-0.020996,0.486384,0.662327,0.56987,-0.871629,0.413158,0.263746,-0.06076,-0.624997,0.778258,0.006057,0.015717,0.015953,-0.030643,-0.023551,-2e-06,0.165452,0.081828,0.033235,-0.065802,0.426401,0.263633,-0.865262,0.057991,0.946648,0.317008,0.902672,-0.18535,0.388364,0.000553,0.001082,0.010754,0.137563,0.576614,0.150958,-1.077084
229,0.164265,-0.01229,0.318921,-0.404735,-0.186238,-0.895293,-0.20446,-0.935829,0.287041,-0.8908,0.299454,0.341802,0.001023,0.000828,0.020161,0.055616,0.26721,0.201495,-1.334934,-0.13767,-0.024788,0.318696,-0.479242,-0.667668,0.569682,0.877413,-0.377865,0.295463,0.018582,0.642277,0.766158,-0.002762,0.030876,0.033004,-0.046371,0.067692,-0.056633,0.292092,0.058815,0.032243,-0.020729,0.485032,0.668074,0.564286,-0.873261,0.404299,0.27195,-0.046458,-0.624674,0.779501,-0.002045,0.020882,0.012293,0.00259,-0.05894,0.109613,0.180638,0.08193,0.033293,-0.065644,0.431771,0.260393,-0.863578,0.057763,0.947475,0.31457,0.900131,-0.185705,0.39405,0.000485,0.000238,0.009897,0.070215,0.291787,0.214811,-1.079696
230,0.164668,-0.011882,0.319349,-0.411372,-0.184681,-0.892587,-0.20326,-0.936015,0.287285,-0.888024,0.299833,0.348627,0.000869,0.011112,0.011068,0.016951,0.036022,0.055211,-1.334039,-0.137527,-0.023426,0.320047,-0.485765,-0.673992,0.55656,0.873998,-0.377038,0.306438,0.003907,0.636129,0.771485,-0.003103,0.034287,0.036158,-3.081292,-1.652329,-4.33617,0.293784,0.058887,0.032922,-0.020054,0.495812,0.671056,0.551229,-0.867694,0.40892,0.28265,-0.035735,-0.618439,0.785019,0.006402,0.012885,0.022619,-0.021671,-0.059705,0.106863,0.206928,0.082131,0.03349,-0.065436,0.438768,0.259334,-0.860364,0.056604,0.947572,0.314487,0.896815,-0.186687,0.401084,0.007674,0.005505,0.005341,-0.001984,0.084791,-0.073398,-1.081982
231,0.164959,-0.011457,0.319708,-0.415088,-0.188098,-0.890149,-0.202009,-0.934921,0.291699,-0.886576,0.301127,0.351189,0.000785,0.010171,0.010091,0.000743,-0.014994,0.024601,-1.331129,-0.137361,-0.022082,0.321478,-0.470694,-0.68884,0.551305,0.882019,-0.354407,0.310439,-0.017876,0.633242,0.773659,-0.003097,0.033802,0.035156,0.000103,-0.060963,0.089632,0.291712,0.058969,0.0336,-0.019333,0.477151,0.689119,0.545381,-0.878761,0.381363,0.28695,-0.010246,-0.616178,0.787539,0.00575,0.01783,0.01763,-0.026794,0.013994,-0.077422,0.203662,0.082276,0.033702,-0.065257,0.441546,0.263417,-0.857699,0.055311,0.946123,0.319048,0.895532,-0.188314,0.403186,0.000393,0.005157,0.005109,0.002875,-0.033947,0.050089,-1.088024
232,0.165085,-0.011088,0.320087,-0.415961,-0.188815,-0.88959,-0.20196,-0.934604,0.292743,-0.886177,0.301661,0.351737,0.000769,0.010027,0.00991,0.00074,-0.015004,0.024595,-1.328027,-0.137053,-0.020982,0.322564,-0.470658,-0.693093,0.54598,0.881833,-0.351016,0.314792,-0.025951,0.630486,0.775679,0.027062,0.02643,0.023541,-0.003237,0.024982,-0.039064,0.306347,0.059111,0.034166,-0.018772,0.477449,0.69324,0.539869,-0.878656,0.378179,0.291449,-0.002123,-0.613512,0.789681,0.00626,0.011869,0.011297,0.010609,-0.053744,0.102769,0.214276,0.082339,0.033886,-0.065069,0.442237,0.264257,-0.857085,0.055184,0.945782,0.320078,0.895198,-0.188847,0.403677,0.000385,0.005106,0.005043,0.002862,-0.031135,0.049542,-1.087371
233,0.165185,-0.010875,0.320237,-0.417228,-0.189942,-0.888757,-0.201582,-0.934219,0.294231,-0.885666,0.302149,0.352603,0.000697,0.009128,0.009005,0.000733,-0.014977,0.024548,-1.318042,-0.136705,-0.020563,0.323005,-0.473986,-0.694557,0.54122,0.879908,-0.35221,0.318816,-0.030228,0.628204,0.777373,0.027272,0.023513,0.020448,-1.108774,-1.941771,1.516388,0.314587,0.059285,0.034375,-0.018551,0.479444,0.693852,0.53731,-0.877572,0.378999,0.293643,0.000104,-0.612313,0.790614,0.006981,0.005509,0.014523,-0.026308,-0.046862,0.083375,0.223584,0.08239,0.033997,-0.064989,0.44329,0.265548,-0.856141,0.054741,0.945309,0.321548,0.894705,-0.189405,0.404509,0.00034,0.004526,0.004461,0.002692,-0.018634,0.028823,-1.085411
234,0.165363,-0.010529,0.320575,-0.420189,-0.19262,-0.886783,-0.20078,-0.933263,0.297792,-0.884445,0.303411,0.35458,0.015055,0.008093,0.007671,0.001726,-0.029721,0.054146,-1.271806,-0.135977,-0.019953,0.323691,-0.470677,-0.697332,0.540539,0.881528,-0.347507,0.3195,-0.034375,0.627751,0.777566,0.013409,0.013572,0.012003,-0.011225,0.067237,-0.121486,0.317286,0.059653,0.034687,-0.018202,0.477742,0.697323,0.534324,-0.878477,0.374858,0.296239,0.006278,-0.610918,0.791668,0.006708,0.006641,0.005842,-0.000746,-0.046836,0.069096,0.236973,0.082473,0.034168,-0.064823,0.445725,0.268577,-0.853929,0.053807,0.944166,0.325044,0.893551,-0.190828,0.406388,0.000314,0.004212,0.004139,0.001779,-0.016563,0.026206,-1.074798
235,0.165416,-0.010321,0.320893,-0.419259,-0.191657,-0.887432,-0.201468,-0.933456,0.296719,-0.88473,0.303424,0.353855,0.000451,0.005974,0.005856,0.000742,-0.015001,0.024596,-1.269124,-0.135292,-0.01999,0.324257,-0.460429,-0.704561,0.539991,0.886586,-0.33584,0.317978,-0.042115,0.626033,0.77857,0.015484,-0.005168,0.012422,0.016191,-0.064623,-0.026618,0.316495,0.059996,0.034675,-0.01792,0.467599,0.704844,0.533428,-0.883832,0.363351,0.294647,0.013859,-0.609237,0.792866,0.015683,-0.007282,0.010263,-0.019021,-0.086373,0.005664,0.237953,0.082505,0.034275,-0.064661,0.444948,0.267493,-0.854674,0.054521,0.944489,0.323986,0.893895,-0.190754,0.405664,0.000198,0.002688,0.002635,0.005583,-0.103695,0.169581,-1.075287
236,0.165487,-0.010252,0.320988,-0.42073,-0.192987,-0.886446,-0.201115,-0.932961,0.298508,-0.88411,0.304104,0.354819,0.00032,0.004254,0.004166,0.005867,-0.118521,0.194348,-1.257771,-0.134726,-0.020175,0.324542,-0.4608,-0.704602,0.53962,0.886346,-0.335557,0.318944,-0.043087,0.626138,0.778433,0.030218,-0.005218,0.010529,-0.031533,-0.023755,0.038141,0.317072,0.060273,0.034579,-0.01778,0.467929,0.704859,0.533118,-0.88364,0.362977,0.295682,0.014904,-0.609443,0.792689,0.015771,-0.008103,0.009417,-0.077091,-0.007685,0.022475,0.238116,0.082541,0.034312,-0.06461,0.446156,0.268983,-0.853575,0.05412,0.943909,0.325738,0.893316,-0.191525,0.406574,0.000141,0.001934,0.001894,0.006554,-0.119727,0.195754,-1.076104
237,0.165661,-0.010244,0.320992,-0.422293,-0.194383,-0.885397,-0.200673,-0.93246,0.300367,-0.883464,0.304754,0.355869,0.014291,-0.001821,-0.002072,0.000984,-0.014715,0.029553,-1.226896,-0.133493,-0.020632,0.325202,-0.461003,-0.706393,0.5371,0.886152,-0.335588,0.31945,-0.044844,0.624101,0.779968,0.031437,-0.014633,0.020432,-0.067979,-0.016397,0.01826,0.310104,0.06089,0.034344,-0.017464,0.468241,0.706581,0.53056,-0.883443,0.363048,0.296181,0.016657,-0.607404,0.794218,0.008397,-0.00789,0.010541,-0.076951,-0.007121,0.017993,0.236647,0.082623,0.03432,-0.064604,0.447454,0.270574,-0.852392,0.053611,0.943302,0.327574,0.892697,-0.192272,0.407579,-8.6e-05,-0.001124,-0.001104,0.000543,-0.001186,0.001471,-1.071368
238,0.165805,-0.010463,0.32096,-0.421721,-0.193741,-0.885811,-0.201305,-0.932526,0.299737,-0.883594,0.304959,0.355371,0.014163,-0.003643,-0.003862,0.005379,-0.103186,0.174737,-1.22943,-0.132471,-0.021154,0.326247,-0.457903,-0.709145,0.536124,0.887778,-0.334319,0.316252,-0.044466,0.621656,0.78194,0.032164,-0.0194,0.035047,-0.016008,-0.112652,-0.039266,0.300799,0.061414,0.03407,-0.016941,0.465255,0.709376,0.529455,-0.885028,0.361854,0.292893,0.016186,-0.604852,0.796172,0.016045,-0.009501,0.017709,-0.030813,-0.108066,-0.031779,0.222931,0.082695,0.034208,-0.064623,0.447055,0.269954,-0.852799,0.054218,0.943443,0.327069,0.892861,-0.192455,0.407135,-9.6e-05,-0.001286,-0.001262,0.000148,-8.1e-05,-6.5e-05,-1.074634
239,0.166031,-0.010593,0.320986,-0.421145,-0.193079,-0.88623,-0.201899,-0.932613,0.299069,-0.883734,0.305114,0.354889,0.014406,-0.000407,-0.000693,0.000984,-0.014715,0.029553,-1.229069,-0.131103,-0.021659,0.327628,-0.449146,-0.712229,0.539434,0.892644,-0.33338,0.303278,-0.035613,0.618627,0.784791,0.031597,-0.01423,0.040199,0.130349,-0.269106,-0.117657,0.324363,0.062086,0.03382,-0.016268,0.456755,0.71231,0.532905,-0.889561,0.360783,0.280205,0.00733,-0.602038,0.798433,0.015082,-0.001603,0.015918,0.28989,-0.421342,-0.023903,0.227339,0.082807,0.034135,-0.064618,0.446534,0.269143,-0.853327,0.054877,0.943655,0.326348,0.893081,-0.192553,0.406605,2e-06,5e-05,4.6e-05,0.000106,-5.1e-05,-5.4e-05,-1.07741
240,0.16615,-0.010648,0.321029,-0.421054,-0.192943,-0.886302,-0.202126,-0.93259,0.298984,-0.883725,0.305268,0.354779,0.0001,-0.011086,0.008243,-0.035623,0.013042,-0.018233,-1.22746,-0.13056,-0.021713,0.328365,-0.445751,-0.711704,0.542931,0.894531,-0.333131,0.297944,-0.030631,0.619365,0.784418,0.029677,0.001193,0.03624,0.101815,0.063828,-0.11408,0.338321,0.06237,0.033785,-0.015888,0.452902,0.712554,0.535859,-0.891556,0.36043,0.274254,0.002281,-0.60196,0.798522,0.014775,0.000987,0.018494,0.068287,0.105377,-0.105516,0.248567,0.082872,0.034112,-0.064598,0.446447,0.268969,-0.853428,0.055099,0.94368,0.326237,0.893111,-0.192671,0.406483,0.00721,-0.000118,-0.000268,0.001079,-0.014747,0.029518,-1.077084
241,0.166367,-0.01093,0.321179,-0.422795,-0.194457,-0.885142,-0.202309,-0.93181,0.301284,-0.88285,0.30669,0.35573,6.6e-05,-0.011603,0.007738,-0.035625,0.013011,-0.01825,-1.229083,-0.129994,-0.021642,0.329857,-0.440581,-0.709715,0.549713,0.897326,-0.332309,0.290361,-0.022857,0.622084,0.782529,0.014975,0.000411,0.037165,1.081337,1.956141,-1.503634,0.353468,0.062647,0.03383,-0.015146,0.449086,0.711336,0.540667,-0.893482,0.359781,0.268788,-0.003323,-0.603786,0.797139,0.000161,-0.000308,0.018991,-0.066023,-0.121446,0.218283,0.274204,0.082975,0.033977,-0.064525,0.447893,0.270684,-0.852128,0.055209,0.942878,0.32853,0.892381,-0.194191,0.407364,2.4e-05,-0.005899,0.00377,-0.035526,0.012816,-0.018021,-1.07839
242,0.166629,-0.01119,0.321363,-0.426385,-0.193811,-0.88356,-0.20249,-0.931542,0.301993,-0.881077,0.307913,0.359054,0.000207,-0.009704,0.009603,0.00522,0.146989,0.061718,-1.231063,-0.129724,-0.021715,0.331083,-0.439715,-0.709116,0.551177,0.897741,-0.330896,0.290691,-0.02321,0.62352,0.781375,0.015621,-0.00541,0.031287,-0.066863,-0.029003,0.03942,0.380473,0.062781,0.033803,-0.014531,0.446762,0.710042,0.544281,-0.894638,0.357965,0.267361,-0.004996,-0.606382,0.795156,-7.5e-05,0.001089,0.010694,-0.047368,0.08742,-0.167957,0.306209,0.083106,0.033838,-0.064435,0.451192,0.270793,-0.85035,0.05525,0.942548,0.329469,0.890714,-0.195636,0.410309,0.007335,-0.004696,0.0048,0.046372,0.206348,0.172299,-1.078063
243,0.166752,-0.011241,0.321468,-0.428257,-0.195517,-0.882278,-0.202128,-0.930858,0.304336,-0.88025,0.308905,0.360229,0.000187,0.002619,0.002568,0.00135,-0.012974,0.025806,-1.230258,-0.129685,-0.021651,0.331472,-0.439674,-0.709159,0.551155,0.897747,-0.330488,0.291139,-0.023773,0.623688,0.781224,-3.2e-05,0.001497,0.020699,-0.034454,-0.006899,0.005087,0.379347,0.062806,0.033833,-0.014332,0.446761,0.710081,0.544232,-0.894642,0.357584,0.267858,-0.004408,-0.606562,0.795023,-0.000704,0.005939,0.00586,0.00211,-0.013626,0.025871,0.316823,0.083173,0.033812,-0.064383,0.453117,0.272323,-0.848837,0.054951,0.941854,0.331498,0.889755,-0.196852,0.411805,0.00728,0.000854,0.00068,-0.006466,-0.028564,0.026858,-1.07986
244,0.166876,-0.01149,0.321708,-0.430213,-0.197271,-0.880934,-0.202261,-0.929965,0.306966,-0.879263,0.31048,0.361283,0.000117,-0.011004,0.008332,-0.035631,0.012936,-0.018292,-1.229248,-0.129705,-0.021366,0.33214,-0.435349,-0.714216,0.548049,0.899685,-0.325065,0.291261,-0.029336,0.620762,0.783363,-8.3e-05,0.001934,0.02107,-0.020941,-0.048207,0.00221,0.362571,0.062796,0.033972,-0.013994,0.442593,0.715344,0.540733,-0.896721,0.35232,0.267882,0.001117,-0.60345,0.797399,-0.000776,0.006617,0.0065,-0.037227,0.005663,-0.090868,0.309638,0.083235,0.03369,-0.064253,0.454595,0.274356,-0.84739,0.055108,0.940892,0.334192,0.888991,-0.19862,0.412606,5.2e-05,-0.005559,0.004109,-0.035576,0.012363,-0.018136,-1.083289
245,0.166879,-0.01184,0.321967,-0.432369,-0.195366,-0.880304,-0.203074,-0.930075,0.306093,-0.878016,0.311349,0.363561,0.0,0.0,0.0,0.000598,0.001962,0.001165,-1.227139,-0.129536,-0.020922,0.332563,-0.433599,-0.724884,0.535282,0.89981,-0.317563,0.299049,-0.046256,0.612223,0.789244,0.013372,0.01113,0.009061,-1.037992,-2.141302,1.513578,0.357694,0.062875,0.034194,-0.013776,0.440138,0.72473,0.530135,-0.897782,0.344461,0.27447,0.016306,-0.59675,0.80226,-0.000544,0.004618,0.004518,0.180218,-0.188041,-0.087386,0.300657,0.083237,0.033514,-0.064125,0.457052,0.272645,-0.846621,0.05593,0.941165,0.333286,0.887679,-0.19968,0.414913,4.7e-05,-0.005582,0.004089,-0.043268,0.001727,-0.02399,-1.086881
246,0.166829,-0.011999,0.322142,-0.434403,-0.193386,-0.879739,-0.203495,-0.930362,0.304938,-0.876911,0.311724,0.365898,3.1e-05,0.000432,0.000423,0.004208,0.013795,0.008179,-1.225801,-0.129663,-0.020415,0.332908,-0.435818,-0.735449,0.518815,0.897363,-0.311465,0.312511,-0.067706,0.602681,0.795019,-0.015808,0.009995,0.011552,-2.014741,-2.516912,0.238464,0.342548,0.062824,0.034436,-0.013615,0.447035,0.732443,0.513503,-0.893858,0.343769,0.287818,0.034284,-0.587664,0.808377,-0.007892,0.004834,0.00562,0.004433,0.01387,-0.010175,0.282205,0.083211,0.033438,-0.064041,0.459391,0.270848,-0.845931,0.056315,0.941577,0.332055,0.886446,-0.200182,0.4173,1.7e-05,0.000303,0.000297,-0.010572,-0.006727,-0.001992,-1.085575
247,0.166776,-0.012092,0.322225,-0.434316,-0.193291,-0.879803,-0.203824,-0.930289,0.304941,-0.876879,0.312001,0.365741,0.000111,-0.011065,0.008278,-0.03556,0.01314,-0.018172,-1.224833,-0.129875,-0.020289,0.333113,-0.437674,-0.736238,0.516127,0.896285,-0.312349,0.314713,-0.069952,0.601258,0.795901,-0.014006,-0.004242,0.016747,-0.038336,0.022019,-0.049434,0.338499,0.06271,0.034514,-0.013498,0.446081,0.736482,0.508532,-0.893999,0.339907,0.291939,0.042154,-0.584855,0.810041,-0.007002,-0.002198,0.008303,-0.034613,0.028381,-0.052948,0.276163,0.083185,0.033393,-0.063999,0.459154,0.270874,-0.846052,0.056733,0.941494,0.332219,0.886542,-0.200539,0.416923,-0.007219,0.000179,0.000329,-0.003966,0.009462,-0.032345,-1.085248
248,0.166723,-0.012338,0.3224,-0.433016,-0.195673,-0.879917,-0.199079,-0.931295,0.305007,-0.87861,0.307484,0.36541,0.000119,-0.010955,0.008388,-0.035633,0.012891,-0.01832,-1.222303,-0.129962,-0.020372,0.33343,-0.439289,-0.737058,0.513577,0.895272,-0.31267,0.317268,-0.072723,0.600084,0.796539,0.001192,-0.009101,0.010212,-0.03629,0.006808,-0.020194,0.332865,0.062666,0.03448,-0.013339,0.447764,0.737177,0.50604,-0.893025,0.340301,0.294448,0.044854,-0.58375,0.810692,0.000603,-0.004668,0.004995,-0.035798,0.007311,-0.019916,0.268325,0.083159,0.033268,-0.063912,0.457504,0.273112,-0.846226,0.051884,0.941843,0.332022,0.887692,-0.195807,0.416727,5e-06,9.8e-05,9.7e-05,-0.000146,-0.000231,-0.000396,-1.085412
249,0.166708,-0.012427,0.322587,-0.434985,-0.193627,-0.879399,-0.19945,-0.931634,0.303724,-0.877551,0.307747,0.367726,-0.014308,0.002187,0.002445,-0.000867,0.015101,-0.029325,-1.212077,-0.129756,-0.020676,0.334086,-0.435324,-0.741884,0.509993,0.897259,-0.311947,0.312328,-0.072083,0.594486,0.800783,0.016233,-0.011389,0.025223,0.154465,-0.179954,-0.317429,0.32415,0.06276,0.034314,-0.013037,0.444746,0.741146,0.502893,-0.894548,0.339647,0.290554,0.044537,-0.579086,0.814048,0.000877,-0.006462,0.012767,0.403819,-0.486643,-0.283905,0.254935,0.083156,0.033218,-0.063818,0.45975,0.271279,-0.845598,0.052313,0.942272,0.330736,0.886505,-0.196291,0.419018,0.000134,-0.004395,0.005255,-0.039516,0.006537,-0.021607,-1.085085
250,0.166669,-0.012469,0.322718,-0.436835,-0.191479,-0.878952,-0.199721,-0.932057,0.302247,-0.876568,0.30781,0.370011,0.000323,-0.008095,0.011189,-0.021765,0.041144,0.031811,-1.203845,-0.129532,-0.020771,0.334553,-0.434628,-0.745826,0.504811,0.897463,-0.312565,0.311122,-0.07372,0.589203,0.80453,0.015893,-0.008508,0.027994,0.276271,-0.393728,-0.21464,0.32143,0.062872,0.034263,-0.012808,0.444453,0.744576,0.498063,-0.894598,0.340118,0.289851,0.046416,-0.574391,0.817263,0.007937,-0.004274,0.013977,-0.063421,-0.028974,-0.005496,0.253629,0.083131,0.033199,-0.063757,0.462062,0.269425,-0.84493,0.052412,0.942773,0.329287,0.885297,-0.196436,0.421498,-0.007131,0.001464,0.001585,0.003238,0.053341,-0.004936,-1.083452
251,0.166556,-0.012626,0.32294,-0.435833,-0.194193,-0.878853,-0.194727,-0.932979,0.30266,-0.878189,0.303282,0.369906,7.2e-05,0.000996,0.000974,3e-06,1.1e-05,6e-06,-1.193079,-0.128828,-0.020996,0.335747,-0.429727,-0.753713,0.497236,0.899905,-0.312938,0.303603,-0.072695,0.578873,0.812087,0.031121,-0.012684,0.041091,0.055768,-0.20932,-0.054796,0.318536,0.063218,0.034153,-0.012221,0.43886,0.753789,0.489083,-0.897443,0.340634,0.28029,0.044681,-0.561933,0.825974,0.00765,-0.001956,0.016178,0.138474,-0.258071,-0.101527,0.245954,0.083075,0.033122,-0.063638,0.460443,0.272,-0.844989,0.047523,0.94298,0.329438,0.886415,-0.191844,0.421263,9e-05,-0.004981,0.004686,-0.03634,0.011512,-0.019186,-1.083452
252,0.16656,-0.01269,0.323063,-0.435793,-0.194128,-0.878888,-0.195059,-0.932891,0.302716,-0.878136,0.303593,0.369778,3.5e-05,0.000482,0.000472,0.0,0.0,0.0,-1.169058,-0.128243,-0.021143,0.337255,-0.424275,-0.765224,0.484163,0.902496,-0.314271,0.294393,-0.072596,0.562816,0.823305,0.014496,0.002794,0.038671,0.401658,-0.551787,-0.238786,0.326946,0.063524,0.034069,-0.011457,0.434783,0.764055,0.476636,-0.899384,0.341661,0.27272,0.045525,-0.547253,0.835727,1.8e-05,0.000574,0.019442,-0.02327,-0.074241,-0.046687,0.251833,0.083077,0.03309,-0.063576,0.460402,0.271943,-0.84503,0.047858,0.942933,0.329524,0.886419,-0.192155,0.421114,1.4e-05,0.00024,0.000234,0.000116,-7.3e-05,-6.4e-05,-1.081656
253,0.166571,-0.012778,0.323106,-0.437596,-0.195839,-0.877612,-0.194667,-0.93222,0.305029,-0.877324,0.30456,0.370908,-9.1e-05,-0.001266,-0.001238,0.0,0.0,0.0,-1.164578,-0.127828,-0.021158,0.338846,-0.420132,-0.772807,0.475656,0.904497,-0.314957,0.287438,-0.071805,0.551959,0.830691,0.015969,-0.008823,0.046324,0.007772,-0.143155,-0.052396,0.333282,0.063729,0.034077,-0.010654,0.429841,0.772956,0.466663,-0.901826,0.342291,0.263715,0.044106,-0.534205,0.844203,3.5e-05,0.000353,0.019151,0.005241,-0.11905,-0.030626,0.259181,0.083083,0.033048,-0.063552,0.461877,0.273858,-0.843605,0.047406,0.942155,0.331805,0.885675,-0.193245,0.422178,-6.5e-05,-0.000873,-0.000855,0.000309,-0.000748,0.00101,-1.081819
254,0.166602,-0.012885,0.32313,-0.43637,-0.198341,-0.87766,-0.189395,-0.933308,0.305023,-0.879088,0.299568,0.370798,-4.1e-05,-0.013154,0.006245,0.400143,-0.124074,-0.227499,-1.162428,-0.127582,-0.021179,0.339614,-0.417308,-0.77728,0.47083,0.905874,-0.315181,0.282818,-0.070917,0.545508,0.835018,0.014743,0.000268,0.036044,0.165259,-0.280942,-0.10929,0.334523,0.063847,0.034066,-0.010277,0.427688,0.77669,0.462422,-0.90287,0.342341,0.260052,0.043674,-0.528728,0.847666,0.008084,-0.005487,0.022108,0.290606,-0.4344,-0.209764,0.261304,0.083098,0.033,-0.063543,0.460754,0.275427,-0.843709,0.043721,0.94243,0.33153,0.88645,-0.189642,0.422187,0.007047,-0.000837,-0.001097,4.848331,-1.712399,-2.023245,-1.082146
255,0.166785,-0.012998,0.323159,-0.436206,-0.198105,-0.877795,-0.189745,-0.93329,0.304859,-0.879093,0.29978,0.370613,-5e-06,-7.1e-05,-6.9e-05,0.0,0.0,0.0,-1.138484,-0.127134,-0.02131,0.340902,-0.414679,-0.78178,0.465674,0.90706,-0.314917,0.27929,-0.071183,0.539189,0.83909,0.000893,-0.005808,0.032013,-0.032456,-0.053447,-0.013067,0.343851,0.064081,0.034007,-0.009614,0.424737,0.78181,0.456475,-0.904256,0.341973,0.255683,0.043793,-0.521369,0.852206,0.007634,-0.002279,0.015699,-0.076713,-0.017439,0.003287,0.266692,0.083189,0.032933,-0.063531,0.460198,0.275926,-0.843849,0.042389,0.942565,0.331321,0.886803,-0.188244,0.42207,0.007224,-0.000183,-0.000335,0.000882,-0.014682,0.029586,-1.081982
256,0.166981,-0.013063,0.323205,-0.436702,-0.202259,-0.8766,-0.18388,-0.933764,0.306993,-0.880092,0.2955,0.37168,0.000113,-0.01108,0.008274,-0.035638,0.012819,-0.018361,-1.12903,-0.126992,-0.021444,0.342052,-0.416067,-0.784743,0.459411,0.905946,-0.314772,0.283044,-0.076994,0.53495,0.841287,-0.000495,0.004675,0.023037,-0.149446,-0.201158,0.155112,0.343731,0.064153,0.033933,-0.009032,0.426463,0.78437,0.450436,-0.903123,0.341743,0.259959,0.04997,-0.517663,0.854123,-0.00026,0.002276,0.011458,-0.164769,-0.206314,0.167646,0.278123,0.083287,0.032906,-0.06351,0.460042,0.28008,-0.842565,0.036357,0.942206,0.333054,0.887152,-0.183852,0.423271,1e-06,1.2e-05,1e-05,-0.000189,-0.000265,0.000503,-1.082146
257,0.167025,-0.013122,0.323247,-0.437347,-0.202671,-0.876184,-0.178533,-0.935321,0.305404,-0.88087,0.290242,0.373971,0.000114,-0.011083,0.008272,0.075944,0.36845,0.189747,-1.128113,-0.127005,-0.021335,0.342518,-0.420029,-0.786794,0.452242,0.903468,-0.316127,0.289383,-0.084201,0.53112,0.843021,-0.000667,0.006063,0.024285,-1.333619,-2.026453,1.417598,0.333959,0.064147,0.033984,-0.008802,0.430318,0.785958,0.443954,-0.900898,0.34307,0.265868,0.056653,-0.514365,0.855697,-0.000359,0.003068,0.01217,-1.329277,-2.017677,1.41195,0.272734,0.083309,0.032872,-0.063486,0.459502,0.281522,-0.842378,0.030885,0.942798,0.33193,0.887638,-0.178539,0.424523,5.8e-05,-0.005536,0.004141,0.164359,0.51549,0.265055,-1.082309
258,0.167048,-0.013191,0.323308,-0.437405,-0.202713,-0.876145,-0.178716,-0.93524,0.305547,-0.880804,0.290476,0.373944,3e-06,4.9e-05,4.8e-05,2.3e-05,7.6e-05,4.5e-05,-1.124939,-0.126941,-0.020879,0.343135,-0.428173,-0.792756,0.433817,0.898097,-0.320424,0.301136,-0.099193,0.519542,0.848587,0.012718,0.014537,0.011695,0.103338,-0.155338,0.02037,0.327243,0.064173,0.034213,-0.008492,0.439492,0.791364,0.424956,-0.895318,0.347769,0.278319,0.072465,-0.50279,0.861365,-0.000733,0.005801,0.005362,0.14158,-0.164813,-0.051973,0.260324,0.083321,0.032838,-0.063455,0.460685,0.280595,-0.842042,0.031172,0.943011,0.331296,0.887015,-0.178871,0.425684,0.0,2.6e-05,2.6e-05,-0.002074,-0.003071,-0.001506,-1.082636
259,0.166971,-0.013227,0.323317,-0.439395,-0.204724,-0.87468,-0.178047,-0.934526,0.308112,-0.879947,0.291366,0.375268,-0.014553,-0.001081,-0.000749,-0.001747,0.029476,-0.054293,-1.103484,-0.126818,-0.020469,0.343547,-0.430554,-0.798385,0.420945,0.895248,-0.318948,0.311025,-0.113526,0.511764,0.851512,0.012932,0.012627,0.009889,-0.386572,-0.631881,0.468363,0.323622,0.064234,0.034417,-0.008286,0.441697,0.796615,0.412683,-0.893012,0.346178,0.287557,0.08621,-0.495544,0.864293,-0.000706,0.005545,0.005097,-1.298293,-2.018257,1.399944,0.25216,0.083288,0.032823,-0.063447,0.462245,0.282804,-0.840447,0.030473,0.942155,0.333788,0.886228,-0.179902,0.426889,-1.1e-05,-0.000138,-0.000134,-1.8e-05,-0.000274,0.000303,-1.082636
260,0.16684,-0.013357,0.32338,-0.437994,-0.207134,-0.874816,-0.172915,-0.93552,0.30802,-0.881668,0.286431,0.375028,-1.9e-05,-0.00026,-0.000255,0.0,0.0,0.0,-1.095302,-0.126738,-0.02007,0.34394,-0.431437,-0.800328,0.416327,0.89461,-0.320473,0.311293,-0.115181,0.507757,0.853686,0.014542,0.000212,0.016988,-0.028466,-0.026425,0.031825,0.305665,0.064273,0.034623,-0.008091,0.443016,0.798657,0.407286,-0.892142,0.347931,0.288141,0.088418,-0.491009,0.866655,-0.000548,0.004323,0.00396,-0.011748,-0.001705,0.027051,0.239749,0.083217,0.032755,-0.06342,0.460628,0.285157,-0.840539,0.025181,0.942407,0.333516,0.887235,-0.174793,0.426919,4.4e-05,-0.005708,0.003978,-0.035858,0.012873,-0.018325,-1.077247
261,0.166841,-0.01339,0.323405,-0.437859,-0.206979,-0.87492,-0.17309,-0.935533,0.307881,-0.881701,0.2865,0.374898,-0.0,-4e-06,-4e-06,0.0,0.0,0.0,-1.088114,-0.126597,-0.019983,0.344099,-0.429977,-0.801732,0.415135,0.8954,-0.320202,0.309296,-0.114513,0.505706,0.854992,0.01358,0.007226,0.004891,0.06611,-0.095127,0.015981,0.298727,0.064344,0.034667,-0.008004,0.441699,0.800002,0.406074,-0.892861,0.347708,0.286177,0.087747,-0.488973,0.867874,0.000418,-0.003079,0.006432,0.015509,0.026016,-0.241081,0.229789,0.083217,0.032738,-0.063408,0.460451,0.284879,-0.84073,0.025421,0.942484,0.333281,0.88732,-0.174832,0.426727,0.0,2.1e-05,2.3e-05,-0.000153,5.3e-05,8.7e-05,-1.073165
262,0.166864,-0.013405,0.323447,-0.437836,-0.206942,-0.874941,-0.173201,-0.935512,0.30788,-0.881691,0.286594,0.374851,0.000113,-0.01106,0.008297,-0.035638,0.012806,-0.01837,-1.070864,-0.126186,-0.020212,0.344413,-0.426548,-0.80461,0.413098,0.897137,-0.318793,0.305696,-0.113746,0.502008,0.85727,0.015788,-0.009667,0.007927,0.199356,-0.260021,-0.136876,0.236566,0.064554,0.034558,-0.007843,0.438837,0.802435,0.404375,-0.894315,0.346314,0.283312,0.087298,-0.485967,0.869605,0.00793,-0.005164,0.003656,0.285756,-0.332006,-0.157992,0.185047,0.083229,0.032735,-0.063388,0.460428,0.284826,-0.840761,0.025521,0.942487,0.333265,0.887329,-0.174901,0.426679,-0.0,-1e-06,-0.0,-0.000102,2.5e-05,8.8e-05,-1.060755
263,0.166864,-0.013567,0.323546,-0.43761,-0.206663,-0.875119,-0.173764,-0.935453,0.307743,-0.881692,0.286987,0.374546,-4e-06,-6.2e-05,-6.1e-05,0.0,0.0,0.0,-1.068089,-0.125976,-0.020236,0.344352,-0.425616,-0.807908,0.407587,0.897497,-0.319802,0.303576,-0.114387,0.496028,0.86066,0.012996,0.011294,-0.009903,-0.318181,-0.672308,0.425816,0.110541,0.064655,0.034534,-0.007877,0.437155,0.806128,0.398813,-0.895169,0.347101,0.279628,0.086987,-0.479245,0.873358,-0.00061,0.004512,-0.005133,-1.288152,-2.042398,1.338169,0.044454,0.083229,0.03265,-0.063336,0.460263,0.284534,-0.84095,0.026115,0.942499,0.333186,0.887398,-0.175315,0.426367,5.3e-05,-0.005567,0.004113,-0.035722,0.012827,-0.018338,-1.054386
264,0.166899,-0.013655,0.323632,-0.439512,-0.204542,-0.874664,-0.174047,-0.935888,0.306256,-0.880688,0.287085,0.376826,0.0001,0.001407,0.001377,0.03013,0.082627,0.081729,-1.067198,-0.12588,-0.020139,0.344247,-0.424538,-0.811161,0.402214,0.897968,-0.3208,0.301123,-0.114704,0.49003,0.864047,0.000182,-0.00142,-0.001301,0.082796,-0.08878,-0.051512,0.074074,0.064708,0.034586,-0.007933,0.436649,0.809454,0.392582,-0.895311,0.348275,0.277709,0.088066,-0.472745,0.876787,0.000104,-0.000796,-0.000732,0.044728,-0.049862,-0.046545,-0.021189,0.083246,0.032603,-0.063296,0.462428,0.282713,-0.840376,0.026276,0.943018,0.331702,0.886267,-0.17547,0.428649,6e-06,0.000101,9.8e-05,0.034209,0.116808,0.068598,-1.053243
265,0.166988,-0.013771,0.323746,-0.439628,-0.20462,-0.874588,-0.17437,-0.935743,0.306517,-0.880567,0.287504,0.376791,9e-06,0.000121,0.000119,6e-06,2.1e-05,1.2e-05,-1.063793,-0.12535,-0.020033,0.344181,-0.414843,-0.827418,0.378518,0.900583,-0.314393,0.300069,-0.128766,0.466407,0.87507,0.014265,0.001824,-7.1e-05,0.409129,-0.460506,-0.226464,-0.01828,0.064968,0.034635,-0.007969,0.428688,0.824513,0.369329,-0.897553,0.342041,0.278217,0.103068,-0.450761,0.886673,0.00713,0.000931,-2.4e-05,0.646157,-0.762099,-0.135941,-0.139901,0.083291,0.032549,-0.063236,0.462522,0.282743,-0.840314,0.026772,0.9429,0.331996,0.886203,-0.176053,0.428542,1e-06,5.4e-05,5.3e-05,-0.000958,-0.001763,-0.000928,-1.050141
266,0.166965,-0.013918,0.323803,-0.439188,-0.207824,-0.874053,-0.163545,-0.938132,0.305176,-0.882859,0.27723,0.379119,8.8e-05,-0.011436,0.007934,1.414642,-0.489427,-0.644751,-1.064921,-0.124638,-0.019987,0.344038,-0.394922,-0.839338,0.373549,0.91176,-0.308529,0.270992,-0.111715,0.448662,0.886614,0.01401,0.003527,-0.017047,0.779245,-0.553825,-0.280801,-0.327857,0.065322,0.034674,-0.008019,0.409225,0.836679,0.364006,-0.908354,0.335895,0.24913,0.086174,-0.432597,0.897459,0.000638,-0.004829,-0.004445,1.123641,-0.022217,-0.87973,-0.319521,0.08328,0.032479,-0.063211,0.462207,0.285026,-0.839717,0.017448,0.94383,0.329969,0.8866,-0.167165,0.431272,-0.000145,-0.000254,-0.000378,4.817605,-1.711004,-2.104717,-1.049324
267,0.167076,-0.014032,0.323904,-0.443022,-0.207687,-0.872148,-0.16321,-0.937863,0.30618,-0.880999,0.278241,0.382687,7e-05,0.000999,0.000977,0.000334,0.001308,0.000557,-1.063653,-0.124528,-0.020405,0.343145,-0.383774,-0.843467,0.37586,0.918998,-0.309503,0.244099,-0.089088,0.440154,0.893415,0.001531,-0.011859,-0.029558,0.363893,-0.07292,-0.101639,-0.779921,0.065381,0.034471,-0.008468,0.396863,0.842285,0.364765,-0.915723,0.336111,0.220181,0.062854,-0.421406,0.90469,0.000852,-0.006509,-0.015315,0.307378,-0.016081,-0.09114,-0.618996,0.083335,0.032415,-0.063159,0.465415,0.286164,-0.837554,0.015438,0.943522,0.330948,0.884957,-0.166959,0.434711,3.9e-05,0.000569,0.000555,-0.005131,-0.012783,0.000171,-1.048508
268,0.167208,-0.014052,0.323953,-0.446603,-0.207278,-0.870418,-0.162793,-0.937741,0.306777,-0.879264,0.278957,0.386142,8.6e-05,0.001228,0.001202,0.077777,0.258673,0.150213,-1.06394,-0.124598,-0.020703,0.342519,-0.381846,-0.845563,0.373105,0.920508,-0.312254,0.234725,-0.081502,0.434138,0.897075,0.001938,-0.014997,-0.03257,0.223971,-0.244024,0.010522,-0.959312,0.065346,0.034324,-0.008772,0.395048,0.844233,0.362224,-0.91698,0.338546,0.211028,0.055527,-0.415518,0.907887,0.001046,-0.007988,-0.016732,0.237507,-0.356355,0.177956,-0.761875,0.083401,0.032406,-0.063134,0.46822,0.286792,-0.835774,0.014899,0.943165,0.331989,0.883485,-0.167896,0.437335,4.4e-05,0.000668,0.000652,0.128345,0.336052,0.197385,-1.047855
269,0.167433,-0.013992,0.324079,-0.452131,-0.208877,-0.867175,-0.161652,-0.936913,0.309896,-0.87664,0.280548,0.390925,0.000301,0.00434,0.00424,0.002016,-0.009871,0.026906,-1.073885,-0.124641,-0.020887,0.340336,-0.400441,-0.829373,0.389588,0.915066,-0.340505,0.215971,-0.045972,0.444025,0.894758,-0.000637,0.003724,-0.07153,2.113862,2.52943,0.55358,-1.364954,0.065325,0.034226,-0.009813,0.408585,0.831203,0.377039,-0.912377,0.360643,0.193657,0.024992,-0.423127,0.905725,-0.000312,0.002001,-0.035608,0.055517,0.266233,0.368477,-0.959293,0.083513,0.032431,-0.063076,0.474058,0.288388,-0.831925,0.013777,0.942295,0.334499,0.880385,-0.170033,0.442729,0.000196,-0.003566,0.006067,-0.046126,-0.006273,-0.021144,-1.050467
270,0.167697,-0.013668,0.324461,-0.46437,-0.209347,-0.860569,-0.154105,-0.937746,0.311216,-0.871575,0.277392,0.404274,0.000936,0.013676,0.013312,0.089396,0.262065,0.218781,-1.092386,-0.125455,-0.020557,0.337046,-0.40957,-0.810624,0.418489,0.912076,-0.356393,0.202571,-0.01456,0.465679,0.884757,-0.029896,0.002966,-0.088023,-0.215559,0.305805,0.485188,-1.405958,0.064917,0.034393,-0.01152,0.420613,0.810019,0.408598,-0.907161,0.381448,0.177639,-0.011968,-0.445381,0.89526,-0.014841,0.000985,-0.044461,-0.346964,0.38966,0.537623,-0.909163,0.083645,0.032585,-0.062892,0.485249,0.290743,-0.824621,0.005915,0.941984,0.335604,0.874355,-0.167729,0.455377,0.000492,0.007237,0.007042,0.115625,0.297622,0.248577,-1.061081
441,0.213051,0.008339,0.290201,-0.068548,-0.72086,-0.689716,-0.221394,-0.663126,0.714996,-0.972701,0.202604,-0.113275,-0.030667,0.028222,-0.087606,-0.138734,-0.822589,-0.186608,0.056137,-0.198404,-0.013386,0.326359,-0.306915,0.808733,0.501742,-0.371353,-0.587049,0.719308,0.876643,0.033428,0.479837,0.050299,-0.019141,0.092424,-0.276558,0.10581,-0.021882,0.510505,0.028428,0.037955,-0.016927,0.276932,-0.805058,0.524585,0.37311,0.593193,0.713379,-0.885492,-0.00183,0.464649,0.032039,-0.004019,0.041657,-0.210932,0.093632,-0.051759,0.500688,0.106333,0.043582,-0.079987,0.01395,0.740264,-0.672171,0.08443,0.668964,0.738483,0.99633,-0.067053,-0.053169,-0.015275,0.014285,-0.043585,-0.247812,-0.848171,-0.460989,-0.178496
442,0.211784,0.009422,0.28699,-0.058112,-0.728979,-0.682098,-0.256145,-0.649507,0.715892,-0.964832,0.217221,-0.148127,-0.044579,0.020555,-0.075322,-4.177971,2.85277,-1.236558,0.021339,-0.19606,-0.013836,0.329947,-0.252271,0.824113,0.507139,-0.400554,-0.565905,0.720585,0.881133,-0.022387,0.472193,0.064805,-0.012782,0.096664,2.669082,4.117617,2.672096,0.516398,0.029595,0.03773,-0.015132,0.227283,-0.817423,0.529303,0.398635,0.573998,0.715273,-0.8885,0.048429,0.456313,0.032388,-0.005892,0.048819,0.051801,0.371312,0.254972,0.508852,0.105705,0.044128,-0.081597,-0.000394,0.745374,-0.666645,0.115491,0.662218,0.740357,0.993307,-0.0767,-0.086345,-0.015109,0.011325,-0.037003,-0.389276,-0.776328,0.016063,-0.170494
443,0.210179,0.009867,0.284476,-0.089349,-0.726007,-0.681891,-0.318885,-0.627756,0.710075,-0.943476,0.28179,-0.17457,-0.058543,0.012591,-0.063307,-0.734584,-0.242162,0.612294,0.015887,-0.193107,-0.014426,0.333677,-0.147486,0.849093,0.507229,-0.460358,-0.51272,0.724653,0.875531,-0.127693,0.465836,0.092659,-0.015477,0.091289,0.045056,0.369479,0.255809,0.527752,0.031063,0.03745,-0.013252,0.117361,-0.841105,0.527986,0.460146,0.517201,0.721643,-0.880052,0.158258,0.44773,0.039471,-0.012537,0.050979,0.605841,1.23465,0.784092,0.518813,0.104907,0.044354,-0.082858,0.03271,0.748877,-0.6619,0.185672,0.646173,0.740259,0.982066,-0.14711,-0.11791,-0.021687,0.001043,-0.027864,-2.549705,0.072873,1.995117,-0.203479
444,0.209089,0.009996,0.283319,-0.116961,-0.717762,-0.686428,-0.354395,-0.61552,0.703926,-0.927622,0.326489,-0.181521,-0.057946,0.002441,-0.054588,-3.718193,3.760564,-0.859682,0.022328,-0.191451,-0.014714,0.335514,-0.122005,0.8533,0.506938,-0.471761,-0.499114,0.726816,0.873347,-0.151545,0.462778,0.077551,-0.004685,0.083196,0.667179,1.199303,0.802266,0.526613,0.031867,0.037308,-0.012363,0.096523,-0.844102,0.527422,0.468617,0.506031,0.724106,-0.878111,0.177266,0.444405,0.045808,-0.002882,0.040621,-0.176012,-0.013824,0.033724,0.520936,0.104384,0.044418,-0.083415,0.057463,0.744045,-0.665653,0.219458,0.641032,0.735469,0.973927,-0.188345,-0.126451,-0.028942,0.001632,-0.026758,-0.190792,0.119803,0.279431,-0.208704
445,0.206985,0.009987,0.281176,-0.132616,-0.702185,-0.699568,-0.391424,-0.611347,0.687761,-0.910455,0.365906,-0.192903,-0.058035,0.000295,-0.057613,-0.008715,-0.34758,0.515301,0.011625,-0.188756,-0.014668,0.338194,-0.121425,0.851859,0.509494,-0.466776,-0.501888,0.728123,0.876101,-0.150472,0.457896,0.061103,0.00848,0.058615,-0.106151,0.01343,-0.009587,0.525462,0.03325,0.03733,-0.01097,0.091109,-0.84319,0.529839,0.466262,0.506249,0.725473,-0.879942,0.180946,0.439271,0.030516,0.004379,0.029401,-0.119954,0.090511,-0.159551,0.522079,0.10331,0.044429,-0.084499,0.080912,0.730536,-0.678063,0.261142,0.640992,0.721757,0.961902,-0.23547,-0.13891,-0.028576,-0.00605,-0.02553,-0.386361,-0.661643,1.183773,-0.204949
446,0.205159,0.009918,0.278999,-0.126494,-0.694758,-0.708064,-0.400254,-0.61738,0.677208,-0.90749,0.36993,-0.1991,-0.043815,0.000617,-0.058861,-3.789817,3.456457,-0.753248,0.021831,-0.186431,-0.014075,0.339783,-0.090715,0.853373,0.513339,-0.48184,-0.488611,0.72734,0.871611,-0.182433,0.454836,0.058702,0.017048,0.029284,-0.040399,0.110492,-0.166715,0.52903,0.034413,0.037633,-0.010157,0.060409,-0.843936,0.533031,0.480903,0.492551,0.725344,-0.874689,0.212519,0.435606,0.022216,0.007891,0.014567,-0.015153,0.048156,-0.011034,0.522242,0.102392,0.044394,-0.085587,0.072255,0.722654,-0.687422,0.265938,0.650312,0.711596,0.961277,-0.234228,-0.145193,-0.021848,5.8e-05,-0.029673,0.129577,-0.38797,0.482119,-0.211154
