frame,MLTx,MLTy,MLTz,MLTR1,MLTR2,MLTR3,MLTR4,MLTR5,MLTR6,MLTR7,MLTR8,MLTR9,MLTTVx,MLTTVy,MLTTVz,MLTRVx,MLTRVy,MLTRVz,MLGA,MRTx,MRTy,MRTz,MRTR1,MRTR2,MRTR3,MRTR4,MRTR5,MRTR6,MRTR7,MRTR8,MRTR9,MRTTVx,MRTTVy,MRTTVz,MRTRVx,MRTRVy,MRTRVz,MRGA,SLTx,SLTy,SLTz,SLTR1,SLTR2,SLTR3,SLTR4,SLTR5,SLTR6,SLTR7,SLTR8,SLTR9,SLTTVx,SLTTVy,SLTTVz,SLTRVx,SLTRVy,SLTRVz,SLGA,SRTx,SRTy,SRTz,SRTR1,SRTR2,SRTR3,SRTR4,SRTR5,SRTR6,SRTR7,SRTR8,SRTR9,SRTTVx,SRTTVy,SRTTVz,SRTRVx,SRTRVy,SRTRVz,SRGA
315,0.032349,0.050913,0.374057,-0.709762,0.466235,-0.528117,-0.630036,-0.755472,0.179686,-0.314324,0.459684,0.830613,-0.058442,-0.016865,0.081306,1.293127,-1.706009,1.230013,-0.0302,-0.145154,0.074311,0.321551,0.983876,0.142632,0.107863,-0.175568,0.883471,0.434268,-0.034595,-0.446386,0.894095,0.011843,0.001341,-0.000132,0.101751,-0.083385,-0.036502,-1.404118,0.01714,0.053208,-0.022785,-0.968228,-0.135429,0.210219,0.203633,-0.914933,0.348467,0.145144,0.380204,0.913442,0.005922,0.000679,-6.7e-05,0.106187,-0.095486,-0.058527,-0.802208,0.054005,0.046685,-0.054885,-0.627939,0.573189,-0.526445,-0.738982,-0.651319,0.172301,-0.244123,0.497228,0.832566,-0.029532,-0.008949,0.040348,-0.051616,0.359464,-0.081173,-0.223237
316,0.030258,0.050203,0.377096,-0.711887,0.474031,-0.518225,-0.6306,-0.75624,0.174405,-0.308349,0.450356,0.837931,-0.058671,-0.017185,0.081124,0.01722,0.411748,-0.015587,-0.029296,-0.144594,0.074298,0.321603,0.985209,0.135787,0.104483,-0.167683,0.887888,0.428336,-0.03585,-0.439694,0.897356,0.01173,0.002404,0.000606,0.743921,2.239922,4.88036,-1.40415,0.017425,0.053195,-0.022757,-0.969095,-0.133839,0.207219,0.200137,-0.917664,0.343273,0.144215,0.374136,0.916091,0.011768,0.002064,0.000358,0.23722,-0.179519,-0.072879,-0.805963,0.052936,0.046321,-0.053337,-0.627501,0.58092,-0.518433,-0.740069,-0.651902,0.165287,-0.241949,0.487394,0.838991,-0.023707,-0.011238,0.039017,0.07175,0.4609,0.045132,-0.223074
317,0.02823,0.049309,0.38023,-0.71426,0.483277,-0.506282,-0.631186,-0.757319,0.167463,-0.301604,0.438565,0.846595,-0.049613,-0.033294,0.086595,0.031401,0.482316,-0.0013,-0.049572,-0.143813,0.074319,0.321659,0.987043,0.119815,0.106682,-0.154121,0.891634,0.425641,-0.045369,-0.436722,0.898376,0.02503,-0.008091,0.007193,-0.040477,0.121927,-0.075219,-1.404201,0.01782,0.053207,-0.022729,-0.970946,-0.112651,0.211121,0.181351,-0.922012,0.342059,0.156123,0.370408,0.915654,0.012514,-0.003984,0.003627,-0.0602,0.125165,-0.067934,-0.814618,0.051901,0.045869,-0.051739,-0.628591,0.590455,-0.506197,-0.740756,-0.652842,0.158355,-0.236965,0.474509,0.847754,-0.024877,-0.0167,0.043301,0.03124,0.489205,-0.001276,-0.229769
318,0.027277,0.048726,0.381882,-0.713741,0.488116,-0.502356,-0.632264,-0.757588,0.162095,-0.300576,0.432704,0.84997,-0.04945,-0.032895,0.086936,0.423644,-0.165392,0.341714,-0.059125,-0.143438,0.074357,0.32173,0.987083,0.119562,0.106594,-0.153864,0.891585,0.425837,-0.045369,-0.436891,0.898293,0.023369,0.005557,0.001721,0.004138,-0.030444,0.058459,-1.404149,0.017998,0.053223,-0.022695,-0.970989,-0.112331,0.211093,0.1811,-0.921923,0.342431,0.156146,0.370726,0.915521,0.005722,0.002482,0.001178,-0.000636,-0.013924,0.032277,-0.815598,0.051442,0.045588,-0.050946,-0.627681,0.595223,-0.50172,-0.741731,-0.652934,0.153332,-0.236324,0.468385,0.851331,-0.024616,-0.016164,0.043691,1.470541,-1.538799,1.253235,-0.236627
319,0.025483,0.047566,0.385219,-0.716469,0.498525,-0.488048,-0.632811,-0.758878,0.153708,-0.292856,0.418344,0.859797,-0.048052,-0.030148,0.088876,0.097761,0.534518,0.052715,-0.061898,-0.142578,0.074546,0.321827,0.987917,0.114434,0.104482,-0.14821,0.893448,0.423933,-0.046084,-0.434443,0.899444,0.023409,0.005059,0.001366,0.041728,-0.055942,0.033814,-1.404042,0.018428,0.053322,-0.022644,-0.971972,-0.106942,0.209361,0.175046,-0.923679,0.340846,0.156931,0.367941,0.91651,0.017598,0.003468,0.000781,0.025984,-0.065356,0.061279,-0.818373,0.050542,0.045003,-0.049281,-0.628497,0.605377,-0.488373,-0.7425,-0.653994,0.14486,-0.231699,0.453661,0.860526,-0.018353,-0.017661,0.042941,0.215493,0.650251,0.139538,-0.244138
320,0.023945,0.046465,0.388429,-0.715671,0.505878,-0.48161,-0.634271,-0.759426,0.144721,-0.291651,0.40841,0.864967,-0.034783,-0.025223,0.076811,1.472391,-1.665032,1.146014,-0.060096,-0.141628,0.074448,0.321942,0.989519,0.100461,0.103686,-0.135023,0.897201,0.420396,-0.052043,-0.43012,0.901194,0.025218,-0.009377,0.006279,0.386396,-0.190862,-0.398624,-1.404104,0.018902,0.05328,-0.022587,-0.97335,-0.091031,0.210478,0.160353,-0.926315,0.340917,0.163936,0.365583,0.916227,0.005943,0.000526,-0.00019,-0.012798,-0.009741,0.029806,-0.81968,0.04977,0.044454,-0.047669,-0.627964,0.613062,-0.47939,-0.743639,-0.654323,0.137336,-0.229481,0.442735,0.866788,-0.017246,-0.012257,0.038661,-0.007312,0.450867,-0.160273,-0.245282
321,0.023358,0.045962,0.389887,-0.71564,0.50925,-0.478089,-0.635265,-0.759059,0.14227,-0.289562,0.40489,0.867321,-0.021148,-0.01973,0.065009,-0.021423,0.159343,0.201439,-0.059193,-0.14119,0.074335,0.322038,0.989306,0.104024,0.102195,-0.137412,0.89856,0.416702,-0.04973,-0.426423,0.90308,0.023524,0.004136,0.000709,0.170675,-0.143572,-0.050752,-1.404378,0.019113,0.053217,-0.022542,-0.9734,-0.095933,0.208057,0.163007,-0.928125,0.33468,0.160997,0.359693,0.919075,0.006589,-0.004481,0.003811,0.206691,-0.185236,-0.12239,-0.82066,0.049471,0.044201,-0.046935,-0.62615,0.616181,-0.477762,-0.744874,-0.653818,0.132981,-0.230429,0.439139,0.868365,-0.017738,-0.013152,0.038106,-0.052224,0.321751,-0.037872,-0.244955
322,0.022442,0.04515,0.392396,-0.714638,0.51315,-0.47541,-0.63735,-0.757715,0.14009,-0.287455,0.402473,0.869144,-0.022208,-0.021666,0.063813,-0.154663,0.114354,-0.04477,-0.051392,-0.140401,0.074304,0.322191,0.989085,0.111784,0.09595,-0.141345,0.902467,0.406827,-0.042364,-0.416093,0.908259,0.011544,0.003859,0.001597,0.231971,-0.170417,-0.120685,-1.404345,0.019525,0.053199,-0.022463,-0.974081,-0.103363,0.201198,0.165773,-0.931391,0.32408,0.153896,0.349034,0.924386,0.005761,0.002016,0.000843,0.225975,-0.169251,-0.123078,-0.815598,0.049015,0.043797,-0.045679,-0.624425,0.619974,-0.475105,-0.746837,-0.652034,0.130707,-0.22875,0.436443,0.870166,-0.01061,-0.00653,0.026848,-0.150593,-0.01128,0.104313,-0.242505
323,0.022043,0.044532,0.39422,-0.714157,0.516433,-0.472569,-0.639811,-0.755424,0.141242,-0.283165,0.402577,0.870504,0.002805,-0.014871,0.037408,-0.094363,0.045416,0.012177,-0.040298,-0.139899,0.074541,0.322318,0.990533,0.104695,0.088736,-0.131948,0.903015,0.408763,-0.038585,-0.416738,0.908132,0.011255,0.006112,0.003158,0.002201,-0.014744,0.030311,-1.40432,0.019772,0.053315,-0.022401,-0.976116,-0.096193,0.19479,0.157128,-0.931784,0.327243,0.150024,0.350034,0.924644,0.00557,0.003537,0.001902,0.002758,-0.028012,0.057544,-0.819353,0.048807,0.043488,-0.044756,-0.623563,0.622992,-0.47228,-0.748884,-0.649391,0.132147,-0.224368,0.436085,0.871486,-0.004726,-0.005517,0.019805,-0.102435,-0.043039,0.153868,-0.236464
324,0.022176,0.044082,0.395247,-0.712479,0.518438,-0.472907,-0.642431,-0.753002,0.142272,-0.28146,0.404527,0.870152,0.00256,-0.002001,0.014323,-0.031662,0.010276,0.012368,-0.034064,-0.139639,0.074702,0.322551,0.990552,0.104547,0.088705,-0.131813,0.902885,0.409093,-0.038572,-0.417056,0.907987,0.010928,0.008651,0.004911,0.004424,-0.033234,0.051599,-1.404403,0.019903,0.053394,-0.022287,-0.976135,-0.095956,0.194812,0.15697,-0.931681,0.327614,0.150066,0.350375,0.924509,0.000359,-0.002618,0.005652,-0.050398,0.117228,-0.14804,-0.823109,0.048877,0.043263,-0.044225,-0.621618,0.624648,-0.472657,-0.751113,-0.646563,0.133357,-0.222301,0.437916,0.871097,0.001067,-0.001346,0.006944,-0.031604,0.009972,0.011794,-0.230585
325,0.022287,0.043949,0.395445,-0.711528,0.519277,-0.473419,-0.64352,-0.752101,0.142118,-0.281381,0.405125,0.8699,-0.000188,-0.007,0.011187,-0.032362,0.023423,-0.013269,-0.034691,-0.139549,0.074846,0.32264,0.990547,0.104523,0.088789,-0.131827,0.902879,0.409102,-0.038656,-0.417074,0.907974,0.011045,0.00765,0.004211,0.002045,-0.015205,0.029245,-1.404088,0.019947,0.053469,-0.022239,-0.976128,-0.095894,0.194878,0.156936,-0.931683,0.327623,0.150148,0.350386,0.924491,-0.000458,0.003664,0.002532,0.002681,-0.017485,0.023836,-0.823925,0.048934,0.043202,-0.044127,-0.620541,0.625326,-0.473175,-0.752045,-0.645515,0.133179,-0.222161,0.438492,0.870843,0.005689,-0.005946,0.004165,-0.026352,-0.082158,0.192793,-0.229442
326,0.022636,0.043735,0.395434,-0.709237,0.520935,-0.475032,-0.64566,-0.750504,0.140852,-0.282261,0.405954,0.869228,0.011178,-0.005662,-0.003334,0.000984,-0.014715,0.029553,-0.03651,-0.139486,0.075064,0.322839,0.990713,0.104753,0.086634,-0.131176,0.902492,0.410163,-0.036472,-0.417854,0.907706,0.000772,-0.00563,0.011027,-0.034328,-0.007902,0.004435,-1.404242,0.019983,0.053583,-0.022143,-0.97656,-0.095897,0.1927,0.156335,-0.93138,0.32877,0.147949,0.351189,0.924541,-0.006274,0.002218,0.002071,-0.000494,0.019205,-0.029827,-0.825068,0.049101,0.04309,-0.044131,-0.618053,0.626607,-0.474735,-0.753883,-0.643622,0.131951,-0.222869,0.439447,0.870181,0.011224,-0.005566,-0.003279,0.006997,-0.120182,0.235784,-0.229442
327,0.023101,0.043712,0.395135,-0.707967,0.523167,-0.474473,-0.646655,-0.750268,0.137504,-0.283169,0.403513,0.870069,-0.000126,-0.00023,-0.000144,0.000296,0.000322,0.000157,-0.038135,-0.139484,0.07512,0.323111,0.991159,0.104829,0.081271,-0.129079,0.901721,0.412518,-0.031292,-0.419497,0.907141,-0.000766,0.006128,0.004224,-0.00448,-0.037169,0.031699,-1.404493,0.019984,0.053607,-0.022003,-0.977624,-0.095554,0.187405,0.154507,-0.93074,0.331436,0.142756,0.352975,0.924678,0.000439,-0.003258,0.005204,-0.058565,-0.051321,0.012907,-0.825068,0.049333,0.043068,-0.044286,-0.61644,0.628657,-0.474121,-0.754819,-0.643215,0.128531,-0.22416,0.437108,0.871026,-8.2e-05,-0.000156,-0.000105,-0.005177,-0.005413,-0.002304,-0.230259
328,0.023224,0.043777,0.395002,-0.707601,0.523309,-0.474862,-0.64683,-0.750211,0.136991,-0.283683,0.403435,0.869938,0.011682,-0.004734,-0.002754,0.000989,-0.01471,0.029556,-0.037481,-0.139478,0.075149,0.32322,0.991272,0.10658,0.077531,-0.129073,0.902162,0.411556,-0.027334,-0.418109,0.90791,-0.000659,0.005273,0.003632,0.140365,-0.113147,-0.066914,-1.404294,0.019987,0.053623,-0.021948,-0.978229,-0.096575,0.183683,0.154017,-0.931082,0.330701,0.139087,0.351792,0.925687,-0.000281,0.002216,0.001524,0.206302,-0.127582,-0.112583,-0.824089,0.04939,0.043101,-0.044352,-0.61608,0.6287,-0.474533,-0.754963,-0.643138,0.128077,-0.224668,0.43716,0.87087,0.000927,0.005024,-0.004641,0.031685,-0.024244,0.012767,-0.230749
329,0.023311,0.043815,0.394806,-0.706606,0.52385,-0.475746,-0.647518,-0.749797,0.13601,-0.28459,0.403503,0.86961,0.000147,0.006931,-0.011226,0.03171,-0.010183,-0.012323,-0.03029,-0.139398,0.075297,0.323369,0.991325,0.106354,0.077165,-0.128717,0.902158,0.411675,-0.027084,-0.418174,0.907888,0.011197,0.006211,0.003193,-0.014363,0.109035,-0.125173,-1.404221,0.020023,0.053696,-0.021874,-0.978307,-0.09673,0.183189,0.153966,-0.931137,0.330571,0.138598,0.351605,0.925831,-0.000347,0.002747,0.001888,0.000254,-0.016632,0.02318,-0.821966,0.04944,0.04312,-0.044445,-0.614989,0.629097,-0.47542,-0.755592,-0.64259,0.127108,-0.225538,0.437394,0.870527,0.005212,-0.003527,-0.002108,0.00579,-0.105703,0.206232,-0.228626
330,0.023215,0.043623,0.394674,-0.705228,0.524782,-0.476764,-0.648718,-0.748918,0.135125,-0.285274,0.403922,0.869191,-0.003264,-0.005981,-0.003763,-0.000683,0.013183,-0.025619,-0.024136,-0.139429,0.075546,0.323517,0.991395,0.108187,0.073635,-0.128878,0.90268,0.41048,-0.023312,-0.416578,0.908726,-0.000754,0.006014,0.004126,0.165509,-0.127853,-0.08361,-1.404245,0.020012,0.053821,-0.0218,-0.978827,-0.097881,0.179767,0.153684,-0.931529,0.329597,0.135197,0.350246,0.926849,-0.000377,0.002992,0.002052,0.208412,-0.14532,-0.090446,-0.819843,0.049392,0.043027,-0.044515,-0.613486,0.629799,-0.47643,-0.756624,-0.641553,0.126206,-0.226171,0.437904,0.870106,-0.001689,-0.0031,-0.001949,-0.000602,0.013168,-0.025701,-0.22389
331,0.02318,0.043357,0.394473,-0.703982,0.525607,-0.477696,-0.649779,-0.74815,0.134284,-0.285937,0.404272,0.868811,0.0081,-0.011335,-0.00692,0.005007,-0.092524,0.180731,-0.016171,-0.139396,0.075924,0.32368,0.991663,0.107874,0.070429,-0.127272,0.902577,0.411208,-0.020462,-0.416883,0.908655,-0.001124,0.008946,0.00612,0.002413,-0.018031,0.022348,-1.404323,0.020029,0.054,-0.021725,-0.97941,-0.097836,0.176589,0.152591,-0.931483,0.330234,0.132181,0.35038,0.927233,-0.000562,0.004455,0.003048,0.000115,-0.016448,0.023071,-0.81968,0.049371,0.042898,-0.044613,-0.612227,0.63038,-0.477282,-0.757476,-0.6407,0.125424,-0.226731,0.438318,0.869752,-0.001614,-0.002959,-0.001865,7.3e-05,-1e-05,-5.3e-05,-0.219155
332,0.023135,0.043251,0.394372,-0.70387,0.52566,-0.477801,-0.649846,-0.748114,0.134158,-0.286057,0.404269,0.868773,-0.001701,0.003551,-0.013373,0.031715,-0.010172,-0.012318,-0.013479,-0.139396,0.076062,0.323828,0.991853,0.107872,0.067695,-0.126148,0.90226,0.412247,-0.017862,-0.417567,0.908395,-0.001199,0.009543,0.006518,-0.074625,-0.231138,0.124908,-1.404404,0.02003,0.05407,-0.021651,-0.979756,-0.09769,0.174738,0.151911,-0.931281,0.331115,0.130384,0.350956,0.927269,0.000175,-0.001165,0.006615,-0.889785,-2.375101,1.145517,-0.816087,0.049352,0.042839,-0.044662,-0.611986,0.630481,-0.477458,-0.757628,-0.640556,0.125246,-0.226874,0.438384,0.869681,-0.001571,-0.002881,-0.001816,3.7e-05,-1.1e-05,-4.9e-05,-0.217032
333,0.022992,0.043053,0.394234,-0.70345,0.525936,-0.478115,-0.650202,-0.747855,0.133876,-0.286281,0.404389,0.868643,-0.002871,-0.005256,-0.003329,-0.00068,0.013188,-0.025616,0.000481,-0.139427,0.076174,0.324184,0.992103,0.111439,0.057494,-0.125132,0.902759,0.411464,-0.007304,-0.415553,0.909465,-0.001045,0.008317,0.005662,0.144419,-0.137466,-0.065138,-1.404151,0.020013,0.054134,-0.021468,-0.981464,-0.100014,0.163473,0.150039,-0.9317,0.330791,0.119224,0.349187,0.929437,0.000283,-0.002034,0.006019,0.135416,-0.193543,-0.085434,-0.816577,0.049278,0.042738,-0.044737,-0.611532,0.630681,-0.477774,-0.757926,-0.640261,0.124947,-0.227099,0.438527,0.86955,-0.00124,-0.002274,-0.001437,2.6e-05,1e-06,-3.4e-05,-0.210337
334,0.022955,0.042887,0.394083,-0.702492,0.525003,-0.480543,-0.650879,-0.747015,0.135262,-0.287092,0.407139,0.867089,-0.002235,-0.00409,-0.002596,-0.000405,-0.000448,-0.000219,0.012252,-0.139554,0.0764,0.324436,0.99181,0.118393,0.047827,-0.127485,0.905234,0.405255,0.003431,-0.408187,0.912817,-0.012832,0.007233,0.005969,0.181137,-0.239445,0.04167,-1.404422,0.019949,0.054248,-0.021341,-0.982431,-0.106519,0.153239,0.151761,-0.933873,0.323804,0.108615,0.341371,0.933631,-0.006424,0.003644,0.003004,0.154985,-0.221908,0.037308,-0.823436,0.049259,0.042654,-0.044813,-0.61074,0.62957,-0.480247,-0.758459,-0.639343,0.126413,-0.227457,0.441454,0.867975,-0.001281,-0.00235,-0.001491,0.005773,0.019787,-0.023029,-0.196784
335,0.022955,0.042837,0.393982,-0.702113,0.525214,-0.480867,-0.651149,-0.746844,0.134911,-0.287407,0.407181,0.866965,-0.000571,0.005628,-0.012075,0.031712,-0.010173,-0.012318,0.015289,-0.139683,0.076505,0.324584,0.991627,0.120271,0.04693,-0.128846,0.905896,0.403342,0.004743,-0.406167,0.913712,-0.012772,0.006823,0.005681,0.046914,-0.03405,-0.036979,-1.404333,0.019894,0.054302,-0.021273,-0.982359,-0.108621,0.152218,0.153151,-0.934409,0.321595,0.107302,0.339234,0.934561,-0.000497,0.003954,0.002682,0.020051,-0.023329,-0.040076,-0.824579,0.049259,0.042627,-0.044859,-0.610321,0.629771,-0.480515,-0.758709,-0.639123,0.126019,-0.227746,0.441483,0.867884,0.00487,-0.004192,-0.002537,0.00662,-0.104751,0.206755,-0.190742
336,0.022968,0.042749,0.393776,-0.701627,0.525446,-0.481323,-0.651441,-0.746689,0.134361,-0.287931,0.407167,0.866798,-0.00206,-0.003771,-0.0024,-0.0,-0.0,-0.0,0.017783,-0.140006,0.076593,0.324959,0.991515,0.122452,0.043537,-0.129467,0.906031,0.40284,0.008629,-0.405217,0.914105,-0.011429,-0.003267,0.013593,-0.035717,0.006898,-0.025214,-1.40392,0.019728,0.054344,-0.021085,-0.982654,-0.110629,0.148832,0.153866,-0.934374,0.321355,0.103513,0.338681,0.935189,-0.006522,0.00454,0.003597,-0.009684,0.003086,-0.004851,-0.822946,0.049266,0.042586,-0.044967,-0.609806,0.629926,-0.480965,-0.758959,-0.638939,0.125444,-0.228287,0.44153,0.867718,0.004692,-0.004523,-0.002749,0.000313,-0.001502,0.003976,-0.184211
337,0.022917,0.042647,0.393593,-0.700781,0.525938,-0.482016,-0.652073,-0.746265,0.133642,-0.288558,0.407306,0.866524,-0.00241,-0.00441,-0.002812,-0.00067,0.013208,-0.025606,0.022887,-0.140217,0.07672,0.325383,0.991067,0.126474,0.042211,-0.132653,0.907069,0.399454,0.010979,-0.401649,0.915653,-0.001367,0.011092,0.007461,0.022321,-0.031393,0.009521,-1.404014,0.019618,0.054408,-0.020868,-0.982461,-0.114561,0.147121,0.156586,-0.935282,0.317375,0.101241,0.334846,0.936817,-0.000699,0.005616,0.003781,-0.010947,-0.016605,0.012121,-0.827191,0.049241,0.042536,-0.045057,-0.608874,0.630296,-0.481661,-0.759527,-0.638408,0.124714,-0.22889,0.44177,0.867437,-0.000983,-0.001801,-0.001147,1.5e-05,-2e-06,3.1e-05,-0.178822
338,0.022837,0.04258,0.393456,-0.700075,0.52635,-0.482592,-0.652602,-0.745909,0.13305,-0.289074,0.407427,0.866295,-0.001596,-0.002919,-0.001864,0.004607,-0.091186,0.176699,0.028008,-0.140272,0.076679,0.325935,0.99072,0.12907,0.042509,-0.135158,0.907025,0.398712,0.011652,-0.400924,0.915962,0.000317,-0.001934,0.013404,0.02719,-0.049443,-0.035308,-1.404566,0.01959,0.054392,-0.020594,-0.982157,-0.116969,0.147256,0.158825,-0.935215,0.316459,0.1007,0.334201,0.937106,0.000151,-0.000977,0.006697,0.023863,-0.050813,-0.042071,-0.83062,0.0492,0.0425,-0.045127,-0.608243,0.630537,-0.482144,-0.759901,-0.638064,0.124198,-0.229327,0.441924,0.867243,-0.000895,-0.001638,-0.001043,-0.00067,0.013217,-0.025589,-0.170658
339,0.02277,0.04259,0.393426,-0.700011,0.526369,-0.482665,-0.652627,-0.745904,0.132955,-0.289173,0.407412,0.866269,-0.000626,-0.001145,-0.000731,0.0046,-0.091199,0.176693,0.028622,-0.140242,0.076594,0.326196,0.990667,0.129342,0.042897,-0.135552,0.906651,0.399429,0.011518,-0.401683,0.915631,0.000585,-0.004111,0.011943,-0.035798,0.009468,-0.018556,-1.404084,0.019604,0.054353,-0.020461,-0.982048,-0.117409,0.14763,0.159455,-0.934846,0.317232,0.100766,0.335078,0.936786,0.006059,-0.000686,0.006369,-0.042125,-0.018354,0.035173,-0.83062,0.049165,0.042502,-0.045144,-0.608176,0.630546,-0.482216,-0.759924,-0.638054,0.124103,-0.229428,0.441924,0.867216,-0.000314,-0.000576,-0.000368,1e-06,-1e-06,1.3e-05,-0.168535
340,0.02252,0.042698,0.393455,-0.70046,0.524478,-0.48407,-0.65209,-0.745961,0.135248,-0.289297,0.409737,0.86513,-0.011494,0.005195,0.003049,-0.011401,0.003142,-0.035244,0.029675,-0.140106,0.076382,0.326694,0.990161,0.133469,0.041935,-0.138987,0.907283,0.396804,0.013663,-0.398901,0.916817,0.002152,-0.016189,0.018566,0.297267,-0.248107,-0.251565,-1.404579,0.019673,0.054242,-0.02021,-0.981812,-0.120192,0.146961,0.161712,-0.934982,0.315685,0.099464,0.333709,0.937413,0.001075,-0.008163,0.009234,0.486097,-0.332446,-0.263994,-0.831273,0.049044,0.042554,-0.045131,-0.60878,0.628664,-0.483907,-0.759505,-0.638072,0.12655,-0.229211,0.444572,0.86592,-0.005656,0.002763,0.001633,0.009046,0.024078,-0.027135,-0.166086
341,0.022231,0.042789,0.39353,-0.700638,0.524367,-0.483933,-0.651954,-0.746052,0.135405,-0.289171,0.409716,0.865182,-0.012217,0.00388,0.002207,0.003607,-0.076489,0.147137,0.031646,-0.13996,0.076228,0.327197,0.989777,0.136941,0.039755,-0.141354,0.908117,0.394052,0.016608,-0.39582,0.918103,0.000475,-0.003234,0.012517,-0.000707,-0.030696,-0.017196,-1.404019,0.019742,0.054165,-0.019969,-0.981706,-0.124795,0.143799,0.164527,-0.936127,0.310799,0.095828,0.328772,0.939534,0.000253,-0.001815,0.006125,-0.030357,-0.020785,-0.023885,-0.832253,0.048902,0.042605,-0.04509,-0.609078,0.628674,-0.483519,-0.759307,-0.638307,0.12655,-0.229075,0.444219,0.866137,-0.000294,-0.000535,-0.000337,0.000572,0.000638,0.000303,-0.163146
342,0.022132,0.042828,0.393542,-0.700518,0.524437,-0.484031,-0.652048,-0.745986,0.135313,-0.289252,0.409744,0.865142,-0.000393,-0.000715,-0.000457,0.004591,-0.091205,0.17669,0.032046,-0.139881,0.076245,0.327389,0.989581,0.138652,0.038702,-0.142542,0.908641,0.392413,0.017991,-0.39402,0.918852,0.00045,-0.003037,0.012643,-0.021648,-0.016465,-0.003693,-1.404038,0.019786,0.054172,-0.019869,-0.98166,-0.126501,0.142616,0.165587,-0.936505,0.309091,0.094461,0.327038,0.940277,0.000224,-0.001571,0.006284,-0.057411,-0.000746,-0.002482,-0.832417,0.048848,0.042626,-0.045084,-0.608966,0.628721,-0.4836,-0.759377,-0.638242,0.126464,-0.229143,0.444247,0.866104,-0.000253,-0.000461,-0.00029,5.2e-05,9.7e-05,7.3e-05,-0.162493
343,0.021988,0.042886,0.393563,-0.700166,0.524659,-0.484299,-0.652341,-0.745774,0.135076,-0.289443,0.409846,0.86503,-4.7e-05,-8.5e-05,-5.4e-05,-0.0,-0.0,-0.0,0.041326,-0.139839,0.076345,0.327746,0.989316,0.140676,0.038153,-0.144216,0.908969,0.391039,0.019079,-0.392546,0.91946,-0.001098,0.00883,0.005843,0.002907,-0.018191,0.022172,-1.403843,0.019807,0.054218,-0.019687,-0.981493,-0.128452,0.142023,0.167123,-0.936658,0.307799,0.09349,0.325838,0.940791,0.000236,-0.001667,0.006214,-0.059415,0.119655,-0.149033,-0.833396,0.048776,0.042653,-0.045074,-0.608581,0.628891,-0.483863,-0.759632,-0.637984,0.126226,-0.229315,0.444378,0.865992,-2.7e-05,-4.8e-05,-2.7e-05,-1.1e-05,5e-06,3.9e-05,-0.156615
344,0.021874,0.042849,0.39355,-0.699838,0.524883,-0.484531,-0.652634,-0.745551,0.134888,-0.289577,0.409964,0.864929,-0.001369,-0.002486,-0.00159,-0.000665,0.013215,-0.025602,0.050675,-0.139825,0.076247,0.328077,0.989183,0.14133,0.039179,-0.145199,0.908415,0.391962,0.018554,-0.393593,0.919023,0.001027,-0.007679,0.009559,-0.034336,-0.00784,0.00448,-1.404167,0.019812,0.054184,-0.019523,-0.981271,-0.129068,0.142993,0.168119,-0.936191,0.308675,0.094029,0.326934,0.940357,-0.000234,0.001835,0.001211,2e-05,0.000603,0.001571,-0.834049,0.048721,0.04264,-0.045077,-0.608087,0.629126,-0.484179,-0.759979,-0.637624,0.125962,-0.229478,0.444562,0.865853,-0.000465,-0.000844,-0.000537,-1.4e-05,-1e-06,2.1e-05,-0.141102
345,0.021836,0.04275,0.39351,-0.699602,0.525055,-0.484684,-0.652857,-0.745376,0.134777,-0.289642,0.410062,0.86486,-0.000913,-0.001657,-0.001061,-0.0,-0.0,-0.0,0.047541,-0.139766,0.076137,0.328275,0.988639,0.145366,0.038125,-0.148574,0.909348,0.388519,0.020559,-0.389957,0.920529,0.001259,-0.009544,0.008331,0.049733,-0.049213,-0.073796,-1.404094,0.019842,0.054124,-0.019422,-0.980988,-0.132749,0.141553,0.170769,-0.937004,0.304728,0.092184,0.323108,0.94186,-0.000199,0.001566,0.001032,0.119654,-0.099403,-0.056395,-0.834703,0.0487,0.042587,-0.045099,-0.607844,0.629253,-0.484319,-0.760161,-0.637427,0.12586,-0.22952,0.444664,0.86579,-0.000662,-0.001204,-0.000769,-6e-06,5e-06,1.3e-05,-0.139469
346,0.021815,0.042717,0.393478,-0.699577,0.525064,-0.484711,-0.652868,-0.745372,0.134742,-0.289677,0.410058,0.864851,-0.001152,-0.002092,-0.00134,-0.0,-0.0,-0.0,0.047189,-0.139729,0.076127,0.328363,0.988639,0.145368,0.038118,-0.148568,0.909255,0.388738,0.020601,-0.390173,0.920437,0.001092,-0.008202,0.009216,-0.032849,-0.00886,0.003522,-1.403846,0.019862,0.054113,-0.019376,-0.980945,-0.133072,0.14155,0.171098,-0.936869,0.304958,0.092033,0.323366,0.941787,0.000552,-0.004164,0.004566,-0.04718,-0.001932,0.005343,-0.835029,0.04869,0.042571,-0.045115,-0.607817,0.629259,-0.484345,-0.760172,-0.63742,0.125825,-0.229555,0.444665,0.86578,-0.000656,-0.001195,-0.000765,-0.000669,0.013231,-0.025592,-0.140122
347,0.021762,0.04264,0.393428,-0.69946,0.525141,-0.484796,-0.652969,-0.745297,0.134669,-0.289732,0.410095,0.864815,-0.001134,-0.002059,-0.001319,-0.0,-0.0,-0.0,0.047369,-0.139709,0.076258,0.32848,0.988631,0.145402,0.038203,-0.14863,0.909211,0.388817,0.02055,-0.390262,0.9204,-0.000574,0.004603,0.003031,0.002349,-0.01777,0.022563,-1.403605,0.019872,0.054175,-0.01932,-0.980926,-0.13305,0.141703,0.171147,-0.936796,0.305157,0.092146,0.323589,0.941699,-0.000236,0.001879,0.001237,-0.000132,0.000517,0.001189,-0.833886,0.048663,0.042532,-0.04514,-0.607689,0.629318,-0.484429,-0.76026,-0.637331,0.125752,-0.229604,0.44471,0.865744,-0.000695,-0.001263,-0.000809,-5e-06,-8e-06,1.2e-05,-0.140449
348,0.021687,0.042514,0.393371,-0.699125,0.525379,-0.485022,-0.653278,-0.745058,0.134494,-0.289845,0.410225,0.864716,-0.001705,-0.003093,-0.001985,-0.0,-0.0,-0.0,0.045243,-0.139659,0.076496,0.328618,0.988526,0.145861,0.039145,-0.149419,0.90907,0.388845,0.019882,-0.39042,0.920348,0.010978,0.007032,0.003599,0.002045,-0.015205,0.029245,-1.403292,0.019892,0.054294,-0.019251,-0.98073,-0.133542,0.142593,0.171905,-0.936674,0.305105,0.092819,0.323739,0.941582,-0.000417,0.003315,0.002176,-0.013756,0.105119,-0.132346,-0.83307,0.048627,0.04247,-0.045168,-0.607319,0.629503,-0.484652,-0.760527,-0.637045,0.125577,-0.229694,0.444857,0.865645,-0.001003,-0.001823,-0.00117,0.003938,-0.07797,0.151103,-0.140939
349,0.021641,0.042426,0.393326,-0.699109,0.525397,-0.485026,-0.653302,-0.745035,0.134502,-0.28983,0.410242,0.864712,-0.002457,-0.004457,-0.002863,-0.000666,0.013213,-0.025604,0.042794,-0.13964,0.076557,0.328711,0.988401,0.146422,0.040186,-0.150337,0.908844,0.389019,0.019189,-0.390738,0.920228,0.000986,-0.007347,0.009768,-0.052904,0.132532,-0.17382,-1.403668,0.019906,0.054329,-0.019202,-0.980508,-0.134146,0.143554,0.172805,-0.93648,0.305191,0.093496,0.324049,0.941408,0.00049,-0.003661,0.004893,-0.052806,0.132748,-0.173179,-0.833233,0.048605,0.042428,-0.045189,-0.607284,0.629526,-0.484666,-0.760559,-0.637008,0.125575,-0.229683,0.444878,0.865637,-0.001049,-0.001906,-0.001223,-7e-06,-3e-06,1e-06,-0.142898
350,0.021521,0.042212,0.393224,-0.69897,0.525511,-0.485102,-0.653452,-0.74491,0.13447,-0.289828,0.410323,0.864675,-0.003085,-0.005592,-0.0036,-0.000667,0.013211,-0.025605,0.040436,-0.139613,0.076631,0.328876,0.98824,0.147143,0.041501,-0.151506,0.908507,0.389352,0.018337,-0.391251,0.920027,0.012814,-0.007161,0.008869,-0.034639,-0.0053,0.011148,-1.403721,0.019914,0.054369,-0.019122,-0.980211,-0.134957,0.144812,0.174013,-0.936194,0.305383,0.094359,0.32454,0.941153,-0.000172,0.001361,0.000892,5.2e-05,0.000148,0.00044,-0.833396,0.048546,0.042324,-0.045239,-0.607128,0.629619,-0.484741,-0.760688,-0.63686,0.125543,-0.229668,0.444958,0.8656,-0.002614,-0.008079,0.002667,-0.03302,0.036656,-0.038864,-0.147797
351,0.021359,0.042006,0.393114,-0.698708,0.525699,-0.485276,-0.653697,-0.744718,0.134343,-0.289906,0.410432,0.864597,-0.002677,-0.004848,-0.003128,-0.0,-0.0,-0.0,0.043443,-0.139488,0.076693,0.328993,0.989098,0.141251,0.041531,-0.146097,0.909306,0.389553,0.016009,-0.391556,0.91994,-0.000495,0.003935,0.002576,0.002351,-0.017756,0.022574,-1.403706,0.019982,0.054394,-0.019063,-0.98093,-0.129031,0.145347,0.16861,-0.936922,0.306179,0.096672,0.324848,0.940812,0.006432,-0.003792,0.004294,-0.033894,-0.005674,0.011306,-0.834376,0.048462,0.042216,-0.045297,-0.606857,0.629757,-0.484901,-0.760889,-0.636644,0.125426,-0.229722,0.445072,0.865527,-0.001574,-0.002854,-0.00184,0.003945,-0.077948,0.151113,-0.14698
352,0.021143,0.04179,0.393019,-0.698589,0.525806,-0.485332,-0.653839,-0.744592,0.134343,-0.289873,0.410522,0.864565,-0.015133,-0.001289,-0.001147,-0.001653,0.027922,-0.05516,0.039587,-0.139277,0.076996,0.329115,0.989153,0.140946,0.041264,-0.145714,0.90942,0.389431,0.016112,-0.391402,0.920005,0.010774,0.008414,0.004482,-0.014211,0.107351,-0.126529,-1.403412,0.02008,0.054537,-0.019006,-0.981028,-0.128658,0.145018,0.168136,-0.937036,0.30609,0.096507,0.324666,0.940892,-0.001306,0.010076,-0.000698,0.03907,-0.027601,0.040786,-0.835356,0.048361,0.04211,-0.045343,-0.606668,0.62987,-0.48499,-0.761047,-0.63646,0.125396,-0.229694,0.445174,0.865482,-0.00137,-0.002479,-0.0016,2.1e-05,-8e-06,9e-06,-0.148613
353,0.021012,0.041695,0.392992,-0.697239,0.52584,-0.487231,-0.654187,-0.744633,0.132411,-0.29232,0.410405,0.863796,-0.014827,-0.000721,-0.000784,-0.001654,0.02792,-0.05516,0.041956,-0.139125,0.077261,0.329184,0.989189,0.140732,0.041114,-0.145463,0.909542,0.389239,0.016133,-0.391194,0.920092,0.010455,0.010822,0.006046,0.004403,-0.032968,0.051813,-1.403149,0.02016,0.05467,-0.018972,-0.981053,-0.128495,0.144994,0.167955,-0.937126,0.305917,0.096569,0.324473,0.940952,0.00442,0.011535,-0.000258,0.024839,0.079765,-0.085723,-0.835356,0.048293,0.042059,-0.045359,-0.605316,0.629699,-0.486899,-0.761378,-0.636447,0.123443,-0.232154,0.445436,0.864691,-0.001351,-0.002442,-0.001579,0.002115,-0.087918,0.17486,-0.148777
354,0.020694,0.041471,0.392937,-0.697695,0.525594,-0.486845,-0.653877,-0.744827,0.132851,-0.291927,0.410369,0.863946,-0.003202,-0.005774,-0.00375,0.0,-0.0,0.0,0.050666,-0.138734,0.077669,0.329368,0.989951,0.135028,0.041905,-0.140528,0.910333,0.389204,0.013154,-0.391356,0.920071,0.010712,0.008617,0.004594,-0.011917,0.089627,-0.103924,-1.403677,0.020359,0.054885,-0.018873,-0.981598,-0.122807,0.146226,0.162977,-0.937848,0.306395,0.09951,0.324589,0.940605,0.005363,0.004242,0.002244,-0.011865,0.089572,-0.103991,-0.835682,0.04813,0.041949,-0.045385,-0.605862,0.629508,-0.486466,-0.761074,-0.636715,0.123932,-0.231724,0.445323,0.864864,-0.008768,-0.006133,0.003754,-0.029411,-0.039665,0.108294,-0.141755
355,0.020421,0.041213,0.39286,-0.696633,0.525472,-0.488494,-0.654023,-0.744992,0.131198,-0.294122,0.410225,0.863269,-0.005735,-0.017012,0.004733,-0.033013,0.036664,-0.038858,0.055293,-0.138315,0.077854,0.32957,0.990671,0.129374,0.042713,-0.13564,0.910934,0.389531,0.010234,-0.391858,0.919894,0.012586,-0.005617,0.009848,-0.051007,0.117117,-0.144689,-1.403204,0.020563,0.054982,-0.018774,-0.982118,-0.117126,0.147391,0.158022,-0.938424,0.307227,0.102331,0.325024,0.940152,0.005452,0.003503,0.001762,0.005451,-0.033609,0.05163,-0.835682,0.047995,0.041825,-0.045426,-0.604793,0.629241,-0.488139,-0.761244,-0.636838,0.12224,-0.233947,0.445523,0.864162,-0.001805,-0.003254,-0.002113,-0.000831,0.01341,-0.025727,-0.135387
356,0.02028,0.041082,0.392809,-0.695442,0.525396,-0.490269,-0.654221,-0.745138,0.129372,-0.296487,0.410057,0.86254,-0.003691,-0.006638,-0.00433,0.0,-0.0,0.0,0.057012,-0.138073,0.077974,0.329636,0.99072,0.129083,0.042449,-0.135268,0.910979,0.389555,0.010363,-0.39185,0.919896,0.010974,0.006406,0.003146,0.00442,-0.032961,0.051817,-1.403214,0.020685,0.055036,-0.018739,-0.982156,-0.116923,0.147301,0.157806,-0.938437,0.3073,0.102302,0.325062,0.940143,0.005552,0.002699,0.001238,0.002169,-0.015337,0.029073,-0.835029,0.047923,0.041755,-0.045449,-0.603637,0.628988,-0.489892,-0.76144,-0.636948,0.120436,-0.236284,0.445723,0.863423,-0.008122,-0.001596,-0.001209,-0.00283,0.029407,-0.056035,-0.131468
357,0.01999,0.040765,0.39267,-0.694039,0.525479,-0.492165,-0.654619,-0.745115,0.12747,-0.298879,0.409992,0.861745,-0.004645,-0.00834,-0.005459,-0.000675,0.013187,-0.025613,0.045012,-0.13765,0.078126,0.329707,0.991489,0.12301,0.042546,-0.129721,0.911764,0.389607,0.00788,-0.391969,0.91987,0.011431,0.002873,0.000852,0.002045,-0.015205,0.029245,-1.403111,0.020896,0.055116,-0.018701,-0.982772,-0.110841,0.147889,0.152259,-0.939144,0.307934,0.104758,0.325147,0.939842,0.005719,0.001427,0.000412,0.002258,-0.015416,0.02899,-0.836172,0.047782,0.041602,-0.045514,-0.602294,0.628827,-0.491749,-0.761766,-0.636911,0.118558,-0.238648,0.446004,0.862627,-0.008202,-0.00172,-0.001299,-0.004812,0.031948,-0.057512,-0.133101
358,0.019807,0.040504,0.392522,-0.692209,0.525812,-0.494383,-0.655328,-0.744873,0.125223,-0.301553,0.410005,0.860807,-0.015231,-0.001295,-0.001214,-0.001662,0.027903,-0.055169,0.027506,-0.137323,0.078199,0.329725,0.991429,0.123225,0.043308,-0.130217,0.91167,0.389662,0.00728,-0.392121,0.919811,0.011511,0.002258,0.000452,0.002045,-0.015205,0.029245,-1.402769,0.02106,0.055151,-0.018694,-0.98263,-0.11112,0.148621,0.152768,-0.939061,0.307936,0.105347,0.325292,0.939726,-4.8e-05,0.00036,0.000228,-0.016481,0.122457,-0.155953,-0.836825,0.04769,0.041461,-0.045595,-0.600306,0.628945,-0.494023,-0.762493,-0.636466,0.116245,-0.241317,0.446473,0.861641,-0.001533,-0.002752,-0.001803,-0.00256,0.003291,-0.001908,-0.156615
359,0.019587,0.040323,0.392401,-0.690271,0.526194,-0.496681,-0.656092,-0.744592,0.122873,-0.304316,0.410026,0.859824,-0.003165,-0.005668,-0.003731,-0.000675,0.013185,-0.025614,0.026264,-0.13697,0.078338,0.329728,0.991407,0.123239,0.043766,-0.13041,0.911676,0.389583,0.006858,-0.392102,0.919822,0.011496,0.002339,0.000503,0.002045,-0.015205,0.029245,-1.403044,0.021236,0.055219,-0.018693,-0.982557,-0.111172,0.149072,0.152956,-0.939064,0.307835,0.105765,0.325267,0.939688,-6e-05,0.000438,0.000278,-0.016521,0.122494,-0.15588,-0.837479,0.047575,0.041372,-0.045655,-0.598354,0.629022,-0.496288,-0.763166,-0.636082,0.113914,-0.244026,0.446911,0.860651,-0.001543,-0.002772,-0.00182,-0.003417,0.016733,-0.027661,-0.165432
360,0.019467,0.04025,0.392338,-0.689555,0.526653,-0.497187,-0.656681,-0.744151,0.1224,-0.304668,0.410236,0.859599,-0.002994,-0.005357,-0.003531,-0.000677,0.013189,-0.025616,0.02669,-0.136851,0.078375,0.329752,0.99138,0.123343,0.044086,-0.130631,0.911624,0.389629,0.006614,-0.392189,0.919786,-0.000266,0.001963,0.001272,0.0,0.0,0.0,-1.402822,0.021301,0.055234,-0.018683,-0.9825,-0.111285,0.149361,0.153162,-0.939022,0.307861,0.105994,0.32535,0.939634,0.005646,0.001925,0.000736,0.004418,-0.032995,0.051721,-0.837642,0.047517,0.041339,-0.045684,-0.597576,0.62938,-0.496771,-0.763684,-0.635541,0.113457,-0.244312,0.447176,0.860432,-0.007454,-0.000344,-0.000412,0.002638,-0.062617,0.121331,-0.167065
361,0.019294,0.040107,0.392218,-0.687628,0.527894,-0.498539,-0.658268,-0.742955,0.121134,-0.305596,0.410807,0.858997,-0.002938,-0.005252,-0.003468,0.003993,-0.077841,0.151162,0.025212,-0.136595,0.078512,0.329829,0.992106,0.117339,0.044136,-0.125129,0.912378,0.38967,0.0042,-0.392269,0.919766,0.011146,0.004868,0.002139,0.002045,-0.015205,0.029245,-1.402889,0.021429,0.055304,-0.018645,-0.983077,-0.105276,0.149914,0.147673,-0.939695,0.308486,0.108397,0.325405,0.93934,0.005561,0.002533,0.00113,0.002751,-0.015659,0.029033,-0.837642,0.04743,0.041267,-0.045744,-0.595594,0.630267,-0.498026,-0.764983,-0.634189,0.112265,-0.245087,0.447846,0.859863,-0.001299,-0.002327,-0.001534,2.9e-05,1.5e-05,7e-06,-0.167882
362,0.019168,0.040003,0.392089,-0.686194,0.528786,-0.499569,-0.659407,-0.742107,0.120129,-0.306363,0.411189,0.858541,-0.001882,-0.003361,-0.002224,0.004658,-0.091053,0.176766,0.019955,-0.136292,0.078757,0.329947,0.992853,0.111019,0.043691,-0.119142,0.913191,0.389642,0.002104,-0.392207,0.9198,-0.00089,0.006481,0.004188,0.002404,-0.017754,0.02257,-1.402689,0.021581,0.05542,-0.018589,-0.983721,-0.098935,0.150013,0.141714,-0.940416,0.309084,0.110495,0.325311,0.939128,0.005377,0.003824,0.001958,0.004658,-0.033182,0.05153,-0.837805,0.047365,0.041211,-0.045811,-0.594051,0.630928,-0.499031,-0.765961,-0.633183,0.111269,-0.245776,0.448338,0.85941,-0.001106,-0.001984,-0.001311,3.7e-05,-1.5e-05,1e-05,-0.17278
363,0.019121,0.039974,0.391985,-0.686007,0.528853,-0.499754,-0.659488,-0.742075,0.119883,-0.306607,0.41116,0.858468,-0.002206,-0.003938,-0.002608,0.0,0.0,0.0,0.016513,-0.136119,0.078914,0.330042,0.992891,0.110774,0.043446,-0.118821,0.913223,0.389665,0.002234,-0.392201,0.919802,0.010658,0.00826,0.004322,0.002045,-0.015205,0.029245,-1.402807,0.021659,0.055497,-0.018542,-0.983772,-0.098713,0.149825,0.141445,-0.94044,0.309135,0.110386,0.325311,0.939141,-0.000534,0.003871,0.002494,-0.014187,0.104652,-0.133429,-0.837805,0.047343,0.041196,-0.045857,-0.593731,0.63103,-0.499283,-0.766124,-0.63304,0.110969,-0.246041,0.448398,0.859303,-0.001093,-0.001959,-0.001297,1e-05,1e-05,-5e-06,-0.176373
364,0.019109,0.039906,0.391727,-0.685764,0.528875,-0.500064,-0.6595,-0.742143,0.1194,-0.307124,0.411011,0.858354,0.009225,-0.009527,-0.005923,0.000984,-0.014715,0.029553,0.00254,-0.135733,0.07925,0.330232,0.994206,0.098491,0.04296,-0.107332,0.914635,0.389688,-0.002169,-0.39217,0.919816,0.010535,0.008997,0.004785,-0.012143,0.090021,-0.102842,-1.402539,0.021852,0.055667,-0.018446,-0.984872,-0.086317,0.150252,0.129887,-0.941689,0.310401,0.114698,0.325221,0.938655,0.005326,0.004098,0.002129,0.004569,-0.011048,0.041263,-0.836172,0.047333,0.041168,-0.045989,-0.593512,0.630997,-0.499585,-0.766118,-0.633132,0.110482,-0.24659,0.448314,0.85919,-0.000608,0.002256,-0.006468,0.031658,-0.01031,-0.012376,-0.190579
365,0.019216,0.039872,0.391411,-0.685517,0.528848,-0.500431,-0.65944,-0.742294,0.118786,-0.3078,0.410773,0.858226,0.000146,0.006965,-0.011313,0.032315,-0.023513,0.013224,0.000259,-0.135439,0.079552,0.330408,0.994762,0.092572,0.043261,-0.102004,0.91522,0.389746,-0.004772,-0.392238,0.919777,0.010697,0.00771,0.003947,0.002045,-0.015205,0.029245,-1.402746,0.022002,0.055824,-0.018354,-0.98524,-0.080466,0.151085,0.124644,-0.942198,0.311009,0.117327,0.32525,0.938321,0.005275,0.00438,0.002303,-0.012081,0.089293,-0.104409,-0.836989,0.047389,0.041142,-0.046146,-0.593262,0.630945,-0.499947,-0.766091,-0.633269,0.109881,-0.247272,0.448193,0.859056,0.004951,-0.00417,-0.002572,0.000329,-0.001489,0.003957,-0.198744
366,0.019561,0.039955,0.39107,-0.689416,0.5233,-0.500907,-0.654787,-0.745909,0.121847,-0.309016,0.411336,0.857519,0.001894,0.010096,-0.009227,-0.050788,-0.120361,-0.037846,-0.003973,-0.135116,0.079825,0.330584,0.995364,0.086145,0.042656,-0.095854,0.915858,0.389807,-0.006746,-0.392202,0.91978,0.010662,0.00784,0.004021,0.004467,-0.032953,0.051818,-1.402699,0.022164,0.055959,-0.018267,-0.985755,-0.074015,0.151021,0.118544,-0.942744,0.311735,0.119301,0.325197,0.93809,0.005391,0.003497,0.001734,0.005162,-0.033469,0.051357,-0.837152,0.04756,0.041184,-0.046323,-0.597962,0.626031,-0.500525,-0.762069,-0.637558,0.112995,-0.248376,0.449002,0.858315,0.001029,0.005184,-0.004529,-0.050408,-0.124516,-0.037336,-0.201846
367,0.019804,0.040037,0.390905,-0.691925,0.519451,-0.501454,-0.650642,-0.749644,0.121127,-0.312137,0.409428,0.857302,0.014328,0.006314,-0.011338,0.032065,-0.039622,0.042086,-0.007372,-0.13493,0.07995,0.330636,0.995915,0.079828,0.04211,-0.089826,0.916486,0.389767,-0.008738,-0.392062,0.919823,0.010854,0.006431,0.003116,0.006356,-0.015505,0.092994,-1.402618,0.022256,0.056024,-0.018239,-0.986215,-0.067704,0.150983,0.112575,-0.943273,0.312351,0.121271,0.325042,0.937891,0.005503,0.002697,0.001218,0.008917,0.043556,0.167293,-0.834866,0.047676,0.041223,-0.046401,-0.601086,0.622533,-0.501145,-0.758493,-0.641923,0.112345,-0.251759,0.447645,0.858038,0.006333,-0.001698,-0.000933,0.010538,-0.005081,0.034209,-0.204459
368,0.020298,0.040273,0.390525,-0.71945,0.485783,-0.496441,-0.613428,-0.779616,0.126005,-0.324932,0.394576,0.859509,0.014362,0.006405,-0.011275,0.05182,-0.039104,0.001346,-0.009849,-0.134578,0.080139,0.330746,0.996827,0.067656,0.041829,-0.078515,0.917501,0.389822,-0.013265,-0.391959,0.919813,0.011074,0.00482,0.002081,0.002045,-0.015205,0.029245,-1.402525,0.022428,0.056118,-0.018185,-0.986875,-0.055478,0.151654,0.101271,-0.94413,0.313625,0.125782,0.324867,0.937357,-0.000303,0.00213,0.001356,0.003536,-0.018527,0.021903,-0.834213,0.04792,0.041342,-0.046585,-0.633412,0.593584,-0.496433,-0.726415,-0.677201,0.117123,-0.266663,0.434804,0.860136,0.007332,0.003458,-0.005469,0.241614,-0.050664,-0.419937,-0.208541
369,0.020955,0.04065,0.390003,-0.749985,0.434475,-0.498797,-0.560612,-0.817704,0.130565,-0.350213,0.377008,0.857463,0.017162,0.018206,-0.019351,0.628333,-0.581236,-1.520225,-0.017583,-0.134288,0.08014,0.330893,0.996929,0.06565,0.042593,-0.077003,0.91659,0.392258,-0.014549,-0.39442,0.91874,0.011294,0.003275,0.001091,-0.005357,-0.010116,0.03405,-1.402616,0.022582,0.056123,-0.018109,-0.98684,-0.053452,0.152606,0.100035,-0.943311,0.316475,0.127039,0.327576,0.936244,0.005659,0.001545,0.00048,0.01745,-0.020194,0.032922,-0.832743,0.048252,0.041527,-0.046847,-0.670645,0.549507,-0.498273,-0.6812,-0.722113,0.120492,-0.293599,0.420231,0.858606,0.013779,0.002019,-0.006298,2.333046,-1.302964,-4.897584,-0.21246
