frame,MLTx,MLTy,MLTz,MLTR1,MLTR2,MLTR3,MLTR4,MLTR5,MLTR6,MLTR7,MLTR8,MLTR9,MLTTVx,MLTTVy,MLTTVz,MLTRVx,MLTRVy,MLTRVz,MLGA,MRTx,MRTy,MRTz,MRTR1,MRTR2,MRTR3,MRTR4,MRTR5,MRTR6,MRTR7,MRTR8,MRTR9,MRTTVx,MRTTVy,MRTTVz,MRTRVx,MRTRVy,MRTRVz,MRGA,SLTx,SLTy,SLTz,SLTR1,SLTR2,SLTR3,SLTR4,SLTR5,SLTR6,SLTR7,SLTR8,SLTR9,SLTTVx,SLTTVy,SLTTVz,SLTRVx,SLTRVy,SLTRVz,SLGA,SRTx,SRTy,SRTz,SRTR1,SRTR2,SRTR3,SRTR4,SRTR5,SRTR6,SRTR7,SRTR8,SRTR9,SRTTVx,SRTTVy,SRTTVz,SRTRVx,SRTRVy,SRTRVz,SRGA
120,0.201331,0.010562,0.431279,-0.75525,0.357482,-0.549407,-0.479135,-0.873048,0.090489,-0.446377,0.331132,0.83134,2.9e-05,-0.000732,-0.000328,0.0,0.0,0.0,-1.379061,-0.240096,0.029337,0.37549,0.742494,0.499477,0.446335,-0.664886,0.62976,0.401576,-0.081432,-0.595555,0.799091,0.010863,0.011279,-0.024252,-0.117386,0.240403,0.198776,-1.402694,-0.00072,0.037078,0.010565,-0.775877,-0.401899,0.486303,0.600047,-0.708151,0.372107,0.194827,0.580514,0.790597,0.005399,0.005449,-0.012241,-0.196627,0.313185,0.220318,-0.927942,0.115093,0.029488,-0.025589,-0.786721,0.392704,-0.47629,-0.453152,-0.891329,0.013595,-0.419193,0.226527,0.879182,-0.000251,0.004143,-0.005358,0.035629,-0.006125,0.021563,-0.833617
121,0.201344,0.010649,0.431144,-0.756547,0.356668,-0.548151,-0.478797,-0.873003,0.092688,-0.444543,0.332127,0.831925,2.8e-05,-0.000704,-0.000315,-3.9e-05,2.5e-05,-2.8e-05,-1.380291,-0.240086,0.029647,0.374924,0.744864,0.497492,0.444602,-0.662355,0.630857,0.404029,-0.080408,-0.596053,0.798823,-0.001857,0.020944,-0.032843,0.052269,0.044142,0.068058,-1.402787,-0.000714,0.037227,0.010295,-0.778199,-0.39873,0.4852,0.597264,-0.708689,0.375545,0.194115,0.582042,0.789649,0.005169,0.009298,-0.017497,0.073047,0.02273,0.098289,-0.929574,0.1151,0.02953,-0.025657,-0.787964,0.391706,-0.475056,-0.452719,-0.891512,0.01582,-0.417322,0.227532,0.879812,-0.000251,0.004185,-0.00534,0.04014,-0.008927,0.024045,-0.834271
122,0.20133,0.010872,0.430757,-0.756337,0.356959,-0.548251,-0.478541,-0.873269,0.091497,-0.445174,0.331114,0.831992,-0.000417,0.006093,-0.011693,0.035618,-0.006164,0.021555,-1.380041,-0.239987,0.030519,0.37329,0.751978,0.487158,0.444069,-0.654213,0.633359,0.413275,-0.080863,-0.601899,0.794381,0.009253,0.033404,-0.056313,-0.133868,0.379045,0.326996,-1.403097,-0.000668,0.037663,0.00949,-0.783695,-0.389221,0.484074,0.589925,-0.71036,0.383895,0.194446,0.586425,0.786317,-0.001667,0.011762,-0.023196,-0.172183,0.447841,0.31515,-0.929411,0.115093,0.029641,-0.02584,-0.787751,0.392016,-0.475152,-0.45252,-0.891634,0.014602,-0.417938,0.226519,0.879781,-0.000214,0.003309,-0.005728,0.035706,-0.006208,0.021618,-0.835577
123,0.201283,0.011161,0.430184,-0.757359,0.356531,-0.547119,-0.477984,-0.873484,0.092353,-0.444036,0.331009,0.832642,-0.000334,0.004028,-0.012614,0.034891,0.003425,-0.005613,-1.383252,-0.239891,0.031634,0.371052,0.758891,0.474536,0.445973,-0.645662,0.636778,0.421389,-0.084968,-0.608329,0.789037,-0.00464,0.027336,-0.059196,-0.181291,0.465312,0.311514,-1.402918,-0.000617,0.038234,0.008351,-0.78893,-0.375352,0.486516,0.581275,-0.71262,0.392797,0.199264,0.59269,0.780391,-0.002372,0.013262,-0.029844,-0.290802,0.563127,0.341856,-0.929411,0.115069,0.029789,-0.02613,-0.788704,0.39145,-0.474037,-0.451923,-0.891924,0.015378,-0.416786,0.226357,0.880369,-0.000445,0.007007,-0.011275,0.071517,-0.012591,0.043263,-0.837536
124,0.201282,0.011321,0.429856,-0.758575,0.355831,-0.545887,-0.477498,-0.873572,0.094014,-0.44248,0.331529,0.833263,-0.00089,0.013619,-0.022726,0.071237,-0.012446,0.043064,-1.382254,-0.239876,0.032233,0.369761,0.763005,0.468279,0.445566,-0.64065,0.638765,0.426006,-0.086075,-0.611081,0.786787,-0.005303,0.0241,-0.06116,-0.140654,0.396868,0.278343,-1.402812,-0.000609,0.038533,0.007705,-0.792334,-0.368252,0.486411,0.576136,-0.713901,0.39801,0.200682,0.595596,0.777811,-0.002704,0.011622,-0.030843,-0.207229,0.463453,0.294438,-0.928758,0.115068,0.029868,-0.0263,-0.789869,0.390571,-0.472822,-0.451349,-0.892185,0.017014,-0.4152,0.226846,0.880993,-0.000432,0.006702,-0.01141,0.074947,-0.014784,0.045142,-0.838026
125,0.201236,0.011732,0.429014,-0.759692,0.35531,-0.544672,-0.476488,-0.874094,0.094288,-0.441653,0.330713,0.834026,-0.001384,0.021673,-0.033501,0.106869,-0.018842,0.064539,-1.376733,-0.239956,0.033427,0.36685,0.77382,0.455953,0.439662,-0.627824,0.643272,0.438146,-0.084014,-0.615645,0.783445,-0.006676,0.027407,-0.074353,0.050858,0.001703,0.33036,-1.403076,-0.000647,0.03912,0.006277,-0.801875,-0.353639,0.481597,0.563217,-0.716453,0.411679,0.199456,0.601359,0.773682,-0.003259,0.018846,-0.04159,0.019495,-0.042902,0.301164,-0.928268,0.115046,0.030065,-0.026709,-0.790936,0.389857,-0.471626,-0.45031,-0.892705,0.017259,-0.414295,0.226028,0.881629,-0.006463,0.005312,-0.011838,0.070934,0.010989,-0.012818,-0.838026
126,0.201216,0.012318,0.427947,-0.762118,0.353957,-0.542159,-0.474963,-0.874681,0.096512,-0.439112,0.330614,0.835405,0.01076,0.022544,-0.03345,0.102781,0.03394,-0.092929,-1.343392,-0.240257,0.034592,0.363747,0.770348,0.468501,0.432508,-0.634,0.634039,0.44269,-0.067788,-0.61582,0.784879,-0.006879,0.03641,-0.084035,0.227672,-0.03311,0.021376,-1.402852,-0.000796,0.039683,0.004754,-0.800516,-0.366295,0.474343,0.570498,-0.708205,0.415903,0.183589,0.603549,0.7759,-0.003638,0.012049,-0.038244,0.230823,-0.048883,-0.015944,-0.927778,0.115032,0.030347,-0.027231,-0.793176,0.388233,-0.469197,-0.448778,-0.893431,0.019396,-0.411666,0.22595,0.882879,-0.0004,0.00608,-0.01167,0.07531,-0.015253,0.045268,-0.836393
127,0.201212,0.012673,0.427372,-0.764645,0.352425,-0.539592,-0.473902,-0.874858,0.10006,-0.435856,0.331781,0.836647,-0.001414,0.022444,-0.033093,0.048427,0.083891,-0.16097,-1.332685,-0.240436,0.035095,0.362233,0.768454,0.476049,0.427606,-0.637219,0.629282,0.444847,-0.058276,-0.614918,0.786348,-0.019759,0.025603,-0.074932,0.197795,-0.020099,-0.027487,-1.402586,-0.000884,0.039947,0.003964,-0.799969,-0.374138,0.469114,0.574235,-0.70415,0.417641,0.174072,0.603483,0.778143,-0.00374,0.011581,-0.038575,0.222614,-0.048422,-0.027936,-0.928758,0.115034,0.030528,-0.027522,-0.795433,0.386473,-0.466824,-0.447611,-0.893941,0.022622,-0.408571,0.22695,0.88406,0.005395,0.011344,-0.016681,-0.550647,0.395575,-0.371552,-0.834434
128,0.201233,0.013529,0.426147,-0.766064,0.347234,-0.540943,-0.471068,-0.875832,0.104811,-0.436433,0.334676,0.835191,-0.001481,0.024105,-0.03229,-0.022928,-0.342496,-0.051171,-1.322717,-0.240932,0.03588,0.359386,0.76409,0.491465,0.417874,-0.643671,0.622464,0.445152,-0.04229,-0.609724,0.791399,-0.019859,0.015501,-0.066238,-0.1731,-0.475529,0.277496,-1.402456,-0.001125,0.040331,0.002558,-0.796766,-0.390235,0.461388,0.582731,-0.698291,0.415708,0.15996,0.600088,0.783777,-0.003674,0.01198,-0.038404,0.208436,-0.020216,-0.037474,-0.925329,0.115045,0.030949,-0.028132,-0.797264,0.382193,-0.467223,-0.444741,-0.895264,0.026568,-0.408135,0.228975,0.883739,0.005344,0.012574,-0.016099,-0.16165,-0.68609,-0.110884,-0.833454
129,0.201218,0.014402,0.425008,-0.767873,0.34156,-0.541989,-0.467821,-0.876928,0.110059,-0.436743,0.337635,0.833837,-0.001532,0.025364,-0.031667,0.059531,-0.005031,-0.15739,-1.308805,-0.24153,0.036387,0.35697,0.75549,0.509069,0.412402,-0.654595,0.610087,0.446356,-0.025319,-0.60781,0.793593,-0.019574,0.007328,-0.056354,0.133121,0.010816,-0.066505,-1.400736,-0.00144,0.040593,0.001299,-0.791946,-0.408896,0.453458,0.59413,-0.687324,0.417844,0.140818,0.600323,0.787261,-0.00972,0.003762,-0.028103,0.147022,0.007259,-0.074562,-0.925329,0.115036,0.031404,-0.028726,-0.798511,0.37549,-0.470518,-0.440915,-0.896961,0.032466,-0.409846,0.233383,0.881792,-0.000748,0.012723,-0.015814,0.085245,0.03507,-0.145067,-0.836883
130,0.201167,0.015259,0.423919,-0.767727,0.334926,-0.54632,-0.464507,-0.878145,0.114306,-0.440514,0.341104,0.830436,-0.000971,0.015676,-0.021638,-0.090976,-0.319367,-0.311361,-1.214201,-0.242181,0.036701,0.354852,0.746308,0.526472,0.407238,-0.665452,0.596835,0.448214,-0.008015,-0.606161,0.795216,-0.018687,0.002003,-0.044596,0.09597,0.017019,-0.053486,-1.273253,-0.001757,0.04074,0.000273,-0.7854,-0.427251,0.447886,0.606573,-0.675431,0.419358,0.123345,0.60104,0.789643,-0.00925,0.001243,-0.022126,0.115534,0.006107,-0.062504,-0.889405,0.115012,0.031819,-0.029249,-0.798917,0.370698,-0.473617,-0.437745,-0.898408,0.035225,-0.412444,0.235465,0.880025,-0.000488,0.008361,-0.010581,-0.126247,-0.51115,-0.143014,-0.818758
131,0.201144,0.015651,0.42344,-0.769813,0.331368,-0.545553,-0.46288,-0.878302,0.11958,-0.438583,0.344163,0.830196,-0.001553,0.025908,-0.031346,-0.628476,-0.005501,-0.514435,-1.143179,-0.242478,0.036811,0.35405,0.736156,0.540133,0.407826,-0.676698,0.585536,0.446276,0.001331,-0.605179,0.796003,-0.017651,0.006932,-0.041389,0.039696,-0.055459,-0.176031,-1.139389,-0.001916,0.040796,-0.000168,-0.776887,-0.442259,0.448165,0.619192,-0.665753,0.416381,0.114219,0.600981,0.791058,-0.008703,0.003865,-0.020419,0.042123,-0.057925,-0.178547,-0.824415,0.115,0.032021,-0.029497,-0.800471,0.367001,-0.473873,-0.435837,-0.899142,0.03986,-0.411451,0.238438,0.87969,-0.000452,0.008091,-0.010718,-2.134926,0.679897,-1.656098,-0.79998
132,0.201077,0.0165,0.422501,-0.773013,0.324682,-0.545048,-0.4594,-0.878964,0.12785,-0.43661,0.348815,0.829293,-0.001677,0.029036,-0.029877,0.035882,-0.061983,-0.179362,-0.921345,-0.243097,0.037092,0.352862,0.71836,0.562556,0.409245,-0.69534,0.565842,0.443012,0.016753,-0.603509,0.797094,-0.015103,0.009014,-0.02449,0.006669,-0.069188,-0.14264,-0.571851,-0.002226,0.040928,-0.000767,-0.761976,-0.466825,0.448849,0.640031,-0.648532,0.412025,0.09875,0.601231,0.792949,-0.0074,0.005083,-0.011851,0.005827,-0.069249,-0.143556,-0.64202,0.114967,0.032433,-0.029961,-0.803401,0.359151,-0.474927,-0.431833,-0.900596,0.049449,-0.409958,0.244817,0.878634,-0.000557,0.010029,-0.009797,-0.184904,-0.061038,-0.161193,-0.749686
133,0.200974,0.017386,0.421722,-0.776783,0.312821,-0.546623,-0.454339,-0.879375,0.142297,-0.435212,0.358492,0.825894,-0.001218,0.021907,-0.018732,-0.046573,-0.215927,-0.245669,-0.687089,-0.243697,0.037498,0.352334,0.714528,0.567483,0.409151,-0.699304,0.565636,0.436995,0.015664,-0.599076,0.800454,-0.012414,0.011489,-0.00723,0.160679,-0.081784,-0.308882,-0.037765,-0.002522,0.041123,-0.001031,-0.759144,-0.471527,0.448734,0.643254,-0.648949,0.40631,0.099619,0.597098,0.795958,-0.006066,0.006331,-0.003212,0.259798,-0.275051,-0.181083,-0.52739,0.114915,0.032896,-0.030369,-0.806968,0.347384,-0.477624,-0.426094,-0.902444,0.063541,-0.408956,0.254788,0.876262,-0.000601,0.011078,-0.009305,-0.041964,-0.228006,-0.243549,-0.695147
134,0.200944,0.017778,0.421405,-0.77675,0.305785,-0.550636,-0.451763,-0.879645,0.148685,-0.437937,0.363863,0.822096,-0.000695,0.013099,-0.008387,-0.112385,-0.379388,-0.087669,-0.58478,-0.243953,0.037701,0.352321,0.712644,0.569861,0.409133,-0.701228,0.565211,0.434454,0.015441,-0.597219,0.801845,-0.011479,0.015669,-0.004413,0.11862,-0.118899,-0.094023,0.096342,-0.002654,0.041235,-0.001036,-0.757306,-0.474743,0.448447,0.645418,-0.648821,0.403069,0.099608,0.594683,0.797764,-0.005596,0.008452,-0.001781,0.112775,-0.116205,-0.094802,-0.487547,0.114899,0.033092,-0.030527,-0.806904,0.340893,-0.482386,-0.423284,-0.903312,0.069689,-0.411989,0.260419,0.873181,-0.000336,0.006559,-0.004188,-0.11752,-0.398094,-0.09088,-0.678491
135,0.200917,0.018278,0.420966,-0.776657,0.282229,-0.563202,-0.436835,-0.885434,0.158599,-0.452956,0.368847,0.811671,-0.000587,0.010399,-0.009604,-0.250176,-0.696932,-0.238749,-0.423575,-0.244232,0.037986,0.352483,0.685723,0.605083,0.404537,-0.726719,0.539626,0.424991,0.037999,-0.586168,0.809214,0.001181,-0.004391,0.012624,0.112556,-0.690132,-0.719769,0.258422,-0.002792,0.041386,-0.000955,-0.736176,-0.511064,0.443684,0.672399,-0.62685,0.39362,0.076959,0.588108,0.805112,-0.00546,0.004305,0.003204,-0.282358,-1.271752,-1.743781,-0.42566,0.114886,0.033343,-0.030741,-0.807263,0.319864,-0.495995,-0.407983,-0.909706,0.077353,-0.426468,0.264802,0.864872,-0.000286,0.005234,-0.004786,-0.011346,-0.05401,-0.223039,-0.59603
136,0.200871,0.018448,0.420787,-0.776527,0.260565,-0.573721,-0.422872,-0.890496,0.167828,-0.466206,0.372604,0.802399,6.4e-05,-0.001598,-0.000725,-0.258821,-0.608346,-0.260419,-0.284733,-0.244257,0.038387,0.352769,0.651093,0.646383,0.397817,-0.75583,0.505247,0.41639,0.067338,-0.5726,0.816982,-0.009635,0.014107,0.010073,0.170706,-0.727949,-0.772453,0.371311,-0.0028,0.04158,-0.00081,-0.707477,-0.556578,0.435541,0.70521,-0.596436,0.38333,0.046419,0.578346,0.814469,0.00151,0.006798,0.004552,-0.654941,-0.822095,-1.419564,-0.129124,0.114863,0.033435,-0.030833,-0.807095,0.299411,-0.50887,-0.393417,-0.915386,0.085383,-0.440248,0.269111,0.856598,-0.00631,0.00446,-0.004945,0.031699,-0.019329,-0.032598,-0.481889
137,0.200736,0.018586,0.420639,-0.773456,0.250256,-0.582394,-0.420227,-0.890281,0.175441,-0.473632,0.380118,0.794488,0.0,-0.0,-0.0,-0.116582,-0.278154,-0.105136,-0.169236,-0.244171,0.039057,0.352903,0.612649,0.685639,0.393132,-0.784061,0.465218,0.410798,0.098002,-0.560773,0.822067,0.002546,0.021119,-0.001428,-0.444665,-0.946778,-1.482641,0.39915,-0.002759,0.041924,-0.000731,-0.674705,-0.600798,0.428736,0.737932,-0.560988,0.375163,0.015119,0.569503,0.82185,0.001004,0.004965,0.003302,-1.912669,-2.612301,-4.716481,0.178515,0.114795,0.033499,-0.030909,-0.803598,0.28906,-0.520262,-0.390256,-0.915904,0.09391,-0.449364,0.278502,0.848827,-0.006311,0.0045,-0.004926,-0.107023,-0.245503,-0.31692,-0.380486
138,0.200665,0.018714,0.420527,-0.77192,0.246461,-0.586039,-0.419444,-0.890134,0.178044,-0.476817,0.382935,0.791222,-0.012653,0.009661,-0.009553,-0.025954,-0.136744,-0.062981,-0.13547,-0.244111,0.039364,0.352909,0.612929,0.685647,0.392681,-0.783861,0.465753,0.410573,0.09785,-0.560318,0.822394,0.002218,0.019655,-0.002411,0.039321,-0.035985,0.036735,0.406216,-0.002727,0.042087,-0.000728,-0.673505,-0.602758,0.427871,0.73905,-0.560064,0.374343,0.013997,0.56834,0.822674,0.001093,0.009736,-0.001268,0.01988,-0.016819,0.045324,0.291349,0.114765,0.033558,-0.030962,-0.801977,0.285402,-0.524763,-0.389305,-0.91601,0.096774,-0.45307,0.281904,0.845728,-0.000289,0.00519,-0.004801,-0.001051,-0.110398,-0.027524,-0.346522
139,0.200557,0.019018,0.420206,-0.770351,0.228287,-0.59539,-0.407421,-0.894477,0.184093,-0.489584,0.384101,0.782816,-0.000488,0.007978,-0.010688,-0.058011,-0.218064,-0.089727,-0.052962,-0.244046,0.039799,0.352896,0.574957,0.717454,0.393289,-0.808084,0.423135,0.409746,0.126842,-0.554295,0.822516,-0.011104,0.017001,-0.003548,-2.140527,-2.266819,-4.561089,0.427356,-0.00269,0.042302,-0.000731,-0.643696,-0.635007,0.427107,0.765185,-0.525201,0.372365,-0.012137,0.566506,0.823967,0.0005,0.002219,0.001473,-0.008962,0.094233,-0.142035,0.360095,0.114706,0.033716,-0.03112,-0.800528,0.268679,-0.535692,-0.376946,-0.920651,0.101544,-0.465903,0.283216,0.838285,-0.000269,0.004773,-0.004987,-0.071993,-0.261384,-0.076529,-0.283655
140,0.200315,0.019453,0.419724,-0.767299,0.214438,-0.604412,-0.400214,-0.896513,0.189911,-0.500189,0.387341,0.774471,-0.012614,0.00902,-0.009829,-0.167303,-0.473826,-0.192067,0.011223,-0.24426,0.040357,0.352769,0.545194,0.741361,0.39133,-0.824396,0.389848,0.410273,0.15092,-0.547217,0.823188,0.001351,0.025368,-0.014089,0.065752,-0.039707,0.018522,0.434618,-0.002798,0.04257,-0.00079,-0.613608,-0.666318,0.423679,0.788588,-0.489834,0.37174,-0.040165,0.562211,0.826017,-0.005591,0.00824,-0.001944,-0.030932,0.032734,-0.279101,0.390956,0.11459,0.033921,-0.031356,-0.798219,0.257199,-0.544695,-0.369629,-0.923138,0.105774,-0.475624,0.285766,0.831935,-0.006298,0.004517,-0.00491,-0.227457,-0.623511,-0.253455,-0.228136
141,0.200155,0.019714,0.419461,-0.766543,0.212454,-0.60607,-0.399394,-0.896706,0.190722,-0.501998,0.387988,0.772974,-0.001145,0.020566,-0.01926,0.017779,-0.141581,-0.006347,0.042819,-0.244369,0.040739,0.352589,0.541688,0.745216,0.388869,-0.825825,0.385901,0.411128,0.155638,-0.544774,0.82393,0.001263,0.024938,-0.014362,0.072269,-0.049886,0.053717,0.430728,-0.002857,0.042776,-0.000887,-0.610777,-0.670584,0.421032,0.790518,-0.486164,0.372456,-0.045073,0.560321,0.827047,0.000601,0.012292,-0.007295,0.075852,-0.043623,0.053903,0.393243,0.114506,0.034052,-0.031492,-0.796765,0.254053,-0.548289,-0.368538,-0.92335,0.107714,-0.478899,0.287888,0.829322,-0.006327,0.005349,-0.004528,-0.011275,-0.120864,-0.030522,-0.191559
142,0.199732,0.020327,0.418863,-0.764059,0.206676,-0.611183,-0.39748,-0.896961,0.193501,-0.507269,0.390517,0.768246,-0.012611,0.009482,-0.009603,0.019008,-0.029657,-0.022713,0.11635,-0.244535,0.041676,0.352028,0.54652,0.748009,0.376549,-0.820852,0.389787,0.417375,0.164745,-0.538132,0.82652,0.00088,0.023167,-0.015505,0.068003,-0.039126,0.033197,0.43089,-0.00294,0.043235,-0.001162,-0.616633,-0.672689,0.408965,0.785339,-0.489447,0.379055,-0.05482,0.554915,0.830098,0.000442,0.011548,-0.007775,0.067582,-0.040766,0.037757,0.393079,0.114293,0.03437,-0.031797,-0.794297,0.248847,-0.554225,-0.366466,-0.923858,0.110395,-0.484554,0.290791,0.825013,-0.006295,0.004728,-0.004802,0.048398,0.027225,-0.007909,-0.103708
143,0.19919,0.020965,0.418216,-0.762541,0.196604,-0.616379,-0.390407,-0.899525,0.19598,-0.514974,0.389832,0.763452,-0.013142,0.019402,-0.019363,-0.012499,-0.196525,-0.063562,0.208844,-0.24472,0.042874,0.351145,0.530947,0.762202,0.370317,-0.827971,0.3739,0.417847,0.179359,-0.529422,0.829099,-0.011823,0.032579,-0.024,0.087757,-0.055367,-0.02234,0.436615,-0.003027,0.043833,-0.001599,-0.603331,-0.688679,0.402133,0.794397,-0.474628,0.379025,-0.070163,0.548131,0.833443,-0.005987,0.01588,-0.01227,0.049384,-0.079586,-0.134387,0.397815,0.114027,0.034681,-0.032114,-0.793026,0.239964,-0.559934,-0.359352,-0.926468,0.111899,-0.49191,0.289953,0.820945,-0.006563,0.00978,-0.009638,-0.050495,-0.27302,-0.087058,0.007329
144,0.198494,0.021469,0.417728,-0.760888,0.192746,-0.619632,-0.388929,-0.89981,0.197607,-0.518521,0.391105,0.760395,-0.01261,0.010458,-0.009139,-0.121957,-0.364163,-0.153227,0.31399,-0.245095,0.044132,0.35007,0.514651,0.77371,0.369457,-0.836946,0.360107,0.412044,0.185116,-0.522243,0.832381,-0.012704,0.028481,-0.02665,0.173866,-0.117426,-0.076756,0.434292,-0.003214,0.044466,-0.002134,-0.58887,-0.701973,0.400579,0.804604,-0.462291,0.372689,-0.076434,0.541774,0.837041,-0.000182,0.013452,-0.014155,0.19865,-0.158096,-0.061989,0.400917,0.113679,0.034935,-0.032362,-0.791906,0.237392,-0.562608,-0.357894,-0.926943,0.112635,-0.494768,0.29055,0.819013,-0.012319,0.005169,-0.004399,-0.258864,-0.616693,-0.257722,0.152984
145,0.198105,0.021645,0.417564,-0.761085,0.192615,-0.61943,-0.388429,-0.900097,0.19728,-0.518606,0.390507,0.760643,-0.01257,0.009504,-0.009568,0.032403,0.001933,-0.010595,0.3473,-0.245337,0.044753,0.349455,0.511684,0.775654,0.369502,-0.839286,0.359583,0.407717,0.182742,-0.519712,0.834487,-0.012596,0.038408,-0.035406,0.228656,-0.063295,-0.25487,0.431495,-0.003331,0.044761,-0.002429,-0.58645,-0.704015,0.400547,0.806562,-0.46216,0.368598,-0.074381,0.539231,0.838866,-0.006496,0.013479,-0.01381,0.272803,-0.131572,-0.314854,0.398958,0.113485,0.035026,-0.032443,-0.791446,0.236066,-0.563813,-0.357233,-0.92712,0.113279,-0.495981,0.291067,0.818096,-0.012032,-0.000324,0.000245,0.007206,0.046766,-0.054671,0.213728
146,0.197244,0.021825,0.417278,-0.758921,0.186271,-0.624009,-0.386629,-0.899938,0.201496,-0.523097,0.393943,0.755781,-0.011996,-0.001707,-0.000392,-0.09016,-0.19583,-0.111932,0.396794,-0.245672,0.04596,0.348221,0.506694,0.779475,0.368335,-0.843252,0.359512,0.399514,0.178358,-0.514008,0.838956,-0.000479,0.026418,-0.028541,0.17048,-0.140536,-0.018638,0.416567,-0.003505,0.045358,-0.00305,-0.581783,-0.708791,0.398927,0.810286,-0.462599,0.359775,-0.070462,0.532557,0.843455,-0.006521,0.013295,-0.013903,0.178919,-0.133974,-0.094737,0.387527,0.113054,0.03512,-0.03259,-0.789403,0.23067,-0.568886,-0.355426,-0.927328,0.11719,-0.500513,0.294707,0.814022,-0.012004,-0.001257,-0.000175,-0.118085,-0.324173,0.020157,0.303375
147,0.196277,0.021827,0.417257,-0.758493,0.180829,-0.626127,-0.384481,-0.899888,0.205785,-0.525294,0.396591,0.752867,-0.024076,-0.000458,0.000557,-0.018754,-0.009907,-0.074496,0.445001,-0.246032,0.04741,0.346912,0.502828,0.783322,0.36546,-0.846471,0.360927,0.391347,0.174019,-0.507114,0.844047,-9.8e-05,0.037453,-0.036451,0.149434,-0.067163,0.024908,0.422622,-0.003689,0.046095,-0.003714,-0.578239,-0.713371,0.395904,0.813127,-0.464165,0.351245,-0.066803,0.525024,0.84846,-0.006126,0.019648,-0.017297,0.114777,-0.026282,0.001556,0.380832,0.112584,0.035118,-0.032602,-0.7887,0.225157,-0.572062,-0.35306,-0.927658,0.121647,-0.503289,0.297916,0.811138,-0.01204,-0.000104,0.000349,-0.002272,0.01777,-0.069437,0.368691
148,0.195807,0.02182,0.417291,-0.757288,0.176195,-0.6289,-0.383312,-0.899539,0.20946,-0.527877,0.399462,0.749535,-0.024117,0.001253,0.001333,-0.123168,-0.266269,-0.143812,0.464506,-0.2462,0.048147,0.346227,0.489267,0.792683,0.363681,-0.853735,0.350433,0.385055,0.177171,-0.499876,0.847702,-0.012977,0.026781,-0.027567,0.160944,8.5e-05,-0.238742,0.440289,-0.003768,0.046469,-0.004059,-0.566322,-0.724246,0.393378,0.821156,-0.454949,0.344562,-0.07058,0.518158,0.852367,-0.000126,0.018256,-0.018505,0.190601,-0.13973,-0.038137,0.392263,0.112341,0.035112,-0.032586,-0.787895,0.221527,-0.574582,-0.351822,-0.927715,0.12476,-0.505411,0.300448,0.808881,-0.012039,-0.000112,0.000346,-0.191386,-0.390345,-0.211859,0.402002
149,0.194923,0.021782,0.417282,-0.755702,0.168969,-0.63278,-0.381237,-0.899082,0.215132,-0.531635,0.403599,0.744647,-0.024013,-0.003191,-0.000677,-0.171125,-0.350268,-0.238474,0.486455,-0.246488,0.049315,0.344809,0.458523,0.811068,0.363202,-0.870355,0.327582,0.367566,0.178572,-0.48567,0.855628,-0.013852,0.032317,-0.03916,0.358957,-0.351622,-0.22997,0.438905,-0.003911,0.047057,-0.004759,-0.538639,-0.745711,0.392149,0.839344,-0.434458,0.32672,-0.073267,0.505133,0.859925,-0.001227,0.008742,-0.017182,0.420548,-0.462396,-0.319483,0.405816,0.111898,0.035103,-0.032586,-0.786548,0.215289,-0.578785,-0.34958,-0.927852,0.129936,-0.509053,0.304533,0.805061,-0.006003,-0.000748,-0.000133,-0.291139,-0.61269,-0.251815,0.448377
150,0.194203,0.021673,0.417267,-0.754925,0.163803,-0.635061,-0.379553,-0.898792,0.219281,-0.533935,0.406372,0.741487,-0.024029,-0.002997,-0.000588,-0.022124,-0.01705,-0.077268,0.498498,-0.246822,0.049944,0.343455,0.445866,0.8188,0.36161,-0.879262,0.325298,0.34787,0.166651,-0.474081,0.864487,-0.003477,0.013299,-0.037219,0.521293,-0.331771,-0.274459,0.423904,-0.004082,0.047385,-0.00545,-0.527111,-0.755078,0.389884,0.847502,-0.433408,0.306426,-0.062396,0.491948,0.868385,-0.001772,0.006417,-0.018761,0.590818,-0.373702,-0.298289,0.398958,0.111538,0.035045,-0.032595,-0.785115,0.209265,-0.582925,-0.347565,-0.927883,0.135017,-0.512633,0.308608,0.801229,-0.005991,-0.001512,-0.00048,-0.001065,0.015501,-0.066149,0.471564
151,0.193905,0.021656,0.417258,-0.754505,0.161235,-0.636216,-0.37872,-0.898646,0.221308,-0.535117,0.407721,0.739892,-0.012034,-0.000587,0.00012,-0.015308,-0.018223,-0.042422,0.502224,-0.246932,0.049984,0.342836,0.440301,0.82279,0.359364,-0.882902,0.32436,0.339425,0.162165,-0.467766,0.86877,-0.004221,0.000735,-0.030382,0.298806,-0.418033,-0.076216,0.403342,-0.004134,0.047406,-0.005741,-0.522173,-0.759706,0.387532,0.850826,-0.432849,0.297886,-0.058563,0.48527,0.8724,-0.002103,0.000317,-0.015218,0.442858,-0.485661,-0.338605,0.386221,0.111385,0.035031,-0.032601,-0.784715,0.206853,-0.584322,-0.346623,-0.927945,0.137,-0.51388,0.310046,0.799873,-0.006017,-0.000245,9.2e-05,0.004548,0.016932,-0.034027,0.479239
152,0.19347,0.021691,0.417278,-0.753051,0.156794,-0.639043,-0.377799,-0.898182,0.224741,-0.537807,0.410471,0.736413,-0.012059,0.000915,0.0008,-0.028205,-0.047719,-0.053944,0.506879,-0.246961,0.049691,0.341968,0.433646,0.829297,0.352435,-0.888129,0.327602,0.322241,0.151237,-0.453787,0.878105,-0.00348,-0.005469,-0.019249,0.463321,-0.654925,-0.2696,0.363561,-0.004155,0.047243,-0.006204,-0.517159,-0.766575,0.380669,0.854477,-0.436886,0.281069,-0.049151,0.47063,0.880959,-0.00168,-0.002533,-0.009484,0.395971,-0.600691,-0.254692,0.336417,0.111163,0.035049,-0.032591,-0.783305,0.202827,-0.587616,-0.345577,-0.927826,0.140404,-0.516728,0.313046,0.796864,-0.006032,0.000533,0.000443,-0.010086,-0.014874,-0.045483,0.489036
153,0.193262,0.021742,0.417319,-0.751963,0.155002,-0.640758,-0.377801,-0.897842,0.226094,-0.539324,0.411896,0.734506,-3.5e-05,0.001982,0.000897,-0.000628,-0.014132,0.025405,0.512489,-0.246984,0.049489,0.341524,0.423844,0.838582,0.34224,-0.893748,0.326276,0.307721,0.145859,-0.437356,0.887304,-0.002034,-0.008689,-0.005995,0.52131,-0.675365,-0.35916,0.286685,-0.004168,0.047137,-0.00643,-0.509238,-0.776918,0.370235,0.859426,-0.436359,0.266415,-0.045428,0.453858,0.889915,-0.000931,-0.004005,-0.002768,0.47818,-0.639389,-0.350824,0.269468,0.111059,0.035074,-0.032571,-0.782335,0.201314,-0.589426,-0.345473,-0.927667,0.141703,-0.518265,0.31449,0.795296,-3e-06,0.000183,8.7e-05,0.014666,-0.058367,0.188434,0.497038
154,0.193262,0.021726,0.417311,-0.750487,0.153627,-0.642816,-0.378231,-0.897425,0.227026,-0.541074,0.413317,0.732417,1.4e-05,-0.000773,-0.00035,0.005212,-0.075626,0.183885,0.512086,-0.24706,0.04928,0.341252,0.39914,0.850804,0.341776,-0.908701,0.31771,0.270658,0.121198,-0.419673,0.899471,-0.001776,-0.007575,-0.005242,0.761205,-0.73152,-0.567488,0.146155,-0.004204,0.047038,-0.006561,-0.486314,-0.792381,0.36828,0.873504,-0.430207,0.227841,-0.0221,0.432496,0.901364,-0.000851,-0.003626,-0.002518,0.868093,-0.835925,-0.601005,0.101606,0.111059,0.035071,-0.032572,-0.781007,0.200169,-0.591573,-0.345793,-0.927392,0.142723,-0.520052,0.31603,0.793517,0.006028,-0.000467,-0.000403,0.007042,-0.003297,0.032771,0.500467
155,0.193307,0.02172,0.417318,-0.750259,0.153894,-0.643019,-0.378518,-0.897362,0.226798,-0.541189,0.413355,0.732311,0.0,-1.3e-05,-6e-06,-8e-06,-1.8e-05,-7e-06,0.510578,-0.247106,0.049151,0.341187,0.401763,0.849724,0.341389,-0.911134,0.333999,0.241272,0.090496,-0.409055,0.907936,-0.001134,-0.004832,-0.003347,1.157236,-1.003832,-0.118564,0.122694,-0.004227,0.046973,-0.006594,-0.489188,-0.790217,0.369121,0.87215,-0.446612,0.19973,0.007024,0.419635,0.907665,-0.000607,-0.002641,-0.001821,1.72824,0.153483,0.698547,0.041351,0.111081,0.035066,-0.03257,-0.780759,0.20064,-0.591741,-0.346199,-0.927295,0.142369,-0.520154,0.316016,0.793455,-0.0,-9e-06,-3e-06,0.000611,0.001944,0.001035,0.500303
156,0.193478,0.021747,0.417303,-0.749625,0.154627,-0.643582,-0.379241,-0.897239,0.226076,-0.541562,0.413348,0.732039,-7e-06,0.000371,0.000168,-0.0,-0.0,-0.0,0.507463,-0.247328,0.048913,0.341065,0.420713,0.84433,0.331812,-0.906432,0.377159,0.189912,0.034685,-0.381728,0.92355,-0.014341,-0.00704,-0.004322,2.270908,0.799917,-0.982044,0.185273,-0.00433,0.046867,-0.006647,-0.507886,-0.783596,0.357809,0.8595,-0.488708,0.149741,0.057528,0.383589,0.921709,-0.001041,-0.004417,-0.003067,0.271627,-0.704953,0.154103,0.034167,0.111167,0.035079,-0.032577,-0.78017,0.201476,-0.592233,-0.346975,-0.927109,0.141684,-0.52052,0.316028,0.793211,0.006014,0.000408,-1.2e-05,0.006408,-0.08917,0.214266,0.498344
157,0.193613,0.021767,0.417307,-0.748888,0.155491,-0.644232,-0.380121,-0.897068,0.225274,-0.541965,0.413393,0.731715,-4e-06,0.000199,9e-05,-0.0,-0.0,-0.0,0.504905,-0.247662,0.048035,0.340777,0.425445,0.847053,0.318572,-0.904734,0.391396,0.167924,0.01703,-0.360734,0.93244,0.007091,-0.033196,-0.008131,1.79473,1.415584,-0.466133,0.202264,-0.004501,0.046455,-0.006777,-0.511923,-0.786933,0.344484,0.855949,-0.501211,0.127033,0.072693,0.359892,0.930157,0.003386,-0.017282,-0.004536,0.300692,-0.690239,0.372565,0.075316,0.111234,0.03509,-0.032575,-0.77948,0.202439,-0.592813,-0.347908,-0.926873,0.140941,-0.520931,0.316105,0.79291,0.006016,0.000277,-6.9e-05,0.000819,-0.01465,0.02984,0.495241
158,0.19373,0.021786,0.417312,-0.748262,0.156224,-0.644782,-0.380866,-0.896923,0.224594,-0.542307,0.413432,0.73144,-1e-06,7.6e-05,3.4e-05,-0.0,-0.0,-0.0,0.500985,-0.24766,0.047505,0.340554,0.427048,0.8456,0.320284,-0.90414,0.39783,0.155553,0.003592,-0.357076,0.933995,-0.00503,-0.021258,-0.014913,0.439814,-0.42688,0.129788,0.223308,-0.004517,0.045946,-0.007044,-0.509616,-0.780983,0.361048,0.853138,-0.513081,0.094351,0.111561,0.356107,0.927761,-0.002549,-0.010789,-0.007593,0.619542,0.291201,0.061774,0.122997,0.111293,0.0351,-0.032572,-0.778894,0.203254,-0.593305,-0.348695,-0.926673,0.140311,-0.521282,0.31617,0.792654,0.006017,0.000193,-0.000107,0.000872,-0.01467,0.029742,0.491975
159,0.193784,0.021796,0.417315,-0.747997,0.156532,-0.645014,-0.38118,-0.896861,0.224307,-0.542452,0.413448,0.731323,-1e-06,3.3e-05,1.5e-05,-0.0,-0.0,-0.0,0.498798,-0.247748,0.046776,0.339954,0.421885,0.834864,0.35356,-0.905342,0.408331,0.116426,-0.047686,-0.370265,0.927628,-0.003714,-0.006237,-0.020127,0.545355,0.318723,0.186733,0.304163,-0.004546,0.045791,-0.007201,-0.504539,-0.775045,0.380452,0.852035,-0.518183,0.074305,0.139554,0.361649,0.92181,-0.002064,-0.008721,-0.006164,1.608748,1.82351,-0.428047,0.169045,0.11132,0.035104,-0.032571,-0.778646,0.203596,-0.593512,-0.349026,-0.926589,0.140045,-0.52143,0.316197,0.792546,0.006016,0.000171,-0.000118,0.000882,-0.014697,0.029705,0.489853
160,0.193875,0.02179,0.417309,-0.747199,0.157477,-0.645709,-0.382136,-0.896673,0.223433,-0.542879,0.413497,0.730979,8e-06,-0.000437,-0.000198,-0.0,-0.0,-0.0,0.491581,-0.247771,0.046181,0.33948,0.391155,0.838887,0.378493,-0.917454,0.38757,0.089443,-0.072136,-0.383293,0.920731,-0.003199,-0.013485,-0.009588,-1.603081,-0.183061,-4.878245,0.348576,-0.004557,0.045497,-0.007441,-0.478626,-0.780183,0.402778,0.862291,-0.504113,0.048199,0.165442,0.370381,0.914027,0.004651,-0.007378,-0.005513,0.000296,-0.244526,0.34042,0.251506,0.111365,0.035102,-0.032573,-0.777901,0.204638,-0.594131,-0.350028,-0.926333,0.139236,-0.521871,0.316274,0.792225,9e-06,-0.000297,-0.000134,-2.7e-05,4.9e-05,0.000124,0.482668
161,0.193965,0.021786,0.417315,-0.746564,0.158223,-0.646261,-0.382906,-0.896512,0.22276,-0.543211,0.41356,0.730696,-1.4e-05,0.000704,0.000318,-0.0,-0.0,-0.0,0.487134,-0.247787,0.045392,0.339375,0.384156,0.842121,0.378481,-0.920468,0.380916,0.087032,-0.071346,-0.382874,0.920967,-0.002887,-0.021615,0.000375,-0.028919,-0.079239,0.12515,0.351465,-0.004561,0.045108,-0.007502,-0.466881,-0.786698,0.40389,0.868845,-0.49314,0.043811,0.164709,0.371373,0.913757,-0.001432,-0.010764,0.000218,-0.031201,-0.083696,0.130998,0.282695,0.11141,0.035097,-0.032572,-0.777308,0.205461,-0.594623,-0.350833,-0.926121,0.138615,-0.522213,0.31636,0.791964,-8e-06,0.000409,0.000185,-5.2e-05,7e-06,5.3e-05,0.475483
162,0.194001,0.021795,0.417318,-0.746327,0.158501,-0.646466,-0.383186,-0.896456,0.222502,-0.543338,0.413575,0.730593,-9e-06,0.000447,0.000202,-0.0,-0.0,-0.0,0.486392,-0.247969,0.045027,0.339393,0.379873,0.845365,0.375561,-0.922413,0.376419,0.086014,-0.069118,-0.380162,0.92226,-0.002779,-0.021127,0.000715,0.089343,-0.198376,0.036566,0.353069,-0.004658,0.044912,-0.007491,-0.463683,-0.790239,0.400647,0.871048,-0.489313,0.042969,0.162086,0.368907,0.915223,-0.001359,-0.010434,0.000454,0.112089,-0.218653,0.029511,0.286287,0.111428,0.035103,-0.03257,-0.777087,0.205767,-0.594806,-0.351128,-0.926045,0.138376,-0.522345,0.316383,0.791868,-5e-06,0.00029,0.000129,-1.6e-05,1.9e-05,6e-05,0.47336
163,0.194073,0.021805,0.41732,-0.745948,0.15894,-0.646795,-0.383633,-0.896366,0.222093,-0.543543,0.413599,0.730427,-0.0,2e-06,1e-06,-0.0,-0.0,-0.0,0.480986,-0.248487,0.044438,0.339454,0.369016,0.851474,0.372575,-0.926782,0.366998,0.079508,-0.069484,-0.375708,0.924056,-0.013607,-0.003141,-0.001721,0.295427,-0.286841,-0.253261,0.376985,-0.004913,0.044621,-0.007464,-0.454582,-0.796934,0.397807,0.875908,-0.481037,0.037247,0.161676,0.365375,0.916712,-0.007039,-0.007254,0.002993,0.52476,-0.519674,-0.416942,0.306045,0.111464,0.035109,-0.032568,-0.776733,0.206251,-0.5951,-0.351594,-0.925925,0.137997,-0.522557,0.316421,0.791714,0.006019,0.000161,-0.00012,0.00099,-0.014678,0.029609,0.468625
164,0.194119,0.021784,0.41733,-0.745572,0.159382,-0.647121,-0.384108,-0.896255,0.221721,-0.543724,0.41367,0.730252,0.0,-3e-06,-2e-06,-0.0,-0.0,-0.0,0.471617,-0.248539,0.044043,0.339611,0.342955,0.869565,0.355288,-0.936902,0.343666,0.063581,-0.067228,-0.355772,0.932078,-0.000755,-0.012589,0.006831,0.485106,-0.514029,-0.408316,0.381646,-0.004943,0.044422,-0.007386,-0.43187,-0.818289,0.379328,0.888084,-0.459224,0.020452,0.157461,0.345708,0.925035,-0.000105,-0.000412,-0.000297,0.542441,-0.555849,-0.436704,0.322048,0.111487,0.035098,-0.032564,-0.776382,0.206737,-0.59539,-0.352088,-0.925787,0.137658,-0.522746,0.316505,0.791555,3e-06,-1e-06,-1e-06,1.1e-05,1.2e-05,5.2e-05,0.458011
165,0.194128,0.021792,0.417334,-0.745462,0.159512,-0.647215,-0.384239,-0.896229,0.2216,-0.543782,0.413677,0.730205,-1e-06,4.5e-05,2e-05,0.005637,-0.074554,0.184305,0.468641,-0.248611,0.043877,0.339745,0.32791,0.87799,0.348713,-0.942293,0.33009,0.055309,-0.066942,-0.347833,0.935091,-0.000336,-0.010839,0.008091,0.320791,-0.346599,-0.284889,0.383434,-0.004979,0.044339,-0.007319,-0.417883,-0.829121,0.371389,0.894884,-0.446165,0.010857,0.156699,0.336887,0.928413,-0.006333,-0.004273,0.005133,0.418409,-0.429629,-0.381023,0.32662,0.111492,0.035102,-0.032562,-0.776357,0.20677,-0.595411,-0.352121,-0.925779,0.137632,-0.522761,0.316508,0.791544,1e-06,1.9e-05,8e-06,-1e-06,2.5e-05,3.6e-05,0.452786
166,0.194137,0.021809,0.417352,-0.745253,0.159761,-0.647394,-0.384503,-0.896167,0.22139,-0.543882,0.413713,0.73011,-2.2e-05,0.001074,0.000486,0.0,0.0,0.0,0.468924,-0.248669,0.04368,0.340214,0.300415,0.894239,0.33178,-0.951604,0.304394,0.041563,-0.064186,-0.329337,0.941955,0.001554,-0.002966,0.013737,-0.041916,-0.650206,-1.964267,0.380999,-0.00501,0.044232,-0.00709,-0.395613,-0.847213,0.354568,0.905785,-0.423732,-0.001839,0.1518,0.320435,0.935027,0.000628,-0.00703,0.010849,-1.770219,-0.468752,-5.339657,0.329069,0.111496,0.035109,-0.032554,-0.776084,0.207154,-0.595633,-0.352501,-0.925676,0.137354,-0.52291,0.31656,0.791425,-1.4e-05,0.000701,0.000318,-3e-06,1.5e-05,2.2e-05,0.448867
167,0.194146,0.021817,0.417344,-0.744895,0.160191,-0.6477,-0.384919,-0.896091,0.220975,-0.544079,0.413711,0.729965,5e-06,-0.000263,-0.000119,0.0,0.0,0.0,0.47229,-0.248509,0.043465,0.340865,0.286581,0.903568,0.318478,-0.956136,0.29053,0.036459,-0.059928,-0.316096,0.94676,0.001709,-0.011748,0.0233,0.035524,-0.102854,-0.060264,0.391401,-0.00493,0.044132,-0.006771,-0.381168,-0.860167,0.338853,0.912816,-0.408259,-0.009548,0.146553,0.305672,0.94079,0.006968,-0.00716,0.010465,0.03113,-0.097704,-0.077634,0.332172,0.1115,0.035115,-0.032556,-0.77575,0.207626,-0.595904,-0.352937,-0.925567,0.136967,-0.523112,0.316569,0.791288,4e-06,-0.000189,-8.5e-05,-1e-05,-3e-06,6e-06,0.449683
168,0.194191,0.021802,0.417336,-0.744595,0.160541,-0.647958,-0.385273,-0.89602,0.220649,-0.544239,0.41373,0.729835,1e-06,-6.4e-05,-2.9e-05,0.0,0.0,0.0,0.474481,-0.248388,0.04311,0.341726,0.279464,0.907534,0.313485,-0.958476,0.282736,0.036304,-0.056021,-0.311758,0.948436,0.002271,-0.009393,0.024967,-0.023704,-0.042296,-0.014454,0.413085,-0.004874,0.043959,-0.006343,-0.374895,-0.864877,0.333826,0.916108,-0.400813,-0.009615,0.142117,0.302217,0.942585,0.001112,-0.004736,0.012456,-0.026436,-0.040369,-0.016351,0.356176,0.111523,0.035106,-0.032561,-0.77547,0.20801,-0.596134,-0.353306,-0.925471,0.136665,-0.523277,0.316598,0.791167,1e-06,-3.5e-05,-1.6e-05,-3e-06,-1e-05,2e-06,0.453929
169,0.194245,0.021795,0.417331,-0.744353,0.160819,-0.648168,-0.385556,-0.895962,0.220388,-0.54437,0.413746,0.729727,0.012053,-0.000632,-0.00067,0.000984,-0.014715,0.029553,0.473822,-0.248285,0.042945,0.3422,0.271438,0.911001,0.310467,-0.960807,0.275111,0.033137,-0.05555,-0.308443,0.949548,0.002603,-0.007993,0.025949,-1.611242,-0.341366,-5.382453,0.418205,-0.004817,0.043873,-0.006098,-0.373017,-0.866738,0.331093,0.916766,-0.399235,-0.012272,0.142821,0.298957,0.943518,0.00768,-0.004139,0.012598,0.18075,-0.259739,-0.119496,0.366136,0.111546,0.035105,-0.032562,-0.775257,0.2083,-0.59631,-0.353585,-0.925398,0.136437,-0.523405,0.31662,0.791074,1.1e-05,-0.000654,-0.000296,-1.3e-05,-1.6e-05,-7e-06,0.454255
170,0.194371,0.021815,0.417336,-0.74404,0.161163,-0.648441,-0.385911,-0.89589,0.22006,-0.544546,0.413768,0.729584,-2e-06,8.8e-05,4e-05,0.0,0.0,0.0,0.468401,-0.24809,0.04288,0.343228,0.265837,0.91465,0.304527,-0.962194,0.27095,0.026524,-0.058569,-0.301219,0.951683,0.003999,-0.002083,0.030062,0.095296,-0.164519,-0.10317,0.421706,-0.00472,0.043834,-0.005576,-0.362953,-0.873576,0.324236,0.920693,-0.389794,-0.019574,0.143485,0.291418,0.945773,0.002056,-0.000735,0.015246,0.080688,-0.150845,-0.096883,0.376587,0.111613,0.035114,-0.032561,-0.774952,0.208697,-0.596568,-0.353972,-0.925297,0.136119,-0.523595,0.316654,0.790934,0.006016,0.000228,-9.1e-05,0.001006,-0.014707,0.02957,0.452296
171,0.194507,0.02182,0.417344,-0.743735,0.161496,-0.648708,-0.38627,-0.895809,0.219759,-0.544708,0.413814,0.729437,-0.0,1e-06,0.0,0.0,0.0,0.0,0.46062,-0.247914,0.042935,0.344423,0.253834,0.920642,0.296611,-0.965282,0.260458,0.01803,-0.060957,-0.292051,0.954386,0.00535,0.013148,0.02488,0.03859,-0.103491,0.003252,0.428774,-0.004631,0.043862,-0.004978,-0.351981,-0.88128,0.315361,0.924695,-0.379618,-0.028773,0.145074,0.281486,0.948534,0.002703,0.006772,0.012575,-0.033524,-0.035127,0.032206,0.382629,0.111681,0.035116,-0.032556,-0.774667,0.209066,-0.596809,-0.354346,-0.925194,0.135844,-0.523765,0.316711,0.790799,2e-06,-1e-05,-5e-06,1.8e-05,2.5e-05,5e-06,0.442335
172,0.194579,0.02183,0.417336,-0.743525,0.161731,-0.64889,-0.386496,-0.89577,0.219518,-0.544834,0.413805,0.729348,0.012032,0.000364,-0.00022,0.000984,-0.014715,0.029553,0.456931,-0.247815,0.043064,0.344996,0.245035,0.924707,0.291319,-0.967479,0.252504,0.012663,-0.06214,-0.286115,0.956107,0.005106,0.002696,0.03323,0.11749,-0.100384,-0.266724,0.432817,-0.004581,0.043929,-0.004691,-0.344289,-0.88617,0.310107,0.927543,-0.372184,-0.033778,0.14535,0.276009,0.9501,0.002573,0.001514,0.016729,0.108751,-0.091599,-0.26284,0.387854,0.111713,0.035121,-0.032561,-0.774484,0.209308,-0.596961,-0.354567,-0.92514,0.135631,-0.523885,0.316707,0.790721,3e-06,-8e-06,-5e-06,3.2e-05,3.4e-05,7e-06,0.4376
173,0.194679,0.021817,0.417338,-0.743302,0.161973,-0.649085,-0.386762,-0.895708,0.219304,-0.54495,0.413844,0.729239,0.0,-1e-06,-1e-06,0.0,0.0,0.0,0.452467,-0.247598,0.043439,0.34624,0.236632,0.929862,0.281696,-0.969622,0.244327,0.008409,-0.061287,-0.276302,0.959044,0.00625,0.007656,0.036478,0.064485,-0.162955,-0.029976,0.433947,-0.004475,0.04411,-0.004084,-0.337024,-0.89238,0.30012,0.930507,-0.364274,-0.03821,0.143424,0.266386,0.953135,0.002997,0.003371,0.017924,0.078477,-0.156519,-0.066926,0.393896,0.111767,0.035114,-0.03256,-0.774262,0.209594,-0.597149,-0.354859,-0.925059,0.135422,-0.524015,0.316756,0.790615,2e-06,3e-06,-0.0,1.4e-05,1e-05,-2e-06,0.429272
174,0.194724,0.021819,0.417348,-0.743226,0.162053,-0.649153,-0.38686,-0.89568,0.219245,-0.544984,0.413873,0.729197,0.000486,-0.009631,0.009886,-0.035704,0.007663,-0.020924,0.45269,-0.247456,0.043715,0.347858,0.230679,0.933862,0.273276,-0.970812,0.2397,0.000782,-0.065046,-0.266659,0.961522,-0.005038,0.013931,0.041104,0.392605,-0.488073,-0.302295,0.432458,-0.0044,0.044246,-0.003276,-0.332989,-0.896183,0.293211,0.9317,-0.36056,-0.043933,0.145092,0.258556,0.955037,0.003403,0.000442,0.0236,-0.029047,0.029095,-0.206515,0.394059,0.111789,0.035119,-0.032558,-0.774183,0.209695,-0.597217,-0.354958,-0.925033,0.13534,-0.524066,0.316765,0.790578,-0.0,3.2e-05,1.3e-05,-2e-06,-1.3e-05,-2e-06,0.427312
175,0.194733,0.021804,0.417351,-0.743065,0.162243,-0.64929,-0.387065,-0.89563,0.219088,-0.545058,0.413907,0.729122,3e-06,-0.00014,-6.3e-05,0.0,0.0,0.0,0.453933,-0.247257,0.044037,0.349695,0.221915,0.937414,0.268326,-0.972911,0.231026,-0.002043,-0.064167,-0.261787,0.962919,0.008449,0.007857,0.051578,-0.042473,-0.086172,0.034199,0.441561,-0.004303,0.04441,-0.002344,-0.323954,-0.901852,0.28586,0.934929,-0.351413,-0.049148,0.144779,0.251338,0.957009,0.004263,0.004221,0.025985,-0.089672,-0.040666,0.053289,0.399121,0.111794,0.035108,-0.032553,-0.774041,0.209891,-0.597332,-0.355173,-0.924967,0.135228,-0.52413,0.316828,0.79051,3e-06,-8.7e-05,-4.1e-05,2e-06,4e-06,-3e-06,0.427476
