frame,MLTx,MLTy,MLTz,MLTR1,MLTR2,MLTR3,MLTR4,MLTR5,MLTR6,MLTR7,MLTR8,MLTR9,MLTTVx,MLTTVy,MLTTVz,MLTRVx,MLTRVy,MLTRVz,MLGA,MRTx,MRTy,MRTz,MRTR1,MRTR2,MRTR3,MRTR4,MRTR5,MRTR6,MRTR7,MRTR8,MRTR9,MRTTVx,MRTTVy,MRTTVz,MRTRVx,MRTRVy,MRTRVz,MRGA,SLTx,SLTy,SLTz,SLTR1,SLTR2,SLTR3,SLTR4,SLTR5,SLTR6,SLTR7,SLTR8,SLTR9,SLTTVx,SLTTVy,SLTTVz,SLTRVx,SLTRVy,SLTRVz,SLGA,SRTx,SRTy,SRTz,SRTR1,SRTR2,SRTR3,SRTR4,SRTR5,SRTR6,SRTR7,SRTR8,SRTR9,SRTTVx,SRTTVy,SRTTVz,SRTRVx,SRTRVy,SRTRVz,SRGA
424,0.128373,0.010582,0.316324,-0.043023,0.512629,-0.857558,-0.518085,-0.745314,-0.419603,-0.854204,0.425594,0.298717,-0.004288,-0.039535,-0.000317,-0.007628,-0.310883,-0.088032,-1.91299,-0.147318,0.018848,0.298524,0.402293,-0.241776,0.883004,-0.32466,0.864053,0.384631,-0.856433,-0.441106,0.267974,0.011755,0.039297,0.075774,-0.085839,0.134951,-0.182079,-0.936275,0.046093,0.028526,-0.027329,-0.324242,0.25968,0.909633,0.222202,-0.913772,0.340067,0.919506,0.312387,0.238582,-0.000475,0.013631,0.042151,-0.1139,0.077892,-0.100499,-0.911776,0.079262,0.029447,-0.081534,-0.22763,0.548413,-0.804628,-0.386974,-0.809215,-0.442064,-0.893552,0.210744,0.396423,0.004465,-0.026437,0.002908,-0.048542,-0.174389,-0.219801,-0.909221
425,0.128802,0.008897,0.316127,-0.023331,0.502737,-0.86415,-0.513493,-0.747621,-0.421142,-0.857759,0.43328,0.276669,0.009447,-0.033536,-0.013132,0.072802,-0.632711,0.003023,-1.912679,-0.147315,0.019888,0.301613,0.391405,-0.235496,0.88957,-0.333154,0.864772,0.375646,-0.858201,-0.443097,0.258878,-0.000486,0.021936,0.077627,-0.124021,0.146374,-0.211972,-0.942884,0.046098,0.029055,-0.025803,-0.314087,0.251946,0.915354,0.229921,-0.915259,0.330812,0.921133,0.314362,0.229543,-0.00649,0.003997,0.042144,-0.164096,0.188506,-0.281168,-0.908673,0.079462,0.02862,-0.081625,-0.20856,0.544813,-0.812207,-0.382798,-0.809687,-0.444827,-0.899982,0.218138,0.377421,0.011627,-0.017741,-0.007395,0.118435,-0.645263,-0.135149,-0.910691
426,0.129485,0.007344,0.315577,-0.011357,0.497083,-0.867655,-0.512954,-0.747678,-0.421696,-0.858337,0.439655,0.26455,0.022731,-0.039151,-0.018506,0.019699,-0.393368,0.162224,-1.913198,-0.147435,0.020538,0.304474,0.401881,-0.240645,0.883501,-0.33261,0.860499,0.385805,-0.853569,-0.448605,0.264643,-9.2e-05,0.016658,0.071472,-0.048942,-1.630071,2.148619,-0.96685,0.046038,0.029393,-0.024338,-0.321864,0.257101,0.911209,0.231315,-0.911904,0.339003,0.918093,0.31989,0.234038,-8.2e-05,0.008153,0.03558,-0.109726,0.008581,-0.025408,-0.914878,0.079807,0.027828,-0.0819,-0.195193,0.541165,-0.817948,-0.381959,-0.810089,-0.444816,-0.90333,0.225598,0.364827,0.004354,-0.019037,-0.008849,0.025279,-0.307041,-0.059144,-0.913793
427,0.12989,0.006654,0.315172,-0.004169,0.494943,-0.868941,-0.511214,-0.747816,-0.42356,-0.859449,0.44183,0.257219,0.00879,-0.037936,-0.017672,1.251143,-1.516424,2.101766,-1.912987,-0.147486,0.020714,0.305881,0.415369,-0.247655,0.875286,-0.328692,0.856262,0.398385,-0.848629,-0.452865,0.273138,0.001461,0.001324,0.074825,-0.130226,-0.196307,0.248417,-0.964013,0.046011,0.02949,-0.023634,-0.336666,0.267629,0.90279,0.227806,-0.907128,0.353867,0.913652,0.324796,0.244431,2.9e-05,0.006686,0.033962,-0.076401,-0.618456,0.816354,-0.911613,0.080015,0.02748,-0.082105,-0.190089,0.539596,-0.820184,-0.381346,-0.8104,-0.444777,-0.904677,0.228226,0.359821,0.011627,-0.014111,-0.013447,0.097775,-0.485885,-0.112179,-0.914283
428,0.13065,0.005416,0.314264,0.001813,0.492418,-0.870383,-0.509507,-0.748424,-0.424543,-0.860477,0.44362,0.250615,0.022794,-0.040152,-0.019872,-0.030822,0.020517,-0.038955,-1.91302,-0.14762,0.020733,0.308583,0.444804,-0.259913,0.85708,-0.319463,0.847883,0.423051,-0.837191,-0.461651,0.293007,0.000676,0.006544,0.060803,-0.085636,-0.196181,0.260278,-0.962851,0.045945,0.0295,-0.022254,-0.365165,0.284449,0.886421,0.220973,-0.898479,0.379349,0.904336,0.334401,0.265237,0.000317,0.002946,0.030098,-0.088437,-0.181258,0.250227,-0.910796,0.080397,0.026845,-0.082567,-0.181267,0.539648,-0.822145,-0.378683,-0.809832,-0.448074,-0.907602,0.230111,0.351151,0.011386,-0.020197,-0.010069,-0.043259,0.062409,-0.015292,-0.915589
429,0.131334,0.003947,0.313304,0.017349,0.497915,-0.867078,-0.502929,-0.74511,-0.438,-0.864184,0.443055,0.238566,0.008318,-0.0418,-0.022021,-0.035027,0.049131,-0.058528,-1.91279,-0.147787,0.020843,0.310981,0.460543,-0.261963,0.848096,-0.315763,0.844514,0.432462,-0.830069,-0.466633,0.305126,-0.000497,0.016985,0.051805,-0.026044,-0.22254,0.208902,-0.977929,0.045862,0.029542,-0.021081,-0.380728,0.288505,0.878527,0.21821,-0.895215,0.388552,0.898571,0.339636,0.277879,0.000376,0.002256,0.029206,-0.061912,-0.294308,0.339211,-0.910959,0.080736,0.026128,-0.083037,-0.167097,0.548452,-0.819316,-0.37428,-0.80408,-0.461919,-0.912136,0.229469,0.339634,0.011122,-0.022118,-0.012116,-0.0395,-0.049845,0.106885,-0.916896
430,0.131672,0.003101,0.312816,0.025326,0.502174,-0.864422,-0.499934,-0.742384,-0.445987,-0.865734,0.442821,0.233326,0.022244,-0.044635,-0.024798,-0.030684,-0.076154,0.137856,-1.912401,-0.147864,0.021017,0.312042,0.467022,-0.262345,0.844426,-0.314036,0.843415,0.435849,-0.827105,-0.4684,0.310421,-0.000339,0.014918,0.049658,-0.033838,-0.193489,0.194829,-1.02193,0.045823,0.029636,-0.02053,-0.387465,0.289925,0.875108,0.216767,-0.893993,0.392157,0.896037,0.341642,0.283545,-0.000195,0.007282,0.024667,-0.055544,-0.161242,0.218761,-0.911449,0.080909,0.025689,-0.08329,-0.160058,0.554141,-0.816889,-0.372697,-0.80023,-0.469815,-0.914044,0.229255,0.33461,0.011098,-0.022521,-0.012617,-0.037759,-0.070398,0.127916,-0.920978
431,0.132311,0.001299,0.311689,0.043957,0.512021,-0.857874,-0.492442,-0.735973,-0.46456,-0.869299,0.442233,0.220855,0.007674,-0.046467,-0.027302,0.326243,-0.39578,0.741956,-1.912041,-0.148086,0.021295,0.313976,0.476538,-0.264908,0.838288,-0.306368,0.843617,0.440889,-0.82456,-0.46659,0.319777,-0.012206,-0.002889,0.052477,-0.071975,-0.167549,0.147923,-1.163442,0.045716,0.029778,-0.019582,-0.396702,0.293886,0.869631,0.209356,-0.89343,0.397432,0.893754,0.339725,0.292899,-0.006736,0.0039,0.022124,-0.054819,-0.151332,0.185916,-0.910469,0.081217,0.024824,-0.083832,-0.145515,0.565635,-0.811715,-0.369211,-0.792224,-0.485864,-0.917882,0.228994,0.324119,0.003788,-0.023585,-0.014009,-0.040078,-0.039683,0.072252,-0.920325
432,0.132934,-0.000604,0.310527,0.060675,0.523853,-0.849672,-0.485155,-0.728388,-0.483785,-0.872405,0.44092,0.21101,0.007314,-0.049264,-0.030652,-0.032814,-0.028222,0.061196,-1.912286,-0.148447,0.021785,0.315548,0.480394,-0.26875,0.834857,-0.28981,0.849688,0.440425,-0.828309,-0.453188,0.329223,-0.014501,0.018077,0.035294,0.058429,-0.180459,-0.057058,-1.284318,0.045542,0.030009,-0.018809,-0.399869,0.298874,0.866475,0.192145,-0.897002,0.398077,0.896205,0.325668,0.301256,-0.000531,0.009469,0.017335,0.237902,-0.332987,0.11748,-0.912919,0.081537,0.023855,-0.084423,-0.128912,0.581947,-0.802943,-0.364686,-0.780779,-0.507333,-0.922163,0.227421,0.31288,0.010847,-0.025074,-0.015668,-0.03495,-0.066019,0.095335,-0.923917
433,0.133404,-0.002664,0.30943,0.076844,0.532408,-0.84302,-0.478708,-0.721928,-0.499631,-0.874709,0.441288,0.200439,0.00706,-0.060395,-0.023111,1.136223,-1.166131,2.243674,-1.91229,-0.148813,0.022503,0.316804,0.481441,-0.27748,0.831391,-0.27287,0.853877,0.443136,-0.833445,-0.439855,0.334304,-0.014279,0.015877,0.033051,-0.028436,-0.031508,0.017703,-1.32155,0.045354,0.030371,-0.018165,-0.400204,0.307468,0.863307,0.174887,-0.8991,0.401287,0.899584,0.311578,0.306051,-0.001076,0.014382,0.012687,-0.003508,-0.049362,0.100847,-0.915858,0.081772,0.022827,-0.084977,-0.116314,0.591632,-0.797772,-0.362107,-0.7732,-0.520614,-0.92485,0.228324,0.304168,0.003599,-0.029888,-0.011239,-0.072419,-0.025695,0.05917,-0.919672
434,0.133606,-0.00388,0.308981,0.082036,0.535295,-0.840699,-0.477226,-0.719388,-0.504685,-0.875053,0.441937,0.197484,0.020995,-0.073675,-0.017284,-0.09977,-0.014263,0.060226,-1.911987,-0.149035,0.022941,0.317328,0.475741,-0.288701,0.830851,-0.257647,0.857334,0.445568,-0.841524,-0.425677,0.332416,-0.001968,0.02711,0.023776,-0.006819,0.00163,0.108496,-1.350971,0.045238,0.030586,-0.017899,-0.392698,0.318173,0.862875,0.159662,-0.900413,0.404676,0.905702,0.296684,0.30279,-0.007708,0.012854,0.011973,0.025146,0.022327,0.083559,-0.914388,0.081875,0.022196,-0.08521,-0.1096,0.596991,-0.794725,-0.360766,-0.768911,-0.527847,-0.926193,0.228858,0.299646,0.010507,-0.036867,-0.00869,-0.106713,-0.009525,0.049681,-0.915916
435,0.133801,-0.006548,0.308308,0.093819,0.544314,-0.833646,-0.466832,-0.715469,-0.519754,-0.87948,0.437255,0.188014,0.007448,-0.068288,-0.012387,-0.07066,-0.043417,0.108988,-1.912017,-0.14953,0.023909,0.318216,0.472647,-0.320086,0.821061,-0.221077,0.858748,0.462181,-0.853589,-0.399563,0.334062,-0.015127,0.023409,0.021692,-0.04871,0.050326,0.131896,-1.398489,0.045001,0.031058,-0.01746,-0.385706,0.349362,0.853918,0.124076,-0.897485,0.423231,0.91424,0.269194,0.302818,-0.007552,0.011223,0.010441,-0.036502,-0.177503,0.472981,-0.913572,0.081971,0.020905,-0.085546,-0.099556,0.607669,-0.787925,-0.35276,-0.761981,-0.543088,-0.930402,0.223881,0.290221,0.003726,-0.034188,-0.006243,0.29908,-0.382921,0.771485,-0.917549
436,0.133691,-0.008934,0.308,0.095521,0.550382,-0.829458,-0.456323,-0.716284,-0.5279,-0.8848,0.428238,0.183761,0.00872,-0.061472,-0.005452,-0.092669,-0.037199,0.091465,-1.912131,-0.150061,0.024905,0.318862,0.461389,-0.356094,0.812594,-0.191353,0.854321,0.483171,-0.866823,-0.377975,0.324987,-0.001531,0.021814,0.018785,-0.232231,-0.127546,1.291108,-1.403223,0.044724,0.031578,-0.017123,-0.370826,0.382834,0.846124,0.096036,-0.89039,0.444952,0.923723,0.246258,0.293414,-0.000781,0.010706,0.009238,-0.305996,-0.078361,1.43618,-0.917164,0.081912,0.019679,-0.085712,-0.098672,0.613762,-0.7833,-0.343089,-0.759861,-0.552177,-0.934105,0.214258,0.285552,-0.002896,-0.030013,-0.002091,-0.073598,-0.041738,0.098638,-0.921958
437,0.133679,-0.010178,0.308021,0.102047,0.554233,-0.82611,-0.454219,-0.712803,-0.534387,-0.885162,0.429074,0.180029,0.008844,-0.070073,0.005292,1.067266,-1.031338,2.103027,-1.911972,-0.15032,0.025385,0.319127,0.454876,-0.369943,0.810076,-0.180175,0.852498,0.490631,-0.872638,-0.368666,0.320081,-0.01589,0.029831,0.009542,4.355522,2.883186,2.200433,-1.402964,0.044594,0.031819,-0.01699,-0.3627,0.396007,0.843579,0.087259,-0.886811,0.453818,0.927811,0.23821,0.287091,-0.007836,0.01467,0.004499,4.354746,2.888182,2.202646,-0.91896,0.081907,0.019061,-0.085705,-0.094623,0.617234,-0.781068,-0.34335,-0.75668,-0.556367,-0.934428,0.215535,0.283527,-0.002611,-0.028374,-0.000383,-0.109604,-0.009941,0.035648,-0.921794
438,0.133911,-0.012785,0.308463,0.112896,0.562831,-0.818854,-0.440339,-0.710371,-0.549042,-0.890855,0.421854,0.168654,0.010178,-0.063171,0.012645,1.22314,0.879591,-0.193118,-1.912336,-0.150823,0.026265,0.319507,0.445595,-0.392897,0.804406,-0.162327,0.848096,0.504299,-0.880884,-0.354796,0.313092,-0.000998,0.014609,0.012455,-0.027383,-0.040865,0.287699,-1.403518,0.044343,0.032256,-0.016803,-0.349449,0.41861,0.838242,0.069336,-0.880638,0.468687,0.934386,0.221903,0.278713,-0.007724,0.011996,0.00224,0.061438,-0.039354,0.235299,-0.914388,0.082022,0.017753,-0.085489,-0.082282,0.628928,-0.773096,-0.332035,-0.748708,-0.573749,-0.939671,0.209487,0.270431,0.004866,-0.037038,0.010382,4.355144,3.015396,-0.851487,-0.921141
439,0.134226,-0.01542,0.30936,0.121865,0.574161,-0.809651,-0.433383,-0.703019,-0.56384,-0.893093,0.418883,0.164163,-0.00357,-0.066112,0.029435,-0.194085,0.069071,0.110849,-1.911998,-0.151235,0.027205,0.319613,0.434998,-0.412737,0.800261,-0.139472,0.847049,0.512824,-0.890041,-0.334173,0.309867,-0.016463,0.033653,-0.004667,0.058558,-0.009628,0.075614,-1.404198,0.044143,0.032716,-0.016745,-0.336651,0.436927,0.834122,0.047112,-0.876903,0.47835,0.940449,0.200335,0.274625,-0.007577,0.01024,0.000722,0.04755,-0.019495,0.006461,-0.916674,0.082185,0.016436,-0.085048,-0.076191,0.64134,-0.763464,-0.32689,-0.739438,-0.588535,-0.941985,0.204728,0.265986,0.005592,-0.033564,0.014299,-0.200038,0.06725,0.134814,-0.922447
440,0.134295,-0.017779,0.310798,0.118963,0.587584,-0.800398,-0.42636,-0.697725,-0.575647,-0.896853,0.409004,0.168512,-0.001467,-0.054225,0.04251,-0.229808,0.183029,0.248726,-1.911792,-0.151622,0.028365,0.319433,0.420352,-0.430633,0.798656,-0.112164,0.848693,0.516791,-0.900862,-0.306275,0.307418,-0.016305,0.032052,-0.006037,4.374156,3.027235,1.874872,-1.404374,0.043949,0.033294,-0.016837,-0.323437,0.44991,0.832447,0.024869,-0.875387,0.48278,0.945922,0.176851,0.271944,-0.00155,0.016637,-0.003144,-0.103908,0.244845,0.273272,-0.922226,0.082218,0.015265,-0.084357,-0.080421,0.652689,-0.753345,-0.321918,-0.732299,-0.600088,-0.943345,0.194256,0.269005,-0.000744,-0.027074,0.021298,-0.294039,0.363927,0.329529,-0.917059
441,0.134293,-0.018752,0.311735,0.117923,0.593109,-0.796468,-0.422695,-0.695729,-0.580741,-0.898723,0.404404,0.16965,-0.00022,-0.047116,0.050316,-0.1841,0.080547,-0.015335,-1.912095,-0.151712,0.029008,0.319283,0.41643,-0.435565,0.798036,-0.105998,0.848428,0.518524,-0.903423,-0.299973,0.306112,-0.00298,0.031645,-0.007681,0.029428,0.131193,-0.061555,-1.40418,0.043905,0.033605,-0.016908,-0.315435,0.457081,0.831611,0.014086,-0.873999,0.485721,0.948842,0.164927,0.269252,-0.001475,0.015562,-0.004052,0.052635,0.008584,0.094003,-0.922226,0.082216,0.01477,-0.083898,-0.083099,0.658255,-0.748194,-0.319523,-0.728751,-0.605661,-0.943927,0.188736,0.270886,-0.007534,-0.02297,0.025662,-0.172106,0.081458,-0.105235,-0.918039
442,0.134159,-0.020205,0.313991,0.111873,0.607983,-0.786058,-0.422008,-0.687021,-0.591511,-0.899812,0.397136,0.180689,0.002206,-0.033206,0.065424,-0.246877,0.314399,0.160258,-1.912393,-0.151802,0.030132,0.318851,0.393222,-0.456787,0.797943,-0.081335,0.84708,0.525141,-0.916267,-0.270826,0.294908,-0.002655,0.026748,-0.011788,-0.246912,0.529432,0.453906,-1.404,0.043854,0.034184,-0.017123,-0.291468,0.473245,0.831314,-0.010478,-0.870576,0.491921,0.956522,0.134669,0.258704,-0.001937,0.01927,-0.009501,0.065691,0.06363,0.167845,-0.92239,0.082147,0.014018,-0.08276,-0.090674,0.670448,-0.736394,-0.321747,-0.719507,-0.615456,-0.942473,0.181127,0.280956,0.001347,-0.010444,0.029261,-0.232598,0.269187,0.387841,-0.922121
443,0.133913,-0.020949,0.316746,0.089933,0.62756,-0.773386,-0.423152,-0.67882,-0.600099,-0.901706,0.380444,0.205464,-0.010066,-0.00832,0.071441,-0.321014,0.729929,0.428675,-1.912795,-0.15171,0.031192,0.31827,0.364408,-0.482309,0.796602,-0.04618,0.844921,0.532833,-0.930487,-0.230353,0.284596,-0.002375,0.022462,-0.015364,-0.082428,0.32379,0.294348,-1.404316,0.043899,0.034725,-0.017416,-0.257987,0.496051,0.82908,-0.044139,-0.863285,0.502781,0.965139,0.093117,0.244611,-0.001167,0.010957,-0.007904,-0.104576,0.348229,0.316947,-0.918797,0.08203,0.013639,-0.081382,-0.114013,0.683171,-0.721302,-0.325112,-0.711717,-0.622704,-0.938777,0.163507,0.303252,-0.004907,-0.003238,0.036724,-0.320844,0.781574,0.479429,-0.923264
444,0.133713,-0.021039,0.318319,0.081888,0.637543,-0.76608,-0.427941,-0.671641,-0.604762,-0.900201,0.376563,0.218782,-0.008888,-0.001667,0.078219,-0.264286,0.494887,0.31938,-1.913196,-0.151559,0.031654,0.317959,0.353845,-0.493238,0.794671,-0.036002,0.841736,0.538626,-0.934992,-0.218584,0.279062,0.011998,0.011746,-0.008536,-0.231417,0.432096,0.398269,-1.40429,0.04397,0.034948,-0.017571,-0.247182,0.504735,0.827128,-0.053932,-0.85946,0.508348,0.967466,0.081046,0.239665,0.005411,0.011432,-0.008146,-0.185963,0.443923,0.430944,-0.916348,0.081933,0.013593,-0.080627,-0.124091,0.691317,-0.711815,-0.331995,-0.704942,-0.626765,-0.935082,0.158543,0.316991,-0.004329,4e-05,0.040067,-0.338938,0.823537,0.32497,-0.92408
445,0.133391,-0.02063,0.321583,0.066448,0.659948,-0.748398,-0.437218,-0.654892,-0.616384,-0.896991,0.367346,0.245953,-0.006442,0.021155,0.081313,-0.256312,0.486733,0.601765,-1.913179,-0.151073,0.032281,0.31734,0.331309,-0.505953,0.79639,-0.018476,0.84033,0.541699,-0.943694,-0.193552,0.268034,0.025429,0.008467,-0.012597,-0.105044,0.199364,0.262011,-1.404694,0.044203,0.035263,-0.017873,-0.222357,0.514502,0.828156,-0.070692,-0.855694,0.512629,0.972398,0.055443,0.226641,0.005571,0.008989,-0.010202,-0.190382,0.384258,0.364955,-0.925002,0.081771,0.013787,-0.078998,-0.14182,0.707989,-0.691837,-0.345222,-0.690396,-0.635747,-0.927744,0.148675,0.342325,-0.003141,0.011281,0.041425,-0.275983,0.721535,0.524386,-0.92408
446,0.133397,-0.019704,0.324808,0.055431,0.675555,-0.735254,-0.440022,-0.644429,-0.62535,-0.896354,0.357348,0.26245,0.00951,0.036367,0.076228,-0.137249,0.20013,0.298413,-1.913305,-0.15045,0.032493,0.316758,0.311505,-0.513417,0.799599,-0.001064,0.841188,0.54068,-0.950572,-0.168635,0.260458,0.012582,0.003306,-0.015675,0.040613,0.260359,0.208929,-1.404304,0.04452,0.035372,-0.018161,-0.202082,0.519081,0.830491,-0.087789,-0.854174,0.512522,0.975425,0.030664,0.218183,0.006333,0.001276,-0.008171,1.145219,1.239956,0.738314,-0.930554,0.081767,0.014256,-0.07734,-0.155755,0.720813,-0.675402,-0.351461,-0.679442,-0.644075,-0.923154,0.13706,0.359164,-0.002695,0.013788,0.043359,-0.166846,0.224989,0.274268,-0.921141
447,0.133327,-0.018183,0.327865,0.037388,0.689318,-0.723525,-0.445821,-0.636415,-0.629437,-0.894398,0.345235,0.284415,-0.004113,0.052213,0.071056,-0.691888,0.990213,-0.268268,-1.912809,-0.149814,0.032168,0.316253,0.291874,-0.520555,0.802386,0.015617,0.841308,0.540269,-0.956633,-0.144511,0.252652,0.014258,-0.013776,-0.013045,-0.22286,0.380013,0.263046,-1.404088,0.044841,0.035219,-0.018419,-0.182319,0.522917,0.832656,-0.105324,-0.852363,0.512232,0.977581,0.005691,0.210477,0.00713,-0.006852,-0.00649,-0.247682,0.420196,0.301706,-0.931534,0.081738,0.015015,-0.075805,-0.172951,0.728877,-0.662439,-0.358127,-0.673076,-0.64708,-0.917514,0.125324,0.377439,-0.001983,0.026707,0.036138,-1.607851,0.928623,-1.886935,-0.912323
448,0.133152,-0.017165,0.329315,0.030072,0.692881,-0.720456,-0.451264,-0.633671,-0.628326,-0.891932,0.343146,0.294509,-0.018179,0.055637,0.073466,-0.141274,0.201824,0.211333,-1.912814,-0.149499,0.031836,0.316006,0.283347,-0.525457,0.802247,0.024578,0.840146,0.541742,-0.958995,-0.133129,0.249934,0.014407,-0.015413,-0.014486,0.235561,0.551956,0.311777,-1.403581,0.044999,0.035053,-0.018543,-0.172762,0.527058,0.832082,-0.113144,-0.849812,0.514796,0.978443,-0.005208,0.206449,0.007224,-0.00782,-0.007351,1.060539,1.34622,0.737496,-0.93186,0.081649,0.015545,-0.075052,-0.182871,0.731369,-0.657005,-0.365164,-0.670996,-0.645304,-0.912804,0.121908,0.389775,-0.009102,0.027996,0.036918,-0.102623,0.127431,0.158261,-0.910527
449,0.13294,-0.014886,0.332045,0.01831,0.701092,-0.712867,-0.461568,-0.626475,-0.628057,-0.886949,0.339661,0.313015,-0.002994,0.066715,0.063693,-0.064975,0.112074,0.2724,-1.913364,-0.148842,0.031084,0.31543,0.268257,-0.527913,0.805814,0.036198,0.841318,0.539265,-0.962942,-0.114836,0.243761,0.014664,-0.017971,-0.016796,0.004263,0.032945,-0.008457,-1.403463,0.045333,0.034668,-0.018839,-0.155876,0.528101,0.834751,-0.124861,-0.848837,0.513696,0.979852,-0.024155,0.198252,0.00735,-0.009168,-0.008558,0.020611,0.007348,-0.024421,-0.932351,0.081544,0.016663,-0.073707,-0.195187,0.735998,-0.648234,-0.376444,-0.666542,-0.643436,-0.905644,0.118433,0.407162,-0.00173,0.027779,0.036004,-0.122941,0.143345,0.2136,-0.907915
450,0.13254,-0.012285,0.334637,0.00687,0.706549,-0.707663,-0.465029,-0.624181,-0.627789,-0.885289,0.332514,0.325155,-0.016629,0.070797,0.065753,-0.02897,0.112819,0.025706,-1.913105,-0.148075,0.030356,0.314754,0.243098,-0.532467,0.810786,0.056178,0.842098,0.536328,-0.968616,-0.08417,0.233582,0.028037,-0.017553,-0.017938,-0.431884,1.682869,-2.14725,-1.402977,0.045717,0.034301,-0.019179,-0.130841,0.529501,0.838157,-0.145201,-0.846543,0.512132,0.980712,-0.054693,0.187647,0.013999,-0.008907,-0.009058,-0.44322,1.695876,-2.133204,-0.935126,0.081349,0.017962,-0.072413,-0.206942,0.738629,-0.641561,-0.38028,-0.66492,-0.642859,-0.901421,0.110938,0.418486,-0.008338,0.035495,0.032994,-0.0021,-0.022262,0.173669,-0.906772
451,0.132216,-0.010905,0.33591,0.001132,0.708054,-0.706189,-0.469359,-0.623131,-0.625604,-0.883019,0.33128,0.332502,-0.016401,0.071173,0.065256,-0.044402,0.167321,0.057231,-1.913074,-0.147689,0.030023,0.314402,0.237436,-0.535202,0.810663,0.060244,0.840947,0.537692,-0.969769,-0.078165,0.23087,0.028029,-0.016774,-0.017338,0.02306,0.24456,0.171229,-1.40271,0.045899,0.034139,-0.01935,-0.124792,0.530666,0.838343,-0.14873,-0.845406,0.512998,0.980972,-0.060669,0.184425,0.007413,-0.009225,-0.008713,0.258737,0.515084,0.28003,-0.935779,0.081187,0.018653,-0.071775,-0.212502,0.738609,-0.639765,-0.384431,-0.665114,-0.640183,-0.898362,0.109905,0.425282,-0.008233,0.035629,0.032696,-0.033583,0.073198,0.236286,-0.910038
452,0.131345,-0.008195,0.338528,-0.006023,0.711594,-0.702598,-0.47309,-0.620971,-0.624942,-0.880997,0.327739,0.341259,-0.030406,0.062176,0.073701,-0.091463,0.236442,0.033051,-1.913221,-0.146854,0.029452,0.313623,0.221308,-0.539839,0.81215,0.072603,0.839523,0.53839,-0.972713,-0.059515,0.223942,0.028259,-0.018266,-0.0188,0.010619,0.082997,0.028747,-1.402907,0.046317,0.033856,-0.019737,-0.107399,0.533447,0.838986,-0.160511,-0.842101,0.51488,0.981173,-0.079369,0.176065,0.00681,-0.003492,-0.012514,0.155516,0.098081,0.04081,-0.937249,0.080758,0.020013,-0.070467,-0.219479,0.740072,-0.635706,-0.388223,-0.664034,-0.639015,-0.895048,0.106546,0.433055,-0.008027,0.035757,0.031978,-0.078326,0.269395,0.123258,-0.908568
453,0.130364,-0.005721,0.341253,-0.012361,0.713493,-0.700586,-0.47532,-0.620548,-0.623669,-0.879723,0.324402,0.347676,-0.016129,0.059819,0.070102,-0.045344,0.061014,-0.030345,-1.912784,-0.145838,0.028818,0.312791,0.195538,-0.544339,0.815752,0.080219,0.837813,0.539971,-0.977593,-0.03947,0.206442,0.028533,-0.019971,-0.02049,1.170807,1.213234,0.559701,-1.40309,0.046824,0.033541,-0.020151,-0.083066,0.533531,0.84169,-0.16672,-0.840146,0.516098,0.982498,-0.097456,0.158738,0.014352,-0.009745,-0.010275,4.21999,3.536206,1.335033,-0.939862,0.080262,0.021253,-0.069101,-0.226239,0.740674,-0.632627,-0.390565,-0.66395,-0.637674,-0.892342,0.102815,0.439493,-0.015132,0.030406,0.035477,-0.033246,0.058881,-0.108111,-0.909221
454,0.129394,-0.003467,0.34401,-0.019271,0.717885,-0.695928,-0.477072,-0.618245,-0.624617,-0.87864,0.319074,0.35526,-0.016533,0.047085,0.075557,-0.119973,0.235602,0.010628,-1.91321,-0.144681,0.028025,0.311877,0.170537,-0.55065,0.817125,0.09489,0.834509,0.542701,-0.980923,-0.014331,0.193516,0.042237,-0.020913,-0.023006,0.045814,0.212543,0.145123,-1.403127,0.047386,0.033153,-0.020598,-0.056001,0.537079,0.84167,-0.181387,-0.834438,0.520395,0.981815,-0.123526,0.144148,0.014449,-0.011012,-0.011297,1.26286,1.099736,0.452024,-0.94623,0.079778,0.022387,-0.067723,-0.233111,0.743038,-0.627338,-0.392772,-0.662091,-0.638251,-0.8896,0.097617,0.446185,-0.014997,0.029916,0.034303,-0.097896,0.259268,0.04516,-0.908568
455,0.12885,-0.00242,0.345439,-0.022324,0.721612,-0.69197,-0.477702,-0.615653,-0.626692,-0.878222,0.315664,0.359318,-0.030641,0.046028,0.073904,1.599794,-0.583828,2.188977,-1.912838,-0.144119,0.027613,0.311424,0.161903,-0.553522,0.81694,0.097639,0.832698,0.54499,-0.982104,-0.007784,0.187812,0.028966,-0.022197,-0.022829,-0.089418,0.166105,0.10202,-1.402786,0.047673,0.032946,-0.020826,-0.046969,0.538761,0.841147,-0.184283,-0.832296,0.522802,0.98175,-0.130454,0.138377,0.014473,-0.010912,-0.011252,-0.13171,0.231513,0.153432,-0.949822,0.079518,0.022898,-0.067033,-0.238157,0.744415,-0.6238,-0.395263,-0.660973,-0.637871,-0.887156,0.094652,0.451655,-0.015163,0.028418,0.032692,-0.093046,0.269622,0.016022,-0.908241
456,0.127951,-0.000825,0.348055,-0.029415,0.73062,-0.682183,-0.481489,-0.608375,-0.630888,-0.875934,0.308994,0.370527,-0.03168,0.038546,0.066589,-0.162307,0.343189,0.229224,-1.912732,-0.143,0.026786,0.31051,0.14203,-0.55623,0.818796,0.108039,0.830863,0.545827,-0.984063,0.011627,0.17705,0.014321,-0.011464,-0.029708,-0.215987,0.470971,0.320366,-1.402773,0.048233,0.032525,-0.021283,-0.028881,0.537761,0.842602,-0.195261,-0.829749,0.522865,0.980325,-0.149426,0.128967,0.01453,-0.01065,-0.011141,0.135967,0.067381,0.030108,-0.952435,0.079064,0.023721,-0.065689,-0.244003,0.752004,-0.612333,-0.39947,-0.6533,-0.643134,-0.883677,0.087682,0.45981,-0.009281,0.012869,0.036827,-0.25194,0.486511,0.333329,-0.911997
457,0.127174,0.000343,0.350534,-0.034783,0.735399,-0.676774,-0.486039,-0.60409,-0.631517,-0.873213,0.306054,0.379284,-0.019599,0.01873,0.067093,-0.148239,0.172473,0.109716,-1.912991,-0.141927,0.026076,0.309631,0.12879,-0.553101,0.823094,0.114846,0.832654,0.541694,-0.985098,0.025448,0.169701,0.028956,-0.018808,-0.020224,-0.030311,0.054813,0.051705,-1.402843,0.048791,0.032154,-0.021746,-0.013609,0.533578,0.845641,-0.201316,-0.829863,0.520382,0.979431,-0.163159,0.118711,0.014483,-0.009322,-0.010049,-0.013724,0.027126,0.038731,-0.954231,0.078671,0.024313,-0.064449,-0.250183,0.755374,-0.605655,-0.405052,-0.649834,-0.643155,-0.879398,0.084415,0.468543,-0.009642,0.014626,0.029141,-0.12836,0.289693,-0.025248,-0.908078
458,0.126814,0.000726,0.351724,-0.032172,0.737387,-0.674738,-0.484436,-0.601932,-0.634801,-0.874207,0.305524,0.377418,-0.019799,0.02567,0.055057,1.692365,-0.68278,2.05023,-1.912993,-0.141402,0.0258,0.309213,0.124263,-0.551294,0.825,0.112906,0.833813,0.540316,-0.985897,0.026688,0.164797,0.028832,-0.01686,-0.018533,-0.072942,0.218493,-0.071849,-1.402878,0.049043,0.032021,-0.021949,-0.009592,0.531142,0.847228,-0.19971,-0.831214,0.518842,0.979807,-0.164223,0.114047,0.013734,-0.002592,-0.012909,-0.034848,0.124915,0.102319,-0.954068,0.078491,0.024502,-0.06385,-0.249565,0.756417,-0.604607,-0.405349,-0.648632,-0.644179,-0.879436,0.084312,0.468489,-0.010275,0.006846,0.031395,-0.103424,0.084989,-0.171958,-0.908731
459,0.126139,0.0012,0.353999,-0.029346,0.740006,-0.671994,-0.48303,-0.599012,-0.638622,-0.875087,0.304928,0.375857,-0.021252,0.008955,0.058534,-0.109655,0.115695,-0.183874,-1.91265,-0.140464,0.025459,0.308431,0.111882,-0.552318,0.826087,0.108089,0.833051,0.542473,-0.987902,0.029282,0.151842,0.027124,-0.00111,-0.022172,-0.201677,0.404477,0.34993,-1.40259,0.049513,0.031844,-0.02234,0.001312,0.529676,0.848198,-0.19545,-0.831704,0.519678,0.980712,-0.166463,0.102434,0.006805,-0.000966,-0.010705,-0.228282,0.56014,0.181404,-0.955374,0.078153,0.024742,-0.062716,-0.24528,0.760763,-0.600895,-0.403736,-0.643681,-0.650131,-0.881381,0.083139,0.46503,-0.0107,0.004279,0.029127,-0.111473,0.019898,-0.015017,-0.909058
460,0.125457,0.001333,0.356133,-0.024538,0.74388,-0.667897,-0.480252,-0.594664,-0.644752,-0.876769,0.304009,0.37267,-0.009006,0.000126,0.051327,-0.099613,0.003828,0.024935,-1.912754,-0.13962,0.025436,0.30766,0.099181,-0.552946,0.827288,0.103709,0.832516,0.544146,-0.98971,0.032513,0.138853,0.013439,-0.000118,-0.019776,-0.107846,0.347283,0.011151,-1.402792,0.049945,0.031834,-0.022732,0.015674,0.529251,0.848319,-0.190105,-0.83137,0.522189,0.981638,-0.169455,0.087582,0.006715,0.00013,-0.009728,-0.106906,0.344265,0.017351,-0.955374,0.077805,0.024813,-0.061627,-0.24112,0.765229,-0.596896,-0.402556,-0.638498,-0.655948,-0.883067,0.082122,0.462002,-0.004626,-0.000404,0.02531,-0.107568,0.004873,0.018189,-0.910364
461,0.125039,0.001068,0.358114,-0.020629,0.749703,-0.661487,-0.478307,-0.588337,-0.651962,-0.877936,0.302009,0.371545,0.00346,-0.007086,0.045574,-0.145436,0.180972,0.088008,-1.912781,-0.139006,0.025729,0.306824,0.08213,-0.55679,0.826578,0.098484,0.829768,0.549291,-0.991782,0.03698,0.121924,0.011793,0.013825,-0.024946,-0.260554,0.675826,0.29709,-1.403005,0.050247,0.031976,-0.023139,0.031068,0.530169,0.847322,-0.185233,-0.829993,0.526118,0.982203,-0.173298,0.072418,0.006557,0.001722,-0.008265,-0.031432,0.212892,-0.056183,-0.951945,0.077594,0.024681,-0.060655,-0.237636,0.771213,-0.590557,-0.402583,-0.631494,-0.662677,-0.883999,0.080272,0.460543,-0.005229,-0.007765,0.028051,-0.212231,0.265928,0.105441,-0.91118
462,0.124886,0.000866,0.359068,-0.016308,0.752857,-0.658018,-0.475413,-0.584729,-0.657304,-0.879603,0.301171,0.368269,0.003136,-0.008767,0.044225,1.669485,-0.628051,2.014708,-1.913289,-0.138836,0.025994,0.306368,0.073479,-0.558518,0.826227,0.096153,0.828486,0.551633,-0.992677,0.039602,0.11352,-0.001803,0.013299,-0.023855,-0.083765,0.363697,0.048716,-1.402794,0.050337,0.032109,-0.023368,0.042044,0.531676,0.845903,-0.181473,-0.828505,0.52976,0.982496,-0.175782,0.061651,0.005865,0.007347,-0.012081,-0.088909,0.367127,0.091466,-0.951129,0.077518,0.024576,-0.060162,-0.234583,0.774741,-0.58715,-0.401522,-0.627295,-0.667293,-0.885296,0.079219,0.458228,0.001502,-0.004587,0.021937,1.670689,-0.635926,1.996686,-0.911997
463,0.124669,0.00034,0.360969,-0.014037,0.757649,-0.652546,-0.475223,-0.579184,-0.66233,-0.879747,0.299862,0.368991,-0.011142,-0.019441,0.052959,-0.20717,0.314107,0.095286,-1.913105,-0.138677,0.026836,0.305328,0.05324,-0.567121,0.821907,0.091141,0.82231,0.561635,-0.994414,0.04571,0.094414,-0.003453,0.026962,-0.029192,-0.160964,0.563454,0.233528,-1.402751,0.050413,0.032515,-0.023875,0.061323,0.536901,0.841413,-0.176038,-0.823967,0.538598,0.982471,-0.181149,0.043987,-0.001724,0.013617,-0.014473,-0.219068,0.681471,0.319427,-0.940352,0.077413,0.024317,-0.059234,-0.231589,0.7795,-0.582018,-0.402192,-0.621478,-0.672313,-0.88578,0.078382,0.457436,0.001157,-0.010508,0.025877,-0.273737,0.439737,0.252815,-0.913303
464,0.124721,-0.000468,0.362792,-0.01729,0.764528,-0.644393,-0.465105,-0.576601,-0.6717,-0.885077,0.287142,0.366354,0.001601,-0.024954,0.048735,0.704745,0.233368,0.430129,-1.912974,-0.138788,0.02796,0.3042,0.041892,-0.574902,0.817144,0.091164,0.81656,0.569958,-0.994941,0.051329,0.085571,-0.003668,0.028971,-0.027256,-0.000646,0.185183,0.188822,-1.402971,0.050362,0.033085,-0.024452,0.075047,0.543856,0.835815,-0.174154,-0.818149,0.547998,0.981854,-0.186686,0.033315,-0.001843,0.014755,-0.013376,-0.021938,0.305157,0.062347,-0.921573,0.077434,0.023915,-0.058321,-0.236324,0.785144,-0.57245,-0.394866,-0.615899,-0.681724,-0.887823,0.064933,0.455579,0.007694,-0.008317,0.019002,2.774035,0.45799,1.618743,-0.911671
465,0.124885,-0.000936,0.363604,-0.014105,0.766917,-0.641627,-0.463894,-0.573408,-0.675261,-0.885772,0.287165,0.364652,0.014759,-0.020034,0.03553,-0.055959,0.001044,0.057684,-1.913033,-0.138882,0.028551,0.303669,0.034257,-0.577914,0.815373,0.089834,0.814241,0.573477,-0.995344,0.054318,0.078765,-0.003766,0.029896,-0.026358,-0.084737,0.416555,0.157415,-1.402967,0.050315,0.033381,-0.024718,0.08209,0.54563,0.833995,-0.172783,-0.816356,0.551096,0.981532,-0.18934,0.027261,-0.001821,0.014536,-0.013566,-0.148252,0.439353,0.394951,-0.919287,0.077518,0.023676,-0.057894,-0.233415,0.788146,-0.56951,-0.393907,-0.612121,-0.685671,-0.889018,0.064288,0.453334,0.007302,-0.010276,0.017569,-0.056823,-0.006853,0.047185,-0.913467
466,0.12526,-0.002048,0.364956,-0.012824,0.773502,-0.6337,-0.464018,-0.565921,-0.681463,-0.885729,0.284344,0.366961,-0.000395,-0.027039,0.030319,-0.115616,0.083398,-0.031969,-1.912987,-0.139199,0.029607,0.302629,0.027839,-0.58304,0.811961,0.09125,0.810277,0.578843,-0.995407,0.058699,0.074719,-0.017005,0.026529,-0.027889,0.062374,0.081739,0.066013,-1.403193,0.050161,0.033916,-0.025232,0.089953,0.55027,0.830126,-0.17293,-0.812215,0.557136,0.980817,-0.19367,0.022098,-0.001048,0.008205,-0.010429,0.046022,0.051716,0.054789,-0.925329,0.077706,0.023134,-0.057226,-0.232896,0.794426,-0.560932,-0.396315,-0.604256,-0.691237,-0.888084,0.06132,0.455572,0.006526,-0.01437,0.014498,-0.102724,0.032047,-0.002105,-0.916242
467,0.125715,-0.003341,0.366046,-0.015561,0.777538,-0.628679,-0.467263,-0.561466,-0.682929,-0.883973,0.282161,0.372831,0.012234,-0.033488,0.02548,-0.110052,0.04981,-0.012394,-1.912998,-0.139386,0.030362,0.301798,0.023328,-0.585925,0.810023,0.092052,0.807971,0.581931,-0.995443,0.061714,0.071746,-0.002367,0.018637,-0.018742,0.06545,-0.005715,0.047846,-1.403359,0.050063,0.034285,-0.025648,0.094606,0.5525,0.828125,-0.173339,-0.810007,0.560215,0.980307,-0.196546,0.019138,-0.000429,0.00326,-0.006008,0.044604,-0.004866,-0.015938,-0.929084,0.077923,0.022499,-0.056691,-0.23596,0.79741,-0.555391,-0.400444,-0.600536,-0.692098,-0.885418,0.059095,0.46102,0.006014,-0.017175,0.012405,-0.099296,0.026096,-0.038196,-0.911507
468,0.125953,-0.003966,0.366501,-0.01943,0.778312,-0.627612,-0.463939,-0.563013,-0.683922,-0.885642,0.276913,0.372806,0.012091,-0.034365,0.02484,-0.105131,0.029669,-0.02283,-1.913033,-0.139457,0.030597,0.301521,0.020862,-0.587022,0.809297,0.091877,0.807083,0.583189,-0.995511,0.062916,0.069734,-0.001027,0.00784,-0.01077,0.016209,0.02719,0.048336,-1.40355,0.050026,0.034412,-0.025797,0.097112,0.553293,0.827306,-0.173066,-0.809183,0.561488,0.98011,-0.197706,0.017174,-0.001202,0.009614,-0.009084,0.049502,0.133879,-0.132225,-0.929248,0.078046,0.022171,-0.056456,-0.239708,0.797097,-0.554233,-0.396858,-0.601453,-0.693366,-0.886026,0.053746,0.460507,0.005975,-0.017461,0.012201,-0.106749,0.035746,-0.057068,-0.911343
469,0.126443,-0.005063,0.367361,-0.02048,0.781209,-0.62397,-0.458633,-0.561838,-0.688451,-0.888376,0.271098,0.370567,0.012806,-0.022403,0.016948,-0.069739,0.014417,-0.005601,-1.912719,-0.139475,0.030821,0.301254,0.015073,-0.5876,0.809006,0.089645,0.806543,0.584283,-0.995811,0.064443,0.063796,-0.001391,0.011285,-0.007498,-0.091693,0.222499,0.179992,-1.40355,0.050018,0.034521,-0.025934,0.101814,0.552609,0.827197,-0.171317,-0.809356,0.561776,0.97994,-0.19891,0.012268,2.6e-05,-0.000169,-0.000161,-0.226294,0.387208,0.228684,-0.931044,0.078289,0.021612,-0.056027,-0.24096,0.799403,-0.550355,-0.392349,-0.598896,-0.698129,-0.887693,0.04771,0.457955,0.00638,-0.011241,0.008439,-0.073882,0.014177,-0.008585,-0.913467
470,0.127118,-0.005944,0.368028,-0.019295,0.782393,-0.622522,-0.459376,-0.559899,-0.689535,-0.88802,0.27169,0.370987,0.026523,-0.023414,0.016152,-0.068791,-0.000518,0.023844,-1.912179,-0.13948,0.030861,0.301279,0.011623,-0.586896,0.809573,0.08764,0.80702,0.583928,-0.996032,0.06489,0.059778,-0.000195,0.001848,0.001754,-0.006801,-0.000951,0.036245,-1.403279,0.050015,0.034545,-0.025924,0.106224,0.551892,0.827122,-0.16885,-0.809736,0.561975,0.9799,-0.199355,0.007173,-4.3e-05,0.00043,0.000408,0.007489,-0.008027,-0.004844,-0.930554,0.078622,0.02117,-0.055695,-0.239927,0.800692,-0.548932,-0.393613,-0.59712,-0.698939,-0.887413,0.048373,0.458428,0.006471,-0.010855,0.008733,-0.070432,0.013719,-0.005632,-0.912976
471,0.127762,-0.006622,0.368645,-0.023622,0.782986,-0.621626,-0.456439,-0.561592,-0.690108,-0.889423,0.266456,0.371422,0.013893,-0.008364,0.010589,-0.034411,-0.000357,0.011874,-1.912976,-0.139341,0.030818,0.301399,0.008256,-0.586329,0.810026,0.085273,0.807425,0.583718,-0.996266,0.06498,0.055626,0.013229,0.00337,0.00159,0.000534,-0.012461,0.031477,-1.403488,0.050084,0.034528,-0.02586,0.109356,0.550816,0.827431,-0.166659,-0.81048,0.561557,0.979931,-0.199308,0.003168,0.006605,0.001764,0.000867,0.010827,-0.02846,0.021306,-0.929574,0.078948,0.020822,-0.055387,-0.244161,0.80029,-0.54765,-0.390474,-0.598071,-0.699885,-0.887645,0.042958,0.458517,0.006837,-0.008949,0.010169,-0.077323,0.089613,-0.159713,-0.913466
472,0.127989,-0.006817,0.36898,-0.024444,0.782702,-0.621952,-0.457326,-0.561915,-0.689258,-0.888945,0.26661,0.372456,0.000988,-0.003068,0.01462,-0.034535,0.001526,0.008111,-1.912978,-0.139202,0.030772,0.301463,0.005837,-0.582419,0.812863,0.083245,0.810248,0.580089,-0.996452,0.065002,0.052171,0.013386,0.001896,0.00019,0.001417,-0.014166,0.027638,-1.403384,0.050148,0.034508,-0.025825,0.111252,0.546387,0.83011,-0.165271,-0.813492,0.557597,0.979952,-0.199227,-0.0002,0.000711,-0.005779,0.003618,-0.034513,0.006325,-0.017945,-0.928431,0.079065,0.020717,-0.055219,-0.244927,0.799857,-0.54794,-0.391234,-0.598634,-0.698979,-0.887099,0.043174,0.459554,0.000525,-0.00131,0.00747,-0.035095,0.001206,0.008066,-0.914283
473,0.128296,-0.006992,0.369722,-0.022815,0.784306,-0.619991,-0.455564,-0.560117,-0.691884,-0.889894,0.265681,0.370849,0.001417,-0.009163,0.026951,0.088117,0.052917,-0.008268,-1.912691,-0.138811,0.030658,0.301473,0.000714,-0.574318,0.818627,0.079345,0.815989,0.572539,-0.99678,0.065255,0.045103,0.013657,-0.000592,-0.002175,-0.013466,0.104649,-0.128914,-1.403852,0.050343,0.034453,-0.025817,0.115395,0.53756,0.835291,-0.162543,-0.819355,0.549759,0.979929,-0.19921,-0.007173,0.000146,-0.001339,-0.001278,0.000606,0.012474,-0.014842,-0.929574,0.079219,0.020633,-0.054858,-0.24346,0.801633,-0.545995,-0.390205,-0.59632,-0.701527,-0.887956,0.042256,0.457981,0.00094,0.000987,0.009177,0.576629,-0.19214,0.692421,-0.915099
474,0.128446,-0.006942,0.370519,-0.021875,0.785239,-0.618843,-0.45527,-0.558846,-0.693103,-0.890069,0.265599,0.370487,-0.011256,0.005822,0.021267,-0.041592,0.103931,-0.199856,-1.912944,-0.138498,0.030419,0.301376,-0.003702,-0.56749,0.823367,0.076294,0.820724,0.56615,-0.997006,0.065615,0.039203,0.000576,-0.005307,-0.005044,-0.0,1e-06,-1e-06,-1.40338,0.050505,0.034337,-0.025863,0.119106,0.529961,0.839615,-0.160463,-0.824244,0.543021,0.979828,-0.199404,-0.013133,0.00781,-0.008445,0.000272,-0.035024,0.00881,-0.006449,-0.931371,0.079299,0.020654,-0.054456,-0.242509,0.802774,-0.54474,-0.390233,-0.594791,-0.702809,-0.888204,0.042138,0.457511,0.00127,0.002825,0.010531,-0.036872,-0.010872,0.031163,-0.914936
475,0.128448,-0.006762,0.370893,-0.023787,0.78661,-0.617028,-0.456293,-0.557643,-0.6934,-0.889494,0.26407,0.372953,0.002763,0.006751,0.021848,-0.10961,0.307016,0.192868,-1.91293,-0.138313,0.030231,0.3013,-0.005198,-0.565204,0.824929,0.07515,0.822298,0.564014,-0.997085,0.065623,0.037144,0.000699,-0.00641,-0.006101,-0.002245,0.017343,-0.022909,-1.403489,0.050597,0.034243,-0.025901,0.120336,0.527459,0.841014,-0.15964,-0.825863,0.540799,0.979813,-0.199338,-0.015178,0.007807,-0.008332,0.000373,-0.03291,-0.008297,0.016017,-0.931697,0.079294,0.020743,-0.05427,-0.243673,0.803043,-0.543823,-0.39111,-0.594473,-0.70259,-0.887499,0.041493,0.458935,-0.005231,0.009369,0.006978,-0.158269,0.497504,0.318025,-0.914609
476,0.128307,-0.006211,0.371617,-0.029364,0.788625,-0.614209,-0.452464,-0.55834,-0.695346,-0.891275,0.256504,0.37398,-0.009928,0.021375,0.015818,-0.016756,0.063151,0.058969,-1.913059,-0.137922,0.029855,0.301092,-0.01193,-0.554548,0.832062,0.070401,0.829502,0.55399,-0.997365,0.065872,0.028081,0.000904,-0.008205,-0.007833,-0.834301,1.385565,-2.273585,-1.403539,0.050787,0.034058,-0.026002,0.12483,0.518016,0.846212,-0.156945,-0.831836,0.532367,0.979686,-0.199265,-0.022538,0.007189,-0.003366,-0.004037,0.002203,-0.001896,0.013102,-0.933493,0.079232,0.021009,-0.053915,-0.250136,0.804189,-0.539175,-0.387963,-0.593467,-0.705181,-0.887082,0.032789,0.460443,0.001706,0.009441,0.006957,-0.018484,0.069574,0.094266,-0.911507
477,0.127944,-0.005495,0.372422,-0.032176,0.789552,-0.612877,-0.453561,-0.557891,-0.694991,-0.890616,0.254629,0.37682,-0.009641,0.014236,0.027222,-0.037105,0.014153,0.009696,-1.912931,-0.137581,0.029383,0.300838,-0.018864,-0.548593,0.835872,0.066103,0.83342,0.548613,-0.997543,0.06628,0.019473,0.001102,-0.009916,-0.009501,-0.101579,0.183613,-0.190197,-1.402984,0.050963,0.033815,-0.026135,0.132367,0.508884,0.850597,-0.152744,-0.837425,0.524773,0.979361,-0.199386,-0.033119,0.000567,-0.005071,-0.004867,-0.094737,0.170376,-0.2216,-0.935453,0.079047,0.021375,-0.053507,-0.253187,0.804339,-0.537524,-0.389049,-0.593374,-0.70466,-0.88574,0.030712,0.463162,-0.004556,0.012845,0.009432,0.010709,-0.033513,0.035275,-0.91216
478,0.127478,-0.004585,0.373402,-0.034948,0.790502,-0.611498,-0.454725,-0.55738,-0.69464,-0.889915,0.2528,0.379698,-0.022269,0.019995,0.031315,-0.034787,0.006127,0.000997,-1.912897,-0.137446,0.028915,0.300462,-0.02703,-0.545848,0.837443,0.068694,0.834667,0.546393,-0.997169,0.07297,0.013865,0.001197,-0.010749,-0.010344,-0.006903,0.025912,-0.015967,-1.403793,0.051031,0.03358,-0.026326,0.140135,0.505006,0.851663,-0.155608,-0.83823,0.522644,0.977828,-0.205766,-0.038883,0.000611,-0.005444,-0.005239,0.006353,0.00245,-0.032572,-0.937576,0.078811,0.021836,-0.053006,-0.255884,0.804483,-0.536031,-0.390157,-0.593268,-0.704137,-0.884477,0.028958,0.465682,-0.011118,0.010164,0.015787,-0.032167,-0.000143,-0.003479,-0.911997
