frame,MLTx,MLTy,MLTz,MLTR1,MLTR2,MLTR3,MLTR4,MLTR5,MLTR6,MLTR7,MLTR8,MLTR9,MLTTVx,MLTTVy,MLTTVz,MLTRVx,MLTRVy,MLTRVz,MLGA,MRTx,MRTy,MRTz,MRTR1,MRTR2,MRTR3,MRTR4,MRTR5,MRTR6,MRTR7,MRTR8,MRTR9,MRTTVx,MRTTVy,MRTTVz,MRTRVx,MRTRVy,MRTRVz,MRGA,SLTx,SLTy,SLTz,SLTR1,SLTR2,SLTR3,SLTR4,SLTR5,SLTR6,SLTR7,SLTR8,SLTR9,SLTTVx,SLTTVy,SLTTVz,SLTRVx,SLTRVy,SLTRVz,SLGA,SRTx,SRTy,SRTz,SRTR1,SRTR2,SRTR3,SRTR4,SRTR5,SRTR6,SRTR7,SRTR8,SRTR9,SRTTVx,SRTTVy,SRTTVz,SRTRVx,SRTRVy,SRTRVz,SRGA
467,0.177636,-0.023987,0.284583,-0.541812,0.83603,-0.086832,-0.832928,-0.547836,-0.077966,-0.112084,0.029038,0.993288,-0.000199,-0.004418,-0.005676,0.004718,-0.09357,0.141941,-1.062875,-0.131774,-0.034457,0.322716,-0.834736,-0.04676,0.548653,0.205639,-0.950684,0.23205,0.511782,0.306591,0.802462,-0.016494,0.016942,0.0614,0.149595,-0.190308,-0.26513,-1.399372,0.060985,0.024656,-0.008144,0.845782,-0.001002,0.533527,-0.121797,0.973229,0.194908,-0.519439,-0.229832,0.823018,-0.001473,0.014891,0.026521,0.358519,-0.459649,-0.117977,-1.026079,0.087211,0.030385,-0.075454,0.593262,-0.80485,-0.015931,0.804987,0.593274,0.004544,0.005794,-0.01552,0.999862,-9.3e-05,-0.002199,-0.002826,0.004756,-0.093611,0.143066,-1.005072
468,0.177799,-0.024178,0.284314,-0.5477,0.831921,-0.089322,-0.828786,-0.554003,-0.078526,-0.114137,0.029981,0.993026,0.015129,-0.00493,-0.006859,0.006543,-0.124117,0.195183,-1.062751,-0.13221,-0.033164,0.32477,-0.840273,-0.048409,0.53999,0.209111,-0.947786,0.240642,0.50119,0.315191,0.805808,-0.004324,0.041973,0.045187,-0.305534,-0.148346,-0.410393,-1.399475,0.060769,0.025281,-0.007125,0.851529,-0.000819,0.524306,-0.123813,0.971402,0.202604,-0.509478,-0.237439,0.827075,-0.009757,0.020627,0.023274,-3.391335,-2.056042,-3.856442,-1.025099,0.087288,0.030291,-0.075586,0.599268,-0.800352,-0.017721,0.800509,0.59931,0.003452,0.007858,-0.016254,0.999836,-0.000126,-0.002951,-0.003801,0.003547,-0.09504,0.141826,-1.004093
469,0.177864,-0.024311,0.28419,-0.550615,0.829858,-0.090578,-0.826717,-0.557059,-0.078721,-0.115105,0.0305,0.992899,4.2e-05,-0.016555,0.00117,0.014885,-0.057443,-0.346102,-1.062822,-0.132566,-0.032359,0.325594,-0.848763,-0.055681,0.525826,0.220408,-0.941088,0.256336,0.48163,0.333541,0.810337,-0.020599,0.051724,0.037094,-1.553398,-2.034196,1.821768,-1.399932,0.06059,0.025695,-0.006693,0.859527,0.008385,0.51102,-0.137823,0.966626,0.215954,-0.492155,-0.256049,0.831998,-0.00963,0.020144,0.022508,-0.89063,-0.238653,0.494032,-1.026732,0.087326,0.030228,-0.075652,0.601729,-0.798479,-0.018745,0.79865,0.601787,0.003001,0.008885,-0.016776,0.999819,-0.000133,-0.003042,-0.003944,0.167413,0.051875,-1.521038,-1.005236
470,0.178029,-0.024592,0.28394,-0.551602,0.828931,-0.093024,-0.825817,-0.55834,-0.079082,-0.116813,0.032164,0.992647,0.015362,-0.017731,-0.000884,-0.029977,-0.095446,0.153262,-1.063513,-0.133673,-0.030445,0.326929,-0.870186,-0.102324,0.481972,0.270625,-0.916576,0.294253,0.412739,0.386622,0.824641,-0.03621,0.05744,0.024321,-3.869874,-3.842405,-2.824035,-1.399826,0.060041,0.026657,-0.006014,0.883716,0.044861,0.465867,-0.183735,0.948737,0.257172,-0.430449,-0.312863,0.846657,-0.017453,0.023187,0.016326,-0.105796,-0.445211,0.441682,-1.028692,0.087402,0.03009,-0.075774,0.603339,-0.797205,-0.021055,0.797412,0.603429,0.002502,0.010711,-0.018299,0.999774,-0.000132,-0.003113,-0.00402,0.004383,-0.093986,0.142895,-1.006216
471,0.178193,-0.024863,0.283651,-0.553836,0.826994,-0.096918,-0.824215,-0.560961,-0.077225,-0.117549,0.036078,0.992425,-0.000246,-0.005654,-0.007332,-0.000149,-0.000121,-7.5e-05,-1.066264,-0.135465,-0.027975,0.327763,-0.885589,-0.149245,0.439829,0.316048,-0.887405,0.3355,0.34134,0.436313,0.832455,-0.066638,0.065353,0.015726,-1.167356,-0.608689,-0.413455,-1.399526,0.059176,0.027858,-0.005598,0.903281,0.090144,0.419472,-0.231454,0.925597,0.299497,-0.361264,-0.367619,0.856938,-0.025948,0.033192,0.0075,-1.29629,-2.45456,1.67626,-1.014322,0.08749,0.02995,-0.075915,0.60588,-0.79517,-0.024747,0.79547,0.605978,0.00421,0.011649,-0.022236,0.999684,0.007548,-0.003318,-0.004562,0.009881,-0.105186,0.17266,-1.009481
472,0.178334,-0.025203,0.283357,-0.555565,0.825599,-0.098891,-0.822851,-0.562929,-0.07745,-0.118927,0.037313,0.992215,-3.2e-05,-0.018574,-0.001513,-0.030949,-0.080712,0.123725,-1.067025,-0.138122,-0.025235,0.327859,-0.894092,-0.19897,0.40125,0.357725,-0.856118,0.372866,0.270445,0.477165,0.836084,-0.082568,0.079026,-0.008431,-1.113778,-0.478897,-0.234034,-1.400043,0.057833,0.02926,-0.005532,0.915212,0.14086,0.377551,-0.278354,0.898458,0.339545,-0.291385,-0.415848,0.861489,-0.040714,0.0339,-7e-05,-2.386776,-2.485142,-3.462041,-0.998483,0.08756,0.029784,-0.076066,0.607708,-0.793717,-0.026519,0.794051,0.607839,0.003742,0.01315,-0.023332,0.99964,0.007545,-0.003604,-0.004949,0.005536,-0.108491,0.172497,-1.012421
473,0.178398,-0.025404,0.283194,-0.558728,0.823332,-0.099967,-0.820584,-0.566215,-0.077547,-0.119762,0.037675,0.992101,0.015353,-0.018983,-0.002591,-0.029559,-0.095099,0.149292,-1.068671,-0.139817,-0.023693,0.327662,-0.897275,-0.226709,0.378803,0.37822,-0.837067,0.395224,0.228605,0.498182,0.836312,-0.096479,0.074835,-0.011254,-0.669267,-0.306006,0.924093,-1.400316,0.05699,0.030034,-0.005628,0.919861,0.168046,0.354423,-0.301141,0.881536,0.363604,-0.251335,-0.441197,0.861496,-0.041572,0.043691,-0.009854,-1.398438,-1.154563,0.215053,-0.994401,0.087587,0.029684,-0.076147,0.610856,-0.791271,-0.027256,0.791617,0.611008,0.003347,0.014006,-0.02362,0.999622,-0.000162,-0.003871,-0.005045,-0.000832,0.015252,-0.036588,-1.011604
474,0.178493,-0.025813,0.282895,-0.559767,0.822329,-0.10238,-0.81964,-0.567553,-0.077755,-0.121356,0.039362,0.991841,-0.000278,-0.006466,-0.008456,0.005568,-0.109243,0.166112,-1.069944,-0.143579,-0.020657,0.326766,-0.898899,-0.278226,0.33847,0.412218,-0.798423,0.438784,0.149288,0.534296,0.831928,-0.110607,0.076088,-0.028263,-2.840443,-2.996608,-3.489551,-1.400146,0.055114,0.031557,-0.006064,0.925883,0.212106,0.312649,-0.332758,0.849711,0.408978,-0.178915,-0.482703,0.857313,-0.055884,0.043297,-0.018489,-2.077369,-2.488818,1.285936,-0.984113,0.08764,0.029471,-0.076298,0.612095,-0.790231,-0.029557,0.790628,0.612288,0.003057,0.015682,-0.02524,0.999557,-0.000156,-0.003746,-0.004897,0.003574,-0.078048,0.118799,-1.005726
475,0.178532,-0.026156,0.282649,-0.561287,0.821026,-0.104496,-0.818383,-0.569337,-0.077951,-0.122801,0.040739,0.991608,-0.000223,-0.005209,-0.006833,0.0,0.0,-0.0,-1.071025,-0.148095,-0.017726,0.325287,-0.895223,-0.32847,0.301123,0.440107,-0.75669,0.483385,0.070203,0.565675,0.821552,-0.124578,0.076171,-0.046325,-0.747875,-0.14968,0.765383,-1.400584,0.052861,0.033026,-0.006794,0.924635,0.265837,0.272725,-0.367634,0.810025,0.456842,-0.099469,-0.522675,0.846708,-0.061648,0.032163,-0.01934,-1.371307,-1.153531,0.20737,-0.984113,0.087659,0.029298,-0.076423,0.613654,-0.788942,-0.031597,0.789385,0.613892,0.002694,0.017271,-0.026595,0.999496,-0.000125,-0.003028,-0.00397,0.004279,-0.093936,0.142805,-1.000337
476,0.178529,-0.0263,0.282545,-0.559639,0.822016,-0.105543,-0.819418,-0.56783,-0.078074,-0.123419,0.041764,0.991489,-0.000223,-0.005194,-0.006822,0.004764,-0.09335,0.142084,-1.071826,-0.150538,-0.016396,0.324364,-0.892592,-0.349395,0.284945,0.449556,-0.735714,0.506517,0.033785,0.580648,0.813369,-0.12266,0.060244,-0.043109,-2.505356,-2.398184,-3.154148,-1.400639,0.051638,0.033697,-0.007256,0.924694,0.282467,0.255249,-0.374745,0.793543,0.479431,-0.067128,-0.53898,0.839638,-0.069039,0.033939,-0.026522,-0.698123,0.245287,0.922805,-0.982481,0.087658,0.029228,-0.076473,0.612262,-0.789976,-0.032736,0.790452,0.612518,0.002716,0.017906,-0.027539,0.999459,-9.6e-05,-0.002334,-0.003062,0.004743,-0.093404,0.142702,-1.000827
477,0.178502,-0.026559,0.282446,-0.561433,0.820538,-0.107495,-0.817991,-0.569868,-0.078185,-0.124719,0.043009,0.991273,-0.00013,-0.003019,-0.003972,-0.000807,0.01581,-0.024083,-1.072639,-0.155694,-0.014091,0.322316,-0.883844,-0.396701,0.247869,0.465533,-0.695736,0.546958,-0.043416,0.599313,0.799251,-0.137027,0.061722,-0.059806,-0.837071,-0.853869,-0.313994,-1.400362,0.049066,0.034848,-0.008276,0.918567,0.33029,0.21712,-0.395149,0.754146,0.524519,0.009503,-0.567601,0.823247,-0.068029,0.025027,-0.025993,-1.987262,-2.914773,-3.446911,-0.97399,0.087645,0.029096,-0.076526,0.61407,-0.788492,-0.034585,0.789013,0.61437,0.002415,0.019344,-0.028771,0.999398,9.8e-05,-0.006757,0.002523,-0.030167,-0.096476,0.148483,-1.002623
478,0.178377,-0.026778,0.282504,-0.563419,0.818931,-0.109344,-0.816453,-0.572079,-0.078114,-0.125829,0.04424,0.991078,0.00025,-0.01208,0.006927,-0.030135,-0.096284,0.147964,-1.074754,-0.161066,-0.012261,0.320123,-0.872441,-0.441051,0.210504,0.473883,-0.65879,0.584264,-0.117912,0.610041,0.78346,-0.134262,0.033256,-0.050199,-1.899441,-3.098787,-3.252083,-1.400794,0.046379,0.035771,-0.009379,0.911521,0.370832,0.177799,-0.403394,0.722111,0.561986,0.080011,-0.583985,0.80781,-0.074774,0.021461,-0.029104,-0.852303,0.024673,1.172635,-0.976766,0.087582,0.028989,-0.076502,0.616254,-0.786717,-0.036147,0.78728,0.616591,0.002272,0.020501,-0.029858,0.999343,-1.4e-05,-0.000298,-0.00039,0.005512,-0.1091,0.166797,-1.010298
479,0.178047,-0.026952,0.282698,-0.566675,0.816222,-0.112724,-0.814178,-0.57564,-0.075664,-0.125949,0.047881,0.990894,-0.015423,0.000698,0.00144,-0.001261,0.014475,-0.029701,-1.078698,-0.166553,-0.01093,0.31803,-0.855479,-0.48735,0.175036,0.481987,-0.626225,0.612752,-0.187932,0.60917,0.770361,-0.134046,0.032029,-0.052095,-0.522232,-0.321262,0.530326,-1.400939,0.043636,0.036429,-0.010433,0.896163,0.420828,0.140689,-0.416632,0.688946,0.593101,0.152666,-0.590132,0.792739,-0.066966,0.015661,-0.026289,-0.914711,-0.87174,-0.511771,-0.970724,0.087417,0.028899,-0.0764,0.619639,-0.783901,-0.039304,0.784609,0.619974,0.004478,0.020857,-0.033613,0.999216,-0.007712,0.00041,0.000808,0.003589,0.018319,-0.028669,-1.010461
480,0.17783,-0.027056,0.282808,-0.56549,0.816931,-0.113534,-0.814961,-0.574553,-0.075491,-0.126205,0.048815,0.990816,-0.015169,-0.011062,0.008784,-0.031144,-0.081389,0.118524,-1.080393,-0.169309,-0.010405,0.317088,-0.847917,-0.506983,0.154911,0.481102,-0.613539,0.626136,-0.221324,0.606072,0.763908,-0.148378,0.03219,-0.050972,-0.688761,0.115767,0.705813,-1.400492,0.042208,0.0367,-0.010927,0.88964,0.440851,0.119124,-0.416826,0.677362,0.606165,0.186538,-0.588922,0.786367,-0.074134,0.015931,-0.025554,-0.574776,0.104046,0.692,-0.970071,0.087309,0.028849,-0.076343,0.618577,-0.784694,-0.040196,0.785437,0.618922,0.004711,0.021182,-0.034485,0.99918,-0.007588,-0.005526,0.004406,-0.030438,-0.080853,0.119257,-1.014053
481,0.177188,-0.027241,0.283032,-0.563644,0.817109,-0.121178,-0.815389,-0.573776,-0.07676,-0.131556,0.054521,0.989822,-0.015429,0.000632,0.001331,1.732508,-2.252434,0.154918,-1.085248,-0.174804,-0.009568,0.315534,-0.833676,-0.54002,0.115561,0.475249,-0.595252,0.64788,-0.280024,0.595718,0.752709,-0.146581,0.014757,-0.030662,-1.477736,-5.579531,-1.680153,-1.400706,0.039516,0.037105,-0.011701,0.879997,0.467813,0.082185,-0.410099,0.66104,0.628365,0.23963,-0.586664,0.773564,-0.073664,0.01251,-0.019728,-0.620656,0.138821,0.682056,-0.9735,0.086993,0.028757,-0.076231,0.617648,-0.785121,-0.045771,0.78609,0.618086,0.005549,0.023934,-0.039407,0.998936,-0.015314,-0.005321,0.004919,-0.113428,-0.023513,-0.121967,-1.016503
482,0.176173,-0.027412,0.283251,-0.569634,0.811699,-0.129256,-0.810541,-0.580774,-0.075476,-0.13563,0.06076,0.988908,-0.030893,0.000641,0.001793,-0.256984,-0.192521,-0.195212,-1.095399,-0.180257,-0.008854,0.314448,-0.822983,-0.561709,0.084701,0.466971,-0.584308,0.663668,-0.322253,0.586444,0.743035,-0.131252,0.010112,-0.017967,-0.532728,-0.304669,0.29678,-1.400659,0.036783,0.03746,-0.012253,0.868229,0.49389,0.047433,-0.404337,0.648896,0.64455,0.287558,-0.578796,0.763089,-0.073154,0.010578,-0.012399,-0.619461,-0.932589,-0.71962,-0.966478,0.086492,0.028672,-0.076121,0.623617,-0.779813,-0.054697,0.781086,0.624415,0.003139,0.031706,-0.044681,0.998497,-0.015323,-0.005341,0.004877,-0.471933,-0.323603,-0.250777,-1.017483
483,0.175516,-0.027522,0.283384,-0.57077,0.809973,-0.134944,-0.809015,-0.582769,-0.076467,-0.139874,0.064515,0.988079,-0.030657,-0.010742,0.009611,0.44412,-0.636637,-0.082433,-1.101474,-0.18295,-0.008489,0.314088,-0.817539,-0.571885,0.067584,0.461877,-0.581319,0.669829,-0.34274,0.579543,0.739271,-0.131747,0.025607,-0.022038,-0.283457,-0.393262,0.101326,-1.400738,0.035388,0.037644,-0.012441,0.863617,0.503266,0.029771,-0.398497,0.645273,0.651783,0.30881,-0.574756,0.757819,-0.065834,0.013094,-0.010622,-0.275754,-0.388043,0.088196,-0.967621,0.086163,0.028621,-0.076058,0.625729,-0.777675,-0.060698,0.779253,0.626696,0.003878,0.035023,-0.049726,0.998148,-0.01533,-0.005334,0.004874,1.717294,-2.087736,-0.029652,-1.018299
484,0.173864,-0.02783,0.283696,-0.57417,0.806063,-0.143654,-0.805695,-0.5874,-0.076078,-0.144998,0.071052,0.986891,-0.046176,-0.01091,0.009731,0.108229,-0.144388,-0.105201,-1.115884,-0.188345,-0.007686,0.313671,-0.81076,-0.584263,0.035998,0.448338,-0.580459,0.679702,-0.375199,0.567947,0.732479,-0.130486,0.021526,-0.007502,-0.494886,0.003535,0.495805,-1.400511,0.032794,0.038029,-0.012645,0.856658,0.515881,-0.001374,-0.386823,0.644105,0.659921,0.341326,-0.564796,0.751333,-0.065218,0.010972,-0.003425,-0.200731,-2.18249,2.162499,-0.969091,0.085361,0.028467,-0.075902,0.629855,-0.773633,-0.069087,0.775647,0.631154,0.003813,0.040655,-0.055988,0.997602,-0.023092,-0.005458,0.004889,1.751263,-2.039766,-0.019091,-1.023524
485,0.171877,-0.02822,0.28411,-0.5783,0.80078,-0.156092,-0.801474,-0.593312,-0.074779,-0.15178,0.080859,0.985115,-0.04617,-0.009955,0.010843,0.129587,-0.88765,-0.258971,-1.128345,-0.193574,-0.006783,0.313608,-0.810685,-0.58537,0.011142,0.432432,-0.586032,0.685203,-0.393536,0.561036,0.72817,-0.144026,0.028346,-0.000347,-0.093501,-0.019811,0.17304,-1.400043,0.030179,0.038475,-0.012681,0.856736,0.515045,-0.027026,-0.36867,0.648215,0.666258,0.360671,-0.560844,0.745231,-0.064612,0.008127,0.003014,-0.220551,-0.012574,0.221977,-0.968764,0.08435,0.028271,-0.075697,0.634453,-0.768869,-0.079423,0.771432,0.636306,0.002538,0.048586,-0.062879,0.996837,-0.030818,-0.004777,0.005897,1.309974,-2.394056,-0.236866,-1.032505
486,0.169536,-0.028686,0.284733,-0.581102,0.796572,-0.166854,-0.797409,-0.598211,-0.07908,-0.16209,0.086102,0.983026,-0.061543,-0.007486,0.014227,0.115521,-0.122089,-0.126267,-1.135616,-0.198597,-0.005909,0.313808,-0.811841,-0.583754,-0.011731,0.416271,-0.592965,0.689235,-0.408266,0.555398,0.724373,-0.129086,0.030909,0.000571,-0.043092,-0.596057,0.541592,-1.392897,0.027614,0.038927,-0.012576,0.857542,0.512076,-0.048981,-0.352028,0.653603,0.669984,0.375097,-0.557297,0.740757,-0.06433,0.009677,0.00423,-0.239213,-1.865556,1.674027,-0.97154,0.083208,0.028041,-0.075399,0.638723,-0.763985,-0.09142,0.767168,0.641445,-0.000502,0.059025,-0.069814,0.995811,-0.030779,-0.003721,0.007181,1.712836,-2.048968,-0.01258,-1.02777
487,0.168337,-0.028937,0.285112,-0.58361,0.794133,-0.169695,-0.795492,-0.601016,-0.077096,-0.162494,0.089005,0.982701,-0.061504,-0.006648,0.015207,-0.07651,0.041123,-0.155064,-1.137905,-0.201073,-0.005489,0.313952,-0.812061,-0.583164,-0.021657,0.409116,-0.595566,0.691274,-0.41499,0.553228,0.722209,-0.114083,0.020277,0.007981,-0.233606,0.065721,0.12934,-1.385371,0.02637,0.039142,-0.012506,0.857048,0.511741,-0.059898,-0.345047,0.656398,0.670882,0.382635,-0.554311,0.73914,-0.064208,0.010174,0.00455,-0.419465,0.091624,0.062465,-0.974153,0.082586,0.027909,-0.0752,0.641338,-0.76139,-0.094703,0.764879,0.644172,0.000844,0.060363,-0.072978,0.995504,-0.030666,-0.008615,0.012098,-0.096843,0.058893,-0.149502,-1.025647
488,0.165688,-0.029458,0.285997,-0.58696,0.789805,-0.178132,-0.791562,-0.605966,-0.078777,-0.169437,0.093776,0.981083,-0.076762,-0.015655,0.026132,-0.040873,0.016664,-0.161779,-1.140284,-0.206017,-0.004703,0.314355,-0.809937,-0.584705,-0.045967,0.396031,-0.603205,0.692269,-0.431468,0.543224,0.720143,-0.113343,0.009908,0.016256,-0.041487,-0.057938,-0.062859,-1.361881,0.023947,0.039533,-0.012309,0.85501,0.511844,-0.083502,-0.331011,0.662552,0.671905,0.399235,-0.546846,0.735915,-0.063925,0.011396,0.005443,-0.253005,-1.875484,1.659332,-0.973826,0.081267,0.027651,-0.074763,0.645352,-0.756939,-0.10277,0.760878,0.648893,-0.001351,0.06771,-0.077323,0.994703,-0.03072,-0.002473,0.008628,0.137703,-0.140389,-0.101825,-1.025647
489,0.162894,-0.029881,0.286982,-0.58992,0.786091,-0.184666,-0.787705,-0.610467,-0.082597,-0.176933,0.095754,0.979567,-0.076612,-0.013354,0.028778,-0.07528,0.085003,-0.159343,-1.141613,-0.2105,-0.004024,0.314862,-0.807816,-0.586278,-0.060839,0.388371,-0.607242,0.693078,-0.442251,0.536989,0.718276,-0.113019,0.011064,0.016865,-0.017089,0.08993,-0.19442,-1.312181,0.021657,0.039882,-0.01205,0.852588,0.513085,-0.099173,-0.322679,0.666158,0.672391,0.411059,-0.541272,0.733521,-0.05654,0.005395,0.008381,-0.022356,0.073784,-0.192649,-0.956844,0.079869,0.027439,-0.074272,0.648768,-0.75316,-0.108852,0.757226,0.653125,-0.005913,0.075548,-0.07859,0.994039,-0.038315,-0.006599,0.014536,-0.086354,0.201268,-0.326558,-1.018136
490,0.161435,-0.030052,0.287506,-0.59139,0.784205,-0.187951,-0.785743,-0.612733,-0.084493,-0.180694,0.096733,0.978785,-0.076569,-0.012727,0.029403,-0.075373,0.085327,-0.159264,-1.142656,-0.212726,-0.003757,0.315158,-0.806711,-0.587244,-0.065981,0.385859,-0.608195,0.693646,-0.446439,0.53485,0.717279,-0.098824,0.009707,0.014551,-0.014375,0.106002,-0.204302,-1.297581,0.020539,0.040019,-0.011899,0.851435,0.513979,-0.104319,-0.320138,0.666896,0.672875,0.415414,-0.539513,0.732363,-0.056479,0.005569,0.008417,-0.013015,0.114176,-0.220863,-0.949496,0.07914,0.027354,-0.074009,0.650473,-0.751232,-0.111957,0.755368,0.65525,-0.008026,0.079389,-0.079348,0.99368,-0.038317,-0.000618,0.010886,-0.04483,0.078174,-0.141012,-1.016666
491,0.158373,-0.030306,0.288641,-0.59459,0.779684,-0.196472,-0.781678,-0.617707,-0.085969,-0.187657,0.101487,0.976992,-0.076247,0.001792,0.025193,-0.03934,0.056328,-0.117022,-1.146543,-0.216705,-0.003407,0.31567,-0.804026,-0.589035,-0.081064,0.377765,-0.611512,0.695184,-0.458033,0.529063,0.714256,-0.098973,0.008227,0.012681,-0.020791,0.037195,-0.129219,-1.282895,0.018512,0.040197,-0.011636,0.848548,0.515492,-0.119302,-0.311928,0.669484,0.67416,0.427395,-0.534844,0.728885,-0.049522,0.003939,0.006239,-0.018924,0.046366,-0.140012,-0.951292,0.077609,0.027219,-0.073442,0.65435,-0.746582,-0.120167,0.751202,0.659996,-0.009915,0.086712,-0.083782,0.992703,-0.045909,-0.004732,0.016691,-0.075861,0.111279,-0.187738,-1.019279
492,0.155069,-0.030373,0.28985,-0.591535,0.779558,-0.205965,-0.782229,-0.616729,-0.087944,-0.194853,0.108116,0.97487,-0.091405,-0.006598,0.036434,-0.076082,0.085106,-0.164276,-1.148443,-0.220381,-0.003147,0.316094,-0.800442,-0.591997,-0.093931,0.37296,-0.614738,0.694932,-0.468119,0.521965,0.712937,-0.084977,0.006087,0.009603,0.082437,0.033052,-0.211358,-1.270077,0.016674,0.040327,-0.011425,0.845087,0.51802,-0.132217,-0.306789,0.672414,0.673602,0.437844,-0.528689,0.727172,-0.042513,0.002953,0.004777,0.079098,0.042542,-0.226991,-0.955701,0.075963,0.02719,-0.072841,0.6523,-0.746734,-0.129968,0.75205,0.659,-0.011813,0.09447,-0.090037,0.991447,-0.04572,0.002228,0.014124,-0.033353,-0.007231,-0.001513,-1.02826
493,0.153334,-0.030354,0.290479,-0.590723,0.778935,-0.210601,-0.781615,-0.617144,-0.090456,-0.199702,0.110201,0.973654,-0.091172,0.005744,0.029505,-0.035165,-0.034642,0.022137,-1.14993,-0.222118,-0.003037,0.316249,-0.797957,-0.594,-0.102078,0.37058,-0.617272,0.693959,-0.474203,0.516669,0.712775,-0.085274,0.004364,0.007755,-0.269271,-1.93177,1.690922,-1.268616,0.015838,0.040382,-0.011348,0.842876,0.520211,-0.137621,-0.30617,0.673944,0.672353,0.442514,-0.524575,0.727324,-0.042689,0.001904,0.003667,0.032458,0.060159,-0.221936,-0.957334,0.075095,0.027195,-0.072524,0.652065,-0.746127,-0.134554,0.751607,0.659454,-0.014414,0.099487,-0.091733,0.990801,-0.045658,-0.00288,0.018672,-0.074862,-0.012876,0.004468,-1.028913
494,0.14971,-0.030275,0.291756,-0.586526,0.77911,-0.221406,-0.782744,-0.615433,-0.092333,-0.207475,0.118175,0.97109,-0.090944,0.006483,0.029845,-0.02351,-0.052427,0.023172,-1.151767,-0.225493,-0.002889,0.31653,-0.79366,-0.598402,-0.109595,0.371104,-0.619128,0.692023,-0.480948,0.509312,0.71355,-0.085546,0.003182,0.006304,0.056262,0.050248,-0.203881,-1.268136,0.014151,0.040456,-0.011208,0.838433,0.524478,-0.148161,-0.30476,0.676562,0.670361,0.451829,-0.5169,0.727093,-0.042841,0.001233,0.002859,0.048856,0.064895,-0.244712,-0.963702,0.073284,0.027236,-0.071883,0.649091,-0.746604,-0.145813,0.753023,0.657798,-0.01601,0.107869,-0.099409,0.989182,-0.04557,-0.002478,0.018891,-0.01203,-0.158453,0.15525,-1.023361
495,0.145882,-0.030078,0.29309,-0.578769,0.782364,-0.230169,-0.786552,-0.61001,-0.095891,-0.214713,0.124564,0.968715,-0.09045,0.00887,0.032237,0.125278,-0.439077,0.376961,-1.153825,-0.228756,-0.002817,0.316706,-0.789715,-0.601083,-0.122638,0.366128,-0.622359,0.691776,-0.49113,0.502161,0.71168,-0.071709,0.000877,0.003266,-0.348438,-1.923409,1.731462,-1.267965,0.012546,0.040491,-0.011122,0.834705,0.527398,-0.158483,-0.301475,0.678454,0.669935,0.460846,-0.511419,0.725306,-0.043001,0.000658,0.002149,-0.023535,0.096632,-0.1922,-0.968764,0.071335,0.027336,-0.071206,0.642499,-0.750404,-0.155204,0.757512,0.65254,-0.019123,0.115627,-0.105283,0.987696,-0.045242,0.004502,0.016263,0.136778,-0.453242,0.37888,-1.020912
496,0.141927,-0.029683,0.294477,-0.57157,0.785093,-0.238708,-0.790666,-0.604684,-0.095788,-0.218841,0.133008,0.966667,-0.105148,0.012903,0.036337,-0.069232,-0.168777,0.168679,-1.156372,-0.23196,-0.002846,0.316754,-0.785179,-0.605485,-0.129895,0.366848,-0.62393,0.689976,-0.497812,0.494866,0.712148,-0.07248,-0.002328,-0.000149,0.3324,-0.113807,-0.323554,-1.267441,0.010945,0.040481,-0.011093,0.830834,0.530407,-0.168468,-0.298539,0.680256,0.669422,0.469668,-0.505885,0.723527,-0.036269,-0.001316,-0.000165,0.456033,-0.182048,-0.390827,-0.97105,0.069397,0.027527,-0.070529,0.636524,-0.753503,-0.164526,0.761817,0.647534,-0.018257,0.120294,-0.113718,0.986203,-0.052667,0.006052,0.017737,-0.054522,-0.139077,0.144773,-1.019768
497,0.139934,-0.029439,0.295175,-0.567639,0.786621,-0.243018,-0.79246,-0.602005,-0.097817,-0.222543,0.136075,0.965394,-0.089664,0.011847,0.034961,-0.018544,-0.154805,0.193734,-1.157649,-0.23348,-0.002855,0.316748,-0.783819,-0.606128,-0.135016,0.364117,-0.624875,0.690568,-0.501938,0.492882,0.710626,-0.086706,-0.000941,0.001522,-0.010756,0.087089,-0.187133,-1.268061,0.010157,0.040473,-0.011098,0.828586,0.532219,-0.173744,-0.297563,0.681518,0.668572,0.474236,-0.50227,0.723065,-0.036255,0.004488,-0.004049,0.002224,0.025579,-0.115911,-0.971867,0.068395,0.027652,-0.070176,0.633203,-0.755284,-0.169112,0.763929,0.644982,-0.02024,0.124361,-0.116373,0.985388,-0.052496,0.00672,0.018378,0.016792,-0.069113,0.00107,-1.022708
498,0.13589,-0.028823,0.296626,-0.561144,0.789405,-0.249002,-0.795826,-0.597186,-0.100005,-0.226953,0.141059,0.96365,-0.103845,0.027517,0.031281,-0.001202,-0.047064,0.035768,-1.158815,-0.236643,-0.002908,0.316683,-0.778745,-0.610328,-0.145077,0.363205,-0.627347,0.688805,-0.510414,0.484479,0.710366,-0.087358,-0.002984,-0.000812,0.003834,0.090655,-0.203519,-1.268255,0.008576,0.040449,-0.011128,0.823677,0.536399,-0.183931,-0.296504,0.683886,0.666621,0.483363,-0.494545,0.722346,-0.036661,-0.002496,-0.001532,-0.02066,0.090447,-0.204631,-0.972846,0.066378,0.027952,-0.069452,0.627455,-0.758572,-0.175694,0.767858,0.64024,-0.022037,0.129203,-0.121081,0.984197,-0.052153,0.007908,0.019456,-0.033767,-0.13469,0.187785,-1.02679
499,0.131732,-0.028025,0.298167,-0.555045,0.790632,-0.258593,-0.798275,-0.593616,-0.101729,-0.233251,0.148976,0.960951,-0.103406,0.018474,0.041194,-0.052434,-0.137179,0.153878,-1.162279,-0.239904,-0.00299,0.316521,-0.773489,-0.61452,-0.155148,0.362362,-0.629748,0.687055,-0.518923,0.475985,0.709944,-0.087687,0.00741,-0.010002,0.067137,0.044353,-0.191601,-1.268328,0.006978,0.040404,-0.011206,0.81868,0.540425,-0.194171,-0.295306,0.686201,0.664772,0.4925,-0.486896,0.72137,-0.036879,-0.002918,-0.002091,-0.002339,-0.138761,-0.03162,-0.973499,0.064343,0.028348,-0.068701,0.622584,-0.760122,-0.186018,0.770624,0.636866,-0.02321,0.136111,-0.1289,0.982271,-0.051649,0.009712,0.021266,-0.03463,-0.13531,0.17985,-1.017156
500,0.127757,-0.027088,0.299733,-0.549033,0.791693,-0.26801,-0.800557,-0.5902,-0.103648,-0.23956,0.156663,0.958173,-0.117558,0.023378,0.045765,0.072288,-0.356311,0.155856,-1.164232,-0.243059,-0.003147,0.316297,-0.768093,-0.618649,-0.16522,0.361476,-0.632034,0.685421,-0.527477,0.467524,0.709262,-0.07434,-0.007062,-0.005833,0.081063,-0.172282,-0.065074,-1.266518,0.005363,0.04033,-0.01132,0.813633,0.544435,-0.203936,-0.29426,0.688178,0.66319,0.501408,-0.479584,0.72013,-0.044428,-0.00352,-0.00272,0.007078,-0.638585,0.308157,-0.974969,0.062316,0.028821,-0.067904,0.617712,-0.761633,-0.195821,0.773315,0.63354,-0.02471,0.14288,-0.136168,0.980327,-0.050969,0.016682,0.018446,0.534176,-0.791359,0.094543,-1.004909
501,0.125757,-0.026568,0.300567,-0.545475,0.792817,-0.271924,-0.801908,-0.58797,-0.105859,-0.243139,0.159324,0.956831,-0.101451,0.034197,0.037314,0.005416,-0.156392,0.205827,-1.165559,-0.244711,-0.003257,0.316129,-0.764134,-0.622076,-0.170617,0.363098,-0.633566,0.683146,-0.532088,0.460849,0.710185,-0.088999,0.003635,-0.014337,0.440155,-0.168838,-0.402649,-1.266783,0.004543,0.040273,-0.011399,0.810475,0.547047,-0.209449,-0.294299,0.689429,0.661873,0.506476,-0.474791,0.71976,-0.044663,-0.004104,-0.003406,0.452103,-0.305361,-0.293501,-0.974969,0.061311,0.029078,-0.067483,0.614692,-0.762944,-0.200169,0.774948,0.631447,-0.026998,0.146994,-0.138526,0.979388,-0.050941,0.011727,0.023065,-0.018577,-0.03507,0.022751,-1.009645
502,0.121764,-0.025487,0.302335,-0.538357,0.794876,-0.27998,-0.805482,-0.582961,-0.10643,-0.247153,0.167229,0.954451,-0.101116,0.024557,0.04639,-0.033991,-0.134489,0.18888,-1.169762,-0.247913,-0.003534,0.315691,-0.756968,-0.628975,-0.177151,0.368942,-0.635276,0.67841,-0.538273,0.448969,0.713129,-0.090098,-0.009559,-0.008712,0.270204,-0.15033,-0.213475,-1.26705,0.002942,0.040139,-0.011621,0.803409,0.554815,-0.216131,-0.301129,0.691743,0.656362,0.513667,-0.462244,0.722824,-0.037721,0.000367,-0.008869,0.401603,-0.232313,-0.165943,-0.975133,0.059314,0.029624,-0.0666,0.60862,-0.765478,-0.20886,0.778837,0.626639,-0.027109,0.151632,-0.146169,0.977569,-0.05055,0.012483,0.023515,-0.026999,-0.127085,0.190982,-1.0134
503,0.117916,-0.024461,0.304137,-0.531201,0.796853,-0.287916,-0.809067,-0.577893,-0.106876,-0.250896,0.175175,0.952046,-0.085322,0.024039,0.045636,-0.03503,-0.150053,0.217925,-1.172128,-0.251072,-0.003853,0.315134,-0.756431,-0.630975,-0.172264,0.375741,-0.634915,0.675008,-0.534318,0.446666,0.717536,-0.07668,-0.012634,-0.012427,-0.007535,0.281072,0.289631,-1.262698,0.001386,0.039985,-0.011894,0.80165,0.559108,-0.211552,-0.309895,0.691306,0.652732,0.511195,-0.457704,0.727451,-0.038635,-0.006625,-0.006673,-0.88921,3.771345,3.689864,-0.976766,0.057384,0.030138,-0.065698,0.602515,-0.767888,-0.217537,0.78271,0.621798,-0.027015,0.156009,-0.153991,0.975677,-0.05018,0.013142,0.023856,-0.021607,-0.12243,0.192266,-1.008991
504,0.116117,-0.023959,0.30501,-0.527281,0.798043,-0.291798,-0.810557,-0.57538,-0.109116,-0.254325,0.177988,0.950613,-0.084953,0.024768,0.046122,-0.032933,-0.147656,0.219332,-1.173587,-0.252472,-0.00404,0.314821,-0.754891,-0.63363,-0.169244,0.380227,-0.633222,0.674085,-0.533323,0.44531,0.719117,-0.077273,-0.014088,-0.014127,0.102155,-0.056365,-0.104024,-1.260489,0.000658,0.039888,-0.012053,0.801446,0.560586,-0.20839,-0.313335,0.690365,0.652086,0.509416,-0.457315,0.728942,-0.038461,-0.001426,-0.011015,0.143189,0.022268,-0.266128,-0.980194,0.056485,0.030388,-0.065262,0.599094,-0.769365,-0.221729,0.784573,0.619349,-0.029191,0.159786,-0.156474,0.974671,-0.049987,0.013496,0.024065,-0.03694,-0.039014,0.045152,-1.004419
505,0.11251,-0.023002,0.30682,-0.520632,0.800423,-0.29717,-0.813667,-0.570535,-0.111388,-0.258062,0.182805,0.94869,-0.084853,0.023598,0.044002,-0.033074,-0.146755,0.219854,-1.177961,-0.255311,-0.004502,0.314148,-0.751318,-0.638742,-0.165898,0.387501,-0.630612,0.672388,-0.533138,0.441698,0.721478,-0.077876,-0.014617,-0.015115,0.04194,-0.016858,-0.075123,-1.254598,-0.000762,0.039655,-0.012391,0.79824,0.566291,-0.205248,-0.321042,0.68831,0.650508,0.509651,-0.453368,0.73124,-0.031635,-0.002685,-0.012561,0.054018,0.056626,-0.20731,-0.982317,0.054682,0.03087,-0.064352,0.593204,-0.772175,-0.227711,0.788182,0.614658,-0.031052,0.163942,-0.161058,0.973233,-0.042473,0.011753,0.022013,-0.036833,-0.042664,0.050112,-1.006542
506,0.109153,-0.022303,0.308539,-0.512925,0.802644,-0.304492,-0.8166,-0.565536,-0.115348,-0.264154,0.188481,0.945899,-0.070991,0.00771,0.046884,-0.067142,-0.143655,0.233608,-1.183687,-0.25783,-0.005024,0.313382,-0.753262,-0.637682,-0.161087,0.389579,-0.630052,0.671712,-0.528868,0.444024,0.723191,-0.064125,-0.016848,-0.017872,-0.001224,0.100381,-0.194839,-1.253682,-0.002027,0.039394,-0.012774,0.800147,0.56529,-0.200527,-0.323117,0.687904,0.64991,0.505331,-0.45523,0.733079,-0.032088,-0.008588,-0.009058,-0.012468,-0.005328,-0.032128,-0.987053,0.052999,0.031228,-0.063491,0.586468,-0.774885,-0.235814,0.791792,0.609807,-0.034645,0.170647,-0.166397,0.971179,-0.042768,0.010008,0.019657,-0.039415,-0.024726,0.025327,-1.014707
507,0.106003,-0.021829,0.310224,-0.506231,0.804993,-0.309453,-0.819835,-0.560487,-0.11703,-0.267029,0.193451,0.944086,-0.070476,0.017407,0.036554,-0.032264,-0.159357,0.250638,-1.185986,-0.259939,-0.005544,0.312528,-0.750219,-0.642081,-0.157782,0.396745,-0.6282,0.669247,-0.527869,0.440294,0.726195,-0.050172,-0.018812,-0.020268,0.388337,-0.284571,-0.18864,-1.253686,-0.003086,0.039135,-0.0132,0.798553,0.568827,-0.196843,-0.328795,0.686142,0.648924,0.504188,-0.453479,0.734948,-0.02491,-0.003945,-0.014266,0.465128,-0.238248,-0.377618,-0.993911,0.051424,0.03146,-0.062646,0.580502,-0.777648,-0.241412,0.795466,0.604935,-0.035859,0.173925,-0.171219,0.969759,-0.043236,0.003647,0.022564,-0.070154,-0.110943,0.179883,-1.016503
508,0.10451,-0.021663,0.31103,-0.50209,0.807016,-0.310926,-0.82129,-0.557512,-0.120971,-0.270353,0.193615,0.943106,-0.08646,0.00689,0.0443,-0.039359,-0.083723,0.196978,-1.188837,-0.26085,-0.005835,0.311989,-0.748695,-0.644202,-0.156371,0.400238,-0.627452,0.667868,-0.527399,0.438256,0.727767,-0.036539,-0.022665,-0.024474,0.378081,-0.175461,-0.349802,-1.253605,-0.003533,0.038997,-0.013453,0.797414,0.570876,-0.195525,-0.331996,0.685626,0.647838,0.503892,-0.451682,0.736257,-0.025397,-0.010268,-0.011109,-0.023649,0.091449,-0.166608,-0.994401,0.050651,0.031551,-0.062228,0.576487,-0.780078,-0.243186,0.797601,0.601865,-0.039864,0.177462,-0.170984,0.969159,-0.043298,0.003301,0.022035,-0.065721,-0.103578,0.189861,-1.012584
509,0.101658,-0.02146,0.312539,-0.494603,0.809044,-0.317585,-0.824103,-0.552582,-0.124416,-0.275542,0.199176,0.940443,-0.072178,0.002283,0.039573,1.755806,-2.172914,0.55349,-1.195089,-0.262238,-0.006395,0.310835,-0.747029,-0.646499,-0.154851,0.404179,-0.626761,0.66614,-0.526758,0.435855,0.729671,-0.036201,-0.010984,-0.032372,0.045297,-0.054778,0.045586,-1.255151,-0.004242,0.038705,-0.014043,0.794811,0.574884,-0.194376,-0.338142,0.685509,0.644776,0.503919,-0.446749,0.739243,-0.018166,-0.005779,-0.016465,0.013908,0.07171,-0.149931,-0.995217,0.049252,0.031651,-0.061488,0.570724,-0.782608,-0.248591,0.801106,0.597137,-0.040684,0.180283,-0.175929,0.967753,-0.028802,-0.000407,0.01856,-0.071151,-0.038527,0.069093,-1.010461
510,0.099041,-0.021445,0.313901,-0.486492,0.811293,-0.324306,-0.827176,-0.547135,-0.128044,-0.280722,0.204953,0.937666,-0.073321,-0.001743,0.034676,0.097262,-0.2927,0.218617,-1.195993,-0.263456,-0.006984,0.309607,-0.746688,-0.647201,-0.153554,0.405719,-0.62621,0.665723,-0.526058,0.435604,0.730325,-0.03698,-0.02261,-0.025146,-0.008999,0.093245,-0.155004,-1.25946,-0.004851,0.038415,-0.014659,0.794593,0.575571,-0.193234,-0.339504,0.685077,0.64452,0.503347,-0.446527,0.739766,-0.010921,-0.00633,-0.017159,0.036945,-0.061752,0.0815,-0.996197,0.047944,0.031663,-0.060802,0.562865,-0.785215,-0.258107,0.804725,0.591883,-0.045732,0.188678,-0.181964,0.965033,-0.029307,-0.002188,0.016394,0.541125,-0.798925,0.334954,-1.010788
511,0.09785,-0.021533,0.314533,-0.48317,0.81273,-0.325672,-0.829176,-0.544132,-0.127898,-0.280561,0.207228,0.937213,-0.058124,0.005411,0.022864,-0.032072,-0.141085,0.232703,-1.19599,-0.264061,-0.007245,0.30904,-0.746517,-0.647561,-0.152869,0.406496,-0.625903,0.665538,-0.525702,0.435512,0.730637,-0.021349,-0.010681,-0.032359,0.038057,-0.063846,0.079321,-1.262962,-0.00516,0.038275,-0.014945,0.794496,0.575998,-0.19236,-0.340391,0.684727,0.644424,0.502901,-0.446515,0.740077,-0.017862,-0.004289,-0.015102,0.026993,0.061484,-0.11455,-0.996034,0.047343,0.031616,-0.060482,0.55978,-0.78682,-0.259921,0.806835,0.589026,-0.045428,0.188845,-0.184284,0.96456,-0.029984,-0.008593,0.019488,-0.102583,-0.105054,0.200215,-1.011604
512,0.095668,-0.021828,0.315686,-0.475427,0.816267,-0.328212,-0.832669,-0.537861,-0.131678,-0.283432,0.20967,0.935806,-0.059742,-0.008072,0.028213,0.167443,0.13349,0.329896,-1.197568,-0.265263,-0.007702,0.308076,-0.746158,-0.648438,-0.150893,0.408319,-0.624868,0.665395,-0.524801,0.435695,0.731175,-0.034948,-0.015111,-0.017303,-0.006513,0.061885,-0.106712,-1.270586,-0.005771,0.038039,-0.015444,0.794292,0.576898,-0.190492,-0.342205,0.683916,0.644324,0.50199,-0.446595,0.740647,-0.017401,-0.007372,-0.008427,-0.006858,0.062971,-0.105454,-0.995381,0.046252,0.031472,-0.059908,0.552845,-0.790284,-0.264221,0.810914,0.583218,-0.047678,0.191778,-0.187902,0.963282,-0.022429,-0.0051,0.013472,0.340491,0.378531,0.283685,-1.013727
513,0.093913,-0.022241,0.316625,-0.46777,0.818864,-0.332715,-0.836187,-0.531892,-0.133619,-0.28581,0.214687,0.933943,-0.045787,-0.01314,0.023436,-0.065977,-0.121475,0.222607,-1.198652,-0.266634,-0.008084,0.307461,-0.745829,-0.649259,-0.148977,0.409827,-0.623683,0.665579,-0.524094,0.436173,0.731398,-0.048122,-0.008346,-0.010227,-0.008539,0.077101,-0.135951,-1.277979,-0.006438,0.037851,-0.015748,0.794107,0.577736,-0.188717,-0.343688,0.68295,0.64456,0.50127,-0.44699,0.740896,-0.016724,-0.00497,-0.005836,-0.006721,0.062632,-0.105846,-0.992931,0.045353,0.031263,-0.059428,0.545428,-0.793967,-0.268559,0.815196,0.577002,-0.050232,0.194842,-0.19153,0.961952,-0.022963,-0.006745,0.011552,-0.068531,-0.123744,0.221587,-1.009645
514,0.093209,-0.022491,0.31701,-0.463561,0.819977,-0.335847,-0.837659,-0.529053,-0.135654,-0.288345,0.217418,0.932531,-0.031302,-0.016624,0.020565,-0.06497,-0.135781,0.252389,-1.199052,-0.267357,-0.008253,0.307273,-0.745683,-0.649626,-0.148103,0.410427,-0.623076,0.665778,-0.523832,0.436494,0.731393,-0.033008,-0.008287,-0.009932,-0.006486,0.061894,-0.106707,-1.282833,-0.006805,0.037766,-0.015842,0.794019,0.578144,-0.187835,-0.344334,0.682397,0.6448,0.500965,-0.447306,0.740911,-0.023588,-0.002597,-0.003363,-0.007529,0.061969,-0.111175,-0.99636,0.045,0.031137,-0.059237,0.54165,-0.795331,-0.272144,0.817031,0.574239,-0.05205,0.197673,-0.194157,0.960847,-0.015715,-0.008471,0.010132,-0.066826,-0.134357,0.251785,-1.007848
515,0.092136,-0.023008,0.317613,-0.457546,0.822466,-0.338003,-0.841031,-0.52363,-0.135831,-0.288143,0.221096,0.931728,-0.015837,-0.008815,0.009694,-0.032419,-0.0675,0.126415,-1.200806,-0.268877,-0.008502,0.307011,-0.745382,-0.650352,-0.14642,0.411577,-0.621878,0.666188,-0.523359,0.437123,0.731357,-0.047053,-0.004323,-0.005933,-0.000301,-0.031523,0.030439,-1.293062,-0.007558,0.037644,-0.01597,0.79383,0.578976,-0.186062,-0.345629,0.681266,0.645303,0.500372,-0.447953,0.740921,-0.016118,-0.002791,-0.003475,-0.00541,0.046571,-0.08214,-0.999626,0.044468,0.030878,-0.058942,0.536146,-0.798127,-0.274844,0.82064,0.569095,-0.051767,0.197729,-0.197794,0.960093,-0.015804,-0.008681,0.009866,-0.068018,-0.035133,0.080731,-1.006379
516,0.091554,-0.023434,0.318027,-0.452491,0.824525,-0.339788,-0.843769,-0.519112,-0.136191,-0.288125,0.224049,0.931028,-0.001164,-0.011842,0.0074,-0.031382,-0.08194,0.156123,-1.203286,-0.270428,-0.008723,0.306774,-0.742454,-0.653923,-0.145387,0.416855,-0.621026,0.663695,-0.523346,0.432984,0.733824,-0.047026,-0.003831,-0.005517,0.142624,-0.13344,-0.043249,-1.30136,-0.00835,0.037535,-0.016088,0.791516,0.582424,-0.185157,-0.350635,0.680918,0.642966,0.500556,-0.443996,0.743176,-0.02348,-0.001829,-0.002635,0.157722,-0.13797,-0.043008,-0.99734,0.044172,0.030666,-0.058735,0.531458,-0.80047,-0.277125,0.823632,0.564756,-0.051761,0.197941,-0.200741,0.959438,-0.00805,-0.004779,0.004433,-0.03227,-0.06722,0.126488,-1.011277
517,0.091416,-0.02373,0.318276,-0.448688,0.826053,-0.341116,-0.845754,-0.515752,-0.136646,-0.288258,0.226158,0.930477,0.014835,-0.00259,-0.001785,0.004338,-0.11413,0.201787,-1.205496,-0.271917,-0.008891,0.306608,-0.740924,-0.655653,-0.145406,0.419184,-0.62079,0.662449,-0.523656,0.4307,0.734946,-0.03175,-0.003497,-0.004837,0.123984,-0.148916,0.021362,-1.315967,-0.009067,0.037451,-0.01617,0.790182,0.584218,-0.185204,-0.352893,0.680785,0.641871,0.501077,-0.441838,0.74411,-0.015885,-0.001791,-0.00244,0.201957,-0.188436,0.001806,-1.009913,0.044096,0.030513,-0.058608,0.527946,-0.802206,-0.278812,0.825823,0.561534,-0.051919,0.198212,-0.202839,0.95894,-2e-06,1.6e-05,2.1e-05,7e-05,-1e-05,-6.7e-05,-1.012911
518,0.091466,-0.023824,0.318346,-0.44664,0.827755,-0.339676,-0.846549,-0.513792,-0.139084,-0.289102,0.224399,0.930641,5.1e-05,0.000162,0.000184,0.006331,0.006962,0.003884,-1.206722,-0.27257,-0.008978,0.306538,-0.739538,-0.657102,-0.145923,0.421141,-0.62095,0.661057,-0.524046,0.428252,0.736097,-0.046336,-0.001268,-0.002779,0.380711,-0.318455,-0.141212,-1.318871,-0.009422,0.037407,-0.016206,0.789374,0.585209,-0.185521,-0.354014,0.680802,0.641235,0.50156,-0.440497,0.744579,-0.023153,-0.000595,-0.001322,0.525648,-0.339386,-0.110378,-1.013342,0.044127,0.030465,-0.058574,0.525689,-0.804156,-0.277458,0.827064,0.55946,-0.054475,0.199033,-0.200839,0.959191,-0.000401,-0.005324,0.00438,-0.043671,-0.094257,0.153773,-1.013564
519,0.091792,-0.023942,0.318331,-0.443219,0.829073,-0.34094,-0.848084,-0.510959,-0.140167,-0.289871,0.225987,0.930017,0.014782,-0.002769,-0.001995,0.000986,-0.014713,0.029554,-1.207839,-0.273324,-0.009232,0.30637,-0.746733,-0.649924,-0.141348,0.419676,-0.625418,0.657768,-0.514946,0.432677,0.739922,-0.001477,-0.004323,-0.004948,0.166479,-0.119739,-0.085941,-1.333217,-0.0098,0.037276,-0.016295,0.795558,0.578184,-0.181078,-0.353233,0.68544,0.636708,0.492253,-0.442576,0.749541,-0.000791,-0.002333,-0.002649,0.187354,-0.126597,-0.130656,-1.018731,0.044284,0.030407,-0.05858,0.522537,-0.80559,-0.279244,0.828853,0.556741,-0.055145,0.199891,-0.202637,0.958634,0.007381,-0.001406,-0.001024,0.004003,-0.114514,0.201538,-1.011114
520,0.092275,-0.02405,0.318246,-0.440093,0.830262,-0.342092,-0.84943,-0.508406,-0.141293,-0.290692,0.227365,0.929425,0.014714,-0.002989,-0.002255,0.000984,-0.014715,0.029553,-1.208002,-0.273139,-0.009335,0.306414,-0.742952,-0.653718,-0.143756,0.424784,-0.626614,0.653336,-0.516227,0.425158,0.74338,0.015346,6.1e-05,0.000532,0.018983,-0.144937,0.215876,-1.338639,-0.009721,0.03722,-0.016278,0.791505,0.582992,-0.18341,-0.359139,0.686496,0.632251,0.494508,-0.434561,0.75274,0.000105,-0.004465,0.005332,-0.05129,-0.091957,0.139609,-1.012526,0.044531,0.030352,-0.058623,0.519609,-0.806969,-0.280723,0.83046,0.554246,-0.056087,0.200851,-0.203986,0.958147,0.007357,-0.001496,-0.001136,0.001053,-0.01472,0.029451,-1.010624
