frame,MLTx,MLTy,MLTz,MLTR1,MLTR2,MLTR3,MLTR4,MLTR5,MLTR6,MLTR7,MLTR8,MLTR9,MLTTVx,MLTTVy,MLTTVz,MLTRVx,MLTRVy,MLTRVz,MLGA,MRTx,MRTy,MRTz,MRTR1,MRTR2,MRTR3,MRTR4,MRTR5,MRTR6,MRTR7,MRTR8,MRTR9,MRTTVx,MRTTVy,MRTTVz,MRTRVx,MRTRVy,MRTRVz,MRGA,SLTx,SLTy,SLTz,SLTR1,SLTR2,SLTR3,SLTR4,SLTR5,SLTR6,SLTR7,SLTR8,SLTR9,SLTTVx,SLTTVy,SLTTVz,SLTRVx,SLTRVy,SLTRVz,SLGA,SRTx,SRTy,SRTz,SRTR1,SRTR2,SRTR3,SRTR4,SRTR5,SRTR6,SRTR7,SRTR8,SRTR9,SRTTVx,SRTTVy,SRTTVz,SRTRVx,SRTRVy,SRTRVz,SRGA
1600,0.085422,0.028957,0.364625,-0.005613,0.208593,-0.97801,-0.848316,-0.518779,-0.105832,-0.529449,0.828807,0.181082,-0.001282,-0.01117,0.008299,-0.034217,0.019179,-0.01527,0.105675,-0.196655,0.051864,0.33502,0.498142,0.384657,0.7771,-0.864822,0.156852,0.476881,0.060929,-0.910068,0.409789,-0.012342,-0.000508,0.000481,-0.002045,0.015205,-0.029245,-1.409192,0.021009,0.048339,-0.009672,-0.503175,-0.317624,0.803697,0.860985,-0.264196,0.43463,0.074285,0.910667,0.406406,-4.2e-05,-0.000609,-0.00041,-0.000101,-0.000431,-0.000142,-0.831763,0.057139,0.038688,-0.05892,-0.052583,0.313211,-0.948226,-0.838967,-0.528871,-0.128169,-0.541634,0.788792,0.290584,-6.9e-05,-0.000208,-0.000143,-0.00018,4e-06,-1.1e-05,-0.054884
1601,0.085364,0.028897,0.364667,-0.005901,0.208621,-0.978002,-0.848412,-0.518675,-0.105575,-0.529291,0.828865,0.181275,-0.000134,-0.000415,-0.000286,0.0,0.0,0.0,0.104885,-0.196821,0.051841,0.335039,0.499694,0.38578,0.775546,-0.863856,0.157391,0.478451,0.061894,-0.909501,0.410902,-2.4e-05,-0.000348,-0.000238,-0.037255,-0.504849,0.656466,-1.409309,0.020917,0.048325,-0.009664,-0.504136,-0.318186,0.802872,0.860477,-0.264352,0.435541,0.073658,0.910425,0.407061,-0.006173,-0.000161,0.000311,-0.128085,-1.66875,2.157954,-0.831273,0.05711,0.038654,-0.058895,-0.052888,0.313236,-0.948201,-0.83907,-0.528779,-0.12788,-0.541446,0.788844,0.290793,-0.000661,-0.005642,0.004111,-0.034353,0.019163,-0.015241,-0.054885
1602,0.085202,0.028769,0.364794,-0.006627,0.208692,-0.977982,-0.848658,-0.518402,-0.104926,-0.528886,0.829017,0.181761,-4e-05,-0.000124,-8.5e-05,0.0,0.0,0.0,0.101145,-0.196901,0.051779,0.335094,0.503659,0.383958,0.773883,-0.861848,0.162966,0.480202,0.057637,-0.909288,0.411991,1e-06,1.5e-05,1e-05,2e-06,1e-06,2e-06,-1.409274,0.020877,0.048293,-0.009637,-0.508593,-0.316194,0.800845,0.857504,-0.269827,0.438041,0.077584,0.909513,0.408369,0.0,-1e-06,1e-06,0.000446,0.002078,-0.003836,-0.830294,0.057028,0.03859,-0.058833,-0.053612,0.313283,-0.948145,-0.839298,-0.528582,-0.127196,-0.541021,0.788957,0.291276,-1.5e-05,-4e-05,-2.6e-05,-9.5e-05,-2e-06,1.7e-05,-0.057334
1603,0.084913,0.028645,0.364946,-0.004684,0.208792,-0.977972,-0.848623,-0.518118,-0.106605,-0.528966,0.829169,0.18083,-0.000246,-0.000756,-0.000521,0.0,-0.0,0.0,0.101079,-0.196851,0.051683,0.335036,0.501995,0.386221,0.773838,-0.862794,0.163048,0.478472,0.058001,-0.908316,0.414077,-0.000153,-0.002195,-0.001505,7.2e-05,-0.000185,-0.000139,-1.409077,0.020902,0.048247,-0.009664,-0.507168,-0.318703,0.800754,0.858382,-0.270013,0.436201,0.077195,0.908581,0.410511,-9.7e-05,-0.001393,-0.000956,-0.00359,0.004025,0.002714,-0.831927,0.056884,0.038529,-0.058755,-0.05167,0.313439,-0.948201,-0.839342,-0.528114,-0.128836,-0.54114,0.789209,0.29037,-0.006459,0.000935,0.000587,-0.001155,0.014894,-0.029852,-0.05962
1604,0.08474,0.028555,0.365015,-0.005079,0.208828,-0.977963,-0.848776,-0.517942,-0.106244,-0.528717,0.82927,0.181096,-0.000623,-0.001913,-0.00132,0.0,-0.0,0.0,0.101934,-0.196845,0.05163,0.335011,0.502016,0.386228,0.773821,-0.862779,0.163036,0.478503,0.058029,-0.908316,0.414075,-0.00016,-0.002285,-0.001567,-0.001558,0.016823,-0.023345,-1.409309,0.020905,0.04822,-0.009677,-0.507225,-0.318676,0.800729,0.858353,-0.269986,0.436276,0.077155,0.908599,0.41048,-3.1e-05,-0.00045,-0.00031,-0.000451,0.000597,0.00043,-0.83258,0.056799,0.038485,-0.05872,-0.052067,0.313461,-0.948172,-0.839485,-0.527982,-0.12845,-0.540882,0.789288,0.290637,-0.00034,-0.001039,-0.000712,-6.2e-05,2.6e-05,-3.8e-05,-0.059294
1605,0.0843,0.028303,0.365162,-0.008138,0.208839,-0.977939,-0.846071,-0.522675,-0.104631,-0.532993,0.826294,0.182163,-0.002564,-0.015043,0.005635,-0.034617,0.033527,-0.040267,0.096228,-0.196775,0.051564,0.33496,0.501835,0.386086,0.774009,-0.862891,0.162936,0.478336,0.057943,-0.908394,0.413916,-0.000255,-0.003668,-0.002517,-0.00156,0.016826,-0.023343,-1.408982,0.02094,0.048191,-0.0097,-0.507021,-0.318551,0.800908,0.858465,-0.269901,0.436108,0.077243,0.908668,0.410311,-9.6e-05,-0.001398,-0.00096,3.4e-05,3.1e-05,3.5e-05,-0.833886,0.05658,0.038367,-0.058647,-0.055088,0.313375,-0.948029,-0.836576,-0.532805,-0.127509,-0.545073,0.786075,0.291513,-0.007478,-0.00576,0.003976,-0.035508,0.034028,-0.045067,-0.06109
1606,0.083682,0.027805,0.36539,-0.014116,0.21165,-0.977267,-0.837157,-0.53691,-0.104243,-0.546758,0.816391,0.18598,-0.028781,-0.012243,0.0073,1.584208,0.239671,-0.405515,0.072472,-0.196724,0.051391,0.334825,0.503205,0.383592,0.77436,-0.862127,0.162694,0.479794,0.057438,-0.909491,0.411571,-0.00032,-0.0046,-0.003162,-0.00019,0.000492,0.000368,-1.409239,0.020966,0.048102,-0.009769,-0.508073,-0.315814,0.801325,0.857794,-0.269548,0.437643,0.077782,0.909727,0.407854,-0.000191,-0.002766,-0.001901,0.003828,0.010833,-0.027549,-0.834702,0.056282,0.038118,-0.058533,-0.0607,0.316158,-0.946762,-0.828276,-0.545272,-0.128982,-0.557022,0.776351,0.294964,-0.008674,-0.013042,0.007016,5.335006,0.618592,-1.118545,-0.081174
1607,0.082801,0.027019,0.365597,-0.014401,0.217593,-0.975956,-0.827415,-0.550568,-0.110597,-0.561386,0.805656,0.189183,-0.030846,-0.018207,0.00313,1.587262,0.168293,-0.228666,0.057848,-0.196749,0.05129,0.334757,0.502967,0.383457,0.774581,-0.862271,0.162566,0.479578,0.057354,-0.90957,0.411407,-3.7e-05,-0.000529,-0.000364,-0.0,0.0,0.0,-1.409314,0.020952,0.048043,-0.009809,-0.507776,-0.315779,0.801527,0.857962,-0.269468,0.437364,0.077875,0.909764,0.407756,-1e-05,-0.000158,-0.000107,-4.9e-05,-0.000209,-0.000152,-0.833723,0.055843,0.037731,-0.058425,-0.061196,0.322102,-0.944724,-0.818465,-0.557932,-0.137209,-0.571287,0.764827,0.297772,-0.00934,-0.011343,0.000147,5.361086,0.651655,-1.151699,-0.104525
1608,0.082319,0.026509,0.365674,-0.007686,0.221059,-0.975253,-0.823465,-0.554659,-0.119288,-0.567302,0.801894,0.187511,-0.018942,-0.023174,-0.000204,0.154515,-0.438751,0.811441,0.042184,-0.196777,0.05129,0.334759,0.502813,0.383377,0.77472,-0.862364,0.162482,0.479439,0.057304,-0.909618,0.411307,-0.012315,0.000182,0.000954,-0.002045,0.015205,-0.029245,-1.4092,0.020939,0.048045,-0.009807,-0.507605,-0.315722,0.801658,0.858059,-0.269395,0.437219,0.077923,0.909805,0.407654,-0.00615,0.000203,0.000553,-0.002149,0.015108,-0.029334,-0.833396,0.055597,0.037477,-0.058387,-0.055819,0.325548,-0.943876,-0.813835,-0.562487,-0.145877,-0.578409,0.760016,0.296339,-0.010338,-0.017782,0.003648,0.540072,-1.307256,2.187348,-0.119548
1609,0.081286,0.025453,0.365725,-0.007054,0.22167,-0.975119,-0.810379,-0.572535,-0.124344,-0.585853,0.789062,0.184889,-0.019838,-0.025537,-0.001936,-0.036051,0.062354,-0.094959,0.032475,-0.19688,0.051254,0.334753,0.500425,0.381881,0.777002,-0.863828,0.161431,0.477153,0.056164,-0.910433,0.409658,-3.9e-05,-0.000553,-0.000381,-0.0,0.0,0.0,-1.409354,0.020887,0.048029,-0.009808,-0.504928,-0.314536,0.803812,0.859531,-0.268532,0.43485,0.079074,0.91047,0.405943,0.000173,-0.006243,0.003391,-0.036363,0.013568,-0.01545,-0.831927,0.055092,0.036955,-0.058363,-0.054244,0.325839,-0.943867,-0.800433,-0.579304,-0.153985,-0.596961,0.74715,0.292236,-0.009905,-0.012726,-0.000921,-0.038777,0.062634,-0.098306,-0.150083
1610,0.080227,0.024547,0.365672,-0.015548,0.218429,-0.975752,-0.794038,-0.595728,-0.12076,-0.607649,0.772634,0.183918,-0.018829,-0.015043,-0.010838,0.04034,0.038036,-0.093815,0.049915,-0.196946,0.05125,0.334742,0.500377,0.381884,0.777032,-0.863857,0.16143,0.4771,0.056141,-0.910432,0.409663,-0.012316,0.000191,0.00096,-0.002045,0.015205,-0.029245,-1.409091,0.020859,0.048026,-0.009814,-0.504903,-0.314554,0.80382,0.859545,-0.268541,0.434818,0.079085,0.910461,0.40596,2e-06,3.6e-05,2.5e-05,-6.6e-05,-4.3e-05,9e-06,-0.829967,0.054549,0.036486,-0.058388,-0.062633,0.322153,-0.944613,-0.783419,-0.602252,-0.153449,-0.61833,0.730417,0.290101,-0.016365,-0.01139,-0.00012,0.106697,0.110327,-0.143661,-0.144041
1611,0.079679,0.024223,0.365607,-0.019245,0.212295,-0.977039,-0.787535,-0.605222,-0.116047,-0.615946,0.766954,0.180053,-0.030477,-0.008774,-0.00664,-0.015493,-0.056591,-0.140615,0.062861,-0.196955,0.051257,0.334748,0.500373,0.381885,0.777033,-0.863859,0.161428,0.477097,0.056142,-0.910432,0.409664,1.7e-05,0.000242,0.000167,-0.0,0.0,0.0,-1.409319,0.02085,0.04803,-0.009811,-0.504879,-0.314553,0.803836,0.859558,-0.26853,0.434798,0.079087,0.910465,0.405951,1.3e-05,0.000176,0.000122,-4.7e-05,-2.6e-05,-2e-06,-0.830457,0.054277,0.036316,-0.058427,-0.066221,0.315858,-0.946492,-0.776428,-0.612106,-0.149947,-0.626716,0.724953,0.285775,-0.0096,-0.011597,-0.000184,-0.05112,-0.013864,-0.139266,-0.132284
1612,0.078572,0.023972,0.365487,-0.026159,0.193952,-0.980685,-0.766815,-0.633228,-0.104834,-0.641305,0.749019,0.16651,-0.026832,0.009257,-0.010146,0.478564,-0.324522,-0.14835,0.07949,-0.196924,0.051284,0.334776,0.500391,0.381882,0.777024,-0.863848,0.161413,0.477123,0.056163,-0.910436,0.409652,0.000114,0.001618,0.001113,-0.0,0.0,0.0,-1.40889,0.020865,0.048042,-0.009798,-0.504897,-0.314547,0.803827,0.859551,-0.268512,0.434825,0.079064,0.910472,0.40594,6.8e-05,0.000956,0.000658,0.001529,-0.01684,0.023328,-0.832906,0.05372,0.036176,-0.058491,-0.07292,0.297903,-0.951806,-0.754839,-0.64023,-0.142554,-0.651843,0.708066,0.271555,-0.013868,-0.000278,-0.000401,1.591095,-0.146442,-0.51628,-0.105668
1613,0.077579,0.024243,0.365579,-0.025609,0.164715,-0.986031,-0.74969,-0.655605,-0.090101,-0.661265,0.736704,0.141502,-0.024206,0.009639,0.00641,-0.124792,-0.935745,-0.371749,0.097254,-0.196885,0.051312,0.334793,0.500323,0.381824,0.777096,-0.863889,0.161376,0.47706,0.056129,-0.910467,0.409589,-4.2e-05,-0.000601,-0.000413,-0.0,0.0,0.0,-1.408909,0.020885,0.048062,-0.009785,-0.504818,-0.314499,0.803895,0.859594,-0.26848,0.43476,0.079098,0.910498,0.405875,-3.2e-05,-0.000459,-0.000315,-9e-06,-2.5e-05,-1.1e-05,-0.834539,0.05322,0.036306,-0.058455,-0.072552,0.27168,-0.959648,-0.736044,-0.663879,-0.1323,-0.673034,0.696745,0.248134,-0.011804,0.005662,0.00382,-0.154785,-0.999999,-0.604944,-0.08591
1614,0.076707,0.024938,0.366067,-0.030428,0.13705,-0.990119,-0.728592,-0.681138,-0.071944,-0.684238,0.719032,0.121811,-0.019763,0.022141,0.015258,-0.089348,-0.710902,-0.205203,0.10854,-0.196862,0.051279,0.334745,0.500297,0.3818,0.777125,-0.863909,0.16141,0.477014,0.056068,-0.910471,0.409587,-8.6e-05,-0.001227,-0.000844,-0.0,0.0,0.0,-1.408945,0.020897,0.048044,-0.00981,-0.504787,-0.314479,0.803923,0.859606,-0.268515,0.434713,0.079157,0.910495,0.405871,-5.4e-05,-0.000794,-0.000547,-5e-06,-1.2e-05,-1.2e-05,-0.835193,0.052782,0.036645,-0.058216,-0.07679,0.243491,-0.966858,-0.713674,-0.690596,-0.117236,-0.696255,0.681019,0.226804,-0.010376,0.006092,0.012244,-0.144549,-0.655755,-0.250766,-0.066968
1615,0.07634,0.025398,0.366434,-0.042898,0.127925,-0.990878,-0.713751,-0.697869,-0.059249,-0.699037,0.704538,0.122477,-0.018248,0.026291,0.018144,-0.246112,1.123857,-2.320461,0.126172,-0.196901,0.051293,0.334712,0.50022,0.381777,0.777186,-0.86396,0.161465,0.476902,0.055962,-0.910471,0.409603,-0.000118,-0.001676,-0.001154,-0.0,0.0,0.0,-1.408591,0.020877,0.048051,-0.009827,-0.504705,-0.314466,0.803979,0.859645,-0.268576,0.434599,0.079263,0.910481,0.405881,-6.3e-05,-0.000914,-0.000629,-1.7e-05,-6e-06,1e-05,-0.835519,0.052598,0.036877,-0.058032,-0.085761,0.233164,-0.968647,-0.698066,-0.707755,-0.10856,-0.710878,0.66687,0.223462,-0.008903,0.013805,0.009553,0.474995,-0.208829,0.05682,-0.054068
1616,0.075703,0.026436,0.367331,-0.065281,0.118303,-0.990852,-0.694995,-0.717882,-0.039976,-0.715971,0.685878,0.130317,-0.016147,0.031873,0.021912,-0.007453,-0.073447,0.125342,0.16139,-0.19699,0.051349,0.334513,0.501611,0.379391,0.777457,-0.863211,0.161715,0.478172,0.055066,-0.911421,0.407607,-0.000656,0.00802,-0.009849,0.007072,0.06168,0.072827,-1.408048,0.020833,0.048077,-0.009922,-0.50577,-0.311871,0.804321,0.85895,-0.268527,0.436002,0.080005,0.911388,0.403694,-0.000354,0.003614,-0.005197,0.006231,0.087522,0.056549,-0.835519,0.052282,0.037399,-0.057581,-0.110942,0.222837,-0.968521,-0.678007,-0.729501,-0.090179,-0.726633,0.64666,0.232018,-0.001716,0.014541,0.010098,-0.030979,0.010061,0.009809,-0.00851
1617,0.075219,0.0275,0.368267,-0.081493,0.112602,-0.990315,-0.679154,-0.733459,-0.027562,-0.729366,0.670188,0.137479,-0.005351,0.016277,0.027193,-0.030026,-0.07991,0.159337,0.178106,-0.197045,0.051485,0.334148,0.50103,0.372328,0.781238,-0.863773,0.160869,0.477442,0.051468,-0.91447,0.401196,-0.000803,0.00593,-0.01129,-0.030614,0.070942,0.328038,-1.408573,0.020806,0.048144,-0.0101,-0.503518,-0.305803,0.808055,0.859933,-0.267848,0.434479,0.083571,0.913641,0.397836,0.005932,-0.003368,-0.00274,-0.177185,0.364264,0.279921,-0.834213,0.052045,0.037938,-0.057114,-0.126926,0.216741,-0.967942,-0.661233,-0.745869,-0.080308,-0.739364,0.629842,0.237986,-0.00827,0.015257,0.010405,0.006765,0.117847,-0.212335,0.026107
1618,0.075029,0.027957,0.368686,-0.093444,0.107845,-0.989789,-0.666536,-0.745229,-0.018326,-0.739487,0.657881,0.142752,-0.018061,0.018919,0.02876,1.596107,0.088344,-0.324583,0.186455,-0.197033,0.05155,0.333925,0.500983,0.36893,0.782878,-0.863905,0.160641,0.47728,0.0497,-0.915882,0.398186,-0.000938,0.004022,-0.012611,-0.104318,0.274356,0.444932,-1.408055,0.020811,0.048181,-0.010213,-0.502451,-0.303508,0.809583,0.860388,-0.267893,0.433549,0.085296,0.914393,0.395738,-0.00046,0.002081,-0.006257,-0.128301,0.441467,0.326595,-0.836499,0.05195,0.038178,-0.056896,-0.138393,0.211818,-0.96746,-0.649295,-0.757037,-0.072867,-0.747838,0.618083,0.242301,-0.002033,0.013509,0.009226,5.437048,0.188943,-0.961037,0.036231
1619,0.074796,0.028804,0.369634,-0.117272,0.097619,-0.988313,-0.645112,-0.764069,0.001025,-0.754902,0.637568,0.15381,0.007658,0.01428,0.02576,0.113489,-0.005207,0.006574,0.21036,-0.197045,0.051696,0.333389,0.49668,0.363763,0.788021,-0.866344,0.154431,0.474904,0.050443,-0.919006,0.390827,-0.001063,0.002261,-0.013839,-0.047195,0.214079,0.151918,-1.408233,0.020805,0.048254,-0.010481,-0.498112,-0.297463,0.814493,0.862971,-0.261751,0.432164,0.084642,0.918151,0.387084,0.00563,0.000926,-0.007477,-0.085688,0.163062,0.408986,-0.836662,0.051823,0.038601,-0.056423,-0.162132,0.200592,-0.966165,-0.625325,-0.778304,-0.056653,-0.763335,0.594983,0.251623,-0.00157,0.014704,0.009979,0.496116,-0.025336,-0.034664,0.065297
1620,0.074842,0.029807,0.370539,-0.135529,0.091195,-0.98659,-0.62265,-0.782372,0.013162,-0.770519,0.615968,0.164045,0.010013,0.027949,0.018905,-0.030684,0.08398,-0.136449,0.223804,-0.196971,0.051788,0.332879,0.497349,0.360804,0.788959,-0.866078,0.155175,0.475145,0.048392,-0.920043,0.388641,0.011402,0.003989,-0.013477,0.035987,-0.010661,0.023421,-1.408416,0.020837,0.048294,-0.010741,-0.498715,-0.293797,0.815454,0.86239,-0.262598,0.43281,0.086978,0.919089,0.38433,-0.000442,0.002266,-0.006137,0.046642,-0.026814,0.007295,-0.842867,0.051844,0.039095,-0.055969,-0.180034,0.193727,-0.964394,-0.601813,-0.797205,-0.047795,-0.77808,0.571781,0.260111,0.004388,0.008739,0.013877,-0.164155,0.412946,-0.72798,0.092893
1621,0.075091,0.030577,0.371473,-0.157795,0.078877,-0.984339,-0.599682,-0.79958,0.032007,-0.784345,0.59524,0.174697,0.007858,0.014918,0.025835,-0.140922,0.386331,-0.652658,0.240609,-0.196984,0.051899,0.332574,0.497133,0.360726,0.789131,-0.866247,0.155867,0.47461,0.04759,-0.919957,0.388944,-0.000269,-0.003815,-0.002659,-0.001549,0.016966,-0.023242,-1.408373,0.020835,0.048348,-0.0109,-0.498419,-0.293913,0.815593,0.862478,-0.263381,0.432157,0.087795,0.918828,0.384768,-0.000114,-0.001709,-0.001192,-0.002016,0.016364,-0.023717,-0.842214,0.051972,0.03949,-0.055501,-0.20124,0.180662,-0.962737,-0.577652,-0.815642,-0.032313,-0.791087,0.549625,0.268499,0.003807,0.007127,0.012699,-0.391141,1.334014,-2.30417,0.108896
1622,0.075248,0.030746,0.372002,-0.166864,0.072051,-0.983367,-0.58113,-0.812858,0.038998,-0.796328,0.577878,0.178732,0.006752,0.011857,0.023721,1.59759,-0.069676,-0.266977,0.246328,-0.196998,0.051909,0.332512,0.498571,0.358309,0.789324,-0.86545,0.155743,0.476102,0.047043,-0.920919,0.386727,-0.000144,-0.002032,-0.001417,-0.149278,0.383385,0.290039,-1.408082,0.020828,0.048353,-0.010931,-0.498445,-0.293487,0.815731,0.862441,-0.263408,0.432216,0.08802,0.918956,0.38441,-0.00027,0.004808,-0.004366,-0.139988,0.436412,0.357028,-0.842704,0.052054,0.039585,-0.055224,-0.210793,0.173219,-0.96206,-0.558878,-0.828817,-0.026775,-0.80201,0.532031,0.271517,0.003306,0.005777,0.011755,1.620191,-0.087875,-0.242431,0.121469
1623,0.07559,0.030729,0.373105,-0.177166,0.070272,-0.981692,-0.558594,-0.828388,0.041457,-0.810095,0.555621,0.187238,0.003497,-0.004292,0.028719,-0.060011,0.075628,0.05573,0.251169,-0.19699,0.051888,0.332496,0.498546,0.35829,0.789349,-0.865465,0.15573,0.476079,0.047032,-0.920929,0.386705,-1e-06,-1.2e-05,-8e-06,-3.2e-05,8.2e-05,6.2e-05,-1.408289,0.020832,0.048343,-0.010938,-0.499513,-0.291295,0.815863,0.86179,-0.263124,0.433685,0.088343,0.919734,0.382469,0.006175,1.4e-05,-0.000405,0.003929,-0.018326,0.026941,-0.843357,0.052226,0.039582,-0.05468,-0.221124,0.171261,-0.96009,-0.535402,-0.844156,-0.027269,-0.815136,0.508005,0.278357,0.007799,-0.004106,0.013107,-0.068645,0.147581,-0.123601,0.135512
1624,0.075948,0.030472,0.373919,-0.192962,0.084972,-0.977543,-0.555313,-0.830785,0.037347,-0.808722,0.54994,0.208714,0.000365,-0.013106,0.022888,-0.069727,0.512028,-0.050446,0.240608,-0.196871,0.051911,0.332586,0.498572,0.35824,0.789355,-0.865443,0.155573,0.476171,0.047165,-0.920975,0.38658,0.000257,0.003664,0.002553,0.001551,-0.016965,0.023243,-1.407869,0.020891,0.048351,-0.010896,-0.499495,-0.291276,0.815881,0.861814,-0.262954,0.433739,0.088202,0.919789,0.382371,0.006267,0.00136,0.000531,0.001682,-0.015483,0.029025,-0.843194,0.052403,0.039467,-0.054276,-0.236115,0.185021,-0.953947,-0.532313,-0.84593,-0.032316,-0.812952,0.500169,0.298226,0.006511,-0.007739,0.010699,-0.458176,1.885022,-2.049967,0.133226
1625,0.076191,0.030099,0.374313,-0.202577,0.091743,-0.974982,-0.546572,-0.836672,0.034782,-0.812305,0.539827,0.220849,0.011615,-0.019521,0.01876,1.580405,0.245246,-0.214464,0.237492,-0.196802,0.051908,0.332638,0.498538,0.35818,0.789404,-0.865458,0.155434,0.476189,0.047244,-0.921022,0.386459,0.000113,0.001615,0.001125,-0.0,0.0,0.0,-1.408176,0.020922,0.048356,-0.010866,-0.499445,-0.291228,0.815929,0.861852,-0.262809,0.433752,0.088113,0.919846,0.382255,8.2e-05,0.001182,0.000821,-0.000326,-0.000173,-0.000185,-0.84352,0.05252,0.039288,-0.05408,-0.246291,0.19274,-0.949837,-0.528557,-0.848172,-0.035057,-0.812383,0.49341,0.310772,0.005694,-0.01005,0.009183,-0.031482,0.357729,0.189766,0.128491
1626,0.076756,0.029209,0.375126,-0.219443,0.108121,-0.969639,-0.539141,-0.84173,0.028102,-0.81287,0.5288,0.244212,0.012268,-0.017721,0.019962,-0.005294,0.676795,0.160126,0.231234,-0.196779,0.051825,0.332706,0.498095,0.357876,0.789821,-0.86571,0.154942,0.475893,0.047317,-0.921222,0.385972,0.012403,0.000858,-0.000232,0.002045,-0.015205,0.029245,-1.408478,0.020933,0.048315,-0.010831,-0.498943,-0.290988,0.816321,0.862152,-0.262343,0.433439,0.08803,0.920055,0.38177,4.4e-05,0.000658,0.000459,-0.000226,-0.000116,-0.000121,-0.843684,0.052802,0.038818,-0.053672,-0.262999,0.20532,-0.942695,-0.516292,-0.855368,-0.042262,-0.815029,0.475592,0.330966,0.012215,-0.010757,0.008765,0.028036,0.807959,0.494049,0.122612
1627,0.077177,0.028665,0.375764,-0.23192,0.120688,-0.965242,-0.535646,-0.84411,0.023104,-0.811701,0.522233,0.261615,0.011877,-0.018866,0.019223,-0.026563,0.349258,0.207555,0.224386,-0.196749,0.051777,0.332752,0.496725,0.360325,0.789571,-0.866464,0.155076,0.474475,0.047907,-0.920248,0.388218,8e-06,0.000113,7.9e-05,4.4e-05,-0.000113,-8.6e-05,-1.408297,0.020953,0.048293,-0.010807,-0.497899,-0.293649,0.816006,0.862819,-0.262565,0.431975,0.087406,0.919145,0.384097,1e-06,3.9e-05,2.6e-05,-0.002812,0.003269,0.00239,-0.84401,0.053013,0.038547,-0.053353,-0.276123,0.217639,-0.936156,-0.513015,-0.85704,-0.04793,-0.812755,0.467028,0.3483,0.000169,-0.00303,0.005886,0.012463,0.545645,0.043298,0.112162
1628,0.077347,0.028415,0.376014,-0.235832,0.121079,-0.964245,-0.531082,-0.846978,0.023482,-0.813565,0.517476,0.265249,-0.000174,-0.007594,0.010785,0.113198,0.044464,-0.039379,0.226822,-0.196768,0.05177,0.332748,0.496574,0.36024,0.789705,-0.866554,0.154999,0.474336,0.047857,-0.920294,0.388115,-2.3e-05,-0.000332,-0.000231,1e-06,-2e-06,-1e-06,-1.408111,0.020944,0.048289,-0.010809,-0.497746,-0.293553,0.816133,0.862902,-0.262486,0.431856,0.087451,0.919199,0.383959,-1.7e-05,-0.000238,-0.000165,-0.000339,0.000492,0.000366,-0.844173,0.053103,0.038418,-0.053218,-0.280326,0.218469,-0.934712,-0.508514,-0.859689,-0.048428,-0.814143,0.461739,0.352088,-0.000137,-0.003912,0.005314,0.103348,-0.025186,-0.076935,0.110039
1629,0.077641,0.02793,0.376454,-0.242066,0.11829,-0.963045,-0.516837,-0.855709,0.024749,-0.820865,0.503577,0.269475,-0.000444,-0.008382,0.010278,-0.03814,0.113898,-0.190167,0.24667,-0.19674,0.051779,0.332741,0.496639,0.360269,0.78965,-0.866516,0.155056,0.474385,0.047851,-0.920273,0.388165,4.5e-05,0.000639,0.000445,0.0,-0.0,-0.0,-1.407775,0.020957,0.048291,-0.010815,-0.49782,-0.293568,0.816083,0.862859,-0.262538,0.431911,0.087457,0.919179,0.384004,0.006195,0.000338,-0.000179,0.002076,-0.015165,0.029265,-0.843847,0.053245,0.03818,-0.053007,-0.285998,0.214865,-0.933829,-0.493929,-0.868149,-0.04848,-0.82112,0.447381,0.354417,-0.000414,-0.004723,0.004787,-0.03651,0.014261,-0.01989,0.122286
1630,0.077687,0.027557,0.376625,-0.244407,0.109676,-0.963474,-0.496895,-0.867366,0.027258,-0.832398,0.485267,0.267688,0.01116,-0.006803,-0.004386,-0.063835,-0.533532,-0.248301,0.268611,-0.196703,0.051786,0.332743,0.496527,0.360182,0.78976,-0.866583,0.154999,0.474282,0.047801,-0.920316,0.388068,0.0,3e-06,2e-06,0.0,-0.0,-0.0,-1.408352,0.020976,0.048296,-0.010812,-0.497694,-0.293494,0.816186,0.862926,-0.262491,0.431804,0.08751,0.919216,0.383904,-2e-06,-8e-06,-7e-06,3.4e-05,-1e-06,1.3e-05,-0.84499,0.053271,0.038,-0.052912,-0.289722,0.208477,-0.934129,-0.473707,-0.8793,-0.04932,-0.831662,0.428215,0.35351,-0.00071,-0.002035,-0.00133,-0.000928,0.001763,-0.00139,0.148249
1631,0.077683,0.027262,0.376539,-0.24335,0.095973,-0.965202,-0.475985,-0.878834,0.032566,-0.844831,0.467223,0.260748,0.010579,-0.008508,-0.005509,-0.014791,-0.12192,-0.060526,0.29012,-0.196703,0.051778,0.332738,0.496612,0.360235,0.789682,-0.866533,0.155043,0.47436,0.047832,-0.920288,0.388131,-4e-06,-5.6e-05,-3.9e-05,0.0,-0.0,-0.0,-1.408077,0.020976,0.048292,-0.010815,-0.497789,-0.293536,0.816113,0.862874,-0.262529,0.431886,0.087479,0.919192,0.383969,-4e-06,-3.1e-05,-2.2e-05,2.5e-05,1e-05,-6e-06,-0.845643,0.05327,0.037841,-0.052957,-0.286568,0.192211,-0.93858,-0.452168,-0.890827,-0.044375,-0.844643,0.41168,0.342195,0.005267,-0.004324,-0.002798,-0.009233,-0.066249,-0.033259,0.179764
1632,0.077685,0.027163,0.37645,-0.241213,0.089399,-0.966369,-0.470516,-0.881648,0.035829,-0.848501,0.463219,0.255933,-0.000778,0.004868,-0.012593,0.02213,-0.095708,-0.058331,0.29308,-0.196704,0.051771,0.332733,0.496598,0.360226,0.789695,-0.866541,0.155035,0.474347,0.047827,-0.920293,0.38812,-2e-06,-3e-05,-2.1e-05,0.0,-0.0,-0.0,-1.408181,0.020975,0.048288,-0.010818,-0.497773,-0.293528,0.816126,0.862883,-0.262523,0.431872,0.087485,0.919196,0.383958,-1e-06,-7e-06,-4e-06,1.4e-05,1.1e-05,3e-06,-0.845807,0.053272,0.037788,-0.052997,-0.284259,0.185781,-0.940575,-0.446524,-0.893804,-0.041594,-0.848417,0.408166,0.337028,-0.000897,-0.002599,-0.001704,-0.005843,-0.038171,-0.022398,0.189398
1633,0.077534,0.026954,0.376325,-0.240761,0.078372,-0.967439,-0.449251,-0.892518,0.039445,-0.860072,0.444018,0.251298,-0.001607,-0.004626,-0.00304,0.043048,-0.003791,-0.012333,0.295809,-0.196712,0.051802,0.332743,0.498578,0.361546,0.787842,-0.865349,0.155856,0.47625,0.048779,-0.919638,0.389551,3.4e-05,0.000493,0.000343,0.0,-0.0,0.0,-1.408284,0.020971,0.048303,-0.010813,-0.499997,-0.294592,0.814381,0.861693,-0.263185,0.433841,0.086527,0.918666,0.38544,2.2e-05,0.000315,0.000219,5e-05,0.000277,-0.000339,-0.846623,0.053195,0.037683,-0.053066,-0.283863,0.175351,-0.942694,-0.424869,-0.904357,-0.040284,-0.859596,0.389087,0.331215,-0.000929,-0.002684,-0.001756,0.146556,0.030401,-0.051459,0.199196
1634,0.077334,0.026811,0.376242,-0.24295,0.073457,-0.967277,-0.433144,-0.900405,0.040359,-0.867681,0.42868,0.251776,-0.001278,-0.003672,-0.002417,1.603705,-0.066914,-0.417434,0.298484,-0.196702,0.051816,0.332752,0.498626,0.361571,0.787801,-0.865321,0.15588,0.476293,0.048794,-0.919624,0.389582,6e-06,8e-05,5.6e-05,0.0,-0.0,-0.0,-1.407663,0.020977,0.048312,-0.010807,-0.500047,-0.294609,0.814344,0.861665,-0.263205,0.433883,0.086514,0.918655,0.38547,2e-06,3.8e-05,2.7e-05,2.3e-05,7e-06,-3e-06,-0.843684,0.053099,0.037611,-0.053108,-0.285636,0.172034,-0.94277,-0.413923,-0.909408,-0.040538,-0.864337,0.378655,0.330968,-0.000579,-0.001672,-0.001095,-0.001811,0.001611,-2.7e-05,0.204584
1635,0.07723,0.02672,0.376241,-0.246467,0.069805,-0.966658,-0.427632,-0.902877,0.043779,-0.869417,0.424072,0.253584,-0.001294,-0.003714,-0.002446,-0.004116,0.094253,-0.175156,0.30172,-0.196692,0.051816,0.332752,0.498644,0.361578,0.787786,-0.86531,0.155889,0.47631,0.048799,-0.91962,0.389592,0.0,1e-06,1e-06,0.0,-0.0,-0.0,-1.407745,0.020981,0.048311,-0.010808,-0.500067,-0.294614,0.81433,0.861654,-0.263214,0.4339,0.08651,0.918651,0.38548,0.0,-1.3e-05,-8e-06,3e-06,3.2e-05,-6e-06,-0.844173,0.053042,0.037564,-0.053109,-0.289515,0.166729,-0.94254,-0.40281,-0.914492,-0.038039,-0.868288,0.368652,0.331919,-0.000648,-0.001865,-0.001224,-0.004366,0.092827,-0.170799,0.207034
1636,0.077042,0.026458,0.376293,-0.25421,0.059389,-0.965348,-0.405947,-0.912474,0.050709,-0.877533,0.404691,0.257272,-0.015025,-0.011284,0.008305,1.564764,-0.036419,-0.496727,0.304851,-0.196647,0.051826,0.332732,0.498741,0.36162,0.787705,-0.865255,0.155987,0.476378,0.048779,-0.919587,0.389673,2.9e-05,0.00042,0.000292,0.0,-0.0,-0.0,-1.407779,0.021004,0.048315,-0.010819,-0.500173,-0.294643,0.814255,0.86159,-0.263304,0.433971,0.08653,0.918616,0.38556,2.1e-05,0.000289,0.000202,1e-05,1e-05,-6e-06,-0.842541,0.052954,0.037439,-0.053085,-0.296782,0.15649,-0.942035,-0.382242,-0.923473,-0.032984,-0.875106,0.350296,0.333887,-0.001163,-0.006724,0.003389,5.301225,-0.271585,-1.432575,0.214545
1637,0.07692,0.025957,0.376437,-0.258259,0.050189,-0.964795,-0.379079,-0.92381,0.053361,-0.888293,0.379446,0.25881,-0.003341,-0.016687,0.004819,5.298147,-0.275641,-1.445674,0.296243,-0.196555,0.051817,0.33272,0.498812,0.36162,0.78766,-0.865214,0.156023,0.47644,0.04878,-0.919581,0.389686,-2.5e-05,-0.000365,-0.000254,0.0,-0.0,-0.0,-1.407876,0.02105,0.048312,-0.010824,-0.500245,-0.294634,0.814214,0.861549,-0.263335,0.434036,0.086529,0.91861,0.385573,-1.6e-05,-0.000237,-0.000166,1e-05,-1.3e-05,9e-06,-0.843357,0.05289,0.037194,-0.05301,-0.300409,0.148221,-0.942222,-0.358847,-0.932835,-0.032333,-0.883731,0.328401,0.333421,-0.001914,-0.009039,0.001958,-0.036207,0.035484,-0.041834,0.210463
1638,0.07681,0.025227,0.376549,-0.26222,0.040692,-0.964173,-0.352069,-0.934267,0.056265,-0.898185,0.354153,0.260512,0.008384,-0.022073,0.001331,1.564782,-0.075168,-0.443057,0.288162,-0.196465,0.051748,0.332688,0.498875,0.361612,0.787624,-0.865175,0.156006,0.476516,0.048823,-0.919587,0.389667,-7.5e-05,-0.001085,-0.000756,0.0,0.0,0.0,-1.407628,0.021095,0.048278,-0.010839,-0.500308,-0.294618,0.814181,0.861517,-0.263313,0.434113,0.086487,0.918621,0.385556,0.006121,-0.000765,-0.000951,0.002046,-0.01521,0.029254,-0.843684,0.05283,0.036831,-0.052953,-0.304319,0.137509,-0.942592,-0.327626,-0.944266,-0.031978,-0.894455,0.299086,0.332409,-0.002156,-0.009553,0.001505,5.29194,-0.285626,-1.479797,0.200828
1639,0.076769,0.024811,0.376619,-0.263911,0.03538,-0.963922,-0.33585,-0.940151,0.057389,-0.903879,0.33883,0.261199,-0.006109,-0.031742,0.010701,-0.065717,0.06536,-0.082463,0.281264,-0.196431,0.05172,0.332655,0.498886,0.361603,0.787621,-0.865171,0.156035,0.476515,0.048795,-0.919585,0.389674,-0.000169,-0.002458,-0.001713,-0.001556,0.016952,-0.023251,-1.408372,0.021112,0.048267,-0.010854,-0.500334,-0.294615,0.814166,0.861499,-0.263348,0.434126,0.086509,0.918612,0.385573,0.006126,-0.000701,-0.000904,0.002044,-0.015192,0.029234,-0.843683,0.052817,0.036629,-0.052919,-0.30587,0.131714,-0.942917,-0.30952,-0.950342,-0.032348,-0.900355,0.281957,0.33145,-0.002248,-0.010008,0.001303,-0.025087,0.03599,-0.0455,0.193807
1640,0.076711,0.02375,0.376666,-0.267461,0.018365,-0.963417,-0.280645,-0.957945,0.059596,-0.921479,0.28629,0.262567,-0.006041,-0.024434,-0.000379,0.445522,0.002994,-0.171664,0.268898,-0.196426,0.05168,0.332603,0.500493,0.359275,0.787667,-0.864265,0.155902,0.478199,0.048386,-0.920517,0.387519,-4.1e-05,-0.000591,-0.000412,-0.00019,0.00049,0.00037,-1.408076,0.021114,0.048241,-0.010884,-0.501656,-0.292014,0.81429,0.860687,-0.263083,0.435895,0.086939,0.919518,0.38331,-2e-05,-0.000302,-0.000211,0.005251,-0.006036,-0.004422,-0.843194,0.052787,0.036095,-0.052893,-0.309,0.114713,-0.944118,-0.254285,-0.966524,-0.034211,-0.916437,0.229503,0.327826,0.002485,-0.019563,0.002928,1.549741,-0.060169,-0.483467,0.177804
1641,0.076599,0.022787,0.376609,-0.272288,0.003026,-0.962235,-0.241079,-0.968304,0.065119,-0.931205,0.249696,0.265586,-0.004984,-0.014261,-0.009576,0.142294,0.017267,-0.090548,0.249135,-0.196433,0.051716,0.332629,0.500547,0.359313,0.787615,-0.864232,0.15593,0.478249,0.048409,-0.920497,0.387562,8e-05,0.001169,0.000815,-0.0,0.0,0.0,-1.407469,0.021111,0.048259,-0.010871,-0.501682,-0.292115,0.814237,0.860673,-0.263134,0.435891,0.086924,0.919471,0.383425,4.6e-05,0.000665,0.000463,-5.9e-05,-0.000203,-0.000162,-0.843684,0.05273,0.035607,-0.05292,-0.313423,0.099077,-0.94443,-0.213922,-0.976344,-0.031432,-0.925204,0.192183,0.327203,-0.002954,-0.01204,-8e-05,0.441619,0.092484,-0.347069,0.157556
1642,0.076477,0.022389,0.376581,-0.273675,-0.004866,-0.961834,-0.218122,-0.973609,0.066934,-0.93644,0.228115,0.26659,-0.017863,-0.019068,0.003046,-0.022928,0.046435,-0.07393,0.24618,-0.196432,0.051731,0.332639,0.500576,0.359331,0.787589,-0.864215,0.155944,0.478275,0.04842,-0.920488,0.387583,3.7e-05,0.000545,0.00038,-0.0,0.0,0.0,-1.407559,0.021111,0.048268,-0.010865,-0.501713,-0.292132,0.814212,0.860656,-0.263144,0.435918,0.08691,0.919463,0.383448,2e-05,0.000283,0.000197,-0.000125,-8.6e-05,-5.7e-05,-0.84352,0.052672,0.035404,-0.052942,-0.314577,0.09111,-0.944848,-0.190609,-0.981171,-0.031152,-0.929896,0.170297,0.326021,-0.002092,-0.005999,-0.004025,0.034069,0.107913,-0.213668,0.147106
1643,0.076145,0.021951,0.376525,-0.277898,-0.02376,-0.960341,-0.171066,-0.982481,0.073755,-0.944928,0.1848,0.270162,-0.001948,-0.005554,-0.003751,1.587781,-0.029354,-0.623733,0.257022,-0.196337,0.051756,0.332662,0.500722,0.359377,0.787475,-0.864128,0.155994,0.478418,0.048471,-0.920462,0.387639,3.9e-05,0.000575,0.000401,-0.010749,0.116999,-0.160461,-1.407825,0.021159,0.048282,-0.010853,-0.501979,-0.29221,0.81402,0.86051,-0.263221,0.436159,0.086817,0.919416,0.383582,0.00619,0.000251,-0.000242,0.001953,-0.015236,0.029172,-0.844337,0.052497,0.035174,-0.052972,-0.3183,0.072561,-0.945208,-0.144878,-0.989076,-0.027141,-0.936853,0.128301,0.325336,-0.007449,-0.001466,-0.001189,5.302809,-0.386676,-1.544635,0.147596
1644,0.075642,0.021937,0.376547,-0.287097,-0.049776,-0.956631,-0.128199,-0.98766,0.089809,-0.948944,0.148479,0.278365,-0.000141,-0.000401,-0.000271,0.138229,-0.00265,-0.060636,0.280292,-0.196171,0.051754,0.332649,0.498916,0.362465,0.787206,-0.864841,0.151043,0.478718,0.053998,-0.920081,0.387814,-3.3e-05,-0.000489,-0.000341,-0.0,-0.0,-0.0,-1.407876,0.021238,0.048282,-0.010858,-0.500459,-0.295457,0.813784,0.861932,-0.258333,0.436276,0.081326,0.919765,0.383949,-2.7e-05,-0.000406,-0.000286,3.5e-05,8.5e-05,1.2e-05,-0.844827,0.05225,0.035163,-0.052963,-0.326649,0.045688,-0.94404,-0.100021,-0.994893,-0.013541,-0.939838,0.090001,0.32955,-0.012626,0.003127,0.001989,1.541112,0.08563,-0.917826,0.167354
1645,0.075382,0.022024,0.376591,-0.28827,-0.058065,-0.955811,-0.109703,-0.989576,0.093148,-0.950902,0.131773,0.280086,-0.012156,0.004447,0.002871,0.13712,0.09374,-0.24714,0.284201,-0.196098,0.051748,0.332628,0.499044,0.362512,0.787103,-0.864766,0.151133,0.478824,0.054004,-0.920047,0.387892,-1.7e-05,-0.000248,-0.000173,-0.0,0.0,0.0,-1.407826,0.021278,0.048277,-0.01087,-0.500617,-0.295492,0.813675,0.861841,-0.25842,0.436404,0.081316,0.919729,0.384037,-9e-06,-0.000152,-0.000109,5.1e-05,2.4e-05,2.6e-05,-0.843847,0.05212,0.035208,-0.05294,-0.327553,0.037229,-0.944098,-0.08099,-0.996651,-0.011203,-0.941355,0.072793,0.329471,-0.005928,0.002638,0.001733,0.472238,0.059309,-0.342162,0.178294
1646,0.074845,0.022342,0.376729,-0.291177,-0.07194,-0.953984,-0.084104,-0.991374,0.100375,-0.952619,0.109544,0.283804,-0.011343,0.006713,0.004397,-0.000953,0.014711,-0.029563,0.286674,-0.195893,0.051743,0.332622,0.497855,0.365002,0.786706,-0.865421,0.151508,0.477521,0.054488,-0.919003,0.390291,0.012344,-3e-06,-0.000836,0.002871,-0.017319,0.027648,-1.407612,0.021376,0.048275,-0.010872,-0.499682,-0.298246,0.813244,0.862428,-0.258912,0.43495,0.080837,0.918702,0.386589,7e-06,9.9e-05,6.6e-05,-0.009348,0.009654,0.006983,-0.838785,0.051853,0.03537,-0.05287,-0.330111,0.022999,-0.943661,-0.054926,-0.998476,-0.005122,-0.942342,0.05014,0.330871,-0.005512,0.003796,0.002513,-0.008196,0.096519,-0.179358,0.188582
1647,0.07425,0.02266,0.376889,-0.292195,-0.086232,-0.952487,-0.053039,-0.992925,0.106108,-0.954538,0.081624,0.286742,-0.011989,0.00487,0.003147,1.573708,-0.068242,-0.680731,0.289155,-0.195746,0.051727,0.332601,0.49812,0.365098,0.786493,-0.865265,0.151643,0.47776,0.054546,-0.918943,0.390426,-6.1e-05,-0.000918,-0.00064,0.0,-0.0,-0.0,-1.407727,0.021454,0.048268,-0.010882,-0.50005,-0.298187,0.813039,0.862223,-0.258976,0.435318,0.080751,0.918703,0.386604,0.006127,-0.000685,-0.000899,0.002025,-0.014852,0.02952,-0.836989,0.051558,0.035536,-0.052785,-0.330808,0.009242,-0.943651,-0.025461,-0.999674,-0.000865,-0.943353,0.02374,0.330936,-0.006031,0.002578,0.001522,5.259401,-0.579351,-1.612754,0.192501
1648,0.073613,0.022924,0.376928,-0.293536,-0.091408,-0.951592,-0.045937,-0.992911,0.109491,-0.954494,0.07596,0.288442,-0.012593,0.003176,0.002001,-0.000984,0.014715,-0.029553,0.287179,-0.195673,0.051712,0.332585,0.498238,0.365137,0.7864,-0.865196,0.151704,0.477867,0.05457,-0.918917,0.390482,-0.0,-4e-06,-3e-06,0.0,-0.0,-0.0,-1.407741,0.021491,0.048258,-0.010892,-0.50018,-0.298204,0.812953,0.862149,-0.259033,0.435431,0.080734,0.918681,0.38666,1e-06,1.8e-05,1e-05,0.000141,6.6e-05,5.5e-05,-0.833723,0.05124,0.035669,-0.052764,-0.331894,0.003338,-0.94331,-0.016484,-0.999861,0.002261,-0.943172,0.0163,0.331903,-0.006322,0.001515,0.000964,-0.003305,0.015408,-0.028941,0.19299
1649,0.073296,0.022997,0.376951,-0.293992,-0.092266,-0.951368,-0.045652,-0.992831,0.110339,-0.954366,0.075979,0.288859,-0.013035,0.001951,0.001174,-0.000984,0.014715,-0.029553,0.286976,-0.195663,0.051726,0.332594,0.498285,0.365162,0.786359,-0.865167,0.151728,0.47791,0.054585,-0.918903,0.390513,2.8e-05,0.000422,0.000294,0.0,-0.0,-0.0,-1.40778,0.021496,0.048265,-0.010887,-0.500233,-0.298222,0.812914,0.86212,-0.259056,0.435476,0.080722,0.918669,0.386691,2.1e-05,0.00033,0.000229,0.000119,4.5e-05,5.2e-05,-0.834703,0.051087,0.035706,-0.052752,-0.332314,0.002483,-0.943165,-0.016214,-0.999863,0.003081,-0.943029,0.016316,0.332308,-0.006617,0.000692,0.000408,-0.003496,0.028294,-0.054388,0.192664
1650,0.072906,0.023066,0.376981,-0.293864,-0.094809,-0.951158,-0.03953,-0.993005,0.111138,-0.954679,0.07037,0.289246,-0.012969,0.002142,0.0013,-0.000984,0.014715,-0.029553,0.27302,-0.195668,0.0518,0.332635,0.498406,0.365244,0.786244,-0.865096,0.151815,0.478012,0.05461,-0.918857,0.39062,0.000166,0.002496,0.001739,0.001565,-0.016954,0.02325,-1.407547,0.021493,0.048298,-0.01087,-0.500354,-0.298279,0.812818,0.862051,-0.25913,0.435568,0.080705,0.918629,0.386789,5e-05,0.000773,0.000539,7.7e-05,4.5e-05,2.2e-05,-0.836825,0.050886,0.035739,-0.052738,-0.332121,-7.4e-05,-0.943236,-0.010099,-0.999942,0.003634,-0.943182,0.010732,0.332101,-0.006585,0.000793,0.000471,-0.002455,0.015168,-0.029157,0.187928
1651,0.072554,0.02329,0.376996,-0.293671,-0.097428,-0.950952,-0.033145,-0.993149,0.111932,-0.954981,0.064505,0.289615,-0.011578,0.005969,0.00388,-0.000984,0.014715,-0.029553,0.237526,-0.195674,0.051866,0.33267,0.498413,0.365255,0.786235,-0.865093,0.151843,0.478009,0.054593,-0.918848,0.390643,0.000122,0.001839,0.001281,0.0,-0.0,-0.0,-1.407571,0.02149,0.048335,-0.01085,-0.50038,-0.298294,0.812797,0.862034,-0.259167,0.435578,0.080719,0.918614,0.386822,6.9e-05,0.001048,0.000729,0.001612,-0.016934,0.02329,-0.837968,0.050707,0.035844,-0.052736,-0.331858,-0.002686,-0.943325,-0.003717,-0.999984,0.004155,-0.943321,0.004885,0.331842,-0.005658,0.003344,0.00219,-0.001485,0.001437,-0.003743,0.153474
1652,0.072271,0.023622,0.377204,-0.293174,-0.099382,-0.950904,-0.027186,-0.993306,0.11214,-0.955323,0.058845,0.289695,-0.010208,0.009695,0.00638,-0.000343,0.001228,-0.004092,0.233772,-0.195596,0.051939,0.332704,0.498501,0.365277,0.786169,-0.865043,0.151912,0.478077,0.054584,-0.918827,0.390691,0.000131,0.001987,0.001383,0.0,-0.0,-0.0,-1.407723,0.021529,0.04837,-0.010834,-0.500457,-0.298297,0.812748,0.861987,-0.259224,0.435636,0.080735,0.918597,0.386859,3.3e-05,0.000507,0.000353,3.4e-05,1e-05,3.6e-05,-0.838458,0.050565,0.036008,-0.052633,-0.331322,-0.004633,-0.943505,0.00223,-0.999988,0.004128,-0.943514,-0.000736,0.331328,-0.005129,0.004786,0.003155,-0.001889,0.014794,-0.029251,0.128327
1653,0.072162,0.023733,0.377313,-0.293241,-0.099477,-0.950873,-0.027235,-0.993291,0.112258,-0.9553,0.058932,0.28975,0.001671,0.004583,0.003081,0.000642,-0.013485,0.025462,0.234088,-0.195549,0.05196,0.332716,0.500133,0.362947,0.786211,-0.864123,0.151738,0.479793,0.054222,-0.919776,0.388503,0.000101,0.001531,0.001065,-0.048181,0.122847,0.092887,-1.407466,0.021553,0.048382,-0.010827,-0.501676,-0.296007,0.812834,0.861262,-0.258804,0.437317,0.080915,0.919456,0.384776,5.5e-05,0.000837,0.000581,-0.070618,0.148901,0.148222,-0.838295,0.050509,0.036072,-0.052572,-0.331387,-0.00473,-0.943482,0.002169,-0.999988,0.004251,-0.943492,-0.000638,0.331393,0.000811,0.002228,0.001503,-9.9e-05,-0.01347,0.025704,0.125878
1654,0.071926,0.023886,0.377389,-0.298424,-0.097127,-0.949502,-0.026857,-0.993552,0.110019,-0.953699,0.058447,0.295076,-0.012189,0.004235,0.002703,0.044726,0.250422,0.094084,0.229945,-0.195486,0.051972,0.332685,0.500262,0.363003,0.786103,-0.86405,0.151877,0.479879,0.054187,-0.919731,0.388614,-1.7e-05,-0.000252,-0.000175,-1e-05,2.6e-05,2e-05,-1.40761,0.021585,0.04839,-0.010841,-0.501953,-0.295794,0.812741,0.861078,-0.259083,0.437514,0.081154,0.919445,0.38475,-1.1e-05,-0.000187,-0.000131,0.001288,-0.001749,-0.001315,-0.838621,0.050397,0.036151,-0.052533,-0.336119,-0.002905,-0.941814,0.002421,-0.999994,0.00222,-0.941816,-0.001534,0.336124,0.000183,0.000503,0.000343,0.06702,0.349525,0.183646,0.122286
1655,0.071623,0.023894,0.377416,-0.303628,-0.097612,-0.947801,-0.020399,-0.993837,0.108832,-0.952209,0.052493,0.300947,-0.001137,-0.003102,-0.002085,0.013112,0.077605,0.007868,0.217511,-0.195423,0.051999,0.332653,0.500317,0.363013,0.786064,-0.864024,0.152001,0.479887,0.054103,-0.919707,0.388684,-9e-05,-0.001368,-0.000952,-0.010818,0.117042,-0.160425,-1.407269,0.021616,0.048407,-0.010855,-0.502126,-0.295875,0.812604,0.860974,-0.259255,0.437617,0.081192,0.919371,0.38492,-7e-06,-0.000115,-8.3e-05,-0.000108,-0.000101,-7e-05,-0.839275,0.050247,0.03616,-0.052516,-0.341993,-0.003268,-0.939696,0.008826,-0.99996,0.000265,-0.93966,-0.008203,0.342009,-0.000503,-0.001377,-0.000917,0.02326,0.055861,0.024807,0.113305
