frame,MLTx,MLTy,MLTz,MLTR1,MLTR2,MLTR3,MLTR4,MLTR5,MLTR6,MLTR7,MLTR8,MLTR9,MLTTVx,MLTTVy,MLTTVz,MLTRVx,MLTRVy,MLTRVz,MLGA,MRTx,MRTy,MRTz,MRTR1,MRTR2,MRTR3,MRTR4,MRTR5,MRTR6,MRTR7,MRTR8,MRTR9,MRTTVx,MRTTVy,MRTTVz,MRTRVx,MRTRVy,MRTRVz,MRGA,SLTx,SLTy,SLTz,SLTR1,SLTR2,SLTR3,SLTR4,SLTR5,SLTR6,SLTR7,SLTR8,SLTR9,SLTTVx,SLTTVy,SLTTVz,SLTRVx,SLTRVy,SLTRVz,SLGA,SRTx,SRTy,SRTz,SRTR1,SRTR2,SRTR3,SRTR4,SRTR5,SRTR6,SRTR7,SRTR8,SRTR9,SRTTVx,SRTTVy,SRTTVz,SRTRVx,SRTRVy,SRTRVz,SRGA
37,0.121526,-0.028276,0.415933,-0.203982,0.711118,-0.672865,-0.889469,-0.421677,-0.176082,-0.408701,0.56169,0.719371,-0.039643,0.026806,-0.014675,0.051967,0.02636,-0.065045,0.120477,-0.113947,-0.009178,0.379254,0.565159,0.55183,0.613245,-0.67917,0.733165,-0.033638,-0.46886,-0.398186,0.788341,-0.062451,0.050877,-0.057811,0.051114,-0.245277,0.503039,0.076033,0.038736,0.037353,-0.022084,-0.469977,-0.615425,0.63275,0.767278,-0.639217,-0.051817,0.436354,0.461143,0.772619,-0.023687,0.021159,-0.024311,-0.438317,-0.65357,1.030959,-0.079647,0.070289,0.021842,-0.06306,-0.128887,0.75577,-0.642026,-0.918392,-0.335203,-0.210221,-0.374088,0.562538,0.737297,-0.026509,0.014636,-0.006428,0.019571,0.044401,-0.095085,-0.08542
38,0.119758,-0.027121,0.415364,-0.192717,0.715679,-0.671349,-0.902118,-0.398344,-0.165763,-0.385829,0.5728,0.723231,-0.052766,0.030066,-0.012396,-0.113356,0.098615,-0.205949,0.202049,-0.115855,-0.007522,0.377406,0.577008,0.555094,0.599103,-0.689229,0.724462,-0.007242,-0.438751,-0.409444,0.799823,-0.047517,0.043836,-0.047524,-1.376405,-0.540571,-0.515185,0.088353,0.037778,0.038175,-0.023018,-0.482443,-0.619477,0.61927,0.77579,-0.630442,-0.026274,0.40669,0.467749,0.784737,-0.022935,0.0168,-0.019133,-5.067019,-1.452266,-2.636529,-0.072136,0.06941,0.022419,-0.063345,-0.117046,0.759291,-0.640137,-0.929186,-0.311268,-0.19931,-0.350589,0.571478,0.741956,-0.026458,0.014615,-0.00645,-0.603519,0.304491,-0.637647,0.011085
39,0.118717,-0.026539,0.415109,-0.183293,0.718645,-0.67082,-0.908798,-0.383989,-0.163126,-0.374597,0.578845,0.724322,-0.052988,0.028694,-0.013313,0.064848,0.033265,-0.078505,0.233832,-0.116719,-0.006733,0.376578,0.587864,0.551671,0.591665,-0.68698,0.726612,0.005265,-0.427724,-0.410256,0.805361,-0.046149,0.034929,-0.037279,-1.748496,-1.615564,1.959125,0.102485,0.037346,0.038571,-0.023438,-0.491388,-0.618668,0.613015,0.775357,-0.631329,-0.015631,0.396684,0.467625,0.789916,-0.0238,0.022585,-0.02323,0.207365,-0.132705,0.372614,-0.060215,0.06891,0.022704,-0.063465,-0.107462,0.761414,-0.639295,-0.934745,-0.296422,-0.195919,-0.338677,0.576525,0.743583,-0.026379,0.014862,-0.006292,0.045942,0.014277,-0.018207,0.062848
40,0.116619,-0.025611,0.414724,-0.168112,0.723217,-0.669882,-0.918867,-0.360984,-0.159206,-0.356756,0.587867,0.726061,-0.05363,0.017108,-0.004576,0.03154,0.046121,-0.099652,0.283506,-0.118268,-0.0053,0.375053,0.605812,0.545756,0.578908,-0.681333,0.73155,0.023539,-0.411395,-0.40938,0.814264,-0.044344,0.02353,-0.028847,0.133744,-0.220884,0.51723,0.131933,0.036554,0.039303,-0.024212,-0.512451,-0.614786,0.599526,0.770757,-0.637104,0.00549,0.378585,0.464902,0.800336,-0.022133,0.011685,-0.014453,0.142876,-0.213922,0.511558,-0.023965,0.067842,0.023186,-0.063664,-0.091943,0.764616,-0.637893,-0.942867,-0.272863,-0.19117,-0.32023,0.583872,0.74602,-0.026831,0.008437,-0.002334,0.035435,0.04451,-0.098335,0.144167
41,0.114247,-0.024956,0.414567,-0.14119,0.732838,-0.665627,-0.937073,-0.315732,-0.148925,-0.31913,0.601803,0.732131,-0.067267,0.018157,-0.0038,-0.299402,0.005504,0.239765,0.322286,-0.119708,-0.004094,0.373721,0.61898,0.541917,0.568491,-0.67676,0.735271,0.036165,-0.399155,-0.407803,0.821118,-0.045642,0.033343,-0.038346,0.160444,-0.143028,0.35638,0.148061,0.035851,0.039893,-0.024864,-0.526032,-0.612889,0.589624,0.767266,-0.64107,0.018149,0.366867,0.461946,0.807473,-0.015384,0.012468,-0.014545,0.12936,-0.137831,0.336219,0.007387,0.066661,0.023511,-0.063744,-0.06469,0.771864,-0.632487,-0.957256,-0.227053,-0.179181,-0.281912,0.593862,0.75356,-0.033794,0.004297,0.003182,-1.12257,-0.183363,1.071502,0.204747
42,0.112872,-0.024702,0.414626,-0.123241,0.740599,-0.660584,-0.945535,-0.289664,-0.148428,-0.301127,0.605391,0.736785,-0.067357,0.009698,0.006982,0.034422,0.422087,-0.016487,0.349837,-0.120388,-0.003618,0.373192,0.624679,0.54095,0.563152,-0.675771,0.735811,0.043004,-0.391877,-0.408112,0.824464,-0.031004,0.026462,-0.02803,-2.985745,-0.39218,-4.192433,0.151659,0.035494,0.040141,-0.025145,-0.533334,-0.611598,0.584381,0.765222,-0.643274,0.025144,0.36054,0.460592,0.811088,-0.01547,0.013279,-0.014,-2.977351,-0.391014,-4.197107,0.015878,0.065998,0.023631,-0.06372,-0.045792,0.776639,-0.628279,-0.963618,-0.200135,-0.17716,-0.26333,0.597309,0.757548,-0.033705,0.004712,0.003435,-0.018715,0.80039,0.014991,0.236263
43,0.110133,-0.024228,0.414891,-0.087037,0.752806,-0.652497,-0.960337,-0.237505,-0.145999,-0.264781,0.612974,0.744434,-0.080474,0.013211,0.009329,-0.100595,0.223802,-0.221753,0.40604,-0.121589,-0.002913,0.372428,0.634029,0.538199,0.555284,-0.672563,0.738113,0.052744,-0.382255,-0.407587,0.829227,-0.029709,0.017696,-0.017755,0.079435,-0.065233,0.162913,0.157837,0.034905,0.040485,-0.025521,-0.541977,-0.611176,0.576822,0.763861,-0.644435,0.034901,0.350394,0.459527,0.816123,-0.007486,0.004904,-0.00407,0.061516,-0.157346,0.347734,0.025675,0.064608,0.023873,-0.06359,-0.008613,0.786698,-0.617277,-0.973881,-0.146665,-0.173331,-0.226892,0.599662,0.767414,-0.033368,0.010197,-0.001177,-0.288458,0.032742,0.258056,0.313172
44,0.10725,-0.023695,0.415094,-0.060488,0.766546,-0.63937,-0.97024,-0.19554,-0.142727,-0.234362,0.610756,0.756359,-0.080791,0.011928,0.008404,-3.465144,-0.174347,4.195117,0.430468,-0.122515,-0.002422,0.372046,0.637007,0.54142,0.548705,-0.67649,0.733836,0.061474,-0.370159,-0.411039,0.833002,-0.028587,0.009949,-0.006767,0.043466,-0.060637,0.141571,0.169511,0.034448,0.040728,-0.025715,-0.544714,-0.614801,0.570355,0.767457,-0.639623,0.043487,0.338077,0.461411,0.820245,-0.007624,0.005903,-0.003354,0.049449,-0.072789,0.168925,0.037759,0.063168,0.024143,-0.063486,0.01386,0.796073,-0.605041,-0.97964,-0.110388,-0.167682,-0.200277,0.595047,0.778335,-0.033745,0.004638,0.003327,0.056472,0.612728,0.073596,0.369508
45,0.105748,-0.023511,0.415239,-0.046303,0.771976,-0.633999,-0.974341,-0.174769,-0.141728,-0.220165,0.61021,0.761051,-0.081301,0.009966,0.007073,-0.278694,0.314972,0.276511,0.435208,-0.122836,-0.002241,0.371994,0.639827,0.540199,0.546624,-0.675157,0.734821,0.064302,-0.367721,-0.410883,0.834158,-0.014142,0.003829,0.004076,-0.000377,0.00274,-0.003318,0.175464,0.034277,0.040823,-0.025749,-0.547839,-0.613908,0.56832,0.766252,-0.640865,0.046365,0.335753,0.460877,0.821499,-0.007749,0.006788,-0.00272,0.038329,-0.000507,0.016655,0.04625,0.062417,0.024239,-0.063411,0.032765,0.80101,-0.597752,-0.98254,-0.083775,-0.166119,-0.18314,0.592759,0.78428,-0.034007,-0.000306,0.008248,-1.054411,0.217611,1.239535,0.383387
46,0.10268,-0.023207,0.415645,-0.003585,0.784034,-0.620743,-0.98337,-0.115386,-0.140145,-0.181507,0.608944,0.772185,-0.06786,0.000336,0.016956,-0.087479,0.331815,0.04122,0.444163,-0.123364,-0.001969,0.372089,0.644032,0.538711,0.543144,-0.673799,0.735586,0.069585,-0.362835,-0.411467,0.836008,-0.00103,0.007196,0.005179,0.00167,-0.012473,0.025924,0.180619,0.034013,0.040957,-0.025702,-0.552304,-0.612998,0.564972,0.765158,-0.641763,0.051684,0.330896,0.460838,0.823489,-0.007127,0.002367,0.002367,0.000854,0.017377,-0.030818,0.056374,0.060908,0.024385,-0.063218,0.076409,0.808713,-0.583218,-0.986485,-0.023714,-0.162124,-0.144942,0.587724,0.795971,-0.040736,0.000932,0.00906,-1.02017,0.268789,1.201651,0.402819
47,0.099631,-0.022962,0.416132,0.02082,0.794348,-0.607144,-0.987218,-0.07954,-0.138006,-0.157951,0.60127,0.783296,-0.094473,0.013846,0.009495,0.028566,0.421975,-0.307463,0.447162,-0.123742,-0.00175,0.372354,0.645262,0.538539,0.541852,-0.673912,0.735252,0.07198,-0.360427,-0.412288,0.836644,-0.001196,0.008416,0.006039,-1.86329,-1.550483,1.367077,0.191627,0.033819,0.04107,-0.025567,-0.55193,-0.613152,0.565169,0.765427,-0.64145,0.051587,0.330897,0.461069,0.823359,-0.007244,0.003236,0.002979,-0.000155,0.002789,-0.003104,0.067804,0.059363,0.024507,-0.062969,0.101682,0.81639,-0.568478,-0.987294,0.012676,-0.158391,-0.122103,0.577361,0.807306,-0.040816,0.000842,0.008961,0.012886,0.396399,-0.127327,0.411147
48,0.09627,-0.022719,0.416775,0.039636,0.804266,-0.592985,-0.989564,-0.050571,-0.134823,-0.138479,0.591141,0.794609,-0.08112,0.003992,0.019243,0.004277,0.459905,-0.281915,0.440337,-0.123899,-0.001435,0.372653,0.645282,0.538532,0.541835,-0.673946,0.735209,0.0721,-0.360327,-0.412374,0.836645,-0.001546,0.010901,0.007794,0.00334,-0.024931,0.051855,0.194,0.03374,0.041229,-0.025416,-0.553618,-0.612973,0.56371,0.765306,-0.641382,0.054172,0.328347,0.461402,0.824193,-0.000784,0.005502,0.003937,0.003607,-0.024786,0.051912,0.074989,0.057677,0.02463,-0.062653,0.120874,0.823805,-0.553835,-0.98723,0.041452,-0.153806,-0.103749,0.565355,0.818296,-0.047301,0.003073,0.010399,0.032354,0.485369,-0.09846,0.410167
49,0.094544,-0.02264,0.417189,0.054002,0.807844,-0.586957,-0.990676,-0.030163,-0.13275,-0.125021,0.587649,0.799416,-0.094862,-0.002263,0.031496,-0.044371,0.331977,-0.162528,0.436022,-0.123917,-0.001234,0.372796,0.645421,0.538445,0.541756,-0.673836,0.735301,0.07218,-0.360283,-0.412323,0.836689,-0.001571,0.011075,0.007904,0.00334,-0.024931,0.051855,0.195255,0.033731,0.04133,-0.025345,-0.553771,-0.612903,0.563637,0.76521,-0.64149,0.054254,0.328315,0.461345,0.824238,-0.000792,0.00556,0.003969,0.003455,-0.024911,0.051982,0.076296,0.05682,0.024672,-0.06245,0.135344,0.826055,-0.547095,-0.986622,0.06172,-0.150886,-0.090874,0.560198,0.823358,-0.040623,0.001912,0.009597,-0.031223,0.379858,-0.274363,0.404778
50,0.090998,-0.022574,0.418189,0.083587,0.812389,-0.577134,-0.991705,0.011212,-0.127939,-0.097577,0.582032,0.807308,-0.095102,-0.00245,0.031258,-1.030207,-0.031726,1.086196,0.43451,-0.124075,-0.000842,0.373072,0.651687,0.5369,0.535756,-0.672886,0.735143,0.081993,-0.350637,-0.414616,0.839649,-0.001474,0.010415,0.007405,-0.557746,-0.473982,0.428244,0.203545,0.033658,0.041521,-0.02521,-0.558756,-0.612385,0.559263,0.764707,-0.641419,0.06167,0.320957,0.462131,0.826692,-0.000777,0.005458,0.003885,0.005229,-0.009593,0.023432,0.083154,0.055078,0.024706,-0.061955,0.160506,0.828541,-0.536429,-0.984704,0.097091,-0.144673,-0.067785,0.551446,0.831451,-0.047461,-0.000879,0.015914,-0.103118,0.114897,-0.210572,0.399553
51,0.08773,-0.022592,0.419216,0.102272,0.816606,-0.568102,-0.991263,0.036014,-0.126777,-0.083202,0.57509,0.813864,-0.081655,-0.004174,0.030023,-3.149981,-0.29098,4.383173,0.430457,-0.124304,-0.000511,0.373325,0.656996,0.535328,0.530822,-0.671573,0.735439,0.089736,-0.343158,-0.41612,0.841992,-0.014479,0.006913,0.006173,-0.001733,0.001617,-0.002341,0.202159,0.033542,0.041694,-0.025078,-0.566045,-0.611377,0.553001,0.763491,-0.641796,0.071956,0.310922,0.462943,0.830067,-0.000602,0.004242,0.003011,0.003968,-0.010656,0.024227,0.088869,0.053408,0.024699,-0.061435,0.178717,0.830184,-0.528065,-0.982437,0.121314,-0.141773,-0.053636,0.544128,0.837285,-0.040685,0.002222,0.009698,0.059489,0.564249,-0.077992,0.397104
52,0.086217,-0.022675,0.419777,0.111909,0.816932,-0.565812,-0.990439,0.045655,-0.130069,-0.080573,0.573944,0.814937,-0.081673,-0.003944,0.030134,0.659621,0.054011,0.486213,0.426372,-0.124437,-0.000363,0.373465,0.657285,0.535142,0.530652,-0.671356,0.735612,0.089947,-0.343029,-0.416054,0.842077,-0.014506,0.007176,0.006348,-0.000374,0.002741,-0.003318,0.20053,0.033471,0.04177,-0.025007,-0.566313,-0.611235,0.552884,0.763311,-0.641994,0.072101,0.310877,0.462854,0.830132,-0.007254,0.00356,0.003157,0.000547,0.003461,-0.00394,0.088379,0.052652,0.024657,-0.061154,0.192453,0.828824,-0.525368,-0.980178,0.136702,-0.143398,-0.047033,0.542552,0.838704,-0.034262,-0.003624,0.014038,2.215681,-0.398566,1.316554,0.393185
53,0.083562,-0.023031,0.420982,0.133479,0.812906,-0.566932,-0.988184,0.065883,-0.138285,-0.075236,0.577683,0.812803,-0.055894,-0.019382,0.036364,-0.099072,0.048524,-0.008445,0.420733,-0.124793,-5.7e-05,0.373748,0.65718,0.535198,0.530724,-0.671464,0.735511,0.089959,-0.343016,-0.416159,0.84203,-0.014554,0.00769,0.006684,-0.000373,0.002743,-0.003317,0.199781,0.033298,0.041919,-0.024869,-0.566196,-0.611277,0.552956,0.763405,-0.641882,0.072101,0.31086,0.462953,0.830084,-0.00067,0.004769,0.003366,-0.00981,0.073551,-0.153008,0.087563,0.051315,0.024487,-0.060552,0.214297,0.823163,-0.525811,-0.975846,0.157046,-0.151854,-0.042424,0.545653,0.836935,-0.034246,-0.003291,0.014222,-0.071915,0.03924,-0.002253,0.384204
54,0.081453,-0.023645,0.422114,0.160971,0.806506,-0.56893,-0.984496,0.090738,-0.150015,-0.069572,0.583257,0.809319,-0.043034,-0.015747,0.022339,-0.062242,0.01945,0.038197,0.406894,-0.125348,0.000224,0.373982,0.657987,0.53526,0.52966,-0.671767,0.734984,0.091986,-0.340865,-0.417011,0.842481,-0.02751,0.004227,0.00548,-0.002417,0.017948,-0.032562,0.198424,0.033025,0.042063,-0.024749,-0.567045,-0.61144,0.551905,0.763683,-0.64132,0.07413,0.308623,0.463516,0.830604,-0.007132,0.002859,0.002644,-0.001748,0.015451,-0.029446,0.086746,0.050257,0.024181,-0.059979,0.2411,0.814523,-0.527655,-0.969825,0.181943,-0.16228,-0.036178,0.550859,0.833812,-0.028133,-0.006216,0.012278,-0.069166,0.03751,0.002029,0.370977
55,0.079791,-0.024362,0.423067,0.172418,0.805455,-0.567061,-0.982599,0.100496,-0.156114,-0.068978,0.583112,0.809475,-0.04353,-0.016868,0.021569,-0.060875,0.027068,0.040277,0.398972,-0.126061,0.000418,0.374171,0.658442,0.535537,0.528815,-0.672346,0.734222,0.09382,-0.338834,-0.418,0.842811,-0.014202,0.005546,0.005132,-0.00037,0.002742,-0.003317,0.192728,0.032664,0.042158,-0.024656,-0.567475,-0.611786,0.551079,0.764224,-0.640463,0.075944,0.306484,0.464245,0.830989,-0.013669,0.001597,0.002376,-0.001018,0.019098,-0.033605,0.082664,0.049426,0.023822,-0.059503,0.25235,0.812558,-0.525421,-0.966976,0.191726,-0.167919,-0.035707,0.550445,0.834107,-0.015109,-0.009914,0.009864,-0.067456,-0.009848,0.057866,0.355954
56,0.079041,-0.024737,0.423508,0.174454,0.804915,-0.567206,-0.982176,0.101533,-0.158094,-0.069887,0.583678,0.808989,-0.043531,-0.016671,0.021687,-0.060743,0.019886,0.039204,0.398102,-0.126458,0.000517,0.374288,0.659601,0.535383,0.527526,-0.672371,0.733906,0.096091,-0.336522,-0.418752,0.843364,-0.014259,0.006074,0.00549,-0.00037,0.002743,-0.003317,0.191067,0.032471,0.042204,-0.0246,-0.568697,-0.61179,0.549814,0.764271,-0.640132,0.07823,0.304094,0.464696,0.831615,-0.013697,0.001863,0.002558,-0.001285,0.032694,-0.060578,0.080215,0.049061,0.02364,-0.059291,0.25421,0.811762,-0.525755,-0.966457,0.192672,-0.169813,-0.03655,0.551288,0.833513,-0.015033,-0.009601,0.010063,-0.061831,0.059478,-0.115106,0.352199
57,0.077768,-0.025428,0.42412,0.187793,0.803015,-0.565637,-0.979804,0.113113,-0.164809,-0.068604,0.584167,0.808745,-0.030733,-0.013536,0.007317,-0.017748,0.061445,-0.087543,0.399549,-0.127286,0.000756,0.374518,0.663669,0.534542,0.523259,-0.67187,0.733405,0.103157,-0.329437,-0.420701,0.84519,-0.014442,0.007701,0.006599,0.010795,-0.083605,0.175914,0.190112,0.032052,0.042324,-0.024485,-0.572868,-0.611567,0.545717,0.763997,-0.639559,0.085275,0.296867,0.465778,0.833618,-0.013827,0.003026,0.003356,0.002049,0.021577,-0.035915,0.078092,0.048398,0.023284,-0.058967,0.267442,0.808767,-0.523802,-0.962927,0.204419,-0.176021,-0.035285,0.551459,0.833454,-0.015429,-0.00692,0.003579,-0.030777,0.03472,-0.103231,0.350403
58,0.076495,-0.026256,0.424539,0.197377,0.801424,-0.564631,-0.977594,0.118143,-0.17414,-0.073106,0.585356,0.80749,-0.033105,-0.027705,0.014309,0.006576,0.03089,0.089873,0.398141,-0.128261,0.001052,0.374774,0.664266,0.534703,0.522336,-0.672273,0.732767,0.105048,-0.3274,-0.421609,0.845529,-0.027683,0.006811,0.007172,-0.00241,0.017946,-0.032564,0.181242,0.031569,0.042473,-0.024357,-0.57357,-0.61175,0.544774,0.764284,-0.638961,0.087165,0.294766,0.466357,0.834039,-0.007275,0.0044,0.003681,0.000102,0.003147,-0.003691,0.07303,0.047775,0.022884,-0.05876,0.276772,0.806344,-0.522689,-0.960114,0.20958,-0.185081,-0.039694,0.553067,0.832189,-0.016555,-0.01384,0.007185,0.138674,0.005705,-0.017973,0.348933
59,0.075936,-0.026765,0.424703,0.207391,0.799622,-0.563595,-0.975275,0.124265,-0.182669,-0.076297,0.586552,0.806326,-0.033961,-0.030024,0.012708,0.617046,-0.211186,0.461104,0.397238,-0.128721,0.001189,0.374933,0.663897,0.534919,0.522584,-0.672588,0.7325,0.104894,-0.327501,-0.4218,0.845394,-0.014623,0.009614,0.007874,-0.000365,0.002742,-0.003318,0.177275,0.031335,0.042539,-0.024278,-0.573145,-0.611924,0.545025,0.76457,-0.638643,0.086985,0.294848,0.466566,0.833894,-0.013938,0.004225,0.004158,-0.002371,0.018002,-0.032629,0.067314,0.047496,0.02263,-0.058677,0.286183,0.803919,-0.521356,-0.957245,0.215918,-0.19251,-0.042192,0.554159,0.83134,-0.016827,-0.010838,0.000884,2.191909,-0.911369,1.402948,0.348606
60,0.074865,-0.028141,0.425001,0.229346,0.793413,-0.563863,-0.96997,0.138313,-0.199999,-0.080985,0.591815,0.802012,-0.022419,-0.038153,0.007202,0.180705,-0.007718,0.391287,0.392391,-0.129745,0.001508,0.375293,0.662657,0.535665,0.523393,-0.673629,0.731627,0.104306,-0.327872,-0.42237,0.844966,-0.027788,0.008425,0.008216,-0.002407,0.01795,-0.032562,0.168082,0.030838,0.042697,-0.024101,-0.571838,-0.612479,0.545775,0.765444,-0.637677,0.086384,0.29512,0.467158,0.833467,-0.013955,0.004636,0.004418,-0.012334,0.091462,-0.185618,0.057681,0.046956,0.021945,-0.058527,0.307608,0.79554,-0.522006,-0.950373,0.230034,-0.209463,-0.046557,0.560534,0.826821,-0.01117,-0.018948,0.003711,0.712781,-0.142636,0.556603,0.345177
61,0.073787,-0.029503,0.425264,0.235648,0.792975,-0.561877,-0.968174,0.141599,-0.206303,-0.084333,0.591626,0.801807,-0.035712,-0.034139,0.009655,-0.059149,0.031939,0.045803,0.381821,-0.130676,0.001829,0.375583,0.661193,0.536545,0.524343,-0.674805,0.730659,0.103481,-0.328408,-0.422929,0.844477,-0.014512,0.009516,0.007724,-0.000361,0.002744,-0.003317,0.156226,0.030356,0.042862,-0.023951,-0.570201,-0.613173,0.546707,0.766487,-0.636542,0.085498,0.295577,0.467795,0.832947,-0.01384,0.003991,0.00395,-0.000748,0.005497,-0.006653,0.040535,0.046419,0.021256,-0.058401,0.314059,0.794541,-0.519683,-0.948074,0.233515,-0.215929,-0.050211,0.560513,0.826621,-0.011288,-0.019099,0.003533,-0.069339,-0.002675,0.033612,0.332277
62,0.072582,-0.030851,0.425642,0.237913,0.795952,-0.556689,-0.967411,0.143237,-0.20874,-0.086712,0.587221,0.804785,-0.035115,-0.031874,0.011081,-0.027297,0.16939,0.087541,0.39003,-0.131474,0.002132,0.37586,0.660115,0.537186,0.525044,-0.675673,0.72994,0.102893,-0.328792,-0.423359,0.844113,-0.027422,0.006421,0.006758,-0.002404,0.01795,-0.032562,0.153556,0.029962,0.043016,-0.023812,-0.569049,-0.613655,0.547366,0.767224,-0.635735,0.084891,0.295886,0.46826,0.832576,-0.007147,0.003976,0.003326,-0.000391,0.002748,-0.003321,0.032044,0.045802,0.020564,-0.058211,0.31643,0.79698,-0.514484,-0.947142,0.235215,-0.218164,-0.052858,0.556323,0.829282,-0.017542,-0.015874,0.005603,-0.029227,0.169418,0.085215,0.330644
63,0.071963,-0.031425,0.425792,0.249125,0.792138,-0.557225,-0.96491,0.153931,-0.212664,-0.083002,0.58967,0.803385,-0.034535,-0.029964,0.012347,-0.064282,0.017979,0.04507,0.395746,-0.131831,0.002278,0.376002,0.659685,0.53744,0.525323,-0.676027,0.729643,0.10268,-0.328926,-0.423549,0.843965,-0.01427,0.008,0.006637,-0.000358,0.002745,-0.003316,0.152116,0.029789,0.043085,-0.023743,-0.568585,-0.61385,0.54763,0.767529,-0.635397,0.084668,0.29599,0.468463,0.832425,-0.007137,0.003958,0.003303,-0.000378,0.002745,-0.003327,0.030248,0.045518,0.020295,-0.058143,0.327364,0.792216,-0.515,-0.943623,0.245802,-0.22171,-0.049054,0.558546,0.828021,-0.010283,-0.012189,-0.000156,-0.060253,-0.036514,0.113755,0.337503
64,0.070723,-0.032233,0.42592,0.269377,0.787668,-0.55413,-0.959328,0.169251,-0.225869,-0.084465,0.591459,0.801916,-0.033467,-0.019067,0.003049,-0.096623,0.016178,0.193443,0.39638,-0.132377,0.002504,0.376215,0.658813,0.537965,0.525882,-0.676738,0.729047,0.102222,-0.329212,-0.42391,0.843672,-0.013949,0.005502,0.004916,-0.000357,0.002746,-0.003316,0.145371,0.029506,0.043204,-0.023632,-0.567612,-0.614261,0.548177,0.768158,-0.634702,0.084174,0.296224,0.468865,0.832115,-0.00039,0.003277,0.002238,-2.4e-05,-1e-06,-2e-06,0.023879,0.044885,0.01988,-0.058074,0.346982,0.786058,-0.511581,-0.936512,0.261041,-0.234097,-0.05047,0.56033,0.826729,-0.016402,-0.004869,-0.003604,-0.283347,-0.042757,0.288678,0.345667
65,0.069405,-0.03277,0.425792,0.274105,0.787754,-0.551684,-0.958014,0.173708,-0.228048,-0.084162,0.590054,0.802982,-0.033359,-0.010946,-0.008188,0.005248,0.095198,-0.099384,0.396585,-0.132741,0.002717,0.376389,0.6583,0.538268,0.526212,-0.677149,0.728705,0.101942,-0.329392,-0.424113,0.8435,-0.00079,0.006762,0.004586,0.001688,-0.012459,0.025929,0.144147,0.029319,0.043307,-0.023546,-0.567035,-0.614502,0.548504,0.768525,-0.634298,0.08387,0.296377,0.469096,0.83193,-0.006908,0.002227,0.002103,-0.000384,0.002726,-0.003314,0.018164,0.044227,0.019612,-0.058131,0.351822,0.785527,-0.509085,-0.934724,0.265711,-0.235981,-0.0501,0.558878,0.827734,-0.016883,-0.009757,0.001341,-0.03383,0.090158,-0.126569,0.345014
66,0.068692,-0.032939,0.425663,0.272286,0.788552,-0.551444,-0.958521,0.172318,-0.226973,-0.084302,0.589395,0.803451,-0.046014,0.002447,-0.015907,0.028319,0.046879,-0.126393,0.401637,-0.132871,0.002804,0.376459,0.65808,0.5384,0.526353,-0.677326,0.728558,0.101821,-0.329469,-0.424199,0.843427,-0.000553,0.004749,0.003218,0.0,0.0,0.0,0.144054,0.029253,0.043354,-0.023509,-0.566813,-0.614596,0.548629,0.768666,-0.634143,0.083752,0.296435,0.469185,0.83186,-0.006864,0.001888,0.001869,-0.000376,0.00275,-0.003321,0.017348,0.043857,0.019522,-0.0582,0.349885,0.786423,-0.509035,-0.935445,0.264175,-0.234846,-0.050214,0.558345,0.828087,-0.02298,0.001295,-0.007883,0.026627,0.037399,-0.130718,0.34779
67,0.067206,-0.033249,0.425345,0.276894,0.787297,-0.550943,-0.957751,0.179968,-0.224269,-0.077766,0.588789,0.804554,-0.047198,-0.007768,-0.006355,-0.007243,0.06161,-0.143418,0.414751,-0.133002,0.002905,0.376539,0.65778,0.538582,0.526541,-0.677567,0.728357,0.101654,-0.329571,-0.424315,0.843329,-0.000142,0.001222,0.000827,0.0,0.0,0.0,0.142045,0.029187,0.043409,-0.023466,-0.566487,-0.614736,0.548809,0.768875,-0.633912,0.083578,0.296519,0.469311,0.831758,-6.6e-05,0.000554,0.000379,-0.011658,0.085968,-0.178957,0.015388,0.043116,0.019371,-0.058356,0.354348,0.784708,-0.508595,-0.934091,0.271604,-0.231743,-0.043714,0.557192,0.829231,-0.02362,-0.003951,-0.003203,-0.006616,0.06144,-0.143924,0.36118
68,0.065822,-0.033684,0.424923,0.286449,0.784191,-0.550489,-0.955696,0.193492,-0.22176,-0.06775,0.58865,0.80556,-0.034356,-0.005271,-0.021358,0.029048,0.031303,-0.097125,0.423321,-0.132995,0.002928,0.376553,0.657848,0.53854,0.5265,-0.677512,0.728402,0.101692,-0.329549,-0.424289,0.84335,-2e-06,1.3e-05,9e-06,0.0,0.0,0.0,0.141127,0.029191,0.043418,-0.023461,-0.56656,-0.614704,0.548769,0.768828,-0.633964,0.083618,0.2965,0.469284,0.83178,1.1e-05,-0.0001,-6.7e-05,-7e-06,-4e-06,2e-06,0.013755,0.042437,0.019158,-0.058557,0.36369,0.780727,-0.508127,-0.930909,0.284874,-0.228591,-0.033715,0.556157,0.830392,-0.017548,-0.007353,-0.005551,-0.00743,0.055635,-0.141838,0.374896
69,0.064541,-0.034263,0.424371,0.297816,0.781555,-0.548199,-0.952653,0.206731,-0.222905,-0.061261,0.587659,0.806803,-0.036022,-0.016698,-0.012748,-0.917281,-0.313623,1.196502,0.422302,-0.132964,0.002917,0.376543,0.657759,0.538598,0.526552,-0.677585,0.728341,0.101641,-0.329576,-0.424321,0.843324,3.4e-05,-0.000295,-0.0002,0.0,0.0,0.0,0.13641,0.029207,0.043411,-0.023467,-0.566463,-0.614749,0.548819,0.76889,-0.633895,0.083564,0.296523,0.469318,0.831753,2.8e-05,-0.000251,-0.000171,-1.1e-05,-7e-06,-4e-06,0.010979,0.041798,0.018873,-0.058836,0.373463,0.777668,-0.505724,-0.927207,0.296199,-0.229242,-0.028479,0.554524,0.831679,-0.011155,-0.010071,-0.007368,-3.035456,-1.199556,4.375002,0.380285
70,0.063942,-0.034609,0.42411,0.300466,0.780685,-0.547993,-0.952029,0.210859,-0.221701,-0.057911,0.587351,0.807274,-0.035908,-0.016163,-0.012446,-0.088073,0.013854,0.00661,0.421129,-0.132963,0.00291,0.376538,0.657743,0.538608,0.526562,-0.677599,0.728331,0.101632,-0.329582,-0.424327,0.843319,3.4e-05,-0.000291,-0.000197,0.0,0.0,0.0,0.133449,0.029207,0.043406,-0.02347,-0.566445,-0.614757,0.548828,0.768902,-0.633882,0.083555,0.296527,0.469325,0.831748,2.2e-05,-0.000194,-0.000131,-1.2e-05,2e-06,1e-06,0.008203,0.041497,0.018696,-0.058969,0.377211,0.775964,-0.505559,-0.925811,0.3017,-0.227704,-0.024163,0.553946,0.832201,-0.011342,-0.010358,-0.007682,-0.284206,-0.071238,0.291836,0.380448
71,0.062811,-0.035307,0.423619,0.313296,0.778909,-0.543315,-0.948185,0.225076,-0.224182,-0.052727,0.584433,0.809744,-0.021898,-0.018256,-0.013769,0.102361,0.436637,0.010501,0.416637,-0.132961,0.002888,0.376524,0.657582,0.538709,0.52666,-0.677729,0.728221,0.101541,-0.329634,-0.424386,0.843269,5.7e-05,-0.000492,-0.000333,0.0,0.0,0.0,0.132236,0.029209,0.043395,-0.023478,-0.566269,-0.614836,0.548921,0.769015,-0.633758,0.083459,0.29657,0.46939,0.831696,3.6e-05,-0.000307,-0.000208,-1e-06,4e-06,-4e-06,0.003958,0.040925,0.018345,-0.059217,0.389475,0.771995,-0.502325,-0.920858,0.315654,-0.228871,-0.018127,0.55171,0.833838,-0.017544,-0.006813,-0.005361,0.178845,0.728084,0.119625,0.378162
72,0.061825,-0.035855,0.423183,0.32587,0.777312,-0.538182,-0.944298,0.240342,-0.224739,-0.045758,0.580477,0.813007,-0.0201,-0.013287,-0.010225,0.147466,0.607184,0.087225,0.406253,-0.13296,0.002881,0.376519,0.657678,0.538649,0.526602,-0.677652,0.728286,0.101595,-0.329603,-0.424351,0.843299,0.0,-3e-06,-2e-06,0.0,0.0,0.0,0.130956,0.029209,0.043391,-0.023481,-0.566374,-0.614789,0.548866,0.768948,-0.633832,0.083516,0.296544,0.469351,0.831727,-1e-06,1.5e-05,1.1e-05,3e-06,3e-06,-7e-06,0.002325,0.040437,0.018069,-0.059436,0.401613,0.768794,-0.497656,-0.915742,0.330549,-0.22837,-0.011069,0.547441,0.83677,-0.00986,-0.006165,-0.004744,-0.0025,0.03139,-0.089031,0.368691
73,0.061427,-0.036041,0.423037,0.334876,0.775239,-0.535638,-0.941378,0.251063,-0.225272,-0.040584,0.578716,0.814536,-0.018928,-0.010146,-0.007934,0.079283,0.429183,0.073558,0.3983,-0.132962,0.002896,0.376517,0.660772,0.534796,0.526654,-0.673386,0.732242,0.101527,-0.332156,-0.422404,0.843274,-6e-06,4.8e-05,3.2e-05,-0.011653,0.085987,-0.178944,0.130728,0.029208,0.043398,-0.023481,-0.570066,-0.611305,0.548935,0.765143,-0.638402,0.083659,0.2993,0.467705,0.831667,-4e-06,3.2e-05,2.1e-05,9e-06,-7.2e-05,-0.000157,0.001998,0.040222,0.017964,-0.059518,0.410591,0.76651,-0.493838,-0.911792,0.341019,-0.228778,-0.006953,0.544212,0.838917,-0.009342,-0.004768,-0.003731,0.112696,0.57205,0.128384,0.3602
74,0.060794,-0.03629,0.422864,0.354327,0.77172,-0.528154,-0.934562,0.273241,-0.227827,-0.031953,0.573362,0.818696,-0.016366,-0.003392,-0.002952,-0.213525,0.105497,0.408514,0.372943,-0.132971,0.002895,0.376517,0.660865,0.534737,0.526598,-0.67331,0.732305,0.10158,-0.332126,-0.422371,0.843303,3.3e-05,-0.000283,-0.000192,0.0,0.0,0.0,0.125461,0.029203,0.043398,-0.023481,-0.570043,-0.611317,0.548946,0.765159,-0.638384,0.083647,0.299303,0.467713,0.831661,1.9e-05,-0.000161,-0.000107,-4.3e-05,-1e-05,-7.2e-05,-0.001757,0.039911,0.017838,-0.059605,0.429528,0.7617,-0.485096,-0.903052,0.362325,-0.230685,4.9e-05,0.537153,0.843484,-0.008001,-0.001238,-0.001125,-0.829483,-0.135568,1.405591,0.33489
75,0.060546,-0.036292,0.422727,0.369954,0.769363,-0.520827,-0.928639,0.290178,-0.231083,-0.027122,0.568197,0.822462,-0.000193,-0.000499,-0.000372,0.078877,0.294213,0.08781,0.312871,-0.132969,0.002874,0.37649,0.660812,0.534768,0.526632,-0.673343,0.732281,0.101528,-0.332163,-0.422372,0.843287,0.000124,-0.001063,-0.00072,0.0,0.0,0.0,0.114774,0.029204,0.043389,-0.023493,-0.569984,-0.611343,0.548978,0.765189,-0.638354,0.083595,0.299338,0.46772,0.831645,8e-05,-0.000689,-0.000467,-2.7e-05,-9e-06,-5.3e-05,-0.010412,0.039781,0.017836,-0.059675,0.44484,0.757144,-0.478381,-0.895594,0.379156,-0.232701,0.005193,0.531951,0.846758,0.000286,0.004426,-0.005308,0.151929,0.427909,0.156565,0.280351
76,0.06075,-0.036136,0.422487,0.374198,0.767504,-0.520538,-0.927062,0.296391,-0.229525,-0.022351,0.567507,0.823081,0.028088,0.002122,-0.014767,0.03725,-0.045266,0.075715,0.125893,-0.132934,0.002834,0.37646,0.660771,0.534796,0.526656,-0.673378,0.732252,0.101504,-0.332175,-0.422386,0.843275,5.7e-05,-0.000491,-0.000333,0.0,0.0,0.0,0.101162,0.029222,0.043366,-0.02351,-0.569937,-0.611366,0.549001,0.76522,-0.638321,0.083569,0.299347,0.467736,0.831633,3.1e-05,-0.000269,-0.000183,-2.7e-05,6e-06,-3.6e-05,-0.02772,0.039874,0.017919,-0.059784,0.448969,0.755296,-0.477444,-0.893498,0.385072,-0.231042,0.009346,0.530326,0.847741,0.007291,0.003064,-0.006111,0.036399,-0.035007,0.043909,0.120326
77,0.061051,-0.036077,0.422243,0.379305,0.764813,-0.520801,-0.925049,0.301995,-0.230336,-0.019364,0.568187,0.822688,0.013699,0.003864,-0.013904,0.012934,-0.040926,0.082974,0.036538,-0.132923,0.00282,0.376451,0.663912,0.530884,0.526664,-0.669042,0.736217,0.101496,-0.334674,-0.420416,0.843271,2.8e-05,-0.000238,-0.000162,1.7e-05,3e-06,2.8e-05,0.097296,0.029228,0.043359,-0.023515,-0.573564,-0.607884,0.549091,0.761426,-0.642823,0.083711,0.302083,0.466106,0.831559,1.3e-05,-0.000103,-6.9e-05,0.000218,-0.000164,-0.000218,-0.034742,0.040033,0.017954,-0.059902,0.45381,0.752182,-0.477783,-0.891011,0.390485,-0.231557,0.012395,0.530794,0.847409,0.00683,0.001869,-0.007009,-0.043899,-0.057306,0.141817,-0.011613
78,0.061512,-0.035838,0.421725,0.377117,0.76632,-0.520176,-0.925996,0.302225,-0.226193,-0.016603,0.566033,0.824232,0.014203,0.005194,-0.012916,0.021334,0.030349,-0.142566,-0.242441,-0.132925,0.002835,0.376449,0.663829,0.530936,0.526717,-0.669101,0.736173,0.101427,-0.334721,-0.420429,0.843247,-2e-06,1.5e-05,1e-05,0.0,0.0,0.0,0.09219,0.029227,0.043368,-0.023516,-0.573469,-0.607928,0.549141,0.761481,-0.642768,0.083637,0.302125,0.466124,0.831534,-2e-06,1.9e-05,1.3e-05,-7.9e-05,-2.4e-05,-0.0001,-0.045029,0.040262,0.018071,-0.060163,0.451873,0.753761,-0.477131,-0.891956,0.39073,-0.227471,0.014971,0.528368,0.848882,0.007122,0.002628,-0.006442,0.040036,-0.031857,0.047134,-0.255405
79,0.061975,-0.035414,0.421059,0.376164,0.767089,-0.519731,-0.926422,0.303082,-0.223285,-0.014234,0.564532,0.825305,0.015239,0.015318,-0.022587,0.071492,-0.046537,0.062759,-0.588504,-0.132935,0.002919,0.376385,0.663964,0.530829,0.526654,-0.668894,0.73638,0.101289,-0.334868,-0.4202,0.843302,-0.0,1e-06,0.0,0.0,0.0,0.0,0.086796,0.029222,0.043406,-0.023544,-0.573602,-0.607851,0.549087,0.761318,-0.642976,0.08352,0.302282,0.465937,0.831581,2e-06,-2e-06,-1e-06,-4.8e-05,-2e-06,-6.6e-05,-0.051888,0.040492,0.018274,-0.060489,0.450826,0.754692,-0.476649,-0.892446,0.391376,-0.22442,0.017181,0.526559,0.849964,0.007772,0.008027,-0.011027,0.073124,-0.046985,0.062999,-0.501321
80,0.062087,-0.035121,0.420802,0.375215,0.767757,-0.519431,-0.926823,0.303155,-0.221513,-0.013074,0.563585,0.825971,0.001949,0.012485,-0.007912,0.020543,0.045574,-0.171962,-0.679927,-0.132941,0.002966,0.376331,0.664031,0.530772,0.526627,-0.668772,0.736507,0.101177,-0.33498,-0.420049,0.843333,7.5e-05,-0.000643,-0.000436,0.0,0.0,0.0,0.083575,0.029218,0.043435,-0.023573,-0.573689,-0.607796,0.549056,0.761193,-0.643139,0.083398,0.302431,0.465783,0.831613,-0.000608,0.004693,-0.00489,0.036145,-0.00585,0.020627,-0.05548,0.040553,0.018423,-0.060629,0.450086,0.755317,-0.476358,-0.892798,0.391509,-0.22278,0.018228,0.525562,0.850559,0.001429,0.011102,-0.008946,0.076059,-0.041965,0.061655,-0.614155
81,0.062283,-0.034569,0.420159,0.373996,0.766663,-0.521919,-0.92734,0.302715,-0.219946,-0.011104,0.565306,0.824823,0.013721,0.004004,-0.013801,0.002809,-0.157795,0.007019,-0.886081,-0.132997,0.003092,0.376215,0.664047,0.530726,0.526653,-0.668594,0.736716,0.100822,-0.335303,-0.41974,0.843359,-0.000119,0.001026,0.000695,0.0,0.0,0.0,0.076224,0.029191,0.043489,-0.023631,-0.573696,-0.607762,0.549088,0.761053,-0.643349,0.083064,0.302772,0.465539,0.831626,-8.3e-05,0.000721,0.000489,0.001666,-0.012479,0.025874,-0.064788,0.04065,0.018713,-0.06094,0.448655,0.754569,-0.478887,-0.893474,0.390874,-0.22118,0.020289,0.527107,0.849556,0.007022,0.006091,-0.01246,0.030357,-0.211011,0.012193,-0.77222
82,0.062769,-0.034225,0.419217,0.374035,0.762713,-0.527648,-0.927342,0.3021,-0.220783,-0.009464,0.570946,0.820949,0.013088,0.009739,-0.026736,0.062035,-0.065703,0.026731,-1.314904,-0.133025,0.003229,0.376102,0.665887,0.528154,0.526914,-0.667409,0.737255,0.104665,-0.334011,-0.422031,0.842728,-6e-06,4.8e-05,3.3e-05,-5.5e-05,0.000123,6.3e-05,0.07409,0.029177,0.043561,-0.023685,-0.575981,-0.60535,0.54936,0.75997,-0.644102,0.087047,0.301151,0.467634,0.831039,-2e-06,2.7e-05,1.9e-05,0.003325,-0.003955,-0.002014,-0.070503,0.040888,0.018878,-0.061397,0.448281,0.750696,-0.485281,-0.893598,0.390256,-0.221767,0.022904,0.533061,0.845766,0.006555,0.004861,-0.013379,0.071403,-0.022682,0.044191,-0.866275
83,0.063266,-0.033768,0.418101,0.372628,0.759739,-0.532908,-0.927933,0.301428,-0.219213,-0.006382,0.575247,0.817972,0.013421,0.018024,-0.03777,0.100446,-0.06957,0.047051,-1.805903,-0.133047,0.003328,0.376001,0.669134,0.524089,0.526861,-0.662787,0.741444,0.10444,-0.336727,-0.419745,0.842789,-0.012947,-0.002823,-0.000747,-0.002045,0.015205,-0.029245,0.069545,0.02917,0.043619,-0.023737,-0.579654,-0.601795,0.549402,0.755958,-0.648827,0.086882,0.304182,0.465687,0.831028,-0.000657,0.005126,-0.00459,0.036188,-0.006031,0.020332,-0.075075,0.041136,0.019102,-0.061952,0.446769,0.748148,-0.490581,-0.89426,0.389603,-0.220243,0.026358,0.537105,0.843102,0.006407,0.004466,-0.013676,0.074555,-0.017226,0.045574,-0.857131
84,0.063509,-0.033548,0.417524,0.373272,0.759084,-0.53339,-0.927666,0.301082,-0.22081,-0.007491,0.57629,0.817228,0.0128,0.008994,-0.027297,0.069294,-0.037872,0.035398,-1.893136,-0.133082,0.003363,0.375967,0.670645,0.523682,0.525341,-0.662433,0.741427,0.106787,-0.334406,-0.420283,0.843444,2e-06,-2.1e-05,-1.4e-05,-0.0,-0.0,0.0,0.067883,0.029148,0.043632,-0.023756,-0.581227,-0.601618,0.547932,0.7557,-0.648808,0.089243,0.301812,0.465943,0.831748,4e-06,-4e-06,0.0,0.002138,0.001784,-0.001894,-0.078504,0.041262,0.019217,-0.062256,0.447547,0.747541,-0.490798,-0.893908,0.389366,-0.222084,0.025083,0.538122,0.842493,0.006799,0.009201,-0.01875,0.108698,-0.054894,0.082237,-0.858437
85,0.064028,-0.032982,0.416296,0.371744,0.759908,-0.533284,-0.928288,0.300738,-0.218655,-0.006248,0.575384,0.817876,0.013863,0.01923,-0.036867,-2.16999,0.913973,-1.142043,-1.908381,-0.133238,0.003414,0.375906,0.671979,0.523376,0.52394,-0.662177,0.74134,0.108952,-0.332223,-0.420817,0.84404,-0.012986,-0.002475,-0.000512,-0.002167,0.015105,-0.029156,0.067969,0.029075,0.04366,-0.023785,-0.582665,-0.60149,0.546543,0.755489,-0.648746,0.091451,0.299561,0.466193,0.832421,7.1e-05,-0.000602,-0.000406,0.004044,0.003323,-0.003233,-0.08128,0.04152,0.019494,-0.062867,0.447224,0.747476,-0.491191,-0.894086,0.388644,-0.222632,0.024486,0.538734,0.842119,0.013656,0.007519,-0.019796,0.093372,-0.00501,-0.105644,-0.857458
86,0.064913,-0.032444,0.41475,0.371669,0.759774,-0.533527,-0.928323,0.301178,-0.217899,-0.005336,0.575331,0.81792,0.026428,0.012835,-0.041245,0.10556,-0.068288,0.081696,-1.908401,-0.133427,0.003492,0.37583,0.673416,0.522994,0.522474,-0.661797,0.741359,0.111112,-0.33006,-0.421258,0.844668,-0.000142,0.001233,0.000835,-0.0,-0.0,0.0,0.067818,0.028976,0.043693,-0.023827,-0.584117,-0.601332,0.545166,0.755211,-0.648768,0.093563,0.297425,0.466367,0.83309,-0.007201,0.004346,-0.004534,0.03519,0.010182,-0.009518,-0.082096,0.041949,0.019764,-0.063621,0.445924,0.748506,-0.490805,-0.894657,0.38938,-0.219019,0.027173,0.536769,0.84329,0.013321,0.006642,-0.020463,0.113371,-0.079929,0.111491,-0.857131
87,0.065464,-0.03223,0.414009,0.370841,0.760476,-0.533103,-0.928664,0.302223,-0.21498,-0.002839,0.573856,0.818969,0.040562,0.010625,-0.042496,0.04705,-0.066031,0.105415,-1.908716,-0.133522,0.003535,0.375794,0.673338,0.523029,0.52254,-0.661805,0.741378,0.110941,-0.330205,-0.421182,0.84465,-0.000144,0.001254,0.000849,-0.0,0.0,0.0,0.067801,0.028928,0.043716,-0.023844,-0.584042,-0.60135,0.545226,0.755207,-0.648798,0.093389,0.297583,0.466303,0.83307,-7.9e-05,0.000713,0.000487,7.4e-05,9.4e-05,-0.000174,-0.082423,0.042228,0.019874,-0.064009,0.445179,0.749219,-0.490392,-0.894957,0.390288,-0.216163,0.029441,0.535112,0.844267,0.013255,0.006465,-0.020603,-0.113297,0.025245,-0.035438,-0.855172
88,0.066868,-0.031777,0.412501,0.371177,0.760392,-0.532989,-0.928533,0.304452,-0.212387,0.000303,0.572789,0.81972,0.041179,0.012384,-0.041201,0.088157,-0.074928,0.101454,-1.908405,-0.133718,0.003589,0.375751,0.673007,0.523221,0.522775,-0.662006,0.741252,0.110584,-0.330477,-0.421166,0.844552,-0.001319,0.010307,-0.009143,0.03619,-0.005953,0.020638,0.06832,0.02883,0.043742,-0.02386,-0.583666,-0.601505,0.545458,0.755399,-0.648625,0.093039,0.297834,0.466342,0.832957,-0.006542,-0.000785,5.3e-05,-0.002078,0.015198,-0.029304,-0.082749,0.042945,0.020103,-0.064779,0.445568,0.74905,-0.490297,-0.894659,0.392419,-0.213523,0.032462,0.533788,0.844994,0.020647,0.00628,-0.020552,0.096154,-0.07809,0.105137,-0.849946
89,0.068813,-0.031388,0.410986,0.371736,0.760418,-0.532562,-0.928289,0.308245,-0.207932,0.005575,0.570726,0.821138,0.055085,0.002312,-0.031171,0.068785,-0.08848,0.148559,-1.908461,-0.133916,0.003573,0.375746,0.672542,0.523513,0.52308,-0.662385,0.740955,0.110303,-0.330663,-0.421327,0.844399,-0.013087,-0.001565,0.000101,-0.002045,0.015205,-0.029245,0.067981,0.028731,0.043737,-0.023867,-0.583172,-0.601724,0.545745,0.755711,-0.648306,0.092731,0.298011,0.466504,0.832804,-0.006543,-0.000791,4.8e-05,-0.00209,0.015195,-0.029294,-0.082749,0.043875,0.020292,-0.06551,0.445929,0.74917,-0.489786,-0.894279,0.395882,-0.208667,0.037571,0.531056,0.846502,0.028013,0.006108,-0.020509,0.065592,-0.148741,0.324246,-0.848967
90,0.06998,-0.031174,0.410207,0.372248,0.760249,-0.532446,-0.928064,0.310282,-0.2059,0.008203,0.569848,0.821726,0.05637,0.013474,-0.040049,-0.573922,0.180138,-0.202115,-1.908391,-0.133993,0.003556,0.375753,0.672384,0.523614,0.523182,-0.662527,0.740838,0.110237,-0.330701,-0.421406,0.844344,-0.013087,-0.001563,0.000102,-0.002045,0.015205,-0.029245,0.068069,0.028697,0.043729,-0.023863,-0.583019,-0.601795,0.545831,0.755821,-0.648186,0.092671,0.298031,0.46658,0.832754,-1e-06,-5e-06,-2e-06,-5.7e-05,-2.6e-05,-2.7e-05,-0.082913,0.044478,0.020396,-0.065913,0.446868,0.748542,-0.489891,-0.893726,0.39774,-0.207501,0.039526,0.530554,0.846728,0.035098,0.005164,-0.021072,-2.164732,0.832314,-1.033616,-0.848803
91,0.072632,-0.030659,0.40858,0.373181,0.760154,-0.531928,-0.927596,0.315465,-0.200049,0.015266,0.567127,0.823506,0.070975,0.013197,-0.039958,0.105022,-0.118778,0.195035,-1.907821,-0.134084,0.003483,0.375798,0.675193,0.519817,0.523351,-0.658431,0.744481,0.11023,-0.333158,-0.419675,0.84424,5e-06,-4.1e-05,-2.8e-05,2.892313,0.609188,4.665716,0.068778,0.028652,0.043696,-0.023844,-0.582722,-0.60194,0.545987,0.756069,-0.647902,0.092639,0.297983,0.466787,0.832655,-0.0,-2.5e-05,-1.6e-05,-2.1e-05,9e-06,-4.8e-05,-0.082913,0.045772,0.020645,-0.066708,0.447235,0.748839,-0.489102,-0.893185,0.402609,-0.200315,0.046913,0.526446,0.848912,0.035404,0.006269,-0.020265,0.056575,-0.098467,0.168016,-0.848967
92,0.075506,-0.029945,0.40691,0.373576,0.760532,-0.531111,-0.927247,0.32132,-0.192194,0.024015,0.563328,0.825901,0.085785,0.013908,-0.039177,0.08293,-0.069759,0.058204,-1.857745,-0.13408,0.003375,0.37587,0.675112,0.519893,0.52338,-0.658614,0.744288,0.110442,-0.33296,-0.419924,0.844195,0.001354,-0.010666,0.008903,-0.036193,0.005972,-0.020628,0.085658,0.028649,0.043638,-0.023804,-0.586181,-0.59846,0.546109,0.752404,-0.652103,0.092997,0.300465,0.465408,0.832535,0.000676,-0.005344,0.004443,-0.03626,0.005959,-0.020749,-0.072299,0.04723,0.021009,-0.067563,0.447886,0.748958,-0.488322,-0.892383,0.408203,-0.192412,0.055226,0.521949,0.851186,0.036303,0.012965,-0.023896,0.09338,-0.114785,0.185641,-0.846681
