frame,MLTx,MLTy,MLTz,MLTR1,MLTR2,MLTR3,MLTR4,MLTR5,MLTR6,MLTR7,MLTR8,MLTR9,MLTTVx,MLTTVy,MLTTVz,MLTRVx,MLTRVy,MLTRVz,MLGA,MRTx,MRTy,MRTz,MRTR1,MRTR2,MRTR3,MRTR4,MRTR5,MRTR6,MRTR7,MRTR8,MRTR9,MRTTVx,MRTTVy,MRTTVz,MRTRVx,MRTRVy,MRTRVz,MRGA,SLTx,SLTy,SLTz,SLTR1,SLTR2,SLTR3,SLTR4,SLTR5,SLTR6,SLTR7,SLTR8,SLTR9,SLTTVx,SLTTVy,SLTTVz,SLTRVx,SLTRVy,SLTRVz,SLGA,SRTx,SRTy,SRTz,SRTR1,SRTR2,SRTR3,SRTR4,SRTR5,SRTR6,SRTR7,SRTR8,SRTR9,SRTTVx,SRTTVy,SRTTVz,SRTRVx,SRTRVy,SRTRVz,SRGA
553,0.062509,0.008935,0.345472,0.050695,0.581704,-0.811847,-0.240298,-0.781847,-0.575278,-0.96945,0.22352,0.101153,0.058613,-0.002125,0.001786,-0.192782,0.613982,1.22875,0.131418,-0.114682,0.038312,0.30415,0.370693,-0.197901,0.907421,-0.581148,0.712597,0.392945,-0.724826,-0.672749,0.147984,-0.000937,0.006682,-0.011696,0.029386,0.016238,0.002078,-1.408253,0.036199,0.037153,-0.030254,-0.326188,0.138556,0.935095,0.628345,-0.70726,0.323981,0.706245,0.693242,0.143639,-0.000467,0.003363,-0.005825,0.039176,-0.003927,-0.015292,-0.737381,0.068717,0.029215,-0.06894,0.019493,0.633452,-0.773536,-0.128076,-0.765726,-0.630284,-0.991572,0.111358,0.066204,0.035974,-0.00298,-0.000385,-0.379346,0.524427,0.252261,-0.07105
554,0.065271,0.008875,0.345543,0.028857,0.590599,-0.806477,-0.278265,-0.770113,-0.573992,-0.96012,0.240238,0.14312,0.073361,-0.001655,0.002878,-0.864147,0.428651,0.515902,0.201845,-0.114735,0.038546,0.303779,0.375475,-0.19902,0.905207,-0.578164,0.712946,0.396696,-0.724757,-0.672047,0.151469,-0.001352,0.008863,-0.009667,0.03661,-0.008093,0.019115,-1.408157,0.036173,0.037263,-0.030439,-0.331179,0.139346,0.933221,0.625591,-0.707978,0.327721,0.706367,0.69235,0.147294,-0.000624,0.004186,-0.005063,0.036634,-0.006029,0.015351,-0.732646,0.070093,0.029188,-0.068902,-0.004197,0.640514,-0.767934,-0.166292,-0.757695,-0.631066,-0.986067,0.125053,0.109692,0.03703,4.8e-05,0.002152,-2.748716,0.788173,-0.686785,0.023495
555,0.068209,0.00891,0.345669,0.007146,0.604977,-0.796239,-0.303978,-0.757203,-0.578112,-0.952674,0.245413,0.179477,0.073821,0.000428,0.004446,-0.246738,0.594318,0.809239,0.261127,-0.114838,0.038832,0.303422,0.377454,-0.202229,0.903672,-0.576478,0.712288,0.400315,-0.725075,-0.671783,0.151119,-0.001487,0.009578,-0.008997,0.018774,0.112411,-0.138078,-1.408412,0.036122,0.037406,-0.030618,-0.333462,0.142629,0.931911,0.624055,-0.707531,0.331591,0.706652,0.692138,0.146926,-0.007281,0.00348,-0.004789,0.037526,0.00201,-0.016341,-0.734116,0.071563,0.029208,-0.068836,-0.027473,0.651338,-0.758289,-0.193604,-0.747679,-0.63521,-0.980694,0.129357,0.146642,0.043686,-0.001345,0.001214,-0.52345,0.804556,0.52254,0.110855
556,0.069722,0.00888,0.345738,0.000306,0.612007,-0.790881,-0.318321,-0.74962,-0.580269,-0.947996,0.251165,0.195566,0.087091,-0.002893,0.002181,-1.410552,1.194388,-1.146418,0.277188,-0.114904,0.038996,0.303245,0.379313,-0.20038,0.903305,-0.58473,0.704591,0.401965,-0.717453,-0.680398,0.148937,-0.001466,0.00947,-0.009096,-1.627757,-0.427157,-0.019788,-1.408647,0.036089,0.037489,-0.030706,-0.334978,0.140045,0.93176,0.63072,-0.701327,0.332161,0.699986,0.698947,0.1466,-0.000637,0.004416,-0.004738,-5.224178,-1.764845,-0.465777,-0.736892,0.072316,0.029196,-0.0688,-0.034954,0.659339,-0.751032,-0.207623,-0.739886,-0.639891,-0.977584,0.133565,0.162755,0.036823,0.000191,0.002089,-0.156114,0.40842,0.906465,0.146942
557,0.072733,0.008677,0.345904,-0.012376,0.629585,-0.776862,-0.338512,-0.733623,-0.589218,-0.940878,0.254898,0.223165,0.072754,-0.001135,0.002684,-0.122581,0.282711,0.885902,0.29986,-0.115044,0.039376,0.302898,0.38461,-0.204335,0.900174,-0.586228,0.699106,0.409294,-0.713404,-0.684858,0.147944,-0.001609,0.010228,-0.008382,-0.201666,0.345225,0.31711,-1.409207,0.036019,0.037679,-0.030879,-0.341003,0.142638,0.929177,0.633568,-0.695338,0.339257,0.694483,0.704385,0.146741,-0.000778,0.004981,-0.004315,-0.230275,0.382556,0.345793,-0.737708,0.073828,0.029097,-0.068714,-0.051158,0.672716,-0.738128,-0.230092,-0.727152,-0.646766,-0.971822,0.13675,0.191986,0.043004,-0.002458,1.1e-05,-0.187681,0.533142,0.881401,0.189398
558,0.075812,0.008426,0.346008,-0.024511,0.64086,-0.767296,-0.358516,-0.722046,-0.591682,-0.933184,0.259784,0.248409,0.072055,-0.002288,0.00144,-0.100027,0.304082,0.38109,0.298079,-0.115188,0.039661,0.302587,0.391167,-0.208436,0.896401,-0.587165,0.693394,0.417584,-0.709061,-0.689406,0.147699,0.000347,-0.001832,-0.00171,-0.251546,0.468762,0.13712,-1.409289,0.035946,0.037827,-0.031037,-0.348099,0.146644,0.925917,0.63469,-0.690026,0.347896,0.689924,0.708773,0.147123,-0.000748,0.004837,-0.004445,-0.226324,0.381418,0.339259,-0.7413,0.075368,0.028972,-0.068661,-0.065184,0.682487,-0.727984,-0.251236,-0.717259,-0.649937,-0.965728,0.140531,0.218219,0.042888,-0.002341,-2.4e-05,-0.139535,0.261632,0.622998,0.209809
559,0.077205,0.008343,0.346094,-0.032421,0.646542,-0.762218,-0.365258,-0.717473,-0.59312,-0.930314,0.258368,0.260361,0.058866,0.001938,0.004319,-0.161609,0.448911,0.409577,0.296366,-0.115255,0.039771,0.302441,0.395441,-0.209256,0.894332,-0.584745,0.693416,0.420928,-0.708694,-0.689134,0.150699,-0.001378,0.009016,-0.009507,0.413657,-1.597422,2.211469,-1.409384,0.035913,0.037879,-0.031105,-0.349393,0.149159,0.925027,0.633944,-0.689341,0.350602,0.689955,0.708914,0.146293,0.000178,-0.000912,-0.000849,-0.009457,0.105669,-0.174054,-0.742443,0.076091,0.028927,-0.06862,-0.073468,0.686825,-0.723099,-0.258248,-0.713429,-0.651402,-0.96328,0.138882,0.229785,0.029424,0.000942,0.002089,-0.1833,0.48962,0.452749,0.206707
560,0.07967,0.008492,0.346299,-0.046799,0.653085,-0.755868,-0.383627,-0.710357,-0.590081,-0.922257,0.261539,0.284722,0.060075,0.00618,0.007772,-0.182093,0.488042,0.436239,0.298778,-0.115327,0.039924,0.302174,0.398702,-0.212607,0.892091,-0.582588,0.692425,0.425526,-0.708647,-0.689101,0.151067,0.000748,-0.003958,-0.003701,-0.002888,0.017931,-0.022151,-1.40959,0.035876,0.037962,-0.031239,-0.355662,0.152723,0.922052,0.630842,-0.688694,0.357404,0.689596,0.708784,0.148598,-0.000642,0.004286,-0.004958,0.040428,-0.011323,0.006627,-0.74375,0.077299,0.028995,-0.068525,-0.088038,0.690686,-0.717775,-0.277026,-0.709123,-0.648382,-0.95682,0.14176,0.253767,0.03071,0.008765,-0.000182,-0.237781,0.54425,0.311441,0.207197
561,0.081828,0.009041,0.346687,-0.057483,0.653021,-0.755185,-0.393687,-0.709903,-0.583969,-0.917388,0.262922,0.29883,0.06258,0.022019,0.003295,0.013808,-0.016075,0.23474,0.293035,-0.115388,0.039837,0.301916,0.405909,-0.213893,0.888527,-0.578822,0.692098,0.431162,-0.707651,-0.68903,0.155985,0.001125,-0.005958,-0.005582,0.052898,-0.265969,0.35575,-1.410208,0.035845,0.037921,-0.031367,-0.362734,0.153748,0.919121,0.627522,-0.688861,0.362884,0.68894,0.7084,0.153392,-0.000262,0.002271,-0.006847,0.161043,-0.52493,0.726942,-0.74326,0.078377,0.029262,-0.06833,-0.100103,0.690323,-0.716542,-0.287793,-0.709465,-0.643299,-0.952446,0.14182,0.26969,0.024234,0.007724,0.007394,-0.001557,0.075042,0.030842,0.206544
562,0.083524,0.009768,0.347342,-0.06847,0.646938,-0.759492,-0.403861,-0.714026,-0.571871,-0.912183,0.266763,0.311105,0.035886,0.021702,0.019322,-0.134162,0.006248,-0.057734,0.287745,-0.115381,0.039478,0.301587,0.415779,-0.212961,0.884176,-0.573915,0.692625,0.436835,-0.705925,-0.68879,0.164625,0.002061,-0.010924,-0.01027,0.145154,-0.218879,-0.164036,-1.409924,0.035847,0.037747,-0.031526,-0.373065,0.153647,0.914994,0.622927,-0.689384,0.369744,0.687592,0.707913,0.161475,0.000969,-0.005114,-0.004805,0.256958,-0.486955,-0.110532,-0.749138,0.079235,0.029624,-0.068009,-0.109793,0.683324,-0.721812,-0.297637,-0.715481,-0.632058,-0.948344,0.145442,0.281937,0.018031,0.011122,0.009864,-0.491545,0.274991,-0.726364,0.198379
563,0.084292,0.010216,0.347714,-0.074709,0.641889,-0.763179,-0.40911,-0.717615,-0.563587,-0.909342,0.269316,0.317163,0.035912,0.022159,0.01956,-0.45455,0.28168,-0.682036,0.285198,-0.115364,0.039225,0.301353,0.422567,-0.214152,0.880663,-0.57049,0.692075,0.442161,-0.704677,-0.688972,0.169148,0.002584,-0.013701,-0.012912,0.111969,-0.452514,0.614548,-1.410104,0.035855,0.037623,-0.03164,-0.37945,0.153472,0.912394,0.619984,-0.68981,0.373873,0.686758,0.707536,0.166598,0.001298,-0.006864,-0.006467,0.374223,-1.577943,2.187581,-0.752078,0.079619,0.029851,-0.067821,-0.114673,0.678211,-0.725863,-0.302476,-0.719826,-0.624785,-0.946233,0.14791,0.287687,0.018076,0.011429,0.010029,-1.50532,0.7694,-2.004338,0.196093
564,0.085613,0.011206,0.348518,-0.090682,0.628943,-0.772174,-0.421938,-0.72654,-0.542291,-0.90198,0.275847,0.332217,0.037124,0.026627,0.02296,-0.136709,0.089389,-0.208018,0.27114,-0.115334,0.03848,0.300623,0.440228,-0.200756,0.875149,-0.580114,0.680227,0.447988,-0.685762,-0.704639,0.181872,0.004364,-0.023172,-0.022002,-1.443877,-0.619487,-0.566525,-1.409859,0.035868,0.03726,-0.031996,-0.397595,0.140473,0.906744,0.62789,-0.678948,0.380503,0.669083,0.720622,0.181744,-0.004326,-0.013128,-0.011369,-4.824324,-2.422535,-1.137852,-0.750445,0.080279,0.030342,-0.067423,-0.12906,0.663796,-0.736693,-0.315478,-0.731792,-0.604113,-0.940115,0.154444,0.303858,0.011845,0.014607,0.012298,-0.49426,0.200844,-0.570428,0.183683
565,0.086712,0.012389,0.349549,-0.112393,0.614172,-0.781157,-0.438996,-0.735888,-0.515485,-0.891307,0.284219,0.353297,0.025096,0.034148,0.028286,-0.13967,0.108516,-0.234478,0.251168,-0.115286,0.037365,0.2995,0.467007,-0.18811,0.864008,-0.57986,0.672414,0.459951,-0.668052,-0.715556,0.203836,0.006418,-0.034141,-0.032788,-1.056806,-2.28758,1.537053,-1.410363,0.035891,0.036712,-0.032549,-0.421981,0.126975,0.897668,0.629236,-0.671803,0.390821,0.652681,0.729765,0.203591,-0.004363,-0.012269,-0.019772,-4.704608,-2.548244,-1.233308,-0.771346,0.080833,0.030929,-0.066911,-0.148689,0.647486,-0.74743,-0.332642,-0.744535,-0.578805,-0.931257,0.162565,0.326085,0.012651,0.017424,0.014417,-0.484777,0.168882,-0.551364,0.160332
566,0.087171,0.013036,0.350147,-0.128767,0.607008,-0.784223,-0.450242,-0.740327,-0.49917,-0.883428,0.288053,0.369604,0.012151,0.038234,0.030957,-1.646355,1.223548,-2.028114,0.244176,-0.115292,0.036642,0.298768,0.482986,-0.178947,0.857143,-0.58043,0.667376,0.466525,-0.6561,-0.722599,0.217366,-0.005847,-0.041935,-0.038627,0.22161,-0.30309,-0.411057,-1.410357,0.03589,0.036338,-0.032926,-0.440581,0.118621,0.88984,0.630045,-0.665235,0.400629,0.639477,0.73715,0.218354,-0.002799,-0.021572,-0.019899,0.309069,-0.42856,-0.532851,-0.783103,0.081068,0.031253,-0.066611,-0.16164,0.639579,-0.751538,-0.34261,-0.750554,-0.565054,-0.925467,0.166149,0.340446,0.012842,0.018177,0.014913,-0.190486,0.459977,0.443414,0.147269
567,0.087527,0.014413,0.351444,-0.170583,0.593295,-0.786733,-0.470115,-0.750646,-0.464215,-0.865768,0.289925,0.407941,0.010694,0.026333,0.038161,-1.784435,1.555937,-2.335813,0.23865,-0.115293,0.034732,0.296942,0.530098,-0.157159,0.83324,-0.580865,0.648447,0.491982,-0.618272,-0.744588,0.25138,0.009822,-0.05259,-0.051837,-0.119149,-0.917905,-0.032128,-1.410175,0.035884,0.035406,-0.033817,-0.487686,0.096874,0.867627,0.631024,-0.647667,0.427007,0.6033,0.755739,0.254729,-0.001719,-0.027652,-0.02623,-0.830049,-2.909832,1.468278,-0.797962,0.081248,0.031953,-0.06596,-0.201487,0.62214,-0.756534,-0.362929,-0.764817,-0.532293,-0.909771,0.167318,0.379894,-0.000683,0.02015,0.015883,-0.325083,0.957732,-0.257266,0.131593
568,0.087388,0.015858,0.352612,-0.211118,0.582356,-0.785071,-0.492884,-0.756953,-0.429021,-0.843849,0.295646,0.447816,-0.015955,0.038192,0.029356,-0.10765,0.714337,-0.679203,0.243392,-0.114956,0.032565,0.294665,0.580028,-0.129709,0.804198,-0.577154,0.631102,0.518206,-0.575453,-0.764543,0.290157,0.009285,-0.04796,-0.067169,0.402523,-1.06454,0.470399,-1.410354,0.036054,0.034314,-0.034955,-0.53781,0.06888,0.840246,0.628653,-0.631316,0.45413,0.561742,0.77246,0.296226,0.005769,-0.030721,-0.030971,0.285951,-1.749314,2.347126,-0.806127,0.081191,0.032677,-0.065368,-0.242671,0.606143,-0.75743,-0.387823,-0.776279,-0.496974,-0.889215,0.173148,0.423456,-0.001299,0.018092,0.014072,-0.178256,0.732184,-0.74096,0.131756
569,0.08707,0.017215,0.353568,-0.232793,0.570951,-0.787317,-0.529218,-0.753512,-0.390025,-0.815656,0.325153,0.478549,-0.004386,0.030178,0.023152,-0.054881,0.660698,-1.132706,0.243586,-0.114347,0.030186,0.291997,0.614552,-0.110395,0.781108,-0.575249,0.61469,0.53961,-0.540461,-0.780796,0.313246,0.012505,-0.06655,-0.068905,0.068351,-0.466786,0.60149,-1.409992,0.036358,0.033128,-0.036292,-0.573101,0.047128,0.818127,0.627447,-0.616943,0.475068,0.527128,0.785594,0.324001,0.006403,-0.033907,-0.035094,0.040766,-0.32217,0.44532,-0.811189,0.081028,0.033362,-0.064886,-0.262306,0.592726,-0.761492,-0.425847,-0.779229,-0.459843,-0.865938,0.20366,0.456807,-0.008829,0.016239,0.012316,-0.125403,0.590485,-1.135587,0.134043
570,0.087016,0.0178,0.353953,-0.238756,0.56529,-0.789613,-0.546335,-0.75037,-0.372067,-0.802538,0.341853,0.488975,-0.005117,0.027793,0.021198,-1.330787,0.05374,-0.345007,0.242615,-0.114028,0.029028,0.290544,0.639051,-0.103267,0.762195,-0.565838,0.607933,0.556936,-0.521659,-0.787044,0.329082,0.01068,-0.054899,-0.076924,0.397698,-2.269924,2.965837,-1.410138,0.036519,0.032539,-0.037021,-0.595893,0.040097,0.802061,0.620388,-0.611205,0.491473,0.509931,0.790455,0.339337,0.012294,-0.026837,-0.03889,0.108181,-0.487609,0.655056,-0.811679,0.080999,0.033665,-0.064685,-0.268295,0.58571,-0.764826,-0.44324,-0.779959,-0.441814,-0.855309,0.220465,0.46887,-0.002659,0.013603,0.010379,-1.345989,0.049707,-0.339329,0.133063
571,0.087314,0.018516,0.354419,-0.257751,0.553195,-0.792203,-0.563867,-0.751871,-0.341638,-0.784313,0.357947,0.50671,0.016825,0.00914,0.007341,-0.011907,0.471516,-0.804652,0.20397,-0.113248,0.027208,0.287505,0.691148,-0.07671,0.718625,-0.548854,0.590997,0.591114,-0.470899,-0.802855,0.365431,0.021633,-0.03547,-0.079764,0.143285,-0.680459,0.819223,-1.410186,0.036907,0.031609,-0.038552,-0.651676,0.013458,0.758377,0.603209,-0.596966,0.528932,0.459844,0.802153,0.38091,0.005041,-0.025338,-0.037131,0.007651,-0.672036,0.71214,-0.822782,0.081146,0.034031,-0.064446,-0.284761,0.572344,-0.768981,-0.46234,-0.784725,-0.412853,-0.839733,0.237966,0.488076,0.008311,0.004272,0.003444,-0.009967,0.470781,-0.806962,0.110039
572,0.088113,0.018327,0.354379,-0.26909,0.546663,-0.792967,-0.579474,-0.749476,-0.320106,-0.768972,0.372682,0.51944,0.024224,-0.011483,-0.008225,-0.007446,0.285064,-0.480671,0.151899,-0.112737,0.025789,0.284616,0.725699,-0.041688,0.686741,-0.548114,0.568051,0.613858,-0.416591,-0.821821,0.388492,0.008205,-0.04097,-0.065186,-3.667685,-4.026721,-1.327403,-1.410344,0.037172,0.030878,-0.040036,-0.687091,-0.019805,0.7263,0.601564,-0.576099,0.553379,0.407461,0.817139,0.407747,0.003967,-0.020169,-0.032123,-3.68221,-4.017971,-1.316226,-0.830947,0.081536,0.033958,-0.064449,-0.294998,0.564845,-0.770665,-0.479073,-0.78529,-0.392182,-0.826719,0.253512,0.502261,0.01201,-0.006057,-0.00436,-0.014988,0.266008,-0.451584,0.043416
573,0.088537,0.017998,0.354175,-0.269835,0.5462,-0.793032,-0.590199,-0.7445,-0.31202,-0.760509,0.38317,0.524246,0.022402,-0.017384,-0.012788,-0.007508,0.285042,-0.480682,0.139775,-0.112453,0.025085,0.283376,0.740367,-0.02316,0.671798,-0.5485,0.556683,0.623847,-0.389342,-0.830311,0.398571,0.006989,-0.034469,-0.058556,-0.985274,-1.668444,0.158736,-1.410479,0.037305,0.030545,-0.040618,-0.700897,-0.034987,0.712403,0.600748,-0.567388,0.563179,0.384506,0.822706,0.418699,0.010357,-0.015453,-0.028479,0.132258,-0.645961,0.848217,-0.833396,0.081756,0.033788,-0.064556,-0.29614,0.564008,-0.77084,-0.490488,-0.782301,-0.383959,-0.819586,0.264383,0.50831,0.010884,-0.009717,-0.007189,-0.008042,0.297833,-0.506495,0.015004
574,0.089372,0.017139,0.35342,-0.273336,0.544643,-0.792904,-0.607038,-0.737038,-0.297072,-0.745866,0.399442,0.533065,0.033038,-0.028332,-0.021055,-0.003311,0.185202,-0.304753,0.130223,-0.111979,0.023891,0.281705,0.776136,0.012318,0.630438,-0.538595,0.532583,0.652843,-0.328681,-0.846244,0.419168,0.006035,-0.031224,-0.035415,0.062721,-2.100852,3.02362,-1.410341,0.037549,0.029942,-0.041477,-0.735769,-0.07502,0.673063,0.596469,-0.542459,0.591576,0.320729,0.836725,0.443872,0.002936,-0.015005,-0.017021,-1.400918,-1.358844,0.57752,-0.840908,0.082159,0.033359,-0.064926,-0.299181,0.562235,-0.770961,-0.508755,-0.777536,-0.369602,-0.807253,0.281653,0.518664,0.009926,-0.012971,-0.00976,-0.004996,0.299888,-0.508118,-0.014225
575,0.090073,0.016195,0.352529,-0.283604,0.534724,-0.796043,-0.611198,-0.740402,-0.279666,-0.738591,0.406556,0.537794,0.019121,-0.028638,-0.02177,-0.010032,-0.208784,-0.836376,0.128813,-0.111735,0.022576,0.28083,0.818549,0.033791,0.573434,-0.503075,0.523694,0.687455,-0.278092,-0.851221,0.444916,0.005815,-0.031993,-0.016257,-0.005504,-0.55035,0.832268,-1.410022,0.037674,0.029274,-0.041934,-0.78312,-0.094289,0.61468,0.560244,-0.535977,0.631549,0.269907,0.83895,0.47256,0.003854,-0.021726,-0.004504,0.009141,-0.747577,1.07551,-0.845153,0.08252,0.032873,-0.065388,-0.309537,0.553032,-0.773525,-0.513502,-0.781881,-0.353521,-0.800313,0.28778,0.526004,0.009583,-0.014281,-0.01086,-0.003043,0.212961,-0.326176,-0.023043
576,0.09051,0.015077,0.351692,-0.288628,0.522292,-0.802465,-0.614449,-0.743759,-0.263146,-0.733928,0.416469,0.536591,0.005724,-0.02702,-0.021008,-0.009054,-0.150916,-0.34679,0.126427,-0.111592,0.021377,0.280737,0.862891,0.059509,0.501866,-0.459318,0.506089,0.729955,-0.211627,-0.860445,0.46337,0.002938,-0.017135,0.000753,-0.244838,-0.46799,1.247137,-1.409351,0.037748,0.028665,-0.041992,-0.830124,-0.11909,0.544711,0.518878,-0.522607,0.676496,0.204106,0.844215,0.495622,0.002384,-0.014205,0.00412,-0.38683,-0.562783,1.593831,-0.841887,0.082742,0.032308,-0.065811,-0.312019,0.538715,-0.782578,-0.516508,-0.787526,-0.336185,-0.797409,0.299312,0.523974,0.002653,-0.014238,-0.011085,-0.01188,-0.110388,-0.588626,-0.025982
577,0.09053,0.014552,0.351294,-0.291139,0.51608,-0.805571,-0.616125,-0.745264,-0.254838,-0.731525,0.421494,0.535949,0.005724,-0.027092,-0.021158,-0.010424,0.09266,-0.468313,0.12186,-0.111683,0.021071,0.280916,0.877312,0.070158,0.474755,-0.443683,0.495087,0.746973,-0.183736,-0.866039,0.464844,-0.012553,-0.011929,0.009256,-0.423779,-0.38996,1.444684,-1.409394,0.037708,0.028509,-0.041907,-0.845362,-0.129698,0.518209,0.504328,-0.513587,0.694176,0.176112,0.848178,0.499577,-0.005506,-0.0109,0.009188,-0.496565,-0.341387,1.487088,-0.838132,0.082753,0.032034,-0.066019,-0.313513,0.531897,-0.786634,-0.518201,-0.790008,-0.327649,-0.795724,0.304912,0.523307,0.002868,-0.013568,-0.010599,-0.009538,0.148681,-0.434831,-0.028921
578,0.090136,0.013716,0.350535,-0.298948,0.504607,-0.809968,-0.615616,-0.750468,-0.240389,-0.728792,0.426134,0.536003,-0.006998,-0.022723,-0.018198,-0.009629,0.188039,-0.450846,0.097431,-0.112009,0.020816,0.281545,0.899332,0.081686,0.429558,-0.413558,0.477213,0.775352,-0.142782,-0.875031,0.462383,-0.016018,0.008054,0.011728,-0.389825,-0.910621,0.930698,-1.407952,0.037545,0.028383,-0.041583,-0.869932,-0.137619,0.47358,0.474165,-0.497416,0.72646,0.135591,0.856526,0.497972,-0.007085,-0.00181,0.009396,-0.949074,-1.773933,0.377723,-0.833396,0.082558,0.031621,-0.066395,-0.319556,0.52022,-0.791994,-0.51782,-0.79585,-0.313821,-0.793565,0.309827,0.523699,-0.009989,-0.009632,-0.00789,-0.006319,0.128538,-0.259407,-0.051129
579,0.089224,0.013228,0.349969,-0.301835,0.495771,-0.814341,-0.620026,-0.750887,-0.227393,-0.723845,0.435658,0.535049,-0.031569,-0.010752,-0.009448,-1.374191,-0.355323,0.296356,0.080893,-0.112746,0.021068,0.282242,0.921069,0.077092,0.38168,-0.370494,0.474271,0.798583,-0.120611,-0.877039,0.464885,-0.016709,0.011954,0.016085,-0.140563,-0.717674,1.550798,-1.407647,0.037182,0.028512,-0.041232,-0.892913,-0.132682,0.430233,0.435415,-0.49759,0.750211,0.11454,0.857203,0.502077,-0.014442,-0.001014,0.011497,-0.58537,-0.0668,0.941735,-0.824905,0.082116,0.031366,-0.06668,-0.324332,0.510299,-0.796494,-0.518071,-0.800325,-0.301796,-0.791461,0.314759,0.523942,-0.015603,-0.004837,-0.004277,-0.028896,-0.271842,-0.501892,-0.079868
580,0.088618,0.0131,0.349812,-0.305057,0.488777,-0.817363,-0.617893,-0.754628,-0.220716,-0.724314,0.4371,0.533235,-0.03045,-0.006999,-0.006457,-0.034357,-0.255436,-0.488706,0.080349,-0.113149,0.021306,0.282559,0.932763,0.079136,0.351686,-0.344969,0.478075,0.807697,-0.105386,-0.874792,0.472755,-0.030859,0.010635,0.016957,0.052133,-0.586521,0.857606,-1.40754,0.036979,0.028639,-0.041065,-0.907971,-0.132557,0.397513,0.407234,-0.502665,0.762552,0.098734,0.854257,0.510388,-0.016427,0.011453,0.005307,0.241776,-0.966072,1.389079,-0.825068,0.081821,0.0313,-0.066767,-0.324505,0.506077,-0.799112,-0.520735,-0.800862,-0.295725,-0.789639,0.320161,0.523416,-0.015084,-0.003089,-0.002882,-0.042521,-0.353299,-0.544844,-0.087053
581,0.087146,0.013041,0.349724,-0.304848,0.478792,-0.823329,-0.622991,-0.754073,-0.207912,-0.720025,0.448945,0.529187,-0.02911,-0.002487,-0.002856,-0.034488,-0.074528,-0.374467,0.09248,-0.114304,0.021579,0.28313,0.950757,0.082067,0.29886,-0.300034,0.484043,0.821958,-0.078402,-0.871236,0.484422,-0.015652,0.006806,0.010086,0.0881,-0.498428,0.671114,-1.407166,0.036387,0.028794,-0.040757,-0.928976,-0.133779,0.345116,0.362991,-0.511617,0.778771,0.072384,0.848735,0.52384,-0.007795,0.003182,0.004814,0.114645,-0.511867,0.66792,-0.822619,0.081086,0.03127,-0.066811,-0.322359,0.495252,-0.806727,-0.52609,-0.802219,-0.282265,-0.786964,0.333421,0.51915,-0.021052,0.000563,-0.000151,-0.156315,-0.201669,-0.398711,-0.087216
582,0.085567,0.013105,0.349691,-0.302604,0.469766,-0.829335,-0.628735,-0.752291,-0.19678,-0.715973,0.461298,0.524038,-0.041124,0.011906,-0.008951,0.014163,-0.009609,-0.357013,0.115658,-0.115505,0.021262,0.283406,0.960451,0.088844,0.263877,-0.272579,0.491508,0.827076,-0.057426,-0.866388,0.495921,-0.039818,-0.02014,0.00463,0.114273,-0.368481,0.297929,-1.40805,0.035809,0.028658,-0.040612,-0.940159,-0.138981,0.311101,0.33661,-0.52046,0.784738,0.052852,0.842499,0.536098,-0.020853,-0.00406,-0.001002,0.256029,-0.557685,0.498203,-0.819027,0.080302,0.031301,-0.066822,-0.318705,0.486738,-0.813334,-0.532491,-0.801816,-0.271189,-0.784142,0.346664,0.514726,-0.014367,-0.000568,-0.000876,-0.02119,-0.171693,-0.175695,-0.057007
583,0.084847,0.013106,0.349618,-0.300438,0.466388,-0.832024,-0.636725,-0.74751,-0.18916,-0.709802,0.472356,0.522578,-0.029627,-0.003753,-0.003963,-0.086111,-0.312206,-0.493334,0.119412,-0.116144,0.020959,0.28333,0.963856,0.094447,0.249103,-0.262297,0.497852,0.826606,-0.04716,-0.862169,0.504285,-0.040666,-0.014051,-0.008771,0.793555,-1.898986,2.242208,-1.408556,0.035465,0.028495,-0.040644,-0.944229,-0.143489,0.296383,0.326412,-0.526589,0.784957,0.043439,0.837922,0.544057,-0.02025,-0.007531,-0.004925,0.916865,-1.92787,2.193913,-0.819517,0.079923,0.031312,-0.066857,-0.317049,0.485274,-0.814854,-0.541431,-0.798025,-0.264588,-0.778673,0.3573,0.515756,-0.020933,0.004848,-0.005367,-0.139579,-0.465116,-0.29314,-0.047373
584,0.083552,0.012921,0.349299,-0.301945,0.458048,-0.836102,-0.639411,-0.747766,-0.178804,-0.706741,0.48005,0.519707,-0.031773,-0.009991,-0.009142,-0.015142,-0.049792,-0.173949,0.127097,-0.117479,0.020602,0.282779,0.963992,0.109023,0.242539,-0.263453,0.512593,0.817175,-0.036448,-0.851768,0.522519,-0.030199,0.010972,-0.023458,0.443994,-0.307155,-0.09433,-1.40957,0.0348,0.028303,-0.040935,-0.944284,-0.158452,0.288476,0.327399,-0.541958,0.774009,0.033698,0.825332,0.56364,-0.015066,0.005312,-0.011898,0.422436,-0.308397,-0.092981,-0.827191,0.079267,0.031226,-0.067012,-0.3166,0.47509,-0.821007,-0.5442,-0.799893,-0.253015,-0.776924,0.366687,0.51179,-0.015965,-0.005254,-0.004759,-0.006197,0.004308,-0.134952,-0.03333
585,0.082584,0.012228,0.348769,-0.300228,0.43962,-0.846548,-0.636538,-0.753262,-0.16549,-0.710059,0.488625,0.50704,-0.021158,-0.020617,-0.017545,-0.065184,-0.517911,-0.439867,0.121443,-0.118748,0.021672,0.282057,0.963307,0.122494,0.2388,-0.266831,0.529207,0.805403,-0.028932,-0.839708,0.54214,-0.035823,0.047049,-0.023188,0.287269,-0.106542,-0.042415,-1.409613,0.034168,0.02882,-0.041316,-0.943159,-0.172491,0.28407,0.331217,-0.558023,0.760857,0.027277,0.811699,0.583437,-0.01796,0.023854,-0.011196,0.186979,-0.087092,-0.016759,-0.83062,0.078792,0.030891,-0.067267,-0.313125,0.459199,-0.831317,-0.541424,-0.805471,-0.240989,-0.780264,0.374636,0.500834,-0.010594,-0.01039,-0.008819,-0.068213,-0.522626,-0.440633,-0.032351
586,0.08181,0.011363,0.348021,-0.298003,0.421178,-0.856649,-0.633767,-0.758337,-0.152435,-0.713468,0.496962,0.493983,-0.021829,-0.022298,-0.019147,-0.055384,-0.407176,-0.375334,0.112017,-0.120307,0.023289,0.280898,0.967408,0.1234,0.221104,-0.252334,0.537515,0.804574,-0.020782,-0.834282,0.550822,-0.03417,0.038139,-0.033241,0.240922,-0.489014,0.68187,-1.40977,0.033398,0.029635,-0.04186,-0.948047,-0.172557,0.267263,0.317506,-0.565754,0.760993,0.019891,0.806315,0.59115,-0.016944,0.01829,-0.017466,0.462632,-1.587968,2.205605,-0.837968,0.078403,0.030452,-0.067646,-0.308109,0.441166,-0.842875,-0.538552,-0.811231,-0.227739,-0.784238,0.383764,0.487538,-0.010923,-0.011216,-0.009612,-0.071886,-0.574234,-0.474947,-0.041658
587,0.081414,0.010997,0.3476,-0.298082,0.415483,-0.859399,-0.632641,-0.760129,-0.148121,-0.714432,0.499019,0.490503,-0.020296,-0.01014,-0.026643,0.004086,-0.218578,-0.205766,0.105403,-0.120778,0.023816,0.280282,0.971594,0.116725,0.205842,-0.236007,0.535242,0.811018,-0.016734,-0.836692,0.547293,-0.017845,0.024908,-0.030258,-0.287137,-0.184195,0.965266,-1.409524,0.033156,0.029904,-0.042168,-0.953109,-0.166647,0.252606,0.302263,-0.564948,0.767769,0.014763,0.808122,0.588829,-0.001863,0.013103,-0.015517,-0.292438,-1.220612,2.651227,-0.8445,0.078195,0.030255,-0.067868,-0.307106,0.434902,-0.84649,-0.53732,-0.813375,-0.222949,-0.785476,0.386367,0.483474,-0.010167,-0.005164,-0.013385,0.007017,-0.186632,-0.186636,-0.047863
588,0.08051,0.010445,0.346845,-0.300795,0.411251,-0.860488,-0.631024,-0.7623,-0.143802,-0.714722,0.499219,0.489877,-0.032369,-0.002989,-0.02135,0.031192,0.036477,-0.095274,0.082597,-0.120467,0.024703,0.279378,0.975654,0.140624,0.168272,-0.217234,0.518184,0.827181,0.027893,-0.843758,0.535871,0.038866,0.0265,-0.017356,0.054515,-1.578393,2.926231,-1.409116,0.033292,0.030333,-0.04264,-0.958009,-0.188063,0.216449,0.285249,-0.548279,0.786144,-0.02917,0.814875,0.578901,0.019382,0.013728,-0.008135,-0.505008,0.138035,0.584392,-0.833723,0.077753,0.029974,-0.068242,-0.309337,0.430764,-0.847792,-0.535738,-0.815519,-0.218889,-0.785681,0.386485,0.483047,-0.010051,-0.008398,-0.00738,1e-05,0.077621,-0.092767,-0.074806
589,0.079808,0.010108,0.346364,-0.303387,0.409923,-0.860212,-0.630042,-0.763506,-0.141692,-0.71449,0.498468,0.490979,-0.017316,-0.008389,-0.007738,-0.001332,0.029276,-0.054422,0.082272,-0.118542,0.02555,0.279153,0.976246,0.160161,0.14589,-0.208028,0.506622,0.836655,0.058854,-0.847315,0.527689,0.055531,0.009549,0.001506,-0.227293,-0.045116,0.412187,-1.408471,0.034269,0.030767,-0.042758,-0.96001,-0.205612,0.190011,0.27309,-0.538242,0.797318,-0.061666,0.817324,0.572868,0.027763,0.00492,0.000893,-0.201808,-0.044157,0.407058,-0.839765,0.077394,0.029801,-0.068493,-0.311899,0.429302,-0.847595,-0.534695,-0.816731,-0.216912,-0.785378,0.385551,0.484282,-0.008626,-0.004126,-0.003799,-0.000971,0.029818,-0.054338,-0.087053
590,0.079551,0.009946,0.346245,-0.306778,0.408527,-0.859673,-0.63018,-0.764023,-0.138252,-0.712916,0.498824,0.492902,-0.016482,-0.005909,-0.005645,-0.001332,0.029275,-0.054422,0.0901,-0.117306,0.025578,0.279221,0.976218,0.15658,0.149905,-0.209184,0.500924,0.839792,0.055169,-0.851359,0.521543,0.073688,-0.015144,0.011522,-0.185339,-0.079188,0.296148,-1.408462,0.034859,0.030794,-0.042719,-0.959878,-0.201926,0.194574,0.274336,-0.53251,0.800731,-0.058075,0.821984,0.566541,0.035857,-0.001165,0.002879,-0.120168,-0.078172,0.305138,-0.837642,0.077266,0.02972,-0.068553,-0.315151,0.427507,-0.847299,-0.534913,-0.817485,-0.213505,-0.78393,0.385945,0.48631,-0.008718,-0.008083,0.001684,-0.034202,0.04768,-0.068327,-0.085093
591,0.079242,0.009624,0.346094,-0.308206,0.408808,-0.859028,-0.634848,-0.760844,-0.134371,-0.708143,0.503427,0.495098,-0.015568,-0.00319,-0.003344,-0.001332,0.029268,-0.054426,0.095723,-0.114421,0.02508,0.279611,0.97335,0.156277,0.167807,-0.223568,0.486072,0.844799,0.049227,-0.85998,0.507813,0.075762,-0.026738,0.018353,-0.563085,0.452087,-0.25928,-1.408772,0.036301,0.030547,-0.042529,-0.955938,-0.203392,0.21169,0.288605,-0.519101,0.804513,-0.053743,0.830159,0.554929,0.036973,-0.007636,0.005533,-1.111281,1.661318,-1.934754,-0.837152,0.077107,0.029561,-0.068627,-0.316658,0.427572,-0.846704,-0.540053,-0.815103,-0.209639,-0.779787,0.390882,0.48902,-0.007698,-0.001357,-0.001462,-0.00024,0.028539,-0.053541,-0.073173
592,0.079328,0.009469,0.345874,-0.313034,0.404149,-0.859487,-0.634941,-0.762011,-0.127124,-0.705934,0.505423,0.496217,-0.001226,-0.003556,-0.003047,-0.00256,0.099229,-0.172362,0.093552,-0.111359,0.023969,0.280179,0.964445,0.189757,0.183928,-0.253481,0.468813,0.846106,0.073108,-0.862866,0.49998,0.063212,-0.034321,0.011885,-0.10899,-0.009274,0.016581,-1.408917,0.037812,0.030015,-0.042238,-0.944998,-0.236256,0.226186,0.317787,-0.499599,0.805861,-0.077387,0.833417,0.547199,0.038654,-0.016363,0.005573,-0.149318,0.063271,-0.173007,-0.841887,0.077146,0.029485,-0.068729,-0.320766,0.422403,-0.847752,-0.540348,-0.816714,-0.202485,-0.777902,0.393132,0.490219,-0.000535,-0.00156,-0.001338,0.003307,0.010007,0.009513,-0.072847
593,0.079534,0.009522,0.34565,-0.320277,0.40113,-0.858233,-0.634487,-0.76352,-0.120145,-0.703081,0.505554,0.500119,-0.000389,-0.001132,-0.000971,-0.002404,0.100592,-0.171622,0.088951,-0.109738,0.022562,0.280526,0.946721,0.21026,0.243928,-0.313795,0.433424,0.844755,0.070698,-0.876537,0.475971,0.035513,-0.039095,0.011325,-0.42908,0.544315,-0.706803,-1.408247,0.038671,0.029278,-0.042065,-0.923108,-0.25932,0.283941,0.376705,-0.461549,0.803159,-0.077223,0.848365,0.523748,0.017768,-0.019605,0.005573,-0.449048,0.579517,-0.746673,-0.84597,0.077254,0.029513,-0.068846,-0.327735,0.41864,-0.846952,-0.540011,-0.818598,-0.195663,-0.775227,0.393238,0.494354,0.0004,0.004881,-0.004709,0.035411,0.078345,-0.151605,-0.076439
594,0.079563,0.009654,0.345576,-0.322511,0.400044,-0.857902,-0.633548,-0.76457,-0.118415,-0.702903,0.50483,0.501098,0.001639,0.012222,-0.007304,0.031834,0.081359,-0.156335,0.088058,-0.109322,0.021785,0.280656,0.940345,0.203138,0.272906,-0.335041,0.415427,0.845637,0.057221,-0.886862,0.458329,0.02004,-0.031786,0.001783,-0.965305,1.346332,-1.719507,-1.408843,0.038863,0.028922,-0.041999,-0.915682,-0.254651,0.31093,0.396418,-0.444913,0.803059,-0.066162,0.858606,0.508348,0.010022,-0.015933,0.000828,-0.797909,0.583969,-0.194824,-0.843194,0.077267,0.029572,-0.068882,-0.329824,0.417317,-0.846794,-0.539037,-0.819639,-0.193982,-0.775019,0.392474,0.495286,0.000351,0.001014,0.00087,0.000473,-0.000345,0.000542,-0.079378
595,0.079664,0.009949,0.345524,-0.325842,0.39841,-0.857404,-0.632096,-0.766161,-0.115856,-0.70267,0.503711,0.50255,0.01467,0.000617,0.001142,-0.001346,0.086013,-0.141935,0.081727,-0.108568,0.020624,0.280449,0.953951,0.14008,0.265229,-0.299714,0.420768,0.856189,0.007132,-0.896411,0.44301,0.016788,-0.011032,-0.0154,1.096514,4.753394,2.972471,-1.410671,0.039255,0.028312,-0.042102,-0.931459,-0.192386,0.30882,0.363389,-0.449491,0.81603,-0.018181,0.872321,0.488594,0.008183,-0.005463,-0.007745,1.059551,4.751771,2.998919,-0.844663,0.077313,0.029726,-0.06891,-0.332969,0.415293,-0.846559,-0.537497,-0.821241,-0.191465,-0.774743,0.391271,0.496667,0.001358,0.007673,-0.002314,0.034555,-0.033871,0.040031,-0.083787
596,0.079739,0.010199,0.345513,-0.326147,0.392565,-0.85998,-0.630696,-0.76797,-0.111434,-0.703785,0.50555,0.499132,0.002066,0.013466,-0.006239,-0.004216,-0.304857,-0.11871,0.064856,-0.109215,0.020349,0.27993,0.968964,-0.004773,0.247135,-0.220023,0.438021,0.871585,-0.11363,-0.898884,0.423035,-0.014251,0.00063,-0.017332,1.781683,5.206644,5.85222,-1.412368,0.038946,0.028174,-0.042357,-0.951714,-0.05769,0.301516,0.292553,-0.468053,0.833869,0.09302,0.881814,0.46233,-0.006224,-0.004956,-0.004458,-0.705018,0.795147,1.062314,-0.853808,0.077357,0.02985,-0.068909,-0.333014,0.410533,-0.84886,-0.536182,-0.822975,-0.187667,-0.775635,0.392648,0.494183,0.000297,0.000858,0.000731,-0.072045,-0.517107,-0.304492,-0.100116
597,0.079723,0.010281,0.345501,-0.328772,0.388697,-0.860737,-0.630317,-0.768972,-0.106559,-0.7029,0.507016,0.498891,-0.013066,0.004021,0.002828,-0.047189,-0.102971,-0.351734,0.057196,-0.109505,0.02018,0.279652,0.974361,-0.086105,0.207841,-0.150618,0.435932,0.887249,-0.168227,-0.895676,0.411494,-0.013859,-0.00139,-0.019715,-0.095665,0.252442,4.795471,-1.412603,0.038789,0.02809,-0.042493,-0.962753,0.033769,0.268261,0.22092,-0.473768,0.852488,0.155881,0.880001,0.448662,-0.006113,-0.00693,-0.006758,0.865289,4.044546,5.531618,-0.857074,0.077355,0.029898,-0.068916,-0.334869,0.405939,-0.850338,-0.535844,-0.824353,-0.182515,-0.775069,0.39453,0.49357,0.0002,0.000578,0.000494,-0.084049,-0.302111,-0.253191,-0.10926
598,0.079511,0.010484,0.345438,-0.330998,0.381915,-0.862918,-0.62832,-0.771421,-0.100471,-0.70364,0.508454,0.496379,0.001187,0.010896,-0.008434,0.028915,0.061575,-0.16794,0.05151,-0.110632,0.019826,0.279251,0.980155,-0.164513,0.110557,-0.042482,0.369887,0.92807,-0.194807,-0.914118,0.355389,-0.042231,-0.007361,-0.000894,-2.521012,0.870381,1.60346,-1.413205,0.038242,0.027895,-0.042724,-0.978073,0.116507,0.172622,0.109622,-0.416747,0.902388,0.177075,0.901525,0.394838,-0.015101,0.003845,-0.003203,-2.40352,0.689323,1.770135,-0.866708,0.077249,0.029995,-0.068945,-0.335821,0.398394,-0.853525,-0.533781,-0.827095,-0.176041,-0.77608,0.396477,0.490411,-0.006732,0.001426,0.000917,-0.001782,0.128861,-0.192621,-0.126243
599,0.079331,0.010616,0.34533,-0.332788,0.378149,-0.863887,-0.626963,-0.772981,-0.096898,-0.704003,0.508905,0.495401,-0.000535,-0.001551,-0.001326,-0.002379,0.100069,-0.171876,0.063011,-0.111722,0.02065,0.279404,0.979068,-0.191261,0.069549,-0.008253,0.303599,0.95273,-0.204568,-0.933094,0.295551,-0.034815,0.033863,0.003232,-0.709563,-0.143898,1.032271,-1.413166,0.037696,0.028286,-0.042655,-0.979776,0.149753,0.132708,0.073281,-0.3486,0.934402,0.186192,0.92523,0.330576,-0.009534,0.012831,0.00591,-0.844678,-0.103387,1.136331,-0.876178,0.077155,0.030067,-0.069001,-0.337402,0.394703,-0.854615,-0.532372,-0.828733,-0.172568,-0.776362,0.396749,0.489746,-0.0003,-0.000875,-0.000744,-0.000814,0.111378,-0.165122,-0.121507
600,0.079486,0.010653,0.345156,-0.332472,0.378216,-0.86398,-0.626749,-0.773103,-0.097313,-0.704344,0.508671,0.495158,-0.000819,-0.002378,-0.002035,-0.000322,0.014641,-0.024822,0.06324,-0.112837,0.021788,0.279927,0.980758,-0.188492,0.050758,0.005573,0.286381,0.958065,-0.196359,-0.939083,0.281831,-0.018132,0.01937,0.024851,-0.138659,-0.325956,0.590385,-1.412693,0.037132,0.028867,-0.042395,-0.982354,0.148586,0.11358,0.058475,-0.332838,0.941168,0.177648,0.931203,0.318277,-0.010094,0.016008,0.009487,-0.086355,-0.335998,0.609765,-0.874546,0.077232,0.030085,-0.069087,-0.33714,0.394902,-0.854627,-0.532139,-0.828785,-0.173039,-0.776636,0.396443,0.489559,-0.000413,-0.001203,-0.001029,-0.000307,0.01485,-0.024682,-0.116935
601,0.07964,0.010618,0.34508,-0.332019,0.378423,-0.864063,-0.626813,-0.772996,-0.097746,-0.704501,0.508678,0.494926,0.012876,-0.004561,-0.003291,0.000984,-0.014715,0.029553,0.062514,-0.113005,0.02227,0.280541,0.981626,-0.188179,0.031461,0.022057,0.275139,0.961117,-0.190755,-0.9425,0.274169,-0.003562,0.017002,0.039949,-0.576905,-0.200033,0.787722,-1.412641,0.037043,0.029104,-0.042099,-0.984425,0.148028,0.094836,0.042257,-0.324393,0.944977,0.170647,0.934267,0.313086,-0.002832,0.014906,0.017131,-0.551503,-0.29989,0.976231,-0.879281,0.077303,0.030067,-0.069126,-0.33673,0.395149,-0.854674,-0.53219,-0.828666,-0.173449,-0.776778,0.396444,0.489332,-0.00034,-0.000992,-0.000852,-4e-06,2.7e-05,2.6e-05,-0.116445
602,0.079941,0.010517,0.345007,-0.331578,0.378675,-0.864122,-0.626953,-0.77283,-0.098158,-0.704584,0.508742,0.494742,0.013423,-0.002976,-0.001938,0.000984,-0.014715,0.029553,0.063666,-0.112613,0.023343,0.282663,0.982283,-0.187378,0.001021,0.047487,0.253593,0.96611,-0.182525,-0.948683,0.257971,0.023469,0.023973,0.062635,-0.460312,-0.074392,0.454878,-1.412195,0.037221,0.029628,-0.04107,-0.986771,0.14879,0.064372,0.01638,-0.303532,0.95268,0.161289,0.941132,0.297079,0.012509,0.006839,0.035654,-0.778697,-0.029203,0.553599,-0.884833,0.077453,0.030013,-0.069165,-0.336318,0.395452,-0.854696,-0.532332,-0.828489,-0.173857,-0.77686,0.396511,0.489148,0.006733,-0.001429,-0.000921,0.00098,-0.01471,0.029569,-0.116282
603,0.080198,0.010463,0.345078,-0.330868,0.379088,-0.864213,-0.627333,-0.772451,-0.09872,-0.704581,0.50901,0.494471,-0.000425,-0.0087,0.01031,-0.033865,0.004638,0.009621,0.066402,-0.111301,0.023906,0.285232,0.982472,-0.185395,-0.01924,0.065219,0.244608,0.967392,-0.175883,-0.951429,0.252411,0.039496,0.012129,0.066285,-0.044069,-0.045865,0.220368,-1.411284,0.037876,0.029943,-0.039741,-0.98799,0.148281,0.04343,-0.002155,-0.294281,0.955716,0.154495,0.944145,0.291066,0.0137,-0.000847,0.036674,0.1489,-0.314365,0.936301,-0.884833,0.077586,0.029988,-0.069135,-0.335636,0.395952,-0.854733,-0.532713,-0.828122,-0.174439,-0.776894,0.39678,0.488877,0.00691,-0.000906,-0.000475,0.000984,-0.014711,0.029558,-0.114322
604,0.080354,0.010433,0.345086,-0.330519,0.379284,-0.86426,-0.627481,-0.772292,-0.099017,-0.704613,0.509105,0.494328,0.013732,-0.002062,-0.00116,0.000984,-0.014715,0.029553,0.068165,-0.110599,0.023962,0.286576,0.983177,-0.18179,-0.017526,0.063614,0.250276,0.966048,-0.172472,-0.950655,0.257627,0.040091,0.008562,0.062004,0.558509,-0.201199,-0.289517,-1.411581,0.038215,0.029981,-0.039085,-0.988328,0.14579,0.044177,-0.001247,-0.297736,0.954647,0.152331,0.94345,0.294443,0.013041,0.003299,0.031108,0.087805,-0.051302,-0.122485,-0.872912,0.07766,0.029973,-0.069125,-0.335329,0.39618,-0.854748,-0.532882,-0.827957,-0.174706,-0.776911,0.396896,0.488756,0.006933,-0.000832,-0.000412,0.000989,-0.014718,0.029553,-0.112853
605,0.080707,0.010374,0.345011,-0.329728,0.379682,-0.864388,-0.62767,-0.772044,-0.099751,-0.704816,0.509184,0.493956,0.014231,0.006872,-0.011274,0.035189,-0.033955,0.044773,0.075448,-0.109809,0.023761,0.28878,0.984022,-0.177537,-0.013136,0.059329,0.256821,0.964602,-0.16912,-0.949719,0.263241,0.014138,-0.005349,0.05112,0.007631,0.016326,-0.141098,-1.411299,0.038629,0.029892,-0.037943,-0.988983,0.139596,0.049238,0.004027,-0.307142,0.951655,0.14797,0.941369,0.303196,0.008159,-0.009351,0.028172,-0.059539,-0.093685,-0.018582,-0.869483,0.077843,0.029946,-0.06916,-0.334562,0.396684,-0.854815,-0.533074,-0.827676,-0.175453,-0.77711,0.39698,0.48837,0.007079,0.003331,-0.005733,0.03519,-0.033962,0.044755,-0.104851
606,0.080972,0.010341,0.344954,-0.329246,0.379924,-0.864465,-0.627763,-0.771909,-0.100215,-0.70496,0.509207,0.493727,8.4e-05,0.000249,0.000213,-0.0,-0.0,-0.0,0.065174,-0.109229,0.023572,0.290622,0.984143,-0.176794,-0.014054,0.059384,0.253165,0.965565,-0.168389,-0.950839,0.259641,0.001258,-0.01254,0.045448,-0.222859,0.01365,0.056307,-1.410881,0.038919,0.029798,-0.037038,-0.989206,0.138331,0.048311,0.004142,-0.30318,0.952924,0.146466,0.942839,0.299334,0.006471,0.001098,0.019655,-0.295382,0.125973,-0.023637,-0.868504,0.077969,0.029927,-0.06919,-0.334127,0.396968,-0.854853,-0.533154,-0.827531,-0.175892,-0.777241,0.396999,0.488146,6.6e-05,0.000195,0.000163,1e-06,-7e-06,-1.3e-05,-0.107464
607,0.080944,0.010381,0.344999,-0.329233,0.379929,-0.864468,-0.627785,-0.771891,-0.100211,-0.704946,0.509231,0.493723,0.000522,0.001537,0.001314,0.00033,-0.014642,0.024822,0.064909,-0.108562,0.023431,0.291977,0.983891,-0.176398,-0.028887,0.073566,0.251646,0.964985,-0.164194,-0.951316,0.26058,0.014197,-0.003854,0.032695,0.461513,-0.234758,-0.134918,-1.410955,0.039253,0.029723,-0.036343,-0.989599,0.140114,0.032552,-0.010951,-0.299029,0.954181,0.143428,0.943901,0.297453,0.014142,-0.001554,0.01557,-0.069337,0.090141,-0.12872,-0.868504,0.077959,0.029944,-0.06917,-0.334095,0.396988,-0.854856,-0.533186,-0.827507,-0.175908,-0.777233,0.397028,0.488135,0.000253,0.000749,0.000638,0.000337,-0.014653,0.024818,-0.112853
