frame,MLTx,MLTy,MLTz,MLTR1,MLTR2,MLTR3,MLTR4,MLTR5,MLTR6,MLTR7,MLTR8,MLTR9,MLTTVx,MLTTVy,MLTTVz,MLTRVx,MLTRVy,MLTRVz,MLGA,MRTx,MRTy,MRTz,MRTR1,MRTR2,MRTR3,MRTR4,MRTR5,MRTR6,MRTR7,MRTR8,MRTR9,MRTTVx,MRTTVy,MRTTVz,MRTRVx,MRTRVy,MRTRVz,MRGA,SLTx,SLTy,SLTz,SLTR1,SLTR2,SLTR3,SLTR4,SLTR5,SLTR6,SLTR7,SLTR8,SLTR9,SLTTVx,SLTTVy,SLTTVz,SLTRVx,SLTRVy,SLTRVz,SLGA,SRTx,SRTy,SRTz,SRTR1,SRTR2,SRTR3,SRTR4,SRTR5,SRTR6,SRTR7,SRTR8,SRTR9,SRTTVx,SRTTVy,SRTTVz,SRTRVx,SRTRVy,SRTRVz,SRGA
102,0.13908,-0.018393,0.315217,-0.118133,-0.16396,-0.979391,-0.625432,-0.753774,0.201574,-0.77115,0.636556,-0.012279,2.7e-05,0.00017,0.000181,1e-06,2e-06,-4e-06,0.075035,-0.175696,-0.026651,0.317882,0.326889,0.49199,0.806895,-0.586358,-0.563886,0.581507,0.740666,-0.66381,0.103119,-3.2e-05,-0.001168,-0.001245,-0.0,0.0,-0.0,-1.405014,0.040158,0.030778,-0.022076,-0.457902,-0.349202,0.817547,0.505398,0.654304,0.562546,-0.731367,0.670778,-0.123121,-1.7e-05,-0.000634,-0.000681,7.3e-05,-7.1e-05,0.000169,-0.91945,0.071326,0.028328,-0.067336,0.119135,0.171162,-0.978013,0.509854,0.834689,0.208186,0.851971,-0.523447,0.012173,1.1e-05,6.8e-05,7.1e-05,-0.001008,-0.003042,0.005333,-0.09832
103,0.139156,-0.018376,0.315161,-0.122145,-0.166494,-0.978471,-0.619763,-0.757208,0.206157,-0.775086,0.631806,-0.009478,-0.000157,-0.000989,-0.001054,0.017381,-0.105511,0.170314,0.069491,-0.175581,-0.026697,0.317914,0.324001,0.494039,0.806809,-0.582854,-0.567378,0.581633,0.744691,-0.659296,0.103087,-0.0,-1.7e-05,-1.8e-05,-0.010835,-0.007811,-0.001384,-1.405223,0.040215,0.030753,-0.022063,-0.455071,-0.351223,0.818262,0.502009,0.657779,0.561527,-0.735456,0.66631,-0.123019,0.007425,0.000248,-0.000383,-0.033971,-0.041375,0.026885,-0.919614,0.071363,0.028334,-0.067358,0.122915,0.174326,-0.976986,0.503681,0.837278,0.212766,0.8551,-0.518241,0.015109,0.007235,-0.001382,-0.001387,0.1472,-0.04999,0.039485,-0.114976
104,0.139189,-0.018388,0.315013,-0.123497,-0.168114,-0.978024,-0.614544,-0.760859,0.20833,-0.779016,0.626973,-0.008131,-5.3e-05,0.009056,-0.010421,0.035361,-0.014823,0.017362,0.078256,-0.175428,-0.026724,0.318052,0.324062,0.494338,0.806601,-0.58253,-0.56741,0.581927,0.744918,-0.659045,0.103055,6.1e-05,0.002304,0.002455,-0.0,-0.0,-0.0,-1.40476,0.040292,0.030736,-0.021997,-0.455118,-0.351553,0.818093,0.501637,0.657859,0.561766,-0.735681,0.666056,-0.123052,0.000429,-0.004505,0.005238,-0.03632,0.010559,-0.018212,-0.920594,0.07138,0.028327,-0.067434,0.123808,0.17602,-0.976569,0.497942,0.840243,0.214576,0.858326,-0.512842,0.016381,-0.000204,-0.001297,-0.001384,-0.000624,-0.000154,0.000566,-0.118568
105,0.139152,-0.018248,0.314816,-0.123776,-0.168286,-0.977959,-0.614042,-0.761178,0.208644,-0.779367,0.62654,-0.0079,-1.8e-05,-0.000116,-0.000124,-0.0,-0.0,-0.0,0.069742,-0.175343,-0.026762,0.318156,0.324091,0.494471,0.806508,-0.582294,-0.567504,0.582072,0.74509,-0.658863,0.102969,1.1e-05,0.000425,0.000453,0.0,0.0,0.0,-1.405042,0.040334,0.030723,-0.021939,-0.455139,-0.351719,0.81801,0.501379,0.657966,0.561871,-0.735844,0.665863,-0.123122,0.000409,-0.005249,0.004445,-0.03637,0.010528,-0.018283,-0.924349,0.071361,0.028397,-0.06754,0.124042,0.176219,-0.976503,0.497389,0.840499,0.214858,0.858613,-0.512354,0.016607,6e-06,2.4e-05,2.5e-05,-0.000387,8.1e-05,3.7e-05,-0.12216
106,0.139133,-0.018157,0.314762,-0.126484,-0.16933,-0.977432,-0.613253,-0.76112,0.211159,-0.77955,0.62633,-0.006355,1.6e-05,0.000103,0.00011,0.0,0.0,-0.0,0.071557,-0.175329,-0.026808,0.318181,0.324102,0.494531,0.806467,-0.582178,-0.567556,0.582136,0.745176,-0.658774,0.102924,-1e-06,-2.2e-05,-2.4e-05,0.0,0.0,0.0,-1.404922,0.040341,0.0307,-0.021927,-0.455146,-0.351784,0.817979,0.501257,0.658027,0.561908,-0.735922,0.665768,-0.123164,-2e-06,-4.7e-05,-5.2e-05,5.8e-05,4.6e-05,-4.3e-05,-0.925329,0.071351,0.028443,-0.067566,0.126592,0.177647,-0.975917,0.496552,0.840346,0.21738,0.858725,-0.512112,0.01817,0.00016,0.005684,-0.003976,0.034693,-0.016459,0.020226,-0.125263
107,0.139099,-0.018115,0.314551,-0.12558,-0.170167,-0.977404,-0.608373,-0.764989,0.211297,-0.78351,0.621369,-0.006239,-0.000392,0.006918,-0.012704,0.038686,-0.000776,-0.007275,0.083198,-0.17528,-0.026832,0.318242,0.321631,0.495298,0.806985,-0.58348,-0.567426,0.580959,0.745231,-0.65831,0.105459,1.5e-05,0.000587,0.000625,0.000151,-0.000255,-0.000157,-1.405061,0.040366,0.030687,-0.021897,-0.45275,-0.352462,0.819016,0.502757,0.657692,0.56096,-0.736377,0.665741,-0.120568,6e-06,0.000299,0.000317,-0.003059,0.005245,0.003224,-0.925166,0.071335,0.028468,-0.06766,0.12555,0.178337,-0.975926,0.491206,0.843494,0.21733,0.861946,-0.506667,0.0183,-0.000299,-0.001918,-0.002045,0.012924,-0.002363,0.000175,-0.117751
108,0.139018,-0.01819,0.314289,-0.12518,-0.173163,-0.976929,-0.608185,-0.764556,0.213396,-0.783721,0.621079,-0.008391,-0.000704,-0.004418,-0.004726,-0.026428,-0.146159,-0.121635,0.082479,-0.175195,-0.026895,0.318333,0.319161,0.49606,0.807498,-0.584681,-0.567385,0.579789,0.745355,-0.657772,0.107913,0.000831,-0.01014,0.009276,-0.019619,-0.017973,-0.035784,-1.404861,0.040408,0.030658,-0.021856,-0.450182,-0.353193,0.820115,0.50429,0.657394,0.559932,-0.736904,0.665648,-0.117835,0.007437,0.000732,0.000129,0.006379,-0.02255,0.024711,-0.926309,0.071294,0.028431,-0.067797,0.124878,0.180963,-0.975529,0.491025,0.843102,0.219254,0.862148,-0.50639,0.016427,-0.000306,-0.001945,-0.002078,-0.040472,-0.233784,-0.141101,-0.113179
109,0.138919,-0.018149,0.31412,-0.125404,-0.173302,-0.976876,-0.607872,-0.764735,0.213647,-0.783928,0.62082,-0.008227,-0.000256,-0.001605,-0.001719,-7e-06,-4e-05,-2.4e-05,0.062431,-0.175117,-0.026964,0.318495,0.316237,0.49803,0.807435,-0.580969,-0.571059,0.579914,0.749494,-0.653085,0.107713,0.000861,-0.009019,0.010469,-0.036442,0.010424,-0.018286,-1.405195,0.040447,0.030623,-0.021776,-0.447597,-0.355085,0.820713,0.500501,0.661087,0.558983,-0.741049,0.660967,-0.118181,2.8e-05,0.001206,0.001283,-0.000424,0.001138,0.00095,-0.926798,0.071244,0.028446,-0.067888,0.124925,0.181445,-0.975433,0.490678,0.843191,0.219688,0.862338,-0.506068,0.016304,-0.000115,-0.000745,-0.000796,0.000313,0.002456,0.001461,-0.12265
110,0.138892,-0.018167,0.314071,-0.128238,-0.174386,-0.976314,-0.607222,-0.764516,0.216259,-0.783969,0.620786,-0.006635,-0.000384,-0.002403,-0.002574,-0.000606,0.014947,-0.024633,0.047481,-0.175044,-0.027005,0.31858,0.316258,0.498122,0.807371,-0.580764,-0.571159,0.580021,0.749644,-0.652928,0.107622,0.000838,-0.009957,0.009471,-0.036445,0.01042,-0.018288,-1.404836,0.040484,0.030605,-0.021731,-0.447621,-0.355184,0.820657,0.50028,0.661202,0.559044,-0.741184,0.660799,-0.118276,0.007436,0.000793,0.000193,0.002102,-0.014992,0.029403,-0.927125,0.071231,0.02844,-0.06791,0.127604,0.182911,-0.974812,0.489993,0.842904,0.222301,0.862335,-0.506018,0.017932,-0.000181,-0.001146,-0.001227,-0.001094,0.013637,-0.021565,-0.138163
111,0.13887,-0.018267,0.314039,-0.12737,-0.175191,-0.976284,-0.602772,-0.76799,0.216399,-0.787537,0.616255,-0.006565,-0.014893,0.000206,3.3e-05,-0.000984,0.014715,-0.029553,0.040413,-0.174932,-0.027099,0.318727,0.313805,0.499005,0.807782,-0.581806,-0.571149,0.578986,0.74987,-0.652262,0.110058,2.8e-05,0.001131,0.001202,0.22682,-0.382855,-0.235347,-1.405113,0.04054,0.030553,-0.021655,-0.447293,-0.35548,0.820708,0.500089,0.66137,0.559017,-0.741511,0.660472,-0.118054,1.5e-05,0.000688,0.000728,0.266986,-0.450336,-0.276911,-0.925492,0.071225,0.028387,-0.067928,0.126587,0.183563,-0.974823,0.485102,0.845742,0.22225,0.865246,-0.501022,0.018013,-8.5e-05,-0.000539,-0.000579,-0.000314,0.000213,6.6e-05,-0.163963
112,0.138805,-0.018258,0.314063,-0.126714,-0.176095,-0.976206,-0.598197,-0.771459,0.216755,-0.791123,0.611646,-0.006368,-0.000119,-0.010117,0.009292,-0.035353,0.014883,-0.017328,0.082921,-0.174799,-0.027093,0.318918,0.31136,0.49993,0.808156,-0.582913,-0.571046,0.577974,0.750033,-0.651644,0.112578,7.1e-05,0.002884,0.003063,0.072798,-0.122809,-0.07544,-1.405248,0.0406,0.030552,-0.021563,-0.443169,-0.356716,0.822407,0.502566,0.660819,0.557444,-0.742312,0.660356,-0.113582,0.000438,-0.004114,0.005653,0.086136,-0.196297,-0.145245,-0.926145,0.071187,0.028395,-0.067921,0.125816,0.184378,-0.974768,0.480056,0.848559,0.222468,0.868167,-0.495934,0.018251,0.000114,0.000714,0.000769,-0.000375,0.000119,-3e-06,-0.144368
113,0.138705,-0.018275,0.314089,-0.126825,-0.176147,-0.976183,-0.598248,-0.771389,0.216862,-0.791066,0.611719,-0.006332,-0.014734,0.001201,0.001097,-0.000984,0.014715,-0.029553,0.10928,-0.174717,-0.027071,0.31901,0.308891,0.500737,0.808604,-0.584208,-0.570876,0.576833,0.750049,-0.651174,0.115158,8.8e-05,0.003594,0.003814,0.075821,-0.139111,-0.051697,-1.405113,0.040647,0.030563,-0.021517,-0.440573,-0.357514,0.823455,0.504175,0.660411,0.556475,-0.742766,0.660333,-0.11071,0.000442,-0.004003,0.005769,0.05625,-0.145889,-0.114291,-0.926635,0.071143,0.028385,-0.067902,0.125915,0.184435,-0.974745,0.480144,0.848483,0.222569,0.868105,-0.496042,0.018281,2e-06,2e-05,2.6e-05,-0.000313,7e-05,-2e-05,-0.113833
114,0.138367,-0.018362,0.314143,-0.125061,-0.175467,-0.976533,-0.598961,-0.77129,0.215241,-0.79081,0.612038,-0.007423,-0.014791,0.000869,0.000736,-0.000984,0.014715,-0.029553,0.173392,-0.17466,-0.027086,0.319231,0.306994,0.503947,0.807331,-0.58486,-0.569191,0.577836,0.750322,-0.650175,0.118964,0.000894,-0.007784,0.011774,0.025465,-0.093997,-0.082352,-1.405371,0.040676,0.030559,-0.021404,-0.438532,-0.360955,0.823043,0.504656,0.658881,0.55785,-0.743647,0.659989,-0.106783,0.000444,-0.003839,0.00594,0.023817,-0.09215,-0.085607,-0.926635,0.070974,0.028341,-0.067875,0.124261,0.183507,-0.975132,0.480915,0.848469,0.220953,0.867916,-0.496411,0.01718,-0.0074,0.000412,0.000349,-0.001028,0.01559,-0.030947,-0.037086
115,0.137949,-0.01831,0.314194,-0.122872,-0.174676,-0.976952,-0.599501,-0.771417,0.213272,-0.790746,0.612104,-0.008716,-0.014729,0.001249,0.001136,0.003171,-0.088355,0.140501,0.242796,-0.174675,-0.027055,0.319385,0.306974,0.503843,0.807404,-0.58473,-0.56939,0.577771,0.750431,-0.650081,0.118788,3.4e-05,0.001412,0.001495,1.3e-05,-2.2e-05,-1.4e-05,-1.405214,0.040668,0.030577,-0.021324,-0.438582,-0.360795,0.823087,0.504501,0.659098,0.557734,-0.743722,0.659861,-0.107047,1.6e-05,0.000782,0.000828,-0.001145,0.001946,0.001097,-0.927288,0.070766,0.028368,-0.067849,0.122338,0.182483,-0.975567,0.481475,0.848627,0.219116,0.867878,-0.496519,0.015958,-0.007366,0.000624,0.000573,-0.000897,0.015874,-0.03151,0.057296
116,0.137799,-0.018293,0.314104,-0.123221,-0.174855,-0.976876,-0.599321,-0.771459,0.213629,-0.790829,0.612,-0.008517,-0.000585,-0.003584,-0.003843,-0.000601,0.014939,-0.024638,0.274764,-0.174684,-0.027042,0.31943,0.307,0.504006,0.807292,-0.584647,-0.569329,0.577916,0.750485,-0.650008,0.118845,2.6e-05,0.001085,0.001148,0.0,-0.0,-0.0,-1.405125,0.040663,0.030584,-0.021301,-0.438611,-0.36097,0.822994,0.504385,0.659064,0.55788,-0.743784,0.659798,-0.107005,1.2e-05,0.000591,0.000625,-0.000157,0.000286,9.3e-05,-0.927778,0.070686,0.028381,-0.067881,0.122562,0.182656,-0.975507,0.481315,0.848651,0.219375,0.867936,-0.496413,0.016097,-0.007658,-0.001166,-0.001347,-0.001664,0.029841,-0.05446,0.105793
117,0.137561,-0.018413,0.313897,-0.115387,-0.171821,-0.97837,-0.600929,-0.772169,0.206426,-0.7908,0.61196,-0.012935,-0.000849,-0.005176,-0.005562,-0.025707,-0.212091,0.359058,0.309025,-0.174648,-0.026934,0.319556,0.307087,0.504509,0.806945,-0.584491,-0.56905,0.578348,0.750571,-0.649863,0.119097,9.3e-05,0.003854,0.004075,0.001788,-0.014244,0.024987,-1.405325,0.040682,0.030631,-0.021245,-0.438658,-0.361504,0.822735,0.504164,0.65887,0.558308,-0.743906,0.6597,-0.106761,3.7e-05,0.001628,0.00172,1.4e-05,1.1e-05,2.2e-05,-0.927452,0.070566,0.028322,-0.067991,0.115536,0.178708,-0.977094,0.48292,0.849495,0.212473,0.868008,-0.496407,0.011845,-0.007774,-0.001875,-0.002113,-0.107139,-0.441979,0.757526,0.18303
118,0.137451,-0.018592,0.313673,-0.115498,-0.171883,-0.978346,-0.600877,-0.772178,0.206544,-0.790823,0.611932,-0.012877,-0.000557,0.005922,-0.013814,0.034738,-2.9e-05,-0.007351,0.335926,-0.17461,-0.026907,0.319656,0.304107,0.506386,0.806897,-0.580993,-0.572545,0.578422,0.754491,-0.645315,0.119056,3.4e-05,0.001436,0.001517,-0.0,-0.0,-0.0,-1.405014,0.040701,0.03065,-0.021189,-0.435745,-0.363382,0.823455,0.500769,0.66233,0.557269,-0.747901,0.655188,-0.106637,1.4e-05,0.000696,0.000737,0.000252,0.000193,0.001196,-0.927452,0.070511,0.028228,-0.068108,0.115369,0.178636,-0.977128,0.482915,0.849534,0.212327,0.868033,-0.496366,0.011744,-0.000276,0.002957,-0.006908,0.034726,7.8e-05,-0.007521,0.223362
119,0.13726,-0.018618,0.313401,-0.116278,-0.172254,-0.978189,-0.600471,-0.772285,0.20732,-0.791015,0.611693,-0.012415,-0.015493,-0.003232,-0.003709,-0.000984,0.014715,-0.029553,0.367698,-0.174617,-0.02692,0.319734,0.304127,0.506516,0.806808,-0.58084,-0.572571,0.578551,0.754602,-0.64519,0.119034,1.3e-05,0.000545,0.000575,0.0,-0.0,-0.0,-1.405386,0.040697,0.030644,-0.02115,-0.435762,-0.36353,0.823381,0.500598,0.662369,0.557376,-0.748005,0.655067,-0.106654,6e-06,0.000346,0.000367,8.7e-05,9.1e-05,-2.6e-05,-0.926962,0.070421,0.028215,-0.068244,0.116068,0.1791,-0.97696,0.482482,0.849594,0.213072,0.868181,-0.496096,0.012198,-0.00028,0.002925,-0.006946,0.034705,-4.3e-05,-0.007338,0.265165
120,0.137113,-0.018616,0.313234,-0.114003,-0.171409,-0.978605,-0.600772,-0.772601,0.205259,-0.791121,0.611529,-0.013679,-0.015542,-0.003498,-0.004004,-0.0016,0.029585,-0.054023,0.386162,-0.174613,-0.026949,0.319778,0.304122,0.506487,0.806829,-0.580748,-0.572673,0.578542,0.754674,-0.645122,0.118943,0.000823,-0.010719,0.008662,-0.036446,0.010353,-0.018325,-1.40538,0.040699,0.030634,-0.021131,-0.435762,-0.363511,0.82339,0.500527,0.662445,0.55735,-0.748053,0.655001,-0.106721,-0.0,5.1e-05,5.5e-05,8.9e-05,5.4e-05,1e-05,-0.927288,0.070348,0.028218,-0.068325,0.113868,0.177902,-0.977437,0.482801,0.849944,0.210942,0.868295,-0.495928,0.01089,-0.007623,0.003751,-0.006169,0.034187,0.017175,-0.041147,0.290475
121,0.136755,-0.018572,0.313034,-0.114819,-0.171828,-0.978436,-0.600364,-0.772696,0.206095,-0.791311,0.611293,-0.01322,-0.000439,-0.00263,-0.002844,-0.000592,0.014971,-0.024619,0.411151,-0.174645,-0.026967,0.319792,0.304125,0.506523,0.806805,-0.580699,-0.572687,0.578577,0.75471,-0.645081,0.118933,0.0,0.0,0.0,0.0,-0.0,-0.0,-1.405471,0.040683,0.03062,-0.021121,-0.435761,-0.363535,0.823379,0.500461,0.662486,0.55736,-0.748097,0.654946,-0.106751,-1e-06,-2.3e-05,-2.4e-05,7e-05,5.1e-05,4e-05,-0.925982,0.070168,0.028232,-0.068427,0.114685,0.178469,-0.977238,0.482374,0.849965,0.211835,0.868425,-0.495689,0.011389,-0.007529,-0.000294,-0.000429,-0.000996,0.014756,-0.029628,0.337013
122,0.136567,-0.018716,0.313089,-0.115408,-0.172039,-0.97833,-0.600605,-0.772369,0.206616,-0.791042,0.611646,-0.012971,-0.000521,-0.012383,0.006848,-0.035324,0.015045,-0.017247,0.38611,-0.174728,-0.026975,0.319701,0.301561,0.506843,0.807566,-0.582339,-0.572625,0.576988,0.75448,-0.644885,0.121436,-6.5e-05,-0.002678,-0.00283,0.00011,-0.000184,-0.000113,-1.405241,0.040642,0.03062,-0.021163,-0.433303,-0.36373,0.824589,0.502355,0.66215,0.556053,-0.748255,0.655177,-0.10419,-4e-05,-0.001674,-0.001769,-0.004639,0.019123,-0.021982,-0.926635,0.070069,0.028168,-0.068405,0.115243,0.178773,-0.977117,0.482598,0.849702,0.212379,0.868226,-0.49603,0.011647,-0.000262,-0.006201,0.003416,-0.035934,0.030008,-0.04188,0.340768
123,0.136607,-0.0191,0.313311,-0.113128,-0.170991,-0.978779,-0.602014,-0.77187,0.204371,-0.790303,0.612569,-0.0144,-0.000336,-0.011279,0.008044,-0.035328,0.015019,-0.017262,0.342304,-0.174761,-0.027037,0.319684,0.301564,0.506882,0.80754,-0.582269,-0.572655,0.577029,0.754532,-0.644829,0.121413,-0.0,-1.7e-05,-1.8e-05,0.0,-0.0,-0.0,-1.405282,0.040625,0.030582,-0.021179,-0.433353,-0.36376,0.82455,0.502249,0.662193,0.556098,-0.748298,0.655117,-0.104265,2e-06,4.9e-05,5.3e-05,-2.3e-05,0.000105,3.6e-05,-0.927452,0.070089,0.027975,-0.068295,0.113126,0.177406,-0.977613,0.484122,0.849387,0.210158,0.867656,-0.497059,0.010202,-1e-05,-3.2e-05,-3.3e-05,0.000196,0.001046,-0.001796,0.292924
124,0.136615,-0.019246,0.313428,-0.113525,-0.171081,-0.978718,-0.602356,-0.771521,0.204678,-0.789984,0.612983,-0.014245,6.3e-05,0.000378,0.000409,-0.0,-0.0,0.0,0.335358,-0.17476,-0.027025,0.319696,0.302139,0.509363,0.805763,-0.581835,-0.570896,0.579206,0.754637,-0.644435,0.12284,1.4e-05,0.000561,0.000593,0.003962,-0.009738,0.019753,-1.405224,0.040625,0.030588,-0.021172,-0.433724,-0.366549,0.823118,0.50144,0.660794,0.558487,-0.748625,0.654974,-0.1028,1e-05,0.000402,0.000425,0.013083,-0.032434,0.065856,-0.927778,0.070093,0.027898,-0.068234,0.113535,0.177563,-0.977537,0.484519,0.849075,0.210503,0.86738,-0.497536,0.010367,-0.000109,-0.005263,0.004431,-0.035316,0.015136,-0.017543,0.269247
125,0.136607,-0.019317,0.313547,-0.114719,-0.168383,-0.979046,-0.602455,-0.771814,0.203279,-0.789735,0.613358,-0.011682,3.7e-05,0.000221,0.000239,0.000896,0.005305,0.003187,0.340057,-0.174704,-0.027025,0.319706,0.30214,0.509345,0.805773,-0.581818,-0.570922,0.579198,0.754649,-0.644427,0.122813,4e-06,0.000146,0.000155,0.012339,-0.098227,0.172482,-1.405519,0.040654,0.03059,-0.021166,-0.433716,-0.366488,0.823149,0.501431,0.660848,0.558431,-0.748635,0.654954,-0.102852,2e-06,7.9e-05,8.4e-05,0.012323,-0.098159,0.172311,-0.927942,0.070089,0.027865,-0.068171,0.115212,0.174859,-0.977829,0.484592,0.849407,0.208991,0.867119,-0.497926,0.013127,1.4e-05,9.8e-05,0.000105,-0.003611,-0.015182,-0.009254,0.259123
126,0.136599,-0.0194,0.313533,-0.114942,-0.16845,-0.979009,-0.60254,-0.771698,0.203468,-0.789638,0.613485,-0.011577,-0.000158,-0.000942,-0.00102,0.0,1e-06,1e-06,0.339022,-0.174671,-0.02703,0.319698,0.30215,0.509387,0.805743,-0.581807,-0.570895,0.579235,0.754654,-0.644416,0.122834,-5e-06,-0.000216,-0.000228,0.0,-0.0,-0.0,-1.405019,0.04067,0.030588,-0.021169,-0.433723,-0.366533,0.823126,0.501414,0.660828,0.558469,-0.748643,0.654949,-0.102832,-3e-06,-0.000138,-0.000145,1.7e-05,1.3e-05,-2.1e-05,-0.927452,0.070085,0.027823,-0.068178,0.115315,0.175149,-0.977765,0.48471,0.849265,0.209296,0.867039,-0.498067,0.013036,-8.4e-05,-0.000502,-0.000543,-6.1e-05,-0.000444,-0.000282,0.259286
127,0.13661,-0.019357,0.313489,-0.115115,-0.168531,-0.978974,-0.602399,-0.771762,0.20364,-0.78972,0.613382,-0.011461,-6e-06,-3.6e-05,-3.9e-05,0.0,0.0,0.0,0.332296,-0.174672,-0.02702,0.319679,0.302151,0.509395,0.805737,-0.581844,-0.570857,0.579236,0.754624,-0.644444,0.122869,-1e-06,-3.1e-05,-3.3e-05,0.0,-0.0,-0.0,-1.405144,0.04067,0.030592,-0.021179,-0.433724,-0.366542,0.823121,0.501451,0.66079,0.558482,-0.748617,0.654983,-0.102798,-0.000408,0.005443,-0.004243,0.036448,-0.010333,0.018288,-0.926799,0.07009,0.027843,-0.068202,0.115472,0.175257,-0.977727,0.484557,0.84931,0.209466,0.867104,-0.497952,0.013149,0.007544,0.00494,-0.00466,0.036332,-0.029791,0.046773,0.256674
128,0.136765,-0.019269,0.313359,-0.114636,-0.168369,-0.979058,-0.602128,-0.772084,0.203223,-0.789997,0.613022,-0.011651,6e-06,0.009317,-0.010169,0.034733,-7.5e-05,-0.007374,0.292503,-0.174765,-0.026965,0.319639,0.304616,0.508542,0.805348,-0.580607,-0.571014,0.580321,0.754583,-0.644979,0.120289,-0.0,-0.0,-0.0,-0.000556,0.000937,0.000574,-1.40529,0.040623,0.03062,-0.021199,-0.436182,-0.365743,0.822178,0.499999,0.661142,0.559366,-0.748161,0.655074,-0.105507,-0.007415,-0.000238,0.000398,0.00359,0.005881,-0.034971,-0.926472,0.070168,0.027888,-0.068259,0.115019,0.175026,-0.977821,0.484277,0.849576,0.209035,0.86732,-0.49758,0.012956,-6.1e-05,-0.000381,-0.000415,2.2e-05,-3e-06,1.3e-05,0.224995
129,0.137029,-0.019395,0.313272,-0.114532,-0.168267,-0.979088,-0.6022,-0.772066,0.203078,-0.789957,0.613072,-0.011684,-0.000304,-0.001833,-0.001986,0.0,0.0,0.0,0.236066,-0.1749,-0.026941,0.319646,0.304596,0.508486,0.805391,-0.580664,-0.571017,0.58026,0.754547,-0.64502,0.120296,-0.014832,-0.000467,0.000802,-0.002045,0.015205,-0.029245,-1.405306,0.040561,0.030632,-0.021195,-0.436068,-0.365726,0.822245,0.500125,0.661111,0.55929,-0.748143,0.655115,-0.105381,0.0,-2e-06,-0.0,0.000139,-0.000199,-7.1e-05,-0.926635,0.0703,0.027827,-0.068308,0.114933,0.174915,-0.977851,0.484331,0.849579,0.208896,0.867302,-0.497613,0.012928,0.007216,-0.001671,-0.001696,0.0004,0.000213,0.004894,0.155923
130,0.137216,-0.019416,0.313252,-0.114452,-0.168201,-0.979109,-0.602207,-0.772087,0.202977,-0.789963,0.613064,-0.011705,0.014769,-0.00131,-0.001192,0.000984,-0.014715,0.029553,0.211588,-0.17499,-0.026942,0.319639,0.304562,0.508322,0.805507,-0.58073,-0.5711,0.580113,0.75451,-0.645075,0.120228,-8e-06,-0.000329,-0.000348,-0.0,0.0,0.0,-1.405118,0.040511,0.030632,-0.021198,-0.436045,-0.365524,0.822348,0.500224,0.661177,0.559125,-0.748091,0.655162,-0.105459,-0.007422,-0.000461,0.000161,-0.002022,0.015189,-0.029263,-0.926145,0.070387,0.027813,-0.068321,0.114884,0.174851,-0.977868,0.484335,0.849596,0.208817,0.867305,-0.497606,0.012918,0.007397,-0.000592,-0.000533,0.001,-0.014703,0.029533,0.116734
131,0.137588,-0.019337,0.313175,-0.116315,-0.168915,-0.978766,-0.60149,-0.772193,0.204691,-0.790235,0.612734,-0.010563,0.014783,-0.001208,-0.001088,0.000984,-0.014715,0.029553,0.184216,-0.175205,-0.026936,0.319574,0.30399,0.509182,0.80518,-0.576105,-0.574756,0.581113,0.758276,-0.641135,0.117588,-0.014858,-0.001448,-0.00024,-0.629645,0.109153,0.147118,-1.404922,0.040408,0.030636,-0.021231,-0.43368,-0.366751,0.823051,0.497242,0.66434,0.558034,-0.751446,0.651264,-0.105747,-0.000423,0.004845,-0.0049,-1.581344,-0.53862,0.061312,-0.926472,0.070573,0.027855,-0.068357,0.116631,0.175826,-0.977487,0.483564,0.849615,0.210523,0.867503,-0.497231,0.014069,0.007394,-0.000596,-0.00054,0.000847,-0.015368,0.030693,0.062848
132,0.137924,-0.019377,0.313061,-0.115728,-0.168645,-0.978882,-0.601438,-0.772385,0.204119,-0.790362,0.612567,-0.010823,0.01467,-0.001905,-0.001849,0.000984,-0.014715,0.029553,0.151721,-0.175355,-0.026928,0.319505,0.303915,0.508773,0.805467,-0.576336,-0.574901,0.58074,0.75813,-0.641329,0.117469,-0.014849,-0.001048,0.00018,-0.002102,0.015302,-0.029186,-1.405009,0.040334,0.030638,-0.021267,-0.435446,-0.365996,0.822455,0.49584,0.665028,0.558462,-0.751351,0.650986,-0.108109,-7e-06,-0.000338,-0.000353,0.00231,-0.003567,-0.002189,-0.926635,0.070742,0.027835,-0.068414,0.11608,0.17547,-0.977616,0.483503,0.849794,0.209938,0.867611,-0.49705,0.013804,0.007313,-0.001099,-0.001089,0.000975,-0.014726,0.029598,0.014024
133,0.138084,-0.019351,0.313075,-0.11544,-0.168511,-0.978939,-0.601443,-0.772456,0.203838,-0.7904,0.612514,-0.010957,0.014928,-0.000314,-0.000128,0.000984,-0.014715,0.029553,0.144937,-0.175399,-0.026949,0.319501,0.306397,0.507995,0.805018,-0.574917,-0.575149,0.5819,0.758205,-0.641724,0.114798,-4e-06,-0.000147,-0.000156,-0.000151,0.000255,0.000157,-1.405051,0.040306,0.030627,-0.021269,-0.437828,-0.36528,0.821508,0.494267,0.665475,0.559323,-0.751003,0.650932,-0.110818,-2e-06,-5.3e-05,-5.4e-05,0.003231,-0.005223,-0.003279,-0.923696,0.070821,0.027846,-0.068409,0.115815,0.175297,-0.977679,0.483505,0.849862,0.209655,0.867645,-0.496995,0.01367,9.6e-05,0.00059,0.000635,1e-06,1.1e-05,-9e-06,-0.011286
134,0.138117,-0.01936,0.313066,-0.115394,-0.168487,-0.978949,-0.601447,-0.772465,0.203791,-0.790404,0.612509,-0.010978,-0.000116,-0.000716,-0.000775,0.0,0.0,0.0,0.135528,-0.175388,-0.026975,0.319488,0.306391,0.507948,0.805049,-0.574909,-0.575192,0.581865,0.758214,-0.641721,0.114757,-2.8e-05,-0.001055,-0.001116,-2e-06,3e-06,2e-06,-1.405006,0.040312,0.030616,-0.021273,-0.43778,-0.365239,0.821552,0.494299,0.665503,0.559261,-0.75101,0.650926,-0.110806,-1.8e-05,-0.000678,-0.000717,0.000488,-0.000697,-0.000558,-0.923532,0.070844,0.027845,-0.06841,0.115753,0.175254,-0.977694,0.483511,0.849876,0.209587,0.86765,-0.496987,0.013639,-6.8e-05,-0.000421,-0.000461,-7e-06,-2.7e-05,-1.3e-05,-0.020267
135,0.138114,-0.019444,0.312975,-0.115652,-0.16858,-0.978902,-0.601424,-0.772421,0.204022,-0.790383,0.612538,-0.010837,-0.000407,-0.002502,-0.002714,0.0,0.0,0.0,0.121948,-0.17531,-0.026979,0.319477,0.300894,0.510512,0.805501,-0.572895,-0.578366,0.580705,0.761936,-0.636814,0.117408,0.014836,0.000466,-0.000797,0.005946,-0.021793,0.025205,-1.404643,0.040345,0.030612,-0.02128,-0.432243,-0.367714,0.823378,0.492719,0.668422,0.557171,-0.755244,0.646527,-0.107741,0.0,1.9e-05,2.2e-05,-0.008061,0.014152,0.0098,-0.923533,0.070843,0.027805,-0.068454,0.115994,0.175382,-0.977642,0.483488,0.849831,0.209818,0.86763,-0.497017,0.01378,-0.000245,-0.00152,-0.00165,-0.000605,0.014944,-0.024643,-0.042311
136,0.138043,-0.019507,0.312846,-0.115897,-0.168694,-0.978854,-0.601319,-0.77244,0.204263,-0.790428,0.612484,-0.010696,-0.000562,-0.003452,-0.003748,-0.000603,0.014937,-0.024639,0.119219,-0.175288,-0.026978,0.319476,0.300902,0.510552,0.805473,-0.572884,-0.578342,0.580739,0.761941,-0.636804,0.117429,4e-06,0.000168,0.000178,1e-06,-1e-06,-1e-06,-1.404737,0.040362,0.030613,-0.021281,-0.432471,-0.367737,0.823248,0.492549,0.668419,0.557324,-0.755224,0.646517,-0.107944,3e-06,0.000119,0.000125,-0.00017,0.000589,0.00034,-0.922716,0.070807,0.027774,-0.068518,0.116201,0.17552,-0.977593,0.483377,0.849841,0.210039,0.867665,-0.496953,0.01391,-0.000225,-0.001398,-0.001519,-5e-06,2e-06,1.4e-05,-0.050639
137,0.138042,-0.019566,0.312736,-0.11327,-0.167665,-0.979338,-0.601809,-0.772696,0.201838,-0.790438,0.612442,-0.012159,0.013995,-0.006109,-0.006423,-0.002181,-0.010931,0.024153,0.108656,-0.175265,-0.026965,0.319487,0.300915,0.510627,0.80542,-0.572864,-0.578297,0.580804,0.761951,-0.636785,0.117468,5e-06,0.000195,0.000206,0.0,-0.0,-0.0,-1.405003,0.040373,0.03062,-0.021275,-0.432483,-0.367818,0.823205,0.492517,0.668385,0.557393,-0.755237,0.646506,-0.107909,3e-06,0.000141,0.000149,7.3e-05,0.000129,4.2e-05,-0.922879,0.070801,0.027747,-0.06857,0.113726,0.174118,-0.978135,0.483896,0.850145,0.207596,0.867703,-0.496925,0.012428,-0.000378,-0.002336,-0.002538,-0.008537,-0.037096,0.063961,-0.057824
138,0.1381,-0.019707,0.312461,-0.113363,-0.167706,-0.97932,-0.601634,-0.772808,0.20193,-0.790558,0.612289,-0.012069,-0.000746,-0.004581,-0.004989,-0.0,-0.0,0.0,0.083815,-0.175321,-0.026953,0.31949,0.3009,0.510558,0.80547,-0.572903,-0.578323,0.58074,0.761928,-0.636816,0.117449,0.0,1e-06,1e-06,0.0,-0.0,-0.0,-1.404889,0.040345,0.030626,-0.021273,-0.432475,-0.36774,0.823244,0.492568,0.668399,0.557332,-0.755209,0.646537,-0.10793,0.0,-1e-05,-1e-05,9.5e-05,5.5e-05,7.4e-05,-0.923206,0.070835,0.027671,-0.068713,0.113858,0.174195,-0.978105,0.483695,0.850228,0.207726,0.867798,-0.496757,0.012548,-0.00044,-0.002722,-0.002965,-0.000581,0.015039,-0.024795,-0.087869
139,0.138207,-0.019677,0.312206,-0.113203,-0.167679,-0.979344,-0.60125,-0.773136,0.201818,-0.790874,0.611882,-0.012075,-0.000439,-0.002698,-0.002943,-0.000602,0.014957,-0.024627,0.095593,-0.175571,-0.026928,0.319434,0.297791,0.511911,0.805766,-0.569722,-0.581846,0.58035,0.765528,-0.632504,0.117344,-0.000848,0.009341,-0.010121,0.034658,0.003819,-0.006699,-1.40509,0.040221,0.030638,-0.021295,-0.429479,-0.369033,0.824233,0.489542,0.671824,0.555878,-0.758877,0.642235,-0.107878,-6e-06,-0.000223,-0.000232,0.000194,0.000162,0.000269,-0.9219,0.070888,0.027684,-0.068843,0.113687,0.174137,-0.978136,0.483274,0.850502,0.207585,0.868055,-0.496308,0.012535,1.7e-05,0.004764,-0.004974,0.035349,-0.01492,0.017342,-0.095871
140,0.138216,-0.019597,0.312081,-0.113205,-0.167719,-0.979337,-0.600957,-0.773355,0.201856,-0.791096,0.611595,-0.012024,1.5e-05,0.00946,-0.010025,0.035346,-0.014924,0.017306,0.097356,-0.175686,-0.026888,0.319396,0.297762,0.511771,0.805865,-0.569881,-0.581832,0.580207,0.76542,-0.632629,0.117367,-3e-06,-9.6e-05,-0.000101,0.0,-0.0,-0.0,-1.405135,0.040163,0.030658,-0.021322,-0.429464,-0.368873,0.824313,0.489744,0.671769,0.555766,-0.758755,0.642385,-0.107848,-0.00782,0.005178,-0.003877,0.034558,0.004865,-0.010916,-0.922226,0.070892,0.027719,-0.068904,0.113718,0.174194,-0.978122,0.482972,0.850659,0.207645,0.868219,-0.496019,0.012605,-0.000149,-0.000947,-0.001032,7e-06,1.8e-05,3e-06,-0.091462
141,0.13821,-0.019588,0.311999,-0.113245,-0.167752,-0.979326,-0.600827,-0.773441,0.201908,-0.791189,0.611477,-0.011981,-3.1e-05,-0.000189,-0.000206,0.0,0.0,0.0,0.075324,-0.175734,-0.026834,0.319366,0.297778,0.511909,0.805772,-0.569968,-0.581652,0.580302,0.76535,-0.632683,0.117534,0.0,1.5e-05,1.6e-05,0.0,-0.0,-0.0,-1.404993,0.040139,0.030685,-0.021335,-0.429471,-0.369022,0.824243,0.489814,0.671606,0.555902,-0.758707,0.64247,-0.107684,2e-06,1.1e-05,1.3e-05,0.000136,5.7e-05,7.3e-05,-0.923859,0.07089,0.027726,-0.068949,0.113737,0.174226,-0.978114,0.482809,0.850743,0.20768,0.868307,-0.495864,0.012643,3e-06,-4e-06,-2e-06,8e-06,2.8e-05,-2.3e-05,-0.09832
142,0.138292,-0.019581,0.312037,-0.113162,-0.1677,-0.979345,-0.600877,-0.773427,0.201815,-0.791163,0.611509,-0.012024,0.000254,0.001567,0.00171,0.000601,-0.014969,0.02462,0.039643,-0.17562,-0.026857,0.319392,0.297811,0.512075,0.805655,-0.569842,-0.581617,0.580461,0.765431,-0.632581,0.117556,3.4e-05,0.001255,0.001328,0.001786,-0.014258,0.024978,-1.405,0.040196,0.030671,-0.021326,-0.42949,-0.369184,0.82416,0.489674,0.671604,0.556027,-0.758785,0.642379,-0.107668,0.007418,0.000264,-0.000365,0.002132,-0.01515,0.029263,-0.924023,0.070931,0.027728,-0.068931,0.113681,0.174172,-0.97813,0.48286,0.850731,0.207606,0.868286,-0.495902,0.012611,0.007446,-0.000333,-0.000257,0.000985,-0.014724,0.02955,-0.140122
143,0.138439,-0.019611,0.312083,-0.115714,-0.168664,-0.978881,-0.600435,-0.773159,0.204141,-0.791126,0.611583,-0.010587,4.1e-05,0.000255,0.000278,0.008545,0.037256,-0.064084,-0.02307,-0.175509,-0.026866,0.319373,0.297826,0.512117,0.805622,-0.569829,-0.581588,0.580503,0.765434,-0.632574,0.117573,-3.1e-05,-0.001153,-0.00122,0.0,-0.0,-0.0,-1.404188,0.040251,0.030672,-0.021329,-0.429503,-0.36925,0.824123,0.489649,0.671573,0.556086,-0.758794,0.642373,-0.107641,-2.1e-05,-0.000778,-0.000825,6.3e-05,3.9e-05,8e-06,-0.924023,0.071005,0.027718,-0.068903,0.116046,0.175476,-0.977619,0.482403,0.850426,0.209908,0.868227,-0.495966,0.014038,0.007425,-0.000453,-0.000391,0.031403,0.119473,-0.201197,-0.19956
144,0.138575,-0.01964,0.31213,-0.115315,-0.168475,-0.97896,-0.600575,-0.773154,0.203746,-0.791078,0.611641,-0.010806,0.000227,0.001408,0.001536,0.0,0.0,-0.0,-0.082077,-0.175509,-0.026884,0.319354,0.300331,0.511443,0.80512,-0.568408,-0.581756,0.581727,0.765509,-0.632965,0.114956,-1.7e-05,-0.000637,-0.000674,-0.019806,0.03346,0.020539,-1.400903,0.040251,0.030661,-0.021341,-0.432161,-0.368613,0.823019,0.487878,0.671983,0.557148,-0.758426,0.64231,-0.110567,-9e-06,-0.000398,-0.000422,-0.008457,0.014519,0.008846,-0.924023,0.071073,0.027701,-0.068883,0.115687,0.175237,-0.977705,0.48255,0.850437,0.209525,0.868194,-0.496031,0.013823,0.007548,0.000319,0.000449,0.000846,-0.015362,0.030654,-0.23875
145,0.138947,-0.019479,0.312279,-0.12574,-0.16942,-0.977513,-0.598238,-0.773053,0.210882,-0.791249,0.61151,-0.002932,0.015978,0.015593,-0.003144,0.061523,0.091582,0.067063,-0.113102,-0.175591,-0.026837,0.31932,0.300316,0.511381,0.805166,-0.568547,-0.581695,0.581652,0.765412,-0.63307,0.115018,-0.014833,-0.000415,0.000846,-0.002049,0.015212,-0.029241,-1.401255,0.04021,0.030683,-0.021359,-0.431887,-0.3686,0.823168,0.488206,0.671871,0.556996,-0.758371,0.642435,-0.11022,-0.007415,-0.000195,0.000437,-0.001397,0.014203,-0.029865,-0.924676,0.071252,0.02777,-0.068813,0.125764,0.177616,-0.97603,0.480091,0.850068,0.216555,0.868155,-0.495819,0.021636,0.007808,0.001966,0.002236,0.126538,0.591387,-0.663258,-0.294758
146,0.139253,-0.01918,0.312455,-0.132833,-0.175135,-0.975566,-0.57204,-0.790237,0.219699,-0.809248,0.58746,0.006001,0.015907,0.005871,0.006569,0.052383,0.26972,0.148388,-0.131052,-0.175686,-0.026764,0.319255,0.30079,0.513538,0.803614,-0.568428,-0.579947,0.583511,0.765313,-0.632931,0.116435,-0.0,-3e-06,-3e-06,-0.0,0.0,0.0,-1.393327,0.040163,0.03072,-0.021391,-0.432165,-0.370994,0.821946,0.487769,0.670457,0.559078,-0.758494,0.642534,-0.108789,-0.007414,-0.000222,0.000407,-0.002133,0.015359,-0.029634,-0.923859,0.071405,0.027927,-0.068725,0.131553,0.185289,-0.973838,0.451476,0.86338,0.225261,0.882531,-0.469299,0.029927,0.000565,0.00355,0.00385,0.107864,0.545571,0.062722,-0.309128
147,0.139379,-0.019038,0.31264,-0.140164,-0.175115,-0.974543,-0.57035,-0.790257,0.223978,-0.809195,0.587438,0.012103,0.001325,0.008348,0.009047,0.043554,0.253805,0.179132,-0.161088,-0.175711,-0.026745,0.319218,0.300802,0.513636,0.803546,-0.568483,-0.579822,0.58358,0.765267,-0.632965,0.11655,-2.2e-05,-0.000818,-0.000866,-0.0,0.0,0.0,-1.375983,0.04015,0.030731,-0.021408,-0.432169,-0.371099,0.821896,0.487811,0.670347,0.559173,-0.758465,0.642588,-0.108677,-1.1e-05,-0.000454,-0.00048,3e-06,4.4e-05,-9.9e-05,-0.91994,0.071474,0.027997,-0.068633,0.138922,0.186154,-0.972649,0.449669,0.863224,0.229437,0.882325,-0.469244,0.036213,0.00808,0.00377,0.004178,0.081579,0.288446,0.470485,-0.324967
148,0.139715,-0.018813,0.313008,-0.141021,-0.175491,-0.974351,-0.569807,-0.790421,0.224779,-0.809427,0.587106,0.012684,0.015692,0.004709,0.005267,0.000995,-0.014648,0.029594,-0.181907,-0.175724,-0.0267,0.319206,0.297764,0.515475,0.803501,-0.565105,-0.583073,0.583624,0.768952,-0.628466,0.116648,2.3e-05,0.00086,0.00091,-0.000291,-0.000212,-4.2e-05,-1.327156,0.040144,0.030751,-0.021417,-0.429187,-0.372911,0.822639,0.484544,0.673574,0.558135,-0.762243,0.638149,-0.108397,1.6e-05,0.000574,0.000612,-0.000633,-0.000333,0.002456,-0.905081,0.071643,0.028121,-0.068437,0.140076,0.185774,-0.972556,0.449139,0.86345,0.229622,0.882412,-0.468978,0.03751,0.007833,0.002302,0.00257,-0.000377,-0.018734,0.028804,-0.346195
149,0.140026,-0.018903,0.313067,-0.138898,-0.174532,-0.974829,-0.570264,-0.790664,0.222759,-0.809475,0.587064,0.011508,-0.000499,-0.003188,-0.003443,-0.000611,0.014958,-0.024627,-0.243424,-0.175683,-0.0265,0.319249,0.29833,0.518339,0.801445,-0.56483,-0.580873,0.586078,0.768933,-0.628151,0.118452,0.000137,0.005039,0.005327,0.002158,-0.015153,0.026742,-1.11851,0.040164,0.030844,-0.021403,-0.429532,-0.376128,0.820992,0.483839,0.671777,0.560905,-0.762496,0.638155,-0.106564,0.007075,0.008078,-0.0021,0.039315,-0.04044,0.072507,-0.828171,0.0718,0.028086,-0.068396,0.138072,0.184538,-0.973078,0.449628,0.863731,0.2276,0.882479,-0.468949,0.036284,0.00714,-0.002122,-0.002212,0.000734,-0.014707,0.029509,-0.381466
150,0.140171,-0.01908,0.312938,-0.141054,-0.172215,-0.974931,-0.570145,-0.790923,0.222145,-0.809184,0.587397,0.01459,-0.000493,-0.003156,-0.003413,0.020167,0.151948,0.058019,-0.314059,-0.175604,-0.026237,0.31943,0.296701,0.527152,0.796286,-0.560423,-0.578917,0.592212,0.772779,-0.622604,0.12264,0.000123,0.00459,0.004841,0.002158,-0.015157,0.02674,-0.914381,0.040204,0.03098,-0.021307,-0.427354,-0.385712,0.817676,0.478497,0.67087,0.566545,-0.767078,0.633371,-0.102137,6.2e-05,0.002323,0.002452,0.003005,-0.020451,0.03789,-0.722522,0.071871,0.027988,-0.068471,0.140441,0.182678,-0.97309,0.44946,0.86396,0.227059,0.88219,-0.469254,0.039229,-0.000193,-0.001246,-0.001348,0.030405,0.188074,0.11367,-0.432576
151,0.140243,-0.019058,0.312825,-0.141183,-0.172278,-0.974901,-0.569937,-0.791037,0.222269,-0.809308,0.587224,0.014708,0.014379,-0.003701,-0.003831,0.001288,-0.012712,0.030762,-0.38185,-0.175635,-0.026183,0.31949,0.293927,0.530342,0.795196,-0.556864,-0.581039,0.59349,0.776405,-0.6179,0.123524,7.8e-05,0.002909,0.003066,0.001786,-0.014285,0.024963,-0.801004,0.040188,0.031012,-0.021273,-0.424516,-0.389003,0.817595,0.474835,0.673209,0.566852,-0.770919,0.628861,-0.101076,2.4e-05,0.000897,0.000951,-0.001293,0.002101,-0.003444,-0.677944,0.071907,0.027995,-0.068531,0.140748,0.182499,-0.973078,0.449261,0.86407,0.227037,0.882243,-0.469122,0.039626,0.007181,-0.001921,-0.001996,-0.002367,-0.026672,0.022188,-0.465887
152,0.140406,-0.019158,0.312703,-0.141,-0.17217,-0.974947,-0.569937,-0.791092,0.222074,-0.809339,0.587182,0.014633,0.014554,-0.002604,-0.002649,0.000984,-0.014714,0.029554,-0.654367,-0.175634,-0.026129,0.319547,0.288427,0.537838,0.792169,-0.549439,-0.584478,0.597022,0.783727,-0.608097,0.125912,2.6e-05,0.000953,0.001004,-0.0,-0.0,-0.0,-0.494761,0.040189,0.031041,-0.021242,-0.418797,-0.396904,0.816746,0.467031,0.677207,0.56857,-0.778774,0.619562,-0.098246,0.00742,0.000729,0.000134,0.002007,-0.013943,0.029161,-0.580623,0.071982,0.027943,-0.068595,0.140525,0.182509,-0.973109,0.449276,0.864087,0.226941,0.882271,-0.469086,0.039429,-0.000129,-0.000845,-0.000919,-0.000101,-0.000288,-0.000165,-0.611216
153,0.140656,-0.018964,0.312703,-0.144626,-0.172426,-0.97437,-0.57371,-0.787676,0.22449,-0.806023,0.591685,0.01621,0.001065,0.016377,-0.002527,0.035984,-0.029708,0.041955,-0.791927,-0.175634,-0.02607,0.319369,0.275986,0.546845,0.790432,-0.535492,-0.595322,0.598978,0.797745,-0.589243,0.127515,-9.2e-05,-0.003421,-0.003607,-0.002741,0.013572,-0.025111,-0.136847,0.040189,0.031075,-0.021326,-0.406435,-0.40609,0.818475,0.453195,0.688238,0.566518,-0.793362,0.601182,-0.095686,-0.00044,0.003979,-0.005772,0.033734,-0.010973,0.021302,-0.483138,0.072111,0.028025,-0.068603,0.144126,0.183301,-0.972434,0.453448,0.861216,0.229543,0.879552,-0.474032,0.041006,0.007922,0.007616,-0.001804,0.036652,-0.04719,0.076803,-0.773527
154,0.140792,-0.018589,0.312639,-0.153698,-0.173147,-0.972853,-0.571111,-0.787859,0.230396,-0.80618,0.59123,0.023418,0.001613,0.029453,-0.008631,0.349801,1.496355,-2.455075,-0.828579,-0.175673,-0.026094,0.319256,0.266546,0.553783,0.78884,-0.524751,-0.603014,0.600786,0.808033,-0.574754,0.128853,-0.014943,-0.005276,-0.004286,-0.004784,0.028779,-0.054356,-0.024562,0.040175,0.031064,-0.021382,-0.397028,-0.413244,0.81951,0.442466,0.696109,0.56538,-0.804109,0.587077,-0.093529,-5.5e-05,-0.002249,-0.002355,-0.004984,0.014892,-0.023193,-0.414882,0.072179,0.028209,-0.068632,0.150604,0.183489,-0.971416,0.45132,0.861488,0.232696,0.879561,-0.473464,0.046931,0.000709,0.00934,-2.5e-05,0.036225,-0.008089,0.065812,-0.815492
155,0.141072,-0.017341,0.312411,-0.189852,-0.185481,-0.964157,-0.56947,-0.779134,0.261966,-0.799568,0.599021,0.043496,0.002263,0.033775,-0.004,-0.404238,0.230763,-0.158328,-0.905859,-0.176114,-0.026457,0.318941,0.254076,0.565125,0.784902,-0.510015,-0.611135,0.605254,0.821386,-0.554779,0.131938,-0.015134,-0.011171,-0.010549,-0.00383,0.029503,-0.054201,0.065449,0.039954,0.030888,-0.021534,-0.384403,-0.425117,0.819456,0.427404,0.70484,0.56615,-0.818265,0.567869,-0.089246,-0.007575,-0.006095,-0.005791,-0.005929,0.047001,-0.08082,-0.173212,0.072319,0.028832,-0.068747,0.186834,0.202702,-0.961251,0.449026,0.852668,0.26708,0.873766,-0.481527,0.068289,0.008707,0.022443,-0.006037,-1.486084,0.581934,-0.193678,-0.878196
156,0.141675,-0.015814,0.312061,-0.237874,-0.189054,-0.952743,-0.587863,-0.752805,0.296098,-0.772919,0.630749,0.069123,0.01673,0.031418,-0.006429,-0.333248,0.82414,-1.09301,-1.075671,-0.1768,-0.026902,0.318422,0.245174,0.571079,0.783422,-0.50436,-0.614875,0.606204,0.827569,-0.544447,0.136271,-0.015247,-0.013327,-0.012907,-0.003269,0.039737,-0.081651,0.07951,0.039617,0.030663,-0.02179,-0.375341,-0.431295,0.820428,0.421875,0.708651,0.565539,-0.825311,0.558389,-0.084033,-0.007623,-0.006917,-0.006701,-0.015166,0.060409,-0.072545,-0.101365,0.07261,0.029593,-0.068909,0.23024,0.211472,-0.949878,0.47009,0.830488,0.298837,0.852058,-0.515333,0.0918,0.008473,0.021542,-0.007014,-5.176231,1.704495,0.168875,-0.945471
157,0.142305,-0.014686,0.311765,-0.258812,-0.179957,-0.94904,-0.614472,-0.727392,0.305445,-0.744976,0.662433,0.078863,0.015893,0.016709,-0.002103,0.026744,0.372688,-0.407402,-1.316425,-0.177555,-0.027137,0.3176,0.220332,0.590257,0.776558,-0.485566,-0.623989,0.612207,0.845626,-0.512678,0.148125,-0.01615,-0.004473,-0.023651,0.032645,-0.067091,-0.026654,0.10836,0.039245,0.030542,-0.022197,-0.350125,-0.451178,0.820884,0.40281,0.718663,0.566803,-0.845668,0.529112,-0.069883,-0.008457,0.003319,-0.015906,-0.124088,-0.802555,0.835945,-0.070339,0.072926,0.030172,-0.069056,0.254576,0.206223,-0.944808,0.500388,0.807947,0.311179,0.827528,-0.551989,0.102492,0.008151,0.014425,-0.004613,-0.059787,0.421708,-0.33783,-1.005236
