frame,MLTx,MLTy,MLTz,MLTR1,MLTR2,MLTR3,MLTR4,MLTR5,MLTR6,MLTR7,MLTR8,MLTR9,MLTTVx,MLTTVy,MLTTVz,MLTRVx,MLTRVy,MLTRVz,MLGA,MRTx,MRTy,MRTz,MRTR1,MRTR2,MRTR3,MRTR4,MRTR5,MRTR6,MRTR7,MRTR8,MRTR9,MRTTVx,MRTTVy,MRTTVz,MRTRVx,MRTRVy,MRTRVz,MRGA,SLTx,SLTy,SLTz,SLTR1,SLTR2,SLTR3,SLTR4,SLTR5,SLTR6,SLTR7,SLTR8,SLTR9,SLTTVx,SLTTVy,SLTTVz,SLTRVx,SLTRVy,SLTRVz,SLGA,SRTx,SRTy,SRTz,SRTR1,SRTR2,SRTR3,SRTR4,SRTR5,SRTR6,SRTR7,SRTR8,SRTR9,SRTTVx,SRTTVy,SRTTVz,SRTRVx,SRTRVy,SRTRVz,SRGA
22,0.054817,0.019977,0.384743,0.067821,-0.604257,-0.793927,-0.105213,-0.795655,0.596518,-0.992231,0.043822,-0.116546,0.001924,0.004561,0.003121,0.960547,0.778105,-2.443051,0.492709,-0.102704,0.041783,0.354244,-0.094883,-0.78431,0.613063,0.400297,0.533685,0.7449,-0.911274,0.317059,0.262521,0.012283,0.002582,0.000492,0.001985,-0.015131,0.029296,-0.768452,0.038445,0.038895,-0.007689,0.170217,0.709473,0.683865,-0.254226,-0.638882,0.726083,0.952047,-0.297448,0.071617,-4e-06,1.4e-05,8e-06,0.002845,-0.002687,-0.002054,-0.795349,0.064972,0.03255,-0.050956,0.096585,-0.56192,-0.821532,-0.049387,-0.82708,0.559908,-0.994098,-0.013506,-0.107635,0.000767,0.001828,0.001252,8e-06,-0.000525,-0.0001,0.489526
23,0.054855,0.01998,0.38483,0.066881,-0.606004,-0.792673,-0.104504,-0.794339,0.598394,-0.992369,0.043565,-0.115466,0.001511,0.003584,0.00245,0.001523,-0.012354,0.023943,0.485219,-0.10264,0.041796,0.354246,-0.094911,-0.784233,0.613158,0.400296,0.533768,0.744842,-0.911271,0.317111,0.262466,-0.0,1e-06,1e-06,-1e-06,1e-06,1e-06,-0.769069,0.038482,0.038902,-0.007688,0.170231,0.7094,0.683938,-0.254254,-0.638947,0.726017,0.952037,-0.297484,0.071599,0.006151,0.001247,0.000214,0.002371,-0.015681,0.028961,-0.795349,0.064992,0.032553,-0.050911,0.094787,-0.566016,-0.818926,-0.047946,-0.82427,0.564161,-0.994341,-0.014211,-0.105269,0.000705,0.001679,0.001148,-0.001172,-0.015206,0.031601,0.482178
24,0.054861,0.019936,0.384994,0.060574,-0.61615,-0.785325,-0.107363,-0.786231,0.608512,-0.992461,0.048216,-0.112796,0.000664,0.001575,0.001076,-0.121524,0.080766,-0.021726,0.466783,-0.102542,0.041831,0.354259,-0.097333,-0.784337,0.612644,0.398655,0.533188,0.746137,-0.911732,0.317831,0.259986,-7e-06,3e-05,2e-05,-8.3e-05,0.000102,7e-05,-0.769301,0.038531,0.03892,-0.007681,0.172565,0.709695,0.683046,-0.252415,-0.638432,0.727111,0.952106,-0.297886,0.068967,-1e-06,-0.0,-4e-06,0.003273,-0.003128,-0.002375,-0.795513,0.064995,0.032532,-0.050828,0.08945,-0.576932,-0.811878,-0.05129,-0.816733,0.574731,-0.994669,-0.009769,-0.102647,0.000305,0.000733,0.000501,-0.110991,0.101816,-0.001499,0.461114
25,0.054719,0.019795,0.385139,0.051279,-0.619648,-0.783232,-0.116365,-0.782633,0.611488,-0.991959,0.06055,-0.111259,-0.014336,-0.007467,0.010829,-0.034775,0.034999,-0.044337,0.446968,-0.102477,0.041845,0.354251,-0.099732,-0.784532,0.612008,0.397032,0.532497,0.747494,-0.912177,0.318509,0.257581,1e-06,-3e-06,-2e-06,-0.000304,0.000375,0.000255,-0.769473,0.038564,0.038927,-0.007686,0.174854,0.710095,0.682049,-0.250584,-0.637816,0.728284,0.952173,-0.298254,0.066413,-1e-06,-2e-06,-3e-06,0.006302,-0.00574,-0.004456,-0.796819,0.06493,0.032466,-0.050759,0.080229,-0.580916,-0.809999,-0.060364,-0.813959,0.577776,-0.994946,0.00254,-0.10037,-0.000305,-0.000716,-0.000484,0.000358,0.000147,0.000925,0.435477
26,0.054629,0.019623,0.385336,0.047555,-0.620577,-0.782731,-0.114993,-0.781813,0.612795,-0.9923,0.061634,-0.107563,-0.001213,-0.009883,0.009456,-0.007748,0.080251,0.014342,0.434226,-0.10247,0.041865,0.354228,-0.101756,-0.788332,0.60677,0.395907,0.527348,0.751728,-0.91244,0.317696,0.257655,5e-06,-2.1e-05,-1.4e-05,-0.001742,0.000644,0.008362,-0.769015,0.038567,0.038936,-0.007698,0.175941,0.714658,0.676983,-0.248853,-0.633084,0.732991,0.952426,-0.297433,0.066459,-0.006145,-0.001268,-0.000233,0.012837,-0.002603,-0.023682,-0.796003,0.064879,0.032377,-0.050663,0.076388,-0.582023,-0.809576,-0.058846,-0.813164,0.57905,-0.995339,0.003408,-0.096366,8.2e-05,0.0002,0.000138,0.018823,0.053252,0.026503,0.411636
27,0.054567,0.019522,0.385448,0.042643,-0.623714,-0.780518,-0.112473,-0.779263,0.616499,-0.992806,0.062269,-0.102406,2e-06,5e-06,3e-06,0.327807,0.334933,-0.694257,0.433705,-0.102501,0.041876,0.354215,-0.103783,-0.792038,0.601578,0.39476,0.522245,0.755882,-0.912705,0.31691,0.257682,-0.012294,-0.002528,-0.000455,-0.021681,0.037919,-0.005858,-0.768605,0.038556,0.038943,-0.007704,0.177042,0.719118,0.671955,-0.247084,-0.6284,0.737605,0.952682,-0.296617,0.066429,-0.0,7e-06,2e-06,0.002002,0.002026,0.013759,-0.793553,0.064847,0.032323,-0.050603,0.072048,-0.584952,-0.807861,-0.056729,-0.811058,0.582207,-0.995786,0.003882,-0.091619,-0.00065,-0.005141,0.004627,0.961548,0.91729,-2.432783,0.405758
28,0.05446,0.019253,0.385652,0.02786,-0.628113,-0.777653,-0.105269,-0.775477,0.622516,-0.994101,0.065296,-0.086754,-0.001623,-0.010854,0.008798,0.094437,0.303712,0.099159,0.445277,-0.102655,0.041941,0.35411,-0.110168,-0.799865,0.589975,0.391023,0.510726,0.765633,-0.913557,0.316035,0.255731,7.8e-05,-0.000341,-0.000228,-0.055114,-0.017089,0.228108,-0.770599,0.038475,0.038975,-0.007757,0.181214,0.728472,0.660673,-0.24211,-0.618074,0.747908,0.953175,-0.295487,0.064366,-0.007083,0.004041,-0.004427,-0.027337,0.095481,0.036719,-0.789961,0.064794,0.032193,-0.050504,0.05786,-0.591273,-0.804392,-0.049609,-0.806449,0.589217,-0.99709,0.005813,-0.075994,-0.000881,-0.005581,0.004294,0.253447,0.631172,-0.204824,0.407391
29,0.054442,0.019091,0.385821,-0.000625,-0.639911,-0.768479,-0.091029,-0.765258,0.637234,-0.995861,0.071143,-0.056811,-0.000962,-0.009291,0.009868,0.455422,0.987001,-0.856824,0.484543,-0.102892,0.042137,0.35397,-0.118998,-0.806479,0.579157,0.385568,0.499874,0.775498,-0.914755,0.316589,0.250713,-0.002146,0.011782,-0.007609,-0.235148,0.326523,0.247583,-0.773668,0.038356,0.039072,-0.007827,0.186903,0.736759,0.649809,-0.236225,-0.608351,0.757698,0.953553,-0.295118,0.060338,-0.001077,0.005925,-0.003779,-0.323164,0.401947,0.30105,-0.793064,0.064785,0.032109,-0.050421,0.031072,-0.604559,-0.795953,-0.036177,-0.796496,0.603559,-0.998861,0.010042,-0.04662,0.000278,0.000576,0.000422,1.219184,1.658191,-2.284185,0.439723
30,0.054393,0.019074,0.385869,-0.019172,-0.644552,-0.76435,-0.083045,-0.760828,0.643596,-0.996351,0.076612,-0.037984,-0.001313,-0.010119,0.009303,0.335575,1.041869,0.034577,0.510452,-0.102988,0.042292,0.353895,-0.123043,-0.812713,0.569516,0.383216,0.490337,0.782718,-0.915203,0.315566,0.250369,-0.002272,0.012342,-0.007232,-0.169714,0.245314,0.193055,-0.776626,0.038309,0.039144,-0.007863,0.189163,0.744242,0.640562,-0.232975,-0.599697,0.765561,0.953907,-0.294052,0.059949,-0.007351,0.005247,-0.003618,-0.337183,0.428415,0.28083,-0.79143,0.064761,0.032103,-0.050395,0.014261,-0.611568,-0.791062,-0.028826,-0.791065,0.61105,-0.999482,0.014089,-0.02891,1e-05,3.7e-05,2.4e-05,0.214603,0.675864,-0.120829,0.470748
31,0.054566,0.019015,0.385809,-0.04795,-0.659103,-0.750553,-0.071676,-0.747217,0.660682,-0.996229,0.086291,-0.010474,0.013366,0.005136,-0.012433,0.236817,0.622281,-0.563797,0.519723,-0.103038,0.042752,0.353745,-0.131089,-0.824106,0.55105,0.378299,0.472085,0.796215,-0.91612,0.313862,0.249153,0.009376,0.0176,-0.004945,-0.078821,0.034814,0.328561,-0.781396,0.03828,0.03937,-0.007939,0.194582,0.758226,0.622278,-0.225726,-0.582763,0.780662,0.95456,-0.292368,0.057756,-0.001548,0.007998,-0.002395,-0.088522,0.054948,0.322659,-0.785879,0.064842,0.03207,-0.050416,-0.015807,-0.627478,-0.778473,-0.017388,-0.77828,0.627675,-0.999723,0.023458,0.001392,0.005972,-0.002645,-0.001667,0.427903,0.933143,-1.170596,0.511407
32,0.0552,0.018882,0.38567,-0.06371,-0.676309,-0.733889,-0.067096,-0.730825,0.679238,-0.995645,0.093352,0.002102,0.025414,-0.006868,-0.00415,-0.007686,0.150512,-0.302614,0.520206,-0.103074,0.043373,0.353607,-0.141854,-0.830691,0.538351,0.370948,0.459493,0.806968,-0.917507,0.315205,0.242258,0.008952,0.019368,-0.003763,-0.238228,0.307302,0.27623,-0.78652,0.038262,0.039681,-0.008008,0.201805,0.76676,0.609387,-0.21806,-0.571398,0.791172,0.954842,-0.292546,0.051889,-0.001794,0.009057,-0.001688,-0.381178,0.345846,0.550597,-0.790614,0.065153,0.032005,-0.050491,-0.030662,-0.64659,-0.76222,-0.013734,-0.762234,0.647155,-0.999434,0.030312,0.014491,0.006457,-0.001474,-0.000881,-0.020822,0.241833,-0.523132,0.518592
33,0.055609,0.018833,0.385559,-0.069073,-0.683479,-0.726726,-0.065669,-0.723781,0.686878,-0.995376,0.096013,0.00602,0.026635,0.003085,-0.01357,0.024021,0.127803,-0.281894,0.51971,-0.103075,0.043713,0.353572,-0.146051,-0.833777,0.532425,0.368055,0.453646,0.811587,-0.918008,0.315533,0.239924,0.008458,0.02148,-0.002358,-0.082079,0.073732,0.440135,-0.787429,0.038262,0.039847,-0.008028,0.205669,0.770669,0.603132,-0.213962,-0.565986,0.796165,0.954944,-0.292794,0.048488,-0.000899,0.003916,0.002614,0.003557,-0.222589,1.188471,-0.789634,0.065358,0.031977,-0.050542,-0.035354,-0.654402,-0.755319,-0.012741,-0.755435,0.655099,-0.999293,0.032783,0.01837,0.012671,-0.003523,-0.002149,-0.016897,0.23178,-0.470951,0.519245
34,0.056338,0.018722,0.385327,-0.074781,-0.69766,-0.712547,-0.057583,-0.710346,0.701474,-0.995456,0.094351,0.013839,0.026095,0.001824,-0.014439,0.030031,0.039135,-0.103922,0.519813,-0.102994,0.044349,0.353546,-0.150384,-0.835581,0.528375,0.365193,0.449582,0.815134,-0.918445,0.316581,0.236848,0.010382,0.010579,0.005807,-0.004106,-0.020521,0.060471,-0.78867,0.038302,0.040172,-0.008042,0.209648,0.773291,0.598387,-0.210531,-0.561933,0.799942,0.954842,-0.293685,0.044993,-0.001895,0.009467,-0.00142,0.059533,-0.033289,0.032206,-0.794696,0.065724,0.031924,-0.050656,-0.039988,-0.669622,-0.741624,-0.005282,-0.742065,0.670305,-0.999185,0.030721,0.026136,0.006019,-0.002524,-0.001602,-0.010455,0.160536,-0.32136,0.519572
35,0.056873,0.018613,0.38519,-0.06766,-0.706106,-0.704898,-0.043564,-0.703764,0.709077,-0.996686,0.079559,0.017738,0.0126,-0.003675,-0.002249,-0.004877,0.074069,-0.148327,0.51954,-0.102887,0.044789,0.353612,-0.154712,-0.839083,0.521532,0.362497,0.442738,0.820069,-0.918789,0.316972,0.234986,0.010733,0.008975,0.004733,-0.014181,-0.008803,0.068617,-0.787948,0.038355,0.040396,-0.008007,0.212617,0.777834,0.591411,-0.207269,-0.555576,0.805216,0.954899,-0.293784,0.043096,-0.000657,0.002863,0.001895,0.007986,-0.010617,0.018694,-0.799595,0.066,0.031868,-0.050732,-0.032224,-0.677966,-0.734386,0.008468,-0.734926,0.678093,-0.999444,0.015632,0.029423,0.006305,-0.001834,-0.001128,-0.004545,0.073925,-0.147808,0.519245
36,0.057143,0.018574,0.385108,-0.05054,-0.716318,-0.695974,-0.027268,-0.695628,0.717865,-0.9983,0.056145,0.016495,-1.5e-05,-3.7e-05,-2.5e-05,-0.02429,-0.052143,-0.023731,0.519258,-0.102675,0.045037,0.35375,-0.154537,-0.840819,0.51878,0.362709,0.440021,0.821437,-0.918735,0.316156,0.236294,0.01118,0.006979,0.003405,0.004238,-0.030275,0.053709,-0.786852,0.03846,0.040522,-0.007936,0.211685,0.779815,0.589133,-0.207632,-0.55315,0.806791,0.955027,-0.293109,0.044821,-0.00039,0.001686,0.001111,-4.5e-05,-0.001507,-0.001118,-0.803024,0.066135,0.031849,-0.050773,-0.014106,-0.687481,-0.726064,0.024146,-0.726159,0.687101,-0.999608,-0.00784,0.026843,-7e-06,-2.6e-05,-1.6e-05,0.011841,-0.08244,-0.019587,0.518755
37,0.057133,0.018593,0.385084,-0.050918,-0.722071,-0.689975,-0.026499,-0.689665,0.723624,-0.998301,0.056023,0.016846,-2.6e-05,-6.3e-05,-4.3e-05,-0.015009,0.072243,-0.185845,0.519258,-0.102557,0.045106,0.353794,-0.154603,-0.840676,0.518993,0.362695,0.440217,0.821338,-0.91873,0.316263,0.236171,0.011734,0.00457,0.001811,-0.013123,0.088821,-0.139569,-0.785989,0.038518,0.04056,-0.007912,0.211711,0.779759,0.589198,-0.207605,-0.553224,0.806748,0.955027,-0.293119,0.044758,-0.000253,0.001089,0.000715,-0.000527,-0.000934,-0.000186,-0.802698,0.06613,0.031858,-0.050785,-0.014001,-0.693653,-0.720172,0.024623,-0.720263,0.693262,-0.999598,-0.008027,0.027164,-8e-06,-2.4e-05,-1.6e-05,0.011249,0.099855,-0.161425,0.517939
38,0.056883,0.018792,0.385069,-0.041475,-0.736762,-0.674913,-0.017074,-0.674887,0.737705,-0.998955,0.043032,0.016257,-0.010921,0.014751,-0.006395,-0.035339,-0.028704,-0.248569,0.518979,-0.10228,0.045193,0.353823,-0.154819,-0.840169,0.519749,0.362738,0.440887,0.820959,-0.918676,0.316678,0.235823,0.012197,0.002562,0.000483,0.002045,-0.015205,0.029245,-0.784039,0.038657,0.040604,-0.007897,0.212086,0.77909,0.589946,-0.207687,-0.553955,0.806224,0.954926,-0.293513,0.04432,0.006126,0.001159,0.000156,0.001614,-0.015787,0.029191,-0.804167,0.066008,0.031951,-0.050791,-0.00364,-0.708238,-0.705963,0.033345,-0.705661,0.707763,-0.999436,-0.020964,0.026184,0.000237,0.000568,0.000394,-0.06872,-0.128178,-0.053374,0.517449
39,0.056314,0.019076,0.385142,-0.033444,-0.748073,-0.662808,-0.008626,-0.662953,0.748592,-0.999375,0.031679,0.016549,-0.0246,0.008759,0.005455,-0.231765,-0.375555,-0.253798,0.517542,-0.101958,0.045169,0.353788,-0.155058,-0.839585,0.520621,0.362765,0.441669,0.820527,-0.918625,0.317137,0.235406,0.000496,-0.002128,-0.001408,-0.0,0.0,0.0,-0.781007,0.038823,0.040592,-0.007915,0.21246,0.77844,0.590669,-0.207744,-0.554668,0.805719,0.954831,-0.293892,0.043871,0.006428,-0.000121,-0.000693,0.001738,-0.015594,0.02923,-0.80482,0.06572,0.032099,-0.050757,0.003652,-0.719102,-0.694895,0.042185,-0.69417,0.718573,-0.999103,-0.031938,0.0278,-0.012277,0.004435,0.002777,-0.380926,-0.522865,-0.337295,0.515979
40,0.055957,0.019197,0.385193,-0.033401,-0.752572,-0.657697,-0.008935,-0.657828,0.753096,-0.999373,0.031963,0.016072,-0.025157,0.007423,0.004538,-0.276664,-0.450716,-0.289904,0.516689,-0.101796,0.045133,0.353761,-0.155148,-0.839373,0.520935,0.362758,0.441956,0.820375,-0.918612,0.317297,0.235239,0.000602,-0.002576,-0.001705,-0.0,0.0,0.0,-0.780818,0.038903,0.040574,-0.007929,0.212601,0.7782,0.590935,-0.207748,-0.554936,0.805534,0.954798,-0.294024,0.04369,0.006486,-0.000362,-0.000852,-0.013411,0.088486,-0.139589,-0.805963,0.065552,0.032159,-0.050732,0.003331,-0.723558,-0.690254,0.042024,-0.689547,0.72302,-0.99911,-0.031416,0.02811,-0.006302,0.001827,0.001125,0.005714,0.114543,-0.194804,0.515489
41,0.055069,0.019397,0.385336,-0.026127,-0.755013,-0.655224,-0.001219,-0.655439,0.755229,-0.999639,0.021465,0.017025,-0.02577,0.005981,0.003542,-0.001781,0.029068,-0.059154,0.516253,-0.10153,0.045061,0.353689,-0.155274,-0.839117,0.521309,0.362774,0.442284,0.820191,-0.918584,0.317517,0.235053,0.012869,-0.000258,-0.00139,0.002045,-0.015205,0.029245,-0.780801,0.039032,0.040536,-0.007965,0.212792,0.777895,0.591268,-0.207781,-0.555261,0.805302,0.954749,-0.294216,0.043476,0.006567,-0.000686,-0.001068,-0.000322,-0.000359,0.004788,-0.806617,0.065119,0.032258,-0.050661,0.013086,-0.726243,-0.687312,0.048371,-0.686107,0.72589,-0.998743,-0.042745,0.026151,-0.013057,0.002582,0.00151,0.003568,0.031729,-0.056554,0.515
42,0.054184,0.019567,0.385483,-0.026604,-0.755581,-0.65455,-0.001326,-0.65477,0.755809,-0.999625,0.021911,0.017238,-0.012706,0.003427,0.002064,-0.000984,0.014714,-0.029553,0.516758,-0.101367,0.044982,0.353623,-0.155421,-0.838738,0.521876,0.362811,0.442789,0.819903,-0.918545,0.317816,0.234801,0.000496,-0.002112,-0.001401,-0.0,0.0,0.0,-0.7805,0.039119,0.040495,-0.008,0.21303,0.777476,0.591733,-0.207839,-0.555713,0.804974,0.954683,-0.294469,0.043207,0.00033,-0.001397,-0.000931,-0.00232,0.01492,-0.024453,-0.807596,0.064669,0.032339,-0.05059,0.012559,-0.72687,-0.686659,0.048224,-0.685474,0.726498,-0.998757,-0.042238,0.026444,-0.012648,0.003569,0.002178,0.002969,-0.058373,0.118809,0.514836
43,0.053374,0.019873,0.38559,-0.027182,-0.756418,-0.653558,-0.00116,-0.653792,0.756655,-0.999609,0.022262,0.017713,-0.023632,0.01803,-0.004454,0.031789,0.009059,-0.044364,0.517058,-0.101337,0.044935,0.35359,-0.155545,-0.83836,0.522447,0.362853,0.443302,0.819607,-0.918507,0.318101,0.234564,0.000118,-0.000503,-0.000334,-0.0,0.0,0.0,-0.780948,0.039135,0.040469,-0.008018,0.213254,0.77704,0.592224,-0.20791,-0.55619,0.804627,0.954618,-0.294719,0.042944,5.3e-05,-0.000221,-0.000148,-0.015279,0.103899,-0.16885,-0.808086,0.06425,0.032497,-0.050533,0.011982,-0.727831,-0.685651,0.048305,-0.684478,0.72743,-0.99876,-0.041837,0.026956,-0.011806,0.009049,-0.00219,0.031138,0.009724,-0.044336,0.514836
44,0.052891,0.020066,0.385639,-0.023049,-0.757096,-0.652932,0.002852,-0.653169,0.757188,-0.999715,0.016528,0.018033,-0.0251,0.007588,0.004615,-0.001179,0.028514,-0.059128,0.516742,-0.101364,0.04493,0.353578,-0.157918,-0.838214,0.521969,0.361117,0.442843,0.820622,-0.918783,0.319126,0.232077,1.1e-05,-4.8e-05,-3.2e-05,-0.040988,0.048248,0.033468,-0.780972,0.039121,0.040467,-0.008024,0.215626,0.777119,0.591261,-0.205804,-0.555736,0.805482,0.954541,-0.295367,0.040103,-1e-05,4.7e-05,3.2e-05,-0.031983,0.046123,0.029017,-0.809066,0.064018,0.032592,-0.05051,0.016184,-0.728248,-0.685121,0.052274,-0.683658,0.727927,-0.998501,-0.047595,0.027004,-0.011864,0.008896,-0.002293,0.034446,0.007266,-0.044067,0.51451
45,0.051873,0.020463,0.38573,-0.015853,-0.760581,-0.649084,0.011771,-0.649279,0.760441,-0.999798,0.005356,0.020059,-0.025435,0.006811,0.004071,-0.001947,0.029404,-0.059107,0.516963,-0.101446,0.044913,0.353575,-0.157941,-0.838094,0.522155,0.361136,0.443013,0.820522,-0.918772,0.319206,0.232012,0.0,-0.0,-0.0,-9e-06,1e-05,7e-06,-0.78137,0.039079,0.04046,-0.008025,0.215595,0.776936,0.591513,-0.206069,-0.555917,0.805289,0.954491,-0.295509,0.04025,-6e-06,2.5e-05,1.8e-05,0.001137,-0.001101,-0.000857,-0.809393,0.06351,0.032792,-0.050463,0.02363,-0.731448,-0.681486,0.060976,-0.679353,0.731273,-0.997859,-0.058835,0.028548,-0.012082,0.008367,-0.002656,0.031552,0.009962,-0.043223,0.515
46,0.050759,0.020758,0.385871,-0.009801,-0.762548,-0.646892,0.014277,-0.64698,0.762354,-0.99985,-0.00082,0.018039,-0.02569,0.006252,0.003675,-0.196569,-0.400142,-0.045139,0.516808,-0.101512,0.044907,0.353577,-0.157798,-0.839547,0.519859,0.361397,0.44071,0.821646,-0.918694,0.318574,0.233186,-2e-06,7e-06,4e-06,-0.0,0.0,0.0,-0.781018,0.039046,0.040458,-0.008023,0.215009,0.778653,0.589465,-0.206225,-0.553773,0.806725,0.954589,-0.295016,0.041512,-1e-06,5e-06,4e-06,-0.000694,0.000406,-0.001698,-0.809882,0.062953,0.032939,-0.050393,0.028112,-0.732811,-0.67985,0.064241,-0.677389,0.732814,-0.997537,-0.064275,0.028034,-0.012927,0.002938,0.00173,-0.398756,-0.525045,-0.34648,0.514999
47,0.050252,0.020852,0.38596,-0.010192,-0.763033,-0.646314,0.014185,-0.64641,0.762841,-0.999847,-0.000448,0.018222,-0.013131,0.002481,0.001393,-0.003478,0.010485,-0.031587,0.517017,-0.10154,0.044901,0.353576,-0.157806,-0.839507,0.519921,0.361403,0.440767,0.821612,-0.91869,0.318601,0.233164,-0.0,0.0,0.0,-0.0,0.0,0.0,-0.780995,0.039032,0.040455,-0.008023,0.215027,0.778598,0.589531,-0.206231,-0.553838,0.806679,0.954584,-0.295038,0.041481,0.0,-0.0,2e-06,-0.000116,-5.8e-05,-0.000226,-0.810372,0.062704,0.032985,-0.050349,0.029611,-0.73369,-0.678838,0.063069,-0.676411,0.733818,-0.997569,-0.064543,0.026243,-0.01297,0.002849,0.001664,0.010891,0.039531,-0.052221,0.51451
48,0.049528,0.021045,0.386088,-0.008551,-0.764722,-0.644339,0.012744,-0.64441,0.764556,-0.999884,-0.000727,0.016064,-0.023323,0.018632,-0.004084,0.028204,0.002901,-0.047325,0.517307,-0.101577,0.044856,0.353551,-0.157654,-0.84099,0.517564,0.361659,0.43841,0.82276,-0.918615,0.31794,0.234357,0.000399,-0.001704,-0.001132,0.015201,-0.104014,0.168818,-0.78021,0.039013,0.040435,-0.008034,0.214482,0.780262,0.587527,-0.206386,-0.551739,0.808077,0.954673,-0.294576,0.042697,0.000239,-0.001011,-0.00067,-0.00304,0.015715,-0.026609,-0.811352,0.062335,0.033074,-0.050284,0.031361,-0.735384,-0.676923,0.061484,-0.674555,0.735659,-0.997614,-0.064691,0.02406,-0.006035,0.002455,0.001541,0.012583,0.024892,-0.022435,0.514836
49,0.048971,0.021313,0.386185,-0.005313,-0.773455,-0.633864,0.018832,-0.633856,0.773204,-0.999814,-0.00687,0.018728,-0.011751,0.005615,0.003531,3.501742,-4.278555,-0.13417,0.516834,-0.10157,0.044827,0.353532,-0.157695,-0.840863,0.517757,0.361674,0.438584,0.82266,-0.918602,0.318036,0.234278,6.5e-05,-0.000276,-0.000183,-0.0,0.0,0.0,-0.780411,0.039017,0.040417,-0.008046,0.214511,0.780196,0.587603,-0.206391,-0.551815,0.808023,0.954665,-0.294606,0.042655,3.3e-05,-0.000136,-8.9e-05,-4.5e-05,-2.1e-05,-2.4e-05,-0.812495,0.062052,0.033213,-0.050238,0.030683,-0.744688,-0.666706,0.063262,-0.664236,0.74484,-0.997524,-0.065032,0.026729,-0.006164,0.002162,0.001335,0.032025,0.037252,-0.086962,0.51451
50,0.048364,0.021511,0.386306,-0.004829,-0.789479,-0.613795,0.020878,-0.613767,0.789193,-0.999777,-0.008026,0.020217,-0.013926,-0.006247,0.011625,0.127857,0.100785,-0.876256,0.51084,-0.101534,0.044834,0.353544,-0.157731,-0.840759,0.517916,0.361661,0.438734,0.822586,-0.918601,0.318104,0.23419,-0.000176,0.000751,0.000499,-0.0,0.0,0.0,-0.779883,0.039031,0.040417,-0.008042,0.214581,0.78006,0.587758,-0.206389,-0.551973,0.807916,0.95465,-0.29467,0.042553,-0.000144,0.000612,0.000406,-2.3e-05,-1.9e-05,-2.9e-05,-0.813638,0.061756,0.033319,-0.050179,0.037318,-0.759294,-0.649675,0.067229,-0.646748,0.759734,-0.997039,-0.072029,0.026911,-0.012508,0.003912,0.002368,-0.136364,-0.189479,-0.149252,0.512713
51,0.048083,0.021599,0.386359,0.001113,-0.797589,-0.603237,0.024307,-0.603058,0.797309,-0.999718,-0.014562,0.019472,-0.024989,0.007871,0.004751,-0.093583,-0.02534,-0.312949,0.503508,-0.101496,0.044832,0.353562,-0.157738,-0.840727,0.517965,0.361617,0.438796,0.822572,-0.918617,0.318102,0.234128,-4.4e-05,0.000187,0.000124,-0.0,0.0,0.0,-0.779723,0.039054,0.04042,-0.008031,0.21459,0.780039,0.587783,-0.206341,-0.552014,0.8079,0.954658,-0.294652,0.042497,0.006081,0.001396,0.000315,0.002036,-0.01523,0.029258,-0.813965,0.061615,0.033359,-0.050149,0.043637,-0.769391,-0.637285,0.070602,-0.633922,0.770166,-0.996549,-0.078601,0.026657,-0.006255,0.001958,0.001191,-0.071885,-0.131777,-0.100363,0.507162
52,0.047407,0.021828,0.386512,0.018641,-0.811341,-0.584314,0.025018,-0.583876,0.81144,-0.999549,-0.028739,0.010148,-0.012018,0.004998,0.003099,-0.26429,-0.312775,-0.407303,0.486598,-0.101429,0.044826,0.353598,-0.152749,-0.841649,0.517963,0.358915,0.440963,0.822597,-0.920524,0.312603,0.234046,-3e-06,1.4e-05,9e-06,-0.0,-0.0,-0.0,-0.779461,0.039088,0.040418,-0.008012,0.209632,0.780698,0.588696,-0.203596,-0.554026,0.807219,0.956348,-0.289076,0.042806,1e-06,-1e-05,-7e-06,4.5e-05,0.000103,0.000103,-0.814944,0.061271,0.033473,-0.050074,0.061185,-0.782572,-0.619545,0.070873,-0.615735,0.784759,-0.995606,-0.091925,0.017789,-0.012182,0.004638,0.002867,-0.394376,-0.444187,-0.511599,0.48822
53,0.046699,0.022115,0.386678,0.025923,-0.81974,-0.572188,0.017138,-0.571954,0.820089,-0.999562,-0.030049,-6e-05,-0.011807,0.005457,0.003409,-0.159888,-0.138014,-0.323246,0.470102,-0.101344,0.044827,0.353614,-0.152774,-0.841592,0.518049,0.35887,0.441056,0.822567,-0.920538,0.312626,0.233962,2.9e-05,-0.000125,-8.3e-05,-0.0,0.0,0.0,-0.77946,0.03913,0.040418,-0.008004,0.209676,0.780632,0.588769,-0.203556,-0.554111,0.807171,0.956347,-0.289092,0.042718,0.006131,0.001181,0.00017,0.002094,-0.015146,0.029253,-0.816904,0.060913,0.033618,-0.049989,0.070037,-0.791236,-0.607486,0.061866,-0.604364,0.794302,-0.995623,-0.093213,0.006623,-0.005883,0.002781,0.001752,-0.147337,-0.128854,-0.316483,0.46242
54,0.046403,0.022218,0.38674,0.031351,-0.823303,-0.566774,0.01243,-0.566711,0.823805,-0.999483,-0.031851,-0.006822,-0.012398,0.004147,0.00251,-0.255657,-0.285953,-0.39412,0.462123,-0.101316,0.044833,0.353615,-0.152792,-0.841552,0.51811,0.358873,0.441109,0.822537,-0.920533,0.31266,0.233934,1e-06,-2e-06,-1e-06,-0.0,0.0,0.0,-0.778633,0.039144,0.040421,-0.008004,0.209706,0.780585,0.58882,-0.203563,-0.55416,0.807135,0.956339,-0.289123,0.042687,-1e-06,-1e-06,-3e-06,2.8e-05,5.7e-05,2e-06,-0.817557,0.06077,0.033671,-0.049957,0.074916,-0.794415,-0.602737,0.057471,-0.599991,0.797939,-0.995532,-0.094418,0.000707,-0.006212,0.002048,0.00125,-0.376893,-0.512345,-0.295884,0.451969
55,0.04602,0.022269,0.386827,0.038094,-0.829226,-0.557654,0.006886,-0.557851,0.829895,-0.999311,-0.034426,-0.01484,-0.012888,0.003071,0.001771,-0.064163,-0.083241,-0.076471,0.437436,-0.101339,0.044805,0.35361,-0.147874,-0.84221,0.518466,0.356257,0.443557,0.822358,-0.922357,0.307361,0.233774,0.000244,-0.00104,-0.000691,-0.0,-0.0,-0.0,-0.777882,0.039132,0.040408,-0.008005,0.204882,0.780939,0.590048,-0.200931,-0.55644,0.806226,0.95794,-0.28374,0.04291,0.000139,-0.000591,-0.000391,-0.000203,0.000344,0.001169,-0.818537,0.060579,0.033697,-0.049913,0.083388,-0.800608,-0.593356,0.050678,-0.591253,0.804891,-0.995227,-0.097189,-0.00873,-0.000279,-0.000613,-0.000412,-0.025563,0.017434,-0.201206,0.424373
56,0.045935,0.022241,0.386819,0.047867,-0.8355,-0.547442,0.000947,-0.548056,0.836424,-0.998926,-0.03952,-0.024755,-0.000366,-0.000807,-0.000552,-0.17662,-0.273088,-0.130774,0.404956,-0.101425,0.044764,0.353592,-0.147912,-0.842043,0.518726,0.356278,0.443795,0.82222,-0.922342,0.307476,0.23368,-0.012112,-0.003015,-0.000779,-0.002045,0.015205,-0.029245,-0.775826,0.03909,0.040386,-0.008016,0.204977,0.780748,0.590267,-0.200966,-0.556651,0.806071,0.957912,-0.28385,0.042803,-0.006056,-0.001509,-0.000389,-0.001968,0.015322,-0.029211,-0.819843,0.060531,0.033683,-0.049917,0.092737,-0.806556,-0.583837,0.044829,-0.582387,0.811674,-0.99468,-0.101445,-0.017852,-0.000225,-0.000497,-0.00034,-0.252347,-0.356006,-0.174272,0.38747
57,0.046274,0.022188,0.38673,0.056594,-0.844407,-0.532747,-0.003014,-0.533769,0.845608,-0.998476,-0.045204,-0.032084,0.012681,-0.003525,-0.002084,-0.295562,-0.472279,-0.189806,0.369564,-0.101528,0.044712,0.353569,-0.14796,-0.841838,0.519046,0.356305,0.444086,0.822051,-0.922324,0.307618,0.233565,-0.01192,-0.003843,-0.001329,-0.002045,0.015205,-0.029245,-0.773193,0.039042,0.040363,-0.008026,0.205081,0.780523,0.590528,-0.201011,-0.556902,0.805886,0.95788,-0.283975,0.042683,0.00017,-0.000726,-0.000482,-0.002157,0.015149,-0.024458,-0.819843,0.060695,0.033656,-0.049962,0.101106,-0.815385,-0.570021,0.040889,-0.569067,0.821273,-0.994034,-0.106344,-0.024196,0.006379,-0.001677,-0.000988,-0.300416,-0.42148,-0.365583,0.339952
58,0.046525,0.022132,0.386685,0.059598,-0.848732,-0.525498,-0.004299,-0.526672,0.850041,-0.9983,-0.04735,-0.034377,0.012741,-0.003389,-0.001993,-0.098053,-0.164047,-0.511205,0.3453,-0.101593,0.044699,0.353567,-0.147805,-0.843269,0.516762,0.356595,0.441799,0.823157,-0.922237,0.306991,0.234729,-0.012217,-0.002575,-0.000487,-0.002044,0.015205,-0.029245,-0.772048,0.039011,0.040353,-0.008029,0.2045,0.782228,0.58847,-0.201193,-0.554751,0.807323,0.957966,-0.283494,0.043932,-3e-06,1.7e-05,1.2e-05,-0.001313,0.001278,-0.003653,-0.820006,0.060816,0.03363,-0.049983,0.10536,-0.819385,-0.563476,0.038426,-0.562852,0.825663,-0.99369,-0.108645,-0.027817,0.006453,-0.001593,-0.000889,0.686767,0.153256,-2.886575,0.314315
59,0.047185,0.022031,0.386631,0.064504,-0.853855,-0.516543,-0.00725,-0.518035,0.855313,-0.997985,-0.050367,-0.038957,0.014043,-0.000477,-5e-06,-0.159628,-0.275145,-0.063238,0.303018,-0.101689,0.044655,0.353559,-0.142662,-0.845469,0.514608,0.354264,0.441744,0.824192,-0.92395,0.300941,0.235825,1.1e-05,-4.8e-05,-3.2e-05,0.00525,-0.009355,0.019639,-0.771491,0.038958,0.040331,-0.008032,0.198992,0.784388,0.587482,-0.198733,-0.554717,0.807955,0.959638,-0.277529,0.045499,3e-06,-9e-06,-2e-06,0.016917,-0.03071,0.067476,-0.82017,0.061154,0.033573,-0.050014,0.110852,-0.825137,-0.553949,0.035121,-0.553783,0.831919,-0.993215,-0.111675,-0.032408,0.007047,-0.000184,2.4e-05,-0.208502,-0.309581,-0.083375,0.252102
60,0.048073,0.021937,0.386586,0.060635,-0.857431,-0.511059,-0.009941,-0.512521,0.858601,-0.998199,-0.045918,-0.038958,0.026822,-0.003702,-0.001905,-0.006464,-0.042363,0.052912,0.268185,-0.101756,0.044656,0.353566,-0.142464,-0.846989,0.512158,0.354558,0.43931,0.825366,-0.923868,0.30023,0.23705,-0.000181,0.000776,0.000515,1e-06,-2e-06,4e-06,-0.771015,0.038925,0.04033,-0.00803,0.198352,0.786184,0.585295,-0.198899,-0.552448,0.809468,0.959736,-0.276975,0.046792,-0.000141,0.000613,0.000412,-0.001784,0.001817,-0.005049,-0.81968,0.061584,0.03353,-0.050034,0.107894,-0.829302,-0.548283,0.031739,-0.548348,0.835647,-0.993655,-0.107563,-0.032842,0.014174,0.003334,-0.005525,0.047921,-0.047706,0.083383,0.203768
61,0.04859,0.021915,0.386546,0.060681,-0.858204,-0.509754,-0.008791,-0.511161,0.859423,-0.998207,-0.046605,-0.037922,0.028855,0.007877,-0.010209,0.036297,-0.063282,0.099271,0.254199,-0.101778,0.044666,0.353575,-0.142462,-0.846985,0.512164,0.35456,0.439316,0.825362,-0.923868,0.30023,0.23705,-0.000329,0.001408,0.000935,0.0,-0.0,0.0,-0.770959,0.038914,0.040334,-0.008026,0.198366,0.786139,0.58535,-0.198898,-0.552504,0.80943,0.959734,-0.276989,0.046764,-2.8e-05,0.000129,8.9e-05,-0.000163,0.000361,-0.000673,-0.816414,0.061836,0.033514,-0.050051,0.107801,-0.830119,-0.547066,0.032999,-0.546981,0.836493,-0.993624,-0.108227,-0.031572,0.013799,-0.000959,-0.000363,0.003963,-0.037754,0.093576,0.183356
62,0.049763,0.02182,0.386506,0.056636,-0.864214,-0.499971,-0.008165,-0.501186,0.865285,-0.998445,-0.043852,-0.034813,0.040637,-0.00443,-0.002137,0.030599,-0.046194,0.0455,0.231631,-0.101797,0.04466,0.353596,-0.135098,-0.84777,0.512861,0.353659,0.442134,0.824243,-0.925328,0.293787,0.239418,0.002,-0.011027,0.008086,-0.035891,0.004797,-0.021226,-0.770421,0.038903,0.040339,-0.008016,0.191124,0.786466,0.587317,-0.198165,-0.55511,0.807825,0.961354,-0.27078,0.049755,2e-06,-1.3e-05,-7e-06,-0.005164,0.003991,0.003923,-0.814781,0.062428,0.03347,-0.050075,0.104272,-0.836802,-0.537483,0.032966,-0.537224,0.842794,-0.994001,-0.105598,-0.028432,0.014032,-0.000371,2.1e-05,0.114234,0.014344,-0.143153,0.147106
63,0.05114,0.02176,0.386431,0.051421,-0.872053,-0.486749,-0.00635,-0.487698,0.872973,-0.998734,-0.040717,-0.030003,0.040848,-0.003762,-0.001722,0.006002,0.035021,-0.084092,0.22512,-0.101862,0.044606,0.353602,-0.135122,-0.847618,0.513105,0.353604,0.442383,0.824133,-0.925345,0.29385,0.239274,0.000183,-0.000785,-0.000522,0.0,-0.0,-0.0,-0.770926,0.038871,0.040309,-0.008009,0.191247,0.786286,0.587518,-0.19805,-0.555342,0.807694,0.961353,-0.270827,0.049516,-0.005991,-0.001801,-0.000587,-0.001962,0.015546,-0.029155,-0.815598,0.063117,0.033441,-0.050111,0.099695,-0.845457,-0.524655,0.034084,-0.524071,0.850992,-0.994433,-0.102722,-0.023431,0.021084,0.003122,-0.005566,0.071355,-0.058988,0.075624,0.128491
64,0.052555,0.021842,0.386402,0.04671,-0.877698,-0.476979,-0.006381,-0.477782,0.878439,-0.998959,-0.0369,-0.027317,0.042269,-0.000228,0.000619,0.006303,-0.055984,0.108274,0.225815,-0.102031,0.044547,0.353592,-0.135017,-0.848765,0.511232,0.353926,0.440487,0.825009,-0.925237,0.293387,0.240257,-0.0122,-0.002653,-0.000541,-0.002045,0.015205,-0.029245,-0.771129,0.038791,0.040278,-0.008016,0.190798,0.787657,0.585825,-0.198285,-0.553562,0.808858,0.961393,-0.270489,0.050562,1.2e-05,-5.2e-05,-3.3e-05,-7e-06,0.000319,-0.000338,-0.815761,0.063823,0.033478,-0.050129,0.095335,-0.851848,-0.515039,0.033512,-0.514356,0.856921,-0.99488,-0.098954,-0.020489,0.015702,0.007159,-0.00299,0.039884,0.019158,-0.061059,0.123429
65,0.053231,0.02194,0.386419,0.046162,-0.879024,-0.474585,-0.005229,-0.475327,0.879778,-0.99899,-0.03704,-0.025941,0.042776,0.001099,0.001483,-0.001155,0.032438,-0.065121,0.228642,-0.102123,0.044528,0.353589,-0.134828,-0.850212,0.508873,0.354242,0.438142,0.826122,-0.925144,0.292708,0.24144,0.0,-2e-06,-1e-06,0.0,-0.0,0.0,-0.771156,0.038741,0.040267,-0.008018,0.190182,0.789355,0.583736,-0.198494,-0.551392,0.810287,0.961472,-0.26997,0.051818,-3e-06,1.3e-05,1.2e-05,-0.000496,0.000732,-0.001716,-0.816577,0.064161,0.033527,-0.050121,0.094919,-0.853214,-0.51285,0.034557,-0.512041,0.858265,-0.994884,-0.099188,-0.019119,0.015325,0.002856,0.002152,-0.002957,0.034713,-0.064964,0.124245
66,0.054476,0.022242,0.386566,0.035477,-0.881285,-0.4713,-0.008474,-0.471875,0.881609,-0.999392,-0.02619,-0.023616,0.031185,0.007244,0.005302,0.012374,-0.051132,0.09041,0.228749,-0.102347,0.044496,0.35359,-0.129627,-0.852277,0.506766,0.35199,0.438122,0.827095,-0.926752,0.286652,0.242537,-0.012293,-0.002248,-0.000273,-0.002045,0.015205,-0.029245,-0.769907,0.038634,0.040253,-0.008017,0.184629,0.791392,0.582759,-0.196106,-0.551364,0.810887,0.963043,-0.263996,0.053398,-5e-05,0.000215,0.000147,1.1e-05,0.000366,-0.000276,-0.81674,0.064777,0.033674,-0.05005,0.084288,-0.856357,-0.509456,0.031053,-0.50877,0.860341,-0.995956,-0.088337,-0.01629,0.015684,0.003829,0.002774,0.106867,-0.005464,-0.12964,0.125551
67,0.055512,0.0225,0.386752,0.036757,-0.885623,-0.462997,-0.005557,-0.463514,0.886056,-0.999367,-0.028898,-0.021376,0.030188,0.005105,0.003816,-0.081733,-0.199667,0.019071,0.242159,-0.102492,0.044455,0.353613,-0.129686,-0.851992,0.507231,0.351948,0.438571,0.826875,-0.92676,0.286814,0.242316,-3.5e-05,0.000152,0.000101,0.0,-0.0,-0.0,-0.770639,0.038556,0.040232,-0.008005,0.184788,0.791039,0.583189,-0.196093,-0.551799,0.810595,0.963016,-0.264148,0.053151,-2e-05,8e-05,5.6e-05,9.9e-05,0.000167,-1e-05,-0.812495,0.06532,0.033813,-0.04995,0.085644,-0.860926,-0.501469,0.033494,-0.500546,0.865061,-0.995762,-0.090884,-0.014033,0.015048,0.002447,0.00182,-0.107231,-0.218251,0.016256,0.132573
68,0.055927,0.02261,0.386841,0.036473,-0.886603,-0.461139,-0.004474,-0.461616,0.887053,-0.999383,-0.029191,-0.020223,0.01693,0.006984,0.00484,-0.00528,0.059347,-0.123442,0.250502,-0.102535,0.044429,0.353623,-0.129499,-0.853397,0.504911,0.352231,0.43628,0.827965,-0.926679,0.28613,0.243433,-0.0,2e-06,1e-06,0.005386,-0.0091,0.019719,-0.770305,0.038535,0.040219,-0.008,0.184173,0.792729,0.581085,-0.196277,-0.549628,0.812024,0.963096,-0.263606,0.054367,2e-06,-1.2e-05,-6e-06,0.017962,-0.030254,0.065684,-0.812985,0.065523,0.033868,-0.049905,0.085933,-0.861942,-0.499671,0.034377,-0.498662,0.866114,-0.995707,-0.091605,-0.01322,0.008486,0.003545,0.002441,0.01145,-0.022645,0.065847,0.140084
69,0.056684,0.022783,0.386917,0.036214,-0.88832,-0.457844,-0.002122,-0.458243,0.888809,-0.9994,-0.030114,-0.017903,0.027809,-0.000375,0.00013,0.002796,-0.04235,0.084854,0.269998,-0.102534,0.044371,0.353654,-0.129494,-0.853325,0.505034,0.352095,0.436443,0.827937,-0.926731,0.286096,0.243273,2.5e-05,-0.000107,-7.1e-05,0.0,-0.0,-0.0,-0.769628,0.038536,0.040189,-0.007984,0.184198,0.792612,0.581237,-0.196135,-0.549821,0.811927,0.96312,-0.263556,0.054183,1.4e-05,-6.7e-05,-4.5e-05,1.7e-05,0.000153,-0.000168,-0.813638,0.065897,0.033959,-0.049864,0.085655,-0.863868,-0.496381,0.036635,-0.495144,0.868037,-0.99565,-0.092537,-0.010764,0.007499,0.001221,0.000889,9e-05,-0.027919,0.059396,0.158373
70,0.057188,0.022957,0.386822,0.03714,-0.893064,-0.448444,0.00121,-0.448744,0.893644,-0.999368,-0.032624,-0.015021,0.015275,0.010149,-0.009083,0.034642,-0.049435,0.069339,0.307506,-0.102475,0.044303,0.353732,-0.129253,-0.854803,0.502591,0.352156,0.434117,0.829134,-0.926742,0.285224,0.244254,-0.000312,0.001349,0.000896,0.001615,-0.002728,0.005917,-0.769639,0.038566,0.040153,-0.007947,0.183504,0.794393,0.579021,-0.196083,-0.547607,0.813435,0.963264,-0.262805,0.055279,-0.000179,0.000768,0.000509,-0.000561,-0.000645,-0.000212,-0.814128,0.06616,0.034045,-0.049913,0.087087,-0.868946,-0.487183,0.039348,-0.485659,0.873261,-0.995422,-0.09522,-0.008103,0.00755,0.004863,-0.004691,0.042182,-0.044165,0.082636,0.196583
71,0.057278,0.023311,0.386624,0.036348,-0.895521,-0.443583,0.004258,-0.443764,0.896117,-0.999388,-0.03335,-0.011758,0.00231,0.012564,-0.007667,0.034623,-0.033193,0.040537,0.340739,-0.102387,0.044231,0.353839,-0.129185,-0.854838,0.502548,0.351819,0.434195,0.829236,-0.92688,0.284996,0.243997,0.001926,-0.010755,0.008274,-0.036087,0.005057,-0.021053,-0.770253,0.038608,0.040124,-0.007895,0.183438,0.794401,0.579031,-0.195746,-0.547713,0.813445,0.963344,-0.26256,0.055029,-3.7e-05,0.000154,0.000102,-1.3e-05,0.000105,-0.000109,-0.814944,0.066203,0.034215,-0.05001,0.086409,-0.871638,-0.482472,0.042165,-0.48065,0.875898,-0.995366,-0.096029,-0.004781,-0.005371,0.007372,-0.003208,0.030958,-0.005844,-0.010543,0.242468
72,0.057203,0.023563,0.38649,0.036633,-0.895471,-0.443659,0.004889,-0.443823,0.896085,-0.999375,-0.033884,-0.011322,0.003521,0.022463,-0.017088,0.068409,-0.05349,0.055314,0.354702,-0.102346,0.044212,0.35388,-0.129183,-0.854794,0.502623,0.351702,0.434304,0.829229,-0.926924,0.284961,0.243869,0.012185,0.002732,0.000594,0.002045,-0.015205,0.029245,-0.770122,0.038624,0.04011,-0.007871,0.183458,0.794323,0.579131,-0.195608,-0.547851,0.813385,0.963369,-0.262505,0.054868,-2.2e-05,9.1e-05,5.9e-05,3.8e-05,4.8e-05,-2.8e-05,-0.815271,0.066165,0.034344,-0.050081,0.08671,-0.871535,-0.482605,0.04281,-0.480723,0.875826,-0.995313,-0.096603,-0.004373,0.001717,0.011117,-0.00862,0.067967,-0.05316,0.055849,0.264675
73,0.056882,0.024089,0.386163,0.037491,-0.895161,-0.444213,0.006329,-0.444335,0.895822,-0.999336,-0.035286,-0.010434,-0.011637,0.012544,-0.007854,0.032794,-0.005603,-0.014786,0.368004,-0.102327,0.044204,0.353919,-0.129157,-0.854821,0.502583,0.351604,0.434302,0.829271,-0.926965,0.284882,0.243806,-6.9e-05,0.000299,0.000199,0.0,0.0,0.0,-0.769623,0.038639,0.040107,-0.007852,0.18342,0.794368,0.579082,-0.195504,-0.547831,0.813424,0.963397,-0.262411,0.054818,-3.9e-05,0.000165,0.000108,4.3e-05,2e-05,-2.2e-05,-0.812495,0.06601,0.034606,-0.05024,0.087523,-0.871143,-0.483165,0.044243,-0.481149,0.875521,-0.995179,-0.098005,-0.003569,0.000277,0.004145,-0.005237,0.033618,-0.020025,0.014803,0.292108
74,0.056508,0.024626,0.385757,0.041875,-0.892086,-0.449971,0.003142,-0.450277,0.892868,-0.999183,-0.037696,-0.015486,-0.010432,0.022377,-0.017302,0.062637,-0.031319,-0.000663,0.372841,-0.102409,0.044189,0.353894,-0.129278,-0.854469,0.503152,0.351682,0.434799,0.828978,-0.926919,0.285183,0.243632,4.9e-05,-0.000211,-0.00014,0.0,0.0,0.0,-0.769632,0.038597,0.040099,-0.007864,0.183646,0.793956,0.579575,-0.195614,-0.548293,0.813086,0.963332,-0.262693,0.054617,3.3e-05,-0.000139,-9.1e-05,9e-06,2.4e-05,-2e-06,-0.812658,0.065822,0.034868,-0.050441,0.091757,-0.867553,-0.488806,0.041174,-0.487151,0.872346,-0.994929,-0.10017,-0.008979,-0.006003,0.005801,-0.00423,0.048141,4e-05,-0.010285,0.303538
75,0.056262,0.024956,0.385529,0.045821,-0.889166,-0.455335,-0.000719,-0.455873,0.890029,-0.999019,-0.039352,-0.020954,-0.011931,0.011799,-0.008338,-0.028152,-0.054063,0.003065,0.378423,-0.102541,0.04418,0.353867,-0.129355,-0.854225,0.503546,0.351778,0.435132,0.828763,-0.926871,0.285406,0.243551,-0.012202,-0.002656,-0.000544,-0.002045,0.015205,-0.029245,-0.768858,0.038532,0.040094,-0.007878,0.183795,0.793671,0.579917,-0.195733,-0.548602,0.812849,0.963279,-0.262907,0.054518,-0.006102,-0.001323,-0.000267,-0.002031,0.015218,-0.029224,-0.813148,0.065695,0.035042,-0.050561,0.095469,-0.864166,-0.494067,0.037549,-0.492854,0.8693,-0.994723,-0.101543,-0.014603,-0.005948,0.005929,-0.004145,-0.000196,-0.038544,0.008416,0.3086
76,0.055617,0.025824,0.384981,0.050643,-0.883714,-0.465327,-0.0066,-0.46624,0.884617,-0.998771,-0.040632,-0.028859,-0.022664,0.026363,-0.014835,0.061523,-0.014708,-0.024673,0.406367,-0.102753,0.044143,0.353875,-0.129188,-0.855498,0.501424,0.352103,0.433017,0.829732,-0.926772,0.28481,0.244625,-0.000423,0.001839,0.00122,0.002187,-0.015037,0.024485,-0.768695,0.038431,0.040072,-0.007877,0.183233,0.795205,0.577991,-0.195967,-0.546599,0.814141,0.963339,-0.262445,0.055679,-7.1e-05,0.000311,0.00021,-0.001544,0.001432,-0.00431,-0.813801,0.065384,0.035456,-0.050825,0.099894,-0.857875,-0.504055,0.032363,-0.503519,0.863377,-0.994471,-0.102559,-0.022535,-0.011487,0.012798,-0.007666,0.051689,-0.016199,0.034965,0.332604
77,0.054813,0.026688,0.384417,0.060339,-0.877419,-0.475963,-0.010832,-0.477408,0.878599,-0.998207,-0.04677,-0.037712,-0.023496,0.024306,-0.016184,0.057423,0.062997,-0.18626,0.441931,-0.102936,0.044143,0.353892,-0.129055,-0.856704,0.499395,0.352455,0.430976,0.830644,-0.926657,0.28428,0.245675,-0.012638,-0.000751,0.000717,0.000287,-7.7e-05,-0.004228,-0.768613,0.03834,0.040073,-0.007867,0.182724,0.796647,0.576163,-0.196231,-0.544687,0.815358,0.963381,-0.262047,0.056799,-4e-05,0.000177,0.000121,-0.001763,0.001251,-0.004411,-0.814454,0.06498,0.0359,-0.051111,0.10904,-0.850502,-0.514543,0.028895,-0.514699,0.856883,-0.993617,-0.108303,-0.031548,-0.011909,0.01175,-0.008345,0.066359,-0.044745,0.005764,0.376203
