frame,MLTx,MLTy,MLTz,MLTR1,MLTR2,MLTR3,MLTR4,MLTR5,MLTR6,MLTR7,MLTR8,MLTR9,MLTTVx,MLTTVy,MLTTVz,MLTRVx,MLTRVy,MLTRVz,MLGA,MRTx,MRTy,MRTz,MRTR1,MRTR2,MRTR3,MRTR4,MRTR5,MRTR6,MRTR7,MRTR8,MRTR9,MRTTVx,MRTTVy,MRTTVz,MRTRVx,MRTRVy,MRTRVz,MRGA,SLTx,SLTy,SLTz,SLTR1,SLTR2,SLTR3,SLTR4,SLTR5,SLTR6,SLTR7,SLTR8,SLTR9,SLTTVx,SLTTVy,SLTTVz,SLTRVx,SLTRVy,SLTRVz,SLGA,SRTx,SRTy,SRTz,SRTR1,SRTR2,SRTR3,SRTR4,SRTR5,SRTR6,SRTR7,SRTR8,SRTR9,SRTTVx,SRTTVy,SRTTVz,SRTRVx,SRTRVy,SRTRVz,SRGA
2126,0.161719,-0.019657,0.360075,-0.859052,0.438785,-0.263709,-0.499771,-0.830462,0.246036,-0.109979,0.342601,0.933036,-0.014882,-0.008826,-0.006941,-0.001852,0.027424,-0.055404,-0.882235,-0.13125,0.021881,0.318899,-0.972879,-0.045057,-0.226864,-0.097287,-0.810422,0.577655,-0.208643,0.584112,0.784312,-0.000494,0.003843,0.003397,0.230067,-0.322599,0.033254,-1.403274,0.063308,0.055321,-0.012,0.921898,0.141477,-0.360676,0.063634,0.863007,0.501168,0.38217,-0.484977,0.786602,-0.000283,0.002175,0.001923,0.267307,-0.915382,0.433406,-0.89316,0.079515,0.030263,-0.037886,0.942445,-0.323931,-0.082855,0.334178,0.904408,0.265275,-0.010995,-0.277695,0.960605,-0.007436,-0.004417,-0.003465,-0.001566,0.027378,-0.055539,-0.900077
2127,0.161472,-0.019771,0.359907,-0.859098,0.438727,-0.263657,-0.499682,-0.830552,0.245914,-0.110027,0.342458,0.933083,-0.014894,0.002586,-0.01525,0.033842,0.015762,-0.036393,-0.882603,-0.131232,0.021906,0.318985,-0.972811,-0.04495,-0.227175,-0.097575,-0.810373,0.577676,-0.208823,0.58419,0.784206,-0.000348,0.002706,0.002391,0.003308,-0.001486,-0.001315,-1.403524,0.063316,0.055334,-0.011956,0.921543,0.142136,-0.361324,0.063049,0.863457,0.500465,0.383122,-0.483981,0.786751,0.000534,-0.00397,0.005343,-0.044734,-0.007531,-0.002991,-0.893161,0.079392,0.030204,-0.037971,0.942517,-0.323759,-0.082701,0.333972,0.904521,0.265146,-0.011038,-0.277525,0.960654,-0.007377,-0.003636,-0.002831,-0.001807,0.027383,-0.055525,-0.900403
2128,0.161027,-0.019942,0.359657,-0.859184,0.438619,-0.263556,-0.499521,-0.8307,0.245739,-0.110085,0.342236,0.933157,-0.014608,-0.005197,-0.003992,-0.001851,0.027435,-0.055399,-0.884171,-0.131209,0.021886,0.319111,-0.972815,-0.044984,-0.227153,-0.097597,-0.8102,0.577914,-0.208796,0.584426,0.784037,-8.4e-05,0.000652,0.000576,1e-06,-0.0,-0.0,-1.403309,0.063327,0.055327,-0.011891,0.92156,0.142179,-0.361263,0.063154,0.863234,0.500837,0.383063,-0.484367,0.786543,-3.6e-05,0.000264,0.000233,-0.000792,0.000764,0.000984,-0.887772,0.079158,0.030116,-0.038105,0.942549,-0.323681,-0.082645,0.333885,0.904625,0.264904,-0.010981,-0.277279,0.960726,-0.007285,-0.002433,-0.001854,-0.001821,0.027408,-0.055488,-0.901873
2129,0.16062,-0.020041,0.359491,-0.856571,0.443696,-0.263563,-0.50441,-0.827792,0.245567,-0.108156,0.342733,0.933201,-0.014461,-0.003344,-0.002476,-0.001851,0.027439,-0.055397,-0.883862,-0.131172,0.021837,0.319156,-0.972673,-0.046481,-0.22746,-0.096105,-0.811527,0.5763,-0.210136,0.582466,0.785136,-0.0,1e-06,1e-06,0.265146,-0.119161,-0.105345,-1.403348,0.063346,0.0553,-0.01187,0.921375,0.142766,-0.361502,0.062317,0.863799,0.499965,0.383643,-0.483184,0.786987,6e-06,-6.3e-05,-5.7e-05,0.40243,-0.146606,-0.094502,-0.891201,0.07896,0.030068,-0.038186,0.940655,-0.329116,-0.082751,0.339119,0.902422,0.265763,-0.01279,-0.278054,0.960479,-0.000118,-0.00139,-0.001139,0.006238,-0.087866,0.178164,-0.902036
2130,0.160314,-0.020113,0.359397,-0.853601,0.449142,-0.263976,-0.50979,-0.824562,0.245321,-0.106422,0.343415,0.933149,-0.000246,-0.002813,-0.002321,0.00598,-0.087832,0.178347,-0.883152,-0.131179,0.021816,0.319139,-0.97269,-0.046514,-0.227379,-0.096033,-0.81152,0.576322,-0.210089,0.582474,0.785143,7e-06,-5.8e-05,-5.1e-05,5.7e-05,-2.5e-05,-2.3e-05,-1.403199,0.063343,0.055287,-0.011881,0.921209,0.143643,-0.361579,0.061249,0.864219,0.499372,0.384215,-0.482172,0.787329,5e-06,-3.7e-05,-3.2e-05,-0.002544,0.000659,5.4e-05,-0.893487,0.078802,0.030033,-0.038232,0.938607,-0.334821,-0.08313,0.344683,0.900039,0.266689,-0.014473,-0.278969,0.96019,-0.000138,-0.001569,-0.001288,0.00054,0.012686,-0.026048,-0.9022
2131,0.160183,-0.020155,0.359365,-0.853375,0.449405,-0.264257,-0.510131,-0.824386,0.245203,-0.106597,0.343492,0.933101,-0.014345,-0.001898,-0.001291,-0.000984,0.014715,-0.029553,-0.882295,-0.131198,0.021806,0.319133,-0.972704,-0.046544,-0.227316,-0.095974,-0.811514,0.57634,-0.210055,0.582479,0.785148,4e-06,-2.7e-05,-2.4e-05,1e-06,-0.0,-0.0,-1.403423,0.063333,0.055282,-0.011884,0.92123,0.143665,-0.361516,0.061213,0.864197,0.499414,0.38417,-0.482205,0.787331,1e-06,-8e-06,-5e-06,-0.000671,0.000537,0.000765,-0.894304,0.078741,0.030012,-0.038248,0.93842,-0.335241,-0.08354,0.345201,0.899862,0.266613,-0.014205,-0.279034,0.960175,-0.000122,-0.001385,-0.001137,-0.000634,0.012662,-0.026085,-0.901873
2132,0.159984,-0.020242,0.359297,-0.852697,0.450193,-0.265102,-0.511152,-0.82386,0.244847,-0.107121,0.343723,0.932956,-0.014381,-0.002238,-0.001576,-0.001851,0.027441,-0.055396,-0.879467,-0.131198,0.021806,0.319133,-0.972733,-0.046595,-0.227179,-0.095857,-0.811502,0.576377,-0.209972,0.582492,0.785161,0.0,-0.0,-0.0,0.0,-0.0,-0.0,-1.403384,0.063333,0.055283,-0.011884,0.921274,0.143698,-0.361389,0.061136,0.864171,0.49947,0.384075,-0.482243,0.787354,3e-06,5e-06,6e-06,-0.000302,0.000406,0.000554,-0.895447,0.078642,0.029971,-0.03828,0.938009,-0.336165,-0.084441,0.346341,0.899467,0.266469,-0.013625,-0.279196,0.960136,-7.4e-05,-0.000839,-0.000687,0.00602,-0.087867,0.178172,-0.900567
2133,0.159858,-0.020331,0.359213,-0.85216,0.450815,-0.265772,-0.511957,-0.823451,0.24454,-0.107552,0.343886,0.932847,-0.000217,-0.002437,-0.002015,0.0,0.0,0.0,-0.877006,-0.131183,0.021844,0.319151,-0.972822,-0.04674,-0.226769,-0.095506,-0.811481,0.576465,-0.209722,0.582511,0.785214,-0.000118,0.000913,0.000806,-0.014899,0.111423,-0.164051,-1.403293,0.063341,0.0553,-0.011876,0.921359,0.1438,-0.361133,0.060934,0.864136,0.499554,0.383904,-0.482275,0.787418,-8.8e-05,0.000702,0.000621,-0.000161,0.000235,0.00042,-0.895447,0.078574,0.029926,-0.038323,0.937701,-0.336853,-0.085114,0.34719,0.899179,0.266337,-0.013183,-0.279295,0.960114,-0.00013,-0.00148,-0.001223,3.2e-05,-4e-05,-0.00012,-0.89926
2134,0.159779,-0.020382,0.359173,-0.851957,0.45105,-0.266023,-0.512261,-0.823294,0.244434,-0.107708,0.343954,0.932803,-0.00018,-0.002015,-0.001667,0.0,0.0,0.0,-0.875489,-0.131134,0.021862,0.319174,-0.972907,-0.046875,-0.226377,-0.095184,-0.81143,0.57659,-0.209476,0.582571,0.785235,-9.2e-05,0.000711,0.000627,0.0,-0.0,-0.0,-1.403312,0.063365,0.05531,-0.011864,0.921516,0.144036,-0.360639,0.060539,0.864034,0.499778,0.38359,-0.482387,0.787502,-6.7e-05,0.00052,0.000458,-0.000136,0.00024,0.000316,-0.895773,0.078534,0.0299,-0.038343,0.93758,-0.337124,-0.085378,0.347524,0.899062,0.266294,-0.013013,-0.279343,0.960102,-0.007194,-0.001126,-0.000796,-0.000959,0.014684,-0.029651,-0.898117
2135,0.159606,-0.020422,0.359143,-0.851705,0.451342,-0.266335,-0.512639,-0.823097,0.244301,-0.107901,0.34404,0.932749,-1.6e-05,-0.000182,-0.000151,0.0,0.0,0.0,-0.87566,-0.130962,0.021953,0.31922,-0.97299,-0.046957,-0.226001,-0.094902,-0.811411,0.576663,-0.209218,0.58259,0.78529,0.013168,0.003624,0.00162,0.002045,-0.015205,0.029245,-1.403113,0.063447,0.055353,-0.011842,0.921642,0.144161,-0.360265,0.060266,0.863983,0.499899,0.383329,-0.482441,0.787596,-0.000139,0.001081,0.000952,0.002007,-0.016006,0.023971,-0.896263,0.078447,0.029877,-0.038361,0.937429,-0.337461,-0.085706,0.347939,0.898918,0.266241,-0.012803,-0.279403,0.960088,-1e-06,-9e-06,-5e-06,0.006015,-0.08785,0.178279,-0.897464
2136,0.159415,-0.020413,0.359154,-0.851173,0.451955,-0.266994,-0.513435,-0.822684,0.244021,-0.10831,0.344221,0.932635,-0.0,-0.0,-0.0,0.0,0.0,0.0,-0.875839,-0.130705,0.022025,0.319265,-0.973051,-0.046982,-0.225732,-0.094738,-0.811371,0.576746,-0.209008,0.582644,0.785305,0.013182,0.00349,0.001498,0.004207,-0.031349,0.053017,-1.403186,0.063575,0.05539,-0.011819,0.921741,0.144216,-0.359991,0.060113,0.863927,0.500014,0.383116,-0.482525,0.787648,0.006677,0.001084,0.000163,0.001908,-0.015123,0.029363,-0.896263,0.078352,0.029883,-0.038354,0.937108,-0.338175,-0.086398,0.348818,0.89861,0.26613,-0.01236,-0.27953,0.960056,-0.007065,0.000346,0.000421,0.005033,-0.073137,0.148737,-0.897137
2137,0.159224,-0.020397,0.359158,-0.850328,0.452927,-0.268039,-0.514692,-0.822037,0.243552,-0.108973,0.344488,0.932459,-0.01416,0.000358,0.000561,-0.000984,0.014715,-0.029553,-0.872993,-0.130388,0.022103,0.319282,-0.973753,-0.046877,-0.222707,-0.092967,-0.811546,0.576788,-0.206534,0.582409,0.786134,0.013364,0.002088,0.000259,0.002045,-0.015205,0.029245,-1.402844,0.063733,0.055431,-0.011808,0.922837,0.144447,-0.35708,0.058357,0.863892,0.500283,0.380742,-0.482518,0.788803,0.006683,0.001039,0.00012,0.001554,-0.018227,0.031111,-0.896753,0.078257,0.029892,-0.038351,0.936597,-0.339306,-0.087497,0.350213,0.898127,0.265927,-0.011647,-0.279709,0.960014,-0.007082,0.000174,0.000279,-0.000933,0.014708,-0.029602,-0.896648
2138,0.159106,-0.020406,0.359153,-0.850032,0.453266,-0.268403,-0.515132,-0.821808,0.243396,-0.109199,0.344589,0.932395,-0.014249,-0.000611,-0.000242,-0.000984,0.014715,-0.029553,-0.872511,-0.130221,0.022152,0.319305,-0.974314,-0.04659,-0.2203,-0.091694,-0.811761,0.576688,-0.204456,0.582131,0.786883,0.013138,0.003787,0.001755,0.004238,-0.031201,0.052915,-1.402997,0.063817,0.055452,-0.0118,0.92375,0.144449,-0.354709,0.057034,0.863939,0.500355,0.378722,-0.482433,0.789826,-5.3e-05,0.000406,0.000352,0.014107,-0.116952,0.167259,-0.896753,0.078203,0.02989,-0.038352,0.93641,-0.339719,-0.087897,0.350721,0.897949,0.265861,-0.011391,-0.279782,0.959995,-6.4e-05,-0.000717,-0.000589,-0.000817,0.012726,-0.025891,-0.895831
2139,0.158817,-0.020428,0.359154,-0.849664,0.45369,-0.268853,-0.515683,-0.821513,0.243226,-0.109464,0.344734,0.93231,-0.014251,-0.000603,-0.000238,-0.000984,0.014715,-0.029553,-0.872677,-0.12983,0.022291,0.31938,-0.975345,-0.045861,-0.215846,-0.089481,-0.812225,0.576383,-0.200506,0.581541,0.788334,-0.000399,0.002994,0.002638,0.002259,-0.01565,0.023434,-1.403112,0.064018,0.055521,-0.011763,0.925424,0.144225,-0.350412,0.054776,0.864107,0.500317,0.374952,-0.4822,0.791765,0.006561,0.001922,0.000895,0.001328,-0.020078,0.031921,-0.898713,0.078059,0.029878,-0.038352,0.936187,-0.340211,-0.08837,0.351325,0.897728,0.265807,-0.011098,-0.279892,0.959966,-0.007142,-0.000485,-0.000267,0.005001,-0.07312,0.148756,-0.895178
2140,0.158429,-0.020478,0.359119,-0.849314,0.454091,-0.26928,-0.516202,-0.821242,0.243042,-0.109728,0.344852,0.932236,-0.000255,-0.00274,-0.00227,-0.000867,0.012728,-0.025842,-0.874722,-0.129464,0.022461,0.319483,-0.976398,-0.045223,-0.211168,-0.087078,-0.812668,0.576127,-0.19642,0.580971,0.789782,0.012977,0.004885,0.002711,0.002045,-0.015204,0.029244,-1.402993,0.064196,0.055607,-0.01171,0.927132,0.144131,-0.345905,0.052329,0.864232,0.500364,0.371061,-0.482004,0.793715,-0.000245,0.001811,0.001586,0.001434,-0.02116,0.026731,-0.900019,0.07786,0.029856,-0.038367,0.935976,-0.340674,-0.088816,0.351896,0.897526,0.265733,-0.010813,-0.279974,0.959945,-0.00715,-0.000532,-0.000305,0.005012,-0.073133,0.148774,-0.895504
2141,0.158171,-0.020515,0.359107,-0.849235,0.454184,-0.269374,-0.516323,-0.821171,0.243024,-0.109772,0.344899,0.932214,-0.014311,-0.001164,-0.00071,-0.000984,0.014715,-0.029553,-0.874562,-0.129303,0.022552,0.31953,-0.976909,-0.044893,-0.208866,-0.085904,-0.812908,0.575964,-0.194401,0.58066,0.790509,-0.000288,0.002132,0.001875,0.0,0.0,-0.0,-1.402993,0.064276,0.055655,-0.011685,0.927964,0.144067,-0.343695,0.051131,0.864313,0.500347,0.369143,-0.481878,0.794686,-0.000206,0.001512,0.001324,-0.00049,-0.003274,0.001965,-0.901815,0.077736,0.029834,-0.038376,0.935926,-0.340784,-0.088917,0.352029,0.897472,0.265741,-0.010759,-0.280016,0.959934,-0.007175,-0.000794,-0.000522,-0.000964,0.014703,-0.029568,-0.895505
2142,0.157556,-0.020624,0.359068,-0.849025,0.45443,-0.269623,-0.516646,-0.820979,0.242986,-0.109882,0.34503,0.932152,-0.028605,-0.001962,-0.001132,0.004018,-0.058389,0.119247,-0.875187,-0.129078,0.022629,0.31957,-0.977559,-0.043095,-0.206183,-0.086168,-0.811692,0.577637,-0.191005,0.582491,0.78999,-1.1e-05,7.8e-05,6.8e-05,-0.052269,0.023339,0.020703,-1.402775,0.064393,0.055698,-0.011662,0.929155,0.142763,-0.341011,0.051694,0.863191,0.502223,0.366057,-0.484272,0.794658,8e-06,-6.7e-05,-6.4e-05,-0.034539,0.023362,0.030277,-0.905734,0.077423,0.02978,-0.038395,0.935805,-0.341052,-0.089163,0.352354,0.897335,0.265774,-0.010634,-0.280129,0.959902,-0.014311,-0.001071,-0.000633,0.004015,-0.058377,0.119233,-0.895994
2143,0.156852,-0.020764,0.359018,-0.848815,0.454676,-0.269867,-0.51697,-0.820779,0.242972,-0.109976,0.345181,0.932085,-0.014493,-0.00282,-0.002102,-0.000984,0.014715,-0.029553,-0.880145,-0.128942,0.022608,0.319535,-0.978133,-0.042932,-0.203479,-0.084639,-0.811882,0.577596,-0.188752,0.582238,0.790717,0.000161,-0.001181,-0.001039,-1.1e-05,5e-06,4e-06,-1.402845,0.064461,0.055686,-0.01168,0.930104,0.142671,-0.338452,0.050323,0.863283,0.502203,0.36383,-0.484134,0.795764,0.000108,-0.000791,-0.000699,0.001144,-0.000629,0.000186,-0.907693,0.077076,0.02971,-0.03842,0.935669,-0.341354,-0.089437,0.35272,0.897175,0.265826,-0.0105,-0.280272,0.959862,-0.007277,-0.001721,-0.001297,-0.001831,0.027434,-0.055403,-0.896811
2144,0.156506,-0.020846,0.359009,-0.847898,0.455033,-0.272137,-0.517883,-0.820809,0.240921,-0.112695,0.34464,0.931961,-0.014465,-0.002461,-0.00181,1.78698,-1.838718,0.969867,-0.883651,-0.128944,0.022545,0.319495,-0.97817,-0.04301,-0.203286,-0.084472,-0.81185,0.577666,-0.188637,0.582278,0.790716,0.000442,-0.003245,-0.002857,-0.002178,0.016143,-0.023771,-1.403035,0.06446,0.055657,-0.011699,0.930152,0.142777,-0.338276,0.050165,0.863243,0.502289,0.363729,-0.484175,0.795785,0.000231,-0.0017,-0.0015,-0.001906,0.015867,-0.024062,-0.910469,0.076903,0.029668,-0.038425,0.935584,-0.341543,-0.089605,0.352947,0.897065,0.265897,-0.010433,-0.280395,0.959827,-0.007244,-0.006659,0.003481,-0.031533,-0.04834,0.104135,-0.89877
2145,0.155794,-0.020964,0.35899,-0.847972,0.454959,-0.272032,-0.517793,-0.820818,0.24108,-0.112557,0.344715,0.931949,-0.014349,-0.001187,-0.000758,0.005011,-0.073043,0.14883,-0.890598,-0.129061,0.022355,0.319344,-0.978298,-0.043309,-0.202602,-0.083848,-0.811792,0.577839,-0.18825,0.582338,0.790764,-0.012563,-0.007953,-0.005416,0.0108,-0.080059,0.111035,-1.402889,0.064406,0.055566,-0.011771,0.93035,0.143203,-0.33755,0.049495,0.86311,0.502584,0.363314,-0.484286,0.795907,0.000402,-0.002956,-0.002604,-0.002073,0.015988,-0.024023,-0.911612,0.076542,0.029606,-0.038437,0.935274,-0.341843,-0.091671,0.35383,0.897247,0.264103,-0.00803,-0.279445,0.960127,-0.007169,-0.000535,-0.00032,0.004875,-0.07289,0.148772,-0.903016
2146,0.155184,-0.021026,0.359016,-0.845584,0.459621,-0.271629,-0.522193,-0.81794,0.24137,-0.11019,0.345364,0.931992,-0.014213,0.000191,0.000382,-0.000987,0.014717,-0.029544,-0.894101,-0.129174,0.022061,0.31909,-0.976592,-0.043771,-0.21058,-0.088382,-0.811225,0.577959,-0.194881,0.583093,0.788598,0.001116,-0.00825,-0.007294,-0.002178,0.01613,-0.023761,-1.403088,0.064344,0.055418,-0.011898,0.927537,0.142714,-0.345409,0.054164,0.863128,0.502071,0.369785,-0.484398,0.792854,-0.006129,-0.005132,-0.003735,-0.003114,0.038164,-0.057147,-0.911939,0.076236,0.029575,-0.038424,0.933485,-0.346789,-0.091335,0.358468,0.895035,0.265354,-0.010274,-0.280444,0.959815,-0.007099,0.000179,0.000268,0.001024,0.014734,-0.029559,-0.906771
2147,0.154751,-0.020999,0.359086,-0.842968,0.464492,-0.271475,-0.526864,-0.8149,0.241505,-0.108003,0.346028,0.932002,-0.013963,0.002601,0.002383,-0.136012,0.134836,0.434013,-0.891614,-0.129423,0.021629,0.31877,-0.975969,-0.045681,-0.213048,-0.087915,-0.81239,0.576391,-0.198164,0.581324,0.789086,0.001562,-0.011629,-0.010317,-0.003865,0.026142,-0.044379,-1.403103,0.06422,0.055201,-0.012059,0.926352,0.144366,-0.347891,0.053268,0.864133,0.500434,0.372869,-0.482111,0.792802,0.000806,-0.005957,-0.005278,-0.011914,0.032626,-0.051311,-0.907857,0.076025,0.029585,-0.038392,0.932149,-0.350386,-0.091252,0.361883,0.893418,0.266163,-0.011733,-0.281126,0.959598,-0.006815,0.001826,0.001627,-1.504427,1.343543,5.144308,-0.907915
2148,0.154631,-0.020949,0.359183,-0.844661,0.463971,-0.267068,-0.525267,-0.81464,0.245821,-0.102464,0.347335,0.932141,0.000483,0.004617,0.00384,0.000835,-0.012671,0.025832,-0.894083,-0.12956,0.021351,0.318544,-0.97603,-0.045853,-0.212727,-0.087598,-0.812362,0.576479,-0.198001,0.58135,0.789108,-0.011578,-0.015704,-0.012358,-0.006366,0.047482,-0.076797,-1.402673,0.064155,0.055069,-0.012167,0.926439,0.144561,-0.34758,0.052994,0.864047,0.500613,0.372695,-0.482207,0.792826,0.000926,-0.006888,-0.006119,0.011415,-0.094058,0.139504,-0.905897,0.075965,0.029609,-0.038351,0.932352,-0.351017,-0.086632,0.361119,0.892422,0.270508,-0.01764,-0.283493,0.958811,0.00025,0.002425,0.002023,0.007879,-0.019659,0.028101,-0.907914
2149,0.154562,-0.020851,0.359546,-0.836474,0.492478,-0.240461,-0.544858,-0.794647,0.267652,-0.058232,0.354284,0.933338,0.000836,0.007985,0.006625,-0.502457,0.687629,-0.422456,-0.954298,-0.129918,0.02073,0.317962,-0.974658,-0.049417,-0.218155,-0.087059,-0.814865,0.573017,-0.204841,0.577547,0.790154,-0.011344,-0.01782,-0.014324,0.109145,-0.109267,0.047158,-1.402932,0.063977,0.054756,-0.01246,0.924008,0.147184,-0.352909,0.051869,0.866169,0.497051,0.378836,-0.477585,0.792713,-0.005654,-0.008987,-0.007223,0.110414,-0.02149,-0.106558,-0.903938,0.075925,0.029656,-0.038165,0.92334,-0.379225,-0.060248,0.379344,0.876581,0.296146,-0.059494,-0.296298,0.95324,0.000419,0.004078,0.003382,-1.742137,1.972258,-1.096169,-0.923101
2150,0.154766,-0.020411,0.35988,-0.823965,0.527657,-0.206651,-0.566597,-0.774089,0.282357,-0.009957,0.349079,0.937055,0.01545,0.011971,0.009669,-1.130226,1.998972,5.098765,-1.045064,-0.130417,0.020066,0.317235,-0.972261,-0.054273,-0.227493,-0.087176,-0.81877,0.567406,-0.215819,0.571564,0.79158,-0.01269,-0.00827,-0.023717,0.085388,0.008148,-0.07642,-1.403029,0.063732,0.054426,-0.012816,0.919736,0.151093,-0.362292,0.050532,0.869697,0.49099,0.389269,-0.469889,0.792257,-0.006305,-0.004365,-0.012051,0.063661,-0.055245,-0.06396,-0.900835,0.076022,0.029873,-0.038,0.912422,-0.408416,-0.026087,0.395209,0.862777,0.315316,-0.106272,-0.298012,0.948627,0.000619,0.01128,0.000462,-0.324763,1.045328,-0.496634,-0.982539
2151,0.154831,-0.020159,0.360034,-0.820906,0.538328,-0.190687,-0.571093,-0.770142,0.284087,0.007093,0.341435,0.939893,0.001129,0.010878,0.00897,0.231525,0.4679,-0.190002,-1.087909,-0.13069,0.019791,0.316903,-0.972033,-0.055703,-0.228124,-0.085793,-0.820327,0.565365,-0.217389,0.569192,0.792859,-0.02493,-0.019661,-0.014504,0.030237,0.045321,-0.121423,-1.402992,0.063587,0.054273,-0.013,0.919232,0.152598,-0.36294,0.048531,0.870888,0.489079,0.390712,-0.467191,0.793142,-0.012463,-0.009768,-0.007187,0.000129,0.048053,-0.133957,-0.89659,0.07606,0.030006,-0.037917,0.905668,-0.423859,-0.010366,0.404694,0.856909,0.319263,-0.12644,-0.293341,0.947609,0.000577,0.005677,0.00468,0.32481,0.549753,-0.163677,-1.000664
2152,0.155149,-0.019762,0.36037,-0.81828,0.553515,-0.15519,-0.573388,-0.766349,0.289664,0.042418,0.325318,0.944667,0.015225,0.010207,0.008154,-0.217717,1.10669,-0.35339,-1.159297,-0.131348,0.01929,0.316321,-0.970374,-0.059058,-0.23426,-0.085597,-0.822962,0.561551,-0.224714,0.565038,0.793788,-0.011934,-0.014319,-0.011368,0.442487,-0.2749,-0.061418,-1.403522,0.063263,0.054025,-0.01329,0.91673,0.154209,-0.368542,0.048995,0.872136,0.486802,0.396489,-0.464324,0.791959,-0.005935,-0.007348,-0.005844,0.494367,-0.175427,-0.282117,-0.887935,0.076214,0.030205,-0.037748,0.898956,-0.437375,0.024092,0.406652,0.853726,0.325246,-0.162822,-0.282585,0.945322,0.007534,0.00442,0.003516,-1.317845,2.599383,-0.97897,-1.01487
2153,0.155599,-0.019465,0.360699,-0.813028,0.570121,-0.11829,-0.576405,-0.759177,0.30229,0.083546,0.313239,0.946007,0.000947,0.009338,0.007642,-1.567325,2.474645,-1.208887,-1.275213,-0.132092,0.018886,0.315914,-0.969751,-0.054472,-0.237922,-0.091809,-0.822036,0.561927,-0.224953,0.566838,0.792435,-0.026,-0.012288,-0.007936,-0.0459,-0.159151,0.051766,-1.403648,0.062897,0.053821,-0.013496,0.915962,0.150371,-0.372022,0.053673,0.872882,0.484969,0.397657,-0.464181,0.791457,-0.006238,-0.005111,-0.003827,-0.153117,-0.729631,0.436771,-0.881077,0.076445,0.030356,-0.037582,0.889341,-0.4534,0.059159,0.409645,0.847542,0.337434,-0.203133,-0.27586,0.939487,0.007503,0.004286,0.003387,0.359382,0.565871,-0.153183,-1.02777
2154,0.156024,-0.019019,0.361016,-0.805823,0.586102,-0.084725,-0.579147,-0.749982,0.31951,0.124723,0.305804,0.943904,0.015252,0.011109,0.008814,-0.061273,0.328742,0.16419,-1.365108,-0.132791,0.018444,0.315547,-0.96774,-0.058737,-0.244989,-0.0916,-0.824091,0.558942,-0.233489,0.563423,0.792401,-0.01233,-0.011849,-0.009202,0.26637,-0.316825,-0.045359,-1.403357,0.062541,0.053606,-0.013674,0.912761,0.152796,-0.378839,0.054019,0.874115,0.482704,0.404904,-0.461059,0.789605,-0.006151,-0.005999,-0.004657,0.321301,-0.888729,0.298721,-0.887445,0.076651,0.030575,-0.037427,0.878206,-0.468727,0.095117,0.409562,0.839713,0.356567,-0.247003,-0.274183,0.929415,0.007662,0.005941,0.004716,-0.234716,0.792928,1.09272,-1.047201
2155,0.156228,-0.018746,0.361183,-0.800332,0.595784,-0.067489,-0.581538,-0.74378,0.32951,0.147112,0.302219,0.941832,0.015369,0.012474,0.009899,-0.65226,1.28373,1.016854,-1.426794,-0.133124,0.018212,0.315377,-0.966975,-0.060669,-0.247528,-0.091025,-0.825209,0.557386,-0.236844,0.561583,0.792712,-0.025967,-0.013224,-0.008854,0.11316,-0.114729,0.04042,-1.403418,0.06237,0.053485,-0.013763,0.911151,0.15498,-0.381816,0.052289,0.875604,0.48019,0.408739,-0.457491,0.789704,-0.012979,-0.006608,-0.004411,0.096037,-0.106922,0.026179,-0.890385,0.076753,0.03071,-0.037344,0.871776,-0.477151,0.111047,0.410307,0.834986,0.366668,-0.267679,-0.274089,0.9237,0.007834,0.011961,0.000759,-2.121307,3.978253,3.9549,-1.055856
2156,0.156641,-0.018197,0.361607,-0.786468,0.616739,-0.033867,-0.588346,-0.731221,0.345161,0.189085,0.290612,0.937986,0.001466,0.014945,0.012088,-0.480248,0.80524,-0.515012,-1.491702,-0.133708,0.017732,0.314932,-0.965241,-0.061477,-0.254011,-0.09213,-0.829724,0.550458,-0.243368,0.554802,0.795506,-0.0122,-0.013443,-0.01073,0.303832,-0.214599,-0.00747,-1.403892,0.062087,0.053258,-0.013975,0.908725,0.154383,-0.387793,0.052735,0.879171,0.473579,0.414049,-0.450804,0.790783,-0.012901,-0.007485,-0.005242,0.47789,-0.14282,-0.222544,-0.888915,0.076965,0.030984,-0.037133,0.854409,-0.499455,0.143276,0.417016,0.823637,0.384343,-0.30997,-0.268638,0.912004,0.007711,0.006845,0.00541,-1.690212,2.259109,-1.207794,-1.04116
2157,0.15686,-0.017657,0.362013,-0.771145,0.636678,-0.004714,-0.595361,-0.718354,0.35984,0.226672,0.279499,0.93302,0.00128,0.013149,0.010581,-0.056872,0.205626,-0.322521,-1.520406,-0.134332,0.017223,0.314382,-0.963993,-0.0596,-0.259147,-0.095793,-0.831509,0.547129,-0.246862,0.552326,0.796153,-0.025612,-0.017317,-0.012737,0.183127,-0.025183,-0.183445,-1.404289,0.061775,0.053,-0.014253,0.906931,0.152394,-0.392748,0.055159,0.881295,0.469334,0.417651,-0.447318,0.790868,-0.006743,-0.001885,-0.009992,0.292852,-0.078924,-0.115284,-0.878628,0.077075,0.031253,-0.03693,0.836744,-0.520216,0.170976,0.423043,0.812362,0.401374,-0.347695,-0.263517,0.899814,0.000608,0.006391,0.005144,-0.567229,0.748983,-0.368066,-1.046222
2158,0.156891,-0.017423,0.362163,-0.769823,0.63828,0.004083,-0.593531,-0.718092,0.363369,0.235817,0.276508,0.931644,0.001063,0.010934,0.008781,-0.011246,0.162741,-0.331063,-1.518062,-0.134654,0.017037,0.314073,-0.963345,-0.059969,-0.261459,-0.096829,-0.831453,0.547032,-0.248967,0.552371,0.795465,-0.013639,-0.002776,-0.019126,0.035152,0.021283,-0.035176,-1.40422,0.06161,0.052898,-0.014408,0.905832,0.153118,-0.394997,0.055429,0.881543,0.468838,0.419994,-0.446583,0.790042,-0.006773,-0.001717,-0.009855,0.034673,-0.067202,0.099463,-0.880424,0.077091,0.031379,-0.036848,0.834183,-0.521333,0.17986,0.420334,0.812164,0.404607,-0.35701,-0.261915,0.896628,0.000529,0.005545,0.004456,-0.002643,0.152018,-0.33322,-1.050794
2159,0.156885,-0.017145,0.362359,-0.768556,0.639492,0.020415,-0.587905,-0.718347,0.37191,0.253452,0.273032,0.928031,0.000423,0.004351,0.003485,-0.517563,0.683615,-0.384597,-1.525939,-0.135464,0.016746,0.31337,-0.95987,-0.061369,-0.273634,-0.102887,-0.830857,0.546831,-0.259683,0.553115,0.791512,-0.027223,-0.005339,-0.019941,-0.015783,-0.154259,0.041719,-1.404316,0.06121,0.052755,-0.014758,0.900761,0.152936,-0.406496,0.061494,0.881609,0.467956,0.429938,-0.446513,0.784715,-0.006809,-0.001558,-0.009738,-0.127298,-0.740384,0.434477,-0.883853,0.077088,0.031527,-0.036743,0.830393,-0.521637,0.195809,0.413105,0.812225,0.411866,-0.373885,-0.261121,0.889957,0.000173,0.001837,0.001473,-0.567333,0.7444,-0.406226,-1.034465
2160,0.156742,-0.017136,0.362435,-0.764386,0.643865,0.034603,-0.585216,-0.715209,0.382061,0.271692,0.270986,0.92346,2e-06,2.6e-05,2.1e-05,-0.046117,0.0548,-0.020888,-1.53255,-0.136407,0.016588,0.312625,-0.958245,-0.056901,-0.280214,-0.110579,-0.830204,0.546321,-0.262497,0.554564,0.789567,-0.027501,-0.003287,-0.018095,0.030326,0.037653,-0.06335,-1.404926,0.060739,0.052672,-0.015134,0.898866,0.147624,-0.412609,0.069278,0.881841,0.466429,0.432712,-0.447842,0.78243,-0.013721,-0.001806,-0.009181,0.027974,0.06055,-0.088584,-0.8832,0.077017,0.03153,-0.036706,0.8244,-0.525783,0.209562,0.408924,0.809266,0.421743,-0.391336,-0.26199,0.882165,-0.007021,0.000133,0.000236,-0.159856,0.202454,-0.103332,-1.043446
2161,0.156568,-0.017135,0.362348,-0.759194,0.649464,0.043199,-0.587206,-0.71195,0.385081,0.281793,0.266172,0.921831,-0.014158,-0.000979,-0.000532,0.064956,0.081953,0.001185,-1.521738,-0.137342,0.016632,0.312049,-0.956745,-0.046637,-0.287149,-0.123487,-0.828821,0.545655,-0.262221,0.557569,0.787541,-0.028205,0.00303,-0.01222,0.030334,0.037589,-0.063379,-1.405136,0.060272,0.052685,-0.01543,0.897864,0.136598,-0.418545,0.082155,0.881972,0.464084,0.432538,-0.451071,0.780669,-0.007312,0.002856,-0.005647,0.034492,0.013139,-0.013396,-0.887446,0.076934,0.031527,-0.036753,0.81875,-0.531339,0.217546,0.410525,0.806661,0.425167,-0.401393,-0.258797,0.878582,-0.000114,-0.001148,-0.000916,0.076487,0.073801,0.04092,-1.039364
2162,0.156457,-0.017175,0.362291,-0.759048,0.649477,0.045489,-0.586105,-0.711987,0.386685,0.284473,0.266039,0.921046,-0.000298,-0.003021,-0.002422,-0.003194,0.005915,-0.001411,-1.513805,-0.1378,0.016709,0.311858,-0.955359,-0.043141,-0.292264,-0.129013,-0.829242,0.543734,-0.264595,0.557219,0.786994,-0.014756,0.006761,-0.01035,0.460803,-0.191023,-0.183498,-1.405194,0.060033,0.052726,-0.015529,0.896627,0.131447,-0.422824,0.088716,0.882225,0.462393,0.433806,-0.452105,0.779366,-0.007389,0.003593,-0.004962,0.59562,-0.199381,-0.130884,-0.888099,0.076874,0.031507,-0.036781,0.818035,-0.53151,0.219806,0.409386,0.80649,0.426587,-0.404006,-0.258977,0.87733,-0.000162,-0.00166,-0.001328,-0.006137,-0.005837,0.002632,-1.033812
2163,0.156238,-0.01733,0.362288,-0.756212,0.652452,0.049954,-0.588207,-0.711149,0.385035,0.28768,0.260968,0.9215,-0.014167,-0.000973,-0.000532,0.071097,-0.005384,0.179754,-1.509457,-0.138583,0.016807,0.311656,-0.951423,-0.050312,-0.303732,-0.127383,-0.834002,0.536793,-0.279105,0.549469,0.787431,-0.013663,-0.001672,3.9e-05,0.275261,-0.1144,-0.143868,-1.405341,0.059647,0.052777,-0.015629,0.89018,0.137264,-0.434438,0.085038,0.886722,0.454413,0.4476,-0.441453,0.77767,-0.014388,0.004351,-0.00345,0.378935,-0.129667,-0.179138,-0.888262,0.076769,0.031425,-0.036786,0.815055,-0.53431,0.224045,0.411532,0.80609,0.425274,-0.407829,-0.254421,0.876894,-0.0001,-0.001009,-0.000807,0.07143,0.071923,0.043131,-1.034302
2164,0.156108,-0.017373,0.36227,-0.754428,0.654493,0.050223,-0.590589,-0.710099,0.383321,0.28748,0.258708,0.9222,-0.000118,-0.001188,-0.000954,0.000975,0.001,0.000457,-1.498773,-0.139177,0.01692,0.31172,-0.950023,-0.051381,-0.307911,-0.125653,-0.840165,0.527511,-0.284586,0.5399,0.792075,-0.014049,0.002197,0.003656,0.297589,-0.245292,0.04119,-1.405508,0.05935,0.052832,-0.015598,0.888201,0.138187,-0.438179,0.080958,0.891703,0.44532,0.452263,-0.431008,0.780825,-0.006997,0.000847,0.001605,0.383554,-0.258424,0.01014,-0.881403,0.076699,0.031404,-0.036795,0.813339,-0.536934,0.224009,0.414677,0.805088,0.424116,-0.408069,-0.252059,0.877464,-7.2e-05,-0.000715,-0.00057,-0.001973,-0.094086,0.181953,-1.032995
2165,0.156094,-0.017392,0.362242,-0.752558,0.656633,0.050345,-0.593117,-0.708938,0.381566,0.287173,0.256468,0.922921,-0.000133,-0.001332,-0.00107,0.010991,0.011313,0.005173,-1.479097,-0.139348,0.016976,0.311806,-0.949419,-0.046318,-0.310563,-0.13085,-0.840905,0.525064,-0.28426,0.5392,0.792669,-0.000461,0.004579,0.004286,-0.03505,0.084656,0.539036,-1.405521,0.059264,0.05286,-0.015556,0.887544,0.135146,-0.440454,0.083377,0.893109,0.442045,0.453114,-0.429058,0.781406,-0.000477,0.002425,0.002236,-1.583428,2.811895,4.344531,-0.879281,0.076692,0.031395,-0.036809,0.811786,-0.539258,0.224059,0.417576,0.804281,0.422802,-0.408206,-0.249664,0.878085,-8.2e-05,-0.000814,-0.000651,0.000436,-0.088997,0.19367,-1.031525
2166,0.156151,-0.017464,0.362183,-0.751006,0.65862,0.04749,-0.59572,-0.706719,0.381626,0.28584,0.257489,0.92305,-0.000179,-0.001798,-0.001445,2e-06,2e-06,1e-06,-1.431539,-0.139623,0.017133,0.312024,-0.947981,-0.049678,-0.314414,-0.12802,-0.845009,0.519138,-0.290261,0.532445,0.795056,-0.014309,0.004974,0.006233,0.180711,-0.189972,0.09002,-1.405782,0.059122,0.052941,-0.015443,0.885425,0.13613,-0.444398,0.081068,0.896255,0.436065,0.457656,-0.42213,0.782532,-0.007169,0.002599,0.003227,0.180959,-0.190423,0.089287,-0.878464,0.07672,0.03136,-0.036837,0.811066,-0.541607,0.220979,0.420385,0.802378,0.423633,-0.406751,-0.250698,0.878466,0.006892,-0.001472,-0.001308,0.006127,-0.103576,0.206476,-1.020422
2167,0.156198,-0.017521,0.362136,-0.748731,0.661246,0.046922,-0.598868,-0.704979,0.379911,0.285222,0.255524,0.923787,-7e-05,-0.000708,-0.000569,0.020871,0.021766,0.009962,-1.404794,-0.139697,0.017452,0.312271,-0.9463,-0.044515,-0.320197,-0.135084,-0.845575,0.51642,-0.292529,0.531996,0.794525,-0.000977,0.009792,0.009118,0.02901,-0.150082,0.20632,-1.405878,0.059085,0.053094,-0.015325,0.883703,0.130804,-0.449397,0.08702,0.897497,0.432349,0.459885,-0.421175,0.781739,-0.000439,0.004387,0.004088,-0.005528,-0.018199,0.012138,-0.880914,0.076744,0.031329,-0.036863,0.809343,-0.544418,0.220391,0.423889,0.80117,0.422426,-0.406547,-0.248466,0.879194,-3.8e-05,-0.000379,-0.000306,0.006915,0.011777,0.02185,-1.019279
2168,0.156174,-0.017547,0.362115,-0.747801,0.662414,0.045238,-0.600399,-0.70366,0.379941,0.284438,0.256131,0.923861,-3e-05,-0.000301,-0.000242,4e-06,5e-06,2e-06,-1.402994,-0.139516,0.018001,0.312659,-0.945911,-0.039664,-0.32198,-0.139614,-0.846281,0.514053,-0.291665,0.53125,0.795341,0.012314,0.014559,0.011921,0.006729,-0.048098,0.076341,-1.406342,0.059171,0.053369,-0.015131,0.883711,0.125739,-0.450826,0.09122,0.898492,0.429407,0.459057,-0.420596,0.782537,-0.000641,0.006335,0.005873,-0.004841,-0.014446,0.02377,-0.879444,0.076732,0.031316,-0.036873,0.808871,-0.545877,0.218506,0.425605,0.799966,0.422982,-0.405693,-0.249141,0.879398,-1.1e-05,-0.000111,-8.8e-05,-0.00086,-0.001071,-0.000959,-1.027443
2169,0.156162,-0.017568,0.362112,-0.747217,0.663143,0.044187,-0.601348,-0.702827,0.379983,0.283966,0.256529,0.923896,-2.6e-05,-0.000261,-0.00021,0.0,0.0,0.0,-1.401547,-0.139411,0.018289,0.312896,-0.946128,-0.034012,-0.32199,-0.14466,-0.845454,0.514018,-0.2885,0.532947,0.79536,-0.001368,0.013538,0.012519,-0.011627,0.082158,-0.112674,-1.406421,0.059223,0.053509,-0.015016,0.88464,0.120052,-0.450553,0.096443,0.898278,0.428712,0.456189,-0.422709,0.783075,-0.000702,0.006937,0.006416,-0.013964,-0.008564,0.085291,-0.877975,0.076726,0.031305,-0.036875,0.808597,-0.546714,0.217423,0.426613,0.799288,0.423247,-0.405179,-0.249481,0.879538,-2e-06,-0.005304,0.00448,-0.035976,0.01148,-0.019863,-1.030383
2170,0.156153,-0.017561,0.362118,-0.745791,0.664912,0.041623,-0.603673,-0.700811,0.380019,0.282774,0.257457,0.924003,4e-06,3.8e-05,3.1e-05,0.0,0.0,0.0,-1.392272,-0.139188,0.018926,0.313382,-0.945561,-0.03312,-0.323743,-0.146224,-0.845658,0.513239,-0.289564,0.532678,0.795154,0.012006,0.01703,0.014098,0.006268,-0.047892,0.076525,-1.406035,0.059334,0.053832,-0.014768,0.884033,0.118908,-0.452046,0.097885,0.898563,0.427788,0.457059,-0.422427,0.78272,-0.000787,0.007672,0.007053,0.003112,-0.031663,0.049172,-0.878791,0.076721,0.03131,-0.036871,0.807914,-0.54876,0.214791,0.42911,0.797647,0.423819,-0.403903,-0.250241,0.879909,3e-06,3.6e-05,2.8e-05,0.00587,-0.087991,0.177714,-1.031036
2171,0.156163,-0.017561,0.362117,-0.744532,0.666459,0.039372,-0.605709,-0.699038,0.380044,0.28173,0.258274,0.924094,-3.7e-05,-0.000369,-0.000296,0.006005,-0.087636,0.178443,-1.386803,-0.139054,0.019515,0.313832,-0.945258,-0.028491,-0.325065,-0.15037,-0.846238,0.511081,-0.288435,0.532017,0.796006,-0.001127,0.010968,0.010037,0.016323,-0.022727,0.017936,-1.406103,0.059406,0.054134,-0.014537,0.884161,0.114007,-0.453056,0.101715,0.899526,0.424859,0.455972,-0.421727,0.783731,0.006185,0.006536,0.0052,0.008605,-0.054944,0.059481,-0.880424,0.076726,0.031311,-0.03687,0.807334,-0.550467,0.212595,0.431196,0.796271,0.42429,-0.40284,-0.250874,0.880216,-2.4e-05,-0.000246,-0.000198,-9.4e-05,-0.000256,-0.000488,-1.031036
2172,0.156162,-0.017583,0.362113,-0.742909,0.668226,0.040062,-0.607707,-0.698229,0.378338,0.281709,0.25589,0.924763,-5.9e-05,-0.000594,-0.000477,0.054623,0.058258,0.026703,-1.385061,-0.138985,0.019743,0.314003,-0.945169,-0.028334,-0.325337,-0.150619,-0.846286,0.510929,-0.288595,0.53195,0.795993,0.012538,0.011389,0.008847,0.004367,-0.031646,0.052799,-1.406013,0.059435,0.054248,-0.014451,0.884024,0.113861,-0.45336,0.101971,0.899546,0.424757,0.456181,-0.421725,0.78361,-0.001228,0.010826,0.000876,0.034555,-0.024637,0.041624,-0.881404,0.076726,0.0313,-0.036872,0.805991,-0.55224,0.213093,0.43342,0.795776,0.422949,-0.403143,-0.248534,0.880741,-4.5e-05,-0.000451,-0.000365,0.078214,-0.008916,0.220586,-1.030872
2173,0.156139,-0.017602,0.362098,-0.742201,0.669086,0.03881,-0.608838,-0.697236,0.378351,0.281129,0.256347,0.924813,-5.3e-05,-0.000531,-0.000428,0.006019,-0.087617,0.178452,-1.38518,-0.138896,0.020066,0.314297,-0.944767,-0.023643,-0.326877,-0.154975,-0.84677,0.508819,-0.287611,0.531401,0.796716,-0.00067,0.006475,0.005896,0.002584,-0.016556,0.02345,-1.406013,0.059484,0.054417,-0.014298,0.884084,0.109082,-0.454418,0.105852,0.900362,0.422068,0.455181,-0.421245,0.784449,-0.000301,0.002882,0.002622,-0.005141,0.000901,-0.001608,-0.88222,0.076714,0.03129,-0.03688,0.805489,-0.553447,0.211853,0.43481,0.794847,0.42327,-0.402648,-0.248824,0.880885,-3.4e-05,-0.000329,-0.000264,-0.001237,-0.001222,-0.000109,-1.031852
2174,0.156127,-0.017639,0.362108,-0.741364,0.670097,0.037342,-0.610145,-0.696046,0.378436,0.2805,0.256937,0.92484,-0.000122,-0.001224,-0.000985,0.006007,-0.087617,0.178452,-1.385389,-0.138838,0.02029,0.31441,-0.944102,-0.02031,-0.329014,-0.157778,-0.848665,0.504784,-0.288267,0.528503,0.798404,-0.001691,0.014269,-0.004998,0.059464,-0.017999,0.012255,-1.406071,0.059513,0.054531,-0.014239,0.883575,0.105403,-0.456272,0.107877,0.90232,0.417348,0.455693,-0.41798,0.785897,-0.000828,0.006956,-0.002662,0.03399,-0.016454,-0.001109,-0.882547,0.076708,0.031274,-0.036874,0.805082,-0.554618,0.210333,0.436206,0.793868,0.42367,-0.401952,-0.24934,0.881057,-7e-05,-0.000705,-0.000567,-0.001003,0.012423,-0.026378,-1.027117
2175,0.156083,-0.017704,0.362135,-0.740392,0.671263,0.035653,-0.611634,-0.694652,0.378593,0.27982,0.257661,0.924845,-1.2e-05,-0.000118,-9.5e-05,0.0,0.0,0.0,-1.379003,-0.138924,0.020503,0.314409,-0.943865,-0.021656,-0.329609,-0.15616,-0.850207,0.502689,-0.289915,0.525968,0.799481,-0.000167,0.001612,0.001464,0.000156,-6.9e-05,-6.2e-05,-1.406349,0.05947,0.054635,-0.014243,0.883095,0.106838,-0.456866,0.105724,0.903376,0.415612,0.457125,-0.415327,0.786472,-8.9e-05,0.000869,0.00079,-0.004568,0.001341,-7.1e-05,-0.882057,0.076686,0.031238,-0.036863,0.804565,-0.556066,0.20848,0.43791,0.792647,0.424199,-0.401134,-0.25,0.881243,-3e-06,-3.3e-05,-2.4e-05,-4.2e-05,-0.000164,-0.000369,-1.02777
2176,0.156051,-0.017709,0.362132,-0.739924,0.671822,0.034834,-0.612373,-0.694,0.378597,0.279441,0.257961,0.924876,-5e-06,-5.5e-05,-4.4e-05,0.0,0.0,0.0,-1.374601,-0.13896,0.020638,0.314372,-0.943664,-0.02136,-0.330202,-0.1566,-0.850412,0.502205,-0.290328,0.525648,0.799542,-0.001631,0.013711,-0.005504,0.038672,-0.025626,0.042316,-1.406192,0.059453,0.054694,-0.014261,0.882882,0.106463,-0.457366,0.106094,0.903556,0.415126,0.457451,-0.415031,0.786439,-4.1e-05,0.000406,0.00037,-0.001487,0.000989,0.00151,-0.880097,0.07667,0.031235,-0.036864,0.804331,-0.55672,0.207636,0.43871,0.79211,0.424374,-0.400729,-0.250245,0.881358,-1e-06,-7e-06,-4e-06,0.005977,-0.087724,0.178171,-1.02679
2177,0.155956,-0.017704,0.362137,-0.737969,0.67396,0.034991,-0.614856,-0.69274,0.376876,0.279154,0.255766,0.925572,-0.014013,0.000723,0.000827,0.08703,0.110283,0.014276,-1.372103,-0.139108,0.020933,0.314276,-0.943533,-0.015416,-0.330908,-0.162059,-0.849902,0.501336,-0.287761,0.526671,0.799797,-0.000211,0.002047,0.001858,-0.00012,0.000182,0.00029,-1.406164,0.059379,0.05484,-0.014311,0.88345,0.10041,-0.457638,0.11151,0.903634,0.413532,0.455061,-0.416367,0.787119,-0.000142,0.001408,0.00128,-0.001344,-0.014747,0.027557,-0.879934,0.076628,0.031238,-0.036862,0.802918,-0.558773,0.20759,0.441276,0.79131,0.423206,-0.400744,-0.248195,0.881931,1e-06,1e-05,9e-06,0.118301,0.033088,0.229588,-1.022218
2178,0.155862,-0.017692,0.362149,-0.737414,0.674616,0.03403,-0.615721,-0.691969,0.37688,0.278711,0.25612,0.925607,-0.014012,0.000727,0.000829,-0.000965,0.014735,-0.029544,-1.368629,-0.1392,0.021208,0.314317,-0.943245,-0.016681,-0.331666,-0.160577,-0.851467,0.499152,-0.289523,0.524101,0.800849,-0.000443,0.004302,0.003898,0.267842,-0.133869,-0.082183,-1.406009,0.059333,0.054978,-0.014297,0.883134,0.100622,-0.458201,0.110848,0.904308,0.412236,0.455834,-0.414851,0.787472,-0.000215,0.002096,0.0019,0.471795,-0.19401,-0.076599,-0.880097,0.076581,0.031244,-0.036856,0.802366,-0.559924,0.206621,0.442597,0.790474,0.423387,-0.400394,-0.248262,0.882071,0.0,-2e-06,-2e-06,-0.001343,-0.001295,0.000116,-1.019115
2179,0.15584,-0.017697,0.362132,-0.736998,0.675107,0.033307,-0.616376,-0.691397,0.376858,0.278361,0.25637,0.925644,-0.000129,-0.001281,-0.001031,0.0,0.0,0.0,-1.364983,-0.139152,0.021248,0.314415,-0.942933,-0.016257,-0.332573,-0.161407,-0.851452,0.49891,-0.290074,0.524137,0.800625,0.000992,-0.00754,0.011092,-0.017356,-0.10585,0.142418,-1.406118,0.059356,0.055003,-0.014244,0.882517,0.100974,-0.459311,0.110362,0.904935,0.410989,0.457145,-0.413396,0.787477,0.000487,-0.003696,0.005612,-0.029106,-0.104307,0.136538,-0.880424,0.076565,0.031244,-0.036862,0.802166,-0.560481,0.205886,0.443288,0.790014,0.423523,-0.40003,-0.24847,0.882178,-7.3e-05,-0.000728,-0.000586,-0.00024,-0.000385,-0.00045,-1.014217
2180,0.155836,-0.01773,0.362092,-0.736211,0.676031,0.031943,-0.617605,-0.690312,0.376836,0.277716,0.256857,0.925702,-0.000125,-0.001245,-0.001003,0.0,0.0,0.0,-1.355519,-0.13893,0.02131,0.314741,-0.941032,-0.023708,-0.337473,-0.153541,-0.859105,0.488158,-0.300294,0.511217,0.805198,-0.000542,0.005214,0.004711,0.325707,-0.14266,-0.128584,-1.406249,0.059468,0.055033,-0.014082,0.879178,0.10676,-0.464378,0.101255,0.910458,0.401013,0.465609,-0.399583,0.789645,0.000379,-0.00268,0.006526,0.384942,-0.294739,0.016729,-0.879771,0.076563,0.031226,-0.036883,0.801772,-0.561558,0.20448,0.444619,0.789124,0.423788,-0.399341,-0.248866,0.882378,-6.4e-05,-0.000665,-0.000534,-5.1e-05,-0.000178,-0.000368,-1.013727
