frame,MLTx,MLTy,MLTz,MLTR1,MLTR2,MLTR3,MLTR4,MLTR5,MLTR6,MLTR7,MLTR8,MLTR9,MLTTVx,MLTTVy,MLTTVz,MLTRVx,MLTRVy,MLTRVz,MLGA,MRTx,MRTy,MRTz,MRTR1,MRTR2,MRTR3,MRTR4,MRTR5,MRTR6,MRTR7,MRTR8,MRTR9,MRTTVx,MRTTVy,MRTTVz,MRTRVx,MRTRVy,MRTRVz,MRGA,SLTx,SLTy,SLTz,SLTR1,SLTR2,SLTR3,SLTR4,SLTR5,SLTR6,SLTR7,SLTR8,SLTR9,SLTTVx,SLTTVy,SLTTVz,SLTRVx,SLTRVy,SLTRVz,SLGA,SRTx,SRTy,SRTz,SRTR1,SRTR2,SRTR3,SRTR4,SRTR5,SRTR6,SRTR7,SRTR8,SRTR9,SRTTVx,SRTTVy,SRTTVz,SRTRVx,SRTRVy,SRTRVz,SRGA
4189,0.25047,-0.01487,0.29491,-0.215161,-0.542794,-0.811866,-0.258584,-0.770002,0.583269,-0.941472,0.336103,0.026331,-0.02205,-0.058418,-0.001969,-0.111524,0.084489,-0.169458,-1.91231,-0.106861,-0.003179,0.274978,-0.575246,0.526992,0.62559,-0.172378,-0.825627,0.537178,0.800299,0.200512,0.56496,-0.064374,0.028399,-0.085573,-0.357759,0.842009,0.300357,0.526377,0.068218,0.055526,-0.023641,0.494292,-0.536841,0.683722,0.20672,0.836552,0.507392,-0.844358,-0.109461,0.524477,-0.02374,0.009409,-0.039301,-0.166298,0.949663,0.662285,0.523548,0.12664,0.046505,-0.060147,0.208419,0.486653,-0.848369,0.264053,0.807208,0.527912,0.94172,-0.334041,0.039735,-0.003497,-0.028477,-0.001095,-0.118695,0.06807,-0.185217,-1.038057
4190,0.250005,-0.017183,0.29472,-0.226517,-0.535229,-0.813797,-0.258925,-0.772365,0.579985,-0.938697,0.34275,0.037387,-0.00645,-0.060755,-0.007078,0.018134,0.408673,0.035592,-1.912076,-0.109193,-0.002604,0.27196,-0.541464,0.552609,0.633586,-0.190936,-0.814659,0.547547,0.819399,0.174812,0.545792,-0.060818,0.005365,-0.071512,-0.281669,0.464461,0.17733,0.518248,0.067051,0.055822,-0.025156,0.457814,-0.559465,0.690944,0.223746,0.824664,0.519487,-0.860432,-0.083233,0.502721,-0.022879,0.003616,-0.035995,-0.432937,0.585144,0.281623,0.522405,0.126397,0.045336,-0.060232,0.219319,0.479428,-0.849733,0.264247,0.809196,0.52476,0.939186,-0.339629,0.050784,-0.010646,-0.031814,-0.004267,0.078347,0.43652,0.216795,-1.045242
4191,0.249718,-0.018532,0.29455,-0.233989,-0.528157,-0.8163,-0.253252,-0.777516,0.575591,-0.938402,0.342065,0.049193,-0.005965,-0.063891,-0.011102,0.073136,0.561335,0.094635,-1.911263,-0.110356,-0.002486,0.270456,-0.528473,0.557493,0.640242,-0.191426,-0.812891,0.549999,0.827713,0.167404,0.535471,-0.060586,0.003595,-0.074295,-0.398618,0.587854,0.245586,0.504444,0.066486,0.055882,-0.025875,0.445133,-0.562421,0.696805,0.224446,0.823386,0.521209,-0.866879,-0.075612,0.49275,-0.030286,0.002019,-0.036788,-0.013273,0.239756,-0.042792,0.513588,0.126261,0.04469,-0.060307,0.226521,0.472336,-0.851813,0.258354,0.814082,0.520118,0.939116,-0.337887,0.062377,-0.002988,-0.031876,-0.005451,0.19524,0.821493,0.258758,-1.036424
4192,0.249057,-0.021196,0.294087,-0.267112,-0.499701,-0.824012,-0.247541,-0.79081,0.559745,-0.931015,0.354109,0.088569,-0.019804,-0.078328,-0.005485,0.387643,1.433419,0.5589,-1.911659,-0.11245,-0.002329,0.26772,-0.508936,0.564521,0.64984,-0.19586,-0.810966,0.551277,0.838827,0.152582,0.522448,-0.059459,-0.00547,-0.064375,-0.081247,0.365504,-0.189024,0.484279,0.065423,0.055961,-0.027281,0.423001,-0.568488,0.705613,0.227759,0.820417,0.524444,-0.877037,-0.061131,0.476516,-0.030541,0.002864,-0.036042,-0.028617,0.254634,-0.033999,0.485175,0.125929,0.043334,-0.060551,0.25794,0.445139,-0.857506,0.252767,0.825536,0.504576,0.932509,-0.3469,0.100422,-0.01051,-0.033675,-0.006874,0.32498,1.162114,0.421485,-1.036914
4193,0.247636,-0.024037,0.293769,-0.311559,-0.463992,-0.829269,-0.222174,-0.812945,0.538266,-0.923519,0.352517,0.15123,-0.035921,-0.077597,-0.002962,1.860428,0.700959,0.393342,-1.910935,-0.114308,-0.001978,0.265149,-0.483886,0.578958,0.656242,-0.217849,-0.805866,0.550504,0.848152,0.122697,0.515215,-0.045749,0.002886,-0.056624,0.075378,0.09284,-0.081721,0.468634,0.064473,0.056128,-0.0286,0.396432,-0.580412,0.71131,0.24925,0.813738,0.525076,-0.883581,-0.030862,0.46726,-0.022872,0.00164,-0.028002,0.118368,0.055266,-0.114788,0.460518,0.125212,0.041878,-0.06072,0.304738,0.406904,-0.86114,0.226837,0.84712,0.480553,0.925028,-0.341781,0.165849,-0.017945,-0.038783,-0.001439,1.909095,0.753961,0.442052,-1.041323
4194,0.245705,-0.027369,0.294016,-0.355348,-0.431591,-0.829158,-0.170776,-0.842141,0.511474,-0.918578,0.323883,0.226585,-0.050423,-0.095725,0.020152,0.594894,1.911024,0.731241,-1.911259,-0.115738,-0.001417,0.263085,-0.462031,0.582379,0.668845,-0.233646,-0.807364,0.541762,0.856074,0.093312,0.508226,-0.032286,0.013529,-0.045289,0.081484,0.175893,-0.228775,0.458146,0.063758,0.056404,-0.029638,0.374025,-0.581187,0.722721,0.265764,0.813768,0.516865,-0.888523,-0.001248,0.458829,-0.016185,0.007193,-0.022018,0.084739,0.165284,-0.230494,0.443863,0.124247,0.040205,-0.060606,0.34772,0.375365,-0.85918,0.174922,0.874303,0.452765,0.921136,-0.307725,0.238353,-0.02526,-0.047581,0.010472,0.540751,1.842783,0.690822,-1.044752
4195,0.244713,-0.029131,0.294507,-0.38063,-0.416801,-0.825495,-0.150069,-0.85301,0.499825,-0.912015,0.314644,0.263164,-0.05063,-0.100453,0.036298,0.556947,1.864403,0.70007,-1.911047,-0.116355,-0.001089,0.26234,-0.452667,0.583963,0.673848,-0.242316,-0.807735,0.537383,0.858652,0.079244,0.50626,-0.031483,0.00743,-0.030427,0.056507,0.174518,-0.217844,0.456068,0.063462,0.056562,-0.030004,0.364426,-0.581892,0.727045,0.274697,0.813166,0.513129,-0.889794,0.01272,0.456183,-0.016706,0.010271,-0.01776,0.116149,0.160276,-0.160441,0.439127,0.123772,0.039355,-0.060382,0.371998,0.361597,-0.854905,0.154314,0.884096,0.44109,0.915315,-0.296009,0.273083,-0.025976,-0.044262,0.014637,0.575494,1.573303,0.561926,-1.044915
4196,0.242673,-0.032914,0.296265,-0.426475,-0.388364,-0.816907,-0.112341,-0.873415,0.473812,-0.896985,0.294319,0.329882,-0.050032,-0.116002,0.060992,1.71514,0.746387,0.116596,-1.910728,-0.117382,-0.000473,0.261453,-0.444803,0.579588,0.682803,-0.245073,-0.811948,0.52973,0.861966,0.067568,0.502308,-0.031196,0.004578,-0.010989,0.017558,0.19176,-0.252653,0.446877,0.062949,0.056872,-0.030454,0.356486,-0.576418,0.735295,0.278179,0.816792,0.505438,-0.891926,0.024362,0.451523,-0.00903,0.009606,-0.008509,0.073282,0.192838,-0.213749,0.428023,0.122751,0.037476,-0.059504,0.419665,0.332117,-0.844736,0.117691,0.902888,0.413449,0.900016,-0.272928,0.339823,-0.025831,-0.051711,0.027262,4.969073,-0.824905,-1.171179,-1.048835
4197,0.24096,-0.037666,0.29849,-0.473022,-0.361452,-0.803522,-0.08782,-0.888109,0.451134,-0.876094,0.284406,0.389358,-0.034085,-0.121665,0.05158,0.272329,1.407515,0.346445,-1.910391,-0.118347,-0.000464,0.261448,-0.441769,0.57386,0.689577,-0.241653,-0.816264,0.524643,0.864484,0.064419,0.498377,-0.028652,-0.013225,0.011045,-0.040728,0.039248,-0.077218,0.438776,0.062466,0.056887,-0.030459,0.353538,-0.570031,0.741669,0.275358,0.821162,0.49987,-0.893973,0.027501,0.447275,-0.015296,-4.7e-05,0.002981,-0.019811,0.131469,-0.193212,0.41398,0.121886,0.03512,-0.058365,0.465845,0.306513,-0.830082,0.091628,0.916336,0.389784,0.880108,-0.257638,0.398786,-0.02429,-0.067184,0.029885,0.263855,1.513334,0.379591,-1.054713
4198,0.240202,-0.040103,0.29956,-0.492521,-0.349651,-0.797003,-0.082007,-0.893046,0.442397,-0.865836,0.283679,0.412167,-0.034626,-0.120245,0.053303,0.253323,1.132598,0.498726,-1.910309,-0.118948,-0.000594,0.261689,-0.437375,0.577545,0.689301,-0.251501,-0.814385,0.522933,0.863904,0.05464,0.500547,-0.029156,-0.010043,0.015455,0.375765,0.21235,0.133986,0.432506,0.062165,0.056821,-0.03034,0.349247,-0.573164,0.741289,0.284745,0.81861,0.498795,-0.892718,0.036876,0.449102,-0.014624,-0.004729,0.008152,1.192419,0.820386,0.71745,0.409408,0.121495,0.03385,-0.057818,0.486134,0.294783,-0.822663,0.085865,0.92072,0.380659,0.869655,-0.255689,0.422282,-0.017321,-0.06026,0.026507,0.272746,1.146157,0.527887,-1.056346
4199,0.238639,-0.044406,0.301597,-0.534643,-0.321481,-0.78157,-0.074093,-0.903442,0.422226,-0.841179,0.284044,0.460177,-0.037144,-0.103251,0.052559,0.302278,1.293661,0.347387,-1.910355,-0.120422,-0.001039,0.262406,-0.438251,0.57652,0.689603,-0.249078,-0.814961,0.523196,0.864164,0.056809,0.499858,-0.044267,-0.011045,0.016905,-0.05692,0.156969,-0.241439,0.395456,0.061416,0.056602,-0.029965,0.349877,-0.572348,0.741621,0.282643,0.81926,0.498923,-0.893139,0.035053,0.44841,-0.022163,-0.005408,0.008639,-0.059119,0.159402,-0.24298,0.380669,0.120729,0.031729,-0.05683,0.527358,0.268363,-0.806147,0.077872,0.929547,0.360384,0.846066,-0.252827,0.469307,-0.019079,-0.046504,0.021659,0.382587,1.428039,0.414676,-1.065653
4200,0.237201,-0.048249,0.303285,-0.562997,-0.278569,-0.778125,-0.072354,-0.92127,0.382097,-0.822607,0.271761,0.49949,-0.038028,-0.097005,0.037815,1.124781,-0.044294,2.651485,-1.908908,-0.122227,-0.001893,0.263276,-0.433094,0.573634,0.695244,-0.248196,-0.817325,0.519915,0.867007,0.051902,0.495447,-0.057467,-0.025564,0.022869,-0.079072,0.061581,-0.131355,0.327323,0.060551,0.056197,-0.029542,0.344708,-0.569019,0.746587,0.282328,0.821354,0.495649,-0.895246,0.039928,0.443778,-0.028741,-0.012827,0.011406,-0.079781,0.061204,-0.131835,0.311434,0.120023,0.029853,-0.05598,0.555785,0.228672,-0.799256,0.075254,0.943638,0.32231,0.827912,-0.239282,0.507251,-0.01902,-0.048595,0.018815,0.482587,1.279712,0.585253,-1.065163
4201,0.23564,-0.051683,0.3044,-0.587182,-0.249913,-0.769939,-0.057687,-0.935821,0.347682,-0.806688,0.248873,0.536044,-0.055358,-0.088046,0.02842,0.472241,1.245202,0.722685,-1.909258,-0.124412,-0.002816,0.264064,-0.436684,0.57599,0.691038,-0.246803,-0.81529,0.523761,0.865607,0.05745,0.49728,-0.057475,-0.025837,0.022262,-0.170297,-1.777632,1.928984,0.238097,0.059442,0.055728,-0.02914,0.347183,-0.56986,0.744797,0.279745,0.820972,0.497742,-0.895101,0.035546,0.444443,-0.029554,-0.007102,0.007546,-0.0428,0.05812,-0.119602,0.207744,0.119235,0.028091,-0.055411,0.57938,0.198489,-0.790518,0.060821,0.95666,0.284782,0.812784,-0.213078,0.542198,-0.020201,-0.038205,0.00955,0.309468,0.982021,0.383928,-1.061081
4202,0.234675,-0.053253,0.304891,-0.607829,-0.237492,-0.757751,-0.050637,-0.940706,0.335381,-0.791718,0.242514,0.560711,-0.056782,-0.075936,0.0214,0.649093,1.614488,0.70429,-1.909673,-0.125672,-0.003225,0.264425,-0.438448,0.577058,0.689027,-0.246218,-0.814345,0.525502,0.864883,0.060036,0.498232,-0.059119,-0.013917,0.015269,-0.042503,0.052404,-0.112117,0.196882,0.058791,0.055513,-0.028951,0.350119,-0.572975,0.741023,0.279578,0.818958,0.501141,-0.894009,0.031715,0.446924,-0.029572,-0.006966,0.007665,-0.042638,0.060342,-0.121948,0.142755,0.118753,0.027299,-0.055166,0.59935,0.18765,-0.778181,0.053764,0.960503,0.273024,0.798678,-0.205475,0.565589,-0.019953,-0.04258,0.015113,0.538179,1.449319,0.595258,-1.06353
4203,0.232924,-0.056401,0.305952,-0.653137,-0.208429,-0.728021,-0.048243,-0.947979,0.31461,-0.754913,0.240859,0.610016,-0.040306,-0.085471,0.029418,0.569635,1.532615,0.630909,-1.909551,-0.128446,-0.003959,0.264949,-0.442856,0.57627,0.686865,-0.245538,-0.814655,0.52534,0.862833,0.063281,0.501376,-0.073691,-0.019222,0.01041,-0.030903,-0.033425,-0.006049,0.146015,0.057431,0.055158,-0.028686,0.354693,-0.572553,0.739171,0.278939,0.81937,0.500824,-0.892404,0.028545,0.450332,-0.036858,-0.009591,0.005285,-0.048995,0.073607,-0.141011,0.055558,0.117871,0.025732,-0.054634,0.645532,0.160089,-0.746765,0.051046,0.966553,0.251333,0.762024,-0.200363,0.615769,-0.012664,-0.036411,0.010756,0.471555,1.221899,0.576743,-1.062551
4204,0.231617,-0.059513,0.306788,-0.687612,-0.180981,-0.703194,-0.047394,-0.955196,0.292108,-0.723701,0.234403,0.649106,-0.026144,-0.065594,0.007784,0.490507,1.302077,0.369432,-1.909421,-0.131756,-0.004632,0.265043,-0.448329,0.565907,0.691911,-0.232027,-0.821117,0.521406,0.863752,0.072515,0.498535,-0.089797,-0.013445,-0.002664,0.003214,-0.027436,-0.016657,0.108693,0.055815,0.054827,-0.02863,0.360685,-0.562522,0.743958,0.266221,0.826559,0.495909,-0.893886,0.01919,0.447882,-0.044893,-0.006794,-0.001363,-0.013881,0.091319,-0.17531,-0.009595,0.117221,0.024201,-0.054209,0.680131,0.134137,-0.720713,0.050144,0.972302,0.228283,0.731372,-0.191402,0.654567,-0.012621,-0.038124,0.008293,0.365126,1.132479,0.259868,-1.056346
4205,0.231199,-0.060757,0.30694,-0.698825,-0.17379,-0.693892,-0.04643,-0.95698,0.286366,-0.712942,0.232547,0.661561,-0.010992,-0.054149,-0.001918,0.224842,0.703579,0.135488,-1.908656,-0.133419,-0.004868,0.264943,-0.449019,0.562175,0.694502,-0.224844,-0.823251,0.521189,0.865293,0.077169,0.495152,-0.089705,-0.014588,-0.004476,-0.039948,0.135918,-0.175454,0.101008,0.05495,0.054704,-0.028682,0.361337,-0.558844,0.74641,0.259086,0.829148,0.495367,-0.895717,0.01439,0.44439,-0.044862,-0.007218,-0.00207,-0.020826,0.105622,-0.163357,-0.029517,0.116997,0.023545,-0.054124,0.693364,0.125782,-0.709524,0.049144,0.9741,0.22071,0.718909,-0.187901,0.669224,-0.013089,-0.033258,0.003206,0.230308,0.808328,0.126844,-1.055693
4206,0.231063,-0.062721,0.306641,-0.711575,-0.158571,-0.684516,-0.046108,-0.961571,0.270606,-0.700238,0.224309,0.677775,0.020605,-0.042804,-0.013818,0.100773,0.364507,0.041611,-1.908393,-0.137089,-0.005171,0.264592,-0.450219,0.554545,0.699838,-0.210877,-0.827538,0.520236,0.868183,0.085951,0.488603,-0.091256,-0.002183,-0.011249,-0.001257,0.109391,-0.133756,0.091479,0.053082,0.054542,-0.028866,0.362715,-0.550998,0.751556,0.245474,0.834487,0.493328,-0.898987,0.00555,0.437937,-0.045617,-0.001189,-0.005688,0.028834,0.083415,-0.155314,-0.051888,0.116917,0.022559,-0.054269,0.705873,0.11135,-0.699531,0.048893,0.977552,0.204942,0.706648,-0.178866,0.684583,0.001753,-0.016717,-0.0112,0.163998,0.400143,0.08332,-1.055693
4207,0.231797,-0.063281,0.305408,-0.713108,-0.157802,-0.683097,-0.044135,-0.96231,0.268298,-0.698804,0.221664,0.680121,0.01626,0.006585,-0.03973,0.054935,0.100153,-0.171725,-1.908752,-0.140592,-0.005245,0.264155,-0.444755,0.552509,0.704924,-0.207326,-0.829093,0.519186,0.871842,0.084074,0.482376,-0.076257,3.5e-05,-0.011143,0.008694,0.100357,-0.136686,0.091101,0.051359,0.054504,-0.029082,0.357161,-0.548394,0.756107,0.242184,0.836187,0.492075,-0.902099,0.007367,0.431465,-0.045666,-0.000536,-0.005055,0.035414,0.075331,-0.162093,-0.059562,0.117287,0.022245,-0.054896,0.707324,0.110826,-0.698146,0.047056,0.97806,0.202935,0.70532,-0.176393,0.686591,0.008131,0.00338,-0.019744,0.022642,0.112801,-0.217942,-1.061244
4208,0.232217,-0.06297,0.3048,-0.721318,-0.168098,-0.671929,-0.039182,-0.958654,0.281812,-0.690625,0.229807,0.685749,0.030485,0.02785,-0.035778,-0.27262,0.530683,-0.644255,-1.909287,-0.142062,-0.005181,0.26395,-0.444105,0.550487,0.706913,-0.206715,-0.830564,0.517074,0.872318,0.082821,0.481732,-0.061319,0.0031,-0.009498,0.02606,0.067986,-0.121767,0.090801,0.050596,0.054533,-0.029191,0.356752,-0.545995,0.758034,0.24195,0.837742,0.489538,-0.902323,0.008762,0.43097,-0.030665,0.001645,-0.004557,0.031742,0.062711,-0.12618,-0.061195,0.117504,0.022394,-0.055229,0.715563,0.12205,-0.687802,0.042057,0.975304,0.216821,0.69728,-0.184076,0.692759,0.015185,0.01455,-0.017031,-0.303425,0.566578,-0.69229,-1.062551
4209,0.233365,-0.061441,0.304048,-0.740345,-0.192247,-0.644185,-0.025944,-0.949365,0.313058,-0.670833,0.248717,0.698677,0.044279,0.048297,-0.009551,0.065422,0.132607,-0.201325,-1.909204,-0.144289,-0.004744,0.263634,-0.44344,0.548074,0.709202,-0.206845,-0.832379,0.514095,0.872624,0.080594,0.481554,-0.047847,0.020811,-0.011004,0.067105,0.024533,-0.052003,0.093809,0.0495,0.054741,-0.029349,0.356212,-0.543421,0.760135,0.242393,0.839388,0.486489,-0.902417,0.010958,0.430722,-0.023289,0.004799,-0.001515,0.030465,0.034901,-0.069966,-0.060869,0.118062,0.02313,-0.055614,0.734872,0.14813,-0.66183,0.029058,0.968082,0.248939,0.677582,-0.20217,0.707113,0.022065,0.024884,-0.003772,-0.014183,0.318103,-0.493231,-1.058632
4210,0.234698,-0.05854,0.304499,-0.764617,-0.222807,-0.604783,-0.003475,-0.936923,0.349477,-0.643553,0.269589,0.716372,0.022692,0.090469,0.026193,-0.954278,2.140926,-2.092497,-1.909451,-0.14558,-0.003939,0.263371,-0.443325,0.54732,0.709856,-0.208433,-0.833079,0.512318,0.872304,0.078485,0.482481,-0.01654,0.013754,-0.002111,0.034576,0.004539,-0.011455,0.092936,0.04885,0.055138,-0.029477,0.356108,-0.542579,0.760784,0.244082,0.839902,0.484755,-0.902003,0.013068,0.43153,-0.00828,0.007035,-0.000808,0.034491,0.004486,-0.011456,-0.059725,0.118741,0.024543,-0.055432,0.757489,0.180516,-0.627393,0.007533,0.958531,0.284887,0.652803,-0.220525,0.724718,0.011204,0.04645,0.014749,0.434793,0.783998,-0.33981,-1.058632
4211,0.235327,-0.054698,0.306533,-0.777541,-0.230696,-0.585026,0.005541,-0.932778,0.360371,-0.62787,0.277242,0.727284,0.020174,0.103352,0.064242,0.099472,0.296653,-0.492503,-1.90981,-0.145678,-0.003189,0.263216,-0.443763,0.548279,0.708841,-0.210632,-0.832555,0.512269,0.871554,0.07734,0.484021,0.013462,0.016811,-0.002494,0.038667,-0.025907,0.04701,0.093439,0.048787,0.055531,-0.029554,0.356539,-0.543629,0.759833,0.246304,0.839203,0.484841,-0.901228,0.014286,0.433107,0.006731,0.00846,-0.001165,0.038635,-0.02594,0.047006,-0.061358,0.119055,0.026469,-0.054415,0.772535,0.189959,-0.605891,-0.001931,0.9549,0.296918,0.634968,-0.22821,0.738061,0.002463,0.046606,0.037836,0.03963,0.29557,-0.553747,-1.058305
4212,0.235366,-0.052855,0.308149,-0.77871,-0.225739,-0.585404,0.004431,-0.935006,0.354565,-0.626429,0.273785,0.729833,0.005376,0.085757,0.086856,0.409802,-0.262192,0.158764,-1.909637,-0.145318,-0.002913,0.263221,-0.444081,0.549166,0.707955,-0.211619,-0.831981,0.512794,0.871153,0.077223,0.48476,0.029691,0.006999,0.004986,0.006227,-0.047832,0.081345,0.098824,0.048945,0.055658,-0.029554,0.356806,-0.544482,0.759097,0.247135,0.838648,0.485378,-0.900895,0.014414,0.433795,0.00735,0.002852,0.00275,-0.010574,0.087578,-0.105659,-0.059399,0.119084,0.027377,-0.053633,0.774749,0.186209,-0.604226,-0.00139,0.956147,0.292881,0.632266,-0.22607,0.741033,0.00258,0.043573,0.04442,0.014904,0.230694,-0.396249,-1.055366
4213,0.234852,-0.049759,0.311626,-0.776834,-0.205545,-0.595253,-0.016566,-0.938252,0.345515,-0.628552,0.278518,0.726207,-0.025304,0.07322,0.093587,-0.03875,-0.081688,0.035934,-1.909494,-0.144216,-0.002693,0.263246,-0.442488,0.552093,0.706675,-0.211926,-0.829985,0.515894,0.871887,0.077827,0.483342,0.029954,0.003091,-0.0004,-0.017023,-0.006881,0.078442,0.108384,0.049518,0.055784,-0.029532,0.354871,-0.547578,0.757775,0.247027,0.836642,0.488883,-0.901689,0.013701,0.432166,0.01499,0.001409,-0.0004,0.00571,-0.026935,0.061453,-0.048132,0.118822,0.029013,-0.051798,0.771517,0.16462,-0.614541,0.019969,0.959201,0.282017,0.635894,-0.229853,0.736753,-0.01273,0.036857,0.047133,-0.029865,-0.053142,0.029245,-1.053407
4214,0.233173,-0.047482,0.315148,-0.760679,-0.156665,-0.629975,-0.07106,-0.944528,0.320608,-0.644314,0.288836,0.708139,-0.068941,0.044185,0.082059,-3.330585,0.848633,4.419162,-1.908421,-0.142863,-0.002842,0.263113,-0.440719,0.554792,0.705666,-0.211557,-0.828091,0.519078,0.87287,0.078789,0.481408,0.031685,-0.013547,-2.8e-05,-0.0824,0.050488,0.062694,0.119227,0.050183,0.055716,-0.029596,0.35304,-0.550118,0.75679,0.246372,0.834989,0.492029,-0.902586,0.012746,0.430319,0.022668,-9.3e-05,-0.00367,-0.038185,0.006742,0.132094,-0.036538,0.118025,0.030148,-0.050069,0.75614,0.118548,-0.643582,0.06805,0.963879,0.257499,0.650861,-0.238501,0.72076,-0.03452,0.021871,0.040831,-0.021508,-1.116993,0.255536,-1.045732
4215,0.231874,-0.046923,0.316665,-0.742382,-0.127069,-0.65785,-0.10262,-0.948711,0.298977,-0.661181,0.289617,0.69209,-0.066294,0.022563,0.076656,0.754701,-2.166721,1.779605,-1.908419,-0.142193,-0.002966,0.26296,-0.4389,0.556933,0.705112,-0.211052,-0.826588,0.521674,0.873906,0.079454,0.479414,0.030529,-0.003668,-0.009762,-0.204849,0.216202,0.230023,0.142838,0.050506,0.055652,-0.029664,0.352504,-0.55122,0.756238,0.246258,0.834268,0.493308,-0.902827,0.012337,0.429825,0.015955,-0.007965,-0.001688,-0.473524,0.452297,0.40315,-0.024291,0.117384,0.030451,-0.049291,0.738834,0.08259,-0.668806,0.10453,0.966403,0.234814,0.66573,-0.243399,0.705378,-0.03316,0.010719,0.037724,-1.052488,-0.805326,1.620088,-1.047038
4216,0.228643,-0.047106,0.319155,-0.697685,-0.07504,-0.712495,-0.149348,-0.957421,0.247004,-0.699829,0.278829,0.657663,-0.09292,-0.01764,0.05237,1.045621,-2.080099,2.402639,-1.907326,-0.141278,-0.003278,0.262654,-0.442199,0.554918,0.70464,-0.20616,-0.827384,0.522368,0.873414,0.085032,0.479353,0.01686,-0.016169,-0.001355,-0.034632,-0.004762,0.011362,0.167831,0.050975,0.055495,-0.02983,0.354668,-0.550348,0.755862,0.240866,0.834909,0.494883,-0.903434,0.006542,0.428675,0.008481,-0.008665,-0.001493,-0.03397,0.010031,-0.013717,0.021756,0.115775,0.030408,-0.048014,0.692972,0.02901,-0.72038,0.150849,0.971239,0.184221,0.705006,-0.236329,0.668666,-0.04645,-0.009334,0.025629,0.248367,-0.906679,1.107026,-1.047202
4217,0.225564,-0.048699,0.320737,-0.663356,-0.040968,-0.747212,-0.181309,-0.959951,0.213523,-0.725213,0.277164,0.630296,-0.057672,-0.060581,0.041102,-0.14927,-0.739724,1.326837,-1.885233,-0.141053,-0.003818,0.262441,-0.454735,0.543529,0.705537,-0.185226,-0.832484,0.522107,0.87168,0.10606,0.478317,0.001962,-0.018981,-0.002854,-0.389736,-0.231944,-0.278735,0.173848,0.0511,0.055217,-0.02994,0.36797,-0.539969,0.756988,0.220539,0.84156,0.493091,-0.903305,-0.014497,0.428753,0.000984,-0.009515,-0.001468,-0.391626,-0.235286,-0.282897,0.037106,0.114193,0.029619,-0.047194,0.657104,-0.008548,-0.75375,0.182775,0.971902,0.148317,0.731304,-0.235226,0.640203,-0.036956,-0.026625,0.01498,-0.090195,-0.688237,1.331792,-1.031526
4218,0.223409,-0.050824,0.321728,-0.644867,-0.007719,-0.764285,-0.217633,-0.956699,0.193221,-0.731885,0.29094,0.616219,-0.043455,-0.044599,0.015664,-0.431837,-0.163365,0.637498,-1.416276,-0.141489,-0.004358,0.262299,-0.465333,0.536108,0.704304,-0.170097,-0.834942,0.523328,0.869178,0.123054,0.4788,-0.028407,-0.018933,0.002015,-0.025732,-0.079135,0.08173,0.17581,0.050893,0.054949,-0.03002,0.379268,-0.533381,0.756082,0.205464,0.84528,0.49324,-0.902186,-0.031723,0.430177,-0.007343,-0.002959,-0.002882,-0.004107,0.03721,-0.055953,0.044127,0.113113,0.028524,-0.046719,0.638442,-0.043494,-0.768438,0.218962,0.96741,0.127165,0.737865,-0.249447,0.627159,-0.021251,-0.028374,0.011374,-1.306246,0.84152,-0.602033,-0.902526
4219,0.222456,-0.051724,0.322057,-0.64815,-0.005185,-0.761524,-0.228772,-0.952462,0.201127,-0.725564,0.304576,0.617104,-0.059224,-0.045435,0.015998,-0.076322,-0.438668,0.859254,-1.072561,-0.141889,-0.004464,0.262272,-0.46658,0.53735,0.702531,-0.17076,-0.833979,0.524647,0.868381,0.124156,0.479962,-0.014989,-0.002297,-0.000776,-0.002045,0.015195,-0.029233,0.175038,0.050688,0.054887,-0.030037,0.380548,-0.53488,0.754377,0.205995,0.844287,0.494716,-0.901525,-0.032866,0.431475,-0.01503,-0.001766,-3.1e-05,0.01135,-0.084808,0.094857,0.04527,0.112621,0.028048,-0.046561,0.641751,-0.046082,-0.765526,0.230631,0.963583,0.135338,0.731412,-0.263407,0.629009,-0.029595,-0.023063,0.007625,-0.05476,-0.461955,0.888058,-0.800306
4220,0.220349,-0.052828,0.322436,-0.640541,0.002799,-0.767949,-0.240579,-0.950385,0.197133,-0.728503,0.311015,0.610393,-0.045907,-0.016764,0.005617,-0.033922,-0.039339,0.066901,-0.468686,-0.142906,-0.00431,0.262433,-0.474423,0.538705,0.696211,-0.175175,-0.832747,0.525147,0.863244,0.126512,0.488536,-0.030531,0.002774,0.008574,0.009159,0.000656,-0.046053,0.179966,0.050198,0.054954,-0.029964,0.388838,-0.536992,0.748628,0.210397,0.842857,0.495302,-0.89696,-0.035083,0.440716,-0.007755,0.00223,0.004281,-0.010461,0.006526,-0.00449,0.046903,0.111586,0.027486,-0.046392,0.633848,-0.054453,-0.771538,0.242342,0.961271,0.13125,0.73451,-0.270169,0.622496,-0.030768,-0.009147,0.002614,-0.021698,-0.013023,0.049773,-0.664448
4221,0.218811,-0.053079,0.322499,-0.64755,-0.00334,-0.762046,-0.248038,-0.944612,0.214842,-0.719754,0.328135,0.611808,-0.031282,-0.002352,-0.000133,-5.457288,2.574708,1.258611,-0.047274,-0.143921,-0.003998,0.262931,-0.489089,0.52538,0.696247,-0.156004,-0.837961,0.522893,0.85874,0.146469,0.490892,-0.030831,0.007597,0.015105,9.3e-05,-0.004678,-0.013017,0.217088,0.04969,0.055113,-0.02972,0.40432,-0.524933,0.748979,0.191704,0.849347,0.49179,-0.894301,-0.055258,0.44404,-0.007929,0.004767,0.007741,-0.006095,-0.015551,0.019642,0.070091,0.110811,0.027356,-0.046357,0.639233,-0.045895,-0.767641,0.244896,0.958397,0.146631,0.728975,-0.281724,0.623879,-0.007834,-0.000459,0.000149,-0.061114,-0.046307,-0.268205,-0.572516
4222,0.218546,-0.053008,0.322397,-0.651472,0.01276,-0.758596,-0.279215,-0.933719,0.224011,-0.704651,0.357727,0.612802,-0.016281,0.007791,-0.010857,-0.583852,-0.042775,-0.056594,0.047951,-0.144424,-0.003808,0.263196,-0.498237,0.516161,0.696656,-0.140871,-0.840909,0.522457,0.856102,0.161525,0.490777,-0.015816,0.009598,0.015465,-0.007112,-0.026563,0.009941,0.24861,0.049421,0.055212,-0.029578,0.41409,-0.516426,0.749555,0.176845,0.853427,0.490293,-0.892891,-0.070471,0.444723,-0.016082,0.009939,0.004338,-0.012372,0.101005,-0.195946,0.102422,0.110672,0.027392,-0.046399,0.645464,-0.064644,-0.761049,0.280935,0.946655,0.157857,0.710247,-0.315696,0.629193,-0.000371,0.005064,-0.004691,-1.866575,0.352838,0.160836,-0.537735
4223,0.218615,-0.052649,0.322172,-0.649965,0.05511,-0.757993,-0.343069,-0.91124,0.227853,-0.677353,0.408067,0.612128,-0.00092,0.012538,-0.006553,-0.079082,0.022359,0.11042,0.147424,-0.145568,-0.003511,0.26374,-0.501831,0.510248,0.69843,-0.1291,-0.842513,0.522915,0.855863,0.171611,0.487762,-0.030584,0.005675,0.01228,-0.02239,0.139399,-0.188135,0.295733,0.048842,0.055373,-0.029289,0.417864,-0.510878,0.75126,0.165136,0.855851,0.490151,-0.893375,-0.080756,0.441994,-0.0153,0.002785,0.006094,-0.003173,0.123937,-0.200944,0.176719,0.110701,0.027565,-0.046518,0.643249,-0.106093,-0.758269,0.345219,0.924161,0.16355,0.683412,-0.366973,0.631091,0.007721,0.00202,0.001737,-0.366929,0.118253,0.34274,-0.332479
4224,0.21915,-0.052236,0.322083,-0.648229,0.063931,-0.758787,-0.354236,-0.907396,0.226102,-0.673264,0.415271,0.611795,0.015421,0.00372,0.003071,0.006926,-0.103521,0.207419,0.208959,-0.147268,-0.003693,0.264184,-0.499744,0.508612,0.701114,-0.114292,-0.840989,0.52878,0.859181,0.183487,0.477497,-0.060183,-0.002446,0.005575,-0.082056,0.144644,-0.046527,0.314949,0.048015,0.055288,-0.029062,0.415619,-0.50917,0.753661,0.149847,0.855629,0.495422,-0.897109,-0.092973,0.431914,-0.021976,-0.006349,0.006291,-0.096174,0.127403,-0.045965,0.219338,0.110962,0.027779,-0.046561,0.641694,-0.115069,-0.758279,0.356336,0.920223,0.161905,0.679156,-0.374096,0.631505,0.015129,0.007897,-0.00269,0.040548,-0.050217,0.104716,-0.040189
4225,0.220033,-0.051616,0.321982,-0.64807,0.064754,-0.758853,-0.354723,-0.90737,0.225441,-0.673161,0.415199,0.611957,0.029919,0.019161,-0.00143,0.035618,-0.046464,0.100947,0.233592,-0.149537,-0.004256,0.264506,-0.49612,0.507596,0.704416,-0.104138,-0.84014,0.532216,0.862562,0.190053,0.468754,-0.058768,-0.017755,0.007668,-0.049365,-0.026164,0.041753,0.315588,0.04688,0.055011,-0.028904,0.411769,-0.507696,0.756763,0.139523,0.855764,0.498197,-0.900544,-0.099556,0.423212,-0.036877,-0.009827,0.003668,-0.027989,0.07644,-0.172682,0.23583,0.11141,0.028086,-0.046616,0.641478,-0.115934,-0.75833,0.356835,0.920158,0.161175,0.679098,-0.373989,0.63163,0.014951,0.009734,-0.000543,0.040003,-0.050539,0.104815,0.062685
4226,0.220473,-0.051208,0.321941,-0.650389,0.066426,-0.756721,-0.354463,-0.907602,0.224914,-0.671057,0.414424,0.614786,0.029783,0.020364,-3.9e-05,0.051034,-0.009466,0.118986,0.269369,-0.150849,-0.004535,0.264614,-0.499485,0.501547,0.706369,-0.091779,-0.841318,0.53263,0.862026,0.200584,0.465338,-0.073842,-0.018698,0.0084,-0.086522,0.072513,-0.176893,0.309616,0.04623,0.054869,-0.028855,0.415648,-0.50188,0.75852,0.127476,0.857887,0.497773,-0.900547,-0.110205,0.420557,-0.037525,-0.003562,0.000553,-0.096742,-0.019285,-0.228952,0.234687,0.111619,0.028282,-0.046636,0.64403,-0.11758,-0.755909,0.356468,0.920411,0.16054,0.676871,-0.37285,0.634686,0.007086,0.00972,9.8e-05,0.035258,-0.010679,0.074505,0.100078
4227,0.220887,-0.050198,0.321904,-0.651256,0.079917,-0.754668,-0.369697,-0.901865,0.223462,-0.661946,0.424425,0.617834,0.013074,0.032936,-0.00527,0.075092,-0.037764,0.100034,0.325918,-0.153699,-0.005044,0.26471,-0.503131,0.4912,0.711037,-0.077915,-0.845098,0.528841,0.861273,0.210062,0.462542,-0.073875,-0.020294,0.0059,-0.046814,0.087212,-0.16376,0.293731,0.044777,0.054607,-0.028804,0.420061,-0.491302,0.763,0.114227,0.862714,0.492621,-0.900277,-0.119775,0.418512,-0.036937,-0.010273,0.002827,-0.046181,0.087135,-0.16382,0.219338,0.111832,0.028783,-0.046652,0.644821,-0.130928,-0.753035,0.371773,0.914546,0.159338,0.667824,-0.382703,0.638395,-0.001276,0.016281,-0.002184,0.058389,0.030447,-0.089058,0.190704
4228,0.220764,-0.04891,0.3215,-0.646117,0.10824,-0.755554,-0.405943,-0.887007,0.220002,-0.64557,0.44872,0.617994,-0.002891,0.037661,-0.019694,-0.267927,0.073032,0.395894,0.36162,-0.156658,-0.005527,0.264756,-0.500682,0.486546,0.715949,-0.073956,-0.84801,0.524732,0.863045,0.209167,0.459635,-0.075146,-0.007493,-0.000193,-0.010223,0.076026,-0.146226,0.288105,0.043326,0.054365,-0.028786,0.417744,-0.48632,0.767451,0.110825,0.865653,0.488223,-0.901779,-0.1189,0.415517,-0.045087,-0.004525,-9.7e-05,-0.012082,0.091396,-0.175356,0.204805,0.111776,0.029435,-0.046836,0.639593,-0.158812,-0.752129,0.407619,0.89961,0.156676,0.651742,-0.406791,0.640119,-0.009184,0.017961,-0.010188,-1.159421,0.368748,1.063965,0.249816
4229,0.220501,-0.048215,0.320994,-0.644671,0.112948,-0.7561,-0.410534,-0.885463,0.217689,-0.644115,0.450598,0.618147,-0.018754,0.041821,-0.034739,0.141701,-0.016651,0.0541,0.38318,-0.158196,-0.005751,0.264831,-0.502776,0.484029,0.716187,-0.073662,-0.849405,0.522512,0.861854,0.209346,0.461784,-0.090259,-0.007177,0.002006,0.218405,-0.186527,-0.405186,0.289142,0.042529,0.054248,-0.028751,0.419012,-0.484712,0.767777,0.110377,0.866508,0.486805,-0.901246,-0.119232,0.416579,-0.045135,-0.003542,0.001125,0.340489,-0.300677,-0.502791,0.204315,0.111649,0.029788,-0.047077,0.638056,-0.163894,-0.752344,0.41268,0.897688,0.154433,0.65006,-0.409015,0.640412,-0.008946,0.015412,-0.013173,0.10779,-0.009632,0.032098,0.280841
4230,0.219252,-0.046792,0.319474,-0.636283,0.122352,-0.761721,-0.419335,-0.8836,0.208281,-0.646787,0.451785,0.614479,-0.033667,0.034365,-0.042175,0.00153,-0.360082,-0.165602,0.440346,-0.161403,-0.006198,0.265108,-0.508392,0.483957,0.712261,-0.074636,-0.848686,0.523542,0.858475,0.212399,0.46666,-0.075285,-0.004317,0.003536,0.237963,-0.789045,0.214784,0.280274,0.040987,0.054033,-0.028618,0.422564,-0.484553,0.765928,0.110114,0.866272,0.487285,-0.899618,-0.12157,0.419412,-0.037129,-0.007908,0.00559,-0.035668,-0.024214,-0.008803,0.199906,0.111049,0.03049,-0.047818,0.630483,-0.175485,-0.756104,0.421568,0.895332,0.143729,0.651743,-0.409369,0.638471,-0.016813,0.017216,-0.021029,0.053178,-0.643622,-0.034789,0.353505
4231,0.217958,-0.045816,0.317723,-0.624594,0.112195,-0.772878,-0.41656,-0.884953,0.208106,-0.65984,0.451787,0.600438,-0.032195,0.015275,-0.043383,-0.177751,-0.645647,-0.392615,0.460629,-0.164249,-0.006628,0.265417,-0.512183,0.482423,0.710583,-0.074599,-0.849108,0.522861,0.856225,0.214189,0.469963,-0.059262,-0.014656,0.010478,-0.037168,0.063371,-0.141821,0.257202,0.039502,0.053811,-0.028456,0.430021,-0.483141,0.762663,0.111732,0.866744,0.486076,-0.895878,-0.123809,0.4267,-0.029639,-0.007297,0.005337,-0.059694,0.087879,-0.128536,0.178842,0.110383,0.031,-0.048706,0.618412,-0.165716,-0.768181,0.418809,0.896626,0.143731,0.664954,-0.410607,0.623888,-0.00829,0.007862,-0.022053,-0.207474,-0.739812,-0.413815,0.409024
4232,0.217748,-0.04546,0.31683,-0.615273,0.094265,-0.782687,-0.409846,-0.88635,0.215363,-0.672674,0.453166,0.584959,-0.001136,0.016716,-0.044341,-0.373407,-1.150668,-0.578666,0.46517,-0.165549,-0.006813,0.265585,-0.513848,0.479765,0.711181,-0.074172,-0.850645,0.520418,0.855265,0.214067,0.471762,-0.060265,-0.002092,0.004265,-0.0006,0.051434,-0.124671,0.249405,0.038852,0.053718,-0.028373,0.431847,-0.480555,0.763265,0.111556,0.868202,0.483506,-0.89502,-0.123654,0.428539,-0.03014,-0.000998,0.002251,-0.024266,0.074152,-0.107073,0.164962,0.110266,0.031173,-0.049158,0.609527,-0.149353,-0.778569,0.412231,0.898587,0.150352,0.677157,-0.412594,0.609281,-0.000511,0.008056,-0.022508,-0.249373,-0.836205,-0.41912,0.42323
4233,0.218235,-0.045011,0.31528,-0.596587,0.03864,-0.801646,-0.380456,-0.893093,0.240023,-0.705933,0.448133,0.54851,0.030676,0.008223,-0.035745,-0.398163,-1.152445,-0.535514,0.46138,-0.168015,-0.007006,0.265856,-0.518375,0.479362,0.70816,-0.075396,-0.850411,0.520625,0.852425,0.215888,0.476052,-0.060257,-0.001275,0.005124,-0.006139,0.043367,-0.094134,0.243301,0.037665,0.053623,-0.02824,0.436485,-0.480955,0.760369,0.112736,0.867702,0.484131,-0.892619,-0.125595,0.43296,-0.030137,-0.001008,0.002112,4.6e-05,-0.04836,0.04004,0.151572,0.110498,0.031394,-0.049944,0.590085,-0.093703,-0.801884,0.3829,0.906909,0.175791,0.710764,-0.410773,0.571032,0.007245,0.008717,-0.022459,-0.416349,-1.294676,-0.628523,0.432048
4234,0.218879,-0.044786,0.313929,-0.570691,-0.034119,-0.820483,-0.331167,-0.904726,0.267903,-0.750748,0.424645,0.506045,0.015931,-0.002986,-0.026436,4.065043,-2.701116,-3.434261,0.4743,-0.170101,-0.006991,0.265939,-0.523801,0.483658,0.701212,-0.078731,-0.847044,0.525598,0.848804,0.219498,0.480848,-0.046088,0.010354,-0.004102,0.030366,0.03335,-0.070743,0.23138,0.036576,0.053631,-0.028192,0.441839,-0.485924,0.754092,0.115406,0.864398,0.489384,-0.88964,-0.129203,0.438003,-0.023048,0.005152,-0.002042,0.030753,0.038343,-0.076172,0.138019,0.110832,0.031506,-0.050636,0.563636,-0.02246,-0.825717,0.335269,0.919806,0.203836,0.754922,-0.391727,0.525966,0.007875,-0.00159,-0.013285,4.002027,-2.81796,-3.4921,0.441029
4235,0.218874,-0.044659,0.312836,-0.544702,-0.095892,-0.833157,-0.292507,-0.909338,0.295832,-0.785316,0.404958,0.46831,-0.015462,-0.001175,-0.021654,-0.405372,-1.04643,-0.591602,0.488932,-0.17164,-0.006931,0.266085,-0.527131,0.486282,0.696889,-0.080916,-0.84498,0.528578,0.846538,0.221632,0.483856,-0.030069,0.001619,0.005422,-0.002239,0.013137,-0.035498,0.214029,0.035829,0.053656,-0.028128,0.445117,-0.488954,0.750196,0.11721,0.862371,0.492521,-0.887768,-0.131299,0.441166,-0.01504,0.000678,0.002567,-0.002004,0.01419,-0.036521,0.117445,0.110836,0.031564,-0.051182,0.537971,0.038829,-0.842068,0.295035,0.927082,0.231238,0.789646,-0.372839,0.487288,8e-05,-8.6e-05,-0.010907,-0.439159,-1.165277,-0.655696,0.465686
4236,0.218767,-0.044603,0.312442,-0.531945,-0.113,-0.839232,-0.293001,-0.905282,0.307549,-0.793839,0.409631,0.4495,-0.000153,0.002805,-0.018239,-0.45343,-1.170758,-0.619073,0.487191,-0.172079,-0.006908,0.266182,-0.52744,0.486412,0.696564,-0.081054,-0.844856,0.528755,0.846332,0.221819,0.48413,-0.015002,0.002258,0.004647,-0.002045,0.015205,-0.029245,0.206493,0.035593,0.053669,-0.028076,0.445478,-0.489171,0.74984,0.117364,0.862216,0.492755,-0.887566,-0.131507,0.441509,-0.007501,0.001431,0.002756,-4.2e-05,-0.001845,-0.006323,0.107157,0.110777,0.031588,-0.051382,0.525728,0.054792,-0.848885,0.295557,0.923986,0.242683,0.797656,-0.378479,0.469571,-0.007839,0.001009,-0.008916,-0.291574,-0.765071,-0.445034,0.471401
4237,0.218754,-0.044566,0.311969,-0.508234,-0.142163,-0.849431,-0.295344,-0.897711,0.326892,-0.808388,0.417185,0.415322,0.015917,-0.003471,-0.005549,-0.399806,-1.080154,-0.336384,0.443586,-0.172352,-0.006887,0.26643,-0.527407,0.486209,0.696731,-0.080661,-0.844913,0.528724,0.84639,0.222046,0.483924,0.015132,0.004438,0.004362,0.003887,-0.032471,0.052243,0.200133,0.035445,0.053679,-0.027951,0.445423,-0.488912,0.750042,0.116954,0.862331,0.492652,-0.887648,-0.131718,0.441282,0.000461,-0.004285,0.005747,-0.036386,0.012466,-0.016857,0.092135,0.110765,0.031611,-0.051622,0.501748,0.083703,-0.860954,0.297996,0.917655,0.262882,0.812063,-0.388461,0.435488,0.000162,-0.001901,-0.002297,-0.194896,-0.4938,-0.261471,0.445928
4238,0.219183,-0.044818,0.312213,-0.487856,-0.171838,-0.85587,-0.277664,-0.898974,0.338702,-0.827005,0.403092,0.391926,0.01604,-0.005833,0.01324,-0.152585,-0.404538,0.025133,0.334758,-0.171932,-0.007009,0.266809,-0.527219,0.486191,0.696887,-0.079847,-0.844751,0.529107,0.846584,0.222703,0.483282,0.015146,0.005564,0.005853,-0.008849,0.086565,-0.106563,0.199937,0.035655,0.053617,-0.027762,0.445291,-0.488964,0.750086,0.116174,0.862193,0.493077,-0.887817,-0.132422,0.440732,0.008,-0.003243,0.006324,-0.034374,-0.002787,0.012319,0.087889,0.11098,0.031479,-0.051515,0.479886,0.114803,-0.869786,0.280422,0.919323,0.276058,0.831307,-0.376384,0.408977,0.008361,-0.007526,0.011873,-0.183711,-0.302711,-0.140609,0.34926
4239,0.220166,-0.045196,0.313714,-0.490603,-0.181471,-0.852304,-0.273514,-0.896585,0.348277,-0.826761,0.404204,0.391297,0.047148,-0.006227,0.053111,-0.146052,0.055822,-0.087188,-0.016787,-0.171369,-0.007201,0.267268,-0.527156,0.486394,0.696791,-0.078971,-0.844377,0.529836,0.846705,0.223672,0.482622,0.000953,-0.007624,0.012724,-0.034639,-0.004903,0.006058,0.201366,0.035936,0.053531,-0.027536,0.445164,-0.489098,0.750074,0.115231,0.861977,0.493677,-0.888003,-0.133336,0.440081,0.007996,-0.003412,0.006082,-0.045313,0.098757,-0.123649,0.088706,0.11145,0.031277,-0.050818,0.482707,0.12366,-0.867007,0.276241,0.917945,0.284722,0.831074,-0.376941,0.408938,0.016236,-0.009158,0.030784,-0.634464,1.417914,-2.319964,0.071502
4240,0.221069,-0.045457,0.315018,-0.506287,-0.187624,-0.841734,-0.270441,-0.892276,0.361492,-0.818259,0.410886,0.402059,0.062952,-0.010166,0.068324,-0.592638,1.464706,-2.140383,-0.149583,-0.171152,-0.007301,0.267456,-0.526957,0.486256,0.697039,-0.078383,-0.844366,0.529939,0.846884,0.224011,0.482152,0.015998,-0.007329,0.011492,-0.045383,0.098621,-0.123725,0.198606,0.036045,0.053478,-0.027437,0.445021,-0.489013,0.750214,0.114672,0.861962,0.493832,-0.888147,-0.133738,0.439667,0.00046,-0.004314,0.005682,-0.03645,0.012327,-0.017002,0.087399,0.11189,0.031154,-0.050172,0.497288,0.12905,-0.857933,0.273778,0.915006,0.296327,0.823255,-0.382243,0.41969,0.024026,-0.010128,0.03958,-0.148138,0.24966,-0.024602,-0.084603
4241,0.223165,-0.046168,0.31818,-0.550539,-0.181649,-0.814835,-0.273124,-0.883148,0.381348,-0.788211,0.432719,0.437613,0.063796,-0.02424,0.093831,-4.994712,4.508748,0.082627,-0.269661,-0.170924,-0.007473,0.267789,-0.526891,0.486273,0.697076,-0.077621,-0.844164,0.530374,0.846995,0.224733,0.48162,0.000938,-0.008602,0.011408,-0.034638,-0.004925,0.006048,0.188959,0.036164,0.053393,-0.027271,0.444893,-0.488951,0.75033,0.113823,0.861888,0.494158,-0.88832,-0.134443,0.439102,1.3e-05,0.001264,0.001684,2e-05,2.9e-05,-7e-06,0.078745,0.112955,0.030808,-0.048564,0.539643,0.129182,-0.831923,0.271651,0.908585,0.317298,0.796862,-0.39722,0.45522,0.024107,-0.012645,0.046988,0.109959,0.93686,0.294473,-0.36334
4242,0.225028,-0.047143,0.321892,-0.582173,-0.133549,-0.802051,-0.299864,-0.88163,0.364392,-0.755057,0.452807,0.474217,0.032578,-0.025618,0.094345,-0.071347,1.691996,0.429038,-0.23404,-0.171165,-0.007457,0.268008,-0.528366,0.487646,0.694998,-0.078437,-0.843034,0.532049,0.846002,0.225993,0.482775,-0.015007,0.001809,0.004029,-0.000192,-0.001974,-0.006183,0.163855,0.03605,0.053398,-0.027157,0.446381,-0.490557,0.748396,0.114436,0.860771,0.49596,-0.887495,-0.135744,0.44037,-0.007515,0.00043,0.001384,-0.001965,0.016443,-0.030734,0.058987,0.113897,0.030332,-0.046695,0.573464,0.081257,-0.81519,0.30234,0.903833,0.302781,0.761399,-0.420098,0.493749,0.023993,-0.012319,0.047022,-1.140429,1.791694,0.860749,-0.418859
4243,0.22581,-0.047615,0.323682,-0.597718,-0.113633,-0.793641,-0.299259,-0.886744,0.352278,-0.743049,0.448204,0.49701,0.031813,-0.016392,0.083602,0.49085,1.710294,0.332107,-0.221282,-0.171425,-0.00745,0.268029,-0.533809,0.480863,0.695564,-0.068056,-0.844232,0.531577,0.843484,0.235822,0.48248,-0.015044,-0.000489,0.000959,-3.846348,-2.92276,-2.695856,0.144332,0.03592,0.053405,-0.027142,0.449226,-0.487108,0.748946,0.109162,0.861939,0.495121,-0.886723,-0.140664,0.44038,-0.007527,-0.000354,0.000339,-0.003305,0.015275,-0.029548,0.038412,0.114289,0.030097,-0.04579,0.589015,0.061956,-0.805742,0.302081,0.907896,0.290639,0.749537,-0.414591,0.516049,0.023996,-0.012468,0.046681,0.419391,1.3863,0.377562,-0.411838
