frame,MLTx,MLTy,MLTz,MLTR1,MLTR2,MLTR3,MLTR4,MLTR5,MLTR6,MLTR7,MLTR8,MLTR9,MLTTVx,MLTTVy,MLTTVz,MLTRVx,MLTRVy,MLTRVz,MLGA,MRTx,MRTy,MRTz,MRTR1,MRTR2,MRTR3,MRTR4,MRTR5,MRTR6,MRTR7,MRTR8,MRTR9,MRTTVx,MRTTVy,MRTTVz,MRTRVx,MRTRVy,MRTRVz,MRGA,SLTx,SLTy,SLTz,SLTR1,SLTR2,SLTR3,SLTR4,SLTR5,SLTR6,SLTR7,SLTR8,SLTR9,SLTTVx,SLTTVy,SLTTVz,SLTRVx,SLTRVy,SLTRVz,SLGA,SRTx,SRTy,SRTz,SRTR1,SRTR2,SRTR3,SRTR4,SRTR5,SRTR6,SRTR7,SRTR8,SRTR9,SRTTVx,SRTTVy,SRTTVz,SRTRVx,SRTRVy,SRTRVz,SRGA
944,0.099749,-0.019894,0.307816,-0.271048,-0.357214,-0.893855,0.170339,-0.931743,0.320643,-0.947046,-0.064911,0.314511,-0.0,-0.0,-0.0,2e-06,-9e-06,1.4e-05,-1.026719,-0.192944,-0.010792,0.27772,-0.983922,0.142688,0.107368,-0.039938,-0.761419,0.646978,0.17531,0.632101,0.754704,1e-06,7e-06,9e-06,0.0,0.0,0.0,-1.40666,0.027913,0.046372,-0.036117,0.986731,-0.092425,0.133485,-0.01516,0.766116,0.642522,-0.16165,-0.63602,0.75455,2e-06,1e-06,5e-06,-6e-06,0.0,1e-06,-0.954231,0.050576,0.037743,-0.069211,0.259115,0.3624,-0.895278,-0.173449,0.929327,0.325982,0.950144,0.070819,0.30366,-2e-06,-1e-06,5e-06,-0.000492,0.003024,-0.004782,-0.911834
945,0.09967,-0.019898,0.307837,-0.275329,-0.354152,-0.893765,0.159288,-0.933634,0.320821,-0.947729,-0.053601,0.314585,-0.014876,0.002333,0.001657,-0.001308,0.014831,-0.029439,-1.298528,-0.193013,-0.010771,0.277702,-0.983887,0.142523,0.107911,-0.039478,-0.761515,0.646892,0.175614,0.632022,0.7547,-1.3e-05,-0.000155,-0.000196,0.0,0.0,0.0,-1.397777,0.027878,0.046383,-0.036126,0.986673,-0.092258,0.134025,-0.015622,0.766189,0.642424,-0.161958,-0.635957,0.754538,-7e-06,-9.8e-05,-0.000123,-0.011362,0.115596,-0.161428,-0.955374,0.050536,0.037741,-0.0692,0.263447,0.359393,-0.895226,-0.162386,0.931289,0.326084,0.950908,0.059466,0.303705,-0.007439,0.001166,0.000836,-0.000942,0.015121,-0.029875,-0.92457
946,0.099624,-0.019908,0.307854,-0.276349,-0.350226,-0.894996,0.153335,-0.935381,0.318625,-0.948412,-0.048754,0.313311,-0.0,-0.0,-0.0,-0.0,0.0,0.0,-1.561985,-0.193079,-0.010683,0.277568,-0.983847,0.142328,0.108532,-0.039,-0.761819,0.646563,0.175947,0.6317,0.754891,-0.000669,0.010244,-0.009195,0.036316,-0.013468,0.016468,-1.111363,0.027846,0.046425,-0.036187,0.986624,-0.092102,0.134495,-0.015984,0.766444,0.642111,-0.162223,-0.635673,0.75472,-0.000303,0.005463,-0.004162,0.036318,-0.013472,0.016484,-0.877811,0.050513,0.037736,-0.069192,0.264484,0.355476,-0.896484,-0.156466,0.933087,0.323829,0.951612,0.054622,0.302406,-0.00744,0.001167,0.000835,-0.000628,0.01481,-0.029976,-0.923264
947,0.099612,-0.019914,0.307861,-0.276366,-0.350259,-0.894978,0.153319,-0.93537,0.318664,-0.94841,-0.04872,0.313324,-0.0,-0.0,-0.0,-0.0,0.0,0.0,-1.660965,-0.193086,-0.010562,0.277472,-0.983536,0.142178,0.111509,-0.03718,-0.762727,0.6456,0.178081,0.630639,0.755278,-0.000566,0.011433,-0.007682,0.036316,-0.013476,0.016463,-0.779012,0.027842,0.046482,-0.03624,0.986208,-0.091907,0.137646,-0.017974,0.767263,0.64108,-0.16453,-0.634713,0.755029,-0.000281,0.005715,-0.003841,0.035883,-0.015003,0.017843,-0.769386,0.050507,0.037732,-0.069188,0.2645,0.355513,-0.896464,-0.156456,0.933075,0.323869,0.951609,0.054594,0.30242,-2e-06,-1e-06,6e-06,0.000313,-7.1e-05,-0.000149,-0.920325
948,0.099588,-0.019955,0.307908,-0.281717,-0.349442,-0.893628,0.142521,-0.936239,0.321115,-0.948514,-0.036469,0.314673,-0.000809,-0.011072,0.008241,-0.035068,0.017683,-0.015894,-1.864686,-0.193138,-0.010125,0.277213,-0.980859,0.141284,0.133959,-0.02354,-0.768655,0.639178,0.19451,0.623606,0.757063,-0.000518,0.011975,-0.006989,0.589694,2.011563,-1.791283,-0.245833,0.027815,0.046705,-0.036372,0.983021,-0.091058,0.159302,-0.03127,0.77234,0.634438,-0.180807,-0.628648,0.756379,-0.000252,0.006009,-0.003466,0.585854,1.998748,-1.777423,-0.61377,0.050496,0.037716,-0.069168,0.269884,0.354741,-0.895165,-0.145645,0.934005,0.326222,0.951813,0.042334,0.303739,2e-06,1.1e-05,1.8e-05,-7.2e-05,-0.002254,0.00435,-0.919998
949,0.099493,-0.020016,0.307973,-0.281872,-0.349717,-0.893471,0.142373,-0.936148,0.321446,-0.948489,-0.036171,0.31478,0.000143,0.000496,0.000581,-0.0,0.0,0.0,-1.922447,-0.193182,-0.009644,0.276927,-0.978113,0.143455,0.150685,-0.015565,-0.772321,0.634989,0.208701,0.618558,0.757424,-0.000572,0.011345,-0.007787,-0.276031,0.172876,0.416544,0.029501,0.027794,0.046943,-0.03651,0.980041,-0.091319,0.176576,-0.040829,0.776842,0.628368,-0.194554,-0.623037,0.757609,-0.000289,0.005599,-0.003988,-0.347092,0.33328,0.30582,-0.510734,0.050447,0.03768,-0.069133,0.270028,0.354997,-0.89502,-0.145483,0.933921,0.326534,0.951797,0.042037,0.303831,9.7e-05,0.000335,0.000393,0.000345,-0.000169,-5.5e-05,-0.92457
950,0.099343,-0.020101,0.308101,-0.284173,-0.348438,-0.893242,0.136566,-0.936844,0.321941,-0.948654,-0.030072,0.314926,-0.000734,-0.010804,0.008556,-0.034741,0.017568,-0.016003,-1.923076,-0.193154,-0.009272,0.276529,-0.979875,0.120463,0.159137,0.007062,-0.775508,0.631247,0.200688,0.619509,0.758813,-0.000821,0.00848,-0.011432,0.036251,-0.013504,0.016444,0.177649,0.027808,0.047134,-0.036701,0.980224,-0.070133,0.185042,-0.062444,0.77769,0.625537,-0.187777,-0.624722,0.757932,-0.000404,0.00417,-0.005807,0.036005,-0.002139,-0.002682,-0.437417,0.050373,0.037643,-0.069071,0.27233,0.353717,-0.894829,-0.139694,0.93466,0.326947,0.952009,0.035965,0.303948,4.8e-05,0.000173,0.000205,0.000361,-0.000108,-0.000154,-0.931755
951,0.099264,-0.020136,0.308167,-0.284229,-0.348511,-0.893196,0.136411,-0.936823,0.322066,-0.94866,-0.029875,0.314928,0.000339,0.00117,0.001371,0.000383,-0.015015,0.024597,-1.922987,-0.19317,-0.009119,0.276291,-0.980319,0.108523,0.164891,0.01971,-0.776938,0.629216,0.19763,0.619939,0.759264,-0.000857,0.008065,-0.011961,0.073785,0.285408,-0.306211,0.25391,0.0278,0.047205,-0.036819,0.980114,-0.058198,0.189702,-0.074454,0.778313,0.623446,-0.183931,-0.625173,0.758503,-0.000431,0.00382,-0.006253,0.578201,2.01357,-1.778712,-0.304008,0.050333,0.037619,-0.069038,0.272402,0.353821,-0.894766,-0.139527,0.934629,0.327106,0.952013,0.03574,0.303963,-0.000406,-0.005532,0.004128,-0.034441,0.017465,-0.016139,-0.932898
952,0.099098,-0.020245,0.308283,-0.284394,-0.34875,-0.89305,0.13608,-0.936749,0.322421,-0.948657,-0.029405,0.314979,-0.01488,0.002351,0.001666,-0.000984,0.014715,-0.029553,-1.922992,-0.193272,-0.008728,0.27581,-0.980065,0.096301,0.173754,0.034241,-0.779272,0.625697,0.196891,0.619045,0.760184,-0.000752,0.009262,-0.010438,0.025002,0.103127,-0.144261,0.392965,0.027749,0.047399,-0.03707,0.978846,-0.045887,0.199382,-0.089571,0.780054,0.619267,-0.183946,-0.624026,0.759443,-0.000652,0.010277,-0.009144,0.070559,-0.032763,0.038458,-0.001431,0.050256,0.037567,-0.068977,0.272548,0.354025,-0.894641,-0.139194,0.934569,0.32742,0.95202,0.035291,0.303993,-0.000415,-0.005555,0.0041,-0.03455,0.017471,-0.016052,-0.935674
953,0.098909,-0.020369,0.308427,-0.284599,-0.349048,-0.892868,0.135692,-0.936656,0.322855,-0.948651,-0.028843,0.315049,-0.014864,0.002417,0.001739,-0.000984,0.014715,-0.029553,-1.923318,-0.193457,-0.008156,0.275265,-0.980069,0.072413,0.184965,0.059343,-0.781507,0.621014,0.190755,0.619516,0.761364,-0.001297,0.020868,-0.01788,0.064333,-0.055092,-0.001402,0.4856,0.027656,0.047682,-0.037339,0.977332,-0.02193,0.210573,-0.114753,0.780967,0.613939,-0.177914,-0.624187,0.760747,-0.007865,0.004309,-0.005096,0.002892,-0.079681,-0.145474,0.308331,0.050162,0.037505,-0.068905,0.27275,0.354325,-0.89446,-0.138806,0.934476,0.32785,0.952018,0.034736,0.304061,-0.000404,-0.005512,0.00415,-0.03462,0.017528,-0.016074,-0.936327
954,0.098832,-0.02048,0.308514,-0.284748,-0.349234,-0.892748,0.135398,-0.936599,0.323142,-0.948649,-0.028434,0.315095,-0.000123,-0.000423,-0.000495,0.0,0.0,0.0,-1.923006,-0.193559,-0.007866,0.27494,-0.980061,0.062721,0.188513,0.069384,-0.780644,0.62106,0.187349,0.621671,0.760453,-0.001435,0.019279,-0.019909,0.011078,-0.089273,-0.056002,0.506852,0.027605,0.04783,-0.037497,0.976734,-0.012293,0.214098,-0.124764,0.779432,0.613936,-0.174422,-0.626365,0.759765,-0.00048,0.003264,-0.006965,-0.07632,-0.283282,-0.354918,0.418226,0.050118,0.037451,-0.06886,0.272905,0.354533,-0.894331,-0.138516,0.934413,0.328154,0.952016,0.034324,0.304115,-0.000498,-0.005827,0.003783,-0.034636,0.017524,-0.016046,-0.93698
955,0.098691,-0.020682,0.308683,-0.286959,-0.347607,-0.892675,0.129225,-0.937377,0.323414,-0.94884,-0.022123,0.315023,-1e-06,-3e-06,-3e-06,-0.011988,0.004343,0.004231,-1.922649,-0.193744,-0.007372,0.274076,-0.980745,0.044736,0.190075,0.084246,-0.780771,0.619058,0.177334,0.623089,0.761692,-0.001968,0.013246,-0.027662,-0.03644,-0.183644,-0.552602,0.530267,0.027513,0.048091,-0.037928,0.976506,0.00563,0.21541,-0.139353,0.778987,0.611358,-0.16436,-0.627014,0.761471,-0.000987,0.006397,-0.014119,-0.035567,-0.1868,-0.556325,0.500688,0.050047,0.037348,-0.068778,0.275126,0.352915,-0.89429,-0.132344,0.935235,0.328358,0.952255,0.028014,0.304014,-0.007855,-0.00435,0.004967,-0.075803,0.047214,-0.031649,-0.937797
956,0.098603,-0.020814,0.308809,-0.287145,-0.347824,-0.892531,0.128842,-0.937309,0.323763,-0.948836,-0.021602,0.315072,-0.000821,-0.01107,0.008247,-0.03474,0.017563,-0.016012,-1.923045,-0.194033,-0.007126,0.27283,-0.9802,0.043736,0.193098,0.086485,-0.782315,0.616797,0.179274,0.621223,0.762762,-0.017631,0.005539,-0.036646,0.065678,0.038935,-0.066165,0.533997,0.027369,0.048218,-0.038546,0.975832,0.006753,0.218416,-0.141716,0.780388,0.609023,-0.166337,-0.625258,0.762485,-0.008825,0.002419,-0.018768,0.065762,0.039294,-0.065724,0.515384,0.050003,0.037287,-0.068717,0.275305,0.353122,-0.894154,-0.131975,0.935172,0.328687,0.952255,0.027517,0.304061,-4e-06,-1e-06,1e-06,0.000168,-6.4e-05,-4e-05,-0.939266
957,0.09859,-0.020837,0.308829,-0.289182,-0.346052,-0.892562,0.123197,-0.938081,0.323726,-0.948965,-0.015921,0.315023,0.0,0.0,0.0,-0.0,0.0,0.0,-1.92268,-0.194445,-0.007008,0.271283,-0.979693,0.045253,0.19531,0.08658,-0.782743,0.61624,0.181998,0.620572,0.762646,-0.018041,0.001547,-0.042073,0.065573,0.039084,-0.066038,0.533963,0.027169,0.048273,-0.039307,0.975355,0.005126,0.220581,-0.141728,0.780762,0.608542,-0.169102,-0.624807,0.762246,-0.001535,0.000461,-0.021958,0.070351,0.0396,-0.060173,0.517833,0.049997,0.037271,-0.068704,0.277369,0.351368,-0.894206,-0.1263,0.935983,0.328607,0.952425,0.021793,0.303991,-3e-06,0.0,3e-06,0.000313,9.4e-05,-0.00026,-0.943838
958,0.098624,-0.020834,0.308819,-0.291191,-0.344259,-0.892602,0.117644,-0.93882,0.323647,-0.949052,-0.010345,0.314991,0.0,0.0,0.0,-0.000324,0.000117,0.000114,-1.923112,-0.194698,-0.006953,0.27042,-0.98028,0.039128,0.193678,0.090301,-0.782697,0.615764,0.176919,0.621055,0.763448,-0.018171,0.000474,-0.043633,0.065677,0.038962,-0.066066,0.532818,0.027036,0.048299,-0.039758,0.975677,0.011308,0.218915,-0.145446,0.780568,0.607912,-0.164004,-0.624967,0.763228,-0.009082,-2e-05,-0.022139,0.067252,0.043125,-0.069785,0.518323,0.050014,0.037273,-0.068709,0.279394,0.349581,-0.894276,-0.120741,0.936765,0.328468,0.952554,0.016204,0.303935,0.007443,-0.001182,-0.000834,0.000358,-0.014117,0.02952,-0.943839
959,0.098738,-0.020827,0.308788,-0.291079,-0.344016,-0.892732,0.11765,-0.938908,0.32339,-0.949086,-0.010477,0.314885,0.0,0.0,0.0,-0.0,0.0,0.0,-1.922811,-0.195139,-0.006892,0.268475,-0.979639,0.040434,0.196629,0.090938,-0.783421,0.614749,0.180133,0.620057,0.763508,-0.003548,-0.003029,-0.049704,0.066004,0.041247,-0.059715,0.531256,0.026823,0.048327,-0.040691,0.975039,0.009888,0.22181,-0.146011,0.781164,0.607011,-0.167268,-0.624247,0.763109,-0.001737,-0.001432,-0.024719,0.070971,0.039466,-0.060389,0.51914,0.05007,0.037276,-0.068724,0.27928,0.349344,-0.894404,-0.120765,0.936851,0.328214,0.952584,0.016349,0.303833,0.007852,0.004355,-0.00496,0.036014,-0.032379,0.045453,-0.945308
960,0.098838,-0.020842,0.308776,-0.29506,-0.340357,-0.892828,0.106471,-0.940304,0.32321,-0.949172,0.000723,0.314799,0.0,0.0,0.0,-0.001079,0.000391,0.00038,-1.922723,-0.195638,-0.006904,0.26654,-0.97904,0.038165,0.20004,0.095168,-0.782254,0.615593,0.181208,0.621673,0.761937,-0.018607,-0.002533,-0.048438,-0.078022,0.189282,0.02142,0.531668,0.026572,0.048318,-0.041687,0.974241,0.012832,0.225142,-0.150636,0.779999,0.607379,-0.167817,-0.625648,0.76184,-0.001741,-0.001234,-0.024676,-0.141751,0.081384,0.259524,0.519303,0.050121,0.037268,-0.06873,0.283291,0.345698,-0.89456,-0.109574,0.938331,0.327913,0.952753,0.005126,0.3037,-1e-06,0.0,2e-06,-0.003076,0.001508,0.000806,-0.946614
961,0.098894,-0.020851,0.30877,-0.295079,-0.340373,-0.892816,0.106477,-0.940298,0.323224,-0.949166,0.000729,0.314819,0.0,0.0,0.0,-0.0,0.0,0.0,-1.922725,-0.19589,-0.006852,0.26555,-0.978874,0.034182,0.201562,0.09942,-0.781465,0.615924,0.179799,0.622903,0.761267,-0.003531,-0.002063,-0.049057,-0.207457,0.297343,0.153705,0.531778,0.02644,0.048343,-0.042183,0.97386,0.017649,0.226459,-0.155239,0.779518,0.606837,-0.165819,-0.62613,0.761881,-0.009492,0.005128,-0.027218,-0.395542,0.406067,0.19836,0.519303,0.050148,0.037264,-0.068733,0.283309,0.345719,-0.894546,-0.109591,0.938323,0.327929,0.952746,0.005129,0.303723,-0.0,1e-06,0.0,-0.002282,0.103107,-0.17018,-0.947757
962,0.098974,-0.020847,0.308749,-0.300267,-0.339009,-0.891604,0.095793,-0.940711,0.325361,-0.948671,0.012701,0.316052,0.0,0.0,0.0,-0.0,0.0,-0.0,-1.923162,-0.196419,-0.006757,0.263529,-0.978555,0.023874,0.204576,0.109353,-0.781036,0.614783,0.17569,0.623934,0.761382,-0.018818,-0.003402,-0.05031,0.036188,0.08258,-0.06715,0.532052,0.026181,0.048394,-0.04319,0.972905,0.026392,0.229692,-0.164339,0.77774,0.606723,-0.162628,-0.628031,0.761004,-0.002072,0.004181,-0.029247,0.097776,0.048879,-0.020659,0.519466,0.050188,0.037266,-0.068744,0.28854,0.344402,-0.893381,-0.098878,0.938796,0.329975,0.952348,-0.006875,0.304934,0.007446,-0.001178,-0.000832,0.001834,-0.016943,0.032399,-0.954289
963,0.09901,-0.020811,0.308714,-0.308002,-0.336267,-0.890003,0.085377,-0.941456,0.326102,-0.947176,0.024866,0.319791,-1.5e-05,-5e-05,-5.9e-05,0.065527,0.258639,0.155973,-1.92291,-0.19699,-0.00691,0.261446,-0.977804,0.015622,0.208916,0.118962,-0.778995,0.615588,0.173592,0.626752,0.759547,-0.019065,-0.004808,-0.052806,-0.076958,0.189968,0.023457,0.532563,0.025903,0.04832,-0.04421,0.971657,0.035405,0.233726,-0.174206,0.775583,0.606731,-0.159793,-0.630251,0.759769,-0.001733,-0.008767,-0.02396,-0.239631,0.2852,0.067261,0.519793,0.050206,0.037284,-0.068761,0.295034,0.342435,-0.892015,-0.088435,0.939351,0.331357,0.951385,-0.018876,0.307424,-8e-06,-3.7e-05,-4.1e-05,0.170589,0.50608,0.302772,-0.960821
964,0.09906,-0.020721,0.308616,-0.31336,-0.33516,-0.888549,0.075114,-0.941472,0.328573,-0.946282,0.03663,0.321304,0.015532,0.008126,-0.010607,0.035747,-0.032193,0.045613,-1.923212,-0.197518,-0.00751,0.25953,-0.977053,0.008643,0.212798,0.126675,-0.779186,0.613805,0.172344,0.62666,0.759906,-0.018965,-0.019068,-0.049741,0.037158,-0.032464,0.030015,0.534171,0.025625,0.048017,-0.045207,0.970426,0.041562,0.237791,-0.181465,0.775222,0.605062,-0.159194,-0.630319,0.759838,-0.009462,-0.009637,-0.024999,0.039352,-0.034052,0.028847,0.519793,0.050226,0.037327,-0.068806,0.301739,0.340601,-0.890473,-0.078121,0.939699,0.332958,0.950184,-0.030902,0.310152,-0.000112,-0.000393,-0.000458,-0.000691,-0.003436,-0.00161,-0.969638
965,0.099096,-0.020663,0.308543,-0.318659,-0.333799,-0.887176,0.064711,-0.941427,0.330908,-0.945274,0.048445,0.322702,0.000539,0.010122,-0.009357,0.03465,-0.017509,0.016054,-1.923335,-0.197912,-0.008037,0.258536,-0.97648,0.007843,0.215447,0.128901,-0.779352,0.61313,0.173946,0.626465,0.759702,-0.018819,-0.033076,-0.046127,-0.009887,0.103023,-0.143207,0.534246,0.025443,0.047776,-0.045664,0.969769,0.04234,0.240323,-0.183616,0.775271,0.60435,-0.160728,-0.630207,0.759608,-0.016987,-0.016586,-0.0226,-0.011882,0.117449,-0.173289,0.519793,0.050249,0.037356,-0.068842,0.307039,0.339264,-0.889171,-0.067665,0.939719,0.335185,0.949288,-0.04275,0.311487,-0.000179,-0.000627,-0.000733,0.000787,-0.00152,0.001143,-0.975027
966,0.099201,-0.020541,0.308375,-0.325167,-0.334411,-0.884579,0.055043,-0.940502,0.335259,-0.943662,0.060735,0.325332,-0.000111,-0.000382,-0.000447,-0.290214,1.475794,-2.317702,-1.92334,-0.198798,-0.009333,0.256724,-0.975269,0.006198,0.220916,0.133635,-0.779179,0.612337,0.177156,0.626701,0.758765,-0.034277,-0.03274,-0.045496,-0.01189,0.118228,-0.172456,0.527648,0.025005,0.047133,-0.046581,0.968349,0.043971,0.245695,-0.188286,0.774887,0.603405,-0.163854,-0.630568,0.75864,-0.009469,-0.016404,-0.023253,-0.010087,0.102587,-0.143767,0.519793,0.050301,0.037419,-0.068931,0.313141,0.339214,-0.887059,-0.057823,0.939113,0.338707,0.947944,-0.054771,0.31369,-6e-06,-0.000194,-0.000207,-0.286667,1.476172,-2.31834,-0.981069
967,0.099336,-0.020407,0.308159,-0.333658,-0.33288,-0.881991,0.039934,-0.93974,0.339509,-0.941447,0.078466,0.327946,0.015324,0.007437,-0.011419,-0.182868,0.461555,-0.600549,-1.92408,-0.199695,-0.010617,0.254988,-0.974303,-0.005703,0.225148,0.145001,-0.780369,0.608221,0.173455,0.625239,0.760823,-0.019075,-0.031651,-0.045702,0.482167,-0.490097,-0.382788,0.515073,0.024543,0.046471,-0.047468,0.966664,0.053062,0.250488,-0.198223,0.774324,0.600939,-0.162072,-0.630559,0.75903,-0.009493,-0.01568,-0.022607,0.166233,-0.048777,-0.264559,0.51669,0.050364,0.037484,-0.069034,0.321632,0.337819,-0.88455,-0.042782,0.93842,0.342835,0.945897,-0.072424,0.316279,-0.000196,-0.000837,-0.000977,-0.729675,1.646871,-2.151927,-0.983681
968,0.099391,-0.020234,0.307889,-0.340867,-0.329215,-0.880609,0.024562,-0.939488,0.341659,-0.939381,0.095235,0.329426,0.00024,0.009102,-0.010553,-1.425653,0.563917,0.537583,-1.924804,-0.200504,-0.011865,0.253436,-0.972871,-0.022909,0.230194,0.159034,-0.788425,0.594161,0.169103,0.614674,0.770352,-0.018261,-0.038825,-0.032359,0.438193,0.299664,-0.75394,0.499005,0.024131,0.04583,-0.048268,0.964328,0.072463,0.254595,-0.213103,0.783063,0.584293,-0.157025,-0.617705,0.770572,-0.009088,-0.019244,-0.015911,0.443652,0.363259,-0.816415,0.499218,0.050397,0.037574,-0.069172,0.329168,0.334971,-0.882859,-0.027901,0.938006,0.345492,0.943858,-0.089092,0.318108,0.000127,0.004576,-0.005254,-1.439539,0.566111,0.548427,-0.991193
969,0.099382,-0.020107,0.307734,-0.342722,-0.32723,-0.880629,0.019469,-0.939656,0.341526,-0.938823,0.100304,0.329511,0.000164,0.008838,-0.010863,0.034042,-0.002417,-0.008467,-1.924454,-0.2008,-0.012488,0.252814,-0.97265,-0.034311,0.229706,0.166024,-0.793877,0.584918,0.163513,0.607096,0.777535,-0.018006,-0.036143,-0.028593,0.465581,-0.512872,-0.3921,0.492976,0.02399,0.04553,-0.048571,0.963514,0.082608,0.254587,-0.219638,0.787624,0.575679,-0.152964,-0.610592,0.777031,-0.001226,-0.01775,-0.014261,0.696731,-0.685038,-0.458128,0.4904,0.050393,0.037634,-0.069246,0.331197,0.332779,-0.88293,-0.022277,0.938239,0.345269,0.943298,-0.094683,0.318155,0.000221,0.004874,-0.004893,0.034956,-0.01757,0.016252,-0.998868
970,0.099311,-0.019895,0.307421,-0.349353,-0.322905,-0.87962,-0.001421,-0.938569,0.345049,-0.93657,0.12219,0.328531,-7.6e-05,0.008009,-0.011838,-4.917565,1.547276,1.589726,-1.924755,-0.201135,-0.013703,0.251908,-0.971773,-0.060231,0.228083,0.18174,-0.807099,0.561691,0.151477,0.587359,0.794938,-0.001349,-0.041286,-0.012613,0.38051,-0.467889,-0.291777,0.482418,0.023816,0.044921,-0.049035,0.961359,0.109643,0.25252,-0.235993,0.800549,0.550843,-0.141758,-0.589151,0.79549,-0.000882,-0.01477,-0.009924,0.505519,-0.631653,-0.241966,0.474888,0.050357,0.037741,-0.069401,0.337494,0.329412,-0.881807,-0.006908,0.937611,0.347614,0.941301,-0.111226,0.318714,6.8e-05,0.004346,-0.005511,-0.177149,-0.627573,-0.348327,-1.006379
971,0.099122,-0.019665,0.307056,-0.358516,-0.31714,-0.878028,-0.02192,-0.937416,0.347481,-0.932836,0.144212,0.330223,-0.000134,0.007809,-0.012076,0.022916,-0.013039,0.020356,-1.92487,-0.201123,-0.015096,0.251476,-0.970425,-0.086211,0.225465,0.197252,-0.821115,0.535534,0.140184,0.564275,0.813515,-0.000766,-0.036584,-0.005603,0.479951,-0.661476,-0.193846,0.473358,0.023822,0.044223,-0.049253,0.958714,0.135416,0.250058,-0.251719,0.813226,0.52469,-0.132303,-0.565972,0.813738,0.007414,-0.018127,-0.003013,0.668561,-0.908516,-0.096246,0.461825,0.050262,0.037855,-0.069585,0.347069,0.322801,-0.880535,0.019199,0.936255,0.350795,0.937642,-0.138655,0.318748,-0.008004,-0.000797,-0.001479,-0.037675,0.048109,-0.037452,-1.012584
972,0.099024,-0.019538,0.306833,-0.361584,-0.317007,-0.876817,-0.031787,-0.935693,0.351341,-0.931363,0.155299,0.32935,-0.000374,0.006984,-0.01305,-1.428719,0.5433,0.515066,-1.925196,-0.200991,-0.015864,0.251446,-0.96892,-0.097164,0.227472,0.205374,-0.828067,0.521595,0.138901,0.552221,0.821962,0.015525,-0.046136,0.004044,0.672354,-0.155144,-0.440754,0.46906,0.023888,0.043826,-0.04927,0.956666,0.146866,0.251433,-0.259959,0.819796,0.51025,-0.131185,-0.553502,0.822451,0.007798,-0.022812,0.002415,0.701815,-0.10914,-0.486402,0.455456,0.050214,0.03792,-0.069695,0.349388,0.323467,-0.879372,0.02757,0.934564,0.354722,0.936572,-0.14818,0.317608,-0.007634,0.004873,-0.00554,-4.809203,1.908854,1.793134,-1.01536
973,0.09881,-0.019226,0.30634,-0.366505,-0.310504,-0.877101,-0.058022,-0.933218,0.354555,-0.928166,0.181218,0.325108,-0.000419,0.006833,-0.013236,-0.443215,0.013845,0.055136,-1.924863,-0.200585,-0.017395,0.251723,-0.966223,-0.112698,0.231741,0.216993,-0.840425,0.496522,0.14002,0.530178,0.836164,0.000722,-0.040292,0.013979,0.578714,-0.02717,-0.334122,0.463845,0.024091,0.043074,-0.049138,0.953068,0.162547,0.255418,-0.271774,0.831102,0.485187,-0.133413,-0.531833,0.836273,0.008136,-0.020328,0.006226,1.261983,1.399587,-1.439802,0.445985,0.050112,0.038071,-0.069939,0.354876,0.316521,-0.879702,0.053936,0.932447,0.357257,0.933355,-0.17423,0.313831,-0.000302,0.00333,-0.006806,-4.89777,1.683602,1.624715,-1.008992
974,0.098641,-0.018843,0.305742,-0.372955,-0.305942,-0.875984,-0.083192,-0.929257,0.359906,-0.923666,0.207479,0.322214,0.000146,0.017031,-0.022508,-0.049061,-0.311164,-0.167115,-1.924736,-0.199983,-0.018881,0.252385,-0.964242,-0.118135,0.237218,0.221798,-0.849216,0.479135,0.146059,0.514765,0.844717,0.016927,-0.035946,0.019746,0.188689,-0.29198,0.191118,0.4639,0.024386,0.042332,-0.048806,0.950383,0.168778,0.261312,-0.277504,0.839586,0.466995,-0.140576,-0.516341,0.844766,0.008706,-0.023655,0.013798,0.353676,0.221902,-0.187851,0.443046,0.050022,0.038263,-0.070237,0.362552,0.310805,-0.878609,0.080759,0.928728,0.361858,0.928457,-0.202148,0.311612,-0.007714,0.004324,-0.006101,-0.260955,-0.419305,-0.285257,-1.008502
975,0.098558,-0.018625,0.305419,-0.378078,-0.303651,-0.874584,-0.097933,-0.926271,0.363872,-0.920126,0.223595,0.321558,-0.000612,0.006181,-0.014019,-0.072261,-0.247389,-0.155889,-1.924438,-0.1996,-0.019594,0.252844,-0.963477,-0.120669,0.239045,0.223586,-0.853356,0.470879,0.148381,0.50728,0.84883,0.017173,-0.034175,0.022483,0.395154,-0.461438,0.054102,0.464834,0.024578,0.041976,-0.048575,0.949523,0.170022,0.263621,-0.27869,0.842984,0.460117,-0.143998,-0.510361,0.847817,0.01644,-0.016741,0.011279,0.58264,0.020023,-0.291191,0.442883,0.04998,0.038378,-0.070409,0.36724,0.308983,-0.877304,0.095586,0.925679,0.366033,0.925201,-0.218281,0.310412,-0.000286,0.003103,-0.006989,-0.10502,-0.31301,-0.187055,-1.01438
976,0.098425,-0.018096,0.304723,-0.386893,-0.297258,-0.872924,-0.127509,-0.920289,0.36984,-0.912803,0.254759,0.319241,-0.000483,0.006624,-0.013502,0.019449,-0.055381,-0.041212,-1.924827,-0.198832,-0.020934,0.253778,-0.96145,-0.121134,0.246846,0.226263,-0.858262,0.460571,0.157277,0.498821,0.852236,0.03298,-0.033454,0.022573,0.17012,-0.0609,-0.085918,0.470229,0.024957,0.041311,-0.0481,0.947313,0.171106,0.270775,-0.281504,0.848055,0.448951,-0.152814,-0.501521,0.851542,0.008685,-0.016355,0.01236,0.458944,0.310248,-0.318527,0.446312,0.049913,0.038639,-0.070753,0.375354,0.303312,-0.875848,0.12532,0.919656,0.372191,0.91837,-0.249465,0.307185,0.000274,0.009144,-0.010504,0.075553,-0.062264,0.019899,-1.023688
977,0.098289,-0.017421,0.303894,-0.401001,-0.28385,-0.871018,-0.177607,-0.908667,0.377826,-0.898217,0.306556,0.315051,-0.014788,0.019144,-0.021152,-0.382305,0.235465,-0.066677,-1.924943,-0.197972,-0.022051,0.254631,-0.959842,-0.119574,0.253766,0.227679,-0.860158,0.456316,0.164921,0.495919,0.852484,0.032655,-0.020855,0.016563,-0.052046,-0.140005,0.206968,0.475227,0.025387,0.040749,-0.04767,0.94551,0.17001,0.277679,-0.28328,0.849972,0.444182,-0.160504,-0.49864,0.851818,0.008681,-0.016578,0.011996,-0.116649,-0.090815,0.152732,0.452517,0.049851,0.038973,-0.071162,0.389306,0.290068,-0.874242,0.17522,0.908468,0.37945,0.904288,-0.300907,0.302847,0.00053,0.014133,-0.015264,-1.348228,0.572084,0.537773,-1.019768
978,0.098135,-0.016648,0.302972,-0.413842,-0.272845,-0.868525,-0.215719,-0.897479,0.384667,-0.883927,0.346884,0.313642,-8.4e-05,0.016239,-0.02347,0.019442,-0.043197,-0.240873,-1.924887,-0.197061,-0.022858,0.255327,-0.956983,-0.124431,0.262089,0.234571,-0.863107,0.447165,0.171772,0.489566,0.8548,0.017076,-0.020169,0.018624,0.289138,-0.266262,-0.239009,0.476995,0.025848,0.040345,-0.047322,0.942379,0.172893,0.286406,-0.289008,0.851945,0.436651,-0.168508,-0.494264,0.852823,0.008564,-0.009733,0.009839,0.327763,-0.314067,-0.251384,0.458069,0.049768,0.039367,-0.07163,0.402793,0.278682,-0.871833,0.21387,0.897496,0.385694,0.889953,-0.341814,0.301903,-3.4e-05,0.008076,-0.01178,0.021884,-0.046133,-0.242873,-1.019442
979,0.098061,-0.016253,0.302473,-0.424286,-0.26295,-0.866536,-0.239493,-0.890265,0.387354,-0.872779,0.372201,0.315835,-0.000281,0.015574,-0.024269,-0.065464,0.075925,-0.009334,-1.92437,-0.196615,-0.023132,0.255618,-0.956311,-0.126202,0.263694,0.236531,-0.863772,0.444844,0.172833,0.48794,0.855516,0.017126,-0.019807,0.019164,0.068912,-0.114097,-0.069445,0.4784,0.026071,0.040208,-0.047177,0.941554,0.175815,0.287339,-0.291363,0.853145,0.432724,-0.169063,-0.491154,0.854508,0.016127,-0.004211,0.005113,0.133464,-0.040086,-0.222009,0.459702,0.049732,0.039565,-0.071879,0.413261,0.268986,-0.869977,0.237557,0.890447,0.388161,0.879079,-0.367081,0.304088,-0.00014,0.007717,-0.012212,-0.056162,0.089736,-0.002294,-1.021565
980,0.097895,-0.01542,0.301365,-0.442542,-0.244125,-0.862905,-0.291028,-0.871065,0.395627,-0.847684,0.42651,0.315513,-0.015365,0.017133,-0.023588,-4.771392,1.969512,1.588211,-1.924518,-0.195718,-0.023564,0.25609,-0.954059,-0.131962,0.268979,0.242758,-0.866316,0.436462,0.176623,0.481875,0.858175,0.016538,-0.008831,0.010664,0.105029,-0.112138,-0.077162,0.48003,0.02652,0.03999,-0.046935,0.938888,0.181468,0.292502,-0.297455,0.85536,0.424121,-0.17323,-0.485209,0.857066,0.008287,-0.004178,0.005683,0.137184,-0.156898,-0.06751,0.462151,0.049655,0.039975,-0.072425,0.430757,0.252044,-0.866557,0.284389,0.873376,0.395394,0.856487,-0.416758,0.304534,0.000178,0.012906,-0.01674,-0.047094,-0.353446,-0.166648,-1.025321
981,0.097712,-0.014546,0.300143,-0.461677,-0.221629,-0.858941,-0.340918,-0.849601,0.4024,-0.818372,0.478878,0.317757,-0.000164,0.024231,-0.035408,-4.666428,2.300822,1.494389,-1.924507,-0.194878,-0.023901,0.256427,-0.951935,-0.137493,0.273692,0.248385,-0.869064,0.427746,0.180239,0.475341,0.861062,0.0164,-0.010185,0.008553,-6.7e-05,-0.028725,-0.009197,0.479892,0.026946,0.03982,-0.04676,0.936332,0.187337,0.29696,-0.303212,0.857881,0.414851,-0.17704,-0.478481,0.860065,0.008189,-0.005141,0.004187,-0.055977,-0.007027,0.003979,0.463784,0.049558,0.040411,-0.07303,0.449524,0.230487,-0.863019,0.334723,0.85228,0.401967,0.828183,-0.469567,0.305971,-0.007803,0.008072,-0.012402,0.044869,0.107913,-0.267282,-1.024994
982,0.097616,-0.014108,0.299486,-0.472059,-0.207123,-0.856917,-0.36783,-0.837096,0.4049,-0.800604,0.506589,0.320043,-0.015232,0.025816,-0.034707,-4.645457,2.233996,1.74161,-1.924314,-0.194513,-0.02407,0.256558,-0.95112,-0.141321,0.274572,0.251292,-0.87066,0.422773,0.180507,0.471286,0.863232,0.016325,-0.010955,0.007359,0.138602,-0.138672,-0.098477,0.478484,0.027122,0.03974,-0.046696,0.935352,0.190552,0.298002,-0.305749,0.859177,0.410283,-0.177856,-0.474873,0.861895,0.008157,-0.005476,0.003666,0.178162,-0.063432,-0.279626,0.462804,0.049515,0.040629,-0.073359,0.460306,0.216031,-0.861073,0.36167,0.840165,0.404124,0.810748,-0.497446,0.308601,-8.7e-05,0.01201,-0.017836,0.0731,-0.015946,0.045605,-1.02679
983,0.097479,-0.013253,0.298082,-0.488398,-0.185089,-0.852792,-0.414629,-0.810678,0.413347,-0.767244,0.555697,0.320256,-0.00085,0.021954,-0.038218,-0.342247,0.233839,-0.045642,-1.924388,-0.193928,-0.024437,0.256788,-0.950838,-0.14713,0.27249,0.254448,-0.872406,0.417251,0.177526,0.46626,0.866573,0.016276,-0.011546,0.006433,0.325502,-0.287405,-0.218785,0.473339,0.027415,0.039556,-0.046582,0.934887,0.195227,0.29643,-0.30842,0.860158,0.406205,-0.175674,-0.471182,0.864364,0.007856,6.1e-05,-0.000496,0.389005,-0.332048,-0.235335,0.457579,0.049441,0.041058,-0.074059,0.477819,0.191588,-0.85731,0.413473,0.812014,0.411913,0.775066,-0.551295,0.30878,-0.000365,0.011089,-0.018969,-1.337473,0.606262,0.534523,-1.030872
984,0.097332,-0.012381,0.296569,-0.508043,-0.157005,-0.846928,-0.463131,-0.779243,0.422212,-0.725626,0.606932,0.324234,-0.000977,0.021554,-0.038766,-4.625635,2.441744,1.586351,-1.923723,-0.193555,-0.024845,0.257028,-0.949381,-0.153641,0.273974,0.259757,-0.874116,0.410343,0.177631,0.460934,0.869396,0.000554,-0.011721,0.007317,0.012826,-0.02576,-0.048175,0.466496,0.027607,0.039351,-0.046464,0.932984,0.20328,0.297013,-0.314283,0.862306,0.397056,-0.175402,-0.463794,0.868405,0.008132,-0.005853,0.00308,-0.036857,-0.022348,-0.012347,0.449414,0.049367,0.041492,-0.074818,0.496819,0.166403,-0.85175,0.458003,0.78337,0.420194,0.737158,-0.598866,0.31298,-0.008032,0.011437,-0.019202,-0.021369,0.201647,-0.206713,-1.041486
985,0.097233,-0.011599,0.294996,-0.519625,-0.131897,-0.844178,-0.498825,-0.755328,0.424999,-0.693048,0.642099,0.327749,-0.001539,0.019723,-0.041087,0.065481,-0.00442,0.013056,-1.924081,-0.193345,-0.025292,0.257294,-0.948678,-0.161878,0.271654,0.264685,-0.876227,0.402619,0.174047,0.454065,0.873725,0.000562,-0.011675,0.007388,0.021764,-0.033121,-0.054007,0.459351,0.027712,0.039131,-0.046335,0.931952,0.211432,0.294553,-0.319052,0.864144,0.389178,-0.172252,-0.456673,0.872799,0.000277,-0.005833,0.003698,-0.014661,-0.021028,-0.059227,0.441087,0.049318,0.041885,-0.075602,0.509766,0.138127,-0.849151,0.498405,0.757102,0.422359,0.701234,-0.638526,0.317101,-0.000759,0.009807,-0.020615,-0.019449,0.037822,0.050374,-1.045895
986,0.097147,-0.01124,0.294241,-0.526137,-0.117721,-0.842239,-0.51808,-0.741018,0.427149,-0.67375,0.661231,0.329941,-0.001358,0.020337,-0.040377,-4.662198,3.887176,-0.462986,-1.92381,-0.193313,-0.025504,0.257404,-0.948426,-0.165843,0.27014,0.266868,-0.877329,0.398758,0.172061,0.450496,0.875963,0.000471,-0.012578,0.006,0.173861,-0.155127,-0.152194,0.455416,0.027728,0.039022,-0.046274,0.931585,0.214727,0.293326,-0.320893,0.864887,0.386002,-0.170809,-0.45372,0.87462,0.000222,-0.006368,0.002875,0.251359,-0.190363,-0.206782,0.436025,0.049274,0.04207,-0.075998,0.515412,0.124663,-0.847825,0.516801,0.743979,0.423569,0.683568,-0.65647,0.31903,-0.000699,0.010036,-0.020233,-4.664938,3.868976,-0.475416,-1.048671
987,0.09683,-0.010725,0.292956,-0.537333,-0.091246,-0.838447,-0.555465,-0.70979,0.433161,-0.633983,0.698591,0.331758,-0.002076,0.009739,-0.031706,-0.060617,0.073685,0.015089,-1.924597,-0.193308,-0.025914,0.25763,-0.947926,-0.17013,0.269227,0.269731,-0.878027,0.395281,0.17033,0.447533,0.877818,-3.9e-05,-0.000383,-0.000588,0.044057,-0.035434,-0.028457,0.447882,0.027731,0.038811,-0.046162,0.93082,0.219592,0.29215,-0.324057,0.865519,0.381919,-0.168996,-0.450172,0.876803,0.00025,-0.006097,0.003296,-0.024742,-0.006914,-0.042852,0.426391,0.049116,0.042323,-0.076629,0.527753,0.097649,-0.843765,0.555348,0.711969,0.429752,0.6427,-0.695387,0.321515,-0.008373,0.006255,-0.014789,-0.359891,0.278677,0.065181,-1.053733
988,0.096329,-0.01044,0.291909,-0.546127,-0.054029,-0.835985,-0.601074,-0.669834,0.435894,-0.582849,0.740608,0.334384,-0.01748,0.002065,-0.020707,-0.094726,0.078989,0.013141,-1.924225,-0.19332,-0.026205,0.257793,-0.947307,-0.170994,0.270854,0.271379,-0.877333,0.395696,0.171157,0.448567,0.877129,0.000521,-0.012072,0.006779,-0.036319,0.013335,-0.016549,0.442045,0.027725,0.03867,-0.046083,0.930104,0.220289,0.2939,-0.325683,0.864586,0.382649,-0.169809,-0.451623,0.8759,-2.6e-05,-0.00023,-0.000355,-0.000913,0.001983,0.002736,0.418389,0.048865,0.042467,-0.077167,0.536786,0.060314,-0.841559,0.601351,0.672284,0.431752,0.591808,-0.737831,0.324603,-0.008716,0.001063,-0.010327,-0.091491,0.077615,0.012891,-1.059612
989,0.096018,-0.010323,0.291455,-0.548286,-0.034936,-0.835588,-0.62358,-0.648707,0.436232,-0.556617,0.760278,0.334936,-0.016298,0.014228,-0.027557,-1.328758,0.722654,0.537053,-1.923874,-0.193305,-0.026293,0.257827,-0.946698,-0.173648,0.271295,0.273614,-0.877644,0.393459,0.170966,0.446938,0.877998,0.015674,-0.000712,-0.002266,0.412796,-0.348335,-0.23749,0.439692,0.027727,0.038623,-0.046061,0.929498,0.220976,0.295297,-0.326977,0.86413,0.382574,-0.170636,-0.452158,0.875463,-5.5e-05,-0.00051,-0.000783,-0.011012,0.116164,-0.159627,0.41496,0.048715,0.04252,-0.077384,0.538973,0.042156,-0.841266,0.622914,0.652343,0.431771,0.566996,-0.75675,0.325336,-0.008691,0.001039,-0.010217,-4.622995,2.450342,1.797271,-1.060591
990,0.095214,-0.010111,0.290698,-0.550794,-0.005928,-0.834647,-0.658588,-0.611237,0.438889,-0.512091,0.791432,0.333805,-0.015943,0.015442,-0.026112,0.028792,0.025079,-0.034525,-1.923679,-0.193244,-0.026413,0.257847,-0.945636,-0.175121,0.274036,0.276215,-0.876966,0.393153,0.172658,0.447697,0.87728,-7.7e-05,-0.000757,-0.001164,-0.011362,0.115031,-0.161834,0.437384,0.027763,0.038562,-0.046053,0.928215,0.224206,0.296895,-0.330249,0.864014,0.380018,-0.171319,-0.450788,0.876036,-4.9e-05,-0.000479,-0.000737,-0.00339,0.002706,0.002147,0.410715,0.048313,0.042626,-0.077763,0.541692,0.012371,-0.840485,0.65935,0.61393,0.433987,0.521369,-0.789262,0.324404,-0.015721,0.003718,-0.007734,-0.079034,0.103418,-0.011967,-1.064674
991,0.094175,-0.009885,0.290114,-0.551571,0.032652,-0.833516,-0.698685,-0.563952,0.440192,-0.45501,0.825121,0.334915,-0.016637,0.005041,-0.01717,0.022326,-0.077288,0.107243,-1.922894,-0.193138,-0.026486,0.257823,-0.944767,-0.176305,0.276266,0.278301,-0.87646,0.39281,0.174068,0.448224,0.876732,-0.000118,-0.001169,-0.001799,-0.011457,0.115081,-0.161792,0.43539,0.027816,0.038526,-0.046064,0.927188,0.22535,0.29923,-0.332358,0.863375,0.379631,-0.172798,-0.451441,0.875409,-6.3e-05,-0.000631,-0.000973,-0.01115,0.115612,-0.16063,0.406959,0.047795,0.042744,-0.078056,0.542826,-0.026435,-0.839428,0.699735,0.566975,0.434636,0.464446,-0.82331,0.326267,-0.015553,0.004331,-0.007005,-0.001308,0.045945,-0.054302,-1.067123
992,0.093614,-0.009734,0.289856,-0.550841,0.049091,-0.833192,-0.717019,-0.538786,0.442228,-0.426524,0.84095,0.333026,-0.031972,-0.002228,-0.00565,-1.389711,0.770974,0.464016,-1.921773,-0.193068,-0.026522,0.2578,-0.944387,-0.176814,0.27724,0.279204,-0.876242,0.392656,0.174688,0.448451,0.876492,-9.5e-05,-0.000947,-0.001458,0.0,-0.0,-0.0,0.434776,0.027851,0.038508,-0.046076,0.926762,0.225822,0.30019,-0.333225,0.863118,0.379456,-0.17341,-0.451697,0.875155,0.007823,-0.000549,-0.001439,0.002316,-0.014777,0.030198,0.405979,0.047519,0.04282,-0.078192,0.542136,-0.041667,-0.839256,0.717346,0.543091,0.436423,0.437609,-0.838638,0.324319,-0.015399,0.004652,-0.006474,-4.572354,2.478139,1.776038,-1.070225
993,0.092473,-0.009324,0.289437,-0.543971,0.081075,-0.835205,-0.750829,-0.491454,0.441247,-0.374021,0.867022,0.329255,-0.030054,0.012098,-0.009763,-1.36392,0.84613,0.298225,-1.919218,-0.192953,-0.026591,0.257742,-0.943407,-0.178132,0.279721,0.281517,-0.875704,0.392206,0.176272,0.448983,0.875903,-0.000109,-0.001089,-0.001677,-0.011469,0.11506,-0.161806,0.432933,0.027908,0.038473,-0.046105,0.925717,0.227005,0.302515,-0.335351,0.862503,0.378981,-0.17489,-0.452278,0.874561,-6.7e-05,-0.000673,-0.00104,0.000184,0.000284,0.000645,0.40353,0.046948,0.043018,-0.078402,0.535327,-0.073667,-0.841425,0.751645,0.495974,0.434785,0.385296,-0.865206,0.32088,-0.014857,0.00637,-0.004344,-4.587286,2.443707,1.763453,-1.069409
994,0.091323,-0.008786,0.289142,-0.537601,0.112373,-0.835705,-0.778363,-0.447302,0.440504,-0.32365,0.887158,0.328982,-0.028961,0.015446,-0.00557,-0.005041,0.030081,-0.029262,-1.916702,-0.192826,-0.026664,0.257676,-0.942717,-0.17904,0.281461,0.283127,-0.875316,0.391911,0.177383,0.449378,0.875476,-0.000175,-0.00175,-0.002698,-0.001663,0.01667,-0.023447,0.429651,0.027972,0.038438,-0.046136,0.924895,0.22792,0.304334,-0.337009,0.862014,0.378623,-0.176045,-0.45275,0.874084,-5.4e-05,-0.000561,-0.000866,0.000138,0.00019,0.000427,0.399774,0.046383,0.043279,-0.078551,0.529137,-0.106186,-0.841864,0.780204,0.450949,0.433502,0.333607,-0.88621,0.321461,-0.007097,0.006361,-0.003768,-0.381435,0.21831,0.147149,-1.071858
995,0.090422,-0.008157,0.288946,-0.532738,0.13733,-0.83509,-0.797619,-0.411314,0.44113,-0.282248,0.900921,0.329704,-0.013477,0.014836,-0.004878,0.022119,0.001482,-0.010058,-1.915604,-0.192691,-0.026753,0.257566,-0.942101,-0.17984,0.28301,0.284552,-0.87498,0.391631,0.178379,0.449716,0.8751,0.015538,-0.002252,-0.004668,-0.009441,0.099833,-0.132575,0.426651,0.028034,0.038395,-0.046188,0.924251,0.228629,0.305759,-0.3383,0.861635,0.378334,-0.176954,-0.453114,0.873713,-0.00011,-0.001116,-0.001723,8.8e-05,0.000143,0.000279,0.396672,0.045927,0.043595,-0.078648,0.524457,-0.131241,-0.84126,0.79972,0.415034,0.433812,0.292218,-0.90029,0.322624,-0.006639,0.007728,-0.002039,-0.088221,0.060403,0.033321,-1.072838
996,0.090067,-0.007827,0.288892,-0.529809,0.14935,-0.83489,-0.805101,-0.398144,0.43962,-0.266097,0.904901,0.332226,-0.012949,0.016397,-0.002903,0.057008,0.058925,0.063878,-1.915284,-0.19266,-0.026814,0.257488,-0.941741,-0.180316,0.283902,0.285386,-0.874784,0.391462,0.178948,0.449908,0.874885,-0.000268,-0.002693,-0.004159,0.0,-0.0,-0.0,0.424088,0.028055,0.038365,-0.046227,0.923799,0.229137,0.306741,-0.339206,0.861372,0.378121,-0.177577,-0.453357,0.87346,-0.000135,-0.001369,-0.002116,-0.011446,0.11513,-0.161584,0.394222,0.045749,0.043758,-0.078677,0.521623,-0.143278,-0.841058,0.807215,0.402067,0.43214,0.276246,-0.90433,0.325384,-0.006531,0.008038,-0.001649,0.0598,0.111757,0.064625,-1.06745
997,0.089635,-0.007237,0.288775,-0.526291,0.16146,-0.834861,-0.813845,-0.380132,0.439463,-0.245754,0.910533,0.332507,-0.013078,0.015937,-0.003496,0.033282,-0.004508,-0.014517,-1.913837,-0.192637,-0.026956,0.257285,-0.941006,-0.181294,0.285712,0.287083,-0.874394,0.39109,0.180103,0.450272,0.87446,-0.000351,-0.003521,-0.005448,-0.01149,0.11503,-0.161826,0.418452,0.028067,0.038294,-0.046328,0.923027,0.230013,0.308404,-0.34075,0.86093,0.377739,-0.17863,-0.453753,0.87304,0.007705,-0.001853,-0.003464,0.000391,0.001533,0.005943,0.388344,0.045523,0.044059,-0.078729,0.518214,-0.155426,-0.841008,0.81609,0.384012,0.431891,0.25583,-0.910152,0.325842,-0.006632,0.007695,-0.00209,0.035406,-0.007544,-0.016977,-1.074308
998,0.089499,-0.006764,0.28859,-0.52797,0.171743,-0.831743,-0.817702,-0.367377,0.443136,-0.228807,0.913868,0.335438,0.000318,0.000957,0.001214,-0.020363,0.474454,-0.679448,-1.914156,-0.192662,-0.027094,0.257072,-0.940483,-0.181995,0.286985,0.288285,-0.874125,0.390808,0.180916,0.450514,0.874168,-0.000374,-0.003747,-0.005808,-0.001665,0.016668,-0.023449,0.411889,0.028054,0.038223,-0.046438,0.922382,0.230753,0.309779,-0.342037,0.860569,0.377398,-0.179501,-0.454062,0.8727,-0.000158,-0.001604,-0.002486,-0.00166,0.016714,-0.023352,0.378873,0.045451,0.044308,-0.078823,0.519282,-0.16544,-0.838435,0.820399,0.37128,0.43485,0.239353,-0.913663,0.328526,0.000744,0.006316,-0.00308,-0.031836,1.560095,-2.248631,-1.080349
999,0.089569,-0.006573,0.288504,-0.532527,0.172907,-0.828591,-0.815128,-0.368525,0.446909,-0.227427,0.913185,0.338227,0.016397,0.010475,-0.007379,0.029175,0.10843,-0.159223,-1.913355,-0.192657,-0.027156,0.256975,-0.940295,-0.182242,0.287444,0.288714,-0.874029,0.390707,0.181211,0.450601,0.874062,-0.000343,-0.003435,-0.00533,-0.001665,0.016668,-0.023449,0.410643,0.028056,0.03819,-0.046489,0.922162,0.231001,0.310249,-0.342473,0.860446,0.377283,-0.1798,-0.454168,0.872583,-0.000166,-0.001691,-0.002626,-0.001638,0.016697,-0.023367,0.375934,0.045479,0.044399,-0.078864,0.524508,-0.16672,-0.834921,0.817523,0.372509,0.439194,0.237794,-0.912929,0.331682,0.000305,0.000911,0.001155,-0.020213,0.617727,-0.888296,-1.07937
