frame,MLTx,MLTy,MLTz,MLTR1,MLTR2,MLTR3,MLTR4,MLTR5,MLTR6,MLTR7,MLTR8,MLTR9,MLTTVx,MLTTVy,MLTTVz,MLTRVx,MLTRVy,MLTRVz,MLGA,MRTx,MRTy,MRTz,MRTR1,MRTR2,MRTR3,MRTR4,MRTR5,MRTR6,MRTR7,MRTR8,MRTR9,MRTTVx,MRTTVy,MRTTVz,MRTRVx,MRTRVy,MRTRVz,MRGA,SLTx,SLTy,SLTz,SLTR1,SLTR2,SLTR3,SLTR4,SLTR5,SLTR6,SLTR7,SLTR8,SLTR9,SLTTVx,SLTTVy,SLTTVz,SLTRVx,SLTRVy,SLTRVz,SLGA,SRTx,SRTy,SRTz,SRTR1,SRTR2,SRTR3,SRTR4,SRTR5,SRTR6,SRTR7,SRTR8,SRTR9,SRTTVx,SRTTVy,SRTTVz,SRTRVx,SRTRVy,SRTRVz,SRGA
640,0.107104,-0.001512,0.304272,-0.553459,-0.256131,-0.792544,0.020947,-0.955528,0.294108,-0.831942,0.146488,0.535201,-0.042153,0.001879,0.019985,-0.037423,0.046135,-0.080371,0.347644,-0.196658,-0.003427,0.303596,-0.461424,0.883478,-0.080899,-0.300696,-0.069825,0.951126,0.835213,0.462066,0.297953,-9.2e-05,-0.001044,-0.0011,0.0,0.0,0.0,-1.398814,0.030671,0.042806,-0.019063,0.599072,-0.793259,-0.108866,0.297885,0.0946,0.949902,-0.74322,-0.60149,0.292972,-4.6e-05,-0.000533,-0.000562,-2.1e-05,5e-06,-1.3e-05,-1.064942,0.052335,0.039481,-0.06581,0.652757,0.282686,-0.702848,-0.183003,0.959133,0.215804,0.73513,-0.012245,0.677814,-0.021054,0.001054,0.010145,-0.040277,0.047266,-0.079016,0.252755
641,0.105823,-0.001305,0.305034,-0.557391,-0.253425,-0.790656,0.021092,-0.956299,0.291581,-0.829306,0.146157,0.539366,-0.041411,0.004537,0.022796,0.19258,0.419627,0.167213,0.353854,-0.196662,-0.00347,0.303551,-0.461327,0.883568,-0.08047,-0.300503,-0.070142,0.951163,0.835336,0.461846,0.297949,-7.6e-05,-0.000869,-0.000916,0.0,0.0,0.0,-1.398531,0.030669,0.042784,-0.019085,0.598996,-0.793375,-0.108439,0.297643,0.09488,0.94995,-0.743378,-0.601293,0.292975,-4.6e-05,-0.000519,-0.000548,-1.4e-05,8e-06,-3.2e-05,-1.065432,0.05171,0.039583,-0.065437,0.655047,0.281654,-0.701129,-0.182636,0.959432,0.214786,0.733182,-0.012643,0.679913,-0.01345,0.001508,0.01099,0.22777,0.465415,0.238713,0.270717
642,0.104595,-0.001138,0.306007,-0.557924,-0.246456,-0.792481,0.019311,-0.95849,0.284421,-0.828991,0.143682,0.540515,-0.040439,0.007953,0.026399,0.110692,0.158404,0.266736,0.355363,-0.196664,-0.003509,0.303525,-0.461202,0.883683,-0.079925,-0.300236,-0.070532,0.951219,0.835501,0.461568,0.297918,-5.4e-05,-0.000615,-0.000649,0.0,0.0,0.0,-1.398564,0.030668,0.042765,-0.019099,0.598899,-0.793522,-0.107896,0.297316,0.095219,0.950019,-0.743587,-0.601045,0.292953,-2.6e-05,-0.000298,-0.000314,-2e-06,2e-06,3e-06,-1.063309,0.051095,0.039664,-0.064953,0.657776,0.274029,-0.701596,-0.180001,0.961671,0.206851,0.731388,-0.009773,0.68189,-0.01308,0.002811,0.012362,0.195371,0.396691,0.175929,0.276105
643,0.104041,-0.001073,0.306558,-0.559481,-0.244286,-0.792055,0.018568,-0.959042,0.282606,-0.827958,0.143703,0.542091,-0.026783,-0.005006,0.033234,-0.041115,0.098553,-0.03417,0.357487,-0.196665,-0.003521,0.303512,-0.461127,0.883751,-0.0796,-0.300089,-0.070773,0.951247,0.835595,0.4614,0.297914,-4.7e-05,-0.00053,-0.000559,0.0,0.0,0.0,-1.39878,0.030668,0.042759,-0.019105,0.598842,-0.793609,-0.107572,0.297132,0.095432,0.950055,-0.743707,-0.600896,0.292955,-2.8e-05,-0.000309,-0.000326,3e-06,-7e-06,3.7e-05,-1.063309,0.050814,0.039703,-0.064678,0.660296,0.271338,-0.700274,-0.178933,0.962436,0.204202,0.729377,-0.009532,0.684044,-0.012787,0.003847,0.013456,-0.033288,-0.076437,0.155719,0.278065
644,0.103059,-0.000917,0.307737,-0.566123,-0.236189,-0.789788,0.017379,-0.961286,0.274952,-0.823451,0.142218,0.549298,-0.026419,-0.003804,0.034412,0.064006,0.271095,0.078994,0.362159,-0.196666,-0.003533,0.303499,-0.461021,0.883849,-0.079131,-0.299878,-0.07112,0.951288,0.835729,0.46116,0.297909,-3e-06,-3e-05,-3.2e-05,0.0,0.0,0.0,-1.398621,0.030667,0.042752,-0.019112,0.598759,-0.793735,-0.107105,0.296867,0.095737,0.950107,-0.743879,-0.600681,0.292958,1e-06,1.1e-05,1.2e-05,2e-05,-1e-06,2.5e-05,-1.063799,0.050324,0.039783,-0.064086,0.666835,0.264637,-0.696632,-0.176648,0.96431,0.19723,0.723965,-0.008461,0.689784,-0.005878,-0.002337,0.017169,0.115205,0.314825,0.178402,0.28378
645,0.102365,-0.000969,0.308974,-0.568654,-0.230493,-0.789652,0.014565,-0.962617,0.270424,-0.821759,0.142557,0.55174,-0.011276,0.004989,0.024537,-0.021093,-0.087052,0.182888,0.369074,-0.196666,-0.003533,0.303499,-0.460923,0.883938,-0.078704,-0.299686,-0.071435,0.951325,0.835852,0.460942,0.297904,-0.0,-0.0,-0.0,0.0,0.0,0.0,-1.398557,0.030667,0.042753,-0.019111,0.598683,-0.79385,-0.10668,0.296627,0.096016,0.950154,-0.744037,-0.600485,0.29296,-0.0,9e-06,1e-05,-2.1e-05,-4e-06,-1e-06,-1.063799,0.049976,0.039758,-0.063474,0.670473,0.259044,-0.695241,-0.173247,0.965825,0.192787,0.721422,-0.008809,0.692438,-0.006201,-0.003511,0.015855,-0.081803,-0.084066,0.127951,0.291291
646,0.102142,-0.001041,0.309572,-0.573409,-0.227844,-0.786978,0.014005,-0.963143,0.268575,-0.818455,0.143259,0.556449,-0.011336,0.004747,0.024233,0.200045,0.415231,0.230726,0.371633,-0.196667,-0.00353,0.303487,-0.460891,0.883968,-0.078556,-0.299641,-0.071557,0.95133,0.835886,0.460865,0.297927,-4.7e-05,-0.000536,-0.000566,0.0,0.0,0.0,-1.398479,0.030667,0.042756,-0.019116,0.598658,-0.793888,-0.106533,0.296562,0.096129,0.950163,-0.744083,-0.600416,0.292986,-0.000277,0.005336,-0.004263,0.036324,-0.013299,0.016664,-1.062656,0.049859,0.039723,-0.063174,0.673085,0.258628,-0.692868,-0.172427,0.96592,0.193047,0.719183,-0.010468,0.694741,-0.006014,-0.002847,0.016537,-0.102646,0.057523,-0.067877,0.296353
647,0.101893,-0.001157,0.310685,-0.578336,-0.225187,-0.784132,0.01263,-0.963511,0.267318,-0.815,0.144971,0.561058,0.001958,-0.009188,0.030061,-0.013895,0.096338,0.076311,0.374302,-0.196667,-0.00353,0.303487,-0.460793,0.884057,-0.07813,-0.299449,-0.071873,0.951366,0.836008,0.460646,0.297922,-0.0,-0.0,-0.0,0.0,0.0,0.0,-1.398564,0.030667,0.042754,-0.019117,0.598582,-0.794002,-0.106108,0.296321,0.096407,0.950209,-0.744239,-0.600221,0.292988,2e-06,6e-06,9e-06,2.3e-05,1e-05,-1.2e-05,-1.062983,0.049731,0.039664,-0.062596,0.679471,0.255252,-0.687869,-0.170787,0.966804,0.190056,0.713547,-0.011659,0.700509,0.000939,-0.004674,0.014952,-0.033882,0.067913,0.064465,0.302395
648,0.101929,-0.001319,0.31163,-0.583611,-0.223064,-0.780824,0.011797,-0.963765,0.26644,-0.81124,0.146557,0.566071,0.001352,-0.011335,0.027732,-0.059428,0.020516,0.027117,0.379035,-0.196699,-0.00353,0.30349,-0.460719,0.884126,-0.077772,-0.299287,-0.07214,0.951397,0.836107,0.46047,0.297916,-0.0,-0.0,-0.0,0.0,0.0,0.0,-1.398649,0.03065,0.042754,-0.019116,0.598525,-0.794093,-0.105752,0.296118,0.096643,0.950249,-0.744366,-0.600063,0.292988,4e-06,3e-06,7e-06,1.4e-05,2.1e-05,-5.9e-05,-1.063146,0.049749,0.039589,-0.062133,0.684316,0.253911,-0.683549,-0.169822,0.967134,0.189239,0.709133,-0.013417,0.704945,0.000966,-0.000526,0.009374,-0.05164,-0.016273,0.001707,0.307457
649,0.102149,-0.00145,0.312289,-0.59079,-0.219518,-0.776417,0.011834,-0.964536,0.263632,-0.806022,0.14683,0.573407,0.001321,-0.00334,0.016299,0.039954,0.126702,0.088419,0.381702,-0.196743,-0.003527,0.303481,-0.460577,0.88426,-0.0771,-0.299005,-0.072653,0.951447,0.836287,0.460135,0.297931,-6.6e-05,-0.000742,-0.000783,0.0,0.0,0.0,-1.398564,0.030629,0.042758,-0.019118,0.598416,-0.794264,-0.105082,0.295756,0.097101,0.950315,-0.744598,-0.599763,0.293015,-4e-05,-0.000499,-0.00052,-0.011286,0.110955,-0.164671,-1.063146,0.04986,0.039522,-0.061797,0.690714,0.251733,-0.677896,-0.169473,0.967694,0.18667,0.702988,-0.014051,0.711062,0.007741,-0.002941,0.0072,0.055587,0.135938,0.133682,0.313009
650,0.1023,-0.001517,0.312537,-0.594143,-0.219381,-0.773893,0.012037,-0.964411,0.264079,-0.803549,0.147852,0.576606,0.000696,-0.005583,0.01393,-0.02356,0.037313,-0.004011,0.381708,-0.196765,-0.003527,0.303483,-0.460406,0.884104,-0.07986,-0.300988,-0.070713,0.950968,0.835669,0.460735,0.298736,-1e-06,-1.1e-05,-1.1e-05,0.0,-0.0,0.0,-1.398756,0.030618,0.042756,-0.01912,0.598182,-0.794068,-0.107851,0.298038,0.095518,0.949762,-0.743875,-0.600276,0.2938,2e-06,0.0,4e-06,-0.000549,0.000475,-0.001727,-1.063473,0.049929,0.039489,-0.061672,0.693862,0.251967,-0.674586,-0.169708,0.967616,0.18686,0.699823,-0.015173,0.714154,0.000402,-0.002555,0.007208,-0.050206,-0.013443,0.003521,0.314315
651,0.102546,-0.001667,0.312969,-0.599848,-0.214318,-0.770906,0.011946,-0.965756,0.259124,-0.799298,0.146486,0.582831,0.000629,-0.005819,0.013672,0.017746,0.200399,-0.100866,0.381623,-0.196797,-0.003526,0.303485,-0.460397,0.884115,-0.079787,-0.300954,-0.070769,0.950974,0.835686,0.460705,0.298734,-0.0,-0.0,-0.0,0.0,0.0,0.0,-1.398311,0.030601,0.042756,-0.019118,0.598178,-0.794084,-0.107763,0.297982,0.095577,0.949774,-0.743901,-0.600246,0.293794,3e-06,4e-06,9e-06,-9e-06,2.2e-05,-7.6e-05,-1.063309,0.050058,0.039409,-0.061453,0.699354,0.247855,-0.670427,-0.168874,0.968695,0.181963,0.69454,-0.014039,0.719317,0.00028,-0.003007,0.006731,-0.001035,0.176246,-0.112713,0.315132
652,0.102677,-0.001838,0.313389,-0.605666,-0.209555,-0.767659,0.011996,-0.967,0.254437,-0.794895,0.14515,0.589153,0.000469,-0.006393,0.013063,0.111274,0.24582,0.164031,0.381027,-0.196808,-0.003526,0.303486,-0.460329,0.884178,-0.079478,-0.300814,-0.070998,0.951001,0.835773,0.460549,0.29873,-0.0,-0.0,-0.0,0.0,0.0,0.0,-1.398489,0.030596,0.042756,-0.019118,0.598126,-0.794165,-0.107455,0.297807,0.095779,0.949808,-0.744013,-0.600106,0.293796,4e-06,2e-06,9e-06,-1.2e-05,2.3e-05,-8.1e-05,-1.063309,0.050123,0.039323,-0.061245,0.704527,0.24442,-0.666258,-0.168261,0.96958,0.177771,0.689441,-0.013139,0.724221,0.000212,-0.003258,0.006464,0.149699,0.295706,0.18926,0.315132
653,0.102675,-0.001939,0.313609,-0.605844,-0.20967,-0.767487,0.011634,-0.966885,0.25489,-0.794764,0.145749,0.589181,0.000356,-0.0068,0.012634,-0.032253,0.006003,0.010795,0.381635,-0.196808,-0.003526,0.303486,-0.460297,0.884208,-0.079336,-0.30075,-0.071104,0.951014,0.835814,0.460476,0.298728,-0.0,-0.0,-0.0,0.0,0.0,0.0,-1.398852,0.030596,0.042756,-0.019118,0.598101,-0.794203,-0.107313,0.297727,0.095872,0.949824,-0.744065,-0.600041,0.293796,5e-06,2e-06,7e-06,1e-05,1.9e-05,-5.5e-05,-1.063309,0.050122,0.039272,-0.061135,0.705082,0.24417,-0.665762,-0.167849,0.969635,0.177855,0.688974,-0.013656,0.724657,0.000152,-0.003467,0.006247,-0.047875,-0.014976,-0.000151,0.314805
654,0.102588,-0.002203,0.314098,-0.607952,-0.208102,-0.766246,0.010878,-0.967139,0.253962,-0.793163,0.146314,0.591196,0.000331,-0.006891,0.012536,-0.033129,0.004547,0.009861,0.381192,-0.196819,-0.003532,0.30348,-0.460224,0.884275,-0.079006,-0.300602,-0.071348,0.951042,0.835907,0.460309,0.298724,-8e-06,-9e-05,-9.5e-05,0.0,0.0,0.0,-1.398616,0.03059,0.042753,-0.019121,0.598045,-0.794289,-0.106984,0.29754,0.096088,0.949861,-0.744185,-0.599892,0.293798,-2e-06,-5.1e-05,-5e-05,3e-05,-2e-06,2.3e-05,-1.063473,0.050078,0.039142,-0.060896,0.707046,0.242998,-0.664106,-0.167004,0.969921,0.177094,0.687164,-0.014305,0.72636,7.2e-05,-0.003757,0.005942,-0.043766,0.00607,-0.021768,0.314969
655,0.10236,-0.002431,0.31466,-0.608307,-0.208334,-0.765901,0.009925,-0.966863,0.255046,-0.792903,0.147798,0.591175,0.000739,-0.005412,0.014072,-0.032596,-0.104841,0.175991,0.381835,-0.19681,-0.003551,0.30346,-0.460116,0.884373,-0.078542,-0.300394,-0.071691,0.951082,0.836042,0.460068,0.298719,-2.1e-05,-0.000233,-0.000245,0.0,0.0,0.0,-1.3987,0.030595,0.042744,-0.019131,0.597961,-0.794415,-0.106522,0.297279,0.096391,0.949912,-0.744357,-0.599677,0.293801,-1.3e-05,-0.000161,-0.000168,-1e-06,8e-06,-1.2e-05,-1.062983,0.049968,0.039026,-0.060624,0.707225,0.243479,-0.663739,-0.166332,0.969776,0.178513,0.687143,-0.015848,0.726349,-0.006863,-0.001909,0.007491,-0.035392,0.032287,-0.045978,0.315132
656,0.102201,-0.002527,0.314966,-0.60709,-0.206893,-0.767257,0.009057,-0.967255,0.253588,-0.793846,0.147253,0.590044,-0.013375,-0.002627,0.016211,-0.035357,0.017212,-0.021001,0.381721,-0.196811,-0.003563,0.303447,-0.460074,0.884411,-0.078358,-0.300311,-0.071827,0.951098,0.836095,0.459974,0.298717,-4.4e-05,-0.000493,-0.000521,0.0,0.0,0.0,-1.398598,0.030595,0.042738,-0.019137,0.597928,-0.794464,-0.106339,0.297175,0.096511,0.949932,-0.744424,-0.599593,0.293802,-2.7e-05,-0.000305,-0.000323,2e-05,3e-06,1.8e-05,-1.063473,0.049889,0.038976,-0.060466,0.706397,0.241699,-0.665269,-0.165167,0.970231,0.177116,0.688274,-0.015233,0.72529,-0.006728,-0.001424,0.007993,-0.036044,0.018668,-0.022853,0.315295
657,0.101852,-0.002685,0.315637,-0.606063,-0.205605,-0.768414,0.007684,-0.967489,0.252742,-0.794646,0.147522,0.588899,0.001081,-0.004183,0.01533,-0.034364,0.002529,0.008574,0.381724,-0.196812,-0.003575,0.303435,-0.460032,0.884449,-0.078175,-0.300229,-0.071963,0.951114,0.836147,0.45988,0.298715,-4e-06,-4.1e-05,-4.4e-05,0.0,0.0,0.0,-1.399001,0.030594,0.042731,-0.019144,0.597896,-0.794512,-0.106156,0.297071,0.096631,0.949952,-0.744492,-0.599509,0.293802,-0.0,-8e-06,-8e-06,2.8e-05,6e-06,1.9e-05,-1.062983,0.049709,0.038898,-0.060129,0.705738,0.240253,-0.666492,-0.163732,0.970587,0.176498,0.689293,-0.015435,0.724317,-0.006615,-0.001016,0.008409,-0.037387,0.020704,-0.024313,0.315622
658,0.101447,-0.002762,0.316287,-0.606478,-0.20606,-0.767964,0.006949,-0.967176,0.253956,-0.794335,0.148932,0.588963,0.001177,-0.003844,0.015663,-0.034358,0.00257,0.00859,0.382291,-0.196812,-0.00356,0.303435,-0.459977,0.884499,-0.077926,-0.300139,-0.07216,0.951127,0.83621,0.459752,0.298737,3e-06,3.4e-05,3.6e-05,0.0,0.0,0.0,-1.398195,0.030594,0.042739,-0.019143,0.597852,-0.794578,-0.105908,0.296951,0.09681,0.949972,-0.744575,-0.599393,0.293829,1e-06,2.6e-05,2.9e-05,-3e-06,-2e-06,1.6e-05,-1.063636,0.049507,0.038861,-0.059804,0.706025,0.240815,-0.665984,-0.163213,0.970423,0.177873,0.689121,-0.016886,0.724448,-0.006556,-0.000818,0.008606,-0.035185,0.017301,-0.021242,0.316765
659,0.101055,-0.002829,0.316843,-0.605267,-0.20459,-0.769311,0.00573,-0.967507,0.252722,-0.795269,0.148804,0.587734,0.000748,-0.005381,0.01406,-0.032458,-0.103921,0.176561,0.384098,-0.196812,-0.00356,0.303435,-0.459847,0.884617,-0.077356,-0.299883,-0.072581,0.951176,0.836373,0.45946,0.29873,0.0,0.0,0.0,-0.01129,0.11094,-0.16467,-1.398974,0.030594,0.042739,-0.019143,0.597776,-0.794692,-0.105482,0.29671,0.097089,0.950019,-0.744732,-0.599197,0.293831,0.0,-1e-06,1e-06,4e-06,6e-06,-9e-06,-1.062983,0.049312,0.038829,-0.059523,0.705283,0.239263,-0.667328,-0.161936,0.97081,0.176928,0.690182,-0.01672,0.723442,-0.006834,-0.001819,0.007559,-0.035322,0.017469,-0.021272,0.319051
660,0.100866,-0.002849,0.317061,-0.603928,-0.203049,-0.770771,0.005019,-0.967961,0.250995,-0.796292,0.147961,0.586561,0.000444,-0.006464,0.01294,-0.034347,0.002623,0.008617,0.383636,-0.196812,-0.00356,0.303435,-0.459814,0.884646,-0.077214,-0.299819,-0.072687,0.951188,0.836414,0.459387,0.298728,0.0,0.0,0.0,0.0,0.0,0.0,-1.398775,0.030594,0.042739,-0.019143,0.597726,-0.794768,-0.105199,0.29655,0.097275,0.95005,-0.744836,-0.599066,0.293832,-0.0,-1e-06,1e-06,2e-06,1e-06,6e-06,-1.063146,0.049217,0.038821,-0.059413,0.704364,0.237356,-0.668978,-0.160898,0.971294,0.17521,0.691362,-0.015775,0.722335,-0.006555,0.003196,0.002921,-0.00257,0.017273,-0.031906,0.319377
661,0.100467,-0.002844,0.317354,-0.602578,-0.201545,-0.77222,0.004244,-0.968386,0.249362,-0.797319,0.147228,0.585349,-0.000352,-0.009283,0.010031,-0.032518,-0.088674,0.152765,0.38354,-0.196812,-0.003554,0.303442,-0.459754,0.884701,-0.07695,-0.299701,-0.072882,0.95121,0.836489,0.459251,0.298725,2e-06,2.1e-05,2.2e-05,0.0,0.0,0.0,-1.398668,0.030594,0.042743,-0.019139,0.597679,-0.794838,-0.104936,0.296401,0.097448,0.950078,-0.744933,-0.598945,0.293833,1e-06,6e-06,7e-06,-7e-06,1e-06,-1e-06,-1.063473,0.049024,0.038825,-0.059265,0.703489,0.235688,-0.670488,-0.15996,0.971713,0.173741,0.692471,-0.014974,0.72129,-0.006784,0.002359,0.002055,-0.001534,-0.000275,-0.004603,0.319867
662,0.100069,-0.002765,0.317444,-0.602443,-0.201465,-0.772347,0.004124,-0.968398,0.24932,-0.797422,0.14726,0.585201,1e-05,3.4e-05,3.5e-05,0.0,0.0,0.0,0.381737,-0.19681,-0.003536,0.303461,-0.45967,0.884776,-0.076585,-0.299537,-0.073152,0.951241,0.836594,0.459064,0.29872,4.2e-05,0.000477,0.000504,0.0,0.0,0.0,-1.398637,0.030595,0.042751,-0.019131,0.597613,-0.794935,-0.104572,0.296195,0.097686,0.950118,-0.745067,-0.598777,0.293835,2.7e-05,0.000303,0.00032,-3.9e-05,3e-06,-2.8e-05,-1.063799,0.048819,0.038862,-0.059215,0.703389,0.235538,-0.670644,-0.159765,0.971748,0.173723,0.692616,-0.015049,0.721148,-0.007144,0.00107,0.000726,-0.000974,0.014784,-0.029695,0.319214
663,0.099835,-0.002718,0.317465,-0.602372,-0.201451,-0.772406,0.004119,-0.968406,0.249289,-0.797476,0.147227,0.585136,-0.014227,0.002338,0.001638,-0.000984,0.014715,-0.029553,0.379071,-0.196809,-0.00353,0.303467,-0.459642,0.884801,-0.076463,-0.299482,-0.073243,0.951251,0.836629,0.459001,0.298718,1.3e-05,0.000152,0.00016,0.0,0.0,0.0,-1.398468,0.030595,0.042755,-0.019127,0.597591,-0.794968,-0.104451,0.296127,0.097766,0.950131,-0.745112,-0.598721,0.293836,9e-06,9.8e-05,0.000103,-3.2e-05,5e-06,-3.8e-05,-1.063799,0.048712,0.038882,-0.059207,0.703324,0.23547,-0.670737,-0.159727,0.971765,0.173663,0.692692,-0.015007,0.721076,-0.007134,0.001105,0.000758,-0.000939,0.014713,-0.029633,0.317418
664,0.099367,-0.002672,0.317488,-0.602413,-0.201722,-0.772303,0.004273,-0.968344,0.249525,-0.797444,0.147262,0.585171,-0.014297,0.002099,0.001385,-0.000984,0.014715,-0.029553,0.36697,-0.196808,-0.003518,0.30348,-0.459587,0.884851,-0.076219,-0.299373,-0.073423,0.951272,0.836698,0.458876,0.298715,5.6e-05,0.000632,0.000666,0.0,0.0,0.0,-1.39855,0.030596,0.04276,-0.019121,0.597548,-0.795032,-0.104208,0.29599,0.097925,0.950158,-0.745202,-0.59861,0.293836,3.2e-05,0.000347,0.000367,1.6e-05,4e-06,-1.7e-05,-1.063963,0.048473,0.038904,-0.059197,0.703318,0.235774,-0.670636,-0.159932,0.971691,0.173889,0.69265,-0.015043,0.721116,-0.007158,0.001018,0.000665,-0.000957,0.014705,-0.029589,0.308927
665,0.09894,-0.00261,0.317544,-0.602709,-0.202415,-0.77189,0.004696,-0.96818,0.250153,-0.797217,0.147391,0.585447,-0.014197,0.002453,0.001743,-0.000984,0.014715,-0.029553,0.310978,-0.196808,-0.003512,0.303486,-0.459395,0.884714,-0.078906,-0.301324,-0.071536,0.9508,0.836102,0.459436,0.299522,6e-06,6.5e-05,6.9e-05,0.0,-0.0,1e-06,-1.398368,0.030596,0.042764,-0.019117,0.597297,-0.794859,-0.106933,0.298256,0.096372,0.949608,-0.744499,-0.599091,0.294634,4e-06,3.6e-05,3.8e-05,-0.001547,0.001312,-0.004799,-1.063963,0.048264,0.038934,-0.05917,0.70345,0.236498,-0.670243,-0.160424,0.971513,0.174431,0.692403,-0.015181,0.72135,2e-05,7.2e-05,8.1e-05,1.7e-05,-6e-06,-2.1e-05,0.263042
666,0.098693,-0.002575,0.317566,-0.602918,-0.202887,-0.771603,0.005,-0.968071,0.250571,-0.797057,0.147462,0.585647,-0.000131,-0.000456,-0.00047,0.0,0.0,0.0,0.196537,-0.196818,-0.003514,0.303499,-0.459393,0.884718,-0.078887,-0.301293,-0.071538,0.950809,0.836115,0.459429,0.299497,0.0,1e-06,1e-06,0.0,-0.0,0.0,-1.398511,0.030591,0.042763,-0.019111,0.597298,-0.794866,-0.10687,0.298189,0.096395,0.949626,-0.744525,-0.599078,0.294597,-0.0,-9e-06,-1e-05,-6.5e-05,2.6e-05,-0.000132,-1.064289,0.04813,0.038954,-0.059156,0.703556,0.237051,-0.669935,-0.160815,0.971377,0.174828,0.692203,-0.015266,0.72154,-8.6e-05,-0.000304,-0.000308,0.0,1e-06,-1.3e-05,0.153311
667,0.09869,-0.002589,0.317566,-0.602938,-0.202912,-0.771581,0.004997,-0.968061,0.25061,-0.797042,0.147492,0.58566,-0.000113,-0.000392,-0.000404,0.0,0.0,0.0,0.075381,-0.19684,-0.00352,0.303495,-0.45935,0.884759,-0.078676,-0.301197,-0.071696,0.950827,0.836173,0.459326,0.299494,-8e-06,-9e-05,-9.5e-05,0.0,0.0,0.0,-1.398535,0.03058,0.042759,-0.019113,0.597266,-0.794919,-0.106658,0.298067,0.096535,0.94965,-0.744599,-0.598986,0.294596,-4e-06,-4.8e-05,-5e-05,1.3e-05,-8e-06,2e-05,-1.063799,0.048129,0.038947,-0.059157,0.703569,0.237081,-0.669912,-0.160818,0.971369,0.174867,0.69219,-0.015297,0.721552,-6e-05,-0.000212,-0.000214,-3e-06,2e-06,-5e-06,0.035578
668,0.098764,-0.002591,0.317539,-0.599351,-0.213782,-0.771441,0.022365,-0.96778,0.250747,-0.799447,0.133292,0.585786,-3.6e-05,-0.000124,-0.000127,8.4e-05,-2.7e-05,-6.4e-05,-0.196705,-0.196896,-0.003535,0.303468,-0.459289,0.88482,-0.078344,-0.301068,-0.071958,0.950849,0.836253,0.459167,0.299513,-6.8e-05,-0.000768,-0.000811,0.0,0.0,0.0,-1.398378,0.030552,0.042753,-0.019125,0.59722,-0.794997,-0.106328,0.297897,0.096771,0.949679,-0.744704,-0.598843,0.294621,-5.1e-05,-0.000588,-0.000619,3e-06,2e-06,-8e-06,-1.064126,0.048166,0.038945,-0.059171,0.698769,0.247433,-0.671191,-0.177838,0.968904,0.17204,0.692889,-0.000854,0.721043,-2.5e-05,-8.4e-05,-8.5e-05,-0.001291,0.001266,-0.002376,-0.241526
669,0.098764,-0.002542,0.317559,-0.600457,-0.222744,-0.768038,0.040411,-0.967653,0.248973,-0.797907,0.11873,0.590995,0.000292,0.001017,0.001048,0.142198,0.235714,0.14744,-0.588953,-0.196996,-0.003573,0.303449,-0.459234,0.884878,-0.078008,-0.300891,-0.072201,0.950887,0.836347,0.459018,0.299482,-5.6e-05,-0.000631,-0.000666,0.0,0.0,0.0,-1.398171,0.030502,0.042733,-0.019136,0.597181,-0.795072,-0.105992,0.297683,0.096981,0.949725,-0.744821,-0.59871,0.294594,-2.8e-05,-0.000321,-0.000337,1.6e-05,-9e-06,3.1e-05,-1.064126,0.048165,0.038968,-0.059162,0.697821,0.257022,-0.668568,-0.195281,0.966309,0.16766,0.689137,0.013563,0.724503,0.000163,0.000559,0.000578,0.191918,0.300819,0.182814,-0.511445
670,0.098764,-0.002542,0.317559,-0.603772,-0.22301,-0.765357,0.041179,-0.96752,0.249362,-0.79536,0.119312,0.594301,4e-06,1.3e-05,1.3e-05,0.064202,0.10645,0.066525,-0.88869,-0.197061,-0.003579,0.303447,-0.459212,0.884904,-0.077841,-0.300814,-0.072328,0.950901,0.836387,0.458947,0.299478,-1.4e-05,-0.000155,-0.000164,0.0,0.0,0.0,-1.39832,0.030469,0.042729,-0.019138,0.597165,-0.795105,-0.105827,0.297586,0.097094,0.949744,-0.744872,-0.598647,0.294593,-0.007203,-1e-06,0.000467,-0.002056,0.015199,-0.029218,-1.064289,0.048166,0.03897,-0.05916,0.700963,0.257434,-0.665115,-0.195988,0.966208,0.167422,0.68574,0.012998,0.72773,-4e-06,-1.2e-05,-1e-05,0.093896,0.147751,0.099142,-0.654161
671,0.098799,-0.002563,0.317511,-0.614123,-0.220486,-0.757816,0.043295,-0.968153,0.246529,-0.787276,0.118857,0.605059,-6e-05,-0.00021,-0.000216,0.304621,0.506468,0.314636,-1.662477,-0.197158,-0.003572,0.303461,-0.459158,0.884962,-0.077501,-0.300657,-0.072587,0.950931,0.836473,0.458795,0.299471,-0.014366,0.000466,0.001425,-0.002045,0.015205,-0.029245,-1.398265,0.030427,0.042733,-0.019132,0.597128,-0.795176,-0.105512,0.297403,0.097305,0.94978,-0.744975,-0.59852,0.294592,2e-05,0.000227,0.000243,-7e-06,-1.5e-05,3.7e-05,-1.064289,0.048183,0.038959,-0.059185,0.708604,0.257809,-0.656821,-0.197733,0.966117,0.165889,0.677333,0.012325,0.735572,-3.3e-05,-0.000114,-0.000119,0.008065,0.024046,0.022121,-0.93894
672,0.098849,-0.00244,0.317478,-0.620298,-0.217174,-0.753732,0.045158,-0.969204,0.242025,-0.782313,0.116354,0.611944,0.000472,0.001642,0.001691,0.109283,0.179908,0.112616,-1.912417,-0.19719,-0.003571,0.303463,-0.459117,0.885003,-0.077286,-0.300559,-0.072748,0.95095,0.836531,0.458692,0.299467,-2.9e-05,-0.000326,-0.000344,0.0,0.0,0.0,-1.398675,0.030405,0.042734,-0.019128,0.597094,-0.795232,-0.105274,0.297267,0.097464,0.949806,-0.745057,-0.598419,0.294591,-1.9e-05,-0.000221,-0.000232,-2.5e-05,-3e-06,-1.8e-05,-1.064452,0.048208,0.039018,-0.059204,0.715666,0.254427,-0.650451,-0.198782,0.966973,0.159523,0.669556,0.015133,0.742606,0.000773,0.00669,-0.002904,0.174622,0.318005,-0.010067,-0.972414
673,0.09888,-0.002105,0.317454,-0.626627,-0.225941,-0.745879,0.048736,-0.966545,0.25177,-0.777033,0.121689,0.617607,0.001867,0.014502,-0.004654,0.030478,0.092658,-0.156875,-1.91563,-0.197181,-0.003604,0.303443,-0.459031,0.885078,-0.076928,-0.300378,-0.073,0.950988,0.836643,0.458507,0.299438,-4.4e-05,-0.000491,-0.000519,0.0,0.0,0.0,-1.398062,0.03041,0.042717,-0.019139,0.597028,-0.795329,-0.104917,0.297046,0.097681,0.949853,-0.745198,-0.598254,0.294568,-2.8e-05,-0.000304,-0.000318,2.2e-05,2e-06,2e-06,-1.064126,0.048222,0.03918,-0.059214,0.719537,0.264113,-0.642269,-0.203457,0.964446,0.168664,0.663981,0.009315,0.747691,0.001034,0.0076,-0.001968,0.029368,-0.029205,0.028117,-0.986457
674,0.098924,-0.001894,0.317437,-0.626434,-0.229908,-0.744827,0.049767,-0.965366,0.256055,-0.777123,0.123613,0.617112,0.001982,0.014904,-0.004242,0.010698,-0.056975,-0.008879,-1.916236,-0.197173,-0.003629,0.303417,-0.45895,0.88515,-0.076585,-0.300225,-0.073253,0.951017,0.836742,0.458328,0.299434,-7.5e-05,-0.000831,-0.000877,0.0,0.0,0.0,-1.398273,0.030414,0.042706,-0.019152,0.596965,-0.795422,-0.104575,0.296854,0.097905,0.94989,-0.745325,-0.598095,0.29457,-4.6e-05,-0.000514,-0.000541,5e-06,-1e-06,1e-05,-1.064289,0.048245,0.039287,-0.059222,0.718528,0.268283,-0.64167,-0.205114,0.963312,0.173079,0.664563,0.007254,0.747196,0.001098,0.007823,-0.001739,0.026379,0.043343,-0.1433,-0.9876
675,0.099052,-0.001434,0.317399,-0.621256,-0.239796,-0.746046,0.051322,-0.962442,0.266541,-0.78117,0.127594,0.611163,0.001296,0.004521,0.004639,-0.212318,-0.251013,-0.358761,-1.91743,-0.197179,-0.003701,0.30334,-0.458797,0.885288,-0.07591,-0.299922,-0.073753,0.951074,0.836935,0.457982,0.299425,-0.000144,-0.001603,-0.001694,0.0,0.0,0.0,-1.397974,0.030411,0.04267,-0.01919,0.596844,-0.7956,-0.103903,0.296474,0.098347,0.949963,-0.745572,-0.597785,0.294573,-8.8e-05,-0.000989,-0.001043,-1e-06,0.0,-1e-06,-1.06233,0.048309,0.039521,-0.059244,0.713239,0.276614,-0.644029,-0.207977,0.960973,0.182415,0.669353,0.003838,0.742933,0.001037,0.007608,-0.001965,-0.290846,-0.521345,-0.286105,-0.990866
676,0.099194,-0.00099,0.317316,-0.621542,-0.244017,-0.744437,0.036834,-0.95831,0.283297,-0.78176,0.148958,0.605549,0.000744,0.0026,0.002663,-0.227361,-0.257063,-0.397144,-1.918047,-0.197208,-0.003771,0.303253,-0.458604,0.885157,-0.078558,-0.301877,-0.071909,0.950596,0.836337,0.458527,0.300259,-0.000138,-0.001536,-0.001624,5.6e-05,-4.8e-05,0.000166,-1.096457,0.030396,0.042634,-0.019234,0.596592,-0.795432,-0.106602,0.298746,0.096829,0.949407,-0.744867,-0.598256,0.2954,-8.1e-05,-0.000923,-0.000975,-0.001735,0.001499,-0.00546,-0.98542,0.048381,0.039748,-0.05928,0.712839,0.280873,-0.642627,-0.196346,0.959584,0.201607,0.673281,-0.017536,0.739177,0.000899,0.00713,-0.002456,-0.315934,-0.563725,-0.302563,-0.989723
677,0.099241,-0.000802,0.317261,-0.622907,-0.243002,-0.743628,0.026892,-0.956631,0.290009,-0.781078,0.160948,0.603357,0.000626,0.002186,0.002239,-0.179064,-0.286994,-0.180928,-1.91847,-0.197221,-0.003795,0.303228,-0.458582,0.885177,-0.078451,-0.301828,-0.071989,0.950606,0.836366,0.458475,0.300257,-0.000101,-0.001119,-0.001184,0.0,-0.0,0.0,-0.776465,0.03039,0.042621,-0.019247,0.59658,-0.795462,-0.106445,0.298645,0.096929,0.949429,-0.744917,-0.5982,0.295387,-5.9e-05,-0.000654,-0.000691,-0.000276,0.000228,-0.000825,-0.874056,0.048404,0.039836,-0.059306,0.714226,0.280044,-0.641447,-0.187693,0.959532,0.209925,0.674278,-0.029538,0.737886,0.000672,0.006336,-0.003268,-0.312551,-0.539935,-0.286857,-0.98809
678,0.099255,-0.000535,0.317095,-0.633829,-0.22839,-0.739016,-0.003549,-0.954553,0.297973,-0.772699,0.191765,0.605137,0.000781,0.010724,-0.008527,-0.076111,0.025565,0.105505,-1.918115,-0.197217,-0.003888,0.303144,-0.463716,0.882536,-0.078029,-0.301185,-0.074073,0.95065,0.833769,0.463202,0.300228,-0.000255,-0.002838,-0.003004,0.0,-0.0,-0.0,-0.276708,0.030392,0.042578,-0.019286,0.60099,-0.792196,-0.105999,0.297648,0.098753,0.949554,-0.741765,-0.602223,0.295145,-0.000159,-0.001701,-0.001806,0.00522,0.014189,-0.025326,-0.71501,0.048412,0.039973,-0.059386,0.724916,0.268089,-0.634526,-0.159465,0.961446,0.224033,0.670124,-0.06122,0.739719,-0.000123,-0.000443,-0.000453,-0.363473,0.267448,0.141584,-0.997234
679,0.09925,-0.000443,0.316925,-0.646092,-0.209118,-0.734085,-0.040474,-0.951007,0.306463,-0.761406,0.227969,0.606892,-0.00028,-0.000977,-0.001001,-4.070737,1.67791,3.345494,-1.917584,-0.197236,-0.004105,0.302914,-0.489413,0.868641,-0.077001,-0.298374,-0.0837,0.950737,0.820003,0.487164,0.300215,-0.000656,-0.007267,-0.007711,0.036667,-0.45682,-0.173188,-0.024211,0.030384,0.042475,-0.019394,0.622298,-0.775724,-0.104867,0.293237,0.106805,0.950054,-0.725779,-0.621968,0.293936,-0.000293,-0.003793,-0.003987,0.176837,-1.591066,-0.531127,-0.609035,0.048409,0.04002,-0.059477,0.73657,0.254313,-0.626727,-0.129748,0.962537,0.238089,0.663798,-0.094053,0.741973,0.000295,0.005008,-0.004624,0.041299,-0.018002,0.029287,-0.992989
680,0.099284,-0.000382,0.316843,-0.661533,-0.184051,-0.727011,-0.082641,-0.945631,0.314523,-0.744553,0.268372,0.611265,-2e-06,-8e-06,-8e-06,-0.364595,0.15782,0.306369,-1.918231,-0.197384,-0.004558,0.302455,-0.544568,0.835332,-0.075217,-0.291341,-0.104171,0.950896,0.787148,0.538668,0.300163,-0.001251,-0.013757,-0.014667,0.124086,-1.573272,-0.525561,0.069882,0.030311,0.042254,-0.019618,0.666323,-0.738593,-0.102441,0.283303,0.123678,0.951022,-0.689748,-0.662709,0.291655,-0.000292,-0.008397,-0.008383,-0.076624,-4.273838,-1.515895,-0.453909,0.048425,0.040048,-0.05952,0.754675,0.2291,-0.614798,-0.085476,0.963398,0.25408,0.650505,-0.139198,0.746636,-1.3e-05,1e-06,9e-06,-4.042762,1.742248,3.411684,-0.992989
681,0.099337,-0.000361,0.316795,-0.670461,-0.172471,-0.721652,-0.102882,-0.941612,0.320551,-0.733972,0.289371,0.614473,-0.000354,-0.001239,-0.00127,-0.055864,0.077751,-0.049,-1.91791,-0.197492,-0.004949,0.302087,-0.568775,0.819175,-0.073743,-0.287271,-0.113706,0.951041,0.771386,0.561059,0.300065,-0.016235,-0.019298,-0.019722,0.115411,-1.514519,-0.598695,0.105733,0.030264,0.042072,-0.019787,0.683574,-0.722873,-0.100896,0.279044,0.131097,0.951287,-0.674433,-0.678429,0.291328,-0.000712,-0.015621,-0.006784,0.043306,-0.041771,-0.093111,-0.304988,0.048453,0.040058,-0.059538,0.764133,0.217805,-0.607174,-0.064629,0.962385,0.263889,0.641812,-0.162405,0.749466,0.007086,-0.001172,-0.000822,-0.651293,0.732154,-0.291087,-0.990703
682,0.09954,-0.000288,0.316719,-0.683036,-0.147718,-0.715323,-0.144297,-0.932755,0.330329,-0.715171,0.329024,0.616685,0.014391,-0.001559,-0.000834,-0.113046,0.048854,0.105959,-1.91725,-0.197765,-0.005915,0.301195,-0.600161,0.796685,-0.071344,-0.279456,-0.12513,0.951935,0.750207,0.590227,0.297801,-0.016854,-0.025215,-0.026312,-0.001882,-0.059775,-0.166988,0.162224,0.030126,0.041581,-0.02024,0.71335,-0.69392,-0.098008,0.268979,0.141963,0.952626,-0.647133,-0.705918,0.287919,-0.00117,-0.012368,-0.013399,0.111965,-0.548101,-0.216377,-0.043396,0.048548,0.040095,-0.059583,0.778092,0.195538,-0.596939,-0.025283,0.959293,0.281277,0.62764,-0.203767,0.751362,0.007729,0.005087,-0.004164,-1.258875,0.701729,0.881745,-1.000664
683,0.099805,-0.000203,0.316599,-0.694235,-0.127964,-0.708314,-0.183675,-0.920006,0.346157,-0.695089,0.370568,0.616083,0.014165,-0.002338,-0.001636,-0.507261,-0.063044,0.171682,-1.917383,-0.198223,-0.006979,0.300079,-0.630717,0.772924,-0.069105,-0.271427,-0.136158,0.952745,0.72777,0.618674,0.295731,-0.017299,-0.02883,-0.030572,-0.008433,0.075736,-0.125825,0.205652,0.029897,0.041048,-0.0208,0.73902,-0.666905,-0.095319,0.259721,0.151492,0.953726,-0.621605,-0.72958,0.285165,-0.008662,-0.014343,-0.015263,0.048506,-0.075206,-0.121707,0.048863,0.048681,0.04014,-0.05964,0.790512,0.177081,-0.586286,0.012065,0.952599,0.303988,0.612327,-0.24738,0.750904,-4e-06,-3e-06,-9e-06,-1.469358,0.274296,0.763079,-1.003113
684,0.09996,-0.00016,0.316534,-0.701481,-0.117649,-0.702943,-0.202169,-0.912936,0.354467,-0.682576,0.390907,0.617502,0.014165,-0.002333,-0.001634,-0.12633,0.029369,0.091648,-1.917622,-0.198506,-0.007542,0.299461,-0.651604,0.755499,-0.068011,-0.265427,-0.142945,0.953441,0.711409,0.638343,0.293733,-0.017421,-0.029449,-0.031448,0.294084,-5.140895,-1.708651,0.240814,0.029754,0.040764,-0.021111,0.752773,-0.651537,-0.093975,0.253916,0.15568,0.954615,-0.607337,-0.74247,0.282627,-0.008725,-0.014729,-0.01579,-0.041203,-0.037464,-0.045896,0.090339,0.048758,0.040161,-0.059673,0.797267,0.168701,-0.579572,0.029667,0.948039,0.316765,0.602896,-0.269741,0.750836,0.000467,0.005635,-0.003988,-0.316141,0.32274,0.10921,-1.00001
685,0.100264,-7e-06,0.316369,-0.711452,-0.094026,-0.696448,-0.239626,-0.899175,0.366108,-0.659772,0.427468,0.618061,0.015086,0.008947,-0.009589,-0.313122,0.147341,0.351904,-1.916724,-0.199183,-0.008745,0.298151,-0.681769,0.72875,-0.064086,-0.256776,-0.156195,0.953731,0.685868,0.665738,0.293669,-0.017727,-0.031099,-0.033719,0.001014,-0.06284,-0.16853,0.31202,0.029416,0.04016,-0.021769,0.781436,-0.617556,-0.089339,0.242587,0.168756,0.955339,-0.574899,-0.768208,0.281683,-0.008867,-0.015606,-0.016973,0.054463,-0.573262,-0.246979,0.185864,0.04891,0.040234,-0.059752,0.808598,0.146994,-0.569703,0.065349,0.939858,0.335253,0.584721,-0.308314,0.750362,2e-06,-4e-06,-8e-06,-1.169329,0.737928,0.861453,-1.001317
686,0.100567,0.000132,0.316205,-0.722316,-0.07051,-0.687992,-0.275324,-0.883258,0.379504,-0.633539,0.463626,0.61944,0.014161,-0.002315,-0.001624,-1.168208,0.657101,1.001685,-1.916232,-0.199947,-0.009979,0.296762,-0.706619,0.705055,-0.059814,-0.248289,-0.167743,0.954017,0.663479,0.688067,0.293637,-0.018114,-0.033316,-0.036709,-0.009891,0.091702,-0.149762,0.354738,0.029033,0.039545,-0.022461,0.8035,-0.589216,-0.084924,0.232464,0.179225,0.955948,-0.54804,-0.787846,0.280979,-0.009007,-0.016234,-0.017933,0.006402,-0.086082,-0.124848,0.263263,0.049062,0.040308,-0.059837,0.820194,0.126387,-0.557949,0.098583,0.929476,0.355464,0.563527,-0.346554,0.749891,-4e-06,-4.5e-05,-4e-06,-3.868586,2.389299,3.079703,-1.007849
687,0.100799,0.000214,0.316095,-0.738248,-0.039912,-0.673382,-0.317178,-0.860491,0.398655,-0.594436,0.507933,0.62344,7.8e-05,0.000279,0.000286,-1.124448,2.067802,-1.833932,-1.917184,-0.200562,-0.011303,0.29524,-0.722495,0.689133,-0.055555,-0.241433,-0.176025,0.954285,0.648749,0.701987,0.2936,-0.01879,-0.02261,-0.045852,0.02783,0.064818,-0.108518,0.359101,0.028727,0.038891,-0.023206,0.818375,-0.569002,-0.080606,0.224122,0.186849,0.95648,-0.529178,-0.800826,0.280439,-0.00917,-0.01715,-0.019234,0.010681,-0.166836,0.031039,0.295758,0.049178,0.040344,-0.05989,0.835405,0.097605,-0.540897,0.140133,0.913759,0.381322,0.531469,-0.394356,0.749681,7.6e-05,0.000179,0.000247,-3.737996,2.319445,3.309097,-1.013074
688,0.100844,0.000301,0.316069,-0.74605,-0.021567,-0.665574,-0.337539,-0.849335,0.405794,-0.573124,0.527423,0.627201,0.000357,0.00127,0.001301,-1.113343,2.078745,-1.82832,-1.916569,-0.200741,-0.011944,0.294494,-0.726322,0.685225,-0.053993,-0.239352,-0.178339,0.954379,0.645239,0.705223,0.293584,-0.003694,-0.034801,-0.040161,0.003067,-0.030555,0.045376,0.343317,0.028631,0.038562,-0.023596,0.822478,-0.563299,-0.078891,0.221352,0.189216,0.95666,-0.523958,-0.804295,0.280314,-0.009188,-0.017025,-0.019229,-0.001781,-0.022554,-0.140644,0.293472,0.049205,0.040389,-0.059908,0.843962,0.079781,-0.530435,0.161186,0.905454,0.392645,0.511611,-0.416877,0.75131,0.000236,0.000833,0.00085,-1.129518,0.781721,0.878928,-1.017156
689,0.10086,0.000542,0.315964,-0.76101,0.024668,-0.648306,-0.385241,-0.821229,0.420884,-0.521083,0.570017,0.63528,0.000986,0.011522,-0.007698,-4.32896,4.191813,1.392197,-1.915742,-0.200807,-0.013307,0.292904,-0.727218,0.684516,-0.050832,-0.238214,-0.182065,0.953961,0.644651,0.70496,0.2955,0.011118,-0.034916,-0.041803,0.019358,-0.056348,0.06651,0.15931,0.028588,0.037893,-0.024375,0.82514,-0.55982,-0.075791,0.219181,0.193593,0.956284,-0.520675,-0.805681,0.282444,-0.001846,-0.0174,-0.020382,-0.006682,-0.00503,-0.142221,0.183088,0.049214,0.040508,-0.059954,0.860465,0.040828,-0.50787,0.203948,0.885844,0.416755,0.466909,-0.462182,0.753911,3e-05,0.000112,0.000107,0.003755,0.104014,-0.148312,-1.021891
690,0.10089,0.000757,0.31582,-0.769007,0.044315,-0.637738,-0.408624,-0.801285,0.436969,-0.490693,0.596569,0.635101,0.000921,0.01129,-0.007933,-0.132301,0.056464,-0.200847,-1.916009,-0.200432,-0.014284,0.291258,-0.725468,0.686047,-0.055014,-0.245904,-0.183548,0.951722,0.643731,0.703085,0.301903,0.011305,-0.018131,-0.043767,0.147831,-0.141255,0.06619,-0.173222,0.028778,0.037377,-0.025222,0.824668,-0.559924,-0.080041,0.22612,0.196654,0.954042,-0.518451,-0.804867,0.288784,0.005706,-0.008779,-0.021556,0.154734,-0.06478,-0.107141,-0.122592,0.049229,0.04062,-0.060029,0.870286,0.019461,-0.49216,0.22992,0.867621,0.440873,0.435589,-0.496844,0.750605,0.000456,0.005626,-0.003994,-0.110737,0.080251,-0.207658,-1.028096
691,0.100921,0.000881,0.315728,-0.768814,0.052172,-0.637376,-0.420141,-0.792623,0.441817,-0.481197,0.607395,0.632098,0.000921,0.011292,-0.00793,-0.098992,-0.042935,-0.220593,-1.915952,-0.200086,-0.014546,0.290392,-0.71404,0.696903,-0.066812,-0.261191,-0.17647,0.948985,0.650448,0.694162,0.308089,0.01175,-0.014283,-0.039392,-0.313265,5.24775,1.688821,-0.440714,0.028941,0.037242,-0.025643,0.819112,-0.566221,-0.091908,0.240821,0.19402,0.950978,-0.520632,-0.801092,0.295282,0.005868,-0.00745,-0.020098,0.101135,-0.076139,0.168586,-0.275596,0.049244,0.040677,-0.060073,0.870898,0.011471,-0.491329,0.241456,0.860766,0.448085,0.428059,-0.508871,0.746869,-3e-06,-1e-05,-1.6e-05,-0.208641,-0.115959,-0.020482,-1.02777
692,0.101028,0.001201,0.315432,-0.771793,0.06658,-0.632414,-0.44317,-0.769553,0.459739,-0.455112,0.635004,0.624235,0.000563,0.010018,-0.009231,-0.143898,-0.162453,-0.311809,-1.915489,-0.199315,-0.014656,0.288851,-0.714366,0.693686,-0.092048,-0.289407,-0.172948,0.941417,0.638018,0.698258,0.324395,0.012164,0.005029,-0.037927,0.230196,-0.244073,0.364502,-0.841708,0.029336,0.037175,-0.026437,0.81607,-0.566031,-0.116779,0.269904,0.194575,0.943022,-0.511057,-0.801092,0.311561,0.013591,0.002534,-0.019429,0.405859,-0.483051,0.992102,-0.572131,0.049298,0.04084,-0.060219,0.874583,-0.00228,-0.484869,0.263529,0.841635,0.471383,0.407008,-0.540041,0.736681,0.000253,0.004901,-0.004733,-0.169069,-0.30713,-0.189182,-1.022381
693,0.101191,0.00172,0.315063,-0.77449,0.078815,-0.627693,-0.46411,-0.745063,0.479014,-0.428959,0.66221,0.61441,0.016275,0.021376,-0.016342,-1.272211,0.4184,0.634075,-1.915343,-0.198475,-0.014373,0.287679,-0.721447,0.687248,-0.084827,-0.287258,-0.185398,0.939705,0.630982,0.701425,0.331252,0.028014,0.013477,-0.02875,0.147301,-0.092487,0.020153,-0.841647,0.029739,0.037312,-0.027019,0.822549,-0.558084,-0.109337,0.265495,0.206821,0.941667,-0.502916,-0.803596,0.318289,0.006555,0.006823,-0.013821,0.110353,-0.102729,-0.071676,-0.866054,0.049373,0.041091,-0.060405,0.877919,-0.013212,-0.478625,0.282104,0.821966,0.494761,0.386877,-0.569382,0.725347,0.000683,0.006321,-0.003196,-3.8851,2.143143,2.890181,-1.023687
694,0.10139,0.002453,0.314607,-0.777628,0.084564,-0.623047,-0.475736,-0.727064,0.495001,-0.410173,0.681225,0.606397,0.002449,0.024772,-0.013587,-0.253385,-0.394036,-0.410277,-1.915454,-0.197575,-0.014118,0.287019,-0.729061,0.681615,-0.062135,-0.271187,-0.204153,0.940592,0.629345,0.701718,0.333737,0.02913,0.008347,-0.013413,-0.102023,0.034655,-0.561817,-0.631641,0.0302,0.037444,-0.027362,0.829705,-0.551316,-0.087403,0.247257,0.222607,0.943032,-0.500452,-0.80405,0.321015,0.014838,-0.001456,-0.002754,-0.735188,0.732904,-2.503363,-0.907693,0.049477,0.041455,-0.060634,0.880917,-0.019939,-0.472849,0.293955,0.806074,0.513648,0.37091,-0.591477,0.715946,0.001094,0.011894,-0.007304,-0.236043,-0.405087,-0.477138,-1.025484
695,0.101504,0.002922,0.31436,-0.781114,0.091961,-0.617616,-0.482157,-0.717349,0.502898,-0.395832,0.690492,0.605446,0.002847,0.026202,-0.012117,-0.083393,0.093452,-0.370647,-1.915424,-0.197041,-0.014001,0.286899,-0.732684,0.678489,-0.053099,-0.264793,-0.212159,0.940642,0.627862,0.702375,0.335145,0.030041,0.001207,-0.000483,0.310635,-0.363207,0.059967,-0.523272,0.030466,0.037504,-0.027428,0.832529,-0.548488,-0.077812,0.238713,0.228435,0.943839,-0.49991,-0.804348,0.321111,0.007543,0.000506,0.000113,0.44519,-0.357874,-0.087992,-0.81723,0.049527,0.041679,-0.060754,0.883522,-0.024922,-0.467723,0.299939,0.797084,0.52411,0.359754,-0.603352,0.711717,0.001403,0.012999,-0.006171,-0.686923,1.731034,-2.178959,-1.028096
