frame,MLTx,MLTy,MLTz,MLTR1,MLTR2,MLTR3,MLTR4,MLTR5,MLTR6,MLTR7,MLTR8,MLTR9,MLTTVx,MLTTVy,MLTTVz,MLTRVx,MLTRVy,MLTRVz,MLGA,MRTx,MRTy,MRTz,MRTR1,MRTR2,MRTR3,MRTR4,MRTR5,MRTR6,MRTR7,MRTR8,MRTR9,MRTTVx,MRTTVy,MRTTVz,MRTRVx,MRTRVy,MRTRVz,MRGA,SLTx,SLTy,SLTz,SLTR1,SLTR2,SLTR3,SLTR4,SLTR5,SLTR6,SLTR7,SLTR8,SLTR9,SLTTVx,SLTTVy,SLTTVz,SLTRVx,SLTRVy,SLTRVz,SLGA,SRTx,SRTy,SRTz,SRTR1,SRTR2,SRTR3,SRTR4,SRTR5,SRTR6,SRTR7,SRTR8,SRTR9,SRTTVx,SRTTVy,SRTTVz,SRTRVx,SRTRVy,SRTRVz,SRGA
428,0.203455,-0.022111,0.254899,-0.829385,0.558697,0.004932,-0.526038,-0.783723,0.330204,0.189379,0.270572,0.943904,0.01565,-0.004179,-0.033213,-0.348271,0.581075,-0.077782,-1.760476,-0.139759,-0.034181,0.314584,-0.710181,-0.509141,0.48622,0.687749,-0.648988,0.325192,0.150865,0.56598,0.810413,-0.048767,0.033513,0.023299,0.037608,-0.017991,0.032567,-1.395665,0.058152,0.026319,-0.012549,0.723817,0.488526,0.487269,-0.669563,0.66787,0.325013,-0.166655,-0.561507,0.810515,-0.023756,0.011001,0.015551,0.003978,0.011579,-0.016365,-1.005341,0.100056,0.031409,-0.090512,0.859193,-0.511419,0.015376,0.476996,0.811509,0.337532,-0.185098,-0.282671,0.941188,0.015717,-0.001998,-0.017149,-1.250785,2.319608,-0.789645,-1.070715
429,0.204395,-0.022175,0.253587,-0.828094,0.560609,0.004901,-0.527903,-0.782573,0.329956,0.189839,0.269945,0.943991,0.031404,-0.002169,-0.03174,0.035734,-0.007413,0.031072,-1.761077,-0.141713,-0.033281,0.315754,-0.7051,-0.527091,0.474341,0.697952,-0.633616,0.333658,0.125558,0.566991,0.814014,-0.047182,0.022161,0.030742,-0.003234,-0.001271,-0.008704,-1.394589,0.057156,0.026782,-0.011955,0.719298,0.506613,0.475344,-0.680165,0.652813,0.33348,-0.141366,-0.563184,0.814148,-0.023609,0.011069,0.015396,0.002795,0.009448,-0.014766,-1.006321,0.10052,0.031376,-0.091168,0.857913,-0.513542,0.016069,0.478791,0.810423,0.337597,-0.186393,-0.281935,0.941153,0.00786,-0.001678,-0.016111,0.042321,-0.093839,0.141545,-1.070552
430,0.204892,-0.022254,0.252997,-0.827602,0.561317,0.006618,-0.527959,-0.782223,0.330693,0.191828,0.269485,0.94372,0.016352,-0.01424,-0.023712,-0.001134,0.019231,-0.016981,-1.76127,-0.142769,-0.032855,0.316379,-0.704365,-0.536474,0.464819,0.701408,-0.626127,0.340478,0.109254,0.566522,0.816688,-0.062167,0.021916,0.032131,-0.104445,-0.185823,0.10572,-1.392948,0.056629,0.026993,-0.011645,0.718836,0.516014,0.465835,-0.683836,0.645423,0.340289,-0.125067,-0.563167,0.816823,-0.031103,0.010936,0.016078,-0.106673,-0.190791,0.110758,-1.01122,0.10078,0.031337,-0.091474,0.857407,-0.51433,0.017778,0.47891,0.810055,0.338313,-0.188405,-0.281558,0.940865,0.008196,-0.007081,-0.011811,0.000633,0.016855,-0.014283,-1.070552
431,0.205941,-0.022495,0.251924,-0.829718,0.558182,0.006836,-0.524842,-0.784121,0.331161,0.191238,0.270483,0.943554,0.032156,-0.012288,-0.022327,-0.000174,0.004557,0.012599,-1.762135,-0.144984,-0.031988,0.317643,-0.70806,-0.546448,0.447255,0.700966,-0.619858,0.352642,0.085415,0.563887,0.821339,-0.061863,0.022947,0.032719,-1.066643,-1.200901,-0.9348,-1.39045,0.055545,0.027417,-0.011026,0.723407,0.524508,0.448969,-0.682713,0.640329,0.351967,-0.102878,-0.561132,0.821307,-0.031055,0.011374,0.016191,-3.560723,-3.989633,-3.10398,-1.018078,0.101293,0.031221,-0.092003,0.859325,-0.511109,0.018041,0.475706,0.811759,0.338747,-0.187781,-0.282512,0.940703,0.007862,-0.000778,-0.01488,0.044668,-0.113811,0.164901,-1.070389
432,0.207007,-0.02274,0.250948,-0.831695,0.555234,0.006704,-0.52197,-0.785778,0.331771,0.19051,0.271737,0.943341,0.016388,-0.011772,-0.020251,0.006287,-0.098064,0.143469,-1.761787,-0.14746,-0.031092,0.318829,-0.707168,-0.556478,0.436161,0.704215,-0.608568,0.365596,0.062868,0.566386,0.821655,-0.07634,0.020008,0.030733,-0.167681,-0.012201,0.046384,-1.389606,0.054283,0.027877,-0.010417,0.722216,0.535915,0.437261,-0.687181,0.627833,0.365522,-0.078638,-0.564464,0.821702,-0.038188,0.009953,0.015355,-0.157993,-0.006329,0.040222,-1.016935,0.101837,0.031093,-0.0925,0.861118,-0.508089,0.017902,0.472782,0.813234,0.339302,-0.186954,-0.283715,0.940506,0.008205,-0.005807,-0.010019,0.006743,-0.098605,0.144793,-1.070389
433,0.207559,-0.022863,0.250524,-0.831106,0.556095,0.008157,-0.522172,-0.785193,0.332835,0.192524,0.271665,0.942952,0.032204,-0.010349,-0.019596,-0.000207,0.004594,0.01263,-1.763208,-0.148725,-0.030669,0.319406,-0.707686,-0.559282,0.431712,0.704388,-0.604938,0.371243,0.054412,0.567517,0.821478,-0.076114,0.019756,0.030177,-0.028204,-0.028069,0.12434,-1.390096,0.053651,0.028089,-0.010128,0.722901,0.538473,0.432967,-0.687371,0.624163,0.371404,-0.070251,-0.566097,0.821339,-0.038076,0.009822,0.015071,0.016948,-0.0495,0.111522,-1.018078,0.102101,0.031036,-0.092703,0.860552,-0.508992,0.019378,0.472998,0.812656,0.340385,-0.189001,-0.283753,0.940085,0.016108,-0.005083,-0.009671,0.002213,0.000728,0.014912,-1.070879
434,0.208682,-0.023193,0.249749,-0.832974,0.553329,0.005084,-0.520457,-0.786449,0.332558,0.189046,0.273673,0.943076,0.01639,-0.009852,-0.017434,0.007471,-0.115122,0.166668,-1.774448,-0.151254,-0.029795,0.320606,-0.707049,-0.561054,0.430455,0.705842,-0.595712,0.383206,0.04231,0.575482,0.816635,-0.060833,0.0219,0.030225,-2.683817,-1.814075,-4.374279,-1.391828,0.052432,0.028507,-0.009553,0.724994,0.537377,0.430821,-0.68597,0.619547,0.381583,-0.06186,-0.572176,0.817793,-0.030437,0.010706,0.014904,-0.373116,0.383623,0.196409,-1.019221,0.102657,0.030874,-0.093086,0.862343,-0.506056,0.016417,0.471136,0.813869,0.340069,-0.185455,-0.285522,0.940256,0.016133,-0.004748,-0.009236,0.007446,-0.112672,0.173742,-1.073654
435,0.209691,-0.023553,0.249105,-0.834887,0.550442,0.004704,-0.517581,-0.787804,0.333836,0.1885,0.275591,0.942626,0.016401,-0.009005,-0.016207,-0.001234,0.019311,-0.016918,-1.779187,-0.153565,-0.028958,0.321755,-0.705245,-0.566289,0.426542,0.708057,-0.591304,0.385939,0.034542,0.574907,0.817406,-0.045603,0.022584,0.028834,-0.001255,0.003343,-0.013245,-1.394072,0.051248,0.028935,-0.008965,0.720704,0.545632,0.427632,-0.691381,0.610897,0.385742,-0.050766,-0.573663,0.817516,-0.030262,0.010871,0.014835,-0.01035,0.114549,-0.222791,-1.02216,0.103174,0.03069,-0.093415,0.864042,-0.503166,0.015931,0.468303,0.814983,0.34131,-0.184719,-0.287446,0.939815,0.016118,-0.003757,-0.007722,0.008998,-0.130582,0.19723,-1.075451
436,0.210678,-0.023884,0.248526,-0.836855,0.547447,0.00447,-0.514561,-0.789224,0.335149,0.188043,0.277486,0.942162,0.01642,-0.008434,-0.015406,-0.001253,0.019295,-0.016951,-1.782245,-0.155631,-0.028054,0.322914,-0.707706,-0.567734,0.420501,0.705879,-0.591163,0.390121,0.027983,0.573626,0.818556,-0.060158,0.022403,0.029807,-0.002739,0.018901,-0.04152,-1.393951,0.05022,0.029386,-0.008387,0.723227,0.547038,0.421534,-0.689197,0.610719,0.389909,-0.044144,-0.572513,0.818705,-0.023232,0.01735,0.010653,0.038873,0.00083,0.002082,-1.025916,0.103673,0.030523,-0.093708,0.865845,-0.500063,0.015758,0.465177,0.816236,0.34259,-0.184179,-0.2893,0.939352,0.008215,-0.004163,-0.007628,-0.000169,0.016988,-0.015458,-1.075614
437,0.211214,-0.024043,0.24823,-0.836167,0.548509,0.002934,-0.515996,-0.7883,0.335117,0.187165,0.278012,0.942181,0.032299,-0.007028,-0.014861,-0.000279,0.004589,0.012632,-1.783753,-0.156604,-0.027591,0.323501,-0.707062,-0.568017,0.421204,0.706515,-0.59062,0.389793,0.028244,0.573906,0.81835,-0.045207,0.02363,0.029296,-0.000679,0.003736,-0.012304,-1.395894,0.049728,0.029617,-0.008093,0.722544,0.547342,0.422309,-0.689892,0.610172,0.389535,-0.044473,-0.572804,0.818484,-0.022637,0.012043,0.014927,-0.00036,0.004465,-0.013091,-1.025916,0.103917,0.030448,-0.093845,0.865288,-0.501069,0.014333,0.466542,0.815464,0.342572,-0.18334,-0.289737,0.939381,0.008214,-0.003951,-0.007313,7.1e-05,0.002113,0.006934,-1.074308
438,0.212128,-0.024319,0.247701,-0.841383,0.540474,0.002753,-0.508225,-0.792795,0.336385,0.185034,0.280953,0.94173,0.032283,-0.005785,-0.012961,0.008655,-0.129799,0.196236,-1.785405,-0.158428,-0.026682,0.324661,-0.707623,-0.569394,0.41839,0.706094,-0.589591,0.392108,0.024298,0.573601,0.818691,-0.04493,0.023453,0.028708,-1.061046,-1.969307,1.360216,-1.397208,0.048833,0.030063,-0.007523,0.722022,0.548405,0.421823,-0.690542,0.608948,0.390297,-0.042828,-0.57309,0.818371,-0.022477,0.01114,0.013791,-0.012173,0.102114,-0.187568,-1.019058,0.104387,0.030307,-0.094117,0.870052,-0.492753,0.014242,0.458506,0.819518,0.343746,-0.181053,-0.292547,0.938954,0.008211,-0.003566,-0.006733,0.00053,0.000724,0.007582,-1.076104
439,0.212887,-0.024566,0.247191,-0.840469,0.541892,0.003318,-0.509155,-0.791665,0.337639,0.186634,0.281406,0.941279,0.032319,-0.00554,-0.012674,0.000828,-0.012421,0.035869,-1.785168,-0.159869,-0.025775,0.325678,-0.710328,-0.570679,0.412009,0.703563,-0.589761,0.396377,0.017669,0.572147,0.819877,-0.029962,0.023041,0.026453,0.001349,-0.011474,0.016939,-1.394978,0.04809,0.030527,-0.007002,0.725894,0.549935,0.413095,-0.686974,0.609211,0.396141,-0.033811,-0.571342,0.820014,-0.015503,0.016876,0.008922,0.040263,-0.015851,0.032283,-1.013342,0.104766,0.030183,-0.094372,0.869159,-0.494313,0.014664,0.459607,0.81837,0.345007,-0.182541,-0.293126,0.938485,0.008221,-0.003452,-0.006594,0.008456,-0.116117,0.167537,-1.071532
440,0.213232,-0.024699,0.246914,-0.843266,0.537516,0.005045,-0.504288,-0.79422,0.338939,0.187238,0.282598,0.940801,0.016459,-0.00705,-0.01345,-0.001304,0.019302,-0.01692,-1.786143,-0.160547,-0.025265,0.326161,-0.711345,-0.57106,0.409719,0.702583,-0.590014,0.397737,0.015496,0.571505,0.820369,-0.029843,0.021628,0.024864,0.001346,-0.011489,0.016932,-1.397004,0.047762,0.030777,-0.006767,0.726915,0.550284,0.41083,-0.685998,0.609436,0.397485,-0.031645,-0.570766,0.820502,-0.015448,0.016612,0.008576,0.038838,-0.01862,0.034299,-1.013179,0.104938,0.030121,-0.094503,0.871715,-0.489732,0.016524,0.454504,0.820693,0.346248,-0.18313,-0.29432,0.937997,0.00822,-0.003286,-0.006336,0.000707,0.0007,0.007455,-1.067939
441,0.213776,-0.024921,0.246505,-0.845819,0.533499,0.003648,-0.500908,-0.796367,0.338912,0.184765,0.284163,0.940819,0.016291,-0.004184,-0.008761,-0.000165,0.002293,0.006316,-1.797676,-0.161641,-0.024521,0.326758,-0.708132,-0.571569,0.414547,0.705737,-0.588258,0.394743,0.019121,0.572807,0.819383,-0.029513,0.010198,0.013151,-0.014772,0.112901,-0.206816,-1.40043,0.047209,0.031166,-0.006443,0.723776,0.550841,0.415598,-0.689131,0.607826,0.394519,-0.035294,-0.571945,0.819531,-0.014759,0.004566,0.006062,-0.016567,0.109543,-0.204368,-1.015302,0.105216,0.030005,-0.094717,0.874026,-0.485644,0.015044,0.45111,0.822598,0.346167,-0.180489,-0.295772,0.938051,0.008171,-0.002413,-0.004923,0.007653,-0.115222,0.167325,-1.064837
442,0.214039,-0.025081,0.246191,-0.84509,0.534665,0.001769,-0.502561,-0.795369,0.33881,0.183606,0.284765,0.940864,0.000318,-0.004571,-0.007618,-0.001152,0.017008,-0.023237,-1.798914,-0.16219,-0.024119,0.326849,-0.70544,-0.571837,0.418745,0.708328,-0.587076,0.391851,0.02264,0.573753,0.818632,-5.8e-05,0.003662,0.003679,0.0,0.0,-0.0,-1.400154,0.046917,0.031376,-0.006393,0.721008,0.551222,0.41988,-0.691834,0.60666,0.391571,-0.038882,-0.572814,0.818761,-2.6e-05,0.00142,0.00144,-0.000806,-0.001485,0.001099,-1.009097,0.105354,0.029925,-0.094875,0.873372,-0.486875,0.013134,0.452851,0.821674,0.346087,-0.179293,-0.296315,0.93811,0.000154,-0.002125,-0.003549,0.007974,-0.11726,0.160718,-1.064674
443,0.214198,-0.025287,0.245931,-0.847343,0.531089,-0.000667,-0.499891,-0.797043,0.338826,0.180467,0.28677,0.940863,0.000273,-0.003895,-0.006509,0.006804,-0.10035,0.137141,-1.797729,-0.162344,-0.02373,0.326597,-0.707889,-0.570172,0.416878,0.705932,-0.587984,0.394802,0.020895,0.574478,0.818169,-0.000954,0.009547,-0.009836,0.018693,0.007841,0.029758,-1.399874,0.04684,0.031567,-0.006523,0.723465,0.549361,0.41809,-0.689365,0.607378,0.394799,-0.037052,-0.57384,0.818128,-0.000469,0.004422,-0.005265,0.047711,-0.007018,0.022157,-1.021017,0.105434,0.029822,-0.095005,0.875497,-0.4831,0.010856,0.449982,0.823255,0.346072,-0.176125,-0.2981,0.938144,0.000124,-0.001719,-0.002876,-8e-06,5.8e-05,0.000421,-1.065
444,0.214231,-0.025415,0.245855,-0.847017,0.531608,0.000996,-0.499613,-0.796577,0.340329,0.182766,0.287101,0.940317,0.001047,-0.015001,0.001812,-0.027959,-0.106018,0.141595,-1.798258,-0.162356,-0.023523,0.326322,-0.710299,-0.570741,0.411972,0.703612,-0.589078,0.397304,0.016812,0.572789,0.819447,-0.000914,0.006977,-0.012417,0.031821,-5.2e-05,-0.002387,-1.398831,0.046835,0.031667,-0.006656,0.725918,0.549952,0.413031,-0.686992,0.608516,0.397176,-0.032908,-0.572066,0.819546,0.006374,0.009405,-0.010686,0.076352,-0.047479,0.07259,-1.020527,0.10545,0.029762,-0.095047,0.875173,-0.483645,0.012539,0.44971,0.822777,0.347558,-0.178411,-0.298535,0.937574,0.000131,-0.001833,-0.003069,0.000161,0.014965,-0.022149,-1.065327
445,0.214217,-0.025555,0.245724,-0.846755,0.532025,0.000235,-0.500207,-0.796166,0.340419,0.18235,0.287467,0.940286,0.000107,-0.001521,-0.002548,-0.0,0.0,-0.0,-1.798635,-0.16244,-0.022931,0.325623,-0.716167,-0.570703,0.40174,0.697818,-0.587262,0.410009,0.002828,0.574691,0.818282,-0.00192,0.019925,-0.018825,-0.077153,-0.23401,0.391517,-1.397662,0.046793,0.031947,-0.007015,0.731572,0.549704,0.403269,-0.681496,0.606192,0.409992,-0.019084,-0.574766,0.818095,-0.008257,0.009363,-0.009299,-0.319726,-0.620256,0.559445,-1.018731,0.105443,0.029685,-0.095113,0.874907,-0.484148,0.011642,0.450431,0.822337,0.347665,-0.177895,-0.298931,0.937545,6.1e-05,-0.000833,-0.001395,4.6e-05,4.8e-05,0.000221,-1.069082
446,0.214109,-0.025563,0.245683,-0.849591,0.527484,-0.00067,-0.496217,-0.798698,0.340327,0.180036,0.28881,0.940321,2e-06,-2.9e-05,-4.9e-05,0.0,-0.0,-0.0,-1.796508,-0.162979,-0.021751,0.324843,-0.712405,-0.581002,0.393582,0.701388,-0.574027,0.42247,-0.018639,0.577751,0.815916,-0.032175,0.035891,-0.019339,-0.116238,0.11458,0.340619,-1.397523,0.046523,0.032537,-0.00742,0.7281,0.560523,0.394566,-0.685465,0.593241,0.422139,0.002546,-0.577822,0.816158,-0.016076,0.018178,-0.009425,-0.147648,0.147141,0.344463,-1.020527,0.105389,0.029681,-0.095133,0.877503,-0.47945,0.010778,0.446302,0.824647,0.347522,-0.175507,-0.300142,0.937609,-0.007983,-0.000495,9.3e-05,0.006958,-0.102512,0.131145,-1.071695
447,0.214051,-0.025581,0.245701,-0.849156,0.528181,-0.001934,-0.49724,-0.798066,0.340317,0.17926,0.289282,0.940324,-6.3e-05,0.000901,0.001509,0.009093,-0.134303,0.183661,-1.796002,-0.163474,-0.020891,0.324395,-0.711623,-0.58649,0.3868,0.701716,-0.568253,0.429672,-0.031309,0.577923,0.815407,-0.03214,0.037845,-0.017384,-0.031854,0.094905,0.115743,-1.39765,0.046299,0.032935,-0.007627,0.727577,0.565742,0.388028,-0.685854,0.587226,0.429848,0.015323,-0.578878,0.815269,-0.009247,0.024759,-0.013222,-0.115152,-0.053302,0.302613,-1.02167,0.10536,0.029672,-0.095126,0.877166,-0.480089,0.00965,0.44724,0.824134,0.347531,-0.174799,-0.300526,0.937618,-0.007982,-0.000508,7e-05,0.006986,-0.102515,0.131101,-1.072675
448,0.213885,-0.025627,0.245784,-0.848308,0.529527,-0.004421,-0.499216,-0.796809,0.340369,0.177764,0.290281,0.9403,-0.015976,-0.000853,0.000402,0.006944,-0.102562,0.130885,-1.797284,-0.164834,-0.018903,0.323569,-0.708452,-0.600338,0.371054,0.702821,-0.553232,0.447113,-0.062253,0.578294,0.813365,-0.032977,0.054803,-0.019812,-0.506541,-0.088004,0.03734,-1.396819,0.045595,0.03396,-0.008058,0.724583,0.580343,0.371727,-0.687648,0.57276,0.446189,0.046033,-0.578918,0.814084,-0.016473,0.027646,-0.009638,-0.634225,-0.018047,0.060545,-1.021834,0.105283,0.029653,-0.095078,0.876411,-0.48151,0.007114,0.449325,0.822967,0.347607,-0.173231,-0.30145,0.937612,-1.2e-05,0.000151,0.000254,4.7e-05,5.3e-05,0.000152,-1.073165
449,0.213747,-0.025721,0.245846,-0.850612,0.525793,-0.006817,-0.496385,-0.798522,0.340493,0.174641,0.292353,0.940243,0.000814,-0.011784,0.007194,-0.035913,0.011329,-0.018798,-1.795701,-0.166792,-0.016508,0.322828,-0.702411,-0.615208,0.357953,0.706036,-0.539253,0.458969,-0.088454,0.575883,0.812649,-0.061675,0.05902,-0.013016,0.01554,-0.023001,-0.044115,-1.398077,0.044639,0.035135,-0.008425,0.719567,0.594279,0.35924,-0.690646,0.55857,0.459354,0.072323,-0.578644,0.812366,-0.024049,0.03495,-0.011368,-0.013003,-0.307514,-0.143834,-1.016445,0.105208,0.02961,-0.095049,0.878506,-0.477707,0.004635,0.446496,0.824481,0.347665,-0.169904,-0.303357,0.937607,-1e-06,-1e-05,-1.6e-05,-5.1e-05,-1.5e-05,0.000301,-1.073981
450,0.213609,-0.02581,0.245874,-0.85002,0.526723,-0.008566,-0.497751,-0.797626,0.340598,0.173624,0.293119,0.940193,0.0,-7e-06,-1.2e-05,0.0,0.0,0.0,-1.792982,-0.16909,-0.014043,0.322239,-0.697528,-0.62901,0.343209,0.706704,-0.525304,0.473877,-0.11691,0.573877,0.810469,-0.062082,0.071108,-0.020483,-0.457605,-0.092255,0.000543,-1.398231,0.04349,0.036369,-0.00871,0.714446,0.609348,0.343889,-0.692457,0.545283,0.472406,0.100343,-0.575638,0.811524,-0.030592,0.030321,-0.005778,-1.12729,-1.101853,-0.559254,-1.011546,0.105139,0.02956,-0.095033,0.877991,-0.478666,0.002889,0.447899,0.823657,0.347814,-0.168866,-0.304084,0.937558,-0.007984,-0.000548,-6e-06,-0.000942,0.014789,-0.029378,-1.074144
451,0.213552,-0.025858,0.245901,-0.84978,0.527098,-0.009277,-0.498297,-0.797249,0.340684,0.173232,0.293469,0.940156,-0.015964,-0.001093,-1.3e-05,-0.000984,0.014715,-0.029553,-1.794008,-0.170358,-0.012811,0.322011,-0.696859,-0.635214,0.332992,0.704781,-0.520956,0.48148,-0.131494,0.571005,0.810263,-0.060922,0.061219,-0.011203,-0.182015,0.023321,0.298937,-1.398121,0.042879,0.036966,-0.008823,0.713734,0.615339,0.334575,-0.690914,0.540114,0.480535,0.114983,-0.574137,0.810644,-0.030461,0.030439,-0.005714,-1.166992,-1.813288,1.986452,-1.010893,0.105116,0.029541,-0.095023,0.877768,-0.47908,0.002143,0.448503,0.8233,0.34788,-0.168427,-0.304397,0.937536,-1e-06,1e-06,6e-06,3.8e-05,6.3e-05,0.000136,-1.074961
452,0.213509,-0.025932,0.245965,-0.849179,0.528033,-0.010981,-0.49965,-0.796347,0.340813,0.17227,0.294236,0.940093,-4.4e-05,0.000655,0.001097,0.007892,-0.117144,0.160537,-1.794409,-0.172832,-0.010558,0.32168,-0.694991,-0.647707,0.312174,0.700463,-0.512346,0.496775,-0.160951,0.564733,0.809342,-0.073892,0.049937,-0.002186,-0.111166,-0.050714,0.185677,-1.396309,0.041596,0.038142,-0.008994,0.713025,0.627203,0.313385,-0.685938,0.531448,0.497042,0.145198,-0.569366,0.809159,-0.036937,0.024994,-0.001021,-0.063273,-0.079161,0.184999,-1.005341,0.105089,0.029498,-0.09499,0.877293,-0.479953,0.000587,0.449764,0.822537,0.348058,-0.167534,-0.305085,0.937472,-3e-05,0.000439,0.000735,1.3e-05,3.5e-05,9.1e-05,-1.075614
453,0.213475,-0.025957,0.246009,-0.851739,0.52386,-0.012537,-0.496194,-0.7985,0.340824,0.16959,0.295857,0.940072,-4.3e-05,0.000638,0.001068,0.0,-0.0,-0.0,-1.793912,-0.17549,-0.008441,0.321467,-0.689618,-0.656809,0.304992,0.701154,-0.500639,0.507619,-0.179852,0.564733,0.805353,-0.073349,0.050082,-0.002354,-0.112907,-0.004074,0.11847,-1.396305,0.040295,0.039182,-0.009099,0.7078,0.636576,0.306248,-0.687124,0.5198,0.507609,0.163944,-0.569716,0.805322,-0.036671,0.02514,-0.001028,-0.254767,-0.063543,-0.293379,-1.004525,0.105072,0.029487,-0.094967,0.879604,-0.475704,-0.001056,0.446291,0.824443,0.348019,-0.164683,-0.30659,0.937486,-2.5e-05,0.000349,0.000585,-1.4e-05,4.6e-05,0.000213,-1.075777
454,0.21345,-0.025945,0.246032,-0.851467,0.524282,-0.013296,-0.496823,-0.798128,0.34078,0.169109,0.296112,0.940078,-8.1e-05,0.001198,0.002006,0.001143,-0.016972,0.023264,-1.793499,-0.17681,-0.007466,0.321411,-0.689319,-0.658048,0.30299,0.70018,-0.498168,0.511381,-0.184707,0.565477,0.80373,-0.058842,0.050946,-0.002855,0.047472,-0.05872,0.223049,-1.396783,0.039629,0.039668,-0.009128,0.707726,0.637528,0.304435,-0.686019,0.517175,0.511767,0.16882,-0.571039,0.803376,-0.036162,0.019062,0.002478,0.05477,0.068401,-0.022379,-0.997503,0.10506,0.029492,-0.094957,0.879365,-0.476143,-0.00182,0.446942,0.824105,0.347983,-0.16419,-0.306818,0.937498,-4.3e-05,0.000595,0.000997,0.001167,-0.016922,0.023433,-1.076267
455,0.213352,-0.02592,0.246084,-0.854002,0.5201,-0.014885,-0.493391,-0.800294,0.340686,0.166338,0.297639,0.94009,-0.016022,-0.000202,0.001471,0.006896,-0.102413,0.130996,-1.794134,-0.179389,-0.00564,0.321338,-0.688932,-0.661683,0.295872,0.696891,-0.492807,0.520978,-0.198048,0.565938,0.800222,-0.072626,0.048948,-0.003872,0.061918,0.045565,-0.017997,-1.396065,0.038345,0.040585,-0.009161,0.707626,0.641113,0.29705,-0.682705,0.51198,0.521335,0.182151,-0.571708,0.799981,-0.029227,0.024573,-0.002362,0.121194,0.013003,0.003086,-0.99832,0.105017,0.029506,-0.094929,0.881722,-0.471756,-0.003263,0.443298,0.826127,0.347849,-0.161405,-0.308153,0.937544,-4e-05,0.000551,0.000926,-0.00015,-0.000153,0.000378,-1.076921
456,0.21323,-0.025896,0.246178,-0.853403,0.521032,-0.016608,-0.494786,-0.799456,0.340631,0.165261,0.29826,0.940083,-7.3e-05,0.001095,0.00183,0.007871,-0.11712,0.160556,-1.795086,-0.181885,-0.003901,0.32125,-0.689585,-0.666208,0.283957,0.691065,-0.488419,0.532738,-0.215357,0.564435,0.796804,-0.057345,0.037274,0.002385,-0.97927,-1.82814,1.788749,-1.395528,0.037113,0.04144,-0.009206,0.706815,0.646419,0.287321,-0.679345,0.507028,0.530483,0.197235,-0.570143,0.797517,-0.029047,0.023928,-0.003087,-0.405381,0.391316,0.218409,-0.997993,0.10495,0.029517,-0.094882,0.881203,-0.472711,-0.004978,0.444727,0.825373,0.347815,-0.160307,-0.30871,0.937549,-0.008038,0.00026,0.001339,-0.000964,0.014786,-0.029357,-1.077247
457,0.213023,-0.02586,0.246282,-0.85289,0.521819,-0.01813,-0.49599,-0.79874,0.340562,0.164289,0.2988,0.940082,-0.000111,0.001683,0.002811,0.0,0.0,0.0,-1.794963,-0.184144,-0.002257,0.32109,-0.684857,-0.672368,0.280864,0.693007,-0.482205,0.535868,-0.224004,0.562476,0.795805,-0.057809,0.045661,-0.008511,0.042049,0.063628,-0.002059,-1.39489,0.035962,0.04228,-0.00928,0.703735,0.652083,0.282035,-0.679285,0.501258,0.536013,0.208152,-0.568794,0.795703,-0.028896,0.02303,-0.004021,0.071573,0.044917,0.021654,-0.992441,0.104846,0.029535,-0.094831,0.880713,-0.473602,-0.006632,0.446082,0.824667,0.347754,-0.159228,-0.309231,0.937561,-0.008046,0.000446,0.001644,0.000197,-0.002199,-0.00616,-1.077573
458,0.212901,-0.025841,0.246327,-0.85267,0.522155,-0.0188,-0.496511,-0.798433,0.340519,0.163852,0.299031,0.940085,-7.6e-05,0.001162,0.00194,0.0,0.0,0.0,-1.794174,-0.185278,-0.001469,0.320941,-0.682904,-0.675894,0.277131,0.692909,-0.479505,0.538411,-0.230163,0.560556,0.795403,-0.057774,0.042881,-0.011196,0.07658,0.0327,-0.023881,-1.394733,0.035395,0.042678,-0.009351,0.701956,0.655604,0.278278,-0.679203,0.498619,0.538573,0.214336,-0.567062,0.795297,-0.028891,0.021314,-0.005672,0.116036,0.023598,-0.030959,-0.993258,0.104785,0.029546,-0.094806,0.88052,-0.473951,-0.007305,0.446623,0.82439,0.347719,-0.15878,-0.309436,0.93757,-0.008025,0.000158,0.001162,-0.00095,0.014763,-0.029447,-1.077737
459,0.212588,-0.025825,0.246409,-0.855247,0.517865,-0.020353,-0.492972,-0.800655,0.340445,0.161069,0.300549,0.940082,-8.9e-05,0.001376,0.002294,0.001134,-0.01697,0.023265,-1.794311,-0.187427,-1e-05,0.320521,-0.686251,-0.676052,0.268335,0.685694,-0.478533,0.548418,-0.241488,0.561195,0.791585,-0.043656,0.039269,-0.015717,-0.290714,-0.460414,0.574919,-1.393163,0.034316,0.043409,-0.00956,0.704749,0.655985,0.270203,-0.672791,0.497106,0.547939,0.225121,-0.56795,0.791676,-0.02851,0.014201,-0.003127,-0.898655,-1.85089,1.746382,-0.993584,0.104629,0.029552,-0.094767,0.882887,-0.469501,-0.008802,0.442941,0.826424,0.347599,-0.155924,-0.31079,0.937601,-0.007996,-0.000294,0.000406,0.006811,-0.102363,0.131243,-1.0779
460,0.212061,-0.025851,0.246465,-0.854941,0.518322,-0.0215,-0.493749,-0.800186,0.340419,0.160304,0.301005,0.940067,-0.015192,-0.012433,0.007872,-0.03689,0.026138,-0.048308,-1.796595,-0.189475,0.001442,0.319874,-0.681272,-0.683833,0.261211,0.684878,-0.469722,0.55699,-0.257333,0.559216,0.787985,-0.04424,0.047188,-0.026855,-2.218845,-4.979126,-2.564639,-1.392762,0.033292,0.044132,-0.009879,0.703452,0.659474,0.265043,-0.670324,0.491631,0.555845,0.236262,-0.568675,0.787901,-0.028816,0.017867,-0.008994,-0.107142,0.215974,0.065435,-0.992441,0.104371,0.029546,-0.094739,0.882601,-0.470015,-0.010003,0.443801,0.82598,0.347557,-0.155095,-0.311194,0.937604,-0.007993,-0.000317,0.000359,0.006799,-0.102326,0.131154,-1.07839
461,0.211701,-0.025865,0.246481,-0.85484,0.518469,-0.021987,-0.494038,-0.800021,0.340387,0.159951,0.301189,0.940068,-0.015972,-0.000771,0.00046,-0.000984,0.014715,-0.029553,-1.797634,-0.190517,0.002173,0.319466,-0.680649,-0.685735,0.25783,0.683195,-0.467352,0.561034,-0.263365,0.558875,0.786232,-0.057638,0.034272,-0.019466,-0.031607,0.119182,0.029789,-1.392328,0.032754,0.044515,-0.010094,0.699884,0.665657,0.258963,-0.66993,0.48605,0.561202,0.247699,-0.566263,0.786123,-0.028818,0.016908,-0.009906,0.012919,0.111399,0.020278,-0.990972,0.104203,0.029535,-0.094728,0.882502,-0.47019,-0.010514,0.444125,0.825808,0.347553,-0.154733,-0.311385,0.937601,-0.007989,-0.000355,0.000293,-0.000971,0.014768,-0.029434,-1.079043
462,0.210816,-0.025926,0.246496,-0.854654,0.518732,-0.023014,-0.4946,-0.799692,0.340345,0.159204,0.301609,0.94006,-0.031916,-0.002002,9.1e-05,0.005735,-0.087681,0.101465,-1.796734,-0.192588,0.003712,0.318455,-0.678851,-0.690741,0.249057,0.678007,-0.459718,0.573498,-0.280787,0.559047,0.780057,-0.04369,0.031309,-0.023249,-0.234574,0.300008,0.167837,-1.391587,0.031718,0.045284,-0.0106,0.697782,0.671264,0.250006,-0.665408,0.47822,0.57318,0.265197,-0.566311,0.780359,-0.021837,0.015503,-0.011727,-0.274015,0.329858,0.166999,-0.995707,0.103754,0.029504,-0.094721,0.882391,-0.470378,-0.011401,0.444581,0.825574,0.347525,-0.154055,-0.311722,0.937601,-0.007593,-0.006406,0.003617,-0.036891,0.026254,-0.048198,-1.07986
463,0.209575,-0.026061,0.246526,-0.85451,0.518917,-0.024144,-0.495101,-0.799351,0.34042,0.158411,0.302196,0.940006,-0.031171,-0.013733,0.007296,-0.037864,0.041012,-0.077783,-1.796545,-0.194706,0.005352,0.317263,-0.67723,-0.695743,0.23936,0.672268,-0.453165,0.585346,-0.297926,0.5582,0.774284,-0.058032,0.041928,-0.030858,-0.983225,-1.624354,1.994246,-1.391163,0.030681,0.046085,-0.011187,0.695131,0.676637,0.242805,-0.661997,0.470827,0.583164,0.280271,-0.566112,0.775218,-0.029035,0.020456,-0.015864,-0.32308,0.372845,0.43385,-0.99881,0.103134,0.02944,-0.09471,0.882226,-0.470653,-0.01267,0.445225,0.825206,0.347575,-0.153131,-0.312281,0.937566,-0.015961,-0.000981,5.6e-05,0.005636,-0.087649,0.101541,-1.080513
464,0.208811,-0.026147,0.246564,-0.854435,0.51901,-0.024803,-0.495373,-0.799147,0.340502,0.157963,0.302573,0.93996,-0.031946,-0.001503,0.000784,0.005594,-0.087643,0.101499,-1.798094,-0.195798,0.006235,0.316596,-0.673998,-0.700084,0.235799,0.671446,-0.447713,0.590465,-0.306954,0.557175,0.771491,-0.058493,0.052342,-0.039574,-0.424579,0.071709,-0.089248,-1.390932,0.030113,0.046543,-0.011531,0.692992,0.681018,0.23659,-0.659503,0.46626,0.589624,0.291233,-0.564637,0.772248,-0.029229,0.026057,-0.019847,-0.549956,0.125377,-0.084514,-0.999136,0.10277,0.029397,-0.094693,0.882181,-0.470722,-0.013261,0.445459,0.825042,0.347664,-0.152712,-0.312609,0.937525,-0.01598,-0.00064,0.000601,0.005595,-0.087639,0.101548,-1.080839
465,0.207175,-0.026308,0.246685,-0.85449,0.518758,-0.027972,-0.496291,-0.799085,0.339308,0.154727,0.303168,0.940306,-0.047939,-0.001792,0.001775,0.004495,-0.072889,0.071981,-1.803367,-0.198057,0.00805,0.315162,-0.675678,-0.700837,0.228645,0.664521,-0.444994,0.600272,-0.318093,0.558407,0.766069,-0.058408,0.050494,-0.041311,-0.057776,0.210744,0.095602,-1.391459,0.028984,0.047451,-0.012248,0.695359,0.680943,0.22976,-0.651917,0.463123,0.600432,0.302453,-0.567301,0.765956,-0.02919,0.02509,-0.020756,-0.021919,0.208327,0.087721,-0.99783,0.10194,0.029312,-0.09463,0.882286,-0.470426,-0.016412,0.446355,0.825052,0.346491,-0.149457,-0.31303,0.937909,-0.023979,-0.000776,0.001115,-0.005036,0.047508,-0.089865,-1.081166
466,0.205415,-0.026399,0.246869,-0.854957,0.517582,-0.034687,-0.49786,-0.799807,0.335285,0.146855,0.303275,0.941533,-0.047991,-0.000205,0.004228,-0.002861,0.043997,-0.088604,-1.806469,-0.200384,0.009959,0.313528,-0.676136,-0.702528,0.222005,0.656973,-0.438723,0.61306,-0.332438,0.561243,0.757862,-0.058336,0.048796,-0.042913,-0.238852,0.368603,0.217792,-1.391625,0.027864,0.048369,-0.013033,0.694994,0.68366,0.222691,-0.645424,0.456693,0.612256,0.316874,-0.569245,0.75865,-0.029182,0.023984,-0.021802,-0.31261,0.487662,0.30034,-0.994238,0.10106,0.029265,-0.094541,0.882738,-0.469286,-0.023284,0.448056,0.825813,0.342459,-0.141483,-0.312734,0.939243,-0.02401,0.000147,0.002558,-0.006268,0.034232,-0.067983,-1.082799
467,0.203586,-0.026513,0.247155,-0.855987,0.515501,-0.039884,-0.498044,-0.801244,0.33156,0.140025,0.303029,0.942652,-0.04734,-0.011083,0.012743,-0.037776,0.039152,-0.083869,-1.815215,-0.20256,0.011724,0.311873,-0.679438,-0.701778,0.214156,0.647814,-0.436939,0.623984,-0.343465,0.56357,0.751188,-0.05833,0.046956,-0.044663,-0.243966,0.320269,0.236217,-1.3919,0.026754,0.049269,-0.013876,0.698586,0.682451,0.215029,-0.636096,0.454716,0.623389,0.327655,-0.57227,0.751762,-0.029109,0.023759,-0.022023,-0.457696,0.266892,0.443486,-0.997013,0.100128,0.029208,-0.094396,0.883749,-0.467098,-0.028385,0.448139,0.827294,0.338755,-0.134749,-0.312095,0.940445,-0.023676,-0.005538,0.00641,-0.040903,0.044172,-0.085714,-1.083289
468,0.202691,-0.026581,0.247324,-0.85654,0.514476,-0.04123,-0.497648,-0.801936,0.330482,0.138024,0.302944,0.942975,-0.04735,-0.010775,0.013155,-0.038815,0.056152,-0.107131,-1.817659,-0.203621,0.012601,0.311032,-0.67931,-0.701478,0.215546,0.647004,-0.434129,0.626779,-0.345237,0.566114,0.748458,-0.058162,0.047736,-0.043935,-0.174483,0.308869,0.173953,-1.392406,0.026223,0.049705,-0.0143,0.698621,0.681946,0.216508,-0.635203,0.451875,0.626359,0.329308,-0.575115,0.748864,-0.029088,0.023531,-0.022243,-0.302964,0.292309,0.359059,-0.996687,0.09968,0.029174,-0.094311,0.884264,-0.466041,-0.029704,0.447712,0.827963,0.337683,-0.13278,-0.3119,0.94079,-0.023684,-0.005321,0.006723,-0.040763,0.059318,-0.108269,-1.083779
469,0.200959,-0.026657,0.247732,-0.857464,0.512675,-0.044331,-0.497211,-0.803111,0.328277,0.133761,0.302885,0.943608,-0.031423,-0.008406,0.015511,-0.036805,0.024612,-0.054228,-1.824151,-0.205639,0.014259,0.309322,-0.681431,-0.70111,0.209972,0.642008,-0.43511,0.631221,-0.350331,0.565814,0.746314,-0.044585,0.044031,-0.048272,0.12874,0.044214,-0.025345,-1.391496,0.025209,0.05054,-0.015149,0.701695,0.680484,0.211102,-0.629226,0.452891,0.631635,0.334211,-0.576046,0.74597,-0.029007,0.016331,-0.019851,0.156158,0.059559,-0.078795,-0.99783,0.098814,0.029135,-0.094108,0.885129,-0.464188,-0.032778,0.447236,0.829116,0.33548,-0.128549,-0.311603,0.941476,-0.015719,-0.00416,0.007859,-0.038015,0.026545,-0.05492,-1.085575
470,0.199395,-0.026697,0.248199,-0.857902,0.511561,-0.04853,-0.497746,-0.803703,0.32601,0.128834,0.303199,0.944192,-0.031433,-0.007158,0.017432,-0.033467,0.019268,-0.052126,-1.826015,-0.207559,0.015691,0.307568,-0.674836,-0.709829,0.201816,0.643717,-0.432703,0.631134,-0.359816,0.556713,0.748643,-0.058458,0.042806,-0.048711,0.169209,0.021075,-0.084372,-1.390575,0.024254,0.051255,-0.016027,0.695227,0.689592,0.202782,-0.631261,0.450847,0.631067,0.343755,-0.566744,0.748754,-0.022207,0.015087,-0.021468,0.143766,0.020488,-0.082538,-0.998483,0.098044,0.029118,-0.093882,0.885545,-0.463072,-0.037048,0.447824,0.82973,0.333168,-0.123541,-0.311626,0.942139,-0.016024,0.002367,0.005224,0.007024,-0.000431,-0.03089,-1.085575
471,0.198703,-0.0267,0.248451,-0.858047,0.511102,-0.050747,-0.498138,-0.803923,0.324866,0.126308,0.303389,0.944473,-0.031425,-0.006991,0.017641,-0.033473,0.019313,-0.052102,-1.827137,-0.208534,0.016354,0.306654,-0.673608,-0.711849,0.198783,0.642348,-0.431056,0.633651,-0.364524,0.555412,0.747331,-0.044527,0.02964,-0.043577,-0.178221,0.296244,0.147973,-1.390512,0.023778,0.05158,-0.016469,0.692697,0.693119,0.199389,-0.631313,0.449035,0.632306,0.34873,-0.563873,0.74862,-0.029172,0.014562,-0.021621,-0.276785,0.430765,0.169742,-0.99832,0.097698,0.029117,-0.093755,0.885694,-0.462603,-0.039266,0.44822,0.829974,0.332027,-0.121007,-0.311674,0.942451,-0.016015,0.002439,0.005307,0.006738,-2.1e-05,-0.031037,-1.085412
472,0.197473,-0.026642,0.248982,-0.85839,0.510322,-0.052749,-0.498134,-0.804304,0.323928,0.123947,0.303693,0.944688,-0.031978,0.005757,0.011876,-0.000988,0.012527,-0.035784,-1.830187,-0.210304,0.017449,0.304926,-0.671519,-0.714222,0.197333,0.642962,-0.429485,0.634095,-0.367283,0.553579,0.74734,-0.04466,0.015062,-0.039156,0.067983,0.077702,-0.08951,-1.390316,0.02286,0.052151,-0.017365,0.691878,0.694199,0.198473,-0.630707,0.447297,0.634139,0.351443,-0.563925,0.747311,-0.022315,0.007386,-0.019682,0.107099,0.065206,-0.095363,-0.99538,0.097084,0.029141,-0.093487,0.886029,-0.461794,-0.041193,0.448171,0.830352,0.331146,-0.118717,-0.311867,0.942679,-0.016001,0.003032,0.006208,-0.001876,0.013991,-0.036301,-1.085575
473,0.196377,-0.026576,0.249512,-0.858472,0.509914,-0.055309,-0.498653,-0.804381,0.322938,0.121246,0.304174,0.944884,-0.03193,0.00549,0.011319,-0.000999,0.012537,-0.035777,-1.832538,-0.211984,0.018254,0.303171,-0.671825,-0.715679,0.19091,0.63887,-0.429669,0.638094,-0.373791,0.551551,0.745611,-0.045071,0.012457,-0.041885,-0.454114,-1.884728,1.787009,-1.39002,0.02202,0.052554,-0.018242,0.69194,0.695716,0.192865,-0.627165,0.446923,0.637905,0.357605,-0.562351,0.745573,-0.022528,0.00603,-0.021095,-0.421353,-1.891441,1.778544,-0.996687,0.096535,0.029175,-0.093219,0.886123,-0.461379,-0.043749,0.448696,0.830459,0.330164,-0.115999,-0.312196,0.942908,-0.015701,-0.003072,0.009416,-0.037535,0.026098,-0.054497,-1.085248
474,0.195401,-0.02649,0.250002,-0.858908,0.508885,-0.057938,-0.498198,-0.803738,0.325231,0.120005,0.307571,0.943942,-0.031885,0.004857,0.010184,0.003645,-0.105594,0.124191,-1.834173,-0.213601,0.018836,0.301439,-0.67178,-0.716726,0.1871,0.635948,-0.428731,0.641634,-0.378809,0.550921,0.743541,-0.04548,0.023148,-0.05039,0.074408,0.088427,-0.052384,-1.388184,0.021229,0.052834,-0.01909,0.692154,0.6968,0.188126,-0.623656,0.446213,0.641829,0.363283,-0.561571,0.743412,-0.022673,0.005375,-0.021866,0.071395,0.1061,-0.068437,-0.99783,0.096053,0.029222,-0.092979,0.886595,-0.460219,-0.046331,0.448121,0.829808,0.332574,-0.11461,-0.31562,0.941938,-0.015951,0.002359,0.004995,0.011268,0.018804,-0.039042,-1.085738
475,0.194971,-0.02643,0.250211,-0.85871,0.509139,-0.058647,-0.498647,-0.803443,0.325273,0.119555,0.307922,0.943885,-0.031865,0.004598,0.009718,-0.001047,0.01252,-0.035787,-1.835757,-0.214435,0.019043,0.300566,-0.674824,-0.714634,0.184127,0.63165,-0.430522,0.644672,-0.380578,0.552239,0.741657,-0.045527,0.010388,-0.044303,-0.155463,0.25838,0.086424,-1.388422,0.020794,0.052946,-0.019547,0.694511,0.695281,0.185033,-0.620058,0.44796,0.644094,0.364939,-0.562062,0.742228,-0.022753,0.005046,-0.022266,-0.227683,0.28747,0.08707,-0.999136,0.095821,0.029252,-0.092863,0.886394,-0.46053,-0.047066,0.448649,0.829542,0.332526,-0.114095,-0.315865,0.941918,-0.015941,0.002259,0.004811,0.001089,0.01387,-0.035661,-1.086228
476,0.19415,-0.026319,0.250606,-0.859724,0.506912,-0.062936,-0.497374,-0.802543,0.329418,0.117544,0.313876,0.942175,-0.015921,0.004317,0.008073,-0.010223,-0.01058,-0.011871,-1.843829,-0.216086,0.01939,0.298756,-0.674693,-0.715642,0.180659,0.628783,-0.429311,0.648273,-0.385517,0.551876,0.739373,-0.045935,0.008617,-0.046389,0.015763,0.124238,-0.050339,-1.387632,0.019986,0.053116,-0.020435,0.694981,0.695709,0.181628,-0.616536,0.446614,0.648397,0.369978,-0.562604,0.739318,-0.016114,0.003452,-0.024332,0.034556,0.137572,-0.041868,-0.998973,0.095428,0.029305,-0.092671,0.887385,-0.458152,-0.051407,0.447274,0.828513,0.336913,-0.111766,-0.321965,0.940131,-0.007969,0.002422,0.004481,0.016158,0.003248,-0.017598,-1.086064
477,0.193446,-0.026192,0.250899,-0.859256,0.507244,-0.066534,-0.498986,-0.802145,0.327944,0.114044,0.314352,0.942445,-0.015902,0.003298,0.006388,-4.6e-05,-0.002163,-0.006212,-1.853489,-0.217748,0.019675,0.296914,-0.6746,-0.716626,0.177069,0.625814,-0.428205,0.651868,-0.390468,0.55146,0.737082,-0.03246,0.006776,-0.049216,0.0562,0.090689,-0.07326,-1.388441,0.019138,0.053262,-0.021373,0.695031,0.696551,0.178179,-0.613579,0.445461,0.651985,0.374769,-0.562478,0.736998,-0.016212,0.003311,-0.024649,0.103483,0.080214,-0.080822,-1.000769,0.095064,0.029371,-0.09252,0.886961,-0.458562,-0.054956,0.448994,0.828287,0.335178,-0.10818,-0.321964,0.94055,-0.007956,0.001385,0.002781,-0.001413,0.017413,-0.029525,-1.085411
478,0.193088,-0.026138,0.251011,-0.859045,0.507511,-0.067227,-0.499458,-0.801877,0.327883,0.113562,0.314607,0.942419,-0.015895,0.002703,0.005414,-4.7e-05,-0.002161,-0.00621,-1.859421,-0.218633,0.019796,0.295952,-0.673411,-0.718495,0.173993,0.623984,-0.426426,0.654782,-0.395408,0.550406,0.735234,-0.046396,0.007347,-0.048231,0.0006,0.154235,-0.061664,-1.388441,0.01873,0.053316,-0.021819,0.693672,0.698715,0.174969,-0.611927,0.443525,0.654851,0.379952,-0.561321,0.735224,-0.023234,0.003207,-0.024546,-0.023548,0.187851,-0.036726,-1.000932,0.094891,0.029397,-0.092465,0.886804,-0.458797,-0.055526,0.449401,0.828083,0.335135,-0.107778,-0.322153,0.940532,-0.007952,0.001289,0.002618,-0.001062,0.015294,-0.028929,-1.084921
479,0.192433,-0.026079,0.251151,-0.85855,0.508144,-0.06875,-0.500541,-0.801258,0.327742,0.112519,0.315159,0.942359,-0.015889,0.000917,0.002516,0.005439,-0.101752,0.131543,-1.86825,-0.220271,0.01994,0.294085,-0.675066,-0.717839,0.170247,0.618888,-0.425612,0.660126,-0.400548,0.551891,0.731328,-0.032968,-0.006905,-0.044626,-0.013974,0.025299,0.102507,-1.388984,0.017889,0.053396,-0.022771,0.69542,0.697869,0.171376,-0.606793,0.442517,0.660288,0.384957,-0.563167,0.731197,-0.023398,0.002825,-0.025156,0.039104,0.153283,-0.065443,-0.9993,0.094557,0.029429,-0.092391,0.886357,-0.459472,-0.057053,0.450535,0.827518,0.33501,-0.106715,-0.322643,0.940485,-0.007946,0.000524,0.001375,-0.000975,0.014912,-0.029057,-1.085085
480,0.191789,-0.026074,0.251201,-0.858608,0.507588,-0.072064,-0.500848,-0.800308,0.329591,0.110688,0.318446,0.941471,-0.015892,-0.000311,0.000523,-0.001185,0.014547,-0.029666,-1.870892,-0.221874,0.020028,0.292243,-0.680678,-0.712801,0.169064,0.612531,-0.427386,0.664891,-0.400816,0.557027,0.727276,-0.032747,-0.004359,-0.042397,-0.048018,0.1537,-0.011045,-1.390544,0.017074,0.053432,-0.023714,0.700863,0.692701,0.170161,-0.600471,0.444211,0.664913,0.384998,-0.568191,0.727278,-0.016341,-0.002168,-0.021154,-0.021328,0.148714,-0.014956,-1.000443,0.094229,0.029431,-0.092366,0.886405,-0.458938,-0.060497,0.450933,0.826535,0.336894,-0.10461,-0.325905,0.939596,-0.007947,-0.000231,0.000152,0.003727,0.017574,-0.029547,-1.084921
481,0.191205,-0.026095,0.251206,-0.858911,0.506685,-0.07475,-0.500639,-0.79965,0.331499,0.109257,0.321515,0.940594,-0.015893,-0.00047,0.000248,-0.001107,0.014611,-0.029623,-1.872532,-0.223305,0.020034,0.290541,-0.683512,-0.711134,0.164594,0.608011,-0.430112,0.667278,-0.402862,0.557058,0.726121,-0.032511,-0.001958,-0.040242,-0.059523,-0.528364,0.483921,-1.389744,0.016383,0.053436,-0.024536,0.703538,0.690416,0.168397,-0.597147,0.445858,0.666802,0.38529,-0.56968,0.725958,-0.023163,-0.000484,-0.019312,0.078521,0.07657,-0.118463,-1.000279,0.093943,0.029419,-0.092366,0.886695,-0.458014,-0.063193,0.450738,0.825866,0.338791,-0.102982,-0.328889,0.938736,-0.007947,-0.000264,8.8e-05,0.009489,-0.099093,0.13186,-1.085085
482,0.190943,-0.026097,0.251219,-0.858712,0.506931,-0.075355,-0.501067,-0.799406,0.33144,0.108843,0.321735,0.940567,6e-06,0.00079,0.001269,-2e-06,-2e-06,-1e-06,-1.872962,-0.223979,0.020006,0.289768,-0.680875,-0.714455,0.161107,0.607522,-0.428297,0.668889,-0.408025,0.5542,0.725425,-0.032495,-0.001411,-0.03983,-0.317879,-1.884415,1.798775,-1.388697,0.016046,0.053422,-0.024922,0.700935,0.693903,0.164883,-0.596761,0.443986,0.668395,0.390596,-0.566897,0.7253,-0.016171,-0.00044,-0.019597,0.062991,0.076615,-0.080043,-1.000769,0.093806,0.029416,-0.092363,0.88652,-0.458274,-0.063764,0.451175,0.825661,0.338708,-0.102574,-0.32904,0.938727,-0.007943,0.000244,0.000897,0.000474,-0.001544,-0.005477,-1.084758
