frame,MLTx,MLTy,MLTz,MLTR1,MLTR2,MLTR3,MLTR4,MLTR5,MLTR6,MLTR7,MLTR8,MLTR9,MLTTVx,MLTTVy,MLTTVz,MLTRVx,MLTRVy,MLTRVz,MLGA,MRTx,MRTy,MRTz,MRTR1,MRTR2,MRTR3,MRTR4,MRTR5,MRTR6,MRTR7,MRTR8,MRTR9,MRTTVx,MRTTVy,MRTTVz,MRTRVx,MRTRVy,MRTRVz,MRGA,SLTx,SLTy,SLTz,SLTR1,SLTR2,SLTR3,SLTR4,SLTR5,SLTR6,SLTR7,SLTR8,SLTR9,SLTTVx,SLTTVy,SLTTVz,SLTRVx,SLTRVy,SLTRVz,SLGA,SRTx,SRTy,SRTz,SRTR1,SRTR2,SRTR3,SRTR4,SRTR5,SRTR6,SRTR7,SRTR8,SRTR9,SRTTVx,SRTTVy,SRTTVz,SRTRVx,SRTRVy,SRTRVz,SRGA
186,0.129002,-0.019479,0.407653,0.71527,-0.46509,-0.521656,0.649075,0.718787,0.249036,0.258251,-0.51614,0.81666,1e-06,7e-06,4e-06,-0.0,0.0,-0.0,-0.159522,-0.260212,-0.005941,0.374039,0.341932,0.872695,0.348536,-0.939654,0.317462,0.12729,2.2e-05,-0.372127,0.928108,-0.000845,0.006417,-0.01212,0.035794,-0.01572,0.015594,-1.406214,-0.000299,0.044323,-0.006844,-0.13438,-0.930844,0.339809,0.990336,-0.11429,0.078559,-0.034289,0.347082,0.937207,-0.000485,0.002954,-0.00625,0.033858,-0.002999,-0.010226,-0.741437,0.079371,0.042658,-0.022623,-0.67022,0.416775,-0.614087,-0.627397,-0.760179,0.16882,-0.396456,0.498423,0.770971,1e-06,-4e-06,-3e-06,0.009655,-0.070819,0.186747,-0.361121
187,0.129002,-0.019486,0.407661,0.715282,-0.465084,-0.521645,0.649072,0.718779,0.249065,0.258227,-0.516155,0.816658,0.0,0.0,0.0,0.0,0.0,0.0,-0.159494,-0.260262,-0.0057,0.373534,0.3439,0.874905,0.340975,-0.93891,0.317845,0.131746,0.00647,-0.366555,0.9303,0.012462,0.003979,-0.014395,0.032062,-0.065351,0.041146,-1.406603,-0.000328,0.044446,-0.007094,-0.136158,-0.933403,0.331992,0.989908,-0.114907,0.082922,-0.039252,0.339933,0.939629,-0.00055,0.002713,-0.00643,-0.023905,-0.040983,0.005121,-0.741601,0.079371,0.042654,-0.022619,-0.670226,0.416771,-0.614084,-0.627399,-0.760173,0.168839,-0.396442,0.498436,0.770969,0.0,-3e-06,-2e-06,9e-06,-2e-05,1.7e-05,-0.359815
188,0.129011,-0.019487,0.407648,0.715268,-0.465089,-0.52166,0.649077,0.718786,0.249035,0.258254,-0.516142,0.816658,-1.2e-05,-6.7e-05,-4.3e-05,0.0,0.0,0.0,-0.159123,-0.260278,-0.005527,0.373245,0.346099,0.875489,0.337232,-0.938056,0.318634,0.135853,0.011062,-0.364464,0.931078,-0.0005,0.01718,-0.020986,0.071591,-0.031955,0.031037,-1.406677,-0.000332,0.044526,-0.007238,-0.138376,-0.934303,0.328523,0.989427,-0.115874,0.087214,-0.043417,0.337118,0.940459,-0.000441,0.003104,-0.006136,0.039696,-0.003735,0.013298,-0.739151,0.079376,0.042653,-0.022626,-0.670211,0.416776,-0.614096,-0.6274,-0.760179,0.168809,-0.396468,0.498421,0.770966,-7e-06,-3.6e-05,-2.4e-05,-2e-06,-6e-06,5e-06,-0.359162
189,0.12905,-0.019492,0.407632,0.715098,-0.465198,-0.521795,0.649226,0.718701,0.24889,0.258347,-0.516162,0.816615,0.013138,-0.003025,-0.00217,-0.000293,-0.004557,0.002614,-0.158584,-0.260342,-0.005077,0.372631,0.347551,0.87585,0.334792,-0.937506,0.319936,0.136591,0.012098,-0.362445,0.931853,-0.000748,0.00677,-0.011852,0.033887,-0.00298,-0.010183,-1.406836,-0.000363,0.044757,-0.007546,-0.139855,-0.934889,0.326224,0.989198,-0.117313,0.087884,-0.043891,0.334992,0.941198,-0.0001,0.0091,-0.010107,0.072015,-0.031132,0.031157,-0.735069,0.079391,0.042655,-0.022631,-0.670035,0.416897,-0.614206,-0.627533,-0.760105,0.168646,-0.396554,0.498434,0.770913,1e-06,4e-06,0.0,4e-06,2e-06,3e-06,-0.358835
190,0.129078,-0.019496,0.407604,0.716337,-0.464968,-0.5203,0.648732,0.718391,0.251065,0.256155,-0.516801,0.816902,-2.4e-05,-0.000136,-8.8e-05,-0.004253,0.003543,-0.003796,-0.159233,-0.260359,-0.004628,0.372054,0.349564,0.876529,0.330897,-0.9367,0.320954,0.139697,0.015819,-0.359888,0.932788,-0.000465,0.007799,-0.011076,0.03576,-0.015853,0.015534,-1.406928,-0.000372,0.044978,-0.007831,-0.141859,-0.935915,0.322395,0.988769,-0.118504,0.091056,-0.047016,0.331692,0.942214,-0.000347,0.003446,-0.005877,0.039008,0.000812,-0.012119,-0.735885,0.079409,0.042649,-0.022648,-0.671469,0.416574,-0.612857,-0.62734,-0.759759,0.17091,-0.394427,0.499231,0.771488,-1.4e-05,-8.4e-05,-5.4e-05,-0.047271,0.039308,-0.042129,-0.358672
191,0.129086,-0.019498,0.407591,0.716323,-0.464973,-0.520314,0.648737,0.718397,0.251035,0.256182,-0.516787,0.816902,-6e-06,-3.7e-05,-2.4e-05,-0.0,0.0,-0.0,-0.15871,-0.260374,-0.00447,0.371792,0.350382,0.87688,0.329097,-0.936358,0.321232,0.141341,0.017795,-0.35878,0.933179,-0.000907,0.006185,-0.012286,0.03389,-0.002967,-0.010176,-1.406743,-0.000379,0.045065,-0.007969,-0.142687,-0.9364,0.320613,0.988572,-0.118918,0.092642,-0.048623,0.330168,0.942668,-0.000443,0.003098,-0.00614,0.036898,-0.000753,-0.011276,-0.739151,0.079414,0.042648,-0.022655,-0.671427,0.416589,-0.612892,-0.627348,-0.759767,0.170842,-0.394485,0.499205,0.771475,-1e-06,-4e-06,-3e-06,0.000716,-0.000616,0.000706,-0.358998
192,0.129127,-0.019502,0.407587,0.716254,-0.465014,-0.520372,0.648799,0.718357,0.250987,0.256215,-0.516806,0.81688,0.013402,-0.001533,-0.001205,0.000984,-0.014715,0.029553,-0.15775,-0.260444,-0.004121,0.371179,0.352421,0.877532,0.325159,-0.93551,0.322283,0.144525,0.021602,-0.356229,0.934076,-0.001122,0.005402,-0.012875,0.035751,-0.015906,0.015505,-1.406992,-0.000413,0.045236,-0.008266,-0.144726,-0.937394,0.316774,0.988114,-0.120162,0.095862,-0.051797,0.326883,0.943643,-0.000474,0.007729,-0.011125,0.071099,-0.017792,0.004831,-0.740947,0.079429,0.042646,-0.022656,-0.671366,0.416625,-0.612935,-0.627394,-0.759741,0.170791,-0.394516,0.499215,0.771453,4e-06,2.4e-05,1.4e-05,1.2e-05,-1.2e-05,1.4e-05,-0.357855
193,0.129157,-0.019506,0.407584,0.715995,-0.46519,-0.520572,0.649043,0.718205,0.250794,0.256325,-0.516859,0.816812,0.0,0.0,0.0,0.0,0.0,0.0,-0.157194,-0.260455,-0.003739,0.3705,0.35435,0.878205,0.321221,-0.934688,0.323317,0.147507,0.025252,-0.353618,0.934976,-0.000842,0.015912,-0.021902,0.058733,0.0578,-0.146069,-1.406998,-0.000419,0.045423,-0.008608,-0.146772,-0.938398,0.312834,0.987651,-0.12151,0.098886,-0.054782,0.323485,0.944645,-0.00053,0.007519,-0.011279,0.072086,-0.017074,0.004386,-0.745356,0.079449,0.042644,-0.022657,-0.671077,0.41683,-0.613113,-0.627634,-0.759596,0.170553,-0.394627,0.499265,0.771364,1e-06,1e-06,-0.0,1.4e-05,1.1e-05,4e-06,-0.357202
194,0.129157,-0.019506,0.407584,0.715995,-0.46519,-0.520572,0.649043,0.718205,0.250794,0.256325,-0.516859,0.816812,0.0,0.0,0.0,0.0,0.0,0.0,-0.156979,-0.260478,-0.003497,0.370098,0.357631,0.877538,0.319404,-0.933299,0.324879,0.152777,0.029863,-0.353843,0.934755,-0.001231,0.014491,-0.022969,0.056672,0.006555,0.019196,-1.406911,-0.00043,0.045553,-0.008815,-0.150149,-0.938323,0.311456,0.986873,-0.123297,0.104301,-0.059466,0.323028,0.944518,-0.000612,0.007212,-0.011509,0.080374,-0.016227,0.014128,-0.741437,0.079449,0.042644,-0.022657,-0.671076,0.41683,-0.613113,-0.627634,-0.759596,0.170553,-0.394627,0.499265,0.771364,1e-06,1e-06,-0.0,1.1e-05,9e-06,1e-06,-0.357039
195,0.129158,-0.019498,0.407589,0.715876,-0.465274,-0.520661,0.649155,0.718134,0.250705,0.256373,-0.516881,0.816783,4e-06,2.5e-05,1.6e-05,0.0,0.0,0.0,-0.155468,-0.260487,-0.002911,0.369153,0.364889,0.874648,0.31912,-0.930251,0.329068,0.162115,0.036335,-0.357118,0.933279,-0.00138,0.013945,-0.023374,-0.063992,0.242501,0.148728,-1.406878,-0.000435,0.045845,-0.009289,-0.15741,-0.937261,0.311066,0.985298,-0.127883,0.113275,-0.066388,0.324323,0.943612,-0.00068,0.006956,-0.011699,-0.0916,0.295421,0.156656,-0.738824,0.07945,0.042648,-0.022655,-0.670952,0.416922,-0.613186,-0.627739,-0.759533,0.170449,-0.394672,0.499284,0.771329,2e-06,7e-06,2e-06,5e-06,6e-06,-3e-06,-0.356549
196,0.129157,-0.019506,0.407584,0.715578,-0.465482,-0.520883,0.649435,0.717959,0.250482,0.256493,-0.516937,0.81671,-2e-06,-1.1e-05,-7e-06,0.0,0.0,0.0,-0.155064,-0.260485,-0.002257,0.368069,0.373924,0.870394,0.32029,-0.926378,0.334543,0.172737,0.04274,-0.362397,0.93097,-0.001595,0.02264,-0.033743,-0.173531,0.008794,0.213659,-1.40726,-0.000434,0.046173,-0.009829,-0.167446,-0.934744,0.313392,0.98309,-0.134411,0.124363,-0.074125,0.328917,0.941444,-0.000805,0.01123,-0.016937,-0.162535,-0.03278,0.217582,-0.738498,0.079449,0.042644,-0.022658,-0.670643,0.417149,-0.61337,-0.627998,-0.759377,0.17019,-0.394785,0.499332,0.77124,-0.0,-1e-06,-1e-06,6e-06,-1e-06,2e-06,-0.356222
197,0.129176,-0.019515,0.407578,0.715455,-0.465565,-0.520979,0.64955,0.717886,0.250391,0.256545,-0.516963,0.816677,-1e-06,-7e-06,-4e-06,0.0,0.0,0.0,-0.154466,-0.260438,-0.001556,0.366891,0.379461,0.866998,0.32298,-0.923683,0.335587,0.184727,0.051304,-0.36952,0.927731,0.011716,0.020299,-0.035933,-0.627022,0.027175,-1.274518,-1.407434,-0.000411,0.046523,-0.010419,-0.173494,-0.932911,0.315557,0.981279,-0.13655,0.135813,-0.083612,0.333212,0.939136,0.005857,0.010094,-0.018009,-0.685032,0.102609,-1.278666,-0.740621,0.079458,0.042639,-0.022661,-0.670514,0.41724,-0.61345,-0.628105,-0.759312,0.170084,-0.394834,0.499355,0.7712,1e-06,6e-06,3e-06,2e-06,3e-06,-4e-06,-0.355732
198,0.129176,-0.019515,0.407578,0.715351,-0.465637,-0.521057,0.649648,0.717825,0.250313,0.256588,-0.516983,0.816651,-0.0,-0.0,-0.0,0.0,0.0,0.0,-0.154037,-0.26037,-0.001198,0.366269,0.382404,0.865998,0.322192,-0.922386,0.337808,0.187148,0.052761,-0.369842,0.927522,0.01173,0.020358,-0.03588,0.083469,-0.004552,0.075508,-1.407592,-0.000381,0.046689,-0.010708,-0.176894,-0.932149,0.315919,0.98049,-0.138947,0.139036,-0.085706,0.33435,0.938542,-0.000809,0.011201,-0.01695,0.113214,-0.02295,0.047554,-0.738825,0.079458,0.042639,-0.022661,-0.670406,0.41732,-0.613514,-0.628196,-0.759257,0.169993,-0.394873,0.499372,0.771169,1e-06,6e-06,4e-06,6e-06,2.2e-05,-1.4e-05,-0.355569
199,0.129174,-0.01953,0.407581,0.715169,-0.465768,-0.52119,0.649827,0.717703,0.250198,0.256642,-0.517034,0.816602,-1e-05,-5.7e-05,-3.7e-05,0.0,0.0,0.0,-0.152647,-0.260181,-0.000618,0.365185,0.384141,0.864965,0.322897,-0.921314,0.336901,0.193938,0.058494,-0.373079,0.92588,-0.001756,0.012569,-0.024402,-0.060647,0.229843,0.145348,-1.407541,-0.000282,0.046985,-0.011264,-0.178118,-0.932009,0.315646,0.979739,-0.138125,0.145019,-0.09156,0.335082,0.937729,0.005842,0.005288,-0.013175,-0.140243,0.346648,0.209667,-0.742254,0.079458,0.042632,-0.022659,-0.670217,0.417462,-0.613624,-0.628366,-0.759147,0.169854,-0.394923,0.49942,0.771112,-5e-06,-2.7e-05,-1.7e-05,2.1e-05,3e-06,-2e-06,-0.354916
200,0.129176,-0.019529,0.407606,0.714954,-0.465924,-0.521346,0.650045,0.717548,0.250077,0.25669,-0.517109,0.816539,0.000219,0.001243,0.000804,0.0,0.0,0.0,-0.152771,-0.259975,-0.000203,0.364308,0.388729,0.864585,0.318394,-0.91897,0.339517,0.200391,0.064677,-0.371582,0.926071,-0.001381,0.013937,-0.023352,0.009153,-0.049747,0.040642,-1.407809,-0.00018,0.047191,-0.011703,-0.183558,-0.932131,0.312148,0.978156,-0.141687,0.152098,-0.097548,0.333249,0.937778,0.005929,0.000876,-0.00805,-0.143665,-0.187201,0.122257,-0.751235,0.079458,0.04263,-0.022649,-0.669993,0.417632,-0.613752,-0.628576,-0.759006,0.169705,-0.394968,0.499491,0.771043,0.000128,0.00073,0.000471,0.00129,-0.010154,0.026932,-0.354589
201,0.129176,-0.019536,0.407613,0.714861,-0.465991,-0.521413,0.65014,0.717479,0.250028,0.256708,-0.517144,0.816511,3e-06,1.8e-05,1.2e-05,0.0,0.0,0.0,-0.15315,-0.259857,-6.5e-05,0.363976,0.389847,0.864891,0.316187,-0.918357,0.340248,0.201957,0.06661,-0.370195,0.926489,-0.001135,0.005345,-0.012922,0.030749,-0.020022,0.017945,-1.407244,-0.000121,0.047261,-0.011876,-0.184647,-0.932718,0.309745,0.977802,-0.142585,0.153535,-0.09904,0.331219,0.938341,0.006029,0.001248,-0.007766,0.028412,-0.032231,0.022327,-0.75597,0.079459,0.042629,-0.022643,-0.669897,0.417705,-0.613806,-0.628668,-0.758944,0.169643,-0.394984,0.499525,0.771013,0.0,3e-06,1e-06,4e-06,2e-06,-1.3e-05,-0.354589
202,0.129166,-0.019535,0.407614,0.71467,-0.466127,-0.521554,0.65032,0.717365,0.249884,0.256783,-0.517179,0.816466,0.0,0.0,0.0,0.0,0.0,0.0,-0.153347,-0.259554,0.000154,0.363457,0.393824,0.862577,0.317578,-0.916511,0.342657,0.20622,0.068576,-0.373365,0.925072,0.012668,-0.004671,-0.004009,-0.220601,0.477713,0.08127,-1.407502,2.5e-05,0.047373,-0.01214,-0.187717,-0.932123,0.309689,0.977011,-0.144763,0.156495,-0.101041,0.331947,0.93787,-0.000234,0.003858,-0.005559,-0.200136,0.442787,0.278314,-0.754827,0.079454,0.04263,-0.022643,-0.669699,0.417853,-0.613922,-0.628835,-0.758843,0.169476,-0.395055,0.499554,0.770957,-1e-06,-3e-06,-3e-06,1e-05,-4e-06,1e-06,-0.354916
203,0.129165,-0.019542,0.407609,0.714476,-0.466262,-0.521698,0.650502,0.717251,0.249739,0.256861,-0.517215,0.816418,-4e-06,-2.1e-05,-1.4e-05,0.0,0.0,0.0,-0.153084,-0.259239,0.000341,0.363053,0.400246,0.859125,0.318903,-0.913331,0.345954,0.214654,0.073596,-0.378261,0.922695,0.013077,0.006346,-0.012568,-0.132643,0.146535,0.199857,-1.407643,0.000188,0.047467,-0.012341,-0.195465,-0.929426,0.312986,0.974765,-0.149036,0.166189,-0.107814,0.337572,0.935104,0.006558,0.003214,-0.006257,-0.145047,0.166338,0.203588,-0.754337,0.079453,0.042626,-0.022645,-0.669498,0.418,-0.614042,-0.629003,-0.758742,0.169308,-0.395129,0.499585,0.7709,-1e-06,-8e-06,-6e-06,2e-06,7e-06,-6e-06,-0.354916
204,0.129176,-0.019536,0.407613,0.716038,-0.465814,-0.519954,0.649716,0.717103,0.252199,0.254497,-0.517824,0.816772,7e-05,0.000398,0.000258,-0.0,0.0,-0.0,-0.153198,-0.258928,0.000655,0.362569,0.402835,0.856307,0.323194,-0.911802,0.345197,0.222237,0.078241,-0.385292,0.919397,0.013046,0.006254,-0.012638,-0.010149,0.068936,0.068871,-1.407664,0.000339,0.047624,-0.012577,-0.198788,-0.927022,0.317981,0.973372,-0.148965,0.174226,-0.114143,0.344149,0.93195,0.006714,0.003799,-0.005805,0.021348,0.024709,0.097384,-0.753194,0.079459,0.042628,-0.022644,-0.671241,0.41745,-0.612511,-0.628556,-0.758541,0.17185,-0.392876,0.50035,0.771555,3.9e-05,0.000224,0.000143,0.000144,-0.000107,0.000135,-0.354589
205,0.129165,-0.019535,0.407602,0.716059,-0.465798,-0.519939,0.649689,0.717129,0.252194,0.254507,-0.517802,0.816783,-0.000257,-0.001456,-0.000942,-0.001276,0.010157,-0.02694,-0.152602,-0.258734,0.0009,0.362278,0.408623,0.852464,0.326072,-0.909004,0.348434,0.22856,0.080721,-0.390869,0.916825,-9e-06,0.009497,-0.009717,-0.643929,-0.320243,0.454837,-1.40739,0.000435,0.047737,-0.012716,-0.203791,-0.92425,0.322847,0.972179,-0.152151,0.178089,-0.115477,0.350159,0.929544,0.006633,0.003508,-0.006031,-0.099565,0.230875,0.198879,-0.752704,0.079454,0.042633,-0.022646,-0.671246,0.417445,-0.612509,-0.628541,-0.758557,0.171833,-0.392892,0.500329,0.77156,-1e-06,-2e-06,-2e-06,2.3e-05,-1.4e-05,1.6e-05,-0.3541
206,0.129163,-0.019536,0.407577,0.715962,-0.46586,-0.520017,0.649765,0.7171,0.25208,0.254585,-0.517786,0.816769,-0.000137,-0.000777,-0.000502,0.0,0.0,0.0,-0.151736,-0.258373,0.001523,0.361597,0.417988,0.84578,0.331562,-0.904572,0.354256,0.237037,0.082508,-0.400065,0.91269,0.013467,0.017417,-0.021054,-0.105035,0.284479,0.251323,-1.407646,0.000622,0.048061,-0.013066,-0.21493,-0.920375,0.326672,0.96904,-0.159359,0.188587,-0.121513,0.357092,0.926131,0.00673,0.008655,-0.010574,-0.131135,0.323913,0.256619,-0.753194,0.079452,0.042631,-0.02266,-0.67116,0.417502,-0.612564,-0.628589,-0.758542,0.171723,-0.392961,0.500306,0.77154,-8.9e-05,-0.000509,-0.00033,7e-06,-0.0,0.0,-0.35312
207,0.129161,-0.019536,0.407552,0.715865,-0.465923,-0.520094,0.649841,0.717071,0.251966,0.254662,-0.51777,0.816755,-5.3e-05,-0.000299,-0.000193,0.0,0.0,0.0,-0.15064,-0.257939,0.002287,0.360704,0.429863,0.839498,0.332343,-0.898368,0.361317,0.249636,0.088957,-0.406932,0.909041,0.013528,0.017715,-0.020804,-0.17538,0.410939,0.325979,-1.407344,0.000828,0.048424,-0.013495,-0.226825,-0.917414,0.326956,0.965347,-0.167295,0.20029,-0.129051,0.361057,0.92357,0.006687,0.008515,-0.010675,0.072764,-0.010466,0.102487,-0.753684,0.079451,0.042629,-0.022673,-0.671058,0.41757,-0.612629,-0.628652,-0.758518,0.1716,-0.393035,0.500284,0.771516,-3.7e-05,-0.000212,-0.000136,-2e-06,3e-06,-5e-06,-0.352793
208,0.129158,-0.019537,0.407528,0.715769,-0.465985,-0.520172,0.649917,0.717042,0.251853,0.25474,-0.517754,0.816741,-0.000127,-0.00072,-0.000466,0.0,0.0,0.0,-0.148704,-0.257692,0.002688,0.360265,0.434665,0.836882,0.332694,-0.895868,0.364457,0.254016,0.090792,-0.409516,0.907699,0.01373,0.018513,-0.020178,-0.107928,0.284826,0.253476,-1.407526,0.000961,0.048641,-0.013735,-0.233058,-0.915236,0.328671,0.963493,-0.171522,0.205574,-0.131774,0.364583,0.921799,0.006895,0.009315,-0.010052,-0.142417,0.3332,0.258728,-0.754174,0.07945,0.042629,-0.022685,-0.670957,0.417639,-0.612694,-0.628714,-0.758494,0.171478,-0.393109,0.500263,0.771492,-8e-05,-0.000454,-0.000294,1e-06,1e-06,-2e-06,-0.352303
209,0.129143,-0.019487,0.407414,0.715724,-0.465985,-0.520233,0.649868,0.717185,0.251572,0.25499,-0.517556,0.816788,-0.000145,0.007695,-0.011242,0.034447,-0.002093,-0.008359,-0.139907,-0.257192,0.003584,0.359345,0.438086,0.833985,0.335471,-0.893859,0.364986,0.26026,0.094069,-0.41493,0.904902,0.01389,0.028776,-0.029243,0.038114,0.064586,0.150613,-1.407644,0.001207,0.049073,-0.014175,-0.237282,-0.912839,0.332296,0.961795,-0.172671,0.212448,-0.136553,0.370011,0.918936,0.006968,0.009627,-0.0098,0.001491,0.100196,0.160864,-0.751071,0.079442,0.042653,-0.022737,-0.670901,0.417647,-0.612748,-0.628633,-0.758618,0.171223,-0.393332,0.500068,0.771505,-2.7e-05,-0.000156,-0.0001,4e-06,-1.1e-05,7e-06,-0.348221
210,0.129128,-0.019403,0.40725,0.715522,-0.466079,-0.520427,0.649921,0.71732,0.25105,0.255419,-0.517285,0.816826,-0.000244,-0.001384,-0.000896,0.0,0.0,0.0,-0.134022,-0.256691,0.004284,0.358556,0.448844,0.827222,0.337984,-0.888079,0.371343,0.27084,0.097981,-0.422762,0.900853,0.013335,0.017196,-0.021155,-0.014859,0.110969,0.153547,-1.407603,0.001458,0.049437,-0.014578,-0.249139,-0.908535,0.3354,0.957971,-0.180339,0.223087,-0.142197,0.376884,0.91528,0.006624,0.008379,-0.010758,0.000223,0.124134,0.139009,-0.752378,0.079435,0.042697,-0.022824,-0.670686,0.417748,-0.612915,-0.628595,-0.758772,0.170683,-0.393761,0.499751,0.771492,-7e-05,0.003841,-0.005626,0.035719,-0.012279,0.018572,-0.343486
211,0.129116,-0.019342,0.407046,0.716947,-0.465672,-0.518828,0.649107,0.717374,0.252995,0.253494,-0.517576,0.817241,-0.000411,-0.00233,-0.001509,-0.004259,0.003535,-0.003796,-0.129381,-0.256169,0.004772,0.357857,0.45951,0.820306,0.3405,-0.882127,0.377288,0.281848,0.102166,-0.430908,0.896517,0.013225,0.01684,-0.021419,-0.713027,-0.116009,0.691482,-1.407666,0.001719,0.04968,-0.014929,-0.259485,-0.904747,0.337786,0.954508,-0.18706,0.232213,-0.146907,0.382675,0.912127,0.006384,0.002702,-0.006637,-1.995262,-1.281507,1.5677,-0.754174,0.079429,0.042728,-0.022925,-0.672316,0.417236,-0.611477,-0.628028,-0.758767,0.172776,-0.391881,0.500185,0.772168,-0.000156,0.003354,-0.005938,0.023668,0.006732,-0.017623,-0.33973
212,0.12912,-0.019323,0.406948,0.716917,-0.465667,-0.518874,0.649066,0.717484,0.252789,0.253682,-0.517429,0.817276,-0.000295,0.006841,-0.011794,0.034448,-0.002087,-0.008356,-0.124397,-0.255926,0.004965,0.357538,0.461577,0.818777,0.341383,-0.881106,0.378924,0.282846,0.101657,-0.43238,0.895866,0.012951,0.006218,-0.012627,0.002936,0.030409,0.081323,-1.408032,0.00184,0.049778,-0.015092,-0.263439,-0.902912,0.339629,0.953267,-0.189671,0.235172,-0.147922,0.385711,0.910684,0.006565,0.008205,-0.010884,0.073906,-0.022253,0.095221,-0.753847,0.079431,0.042734,-0.02297,-0.672243,0.417249,-0.611548,-0.627977,-0.758862,0.172545,-0.392087,0.500031,0.772163,0.006591,-0.001417,-0.001024,0.001647,-0.015289,0.030214,-0.337607
213,0.12914,-0.019301,0.406804,0.718439,-0.465204,-0.517181,0.648202,0.717499,0.254954,0.251583,-0.517825,0.817674,0.013186,-0.00279,-0.002021,0.000984,-0.014715,0.029553,-0.111649,-0.25544,0.005349,0.356913,0.467902,0.814519,0.342955,-0.877582,0.382764,0.288575,0.103199,-0.43702,0.893435,0.012861,0.005901,-0.012872,0.017675,0.003919,0.065675,-1.407896,0.002078,0.049965,-0.015396,-0.270395,-0.900141,0.341512,0.95091,-0.194246,0.240908,-0.150514,0.389888,0.908477,0.006503,0.003184,-0.006262,0.044416,-0.019704,0.06605,-0.754664,0.079435,0.042747,-0.023048,-0.673961,0.41667,-0.61005,-0.627375,-0.758843,0.174805,-0.390097,0.500542,0.772839,-0.000124,-0.000716,-0.000462,0.000838,-0.000725,0.000829,-0.329606
214,0.129194,-0.019232,0.406629,0.718236,-0.465286,-0.517389,0.648256,0.717634,0.254436,0.252023,-0.517564,0.817704,0.013347,0.006643,-0.012133,0.0367,-0.027015,0.048116,-0.102966,-0.254976,0.005706,0.356306,0.475121,0.810525,0.342491,-0.8732,0.386723,0.29648,0.107266,-0.440947,0.891024,0.012863,0.005934,-0.012845,-0.109565,0.228064,0.200107,-1.407565,0.00232,0.050152,-0.015713,-0.277699,-0.898174,0.34083,0.948036,-0.198875,0.248347,-0.155276,0.392085,0.906729,0.006436,0.002947,-0.006447,-0.142384,0.275859,0.202352,-0.755644,0.079467,0.042781,-0.023136,-0.673714,0.416778,-0.61025,-0.627368,-0.758974,0.174261,-0.390536,0.500253,0.772804,0.006676,0.003322,-0.006067,0.036715,-0.027027,0.048138,-0.320625
215,0.129239,-0.019182,0.406502,0.717974,-0.465425,-0.517628,0.648403,0.717664,0.253976,0.252388,-0.517398,0.817696,-0.000377,-0.002142,-0.001391,0.0,0.0,0.0,-0.100949,-0.254784,0.005942,0.355959,0.47809,0.809287,0.341286,-0.871342,0.388597,0.29948,0.10915,-0.441573,0.890484,0.013184,0.016835,-0.021394,0.034281,0.020738,0.100984,-1.407427,0.002411,0.050262,-0.015879,-0.281403,-0.897202,0.340351,0.946581,-0.201338,0.251885,-0.157466,0.393051,0.905932,0.006528,0.008126,-0.010932,0.059656,0.003912,0.101323,-0.754664,0.07949,0.042808,-0.023197,-0.673432,0.416934,-0.610454,-0.627452,-0.759013,0.173786,-0.390886,0.500064,0.77275,-0.000135,0.003476,-0.005862,0.034466,-0.002069,-0.008332,-0.318012
216,0.129382,-0.019032,0.406183,0.717479,-0.465651,-0.518111,0.648606,0.717854,0.252918,0.253269,-0.51693,0.817719,-0.000127,0.007799,-0.011169,0.035713,-0.012311,0.018561,-0.094676,-0.254536,0.006495,0.35518,0.484555,0.803193,0.346523,-0.867958,0.39258,0.304079,0.107594,-0.44912,0.886892,-0.00061,0.01693,-0.02087,0.000898,0.090434,0.104827,-1.40789,0.00254,0.050548,-0.016275,-0.288715,-0.892674,0.346087,0.944337,-0.205973,0.256518,-0.157703,0.400883,0.902453,-0.000319,0.00836,-0.010522,0.036143,0.05143,0.100642,-0.762338,0.079561,0.042878,-0.023354,-0.672908,0.417186,-0.61086,-0.627503,-0.75921,0.17274,-0.391706,0.499555,0.772664,0.006612,0.002949,-0.006311,0.036703,-0.027038,0.048132,-0.314094
217,0.129559,-0.018852,0.405749,0.718465,-0.465446,-0.516926,0.647999,0.718008,0.254036,0.252029,-0.516901,0.818121,0.013002,0.004685,-0.013403,0.036694,-0.027037,0.048112,-0.09009,-0.254339,0.007082,0.354302,0.493425,0.795768,0.351107,-0.862855,0.39741,0.31222,0.108309,-0.458012,0.882246,-0.001055,0.015207,-0.022198,-0.114424,0.302225,0.200114,-1.407521,0.002639,0.050837,-0.016704,-0.297991,-0.88789,0.350502,0.941013,-0.211578,0.264063,-0.160301,0.408515,0.898564,0.006193,0.006849,-0.011912,-0.207336,0.415647,0.273294,-0.764461,0.079645,0.042969,-0.023564,-0.67404,0.41691,-0.609798,-0.627037,-0.759315,0.173962,-0.390503,0.499624,0.773228,0.006541,0.002535,-0.006578,0.036886,-0.027181,0.048305,-0.309358
218,0.129762,-0.018611,0.405195,0.719469,-0.463204,-0.517543,0.646899,0.71814,0.256453,0.251989,-0.518729,0.816976,-0.000248,0.015655,-0.022291,0.071324,-0.024851,0.037047,-0.088251,-0.254149,0.007645,0.353405,0.502,0.790116,0.351715,-0.857485,0.402113,0.320872,0.111473,-0.463661,0.878895,-0.001103,0.015019,-0.022335,0.001566,0.099394,0.077461,-1.407557,0.002734,0.051117,-0.017154,-0.308291,-0.883652,0.352297,0.936879,-0.217814,0.273519,-0.16496,0.414384,0.895026,0.006147,0.006676,-0.012038,0.025946,0.061001,0.138396,-0.765114,0.079751,0.043085,-0.023844,-0.674803,0.414565,-0.610554,-0.626251,-0.759369,0.176542,-0.390448,0.501491,0.772047,0.006442,0.001958,-0.006955,0.040573,-0.022902,0.050343,-0.307072
219,0.129862,-0.018477,0.404879,0.7235,-0.45855,-0.516067,0.641812,0.722123,0.258046,0.253442,-0.517341,0.817406,-0.000677,0.004658,-0.01321,0.889698,-0.429508,-1.363882,-0.087771,-0.254072,0.007895,0.352971,0.506267,0.78726,0.352003,-0.854759,0.404393,0.32525,0.113079,-0.46653,0.877169,-0.00115,0.014839,-0.022472,-0.022696,0.140924,0.103114,-1.407604,0.002772,0.051242,-0.017371,-0.312881,-0.881903,0.352635,0.934965,-0.220638,0.277771,-0.167162,0.416612,0.893582,-0.000505,0.00763,-0.011072,-0.029757,0.168021,0.116684,-0.765114,0.079802,0.043159,-0.024004,-0.677969,0.411024,-0.60944,-0.622509,-0.761956,0.178622,-0.390948,0.500482,0.772448,0.006596,0.001934,-0.006903,2.871219,-1.382976,-4.654972,-0.305929
220,0.13003,-0.018169,0.404187,0.72873,-0.451497,-0.514925,0.635476,0.726076,0.262594,0.254413,-0.518018,0.816675,0.012609,0.002423,-0.014879,0.019574,0.044239,-0.169515,-0.084185,-0.253874,0.008395,0.352191,0.512621,0.780882,0.356981,-0.851189,0.408068,0.329987,0.11137,-0.473997,0.873376,0.012508,0.004663,-0.013822,-0.246747,0.457688,0.345381,-1.40762,0.00287,0.051493,-0.017773,-0.319121,-0.877937,0.356913,0.932934,-0.224764,0.281273,-0.166718,0.422737,0.890784,0.006279,0.002378,-0.006879,-0.207189,0.414116,0.338143,-0.766421,0.079881,0.043314,-0.024349,-0.683421,0.40217,-0.609256,-0.6153,-0.766454,0.184264,-0.392861,0.500806,0.771267,-0.000255,0.00702,-0.011669,0.081681,-0.012031,0.040315,-0.303316
221,0.130141,-0.017876,0.40345,0.73121,-0.445055,-0.517015,0.630336,0.730585,0.262478,0.260002,-0.517263,0.815393,-0.000845,0.003681,-0.013851,0.035366,-0.013049,0.018297,-0.083602,-0.253621,0.008726,0.351597,0.517285,0.776046,0.360778,-0.848533,0.410672,0.333579,0.110068,-0.479662,0.870444,-0.000733,0.006802,-0.011714,-0.015297,0.070788,0.069057,-1.407481,0.002997,0.05166,-0.018068,-0.325829,-0.873199,0.362434,0.930513,-0.228363,0.286347,-0.167271,0.43055,0.88693,-0.000356,0.003398,-0.005863,0.024875,0.027991,0.06296,-0.766257,0.079941,0.043458,-0.024714,-0.685284,0.395617,-0.611451,-0.609813,-0.770699,0.184796,-0.398136,0.499509,0.7694,0.006327,0.005551,-0.012734,0.077123,-0.019259,0.042841,-0.301683
222,0.130213,-0.017774,0.4031,0.730786,-0.441191,-0.520911,0.629655,0.730399,0.264621,0.26282,-0.520823,0.812217,0.0125,0.01032,-0.025974,-0.0038,-0.175781,-0.01404,-0.083912,-0.253479,0.008795,0.351365,0.520313,0.772751,0.363486,-0.846743,0.412023,0.336448,0.109579,-0.483808,0.868208,-0.000742,0.006768,-0.01174,-0.034796,0.10411,0.089712,-1.407281,0.003069,0.051693,-0.01818,-0.329193,-0.87075,0.365274,0.929235,-0.229996,0.289175,-0.167788,0.43462,0.884845,0.006206,0.002111,-0.00709,-0.020826,0.097664,0.103763,-0.766094,0.079972,0.043509,-0.024888,-0.684073,0.391825,-0.615237,-0.609496,-0.770408,0.187041,-0.400696,0.502934,0.765832,-0.000495,0.001359,-0.007244,-0.052949,-0.173962,-0.071855,-0.30152
223,0.130416,-0.017628,0.402423,0.735193,-0.428728,-0.525098,0.620318,0.73786,0.265969,0.272511,-0.52073,0.809076,0.012333,0.000764,-0.01598,0.02413,-0.038839,0.013079,-0.084926,-0.253153,0.008844,0.350982,0.528072,0.764323,0.370056,-0.842026,0.415237,0.344245,0.108796,-0.494343,0.862353,-0.000821,-0.003232,-0.002545,-0.227489,0.388681,0.240634,-1.40772,0.003227,0.051718,-0.018371,-0.336971,-0.865271,0.371153,0.9262,-0.233835,0.295759,-0.169123,0.443425,0.880211,0.006468,0.003152,-0.006275,-0.235425,0.462266,0.370903,-0.772626,0.080074,0.043584,-0.025231,-0.687028,0.378764,-0.620104,-0.599865,-0.777248,0.189857,-0.410064,0.502416,0.761199,-0.000492,0.001383,-0.007233,0.051848,0.021184,-0.00388,-0.301847
224,0.130619,-0.017501,0.401782,0.739438,-0.411959,-0.53251,0.609941,0.744759,0.2707,0.284159,-0.524449,0.802641,-0.001049,0.002476,-0.014657,-0.03679,-0.141612,-0.060089,-0.0866,-0.252811,0.008946,0.350653,0.532983,0.759181,0.373585,-0.83901,0.417544,0.348788,0.108142,-0.500292,0.858997,0.013097,0.006999,-0.011991,-0.040086,0.100671,0.12653,-1.407644,0.003397,0.051767,-0.018536,-0.34386,-0.860389,0.376151,0.923464,-0.237235,0.301549,-0.170213,0.451053,0.876115,0.006514,0.003337,-0.00613,-0.043417,0.113166,0.139084,-0.771156,0.08018,0.043646,-0.025553,-0.689134,0.361832,-0.62783,-0.589814,-0.783414,0.195908,-0.420966,0.505311,0.753291,0.006242,0.000763,-0.007749,-0.028078,-0.14843,-0.030746,-0.302663
225,0.130733,-0.017417,0.401457,0.741525,-0.403452,-0.536107,0.604617,0.74821,0.273115,0.290015,-0.526156,0.799424,-0.000874,0.003491,-0.013991,0.212728,-0.323926,-0.444417,-0.086959,-0.252607,0.009032,0.350471,0.536042,0.755757,0.376141,-0.837122,0.418824,0.351777,0.107653,-0.504391,0.856658,0.013111,0.007064,-0.01194,-0.136249,0.264073,0.228078,-1.407938,0.003499,0.051811,-0.018627,-0.346799,-0.858266,0.378295,0.92231,-0.238732,0.303892,-0.17051,0.454295,0.87438,0.006541,0.003452,-0.006043,-0.260609,0.515125,0.076269,-0.772952,0.080237,0.043687,-0.025722,-0.690111,0.353266,-0.631624,-0.584743,-0.78642,0.199045,-0.426406,0.506701,0.749287,-0.000433,0.001717,-0.007018,0.235444,-0.291374,-0.440311,-0.303153
226,0.130953,-0.017175,0.400732,0.745541,-0.386247,-0.543165,0.593723,0.755162,0.27784,0.30194,-0.529147,0.793009,0.012499,0.001655,-0.015411,-0.029807,-0.144359,-0.026513,-0.091341,-0.252078,0.00928,0.350007,0.539612,0.752293,0.377975,-0.834944,0.421038,0.3543,0.106724,-0.507717,0.854808,0.026151,0.004177,-0.014654,0.000473,0.019548,0.11505,-1.407686,0.00376,0.051939,-0.018855,-0.351688,-0.855032,0.381096,0.920443,-0.241664,0.307215,-0.170582,0.458822,0.871999,0.006352,0.00271,-0.006627,0.015574,0.034287,0.063385,-0.770829,0.080342,0.043809,-0.026078,-0.692077,0.335576,-0.639074,-0.573978,-0.792709,0.205332,-0.437695,0.508921,0.741229,-0.000326,0.00663,-0.011924,0.028393,-0.12125,-0.003732,-0.305112
227,0.131103,-0.016837,0.399913,0.747085,-0.37327,-0.550071,0.587055,0.758678,0.282392,0.310995,-0.533425,0.786617,0.012582,0.01071,-0.025726,0.032321,-0.104945,0.011215,-0.095475,-0.251417,0.009654,0.349254,0.547471,0.743632,0.383769,-0.830047,0.42483,0.361216,0.104894,-0.517234,0.849312,0.025601,0.01178,-0.025736,-0.058301,0.173934,0.203369,-1.407532,0.004091,0.052127,-0.019225,-0.360514,-0.848533,0.387326,0.916908,-0.246178,0.314124,-0.171194,0.468389,0.866777,0.006034,0.001426,-0.007648,-0.119549,0.24704,0.185724,-0.769523,0.080417,0.043976,-0.026483,-0.691853,0.322425,-0.64605,-0.567721,-0.795766,0.210827,-0.446129,0.512638,0.733601,-0.000458,0.00156,-0.007124,0.030996,-0.023375,-0.022149,-0.307888
228,0.13121,-0.016494,0.399074,0.752166,-0.349437,-0.558736,0.571225,0.76849,0.288265,0.327722,-0.535549,0.77834,0.012546,0.010493,-0.025869,-0.082682,-0.329526,-0.074256,-0.099345,-0.250696,0.010115,0.34826,0.557281,0.733034,0.389988,-0.823778,0.429791,0.369599,0.102621,-0.528153,0.842844,0.025145,0.009986,-0.027163,-0.041816,0.144714,0.185798,-1.407709,0.004451,0.052357,-0.019722,-0.372273,-0.840125,0.394462,0.912112,-0.252563,0.322897,-0.171647,0.48,0.860311,0.012571,0.004927,-0.013646,-0.029091,0.147925,0.203945,-0.76985,0.080471,0.044147,-0.026902,-0.694413,0.299064,-0.654484,-0.552207,-0.80464,0.21822,-0.461363,0.512946,0.723898,-0.000502,0.001301,-0.007299,-0.185685,-0.342924,-0.31406,-0.310174
229,0.131271,-0.016344,0.398646,0.753221,-0.338706,-0.563899,0.565478,0.771355,0.291921,0.335159,-0.538328,0.773239,0.012499,0.010205,-0.026061,-0.216558,-0.500801,-0.352554,-0.101599,-0.25025,0.010375,0.347641,0.56383,0.72585,0.393991,-0.819488,0.432963,0.375388,0.101189,-0.535436,0.838411,0.024653,0.007998,-0.028749,-0.201238,0.42121,0.326833,-1.407904,0.004675,0.052489,-0.020029,-0.379077,-0.835362,0.398082,0.909283,-0.256408,0.327808,-0.171767,0.486234,0.856779,0.012629,0.010078,-0.018114,-0.313814,0.571795,0.436863,-0.769197,0.080506,0.044226,-0.027126,-0.694234,0.288881,-0.659232,-0.546833,-0.807237,0.222129,-0.467988,0.514699,0.71838,0.006262,0.005104,-0.013036,-0.304189,-0.639667,-0.392039,-0.311807
230,0.1314,-0.016132,0.397854,0.75157,-0.328081,-0.57232,0.56338,0.770558,0.298018,0.342302,-0.546003,0.76468,-0.001198,0.001559,-0.015299,-0.133962,-0.330611,-0.134314,-0.10955,-0.249346,0.010938,0.346374,0.582571,0.708087,0.399019,-0.807374,0.448255,0.383599,0.092033,-0.546518,0.832293,0.025024,0.0194,-0.036799,0.043335,0.199025,0.335123,-1.408433,0.005135,0.052769,-0.020677,-0.402002,-0.821046,0.405311,0.900529,-0.274441,0.337237,-0.165653,0.500564,0.849701,0.012519,0.009639,-0.018461,0.099687,0.1479,0.32797,-0.776708,0.08057,0.044332,-0.027522,-0.690513,0.277524,-0.66796,-0.545609,-0.806113,0.229108,-0.474868,0.522648,0.708052,-0.000586,0.000781,-0.007652,-0.139626,-0.339341,-0.136865,-0.316216
231,0.13149,-0.016038,0.39713,0.753957,-0.310558,-0.57892,0.552488,0.776527,0.302878,0.354554,-0.547813,0.757773,0.012004,-0.001379,-0.017473,-0.033525,-0.151094,-0.030553,-0.117333,-0.248378,0.01148,0.344997,0.602129,0.687957,0.405151,-0.793986,0.463407,0.393414,0.082151,-0.559432,0.824712,0.024637,0.017855,-0.038045,-0.008083,0.130732,0.207164,-1.408646,0.0056,0.053032,-0.02134,-0.424872,-0.80568,0.41275,0.891165,-0.292129,0.347107,-0.159081,0.515305,0.842112,0.012243,0.003554,-0.014764,-0.041845,0.209227,0.26932,-0.781443,0.080611,0.044381,-0.027877,-0.690792,0.259511,-0.674877,-0.53502,-0.811303,0.235666,-0.486372,0.52387,0.699286,-0.000722,-3e-06,-0.008181,-0.019136,-0.115937,-0.055568,-0.321442
232,0.131502,-0.016027,0.396781,0.753233,-0.306231,-0.582157,0.551642,0.776148,0.305383,0.35739,-0.550782,0.75428,-0.001476,-8.3e-05,-0.016422,-0.032823,-0.13304,-0.05894,-0.119401,-0.247896,0.011678,0.344404,0.612255,0.676699,0.408917,-0.78672,0.47061,0.399414,0.077079,-0.567094,0.819955,0.024648,0.008006,-0.028799,-0.304703,0.564936,0.458906,-1.40878,0.00585,0.053134,-0.021653,-0.435572,-0.798296,0.415933,0.886599,-0.300581,0.351557,-0.155625,0.521894,0.838693,0.012446,0.009369,-0.018685,0.03541,0.089985,0.199819,-0.788628,0.080622,0.044385,-0.028052,-0.689367,0.255307,-0.677931,-0.534556,-0.810869,0.238203,-0.488898,0.526602,0.695462,-0.000736,-9.1e-05,-0.008245,-0.020981,-0.117838,-0.056094,-0.323727
233,0.13151,-0.01601,0.396042,0.753937,-0.291408,-0.588817,0.541874,0.782586,0.306435,0.37057,-0.549731,0.748666,-0.001537,-0.000437,-0.016681,0.017404,-0.036024,-0.020999,-0.11967,-0.246923,0.012009,0.343333,0.636039,0.65206,0.412631,-0.769086,0.493047,0.406628,0.060905,-0.576796,0.814531,0.025087,0.009864,-0.027328,0.120791,0.408226,0.634002,-1.409137,0.006336,0.053297,-0.022191,-0.464659,-0.778284,0.422331,0.873936,-0.326284,0.36024,-0.142569,0.53648,0.831782,0.012567,0.005014,-0.013623,0.571634,0.943853,1.620652,-0.796793,0.080627,0.044392,-0.028416,-0.688173,0.240394,-0.684564,-0.524592,-0.816654,0.240578,-0.501219,0.524676,0.688109,-0.000779,-0.000337,-0.008421,0.04368,0.004581,-0.009486,-0.326177
234,0.131469,-0.015965,0.395285,0.752787,-0.284746,-0.593529,0.54032,0.782294,0.309906,0.375138,-0.553632,0.743499,-0.001479,0.00852,-0.027055,-0.089139,-0.32458,-0.110862,-0.120485,-0.246129,0.012211,0.342511,0.647584,0.631136,0.426958,-0.760694,0.504189,0.408743,0.041897,-0.59027,0.806033,0.01178,0.001655,-0.016324,-0.305278,0.5328,0.378639,-1.409282,0.006738,0.053402,-0.022605,-0.47893,-0.761487,0.436764,0.868665,-0.339303,0.360962,-0.126673,0.552277,0.823979,0.012624,0.000184,-0.008921,0.012837,0.042841,0.135716,-0.804794,0.080605,0.044412,-0.028797,-0.686492,0.235103,-0.68808,-0.52353,-0.816519,0.243334,-0.504622,0.527278,0.683618,-0.00085,-0.000768,-0.008724,-0.237242,-0.497907,-0.190009,-0.326667
235,0.131394,-0.015915,0.394482,0.753444,-0.275914,-0.596857,0.534575,0.785568,0.311583,0.38197,-0.553478,0.740127,-0.001707,0.007192,-0.027977,0.031795,-0.07587,-0.04482,-0.120499,-0.245462,0.012177,0.341968,0.664071,0.605882,0.438071,-0.747345,0.523818,0.408685,0.017318,-0.599544,0.800068,0.011715,-0.008702,-0.007518,-0.062557,0.102327,0.069454,-1.409223,0.007072,0.05339,-0.022879,-0.50128,-0.738795,0.450443,0.858891,-0.361675,0.362623,-0.10499,0.568658,0.815845,0.012731,0.000631,-0.008569,0.006031,0.041475,0.116487,-0.802508,0.080568,0.044439,-0.029197,-0.685702,0.225137,-0.692188,-0.517881,-0.819138,0.246601,-0.511479,0.527566,0.678279,-0.000836,-0.000672,-0.008673,0.010169,-0.055868,-0.031331,-0.32732
236,0.13136,-0.01589,0.394067,0.754134,-0.267072,-0.6,0.52906,0.788345,0.313973,0.38822,-0.553878,0.736567,-0.001674,0.007391,-0.027854,-0.049569,-0.247974,-0.081948,-0.121309,-0.245159,0.012059,0.341783,0.673057,0.593323,0.441535,-0.739441,0.533356,0.410722,0.007356,-0.603671,0.797114,0.011767,-0.008523,-0.007382,-0.052567,0.083458,0.05925,-1.409096,0.007224,0.053331,-0.022972,-0.512535,-0.728471,0.454571,0.853251,-0.372726,0.364741,-0.096273,0.574807,0.812605,0.005955,-0.004027,-0.003506,-0.011534,-0.052397,0.22952,-0.804794,0.080551,0.044451,-0.029405,-0.685601,0.216789,-0.694947,-0.51256,-0.821647,0.249354,-0.516944,0.52716,0.67444,-0.000961,-0.001395,-0.009172,-0.137133,-0.313758,-0.1573,-0.327646
237,0.131304,-0.01581,0.393209,0.751829,-0.252143,-0.60928,0.523042,0.7907,0.318106,0.40062,-0.557523,0.727117,-0.001718,0.007148,-0.028044,-0.11609,-0.587187,-0.337311,-0.123795,-0.244683,0.011745,0.341521,0.68679,0.569933,0.451097,-0.726612,0.55059,0.410876,-0.015054,-0.61067,0.791656,0.012014,-0.007532,-0.006594,-0.105583,0.158013,0.144374,-1.409031,0.007461,0.053173,-0.023104,-0.529958,-0.709182,0.464977,0.844603,-0.392215,0.364433,-0.076078,0.585856,0.806835,0.005899,-0.0043,-0.003737,-0.152038,0.223349,0.155467,-0.804957,0.080523,0.044491,-0.029834,-0.681487,0.203277,-0.703031,-0.507157,-0.823748,0.253434,-0.527604,0.52926,0.664467,-0.000836,-0.000696,-0.00871,0.043896,-0.742896,-0.610867,-0.328626
238,0.131274,-0.015644,0.392309,0.753694,-0.227523,-0.616624,0.506648,0.798752,0.324461,0.417775,-0.556669,0.718061,-0.001522,0.0083,-0.027275,-0.135785,-0.640836,-0.327382,-0.129449,-0.244169,0.011363,0.341215,0.709286,0.536123,0.457687,-0.703367,0.579954,0.410928,-0.046014,-0.614057,0.787832,0.011465,-0.010043,-0.008665,0.357583,0.576099,-0.473848,-1.409181,0.007724,0.052983,-0.023256,-0.559198,-0.680524,0.47348,0.827708,-0.426013,0.365255,-0.046856,0.596153,0.801501,0.005732,-0.005105,-0.004408,0.429479,0.602669,-0.536779,-0.809039,0.080508,0.044572,-0.030285,-0.680886,0.178662,-0.710263,-0.491177,-0.830757,0.26189,-0.543266,0.527182,0.653406,-0.000764,0.004068,-0.013696,0.375115,-0.187235,-0.393313,-0.331892
239,0.131236,-0.015513,0.39183,0.754011,-0.218478,-0.6195,0.50081,0.801471,0.326811,0.424177,-0.556396,0.71451,-0.001289,0.009668,-0.026342,-0.031642,-0.232267,-0.084785,-0.137056,-0.243937,0.011148,0.341043,0.723462,0.514756,0.460022,-0.687562,0.596182,0.414439,-0.061824,-0.616768,0.784627,0.011166,-0.011422,-0.009807,0.11686,0.395104,0.484052,-1.409094,0.00784,0.052877,-0.023341,-0.576877,-0.66311,0.476965,0.816194,-0.444919,0.368608,-0.032217,0.601939,0.797891,0.00559,-0.005754,-0.004946,0.109396,0.403187,0.489058,-0.80806,0.080488,0.044635,-0.030526,-0.679585,0.167863,-0.714133,-0.485433,-0.83276,0.266201,-0.550017,0.52757,0.647418,-0.000629,0.004863,-0.013154,-0.026449,-0.272748,-0.119013,-0.335484
240,0.131174,-0.015244,0.390914,0.753635,-0.198297,-0.626703,0.489088,0.806156,0.332984,0.438258,-0.557211,0.705318,-0.001447,0.00015,-0.016409,-0.037655,-0.141311,-0.064457,-0.145969,-0.243628,0.010725,0.340695,0.729947,0.496957,0.469257,-0.678678,0.607622,0.412463,-0.081064,-0.620171,0.780179,0.011304,-0.010914,-0.009423,0.349217,0.561316,-0.496244,-1.409087,0.00799,0.052666,-0.023514,-0.587273,-0.646925,0.486413,0.809253,-0.458339,0.367469,-0.014783,0.609436,0.792696,-0.001057,-0.004746,-0.003902,1.195521,1.841782,-1.71482,-0.799242,0.080458,0.044773,-0.030988,-0.676755,0.147321,-0.721317,-0.474331,-0.836565,0.274168,-0.563038,0.527688,0.636029,-0.000602,0.005021,-0.01305,0.027838,-0.113057,-0.03352,-0.343812
241,0.131122,-0.014976,0.390096,0.751808,-0.182497,-0.63366,0.48217,0.807654,0.339381,0.448912,-0.56045,0.695989,-0.001169,0.001781,-0.015294,-0.092578,-0.247341,-0.107894,-0.150373,-0.243353,0.010303,0.340322,0.736979,0.483857,0.471948,-0.669281,0.619305,0.410436,-0.094606,-0.618953,0.779621,0.011024,-0.012265,-0.01057,0.071021,0.061105,0.121055,-1.408882,0.008128,0.052457,-0.023699,-0.596079,-0.635874,0.490257,0.802924,-0.471466,0.364734,-0.000785,0.61105,0.79159,0.005483,-0.006305,-0.005433,0.234324,0.218713,0.368993,-0.794997,0.080431,0.044907,-0.031397,-0.67328,0.132289,-0.727456,-0.468195,-0.837761,0.280978,-0.572264,0.529768,0.625985,-0.000427,0.006049,-0.012339,-0.091654,-0.323129,-0.112117,-0.349364
