frame,MLTx,MLTy,MLTz,MLTR1,MLTR2,MLTR3,MLTR4,MLTR5,MLTR6,MLTR7,MLTR8,MLTR9,MLTTVx,MLTTVy,MLTTVz,MLTRVx,MLTRVy,MLTRVz,MLGA,MRTx,MRTy,MRTz,MRTR1,MRTR2,MRTR3,MRTR4,MRTR5,MRTR6,MRTR7,MRTR8,MRTR9,MRTTVx,MRTTVy,MRTTVz,MRTRVx,MRTRVy,MRTRVz,MRGA,SLTx,SLTy,SLTz,SLTR1,SLTR2,SLTR3,SLTR4,SLTR5,SLTR6,SLTR7,SLTR8,SLTR9,SLTTVx,SLTTVy,SLTTVz,SLTRVx,SLTRVy,SLTRVz,SLGA,SRTx,SRTy,SRTz,SRTR1,SRTR2,SRTR3,SRTR4,SRTR5,SRTR6,SRTR7,SRTR8,SRTR9,SRTTVx,SRTTVy,SRTTVz,SRTRVx,SRTRVy,SRTRVz,SRGA
542,0.117787,0.005259,0.345429,-0.400956,-0.110562,-0.909426,-0.404581,-0.869271,0.283998,-0.821444,0.481941,0.304943,0.011941,-0.009324,-0.007524,0.004217,-0.100206,0.176543,-0.503786,-0.155623,0.02581,0.333878,0.377284,0.92534,-0.037337,-0.654906,0.295213,0.695616,0.654216,-0.239162,0.717402,-0.000722,0.013387,0.010403,-0.059341,-0.626492,0.621886,-1.409204,0.041864,0.033956,-0.009823,-0.561149,-0.827697,-0.005414,0.615961,-0.42195,0.665243,-0.552904,0.369966,0.746606,0.000195,0.001012,0.009101,-0.034613,-0.0059,0.005456,-0.839765,0.074386,0.027388,-0.067098,-0.465449,-0.112489,-0.877897,-0.276846,-0.923614,0.265127,-0.840662,0.366446,0.398753,-0.001093,-0.009041,0.001283,-0.032093,-0.067964,0.128653,-0.599459
543,0.117707,0.004597,0.345316,-0.394146,-0.105978,-0.912942,-0.407989,-0.869915,0.277067,-0.82306,0.481802,0.300775,-0.002668,-0.01218,-0.010054,0.003258,-0.085366,0.147063,-0.466624,-0.155753,0.026142,0.334358,0.375754,0.925821,-0.040684,-0.655662,0.296739,0.694253,0.654342,-0.235364,0.718543,-0.000696,0.01297,0.010033,0.030571,-0.045142,0.037724,-1.409673,0.041793,0.034129,-0.009576,-0.559988,-0.828417,-0.011728,0.615224,-0.425272,0.663808,-0.554897,0.36451,0.74781,-0.000329,0.006012,0.004652,0.004658,-0.025852,0.005324,-0.840907,0.074351,0.027055,-0.06715,-0.459457,-0.106884,-0.881745,-0.280834,-0.924321,0.258381,-0.842633,0.36634,0.394669,-0.001754,-0.012069,-0.001224,-0.028703,-0.153448,0.276136,-0.572516
544,0.117502,0.003773,0.345014,-0.383156,-0.098911,-0.918397,-0.412402,-0.871336,0.265839,-0.826056,0.480726,0.294212,-0.004405,-0.028175,-0.005864,-0.032306,-0.054458,0.105566,-0.441847,-0.155743,0.026549,0.334769,0.375794,0.925795,-0.040903,-0.655464,0.296866,0.694386,0.654517,-0.235306,0.718402,-0.000558,0.010368,0.007984,0.001937,-0.015715,0.024077,-1.409428,0.041798,0.034344,-0.009363,-0.559978,-0.828421,-0.011891,0.614907,-0.425184,0.664159,-0.555259,0.364603,0.747496,-0.00028,0.005071,0.003906,0.000978,-0.015356,0.024176,-0.840581,0.074248,0.026639,-0.067304,-0.449745,-0.09821,-0.88774,-0.286096,-0.925723,0.247353,-0.846096,0.365225,0.388242,-0.002257,-0.014357,-0.003155,-0.033575,-0.050567,0.099834,-0.550308
545,0.117347,0.00333,0.344804,-0.376129,-0.094446,-0.921766,-0.414964,-0.872284,0.258646,-0.828008,0.479897,0.290049,-0.017801,-0.017019,-0.014343,0.001744,-0.056058,0.092668,-0.4347,-0.155722,0.026708,0.334914,0.375739,0.925831,-0.040599,-0.655512,0.296609,0.69445,0.6545,-0.235489,0.718357,-0.000429,0.007944,0.006108,0.001931,-0.015711,0.02408,-1.409328,0.041808,0.034423,-0.009291,-0.559916,-0.828468,-0.011567,0.615014,-0.424927,0.664224,-0.555204,0.364796,0.747443,-0.000201,0.003616,0.00278,0.001789,-0.015517,0.024266,-0.839765,0.074177,0.026423,-0.067405,-0.443641,-0.092833,-0.891382,-0.289135,-0.92661,0.240404,-0.848282,0.364383,0.384242,-0.002461,-0.015265,-0.003932,-0.029973,-0.149406,0.270815,-0.541654
546,0.116955,0.002355,0.344316,-0.360847,-0.084715,-0.928794,-0.420382,-0.874187,0.243,-0.832083,0.478235,0.280994,-0.004895,-0.022096,-0.018552,0.006043,-0.155831,0.269518,-0.412449,-0.155629,0.026902,0.335239,0.377175,0.925264,-0.040206,-0.653294,0.296698,0.696499,0.655888,-0.237605,0.716392,-0.000488,0.008979,0.006884,-0.006645,-0.011442,0.027561,-1.409299,0.041855,0.034516,-0.009131,-0.561223,-0.827589,-0.011108,0.612786,-0.424502,0.666551,-0.556347,0.367277,0.745376,-0.00025,0.00449,0.003441,0.017231,-0.013139,0.029248,-0.839928,0.073974,0.025928,-0.067655,-0.430183,-0.080988,-0.8991,-0.295698,-0.92838,0.225105,-0.852938,0.362699,0.375425,-0.002478,-0.011217,-0.009414,0.004427,-0.150893,0.262209,-0.527774
547,0.116469,0.001282,0.343778,-0.347188,-0.072629,-0.935003,-0.425424,-0.87631,0.225982,-0.83534,0.476317,0.274513,-0.005226,-0.023417,-0.019832,0.367428,-1.529757,2.641174,-0.360322,-0.155459,0.02693,0.33573,0.377159,0.925126,-0.043416,-0.651626,0.298505,0.697289,0.657553,-0.235867,0.715439,0.01367,-0.001798,0.013953,-0.032534,-0.020936,0.034921,-1.40928,0.041935,0.034532,-0.00889,-0.561346,-0.827457,-0.014327,0.610955,-0.426024,0.66726,-0.558233,0.365811,0.744686,0.000327,-0.001518,0.007079,-0.033819,-0.004645,0.004338,-0.840418,0.073732,0.025398,-0.067918,-0.420966,-0.068919,-0.904454,-0.301083,-0.929961,0.210998,-0.855649,0.361139,0.370732,-0.00975,-0.01612,-0.004881,0.006225,-0.048849,0.297182,-0.500341
548,0.115924,0.000149,0.343277,-0.331279,-0.062348,-0.941495,-0.430971,-0.877644,0.209707,-0.838966,0.475301,0.265049,-0.018655,-0.019861,-0.017183,0.006482,-0.158531,0.270811,-0.289977,-0.155203,0.026631,0.336285,0.377065,0.925179,-0.043091,-0.650597,0.297816,0.698544,0.658625,-0.236531,0.714234,0.01498,-0.016388,0.019295,-0.069037,-0.011051,0.016458,-1.409605,0.042068,0.034384,-0.008605,-0.56125,-0.827527,-0.014022,0.610139,-0.42514,0.66857,-0.559221,0.36668,0.743516,0.00749,-0.008358,0.009518,-0.069044,-0.011162,0.016295,-0.840418,0.073456,0.024816,-0.068182,-0.404577,-0.054682,-0.912867,-0.308739,-0.931436,0.192625,-0.860811,0.359769,0.359955,-0.009323,-0.009935,-0.008586,0.00389,-0.154505,0.261437,-0.453314
549,0.115637,-0.00039,0.343067,-0.324442,-0.057888,-0.944157,-0.433431,-0.878074,0.20272,-0.840378,0.475065,0.260971,-0.018905,-0.028923,-0.007192,-0.02933,-0.138501,0.248588,-0.259196,-0.155056,0.026364,0.336553,0.375458,0.925695,-0.045948,-0.6511,0.298835,0.697639,0.659047,-0.233188,0.714943,0.002151,-0.020661,0.017205,0.148198,-0.090577,-0.126219,-1.409585,0.04214,0.034263,-0.008474,-0.560495,-0.827983,-0.016958,0.609744,-0.426442,0.6681,-0.560408,0.364127,0.743877,0.007008,-0.004149,0.004492,0.317843,-0.14275,-0.096481,-0.840254,0.073319,0.024555,-0.068286,-0.398725,-0.049499,-0.915733,-0.311644,-0.931803,0.186062,-0.862494,0.359571,0.356107,-0.009166,-0.009153,-0.007952,0.00465,-0.152005,0.260381,-0.429636
550,0.114992,-0.001372,0.342778,-0.314118,-0.051063,-0.948034,-0.437485,-0.878427,0.192212,-0.842209,0.475187,0.254772,-0.018017,-0.02465,-0.003623,-0.033214,-0.03919,0.076303,-0.187486,-0.154778,0.025645,0.337086,0.372347,0.926956,-0.045847,-0.653743,0.297143,0.695888,0.6582,-0.230311,0.716654,0.014097,-0.009095,0.008395,0.283523,-0.164467,-0.117326,-1.409502,0.042275,0.033893,-0.008209,-0.557874,-0.829753,-0.016877,0.612368,-0.425273,0.666444,-0.560162,0.361456,0.745363,0.001092,-0.010753,0.008286,0.435693,-0.19938,-0.160738,-0.838948,0.072996,0.024059,-0.068435,-0.389553,-0.041263,-0.920078,-0.316587,-0.932121,0.175843,-0.864881,0.359786,0.350047,-0.008902,-0.011885,-0.001422,-0.029165,-0.137938,0.248328,-0.379996
551,0.114271,-0.002076,0.342844,-0.304236,-0.044628,-0.951575,-0.4412,-0.878699,0.182214,-0.843908,0.475322,0.248829,-0.016584,-0.026256,0.012881,-0.066822,-0.040405,0.090461,-0.116267,-0.154492,0.024849,0.337636,0.367794,0.928753,-0.046232,-0.658206,0.295249,0.692478,0.656316,-0.225434,0.719924,0.002301,-0.023054,0.015432,0.093756,-0.064163,-0.104074,-1.409412,0.042424,0.033491,-0.007931,-0.553225,-0.832845,-0.017596,0.617824,-0.424381,0.661961,-0.558779,0.355342,0.749331,0.001145,-0.011598,0.007658,0.086065,-0.065446,-0.106731,-0.836335,0.072627,0.023692,-0.068408,-0.380722,-0.033464,-0.924083,-0.321169,-0.932344,0.166085,-0.867122,0.360019,0.344217,-0.008193,-0.012694,0.006828,-0.068144,-0.036517,0.084455,-0.324151
552,0.113924,-0.002379,0.343007,-0.302432,-0.043324,-0.95221,-0.442492,-0.878414,0.18045,-0.843883,0.475968,0.247677,-0.015876,-0.023088,0.015628,-0.067032,-0.051061,0.109882,-0.085323,-0.154369,0.024409,0.337925,0.367706,0.928796,-0.04605,-0.657386,0.294762,0.693464,0.657186,-0.225893,0.718987,0.015354,-0.021974,0.015104,-0.068513,0.002982,-0.00888,-1.409321,0.042479,0.033278,-0.007793,-0.552787,-0.83314,-0.017427,0.617385,-0.4235,0.662935,-0.559698,0.355703,0.748474,0.001144,-0.011587,0.007672,-0.091905,0.021129,-0.038393,-0.837152,0.07246,0.02355,-0.068332,-0.379245,-0.032026,-0.924741,-0.32255,-0.932137,0.164563,-0.867256,0.360686,0.343179,-0.007617,-0.006089,0.003577,-0.032095,-0.06689,0.125503,-0.299331
553,0.113366,-0.002996,0.343527,-0.300558,-0.041752,-0.952873,-0.444889,-0.877555,0.178724,-0.843294,0.477687,0.246369,-0.000646,-0.010882,0.008525,-0.035012,0.016408,-0.016632,-0.04609,-0.154219,0.0235,0.338564,0.376924,0.925121,-0.045514,-0.654243,0.300818,0.693836,0.655087,-0.232916,0.718661,0.002277,-0.02254,0.015868,-0.072528,0.019061,-0.037406,-1.409107,0.042559,0.032823,-0.007474,-0.561062,-0.827609,-0.016481,0.612987,-0.428778,0.663622,-0.556287,0.362231,0.747885,0.001129,-0.011273,0.007934,-0.080427,0.020758,-0.036646,-0.836662,0.072177,0.023242,-0.068065,-0.37756,-0.030151,-0.925493,-0.325224,-0.931478,0.163023,-0.866993,0.362544,0.341883,-0.007517,-0.009644,0.009476,-0.066858,-0.050716,0.109979,-0.259488
554,0.113025,-0.003734,0.344242,-0.300463,-0.041193,-0.952928,-0.447258,-0.876325,0.178849,-0.842075,0.479988,0.246068,-0.014826,-0.018355,0.019759,-0.071019,0.047468,-0.062855,0.010997,-0.15402,0.022708,0.339177,0.384578,0.921834,-0.048094,-0.652253,0.308361,0.692397,0.652609,-0.236077,0.719883,0.002185,-0.020875,0.017163,-0.138608,1.159986,1.150602,-1.409431,0.042659,0.032425,-0.00717,-0.566545,-0.823814,-0.018846,0.610297,-0.434854,0.662147,-0.553681,0.363634,0.749136,0.00095,-0.010084,0.008587,-0.359157,3.818979,3.96705,-0.838621,0.072013,0.022879,-0.067708,-0.377502,-0.029559,-0.925536,-0.327683,-0.930555,0.163372,-0.866092,0.364956,0.341601,-0.000428,-0.009897,0.009394,-0.069955,0.03274,-0.033369,-0.221278
555,0.112953,-0.004165,0.34465,-0.300678,-0.04103,-0.952867,-0.448536,-0.875603,0.179183,-0.841317,0.481319,0.24606,-0.000846,-0.01983,0.018757,-0.070045,0.0327,-0.033332,0.030652,-0.153923,0.022339,0.339461,0.382952,0.922525,-0.047816,-0.653627,0.307299,0.691573,0.652193,-0.234752,0.720693,0.002248,-0.021931,0.016371,-0.04608,0.005455,-0.048068,-1.409312,0.042707,0.032243,-0.007025,-0.566574,-0.823801,-0.018545,0.611056,-0.435143,0.661256,-0.552813,0.363319,0.74993,0.000542,-0.0053,0.004233,-0.039934,-0.002744,-0.033782,-0.839111,0.071972,0.022673,-0.06751,-0.377821,-0.029521,-0.925407,-0.328909,-0.93002,0.163953,-0.865487,0.36632,0.341671,-0.007273,-0.00852,0.010457,-0.070355,0.033272,-0.037839,-0.194661
556,0.112948,-0.00494,0.345461,-0.301481,-0.040961,-0.952616,-0.450841,-0.874207,0.180215,-0.839797,0.483856,0.246277,-0.000386,-0.017873,0.020471,-0.070069,0.032581,-0.033398,0.043444,-0.153729,0.021707,0.339986,0.392136,0.918687,-0.047275,-0.650799,0.313497,0.691458,0.649549,-0.24154,0.720838,0.002139,-0.019998,0.017866,-0.068313,0.002361,-0.014115,-1.409276,0.042805,0.031916,-0.00676,-0.574692,-0.818181,-0.017536,0.60692,-0.44048,0.661532,-0.548977,0.369535,0.749711,0.00106,-0.009988,0.00894,-0.085248,0.00485,-0.01434,-0.839765,0.071969,0.02227,-0.067091,-0.378553,-0.029493,-0.925109,-0.331373,-0.928922,0.165212,-0.864227,0.369097,0.341873,-0.000175,-0.008798,0.010357,-0.070024,0.032578,-0.033445,-0.156125
557,0.113032,-0.005641,0.346298,-0.304872,-0.035903,-0.95174,-0.452511,-0.873826,0.177862,-0.837668,0.484938,0.251345,-0.000146,-0.016858,0.021362,0.039231,0.337935,0.133321,0.048872,-0.153623,0.021199,0.340526,0.395838,0.916956,-0.049953,-0.648843,0.317882,0.691295,0.649256,-0.242388,0.720818,0.00204,-0.018283,0.019189,-0.070818,0.003602,-0.013139,-1.409378,0.042857,0.031668,-0.006497,-0.578105,-0.815715,-0.020051,0.604062,-0.444366,0.661548,-0.548545,0.370333,0.749633,0.000463,-0.003909,0.005301,-0.042341,0.011647,-0.018882,-0.841724,0.072011,0.021927,-0.066679,-0.381601,-0.025902,-0.923963,-0.333348,-0.928482,0.163703,-0.862124,0.370471,0.345676,2.7e-05,-0.007943,0.0111,0.11613,0.529199,0.269927,-0.146981
558,0.113135,-0.006191,0.347105,-0.311245,-0.02284,-0.950079,-0.453381,-0.875034,0.169507,-0.834843,0.48353,0.263179,0.000462,-0.014253,0.023618,0.131006,0.473616,0.464946,0.058548,-0.153578,0.020909,0.340962,0.40351,0.913439,-0.052924,-0.647295,0.325985,0.688968,0.646063,-0.244902,0.722834,0.000937,-0.007732,0.010671,-0.01726,0.002252,-0.023554,-1.409229,0.04288,0.031523,-0.006273,-0.585062,-0.81067,-0.022703,0.600869,-0.452109,0.659206,-0.544663,0.372035,0.751618,0.000446,-0.003586,0.005551,-0.045619,-0.004751,0.003982,-0.841561,0.072062,0.021649,-0.066279,-0.389159,-0.014145,-0.921061,-0.334769,-0.929344,0.155716,-0.858186,0.368941,0.356927,0.000212,-0.007162,0.011778,0.138178,0.606261,0.311122,-0.13506
559,0.1132,-0.006408,0.347511,-0.314539,-0.01473,-0.949154,-0.453805,-0.875878,0.163922,-0.833374,0.482305,0.269997,0.001255,-0.002727,0.0156,0.082638,0.333405,0.18767,0.062315,-0.153586,0.020826,0.341124,0.407323,0.911561,-0.056004,-0.646077,0.331069,0.687685,0.644883,-0.245079,0.723826,-0.000233,0.003958,0.003006,-0.009302,-0.202758,0.188186,-1.409319,0.042876,0.031476,-0.00619,-0.588523,-0.808081,-0.025376,0.59868,-0.456681,0.658045,-0.543343,0.372083,0.75255,-0.006077,-0.004623,0.00535,-0.1498,-0.647977,0.565553,-0.841724,0.072094,0.021536,-0.066072,-0.39428,-0.005004,-0.918975,-0.335495,-0.930182,0.149007,-0.855561,0.367062,0.365074,0.00727,-0.007673,0.011463,0.076384,0.304866,0.410438,-0.129672
560,0.113473,-0.006753,0.348335,-0.320765,0.010284,-0.947127,-0.460302,-0.875604,0.146327,-0.827411,0.482884,0.286777,0.00122,-0.010985,0.026417,0.102627,0.300525,0.595261,0.059681,-0.153646,0.020802,0.341397,0.416512,0.907195,-0.059208,-0.642702,0.340008,0.686486,0.642372,-0.249024,0.724713,-0.01225,-0.007409,0.012083,-0.03835,0.024541,-0.048061,-1.409523,0.042851,0.031468,-0.006057,-0.596783,-0.801898,-0.028424,0.593224,-0.464784,0.657312,-0.540309,0.375411,0.753081,-0.000175,0.002897,0.002201,-0.002835,-0.010878,0.022485,-0.843847,0.07223,0.021366,-0.065665,-0.402995,0.018422,-0.915016,-0.343457,-0.929767,0.132547,-0.848311,0.367684,0.381019,0.007902,-0.000874,0.008331,0.1886,0.502655,0.574012,-0.1251
561,0.113934,-0.007071,0.349278,-0.326722,0.032409,-0.944589,-0.467916,-0.873873,0.131808,-0.820779,0.485008,0.301855,0.01559,-0.010821,0.026767,0.05768,0.167354,0.560047,0.058822,-0.153765,0.020994,0.341577,0.427127,0.902044,-0.062219,-0.637525,0.349361,0.686617,0.640546,-0.254747,0.72434,-0.013485,0.005579,0.005386,-0.031087,0.341583,0.355479,-1.409078,0.042792,0.031557,-0.005966,-0.605881,-0.794954,-0.030912,0.586451,-0.472549,0.657854,-0.537571,0.380453,0.75251,-0.000195,0.003127,0.002352,-0.107138,1.1411,1.234584,-0.841887,0.072456,0.021208,-0.065193,-0.411469,0.039839,-0.910552,-0.352452,-0.928276,0.118655,-0.840517,0.369749,0.395999,0.007885,-0.004967,0.013757,0.081967,0.323136,0.457156,-0.126406
562,0.114236,-0.00728,0.349787,-0.330331,0.040675,-0.943013,-0.469569,-0.873735,0.126744,-0.818383,0.484622,0.308897,0.015451,-0.01139,0.026262,-0.002172,0.108129,0.295012,0.057057,-0.153853,0.021129,0.341674,0.427101,0.902061,-0.062156,-0.637567,0.349307,0.686605,0.640521,-0.254762,0.724357,-0.000442,0.007582,0.005729,0.001904,-0.015138,0.024446,-1.409015,0.042743,0.031623,-0.005918,-0.606286,-0.794649,-0.030798,0.586263,-0.472792,0.657846,-0.537318,0.380787,0.752521,-0.006764,0.003181,0.002993,4.2e-05,0.000508,-0.004421,-0.842051,0.072608,0.021106,-0.064936,-0.416194,0.048181,-0.907997,-0.354566,-0.928144,0.11327,-0.837295,0.369088,0.403372,0.007776,-0.005409,0.013368,-0.010939,-0.034647,0.470616,-0.126732
563,0.115022,-0.00786,0.350911,-0.338948,0.059923,-0.938919,-0.473982,-0.872932,0.115339,-0.812286,0.484046,0.325452,0.015352,-0.011766,0.025908,0.14554,0.504114,0.729509,0.043185,-0.154017,0.021412,0.341901,0.441381,0.894717,-0.068231,-0.631135,0.363722,0.685061,0.637185,-0.260441,0.725279,-0.013535,0.006827,0.006303,0.006008,-0.002853,-0.006985,-1.408996,0.042666,0.031767,-0.005804,-0.61907,-0.784494,-0.036329,0.576987,-0.485727,0.656623,-0.532763,0.385534,0.753343,-0.000221,0.003821,0.002888,-0.011788,-0.012584,0.017062,-0.843194,0.07299,0.020824,-0.06438,-0.425098,0.063333,-0.902928,-0.359906,-0.927127,0.104413,-0.830517,0.369355,0.416914,0.007488,-0.010729,0.017752,-0.041768,-0.036381,0.609122,-0.13653
564,0.115929,-0.008647,0.352141,-0.346999,0.076507,-0.934764,-0.479851,-0.87081,0.106799,-0.805405,0.485507,0.340048,0.028731,-0.024106,0.033461,-0.683911,1.498388,-1.753152,0.042093,-0.154114,0.021722,0.342141,0.454474,0.888052,-0.069347,-0.628401,0.374941,0.681516,0.630638,-0.267277,0.728506,-0.00048,0.008325,0.006254,0.028032,-0.019849,0.023505,-1.409248,0.042612,0.031922,-0.005683,-0.630553,-0.775272,-0.036813,0.571924,-0.496181,0.653227,-0.524695,0.390839,0.756266,-0.000235,0.004075,0.003071,-0.004579,0.002046,0.040694,-0.849399,0.073449,0.020429,-0.06376,-0.433766,0.082715,-0.89722,-0.367259,-0.925534,0.092228,-0.82278,0.369517,0.431843,0.007445,-0.010911,0.017586,-0.000509,0.029269,0.726833,-0.144858
565,0.116936,-0.009622,0.353548,-0.352365,0.101306,-0.930388,-0.487464,-0.868476,0.089995,-0.798471,0.485111,0.356564,0.014608,-0.031504,0.044823,-0.0041,0.327191,0.618246,0.055974,-0.154243,0.021945,0.34238,0.467367,0.88128,-0.070042,-0.625538,0.385764,0.678102,0.624016,-0.274223,0.73162,-0.000368,0.006411,0.004804,0.016266,0.020419,0.025066,-1.409212,0.042547,0.032037,-0.005561,-0.641726,-0.766042,-0.036956,0.566748,-0.506136,0.650093,-0.516704,0.396238,0.758954,-0.006178,-0.002357,0.007038,-0.057428,0.103287,0.07417,-0.84597,0.073947,0.019952,-0.063075,-0.443159,0.103352,-0.890465,-0.375788,-0.923257,0.079861,-0.813875,0.370018,0.447988,0.014473,-0.01151,0.017159,0.121247,0.636325,0.794192,-0.140939
566,0.117436,-0.010116,0.354285,-0.355234,0.113559,-0.927878,-0.491497,-0.866993,0.082003,-0.794717,0.485035,0.364957,0.029383,-0.021168,0.035892,0.011009,0.266873,0.626047,0.078033,-0.154359,0.022088,0.342522,0.476241,0.876248,-0.073313,-0.621738,0.394645,0.676485,0.62109,-0.277696,0.7328,-0.000521,0.009141,0.006838,0.307237,-0.168925,-0.093637,-1.409197,0.04249,0.032106,-0.005492,-0.65017,-0.758751,-0.039695,0.560153,-0.51398,0.649655,-0.513329,0.400151,0.759191,-0.000264,0.004654,0.003491,0.423673,-0.182446,-0.08812,-0.847766,0.074213,0.019682,-0.062679,-0.447389,0.116617,-0.886703,-0.381121,-0.921789,0.071064,-0.809066,0.369735,0.456844,0.014688,-0.010512,0.017989,0.008456,0.242453,0.624394,-0.126079
567,0.11835,-0.011128,0.35599,-0.358808,0.142461,-0.9225,-0.510086,-0.857578,0.065906,-0.781287,0.494021,0.381524,0.016105,-0.016373,0.039698,-0.002393,0.228111,0.589873,0.176723,-0.154694,0.022437,0.34281,0.50039,0.862414,-0.076444,-0.610657,0.414266,0.674845,0.613022,-0.292095,0.733995,-0.013594,0.008903,0.007778,0.059225,0.064583,0.076773,-1.409312,0.042322,0.032282,-0.005347,-0.670583,-0.740648,-0.041922,0.546027,-0.531048,0.647952,-0.502167,0.411615,0.760526,-0.006798,0.004508,0.003948,0.03965,0.06811,0.072628,-0.842867,0.074664,0.019181,-0.061842,-0.453759,0.14421,-0.879377,-0.401864,-0.913892,0.057492,-0.795366,0.379478,0.47264,0.014754,-0.014296,0.023683,-0.01876,0.397017,0.474267,-0.039045
568,0.118966,-0.011861,0.357882,-0.364286,0.166221,-0.916358,-0.536156,-0.841941,0.060362,-0.76104,0.513089,0.39697,0.017569,-0.009378,0.045414,-5.088109,0.694482,2.435742,0.315249,-0.15531,0.022749,0.343107,0.527512,0.845887,-0.07872,-0.598892,0.436119,0.671612,0.601763,-0.308208,0.736717,-0.012342,-0.004186,0.014388,0.463409,-0.232427,-0.246303,-1.409091,0.042019,0.032444,-0.0052,-0.69489,-0.717845,-0.042707,0.528003,-0.549634,0.647389,-0.488199,0.427316,0.760961,-0.013275,0.00369,0.003897,-0.01713,0.016933,-0.036478,-0.840091,0.07497,0.018806,-0.060903,-0.461426,0.164286,-0.871834,-0.424786,-0.903649,0.05454,-0.778872,0.395509,0.486753,0.008529,-0.009925,0.027209,-0.012529,0.421666,0.473663,0.127674
569,0.119193,-0.012036,0.358904,-0.368979,0.16887,-0.913993,-0.542845,-0.837345,0.06438,-0.754004,0.519697,0.401772,0.018361,-0.005523,0.048505,-0.096502,0.019566,0.068869,0.379216,-0.15568,0.022896,0.343261,0.544535,0.835035,-0.078671,-0.592709,0.449603,0.668197,0.592641,-0.318283,0.739821,-0.013509,0.008257,0.007252,0.353354,-0.173452,-0.135733,-1.40908,0.041839,0.032507,-0.005126,-0.709012,-0.703941,-0.04204,0.519687,-0.561867,0.643606,-0.476682,0.434477,0.7642,-0.013256,0.003584,0.003812,0.635276,-0.159188,-0.11021,-0.841561,0.075081,0.018717,-0.060413,-0.466025,0.16942,-0.868399,-0.436937,-0.89753,0.059379,-0.769354,0.407108,0.492297,0.009257,-0.002284,0.024642,-0.116014,0.032535,-0.101971,0.21928
570,0.119492,-0.012008,0.360828,-0.380921,0.164755,-0.909835,-0.549459,-0.831725,0.079374,-0.743189,0.529943,0.408482,0.005418,0.009199,0.0426,-0.075978,0.083975,-0.140475,0.461817,-0.15631,0.023156,0.343544,0.575303,0.813712,-0.083012,-0.581617,0.478459,0.657824,0.57426,-0.331195,0.748597,-0.013391,0.006557,0.005967,0.264175,-0.194812,-0.062666,-1.409001,0.041524,0.032642,-0.004981,-0.734563,-0.677042,-0.045051,0.503196,-0.588081,0.633208,-0.455202,0.442462,0.772668,-0.013213,0.003202,0.003514,0.279751,-0.850999,0.435707,-0.855604,0.075237,0.018731,-0.059444,-0.476567,0.163237,-0.863849,-0.442818,-0.893429,0.075467,-0.75947,0.418493,0.498063,0.002674,0.004576,0.021283,-0.087702,0.020602,-0.014456,0.368038
571,0.119693,-0.011839,0.362331,-0.402508,0.153555,-0.902471,-0.548638,-0.829615,0.103479,-0.732319,0.536586,0.419298,0.004275,0.012128,0.027261,-0.041602,0.081562,-0.149042,0.50146,-0.156851,0.023143,0.34379,0.592398,0.800891,-0.087344,-0.575675,0.496779,0.649418,0.562746,-0.335445,0.755419,-0.013106,0.001169,0.00198,0.580792,-0.285239,-0.260574,-1.408973,0.041252,0.032648,-0.004854,-0.74936,-0.660375,-0.0486,0.49183,-0.60424,0.626894,-0.443352,0.445867,0.777586,-0.006555,0.000712,0.001106,0.085858,-0.054016,-0.055693,-0.867687,0.075343,0.018828,-0.058656,-0.49605,0.149177,-0.855383,-0.440118,-0.892399,0.099599,-0.748485,0.425875,0.50833,0.001915,0.000997,0.018287,-0.071568,0.080445,-0.13803,0.453929
572,0.119959,-0.011698,0.363336,-0.404461,0.139849,-0.903824,-0.546829,-0.829102,0.11636,-0.732594,0.541123,0.41294,0.016544,0.003007,0.019924,-0.131858,-0.352398,-0.318999,0.515768,-0.157317,0.022885,0.343997,0.608286,0.788969,-0.086648,-0.568031,0.509103,0.646598,0.553481,-0.345095,0.757913,-1e-06,2.1e-05,1.5e-05,0.04668,-0.02418,-0.018576,-1.40937,0.04101,0.032513,-0.004748,-0.761212,-0.646756,-0.047557,0.4837,-0.615084,0.62266,-0.431961,0.450973,0.781045,-0.00595,-0.006206,0.004155,-0.031976,0.002496,-0.074973,-0.879934,0.075477,0.018906,-0.058141,-0.49695,0.136226,-0.857019,-0.437347,-0.89232,0.111762,-0.749511,0.430355,0.503017,0.008175,0.001117,0.009646,-0.175233,-0.477169,-0.372482,0.495894
573,0.120112,-0.011636,0.363621,-0.407368,0.134942,-0.903265,-0.545391,-0.829234,0.122028,-0.732051,0.542171,0.412527,0.002097,0.010077,0.008052,-0.06547,-0.072021,-0.446442,0.518583,-0.157499,0.02273,0.344095,0.620762,0.779232,-0.086278,-0.561034,0.518526,0.645218,0.546719,-0.353107,0.75913,-0.01299,-0.001326,0.000136,-0.418369,3.54968,4.14209,-1.409265,0.040924,0.032434,-0.004701,-0.767673,-0.639126,-0.046857,0.478405,-0.620203,0.621672,-0.426387,0.454824,0.781874,-0.005944,-0.006401,0.004009,0.003667,-0.008282,-0.079194,-0.882547,0.075554,0.018936,-0.057999,-0.498766,0.130712,-0.856822,-0.435445,-0.892537,0.117318,-0.749412,0.431614,0.502085,0.007651,-0.001383,0.007638,-0.124872,-0.264194,-0.303893,0.504222
574,0.12036,-0.011515,0.363719,-0.412512,0.128575,-0.901858,-0.542622,-0.829866,0.129827,-0.731223,0.542759,0.413222,0.000724,0.011772,-0.008014,0.028924,0.071897,-0.161442,0.521495,-0.157843,0.022415,0.344275,0.634942,0.767776,-0.085784,-0.554915,0.530638,0.640645,0.536581,-0.36014,0.763048,-0.01192,-0.012537,0.008187,0.03823,-0.01507,-0.078408,-1.409482,0.040752,0.032278,-0.004616,-0.782959,-0.620397,-0.045626,0.46602,-0.633551,0.617605,-0.412067,0.462297,0.785163,1.9e-05,-0.000296,-0.000202,0.049683,-0.042421,-0.041273,-0.890875,0.075678,0.019,-0.057947,-0.50294,0.123018,-0.855521,-0.431668,-0.893284,0.125319,-0.748808,0.432329,0.502372,0.000269,0.005468,-0.004346,0.035727,0.089703,-0.153989,0.513856
575,0.120694,-0.011389,0.363494,-0.415311,0.126739,-0.900833,-0.540908,-0.830568,0.132462,-0.730905,0.542119,0.414622,0.013684,-0.00236,-0.001813,-0.004874,0.074289,-0.148217,0.515709,-0.158149,0.022103,0.344453,0.642421,0.761636,-0.084836,-0.550868,0.536042,0.639639,0.531827,-0.365147,0.763997,0.001073,-0.01125,0.008029,-0.032024,0.007367,-0.020394,-1.409616,0.040599,0.032125,-0.004531,-0.788845,-0.612989,-0.04435,0.460946,-0.637825,0.617014,-0.406511,0.466286,0.7857,-0.006509,-0.0005,0.000197,-0.018832,0.01601,-0.033036,-0.89561,0.075838,0.019055,-0.058066,-0.505415,0.121025,-0.854346,-0.429701,-0.893913,0.127572,-0.748273,0.43159,0.503802,0.00701,0.003776,-0.00566,0.036324,-0.029205,0.047207,0.513367
576,0.120837,-0.011276,0.363389,-0.415754,0.126399,-0.900676,-0.54041,-0.830839,0.132797,-0.731021,0.541784,0.414855,0.014463,0.009729,-0.009572,0.036296,-0.029572,0.046987,0.510073,-0.158273,0.021958,0.344567,0.651224,0.754199,-0.084151,-0.544645,0.541851,0.640072,0.527507,-0.371952,0.763709,-0.011967,-0.01184,0.008707,-0.051014,0.120382,0.066072,-1.409588,0.040537,0.032052,-0.004474,-0.795594,-0.604279,-0.043293,0.453938,-0.641927,0.617954,-0.401208,0.471989,0.78502,-0.006536,-0.00025,0.000364,-0.153201,1.092536,1.248806,-0.898386,0.075908,0.019102,-0.05812,-0.505923,0.120534,-0.854115,-0.429098,-0.894143,0.127988,-0.748275,0.431251,0.504089,0.000137,0.000659,0.000523,-8.7e-05,5.7e-05,6.9e-05,0.508631
577,0.120949,-0.011112,0.363351,-0.418382,0.12492,-0.899664,-0.539673,-0.830875,0.135543,-0.730063,0.542075,0.416162,0.000379,0.001843,0.00147,-0.000185,0.00029,-0.000496,0.507159,-0.158447,0.021642,0.344866,0.662758,0.744322,-0.082022,-0.537748,0.549439,0.639436,0.520166,-0.380625,0.76447,-0.012041,-0.010353,0.009807,0.380992,-0.196801,-0.216159,-1.40947,0.04045,0.031888,-0.004323,-0.805916,-0.590654,-0.040313,0.443687,-0.647663,0.619414,-0.391969,0.48131,0.784028,-4.9e-05,0.001107,0.000822,0.481154,-0.15672,-0.366478,-0.900835,0.075969,0.019186,-0.058144,-0.508282,0.118701,-0.85297,-0.428114,-0.894228,0.130669,-0.74724,0.431585,0.505337,0.000235,0.001139,0.000905,0.001928,-0.002477,0.003741,0.500793
578,0.12097,-0.011099,0.363439,-0.418055,0.12515,-0.899785,-0.539939,-0.830749,0.135258,-0.730054,0.542214,0.415994,0.000234,0.00114,0.000908,-0.0,-0.0,-0.0,0.506964,-0.158536,0.021244,0.345195,0.666853,0.74079,-0.080801,-0.534535,0.551212,0.640602,0.518238,-0.384933,0.763622,0.001074,-0.011446,0.007901,-0.076575,0.32826,0.36115,-1.409531,0.040401,0.031694,-0.004154,-0.807996,-0.587875,-0.039279,0.442118,-0.649028,0.619107,-0.389451,0.48287,0.784323,0.000521,-0.005819,0.003869,-0.182262,1.0872,1.258577,-0.902795,0.07598,0.019195,-0.058098,-0.507948,0.119005,-0.853126,-0.428426,-0.894123,0.130359,-0.747287,0.431718,0.505153,0.000113,0.00055,0.000437,-1.2e-05,-4e-05,0.00013,0.498997
579,0.120986,-0.011048,0.363532,-0.417784,0.125334,-0.899885,-0.540138,-0.830658,0.135015,-0.730062,0.542309,0.415857,0.000516,0.002514,0.002002,0.000847,-0.012909,0.025753,0.507723,-0.158501,0.02054,0.345647,0.683778,0.725406,-0.0789,-0.521428,0.561539,0.642434,0.509458,-0.399057,0.762279,0.002194,-0.023929,0.015058,-0.20563,1.099347,1.20195,-1.409184,0.040418,0.031347,-0.00393,-0.820628,-0.570277,-0.036774,0.428017,-0.656002,0.621661,-0.378642,0.494413,0.782422,0.000858,-0.011137,0.007989,-0.514605,3.560746,4.182972,-0.904101,0.075987,0.019217,-0.058054,-0.507725,0.119214,-0.85323,-0.428648,-0.894046,0.130156,-0.747311,0.431819,0.505031,0.000136,0.000661,0.000527,0.005819,-0.089074,0.177757,0.498834
580,0.121012,-0.011024,0.363551,-0.417553,0.125477,-0.899972,-0.540238,-0.830631,0.134782,-0.73012,0.542318,0.415743,0.00036,0.001755,0.001397,-0.0,-0.0,-0.0,0.50734,-0.158495,0.020142,0.345896,0.683531,0.725753,-0.07783,-0.52149,0.560313,0.643452,0.509724,-0.400149,0.761528,0.002223,-0.024607,0.014569,-0.074811,0.034143,-0.061927,-1.409604,0.040421,0.031149,-0.003805,-0.821425,-0.569199,-0.035659,0.42721,-0.655529,0.622713,-0.377823,0.496279,0.781636,0.001083,-0.011723,0.007718,-0.072637,0.019199,-0.037413,-0.903938,0.076001,0.019231,-0.058043,-0.507505,0.1194,-0.853335,-0.428781,-0.894017,0.129917,-0.747385,0.431828,0.504915,0.0002,0.000975,0.000776,0.000822,-0.012902,0.025784,0.49916
581,0.1211,-0.011015,0.363572,-0.417338,0.125615,-0.900053,-0.540352,-0.830591,0.134573,-0.730159,0.542348,0.415637,3.7e-05,0.000181,0.000144,-0.0,-0.0,-0.0,0.505557,-0.15843,0.019401,0.346307,0.691748,0.718076,-0.076432,-0.514653,0.564617,0.645193,0.505569,-0.407882,0.760194,0.002234,-0.02484,0.014417,-0.072941,0.019159,-0.037383,-1.409565,0.040454,0.030776,-0.003601,-0.827816,-0.559972,-0.033917,0.419726,-0.658334,0.62484,-0.372222,0.503017,0.780015,0.000594,-0.007118,0.002935,-0.037761,0.024186,-0.043614,-0.902795,0.076045,0.019238,-0.058031,-0.507315,0.119566,-0.853425,-0.428918,-0.89398,0.12972,-0.747436,0.431858,0.504813,1.1e-05,5e-05,3.9e-05,-2.1e-05,1e-05,1.7e-05,0.49818
582,0.121237,-0.010986,0.36353,-0.416984,0.125811,-0.900189,-0.540404,-0.830621,0.134178,-0.730323,0.542255,0.415468,2.9e-05,0.00014,0.000111,-0.0,-0.0,-0.0,0.501806,-0.158375,0.018795,0.34667,0.698868,0.711576,-0.072348,-0.511485,0.568059,0.644691,0.498953,-0.414448,0.761014,0.001077,-0.011507,0.007891,-0.028024,0.004972,-0.022109,-1.409414,0.040481,0.030464,-0.00342,-0.833215,-0.552156,-0.029573,0.415975,-0.661155,0.624369,-0.364301,0.507933,0.780569,0.000533,-0.00572,0.00397,-0.050874,0.006195,-0.025595,-0.905408,0.076114,0.019251,-0.058053,-0.506998,0.11981,-0.853578,-0.429001,-0.893997,0.129329,-0.747602,0.431756,0.504654,9e-06,4.8e-05,3.6e-05,-1.6e-05,2e-06,1e-06,0.495078
583,0.121387,-0.010977,0.363525,-0.418988,0.124772,-0.899403,-0.540181,-0.830406,0.136385,-0.729339,0.542825,0.416453,2.6e-05,0.000128,0.000102,-0.0,0.0,-0.0,0.50092,-0.158263,0.018443,0.346932,0.697866,0.7128,-0.069933,-0.514316,0.566837,0.643514,0.497447,-0.414018,0.762233,0.001036,-0.01054,0.008611,-0.036295,0.009423,-0.018799,-1.409267,0.040532,0.030292,-0.003292,-0.832318,-0.553632,-0.027163,0.418953,-0.660418,0.623157,-0.362938,0.507285,0.781624,-2.4e-05,0.000459,0.000339,-0.005888,0.000657,-0.000227,-0.906224,0.076189,0.019256,-0.058055,-0.508819,0.118488,-0.852679,-0.428605,-0.893863,0.13155,-0.746592,0.432398,0.5056,0.00691,-0.000805,-0.000612,0.002424,-0.016626,0.032541,0.492792
584,0.121499,-0.011005,0.363515,-0.418801,0.124893,-0.899473,-0.540283,-0.83037,0.136202,-0.729371,0.542853,0.41636,-0.0002,-0.000981,-0.00078,-0.0,0.0,-0.0,0.498909,-0.158233,0.018335,0.347023,0.705039,0.705696,-0.07004,-0.509465,0.572874,0.642024,0.492298,-0.417859,0.763478,-6e-06,0.000131,9.7e-05,0.02634,-0.014266,-0.010549,-1.409744,0.040553,0.030236,-0.003242,-0.837921,-0.54512,-0.027041,0.412876,-0.665489,0.621817,-0.35696,0.50987,0.782695,-5e-06,0.000106,8e-05,0.00892,-0.016471,-0.018398,-0.906714,0.07624,0.019245,-0.058057,-0.508649,0.118634,-0.85276,-0.42872,-0.893834,0.131372,-0.746642,0.432418,0.505509,-0.000143,-0.000697,-0.000559,-0.000679,0.012672,-0.025362,0.491975
585,0.121767,-0.011038,0.363477,-0.418282,0.12521,-0.899671,-0.540489,-0.830323,0.135671,-0.729516,0.542851,0.416107,-1e-06,-3e-06,-2e-06,0.0,-0.0,-0.0,0.492634,-0.158112,0.018096,0.347182,0.717249,0.693388,-0.068979,-0.499517,0.580809,0.642711,0.484797,-0.427402,0.762995,1.3e-05,-0.000284,-0.00021,7e-06,-4e-06,-3e-06,-1.409479,0.040613,0.030113,-0.003159,-0.847237,-0.530604,-0.025444,0.401518,-0.67101,0.62332,-0.34781,0.517884,0.781552,0.007089,-0.005252,0.003765,-0.035022,-0.005556,0.01044,-0.905897,0.076378,0.019224,-0.05808,-0.508168,0.119036,-0.852991,-0.428988,-0.893783,0.13084,-0.746815,0.432411,0.505258,0.006899,-0.000864,-0.000664,0.000979,-0.014712,0.029571,0.485444
586,0.121943,-0.011053,0.363453,-0.417926,0.125426,-0.899806,-0.540624,-0.830295,0.135304,-0.729621,0.542844,0.415933,0.013797,-0.00173,-0.001321,0.000984,-0.014715,0.029553,0.490331,-0.158083,0.017999,0.347244,0.717136,0.69356,-0.068424,-0.499726,0.580313,0.642996,0.484749,-0.427798,0.762804,1.7e-05,-0.000389,-0.000287,0.0,-0.0,-0.0,-1.409551,0.040628,0.030065,-0.003128,-0.847135,-0.530794,-0.024892,0.401836,-0.670565,0.623594,-0.347691,0.518266,0.781352,0.000545,-0.005823,0.003902,-0.036565,0.009532,-0.018717,-0.902142,0.076461,0.019218,-0.058091,-0.50787,0.119284,-0.853133,-0.429146,-0.893756,0.130506,-0.746927,0.4324,0.505103,3e-06,2e-06,-4e-06,0.0,-3e-06,1.8e-05,0.481688
587,0.12234,-0.011065,0.363405,-0.418286,0.128406,-0.899218,-0.54101,-0.830413,0.13302,-0.729128,0.541963,0.417941,0.000579,0.011215,-0.008456,0.043175,0.018006,0.033648,0.487936,-0.157991,0.017706,0.347317,0.721021,0.689621,-0.067389,-0.49663,0.5823,0.643598,0.48216,-0.431451,0.762387,9.7e-05,-0.002174,-0.001607,-0.033518,0.320117,0.379202,-1.409677,0.040674,0.029919,-0.003091,-0.849796,-0.526577,-0.023723,0.398776,-0.671678,0.62436,-0.344708,0.521119,0.780776,0.007126,-0.006413,0.002896,-0.15428,1.075456,1.28571,-0.905081,0.076664,0.019206,-0.058113,-0.508678,0.122411,-0.852209,-0.429705,-0.893836,0.128098,-0.746055,0.43136,0.507276,0.007008,-0.000322,-0.000239,-0.001556,-0.00545,0.036531,0.477443
588,0.12282,-0.011103,0.363376,-0.417432,0.128935,-0.899539,-0.541381,-0.830308,0.132157,-0.729343,0.541996,0.417523,0.014,-0.000699,-0.000509,0.000986,-0.014708,0.029557,0.479346,-0.157801,0.017434,0.347396,0.72484,0.685736,-0.066061,-0.493704,0.584087,0.644231,0.479434,-0.435215,0.761968,0.000105,-0.002326,-0.001721,-0.0,0.0,0.0,-1.40976,0.040769,0.029784,-0.003051,-0.852949,-0.521519,-0.022235,0.395215,-0.67303,0.625168,-0.341002,0.524449,0.780172,0.000594,-0.006869,0.00313,-0.050836,0.125527,-0.214189,-0.906061,0.0769,0.019191,-0.058131,-0.507758,0.122825,-0.852698,-0.430184,-0.893701,0.127432,-0.746406,0.431522,0.506622,0.007032,-0.000194,-0.00014,0.000642,-0.015886,0.029025,0.470911
589,0.123294,-0.011135,0.363377,-0.417775,0.131946,-0.898943,-0.54188,-0.83034,0.129898,-0.728776,0.541219,0.419516,0.014064,-0.00036,-0.000244,0.006597,0.008968,0.041238,0.471995,-0.157638,0.017249,0.347432,0.724535,0.686213,-0.064438,-0.494529,0.582855,0.644714,0.479045,-0.436117,0.761696,0.001128,-0.012394,0.007254,-0.036464,0.009414,-0.018787,-1.409719,0.04085,0.029693,-0.003038,-0.852665,-0.522049,-0.020639,0.396303,-0.672014,0.625572,-0.340449,0.525224,0.779893,3.5e-05,-0.000787,-0.000585,-3.5e-05,-0.000102,-0.000157,-0.905081,0.077136,0.019175,-0.05813,-0.50855,0.125968,-0.851767,-0.430843,-0.893718,0.125064,-0.745486,0.430579,0.508773,0.000168,0.000844,0.000664,-0.005248,-0.00228,0.001282,0.457684
590,0.1235,-0.011104,0.363389,-0.417256,0.132263,-0.899138,-0.542085,-0.830289,0.129367,-0.728922,0.54122,0.419263,0.014386,0.001286,0.001062,0.001912,-0.027282,0.055474,0.469876,-0.157571,0.017152,0.347453,0.724358,0.686486,-0.063515,-0.495007,0.582158,0.644976,0.478819,-0.43662,0.761551,7.2e-05,-0.001571,-0.001163,0.0,-0.0,-0.0,-1.409455,0.040884,0.029641,-0.003024,-0.852496,-0.52236,-0.019708,0.396932,-0.671407,0.625825,-0.340138,0.525691,0.779714,0.006603,-0.000479,-0.000918,-0.010803,0.086153,-0.141444,-0.904591,0.077239,0.019188,-0.058127,-0.507971,0.126162,-0.852084,-0.431124,-0.893633,0.124701,-0.745718,0.430698,0.508332,0.000197,0.000998,0.000787,-0.002525,-0.006771,-0.002868,0.453602
591,0.123903,-0.011008,0.363492,-0.41748,0.135344,-0.898575,-0.542638,-0.830294,0.126992,-0.728382,0.540445,0.421196,0.014754,0.003211,0.002583,0.001963,-0.027063,0.055582,0.469492,-0.157537,0.016985,0.347525,0.728104,0.682654,-0.061962,-0.492339,0.583873,0.645468,0.475881,-0.440322,0.76126,1.7e-05,-0.000362,-0.000268,0.0,-0.0,-0.0,-1.409503,0.040901,0.029556,-0.002989,-0.855293,-0.51783,-0.018013,0.39399,-0.672539,0.626467,-0.336518,0.528716,0.779239,0.000541,-0.005683,0.004008,-0.036462,0.009257,-0.018989,-0.903448,0.07744,0.019234,-0.058076,-0.508499,0.129183,-0.851316,-0.431887,-0.893587,0.122373,-0.744917,0.429899,0.510181,0.007325,0.001347,0.00108,-0.002133,-0.023135,0.026002,0.450336
592,0.124282,-0.010852,0.363616,-0.42082,0.136694,-0.896811,-0.542487,-0.830246,0.12795,-0.726567,0.540179,0.424658,0.014905,0.004059,0.003245,0.0019,-0.027333,0.055449,0.468157,-0.157475,0.016842,0.347612,0.735941,0.674289,-0.060961,-0.485837,0.588823,0.645898,0.470479,-0.446576,0.760975,0.001069,-0.011042,0.00826,-0.036463,0.009383,-0.018805,-1.409807,0.040932,0.029489,-0.002948,-0.861193,-0.508002,-0.016728,0.386621,-0.676074,0.627253,-0.329955,0.533719,0.778634,-0.0,3.6e-05,2.7e-05,0.000474,-0.000308,-0.000347,-0.900345,0.07763,0.019313,-0.058013,-0.511791,0.130026,-0.849212,-0.431664,-0.893562,0.123332,-0.742789,0.429695,0.513445,0.007412,0.001831,0.001459,-0.001085,-0.021529,0.02719,0.44805
593,0.12448,-0.010756,0.363679,-0.423252,0.135391,-0.895864,-0.54209,-0.830092,0.130601,-0.725448,0.540744,0.42585,0.014961,0.004391,0.003501,0.001832,-0.027624,0.055306,0.469849,-0.157469,0.016783,0.347667,0.739766,0.670163,-0.060163,-0.482761,0.591078,0.646145,0.46764,-0.449796,0.760828,-2e-06,4.7e-05,3.4e-05,-0.000808,0.008677,0.010218,-1.409619,0.040935,0.029456,-0.002917,-0.864034,-0.503185,-0.015771,0.383168,-0.677621,0.627703,-0.326537,0.536314,0.778292,0.000534,-0.005477,0.004163,-0.050958,0.139587,-0.155534,-0.89659,0.077729,0.019361,-0.057982,-0.513946,0.128347,-0.848166,-0.431048,-0.893489,0.125988,-0.741657,0.430352,0.514529,0.000534,0.002751,0.002169,0.001479,-0.014869,0.026746,0.448214
594,0.124956,-0.01059,0.363811,-0.426226,0.136963,-0.894213,-0.542098,-0.829992,0.131204,-0.723697,0.5405,0.429127,0.001244,0.006439,0.005084,-0.006205,-0.001637,0.007745,0.470589,-0.157393,0.016607,0.347779,0.755655,0.652268,-0.059348,-0.471725,0.605027,0.641366,0.453287,-0.457478,0.764923,0.00107,-0.011044,0.008262,0.189056,0.279521,0.081544,-1.409451,0.040972,0.029373,-0.002864,-0.87548,-0.483037,-0.014395,0.369512,-0.688325,0.624234,-0.311437,0.541187,0.781103,-0.000185,0.000129,7e-06,0.161763,3.304179,4.087901,-0.899692,0.077967,0.019442,-0.057918,-0.516966,0.129542,-0.846146,-0.43101,-0.893428,0.126551,-0.739578,0.430121,0.517706,0.007424,0.001953,0.001545,-0.089974,0.105197,-0.19284,0.450663
595,0.125422,-0.010438,0.36397,-0.425839,0.137218,-0.894359,-0.542331,-0.829897,0.130838,-0.72375,0.54058,0.428936,0.00104,0.005426,0.004275,0.0,0.0,0.0,0.472545,-0.157418,0.016356,0.347966,0.757199,0.650784,-0.055875,-0.47405,0.606538,0.638218,0.448267,-0.457591,0.767809,0.0,-0.0,-0.0,0.062906,-0.03342,-0.026565,-1.409488,0.04096,0.029243,-0.002767,-0.876854,-0.480633,-0.010845,0.37121,-0.691216,0.620018,-0.305498,0.53964,0.784512,2e-06,3e-06,4e-06,0.018847,-0.033088,-0.028254,-0.900345,0.078206,0.019523,-0.057834,-0.516529,0.12981,-0.846372,-0.431306,-0.893334,0.126208,-0.73971,0.430236,0.51742,0.007498,0.002385,0.001877,0.002023,-0.027901,0.055254,0.451153
596,0.125864,-0.010312,0.364133,-0.429747,0.135231,-0.89279,-0.542078,-0.829355,0.13525,-0.721623,0.541914,0.430833,0.000908,0.004773,0.003753,-0.0,0.0,-0.0,0.474518,-0.1575,0.016042,0.348126,0.772224,0.633495,-0.048437,-0.468063,0.618966,0.63066,0.428517,-0.465138,0.774521,0.000109,-0.002381,-0.001765,0.098223,0.250692,0.33169,-1.409755,0.040919,0.029091,-0.002684,-0.887403,-0.460984,-0.002834,0.362762,-0.70209,0.612757,-0.284461,0.542735,0.790265,-0.005982,-0.007426,0.003284,-0.037317,1.032935,1.150488,-0.901815,0.078427,0.019587,-0.057752,-0.520049,0.127285,-0.844598,-0.430715,-0.892983,0.13063,-0.737585,0.431715,0.519219,0.007407,0.001962,0.00154,0.003062,-0.029045,0.057451,0.453766
