frame,MLTx,MLTy,MLTz,MLTR1,MLTR2,MLTR3,MLTR4,MLTR5,MLTR6,MLTR7,MLTR8,MLTR9,MLTTVx,MLTTVy,MLTTVz,MLTRVx,MLTRVy,MLTRVz,MLGA,MRTx,MRTy,MRTz,MRTR1,MRTR2,MRTR3,MRTR4,MRTR5,MRTR6,MRTR7,MRTR8,MRTR9,MRTTVx,MRTTVy,MRTTVz,MRTRVx,MRTRVy,MRTRVz,MRGA,SLTx,SLTy,SLTz,SLTR1,SLTR2,SLTR3,SLTR4,SLTR5,SLTR6,SLTR7,SLTR8,SLTR9,SLTTVx,SLTTVy,SLTTVz,SLTRVx,SLTRVy,SLTRVz,SLGA,SRTx,SRTy,SRTz,SRTR1,SRTR2,SRTR3,SRTR4,SRTR5,SRTR6,SRTR7,SRTR8,SRTR9,SRTTVx,SRTTVy,SRTTVz,SRTRVx,SRTRVy,SRTRVz,SRGA
1,0.089578,0.042976,0.37596,0.12361,0.446467,-0.886247,-0.970457,-0.131983,-0.201904,-0.207275,0.884469,0.418066,-0.040373,-0.033099,-0.049123,0.066774,-0.00734,-0.031121,0.296999,-0.141753,0.018894,0.316361,-0.643465,0.478465,0.597509,-0.659659,-0.742582,-0.115569,0.389217,-0.469094,0.792669,-0.029741,0.01665,-0.035723,0.334932,0.067722,0.700839,-0.284894,0.023221,0.031288,-0.0221,0.771846,-0.402184,0.492443,0.535023,0.829297,-0.161289,-0.343514,0.387959,0.855268,-0.014819,0.007961,-0.018171,1.056708,-0.10526,1.837393,-0.436437,0.081576,0.044414,-0.051824,0.213981,0.421368,-0.881283,-0.975216,0.040196,-0.217569,-0.056252,0.905998,0.419526,-0.020232,-0.016804,-0.024688,0.064735,-0.003854,-0.033054,0.148739
2,0.088762,0.042304,0.375051,0.118907,0.447514,-0.886362,-0.969657,-0.139598,-0.200622,-0.213671,0.882768,0.41844,-0.040259,-0.032017,-0.048882,0.066937,-0.021775,-0.006037,0.326443,-0.142323,0.019314,0.315614,-0.609262,0.510645,0.606657,-0.699548,-0.706362,-0.107792,0.374248,-0.490678,0.786789,-0.031129,0.028675,-0.042803,0.063864,0.35831,0.594847,-0.299736,0.022925,0.031507,-0.022484,0.743269,-0.43944,0.504422,0.580591,0.798311,-0.160035,-0.33236,0.411813,0.848496,-0.015552,0.014519,-0.021224,0.052602,0.364898,0.61059,-0.451133,0.081166,0.044072,-0.052282,0.209507,0.423248,-0.881457,-0.975784,0.032541,-0.216301,-0.062865,0.905429,0.419816,-0.020147,-0.016169,-0.024513,0.066149,-0.020952,-0.006249,0.196256
3,0.086919,0.04085,0.37336,0.11345,0.447435,-0.887117,-0.965463,-0.161032,-0.204749,-0.234615,0.879153,0.414817,-0.053952,-0.039699,-0.039139,0.031835,0.10723,-0.218664,0.372923,-0.143278,0.020372,0.314161,-0.51559,0.580903,0.629848,-0.789798,-0.607208,-0.08632,0.332962,-0.542666,0.771046,-0.016604,0.022801,-0.031665,0.855408,0.713872,2.279438,-0.3445,0.022454,0.032026,-0.0232,0.66607,-0.521229,0.533544,0.683097,0.713536,-0.155705,-0.299545,0.468174,0.831315,-0.009006,0.017171,-0.019501,3.687622,-0.020656,5.316342,-0.484771,0.080243,0.043341,-0.05313,0.204169,0.424094,-0.882302,-0.975313,0.010667,-0.220565,-0.084128,0.905554,0.415802,-0.026964,-0.0199,-0.019573,0.026437,0.112402,-0.225233,0.272513
4,0.084829,0.039135,0.371854,0.114288,0.445509,-0.887978,-0.961349,-0.175681,-0.211932,-0.250569,0.877326,0.409317,-0.056026,-0.051092,-0.031822,0.110901,-0.097226,0.113915,0.40704,-0.143846,0.02159,0.312837,-0.395401,0.652715,0.64623,-0.880773,-0.46898,-0.065045,0.261121,-0.5957,0.759487,-0.016933,0.0268,-0.027993,1.054154,0.247023,2.186599,-0.39085,0.022171,0.032618,-0.02385,0.561479,-0.607294,0.56208,0.791572,0.592135,-0.150959,-0.241151,0.529688,0.813189,-0.00165,0.013765,-0.014407,1.034697,0.396455,2.351732,-0.532452,0.07924,0.042519,-0.053856,0.204061,0.422451,-0.883115,-0.973864,-0.004298,-0.227086,-0.099728,0.906375,0.410533,-0.02783,-0.025131,-0.015611,1.252602,-1.393097,1.93126,0.331624
5,0.082677,0.037404,0.370428,0.114413,0.446857,-0.887284,-0.957216,-0.189282,-0.218818,-0.265878,0.873804,0.407187,-0.056528,-0.050493,-0.032333,0.472964,0.101651,-0.214679,0.41031,-0.144057,0.022756,0.311685,-0.256295,0.696713,0.669997,-0.949354,-0.311691,-0.038867,0.182089,-0.646881,0.74044,-0.003375,0.027771,-0.028553,4.438878,0.534185,6.724974,-0.429677,0.022059,0.033222,-0.024434,0.435892,-0.671444,0.599299,0.883299,0.446843,-0.141821,-0.172568,0.591179,0.787862,-0.001045,0.008249,-0.010381,3.38734,0.443628,5.15794,-0.566906,0.078144,0.041637,-0.054584,0.205242,0.423322,-0.882425,-0.971901,-0.018017,-0.234697,-0.115251,0.9058,0.407729,-0.027663,-0.020051,-0.020519,1.640624,0.246597,-0.568763,0.357261
6,0.081598,0.036538,0.369709,0.107513,0.448103,-0.887519,-0.953148,-0.207338,-0.220206,-0.282834,0.869057,0.405922,-0.055659,-0.039816,-0.041419,4.938896,1.143851,-2.147094,0.406814,-0.143954,0.023264,0.311214,-0.199272,0.701533,0.684203,-0.968419,-0.24762,-0.02799,0.150051,-0.669035,0.727832,-0.003613,0.030412,-0.02612,3.568395,0.482328,5.440046,-0.471875,0.022111,0.033471,-0.024674,0.380447,-0.685042,0.621269,0.913254,0.384125,-0.135695,-0.145689,0.619002,0.771757,0.005662,0.009825,-0.009748,-0.064744,0.785612,1.804636,-0.597605,0.077625,0.041219,-0.054928,0.200862,0.424746,-0.882748,-0.971235,-0.0313,-0.236057,-0.127894,0.904771,0.406241,-0.027632,-0.019433,-0.020354,0.029716,0.016194,-0.058513,0.358894
7,0.079393,0.034806,0.368348,0.108305,0.446249,-0.888356,-0.946406,-0.227147,-0.229545,-0.304364,0.865053,0.398838,-0.057197,-0.049349,-0.032928,0.000476,0.027704,-0.06132,0.397606,-0.143288,0.023945,0.310554,-0.071134,0.69295,0.717462,-0.996332,-0.083205,-0.018261,0.047149,-0.716983,0.695396,0.012534,0.008652,-0.011562,2.744706,2.293825,1.185401,-0.567479,0.022437,0.033823,-0.025005,0.253287,-0.69794,0.669869,0.965883,0.221097,-0.134853,-0.053987,0.681171,0.73013,0.01233,0.01046,-0.009808,5.082854,0.635601,6.039659,-0.673371,0.07648,0.040318,-0.055637,0.198875,0.42383,-0.883637,-0.967674,-0.057766,-0.245496,-0.155093,0.903897,0.398641,-0.028586,-0.024698,-0.016451,-0.007966,0.035358,-0.071003,0.352199
8,0.077204,0.032886,0.366933,0.122264,0.440844,-0.889243,-0.938301,-0.240597,-0.248345,-0.323592,0.864194,0.385335,-0.046016,-0.053952,-0.036865,1.264526,-1.523459,2.127685,0.391231,-0.142482,0.02427,0.310015,0.077465,0.659708,0.747513,-0.990115,0.138645,-0.0196,-0.116646,-0.73942,0.662959,0.01408,-0.004949,-0.006061,4.679712,0.42813,4.537772,-0.626971,0.02284,0.033994,-0.025274,0.109729,-0.684235,0.720958,0.989228,0.004475,-0.146312,0.096885,0.729247,0.677356,0.013094,0.004301,-0.006575,2.419515,0.528644,2.618558,-0.682189,0.075404,0.03938,-0.056329,0.209282,0.417354,-0.884316,-0.962435,-0.07205,-0.261774,-0.172967,0.905883,0.386598,-0.028702,-0.020493,-0.022001,0.026817,-0.067799,0.088841,0.341585
9,0.076187,0.031913,0.366179,0.12333,0.440196,-0.889417,-0.931542,-0.257518,-0.256683,-0.342194,0.85964,0.379408,-0.04653,-0.054544,-0.037769,0.143374,-0.04173,0.070307,0.390915,-0.142003,0.024271,0.309881,0.142876,0.63104,0.762473,-0.970263,0.241265,-0.017713,-0.195292,-0.738049,0.645761,0.027495,-0.002637,-0.005476,1.132196,0.778927,1.109735,-0.663512,0.023075,0.033992,-0.025343,0.040077,-0.665681,0.745159,0.983549,-0.105177,-0.146857,0.176134,0.738787,0.650515,0.006973,-0.001736,-0.002324,4.395992,0.683498,4.109049,-0.700314,0.074896,0.038894,-0.056705,0.212608,0.415246,-0.884515,-0.957919,-0.090072,-0.272537,-0.192841,0.905239,0.378622,-0.02872,-0.020054,-0.021953,0.507601,0.008526,-0.024146,0.339625
10,0.074406,0.029991,0.364506,0.134452,0.437119,-0.889322,-0.92211,-0.273331,-0.273816,-0.362945,0.856326,0.367429,-0.032766,-0.045718,-0.048508,0.036172,-0.104276,0.156589,0.385155,-0.140903,0.024147,0.309927,0.222403,0.590549,0.775745,-0.936194,0.351389,0.00105,-0.272225,-0.727212,0.630015,0.028219,-0.007187,0.008325,0.942953,0.705093,1.253901,-0.738094,0.023625,0.033921,-0.025334,-0.041097,-0.63827,0.768714,0.966931,-0.21922,-0.130327,0.251701,0.737938,0.626173,0.020131,0.003232,0.00076,4.210102,-0.425873,4.11642,-0.740484,0.074016,0.037943,-0.057522,0.22274,0.410411,-0.884279,-0.951158,-0.107384,-0.289425,-0.213741,0.905555,0.366447,-0.022575,-0.021132,-0.023107,0.037686,-0.09442,0.134352,0.336196
11,0.073,0.028322,0.362809,0.137677,0.436525,-0.889121,-0.916945,-0.283167,-0.281069,-0.374643,0.85343,0.36239,-0.044047,-0.037832,-0.044053,0.034489,-0.103179,0.150398,0.381569,-0.139621,0.023977,0.310193,0.314077,0.565697,0.762453,-0.888382,0.458291,0.026075,-0.335046,-0.686242,0.645507,0.028362,-0.008336,0.007242,4.183035,0.07477,3.682897,-0.738703,0.024277,0.033843,-0.025189,-0.13665,-0.624822,0.768715,0.937451,-0.332371,-0.103511,0.320174,0.706488,0.631159,0.014191,-0.004226,0.00361,4.198301,0.07798,3.653955,-0.751261,0.073298,0.037085,-0.058393,0.225853,0.409241,-0.884031,-0.94767,-0.11789,-0.296687,-0.225635,0.904777,0.3612,-0.015623,-0.020368,-0.022898,0.03102,-0.017747,0.006952,0.327542
12,0.07171,0.026876,0.361083,0.137406,0.43612,-0.889362,-0.916505,-0.284491,-0.281166,-0.375816,0.853198,0.361722,-0.028651,-0.025589,-0.052021,0.067015,-0.038666,0.022476,0.391459,-0.138478,0.023783,0.310521,0.369598,0.545534,0.752184,-0.853664,0.518964,0.043227,-0.367216,-0.658769,0.656537,0.027936,-0.004073,0.011139,0.374497,-0.246152,0.713775,-0.743835,0.024838,0.033742,-0.025035,-0.19532,-0.611859,0.766471,0.913135,-0.39859,-0.085492,0.357817,0.683194,0.636562,0.020732,-0.001431,0.005318,1.260462,-0.175228,1.490396,-0.753384,0.072646,0.036355,-0.059254,0.225625,0.408855,-0.884267,-0.94746,-0.119163,-0.296847,-0.22674,0.904785,0.360487,-0.014768,-0.017642,-0.021309,0.030399,0.06655,-0.139089,0.330971
13,0.071143,0.026277,0.36024,0.137785,0.435561,-0.889577,-0.915689,-0.286247,-0.282043,-0.377666,0.852896,0.360504,-0.027589,-0.022395,-0.049999,1.326358,-1.375049,1.844251,0.399057,-0.137917,0.023738,0.310713,0.383024,0.537499,0.751251,-0.841711,0.538043,0.044343,-0.380829,-0.64999,0.657529,0.014415,-0.005321,0.011553,1.399791,1.604488,-1.142384,-0.801388,0.025129,0.03372,-0.024933,-0.210892,-0.605785,0.767169,0.903853,-0.419721,-0.082961,0.372254,0.675913,0.636056,0.007189,-0.002559,0.005837,1.394146,1.600583,-1.14479,-0.766447,0.072352,0.036046,-0.059696,0.22522,0.408551,-0.884512,-0.947173,-0.120949,-0.297041,-0.228337,0.904686,0.359728,-0.013641,-0.010874,-0.024744,1.32355,-1.375988,1.844993,0.337992
14,0.070059,0.025253,0.358677,0.127613,0.437508,-0.890139,-0.91225,-0.300371,-0.278476,-0.389374,0.847023,0.361893,-0.026826,-0.026907,-0.037332,0.032455,0.06732,-0.139763,0.42008,-0.13691,0.023664,0.311123,0.399577,0.527559,0.749674,-0.821859,0.568348,0.038249,-0.406375,-0.632068,0.659707,0.027754,-0.002416,0.012621,4.228162,-0.134859,3.724019,-0.972078,0.025612,0.033681,-0.024734,-0.224275,-0.599133,0.768595,0.890286,-0.446729,-0.088448,0.396346,0.664433,0.63359,0.007173,-0.002396,0.00599,0.1634,-0.501558,-0.107391,-0.79143,0.071819,0.035542,-0.060465,0.216368,0.411871,-0.885181,-0.946052,-0.135527,-0.294307,-0.241183,0.901107,0.360328,-0.013153,-0.012832,-0.018177,0.03407,0.054084,-0.115766,0.360037
15,0.068913,0.024265,0.357555,0.117254,0.439505,-0.89058,-0.908939,-0.313721,-0.274554,-0.400215,0.84113,0.363806,-0.038067,-0.026008,-0.020769,-0.002813,0.073012,-0.133774,0.437182,-0.136046,0.023754,0.311494,0.414423,0.51204,0.75237,-0.803586,0.593879,0.038611,-0.427543,-0.621235,0.656611,0.012807,0.007482,0.005262,-0.044601,0.09036,0.10444,-1.007694,0.026059,0.033729,-0.024541,-0.244068,-0.584777,0.773606,0.872999,-0.479844,-0.087293,0.422257,0.654052,0.627625,0.013805,-0.000676,0.006765,-0.100457,0.217358,-0.001041,-0.784409,0.071249,0.035044,-0.061035,0.206509,0.415648,-0.885771,-0.945181,-0.149296,-0.290418,-0.252954,0.897188,0.362032,-0.012655,-0.014808,-0.011522,-0.003215,0.07288,-0.12876,0.387633
16,0.068333,0.023719,0.357176,0.114827,0.439855,-0.890723,-0.909244,-0.31454,-0.2726,-0.400224,0.840641,0.364926,-0.037065,-0.023069,-0.018671,-0.002811,0.073003,-0.133779,0.438947,-0.135719,0.023856,0.311642,0.417095,0.507269,0.754123,-0.800227,0.598286,0.040304,-0.431236,-0.620913,0.654496,0.026214,0.009569,0.005572,-0.026607,0.016486,0.130236,-1.008223,0.026218,0.033779,-0.024467,-0.247155,-0.580176,0.776085,0.870543,-0.484677,-0.085093,0.42552,0.654585,0.624859,0.006386,0.003825,0.002688,-0.041923,0.147191,-0.095515,-0.783593,0.070946,0.034762,-0.061232,0.204081,0.416449,-0.885957,-0.94568,-0.150077,-0.288383,-0.253059,0.896686,0.3632,-0.018391,-0.011202,-0.009065,-0.003647,0.072812,-0.133485,0.396777
17,0.067208,0.022711,0.356663,0.105467,0.441833,-0.890902,-0.90338,-0.331846,-0.271579,-0.415775,0.832916,0.365252,-0.021687,-0.019434,-0.0156,0.441659,0.178719,-0.260895,0.427901,-0.135129,0.024239,0.311904,0.419038,0.497645,0.75944,-0.799212,0.599025,0.048606,-0.431237,-0.627942,0.647755,0.012597,0.008971,0.006591,-0.074158,0.11812,0.166218,-1.007315,0.026518,0.033971,-0.024336,-0.249603,-0.571233,0.781914,0.870741,-0.485695,-0.076871,0.423683,0.661658,0.618627,0.013028,0.005279,0.003212,-0.089018,0.144557,0.189388,-0.783593,0.070391,0.034264,-0.061483,0.195532,0.419889,-0.886261,-0.942998,-0.167654,-0.28748,-0.269295,0.891955,0.363173,-0.018011,-0.013538,-0.002536,1.453938,0.549448,-0.763732,0.397104
18,0.066031,0.021949,0.356315,0.091752,0.447313,-0.889684,-0.883559,-0.375413,-0.279929,-0.459337,0.811216,0.36189,-0.021744,-0.026408,-0.004239,0.410456,0.102562,-0.100706,0.404861,-0.1346,0.024605,0.312143,0.421512,0.492525,0.761405,-0.798041,0.600148,0.05373,-0.430998,-0.630895,0.645039,0.012583,0.008868,0.006476,-0.034333,0.041555,0.108278,-1.007787,0.026782,0.034155,-0.024216,-0.252433,-0.5665,0.784445,0.870429,-0.487053,-0.071631,0.422646,0.664723,0.616046,0.006308,0.004277,0.003085,-0.033668,0.037957,0.104299,-0.782286,0.069804,0.03389,-0.061658,0.182829,0.427749,-0.885213,-0.930938,-0.214183,-0.295769,-0.316113,0.878154,0.359049,-0.01657,-0.006001,-0.005211,1.485455,0.524774,-0.722314,0.37408
19,0.06545,0.021542,0.356209,0.09179,0.447761,-0.889455,-0.871295,-0.396269,-0.289462,-0.482196,0.80099,0.354865,-0.034926,-0.02347,-0.002537,0.78651,-0.300072,0.440387,0.393794,-0.134373,0.024763,0.312271,0.422041,0.492385,0.761203,-0.797818,0.600409,0.054118,-0.430893,-0.630755,0.645246,0.012593,0.008695,0.006309,0.003671,-0.030735,0.053509,-1.008899,0.026896,0.034234,-0.024152,-0.252953,-0.566543,0.784246,0.870307,-0.487316,-0.071328,0.422586,0.664492,0.616335,0.006305,0.004259,0.003065,0.006813,-0.02615,0.020051,-0.780327,0.069508,0.033682,-0.061709,0.182622,0.428266,-0.885006,-0.922322,-0.237157,-0.305086,-0.340543,0.871977,0.351689,-0.017387,-0.011531,-0.001102,0.823736,-0.339531,0.493481,0.359057
20,0.06447,0.02059,0.356044,0.090155,0.449825,-0.88858,-0.850093,-0.430004,-0.30399,-0.518956,0.782222,0.344732,-0.021466,-0.025256,-0.003503,-0.030094,-0.135065,0.249822,0.379485,-0.133859,0.02516,0.312551,0.427105,0.487092,0.761783,-0.793244,0.606144,0.05732,-0.434343,-0.62937,0.644284,0.012374,0.010274,0.007717,-0.162128,0.282346,0.290863,-1.00843,0.027158,0.034434,-0.024012,-0.258305,-0.563254,0.784871,0.866938,-0.493625,-0.068932,0.426259,0.662629,0.615812,0.006175,0.005194,0.003898,-0.236617,0.424618,0.399963,-0.78147,0.069026,0.033216,-0.06179,0.181204,0.430589,-0.88417,-0.907017,-0.27432,-0.31948,-0.38011,0.85985,0.340843,-0.017194,-0.010849,-0.000625,-0.039046,-0.013707,0.040285,0.334237
21,0.063639,0.019616,0.355941,0.079363,0.452623,-0.888189,-0.837536,-0.452849,-0.305669,-0.540675,0.767585,0.344254,-0.021272,-0.024529,-0.003023,-0.035212,0.064111,-0.094107,0.362492,-0.133341,0.025595,0.312877,0.429001,0.484341,0.762471,-0.792357,0.607008,0.06038,-0.434097,-0.630656,0.643191,0.012211,0.011335,0.008645,-0.098179,0.246678,0.015177,-1.010624,0.027412,0.034647,-0.023852,-0.260695,-0.560065,0.786361,0.866578,-0.494775,-0.065102,0.425533,0.664472,0.614326,0.006082,0.005828,0.004459,-0.127132,0.21545,0.240334,-0.781633,0.068603,0.032721,-0.061841,0.171168,0.435211,-0.883907,-0.89862,-0.298876,-0.321176,-0.403958,0.849272,0.339932,-0.010614,-0.012196,-0.00145,-0.038262,0.063905,-0.0932,0.310396
22,0.062843,0.018661,0.355902,0.068903,0.454476,-0.888116,-0.826639,-0.472307,-0.305887,-0.558575,0.754661,0.344248,-0.020197,-0.021621,-0.000776,4.873183,1.740123,-1.971634,0.358846,-0.132745,0.026048,0.313249,0.430099,0.484004,0.762067,-0.791888,0.607535,0.061223,-0.433867,-0.630408,0.643591,0.012162,0.01143,0.008695,-0.011006,0.082783,-0.109126,-1.009414,0.027715,0.03488,-0.023661,-0.261845,-0.559481,0.786395,0.866344,-0.495336,-0.063942,0.425305,0.664546,0.614405,0.006075,0.005723,0.004343,-0.010147,0.080618,-0.111052,-0.778857,0.068204,0.03224,-0.061863,0.161981,0.438584,-0.883971,-0.891859,-0.318305,-0.321354,-0.422313,0.840431,0.339596,-0.010052,-0.010931,-0.000347,4.878437,1.732784,-1.964887,0.297823
23,0.062506,0.01828,0.355844,0.06969,0.454623,-0.887979,-0.822409,-0.477566,-0.309105,-0.56469,0.751257,0.341709,-0.018607,-0.010385,-0.009,1.263478,-1.402104,1.905215,0.35849,-0.132492,0.026229,0.313445,0.430525,0.483875,0.761908,-0.791751,0.607674,0.061614,-0.433695,-0.630372,0.643741,0.01218,0.01116,0.008435,0.004255,-0.0318,0.0527,-1.009132,0.027841,0.034971,-0.023562,-0.262293,-0.559428,0.786283,0.86628,-0.495498,-0.06356,0.425159,0.664471,0.614587,0.006087,0.005568,0.004195,0.004171,-0.032088,0.052291,-0.77951,0.068043,0.032055,-0.061888,0.159534,0.439443,-0.88399,-0.888902,-0.325571,-0.322266,-0.429419,0.837193,0.338682,-0.009852,-0.010147,0.000136,-0.039153,0.051211,-0.070911,0.295537
24,0.061946,0.017685,0.355761,0.066913,0.455515,-0.887736,-0.81166,-0.492546,-0.313973,-0.580362,0.74098,0.337869,-0.018233,-0.016523,0.003261,0.344778,-0.384241,0.525963,0.356018,-0.131971,0.026615,0.313804,0.431971,0.483515,0.761318,-0.79117,0.608317,0.062716,-0.433318,-0.630027,0.644332,0.012187,0.010852,0.008127,0.00426,-0.031796,0.052702,-1.01176,0.028102,0.035164,-0.023383,-0.263831,-0.559257,0.78589,0.865939,-0.496236,-0.062429,0.424901,0.664063,0.615205,0.006091,0.005405,0.004034,0.004108,-0.03179,0.052579,-0.77951,0.067761,0.031756,-0.061936,0.158733,0.440354,-0.88368,-0.880211,-0.342325,-0.328696,-0.447248,0.830001,0.333266,-0.009054,-0.008103,0.001763,1.226165,-1.395165,1.913239,0.292434
25,0.061385,0.01722,0.355794,0.062579,0.456275,-0.887661,-0.805425,-0.502082,-0.31492,-0.589455,0.734084,0.33718,-0.015992,-0.003691,-0.003663,-0.001313,0.02904,-0.054558,0.361631,-0.131462,0.027089,0.314147,0.433459,0.483131,0.760716,-0.790486,0.609101,0.063732,-0.433083,-0.629564,0.644944,0.011977,0.012209,0.009305,0.004265,-0.031796,0.052702,-1.010765,0.028352,0.035394,-0.023217,-0.265372,-0.559068,0.785505,0.865514,-0.497104,-0.061402,0.424806,0.663572,0.6158,0.005966,0.006244,0.004766,-0.008937,0.066108,-0.085805,-0.780163,0.067481,0.031522,-0.061916,0.155357,0.441696,-0.88361,-0.875466,-0.352804,-0.330284,-0.457626,0.824883,0.33188,-0.008588,-0.006899,0.00273,-0.038108,0.050712,-0.070697,0.292108
26,0.061102,0.017037,0.35588,0.061377,0.456294,-0.887735,-0.805781,-0.502162,-0.313881,-0.589094,0.734017,0.337956,-0.016045,-0.01098,0.007731,-0.034683,0.035287,-0.044149,0.370559,-0.131163,0.027288,0.314326,0.434498,0.48058,0.761739,-0.790004,0.609456,0.066267,-0.432922,-0.631168,0.643481,0.012174,0.010561,0.007819,-0.194838,0.336498,0.332234,-1.009462,0.028496,0.035494,-0.023127,-0.266052,-0.558974,0.785342,0.865364,-0.497429,-0.060888,0.424687,0.663409,0.616058,0.012754,0.006126,0.003858,0.006239,-0.046991,0.08188,-0.779021,0.067343,0.031429,-0.061879,0.154213,0.441915,-0.883701,-0.87585,-0.3528,-0.329269,-0.457279,0.824767,0.332645,-0.007922,-0.005237,0.004079,-0.036233,0.035014,-0.04394,0.299293
27,0.0606,0.01676,0.356231,0.053517,0.457054,-0.887853,-0.800603,-0.511694,-0.31173,-0.596861,0.726932,0.339639,-0.014522,-0.007189,0.010811,-0.034678,0.035296,-0.044147,0.368721,-0.130626,0.027611,0.314557,0.435668,0.47793,0.762737,-0.789426,0.609913,0.068892,-0.432802,-0.632734,0.642022,0.012444,0.008327,0.005812,-0.230488,0.40137,0.381549,-1.010593,0.028765,0.035653,-0.023006,-0.267414,-0.556509,0.786629,0.865211,-0.498017,-0.0582,0.424144,0.665037,0.614675,0.012942,0.004578,0.002469,0.005907,-0.033913,0.055741,-0.777714,0.067082,0.031288,-0.0617,0.146521,0.444043,-0.883943,-0.872479,-0.363094,-0.327019,-0.466166,0.819138,0.334217,-0.00719,-0.003404,0.005566,-0.035994,0.035073,-0.043694,0.307457
28,0.060187,0.01635,0.356751,0.046123,0.457898,-0.887833,-0.795595,-0.520559,-0.309869,-0.604124,0.720077,0.341396,-0.013876,-0.005576,0.012125,-0.034358,0.035401,-0.044277,0.373046,-0.130022,0.027952,0.314744,0.437636,0.475128,0.763361,-0.788445,0.610825,0.07198,-0.432606,-0.633961,0.640943,0.012548,0.007379,0.004954,-0.01526,0.090236,-0.103446,-1.009399,0.029076,0.035834,-0.022912,-0.270292,-0.551541,0.789141,0.864784,-0.499359,-0.052808,0.423191,0.668163,0.611937,0.006286,0.00359,0.002377,-0.002214,0.065709,-0.122389,-0.778531,0.066881,0.031087,-0.061443,0.139428,0.44615,-0.884029,-0.86911,-0.372706,-0.325172,-0.474559,0.813657,0.335788,-0.007576,-0.007926,0.010561,-0.068279,0.042063,-0.033622,0.30762
29,0.059933,0.016139,0.357062,0.041719,0.460823,-0.886537,-0.792682,-0.524812,-0.31016,-0.608254,0.715107,0.344494,-0.013823,-0.005429,0.012245,0.014607,0.08655,-0.038526,0.378241,-0.129651,0.028065,0.314824,0.438285,0.474927,0.763113,-0.788164,0.611128,0.072485,-0.432462,-0.63382,0.641181,0.012865,0.004981,0.002821,0.001984,-0.015095,0.029329,-1.008821,0.029256,0.035892,-0.02287,-0.270917,-0.551629,0.788865,0.864616,-0.499684,-0.052482,0.423134,0.667847,0.61232,0.013053,0.003591,0.001576,-0.009065,0.079749,-0.106727,-0.779021,0.066755,0.030984,-0.061286,0.135668,0.450062,-0.88263,-0.866992,-0.377224,-0.325615,-0.479497,0.80941,0.339023,-0.007525,-0.007784,0.010679,0.077375,0.122306,-0.104889,0.312519
30,0.059446,0.015602,0.357801,0.033534,0.464165,-0.88514,-0.787466,-0.533039,-0.309417,-0.615484,0.706814,0.34874,-0.014848,-0.015077,0.021758,0.062587,0.545552,0.248431,0.380574,-0.128876,0.028263,0.314877,0.436967,0.474343,0.764232,-0.787901,0.611638,0.071019,-0.434272,-0.633764,0.640011,0.013079,0.003357,0.001373,-0.013461,0.099264,-0.132638,-1.00972,0.029649,0.03599,-0.022844,-0.269566,-0.550941,0.789807,0.864231,-0.500193,-0.05395,0.42478,0.668033,0.610976,0.006551,0.001598,0.000603,-0.013527,0.099022,-0.132556,-0.779837,0.066512,0.030719,-0.06092,0.128074,0.451943,-0.882804,-0.863772,-0.386564,-0.323211,-0.487333,0.803937,0.340867,-0.007644,-0.008042,0.010477,-0.069743,0.054522,-0.059109,0.319214
31,0.059021,0.015047,0.358555,0.028501,0.464706,-0.885032,-0.785826,-0.536734,-0.30719,-0.617823,0.703657,0.350982,-0.014833,-0.015003,0.021831,-0.068375,0.055878,-0.058756,0.385012,-0.128072,0.02847,0.314908,0.438753,0.473829,0.763527,-0.787027,0.612622,0.072227,-0.434058,-0.633197,0.640717,0.026441,0.004614,0.000869,0.004089,-0.030411,0.058491,-1.007803,0.030036,0.03609,-0.02283,-0.27141,-0.550667,0.789367,0.863674,-0.501282,-0.052739,0.424738,0.667443,0.61165,0.013203,0.002441,0.00054,0.004109,-0.030417,0.058483,-0.778857,0.066305,0.030444,-0.060547,0.123247,0.455942,-0.881434,-0.862323,-0.390371,-0.322503,-0.49113,0.799829,0.345058,-0.007517,-0.007723,0.010742,-0.069431,0.051727,-0.061144,0.325746
32,0.05865,0.014662,0.359162,0.021044,0.465464,-0.884842,-0.776445,-0.549884,-0.307788,-0.629859,0.692928,0.350936,-0.000735,-0.008966,0.010077,-0.033682,0.020534,-0.014646,0.38618,-0.12726,0.028619,0.314939,0.440669,0.473302,0.762749,-0.786138,0.6136,0.07358,-0.433728,-0.632641,0.641488,0.026313,0.005464,0.001605,0.006352,-0.046997,0.081946,-1.009408,0.030448,0.036162,-0.022817,-0.273465,-0.550383,0.788856,0.863102,-0.502413,-0.051329,0.424583,0.666827,0.612429,0.013252,0.002074,0.000203,0.004108,-0.030406,0.05849,-0.775102,0.06611,0.03025,-0.060232,0.11599,0.457954,-0.881376,-0.855388,-0.40496,-0.322983,-0.504833,0.791381,0.344757,-0.006873,-0.002543,0.00627,-0.038082,0.037443,-0.046618,0.329175
33,0.058472,0.014414,0.359409,0.017734,0.465987,-0.884639,-0.769535,-0.558476,-0.309666,-0.63838,0.685672,0.34979,-0.002007,-0.01204,0.00759,4.857784,1.649088,-1.799226,0.385087,-0.126827,0.028722,0.314964,0.441755,0.473007,0.762304,-0.785623,0.614171,0.074328,-0.433559,-0.632308,0.641932,0.026179,0.006349,0.002381,0.006356,-0.046997,0.081945,-1.009667,0.030659,0.03621,-0.022807,-0.274604,-0.55023,0.788567,0.862772,-0.503056,-0.050568,0.424518,0.666468,0.612865,0.013144,0.00281,0.000853,0.004111,-0.030417,0.058499,-0.770039,0.066029,0.030135,-0.060107,0.115434,0.458448,-0.881191,-0.852498,-0.409597,-0.324772,-0.509825,0.788704,0.343545,-0.001509,-0.010814,0.008585,-0.071006,0.043293,-0.032056,0.329338
34,0.058319,0.014041,0.359688,0.028191,0.467161,-0.883749,-0.762269,-0.561822,-0.321363,-0.646681,0.682131,0.341363,-0.001496,-0.010803,0.008596,0.000965,-0.018158,0.038869,0.391419,-0.126097,0.028939,0.315076,0.443616,0.472508,0.761532,-0.784768,0.615101,0.07565,-0.433208,-0.631775,0.642692,0.025942,0.007841,0.003685,0.006363,-0.046996,0.081946,-1.007699,0.031029,0.036319,-0.022751,-0.276622,-0.549965,0.788047,0.862216,-0.504146,-0.049178,0.424337,0.665864,0.613647,0.006386,0.002629,0.0015,0.002071,-0.015208,0.029252,-0.763671,0.065944,0.029939,-0.059969,0.123142,0.458387,-0.880179,-0.843365,-0.419118,-0.336264,-0.523039,0.783721,0.334977,-0.000769,-0.005436,0.004271,0.389237,-0.451895,0.639935,0.333584
35,0.058313,0.013957,0.359789,0.023488,0.468055,-0.883413,-0.7514,-0.574547,-0.324448,-0.659459,0.670833,0.3393,0.000365,0.000881,0.000714,1.464662,0.537922,-0.562546,0.386641,-0.125446,0.029207,0.31523,0.442553,0.474672,0.760805,-0.787589,0.611333,0.076869,-0.429151,-0.633812,0.643409,0.025805,0.008595,0.004334,0.004087,-0.030411,0.058489,-1.007937,0.031355,0.036454,-0.022674,-0.275402,-0.551952,0.787084,0.86465,-0.500062,-0.048133,0.420158,0.667297,0.614964,0.006199,0.003825,0.002552,0.004277,-0.030652,0.053112,-0.75714,0.06594,0.029891,-0.059917,0.119594,0.459884,-0.879888,-0.835566,-0.432032,-0.339377,-0.536214,0.775792,0.332595,0.000235,0.00039,0.00041,4.887633,1.785737,-1.87013,0.335053
36,0.058321,0.013938,0.359801,0.017785,0.468286,-0.883424,-0.74458,-0.583432,-0.324315,-0.66732,0.662963,0.339399,0.013117,-0.003594,-0.002222,4.883249,1.777622,-1.846142,0.385743,-0.125126,0.029375,0.315336,0.44057,0.477066,0.760458,-0.790809,0.607088,0.077454,-0.425245,-0.636096,0.643749,0.012411,0.007492,0.004984,0.002044,-0.015205,0.029245,-1.005413,0.03152,0.036538,-0.022621,-0.273201,-0.554042,0.786382,0.867329,-0.495439,-0.047736,0.416052,0.669012,0.615891,0.006115,0.004328,0.002993,0.004365,-0.03058,0.053203,-0.757629,0.06594,0.029885,-0.059908,0.115869,0.460699,-0.87996,-0.832253,-0.438532,-0.339179,-0.542151,0.77165,0.332606,-4e-06,1e-06,-1e-06,-0.001511,0.000114,0.00038,0.332604
37,0.058352,0.013976,0.359793,0.017079,0.46813,-0.883521,-0.744548,-0.583778,-0.323765,-0.667373,0.662769,0.339673,0.000751,0.001816,0.001471,0.000439,-0.013995,0.02519,0.389925,-0.12452,0.029661,0.315536,0.43658,0.479086,0.761488,-0.794133,0.602901,0.076136,-0.423152,-0.63856,0.642687,0.025837,0.008106,0.003876,0.11021,0.140742,-0.087567,-1.000777,0.031817,0.036685,-0.022517,-0.269017,-0.555567,0.786749,0.869889,-0.490793,-0.049131,0.413427,0.671168,0.615313,0.006249,0.003379,0.00215,0.383734,0.715415,-0.64469,-0.760569,0.065958,0.029899,-0.059916,0.112448,0.461264,-0.880107,-0.829688,-0.443806,-0.338605,-0.546783,0.768291,0.3328,0.000135,0.00033,0.000267,-0.000997,-0.000333,0.000376,0.333257
38,0.058276,0.014096,0.359923,0.007785,0.467819,-0.883816,-0.738607,-0.593061,-0.320483,-0.674103,0.654704,0.342016,-0.011429,0.007657,0.00551,-0.003578,0.097294,-0.178212,0.392241,-0.123932,0.029863,0.315638,0.437468,0.478788,0.761167,-0.793715,0.603369,0.076794,-0.423023,-0.638341,0.64299,0.01303,0.00328,0.00125,0.002045,-0.015205,0.029245,-1.000301,0.032121,0.036792,-0.022462,-0.269859,-0.555329,0.786628,0.869602,-0.491358,-0.048557,0.413481,0.670951,0.615513,0.006536,0.001504,0.000493,0.002148,-0.015317,0.029491,-0.761875,0.06592,0.029958,-0.059852,0.103263,0.462576,-0.880544,-0.825511,-0.453986,-0.335302,-0.554858,0.761524,0.334982,-0.005684,0.003911,0.00282,-0.004435,0.096972,-0.177459,0.338482
39,0.058005,0.01417,0.360253,0.000751,0.470306,-0.882529,-0.731466,-0.601461,-0.321206,-0.681881,0.645195,0.344658,-0.012574,-0.002303,0.014784,-0.031942,0.029941,-0.014225,0.393458,-0.123244,0.030015,0.315672,0.43618,0.480959,0.760537,-0.796549,0.599481,0.077876,-0.418998,-0.640373,0.643604,0.013129,0.002622,0.000663,0.00202,-0.015208,0.029224,-1.000808,0.03246,0.036865,-0.022448,-0.268365,-0.557299,0.785745,0.872025,-0.487132,-0.047672,0.40933,0.672397,0.616709,0.006566,0.001303,0.000313,0.002015,-0.013884,0.029717,-0.763998,0.065791,0.029998,-0.059691,0.096778,0.466476,-0.879223,-0.819902,-0.463441,-0.33613,-0.564264,0.753406,0.337614,-0.006405,-0.001425,0.007175,-0.031424,0.02326,-0.055502,0.339952
40,0.057863,0.014164,0.360449,0.000471,0.470346,-0.882507,-0.731746,-0.601278,-0.320911,-0.681581,0.645335,0.344988,0.000144,-0.006835,0.011806,-0.033679,0.020642,-0.014574,0.395082,-0.12285,0.030089,0.315686,0.434387,0.483282,0.760091,-0.799605,0.595304,0.078612,-0.415016,-0.642522,0.644042,0.0264,0.004334,0.000516,-0.029936,-0.03393,0.02966,-1.000937,0.032652,0.036901,-0.02244,-0.266353,-0.559336,0.784983,0.87456,-0.482619,-0.047141,0.405216,0.673959,0.61772,0.013205,0.002134,0.000216,-0.110292,-0.041977,-0.038313,-0.765141,0.065716,0.03,-0.05959,0.096495,0.46637,-0.87931,-0.82016,-0.46328,-0.33572,-0.563937,0.753571,0.337794,-0.006345,-0.001282,0.007289,-0.034987,0.017091,-0.021603,0.342075
41,0.05755,0.01404,0.360916,-0.003616,0.470348,-0.882499,-0.728962,-0.605301,-0.319682,-0.684543,0.641566,0.346152,-0.013277,-0.003993,0.013415,0.004809,0.049542,-0.059693,0.385901,-0.122049,0.030227,0.315693,0.433724,0.482565,0.760924,-0.7991,0.596114,0.07759,-0.416677,-0.642309,0.643181,0.013221,0.002036,0.000134,0.002045,-0.015205,0.029245,-0.999273,0.033058,0.036969,-0.022438,-0.265688,-0.558553,0.785765,0.874051,-0.483444,-0.048111,0.406746,0.674017,0.61665,0.013226,0.002002,8.9e-05,0.004146,-0.030643,0.058864,-0.76759,0.065565,0.029938,-0.059356,0.092524,0.467036,-0.879384,-0.81817,-0.467684,-0.334468,-0.567482,0.750432,0.338842,-2.2e-05,-0.003623,0.005742,0.095632,0.151002,-0.215382,0.339299
42,0.057223,0.013638,0.361435,-0.01064,0.470389,-0.882421,-0.722897,-0.613273,-0.318258,-0.690865,0.633926,0.347665,-0.014403,-0.00667,0.011259,-0.02285,0.039492,-0.048875,0.380615,-0.12118,0.030388,0.315685,0.430498,0.484338,0.76163,-0.80196,0.592373,0.076741,-0.414518,-0.644436,0.642448,0.026413,0.004235,0.000395,-0.030005,-0.033846,0.029731,-1.000209,0.033497,0.03705,-0.022443,-0.262223,-0.559896,0.785974,0.876251,-0.479343,-0.049123,0.404255,0.675829,0.616304,0.013209,0.002114,0.000179,-0.03065,-0.033026,0.030412,-0.771509,0.065403,0.02974,-0.059093,0.085591,0.468301,-0.879413,-0.813594,-0.476629,-0.332998,-0.575098,0.743987,0.340212,-0.000698,-0.00524,0.00444,0.005048,0.035103,-0.029957,0.329828
43,0.057042,0.013399,0.361716,-0.014426,0.470334,-0.882397,-0.7199,-0.617276,-0.31731,-0.693914,0.630073,0.348596,-0.015343,-0.016082,0.021,-0.064387,0.043109,-0.035018,0.383677,-0.120724,0.03046,0.31569,0.429154,0.483801,0.762728,-0.801777,0.592811,0.075253,-0.416261,-0.644436,0.64132,0.026427,0.004149,0.00031,0.004089,-0.03041,0.058491,-0.999288,0.033705,0.037083,-0.022441,-0.260701,-0.559208,0.786968,0.875967,-0.479699,-0.050683,0.40585,0.676146,0.614906,0.006611,0.001031,5.8e-05,3.9e-05,-0.018114,0.032073,-0.773958,0.065311,0.02962,-0.05896,0.081842,0.4689,-0.879451,-0.811338,-0.48113,-0.33203,-0.578819,0.740706,0.341059,-0.000724,-0.005296,0.004398,-0.02293,0.025027,-0.018925,0.329011
44,0.056648,0.012969,0.362275,-0.016425,0.470342,-0.882357,-0.721139,-0.616798,-0.315421,-0.69258,0.630534,0.35041,-0.01394,-0.005515,0.012195,-0.034706,0.035199,-0.044219,0.385481,-0.11991,0.030582,0.315693,0.427697,0.48593,0.762193,-0.804631,0.588798,0.076278,-0.412227,-0.646514,0.641835,0.026556,0.003391,-0.000375,0.004089,-0.030411,0.058491,-0.990669,0.034122,0.037147,-0.022437,-0.259137,-0.561104,0.786135,0.878366,-0.475389,-0.049769,0.401646,0.677618,0.616046,0.0067,0.000505,-0.00041,0.002244,-0.015082,0.029545,-0.775428,0.065108,0.029399,-0.058673,0.07985,0.469269,-0.879436,-0.812552,-0.480396,-0.330118,-0.577392,0.740949,0.342946,-0.006965,-0.002724,0.006128,-0.035393,0.034967,-0.043983,0.331787
45,0.056231,0.012514,0.362865,-0.018599,0.470629,-0.882161,-0.717858,-0.620374,-0.315892,-0.695922,0.626803,0.35048,-0.013968,-0.005553,0.012167,-0.034427,0.034876,-0.043793,0.382032,-0.119137,0.030701,0.315685,0.429415,0.485496,0.761504,-0.803848,0.589712,0.077473,-0.411971,-0.646006,0.64251,0.013214,0.002081,0.000145,0.002045,-0.015205,0.029245,-0.984665,0.034514,0.037205,-0.022443,-0.261001,-0.560882,0.785677,0.877857,-0.476458,-0.048512,0.401552,0.677051,0.616731,0.01321,0.002113,0.000156,0.004276,-0.030427,0.058617,-0.777224,0.064905,0.029173,-0.058383,0.077856,0.469922,-0.879267,-0.809901,-0.484489,-0.330648,-0.581375,0.737863,0.34287,-0.001074,-0.009712,0.009515,-0.070457,0.043432,-0.032553,0.329338
46,0.055924,0.012173,0.363473,-0.022959,0.470596,-0.882075,-0.715379,-0.624008,-0.314355,-0.698336,0.623213,0.352078,-0.012857,-0.002895,0.014308,-0.034715,0.035173,-0.044235,0.378545,-0.118475,0.030823,0.315654,0.425664,0.487349,0.762426,-0.806894,0.585696,0.076259,-0.409896,-0.648265,0.641561,0.013337,0.001372,-0.000488,0.002045,-0.015205,0.029245,-0.98386,0.034849,0.037268,-0.022458,-0.256973,-0.562233,0.78604,0.880165,-0.472038,-0.049891,0.399091,0.679025,0.616158,0.006676,0.000655,-0.000285,0.002078,-0.014908,0.029713,-0.776735,0.06475,0.028999,-0.058081,0.073501,0.470652,-0.879251,-0.808143,-0.488501,-0.329045,-0.584381,0.734746,0.344449,0.000304,-0.002843,0.006379,-0.033893,0.006687,0.010805,0.327379
47,0.055789,0.012073,0.363801,-0.023555,0.470671,-0.88202,-0.715939,-0.623671,-0.313749,-0.697741,0.623494,0.352759,-0.012184,-0.001298,0.015589,-0.034182,0.02145,-0.018898,0.375722,-0.118181,0.030891,0.315635,0.424122,0.486852,0.763601,-0.806772,0.58608,0.074581,-0.41173,-0.64829,0.64036,0.013216,0.002067,0.000122,0.002045,-0.015205,0.029245,-0.984344,0.034992,0.037299,-0.022468,-0.255339,-0.56156,0.787052,0.879885,-0.472376,-0.051583,0.400752,0.679345,0.614725,0.013209,0.002124,0.00016,0.003431,-0.031599,0.059644,-0.777388,0.064682,0.028948,-0.057919,0.07291,0.470827,-0.879207,-0.808653,-0.488071,-0.328428,-0.583749,0.734919,0.345151,-0.006161,-0.000787,0.007688,-0.035214,0.035014,-0.044066,0.324603
48,0.055545,0.011894,0.364384,-0.027416,0.470646,-0.881922,-0.713232,-0.627309,-0.312658,-0.700363,0.619855,0.353975,-0.012436,-0.001896,0.015104,-0.034624,0.035192,-0.044283,0.376656,-0.117679,0.031062,0.315588,0.425295,0.486535,0.763151,-0.806137,0.586868,0.075252,-0.411767,-0.647814,0.640818,0.011397,0.013767,-0.007116,0.038554,-0.022945,0.048695,-0.982992,0.035243,0.037381,-0.022489,-0.256592,-0.561397,0.786761,0.879462,-0.473243,-0.050859,0.400882,0.678876,0.615158,0.006598,0.0011,0.000107,0.002176,-0.01524,0.029354,-0.777551,0.064562,0.028862,-0.057624,0.069122,0.471474,-0.879165,-0.806637,-0.492125,-0.327334,-0.58699,0.731794,0.346292,0.000523,-0.002323,0.006795,-0.033509,0.007104,0.010809,0.32101
49,0.055422,0.011832,0.364909,-0.03084,0.470629,-0.881818,-0.710297,-0.630972,-0.31197,-0.703194,0.616144,0.354842,0.002894,0.006856,0.005484,0.000558,-0.013652,0.025375,0.382172,-0.117257,0.031222,0.315488,0.426381,0.486237,0.762735,-0.805494,0.58768,0.075794,-0.411903,-0.647301,0.641249,0.013527,0.000306,-0.001444,-0.000321,0.001388,0.005805,-0.979137,0.035458,0.03747,-0.022539,-0.257794,-0.561231,0.786486,0.878983,-0.474195,-0.05027,0.401161,0.678349,0.615557,0.006767,0.000144,-0.000739,-0.000228,0.001376,0.005885,-0.777714,0.064494,0.028828,-0.057358,0.065701,0.472058,-0.879115,-0.804417,-0.496241,-0.326585,-0.59042,0.728632,0.347128,0.001463,0.003487,0.00279,1.4e-05,-0.013735,0.025573,0.325092
50,0.055381,0.011851,0.36514,-0.03386,0.470496,-0.881778,-0.706849,-0.634957,-0.311716,-0.706518,0.612141,0.355165,-0.010209,0.010533,0.007737,-0.000423,0.001073,-0.004172,0.384216,-0.117082,0.031278,0.315434,0.427231,0.483782,0.763819,-0.805064,0.587975,0.078043,-0.411865,-0.648868,0.639688,0.000301,-0.001688,-0.001492,-0.011488,0.019379,0.014895,-0.978686,0.035546,0.037497,-0.022566,-0.258892,-0.558682,0.787939,0.878888,-0.47463,-0.047758,0.400661,0.680147,0.613897,0.006776,0.000104,-0.000773,0.000325,-0.000935,0.003339,-0.777714,0.064478,0.028835,-0.057244,0.0627,0.472453,-0.879121,-0.801716,-0.500775,-0.326304,-0.594406,0.725266,0.347375,0.000666,-0.001987,0.007057,-0.033826,0.006769,0.010938,0.327052
51,0.055346,0.011911,0.365533,-0.036785,0.470445,-0.881688,-0.703559,-0.638704,-0.311502,-0.709645,0.608274,0.355577,0.002478,0.005868,0.004675,0.012408,-0.009441,0.020615,0.384132,-0.116764,0.031332,0.315349,0.425499,0.483287,0.765099,-0.804978,0.588335,0.076196,-0.413821,-0.64891,0.638381,0.000346,-0.001926,-0.001704,-2e-06,4e-06,3e-06,-0.976306,0.035705,0.037524,-0.022609,-0.257,-0.558244,0.788868,0.878611,-0.474928,-0.049847,0.402483,0.680298,0.612536,0.006799,-2.7e-05,-0.000891,-0.000943,-0.001125,0.00657,-0.774612,0.064457,0.028869,-0.057045,0.059792,0.472905,-0.879081,-0.799144,-0.505039,-0.326042,-0.598158,0.722008,0.347722,0.00043,-0.002546,0.006606,0.005407,0.034822,-0.030482,0.329991
52,0.055383,0.012011,0.36583,-0.039706,0.470306,-0.881636,-0.700069,-0.642611,-0.31133,-0.712928,0.604256,0.355859,0.002398,0.005682,0.004517,0.000572,-0.013613,0.025396,0.369449,-0.11651,0.031278,0.315283,0.425637,0.483205,0.765073,-0.80492,0.588396,0.076336,-0.413792,-0.648916,0.638394,0.000358,-0.001986,-0.001759,-0.0,0.0,0.0,-0.97498,0.035832,0.037496,-0.022643,-0.257167,-0.558192,0.788851,0.878579,-0.475003,-0.049695,0.402446,0.680288,0.612571,0.00682,-0.000123,-0.000976,0.002097,-0.015239,0.029289,-0.774448,0.064474,0.028916,-0.056898,0.057006,0.473293,-0.879057,-0.796378,-0.509454,-0.32594,-0.602105,0.718643,0.347879,0.000237,-0.003008,0.006232,-0.034389,0.020459,-0.014432,0.324439
53,0.055448,0.012103,0.365995,-0.050753,0.469314,-0.881597,-0.684785,-0.658853,-0.311375,-0.72692,0.587315,0.355914,0.01455,-0.0002,0.0005,0.000578,0.080457,-0.14716,0.318213,-0.116226,0.031227,0.315229,0.423247,0.485592,0.764888,-0.808199,0.583835,0.076713,-0.409826,-0.651255,0.638571,0.013461,0.000757,-0.00106,0.002045,-0.015205,0.029245,-0.973458,0.035969,0.037468,-0.022671,-0.254499,-0.560234,0.788268,0.881261,-0.470026,-0.049531,0.398256,0.682065,0.613334,0.006786,7.7e-05,-0.000803,0.002112,-0.014639,0.029508,-0.775265,0.064504,0.028969,-0.056811,0.045943,0.47424,-0.879195,-0.784139,-0.528148,-0.325861,-0.618882,0.704383,0.347605,0.000831,0.001979,0.001568,0.011258,-0.008947,0.021145,0.281331
