frame,MLTx,MLTy,MLTz,MLTR1,MLTR2,MLTR3,MLTR4,MLTR5,MLTR6,MLTR7,MLTR8,MLTR9,MLTTVx,MLTTVy,MLTTVz,MLTRVx,MLTRVy,MLTRVz,MLGA,MRTx,MRTy,MRTz,MRTR1,MRTR2,MRTR3,MRTR4,MRTR5,MRTR6,MRTR7,MRTR8,MRTR9,MRTTVx,MRTTVy,MRTTVz,MRTRVx,MRTRVy,MRTRVz,MRGA,SLTx,SLTy,SLTz,SLTR1,SLTR2,SLTR3,SLTR4,SLTR5,SLTR6,SLTR7,SLTR8,SLTR9,SLTTVx,SLTTVy,SLTTVz,SLTRVx,SLTRVy,SLTRVz,SLGA,SRTx,SRTy,SRTz,SRTR1,SRTR2,SRTR3,SRTR4,SRTR5,SRTR6,SRTR7,SRTR8,SRTR9,SRTTVx,SRTTVy,SRTTVz,SRTRVx,SRTRVy,SRTRVz,SRGA
41,0.171218,-0.014892,0.37298,-0.763438,0.487652,-0.423559,-0.543338,-0.839399,0.01279,-0.348353,0.239288,0.906321,0.013183,0.002887,-0.015156,0.251135,-0.102585,-0.248475,0.364285,-0.203832,-0.049092,0.32704,-0.972016,-0.098397,0.213293,0.204127,-0.802516,0.560566,0.117236,0.588539,0.799838,-0.033792,-0.024852,-0.026337,-0.048299,0.261539,-0.362629,-0.105213,0.025845,0.018792,-0.006341,0.979384,-0.018408,0.201161,-0.100122,0.820673,0.562557,-0.175444,-0.5711,0.801912,-0.016842,-0.012323,-0.013044,0.208575,0.792461,-0.652624,0.388017,0.084407,0.034798,-0.031527,0.807789,-0.465353,-0.361831,0.512629,0.857607,0.041474,0.291009,-0.218988,0.93132,0.007552,0.00117,-0.007494,2.368149,-0.158409,-4.812427,0.505529
42,0.171583,-0.01491,0.372562,-0.775929,0.456343,-0.435581,-0.518636,-0.854503,0.028524,-0.358228,0.247467,0.900255,0.026235,0.002935,-0.032449,-0.223636,-0.531288,0.022885,-0.480896,-0.204522,-0.049453,0.326118,-0.963099,-0.113012,0.244258,0.233175,-0.803069,0.54831,0.135402,0.58517,0.799441,-0.051672,-0.014868,-0.056213,0.322329,0.654838,-0.586312,-0.962941,0.0255,0.018606,-0.006801,0.972667,-0.002849,0.232182,-0.129031,0.824694,0.550663,-0.193049,-0.565571,0.801786,-0.025914,-0.008429,-0.029212,0.906042,2.257859,-2.112733,0.23583,0.084604,0.034796,-0.031726,0.82036,-0.432167,-0.374486,0.48525,0.872578,0.056025,0.302556,-0.22768,0.925537,0.020397,0.005624,-0.021618,-0.163323,-0.537672,0.026858,0.332114
43,0.173036,-0.014843,0.370109,-0.751244,0.489742,-0.442527,-0.553054,-0.832956,0.01693,-0.359385,0.256846,0.897162,0.011024,0.002227,-0.066756,-0.58143,-0.150554,1.850083,-1.902224,-0.205475,-0.049019,0.323364,-0.915957,-0.222083,0.334207,0.372276,-0.780697,0.501855,0.150609,0.584371,0.797302,-0.005022,0.031657,-0.068922,0.37244,0.202275,-0.338806,-1.404535,0.024998,0.018753,-0.008233,0.939752,0.111145,0.323283,-0.27085,0.819064,0.50574,-0.208579,-0.562832,0.799821,-0.002629,0.021675,-0.038246,0.740067,1.627055,-2.955868,-0.075401,0.085343,0.034827,-0.032911,0.800596,-0.462005,-0.381572,0.515684,0.855537,0.046105,0.305148,-0.233682,0.923188,0.005646,-0.000117,-0.034251,0.164112,-0.164097,0.368474,0.021862
44,0.17241,-0.013887,0.367413,-0.755217,0.494801,-0.429959,-0.559153,-0.828557,0.02851,-0.341204,0.261324,0.902949,-0.016425,0.036485,-0.074209,-1.701168,1.736273,-0.954459,-1.914744,-0.20544,-0.047438,0.320776,-0.910281,-0.223833,0.34825,0.379738,-0.786062,0.487687,0.165726,0.576456,0.800061,-0.00549,0.042378,-0.07781,0.229151,-0.362451,0.601003,-1.406788,0.025019,0.019557,-0.009503,0.934312,0.113934,0.337756,-0.278328,0.82516,0.491572,-0.222696,-0.553289,0.802668,0.005264,0.015783,-0.034997,0.147686,-0.534615,0.739353,-0.377652,0.085046,0.035257,-0.034308,0.799819,-0.472183,-0.370582,0.52672,0.848186,0.05608,0.287843,-0.240047,0.927104,-0.015116,0.023894,-0.041109,0.2572,-0.018459,0.004959,-0.296555
45,0.172018,-0.013076,0.365916,-0.764241,0.483321,-0.427061,-0.547432,-0.836174,0.033197,-0.340107,0.258551,0.90416,-0.016639,0.046788,-0.083417,0.296289,-0.278091,-0.532219,-1.914738,-0.205452,-0.047088,0.319271,-0.920285,-0.218859,0.324295,0.362613,-0.787915,0.497629,0.14776,0.575827,0.804023,0.009604,0.010709,-0.073262,-0.634735,-2.265659,1.845369,-1.406408,0.025011,0.019755,-0.010213,0.942593,0.107786,0.31607,-0.262177,0.825082,0.500502,-0.206837,-0.554636,0.805975,-0.002711,-0.000425,-0.032342,-0.165643,-0.793787,0.691195,-0.525267,0.084851,0.035662,-0.035051,0.809048,-0.460933,-0.364664,0.514845,0.855079,0.061428,0.283503,-0.237444,0.92911,-0.015137,0.023776,-0.0412,0.703204,-0.464533,-1.668027,-0.441557
46,0.171381,-0.011191,0.363058,-0.803583,0.4131,-0.428542,-0.474101,-0.879496,0.041084,-0.358934,0.235667,0.903136,-0.015754,0.048789,-0.064698,0.137752,-0.079288,-0.21855,-1.770364,-0.205392,-0.046933,0.31672,-0.955334,-0.181685,0.233063,0.282097,-0.794843,0.537197,0.08885,0.579175,0.810263,0.010093,0.014545,-0.069225,-0.168117,-0.846047,0.93401,-1.364139,0.02504,0.01982,-0.011566,0.973002,0.066287,0.221068,-0.178782,0.822234,0.540339,-0.145952,-0.565275,0.811887,0.005107,0.007351,-0.034514,-0.140972,-0.871103,0.944546,-0.822619,0.084532,0.036589,-0.036498,0.845979,-0.388104,-0.365642,0.439019,0.896156,0.06454,0.302624,-0.215123,0.928514,-0.007819,0.024444,-0.032296,0.20632,-0.042429,-0.336657,-0.736949
47,0.1705,-0.009178,0.361158,-0.810973,0.395709,-0.431025,-0.45861,-0.887318,0.048134,-0.362405,0.23621,0.901607,-0.028052,0.046733,-0.031582,0.072254,-0.017932,-0.17681,-0.348439,-0.205398,-0.046094,0.314846,-0.976144,-0.15842,0.148451,0.214697,-0.803835,0.554697,0.032687,0.573533,0.818447,-0.017677,0.026037,-0.03265,0.191848,-0.679137,1.247486,-0.5658,0.025034,0.020214,-0.012534,0.989818,0.040691,0.136396,-0.110549,0.823388,0.556605,-0.089659,-0.566016,0.819503,-0.008702,0.013793,-0.015403,0.201343,-0.660014,1.231466,-0.926145,0.084096,0.037583,-0.03747,0.852978,-0.370457,-0.36768,0.422721,0.903528,0.070315,0.306161,-0.215403,0.927289,-0.013969,0.023779,-0.01546,0.089299,0.030991,-0.200243,-0.795244
48,0.169451,-0.007555,0.36026,-0.813777,0.393128,-0.428091,-0.454724,-0.889345,0.047571,-0.361011,0.23288,0.903031,-0.027444,0.028008,-0.011831,0.070271,-0.006758,0.004684,0.174591,-0.205769,-0.045038,0.313848,-0.969408,-0.215565,0.11735,0.244041,-0.798266,0.550589,-0.023787,0.562654,0.826267,-0.001204,0.019185,-0.020135,-0.050927,-1.529474,-0.457328,-0.008941,0.02485,0.020758,-0.013013,0.989557,0.097958,0.105732,-0.140376,0.821439,0.552749,-0.032706,-0.56182,0.826612,-0.000528,0.009917,-0.009683,-0.057669,-1.550656,-0.464402,-0.674841,0.083573,0.038421,-0.037912,0.855613,-0.367873,-0.364136,0.4187,0.905496,0.069033,0.304329,-0.211529,0.928783,-0.013699,0.014077,-0.005843,0.072984,0.006583,-0.016753,-0.502791
49,0.168939,-0.007054,0.360084,-0.814815,0.392761,-0.426452,-0.454299,-0.889503,0.048666,-0.359207,0.232896,0.903746,-0.040935,0.018307,-0.00188,0.032748,0.032591,-0.069597,0.339736,-0.206049,-0.044821,0.313508,-0.960499,-0.252572,0.116791,0.274382,-0.791184,0.546512,-0.044418,0.557286,0.829049,-0.016648,0.005348,-0.014332,-0.098603,-1.21559,-0.767294,0.125395,0.024718,0.020876,-0.013166,0.985193,0.13493,0.10577,-0.170993,0.818124,0.549029,-0.012453,-0.558986,0.829082,-0.008444,0.002897,-0.006859,-0.518185,-3.311296,-3.917344,-0.534085,0.083322,0.038679,-0.038001,0.856474,-0.367544,-0.36244,0.418271,0.905617,0.070038,0.30249,-0.211584,0.929371,-0.013541,0.009831,-0.000587,0.037237,0.00206,-0.010919,-0.354686
50,0.16769,-0.006619,0.360287,-0.815379,0.392037,-0.426039,-0.453437,-0.889937,0.048778,-0.359015,0.232461,0.903934,-0.027018,0.007084,0.006141,-0.001969,0.029429,-0.059106,0.490613,-0.206348,-0.045067,0.313228,-0.95825,-0.254665,0.129974,0.283705,-0.792394,0.539961,-0.033309,0.554611,0.83136,-0.000295,-0.016481,0.001833,0.035818,0.036916,0.167842,0.288708,0.024563,0.02076,-0.013312,0.983199,0.138854,0.118484,-0.181225,0.820194,0.542622,-0.021834,-0.554977,0.831578,-0.000335,-0.002721,-0.003252,0.204317,0.537173,-0.148761,-0.240651,0.082693,0.038907,-0.037897,0.856947,-0.366856,-0.362019,0.417439,0.906002,0.070027,0.3023,-0.211131,0.929536,-0.020255,-0.000953,0.008334,-0.038288,0.042621,-0.08073,-0.051292
51,0.166581,-0.006786,0.360713,-0.822305,0.377387,-0.425956,-0.437838,-0.897657,0.049816,-0.362544,0.226989,0.903916,-0.027259,-0.009229,0.010649,-0.031867,-0.049963,0.098614,0.519665,-0.20628,-0.045339,0.313157,-0.957182,-0.25207,0.142327,0.288494,-0.793067,0.536423,-0.021134,0.55483,0.831613,-0.000164,-0.001267,-0.001518,0.001326,0.005426,-0.003728,0.352468,0.024597,0.020613,-0.013353,0.981983,0.136278,0.130903,-0.185869,0.821455,0.539131,-0.034059,-0.553749,0.831986,0.007874,-0.006287,0.002851,-0.020983,0.051728,-0.024029,0.064212,0.082145,0.038841,-0.037684,0.863457,-0.351789,-0.361504,0.401341,0.913258,0.069893,0.305559,-0.205436,0.929746,-0.013643,-0.004756,0.005233,-0.039182,0.04093,-0.07707,0.260103
52,0.166161,-0.007015,0.360906,-0.822091,0.377671,-0.426118,-0.438396,-0.897357,0.050319,-0.362357,0.2277,0.903812,-0.027391,-0.010935,0.009339,-0.031862,-0.049816,0.098689,0.519489,-0.206169,-0.045356,0.313228,-0.956748,-0.252051,0.14524,0.290103,-0.792881,0.53583,-0.018691,0.555104,0.831488,0.000366,0.002832,0.003391,0.001751,-0.013728,0.025276,0.366216,0.024646,0.020598,-0.013325,0.981646,0.136167,0.133525,-0.187213,0.821503,0.538593,-0.036353,-0.553706,0.831918,0.000197,0.001512,0.00181,-0.000921,-0.003559,0.003985,0.205785,0.081934,0.038727,-0.037587,0.863181,-0.35221,-0.361753,0.402009,0.912925,0.070394,0.30546,-0.20619,0.929612,-0.013736,-0.005981,0.004291,-0.032449,-0.049793,0.099777,0.4118
53,0.16535,-0.007576,0.361367,-0.823801,0.372535,-0.427335,-0.433054,-0.899957,0.050151,-0.364879,0.225904,0.903249,-0.027354,-0.009896,0.010129,-0.037656,0.041188,-0.078068,0.519347,-0.205803,-0.045265,0.313513,-0.955898,-0.25273,0.149596,0.293089,-0.792187,0.535231,-0.015555,0.555787,0.831097,0.001315,-0.004017,0.016734,-0.034598,-0.001701,0.0078,0.394645,0.024835,0.020649,-0.013184,0.980925,0.13695,0.137943,-0.190305,0.821173,0.538013,-0.039594,-0.554003,0.831572,0.00818,0.003323,0.003564,-0.008337,0.065604,-0.118791,0.305719,0.081523,0.038435,-0.037359,0.864732,-0.347126,-0.362962,0.396716,0.915283,0.0698,0.307984,-0.204351,0.929185,-0.006824,-0.005204,0.004716,-0.037505,0.026844,-0.047807,0.506345
54,0.164685,-0.008066,0.361839,-0.824639,0.37153,-0.426593,-0.432618,-0.900044,0.052291,-0.363503,0.227204,0.903477,-0.027402,-0.010194,0.009897,-0.037655,0.041203,-0.078061,0.519433,-0.205404,-0.045157,0.313929,-0.954631,-0.254866,0.153994,0.297298,-0.790617,0.535231,-0.013458,0.557049,0.830288,0.016362,0.006799,0.007288,-0.008303,0.065685,-0.119982,0.427715,0.02503,0.020705,-0.012966,0.980001,0.139141,0.142254,-0.19455,0.820122,0.538098,-0.041795,-0.555013,0.830791,0.000689,-0.001697,0.00872,-0.046668,0.093177,-0.166237,0.360584,0.081191,0.038191,-0.037122,0.865469,-0.346113,-0.362172,0.396157,0.915362,0.071907,0.306631,-0.20571,0.929333,-0.00685,-0.005435,0.004535,-0.036928,0.026545,-0.047909,0.519082
55,0.164481,-0.008256,0.362018,-0.824571,0.37164,-0.426629,-0.432963,-0.899846,0.052825,-0.363247,0.227804,0.903429,-0.013631,-0.010039,0.009683,-0.036671,0.02649,-0.048507,0.519553,-0.205235,-0.045079,0.31411,-0.952371,-0.261721,0.156471,0.304349,-0.788006,0.535118,-0.01555,0.557581,0.829895,0.000859,0.006821,0.008115,-0.01035,0.080867,-0.14924,0.441672,0.02512,0.020745,-0.012873,0.978609,0.146208,0.144729,-0.201846,0.818369,0.538079,-0.03977,-0.555782,0.830375,0.000422,0.003377,0.004012,-0.010188,0.081305,-0.14878,0.382302,0.081084,0.038094,-0.037033,0.865415,-0.346219,-0.362199,0.396463,0.915185,0.072476,0.306387,-0.20632,0.929278,4.6e-05,-0.005249,0.00451,-0.035882,0.011823,-0.018461,0.519572
56,0.164247,-0.00854,0.362292,-0.823996,0.372406,-0.427072,-0.434108,-0.899267,0.053288,-0.363186,0.228836,0.903193,-6.3e-05,-0.00084,-0.000643,-0.0,-0.0,-0.0,0.519585,-0.20488,-0.04506,0.314582,-0.940876,-0.297751,0.161517,0.336884,-0.774573,0.535238,-0.033074,0.558378,0.828844,0.016768,-0.004199,0.015637,-0.937495,-2.881173,-4.719213,0.458542,0.025291,0.020761,-0.012646,0.972643,0.177601,0.14974,-0.230877,0.810358,0.53853,-0.0257,-0.558369,0.829194,0.008372,-0.002221,0.007669,-0.046097,0.071474,-0.148251,0.413327,0.080967,0.037955,-0.036894,0.864894,-0.347024,-0.362673,0.397608,0.914645,0.073026,0.306376,-0.207361,0.92905,-5.5e-05,-0.000681,-0.000517,-0.000114,2.5e-05,0.000338,0.520225
57,0.164259,-0.008682,0.362413,-0.823245,0.373373,-0.427674,-0.435277,-0.89871,0.053154,-0.363489,0.229445,0.902916,2.8e-05,0.000378,0.000289,-0.0,-0.0,-0.0,0.519669,-0.20458,-0.045206,0.315151,-0.923442,-0.343503,0.171034,0.379738,-0.755156,0.534295,-0.053211,0.558769,0.827532,0.001188,-0.004916,0.015591,-0.320095,-0.874446,-1.390661,0.468483,0.025448,0.020689,-0.012353,0.960155,0.229329,0.159713,-0.279441,0.795165,0.538167,-0.003581,-0.561355,0.827567,0.008175,-0.002073,0.007841,-1.001121,-2.89058,-4.705126,0.435535,0.080967,0.037877,-0.036832,0.864239,-0.348005,-0.363295,0.398789,0.91413,0.07302,0.306688,-0.207985,0.928807,1.7e-05,0.000256,0.000197,-7.7e-05,1.5e-05,0.000224,0.520388
58,0.164331,-0.008685,0.362409,-0.822819,0.373911,-0.428024,-0.435835,-0.898459,0.052839,-0.363785,0.229554,0.902769,0.0,0.0,0.0,-0.0,-0.0,-0.0,0.519545,-0.2043,-0.045492,0.31594,-0.899316,-0.39159,0.194627,0.432289,-0.730012,0.529284,-0.064049,0.56062,0.825509,0.001903,-0.01364,0.026648,-1.095993,-2.736072,-4.697943,0.469591,0.025587,0.020546,-0.011966,0.943442,0.276132,0.183482,-0.331501,0.777929,0.53379,0.00466,-0.564425,0.82547,0.008359,-0.002283,0.007567,0.143433,0.695577,-0.529959,0.444189,0.081003,0.037877,-0.036833,0.863855,-0.348568,-0.363667,0.399383,0.913892,0.072749,0.306995,-0.208087,0.928683,-2e-06,-1e-06,-2e-06,-5.7e-05,3e-06,0.000144,0.520715
59,0.164393,-0.00868,0.362412,-0.822395,0.374446,-0.428372,-0.436389,-0.898208,0.052526,-0.36408,0.229662,0.902623,0.013744,-0.00045,-0.000675,0.000984,-0.014715,0.029553,0.519644,-0.204152,-0.045689,0.316373,-0.881121,-0.421878,0.213627,0.467668,-0.71147,0.524433,-0.068148,0.562524,0.823884,0.001395,-0.003179,0.017604,-0.214368,-0.191645,-1.840949,0.46885,0.025661,0.020445,-0.011744,0.928217,0.312346,0.202118,-0.371865,0.76237,0.52963,0.011339,-0.566773,0.823795,0.008489,-0.007043,0.012621,-0.671288,-0.666476,-6.12341,0.445006,0.081029,0.037879,-0.036832,0.863486,-0.349105,-0.364026,0.399951,0.913665,0.072487,0.307293,-0.208184,0.928563,-1e-06,6e-06,4e-06,-3.6e-05,1.6e-05,0.000123,0.520551
60,0.164506,-0.00869,0.3624,-0.821842,0.375141,-0.428824,-0.437109,-0.897881,0.052118,-0.364463,0.229804,0.902432,-0.0,-5e-06,-4e-06,0.0,0.0,0.0,0.519473,-0.20374,-0.046253,0.317291,-0.842877,-0.470711,0.260733,0.533986,-0.672897,0.511862,-0.064432,0.571254,0.818156,0.016912,-0.017481,0.021255,-0.17199,0.144098,-0.90798,0.469402,0.025861,0.02018,-0.011289,0.896893,0.365278,0.249308,-0.442198,0.732261,0.517933,0.006631,-0.574774,0.818284,0.008312,-0.008642,0.010728,-0.939473,-0.493836,-6.285853,0.445822,0.081091,0.037873,-0.036838,0.862979,-0.349844,-0.364519,0.40073,0.913352,0.072127,0.307702,-0.208318,0.928397,0.00687,-0.000235,-0.000347,0.000944,-0.014717,0.029649,0.520061
61,0.164538,-0.008692,0.362411,-0.821633,0.375405,-0.428994,-0.437392,-0.897751,0.051987,-0.364596,0.22988,0.902359,0.0,3e-06,3e-06,0.0,0.0,0.0,0.519333,-0.203162,-0.047005,0.318008,-0.815093,-0.493386,0.303619,0.576957,-0.645317,0.50062,-0.050045,0.583845,0.810237,0.016465,-0.021358,0.016692,-0.133199,0.356877,-0.744427,0.469835,0.026152,0.019801,-0.010918,0.871805,0.392488,0.293101,-0.489772,0.70919,0.50712,-0.008826,-0.585663,0.810506,0.008207,-0.010871,0.008113,-0.156445,0.198086,-0.641517,0.447128,0.081107,0.037873,-0.036833,0.862791,-0.350118,-0.3647,0.401028,0.91323,0.072017,0.307841,-0.208391,0.928334,-1e-06,-2e-06,-5e-06,-4.3e-05,-1e-05,8.1e-05,0.519572
62,0.164527,-0.008708,0.362425,-0.8215,0.375574,-0.429101,-0.437586,-0.89766,0.051936,-0.364663,0.229961,0.902311,0.0,0.0,0.0,0.0,0.0,0.0,0.519309,-0.202799,-0.04742,0.318284,-0.805728,-0.498077,0.320489,0.590562,-0.635947,0.496731,-0.042585,0.590122,0.806105,0.031769,-0.023067,0.013815,-0.12992,0.455472,-0.854938,0.46905,0.026328,0.019593,-0.01078,0.863378,0.398206,0.309853,-0.504274,0.701573,0.50349,-0.016892,-0.590953,0.806528,0.008115,-0.011692,0.007145,-0.132464,0.468664,-0.879461,0.446802,0.081102,0.037865,-0.036826,0.862672,-0.350293,-0.364815,0.401228,0.913145,0.071981,0.307915,-0.20847,0.928292,0.0,-3e-06,-5e-06,0.005817,-0.089945,0.177357,0.519408
63,0.164517,-0.008738,0.36244,-0.821305,0.37582,-0.429257,-0.437869,-0.897526,0.051863,-0.364761,0.23008,0.902241,-2e-06,-2.4e-05,-1.8e-05,0.0,0.0,0.0,0.519449,-0.20186,-0.047924,0.318614,-0.786645,-0.5099,0.348115,0.616273,-0.616275,0.490251,-0.034458,0.600825,0.798552,0.031557,-0.010174,0.007603,-0.15312,0.248958,-0.693376,0.471143,0.026796,0.019329,-0.010621,0.846179,0.412117,0.337845,-0.532239,0.685115,0.497331,-0.026505,-0.600645,0.799075,0.008059,-0.00478,0.004587,-0.326455,-0.161408,-0.508816,0.446802,0.081096,0.03785,-0.036818,0.862497,-0.35055,-0.364981,0.401522,0.913019,0.07193,0.308021,-0.208587,0.928231,0.0,-9e-06,-7e-06,-1.8e-05,1.1e-05,5.7e-05,0.519082
64,0.164507,-0.008754,0.362467,-0.821087,0.376097,-0.429433,-0.438184,-0.897377,0.051772,-0.364875,0.230206,0.902163,3.9e-05,0.000526,0.000403,0.0,0.0,0.0,0.519371,-0.200677,-0.047808,0.318633,-0.772809,-0.519804,0.364091,0.633635,-0.601754,0.486141,-0.032637,0.607044,0.793911,0.03076,0.013386,-0.007408,-0.069714,0.122551,-0.455256,0.47726,0.027388,0.019377,-0.010607,0.833768,0.423605,0.354104,-0.551344,0.672688,0.493468,-0.029166,-0.60667,0.794417,0.015607,0.001074,0.000337,-0.27487,-0.361302,-0.108942,0.45513,0.081092,0.03784,-0.036806,0.862301,-0.350837,-0.365169,0.401848,0.912881,0.071863,0.308144,-0.20871,0.928162,2.4e-05,0.000353,0.00027,-3.3e-05,-9e-06,4.5e-05,0.518755
65,0.164518,-0.00881,0.362513,-0.820808,0.376454,-0.429654,-0.438619,-0.897168,0.051729,-0.364981,0.23044,0.902061,0.0,0.0,0.0,0.0,0.0,0.0,0.519193,-0.199371,-0.047523,0.31841,-0.767691,-0.520875,0.37327,0.639761,-0.59149,0.490693,-0.033843,0.616155,0.78681,0.045881,0.010503,-0.011766,-0.238427,0.297796,-0.138157,0.476628,0.028035,0.019526,-0.010711,0.828676,0.42586,0.363233,-0.558974,0.663304,0.497569,-0.029039,-0.615362,0.787709,0.015486,3.6e-05,-0.000908,-0.41445,0.405706,-0.150351,0.458559,0.081097,0.037814,-0.036781,0.862051,-0.351206,-0.365405,0.402293,0.912686,0.071853,0.308265,-0.208941,0.92807,-2e-06,-4e-06,-3e-06,-2.6e-05,9e-06,4.1e-05,0.518429
66,0.164518,-0.008848,0.362535,-0.820691,0.376604,-0.429745,-0.438811,-0.897074,0.051737,-0.365012,0.230562,0.902017,-2e-05,-0.000275,-0.00021,0.0,0.0,0.0,0.519115,-0.198671,-0.047391,0.318248,-0.76757,-0.519243,0.375786,0.639848,-0.588066,0.494679,-0.03491,0.620794,0.783108,0.030358,0.010225,-0.011189,-0.36325,0.397005,-0.114342,0.476934,0.028374,0.019592,-0.010791,0.828246,0.424842,0.365399,-0.559634,0.660389,0.500695,-0.028589,-0.619189,0.784721,0.015176,0.005037,-0.005706,-0.445643,0.381117,0.1131,0.458395,0.081097,0.037795,-0.03677,0.861947,-0.351361,-0.365502,0.402487,0.912599,0.071876,0.308303,-0.209063,0.92803,-1.6e-05,-0.000213,-0.000163,0.005852,-0.089867,0.177367,0.518265
67,0.164508,-0.008896,0.362588,-0.820676,0.37663,-0.429751,-0.438902,-0.89702,0.051889,-0.364935,0.230728,0.902006,0.000124,-0.010249,0.0092,-0.035689,0.011729,-0.018978,0.519014,-0.197276,-0.047203,0.317853,-0.769698,-0.512049,0.381265,0.637279,-0.582725,0.504224,-0.03505,0.631711,0.774323,0.030114,0.008041,-0.013804,-0.237169,0.144984,0.194602,0.476638,0.029089,0.019688,-0.010987,0.829682,0.416506,0.371686,-0.557433,0.653842,0.511623,-0.02993,-0.631675,0.774655,0.015317,-0.001572,-0.002837,-0.35103,0.304462,0.001781,0.458395,0.081092,0.037774,-0.036748,0.861924,-0.3514,-0.365518,0.402574,0.91255,0.072005,0.308251,-0.209211,0.928014,1.2e-05,0.000181,0.000139,-1.9e-05,6e-06,2.9e-05,0.518102
68,0.164509,-0.008928,0.362627,-0.820974,0.378189,-0.42781,-0.43933,-0.896914,0.050074,-0.363754,0.228582,0.903028,1e-06,8e-06,6e-06,0.101664,0.144337,0.069628,0.519289,-0.19589,-0.047072,0.31734,-0.773856,-0.501346,0.387028,0.63217,-0.57592,0.518278,-0.035969,0.646365,0.762091,0.030496,-0.004553,-0.007344,-0.550687,0.343167,0.295527,0.476934,0.02977,0.019756,-0.01124,0.832331,0.406496,0.376809,-0.553417,0.647345,0.524093,-0.030884,-0.644751,0.763767,0.022671,0.002724,-0.008977,-0.112963,0.075351,0.163811,0.458559,0.081093,0.037755,-0.036724,0.862171,-0.352742,-0.363638,0.403002,0.91249,0.070354,0.307,-0.207204,0.928878,-2e-06,-6e-06,-5e-06,0.120629,0.168482,0.077148,0.517775
69,0.16452,-0.008936,0.362634,-0.820969,0.378195,-0.427812,-0.439346,-0.896905,0.050094,-0.363745,0.228606,0.903026,0.0,0.0,0.0,0.001486,0.00211,0.001018,0.519081,-0.195249,-0.046987,0.317011,-0.775363,-0.496821,0.389836,0.630317,-0.572827,0.523931,-0.03602,0.652576,0.756776,0.029799,0.004815,-0.017686,-0.300556,0.285435,0.01572,0.476264,0.030102,0.019797,-0.011407,0.833741,0.400511,0.380087,-0.551248,0.643201,0.531429,-0.03163,-0.652597,0.757044,0.01492,0.00251,-0.008746,-0.348997,0.234785,0.218431,0.458722,0.081098,0.037751,-0.036721,0.862162,-0.352996,-0.363412,0.403155,0.912437,0.070163,0.306824,-0.207004,0.928981,-2e-06,-6e-06,-4e-06,-0.009855,-0.011841,-0.002417,0.517612
70,0.164519,-0.008951,0.362635,-0.820991,0.37817,-0.427794,-0.439328,-0.896911,0.050133,-0.363717,0.228624,0.903033,-0.0,-0.0,-0.0,0.0,0.0,0.0,0.519103,-0.193997,-0.046688,0.316251,-0.780795,-0.484861,0.394029,0.623436,-0.565133,0.540264,-0.038295,0.668091,0.743001,0.029893,0.005795,-0.016597,-0.413454,0.350635,0.091668,0.472825,0.030728,0.019942,-0.011792,0.837703,0.38827,0.384054,-0.545222,0.634989,0.547284,-0.031377,-0.667857,0.743626,0.014619,0.007786,-0.013237,-0.512842,0.351669,0.304722,0.45562,0.081098,0.037743,-0.036721,0.862154,-0.352911,-0.363513,0.403138,0.912433,0.070312,0.306868,-0.207166,0.928931,-0.0,3e-06,3e-06,-0.00018,-0.000299,-0.000184,0.517449
71,0.164509,-0.008944,0.362641,-0.820909,0.378271,-0.42786,-0.439433,-0.896863,0.050073,-0.363774,0.228645,0.903005,5e-06,6.4e-05,4.9e-05,0.0,0.0,0.0,0.519056,-0.192857,-0.046123,0.315377,-0.785555,-0.472217,0.399882,0.617441,-0.557506,0.554876,-0.0381,0.683376,0.728978,0.029401,0.017939,-0.023686,-0.306319,0.207167,0.260637,0.467664,0.031309,0.020225,-0.012238,0.841096,0.374626,0.390144,-0.539835,0.626352,0.56237,-0.033689,-0.683621,0.729058,0.014718,0.008997,-0.011832,-0.283053,0.197595,0.256843,0.450884,0.081093,0.037747,-0.036718,0.862083,-0.35301,-0.363586,0.403244,0.91239,0.070263,0.306929,-0.207186,0.928906,1e-06,3.5e-05,2.9e-05,2e-05,-8e-06,-7e-05,0.517286
72,0.16451,-0.008952,0.362648,-0.820836,0.378364,-0.427919,-0.439539,-0.896813,0.050043,-0.363812,0.228687,0.902979,-8.7e-05,-0.00118,-0.000903,0.0,0.0,0.0,0.518302,-0.191858,-0.045358,0.314491,-0.790095,-0.459466,0.405749,0.611669,-0.549701,0.56888,-0.03735,0.698223,0.71481,0.029549,0.020129,-0.021136,-0.560084,0.465712,0.192574,0.461912,0.031808,0.020606,-0.012682,0.843915,0.362348,0.395613,-0.535238,0.618757,0.575029,-0.036428,-0.697023,0.716121,0.014799,0.010164,-0.010468,-0.454898,0.416677,0.170044,0.443536,0.081093,0.037746,-0.036712,0.862018,-0.353106,-0.363649,0.403352,0.912344,0.070241,0.306971,-0.207227,0.928883,-5.1e-05,-0.000705,-0.000539,-0.00081,0.013013,-0.025752,0.516796
73,0.16451,-0.008952,0.362648,-0.820753,0.378468,-0.427986,-0.439646,-0.896763,0.049982,-0.363869,0.228709,0.90295,-1e-06,-1.7e-05,-1.3e-05,0.0,0.0,0.0,0.517342,-0.191401,-0.044885,0.314037,-0.792709,-0.455088,0.405584,0.608201,-0.547425,0.574762,-0.038547,0.70286,0.710187,0.028987,0.031916,-0.028604,-0.221318,0.163892,0.259232,0.460124,0.03202,0.020822,-0.012892,0.846143,0.357154,0.395577,-0.531752,0.61559,0.581625,-0.035784,-0.702487,0.710795,0.014829,0.010669,-0.009878,-0.466699,0.390406,0.136023,0.440433,0.081093,0.037743,-0.036714,0.861943,-0.353212,-0.363721,0.403464,0.912299,0.070188,0.307031,-0.207247,0.928859,-0.0,-9e-06,-6e-06,3e-05,-2e-06,-4.4e-05,0.516306
74,0.16451,-0.008945,0.362653,-0.820658,0.378587,-0.428063,-0.439769,-0.896707,0.049912,-0.363935,0.228733,0.902917,2e-06,2.4e-05,1.8e-05,0.0,0.0,0.0,0.516136,-0.190719,-0.043854,0.313149,-0.797061,-0.447977,0.404971,0.60236,-0.543922,0.584161,-0.040418,0.710105,0.702837,0.013535,0.032332,-0.027032,-0.178539,0.235897,0.031817,0.456227,0.032373,0.021348,-0.013341,0.849719,0.349381,0.394852,-0.526074,0.611486,0.591041,-0.034948,-0.709941,0.703392,0.014502,0.016236,-0.014,-0.269147,0.276639,0.088338,0.435861,0.081093,0.037747,-0.036711,0.861859,-0.353334,-0.363803,0.403594,0.912246,0.070128,0.307099,-0.207269,0.928831,0.0,6e-06,4e-06,2.1e-05,-1.2e-05,-4e-05,0.515
75,0.164511,-0.008938,0.362658,-0.820562,0.378706,-0.428141,-0.439893,-0.89665,0.049842,-0.364,0.228758,0.902885,2e-06,3.3e-05,2.5e-05,0.0,0.0,0.0,0.515764,-0.190242,-0.042659,0.312196,-0.801693,-0.442217,0.40215,0.596041,-0.542707,0.591725,-0.042415,0.714626,0.698121,0.013512,0.03256,-0.026765,0.013744,0.017922,0.126584,0.449149,0.032612,0.021935,-0.013806,0.853692,0.342682,0.392144,-0.519691,0.609172,0.599024,-0.033608,-0.715176,0.698134,0.006777,0.016321,-0.013345,0.0133,0.027549,0.132525,0.42933,0.081093,0.03775,-0.036709,0.861774,-0.353457,-0.363885,0.403723,0.912194,0.070068,0.307168,-0.207291,0.928804,2e-06,1.4e-05,9e-06,2e-05,-8e-06,-3.3e-05,0.51402
76,0.16451,-0.008945,0.362653,-0.820491,0.378795,-0.428198,-0.439985,-0.896608,0.04979,-0.364049,0.228776,0.90286,-9e-06,-0.000121,-9.3e-05,0.005855,-0.08982,0.177359,0.515138,-0.190054,-0.042089,0.311747,-0.804515,-0.439188,0.399826,0.592123,-0.542466,0.595864,-0.043794,0.716671,0.695937,0.014138,0.021854,-0.01804,-0.048408,0.046279,0.12016,0.447172,0.032705,0.022236,-0.014043,0.856059,0.339384,0.389845,-0.51585,0.608474,0.603039,-0.032549,-0.717339,0.695962,-0.000929,0.01631,-0.012801,-0.008716,0.14632,-0.067355,0.425737,0.081093,0.037747,-0.036711,0.86171,-0.353548,-0.363947,0.403819,0.912154,0.070023,0.307219,-0.207308,0.928783,-4e-06,-6.7e-05,-5.2e-05,0.005885,-0.089807,0.17733,0.513367
77,0.16451,-0.008945,0.362653,-0.820491,0.378795,-0.428198,-0.439985,-0.896608,0.04979,-0.364049,0.228776,0.90286,-0.0,-0.0,-0.0,0.0,0.0,0.0,0.515311,-0.189737,-0.040936,0.310838,-0.811079,-0.435024,0.39102,0.5827,-0.544215,0.603509,-0.048724,0.717879,0.694362,0.0141,0.021754,-0.01816,-0.137541,0.100187,0.164183,0.442075,0.032864,0.022813,-0.014497,0.861851,0.335012,0.380759,-0.506399,0.609537,0.609937,-0.027751,-0.718491,0.694981,-0.000942,0.016237,-0.012881,-0.203008,0.150185,0.185965,0.417573,0.081093,0.037746,-0.036712,0.86171,-0.353548,-0.363947,0.403819,0.912154,0.070023,0.30722,-0.207308,0.928783,1e-06,1e-06,1e-06,1.7e-05,-7e-06,-3.1e-05,0.512713
78,0.16451,-0.008953,0.36266,-0.820418,0.378888,-0.428257,-0.44009,-0.896558,0.049759,-0.364088,0.228818,0.902834,-0.0,-0.0,-0.0,0.0,0.0,0.0,0.514945,-0.189589,-0.03991,0.310014,-0.817045,-0.432463,0.381319,0.573832,-0.547062,0.609404,-0.053913,0.717259,0.69462,-0.001279,0.021704,-0.017096,0.054064,-0.009919,0.04414,0.439559,0.032944,0.023326,-0.01491,0.867509,0.331194,0.371128,-0.496905,0.610921,0.616327,-0.022606,-0.719086,0.694552,-0.000624,0.010845,-0.008561,0.096707,-0.022628,0.029988,0.412348,0.081093,0.037742,-0.036708,0.861644,-0.353644,-0.364009,0.403928,0.912108,0.07,0.307261,-0.207349,0.92876,-0.0,0.0,1e-06,2e-05,-2e-06,-3e-05,0.51255
79,0.16451,-0.008953,0.36266,-0.820335,0.378992,-0.428324,-0.440198,-0.896509,0.049698,-0.364145,0.22884,0.902806,-0.0,-0.0,-0.0,0.0,0.0,0.0,0.515062,-0.189609,-0.038965,0.30927,-0.823736,-0.428174,0.371642,0.563621,-0.54865,0.617453,-0.059442,0.718612,0.692767,-0.001275,0.021756,-0.017029,-0.272822,0.206372,0.189858,0.433653,0.032933,0.023806,-0.015289,0.873244,0.327164,0.36112,-0.486981,0.612003,0.623138,-0.017139,-0.72001,0.69375,-0.000625,0.010876,-0.00852,-0.408072,0.266217,0.211372,0.405979,0.081093,0.037742,-0.036708,0.86157,-0.353752,-0.364081,0.404042,0.912062,0.069948,0.307321,-0.207369,0.928736,0.0,0.0,1e-06,2.3e-05,-6e-06,-2.8e-05,0.512224
80,0.16451,-0.008961,0.362667,-0.820261,0.379085,-0.428383,-0.440303,-0.896459,0.049668,-0.364183,0.228882,0.90278,-0.0,-0.0,-0.0,0.0,0.0,0.0,0.514781,-0.189668,-0.038519,0.308934,-0.82594,-0.426754,0.368369,0.560208,-0.549468,0.619826,-0.061069,0.71883,0.692399,-0.001268,0.021841,-0.016927,-0.325994,0.240659,0.213544,0.431278,0.032904,0.024021,-0.01545,0.875063,0.326058,0.3577,-0.483759,0.612897,0.624767,-0.015524,-0.719751,0.694057,-0.000621,0.010922,-0.008463,-0.366901,0.278612,0.23379,0.403203,0.081093,0.037739,-0.036705,0.861504,-0.353848,-0.364144,0.404151,0.912015,0.069925,0.307362,-0.20741,0.928713,0.0,-0.0,1e-06,1.7e-05,4e-06,-3.1e-05,0.51206
81,0.164511,-0.00897,0.362698,-0.820182,0.379186,-0.428444,-0.440436,-0.896393,0.04968,-0.3642,0.228971,0.90275,2e-05,0.000276,0.000211,0.0,0.0,0.0,0.514594,-0.189804,-0.037689,0.308351,-0.829236,-0.425677,0.362159,0.55497,-0.551771,0.622487,-0.064108,0.717702,0.693294,-0.001185,0.022886,-0.015687,0.043448,-0.003495,0.048739,0.430486,0.032836,0.024434,-0.015744,0.878518,0.323164,0.351809,-0.477544,0.613341,0.629098,-0.012477,-0.720678,0.693156,-0.000571,0.0116,-0.007656,0.073693,-0.009581,0.03921,0.399448,0.081094,0.037734,-0.03669,0.861434,-0.353952,-0.364209,0.404284,0.911954,0.069947,0.307384,-0.207499,0.928685,1.3e-05,0.000172,0.000131,1.6e-05,-0.0,-2.2e-05,0.51157
82,0.164482,-0.008994,0.362744,-0.822312,0.374455,-0.428522,-0.435304,-0.898894,0.049722,-0.365558,0.226953,0.902711,0.00015,-0.009897,0.00947,-0.03569,0.011721,-0.018982,0.514138,-0.189847,-0.037016,0.30793,-0.829499,-0.425653,0.361584,0.554673,-0.553453,0.621258,-0.063278,0.71642,0.694696,-0.000508,0.012543,-0.006542,0.036396,-0.011411,0.017775,0.430155,0.032814,0.02478,-0.015961,0.878727,0.323248,0.351208,-0.477139,0.615233,0.627554,-0.013219,-0.719025,0.694857,-0.00024,0.006326,-0.003205,0.037016,-0.0128,0.016404,0.398631,0.081079,0.037721,-0.036667,0.863405,-0.349134,-0.364193,0.399061,0.914278,0.069596,0.308676,-0.205425,0.928719,7.6e-05,-0.004929,0.004751,-0.035842,0.011702,-0.018879,0.511407
83,0.164473,-0.009005,0.362787,-0.822328,0.37444,-0.428506,-0.435325,-0.898878,0.049827,-0.365498,0.227042,0.902713,5.9e-05,0.000804,0.000615,0.0,-0.0,-0.0,0.513764,-0.189845,-0.036788,0.307797,-0.829252,-0.425736,0.362051,0.555106,-0.5537,0.620651,-0.062724,0.71618,0.694993,-0.000568,0.011755,-0.007472,0.036402,-0.011428,0.017765,0.428844,0.032815,0.024891,-0.016022,0.878481,0.32339,0.351693,-0.477578,0.615499,0.62696,-0.013715,-0.718734,0.695149,-0.000272,0.005946,-0.003655,0.024021,0.086536,-0.155312,0.397978,0.081075,0.037716,-0.036645,0.863417,-0.34912,-0.364176,0.399078,0.914263,0.069703,0.308618,-0.205517,0.928717,8.9e-05,-0.004735,0.004899,-0.035755,0.011726,-0.018875,0.510917
84,0.164466,-0.009032,0.362869,-0.822192,0.37462,-0.428609,-0.435586,-0.898746,0.049913,-0.365494,0.227262,0.902659,5.5e-05,0.000741,0.000567,0.0,0.0,0.0,0.513177,-0.189783,-0.036542,0.307714,-0.828638,-0.425913,0.363247,0.556118,-0.553571,0.619859,-0.061882,0.716174,0.695075,0.000142,0.001862,0.0022,-0.012073,0.098981,-0.172069,0.426451,0.032846,0.025016,-0.016069,0.877963,0.323649,0.352749,-0.47851,0.615546,0.626204,-0.014463,-0.718578,0.695295,8.7e-05,0.001092,0.001289,0.001421,-0.014902,0.024307,0.395365,0.081071,0.037703,-0.036604,0.863294,-0.349309,-0.364286,0.39934,0.914141,0.069809,0.308624,-0.20574,0.928666,3.1e-05,0.00045,0.000344,-2.3e-05,-2e-06,8e-05,0.509937
85,0.164468,-0.009058,0.362925,-0.82213,0.374705,-0.428654,-0.435729,-0.898672,0.050007,-0.365463,0.227417,0.902632,9e-06,0.000127,9.7e-05,0.0,0.0,0.0,0.513774,-0.189661,-0.03644,0.307827,-0.828256,-0.426009,0.364005,0.556724,-0.553221,0.619628,-0.061551,0.716387,0.694884,0.01554,0.003365,0.002852,0.002045,-0.015205,0.029245,0.423789,0.032908,0.025067,-0.016013,0.877532,0.32384,0.353644,-0.479286,0.615208,0.625941,-0.01486,-0.718781,0.695077,0.007779,0.001791,0.001553,0.001813,-0.015585,0.028829,0.392099,0.081072,0.037691,-0.036575,0.863238,-0.349399,-0.364334,0.399481,0.914071,0.069913,0.3086,-0.205897,0.928639,1e-06,3.2e-05,2.5e-05,-2.1e-05,5e-06,5.3e-05,0.509774
86,0.164469,-0.009068,0.362956,-0.822134,0.374702,-0.428647,-0.435754,-0.898656,0.05008,-0.365423,0.227486,0.902631,4e-06,4.8e-05,3.7e-05,0.0,0.0,0.0,0.513666,-0.189427,-0.036236,0.308066,-0.828223,-0.426001,0.364089,0.556777,-0.553171,0.619625,-0.061517,0.716431,0.694842,0.000477,0.006344,0.007468,0.00175,-0.014342,0.024933,0.423154,0.033024,0.025164,-0.015899,0.877484,0.323857,0.353747,-0.479373,0.615148,0.625934,-0.014894,-0.718824,0.695031,0.007877,0.003206,0.00321,0.003629,-0.029798,0.053889,0.389977,0.081073,0.037686,-0.036559,0.863241,-0.349397,-0.364328,0.399502,0.914056,0.069988,0.308563,-0.205967,0.928636,-1e-06,3e-06,3e-06,-2.8e-05,4e-06,4.4e-05,0.509937
87,0.16447,-0.009069,0.362969,-0.822132,0.374707,-0.428648,-0.435768,-0.898648,0.050102,-0.365412,0.227509,0.90263,2e-06,3.4e-05,2.6e-05,0.0,0.0,0.0,0.513458,-0.189257,-0.036091,0.30821,-0.828087,-0.426027,0.364369,0.556995,-0.553064,0.619525,-0.061374,0.716498,0.694785,0.015816,0.007358,0.007525,0.003795,-0.029548,0.054178,0.42252,0.033103,0.025234,-0.01583,0.877396,0.323887,0.353937,-0.479531,0.615098,0.625863,-0.014997,-0.718854,0.694999,0.007909,0.003734,0.003825,0.003678,-0.029772,0.053948,0.389324,0.081073,0.037685,-0.036553,0.863239,-0.349401,-0.364329,0.399515,0.914049,0.070011,0.308553,-0.205991,0.928634,0.0,0.0,0.0,-2.1e-05,1e-05,4.2e-05,0.509774
88,0.164471,-0.009055,0.362979,-0.822025,0.374841,-0.428735,-0.435907,-0.898585,0.050023,-0.365486,0.227537,0.902593,2.8e-05,0.000385,0.000294,0.0,0.0,0.0,0.51352,-0.188926,-0.035798,0.30853,-0.827953,-0.42604,0.364657,0.55721,-0.55294,0.619442,-0.061233,0.716586,0.694707,0.01587,0.008401,0.008715,0.003796,-0.029548,0.054178,0.422105,0.033269,0.025383,-0.015666,0.877211,0.323949,0.354341,-0.479864,0.614953,0.62575,-0.015192,-0.71895,0.694895,0.000313,0.004329,0.005065,0.001672,-0.014481,0.024771,0.38867,0.081073,0.037691,-0.036549,0.863143,-0.349541,-0.364422,0.399662,0.91399,0.069943,0.30863,-0.206016,0.928603,1.4e-05,0.000198,0.000152,-2.3e-05,-4e-06,3.5e-05,0.509611
89,0.164472,-0.009056,0.362991,-0.82194,0.37495,-0.428804,-0.436028,-0.898528,0.049983,-0.365533,0.227582,0.902563,1.5e-05,0.000199,0.000152,0.0,0.0,0.0,0.513555,-0.188524,-0.035453,0.308905,-0.827976,-0.426006,0.364645,0.557178,-0.552958,0.619455,-0.061217,0.716592,0.694702,0.000662,0.009207,0.010747,-0.010342,0.084638,-0.147135,0.422531,0.033476,0.025557,-0.015478,0.877301,0.323887,0.354174,-0.479701,0.61502,0.625808,-0.015133,-0.71892,0.694927,0.007968,0.0049,0.005148,0.003761,-0.029641,0.054063,0.38818,0.081074,0.037691,-0.036542,0.863067,-0.349653,-0.364495,0.399788,0.913937,0.069913,0.30868,-0.20606,0.928576,1e-05,0.000115,8.8e-05,-1e-06,2e-05,4e-05,0.509611
90,0.164472,-0.009049,0.362997,-0.821928,0.374965,-0.428813,-0.436044,-0.898521,0.049974,-0.365541,0.227585,0.902559,1.3e-05,0.000172,0.000131,0.0,0.0,0.0,0.513159,-0.188306,-0.035268,0.309104,-0.828024,-0.425977,0.364569,0.557104,-0.553001,0.619483,-0.061238,0.716576,0.694717,0.015888,0.009273,0.009666,0.003798,-0.029548,0.054178,0.421555,0.033579,0.02565,-0.015376,0.877269,0.323887,0.354251,-0.479757,0.614996,0.625789,-0.015178,-0.718941,0.694905,0.000335,0.004783,0.005563,-0.010374,0.084548,-0.147229,0.388017,0.081074,0.037695,-0.03654,0.863056,-0.349669,-0.364505,0.399804,0.91393,0.069905,0.308689,-0.206063,0.928573,7e-06,9.5e-05,7.3e-05,-2e-05,1e-06,3.2e-05,0.509774
91,0.164472,-0.009049,0.362997,-0.821845,0.375069,-0.428881,-0.436152,-0.898472,0.049913,-0.365598,0.227606,0.90253,0.0,0.0,0.0,0.0,0.0,0.0,0.51347,-0.187915,-0.034899,0.309506,-0.826842,-0.425653,0.367617,0.559088,-0.552289,0.61833,-0.059124,0.717318,0.694135,0.000629,0.009026,0.010473,0.001754,-0.014342,0.024933,0.411177,0.033781,0.025836,-0.015174,0.876096,0.323701,0.357313,-0.481823,0.614529,0.62466,-0.017377,-0.719424,0.694353,0.007929,0.004725,0.004906,0.003397,-0.031292,0.055839,0.381486,0.081074,0.037695,-0.03654,0.862982,-0.349777,-0.364577,0.399918,0.913885,0.069853,0.308749,-0.206082,0.928549,2e-06,-1e-05,-8e-06,4e-06,2.5e-05,4e-05,0.509611
92,0.164472,-0.009049,0.362997,-0.821763,0.375173,-0.428948,-0.436259,-0.898423,0.049852,-0.365656,0.227627,0.902501,0.0,0.0,0.0,0.0,0.0,0.0,0.512564,-0.187619,-0.034569,0.309867,-0.823015,-0.424161,0.377789,0.565457,-0.55034,0.614263,-0.0516,0.719695,0.692271,0.015755,0.008171,0.008301,0.014718,0.022621,0.00196,0.39215,0.033923,0.026003,-0.014992,0.872217,0.322674,0.367585,-0.48847,0.61334,0.620653,-0.025186,-0.720899,0.692582,0.000269,0.004015,0.004634,0.040012,0.169386,-0.15901,0.361891,0.081074,0.037695,-0.03654,0.862908,-0.349885,-0.364649,0.400032,0.913839,0.0698,0.308809,-0.206102,0.928524,6e-06,-6e-06,-7e-06,0.005881,-0.089626,0.177475,0.508958
93,0.164472,-0.009041,0.36299,-0.821753,0.375184,-0.428957,-0.436261,-0.898424,0.049822,-0.365675,0.227606,0.902499,-0.000107,0.010473,-0.009032,0.03569,-0.011711,0.018987,0.512744,-0.18735,-0.034276,0.31017,-0.81703,-0.427366,0.387055,0.574327,-0.545437,0.610394,-0.048722,0.721534,0.690563,0.000488,0.00723,0.008333,0.001763,-0.014305,0.024894,0.369176,0.034063,0.026149,-0.014841,0.866759,0.326569,0.376936,-0.497923,0.609521,0.616892,-0.028293,-0.722382,0.690914,0.007831,0.0036,0.00357,0.002337,-0.036695,0.061533,0.335764,0.081074,0.037695,-0.03654,0.862908,-0.349885,-0.364649,0.400032,0.913839,0.0698,0.308809,-0.206102,0.928524,7e-06,-4e-06,-5e-06,-2e-06,3e-05,3.3e-05,0.508468
94,0.164472,-0.009041,0.36299,-0.821753,0.375184,-0.428957,-0.436261,-0.898424,0.049822,-0.365675,0.227606,0.902499,0.0,0.0,0.0,0.0,0.0,0.0,0.513136,-0.187216,-0.034143,0.310314,-0.812601,-0.431374,0.391903,0.580522,-0.541122,0.608371,-0.049347,0.722403,0.689609,0.01562,0.006629,0.006479,0.003827,-0.029421,0.05405,0.354297,0.034125,0.026214,-0.01477,0.862872,0.331091,0.381877,-0.504657,0.605951,0.614934,-0.0278,-0.723326,0.689945,0.000198,0.003,0.003448,-0.013302,0.093045,-0.165747,0.319435,0.081074,0.037698,-0.036543,0.8629,-0.349896,-0.364658,0.400036,0.913839,0.06977,0.308827,-0.206081,0.928523,7e-06,-4e-06,-5e-06,-0.0,2.7e-05,3.4e-05,0.508468
95,0.164462,-0.009041,0.36299,-0.823892,0.3704,-0.429013,-0.431024,-0.900951,0.049771,-0.367064,0.225454,0.902475,0.0,0.0,0.0,0.0,-0.0,-0.0,0.512105,-0.187007,-0.033904,0.310573,-0.804934,-0.440233,0.397828,0.59071,-0.532744,0.605954,-0.05381,0.723298,0.688337,0.000382,0.005771,0.006625,0.001756,-0.014343,0.024932,0.329134,0.034235,0.026336,-0.014638,0.856432,0.34081,0.387776,-0.515727,0.598857,0.612695,-0.02341,-0.724719,0.688645,0.000179,0.002703,0.003099,-0.000172,-0.001458,0.002052,0.284001,0.081069,0.037699,-0.036543,0.864876,-0.345022,-0.364619,0.394712,0.916186,0.069313,0.310144,-0.203867,0.928572,6e-06,-3e-06,-6e-06,-0.000562,-0.000129,4.1e-05,0.508141
96,0.164452,-0.009033,0.362996,-0.823893,0.370397,-0.429012,-0.431022,-0.900952,0.049773,-0.367063,0.225454,0.902476,0.0,2e-06,1e-06,0.0,-0.0,-0.0,0.512281,-0.186879,-0.033695,0.310804,-0.799949,-0.439354,0.408708,0.598041,-0.529552,0.601545,-0.046855,0.726172,0.685816,0.000294,0.004477,0.005128,0.405335,1.931509,-1.93446,0.271729,0.034298,0.02644,-0.014523,0.852721,0.340752,0.395921,-0.521578,0.597009,0.609537,-0.028668,-0.726269,0.686811,0.00015,0.00233,0.002664,-0.010999,0.081716,-0.143743,0.232238,0.081064,0.037702,-0.03654,0.864875,-0.345025,-0.364618,0.394717,0.916183,0.069319,0.310141,-0.203874,0.928572,3e-06,-7e-06,-7e-06,-6.1e-05,2.2e-05,0.000144,0.507488
97,0.164442,-0.009026,0.363002,-0.823813,0.3705,-0.429078,-0.431128,-0.900905,0.049713,-0.367119,0.225474,0.902448,2.4e-05,0.000323,0.000247,0.0,0.0,0.0,0.51244,-0.186909,-0.033606,0.310893,-0.796209,-0.438816,0.416514,0.603378,-0.527158,0.598309,-0.04198,0.728236,0.683939,-0.014884,0.004055,0.005793,-0.00911,0.115486,-0.192051,0.22034,0.034289,0.026484,-0.014479,0.8479,0.340381,0.406454,-0.528946,0.594886,0.605249,-0.035779,-0.728183,0.684447,0.00013,0.002014,0.002302,0.028075,0.26794,-0.33051,0.183741,0.081059,0.037705,-0.036537,0.864803,-0.345132,-0.364689,0.394829,0.916139,0.069268,0.310199,-0.203893,0.928548,2.2e-05,0.000244,0.000185,-5.8e-05,1.6e-05,0.000133,0.507488
