frame,MLTx,MLTy,MLTz,MLTR1,MLTR2,MLTR3,MLTR4,MLTR5,MLTR6,MLTR7,MLTR8,MLTR9,MLTTVx,MLTTVy,MLTTVz,MLTRVx,MLTRVy,MLTRVz,MLGA,MRTx,MRTy,MRTz,MRTR1,MRTR2,MRTR3,MRTR4,MRTR5,MRTR6,MRTR7,MRTR8,MRTR9,MRTTVx,MRTTVy,MRTTVz,MRTRVx,MRTRVy,MRTRVz,MRGA,SLTx,SLTy,SLTz,SLTR1,SLTR2,SLTR3,SLTR4,SLTR5,SLTR6,SLTR7,SLTR8,SLTR9,SLTTVx,SLTTVy,SLTTVz,SLTRVx,SLTRVy,SLTRVz,SLGA,SRTx,SRTy,SRTz,SRTR1,SRTR2,SRTR3,SRTR4,SRTR5,SRTR6,SRTR7,SRTR8,SRTR9,SRTTVx,SRTTVy,SRTTVz,SRTRVx,SRTRVy,SRTRVz,SRGA
773,0.088039,0.008973,0.407628,-0.284716,0.091302,-0.954277,-0.087654,-0.993745,-0.068982,-0.954257,0.063885,0.292127,0.012372,-0.003375,-0.00215,0.790446,-1.537834,2.25374,0.097302,-0.093701,0.033732,0.367914,-0.112649,-0.177115,0.977718,-0.748004,0.662773,0.033998,-0.653849,-0.727271,-0.208376,-0.000117,0.000464,0.000299,-0.0,0.0,0.0,-1.402143,0.042676,0.034753,-0.00065,0.227917,0.090524,0.969463,0.785994,-0.60477,-0.128315,0.574686,0.791238,-0.208989,-7.6e-05,0.000312,0.000203,-8.4e-05,-2.7e-05,3.3e-05,-0.804167,0.081468,0.026456,-0.03902,-0.308559,0.097302,-0.946214,-0.004934,-0.994904,-0.1007,-0.951191,-0.026403,0.307467,-0.00011,-0.000357,-0.00021,-0.026465,-0.702957,-0.0902,0.063011
774,0.088289,0.008897,0.407662,-0.265315,0.102906,-0.958678,-0.07034,-0.993686,-0.087253,-0.961278,0.044149,0.272072,0.000579,0.001902,0.001109,0.025865,-0.206926,0.205819,-0.033206,-0.093688,0.033709,0.367945,-0.112371,-0.177159,0.977742,-0.748086,0.66267,0.034211,-0.653804,-0.727355,-0.208227,-1e-06,4e-06,2e-06,-0.0,0.0,0.0,-1.402164,0.042682,0.034744,-0.000634,0.227642,0.090545,0.969525,0.786098,-0.604679,-0.128103,0.574653,0.791304,-0.208828,2e-06,-8e-06,-4e-06,-5.5e-05,1.3e-05,5e-06,-0.804004,0.081597,0.026416,-0.039011,-0.288382,0.112344,-0.950901,0.01225,-0.992578,-0.120983,-0.957436,-0.046538,0.284865,0.006441,-0.000873,-0.000597,0.267259,-0.525382,0.974047,-0.146491
775,0.088355,0.008914,0.407671,-0.261974,0.10945,-0.958872,-0.066254,-0.993225,-0.095326,-0.962487,0.038412,0.268644,2.5e-05,8.1e-05,4.7e-05,0.009043,-0.077675,0.18287,-0.096027,-0.093679,0.033671,0.367955,-0.112167,-0.177191,0.97776,-0.748147,0.662593,0.034367,-0.65377,-0.727417,-0.208118,0.000265,-0.001046,-0.000675,-0.0,0.0,0.0,-1.402139,0.042685,0.034726,-0.000627,0.22744,0.090559,0.969571,0.786175,-0.604612,-0.127948,0.574628,0.791354,-0.208709,0.000179,-0.000704,-0.000455,0.013259,-0.095515,0.17388,-0.804004,0.081631,0.026427,-0.038999,-0.286015,0.119767,-0.95071,0.015978,-0.991423,-0.129703,-0.958091,-0.052288,0.281648,1e-06,3e-06,5e-06,0.008888,-0.074416,0.184003,-0.234341
776,0.088315,0.0089,0.407698,-0.261344,0.110802,-0.958889,-0.066622,-0.993072,-0.09665,-0.962634,0.038479,0.268109,0.0,1e-06,1e-06,-0.0,-0.0,-0.0,-0.137229,-0.093681,0.033678,0.367959,-0.112001,-0.17723,0.977771,-0.748156,0.662575,0.034516,-0.653788,-0.727424,-0.208037,-6.9e-05,0.000272,0.000175,-0.0,0.0,0.0,-1.402096,0.042685,0.034727,-0.000627,0.227275,0.090585,0.969607,0.786203,-0.604607,-0.127801,0.574656,0.791355,-0.208631,-5.6e-05,0.000218,0.000141,-2.8e-05,-1.3e-05,3.3e-05,-0.803841,0.081611,0.02642,-0.038985,-0.285526,0.121175,-0.950679,0.015572,-0.991256,-0.131024,-0.958244,-0.052215,0.281142,-0.006285,0.00136,0.000884,-0.001036,0.015157,-0.029375,-0.261774
777,0.088203,0.008792,0.407857,-0.262102,0.109555,-0.958825,-0.066812,-0.993192,-0.095273,-0.962414,0.038947,0.268831,-0.000581,-0.009243,0.010091,-0.044056,0.094116,-0.199464,-0.246625,-0.093679,0.033661,0.367983,-0.111878,-0.177243,0.977783,-0.748213,0.662507,0.0346,-0.653745,-0.727483,-0.207967,-5e-06,1.8e-05,1.2e-05,-0.0,0.0,0.0,-1.402122,0.042686,0.03472,-0.000614,0.227154,0.090587,0.969636,0.786266,-0.604543,-0.127719,0.574617,0.791404,-0.20855,1e-06,2e-06,1e-06,-1.7e-05,-5e-06,3.4e-05,-0.80482,0.081555,0.026368,-0.03891,-0.286114,0.12002,-0.950648,0.015402,-0.991419,-0.129803,-0.958071,-0.051781,0.28181,0.00011,0.000361,0.00021,-3.4e-05,-0.0,1.1e-05,-0.333622
778,0.088166,0.008737,0.408035,-0.261502,0.111012,-0.958821,-0.066889,-0.99304,-0.096787,-0.962572,0.03868,0.268301,-0.012267,-0.003617,0.013554,0.200446,-0.29623,0.709439,-0.31912,-0.093671,0.033622,0.368016,-0.111659,-0.177266,0.977804,-0.748307,0.662392,0.03475,-0.653674,-0.727581,-0.207844,-0.0,0.0,0.0,-0.0,0.0,0.0,-1.402333,0.04269,0.034699,-0.000598,0.226939,0.090592,0.969686,0.786372,-0.604437,-0.127569,0.574558,0.791484,-0.20841,-1e-06,-3e-06,-2e-06,-2.9e-05,-2.2e-05,2e-06,-0.804494,0.08154,0.026334,-0.038825,-0.286003,0.120593,-0.950609,0.015301,-0.991347,-0.130365,-0.958105,-0.05183,0.281683,0.000412,0.001191,0.000692,0.785855,-1.051186,2.429208,-0.402367
779,0.088175,0.008777,0.408105,-0.258996,0.109737,-0.959648,-0.066781,-0.993163,-0.095601,-0.96326,0.039183,0.265748,0.001286,0.004217,0.002456,-0.001177,-0.077154,-0.001269,-0.347769,-0.093663,0.033582,0.368037,-0.111737,-0.177225,0.977802,-0.748368,0.662328,0.034645,-0.65359,-0.72765,-0.207868,0.000138,-0.000545,-0.000352,-0.0,0.0,0.0,-1.40219,0.042694,0.034681,-0.000587,0.227018,0.090557,0.969671,0.786415,-0.604359,-0.127674,0.574467,0.791548,-0.208416,7.7e-05,-0.000308,-0.000199,-2.9e-05,2e-06,-5e-06,-0.803351,0.081539,0.026351,-0.038786,-0.282878,0.120235,-0.951589,0.015484,-0.991409,-0.129869,-0.95903,-0.051472,0.278586,0.000524,0.00173,0.001008,-0.003737,-0.056414,-0.024941,-0.426207
780,0.088309,0.008927,0.408179,-0.254942,0.117871,-0.959769,-0.066472,-0.992311,-0.104266,-0.964367,0.037063,0.262012,0.001253,0.004115,0.002392,0.069824,-0.094911,0.218923,-0.463507,-0.093652,0.033479,0.368087,-0.112722,-0.176519,0.977817,-0.744602,0.66656,0.03461,-0.657706,-0.723949,-0.207805,0.000172,-0.00068,-0.000439,0.0,0.0,-0.0,-1.402223,0.042699,0.034629,-0.000562,0.228044,0.089924,0.969489,0.78294,-0.608851,-0.12769,0.578792,0.788171,-0.20925,-0.006056,-0.001809,-0.000564,-0.002219,0.01514,-0.029224,-0.803841,0.081608,0.026431,-0.038746,-0.279732,0.128823,-0.951396,0.015534,-0.990219,-0.138647,-0.959952,-0.053563,0.274995,0.000649,0.002138,0.00124,0.074481,-0.099223,0.232887,-0.489891
781,0.088522,0.009037,0.408228,-0.245558,0.123938,-0.96145,-0.065834,-0.991616,-0.111067,-0.966853,0.035861,0.252855,0.000792,0.002609,0.001515,-0.00202,-0.056326,-0.023684,-0.605516,-0.093622,0.033333,0.368132,-0.112604,-0.17648,0.977838,-0.744808,0.666331,0.034607,-0.657494,-0.72417,-0.207707,0.000323,-0.001277,-0.000825,0.0,0.0,0.0,-1.40205,0.042714,0.034557,-0.000539,0.227931,0.089875,0.969519,0.783131,-0.608603,-0.127694,0.578576,0.788368,-0.209104,0.001207,-0.006156,0.003771,-0.037766,0.017367,-0.04712,-0.804657,0.081715,0.026489,-0.03872,-0.270594,0.135618,-0.953092,0.016054,-0.989253,-0.145321,-0.962559,-0.054624,0.265508,0.000462,0.001533,0.000887,-0.005798,-0.031886,-0.021202,-0.592274
782,0.088707,0.009136,0.408249,-0.236091,0.123714,-0.963847,-0.065256,-0.991622,-0.11135,-0.969259,0.036447,0.243386,0.000932,0.003074,0.001783,-0.002171,-0.062037,-0.026157,-0.801905,-0.093587,0.033211,0.368192,-0.11373,-0.175722,0.977844,-0.741045,0.670523,0.034424,-0.661538,-0.720478,-0.207709,0.000361,-0.001427,-0.000922,0.0,0.0,-0.0,-1.394149,0.042731,0.0345,-0.000512,0.229064,0.089216,0.969314,0.779629,-0.613059,-0.127813,0.582844,0.784983,-0.209985,2.7e-05,-0.000106,-6.8e-05,-0.00027,-0.00021,2.6e-05,-0.804004,0.081807,0.026537,-0.03871,-0.260969,0.136141,-0.955698,0.016643,-0.989223,-0.145462,-0.965203,-0.053867,0.25589,0.000476,0.001574,0.000912,-0.004629,-0.003926,-0.002817,-0.707394
783,0.088775,0.009243,0.408205,-0.229436,0.124143,-0.965398,-0.064602,-0.991568,-0.11221,-0.970907,0.03646,0.236723,0.000755,0.002494,0.001445,-0.004766,-0.191258,-0.073663,-0.915905,-0.093575,0.033148,0.368221,-0.11475,-0.175016,0.977851,-0.737163,0.67479,0.034386,-0.665683,-0.716658,-0.20768,0.000344,-0.001361,-0.000879,0.0,0.0,-0.0,-1.361618,0.042738,0.034464,-0.000495,0.230163,0.088582,0.969112,0.776048,-0.617576,-0.127862,0.587174,0.781506,-0.210887,0.000184,-0.000731,-0.000474,-0.000545,-0.001256,0.000129,-0.799268,0.081841,0.02659,-0.038732,-0.254814,0.137387,-0.957179,0.017253,-0.989051,-0.146555,-0.966835,-0.053858,0.249653,0.000814,0.006357,-0.004043,0.031192,-0.247824,-0.063761,-0.730091
784,0.088805,0.009518,0.408133,-0.225196,0.125988,-0.966157,-0.06388,-0.99136,-0.11444,-0.971951,0.035782,0.232501,0.000998,0.003295,0.001907,0.001169,-0.015439,0.02473,-1.127007,-0.093554,0.033087,0.368274,-0.117498,-0.172999,0.977884,-0.725218,0.6876,0.034623,-0.678199,-0.704881,-0.207486,0.0,-0.0,-0.0,0.0,0.0,-0.0,-1.095562,0.042749,0.034431,-0.00047,0.233027,0.086771,0.96859,0.765032,-0.631242,-0.127505,0.600352,0.770715,-0.21348,-7e-06,2.6e-05,1.6e-05,-0.000976,-0.001589,0.00021,-0.716643,0.081855,0.026726,-0.038769,-0.250685,0.139523,-0.957961,0.01787,-0.988723,-0.148679,-0.967903,-0.05439,0.245365,0.000316,0.00104,0.0006,-0.00133,0.020298,0.006926,-0.724049
785,0.088834,0.009618,0.40811,-0.219971,0.129983,-0.966831,-0.063251,-0.990878,-0.118879,-0.973195,0.034834,0.227389,0.000414,0.001366,0.00079,-1.7e-05,-0.000504,-0.000213,-1.36867,-0.093514,0.033117,0.368312,-0.117303,-0.173044,0.977899,-0.725264,0.687543,0.034783,-0.678184,-0.704926,-0.207386,-0.00016,0.000633,0.000409,0.0,0.0,-0.0,-0.660929,0.042769,0.034447,-0.00045,0.232822,0.086794,0.968638,0.765113,-0.631177,-0.127347,0.600329,0.770767,-0.213359,-0.000101,0.000395,0.000254,-0.000516,6e-05,0.000111,-0.53882,0.081871,0.026779,-0.038779,-0.245951,0.144054,-0.958517,0.018362,-0.988024,-0.1532,-0.969107,-0.05528,0.240361,0.000241,0.000799,0.000462,-0.001123,0.010184,0.000476,-0.744624
786,0.088846,0.009701,0.408135,-0.220068,0.129758,-0.966839,-0.063161,-0.990909,-0.118666,-0.973179,0.034783,0.227466,0.001307,0.004318,0.002496,0.001309,-0.011257,0.026497,-1.498211,-0.09351,0.03314,0.368337,-0.11721,-0.173065,0.977907,-0.725287,0.687515,0.034859,-0.678176,-0.704948,-0.207337,-0.000236,0.000932,0.000602,0.0,0.0,0.0,-0.464234,0.042771,0.034458,-0.000438,0.232729,0.086809,0.968659,0.765149,-0.631147,-0.127273,0.600319,0.770789,-0.213308,-0.000175,0.000685,0.000441,-0.000419,2.8e-05,0.000131,-0.478239,0.081879,0.026808,-0.038768,-0.246123,0.143812,-0.958509,0.018428,-0.988057,-0.152977,-0.969062,-0.055315,0.240534,0.000608,0.002011,0.001162,-0.007592,0.06792,-0.156338,-0.744951
787,0.088823,0.009984,0.408173,-0.222836,0.130479,-0.966108,-0.062957,-0.990839,-0.119353,-0.972558,0.034058,0.230212,0.002371,0.015157,-0.006672,0.036612,-0.018447,0.047009,-1.653866,-0.093592,0.033152,0.368364,-0.122317,-0.168526,0.978074,-0.724813,0.688325,0.028074,-0.677774,-0.705264,-0.207576,-8e-05,0.000317,0.000205,0.063081,-0.221683,-0.126155,-0.245126,0.04273,0.034466,-0.000423,0.238274,0.083754,0.967579,0.764244,-0.630939,-0.133588,0.599295,0.771298,-0.214345,-0.006217,-0.001188,-0.000161,0.064687,-0.411536,-0.257275,-0.393491,0.081867,0.026949,-0.038749,-0.24921,0.144373,-0.957627,0.018584,-0.98793,-0.153777,-0.96827,-0.05612,0.243519,0.000846,0.002793,0.001612,-0.005756,0.051146,-0.16366,-0.746747
788,0.0889,0.010276,0.408191,-0.222989,0.129974,-0.966141,-0.062544,-0.990917,-0.118926,-0.97255,0.033738,0.230295,0.013747,0.001343,0.000571,0.000984,-0.014713,0.029554,-1.763126,-0.09368,0.033118,0.368328,-0.124901,-0.161868,0.978872,-0.72346,0.689971,0.021901,-0.678746,-0.705224,-0.204516,0.000345,-0.001364,-0.00088,0.035216,-0.124399,-0.070787,-0.104406,0.042685,0.034451,-0.00044,0.241118,0.076098,0.967507,0.761991,-0.632234,-0.140173,0.601024,0.771031,-0.210429,0.000245,-0.000969,-0.000625,0.050467,-0.157108,-0.122042,-0.348423,0.081898,0.027106,-0.03874,-0.249072,0.14372,-0.957761,0.019093,-0.988006,-0.153224,-0.968296,-0.05645,0.243341,0.000589,0.001952,0.001125,0.000129,-0.00069,-0.000325,-0.746583
789,0.089057,0.010469,0.40808,-0.22294,0.129757,-0.966181,-0.062037,-0.990961,-0.118825,-0.972594,0.033279,0.230177,0.000352,0.001166,0.000671,0.0,0.0,0.0,-1.875669,-0.093825,0.033033,0.368288,-0.125047,-0.152534,0.980351,-0.717291,0.696518,0.016996,-0.685232,-0.700869,-0.197744,0.000194,-0.000768,-0.000496,0.05535,-0.196647,-0.111873,0.076953,0.042618,0.034406,-0.000462,0.242106,0.067186,0.96792,0.755727,-0.6387,-0.144696,0.608489,0.766516,-0.205408,0.000138,-0.000545,-0.000349,0.06834,-0.323399,-0.180445,-0.206034,0.081982,0.027203,-0.038789,-0.248994,0.143536,-0.957809,0.019576,-0.988008,-0.15315,-0.968306,-0.056884,0.243198,0.006475,-0.00064,-0.000471,0.001056,-0.014725,0.029555,-0.746747
790,0.089127,0.010535,0.407978,-0.221635,0.132192,-0.966151,-0.06156,-0.990669,-0.12148,-0.972924,0.03238,0.228907,0.000354,0.0085,-0.010507,0.035023,-0.01664,0.016704,-1.901931,-0.09394,0.032984,0.368269,-0.127359,-0.147439,0.980833,-0.704107,0.70988,0.015399,-0.698348,-0.688454,-0.195458,-0.012102,-0.003699,-0.00118,0.165105,-0.056495,-0.100506,0.150984,0.042565,0.034383,-0.000471,0.244593,0.061578,0.967668,0.743382,-0.652654,-0.146369,0.62254,0.755148,-0.205411,0.000177,-0.000706,-0.000451,1.683744,-0.023418,-0.369276,-0.098099,0.082019,0.02724,-0.038838,-0.247877,0.146124,-0.957707,0.019989,-0.987577,-0.155855,-0.968584,-0.057777,0.241876,-0.000253,-0.000843,-0.000488,-0.002929,0.013478,-0.031693,-0.746094
791,0.089213,0.010708,0.407753,-0.221588,0.131857,-0.966208,-0.060806,-0.990736,-0.121314,-0.972982,0.031698,0.228756,0.000452,0.008825,-0.010316,0.02605,0.061451,-0.166184,-1.9097,-0.094319,0.032861,0.368228,-0.13381,-0.140292,0.981022,-0.686361,0.727139,0.010484,-0.714606,-0.671747,-0.194825,-0.012136,-0.003573,-0.0011,0.000526,0.009887,-0.03479,0.274733,0.042371,0.03432,-0.000492,0.251653,0.054917,0.966257,0.725729,-0.671236,-0.15086,0.640302,0.739206,-0.208774,-0.006047,-0.00186,-0.000592,0.005804,0.027466,-0.021638,0.08544,0.08206,0.027322,-0.038953,-0.24777,0.14588,-0.957772,0.02072,-0.987574,-0.155779,-0.968596,-0.058443,0.241669,-0.00019,-0.000642,-0.000371,5e-06,4.6e-05,-0.000104,-0.742665
792,0.089266,0.01097,0.407442,-0.223894,0.13306,-0.965511,-0.05997,-0.99062,-0.122669,-0.972503,0.030264,0.230975,0.00055,0.00915,-0.010125,0.034984,-0.016172,0.016715,-1.909376,-0.094888,0.032674,0.368166,-0.138881,-0.130842,0.981623,-0.67182,0.74066,0.003791,-0.727334,-0.658774,-0.192003,-0.012028,-0.004024,-0.001393,0.049382,-0.011598,-0.053177,0.370682,0.042095,0.03423,-0.000522,0.257225,0.045807,0.965264,0.711458,-0.684944,-0.157087,0.653957,0.727153,-0.208775,-0.005939,-0.002308,-0.000878,0.508759,0.01299,-0.125742,0.237463,0.082086,0.027448,-0.039106,-0.250304,0.146735,-0.956982,0.021522,-0.98736,-0.157022,-0.967927,-0.059899,0.243982,0.000232,0.004417,-0.005156,0.035374,-0.02478,0.012838,-0.742991
793,0.089282,0.011122,0.407252,-0.223798,0.132908,-0.965554,-0.059345,-0.990658,-0.122663,-0.972563,0.029677,0.230796,0.00014,0.00779,-0.010906,0.033685,-0.005254,-0.009928,-1.909545,-0.095229,0.032554,0.368111,-0.139772,-0.126941,0.982009,-0.666615,0.745356,0.001586,-0.731935,-0.654232,-0.190038,-0.011545,-0.005987,-0.002664,0.033867,-0.107855,-0.132285,0.399084,0.041915,0.034171,-0.000548,0.258499,0.042392,0.96508,0.706388,-0.689755,-0.15891,0.658933,0.7228,-0.208246,-0.012076,-0.003837,-0.001263,0.035961,-0.150671,-0.158008,0.294452,0.082095,0.02753,-0.039203,-0.250108,0.146599,-0.957054,0.022176,-0.987343,-0.157034,-0.967963,-0.060499,0.243691,0.000282,0.004581,-0.005058,0.034987,-0.017826,0.015992,-0.743481
794,0.089315,0.011529,0.406782,-0.223701,0.132222,-0.965671,-0.057703,-0.990794,-0.12235,-0.972684,0.028181,0.230473,0.000424,0.008728,-0.010359,0.034956,-0.016644,0.016514,-1.909386,-0.09604,0.032231,0.368009,-0.143869,-0.118676,0.98245,-0.660593,0.750677,-0.005941,-0.73658,-0.649697,-0.187634,-0.023872,-0.008896,-0.003343,0.036292,-0.116262,-0.141897,0.435955,0.041515,0.034009,-0.0006,0.263061,0.034275,0.96417,0.699814,-0.694711,-0.166239,0.664122,0.718471,-0.206738,-0.011853,-0.00478,-0.001875,0.042963,-0.12949,-0.181889,0.366463,0.082111,0.027731,-0.03944,-0.249953,0.145903,-0.957201,0.023834,-0.987354,-0.156723,-0.967964,-0.061987,0.243314,0.00055,0.009119,-0.010133,0.061138,0.0453,-0.149431,-0.741195
795,0.089327,0.012069,0.406182,-0.225271,0.134102,-0.965046,-0.061643,-0.990439,-0.123296,-0.972079,0.031539,0.232585,0.000984,0.0179,-0.020444,0.080396,0.250263,0.155354,-1.909549,-0.097049,0.031846,0.36784,-0.141695,-0.101198,0.98472,-0.656043,0.754494,-0.016746,-0.741056,-0.648256,-0.174539,-0.035917,-0.013053,-0.004839,0.137647,-0.437014,-0.623075,0.471796,0.041014,0.033819,-0.000683,0.262525,0.018351,0.96475,0.694865,-0.697315,-0.175821,0.669509,0.716529,-0.195814,-0.012817,0.00044,-0.006255,0.235414,-0.611566,-0.402457,0.41447,0.082117,0.027998,-0.039735,-0.250684,0.147253,-0.956803,0.019863,-0.987372,-0.157162,-0.967864,-0.058403,0.244594,6.1e-05,0.003822,-0.005488,0.04249,0.451445,0.221673,-0.742338
796,0.089342,0.012566,0.405453,-0.231389,0.139491,-0.962833,-0.065886,-0.989622,-0.127593,-0.970355,0.033733,0.239377,-7.8e-05,0.014372,-0.022462,0.090571,0.58024,0.267988,-1.909719,-0.098298,0.031352,0.367648,-0.139908,-0.0804,0.986891,-0.650775,0.758621,-0.030339,-0.746024,-0.64638,-0.159703,-0.035655,-0.014364,-0.005705,0.079018,-0.27258,-0.30135,0.501306,0.040402,0.033582,-0.00078,0.261961,-0.00433,0.965068,0.687676,-0.700765,-0.18981,0.677109,0.713377,-0.180595,-0.017949,-0.006663,-0.002497,0.10103,-0.3384,-0.533273,0.463294,0.082126,0.028252,-0.040097,-0.256012,0.151602,-0.954711,0.015561,-0.986851,-0.160878,-0.966547,-0.056043,0.250287,4.8e-05,0.007431,-0.011088,0.075013,-0.011096,0.041135,-0.742991
797,0.089346,0.012785,0.405072,-0.235137,0.143805,-0.961289,-0.071091,-0.988869,-0.130597,-0.969082,0.037445,0.243939,-7.2e-05,0.014392,-0.022444,0.080484,0.263421,0.162248,-1.909217,-0.098995,0.031075,0.367551,-0.138624,-0.065486,0.988173,-0.647077,0.76132,-0.040206,-0.749472,-0.644908,-0.149157,-0.035785,-0.013935,-0.005435,0.194978,-0.684469,-0.762877,0.505813,0.040055,0.033438,-0.000826,0.262404,-0.016648,0.964814,0.683708,-0.702361,-0.19807,0.680945,0.711626,-0.172921,-0.017843,-0.007178,-0.002832,0.100452,-0.322163,-0.557285,0.478644,0.082127,0.028359,-0.040289,-0.262205,0.156335,-0.952263,0.010048,-0.986294,-0.164689,-0.964959,-0.052751,0.25704,-0.000194,0.006624,-0.011549,0.081137,0.35917,0.173037,-0.742501
798,0.089284,0.013201,0.404345,-0.250192,0.156226,-0.955532,-0.082196,-0.986738,-0.139862,-0.964405,0.043348,0.260904,-0.000362,0.013424,-0.022992,0.092812,0.672665,0.310888,-1.909578,-0.100516,0.030525,0.367325,-0.13844,-0.037678,0.989649,-0.64028,0.765728,-0.060298,-0.755319,-0.641946,-0.13138,-0.035604,-0.014987,-0.006139,0.118316,-0.411686,-0.607742,0.510983,0.039267,0.033154,-0.000943,0.26367,-0.047452,0.963445,0.67379,-0.705674,-0.219155,0.690278,0.706945,-0.154092,-0.017787,-0.007559,-0.003087,0.123237,-0.413136,-0.608653,0.494483,0.082096,0.028567,-0.040652,-0.276648,0.166668,-0.946407,-0.001232,-0.984905,-0.173087,-0.96097,-0.046718,0.272677,-0.006692,0.003473,-0.005582,0.064724,0.772831,0.293095,-0.744624
799,0.089208,0.013561,0.403677,-0.265654,0.167682,-0.949398,-0.094134,-0.984542,-0.147605,-0.959147,0.049943,0.278514,0.00012,0.01501,-0.022062,0.061759,0.469488,0.177157,-1.910169,-0.102078,0.029973,0.367089,-0.136856,-0.004014,0.990578,-0.632258,0.770135,-0.084115,-0.762333,-0.637802,-0.109185,-0.048366,-0.016395,-0.005877,0.115557,-0.423509,-0.651787,0.511799,0.038505,0.032881,-0.00106,0.264195,-0.080658,0.96109,0.663129,-0.708393,-0.241739,0.700329,0.701193,-0.133667,-0.018019,-0.006685,-0.002529,0.150383,-0.694294,-0.505959,0.501994,0.082056,0.028742,-0.040989,-0.29431,0.177103,-0.939156,-0.013567,-0.983354,-0.181186,-0.955613,-0.040583,0.291814,-0.000428,0.002196,-0.006414,-0.025471,0.637287,0.212909,-0.742991
800,0.089162,0.013733,0.403374,-0.274826,0.179128,-0.944684,-0.106519,-0.982095,-0.155289,-0.955249,0.05772,0.290161,-0.00059,0.005358,-0.012276,-1.50786,0.502447,0.840628,-1.910048,-0.102847,0.029705,0.366991,-0.136161,0.014511,0.990576,-0.627996,0.77204,-0.097516,-0.765971,-0.635367,-0.097259,-0.036169,-0.012886,-0.004801,0.101591,-0.386919,-0.592957,0.512287,0.038129,0.032749,-0.001109,0.264487,-0.099063,0.959288,0.657338,-0.709326,-0.254486,0.705658,0.697884,-0.12249,-0.018095,-0.006405,-0.00235,0.142046,-0.63746,-0.734639,0.503137,0.082034,0.028832,-0.041144,-0.303403,0.186564,-0.934419,-0.024335,-0.981842,-0.188131,-0.952551,-0.034341,0.302433,-0.006756,0.003709,-0.005618,-5.14691,-0.092757,2.120121,-0.735806
801,0.089154,0.014104,0.402747,-0.297258,0.194659,-0.934768,-0.121344,-0.978738,-0.165284,-0.946702,0.064048,0.315722,-0.000516,0.005599,-0.012132,0.056944,0.586905,0.47066,-1.909355,-0.104222,0.029305,0.366833,-0.133189,0.047032,0.989969,-0.625165,0.771072,-0.120625,-0.768807,-0.635013,-0.074545,-0.02428,-0.007946,-0.002791,0.102268,-0.437535,-0.550126,0.518291,0.037425,0.032541,-0.001192,0.263692,-0.131757,0.955566,0.651212,-0.70649,-0.277118,0.71161,0.69535,-0.100494,-0.018349,-0.005336,-0.001662,0.114083,-0.534062,-0.676405,0.508036,0.08203,0.029018,-0.041457,-0.32769,0.200581,-0.923247,-0.041409,-0.979313,-0.198064,-0.943877,-0.026673,0.329217,0.000311,0.008274,-0.010571,0.096029,0.775648,0.618597,-0.745277
802,0.089221,0.014553,0.402108,-0.318371,0.211756,-0.924037,-0.137979,-0.97468,-0.175879,-0.937492,0.071233,0.340678,0.013274,0.014516,-0.022502,0.086317,0.604841,0.57212,-1.90904,-0.105576,0.029051,0.366635,-0.134864,0.075062,0.988013,-0.623311,0.768677,-0.143364,-0.770017,-0.635263,-0.058127,-0.037024,-0.009201,-0.002427,0.07758,-0.347977,-0.537162,0.516284,0.036739,0.032411,-0.001291,0.266954,-0.159504,0.950417,0.645979,-0.702233,-0.299295,0.715154,0.693848,-0.084428,-0.018524,-0.004542,-0.001151,0.075025,-0.352686,-0.54011,0.511302,0.082058,0.029238,-0.041774,-0.349546,0.215135,-0.911884,-0.05838,-0.97639,-0.207975,-0.935098,-0.019461,0.353852,0.000351,0.008401,-0.010491,0.105216,0.541361,0.731521,-0.756381
803,0.089333,0.01501,0.401484,-0.339008,0.228871,-0.912544,-0.15634,-0.970152,-0.185297,-0.927299,0.079558,0.365807,0.000235,0.008076,-0.010675,0.048304,0.418407,0.64831,-1.90981,-0.106735,0.028877,0.366574,-0.128138,0.096684,0.987028,-0.62355,0.766043,-0.155871,-0.770979,-0.63555,-0.039118,-0.023339,-0.014662,0.008394,-0.080247,-0.481458,-0.605437,0.514548,0.036168,0.032329,-0.001325,0.261778,-0.179717,0.948247,0.644688,-0.698599,-0.310379,0.718225,0.692575,-0.067017,-0.012607,-0.001807,3.1e-05,-0.340628,-0.569894,-0.419788,0.508036,0.082119,0.029472,-0.042094,-0.372569,0.230843,-0.898834,-0.077432,-0.972922,-0.217775,-0.924767,-0.011538,0.380356,0.000144,0.00408,-0.005311,0.054725,0.403122,0.650567,-0.766015
804,0.089351,0.015239,0.40119,-0.350253,0.240539,-0.905267,-0.17136,-0.966583,-0.19059,-0.92043,0.088066,0.380895,0.000158,0.007819,-0.010821,-0.006642,0.876098,0.658699,-1.909653,-0.107219,0.028815,0.36658,-0.121472,0.103598,0.987169,-0.622636,0.766567,-0.156946,-0.772801,-0.633837,-0.029859,-0.025184,-0.003728,-6e-05,0.046398,-0.240133,-0.210679,0.514198,0.035926,0.032296,-0.001318,0.255117,-0.189135,0.948231,0.643299,-0.69894,-0.312488,0.721859,0.689717,-0.056641,-0.006384,-0.000511,0.00028,0.069045,-0.257908,-0.18925,0.507383,0.082128,0.029585,-0.042236,-0.382665,0.240121,-0.892136,-0.092306,-0.970739,-0.221684,-0.919263,-0.002481,0.393633,0.000428,0.008664,-0.010325,-0.056321,0.317546,0.485458,-0.772547
805,0.089352,0.015638,0.40065,-0.371273,0.255994,-0.892563,-0.187002,-0.962138,-0.198222,-0.909055,0.092992,0.406199,-0.000133,0.006854,-0.011378,0.018349,0.754104,0.116425,-1.909524,-0.108002,0.028745,0.366584,-0.111174,0.117626,0.986811,-0.625059,0.76368,-0.161332,-0.772408,-0.634894,-0.012625,-0.01264,-0.001608,0.000134,0.027514,-0.123955,-0.335131,0.511249,0.035529,0.032262,-0.001314,0.245731,-0.203491,0.947737,0.644967,-0.695555,-0.316573,0.723624,0.689052,-0.039674,-0.006334,-0.000745,0.000119,0.051684,-0.238708,-0.178351,0.504933,0.082129,0.029784,-0.042501,-0.40508,0.253884,-0.878323,-0.108614,-0.967231,-0.229491,-0.907806,0.002436,0.419381,7e-05,0.00384,-0.005442,0.029512,0.830911,0.401103,-0.785773
806,0.089414,0.015995,0.400189,-0.387418,0.268825,-0.881864,-0.20095,-0.95814,-0.203856,-0.899275,0.097892,0.42632,0.000489,0.008907,-0.010172,0.030316,0.418111,0.214397,-1.909405,-0.108425,0.028718,0.366607,-0.100183,0.126053,0.986948,-0.624294,0.7644,-0.160884,-0.77454,-0.632416,0.000867,-0.000305,0.001502,0.000977,0.034895,-0.215593,-0.095599,0.511146,0.035314,0.032247,-0.001304,0.235649,-0.212361,0.948352,0.644329,-0.696386,-0.316044,0.727535,0.685527,-0.027273,-0.006439,-0.000225,0.000451,0.027839,-0.273438,-0.111076,0.5033,0.082159,0.029961,-0.042738,-0.423372,0.265381,-0.866215,-0.123122,-0.964117,-0.235198,-0.89755,0.007073,0.440854,0.000643,0.009379,-0.009893,0.068298,0.489743,0.276629,-0.79802
807,0.089483,0.016154,0.400005,-0.395292,0.27083,-0.877747,-0.202202,-0.957738,-0.20451,-0.895553,0.096297,0.434442,0.013232,0.007135,-0.011384,0.031589,0.291664,0.191522,-1.909076,-0.108558,0.028755,0.36663,-0.096229,0.127693,0.98713,-0.624226,0.764712,-0.159657,-0.7751,-0.631711,0.004874,-0.013036,0.00037,0.001417,0.002356,-0.031154,-0.029726,0.511232,0.035247,0.032264,-0.001293,0.231661,-0.214857,0.948772,0.644247,-0.696881,-0.31512,0.728887,0.684245,-0.023019,-0.006538,0.00028,0.000777,0.012461,0.020495,-0.005775,0.503627,0.082189,0.030041,-0.04283,-0.431512,0.266613,-0.861808,-0.124415,-0.963788,-0.235866,-0.893486,0.005443,0.449057,0.000419,0.005003,-0.004762,0.033225,0.344025,0.181317,-0.80047
808,0.089609,0.016461,0.399652,-0.405027,0.283536,-0.869256,-0.215304,-0.953518,-0.210762,-0.888111,0.101431,0.448328,0.013009,0.006415,-0.0118,0.025648,0.320865,-0.011293,-1.90946,-0.108682,0.028894,0.36666,-0.094943,0.129428,0.987029,-0.628165,0.761377,-0.160146,-0.772072,-0.635379,0.007767,-0.000672,0.003315,0.002154,0.00193,-0.014015,0.025106,0.507414,0.035186,0.032332,-0.001279,0.230723,-0.216218,0.948691,0.647919,-0.693261,-0.315577,0.725924,0.687487,-0.01986,-0.00027,0.00133,0.000867,-0.002998,0.008716,0.003959,0.501994,0.082253,0.030198,-0.043004,-0.442086,0.278379,-0.85268,-0.137989,-0.960411,-0.242008,-0.886294,0.010672,0.462997,0.000256,0.004462,-0.005076,0.033734,0.269369,0.146701,-0.806348
809,0.089673,0.016621,0.399364,-0.417566,0.305158,-0.855898,-0.241275,-0.945318,-0.219391,-0.875531,0.11451,0.469425,-0.000929,-0.003075,-0.001799,-0.051969,0.720842,0.105761,-1.909,-0.108647,0.029016,0.366699,-0.093231,0.127889,0.987392,-0.63269,0.758111,-0.157815,-0.768582,-0.639582,0.008987,-0.000423,0.002088,0.001356,0.0,-0.0,-0.0,0.502923,0.035202,0.032396,-0.001257,0.229022,-0.214733,0.94944,0.652634,-0.6898,-0.313438,0.72223,0.691422,-0.017837,-0.000236,0.001154,0.000749,0.011664,-0.107434,0.199349,0.498075,0.082291,0.030284,-0.04315,-0.455199,0.297929,-0.839065,-0.164457,-0.954276,-0.249618,-0.875069,0.024364,0.483382,0.000119,0.004,-0.005343,-0.102131,0.825599,0.489341,-0.805205
810,0.089724,0.016613,0.399104,-0.429009,0.327408,-0.841903,-0.267423,-0.93623,-0.227883,-0.862297,0.126967,0.490256,-0.001319,-0.004369,-0.00256,-0.006397,0.473875,0.220002,-1.908999,-0.108555,0.029041,0.366706,-0.091864,0.125698,0.987802,-0.641722,0.75104,-0.155133,-0.761226,-0.648297,0.010421,9.3e-05,-0.000459,-0.000298,-3.2e-05,5e-06,-0.0,0.501647,0.035243,0.032411,-0.001251,0.227767,-0.212713,0.950197,0.661561,-0.682221,-0.311304,0.714463,0.699519,-0.014665,8.5e-05,-0.000425,-0.000278,-0.001933,0.002396,0.000133,0.494319,0.082316,0.030278,-0.043281,-0.469325,0.319147,-0.823333,-0.191701,-0.946988,-0.257803,-0.861965,0.03684,0.505626,-0.000689,-0.002311,-0.001351,-0.003862,0.438889,0.202647,-0.809287
811,0.089747,0.01659,0.398952,-0.433354,0.337918,-0.8355,-0.280132,-0.931602,-0.231551,-0.856065,0.13328,0.499415,-0.001587,-0.005256,-0.003083,-0.002192,0.341478,0.157142,-1.908749,-0.108524,0.029031,0.366697,-0.091006,0.125376,0.987922,-0.64175,0.751181,-0.154333,-0.761307,-0.648196,0.010849,0.000129,-0.000635,-0.000412,0.0,-0.0,-0.0,0.501046,0.035263,0.032406,-0.001256,0.226771,-0.212405,0.950504,0.661753,-0.682453,-0.310386,0.714602,0.699386,-0.014201,9e-05,-0.000441,-0.000287,-0.001659,0.000787,3.5e-05,0.493829,0.082328,0.030269,-0.043356,-0.474563,0.32913,-0.816371,-0.204863,-0.943291,-0.261211,-0.856049,0.043283,0.515077,-0.000545,0.001807,-0.006627,0.033541,0.335224,0.145401,-0.809614
812,0.089743,0.016576,0.398516,-0.441239,0.363033,-0.820707,-0.310983,-0.919681,-0.239683,-0.841259,0.149011,0.519718,-0.001304,0.002974,-0.013646,-4.503245,-0.654778,3.204955,-1.908718,-0.108512,0.02902,0.366665,-0.092887,0.125162,0.987774,-0.645767,0.747523,-0.155329,-0.757672,-0.652451,0.010142,4.2e-05,-0.000206,-0.000134,0.0,0.0,-0.0,0.500652,0.03527,0.032398,-0.001274,0.228645,-0.212026,0.950139,0.665408,-0.678375,-0.311508,0.710599,0.703456,-0.014023,2.2e-05,-0.000106,-6.9e-05,-0.001572,-0.001407,0.003349,0.493013,0.082325,0.030259,-0.043576,-0.483767,0.351461,-0.801526,-0.234744,-0.934373,-0.268031,-0.843127,0.058489,0.534522,-0.000791,0.001354,-0.007011,-4.501278,-0.546207,3.26126,-0.805531
813,0.089645,0.016804,0.397831,-0.444668,0.388224,-0.807215,-0.339447,-0.906977,-0.249279,-0.828355,0.162671,0.536091,-0.00096,0.011406,-0.02408,0.035855,0.721791,0.385811,-1.908754,-0.108533,0.029032,0.366663,-0.093792,0.121573,0.988137,-0.650694,0.743692,-0.153145,-0.753334,-0.657484,0.008106,-0.000131,0.000645,0.000419,-4e-05,0.000208,0.000117,0.497641,0.03526,0.032403,-0.001276,0.229359,-0.208348,0.950781,0.670396,-0.674372,-0.309499,0.705664,0.708387,-0.014998,-9.1e-05,0.000444,0.000289,-0.001804,-0.004357,-0.002982,0.490727,0.082277,0.03037,-0.043909,-0.48783,0.376186,-0.787721,-0.265805,-0.923541,-0.276438,-0.831485,0.074525,0.550524,-0.00045,0.005745,-0.012009,-0.048864,0.855531,0.304225,-0.815002
814,0.089586,0.017028,0.397351,-0.446875,0.403224,-0.798598,-0.356784,-0.898897,-0.254285,-0.819841,0.170786,0.546553,-0.013914,0.012517,-0.023259,-0.051421,0.868472,0.482761,-1.907502,-0.108536,0.029048,0.36665,-0.093488,0.121454,0.98818,-0.650665,0.743776,-0.152856,-0.753396,-0.657411,0.008243,-2e-06,9e-06,6e-06,-1e-06,3e-06,2e-06,0.496794,0.035258,0.032412,-0.001281,0.229047,-0.2083,0.950867,0.670417,-0.674469,-0.309243,0.705746,0.708309,-0.014838,-0.000884,0.005338,-0.004308,0.035634,-0.005356,0.020872,0.489421,0.082247,0.030488,-0.044157,-0.491411,0.390786,-0.778332,-0.283906,-0.916743,-0.281031,-0.823354,0.082871,0.561444,-0.00698,0.006112,-0.011708,-0.04996,0.779954,0.43899,-0.809777
815,0.089494,0.017639,0.396119,-0.448926,0.43755,-0.779141,-0.396068,-0.878988,-0.265482,-0.800466,0.188861,0.56887,-0.000919,0.018819,-0.035085,-0.011803,0.484321,0.371605,-1.904561,-0.10853,0.029074,0.36662,-0.092043,0.120915,0.988382,-0.650637,0.744078,-0.151502,-0.7536,-0.657168,0.008935,0.000251,-0.001236,-0.000803,-0.0,0.0,0.0,0.495289,0.03526,0.032429,-0.001294,0.227729,-0.207929,0.951264,0.670569,-0.674866,-0.308045,0.706028,0.708039,-0.014255,2e-06,-1e-06,1e-06,-0.0001,8e-06,1.5e-05,0.487135,0.082201,0.030784,-0.044761,-0.497336,0.425065,-0.75629,-0.325336,-0.899508,-0.291618,-0.804246,0.101016,0.585647,-0.00051,0.009151,-0.017687,-0.292321,0.552746,0.425604,-0.80896
816,0.089498,0.018348,0.394631,-0.454601,0.469265,-0.757082,-0.42845,-0.860342,-0.27607,-0.78034,0.198281,0.593111,0.011673,0.023772,-0.047682,0.137847,0.856889,0.28834,-1.899235,-0.108535,0.029106,0.366594,-0.091882,0.119246,0.9886,-0.65938,0.736644,-0.150023,-0.745984,-0.665791,0.009695,0.0,-0.0,-0.0,-0.000358,5.4e-05,-4e-06,0.49261,0.035258,0.032441,-0.001309,0.227503,-0.206311,0.95167,0.678972,-0.66694,-0.306898,0.698024,0.715978,-0.011652,-0.0,9e-06,6e-06,-0.003205,0.002347,3e-05,0.485502,0.082199,0.031132,-0.045485,-0.503516,0.454392,-0.734845,-0.359092,-0.88365,-0.300356,-0.785826,0.112643,0.608101,-0.000828,0.008088,-0.018314,0.107125,0.442975,0.251166,-0.816472
817,0.089527,0.018626,0.393917,-0.452733,0.482911,-0.749583,-0.448904,-0.849747,-0.276383,-0.769867,0.210757,0.602423,-0.00221,0.014552,-0.037609,-4.057136,-1.023559,3.362746,-1.897632,-0.108538,0.029121,0.366592,-0.09129,0.119036,0.98868,-0.659381,0.736756,-0.149473,-0.746057,-0.665705,0.009982,-4.9e-05,0.000243,0.000158,-0.0,0.0,0.0,0.491984,0.035257,0.032449,-0.00131,0.226786,-0.206109,0.951885,0.679068,-0.667144,-0.306243,0.698164,0.715847,-0.011337,-2.6e-05,0.000134,8.9e-05,0.000271,0.00017,1.5e-05,0.484032,0.082218,0.031282,-0.045859,-0.506845,0.466133,-0.725139,-0.375564,-0.876566,-0.300968,-0.775924,0.119792,0.619347,0.005238,0.006165,-0.019533,0.066845,0.449379,0.276981,-0.815492
818,0.089645,0.019055,0.392538,-0.459439,0.505805,-0.730152,-0.474111,-0.83474,-0.280001,-0.750548,0.216894,0.624229,0.010423,0.012341,-0.039078,0.109124,0.872074,0.247248,-1.88869,-0.10854,0.029129,0.366597,-0.090015,0.118593,0.98885,-0.659422,0.736957,-0.148294,-0.746177,-0.66556,0.010616,-0.0,2e-06,1e-06,-0.0,0.0,0.0,0.491062,0.035256,0.032453,-0.001307,0.225657,-0.205818,0.952217,0.679248,-0.667425,-0.30523,0.698355,0.715669,-0.010808,2e-06,-8e-06,-5e-06,0.000147,-1.3e-05,-1.3e-05,0.482726,0.082272,0.031493,-0.04655,-0.511254,0.489434,-0.706451,-0.40672,-0.861911,-0.302797,-0.757098,0.132522,0.639718,-0.001348,0.002742,-0.013804,0.057392,0.397519,-0.221334,-0.815166
819,0.089639,0.019368,0.39138,-0.459961,0.530745,-0.711893,-0.507088,-0.815087,-0.28012,-0.728361,0.231483,0.644929,-0.002696,0.005672,-0.027525,0.079979,0.773279,0.141053,-1.863834,-0.108529,0.029124,0.366581,-0.089741,0.11772,0.988979,-0.663786,0.733211,-0.147392,-0.742332,-0.669839,0.011092,4.2e-05,-0.000209,-0.000136,-0.0,0.0,-0.0,0.487679,0.035261,0.032451,-0.001315,0.225207,-0.204946,0.952511,0.68348,-0.66349,-0.304359,0.694359,0.719566,-0.009346,2.6e-05,-0.000127,-8.3e-05,0.000349,0.000261,2.2e-05,0.480603,0.082273,0.031652,-0.047134,-0.513935,0.514069,-0.686733,-0.441407,-0.84491,-0.302137,-0.735547,0.14785,0.661142,-0.0012,0.003235,-0.013518,0.078379,1.119023,0.125123,-0.807164
820,0.08949,0.019551,0.39033,-0.455039,0.564533,-0.688685,-0.54805,-0.787053,-0.283128,-0.701307,0.247892,0.66839,-0.003607,-0.004585,-0.018298,-0.274254,1.036718,0.454938,-1.827253,-0.108493,0.029138,0.366587,-0.092424,0.117767,0.988726,-0.667724,0.729267,-0.149164,-0.738459,-0.674123,0.009985,-8.1e-05,0.000396,0.000257,0.0,0.0,-0.0,0.48187,0.03528,0.032457,-0.001313,0.227863,-0.20477,0.951917,0.686892,-0.659102,-0.306206,0.690113,0.723638,-0.00953,-5.4e-05,0.000268,0.000172,-0.000167,-0.001628,0.003335,0.474888,0.082199,0.031746,-0.047663,-0.511167,0.546619,-0.663261,-0.48405,-0.820767,-0.303374,-0.710213,0.165977,0.68414,-0.001475,0.002357,-0.014063,-1.074605,0.119135,1.161101,-0.79851
821,0.089407,0.019619,0.389848,-0.454033,0.58086,-0.675649,-0.56581,-0.773694,-0.285006,-0.687736,0.252159,0.68078,-0.003406,-0.00391,-0.017906,-0.25755,1.098046,0.460447,-1.808761,-0.108469,0.029166,0.366591,-0.09202,0.117625,0.988781,-0.667719,0.729348,-0.148788,-0.738515,-0.67406,0.010176,-0.000234,0.001149,0.000746,0.0,0.0,-0.0,0.479519,0.035292,0.032469,-0.001312,0.227434,-0.204658,0.952044,0.686947,-0.659226,-0.305817,0.6902,0.723557,-0.009342,-0.000156,0.000763,0.000493,0.000179,-0.00029,0.000449,0.471949,0.082156,0.031777,-0.047912,-0.511668,0.562859,-0.649142,-0.503205,-0.808712,-0.304581,-0.696405,0.170807,0.697025,-0.001644,-0.00185,-0.008882,-0.263402,1.021125,0.423419,-0.789202
822,0.089305,0.019685,0.389028,-0.449844,0.613782,-0.648812,-0.600554,-0.745523,-0.288968,-0.660515,0.258888,0.704787,-0.003068,-0.002788,-0.017251,-0.227385,1.090938,0.471824,-1.788173,-0.108421,0.029167,0.366587,-0.095284,0.117836,0.988447,-0.671609,0.725291,-0.15109,-0.73456,-0.678387,0.008781,0.000214,-0.001051,-0.000682,0.0,0.0,-0.0,0.475688,0.035315,0.032475,-0.001311,0.230637,-0.204586,0.951288,0.690244,-0.654682,-0.308145,0.685834,0.727691,-0.009779,0.000123,-0.00061,-0.000399,0.000122,-0.000572,0.000954,0.46558,0.082107,0.031813,-0.048309,-0.50993,0.593913,-0.622284,-0.538978,-0.784393,-0.306967,-0.670428,0.178865,0.720092,0.005243,0.002767,-0.013948,-3.482846,-0.71078,3.929647,-0.787406
823,0.08926,0.019545,0.388358,-0.439475,0.649105,-0.620943,-0.638195,-0.712032,-0.292727,-0.631602,0.266825,0.72795,-0.003169,-0.003107,-0.017483,-0.205938,0.960262,0.454392,-1.763918,-0.1084,0.029164,0.366572,-0.095125,0.117777,0.988469,-0.671597,0.725334,-0.150939,-0.734592,-0.678351,0.008852,7e-05,-0.000344,-0.000223,-0.0,0.0,0.0,0.474446,0.035326,0.032471,-0.00132,0.230468,-0.204542,0.951339,0.69025,-0.654747,-0.307992,0.685884,0.727645,-0.009713,4.4e-05,-0.000213,-0.000139,0.000185,-6.6e-05,3.1e-05,0.461825,0.082084,0.031743,-0.048649,-0.50206,0.630235,-0.592232,-0.580547,-0.753172,-0.309349,-0.641015,0.188507,0.744018,-0.001658,-0.001859,-0.008927,-0.935307,0.717545,1.32467,-0.792305
824,0.089215,0.019442,0.38806,-0.435999,0.664825,-0.606596,-0.653883,-0.697079,-0.294093,-0.61783,0.267586,0.739399,-0.00393,-0.012874,-0.007967,0.03437,0.943283,0.026857,-1.750431,-0.108408,0.029155,0.366567,-0.094888,0.1177,0.988501,-0.671605,0.725372,-0.150722,-0.734615,-0.678324,0.00897,8.2e-05,-0.000401,-0.000261,-0.0,0.0,0.0,0.47436,0.035322,0.032467,-0.001323,0.230232,-0.204487,0.951408,0.690288,-0.654807,-0.307782,0.685926,0.727607,-0.009602,5.2e-05,-0.00025,-0.000163,0.000154,-4.6e-05,-1.1e-05,0.461335,0.082061,0.031689,-0.048805,-0.500111,0.646572,-0.576049,-0.597974,-0.739001,-0.310327,-0.626349,0.189265,0.756217,-0.001954,-0.006456,-0.00399,0.04031,0.96763,0.036202,-0.792795
825,0.089315,0.019256,0.387417,-0.42768,0.68933,-0.584772,-0.677964,-0.672438,-0.296924,-0.597376,0.268605,0.755659,0.009589,-0.005138,-0.018881,-3.172879,-1.152627,3.970218,-1.734895,-0.108419,0.029162,0.36656,-0.094196,0.117469,0.988595,-0.671611,0.725498,-0.150084,-0.734699,-0.678229,0.009305,0.0,-0.0,-0.0,0.0,0.0,0.0,0.473083,0.035316,0.032469,-0.001326,0.229544,-0.20432,0.95161,0.690381,-0.654997,-0.307166,0.686063,0.727482,-0.009292,1e-06,9e-06,8e-06,9.8e-05,-3.9e-05,-2e-06,0.460518,0.082107,0.031599,-0.049119,-0.497305,0.668561,-0.552913,-0.619991,-0.719666,-0.312555,-0.606875,0.187366,0.772396,-0.001273,-0.000578,-0.008157,0.051983,0.557648,-0.402118,-0.799163
826,0.089515,0.019167,0.386692,-0.416584,0.714053,-0.5627,-0.701118,-0.646298,-0.301171,-0.578213,0.268163,0.770574,0.009666,-0.004936,-0.018785,-3.001375,-0.797219,4.251689,-1.721781,-0.108412,0.029178,0.36657,-0.093983,0.116616,0.988716,-0.675928,0.72165,-0.149251,-0.730758,-0.682467,0.009752,-1.2e-05,5.9e-05,3.8e-05,-0.001195,0.00018,-1.2e-05,0.47277,0.035319,0.032478,-0.001321,0.229285,-0.203509,0.951846,0.694533,-0.650921,-0.306471,0.681947,0.731359,-0.007902,-5e-06,2.8e-05,1.8e-05,-0.003249,0.002204,-4e-06,0.459375,0.082207,0.031555,-0.049481,-0.48751,0.692229,-0.53212,-0.645079,-0.696269,-0.31477,-0.588392,0.189806,0.785981,-0.000783,0.004654,-0.012718,0.131561,0.872336,0.041707,-0.804225
827,0.089734,0.019264,0.385883,-0.409052,0.737361,-0.537605,-0.72074,-0.62234,-0.305284,-0.559177,0.261675,0.786686,-0.002026,0.000625,-0.015253,-2.829284,-0.713099,4.37888,-1.719707,-0.108367,0.029194,0.366576,-0.093284,0.116389,0.988809,-0.675954,0.721759,-0.148609,-0.730825,-0.68239,0.010095,-0.0,1e-06,1e-06,-0.0,0.0,-0.0,0.472605,0.035342,0.032486,-0.001318,0.2286,-0.203334,0.952048,0.694641,-0.651097,-0.305851,0.682066,0.73125,-0.007597,2e-06,-9e-06,-7e-06,0.000174,-1.1e-05,-1.8e-05,0.458885,0.08232,0.031598,-0.04989,-0.481714,0.715221,-0.506368,-0.666822,-0.674079,-0.317748,-0.568593,0.184594,0.801639,0.005774,0.004196,-0.013049,0.187749,1.004442,0.107774,-0.808797
828,0.089929,0.019352,0.385491,-0.408478,0.745024,-0.52738,-0.726306,-0.615179,-0.306603,-0.552359,0.256868,0.793061,0.011911,0.009707,-0.025268,0.120129,0.67071,-0.015241,-1.72046,-0.108347,0.02919,0.366571,-0.092977,0.116289,0.98885,-0.675965,0.721807,-0.148326,-0.730854,-0.682357,0.010245,1.1e-05,-5.6e-05,-3.7e-05,0.0,0.0,0.0,0.472462,0.035352,0.032484,-0.00132,0.228295,-0.203262,0.952137,0.69469,-0.651173,-0.305579,0.682119,0.731202,-0.007455,8e-06,-3.3e-05,-2.3e-05,0.000135,-3.8e-05,7e-06,0.458722,0.082412,0.031638,-0.050082,-0.477822,0.72587,-0.49477,-0.67716,-0.663135,-0.318911,-0.559588,0.182656,0.808391,0.005598,-2.9e-05,-0.007879,0.056513,0.813061,0.127252,-0.810103
