frame,MLTx,MLTy,MLTz,MLTR1,MLTR2,MLTR3,MLTR4,MLTR5,MLTR6,MLTR7,MLTR8,MLTR9,MLTTVx,MLTTVy,MLTTVz,MLTRVx,MLTRVy,MLTRVz,MLGA,MRTx,MRTy,MRTz,MRTR1,MRTR2,MRTR3,MRTR4,MRTR5,MRTR6,MRTR7,MRTR8,MRTR9,MRTTVx,MRTTVy,MRTTVz,MRTRVx,MRTRVy,MRTRVz,MRGA,SLTx,SLTy,SLTz,SLTR1,SLTR2,SLTR3,SLTR4,SLTR5,SLTR6,SLTR7,SLTR8,SLTR9,SLTTVx,SLTTVy,SLTTVz,SLTRVx,SLTRVy,SLTRVz,SLGA,SRTx,SRTy,SRTz,SRTR1,SRTR2,SRTR3,SRTR4,SRTR5,SRTR6,SRTR7,SRTR8,SRTR9,SRTTVx,SRTTVy,SRTTVz,SRTRVx,SRTRVy,SRTRVz,SRGA
378,0.131915,4.5e-05,0.308852,0.353126,0.532851,-0.769037,-0.599643,0.759845,0.25107,0.71769,0.371832,0.588802,-0.0,-0.0,-0.0,-0.0,-0.0,-0.0,-1.268947,-0.187267,-0.011773,0.305425,0.142287,0.833295,0.534196,-0.729243,-0.27654,0.62583,0.669039,-0.479641,0.567621,0.001316,-0.000124,0.019955,0.072516,-0.101064,-0.063867,0.226356,0.035366,0.038634,-0.018154,0.003458,-0.858317,0.513107,0.682121,0.377229,0.626425,-0.73123,0.347836,0.58678,0.000344,0.005852,0.006296,0.142608,-0.053602,-0.211678,0.122507,0.064741,0.040263,-0.063514,-0.147534,-0.612348,-0.7767,0.628802,-0.664229,0.404236,-0.76344,-0.428752,0.483042,-3e-06,5e-06,8e-06,-0.000103,6.7e-05,7.1e-05,-1.143706
379,0.131914,3.9e-05,0.308846,0.353124,0.532869,-0.769025,-0.599649,0.759835,0.251084,0.717686,0.371825,0.588812,-0.0,-2e-06,-2e-06,-0.0,-0.0,-0.0,-1.269387,-0.187226,-0.011593,0.306084,0.142398,0.833466,0.533899,-0.728666,-0.276659,0.62645,0.669644,-0.479274,0.567218,0.001336,0.000273,0.020327,-0.044799,0.088539,-0.135815,0.222131,0.035387,0.038722,-0.017826,0.003638,-0.858569,0.512684,0.681566,0.37729,0.626992,-0.731747,0.347147,0.586544,0.000316,0.005415,0.0058,-0.000271,-0.01422,0.025074,0.116628,0.064741,0.04026,-0.063518,-0.147535,-0.612364,-0.776687,0.628801,-0.664221,0.40425,-0.76344,-0.428741,0.483051,-2e-06,7e-06,8e-06,-7.8e-05,3.5e-05,4.6e-05,-1.144196
380,0.131911,2.7e-05,0.308834,0.353134,0.53278,-0.769082,-0.599619,0.759882,0.251015,0.717706,0.371858,0.588767,-0.000226,-0.00124,-0.001279,-0.000408,0.015979,-0.023981,-1.269127,-0.187206,-0.011528,0.306409,0.142381,0.833409,0.533993,-0.728374,-0.276948,0.626662,0.669965,-0.479206,0.566896,0.001238,-0.00133,0.018587,-0.046545,0.104059,-0.160033,0.218412,0.035397,0.038759,-0.017667,0.003628,-0.858519,0.512767,0.681243,0.377497,0.627218,-0.732048,0.347044,0.586229,0.000309,0.005308,0.005673,0.003305,-0.030774,0.04863,0.113526,0.06474,0.040257,-0.063521,-0.147548,-0.612263,-0.776764,0.628786,-0.664286,0.404166,-0.76345,-0.428784,0.482997,-4e-06,-3e-06,-2e-06,-6.7e-05,2.5e-05,3.7e-05,-1.144359
381,0.131909,2.5e-05,0.308803,0.35314,0.532681,-0.769147,-0.599624,0.759912,0.25091,0.717699,0.371937,0.588726,-6.8e-05,-0.000376,-0.000387,-0.0,-0.0,-0.0,-1.27052,-0.187172,-0.01144,0.306952,0.140221,0.833834,0.533901,-0.729355,-0.277557,0.62525,0.669357,-0.478112,0.568536,0.000486,0.008125,0.008654,0.092835,-0.098718,-0.035798,0.206372,0.035414,0.0388,-0.017384,0.005682,-0.858499,0.512783,0.6821,0.378306,0.625799,-0.731236,0.346214,0.587731,0.000546,-0.0017,0.008173,0.084159,-0.10896,-0.068847,0.101606,0.064738,0.040253,-0.063539,-0.147553,-0.612186,-0.776823,0.628814,-0.664312,0.404081,-0.763426,-0.428854,0.482973,-3.5e-05,-0.000186,-0.00019,-4.4e-05,2.3e-05,2e-05,-1.144523
382,0.131901,-6e-06,0.308741,0.353135,0.532673,-0.769155,-0.59966,0.759896,0.250875,0.717672,0.371983,0.58873,-0.000201,-0.001105,-0.00114,-0.0,-0.0,-0.0,-1.271245,-0.187122,-0.011335,0.307407,0.140357,0.834057,0.533517,-0.728911,-0.277497,0.625793,0.669811,-0.477757,0.5683,0.000412,0.006923,0.00735,0.001742,-0.015545,0.024202,0.199378,0.03544,0.038853,-0.017156,0.005768,-0.858733,0.512389,0.681633,0.37829,0.626317,-0.731671,0.345649,0.587523,0.000509,-0.002339,0.007481,-0.038196,0.013464,-0.016426,0.090012,0.064734,0.040239,-0.063569,-0.147549,-0.612178,-0.776831,0.628852,-0.664294,0.404052,-0.763396,-0.428895,0.482985,-0.000126,-0.000688,-0.000709,-3.1e-05,3e-06,2.3e-05,-1.144523
383,0.131899,2e-06,0.308705,0.35314,0.532561,-0.769231,-0.599679,0.759923,0.250746,0.717653,0.372088,0.588686,-9.9e-05,-0.000546,-0.000563,-0.0,-0.0,-0.0,-1.272097,-0.187098,-0.011281,0.307613,0.140307,0.83394,0.533713,-0.728752,-0.277789,0.625849,0.669994,-0.477791,0.568055,0.001042,-0.004532,0.01511,-0.046555,0.103786,-0.160207,0.198427,0.035451,0.038883,-0.017057,0.005756,-0.858697,0.51245,0.681446,0.378415,0.626443,-0.731844,0.345601,0.587334,0.000183,0.003191,0.003381,0.001608,-0.015182,0.024483,0.087236,0.064733,0.040241,-0.063589,-0.147553,-0.61207,-0.776915,0.628897,-0.664326,0.40393,-0.763358,-0.428998,0.482952,-5.6e-05,-0.000304,-0.000314,-2.4e-05,1.7e-05,4e-06,-1.144849
384,0.131885,2.4e-05,0.30864,0.353115,0.532588,-0.769223,-0.599805,0.759845,0.250683,0.717561,0.372208,0.588724,-9.4e-05,-0.000517,-0.000534,-0.0,-0.0,-0.0,-1.272761,-0.187086,-0.011195,0.307988,0.140271,0.833846,0.533869,-0.728431,-0.278159,0.626059,0.670351,-0.47774,0.567676,0.00036,0.006072,0.00642,0.001723,-0.015509,0.024226,0.18826,0.035458,0.038921,-0.016867,0.005797,-0.858519,0.512748,0.681046,0.378845,0.626619,-0.732217,0.345573,0.586887,0.000476,-0.002901,0.006874,-0.034566,-0.003187,0.007047,0.079561,0.064726,0.040252,-0.063621,-0.147528,-0.612094,-0.7769,0.62902,-0.664236,0.403883,-0.763261,-0.429103,0.483013,-5.2e-05,-0.000296,-0.000306,-1.7e-05,4e-06,1.1e-05,-1.145012
385,0.131896,5.1e-05,0.30861,0.353113,0.532529,-0.769265,-0.599861,0.759834,0.25058,0.717514,0.372314,0.588713,-0.0,-2e-06,-2e-06,-0.0,-0.0,-0.0,-1.272963,-0.187042,-0.011159,0.308323,0.140293,0.83385,0.533857,-0.728075,-0.278388,0.626372,0.670734,-0.477599,0.567344,0.00027,0.004573,0.004825,0.001724,-0.015496,0.024234,0.172009,0.035479,0.038941,-0.016699,0.00577,-0.858527,0.512735,0.680664,0.379001,0.626941,-0.732573,0.345383,0.586555,0.000107,0.001908,0.002013,-0.011801,0.107004,-0.167171,0.06111,0.064731,0.040266,-0.063636,-0.147526,-0.612038,-0.776945,0.629093,-0.664225,0.403791,-0.763202,-0.429202,0.483019,4e-06,2.3e-05,2.5e-05,-3e-06,1.6e-05,7e-06,-1.145012
386,0.131895,6.2e-05,0.308592,0.353124,0.532394,-0.769354,-0.599854,0.759884,0.250447,0.717515,0.372406,0.588654,-1e-06,-8e-06,-8e-06,0.002802,-0.110355,0.165448,-1.272739,-0.186963,-0.011159,0.308541,0.140332,0.833876,0.533806,-0.727803,-0.278518,0.626629,0.67102,-0.477477,0.567107,0.000776,-0.008998,0.010364,-0.036388,0.012158,-0.017306,0.151537,0.035519,0.038946,-0.016591,0.005725,-0.858576,0.512652,0.6804,0.379038,0.627204,-0.732817,0.345218,0.586346,8.3e-05,0.001493,0.001572,0.001774,-0.015418,0.024282,0.039718,0.064731,0.040271,-0.063645,-0.147521,-0.612028,-0.776954,0.629131,-0.664206,0.40376,-0.763171,-0.429244,0.48303,1e-06,8e-06,1e-05,-8e-06,4e-06,1e-06,-1.145339
387,0.131885,6.3e-05,0.308593,0.353118,0.532415,-0.769342,-0.599862,0.759872,0.250464,0.717512,0.372399,0.588662,-0.014275,0.001382,0.001163,-0.000984,0.014715,-0.029553,-1.273558,-0.186915,-0.011164,0.308606,0.140343,0.833873,0.533808,-0.727713,-0.278575,0.626707,0.671114,-0.477449,0.567019,0.014611,0.001392,0.000368,0.002045,-0.015205,0.029245,0.139469,0.035538,0.038941,-0.016553,0.005721,-0.858555,0.512688,0.680283,0.379117,0.627283,-0.732926,0.345184,0.58623,3.3e-05,0.000626,0.000658,5.8e-05,3.1e-05,6.2e-05,0.024369,0.064731,0.040272,-0.063645,-0.147535,-0.61191,-0.777044,0.629115,-0.664281,0.403663,-0.763182,-0.429296,0.482967,1e-06,7e-06,1.2e-05,9e-06,2.2e-05,1.2e-05,-1.145666
388,0.131883,6.8e-05,0.308569,0.353111,0.532424,-0.769339,-0.599903,0.759847,0.250442,0.717481,0.372439,0.588675,-3.2e-05,-0.000175,-0.00018,0.0,0.0,0.0,-1.273901,-0.186833,-0.011222,0.308674,0.140312,0.833767,0.53398,-0.727569,-0.278828,0.626763,0.671277,-0.477486,0.566795,0.000642,-0.011304,0.007935,-0.036389,0.012142,-0.017315,0.108567,0.035584,0.038911,-0.016521,0.005728,-0.858462,0.512843,0.680102,0.37932,0.627357,-0.733094,0.345192,0.586015,0.000315,-0.005738,0.003875,-0.036352,0.012166,-0.01726,-0.010738,0.064725,0.040275,-0.063656,-0.147523,-0.611937,-0.777026,0.629159,-0.664239,0.403664,-0.763148,-0.429323,0.482996,-2.2e-05,-0.000124,-0.000125,2e-06,8e-06,9e-06,-1.145503
389,0.131881,0.000104,0.308503,0.353108,0.532273,-0.769445,-0.599987,0.759852,0.250226,0.717412,0.372644,0.588629,-9.5e-05,-0.00052,-0.000537,0.0,0.0,0.0,-1.2748,-0.186702,-0.01127,0.308658,0.14038,0.83384,0.53385,-0.727502,-0.278734,0.626883,0.671336,-0.477414,0.566786,-1.8e-05,-0.000313,-0.00033,-0.011915,0.106803,-0.167339,0.072874,0.035649,0.038885,-0.016531,0.005669,-0.858542,0.512711,0.680053,0.379211,0.627475,-0.73314,0.345114,0.586004,-1e-05,-0.000182,-0.000191,-0.011886,0.106817,-0.167327,-0.060379,0.064724,0.040293,-0.063689,-0.147518,-0.611793,-0.77714,0.62928,-0.664245,0.403466,-0.763049,-0.42952,0.482977,-5.8e-05,-0.000321,-0.000329,6e-06,1.4e-05,5e-06,-1.145503
390,0.131881,0.000135,0.308461,0.350535,0.532532,-0.770441,-0.599826,0.759415,0.251934,0.71881,0.373164,0.586591,-0.000173,-0.00095,-0.000981,-0.069555,-0.14744,-0.097162,-1.275115,-0.186615,-0.011281,0.308639,0.140436,0.833911,0.533724,-0.727489,-0.278614,0.626952,0.671339,-0.47736,0.566828,0.01452,-0.00022,-0.001335,0.002045,-0.015205,0.029245,0.054866,0.035692,0.038879,-0.016541,0.005624,-0.858618,0.512584,0.680062,0.379088,0.627541,-0.733132,0.34506,0.586045,0.007259,-0.000121,-0.000681,0.002057,-0.015172,0.029243,-0.081607,0.064724,0.04031,-0.063708,-0.145185,-0.611753,-0.77761,0.628734,-0.663889,0.404899,-0.763946,-0.430125,0.481017,-0.000111,-0.000613,-0.000632,-0.11036,-0.209823,-0.135817,-1.145503
391,0.131869,0.00018,0.308391,0.34793,0.53293,-0.771346,-0.599765,0.758872,0.253708,0.720127,0.373698,0.584631,-0.000263,-0.001441,-0.001488,-0.113711,-0.224058,-0.182239,-1.274399,-0.18645,-0.011354,0.308639,0.140518,0.833994,0.533573,-0.727366,-0.278535,0.62713,0.671455,-0.477261,0.566775,-2.5e-05,-0.000433,-0.000457,0.0,-0.0,-0.0,-0.021289,0.035775,0.038842,-0.016541,0.005553,-0.85871,0.512431,0.679956,0.378985,0.627718,-0.733231,0.344945,0.58599,-1.4e-05,-0.000216,-0.000232,2e-05,1e-05,5e-06,-0.157373,0.064719,0.040333,-0.063742,-0.143422,-0.611857,-0.777856,0.628586,-0.663401,0.405927,-0.7644,-0.430732,0.479751,-2.5e-05,-0.000144,-0.000148,-0.264161,-0.462266,-0.294811,-1.145829
392,0.131857,0.000215,0.308338,0.347895,0.533047,-0.771281,-0.59992,0.758747,0.253715,0.720015,0.373785,0.584714,-0.000103,-0.000566,-0.000585,-2.8e-05,-6e-05,-4e-05,-1.273837,-0.186241,-0.01145,0.308641,0.140584,0.834023,0.533509,-0.727214,-0.278552,0.627297,0.671604,-0.477199,0.566649,0.000624,-0.011784,0.007429,-0.036392,0.012092,-0.017342,-0.120286,0.035879,0.038798,-0.016543,0.005489,-0.858756,0.512353,0.679827,0.378951,0.627877,-0.733351,0.344865,0.585886,0.007258,-0.000185,-0.000753,0.002052,-0.015186,0.029237,-0.246693,0.064712,0.040348,-0.063771,-0.141957,-0.612003,-0.77801,0.628479,-0.662954,0.406824,-0.764762,-0.431212,0.478742,-6.3e-05,-0.000348,-0.00036,0.001961,0.002745,0.00166,-1.144033
393,0.131826,0.000261,0.308312,0.347887,0.532915,-0.771377,-0.599973,0.758761,0.253546,0.719975,0.373944,0.584662,-0.0,-0.0,-0.0,-0.0,-0.0,-0.0,-1.272536,-0.186021,-0.011508,0.308637,0.140241,0.832505,0.535965,-0.727588,-0.280351,0.62606,0.671271,-0.478796,0.565696,0.000653,-0.011327,0.007912,-0.0178,0.169518,-0.208971,-0.277582,0.035989,0.038769,-0.016546,0.005598,-0.857366,0.514676,0.679874,0.380691,0.626773,-0.733306,0.346406,0.585032,0.007273,0.000109,-0.000441,0.07123,0.566527,-0.677274,-0.367202,0.064697,0.040371,-0.063785,-0.141982,-0.611875,-0.778106,0.628568,-0.662978,0.406647,-0.764684,-0.431356,0.478737,3e-06,1.3e-05,1.4e-05,-0.000167,0.000163,0.00017,-1.144686
394,0.131805,0.000271,0.308308,0.347875,0.532943,-0.771363,-0.600002,0.758735,0.253556,0.719956,0.373957,0.584676,-0.0,-0.0,-0.0,-0.0,-0.0,-0.0,-1.272009,-0.185912,-0.011521,0.30863,0.130026,0.832589,0.538406,-0.724641,-0.290703,0.624756,0.676508,-0.47242,0.564818,0.014514,-0.00045,-0.001589,0.002541,-0.01096,0.024066,-0.369635,0.036039,0.03876,-0.016544,0.015764,-0.855664,0.51729,0.675221,0.390679,0.625656,-0.737446,0.339423,0.583921,-2.3e-05,-0.000407,-0.000429,0.00155,0.009907,-0.01213,-0.454072,0.064686,0.040376,-0.063787,-0.141973,-0.6119,-0.778088,0.628589,-0.66295,0.406659,-0.764669,-0.431363,0.478755,0.0,7e-06,1.1e-05,-0.00017,0.00011,0.00011,-1.144686
395,0.131764,0.000299,0.308306,0.347853,0.53298,-0.771347,-0.600054,0.758692,0.253562,0.719924,0.373991,0.584695,-0.014272,0.001386,0.001166,-0.000984,0.014715,-0.029553,-1.268373,-0.185756,-0.011634,0.308647,0.099266,0.830803,0.547635,-0.715163,-0.322971,0.619812,0.691677,-0.454206,0.561377,-4.3e-05,-0.000785,-0.000828,-0.210545,0.216426,-0.918052,-0.62493,0.036122,0.038707,-0.016539,0.044367,-0.850729,0.523728,0.661191,0.418002,0.622977,-0.748903,0.318645,0.58104,2.1e-05,-0.000464,-0.00074,-3.020061,-3.43334,-3.095472,-0.664064,0.064671,0.04039,-0.063788,-0.14196,-0.611913,-0.77808,0.628626,-0.662919,0.406653,-0.76464,-0.431393,0.478773,-2e-06,-2e-06,-1e-06,-0.000125,6.1e-05,7e-05,-1.144523
396,0.131737,0.000346,0.30831,0.345271,0.533237,-0.772329,-0.599845,0.758274,0.255302,0.721342,0.374473,0.582635,-0.013632,0.013762,-0.005614,0.026979,-0.01676,-0.023055,-1.257159,-0.185675,-0.01183,0.308674,0.069597,0.832591,0.54949,-0.703244,-0.349602,0.619,0.707379,-0.43054,0.560459,-0.000105,-0.001917,-0.002024,-0.082011,-0.092385,-0.083648,-0.981975,0.036163,0.038606,-0.016522,0.075545,-0.846048,0.527725,0.644286,0.445343,0.621742,-0.761043,0.293037,0.578741,-5.9e-05,-0.001032,-0.001075,-0.081015,-0.093138,-0.083896,-0.924512,0.064657,0.040407,-0.063785,-0.138983,-0.611894,-0.778632,0.627907,-0.662455,0.408515,-0.765777,-0.432133,0.476283,0.000113,0.000621,0.000642,0.010723,-0.01383,0.023399,-1.144359
397,0.131716,0.000365,0.3083,0.345243,0.533376,-0.772246,-0.59993,0.758179,0.255384,0.721285,0.374467,0.582709,-0.014268,0.001402,0.001182,-0.001107,0.014454,-0.029725,-1.240934,-0.185652,-0.01191,0.308676,0.054803,0.833693,0.549495,-0.696809,-0.362105,0.619089,0.715025,-0.417857,0.560355,-7.6e-05,-0.001382,-0.00146,-6e-05,-6.7e-05,-6.1e-05,-1.133901,0.036174,0.038565,-0.016522,0.09037,-0.844698,0.527558,0.635852,0.456642,0.622229,-0.766501,0.279218,0.57837,0.00028,-0.006503,0.003085,-0.034653,0.012786,-0.017489,-0.919777,0.064647,0.040423,-0.06379,-0.139139,-0.612023,-0.778503,0.628106,-0.662321,0.408427,-0.765585,-0.432155,0.47657,0.0,-6e-06,-5e-06,0.004101,0.004992,0.002919,-1.142727
398,0.131697,0.000419,0.308267,0.342638,0.533747,-0.773149,-0.599812,0.757668,0.257171,0.722626,0.37497,0.58072,0.0,0.0,0.0,-0.000531,-0.001124,-0.000742,-1.167076,-0.185651,-0.012062,0.308666,0.042042,0.833917,0.550278,-0.688592,-0.374761,0.620749,0.723812,-0.406051,0.557747,0.000597,-0.012447,0.006731,-0.127661,0.095323,0.042225,-1.381976,0.036175,0.038488,-0.016529,0.10306,-0.842827,0.528224,0.625582,0.467794,0.624351,-0.77332,0.266102,0.575469,0.000297,-0.006209,0.00339,-0.127411,0.0983,0.044254,-0.898876,0.064632,0.04045,-0.063806,-0.136326,-0.612129,-0.778917,0.627601,-0.661716,0.410181,-0.766506,-0.432931,0.474382,0.0,-6e-06,-8e-06,0.007634,0.008743,0.005031,-1.133092
399,0.131657,0.0005,0.308219,0.332412,0.542587,-0.771458,-0.599226,0.753142,0.271437,0.72788,0.37138,0.57645,0.0,0.0,0.0,-0.169104,-0.240111,-0.397183,-0.879327,-0.185668,-0.012243,0.308699,0.031576,0.834014,0.550831,-0.678572,-0.386625,0.624496,0.733752,-0.394535,0.553004,-6.6e-05,-0.001191,-0.00126,-0.05021,0.045847,0.032776,-1.398956,0.036166,0.038398,-0.016511,0.113087,-0.84124,0.528702,0.613597,0.477652,0.628766,-0.781479,0.253305,0.570198,-4.2e-05,-0.000717,-0.000749,-0.019538,0.035037,0.025939,-0.904754,0.064612,0.040491,-0.063831,-0.126791,-0.61942,-0.774753,0.624031,-0.656939,0.423102,-0.771044,-0.429824,0.469831,0.000239,0.005731,-0.003862,-0.240819,-0.532808,-0.308491,-1.031036
400,0.131575,0.000603,0.308162,0.311457,0.559572,-0.768062,-0.616735,0.733926,0.284541,0.722533,0.384379,0.574654,-0.013789,0.012859,-0.006546,0.098793,-0.384841,-0.979876,-0.663634,-0.185677,-0.012298,0.308717,0.026088,0.833955,0.551207,-0.670873,-0.394059,0.628156,0.741018,-0.387213,0.548471,-1.4e-05,-0.000259,-0.000274,-0.140063,0.127811,0.09134,-1.399302,0.036162,0.038369,-0.016504,0.118785,-0.840265,0.529002,0.604953,0.483717,0.632494,-0.78735,0.24489,0.565779,0.000323,-0.005751,0.003877,-0.200293,0.165474,0.091877,-0.901325,0.064572,0.040542,-0.063859,-0.105074,-0.633588,-0.766501,0.636554,-0.635027,0.437651,-0.76404,-0.441934,0.470038,-0.006894,0.006427,-0.003272,0.009689,-0.484025,-1.057101,-0.898607
401,0.131288,0.000945,0.307967,0.241585,0.600219,-0.762509,-0.669979,0.671597,0.316318,0.701656,0.433707,0.565335,0.000302,0.010494,-0.008717,1.080671,-0.780413,-1.562194,-0.219179,-0.18565,-0.012356,0.308788,0.005405,0.83445,0.551049,-0.650345,-0.415548,0.63585,0.759553,-0.362846,0.539708,7.5e-05,0.001362,0.00144,-0.090552,0.077963,0.055365,-1.399515,0.036175,0.038337,-0.016471,0.138939,-0.837378,0.528671,0.581082,0.501221,0.641186,-0.801897,0.218116,0.556224,1.1e-05,0.000271,0.0003,-0.107575,0.064583,0.042587,-0.902468,0.064428,0.040711,-0.063952,-0.032929,-0.664359,-0.746687,0.674455,-0.566111,0.473948,-0.73758,-0.488001,0.466722,-0.007037,0.005863,-0.004008,4.006835,-2.2197,-3.680552,-0.606807
402,0.131167,0.001358,0.307585,0.125405,0.639148,-0.758821,-0.734695,0.57382,0.361836,0.666534,0.511337,0.542488,-0.000115,0.008222,-0.011061,3.793571,-2.802853,-4.306551,0.005229,-0.185632,-0.012305,0.3089,-0.035511,0.834207,0.550299,-0.613014,-0.452952,0.647287,0.789262,-0.315393,0.52674,-0.014406,0.002756,0.004032,-3.356491,-3.544718,-2.693859,-1.399601,0.036189,0.038363,-0.016416,0.174634,-0.831322,0.527641,0.541571,0.528633,0.653641,-0.822315,0.171608,0.542537,0.000421,-0.003844,0.005901,-0.598218,-0.063655,-0.070326,-0.912429,0.064368,0.040918,-0.064136,0.077989,-0.688558,-0.720974,0.717509,-0.463324,0.520106,-0.692168,-0.557869,0.457913,0.000222,0.010023,-0.009201,0.880028,-1.473833,-2.025328,-0.332642
403,0.131423,0.00169,0.306993,-0.028223,0.65121,-0.758403,-0.798108,0.442139,0.409278,0.601877,0.616034,0.508207,0.01339,0.002786,-0.016417,3.877531,-3.659212,-4.818983,0.123941,-0.185674,-0.012262,0.309129,-0.060693,0.836894,0.543982,-0.568695,-0.476761,0.670238,0.820328,-0.269724,0.504157,0.000232,0.004227,0.004458,-0.79123,0.650645,0.591893,-1.399916,0.036163,0.038384,-0.016301,0.206969,-0.828205,0.520806,0.492095,0.548218,0.676238,-0.84558,0.116325,0.52102,-0.006861,-0.003898,0.006408,-0.508048,0.28191,0.462458,-0.920757,0.064496,0.041095,-0.064436,0.233752,-0.682303,-0.692691,0.758174,-0.318111,0.569189,-0.608712,-0.65823,0.442945,0.006678,0.001351,-0.008514,3.818664,-3.718127,-4.856425,-0.14747
404,0.131597,0.001806,0.306588,-0.128671,0.642961,-0.755044,-0.827569,0.349914,0.438932,0.546573,0.680534,0.488015,0.013449,0.011965,-0.026502,4.795215,-4.322098,-5.221355,0.194345,-0.18571,-0.012241,0.309244,-0.069502,0.837273,0.542342,-0.549604,-0.485732,0.679657,0.832563,-0.251879,0.493213,-0.014358,0.003488,0.004794,-0.496231,0.359307,0.460333,-1.399364,0.036151,0.038397,-0.016242,0.213985,-0.827425,0.519208,0.470824,0.553068,0.687342,-0.855882,0.097375,0.50792,0.000438,-0.003472,0.006292,-0.701024,0.564109,0.408933,-0.926472,0.064579,0.041149,-0.064621,0.322435,-0.663844,-0.674793,0.769592,-0.231221,0.595201,-0.551147,-0.711229,0.436335,0.00653,0.000402,-0.009216,0.952859,-1.82857,-2.839848,-0.058804
405,0.131928,0.001776,0.305756,-0.285842,0.588466,-0.756338,-0.847797,0.212651,0.485789,0.447058,0.779353,0.439062,0.012194,-0.003836,-0.023375,0.802822,-2.559396,-2.075169,0.298619,-0.185774,-0.01212,0.309482,-0.098166,0.838388,0.536153,-0.498827,-0.507529,0.70251,0.861195,-0.199531,0.467326,0.000305,0.005525,0.005812,-1.426541,-0.715186,-0.417501,-1.399628,0.036114,0.038455,-0.016126,0.240857,-0.824148,0.512608,0.418584,0.564719,0.711251,-0.875656,0.04326,0.480992,-0.007046,0.002526,0.003,-3.682449,-3.408319,-2.008655,-0.935126,0.064745,0.041142,-0.065046,0.47836,-0.58874,-0.651579,0.767458,-0.080359,0.636042,-0.426824,-0.804317,0.413393,-0.000809,-0.000872,-0.01126,4.911273,-6.155359,-2.375238,0.116734
406,0.13246,0.001357,0.3049,-0.40505,0.509847,-0.75897,-0.845581,0.106892,0.523009,0.348282,0.852985,0.38877,0.025414,-0.020209,-0.020658,-0.325155,-1.033482,-1.455128,0.344407,-0.185791,-0.011885,0.309776,-0.14801,0.838433,0.524513,-0.43515,-0.531357,0.7268,0.888244,-0.121717,0.442799,0.000434,0.00787,0.008257,-0.651985,-1.424844,2.445001,-1.398893,0.036105,0.038573,-0.015978,0.2904,-0.815146,0.501202,0.350486,0.577984,0.736948,-0.890407,-0.038346,0.453544,0.000172,0.003997,0.00427,-0.632621,-1.43111,2.433691,-0.941658,0.065007,0.040937,-0.065474,0.588814,-0.493731,-0.639942,0.746152,0.027657,0.6652,-0.310731,-0.869174,0.384683,0.005643,-0.009042,-0.009321,0.622813,-1.920336,-1.893324,0.225159
407,0.133494,0.000512,0.303971,-0.479388,0.435577,-0.761909,-0.835694,0.038601,0.547811,0.268616,0.898799,0.346458,0.024985,-0.023289,-0.024103,-0.253914,-1.217517,-0.828948,0.32337,-0.185757,-0.011805,0.310155,-0.183385,0.837102,0.515385,-0.37895,-0.543844,0.748709,0.907245,-0.059052,0.416273,0.000968,-0.005633,0.01388,-0.928265,0.175071,0.221311,-1.398716,0.036122,0.03862,-0.015788,0.32592,-0.807841,0.491089,0.294775,0.580392,0.759112,-0.898267,-0.102649,0.427292,0.000129,0.002597,0.002728,-1.517883,-0.669604,-0.195588,-0.939209,0.065523,0.040513,-0.065939,0.653505,-0.411566,-0.635251,0.724293,0.096263,0.682739,-0.219841,-0.906281,0.361003,0.01251,-0.01156,-0.011948,0.966704,-1.486892,-0.965713,0.250632
408,0.133993,2.1e-05,0.303535,-0.505071,0.405456,-0.761941,-0.831561,0.007895,0.555352,0.23181,0.913592,0.334128,0.025112,-0.022947,-0.02385,0.983469,-1.45779,-0.698305,0.294056,-0.185704,-0.01181,0.310295,-0.195608,0.837168,0.510764,-0.360441,-0.545633,0.756506,0.912237,-0.037171,0.407806,0.015401,-0.007259,0.011062,-3.153484,-3.972037,-1.963666,-1.398743,0.036143,0.038621,-0.015714,0.332138,-0.808215,0.486284,0.278626,0.576613,0.768038,-0.901138,-0.119603,0.416705,5.9e-05,0.001417,0.001504,-0.280371,0.150277,0.430749,-0.938719,0.065772,0.040264,-0.06616,0.676131,-0.377319,-0.632832,0.714289,0.125082,0.688582,-0.180659,-0.917597,0.354087,0.012507,-0.016884,-0.00784,3.873255,-3.562298,-2.191629,0.226792
409,0.134828,-0.000924,0.302723,-0.546082,0.35019,-0.761057,-0.823218,-0.055769,0.564954,0.156072,0.934595,0.31969,0.025561,-0.021057,-0.02203,1.23771,-0.994642,-0.558475,0.224444,-0.185617,-0.011814,0.310463,-0.232164,0.832766,0.502585,-0.318407,-0.55319,0.769761,0.919326,0.017639,0.392926,0.000134,0.002463,0.002573,-1.093683,-1.243622,-0.569242,-1.398763,0.036192,0.038614,-0.015629,0.370447,-0.796506,0.477855,0.233877,0.577867,0.781902,-0.898926,-0.177895,0.400354,0.000196,0.00061,0.000443,-3.190559,-4.570034,-2.073438,-0.928758,0.066189,0.039787,-0.066571,0.709831,-0.316871,-0.629071,0.69707,0.187762,0.691981,-0.101153,-0.929697,0.354161,0.005464,-0.015738,-0.006766,4.217536,-3.099559,-1.835143,0.144656
410,0.135461,-0.002055,0.302001,-0.58159,0.304859,-0.754228,-0.809986,-0.130769,0.571659,0.076364,0.943008,0.32393,0.010285,-0.034448,-0.01686,0.080197,-0.037337,-0.108712,0.167613,-0.185581,-0.011885,0.31049,-0.281243,0.821646,0.495773,-0.264285,-0.562853,0.783125,0.92283,0.08819,0.374794,-0.000124,-0.002285,-0.002387,-0.320827,0.013535,0.245959,-1.398139,0.036211,0.038585,-0.015608,0.418532,-0.776545,0.470964,0.177897,0.57862,0.795959,-0.890608,-0.249351,0.380316,-6.6e-05,-0.000793,-0.000807,-0.503358,-0.151129,-0.020707,-0.928268,0.066508,0.039244,-0.066922,0.737946,-0.267231,-0.619695,0.6745,0.262154,0.690162,-0.021977,-0.927287,0.373703,0.012404,-0.017605,-0.00872,1.26922,-0.941408,-0.544619,0.055826
411,0.135696,-0.002702,0.301652,-0.602187,0.285434,-0.745617,-0.797341,-0.167217,0.579877,0.041581,0.943353,0.329217,0.010105,-0.035735,-0.018365,4.130926,-2.720168,-2.583336,0.147495,-0.185614,-0.011991,0.310471,-0.299229,0.817325,0.492374,-0.235508,-0.563202,0.792006,0.924986,0.120005,0.360364,-0.000155,-0.002839,-0.002967,-0.92673,0.094491,0.414568,-1.39836,0.036194,0.038529,-0.015621,0.436812,-0.768452,0.467627,0.150399,0.574915,0.804271,-0.88689,-0.280985,0.366704,-0.000111,-0.001596,-0.001643,-1.090665,0.167954,0.476332,-0.925819,0.066629,0.038909,-0.067101,0.752647,-0.248317,-0.609802,0.658394,0.292546,0.693494,0.006189,-0.923447,0.383674,0.012265,-0.018585,-0.009832,0.098358,1.483269,-2.361094,0.019739
412,0.135933,-0.004158,0.300936,-0.640241,0.25427,-0.724903,-0.768061,-0.230417,0.597464,-0.014322,0.938976,0.343725,0.009965,-0.036959,-0.019957,0.164068,0.212803,-0.189492,0.117648,-0.185755,-0.012166,0.310283,-0.332039,0.808006,0.486691,-0.182996,-0.561226,0.807138,0.925711,0.17792,0.333569,-0.000254,-0.004627,-0.004846,-1.564126,-0.706556,-0.097182,-1.398108,0.036123,0.038439,-0.015717,0.467271,-0.753862,0.461897,0.099313,0.56389,0.819856,-0.878518,-0.337222,0.338358,-0.000142,-0.002446,-0.002558,-1.479541,-0.75446,-0.140585,-0.926309,0.066751,0.038165,-0.067468,0.784371,-0.208005,-0.584375,0.617112,0.356936,0.701262,0.062718,-0.910675,0.408333,0.004957,-0.018586,-0.010107,0.1717,0.221078,-0.153943,-0.036759
413,0.135893,-0.005605,0.300168,-0.673043,0.22861,-0.703418,-0.736498,-0.294738,0.608829,-0.067307,0.927551,0.367623,-0.004642,-0.036205,-0.019679,3.986785,-2.870036,-2.406161,0.100745,-0.186093,-0.012269,0.309947,-0.383085,0.787958,0.482036,-0.117684,-0.55911,0.820659,0.916614,0.256658,0.306282,-0.014958,-0.007435,-0.006696,-0.800197,0.082177,0.127642,-1.397884,0.035966,0.03839,-0.015875,0.513345,-0.726218,0.457256,0.036169,0.550655,0.833948,-0.857419,-0.411564,0.308943,-3.7e-05,-0.003687,-0.003908,-3.420189,-4.014492,-1.321344,-0.927778,0.066734,0.037467,-0.067839,0.807918,-0.181664,-0.560595,0.580026,0.413198,0.702023,0.104105,-0.892336,0.4392,-0.002221,-0.017537,-0.009215,0.276514,1.808794,-2.464787,-0.070397
414,0.135801,-0.006207,0.299791,-0.681689,0.220357,-0.697702,-0.726058,-0.321715,0.60771,-0.089706,0.920568,0.380176,-0.004426,-0.034891,-0.018346,4.151767,-2.727044,-2.053478,0.096809,-0.186248,-0.012267,0.309752,-0.415056,0.771388,0.482368,-0.07975,-0.558882,0.825363,0.906761,0.303127,0.29285,-0.000991,0.005295,-0.014262,-0.64538,-0.086989,0.090879,-1.397624,0.035877,0.038384,-0.01598,0.542131,-0.704812,0.457529,-0.002608,0.543073,0.83968,-0.840289,-0.45641,0.292579,-0.007449,-0.002943,-0.002533,-1.36483,-1.072568,-0.263587,-0.928105,0.066685,0.037137,-0.068045,0.815845,-0.168603,-0.553143,0.564288,0.441189,0.697804,0.126389,-0.881433,0.455083,-0.002112,-0.017445,-0.009071,4.203751,-2.682364,-2.016551,-0.081991
415,0.135595,-0.007351,0.298959,-0.690685,0.213549,-0.690939,-0.712986,-0.36104,0.60106,-0.120248,0.907508,0.402488,-0.003772,-0.021767,-0.024454,1.411615,-0.592166,-0.470362,0.077212,-0.186553,-0.012071,0.30931,-0.473115,0.733823,0.487501,-0.000211,-0.553319,0.83293,0.881538,0.393037,0.261297,-0.000916,0.006621,-0.012874,-0.56895,0.322929,0.251306,-1.397033,0.035725,0.03848,-0.016203,0.594003,-0.65759,0.463394,-0.079911,0.524948,0.847374,-0.800483,-0.540373,0.259272,-0.007747,0.003575,-0.005608,-0.95097,0.146573,0.202452,-0.933003,0.066582,0.036571,-0.068455,0.822459,-0.161095,-0.545534,0.548569,0.478275,0.685801,0.150436,-0.863307,0.481734,-0.002072,-0.017169,-0.008886,4.092116,-2.693698,-2.182162,-0.102076
416,0.135291,-0.008316,0.298115,-0.695242,0.217015,-0.685265,-0.703885,-0.398833,0.58775,-0.144896,0.890707,0.430898,-0.003542,-0.020286,-0.023002,0.513937,0.785476,0.207019,0.050182,-0.18696,-0.011589,0.308684,-0.539032,0.683342,0.492422,0.080253,-0.540167,0.837683,0.839069,0.490185,0.235681,-0.016064,0.018502,-0.019108,-3.176887,-4.293534,-1.232784,-1.397069,0.035527,0.038715,-0.016514,0.647232,-0.601101,0.468793,-0.153962,0.499224,0.852684,-0.746582,-0.624061,0.230567,-0.008078,0.008991,-0.009851,-0.764957,0.015849,0.201959,-0.933493,0.066429,0.036079,-0.068887,0.826644,-0.161905,-0.538929,0.536697,0.51473,0.668586,0.169156,-0.841925,0.512393,-0.001749,-0.010086,-0.011439,0.596679,0.848845,0.246503,-0.142245
417,0.134879,-0.008972,0.297268,-0.69674,0.225343,-0.681042,-0.698949,-0.42697,0.573706,-0.160643,0.875458,0.455844,-0.017775,-0.016115,-0.018759,0.320396,0.376291,-0.11847,0.04735,-0.187612,-0.010761,0.307875,-0.599067,0.632824,0.490554,0.148163,-0.514325,0.84466,0.787557,0.57788,0.213711,-0.01665,0.03021,-0.02661,-0.721984,0.146044,0.103186,-1.396953,0.035201,0.039124,-0.016915,0.701813,-0.537006,0.468061,-0.219221,0.462358,0.859166,-0.67779,-0.705583,0.206766,-0.008353,0.014856,-0.013599,-1.351515,-0.800218,-0.149392,-0.941658,0.066229,0.035756,-0.069304,0.827865,-0.171616,-0.534027,0.532104,0.54152,0.650861,0.177489,-0.822984,0.539623,-0.001406,-0.008012,-0.009158,0.53712,0.019101,-0.00084,-0.159881
418,0.134676,-0.009214,0.29694,-0.697599,0.233809,-0.677299,-0.697668,-0.437088,0.567614,-0.162464,0.868207,0.468882,-0.017333,-0.013467,-0.015789,0.407068,0.709567,0.12001,0.043867,-0.188078,-0.010194,0.307359,-0.634206,0.597365,0.490845,0.183617,-0.500172,0.846196,0.75177,0.626023,0.206883,-0.031173,0.029827,-0.025928,-3.156738,-4.895934,-1.083036,-1.396889,0.034973,0.039408,-0.017173,0.727138,-0.501708,0.468569,-0.249414,0.442843,0.861209,-0.639579,-0.743086,0.196875,-0.015613,0.014608,-0.013315,-1.141989,-1.134233,-0.36521,-0.943781,0.06612,0.035627,-0.069477,0.829348,-0.178441,-0.529471,0.530166,0.550451,0.644924,0.176367,-0.815574,0.551119,-0.00862,-0.006534,-0.007663,0.479378,0.761041,0.14837,-0.16331
419,0.134278,-0.009628,0.296458,-0.696224,0.246539,-0.674192,-0.698524,-0.449194,0.557011,-0.164658,0.858437,0.485798,-0.001742,-0.009759,-0.011247,0.265237,0.464688,0.059413,0.030056,-0.18924,-0.008907,0.306147,-0.700383,0.523579,0.485097,0.245588,-0.461195,0.852596,0.670987,0.7156,0.193793,-0.031931,0.037788,-0.037386,-3.152805,-4.834918,-0.925894,-1.397009,0.034392,0.040053,-0.017767,0.781031,-0.417535,0.464385,-0.304234,0.39501,0.866838,-0.545372,-0.818309,0.181487,-0.01566,0.013156,-0.014901,-1.258115,-0.943026,-0.139407,-0.929411,0.065921,0.035419,-0.06972,0.828751,-0.191804,-0.525719,0.531898,0.561966,0.633464,0.173936,-0.804614,0.56775,-0.000825,-0.004666,-0.005372,0.282273,0.481545,0.062105,-0.180292
420,0.134006,-0.009886,0.296139,-0.694786,0.256102,-0.672108,-0.700338,-0.453789,0.550975,-0.163031,0.853194,0.495487,-0.001173,-0.006535,-0.007555,0.287598,0.39152,0.22262,0.028383,-0.190732,-0.007777,0.304687,-0.748274,0.459168,0.478792,0.284726,-0.429399,0.857019,0.600032,0.777011,0.189943,-0.032294,0.031682,-0.04391,-2.683605,-4.770248,-0.968852,-1.397592,0.033634,0.040638,-0.018506,0.819369,-0.343347,0.45907,-0.339419,0.354786,0.87116,-0.461983,-0.86962,0.174162,-0.016279,0.015246,-0.022034,-2.659439,-4.784341,-0.979976,-0.931044,0.065786,0.035295,-0.069875,0.828236,-0.200174,-0.523407,0.533921,0.565493,0.628605,0.170153,-0.800092,0.575239,-0.000526,-0.002965,-0.003423,0.285958,0.42343,0.24551,-0.189599
421,0.133935,-0.009975,0.29605,-0.69466,0.251586,-0.673941,-0.698962,-0.457647,0.54953,-0.169314,0.852483,0.494604,-0.000779,-0.004336,-0.005018,0.003785,0.021549,-0.020323,0.02801,-0.191617,-0.007322,0.303901,-0.764762,0.436667,0.473765,0.295017,-0.416179,0.860055,0.573673,0.796935,0.188832,-0.046428,0.017325,-0.038296,-2.620724,-4.680996,-1.081478,-1.397233,0.033209,0.040861,-0.018884,0.830677,-0.321836,0.454308,-0.345797,0.341285,0.874041,-0.436347,-0.883144,0.172208,-0.023205,0.008372,-0.019522,-0.007383,-0.011767,-0.10876,-0.929248,0.06575,0.035248,-0.069921,0.827626,-0.197703,-0.525306,0.533085,0.569772,0.625443,0.175653,-0.797666,0.576952,-0.000301,-0.001688,-0.001951,-0.024311,-0.014161,-0.009841,-0.190742
422,0.133836,-0.010016,0.295985,-0.693245,0.246895,-0.677127,-0.698613,-0.461193,0.547004,-0.176377,0.85195,0.493052,-2.4e-05,-0.000133,-0.000154,1e-06,1e-06,1e-06,0.026944,-0.193639,-0.00674,0.3022,-0.785794,0.422573,0.45161,0.289569,-0.393639,0.872429,0.547408,0.815768,0.186362,-0.061512,0.010924,-0.044395,0.31247,-1.08753,2.652866,-1.397999,0.032204,0.041156,-0.019732,0.849336,-0.298277,0.435496,-0.341293,0.319066,0.884146,-0.402673,-0.89957,0.169194,-0.030743,0.005125,-0.022538,-1.23479,-0.932811,-0.106277,-0.928105,0.065701,0.035226,-0.069956,0.826347,-0.193061,-0.529034,0.532638,0.572997,0.622872,0.182883,-0.796493,0.576326,2.3e-05,0.000132,0.000155,0.001005,-0.002545,-0.002914,-0.192865
423,0.133771,-0.009958,0.296082,-0.690966,0.242131,-0.681164,-0.698937,-0.464459,0.543817,-0.183844,0.851548,0.491014,0.000509,0.002825,0.003269,0.000427,-0.016061,0.023926,0.028039,-0.196307,-0.006504,0.300411,-0.809382,0.402226,0.42791,0.283996,-0.369479,0.884741,0.514973,0.837088,0.184255,-0.076584,0.007131,-0.04797,-0.36059,0.381991,0.359747,-1.398639,0.030904,0.04127,-0.02061,0.870327,-0.27266,0.410105,-0.329566,0.296331,0.896422,-0.365946,-0.915338,0.168046,-0.030755,-0.002445,-0.02091,0.231743,-0.365609,0.807462,-0.922226,0.065668,0.035255,-0.069907,0.824336,-0.188719,-0.533718,0.533051,0.57618,0.619573,0.190593,-0.795236,0.575563,0.000204,0.00114,0.001318,0.00105,-0.001446,-0.001676,-0.192375
424,0.13371,-0.0099,0.296242,-0.688949,0.241863,-0.683298,-0.700646,-0.463769,0.542205,-0.184902,0.852,0.48983,0.000485,0.00269,0.003109,0.002949,-0.110816,0.165138,0.028484,-0.199089,-0.006505,0.29858,-0.835914,0.374637,0.401107,0.26906,-0.357019,0.89447,0.479343,0.855127,0.197107,-0.076849,-0.008451,-0.045368,0.267802,-0.517963,0.832259,-1.398835,0.029455,0.041276,-0.021562,0.891351,-0.242244,0.383158,-0.312147,0.284933,0.906298,-0.32872,-0.927431,0.17836,-0.038404,-0.004502,-0.022975,0.309354,-0.548724,0.886367,-0.927615,0.065638,0.035289,-0.069821,0.822719,-0.188753,-0.536195,0.535056,0.575665,0.618323,0.191959,-0.795601,0.574604,0.000256,0.001427,0.001649,0.003858,-0.111794,0.164205,-0.191559
425,0.133664,-0.009866,0.296342,-0.689314,0.237644,-0.68441,-0.698783,-0.467535,0.541373,-0.19048,0.851135,0.489198,0.000639,0.00354,0.004089,0.343792,-0.396125,-0.054241,0.02784,-0.200592,-0.006614,0.297633,-0.846649,0.364004,0.388174,0.259795,-0.353631,0.898547,0.465398,0.861116,0.204321,-0.077158,-0.009204,-0.046553,0.100404,-0.134906,0.186551,-1.398831,0.028732,0.041222,-0.02202,0.900056,-0.229549,0.370411,-0.302367,0.283122,0.910172,-0.313801,-0.931207,0.185418,-0.038565,-0.004955,-0.023641,0.156788,-0.179553,0.320054,-0.928431,0.065615,0.035304,-0.069774,0.82281,-0.184933,-0.537383,0.533098,0.578841,0.617049,0.196947,-0.794192,0.574864,6.4e-05,-0.00427,0.005557,1.136557,-0.881789,-0.82536,-0.191559
426,0.13352,-0.0098,0.296572,-0.688879,0.233322,-0.686331,-0.697566,-0.470957,0.539974,-0.196393,0.850449,0.48805,0.000793,0.004381,0.005052,0.003372,-0.126802,0.189114,0.026342,-0.203647,-0.007061,0.295911,-0.876256,0.323177,0.357383,0.245443,-0.33861,0.908314,0.415651,0.883202,0.216911,-0.077172,-0.019786,-0.038615,0.81705,-1.15164,2.542187,-1.398917,0.027204,0.040998,-0.02289,0.921149,-0.183906,0.343019,-0.28819,0.270061,0.918701,-0.261591,-0.945116,0.195766,-0.038741,-0.004283,-0.023257,-0.090078,-0.663669,0.132553,-0.924839,0.065543,0.035337,-0.069659,0.822329,-0.180368,-0.539668,0.531443,0.582367,0.615156,0.20333,-0.792663,0.574753,0.000146,-0.003749,0.006146,-0.035615,0.01535,-0.017269,-0.193028
427,0.133194,-0.009752,0.296933,-0.688129,0.22708,-0.689172,-0.695011,-0.479227,0.535978,-0.207709,0.847522,0.488457,-0.013763,0.006687,0.007317,4.074653,-2.606472,-2.471091,0.023584,-0.206975,-0.007797,0.294531,-0.905509,0.2862,0.313263,0.218375,-0.318351,0.922442,0.364862,0.903303,0.225351,-0.09184,-0.014708,-0.032819,0.665175,-0.915088,2.965435,-1.399438,0.025545,0.04062,-0.023591,0.943544,-0.14061,0.299922,-0.258347,0.254311,0.931977,-0.207319,-0.956846,0.203628,-0.038425,-0.013699,-0.013624,-0.270766,-0.002419,0.689321,-0.91994,0.06538,0.035363,-0.069476,0.821236,-0.173973,-0.543418,0.529214,0.588285,0.611434,0.213311,-0.789717,0.57519,-0.006815,0.003341,0.003776,4.251471,-2.489015,-2.414988,-0.196294
428,0.132923,-0.009754,0.297205,-0.684229,0.226329,-0.69329,-0.698116,-0.478283,0.532776,-0.21016,0.848257,0.486128,-0.013908,-0.003278,0.016746,-0.031743,0.015248,-0.013942,0.02346,-0.208728,-0.008184,0.294008,-0.916509,0.279065,0.286575,0.196759,-0.308911,0.93048,0.349337,0.908803,0.227824,-0.091607,-0.010639,-0.028528,0.660201,-0.893653,2.897539,-1.399267,0.024703,0.04043,-0.023851,0.952886,-0.131305,0.273435,-0.235445,0.248169,0.939668,-0.191242,-0.959776,0.205562,-0.038277,-0.011394,-0.011138,-0.393218,-0.051682,0.496325,-0.915695,0.065255,0.035358,-0.069352,0.818071,-0.174495,-0.548004,0.532585,0.589468,0.607354,0.217051,-0.788718,0.575161,-0.014342,-0.001034,0.008884,-0.045771,-0.01984,0.002809,-0.197274
429,0.132141,-0.009822,0.29789,-0.676719,0.217091,-0.70354,-0.698774,-0.490441,0.520725,-0.231164,0.843729,0.48447,-0.028317,-0.000245,0.019791,0.013324,-0.086892,0.166962,0.021247,-0.212179,-0.008809,0.293441,-0.92716,0.286806,0.241056,0.155324,-0.290918,0.944021,0.342039,0.912313,0.224851,-0.090393,-0.025385,-0.004305,-0.216705,-0.145109,0.568626,-1.399639,0.022909,0.040103,-0.024156,0.964926,-0.136432,0.224281,-0.188094,0.236678,0.953207,-0.18313,-0.961961,0.202715,-0.045133,-0.01235,-0.001712,-0.159617,-0.146123,0.523987,-0.922226,0.064865,0.035326,-0.069008,0.8116,-0.166893,-0.559868,0.53384,0.601151,0.594669,0.237319,-0.781513,0.576988,-0.014134,9.1e-05,0.010148,0.049164,-0.49966,0.67926,-0.199887
430,0.130878,-0.010013,0.298856,-0.665993,0.221645,-0.712301,-0.704039,-0.502441,0.50185,-0.245834,0.83544,0.491561,-0.043166,-0.008662,0.030503,0.201571,0.519207,-0.010482,0.015907,-0.215625,-0.009353,0.293057,-0.941088,0.281364,0.187557,0.107054,-0.277863,0.954602,0.321885,0.918064,0.231111,-0.090588,-0.010719,-0.008787,0.086699,-0.550503,0.849369,-1.39969,0.021186,0.039835,-0.024343,0.976944,-0.127957,0.170898,-0.138086,0.231782,0.962916,-0.162822,-0.964315,0.20877,-0.04526,-0.005212,-0.004173,0.147381,-0.56061,0.822169,-0.927452,0.064223,0.035231,-0.068517,0.803186,-0.172378,-0.570242,0.540731,0.612656,0.57642,0.250001,-0.771321,0.585288,-0.021574,-0.0042,0.015414,0.238154,0.564091,-0.005534,-0.205928
431,0.129994,-0.010176,0.299488,-0.657757,0.225951,-0.718573,-0.708641,-0.509066,0.488519,-0.254608,0.830256,0.49586,-0.043056,-0.008076,0.031099,0.233417,0.557864,0.013948,0.014056,-0.217371,-0.0096,0.292903,-0.947734,0.273451,0.164368,0.087222,-0.273117,0.957984,0.308042,0.921879,0.234759,-0.075906,-0.01054,-0.009398,0.019057,-0.33458,0.473768,-1.399535,0.020376,0.039722,-0.024411,0.981701,-0.118771,0.148842,-0.118542,0.230543,0.965814,-0.149025,-0.965786,0.212245,-0.045147,-0.010289,0.000323,0.032687,-0.323223,0.461935,-0.927942,0.063819,0.035156,-0.068224,0.796625,-0.177379,-0.577861,0.546815,0.618934,0.563838,0.257645,-0.765151,0.590053,-0.021555,-0.004092,0.015509,0.497218,0.55152,0.506685,-0.209194
432,0.128085,-0.01069,0.300888,-0.637905,0.243557,-0.730617,-0.722034,-0.51918,0.457265,-0.267165,0.818919,0.507959,-0.043383,-0.018578,0.039784,0.227586,0.183284,0.515436,0.015462,-0.220532,-0.009968,0.292687,-0.957246,0.260061,0.126651,0.053892,-0.269435,0.961475,0.285369,0.926839,0.243715,-0.075832,-0.008361,-0.007225,0.282355,-0.565821,1.217098,-1.399917,0.018733,0.039533,-0.024522,0.988525,-0.102499,0.110952,-0.084634,0.232561,0.968892,-0.125114,-0.967165,0.221218,-0.03789,-0.004069,-0.003427,0.308048,-0.58841,1.288182,-0.922553,0.062843,0.034901,-0.067514,0.781678,-0.199257,-0.590995,0.564225,0.629712,0.533959,0.265761,-0.750839,0.604658,-0.028892,-0.003186,0.016244,0.38137,-0.155811,1.018207,-0.21099
433,0.125807,-0.011417,0.302465,-0.617771,0.27295,-0.737498,-0.737513,-0.526555,0.422832,-0.272159,0.804787,0.527517,-0.058938,-0.029716,0.047259,0.496271,0.837821,0.540897,0.020335,-0.223373,-0.010415,0.292574,-0.963231,0.254914,0.084824,0.014821,-0.264411,0.964262,0.269444,0.929717,0.250778,-0.060705,-0.005726,-0.004914,-0.045424,-0.218705,0.466161,-1.399977,0.017358,0.039315,-0.024581,0.993008,-0.095215,0.069762,-0.045785,0.234045,0.971146,-0.108795,-0.967551,0.22805,-0.03039,-0.003099,-0.002679,0.160173,-0.411028,1.245159,-0.912919,0.061733,0.034552,-0.06674,0.7668,-0.228605,-0.599797,0.584032,0.636168,0.504178,0.266314,-0.736905,0.621326,-0.029175,-0.008895,0.020053,0.346521,0.567831,0.420766,-0.207561
