frame,MLTx,MLTy,MLTz,MLTR1,MLTR2,MLTR3,MLTR4,MLTR5,MLTR6,MLTR7,MLTR8,MLTR9,MLTTVx,MLTTVy,MLTTVz,MLTRVx,MLTRVy,MLTRVz,MLGA,MRTx,MRTy,MRTz,MRTR1,MRTR2,MRTR3,MRTR4,MRTR5,MRTR6,MRTR7,MRTR8,MRTR9,MRTTVx,MRTTVy,MRTTVz,MRTRVx,MRTRVy,MRTRVz,MRGA,SLTx,SLTy,SLTz,SLTR1,SLTR2,SLTR3,SLTR4,SLTR5,SLTR6,SLTR7,SLTR8,SLTR9,SLTTVx,SLTTVy,SLTTVz,SLTRVx,SLTRVy,SLTRVz,SLGA,SRTx,SRTy,SRTz,SRTR1,SRTR2,SRTR3,SRTR4,SRTR5,SRTR6,SRTR7,SRTR8,SRTR9,SRTTVx,SRTTVy,SRTTVz,SRTRVx,SRTRVy,SRTRVz,SRGA
1,0.138182,0.028095,0.428335,-0.748448,0.150654,-0.64589,-0.439099,-0.842417,0.312246,-0.496141,0.517118,0.697466,-0.023691,0.00048,0.00121,-0.001969,0.029429,-0.059106,-0.266348,-0.20142,0.013776,0.292641,0.9819,-0.069526,0.176154,0.09612,0.984487,-0.146564,-0.164472,0.160908,0.973099,0.031725,0.035229,0.035504,-0.22595,-0.006793,-1.331715,0.532902,0.018931,0.027887,-0.030497,-0.934934,0.274836,0.224415,-0.308443,-0.942156,-0.131164,0.175386,-0.191849,0.965625,0.015993,0.01881,0.019011,0.058753,-0.240515,0.271845,0.5162,0.084599,0.038788,-0.025653,-0.815129,0.093109,-0.571747,-0.311695,-0.902435,0.297415,-0.488273,0.420642,0.764623,-0.006042,-0.000693,-2.3e-05,-0.002243,0.025137,-0.056365,-0.415104
2,0.137904,0.028113,0.428302,-0.748767,0.150388,-0.645582,-0.438696,-0.842547,0.312461,-0.496017,0.516984,0.697655,-0.011912,0.008238,-0.010053,0.034718,0.002369,-0.010995,-0.256055,-0.200816,0.014514,0.29343,0.982754,-0.062121,0.174144,0.088281,0.985295,-0.146063,-0.16375,0.158973,0.973538,0.032247,0.042069,0.042359,0.014009,-0.134733,0.195986,0.533159,0.019246,0.028274,-0.030085,-0.938924,0.262395,0.222639,-0.295546,-0.946285,-0.131129,0.176272,-0.188921,0.966041,0.023177,0.021327,0.021045,0.003447,-0.125205,0.21051,0.519793,0.084451,0.038796,-0.025664,-0.81542,0.092753,-0.571389,-0.311229,-0.902521,0.297643,-0.488083,0.420537,0.764802,-0.011917,-0.000232,0.000421,-0.001992,0.029441,-0.05907,-0.409878
3,0.13739,0.028072,0.428213,-0.747086,0.148546,-0.647952,-0.438536,-0.842667,0.312363,-0.498683,0.517323,0.695499,-0.012341,0.005428,-0.011202,0.033118,0.012115,-0.038084,-0.235258,-0.199092,0.016175,0.29536,0.982353,-0.060742,0.176873,0.087057,0.985653,-0.14437,-0.166806,0.157274,0.973295,0.046556,0.05066,0.049428,-0.080509,0.138883,-0.049386,0.525903,0.020105,0.029114,-0.029109,-0.938566,0.2613,0.225421,-0.294638,-0.94683,-0.129231,0.179667,-0.18771,0.965652,0.023548,0.020252,0.029121,-0.114342,0.034569,0.103005,0.522732,0.084195,0.038781,-0.025706,-0.81371,0.0912,-0.574071,-0.311088,-0.902598,0.297556,-0.491019,0.420711,0.762824,-0.006196,-0.001672,-0.000423,0.004127,0.023574,-0.029111,-0.395019
4,0.136971,0.027954,0.428089,-0.745578,0.146493,-0.650153,-0.43816,-0.842817,0.312485,-0.50126,0.517667,0.693388,-0.012588,-0.004503,-0.001338,-0.048855,-0.066879,-0.058988,-0.223873,-0.19679,0.018237,0.297661,0.977275,-0.065457,0.201592,0.096277,0.984481,-0.146499,-0.190107,0.162639,0.968127,0.07501,0.051277,0.065945,-0.097716,0.380131,0.113005,0.51608,0.021245,0.030143,-0.027966,-0.931378,0.264821,0.249807,-0.303463,-0.943809,-0.130895,0.201107,-0.19772,0.959406,0.030385,0.03203,0.03033,0.271249,0.831676,0.288271,0.51718,0.083985,0.038724,-0.025773,-0.812159,0.089478,-0.576533,-0.310754,-0.902678,0.297662,-0.49379,0.420909,0.760924,-0.000449,0.001244,-0.006453,-0.016866,-0.091381,-0.042801,-0.382445
5,0.136691,0.027786,0.427989,-0.743012,0.147536,-0.652849,-0.438809,-0.843904,0.308618,-0.50449,0.515595,0.692588,-0.000805,-0.005232,-0.00215,-0.001242,0.010408,-0.026841,-0.225004,-0.194418,0.02014,0.300489,0.967574,-0.072512,0.241937,0.108754,0.9842,-0.139485,-0.22922,0.161343,0.959839,0.060843,0.04141,0.074186,-0.274464,1.191781,0.303958,0.531791,0.022438,0.031115,-0.026537,-0.91882,0.269483,0.288353,-0.314893,-0.940995,-0.123972,0.23793,-0.204708,0.949464,0.030634,0.014723,0.040561,0.473477,2.866407,0.550622,0.520936,0.08384,0.038635,-0.025825,-0.810028,0.090938,-0.579295,-0.311503,-0.903714,0.293709,-0.496809,0.418365,0.760361,-0.000388,-0.002528,-0.001032,-0.002915,0.014862,-0.029499,-0.378526
6,0.136607,0.027698,0.427966,-0.743198,0.147372,-0.652675,-0.438623,-0.843925,0.308822,-0.504377,0.515607,0.692662,-0.000679,-0.004407,-0.001813,-0.001235,0.010427,-0.026838,-0.226306,-0.193166,0.020691,0.301924,0.960844,-0.074589,0.266845,0.111344,0.985865,-0.124922,-0.254966,0.149814,0.955202,0.060293,0.020583,0.071835,-0.779719,1.758974,0.176988,0.532665,0.023044,0.031404,-0.025826,-0.911661,0.270284,0.309545,-0.316762,-0.942065,-0.110337,0.26179,-0.198642,0.94446,0.036973,0.010086,0.035235,-1.153996,0.866455,0.347244,0.522569,0.083803,0.038593,-0.025835,-0.810179,0.090772,-0.57911,-0.311325,-0.903716,0.293892,-0.496675,0.418396,0.760432,-0.00029,-0.001893,-0.000777,-0.000354,0.000687,-0.000256,-0.378363
7,0.136571,0.027622,0.427957,-0.743279,0.147304,-0.652597,-0.438566,-0.843913,0.308938,-0.504307,0.515646,0.692683,0.011647,-0.001732,-0.00122,0.000984,-0.014715,0.029553,-0.228366,-0.190578,0.02112,0.304448,0.949378,-0.072652,0.305604,0.103793,0.990795,-0.086521,-0.297699,0.113931,0.947764,0.072851,0.012436,0.062082,-0.79057,0.792172,-0.017526,0.527703,0.024355,0.031634,-0.024535,-0.896978,0.266795,0.35249,-0.309492,-0.948338,-0.069778,0.315663,-0.171683,0.93321,0.036625,-0.00041,0.033903,-0.929546,1.003384,-0.156531,0.523222,0.083775,0.03855,-0.025842,-0.810283,0.090651,-0.578983,-0.311211,-0.903705,0.294046,-0.496575,0.418446,0.760469,-8e-06,-5.8e-05,-2.2e-05,-8.5e-05,5.9e-05,0.000107,-0.379343
8,0.136667,0.027676,0.427965,-0.743026,0.147532,-0.652834,-0.438825,-0.843879,0.308664,-0.504455,0.515637,0.692582,0.012065,0.000995,-9.8e-05,0.000984,-0.014715,0.029553,-0.226806,-0.18775,0.021422,0.306842,0.937911,-0.082474,0.336915,0.112617,0.991097,-0.070551,-0.329276,0.104196,0.938394,0.072012,0.007093,0.056246,-0.493124,0.847332,-0.566278,0.532358,0.025748,0.031779,-0.023356,-0.882344,0.274858,0.381997,-0.318278,-0.946447,-0.05417,0.346651,-0.169378,0.922574,0.036007,0.003916,0.028428,-0.652973,0.841613,-0.283105,0.523222,0.083823,0.038575,-0.025839,-0.81009,0.090907,-0.579214,-0.311484,-0.903688,0.293809,-0.496721,0.418428,0.760385,0.000122,0.000788,0.000324,-5.6e-05,3e-05,7.6e-05,-0.379343
9,0.136735,0.027709,0.427976,-0.742855,0.147688,-0.652993,-0.43901,-0.843846,0.30849,-0.504546,0.515646,0.692509,0.000412,0.002678,0.001101,0.001234,-0.010427,0.026838,-0.226688,-0.186576,0.021759,0.30778,0.933794,-0.082857,0.348073,0.113323,0.991214,-0.067735,-0.340576,0.102779,0.93451,0.057445,0.016014,0.047068,-0.185044,0.536205,-0.581057,0.532561,0.02634,0.031946,-0.022882,-0.877218,0.27479,0.393671,-0.319022,-0.946413,-0.050265,0.358763,-0.169684,0.917875,0.028384,0.013678,0.019679,-0.086479,0.479086,-0.590695,0.523222,0.083857,0.038593,-0.025832,-0.809952,0.091091,-0.579378,-0.311688,-0.903668,0.293653,-0.496817,0.41843,0.76032,0.000122,0.000794,0.000325,-5.3e-05,1.3e-05,6.1e-05,-0.37918
10,0.136841,0.027741,0.428016,-0.742617,0.147914,-0.653213,-0.439312,-0.843759,0.308298,-0.504634,0.515723,0.692388,0.000239,0.001555,0.000639,-0.0,-0.0,-0.0,-0.22558,-0.184559,0.022537,0.309162,0.926037,-0.095376,0.365171,0.128674,0.989347,-0.067591,-0.355998,0.109679,0.927954,0.056053,0.018974,0.031269,0.511595,0.367269,0.938067,0.532511,0.02737,0.032343,-0.022165,-0.866917,0.283224,0.410168,-0.331524,-0.942112,-0.050163,0.372217,-0.179468,0.910629,0.02111,0.008414,0.015208,1.964062,-0.006929,4.617692,0.523385,0.083915,0.038613,-0.025811,-0.809738,0.091386,-0.57963,-0.31205,-0.903604,0.293466,-0.496938,0.418505,0.7602,0.005997,0.000279,-0.000141,0.000961,-0.014689,0.029598,-0.378527
11,0.136873,0.027757,0.428052,-0.742539,0.147997,-0.653282,-0.439443,-0.843702,0.308267,-0.504635,0.515792,0.692337,0.0002,0.001303,0.000535,-0.0,-0.0,-0.0,-0.224482,-0.182821,0.022949,0.310053,0.921849,-0.093663,0.376047,0.12977,0.988929,-0.071501,-0.366346,0.11481,0.923294,0.04176,0.003965,0.018397,-0.047384,0.29677,-0.346565,0.53267,0.028245,0.032563,-0.021707,-0.86229,0.281908,0.420694,-0.334137,-0.940956,-0.054339,0.380536,-0.187425,0.905573,0.020526,0.007724,0.005411,0.030575,0.259378,-0.21169,0.523222,0.083931,0.038621,-0.025793,-0.809677,0.091483,-0.5797,-0.31219,-0.903561,0.293449,-0.49695,0.418576,0.760153,0.000125,0.000809,0.000331,-2.1e-05,1.4e-05,2.5e-05,-0.37722
12,0.136874,0.027757,0.428063,-0.742537,0.148003,-0.653283,-0.43946,-0.843688,0.30828,-0.504622,0.515813,0.69233,5.2e-05,0.000336,0.000138,-0.0,-0.0,-0.0,-0.223934,-0.182083,0.023,0.310325,0.920266,-0.091919,0.380332,0.12909,0.988905,-0.073051,-0.370553,0.116418,0.921412,0.040882,0.011248,0.007041,-0.026243,0.26989,-0.348063,0.532466,0.028613,0.032582,-0.02157,-0.860881,0.279853,0.424928,-0.333525,-0.941081,-0.055918,0.384244,-0.189863,0.903497,0.01398,-0.001634,0.006388,-0.056751,0.215725,-0.282291,0.523385,0.083932,0.038623,-0.025786,-0.809676,0.091489,-0.579701,-0.312208,-0.90355,0.293465,-0.496941,0.418599,0.760146,2.5e-05,0.000166,6.9e-05,-9e-06,2.1e-05,2.5e-05,-0.37722
13,0.136856,0.027752,0.428072,-0.743442,0.14357,-0.653244,-0.434428,-0.84627,0.308338,-0.507632,0.512836,0.692341,0.0,0.0,0.0,0.0,-0.0,-0.0,-0.223116,-0.180809,0.022819,0.310639,0.917529,-0.09167,0.386948,0.130621,0.98854,-0.07524,-0.376768,0.119673,0.91847,0.027782,-0.009616,0.007049,-0.044359,0.09859,-0.119245,0.532376,0.029255,0.032495,-0.021417,-0.85794,0.278816,0.431507,-0.334868,-0.94047,-0.058119,0.389616,-0.194361,0.900234,0.013518,0.00071,-0.000454,-0.020497,0.202463,-0.26528,0.523385,0.083923,0.03862,-0.025782,-0.810069,0.086969,-0.579847,-0.306915,-0.905526,0.292956,-0.499589,0.415279,0.760232,-2e-06,-2e-05,-9e-06,-0.000193,7.4e-05,9.5e-05,-0.376567
14,0.136848,0.027761,0.428066,-0.744284,0.13916,-0.65324,-0.42939,-0.848842,0.308325,-0.51067,0.509799,0.692351,0.0,0.0,0.0,0.0,-0.0,-0.0,-0.215147,-0.179884,0.022409,0.310595,0.914673,-0.100024,0.391612,0.14096,0.986995,-0.076848,-0.379981,0.125597,0.916353,0.027599,-0.018,-0.000586,-0.058291,0.231301,-0.303724,0.532405,0.029717,0.032291,-0.021438,-0.853189,0.286528,0.435854,-0.344837,-0.936795,-0.059178,0.39135,-0.200789,0.898069,0.006665,-0.003577,-0.003813,-0.01238,0.11802,-0.156746,0.523385,0.083919,0.038624,-0.025785,-0.810405,0.082484,-0.580032,-0.30163,-0.907487,0.292379,-0.502256,0.411901,0.760312,2e-06,-7e-06,-5e-06,-0.00023,0.000122,0.000192,-0.373138
15,0.136861,0.027805,0.428052,-0.744987,0.128338,-0.654652,-0.419342,-0.853299,0.309846,-0.517927,0.50519,0.690334,7.7e-05,0.000503,0.000207,-0.000117,-0.0002,-7.2e-05,-0.200828,-0.179494,0.021919,0.310415,0.913947,-0.094766,0.394604,0.136156,0.987587,-0.077887,-0.383473,0.125011,0.914977,0.013346,-0.007571,-0.00799,-0.011846,0.117611,-0.155175,0.53226,0.029922,0.03203,-0.021538,-0.853433,0.280937,0.439005,-0.340053,-0.938457,-0.060511,0.394988,-0.200927,0.896444,0.00667,-0.003941,-0.004146,-0.012408,0.117686,-0.156224,0.523385,0.083925,0.038646,-0.025792,-0.809988,0.071673,-0.582048,-0.29102,-0.910798,0.292834,-0.509141,0.40658,0.758594,5e-05,0.000311,0.000126,0.003055,0.005217,0.001231,-0.36579
16,0.136865,0.027843,0.428047,-0.747437,0.122918,-0.652897,-0.413421,-0.855338,0.312173,-0.519151,0.503094,0.690946,0.000229,0.001496,0.000614,-0.0,-4e-06,-3e-06,-0.192916,-0.179441,0.021646,0.310323,0.913714,-0.093054,0.395549,0.13454,0.987791,-0.078114,-0.384598,0.124687,0.914549,0.00052,-0.02039,-0.000624,-0.038181,0.029439,-0.040231,0.53245,0.029949,0.0319,-0.021584,-0.853513,0.279231,0.439937,-0.338546,-0.938981,-0.060828,0.396108,-0.200856,0.895965,-0.00011,-0.00445,-0.004068,-0.014349,0.132819,-0.185333,0.523385,0.083927,0.038663,-0.025796,-0.811674,0.065932,-0.580375,-0.2847,-0.912248,0.294529,-0.510028,0.404295,0.75922,0.00015,0.00097,0.000396,0.000841,-0.000362,0.001871,-0.360565
17,0.136866,0.027945,0.428037,-0.752436,0.101249,-0.650873,-0.391534,-0.863362,0.318244,-0.528785,0.494167,0.690082,0.000568,0.012075,-0.008987,-0.16134,-0.379191,-0.091115,-0.152688,-0.179561,0.021103,0.310107,0.914282,-0.089484,0.395059,0.131674,0.987972,-0.080658,-0.384238,0.125855,0.914541,-0.00022,-0.008651,-0.007925,0.000703,0.014487,-0.025198,0.532486,0.029889,0.03162,-0.021694,-0.854915,0.275757,0.439406,-0.33584,-0.939765,-0.063651,0.395387,-0.201986,0.89603,-0.006893,-0.004515,-0.00359,-0.016165,0.042492,-0.046999,0.523385,0.083928,0.038708,-0.025798,-0.814713,0.044878,-0.578124,-0.26155,-0.918259,0.297304,-0.517526,0.393426,0.759856,9e-05,0.000563,0.000229,-0.359514,-0.625814,-0.21859,-0.341133
18,0.136864,0.028071,0.427953,-0.7578,0.07427,-0.648281,-0.363499,-0.873125,0.324797,-0.54097,0.481683,0.689464,2.2e-05,0.000142,5.8e-05,3.545344,-1.758443,-3.863649,-0.124521,-0.179676,0.020655,0.310031,0.915009,-0.087149,0.393897,0.129843,0.988044,-0.082726,-0.383127,0.126929,0.914858,-0.013706,-0.004945,-0.003447,-0.003317,0.031526,-0.052974,0.532611,0.029836,0.03139,-0.021738,-0.856135,0.27364,0.438353,-0.334166,-0.940219,-0.065722,0.394164,-0.202749,0.896396,0.000321,-0.007651,0.002005,-0.043975,0.019165,-0.013134,0.523385,0.083927,0.038781,-0.025841,-0.815993,0.020544,-0.577695,-0.237467,-0.923062,0.302596,-0.527032,0.3841,0.758091,9.4e-05,0.004784,-0.005006,-0.08196,0.148042,-0.164755,-0.314843
19,0.136875,0.028162,0.427854,-0.756529,0.065443,-0.650712,-0.357907,-0.874196,0.328109,-0.546441,0.481033,0.685593,0.000176,0.00952,-0.010031,-0.018211,-0.103829,-0.014531,-0.116684,-0.179732,0.020503,0.310058,0.915802,-0.085407,0.392431,0.128647,0.988016,-0.0849,-0.381628,0.128323,0.91529,0.000692,-0.01319,0.005948,-0.025812,0.002657,-0.02486,0.532604,0.029803,0.031309,-0.021728,-0.85743,0.271996,0.436842,-0.333045,-0.940445,-0.068138,0.392293,-0.203912,0.896953,0.000352,-0.006375,0.003176,-0.049214,0.023309,-0.012107,0.523385,0.083933,0.038822,-0.025887,-0.813811,0.007473,-0.581081,-0.226266,-0.925085,0.304991,-0.535271,0.379684,0.754536,8.4e-05,0.004722,-0.005031,-0.0028,-0.086927,-0.012873,-0.305536
20,0.13686,0.028391,0.427593,-0.754065,0.043235,-0.65541,-0.341336,-0.878317,0.334695,-0.560254,0.476038,0.677887,0.00017,0.009478,-0.010043,0.038181,-0.223361,-0.141004,-0.107459,-0.17988,0.020324,0.310246,0.915729,-0.084694,0.392758,0.127767,0.988164,-0.084514,-0.382101,0.127659,0.915186,0.000783,-0.009664,0.009189,-0.036417,0.01263,-0.016898,0.532367,0.029729,0.031225,-0.021636,-0.857373,0.271363,0.437345,-0.332225,-0.940776,-0.067565,0.39311,-0.203225,0.896751,0.0004,-0.004415,0.004981,-0.03706,0.013175,-0.016619,0.523385,0.083925,0.038935,-0.026018,-0.809285,-0.013874,-0.587251,-0.208995,-0.927505,0.309926,-0.548978,0.373551,0.747717,9e-05,0.004737,-0.005023,0.274485,-0.345772,-0.383174,-0.294432
21,0.136791,0.028732,0.427288,-0.75272,0.024085,-0.657935,-0.32868,-0.879646,0.34375,-0.569538,0.474963,0.670867,0.000411,0.011035,-0.009399,-0.04022,-0.053391,-0.207777,-0.090363,-0.179942,0.020005,0.310638,0.915682,-0.084288,0.392956,0.126908,0.988367,-0.083431,-0.382502,0.12635,0.9152,0.001575,-0.018911,0.01877,-0.071083,0.008507,-0.010417,0.53243,0.029698,0.031062,-0.021436,-0.857398,0.270944,0.437557,-0.331349,-0.941161,-0.066498,0.393795,-0.202,0.896727,0.000784,-0.009334,0.009498,-0.071113,0.008534,-0.010469,0.523548,0.08389,0.039103,-0.026172,-0.805886,-0.032773,-0.591161,-0.195443,-0.927772,0.317867,-0.558881,0.371704,0.741273,-0.005612,0.006321,-0.004115,-0.006128,-0.097441,-0.019723,-0.283328
22,0.136684,0.029159,0.426852,-0.751524,-0.016313,-0.659539,-0.293852,-0.886789,0.356689,-0.58976,0.461883,0.662476,0.00015,0.009324,-0.010092,-0.089037,-0.351525,-0.396346,-0.068109,-0.180032,0.019673,0.311252,0.916488,-0.082649,0.391421,0.125248,0.988509,-0.084241,-0.381112,0.126313,0.915785,0.001649,-0.016093,0.021355,-0.070901,0.008329,-0.010562,0.532419,0.029653,0.030903,-0.021137,-0.858629,0.269489,0.436039,-0.32981,-0.941631,-0.067484,0.392402,-0.201754,0.897393,0.000454,-0.002108,0.007092,-0.041118,0.016778,-0.014303,0.523385,0.083837,0.039324,-0.026392,-0.800711,-0.072172,-0.594686,-0.158874,-0.931583,0.326973,-0.577598,0.356291,0.734463,8.2e-05,0.004646,-0.005052,-0.127213,-0.401725,-0.40694,-0.267326
23,0.136636,0.02943,0.426569,-0.75136,-0.039017,-0.658772,-0.275152,-0.888833,0.366386,-0.598903,0.456594,0.657924,0.000178,0.009497,-0.010016,-0.112254,-0.315435,-0.122203,-0.062232,-0.180039,0.01956,0.311624,0.91649,-0.082666,0.391413,0.124912,0.988624,-0.083391,-0.381217,0.125402,0.915866,0.001744,-0.012581,0.024558,-0.069326,-0.008168,0.013015,0.532426,0.02965,0.030837,-0.020946,-0.858606,0.269513,0.436069,-0.32944,-0.941827,-0.06656,0.392764,-0.200808,0.897447,0.000865,-0.006117,0.012439,-0.06993,-0.00761,0.013394,0.523385,0.083813,0.039454,-0.02653,-0.797738,-0.095012,-0.595471,-0.139309,-0.931755,0.335298,-0.586691,0.350435,0.73006,0.000192,0.009533,-0.010001,-0.056791,-0.346868,-0.386098,-0.260957
24,0.136617,0.03006,0.425942,-0.745242,-0.074949,-0.662602,-0.249763,-0.88997,0.381501,-0.617366,0.449893,0.645355,0.000207,0.009675,-0.009931,-0.197067,-0.307303,-0.302027,-0.059553,-0.179992,0.019285,0.312509,0.916502,-0.082831,0.39135,0.124219,0.988884,-0.081311,-0.381415,0.123218,0.91608,0.001774,-0.011448,0.025565,-0.071083,0.008462,-0.010454,0.532521,0.029673,0.030709,-0.020508,-0.858583,0.269691,0.436005,-0.32874,-0.942211,-0.064553,0.3934,-0.198756,0.897625,0.000885,-0.00526,0.013207,-0.071065,0.00849,-0.010443,0.523385,0.083803,0.03977,-0.026843,-0.787964,-0.129573,-0.601933,-0.112793,-0.930687,0.347993,-0.605301,0.3421,0.718733,0.000213,0.009631,-0.00995,-0.221441,-0.41205,-0.311135,-0.252793
25,0.136623,0.030653,0.425353,-0.738592,-0.106558,-0.665712,-0.229675,-0.888613,0.396975,-0.632946,0.446227,0.632682,0.000199,0.009618,-0.009943,-0.240503,-0.430168,-0.376501,-0.06883,-0.179873,0.018939,0.313538,0.9165,-0.082973,0.391324,0.123347,0.989193,-0.078849,-0.381704,0.120617,0.916306,0.00184,-0.008887,0.027851,-0.069328,-0.008129,0.013044,0.532657,0.029732,0.030534,-0.019995,-0.858553,0.269814,0.435988,-0.327813,-0.942696,-0.06214,0.394238,-0.196273,0.897804,0.000898,-0.004653,0.013736,-0.069313,-0.008129,0.013033,0.523549,0.083806,0.040067,-0.027138,-0.77854,-0.15951,-0.606984,-0.091606,-0.92792,0.361347,-0.620872,0.336927,0.707811,-0.005716,0.005471,-0.004445,-0.317512,-0.645068,-0.53648,-0.253936
26,0.13662,0.030913,0.425085,-0.737037,-0.112073,-0.666529,-0.227926,-0.887194,0.401134,-0.635384,0.447705,0.629186,0.000399,0.019229,-0.019878,-0.030306,-0.188671,-0.023938,-0.070131,-0.179826,0.018746,0.314103,0.915659,-0.081978,0.393496,0.122816,0.989213,-0.079414,-0.383891,0.121126,0.915324,0.001852,-0.008364,0.028301,-0.069327,-0.008116,0.013052,0.532516,0.029756,0.030438,-0.019712,-0.857814,0.268651,0.438157,-0.32733,-0.942823,-0.062759,0.396244,-0.197258,0.896704,0.000906,-0.004268,0.014072,-0.073942,0.004577,-0.009393,0.523385,0.083805,0.040193,-0.027268,-0.775703,-0.165804,-0.608926,-0.08964,-0.926141,0.366369,-0.624698,0.338778,0.703548,0.000106,0.004796,-0.004974,-0.053272,-0.082937,-0.22462,-0.255405
27,0.136612,0.031341,0.424647,-0.730935,-0.135033,-0.668989,-0.210004,-0.888188,0.408647,-0.648463,0.439347,0.621688,0.000203,0.009629,-0.009924,-0.096453,-0.135958,-0.239763,-0.069206,-0.179801,0.01816,0.315366,0.912969,-0.077834,0.400527,0.120547,0.989261,-0.082249,-0.39097,0.12345,0.912012,0.002548,-0.021207,0.034625,-0.105745,0.004317,-0.003993,0.532559,0.029769,0.030146,-0.019066,-0.855669,0.264047,0.445094,-0.325258,-0.943342,-0.065664,0.402538,-0.200957,0.893072,0.001251,-0.010694,0.017234,-0.109826,-0.001047,-0.002426,0.523385,0.083801,0.040414,-0.027495,-0.767514,-0.187464,-0.613007,-0.071013,-0.925532,0.371949,-0.637085,0.329008,0.697047,0.00011,0.004813,-0.004963,-0.095607,-0.131004,-0.237999,-0.255895
28,0.136616,0.0316,0.424358,-0.726309,-0.147256,-0.671443,-0.199629,-0.889519,0.410945,-0.656875,0.432691,0.617511,-8e-05,-0.000519,-0.000213,-0.037158,-0.059199,-0.022201,-0.066045,-0.179796,0.017369,0.316555,0.911651,-0.073619,0.404308,0.116317,0.989808,-0.081763,-0.395312,0.121638,0.910383,0.002478,-0.023859,0.03226,-0.107506,0.020634,-0.02768,0.532651,0.029771,0.029762,-0.018482,-0.855065,0.259699,0.448796,-0.321261,-0.944728,-0.065408,0.407004,-0.200109,0.891236,0.000858,-0.005983,0.012514,-0.083553,0.120662,-0.173838,0.523385,0.083803,0.040544,-0.027639,-0.761654,-0.199066,-0.616647,-0.060401,-0.925687,0.373434,-0.645162,0.321674,0.69303,5.9e-05,0.004483,-0.005093,0.016576,-0.049445,0.001328,-0.254262
29,0.136603,0.031726,0.424254,-0.724174,-0.158498,-0.67119,-0.188794,-0.890511,0.413908,-0.662409,0.42665,0.615802,2.3e-05,0.000146,6e-05,-0.050133,-0.080013,-0.030051,-0.064995,-0.17967,0.016643,0.317724,0.911365,-0.071825,0.405274,0.113334,0.990373,-0.079058,-0.396838,0.118052,0.910191,0.016089,-0.022657,0.032261,-0.103705,-0.010956,0.025207,0.532537,0.029829,0.029395,-0.0179,-0.855109,0.257847,0.449781,-0.31829,-0.945906,-0.062862,0.409242,-0.196914,0.890923,0.00085,-0.006287,0.012236,-0.071119,0.008258,-0.010662,0.523385,0.083796,0.040607,-0.027691,-0.75837,-0.209834,-0.617124,-0.049323,-0.925579,0.375326,-0.649954,0.315074,0.691582,1.4e-05,7.2e-05,3.1e-05,-0.0397,-0.066345,-0.024575,-0.252956
30,0.136595,0.031742,0.42424,-0.724041,-0.158298,-0.671381,-0.188955,-0.890583,0.413679,-0.662508,0.426573,0.615749,0.0,2e-06,1e-06,-0.000732,-0.00117,-0.000439,-0.065043,-0.179605,0.016379,0.318209,0.911321,-0.071605,0.405412,0.11258,0.990557,-0.07783,-0.397154,0.116639,0.910235,0.001729,-0.012955,0.024133,-0.071086,0.008225,-0.010618,0.532166,0.029867,0.029257,-0.017644,-0.855101,0.257642,0.449912,-0.317512,-0.946251,-0.061592,0.409861,-0.19552,0.890945,0.000843,-0.006542,0.012007,-0.071101,0.008238,-0.010686,0.523385,0.083792,0.040615,-0.027698,-0.758317,-0.209588,-0.617272,-0.049442,-0.925686,0.375045,-0.650006,0.314922,0.691602,2e-06,-6e-06,-3e-06,0.006863,0.010616,0.004065,-0.252466
31,0.13653,0.031717,0.424243,-0.72134,-0.163856,-0.672953,-0.184553,-0.891031,0.4147,-0.666679,0.423535,0.613339,-2.7e-05,-0.000175,-7.2e-05,0.007829,-0.074974,0.184052,-0.0593,-0.179617,0.015941,0.319068,0.911261,-0.071221,0.405613,0.111272,0.990868,-0.075719,-0.397659,0.114202,0.910323,-0.012637,-0.003484,0.015783,-0.036708,0.011224,-0.022668,0.532492,0.029866,0.029045,-0.017228,-0.855109,0.257282,0.450103,-0.316245,-0.946802,-0.059606,0.410823,-0.193312,0.890984,0.000822,-0.007534,0.011128,-0.071105,0.008219,-0.010692,0.523385,0.08376,0.040602,-0.027697,-0.755223,-0.214762,-0.619284,-0.044886,-0.925637,0.375739,-0.653927,0.311564,0.689423,-1.6e-05,-0.000115,-4.5e-05,0.004972,0.008835,0.002821,-0.250507
32,0.136443,0.031749,0.424229,-0.717611,-0.173712,-0.674466,-0.17474,-0.892535,0.415716,-0.67331,0.41639,0.610984,-0.0,-0.0,-0.0,-0.00193,-0.003108,-0.001172,-0.055439,-0.179611,0.015541,0.319719,0.911216,-0.070945,0.405764,0.110246,0.991112,-0.074006,-0.39805,0.112237,0.910397,0.000908,-0.004762,0.013574,-0.034663,-0.003969,0.006585,0.531803,0.029864,0.028839,-0.016894,-0.855116,0.256971,0.450268,-0.315156,-0.947271,-0.057908,0.411645,-0.191423,0.891013,0.000433,-0.002672,0.006531,-0.034675,-0.003974,0.006538,0.523222,0.083716,0.040618,-0.027704,-0.75046,-0.223942,-0.621818,-0.035067,-0.926027,0.375822,-0.659983,0.303845,0.687094,-0.005815,0.00069,0.000537,0.009143,0.028797,-0.026652,-0.246588
33,0.136415,0.031758,0.424203,-0.715005,-0.179599,-0.675691,-0.16991,-0.892851,0.417037,-0.677305,0.413208,0.608724,-0.000292,-0.001882,-0.000772,-0.011049,-0.005027,-0.032643,-0.055118,-0.179583,0.015442,0.319977,0.911215,-0.070969,0.405762,0.109996,0.991187,-0.073373,-0.398122,0.111559,0.910449,0.000184,0.007168,0.006313,0.00176,-0.016099,0.023835,0.522272,0.029878,0.028783,-0.016764,-0.85511,0.256981,0.450272,-0.314873,-0.947403,-0.057269,0.411873,-0.19075,0.891051,0.000444,-0.002353,0.006809,-0.034664,-0.003953,0.006539,0.523222,0.083703,0.040627,-0.027715,-0.74725,-0.229447,-0.623675,-0.030203,-0.925806,0.376788,-0.663856,0.300392,0.684879,-2.3e-05,-0.000166,-6.8e-05,0.010557,0.010452,0.000119,-0.245445
34,0.136372,0.031777,0.424098,-0.706857,-0.195252,-0.679909,-0.160596,-0.891779,0.422978,-0.68804,0.408414,0.599856,-0.000275,-0.001771,-0.000727,-0.247726,-0.39702,-0.149376,-0.054296,-0.179609,0.015403,0.320413,0.910323,-0.069741,0.407971,0.10946,0.99116,-0.074527,-0.400309,0.112567,0.909365,-0.013417,0.006094,0.006426,-0.000285,-0.000872,-0.005395,0.516736,0.02987,0.028765,-0.016545,-0.854374,0.255616,0.452442,-0.314421,-0.947482,-0.058444,0.413742,-0.19219,0.889876,0.000436,-0.002738,0.006465,-0.036794,0.011663,-0.017146,0.516853,0.083681,0.040634,-0.027769,-0.738773,-0.242843,-0.628682,-0.020447,-0.924321,0.381067,-0.673644,0.294377,0.677897,-6.4e-05,0.003708,-0.00541,-0.378837,-0.626002,-0.193785,-0.244465
35,0.136369,0.031874,0.423846,-0.701049,-0.204795,-0.683107,-0.156013,-0.890652,0.427049,-0.695,0.406205,0.593296,-0.000317,-0.00204,-0.000838,-0.161882,-0.259394,-0.097831,-0.060168,-0.179761,0.015432,0.320624,0.910224,-0.068954,0.408326,0.108625,0.991256,-0.07447,-0.400763,0.112205,0.90921,-0.01353,0.001498,0.002384,-0.002045,0.015205,-0.029245,0.514436,0.029794,0.028787,-0.016433,-0.854421,0.254845,0.452787,-0.313637,-0.947743,-0.058417,0.414239,-0.191923,0.889702,1.9e-05,0.000926,0.000816,-3e-05,-1.4e-05,-1.9e-05,0.514567,0.083679,0.040681,-0.027895,-0.731807,-0.251896,-0.63325,-0.015753,-0.922684,0.385233,-0.681329,0.291892,0.671259,-8.2e-05,0.003591,-0.005457,-0.214744,-0.388711,-0.114368,-0.246261
36,0.136326,0.032093,0.42349,-0.695158,-0.214424,-0.686166,-0.151092,-0.889601,0.430991,-0.701967,0.403543,0.586875,-0.000305,0.006327,-0.011262,-0.006952,-0.068303,-0.033423,-0.060259,-0.180035,0.015487,0.320681,0.911053,-0.067209,0.406764,0.107601,0.991179,-0.076945,-0.399148,0.113933,0.909706,-0.013549,0.000655,0.001641,0.025647,-0.012135,-0.049735,0.497886,0.029657,0.028811,-0.016408,-0.855798,0.253233,0.451088,-0.312736,-0.947865,-0.061205,0.412072,-0.193451,0.890377,1e-05,0.000509,0.00045,0.01047,-0.011605,-0.011667,0.501994,0.083658,0.04079,-0.028068,-0.724467,-0.26125,-0.637882,-0.010843,-0.920961,0.389502,-0.689222,0.289099,0.664374,-4.7e-05,0.003813,-0.005362,0.026377,-0.043103,0.001149,-0.24871
37,0.136321,0.032224,0.423264,-0.690654,-0.222051,-0.688285,-0.146226,-0.889187,0.433516,-0.707422,0.400326,0.582513,-0.000422,0.005576,-0.011568,-0.300759,-0.538752,-0.211973,-0.060318,-0.180178,0.015484,0.320689,0.911003,-0.066755,0.406952,0.107196,0.991211,-0.077093,-0.399372,0.113918,0.909609,0.0,1.2e-05,1.1e-05,0.000344,-0.00034,-0.000255,0.489956,0.029586,0.02881,-0.016403,-0.855745,0.252821,0.451421,-0.312349,-0.947994,-0.061182,0.412477,-0.193357,0.89021,-3e-06,-8.4e-05,-6.9e-05,-0.006472,0.006028,0.0037,0.493013,0.083656,0.040857,-0.028181,-0.721092,-0.266591,-0.639495,-0.005399,-0.920817,0.389955,-0.692817,0.284646,0.662555,-0.00012,0.003323,-0.005564,0.017833,-0.050172,0.000461,-0.248221
38,0.136312,0.03251,0.422705,-0.684482,-0.233577,-0.690632,-0.135564,-0.89001,0.435289,-0.715494,0.391858,0.578396,-0.000449,0.013681,-0.022081,0.24799,-0.496636,-0.37888,-0.0604,-0.180431,0.015515,0.320751,0.91268,-0.063728,0.403665,0.105508,0.991014,-0.081812,-0.395969,0.117317,0.910664,7.4e-05,0.002608,0.002286,0.269166,-0.266481,-0.19961,0.478357,0.029454,0.028819,-0.016379,-0.857382,0.250819,0.449426,-0.311166,-0.948166,-0.064461,0.409963,-0.195114,0.890988,-0.006744,0.001431,0.001789,0.479587,-0.468375,-0.336327,0.474888,0.083651,0.040997,-0.028456,-0.713062,-0.277756,-0.643733,0.004661,-0.920033,0.39181,-0.701084,0.276385,0.657336,-0.000278,0.002331,-0.005971,0.938718,-1.1404,-1.078973,-0.248221
39,0.136281,0.032795,0.422096,-0.67952,-0.240935,-0.693,-0.130124,-0.89001,0.436945,-0.72121,0.387383,0.574297,-0.000873,0.002668,-0.012758,-0.106156,-0.227295,-0.094801,-0.060031,-0.180693,0.015609,0.321027,0.913476,-0.06186,0.402153,0.104206,0.99097,-0.083982,-0.394473,0.118679,0.911136,0.000216,0.007439,0.006505,0.018773,-0.032945,0.011227,0.476153,0.029323,0.028859,-0.016246,-0.85953,0.248416,0.446651,-0.309666,-0.948377,-0.068454,0.406589,-0.197151,0.892085,-0.006319,-0.002118,0.007533,-0.043082,0.01631,-0.022196,0.465744,0.083636,0.041145,-0.028769,-0.707078,-0.284953,-0.647179,0.01061,-0.919386,0.393213,-0.707055,0.271166,0.653101,-0.000437,0.001258,-0.006409,-0.132475,-0.257472,-0.10315,-0.248057
40,0.136266,0.032935,0.421758,-0.677724,-0.242602,-0.694176,-0.129978,-0.889644,0.437736,-0.722925,0.387188,0.572269,-0.000683,0.012165,-0.022686,-0.18519,-0.424025,-0.147546,-0.057805,-0.180831,0.015637,0.32129,0.913402,-0.061265,0.402411,0.103502,0.991062,-0.083763,-0.394829,0.118215,0.911043,-0.012554,-0.001816,0.017155,-0.048541,0.12187,-0.187513,0.475282,0.029258,0.028876,-0.01612,-0.859447,0.248057,0.447009,-0.309148,-0.948579,-0.067996,0.407157,-0.196631,0.891941,0.000508,-0.000366,0.008528,-0.040259,0.001458,0.01007,0.463294,0.083628,0.041214,-0.028938,-0.70607,-0.28563,-0.64798,0.011064,-0.919382,0.393208,-0.708054,0.270464,0.652309,-0.000336,0.006038,-0.01136,-0.324685,-0.588856,-0.19085,-0.247568
41,0.136222,0.033212,0.421021,-0.671094,-0.251818,-0.697328,-0.124643,-0.888862,0.440863,-0.730014,0.383086,0.565996,-0.001113,0.001124,-0.013397,-0.174979,-0.33755,-0.138439,-0.05341,-0.181083,0.015632,0.32205,0.91243,-0.061572,0.404565,0.102694,0.991422,-0.080439,-0.397287,0.114998,0.910386,-0.012448,0.001288,0.019815,-0.35056,0.309925,0.235643,0.4742,0.029133,0.028875,-0.015738,-0.859299,0.247228,0.447752,-0.30779,-0.949117,-0.066635,0.408496,-0.195073,0.89167,0.000534,0.000543,0.0093,-0.418093,0.476912,0.117535,0.461171,0.083606,0.041352,-0.029302,-0.698384,-0.294115,-0.6525,0.016314,-0.917969,0.396314,-0.715537,0.266134,0.645894,-0.000402,0.005597,-0.011538,-0.267076,-0.517455,-0.172439,-0.244792
42,0.136133,0.033495,0.420268,-0.664461,-0.266935,-0.698056,-0.112726,-0.887573,0.446631,-0.737974,0.375785,0.560542,-0.001152,0.000877,-0.013501,-0.167853,-0.23636,-0.313124,-0.051338,-0.181314,0.015472,0.322925,0.91137,-0.061398,0.406972,0.101249,0.991858,-0.076817,-0.400085,0.111271,0.909623,-0.011737,-0.010474,0.027205,-0.202311,0.236845,-0.092723,0.474944,0.029017,0.028803,-0.0153,-0.857288,0.247672,0.451347,-0.306699,-0.949827,-0.061337,0.413511,-0.191012,0.890237,0.000523,0.000233,0.009011,-0.20633,0.166713,0.12979,0.459702,0.083561,0.041492,-0.029684,-0.689919,-0.308549,-0.654835,0.028461,-0.915472,0.401371,-0.723326,0.258276,0.640383,-0.000565,0.000419,-0.006755,-0.224053,-0.30241,-0.331017,-0.242832
43,0.136054,0.033801,0.419503,-0.657847,-0.276549,-0.700574,-0.10691,-0.886466,0.450244,-0.744735,0.371429,0.554471,-0.000868,0.010951,-0.023153,-0.021299,-0.160851,-0.047394,-0.04091,-0.181444,0.015178,0.323887,0.910286,-0.061217,0.40942,0.099613,0.992325,-0.072822,-0.402961,0.107128,0.908851,0.001103,0.001353,0.018737,-0.058037,0.019747,0.024042,0.493273,0.028947,0.028653,-0.014814,-0.855874,0.247353,0.454196,-0.304969,-0.950657,-0.056951,0.417697,-0.187259,0.889079,0.000899,-0.004689,0.013542,-0.072028,-0.003451,0.019621,0.474725,0.083522,0.04164,-0.030058,-0.682014,-0.3176,-0.658776,0.034234,-0.913658,0.405038,-0.730537,0.253689,0.634,-0.000504,0.000811,-0.006594,-0.063209,-0.160872,-0.072766,-0.237117
44,0.136027,0.033949,0.419118,-0.655979,-0.278219,-0.701663,-0.106661,-0.886114,0.450997,-0.746417,0.371026,0.552476,-0.001035,0.001632,-0.013186,-0.016551,-0.083362,-0.040435,-0.03658,-0.181461,0.015021,0.324415,0.909288,-0.061696,0.41156,0.09898,0.992619,-0.069602,-0.405368,0.104081,0.908134,0.001836,-0.009186,0.027221,-0.11396,0.134925,-0.127949,0.494486,0.028943,0.028581,-0.014565,-0.854677,0.247782,0.456212,-0.304409,-0.951022,-0.05376,0.420548,-0.184822,0.888245,0.000901,-0.004586,0.013618,-0.089565,0.014346,0.032714,0.481909,0.083509,0.041712,-0.030246,-0.680058,-0.319032,-0.660105,0.034527,-0.913295,0.405829,-0.732344,0.253196,0.632109,-0.000459,0.00523,-0.011673,0.014438,-0.109249,-0.029127,-0.234014
45,0.136013,0.034209,0.418342,-0.650388,-0.288966,-0.702524,-0.100323,-0.884064,0.456441,-0.752166,0.367698,0.546875,-0.00115,0.009138,-0.0239,-0.032732,-0.179004,-0.055222,-0.022782,-0.181464,0.014639,0.325435,0.908169,-0.061518,0.414048,0.097194,0.993084,-0.065358,-0.408303,0.099656,0.907316,0.001816,-0.009779,0.026684,-0.096725,0.020295,0.033736,0.49409,0.028937,0.028388,-0.014043,-0.853509,0.247216,0.4587,-0.302394,-0.951888,-0.049648,0.424357,-0.181083,0.887202,0.001229,-0.011037,0.016855,-0.116677,0.031047,-0.017266,0.484032,0.083502,0.041848,-0.030637,-0.673549,-0.328835,-0.661965,0.041067,-0.910851,0.410685,-0.738,0.249432,0.627007,-0.000573,0.004496,-0.011979,-0.057786,-0.216062,-0.068618,-0.225033
46,0.135997,0.034514,0.417387,-0.646472,-0.296044,-0.70319,-0.098715,-0.88147,0.461778,-0.755747,0.368305,0.541502,-0.00136,0.00779,-0.024462,-0.190308,-0.42966,-0.156249,-0.021409,-0.181482,0.014089,0.326667,0.90798,-0.06043,0.414623,0.094846,0.993487,-0.062628,-0.409276,0.096246,0.907245,-0.010926,-0.018913,0.037417,-0.107791,0.019779,-0.033147,0.497644,0.028933,0.028113,-0.013434,-0.853645,0.246077,0.459058,-0.300083,-0.952739,-0.047309,0.425721,-0.17814,0.887145,0.001274,-0.009466,0.018183,-0.104864,0.003647,-0.004694,0.485012,0.083493,0.042003,-0.031124,-0.669873,-0.334632,-0.66279,0.043174,-0.908721,0.415163,-0.741218,0.249491,0.623176,-0.000677,0.003813,-0.012264,-0.316922,-0.578497,-0.196332,-0.220135
47,0.13596,0.034665,0.41689,-0.646109,-0.299626,-0.702006,-0.097062,-0.880028,0.464867,-0.756271,0.368861,0.540391,-0.001514,0.006811,-0.024875,-0.229478,0.399087,-0.879861,-0.019457,-0.181456,0.013799,0.327339,0.907968,-0.060425,0.414649,0.09409,0.993663,-0.060954,-0.409477,0.094414,0.907347,0.002602,-0.018549,0.036677,-0.105741,0.004553,-0.003916,0.502165,0.02894,0.027972,-0.013107,-0.853641,0.246051,0.459081,-0.299303,-0.953061,-0.045733,0.42628,-0.176444,0.887216,0.001292,-0.008824,0.018721,-0.105689,0.00444,-0.004194,0.488931,0.083476,0.042076,-0.031363,-0.667471,-0.33848,-0.663258,0.044128,-0.907131,0.418527,-0.743326,0.250086,0.620421,-0.000757,0.003052,-0.012589,-0.757792,1.32068,-2.264763,-0.219155
48,0.13588,0.034973,0.415813,-0.638487,-0.314368,-0.702533,-0.084761,-0.878528,0.470081,-0.764182,0.360074,0.535162,-0.001808,0.004935,-0.025674,1.161011,-0.898386,-0.950851,-0.010974,-0.181446,0.013272,0.328706,0.908766,-0.061062,0.412805,0.092276,0.994135,-0.05581,-0.408115,0.088867,0.90852,0.002637,-0.017335,0.037669,-0.107602,0.019997,-0.028054,0.504604,0.028947,0.0277,-0.012398,-0.854397,0.246848,0.457241,-0.297294,-0.953924,-0.040532,0.426169,-0.170566,0.888417,0.001298,-0.008552,0.018933,-0.10397,0.024668,-0.02991,0.495789,0.083435,0.042231,-0.031901,-0.659433,-0.351726,-0.664406,0.055444,-0.904145,0.423611,-0.749715,0.242506,0.615724,-0.000926,0.002939,-0.012717,3.878313,-2.743553,-2.998132,-0.215563
49,0.135806,0.035362,0.414615,-0.629485,-0.325554,-0.705556,-0.078684,-0.876648,0.474624,-0.77226,0.354685,0.527105,-0.001816,0.004888,-0.025696,-0.178171,-0.31694,-0.328848,-0.004992,-0.181458,0.012686,0.330194,0.907711,-0.061358,0.415075,0.090339,0.994609,-0.050255,-0.410892,0.083172,0.907807,-0.010844,-0.016513,0.039349,-0.107895,0.019836,-0.033109,0.50711,0.028945,0.027413,-0.011669,-0.853152,0.246947,0.459508,-0.295281,-0.954764,-0.035132,0.430046,-0.165657,0.887478,0.00131,-0.008132,0.019266,-0.102065,0.001053,-0.006226,0.497748,0.083399,0.042419,-0.032487,-0.650158,-0.361513,-0.668282,0.063469,-0.902319,0.42637,-0.757143,0.234793,0.609595,-0.000746,0.007444,-0.017647,-0.185641,-0.506981,-0.173855,-0.209031
50,0.135776,0.035573,0.414018,-0.625795,-0.329079,-0.7072,-0.078399,-0.87554,0.476712,-0.775284,0.354173,0.522995,-0.00155,0.014788,-0.035329,-0.234403,-0.553307,-0.219783,-0.00478,-0.181432,0.012439,0.330875,0.907648,-0.061045,0.415258,0.089325,0.994777,-0.048731,-0.411252,0.08138,0.907806,0.001935,-0.005768,0.029903,-0.069328,-0.007302,0.013536,0.512461,0.028954,0.027286,-0.011312,-0.853165,0.246588,0.459676,-0.294187,-0.955155,-0.033634,0.430769,-0.163926,0.887448,0.000942,-0.002927,0.014914,-0.068915,-0.007759,0.013085,0.502811,0.083383,0.042525,-0.032796,-0.646573,-0.364375,-0.670204,0.063986,-0.901359,0.428318,-0.760163,0.234055,0.60611,-0.0008,0.00299,-0.012613,0.064261,-0.04206,-0.006336,-0.207561
51,0.13573,0.036095,0.412742,-0.617945,-0.341859,-0.708041,-0.071151,-0.87254,0.483305,-0.782251,0.349454,0.515744,-0.001407,0.015679,-0.034917,-0.050145,-0.261099,-0.100301,-0.004686,-0.181238,0.012169,0.331993,0.907686,-0.061464,0.415114,0.088582,0.994968,-0.046097,-0.41133,0.078671,0.90801,0.015382,-0.007077,0.027735,-0.067281,-0.022502,0.042786,0.51008,0.029051,0.027152,-0.010752,-0.853126,0.247002,0.459526,-0.293361,-0.955497,-0.031043,0.431409,-0.161291,0.88762,0.007668,-0.003636,0.013784,-0.067314,-0.022496,0.042645,0.506729,0.08336,0.042785,-0.033434,-0.636066,-0.37716,-0.673178,0.070984,-0.897307,0.435661,-0.768362,0.229325,0.597518,-0.000576,0.008507,-0.017168,-0.103148,-0.261173,-0.277895,-0.206908
52,0.135669,0.03664,0.411488,-0.610351,-0.352823,-0.709248,-0.069533,-0.868038,0.491577,-0.788338,0.349784,0.506163,-0.001344,0.016064,-0.034719,-0.122043,-0.3866,-0.12319,-0.002347,-0.181124,0.01203,0.332846,0.906802,-0.060546,0.417177,0.087837,0.995028,-0.046242,-0.41344,0.078632,0.907055,0.001013,-0.001196,0.016293,-0.034663,-0.003644,0.006774,0.498581,0.029108,0.027089,-0.010326,-0.852336,0.245897,0.461582,-0.292657,-0.955705,-0.031277,0.433445,-0.161744,0.886545,0.000486,-0.000737,0.008029,-0.037401,-0.007074,0.007953,0.499708,0.08333,0.043057,-0.034061,-0.627803,-0.386804,-0.675458,0.072904,-0.89319,0.443729,-0.774949,0.229331,0.588947,-0.006549,0.00834,-0.016988,-0.238166,-0.433259,-0.382638,-0.205439
53,0.135619,0.03722,0.410093,-0.601453,-0.362453,-0.711989,-0.068382,-0.864565,0.497817,-0.795252,0.348547,0.496102,-0.001671,0.013978,-0.035602,-0.203322,-0.498672,-0.204277,-0.002266,-0.18112,0.012151,0.333115,0.905792,-0.058787,0.419614,0.087013,0.99501,-0.048156,-0.415824,0.080185,0.905828,-0.000618,0.014475,-0.005343,0.036451,-0.011655,0.017544,0.453021,0.02911,0.027145,-0.010183,-0.851579,0.244082,0.463936,-0.292025,-0.955835,-0.03315,0.435356,-0.163711,0.885247,4.9e-05,0.001892,0.001557,-0.0019,-0.019973,0.02601,0.468193,0.083305,0.043346,-0.034744,-0.619112,-0.394455,-0.679046,0.074451,-0.890282,0.449281,-0.781764,0.2276,0.580552,-0.00081,0.007,-0.017797,0.075055,0.006866,-0.210016,-0.204949
54,0.135588,0.037483,0.409426,-0.597838,-0.366319,-0.713054,-0.067695,-0.863262,0.500168,-0.798033,0.347741,0.492186,-0.001727,0.013616,-0.03575,-0.11446,-0.265849,-0.321682,-0.001528,-0.181126,0.012293,0.333076,0.905709,-0.058278,0.419864,0.086688,0.995016,-0.048616,-0.416073,0.080482,0.905687,5.7e-05,0.00191,0.001572,0.0,0.0,-0.0,0.413652,0.029107,0.02722,-0.010205,-0.851605,0.243467,0.46421,-0.291641,-0.955935,-0.033658,0.43556,-0.164046,0.885085,1.8e-05,0.000722,0.000594,-0.000542,-0.000625,0.000182,0.42835,0.083289,0.043487,-0.035104,-0.613973,-0.398691,-0.681234,0.074945,-0.888604,0.452508,-0.78576,0.226773,0.57546,-0.000844,0.006778,-0.017885,-0.153642,-0.309222,-0.335982,-0.204622
55,0.135515,0.037991,0.40798,-0.590296,-0.373654,-0.715526,-0.066459,-0.860928,0.504338,-0.803734,0.345723,0.484266,-0.002017,0.011776,-0.036548,0.036583,-0.123035,-0.044527,-0.000413,-0.181196,0.012534,0.332826,0.905536,-0.057179,0.420389,0.086086,0.995008,-0.049825,-0.416576,0.08136,0.905377,-0.000823,0.007541,-0.011047,0.034663,0.003644,-0.006774,0.260855,0.029072,0.027339,-0.010325,-0.851637,0.242362,0.46473,-0.291103,-0.956055,-0.034866,0.435857,-0.164978,0.884765,-0.000405,0.003953,-0.005373,0.036369,-0.011732,0.017512,0.298207,0.083253,0.043738,-0.035813,-0.605283,-0.405434,-0.685021,0.076052,-0.886087,0.457237,-0.792368,0.22466,0.567168,-0.000955,0.006081,-0.018188,0.064266,-0.097588,-0.037688,-0.203479
