frame,MLTx,MLTy,MLTz,MLTR1,MLTR2,MLTR3,MLTR4,MLTR5,MLTR6,MLTR7,MLTR8,MLTR9,MLTTVx,MLTTVy,MLTTVz,MLTRVx,MLTRVy,MLTRVz,MLGA,MRTx,MRTy,MRTz,MRTR1,MRTR2,MRTR3,MRTR4,MRTR5,MRTR6,MRTR7,MRTR8,MRTR9,MRTTVx,MRTTVy,MRTTVz,MRTRVx,MRTRVy,MRTRVz,MRGA,SLTx,SLTy,SLTz,SLTR1,SLTR2,SLTR3,SLTR4,SLTR5,SLTR6,SLTR7,SLTR8,SLTR9,SLTTVx,SLTTVy,SLTTVz,SLTRVx,SLTRVy,SLTRVz,SLGA,SRTx,SRTy,SRTz,SRTR1,SRTR2,SRTR3,SRTR4,SRTR5,SRTR6,SRTR7,SRTR8,SRTR9,SRTTVx,SRTTVy,SRTTVz,SRTRVx,SRTRVy,SRTRVz,SRGA
690,0.08115,0.003361,0.397825,-0.208418,0.761347,-0.613969,-0.7323,-0.537529,-0.418057,-0.648061,0.361529,0.670329,-0.010159,0.01123,0.007263,0.869079,-0.03096,-1.428404,0.394942,-0.102127,0.034084,0.358705,0.435115,-0.016203,0.900225,-0.814453,0.418971,0.401327,-0.384194,-0.907772,0.167952,0.000809,-0.005958,0.011663,-0.04726,0.030276,-0.005521,-1.402936,0.038688,0.035049,-0.005468,-0.284332,-0.123643,0.950718,0.892499,-0.396302,0.21538,0.350142,0.909756,0.223032,0.000282,-0.002459,0.006179,-0.033932,-0.013083,-0.003435,-0.80776,0.078112,0.023994,-0.044234,-0.270197,0.770766,-0.576984,-0.702559,-0.567601,-0.429229,-0.658333,0.289389,0.694874,0.001283,0.004115,0.002626,3.339659,2.078409,-3.772933,0.343544
691,0.081166,0.003586,0.397935,-0.216758,0.75342,-0.620821,-0.721809,-0.551793,-0.417718,-0.65702,0.35663,0.664204,0.003425,0.010455,0.006766,-0.052549,-0.392164,-0.175741,0.395394,-0.102106,0.03393,0.35899,0.435242,-0.02137,0.900055,-0.812107,0.422042,0.402861,-0.388995,-0.906235,0.165184,0.000443,-0.004341,0.012754,-0.038324,0.0002,0.009682,-1.40294,0.038699,0.03497,-0.005327,-0.28473,-0.118541,0.951249,0.890639,-0.39971,0.216777,0.354528,0.908944,0.219387,0.001221,-0.007807,0.010417,-0.062663,-0.027773,-0.031539,-0.808903,0.078114,0.024106,-0.04418,-0.278665,0.760725,-0.586209,-0.690024,-0.583143,-0.428731,-0.66799,0.285027,0.68742,-0.004604,0.007051,0.004557,-0.011471,-0.435712,-0.325984,0.344687
692,0.081344,0.004098,0.398265,-0.241598,0.725166,-0.644833,-0.693097,-0.593981,-0.40838,-0.67887,0.347363,0.646917,0.004634,0.01417,0.009123,-0.06598,-0.787812,-0.400474,0.406543,-0.101947,0.033551,0.359688,0.435201,-0.031655,0.899772,-0.807637,0.42775,0.405814,-0.398248,-0.903239,0.15944,0.002189,-0.014434,0.021643,-0.083128,0.024935,0.000628,-1.402836,0.038777,0.034791,-0.004988,-0.285395,-0.108282,0.952273,0.887013,-0.40615,0.219654,0.362981,0.907367,0.211961,0.006245,-4e-05,0.007175,-0.038051,-0.018321,0.038149,-0.808576,0.078203,0.024362,-0.044015,-0.302454,0.732236,-0.610206,-0.65827,-0.623464,-0.421868,-0.689348,0.274085,0.670578,0.002245,0.006852,0.00441,0.123044,-1.016524,-0.635001,0.349423
693,0.081846,0.004565,0.398552,-0.267807,0.686502,-0.676047,-0.647364,-0.647839,-0.401492,-0.713269,0.329268,0.618754,0.017083,0.010154,0.006495,0.927968,-0.798233,-1.194317,0.423179,-0.101744,0.033075,0.360542,0.435051,-0.044397,0.899306,-0.800635,0.437711,0.409055,-0.41232,-0.897899,0.15373,0.001809,-0.012759,0.02278,4.74957,2.598819,1.040575,-1.403021,0.038879,0.034546,-0.004554,-0.285859,-0.100243,0.953013,0.883546,-0.412587,0.221623,0.370985,0.905385,0.206512,0.000886,-0.006374,0.011386,-0.31867,0.589025,0.345391,-0.80825,0.078458,0.024607,-0.043864,-0.32655,0.693323,-0.642392,-0.609019,-0.674097,-0.417956,-0.722813,0.254746,0.642374,0.008565,0.005136,0.003281,0.937751,-0.738707,-1.161776,0.370977
694,0.08227,0.004774,0.39865,-0.276984,0.664743,-0.693861,-0.622236,-0.67428,-0.397669,-0.731867,0.320767,0.601255,0.016948,0.009828,0.006263,3.63552,0.618227,-3.541454,0.422431,-0.101625,0.032784,0.361044,0.434991,-0.046665,0.89922,-0.79864,0.441064,0.409353,-0.416239,-0.896138,0.153439,0.014028,-0.009175,0.023935,-0.055994,-0.024138,0.041506,-1.402843,0.038934,0.034399,-0.004304,-0.286062,-0.093471,0.95364,0.879581,-0.420439,0.222637,0.380138,0.902493,0.202487,0.000938,-0.00658,0.01125,-0.025357,0.006824,-0.045567,-0.807106,0.078652,0.024706,-0.043818,-0.332543,0.674033,-0.659616,-0.585817,-0.695754,-0.415624,-0.739075,0.248201,0.626228,0.014813,0.003211,0.002025,0.143335,-1.321828,-0.446103,0.377182
695,0.083333,0.005024,0.39883,-0.294804,0.621967,-0.72546,-0.567751,-0.724613,-0.390597,-0.768257,0.295953,0.567644,0.028584,-0.003844,0.013439,1.027647,-0.947323,-0.938305,0.413107,-0.101411,0.032161,0.362143,0.43704,-0.059135,0.897491,-0.790659,0.450249,0.414812,-0.42915,-0.890803,0.148872,0.003362,-0.02199,0.032303,0.24746,0.418252,0.162614,-1.402802,0.03904,0.034098,-0.003765,-0.289095,-0.082955,0.953699,0.8738,-0.42979,0.227491,0.391019,0.899109,0.196737,0.001515,-0.010923,0.016384,4.676791,2.702868,1.02954,-0.806453,0.07918,0.024837,-0.04373,-0.348388,0.631016,-0.69314,-0.52818,-0.74305,-0.410977,-0.774371,0.222923,0.59216,0.014823,0.003374,0.002108,0.230001,-1.277747,-0.15418,0.371957
696,0.084542,0.005176,0.398981,-0.313687,0.579882,-0.751919,-0.519921,-0.767464,-0.375038,-0.794165,0.272568,0.543171,0.041746,0.002008,0.001155,-0.145676,-1.37682,0.094364,0.417146,-0.101239,0.031652,0.363237,0.435793,-0.07181,0.897172,-0.783872,0.459391,0.417657,-0.442669,-0.88517,0.142761,0.002678,-0.018982,0.03432,1.357883,0.736405,0.257571,-1.402823,0.039132,0.033836,-0.003212,-0.288838,-0.069002,0.954887,0.868162,-0.439315,0.230859,0.403568,0.895678,0.186796,0.000393,-0.004729,0.012691,4.864031,2.352409,0.796742,-0.804004,0.079791,0.024914,-0.043648,-0.367425,0.586434,-0.721868,-0.472975,-0.786116,-0.397888,-0.800807,0.195232,0.566207,0.014507,0.002492,0.001519,-0.347242,-1.079591,-0.806789,0.372447
697,0.085831,0.005396,0.399103,-0.332809,0.535645,-0.776124,-0.470478,-0.807547,-0.355655,-0.816854,0.246112,0.521733,0.042359,0.004302,0.002555,4.271425,0.837357,-2.604983,0.419531,-0.101091,0.031262,0.364293,0.438006,-0.073766,0.895935,-0.781328,0.461491,0.420102,-0.444982,-0.883914,0.143354,0.000863,-0.008611,0.025554,-0.069876,-0.0054,-0.017921,-1.402874,0.039206,0.03364,-0.002678,-0.291232,-0.066761,0.954319,0.865482,-0.443399,0.233102,0.407582,0.893834,0.186913,0.000352,-0.004022,0.012959,-0.067704,-0.021612,0.005447,-0.800575,0.080434,0.025019,-0.04359,-0.380185,0.543264,-0.748546,-0.425489,-0.821324,-0.379978,-0.821229,0.174036,0.543409,0.014619,0.003014,0.001833,0.037026,-1.354748,0.224487,0.376202
698,0.086521,0.005498,0.399176,-0.339728,0.513074,-0.78828,-0.450095,-0.824556,-0.342773,-0.825433,0.237708,0.512038,0.041987,0.003297,0.001895,-1.308938,0.0316,-1.698272,0.421926,-0.101017,0.031092,0.36482,0.437888,-0.076077,0.8958,-0.779132,0.464861,0.420465,-0.448937,-0.881947,0.143137,0.000961,-0.009044,0.025263,-0.069863,-0.005443,-0.017946,-1.402788,0.039237,0.033559,-0.002423,-0.291254,-0.064453,0.954471,0.863564,-0.447006,0.233328,0.411616,0.892205,0.185851,0.000349,-0.004016,0.012959,-0.068271,-0.020649,0.006964,-0.803514,0.080769,0.025071,-0.043553,-0.386802,0.520457,-0.761253,-0.399431,-0.83861,-0.370389,-0.831166,0.160801,0.532263,0.02106,0.002082,0.001138,4.332453,0.447994,-2.535871,0.378162
699,0.087746,0.005723,0.399309,-0.346848,0.475184,-0.808667,-0.41432,-0.851075,-0.322462,-0.84104,0.222604,0.493078,0.02902,0.00578,0.003473,-1.577953,-0.127355,-1.783215,0.423782,-0.10091,0.03088,0.365747,0.437917,-0.080786,0.895373,-0.774323,0.471973,0.421426,-0.457163,-0.877736,0.142984,-0.001042,0.002142,0.016993,-0.030354,-0.008004,0.00417,-1.402983,0.039296,0.033448,-0.001941,-0.291621,-0.059746,0.954665,0.859459,-0.454453,0.234096,0.419864,0.888764,0.183877,-0.000541,0.001098,0.008507,-0.030293,-0.011639,0.004659,-0.803841,0.081397,0.025186,-0.043485,-0.39243,0.483281,-0.782584,-0.360613,-0.863558,-0.352456,-0.846142,0.143895,0.513163,0.014558,0.003031,0.001813,0.109003,-1.049186,0.217199,0.381918
700,0.088799,0.00602,0.399511,-0.350269,0.439888,-0.826955,-0.379453,-0.873779,-0.304137,-0.855933,0.206708,0.474003,0.017027,0.011326,0.006966,4.460173,0.896597,-2.441162,0.425483,-0.100859,0.030814,0.366585,0.438207,-0.082992,0.89503,-0.77215,0.474831,0.422202,-0.460554,-0.875984,0.142846,-0.001056,0.002203,0.017001,-0.033962,-0.009698,0.003597,-1.402636,0.039322,0.033413,-0.001534,-0.292071,-0.05755,0.954663,0.857604,-0.457588,0.234791,0.42333,0.887299,0.183004,-0.000483,0.000848,0.00833,-0.034229,-0.011564,0.003737,-0.798942,0.081933,0.025331,-0.043386,-0.393203,0.447081,-0.803435,-0.326047,-0.884833,-0.332808,-0.859699,0.131097,0.493689,0.008423,0.005658,0.00337,4.455253,0.930547,-2.412493,0.38453
701,0.089245,0.006194,0.399665,-0.34783,0.42269,-0.836895,-0.368684,-0.88233,-0.292469,-0.861615,0.206288,0.463781,0.016942,0.01115,0.00683,-0.422629,-0.696558,-0.572559,0.427853,-0.100862,0.030817,0.366902,0.438567,-0.082853,0.894866,-0.772335,0.474219,0.42255,-0.459899,-0.876329,0.142841,-0.000716,0.000714,0.016018,-0.033963,-0.009695,0.003598,-1.402679,0.03932,0.033418,-0.001368,-0.292477,-0.057718,0.954528,0.857813,-0.456981,0.23521,0.422626,0.887601,0.183168,-0.000395,0.000466,0.008077,-0.034434,-0.010049,0.003515,-0.796819,0.082151,0.025416,-0.043311,-0.39143,0.430954,-0.813056,-0.312972,-0.893231,-0.322776,-0.86535,0.12812,0.484514,0.008636,0.006003,0.003648,-1.446912,-0.435112,-1.98488,0.386163
702,0.089891,0.006545,0.400031,-0.352037,0.383633,-0.853781,-0.346246,-0.900786,-0.262049,-0.869172,0.202884,0.451004,0.004003,0.013359,0.008245,-0.402956,-0.411816,-0.512672,0.431321,-0.100891,0.030877,0.367372,0.441415,-0.085276,0.893237,-0.768421,0.477935,0.42549,-0.463723,-0.874072,0.144296,0.000138,-0.00302,0.013577,-0.033964,-0.009691,0.003601,-1.402792,0.039305,0.03345,-0.001132,-0.295714,-0.055362,0.953671,0.854654,-0.461315,0.23823,0.426754,0.885507,0.183732,-1.5e-05,-0.001174,0.007007,-0.034294,-0.008633,0.001269,-0.801555,0.082473,0.025593,-0.043133,-0.391865,0.39316,-0.831785,-0.288322,-0.911028,-0.294784,-0.873677,0.124306,0.470356,0.008581,0.006034,0.003669,-0.086601,-0.814567,-0.272843,0.391715
703,0.090143,0.006927,0.400454,-0.355522,0.345776,-0.868383,-0.3269,-0.916352,-0.231103,-0.875217,0.201276,0.439898,-0.009375,0.006513,0.019834,0.428072,-0.570958,-0.55241,0.437324,-0.100925,0.030938,0.36768,0.441028,-0.090529,0.892911,-0.765676,0.48092,0.427072,-0.468611,-0.871897,0.141641,0.000673,-0.005362,0.012053,-0.047127,0.029806,-0.0067,-1.402641,0.039287,0.033481,-0.000971,-0.295694,-0.049758,0.953985,0.852402,-0.464565,0.239976,0.431248,0.884139,0.179783,0.000354,-0.002774,0.005964,-0.036835,-0.000719,-0.023195,-0.808086,0.08261,0.025786,-0.04292,-0.394736,0.355179,-0.847366,-0.268841,-0.926545,-0.263131,-0.878582,0.12394,0.461227,0.002126,0.007164,0.004393,1.486084,-0.292023,-1.17259,0.396124
704,0.08998,0.007582,0.400905,-0.351469,0.322635,-0.878875,-0.321331,-0.923263,-0.210487,-0.878912,0.208022,0.429264,-0.008034,0.018276,0.011271,0.003422,-0.417156,-0.623172,0.441024,-0.100885,0.030941,0.36791,0.44065,-0.095797,0.892548,-0.762856,0.483949,0.428693,-0.473544,-0.869649,0.13903,0.001283,-0.008035,0.010323,-0.040118,0.013798,-0.016004,-1.402753,0.039307,0.033486,-0.00086,-0.295713,-0.044509,0.954238,0.850058,-0.468006,0.241599,0.435836,0.882603,0.176231,-0.000328,0.001424,0.000917,0.004474,-0.016265,-0.00881,-0.804657,0.082528,0.026107,-0.042692,-0.389312,0.333067,-0.858779,-0.262182,-0.933838,-0.243322,-0.883003,0.130428,0.450879,0.002504,0.00838,0.005117,0.01112,-0.523297,-0.38136,0.404778
705,0.089846,0.00789,0.401142,-0.350636,0.315637,-0.881744,-0.319056,-0.925405,-0.20445,-0.880072,0.20924,0.426285,-0.008094,0.018014,0.011083,0.004156,-0.311266,-0.327593,0.44461,-0.100818,0.030925,0.36801,0.440594,-0.098505,0.892281,-0.762866,0.482676,0.430107,-0.47358,-0.87005,0.136376,-0.000506,0.002213,0.001429,-0.005061,0.011544,0.006693,-1.402871,0.039341,0.033473,-0.000807,-0.295858,-0.041753,0.954318,0.850239,-0.466864,0.243165,0.435384,0.883342,0.173625,-0.000285,0.001237,0.000796,0.00522,-0.018122,-0.010522,-0.803514,0.082461,0.026263,-0.042573,-0.387574,0.325752,-0.862363,-0.259499,-0.936206,-0.237018,-0.88456,0.13192,0.447381,-0.004158,0.008657,0.005332,0.00654,-0.457278,-0.422715,0.407881
706,0.089676,0.008373,0.40165,-0.353862,0.299811,-0.885969,-0.311501,-0.930907,-0.190662,-0.881482,0.208133,0.423907,-0.009223,0.006795,0.019882,-0.029702,-0.475694,-0.424092,0.460958,-0.10066,0.03084,0.368139,0.4402,-0.10379,0.891876,-0.759982,0.485742,0.431758,-0.478563,-0.86772,0.133804,0.000121,-0.000527,-0.00034,-0.000373,0.000849,0.000492,-1.402943,0.03942,0.033432,-0.000742,-0.295841,-0.036671,0.954532,0.847857,-0.470379,0.244707,0.440018,0.881702,0.170249,0.000105,-0.000467,-0.000306,0.003505,-0.010544,-0.006049,-0.802371,0.082377,0.02651,-0.042322,-0.391145,0.310844,-0.866245,-0.251721,-0.941477,-0.224178,-0.885235,0.130366,0.4465,0.001918,0.006412,0.003884,-0.006418,0.090378,-0.139018,0.42274
707,0.08957,0.008754,0.402258,-0.356401,0.280425,-0.891283,-0.304156,-0.936737,-0.173161,-0.883019,0.20902,0.420257,0.004504,0.014972,0.009008,-0.378922,0.158941,-0.890771,0.472785,-0.100464,0.030774,0.368208,0.439941,-0.106355,0.891701,-0.757073,0.489974,0.432088,-0.483393,-0.865023,0.1339,5e-06,-2.2e-05,-1.4e-05,-0.0,0.0,0.0,-1.40269,0.039514,0.033394,-0.00071,-0.295595,-0.03421,0.9547,0.84535,-0.474861,0.244722,0.444979,0.879395,0.169286,6e-06,-3.2e-05,-2.5e-05,-0.000128,-0.000463,-0.000122,-0.798452,0.082322,0.026692,-0.042023,-0.388863,0.292294,-0.873698,-0.242946,-0.947303,-0.208789,-0.888685,0.131071,0.439383,0.001868,0.002559,0.009348,-0.037511,-0.164172,-0.247145,0.439559
708,0.089502,0.008861,0.402616,-0.350899,0.270679,-0.896464,-0.301786,-0.938899,-0.165425,-0.886036,0.212149,0.412262,-0.009103,0.007093,0.019996,-0.033595,-0.656699,-0.501532,0.477369,-0.100384,0.030758,0.368237,0.440063,-0.10634,0.891643,-0.75707,0.48988,0.432199,-0.483286,-0.865078,0.13393,0.012406,0.002561,0.000464,0.002045,-0.015205,0.029245,-1.402722,0.039554,0.033385,-0.000696,-0.295866,-0.034232,0.954615,0.845318,-0.474792,0.244966,0.444858,0.879431,0.169412,0.0,-8e-06,-1e-05,-0.000187,-9.8e-05,-5e-05,-0.795023,0.082287,0.026755,-0.041832,-0.385875,0.281951,-0.878409,-0.240891,-0.949914,-0.199082,-0.890545,0.13478,0.434468,-0.004577,0.003485,0.009962,-0.03487,-0.581069,-0.466148,0.447071
709,0.089404,0.008847,0.40337,-0.345368,0.252569,-0.903867,-0.292943,-0.943971,-0.1519,-0.891166,0.212,0.401132,0.001395,-0.010083,0.025134,-0.07607,-0.34117,-0.381512,0.485088,-0.100272,0.030771,0.368281,0.440464,-0.106333,0.891446,-0.756936,0.489774,0.432553,-0.48313,-0.865139,0.1341,-0.000151,0.000655,0.000423,-0.0,0.0,0.0,-1.402692,0.039615,0.033391,-0.000675,-0.296317,-0.034251,0.954475,0.845234,-0.474736,0.245367,0.444719,0.879461,0.169622,-0.000116,0.000502,0.000322,-0.000133,-4.7e-05,-1.9e-05,-0.797309,0.082238,0.026757,-0.041461,-0.378277,0.264091,-0.887221,-0.2313,-0.955004,-0.18565,-0.896329,0.134987,0.42234,0.001001,-0.000322,0.0076,-0.033452,-0.592435,-0.250349,0.458991
710,0.089355,0.008609,0.404105,-0.340178,0.238036,-0.90976,-0.285576,-0.947869,-0.141283,-0.895546,0.211442,0.391555,-0.011952,-0.009772,0.025471,-0.071855,-0.594277,-0.30938,0.483439,-0.100156,0.030771,0.368293,0.440949,-0.106337,0.891206,-0.756736,0.489709,0.432977,-0.483002,-0.865175,0.134327,2.5e-05,-0.000108,-6.9e-05,-0.0,0.0,0.0,-1.402894,0.039668,0.033392,-0.000668,-0.29681,-0.034259,0.954321,0.84511,-0.474731,0.245801,0.444625,0.879463,0.169858,2e-05,-8.5e-05,-5.7e-05,-8.8e-05,-2.8e-05,-2.8e-05,-0.798289,0.082218,0.026637,-0.041094,-0.373636,0.251003,-0.892968,-0.223738,-0.958654,-0.17585,-0.900187,0.134086,0.414347,0.000563,-0.001772,0.006731,-0.043257,0.051494,-0.186264,0.463889
711,0.089378,0.00821,0.404814,-0.339011,0.235497,-0.910856,-0.274875,-0.950689,-0.143548,-0.899329,0.201407,0.38816,0.000667,-0.005143,0.012509,-0.035058,0.001175,-0.023179,0.483825,-0.100101,0.030743,0.368294,0.440975,-0.10633,0.891194,-0.756752,0.489663,0.433002,-0.482955,-0.865202,0.134323,0.000138,-0.000599,-0.000387,-0.0,0.0,0.0,-1.402897,0.0397,0.033379,-0.000667,-0.29686,-0.034268,0.954305,0.845121,-0.474687,0.245849,0.444572,0.879487,0.169876,8.7e-05,-0.00038,-0.000247,-6.3e-05,-1.3e-05,2e-06,-0.798779,0.082225,0.026436,-0.040735,-0.370415,0.247312,-0.895337,-0.21255,-0.960895,-0.177486,-0.90422,0.12456,0.408497,4.8e-05,-0.007166,0.011306,-0.071718,0.04409,-0.001098,0.464216
712,0.089393,0.007996,0.405176,-0.339102,0.235598,-0.910796,-0.269921,-0.951771,-0.14576,-0.900793,0.196115,0.387475,-9.2e-05,-0.015027,0.022206,-0.060732,0.024769,-0.014518,0.483522,-0.100087,0.030722,0.368291,0.441077,-0.106327,0.891144,-0.756717,0.489636,0.433092,-0.482915,-0.865217,0.134368,0.000109,-0.00047,-0.000304,-0.0,0.0,0.0,-1.402826,0.039707,0.033368,-0.000669,-0.296969,-0.034273,0.954271,0.845101,-0.474673,0.245946,0.444538,0.879494,0.169928,6.5e-05,-0.000281,-0.000182,-5.1e-05,4e-06,-1.5e-05,-0.798126,0.082233,0.026331,-0.040558,-0.370737,0.24759,-0.895126,-0.207598,-0.961515,-0.179972,-0.905238,0.119104,0.407868,0.000399,-0.002315,0.00641,-0.004218,-0.014392,0.075031,0.464706
713,0.089386,0.007673,0.405837,-0.341145,0.233439,-0.910589,-0.265883,-0.953058,-0.144773,-0.901221,0.192425,0.388332,0.000874,-0.004459,0.012919,4.998686,0.805282,-2.136231,0.487111,-0.100093,0.030706,0.368281,0.441017,-0.106325,0.891174,-0.756745,0.489639,0.43304,-0.482926,-0.865216,0.134337,4e-06,-1.6e-05,-1e-05,-0.0,0.0,0.0,-1.40304,0.039704,0.033359,-0.000674,-0.296904,-0.034274,0.954291,0.845121,-0.474666,0.24589,0.444542,0.879498,0.169896,-3e-06,1.7e-05,1e-05,-3.1e-05,-1.4e-05,1e-05,-0.798942,0.082228,0.026165,-0.040231,-0.371466,0.24738,-0.894882,-0.209239,-0.961359,-0.178901,-0.904561,0.120789,0.408875,0.000412,-0.00228,0.006431,-0.034352,0.005264,0.010043,0.465849
714,0.08924,0.007484,0.406381,-0.33986,0.231245,-0.911629,-0.266575,-0.953211,-0.14247,-0.901503,0.194303,0.386737,-0.011844,-0.002058,0.014503,-0.034795,0.004665,-0.026138,0.493535,-0.100121,0.0307,0.36828,0.441084,-0.106325,0.891141,-0.756714,0.489637,0.433097,-0.482914,-0.865217,0.134373,0.0,-0.0,-0.0,-0.0,0.0,0.0,-1.402749,0.03969,0.033357,-0.000675,-0.296975,-0.034276,0.954269,0.8451,-0.474671,0.245951,0.444534,0.879495,0.169933,1e-06,1e-05,8e-06,-1.6e-05,-6e-06,2.5e-05,-0.799595,0.08216,0.026067,-0.039955,-0.371061,0.243067,-0.896231,-0.20413,-0.962877,-0.176628,-0.905893,0.117408,0.406904,0.000245,-0.002833,0.006105,-0.035713,0.029153,-0.010816,0.47385
715,0.08917,0.007369,0.40663,-0.337213,0.225846,-0.913962,-0.260741,-0.955205,-0.139893,-0.904201,0.190846,0.382133,-0.012339,-0.003698,0.013534,5.013566,0.607959,-2.241352,0.494112,-0.100121,0.0307,0.36828,0.441217,-0.106328,0.891074,-0.756652,0.489631,0.433212,-0.48289,-0.86522,0.134441,0.0,-0.0,-0.0,0.013082,-0.094943,0.174255,-1.402479,0.03969,0.033357,-0.000675,-0.297117,-0.034277,0.954225,0.845057,-0.474683,0.246074,0.44452,0.879488,0.170003,3e-06,6e-06,5e-06,0.013072,-0.094951,0.174279,-0.799595,0.082126,0.026013,-0.039829,-0.366949,0.240098,-0.898721,-0.203896,-0.963383,-0.174122,-0.90762,0.119352,0.402467,0.000187,-0.003034,0.005986,-0.035978,-0.221299,-0.085964,0.476299
716,0.089018,0.007172,0.407075,-0.320525,0.216764,-0.922129,-0.253109,-0.957646,-0.137191,-0.912419,0.18915,0.362963,-0.012506,-0.004251,0.01321,-0.037879,-0.531898,-0.277605,0.489047,-0.100121,0.0307,0.36828,0.441217,-0.106328,0.891074,-0.756652,0.489631,0.433212,-0.48289,-0.86522,0.134441,0.0,-0.0,-0.0,-0.0,0.0,0.0,-1.402725,0.03969,0.033357,-0.000675,-0.297118,-0.034277,0.954225,0.845058,-0.474683,0.246075,0.44452,0.879489,0.170003,4e-06,3e-06,5e-06,3e-06,-2e-06,-6e-06,-0.799922,0.082049,0.025914,-0.039606,-0.351712,0.230909,-0.907182,-0.190415,-0.966486,-0.17218,-0.916537,0.112183,0.383894,0.000128,-0.003241,0.005868,-0.034704,-0.769499,-0.333726,0.475157
717,0.088663,0.007146,0.407462,-0.299432,0.199239,-0.933108,-0.238931,-0.962431,-0.128884,-0.923363,0.184102,0.336949,-0.011626,0.006008,0.00371,-0.008031,-0.855606,-0.396817,0.48502,-0.100099,0.030689,0.368272,0.441356,-0.106331,0.891005,-0.756587,0.489625,0.433332,-0.482865,-0.865223,0.13451,1.3e-05,-5.8e-05,-3.8e-05,0.013082,-0.094943,0.174255,-1.402716,0.039701,0.033351,-0.000679,-0.297123,-0.034276,0.954223,0.845056,-0.474683,0.24608,0.444519,0.879488,0.170005,7e-06,-2.2e-05,-1.3e-05,2e-06,-5e-06,1e-06,-0.800248,0.081876,0.025897,-0.039415,-0.330716,0.215868,-0.918709,-0.175945,-0.970523,-0.164706,-0.927183,0.107171,0.358949,-0.005627,0.003635,0.002234,-0.005488,-0.380751,-0.165932,0.469115
718,0.088382,0.007249,0.407597,-0.291754,0.19094,-0.937266,-0.23204,-0.964709,-0.124357,-0.927576,0.180958,0.326931,-0.024015,0.009469,0.005914,-0.006862,-0.558905,-0.307271,0.484071,-0.100079,0.030686,0.368268,0.441248,-0.10633,0.891059,-0.756637,0.489629,0.43324,-0.482885,-0.865221,0.134454,2.9e-05,-0.000128,-8.2e-05,0.0,0.0,0.0,-1.40278,0.039711,0.03335,-0.000681,-0.29715,-0.034276,0.954215,0.845048,-0.474686,0.246103,0.444517,0.879487,0.170017,2e-05,-8.1e-05,-5.2e-05,1e-06,-1.3e-05,3e-05,-0.800248,0.081739,0.025943,-0.039346,-0.321871,0.207819,-0.923693,-0.168746,-0.972583,-0.160017,-0.931624,0.104365,0.348114,-0.005727,0.003291,0.002033,-0.010074,-0.672315,-0.318271,0.468462
719,0.08758,0.007552,0.407811,-0.275523,0.175362,-0.945188,-0.223617,-0.96792,-0.114451,-0.9346,0.179602,0.307075,-0.024535,0.007707,0.004869,-0.00549,-0.32873,-0.210146,0.479803,-0.10005,0.030646,0.368251,0.440678,-0.108938,0.891026,-0.753707,0.494076,0.433299,-0.487966,-0.862361,0.13448,0.000416,-0.001803,-0.001165,-0.001895,0.013757,-0.02525,-1.402632,0.039725,0.033333,-0.000687,-0.296764,-0.031633,0.954426,0.842429,-0.479342,0.246053,0.449714,0.877057,0.1689,4.6e-05,-0.000196,-0.000129,9.1e-05,-0.001075,0.000127,-0.800085,0.08134,0.026099,-0.039236,-0.303618,0.193045,-0.933032,-0.159803,-0.975705,-0.149872,-0.939296,0.103598,0.32709,-0.01215,0.004251,0.002681,-0.00773,-0.464695,-0.267327,0.464706
720,0.086631,0.007803,0.407996,-0.258325,0.155874,-0.953424,-0.215259,-0.971354,-0.100538,-0.941467,0.179062,0.285665,-0.012457,0.003226,0.002062,-0.032044,-0.706404,-0.410767,0.48076,-0.100034,0.030619,0.368222,0.440617,-0.108942,0.891055,-0.753722,0.494101,0.433246,-0.487999,-0.862347,0.134456,-0.0017,0.009817,-0.009179,0.035848,-0.004014,0.021677,-1.402664,0.039735,0.033313,-0.0007,-0.29667,-0.031642,0.954455,0.84246,-0.479331,0.245968,0.449717,0.877063,0.16886,0.000112,-0.000482,-0.000313,-9.5e-05,-5.6e-05,3e-06,-0.801065,0.080856,0.026229,-0.039141,-0.286763,0.175912,-0.941711,-0.151165,-0.97899,-0.136844,-0.945999,0.103112,0.30733,-0.018833,0.004366,0.002832,-0.095945,-0.648094,-0.657612,0.463236
721,0.085655,0.007986,0.408164,-0.240114,0.137195,-0.961025,-0.20119,-0.975482,-0.089046,-0.949386,0.17179,0.263025,-0.025258,0.005353,0.003473,0.031094,-0.71223,-0.385129,0.481083,-0.100032,0.030566,0.368189,0.440716,-0.106191,0.891338,-0.753829,0.495162,0.431847,-0.487744,-0.862085,0.137035,0.0002,-0.000867,-0.000561,0.002624,-0.005951,-0.003442,-1.4026,0.039735,0.03329,-0.000721,-0.296562,-0.034646,0.954384,0.842389,-0.480297,0.244325,0.449923,0.876421,0.171623,0.000118,-0.000509,-0.00033,-0.005094,0.015376,0.008912,-0.802698,0.080372,0.026317,-0.039059,-0.267416,0.158815,-0.950402,-0.136665,-0.982604,-0.125742,-0.953839,0.096262,0.284469,-0.01266,0.002581,0.001699,0.139338,-0.816041,-0.24409,0.4634
722,0.085209,0.008057,0.408258,-0.229807,0.126901,-0.964951,-0.194116,-0.977499,-0.082377,-0.953412,0.168217,0.250471,-0.025896,-0.003976,0.01352,-0.037834,-0.898438,-0.477331,0.479282,-0.100016,0.030539,0.36817,0.440661,-0.106191,0.891365,-0.753854,0.495164,0.431799,-0.487754,-0.862084,0.137007,0.012604,0.001746,-6.5e-05,0.002083,-0.015292,0.029195,-1.402512,0.039743,0.033276,-0.00073,-0.29651,-0.034438,0.954408,0.842405,-0.480237,0.244385,0.449926,0.876461,0.171406,0.006297,0.000897,-1.8e-05,0.000705,-0.01181,0.031227,-0.802208,0.08014,0.026354,-0.039011,-0.25667,0.149421,-0.954878,-0.129298,-0.984404,-0.119286,-0.95781,0.092846,0.271987,-0.01295,-0.002006,0.006769,-0.039336,-0.821636,-0.445331,0.462583
723,0.084333,0.008197,0.408423,-0.214344,0.108744,-0.970709,-0.186495,-0.980039,-0.068663,-0.958539,0.166173,0.231555,-0.025473,0.004696,0.003078,-0.010022,-0.442213,-0.257682,0.478927,-0.099969,0.030502,0.368166,0.440645,-0.106182,0.891374,-0.753889,0.49512,0.431788,-0.487714,-0.86211,0.136982,5.1e-05,-0.00022,-0.000142,0.0,-0.0,-0.0,-1.402738,0.039767,0.033257,-0.000733,-0.296493,-0.034411,0.954414,0.842437,-0.480177,0.244394,0.449878,0.876495,0.171358,1.5e-05,-6.6e-05,-4.4e-05,-9.4e-05,4e-05,2.7e-05,-0.803514,0.079712,0.026423,-0.038929,-0.238695,0.131836,-0.962103,-0.121153,-0.987044,-0.105197,-0.963507,0.091451,0.251574,-0.006512,0.000722,0.00052,-0.011273,-0.558377,-0.270139,0.459481
724,0.083539,0.00821,0.408511,-0.199023,0.095294,-0.975374,-0.17926,-0.981992,-0.059418,-0.963229,0.162894,0.213735,-0.01412,-0.001956,-0.000998,-0.009469,-0.353629,-0.215777,0.480865,-0.099952,0.030466,0.368176,0.44072,-0.106169,0.891339,-0.753896,0.495051,0.431857,-0.487637,-0.862152,0.136998,1e-05,-4.2e-05,-2.7e-05,0.0,-0.0,-0.0,-1.402728,0.039775,0.033239,-0.000727,-0.296572,-0.034426,0.954389,0.842451,-0.480114,0.24447,0.4498,0.876529,0.171391,-0.0,3e-06,2e-06,-5e-05,1e-06,-2.6e-05,-0.803841,0.079312,0.026437,-0.038881,-0.222608,0.119673,-0.967534,-0.113655,-0.988855,-0.096161,-0.96826,0.088559,0.233728,-0.006979,-0.000725,-0.000335,-0.010306,-0.443518,-0.222519,0.462257
725,0.083263,0.00815,0.408525,-0.189936,0.087849,-0.977881,-0.172828,-0.98341,-0.054832,-0.966245,0.158475,0.203185,-0.013995,-0.00154,-0.000756,5.39309,-0.223307,-1.380065,0.47894,-0.09995,0.030459,0.368171,0.440957,-0.103421,0.891545,-0.753938,0.496102,0.430575,-0.487357,-0.861885,0.139646,8e-06,-3.5e-05,-2.3e-05,0.025544,-0.057905,-0.033485,-1.402538,0.039776,0.033236,-0.000729,-0.296595,-0.037483,0.954267,0.842358,-0.481063,0.242917,0.449958,0.875883,0.174255,-2e-06,1e-05,6e-06,0.017587,-0.035508,-0.020469,-0.80433,0.079167,0.026402,-0.038876,-0.213314,0.113459,-0.970372,-0.108856,-0.989809,-0.091802,-0.9709,0.086048,0.223491,-0.007165,-0.00093,-0.000643,5.392733,-0.295601,-1.405776,0.462093
726,0.082883,0.007984,0.408549,-0.173307,0.076055,-0.98195,-0.166146,-0.984966,-0.047019,-0.970552,0.154897,0.18456,-0.01378,-0.00083,-0.000342,-0.009812,-0.456833,-0.227788,0.473768,-0.099967,0.030447,0.368166,0.440761,-0.103415,0.891643,-0.75403,0.49611,0.430404,-0.487392,-0.861881,0.139547,4.1e-05,-0.000175,-0.000114,5e-06,-1.2e-05,-7e-06,-1.402665,0.039767,0.033231,-0.000732,-0.296395,-0.037206,0.95434,0.842412,-0.480988,0.242881,0.449989,0.875936,0.173905,2.3e-05,-9.9e-05,-6.4e-05,-0.000619,0.001477,0.00086,-0.804494,0.078976,0.026316,-0.038866,-0.19598,0.102555,-0.975229,-0.100162,-0.991407,-0.084128,-0.975478,0.081194,0.204568,-0.006899,-0.000447,-0.000179,-0.010849,-0.491407,-0.242603,0.456868
727,0.082706,0.007869,0.408494,-0.163184,0.070334,-0.984109,-0.165652,-0.985232,-0.043,-0.972402,0.155908,0.17365,-0.001084,-0.003364,-0.001988,-0.002306,-0.127353,-0.053539,0.462548,-0.099972,0.030424,0.368152,0.440947,-0.103419,0.89155,-0.753943,0.496103,0.430565,-0.487359,-0.861884,0.139642,7e-05,-0.000305,-0.000198,0.0,-0.0,-0.0,-1.402705,0.039765,0.033219,-0.000739,-0.296594,-0.03719,0.954278,0.842353,-0.481,0.243061,0.449969,0.87593,0.17399,4.9e-05,-0.000212,-0.000136,-6e-05,1.7e-05,-2.1e-05,-0.80531,0.078889,0.026261,-0.038892,-0.184998,0.097368,-0.977903,-0.09958,-0.991815,-0.079915,-0.97768,0.082595,0.19318,-0.000469,-0.001456,-0.000857,-0.003453,-0.126421,-0.052879,0.44805
728,0.082767,0.007653,0.408423,-0.156964,0.074783,-0.984792,-0.165627,-0.984983,-0.048452,-0.973437,0.155403,0.168219,-0.001234,-0.003831,-0.002268,-3.9e-05,-0.004267,-0.0016,0.442551,-0.099959,0.030411,0.368143,0.440931,-0.103419,0.891558,-0.75395,0.496103,0.430551,-0.487362,-0.861884,0.139633,0.000175,-0.000759,-0.000492,0.0,-0.0,-0.0,-1.402759,0.039771,0.033214,-0.000742,-0.296576,-0.03719,0.954284,0.842359,-0.480997,0.243046,0.449969,0.875932,0.17398,0.000136,-0.000583,-0.000377,-3.9e-05,-2.2e-05,4e-05,-0.8058,0.078919,0.026153,-0.038927,-0.179418,0.102476,-0.97842,-0.099712,-0.991331,-0.085544,-0.978706,0.082212,0.188081,0.005569,-0.003702,-0.002261,0.007277,-0.058026,0.188688,0.426822
729,0.082867,0.007537,0.408388,-0.155371,0.077317,-0.984849,-0.165635,-0.984841,-0.051239,-0.973693,0.155062,0.167048,0.011636,-0.005883,-0.003627,0.000983,-0.014776,0.029527,0.42738,-0.099959,0.030411,0.368143,0.440931,-0.103419,0.891558,-0.75395,0.496103,0.430551,-0.487362,-0.861884,0.139633,3e-06,-1.3e-05,-8e-06,0.0,-0.0,-0.0,-1.402839,0.039772,0.033212,-0.000744,-0.296577,-0.03719,0.954284,0.842359,-0.480996,0.243046,0.449968,0.875933,0.17398,-2e-06,1.1e-05,7e-06,-2.6e-05,-1.2e-05,-0.0,-0.805963,0.078963,0.026094,-0.038945,-0.178211,0.105173,-0.978355,-0.099797,-0.991076,-0.088362,-0.978917,0.08189,0.187117,-0.000565,-0.00176,-0.001044,-0.001108,0.005592,-0.002703,0.412126
730,0.083077,0.007296,0.408335,-0.153263,0.08617,-0.984444,-0.165702,-0.984309,-0.060414,-0.974018,0.153751,0.166362,-0.001471,-0.011873,0.008547,-0.032407,0.165617,0.046079,0.394356,-0.099965,0.030395,0.368133,0.441003,-0.103421,0.891522,-0.753916,0.496101,0.430614,-0.487349,-0.861885,0.13967,1e-05,-4.1e-05,-2.7e-05,0.0,-0.0,-0.0,-1.402664,0.039769,0.033204,-0.000749,-0.296654,-0.037191,0.95426,0.842337,-0.481003,0.243113,0.44996,0.875929,0.174019,2e-06,-1.1e-05,-7e-06,-1.3e-05,-1.5e-05,6e-06,-0.806127,0.079069,0.025977,-0.038975,-0.176434,0.114014,-0.977686,-0.100047,-0.990201,-0.097418,-0.979214,0.080627,0.186112,0.005839,-0.002886,-0.001785,0.001418,0.252949,0.105597,0.372447
731,0.083273,0.007066,0.408302,-0.150861,0.095505,-0.983953,-0.1658,-0.983649,-0.070109,-0.974379,0.152437,0.165454,-0.000769,-0.002401,-0.001426,0.000215,0.013026,0.005484,0.344153,-0.099955,0.030397,0.368133,0.440405,-0.106032,0.891511,-0.750955,0.500555,0.430633,-0.49244,-0.858985,0.139681,0.0,-0.0,-0.0,0.0,0.0,0.0,-1.402887,0.039773,0.033205,-0.000748,-0.296213,-0.034541,0.954496,0.839689,-0.485661,0.243009,0.455169,0.873463,0.172863,-0.0,9e-06,5e-06,0.00025,-0.001835,0.000252,-0.80629,0.079172,0.025857,-0.038989,-0.175221,0.123795,-0.976714,-0.100415,-0.989136,-0.107355,-0.979394,0.079266,0.185748,0.00546,-0.007727,0.003138,-0.034458,-0.012038,-0.001279,0.318398
732,0.083423,0.006872,0.408313,-0.148522,0.104782,-0.983365,-0.165892,-0.982901,-0.079731,-0.974726,0.151154,0.164589,0.010781,-0.015918,0.006004,0.46783,-1.042396,2.521132,0.30609,-0.099963,0.030387,0.368128,0.440364,-0.10603,0.891532,-0.750975,0.500557,0.430597,-0.492447,-0.858984,0.139661,4e-05,-0.000175,-0.000114,0.0,0.0,0.0,-1.402592,0.039769,0.033201,-0.000751,-0.296177,-0.034555,0.954507,0.839702,-0.485658,0.242972,0.455168,0.873465,0.172856,2.5e-05,-0.000104,-6.7e-05,-7.6e-05,-0.000279,3.5e-05,-0.805963,0.079243,0.025767,-0.038985,-0.174906,0.13063,-0.97588,-0.100762,-0.98833,-0.114237,-0.979415,0.078351,0.186028,0.00568,-0.003396,-0.002093,-0.000894,-0.020507,-0.013845,0.276595
733,0.083689,0.006427,0.408466,-0.152929,0.119986,-0.98095,-0.167104,-0.981429,-0.094048,-0.973832,0.149381,0.17136,0.011158,-0.014785,0.006678,-0.03151,0.177572,0.086555,0.273971,-0.099992,0.030344,0.368103,0.440312,-0.106026,0.891558,-0.750999,0.500559,0.430551,-0.492456,-0.858983,0.139636,0.000134,-0.000578,-0.000375,0.0,-0.0,-0.0,-1.402775,0.039755,0.033179,-0.000763,-0.296123,-0.03456,0.954524,0.839721,-0.48565,0.242923,0.455169,0.873469,0.172833,-0.006128,-0.001633,-0.000458,-0.002138,0.015187,-0.029243,-0.807107,0.079379,0.025537,-0.038908,-0.179039,0.148004,-0.972645,-0.102336,-0.986058,-0.131207,-0.978504,0.076045,0.191689,0.005582,-0.007371,0.003347,-0.030616,0.14221,0.06577,0.20638
734,0.083894,0.00597,0.408706,-0.160352,0.130459,-0.978424,-0.16885,-0.980222,-0.10308,-0.972326,0.148509,0.180427,-0.000996,-0.010442,0.009405,-0.033682,0.125398,0.028883,0.262065,-0.099973,0.030302,0.368075,0.440218,-0.106024,0.891604,-0.751043,0.500563,0.430471,-0.492473,-0.858981,0.139588,0.000354,-0.001534,-0.000994,0.0,-0.0,-0.0,-1.402433,0.039764,0.03316,-0.000776,-0.296023,-0.034561,0.954555,0.839752,-0.485638,0.242837,0.455176,0.873476,0.172783,0.000203,-0.000873,-0.000567,-0.001954,0.013744,-0.025272,-0.80776,0.079477,0.025315,-0.038795,-0.187256,0.157882,-0.969539,-0.104275,-0.984617,-0.140197,-0.97676,0.074846,0.200838,-0.000527,-0.005302,0.00465,-0.020895,0.034649,0.204371,0.178784
735,0.084044,0.005598,0.409057,-0.168751,0.139407,-0.975774,-0.170581,-0.97912,-0.110439,-0.970591,0.147631,0.190222,0.012519,-0.01057,0.009195,-0.031367,0.099349,0.084739,0.239377,-0.099964,0.030266,0.368052,0.440394,-0.103274,0.89184,-0.751116,0.501614,0.429119,-0.492205,-0.858707,0.142195,0.000219,-0.00095,-0.000616,0.129716,-0.294133,-0.170086,-1.402824,0.039769,0.03314,-0.000789,-0.296016,-0.036307,0.954492,0.839709,-0.486168,0.241925,0.45526,0.87311,0.1744,0.00011,-0.000483,-0.000314,0.174597,-0.416146,-0.240797,-0.807923,0.079551,0.025122,-0.038618,-0.196236,0.166122,-0.966382,-0.106218,-0.983346,-0.14747,-0.974786,0.073708,0.210613,-0.000256,-0.004448,0.005161,-0.030788,0.083594,0.007484,0.154617
736,0.084121,0.005427,0.409223,-0.172228,0.144988,-0.974352,-0.171316,-0.978424,-0.115366,-0.969847,0.146866,0.194563,-0.000549,-0.009047,0.010243,-0.03193,0.285824,0.095289,0.223178,-0.099959,0.030244,0.368038,0.440336,-0.103272,0.891869,-0.751143,0.501616,0.429068,-0.492215,-0.858706,0.142166,0.000252,-0.001091,-0.000708,0.001612,-0.003655,-0.002113,-1.402795,0.039771,0.03313,-0.000795,-0.295922,-0.037544,0.954473,0.839688,-0.486566,0.241195,0.455359,0.872836,0.175511,0.000187,-0.000807,-0.000524,-0.005086,0.015054,0.008726,-0.80825,0.079596,0.025041,-0.038532,-0.199216,0.171048,-0.964911,-0.107028,-0.982555,-0.152079,-0.974092,0.072976,0.214048,-0.000252,-0.004436,0.00517,-0.035307,0.381104,0.129093,0.135839
737,0.084389,0.005088,0.409498,-0.171573,0.151867,-0.973419,-0.172196,-0.977439,-0.122197,-0.969808,0.146458,0.195064,-0.000712,-0.009574,0.009933,-0.034907,0.022468,-0.014079,0.17647,-0.099946,0.030231,0.368029,0.44032,-0.103272,0.891877,-0.75115,0.501617,0.429055,-0.492218,-0.858706,0.142157,6.7e-05,-0.000289,-0.000187,0.0,-1e-06,-1e-06,-1.402679,0.039778,0.033122,-0.000801,-0.295911,-0.037329,0.954485,0.839693,-0.486508,0.241295,0.455358,0.872877,0.175308,3.5e-05,-0.000154,-0.0001,-0.000226,0.000414,0.000239,-0.808739,0.07973,0.024873,-0.038394,-0.199445,0.178117,-0.963584,-0.108077,-0.981339,-0.159029,-0.97393,0.072424,0.214974,0.005952,-0.00625,0.00402,-0.033996,-0.017329,-0.001413,0.084892
738,0.084691,0.004761,0.409699,-0.170966,0.158562,-0.972458,-0.172862,-0.976463,-0.128879,-0.969797,0.145863,0.195562,0.011925,-0.012501,0.008053,-0.033988,0.002842,0.013438,0.128314,-0.099957,0.030237,0.368033,0.440317,-0.103272,0.891879,-0.751152,0.501617,0.429052,-0.492219,-0.858706,0.142156,-6.6e-05,0.000285,0.000185,0.0,-0.0,-0.0,-1.402957,0.039772,0.033125,-0.000799,-0.295907,-0.037326,0.954486,0.839695,-0.486505,0.241295,0.455356,0.87288,0.175303,-5.3e-05,0.000232,0.000152,-5.9e-05,1e-05,1.6e-05,-0.809066,0.079876,0.02471,-0.038293,-0.199166,0.184681,-0.962405,-0.108911,-0.980168,-0.165551,-0.973894,0.071844,0.215329,0.005956,-0.006254,0.004019,-0.034152,-0.008977,0.005439,0.018269
739,0.084823,0.004642,0.409744,-0.171919,0.162534,-0.971634,-0.173079,-0.975915,-0.13268,-0.969589,0.145151,0.197119,-0.000322,-0.001024,-0.00061,0.001829,0.175484,0.072393,0.09423,-0.099959,0.030244,0.368038,0.440336,-0.103272,0.891869,-0.751143,0.501616,0.429068,-0.492215,-0.858706,0.142166,-0.000127,0.000551,0.000358,0.0,-0.0,-0.0,-1.402652,0.039772,0.033128,-0.000796,-0.295928,-0.037326,0.95448,0.839689,-0.486506,0.241313,0.455353,0.872879,0.175313,-8.4e-05,0.000367,0.000238,-3.4e-05,-1.3e-05,-1.8e-05,-0.808903,0.079947,0.024648,-0.038267,-0.200117,0.188461,-0.961475,-0.109285,-0.979495,-0.169247,-0.973657,0.071206,0.21661,-0.000184,-0.000575,-0.000347,-0.001305,0.204968,0.079785,-0.020104
740,0.08518,0.00439,0.409788,-0.165525,0.172787,-0.970975,-0.172712,-0.974375,-0.144004,-0.970774,0.143641,0.192334,-0.000986,-0.010481,0.009399,0.157411,-0.292191,0.728122,0.024127,-0.099961,0.030252,0.368031,0.440483,-0.103282,0.891795,-0.75106,0.501633,0.429195,-0.492211,-0.858695,0.142248,-0.0,0.0,0.0,0.0,-0.0,-0.0,-1.402704,0.039771,0.033133,-0.000799,-0.296086,-0.037319,0.954431,0.839629,-0.486543,0.241447,0.455362,0.872858,0.175393,0.0,-4e-06,-2e-06,-3.1e-05,-4e-06,-3e-05,-0.808739,0.080125,0.02452,-0.038246,-0.194661,0.198979,-0.960475,-0.109202,-0.977516,-0.180378,-0.974772,0.069773,0.212013,-0.000496,-0.005249,0.004689,0.179668,-0.325478,0.802045,-0.117752
741,0.085454,0.004203,0.409861,-0.163396,0.176979,-0.97058,-0.166926,-0.974531,-0.149653,-0.972148,0.137336,0.189985,0.011953,-0.012465,0.008076,0.009428,0.008484,0.004492,-0.012841,-0.099968,0.030243,0.368026,0.440442,-0.103281,0.891816,-0.751079,0.501634,0.429159,-0.492218,-0.858695,0.142227,1e-06,-5e-06,-3e-06,0.0,-0.0,-0.0,-1.403014,0.039767,0.033128,-0.000802,-0.296041,-0.037321,0.954445,0.839643,-0.486539,0.241408,0.455365,0.872861,0.175372,-1e-06,3e-06,1e-06,-3.1e-05,-1e-06,-1.2e-05,-0.807923,0.080257,0.02443,-0.038213,-0.192693,0.203423,-0.959941,-0.103519,-0.97703,-0.186265,-0.975783,0.06348,0.209325,8e-06,2.8e-05,1.4e-05,0.145331,0.023845,-0.030589,-0.183394
742,0.085679,0.004066,0.40994,-0.166657,0.182736,-0.968957,-0.167415,-0.973631,-0.154877,-0.971506,0.136173,0.194061,0.000127,0.000406,0.000242,0.002584,0.287003,0.117994,-0.040844,-0.099959,0.030245,0.368027,0.440464,-0.103282,0.891805,-0.751069,0.501633,0.429178,-0.492214,-0.858695,0.142238,0.0,-0.0,-0.0,0.0,-0.0,-0.0,-1.402852,0.039771,0.03313,-0.000801,-0.296065,-0.03732,0.954437,0.839636,-0.48654,0.241429,0.455362,0.87286,0.175383,0.0,2e-06,2e-06,-2.3e-05,1e-06,-1.7e-05,-0.808413,0.080374,0.024357,-0.03817,-0.195482,0.208454,-0.958296,-0.104135,-0.976036,-0.191071,-0.975162,0.062442,0.212504,-0.000272,-0.004536,0.005118,-0.042942,0.476313,0.175822,-0.214093
743,0.085761,0.004003,0.409972,-0.169162,0.184196,-0.968247,-0.167732,-0.973409,-0.155928,-0.971016,0.135792,0.196764,-0.000702,-0.0096,0.009927,-0.034002,0.12848,0.029459,-0.056521,-0.099959,0.030245,0.368027,0.440464,-0.103282,0.891805,-0.751069,0.501633,0.429178,-0.492214,-0.858695,0.142238,0.0,-0.0,-0.0,0.0,-0.0,-0.0,-1.402854,0.039771,0.03313,-0.000801,-0.296065,-0.03732,0.954437,0.839636,-0.48654,0.241429,0.455362,0.87286,0.175383,1e-06,1e-06,3e-06,-2.1e-05,5e-06,-2.1e-05,-0.808413,0.080416,0.02433,-0.038157,-0.199158,0.210278,-0.95714,-0.104574,-0.975689,-0.192594,-0.974371,0.061735,0.216306,0.00633,-0.001425,-0.000924,0.004486,0.096531,0.07446,-0.22536
744,0.085925,0.003893,0.41001,-0.176368,0.188967,-0.966039,-0.168525,-0.972684,-0.159555,-0.969586,0.13442,0.204598,0.012462,-0.003509,-0.002235,0.001714,0.070452,0.06453,-0.101459,-0.099961,0.030252,0.368031,0.440483,-0.103282,0.891795,-0.75106,0.501633,0.429195,-0.492211,-0.858695,0.142248,-2.5e-05,0.000108,7e-05,0.0,-0.0,-0.0,-1.402597,0.039771,0.033133,-0.000799,-0.296085,-0.03732,0.954431,0.83963,-0.486542,0.241447,0.45536,0.872859,0.175393,-1.4e-05,6.3e-05,4.2e-05,-1.8e-05,-5e-06,-1.2e-05,-0.808576,0.080493,0.024273,-0.038133,-0.206891,0.214541,-0.954551,-0.105516,-0.974862,-0.196237,-0.972657,0.060121,0.224327,-0.000139,-0.000445,-0.00027,0.005838,0.050122,0.018867,-0.25263
745,0.086115,0.003778,0.410092,-0.180611,0.198516,-0.963336,-0.168923,-0.971105,-0.168501,-0.968731,0.132043,0.210125,0.012328,-0.011296,0.008774,-0.030183,0.472486,0.206126,-0.147725,-0.09996,0.030253,0.36802,0.440615,-0.100536,0.892044,-0.751139,0.502703,0.427801,-0.491972,-0.858399,0.14484,2.1e-05,-9.1e-05,-5.9e-05,0.030052,-0.068121,-0.039398,-1.402781,0.039771,0.033134,-0.000805,-0.296001,-0.040299,0.954336,0.83956,-0.487469,0.239817,0.455545,0.872209,0.178125,1.2e-05,-5.5e-05,-3.7e-05,0.030734,-0.066641,-0.038491,-0.808576,0.080587,0.024216,-0.038098,-0.20931,0.222504,-0.952197,-0.105879,-0.973199,-0.204138,-0.972099,0.058089,0.227259,0.000234,0.000755,0.000445,0.006181,0.524282,0.210762,-0.287737
