frame,MLTx,MLTy,MLTz,MLTR1,MLTR2,MLTR3,MLTR4,MLTR5,MLTR6,MLTR7,MLTR8,MLTR9,MLTTVx,MLTTVy,MLTTVz,MLTRVx,MLTRVy,MLTRVz,MLGA,MRTx,MRTy,MRTz,MRTR1,MRTR2,MRTR3,MRTR4,MRTR5,MRTR6,MRTR7,MRTR8,MRTR9,MRTTVx,MRTTVy,MRTTVz,MRTRVx,MRTRVy,MRTRVz,MRGA,SLTx,SLTy,SLTz,SLTR1,SLTR2,SLTR3,SLTR4,SLTR5,SLTR6,SLTR7,SLTR8,SLTR9,SLTTVx,SLTTVy,SLTTVz,SLTRVx,SLTRVy,SLTRVz,SLGA,SRTx,SRTy,SRTz,SRTR1,SRTR2,SRTR3,SRTR4,SRTR5,SRTR6,SRTR7,SRTR8,SRTR9,SRTTVx,SRTTVy,SRTTVz,SRTRVx,SRTRVy,SRTRVz,SRGA
371,0.057563,-0.004072,0.412302,-0.074962,0.385083,-0.919857,-0.598307,-0.755283,-0.267486,-0.797671,0.529822,0.288159,0.016243,0.004697,0.003261,5.074782,1.526264,-1.720755,0.35049,-0.078843,0.000129,0.39448,0.249736,0.350276,0.902735,-0.301513,-0.857717,0.416347,0.919788,-0.376579,-0.109737,0.000706,0.000681,-0.015779,0.033794,0.0104,-0.003199,-1.407244,0.040383,0.034742,-0.02059,-0.318782,-0.357684,0.877746,0.299825,0.840454,0.451378,-0.899156,0.407061,-0.160679,0.001218,-0.004321,-0.002909,-0.001095,0.011059,-0.026362,-0.980521,0.066551,0.037205,-0.046729,0.029318,-0.398436,-0.916727,0.675654,0.683773,-0.275579,0.736634,-0.611312,0.289252,0.008149,0.002395,0.001643,5.08018,1.508933,-1.716523,0.322643
372,0.05791,-0.003581,0.412444,-0.083033,0.382161,-0.920382,-0.590444,-0.762824,-0.26353,-0.802705,0.521073,0.290129,0.005073,0.012639,0.008294,0.001673,-0.010582,0.026753,0.177744,-0.07885,8.1e-05,0.394098,0.249823,0.351453,0.902253,-0.301932,-0.856985,0.417549,0.919626,-0.37715,-0.109126,-0.000343,0.004422,-0.013268,0.033794,0.0104,-0.003199,-1.407259,0.04038,0.034716,-0.020788,-0.31888,-0.358846,0.877237,0.300167,0.839677,0.452593,-0.899007,0.407641,-0.160043,-0.000224,0.002417,-0.006495,0.033817,0.010425,-0.003205,-0.981174,0.066725,0.037451,-0.046658,0.038345,-0.396276,-0.91733,0.667454,0.693345,-0.271617,0.743662,-0.601861,0.291083,0.002644,0.006595,0.004323,0.001521,-0.012822,0.031029,0.17013
373,0.058124,-0.003304,0.412541,-0.085133,0.381674,-0.920392,-0.585784,-0.766359,-0.263673,-0.80589,0.516225,0.289966,0.018847,0.018477,-0.004019,0.03726,-0.043346,0.072071,0.043041,-0.078863,0.000123,0.393957,0.249827,0.352458,0.90186,-0.302046,-0.856472,0.418518,0.919588,-0.377379,-0.108657,-0.001126,0.007213,-0.011386,0.035,-0.000731,0.023354,-1.407419,0.040374,0.034732,-0.020856,-0.318884,-0.359828,0.876833,0.300184,0.839161,0.453538,-0.899,0.407838,-0.159581,0.000362,-0.001266,-0.000853,5.2e-05,-8e-06,5.8e-05,-0.981827,0.066827,0.037586,-0.046606,0.040512,-0.396007,-0.917352,0.663217,0.697349,-0.271746,0.747328,-0.597395,0.29089,0.002757,0.006887,0.004503,-0.01137,0.061925,-0.156792,0.023168
374,0.058418,-0.002783,0.41282,-0.097011,0.377775,-0.920826,-0.568013,-0.780688,-0.260499,-0.817174,0.497296,0.291462,0.005529,0.013831,0.009004,0.003332,-0.021174,0.053487,-0.155666,-0.0789,0.000272,0.393791,0.24988,0.353447,0.901458,-0.302346,-0.85588,0.419513,0.919475,-0.3778,-0.10815,-0.00031,0.001105,0.000746,-0.0,0.0,0.0,-1.407202,0.040355,0.03481,-0.020943,-0.318946,-0.360822,0.876401,0.30042,0.838524,0.454558,-0.898899,0.408268,-0.159046,-0.000244,0.000881,0.000596,1.6e-05,2.1e-05,-2.1e-05,-0.98248,0.066981,0.037854,-0.046467,0.052723,-0.393393,-0.917857,0.647076,0.713527,-0.268648,0.7606,-0.579759,0.292174,0.002781,0.006963,0.00453,0.003413,-0.023295,0.058499,-0.252629
375,0.058509,-0.002197,0.413115,-0.116849,0.37178,-0.920962,-0.551532,-0.795419,-0.251181,-0.825797,0.478124,0.299138,-0.007356,0.024444,-0.000482,1.577209,0.494098,-0.448293,-0.29647,-0.078865,0.000379,0.393808,0.249826,0.354246,0.901159,-0.302278,-0.855545,0.420243,0.919512,-0.377809,-0.107802,0.012363,0.005073,0.002034,0.002045,-0.015205,0.029245,-1.406873,0.040367,0.034865,-0.020933,-0.318903,-0.361574,0.876107,0.300306,0.838196,0.455239,-0.898952,0.408278,-0.158721,-0.000155,0.000553,0.000372,2.4e-05,-2e-06,-0.0,-0.98297,0.067031,0.038144,-0.046316,0.0725,-0.389787,-0.918046,0.633737,0.728767,-0.259374,0.770143,-0.562996,0.299858,0.002255,0.005669,0.003628,5.119186,1.463355,-1.574537,-0.397468
376,0.058546,-0.001921,0.413244,-0.129699,0.365047,-0.921935,-0.544515,-0.803216,-0.241494,-0.828516,0.470228,0.304097,0.004343,0.010873,0.007024,0.443743,0.066427,-0.002249,-0.362662,-0.078809,0.000386,0.393879,0.247639,0.356145,0.901014,-0.296986,-0.857226,0.42059,0.921826,-0.372167,-0.107657,0.012322,0.005216,0.00213,0.002045,-0.015205,0.029245,-1.406914,0.040395,0.03487,-0.020897,-0.316764,-0.363566,0.876059,0.295035,0.840036,0.455294,-0.901451,0.402689,-0.158829,-0.000377,0.001339,0.000904,0.000324,-0.000134,0.000124,-0.982481,0.067046,0.038287,-0.046254,0.086651,-0.384255,-0.919151,0.62658,0.738311,-0.249585,0.774524,-0.554295,0.304742,0.002197,0.005511,0.003558,1.449754,0.481028,-0.702617,-0.451354
377,0.058728,-0.001459,0.413348,-0.15597,0.351069,-0.923293,-0.519555,-0.824089,-0.225638,-0.839903,0.444067,0.312081,0.003893,0.016908,-0.00527,0.465674,0.123016,-0.202212,-0.600627,-0.078675,0.000366,0.394143,0.244721,0.357267,0.901367,-0.297517,-0.857037,0.420599,0.922438,-0.371527,-0.104588,0.0009,-0.006409,0.011925,0.050532,-0.199728,-0.080087,-1.406489,0.040466,0.034864,-0.020768,-0.314601,-0.364782,0.876333,0.295222,0.839822,0.455567,-0.902146,0.402035,-0.156518,0.000538,-0.00353,0.005742,0.123057,-0.354522,-0.179583,-0.985093,0.067138,0.038519,-0.046196,0.114099,-0.373151,-0.920727,0.604042,0.761852,-0.233908,0.788741,-0.52947,0.312325,0.001714,0.004301,0.002764,1.449674,0.465164,-0.711367,-0.587538
378,0.058911,-0.000994,0.413332,-0.171809,0.340858,-0.924306,-0.512594,-0.832122,-0.21164,-0.841069,0.437004,0.318838,0.003784,0.016644,-0.005452,-0.276852,0.291758,-0.6546,-0.917543,-0.078587,0.000236,0.394414,0.239769,0.358585,0.902175,-0.29307,-0.859114,0.419485,0.925164,-0.365407,-0.102045,-0.000288,0.001023,0.000688,0.031812,-0.071468,-0.031366,-1.406372,0.040509,0.034804,-0.020629,-0.308895,-0.366321,0.87772,0.291351,0.84204,0.453964,-0.905372,0.395951,-0.153374,-0.000195,0.000676,0.000453,0.040152,-0.089298,-0.03899,-0.986073,0.067228,0.038748,-0.046206,0.130408,-0.365031,-0.921816,0.597492,0.770893,-0.220741,0.791199,-0.521991,0.318634,0.00133,0.003311,0.002118,-1.03874,1.054422,-2.289029,-0.801939
379,0.059142,-0.000667,0.413265,-0.175364,0.334903,-0.925814,-0.513983,-0.833152,-0.204084,-0.839482,0.439643,0.319392,0.002445,0.013294,-0.007605,0.027024,-0.065778,-0.002757,-1.398428,-0.078568,0.000106,0.394631,0.232717,0.361235,0.902964,-0.283612,-0.862812,0.418393,0.929908,-0.353889,-0.099488,0.001193,-0.007451,0.011227,-0.020873,-0.031043,-0.037275,-1.355875,0.04052,0.034735,-0.020524,-0.301833,-0.36922,0.878961,0.282159,0.84606,0.452292,-0.910649,0.384524,-0.15119,-0.000362,0.001273,0.00086,0.004871,-0.017653,0.02374,-0.977256,0.06734,0.038915,-0.046237,0.135132,-0.35888,-0.923549,0.599163,0.771964,-0.212307,0.78914,-0.524667,0.319345,0.001143,0.006442,-0.003935,0.022391,-0.06263,0.006447,-1.059285
380,0.059333,-0.000593,0.413204,-0.174837,0.335185,-0.925812,-0.513864,-0.833092,-0.204631,-0.839666,0.439543,0.319046,0.014898,0.008913,-0.010319,0.037097,-0.044253,0.071723,-1.715996,-0.078517,0.000126,0.394736,0.227828,0.362865,0.903557,-0.279548,-0.864439,0.41777,0.932351,-0.3482,-0.096653,0.011679,0.007482,0.003648,0.017231,-0.058611,0.041771,-1.234786,0.040542,0.034735,-0.020472,-0.296983,-0.370957,0.879881,0.278209,0.847863,0.451361,-0.913454,0.378838,-0.148598,0.000311,-0.00273,0.006287,-0.032836,-0.020279,0.00051,-0.939045,0.067435,0.038953,-0.046267,0.134598,-0.359285,-0.92347,0.59912,0.771817,-0.21296,0.789264,-0.524605,0.31914,0.006716,-0.00097,-0.000579,-0.00067,-0.005689,0.035203,-1.096352
381,0.059502,-0.000507,0.413115,-0.173405,0.335637,-0.925918,-0.518446,-0.830408,-0.203979,-0.837144,0.444246,0.319159,0.000369,0.000929,0.000595,-0.0,-0.0,-0.0,-1.918646,-0.078236,0.00034,0.395014,0.210641,0.376154,0.902291,-0.262663,-0.867201,0.422971,0.941279,-0.326543,-0.085014,-0.002263,0.008011,0.005373,0.093687,-0.269955,-0.290759,-0.959146,0.040688,0.034841,-0.020334,-0.281512,-0.385025,0.878923,0.260366,0.850953,0.456165,-0.923558,0.357257,-0.139307,0.005297,0.005627,0.003093,0.091232,-0.59212,-0.159425,-0.773632,0.067525,0.038998,-0.046316,0.133086,-0.359707,-0.923524,0.60343,0.768604,-0.212408,0.78623,-0.529015,0.319349,0.000192,0.00048,0.000304,-0.000635,0.000136,0.000154,-1.075777
382,0.059577,-0.000586,0.413004,-0.165264,0.340018,-0.925808,-0.532485,-0.820852,-0.206475,-0.829959,0.45843,0.317864,-0.00158,-0.003987,-0.002553,-0.462125,-0.092042,0.131381,-1.784787,-0.078272,0.000552,0.395275,0.201094,0.384903,0.900779,-0.248943,-0.869213,0.427118,0.947087,-0.310595,-0.080121,-0.001664,0.005892,0.003941,0.000242,-0.000628,-0.000265,-0.946761,0.040668,0.034956,-0.020197,-0.271041,-0.393878,0.878291,0.247009,0.853431,0.458956,-0.930335,0.341342,-0.134023,-0.007421,0.001887,0.001956,-0.013805,0.093332,-0.183043,-0.764324,0.067565,0.038964,-0.046368,0.124621,-0.363174,-0.923348,0.615997,0.757856,-0.214943,0.777828,-0.541994,0.318159,0.005696,-0.003534,-0.002221,-1.552587,-0.35797,0.557636,-1.07643
383,0.059695,-0.000711,0.412974,-0.154478,0.345939,-0.925477,-0.546044,-0.810504,-0.211875,-0.823214,0.472187,0.315254,-0.001215,-0.003068,-0.001965,-0.043072,0.001168,-0.012609,-1.458103,-0.078481,0.000646,0.395307,0.19911,0.38453,0.901379,-0.24412,-0.871258,0.425733,0.948763,-0.305274,-0.080751,-0.014339,0.002046,0.002733,-4.982345,-2.348703,0.4436,-0.992343,0.040568,0.035003,-0.020182,-0.271412,-0.392444,0.878818,0.247383,0.853971,0.457749,-0.930127,0.341644,-0.134694,-0.007144,0.00093,0.001315,-0.000737,0.006444,-0.002362,-0.804494,0.067622,0.038897,-0.046386,0.113043,-0.367991,-0.922932,0.628757,0.745734,-0.220327,0.76934,-0.555394,0.315677,0.005984,-0.002818,-0.001763,-0.141268,-0.043049,0.069575,-1.003603
384,0.059829,-0.000857,0.413243,-0.109445,0.362645,-0.925503,-0.613759,-0.757002,-0.224098,-0.781747,0.543054,0.306579,0.001251,-0.003989,0.013562,-0.507737,-0.145588,0.239222,-0.64581,-0.079034,0.000798,0.395171,0.194965,0.385814,0.901736,-0.234487,-0.874304,0.424903,0.952052,-0.294751,-0.081137,-0.026267,-0.0044,-0.000214,-0.002894,0.01932,-0.03192,-1.367452,0.040301,0.035083,-0.020242,-0.26513,-0.395022,0.879581,0.232809,0.859011,0.455958,-0.935684,0.325663,-0.135786,-0.007367,0.003348,-0.005167,0.034158,0.014856,-0.005839,-0.965825,0.067682,0.038813,-0.04627,0.067159,-0.379446,-0.922772,0.689165,0.686425,-0.232102,0.721485,-0.620355,0.307601,0.000684,-0.001847,0.00687,-5.270831,-1.690283,2.6421,-0.817615
385,0.05989,-0.000958,0.413879,-0.070921,0.374409,-0.924572,-0.673568,-0.701586,-0.232499,-0.735636,0.605804,0.303097,0.002084,-0.001879,0.014901,-5.148017,-1.26786,1.660502,-0.190866,-0.079756,0.000933,0.394847,0.19848,0.380482,0.903234,-0.233965,-0.876454,0.420741,0.951449,-0.29529,-0.086087,-0.027697,0.003959,-0.010826,-0.101281,0.31509,0.011212,-1.407146,0.039935,0.035148,-0.020406,-0.267614,-0.389541,0.881271,0.233143,0.861273,0.451499,-0.934893,0.32629,-0.13967,-0.00741,0.003539,-0.005039,-0.219522,0.530952,-0.062064,-0.940678,0.067715,0.038766,-0.045944,0.028953,-0.387209,-0.921537,0.740339,0.627739,-0.240501,0.671609,-0.675287,0.304841,0.00094,-0.004752,0.013068,-0.078685,0.026484,-0.008028,-0.691881
386,0.060057,-0.001067,0.414161,-0.070617,0.374768,-0.92445,-0.674125,-0.700973,-0.232734,-0.735156,0.60629,0.303291,0.014102,-0.00735,0.011489,-0.031977,-0.007325,0.040505,-0.084845,-0.080116,0.001027,0.394641,0.199204,0.374745,0.90547,-0.234402,-0.878867,0.41543,0.95119,-0.295449,-0.088384,-0.014626,0.006382,-0.010567,-0.601817,0.861995,-2.557236,-1.407451,0.039761,0.035193,-0.020504,-0.269285,-0.38637,0.882158,0.233331,0.862529,0.448998,-0.934366,0.326744,-0.142114,-0.007282,0.003096,-0.005336,0.041652,-0.001734,-0.007777,-0.94868,0.067791,0.038719,-0.045799,0.026503,-0.387687,-0.921409,0.744517,0.622737,-0.240605,0.667076,-0.679629,0.305144,0.007062,-0.003621,0.005776,-0.028745,-0.00593,0.038435,-0.642404
387,0.060536,-0.001232,0.414251,-0.070386,0.374908,-0.924411,-0.674451,-0.700621,-0.232851,-0.734879,0.606611,0.303321,0.012836,-0.003397,-0.002089,0.000984,-0.014715,0.029553,0.053775,-0.080895,0.001037,0.394242,0.200212,0.36968,0.907327,-0.235583,-0.880666,0.410928,0.950685,-0.296467,-0.090383,-0.02645,-0.000513,-0.013814,0.029736,0.040688,-0.061757,-1.407656,0.039364,0.035205,-0.020705,-0.270269,-0.378818,0.885127,0.235064,0.865556,0.442218,-0.933648,0.32758,-0.144887,-0.006873,0.001625,-0.006316,0.033831,0.013813,-0.005233,-0.946393,0.068039,0.038641,-0.045744,0.026289,-0.387811,-0.921363,0.744743,0.622418,-0.240732,0.666832,-0.679851,0.305182,0.006339,-0.001892,-0.001174,0.003436,-0.014064,0.028718,-0.508832
388,0.061038,-0.00128,0.414041,-0.073957,0.376613,-0.923438,-0.669789,-0.704751,-0.233839,-0.738777,0.600743,0.305522,0.012602,-0.003992,-0.00247,5.10468,1.279454,-1.658208,0.167264,-0.081746,0.00078,0.393873,0.200777,0.368196,0.907806,-0.236334,-0.881023,0.40973,0.950379,-0.297251,-0.091026,-0.011267,-0.009037,-0.004686,-0.002045,0.015205,-0.029245,-1.407606,0.038942,0.035083,-0.020891,-0.270817,-0.377369,0.885578,0.235931,0.865878,0.441124,-0.93327,0.3284,-0.145462,-0.011955,-0.006479,-0.002962,-0.00508,0.04171,-0.085037,-0.941821,0.068288,0.038613,-0.045852,0.02748,-0.390202,-0.920318,0.744201,0.622661,-0.241778,0.667389,-0.678259,0.307499,0.006688,0.002577,-0.006377,0.027368,0.028374,-0.146161,-0.209031
389,0.061448,-0.001173,0.413845,-0.085742,0.373637,-0.923629,-0.648196,-0.724891,-0.233125,-0.756535,0.578236,0.305492,0.001082,0.002775,0.001765,0.462173,0.105648,-0.125565,0.291277,-0.082673,0.000106,0.393678,0.196303,0.362018,0.911262,-0.238855,-0.883619,0.402616,0.950688,-0.297128,-0.088146,-0.034304,-0.028694,0.00105,0.019586,-0.08701,-0.201359,-1.407917,0.038478,0.03475,-0.020992,-0.266296,-0.371392,0.889468,0.239064,0.868508,0.434213,-0.933774,0.328269,-0.142494,-0.011518,-0.00822,-0.004137,0.06955,-0.132181,-0.160233,-0.942474,0.068495,0.038657,-0.045956,0.0416,-0.388177,-0.920644,0.721412,0.649173,-0.241117,0.691254,-0.654134,0.307041,0.007151,0.003762,-0.005621,1.587898,0.357795,-0.467203,0.063338
390,0.061558,-0.001035,0.413705,-0.095508,0.370304,-0.924012,-0.63543,-0.737153,-0.229797,-0.766122,0.564733,0.306856,0.001625,0.011337,-0.008871,-0.273296,0.291329,-0.656359,0.353986,-0.083204,-0.000328,0.393621,0.186029,0.358769,0.914696,-0.243771,-0.884911,0.39679,0.951519,-0.297219,-0.078325,-0.023308,-0.015593,-0.00775,0.332402,-0.75258,-0.434916,-1.408029,0.03821,0.034525,-0.02102,-0.258767,-0.368639,0.892829,0.243096,0.869708,0.429548,-0.934849,0.328196,-0.135438,-0.010748,-0.012707,0.000957,0.10977,-0.310272,-0.263477,-0.940678,0.068551,0.038726,-0.046021,0.051149,-0.386156,-0.921013,0.709476,0.663101,-0.238619,0.70287,-0.641232,0.307885,0.000116,0.000278,0.00017,-1.031456,1.067594,-2.330335,0.168497
391,0.061625,-0.000792,0.413268,-0.107361,0.364542,-0.925001,-0.632481,-0.742835,-0.219398,-0.766978,0.561034,0.311469,0.011719,0.000929,-0.015422,0.031479,-0.019382,0.013005,0.449576,-0.084083,-0.001197,0.393705,0.159758,0.35205,0.922242,-0.255252,-0.887662,0.383191,0.953313,-0.297042,-0.053122,-0.02285,-0.020581,0.005117,0.202659,-0.489217,-0.527085,-1.407727,0.037764,0.034076,-0.020986,-0.229804,-0.362659,0.903143,0.257013,0.872423,0.415719,-0.938687,0.327653,-0.107279,-0.011466,-0.010148,0.00267,0.198546,-0.478938,-0.522558,-0.941821,0.068584,0.038861,-0.04623,0.064409,-0.381402,-0.922162,0.707417,0.669223,-0.227377,0.703855,-0.637708,0.312915,-0.000422,0.002484,-0.006461,0.02801,-0.002869,-0.02058,0.33489
392,0.061747,-0.000628,0.412421,-0.109926,0.356999,-0.927639,-0.628195,-0.74816,-0.213542,-0.770127,0.558817,0.307661,0.010289,0.004405,-0.029304,0.035986,-0.247029,-0.046337,0.512588,-0.084633,-0.002062,0.394316,0.127682,0.343006,0.93061,-0.267559,-0.891519,0.36543,0.954815,-0.296061,-0.023241,-0.00801,-0.030884,0.029333,0.269819,-0.900902,-0.498963,-1.407607,0.037493,0.033652,-0.020693,-0.200324,-0.354963,0.913165,0.269615,0.876097,0.3997,-0.9419,0.326273,-0.0798,-0.004989,-0.010231,0.010058,0.091284,-0.32391,-0.441032,-0.949823,0.068648,0.038944,-0.046641,0.067996,-0.374751,-0.924628,0.703633,0.675042,-0.22185,0.707301,-0.635514,0.309587,0.004935,0.001631,-0.015018,0.025315,-0.399678,-0.140792,0.453276
393,0.061839,-0.000584,0.411894,-0.110904,0.356958,-0.927538,-0.617861,-0.755727,-0.217018,-0.778301,0.548574,0.305518,0.009711,0.002903,-0.030276,0.068169,-0.042898,0.033326,0.520486,-0.084879,-0.002531,0.394826,0.116846,0.339913,0.933165,-0.270928,-0.892983,0.359324,0.955266,-0.295211,-0.013438,-0.008946,-0.027339,0.031735,0.070509,-0.37532,-0.454284,-1.408153,0.037367,0.033405,-0.020428,-0.187113,-0.352102,0.917067,0.274453,0.877641,0.392962,-0.943219,0.325221,-0.067582,-0.004558,-0.013405,0.016056,0.051543,-0.328651,-0.439301,-0.953415,0.068691,0.038963,-0.046912,0.068571,-0.374115,-0.924843,0.694251,0.683636,-0.225069,0.716458,-0.62664,0.306607,-0.001706,0.002747,-0.014349,0.062713,0.002558,-0.014487,0.490179
394,0.062323,-0.000582,0.410508,-0.105735,0.352929,-0.929681,-0.611058,-0.760584,-0.219295,-0.784373,0.54446,0.297237,0.020621,0.001618,-0.047186,0.084965,-0.175751,0.00817,0.521709,-0.085147,-0.003436,0.396136,0.100176,0.336027,0.936505,-0.274635,-0.895265,0.350729,0.956122,-0.292731,0.001409,0.002712,-0.019323,0.03579,0.08534,-0.442777,-0.364362,-1.407933,0.037233,0.032953,-0.019772,-0.172259,-0.348938,0.921178,0.27807,0.879898,0.3853,-0.944988,0.322524,-0.054541,0.001262,-0.009377,0.018092,0.134271,-0.568548,-0.422962,-0.966968,0.068931,0.03897,-0.047595,0.06385,-0.369464,-0.927048,0.687937,0.689253,-0.227313,0.722955,-0.623237,0.298177,0.010176,0.000412,-0.023851,0.075223,-0.161817,-0.01836,0.513367
395,0.06297,-0.000503,0.408505,-0.100913,0.343055,-0.933903,-0.59446,-0.773445,-0.219935,-0.797655,0.532544,0.283144,0.01982,0.006583,-0.06022,5.204379,0.521784,-1.741642,0.508846,-0.085327,-0.003984,0.39756,0.096662,0.338572,0.935958,-0.272937,-0.895227,0.352148,0.956974,-0.2899,0.004683,0.000707,-0.011551,0.040979,-0.110463,0.054367,-0.201001,-1.408154,0.037144,0.03268,-0.019079,-0.167725,-0.351674,0.920973,0.276767,0.879839,0.386371,-0.946185,0.319699,-0.050239,0.000285,-0.005598,0.020614,-0.120091,0.077612,-0.201772,-0.976929,0.069253,0.039004,-0.048594,0.059181,-0.361749,-0.930394,0.676801,0.699647,-0.228981,0.733782,-0.616141,0.286238,0.002752,-0.000558,-0.024585,0.081788,-0.067233,-0.011564,0.511081
396,0.063187,-0.000484,0.406432,-0.091331,0.340518,-0.935816,-0.590326,-0.775284,-0.224548,-0.801879,0.531501,0.272988,-0.008042,0.000675,-0.048261,0.079361,-0.151823,-0.085406,0.50105,-0.085468,-0.004066,0.398961,0.095884,0.341017,0.93515,-0.270367,-0.895165,0.354281,0.957782,-0.28721,0.005177,-0.002331,0.003197,0.034495,-0.067887,-0.019584,0.007034,-1.407922,0.037074,0.032636,-0.018374,-0.167183,-0.353915,0.920213,0.273977,0.879911,0.38819,-0.947093,0.317016,-0.050142,-0.002182,0.006925,0.012683,-0.03204,-0.030282,0.05553,-0.981011,0.06937,0.039015,-0.049618,0.050849,-0.355825,-0.933167,0.668972,0.705915,-0.232719,0.741545,-0.61243,0.273932,-0.004079,0.000103,-0.024285,0.069085,-0.200207,-0.107521,0.495078
397,0.063154,-0.000562,0.405479,-0.087868,0.342365,-0.935474,-0.583049,-0.779061,-0.230413,-0.807574,0.524752,0.269234,0.003429,-0.006444,-0.052915,0.382096,-0.35788,0.674544,0.500248,-0.08554,-0.003878,0.399595,0.095575,0.34159,0.934972,-0.269311,-0.895298,0.354748,0.958111,-0.286111,0.005236,-0.003295,0.006955,0.036908,-0.066746,-0.030272,0.033772,-1.408081,0.037038,0.032727,-0.018059,-0.166888,-0.354462,0.920056,0.272899,0.880082,0.388562,-0.947456,0.315929,-0.050142,-0.002529,0.008282,0.013541,-0.031658,-0.031037,0.056765,-0.98444,0.069351,0.03898,-0.050109,0.047887,-0.356901,-0.932913,0.662373,0.710434,-0.237788,0.747641,-0.60655,0.270422,0.001835,-0.003019,-0.026319,1.044479,-1.119612,2.352837,0.492302
398,0.062986,-0.000967,0.403563,-0.081865,0.34516,-0.934991,-0.573835,-0.78331,-0.238978,-0.814779,0.516533,0.263353,-0.011595,-0.015653,-0.043178,0.073327,-0.068625,0.108583,0.500256,-0.085833,-0.003249,0.400598,0.095068,0.343814,0.934208,-0.268013,-0.894895,0.356743,0.958526,-0.284705,0.005882,-0.006286,0.024492,0.015978,0.002273,-0.021331,0.053493,-1.407678,0.03689,0.033046,-0.017542,-0.166391,-0.356675,0.919291,0.271417,0.879707,0.390443,-0.947969,0.314478,-0.049568,-0.008906,0.006557,0.012981,-0.033663,-0.015888,0.027733,-0.990318,0.069272,0.038779,-0.051073,0.040983,-0.359498,-0.932244,0.653401,0.715513,-0.247196,0.7559,-0.599,0.264221,-0.005291,-0.002999,-0.026515,0.094923,-0.005447,-0.066478,0.490506
399,0.062594,-0.001667,0.401924,-0.070158,0.350865,-0.933818,-0.568672,-0.783129,-0.251579,-0.819491,0.512947,0.255631,-0.01222,-0.017144,-0.044507,0.088812,-0.021602,-0.011197,0.498517,-0.086212,-0.002439,0.401296,0.09202,0.345787,0.933785,-0.268606,-0.89431,0.357762,0.958661,-0.284154,0.009397,-0.006061,0.023687,0.015311,0.022373,-0.07437,0.031489,-1.408086,0.0367,0.033453,-0.017191,-0.163106,-0.35872,0.919084,0.272048,0.879092,0.39139,-0.948359,0.313873,-0.045796,-0.003137,0.012205,0.007896,0.017563,-0.070963,0.064237,-0.992768,0.069076,0.038427,-0.051893,0.028623,-0.363968,-0.930971,0.648194,0.715749,-0.259897,0.760936,-0.596011,0.256409,-0.006125,-0.008686,-0.022322,0.162237,-0.174305,0.329671,0.489526
400,0.062239,-0.002587,0.400345,-0.056743,0.354656,-0.933298,-0.564724,-0.782242,-0.262977,-0.823268,0.511688,0.24583,-0.000136,-0.030137,-0.037069,0.039386,-0.066942,0.121593,0.496945,-0.086715,-0.001641,0.401898,0.089134,0.347048,0.933597,-0.269429,-0.893911,0.358142,0.958707,-0.283876,0.012638,-0.003961,0.012665,0.024112,-0.027704,-0.041491,0.052714,-1.407704,0.036454,0.033851,-0.016898,-0.160236,-0.360046,0.91907,0.272864,0.878661,0.391788,-0.948614,0.31356,-0.04255,-0.009112,0.009071,0.006443,-0.006165,0.008846,0.030651,-0.993094,0.068897,0.037978,-0.052675,0.0149,-0.366141,-0.930439,0.64413,0.715245,-0.271144,0.76477,-0.595284,0.246499,-0.006522,-0.013247,-0.017384,0.033956,-0.036023,0.091764,0.487893
401,0.062074,-0.003035,0.39964,-0.051315,0.357444,-0.932548,-0.562691,-0.781749,-0.268736,-0.82502,0.510498,0.242406,-0.012871,-0.025862,-0.034528,0.029161,0.026725,-0.08965,0.496157,-0.087036,-0.001358,0.402197,0.083606,0.346737,0.934224,-0.271282,-0.894107,0.356248,0.958689,-0.283637,0.018121,-0.017816,0.01676,0.011933,0.109372,-0.292603,-0.094518,-1.407545,0.036297,0.033998,-0.016745,-0.156054,-0.360024,0.919798,0.274321,0.878777,0.39051,-0.948891,0.31326,-0.038375,-0.008896,0.008288,0.00592,0.204924,-0.535504,-0.195741,-0.991788,0.068814,0.037741,-0.053042,0.00914,-0.368473,-0.929593,0.642013,0.714884,-0.277054,0.766638,-0.594279,0.243098,-0.006364,-0.012813,-0.017173,0.035739,-0.045505,0.086268,0.486424
402,0.061684,-0.003933,0.398255,-0.045581,0.362993,-0.930701,-0.543911,-0.790428,-0.281702,-0.837859,0.492922,0.234622,-0.012127,-0.023835,-0.033431,0.046054,-0.060249,0.111494,0.493819,-0.087661,-0.000954,0.402812,0.075243,0.34645,0.935042,-0.273685,-0.894444,0.353554,0.95871,-0.282923,0.026326,-0.015534,0.005102,0.02039,0.058328,-0.249525,-0.100042,-1.407611,0.035978,0.034206,-0.016433,-0.14703,-0.359998,0.921293,0.277193,0.879098,0.387748,-0.949497,0.312387,-0.029465,-0.001283,0.003628,0.010279,0.0972,-0.358483,-0.10972,-0.986073,0.068618,0.03729,-0.053737,0.002993,-0.373318,-0.927698,0.624165,0.725502,-0.289938,0.781286,-0.578169,0.235183,-0.005928,-0.011629,-0.016502,0.052213,-0.010788,-0.00761,0.484464
403,0.061215,-0.004891,0.397012,-0.032977,0.370137,-0.928416,-0.523972,-0.797383,-0.299344,-0.851067,0.476128,0.221391,-0.011823,-0.022926,-0.033093,0.063255,-0.082415,0.155542,0.491629,-0.088131,-0.000768,0.403563,0.066759,0.345692,0.935965,-0.275498,-0.895134,0.350384,0.95883,-0.28166,0.034287,-0.014963,0.002988,0.018992,0.03456,-0.134684,-0.267232,-1.40758,0.035737,0.034301,-0.01605,-0.138278,-0.359513,0.922837,0.279327,0.879804,0.384603,-0.950186,0.310956,-0.021236,-0.007453,0.001325,0.009396,0.039069,-0.146059,-0.271915,-0.985093,0.068384,0.03681,-0.054358,-0.010303,-0.378958,-0.925356,0.604999,0.734446,-0.307511,0.796158,-0.563008,0.221703,-0.006229,-0.015944,-0.011366,0.07913,-0.062257,0.143083,0.480872
404,0.060938,-0.005421,0.396482,-0.025241,0.374786,-0.926792,-0.521399,-0.795885,-0.307705,-0.852919,0.474991,0.216654,-0.012584,-0.032027,-0.023003,0.003359,0.024973,-0.060324,0.487497,-0.08831,-0.000774,0.40398,0.066606,0.345677,0.935982,-0.274655,-0.895403,0.350358,0.959082,-0.280821,0.03411,-2.5e-05,-0.005534,0.028305,-0.067963,-0.011644,-0.020797,-1.407582,0.035647,0.034301,-0.015852,-0.137944,-0.359508,0.922889,0.278605,0.880088,0.384478,-0.950447,0.310158,-0.021243,-0.007286,0.000685,0.008981,-0.043056,0.015125,0.009411,-0.987216,0.068246,0.036549,-0.054627,-0.018605,-0.38288,-0.92361,0.602226,0.733104,-0.316038,0.798107,-0.562103,0.216941,-0.012513,-0.00977,-0.015568,0.058569,-0.061814,0.118643,0.478422
405,0.060313,-0.006604,0.395648,-0.009468,0.384529,-0.923088,-0.516584,-0.792232,-0.324777,-0.856182,0.473296,0.20729,-0.012417,-0.03869,-0.011273,-0.028975,-0.026357,0.08796,0.466941,-0.088565,-0.000779,0.404723,0.066272,0.346083,0.935856,-0.273136,-0.895731,0.350709,0.95954,-0.279271,0.033974,-0.013799,-0.001527,0.016105,-0.036033,0.005605,-0.02563,-1.407475,0.035525,0.034297,-0.015475,-0.137838,-0.359941,0.922736,0.27696,0.880457,0.384821,-0.950943,0.308604,-0.021672,-0.000511,0.000594,0.008312,-0.034105,-0.009104,0.003767,-0.989176,0.067927,0.035941,-0.055056,-0.03524,-0.390824,-0.919789,0.596992,0.72987,-0.332999,0.801471,-0.560843,0.207599,-0.006135,-0.019197,-0.00552,-0.033822,-0.020667,0.075971,0.459644
406,0.059509,-0.007652,0.39529,-0.002572,0.389086,-0.921222,-0.514783,-0.790246,-0.332387,-0.857324,0.472887,0.203472,-0.021681,-0.024912,-0.001768,-0.038248,0.055712,-0.098182,0.437683,-0.088584,-0.0007,0.404985,0.071597,0.347534,0.934925,-0.270626,-0.895331,0.353663,0.959861,-0.278752,0.028758,-0.00037,0.001482,0.000924,-0.068609,0.126966,0.266533,-1.4072,0.035508,0.034344,-0.015333,-0.142868,-0.36104,0.921541,0.274341,0.880163,0.387361,-0.95096,0.308158,-0.0267,0.006258,0.001894,0.000588,-0.106491,0.266412,0.144454,-0.989665,0.067521,0.035407,-0.055242,-0.042454,-0.394544,-0.917895,0.595003,0.728049,-0.340462,0.802601,-0.560604,0.203846,-0.010648,-0.01199,-0.000529,-0.037698,0.054994,-0.096705,0.423883
407,0.05896,-0.00801,0.395344,-0.005896,0.390505,-0.920606,-0.515056,-0.790245,-0.331968,-0.85714,0.471716,0.206935,-0.032372,-0.014777,0.005229,-0.034743,0.080026,-0.092452,0.428276,-0.088548,-0.000671,0.404929,0.077152,0.34797,0.934321,-0.268722,-0.895106,0.355678,0.959958,-0.278929,0.023257,0.000634,-0.002542,-0.001586,-0.073071,0.198676,0.05011,-1.407477,0.035526,0.034362,-0.01536,-0.148687,-0.361465,0.920453,0.272155,0.879897,0.389501,-0.950696,0.30842,-0.032455,-0.000543,0.003569,-0.005702,-0.070933,0.27606,0.136417,-0.986726,0.067269,0.035236,-0.055222,-0.039368,-0.396653,-0.917123,0.595273,0.727878,-0.340357,0.802558,-0.559338,0.207461,-0.01589,-0.006657,0.003167,-0.026654,0.060226,-0.104961,0.405758
408,0.057712,-0.008227,0.395709,-0.011699,0.390544,-0.920534,-0.515774,-0.790982,-0.329083,-0.856641,0.470448,0.21183,-0.040514,0.008999,0.005328,-0.002622,0.046303,-0.087755,0.440212,-0.088305,-0.000664,0.404639,0.085524,0.348548,0.933376,-0.2662,-0.894688,0.358615,0.959942,-0.279551,0.015078,0.000242,0.001849,-0.014713,0.025127,0.032783,0.005881,-1.407512,0.035643,0.034362,-0.0155,-0.157572,-0.361768,0.918854,0.269197,0.879502,0.392439,-0.950107,0.30919,-0.041198,9e-05,0.001054,-0.007277,0.046175,-0.018267,-0.015332,-0.987869,0.066637,0.035113,-0.055038,-0.033524,-0.397142,-0.917144,0.596053,0.728657,-0.337311,0.802244,-0.557975,0.21229,-0.01399,-0.001812,0.006729,-0.033105,0.034941,-0.082392,0.398083
409,0.056479,-0.008056,0.396254,-0.012434,0.390987,-0.920337,-0.525613,-0.785492,-0.326658,-0.850628,0.479189,0.216418,-0.038846,0.005895,0.019982,-0.037388,0.062741,-0.104223,0.453923,-0.087925,-0.000833,0.404217,0.088358,0.348611,0.933089,-0.265775,-0.89447,0.359473,0.959799,-0.28017,0.01243,0.015946,-0.00973,-0.00731,0.000854,-0.004467,0.002529,-1.407139,0.035832,0.034278,-0.015716,-0.159844,-0.361703,0.918488,0.268971,0.879288,0.393074,-0.949791,0.309877,-0.043261,0.007275,-0.000662,-0.008969,0.037599,-0.001763,-0.003918,-0.993911,0.066022,0.035205,-0.054767,-0.032916,-0.39757,-0.916981,0.605232,0.722199,-0.334845,0.795367,-0.566008,0.21685,-0.011989,0.006754,0.004555,0.0001,0.013343,-0.035393,0.411473
410,0.055549,-0.007531,0.396758,-0.011088,0.388044,-0.921598,-0.540653,-0.777592,-0.320962,-0.841169,0.494219,0.219565,-0.009031,0.013883,0.009763,0.000433,0.003434,-0.003071,0.471442,-0.087378,-0.00118,0.403684,0.088756,0.343767,0.934847,-0.26616,-0.896166,0.354935,0.959655,-0.280732,0.010767,0.01691,-0.01338,-0.009668,-0.000978,0.008206,-0.030594,-1.407429,0.036106,0.034103,-0.015984,-0.160141,-0.356822,0.920343,0.269727,0.881073,0.38853,-0.949526,0.310461,-0.044851,0.00762,-0.001928,-0.009795,0.034548,-9e-05,0.011141,-0.99538,0.065546,0.035466,-0.054509,-0.03389,-0.394431,-0.918299,0.619438,0.712774,-0.329013,0.784313,-0.57998,0.22017,-0.010969,0.009191,0.006331,0.00212,0.00555,-0.003606,0.434497
411,0.055214,-0.007212,0.396967,-0.009891,0.387477,-0.921851,-0.545252,-0.77482,-0.319884,-0.838211,0.498992,0.220082,-0.008946,0.014042,0.009861,0.000437,0.003434,-0.003072,0.47904,-0.087111,-0.001369,0.403413,0.089228,0.338168,0.936842,-0.266276,-0.898188,0.349699,0.959578,-0.281064,0.00871,0.01677,-0.012733,-0.009292,-0.321298,0.931851,-2.576634,-1.407645,0.036241,0.034004,-0.016122,-0.160365,-0.35401,0.921389,0.270134,0.882092,0.385927,-0.949373,0.310788,-0.045827,0.007719,-0.002273,-0.01003,0.043402,-0.069421,0.188208,-0.995381,0.065377,0.035636,-0.054397,-0.035047,-0.393752,-0.918547,0.62372,0.709522,-0.327948,0.780861,-0.58441,0.220724,-0.004391,0.007243,0.005111,0.0008,0.003418,-0.002955,0.445111
412,0.054874,-0.006589,0.397343,-0.015636,0.383067,-0.923613,-0.552189,-0.773341,-0.311451,-0.833562,0.504659,0.224765,0.005151,0.012471,0.00911,-0.033964,0.097129,-0.21932,0.490523,-0.086627,-0.001691,0.402838,0.089578,0.334894,0.937984,-0.266925,-0.899176,0.346652,0.959365,-0.281823,0.007651,0.001972,-0.004848,-0.019067,0.033957,0.009735,-0.003545,-1.407494,0.03649,0.033834,-0.016416,-0.160891,-0.348028,0.923574,0.271124,0.88418,0.380415,-0.949002,0.311609,-0.047898,0.000996,-0.002424,-0.009542,0.034056,0.009349,-0.002473,-0.995381,0.065206,0.035944,-0.054212,-0.028955,-0.390039,-0.920342,0.630497,0.707336,-0.319604,0.77565,-0.589528,0.225437,-0.003826,0.008567,0.006053,-0.088617,0.100492,-0.200293,0.465359
413,0.055039,-0.005943,0.397735,-0.028829,0.374757,-0.926699,-0.562113,-0.772633,-0.295023,-0.826532,0.511934,0.234082,0.006596,0.015991,0.011611,-0.082422,0.079151,-0.157311,0.505128,-0.086203,-0.00188,0.402288,0.089612,0.33552,0.937757,-0.267723,-0.898706,0.347255,0.959139,-0.282577,0.008098,0.014175,0.000611,-0.01686,0.035995,-0.00544,0.025716,-1.407258,0.036696,0.033742,-0.016683,-0.160924,-0.348661,0.923329,0.271839,0.88368,0.381067,-0.948792,0.31232,-0.047426,0.007166,3.1e-05,-0.008612,0.034811,0.005137,-0.001023,-0.992768,0.06528,0.036257,-0.054017,-0.015407,-0.383398,-0.923454,0.640168,0.705673,-0.303661,0.76808,-0.595844,0.234566,0.003186,0.00772,0.005607,-0.937556,1.10248,-2.271144,0.482668
414,0.055282,-0.005612,0.397901,-0.032406,0.371817,-0.927764,-0.568819,-0.77007,-0.288807,-0.821794,0.517905,0.237605,0.006933,0.016839,0.012187,0.00151,-0.022687,0.052729,0.508306,-0.086086,-0.001935,0.402016,0.089662,0.33586,0.93763,-0.268176,-0.898441,0.34759,0.959008,-0.283016,0.00832,0.002747,-0.010708,-0.006875,-0.001128,0.010633,-0.02676,-1.40757,0.03676,0.033713,-0.016826,-0.160977,-0.349015,0.923186,0.272283,0.88338,0.381445,-0.948655,0.312773,-0.047173,0.006962,0.000843,-0.008098,0.035945,-0.005469,0.025711,-0.993584,0.065402,0.036426,-0.053937,-0.010786,-0.380553,-0.924695,0.646821,0.702567,-0.296682,0.762565,-0.601313,0.238572,0.003413,0.008301,0.006009,-0.005815,-0.030811,0.06448,0.491159
415,0.055949,-0.004941,0.398245,-0.037256,0.367336,-0.929366,-0.581357,-0.76435,-0.278865,-0.812759,0.529443,0.243186,0.020908,0.015341,0.011406,-5.132558,-1.578221,1.425962,0.507699,-0.085933,-0.001937,0.401367,0.08985,0.33668,0.937318,-0.269439,-0.897743,0.348416,0.958636,-0.284256,0.008859,-0.000901,0.009337,-0.026048,0.069024,0.008912,0.019712,-1.407538,0.036837,0.033706,-0.017137,-0.161155,-0.349797,0.92286,0.273398,0.882665,0.382303,-0.948305,0.313918,-0.046612,0.000385,-1e-06,-0.008018,0.033913,0.009749,-0.003494,-0.993748,0.06573,0.036762,-0.053765,-0.003326,-0.376646,-0.92635,0.654562,0.699509,-0.286764,0.756,-0.607309,0.244211,0.010566,0.007952,0.005902,0.007408,-0.050629,0.113291,0.498017
416,0.056778,-0.004372,0.398704,-0.037082,0.366623,-0.929655,-0.587393,-0.760561,-0.276566,-0.808416,0.535357,0.24471,0.020831,0.015362,0.011312,-0.005943,0.040658,-0.100206,0.496973,-0.085925,-0.001782,0.400684,0.093176,0.334465,0.937787,-0.269876,-0.898069,0.347236,0.958191,-0.285838,0.005392,-0.001708,0.012476,-0.024025,0.016033,0.138426,0.105036,-1.407387,0.036842,0.033779,-0.017481,-0.164138,-0.347448,0.923221,0.274042,0.883012,0.381037,-0.947606,0.315545,-0.049721,7.6e-05,0.001212,-0.007239,-0.058861,0.249749,0.097078,-0.994074,0.066154,0.037056,-0.053528,-0.005901,-0.376038,-0.926585,0.66429,0.691127,-0.284712,0.747451,-0.617201,0.245719,0.010465,0.007817,0.005743,0.005087,-0.038136,0.08419,0.491322
417,0.057687,-0.003929,0.399084,-0.033541,0.367537,-0.929428,-0.591978,-0.756524,-0.277857,-0.805224,0.540421,0.244105,0.018915,0.010834,0.008008,0.002396,-0.026009,0.056029,0.48992,-0.086014,-0.001512,0.399998,0.096326,0.335049,0.937259,-0.270556,-0.897299,0.348693,0.957684,-0.287568,0.003023,-0.000303,0.004092,-0.013401,-0.163805,0.513294,0.239303,-1.40764,0.036797,0.03392,-0.017832,-0.164864,-0.347814,0.922954,0.275639,0.882227,0.381703,-0.947017,0.317332,-0.049576,-0.000888,0.006407,-0.0119,0.069994,0.006347,0.018688,-0.991625,0.066612,0.037286,-0.053332,-0.009423,-0.376525,-0.926357,0.668412,0.686651,-0.285894,0.743731,-0.621883,0.245203,0.009584,0.005745,0.004224,-0.005455,0.040785,-0.100379,0.479729
418,0.058104,-0.003787,0.399255,-0.031437,0.367683,-0.929444,-0.596561,-0.752957,-0.277745,-0.801922,0.545278,0.244172,0.031807,0.006855,0.005493,0.004791,-0.05201,0.112062,0.487286,-0.086057,-0.001331,0.399611,0.099312,0.335434,0.93681,-0.270512,-0.896835,0.349921,0.957387,-0.288569,0.00048,-0.000195,0.003672,-0.013674,-0.112725,0.388642,0.156213,-1.407425,0.036775,0.034014,-0.018029,-0.169409,-0.348192,0.921988,0.274875,0.881694,0.383481,-0.946437,0.318396,-0.053658,-0.000107,0.001918,-0.006783,-0.169466,0.533773,0.217511,-0.991788,0.066815,0.037357,-0.053247,-0.011496,-0.376432,-0.926372,0.672594,0.682622,-0.28573,0.739921,-0.626358,0.245339,0.009179,0.00478,0.003527,-0.006838,0.05215,-0.127032,0.47581
419,0.058938,-0.003539,0.399606,-0.034498,0.36613,-0.929949,-0.597584,-0.753341,-0.274486,-0.801031,0.545794,0.245938,0.031499,0.006296,0.005038,0.004101,-0.051173,0.110364,0.487679,-0.086135,-0.001012,0.398871,0.102526,0.335734,0.936356,-0.271368,-0.8961,0.351136,0.956802,-0.290498,-0.001958,-7.9e-05,0.003222,-0.013969,0.009848,0.071976,0.022862,-1.407454,0.036736,0.034175,-0.018399,-0.17404,-0.348453,0.921026,0.275031,0.880881,0.385235,-0.945551,0.320357,-0.057473,-3.5e-05,0.001639,-0.006966,0.020608,0.04452,0.011222,-0.992278,0.067243,0.037481,-0.053071,-0.008307,-0.375231,-0.926893,0.673666,0.682912,-0.282498,0.738989,-0.626763,0.247107,0.015707,0.003056,0.002438,0.006888,-0.053871,0.116097,0.471401
420,0.059636,-0.003267,0.399895,-0.040271,0.366326,-0.929639,-0.598898,-0.753543,-0.271048,-0.799772,0.545384,0.250894,0.017343,0.007252,0.005361,0.002484,-0.025403,0.056282,0.494047,-0.086307,-0.000847,0.398283,0.102913,0.33567,0.936336,-0.2728,-0.895645,0.351189,0.956353,-0.291974,-0.001795,-0.000507,0.004884,-0.012889,0.035125,-0.001062,0.02315,-1.407445,0.036656,0.034252,-0.018684,-0.174104,-0.348373,0.921044,0.27652,0.880399,0.385269,-0.945105,0.321764,-0.05695,-0.000233,0.002403,-0.006466,0.03577,-0.002715,0.022444,-0.992278,0.067593,0.037619,-0.052925,-0.00256,-0.376122,-0.926566,0.674982,0.683002,-0.279117,0.737828,-0.626131,0.252127,0.008626,0.003521,0.002595,0.0055,-0.035511,0.056238,0.474993
421,0.059934,-0.003114,0.399994,-0.04426,0.364337,-0.930239,-0.600309,-0.753942,-0.266784,-0.798498,0.546166,0.253241,0.017167,0.006857,0.005068,-0.023391,0.004277,-0.007061,0.497183,-0.08645,-0.000844,0.39807,0.103079,0.335482,0.936386,-0.273265,-0.895555,0.351058,0.956202,-0.292468,-0.001829,-0.013066,0.000734,-0.014312,0.031896,0.025008,-0.03276,-1.407407,0.036583,0.034259,-0.018793,-0.174257,-0.348195,0.921083,0.277017,0.880282,0.385179,-0.944931,0.322276,-0.056939,0.000671,-0.002584,-0.00168,-0.001118,0.010681,-0.026745,-0.992441,0.067735,0.037692,-0.052878,0.001618,-0.374503,-0.927223,0.676433,0.683314,-0.274808,0.736501,-0.62676,0.254432,0.00209,0.005286,0.003676,-0.090403,0.095277,-0.198953,0.479076
422,0.060383,-0.00282,0.40013,-0.043482,0.363868,-0.930459,-0.60536,-0.75044,-0.265237,-0.794719,0.551274,0.254059,0.015828,0.003546,0.002739,0.000984,-0.014715,0.029553,0.496102,-0.086679,-0.00093,0.397738,0.103341,0.334972,0.93654,-0.273889,-0.895525,0.350647,0.955995,-0.293143,-0.001991,-0.011674,-0.00764,-0.003705,-0.002045,0.015205,-0.029245,-1.4074,0.036468,0.034217,-0.018965,-0.174517,-0.347674,0.92123,0.277691,0.880233,0.384807,-0.944685,0.322973,-0.05707,0.000707,-0.002744,-0.001789,-0.001207,0.010914,-0.026641,-0.992441,0.067961,0.037843,-0.052807,0.00085,-0.37396,-0.927443,0.681091,0.679289,-0.273276,0.732197,-0.631442,0.255278,0.002097,0.008923,-0.002085,0.02682,0.047638,-0.139359,0.481525
423,0.060632,-0.0026,0.400161,-0.048249,0.361415,-0.93118,-0.606561,-0.751233,-0.260201,-0.793521,0.55181,0.256624,0.014842,0.008285,-0.010533,0.035486,-0.033017,0.045249,0.490594,-0.086874,-0.001133,0.397653,0.097954,0.333822,0.937528,-0.275983,-0.895928,0.347967,0.955967,-0.293224,0.003177,0.000385,-0.001513,-0.00099,0.104193,-0.269911,-0.115374,-1.407614,0.036368,0.034108,-0.019012,-0.169757,-0.346718,0.922479,0.279732,0.88061,0.382458,-0.94495,0.322973,-0.052501,0.000156,-0.000601,-0.000388,0.135543,-0.350445,-0.149818,-0.992115,0.068087,0.037955,-0.052784,0.005886,-0.372031,-0.9282,0.68241,0.679981,-0.268216,0.730944,-0.631836,0.25788,0.000417,0.001062,0.00073,0.001309,-0.00147,0.00307,0.479402
424,0.060802,-0.002588,0.400062,-0.047727,0.361596,-0.931137,-0.606389,-0.7512,-0.260695,-0.793685,0.551736,0.256279,0.013368,0.004548,-0.013126,0.035488,-0.03301,0.045254,0.483105,-0.086988,-0.001167,0.397655,0.095267,0.33316,0.938041,-0.277027,-0.896158,0.346542,0.95594,-0.293273,0.005726,-0.013103,-0.002065,-6.1e-05,0.019808,-0.041487,-0.053475,-1.407634,0.036316,0.034091,-0.019012,-0.166002,-0.346119,0.923387,0.281316,0.880847,0.380747,-0.945147,0.322968,-0.048854,-0.000185,0.00073,0.000483,0.007858,-0.020951,-0.008873,-0.991461,0.068174,0.037965,-0.052831,0.005323,-0.372164,-0.928151,0.682227,0.679961,-0.268734,0.73112,-0.631779,0.25752,-0.000471,-0.001198,-0.000836,-0.001212,0.011117,-0.02608,0.473687
425,0.061239,-0.002718,0.399732,-0.04745,0.361501,-0.931188,-0.606005,-0.75144,-0.260897,-0.793995,0.551473,0.255885,0.01138,-0.007734,-0.005106,0.000984,-0.014715,0.029553,0.469738,-0.087157,-0.001225,0.39785,0.084234,0.331588,0.939652,-0.280783,-0.896823,0.341767,0.955894,-0.293021,0.016364,-0.01383,0.000814,0.001819,0.051182,-0.123213,-0.088319,-1.40773,0.036231,0.034062,-0.018913,-0.155037,-0.344922,0.925738,0.285397,0.881476,0.376228,-0.945786,0.322533,-0.038222,0.000257,-0.002458,0.006441,0.013165,-0.132844,-0.048933,-0.98591,0.06839,0.037899,-0.053003,0.005036,-0.372041,-0.928202,0.681849,0.680251,-0.268958,0.731474,-0.63154,0.257101,0.00596,0.000413,-0.007864,0.034116,-0.021665,0.018803,0.455562
