frame,MLTx,MLTy,MLTz,MLTR1,MLTR2,MLTR3,MLTR4,MLTR5,MLTR6,MLTR7,MLTR8,MLTR9,MLTTVx,MLTTVy,MLTTVz,MLTRVx,MLTRVy,MLTRVz,MLGA,MRTx,MRTy,MRTz,MRTR1,MRTR2,MRTR3,MRTR4,MRTR5,MRTR6,MRTR7,MRTR8,MRTR9,MRTTVx,MRTTVy,MRTTVz,MRTRVx,MRTRVy,MRTRVz,MRGA,SLTx,SLTy,SLTz,SLTR1,SLTR2,SLTR3,SLTR4,SLTR5,SLTR6,SLTR7,SLTR8,SLTR9,SLTTVx,SLTTVy,SLTTVz,SLTRVx,SLTRVy,SLTRVz,SLGA,SRTx,SRTy,SRTz,SRTR1,SRTR2,SRTR3,SRTR4,SRTR5,SRTR6,SRTR7,SRTR8,SRTR9,SRTTVx,SRTTVy,SRTTVz,SRTRVx,SRTRVy,SRTRVz,SRGA
218,0.06943,-0.010541,0.381321,-0.41478,0.578186,-0.70264,-0.722148,-0.67892,-0.132446,-0.553107,0.451751,0.700015,-0.000775,-0.002114,-0.001661,-0.001132,0.011975,-0.026189,0.013517,-0.096338,0.030419,0.338806,0.560439,0.828085,0.013223,-0.607314,0.400203,0.686252,0.562266,-0.393676,0.727145,-4e-05,-0.002544,0.014716,-0.04569,0.093241,-0.166194,-1.406612,0.045919,0.037063,-0.010891,-0.440464,-0.896688,0.044053,0.737283,-0.333291,0.587647,-0.512254,0.291317,0.807916,-3.5e-05,-0.001244,0.007382,-0.051374,-0.008033,0.001102,-0.809066,0.0715,0.017647,-0.049147,-0.296298,0.644339,-0.705006,-0.827376,-0.541918,-0.147557,-0.477133,0.539584,0.69368,-0.000389,-0.001056,-0.00083,-0.001151,0.011967,-0.02616,-0.185517
219,0.069484,-0.010573,0.38122,-0.414702,0.578185,-0.702688,-0.722083,-0.67896,-0.132589,-0.553249,0.451692,0.69994,-0.000693,-0.001893,-0.001488,0.0,0.0,0.0,0.016564,-0.09635,0.030424,0.339335,0.558904,0.829127,0.012885,-0.608705,0.39981,0.685248,0.562291,-0.391876,0.728097,-0.000162,-0.002043,0.015092,-0.033603,-0.010347,0.003196,-1.407084,0.045912,0.037066,-0.010619,-0.438806,-0.897521,0.04364,0.738436,-0.332504,0.586646,-0.512016,0.289649,0.808666,-9.7e-05,-0.000986,0.007576,-0.039649,-0.008406,0.00404,-0.809392,0.071527,0.01763,-0.049198,-0.29622,0.644325,-0.705052,-0.827317,-0.541968,-0.147699,-0.477282,0.539551,0.693603,0.006359,-0.002744,-0.001908,-0.000175,-0.00274,0.003386,-0.183558
220,0.069496,-0.010582,0.381174,-0.414686,0.578174,-0.702706,-0.722042,-0.678994,-0.132643,-0.553315,0.451655,0.699912,0.00043,0.008572,-0.010641,0.034606,-0.017903,0.015927,0.017021,-0.096375,0.030436,0.339621,0.55743,0.830123,0.012653,-0.610392,0.399595,0.683871,0.561928,-0.389979,0.729395,-0.000414,-0.001008,0.015893,-0.014911,-0.020361,-0.004826,-1.406991,0.045902,0.037068,-0.010486,-0.437275,-0.898291,0.043168,0.740018,-0.332124,0.584864,-0.511041,0.287692,0.809981,-0.000268,-0.000291,0.008115,-0.035971,-0.03369,0.015127,-0.809556,0.071532,0.017621,-0.049218,-0.296222,0.644312,-0.705063,-0.82729,-0.542002,-0.147727,-0.477328,0.539532,0.693586,-0.000371,-0.001014,-0.000798,-2.7e-05,6e-06,2.7e-05,-0.182251
221,0.06951,-0.01065,0.381084,-0.414779,0.578109,-0.702704,-0.721957,-0.67909,-0.132614,-0.553356,0.451594,0.699919,-0.000844,-0.002304,-0.001813,0.0,0.0,0.0,0.019782,-0.096383,0.030468,0.340143,0.555788,0.83122,0.012809,-0.612024,0.398841,0.682852,0.561781,-0.388408,0.730346,-0.000193,-0.001909,0.015167,0.079224,-0.070936,-0.04519,-1.407026,0.045896,0.037091,-0.010219,-0.435778,-0.89902,0.043108,0.741138,-0.331248,0.58394,-0.510695,0.286418,0.81065,-0.001129,0.004594,0.003586,0.131762,0.01483,-0.201902,-0.811025,0.07154,0.017592,-0.049267,-0.296309,0.644264,-0.70507,-0.827215,-0.542118,-0.147724,-0.477405,0.539473,0.693579,-0.000528,-0.001442,-0.001135,-2.4e-05,-4e-06,2.2e-05,-0.179965
222,0.069514,-0.010744,0.380972,-0.414949,0.578007,-0.702688,-0.721841,-0.67923,-0.132528,-0.55338,0.451514,0.699952,-0.0011,-0.003002,-0.002365,-0.001128,0.011985,-0.026184,0.022445,-0.096365,0.030427,0.34067,0.554055,0.832369,0.013251,-0.613719,0.397795,0.68194,0.561646,-0.387014,0.731188,0.000448,-0.004538,0.013105,0.045587,-0.039009,-0.056089,-1.406864,0.045904,0.037075,-0.009952,-0.433776,-0.899982,0.043232,0.742658,-0.329955,0.582741,-0.510192,0.284886,0.811506,9.5e-05,-0.001776,0.006935,0.053075,-0.061103,-0.039474,-0.810372,0.071542,0.017545,-0.049322,-0.296473,0.644199,-0.70506,-0.827133,-0.542264,-0.147651,-0.477445,0.539404,0.693605,-0.000355,-0.000979,-0.000772,-2.1e-05,1.3e-05,1.6e-05,-0.176863
223,0.069508,-0.010778,0.38092,-0.415029,0.577957,-0.702682,-0.721777,-0.679304,-0.132497,-0.553403,0.451468,0.699963,-0.001029,-0.002808,-0.002213,-0.001128,0.011987,-0.026184,0.022958,-0.096288,0.030349,0.340913,0.552583,0.833352,0.012964,-0.615334,0.397568,0.680616,0.561332,-0.385124,0.732428,0.01365,-0.003309,0.012457,0.026149,-0.042679,-0.017617,-1.40667,0.045937,0.037037,-0.00983,-0.43213,-0.900799,0.04271,0.74418,-0.329445,0.581086,-0.509371,0.282889,0.81272,0.000329,-0.00273,0.006194,0.00514,-0.042877,-0.029379,-0.810046,0.071538,0.017527,-0.049349,-0.296581,0.644157,-0.705053,-0.827078,-0.54236,-0.147604,-0.477473,0.539357,0.693622,-0.000497,-0.001359,-0.001072,-0.001148,0.011983,-0.026167,-0.175067
224,0.069482,-0.010798,0.380851,-0.41514,0.577881,-0.702679,-0.721669,-0.679424,-0.132472,-0.553461,0.451386,0.699971,-0.000154,-0.00042,-0.000332,0.0,0.0,0.0,0.024443,-0.096047,0.030072,0.341397,0.54832,0.836181,0.011714,-0.620218,0.397367,0.676287,0.560142,-0.379141,0.736448,0.014048,-0.004927,0.011202,0.103025,-0.084186,-0.050371,-1.406727,0.046058,0.036897,-0.009589,-0.427871,-0.902915,0.040862,0.748249,-0.328494,0.57638,-0.506999,0.277191,0.816159,0.000559,-0.003674,0.005456,0.126136,-0.098171,-0.067254,-0.808576,0.071524,0.017513,-0.049387,-0.296704,0.644101,-0.705052,-0.826992,-0.542497,-0.147578,-0.477544,0.539286,0.693628,-6.1e-05,-0.000167,-0.000132,-2.1e-05,-1.2e-05,1.6e-05,-0.172617
225,0.069476,-0.010767,0.380836,-0.412973,0.578563,-0.703394,-0.721314,-0.679247,-0.135282,-0.555541,0.450777,0.698714,7.2e-05,0.000196,0.000154,0.0,-0.0,0.0,0.02472,-0.095802,0.029837,0.341812,0.546835,0.837162,0.011071,-0.621352,0.397072,0.675418,0.560339,-0.377276,0.737256,0.001224,-0.007707,0.010647,-0.032864,0.003153,-0.022503,-1.406521,0.046185,0.036779,-0.009382,-0.426021,-0.903829,0.039964,0.749363,-0.327775,0.57534,-0.506911,0.275055,0.816936,0.006942,-0.002151,0.00584,-0.051348,-0.007067,0.006972,-0.80874,0.071522,0.01753,-0.049393,-0.294434,0.644398,-0.705732,-0.826566,-0.542375,-0.150391,-0.479684,0.539054,0.692331,6e-05,0.00016,0.000126,-0.000751,0.000482,-0.000636,-0.171637
226,0.069474,-0.010737,0.380846,-0.412922,0.578583,-0.703408,-0.721319,-0.679231,-0.135336,-0.555574,0.450775,0.698689,0.000218,0.000596,0.00047,0.0,0.0,0.0,0.027265,-0.09556,0.029879,0.342087,0.546802,0.837185,0.01096,-0.621006,0.396896,0.675839,0.560753,-0.377412,0.736871,0.00102,-0.006873,0.011291,-0.036052,0.004845,-0.021161,-1.406385,0.046307,0.036798,-0.009246,-0.426077,-0.903806,0.039885,0.748937,-0.32765,0.575967,-0.507495,0.275278,0.816498,0.005805,0.003832,0.002162,0.003911,-0.029173,0.055148,-0.808413,0.071521,0.017545,-0.049388,-0.294386,0.644408,-0.705743,-0.826568,-0.542358,-0.150436,-0.479708,0.539059,0.69231,0.000145,0.000393,0.000309,-1.7e-05,1.1e-05,1e-06,-0.169515
227,0.069461,-0.010741,0.380843,-0.412963,0.578563,-0.7034,-0.721302,-0.679255,-0.135306,-0.555564,0.450765,0.698704,-3.9e-05,-0.000107,-8.5e-05,0.0,0.0,0.0,0.028286,-0.09543,0.029957,0.342192,0.551745,0.833935,0.010981,-0.618579,0.400499,0.67594,0.558586,-0.38079,0.736779,0.011793,0.006944,0.003774,0.002045,-0.015205,0.029245,-1.406337,0.046367,0.036832,-0.009191,-0.431387,-0.901248,0.0407,0.747022,-0.331544,0.576226,-0.505829,0.27898,0.816276,0.000418,-0.00308,0.005919,-0.033503,-0.009985,0.004678,-0.807433,0.071515,0.017544,-0.049388,-0.29443,0.644396,-0.705735,-0.826557,-0.542384,-0.150405,-0.479701,0.539047,0.692325,-2.7e-05,-7.4e-05,-5.8e-05,-1.5e-05,-4e-06,-3e-06,-0.168208
228,0.06946,-0.01074,0.38083,-0.413098,0.578492,-0.703379,-0.721233,-0.679346,-0.135218,-0.555554,0.450718,0.698741,-1e-06,-2e-06,-2e-06,0.0,0.0,0.0,0.031779,-0.09519,0.030156,0.34241,0.551626,0.834007,0.01151,-0.618688,0.400017,0.676126,0.558584,-0.381141,0.736599,-0.001459,0.005895,0.00455,-0.013107,0.089017,-0.144301,-1.406966,0.046493,0.036929,-0.009084,-0.431289,-0.901278,0.041062,0.747024,-0.331212,0.576413,-0.505908,0.279275,0.816125,0.006751,-0.001391,0.00642,-0.033968,-0.009891,0.008786,-0.807923,0.071514,0.017544,-0.049395,-0.294577,0.644349,-0.705717,-0.826505,-0.542487,-0.150318,-0.4797,0.538999,0.692362,3e-06,5e-06,3e-06,-1e-05,-5e-06,9e-06,-0.164779
229,0.06946,-0.01074,0.38083,-0.413098,0.578492,-0.703379,-0.721233,-0.679346,-0.135218,-0.555554,0.450718,0.698741,-0.0,-0.0,-0.0,0.0,0.0,0.0,0.03249,-0.094876,0.030271,0.342742,0.550107,0.835008,0.0116,-0.620468,0.39953,0.674782,0.55811,-0.379452,0.73783,0.000644,-0.005353,0.01245,-0.032804,-0.010851,0.002826,-1.406492,0.046649,0.036993,-0.008919,-0.429586,-0.902093,0.041024,0.748652,-0.330376,0.574779,-0.504951,0.27763,0.817279,0.005763,0.00395,0.002244,-0.023678,0.090863,-0.140108,-0.80825,0.071514,0.017544,-0.049395,-0.294577,0.644349,-0.705717,-0.826505,-0.542487,-0.150318,-0.4797,0.538999,0.692362,1e-06,2e-06,2e-06,-8e-06,-4e-06,1.1e-05,-0.161677
230,0.06946,-0.01074,0.38083,-0.413098,0.578492,-0.703379,-0.721233,-0.679346,-0.135218,-0.555554,0.450718,0.698741,-0.0,-0.0,-0.0,0.0,0.0,0.0,0.033334,-0.094676,0.030234,0.342951,0.548601,0.835999,0.011564,-0.622229,0.399144,0.673387,0.557634,-0.377669,0.739103,0.013797,-0.003967,0.011927,0.047654,-0.054704,-0.026694,-1.406721,0.046743,0.036977,-0.008813,-0.428172,-0.902777,0.040752,0.750106,-0.329889,0.573161,-0.503993,0.27598,0.818428,0.006818,-0.001678,0.006193,0.040301,0.026978,-0.179168,-0.807596,0.071514,0.017545,-0.049395,-0.294577,0.644349,-0.705717,-0.826505,-0.542487,-0.150318,-0.4797,0.538999,0.692362,-0.0,1e-06,1e-06,-1e-05,1e-06,1e-05,-0.16086
231,0.069452,-0.010731,0.380837,-0.413101,0.578492,-0.703378,-0.721232,-0.679348,-0.135217,-0.555554,0.450717,0.698743,0.0,1e-06,1e-06,0.0,0.0,0.0,0.033759,-0.094324,0.029967,0.343392,0.545538,0.838005,0.01135,-0.625537,0.398273,0.670832,0.556942,-0.37412,0.741426,0.001638,-0.009329,0.009395,0.049321,-0.041664,-0.057488,-1.406565,0.046923,0.036847,-0.00859,-0.424877,-0.904366,0.040017,0.753014,-0.328544,0.570112,-0.502442,0.272361,0.820591,0.007204,-0.003225,0.005003,0.038146,-0.060408,-0.037739,-0.808086,0.07151,0.017549,-0.049391,-0.294579,0.644349,-0.705716,-0.826505,-0.542488,-0.150316,-0.479699,0.538998,0.692364,-2e-06,-5e-06,-3e-06,-2e-06,-1.1e-05,1.1e-05,-0.160044
232,0.069453,-0.01074,0.380857,-0.413114,0.578497,-0.703366,-0.721258,-0.679327,-0.135178,-0.555509,0.450741,0.698762,6e-06,1.7e-05,1.3e-05,0.0,0.0,0.0,0.033737,-0.094068,0.029642,0.343751,0.542581,0.839931,0.010669,-0.628697,0.397777,0.668168,0.556277,-0.370302,0.743838,0.001882,-0.010296,0.008658,-0.01647,-0.005978,-0.029554,-1.406722,0.047052,0.036684,-0.008411,-0.421574,-0.905959,0.038881,0.755824,-0.327374,0.567058,-0.501004,0.268444,0.822758,0.00094,-0.005167,0.00431,-0.053993,0.000945,-0.032874,-0.80776,0.071511,0.017545,-0.049381,-0.294591,0.644356,-0.705704,-0.826528,-0.542463,-0.150278,-0.479652,0.539014,0.692384,-0.0,2e-06,0.0,-1.4e-05,-5e-06,1e-06,-0.159227
233,0.069465,-0.010706,0.380883,-0.413018,0.578543,-0.703384,-0.721296,-0.679272,-0.13525,-0.555531,0.450765,0.69873,0.000422,0.001151,0.000907,0.0,0.0,0.0,0.033954,-0.094038,0.029423,0.343932,0.540909,0.840963,0.013803,-0.631752,0.39554,0.666612,0.554445,-0.370357,0.745178,-1e-06,3e-06,2e-06,0.005227,-0.002361,-0.002583,-1.406566,0.047068,0.036569,-0.008318,-0.419368,-0.906851,0.04185,0.75827,-0.324565,0.565404,-0.499155,0.268846,0.823751,9e-06,-5.7e-05,-4.7e-05,-0.01752,-0.001857,-4.5e-05,-0.807596,0.071516,0.01756,-0.04937,-0.294489,0.644385,-0.705721,-0.826555,-0.542402,-0.15035,-0.479668,0.539041,0.692352,0.000273,0.000746,0.000589,-2e-06,-3e-06,1.3e-05,-0.159064
234,0.06947,-0.010693,0.380893,-0.41298,0.578562,-0.703391,-0.721312,-0.679251,-0.135279,-0.55554,0.450774,0.698717,0.000253,0.00069,0.000544,0.0,0.0,0.0,0.03378,-0.09407,0.029384,0.343932,0.539463,0.841893,0.013657,-0.63371,0.395416,0.664825,0.553622,-0.368365,0.746775,0.000151,-0.000602,-0.000463,0.026224,-0.014295,-0.01111,-1.406506,0.047052,0.03655,-0.008318,-0.417884,-0.907556,0.041407,0.75997,-0.324227,0.563312,-0.497812,0.266867,0.825205,0.000103,-0.000424,-0.000327,-0.002464,-0.010301,-0.01398,-0.80776,0.071519,0.017568,-0.049364,-0.294447,0.644397,-0.705727,-0.826566,-0.542377,-0.150379,-0.479675,0.539052,0.692339,0.000154,0.000425,0.000334,-9e-06,8e-06,-3e-06,-0.159064
235,0.069484,-0.010661,0.380932,-0.412881,0.578615,-0.703405,-0.721367,-0.67918,-0.135339,-0.555542,0.450811,0.698692,0.000214,0.000584,0.00046,0.0,0.0,0.0,0.033843,-0.094209,0.029253,0.343851,0.537829,0.84293,0.01417,-0.635988,0.394781,0.663024,0.552601,-0.366668,0.748365,-0.01196,-0.006232,-0.003202,0.028705,-0.001591,-0.042293,-1.406401,0.046986,0.03649,-0.008355,-0.416144,-0.908345,0.041625,0.761847,-0.323306,0.561303,-0.4964,0.265295,0.826562,0.000431,-0.001719,-0.00132,0.013797,-0.017112,-0.01963,-0.808903,0.071526,0.017585,-0.049344,-0.29434,0.644433,-0.70574,-0.826608,-0.542297,-0.150439,-0.479669,0.53909,0.692313,0.000123,0.000335,0.000264,7e-06,1e-06,-2e-06,-0.159064
236,0.069495,-0.010651,0.380992,-0.41283,0.578663,-0.703396,-0.721451,-0.679095,-0.135319,-0.55547,0.450878,0.698705,0.000205,0.00056,0.000441,0.0,0.0,0.0,0.033114,-0.094266,0.028974,0.343776,0.536162,0.843983,0.014636,-0.638118,0.394046,0.661412,0.551768,-0.365028,0.74978,0.000905,-0.003621,-0.002789,0.005149,-0.002819,-0.002187,-1.406583,0.046958,0.036347,-0.008395,-0.414237,-0.909206,0.04185,0.763631,-0.322157,0.559536,-0.495251,0.263739,0.827748,0.000433,-0.001736,-0.001335,-0.016977,0.001926,-0.003444,-0.812495,0.071532,0.01759,-0.049313,-0.294281,0.644471,-0.705729,-0.826676,-0.542198,-0.15042,-0.479587,0.539144,0.692328,9.4e-05,0.000258,0.000203,1.2e-05,-0.0,-4e-06,-0.158901
237,0.069511,-0.010656,0.381027,-0.412932,0.57863,-0.703363,-0.721458,-0.679111,-0.135199,-0.555386,0.450896,0.698761,0.000239,0.000652,0.000514,0.0,0.0,0.0,0.033502,-0.094235,0.028833,0.343766,0.534678,0.844926,0.014507,-0.64,0.393807,0.659735,0.551031,-0.363095,0.751259,0.00295,-0.01459,0.005356,0.450862,-0.262066,-0.228085,-1.4067,0.04697,0.036272,-0.008403,-0.413906,-0.909348,0.042028,0.763769,-0.321781,0.559565,-0.495315,0.263707,0.827719,0.001483,-0.007327,0.002653,0.447189,-0.260382,-0.226846,-0.812821,0.07154,0.017587,-0.049296,-0.294387,0.644457,-0.705698,-0.826688,-0.542213,-0.150301,-0.479502,0.539146,0.692386,0.000136,0.000378,0.000298,-0.007774,0.08272,-0.180718,-0.159227
238,0.069528,-0.010625,0.381091,-0.412827,0.578698,-0.703369,-0.721547,-0.679008,-0.135235,-0.555348,0.450962,0.698748,0.000717,0.001956,0.001539,0.001129,-0.011984,0.026185,0.033489,-0.094193,0.028509,0.343732,0.532931,0.846018,0.015152,-0.64211,0.39283,0.658265,0.550271,-0.361606,0.752533,0.00123,-0.004922,-0.003801,0.020094,0.002706,-0.034015,-1.406638,0.04699,0.036113,-0.008417,-0.410749,-0.910786,0.041873,0.767036,-0.320363,0.555897,-0.492889,0.260452,0.830195,0.00156,-0.007639,0.002412,-0.043573,-0.002171,-0.034118,-0.812332,0.071547,0.017601,-0.049266,-0.294271,0.644506,-0.705702,-0.826759,-0.542096,-0.150337,-0.479452,0.539206,0.692374,0.000348,0.000952,0.000749,0.001149,-0.011978,0.026175,-0.159391
239,0.069538,-0.010591,0.381104,-0.412866,0.578673,-0.703366,-0.721516,-0.679045,-0.13522,-0.555359,0.450939,0.698754,4.9e-05,0.000135,0.000106,0.0,0.0,0.0,0.033967,-0.094251,0.028179,0.343692,0.532554,0.846236,0.016175,-0.642372,0.391805,0.658621,0.550331,-0.362209,0.752199,0.000984,-0.003945,-0.003051,5e-06,-3e-06,-2e-06,-1.406538,0.046961,0.035945,-0.008439,-0.410222,-0.910974,0.04292,0.767062,-0.319196,0.556533,-0.493287,0.261225,0.829716,-0.004832,-0.009181,0.002021,-0.041222,0.035853,-0.073904,-0.812658,0.071554,0.017621,-0.049256,-0.294314,0.644488,-0.7057,-0.826734,-0.542138,-0.150321,-0.479467,0.539185,0.69238,1.7e-05,4.7e-05,3.5e-05,1.5e-05,1e-05,-1.6e-05,-0.159064
240,0.069554,-0.010609,0.381091,-0.41286,0.578675,-0.703368,-0.721518,-0.679042,-0.135223,-0.555361,0.450942,0.698751,-7.4e-05,-0.000203,-0.00016,0.0,0.0,0.0,0.034477,-0.094448,0.028024,0.343638,0.530878,0.847279,0.01666,-0.644595,0.391102,0.656864,0.549353,-0.360523,0.753723,-0.012802,-0.003019,-0.00073,0.000232,0.013948,-0.030216,-1.406425,0.046864,0.035862,-0.008471,-0.408373,-0.911795,0.043121,0.768991,-0.318193,0.554442,-0.491817,0.259579,0.831104,-0.006443,-0.001342,-0.000233,-0.014882,0.017858,-0.030266,-0.812332,0.071561,0.017611,-0.049264,-0.294308,0.644489,-0.705702,-0.826735,-0.542135,-0.150325,-0.479469,0.539188,0.692377,-4.4e-05,-0.000119,-9.3e-05,1.6e-05,-6e-06,-1.5e-05,-0.158737
241,0.069582,-0.010623,0.381081,-0.412813,0.578696,-0.703379,-0.721536,-0.679016,-0.135257,-0.555372,0.450954,0.698734,-1.3e-05,-3.5e-05,-2.7e-05,0.0,0.0,0.0,0.034787,-0.094571,0.028025,0.343665,0.530804,0.847322,0.016847,-0.644674,0.39093,0.656889,0.549332,-0.360609,0.753697,-0.00062,0.002495,0.001931,0.00222,-0.014955,0.024532,-1.406537,0.046804,0.035859,-0.00846,-0.408285,-0.911824,0.04334,0.768994,-0.317971,0.554564,-0.491884,0.259748,0.831011,-0.006638,-0.000551,0.000381,-0.004424,0.016386,-0.028399,-0.812332,0.071575,0.017603,-0.04927,-0.294258,0.644501,-0.705712,-0.826749,-0.542105,-0.150359,-0.479477,0.539202,0.692359,-5e-06,-1.3e-05,-1.2e-05,1.4e-05,1.5e-05,-1.2e-05,-0.158248
242,0.069624,-0.010618,0.38106,-0.412692,0.57874,-0.703413,-0.721552,-0.678975,-0.135374,-0.555441,0.450958,0.698676,-0.0,-0.0,-0.0,0.0,0.0,0.0,0.036087,-0.094756,0.028063,0.34379,0.529279,0.848278,0.016753,-0.646603,0.390641,0.655163,0.54854,-0.358666,0.755199,-0.001135,0.004581,0.003539,0.002508,-0.015112,0.02441,-1.406524,0.046711,0.035882,-0.008401,-0.406672,-0.912561,0.042996,0.770663,-0.317403,0.552569,-0.490606,0.25785,0.832356,-0.007012,0.00096,0.001547,-0.00696,0.002328,-0.00441,-0.812822,0.071596,0.017606,-0.04928,-0.294131,0.644524,-0.705744,-0.826755,-0.542062,-0.150477,-0.479543,0.539218,0.692301,1e-06,4e-06,1e-06,1.4e-05,-5e-06,-2.1e-05,-0.157431
243,0.069623,-0.01061,0.381041,-0.409245,0.581169,-0.703425,-0.725534,-0.674712,-0.135413,-0.552805,0.454215,0.698657,-5e-05,-0.000137,-0.000107,-0.0,-0.0,0.0,0.036896,-0.094779,0.028075,0.344038,0.529136,0.848363,0.016938,-0.646454,0.39025,0.655542,0.548852,-0.35889,0.754866,0.001004,-0.006808,0.011368,-0.036013,0.004671,-0.021268,-1.406456,0.046698,0.035892,-0.008268,-0.406538,-0.912613,0.043164,0.770455,-0.317053,0.553059,-0.491044,0.258096,0.832022,0.000478,-0.003323,0.005747,-0.036115,0.005215,-0.020526,-0.813311,0.071596,0.01761,-0.04929,-0.290297,0.646321,-0.705688,-0.82994,-0.537151,-0.150551,-0.476366,0.541975,0.692342,-3e-05,-8.2e-05,-6.3e-05,0.000117,-4.4e-05,-0.000214,-0.156288
244,0.069617,-0.01063,0.381037,-0.409299,0.581148,-0.70341,-0.725528,-0.674729,-0.135358,-0.552772,0.454216,0.698683,-0.000127,-0.000347,-0.000273,-0.0,-0.0,0.0,0.036504,-0.094739,0.028039,0.344217,0.529065,0.848407,0.016923,-0.64624,0.390047,0.655875,0.549172,-0.359007,0.754578,-0.001263,0.005099,0.00393,0.002179,-0.01491,0.024562,-1.406237,0.046719,0.035871,-0.00818,-0.406471,-0.912643,0.043159,0.770261,-0.316885,0.553426,-0.491404,0.258195,0.831779,0.000455,-0.003233,0.005813,-0.036004,0.005083,-0.02065,-0.813638,0.071593,0.0176,-0.049291,-0.290357,0.646309,-0.705674,-0.829937,-0.537173,-0.150496,-0.476336,0.541968,0.692368,-7.8e-05,-0.000211,-0.000165,0.00013,9e-06,-0.000138,-0.155635
245,0.06961,-0.01065,0.381022,-0.409357,0.581121,-0.703399,-0.725505,-0.674762,-0.135315,-0.552759,0.454202,0.698702,-1.1e-05,-2.9e-05,-2.3e-05,0.0,0.0,0.0,0.036793,-0.09462,0.027824,0.344652,0.525974,0.850337,0.016444,-0.649486,0.389243,0.65314,0.548317,-0.355287,0.756956,0.00093,-0.006512,0.011596,-0.022077,-0.016771,-0.001712,-1.40676,0.046777,0.035773,-0.007969,-0.403214,-0.914135,0.042122,0.773172,-0.315692,0.550038,-0.489512,0.254351,0.834075,0.000494,-0.003398,0.005685,-0.051708,-0.011545,-0.005758,-0.814291,0.071589,0.017589,-0.0493,-0.290423,0.646289,-0.705665,-0.829917,-0.537215,-0.150452,-0.47633,0.541949,0.692387,3e-06,8e-06,7e-06,9.1e-05,3e-05,-7.6e-05,-0.155145
246,0.069601,-0.010641,0.381016,-0.409363,0.581113,-0.703402,-0.725487,-0.674779,-0.135325,-0.552779,0.454186,0.698697,-0.0,-0.0,-0.0,0.0,0.0,0.0,0.037191,-0.094524,0.027575,0.345087,0.522946,0.852217,0.015657,-0.652575,0.388624,0.650424,0.54755,-0.351429,0.759309,0.001005,-0.006811,0.011367,-0.021778,-0.003299,-0.027347,-1.406224,0.046825,0.035646,-0.007746,-0.400035,-0.915588,0.04087,0.775802,-0.314544,0.546985,-0.487957,0.25052,0.836144,0.000404,-0.003045,0.005957,-0.055389,-0.010523,-0.005919,-0.815434,0.071584,0.017594,-0.049302,-0.290434,0.646281,-0.705668,-0.8299,-0.537239,-0.150462,-0.476353,0.541935,0.692382,-0.0,8e-06,1.1e-05,5.2e-05,8e-06,-5.8e-05,-0.154982
247,0.069601,-0.010641,0.381016,-0.409363,0.581113,-0.703402,-0.725487,-0.674779,-0.135325,-0.552779,0.454186,0.698697,-0.0,-0.0,-0.0,0.0,0.0,0.0,0.037351,-0.09447,0.027462,0.345345,0.520054,0.854001,0.014742,-0.655882,0.388368,0.647243,0.546357,-0.347347,0.762042,0.000559,-0.005015,0.012747,0.207854,-0.144517,-0.099127,-1.406074,0.046853,0.035584,-0.007615,-0.397568,-0.916715,0.039645,0.778233,-0.31399,0.543841,-0.486099,0.247067,0.83825,0.00026,-0.002462,0.006407,0.237533,-0.153635,-0.100375,-0.815434,0.071584,0.017594,-0.049302,-0.290434,0.646281,-0.705668,-0.8299,-0.537239,-0.150462,-0.476354,0.541934,0.692382,-2e-06,5e-06,9e-06,4.9e-05,2e-06,-5.6e-05,-0.154492
248,0.069603,-0.010663,0.380999,-0.409399,0.581095,-0.703396,-0.725473,-0.6748,-0.135298,-0.552771,0.454178,0.698709,0.013234,-0.004094,-0.00272,0.000984,-0.014715,0.029553,0.037782,-0.094379,0.027198,0.345968,0.516984,0.855879,0.013779,-0.658696,0.387631,0.644822,0.545888,-0.343519,0.76411,0.002475,-0.015496,0.021302,-0.063965,0.004633,-0.046073,-1.406278,0.046897,0.035461,-0.007315,-0.393837,-0.918389,0.038104,0.781037,-0.312503,0.540667,-0.484636,0.242696,0.840372,9.7e-05,-0.001805,0.00691,-0.063349,-0.006049,-0.002908,-0.815597,0.071581,0.017586,-0.049309,-0.290496,0.646264,-0.705658,-0.829884,-0.537276,-0.150419,-0.476344,0.541918,0.692401,-0.000193,-0.00052,-0.000407,5e-05,1.3e-05,-5e-05,-0.154165
249,0.069594,-0.010682,0.380971,-0.40946,0.581061,-0.703389,-0.725434,-0.674849,-0.135267,-0.552778,0.45415,0.698721,-0.000199,-0.000545,-0.000429,0.0,0.0,0.0,0.038979,-0.094371,0.026948,0.346588,0.512504,0.85859,0.01239,-0.663368,0.386865,0.640479,0.544461,-0.33755,0.767779,0.000219,-0.003646,0.013784,0.379241,-0.226756,-0.19619,-1.406226,0.046902,0.035329,-0.006992,-0.390251,-0.919984,0.036507,0.783807,-0.311159,0.537425,-0.483063,0.238345,0.84252,7.7e-05,-0.00173,0.006963,0.56948,-0.27403,-0.185652,-0.815597,0.071581,0.017574,-0.049324,-0.290539,0.646246,-0.705657,-0.829859,-0.537318,-0.150404,-0.47636,0.541898,0.692406,-0.000122,-0.000331,-0.00026,3.5e-05,7e-06,-5.2e-05,-0.153349
250,0.069584,-0.01068,0.380972,-0.406034,0.583465,-0.703385,-0.729408,-0.670554,-0.135251,-0.550074,0.457409,0.698729,-0.013528,0.003294,0.002091,-0.000991,0.014713,-0.029546,0.040039,-0.094298,0.026708,0.347268,0.509394,0.860453,0.01144,-0.666145,0.386011,0.638107,0.543994,-0.333754,0.769768,0.012991,-0.000574,0.014546,0.051216,-0.071742,-0.002289,-1.406223,0.046933,0.03521,-0.006657,-0.386203,-0.92176,0.034711,0.787193,-0.309739,0.533279,-0.480804,0.233279,0.845226,0.001099,-0.007238,0.011041,0.000446,-0.039612,-0.085803,-0.815598,0.071581,0.017573,-0.049325,-0.286707,0.64803,-0.705588,-0.83304,-0.532363,-0.15044,-0.473119,0.544651,0.692468,3e-06,1.4e-05,1.4e-05,4e-05,-0.000132,-0.00023,-0.152043
251,0.069583,-0.010679,0.38096,-0.406037,0.583458,-0.703389,-0.729391,-0.67057,-0.135263,-0.550094,0.457395,0.698723,-5.9e-05,-0.000161,-0.000127,-0.0,-0.0,0.0,0.040109,-0.094241,0.026564,0.347613,0.506407,0.862225,0.01058,-0.669349,0.385466,0.635076,0.542854,-0.329776,0.772283,0.00035,-0.004174,0.013372,0.12912,-0.087722,-0.090567,-1.406478,0.046966,0.035141,-0.006482,-0.383365,-0.922991,0.033423,0.789713,-0.308813,0.530082,-0.47894,0.22961,0.847287,0.006438,-0.000106,0.007406,0.167588,-0.136188,-0.049972,-0.815598,0.071575,0.017575,-0.04933,-0.286738,0.648015,-0.705589,-0.833017,-0.5324,-0.150435,-0.47314,0.544633,0.692468,-4.3e-05,-0.000111,-8.3e-05,0.00015,1.2e-05,-0.000169,-0.151389
252,0.069584,-0.010693,0.380923,-0.40606,0.583435,-0.703394,-0.729351,-0.670612,-0.135274,-0.550131,0.457363,0.698715,-0.000381,-0.00104,-0.000819,0.0,0.0,0.0,0.040042,-0.094197,0.026287,0.348221,0.502055,0.864811,0.005785,-0.672585,0.386372,0.631094,0.542901,-0.321826,0.775596,0.000571,-0.005061,0.012695,0.052776,-0.04514,-0.058449,-1.406716,0.046988,0.035004,-0.006178,-0.379088,-0.924938,0.027928,0.792748,-0.309045,0.525395,-0.477327,0.221311,0.850399,0.00016,-0.002063,0.006703,0.029898,-0.058344,-0.043767,-0.815598,0.071577,0.01757,-0.049347,-0.286769,0.647995,-0.705596,-0.832981,-0.532454,-0.150446,-0.473186,0.544605,0.692459,-0.000247,-0.000676,-0.000531,0.00011,3.8e-05,-0.000108,-0.151226
253,0.069601,-0.010704,0.380902,-0.40404,0.584029,-0.704065,-0.728956,-0.670499,-0.137937,-0.552139,0.456771,0.697517,-9.7e-05,-0.000265,-0.000209,0.0,-0.0,0.0,0.042433,-0.094077,0.026043,0.348769,0.497641,0.867368,0.004134,-0.677175,0.385666,0.626602,0.541265,-0.315717,0.779242,0.000743,-0.005756,0.012168,0.103417,-0.086935,-0.053778,-1.406558,0.047048,0.034884,-0.005909,-0.374831,-0.926734,0.025752,0.79636,-0.307628,0.520743,-0.474669,0.215699,0.853324,0.000381,-0.002956,0.006023,0.167481,-0.119801,-0.07554,-0.815761,0.071584,0.017563,-0.049359,-0.284652,0.648228,-0.706238,-0.832522,-0.532408,-0.153124,-0.475267,0.544372,0.691216,-6.7e-05,-0.000183,-0.000143,-0.00181,0.001261,-0.001711,-0.150083
254,0.069611,-0.010706,0.380901,-0.403884,0.584101,-0.704094,-0.729016,-0.67041,-0.138053,-0.552174,0.456809,0.697465,-2e-06,-5e-06,-4e-06,0.0,-0.0,0.0,0.044059,-0.093982,0.02594,0.348978,0.496146,0.868227,0.003605,-0.678661,0.385355,0.625184,0.540779,-0.313726,0.780383,0.001089,-0.007148,0.011116,0.025184,-0.029818,-0.046849,-1.406308,0.047095,0.034829,-0.005794,-0.372986,-0.927502,0.024907,0.797854,-0.306916,0.518875,-0.473613,0.213406,0.854486,0.000552,-0.003637,0.005508,-0.017119,-0.018595,-0.049404,-0.815924,0.071589,0.017561,-0.04936,-0.284504,0.64827,-0.706259,-0.832566,-0.532312,-0.15322,-0.475279,0.544416,0.691173,0.00677,-0.001632,-0.001032,0.000793,-0.014532,0.029291,-0.14796
255,0.069622,-0.010694,0.380885,-0.400497,0.586434,-0.70409,-0.732911,-0.666156,-0.138022,-0.549484,0.460025,0.697476,-0.0,-0.0,-0.0,-0.0,-0.0,0.0,0.043878,-0.093695,0.025719,0.34929,0.494581,0.869121,0.003082,-0.679936,0.384843,0.624113,0.540612,-0.311868,0.781243,0.014757,-0.007659,0.009177,-0.024041,-0.016397,0.003682,-1.406104,0.047227,0.034726,-0.005643,-0.371358,-0.928173,0.024217,0.798875,-0.306117,0.517773,-0.47317,0.211626,0.855174,-4.2e-05,0.000146,0.000107,-0.015206,0.000849,-0.006159,-0.816414,0.071595,0.017568,-0.049368,-0.280751,0.649982,-0.706188,-0.835668,-0.527428,-0.153222,-0.472055,0.547122,0.691246,-1e-06,6e-06,8e-06,0.000141,-4e-06,-0.000213,-0.145837
256,0.069635,-0.010719,0.380866,-0.400511,0.586426,-0.704088,-0.732906,-0.666164,-0.138011,-0.549481,0.460023,0.697479,-0.000359,-0.00098,-0.000772,0.0,0.0,0.0,0.044133,-0.093181,0.025545,0.34951,0.490385,0.8715,0.001247,-0.684727,0.384536,0.619044,0.538391,-0.305525,0.785272,0.012937,0.002435,0.00028,0.431571,-0.255485,-0.148434,-1.40625,0.047491,0.034629,-0.005529,-0.368393,-0.929402,0.022316,0.80161,-0.305398,0.513958,-0.470858,0.207227,0.857525,0.007506,-0.004332,0.0042,0.43625,-0.283781,-0.202752,-0.817067,0.071602,0.017557,-0.049375,-0.28077,0.649974,-0.706187,-0.835661,-0.527443,-0.153211,-0.472056,0.547116,0.691249,-0.000237,-0.000647,-0.000511,0.000123,8e-06,-0.000127,-0.145674
257,0.069635,-0.010719,0.380866,-0.400511,0.586426,-0.704088,-0.732906,-0.666164,-0.138011,-0.549481,0.460023,0.697479,-0.0,-0.0,-0.0,0.0,0.0,0.0,0.04442,-0.092509,0.02528,0.349807,0.487694,0.87301,-0.000555,-0.687376,0.384516,0.616113,0.537464,-0.301196,0.787577,0.016923,-0.018936,0.017186,-0.015959,-0.036883,-0.03603,-1.406351,0.047826,0.034503,-0.005388,-0.364639,-0.930944,0.019518,0.805172,-0.304708,0.508773,-0.467691,0.201234,0.860679,0.007441,-0.004044,0.004417,-0.017037,-0.034194,-0.022222,-0.817883,0.071602,0.017555,-0.049377,-0.280775,0.649972,-0.706187,-0.835658,-0.527448,-0.153211,-0.47206,0.547113,0.691249,2e-06,9e-06,9e-06,7.7e-05,1.8e-05,-7.7e-05,-0.145348
258,0.06964,-0.010705,0.380876,-0.396992,0.588805,-0.704095,-0.736852,-0.66179,-0.13804,-0.546756,0.463278,0.697466,0.00019,0.000521,0.00041,-0.0,-0.0,0.0,0.04435,-0.092132,0.025084,0.350028,0.484897,0.874564,-0.001965,-0.690354,0.384272,0.612928,0.536181,-0.296955,0.790058,0.014882,-0.008005,0.008917,0.164115,-0.121644,-0.073732,-1.406164,0.048016,0.034401,-0.005275,-0.362249,-0.93191,0.01786,0.807306,-0.304121,0.505732,-0.465865,0.19762,0.862505,0.01386,-0.002579,0.004739,0.239245,-0.26369,0.112731,-0.816741,0.071604,0.017561,-0.049373,-0.276881,0.651708,-0.706125,-0.838788,-0.522436,-0.153275,-0.468796,0.549851,0.691298,0.000148,0.000407,0.000321,0.000166,-3.8e-05,-0.00026,-0.145511
259,0.069628,-0.010702,0.380866,-0.397018,0.588788,-0.704095,-0.736827,-0.661819,-0.138036,-0.546771,0.463258,0.697468,-0.000351,-0.00096,-0.000756,-0.0,-0.0,0.0,0.044677,-0.091266,0.024676,0.35058,0.48067,0.876886,-0.004332,-0.694375,0.383764,0.608689,0.5348,-0.290679,0.793321,0.014407,-0.006071,0.010382,0.086854,-0.078548,-0.041757,-1.406204,0.048444,0.034195,-0.005005,-0.357879,-0.933649,0.014843,0.810855,-0.302848,0.500795,-0.463072,0.19126,0.865438,0.014749,-0.007434,0.009338,0.101306,-0.212515,0.116286,-0.812332,0.071599,0.017566,-0.049375,-0.276915,0.651693,-0.706126,-0.838764,-0.522477,-0.15327,-0.46882,0.54983,0.691298,-0.000239,-0.000655,-0.000515,0.000135,3.7e-05,-0.000147,-0.145021
260,0.069624,-0.010708,0.380848,-0.397041,0.588772,-0.704095,-0.736803,-0.661846,-0.138034,-0.546787,0.463239,0.697467,-4.4e-05,-0.00012,-9.5e-05,0.0,0.0,0.0,0.044413,-0.090475,0.024291,0.351134,0.481568,0.87638,-0.006526,-0.696208,0.387196,0.604406,0.531602,-0.287627,0.796576,0.029342,-0.014067,0.019314,0.378039,-0.271401,-0.166345,-1.406195,0.048839,0.034006,-0.004726,-0.360057,-0.932834,0.013331,0.811461,-0.306094,0.497832,-0.460314,0.190065,0.86717,0.007155,-0.002852,0.00532,0.449834,-0.293294,-0.207976,-0.812822,0.071596,0.017561,-0.049386,-0.276945,0.651679,-0.706127,-0.838742,-0.522514,-0.153267,-0.468842,0.549812,0.691298,0.006738,-0.001722,-0.001105,0.001079,-0.014691,0.029463,-0.145021
261,0.069634,-0.01071,0.380846,-0.397018,0.588782,-0.7041,-0.736811,-0.661833,-0.13805,-0.546792,0.463245,0.69746,-1e-06,-2e-06,-2e-06,0.0,0.0,0.0,0.044496,-0.090109,0.024147,0.351382,0.485402,0.874284,-0.001699,-0.697405,0.3885,0.602186,0.526523,-0.292223,0.798275,0.014351,-0.005776,0.010608,0.580253,2.141321,-1.61472,-1.406297,0.049028,0.033931,-0.004599,-0.362668,-0.931794,0.015194,0.812918,-0.308344,0.494052,-0.455669,0.191529,0.869299,0.013528,-0.001178,0.005799,-0.007071,0.032853,0.121475,-0.811515,0.071601,0.017559,-0.049387,-0.276923,0.651684,-0.706131,-0.838746,-0.522503,-0.153283,-0.468848,0.549817,0.69129,0.006769,-0.001636,-0.001037,0.001059,-0.014697,0.029483,-0.144858
262,0.069687,-0.010708,0.380824,-0.39338,0.591173,-0.704139,-0.74074,-0.657405,-0.138184,-0.544113,0.466487,0.697394,0.013531,-0.003291,-0.002089,0.000984,-0.014715,0.029553,0.044613,-0.08947,0.023921,0.351834,0.497258,0.867598,0.000443,-0.696438,0.398987,0.596421,0.516643,-0.29798,0.802591,0.014396,-0.005913,0.010506,-0.005489,-0.027096,-0.003919,-1.406144,0.049347,0.033819,-0.004372,-0.374525,-0.926956,0.021973,0.813509,-0.317133,0.48747,-0.444895,0.200445,0.872862,0.006113,0.002633,0.001192,-0.016543,-0.022955,0.014509,-0.812822,0.071622,0.017562,-0.049397,-0.272937,0.653402,-0.706095,-0.841839,-0.517459,-0.153435,-0.46563,0.552541,0.691293,0.0,5e-06,5e-06,0.00016,2.1e-05,-0.000167,-0.144531
263,0.069738,-0.010697,0.380782,-0.393223,0.591218,-0.704189,-0.740736,-0.657373,-0.138356,-0.544231,0.466475,0.697309,0.000885,0.009824,-0.009654,0.034608,-0.017893,0.015932,0.044763,-0.089107,0.023925,0.35209,0.506562,0.862197,-0.001478,-0.692514,0.408021,0.594876,0.512858,-0.301408,0.803737,-0.000786,0.002987,0.002254,0.000204,0.000605,0.000889,-1.405972,0.049534,0.033817,-0.004241,-0.384665,-0.922804,0.021541,0.810438,-0.326472,0.486421,-0.441839,0.204567,0.873458,-0.000411,0.001542,0.001162,-0.005589,0.002349,0.003265,-0.815761,0.071653,0.017566,-0.049419,-0.272754,0.653422,-0.706147,-0.84183,-0.517419,-0.153623,-0.465755,0.552554,0.691198,0.000442,0.004913,-0.004826,0.034723,-0.017872,0.015809,-0.144531
264,0.069817,-0.010716,0.380757,-0.393047,0.591286,-0.70423,-0.740786,-0.657287,-0.138497,-0.544291,0.46651,0.697239,0.01353,-0.003293,-0.002092,0.000984,-0.014715,0.029553,0.044508,-0.089029,0.0241,0.352159,0.521616,0.853175,-0.000901,-0.685454,0.419837,0.594831,0.507209,-0.310733,0.80377,-0.000934,0.003545,0.002672,0.002052,-0.014253,0.025011,-1.406277,0.049573,0.033904,-0.004208,-0.40071,-0.915879,0.024382,0.80498,-0.339232,0.486751,-0.437535,0.214674,0.873199,-0.000463,0.001746,0.001322,0.002773,-0.014914,0.026902,-0.817557,0.071688,0.017558,-0.049431,-0.272596,0.653451,-0.706181,-0.841852,-0.517344,-0.153748,-0.465806,0.552589,0.691136,3e-06,8e-06,4e-06,7.7e-05,9e-06,-6.8e-05,-0.144368
265,0.069876,-0.010737,0.380743,-0.392932,0.591334,-0.704254,-0.740829,-0.657222,-0.138579,-0.544316,0.466541,0.697199,0.013519,-0.003323,-0.002116,0.000984,-0.014715,0.029553,0.044211,-0.089092,0.024155,0.352169,0.526533,0.850149,-0.000536,-0.683158,0.423618,0.594791,0.505218,-0.313885,0.8038,-0.000474,0.0018,0.001356,0.0,0.0,0.0,-1.406208,0.049541,0.033934,-0.004201,-0.405935,-0.913546,0.025478,0.803203,-0.343327,0.486817,-0.435983,0.21808,0.873131,-0.006698,-0.000425,0.000476,-0.001611,0.01494,-0.028054,-0.818047,0.071717,0.017547,-0.049438,-0.272475,0.653478,-0.706203,-0.84188,-0.517274,-0.15383,-0.465825,0.552624,0.691095,-4e-06,-1e-05,-9e-06,6e-05,2e-05,-5.5e-05,-0.144531
266,0.070025,-0.010781,0.380714,-0.392615,0.591466,-0.70432,-0.740946,-0.657041,-0.138807,-0.544386,0.466627,0.697087,-1.9e-05,-5.2e-05,-4.1e-05,0.0,0.0,0.0,0.042099,-0.089484,0.024196,0.352096,0.551117,0.834419,-0.002404,-0.66971,0.444182,0.595083,0.496915,-0.327405,0.803582,-0.012848,-0.002894,-0.000602,-0.002077,0.023197,-0.018454,-1.406264,0.049349,0.033958,-0.004236,-0.432515,-0.901212,0.027317,0.792675,-0.365639,0.487825,-0.429645,0.232645,0.872514,-0.0064,-0.001544,-0.000357,1.7e-05,0.042805,0.006372,-0.814291,0.071797,0.017524,-0.049453,-0.272116,0.653558,-0.706267,-0.841965,-0.517062,-0.154075,-0.465881,0.552727,0.690975,0.006756,-0.001668,-0.001064,0.00103,-0.014715,0.029507,-0.145348
267,0.070247,-0.010802,0.380613,-0.392066,0.591658,-0.704464,-0.741041,-0.656829,-0.139304,-0.544653,0.466681,0.696842,0.000319,0.008284,-0.010869,0.033497,-0.005857,-0.010228,0.033061,-0.090048,0.024302,0.351919,0.578861,0.815383,-0.007862,-0.653403,0.469732,0.593591,0.48696,-0.339499,0.804657,-0.014942,0.008091,-0.008864,0.167406,0.820771,1.445828,-1.406121,0.049063,0.034008,-0.004326,-0.462858,-0.886048,0.026094,0.779853,-0.393036,0.487186,-0.421415,0.245847,0.872907,-0.007463,0.004025,-0.004446,0.177636,0.847577,1.446032,-0.818374,0.071908,0.017516,-0.049501,-0.271541,0.653651,-0.706402,-0.842013,-0.516837,-0.154572,-0.466131,0.552827,0.690726,0.000159,0.004137,-0.005441,0.033546,-0.00585,-0.010252,-0.152206
268,0.070433,-0.01077,0.380489,-0.391507,0.591829,-0.704631,-0.741061,-0.656682,-0.139883,-0.545027,0.466671,0.696557,0.014296,0.006228,-0.01199,0.035604,-0.032566,0.045506,0.027906,-0.09043,0.024359,0.351807,0.593085,0.805101,-0.007253,-0.645452,0.480966,0.593293,0.480395,-0.348209,0.804882,-0.013147,-0.001713,0.00028,-0.000132,0.016513,-0.026788,-1.406183,0.048872,0.034034,-0.004384,-0.478312,-0.87771,0.028993,0.773472,-0.405413,0.487217,-0.415882,0.255467,0.872798,-0.006584,-0.000807,0.000207,-0.012079,0.017633,-0.028243,-0.817557,0.072001,0.017529,-0.049566,-0.270959,0.653723,-0.706559,-0.841998,-0.516687,-0.155151,-0.466497,0.552883,0.690434,0.007152,0.00312,-0.005995,0.03565,-0.032567,0.045492,-0.158411
269,0.070936,-0.010485,0.380025,-0.390425,0.591982,-0.705103,-0.740623,-0.656842,-0.141446,-0.546397,0.466253,0.695762,0.001223,0.010794,-0.008885,0.034621,-0.017846,0.015957,0.020511,-0.091234,0.024476,0.35153,0.639266,0.768892,-0.011586,-0.614315,0.519842,0.593562,0.461595,-0.373298,0.804637,-0.014554,0.006677,-0.009931,0.03325,0.040164,0.031677,-1.406001,0.048479,0.034096,-0.004515,-0.529072,-0.847978,0.031851,0.747879,-0.448226,0.489662,-0.400946,0.282888,0.871329,-0.01362,0.001609,-0.00545,0.025927,0.369314,0.374542,-0.816577,0.072251,0.017666,-0.049796,-0.269878,0.653685,-0.707007,-0.841577,-0.516912,-0.156681,-0.467881,0.552717,0.68963,0.007446,0.003938,-0.005353,0.035631,-0.03255,0.045505,-0.169678
270,0.071515,-0.009816,0.379317,-0.389208,0.59196,-0.705794,-0.739578,-0.657527,-0.143715,-0.548676,0.465315,0.694596,0.016274,0.019224,-0.019133,0.070216,-0.050437,0.061455,0.015934,-0.091909,0.024439,0.351396,0.685237,0.728226,-0.011385,-0.583588,0.558511,0.589427,0.434723,-0.398172,0.807674,-0.013098,-0.001859,0.00016,0.031991,3.218461,4.395045,-1.406097,0.048138,0.034074,-0.004591,-0.575095,-0.817159,0.038942,0.724953,-0.486988,0.487118,-0.379089,0.30837,0.872467,-0.006589,-0.000756,0.00025,0.104665,-0.051307,-0.079435,-0.82017,0.072534,0.017997,-0.050146,-0.268716,0.653449,-0.707668,-0.840633,-0.51777,-0.158896,-0.47024,0.552192,0.688445,0.008243,0.009877,-0.009365,0.071333,-0.062543,0.087605,-0.176536
271,0.072228,-0.008804,0.378387,-0.387517,0.591938,-0.706743,-0.738105,-0.658482,-0.146879,-0.551847,0.463993,0.692967,0.031254,0.027643,-0.029383,0.098491,0.001082,-0.073124,0.011088,-0.092376,0.024247,0.351472,0.730331,0.682979,-0.012159,-0.550152,0.598823,0.58196,0.40382,-0.419197,0.81306,-4e-06,1.4e-05,1.1e-05,0.19068,0.180946,0.327156,-1.405676,0.047898,0.033981,-0.00455,-0.629977,-0.775224,0.046418,0.69383,-0.534967,0.482088,-0.348894,0.335911,0.874892,-0.005413,-0.006839,0.003912,0.153593,0.884052,1.213144,-0.823926,0.072885,0.0185,-0.050607,-0.266939,0.653165,-0.708602,-0.839335,-0.518882,-0.162099,-0.473559,0.551485,0.686734,0.00904,0.015849,-0.013346,0.105895,-0.080586,0.103488,-0.183231
272,0.07263,-0.008197,0.377847,-0.386493,0.591939,-0.707302,-0.73724,-0.659028,-0.148762,-0.553717,0.463216,0.691993,0.017793,0.031072,-0.027153,0.104784,-0.068445,0.077347,0.013751,-0.09249,0.024105,0.351543,0.754721,0.6559,-0.013574,-0.530012,0.621969,0.576348,0.38551,-0.428615,0.817028,0.002229,-0.011654,0.007754,0.463015,-0.190217,-0.101579,-1.405977,0.047841,0.033911,-0.004513,-0.65855,-0.750897,0.049648,0.675422,-0.560686,0.478994,-0.331838,0.348975,0.876412,0.001145,-0.005927,0.003836,0.604987,-0.239617,-0.099086,-0.827355,0.073091,0.018803,-0.050877,-0.266043,0.652959,-0.709129,-0.838521,-0.519636,-0.163888,-0.475502,0.551019,0.685765,0.016278,0.01936,-0.019019,0.141448,-0.113303,0.148932,-0.183884
273,0.073613,-0.006875,0.376649,-0.387654,0.588835,-0.709255,-0.736081,-0.660849,-0.146406,-0.554445,0.464579,0.690496,0.018004,0.03186,-0.026511,0.102478,-0.075943,0.073376,0.009062,-0.092665,0.023712,0.351723,0.801391,0.597921,-0.015931,-0.485085,0.665464,0.56726,0.348761,-0.447624,0.823323,0.002408,-0.012385,0.007209,0.154551,-0.156379,0.089017,-1.405747,0.047753,0.033719,-0.004426,-0.711621,-0.700381,0.055309,0.636726,-0.609661,0.472113,-0.29694,0.371183,0.8798,-0.006394,-0.001526,-0.000341,0.156886,-0.009539,-6.3e-05,-0.832743,0.073583,0.019465,-0.051475,-0.267741,0.649914,-0.711284,-0.837742,-0.521688,-0.161334,-0.475922,0.552678,0.684137,0.016395,0.019837,-0.018636,0.149546,-0.100407,0.160698,-0.18519
