frame,MLTx,MLTy,MLTz,MLTR1,MLTR2,MLTR3,MLTR4,MLTR5,MLTR6,MLTR7,MLTR8,MLTR9,MLTTVx,MLTTVy,MLTTVz,MLTRVx,MLTRVy,MLTRVz,MLGA,MRTx,MRTy,MRTz,MRTR1,MRTR2,MRTR3,MRTR4,MRTR5,MRTR6,MRTR7,MRTR8,MRTR9,MRTTVx,MRTTVy,MRTTVz,MRTRVx,MRTRVy,MRTRVz,MRGA,SLTx,SLTy,SLTz,SLTR1,SLTR2,SLTR3,SLTR4,SLTR5,SLTR6,SLTR7,SLTR8,SLTR9,SLTTVx,SLTTVy,SLTTVz,SLTRVx,SLTRVy,SLTRVz,SLGA,SRTx,SRTy,SRTz,SRTR1,SRTR2,SRTR3,SRTR4,SRTR5,SRTR6,SRTR7,SRTR8,SRTR9,SRTTVx,SRTTVy,SRTTVz,SRTRVx,SRTRVy,SRTRVz,SRGA
193,0.120713,0.024636,0.324204,-0.164938,0.178121,-0.97011,-0.896479,-0.437148,0.0721,-0.411042,0.881355,0.232993,0.001458,0.006791,0.005832,0.000212,-0.016302,0.023765,-0.987453,-0.155877,0.029034,0.30774,0.39372,0.431742,0.811527,-0.888273,0.405658,0.215281,-0.236732,-0.806146,0.542171,0.016293,-0.024123,0.030203,0.094228,-0.329543,-0.253071,-0.954307,0.040987,0.036981,-0.023257,-0.439739,-0.412768,0.797653,0.826353,-0.533842,0.17931,0.351808,0.737993,0.575844,0.008738,-0.018672,0.018004,0.152905,-0.201431,-0.514403,-0.897406,0.075241,0.036934,-0.080886,-0.182698,0.202145,-0.962163,-0.816439,-0.576433,0.033922,-0.547766,0.791745,0.270352,0.000688,0.003217,0.002764,-0.001148,0.095721,-0.139528,-0.895504
194,0.120697,0.024982,0.324421,-0.165785,0.17525,-0.970489,-0.896221,-0.437348,0.074068,-0.411263,0.881834,0.230778,0.001747,0.008133,0.006965,-0.000586,-0.02234,0.01963,-0.99229,-0.155359,0.027928,0.308995,0.379836,0.440773,0.813286,-0.893693,0.401621,0.199866,-0.238994,-0.803285,0.545416,0.016267,-0.023203,0.031067,-0.022143,-0.064204,-0.26714,-1.016072,0.041253,0.036415,-0.022622,-0.426835,-0.425617,0.79791,0.832259,-0.530041,0.162478,0.353772,0.73342,0.580464,0.00872,-0.018059,0.018588,-0.058099,-0.152238,-0.140484,-0.911123,0.075233,0.037105,-0.080779,-0.183067,0.198954,-0.962758,-0.816169,-0.576689,0.036021,-0.548046,0.792368,0.267952,0.000872,0.004076,0.00349,0.004093,-0.001191,0.033636,-0.895178
195,0.120709,0.025396,0.324721,-0.166656,0.172393,-0.970851,-0.89598,-0.437499,0.076063,-0.411434,0.882326,0.228582,0.002326,0.010832,0.009243,-0.002826,0.066332,-0.125778,-0.997648,-0.154855,0.026985,0.310159,0.3651,0.450058,0.814948,-0.899326,0.396586,0.184026,-0.240813,-0.800644,0.54849,0.015236,-0.013519,0.022032,0.110773,-0.235941,-0.409528,-1.036571,0.041505,0.035945,-0.022033,-0.413897,-0.435451,0.799418,0.838209,-0.524857,0.148086,0.355096,0.731373,0.582236,0.008179,-0.012684,0.01456,0.188689,-0.406267,-0.55611,-0.910796,0.075238,0.037308,-0.080632,-0.183345,0.195953,-0.96332,-0.815943,-0.576884,0.037949,-0.548288,0.792973,0.265656,0.001047,0.004897,0.00418,0.004164,-0.004494,0.031256,-0.894851
196,0.120732,0.025594,0.324903,-0.167431,0.16956,-0.971217,-0.895807,-0.437515,0.077992,-0.411497,0.88287,0.226356,0.002228,0.010381,0.00884,-0.003066,0.082439,-0.149676,-1.002575,-0.154637,0.026573,0.310623,0.360507,0.451818,0.816018,-0.901336,0.393699,0.180355,-0.240211,-0.80108,0.548117,0.016516,-0.027203,0.027502,-0.098477,0.079049,-0.190739,-1.048783,0.041619,0.035735,-0.02179,-0.409069,-0.439437,0.799723,0.84079,-0.522078,0.1432,0.35459,0.730978,0.58304,0.008247,-0.01376,0.0136,-0.135645,0.133864,-0.151158,-0.910796,0.07525,0.037411,-0.080538,-0.183637,0.193002,-0.96386,-0.815786,-0.576975,0.039893,-0.548424,0.79363,0.263402,0.001161,0.005427,0.004621,0.005199,0.000287,0.034456,-0.894851
197,0.12082,0.026052,0.325292,-0.16818,0.169663,-0.971069,-0.895702,-0.437617,0.078613,-0.411418,0.882799,0.226776,0.002533,0.011821,0.010022,0.000209,-0.01631,0.02376,-1.019619,-0.154176,0.025781,0.311406,0.343749,0.458175,0.819698,-0.907087,0.387658,0.163853,-0.2431,-0.800423,0.547803,0.015575,-0.019107,0.017031,-0.02087,0.004111,-0.258136,-1.083168,0.04185,0.035341,-0.021397,-0.39332,-0.448081,0.802821,0.847082,-0.516071,0.126968,0.357421,0.729995,0.582542,0.007783,-0.009713,0.008364,-0.048451,0.040661,-0.227326,-0.913245,0.075294,0.037639,-0.080344,-0.184543,0.193337,-0.96362,-0.815651,-0.577129,0.040413,-0.548321,0.793436,0.2642,0.001324,0.006203,0.005259,-0.001003,0.080775,-0.115874,-0.895994
198,0.120919,0.026514,0.325696,-0.171572,0.170196,-0.970382,-0.895401,-0.437708,0.081491,-0.410669,0.882651,0.228702,0.002649,0.012386,0.010452,0.000416,-0.032604,0.047511,-1.039627,-0.153742,0.025036,0.312035,0.326116,0.466896,0.821978,-0.912634,0.382022,0.145229,-0.246596,-0.7981,0.549628,0.015709,-0.021032,0.015322,0.110347,-0.248398,-0.449997,-1.142122,0.042066,0.034968,-0.021084,-0.377302,-0.458196,0.804797,0.853021,-0.510282,0.10939,0.360551,0.727782,0.583381,0.00785,-0.010669,0.007514,0.157862,-0.330958,-0.502161,-0.911449,0.075344,0.037871,-0.080142,-0.188054,0.193299,-0.962948,-0.815362,-0.577326,0.043341,-0.547558,0.793302,0.266177,0.00122,0.005736,0.004841,-0.000274,0.092996,-0.135728,-0.896484
199,0.120958,0.026731,0.325904,-0.1724,0.167377,-0.970726,-0.895223,-0.437699,0.083466,-0.410709,0.883198,0.226509,0.001886,0.000782,0.017964,-0.036901,-0.033739,0.018856,-1.050079,-0.153545,0.024695,0.312271,0.312656,0.471064,0.824825,-0.917715,0.373647,0.134613,-0.245153,-0.79962,0.548061,0.015785,-0.022124,0.014351,-0.234361,-0.121521,-0.866233,-1.170914,0.042159,0.034805,-0.020971,-0.36515,-0.463729,0.80723,0.858702,-0.502691,0.099653,0.359575,0.729559,0.581763,0.000578,-0.005917,0.003576,-0.844204,-0.01781,-2.088274,-0.914062,0.075364,0.037984,-0.08004,-0.188357,0.190075,-0.963531,-0.815197,-0.577396,0.045457,-0.547699,0.79403,0.263706,0.001209,0.005679,0.004782,0.003771,-0.010428,0.028068,-0.896321
200,0.121004,0.027162,0.326317,-0.180199,0.165636,-0.969607,-0.894358,-0.437892,0.091355,-0.409235,0.883433,0.228254,-0.010729,0.013358,0.011051,-0.002637,-0.015186,-0.0151,-1.070501,-0.153105,0.024034,0.312614,0.293978,0.473911,0.830046,-0.922533,0.367683,0.116946,-0.25012,-0.800706,0.544218,0.01473,-0.012149,0.005522,0.071313,-0.125998,-0.329722,-1.197215,0.042374,0.034474,-0.0208,-0.346617,-0.469643,0.811967,0.864366,-0.496127,0.082024,0.364317,0.730268,0.577909,0.001251,-0.012952,0.006161,0.140684,-0.301577,-0.519014,-0.906877,0.075392,0.038196,-0.07983,-0.195803,0.187083,-0.962631,-0.814394,-0.577854,0.053347,-0.546281,0.794407,0.265505,0.001301,0.006117,0.005127,0.004015,0.10534,-0.128478,-0.896811
201,0.120978,0.027645,0.326759,-0.184911,0.160392,-0.969602,-0.893493,-0.438256,0.097845,-0.409018,0.884226,0.225556,-0.011256,0.002767,0.019386,-0.051141,0.028713,-0.253964,-1.097755,-0.152794,0.023449,0.312878,0.282152,0.473821,0.834191,-0.925851,0.36216,0.107585,-0.251467,-0.803272,0.539797,0.014697,-0.01129,0.006297,0.001637,0.00793,-0.227391,-1.203292,0.042541,0.034168,-0.020668,-0.334413,-0.472329,0.815519,0.868459,-0.490499,0.072036,0.365987,0.732335,0.574228,0.007341,-0.005617,0.003168,0.000253,0.008975,-0.22528,-0.912429,0.075379,0.038441,-0.079613,-0.19941,0.181188,-0.963019,-0.813575,-0.578392,0.059642,-0.546197,0.795381,0.262747,0.001406,0.006616,0.00552,-0.012874,-0.018918,-0.184501,-0.899587
202,0.120944,0.027907,0.327002,-0.190394,0.158253,-0.968892,-0.892712,-0.43849,0.103749,-0.408202,0.884498,0.225968,0.002803,0.013122,0.010918,-0.030843,-0.249115,-0.100648,-1.102931,-0.152577,0.023219,0.313038,0.273132,0.476373,0.835739,-0.929432,0.354587,0.101775,-0.24818,-0.805144,0.538528,0.014623,-0.009942,0.007508,0.064134,-0.122094,-0.324813,-1.204228,0.042644,0.034055,-0.020592,-0.326134,-0.475301,0.817143,0.872883,-0.483267,0.067282,0.362919,0.735214,0.572492,0.007296,-0.00482,0.003883,0.13668,-0.263587,-0.419869,-0.913572,0.075361,0.038562,-0.079493,-0.204582,0.179379,-0.962272,-0.812868,-0.578817,0.064919,-0.545335,0.795483,0.264227,0.001385,0.006507,0.005416,-0.068587,-0.310698,-0.411295,-0.90122
203,0.120827,0.028341,0.327502,-0.20166,0.154034,-0.967291,-0.891071,-0.438802,0.115838,-0.406363,0.885093,0.22695,-0.010386,0.014704,0.012043,-0.076122,-0.371993,-0.508138,-1.11418,-0.152034,0.02282,0.313403,0.259058,0.474353,0.84135,-0.932032,0.351147,0.089139,-0.253457,-0.807839,0.531996,0.014519,-0.008053,0.009205,0.245444,0.638006,-0.680071,-1.207055,0.042915,0.033854,-0.020411,-0.312296,-0.476655,0.821748,0.875779,-0.479608,0.054633,0.368076,0.736733,0.567224,0.007283,-0.004538,0.004134,0.920014,1.838196,-1.806888,-0.900998,0.075303,0.038785,-0.079238,-0.215033,0.175156,-0.960771,-0.811385,-0.579556,0.075941,-0.54352,0.795886,0.266743,0.001457,0.006841,0.005667,0.000996,0.103834,-0.119486,-0.90122
204,0.120658,0.028742,0.328023,-0.207544,0.151905,-0.966383,-0.890117,-0.439039,0.122098,-0.405483,0.885346,0.227537,-0.010368,0.014673,0.011964,-0.00332,0.086081,-0.151867,-1.123607,-0.151504,0.022449,0.313782,0.250308,0.474248,0.844053,-0.93381,0.348301,0.081363,-0.25569,-0.809132,0.528953,0.00101,-0.008567,0.010131,-0.033313,-0.005975,0.003247,-1.211646,0.043186,0.03367,-0.020221,-0.30274,-0.477617,0.82476,0.877933,-0.476539,0.046294,0.37092,0.738099,0.563583,0.007266,-0.004149,0.004484,-0.054609,0.118595,-0.143014,-0.90949,0.075218,0.038984,-0.078978,-0.220486,0.169052,-0.960628,-0.810307,-0.579964,0.083921,-0.542943,0.796908,0.264858,0.001283,0.006025,0.004968,0.005849,0.00231,0.036084,-0.89877
205,0.120409,0.02897,0.32858,-0.215732,0.15313,-0.964394,-0.889106,-0.43908,0.129116,-0.403415,0.885113,0.232075,-0.011579,0.000958,0.017729,-0.036966,0.128436,-0.185717,-1.139676,-0.150935,0.022221,0.314123,0.244126,0.472053,0.847089,-0.93491,0.346443,0.076511,-0.257634,-0.811209,0.524812,0.014502,-0.007513,0.009686,-0.048462,0.109062,-0.151321,-1.212263,0.04347,0.033555,-0.020045,-0.296324,-0.476333,0.827827,0.87922,-0.474591,0.04164,0.373045,0.740181,0.559435,0.007242,-0.003707,0.004877,-0.05124,0.104567,-0.146424,-0.913082,0.075095,0.039106,-0.0787,-0.228745,0.169173,-0.958673,-0.809365,-0.580256,0.090723,-0.540928,0.796669,0.269653,0.000793,-0.00026,0.008326,-0.034757,0.002018,0.008766,-0.901056
206,0.120245,0.029012,0.328907,-0.221377,0.151069,-0.96344,-0.888336,-0.438787,0.135262,-0.402044,0.885615,0.232538,0.001664,-0.000256,0.016842,-0.038034,-0.036858,0.016778,-1.147688,-0.150638,0.022127,0.314262,0.239272,0.47016,0.849524,-0.935488,0.345801,0.072239,-0.26008,-0.812579,0.521475,0.014585,-0.008697,0.008622,-0.034511,-0.004972,0.011071,-1.21391,0.043608,0.033512,-0.019977,-0.291182,-0.475245,0.830273,0.879826,-0.473825,0.037344,0.375657,0.741371,0.556102,0.007264,-0.004006,0.004608,-0.037937,-0.0108,0.016954,-0.908347,0.075012,0.039126,-0.078544,-0.234069,0.165867,-0.957966,-0.808687,-0.580161,0.097142,-0.539662,0.797433,0.269933,-0.005853,0.000212,0.008642,-0.033348,0.122829,-0.183441,-0.89877
207,0.119906,0.028974,0.329614,-0.233723,0.153078,-0.960201,-0.886971,-0.438108,0.145999,-0.39804,0.885603,0.239369,0.000909,-0.011723,0.024483,-0.073116,0.127744,-0.166505,-1.168489,-0.150187,0.021938,0.314516,0.229471,0.466386,0.854295,-0.936566,0.344581,0.063586,-0.264983,-0.815264,0.514773,0.014613,-0.009001,0.008349,0.053263,0.15856,-0.154543,-1.219936,0.043833,0.033422,-0.019852,-0.281685,-0.473255,0.834675,0.88089,-0.472403,0.029431,0.380375,0.743548,0.549955,-7.3e-05,0.000969,0.000858,0.972467,1.814145,-1.837326,-0.90802,0.074838,0.03911,-0.078188,-0.24664,0.166046,-0.954775,-0.807537,-0.579889,0.107756,-0.535772,0.797594,0.277112,-0.005866,0.000139,0.008571,-0.043673,0.058133,-0.079018,-0.902199
208,0.119467,0.028739,0.33049,-0.247465,0.155369,-0.956382,-0.885436,-0.437028,0.158055,-0.393109,0.885736,0.246911,-0.012086,-0.009442,0.026202,-0.070064,0.017877,-0.013393,-1.209371,-0.14979,0.021768,0.314698,0.218931,0.462459,0.859181,-0.937647,0.343223,0.054317,-0.270022,-0.818066,0.507661,-5.1e-05,0.000731,0.000655,6.4e-05,0.000119,-0.000121,-1.234359,0.044037,0.033333,-0.019759,-0.269993,-0.470897,0.839856,0.882052,-0.470742,0.019619,0.386117,0.746095,0.542453,0.006704,0.001108,0.000283,-0.002217,-0.022106,0.036081,-0.912755,0.074623,0.038991,-0.077751,-0.260706,0.165942,-0.951049,-0.806281,-0.579241,0.119953,-0.530982,0.798086,0.284807,-0.012729,-0.004381,0.013325,-0.071897,0.156118,-0.225616,-0.899587
209,0.119197,0.028528,0.331005,-0.256135,0.159765,-0.95337,-0.88453,-0.436509,0.164435,-0.389573,0.885204,0.254311,-0.012934,-0.02126,0.033598,-0.071559,0.234929,0.070275,-1.221671,-0.149624,0.021645,0.314772,0.210804,0.459492,0.862798,-0.938383,0.342272,0.047124,-0.2739,-0.820131,0.502222,0.014777,-0.011167,0.006406,0.258294,0.538952,-0.542065,-1.238318,0.04412,0.033275,-0.019719,-0.264018,-0.469789,0.842373,0.882712,-0.469683,0.014721,0.388732,0.747459,0.538693,0.000663,-0.006489,0.003087,-0.040141,0.0042,-0.01231,-0.915041,0.074489,0.038891,-0.077496,-0.269982,0.168211,-0.948058,-0.805445,-0.57898,0.126643,-0.527605,0.797801,0.291799,-0.006053,-0.004704,0.013118,-0.011661,0.402842,0.015174,-0.903342
210,0.118562,0.027979,0.332172,-0.280262,0.172573,-0.944307,-0.881511,-0.435665,0.18195,-0.379661,0.883197,0.275404,-0.025734,-0.018028,0.036094,-0.106913,1.175302,-0.534864,-1.245899,-0.1495,0.021436,0.314869,0.199878,0.450354,0.870185,-0.939569,0.339916,0.040028,-0.277991,-0.826148,0.489962,5.2e-05,-0.000745,-0.000667,-0.071548,0.187272,0.112241,-1.247554,0.044187,0.033164,-0.019671,-0.249138,-0.46233,0.850987,0.884282,-0.466923,0.005212,0.394937,0.753811,0.525159,3.3e-05,-0.000488,-0.000438,-0.102206,0.402873,-0.029604,-0.913899,0.074176,0.038613,-0.076915,-0.294968,0.174789,-0.939383,-0.802785,-0.57851,0.144433,-0.518197,0.796727,0.31096,-0.006423,-0.010326,0.01706,-0.450951,1.746396,-2.442644,-0.893545
211,0.117746,0.027394,0.333588,-0.300219,0.190437,-0.934691,-0.879179,-0.435342,0.193634,-0.369669,0.879657,0.299292,-0.024964,-0.014505,0.038911,-0.059423,0.532179,-0.243325,-1.258057,-0.149577,0.021267,0.314873,0.189254,0.433408,0.881097,-0.940968,0.336395,0.036772,-0.280673,-0.836571,0.470356,-0.013364,-0.003096,-0.001369,-0.197288,0.531301,0.10368,-1.254828,0.044154,0.033081,-0.019667,-0.236196,-0.448784,0.86186,0.88603,-0.463623,0.001403,0.398949,0.763966,0.507142,3.4e-05,-0.000524,-0.000472,-0.242734,0.61119,0.208501,-0.912429,0.073772,0.038322,-0.076224,-0.317878,0.191185,-0.928655,-0.800746,-0.578608,0.154976,-0.507698,0.792881,0.337017,-0.012565,-0.007535,0.019245,-0.072902,0.776421,-0.370554,-0.887503
212,0.116755,0.026496,0.33531,-0.325872,0.217779,-0.920014,-0.875909,-0.435763,0.207042,-0.355421,0.873047,0.333905,-0.025812,-0.026076,0.046568,-0.034877,0.841518,-0.131639,-1.290044,-0.149808,0.021211,0.314821,0.178061,0.416571,0.89149,-0.94268,0.331933,0.03331,-0.282238,-0.846827,0.450654,-0.013396,-0.002696,-0.001012,-0.112245,0.429693,-0.216852,-1.262164,0.044039,0.033051,-0.019695,-0.223143,-0.432212,0.873727,0.888314,-0.459234,-0.000304,0.401377,0.776077,0.486416,6.3e-05,-0.000909,-0.000813,-0.098882,0.295714,-0.021672,-0.904428,0.073273,0.037876,-0.075348,-0.348038,0.212786,-0.913012,-0.797447,-0.57924,0.168988,-0.492895,0.786894,0.371283,-0.019903,-0.017938,0.027783,-0.052968,1.160339,-0.245372,-0.881951
213,0.116189,0.025843,0.336319,-0.342059,0.237649,-0.909155,-0.873747,-0.436448,0.214593,-0.345384,0.86748,0.358071,-0.026835,-0.038343,0.053721,0.072438,1.321018,0.201084,-1.301712,-0.14997,0.021194,0.314796,0.175697,0.408062,0.895883,-0.943522,0.329338,0.035158,-0.280899,-0.851958,0.44173,-0.013472,-0.001601,-3.2e-05,-0.239387,0.647617,0.189112,-1.266243,0.043957,0.03304,-0.01971,-0.218972,-0.426582,0.87754,0.889538,-0.456858,-0.000118,0.400962,0.780581,0.479501,1.2e-05,-0.000171,-0.000149,-0.019034,0.120645,-0.157202,-0.898549,0.072991,0.037557,-0.074845,-0.367376,0.226821,-0.901989,-0.795006,-0.579904,0.177975,-0.482699,0.782472,0.393367,-0.013335,-0.018695,0.027256,-0.012675,1.050315,-0.165607,-0.879176
214,0.114896,0.024337,0.338546,-0.371882,0.279036,-0.885374,-0.869269,-0.439311,0.226603,-0.32527,0.853551,0.407034,-0.027224,-0.047532,0.063423,0.020025,1.238883,-0.088984,-1.348641,-0.150211,0.021271,0.314849,0.170458,0.401522,0.899842,-0.944696,0.326126,0.033561,-0.280176,-0.856284,0.433753,-0.000176,0.002578,0.002311,-0.021312,0.039162,0.064364,-1.2684,0.043832,0.033075,-0.019686,-0.21313,-0.418914,0.882658,0.891187,-0.453634,-0.000108,0.400449,0.786591,0.470014,-5.5e-05,0.000811,0.000732,-0.027966,0.145413,-0.139564,-0.904264,0.072345,0.036804,-0.073738,-0.403312,0.263875,-0.876189,-0.79049,-0.582794,0.188348,-0.460938,0.768582,0.443639,-0.019835,-0.017311,0.028334,0.144514,1.600116,-0.108076,-0.875257
215,0.113615,0.0226,0.34095,-0.393401,0.334066,-0.856552,-0.870538,-0.434946,0.230128,-0.295194,0.835777,0.462995,-0.027794,-0.049565,0.061965,0.191386,1.794426,-0.015008,-1.379598,-0.150418,0.021325,0.314919,0.168114,0.401026,0.900504,-0.945095,0.325146,0.031767,-0.280243,-0.856889,0.432514,-0.000102,0.001509,0.001351,-4e-06,1e-05,7e-06,-1.26974,0.043728,0.033106,-0.019647,-0.210663,-0.419165,0.883131,0.89169,-0.45264,-0.002134,0.400635,0.78703,0.46912,-0.00681,0.000317,0.000986,-0.001253,0.013641,-0.030316,-0.900182,0.071695,0.035923,-0.072508,-0.43406,0.312563,-0.844923,-0.79231,-0.578818,0.192908,-0.428761,0.753175,0.498888,-0.013941,-0.024847,0.030948,0.157744,1.738123,-0.043794,-0.887013
216,0.113073,0.021693,0.342092,-0.402139,0.364775,-0.839803,-0.873104,-0.428916,0.231718,-0.275187,0.825964,0.492019,-0.028424,-0.052043,0.060101,0.23396,1.78684,-0.031452,-1.389322,-0.150554,0.021369,0.314946,0.169028,0.398578,0.901419,-0.945069,0.325036,0.033619,-0.279782,-0.858069,0.430468,-0.01365,0.001172,0.002443,-0.003836,0.007927,0.001053,-1.269134,0.043666,0.033127,-0.019635,-0.211282,-0.416418,0.884282,0.8917,-0.452626,-9.3e-05,0.400288,0.788495,0.466952,-0.000652,0.006412,-0.003162,0.041707,-0.023458,0.008239,-0.89561,0.071436,0.035492,-0.071956,-0.447114,0.339801,-0.827419,-0.795955,-0.573183,0.194719,-0.408098,0.745651,0.526744,-0.007276,-0.021398,0.025323,0.13579,1.511652,-0.368444,-0.88734
217,0.112316,0.020191,0.343882,-0.423115,0.409409,-0.808333,-0.871267,-0.428744,0.238839,-0.248266,0.804821,0.539123,-0.014465,-0.034736,0.040171,0.161762,1.350066,-0.451767,-1.452196,-0.150872,0.021392,0.314972,0.167297,0.386688,0.906904,-0.945266,0.324174,0.036279,-0.280152,-0.863803,0.418594,-1e-05,0.000146,0.000131,-0.213305,0.514095,0.376233,-1.277892,0.043501,0.033143,-0.019618,-0.207285,-0.407414,0.889407,0.892014,-0.452005,0.00084,0.401674,0.793539,0.457113,-0.006747,-0.000577,0.000182,-0.030148,0.149336,-0.169568,-0.89708,0.071052,0.034735,-0.071054,-0.474883,0.38054,-0.79352,-0.794656,-0.572875,0.200835,-0.378162,0.725949,0.574447,-0.00772,-0.023201,0.02397,0.093192,1.260529,-0.31868,-0.891912
218,0.111965,0.018978,0.345171,-0.445275,0.434804,-0.782765,-0.866611,-0.429163,0.254514,-0.224723,0.79114,0.56888,-0.001497,-0.029717,0.027421,-0.053382,0.600959,-0.646152,-1.509902,-0.151073,0.021361,0.314966,0.158117,0.374914,0.913471,-0.945937,0.322722,0.031409,-0.283195,-0.869506,0.404503,3.4e-05,-0.000524,-0.000468,-0.168205,0.407531,0.298697,-1.325403,0.043401,0.033126,-0.019622,-0.196574,-0.397034,0.896505,0.892815,-0.450407,-0.003707,0.405264,0.799685,0.443016,2.1e-05,-0.000362,-0.000322,-0.19753,0.542152,0.160016,-0.908183,0.070871,0.034128,-0.070403,-0.50087,0.402241,-0.766374,-0.790456,-0.573275,0.215719,-0.352572,0.713833,0.60509,-0.000347,-0.009153,0.009734,-0.067407,0.510152,-0.666123,-0.900567
219,0.111947,0.018315,0.345932,-0.465875,0.443683,-0.765606,-0.858137,-0.437562,0.268536,-0.215282,0.781546,0.585547,0.000338,-0.006398,0.011883,-0.02794,0.35802,-0.5075,-1.567263,-0.151203,0.021319,0.314928,0.150636,0.369665,0.916869,-0.946622,0.321182,0.026154,-0.284978,-0.872313,0.39714,2.9e-05,-0.00044,-0.000394,-0.000772,0.001896,0.001387,-1.381163,0.043336,0.033104,-0.019642,-0.188825,-0.391169,0.900739,0.893685,-0.448632,-0.007484,0.407028,0.803564,0.434295,1.7e-05,-0.000256,-0.000227,-0.00986,0.093498,-0.171011,-0.897733,0.07086,0.033781,-0.070022,-0.522973,0.406224,-0.749319,-0.780792,-0.580909,0.230015,-0.341849,0.705355,0.620977,0.000244,-0.00282,0.006238,-0.052566,0.302643,-0.504547,-0.875583
220,0.111992,0.018252,0.346149,-0.470102,0.449274,-0.759739,-0.85769,-0.435669,0.273007,-0.207762,0.779402,0.591096,0.001475,0.006197,0.004821,0.004905,0.213536,-0.301638,-1.591331,-0.151233,0.021309,0.314923,0.145134,0.364869,0.919673,-0.946977,0.320412,0.022448,-0.286642,-0.874607,0.390847,3e-06,-5e-05,-4.4e-05,-0.020886,0.131482,-0.150254,-1.400488,0.043321,0.033098,-0.019645,-0.182816,-0.387193,0.903692,0.894072,-0.447787,-0.010988,0.408916,0.805957,0.428041,1e-06,2e-06,4e-06,-0.000809,-0.013961,-0.001226,-0.900835,0.070881,0.033741,-0.069913,-0.528267,0.410621,-0.743184,-0.780586,-0.57927,0.234796,-0.334092,0.704155,0.626535,0.000269,-0.002724,0.006312,-0.052212,0.197895,-0.333495,-0.888973
221,0.112011,0.018423,0.34637,-0.476377,0.454396,-0.752752,-0.854869,-0.439574,0.275584,-0.20508,0.77422,0.598793,0.001317,0.005539,0.0043,0.174667,0.442241,0.032695,-1.630875,-0.151216,0.021357,0.314964,0.140395,0.357484,0.923302,-0.947366,0.31939,0.020517,-0.287711,-0.878016,0.382327,-0.000111,0.001707,0.001528,-0.019226,0.047641,0.034881,-1.402055,0.04333,0.033119,-0.019628,-0.17699,-0.380675,0.907612,0.894595,-0.44669,-0.012902,0.410333,0.809662,0.41961,-8e-05,0.001227,0.001098,-0.015678,0.017829,0.051957,-0.899039,0.07089,0.033827,-0.069803,-0.535775,0.411996,-0.737022,-0.776778,-0.582678,0.238958,-0.330997,0.700531,0.632214,0.000713,0.003018,0.002342,0.230967,0.536544,0.123351,-0.89877
222,0.112113,0.018856,0.346416,-0.49041,0.462338,-0.738774,-0.849713,-0.442028,0.287352,-0.193102,0.768091,0.610553,0.002155,0.016883,-0.003743,0.031797,0.07225,-0.010568,-1.677171,-0.151224,0.021486,0.315092,0.140911,0.350402,0.925934,-0.945712,0.324201,0.021357,-0.292857,-0.879098,0.375878,-0.000218,0.003352,0.002995,-0.036124,0.168687,-0.122312,-1.40246,0.043326,0.033185,-0.019562,-0.176648,-0.373797,0.910532,0.892274,-0.451328,-0.012176,0.415501,0.810294,0.413256,-0.000131,0.002005,0.001791,-0.016073,0.023123,0.052732,-0.892834,0.070941,0.034042,-0.069775,-0.551006,0.419105,-0.721624,-0.771549,-0.58534,0.249172,-0.317967,0.694065,0.645886,0.0012,0.008966,-0.001468,-0.056639,0.129236,-0.128738,-0.903506
223,0.112142,0.019114,0.346413,-0.498162,0.468877,-0.729407,-0.846806,-0.44398,0.29287,-0.18591,0.762979,0.619135,0.002124,0.01675,-0.00385,0.07284,0.083791,0.052696,-1.691648,-0.151238,0.021544,0.315145,0.135516,0.3484,0.927493,-0.945855,0.324064,0.016592,-0.294932,-0.879941,0.372265,-0.000172,0.002649,0.002366,0.020419,0.048363,-0.053048,-1.402315,0.043318,0.033216,-0.019534,-0.170802,-0.372826,0.912045,0.892407,-0.450902,-0.017196,0.417654,0.810979,0.409727,-0.0001,0.00151,0.001348,0.080254,0.143693,-0.175338,-0.893487,0.070956,0.034171,-0.069776,-0.559816,0.423796,-0.71204,-0.768377,-0.587156,0.254642,-0.310163,0.689669,0.654335,0.001179,0.008872,-0.001544,0.035942,0.170302,-0.130173,-0.904649
224,0.11219,0.01956,0.346418,-0.518636,0.477154,-0.709497,-0.837826,-0.449141,0.310311,-0.169959,0.754779,0.633601,0.001393,0.005869,0.00453,0.00037,0.102253,-0.144157,-1.730387,-0.151227,0.021536,0.31515,0.125423,0.341792,0.931364,-0.946151,0.323504,0.008818,-0.298418,-0.882727,0.362771,0.000116,-0.00179,-0.001598,0.760991,1.760311,-1.990311,-1.402558,0.043323,0.033219,-0.019525,-0.162481,-0.368499,0.915318,0.892682,-0.450111,-0.022748,0.420378,0.813393,0.402087,7.6e-05,-0.001184,-0.001056,-0.002941,0.007046,-0.021447,-0.888752,0.07098,0.034399,-0.069776,-0.58147,0.427524,-0.69218,-0.75888,-0.591682,0.27205,-0.293243,0.683471,0.668486,0.000689,0.002905,0.002243,-0.013867,0.060933,-0.14599,-0.895015
225,0.112171,0.019819,0.346541,-0.543987,0.480634,-0.687834,-0.825121,-0.455452,0.334233,-0.151961,0.748765,0.645202,0.001208,0.005086,0.003919,-0.005119,0.192076,-0.314994,-1.750243,-0.151219,0.021405,0.315033,0.114861,0.335057,0.935166,-0.946417,0.322843,0.000696,-0.301798,-0.885539,0.35299,0.0003,-0.004619,-0.00413,-0.002189,0.019534,-0.023709,-1.402766,0.043328,0.033155,-0.019583,-0.148352,-0.362791,0.919985,0.892936,-0.448966,-0.033058,0.425035,0.816584,0.390555,0.000139,-0.00212,-0.001898,0.00146,-0.014988,-0.005543,-0.88222,0.070971,0.034528,-0.069715,-0.607016,0.425537,-0.671154,-0.745656,-0.597052,0.295845,-0.274821,0.680034,0.679725,-0.006052,0.003172,0.002391,0.00153,0.109068,-0.192783,-0.885381
226,0.112079,0.020022,0.346722,-0.552188,0.480603,-0.681289,-0.820236,-0.459611,0.340504,-0.1488,0.746241,0.648853,0.001108,0.004661,0.003584,-0.002756,0.103528,-0.169805,-1.77564,-0.151338,0.021199,0.314849,0.108959,0.327391,0.938581,-0.946876,0.321489,-0.002096,-0.302542,-0.888884,0.343828,0.000317,-0.004913,-0.004401,-0.02216,0.134343,-0.147465,-1.402871,0.043268,0.033048,-0.019678,-0.141651,-0.356009,0.923684,0.893531,-0.447596,-0.035487,0.426071,0.820314,0.381507,0.000193,-0.002959,-0.002649,-0.003847,0.007277,-0.027098,-0.880261,0.070925,0.03463,-0.069624,-0.615217,0.423794,-0.664759,-0.740163,-0.600805,0.301979,-0.271414,0.677814,0.683302,-0.00592,0.00372,0.002807,-0.002548,0.102698,-0.175468,-0.881298
227,0.112014,0.02014,0.346799,-0.553511,0.480576,-0.680234,-0.819431,-0.46031,0.341496,-0.148322,0.745828,0.649437,0.001182,0.004967,0.003816,0.000399,-0.015002,0.024604,-1.788249,-0.151353,0.021125,0.314785,0.111353,0.324077,0.93945,-0.945097,0.326689,-0.000552,-0.307201,-0.888197,0.341462,0.0002,-0.003104,-0.002783,-0.009772,0.024737,0.018092,-1.403166,0.043261,0.033005,-0.019715,-0.143442,-0.352413,0.924786,0.891089,-0.452534,-0.034234,0.430562,0.819156,0.378943,0.0001,-0.001518,-0.001362,-0.000414,-0.009128,-0.007369,-0.882383,0.070892,0.034688,-0.069586,-0.616668,0.42346,-0.663627,-0.739164,-0.601496,0.303047,-0.270841,0.677409,0.68393,-0.006062,0.003114,0.002342,-0.000366,0.014378,-0.030214,-0.88734
228,0.111741,0.020376,0.346953,-0.550102,0.480093,-0.683333,-0.821266,-0.4594,0.3383,-0.150829,0.7467,0.647856,0.00123,0.005149,0.003949,0.000611,-0.015378,0.025026,-1.796088,-0.151373,0.021111,0.314774,0.109079,0.3232,0.940018,-0.945053,0.326806,-0.002578,-0.308148,-0.888473,0.339888,-7.8e-05,0.001215,0.00109,0.013896,-0.113461,0.162739,-1.403241,0.043252,0.032993,-0.019725,-0.140834,-0.352245,0.92525,0.891025,-0.452472,-0.036632,0.431554,0.819263,0.377583,-6e-05,0.000931,0.000833,0.000374,-0.001226,-0.000453,-0.880097,0.070755,0.034805,-0.06951,-0.613169,0.423668,-0.66673,-0.741093,-0.600737,0.299825,-0.273503,0.677953,0.68233,-0.006019,0.003266,0.002457,0.000253,-0.085822,0.13665,-0.897137
229,0.111332,0.020667,0.347173,-0.543904,0.471273,-0.694346,-0.823827,-0.45734,0.334844,-0.159079,0.753557,0.637866,-0.011766,0.007577,0.005693,-0.139538,-0.24692,-0.152283,-1.794132,-0.151407,0.021318,0.314962,0.111245,0.323751,0.939575,-0.944798,0.327551,-0.00088,-0.308158,-0.887998,0.341117,-0.000464,0.007215,0.006456,0.002014,-0.016441,0.02358,-1.403292,0.043235,0.033089,-0.019638,-0.143021,-0.352477,0.924826,0.890694,-0.453251,-0.035005,0.431517,0.818732,0.378774,-0.000237,0.003634,0.003251,0.00015,-4.1e-05,5.6e-05,-0.881894,0.07056,0.034947,-0.069403,-0.60529,0.417476,-0.677743,-0.744204,-0.598921,0.295723,-0.282457,0.683378,0.673209,-0.005858,0.003899,0.002938,-0.28216,-0.442992,-0.2617,-0.897301
230,0.111132,0.020769,0.34725,-0.540339,0.465235,-0.701167,-0.825086,-0.456532,0.332843,-0.164589,0.757792,0.631418,-0.012316,0.005266,0.003921,-0.124769,-0.206124,-0.159886,-1.791703,-0.151377,0.021496,0.315131,0.115073,0.325014,0.938678,-0.944657,0.327951,0.002377,-0.307186,-0.887391,0.343565,-0.000619,0.009587,0.008563,0.002014,-0.01644,0.023581,-1.402904,0.04325,0.033177,-0.019555,-0.147173,-0.353178,0.923907,0.890518,-0.453845,-0.031635,0.430484,0.818101,0.381305,-0.000343,0.005255,0.004695,0.003291,-0.014156,0.021074,-0.88222,0.070457,0.035006,-0.069359,-0.600839,0.411764,-0.685158,-0.745449,-0.598085,0.294275,-0.288611,0.687563,0.666302,0.000424,0.001772,0.001362,-0.173696,-0.300119,-0.151614,-0.896321
231,0.110672,0.020955,0.347251,-0.540827,0.457162,-0.706084,-0.824043,-0.456392,0.335606,-0.168159,0.762779,0.624434,-0.013203,0.001579,0.001097,-0.034884,-0.044645,-0.065192,-1.789824,-0.151381,0.021874,0.315492,0.1146,0.327672,0.937811,-0.944536,0.328308,0.000833,-0.307736,-0.886284,0.345923,-0.000625,0.009661,0.008596,0.002336,-0.017243,0.022994,-1.402666,0.043247,0.033376,-0.019365,-0.147053,-0.355929,0.92287,0.890318,-0.45412,-0.033277,0.430938,0.816755,0.383671,-0.000328,0.004995,0.004446,-0.00042,-0.007542,0.030535,-0.883526,0.070228,0.035102,-0.069356,-0.600233,0.403312,-0.690695,-0.744239,-0.597942,0.297612,-0.292965,0.692679,0.659065,-0.006249,0.006124,-0.003717,0.027412,-0.031952,-0.038641,-0.897464
232,0.110317,0.021184,0.347123,-0.541112,0.456988,-0.705978,-0.823752,-0.457011,0.335479,-0.168663,0.762513,0.624623,-0.013416,0.000694,0.000417,-0.000992,0.014702,-0.029561,-1.789496,-0.151259,0.022209,0.315855,0.101563,0.3228,0.940998,-0.944517,0.328194,-0.010518,-0.312327,-0.888106,0.33702,0.000582,-0.001978,0.015962,-0.028554,0.008031,-0.010805,-1.402916,0.043308,0.03355,-0.019185,-0.133335,-0.352922,0.926102,0.890157,-0.453459,-0.044646,0.435707,0.818425,0.374618,0.006402,0.005507,0.004195,0.006831,0.12324,-0.156732,-0.884833,0.07005,0.035215,-0.069421,-0.600505,0.403439,-0.690384,-0.743821,-0.598706,0.29712,-0.293468,0.691944,0.659612,-0.006335,0.005745,-0.004007,0.034352,0.01418,-0.036864,-0.898117
233,0.109993,0.02146,0.347018,-0.539554,0.459167,-0.705757,-0.824614,-0.457484,0.332705,-0.169441,0.760918,0.626356,-0.011827,0.014912,-0.005408,0.036458,-0.013837,0.013477,-1.788158,-0.151261,0.022331,0.316229,0.088816,0.3097,0.946672,-0.945097,0.326196,-0.017925,-0.314437,-0.893475,0.32046,0.000845,-0.006029,0.012359,-0.102435,0.256896,-0.086017,-1.403306,0.043307,0.033616,-0.018987,-0.118936,-0.341721,0.932244,0.890913,-0.451217,-0.051734,0.438323,0.824396,0.35811,0.000424,-0.003128,0.006079,-0.103613,0.234087,-0.087919,-0.880097,0.069885,0.03534,-0.069477,-0.59932,0.406014,-0.689903,-0.74459,-0.599195,0.294195,-0.29394,0.690012,0.661424,6.2e-05,0.000246,0.000193,-0.012048,-0.012179,-0.004446,-0.89877
234,0.109891,0.021613,0.346984,-0.539209,0.459087,-0.706072,-0.824751,-0.457559,0.332262,-0.169868,0.760921,0.626236,0.000435,0.001777,0.001359,2.9e-05,5.1e-05,3.1e-05,-1.787878,-0.151274,0.022293,0.316383,0.07936,0.303605,0.949483,-0.945411,0.324839,-0.024729,-0.316011,-0.896051,0.311599,0.000964,-0.007841,0.010756,-0.008999,0.338069,-0.321027,-1.403257,0.0433,0.033601,-0.018913,-0.109105,-0.337021,0.935154,0.891332,-0.449618,-0.058047,0.440025,0.8272,0.349453,-0.000136,0.002005,0.001771,0.220792,0.590545,-0.617839,-0.873076,0.069835,0.035417,-0.069493,-0.598948,0.405887,-0.6903,-0.744724,-0.599196,0.293851,-0.294355,0.690086,0.661161,0.000336,0.001367,0.00105,-0.00245,-0.002625,-0.001019,-0.898607
235,0.109717,0.021998,0.347063,-0.538618,0.458959,-0.706606,-0.825003,-0.457615,0.331559,-0.170518,0.760964,0.626007,0.001659,0.006759,0.005157,0.00037,-0.015057,0.024571,-1.788142,-0.151173,0.022038,0.31668,0.061684,0.291976,0.95443,-0.946161,0.321462,-0.037071,-0.317688,-0.901105,0.294868,0.001133,-0.010418,0.008484,0.156741,0.651069,-0.786229,-1.403483,0.04335,0.033476,-0.018768,-0.092638,-0.328882,0.939816,0.892515,-0.445854,-0.068048,0.4414,0.832496,0.334835,0.007277,-0.00451,0.004173,-0.046722,0.081251,-0.163831,-0.867851,0.069745,0.035602,-0.06946,-0.598355,0.40586,-0.690831,-0.744951,-0.599245,0.293177,-0.294988,0.690059,0.660907,0.000969,0.003954,0.003022,0.000232,-0.015068,0.024661,-0.89975
236,0.109521,0.022399,0.347379,-0.538579,0.456532,-0.708206,-0.824935,-0.456859,0.332769,-0.170967,0.762878,0.62355,0.002772,0.011264,0.008565,-0.004866,-0.02428,0.019005,-1.786477,-0.150828,0.021578,0.317066,0.047514,0.283575,0.957768,-0.944915,0.323553,-0.048801,-0.32376,-0.903027,0.282107,0.014605,-0.009455,0.007969,-0.015953,0.042045,-0.043813,-1.403666,0.043517,0.033243,-0.018577,-0.074618,-0.322358,0.943672,0.890736,-0.447013,-0.082268,0.448353,0.834424,0.320491,0.007893,-0.010376,0.007839,0.148068,0.682048,-0.846505,-0.868014,0.069643,0.035807,-0.069305,-0.597935,0.403347,-0.692664,-0.744994,-0.598493,0.294598,-0.29573,0.692182,0.658352,-0.005047,0.007048,0.005309,0.012067,-0.004301,0.02294,-0.898934
237,0.109422,0.02263,0.347615,-0.538227,0.456519,-0.708482,-0.825159,-0.456588,0.332583,-0.17099,0.763048,0.623336,-0.010499,0.004672,0.020059,-0.035038,0.002149,0.003565,-1.785612,-0.150637,0.021314,0.317281,0.04106,0.280682,0.958918,-0.943172,0.327559,-0.055373,-0.329668,-0.902483,0.276958,0.014611,-0.009442,0.007982,0.173126,0.513853,-0.601446,-1.404107,0.043613,0.033111,-0.01847,-0.070398,-0.321028,0.944449,0.88854,-0.450494,-0.086898,0.453365,0.833064,0.31696,0.007896,-0.010344,0.007869,-0.086572,0.112353,-0.166293,-0.864748,0.069599,0.035924,-0.069192,-0.597564,0.403566,-0.692856,-0.745257,-0.59834,0.294245,-0.295817,0.692186,0.658307,0.001643,0.006691,0.005081,0.003516,-0.01107,0.026476,-0.899424
238,0.109259,0.023187,0.348159,-0.5375,0.456496,-0.709049,-0.825622,-0.456034,0.332193,-0.171044,0.763392,0.622899,-0.009039,0.018171,0.013602,-0.00025,-0.015378,0.019602,-1.784616,-0.150283,0.020867,0.317652,0.030819,0.273839,0.961277,-0.941729,0.330177,-0.063746,-0.334859,-0.903622,0.266833,0.014649,-0.009828,0.007646,-0.05884,0.136748,-0.132026,-1.403891,0.043791,0.032884,-0.018281,-0.056525,-0.314905,0.947438,0.886464,-0.452413,-0.097483,0.459331,0.83436,0.304724,0.000586,-0.005513,0.003976,-0.047797,0.012971,-0.00846,-0.862135,0.069514,0.036208,-0.06891,-0.596831,0.403732,-0.693392,-0.745814,-0.597835,0.293859,-0.295894,0.692526,0.657916,-0.004491,0.009228,0.006912,-0.000316,-0.015239,0.019754,-0.900566
239,0.109281,0.02382,0.348795,-0.536176,0.456509,-0.710042,-0.826444,-0.455137,0.331379,-0.171229,0.76392,0.622201,0.004043,0.008704,0.023041,-0.0336,-0.027415,0.057811,-1.786561,-0.150032,0.020513,0.317848,0.015736,0.259004,0.965743,-0.937892,0.33854,-0.075392,-0.346461,-0.904881,0.247016,0.000133,-0.001943,-0.001714,-0.002173,0.400894,-0.252975,-1.403984,0.043921,0.032706,-0.018177,-0.039685,-0.302663,0.95227,0.881346,-0.459639,-0.109359,0.4708,0.834941,0.284991,0.000691,-0.006989,0.002677,0.125274,0.740661,-0.609875,-0.864421,0.069521,0.036512,-0.068606,-0.595587,0.403994,-0.694308,-0.74671,-0.597081,0.293117,-0.296141,0.693024,0.65728,0.002295,0.009334,0.006994,0.000662,-0.030044,0.049267,-0.900893
240,0.109356,0.02413,0.349113,-0.537426,0.456966,-0.708802,-0.825979,-0.454816,0.332976,-0.169553,0.763837,0.622761,0.004632,0.018791,0.014024,0.000738,-0.030067,0.049171,-1.787901,-0.149994,0.02042,0.317829,0.009586,0.247419,0.968857,-0.934141,0.347848,-0.07947,-0.356661,-0.904578,0.233225,0.000196,-0.002857,-0.002522,0.518828,2.133757,-2.014401,-1.404315,0.04394,0.032659,-0.018187,-0.034538,-0.293116,0.955452,0.876434,-0.468316,-0.11199,0.48028,0.833523,0.273072,0.000117,-0.001761,-0.001563,-0.157441,0.537989,0.125481,-0.866218,0.06956,0.036672,-0.068444,-0.596916,0.404187,-0.693053,-0.746314,-0.596769,0.294755,-0.294456,0.69318,0.657872,0.002345,0.00955,0.007127,0.002446,-0.033137,0.052512,-0.900077
241,0.109619,0.024713,0.349708,-0.543522,0.461143,-0.701411,-0.823449,-0.455094,0.338812,-0.162297,0.761154,0.627959,0.003437,0.006327,0.021128,-0.964315,1.696607,-1.927605,-1.792046,-0.15014,0.020299,0.317671,0.001253,0.221042,0.975259,-0.929696,0.35941,-0.080148,-0.368207,-0.906852,0.204713,0.000271,-0.00397,-0.003509,-0.130799,0.493649,0.112823,-1.404181,0.043873,0.032595,-0.018263,-0.020152,-0.267949,0.963221,0.870157,-0.479145,-0.115084,0.49236,0.835836,0.242814,0.000139,-0.002078,-0.001841,-0.05857,0.68331,0.295125,-0.863278,0.069693,0.036968,-0.068143,-0.601583,0.407115,-0.68728,-0.744806,-0.596848,0.298388,-0.288724,0.691396,0.662276,0.008555,0.007478,0.005579,-0.009853,0.055419,-0.113638,-0.902199
242,0.109922,0.025146,0.350262,-0.555616,0.471348,-0.684957,-0.818025,-0.457365,0.348747,-0.148209,0.753495,0.640551,0.016453,0.01237,0.009179,-0.015113,0.951174,-0.217965,-1.803368,-0.150334,0.020124,0.317404,-0.010917,0.193983,0.98094,-0.922891,0.375603,-0.08443,-0.384779,-0.906445,0.173678,0.00047,-0.006965,-0.00617,0.000391,0.590598,-0.066098,-1.405086,0.043769,0.032515,-0.018396,-0.004322,-0.243088,0.969994,0.861401,-0.49358,-0.119857,0.507905,0.835037,0.211529,0.000223,-0.003284,-0.002902,1.447757,0.636103,0.36157,-0.866381,0.069841,0.037192,-0.06786,-0.615768,0.412117,-0.671556,-0.73869,-0.598508,0.310036,-0.274161,0.686983,0.67297,0.00172,0.007067,0.005202,-0.010044,0.080876,-0.116815,-0.902853
243,0.110101,0.02529,0.350749,-0.571925,0.479111,-0.665883,-0.809496,-0.461088,0.363436,-0.132199,0.746291,0.65238,0.014373,-0.003734,0.01368,-0.013964,0.13853,-0.110595,-1.822031,-0.150382,0.019907,0.317139,-0.030144,0.162923,0.986174,-0.915517,0.391409,-0.092531,-0.401005,-0.905832,0.136109,0.000483,-0.007186,-0.006382,0.274751,2.461323,-2.109763,-1.405179,0.043746,0.032402,-0.018533,0.016422,-0.215965,0.976262,0.851799,-0.508297,-0.126772,0.52361,0.833662,0.175612,0.000238,-0.00356,-0.003166,-0.187775,0.95839,0.22306,-0.861319,0.069938,0.037272,-0.067605,-0.634792,0.418706,-0.649402,-0.729396,-0.602067,0.324799,-0.254989,0.679852,0.687591,0.007125,-0.002089,0.006673,-0.046028,0.090014,-0.118881,-0.904649
244,0.110159,0.025295,0.350986,-0.573136,0.483836,-0.661409,-0.808984,-0.462824,0.362368,-0.130082,0.742153,0.657506,0.001108,-0.003119,0.014067,0.132193,0.401646,0.015809,-1.832999,-0.150403,0.019753,0.317005,-0.032702,0.148039,0.988436,-0.910143,0.4042,-0.090533,-0.412857,-0.902745,0.120264,0.000486,-0.007241,-0.00644,0.33442,0.636967,0.023075,-1.405451,0.043736,0.032324,-0.018601,0.02391,-0.200319,0.979438,0.844834,-0.519754,-0.126926,0.534493,0.830498,0.156809,0.000244,-0.003566,-0.003166,1.47599,0.589116,0.236676,-0.861482,0.069966,0.037275,-0.067492,-0.636831,0.421663,-0.645481,-0.728413,-0.603446,0.324448,-0.252705,0.676795,0.691438,0.006914,-0.002951,0.006038,0.251257,0.537958,0.119779,-0.907262
245,0.110161,0.025079,0.35149,-0.575073,0.493682,-0.652391,-0.808486,-0.464965,0.360735,-0.124541,0.734284,0.667341,-0.013387,-0.015244,0.021487,0.223512,0.558318,0.241866,-1.854228,-0.150315,0.019624,0.316748,-0.04046,0.11795,0.99219,-0.903635,0.41938,-0.086589,-0.426237,-0.90021,0.088358,0.000364,-0.005407,-0.00482,0.329773,0.697238,0.047925,-1.40501,0.04378,0.032257,-0.018731,0.035805,-0.172348,0.984385,0.836329,-0.534038,-0.12392,0.547056,0.827707,0.125018,-0.000446,0.003396,-0.005867,1.511509,0.709335,0.287943,-0.859033,0.069968,0.037165,-0.067235,-0.640607,0.429949,-0.636211,-0.727359,-0.605327,0.323307,-0.24611,0.669867,0.700504,-0.00673,-0.007747,0.010647,0.180718,0.507316,0.224945,-0.907915
246,0.110012,0.024663,0.352093,-0.575325,0.506237,-0.642472,-0.809378,-0.465734,0.357729,-0.117416,0.725183,0.67849,-0.013618,-0.016172,0.020823,0.143703,0.419836,0.158165,-1.865566,-0.150213,0.01966,0.316435,-0.052546,0.087164,0.994803,-0.898836,0.429882,-0.085028,-0.434962,-0.898722,0.054498,0.000326,-0.004818,-0.004303,-0.215126,0.990289,0.180955,-1.405169,0.04383,0.032274,-0.018889,0.052343,-0.14466,0.988095,0.829763,-0.544248,-0.123635,0.555654,0.826357,0.091546,0.00016,-0.002329,-0.002085,-0.220471,0.884097,0.102379,-0.857073,0.069892,0.036954,-0.066936,-0.642766,0.442897,-0.625054,-0.728296,-0.606323,0.319308,-0.237564,0.660465,0.712284,-0.006832,-0.008145,0.010368,0.18386,0.463411,0.179459,-0.908568
247,0.109898,0.024399,0.352439,-0.574181,0.510951,-0.639758,-0.810442,-0.465716,0.355336,-0.115678,0.721878,0.682303,-0.013624,-0.016177,0.020828,-0.003743,0.164954,0.006584,-1.872705,-0.150218,0.019778,0.316258,-0.057072,0.075232,0.995527,-0.894724,0.438513,-0.084316,-0.442792,-0.895609,0.041024,-0.001045,0.008966,-0.009809,-0.068708,0.556948,-0.065448,-1.405382,0.043829,0.032323,-0.018973,0.057885,-0.132053,0.989551,0.82476,-0.55218,-0.121933,0.562512,0.8232,0.076949,-0.000494,0.004118,-0.005239,-0.064195,0.694227,0.002205,-0.849072,0.069841,0.036834,-0.066779,-0.642155,0.448438,-0.621722,-0.729578,-0.606439,0.316141,-0.235267,0.656608,0.716599,-0.006441,-0.002692,0.006182,0.012973,0.143625,0.031551,-0.908894
