frame,MLTx,MLTy,MLTz,MLTR1,MLTR2,MLTR3,MLTR4,MLTR5,MLTR6,MLTR7,MLTR8,MLTR9,MLTTVx,MLTTVy,MLTTVz,MLTRVx,MLTRVy,MLTRVz,MLGA,MRTx,MRTy,MRTz,MRTR1,MRTR2,MRTR3,MRTR4,MRTR5,MRTR6,MRTR7,MRTR8,MRTR9,MRTTVx,MRTTVy,MRTTVz,MRTRVx,MRTRVy,MRTRVz,MRGA,SLTx,SLTy,SLTz,SLTR1,SLTR2,SLTR3,SLTR4,SLTR5,SLTR6,SLTR7,SLTR8,SLTR9,SLTTVx,SLTTVy,SLTTVz,SLTRVx,SLTRVy,SLTRVz,SLGA,SRTx,SRTy,SRTz,SRTR1,SRTR2,SRTR3,SRTR4,SRTR5,SRTR6,SRTR7,SRTR8,SRTR9,SRTTVx,SRTTVy,SRTTVz,SRTRVx,SRTRVy,SRTRVz,SRGA
609,0.081373,-0.001777,0.374491,-0.241484,0.548954,-0.800238,-0.639736,-0.710074,-0.294118,-0.729393,0.44023,0.523652,-0.001758,-0.020235,0.018689,0.328733,0.181898,-0.292453,-0.275681,-0.071992,0.049134,0.347695,0.102657,0.135863,0.98539,-0.767515,0.640926,-0.008293,-0.632785,-0.75561,0.16882,0.001261,-0.003749,-0.002698,0.05886,-0.747928,-0.477976,0.039643,0.054543,0.043042,-0.010976,-0.054862,-0.131625,0.989779,0.783795,-0.619794,-0.038979,0.618591,0.773646,0.13717,0.002018,-0.007801,0.00233,0.044231,-0.88903,-0.389046,-0.153454,0.078616,0.023334,-0.056418,-0.279483,0.572582,-0.770738,-0.605484,-0.728097,-0.321345,-0.745169,0.376859,0.55018,-0.000416,-0.004959,0.004747,1.316179,0.497444,-0.884503,-0.417716
610,0.081345,-0.002359,0.375046,-0.25549,0.543259,-0.799775,-0.636226,-0.717289,-0.284051,-0.727673,0.435586,0.529891,-0.001815,-0.020418,0.018564,-0.069327,0.035358,-0.032101,-0.26711,-0.071788,0.048718,0.347731,0.099597,0.187187,0.977258,-0.79807,0.601562,-0.033772,-0.594296,-0.77678,0.208058,0.004302,-0.016347,0.004126,0.082348,-1.49972,-0.980936,0.095795,0.054646,0.042831,-0.01096,-0.050764,-0.182025,0.981982,0.812183,-0.579716,-0.065473,0.581189,0.794226,0.177266,0.002168,-0.008286,0.001969,0.085637,-1.552792,-1.011574,-0.092384,0.078603,0.023048,-0.056144,-0.293524,0.565897,-0.770456,-0.601026,-0.735983,-0.311601,-0.743377,0.371602,0.556148,-0.000919,-0.010223,0.009275,-0.066857,0.032851,-0.02724,-0.407266
611,0.081334,-0.003043,0.37564,-0.270627,0.53917,-0.79756,-0.626763,-0.727462,-0.279175,-0.730388,0.423655,0.535795,-0.001823,-0.020452,0.018553,-0.06856,0.043022,-0.02841,-0.268993,-0.071398,0.048215,0.347863,0.101284,0.255104,0.96159,-0.810079,0.582188,-0.069006,-0.577525,-0.772284,0.264397,0.004105,-0.015736,0.004565,0.106554,-1.766046,-1.148208,0.157281,0.054834,0.042588,-0.0109,-0.05127,-0.247992,0.967404,0.822085,-0.560493,-0.100113,0.567051,0.790155,0.232606,0.002076,-0.008008,0.002167,0.106515,-1.755056,-1.139457,-0.014984,0.078596,0.022702,-0.055844,-0.308366,0.561172,-0.768111,-0.591063,-0.745706,-0.307515,-0.745355,0.359175,0.561639,-0.000471,-0.005133,0.004623,-0.027498,-0.085955,0.155628,-0.40547
612,0.081324,-0.003461,0.375988,-0.27786,0.535765,-0.797368,-0.618932,-0.734593,-0.277972,-0.73433,0.415609,0.536708,-0.001909,-0.020718,0.018359,0.327237,0.173553,-0.299083,-0.268954,-0.071207,0.047935,0.347957,0.102334,0.289784,0.951601,-0.814315,0.573801,-0.087043,-0.57135,-0.766349,0.293482,0.004229,-0.016093,0.004307,0.114377,-1.751734,-0.936846,0.174105,0.054936,0.042444,-0.01085,-0.051771,-0.285195,0.957069,0.82528,-0.551867,-0.119807,0.562344,0.783649,0.263936,0.009321,-0.011456,0.006864,0.093285,-2.024406,-1.294383,0.02045,0.078592,0.022501,-0.055676,-0.314352,0.557788,-0.76815,-0.584147,-0.751493,-0.30664,-0.7483,0.35232,0.562064,0.005622,-0.011993,0.008057,4.34149,1.547156,-2.965194,-0.405633
613,0.081347,-0.004357,0.376704,-0.287242,0.534064,-0.795181,-0.612063,-0.740858,-0.276551,-0.736462,0.406596,0.540676,-0.002037,-0.021124,0.018069,-0.069222,0.036865,-0.031383,-0.268909,-0.070802,0.04726,0.348289,0.103958,0.366341,0.92465,-0.822976,0.553702,-0.126722,-0.558504,-0.748241,0.357872,0.015965,-0.011156,0.006325,0.092032,-1.907491,-1.012411,0.176064,0.05514,0.042099,-0.010683,-0.052644,-0.363206,0.930219,0.83159,-0.531681,-0.160534,0.552888,0.765111,0.330029,0.007924,-0.005467,0.003224,0.087248,-1.830965,-0.96133,0.050822,0.078603,0.022045,-0.055311,-0.324611,0.55501,-0.765891,-0.575626,-0.758443,-0.305643,-0.75052,0.341652,0.565678,0.005202,-0.017202,0.012679,-0.104806,0.025192,-0.025401,-0.405143
614,0.081324,-0.005242,0.377454,-0.298999,0.536227,-0.78937,-0.605496,-0.745911,-0.277422,-0.737196,0.39434,0.548693,-0.001963,-0.020914,0.018247,-0.052256,0.195186,0.043422,-0.271527,-0.070378,0.046483,0.348871,0.098247,0.442368,0.891431,-0.840685,0.516223,-0.16339,-0.532548,-0.733907,0.42147,0.004581,-0.020689,0.016982,-1.367687,-1.646398,-1.687321,0.175075,0.055353,0.041713,-0.010403,-0.046985,-0.437652,0.897915,0.845762,-0.495715,-0.19736,0.531485,0.75015,0.393442,0.0025,-0.010993,0.008074,-4.845057,-0.776482,-3.189636,0.054088,0.078592,0.021603,-0.054937,-0.336374,0.556336,-0.75983,-0.568887,-0.763032,-0.306837,-0.750479,0.329046,0.573156,-0.001015,-0.010523,0.009074,-0.043528,0.132263,0.232833,-0.406449
615,0.081259,-0.006009,0.378177,-0.308336,0.542172,-0.78168,-0.603453,-0.746639,-0.279902,-0.735011,0.384725,0.558365,-0.000697,-0.009597,0.009787,-0.018793,0.164588,0.052902,-0.268205,-0.069994,0.045705,0.3496,0.093957,0.509756,0.855168,-0.85376,0.483093,-0.194029,-0.51212,-0.71251,0.479505,0.016327,-0.015703,0.019056,0.103845,-1.693656,-0.837848,0.172662,0.055538,0.041331,-0.010044,-0.041571,-0.504979,0.862129,0.857433,-0.460994,-0.228676,0.512913,0.729712,0.45215,0.008193,-0.007999,0.009402,0.116492,-1.791346,-0.665429,0.051639,0.078559,0.021221,-0.05458,-0.346009,0.561599,-0.751587,-0.566875,-0.763456,-0.309494,-0.747615,0.318968,0.582519,-0.000738,-0.009688,0.009719,-0.048582,0.206511,0.045854,-0.405796
616,0.081221,-0.006349,0.378508,-0.314114,0.544429,-0.777801,-0.600277,-0.748556,-0.281606,-0.735159,0.377759,0.562909,-0.000784,-0.009861,0.00959,-0.009567,0.249851,0.09258,-0.265219,-0.069796,0.045367,0.349964,0.092101,0.538593,0.837512,-0.859628,0.467493,-0.205968,-0.502549,-0.701647,0.504973,0.004067,-0.019162,0.018134,-0.284533,-1.71884,-0.971776,0.179712,0.055642,0.041159,-0.009854,-0.040031,-0.534056,0.8445,0.862116,-0.445725,-0.241008,0.505127,0.718409,0.478261,0.008014,-0.007436,0.009823,-1.300565,-1.241033,-1.374947,0.053435,0.07854,0.021045,-0.054406,-0.351721,0.563102,-0.747802,-0.563613,-0.765209,-0.311119,-0.747417,0.312043,0.586512,-0.000821,-0.009944,0.009528,-0.032942,0.23409,0.281472,-0.404326
617,0.081162,-0.006969,0.379125,-0.320868,0.548935,-0.771854,-0.598171,-0.749241,-0.284255,-0.73395,0.369805,0.569726,-0.001525,-0.019596,0.01929,-0.003937,0.492946,0.399987,-0.261536,-0.06937,0.044818,0.35074,0.095838,0.586774,0.804054,-0.868164,0.444425,-0.220705,-0.486936,-0.677628,0.550977,0.002889,-0.015698,0.020664,-0.796187,-1.516242,-0.042727,0.220753,0.055858,0.040874,-0.009461,-0.043729,-0.585407,0.809558,0.869382,-0.421527,-0.257854,0.492201,0.69254,0.527375,0.001388,-0.007723,0.010412,-0.855225,-1.53388,0.029101,0.088706,0.07851,0.020731,-0.054094,-0.357714,0.565587,-0.743068,-0.561282,-0.766167,-0.312967,-0.746325,0.305119,0.591523,-0.000764,-0.009779,0.00966,-0.006148,0.456524,0.380893,-0.401877
618,0.08109,-0.007385,0.379565,-0.321637,0.54882,-0.771616,-0.599138,-0.748937,-0.283016,-0.732824,0.370589,0.570666,-0.000722,-0.009675,0.009743,-0.034755,0.01743,-0.016167,-0.256302,-0.069026,0.044419,0.351497,0.101451,0.630694,0.769366,-0.875501,0.42387,-0.231876,-0.472452,-0.650842,0.594186,0.014832,-0.011252,0.02232,0.153489,-1.558071,-0.478638,0.26308,0.056024,0.040681,-0.009089,-0.04965,-0.62691,0.777507,0.875886,-0.401421,-0.267737,0.479955,0.667716,0.569032,0.001323,-0.007541,0.01055,0.124112,-1.313497,-0.136553,0.140632,0.078474,0.020527,-0.053878,-0.359408,0.566728,-0.741379,-0.562408,-0.765518,-0.312534,-0.744662,0.304631,0.593866,-0.000357,-0.004801,0.0049,-0.035811,0.011926,-0.018274,-0.398448
619,0.081031,-0.007496,0.379697,-0.325382,0.546701,-0.771551,-0.594885,-0.752543,-0.282424,-0.734629,0.366404,0.571048,-0.013363,0.003227,0.002127,-0.000984,0.014716,-0.029552,-0.257226,-0.068807,0.044261,0.35184,0.102498,0.647684,0.754977,-0.879592,0.413471,-0.235142,-0.464558,-0.640778,0.611107,0.012822,-0.001753,0.013171,0.007657,-0.974954,-0.238192,0.277179,0.056132,0.040603,-0.008911,-0.050766,-0.646226,0.761454,0.879387,-0.390321,-0.272628,0.473391,0.655774,0.588098,0.007466,-0.00581,0.011018,-0.251532,-1.174081,-0.385719,0.167085,0.078444,0.020468,-0.053807,-0.363031,0.564377,-0.741408,-0.557974,-0.768928,-0.312113,-0.746239,0.30038,0.594052,-0.00669,0.001605,0.001058,-0.002162,0.013972,-0.029355,-0.397468
620,0.080946,-0.007586,0.379845,-0.329519,0.544303,-0.77149,-0.590478,-0.756355,-0.281488,-0.736332,0.362112,0.571592,6.1e-05,0.000186,0.000141,2e-06,1e-06,-2e-06,-0.259599,-0.068414,0.044004,0.352487,0.109122,0.685181,0.720146,-0.887218,0.393848,-0.240128,-0.448267,-0.613579,0.649954,0.000378,-0.004742,0.01258,0.245576,-1.602667,-0.054918,0.287917,0.056328,0.040479,-0.008597,-0.057311,-0.681543,0.72953,0.886488,-0.370835,-0.276801,0.459188,0.630856,0.625433,9.2e-05,-0.002136,0.006446,0.18946,-1.338372,-0.133219,0.196477,0.078402,0.020423,-0.053733,-0.367021,0.561764,-0.741428,-0.553375,-0.772532,-0.311399,-0.74771,0.295998,0.594402,2.7e-05,9.2e-05,7.1e-05,-0.001164,0.00011,0.000342,-0.397632
621,0.08092,-0.007673,0.379945,-0.333229,0.542108,-0.771442,-0.586097,-0.759958,-0.280938,-0.738155,0.357845,0.571928,0.0,1e-06,0.0,8e-06,3e-06,-6e-06,-0.259645,-0.06817,0.043673,0.353125,0.107533,0.715202,0.690589,-0.894849,0.37232,-0.246084,-0.433226,-0.592404,0.679143,0.00062,-0.005446,0.012077,-0.926005,-0.870058,-1.211496,0.295677,0.056455,0.040316,-0.008276,-0.060522,-0.711926,0.699641,0.891132,-0.354315,-0.28345,0.449689,0.606318,0.655864,0.006418,-0.000933,0.006539,0.141258,-0.941111,0.170186,0.21052,0.078389,0.02038,-0.053683,-0.370604,0.559378,-0.741449,-0.548815,-0.775914,-0.31106,-0.749302,0.291638,0.594552,-6e-06,-1.5e-05,-9e-06,-0.001085,0.000198,0.000224,-0.398285
622,0.080902,-0.007845,0.380084,-0.334245,0.541587,-0.771369,-0.586199,-0.760277,-0.27986,-0.737614,0.357956,0.572557,-4e-06,-1.3e-05,-1e-05,0.0,0.0,0.0,-0.26023,-0.067926,0.043322,0.353725,0.107439,0.739155,0.664904,-0.898864,0.35802,-0.252584,-0.424854,-0.571445,0.702006,0.00099,-0.006518,0.011313,-3.517007,0.494684,-3.764443,0.297605,0.056577,0.040136,-0.007967,-0.061293,-0.737514,0.672544,0.894425,-0.339643,-0.29094,0.442997,0.583708,0.680468,0.001615,-0.008364,0.009986,0.154072,-1.061014,0.031196,0.217052,0.078379,0.020293,-0.053614,-0.371579,0.558811,-0.741389,-0.548912,-0.776272,-0.309993,-0.748748,0.29177,0.595185,-0.000423,-0.005023,0.004732,-0.03525,0.017108,-0.015888,-0.398122
623,0.080884,-0.007925,0.380164,-0.334702,0.541363,-0.771328,-0.586277,-0.760402,-0.27936,-0.737345,0.358032,0.572856,-0.000844,-0.010044,0.009469,-0.034777,0.017284,-0.016234,-0.259839,-0.067793,0.043121,0.354037,0.108758,0.748881,0.653713,-0.897995,0.356083,-0.258347,-0.426355,-0.559871,0.710372,0.001062,-0.006727,0.011166,0.131307,-0.760466,0.201264,0.297005,0.056644,0.040035,-0.007811,-0.058376,-0.748177,0.660925,0.895189,-0.332257,-0.297052,0.441845,0.574313,0.689156,0.001657,-0.008482,0.009905,0.110415,-0.838287,0.168754,0.217868,0.078371,0.020257,-0.053578,-0.372,0.558571,-0.741358,-0.548971,-0.776418,-0.309523,-0.748496,0.291842,0.595467,-2e-06,3e-06,5e-06,-0.00039,-0.000144,0.000287,-0.398285
624,0.080851,-0.008056,0.380282,-0.338495,0.539091,-0.771263,-0.581918,-0.76399,-0.278681,-0.739058,0.353805,0.573274,-8.8e-05,-0.000267,-0.000203,0.0,0.0,-0.0,-0.257629,-0.067563,0.042519,0.354708,0.105187,0.765996,0.634175,-0.897041,0.348375,-0.271821,-0.429248,-0.541248,0.722953,0.004079,-0.019107,0.018314,0.131179,-0.748036,-0.284436,0.293337,0.056759,0.039732,-0.007471,-0.055782,-0.764407,0.642316,0.89349,-0.325329,-0.309572,0.445603,0.556635,0.701138,0.002043,-0.009604,0.009112,0.152465,-0.868957,-0.355076,0.216399,0.078354,0.020188,-0.053515,-0.375686,0.556093,-0.741362,-0.544435,-0.7798,-0.309032,-0.749966,0.287525,0.595717,-5.9e-05,-0.000169,-0.000127,-0.000573,5.3e-05,0.000205,-0.397305
625,0.080794,-0.00812,0.380361,-0.339143,0.538735,-0.771228,-0.58191,-0.764234,-0.278027,-0.738767,0.353819,0.57364,-0.0,-0.0,-0.0,-0.00733,0.083726,-0.18026,-0.258313,-0.06741,0.041729,0.355524,0.100032,0.778235,0.619948,-0.899791,0.336737,-0.277342,-0.424693,-0.531055,0.73313,0.003519,-0.017498,0.019493,-3.41482,1.250491,-4.273951,0.285821,0.056836,0.03934,-0.007073,-0.055548,-0.776879,0.627193,0.893712,-0.31877,-0.315695,0.445187,0.542994,0.712014,0.001613,-0.008364,0.010019,0.037971,-0.429008,-0.043927,0.208398,0.078326,0.020156,-0.053476,-0.376185,0.555796,-0.741332,-0.544466,-0.779991,-0.308493,-0.749693,0.28758,0.596034,-1e-06,5e-06,6e-06,-0.000282,-9.2e-05,0.000219,-0.397142
626,0.080762,-0.008136,0.380386,-0.339381,0.538601,-0.771217,-0.581892,-0.764332,-0.277794,-0.738671,0.353812,0.573768,-0.0,-0.0,-0.0,0.0,0.0,0.0,-0.259096,-0.067248,0.041313,0.356009,0.101441,0.785637,0.610308,-0.899607,0.334398,-0.280749,-0.424751,-0.521542,0.739894,0.003092,-0.016262,0.020389,0.134531,-0.758636,-0.248424,0.286308,0.056918,0.039124,-0.006824,-0.052691,-0.783827,0.618738,0.895335,-0.311488,-0.318353,0.442264,0.537204,0.718201,0.001516,-0.008096,0.010211,0.175342,-0.914064,-0.350423,0.206112,0.07831,0.020148,-0.053463,-0.376533,0.555564,-0.74133,-0.5444,-0.780169,-0.308162,-0.749567,0.287547,0.596209,-2e-06,2e-06,5e-06,-0.000233,-9.3e-05,0.000171,-0.397142
627,0.08068,-0.008133,0.380412,-0.343139,0.536221,-0.771212,-0.577203,-0.768064,-0.277283,-0.740605,0.349328,0.574022,-0.0,-0.0,-0.0,0.0,0.0,-0.0,-0.257574,-0.066805,0.040538,0.35703,0.098458,0.796886,0.596045,-0.900651,0.32613,-0.287055,-0.423233,-0.509564,0.749053,0.002571,-0.014756,0.02149,0.330902,-0.64457,-0.354974,0.289994,0.05714,0.038736,-0.006314,-0.050087,-0.794819,0.604775,0.895907,-0.303379,-0.324514,0.441406,0.525569,0.72728,0.001245,-0.007309,0.010784,0.329195,-0.571016,-0.320539,0.207418,0.078269,0.020149,-0.053451,-0.380166,0.552986,-0.741403,-0.539509,-0.783673,-0.307872,-0.751267,0.282951,0.596267,-2e-06,1e-06,8e-06,-0.000382,4e-06,0.000174,-0.397632
628,0.080607,-0.008124,0.380417,-0.343553,0.535953,-0.771214,-0.577063,-0.768297,-0.27693,-0.740522,0.349228,0.57419,-0.000323,-0.000978,-0.000745,0.0,0.0,0.0,-0.256265,-0.066338,0.039811,0.358093,0.101216,0.803849,0.586152,-0.899973,0.325137,-0.290292,-0.424029,-0.499146,0.75559,0.002566,-0.01474,0.021527,0.002488,-0.287712,0.00944,0.290456,0.057372,0.038381,-0.005789,-0.052789,-0.803111,0.593485,0.894863,-0.301815,-0.328824,0.443205,0.51373,0.734608,0.008405,-0.010275,0.015922,-0.02571,-0.330989,0.034421,0.209377,0.078233,0.020156,-0.053446,-0.38056,0.552702,-0.741413,-0.539363,-0.783907,-0.307531,-0.751172,0.282857,0.596431,-0.00022,-0.000663,-0.000498,-0.000192,-7.6e-05,0.000155,-0.396815
629,0.080581,-0.008104,0.380432,-0.343829,0.535774,-0.771215,-0.576969,-0.768452,-0.276694,-0.740467,0.349161,0.574301,0.00028,0.000848,0.000646,0.0,0.0,0.0,-0.258276,-0.06576,0.03911,0.359197,0.099361,0.810086,0.577823,-0.897728,0.323491,-0.298952,-0.429193,-0.490039,0.758629,0.014577,-0.010315,0.023149,0.010966,-0.307868,0.06548,0.283548,0.057656,0.038028,-0.005238,-0.051066,-0.80928,0.585198,0.892179,-0.300283,-0.337412,0.448786,0.504871,0.737357,0.00855,-0.010667,0.015664,-0.026393,-0.224501,-0.144127,0.206928,0.078219,0.020162,-0.053442,-0.380821,0.552511,-0.741421,-0.539265,-0.784064,-0.307303,-0.75111,0.282795,0.596539,0.000157,0.00048,0.000367,-0.000139,-5.2e-05,0.0001,-0.396488
630,0.080583,-0.008097,0.380437,-0.343935,0.535704,-0.771217,-0.576933,-0.768512,-0.276602,-0.740446,0.349136,0.574344,5.8e-05,0.000176,0.000134,0.0,0.0,0.0,-0.259486,-0.065439,0.03875,0.359752,0.097814,0.813376,0.573449,-0.897199,0.321455,-0.302713,-0.430651,-0.485908,0.760458,0.017092,-0.021185,0.031469,-0.046396,-0.203446,-0.12191,0.275558,0.057816,0.037853,-0.004963,-0.049818,-0.812547,0.580762,0.891417,-0.298421,-0.341056,0.450436,0.500711,0.739185,0.007377,-0.005453,0.011362,-0.008611,-0.227191,-0.107899,0.20056,0.07822,0.020167,-0.053438,-0.380922,0.552437,-0.741424,-0.539227,-0.784125,-0.307214,-0.751086,0.282771,0.59658,3.3e-05,9.9e-05,7.7e-05,-0.000106,-3.5e-05,0.0001,-0.396978
631,0.080586,-0.00809,0.380442,-0.344042,0.535634,-0.771218,-0.576897,-0.768573,-0.27651,-0.740424,0.349111,0.574387,0.0,0.0,0.0,0.0,0.0,0.0,-0.261333,-0.064736,0.038122,0.360798,0.093899,0.818235,0.567155,-0.896301,0.317504,-0.309466,-0.433379,-0.48031,0.762462,0.014809,-0.010931,0.022745,-0.03518,-0.127271,-0.051816,0.266419,0.058168,0.037535,-0.004437,-0.046065,-0.817398,0.574228,0.890123,-0.294487,-0.347788,0.453384,0.495113,0.741151,0.0087,-0.011059,0.015412,-0.073665,-0.115708,-0.066016,0.18717,0.078222,0.020171,-0.053435,-0.381022,0.552364,-0.741428,-0.539191,-0.784185,-0.307126,-0.751062,0.28275,0.596621,-2e-06,-1.3e-05,-9e-06,-6.2e-05,-2.7e-05,6.4e-05,-0.397795
632,0.080594,-0.008099,0.380436,-0.347453,0.533423,-0.771221,-0.572251,-0.772114,-0.276297,-0.742429,0.344664,0.574485,-1.5e-05,-4.5e-05,-3.4e-05,1.278652,0.458089,-0.952472,-0.264208,-0.063987,0.03768,0.361738,0.094222,0.82029,0.564126,-0.897296,0.315475,-0.308656,-0.431244,-0.478135,0.765035,0.02475,0.003137,0.01514,-0.028039,-0.046249,0.058604,0.265462,0.058538,0.03731,-0.003963,-0.046476,-0.819371,0.571375,0.891123,-0.29247,-0.346929,0.451374,0.493042,0.743754,0.007503,-0.005773,0.011151,-0.072926,0.004283,-0.006018,0.181455,0.078225,0.020166,-0.053439,-0.384039,0.550172,-0.7415,-0.534777,-0.787206,-0.307112,-0.752679,0.278595,0.596538,-1.2e-05,-2.6e-05,-2.5e-05,1.297352,0.457874,-0.958732,-0.399591
633,0.080606,-0.008095,0.380439,-0.347414,0.533448,-0.771221,-0.572264,-0.772093,-0.27633,-0.742437,0.344673,0.574469,2.4e-05,7.2e-05,5.5e-05,0.0,0.0,-0.0,-0.265184,-0.063656,0.037532,0.36216,0.089825,0.821003,0.563806,-0.899621,0.309817,-0.307618,-0.427316,-0.48061,0.765688,0.014542,-0.010143,0.023317,-0.066243,-0.026422,0.008187,0.264389,0.058709,0.037238,-0.003757,-0.042126,-0.819852,0.571022,0.893342,-0.286836,-0.345924,0.447397,0.495546,0.744492,0.006093,8e-05,0.007275,-0.032216,-0.024474,0.033168,0.179658,0.078232,0.020168,-0.053437,-0.384283,0.549998,-0.741503,-0.534367,-0.787468,-0.307157,-0.752846,0.2782,0.596511,1.6e-05,4.3e-05,3.3e-05,-0.0003,6.6e-05,6.2e-05,-0.400244
634,0.080611,-0.008074,0.380442,-0.347609,0.533312,-0.771227,-0.572176,-0.772215,-0.276171,-0.742413,0.34461,0.574538,0.000324,0.000981,0.000747,0.0,0.0,0.0,-0.266118,-0.063008,0.037394,0.362874,0.084743,0.821441,0.563954,-0.901214,0.304648,-0.308117,-0.424985,-0.483162,0.765379,0.012433,-0.000478,0.014119,-0.031056,-0.027883,0.03123,0.26078,0.059028,0.037169,-0.0034,-0.036987,-0.82013,0.57098,0.894777,-0.281601,-0.346517,0.444978,0.498083,0.744249,0.00611,3e-05,0.007237,-0.032183,-0.028356,0.031674,0.176719,0.078233,0.020176,-0.053437,-0.384468,0.549854,-0.741514,-0.534276,-0.787589,-0.307003,-0.752816,0.278141,0.596578,0.000222,0.00067,0.00051,0.000938,-0.012181,0.026215,-0.401551
635,0.080601,-0.008064,0.380437,-0.347738,0.533221,-0.771232,-0.572111,-0.772299,-0.27607,-0.742403,0.344562,0.574579,0.0,0.0,0.0,0.0,0.0,0.0,-0.264872,-0.062467,0.037434,0.363373,0.076613,0.822525,0.563537,-0.905094,0.294506,-0.306603,-0.418221,-0.487595,0.766293,0.012637,-0.001065,0.013703,-3.145442,1.666526,-4.203728,0.244575,0.059303,0.037189,-0.003145,-0.033736,-0.820664,0.570414,0.896849,-0.276724,-0.345086,0.441048,0.499933,0.745347,0.005199,0.004446,0.00234,0.002014,-0.015163,0.029327,0.164962,0.078229,0.020184,-0.053438,-0.384588,0.54976,-0.741522,-0.534211,-0.787671,-0.306907,-0.752801,0.278097,0.596617,-2e-06,-8e-06,-6e-06,-7.6e-05,-3.1e-05,6.3e-05,-0.401877
636,0.080601,-0.008056,0.380417,-0.347723,0.533218,-0.771241,-0.572074,-0.772315,-0.276104,-0.742439,0.344532,0.574552,-0.000275,-0.000832,-0.000633,0.0,0.0,0.0,-0.263825,-0.062203,0.03755,0.36355,0.077859,0.822535,0.563352,-0.905093,0.29529,-0.305851,-0.417994,-0.487104,0.766729,0.012456,-0.000573,0.014042,-0.031035,-0.027942,0.031198,0.237619,0.059435,0.037245,-0.003057,-0.030103,-0.821043,0.570071,0.898516,-0.272091,-0.344432,0.437906,0.50185,0.745912,0.005112,0.004684,0.002507,0.00414,-0.029129,0.054559,0.154675,0.07823,0.02019,-0.053446,-0.384572,0.54976,-0.74153,-0.534176,-0.787681,-0.306941,-0.752834,0.278067,0.596588,-0.000184,-0.000566,-0.000431,-6.9e-05,-1.7e-05,4.1e-05,-0.401551
637,0.080618,-0.008059,0.38039,-0.347807,0.533148,-0.771251,-0.572003,-0.772387,-0.276049,-0.742454,0.344478,0.574565,-3.5e-05,-0.000105,-8e-05,0.0,0.0,0.0,-0.262061,-0.061764,0.037827,0.363813,0.074804,0.822978,0.563119,-0.906775,0.291146,-0.304841,-0.414892,-0.488851,0.767302,0.010328,0.009064,0.004808,0.003411,-0.028854,0.053412,0.224116,0.059655,0.037381,-0.002922,-0.027027,-0.821411,0.569695,0.90014,-0.267859,-0.343508,0.43476,0.503522,0.746624,0.005288,0.004176,0.002146,-0.000432,-0.013499,0.026843,0.13704,0.078237,0.020186,-0.053462,-0.384652,0.549686,-0.741543,-0.534102,-0.787751,-0.306891,-0.752846,0.278014,0.596599,-1.7e-05,-5.1e-05,-3.9e-05,-4.2e-05,-2.6e-05,2.9e-05,-0.400734
638,0.080682,-0.00805,0.380372,-0.347755,0.533167,-0.771262,-0.571979,-0.772383,-0.276111,-0.742497,0.344459,0.574521,0.000143,0.000434,0.000331,-0.007327,0.08374,-0.180254,-0.26166,-0.061432,0.038044,0.364013,0.070741,0.826636,0.558265,-0.908002,0.285102,-0.306893,-0.412911,-0.486232,0.770029,0.010799,0.007728,0.003872,0.101432,-0.335779,-0.124851,0.193066,0.05982,0.037491,-0.002821,-0.023153,-0.824292,0.56569,0.90125,-0.262103,-0.345035,0.432679,0.50184,0.748962,0.005588,0.003337,0.001559,0.155745,-0.515252,-0.272848,0.110097,0.078269,0.02019,-0.053471,-0.3846,0.549709,-0.741553,-0.53408,-0.787742,-0.306952,-0.752888,0.277995,0.596554,8.2e-05,0.000249,0.000188,-0.007353,0.083734,-0.180225,-0.400244
639,0.080713,-0.008042,0.380354,-0.347783,0.533134,-0.771272,-0.571927,-0.772423,-0.276105,-0.742523,0.344419,0.57451,0.0,0.0,0.0,0.0,0.0,0.0,-0.26205,-0.061157,0.038126,0.364166,0.065944,0.830266,0.553445,-0.909278,0.278466,-0.309198,-0.410887,-0.483886,0.772586,0.011445,0.005937,0.002622,0.018557,-0.074655,0.027798,0.156297,0.059958,0.037533,-0.002744,-0.018332,-0.828802,0.559241,0.902052,-0.254955,-0.348279,0.431236,0.49808,0.752297,0.005989,0.002234,0.000794,0.006943,-0.025069,0.027612,0.06062,0.078285,0.020195,-0.05348,-0.384626,0.549675,-0.741565,-0.534026,-0.78778,-0.306949,-0.752912,0.277955,0.596542,-2e-06,-2e-06,-2e-06,-3.2e-05,-1.7e-05,2.6e-05,-0.400244
640,0.080713,-0.008042,0.380354,-0.347783,0.533134,-0.771272,-0.571927,-0.772423,-0.276105,-0.742523,0.344419,0.57451,0.0,0.0,0.0,0.007324,-0.08375,0.180249,-0.262389,-0.061033,0.038128,0.364236,0.062123,0.834203,0.547939,-0.911404,0.271223,-0.309378,-0.406747,-0.48122,0.776432,0.011768,0.005047,0.002001,0.0353,-0.127328,-0.036074,0.143299,0.060024,0.037536,-0.002708,-0.014706,-0.832703,0.553524,0.903987,-0.247647,-0.348535,0.427305,0.495253,0.756394,0.005895,0.002484,0.000967,0.028462,-0.079951,-0.008516,0.040861,0.078285,0.020195,-0.05348,-0.384626,0.549675,-0.741565,-0.534026,-0.78778,-0.306949,-0.752912,0.277955,0.596542,-0.0,-1e-06,-2e-06,0.0073,-0.083738,0.180282,-0.400244
641,0.080705,-0.008033,0.38036,-0.34791,0.53305,-0.771273,-0.571883,-0.772495,-0.275995,-0.742498,0.344389,0.574561,0.0,1e-06,1e-06,0.0,0.0,0.0,-0.262048,-0.060857,0.038044,0.364363,0.05975,0.841603,0.536773,-0.913963,0.262389,-0.309447,-0.401321,-0.473157,0.784173,-1e-06,2e-06,1e-06,0.082582,-0.311117,0.048079,0.119415,0.060112,0.037494,-0.002645,-0.012647,-0.839914,0.54257,0.906325,-0.238842,-0.348609,0.42239,0.487337,0.764256,1.8e-05,-5.2e-05,-3.9e-05,0.084858,-0.302208,0.051594,0.005917,0.078281,0.0202,-0.053476,-0.384748,0.549585,-0.741568,-0.533978,-0.787854,-0.306843,-0.752884,0.277924,0.596591,-1e-06,-5e-06,-5e-06,-2.8e-05,6e-06,2.8e-05,-0.400244
642,0.080705,-0.008033,0.38036,-0.35106,0.530981,-0.771273,-0.567299,-0.775867,-0.275995,-0.744524,0.339986,0.574561,0.0,0.0,0.0,0.0,0.0,-0.0,-0.258711,-0.060737,0.037944,0.364496,0.055987,0.846609,0.529254,-0.914806,0.255908,-0.312368,-0.399936,-0.467738,0.788121,-0.000154,0.000422,0.000294,0.02811,-0.087277,-0.050881,0.106869,0.060173,0.037442,-0.002579,-0.009064,-0.844976,0.534726,0.906811,-0.232318,-0.351739,0.421438,0.481708,0.76834,-9.4e-05,0.000252,0.000175,0.03659,-0.162035,0.138183,-0.019229,0.078281,0.020199,-0.053476,-0.387794,0.547345,-0.741638,-0.529207,-0.790986,-0.307048,-0.754688,0.273409,0.596399,1e-06,-2e-06,-0.0,-0.000472,0.000298,-4.6e-05,-0.399591
643,0.080705,-0.00804,0.380367,-0.351077,0.530976,-0.771268,-0.567314,-0.775865,-0.275971,-0.744504,0.339999,0.574579,0.0,0.0,0.0,0.0,0.0,-0.0,-0.259092,-0.060711,0.037865,0.364584,0.052097,0.850006,0.524183,-0.91581,0.250021,-0.31419,-0.398157,-0.46475,0.790785,-0.000133,0.000364,0.000254,0.101574,-0.366399,0.01601,0.105509,0.060185,0.037407,-0.002538,-0.005311,-0.84753,0.530719,0.907728,-0.226742,-0.353011,0.419524,0.479874,0.770531,-9.6e-05,0.000252,0.000172,0.168821,-0.58414,-0.118424,-0.024945,0.078281,0.020196,-0.053473,-0.387812,0.547339,-0.741633,-0.529226,-0.790984,-0.307021,-0.754666,0.273426,0.59642,3e-06,-1e-06,-0.0,-0.000182,1.6e-05,0.000111,-0.398775
644,0.080705,-0.008033,0.38036,-0.351184,0.530897,-0.771274,-0.567255,-0.775937,-0.275888,-0.744498,0.339957,0.574611,0.000844,0.010038,-0.009475,0.034776,-0.017285,0.016233,-0.261165,-0.060681,0.037728,0.364727,0.05041,0.853406,0.518796,-0.916693,0.245761,-0.314976,-0.396336,-0.460769,0.794023,-0.00014,0.000383,0.000267,0.012525,-0.038029,-0.022149,0.092617,0.0602,0.037335,-0.002463,-0.00378,-0.851681,0.524046,0.908294,-0.222144,-0.354476,0.418314,0.474649,0.774416,-7e-05,0.000187,0.00013,-0.000397,0.005628,0.00672,-0.036702,0.078281,0.020199,-0.053476,-0.387911,0.547259,-0.741641,-0.529169,-0.791054,-0.306942,-0.754655,0.273387,0.596451,0.000425,0.005017,-0.004738,0.034685,-0.017317,0.01632,-0.398775
645,0.080702,-0.008047,0.380362,-0.351218,0.53088,-0.77127,-0.567264,-0.775945,-0.275848,-0.744475,0.339966,0.574636,-4e-06,-1.2e-05,-9e-06,0.0,0.0,0.0,-0.261989,-0.060705,0.037609,0.36483,0.05128,0.857149,0.512501,-0.918313,0.242217,-0.312995,-0.392456,-0.455661,0.798883,-0.012279,-0.003671,-0.001042,0.014815,-0.089646,0.139211,0.076016,0.060193,0.037277,-0.002411,-0.004732,-0.855387,0.517966,0.909924,-0.218513,-0.352547,0.414747,0.469642,0.779372,-6e-06,1.1e-05,8e-06,-0.005521,0.02052,0.013971,-0.057113,0.07828,0.020192,-0.053475,-0.387942,0.547241,-0.741638,-0.52918,-0.791061,-0.306902,-0.754631,0.2734,0.596475,3e-06,-1e-06,-2e-06,-5e-05,-1.6e-05,7e-05,-0.399591
646,0.080715,-0.008043,0.380366,-0.351179,0.530906,-0.77127,-0.567278,-0.775923,-0.275881,-0.744483,0.339976,0.57462,3e-06,1e-05,8e-06,0.0,0.0,0.0,-0.262965,-0.060771,0.037534,0.3648,0.04601,0.859254,0.509467,-0.92052,0.234601,-0.312313,-0.387907,-0.455683,0.801089,0.000683,-0.001875,-0.001305,0.014017,-0.096389,0.173384,0.051334,0.060155,0.03724,-0.002425,0.000303,-0.85722,0.514949,0.911976,-0.211016,-0.351809,0.41024,0.469728,0.781701,0.000378,-0.00104,-0.000725,0.012535,-0.091418,0.176924,-0.085036,0.078286,0.020195,-0.053473,-0.387903,0.54727,-0.741637,-0.529197,-0.791038,-0.306934,-0.754639,0.273412,0.59646,1e-06,0.0,0.0,-4.4e-05,-1e-05,3.7e-05,-0.400081
647,0.080717,-0.008036,0.380371,-0.351162,0.530918,-0.77127,-0.567284,-0.775913,-0.275897,-0.744487,0.33998,0.574613,2e-05,6.2e-05,4.7e-05,0.0,0.0,0.0,-0.26356,-0.060835,0.037494,0.364745,0.047735,0.860722,0.506824,-0.920085,0.235443,-0.31296,-0.388731,-0.452462,0.802514,-0.011538,-0.005713,-0.002463,0.016673,-0.094801,0.136198,0.037347,0.060127,0.037222,-0.002452,-0.001333,-0.858884,0.512168,0.911511,-0.211685,-0.352614,0.411272,0.466377,0.783164,-0.00562,-0.003263,-0.001516,0.007628,-0.057834,0.126788,-0.101038,0.078287,0.020198,-0.053471,-0.387886,0.547283,-0.741636,-0.529205,-0.791027,-0.306949,-0.754643,0.273417,0.596453,1.2e-05,3.6e-05,2.8e-05,-3.5e-05,4e-06,4e-05,-0.400244
648,0.080726,-0.008046,0.380377,-0.351157,0.530926,-0.771266,-0.567307,-0.775899,-0.27589,-0.744472,0.339999,0.574621,0.0,0.0,0.0,0.0,0.0,0.0,-0.264716,-0.061019,0.0373,0.364639,0.049247,0.860749,0.506633,-0.919977,0.236634,-0.312379,-0.3888,-0.451786,0.802862,-0.011065,-0.007033,-0.003386,-0.002044,0.015202,-0.029247,-0.004456,0.060034,0.037126,-0.002504,-0.003079,-0.858798,0.512304,0.911488,-0.213129,-0.3518,0.411313,0.465877,0.783441,-0.005573,-0.003402,-0.00161,-0.002222,0.015998,-0.028639,-0.145453,0.078292,0.020193,-0.053468,-0.387881,0.547292,-0.741632,-0.529228,-0.791014,-0.306941,-0.754628,0.273436,0.596462,0.0,-4e-06,-5e-06,-3e-05,2e-06,3.5e-05,-0.400734
649,0.080745,-0.008073,0.380395,-0.354303,0.528849,-0.771254,-0.562763,-0.779215,-0.275852,-0.746423,0.335636,0.574655,0.012616,-0.013001,0.007552,-0.033794,0.002565,0.013317,-0.267144,-0.061241,0.037105,0.3645,0.050142,0.859308,0.508985,-0.920167,0.237936,-0.310827,-0.388236,-0.453844,0.801973,-0.010903,-0.007502,-0.003716,0.0088,-0.063958,0.120919,-0.048149,0.059924,0.037027,-0.002575,-0.003792,-0.857257,0.514873,0.911809,-0.214371,-0.35021,0.410594,0.468139,0.782469,0.000517,-0.001421,-0.000987,0.00435,-0.013802,-0.009235,-0.196563,0.078296,0.020184,-0.053462,-0.390927,0.545036,-0.741694,-0.524479,-0.794105,-0.307111,-0.75637,0.268945,0.596297,2e-06,-1e-06,-1e-06,-0.000315,0.000122,5.2e-05,-0.401061
650,0.080756,-0.008083,0.380413,-0.354297,0.528865,-0.771246,-0.562807,-0.779189,-0.275836,-0.746393,0.335672,0.574673,5.4e-05,0.000164,0.000125,0.0,0.0,-0.0,-0.270629,-0.06134,0.037014,0.36444,0.046191,0.856691,0.513749,-0.922048,0.234474,-0.307867,-0.384238,-0.460555,0.800071,0.001299,-0.003586,-0.002504,-0.177359,0.515779,0.266577,-0.066511,0.059874,0.036982,-0.002605,0.000587,-0.855893,0.517151,0.913393,-0.210062,-0.348692,0.407077,0.472567,0.781644,0.000562,-0.00155,-0.001077,-0.003508,-0.008845,-0.020113,-0.218117,0.078306,0.020174,-0.05345,-0.390918,0.545061,-0.741681,-0.52455,-0.794068,-0.307085,-0.756326,0.269004,0.596328,4.1e-05,0.00012,9e-05,-0.000156,-3e-05,0.000111,-0.40253
651,0.080835,-0.008111,0.380483,-0.354161,0.528997,-0.771218,-0.563002,-0.779032,-0.275881,-0.74631,0.335828,0.574689,0.000496,0.001506,0.001146,0.0,0.0,0.0,-0.28222,-0.06156,0.036802,0.364325,0.048571,0.852314,0.520762,-0.922741,0.237921,-0.303113,-0.38228,-0.466874,0.797342,-0.010884,-0.007592,-0.003784,-0.035334,0.110315,0.026278,-0.106028,0.059765,0.036875,-0.002663,-0.002105,-0.849917,0.526911,0.914764,-0.214499,-0.342338,0.403981,0.481279,0.777925,0.000837,-0.002312,-0.001611,-0.024937,0.075395,0.007052,-0.253388,0.078346,0.020158,-0.053416,-0.390785,0.545201,-0.741647,-0.52476,-0.793916,-0.307121,-0.756249,0.269168,0.596351,0.000321,0.000976,0.000741,-9.1e-05,-4.6e-05,7.7e-05,-0.407429
652,0.080974,-0.008101,0.380609,-0.353815,0.529283,-0.771181,-0.563313,-0.778733,-0.276088,-0.74624,0.33607,0.57464,0.001167,0.003547,0.002696,0.0,0.0,0.0,-0.300591,-0.061845,0.036476,0.364071,0.048599,0.840912,0.538977,-0.92275,0.244395,-0.297888,-0.382254,-0.483918,0.787127,-0.009292,-0.012054,-0.006919,-0.184733,0.563088,0.253127,-0.177832,0.05962,0.036719,-0.002785,-0.001469,-0.839255,0.543734,0.914951,-0.220557,-0.33796,0.403559,0.496995,0.768202,-0.005835,-0.000836,-0.00782,-0.205557,0.69919,0.590297,-0.311193,0.078414,0.020161,-0.053356,-0.390452,0.545504,-0.7416,-0.525092,-0.793623,-0.30731,-0.756191,0.269419,0.596312,0.007443,0.000697,0.000692,0.001991,-0.026867,0.055726,-0.418043
653,0.081265,-0.008002,0.38083,-0.356312,0.527669,-0.771137,-0.55915,-0.781575,-0.276519,-0.748176,0.331993,0.574491,0.015878,0.004448,0.003694,0.002983,-0.026493,0.054987,-0.322868,-0.062237,0.036145,0.363659,0.046024,0.825812,0.562057,-0.923397,0.249852,-0.291282,-0.381005,-0.50663,0.77332,-0.009027,-0.012863,-0.007506,-0.21912,0.705699,0.111199,-0.259354,0.059429,0.036552,-0.002987,0.001549,-0.824124,0.566405,0.916018,-0.226035,-0.331388,0.401133,0.519351,0.754563,-0.004478,-0.006521,-0.003813,-0.260842,0.742711,0.359513,-0.380265,0.078553,0.020207,-0.053247,-0.392901,0.543726,-0.741613,-0.520761,-0.796249,-0.307888,-0.757916,0.265234,0.595998,0.001212,0.003699,0.002801,0.003467,-0.010421,0.023595,-0.434535
654,0.081461,-0.007902,0.380998,-0.356026,0.527901,-0.77111,-0.559399,-0.781336,-0.276692,-0.748126,0.332188,0.574444,0.003454,0.010548,0.007985,0.001068,-0.012108,0.026131,-0.325882,-0.062467,0.035972,0.363404,0.043602,0.817151,0.574765,-0.923906,0.251919,-0.287869,-0.380053,-0.5195,0.765208,-0.010639,-0.004635,-0.017753,-0.261564,0.88003,0.467021,-0.323151,0.059305,0.036462,-0.003121,0.004525,-0.815416,0.578857,0.916722,-0.227874,-0.328165,0.399498,0.532136,0.746479,-0.005241,-0.00252,-0.009017,-0.244701,0.808736,0.422926,-0.432518,0.078657,0.020256,-0.053164,-0.392594,0.543999,-0.741575,-0.521044,-0.795991,-0.308074,-0.757879,0.265446,0.595949,0.001814,0.005553,0.004198,0.000841,-0.012081,0.026217,-0.439107
1521,0.068742,0.082934,0.409637,-0.483625,0.553101,-0.678403,-0.808873,-0.578528,0.104885,-0.333869,0.598777,0.728027,-0.000378,-0.007312,0.010159,-0.033314,0.021447,-0.014215,0.034837,-0.07588,0.080175,0.376706,0.393347,0.310188,0.865478,-0.801501,0.57677,0.157688,-0.450739,-0.756087,0.474373,0.000853,-0.002487,-0.001223,0.44515,-1.260877,-0.363757,0.202426,0.052599,0.058563,0.003529,-0.345764,-0.313638,0.884351,0.82333,-0.553487,0.12561,0.450081,0.771545,0.449604,0.006903,-0.004392,0.004287,0.265416,-0.926543,-0.107681,0.078092,0.072301,0.065689,-0.038841,-0.519953,0.558259,-0.646525,-0.776275,-0.624645,0.084936,-0.356432,0.546044,0.758149,-0.00527,-0.001733,0.006177,-0.034323,0.036156,-0.043756,-0.162003
1522,0.068691,0.082835,0.409855,-0.483804,0.553237,-0.678164,-0.809045,-0.578191,0.105417,-0.333193,0.598976,0.728174,0.000254,-0.005714,0.010746,-0.032684,0.008066,0.011302,0.038962,-0.075774,0.080181,0.376704,0.396079,0.33498,0.854928,-0.809564,0.566637,0.153176,-0.433596,-0.753199,0.494519,0.011079,0.002544,0.000586,0.011887,-1.299511,-0.512623,0.216683,0.05265,0.05856,0.003524,-0.348641,-0.3379,0.874226,0.830042,-0.544513,0.120558,0.435291,0.767677,0.470311,0.0056,0.001061,0.000235,-4.397254,-1.809359,-2.824514,0.092298,0.072274,0.065633,-0.038729,-0.52015,0.558377,-0.646264,-0.776462,-0.624334,0.08551,-0.355738,0.546278,0.758306,0.000102,-0.002899,0.00536,-0.032708,0.00809,0.011306,-0.158411
1523,0.068629,0.082724,0.410225,-0.483849,0.555663,-0.676146,-0.809588,-0.577579,0.104602,-0.33181,0.597318,0.730165,0.000309,-0.005576,0.0108,-0.026141,0.037574,-0.005976,0.044119,-0.075554,0.080145,0.376755,0.396495,0.381662,0.834935,-0.822972,0.550699,0.139218,-0.407138,-0.742797,0.53137,0.000131,-0.000379,-0.000187,0.395432,-1.092732,-0.230254,0.237006,0.052764,0.058542,0.00355,-0.348233,-0.386632,0.85396,0.843299,-0.527032,0.105271,0.409363,0.756804,0.509576,0.005479,0.001438,0.000365,0.397263,-1.185218,-0.264615,0.122507,0.072243,0.06558,-0.038548,-0.520298,0.56091,-0.643947,-0.777041,-0.623748,0.08452,-0.354253,0.544349,0.760386,0.001098,0.002795,0.001019,-0.006939,-0.022251,0.024796,-0.150573
1524,0.068655,0.082732,0.41048,-0.483918,0.55583,-0.675959,-0.809811,-0.577183,0.105056,-0.331163,0.597544,0.730273,0.001772,0.004482,0.001627,2e-06,3e-06,2e-06,0.044315,-0.075244,0.080117,0.376886,0.398491,0.42505,0.81273,-0.832257,0.539851,0.12587,-0.385729,-0.727082,0.567827,0.002418,-0.010392,0.008461,0.432294,-1.181119,-0.306543,0.253053,0.052918,0.058532,0.003612,-0.350162,-0.42944,0.832446,0.851642,-0.515974,0.092057,0.389988,0.741182,0.546404,0.005322,0.001908,0.000598,0.279366,-0.779413,0.010398,0.147327,0.072256,0.065581,-0.038417,-0.520365,0.560867,-0.643931,-0.777292,-0.623343,0.0852,-0.353605,0.544858,0.760323,0.00102,0.002597,0.000944,0.00026,-0.01414,0.025151,-0.146981
1525,0.068691,0.082753,0.410583,-0.483792,0.555937,-0.675962,-0.809972,-0.576946,0.105123,-0.330957,0.597674,0.730261,0.002194,0.005553,0.002013,0.000655,-0.013324,0.025546,0.042677,-0.075064,0.080084,0.376982,0.399272,0.443928,0.802185,-0.836603,0.534241,0.120899,-0.375368,-0.71993,0.583662,0.013201,-0.006964,0.009484,0.373874,-1.119861,-0.25133,0.26385,0.053009,0.058512,0.003664,-0.351031,-0.449309,0.821521,0.855566,-0.510429,0.086413,0.380502,0.7332,0.56359,0.006588,-0.003462,0.004742,0.318501,-1.010261,-0.183848,0.159574,0.072273,0.065589,-0.038366,-0.520263,0.560967,-0.643926,-0.777452,-0.62313,0.085296,-0.353402,0.544998,0.760317,0.006106,0.000716,-0.00014,0.000982,-0.014826,0.029443,-0.147144
1526,0.068743,0.0828,0.410773,-0.48559,0.556079,-0.674553,-0.80993,-0.576529,0.107695,-0.328416,0.597943,0.731186,-3.3e-05,-0.006441,0.010485,-0.033334,0.021399,-0.01424,0.040653,-0.074579,0.080029,0.377243,0.40651,0.473861,0.78115,-0.838384,0.533175,0.113007,-0.363428,-0.70143,0.613008,0.010035,0.005581,0.00208,0.366325,-0.974676,0.121769,0.29612,0.053252,0.058483,0.003793,-0.358253,-0.480314,0.800595,0.857,-0.509395,0.077883,0.370411,0.714013,0.594121,0.004977,0.002891,0.001079,0.3907,-1.017813,0.096629,0.195171,0.072301,0.06562,-0.038273,-0.522021,0.560951,-0.642516,-0.777407,-0.622831,0.087851,-0.3509,0.545357,0.761219,0.000905,0.002299,0.000831,0.000362,-0.000314,0.000269,-0.14845
1527,0.068824,0.082816,0.410891,-0.485328,0.556239,-0.674611,-0.810176,-0.576184,0.107695,-0.328199,0.598127,0.731133,0.000832,0.002107,0.000761,0.0,0.0,0.0,0.037756,-0.074071,0.080076,0.377509,0.404664,0.507861,0.76047,-0.849066,0.51739,0.106433,-0.339893,-0.68939,0.639592,0.012284,-0.004288,0.010809,0.321312,-0.920937,0.130746,0.315546,0.053501,0.058508,0.003923,-0.356089,-0.513767,0.78054,0.867068,-0.493104,0.070992,0.348414,0.702061,0.62106,0.004744,0.003543,0.001396,0.460872,-1.057798,-0.130149,0.230279,0.072342,0.065626,-0.03821,-0.521779,0.561127,-0.642558,-0.777673,-0.622494,0.087891,-0.350671,0.54556,0.761178,0.000466,0.001186,0.000427,3e-05,-1.2e-05,-3.1e-05,-0.152532
1528,0.068856,0.08276,0.410964,-0.485306,0.556318,-0.674562,-0.810285,-0.576005,0.107835,-0.327964,0.598226,0.731158,1.6e-05,4e-05,1.5e-05,0.0,0.0,0.0,0.034591,-0.073555,0.080204,0.377693,0.401551,0.53663,0.742144,-0.859106,0.501372,0.102458,-0.317591,-0.679389,0.661385,0.021216,0.00784,0.002529,0.165247,-0.474374,0.244348,0.317952,0.053755,0.058572,0.00402,-0.352772,-0.54399,0.761331,0.87653,-0.47688,0.065407,0.327483,0.690404,0.645054,0.005181,0.002311,0.000794,0.143816,-0.427538,0.233789,0.243995,0.072358,0.065599,-0.038173,-0.521761,0.561205,-0.642505,-0.777789,-0.622328,0.08804,-0.350441,0.545669,0.761206,-3.5e-05,-8.6e-05,-3.1e-05,1.4e-05,1e-06,-2.3e-05,-0.154982
1529,0.068865,0.082724,0.410979,-0.485193,0.55637,-0.674599,-0.810369,-0.575893,0.107802,-0.327923,0.598285,0.731128,-0.000271,-0.000688,-0.000248,0.0,0.0,0.0,0.03382,-0.073306,0.080279,0.377755,0.397493,0.552022,0.732982,-0.865549,0.49067,0.100008,-0.304924,-0.674871,0.671888,0.010296,0.004802,0.001698,-0.993061,-0.726593,-0.964355,0.317503,0.053884,0.058609,0.00405,-0.349898,-0.557903,0.752538,0.881684,-0.467572,0.063305,0.316548,0.685652,0.655497,0.005113,0.002505,0.000903,-3.785799,-1.18484,-3.609682,0.245465,0.072362,0.065581,-0.038166,-0.521653,0.561264,-0.642541,-0.777878,-0.62222,0.088013,-0.350404,0.545731,0.761178,-0.000179,-0.000452,-0.000164,8e-06,1.6e-05,-1.8e-05,-0.156125
1530,0.068861,0.082613,0.410965,-0.485207,0.55639,-0.674573,-0.810391,-0.57585,0.107857,-0.327846,0.598308,0.731144,-0.0011,-0.002788,-0.001007,-0.000667,0.013295,-0.025561,0.032043,-0.07272,0.080459,0.377877,0.39188,0.577845,0.715903,-0.875104,0.474153,0.096471,-0.284173,-0.665013,0.690555,0.010315,0.004736,0.001666,0.203328,-0.513217,0.179323,0.3105,0.054181,0.0587,0.004112,-0.343525,-0.584705,0.734922,0.891361,-0.449425,0.059085,0.295745,0.675378,0.675572,0.005156,0.002371,0.000824,0.181518,-0.475215,0.203478,0.241872,0.072361,0.065526,-0.038172,-0.521668,0.561281,-0.642514,-0.777902,-0.622182,0.088071,-0.350329,0.545757,0.761195,-0.00056,-0.001424,-0.000516,-0.000661,0.013298,-0.025562,-0.157921
