frame,MLTx,MLTy,MLTz,MLTR1,MLTR2,MLTR3,MLTR4,MLTR5,MLTR6,MLTR7,MLTR8,MLTR9,MLTTVx,MLTTVy,MLTTVz,MLTRVx,MLTRVy,MLTRVz,MLGA,MRTx,MRTy,MRTz,MRTR1,MRTR2,MRTR3,MRTR4,MRTR5,MRTR6,MRTR7,MRTR8,MRTR9,MRTTVx,MRTTVy,MRTTVz,MRTRVx,MRTRVy,MRTRVz,MRGA,SLTx,SLTy,SLTz,SLTR1,SLTR2,SLTR3,SLTR4,SLTR5,SLTR6,SLTR7,SLTR8,SLTR9,SLTTVx,SLTTVy,SLTTVz,SLTRVx,SLTRVy,SLTRVz,SLGA,SRTx,SRTy,SRTz,SRTR1,SRTR2,SRTR3,SRTR4,SRTR5,SRTR6,SRTR7,SRTR8,SRTR9,SRTTVx,SRTTVy,SRTTVz,SRTRVx,SRTRVy,SRTRVz,SRGA
476,0.082341,-0.007427,0.363916,-0.450892,0.664498,-0.595973,-0.876506,-0.455764,0.154877,-0.168154,0.591379,0.788684,-0.0,-0.0,-0.0,0.0,0.0,0.0,0.421751,-0.098835,0.019039,0.337615,0.664258,0.733759,0.142651,-0.590271,0.397998,0.702219,0.45764,-0.551577,0.697275,0.000155,-0.000674,-0.000559,0.006342,-0.002881,-0.002377,-1.407537,0.045132,0.027762,-0.012297,-0.63991,-0.756958,0.132398,0.618211,-0.404768,0.673778,-0.456431,0.513007,0.726975,0.001117,-0.006143,0.003539,-0.053928,0.000799,-0.018294,-0.835029,0.078387,0.020741,-0.059099,-0.540347,0.615869,-0.57335,-0.786298,-0.612184,0.083454,-0.299599,0.495918,0.815049,2e-06,4e-06,4e-06,1.3e-05,2e-06,-4e-06,0.377346
477,0.082405,-0.007433,0.363912,-0.450746,0.664523,-0.596056,-0.876574,-0.455666,0.154782,-0.168193,0.591427,0.788639,2e-05,6e-05,5e-05,0.0,0.0,0.0,0.421253,-0.098886,0.01884,0.337578,0.673897,0.723096,0.15161,-0.591383,0.405126,0.697189,0.441857,-0.560398,0.700414,-0.012287,-0.006728,-0.003833,0.508488,-0.19458,-0.234239,-1.407564,0.045111,0.027664,-0.012315,-0.650733,-0.745873,0.142193,0.617601,-0.410986,0.670565,-0.441718,0.524177,0.728094,0.000415,-0.001795,-0.001483,-0.002893,0.02962,0.034624,-0.836825,0.078419,0.020738,-0.0591,-0.540204,0.615924,-0.573424,-0.786379,-0.612093,0.083363,-0.299644,0.495962,0.815005,1e-05,4.1e-05,3.5e-05,2e-06,2e-06,-1e-05,0.377182
478,0.082407,-0.007427,0.363918,-0.450727,0.664526,-0.596067,-0.876583,-0.455654,0.15477,-0.168198,0.591433,0.788634,4e-06,1.2e-05,1e-05,0.0,0.0,0.0,0.420213,-0.099211,0.018596,0.337347,0.677513,0.718866,0.155563,-0.591158,0.406582,0.696533,0.436603,-0.564772,0.700196,-0.013677,0.001804,-0.014041,0.032014,0.024916,-0.032836,-1.407599,0.044949,0.027537,-0.012428,-0.65327,-0.742901,0.146063,0.619067,-0.413051,0.66794,-0.435882,0.526769,0.729739,-0.005886,-0.004504,-0.002861,-0.008824,0.030472,-0.052949,-0.831927,0.07842,0.020741,-0.059097,-0.540186,0.615931,-0.573434,-0.786389,-0.612081,0.083351,-0.29965,0.495967,0.815,-3e-06,-2e-06,-0.0,-1e-06,-1e-05,-8e-06,0.376692
479,0.082404,-0.007441,0.363919,-0.450759,0.664525,-0.596044,-0.876573,-0.455659,0.15481,-0.168164,0.59143,0.788643,-0.000117,-0.000358,-0.000297,0.0,0.0,0.0,0.420271,-0.099378,0.018465,0.337263,0.677277,0.718929,0.156295,-0.591592,0.406067,0.696463,0.436381,-0.565061,0.7001,-0.012323,-0.00666,-0.003789,-0.002043,0.015205,-0.029246,-1.407832,0.044867,0.027468,-0.01248,-0.653024,-0.742974,0.146791,0.619475,-0.41252,0.667889,-0.43567,0.527082,0.72964,0.00053,-0.002311,-0.001915,-0.002789,0.015085,-0.024313,-0.831437,0.078419,0.020735,-0.059096,-0.540218,0.615923,-0.573412,-0.78638,-0.612088,0.083391,-0.299617,0.495969,0.815011,-6.8e-05,-0.000203,-0.000169,7e-06,-1e-06,-5e-06,0.376366
480,0.082411,-0.007449,0.3639,-0.450762,0.66452,-0.596047,-0.876567,-0.455677,0.154792,-0.168188,0.591422,0.788644,-0.000267,-0.000813,-0.000674,0.0,0.0,0.0,0.419899,-0.099716,0.018255,0.337163,0.676078,0.720422,0.154604,-0.592654,0.407208,0.694893,0.436801,-0.56233,0.702034,-0.01287,-0.004292,-0.001822,0.50693,-0.221528,-0.218244,-1.407292,0.044699,0.027359,-0.012532,-0.652931,-0.743358,0.145255,0.618798,-0.412942,0.668256,-0.436772,0.526209,0.729611,0.000202,-0.000884,-0.00073,1.9e-05,0.00032,-0.000111,-0.833886,0.078423,0.020732,-0.059105,-0.54022,0.615918,-0.573416,-0.78637,-0.612103,0.083373,-0.299639,0.495957,0.81501,-0.000177,-0.000538,-0.000448,-1e-06,-1e-05,-8e-06,0.376202
481,0.082411,-0.007449,0.3639,-0.450762,0.66452,-0.596047,-0.876567,-0.455677,0.154792,-0.168188,0.591422,0.788644,-0.0,-0.0,-0.0,0.0,0.0,0.0,0.41844,-0.099784,0.018128,0.337199,0.687919,0.708131,0.159091,-0.587687,0.415053,0.694471,0.424871,-0.572121,0.701446,4e-06,-1.8e-05,-1.5e-05,0.000304,0.000827,0.000769,-1.407743,0.044659,0.027295,-0.012514,-0.663882,-0.732578,0.150297,0.615834,-0.421524,0.665631,-0.424273,0.534459,0.730989,0.000948,-0.005421,0.004149,-0.03893,0.010596,-0.006919,-0.834539,0.078422,0.02073,-0.059107,-0.54022,0.615918,-0.573416,-0.78637,-0.612103,0.083373,-0.299639,0.495957,0.81501,1e-06,8e-06,6e-06,-0.0,-0.0,-9e-06,0.375386
482,0.082402,-0.007448,0.363914,-0.450777,0.664522,-0.596033,-0.876565,-0.455671,0.154822,-0.168159,0.591424,0.788649,5.2e-05,0.000159,0.000132,0.0,0.0,0.0,0.417672,-0.099737,0.018036,0.337261,0.699431,0.695247,0.165592,-0.583625,0.422089,0.693655,0.411478,-0.582676,0.700741,0.00197,-0.011172,0.008008,-0.034448,0.02174,-0.036025,-1.407182,0.044682,0.027255,-0.012485,-0.67563,-0.720212,0.157536,0.611932,-0.428666,0.664668,-0.411171,0.545471,0.730341,1.4e-05,-4.9e-05,-3.1e-05,-0.010016,0.154233,-0.216736,-0.83013,0.078418,0.020731,-0.0591,-0.540236,0.615916,-0.573403,-0.786369,-0.612099,0.083402,-0.299611,0.495964,0.815016,-0.00681,0.001553,0.001034,-0.000992,0.01471,-0.029561,0.37457
483,0.082404,-0.007441,0.363919,-0.45063,0.664546,-0.596117,-0.876632,-0.455573,0.154727,-0.168198,0.591473,0.788604,0.0,1e-06,0.0,0.005617,-0.089716,0.17742,0.416512,-0.09945,0.01774,0.337543,0.728713,0.660973,0.179119,-0.571812,0.443583,0.690071,0.37574,-0.606112,0.700936,0.001716,-0.01004,0.008956,-0.024951,0.00455,-0.023429,-1.40722,0.044826,0.027103,-0.012341,-0.705522,-0.687256,0.172961,0.600744,-0.450504,0.660418,-0.375957,0.569845,0.730706,0.000848,-0.004956,0.004543,-0.053578,-0.001817,-0.012656,-0.827681,0.078419,0.020734,-0.059097,-0.540218,0.615923,-0.573412,-0.78638,-0.612088,0.083391,-0.299617,0.495969,0.815011,-2e-06,-7e-06,-6e-06,-6e-06,6e-06,-3e-06,0.37359
484,0.08241,-0.007456,0.363907,-0.450774,0.664523,-0.596035,-0.876566,-0.455669,0.15482,-0.168159,0.591424,0.788648,-2.7e-05,-8.4e-05,-6.9e-05,0.0,0.0,0.0,0.415984,-0.099069,0.017269,0.337956,0.743512,0.641429,0.189075,-0.568618,0.457859,0.683354,0.350811,-0.616394,0.704878,0.017504,-0.020944,0.015445,0.789469,0.888183,0.927207,-1.407336,0.045009,0.026881,-0.012136,-0.720413,-0.668674,0.184064,0.59706,-0.462915,0.655155,-0.352879,0.58188,0.732728,0.000864,-0.005527,0.003867,1.001866,3.768219,3.860873,-0.826865,0.078422,0.020726,-0.059103,-0.540234,0.615917,-0.573404,-0.786371,-0.612098,0.083401,-0.299612,0.495965,0.815016,-1.4e-05,-4.4e-05,-3.7e-05,2e-06,8e-06,-4e-06,0.372447
485,0.082431,-0.007453,0.363897,-0.450591,0.664548,-0.596145,-0.876646,-0.455562,0.154682,-0.168234,0.591478,0.788592,-0.0,-1e-06,-1e-06,0.0,0.0,0.0,0.416361,-0.098886,0.016993,0.338164,0.751642,0.629543,0.196729,-0.567805,0.466103,0.678439,0.334458,-0.622432,0.707516,0.002015,-0.011326,0.007896,0.508999,-0.061222,-0.386327,-1.407187,0.045107,0.026736,-0.012032,-0.72977,-0.656138,0.192142,0.595697,-0.472295,0.649678,-0.33553,0.588574,0.735526,0.007652,-0.00438,0.004141,0.60936,0.364053,-0.84298,-0.828498,0.078432,0.020728,-0.059108,-0.540054,0.615982,-0.573503,-0.786464,-0.611997,0.083266,-0.299692,0.496008,0.814959,2e-06,7e-06,5e-06,1.2e-05,5e-06,1e-06,0.37212
486,0.082495,-0.00746,0.363894,-0.450573,0.664552,-0.596155,-0.876655,-0.45555,0.15467,-0.168239,0.591484,0.788587,1.7e-05,5.1e-05,4.2e-05,0.0,0.0,0.0,0.416577,-0.098732,0.016357,0.338603,0.776932,0.592428,0.213066,-0.559031,0.493793,0.666024,0.288378,-0.637304,0.714525,-0.009218,-0.025452,0.015239,0.836617,0.963125,0.92017,-1.406681,0.045188,0.026424,-0.011814,-0.754406,-0.621774,0.210398,0.588537,-0.498773,0.636277,-0.29068,0.603839,0.742215,0.001908,-0.011351,0.007736,1.720528,3.965599,3.239856,-0.827191,0.078464,0.020725,-0.059109,-0.540036,0.61599,-0.573512,-0.786474,-0.611985,0.083254,-0.299697,0.496013,0.814954,8e-06,2.7e-05,2.2e-05,-0.005615,0.089717,-0.177421,0.372447
487,0.082559,-0.007466,0.363891,-0.450426,0.664576,-0.596238,-0.876722,-0.455452,0.154575,-0.168277,0.591532,0.788543,3.2e-05,9.8e-05,8.1e-05,0.0,0.0,0.0,0.415634,-0.098826,0.015783,0.338957,0.790719,0.571359,0.219781,-0.552027,0.510618,0.659143,0.263383,-0.643234,0.718848,-0.011316,-0.013824,0.007594,0.332804,0.019713,-0.114265,-1.406668,0.045142,0.02613,-0.011636,-0.769288,-0.60049,0.218189,0.581498,-0.516598,0.628478,-0.264679,0.610358,0.746597,0.000988,-0.005583,0.004033,0.630052,0.213005,0.169954,-0.820333,0.078496,0.020722,-0.059111,-0.539893,0.616045,-0.573587,-0.786555,-0.611894,0.083163,-0.299742,0.496057,0.814911,1.7e-05,5.4e-05,4.5e-05,1e-05,7e-06,2e-06,0.372283
488,0.082585,-0.007459,0.363911,-0.450341,0.664595,-0.596282,-0.876767,-0.455378,0.154539,-0.168275,0.591567,0.788517,8e-05,0.000244,0.000202,0.0,0.0,0.0,0.414868,-0.099371,0.015546,0.338978,0.803516,0.548948,0.230239,-0.545792,0.525333,0.652741,0.236353,-0.650834,0.721398,-0.026316,-0.006517,-0.001911,0.515041,-0.198055,-0.234989,-1.406429,0.044875,0.026011,-0.011621,-0.782872,-0.578131,0.229946,0.574801,-0.530584,0.622963,-0.238149,0.619874,0.74769,-0.006465,-0.002109,-0.000861,-0.014055,0.040959,0.010636,-0.816251,0.078509,0.020726,-0.059101,-0.539812,0.616081,-0.573625,-0.786609,-0.611828,0.08313,-0.299746,0.496094,0.814888,4.4e-05,0.000138,0.000114,-1.8e-05,-1.2e-05,-6e-06,0.371794
489,0.082581,-0.007437,0.363929,-0.450307,0.6646,-0.596302,-0.876783,-0.455355,0.154517,-0.168284,0.591579,0.788506,0.000426,0.001302,0.001079,0.0,0.0,0.0,0.414949,-0.099734,0.015507,0.33889,0.808943,0.539219,0.234191,-0.542078,0.530379,0.651754,0.226206,-0.654853,0.721014,-0.014849,0.006706,-0.010008,0.041597,0.006715,-0.010832,-1.406651,0.044689,0.025987,-0.011662,-0.787657,-0.569932,0.234036,0.572533,-0.536756,0.619757,-0.227599,0.622149,0.749084,-0.013061,-0.003665,-0.001281,-0.025984,0.03014,-0.055216,-0.814618,0.078507,0.020734,-0.059094,-0.539778,0.616094,-0.573643,-0.786629,-0.611806,0.083108,-0.299756,0.496105,0.814877,0.000244,0.000748,0.00062,0.000816,-0.012991,0.025712,0.371141
490,0.082542,-0.007438,0.363966,-0.450265,0.66462,-0.596311,-0.876816,-0.45528,0.154549,-0.168219,0.591615,0.788493,2e-05,6.3e-05,5.2e-05,0.0,0.0,0.0,0.414506,-0.100473,0.015493,0.338739,0.818565,0.519317,0.245464,-0.536613,0.539316,0.648937,0.203588,-0.663563,0.719791,-0.026601,-0.005244,-0.000869,0.002534,0.084486,-0.109469,-1.406111,0.044314,0.025979,-0.011743,-0.79759,-0.55062,0.246305,0.567181,-0.545607,0.616941,-0.205315,0.631766,0.747473,-0.013302,-0.002585,-0.000386,0.001667,0.081697,-0.107818,-0.811515,0.078488,0.020736,-0.059073,-0.539741,0.616121,-0.573649,-0.786676,-0.611741,0.083143,-0.299699,0.496152,0.814869,-0.0,6e-06,4e-06,-1.5e-05,-1e-05,-1e-06,0.370651
491,0.082536,-0.007491,0.364002,-0.450361,0.664631,-0.596227,-0.876801,-0.455248,0.154727,-0.168041,0.591627,0.788522,-0.000162,-0.000496,-0.000411,0.0,0.0,0.0,0.414193,-0.101064,0.01544,0.338707,0.816889,0.519371,0.250874,-0.540284,0.537148,0.647688,0.200603,-0.665278,0.719045,-0.015347,0.009036,-0.008076,0.034053,0.010009,-0.008244,-1.406358,0.044025,0.02595,-0.011756,-0.795787,-0.550838,0.251593,0.570723,-0.543285,0.615724,-0.202478,0.633575,0.746715,-9.8e-05,0.000448,0.000387,-0.014858,0.100085,-0.169339,-0.810862,0.078485,0.020711,-0.059054,-0.539839,0.61611,-0.573569,-0.786674,-0.611719,0.083323,-0.299527,0.496193,0.814907,-0.000585,-0.005575,0.004231,-0.034664,0.017697,-0.016047,0.370324
492,0.082534,-0.007514,0.364022,-0.450399,0.664638,-0.59619,-0.876798,-0.455226,0.154809,-0.167955,0.591636,0.788533,-3e-06,-9e-06,-7e-06,0.0,0.0,0.0,0.413168,-0.101302,0.015438,0.33871,0.816393,0.519552,0.252109,-0.541227,0.536516,0.647424,0.20008,-0.665647,0.71885,-0.013655,-0.000997,0.000913,-0.002045,0.015205,-0.029245,-1.406584,0.043911,0.025952,-0.011759,-0.795266,-0.551047,0.252779,0.571628,-0.542644,0.615449,-0.201972,0.633942,0.746541,-0.006724,-0.000963,7.9e-05,-0.002196,0.014805,-0.029352,-0.808739,0.078484,0.020697,-0.059045,-0.539879,0.616108,-0.573533,-0.786678,-0.611702,0.083407,-0.299444,0.496216,0.814924,-1e-06,-3e-06,-4e-06,7e-06,-1e-05,4e-06,0.369834
493,0.082523,-0.007545,0.364063,-0.450338,0.66467,-0.5962,-0.876851,-0.455105,0.154867,-0.167845,0.591693,0.788514,4.4e-05,0.000135,0.000112,0.0,0.0,0.0,0.413441,-0.101516,0.015537,0.338635,0.815642,0.519771,0.25408,-0.542739,0.535722,0.646815,0.19905,-0.666116,0.718701,-0.002044,0.011673,-0.007623,0.021607,0.096608,-0.149218,-1.406484,0.043794,0.025998,-0.011791,-0.794493,-0.551313,0.254623,0.573034,-0.541817,0.614869,-0.201026,0.634418,0.746392,-9.7e-05,0.000443,0.000375,-0.000109,-0.000141,-0.000183,-0.810862,0.078478,0.020682,-0.059025,-0.539824,0.61615,-0.573539,-0.786753,-0.611597,0.08347,-0.299345,0.496293,0.814914,2.7e-05,8.2e-05,6.7e-05,-6e-06,1e-06,-6e-06,0.369181
494,0.082507,-0.00758,0.364087,-0.450429,0.664673,-0.596128,-0.876828,-0.455102,0.155004,-0.167719,0.591692,0.788541,-8.5e-05,-0.000259,-0.000214,0.0,0.0,0.0,0.413447,-0.101382,0.015758,0.338615,0.814278,0.521206,0.255512,-0.545276,0.536294,0.644203,0.197706,-0.664533,0.720535,-0.000605,0.002747,0.002287,0.003345,-0.015354,0.024197,-1.406485,0.043861,0.026109,-0.011807,-0.792962,-0.552832,0.2561,0.575685,-0.542214,0.612037,-0.199492,0.632756,0.748212,0.006458,0.002165,0.000933,-0.02465,0.089626,-0.139649,-0.813148,0.078471,0.020665,-0.059013,-0.539917,0.616132,-0.573471,-0.786737,-0.611599,0.083607,-0.299222,0.496312,0.814947,-5.5e-05,-0.000169,-0.000142,-4e-06,-9e-06,-8e-06,0.369018
495,0.082491,-0.007614,0.364098,-0.450398,0.664691,-0.596131,-0.876857,-0.455033,0.155042,-0.167651,0.591724,0.788532,-4.5e-05,-0.000137,-0.000113,0.0,0.0,0.0,0.412783,-0.100966,0.016046,0.338755,0.814777,0.519928,0.256523,-0.544525,0.534769,0.646102,0.197718,-0.66676,0.718472,0.011825,0.009189,0.005899,-0.05721,-0.000886,0.07664,-1.406487,0.044069,0.026251,-0.011739,-0.793504,-0.551544,0.257194,0.574828,-0.540531,0.614328,-0.199807,0.635314,0.745956,0.005872,0.004772,0.003091,-0.032128,-0.006955,0.073988,-0.811842,0.078462,0.020647,-0.059008,-0.539889,0.616157,-0.573472,-0.78678,-0.611539,0.083648,-0.29916,0.496357,0.814943,-2.4e-05,-7.5e-05,-6.2e-05,1.1e-05,1e-06,-4e-06,0.368691
496,0.08249,-0.007622,0.364105,-0.45041,0.664694,-0.596119,-0.876856,-0.455025,0.155069,-0.167622,0.591727,0.788535,-1e-06,-2e-06,-2e-06,0.0,0.0,0.0,0.413316,-0.10073,0.016247,0.338873,0.814901,0.518227,0.259555,-0.544884,0.532758,0.64746,0.196223,-0.669687,0.716156,0.009659,0.021285,-0.00138,-0.112889,0.137584,-0.048259,-1.406466,0.044184,0.026344,-0.011678,-0.793514,-0.550102,0.260234,0.575296,-0.538676,0.615518,-0.198416,0.638134,0.743919,0.00577,0.005202,0.003443,-0.175612,0.065579,0.106938,-0.811679,0.078462,0.020643,-0.059005,-0.539902,0.616156,-0.57346,-0.786781,-0.611533,0.083676,-0.299133,0.496364,0.814948,3e-06,1e-05,9e-06,4e-06,2e-06,-1.2e-05,0.368691
497,0.082502,-0.007618,0.364109,-0.450243,0.664721,-0.596215,-0.876934,-0.454913,0.154961,-0.167667,0.591783,0.788484,0.0,1e-06,1e-06,0.0,0.0,0.0,0.414767,-0.100282,0.01676,0.339176,0.81059,0.516668,0.27566,-0.553183,0.521543,0.64955,0.190811,-0.679651,0.708187,0.010824,0.013476,0.009418,-0.147286,0.229899,-0.054264,-1.406224,0.044407,0.026603,-0.011531,-0.788875,-0.548962,0.276253,0.583276,-0.527236,0.617907,-0.193557,0.648584,0.73612,0.005322,0.007134,0.00503,-0.11406,0.619779,-0.322823,-0.812495,0.078468,0.020646,-0.059002,-0.539739,0.616219,-0.573546,-0.786873,-0.611429,0.083572,-0.299185,0.496415,0.814898,-2e-06,-1e-06,-1e-06,4e-06,-6e-06,-1.1e-05,0.369507
498,0.082523,-0.007622,0.364106,-0.4502,0.664728,-0.596239,-0.876953,-0.454884,0.154933,-0.167678,0.591797,0.788471,0.0,0.0,0.0,0.0,0.0,0.0,0.414771,-0.099914,0.017239,0.339563,0.809277,0.513576,0.285136,-0.557172,0.517799,0.649135,0.184716,-0.684838,0.704798,-0.002232,0.00989,0.008153,0.228143,1.965566,-1.889341,-1.406151,0.044594,0.026854,-0.011329,-0.787784,-0.546032,0.285032,0.586545,-0.523751,0.617777,-0.18804,0.65386,0.732875,-0.001119,0.004937,0.004067,0.242828,1.957565,-1.892459,-0.80776,0.078478,0.020644,-0.059004,-0.539697,0.616235,-0.573568,-0.786897,-0.611402,0.083545,-0.299198,0.496428,0.814886,-1e-06,0.0,-1e-06,-1e-06,-8e-06,-1.2e-05,0.369998
499,0.082523,-0.007622,0.364106,-0.4502,0.664728,-0.596239,-0.876953,-0.454884,0.154933,-0.167678,0.591797,0.788471,0.0,0.0,0.0,0.0,0.0,0.0,0.414786,-0.099825,0.017377,0.339765,0.809157,0.51362,0.285394,-0.557337,0.517509,0.649225,0.184741,-0.685024,0.70461,-0.002027,0.008968,0.00738,-0.012472,0.087122,-0.145509,-1.406271,0.044638,0.026925,-0.011227,-0.787394,-0.546031,0.286111,0.587242,-0.523235,0.617552,-0.1875,0.654274,0.732644,-0.001006,0.004433,0.003644,-0.010706,0.084727,-0.145046,-0.808413,0.078478,0.020644,-0.059004,-0.539697,0.616235,-0.573568,-0.786897,-0.611402,0.083545,-0.299198,0.496428,0.814886,-1e-06,0.0,-1e-06,-1e-06,-8e-06,-1.2e-05,0.369998
500,0.082533,-0.007632,0.364111,-0.450192,0.664734,-0.596239,-0.876962,-0.454863,0.154947,-0.167655,0.591807,0.788469,0.0,0.0,0.0,0.0,0.0,0.0,0.4138,-0.099669,0.017509,0.340184,0.807028,0.513049,0.292368,-0.561662,0.514522,0.647871,0.180942,-0.687699,0.702989,0.000112,-0.002972,0.01477,-0.048513,0.092077,-0.166649,-1.406075,0.044716,0.02699,-0.011018,-0.785094,-0.545658,0.293059,0.591471,-0.520073,0.616185,-0.183814,0.6571,0.731048,6e-05,-0.001532,0.007344,-0.048974,0.089321,-0.164713,-0.811515,0.078483,0.020639,-0.059001,-0.53969,0.616242,-0.573567,-0.78691,-0.611383,0.08356,-0.299177,0.496442,0.814885,-1e-06,0.0,-2e-06,1e-06,-8e-06,-1e-05,0.369834
501,0.082524,-0.007631,0.364125,-0.450207,0.664736,-0.596225,-0.87696,-0.454857,0.154977,-0.167626,0.591809,0.788473,0.0,0.0,0.0,0.0,0.0,0.0,0.410562,-0.099597,0.017385,0.340604,0.807352,0.509593,0.297472,-0.563324,0.516083,0.645181,0.174242,-0.689094,0.703315,0.001166,-0.007622,0.010954,0.220648,0.034185,-0.341072,-1.405864,0.044751,0.026933,-0.010804,-0.785647,-0.541955,0.298398,0.592753,-0.521242,0.613962,-0.177203,0.659234,0.730758,0.000614,-0.003972,0.005346,0.320994,0.0019,-0.360154,-0.80874,0.078479,0.020639,-0.058994,-0.539707,0.61624,-0.573554,-0.786909,-0.61138,0.083589,-0.299148,0.496449,0.814891,-2e-06,-5e-06,-4e-06,4e-06,-0.0,-0.0,0.367875
502,0.082482,-0.007647,0.364164,-0.450325,0.664734,-0.596138,-0.876925,-0.454872,0.155131,-0.167493,0.5918,0.788509,3e-06,9e-06,7e-06,0.0,0.0,0.0,0.407804,-0.099605,0.017164,0.340931,0.817088,0.492166,0.300218,-0.55434,0.528249,0.643113,0.156899,-0.692514,0.704039,-0.000432,0.001905,0.001559,0.032018,-0.015355,-0.011893,-1.406068,0.044748,0.02682,-0.010643,-0.795514,-0.525423,0.301805,0.584491,-0.534072,0.610849,-0.159768,0.662342,0.731967,0.000722,-0.004437,0.004969,-0.047724,0.097658,-0.20024,-0.807596,0.078458,0.020632,-0.058975,-0.539825,0.616211,-0.573473,-0.786877,-0.6114,0.083744,-0.299018,0.49646,0.814932,-1e-06,-4e-06,-2e-06,-7e-06,4e-06,-9e-06,0.364446
503,0.08247,-0.007677,0.364205,-0.450392,0.664746,-0.596075,-0.876918,-0.454837,0.155271,-0.167348,0.591814,0.788529,2.7e-05,8.3e-05,6.9e-05,0.0,0.0,0.0,0.407959,-0.099629,0.017062,0.341033,0.820691,0.483652,0.304202,-0.551996,0.534262,0.640155,0.146054,-0.693887,0.705019,0.001812,-0.010481,0.008618,0.189047,-0.102662,-0.105023,-1.405987,0.044735,0.026774,-0.010594,-0.799515,-0.516653,0.306337,0.581854,-0.539631,0.608476,-0.149062,0.66473,0.732061,-2.7e-05,0.000122,0.000102,0.355494,-0.160981,-0.112474,-0.805147,0.078452,0.020617,-0.058954,-0.539895,0.616206,-0.573412,-0.786882,-0.611374,0.083886,-0.298879,0.496498,0.81496,1.1e-05,3.4e-05,2.9e-05,-1e-06,3e-06,-3e-06,0.363466
504,0.082453,-0.007752,0.364275,-0.450285,0.664807,-0.596087,-0.877016,-0.454606,0.155396,-0.167123,0.591922,0.788495,0.0,0.0,0.0,0.0,0.0,0.0,0.407197,-0.099663,0.016962,0.341099,0.824911,0.47434,0.307432,-0.548113,0.538915,0.639591,0.136664,-0.696701,0.704126,0.000135,-0.000595,-0.000486,4.8e-05,-2.3e-05,-1.8e-05,-1.405641,0.044719,0.026719,-0.010559,-0.803677,-0.508025,0.309859,0.578409,-0.544583,0.607347,-0.139804,0.667337,0.731515,0.000106,-0.000464,-0.000376,-0.01767,0.10162,-0.170173,-0.808086,0.078443,0.020579,-0.058919,-0.5398,0.616287,-0.573415,-0.787024,-0.611172,0.08402,-0.298675,0.496646,0.814944,-1e-06,-4e-06,-5e-06,4e-06,-3e-06,-3e-06,0.362649
505,0.082446,-0.00783,0.364343,-0.450413,0.664831,-0.595964,-0.877006,-0.454532,0.155672,-0.166835,0.591952,0.788534,3.7e-05,0.000114,9.4e-05,0.0,0.0,0.0,0.405594,-0.099548,0.01701,0.341084,0.826601,0.469724,0.30997,-0.54686,0.540947,0.638948,0.131411,-0.698248,0.703594,-0.00205,0.011526,-0.007765,0.021613,0.09631,-0.14941,-1.405705,0.044778,0.026734,-0.010567,-0.80549,-0.50353,0.312477,0.577099,-0.546655,0.606732,-0.134691,0.669047,0.730912,0.006526,0.001706,0.000539,0.001879,-0.015578,0.028942,-0.806127,0.07844,0.02054,-0.058885,-0.539935,0.616279,-0.573296,-0.787037,-0.611117,0.084301,-0.298399,0.496723,0.814998,-0.000432,-0.005099,0.004628,-0.034659,0.017675,-0.016059,0.36069
506,0.082444,-0.007861,0.364371,-0.450336,0.664861,-0.595988,-0.877061,-0.454416,0.1557,-0.166754,0.592007,0.78851,1e-06,2e-06,1e-06,0.0,0.0,0.0,0.405305,-0.099485,0.017049,0.34112,0.82785,0.464628,0.314287,-0.546546,0.542644,0.637777,0.124741,-0.700332,0.702736,0.012878,0.004148,0.001681,-0.012406,0.086105,-0.141275,-1.405797,0.044804,0.026756,-0.010553,-0.806768,-0.498615,0.317029,0.576822,-0.548329,0.605483,-0.128066,0.671354,0.729986,-0.000217,0.000967,0.000791,-0.000334,-0.002295,0.001292,-0.809719,0.078439,0.020524,-0.058871,-0.539864,0.616324,-0.573315,-0.787113,-0.611015,0.084334,-0.298328,0.496793,0.814982,-2e-06,-2e-06,-1e-06,6e-06,2e-06,-6e-06,0.359873
507,0.082436,-0.007929,0.36442,-0.450329,0.664898,-0.595952,-0.877102,-0.454284,0.155851,-0.166553,0.592067,0.788507,-0.001274,-0.011453,0.008216,-0.034665,0.017673,-0.016054,0.405075,-0.099365,0.017098,0.341234,0.830919,0.454853,0.320426,-0.544414,0.546572,0.636243,0.113216,-0.703675,0.701346,-0.000541,0.002383,0.001947,0.042388,0.234975,-0.092787,-1.406018,0.044869,0.026781,-0.010496,-0.809893,-0.489268,0.323555,0.574832,-0.552186,0.60387,-0.116791,0.67506,0.728459,0.006473,0.001926,0.000718,0.187856,0.498235,0.195183,-0.812495,0.078436,0.020497,-0.058848,-0.539851,0.61636,-0.573289,-0.787182,-0.610909,0.084462,-0.298168,0.49688,0.814987,-0.000216,-0.000658,-0.000545,-0.000819,0.012962,-0.025734,0.359547
508,0.082443,-0.00797,0.364453,-0.450244,0.664934,-0.595976,-0.877166,-0.454146,0.155893,-0.166449,0.592132,0.78848,-0.0,-0.0,-0.0,0.0,0.0,0.0,0.404352,-0.099335,0.017071,0.341439,0.836373,0.442034,0.324156,-0.538835,0.555238,0.633483,0.098985,-0.705042,0.702125,-0.000897,0.003945,0.00322,0.503011,-0.265753,-0.167244,-1.405989,0.044884,0.026765,-0.010395,-0.816302,-0.475234,0.328333,0.5684,-0.559699,0.603039,-0.102817,0.678887,0.727007,0.000597,-0.003863,0.005438,-0.050456,0.10514,-0.192091,-0.813638,0.078438,0.020469,-0.05883,-0.539786,0.616411,-0.573294,-0.787272,-0.610783,0.084538,-0.298049,0.496971,0.814976,-1e-06,5e-06,4e-06,-6e-06,-1.8e-05,-1.1e-05,0.35873
509,0.082442,-0.007978,0.36446,-0.450257,0.664937,-0.595964,-0.877165,-0.454139,0.15592,-0.16642,0.592135,0.788484,-0.0,-0.0,-0.0,0.0,0.0,0.0,0.40381,-0.099349,0.017014,0.341563,0.839608,0.432105,0.329141,-0.535727,0.559605,0.632276,0.087965,-0.707729,0.700889,-0.000724,0.003187,0.0026,0.074894,0.676649,-0.721628,-1.405964,0.044877,0.026739,-0.010331,-0.819335,-0.467114,0.332406,0.565874,-0.565796,0.599717,-0.092062,0.679469,0.727904,0.000716,-0.004402,0.005,0.212699,1.986672,-1.931527,-0.811352,0.078438,0.020466,-0.058827,-0.539799,0.616411,-0.573283,-0.787273,-0.610777,0.084566,-0.298021,0.496979,0.814981,-2e-06,3e-06,3e-06,5e-06,-8e-06,-7e-06,0.357751
510,0.082461,-0.008006,0.364478,-0.450125,0.664972,-0.596025,-0.877241,-0.454002,0.155893,-0.166379,0.5922,0.788444,-0.0,-0.0,-0.0,0.0,0.0,0.0,0.403211,-0.099369,0.016819,0.341796,0.846159,0.415832,0.333302,-0.528165,0.57213,0.627409,0.06914,-0.70744,0.703285,0.001673,-0.009854,0.009137,0.084149,0.156215,-0.11982,-1.405828,0.044865,0.02665,-0.010215,-0.82592,-0.451171,0.338082,0.559084,-0.578145,0.594283,-0.072662,0.679847,0.729745,-0.000131,0.000586,0.000482,0.24479,0.271576,0.316892,-0.809229,0.078447,0.020452,-0.058818,-0.539674,0.616472,-0.573335,-0.787371,-0.610654,0.084544,-0.297991,0.497054,0.814946,-2e-06,1e-06,4e-06,1.1e-05,-1e-06,2e-06,0.357098
511,0.082491,-0.008029,0.364499,-0.450081,0.664992,-0.596035,-0.877275,-0.453925,0.155923,-0.166315,0.592237,0.78843,1e-06,3e-06,2e-06,0.0,0.0,0.0,0.402702,-0.099313,0.016444,0.342046,0.860461,0.379028,0.340493,-0.508337,0.595785,0.621745,0.031717,-0.708541,0.704859,0.002228,-0.012302,0.007146,1.883939,3.456939,3.896832,-1.405981,0.044892,0.026465,-0.010087,-0.838597,-0.420092,0.34681,0.543332,-0.599073,0.588133,-0.039306,0.68164,0.73063,0.001182,-0.006432,0.003348,-0.013224,0.196294,-0.087124,-0.810699,0.078463,0.02044,-0.058807,-0.539634,0.616501,-0.573342,-0.78742,-0.610587,0.084576,-0.297934,0.497101,0.814938,-4e-06,-3e-06,-3e-06,-3e-06,-1.9e-05,-5e-06,0.356608
512,0.082492,-0.008054,0.364544,-0.450108,0.66501,-0.595995,-0.877287,-0.453863,0.156037,-0.16618,0.592264,0.788438,0.0001,0.000306,0.000254,0.0,0.0,0.0,0.401315,-0.099347,0.015889,0.342371,0.873063,0.332539,0.35661,-0.487103,0.623926,0.611049,-0.020397,-0.707599,0.706223,-0.010935,-0.01527,0.006439,0.353557,2.07901,-2.131437,-1.405985,0.04488,0.026192,-0.009929,-0.855785,-0.369535,0.362042,0.517114,-0.631293,0.57798,0.014971,0.681844,0.731343,0.002015,-0.011334,0.007947,0.059446,0.144447,-0.147976,-0.811189,0.078463,0.020431,-0.058788,-0.539652,0.616512,-0.573314,-0.787445,-0.610541,0.084666,-0.297835,0.497143,0.814949,7.3e-05,0.000229,0.000188,-7e-06,-5e-06,-1e-05,0.355301
513,0.082482,-0.008069,0.364572,-0.450149,0.665017,-0.595956,-0.877283,-0.453842,0.156122,-0.166093,0.592272,0.78845,-0.00086,-0.010192,0.009263,-0.034669,0.017658,-0.016061,0.402083,-0.099312,0.01563,0.342534,0.872584,0.331214,0.359008,-0.487724,0.627912,0.606454,-0.025655,-0.704687,0.708959,0.002167,-0.012043,0.007367,0.305086,-0.176769,-0.156701,-1.405869,0.044894,0.026055,-0.009846,-0.85427,-0.36747,0.367679,0.519345,-0.633835,0.573177,0.022423,0.680601,0.73231,0.00112,-0.006176,0.00356,0.475794,-0.160427,-0.38126,-0.80727,0.078458,0.020424,-0.058774,-0.539695,0.616508,-0.573277,-0.787447,-0.610527,0.084752,-0.297751,0.497165,0.814966,2.2e-05,7.4e-05,6.2e-05,-1e-05,-1.6e-05,-4e-06,0.355301
514,0.082455,-0.008107,0.364672,-0.45012,0.665066,-0.595924,-0.877344,-0.453663,0.156298,-0.165847,0.592354,0.78844,0.000142,0.000433,0.000358,0.0,0.0,0.0,0.402649,-0.099231,0.015335,0.342818,0.869721,0.325275,0.371179,-0.49181,0.632101,0.598754,-0.040954,-0.703699,0.709221,0.00148,-0.009011,0.009846,-0.01146,0.090334,-0.211145,-1.405875,0.044936,0.025902,-0.009708,-0.851031,-0.362706,0.379723,0.523758,-0.638257,0.564185,0.037728,0.679022,0.733147,-0.000284,0.001252,0.001023,-0.014106,0.105934,-0.186069,-0.803514,0.078444,0.020401,-0.05872,-0.539689,0.616558,-0.573228,-0.787547,-0.610368,0.084963,-0.297496,0.497298,0.814978,-0.000372,-0.004915,0.004781,-0.034666,0.017642,-0.01606,0.355138
515,0.082452,-0.008152,0.364794,-0.450037,0.665132,-0.595912,-0.87744,-0.453415,0.156477,-0.165565,0.592469,0.788414,-0.000625,-0.009475,0.009859,-0.034671,0.017649,-0.016066,0.403872,-0.099312,0.015456,0.34295,0.865937,0.321842,0.382835,-0.497507,0.631225,0.594958,-0.051258,-0.706056,0.706202,-0.001084,0.004785,0.003897,-0.026362,0.185965,-0.317535,-1.406096,0.044902,0.025955,-0.009643,-0.84726,-0.359378,0.391146,0.529041,-0.636887,0.560793,0.047579,0.682071,0.729735,-0.000561,0.002479,0.00202,-0.028349,0.185778,-0.317027,-0.802208,0.078443,0.020382,-0.058663,-0.539606,0.616638,-0.573219,-0.787691,-0.61016,0.085124,-0.297265,0.497454,0.814967,0.000199,0.000617,0.00051,-3e-06,-1.2e-05,-7e-06,0.355954
516,0.082458,-0.008149,0.364836,-0.450001,0.665152,-0.595918,-0.877471,-0.453343,0.156512,-0.165498,0.592502,0.788402,0.000538,0.001642,0.001359,0.0,0.0,0.0,0.403652,-0.09935,0.015586,0.343018,0.865488,0.317671,0.387307,-0.497614,0.632551,0.593459,-0.057551,-0.706752,0.705019,-0.001459,0.006445,0.005244,0.615765,1.169924,0.851375,-1.405979,0.044878,0.026019,-0.009609,-0.846129,-0.356911,0.395826,0.530373,-0.637163,0.559219,0.052614,0.683108,0.728419,-0.000876,0.003216,0.002597,2.115178,3.360881,3.756332,-0.801881,0.078445,0.020379,-0.058639,-0.539587,0.616663,-0.57321,-0.787737,-0.610091,0.085191,-0.297177,0.497507,0.814966,0.000286,0.000877,0.000726,0.0,-4e-06,-4e-06,0.356281
517,0.082491,-0.008138,0.364899,-0.44988,0.665189,-0.595967,-0.877546,-0.453198,0.156511,-0.165429,0.592571,0.788365,0.000258,0.000787,0.000651,0.0,0.0,0.0,0.405482,-0.099439,0.015941,0.343243,0.860989,0.316557,0.398098,-0.504814,0.626099,0.594221,-0.062223,-0.712971,0.698329,-0.015235,0.006268,0.006777,-0.059012,0.218922,-0.333797,-1.40583,0.044839,0.026194,-0.009499,-0.842198,-0.354302,0.406413,0.536037,-0.631339,0.560423,0.058026,0.68984,0.721632,-0.00104,0.004589,0.003724,-0.033532,0.195614,-0.308327,-0.802861,0.078462,0.020387,-0.058606,-0.539473,0.616725,-0.573252,-0.787837,-0.609962,0.085195,-0.29712,0.49759,0.814937,0.00012,0.000374,0.000308,6e-06,8e-06,-5e-06,0.357097
518,0.08251,-0.008079,0.364948,-0.449713,0.665216,-0.596063,-0.877624,-0.453085,0.156403,-0.165473,0.592627,0.788314,0.000471,0.001439,0.00119,0.0,0.0,0.0,0.408144,-0.09963,0.016287,0.343499,0.855767,0.31346,0.411579,-0.512148,0.624759,0.589333,-0.073477,-0.715507,0.694632,-0.002025,0.008965,0.007248,-0.012167,0.085772,-0.146339,-1.405732,0.044736,0.026376,-0.009363,-0.836407,-0.351757,0.420344,0.543689,-0.629636,0.554941,0.069459,0.692693,0.717879,-0.001025,0.004529,0.003664,-0.011866,0.081005,-0.143833,-0.795676,0.078472,0.020415,-0.058583,-0.53931,0.616788,-0.573338,-0.787929,-0.609857,0.085091,-0.297171,0.49764,0.814887,0.000288,0.000887,0.000735,1.7e-05,-4e-06,-1e-06,0.359873
519,0.082536,-0.008035,0.364984,-0.449562,0.665241,-0.59615,-0.877694,-0.452984,0.156305,-0.165513,0.592677,0.788268,0.000367,0.001123,0.000928,0.0,0.0,0.0,0.406624,-0.100066,0.016564,0.343794,0.849974,0.315606,0.421817,-0.521038,0.620861,0.585649,-0.07812,-0.717956,0.691592,-0.015218,0.006398,0.006824,-0.014196,0.100963,-0.17559,-1.406057,0.044524,0.026514,-0.009217,-0.830398,-0.354083,0.43019,0.552253,-0.625413,0.551247,0.07386,0.695329,0.714886,-0.007616,0.003207,0.003425,-0.028721,0.200918,-0.347048,-0.799595,0.078484,0.020437,-0.058565,-0.539163,0.616844,-0.573415,-0.788012,-0.609763,0.084997,-0.297218,0.497686,0.814843,0.000221,0.00068,0.000562,8e-06,-8e-06,-2e-06,0.360363
520,0.082552,-0.008017,0.364999,-0.449485,0.665253,-0.596194,-0.877729,-0.452932,0.156255,-0.165534,0.592703,0.788244,0.000263,0.000803,0.000663,0.0,0.0,0.0,0.404903,-0.100294,0.01666,0.343897,0.847529,0.316484,0.426057,-0.524718,0.619249,0.584068,-0.080048,-0.718963,0.690324,-0.014684,0.004068,0.004937,-0.014192,0.100964,-0.175589,-1.406026,0.044408,0.026566,-0.009162,-0.827825,-0.355042,0.434338,0.555851,-0.623637,0.54964,0.075724,0.696434,0.713613,-0.007284,0.001759,0.002254,-0.01655,0.115287,-0.200671,-0.7929,0.078493,0.020446,-0.058556,-0.539088,0.616873,-0.573455,-0.788055,-0.609715,0.084949,-0.297242,0.497709,0.81482,0.000152,0.000466,0.000386,6e-06,-1.5e-05,4e-06,0.35971
521,0.082573,-0.008003,0.365051,-0.44939,0.665282,-0.596233,-0.877787,-0.452821,0.156253,-0.165483,0.592755,0.788216,-0.000697,-0.009696,0.009675,-0.034674,0.01764,-0.01607,0.401607,-0.100916,0.016766,0.344029,0.853329,0.288101,0.434532,-0.509856,0.634551,0.580798,-0.109472,-0.717514,0.687788,-0.014339,0.002613,0.003752,2.389021,3.313108,3.628266,-1.405905,0.044098,0.026619,-0.009096,-0.832355,-0.332094,0.443731,0.544984,-0.636124,0.546203,0.100877,0.696461,0.710468,-0.007079,0.000904,0.001563,-0.009887,0.121867,-0.191544,-0.79241,0.078504,0.020457,-0.058534,-0.538986,0.616921,-0.573499,-0.78813,-0.609622,0.084922,-0.297228,0.497764,0.814792,0.00014,0.000432,0.000356,1.1e-05,-7e-06,9e-06,0.356608
522,0.08257,-0.008007,0.365114,-0.449383,0.665305,-0.596213,-0.877815,-0.452736,0.156345,-0.165358,0.592794,0.788213,0.000146,0.000447,0.000369,0.0,0.0,0.0,0.397903,-0.101627,0.016704,0.344131,0.853824,0.274737,0.442148,-0.505315,0.640816,0.577881,-0.125638,-0.717169,0.685381,-0.026482,-0.004624,-0.000413,0.001533,0.156563,-0.198959,-1.405881,0.043736,0.026594,-0.00904,-0.834817,-0.314053,0.452162,0.536994,-0.645507,0.543099,0.121313,0.696197,0.707525,-0.013186,-0.002541,-0.000378,0.001862,0.155579,-0.19942,-0.788981,0.078502,0.020452,-0.058499,-0.538997,0.616943,-0.573465,-0.788176,-0.609544,0.085046,-0.297084,0.497832,0.814802,-0.000374,-0.004921,0.004779,-0.03468,0.01763,-0.016072,0.352525
523,0.082568,-0.008061,0.365255,-0.449307,0.665379,-0.596187,-0.877917,-0.452461,0.156567,-0.165023,0.59292,0.788188,0.000438,0.001339,0.001105,0.0,0.0,0.0,0.398313,-0.102179,0.016588,0.344121,0.860063,0.245552,0.447199,-0.486802,0.656766,0.575862,-0.153376,-0.713275,0.683797,-0.013187,-0.002558,-0.000408,0.220436,0.301694,0.310941,-1.405664,0.043465,0.026532,-0.009048,-0.841617,-0.285652,0.458348,0.519186,-0.661669,0.54096,0.148748,0.693249,0.705179,-0.006581,-0.001362,-0.000259,0.731155,1.084295,0.941876,-0.782123,0.0785,0.020423,-0.05843,-0.538936,0.617028,-0.573431,-0.788334,-0.609307,0.08528,-0.296776,0.498016,0.814802,0.000269,0.000835,0.000689,2e-06,7e-06,-2e-06,0.349749
524,0.082578,-0.00812,0.365339,-0.44923,0.665436,-0.596181,-0.878,-0.452249,0.156711,-0.164789,0.593018,0.788163,-0.000495,-0.009079,0.010186,-0.034678,0.017626,-0.016077,0.398713,-0.102476,0.01653,0.344112,0.864388,0.2257,0.449316,-0.473043,0.667492,0.574995,-0.171219,-0.709839,0.683136,-0.026378,-0.005099,-0.000807,-0.012199,0.138421,-0.220462,-1.405687,0.043327,0.026504,-0.009053,-0.846677,-0.265529,0.46112,0.505237,-0.673071,0.540102,0.166954,0.690266,0.70403,-0.006574,-0.001328,-0.000235,0.052177,0.200118,-0.098701,-0.787675,0.078506,0.020397,-0.058391,-0.538857,0.617098,-0.57343,-0.788458,-0.609129,0.085405,-0.29659,0.498147,0.814789,0.000248,0.000772,0.000638,0.00581,-0.089027,0.177754,0.349913
525,0.082595,-0.00823,0.365474,-0.449331,0.665496,-0.596039,-0.878035,-0.452044,0.157106,-0.164331,0.593107,0.788192,-0.000816,-0.01006,0.009377,-0.034681,0.017615,-0.016082,0.399595,-0.103049,0.01641,0.344113,0.870843,0.190813,0.453006,-0.448408,0.685539,0.573499,-0.20221,-0.70279,0.681953,0.001761,-0.010459,0.008664,-0.049665,0.106111,-0.191378,-1.405018,0.043026,0.026443,-0.009058,-0.853985,-0.230946,0.466231,0.481076,-0.691799,0.538496,0.198175,0.68416,0.70189,-0.006644,-0.000998,2.5e-05,-0.000179,0.015355,-0.027874,-0.790288,0.078515,0.020345,-0.058322,-0.538972,0.617128,-0.573289,-0.788542,-0.608963,0.08581,-0.296157,0.498313,0.814846,4.4e-05,0.000145,0.000121,-2e-06,1.7e-05,-0.0,0.350892
526,0.082612,-0.008314,0.365565,-0.449148,0.665579,-0.596084,-0.878177,-0.45173,0.157221,-0.164074,0.593253,0.788135,-0.000877,-0.01025,0.009222,-0.034683,0.017607,-0.016086,0.400786,-0.103406,0.016441,0.34418,0.870109,0.165886,0.464095,-0.436052,0.697632,0.56842,-0.230561,-0.697157,0.678732,-0.000679,0.003173,0.002538,-0.012252,0.10258,-0.168433,-1.40522,0.042849,0.02645,-0.009025,-0.853622,-0.206419,0.478247,0.469009,-0.704034,0.533259,0.226628,0.679504,0.697791,-0.007,0.000672,0.001357,-0.009153,0.100734,-0.162466,-0.798452,0.078523,0.020302,-0.058277,-0.538805,0.617245,-0.57332,-0.788742,-0.608687,0.085937,-0.295928,0.498506,0.814811,-0.0,9e-06,7e-06,0.005847,-0.088904,0.177822,0.352035
527,0.08261,-0.008346,0.365605,-0.449194,0.665594,-0.596033,-0.878179,-0.45168,0.157348,-0.163935,0.593274,0.788148,1.1e-05,3.2e-05,2.7e-05,0.0,0.0,0.0,0.40147,-0.103566,0.016465,0.34423,0.869693,0.144171,0.472059,-0.424617,0.70582,0.566968,-0.252534,-0.693706,0.674435,-0.013738,5.4e-05,0.001669,2.135997,3.557456,3.743726,-1.405062,0.042773,0.026467,-0.008997,-0.852472,-0.191906,0.486273,0.462234,-0.711197,0.529657,0.244192,0.676291,0.694982,-0.00033,0.001585,0.00127,-0.000925,-0.004851,0.001036,-0.800248,0.078522,0.020282,-0.058254,-0.538868,0.617247,-0.573259,-0.788759,-0.608642,0.086095,-0.295768,0.498557,0.814837,-4e-06,-5e-06,-6e-06,-1.2e-05,-9e-06,-5e-06,0.352362
528,0.082596,-0.008407,0.365673,-0.449184,0.665635,-0.595995,-0.878227,-0.451529,0.157516,-0.163709,0.593342,0.788144,1e-06,4e-06,4e-06,0.0,0.0,0.0,0.403371,-0.103786,0.016517,0.344411,0.865866,0.12594,0.484156,-0.417715,0.714273,0.561482,-0.276187,-0.688558,0.670427,-0.001115,0.005244,0.004185,-0.013618,0.100981,-0.170326,-1.405262,0.042659,0.026489,-0.008908,-0.849936,-0.1671,0.499685,0.451063,-0.720904,0.526155,0.272304,0.672588,0.688095,-0.000588,0.002788,0.002227,-0.0107,0.094696,-0.170843,-0.801718,0.078515,0.020252,-0.058219,-0.538867,0.617287,-0.573217,-0.788839,-0.608514,0.086269,-0.295558,0.498664,0.814848,-6e-06,-1.2e-05,-1.2e-05,-2e-06,-3e-06,5e-06,0.354322
529,0.08259,-0.008476,0.365735,-0.449042,0.665698,-0.596031,-0.878335,-0.45129,0.157599,-0.163518,0.593454,0.7881,-0.000896,-0.010306,0.009177,-0.034686,0.017596,-0.016092,0.404926,-0.103859,0.016676,0.344835,0.861074,0.108236,0.496819,-0.411334,0.722404,0.555763,-0.299824,-0.683039,0.665904,-0.002153,0.01013,0.008057,2.733666,3.15719,3.533576,-1.405452,0.042623,0.026562,-0.008702,-0.844571,-0.154802,0.512576,0.448921,-0.726479,0.520285,0.291834,0.669525,0.683058,-0.000223,-6e-05,0.008445,-0.064063,0.184607,-0.335307,-0.802861,0.078512,0.02022,-0.058192,-0.538724,0.617376,-0.573255,-0.788989,-0.60831,0.086334,-0.295416,0.498803,0.814815,0.0,-5e-06,-8e-06,0.005863,-0.088796,0.17787,0.355791
530,0.0826,-0.008503,0.365767,-0.449054,0.665714,-0.596004,-0.878349,-0.451234,0.157684,-0.163413,0.593479,0.788103,0.000366,0.001119,0.000923,0.0,0.0,0.0,0.405881,-0.103881,0.016748,0.345109,0.855824,0.094757,0.508505,-0.40741,0.728954,0.55007,-0.31962,-0.678044,0.661787,-0.000499,0.000128,0.017071,0.028038,0.173433,-0.068933,-1.405491,0.042612,0.026603,-0.008567,-0.840163,-0.136623,0.524842,0.44096,-0.735465,0.514435,0.315719,0.663645,0.678156,-0.001249,0.005879,0.004665,0.241413,0.353392,0.193117,-0.800902,0.078516,0.0202,-0.058175,-0.538753,0.617387,-0.573216,-0.789017,-0.608257,0.08645,-0.29529,0.498853,0.81483,0.000216,0.000656,0.000537,0.00085,-0.012863,0.025782,0.356608
531,0.082595,-0.008557,0.365815,-0.449015,0.665751,-0.595992,-0.878399,-0.451096,0.157795,-0.163246,0.593542,0.78809,0.0,0.0,0.0,0.0,0.0,0.0,0.409657,-0.103868,0.016855,0.345734,0.845759,0.088862,0.526106,-0.413649,0.731785,0.541591,-0.337922,-0.675782,0.654974,0.012619,0.002808,0.017561,0.812199,1.073141,0.776148,-1.405131,0.042612,0.02666,-0.008251,-0.829782,-0.132424,0.542148,0.448118,-0.737115,0.505817,0.332644,0.662664,0.670986,-0.000434,0.000308,0.008798,2.833378,3.165061,3.312706,-0.798126,0.078514,0.020176,-0.058149,-0.538722,0.61743,-0.573199,-0.789095,-0.608139,0.086567,-0.295136,0.498945,0.814829,-1e-06,-5e-06,-6e-06,-9e-06,-6e-06,7e-06,0.360037
532,0.082594,-0.008572,0.365829,-0.449041,0.665756,-0.595967,-0.878397,-0.451081,0.15785,-0.163188,0.593547,0.788098,0.0,0.0,0.0,0.0,0.0,0.0,0.410421,-0.103873,0.016949,0.346325,0.834881,0.074067,0.545416,-0.412806,0.739486,0.531681,-0.364986,-0.669127,0.647237,-0.000682,0.000989,0.017687,0.847527,1.063916,0.756603,-1.405484,0.042616,0.026706,-0.007963,-0.818575,-0.121336,0.561436,0.450099,-0.742741,0.495727,0.356852,0.658493,0.662603,-0.000269,0.00013,0.008553,-0.041038,0.360318,-0.531206,-0.798289,0.078513,0.020168,-0.058142,-0.538624,0.617476,-0.573241,-0.789168,-0.608048,0.086543,-0.29512,0.498998,0.814802,1e-06,-1e-06,-3e-06,-3e-06,-4e-06,1.1e-05,0.362486
