frame,MLTx,MLTy,MLTz,MLTR1,MLTR2,MLTR3,MLTR4,MLTR5,MLTR6,MLTR7,MLTR8,MLTR9,MLTTVx,MLTTVy,MLTTVz,MLTRVx,MLTRVy,MLTRVz,MLGA,MRTx,MRTy,MRTz,MRTR1,MRTR2,MRTR3,MRTR4,MRTR5,MRTR6,MRTR7,MRTR8,MRTR9,MRTTVx,MRTTVy,MRTTVz,MRTRVx,MRTRVy,MRTRVz,MRGA,SLTx,SLTy,SLTz,SLTR1,SLTR2,SLTR3,SLTR4,SLTR5,SLTR6,SLTR7,SLTR8,SLTR9,SLTTVx,SLTTVy,SLTTVz,SLTRVx,SLTRVy,SLTRVz,SLGA,SRTx,SRTy,SRTz,SRTR1,SRTR2,SRTR3,SRTR4,SRTR5,SRTR6,SRTR7,SRTR8,SRTR9,SRTTVx,SRTTVy,SRTTVz,SRTRVx,SRTRVy,SRTRVz,SRGA
146,0.171214,-0.013298,0.365191,-0.596153,0.345089,-0.724956,-0.48976,-0.871755,-0.012296,-0.635491,0.34729,0.689615,-0.0,-0.0,-0.0,0.0,0.0,0.0,0.519995,-0.198946,-0.035777,0.307979,-0.579508,-0.625995,0.521816,0.810733,-0.378493,0.446529,-0.081299,0.682599,0.726163,-1.1e-05,-0.000109,-0.000128,-2e-06,-1e-06,-2e-06,-0.083138,0.028652,0.025636,-0.015902,0.583926,0.618196,0.526177,-0.808738,0.386686,0.443187,0.070511,-0.684329,0.725755,9e-06,5.6e-05,6.7e-05,0.000129,0.000211,2e-05,-0.217138,0.083844,0.035895,-0.035428,0.602164,-0.334762,-0.724797,0.48185,0.876242,-0.004387,0.636566,-0.346603,0.688947,-0.0,3e-06,0.0,-2.7e-05,-7e-06,4.3e-05,0.517122
147,0.171224,-0.013298,0.365191,-0.596135,0.345104,-0.724963,-0.489773,-0.871747,-0.012312,-0.635498,0.347293,0.689607,-0.0,-0.0,-0.0,0.0,0.0,0.0,0.52006,-0.198956,-0.035765,0.307993,-0.571672,-0.632802,0.522249,0.815441,-0.368526,0.446293,-0.089241,0.681783,0.725996,-0.015213,0.000725,0.00179,-0.002234,0.015043,-0.029509,-0.10711,0.028653,0.025643,-0.015894,0.57617,0.625105,0.526564,-0.813552,0.376765,0.442922,0.078482,-0.683586,0.725637,4.7e-05,0.000415,0.000491,-0.000316,-0.000133,-0.000749,-0.252735,0.083849,0.035895,-0.035428,0.602147,-0.334778,-0.724805,0.481863,0.876235,-0.004403,0.636573,-0.346606,0.688939,0.006919,-0.000136,-0.000299,0.000958,-0.014725,0.029597,0.517122
148,0.171224,-0.013291,0.365196,-0.59612,0.345118,-0.724969,-0.489784,-0.871741,-0.012327,-0.635504,0.347296,0.6896,0.0,1e-06,1e-06,0.0,0.0,0.0,0.520384,-0.198939,-0.035709,0.308059,-0.571142,-0.632784,0.522851,0.815834,-0.368054,0.445966,-0.089051,0.682055,0.725764,0.000243,0.002323,0.002735,0.001722,-0.014394,0.024905,-0.11553,0.028656,0.025671,-0.015861,0.575628,0.625083,0.527183,-0.813956,0.376295,0.44258,0.078272,-0.683866,0.725396,0.000127,0.001208,0.001423,0.001876,-0.014253,0.025124,-0.28523,0.083849,0.035898,-0.035425,0.602131,-0.334791,-0.724811,0.481875,0.876228,-0.004418,0.636579,-0.346608,0.688932,-1e-06,-5e-06,-4e-06,-2.5e-05,3e-06,4e-05,0.517286
149,0.171223,-0.013297,0.365179,-0.596138,0.3451,-0.724962,-0.489753,-0.871758,-0.012327,-0.63551,0.34727,0.689607,-5e-06,-8.9e-05,-6.9e-05,0.0,0.0,0.0,0.519939,-0.198932,-0.03566,0.308132,-0.569008,-0.632043,0.526064,0.817558,-0.366761,0.443868,-0.086896,0.683438,0.724725,4.2e-05,0.000399,0.000469,0.074668,0.17438,-0.160915,-0.201562,0.02866,0.0257,-0.015818,0.573569,0.624402,0.530226,-0.815602,0.375072,0.440582,0.076228,-0.685158,0.724394,1.8e-05,0.000182,0.000216,0.26355,0.74284,-0.765747,-0.319358,0.083849,0.035895,-0.035434,0.602149,-0.334774,-0.724804,0.481844,0.876245,-0.004418,0.636585,-0.346583,0.68894,-3e-06,-4.6e-05,-3.6e-05,-2.4e-05,-3e-06,3.6e-05,0.517286
150,0.171224,-0.01329,0.365184,-0.596123,0.345114,-0.724969,-0.489764,-0.871752,-0.012341,-0.635516,0.347272,0.6896,6.4e-05,0.001184,0.000911,0.0,0.0,0.0,0.520415,-0.199143,-0.035659,0.308083,-0.558308,-0.62694,0.543351,0.82624,-0.361924,0.431594,-0.073237,0.690679,0.719349,-0.000184,-0.001751,-0.002061,0.073223,0.189126,-0.186254,-0.473284,0.028554,0.025703,-0.01584,0.562647,0.619339,0.547582,-0.824339,0.370331,0.428157,0.062388,-0.692295,0.718911,-0.007931,0.005169,-0.004104,0.304367,0.633683,-0.593904,-0.512857,0.083849,0.035895,-0.035434,0.602134,-0.334788,-0.72481,0.481856,0.876239,-0.004432,0.636591,-0.346585,0.688933,3.4e-05,0.000703,0.000541,0.000829,-0.012702,0.025882,0.517449
151,0.171224,-0.01329,0.365184,-0.596123,0.345114,-0.724969,-0.489764,-0.871752,-0.012341,-0.635516,0.347272,0.6896,1e-06,1.7e-05,1.3e-05,0.0,0.0,0.0,0.520659,-0.199291,-0.035565,0.307946,-0.549139,-0.621775,0.558422,0.833431,-0.358993,0.420061,-0.060032,0.696849,0.714606,-0.000794,0.008272,-0.011583,0.302175,0.500276,-0.386295,-0.644521,0.02848,0.02575,-0.015909,0.55328,0.614226,0.562678,-0.831548,0.367471,0.416523,0.049071,-0.698349,0.714073,-0.000401,0.004074,-0.00586,0.320072,0.543215,-0.425444,-0.659492,0.083849,0.035899,-0.035432,0.602134,-0.334788,-0.72481,0.481856,0.876239,-0.004432,0.636591,-0.346586,0.688933,-1e-06,6e-06,6e-06,-2e-05,1.3e-05,3.5e-05,0.517286
152,0.171223,-0.013297,0.365179,-0.596138,0.3451,-0.724962,-0.489753,-0.871758,-0.012327,-0.63551,0.34727,0.689607,-6.4e-05,-0.001184,-0.000911,0.0,0.0,0.0,0.520014,-0.199397,-0.035227,0.307405,-0.538471,-0.612496,0.578697,0.841493,-0.356533,0.405842,-0.041583,0.706263,0.706631,-0.001062,0.005751,-0.01456,0.043866,-0.087876,0.162955,-1.155117,0.028428,0.025918,-0.016173,0.542293,0.604848,0.583159,-0.839633,0.364912,0.40231,0.030535,-0.707811,0.705741,-0.000768,0.008468,-0.011352,0.086038,-0.018795,0.005173,-0.872096,0.083849,0.035898,-0.035432,0.602149,-0.334775,-0.724804,0.481845,0.876245,-0.004418,0.636585,-0.346583,0.68894,-3.7e-05,-0.000699,-0.000538,-0.000885,0.012705,-0.025822,0.517449
153,0.171223,-0.013297,0.365179,-0.596138,0.3451,-0.724962,-0.489753,-0.871758,-0.012327,-0.63551,0.34727,0.689607,-0.0,-0.0,-0.0,0.0,0.0,0.0,0.520258,-0.199265,-0.03468,0.306485,-0.541161,-0.61156,0.577175,0.83975,-0.358378,0.407822,-0.041889,0.706139,0.706737,-0.001604,0.016425,-0.023326,-0.025798,-0.160567,0.186564,-1.403931,0.028488,0.026177,-0.016625,0.544722,0.60368,0.582106,-0.838059,0.366564,0.404088,0.03056,-0.707955,0.705595,0.006798,0.007773,-0.012647,-0.760727,-1.852831,1.662863,-0.815434,0.083849,0.035895,-0.035434,0.602149,-0.334775,-0.724804,0.481845,0.876245,-0.004418,0.636585,-0.346583,0.68894,-1e-06,5e-06,4e-06,-2.6e-05,-0.0,2.8e-05,0.517286
154,0.171213,-0.01329,0.365185,-0.596141,0.345098,-0.724961,-0.489752,-0.871759,-0.012325,-0.635509,0.347269,0.689608,1.5e-05,0.000274,0.000211,0.0,0.0,0.0,0.519952,-0.199078,-0.034289,0.306004,-0.551614,-0.614465,0.564044,0.832314,-0.362542,0.419226,-0.052425,0.701475,0.710667,-0.001443,0.017982,-0.021486,-0.273567,-0.507576,0.644689,-1.405678,0.028581,0.026369,-0.01687,0.554113,0.60639,0.570305,-0.831485,0.370363,0.41408,0.039874,-0.703648,0.709427,0.006662,0.014372,-0.015537,-0.07811,0.094326,0.200901,-0.838295,0.083844,0.035898,-0.035432,0.602152,-0.334773,-0.724803,0.481843,0.876246,-0.004416,0.636584,-0.346583,0.688941,6e-06,0.000152,0.000118,-2.7e-05,-5e-06,2.2e-05,0.517449
155,0.171193,-0.01329,0.365186,-0.596177,0.345068,-0.724946,-0.489726,-0.871774,-0.012291,-0.635495,0.347263,0.689624,0.0,0.0,0.0,0.0,0.0,0.0,0.519328,-0.19859,-0.033237,0.304985,-0.587407,-0.6184,0.52204,0.80457,-0.377479,0.458378,-0.08567,0.690041,0.718587,0.013603,0.031993,-0.027217,-0.355594,-0.008261,0.870788,-1.406365,0.028819,0.026881,-0.017379,0.590087,0.611865,0.526704,-0.803907,0.385221,0.453142,0.074364,-0.690814,0.719197,0.007066,0.010396,-0.009549,-0.781407,-2.115638,2.30761,-0.850215,0.083834,0.035899,-0.035431,0.602187,-0.334742,-0.724788,0.481818,0.87626,-0.004383,0.63657,-0.346577,0.688957,-1e-06,-3e-06,-1e-06,-1.8e-05,7e-06,3e-05,0.517122
156,0.171161,-0.013304,0.365188,-0.596258,0.344998,-0.724913,-0.489685,-0.871798,-0.012198,-0.63545,0.347271,0.689662,-2e-06,-3.9e-05,-3e-05,0.0,0.0,0.0,0.519216,-0.197842,-0.031951,0.304051,-0.632059,-0.615401,0.47093,0.765065,-0.399565,0.504934,-0.12178,0.680205,0.722741,0.01388,0.035261,-0.023343,-0.520619,-0.615805,1.62325,-1.406619,0.029203,0.027548,-0.017867,0.636394,0.607472,0.475372,-0.763268,0.406869,0.501875,0.111461,-0.682227,0.722593,0.006977,0.017814,-0.011468,-0.583803,-0.618147,1.675215,-0.849725,0.083818,0.035892,-0.03543,0.602268,-0.334671,-0.724753,0.481776,0.876283,-0.004289,0.636525,-0.346586,0.688994,-1e-06,-1.8e-05,-1.3e-05,-2.2e-05,0.0,2.7e-05,0.516796
157,0.17112,-0.013303,0.36519,-0.59633,0.344936,-0.724883,-0.489634,-0.871828,-0.012132,-0.635422,0.347259,0.689694,-0.0,-0.0,-0.0,0.0,0.0,0.0,0.518391,-0.196925,-0.030329,0.303071,-0.688227,-0.597404,0.411635,0.709664,-0.436995,0.552581,-0.149368,0.673167,0.724154,0.028757,0.049314,-0.029057,-0.216312,-0.350587,1.228754,-1.406,0.029646,0.028326,-0.018338,0.691649,0.588694,0.418402,-0.708868,0.442401,0.549351,0.138298,-0.67655,0.723292,0.01444,0.025002,-0.014122,-0.875425,-2.001199,3.25688,-0.846296,0.083797,0.035892,-0.035429,0.602339,-0.334609,-0.724723,0.481725,0.876312,-0.004223,0.636497,-0.346574,0.689026,-0.006921,0.000142,0.000302,-0.001005,0.014702,-0.029525,0.516632
158,0.171109,-0.01331,0.365185,-0.596363,0.344906,-0.72487,-0.48961,-0.871841,-0.012101,-0.635409,0.347253,0.689709,-2.9e-05,-0.000526,-0.000404,0.0,0.0,0.0,0.518966,-0.196494,-0.029491,0.302623,-0.708517,-0.587466,0.390998,0.687046,-0.448207,0.57185,-0.159805,0.674529,0.72065,0.014119,0.038971,-0.018961,-0.575754,-0.042492,1.56691,-1.406331,0.029878,0.02878,-0.018579,0.712571,0.579461,0.395557,-0.685498,0.454928,0.568446,0.149442,-0.676212,0.721389,0.007086,0.019581,-0.009388,-0.49451,-0.06967,1.544324,-0.839438,0.083792,0.03589,-0.03543,0.602372,-0.33458,-0.724709,0.481701,0.876325,-0.004192,0.636484,-0.346568,0.689041,-2.1e-05,-0.000346,-0.000265,-2.8e-05,-9e-06,1.6e-05,0.516469
159,0.171098,-0.013316,0.365181,-0.596289,0.344971,-0.7249,-0.489663,-0.871811,-0.01217,-0.635438,0.347266,0.689676,-1.3e-05,-0.000233,-0.00018,0.0,0.0,0.0,0.519134,-0.195598,-0.027692,0.301741,-0.746356,-0.571043,0.34184,0.639344,-0.472921,0.606234,-0.183583,0.671729,0.717594,0.014203,0.040912,-0.016684,-0.313232,-0.233949,1.226473,-1.40587,0.030309,0.029649,-0.019007,0.750101,0.562261,0.348152,-0.638347,0.478025,0.603327,0.172802,-0.674799,0.717485,0.006857,0.026132,-0.012324,-0.60891,-0.226402,1.529114,-0.836662,0.083786,0.035886,-0.035433,0.602298,-0.334645,-0.72474,0.481754,0.876295,-0.004261,0.636513,-0.34658,0.689008,-1.1e-05,-0.000142,-0.000107,-2.6e-05,-8e-06,2.1e-05,0.516632
160,0.171098,-0.013308,0.365174,-0.596277,0.344981,-0.724905,-0.489655,-0.871815,-0.012199,-0.635456,0.347245,0.689669,-0.0,-0.0,-0.0,0.0,0.0,0.0,0.518751,-0.194908,-0.02584,0.301078,-0.772357,-0.554679,0.309496,0.603319,-0.488654,0.630204,-0.197351,0.674157,0.711638,-0.000683,0.044189,-0.011852,-0.342748,-0.021266,0.83034,-1.406321,0.030665,0.030571,-0.019343,0.776279,0.545768,0.315477,-0.602174,0.49395,0.627215,0.186484,-0.676867,0.712091,0.007221,0.022112,-0.006425,-0.420078,0.056799,0.936385,-0.836172,0.083786,0.035889,-0.035437,0.602286,-0.334655,-0.724745,0.481746,0.8763,-0.00429,0.63653,-0.34656,0.689002,-3e-06,8e-06,9e-06,-2.6e-05,-2e-05,2.1e-05,0.516469
161,0.171109,-0.013309,0.365173,-0.596259,0.344997,-0.724913,-0.489668,-0.871807,-0.012215,-0.635463,0.347248,0.689662,-0.0,-0.0,-0.0,0.0,0.0,0.0,0.519116,-0.194682,-0.024948,0.30085,-0.781341,-0.547516,0.299539,0.590276,-0.492868,0.639211,-0.201359,0.676933,0.70787,0.014531,0.046056,-0.010702,-0.425395,-0.003236,0.921249,-1.406594,0.030778,0.031032,-0.019464,0.785441,0.538523,0.30508,-0.588864,0.498421,0.63625,0.190577,-0.679389,0.708597,0.007273,0.022964,-0.005439,-0.446644,0.152878,0.762886,-0.841234,0.083792,0.035889,-0.035437,0.602269,-0.334671,-0.724753,0.481759,0.876293,-0.004307,0.636537,-0.346563,0.688994,-4e-06,5e-06,5e-06,-2.8e-05,-2.1e-05,1.8e-05,0.516469
162,0.171098,-0.013315,0.365168,-0.596292,0.344967,-0.724899,-0.489644,-0.871821,-0.012184,-0.63545,0.347242,0.689676,-1.3e-05,-0.000233,-0.000179,0.0,0.0,0.0,0.519038,-0.194503,-0.023127,0.300566,-0.795241,-0.536346,0.282694,0.568525,-0.498099,0.654684,-0.209324,0.682016,0.700643,-0.000308,0.048852,-0.0065,-0.330687,0.224896,0.316034,-1.405893,0.030873,0.031942,-0.019607,0.799773,0.526764,0.287892,-0.566434,0.503399,0.652488,0.198783,-0.684914,0.700983,0.00014,0.018931,0.000905,-0.52779,0.219546,0.515011,-0.84499,0.083786,0.035886,-0.035439,0.602302,-0.334641,-0.724739,0.481735,0.876306,-0.004275,0.636524,-0.346557,0.689009,-1.3e-05,-0.000145,-0.000109,-2.2e-05,-1.8e-05,2.4e-05,0.516469
163,0.171097,-0.013322,0.365163,-0.596308,0.344954,-0.724892,-0.489632,-0.871828,-0.01217,-0.635444,0.34724,0.689683,-1e-06,-1.7e-05,-1.3e-05,0.0,0.0,0.0,0.518853,-0.194575,-0.021455,0.300424,-0.806413,-0.526564,0.269109,0.54948,-0.499436,0.669753,-0.217247,0.688622,0.691713,5.5e-05,0.03553,-0.000968,-0.377961,0.19823,0.326763,-1.40631,0.030838,0.03279,-0.019672,0.810876,0.516947,0.274308,-0.547516,0.504616,0.667524,0.206654,-0.691468,0.692218,-0.007683,0.023879,-0.003422,-0.553461,0.141257,0.527419,-0.85691,0.083786,0.035882,-0.035443,0.602317,-0.334628,-0.724733,0.481723,0.876312,-0.004261,0.636518,-0.346554,0.689016,-2e-06,2e-06,2e-06,-1.8e-05,2e-06,3e-05,0.516469
164,0.171096,-0.013335,0.36514,-0.596342,0.344923,-0.724879,-0.489591,-0.871852,-0.012155,-0.635444,0.347211,0.689698,-2.6e-05,-0.000481,-0.00037,0.0,0.0,0.0,0.518679,-0.194805,-0.02009,0.300281,-0.806302,-0.532827,0.256834,0.541542,-0.490699,0.682554,-0.236636,0.690093,0.683841,-0.000207,0.032441,-0.004582,-0.540985,-1.049446,-0.98378,-1.406463,0.030723,0.033476,-0.019739,0.812298,0.521002,0.262161,-0.538151,0.496217,0.681294,0.224867,-0.694496,0.683454,-0.007723,0.016398,-0.001734,-1.523647,-3.68507,-3.625593,-0.866708,0.083785,0.035876,-0.035454,0.602351,-0.334596,-0.724719,0.481681,0.876336,-0.004246,0.636518,-0.346526,0.68903,-1.3e-05,-0.000249,-0.000193,-1.6e-05,9e-06,2.9e-05,0.516632
165,0.171095,-0.013342,0.365122,-0.596361,0.344906,-0.724872,-0.48956,-0.871869,-0.012155,-0.63545,0.347185,0.689705,-3.7e-05,-0.000689,-0.00053,0.0,0.0,0.0,0.51931,-0.194979,-0.019481,0.300176,-0.797446,-0.547514,0.253572,0.546404,-0.477346,0.688126,-0.254709,0.687976,0.679467,-0.015251,0.030899,-0.005368,-0.316469,0.098433,0.097166,-1.406222,0.030642,0.033782,-0.019791,0.80237,0.537811,0.258767,-0.544633,0.482485,0.685989,0.244081,-0.691351,0.680041,-0.007621,0.015334,-0.002801,-0.554284,-0.076835,-0.10466,-0.865075,0.083785,0.035873,-0.035462,0.60237,-0.334579,-0.724711,0.481651,0.876353,-0.004246,0.636524,-0.3465,0.689038,-2.3e-05,-0.000433,-0.000334,-2e-05,-1e-06,2.5e-05,0.516632
166,0.171082,-0.013367,0.365065,-0.59645,0.344825,-0.724837,-0.489444,-0.871934,-0.012124,-0.635455,0.347101,0.689743,-0.0001,-0.001837,-0.001415,0.0,0.0,0.0,0.519437,-0.195372,-0.018462,0.299802,-0.767724,-0.587913,0.254852,0.568656,-0.442096,0.693625,-0.29415,0.678166,0.673372,-0.015769,0.024642,-0.012554,-0.165226,0.01362,-7.8e-05,-1.405859,0.030446,0.034293,-0.019968,0.773479,0.578088,0.259892,-0.566876,0.447538,0.691636,0.283515,-0.682292,0.673866,-0.007863,0.012458,-0.006112,-0.662741,-0.98934,-0.98933,-0.860666,0.083778,0.035863,-0.035489,0.602458,-0.334498,-0.724675,0.481535,0.876416,-0.004215,0.636528,-0.346417,0.689076,-5.9e-05,-0.001077,-0.000832,-0.000884,0.012683,-0.025842,0.516632
167,0.171057,-0.013413,0.364991,-0.596497,0.344781,-0.724819,-0.489359,-0.871982,-0.012133,-0.635476,0.347025,0.689761,-0.0001,-0.001836,-0.001415,0.0,0.0,0.0,0.519449,-0.195719,-0.017592,0.299285,-0.728859,-0.635793,0.254015,0.592226,-0.399554,0.699685,-0.342439,0.661197,0.667396,-0.015897,0.022919,-0.014525,-0.065462,0.0388,0.035568,-1.40588,0.030272,0.03473,-0.020232,0.735019,0.626582,0.259116,-0.590951,0.404611,0.697901,0.332451,-0.666096,0.667676,-0.000505,0.011243,-0.007976,-0.065413,-0.047011,-0.00249,-0.855114,0.083766,0.035839,-0.035526,0.602504,-0.334454,-0.724657,0.48145,0.876462,-0.004224,0.636548,-0.346342,0.689095,-6.8e-05,-0.001258,-0.000972,-0.000876,0.012694,-0.025857,0.517122
168,0.171034,-0.013454,0.36496,-0.596519,0.344762,-0.72481,-0.489343,-0.871991,-0.012113,-0.635468,0.347021,0.689771,-0.000143,-0.002621,-0.002021,-0.000865,0.0127,-0.025856,0.519579,-0.195872,-0.017188,0.299006,-0.716887,-0.648695,0.255457,0.597643,-0.383359,0.704126,-0.357923,0.658258,0.662156,-0.001109,0.021904,-0.016668,-0.228007,0.039028,0.063459,-1.405673,0.03019,0.034932,-0.020372,0.72295,0.639905,0.260504,-0.596884,0.388584,0.701948,0.347953,-0.662964,0.662876,-0.007726,0.005053,-0.004137,-0.421252,-0.142968,-0.190027,-0.850052,0.083754,0.035819,-0.035542,0.60251,-0.33445,-0.724654,0.481446,0.876465,-0.004219,0.636545,-0.346341,0.689098,-3.9e-05,-0.000717,-0.000554,-1e-05,-8e-06,-6e-06,0.517285
169,0.170957,-0.013529,0.364904,-0.5966,0.344692,-0.724776,-0.489285,-0.872024,-0.012038,-0.635436,0.347007,0.689808,-0.000126,-0.002302,-0.001776,0.0,0.0,0.0,0.519346,-0.196139,-0.016296,0.298335,-0.696489,-0.669729,0.257601,0.604823,-0.354987,0.712815,-0.385064,0.653104,0.651953,-0.01603,0.021092,-0.016608,-0.264676,0.166955,0.134593,-1.405583,0.030062,0.035376,-0.020709,0.702618,0.66136,0.262543,-0.604543,0.360217,0.710472,0.375305,-0.657909,0.652916,-0.000855,0.015878,-0.013101,-0.3487,0.115379,0.147528,-0.847929,0.083716,0.035781,-0.03557,0.602606,-0.334365,-0.724614,0.481377,0.876503,-0.004129,0.636507,-0.346325,0.689142,-7.2e-05,-0.001331,-0.001026,0.005107,-0.074926,0.152578,0.517449
170,0.170808,-0.013596,0.364857,-0.596899,0.344433,-0.724654,-0.489072,-0.872148,-0.011761,-0.63532,0.346955,0.689941,-8.5e-05,-0.001529,-0.001181,0.0,0.0,0.0,0.519738,-0.196329,-0.015336,0.297487,-0.695901,-0.66994,0.258639,0.597019,-0.339785,0.72667,-0.39806,0.660935,0.636063,-0.001809,0.031094,-0.026983,-0.496037,0.351392,0.34917,-1.405817,0.029961,0.035852,-0.02113,0.701468,0.66217,0.263577,-0.59763,0.345012,0.723743,0.388304,-0.665204,0.637747,-0.000666,0.009481,-0.009997,-0.803341,0.498428,0.392566,-0.851848,0.083641,0.035746,-0.035595,0.602901,-0.334105,-0.724488,0.481162,0.876623,-0.003852,0.63639,-0.346274,0.689275,-5.1e-05,-0.000914,-0.000704,-3e-06,-2.4e-05,-7e-06,0.517612
171,0.170575,-0.013637,0.364793,-0.597195,0.344173,-0.724533,-0.488809,-0.872298,-0.011538,-0.635243,0.346834,0.690072,-0.013939,-0.00124,-0.000577,-0.000984,0.014715,-0.029553,0.519886,-0.196349,-0.014556,0.296531,-0.704892,-0.660632,0.258232,0.582329,-0.331356,0.742314,-0.403934,0.674448,0.617915,-0.001761,0.014717,-0.024895,-0.730042,0.503885,0.405488,-1.405733,0.029952,0.036253,-0.021603,0.71003,0.653155,0.263144,-0.583644,0.336787,0.738873,0.393975,-0.678205,0.620339,-0.00089,0.007066,-0.012779,-0.278667,0.237525,0.201413,-0.848419,0.08353,0.035725,-0.035628,0.603177,-0.333858,-0.724372,0.480909,0.876762,-0.003646,0.636319,-0.346158,0.689399,-0.000148,0.004263,-0.005283,0.035728,-0.01103,0.019335,0.517612
172,0.170447,-0.013668,0.364747,-0.597386,0.344005,-0.724455,-0.488638,-0.872396,-0.011396,-0.635195,0.346755,0.690156,-0.013995,-0.002195,-0.001317,-0.000984,0.014715,-0.029553,0.519923,-0.196319,-0.014351,0.296009,-0.709999,-0.65521,0.258056,0.575669,-0.329207,0.74844,-0.40453,0.68076,0.610561,0.012734,0.01108,-0.03008,-0.381771,0.280722,0.23898,-1.406075,0.029961,0.036359,-0.021859,0.716052,0.646592,0.263035,-0.575766,0.334035,0.746266,0.394667,-0.685812,0.611472,-0.001027,0.005591,-0.014489,-0.501535,0.344537,0.2826,-0.850379,0.083466,0.035713,-0.035648,0.603351,-0.333703,-0.724298,0.480748,0.876851,-0.003518,0.636276,-0.346083,0.689476,-0.007074,0.004417,-0.004975,0.034738,0.003693,-0.010228,0.517939
173,0.17022,-0.013716,0.364574,-0.597507,0.34389,-0.72441,-0.488362,-0.872549,-0.011477,-0.635293,0.346484,0.690202,-0.000239,-0.004178,-0.003234,0.0,0.0,0.0,0.520154,-0.196121,-0.014518,0.295059,-0.73507,-0.626794,0.258443,0.557669,-0.342428,0.756097,-0.384485,0.700687,0.600892,0.013312,-0.016721,-0.020383,0.04703,0.485446,0.352677,-1.405591,0.030065,0.03628,-0.022346,0.741456,0.61711,0.26347,-0.556987,0.347084,0.754518,0.374174,-0.706192,0.60107,0.006652,-0.008672,-0.010542,0.131952,0.467055,0.337,-0.854461,0.083347,0.035689,-0.035734,0.603504,-0.333558,-0.724238,0.480447,0.877016,-0.003568,0.636359,-0.345805,0.689539,-0.000142,-0.002527,-0.001952,-0.00087,0.012707,-0.025853,0.518265
174,0.170033,-0.013832,0.364181,-0.595267,0.345323,-0.725572,-0.488202,-0.872588,-0.01484,-0.637515,0.344957,0.688916,-0.000599,-0.010381,-0.008057,-0.000864,0.012727,-0.025842,0.51485,-0.195799,-0.015587,0.294182,-0.793879,-0.549497,0.260386,0.52147,-0.395287,0.756142,-0.311565,0.736748,0.599994,-0.001247,-0.047701,-0.013583,0.539842,1.253112,0.832561,-1.405929,0.030226,0.035768,-0.022775,0.798708,0.540001,0.265448,-0.520711,0.399215,0.754643,0.301537,-0.740962,0.600041,0.006381,-0.018577,-0.011848,1.712836,4.20277,3.213043,-0.860666,0.083254,0.035641,-0.035923,0.601264,-0.335016,-0.725426,0.480309,0.877071,-0.006948,0.638579,-0.344251,0.688263,-0.000405,-0.000299,-0.008826,0.033722,0.014599,-0.032654,0.517775
175,0.169985,-0.01397,0.363867,-0.592582,0.347151,-0.726897,-0.488483,-0.872362,-0.018473,-0.639799,0.343693,0.68743,-0.001022,-0.004077,-0.020384,0.040319,-0.07382,0.14631,0.502458,-0.19558,-0.016435,0.293692,-0.834323,-0.489369,0.253802,0.486393,-0.437154,0.756473,-0.258188,0.755194,0.602399,0.013224,-0.052834,-0.020813,1.585848,4.68133,3.598503,-1.405547,0.03033,0.035348,-0.023014,0.836,0.483859,0.25881,-0.487642,0.438837,0.754736,0.25161,-0.757166,0.602818,0.006337,-0.021139,-0.014784,0.61864,1.631285,1.248119,-0.867851,0.083231,0.035577,-0.036069,0.598756,-0.33671,-0.726716,0.480479,0.876943,-0.010438,0.640803,-0.342922,0.686857,-0.000526,-0.002413,-0.010481,0.033901,0.014544,-0.03249,0.508958
176,0.169887,-0.014463,0.363096,-0.580617,0.359273,-0.730652,-0.499615,-0.865754,-0.028756,-0.64218,0.347897,0.683082,-0.001494,-0.012093,-0.026737,0.040301,-0.061879,0.121305,0.480012,-0.195096,-0.018789,0.292553,-0.921381,-0.328232,0.208116,0.364451,-0.54439,0.75548,-0.133512,0.772333,0.620918,-0.002584,-0.062849,-0.032394,1.053483,0.586977,1.879796,-1.405279,0.030577,0.034177,-0.023577,0.924121,0.316404,0.214215,-0.362007,0.5456,0.755825,0.12227,-0.776021,0.618741,0.00616,-0.037761,-0.013633,1.580548,3.668075,6.642285,-0.876015,0.083182,0.035332,-0.036454,0.586776,-0.349044,-0.730658,0.491817,0.870448,-0.020856,0.64328,-0.347112,0.682424,-0.000642,-0.011215,-0.008781,-0.003717,0.02766,-0.054286,0.480382
177,0.169616,-0.015202,0.362092,-0.560269,0.380381,-0.735836,-0.52169,-0.852019,-0.043295,-0.642724,0.359143,0.676719,-0.015748,-0.016765,-0.030225,0.038207,-0.046377,0.090547,0.4705,-0.194975,-0.021438,0.291359,-0.973966,-0.133836,0.182946,0.226003,-0.630004,0.742934,0.017054,0.765095,0.643585,-0.002115,-0.074624,-0.025908,2.026053,5.120662,4.948609,-1.403965,0.030635,0.032846,-0.024189,0.973712,0.127802,0.188548,-0.226542,0.629559,0.743191,-0.023721,-0.766368,0.641962,-0.001253,-0.037099,-0.012603,2.200733,4.730503,4.672281,-0.89561,0.083051,0.03496,-0.036958,0.566599,-0.370352,-0.736073,0.514131,0.856979,-0.035428,0.643921,-0.358364,0.675973,-0.000815,-0.014062,-0.011114,0.003877,-0.132689,0.271821,0.457521
178,0.169068,-0.01602,0.360829,-0.530307,0.409647,-0.7423,-0.553879,-0.830228,-0.062545,-0.641246,0.377462,0.668097,-0.016127,-0.021549,-0.034296,0.082686,-0.253168,0.498437,0.47241,-0.195161,-0.024176,0.290487,-0.981253,0.021377,0.19151,0.123625,-0.691922,0.711263,0.14895,0.721567,0.676031,-0.016879,-0.069138,-0.018887,2.812307,6.112232,2.636233,-1.404006,0.030548,0.031463,-0.02464,0.980502,-0.029314,0.194309,-0.12081,0.689947,0.713706,-0.154985,-0.723265,0.672953,-0.000911,-0.034326,-0.009516,2.037385,3.499775,3.965752,-0.904428,0.082777,0.034551,-0.03759,0.537198,-0.399655,-0.74276,0.546472,0.835706,-0.054433,0.642484,-0.376656,0.66734,-0.00803,-0.01067,-0.017052,0.21606,-0.522281,0.996429,0.451969
179,0.168658,-0.016399,0.360116,-0.512636,0.426645,-0.745133,-0.574621,-0.815269,-0.071546,-0.637378,0.390957,0.664025,-0.03022,-0.021669,-0.034187,0.037066,-0.124709,0.251855,0.476107,-0.1953,-0.025669,0.29022,-0.976829,0.096425,0.191049,0.064216,-0.719105,0.69188,0.205328,0.687985,0.695974,-0.016211,-0.078157,-0.008422,2.534242,3.190302,3.851219,-1.404084,0.030478,0.030718,-0.02478,0.974764,-0.105751,0.196597,-0.062262,0.716937,0.694351,-0.214376,-0.689069,0.692261,-0.00042,-0.039269,-0.004979,1.557426,0.867875,0.546971,-0.905407,0.082577,0.034358,-0.037949,0.519441,-0.416989,-0.745855,0.567534,0.820883,-0.063683,0.638816,-0.390219,0.663055,-0.008206,-0.006486,-0.022496,0.053408,-0.140629,0.29715,0.453766
180,0.167573,-0.017105,0.358493,-0.477724,0.454844,-0.751626,-0.605412,-0.790375,-0.093572,-0.63604,0.409772,0.653887,-0.03079,-0.014597,-0.046353,0.087835,-0.211872,0.413757,0.478776,-0.195554,-0.028564,0.289883,-0.94495,0.255208,0.204768,-0.063299,-0.756323,0.651079,0.322218,0.601947,0.730547,-0.000797,-0.075651,-0.006833,2.86276,4.996314,2.502676,-1.404688,0.030346,0.029241,-0.02495,0.940753,-0.267092,0.208911,0.068981,0.753954,0.653295,-0.332,-0.600179,0.727709,-0.000388,-0.037827,-0.003208,2.741508,4.989335,2.534567,-0.912102,0.082023,0.033997,-0.038773,0.484626,-0.445593,-0.752717,0.598728,0.796329,-0.085928,0.6377,-0.40903,0.652711,-0.015374,-0.00748,-0.023308,0.082172,-0.205016,0.404119,0.458827
181,0.166165,-0.017696,0.356613,-0.456301,0.467562,-0.757113,-0.612091,-0.782453,-0.114383,-0.645326,0.410643,0.644169,-0.031175,-0.016921,-0.048692,0.077305,-0.108015,0.205886,0.474868,-0.195944,-0.031158,0.289464,-0.884214,0.40173,0.238264,-0.1839,-0.768173,0.613209,0.430482,0.49788,0.752771,-0.01707,-0.049955,-0.018256,1.706865,2.769591,0.038672,-1.404857,0.030159,0.027985,-0.025149,0.881124,-0.40711,0.240582,0.184955,0.76492,0.616999,-0.435213,-0.499156,0.749287,-0.008213,-0.030334,-0.004515,2.195493,5.20474,3.245595,-0.911776,0.081331,0.033707,-0.039695,0.463538,-0.458333,-0.758328,0.605464,0.788702,-0.106593,0.64695,-0.40973,0.643098,-0.022565,-0.00779,-0.023601,0.079268,-0.191206,0.37288,0.457358
182,0.165323,-0.017928,0.35559,-0.448109,0.4695,-0.760798,-0.612918,-0.780822,-0.120918,-0.650269,0.411534,0.638606,-0.045547,-0.006036,-0.057289,0.068799,-0.283601,0.138197,0.473192,-0.196129,-0.032215,0.289227,-0.835372,0.483643,0.261219,-0.253394,-0.76039,0.597941,0.488865,0.432699,0.757394,-0.001457,-0.047712,-0.016585,2.801746,5.979795,4.159004,-1.40496,0.030066,0.027449,-0.025269,0.834403,-0.484361,0.262992,0.250826,0.758603,0.601338,-0.490772,-0.435793,0.754471,-0.000662,-0.023768,-0.008274,1.632051,2.661367,-0.226094,-0.913898,0.080915,0.033586,-0.040205,0.455542,-0.460506,-0.761849,0.606337,0.787106,-0.113219,0.651795,-0.410362,0.637782,-0.022704,-0.00868,-0.024455,0.017459,-0.434615,0.255371,0.455072
183,0.163381,-0.018207,0.353302,-0.431925,0.475326,-0.766519,-0.612941,-0.778109,-0.137197,-0.661118,0.409977,0.628387,-0.046078,0.002843,-0.068156,0.111331,-0.374604,0.306701,0.474485,-0.196644,-0.033846,0.288528,-0.731615,0.600704,0.322312,-0.35234,-0.737821,0.575683,0.584538,0.306858,0.75101,-0.017352,-0.034239,-0.021058,1.940649,3.867056,4.108124,-1.404563,0.029809,0.026611,-0.025622,0.726515,-0.605254,0.325334,0.353514,0.735212,0.578351,-0.589239,-0.305171,0.748109,-0.000914,-0.017144,-0.011132,0.63693,1.799124,0.726892,-0.917981,0.079944,0.033443,-0.041346,0.439561,-0.466328,-0.767673,0.606361,0.784589,-0.129408,0.662655,-0.408604,0.627638,-0.030005,-0.003345,-0.028986,0.047924,-0.339692,0.064862,0.453276
184,0.161179,-0.01819,0.350766,-0.415766,0.470746,-0.778192,-0.611128,-0.778242,-0.144336,-0.673057,0.414975,0.612223,-0.06041,0.005266,-0.066334,0.165802,-0.770493,0.09692,0.489787,-0.197122,-0.034764,0.287674,-0.621139,0.687014,0.377081,-0.437351,-0.703018,0.560735,0.651101,0.182514,0.736627,-0.017163,-0.015269,-0.019171,2.192606,4.095424,3.392887,-1.405281,0.029571,0.026144,-0.026053,0.615836,-0.691239,0.378066,0.43818,0.69929,0.564792,-0.654784,-0.182159,0.733535,-0.008464,-0.007587,-0.009514,2.208543,3.988575,3.566992,-0.92239,0.078871,0.033444,-0.042593,0.424496,-0.462706,-0.77827,0.604864,0.784539,-0.136519,0.673752,-0.412797,0.612908,-0.023017,-0.002865,-0.028981,1.59177,-2.12865,1.649651,0.46291
185,0.160153,-0.018075,0.349506,-0.407629,0.462035,-0.78766,-0.610032,-0.779592,-0.141667,-0.679008,0.422172,0.600622,-0.06052,0.005662,-0.066238,-0.050844,-0.833571,-0.382147,0.500498,-0.197344,-0.03499,0.287387,-0.570697,0.718445,0.397658,-0.472864,-0.683332,0.556229,0.672062,0.128499,0.729166,-0.016685,-0.010518,-0.012937,2.162962,3.84138,3.096365,-1.404445,0.029453,0.026018,-0.026214,0.560743,-0.725122,0.399706,0.476837,0.677463,0.560062,-0.676899,-0.123456,0.725648,-0.008196,-0.004856,-0.005996,2.191052,3.822676,3.093415,-0.922226,0.078312,0.033506,-0.043272,0.415214,-0.453663,-0.788534,0.603487,0.785962,-0.134409,0.680735,-0.420062,0.600122,-0.030213,0.0028,-0.033114,-0.085467,-0.980917,-0.46075,0.475483
186,0.158225,-0.017734,0.346741,-0.37862,0.439673,-0.814482,-0.60768,-0.781798,-0.139609,-0.697678,0.441534,0.564199,-0.046628,0.004344,-0.068139,-0.073593,-1.242204,-0.116124,0.515169,-0.197704,-0.0351,0.287299,-0.466612,0.765634,0.442797,-0.534289,-0.642868,0.548808,0.705424,0.01854,0.708447,-0.015285,0.002706,0.004582,2.193088,4.306437,3.28361,-1.404561,0.029278,0.025956,-0.026269,0.460331,-0.769244,0.443122,0.536044,0.638739,0.551968,-0.707638,-0.016555,0.70638,0.000146,0.001551,0.002058,0.060521,1.954499,0.481107,-0.910959,0.077366,0.033677,-0.044627,0.386467,-0.431341,-0.815222,0.601043,0.78822,-0.132121,0.699564,-0.438923,0.563876,-0.023322,0.006977,-0.038903,-0.064126,-1.332123,-0.173193,0.49916
187,0.156558,-0.017459,0.343825,-0.334703,0.409799,-0.848578,-0.607475,-0.782206,-0.138204,-0.71999,0.468719,0.511806,-0.032908,0.011304,-0.08099,-0.104405,-1.972752,-0.032248,0.519292,-0.19801,-0.035024,0.287748,-0.349817,0.798427,0.490035,-0.58978,-0.594005,0.54704,0.728285,-0.098646,0.678037,-0.014136,-0.002754,0.020247,2.080549,4.378573,3.654294,-1.404309,0.029125,0.026003,-0.026041,0.343968,-0.801084,0.489845,0.591563,0.590007,0.549494,-0.729204,0.100766,0.676835,0.000665,-0.001571,0.009397,0.34813,1.83481,0.368538,-0.916838,0.076527,0.033815,-0.046078,0.343353,-0.402948,-0.848375,0.600819,0.788518,-0.131356,0.721889,-0.464618,0.512839,-0.023546,0.000512,-0.035789,-0.100802,-1.601595,-0.130075,0.513856
188,0.155139,-0.017368,0.340853,-0.269557,0.387514,-0.881599,-0.608752,-0.777883,-0.155853,-0.745848,0.494178,0.446682,-0.033415,-0.00209,-0.075296,-0.042687,-1.893881,0.170954,0.519725,-0.198258,-0.035251,0.288704,-0.224111,0.818917,0.528338,-0.6393,-0.532611,0.554577,0.735823,-0.214501,0.642198,-0.013342,-0.011451,0.031578,0.352193,1.903367,0.56549,-1.404801,0.029002,0.0259,-0.025559,0.212201,-0.822382,0.52788,0.641643,0.524682,0.559467,-0.737065,0.219991,0.639014,0.001154,-0.005738,0.015003,2.507804,4.302213,3.338614,-0.914552,0.075818,0.033867,-0.047564,0.277807,-0.380192,-0.882199,0.602142,0.784464,-0.148456,0.748496,-0.489968,0.44686,-0.01662,-0.000718,-0.037315,0.018495,-1.510152,0.413925,0.518592
189,0.15452,-0.017419,0.339386,-0.241154,0.375183,-0.895058,-0.611157,-0.775091,-0.160292,-0.753597,0.507895,0.417326,-0.033595,-0.002684,-0.076197,-0.372542,-1.630913,-0.318246,0.51749,-0.198341,-0.035462,0.289342,-0.157614,0.822454,0.546551,-0.65731,-0.500312,0.56353,0.737111,-0.271457,0.618741,0.002354,-0.010185,0.032224,1.999912,4.417775,3.123453,-1.40445,0.028955,0.025796,-0.025238,0.150791,-0.824485,0.545422,0.658545,0.495263,0.566596,-0.737278,0.273748,0.617642,0.001463,-0.010028,0.021121,-0.60405,0.982603,-0.239793,-0.918471,0.075509,0.033841,-0.048298,0.2491,-0.36878,-0.895516,0.60451,0.781623,-0.153725,0.756647,-0.503056,0.417633,-0.016699,-0.001094,-0.03785,-1.186553,-0.399758,-1.588057,0.518755
190,0.153423,-0.017801,0.336604,-0.184821,0.354242,-0.916733,-0.615735,-0.768716,-0.172966,-0.765757,0.532053,0.361335,-0.033669,-0.011557,-0.066526,0.055435,-1.654245,0.490447,0.507099,-0.198301,-0.036192,0.29107,-0.046706,0.81468,0.578019,-0.686307,-0.446506,0.574063,0.725815,-0.370898,0.579214,-0.012374,-0.018432,0.045032,-0.322308,1.130741,-0.134819,-1.404522,0.02898,0.025444,-0.024392,0.034849,-0.816588,0.576167,0.688241,0.437633,0.578619,-0.724643,0.376378,0.577261,0.001868,-0.01445,0.026247,2.371497,4.295811,3.020422,-0.916511,0.074967,0.033652,-0.049673,0.194343,-0.347185,-0.917437,0.609265,0.775717,-0.164492,0.768782,-0.526995,0.362284,-0.016841,-0.006309,-0.033719,-0.028447,-1.299622,0.402103,0.509774
191,0.152349,-0.018545,0.334282,-0.147034,0.335099,-0.930664,-0.619858,-0.764391,-0.177357,-0.770647,0.550381,0.321263,-0.033843,-0.021156,-0.057489,0.059178,-0.968123,0.557635,0.503252,-0.198098,-0.037181,0.293127,0.063171,0.79241,0.606701,-0.716756,-0.38687,0.580109,0.69431,-0.472484,0.54273,0.004108,-0.025648,0.057162,2.731004,4.195961,2.739203,-1.404661,0.029076,0.024942,-0.023354,-0.070911,-0.793219,0.604793,0.716785,0.381131,0.583916,-0.693678,0.474913,0.541541,0.001998,-0.012964,0.02849,-0.381617,1.104173,0.11372,-0.919287,0.074411,0.03327,-0.050885,0.153299,-0.326068,-0.932833,0.613456,0.771467,-0.168849,0.774707,-0.546368,0.318293,-0.016878,-0.010553,-0.028699,0.064727,-0.860059,0.629944,0.498834
192,0.151743,-0.019088,0.33326,-0.129505,0.324489,-0.937006,-0.620768,-0.763358,-0.178613,-0.773075,0.558126,0.301458,-0.03398,-0.031308,-0.048613,0.055304,-1.105218,0.306273,0.505389,-0.19797,-0.037755,0.294278,0.109558,0.776036,0.621093,-0.729713,-0.361357,0.580407,0.674707,-0.517768,0.525881,0.004049,-0.026123,0.05645,0.566707,1.617068,0.570166,-1.404966,0.02914,0.02466,-0.022773,-0.121603,-0.775755,0.619206,0.730331,0.352537,0.585092,-0.672181,0.523374,0.523689,0.002021,-0.012459,0.028676,2.966143,4.059457,2.560201,-0.91994,0.07412,0.033009,-0.051378,0.136989,-0.317117,-0.93844,0.614457,0.770284,-0.170598,0.776965,-0.553262,0.300375,-0.016924,-0.01035,-0.028686,0.093887,-1.356796,0.202971,0.498017
193,0.150333,-0.020545,0.33151,-0.096093,0.313655,-0.944686,-0.634527,-0.75049,-0.184691,-0.766795,0.581288,0.272315,-0.0344,-0.042079,-0.04072,0.013421,-0.478281,0.176503,0.508207,-0.197674,-0.039068,0.29668,0.220422,0.729848,0.647092,-0.75231,-0.294906,0.589062,0.620471,-0.617555,0.483223,0.004554,-0.037293,0.064406,0.421864,1.931832,0.711461,-1.405097,0.029288,0.02401,-0.021572,-0.23148,-0.728548,0.644696,0.75235,0.286068,0.593408,-0.616753,0.6224,0.481904,0.002144,-0.01878,0.031656,2.974787,4.676861,2.667488,-0.923533,0.073415,0.032286,-0.052256,0.102612,-0.305524,-0.946638,0.628298,0.7577,-0.17644,0.771175,-0.576667,0.269709,-0.017185,-0.021228,-0.020511,0.009915,-0.566597,0.35872,0.501446
194,0.148608,-0.022399,0.330076,-0.076451,0.306006,-0.948978,-0.63927,-0.745397,-0.188915,-0.765088,0.591827,0.253788,-0.049634,-0.052689,-0.032656,-0.021933,-0.284377,0.187256,0.507842,-0.197382,-0.040697,0.299211,0.335776,0.657947,0.674056,-0.760347,-0.232904,0.606269,0.555454,-0.716893,0.421186,0.004421,-0.038459,0.062769,2.736759,4.803914,2.272189,-1.40557,0.029433,0.023198,-0.020304,-0.342869,-0.657374,0.671042,0.759006,0.227029,0.610219,-0.553489,0.71855,0.42111,0.010223,-0.024759,0.035145,-0.8503,1.65911,0.377128,-0.94721,0.072559,0.031365,-0.052973,0.082943,-0.298256,-0.950875,0.633105,0.752642,-0.180853,0.769609,-0.587003,0.251254,-0.017414,-0.026337,-0.016304,-0.026018,-0.186787,0.08455,0.502753
195,0.146637,-0.024389,0.328839,-0.038193,0.315109,-0.948311,-0.634007,-0.741122,-0.220785,-0.772345,0.592408,0.229266,-0.049867,-0.050204,-0.030997,-0.0082,-0.105066,0.176374,0.507183,-0.196823,-0.042238,0.301544,0.420408,0.585224,0.69337,-0.762832,-0.185593,0.619336,0.4906,-0.790011,0.367502,0.019637,-0.041832,0.057395,0.30225,2.140145,0.559045,-1.405783,0.029715,0.022417,-0.019108,-0.430935,-0.580982,0.690474,0.761807,0.175903,0.623464,-0.483678,0.794681,0.366793,0.009761,-0.021068,0.028549,0.257912,2.188454,0.591687,-0.973663,0.071573,0.030365,-0.053596,0.044566,-0.308183,-0.950282,0.627979,0.748436,-0.213272,0.776953,-0.587252,0.226887,-0.024979,-0.030574,-0.011215,0.007144,-0.140615,0.318389,0.500793
196,0.145598,-0.02537,0.328274,-0.01008,0.326274,-0.945245,-0.628813,-0.737012,-0.247748,-0.777486,0.591476,0.21377,-0.049997,-0.058875,-0.0206,0.194079,-0.524948,0.971783,0.508483,-0.196533,-0.042906,0.302521,0.446138,0.557198,0.700344,-0.764285,-0.169744,0.622084,0.464937,-0.813475,0.34922,0.003358,-0.032473,0.047926,-0.518341,0.745528,-0.299092,-1.405688,0.029859,0.022096,-0.018636,-0.457449,-0.55229,0.696932,0.762644,0.159371,0.626876,-0.457288,0.818276,0.348297,0.009454,-0.016195,0.023581,-0.528098,0.779225,-0.213703,-0.982154,0.071054,0.029876,-0.053885,0.017448,-0.31953,-0.947415,0.623087,0.744539,-0.239631,0.781957,-0.586142,0.212086,-0.032226,-0.023302,-0.013847,0.816902,-1.380198,2.565834,0.501773
