frame,MLTx,MLTy,MLTz,MLTR1,MLTR2,MLTR3,MLTR4,MLTR5,MLTR6,MLTR7,MLTR8,MLTR9,MLTTVx,MLTTVy,MLTTVz,MLTRVx,MLTRVy,MLTRVz,MLGA,MRTx,MRTy,MRTz,MRTR1,MRTR2,MRTR3,MRTR4,MRTR5,MRTR6,MRTR7,MRTR8,MRTR9,MRTTVx,MRTTVy,MRTTVz,MRTRVx,MRTRVy,MRTRVz,MRGA,SLTx,SLTy,SLTz,SLTR1,SLTR2,SLTR3,SLTR4,SLTR5,SLTR6,SLTR7,SLTR8,SLTR9,SLTTVx,SLTTVy,SLTTVz,SLTRVx,SLTRVy,SLTRVz,SLGA,SRTx,SRTy,SRTz,SRTR1,SRTR2,SRTR3,SRTR4,SRTR5,SRTR6,SRTR7,SRTR8,SRTR9,SRTTVx,SRTTVy,SRTTVz,SRTRVx,SRTRVy,SRTRVz,SRGA
2251,0.176786,-0.010387,0.322541,-0.35888,-0.535134,-0.764776,-0.054094,-0.806058,0.589335,-0.931385,0.253532,0.261288,0.044807,0.006407,0.042833,-1.077188,1.617841,0.510779,0.435814,-0.150969,0.011329,0.329843,-0.910419,0.179655,0.372631,-0.048595,-0.94086,0.335193,0.411953,0.286839,0.864801,-0.005493,0.087182,0.074131,0.637611,-0.834737,0.235503,-1.406064,0.051893,0.050243,-0.016404,0.821694,-0.171734,0.543439,0.055875,0.973202,0.22306,-0.567183,-0.152922,0.809269,-0.002823,0.044065,0.03748,0.635316,-0.823932,0.23394,-0.869973,0.089954,0.032989,-0.063836,0.311711,0.585703,-0.748189,-0.083389,0.801246,0.592495,0.94651,-0.122297,0.298598,0.02214,0.009204,0.017523,-3.878897,3.935231,1.840013,0.413759
2252,0.178251,-0.009763,0.3243,-0.433781,-0.485055,-0.759343,-0.099721,-0.811738,0.57542,-0.894963,0.325927,0.304697,0.030538,0.014771,0.050888,-0.722188,2.601264,0.928351,0.418265,-0.150776,0.014583,0.332852,-0.936144,0.158009,0.314101,-0.054591,-0.947686,0.314398,0.348523,0.276982,0.895364,0.007768,0.088126,0.071257,0.89642,-1.296575,0.188304,-1.406139,0.051986,0.051851,-0.014914,0.857514,-0.159456,0.489124,0.065201,0.976771,0.204122,-0.510311,-0.143146,0.847992,0.004453,0.0382,0.039445,0.719108,-1.99437,0.514803,-0.87079,0.090703,0.033296,-0.062946,0.392217,0.546965,-0.73959,-0.0374,0.81283,0.581297,0.919111,-0.200335,0.339263,0.01526,0.007743,0.025775,-0.722737,2.638733,0.941412,0.381591
2253,0.178868,-0.009386,0.325359,-0.47684,-0.45004,-0.755072,-0.132047,-0.812597,0.567645,-0.868443,0.370937,0.328997,0.030602,0.020017,0.055579,-0.820379,2.048264,0.919713,0.412073,-0.15069,0.016116,0.334306,-0.948808,0.151522,0.277123,-0.062707,-0.950173,0.305244,0.310759,0.272057,0.910647,-0.00444,0.074163,0.077189,0.555524,-1.75769,0.57307,-1.406257,0.052033,0.052626,-0.014186,0.876667,-0.157594,0.454553,0.074735,0.977966,0.194925,-0.475257,-0.136913,0.869129,0.003802,0.043499,0.034644,0.075389,-3.543418,1.296052,-0.872749,0.091,0.033474,-0.062441,0.440299,0.517519,-0.733696,-0.006698,0.819039,0.573697,0.897825,-0.247684,0.364088,0.015139,0.010347,0.027992,-3.677498,4.635871,2.182978,0.37163
2254,0.179745,-0.008676,0.327848,-0.545321,-0.392672,-0.740594,-0.16133,-0.817837,0.552348,-0.821902,0.421171,0.383561,0.016597,0.014496,0.068816,0.452003,1.309868,-0.003716,0.415971,-0.1507,0.019209,0.337491,-0.967132,0.124839,0.221503,-0.060575,-0.959052,0.276558,0.248176,0.253901,0.934776,-0.004159,0.074887,0.092279,0.926577,-1.252494,0.285312,-1.405958,0.052029,0.054156,-0.012613,0.905702,-0.139765,0.400211,0.077984,0.982906,0.166774,-0.41668,-0.119837,0.901119,-0.002126,0.037427,0.046154,0.952059,-1.421772,-0.107371,-0.86785,0.091444,0.033835,-0.061197,0.516279,0.468924,-0.716634,0.024101,0.828492,0.55948,0.85608,-0.30612,0.416431,0.008289,0.007215,0.034393,0.61373,1.680973,-0.060118,0.366078
2255,0.180402,-0.008828,0.330966,-0.588569,-0.350967,-0.728323,-0.17252,-0.825611,0.537192,-0.78912,0.442257,0.426292,0.017272,-0.022531,0.089518,0.419181,1.283785,0.115915,0.398828,-0.150622,0.022045,0.341063,-0.983315,0.070422,0.167703,-0.026722,-0.967745,0.250377,0.181166,0.241639,0.953233,0.009014,0.07267,0.086813,0.741031,-1.604962,-1.142068,-1.406158,0.052062,0.055593,-0.01081,0.934038,-0.095221,0.344246,0.051066,0.989508,0.135148,-0.353503,-0.108654,0.929101,0.004895,0.030689,0.047466,-0.395397,-2.314849,-4.657313,-0.867687,0.091774,0.033786,-0.059634,0.563444,0.434229,-0.702833,0.035306,0.837296,0.545607,0.825399,-0.332233,0.456438,0.008452,-0.005823,0.040528,0.181325,0.953823,-0.226115,0.358241
2256,0.180701,-0.009287,0.332623,-0.595328,-0.331965,-0.73173,-0.180694,-0.832051,0.524416,-0.782189,0.444828,0.436275,0.017179,-0.024837,0.087198,0.524921,-0.509297,2.196343,0.38162,-0.150468,0.023327,0.342721,-0.988283,0.054562,0.142516,-0.018538,-0.96969,0.243499,0.15273,0.237944,0.959124,0.009184,0.068064,0.082259,0.742068,-0.916487,0.363064,-1.406068,0.052138,0.056242,-0.009975,0.94459,-0.081043,0.318088,0.042584,0.991108,0.126058,-0.325476,-0.105527,0.939642,0.004609,0.033294,0.040602,0.169894,-0.693225,0.637035,-0.871606,0.091924,0.03356,-0.058801,0.575292,0.41683,-0.703769,0.04175,0.844323,0.534205,0.816881,-0.336706,0.46833,0.001618,-0.017527,0.048395,0.327826,1.073117,0.128178,0.339952
2257,0.180891,-0.01051,0.33612,-0.624229,-0.281741,-0.728701,-0.207116,-0.839685,0.502,-0.752541,0.464635,0.466716,0.002887,-0.027804,0.08466,0.244738,1.044788,0.352789,0.368739,-0.150214,0.025856,0.345539,-0.992735,0.032325,0.115864,-0.003309,-0.969927,0.243239,0.121496,0.241057,0.962805,0.008663,0.066032,0.062747,-0.629792,-1.681593,-4.779643,-1.406265,0.052264,0.057519,-0.008549,0.954571,-0.0677,0.29019,0.032998,0.991875,0.122857,-0.296149,-0.1077,0.949049,0.004947,0.02676,0.03493,-0.079223,-0.200144,0.36772,-0.875852,0.092024,0.032951,-0.057052,0.608867,0.37035,-0.701513,0.068704,0.856386,0.511744,0.79029,-0.359781,0.495981,-0.005693,-0.013937,0.042549,0.015546,1.205536,0.723692,0.31007
2258,0.180266,-0.011676,0.339423,-0.649918,-0.244309,-0.719697,-0.21694,-0.847922,0.483669,-0.727609,0.470776,0.498981,-0.025193,-0.040765,0.092035,0.208055,0.740163,0.276006,0.357847,-0.149717,0.027192,0.348276,-0.994339,0.00541,0.106069,0.0202,-0.970541,0.239949,0.105498,0.240737,0.964769,0.013123,0.017929,0.075448,0.17314,-0.297994,-0.674536,-1.406479,0.052511,0.058208,-0.007184,0.960055,-0.038194,0.277189,0.006153,0.993282,0.115553,-0.27974,-0.109231,0.953841,0.007202,0.002111,0.040872,0.211691,-0.76308,-1.737063,-0.880261,0.091722,0.03237,-0.055405,0.639736,0.336119,-0.691202,0.07799,0.866277,0.493438,0.764627,-0.369577,0.527974,-0.0128,-0.015116,0.041602,0.379283,0.902462,0.383279,0.292434
2259,0.179523,-0.012969,0.342677,-0.667792,-0.22075,-0.710893,-0.218019,-0.855151,0.470272,-0.710907,0.469303,0.523826,-0.025539,-0.032223,0.081207,0.384861,0.939831,0.398332,0.332783,-0.148713,0.027582,0.351041,-0.996076,-0.042609,0.077514,0.058762,-0.973342,0.221552,0.067266,0.225302,0.971894,0.038158,0.019367,0.057693,0.526273,-0.427078,-0.096313,-1.40626,0.053004,0.058402,-0.005795,0.969908,0.006321,0.243385,-0.029008,0.995542,0.089741,-0.241733,-0.094101,0.965768,0.01333,0.002911,0.032612,0.649215,-0.570316,-0.030388,-0.881567,0.091351,0.031721,-0.053774,0.659077,0.316592,-0.682192,0.07898,0.872928,0.481413,0.747916,-0.371168,0.550322,-0.005752,-0.016532,0.040017,0.127459,0.552808,0.200431,0.264185
2260,0.179105,-0.01362,0.344156,-0.676778,-0.207384,-0.706406,-0.223442,-0.856407,0.465416,-0.700654,0.473078,0.534144,-0.025932,-0.024926,0.069427,0.158602,0.55503,0.18744,0.330494,-0.148181,0.027807,0.352077,-0.996053,-0.063862,0.061583,0.075588,-0.973725,0.214662,0.047515,0.218561,0.974596,0.01204,0.019044,0.04362,0.459696,-0.430122,0.055789,-1.406168,0.053279,0.058519,-0.005269,0.973958,0.025536,0.225286,-0.044603,0.9958,0.079957,-0.222298,-0.087923,0.971006,0.013034,0.003863,0.025256,0.520218,-0.374359,-0.145955,-0.876668,0.091142,0.031397,-0.053026,0.671119,0.302802,-0.676689,0.083985,0.875851,0.475215,0.736576,-0.375758,0.56237,-0.012871,-0.017894,0.039031,0.177706,0.659453,0.219154,0.251448
2261,0.178042,-0.01496,0.34702,-0.697473,-0.169176,-0.696388,-0.23953,-0.860836,0.448952,-0.674565,0.480144,0.560759,-0.040238,-0.029752,0.065589,0.30758,0.79935,0.236248,0.334368,-0.147567,0.027753,0.354038,-0.991998,-0.123779,0.02469,0.126073,-0.96853,0.214449,-0.001377,0.216013,0.976319,0.013911,-0.000993,0.045469,-0.283503,-1.229582,-1.475296,-1.406025,0.053586,0.05849,-0.004296,0.980106,0.078862,0.18213,-0.093159,0.993093,0.071317,-0.175248,-0.086865,0.980684,0.007435,-0.006331,0.026635,-1.167037,-3.873816,-4.707253,-0.870463,0.090625,0.030741,-0.051617,0.6952,0.269109,-0.66654,0.100176,0.881955,0.460564,0.711801,-0.386956,0.586177,-0.013089,-0.014932,0.032538,0.083623,0.459877,0.137277,0.246713
2262,0.177015,-0.016042,0.349371,-0.713255,-0.13891,-0.687034,-0.250379,-0.865026,0.434756,-0.653811,0.482279,0.583065,-0.026462,-0.022199,0.053583,0.263613,0.649822,0.217052,0.334921,-0.147068,0.027782,0.355585,-0.986273,-0.164989,0.005998,0.162151,-0.962026,0.219422,-0.029185,0.217602,0.975531,0.011846,0.015452,0.025005,-0.030085,-0.039223,0.046156,-1.405441,0.053836,0.058494,-0.003518,0.980347,0.119192,0.1572,-0.131633,0.988736,0.071224,-0.14694,-0.090517,0.984994,-0.000437,0.007201,0.012672,-0.034001,-0.128275,0.190169,-0.871933,0.090087,0.030176,-0.050394,0.715688,0.240037,-0.655874,0.110809,0.888164,0.445964,0.689573,-0.391848,0.609051,-0.013278,-0.011331,0.02661,0.282403,0.666955,0.22257,0.249489
2263,0.176527,-0.016441,0.35035,-0.718414,-0.128283,-0.683718,-0.251172,-0.868731,0.426838,-0.647834,0.478532,0.592744,-0.02679,-0.013434,0.043104,0.277988,0.605791,0.217995,0.328823,-0.146825,0.028131,0.355938,-0.984823,-0.173462,0.005127,0.170138,-0.960052,0.222009,-0.032343,0.219741,0.974952,0.012242,0.010285,0.02148,-0.337893,0.120142,0.175166,-1.40518,0.053957,0.058673,-0.003339,0.979646,0.128023,0.154606,-0.140324,0.987525,0.071422,-0.143534,-0.091663,0.985391,0.011869,0.010796,0.006148,-0.528413,0.211117,0.275341,-0.872913,0.089843,0.029976,-0.049905,0.721994,0.230284,-0.652451,0.111481,0.891947,0.438179,0.682858,-0.389099,0.618309,-0.013442,-0.006961,0.02136,0.308253,0.639304,0.224081,0.246876
2264,0.175676,-0.016918,0.351836,-0.71949,-0.118027,-0.684433,-0.254324,-0.872254,0.417688,-0.645408,0.474733,0.598419,-0.012978,-0.005394,0.031548,0.016434,-0.117359,0.178887,0.293839,-0.146156,0.028615,0.356306,-0.980009,-0.198916,0.002432,0.194407,-0.955667,0.220998,-0.040397,0.217315,0.975195,0.024601,0.010683,0.004991,0.017561,-0.054558,0.065811,-1.405142,0.054286,0.058918,-0.003146,0.977092,0.152407,0.148535,-0.163828,0.984149,0.067889,-0.135835,-0.090668,0.986573,0.006663,-0.001471,0.006287,-0.059618,0.097512,-0.203135,-0.881567,0.089422,0.029736,-0.049176,0.724999,0.219678,-0.652776,0.114647,0.896056,0.428881,0.67914,-0.385777,0.624455,-0.013605,-0.003041,0.015706,0.168745,-0.548057,0.625946,0.218464
2265,0.175113,-0.016907,0.352947,-0.720812,-0.11608,-0.683374,-0.255372,-0.872078,0.417418,-0.643517,0.475535,0.599817,-0.013149,0.006261,0.023456,-0.035576,0.012985,-0.023055,0.268482,-0.14545,0.028279,0.356928,-0.975991,-0.21768,-0.006925,0.211883,-0.956849,0.198698,-0.048645,0.192747,0.979972,0.014554,-0.013666,0.021081,0.825242,-0.472038,-0.323451,-1.405074,0.054645,0.058744,-0.002851,0.976053,0.168582,0.137476,-0.176165,0.983335,0.044907,-0.127614,-0.06805,0.989486,0.013638,-0.006677,0.010091,0.984581,-0.567956,-0.356405,-0.888425,0.08914,0.029733,-0.048621,0.726096,0.218336,-0.652006,0.115807,0.895867,0.428964,0.677769,-0.386976,0.625201,-0.006568,0.003769,0.012272,-0.037896,-0.02336,0.021701,0.170456
2266,0.174565,-0.016342,0.35369,-0.725867,-0.098378,-0.680796,-0.266336,-0.872342,0.409948,-0.633318,0.479006,0.607856,-0.027437,0.017023,0.015003,0.160629,0.274596,0.098623,0.262156,-0.144432,0.028662,0.357644,-0.972879,-0.229734,-0.026856,0.221671,-0.959521,0.173537,-0.064407,0.16318,0.984423,0.035586,0.029204,0.016131,0.432883,-0.476619,-0.303083,-1.405141,0.055162,0.058902,-0.002504,0.977121,0.179178,0.114579,-0.182102,0.983157,0.015503,-0.109871,-0.036014,0.993292,0.017726,0.015271,0.008491,0.356052,-0.43525,-0.298727,-0.877975,0.088871,0.030013,-0.048245,0.733257,0.201866,-0.649293,0.126594,0.897686,0.422057,0.668061,-0.391674,0.63268,-0.006652,0.009118,0.00781,0.200983,0.23781,0.379555,0.155924
2267,0.174241,-0.016005,0.353966,-0.72891,-0.091813,-0.678458,-0.266284,-0.874938,0.404409,-0.629836,0.475551,0.614154,-0.013334,0.016384,0.014011,0.12564,0.173506,0.112459,0.259866,-0.143742,0.029363,0.358031,-0.971985,-0.232067,-0.03717,0.222358,-0.959493,0.17281,-0.074539,0.16001,0.984228,0.034798,0.03622,0.020656,0.041142,-0.218372,0.352941,-1.405012,0.055494,0.059237,-0.002319,0.977952,0.180923,0.104284,-0.183435,0.982918,0.014937,-0.099801,-0.033737,0.994435,0.017392,0.018194,0.010369,-0.06174,-0.065061,0.171813,-0.876995,0.088704,0.030182,-0.048107,0.737485,0.195301,-0.646507,0.126243,0.900537,0.416048,0.663458,-0.388446,0.639477,-0.006693,0.007906,0.00678,0.103825,0.159616,0.11158,0.149229
2268,0.173789,-0.015475,0.354393,-0.732715,-0.088678,-0.674766,-0.265104,-0.875985,0.402915,-0.625908,0.474211,0.619184,-0.013562,0.010703,0.009248,-0.000205,0.003615,-0.004987,0.266764,-0.142559,0.030641,0.358804,-0.968211,-0.246602,-0.041785,0.234984,-0.95431,0.184415,-0.084129,0.169058,0.981939,0.034932,0.032036,0.017706,-0.263782,0.059446,0.237074,-1.404488,0.056096,0.059914,-0.001909,0.975994,0.194628,0.097749,-0.197967,0.979874,0.025607,-0.090798,-0.044343,0.994881,0.017457,0.016119,0.008902,-0.277392,0.069866,0.245767,-0.878791,0.088478,0.030455,-0.047886,0.741324,0.192881,-0.642833,0.125293,0.901201,0.414894,0.659347,-0.388114,0.643915,0.000236,0.005159,0.00427,-0.011905,-0.030333,0.01811,0.148575
2269,0.173615,-0.015237,0.35445,-0.733752,-0.084221,-0.67421,-0.27048,-0.874081,0.403477,-0.622388,0.478514,0.619423,-5e-05,-0.001041,-0.000859,-0.025179,-0.059644,0.178929,0.267758,-0.141533,0.031886,0.359572,-0.967461,-0.249466,-0.042146,0.237539,-0.95322,0.186765,-0.085542,0.171004,0.98148,0.021799,0.034514,0.020159,0.009865,-0.076192,0.119971,-1.405252,0.056602,0.060518,-0.001536,0.975575,0.197083,0.097009,-0.200579,0.979288,0.027615,-0.089558,-0.046398,0.9949,0.010855,0.017686,0.010341,0.009561,0.014196,-0.081186,-0.886629,0.088386,0.030588,-0.047846,0.742837,0.188879,-0.642275,0.130711,0.899993,0.415845,0.656588,-0.392858,0.643859,-1.4e-05,-0.00028,-0.000227,-0.099561,0.059451,0.092009,0.153637
2270,0.173537,-0.015308,0.354367,-0.732874,-0.083293,-0.67528,-0.271503,-0.874254,0.402415,-0.622978,0.47836,0.618949,-0.000299,-0.006217,-0.005133,0.005002,-0.077714,0.151196,0.264992,-0.141219,0.032614,0.360007,-0.965741,-0.255239,-0.04678,0.242577,-0.95224,0.185283,-0.090616,0.167922,0.981557,0.021371,0.037774,0.022121,0.147922,-0.141186,0.081786,-1.405598,0.056759,0.060879,-0.00132,0.975083,0.202097,0.091479,-0.205171,0.978394,0.02545,-0.084359,-0.043584,0.995481,0.004368,0.018927,0.011595,0.187732,-0.061169,-0.108002,-0.887445,0.088347,0.030556,-0.047886,0.742138,0.187844,-0.643385,0.131743,0.900314,0.414821,0.657171,-0.392616,0.64341,-0.000162,-0.003372,-0.00278,0.0008,0.012186,-0.027012,0.153311
2271,0.173574,-0.015701,0.354107,-0.731166,-0.081476,-0.67735,-0.273637,-0.874474,0.400486,-0.62405,0.478267,0.617939,0.01356,-0.010819,-0.009366,0.005139,-0.079243,0.155137,0.252306,-0.140441,0.033797,0.361042,-0.959856,-0.272269,-0.067357,0.256959,-0.950063,0.176875,-0.110936,0.152823,0.981937,0.035216,0.02562,0.0284,0.502559,-0.267671,-0.223933,-1.405224,0.057155,0.061495,-0.000789,0.973977,0.216084,0.068378,-0.217598,0.975916,0.015438,-0.063395,-0.029915,0.997539,0.017606,0.012764,0.014153,0.608666,-0.306354,-0.235624,-0.889242,0.08836,0.030353,-0.04802,0.740771,0.185883,-0.645527,0.133834,0.90085,0.412985,0.658291,-0.392321,0.642446,-0.000121,-0.010193,0.000401,-0.035508,0.02364,-0.045897,0.142044
2272,0.173773,-0.016005,0.353888,-0.731254,-0.084134,-0.676931,-0.273386,-0.873049,0.403756,-0.624057,0.480412,0.616267,-0.000294,-0.006178,-0.005131,-0.00105,0.012859,-0.025773,0.242408,-0.139338,0.034964,0.362143,-0.959457,-0.27216,-0.073222,0.256758,-0.951351,0.170113,-0.114743,0.144773,0.982719,0.034587,0.029087,0.030321,-0.00317,-0.091579,0.134942,-1.405119,0.057686,0.06205,-0.000265,0.974367,0.216165,0.062294,-0.217036,0.976134,0.007506,-0.059185,-0.020834,0.998029,0.016566,0.020401,0.011215,-0.016513,-0.089144,0.183089,-0.884833,0.088464,0.030185,-0.048143,0.740386,0.188538,-0.645198,0.133677,0.899386,0.416214,0.658755,-0.394407,0.640689,-0.00014,-0.003026,-0.002515,0.005319,0.016497,-0.023048,0.125878
2273,0.173766,-0.01614,0.353776,-0.732207,-0.081882,-0.676176,-0.273462,-0.873895,0.401869,-0.622906,0.479257,0.618327,-0.000101,-0.002127,-0.001769,0.18575,0.280537,0.137741,0.238989,-0.138445,0.036415,0.363332,-0.959095,-0.27348,-0.073047,0.257459,-0.950192,0.17545,-0.116177,0.149826,0.981793,0.021286,0.033917,0.033981,-0.127236,-0.031718,0.174605,-1.405027,0.058138,0.062769,0.000325,0.974079,0.217405,0.062481,-0.218632,0.975714,0.013437,-0.058043,-0.026749,0.997955,0.004398,0.016937,0.017471,-0.180635,0.103049,-0.008343,-0.88369,0.088461,0.030119,-0.048205,0.740716,0.187691,-0.645066,0.133741,0.899766,0.415371,0.65837,-0.393944,0.64137,-5.7e-05,-0.001297,-0.001077,0.419392,0.573606,0.226352,0.117877
2274,0.173724,-0.016178,0.353799,-0.731834,-0.081486,-0.676627,-0.273975,-0.873906,0.401495,-0.623118,0.479304,0.618076,-4e-06,-8.9e-05,-7.4e-05,0.003191,0.004827,0.002369,0.238888,-0.138067,0.03698,0.364005,-0.955864,-0.284214,-0.074421,0.267343,-0.946629,0.179874,-0.120362,0.152411,0.980891,0.01045,0.019986,0.041325,-0.497783,-0.66801,0.055217,-1.404847,0.058338,0.063076,0.000676,0.971834,0.227883,0.060054,-0.229214,0.97324,0.01621,-0.054753,-0.029519,0.998063,0.011353,0.010792,0.020645,-1.246246,-2.447459,0.331008,-0.884343,0.08844,0.030093,-0.048192,0.741429,0.185851,-0.64478,0.134141,0.900436,0.413788,0.657486,-0.393286,0.642679,0.000122,-0.005134,0.004591,-0.042714,-0.091699,0.154061,0.115264
2275,0.173751,-0.016198,0.35394,-0.730924,-0.080513,-0.677726,-0.275268,-0.873903,0.400614,-0.623617,0.479471,0.617443,0.0142,0.002136,0.001369,0.000985,-0.014713,0.029554,0.246006,-0.137439,0.037667,0.365491,-0.949686,-0.299885,-0.090316,0.280348,-0.942669,0.18087,-0.138176,0.146842,0.979392,0.011102,0.013437,0.03708,0.386459,-0.192081,-0.27256,-1.404441,0.058656,0.063436,0.00144,0.969692,0.240832,0.041182,-0.241679,0.970208,0.016906,-0.035884,-0.026346,0.999008,0.00556,0.006497,0.018394,0.564143,-0.261284,-0.284496,-0.886139,0.088453,0.030085,-0.04812,0.740607,0.184894,-0.645999,0.135505,0.900548,0.4131,0.658133,-0.393481,0.641898,0.007105,0.00122,0.000811,0.000976,-0.01528,0.029131,0.11755
2276,0.173816,-0.016188,0.353973,-0.732748,-0.078493,-0.675992,-0.275359,-0.874199,0.399907,-0.621434,0.479265,0.6198,-6.8e-05,-0.001425,-0.001184,0.059118,0.090175,0.044241,0.245517,-0.136863,0.037917,0.367029,-0.945403,-0.310993,-0.09741,0.292023,-0.941222,0.169579,-0.143226,0.132281,0.98074,0.01144,0.009939,0.034802,0.451035,-0.291276,-0.117386,-1.404377,0.058944,0.063559,0.002208,0.967399,0.251238,0.03189,-0.251459,0.967862,0.003084,-0.03009,-0.011002,0.999486,0.005725,0.004755,0.017261,0.531666,-0.329277,-0.125118,-0.880587,0.088486,0.030099,-0.048095,0.742626,0.183196,-0.644161,0.135443,0.900897,0.412357,0.655866,-0.393475,0.644218,-4.4e-05,-0.000911,-0.000757,0.069729,0.120891,0.028065,0.122776
2277,0.173794,-0.016215,0.353952,-0.733539,-0.076072,-0.67541,-0.275637,-0.875054,0.397839,-0.620376,0.478089,0.621764,-5e-05,-0.00105,-0.000873,0.113998,0.174126,0.085433,0.240778,-0.136593,0.037872,0.367809,-0.942328,-0.318994,-0.101256,0.300305,-0.93958,0.164134,-0.146303,0.124677,0.981282,0.01335,-0.00544,0.040506,0.259358,-0.196023,-0.107703,-1.404006,0.059078,0.063541,0.0026,0.965491,0.259101,0.026312,-0.259083,0.965845,-0.004154,-0.02649,-0.002806,0.999645,0.006689,-0.003013,0.02007,0.25414,-0.192609,-0.109555,-0.878301,0.088475,0.030083,-0.048109,0.743504,0.181205,-0.643711,0.135705,0.901675,0.410566,0.654816,-0.392612,0.64581,-0.007076,-0.0006,-0.000296,0.178787,0.172279,0.263813,0.120816
2278,0.173708,-0.016242,0.353945,-0.733607,-0.076146,-0.675327,-0.27557,-0.875031,0.397937,-0.620325,0.47812,0.621791,4.6e-05,0.000965,0.000802,2.4e-05,3.7e-05,1.8e-05,0.24216,-0.136062,0.037472,0.369199,-0.941062,-0.323307,-0.099329,0.306575,-0.939533,0.152392,-0.141402,0.113381,0.983369,0.016073,-0.027417,0.042388,0.375466,0.025129,-0.195766,-1.404202,0.059343,0.063349,0.003299,0.964226,0.26362,0.027787,-0.263254,0.96459,-0.016174,-0.031067,0.00828,0.999482,0.008077,-0.014237,0.020872,0.441171,0.009498,-0.200624,-0.878791,0.088432,0.030064,-0.048117,0.743774,0.180904,-0.643484,0.135758,0.901733,0.410423,0.654498,-0.39262,0.646126,3.3e-05,0.000688,0.000571,-0.001885,-0.002523,-0.001119,0.116897
2279,0.173741,-0.016215,0.353966,-0.734567,-0.076476,-0.674246,-0.275441,-0.874498,0.399195,-0.619246,0.479041,0.622158,1e-06,3.1e-05,2.6e-05,-0.000203,0.000352,-0.000447,0.242601,-0.135532,0.036338,0.370544,-0.938319,-0.329725,-0.104065,0.314983,-0.939384,0.135194,-0.141147,0.094508,0.985398,0.015734,-0.025206,0.028887,0.306569,-0.296369,0.030391,-1.404294,0.059602,0.062788,0.003959,0.962703,0.269696,0.021558,-0.268858,0.962532,-0.035311,-0.030273,0.028198,0.999143,0.008649,-0.018853,0.018203,0.299325,-0.202069,-0.213684,-0.880914,0.088448,0.030081,-0.048103,0.744651,0.181413,-0.642326,0.13562,0.901153,0.411739,0.653529,-0.393714,0.646441,-1e-06,3e-06,2e-06,0.006186,-0.091204,0.176694,0.11853
2280,0.173666,-0.016257,0.35396,-0.733934,-0.075807,-0.675011,-0.276234,-0.874571,0.398486,-0.619644,0.479014,0.621783,0.000221,-0.010673,0.008844,-0.035723,0.011111,-0.019283,0.234366,-0.134789,0.035495,0.371462,-0.935087,-0.33713,-0.109307,0.32346,-0.937951,0.124722,-0.143389,0.081711,0.986218,0.027163,-0.017661,0.017512,0.01101,-0.029922,-0.007276,-1.403847,0.05997,0.06236,0.004421,0.960786,0.27689,0.01486,-0.275942,0.960022,-0.047039,-0.027291,0.041094,0.998782,0.007492,-0.009904,0.008594,-0.023019,-0.030973,0.136005,-0.878464,0.088411,0.030059,-0.048107,0.744113,0.180648,-0.643165,0.136436,0.901359,0.411018,0.653973,-0.393595,0.646066,0.000112,-0.005324,0.004435,-0.035513,0.010951,-0.019359,0.114121
2281,0.173603,-0.016264,0.35397,-0.733626,-0.075483,-0.675381,-0.276618,-0.874606,0.398144,-0.619837,0.479001,0.6216,-0.014084,0.000332,0.00068,-0.000984,0.014715,-0.029553,0.232335,-0.134382,0.035012,0.371777,-0.934736,-0.339106,-0.106149,0.326522,-0.937635,0.118992,-0.138698,0.077009,0.987267,0.015785,-0.025783,0.013712,0.737138,0.542051,-0.249183,-1.404228,0.060177,0.062127,0.004583,0.960274,0.278473,0.018036,-0.277294,0.959468,-0.050284,-0.031308,0.043285,0.998571,0.014721,-0.017676,0.011002,1.533911,2.257733,-0.362715,-0.875688,0.088379,0.030055,-0.048102,0.743867,0.18029,-0.643549,0.136822,0.901449,0.410691,0.654171,-0.393552,0.645891,-0.00704,0.00019,0.000362,-0.000827,0.014627,-0.029665,0.108569
2282,0.173615,-0.01626,0.354,-0.732728,-0.074532,-0.676461,-0.277727,-0.874718,0.397125,-0.620404,0.478944,0.621078,0.014091,-0.000166,-0.000543,0.006839,-0.105448,0.206446,0.241189,-0.133705,0.034105,0.372139,-0.933779,-0.340977,-0.108553,0.328599,-0.937245,0.116311,-0.140219,0.073385,0.987328,0.014254,-0.013774,0.005858,-0.015566,-0.017445,0.002698,-1.404202,0.060524,0.061646,0.004759,0.959648,0.2808,0.015013,-0.279595,0.958503,-0.055658,-0.030019,0.049215,0.998336,0.007125,-0.00694,0.002887,-0.063369,0.005663,0.008201,-0.885323,0.088385,0.030059,-0.048086,0.743153,0.179237,-0.644668,0.137941,0.901721,0.40972,0.654748,-0.39341,0.645393,0.007045,-9.8e-05,-0.000285,0.006978,-0.1055,0.206364,0.109222
2283,0.173706,-0.016281,0.353899,-0.733241,-0.074397,-0.67592,-0.278033,-0.874328,0.397768,-0.619661,0.479676,0.621255,-0.000151,-0.003154,-0.002623,-0.0,0.0,-0.0,0.243631,-0.133194,0.034132,0.372305,-0.931745,-0.346486,-0.108587,0.334062,-0.935257,0.11675,-0.140831,0.072959,0.987272,0.011854,0.004652,0.001774,-0.01075,0.080132,-0.144816,-1.404007,0.060771,0.06165,0.004836,0.958073,0.286174,0.01414,-0.285009,0.956917,-0.055498,-0.029413,0.049141,0.998358,0.012658,-0.001443,0.005645,-0.044477,0.058424,-0.107876,-0.888098,0.088431,0.030053,-0.048132,0.743657,0.179176,-0.644102,0.138264,0.901372,0.410378,0.654106,-0.394237,0.645539,-0.000206,0.003294,-0.006121,0.041005,-0.089065,0.170877,0.117387
2284,0.173692,-0.016348,0.353831,-0.732896,-0.074035,-0.676334,-0.278427,-0.874393,0.39735,-0.619892,0.479614,0.621073,-0.0002,-0.004176,-0.003475,0.005006,-0.077614,0.151247,0.237733,-0.132905,0.034071,0.372393,-0.93162,-0.347617,-0.106012,0.334938,-0.934542,0.119923,-0.139582,0.07667,0.987168,0.013797,-0.010049,0.008057,-0.108724,0.116427,-0.144253,-1.404301,0.060913,0.061637,0.004885,0.957593,0.287644,0.016599,-0.286459,0.956665,-0.052283,-0.030919,0.045311,0.998494,0.006924,-0.005241,0.003891,-0.120348,0.134591,-0.158861,-0.887609,0.088424,0.030022,-0.048165,0.743435,0.178852,-0.644449,0.138581,0.901473,0.410049,0.654292,-0.394154,0.645401,-9.6e-05,-0.002015,-0.001678,-0.000765,0.013071,-0.025615,0.116407
2285,0.173657,-0.016461,0.353804,-0.732632,-0.073754,-0.67665,-0.278826,-0.87437,0.397121,-0.620025,0.479699,0.620875,-3.1e-05,-0.000648,-0.000539,0.0,0.0,0.0,0.23176,-0.13278,0.033686,0.372575,-0.927162,-0.358656,-0.108296,0.346123,-0.930706,0.117978,-0.141933,0.07237,0.987158,0.001635,-0.01229,0.007708,-0.003956,-0.009193,-0.031357,-1.404275,0.060985,0.061442,0.004973,0.954353,0.298438,0.011983,-0.297345,0.953115,-0.056182,-0.028188,0.050054,0.998348,0.000125,-0.000982,-0.000582,0.004956,0.005671,-0.009924,-0.887609,0.088406,0.029955,-0.048187,0.743171,0.178461,-0.644862,0.139068,0.901529,0.409761,0.654489,-0.394203,0.645172,-1.3e-05,-0.000297,-0.000247,2.9e-05,-1.6e-05,-4.7e-05,0.1071
2286,0.173721,-0.016448,0.353813,-0.733971,-0.074486,-0.675117,-0.278245,-0.873779,0.398826,-0.618702,0.480663,0.621449,3e-06,7.2e-05,6e-05,-0.0,0.0,-0.0,0.238734,-0.132691,0.033651,0.37257,-0.926276,-0.359839,-0.11189,0.347214,-0.930438,0.11688,-0.144993,0.069883,0.986892,0.000186,-0.001438,-0.000849,0.000115,-5.6e-05,-3.9e-05,-1.403611,0.06103,0.061421,0.004975,0.954197,0.299062,0.008313,-0.298131,0.952815,-0.057112,-0.025001,0.052018,0.998333,0.006135,0.000737,-5.3e-05,-0.003355,-0.011782,0.031022,-0.888752,0.088438,0.029963,-0.048181,0.744332,0.179363,-0.643271,0.138499,0.900851,0.411442,0.653289,-0.395342,0.64569,4e-06,8.5e-05,7.1e-05,0.00013,-0.000202,0.000228,0.108406
2287,0.173721,-0.016454,0.353795,-0.733748,-0.074252,-0.675386,-0.278495,-0.873825,0.39855,-0.618854,0.480615,0.621334,-4.7e-05,-0.000992,-0.000826,0.0,0.0,0.0,0.238153,-0.132594,0.033625,0.372558,-0.926136,-0.360308,-0.111544,0.347691,-0.930245,0.117003,-0.144749,0.070048,0.986916,0.000183,-0.00141,-0.000832,2e-06,-1e-06,-1e-06,-1.403748,0.061078,0.061406,0.004968,0.953995,0.299696,0.008674,-0.298748,0.952628,-0.056996,-0.025344,0.051783,0.998336,9.6e-05,-0.000733,-0.000436,-0.000685,0.000378,0.001322,-0.887446,0.088438,0.029963,-0.048188,0.744153,0.179101,-0.643551,0.138754,0.900934,0.411174,0.653439,-0.395272,0.645582,-3.1e-05,-0.000644,-0.000536,2.9e-05,-2.5e-05,6e-06,0.110692
2288,0.173626,-0.016499,0.353827,-0.733289,-0.073768,-0.675937,-0.279126,-0.873831,0.398095,-0.619114,0.480678,0.621027,-0.014034,0.00154,0.001687,-0.000136,0.001569,-0.003921,0.236098,-0.132683,0.033801,0.372578,-0.925842,-0.360938,-0.111947,0.347739,-0.92975,0.120732,-0.146489,0.073322,0.986422,-0.001032,0.007962,0.004694,-0.050364,0.011864,0.043144,-1.403743,0.061036,0.061477,0.004967,0.953807,0.300304,0.008272,-0.299473,0.95263,-0.053017,-0.023801,0.048091,0.998558,-0.006667,0.003363,0.002468,-0.049633,0.117784,-0.156279,-0.886956,0.088396,0.029934,-0.048177,0.743787,0.17856,-0.644124,0.139398,0.90103,0.410744,0.653718,-0.395296,0.645284,1e-06,2.3e-05,2e-05,2.4e-05,4e-06,-1.5e-05,0.109712
2289,0.173606,-0.016494,0.353858,-0.732427,-0.072861,-0.67697,-0.280187,-0.873935,0.397121,-0.619655,0.480627,0.620526,7e-06,0.000135,0.000112,0.005856,-0.090715,0.176903,0.240958,-0.132905,0.034001,0.37289,-0.926198,-0.359733,-0.112877,0.344883,-0.929413,0.131079,-0.150892,0.082945,0.984995,-0.011956,-0.00344,0.013877,-0.094943,0.125647,-0.182803,-1.403859,0.060928,0.061591,0.005126,0.954319,0.29869,0.007589,-0.298127,0.953592,-0.042212,-0.019846,0.038021,0.999079,-0.000576,0.004431,0.002606,-0.005836,-0.007419,0.042858,-0.887119,0.088381,0.029941,-0.048157,0.743166,0.177646,-0.645093,0.140375,0.90126,0.409907,0.654215,-0.395184,0.644849,3e-06,7e-05,5.8e-05,3.2e-05,-9e-06,9e-06,0.111182
2290,0.173583,-0.016534,0.353825,-0.731727,-0.072129,-0.677804,-0.281017,-0.874038,0.396307,-0.620105,0.480548,0.620137,-7.3e-05,-0.001514,-0.001262,0.0,0.0,0.0,0.242961,-0.133048,0.034179,0.373429,-0.925804,-0.359889,-0.115582,0.344467,-0.929253,0.133284,-0.154201,0.084051,0.984389,-0.000625,0.005244,0.017975,-0.035279,-0.008985,0.005096,-1.403312,0.060853,0.06167,0.00539,0.954364,0.298608,0.004672,-0.298188,0.953653,-0.040376,-0.016513,0.03714,0.999173,-0.001148,0.008854,0.005178,0.005544,-0.028053,0.050814,-0.889568,0.088369,0.029924,-0.048171,0.742546,0.176738,-0.646055,0.141312,0.901508,0.409039,0.654717,-0.395026,0.644436,-5.3e-05,-0.001071,-0.000891,-0.000825,0.013142,-0.025638,0.116244
2291,0.173539,-0.016568,0.353799,-0.731439,-0.071829,-0.678146,-0.281357,-0.87408,0.395972,-0.620291,0.480516,0.619976,-0.014179,-0.001409,-0.00077,-0.000984,0.014715,-0.029553,0.240318,-0.133169,0.034465,0.373737,-0.926002,-0.358816,-0.117315,0.342623,-0.929373,0.137148,-0.157069,0.087273,0.983654,-0.014845,0.0189,0.011961,-0.223573,0.098957,0.098522,-1.403935,0.060799,0.061806,0.005545,0.954668,0.297657,0.002821,-0.297355,0.954051,-0.036964,-0.013694,0.03445,0.999312,-0.000668,0.005335,0.010556,-0.389618,0.161589,0.126926,-0.887609,0.088353,0.029906,-0.048186,0.742307,0.176389,-0.646426,0.141673,0.901603,0.408705,0.654911,-0.394965,0.644277,-4.9e-05,-0.001016,-0.000847,0.005867,-0.090728,0.176888,0.11657
2292,0.173505,-0.016652,0.353769,-0.730814,-0.071173,-0.678889,-0.282148,-0.874133,0.395292,-0.620669,0.480516,0.619597,-1.6e-05,-0.00033,-0.000275,0.0,0.0,0.0,0.23497,-0.133166,0.034744,0.374598,-0.925023,-0.360905,-0.11862,0.344074,-0.928349,0.140406,-0.159624,0.089535,0.983039,0.011283,0.00906,0.019143,-0.030585,-0.036037,0.059498,-1.403713,0.060793,0.061966,0.005988,0.954176,0.299239,0.001504,-0.299027,0.953666,-0.033231,-0.011379,0.031258,0.999446,0.005633,0.004496,0.009553,-0.027785,-0.037028,0.058943,-0.888425,0.08833,0.02986,-0.048203,0.741819,0.175674,-0.647179,0.14246,0.901765,0.408073,0.655292,-0.394914,0.64392,-9e-06,-0.000168,-0.000141,2.1e-05,-4e-06,-0.0,0.110692
2293,0.173547,-0.016652,0.353768,-0.730442,-0.070784,-0.67933,-0.282588,-0.874187,0.394858,-0.620906,0.480475,0.619391,1e-06,1.5e-05,1.2e-05,0.0,0.0,0.0,0.237182,-0.132951,0.034533,0.375475,-0.923832,-0.364022,-0.118376,0.347156,-0.927138,0.140823,-0.159845,0.089476,0.983009,0.001388,-0.010024,0.023904,0.001303,-0.036792,-0.040174,-1.403733,0.0609,0.061867,0.00643,0.953192,0.302362,0.001036,-0.30216,0.952669,-0.033469,-0.011107,0.03159,0.999438,0.000706,-0.005215,0.011833,-0.017959,-0.026918,-0.041072,-0.887935,0.088351,0.029861,-0.048203,0.741523,0.17524,-0.647636,0.142906,0.901882,0.407658,0.65553,-0.394839,0.643724,0.0,3.9e-05,3.2e-05,5e-06,-1.3e-05,-8e-06,0.109712
2294,0.173547,-0.016666,0.353756,-0.730226,-0.070558,-0.679586,-0.282843,-0.874218,0.394607,-0.621045,0.480452,0.619271,-3.2e-05,-0.000661,-0.000551,0.0,0.0,0.0,0.237182,-0.13289,0.034428,0.375946,-0.922822,-0.365386,-0.122003,0.348173,-0.926734,0.140973,-0.163406,0.088091,0.982548,0.000992,-0.006965,0.025657,-0.076219,-0.275391,-0.030896,-1.404047,0.060931,0.061807,0.006661,0.952893,0.30329,-0.002855,-0.303213,0.952335,-0.033458,-0.007429,0.032748,0.999435,0.000474,-0.003417,0.012864,-0.102688,-0.284067,-0.032365,-0.889732,0.088351,0.029856,-0.048208,0.741351,0.174989,-0.647901,0.143164,0.90195,0.407417,0.655668,-0.394796,0.64361,-2.1e-05,-0.000417,-0.000347,1.2e-05,-1.8e-05,2e-06,0.109876
2295,0.173471,-0.016728,0.353733,-0.729778,-0.070092,-0.680114,-0.283403,-0.874257,0.394119,-0.621316,0.480449,0.619001,-6.1e-05,-0.001263,-0.001053,0.0,0.0,0.0,0.23524,-0.132489,0.034358,0.376953,-0.919839,-0.371742,-0.125283,0.354692,-0.924633,0.138493,-0.166161,0.083439,0.982492,0.011337,0.008274,0.018591,-0.026461,-0.037981,0.058161,-1.403368,0.061132,0.06177,0.007164,0.950875,0.309486,-0.007343,-0.309542,0.950175,-0.036763,-0.004401,0.03723,0.999296,0.005647,0.004201,0.009326,-0.05268,-0.023936,0.059361,-0.889242,0.088313,0.029825,-0.048219,0.740995,0.174469,-0.648449,0.143733,0.902069,0.406954,0.655947,-0.394754,0.643351,-0.007093,-0.000698,-0.00038,-0.000955,0.014727,-0.029557,0.109549
2296,0.173471,-0.016773,0.353749,-0.729199,-0.069484,-0.680798,-0.284152,-0.874289,0.393508,-0.621654,0.480478,0.618639,-1.8e-05,-0.00037,-0.000309,0.0,0.0,0.0,0.237841,-0.132136,0.034575,0.377757,-0.920434,-0.370482,-0.124643,0.352809,-0.924756,0.14243,-0.166867,0.087605,0.98201,-0.000916,0.0072,0.018855,-0.117357,0.021851,0.059113,-1.403387,0.061309,0.061877,0.007559,0.951236,0.308398,-0.006249,-0.308435,0.950698,-0.032249,-0.004005,0.032603,0.99946,0.006347,-0.001116,0.013675,-0.160068,0.017104,0.074916,-0.887609,0.088313,0.029801,-0.048212,0.740533,0.173792,-0.649157,0.144496,0.902208,0.406374,0.6563,-0.394734,0.643003,-8e-06,-0.000176,-0.000146,3.3e-05,1.4e-05,-2e-06,0.108732
2297,0.173542,-0.016835,0.353695,-0.72857,-0.068827,-0.681537,-0.284891,-0.874377,0.392775,-0.622053,0.48041,0.618291,-0.000157,-0.003239,-0.002704,-0.000849,0.013139,-0.025636,0.241151,-0.132059,0.034422,0.378696,-0.919494,-0.372249,-0.126307,0.353747,-0.923776,0.146406,-0.170015,0.090423,0.981214,0.001252,-0.009035,0.024418,-0.070657,-0.000937,-0.015555,-1.403519,0.061345,0.061816,0.008032,0.950768,0.309789,-0.008353,-0.309901,0.95034,-0.028539,-0.000903,0.029722,0.999557,0.000614,-0.004526,0.012201,-0.079768,0.094105,-0.190797,-0.886629,0.088349,0.029777,-0.048234,0.740023,0.173048,-0.649937,0.145259,0.902406,0.405661,0.656707,-0.394608,0.642665,0.006997,-0.001305,-0.00129,0.006879,-0.105389,0.206468,0.113631
2298,0.173549,-0.016916,0.353627,-0.728216,-0.068458,-0.681954,-0.285307,-0.874427,0.392363,-0.622278,0.480372,0.618094,-0.00023,-0.004761,-0.003978,-0.000849,0.013139,-0.025636,0.239423,-0.132013,0.034217,0.379166,-0.91567,-0.379547,-0.132225,0.360255,-0.920998,0.148028,-0.176804,0.088404,0.980198,0.012214,0.001272,0.014549,0.005087,-0.0416,0.021456,-1.403336,0.061363,0.061713,0.008262,0.948528,0.31629,-0.015934,-0.31663,0.948134,-0.028054,0.006234,0.031655,0.999479,0.000762,-0.005661,0.011565,-0.041582,-0.006352,-0.033095,-0.889078,0.088352,0.029739,-0.048265,0.739804,0.172729,-0.650271,0.145585,0.902491,0.405355,0.656881,-0.394554,0.64252,-0.000119,-0.002473,-0.002066,-0.000831,0.013132,-0.025641,0.114121
2299,0.173519,-0.017128,0.35349,-0.727793,-0.068016,-0.682449,-0.285852,-0.874448,0.391919,-0.622522,0.480396,0.617829,-0.000241,-0.004969,-0.004159,0.005008,-0.077523,0.151294,0.233977,-0.131822,0.034175,0.379902,-0.915677,-0.379406,-0.132584,0.359761,-0.920908,0.149779,-0.177765,0.089945,0.979884,0.001032,-0.007381,0.025335,-0.070619,-0.001035,-0.015609,-1.403656,0.061465,0.061682,0.008629,0.948536,0.316265,-0.015993,-0.316593,0.948205,-0.02598,0.006948,0.029706,0.999534,0.00581,0.002731,0.008434,-0.031848,-0.034925,0.060038,-0.889895,0.088337,0.029626,-0.04834,0.739413,0.172158,-0.650868,0.146222,0.902612,0.404859,0.657181,-0.394529,0.64223,-0.000119,-0.002495,-0.002088,0.005029,-0.077521,0.151287,0.109386
2300,0.173512,-0.017307,0.353381,-0.727607,-0.06782,-0.682667,-0.286121,-0.874436,0.39175,-0.622617,0.480445,0.617696,-0.000189,-0.00389,-0.003261,-0.000849,0.013135,-0.025638,0.234265,-0.131618,0.033764,0.380722,-0.914864,-0.381895,-0.13104,0.361857,-0.91959,0.152796,-0.177698,0.092867,0.979623,0.002445,-0.018029,0.019398,-0.072407,0.012201,-0.041143,-1.403359,0.061564,0.061497,0.009051,0.947659,0.318935,-0.014924,-0.319213,0.947398,-0.023226,0.006731,0.026774,0.999618,0.001224,-0.009136,0.009628,-0.084789,0.10399,-0.21692,-0.889732,0.088334,0.029536,-0.048395,0.739255,0.171926,-0.651109,0.146509,0.902642,0.404688,0.657294,-0.394561,0.642094,-6.9e-05,-0.001461,-0.001224,2.3e-05,1.5e-05,-5e-06,0.107426
2301,0.173509,-0.017367,0.35333,-0.727551,-0.067762,-0.682732,-0.286186,-0.874444,0.391685,-0.622652,0.480439,0.617665,-0.000133,-0.002732,-0.002292,0.0,0.0,0.0,0.23489,-0.131533,0.033404,0.381082,-0.914277,-0.383704,-0.129849,0.363476,-0.918665,0.154508,-0.177416,0.094565,0.979512,0.014663,-0.017032,0.019059,-0.08266,0.08845,-0.188066,-1.403384,0.061602,0.061314,0.009224,0.947041,0.320799,-0.014126,-0.321047,0.946813,-0.021757,0.006395,0.02514,0.999662,0.001351,-0.010081,0.009109,-0.072483,0.012149,-0.040976,-0.887445,0.088332,0.029503,-0.048422,0.739219,0.171875,-0.651162,0.146562,0.902655,0.404638,0.657322,-0.394552,0.64207,-7.7e-05,-0.001609,-0.001349,1.4e-05,-5e-06,6e-06,0.107263
2302,0.173441,-0.017475,0.353254,-0.727412,-0.067619,-0.682894,-0.286363,-0.87445,0.391541,-0.622732,0.480447,0.617577,0.000158,-0.011902,0.007813,-0.035723,0.011112,-0.019283,0.234498,-0.131495,0.033327,0.381578,-0.914894,-0.382092,-0.130252,0.360488,-0.918599,0.161731,-0.180287,0.101509,0.978292,7.5e-05,-0.000389,0.014509,-0.207986,0.082418,0.063654,-1.403636,0.061629,0.061251,0.009469,0.947489,0.319474,-0.014168,-0.319664,0.947426,-0.014111,0.008915,0.017899,0.999799,-0.000707,0.005241,0.002914,-0.219507,0.101927,0.097587,-0.889568,0.088298,0.029451,-0.048465,0.739101,0.171707,-0.651341,0.146735,0.9027,0.404475,0.657417,-0.394523,0.641992,-3.3e-05,-0.000739,-0.00062,9e-06,5e-06,7e-06,0.1071
2303,0.173431,-0.017499,0.353275,-0.727132,-0.067326,-0.683222,-0.286741,-0.874451,0.391262,-0.622886,0.480487,0.617392,0.000272,-0.009582,0.009761,-0.035723,0.011111,-0.019283,0.232723,-0.131368,0.033216,0.382038,-0.914596,-0.381337,-0.13449,0.358144,-0.918436,0.167755,-0.186334,0.105757,0.976708,0.00092,-0.006734,0.010982,-0.037125,0.006489,-0.020306,-1.403403,0.061691,0.061209,0.009712,0.947957,0.317876,-0.01823,-0.318051,0.948042,-0.007628,0.014858,0.01303,0.999804,0.000474,-0.003535,0.005395,-0.022457,0.002365,-0.020829,-0.892671,0.088293,0.029435,-0.048452,0.738886,0.171389,-0.651669,0.147128,0.902742,0.40424,0.657572,-0.394566,0.641807,0.000144,-0.004658,0.004991,-0.035705,0.011124,-0.01929,0.105303
2304,0.173474,-0.017479,0.35329,-0.726802,-0.066983,-0.683606,-0.287126,-0.874496,0.390879,-0.623093,0.480452,0.61721,1e-06,2.8e-05,2.4e-05,0.005858,-0.090627,0.176948,0.242437,-0.131252,0.032971,0.382426,-0.91498,-0.380873,-0.133186,0.357117,-0.918158,0.171425,-0.186418,0.109783,0.976247,0.001148,-0.008436,0.010043,-0.063216,0.019972,-0.011528,-1.403002,0.061748,0.061088,0.009901,0.948081,0.317587,-0.01672,-0.317688,0.948187,-0.003694,0.01468,0.008814,0.999853,0.000557,-0.00414,0.005062,-0.038166,0.006917,-0.009789,-0.892181,0.088315,0.029449,-0.048441,0.738687,0.171099,-0.65197,0.147424,0.902818,0.403962,0.657728,-0.394517,0.641676,1e-06,1.4e-05,1.1e-05,1e-05,8e-06,-1.9e-05,0.111182
2305,0.173453,-0.017486,0.353285,-0.72676,-0.06694,-0.683655,-0.287175,-0.874502,0.39083,-0.62312,0.480447,0.617186,-7e-06,-0.000138,-0.000116,0.0,0.0,0.0,0.245275,-0.131152,0.032848,0.382573,-0.914883,-0.381156,-0.13304,0.357308,-0.917976,0.171998,-0.186527,0.110318,0.976166,0.013498,-0.008463,0.009127,-0.034535,-0.009045,0.00873,-1.403225,0.061799,0.061024,0.009978,0.947986,0.31787,-0.016745,-0.317966,0.948095,-0.003351,0.01481,0.008501,0.999853,0.006766,-0.004403,0.004467,-0.027436,-0.012743,0.008109,-0.893651,0.088304,0.029445,-0.048443,0.738589,0.170958,-0.652119,0.147568,0.902855,0.403826,0.657806,-0.394494,0.641611,-3e-06,-8.8e-05,-7.5e-05,2e-05,8e-06,-1e-05,0.115264
2306,0.173432,-0.017472,0.353298,-0.726521,-0.066694,-0.683932,-0.287452,-0.874535,0.390554,-0.623271,0.480422,0.617054,7.5e-05,0.001529,0.001283,0.0,0.0,0.0,0.243235,-0.130671,0.032371,0.382962,-0.915849,-0.381207,-0.126067,0.357832,-0.917446,0.173733,-0.180728,0.114498,0.976775,0.013664,-0.009583,0.008514,0.311469,0.824028,-0.254461,-1.403316,0.062035,0.060785,0.010167,0.947843,0.318559,-0.01061,-0.318591,0.94789,-0.001363,0.009623,0.004672,0.999942,0.006845,-0.00494,0.004169,1.16331,2.461532,-0.279275,-0.8961,0.088294,0.029449,-0.04844,0.738398,0.170684,-0.652406,0.147849,0.902927,0.403562,0.657957,-0.394447,0.641485,4.5e-05,0.000922,0.000774,0.000866,-0.013127,0.025636,0.11902
