frame,MLTx,MLTy,MLTz,MLTR1,MLTR2,MLTR3,MLTR4,MLTR5,MLTR6,MLTR7,MLTR8,MLTR9,MLTTVx,MLTTVy,MLTTVz,MLTRVx,MLTRVy,MLTRVz,MLGA,MRTx,MRTy,MRTz,MRTR1,MRTR2,MRTR3,MRTR4,MRTR5,MRTR6,MRTR7,MRTR8,MRTR9,MRTTVx,MRTTVy,MRTTVz,MRTRVx,MRTRVy,MRTRVz,MRGA,SLTx,SLTy,SLTz,SLTR1,SLTR2,SLTR3,SLTR4,SLTR5,SLTR6,SLTR7,SLTR8,SLTR9,SLTTVx,SLTTVy,SLTTVz,SLTRVx,SLTRVy,SLTRVz,SLGA,SRTx,SRTy,SRTz,SRTR1,SRTR2,SRTR3,SRTR4,SRTR5,SRTR6,SRTR7,SRTR8,SRTR9,SRTTVx,SRTTVy,SRTTVz,SRTRVx,SRTRVy,SRTRVz,SRGA
1190,0.196882,0.016804,0.317176,0.086769,-0.459331,-0.884043,0.161088,-0.869236,0.467388,-0.983238,-0.182399,-0.000327,-0.094502,-0.046316,-0.036735,0.334906,-0.167662,1.590476,0.07976,-0.20429,0.015935,0.314429,-0.293141,0.78028,0.552469,-0.428601,-0.623681,0.653649,0.854946,-0.046153,0.516527,-0.042488,0.104503,-0.04688,-0.281646,0.47127,0.336823,0.53362,0.026683,0.051567,-0.017573,0.232462,-0.741515,0.629377,0.456639,0.654559,0.602522,-0.858744,0.147335,0.490764,-0.021133,0.053068,-0.02264,-0.246721,0.457255,0.307613,0.520446,0.095536,0.047941,-0.061447,-0.045251,0.405625,-0.912918,-0.326309,0.857725,0.397276,0.944179,0.315871,0.093545,-0.040385,-0.022631,-0.018145,0.301656,-0.10069,1.415001,-0.165269
1191,0.193979,0.015413,0.31573,0.098038,-0.408444,-0.907529,0.147234,-0.895922,0.419067,-0.984365,-0.174203,-0.026565,-0.055289,-0.016875,-0.048814,0.118327,-0.918145,1.32122,0.108064,-0.205766,0.019544,0.313298,-0.347825,0.774115,0.528919,-0.381065,-0.632064,0.674699,0.857025,0.032154,0.514138,-0.012771,0.079525,-0.016956,-3.33237,-4.117133,-2.402208,0.534706,0.025951,0.053347,-0.018127,0.283344,-0.74246,0.607016,0.4137,0.665662,0.621084,-0.865198,0.075142,0.495767,-0.013057,0.040889,-0.007031,-1.138182,-1.394948,0.242551,0.522569,0.09407,0.047235,-0.062165,-0.046075,0.352766,-0.934575,-0.310641,0.884123,0.349038,0.949409,0.3064,0.068847,-0.027603,-0.008598,-0.024482,0.083065,-0.850564,1.151688,-0.106158
1192,0.193035,0.015276,0.314538,0.120013,-0.383776,-0.915619,0.149605,-0.90475,0.398771,-0.981597,-0.184369,-0.050025,-0.042691,0.004486,-0.066453,-0.029091,-1.499209,0.781281,0.105275,-0.206118,0.021057,0.313196,-0.389377,0.759186,0.521549,-0.344967,-0.645117,0.681731,0.854492,0.084581,0.512399,-0.011343,0.063122,0.004046,-1.002275,-1.28152,-0.561309,0.528425,0.025779,0.05408,-0.018186,0.325449,-0.73135,0.59934,0.378026,0.681624,0.626485,-0.866705,0.022677,0.498303,-0.005646,0.031732,0.002219,-1.032473,-1.250658,-0.543531,0.523059,0.093604,0.047163,-0.062723,-0.06064,0.32548,-0.943602,-0.312305,0.891691,0.327645,0.948044,0.31456,0.047578,-0.021288,0.001769,-0.033595,0.028232,-1.234372,1.211049,-0.091135
1193,0.192235,0.015949,0.311484,0.184791,-0.367275,-0.911596,0.149802,-0.906192,0.395406,-0.971537,-0.209177,-0.111301,-0.016237,0.025716,-0.085009,0.056751,-1.974778,-0.92179,0.100161,-0.206056,0.023516,0.313734,-0.500746,0.699984,0.509182,-0.242109,-0.677918,0.694078,0.831639,0.223398,0.508264,0.017096,0.061634,0.018642,-0.936812,-1.411475,-0.509812,0.500122,0.02579,0.055322,-0.017931,0.44116,-0.681309,0.584119,0.277425,0.722535,0.633228,-0.85347,-0.117305,0.507766,0.001844,0.031352,0.010246,-0.908398,-1.213614,-0.650086,0.512445,0.093189,0.047486,-0.064233,-0.121164,0.296852,-0.947205,-0.312126,0.894439,0.320242,0.942282,0.334449,-0.015719,-0.008063,0.012512,-0.042786,-0.075772,-1.883911,0.10455,-0.080521
1194,0.19126,0.017111,0.308202,0.232929,-0.406153,-0.883645,0.122395,-0.889161,0.440891,-0.965065,-0.210352,-0.156298,-0.043399,0.016916,-0.074098,-1.560748,-0.941735,-1.136588,-0.112635,-0.204965,0.025306,0.315077,-0.578939,0.63148,0.515804,-0.152255,-0.705083,0.692539,0.801719,0.321607,0.503665,0.045242,0.033257,0.044401,-0.316181,-0.328568,-0.304545,0.364265,0.02632,0.056238,-0.017271,0.527263,-0.615732,0.585547,0.187003,0.756313,0.626912,-0.828868,-0.221049,0.51392,0.022706,0.016681,0.022246,-3.150682,-3.748385,-3.57049,0.420022,0.092706,0.048073,-0.065918,-0.180942,0.331684,-0.925875,-0.289498,0.881743,0.37245,0.93992,0.335431,-0.063522,-0.021817,0.013853,-0.041391,-4.74816,1.407944,-2.042855,-0.214093
1195,0.190346,0.01739,0.306849,0.205087,-0.43928,-0.874653,0.058786,-0.886498,0.458952,-0.977246,-0.145003,-0.154895,-0.04303,0.007984,-0.064374,-1.50688,1.056094,-0.956197,-0.220998,-0.204102,0.025855,0.31601,-0.601278,0.594527,0.533849,-0.108254,-0.722448,0.68285,0.792388,0.35204,0.498048,0.045576,0.024049,0.053551,-0.284763,0.113369,-0.975506,0.198397,0.026781,0.056542,-0.016767,0.55295,-0.577657,0.600465,0.143265,0.775843,0.614444,-0.820805,-0.253731,0.51176,0.022793,0.012441,0.027143,-0.291666,0.151,-1.019889,0.285471,0.092233,0.048216,-0.066626,-0.164402,0.368708,-0.91489,-0.230297,0.887529,0.399065,0.959132,0.276304,-0.060999,-0.021462,0.004215,-0.031938,-1.450194,1.360541,-0.907959,-0.306352
1196,0.188369,0.018026,0.30474,0.076291,-0.460539,-0.884381,-0.113219,-0.885222,0.45115,-0.990745,0.066277,-0.118573,-0.043559,0.037455,-0.05499,-0.050023,1.97596,1.068154,-0.280774,-0.201497,0.026464,0.318608,-0.637445,0.509476,0.578004,-0.01187,-0.75646,0.653882,0.771157,0.409308,0.48749,0.086599,0.010633,0.073431,-0.893627,0.332152,-3.414638,0.052244,0.028051,0.056837,-0.015498,0.593704,-0.49398,0.635215,0.052314,0.811422,0.582114,-0.80298,-0.312373,0.507587,0.036745,0.005646,0.037392,-3.152183,-4.09059,-3.549432,-0.006983,0.09126,0.048501,-0.067681,-0.041263,0.409519,-0.911367,-0.059112,0.909546,0.411377,0.997397,0.070848,-0.013324,-0.014855,0.01922,-0.027202,-1.496887,2.506114,0.739135,-0.424248
1197,0.187591,0.020545,0.302408,-0.016909,-0.413493,-0.910375,-0.206343,-0.889451,0.407764,-0.978326,0.195254,-0.069146,-0.002913,0.072427,-0.06003,-1.090695,1.71779,0.850564,-0.127597,-0.198009,0.026401,0.321928,-0.685541,0.372339,0.625612,0.13264,-0.780936,0.610311,0.716648,0.500901,0.485157,0.086818,-0.010311,0.089142,-0.729179,0.666108,-4.013509,-0.002964,0.029829,0.056823,-0.013799,0.650034,-0.354047,0.672387,-0.091676,0.841831,0.531897,-0.754354,-0.407393,0.514762,0.043306,-0.005096,0.044616,-0.68726,0.598115,-4.023974,-0.116224,0.090855,0.049781,-0.068859,0.065826,0.371748,-0.925996,0.036917,0.926466,0.374561,0.997147,-0.05884,0.047262,-0.001405,0.036734,-0.029424,-1.133856,1.724661,0.83777,-0.387018
1198,0.187607,0.021985,0.301207,-0.025592,-0.400156,-0.916115,-0.206246,-0.894573,0.396451,-0.978147,0.199583,-0.058494,-0.002923,0.07076,-0.061493,0.368563,0.483943,0.4867,-0.059244,-0.196016,0.025911,0.323643,-0.684907,0.315821,0.656621,0.192709,-0.790444,0.581373,0.703473,0.524321,0.479662,0.099565,-0.030701,0.088062,-0.652149,-0.779162,-2.448987,-0.08508,0.030789,0.056607,-0.012959,0.65138,-0.297185,0.69813,-0.149763,0.851644,0.502268,-0.743824,-0.431721,0.510236,0.056414,-0.015313,0.043614,-3.530178,-2.452348,-4.340427,-0.185459,0.090864,0.050486,-0.069423,0.076832,0.360338,-0.929651,0.039048,0.930605,0.363935,0.996278,-0.064263,0.05743,0.005463,0.036098,-0.030283,0.280513,0.447558,0.337367,-0.330029
1199,0.18762,0.023198,0.299285,-0.007772,-0.414063,-0.91024,-0.205266,-0.890211,0.406646,-0.978679,0.190512,-0.076939,-0.000914,0.000501,-0.036752,-0.097671,-0.719469,-0.590122,-0.131934,-0.19096,0.02414,0.326622,-0.611099,0.23988,0.754325,0.286658,-0.821108,0.4935,0.738508,0.517506,0.432037,0.15112,-0.050238,0.067923,0.158522,1.25747,-2.616918,-0.336536,0.033299,0.055745,-0.011448,0.582564,-0.206801,0.786035,-0.240935,0.879684,0.410006,-0.776253,-0.428238,0.462647,0.075418,-0.025747,0.033371,0.302456,2.855908,-4.599588,-0.393981,0.09087,0.051136,-0.070375,0.058237,0.370548,-0.926985,0.038292,0.927048,0.372979,0.997567,-0.057217,0.039799,-0.000422,0.000116,-0.018485,-0.111258,-0.942909,-0.507886,-0.311577
1200,0.187211,0.022653,0.298547,-0.010983,-0.440993,-0.897469,-0.225519,-0.873297,0.431816,-0.974176,0.207683,-0.088742,-0.027169,-0.023905,-0.003588,-0.147501,-0.425882,-0.463564,-0.165919,-0.184346,0.022204,0.32863,-0.540593,0.188789,0.819822,0.348077,-0.836881,0.422381,0.766489,0.513458,0.385641,0.175438,-0.031178,0.029932,-0.290565,0.709077,-1.195443,-0.461708,0.036596,0.054773,-0.010427,0.514619,-0.143598,0.845308,-0.299963,0.893424,0.334387,-0.803236,-0.425644,0.416699,0.087985,-0.022053,0.018112,-0.500816,-0.427135,0.345324,-0.590093,0.090676,0.050848,-0.070781,0.055742,0.398714,-0.915379,0.057574,0.913996,0.401617,0.996783,-0.075089,0.027992,-0.006891,-0.005787,-0.005371,-0.083027,-0.428426,-0.376574,-0.349297
1201,0.186365,0.022346,0.298366,0.002718,-0.447142,-0.894484,-0.212714,-0.874266,0.436329,-0.977127,0.189634,-0.096374,-0.013412,-0.016174,0.003393,-0.090875,-0.214757,-0.22813,-0.114908,-0.176807,0.021594,0.328828,-0.571003,0.125307,0.811323,0.438886,-0.788491,0.430808,0.694396,0.601907,0.394188,0.226354,-0.009585,-0.008569,-0.871749,-1.711884,1.406298,-0.51583,0.040346,0.054459,-0.010314,0.546885,-0.082871,0.833095,-0.394736,0.852016,0.343878,-0.738308,-0.516914,0.433243,0.106126,0.000101,-0.008431,-2.087563,-2.263983,0.676424,-0.674025,0.090258,0.050695,-0.070872,0.040678,0.403115,-0.914244,0.044343,0.913371,0.404703,0.998187,-0.057002,0.019279,-0.013579,-0.007904,0.002184,-0.133892,-0.363316,-0.388464,-0.337377
1202,0.185751,0.02207,0.29843,0.005956,-0.446748,-0.894665,-0.209132,-0.875444,0.435698,-0.97789,0.185059,-0.097528,-0.040612,-0.028756,0.010872,-0.076274,0.084306,-0.150055,-0.108692,-0.172329,0.02165,0.328469,-0.599451,0.098686,0.794299,0.466066,-0.763627,0.446756,0.651367,0.637872,0.410736,0.238989,0.00298,-0.017134,-4.568669,-3.976389,-0.573776,-0.520834,0.042579,0.05447,-0.0105,0.57669,-0.063023,0.814528,-0.419672,0.832561,0.361548,-0.70093,-0.550336,0.45368,0.119474,0.000963,-0.009148,-0.056769,-0.234327,-0.010039,-0.69313,0.089951,0.050566,-0.070838,0.036825,0.402813,-0.91454,0.040765,0.913794,0.404126,0.998489,-0.052163,0.01723,-0.020487,-0.007867,0.002496,-0.029894,0.085357,-0.094142,-0.3266
1203,0.184246,0.021156,0.298563,0.004516,-0.444965,-0.895562,-0.211418,-0.875742,0.433992,-0.977404,0.187926,-0.096911,-0.041168,-0.020341,0.000345,0.069353,0.541942,0.218074,-0.10392,-0.162906,0.022209,0.327996,-0.677214,0.100314,0.728911,0.431861,-0.747742,0.504295,0.596455,0.656168,0.462113,0.224415,0.029903,-0.012501,-1.103652,-2.15928,0.831369,-0.531326,0.047206,0.054703,-0.01076,0.653203,-0.07535,0.753424,-0.389255,0.820065,0.419491,-0.649466,-0.567287,0.506338,0.112721,0.009436,-0.002377,-0.118403,-2.619324,2.982622,-0.709459,0.089209,0.050126,-0.070762,0.036606,0.402701,-0.914598,0.043628,0.913695,0.40405,0.998376,-0.054692,0.015878,-0.013682,-0.010047,4.3e-05,-0.03509,-0.057172,0.059007,-0.318599
1204,0.183089,0.020777,0.298546,-0.004863,-0.431867,-0.90195,-0.209747,-0.881446,0.423121,-0.977751,0.19177,-0.085171,-0.027989,0.009639,-0.008216,0.151168,0.518789,0.332326,-0.051002,-0.154173,0.023782,0.327932,-0.76107,0.02329,0.648245,0.455428,-0.692248,0.559743,0.462723,0.721192,0.515395,0.221186,0.06379,-0.003109,-0.752095,-2.291306,0.799371,-0.684625,0.051581,0.055446,-0.010814,0.744949,-0.012954,0.666994,-0.417109,0.771242,0.480837,-0.520644,-0.636409,0.569133,0.111252,0.025985,0.001968,-0.004782,-2.202938,1.93075,-0.790451,0.088626,0.049905,-0.070774,0.049275,0.390081,-0.91946,0.042229,0.918942,0.392124,0.997891,-0.05815,0.028807,-0.013984,0.005423,-0.003491,0.171608,0.666999,0.433397,-0.296881
1205,0.182547,0.020872,0.298463,-0.006983,-0.422906,-0.906171,-0.209681,-0.885418,0.414777,-0.97775,0.193424,-0.081362,-0.027961,0.01056,-0.007319,0.049967,0.285044,0.452967,-0.023189,-0.150096,0.024959,0.32807,-0.772158,-0.007587,0.635379,0.467144,-0.68442,0.559714,0.431575,0.728999,0.531193,0.220741,0.062965,0.012589,0.317389,-1.256708,0.467887,-0.735418,0.053702,0.056052,-0.010752,0.75986,0.018424,0.649824,-0.431717,0.761651,0.483225,-0.486037,-0.647724,0.586703,0.103167,0.037044,0.002788,-0.017164,-0.847585,-1.775223,-0.862952,0.088344,0.049953,-0.070814,0.054244,0.380726,-0.923095,0.042353,0.922747,0.383071,0.997628,-0.059875,0.033928,-0.013814,-0.00063,-7.7e-05,-0.145792,0.081623,1.065638,-0.274184
1206,0.181665,0.020848,0.298431,-0.011082,-0.419591,-0.90767,-0.208579,-0.886778,0.412421,-0.977942,0.194408,-0.076558,-0.027346,-0.013319,0.006653,-0.036609,0.047714,-0.07327,-0.03674,-0.142487,0.027727,0.329071,-0.753108,-0.06956,0.654203,0.51615,-0.678862,0.522177,0.408722,0.731,0.546305,0.178644,0.068044,0.036167,-0.211656,0.590766,-3.131133,-0.745285,0.057523,0.057435,-0.010259,0.746881,0.082343,0.659838,-0.477593,0.756875,0.446143,-0.462679,-0.64835,0.604623,0.089847,0.02938,0.022692,-2.735021,-1.820139,-5.08807,-0.923043,0.087903,0.049954,-0.070831,0.059425,0.377374,-0.924151,0.041576,0.924048,0.380006,0.997366,-0.061004,0.039221,-0.00692,-0.000666,-0.000389,-0.013417,0.007979,-0.072165,-0.259488
1207,0.180947,0.020724,0.298336,-0.01088,-0.419807,-0.907573,-0.208581,-0.886697,0.412592,-0.977944,0.194308,-0.076784,-0.013946,-0.005156,-0.004604,0.003735,-0.087512,0.106285,-0.022654,-0.13616,0.029865,0.330859,-0.692733,-0.120217,0.711099,0.581821,-0.675608,0.452739,0.42685,0.7275,0.537034,0.140401,0.042012,0.051804,0.780677,1.851737,-3.022498,-0.746326,0.0607,0.058537,-0.009352,0.689403,0.142395,0.710243,-0.543236,0.750236,0.376883,-0.479184,-0.645654,0.594569,0.076698,0.022115,0.025999,0.517097,0.332663,-1.292094,-0.933657,0.087539,0.049896,-0.070868,0.059029,0.377902,-0.923961,0.041696,0.923834,0.380514,0.997384,-0.060987,0.038776,-0.013874,-0.002415,-0.001879,-0.002868,0.046102,-0.082603,-0.258345
1208,0.180392,0.020594,0.298142,-0.011192,-0.420342,-0.907322,-0.20844,-0.886454,0.413187,-0.97797,0.194264,-0.076563,-0.013922,-0.003667,-0.003145,-0.000984,0.014715,-0.029553,-0.011732,-0.130518,0.030729,0.333298,-0.638664,-0.161358,0.752371,0.639888,-0.654259,0.403017,0.427999,0.739019,0.520126,0.131438,0.002758,0.071428,-4.332957,-1.460596,-4.314252,-0.741637,0.063475,0.05899,-0.008156,0.637679,0.187759,0.747068,-0.597771,0.732302,0.326194,-0.485834,-0.654583,0.579211,0.065746,0.001185,0.035486,-0.160518,0.650151,-1.271049,-0.93578,0.087262,0.049824,-0.070971,0.059149,0.3784,-0.923749,0.04152,0.923636,0.381013,0.997384,-0.060891,0.03892,-0.006965,-0.002116,-0.001843,-0.001687,0.031986,-0.052566,-0.246751
1209,0.180152,0.020607,0.298122,-0.011653,-0.420829,-0.90709,-0.208376,-0.886203,0.413758,-0.977978,0.194355,-0.076232,-0.013795,0.000895,0.001375,-0.000195,-0.002614,-0.006539,-0.011121,-0.12827,0.030608,0.334647,-0.619528,-0.185124,0.762827,0.669265,-0.63223,0.390261,0.410795,0.752534,0.514591,0.107446,-0.015478,0.07632,-1.435593,-0.204052,-2.12115,-0.730516,0.064656,0.058945,-0.007457,0.618632,0.215594,0.755521,-0.631914,0.70796,0.315398,-0.466881,-0.67254,0.574204,0.060184,-0.007053,0.037969,-4.431219,-2.14584,-3.840924,-0.930554,0.087142,0.049821,-0.070991,0.059525,0.378972,-0.923491,0.041423,0.923397,0.381603,0.997366,-0.060969,0.039267,-0.006909,-2.7e-05,0.000226,-0.00092,0.01467,-0.0295,-0.245445
1210,0.179775,0.020705,0.298006,-0.012003,-0.421307,-0.906864,-0.207976,-0.886032,0.414323,-0.978058,0.194098,-0.075856,-0.013923,-0.003491,-0.002981,-0.000984,0.014715,-0.029553,0.047766,-0.12432,0.029164,0.337945,-0.596329,-0.247029,0.76378,0.728562,-0.565818,0.38598,0.337543,0.78693,0.516399,0.087379,-0.058847,0.09512,-1.959171,-2.183647,0.130328,-0.723207,0.066602,0.058258,-0.005846,0.598769,0.275806,0.751934,-0.693489,0.648216,0.314465,-0.400685,-0.70975,0.5794,0.042784,-0.02357,0.043723,-0.198275,-0.421375,-0.671638,-0.918307,0.086953,0.049886,-0.071033,0.059752,0.379472,-0.923271,0.040986,0.923211,0.3821,0.99737,-0.060672,0.03961,-0.000185,0.004151,-0.005295,0.035724,-0.013928,0.017463,-0.207398
1211,0.179702,0.020637,0.297673,-0.00779,-0.417599,-0.908623,-0.209301,-0.887832,0.40978,-0.977824,0.193881,-0.079354,-0.000443,0.006062,-0.012838,0.034845,0.00333,-0.00541,0.052937,-0.120968,0.02679,0.341589,-0.613492,-0.27656,0.739684,0.729937,-0.555804,0.397754,0.301871,0.784277,0.541892,0.076677,-0.073547,0.102026,0.174839,-0.855043,-0.440915,-0.686256,0.06832,0.057056,-0.003998,0.618213,0.30394,0.724866,-0.69878,0.634773,0.329801,-0.359886,-0.71041,0.604812,0.045602,-0.041592,0.054845,-0.134364,-0.619296,-0.06999,-0.902305,0.086912,0.049845,-0.071199,0.05627,0.375127,-0.925263,0.042613,0.924985,0.377605,0.997505,-0.060676,0.036064,-7.6e-05,-0.002727,-0.002708,0.000696,0.021585,-0.028968,-0.165922
1212,0.179741,0.020689,0.297581,-0.005466,-0.415537,-0.909585,-0.209935,-0.88884,0.407263,-0.977706,0.193691,-0.081243,-1.9e-05,-0.000647,-0.000643,-0.0,-0.0,0.0,0.016892,-0.119419,0.025125,0.343772,-0.624406,-0.292685,0.724186,0.72688,-0.556887,0.401817,0.286452,0.777649,0.559528,0.079871,-0.093661,0.120012,0.278073,-1.26882,-0.124091,-0.652576,0.069095,0.056225,-0.002918,0.630072,0.317728,0.70856,-0.695841,0.63604,0.333553,-0.344694,-0.703208,0.621839,0.039864,-0.046889,0.059905,0.059844,-0.877029,-0.067126,-0.876832,0.086931,0.049864,-0.071258,0.054388,0.372755,-0.926333,0.043355,0.92595,0.375146,0.997577,-0.060564,0.0342,0.006778,0.005798,-0.003908,0.037545,-0.026326,0.043705,-0.177679
1213,0.179803,0.021316,0.297664,-0.002347,-0.412854,-0.910819,-0.209817,-0.890333,0.40405,-0.977748,0.192561,-0.083398,0.014165,0.012205,0.011623,0.002553,-0.049472,0.075507,0.026871,-0.117269,0.020804,0.348248,-0.610404,-0.321909,0.723721,0.739985,-0.557428,0.376337,0.283027,0.765654,0.577523,0.032156,-0.124285,0.103389,0.329779,-0.249882,-0.986155,-0.594923,0.070181,0.054112,-0.000646,0.618319,0.349117,0.704129,-0.708387,0.635601,0.306917,-0.340396,-0.688569,0.640314,0.0226,-0.061731,0.051251,0.847177,1.068183,-2.512615,-0.814944,0.086957,0.050161,-0.071233,0.05187,0.369694,-0.927704,0.043397,0.927243,0.371936,0.997709,-0.059552,0.032052,5e-05,0.012195,0.002681,0.031187,0.088797,-0.118444,-0.203316
1214,0.179967,0.022309,0.298358,-0.007461,-0.415279,-0.909688,-0.212732,-0.888219,0.407165,-0.977086,0.197069,-0.080581,0.014555,0.027501,0.026571,0.708571,1.544741,-2.246369,0.05417,-0.116692,0.015285,0.350704,-0.515654,-0.310899,0.798395,0.780536,-0.554599,0.2883,0.353784,0.772218,0.527616,-0.017783,-0.142337,0.029581,0.765135,2.881039,-3.49333,-0.510555,0.070482,0.051456,0.00063,0.526967,0.352283,0.773435,-0.746026,0.627681,0.222397,-0.407124,-0.694199,0.593579,-0.002191,-0.071194,0.014037,1.749364,2.743735,-1.862014,-0.74375,0.087038,0.050644,-0.070899,0.054693,0.370715,-0.927134,0.047086,0.926534,0.373252,0.997392,-0.064069,0.033219,0.00728,0.013976,0.013515,-0.454322,0.13664,0.055067,-0.181925
1215,0.180645,0.023501,0.299765,-0.028318,-0.431378,-0.901752,-0.208185,-0.879777,0.427345,-0.977658,0.200364,-0.063767,0.015039,0.027984,0.045246,0.225046,0.351182,-0.53699,0.143549,-0.117625,0.009658,0.350823,-0.403959,-0.28246,0.870072,0.803777,-0.563601,0.190344,0.437092,0.776578,0.453586,-0.032417,-0.138806,-0.017472,-0.314109,1.077475,-1.861857,-0.462769,0.070022,0.048566,0.0007,0.407948,0.336616,0.848685,-0.768518,0.628444,0.120152,-0.492906,-0.701246,0.515069,-0.016004,-0.070632,-0.009655,-0.251825,1.121663,-1.962664,-0.66782,0.087378,0.051242,-0.0702,0.073681,0.391596,-0.917181,0.040753,0.917731,0.395105,0.996448,-0.06649,0.05166,0.007396,0.020423,0.019602,0.854148,1.345184,-2.045411,-0.098973
1216,0.180996,0.024297,0.300606,-0.0476,-0.4405,-0.896515,-0.218055,-0.871294,0.439626,-0.97473,0.216958,-0.053461,0.014781,0.044526,0.04236,-0.368302,0.371157,-0.243626,0.186538,-0.118349,0.006984,0.350306,-0.367401,-0.28805,0.884328,0.820684,-0.547668,0.162699,0.43789,0.785879,0.436475,-0.033979,-0.132355,-0.03022,-0.521977,0.673248,-1.528464,-0.489753,0.069651,0.047157,0.00042,0.37042,0.346461,0.861831,-0.7866,0.610468,0.092674,-0.494013,-0.712245,0.498656,-0.016797,-0.067354,-0.016001,-0.545273,0.61097,-1.473058,-0.667003,0.087553,0.051638,-0.069775,0.090943,0.403861,-0.910288,0.049539,0.911109,0.409175,0.994622,-0.082306,0.062852,0.007401,0.023129,0.02201,-1.227436,1.242041,-0.847978,-0.036923
1217,0.181797,0.026345,0.302501,-0.089055,-0.455341,-0.885878,-0.244241,-0.852267,0.462558,-0.965521,0.258122,-0.034208,0.028392,0.055895,0.051736,0.799716,1.574813,-2.320119,0.261156,-0.118913,0.002594,0.349256,-0.340636,-0.315207,0.885779,0.842653,-0.520118,0.139096,0.417268,0.794168,0.441643,0.001025,-0.096241,-0.024465,-0.223796,-0.180738,-1.345837,-0.518643,0.069377,0.044946,-0.000136,0.346549,0.373779,0.860344,-0.809474,0.582606,0.072944,-0.473977,-0.721705,0.504466,0.00045,-0.047685,-0.011841,-0.769127,-1.343594,0.148435,-0.698682,0.087949,0.052659,-0.06883,0.127118,0.422779,-0.897272,0.076873,0.897691,0.433866,0.988903,-0.124128,0.081612,0.014054,0.034908,0.023325,-0.104084,0.133749,-0.068776,0.076891
1218,0.183277,0.028958,0.304597,-0.124255,-0.466737,-0.87565,-0.261389,-0.835916,0.482589,-0.957063,0.289425,-0.01704,0.041511,0.065092,0.058455,0.69613,1.810073,-2.568114,0.342046,-0.118865,-0.000558,0.348463,-0.345989,-0.348946,0.87093,0.852912,-0.503645,0.137174,0.391184,0.790713,0.470755,-0.00299,-0.071195,-0.022195,0.035427,-0.411301,-0.928506,-0.514556,0.069403,0.043354,-0.000538,0.354113,0.406169,0.842395,-0.820878,0.56656,0.071895,-0.448066,-0.716963,0.534041,-0.001676,-0.034404,-0.010102,-0.178258,-0.788339,-0.419998,-0.705213,0.0887,0.05399,-0.067758,0.160346,0.440675,-0.883229,0.092859,0.884104,0.45797,0.982682,-0.15545,0.100842,0.020773,0.032949,0.029626,0.697169,1.805138,-2.560576,0.197563
1219,0.184029,0.030383,0.305685,-0.143378,-0.46831,-0.871879,-0.278998,-0.826119,0.48955,-0.949365,0.314022,-0.011121,0.027767,0.066884,0.05984,-0.145397,0.402117,-0.415661,0.36204,-0.119015,-0.00183,0.348106,-0.340087,-0.363313,0.867373,0.856778,-0.499809,0.126713,0.387887,0.786683,0.480141,-0.004208,-0.064053,-0.016554,0.231019,-0.633412,-0.886696,-0.51319,0.069329,0.042713,-0.000721,0.348861,0.419558,0.838013,-0.824865,0.561912,0.062061,-0.444852,-0.712898,0.542108,-0.008962,-0.032829,-0.008138,0.132832,-0.019201,-0.832392,-0.704397,0.089065,0.054682,-0.067232,0.178741,0.445338,-0.877339,0.110308,0.877007,0.467643,0.977692,-0.180365,0.107632,0.020428,0.040374,0.02706,-0.410192,0.405201,-0.186934,0.243121
1220,0.1853,0.033191,0.308144,-0.204734,-0.469136,-0.859093,-0.332203,-0.792285,0.51176,-0.920483,0.390748,0.007432,0.040962,0.063056,0.071871,-4.917803,3.081753,-0.160873,0.394936,-0.11938,-0.003994,0.347525,-0.298395,-0.380028,0.875517,0.864018,-0.49719,0.078796,0.405703,0.78044,0.475585,-0.01965,-0.056182,-0.008728,0.425235,-0.082892,-0.948033,-0.51212,0.069152,0.04163,-0.001013,0.308266,0.44035,0.843245,-0.831596,0.555201,0.014076,-0.461973,-0.705579,0.537343,-0.003738,-0.021597,-0.00853,1.149454,1.078019,-2.542712,-0.703417,0.089696,0.056086,-0.066009,0.234948,0.456087,-0.85836,0.159762,0.852949,0.496942,0.958788,-0.253889,0.127533,0.013639,0.037342,0.032596,-0.438352,0.451846,-0.231878,0.302395
1221,0.186906,0.036197,0.310756,-0.252786,-0.473625,-0.843697,-0.345968,-0.770114,0.535913,-0.903256,0.427949,0.031869,0.039795,0.077938,0.065523,0.000404,0.323322,-0.313813,0.450717,-0.120111,-0.005521,0.347024,-0.249069,-0.389239,0.88682,0.870338,-0.491542,0.028824,0.424976,0.77949,0.460059,-0.02292,-0.035401,-0.009053,0.046205,0.37486,-0.901406,-0.513799,0.068797,0.040873,-0.001259,0.260449,0.454996,0.851554,-0.837231,0.545694,-0.035503,-0.480842,-0.703701,0.523062,-0.012209,-0.012387,-0.008874,1.022003,1.646416,-2.605022,-0.703254,0.090485,0.057556,-0.064716,0.282762,0.466559,-0.838073,0.17848,0.832879,0.523886,0.942438,-0.297714,0.152235,0.02649,0.03952,0.033006,0.012223,0.33408,-0.330671,0.375876
1222,0.187695,0.037706,0.311962,-0.262846,-0.478055,-0.838105,-0.341923,-0.766122,0.544166,-0.901912,0.430191,0.038961,0.03939,0.078977,0.065479,-0.013296,0.280241,-0.33799,0.462053,-0.120458,-0.006102,0.346846,-0.224538,-0.395958,0.890388,0.876404,-0.481457,0.007036,0.426152,0.782405,0.453983,-0.02342,-0.032534,-0.00667,0.011435,0.179677,-0.825764,-0.515114,0.068614,0.040572,-0.001349,0.235262,0.46317,0.854473,-0.843725,0.533738,-0.057011,-0.482471,-0.707528,0.516356,-0.004868,-0.014816,-0.002906,0.110434,0.114812,-0.784514,-0.70358,0.090895,0.058345,-0.064089,0.291463,0.47271,-0.831621,0.174145,0.828619,0.532037,0.940596,-0.299891,0.159191,0.019681,0.039355,0.032637,-0.019474,0.265501,-0.335961,0.405595
1223,0.189069,0.040732,0.314552,-0.300511,-0.482995,-0.822468,-0.348325,-0.747191,0.565993,-0.887545,0.457171,0.057328,0.038611,0.080303,0.064654,-0.405175,0.618564,-0.393189,0.471085,-0.1208,-0.007244,0.346799,-0.186003,-0.404395,0.895465,0.882188,-0.469941,-0.028853,0.43269,0.785098,0.443016,0.004969,-0.034416,0.006186,-0.090458,0.237418,-0.662836,-0.513691,0.068434,0.039994,-0.001371,0.196811,0.475055,0.857663,-0.849773,0.518976,-0.092458,-0.489029,-0.710623,0.505829,0.002434,-0.016861,0.0034,-0.108057,0.290188,-0.623778,-0.703254,0.091582,0.059861,-0.062792,0.325775,0.483656,-0.812371,0.180056,0.81178,0.55551,0.928143,-0.327243,0.177373,0.019497,0.034912,0.03642,-1.358625,1.259927,-0.326923,0.43711
1224,0.190709,0.043674,0.317162,-0.375426,-0.465788,-0.801337,-0.394671,-0.701948,0.592854,-0.838181,0.539414,0.080699,0.050646,0.079328,0.061437,-4.374506,3.572351,0.070906,0.468534,-0.121175,-0.008625,0.347032,-0.155661,-0.415205,0.896307,0.892543,-0.447843,-0.052324,0.423298,0.792356,0.439152,-0.008961,-0.036326,0.00616,-0.059209,0.062342,-0.536964,-0.506142,0.068252,0.039339,-0.001252,0.168038,0.486846,0.857171,-0.860984,0.495943,-0.112895,-0.480071,-0.719041,0.502504,-0.010672,-0.024497,0.0074,-0.071594,-0.022466,-0.647241,-0.699825,0.092397,0.061338,-0.061481,0.396768,0.479484,-0.782731,0.224721,0.776036,0.589294,0.889985,-0.409709,0.200156,0.025319,0.03995,0.030962,0.219155,0.626714,-0.868419,0.442335
1225,0.192644,0.047183,0.319271,-0.432407,-0.454124,-0.779,-0.386114,-0.687481,0.615027,-0.814314,0.567288,0.122902,0.049046,0.092377,0.053554,0.174909,0.661346,-0.075888,0.443401,-0.121538,-0.010478,0.347241,-0.125497,-0.423574,0.897121,0.905362,-0.418607,-0.070867,0.405689,0.803844,0.434873,0.009218,-0.064951,0.015557,-0.051419,-0.182461,-0.339694,-0.505164,0.068061,0.038398,-0.001132,0.137554,0.496996,0.85678,-0.875539,0.465481,-0.129448,-0.463151,-0.732339,0.499169,0.004659,-0.032876,0.007437,-0.043706,-0.257032,-0.370751,-0.694763,0.093365,0.063084,-0.060427,0.454441,0.475454,-0.753276,0.219562,0.759763,0.612006,0.863293,-0.443512,0.240876,0.024278,0.051741,0.02296,0.325766,0.866944,-0.127326,0.42372
1226,0.193418,0.04908,0.320241,-0.45826,-0.450507,-0.766217,-0.372941,-0.685057,0.625768,-0.80625,0.573076,0.14688,0.035872,0.091876,0.052835,0.45486,1.567567,-0.878609,0.432342,-0.121502,-0.011709,0.347375,-0.103486,-0.427139,0.898239,0.904839,-0.41536,-0.093141,0.412978,0.803646,0.428327,0.009942,-0.070064,0.01104,-0.019958,-0.309773,-0.471398,-0.50391,0.068075,0.037813,-0.001065,0.115871,0.501251,0.857508,-0.874819,0.460351,-0.150886,-0.470387,-0.732682,0.491846,-0.002797,-0.030494,0.001305,0.131448,-0.470091,-0.720289,-0.694273,0.093757,0.064033,-0.05994,0.477318,0.476661,-0.738214,0.20634,0.755805,0.621435,0.85416,-0.448945,0.262405,0.017664,0.052238,0.023183,1.010526,2.603,-2.34461,0.407554
1227,0.194367,0.052348,0.322241,-0.489104,-0.443627,-0.751011,-0.362424,-0.679827,0.63754,-0.792784,0.584558,0.172665,-0.000954,0.051596,0.054475,-0.070373,0.512109,-0.370427,0.349844,-0.121266,-0.014589,0.347746,-0.066625,-0.440644,0.895202,0.904033,-0.406301,-0.132583,0.422197,0.800998,0.424282,-0.00523,-0.064069,-0.000322,-0.078722,-0.055865,-0.461249,-0.484665,0.068196,0.036391,-0.000885,0.080389,0.518324,0.851396,-0.873835,0.447573,-0.189971,-0.479529,-0.728709,0.48891,-0.001836,-0.037651,0.003962,-0.105733,-0.109159,-0.499216,-0.684639,0.094241,0.065684,-0.05894,0.508841,0.472943,-0.719307,0.194833,0.750618,0.631356,0.838522,-0.461405,0.289801,0.005757,0.02674,0.027693,-0.701427,-0.786953,1.759908,0.36216
1228,0.193972,0.053163,0.32405,-0.493437,-0.427939,-0.757254,-0.374443,-0.681316,0.628946,-0.784472,0.594424,0.176895,-0.024189,0.000878,0.048982,-0.111883,0.51047,0.397089,0.077577,-0.121306,-0.016505,0.347438,-0.062965,-0.44947,0.891069,0.906804,-0.398631,-0.13687,0.416777,0.799958,0.431541,-0.012005,-0.016352,-0.031056,-0.335084,-0.364283,0.535228,-0.456382,0.06818,0.035367,-0.001049,0.077006,0.526831,0.846474,-0.877104,0.439491,-0.193739,-0.474086,-0.727527,0.49593,-0.006036,-0.007949,-0.015318,-0.381952,-0.362033,0.615027,-0.657369,0.094056,0.066147,-0.058007,0.514947,0.459792,-0.723477,0.207414,0.75207,0.625594,0.83175,-0.472207,0.291909,-0.018327,-0.001017,0.023695,-0.556789,-0.54362,2.187705,0.095016
1229,0.192078,0.052624,0.326215,-0.4795,-0.411353,-0.775187,-0.389494,-0.691832,0.607977,-0.785801,0.593964,0.172484,-0.060344,-0.029248,0.059711,0.088875,0.856453,-0.005452,-0.009469,-0.121698,-0.016386,0.3467,-0.079049,-0.440734,0.894145,0.909479,-0.399101,-0.116189,0.408133,0.804562,0.431243,-0.032079,0.024089,-0.048079,-0.351098,0.193719,0.958584,-0.456141,0.067724,0.035898,-0.001987,0.114836,0.501796,0.857329,-0.882192,0.448264,-0.144204,-0.456671,-0.73977,0.494157,-0.019666,0.038293,-0.037087,-0.409158,1.009469,1.15732,-0.648551,0.09315,0.065882,-0.056965,0.504504,0.440576,-0.742541,0.223638,0.763981,0.605243,0.833943,-0.471408,0.286902,-0.030204,-0.014571,0.029918,-0.211071,-0.086203,0.358472,-0.167882
1230,0.190689,0.051848,0.327322,-0.481775,-0.406816,-0.776169,-0.389681,-0.693893,0.605502,-0.784314,0.594677,0.176743,-0.084731,-0.05056,0.060935,-0.065872,0.837013,-0.504569,-0.012746,-0.123034,-0.013404,0.343919,-0.126203,-0.397067,0.909067,0.911974,-0.40698,-0.051031,0.390366,0.823089,0.412314,-0.044691,0.116104,-0.093474,-0.26605,1.298576,1.110662,-0.460183,0.067335,0.036852,-0.002793,0.136576,0.473952,0.869894,-0.883024,0.456265,-0.109954,-0.449015,-0.75312,0.480826,-0.022504,0.059226,-0.045684,-1.071209,0.636224,2.830001,-0.649368,0.092406,0.065477,-0.056363,0.509322,0.434844,-0.74263,0.223463,0.766518,0.602091,0.831056,-0.472609,0.293232,-0.04239,-0.026085,0.02992,-0.068001,0.846634,-0.523885,-0.212134
1231,0.186929,0.048846,0.329853,-0.493504,-0.379335,-0.78269,-0.400967,-0.699352,0.591696,-0.771219,0.606306,0.194012,-0.109512,-0.090468,0.064748,-0.346503,-0.397669,2.55497,-0.011326,-0.126006,-0.007191,0.339536,-0.164919,-0.309452,0.9365,0.907998,-0.418328,0.021792,0.385201,0.854306,0.348774,-0.095524,0.181327,-0.120639,-0.169519,2.429255,1.697487,-0.47173,0.065902,0.039863,-0.004926,0.167462,0.390937,0.905054,-0.879837,0.47344,-0.041706,-0.444794,-0.789316,0.423245,-0.047781,0.090644,-0.060321,-0.002103,2.745215,0.928177,-0.65443,0.090567,0.064015,-0.055119,0.525711,0.411785,-0.744352,0.233563,0.771524,0.591775,0.81797,-0.484956,0.30942,-0.054575,-0.05149,0.035777,0.1075,1.157725,0.270567,-0.235484
1232,0.18229,0.044531,0.3325,-0.479,-0.322809,-0.816332,-0.432678,-0.722324,0.539453,-0.763207,0.612006,0.207342,-0.135716,-0.124313,0.073279,0.123078,0.655332,1.287224,-0.057747,-0.13064,0.00075,0.334446,-0.201509,-0.193043,0.96027,0.892252,-0.440522,0.098797,0.404175,0.876936,0.259787,-0.139017,0.206705,-0.128577,0.1341,3.234492,1.467289,-0.499955,0.063562,0.043911,-0.007504,0.198288,0.273277,0.941276,-0.863986,0.502212,0.036201,-0.462827,-0.820428,0.33569,-0.070362,0.109688,-0.067636,0.173838,3.083094,1.691083,-0.673698,0.088258,0.061862,-0.053805,0.521768,0.35094,-0.777559,0.268578,0.797539,0.540182,0.809705,-0.490685,0.321876,-0.061532,-0.062687,0.036125,0.076283,-0.017876,3.178953,-0.255732
1233,0.179793,0.042075,0.333954,-0.467571,-0.284824,-0.836838,-0.449784,-0.738322,0.502539,-0.760416,0.611721,0.218155,-0.136526,-0.134909,0.081777,0.176603,0.629858,1.505343,-0.076575,-0.133601,0.00491,0.331847,-0.223532,-0.130073,0.965974,0.881624,-0.449501,0.143605,0.415781,0.88387,0.213921,-0.15135,0.206347,-0.126885,0.18105,2.647006,2.116856,-0.520698,0.062085,0.045999,-0.008797,0.215478,0.208508,0.953988,-0.853659,0.514597,0.080344,-0.474166,-0.831694,0.288879,-0.083211,0.107501,-0.067715,0.157428,2.239841,2.33795,-0.690027,0.08701,0.060628,-0.053089,0.518337,0.310463,-0.79683,0.287272,0.814415,0.504184,0.805481,-0.490245,0.332954,-0.062055,-0.062771,0.036222,0.20388,-0.173602,3.500552,-0.273531
1234,0.174879,0.037281,0.336852,-0.46006,-0.175909,-0.870314,-0.501965,-0.756992,0.418289,-0.731835,0.629521,0.261049,-0.126064,-0.120568,0.076402,0.653485,1.596238,2.118555,-0.162201,-0.140826,0.012528,0.327066,-0.267864,-0.006744,0.963429,0.855505,-0.461452,0.234747,0.443303,0.887088,0.128148,-0.199284,0.177779,-0.109707,0.192916,2.303326,1.718234,-0.585267,0.05849,0.049829,-0.011187,0.252126,0.081537,0.964252,-0.828187,0.533589,0.171429,-0.500537,-0.841803,0.202059,-0.098926,0.082834,-0.051143,0.179837,2.13778,1.622873,-0.737545,0.084502,0.058168,-0.051618,0.528065,0.201292,-0.825001,0.346491,0.835882,0.425728,0.7753,-0.510668,0.371654,-0.063034,-0.060452,0.038166,0.685946,1.658214,2.158905,-0.322191
1235,0.169951,0.033042,0.339869,-0.469417,-0.082414,-0.879148,-0.528286,-0.771574,0.354345,-0.706953,0.630877,0.31975,-0.114444,-0.10951,0.084503,0.652047,1.470042,1.983902,-0.180918,-0.149029,0.018439,0.323681,-0.3127,0.091282,0.945451,0.826563,-0.464119,0.31831,0.468224,0.880875,0.068474,-0.217762,0.137859,-0.071322,0.46683,0.191528,3.701653,-0.760323,0.054397,0.052791,-0.012901,0.288004,-0.021292,0.957392,-0.801176,0.542282,0.253071,-0.524565,-0.839926,0.13912,-0.115595,0.068421,-0.035273,0.19482,1.455634,0.943867,-0.854624,0.08208,0.056077,-0.05015,0.550931,0.110858,-0.827154,0.377508,0.850832,0.365473,0.744286,-0.513608,0.4269,-0.070103,-0.048292,0.039338,0.511771,1.286008,1.62597,-0.362687
1236,0.16757,0.031142,0.341504,-0.467033,-0.047222,-0.883004,-0.54148,-0.774183,0.327738,-0.698508,0.631249,0.337102,-0.114725,-0.102638,0.089697,0.238985,0.686029,1.503552,-0.176884,-0.153435,0.020843,0.322606,-0.325338,0.127198,0.936999,0.815642,-0.463445,0.346237,0.47867,0.876719,0.045834,-0.226067,0.109054,-0.042794,0.092529,1.20285,1.248,-0.898917,0.052198,0.053998,-0.013454,0.301064,-0.05883,0.951787,-0.789744,0.544029,0.283433,-0.534474,-0.837,0.117327,-0.113032,0.054379,-0.021371,0.086548,1.34797,1.295044,-0.958477,0.08089,0.05512,-0.049338,0.554991,0.072528,-0.828687,0.393457,0.854827,0.338322,0.732922,-0.513819,0.445885,-0.057409,-0.04535,0.041198,0.256359,0.824985,1.39429,-0.368402
1237,0.16368,0.028219,0.344823,-0.449083,0.010077,-0.893458,-0.578812,-0.76504,0.282243,-0.680136,0.643879,0.350515,-0.088466,-0.062121,0.086317,-0.03768,0.270252,0.7236,-0.178183,-0.162183,0.024348,0.321997,-0.346273,0.169125,0.922758,0.799818,-0.460687,0.384699,0.490573,0.871016,0.023078,-0.216956,0.056657,0.015173,-0.034121,0.62877,0.748006,-1.134971,0.047741,0.055783,-0.013782,0.31958,-0.102971,0.941947,-0.774382,0.544503,0.322253,-0.546077,-0.832413,0.094273,-0.108496,0.028809,0.008126,0.023643,0.457479,0.620189,-1.061023,0.078934,0.053632,-0.047685,0.545891,0.012097,-0.837768,0.437324,0.848769,0.297217,0.714667,-0.528624,0.458045,-0.044251,-0.024909,0.039595,0.034613,0.23933,0.925824,-0.368729
1238,0.160532,0.026673,0.348053,-0.440358,0.035774,-0.897135,-0.59985,-0.755193,0.264263,-0.667516,0.654469,0.355134,-0.074536,-0.026537,0.079177,-5.10433,1.2787,2.527148,-0.212823,-0.170042,0.026093,0.323511,-0.36514,0.162442,0.916666,0.796085,-0.45582,0.398009,0.482921,0.874848,0.035952,-0.170502,0.018566,0.063905,0.028939,-0.688442,0.368597,-1.256114,0.043877,0.056644,-0.013054,0.338403,-0.099675,0.935707,-0.771038,0.540653,0.336442,-0.539428,-0.835319,0.106105,-0.091926,0.009187,0.032581,0.06672,-0.722748,0.023071,-0.967458,0.077354,0.05285,-0.046063,0.541184,-0.012269,-0.840813,0.456584,0.843951,0.281562,0.706151,-0.536279,0.462335,-0.037279,-0.012684,0.040063,-0.176075,-0.241937,0.536932,-0.380976
1239,0.157994,0.026075,0.351126,-0.438632,0.056003,-0.896945,-0.620911,-0.740412,0.257355,-0.649158,0.669735,0.360661,-0.047592,-0.006376,0.076401,-0.11707,0.095007,0.413455,-0.22587,-0.176161,0.026627,0.326766,-0.38411,0.123553,0.914979,0.795262,-0.459028,0.395962,0.46938,0.879564,0.076892,-0.140049,0.00576,0.10045,0.145357,-1.575613,-0.179289,-1.33461,0.040806,0.056907,-0.011446,0.359865,-0.063936,0.930811,-0.769738,0.543443,0.33492,-0.527256,-0.837007,0.146352,-0.063539,0.003557,0.050399,0.05473,-1.154623,-0.12162,-1.002402,0.076076,0.052547,-0.044523,0.541623,-0.034074,-0.839929,0.484885,0.828864,0.279051,0.686679,-0.55841,0.465454,-0.030214,0.003163,0.034856,-0.131436,0.1982,0.487572,-0.400244
1240,0.157005,0.026187,0.352529,-0.432613,0.068175,-0.899024,-0.638107,-0.727582,0.251825,-0.636415,0.682528,0.359387,-0.046968,0.008909,0.070813,-1.573653,0.386932,0.950707,-0.234706,-0.178449,0.026736,0.328973,-0.393743,0.098603,0.913912,0.795857,-0.460778,0.392721,0.460303,0.88183,0.101787,-0.112166,0.007727,0.115809,0.117286,-1.488544,-0.266093,-1.359839,0.039651,0.056956,-0.010351,0.371215,-0.038784,0.927736,-0.770272,0.545088,0.330996,-0.518535,-0.83748,0.172471,-0.049244,-0.000959,0.062093,-0.040161,-1.09578,0.022358,-1.004198,0.075581,0.052599,-0.043818,0.537623,-0.046589,-0.841897,0.502767,0.819269,0.275723,0.676894,-0.571513,0.463882,-0.023578,0.005005,0.035845,-5.038198,1.356397,2.380768,-0.405306
1241,0.155475,0.026627,0.355183,-0.422888,0.096892,-0.901012,-0.670565,-0.702225,0.239154,-0.609022,0.705199,0.36306,-0.033877,0.017873,0.060247,0.105367,0.477969,0.486554,-0.296464,-0.181632,0.026523,0.334664,-0.410775,0.04384,0.910677,0.799431,-0.46277,0.382999,0.438716,0.885275,0.153882,-0.055486,-0.014462,0.158833,0.025208,-1.494755,-0.36785,-1.39922,0.038059,0.056863,-0.007579,0.391563,0.013778,0.920048,-0.773594,0.54633,0.321052,-0.498226,-0.837456,0.224581,-0.034385,-0.006651,0.080502,-0.028932,-1.312122,-0.284051,-1.002892,0.074812,0.052832,-0.042475,0.531252,-0.075053,-0.843882,0.540759,0.796816,0.26956,0.652188,-0.599541,0.463896,-0.017028,0.003484,0.034359,-0.119165,-0.130282,0.336179,-0.441883
1242,0.154279,0.026905,0.357571,-0.418458,0.122855,-0.899914,-0.684896,-0.693415,0.223752,-0.596012,0.709823,0.375431,-0.02168,0.009398,0.053838,0.026795,0.272814,0.368269,-0.300685,-0.183133,0.025877,0.341187,-0.402794,-0.016046,0.915146,0.813921,-0.463465,0.35024,0.419,0.88593,0.19857,-0.027996,-0.014239,0.171121,0.082427,-1.272751,-1.341642,-1.40247,0.037278,0.056551,-0.004248,0.388579,0.074288,0.918415,-0.787267,0.544674,0.289033,-0.478765,-0.835351,0.270133,-0.007307,-0.012333,0.089487,-0.086037,0.031315,-2.799539,-1.020201,0.074211,0.052986,-0.041271,0.530958,-0.103588,-0.841042,0.557689,0.789982,0.254776,0.638016,-0.604315,0.477218,-0.010951,-0.000919,0.031046,0.011395,0.342955,0.38361,-0.459519
1243,0.153809,0.026965,0.35861,-0.414897,0.14711,-0.897922,-0.703893,-0.677207,0.214234,-0.576055,0.720741,0.385642,-0.022217,0.003645,0.049884,-1.383188,0.886034,1.12387,-0.325171,-0.183302,0.025477,0.344651,-0.398529,-0.044211,0.916085,0.82077,-0.462755,0.334856,0.409595,0.885381,0.219535,-0.002128,-0.01648,0.166438,0.001101,-1.368111,-0.354959,-1.402991,0.037186,0.056374,-0.002564,0.385078,0.103568,0.917053,-0.794307,0.543124,0.272197,-0.469883,-0.83324,0.29141,-0.00117,-0.007668,0.083732,-0.078228,-1.11747,-0.378288,-1.02069,0.073976,0.053024,-0.040746,0.530228,-0.126101,-0.838424,0.578187,0.77705,0.248781,0.620126,-0.616676,0.484924,-0.004841,0.001364,0.024554,-4.756404,1.90638,2.797691,-0.466703
1244,0.153182,0.026441,0.36046,-0.407761,0.19216,-0.892665,-0.740152,-0.642042,0.199825,-0.53423,0.741948,0.405141,-0.011476,-0.026089,0.045579,-0.381106,0.64203,0.63361,-0.40006,-0.182931,0.024948,0.350308,-0.396241,-0.083727,0.914316,0.829251,-0.459941,0.317383,0.394432,0.884044,0.250506,0.02097,0.000264,0.126658,0.016186,-0.947604,-0.453939,-1.402687,0.03737,0.056124,0.00041,0.385896,0.143839,0.911259,-0.803045,0.538575,0.255058,-0.454094,-0.830209,0.323343,0.010363,-0.000595,0.062834,-0.046645,-0.820516,-0.375537,-1.026405,0.07366,0.052786,-0.039811,0.528489,-0.172234,-0.831284,0.621192,0.745879,0.240383,0.578635,-0.643427,0.50118,-0.005713,-0.00775,0.018477,-1.312666,1.047184,1.24963,-0.508669
