frame,MLTx,MLTy,MLTz,MLTR1,MLTR2,MLTR3,MLTR4,MLTR5,MLTR6,MLTR7,MLTR8,MLTR9,MLTTVx,MLTTVy,MLTTVz,MLTRVx,MLTRVy,MLTRVz,MLGA,MRTx,MRTy,MRTz,MRTR1,MRTR2,MRTR3,MRTR4,MRTR5,MRTR6,MRTR7,MRTR8,MRTR9,MRTTVx,MRTTVy,MRTTVz,MRTRVx,MRTRVy,MRTRVz,MRGA,SLTx,SLTy,SLTz,SLTR1,SLTR2,SLTR3,SLTR4,SLTR5,SLTR6,SLTR7,SLTR8,SLTR9,SLTTVx,SLTTVy,SLTTVz,SLTRVx,SLTRVy,SLTRVz,SLGA,SRTx,SRTy,SRTz,SRTR1,SRTR2,SRTR3,SRTR4,SRTR5,SRTR6,SRTR7,SRTR8,SRTR9,SRTTVx,SRTTVy,SRTTVz,SRTRVx,SRTRVy,SRTRVz,SRGA
1,0.10478,0.006194,0.342725,0.063149,0.392114,-0.917771,-0.950038,-0.25797,-0.175644,-0.305717,0.882523,0.357375,0.023899,0.014334,-0.057928,0.101371,-0.724263,-0.133692,-1.915129,-0.182689,0.047875,0.306635,0.294075,-0.099849,0.950548,-0.379955,0.90029,0.212238,-0.877298,-0.423456,0.2256,-0.05376,0.021157,-0.028789,-0.046426,0.004862,-0.125873,0.34176,0.027933,0.046289,-0.023334,-0.26689,0.104864,0.958004,0.192447,-0.968241,0.159598,0.944316,0.22696,0.238233,-0.020113,0.004761,-0.011324,-1.566638,-0.336352,-0.466546,0.337234,0.066668,0.02756,-0.071427,-0.019808,0.453614,-0.890977,-0.878661,-0.433091,-0.200961,-0.477033,0.778887,0.407152,0.019201,0.011595,-0.033903,0.608697,-0.111364,-0.146397,-0.903179
2,0.10582,0.006902,0.340431,0.052992,0.378336,-0.924174,-0.934835,-0.30653,-0.179147,-0.351139,0.872975,0.338589,0.02524,0.027313,-0.064698,5.261837,0.740883,-1.878136,-1.915183,-0.184147,0.048692,0.305801,0.299835,-0.083572,0.950319,-0.424451,0.880374,0.211461,-0.854654,-0.466662,0.22728,-0.027085,0.019103,-0.015623,0.067481,-0.125492,0.124495,0.25928,0.027193,0.046695,-0.023764,-0.275837,0.089929,0.956988,0.240498,-0.957488,0.159296,0.93063,0.274094,0.242483,-0.01385,0.015938,-0.010794,-0.034904,-0.04224,-0.045072,0.231912,0.067195,0.027907,-0.0726,-0.024533,0.436182,-0.899523,-0.856908,-0.472604,-0.205797,-0.514884,0.76576,0.385363,0.012103,0.007586,-0.028686,0.118974,-0.279982,0.147552,-0.902689
3,0.106379,0.007251,0.339253,0.046721,0.370334,-0.927747,-0.926628,-0.330732,-0.178742,-0.373096,0.867568,0.328864,0.024453,0.016378,-0.056366,0.232673,-0.383998,-0.213194,-1.915146,-0.184712,0.049134,0.305534,0.303226,-0.072781,0.950131,-0.454168,0.865443,0.211359,-0.838016,-0.495516,0.228156,-0.026915,0.02306,-0.012262,-0.405206,-0.230983,0.010734,0.202357,0.026906,0.046914,-0.0239,-0.281054,0.080548,0.956305,0.270959,-0.949269,0.159589,0.920645,0.303973,0.244971,-0.013328,0.011785,-0.006013,-5.323576,-1.183957,-1.323879,0.17525,0.067466,0.028079,-0.073171,-0.031339,0.428827,-0.902842,-0.841331,-0.49898,-0.207799,-0.53961,0.753077,0.376423,0.019008,0.006861,-0.029174,1.62789,-0.390986,-0.842013,-0.90171
4,0.107438,0.007832,0.337097,0.024664,0.357819,-0.93349,-0.899252,-0.399934,-0.177116,-0.436749,0.843366,0.313067,0.024311,0.015751,-0.057031,5.324884,0.677768,-1.61659,-1.916537,-0.185376,0.05002,0.305182,0.310433,-0.043871,0.949578,-0.531702,0.819973,0.211826,-0.78828,-0.570591,0.230007,-0.001082,0.027881,-0.010084,-5.320807,-1.231474,-1.274777,0.057512,0.026554,0.047369,-0.024077,-0.293604,0.055056,0.954339,0.352213,-0.921872,0.161542,0.888674,0.383561,0.251274,-0.006929,0.014472,-0.004077,-0.413309,-0.140087,-0.094681,0.003794,0.068005,0.028378,-0.074268,-0.048369,0.410986,-0.910357,-0.803645,-0.557248,-0.208874,-0.593139,0.721501,0.35724,0.018638,0.001425,-0.025042,0.22172,-0.128042,-0.044443,-0.895341
5,0.108558,0.008278,0.334901,0.012134,0.335456,-0.942002,-0.874906,-0.452511,-0.17247,-0.484145,0.825838,0.289174,0.023971,0.014292,-0.058459,5.585252,-0.021244,-0.966185,-1.916428,-0.185024,0.05118,0.304947,0.317477,-0.011517,0.948192,-0.612818,0.760499,0.214544,-0.723937,-0.64916,0.233171,0.024683,0.035046,-0.005927,-1.505861,-0.454141,-0.255467,-0.04825,0.026721,0.047944,-0.024197,-0.307428,0.023627,0.951277,0.447664,-0.878564,0.166494,0.839693,0.477038,0.259519,0.00604,0.016938,-0.003018,-5.205334,-1.242398,-1.21894,-0.154761,0.068565,0.028603,-0.075365,-0.057213,0.387564,-0.920064,-0.769521,-0.604251,-0.20668,-0.636053,0.696184,0.33281,0.011598,0.001502,-0.025232,0.984485,-1.927612,1.918645,-0.893219
6,0.109098,0.008461,0.333772,0.013101,0.323803,-0.946058,-0.862226,-0.475409,-0.174713,-0.506362,0.817601,0.27414,0.037392,0.011194,-0.060937,0.521358,-0.866124,0.684331,-1.916662,-0.184481,0.051841,0.304908,0.314477,0.005447,0.949245,-0.652115,0.727834,0.211985,-0.690103,-0.685679,0.231227,0.037508,0.039789,-0.002902,-0.399068,0.313343,-0.590744,-0.093336,0.027002,0.048285,-0.02422,-0.308291,0.006,0.951272,0.494004,-0.853565,0.165482,0.812967,0.52095,0.260182,0.018752,0.020328,-0.001086,-0.390526,0.36982,-0.657985,-0.216648,0.06883,0.028696,-0.075928,-0.055692,0.375614,-0.925101,-0.748932,-0.628461,-0.210085,-0.660301,0.681138,0.31631,0.01185,0.00641,-0.029938,1.470492,-1.779617,2.09499,-0.890279
7,0.110207,0.008906,0.331442,0.008797,0.298702,-0.95433,-0.819795,-0.544275,-0.177969,-0.572597,0.783547,0.241274,0.02408,0.014527,-0.058531,0.570364,-0.710514,-0.066197,-1.916984,-0.182874,0.053282,0.305003,0.300209,0.03688,0.953156,-0.730251,0.651675,0.204907,-0.613939,-0.757592,0.221353,0.050695,0.031595,0.005879,-1.650981,-0.185024,0.0247,-0.165421,0.027768,0.048984,-0.024169,-0.300373,-0.02803,0.953409,0.581418,-0.797773,0.159722,0.756127,0.602306,0.255926,0.01899,0.016008,0.003589,-0.650349,0.519646,0.297701,-0.29862,0.069374,0.028908,-0.077075,-0.054323,0.352824,-0.93411,-0.694434,-0.685559,-0.218559,-0.717502,0.636805,0.282255,0.01203,0.007095,-0.029393,5.385251,0.177401,-1.505887,-0.895831
8,0.111381,0.00956,0.329211,-0.001959,0.274045,-0.961739,-0.765977,-0.618632,-0.174773,-0.642864,0.735985,0.21232,0.025138,0.018788,-0.054862,1.687751,-0.61009,-0.572853,-1.918026,-0.180835,0.054533,0.305261,0.276762,0.062225,0.958917,-0.791512,0.580518,0.190895,-0.545109,-0.811891,0.208692,0.063747,0.020925,0.012478,-0.479103,-0.081291,-0.067348,-0.25456,0.028801,0.049635,-0.024038,-0.282398,-0.057478,0.957573,0.659815,-0.736223,0.150395,0.696343,0.674293,0.245833,0.025192,0.016643,0.003539,-1.577598,-0.323785,-0.315589,-0.386143,0.069974,0.029233,-0.078219,-0.059923,0.327321,-0.94301,-0.626686,-0.747662,-0.219693,-0.776964,0.577807,0.24993,0.012494,0.009003,-0.027788,5.420735,0.010184,-1.465045,-0.893055
9,0.112498,0.010483,0.327079,-0.003048,0.243418,-0.96994,-0.729841,-0.66356,-0.16429,-0.683609,0.707097,0.180886,0.026284,0.023592,-0.050604,1.684043,-0.804241,-0.635759,-1.918183,-0.178168,0.05547,0.305588,0.259372,0.079812,0.96247,-0.83569,0.517973,0.182373,-0.484275,-0.851712,0.199818,0.076011,0.018819,0.009524,-0.143854,-0.027821,0.034855,-0.28577,0.03013,0.05011,-0.023867,-0.268932,-0.078435,0.959959,0.715812,-0.683131,0.144718,0.644428,0.72607,0.23986,0.0313,0.015043,0.001601,-0.465147,0.030262,-0.20017,-0.436437,0.070531,0.02969,-0.079289,-0.055144,0.297925,-0.952994,-0.582261,-0.784955,-0.2117,-0.811129,0.543218,0.216756,0.013562,0.017494,-0.029256,5.493228,0.292458,-1.015754,-0.905139
10,0.113059,0.011036,0.326109,-0.004033,0.229066,-0.973426,-0.717438,-0.678725,-0.156799,-0.696609,0.697453,0.168289,0.027206,0.02753,-0.047047,0.103692,-0.793083,-0.122815,-1.91784,-0.176737,0.055854,0.305739,0.253923,0.087649,0.96324,-0.853865,0.488016,0.180803,-0.454521,-0.868479,0.19753,0.075843,0.018017,0.008759,-0.479512,-0.091719,-0.032165,-0.327282,0.030846,0.050303,-0.023791,-0.265205,-0.08711,0.960248,0.739332,-0.657645,0.144533,0.618912,0.748274,0.238814,0.037918,0.008598,0.003992,-1.618771,-0.314886,-0.255979,-0.46338,0.070811,0.029963,-0.079778,-0.052984,0.282055,-0.957933,-0.565687,-0.798996,-0.203969,-0.822915,0.531084,0.201889,0.013606,0.013608,-0.023685,0.0965,-0.935641,-0.243174,-0.903506
11,0.11432,0.012433,0.324324,-0.007348,0.199939,-0.979804,-0.687864,-0.712148,-0.140216,-0.725799,0.67269,0.143983,0.029028,0.035574,-0.039704,-0.048142,-0.485018,-0.659488,-1.918076,-0.173767,0.05652,0.306016,0.246567,0.090856,0.964853,-0.870984,0.457219,0.179644,-0.42511,-0.884761,0.190638,0.088152,0.016938,0.006627,0.023029,0.038395,0.039318,-0.43119,0.032297,0.050629,-0.023655,-0.259204,-0.091842,0.961446,0.762441,-0.630527,0.145321,0.592871,0.770714,0.233459,0.037779,0.008144,0.003514,0.088236,1.811429,-2.051929,-0.550087,0.071429,0.030638,-0.080657,-0.048815,0.255753,-0.965508,-0.52976,-0.826118,-0.192046,-0.846741,0.502114,0.175814,0.02142,0.016951,-0.020466,0.101188,-1.147682,-0.068702,-0.89877
12,0.115474,0.013989,0.322861,-0.003031,0.17794,-0.984059,-0.659954,-0.739642,-0.131765,-0.751302,0.648811,0.120898,0.030001,0.04023,-0.035402,0.575228,-0.696485,-0.19276,-1.917557,-0.170684,0.057226,0.306345,0.246952,0.095439,0.964312,-0.88058,0.437336,0.182345,-0.404609,-0.894284,0.190813,0.08781,0.019465,0.008477,0.00315,0.002003,0.074125,-0.492225,0.033867,0.050985,-0.023491,-0.259934,-0.096255,0.960816,0.775832,-0.613225,0.148456,0.574907,0.784021,0.234076,0.037613,0.010015,0.004945,0.019357,-0.132478,0.225351,-0.630426,0.072018,0.031436,-0.081405,-0.041926,0.233735,-0.971395,-0.49762,-0.847966,-0.182558,-0.866381,0.475732,0.151863,0.015055,0.020217,-0.017623,1.617792,-0.310119,-1.19684,-0.900077
13,0.116069,0.014745,0.322199,0.003066,0.167785,-0.985842,-0.649647,-0.749095,-0.129566,-0.760241,0.640634,0.10793,0.030148,0.041142,-0.03454,0.131849,-0.826026,-0.122328,-1.918201,-0.169096,0.057624,0.306558,0.247435,0.099179,0.96381,-0.882763,0.432975,0.182193,-0.399521,-0.896002,0.193455,0.075041,0.020427,0.010222,0.07256,-0.322945,0.052874,-0.541514,0.034638,0.051175,-0.02339,-0.260942,-0.098722,0.960293,0.778827,-0.609285,0.148995,0.570383,0.786782,0.235875,0.037513,0.010782,0.005517,0.122009,-0.384343,-0.250699,-0.665534,0.072316,0.031817,-0.081734,-0.034193,0.225288,-0.973691,-0.485221,-0.855474,-0.180896,-0.873722,0.46627,0.138565,0.014751,0.014977,-0.013304,0.103794,-1.075882,-0.310921,-0.898444
14,0.117224,0.016237,0.32102,0.012223,0.146154,-0.989209,-0.638084,-0.760492,-0.120299,-0.769891,0.632484,0.085194,0.030383,0.042745,-0.033019,0.139978,-0.748525,-0.314658,-1.917501,-0.166159,0.058314,0.307205,0.244417,0.104103,0.964061,-0.885701,0.428537,0.178394,-0.394845,-0.897583,0.195716,0.075536,0.014268,0.02135,-0.460894,-0.333969,-0.0054,-0.687943,0.036106,0.051518,-0.023079,-0.259119,-0.104762,0.960146,0.781439,-0.60698,0.144662,0.567635,0.787781,0.239145,0.037826,0.007116,0.010718,-5.288754,-1.281183,-1.036108,-0.778367,0.072884,0.032554,-0.08231,-0.021424,0.206999,-0.978106,-0.471745,-0.864664,-0.172659,-0.881474,0.457718,0.116175,0.014888,0.015861,-0.012477,0.10228,-0.465806,0.097511,-0.895505
15,0.11826,0.017558,0.319959,0.024237,0.126578,-0.991683,-0.611787,-0.782616,-0.114898,-0.790688,0.609323,0.059704,0.015972,0.033265,-0.023769,0.113433,-0.501769,-0.21882,-1.917337,-0.163508,0.058915,0.308249,0.232701,0.125116,0.964462,-0.900071,0.403223,0.164975,-0.368519,-0.906612,0.205213,0.063499,0.008322,0.033684,0.059103,-0.417049,-0.34738,-0.830229,0.037465,0.051824,-0.022555,-0.252073,-0.127163,0.959316,0.801526,-0.582901,0.133345,0.54223,0.80253,0.248858,0.031724,0.004584,0.017132,0.115284,-0.61648,-0.507788,-0.852175,0.073418,0.033231,-0.082853,-0.004229,0.18849,-0.982065,-0.441374,-0.881588,-0.167304,-0.897313,0.432751,0.086923,0.014832,0.015854,-0.012464,0.1234,-0.713847,-0.085318,-0.891259
16,0.119383,0.018957,0.318998,0.032715,0.09992,-0.99448,-0.585356,-0.80455,-0.100146,-0.810164,0.585273,0.033405,0.043683,0.032768,-0.023628,0.101432,-0.721211,-0.593119,-1.917332,-0.161144,0.059068,0.309684,0.206753,0.150426,0.966756,-0.912195,0.386786,0.13502,-0.353851,-0.909954,0.215953,0.064295,-0.002587,0.040912,0.107112,-0.001745,-1.330147,-0.981897,0.038647,0.051911,-0.021837,-0.23277,-0.156921,0.959788,0.816439,-0.567771,0.105176,0.528436,0.808091,0.260276,0.032162,-0.00189,0.01994,0.180129,1.088614,-2.710567,-0.834376,0.073969,0.033928,-0.083336,0.008511,0.166096,-0.986072,-0.411057,-0.898357,-0.15487,-0.911569,0.40665,0.060629,0.015555,0.023452,-0.014576,0.070585,-0.461183,-1.198858,-0.895178
17,0.120059,0.019719,0.318496,0.038544,0.086973,-0.995488,-0.574043,-0.813469,-0.09335,-0.817973,0.574939,0.01981,0.030052,0.034568,-0.022249,0.126324,-0.92838,-0.236492,-1.917717,-0.160013,0.058896,0.310516,0.190975,0.165827,0.967482,-0.919582,0.374866,0.117386,-0.343424,-0.912284,0.222847,0.051787,-0.00401,0.0408,0.180656,-0.045,-1.437266,-1.056817,0.039217,0.051828,-0.021419,-0.220487,-0.175079,0.959547,0.826074,-0.556606,0.088258,0.518638,0.812118,0.267353,0.026425,-0.007898,0.023765,0.350087,1.149464,-2.968423,-0.856094,0.074313,0.034311,-0.083585,0.016644,0.154199,-0.987899,-0.398194,-0.90528,-0.148012,-0.917149,0.39584,0.046334,0.0219,0.016761,-0.011484,0.12057,-1.024099,-0.219451,-0.879339
18,0.121301,0.021216,0.317519,0.047953,0.062575,-0.99691,-0.560994,-0.824047,-0.078762,-0.826497,0.562956,-0.003171,0.030772,0.046771,-0.029171,0.157096,-0.616791,0.03884,-1.917381,-0.157874,0.058009,0.312414,0.164766,0.197001,0.966454,-0.931407,0.353365,0.08688,-0.324578,-0.914704,0.240478,0.05533,-0.042495,0.058723,-0.011841,-0.515564,-1.084969,-1.129574,0.040285,0.051403,-0.020473,-0.200528,-0.210264,0.956857,0.841953,-0.536359,0.058586,0.500901,0.817378,0.284588,0.020841,-0.015956,0.025996,-0.081131,-0.213608,-0.591212,-0.860992,0.074945,0.035073,-0.084081,0.032379,0.130246,-0.990952,-0.383188,-0.914093,-0.132665,-0.923102,0.384017,0.020311,0.015405,0.023377,-0.014607,0.146973,-0.546346,0.100082,-0.880972
19,0.12242,0.022948,0.31654,0.049301,0.031706,-0.998303,-0.547748,-0.834906,-0.05362,-0.835259,0.549419,-0.022553,0.030566,0.038348,-0.018752,0.099779,0.919364,-2.297483,-1.91769,-0.156069,0.056363,0.314611,0.14111,0.216033,0.966131,-0.936999,0.344036,0.060046,-0.319563,-0.913988,0.249737,0.044334,-0.058013,0.063938,-0.207628,0.040908,-0.685268,-1.169503,0.041208,0.050566,-0.019351,-0.18031,-0.236598,0.95473,0.849469,-0.52679,0.029883,0.495872,0.816403,0.295968,0.022143,-0.02921,0.031783,-0.230575,0.125774,-0.61666,-0.879608,0.075492,0.035921,-0.084567,0.041652,0.102551,-0.993854,-0.367968,-0.923226,-0.110685,-0.928904,0.370317,-0.000719,0.008914,0.025775,-0.012522,0.167492,-0.653011,-0.279796,-0.868072
609,0.145479,0.034288,0.33545,-0.632772,0.051099,-0.772679,-0.51692,-0.770827,0.372278,-0.575799,0.634914,0.515139,-0.014022,-0.007655,-0.005549,-0.000103,0.02666,-0.04836,0.064746,-0.195141,0.063786,0.390833,-0.062554,0.954842,0.290442,-0.975675,-0.119623,0.183527,0.210073,-0.273095,0.938697,-0.003183,0.020513,-0.043944,-0.248523,0.455498,0.30845,-0.275745,0.021672,0.054274,0.018775,-0.128483,-0.962699,0.23812,0.980282,-0.086939,0.177445,-0.150124,0.256224,0.954888,0.003957,0.009748,-0.022586,-0.257296,0.468137,0.383558,-0.454072,0.087041,0.041619,-0.075109,-0.631921,-0.030402,-0.774436,-0.350229,-0.880185,0.320332,-0.691386,0.473655,0.54556,-0.013284,0.002334,-0.006202,0.036848,0.018814,-0.053903,-0.117262
610,0.14456,0.034411,0.334896,-0.627173,0.080769,-0.774709,-0.552682,-0.746992,0.369481,-0.548085,0.659794,0.514102,-0.026673,0.013088,-0.022415,-0.320868,0.215288,0.184363,0.063463,-0.194984,0.064708,0.388806,-0.051169,0.952852,0.299076,-0.975417,-0.11181,0.189723,0.214293,-0.283212,0.934737,0.007078,0.024441,-0.056137,-0.147725,0.360595,0.283886,-0.254835,0.021747,0.054737,0.017768,-0.139604,-0.958812,0.247364,0.978383,-0.095075,0.183646,-0.152564,0.267654,0.951359,0.003566,0.01217,-0.028092,-0.306813,0.527511,0.341934,-0.441172,0.086596,0.041673,-0.075374,-0.632302,-0.001163,-0.77472,-0.388722,-0.86453,0.318561,-0.670141,0.502578,0.546192,-0.013497,0.001002,-0.007185,-4.287294,2.084673,2.790303,-0.112036
611,0.143988,0.034545,0.334552,-0.6206,0.103068,-0.777353,-0.579591,-0.728011,0.366122,-0.52742,0.677632,0.512514,-0.040009,0.001985,-0.014323,-0.360842,0.217366,0.182808,0.054472,-0.194835,0.06512,0.387742,-0.045666,0.951726,0.303519,-0.975239,-0.108142,0.192739,0.216326,-0.288396,0.932681,0.006937,0.021781,-0.057216,-0.174434,0.391352,0.304712,-0.243671,0.021824,0.054951,0.017215,-0.144975,-0.95677,0.252136,0.977439,-0.098929,0.186614,-0.153603,0.273502,0.949527,0.003481,0.010536,-0.028759,-0.243482,0.457429,0.31617,-0.432518,0.086305,0.041743,-0.075556,-0.630429,0.022957,-0.775907,-0.419996,-0.850703,0.316079,-0.652811,0.525143,0.54595,-0.013432,0.005801,-0.011758,-1.254281,0.620451,0.856922,-0.118241
612,0.142413,0.035067,0.333559,-0.604816,0.149114,-0.782309,-0.640885,-0.67426,0.366893,-0.472025,0.723086,0.504347,-0.053095,0.010742,-0.023956,-4.400637,1.937156,2.565847,0.058626,-0.194326,0.065787,0.385446,-0.03159,0.947679,0.317644,-0.974541,-0.099633,0.200693,0.221891,-0.304405,0.926264,0.017766,0.015659,-0.06059,-0.287033,0.522148,0.395863,-0.214614,0.022071,0.055279,0.01609,-0.157336,-0.95101,0.266127,0.975212,-0.107167,0.193587,-0.155583,0.289989,0.944298,0.008919,0.007874,-0.030283,-0.310223,0.551716,0.477386,-0.409657,0.085522,0.042002,-0.076048,-0.624348,0.068222,-0.77816,-0.486837,-0.81303,0.319329,-0.610882,0.578211,0.540827,-0.019906,0.010507,-0.016313,-0.147443,-0.137382,-0.125604,-0.125589
613,0.140375,0.035596,0.332426,-0.58096,0.211307,-0.786053,-0.717156,-0.589638,0.371465,-0.384278,0.779265,0.49508,-0.05356,0.008162,-0.026035,-4.795306,2.130533,2.74126,0.077879,-0.193488,0.066303,0.38308,-0.019164,0.94139,0.336763,-0.975537,-0.091228,0.199845,0.21889,-0.325875,0.91965,0.028866,0.01325,-0.062466,-0.076152,0.199336,0.450516,-0.196243,0.022479,0.05553,0.014929,-0.168671,-0.943176,0.286301,0.974387,-0.115725,0.19281,-0.148721,0.31149,0.938538,0.01472,0.001343,-0.02695,-0.183305,0.694039,0.270757,-0.385164,0.084503,0.042266,-0.076615,-0.613862,0.133761,-0.777997,-0.578726,-0.74653,0.32828,-0.536888,0.651767,0.535677,-0.033016,0.010177,-0.016479,-1.383945,0.508765,0.571559,-0.112853
614,0.137874,0.035931,0.331279,-0.552029,0.278961,-0.785805,-0.784479,-0.493177,0.375953,-0.281984,0.823638,0.49207,-0.067281,0.005003,-0.028534,-1.398297,0.578623,0.849952,0.103923,-0.192383,0.06647,0.380916,-0.009891,0.937585,0.347604,-0.976925,-0.08307,0.196596,0.213224,-0.338814,0.916299,0.030016,-0.008426,-0.045722,-0.005457,0.020497,0.305775,-0.196652,0.023038,0.05562,0.013815,-0.177788,-0.937861,0.298004,0.973938,-0.124355,0.189683,-0.140838,0.323961,0.935528,0.014791,0.001341,-0.027025,0.007466,0.099614,0.192315,-0.376999,0.083258,0.042437,-0.077186,-0.598922,0.208458,-0.773198,-0.667453,-0.663448,0.338143,-0.442489,0.718596,0.53649,-0.040158,0.002306,-0.014281,-4.709427,2.207789,2.88286,-0.075949
615,0.136429,0.03598,0.330723,-0.528029,0.319528,-0.78685,-0.820069,-0.432608,0.374578,-0.220059,0.842662,0.491448,-0.068204,-0.008292,-0.022464,-4.747801,2.266592,2.944754,0.111771,-0.191724,0.066467,0.379939,-0.006856,0.936205,0.351376,-0.977846,-0.079632,0.193418,0.20908,-0.343439,0.915532,0.041445,-0.005269,-0.045204,0.09612,-0.122782,0.286327,-0.197262,0.023363,0.055611,0.013324,-0.180709,-0.936007,0.302048,0.974098,-0.127884,0.186484,-0.135924,0.327924,0.934873,0.015144,-0.002948,-0.022362,0.114267,-0.033723,0.056623,-0.376509,0.082536,0.042466,-0.077466,-0.5845,0.250635,-0.771712,-0.711929,-0.614685,0.339584,-0.389249,0.747892,0.537718,-0.040273,0.002244,-0.014464,-1.368834,0.693523,0.848718,-0.062233
616,0.133125,0.035883,0.329715,-0.477955,0.388366,-0.787894,-0.871715,-0.320156,0.370926,-0.107606,0.863622,0.49255,-0.09465,-0.006914,-0.021633,-1.250232,0.810979,0.929171,0.132003,-0.190281,0.066382,0.378229,-0.010348,0.933897,0.35738,-0.977451,-0.08467,0.193275,0.210782,-0.348491,0.913229,0.041812,-0.001325,-0.043579,-0.002261,0.076057,0.180076,-0.196764,0.024084,0.055566,0.012468,-0.176453,-0.935017,0.30758,0.974818,-0.122712,0.1862,-0.136356,0.33269,0.933125,0.020934,-0.000622,-0.021792,-0.043587,0.128343,0.173149,-0.376509,0.080894,0.042415,-0.077973,-0.548488,0.330528,-0.768056,-0.787981,-0.51161,0.342549,-0.279723,0.793099,0.541062,-0.047285,-0.003637,-0.010881,-4.396266,1.919189,3.723664,-0.037413
617,0.129205,0.035785,0.328753,-0.429724,0.435377,-0.791094,-0.902728,-0.227604,0.365035,-0.0206,0.870467,0.491823,-0.107494,0.006163,-0.028414,-4.406942,2.122484,2.701506,0.158999,-0.188748,0.066144,0.376858,-0.019692,0.93424,0.356089,-0.977096,-0.093303,0.191081,0.211775,-0.34534,0.914196,0.04281,-0.005716,-0.032403,0.077451,-0.055375,0.102462,-0.197136,0.02485,0.055444,0.011776,-0.16755,-0.937101,0.306214,0.976165,-0.114235,0.18453,-0.137943,0.329834,0.933906,0.016078,-0.008681,-0.011842,0.027267,0.086406,-0.142322,-0.376509,0.078938,0.042359,-0.078454,-0.511836,0.385064,-0.76795,-0.835609,-0.430686,0.340976,-0.199449,0.816231,0.542204,-0.054103,-0.002979,-0.010615,-0.360399,0.122225,0.284971,-0.002305
618,0.126968,0.035775,0.328259,-0.411198,0.447478,-0.794182,-0.911536,-0.195664,0.361648,0.006942,0.87208,0.489342,-0.107817,0.006026,-0.028796,-0.334177,0.195505,0.137921,0.170692,-0.187965,0.065964,0.376317,-0.024601,0.934278,0.355683,-0.976779,-0.098053,0.19032,0.21273,-0.343913,0.914513,0.043567,-0.014235,-0.023045,0.041106,-0.043196,0.085102,-0.197378,0.025242,0.055357,0.011502,-0.162691,-0.938117,0.305724,0.976816,-0.109442,0.183989,-0.139144,0.32857,0.934173,0.015887,-0.00158,-0.015272,0.073781,-0.025761,0.046211,-0.376836,0.077866,0.042356,-0.078693,-0.494725,0.402829,-0.770048,-0.852435,-0.397365,0.339784,-0.169116,0.824516,0.539973,-0.053779,0.003344,-0.014068,-4.352849,1.97366,2.656409,0.013371
619,0.122524,0.035919,0.327346,-0.382772,0.46791,-0.796612,-0.922249,-0.142698,0.359257,0.054895,0.871609,0.487146,-0.120753,0.01044,-0.025876,-1.261682,0.514371,0.829404,0.20949,-0.186435,0.065456,0.375468,-0.030077,0.933367,0.357648,-0.976812,-0.103171,0.187422,0.211881,-0.344887,0.914343,0.03254,-0.01238,-0.021502,0.038629,-0.028033,0.054859,-0.195657,0.026011,0.055108,0.01108,-0.157072,-0.938441,0.307662,0.977878,-0.104214,0.181363,-0.138136,0.329343,0.93405,0.02192,-0.006302,-0.011225,0.039085,-0.044745,0.080358,-0.376183,0.075602,0.042421,-0.079161,-0.471222,0.428579,-0.770888,-0.873521,-0.347766,0.340616,-0.122108,0.833893,0.538248,-0.060325,0.005205,-0.012896,-4.349086,1.902852,2.710288,0.052887
620,0.117662,0.036104,0.326504,-0.363391,0.481147,-0.797803,-0.927477,-0.105871,0.358539,0.088492,0.869638,0.485723,-0.121917,0.000239,-0.017903,-1.295979,0.52882,0.80896,0.256116,-0.18488,0.064834,0.374632,-0.031438,0.929447,0.367602,-0.978671,-0.103167,0.177463,0.202918,-0.355347,0.912369,0.043948,-0.015501,-0.023868,0.49942,0.590381,-0.245293,-0.192408,0.026785,0.054807,0.010666,-0.155108,-0.935599,0.317166,0.979593,-0.104122,0.171916,-0.127821,0.337359,0.932657,0.016331,-0.007471,-0.011453,1.567283,2.027114,-0.964747,-0.374876,0.073171,0.042518,-0.079585,-0.45496,0.445445,-0.771095,-0.886057,-0.312932,0.342015,-0.088952,0.838838,0.537062,-0.067387,0.001003,-0.008255,-4.38288,1.925127,2.651135,0.114284
621,0.112772,0.036098,0.325913,-0.345993,0.494362,-0.797459,-0.930908,-0.074755,0.357484,0.117537,0.865436,0.487067,-0.12212,0.002546,-0.016657,-4.175148,2.330408,2.748983,0.291377,-0.18322,0.06405,0.373655,-0.02999,0.92783,0.371785,-0.979975,-0.100381,0.171771,0.196744,-0.360351,0.911758,0.044059,-0.022774,-0.027493,0.509684,0.489777,-0.073645,-0.180774,0.027632,0.054417,0.010173,-0.156034,-0.933823,0.321911,0.980394,-0.106714,0.165644,-0.12033,0.341446,0.932166,0.022035,-0.011774,-0.013959,0.557765,0.554412,-0.102806,-0.366712,0.070727,0.042514,-0.079881,-0.443042,0.458488,-0.77039,-0.89427,-0.286594,0.343721,-0.063198,0.84122,0.536986,-0.06151,-0.004537,-0.004531,0.386349,0.479196,0.350391,0.169477
622,0.110365,0.03596,0.325739,-0.335419,0.502183,-0.79709,-0.931968,-0.053234,0.358572,0.138048,0.862512,0.48687,-0.124085,-0.019099,-0.000793,-1.362031,0.570492,0.783516,0.30651,-0.182397,0.06359,0.373051,-0.028437,0.925779,0.376985,-0.98046,-0.099109,0.169733,0.194545,-0.365951,0.909997,0.044148,-0.026878,-0.029591,0.190137,0.941688,-0.044502,-0.177485,0.028027,0.054199,0.009882,-0.155982,-0.932627,0.325384,0.98089,-0.107468,0.162185,-0.11629,0.344464,0.931568,0.022073,-0.013557,-0.014907,1.197544,2.429668,-0.6926,-0.362466,0.069524,0.042452,-0.079975,-0.431757,0.471716,-0.768809,-0.901137,-0.26262,0.344936,-0.039194,0.841732,0.53847,-0.061456,-0.003532,-0.0039,-4.427188,2.031998,2.50365,0.192174
623,0.105656,0.035619,0.325539,-0.291158,0.533572,-0.794086,-0.935249,0.015979,0.353588,0.20171,0.844958,0.495363,-0.111169,-0.017951,-0.000166,-4.433349,2.135791,2.935928,0.344167,-0.180704,0.062597,0.371714,-0.030119,0.920148,0.390399,-0.982872,-0.098138,0.155772,0.181696,-0.380172,0.906818,0.043793,-0.016802,-0.038573,0.21215,0.148341,-0.012228,-0.177613,0.028856,0.0537,0.009224,-0.154311,-0.927443,0.34064,0.982732,-0.108447,0.149918,-0.102099,0.357892,0.928164,0.022242,-0.014855,-0.015683,1.547155,2.050782,-0.972878,-0.358874,0.067164,0.04228,-0.080076,-0.396742,0.509513,-0.763538,-0.917643,-0.199375,0.343773,0.022926,0.837045,0.546652,-0.061434,-0.00172,-0.002663,-0.276585,0.322511,0.37255,0.240508
624,0.101478,0.035278,0.325356,-0.234111,0.565829,-0.790617,-0.936969,0.08568,0.338701,0.259673,0.819377,0.511094,-0.097165,-0.006271,-0.007713,-0.995744,0.967372,1.237251,0.360325,-0.178984,0.061679,0.370461,-0.029292,0.914586,0.40332,-0.985471,-0.093781,0.141374,0.167172,-0.394463,0.903502,0.044885,-0.024128,-0.028838,0.18523,0.072429,0.115818,-0.179859,0.029715,0.053232,0.008589,-0.153972,-0.922553,0.353817,0.984415,-0.112437,0.135221,-0.084966,0.369123,0.925487,0.02245,-0.011787,-0.01432,1.547001,1.947499,-0.767,-0.358874,0.065071,0.042107,-0.080163,-0.346042,0.553304,-0.757699,-0.933996,-0.126624,0.334091,0.088911,0.823298,0.560601,-0.048421,-0.002632,-0.003473,-3.913138,2.45195,3.362286,0.280841
625,0.099861,0.035098,0.325243,-0.208582,0.577332,-0.789447,-0.937083,0.113101,0.330235,0.280196,0.807944,0.518405,-0.083801,-0.006383,-0.007623,-0.159066,0.414735,0.612319,0.357714,-0.178201,0.061333,0.369965,-0.028394,0.911925,0.409363,-0.986677,-0.091018,0.134601,0.160054,-0.401228,0.90181,0.04506,-0.017046,-0.025406,0.093788,-0.08923,0.227999,-0.182154,0.030124,0.053039,0.008325,-0.154052,-0.919884,0.360665,0.985132,-0.114905,0.127713,-0.076039,0.374978,0.923909,0.022545,-0.008918,-0.012925,0.188617,0.060909,0.139438,-0.36018,0.064256,0.042015,-0.080222,-0.322093,0.570848,-0.755239,-0.940039,-0.098333,0.326581,0.112163,0.815145,0.568292,-0.042534,-0.009199,-0.000198,-1.080186,0.89159,1.248766,0.288515
626,0.09722,0.034765,0.324904,-0.168637,0.595451,-0.785522,-0.939009,0.145285,0.311651,0.299902,0.789431,0.535616,-0.057133,-0.007627,-0.008143,0.320658,0.465686,0.382409,0.326038,-0.176582,0.061018,0.369032,-0.029387,0.902343,0.430006,-0.989765,-0.086175,0.113459,0.139485,-0.423398,0.895065,0.03376,-0.007673,-0.020008,0.500801,0.508264,-0.071723,-0.183708,0.030937,0.052876,0.007855,-0.151372,-0.912019,0.381191,0.98711,-0.1192,0.106789,-0.051956,0.392443,0.918307,0.022255,0.002532,-0.014102,1.571512,1.950959,-0.711324,-0.362466,0.062946,0.04185,-0.080389,-0.287349,0.595306,-0.750359,-0.948104,-0.06545,0.311149,0.136118,0.800828,0.583219,-0.022067,-0.005074,-0.004867,-0.064728,0.097719,0.211597,0.270717
627,0.095653,0.034452,0.324593,-0.146361,0.61285,-0.776556,-0.937699,0.164129,0.306192,0.315281,0.772232,0.551618,-0.030121,-0.008664,-0.008289,0.248378,0.442444,0.154849,0.278661,-0.174999,0.061117,0.368049,-0.025477,0.891058,0.453165,-0.991727,-0.079368,0.10056,0.125617,-0.447967,0.885104,0.044568,0.006776,-0.027281,-0.054045,-0.024977,0.399115,-0.186102,0.031725,0.052928,0.00737,-0.152366,-0.901316,0.405478,0.987775,-0.125204,0.092865,-0.032933,0.414671,0.909374,0.022305,0.002988,-0.013869,-0.1353,0.13163,0.244395,-0.363936,0.06212,0.041687,-0.08055,-0.268349,0.616991,-0.739804,-0.950854,-0.046494,0.306127,0.154481,0.785595,0.599145,-0.014985,-0.0041,-0.003906,0.304806,0.490193,0.194322,0.217647
628,0.094754,0.034268,0.324435,-0.1304,0.638542,-0.758489,-0.928791,0.189018,0.318735,0.347051,0.745251,0.569372,-0.014422,-0.0021,-0.002261,-0.282252,0.67123,-0.489792,0.256151,-0.173538,0.061486,0.366848,-0.022371,0.889107,0.457143,-0.992372,-0.07498,0.097517,0.121022,-0.452584,0.883394,0.021582,0.004854,-0.02668,-0.046958,0.098397,0.129726,-0.186993,0.032464,0.053119,0.006773,-0.155284,-0.899095,0.409285,0.987485,-0.129716,0.089701,-0.027559,0.418092,0.907986,0.016156,0.00858,-0.0175,-0.076968,0.227931,0.038409,-0.366059,0.061674,0.041588,-0.080635,-0.256796,0.644375,-0.720301,-0.947527,-0.021042,0.31898,0.190387,0.764418,0.615967,-0.007185,-0.001058,-0.001126,-1.055483,2.160074,-1.846219,0.167844
629,0.094564,0.034256,0.324419,-0.127266,0.65049,-0.748806,-0.924786,0.195119,0.326605,0.358712,0.733247,0.577669,-0.013557,0.00077,0.000196,-0.055343,0.193835,-0.194471,0.257886,-0.173047,0.06174,0.366269,-0.021083,0.888186,0.458992,-0.992371,-0.074152,0.098156,0.121257,-0.45453,0.882362,0.020711,0.0199,-0.032735,-0.02281,0.179252,0.005346,-0.187104,0.03271,0.053235,0.006483,-0.15651,-0.898005,0.411204,0.987292,-0.130645,0.09047,-0.027521,0.420138,0.907041,0.010801,0.004071,-0.012518,-0.091396,0.126855,0.181171,-0.366222,0.061579,0.041582,-0.080642,-0.256446,0.656382,-0.709505,-0.944633,-0.014738,0.327796,0.204703,0.754284,0.62382,-0.000178,-0.000593,-0.000487,-0.245937,0.713187,-0.825863,0.159516
630,0.09474,0.034397,0.32453,-0.121681,0.669283,-0.733007,-0.919212,0.202662,0.337563,0.374625,0.714036,0.59147,0.015204,0.004701,0.004482,0.031409,0.12795,-0.080158,0.260446,-0.172135,0.062398,0.365225,-0.015743,0.886047,0.463319,-0.992183,-0.070994,0.102303,0.123571,-0.459193,0.879623,0.021472,0.014436,-0.02173,0.026618,0.011346,0.104241,-0.18735,0.033174,0.053569,0.005947,-0.16163,-0.89482,0.41614,0.98642,-0.13403,0.094924,-0.029164,0.425832,0.904332,0.010752,0.00754,-0.010717,0.069817,-0.025583,0.088029,-0.366875,0.061661,0.04165,-0.080588,-0.254967,0.674884,-0.692475,-0.940608,-0.00709,0.339418,0.224158,0.737889,0.63661,0.00773,0.002781,0.002617,0.014666,0.094896,-0.088491,0.159026
631,0.095322,0.034813,0.324925,-0.106244,0.686917,-0.718959,-0.911842,0.221073,0.345894,0.39667,0.691476,0.603772,0.018177,0.014714,0.01297,-4.006692,2.283066,2.967415,0.245442,-0.171419,0.063088,0.364285,-0.024978,0.887074,0.460942,-0.99049,-0.08416,0.10854,0.135121,-0.454954,0.880126,0.009954,0.012932,-0.021675,0.017543,-0.062585,0.080258,-0.190082,0.033528,0.053918,0.005489,-0.15273,-0.897593,0.41352,0.987405,-0.121118,0.101788,-0.04128,0.423858,0.904787,0.010753,0.006768,-0.011098,-0.050107,-0.252261,0.169247,-0.368018,0.061945,0.04185,-0.080397,-0.246905,0.692742,-0.677602,-0.937409,0.00645,0.348168,0.245561,0.721156,0.647791,0.009006,0.007081,0.006253,-0.234611,0.712185,-0.729567,0.148249
632,0.09564,0.035134,0.325243,-0.098039,0.693677,-0.713615,-0.912345,0.223791,0.342805,0.397614,0.683812,0.611826,0.006428,0.021462,0.018202,0.25717,0.539734,0.002231,0.235282,-0.171162,0.063305,0.363871,-0.028181,0.886334,0.462179,-0.989951,-0.088644,0.109881,0.13841,-0.455544,0.87931,0.010834,0.001404,-0.013869,-0.194896,0.217802,0.186304,-0.192472,0.033653,0.054027,0.005288,-0.148385,-0.898302,0.413563,0.987987,-0.116407,0.101639,-0.043161,0.423676,0.904784,0.004993,0.006361,-0.010904,-0.418871,0.443056,0.33411,-0.369488,0.062108,0.042008,-0.08024,-0.237684,0.701279,-0.672095,-0.937791,0.014612,0.346892,0.253089,0.712736,0.65418,0.009737,0.009591,0.00835,0.419351,0.722738,0.126497,0.137635
633,0.096184,0.035909,0.32619,-0.072132,0.713238,-0.697233,-0.913079,0.234094,0.333854,0.40142,0.659827,0.63523,0.02026,0.014649,0.029897,0.53435,0.955971,0.306023,0.203715,-0.170857,0.063462,0.363308,-0.025449,0.886857,0.461333,-0.989778,-0.086933,0.112765,0.140157,-0.454855,0.87939,0.010802,0.003499,-0.012784,-1.471817,-2.062269,1.109938,-0.196249,0.033809,0.054106,0.004996,-0.150986,-0.896823,0.415825,0.987552,-0.118085,0.103901,-0.044078,0.426337,0.903489,-0.000356,0.001833,-0.005952,-0.105683,0.140554,0.087563,-0.373243,0.062376,0.042402,-0.079768,-0.217317,0.723942,-0.654736,-0.940291,0.024755,0.339468,0.261963,0.689415,0.675337,0.003851,0.009251,0.016366,0.282097,0.510323,0.196525,0.104813
634,0.09667,0.036853,0.327558,-0.042532,0.734774,-0.67701,-0.914682,0.24398,0.322182,0.401956,0.632042,0.662556,0.008785,0.014857,0.04644,0.171351,1.112188,0.633165,0.180766,-0.170637,0.063365,0.363086,-0.024711,0.887953,0.459261,-0.989648,-0.086496,0.114236,0.141205,-0.452792,0.880286,0.011619,-0.003917,-0.002857,0.002026,-0.015187,0.029258,-0.196155,0.033919,0.05406,0.004881,-0.153096,-0.898436,0.41155,0.987075,-0.119066,0.107263,-0.047368,0.422653,0.905052,4.5e-05,-0.002007,-0.001055,0.003408,0.000675,-0.00219,-0.374713,0.062623,0.042872,-0.079091,-0.192599,0.750011,-0.632762,-0.944093,0.0342,0.327897,0.267566,0.66054,0.701494,0.004955,0.013104,0.019374,-0.907255,1.097715,1.129336,0.063011
635,0.097153,0.037706,0.329282,-0.016944,0.756463,-0.653851,-0.914986,0.251944,0.315114,0.403122,0.602666,0.688703,0.010004,0.019238,0.049552,0.390238,0.88847,0.013441,0.176224,-0.170631,0.06319,0.363046,-0.025501,0.887623,0.459854,-0.989598,-0.087365,0.114007,0.141416,-0.453271,0.880005,6.3e-05,-0.003189,-0.001671,-0.001824,0.015508,-0.024219,-0.196867,0.033926,0.053974,0.004861,-0.152248,-0.898307,0.412146,0.987202,-0.118198,0.107053,-0.047451,0.42317,0.904806,2.1e-05,-0.001,-0.000526,-0.000103,-3.4e-05,-0.000343,-0.374876,0.062866,0.043302,-0.078227,-0.170805,0.775336,-0.608012,-0.946149,0.043164,0.320839,0.275002,0.630071,0.726211,0.005013,0.009715,0.024862,0.404741,0.928671,0.055017,0.044886
636,0.097405,0.038061,0.330255,-0.00461,0.766769,-0.641941,-0.913572,0.257834,0.31445,0.406626,0.58696,0.700115,0.010267,0.020279,0.050126,0.354364,0.833098,-0.026087,0.180892,-0.170664,0.063141,0.363043,-0.025374,0.888504,0.458157,-0.989379,-0.087739,0.115609,0.142963,-0.451466,0.880683,-0.01151,-0.001933,-0.000204,-0.002137,0.015064,-0.029179,-0.196912,0.03391,0.053946,0.004858,-0.152544,-0.899067,0.410376,0.987062,-0.117856,0.108704,-0.049367,0.421649,0.905414,-0.005756,-0.00085,-4.1e-05,0.001028,0.019846,-0.03151,-0.374876,0.062993,0.043482,-0.077738,-0.160735,0.787187,-0.595398,-0.945924,0.049351,0.320611,0.281764,0.614736,0.736687,0.005142,0.010239,0.025153,0.362226,0.863229,0.011964,0.044233
637,0.097951,0.038712,0.332317,-0.001623,0.779676,-0.626217,-0.915605,0.250643,0.314353,0.402047,0.572912,0.714253,0.022349,0.008362,0.057106,0.069047,0.397135,-0.078736,0.197389,-0.170715,0.063069,0.362999,-0.031586,0.890961,0.45297,-0.988666,-0.094209,0.116615,0.146626,-0.445265,0.883235,4e-05,-0.002017,-0.001058,9.4e-05,-9.4e-05,-6.7e-05,-0.196203,0.033885,0.053914,0.004838,-0.146893,-0.902443,0.404991,0.987668,-0.111398,0.110006,-0.054159,0.416156,0.907678,2.4e-05,-0.001211,-0.000635,-0.002041,0.005513,0.000359,-0.374386,0.063262,0.043815,-0.076707,-0.15941,0.800108,-0.578286,-0.946807,0.04196,0.319052,0.279541,0.598386,0.750859,0.00538,0.01123,0.025655,0.14179,0.531401,-0.206589,0.058439
638,0.098377,0.039291,0.334572,0.001038,0.786708,-0.617361,-0.916126,0.248256,0.31473,0.400858,0.564279,0.721755,0.010117,0.012954,0.059859,-0.085122,0.110773,-0.07531,0.219316,-0.170766,0.062989,0.362951,-0.036425,0.89177,0.451011,-0.987891,-0.10005,0.118296,0.150676,-0.442354,0.884015,4.2e-05,-0.002165,-0.001136,0.0,-0.0,-0.0,-0.197542,0.033859,0.053876,0.004815,-0.142342,-0.904086,0.402946,0.988072,-0.105624,0.112051,-0.058743,0.41409,0.908338,1.1e-05,-0.000527,-0.000276,0.001955,0.002766,-0.000948,-0.374876,0.063476,0.044098,-0.075603,-0.157867,0.807198,-0.568778,-0.946966,0.039501,0.318894,0.279878,0.588956,0.758154,-0.001409,0.007426,0.030556,-0.126258,0.089588,-0.122833,0.080647
639,0.098498,0.039517,0.335739,0.00507,0.788924,-0.614506,-0.916631,0.249306,0.31242,0.399665,0.560714,0.725186,-0.00246,0.015915,0.061622,-0.004476,0.112045,0.126892,0.236829,-0.170756,0.062966,0.362938,-0.035846,0.89283,0.448955,-0.987694,-0.099899,0.120063,0.152105,-0.440241,0.884825,2.3e-05,-0.001182,-0.000621,-0.424483,-0.644587,0.303121,-0.197687,0.033864,0.053862,0.004807,-0.142822,-0.904635,0.401542,0.987927,-0.105706,0.113244,-0.059999,0.412869,0.908811,2e-06,-0.000681,-0.000383,-1.41594,-2.148727,1.008003,-0.375203,0.063546,0.044216,-0.074996,-0.154819,0.809912,-0.56575,-0.947546,0.04035,0.317062,0.27962,0.585162,0.761182,0.005204,0.007144,0.030307,0.005355,0.108974,0.165037,0.098282
640,0.098661,0.039779,0.338365,0.015293,0.791389,-0.611158,-0.917188,0.254512,0.30653,0.398108,0.554878,0.730511,-0.004081,-0.004415,0.07834,0.120466,0.371673,0.279957,0.259388,-0.170713,0.06293,0.362905,-0.03639,0.89259,0.449388,-0.987669,-0.100455,0.119806,0.15214,-0.440601,0.88464,1.4e-05,-0.00074,-0.000389,0.0,-0.0,-0.0,-0.197243,0.033886,0.053844,0.004791,-0.142525,-0.904781,0.401318,0.987939,-0.105256,0.113558,-0.060505,0.412663,0.908871,9e-06,-0.000498,-0.000262,0.000157,0.000186,5.7e-05,-0.375366,0.063628,0.044353,-0.07369,-0.146403,0.813538,-0.562779,-0.948807,0.045476,0.312564,0.279876,0.579729,0.765233,0.004762,0.002042,0.034318,0.341757,0.534573,0.397852,0.137472
641,0.098773,0.039818,0.341449,0.029437,0.795825,-0.604848,-0.918371,0.260439,0.297889,0.394552,0.54572,0.739287,-0.00271,0.000417,0.081336,0.05247,0.291169,0.222574,0.263263,-0.170642,0.062863,0.362865,-0.036663,0.893273,0.448007,-0.987422,-0.101189,0.12121,0.153666,-0.439043,0.88515,2.9e-05,-0.001476,-0.000776,-0.001033,-0.001564,0.000738,-0.196661,0.033921,0.053812,0.004772,-0.142539,-0.905468,0.399761,0.987823,-0.104692,0.115086,-0.062355,0.411298,0.909365,2.2e-05,-0.001068,-0.000562,-0.008311,-0.012863,0.006343,-0.374876,0.063679,0.04437,-0.07218,-0.132879,0.82078,-0.555573,-0.951502,0.051281,0.303335,0.277462,0.568937,0.77416,-0.001356,0.000347,0.040791,0.174128,0.429414,0.308675,0.154291
642,0.098802,0.039755,0.343017,0.034032,0.797949,-0.601801,-0.921385,0.258323,0.290328,0.387079,0.543621,0.744764,-0.002546,0.001012,0.081461,0.064229,0.305985,0.230976,0.262796,-0.170624,0.062833,0.362848,-0.037022,0.893116,0.44829,-0.987403,-0.101564,0.121056,0.153707,-0.439276,0.885027,1.8e-05,-0.000903,-0.000475,-0.0,-0.0,0.0,-0.196849,0.03393,0.053795,0.004762,-0.142021,-0.905364,0.400181,0.9879,-0.104193,0.114873,-0.062306,0.411653,0.909207,1.1e-05,-0.0005,-0.000264,0.000613,0.000891,-0.000305,-0.374713,0.063698,0.04434,-0.071365,-0.128398,0.823796,-0.552153,-0.954165,0.049151,0.295214,0.270335,0.564751,0.779727,-0.001856,-0.005059,0.044734,0.052059,0.477033,0.075715,0.157067
643,0.098729,0.03952,0.346441,0.049381,0.797328,-0.601561,-0.926971,0.260844,0.269549,0.371765,0.543331,0.752735,-0.002884,-0.007492,0.090726,0.106993,0.422989,0.150024,0.267132,-0.170607,0.062818,0.362839,-0.043538,0.894523,0.444887,-0.986807,-0.107828,0.120493,0.155823,-0.434889,0.886822,0.0,-3e-06,-2e-06,0.004646,-0.004638,-0.003326,-0.196282,0.033939,0.053787,0.004757,-0.135826,-0.90793,0.396502,0.988591,-0.097909,0.114455,-0.065096,0.407525,0.91087,-0.0,5e-05,2.7e-05,-0.013715,0.011519,0.002654,-0.374713,0.063662,0.044226,-0.069657,-0.113472,0.825959,-0.552191,-0.960073,0.051882,0.274894,0.2557,0.561337,0.787094,-0.001656,-0.004333,0.044959,0.268863,0.298308,0.453874,0.160332
644,0.098525,0.039201,0.349792,0.065782,0.786607,-0.613977,-0.93133,0.26928,0.245123,0.35806,0.554716,0.751073,-0.003792,-0.003419,0.077103,1.072588,-1.900009,1.685535,0.284357,-0.17065,0.062808,0.362837,-0.043876,0.894382,0.445137,-0.986786,-0.108179,0.120349,0.155861,-0.435091,0.886717,1.4e-05,-0.000691,-0.000363,1e-06,-1e-06,-1e-06,-0.195961,0.033917,0.053785,0.004758,-0.135538,-0.907803,0.39689,0.98862,-0.097537,0.114517,-0.065247,0.407896,0.910693,8e-06,-0.000446,-0.000235,-0.000334,0.000428,0.00041,-0.37455,0.063565,0.044078,-0.067966,-0.095645,0.821229,-0.562523,-0.965814,0.060226,0.25214,0.240944,0.567409,0.787395,-0.008736,-0.00603,0.043435,-0.096815,0.02186,-0.027394,0.177151
