frame,MLTx,MLTy,MLTz,MLTR1,MLTR2,MLTR3,MLTR4,MLTR5,MLTR6,MLTR7,MLTR8,MLTR9,MLTTVx,MLTTVy,MLTTVz,MLTRVx,MLTRVy,MLTRVz,MLGA,MRTx,MRTy,MRTz,MRTR1,MRTR2,MRTR3,MRTR4,MRTR5,MRTR6,MRTR7,MRTR8,MRTR9,MRTTVx,MRTTVy,MRTTVz,MRTRVx,MRTRVy,MRTRVz,MRGA,SLTx,SLTy,SLTz,SLTR1,SLTR2,SLTR3,SLTR4,SLTR5,SLTR6,SLTR7,SLTR8,SLTR9,SLTTVx,SLTTVy,SLTTVz,SLTRVx,SLTRVy,SLTRVz,SLGA,SRTx,SRTy,SRTz,SRTR1,SRTR2,SRTR3,SRTR4,SRTR5,SRTR6,SRTR7,SRTR8,SRTR9,SRTTVx,SRTTVy,SRTTVz,SRTRVx,SRTRVy,SRTRVz,SRGA
442,0.114058,-0.004449,0.344935,-0.304678,0.661898,-0.684914,-0.832034,-0.5349,-0.14688,-0.463209,0.524295,0.714549,-0.001837,-0.007972,-0.006904,-0.000613,0.014107,-0.025123,-1.421947,-0.129701,0.032636,0.31423,0.643942,0.424321,0.636617,-0.745368,0.535189,0.397409,-0.172877,-0.730946,0.660072,0.013649,-0.001686,0.014404,0.30811,-0.665284,0.02917,0.086751,0.054762,0.035542,-0.019604,-0.650959,-0.340543,0.67844,0.68933,-0.639481,0.34042,0.317922,0.689269,0.651023,0.006815,-0.000829,0.007211,0.338091,-0.68893,0.009191,-0.134839,0.072584,0.022279,-0.067231,-0.416708,0.684185,-0.598536,-0.791737,-0.596682,-0.130849,-0.446661,0.419358,0.790337,-0.000898,-0.003913,-0.003388,-0.00061,0.014097,-0.02512,-0.896158
443,0.114007,-0.004685,0.344663,-0.30487,0.661841,-0.684884,-0.831919,-0.535089,-0.146842,-0.463288,0.524175,0.714585,-0.001572,-0.006814,-0.005917,-0.000612,0.014111,-0.025122,-1.423677,-0.129605,0.032372,0.314802,0.644221,0.452707,0.616462,-0.750218,0.53042,0.394666,-0.149113,-0.717294,0.680528,0.000724,-0.005291,0.01281,0.287393,-0.611917,0.03028,0.165261,0.054809,0.035414,-0.01932,-0.65644,-0.36788,0.658597,0.694706,-0.635107,0.337671,0.294057,0.679192,0.672478,0.006985,-0.00207,0.006123,0.422396,-0.76271,-0.039929,-0.017923,0.072558,0.022157,-0.067371,-0.416911,0.6841,-0.598491,-0.791596,-0.596875,-0.130825,-0.446722,0.419221,0.790375,-0.000769,-0.003355,-0.002912,-0.000617,0.014115,-0.025121,-0.896648
444,0.113935,-0.004839,0.344488,-0.305043,0.66179,-0.684856,-0.831834,-0.535237,-0.14678,-0.463326,0.524087,0.714625,-0.000728,-0.003152,-0.002742,0.0,0.0,0.0,-1.422479,-0.12954,0.032113,0.315331,0.649662,0.468661,0.598571,-0.747156,0.538512,0.389484,-0.140606,-0.700839,0.699226,0.000542,-0.003984,0.013943,0.274453,-0.58365,0.052736,0.26253,0.054842,0.03528,-0.01906,-0.665246,-0.382831,0.641004,0.690218,-0.642693,0.332481,0.284685,0.663614,0.691787,0.000269,-0.002049,0.006919,0.383816,-0.696574,-0.028452,0.092135,0.072522,0.022076,-0.067462,-0.417075,0.684032,-0.598454,-0.791494,-0.597019,-0.130783,-0.446748,0.419127,0.790409,-0.000405,-0.001767,-0.001534,2e-06,1.1e-05,2e-06,-0.895831
445,0.113903,-0.004872,0.344432,-0.30508,0.661774,-0.684855,-0.831798,-0.53529,-0.146789,-0.463366,0.524054,0.714624,-0.000524,-0.002268,-0.001974,0.0,0.0,0.0,-1.422769,-0.129534,0.031995,0.31566,0.651072,0.47516,0.591879,-0.746461,0.54162,0.386496,-0.137732,-0.69404,0.706542,0.000387,-0.002857,0.014915,0.33975,-0.659059,-0.007048,0.315868,0.054845,0.03522,-0.018896,-0.668166,-0.388196,0.63471,0.688732,-0.645407,0.330298,0.281426,0.657839,0.698603,0.000171,-0.001344,0.007529,0.315643,-0.556835,-0.187805,0.163166,0.072506,0.02206,-0.06749,-0.417111,0.684012,-0.598452,-0.791455,-0.597067,-0.130799,-0.446785,0.41909,0.790408,-0.000234,-0.001021,-0.000888,-3e-06,5e-06,-2e-06,-0.896648
446,0.113882,-0.004868,0.344422,-0.30499,0.661789,-0.684881,-0.83181,-0.535252,-0.146863,-0.463405,0.524074,0.714583,0.000168,0.000728,0.000634,0.0,0.0,0.0,-1.423252,-0.129587,0.031715,0.316262,0.652081,0.485917,0.58195,-0.746359,0.545803,0.380764,-0.133418,-0.683236,0.71781,0.000664,-0.004855,0.013172,0.137446,-0.311329,0.016592,0.391866,0.054818,0.035083,-0.018586,-0.671242,-0.400034,0.624023,0.687848,-0.649887,0.323281,0.276222,0.646233,0.711395,0.000332,-0.002496,0.006528,0.110799,-0.287492,0.032067,0.284328,0.072495,0.022062,-0.067495,-0.417025,0.684037,-0.598483,-0.791475,-0.597025,-0.130868,-0.446829,0.419109,0.790373,0.000122,0.000519,0.000452,8e-06,8e-06,1.2e-05,-0.897137
447,0.113877,-0.004793,0.344487,-0.304811,0.661826,-0.684924,-0.831858,-0.535146,-0.146977,-0.463437,0.524134,0.714518,0.000627,0.002713,0.00236,0.000611,-0.014114,0.025119,-1.422374,-0.129643,0.03153,0.316776,0.649747,0.498772,0.573626,-0.748892,0.548933,0.37117,-0.130558,-0.671371,0.729438,0.000531,-0.003891,0.013997,0.361156,-0.480528,-0.369563,0.431276,0.054791,0.034989,-0.018337,-0.67176,-0.411007,0.616288,0.688734,-0.652844,0.31534,0.272733,0.636292,0.721629,0.000268,-0.002028,0.006929,0.002168,-0.167779,0.121561,0.361564,0.072492,0.022099,-0.067463,-0.416873,0.684088,-0.59853,-0.791534,-0.596927,-0.130957,-0.446866,0.419165,0.790322,0.000209,0.000907,0.00079,-1e-06,8e-06,6e-06,-0.897464
448,0.113905,-0.004724,0.34456,-0.304556,0.661887,-0.684979,-0.831939,-0.53498,-0.147124,-0.463459,0.524228,0.714435,0.000292,0.001265,0.001099,0.0,0.0,0.0,-1.4209,-0.12961,0.031286,0.317346,0.647098,0.507383,0.56905,-0.751506,0.549769,0.364589,-0.128661,-0.664201,0.736306,0.000593,-0.004344,0.013597,0.089043,-0.155061,-0.111598,0.463644,0.054807,0.034868,-0.018051,-0.670236,-0.421672,0.610717,0.691208,-0.654289,0.306815,0.270211,0.627771,0.729992,0.00031,-0.002341,0.006653,0.090713,-0.163164,-0.120718,0.407775,0.072508,0.022138,-0.067422,-0.416611,0.684183,-0.598605,-0.791649,-0.596745,-0.131094,-0.446907,0.41927,0.790243,0.000206,0.000899,0.00078,3e-06,-1.1e-05,-0.0,-0.897301
449,0.113933,-0.004711,0.344599,-0.304438,0.661921,-0.684999,-0.831997,-0.534879,-0.147167,-0.463434,0.524288,0.714408,0.000419,0.001813,0.001576,0.0,0.0,0.0,-1.41945,-0.129549,0.031129,0.317636,0.64607,0.51428,0.564004,-0.752884,0.550421,0.360742,-0.125718,-0.658335,0.742059,0.01385,-0.003197,0.013044,0.196455,-0.2967,-0.180997,0.474991,0.054832,0.034791,-0.017905,-0.670711,-0.428013,0.605764,0.692021,-0.655023,0.303399,0.266931,0.622695,0.735526,0.00037,-0.002779,0.006273,0.279727,-0.362577,-0.273451,0.430309,0.072521,0.022145,-0.067403,-0.416498,0.684229,-0.59863,-0.791718,-0.596647,-0.131123,-0.44689,0.419334,0.790219,0.000215,0.000937,0.000817,0.0,1.3e-05,0.0,-0.897301
450,0.113967,-0.004654,0.344648,-0.304348,0.661942,-0.685018,-0.832021,-0.534825,-0.147226,-0.463449,0.524316,0.714377,0.000279,0.001211,0.001051,0.0,0.0,0.0,-1.419662,-0.129424,0.030724,0.318176,0.641255,0.525011,0.559595,-0.757233,0.550402,0.351553,-0.124227,-0.649833,0.749765,0.000992,-0.007231,0.011113,0.136803,-0.21253,-0.155991,0.481395,0.054898,0.034599,-0.017639,-0.667737,-0.439281,0.600963,0.695683,-0.655504,0.293833,0.264859,0.614284,0.743305,0.000516,-0.003831,0.005369,0.238243,-0.321677,-0.235554,0.452517,0.072539,0.022173,-0.067377,-0.416412,0.684261,-0.598654,-0.791752,-0.596591,-0.131175,-0.44691,0.419363,0.790193,0.000164,0.000716,0.000619,5e-06,-7e-06,1e-06,-0.897627
451,0.114008,-0.004564,0.344714,-0.304017,0.662014,-0.685096,-0.832097,-0.534643,-0.147457,-0.46353,0.524411,0.714255,0.000528,0.002289,0.001986,0.0,0.0,0.0,-1.421139,-0.129507,0.030372,0.318577,0.636406,0.535674,0.555005,-0.761491,0.550522,0.342037,-0.12311,-0.640974,0.757535,0.001243,-0.009052,0.009555,0.131693,-0.288373,0.000145,0.485549,0.054862,0.034421,-0.017434,-0.664631,-0.450653,0.595967,0.699321,-0.656052,0.283805,0.263088,0.605398,0.751183,0.000561,-0.004134,0.005114,0.18925,-0.271958,-0.199731,0.463458,0.072559,0.022217,-0.067346,-0.416096,0.684369,-0.59875,-0.791862,-0.596399,-0.131383,-0.447009,0.41946,0.790085,0.000328,0.001425,0.001237,-1e-06,1.5e-05,4e-06,-0.897627
452,0.114021,-0.004505,0.344765,-0.303974,0.662023,-0.685106,-0.832108,-0.534617,-0.147485,-0.463538,0.524425,0.714239,0.000665,0.002883,0.0025,0.0,0.0,0.0,-1.420884,-0.129517,0.030223,0.318739,0.632921,0.544024,0.550853,-0.764481,0.551157,0.334259,-0.122545,-0.633355,0.764007,0.001232,-0.008975,0.009623,0.309786,-0.419954,-0.317275,0.484959,0.054853,0.034341,-0.017351,-0.66294,-0.458501,0.59185,0.701341,-0.656953,0.276646,0.261975,0.598488,0.757086,0.000697,-0.005145,0.004247,0.492357,-0.685996,-0.291249,0.465743,0.072565,0.022245,-0.067321,-0.416055,0.684383,-0.598762,-0.791878,-0.596372,-0.131408,-0.447019,0.419474,0.790072,0.00039,0.001702,0.001474,0.000608,-0.014126,0.025115,-0.897954
453,0.114023,-0.004347,0.344874,-0.30358,0.6621,-0.685206,-0.832189,-0.534414,-0.14777,-0.463653,0.524535,0.714084,0.000956,0.004145,0.003589,0.000611,-0.014115,0.025119,-1.421676,-0.129495,0.029989,0.319007,0.62533,0.562499,0.540878,-0.770846,0.552706,0.316617,-0.121624,-0.615627,0.778508,0.001296,-0.009443,0.009226,0.456793,-0.676353,-0.301872,0.484944,0.054864,0.034223,-0.017218,-0.658773,-0.477246,0.581595,0.706095,-0.659057,0.258984,0.259706,0.581274,0.77115,-0.000187,0.001284,0.001096,0.513752,-0.63074,-0.501187,0.467213,0.072566,0.022325,-0.067267,-0.415679,0.684505,-0.598885,-0.791999,-0.596154,-0.131667,-0.447155,0.419585,0.789936,0.00048,0.002086,0.001807,0.000631,-0.014108,0.025132,-0.898117
454,0.114048,-0.004179,0.344993,-0.303098,0.662198,-0.685325,-0.832291,-0.534158,-0.148114,-0.463783,0.524671,0.713899,0.000839,0.003639,0.003147,0.0,0.0,0.0,-1.426181,-0.129664,0.029893,0.319231,0.61918,0.57856,0.530919,-0.7759,0.554352,0.301009,-0.120931,-0.599043,0.791446,-0.013639,0.001565,0.002867,0.275208,-0.31484,-0.286293,0.480011,0.05478,0.03417,-0.017104,-0.655271,-0.495488,0.570184,0.710178,-0.661313,0.241476,0.257423,0.563165,0.785224,-0.006833,0.000854,0.001498,0.248757,-0.292438,-0.274368,0.463621,0.072579,0.02241,-0.067207,-0.415218,0.684657,-0.59903,-0.792152,-0.595882,-0.131978,-0.447311,0.419724,0.789774,0.000489,0.00213,0.001841,0.000627,-0.014121,0.025125,-0.898444
455,0.114083,-0.00402,0.345117,-0.302608,0.662302,-0.685441,-0.83241,-0.533882,-0.148446,-0.463892,0.524821,0.713719,0.000854,0.003709,0.003203,0.0,0.0,0.0,-1.436954,-0.129853,0.030029,0.319328,0.615018,0.59392,0.518656,-0.77932,0.557568,0.285854,-0.120172,-0.580748,0.80508,-0.013725,0.002253,0.003448,0.190564,-0.320941,-0.003893,0.472168,0.054685,0.034237,-0.017056,-0.653998,-0.51152,0.557344,0.71222,-0.66468,0.225702,0.255005,0.544561,0.799015,-0.006863,0.001127,0.001729,0.114531,-0.253744,0.032959,0.455946,0.072596,0.022489,-0.067145,-0.41475,0.684815,-0.599173,-0.792321,-0.595592,-0.132274,-0.447447,0.419877,0.789616,0.000498,0.002168,0.001871,0.000629,-0.014132,0.025119,-0.899587
456,0.114111,-0.003942,0.345183,-0.298552,0.664111,-0.68547,-0.83559,-0.528867,-0.148529,-0.460799,0.5276,0.713674,0.000912,0.003962,0.003418,-0.0,-0.0,0.0,-1.445477,-0.129914,0.030104,0.319386,0.613106,0.601424,0.512231,-0.78088,0.55919,0.278326,-0.119801,-0.571388,0.811804,-0.000626,0.004588,0.003917,0.176445,-0.220382,-0.135574,0.471147,0.054655,0.034272,-0.017029,-0.653625,-0.518971,0.550856,0.712988,-0.666353,0.218222,0.253814,0.53539,0.805565,-0.006857,0.00109,0.001693,0.161139,-0.287909,-0.026444,0.452517,0.07261,0.022527,-0.067112,-0.41087,0.686999,-0.599347,-0.795933,-0.590891,-0.13167,-0.444606,0.422941,0.789585,0.000537,0.002335,0.002014,-0.002979,0.083415,-0.148007,-0.900403
457,0.114157,-0.003794,0.345325,-0.294254,0.665945,-0.685549,-0.838812,-0.52368,-0.148744,-0.457705,0.530448,0.713553,0.000822,0.003575,0.003079,-0.0,-0.0,0.0,-1.457062,-0.129979,0.030285,0.319674,0.608418,0.613913,0.50292,-0.784303,0.561538,0.263587,-0.121342,-0.555583,0.822476,0.000413,-0.002996,0.01471,0.388259,-0.497337,-0.377613,0.471046,0.054623,0.034361,-0.016887,-0.651791,-0.530268,0.542202,0.714649,-0.668747,0.205065,0.253857,0.521144,0.814839,0.000177,-0.001323,0.007506,0.315448,-0.433409,-0.340567,0.450068,0.072634,0.022603,-0.06704,-0.406757,0.689235,-0.599584,-0.799607,-0.586018,-0.131189,-0.441787,0.42607,0.789485,0.000474,0.002065,0.001778,0.000905,-0.014055,0.024946,-0.901383
458,0.114159,-0.003693,0.345412,-0.290043,0.667726,-0.685611,-0.841965,-0.518548,-0.148911,-0.454601,0.533238,0.713459,0.000533,0.002318,0.001995,0.000536,-0.014132,0.025196,-1.490867,-0.130057,0.030411,0.320085,0.60649,0.621215,0.496239,-0.785905,0.562599,0.256456,-0.120619,-0.546314,0.828767,-0.000956,0.007024,0.005963,0.118519,-0.13653,-0.106514,0.471406,0.054588,0.03443,-0.016682,-0.651057,-0.538755,0.534665,0.715889,-0.669945,0.196662,0.252243,0.510799,0.821861,-0.000565,0.0041,0.003482,0.169958,-0.20771,-0.123802,0.450231,0.07264,0.022653,-0.066996,-0.402729,0.691405,-0.599806,-0.803205,-0.581196,-0.130655,-0.438941,0.429149,0.789405,0.000139,0.000605,0.000521,0.00057,9.3e-05,0.001426,-0.902689
459,0.114164,-0.003673,0.345429,-0.289838,0.667767,-0.685658,-0.842017,-0.518426,-0.149042,-0.454635,0.533305,0.713386,0.000154,0.000671,0.000577,-0.0,-0.0,0.0,-1.512168,-0.130097,0.030482,0.320265,0.60478,0.624983,0.493588,-0.787219,0.562563,0.252472,-0.120631,-0.542036,0.831569,-0.001154,0.008487,0.007194,0.08117,-0.107343,-0.047323,0.47089,0.054564,0.03446,-0.01659,-0.649954,-0.543046,0.531658,0.717029,-0.670022,0.192195,0.251852,0.506132,0.824863,-0.000583,0.004247,0.003601,0.051076,-0.083336,-0.037374,0.450231,0.072638,0.022667,-0.066985,-0.402536,0.691468,-0.599862,-0.803271,-0.581076,-0.13078,-0.438997,0.429209,0.789342,7e-05,0.000304,0.000263,0.000381,8.1e-05,-0.000158,-0.903016
460,0.114147,-0.00365,0.345448,-0.288035,0.669391,-0.684833,-0.845477,-0.513519,-0.146417,-0.449335,0.536003,0.714721,6e-06,2.5e-05,2.1e-05,-0.561052,0.406948,-0.454063,-1.551724,-0.130119,0.030861,0.320621,0.599993,0.632009,0.490474,-0.790446,0.562467,0.242404,-0.123415,-0.533927,0.836393,-0.001509,0.011089,0.009364,0.077213,-0.102679,-0.043685,0.470362,0.054553,0.034651,-0.016411,-0.646445,-0.550576,0.528179,0.719503,-0.670226,0.181962,0.253816,0.497656,0.829406,-0.000777,0.005673,0.004792,0.034547,-0.064418,-0.021715,0.449251,0.072629,0.022677,-0.066976,-0.400676,0.693209,-0.599097,-0.806907,-0.576718,-0.127656,-0.434003,0.432267,0.790433,-1.1e-05,-5.2e-05,-4.5e-05,-0.625259,0.449731,-0.497448,-0.903832
461,0.114165,-0.003692,0.345466,-0.284247,0.671065,-0.684777,-0.848507,-0.50855,-0.146234,-0.446031,0.538635,0.714812,-8e-06,-3.7e-05,-3.2e-05,-2e-06,-0.0,2e-06,-1.584653,-0.130185,0.031265,0.321066,0.599493,0.633797,0.488775,-0.790854,0.562646,0.240649,-0.123226,-0.531613,0.837893,6.3e-05,-0.000424,0.016784,-0.033805,-0.008472,0.004055,0.46982,0.05452,0.034853,-0.016195,-0.646321,-0.552144,0.526691,0.719773,-0.67032,0.180545,0.253365,0.495789,0.830661,-0.000818,0.005979,0.005029,-0.019886,0.090227,-0.108495,0.449578,0.072632,0.022655,-0.066968,-0.397212,0.69519,-0.599109,-0.81034,-0.572117,-0.126609,-0.430779,0.435192,0.790592,-0.000317,-0.005443,0.004268,-0.033723,0.016411,-0.01627,-0.903669
462,0.114262,-0.00382,0.345545,-0.284297,0.66905,-0.686725,-0.848593,-0.508886,-0.144556,-0.445835,0.54082,0.713283,-0.0,-0.0,-0.0,-0.00047,-0.001704,-0.000945,-1.629261,-0.130216,0.031564,0.321521,0.596818,0.637721,0.486941,-0.79283,0.561683,0.23636,-0.123512,-0.527926,0.840179,-0.001556,0.011432,0.00957,0.179129,-0.220169,-0.135064,0.464519,0.054505,0.035002,-0.015962,-0.644671,-0.555562,0.525118,0.721247,-0.6697,0.176926,0.253378,0.492799,0.832434,0.006513,0.001114,0.008742,0.262047,-0.340007,-0.193164,0.445006,0.072681,0.022591,-0.066928,-0.397249,0.693239,-0.601341,-0.810239,-0.572636,-0.124899,-0.430935,0.437614,0.789169,-0.0,-3e-06,-5e-06,0.005056,0.013249,0.005228,-0.902853
463,0.114313,-0.003862,0.345578,-0.284238,0.669082,-0.686719,-0.848669,-0.508772,-0.144512,-0.445728,0.540887,0.713298,0.013368,-0.012156,0.00769,-0.034071,0.001494,0.012814,-1.640679,-0.130142,0.031754,0.321784,0.594617,0.641491,0.484676,-0.794438,0.561166,0.232151,-0.123796,-0.523892,0.842659,-0.000185,0.001379,0.018232,0.277473,-0.367379,-0.275226,0.464897,0.054541,0.035099,-0.015835,-0.643422,-0.558857,0.52315,0.722384,-0.669407,0.173362,0.253316,0.48946,0.834421,0.005594,0.007774,0.005751,0.318033,-0.321342,-0.395682,0.443863,0.072706,0.022573,-0.066917,-0.397191,0.69336,-0.60124,-0.810313,-0.572523,-0.124934,-0.430849,0.43757,0.78924,8.7e-05,0.000389,0.000332,0.000923,0.002319,0.000848,-0.902036
464,0.114369,-0.003744,0.345652,-0.284089,0.669106,-0.686758,-0.848682,-0.508713,-0.144643,-0.445798,0.540913,0.713235,0.00098,0.004274,0.003672,0.000614,-0.014102,0.025126,-1.63827,-0.130074,0.032133,0.322355,0.590847,0.648861,0.479448,-0.797203,0.560522,0.224091,-0.124067,-0.515436,0.847819,-0.000269,0.001978,0.018677,0.165118,-0.2379,-0.174262,0.465669,0.054575,0.035289,-0.015548,-0.640832,-0.567575,0.516906,0.724862,-0.669097,0.163961,0.252801,0.479758,0.840192,-0.000202,0.001414,0.009691,0.249699,-0.338306,-0.205391,0.443699,0.072738,0.022621,-0.066882,-0.397067,0.693413,-0.601261,-0.810347,-0.572451,-0.125044,-0.4309,0.437579,0.789207,0.000434,0.001893,0.001625,8.6e-05,6.7e-05,-6.6e-05,-0.90024
465,0.114367,-0.003577,0.345822,-0.286118,0.669067,-0.685952,-0.849131,-0.50869,-0.142065,-0.44364,0.540982,0.714527,-0.013356,-0.004101,0.014125,-0.036032,0.030953,-0.046276,-1.637391,-0.130093,0.032262,0.323036,0.588847,0.654221,0.4746,-0.798798,0.56024,0.219056,-0.123307,-0.508923,0.851854,-0.000295,0.002161,0.018779,0.049719,-0.104629,-0.070504,0.464501,0.054566,0.035353,-0.015208,-0.639751,-0.573626,0.511537,0.726306,-0.668904,0.158257,0.251389,0.472778,0.844561,-0.000221,0.001536,0.009765,0.044239,-0.117665,-0.049542,0.443209,0.072738,0.022709,-0.066793,-0.398997,0.693124,-0.600315,-0.810587,-0.572671,-0.122453,-0.428658,0.43775,0.790332,-0.006652,-0.001931,0.007166,-0.035351,0.030546,-0.045915,-0.89975
466,0.114372,-0.00348,0.345945,-0.288229,0.666955,-0.687125,-0.849486,-0.509215,-0.138009,-0.441589,0.543093,0.714196,0.001343,0.00586,0.005021,-0.139299,-0.516609,-0.254934,-1.636545,-0.130083,0.032257,0.323477,0.586144,0.659677,0.470375,-0.80082,0.559501,0.213491,-0.123064,-0.502652,0.855605,0.001096,-0.007996,0.02735,0.354818,-0.503294,-0.368272,0.464615,0.054571,0.035352,-0.015,-0.638737,-0.577406,0.508543,0.727465,-0.668474,0.154712,0.250616,0.468768,0.847022,0.006337,0.002168,0.009546,0.071178,-0.146946,-0.066584,0.44272,0.07274,0.022753,-0.066735,-0.40087,0.692864,-0.599367,-0.810873,-0.572819,-0.119846,-0.426366,0.437968,0.791451,0.000737,0.003229,0.002767,-0.010263,-0.005927,0.015502,-0.899587
467,0.114418,-0.00327,0.346204,-0.284816,0.666504,-0.688984,-0.852351,-0.504906,-0.13616,-0.438276,0.547645,0.71276,0.001664,0.007264,0.006208,-0.000666,-0.018742,0.022557,-1.63443,-0.130077,0.032283,0.324285,0.580693,0.66821,0.465062,-0.804493,0.558268,0.202638,-0.124941,-0.49265,0.861132,-0.000438,0.003203,0.019556,0.192036,-0.28202,-0.170693,0.465345,0.054574,0.035365,-0.014576,-0.634415,-0.588274,0.501447,0.730959,-0.667561,0.141634,0.251427,0.456392,0.853516,-0.00023,0.001583,0.009762,0.193188,-0.285095,-0.172494,0.44272,0.072763,0.022862,-0.066602,-0.397714,0.690793,-0.603844,-0.813616,-0.569734,-0.115893,-0.424089,0.445205,0.788631,0.000844,0.003697,0.003159,0.008265,0.005432,0.032966,-0.896811
468,0.114519,-0.003021,0.346432,-0.285732,0.66011,-0.694735,-0.851919,-0.506908,-0.131341,-0.438519,0.553507,0.708067,0.002188,0.017687,-0.002746,-0.083203,-0.460113,-0.196132,-1.631603,-0.130054,0.032175,0.325121,0.575193,0.680382,0.454119,-0.808501,0.556984,0.189812,-0.124502,-0.477191,0.869857,-0.000127,0.00093,0.017653,0.438991,-0.645877,-0.235977,0.461299,0.05459,0.035318,-0.014172,-0.631827,-0.599431,0.491401,0.733849,-0.666699,0.130294,0.249515,0.442938,0.861131,0.000738,-0.005499,0.012406,0.059689,-0.158321,-0.146304,0.441577,0.072813,0.022983,-0.066486,-0.398545,0.686481,-0.608197,-0.81282,-0.57155,-0.112485,-0.424834,0.449525,0.785774,0.000741,0.003249,0.002767,-0.132036,-0.499261,-0.245898,-0.892075
469,0.114608,-0.002776,0.346654,-0.288443,0.657879,-0.69573,-0.852075,-0.507762,-0.126952,-0.436434,0.555376,0.707891,0.001582,0.006928,0.005891,3.4e-05,-0.016191,0.02397,-1.61881,-0.130051,0.031931,0.326065,0.569856,0.688661,0.448332,-0.812051,0.555204,0.179598,-0.125937,-0.467281,0.875015,0.001077,-0.007856,0.02734,0.146869,-0.253913,-0.179705,0.457364,0.054587,0.035187,-0.013688,-0.627634,-0.609837,0.483914,0.737325,-0.665136,0.11809,0.249853,0.43092,0.86711,0.000516,-0.003877,0.01371,0.143371,-0.259783,-0.177415,0.436188,0.072859,0.023112,-0.066375,-0.401164,0.682467,-0.610987,-0.812311,-0.573317,-0.107039,-0.42334,0.453372,0.784369,0.000788,0.003466,0.002945,0.007648,0.001632,0.03292,-0.885381
470,0.114623,-0.002662,0.34675,-0.288686,0.657835,-0.695672,-0.852014,-0.507905,-0.126794,-0.436393,0.555298,0.707977,0.001238,0.005422,0.004605,-9e-06,-3.1e-05,-1.7e-05,-1.617328,-0.13002,0.031841,0.326584,0.564237,0.694669,0.446166,-0.81522,0.553984,0.168675,-0.130692,-0.459771,0.878291,0.000852,-0.006211,0.028649,0.598038,0.334949,-0.538551,0.456717,0.054603,0.03514,-0.01343,-0.623174,-0.61666,0.481022,0.739831,-0.664241,0.106923,0.253579,0.422507,0.870163,0.000394,-0.002986,0.014422,0.625194,0.413909,-0.56414,0.434555,0.072867,0.023169,-0.066327,-0.401397,0.682501,-0.610797,-0.812229,-0.573442,-0.106989,-0.423277,0.453162,0.784525,0.000719,0.003162,0.002684,0.001582,-0.011376,0.026755,-0.884237
471,0.114685,-0.002401,0.346999,-0.286505,0.65539,-0.698873,-0.855343,-0.50355,-0.121645,-0.431294,0.562108,0.705725,0.001846,0.008093,0.006855,-0.004136,-0.025471,0.017139,-1.618745,-0.129898,0.031816,0.327648,0.55548,0.707898,0.43625,-0.820056,0.55299,0.147115,-0.137784,-0.440361,0.887108,-0.001022,0.007434,0.022766,0.371138,-0.576076,-0.142398,0.446702,0.054664,0.035128,-0.012897,-0.617094,-0.630408,0.470934,0.743153,-0.663646,0.08542,0.258685,0.402689,0.878022,-0.000546,0.003841,0.011478,0.411137,-0.624231,-0.162435,0.426227,0.072896,0.023294,-0.066207,-0.39931,0.680315,-0.61459,-0.815492,-0.569888,-0.100992,-0.418954,0.460866,0.782354,0.000921,0.00405,0.003432,0.010732,0.007161,0.032339,-0.883095
472,0.114771,-0.002045,0.347246,-0.289661,0.648848,-0.703661,-0.855151,-0.505599,-0.114268,-0.42956,0.567829,0.702193,0.0019,0.008341,0.007043,-0.02746,-0.115126,-0.030819,-1.618189,-0.129878,0.031803,0.328817,0.552458,0.715766,0.427154,-0.821545,0.553988,0.134514,-0.141037,-0.426143,0.893518,0.00043,-0.003158,0.030947,0.094486,-0.292624,0.047857,0.439871,0.054673,0.035126,-0.012334,-0.615485,-0.639012,0.461347,0.743874,-0.664415,0.072123,0.260439,0.387575,0.884282,0.000143,-0.001185,0.015792,0.128218,-0.341652,0.01118,0.414144,0.072939,0.023466,-0.066082,-0.402265,0.674041,-0.619556,-0.814546,-0.572445,-0.093919,-0.417968,0.466876,0.779313,0.000929,0.004097,0.003459,-0.034597,-0.049791,-0.219264,-0.880482
473,0.114815,-0.001902,0.34738,-0.292631,0.644439,-0.706478,-0.855114,-0.506969,-0.108327,-0.427617,0.571615,0.700305,0.001773,0.007791,0.006568,-0.064892,-0.249005,-0.104982,-1.618168,-0.129878,0.031796,0.329401,0.550871,0.719641,0.422669,-0.822311,0.554365,0.128133,-0.142781,-0.419058,0.896587,0.000282,-0.002083,0.031757,0.213807,-0.437998,-0.025736,0.442074,0.054673,0.035122,-0.012043,-0.615007,-0.642176,0.457574,0.743956,-0.664879,0.066806,0.261331,0.381502,0.886657,0.000179,-0.001466,0.01554,0.414342,-0.639443,-0.182439,0.412838,0.072962,0.023543,-0.066017,-0.404896,0.670211,-0.621992,-0.814021,-0.574032,-0.088633,-0.416447,0.470428,0.77799,0.007709,0.002686,0.002364,-0.114248,-0.439266,-0.15773,-0.881788
474,0.11495,-0.001628,0.347691,-0.294573,0.635582,-0.713659,-0.854368,-0.509666,-0.101328,-0.427771,0.579086,0.694045,0.001377,-0.002048,0.015971,-0.182375,-0.525221,-0.283446,-1.618992,-0.129693,0.031876,0.330506,0.547263,0.727322,0.414122,-0.824009,0.55474,0.114916,-0.146823,-0.405048,0.902353,0.000193,-0.001487,0.032131,0.088286,-0.202282,-0.095398,0.442966,0.054766,0.03516,-0.011479,-0.612943,-0.651063,0.447678,0.744799,-0.665237,0.052287,0.26377,0.36548,0.892664,0.005839,0.005349,0.011856,0.122091,-0.314105,0.092861,0.414797,0.073028,0.023683,-0.065866,-0.406717,0.662904,-0.6286,-0.81253,-0.577012,-0.082777,-0.417583,0.47709,0.77331,0.00099,0.004386,0.003685,0.010456,0.112314,-0.140009,-0.888483
475,0.115084,-0.001385,0.347949,-0.292203,0.632802,-0.717095,-0.856912,-0.506124,-0.097528,-0.424299,0.585201,0.691041,0.001679,0.007408,0.006208,-1.205731,-0.237618,1.136642,-1.619674,-0.129502,0.031915,0.33165,0.543405,0.735592,0.404484,-0.826204,0.553792,0.103129,-0.148808,-0.391156,0.908139,0.000512,-0.003837,0.030192,0.146657,-0.251596,-0.167621,0.443449,0.054861,0.035184,-0.010891,-0.611072,-0.659322,0.438046,0.746233,-0.664424,0.040937,0.264058,0.3519,0.898019,0.00025,-0.002003,0.015027,0.153965,-0.259147,-0.17048,0.41447,0.073098,0.023809,-0.065726,-0.404784,0.658612,-0.634334,-0.814511,-0.574983,-0.077229,-0.415595,0.485412,0.769191,0.000822,0.003661,0.003062,-1.217554,-0.203181,1.154194,-0.887503
476,0.115264,-0.001086,0.348254,-0.291936,0.630706,-0.719047,-0.856954,-0.506299,-0.096242,-0.424398,0.587307,0.689191,0.002028,0.00897,0.007492,0.000135,-0.015802,0.024186,-1.624778,-0.1293,0.03179,0.332714,0.53809,0.744147,0.395848,-0.829225,0.551415,0.09089,-0.151302,-0.378094,0.913244,0.012171,0.007047,0.020679,0.315252,-0.416723,-0.22381,0.44599,0.054958,0.035119,-0.010367,-0.607812,-0.667753,0.429732,0.748529,-0.662452,0.029344,0.265083,0.339503,0.902479,0.000434,-0.003354,0.013939,0.445555,-0.569368,-0.373274,0.417736,0.073186,0.023953,-0.065579,-0.404227,0.657082,-0.636272,-0.814721,-0.574844,-0.076048,-0.415727,0.487644,0.767706,0.001018,0.004527,0.00378,0.005888,0.000241,0.031491,-0.883258
477,0.1154,-0.000905,0.348405,-0.293253,0.630839,-0.718394,-0.857446,-0.505841,-0.09425,-0.422493,0.587559,0.690146,0.002269,0.010058,0.008384,0.000231,-0.013803,0.024768,-1.628586,-0.129176,0.031748,0.333215,0.534494,0.746421,0.396438,-0.830643,0.550384,0.083924,-0.156207,-0.375098,0.913654,0.000937,-0.006937,0.02769,0.070627,-0.158709,-0.103135,0.446121,0.055018,0.035106,-0.010129,-0.60425,-0.67126,0.42929,0.749761,-0.661369,0.021181,0.269701,0.334665,0.902917,-0.000368,0.002465,0.010177,0.186108,-0.165565,-0.141439,0.418063,0.073248,0.024038,-0.065507,-0.405598,0.657116,-0.635364,-0.815074,-0.574614,-0.073968,-0.413695,0.487868,0.768661,0.001006,0.004478,0.003733,0.00162,-0.011856,0.026257,-0.884891
478,0.115734,-0.000572,0.348738,-0.293914,0.628937,-0.71979,-0.85807,-0.505333,-0.091244,-0.420763,0.590029,0.689095,0.002497,0.011123,0.009236,-0.031838,-0.130673,-0.039343,-1.631609,-0.128973,0.031621,0.334113,0.529348,0.749752,0.397056,-0.832602,0.548859,0.073901,-0.16317,-0.370656,0.91425,-0.000209,0.001352,0.017549,0.051946,-0.114711,-0.039366,0.446591,0.055125,0.035039,-0.009664,-0.599546,-0.675298,0.429553,0.751277,-0.659891,0.011179,0.275909,0.329417,0.902971,0.007216,-0.004817,0.012103,0.013385,-0.115718,-0.056029,0.418552,0.073421,0.024208,-0.065338,-0.406035,0.655379,-0.636877,-0.815573,-0.574281,-0.071002,-0.41228,0.490591,0.767688,0.00817,0.004939,0.004182,-0.040517,-0.179868,-0.026502,-0.886034
479,0.116262,-0.000193,0.349149,-0.293071,0.622596,-0.725622,-0.858133,-0.505882,-0.087537,-0.421223,0.59625,0.683435,0.016664,0.011487,0.009655,-0.03349,-0.171915,0.008492,-1.636583,-0.128762,0.03144,0.334808,0.528652,0.751263,0.395123,-0.833278,0.547896,0.073433,-0.161968,-0.369017,0.915126,0.000259,-0.002003,0.014942,-0.00823,-0.036387,-0.016481,0.445209,0.05523,0.034949,-0.009311,-0.599241,-0.6769,0.427451,0.752053,-0.659014,0.010701,0.274453,0.327878,0.903974,0.000138,-0.001146,0.007356,-0.032484,-0.012461,-0.003211,0.418389,0.073686,0.0244,-0.06513,-0.405093,0.649318,-0.643649,-0.815265,-0.57518,-0.067144,-0.413813,0.497545,0.762369,0.008338,0.005798,0.004865,-0.020213,-0.137851,0.022369,-0.88587
480,0.116536,3.7e-05,0.349354,-0.295755,0.618146,-0.728334,-0.858096,-0.506898,-0.081835,-0.419417,0.600006,0.681255,0.016828,0.012331,0.01032,-0.098653,-0.294235,-0.286322,-1.638959,-0.128647,0.031386,0.335126,0.527223,0.751072,0.39739,-0.833794,0.547285,0.072119,-0.163966,-0.370313,0.914247,0.0018,-0.013109,0.022874,-0.085106,0.108104,-0.181267,0.4457,0.055287,0.034925,-0.009162,-0.597777,-0.676763,0.429712,0.752455,-0.658572,0.009547,0.276536,0.329047,0.902914,0.006551,-2.4e-05,0.007541,-0.039835,-0.018564,0.039313,0.418063,0.073816,0.024511,-0.065031,-0.407491,0.645858,-0.645613,-0.814825,-0.576351,-0.062278,-0.412323,0.500684,0.76112,0.008365,0.005963,0.004985,-0.155245,-0.557882,-0.221789,-0.890279
481,0.117086,0.00057,0.349796,-0.298541,0.613676,-0.730972,-0.857999,-0.507954,-0.076096,-0.417635,0.603691,0.679091,0.017048,0.013565,0.01126,-0.047457,-0.109208,-0.184038,-1.637368,-0.12836,0.031292,0.335692,0.526349,0.751405,0.397918,-0.834538,0.546016,0.073115,-0.162977,-0.371511,0.913938,0.013366,-0.001793,0.013735,-0.032275,-0.023086,0.033784,0.446828,0.055427,0.034874,-0.008875,-0.596833,-0.677218,0.430306,0.753503,-0.657359,0.010551,0.275721,0.330534,0.90262,0.001057,-0.007729,0.01053,-0.085041,0.108378,-0.179938,0.419696,0.074092,0.024777,-0.06481,-0.410148,0.640793,-0.64897,-0.81406,-0.578047,-0.056279,-0.411199,0.505218,0.758728,0.008473,0.006578,0.005453,-0.058928,-0.261361,-0.035924,-0.893382
482,0.117732,0.000901,0.35032,-0.296757,0.614062,-0.731374,-0.858689,-0.506646,-0.077037,-0.417491,0.604396,0.678552,0.016059,0.001138,0.01848,-0.033487,-0.012771,0.03786,-1.635611,-0.128148,0.031103,0.336182,0.524968,0.751911,0.398785,-0.83557,0.54433,0.07391,-0.162142,-0.372963,0.913495,0.00071,-0.005217,0.012455,-0.034318,-0.007888,0.004535,0.446731,0.055538,0.03478,-0.00863,-0.595528,-0.677887,0.431061,0.75477,-0.655891,0.01129,0.275076,0.332076,0.902251,0.006832,-0.002016,0.006002,-0.034047,-0.007421,0.010473,0.419859,0.074415,0.024952,-0.064547,-0.408598,0.641214,-0.649531,-0.814815,-0.576915,-0.056955,-0.411245,0.505976,0.758198,0.015216,0.005441,0.004556,0.003885,-0.054761,0.111208,-0.895504
483,0.118081,0.001025,0.350593,-0.295454,0.614332,-0.731675,-0.85918,-0.505706,-0.077734,-0.417407,0.604908,0.678148,0.016562,0.011702,0.009635,0.002247,-0.04283,0.079854,-1.635253,-0.12802,0.031034,0.336413,0.524595,0.752055,0.399006,-0.835891,0.543777,0.074356,-0.161695,-0.373482,0.913362,0.013577,-0.003297,0.012576,-0.032272,-0.0231,0.033778,0.447016,0.055602,0.034742,-0.008511,-0.59518,-0.678074,0.431248,0.755189,-0.655401,0.01174,0.27468,0.332662,0.902156,0.006791,-0.001712,0.006238,-0.031966,-0.023078,0.034405,0.420022,0.074596,0.025014,-0.064404,-0.407317,0.641663,-0.649892,-0.815472,-0.575927,-0.057541,-0.411213,0.506531,0.757844,0.008253,0.005758,0.004733,0.002015,-0.042507,0.080516,-0.896648
484,0.11874,0.001206,0.351057,-0.297459,0.614803,-0.730466,-0.860514,-0.504015,-0.073865,-0.413216,0.605838,0.679882,0.015227,-0.002468,0.015479,-0.034728,-0.011787,0.036627,-1.637041,-0.127798,0.030985,0.336771,0.523059,0.75378,0.397764,-0.836879,0.542466,0.072786,-0.161552,-0.371904,0.914031,0.013931,-0.00579,0.01067,0.060727,-0.112897,-0.067094,0.448296,0.055707,0.034723,-0.008333,-0.594096,-0.679823,0.429988,0.756136,-0.654334,0.0102,0.274422,0.331189,0.902776,-0.00031,0.002121,0.001612,0.11825,-0.037208,-0.267712,0.421002,0.07492,0.025109,-0.064175,-0.409311,0.641841,-0.648463,-0.816617,-0.574705,-0.053385,-0.406939,0.507695,0.759371,0.007882,0.00413,0.003388,0.002484,-0.029349,0.055197,-0.897301
485,0.119386,0.001159,0.351504,-0.299987,0.615234,-0.729068,-0.861832,-0.502395,-0.06941,-0.408618,0.606745,0.68185,0.014461,-0.005971,0.012625,-0.034137,0.001181,0.012658,-1.640096,-0.127567,0.031093,0.336902,0.52285,0.753827,0.39795,-0.837021,0.542236,0.07287,-0.161493,-0.372145,0.913943,0.012502,0.004397,0.002006,-0.012594,0.092555,-0.137258,0.446879,0.055823,0.034771,-0.008266,-0.593888,-0.680008,0.429983,0.75634,-0.654099,0.010205,0.274312,0.331274,0.902779,-0.000246,0.001682,0.001276,0.000543,-0.013893,0.025382,0.421002,0.075245,0.025089,-0.063949,-0.411688,0.641931,-0.646866,-0.817711,-0.573558,-0.048763,-0.402318,0.508875,0.761042,0.007591,0.002834,0.002325,0.004372,-0.030946,0.057317,-0.897137
486,0.119969,0.000968,0.351925,-0.305437,0.615556,-0.726529,-0.863178,-0.501084,-0.061735,-0.401681,0.6075,0.685291,0.014127,-0.007516,0.011369,-1.737497,1.378929,-1.669219,-1.657663,-0.127479,0.031162,0.337006,0.522166,0.754043,0.39844,-0.837431,0.541616,0.072762,-0.161577,-0.372612,0.913737,-0.000201,0.001386,0.001055,0.0,-0.0,-0.0,0.446554,0.055872,0.034808,-0.008213,-0.593123,-0.680348,0.4305,0.756877,-0.653478,0.010054,0.274482,0.331799,0.902533,0.000685,-0.004907,0.00447,-0.03634,0.007712,-0.0193,0.419859,0.075535,0.024992,-0.063739,-0.41484,0.641821,-0.644959,-0.818559,-0.572773,-0.043486,-0.397326,0.509898,0.762978,0.007125,-0.003441,0.005928,-0.031307,-0.014623,0.039848,-0.902526
487,0.120225,0.000828,0.352151,-0.307123,0.615724,-0.725676,-0.863769,-0.500384,-0.059073,-0.399116,0.607906,0.686428,0.013994,-0.008145,0.01086,-0.034167,0.001092,0.012599,-1.661836,-0.127455,0.031201,0.337033,0.522826,0.752621,0.400259,-0.837094,0.541854,0.074848,-0.161192,-0.375137,0.912772,-0.000275,0.001901,0.001446,-0.008293,0.00922,0.006707,0.446172,0.055884,0.034824,-0.008202,-0.593459,-0.678741,0.432569,0.756659,-0.653691,0.012389,0.274357,0.33466,0.901515,-6.3e-05,0.000419,0.000316,0.010923,-0.00902,-0.000899,0.419696,0.075663,0.024921,-0.063626,-0.418541,0.641479,-0.642905,-0.818964,-0.572575,-0.038147,-0.392582,0.51055,0.764994,0.007045,-0.003812,0.005629,-0.028487,-0.016744,0.04207,-0.903342
488,0.120653,0.000352,0.352655,-0.310908,0.618238,-0.721916,-0.865092,-0.498615,-0.054511,-0.39328,0.606806,0.690757,0.01361,-0.010012,0.009359,-0.03186,0.009723,0.017318,-1.663627,-0.127328,0.03134,0.337123,0.523183,0.752489,0.400039,-0.836887,0.542156,0.074977,-0.161107,-0.374965,0.912858,-0.000521,0.003588,0.002726,-2e-06,2e-06,1e-06,0.446246,0.055949,0.034889,-0.00816,-0.593803,-0.67868,0.432192,0.756411,-0.65398,0.012299,0.274298,0.334218,0.901697,0.006178,0.002655,0.001343,0.002673,-0.01579,0.028992,0.418879,0.075877,0.024684,-0.063375,-0.422173,0.643503,-0.638492,-0.820062,-0.57129,-0.033545,-0.386351,0.509442,0.768895,-0.000265,-0.009441,0.009727,-0.076374,0.001357,-0.012106,-0.897954
489,0.120856,-0.000244,0.353268,-0.310724,0.622928,-0.717952,-0.866264,-0.496423,-0.055881,-0.390839,0.603797,0.694767,-0.000444,-0.018585,0.019722,0.012554,0.343699,0.13527,-1.679966,-0.127176,0.031516,0.337251,0.521452,0.753541,0.400318,-0.837393,0.541909,0.071004,-0.164071,-0.373201,0.913053,-0.000559,0.003836,0.00291,0.001634,-0.001814,-0.00132,0.44797,0.056024,0.034981,-0.008094,-0.592213,-0.680049,0.432222,0.756669,-0.653746,0.008168,0.277009,0.331887,0.901729,0.006097,0.003174,0.001736,-0.006761,-0.020647,0.058084,0.420839,0.075984,0.024386,-0.063074,-0.422112,0.646716,-0.635278,-0.821354,-0.569408,-0.033909,-0.383663,0.507476,0.771537,9.3e-05,-0.003622,0.005744,0.122234,0.538746,0.243173,-0.90024
490,0.120934,-0.000549,0.353608,-0.308486,0.623098,-0.71877,-0.866609,-0.495604,-0.057773,-0.391847,0.604293,0.693766,-0.000395,-0.018359,0.019911,-0.068918,0.036654,-0.031151,-1.680472,-0.127083,0.031615,0.337315,0.520738,0.753066,0.402139,-0.837347,0.542211,0.069212,-0.166562,-0.373723,0.912388,0.012158,0.006588,0.003657,0.004195,-0.030845,0.053353,0.44705,0.056071,0.03503,-0.008062,-0.591312,-0.679639,0.434096,0.756458,-0.654009,0.006481,0.279498,0.332209,0.900842,0.006076,0.003299,0.001829,0.00091,-0.031079,0.055155,0.420839,0.076022,0.024233,-0.062904,-0.419832,0.648308,-0.635167,-0.822122,-0.568139,-0.036488,-0.384519,0.506866,0.771511,-0.000139,-0.008851,0.010216,-0.081313,0.015809,-0.042535,-0.90122
491,0.12102,-0.001076,0.354329,-0.304705,0.623319,-0.72019,-0.867072,-0.494391,-0.061117,-0.39378,0.605057,0.692005,0.000144,-0.015765,0.021999,-0.069672,0.017388,-0.008814,-1.681639,-0.126864,0.031798,0.337465,0.520485,0.752428,0.403656,-0.837045,0.542874,0.067659,-0.168864,-0.374045,0.911833,-0.000696,0.004734,0.003583,0.002128,-0.015611,0.024128,0.449573,0.05618,0.035121,-0.007988,-0.590864,-0.679062,0.435607,0.755967,-0.65459,0.004973,0.281767,0.332244,0.900122,0.006127,0.00291,0.00153,0.001705,-0.015651,0.029571,0.421982,0.076065,0.023965,-0.062548,-0.416234,0.648826,-0.637002,-0.822952,-0.566734,-0.039515,-0.38665,0.507775,0.769847,2e-05,-0.008077,0.010843,-0.072079,0.031877,-0.035886,-0.901546
492,0.121031,-0.0015,0.355106,-0.302864,0.62355,-0.720767,-0.867736,-0.493108,-0.062051,-0.393739,0.605865,0.69132,0.001106,-0.002882,0.014994,-0.034489,0.001812,0.008248,-1.681623,-0.126596,0.031981,0.337561,0.520841,0.752277,0.403478,-0.836832,0.543187,0.067773,-0.168819,-0.373893,0.911903,0.012484,0.004247,0.001875,0.002045,-0.015205,0.029245,0.451789,0.056309,0.035216,-0.007936,-0.59121,-0.67886,0.435452,0.755721,-0.654873,0.005103,0.281702,0.332097,0.900197,-0.000206,0.001372,0.001031,4e-05,-1e-05,8.9e-05,0.424758,0.076069,0.023752,-0.062167,-0.414496,0.649262,-0.637691,-0.823783,-0.565471,-0.040277,-0.386746,0.508625,0.769237,0.000506,-0.001604,0.007367,-0.0298,-0.092754,0.18267,-0.901546
493,0.121045,-0.001746,0.355908,-0.296341,0.623824,-0.723237,-0.868018,-0.491748,-0.068563,-0.398061,0.606686,0.688118,0.001669,-0.000148,0.017154,-0.020506,-0.009127,0.021859,-1.685274,-0.126293,0.03213,0.337652,0.520826,0.752245,0.403559,-0.83684,0.543172,0.067809,-0.168832,-0.373981,0.911865,0.01245,0.004427,0.002007,0.002045,-0.015205,0.029245,0.451721,0.05646,0.035288,-0.007893,-0.591187,-0.67883,0.435531,0.75573,-0.654862,0.005138,0.281726,0.332182,0.900158,0.006155,0.002669,0.001341,0.004209,-0.030815,0.053433,0.426227,0.076076,0.023622,-0.061765,-0.408263,0.650339,-0.640607,-0.824716,-0.563624,-0.046589,-0.391361,0.509299,0.766452,0.000651,-0.00502,0.013279,0.098579,-0.126714,0.177434,-0.902036
494,0.121057,-0.001797,0.356307,-0.296409,0.623919,-0.723127,-0.868369,-0.491212,-0.067952,-0.397244,0.607022,0.688294,0.001828,0.000626,0.017755,-0.034486,0.00183,0.008258,-1.686532,-0.12614,0.032224,0.337705,0.519954,0.751806,0.405495,-0.836869,0.543353,0.065973,-0.171366,-0.374599,0.911138,0.012291,0.005459,0.002785,0.002045,-0.015205,0.029245,0.451411,0.056537,0.035333,-0.007867,-0.590121,-0.678545,0.437415,0.755606,-0.655017,0.003292,0.284281,0.332456,0.899253,0.006096,0.003052,0.001629,0.003057,-0.032253,0.054,0.426227,0.076082,0.023598,-0.061558,-0.408326,0.650424,-0.640481,-0.825076,-0.563154,-0.045886,-0.390536,0.509709,0.7666,0.000727,-0.004648,0.013568,-0.070607,0.018017,-0.009753,-0.902036
495,0.121121,-0.001699,0.357057,-0.293732,0.624168,-0.724004,-0.868869,-0.490035,-0.07003,-0.39814,0.607717,0.687162,0.002562,0.004205,0.020542,-0.033765,-0.011783,0.033649,-1.68401,-0.125836,0.032422,0.337845,0.520674,0.75154,0.405066,-0.836464,0.543938,0.066285,-0.171153,-0.374285,0.911307,0.013781,-0.005056,0.011183,-0.032243,-0.023278,0.033683,0.451453,0.056689,0.035436,-0.007801,-0.59083,-0.678175,0.437033,0.75514,-0.655552,0.003615,0.284047,0.332157,0.899437,0.006143,0.0027,0.001362,-0.012664,0.092498,-0.137239,0.426064,0.076115,0.023645,-0.061178,-0.405768,0.650995,-0.641526,-0.825858,-0.561849,-0.047784,-0.391549,0.51042,0.76561,0.001299,0.002246,0.010382,-0.033914,-0.011619,0.033406,-0.903016
496,0.121223,-0.001436,0.357754,-0.292479,0.624476,-0.724246,-0.869608,-0.48869,-0.07026,-0.397452,0.608481,0.686884,0.002933,0.014264,0.011205,0.001448,-0.027192,0.050801,-1.682437,-0.125467,0.03258,0.337948,0.520551,0.752745,0.402979,-0.836489,0.544122,0.064434,-0.171406,-0.371579,0.912366,0.012422,0.004472,0.002031,0.002425,-0.015624,0.02894,0.452038,0.056873,0.035514,-0.007744,-0.59101,-0.679405,0.434874,0.755026,-0.655692,0.001719,0.283976,0.329358,0.900489,0.006174,0.002473,0.001187,-0.004331,-0.008939,0.032389,0.426227,0.076165,0.023774,-0.060837,-0.404618,0.651422,-0.641819,-0.826698,-0.560609,-0.047827,-0.390966,0.511239,0.765361,0.001464,0.007179,0.005639,0.001499,-0.027185,0.050739,-0.904159
