frame,MLTx,MLTy,MLTz,MLTR1,MLTR2,MLTR3,MLTR4,MLTR5,MLTR6,MLTR7,MLTR8,MLTR9,MLTTVx,MLTTVy,MLTTVz,MLTRVx,MLTRVy,MLTRVz,MLGA,MRTx,MRTy,MRTz,MRTR1,MRTR2,MRTR3,MRTR4,MRTR5,MRTR6,MRTR7,MRTR8,MRTR9,MRTTVx,MRTTVy,MRTTVz,MRTRVx,MRTRVy,MRTRVz,MRGA,SLTx,SLTy,SLTz,SLTR1,SLTR2,SLTR3,SLTR4,SLTR5,SLTR6,SLTR7,SLTR8,SLTR9,SLTTVx,SLTTVy,SLTTVz,SLTRVx,SLTRVy,SLTRVz,SLGA,SRTx,SRTy,SRTz,SRTR1,SRTR2,SRTR3,SRTR4,SRTR5,SRTR6,SRTR7,SRTR8,SRTR9,SRTTVx,SRTTVy,SRTTVz,SRTRVx,SRTRVy,SRTRVz,SRGA
607,0.115494,-0.033887,0.326842,0.284631,0.364001,-0.886867,-0.539052,-0.704182,-0.462084,-0.793077,0.609135,-0.003116,4.2e-05,0.000181,0.000198,0.0,0.0,0.0,-0.037535,-0.20989,-0.022497,0.363152,-0.922151,0.113711,0.369727,-0.050391,-0.9829,0.176924,0.384679,0.144389,0.911612,0.001457,-0.001734,0.016234,-0.034526,-0.000824,0.008249,0.52372,0.023732,0.033296,0.007123,0.928613,-0.131646,0.34691,0.102425,0.989564,0.101348,-0.356632,-0.058581,0.932406,0.000525,0.004351,0.00356,0.001992,-0.012384,0.026371,0.521426,0.055979,0.023355,-0.055549,-0.099231,-0.445275,-0.889878,0.476775,0.763679,-0.435292,0.873406,-0.467466,0.136516,9e-06,4.2e-05,4.5e-05,5e-06,-5e-06,-1.3e-05,-0.252303
608,0.115506,-0.03388,0.326834,0.284668,0.364012,-0.886851,-0.53902,-0.704186,-0.462115,-0.793085,0.609124,-0.003149,1e-06,3e-06,3e-06,0.0,0.0,0.0,-0.037106,-0.209849,-0.022485,0.363466,-0.92213,0.113712,0.36978,-0.050151,-0.982813,0.177474,0.384762,0.144979,0.911484,0.001656,-9.2e-05,0.017565,-0.034526,-0.000821,0.00825,0.522901,0.023752,0.0333,0.007271,0.9286,-0.131755,0.346902,0.102324,0.989516,0.101917,-0.356693,-0.059144,0.932346,0.000761,-0.000534,0.008385,-0.034383,-0.000765,0.008623,0.521262,0.055985,0.023358,-0.055554,-0.099267,-0.445291,-0.889866,0.476748,0.763676,-0.435327,0.873417,-0.467455,0.136484,-1.1e-05,-4.4e-05,-5e-05,-2e-06,3e-06,-2e-05,-0.25214
609,0.115495,-0.033879,0.326835,0.284647,0.364003,-0.886861,-0.539027,-0.704194,-0.462096,-0.793088,0.609121,-0.003139,0.0,0.0,0.0,0.0,0.0,0.0,-0.038067,-0.209783,-0.022457,0.364163,-0.922083,0.113721,0.369895,-0.049627,-0.982618,0.178696,0.384943,0.146285,0.911199,0.002257,-0.008799,0.028058,-0.083745,0.096615,-0.18837,0.521003,0.023785,0.033318,0.007616,0.928557,-0.131778,0.347009,0.101871,0.989435,0.103147,-0.356935,-0.060427,0.932172,0.000892,0.000566,0.009266,-0.034413,-0.00078,0.008503,0.520119,0.055979,0.023357,-0.055554,-0.099246,-0.445279,-0.889874,0.47675,0.763685,-0.435308,0.873417,-0.46745,0.136494,-7e-06,-1.2e-05,-1.8e-05,0.0,-1.4e-05,-3.1e-05,-0.252466
610,0.115492,-0.03389,0.326822,0.284611,0.363989,-0.886879,-0.539039,-0.704207,-0.462062,-0.793093,0.609114,-0.00312,-5.4e-05,-0.000232,-0.000254,0.0,0.0,0.0,-0.03791,-0.209698,-0.022398,0.364935,-0.92207,0.113985,0.369845,-0.049327,-0.982377,0.180099,0.385013,0.147689,0.910942,0.002468,-0.007033,0.029453,-0.06905,-0.001617,0.016512,0.519352,0.023828,0.033348,0.00801,0.928519,-0.131931,0.347053,0.10149,0.989326,0.104561,-0.357143,-0.061864,0.931998,0.000977,0.001303,0.009844,-0.034457,-0.000792,0.008422,0.517833,0.055977,0.023351,-0.055561,-0.09921,-0.445259,-0.889888,0.476754,0.763702,-0.435273,0.873419,-0.467442,0.136513,-2.9e-05,-0.000123,-0.000139,-6e-06,-3e-06,7e-06,-0.252303
611,0.115505,-0.033878,0.326821,0.284666,0.364007,-0.886854,-0.539002,-0.704204,-0.46211,-0.793099,0.609107,-0.003162,0.0,1e-06,1e-06,0.0,0.0,0.0,-0.037837,-0.209628,-0.022289,0.365748,-0.922956,0.11259,0.368058,-0.048341,-0.98251,0.179642,0.383004,0.14788,0.911758,0.001977,0.002645,0.01967,0.001745,-0.055476,-0.020415,0.518684,0.023863,0.033402,0.008415,0.929452,-0.130745,0.344998,0.100591,0.989478,0.103986,-0.354964,-0.061946,0.932824,0.000971,0.001279,0.0098,0.005469,-0.064585,-0.030063,0.516527,0.055984,0.023357,-0.055562,-0.099265,-0.445285,-0.889869,0.476725,0.763691,-0.435325,0.873429,-0.467436,0.136471,-1e-06,-1e-06,-1e-06,-7e-06,6e-06,-3e-06,-0.252303
612,0.115505,-0.033878,0.326821,0.284666,0.364007,-0.886854,-0.539002,-0.704204,-0.46211,-0.793099,0.609107,-0.003162,0.0,0.0,0.0,0.0,0.0,0.0,-0.037682,-0.20958,-0.022244,0.366126,-0.922966,0.11282,0.367964,-0.04831,-0.982383,0.18034,0.382985,0.148542,0.911658,0.00237,-0.007791,0.028775,-0.070292,0.009805,-0.009943,0.517587,0.023888,0.033427,0.00862,0.929434,-0.130927,0.344978,0.100471,0.989403,0.104815,-0.355046,-0.062758,0.932739,0.001175,-0.003879,0.014401,-0.077892,0.019277,-0.007833,0.515874,0.055984,0.023357,-0.055562,-0.099265,-0.445285,-0.889868,0.476725,0.763691,-0.435325,0.873429,-0.467436,0.136471,-1e-06,-1e-06,-1e-06,-1.1e-05,1.2e-05,-8e-06,-0.252466
613,0.115506,-0.033872,0.326827,0.284684,0.364014,-0.886845,-0.538996,-0.704198,-0.462127,-0.793096,0.60911,-0.003171,0.0,1e-06,1e-06,0.0,0.0,0.0,-0.038018,-0.209514,-0.022189,0.366919,-0.923879,0.111665,0.366018,-0.047555,-0.98248,0.180013,0.380865,0.148776,0.912508,0.001785,0.001099,0.018366,-0.034378,-0.001008,0.008151,0.514308,0.023921,0.033457,0.009011,0.930318,-0.129952,0.342958,0.099693,0.989514,0.104511,-0.352943,-0.063038,0.933518,0.000899,0.000701,0.009304,-0.038664,0.004498,0.009632,0.513588,0.055984,0.02336,-0.055558,-0.099283,-0.445295,-0.889862,0.476723,0.763683,-0.435342,0.873428,-0.46744,0.136462,0.0,-5e-06,-5e-06,-2e-06,5e-06,-4e-06,-0.252466
614,0.115505,-0.033878,0.326821,0.284666,0.364007,-0.886854,-0.539002,-0.704204,-0.46211,-0.793099,0.609107,-0.003162,-4.5e-05,-0.000196,-0.000215,0.0,0.0,0.0,-0.037963,-0.209488,-0.022222,0.367668,-0.924097,0.109504,0.36612,-0.046294,-0.983002,0.177475,0.38049,0.146929,0.912963,0.00159,-0.000504,0.017056,-0.017426,0.010111,-0.002265,0.512578,0.023935,0.033441,0.009393,0.930664,-0.127756,0.342844,0.098362,0.989922,0.101874,-0.352404,-0.061088,0.933851,0.00077,-0.000353,0.008446,-0.034393,0.022499,0.003205,0.511138,0.055984,0.023357,-0.055561,-0.099265,-0.445285,-0.889869,0.476725,0.763691,-0.435325,0.873429,-0.467436,0.136471,-2.4e-05,-0.000107,-0.000117,-5e-06,1.3e-05,1.1e-05,-0.25263
615,0.115505,-0.03387,0.326814,0.284682,0.364009,-0.886848,-0.538977,-0.704216,-0.462121,-0.79311,0.609092,-0.003185,-1e-06,-3e-06,-3e-06,0.0,0.0,0.0,-0.038027,-0.209458,-0.02225,0.367999,-0.924093,0.109648,0.366088,-0.046165,-0.982883,0.178169,0.380516,0.147618,0.912841,0.001523,-0.001056,0.016606,-0.034488,-0.000826,0.008246,0.511786,0.023949,0.033427,0.009551,0.930616,-0.127949,0.342901,0.09825,0.989848,0.102702,-0.352561,-0.061886,0.933739,0.00074,-0.000613,0.008237,-0.037337,0.001136,0.009635,0.510159,0.055984,0.023361,-0.055565,-0.099281,-0.44529,-0.889865,0.476701,0.763698,-0.43534,0.873441,-0.46742,0.136449,1e-06,3e-06,3e-06,-1e-06,-4e-06,1.4e-05,-0.25263
616,0.115505,-0.03387,0.326814,0.284682,0.364009,-0.886848,-0.538977,-0.704216,-0.462121,-0.79311,0.609092,-0.003185,-0.0,-0.0,-0.0,0.0,0.0,0.0,-0.038912,-0.209414,-0.022341,0.368515,-0.924316,0.107434,0.366183,-0.044995,-0.983457,0.175273,0.380115,0.145408,0.913363,0.001004,-0.005372,0.013165,0.120836,-0.224752,-0.140483,0.50949,0.023971,0.033387,0.009814,0.930572,-0.126353,0.343613,0.097348,0.990166,0.100465,-0.352929,-0.06004,0.933721,0.000522,-0.002446,0.006774,0.233883,-0.392239,-0.159582,0.508362,0.055984,0.023361,-0.055565,-0.099281,-0.44529,-0.889865,0.476701,0.763698,-0.43534,0.873441,-0.46742,0.13645,1e-06,2e-06,2e-06,9e-06,-2.3e-05,1.6e-05,-0.25263
617,0.115494,-0.033869,0.326815,0.284661,0.364,-0.886858,-0.538984,-0.704223,-0.462102,-0.793113,0.609089,-0.003175,-0.0,-0.0,-0.0,0.0,0.0,0.0,-0.040888,-0.209384,-0.022444,0.368773,-0.924304,0.107518,0.366187,-0.044814,-0.983349,0.175924,0.380164,0.146074,0.913236,0.000223,0.001861,0.001477,3.4e-05,-5.1e-05,-2.6e-05,0.501628,0.023986,0.033331,0.009946,0.93093,-0.125843,0.342828,0.096842,0.990211,0.10051,-0.352121,-0.060368,0.934004,9.1e-05,0.000803,0.000636,-0.001911,0.002438,0.000932,0.501504,0.055978,0.023362,-0.055565,-0.099261,-0.445278,-0.889873,0.476704,0.763707,-0.435321,0.873441,-0.467416,0.13646,0.0,0.0,2e-06,2e-06,-9e-06,1.2e-05,-0.253283
618,0.115485,-0.033853,0.326816,0.284675,0.364001,-0.886853,-0.53896,-0.704236,-0.46211,-0.793124,0.609074,-0.003196,1e-06,5e-06,6e-06,0.0,0.0,0.0,-0.042641,-0.209368,-0.022515,0.368872,-0.925174,0.105845,0.364473,-0.043976,-0.983668,0.174348,0.378134,0.145153,0.914225,0.00043,-0.010162,0.009364,0.263953,-0.442073,-0.252006,0.49374,0.023994,0.033294,0.009995,0.931032,-0.125464,0.342689,0.096454,0.99025,0.100495,-0.351957,-0.060511,0.934057,0.000199,-0.005189,0.004594,0.263939,-0.442026,-0.251749,0.491707,0.055973,0.02337,-0.055564,-0.099275,-0.44528,-0.88987,0.47668,0.763715,-0.435333,0.873452,-0.467401,0.136439,-1e-06,-4e-06,-1e-06,-1e-06,5e-06,-5e-06,-0.254752
619,0.115485,-0.033845,0.32681,0.284691,0.364003,-0.886847,-0.538936,-0.704247,-0.462122,-0.793135,0.60906,-0.003219,0.0,0.0,0.0,0.0,0.0,0.0,-0.043007,-0.209378,-0.02253,0.368887,-0.925166,0.105801,0.364507,-0.04391,-0.983665,0.174381,0.378163,0.145205,0.914205,0.0,0.0,0.0,0.00439,-0.00663,-0.003424,0.486095,0.023989,0.033285,0.010001,0.931875,-0.124255,0.340835,0.09592,0.99047,0.098834,-0.349868,-0.059408,0.934913,-1e-05,-6.2e-05,-5e-05,-0.011837,0.013348,0.000399,0.485502,0.055974,0.023374,-0.055567,-0.099291,-0.445285,-0.889866,0.476656,0.763721,-0.435348,0.873464,-0.467386,0.136417,1e-06,-4e-06,-3e-06,-1e-06,5e-06,8e-06,-0.255079
620,0.115485,-0.033837,0.326803,0.284834,0.364054,-0.88678,-0.538871,-0.704213,-0.462249,-0.793128,0.609069,-0.003305,0.0,0.0,0.0,0.0,0.0,0.0,-0.046726,-0.209354,-0.022555,0.368919,-0.926086,0.104456,0.362554,-0.043491,-0.983976,0.172721,0.375948,0.144067,0.915298,7.3e-05,0.000609,0.000483,0.002698,-0.004073,-0.002103,0.472272,0.024001,0.03327,0.010015,0.932777,-0.123094,0.338781,0.095436,0.990679,0.097191,-0.347587,-0.058326,0.935831,4.6e-05,0.000388,0.000309,-0.011668,0.013808,0.00161,0.46705,0.055974,0.023378,-0.055571,-0.099432,-0.445357,-0.889814,0.476615,0.763671,-0.43548,0.87347,-0.4674,0.13633,2e-06,-2e-06,-2e-06,-8e-06,1.9e-05,-1.1e-05,-0.256549
621,0.115491,-0.033806,0.326822,0.284923,0.364085,-0.886739,-0.538823,-0.704198,-0.462328,-0.793128,0.609067,-0.003365,9.4e-05,0.000405,0.000443,0.0,0.0,0.0,-0.049231,-0.209299,-0.022581,0.36896,-0.927884,0.101583,0.358751,-0.042473,-0.984621,0.169268,0.371592,0.141709,0.917443,5.4e-05,0.000453,0.000359,0.043121,-0.065087,-0.033597,0.448908,0.024028,0.033257,0.010036,0.934586,-0.120648,0.334652,0.094403,0.991116,0.093677,-0.342981,-0.055957,0.937673,3.3e-05,0.000282,0.000223,0.033823,-0.055874,-0.035927,0.442719,0.055977,0.023393,-0.055561,-0.09952,-0.4454,-0.889783,0.476582,0.763645,-0.435563,0.873478,-0.467402,0.136271,6.9e-05,0.000295,0.000322,6e-06,3e-06,-8e-06,-0.258835
622,0.115497,-0.033782,0.326848,0.284997,0.364114,-0.886704,-0.538799,-0.704172,-0.462396,-0.793118,0.609081,-0.003402,0.000223,0.000962,0.001051,0.0,0.0,0.0,-0.049352,-0.209265,-0.022592,0.368989,-0.927909,0.101766,0.358635,-0.042634,-0.984591,0.169399,0.371512,0.141781,0.917464,8.4e-05,0.000702,0.000557,0.000631,-0.000951,-0.000491,0.439015,0.024045,0.033252,0.01005,0.934559,-0.120781,0.334678,0.094452,0.991088,0.09392,-0.34304,-0.056163,0.937639,5.2e-05,0.000443,0.00035,-0.008177,0.010366,0.002397,0.427697,0.055979,0.023404,-0.055549,-0.099592,-0.445439,-0.889755,0.476572,0.763612,-0.435631,0.873475,-0.467418,0.136234,0.00014,0.000606,0.000661,4e-06,7e-06,1.7e-05,-0.259488
623,0.115497,-0.033728,0.326907,0.285142,0.364169,-0.886634,-0.538754,-0.70412,-0.462528,-0.793097,0.609107,-0.003476,0.000247,0.001066,0.001164,0.0,0.0,0.0,-0.050061,-0.209203,-0.022638,0.369106,-0.927877,0.101601,0.358765,-0.042342,-0.984563,0.169636,0.371626,0.142095,0.917369,0.000504,-0.00955,0.00985,-0.036405,0.011395,-0.017781,0.426427,0.024076,0.033234,0.010106,0.9345,-0.120668,0.334883,0.094206,0.991082,0.094232,-0.343268,-0.056512,0.937535,4.1e-05,0.000358,0.000282,3.7e-05,0.00028,0.000612,0.404836,0.05598,0.023432,-0.055519,-0.099734,-0.445515,-0.889701,0.476553,0.763548,-0.435764,0.873469,-0.46745,0.13616,0.000149,0.000646,0.000706,0.0,3e-06,2.7e-05,-0.260304
624,0.11551,-0.033675,0.326964,0.28518,0.364184,-0.886616,-0.538741,-0.704106,-0.462563,-0.793092,0.609114,-0.003496,0.00021,0.000909,0.000992,0.0,0.0,0.0,-0.050692,-0.209153,-0.022712,0.369227,-0.927849,0.101479,0.358872,-0.042075,-0.984523,0.169935,0.371726,0.142459,0.917272,0.000603,-0.008724,0.010505,-0.034522,-0.000774,0.008271,0.40816,0.024101,0.033194,0.010165,0.934477,-0.120539,0.334994,0.093949,0.991078,0.094538,-0.343401,-0.056871,0.937464,0.006976,-0.000312,-0.00065,0.00218,-0.015163,0.029628,0.388017,0.055986,0.023459,-0.055489,-0.099771,-0.445536,-0.889686,0.476548,0.76353,-0.435801,0.873468,-0.467459,0.13614,0.000122,0.000533,0.000581,-4e-06,-3e-06,-4e-06,-0.261121
625,0.115506,-0.033639,0.327004,0.28527,0.364219,-0.886573,-0.538713,-0.704074,-0.462645,-0.793079,0.609131,-0.003542,0.00018,0.000777,0.000847,0.0,0.0,0.0,-0.052106,-0.209154,-0.022801,0.369262,-0.927783,0.101064,0.359161,-0.041562,-0.984534,0.169995,0.371951,0.142676,0.917147,-0.000166,-0.001394,-0.001105,0.0,-0.0,-0.0,0.34129,0.024101,0.033151,0.010189,0.934439,-0.120121,0.335252,0.093451,0.991115,0.094641,-0.343642,-0.057106,0.937362,-0.000113,-0.000938,-0.000745,-0.012902,0.083884,-0.179597,0.327273,0.055984,0.023477,-0.05547,-0.099859,-0.445582,-0.889653,0.476537,0.76349,-0.435883,0.873464,-0.46748,0.136095,0.000128,0.000554,0.000605,8e-06,-7e-06,4e-06,-0.261774
626,0.115509,-0.033627,0.327017,0.285306,0.364233,-0.886555,-0.538702,-0.704061,-0.462678,-0.793074,0.609137,-0.00356,0.000295,0.001276,0.001392,0.000719,-0.013641,0.025377,-0.051888,-0.209125,-0.022823,0.369243,-0.927129,0.100229,0.361077,-0.041261,-0.984928,0.167773,0.373613,0.140535,0.916802,-0.000128,-0.001075,-0.000852,0.0,0.0,-0.0,0.288778,0.024116,0.033139,0.010178,0.93389,-0.119114,0.337135,0.093091,0.991361,0.09239,-0.345228,-0.054897,0.936911,-8.3e-05,-0.000692,-0.00055,-0.001641,-0.001541,0.000974,0.279102,0.055985,0.023482,-0.055465,-0.099896,-0.445602,-0.889639,0.476532,0.763474,-0.435917,0.873462,-0.467488,0.136076,0.000138,0.000595,0.000648,0.000727,-0.013646,0.025365,-0.2621
627,0.115512,-0.033615,0.327029,0.285343,0.364247,-0.886538,-0.53869,-0.704048,-0.462712,-0.793068,0.609144,-0.003579,2.1e-05,9.2e-05,0.000101,0.0,0.0,0.0,-0.051999,-0.209103,-0.022877,0.369159,-0.924572,0.103303,0.366724,-0.046384,-0.985819,0.161069,0.379322,0.131793,0.915756,-0.000343,-0.002878,-0.002283,0.011521,-0.071346,0.153554,0.158168,0.024127,0.033115,0.010139,0.93137,-0.121518,0.343193,0.097907,0.991526,0.085376,-0.35066,-0.045915,0.935376,-0.000131,-0.001111,-0.00088,-0.003127,-0.003202,0.000922,0.12169,0.055987,0.02349,-0.055456,-0.099932,-0.445621,-0.889626,0.476528,0.763457,-0.435951,0.87346,-0.467497,0.136057,1e-05,3.7e-05,4.2e-05,1.2e-05,-1e-06,-1.2e-05,-0.262264
628,0.115515,-0.033595,0.327036,0.285396,0.364264,-0.886514,-0.538653,-0.704046,-0.462757,-0.793074,0.609137,-0.00362,1.3e-05,5.4e-05,5.9e-05,0.0,0.0,0.0,-0.052094,-0.209084,-0.022996,0.369076,-0.919766,0.135955,0.368154,-0.081862,-0.983827,0.159112,0.384986,0.11605,0.915523,-0.000377,-0.003165,-0.002514,0.054936,0.023743,0.136614,0.035625,0.024136,0.033053,0.010096,0.925138,-0.153759,0.347096,0.133195,0.98765,0.082502,-0.355495,-0.030095,0.934193,-0.000221,-0.001885,-0.001497,0.183354,0.093041,0.43325,-0.038334,0.055989,0.023499,-0.055454,-0.099984,-0.445645,-0.889607,0.476499,0.763447,-0.436,0.87347,-0.467491,0.136017,3e-06,1.2e-05,1.5e-05,9e-06,9e-06,-2.6e-05,-0.262754
629,0.115515,-0.033595,0.327036,0.285396,0.364264,-0.886514,-0.538653,-0.704046,-0.462757,-0.793074,0.609137,-0.00362,0.0,1e-06,1e-06,0.0,0.0,0.0,-0.052839,-0.209094,-0.023078,0.36901,-0.917198,0.152179,0.368212,-0.09923,-0.982232,0.159082,0.387029,0.109193,0.915504,-0.000564,-0.004737,-0.003765,-0.000399,0.012796,-0.022369,-0.039881,0.024131,0.033015,0.010065,0.921787,-0.169976,0.348446,0.150661,0.985176,0.082019,-0.357223,-0.023107,0.933733,-0.000243,-0.002082,-0.001656,0.004239,-0.000437,0.011744,-0.124715,0.055989,0.023499,-0.055454,-0.099984,-0.445645,-0.889608,0.476499,0.763447,-0.436,0.87347,-0.467491,0.136017,-2e-06,-1.4e-05,-1.5e-05,1.9e-05,-8e-06,-7e-06,-0.262917
630,0.115516,-0.033589,0.327042,0.285414,0.364271,-0.886505,-0.538648,-0.704039,-0.462774,-0.793072,0.60914,-0.00363,0.0,1e-06,1e-06,0.0,0.0,0.0,-0.053596,-0.209114,-0.023235,0.368872,-0.913303,0.173306,0.368556,-0.121918,-0.979708,0.158879,0.389758,0.099966,0.915401,-0.000354,-0.00297,-0.002364,0.000134,5.8e-05,0.000332,-0.161699,0.024121,0.032929,0.009991,0.916924,-0.1908,0.350491,0.173186,0.981532,0.081249,-0.359521,-0.013798,0.933035,-0.000171,-0.001459,-0.001162,-0.000432,-0.001209,-0.000714,-0.268901,0.055989,0.023502,-0.055451,-0.100002,-0.445655,-0.889601,0.476497,0.763439,-0.436017,0.873469,-0.467495,0.136007,1e-06,-9e-06,-1.2e-05,1.6e-05,-3e-06,-1.3e-05,-0.263243
631,0.115519,-0.033578,0.327055,0.285451,0.364285,-0.886487,-0.538636,-0.704026,-0.462808,-0.793066,0.609147,-0.003648,2.4e-05,0.000103,0.000112,0.0,0.0,0.0,-0.054397,-0.20915,-0.023253,0.368834,-0.911811,0.192249,0.362813,-0.140087,-0.976174,0.165513,0.387133,0.099862,0.916526,-0.000457,0.009959,-0.009528,0.201882,0.056657,0.482182,-0.370245,0.024102,0.032915,0.009974,0.914478,-0.209551,0.346146,0.190871,0.977696,0.087621,-0.356787,-0.014058,0.934079,-4e-06,-2e-05,-1.3e-05,0.563304,0.243576,1.559811,-0.431212,0.055991,0.023508,-0.055444,-0.100038,-0.445674,-0.889587,0.476492,0.763422,-0.436051,0.873468,-0.467503,0.135989,1.5e-05,5.4e-05,5.8e-05,1.3e-05,4e-06,-1.7e-05,-0.263897
632,0.11553,-0.033579,0.327054,0.285472,0.364294,-0.886477,-0.538629,-0.704018,-0.462828,-0.793064,0.60915,-0.003658,0.0,1e-06,1e-06,0.0,0.0,0.0,-0.05488,-0.209174,-0.023191,0.36878,-0.913993,0.192865,0.356948,-0.140391,-0.9757,0.168028,0.381829,0.103234,0.918375,-0.0,-3e-06,-2e-06,-0.140612,-0.198398,0.073621,-0.514697,0.024091,0.032951,0.009944,0.916347,-0.211078,0.340226,0.191805,0.977321,0.089737,-0.351452,-0.016973,0.936051,-0.000206,0.005156,-0.004625,-0.565614,-0.619102,0.337376,-0.55172,0.055996,0.023507,-0.055445,-0.100059,-0.445686,-0.889579,0.476489,0.763413,-0.436071,0.873467,-0.467508,0.135979,1e-06,-1e-05,-1.3e-05,2.3e-05,-9e-06,2e-06,-0.26406
633,0.11553,-0.033579,0.327054,0.285472,0.364294,-0.886477,-0.538629,-0.704018,-0.462828,-0.793064,0.60915,-0.003658,0.0,0.0,0.0,0.0,0.0,0.0,-0.054684,-0.209203,-0.022843,0.368415,-0.91457,0.202068,0.350316,-0.148612,-0.97346,0.173854,0.377297,0.106699,0.919851,-0.0007,0.007916,-0.011151,-0.521212,-0.529563,0.304104,-0.887679,0.024077,0.033127,0.00977,0.916076,-0.220502,0.334935,0.199943,0.975177,0.095139,-0.3476,-0.020187,0.937425,-0.000288,0.004525,-0.005159,-1.812711,-1.774896,1.059306,-0.824905,0.055996,0.023507,-0.055445,-0.100059,-0.445686,-0.889579,0.476489,0.763413,-0.436071,0.873467,-0.467508,0.135979,4e-06,-3e-06,-8e-06,8e-06,1.3e-05,-1.8e-05,-0.264223
634,0.11553,-0.033579,0.327054,0.285472,0.364294,-0.886477,-0.538629,-0.704018,-0.462828,-0.793064,0.60915,-0.003658,0.0,0.0,0.0,0.0,0.0,0.0,-0.05514,-0.209258,-0.022402,0.36772,-0.916286,0.20543,0.343816,-0.151005,-0.972197,0.178784,0.372136,0.111653,0.921364,-0.001601,0.014152,-0.023637,0.070886,-0.010698,0.009511,-1.322942,0.024049,0.033354,0.009421,0.917535,-0.224714,0.328072,0.202541,0.974078,0.100743,-0.342207,-0.025987,0.939264,-0.000809,0.006908,-0.011951,0.076536,-0.005334,0.006356,-0.848582,0.055996,0.023507,-0.055445,-0.100059,-0.445686,-0.889579,0.476489,0.763413,-0.436071,0.873467,-0.467508,0.135978,5e-06,-2e-06,-6e-06,5e-06,1.8e-05,-1.9e-05,-0.26455
635,0.115529,-0.033585,0.327047,0.285453,0.364287,-0.886486,-0.538635,-0.704025,-0.462811,-0.793066,0.609147,-0.003649,-8.7e-05,-0.000377,-0.000411,0.0,0.0,0.0,-0.055174,-0.209272,-0.021977,0.366917,-0.91797,0.208496,0.337419,-0.153232,-0.97098,0.183444,0.367028,0.116443,0.922819,-0.00167,0.013576,-0.024096,0.07092,-0.010694,0.009476,-1.399796,0.024043,0.033558,0.009026,0.918837,-0.228293,0.321899,0.20484,0.9731,0.105428,-0.337309,-0.030933,0.940885,-0.000592,0.001819,-0.007281,0.037814,0.003938,-0.010198,-0.849072,0.055996,0.023505,-0.055447,-0.100041,-0.445676,-0.889585,0.476491,0.763421,-0.436054,0.873468,-0.467503,0.135988,-6.5e-05,-0.000295,-0.000325,0.0,2.4e-05,-2e-05,-0.264713
636,0.11554,-0.033586,0.327046,0.285474,0.364296,-0.886476,-0.538628,-0.704017,-0.46283,-0.793063,0.60915,-0.003659,-1e-06,-6e-06,-7e-06,0.0,0.0,0.0,-0.055199,-0.209281,-0.021806,0.366502,-0.918051,0.211626,0.335243,-0.154786,-0.96974,0.188625,0.36617,0.121022,0.92257,-0.001799,0.012501,-0.024959,0.049849,-0.015972,0.022645,-1.400702,0.024038,0.033644,0.008819,0.918614,-0.231642,0.320138,0.206512,0.972145,0.110842,-0.336896,-0.035709,0.940863,-0.000672,0.001146,-0.007823,-0.001841,-0.057432,0.020243,-0.849889,0.056001,0.023503,-0.055449,-0.100061,-0.445688,-0.889578,0.476488,0.763412,-0.436073,0.873467,-0.467507,0.135978,3e-06,2e-06,-2e-06,1e-05,3e-06,-1e-05,-0.264876
637,0.115542,-0.033581,0.327053,0.285492,0.364303,-0.886467,-0.538622,-0.704011,-0.462847,-0.793061,0.609154,-0.003668,8.7e-05,0.000377,0.000411,0.0,0.0,0.0,-0.056007,-0.20933,-0.021561,0.365754,-0.91512,0.219709,0.338044,-0.158931,-0.967067,0.198633,0.371703,0.127783,0.919441,-0.001287,0.003016,-0.015081,-0.021592,0.018059,0.224921,-1.401922,0.024013,0.033767,0.008438,0.915347,-0.239198,0.323918,0.210675,0.970039,0.12099,-0.343154,-0.042506,0.938316,-0.000604,0.001729,-0.007361,-0.010188,0.087043,0.047892,-0.850379,0.056002,0.023505,-0.055447,-0.100078,-0.445698,-0.889571,0.476486,0.763404,-0.43609,0.873466,-0.467511,0.135969,5.9e-05,0.000251,0.000272,2e-05,-1.9e-05,6e-06,-0.265203
638,0.115532,-0.033573,0.32706,0.28549,0.364301,-0.886468,-0.538623,-0.704012,-0.462844,-0.793061,0.609153,-0.003668,9e-06,3.9e-05,4.2e-05,0.0,0.0,0.0,-0.056867,-0.209333,-0.021401,0.365184,-0.913346,0.227839,0.33746,-0.166469,-0.965213,0.201458,0.372768,0.127549,0.919042,-0.001258,0.003267,-0.014889,0.033368,0.002264,-0.007357,-1.402732,0.024011,0.033849,0.008149,0.913241,-0.247489,0.323634,0.218578,0.967979,0.123443,-0.343822,-0.041994,0.938094,-0.000619,0.001631,-0.007446,0.048826,-0.007736,-0.013203,-0.848092,0.055997,0.02351,-0.055442,-0.100076,-0.445696,-0.889572,0.476487,0.763405,-0.436088,0.873466,-0.467512,0.135969,4e-06,1.1e-05,1.2e-05,1.1e-05,7e-06,-9e-06,-0.265693
639,0.115532,-0.033573,0.32706,0.28549,0.364301,-0.886468,-0.538623,-0.704012,-0.462844,-0.793061,0.609153,-0.003668,0.0,1e-06,1e-06,0.0,0.0,0.0,-0.057534,-0.209357,-0.021397,0.364925,-0.91336,0.227565,0.337607,-0.166386,-0.965345,0.200893,0.372771,0.12704,0.919111,-0.001453,0.001648,-0.016201,0.034512,0.00086,-0.008229,-1.402802,0.024,0.033853,0.008027,0.913312,-0.247151,0.323691,0.218464,0.968091,0.122769,-0.343705,-0.041412,0.938163,-0.000724,0.000764,-0.008146,0.036476,-0.000897,-0.010218,-0.850215,0.055997,0.02351,-0.055442,-0.100076,-0.445696,-0.889572,0.476487,0.763405,-0.436088,0.873466,-0.467512,0.135969,-1e-06,-6e-06,-8e-06,1.8e-05,-6e-06,-4e-06,-0.266019
640,0.115542,-0.033583,0.327066,0.285495,0.364308,-0.886464,-0.538641,-0.703993,-0.462853,-0.793047,0.609171,-0.003655,0.0,0.0,0.0,0.0,0.0,0.0,-0.057906,-0.209396,-0.021603,0.364256,-0.913373,0.226057,0.338585,-0.165204,-0.965832,0.199523,0.373268,0.126031,0.919049,-0.002343,-0.005734,-0.022209,0.032672,0.013309,-0.034153,-1.402904,0.023982,0.033761,0.007702,0.913447,-0.245549,0.324528,0.217232,0.968542,0.121389,-0.344127,-0.040384,0.938053,-0.001174,-0.002973,-0.011188,0.032361,0.013166,-0.035074,-0.851685,0.056002,0.023505,-0.055439,-0.10008,-0.445703,-0.889568,0.476508,0.763389,-0.436093,0.873454,-0.467531,0.135981,1e-06,-2e-06,-5e-06,5e-06,1e-05,-2.1e-05,-0.266509
641,0.115554,-0.033584,0.327065,0.285515,0.364317,-0.886453,-0.538634,-0.703985,-0.462872,-0.793045,0.609175,-0.003665,0.0,0.0,0.0,0.0,0.0,0.0,-0.058611,-0.209425,-0.021992,0.363329,-0.913393,0.224696,0.339436,-0.164256,-0.966306,0.198003,0.373637,0.124829,0.919063,-0.002971,-0.010888,-0.026501,0.032676,0.013352,-0.034132,-1.402825,0.023967,0.033567,0.007239,0.913569,-0.244103,0.325274,0.216223,0.968957,0.119869,-0.344437,-0.039177,0.937991,0.00547,-0.006321,-0.014362,0.032613,0.01055,-0.031411,-0.852175,0.056008,0.023504,-0.05544,-0.100101,-0.445715,-0.88956,0.476505,0.763379,-0.436112,0.873454,-0.467535,0.135971,3e-06,-1e-06,-5e-06,5e-06,8e-06,-1.9e-05,-0.267162
642,0.115555,-0.033586,0.327078,0.285518,0.364322,-0.886451,-0.538653,-0.703967,-0.462878,-0.793031,0.609192,-0.003652,1.7e-05,7.4e-05,8.1e-05,0.0,0.0,0.0,-0.060032,-0.209401,-0.022526,0.362007,-0.914461,0.22178,0.338476,-0.162853,-0.96732,0.194177,0.371628,0.122178,0.920233,-0.004045,-0.019713,-0.033938,0.030937,0.025801,-0.060063,-1.403036,0.02398,0.033308,0.006584,0.914765,-0.241283,0.324016,0.214703,0.969766,0.115996,-0.342208,-0.036542,0.938912,0.004732,-0.005699,-0.022787,0.063685,0.015919,-0.038468,-0.853155,0.056008,0.023503,-0.055433,-0.100102,-0.44572,-0.889557,0.476527,0.763364,-0.436114,0.873441,-0.467554,0.135983,1.2e-05,4.1e-05,4.2e-05,6e-06,8e-06,-1.6e-05,-0.267815
643,0.115545,-0.033579,0.327085,0.285515,0.36432,-0.886452,-0.538654,-0.703968,-0.462875,-0.793031,0.609192,-0.003651,3.9e-05,0.000168,0.000183,0.0,0.0,0.0,-0.060071,-0.209364,-0.02284,0.361169,-0.915513,0.219535,0.337091,-0.161902,-0.96809,0.191109,0.36944,0.120122,0.921383,0.009267,-0.012905,-0.046989,0.105488,-0.055333,-0.042153,-1.402986,0.023993,0.033145,0.006168,0.915914,-0.239201,0.322309,0.213728,0.970359,0.112794,-0.339736,-0.034423,0.93989,-0.002502,-0.007102,-0.023628,0.09346,-0.020344,-0.10062,-0.854134,0.056003,0.023507,-0.055429,-0.1001,-0.445718,-0.889558,0.476528,0.763365,-0.436111,0.873441,-0.467554,0.135984,2.4e-05,0.0001,0.000109,1.8e-05,-1.4e-05,-1.6e-05,-0.267979
644,0.115531,-0.033543,0.327139,0.285586,0.36435,-0.886417,-0.538651,-0.703926,-0.462943,-0.793007,0.609223,-0.003674,0.000282,0.001218,0.001327,0.0,0.0,0.0,-0.060895,-0.209258,-0.023515,0.359388,-0.916104,0.219656,0.335404,-0.162343,-0.968056,0.190908,0.367775,0.120177,0.922042,-0.004551,-0.023805,-0.037844,0.030863,0.026176,-0.059875,-1.403167,0.02405,0.032804,0.005267,0.916394,-0.239455,0.320751,0.214074,0.970288,0.112747,-0.338219,-0.034656,0.940428,0.004502,-0.007883,-0.024865,0.068497,0.01522,-0.039427,-0.847929,0.055997,0.023523,-0.055404,-0.10017,-0.445758,-0.88953,0.476541,0.763321,-0.436176,0.873426,-0.467589,0.135961,0.000181,0.000776,0.000845,0.0,2.4e-05,2e-06,-0.268632
645,0.115507,-0.033449,0.327239,0.285779,0.364422,-0.886325,-0.53859,-0.703857,-0.463117,-0.792979,0.609259,-0.003773,0.000692,0.00299,0.003255,0.000719,-0.013639,0.025378,-0.062666,-0.209248,-0.024123,0.357573,-0.916707,0.223057,0.33149,-0.164163,-0.966575,0.196767,0.365452,0.12569,0.922231,0.009265,-0.013445,-0.048151,-0.065186,0.211692,0.069063,-1.403646,0.024053,0.032487,0.004342,0.916917,-0.242761,0.316748,0.215747,0.969255,0.118311,-0.335732,-0.040144,0.941101,0.004661,-0.006694,-0.024045,-0.107259,0.272747,0.079809,-0.848746,0.055984,0.023568,-0.055357,-0.100341,-0.445848,-0.889466,0.476519,0.763244,-0.436335,0.873419,-0.46763,0.13587,0.000259,0.001119,0.001218,1.1e-05,-3e-06,-1e-06,-0.269775
646,0.115506,-0.033401,0.327291,0.285905,0.364471,-0.886264,-0.53855,-0.703812,-0.463232,-0.792961,0.609282,-0.003838,0.000578,0.0025,0.002721,0.0,0.0,0.0,-0.063178,-0.209296,-0.024377,0.356693,-0.917767,0.224676,0.327438,-0.165214,-0.965745,0.199936,0.362296,0.129126,0.923001,-0.004743,-0.011383,-0.045765,-0.487933,-0.50475,0.245656,-1.403249,0.02403,0.032362,0.003918,0.917342,-0.2449,0.313859,0.217073,0.968587,0.121319,-0.333711,-0.043161,0.941686,-0.002319,-0.005344,-0.022619,-1.744329,-1.866539,1.176808,-0.849235,0.055984,0.023594,-0.055328,-0.100482,-0.445924,-0.889412,0.4765,0.763179,-0.436468,0.873412,-0.467663,0.135797,0.00034,0.001471,0.001602,0.000734,-0.013645,0.02538,-0.270265
647,0.115504,-0.033318,0.327396,0.286123,0.364558,-0.886158,-0.538501,-0.703716,-0.463435,-0.792916,0.60934,-0.003935,0.000528,0.002282,0.002481,0.000719,-0.013639,0.025378,-0.065715,-0.209491,-0.02479,0.354876,-0.91836,0.229077,0.322691,-0.168283,-0.963989,0.205764,0.359361,0.134385,0.923398,-0.019154,-0.011973,-0.04581,-0.272814,0.069012,0.324524,-1.403456,0.023939,0.03216,0.003013,0.91824,-0.249032,0.307922,0.219863,0.967275,0.126643,-0.329384,-0.048588,0.942944,-0.002622,-0.000939,-0.02798,-0.837356,-0.110881,0.491547,-0.849072,0.055983,0.023637,-0.055274,-0.100696,-0.446042,-0.889328,0.476495,0.763068,-0.436668,0.873391,-0.467731,0.135698,0.000249,0.001084,0.00118,0.000731,-0.013636,0.025388,-0.271735
648,0.11552,-0.033303,0.327427,0.286201,0.364594,-0.886118,-0.538495,-0.703671,-0.46351,-0.792892,0.609371,-0.00396,5e-06,2e-05,2.2e-05,0.0,0.0,0.0,-0.066888,-0.209831,-0.025133,0.352867,-0.91943,0.233525,0.316393,-0.171112,-0.9619,0.21308,0.355254,0.141491,0.923925,-0.005539,-0.003524,-0.057757,0.090758,-0.041099,0.146273,-1.403358,0.023764,0.031986,0.002014,0.918286,-0.254813,0.303017,0.223209,0.965329,0.135335,-0.326997,-0.05664,0.943326,-0.002544,-0.007036,-0.024382,0.065523,0.044451,-0.051088,-0.851521,0.055992,0.023647,-0.055256,-0.100772,-0.446088,-0.889297,0.476506,0.763019,-0.436741,0.873376,-0.467767,0.135673,-1.5e-05,-6e-05,-6.5e-05,1.1e-05,-9e-06,-1.5e-05,-0.272878
649,0.115525,-0.033334,0.327394,0.28613,0.364567,-0.886152,-0.538518,-0.703696,-0.463446,-0.792902,0.609358,-0.003924,-0.000267,-0.001156,-0.001257,0.0,0.0,0.0,-0.067328,-0.210198,-0.025486,0.3507,-0.919479,0.240341,0.311103,-0.175649,-0.959031,0.222126,0.3529,0.149304,0.923598,-0.005732,-0.004678,-0.059184,0.085694,-0.067523,0.146885,-1.403821,0.023582,0.031811,0.000952,0.917776,-0.262087,0.298323,0.228,0.96288,0.14449,-0.325119,-0.064592,0.943464,-0.009835,-0.007615,-0.02471,-0.089421,-0.221527,0.190433,-0.855604,0.055994,0.023632,-0.055271,-0.10072,-0.446061,-0.889316,0.476513,0.763043,-0.436692,0.873378,-0.467754,0.1357,-2.9e-05,-0.00012,-0.000129,3e-06,8e-06,1.9e-05,-0.273694
650,0.115525,-0.033334,0.327394,0.28613,0.364567,-0.886152,-0.538518,-0.703696,-0.463446,-0.792902,0.609358,-0.003924,-5e-06,-2e-05,-2.2e-05,0.0,0.0,0.0,-0.067434,-0.210339,-0.025677,0.349608,-0.920489,0.242602,0.306323,-0.177736,-0.957979,0.224988,0.349192,0.15236,0.924508,-0.00591,-0.005906,-0.060497,0.063171,-0.109204,0.129506,-1.404061,0.02351,0.031716,0.000386,0.918589,-0.264706,0.293466,0.230223,0.961962,0.147058,-0.321231,-0.067523,0.94459,-0.002664,-0.007714,-0.0253,-0.102768,-0.150546,0.029201,-0.857563,0.055993,0.023629,-0.055275,-0.100702,-0.446051,-0.889323,0.476514,0.763051,-0.436676,0.873379,-0.46775,0.135709,-2e-06,-1e-06,-2e-06,-7e-06,1.1e-05,6e-06,-0.273857
651,0.115503,-0.033326,0.327403,0.286107,0.364556,-0.886164,-0.538526,-0.703705,-0.463423,-0.792905,0.609354,-0.003913,2.8e-05,0.000121,0.000132,0.0,0.0,0.0,-0.068449,-0.210682,-0.025956,0.347439,-0.923375,0.248257,0.292811,-0.182386,-0.954763,0.234726,0.338999,0.163033,0.926479,-0.005664,-0.003595,-0.058827,-0.049324,-0.23715,0.219635,-1.40371,0.023335,0.031569,-0.000726,0.920749,-0.271516,0.280175,0.235156,0.959229,0.156781,-0.311321,-0.078471,0.947058,-0.002793,-0.001756,-0.029363,-0.055073,-0.243204,0.221493,-0.857237,0.055983,0.023633,-0.055271,-0.100679,-0.446038,-0.889332,0.476518,0.763062,-0.436653,0.87338,-0.467745,0.13572,1.6e-05,7.7e-05,8.6e-05,-3e-06,5e-06,-5e-06,-0.274184
652,0.115495,-0.033312,0.327417,0.286123,0.364562,-0.886157,-0.538521,-0.703699,-0.463437,-0.792903,0.609357,-0.003921,1e-06,6e-06,6e-06,0.0,0.0,0.0,-0.069247,-0.21111,-0.026056,0.345341,-0.923764,0.255521,0.285237,-0.187417,-0.951088,0.245442,0.335163,0.17296,0.926075,-0.004666,-0.008991,-0.045524,-0.091711,0.245895,0.090157,-1.404113,0.023121,0.031514,-0.00178,0.920812,-0.278821,0.272695,0.240052,0.95626,0.167156,-0.307374,-0.088458,0.947468,-0.002278,-0.004338,-0.022606,-0.143778,0.324258,0.096193,-0.85936,0.055979,0.023641,-0.055263,-0.100695,-0.446046,-0.889327,0.476517,0.763055,-0.436667,0.873379,-0.46775,0.135712,-1e-06,-9e-06,-1e-05,7e-06,-4e-06,-8e-06,-0.275
653,0.115483,-0.033319,0.327424,0.286213,0.3646,-0.886112,-0.538512,-0.70365,-0.463523,-0.792877,0.609392,-0.003953,0.0,0.0,0.0,0.0,0.0,0.0,-0.069584,-0.211345,-0.026082,0.344345,-0.923715,0.258912,0.282323,-0.189901,-0.949457,0.249805,0.333894,0.176819,0.925804,-0.004631,-0.008543,-0.045262,-0.080386,0.158262,0.267676,-1.404029,0.023005,0.031506,-0.002259,0.920564,-0.282221,0.27002,0.242451,0.954891,0.171465,-0.306231,-0.092378,0.947463,-0.009711,0.001119,-0.0266,-0.1555,0.400195,0.086007,-0.859686,0.055973,0.023637,-0.05526,-0.100783,-0.446096,-0.889291,0.476527,0.763001,-0.43675,0.873363,-0.467789,0.135679,-0.0,-7e-06,-9e-06,1e-05,-6e-06,-0.0,-0.275327
654,0.115449,-0.033323,0.327434,0.286261,0.364621,-0.886087,-0.538517,-0.703616,-0.463569,-0.792856,0.609418,-0.003964,0.0,0.0,0.0,0.0,0.0,0.0,-0.069621,-0.211948,-0.026119,0.342479,-0.923467,0.268277,0.274276,-0.195884,-0.94425,0.264489,0.331104,0.190191,0.924154,-0.019033,0.006297,-0.049717,-0.169507,0.220515,0.347391,-1.404149,0.022716,0.031482,-0.003177,0.919921,-0.291625,0.262106,0.24851,0.95069,0.185555,-0.303294,-0.10556,0.947031,-0.0093,-0.002092,-0.020354,-0.804468,-0.220087,0.715362,-0.861319,0.055956,0.023635,-0.055255,-0.100831,-0.446124,-0.889272,0.476544,0.762966,-0.436793,0.873348,-0.46782,0.135667,3e-06,-3e-06,-6e-06,4e-06,5e-06,-1e-06,-0.275653
655,0.115404,-0.033325,0.327445,0.286289,0.364633,-0.886074,-0.538528,-0.703589,-0.463596,-0.792838,0.609442,-0.003966,0.0,0.0,0.0,0.0,0.0,0.0,-0.070252,-0.212717,-0.025901,0.340839,-0.9231,0.278713,0.264944,-0.203309,-0.93841,0.279257,0.327622,0.203574,0.922542,-0.032709,0.013373,-0.042511,-0.054043,0.159669,0.257313,-1.403995,0.022336,0.031582,-0.004005,0.918423,-0.303245,0.254049,0.256482,0.945371,0.201221,-0.30119,-0.119647,0.946027,-0.009019,0.006859,-0.021438,-0.241256,0.294908,0.371889,-0.868667,0.055933,0.023634,-0.055249,-0.100858,-0.44614,-0.889261,0.476563,0.762941,-0.436816,0.873335,-0.467846,0.135665,3e-06,-0.0,-3e-06,-2e-06,1.4e-05,-1e-05,-0.275817
656,0.115368,-0.033343,0.327455,0.286177,0.364595,-0.886126,-0.538604,-0.703596,-0.463497,-0.792827,0.609457,-0.003881,-0.000232,-0.001001,-0.001088,0.0,0.0,0.0,-0.070032,-0.213695,-0.025268,0.339243,-0.92302,0.290254,0.252543,-0.212218,-0.931475,0.295386,0.322137,0.218695,0.921012,-0.032669,0.027083,-0.048537,0.043042,0.031509,0.220765,-1.404013,0.021841,0.031898,-0.004811,0.91694,-0.31618,0.243415,0.26582,0.938974,0.218326,-0.297591,-0.135488,0.94503,-0.016113,0.008385,-0.019682,-0.032422,0.12232,0.058336,-0.877648,0.055916,0.023627,-0.055242,-0.100747,-0.446086,-0.889301,0.476623,0.762964,-0.436709,0.873315,-0.467859,0.135748,-0.000132,-0.000576,-0.000627,0.0,7e-06,-6e-06,-0.276307
657,0.115356,-0.033349,0.327463,0.286267,0.364634,-0.886081,-0.538595,-0.703547,-0.463583,-0.792801,0.609491,-0.003913,-3e-06,-1.2e-05,-1.4e-05,0.004966,-0.094093,0.175158,-0.070329,-0.214329,-0.024756,0.338324,-0.923386,0.29855,0.241283,-0.218725,-0.925623,0.308732,0.316672,0.231935,0.919667,-0.032434,0.028799,-0.046946,-0.506395,-0.463603,0.568782,-1.404071,0.021536,0.032143,-0.005253,0.916416,-0.324264,0.23459,0.271892,0.934529,0.229628,-0.293692,-0.146652,0.944583,-0.016233,0.014079,-0.023755,-0.092046,0.160178,0.309759,-0.879444,0.055909,0.023621,-0.055241,-0.10071,-0.44607,-0.889313,0.47665,0.762967,-0.436674,0.873304,-0.467869,0.13578,0.0,-3e-06,-4e-06,4e-06,-5e-06,1e-05,-0.276307
658,0.115355,-0.033355,0.327457,0.286248,0.364626,-0.88609,-0.538601,-0.703553,-0.463566,-0.792803,0.609488,-0.003903,-6e-06,-2.8e-05,-3e-05,0.0,0.0,0.0,-0.06987,-0.215807,-0.023204,0.336417,-0.923017,0.318995,0.215111,-0.23622,-0.911014,0.337914,0.304926,0.260691,0.915928,-0.04635,0.04597,-0.048867,-0.104071,-0.082495,0.357441,-1.403741,0.020789,0.032921,-0.006226,0.914204,-0.347535,0.208442,0.290296,0.920501,0.261542,-0.282767,-0.178593,0.942415,-0.016041,0.02815,-0.029294,-0.453138,-0.617226,0.826284,-0.882383,0.055909,0.023618,-0.055244,-0.100816,-0.446127,-0.889272,0.476636,0.762919,-0.436774,0.8733,-0.467893,0.135725,-1e-06,-6e-06,-8e-06,-7e-06,1e-05,-2e-06,-0.276307
659,0.115355,-0.033355,0.327457,0.286248,0.364626,-0.88609,-0.538601,-0.703553,-0.463566,-0.792803,0.609488,-0.003903,-0.0,-0.0,-0.0,0.0,0.0,0.0,-0.070244,-0.217625,-0.020947,0.334332,-0.931674,0.313379,0.183763,-0.229788,-0.899975,0.370373,0.282625,0.30245,0.910225,-0.060463,0.060504,-0.053265,-1.326949,-1.88757,-4.302863,-1.404237,0.019886,0.034047,-0.007264,0.920579,-0.348747,0.175808,0.289112,0.911164,0.293587,-0.262578,-0.219442,0.939626,-0.023089,0.035482,-0.031403,-0.683957,-0.259143,1.086407,-0.893814,0.055909,0.023619,-0.055244,-0.100816,-0.446127,-0.889272,0.476636,0.762919,-0.436774,0.8733,-0.467893,0.135725,-0.0,4e-06,6e-06,2e-06,-5e-06,4e-06,-0.27647
660,0.115355,-0.033355,0.327457,0.286248,0.364626,-0.88609,-0.538601,-0.703553,-0.463566,-0.792803,0.609488,-0.003903,-0.0,-0.0,-0.0,0.0,0.0,0.0,-0.069948,-0.218676,-0.019612,0.333139,-0.937385,0.30762,0.163313,-0.225678,-0.893449,0.38827,0.266534,0.326718,0.906686,-0.060638,0.070987,-0.062188,-0.264161,-0.006593,0.412574,-1.404153,0.019384,0.034692,-0.007833,0.927518,-0.34032,0.154566,0.281005,0.907569,0.312017,-0.246466,-0.245967,0.937418,-0.023112,0.035074,-0.0317,-1.319443,-2.871303,-3.958819,-0.898223,0.055909,0.023619,-0.055244,-0.100816,-0.446127,-0.889272,0.476636,0.762919,-0.436774,0.8733,-0.467893,0.135725,-2e-06,2e-06,4e-06,8e-06,-1.9e-05,3e-06,-0.27647
661,0.115344,-0.033354,0.327458,0.286227,0.364617,-0.8861,-0.538608,-0.703561,-0.463546,-0.792806,0.609484,-0.003893,-0.0,-0.0,-0.0,0.0,0.0,0.0,-0.069575,-0.220848,-0.017137,0.330768,-0.949444,0.28747,0.126127,-0.210884,-0.881461,0.422478,0.233825,0.37416,0.897325,-0.061149,0.066213,-0.066779,-0.730609,-0.315913,1.083744,-1.404006,0.018277,0.035963,-0.009029,0.939467,-0.322297,0.116296,0.265513,0.899321,0.347452,-0.216571,-0.295541,0.930457,-0.030429,0.027726,-0.029064,-1.929629,-1.747047,1.635971,-0.906387,0.055903,0.023619,-0.055243,-0.100796,-0.446115,-0.88928,0.476639,0.762928,-0.436754,0.8733,-0.467889,0.135736,-2e-06,1e-06,4e-06,1.3e-05,-2.1e-05,1.1e-05,-0.276633
662,0.115332,-0.03336,0.327465,0.286191,0.364607,-0.886116,-0.53864,-0.703557,-0.463515,-0.792798,0.609495,-0.003861,-0.0,-0.0,-0.0,0.0,0.0,0.0,-0.069339,-0.22306,-0.014998,0.328358,-0.957444,0.271721,0.097259,-0.200504,-0.868392,0.453463,0.208884,0.414322,0.885758,-0.061239,0.052666,-0.060908,-0.939271,-2.167331,-3.794774,-1.404151,0.017148,0.037055,-0.01026,0.946441,-0.311302,0.085665,0.257701,0.888172,0.380445,-0.194519,-0.337993,0.920826,-0.030664,0.026076,-0.030575,-1.010371,-2.086379,-3.802663,-0.911776,0.055897,0.023616,-0.05524,-0.100759,-0.446099,-0.889292,0.476666,0.762931,-0.43672,0.87329,-0.467899,0.135768,-2e-06,1e-06,2e-06,1.6e-05,-2.8e-05,1e-05,-0.276633
663,0.115321,-0.033359,0.327466,0.28617,0.364598,-0.886127,-0.538647,-0.703565,-0.463496,-0.7928,0.609491,-0.003851,-0.0,-0.0,-0.0,0.0,0.0,0.0,-0.067219,-0.225236,-0.013553,0.326269,-0.961548,0.263926,0.075901,-0.1969,-0.854923,0.479865,0.192754,0.446135,0.873884,-0.047066,0.026879,-0.048551,-0.490069,-0.493545,-0.620935,-1.403656,0.016077,0.037768,-0.011287,0.950031,-0.305489,0.064155,0.254379,0.876787,0.408085,-0.180916,-0.371374,0.910685,-0.030808,0.013379,-0.023925,-0.94679,-2.175094,-3.994579,-0.910633,0.055892,0.023617,-0.055239,-0.100739,-0.446087,-0.889301,0.476669,0.762941,-0.4367,0.873291,-0.467895,0.135778,-3e-06,2e-06,3e-06,1.4e-05,-3e-05,9e-06,-0.276143
664,0.1153,-0.033342,0.327469,0.286163,0.364589,-0.886132,-0.53863,-0.703585,-0.463485,-0.792814,0.609473,-0.003862,8.8e-05,0.000377,0.00041,0.0,0.0,0.0,-0.065196,-0.226275,-0.01309,0.325353,-0.962347,0.263488,0.066733,-0.198166,-0.847869,0.491713,0.187358,0.459642,0.868038,-0.047189,0.014705,-0.041439,-0.36953,0.199229,0.624044,-1.403663,0.015558,0.038003,-0.011748,0.950917,-0.30455,0.054822,0.254679,0.870874,0.420377,-0.175769,-0.385781,0.905691,-0.030755,0.013519,-0.023947,-0.500365,0.145128,0.389477,-0.910469,0.055881,0.023624,-0.055239,-0.100733,-0.446078,-0.889306,0.476648,0.762958,-0.436692,0.873303,-0.467876,0.135767,5.6e-05,0.00025,0.000276,1.1e-05,-2.2e-05,1e-05,-0.275654
