frame,MLTx,MLTy,MLTz,MLTR1,MLTR2,MLTR3,MLTR4,MLTR5,MLTR6,MLTR7,MLTR8,MLTR9,MLTTVx,MLTTVy,MLTTVz,MLTRVx,MLTRVy,MLTRVz,MLGA,MRTx,MRTy,MRTz,MRTR1,MRTR2,MRTR3,MRTR4,MRTR5,MRTR6,MRTR7,MRTR8,MRTR9,MRTTVx,MRTTVy,MRTTVz,MRTRVx,MRTRVy,MRTRVz,MRGA,SLTx,SLTy,SLTz,SLTR1,SLTR2,SLTR3,SLTR4,SLTR5,SLTR6,SLTR7,SLTR8,SLTR9,SLTTVx,SLTTVy,SLTTVz,SLTRVx,SLTRVy,SLTRVz,SLGA,SRTx,SRTy,SRTz,SRTR1,SRTR2,SRTR3,SRTR4,SRTR5,SRTR6,SRTR7,SRTR8,SRTR9,SRTTVx,SRTTVy,SRTTVz,SRTRVx,SRTRVy,SRTRVz,SRGA
95,0.109715,0.002265,0.327576,0.103351,-0.306034,-0.946418,-0.532413,-0.820719,0.207192,-0.840287,0.482849,-0.24658,-0.001467,-0.013972,0.005496,-0.035172,0.032585,-0.040558,0.175118,-0.17154,0.000193,0.337847,0.671258,0.337266,0.660042,-0.309849,0.936621,-0.163303,-0.674109,-0.095336,0.73236,0.038742,0.042739,-0.020185,0.002639,0.343643,-0.030775,-1.404544,0.033827,0.019308,-0.007784,-0.663991,-0.250959,0.704368,0.164033,-0.967937,-0.190236,0.729526,-0.010776,0.683867,0.019387,0.021172,-0.010286,-0.019791,0.400396,0.002287,-0.852175,0.070414,0.025645,-0.075916,0.050672,-0.216788,-0.974902,-0.440222,-0.881057,0.173039,-0.896457,0.420405,-0.14008,-0.000665,-0.006705,0.003012,-0.034288,0.017283,-0.016015,-0.017818
96,0.109682,0.002036,0.327682,0.10268,-0.306254,-0.94642,-0.532976,-0.820263,0.20755,-0.840011,0.483486,-0.246273,-0.001255,-0.013118,0.006297,-0.034803,0.017373,-0.016082,0.233072,-0.170874,0.001099,0.337376,0.670108,0.321682,0.66893,-0.292343,0.942743,-0.160327,-0.683025,-0.088542,0.724914,0.038635,0.041219,-0.02146,0.026744,0.532343,0.175835,-1.404149,0.03416,0.019763,-0.008018,-0.660202,-0.236063,0.713026,0.146243,-0.971557,-0.186247,0.736712,-0.018686,0.675947,0.012029,0.026319,-0.014166,0.257005,0.504227,0.704441,-0.851685,0.070397,0.025523,-0.075863,0.049865,-0.217163,-0.97486,-0.440816,-0.880644,0.173627,-0.89621,0.421076,-0.139643,-0.000688,-0.006783,0.002943,-0.034387,0.017294,-0.016032,0.037374
97,0.109483,0.001307,0.328042,0.110315,-0.301429,-0.947109,-0.547044,-0.813989,0.195289,-0.829947,0.496938,-0.253511,-0.016535,-0.024446,0.013841,-1.648401,0.377521,-0.488318,0.361559,-0.169939,0.002825,0.336195,0.659669,0.288166,0.69411,-0.26082,0.953942,-0.147993,-0.705595,-0.083791,0.703547,0.023901,0.043789,-0.035674,-0.133797,0.851899,0.251965,-1.404088,0.034633,0.020633,-0.008596,-0.643614,-0.204691,0.737469,0.114271,-0.978472,-0.171855,0.756771,-0.026337,0.653149,0.01197,0.021307,-0.018348,-0.198079,1.082113,0.42088,-0.853807,0.070304,0.025166,-0.075683,0.057681,-0.21125,-0.975728,-0.454817,-0.875599,0.162685,-0.888714,0.434394,-0.146587,-0.001268,-0.01314,0.006203,-5.321878,1.06484,-1.385404,0.204421
98,0.109287,0.000395,0.328481,0.135209,-0.288454,-0.947923,-0.568313,-0.80624,0.164221,-0.8118,0.516868,-0.271763,-0.002444,-0.025941,0.012894,-0.96204,-1.400754,2.396573,0.400076,-0.169231,0.004377,0.334481,0.647442,0.243031,0.72232,-0.207616,0.968178,-0.139498,-0.73403,-0.059972,0.676363,0.010178,0.033184,-0.043403,-0.075255,1.063009,0.186356,-1.40417,0.034991,0.021416,-0.009448,-0.623711,-0.162347,0.764609,0.060383,-0.985276,-0.159945,0.779318,-0.05359,0.624331,0.011513,0.021736,-0.026725,0.202676,0.957013,0.651879,-0.860339,0.070199,0.024698,-0.075461,0.079931,-0.196666,-0.977206,-0.480599,-0.866475,0.13507,-0.873289,0.458848,-0.163776,-0.001229,-0.013023,0.006415,-0.954745,-1.388477,2.380268,0.318724
99,0.109327,-0.000589,0.329,0.150689,-0.280651,-0.947931,-0.570494,-0.807764,0.148407,-0.80755,0.518771,-0.280651,0.012162,-0.025587,0.013692,-0.063016,-0.187466,0.336725,0.386526,-0.168534,0.005971,0.332407,0.633222,0.211032,0.744639,-0.163535,0.976857,-0.137623,-0.757223,-0.034912,0.652117,0.022051,0.051156,-0.064435,0.095199,0.599795,-0.13043,-1.404038,0.035335,0.022203,-0.01048,-0.602187,-0.131886,0.787385,0.015495,-0.988005,-0.153639,0.798204,-0.080319,0.597008,0.004668,0.019356,-0.02813,0.137218,0.597155,-0.122248,-0.876668,0.070218,0.024202,-0.075205,0.095212,-0.187109,-0.977713,-0.484089,-0.86692,0.118764,-0.869822,0.461993,-0.173119,0.0061,-0.012692,0.00694,-0.061236,-0.185257,0.332922,0.332277
100,0.109297,-0.001012,0.329302,0.147458,-0.282167,-0.947989,-0.580228,-0.800864,0.148066,-0.801181,0.528564,-0.280635,-0.015511,-0.020154,0.017911,-0.08051,-0.052263,0.104202,0.386437,-0.168213,0.006755,0.331204,0.624576,0.193172,0.756691,-0.141435,0.98087,-0.13351,-0.76877,-0.023897,0.638972,0.022968,0.036339,-0.059433,1.131485,0.899846,1.217979,-1.403984,0.035504,0.022614,-0.011106,-0.591782,-0.117341,0.797511,-0.005808,-0.988702,-0.149781,0.806076,-0.093269,0.584414,0.011523,0.01775,-0.030083,1.161809,0.826213,1.183615,-0.88418,0.070203,0.02399,-0.075055,0.092076,-0.18895,-0.97766,-0.494381,-0.860945,0.119832,-0.864354,0.472303,-0.172686,-0.007733,-0.00995,0.009077,-0.080408,-0.053007,0.107499,0.330644
101,0.109249,-0.001794,0.330036,0.139794,-0.282345,-0.949096,-0.595596,-0.789676,0.147137,-0.791204,0.545057,-0.277375,-0.000719,-0.019066,0.019401,-0.066276,-0.083238,0.162568,0.393831,-0.167663,0.008346,0.328426,0.610514,0.142798,0.779021,-0.083423,0.989718,-0.115895,-0.788307,0.005568,0.615145,0.008446,0.039079,-0.073587,-0.121043,1.211191,0.407556,-1.404164,0.035775,0.023396,-0.012466,-0.570034,-0.069387,0.818685,-0.06364,-0.989704,-0.128192,0.819152,-0.125175,0.55975,0.004267,0.018912,-0.037329,-0.005892,0.921172,-0.064665,-0.889405,0.070179,0.023605,-0.074696,0.084257,-0.189741,-0.978211,-0.510657,-0.851209,0.121122,-0.855645,0.489326,-0.168612,-0.000459,-0.009889,0.009368,-0.06921,0.027406,-0.034573,0.33489
102,0.109278,-0.002507,0.330683,0.133201,-0.275616,-0.952018,-0.601461,-0.785924,0.143322,-0.787889,0.553851,-0.269273,-0.000371,-0.009583,0.009661,-0.012063,0.531988,0.292631,0.39688,-0.166971,0.009855,0.325496,0.592802,0.098088,0.799347,-0.027183,0.994408,-0.101721,-0.80558,0.038428,0.591124,0.022127,0.038433,-0.075434,1.381463,0.482967,1.028458,-1.404176,0.036116,0.024144,-0.013937,-0.542618,-0.027786,0.839519,-0.117409,-0.987131,-0.108559,0.831732,-0.157473,0.532373,0.011636,0.013787,-0.033693,4.44338,0.020593,3.503185,-0.898713,0.070195,0.023258,-0.07437,0.078311,-0.185677,-0.979484,-0.517269,-0.847467,0.119294,-0.852232,0.497315,-0.162411,-0.00048,-0.009985,0.009282,-0.082362,0.01588,-0.046446,0.342401
103,0.109302,-0.002863,0.330994,0.128261,-0.27458,-0.952995,-0.611421,-0.778452,0.141944,-0.781003,0.564814,-0.266543,-0.001168,-0.020887,0.017714,-0.537775,0.231173,-0.089363,0.394107,-0.166521,0.010488,0.324027,0.582774,0.083832,0.808293,-0.006687,0.995106,-0.098244,-0.813286,0.051723,0.579443,0.023105,0.024933,-0.069564,0.037432,0.645457,0.030055,-1.403949,0.036332,0.024453,-0.014643,-0.531094,-0.014602,0.847186,-0.139028,-0.984798,-0.104129,0.835828,-0.173085,0.520991,0.01159,0.012653,-0.034613,0.091074,0.766499,0.434078,-0.902795,0.070207,0.023077,-0.07421,0.071996,-0.182419,-0.980581,-0.527307,-0.841465,0.117823,-0.846618,0.508584,-0.156773,0.006443,-0.011391,0.008186,-1.654579,0.39094,-0.388253,0.343381
104,0.109449,-0.003519,0.331546,0.122275,-0.264473,-0.956633,-0.616538,-0.77555,0.13555,-0.777927,0.573552,-0.256698,0.013782,-0.011224,0.008574,-0.027272,0.118074,0.115823,0.388074,-0.165661,0.011169,0.32158,0.568658,0.058149,0.820511,0.033115,0.995051,-0.093329,-0.822572,0.080149,0.562863,0.024069,0.016144,-0.05973,0.111972,0.221966,0.254707,-1.404534,0.036771,0.024801,-0.015908,-0.511818,0.008639,0.85905,-0.178021,-0.979311,-0.096216,0.840446,-0.202174,0.502767,0.012555,0.001988,-0.026325,0.145882,0.348004,0.104645,-0.90802,0.070274,0.022744,-0.073933,0.064503,-0.172369,-0.982918,-0.533601,-0.838288,0.111989,-0.843273,0.517262,-0.146049,-0.000656,-0.010706,0.008615,-0.063147,0.131287,0.025948,0.336196
105,0.109623,-0.003918,0.331891,0.114531,-0.242815,-0.963311,-0.615282,-0.778625,0.123055,-0.780088,0.578913,-0.237377,-0.000231,-0.009041,0.010183,-0.006746,0.600988,0.364328,0.37621,-0.164598,0.011535,0.319782,0.554673,0.030156,0.831517,0.073325,0.993662,-0.084811,-0.829481,0.107954,0.547878,0.025879,0.003516,-0.035325,0.047038,0.528615,0.477438,-1.404363,0.037292,0.024975,-0.016813,-0.495688,0.033049,0.867871,-0.216266,-0.972495,-0.086488,0.841143,-0.230563,0.489202,0.019812,0.002795,-0.017377,1.423159,-0.043985,1.096995,-0.912429,0.070362,0.022548,-0.073764,0.055553,-0.153275,-0.98662,-0.533247,-0.839972,0.100468,-0.844133,0.520531,-0.128397,-0.000243,-0.005027,0.004618,0.005986,0.70373,0.623255,0.325909
106,0.109706,-0.004021,0.331993,0.111427,-0.231671,-0.966415,-0.614378,-0.780392,0.116185,-0.781246,0.581083,-0.228088,0.014525,-0.000147,0.000299,0.021818,0.425433,0.32448,0.371749,-0.164066,0.011607,0.319228,0.548519,0.016472,0.835971,0.092884,0.992395,-0.080362,-0.831607,0.121686,0.541743,0.02581,0.008098,-0.031258,0.056694,0.487546,0.483659,-1.404395,0.037568,0.02501,-0.017105,-0.486761,0.046018,0.872321,-0.235515,-0.968545,-0.080325,0.841187,-0.244544,0.482288,0.013409,-0.001115,-0.011287,0.312518,0.473166,0.660146,-0.915531,0.070403,0.022489,-0.073706,0.050278,-0.140452,-0.988809,-0.532682,-0.841254,0.092408,-0.844819,0.522075,-0.117113,-0.000275,-0.00515,0.0045,-0.006501,0.469475,0.483703,0.319541
107,0.109887,-0.00406,0.332115,0.104118,-0.200469,-0.974175,-0.611377,-0.785448,0.096235,-0.784593,0.585815,-0.203129,0.000561,0.002276,0.002131,0.020526,0.52394,0.311037,0.36412,-0.163184,0.011509,0.318635,0.533918,-0.019718,0.845301,0.142432,0.987515,-0.066793,-0.834083,0.156063,0.528975,0.013877,-0.005539,-0.006292,0.339939,0.31915,0.304281,-1.404489,0.038015,0.024962,-0.017414,-0.464775,0.080404,0.881769,-0.282789,-0.95719,-0.061775,0.839055,-0.278066,0.467616,0.013819,-0.002419,-0.003484,1.349225,0.114755,1.093621,-0.919124,0.070498,0.022468,-0.073646,0.039556,-0.109214,-0.99323,-0.530893,-0.844399,0.071705,-0.846514,0.524463,-0.091382,0.007355,0.000304,0.000498,0.029435,0.478926,0.587391,0.30909
108,0.110035,-0.004044,0.332148,0.096745,-0.16909,-0.980864,-0.607953,-0.790287,0.076219,-0.78818,0.589153,-0.178035,6.6e-05,0.000266,0.000249,0.022301,0.529301,0.545588,0.363771,-0.162223,0.011483,0.318562,0.513707,-0.057762,0.856014,0.19765,0.978836,-0.052428,-0.835497,0.196174,0.513152,0.027422,0.002758,-8e-05,0.025734,0.414317,0.205206,-1.404292,0.03849,0.02495,-0.01745,-0.439035,0.115098,0.891066,-0.335458,-0.941039,-0.04373,0.833495,-0.318115,0.45176,0.013699,0.001943,0.000465,0.327355,0.326891,0.580547,-0.922879,0.070573,0.02248,-0.073625,0.02922,-0.079102,-0.996437,-0.528763,-0.84719,0.051748,-0.848266,0.525367,-0.066581,2.6e-05,8.9e-05,8.2e-05,0.030439,0.625685,0.837177,0.303375
109,0.110333,-0.004074,0.332128,0.082308,-0.14671,-0.985772,-0.604004,-0.794083,0.067696,-0.792827,0.590018,-0.152746,4.4e-05,0.000181,0.000169,0.4776,1.764542,-1.660911,0.363341,-0.161391,0.011796,0.318643,0.485186,-0.100585,0.868602,0.252475,0.967137,-0.028901,-0.837742,0.233425,0.493521,0.026175,0.020848,-0.001777,0.340726,0.469813,0.484476,-1.404228,0.038917,0.025109,-0.017409,-0.403289,0.153476,0.90211,-0.386338,-0.922221,-0.015816,0.829518,-0.354898,0.431215,0.013076,0.010818,-0.000539,0.371903,0.388576,0.421071,-0.930228,0.070722,0.022464,-0.073637,0.01505,-0.056883,-0.998267,-0.525578,-0.84978,0.040498,-0.850611,0.524058,-0.042686,0.00705,-0.000943,-0.000671,0.017376,0.67563,0.678703,0.302885
110,0.110514,-0.004086,0.332109,0.077234,-0.139313,-0.987255,-0.60244,-0.79549,0.06507,-0.79452,0.589906,-0.144138,0.014084,-0.001904,-0.001358,0.010304,0.221401,0.375505,0.364563,-0.160962,0.012082,0.318711,0.468856,-0.125125,0.874362,0.282452,0.959144,-0.014069,-0.837451,0.253695,0.48392,0.012401,0.021008,-0.000349,0.018966,0.582903,0.334224,-1.404155,0.039126,0.025248,-0.017371,-0.384054,0.175298,0.906516,-0.413787,-0.910373,0.00074,0.825398,-0.374821,0.422168,0.013561,0.005496,0.003662,0.285354,0.558113,0.73639,-0.929901,0.070812,0.022458,-0.073646,0.006267,-0.049939,-0.998732,-0.523704,-0.850994,0.039265,-0.851876,0.522794,-0.031486,0.007037,-0.000975,-0.000706,0.009168,0.170658,0.364307,0.302722
111,0.110814,-0.004128,0.33212,0.061967,-0.129739,-0.989633,-0.599573,-0.797496,0.066953,-0.798,0.589367,-0.125975,0.014079,-0.00192,-0.001377,0.042099,0.071199,0.256971,0.376996,-0.160106,0.012952,0.318853,0.440139,-0.166065,0.882435,0.330676,0.943623,0.012777,-0.835344,0.286361,0.469106,0.012142,0.026614,0.004661,-0.13458,0.598645,0.548087,-1.403793,0.039555,0.02568,-0.017303,-0.350951,0.211275,0.912247,-0.457465,-0.888726,0.029836,0.817042,-0.406851,0.408551,0.012909,0.013818,0.002133,-0.146198,0.737789,0.398919,-0.927125,0.070957,0.022438,-0.07364,-0.009935,-0.041811,-0.999075,-0.520562,-0.852844,0.040868,-0.853765,0.520487,-0.013292,9e-06,3.6e-05,2.7e-05,0.123545,0.505911,-0.50992,0.309743
112,0.111081,-0.004155,0.332116,0.055923,-0.122655,-0.990896,-0.598106,-0.798754,0.065063,-0.799539,0.589171,-0.116796,7.4e-05,0.000305,0.000285,-0.000181,0.095164,0.287976,0.390019,-0.15926,0.014402,0.319041,0.414588,-0.19882,0.88802,0.363793,0.930642,0.038649,-0.834618,0.307257,0.457023,0.024395,0.044698,0.001536,-0.064177,0.51377,0.316592,-1.404224,0.039982,0.026417,-0.017205,-0.31921,0.240369,0.916693,-0.486584,-0.871631,0.059115,0.813228,-0.427178,0.395192,0.012189,0.022636,0.001014,-0.061959,0.510927,0.305122,-0.922226,0.071096,0.022423,-0.073644,-0.016274,-0.036231,-0.99921,-0.519111,-0.853797,0.039414,-0.854551,0.519343,-0.004913,0.007079,-0.000799,-0.000545,-0.001735,0.314726,0.234712,0.326072
113,0.111221,-0.00416,0.332101,0.055052,-0.122991,-0.990903,-0.59778,-0.798929,0.065899,-0.799842,0.588864,-0.116271,0.014801,0.009209,-0.009611,0.039162,-0.129798,0.218892,0.396205,-0.158927,0.015271,0.319122,0.399622,-0.217995,0.890377,0.383215,0.92205,0.053882,-0.833205,0.319923,0.450868,0.010636,0.045329,0.003341,4.874239,0.67336,2.9135,-1.404099,0.040144,0.026836,-0.017165,-0.303174,0.254966,0.918192,-0.498319,-0.863717,0.075301,0.812258,-0.434723,0.38891,0.011568,0.029427,-0.001898,-0.025522,0.411132,0.536225,-0.922063,0.07116,0.022417,-0.073647,-0.017315,-0.035979,-0.999202,-0.518755,-0.853998,0.039741,-0.854747,0.51903,-0.003877,2.8e-05,0.000119,0.000106,-0.000442,-0.022509,-0.007363,0.334727
114,0.11157,-0.004221,0.331985,0.058302,-0.121597,-0.990889,-0.597805,-0.799157,0.062841,-0.799597,0.588843,-0.11805,0.013739,-0.003325,-0.002701,0.000984,-0.014714,0.029554,0.400128,-0.158441,0.017388,0.319135,0.368933,-0.254604,0.8939,0.411487,0.907058,0.08865,-0.833837,0.335417,0.438262,0.009324,0.059366,-0.002145,-0.89014,-1.1769,2.605199,-1.404005,0.040391,0.027914,-0.017155,-0.265826,0.288322,0.919894,-0.526888,-0.842546,0.111821,0.807294,-0.454957,0.375884,0.004598,0.029773,-0.000986,-0.888452,-1.174819,2.59771,-0.914715,0.071335,0.022392,-0.073707,-0.013877,-0.034412,-0.99931,-0.518981,-0.854,0.036614,-0.854672,0.519132,-0.006009,0.006826,-0.00185,-0.001531,-0.00184,0.087766,-0.143801,0.345994
115,0.11211,-0.004302,0.331854,0.057471,-0.121866,-0.990905,-0.597741,-0.799148,0.063561,-0.799704,0.588799,-0.117539,0.01386,-0.002833,-0.002249,0.000984,-0.014715,0.029553,0.402139,-0.158236,0.019987,0.318925,0.330873,-0.283725,0.900009,0.429143,0.894595,0.124379,-0.840832,0.345411,0.4166,0.008039,0.072591,-0.008326,-0.109327,0.760291,0.787447,-1.403875,0.040491,0.029187,-0.017255,-0.225343,0.312259,0.922883,-0.539966,-0.828487,0.148475,0.81096,-0.464868,0.355303,-0.002707,0.035788,-0.003967,-0.122618,0.851117,0.802726,-0.916511,0.071599,0.022351,-0.073773,-0.014586,-0.034713,-0.99929,-0.518846,-0.854056,0.037241,-0.854742,0.519021,-0.005554,0.006887,-0.001606,-0.00131,0.001296,-0.014716,0.029522,0.349749
116,0.112818,-0.004403,0.331792,0.056889,-0.121972,-0.990925,-0.597777,-0.799087,0.063987,-0.799718,0.58886,-0.117138,0.028387,-0.002861,-0.00189,0.001969,-0.029429,0.059106,0.407558,-0.158326,0.022983,0.318437,0.296145,-0.311433,0.902939,0.436136,0.885076,0.162356,-0.850088,0.346091,0.396779,0.006879,0.08342,-0.016518,-0.089238,0.36825,1.082505,-1.403583,0.040446,0.030684,-0.017494,-0.186096,0.334546,0.923821,-0.542768,-0.818762,0.187164,0.819005,-0.466591,0.333949,-0.002696,0.03519,-0.004517,-0.360859,0.310851,1.525426,-0.917491,0.071942,0.022298,-0.073807,-0.01535,-0.034978,-0.999269,-0.518844,-0.854029,0.037864,-0.854731,0.519046,-0.00504,0.007039,-0.000962,-0.000712,-0.00218,0.086943,-0.141333,0.356118
117,0.113241,-0.004464,0.331761,0.056095,-0.119039,-0.991327,-0.597715,-0.799282,0.062103,-0.79982,0.589191,-0.114753,0.014229,-0.001276,-0.000806,-4.1e-05,0.03757,0.060672,0.408047,-0.158506,0.024479,0.318098,0.276762,-0.326793,0.903659,0.444517,0.877211,0.181214,-0.852251,0.351926,0.386884,-0.006301,0.077786,-0.02011,-0.05196,0.343379,0.749128,-1.403784,0.040358,0.031472,-0.017663,-0.163187,0.347686,0.9233,-0.548617,-0.809792,0.207978,0.819992,-0.4726,0.322894,-0.00313,0.038667,-0.01025,-0.016103,0.251446,0.701235,-0.916021,0.07217,0.022267,-0.073822,-0.016486,-0.031791,-0.999358,-0.518904,-0.854085,0.03573,-0.854672,0.519161,-0.002417,0.014177,-0.001493,-0.001022,3.1e-05,0.008787,0.081837,0.357587
118,0.114248,-0.004528,0.331601,0.055126,-0.112934,-0.992095,-0.597326,-0.799895,0.057812,-0.800177,0.589554,-0.110318,0.028145,-0.003852,-0.002855,-0.000185,0.071622,0.11929,0.408844,-0.158873,0.02723,0.317228,0.239086,-0.351325,0.905207,0.460217,0.861823,0.21306,-0.855266,0.36607,0.366574,-0.006009,0.071557,-0.025379,-0.054751,0.557447,0.857528,-1.402932,0.040176,0.032822,-0.018086,-0.125166,0.366234,0.922065,-0.560082,-0.793205,0.239024,0.818926,-0.486515,0.304404,-0.002958,0.035056,-0.013307,0.116645,0.178617,0.291658,-0.909816,0.072668,0.022238,-0.0739,-0.018021,-0.025853,-0.999503,-0.518814,-0.854308,0.031451,-0.854697,0.519123,0.001983,0.014074,-0.001929,-0.001445,-0.000943,0.078935,0.123658,0.358894
119,0.115356,-0.00453,0.331389,0.052081,-0.098148,-0.993831,-0.596599,-0.801097,0.047797,-0.800919,0.590548,-0.09904,0.02883,0.007423,-0.010975,0.023468,0.500621,0.401569,0.412166,-0.159002,0.02994,0.316189,0.219147,-0.3715,0.902194,0.46673,0.851865,0.237533,-0.85705,0.369469,0.358916,-0.005923,0.069371,-0.027108,-0.41087,-1.31004,2.882995,-1.403313,0.040112,0.034173,-0.018609,-0.102733,0.380762,0.918947,-0.563618,-0.783505,0.261633,0.819621,-0.491058,0.295096,-0.002904,0.03382,-0.014296,-0.04065,0.59279,0.609478,-0.914552,0.073222,0.022233,-0.074003,-0.021509,-0.013175,-0.999681,-0.518771,-0.854618,0.022424,-0.854642,0.519088,0.011547,0.014107,-0.001778,-0.001322,-0.0154,0.565006,0.413419,0.363792
120,0.115978,-0.004512,0.331294,0.050378,-0.092552,-0.994456,-0.605689,-0.79451,0.043207,-0.794174,0.600265,-0.094846,0.029039,0.00841,-0.010068,0.028022,0.138466,0.185199,0.412972,-0.159047,0.031278,0.315629,0.208684,-0.379206,0.901468,0.469729,0.84728,0.2478,-0.858009,0.372187,0.35378,-0.005853,0.067644,-0.028501,0.072997,0.158664,0.534441,-1.403451,0.040086,0.034822,-0.01888,-0.08997,0.389552,0.916598,-0.564657,-0.778072,0.275254,0.820406,-0.4928,0.289966,-0.002899,0.033649,-0.014403,0.003971,0.422918,0.482656,-0.916185,0.073533,0.02224,-0.074052,-0.024929,-0.005474,-0.999673,-0.528837,-0.848535,0.017834,-0.848356,0.529109,0.018258,0.021285,-0.002076,-0.001438,-0.017327,0.127607,0.190806,0.365915
121,0.117259,-0.004558,0.33114,0.046044,-0.071859,-0.996374,-0.605141,-0.795559,0.029358,-0.794849,0.601681,-0.078876,0.028365,-0.002757,-0.00191,-0.006061,0.238798,0.450912,0.414694,-0.15906,0.033699,0.314485,0.190808,-0.394847,0.89871,0.475031,0.838265,0.267564,-0.859227,0.376335,0.346358,0.007433,0.064855,-0.03194,0.126501,-0.008897,0.45102,-1.403058,0.040081,0.036079,-0.019471,-0.069654,0.403127,0.912489,-0.56743,-0.768331,0.296125,0.82047,-0.497147,0.282264,0.003747,0.032199,-0.016168,0.158968,-0.069184,0.401664,-0.917491,0.074184,0.022221,-0.074131,-0.031,0.014618,-0.999412,-0.529313,-0.848417,0.004009,-0.84786,0.529126,0.034038,0.014191,-0.001361,-0.00096,-0.006284,0.229907,0.445583,0.367711
122,0.118695,-0.004681,0.331029,0.041093,-0.044939,-0.998167,-0.60481,-0.796277,0.010897,-0.795366,0.603306,-0.058659,0.028548,-0.001866,-0.001116,-0.025346,0.69153,0.721501,0.411005,-0.158797,0.036042,0.313216,0.180522,-0.405607,0.896039,0.480988,0.830981,0.279383,-0.858121,0.381036,0.343952,-0.005574,0.060107,-0.034555,0.138757,-0.026979,0.361805,-1.402646,0.040211,0.037211,-0.020081,-0.058803,0.412038,0.909266,-0.571372,-0.760783,0.307801,0.818581,-0.50143,0.280163,0.00378,0.030535,-0.017494,0.123211,0.00446,0.427182,-0.917491,0.074892,0.022159,-0.074188,-0.037473,0.038766,-0.998544,-0.530328,-0.847692,-0.013008,-0.846963,0.529069,0.052324,0.021348,-0.001686,-0.001127,-0.011215,0.252512,0.299703,0.367711
123,0.120248,-0.00456,0.330795,0.035528,-0.01513,-0.999277,-0.604181,-0.796774,-0.00947,-0.796106,0.604095,-0.036206,0.043419,0.008576,-0.009731,0.010055,0.568433,0.481764,0.403554,-0.158558,0.037818,0.312147,0.167675,-0.418016,0.892826,0.47963,0.825758,0.296668,-0.861464,0.378985,0.337806,0.009757,0.035575,-0.02229,0.010582,0.20109,0.278797,-1.402877,0.040324,0.038111,-0.020624,-0.044973,0.422597,0.9052,-0.568162,-0.756119,0.32477,0.821686,-0.499694,0.274109,0.004919,0.017414,-0.011468,-0.030134,0.205987,0.533602,-0.918471,0.075651,0.022215,-0.074302,-0.046034,0.068734,-0.996572,-0.531399,-0.846445,-0.033834,-0.845869,0.52802,0.07549,0.021849,0.004896,-0.004322,-0.000917,0.694043,0.590852,0.3602
124,0.120989,-0.004485,0.330754,0.029489,-0.001514,-0.999587,-0.604127,-0.796696,-0.016668,-0.796386,0.604367,-0.023165,0.043282,-0.000305,0.000559,-0.022497,0.48992,0.442176,0.40432,-0.158353,0.038464,0.311721,0.162527,-0.422746,0.89155,0.481103,0.822761,0.302553,-0.861622,0.380263,0.33596,0.010868,0.023356,-0.015557,0.049915,-0.062088,0.297949,-1.402785,0.04043,0.03845,-0.020849,-0.038373,0.426727,0.903565,-0.568689,-0.752841,0.331393,0.821656,-0.501132,0.271564,0.004905,0.017379,-0.011481,0.117424,-0.121831,0.276973,-0.918797,0.076021,0.022253,-0.074329,-0.053559,0.082245,-0.995171,-0.531961,-0.845762,-0.041268,-0.845072,0.527182,0.089049,0.021963,0.005522,-0.003752,0.003487,0.788487,0.651338,0.358077
125,0.122559,-0.004448,0.330731,0.013547,0.01786,-0.999771,-0.604585,-0.796206,-0.022469,-0.79645,0.604725,0.001256,0.043057,-0.001127,-0.000274,-0.018987,0.397169,0.26622,0.416877,-0.157782,0.039491,0.311071,0.15468,-0.43064,0.889165,0.478144,0.820133,0.314157,-0.864699,0.377073,0.331624,0.010762,0.024674,-0.0144,0.015433,0.103522,0.176892,-1.402693,0.040707,0.038954,-0.021176,-0.030339,0.433384,0.900698,-0.564699,-0.750957,0.342312,0.824738,-0.498238,0.267515,0.005396,0.012349,-0.007196,-0.004153,0.14968,0.21454,-0.919287,0.076818,0.022277,-0.074335,-0.071351,0.10065,-0.992359,-0.533016,-0.844778,-0.047358,-0.84309,0.525565,0.113923,0.021599,-0.000225,0.000151,-0.025151,0.567029,0.182318,0.366568
126,0.124263,-0.004445,0.330705,0.000428,0.025777,-0.99969,-0.595569,-0.803011,-0.021014,-0.803312,0.595358,0.016253,0.028836,7.1e-05,0.000534,5.500587,0.66625,-0.881363,0.422923,-0.157012,0.03998,0.310807,0.144152,-0.438741,0.886971,0.472835,0.817854,0.327836,-0.869411,0.372661,0.324208,0.02601,0.002215,-0.000611,-0.163821,0.270741,0.553572,-1.40275,0.041086,0.039212,-0.021315,-0.02117,0.439694,0.897897,-0.558825,-0.749908,0.354048,0.829014,-0.494273,0.261588,0.012438,0.007118,-0.003736,0.050254,-0.037836,0.079109,-0.923533,0.077676,0.02228,-0.074347,-0.084251,0.108333,-0.990537,-0.528509,-0.847583,-0.047746,-0.844736,0.519486,0.128664,0.021537,-0.000458,-0.000101,-0.064119,1.356881,-2.2848,0.377509
127,0.125059,-0.004446,0.330674,-0.003258,0.027688,-0.999634,-0.586104,-0.809957,-0.020577,-0.810234,0.585785,0.020111,0.042827,-0.001921,-0.001116,0.499543,-0.021071,0.086349,0.429163,-0.156573,0.040017,0.310783,0.141644,-0.441784,0.885864,0.472769,0.816351,0.331654,-0.869855,0.372365,0.323355,0.013053,0.000217,-0.001069,-0.0037,-0.089937,0.223474,-1.402618,0.04132,0.039234,-0.021325,-0.015637,0.442801,0.896482,-0.557592,-0.748095,0.359782,0.829967,-0.494246,0.258601,0.013045,0.000485,-0.000852,0.015604,-0.033994,0.055346,-0.92239,0.078069,0.02228,-0.074362,-0.088973,0.109044,-0.990046,-0.513798,-0.856557,-0.048168,-0.853284,0.504399,0.132238,0.021444,-0.000803,-0.000438,1.67758,0.039765,-0.086055,0.382244
128,0.126565,-0.004411,0.330462,-0.007379,0.026356,-0.999648,-0.546699,-0.837116,-0.018088,-0.837297,0.546337,0.02183,0.042571,0.005514,-0.012828,0.080308,0.043089,-0.066039,0.439363,-0.155604,0.04006,0.310775,0.137787,-0.440596,0.887063,0.461503,0.820928,0.336192,-0.876495,0.363592,0.31531,0.026005,0.002315,-0.000552,-0.190446,0.410323,0.410968,-1.403005,0.0418,0.039253,-0.021331,-0.015163,0.440827,0.897463,-0.547744,-0.75457,0.361384,0.836507,-0.486101,0.252902,0.013002,0.001191,-0.000261,0.029496,-0.172155,0.206333,-0.917491,0.078838,0.0223,-0.074464,-0.092635,0.106951,-0.989939,-0.471512,-0.880383,-0.050993,-0.87698,0.462045,0.131983,0.021253,0.002569,-0.006612,0.079191,0.044811,-0.07004,0.39694
129,0.127914,-0.004293,0.329852,-0.011994,0.024217,-0.999658,-0.49502,-0.868733,-0.01516,-0.868795,0.494634,0.023651,0.02769,0.002997,-0.015405,0.046806,0.057485,-0.094731,0.44779,-0.154602,0.04006,0.310728,0.126929,-0.445899,0.886033,0.453993,0.820244,0.347884,-0.882025,0.358635,0.30541,0.026096,0.000892,-0.001787,-0.086136,0.140361,0.195088,-1.402861,0.042291,0.039255,-0.021352,-0.000755,0.444896,0.895581,-0.538433,-0.754858,0.374536,0.842667,-0.481928,0.240117,0.013666,-0.005842,0.002274,-0.256173,0.143673,0.16728,-0.919287,0.079487,0.022354,-0.074755,-0.097065,0.104339,-0.989793,-0.417187,-0.907171,-0.054718,-0.903621,0.407618,0.131583,0.013783,0.001114,-0.008076,0.180948,0.076521,-0.124249,0.410004
130,0.129072,-0.003676,0.328782,-0.011319,0.021009,-0.999738,-0.460929,-0.887319,-0.013481,-0.887362,0.460625,0.020971,0.028214,0.023241,-0.03373,0.153553,-0.057649,-0.146258,0.448651,-0.153547,0.040004,0.31064,0.126618,-0.447509,0.885266,0.432125,0.828125,0.356947,-0.892987,0.33789,0.297098,0.026232,-0.001013,-0.003437,-0.043769,-0.02808,0.059879,-1.403358,0.042818,0.03923,-0.021393,-1.7e-05,0.446519,0.894773,-0.517395,-0.765703,0.382099,0.855746,-0.462945,0.231039,0.013113,-0.00045,-0.00168,-0.416071,-0.241834,-0.118647,-0.914062,0.08007,0.022649,-0.075281,-0.096155,0.10123,-0.990205,-0.381774,-0.922481,-0.057235,-0.919239,0.372532,0.127348,0.014162,0.011814,-0.016697,0.611408,-0.102786,-0.184559,0.417188
131,0.129637,-0.003197,0.328133,-0.011096,0.020985,-0.999741,-0.443232,-0.896283,-0.013947,-0.896336,0.442932,0.02049,0.028262,0.023651,-0.033349,1.764633,-0.040236,0.050198,0.447363,-0.153022,0.039938,0.310557,0.129232,-0.447727,0.884777,0.421781,0.832265,0.359679,-0.89755,0.327242,0.295262,0.026381,-0.003065,-0.005206,-0.041718,-0.019977,0.029727,-1.40334,0.0431,0.039198,-0.021435,-0.003001,0.447139,0.894458,-0.507581,-0.771352,0.383895,0.861598,-0.452859,0.229274,0.013199,-0.001643,-0.002706,-0.022979,-0.051448,0.005974,-0.911286,0.080373,0.022904,-0.075633,-0.095821,0.101074,-0.990253,-0.363613,-0.929634,-0.059702,-0.926607,0.354349,0.12583,0.014139,0.011767,-0.016751,1.782671,-0.033589,0.073751,0.417678
132,0.130671,-0.001965,0.32666,-0.006783,0.012759,-0.999918,-0.400742,-0.916131,-0.009024,-0.91617,0.400627,0.012572,0.01426,0.025801,-0.031487,0.603991,-0.011202,-0.164971,0.441745,-0.151977,0.039663,0.310399,0.137314,-0.447663,0.883591,0.401434,0.840576,0.363615,-0.905655,0.305317,0.293995,0.013458,-0.005098,-0.005679,-0.011519,0.011833,0.050937,-1.403674,0.043618,0.03906,-0.021514,-0.011162,0.448209,0.893858,-0.488317,-0.782516,0.386281,0.872594,-0.432175,0.227602,0.013909,-0.0086,-0.000117,-0.036855,0.003898,0.024047,-0.915368,0.08089,0.023518,-0.076371,-0.090652,0.093075,-0.991523,-0.318911,-0.945906,-0.059636,-0.943438,0.310802,0.11543,0.007161,0.012922,-0.015733,0.606922,0.025195,-0.141083,0.411637
133,0.131371,-0.00042,0.325074,-0.005336,0.00208,-1.000006,-0.35672,-0.934196,-9.3e-05,-0.934202,0.356714,0.006972,0.014943,0.038563,-0.038079,5.670255,-0.064646,-0.202008,0.44149,-0.15108,0.039289,0.310209,0.147989,-0.44591,0.882754,0.375665,0.850954,0.366998,-0.914996,0.277848,0.292311,0.026595,-0.004808,-0.006776,-4.907783,-1.985814,-1.498571,-1.404112,0.044057,0.038874,-0.021607,-0.019547,0.448419,0.893609,-0.468757,-0.793568,0.387963,0.88311,-0.411303,0.225712,0.013348,-0.003106,-0.003997,-0.043191,0.088632,0.117433,-0.918961,0.081233,0.024274,-0.077153,-0.088262,0.082696,-0.992658,-0.278521,-0.958847,-0.055115,-0.956365,0.271611,0.107662,0.007571,0.019654,-0.018693,0.142581,-0.067677,-0.133318,0.409514
134,0.131639,0.000464,0.324273,-0.008556,-0.004638,-0.999976,-0.342611,-0.939435,0.007236,-0.939441,0.342664,0.007693,0.015125,0.039712,-0.036963,0.204749,0.040913,-1.042487,0.443898,-0.150692,0.039128,0.310084,0.145407,-0.44753,0.882363,0.369363,0.85184,0.371311,-0.917967,0.272464,0.288031,0.013664,-0.007272,-0.007593,-0.26005,0.466525,0.379224,-1.404233,0.044265,0.038791,-0.021674,-0.021499,0.448848,0.893349,-0.458317,-0.798558,0.390192,0.888528,-0.401048,0.222883,0.006838,-0.003701,-0.003858,-0.239356,0.434702,0.354542,-0.920104,0.081373,0.02473,-0.077568,-0.09228,0.077347,-0.992723,-0.25787,-0.964821,-0.051202,-0.961762,0.251269,0.108979,0.007608,0.019895,-0.018442,0.190683,-0.107173,-1.237712,0.409677
135,0.132009,0.002261,0.322576,-0.010553,-0.011446,-0.999902,-0.308473,-0.951114,0.01409,-0.951174,0.3086,0.007751,0.001116,0.050056,-0.045894,1.829942,0.017258,-0.122368,0.445003,-0.149927,0.038905,0.309815,0.13003,-0.455348,0.880762,0.360039,0.849278,0.386047,-0.923939,0.267464,0.273243,0.026593,-0.003921,-0.006064,-0.1735,0.353636,0.366715,-1.40412,0.044633,0.038678,-0.021808,-0.003896,0.454737,0.890617,-0.447143,-0.79742,0.405195,0.894453,-0.396655,0.20644,0.01333,-0.002378,-0.0034,-0.271646,0.471395,0.679612,-0.916511,0.081558,0.025599,-0.078381,-0.092564,0.068903,-0.993319,-0.228172,-0.972523,-0.046198,-0.96921,0.222371,0.105742,0.007515,0.023887,-0.023945,0.167054,0.151662,-0.235562,0.415719
136,0.132161,0.003858,0.320943,-0.013264,-0.014923,-0.999824,-0.291594,-0.956357,0.01809,-0.956447,0.291795,0.009578,0.000304,0.036738,-0.039756,0.136997,0.059053,-0.124692,0.423615,-0.149217,0.03867,0.309552,0.109005,-0.463587,0.879316,0.35442,0.844498,0.401426,-0.928791,0.268453,0.25523,0.013658,-0.006374,-0.006877,-0.258415,0.558704,0.45316,-1.403968,0.044998,0.038562,-0.021939,0.016873,0.459841,0.88784,-0.440368,-0.793787,0.419497,0.897659,-0.398055,0.189105,0.013356,-0.002428,-0.003465,-0.007902,0.043436,0.078641,-0.912755,0.081635,0.026433,-0.079227,-0.095007,0.065249,-0.993335,-0.204713,-0.977803,-0.044649,-0.9742,0.199106,0.106255,0.000164,0.018261,-0.019977,0.134229,0.060107,-0.124813,0.396124
137,0.131929,0.004968,0.319518,-0.016686,-0.019458,-0.999694,-0.264429,-0.964113,0.023126,-0.964254,0.264752,0.012186,-0.000712,0.022258,-0.034802,1.759396,0.037345,-0.161199,0.432659,-0.148468,0.038442,0.309278,0.103806,-0.46643,0.878441,0.347288,0.844542,0.407521,-0.932069,0.263335,0.248526,0.026748,-0.004871,-0.00696,-0.021253,0.035997,0.075007,-1.40413,0.045368,0.038446,-0.022077,0.024576,0.462338,0.886362,-0.432252,-0.794551,0.426433,0.901417,-0.393612,0.180319,0.006826,-0.002905,-0.003216,0.00413,0.008734,0.011524,-0.90998,0.08152,0.026981,-0.079925,-0.09796,0.060525,-0.993347,-0.178513,-0.983027,-0.042293,-0.979048,0.173182,0.107102,-0.007475,0.011327,-0.017483,5.626973,-0.143534,-0.093954,0.391062
138,0.131754,0.005312,0.318921,-0.015329,-0.018611,-0.999732,-0.262823,-0.96458,0.021933,-0.964717,0.263106,0.011139,-0.015222,0.011901,-0.026159,0.067469,-0.122363,0.163469,0.435247,-0.148142,0.038335,0.309178,0.103969,-0.467185,0.87802,0.341549,0.845811,0.409733,-0.934169,0.257855,0.246378,0.013534,-0.004296,-0.005108,-0.032146,0.058135,0.088149,-1.403993,0.045541,0.038389,-0.022132,0.024179,0.463085,0.885983,-0.426725,-0.796668,0.428047,0.904057,-0.388422,0.178347,0.006768,-0.002114,-0.002532,-0.017144,0.034554,0.069345,-0.911286,0.081438,0.027156,-0.080229,-0.096859,0.061261,-0.99341,-0.175205,-0.983567,-0.043572,-0.979755,0.16983,0.106,-0.000302,0.011255,-0.017273,0.108826,-0.534422,0.792535,0.396287
139,0.131484,0.005603,0.318019,-0.008914,-0.013386,-0.999894,-0.26084,-0.965248,0.015195,-0.965344,0.260958,0.006358,-0.001702,-0.000673,-0.019327,0.034275,0.015349,-0.031632,0.431781,-0.147598,0.038113,0.309019,0.107016,-0.467831,0.87731,0.330744,0.848798,0.412413,-0.93771,0.246599,0.244441,0.013553,-0.004289,-0.005119,0.001884,-0.090322,0.18634,-1.403899,0.045808,0.038281,-0.022207,0.021221,0.464036,0.885561,-0.416272,-0.80123,0.429821,0.908992,-0.377756,0.176163,0.006754,-0.00186,-0.002316,0.003237,-0.008235,0.03452,-0.914225,0.081297,0.027304,-0.080691,-0.090793,0.067226,-0.993597,-0.173775,-0.983481,-0.050662,-0.98059,0.168062,0.100975,-0.000836,-0.00034,-0.009661,0.032147,0.019043,-0.037253,0.397104
140,0.131226,0.005268,0.3175,-0.005661,0.001232,-1.000005,-0.26086,-0.965362,0.000235,-0.965366,0.260855,0.00703,-0.016122,-0.010306,-0.010057,-0.003671,0.027877,0.271956,0.42595,-0.147202,0.037707,0.308913,0.104268,-0.468716,0.877168,0.329413,0.84839,0.414313,-0.938484,0.246321,0.241735,0.015022,-0.017654,0.000519,-0.040833,0.021478,-0.004468,-1.403327,0.046005,0.038087,-0.02226,0.02397,0.464668,0.88516,-0.41484,-0.800962,0.431702,0.909578,-0.377547,0.173563,0.000288,-0.003418,-0.002997,0.007208,0.005426,-0.033146,-0.912429,0.081174,0.027138,-0.080948,-0.089138,0.082148,-0.992625,-0.175042,-0.982374,-0.065581,-0.980517,0.167905,0.101947,-0.001103,-0.006127,-0.005866,-0.005711,0.04817,0.279319,0.394164
141,0.131081,0.005,0.317369,-0.00881,0.010304,-0.999931,-0.261381,-0.96519,-0.007697,-0.965198,0.261277,0.012441,-0.002198,-0.020777,-0.001187,-0.04354,0.242921,0.097973,0.420388,-0.147075,0.037521,0.308843,0.101593,-0.469573,0.877024,0.328423,0.847912,0.416072,-0.939121,0.246336,0.239235,0.000532,-0.00634,-0.005556,-0.015127,0.032384,0.025967,-1.403464,0.046074,0.037987,-0.022295,0.026798,0.465154,0.884823,-0.4136,-0.800665,0.433438,0.910063,-0.377578,0.170932,0.006876,-0.003125,-0.003437,-0.000598,0.013452,0.014607,-0.912756,0.081101,0.027007,-0.081018,-0.093018,0.090904,-0.991505,-0.176224,-0.981604,-0.073464,-0.979945,0.167894,0.107327,-0.001113,-0.010496,-0.000693,-0.048554,0.32318,0.143484,0.388939
142,0.130758,0.004267,0.317591,-0.021172,0.031172,-0.999312,-0.263954,-0.964208,-0.024538,-0.96429,0.263209,0.029886,-0.01554,-0.024309,0.013998,-0.100321,0.776745,0.415189,0.414999,-0.14683,0.037215,0.308577,0.101673,-0.47004,0.876765,0.328454,0.847692,0.416497,-0.939102,0.246202,0.239449,-0.000611,0.003377,-0.01443,0.034471,0.006848,-0.005026,-1.403279,0.046196,0.037836,-0.022419,0.026466,0.46545,0.884677,-0.413713,-0.800541,0.43356,0.910022,-0.377477,0.171376,0.006928,-0.003603,-0.003868,0.000341,0.000945,0.005396,-0.912755,0.080938,0.026634,-0.080921,-0.105289,0.108912,-0.988459,-0.180064,-0.979641,-0.08876,-0.978003,0.168641,0.122756,-0.000513,-0.007136,0.002535,-0.044556,0.139442,0.261205,0.378162
143,0.130549,0.00346,0.318249,-0.033162,0.056582,-0.99787,-0.261969,-0.963964,-0.046007,-0.964479,0.259809,0.048031,-0.014524,-0.018675,0.019434,-0.046348,0.224951,1.277575,0.407855,-0.146567,0.036821,0.308218,0.102117,-0.471354,0.876007,0.322801,0.848581,0.419099,-0.941012,0.240552,0.237684,0.000993,-0.011638,-0.010271,-0.002513,0.018117,-0.022292,-1.403049,0.046327,0.037643,-0.022601,0.026213,0.466974,0.883882,-0.408048,-0.802173,0.435907,0.912583,-0.372093,0.169521,0.007101,-0.005515,-0.005571,0.002919,0.011523,-0.023165,-0.916348,0.080834,0.026228,-0.080593,-0.12041,0.13249,-0.983843,-0.179884,-0.977559,-0.109628,-0.97629,0.163777,0.14154,-0.000109,-0.009559,0.009614,0.076783,-0.786029,2.991345,0.37163
144,0.130541,0.003016,0.318682,-0.040368,0.066368,-0.997001,-0.258479,-0.964503,-0.053792,-0.965136,0.255444,0.05733,-0.000639,-0.029632,0.027903,-0.12191,0.414908,0.2223,0.404008,-0.146382,0.03663,0.308018,0.099498,-0.472467,0.875709,0.322066,0.847914,0.421009,-0.941541,0.240722,0.235408,0.014123,-0.009995,-0.010247,-0.013205,0.042776,0.002106,-1.403264,0.046415,0.037545,-0.022703,0.029139,0.467765,0.883371,-0.406985,-0.801625,0.437903,0.912969,-0.372279,0.167015,0.000446,-0.005135,-0.004545,0.001331,0.019643,-0.021829,-0.916348,0.080824,0.026011,-0.080379,-0.129285,0.143706,-0.981138,-0.177265,-0.976853,-0.11972,-0.975633,0.158443,0.151767,-0.000107,-0.009246,0.009912,-0.087593,0.337995,0.399651,0.365752
145,0.130578,0.002004,0.319713,-0.06259,0.091135,-0.993893,-0.241392,-0.96762,-0.073578,-0.968344,0.235192,0.083799,-0.000332,-0.027982,0.02952,-0.143996,0.811215,0.712052,0.397136,-0.146071,0.036263,0.307664,0.091625,-0.475467,0.874944,0.319701,0.846093,0.426441,-0.943134,0.241227,0.228408,0.000834,-0.009621,-0.008542,-0.044588,0.107614,0.049504,-1.402807,0.046576,0.037355,-0.022888,0.037374,0.469664,0.882053,-0.403955,-0.800237,0.443215,0.914014,-0.372875,0.159815,0.00042,-0.00478,-0.004248,-0.025879,0.079415,0.025843,-0.917981,0.080844,0.025508,-0.079861,-0.151279,0.16397,-0.974796,-0.161282,-0.977025,-0.139316,-0.975244,0.136141,0.174249,-0.000202,-0.014117,0.014645,-0.126567,0.443489,0.237254,0.355791
146,0.130612,0.001008,0.320815,-0.088127,0.116719,-0.98927,-0.22514,-0.969727,-0.09441,-0.970238,0.214253,0.112968,-0.000226,-0.027424,0.030082,5.321128,1.377033,-0.124832,0.386202,-0.145641,0.035908,0.307318,0.083947,-0.479079,0.873743,0.317364,0.843953,0.432385,-0.944627,0.241582,0.221768,0.013989,-0.007818,-0.008396,-0.016092,0.036031,0.033529,-1.402781,0.046786,0.037179,-0.023058,0.045501,0.472213,0.880309,-0.400925,-0.798504,0.449053,0.91498,-0.373371,0.15299,0.006997,-0.003902,-0.004199,0.007485,0.001112,0.00411,-0.916838,0.080861,0.025012,-0.079308,-0.178724,0.188154,-0.965741,-0.152657,-0.974961,-0.161699,-0.971984,0.118528,0.202971,-0.000152,-0.013872,0.014895,-0.156514,1.034845,0.847822,0.340442
147,0.130629,4.3e-05,0.321681,-0.117127,0.155243,-0.980932,-0.209498,-0.969322,-0.128445,-0.970638,0.190259,0.147278,-0.000691,-0.021253,0.017237,-0.117982,0.951813,0.549493,0.384094,-0.14515,0.035568,0.307043,0.082883,-0.47678,0.875101,0.316769,0.845106,0.430567,-0.944919,0.242099,0.219951,0.015265,-0.018453,-0.000363,-0.036755,0.012533,-0.011599,-1.402992,0.047031,0.037013,-0.023198,0.04584,0.469644,0.881664,-0.400902,-0.799748,0.446854,0.914972,-0.373945,0.151621,0.006945,-0.003135,-0.003532,0.000658,-0.000757,0.007102,-0.912429,0.080871,0.024527,-0.078856,-0.211816,0.223249,-0.951468,-0.134388,-0.970964,-0.197906,-0.968025,0.085946,0.235668,-0.000388,-0.010777,0.008484,-0.123357,0.96843,0.549685,0.334563
148,0.13062,-0.000423,0.322011,-0.133273,0.181172,-0.974403,-0.202,-0.967456,-0.152306,-0.970125,0.176299,0.166745,-0.000916,-0.022489,0.016067,-0.132676,1.371633,1.047392,0.377111,-0.144924,0.035402,0.306937,0.081877,-0.474348,0.876517,0.316185,0.846322,0.428602,-0.945201,0.242627,0.218151,0.013808,-0.005347,-0.006233,-0.020791,0.133015,-0.169098,-1.402754,0.047145,0.036927,-0.023248,0.046372,0.46784,0.882595,-0.400653,-0.800653,0.445456,0.915055,-0.374271,0.150313,0.006901,-0.003186,-0.00355,-0.251576,1.646842,-2.198087,-0.913572,0.080867,0.024302,-0.078698,-0.226977,0.244843,-0.942619,-0.128431,-0.966953,-0.220238,-0.965394,0.071073,0.250921,-0.000494,-0.011389,0.007905,-0.093996,1.124907,0.873341,0.330155
149,0.130493,-0.001088,0.322459,-0.171103,0.222349,-0.959859,-0.188206,-0.963616,-0.189725,-0.966913,0.147906,0.207919,-0.014584,-0.009916,0.009122,-0.100676,1.042347,0.825452,0.356583,-0.14456,0.035053,0.30672,0.081664,-0.474122,0.876659,0.315889,0.846481,0.428506,-0.945318,0.24251,0.217772,0.013813,-0.005162,-0.00609,0.002045,-0.015205,0.029245,-1.402448,0.047322,0.036752,-0.023356,0.046756,0.466798,0.883126,-0.400337,-0.801228,0.444704,0.915173,-0.374341,0.149414,0.001028,-0.009675,0.000115,-0.039033,0.027436,-0.040748,-0.916838,0.080808,0.023961,-0.078475,-0.269044,0.282495,-0.920766,-0.118666,-0.958455,-0.259385,-0.955788,0.039477,0.291389,-0.000249,-0.00571,0.003946,-0.123642,1.335985,1.046231,0.307784
