frame,MLTx,MLTy,MLTz,MLTR1,MLTR2,MLTR3,MLTR4,MLTR5,MLTR6,MLTR7,MLTR8,MLTR9,MLTTVx,MLTTVy,MLTTVz,MLTRVx,MLTRVy,MLTRVz,MLGA,MRTx,MRTy,MRTz,MRTR1,MRTR2,MRTR3,MRTR4,MRTR5,MRTR6,MRTR7,MRTR8,MRTR9,MRTTVx,MRTTVy,MRTTVz,MRTRVx,MRTRVy,MRTRVz,MRGA,SLTx,SLTy,SLTz,SLTR1,SLTR2,SLTR3,SLTR4,SLTR5,SLTR6,SLTR7,SLTR8,SLTR9,SLTTVx,SLTTVy,SLTTVz,SLTRVx,SLTRVy,SLTRVz,SLGA,SRTx,SRTy,SRTz,SRTR1,SRTR2,SRTR3,SRTR4,SRTR5,SRTR6,SRTR7,SRTR8,SRTR9,SRTTVx,SRTTVy,SRTTVz,SRTRVx,SRTRVy,SRTRVz,SRGA
614,0.074123,0.013805,0.402459,-0.260953,0.62069,-0.739386,-0.965209,-0.154464,0.210914,0.017022,0.767931,0.640328,-0.000673,-0.00191,-0.001154,-0.001219,0.011742,-0.02629,0.077754,-0.070997,-0.013746,0.392297,-0.187799,0.95291,-0.238089,-0.658945,-0.301872,-0.688911,-0.72807,0.026309,0.684898,-0.00014,-0.002962,0.014766,-0.038536,-0.263265,-0.127324,-1.409419,0.043705,0.037409,-0.013294,0.126782,-0.965634,-0.226884,0.686502,0.250519,-0.682608,0.715988,-0.069214,0.694671,-3.1e-05,-0.001646,0.007259,-0.187156,-0.366246,-0.254607,-0.768407,0.083261,0.037916,-0.061424,-0.321792,0.600287,-0.732192,-0.94618,-0.232088,0.22556,-0.034532,0.765369,0.642664,-8.9e-05,-0.000251,-0.00015,-6e-06,-1.9e-05,1e-05,-0.100279
615,0.074113,0.013776,0.402442,-0.260898,0.620679,-0.739415,-0.965223,-0.154431,0.21087,0.017012,0.767946,0.64031,-0.000219,-0.000621,-0.000375,0.0,0.0,0.0,0.07885,-0.070891,-0.013758,0.39287,-0.184453,0.953058,-0.2401,-0.659411,-0.301035,-0.688831,-0.728506,0.030065,0.684279,0.012481,0.0028,0.017351,-0.023591,-0.102747,0.215575,-1.409244,0.043753,0.0374,-0.013009,0.123173,-0.965482,-0.229504,0.686829,0.249864,-0.682519,0.716305,-0.073562,0.693897,-0.000474,-0.000159,0.008357,-0.040042,0.004472,0.015495,-0.769713,0.083255,0.037899,-0.061435,-0.321755,0.600283,-0.732211,-0.946192,-0.232066,0.225532,-0.034539,0.765378,0.642652,-0.000127,-0.000361,-0.000217,-0.0,2e-06,-1e-06,-0.099953
616,0.074093,0.013749,0.402426,-0.260995,0.620699,-0.739364,-0.965197,-0.15449,0.210948,0.017029,0.767918,0.640343,-0.000185,-0.000526,-0.000318,0.0,0.0,0.0,0.079888,-0.070631,-0.013538,0.393461,-0.183031,0.953401,-0.239827,-0.66027,-0.299835,-0.688532,-0.728089,0.031125,0.684676,0.01,0.014484,0.009042,0.003077,-0.025818,0.056017,-1.409176,0.043888,0.037512,-0.012706,0.121632,-0.965802,-0.228976,0.68769,0.248347,-0.682205,0.715741,-0.074486,0.69438,0.004945,0.007398,0.004633,0.003223,-0.024694,0.055509,-0.770039,0.083245,0.037886,-0.061443,-0.321852,0.600295,-0.732158,-0.94616,-0.232123,0.225609,-0.034519,0.765352,0.642685,-0.000108,-0.000304,-0.000183,2e-06,3e-06,-6e-06,-0.09881
617,0.07409,0.013742,0.402421,-0.261014,0.620703,-0.739354,-0.965192,-0.154501,0.210963,0.017032,0.767913,0.640349,-6.5e-05,-0.000183,-0.000111,0.0,0.0,0.0,0.079504,-0.070513,-0.01336,0.393761,-0.18281,0.95343,-0.239883,-0.660557,-0.299713,-0.68831,-0.727885,0.031424,0.684879,0.011484,0.006032,0.019701,-0.03878,0.047312,-0.152496,-1.409404,0.043942,0.037599,-0.012563,0.121326,-0.965841,-0.228978,0.687954,0.248111,-0.682025,0.71554,-0.074779,0.694557,0.004705,0.008175,0.005195,0.003307,-0.025101,0.055418,-0.76661,0.083243,0.037882,-0.061445,-0.321871,0.600297,-0.732148,-0.946153,-0.232135,0.225624,-0.034516,0.765346,0.642691,-2.9e-05,-8e-05,-4.7e-05,4e-06,3e-06,4e-06,-0.09832
618,0.074093,0.013749,0.402426,-0.260995,0.620699,-0.739364,-0.965197,-0.15449,0.210948,0.017029,0.767918,0.640343,9e-06,2.5e-05,1.5e-05,0.0,0.0,0.0,0.079941,-0.070339,-0.013012,0.394325,-0.181373,0.952831,-0.243328,-0.662191,-0.301144,-0.686111,-0.72676,0.035486,0.685874,-0.003121,0.010405,0.007646,0.005917,-0.294684,-0.115908,-1.409223,0.044032,0.037782,-0.012269,0.120571,-0.965255,-0.231831,0.689818,0.249405,-0.679667,0.713872,-0.077973,0.695921,-0.00155,0.00514,0.003772,0.038608,-0.37369,-0.176333,-0.76661,0.083245,0.037886,-0.061443,-0.321852,0.600295,-0.732158,-0.94616,-0.232123,0.225608,-0.034519,0.765352,0.642685,7e-06,2.2e-05,1.3e-05,-5e-06,-1e-06,-1.1e-05,-0.097993
619,0.074091,0.013749,0.402414,-0.260872,0.620669,-0.739433,-0.965231,-0.154434,0.210833,0.016981,0.767954,0.640301,-0.000225,-0.00064,-0.000387,0.0,0.0,0.0,0.080767,-0.070327,-0.012934,0.394843,-0.177337,0.951375,-0.251847,-0.662635,-0.304514,-0.684193,-0.727356,0.04435,0.684726,-0.002258,0.007525,0.005513,-0.681021,-0.345495,-0.42171,-1.4092,0.044038,0.037819,-0.012011,0.116488,-0.963605,-0.240615,0.689729,0.252804,-0.678501,0.714635,-0.086922,0.694075,-0.000133,-0.001257,0.007497,-2.447522,-0.574791,-1.281036,-0.766937,0.083245,0.037888,-0.061448,-0.321728,0.600275,-0.732229,-0.9462,-0.23207,0.225494,-0.03457,0.765384,0.642644,-0.000151,-0.000426,-0.000258,-5e-06,1e-06,-1e-05,-0.097503
620,0.074098,0.01374,0.402408,-0.26087,0.620667,-0.739435,-0.965232,-0.154433,0.210831,0.016981,0.767955,0.640299,-0.000163,-0.000462,-0.00028,0.0,0.0,0.0,0.081447,-0.070206,-0.012917,0.395393,-0.173067,0.950911,-0.256528,-0.662278,-0.305022,-0.684312,-0.728713,0.050261,0.682872,0.012595,0.002183,0.016805,-0.027449,-0.041817,0.025859,-1.409265,0.044094,0.037826,-0.011744,0.112015,-0.96271,-0.246256,0.689841,0.253707,-0.678049,0.715241,-0.093926,0.692536,-0.000317,-0.000702,0.00791,-0.044282,0.007447,0.023934,-0.765794,0.083248,0.037882,-0.061451,-0.321726,0.600273,-0.732231,-0.946201,-0.232069,0.225493,-0.034571,0.765385,0.642642,-0.000106,-0.0003,-0.000181,3e-06,-1e-06,3e-06,-0.096687
621,0.074105,0.01373,0.402402,-0.260868,0.620666,-0.739437,-0.965232,-0.154431,0.210829,0.01698,0.767957,0.640298,-0.000165,-0.000468,-0.000283,0.0,0.0,0.0,0.082893,-0.070028,-0.0129,0.395698,-0.170765,0.9507,-0.258844,-0.662166,-0.305147,-0.684365,-0.72936,0.053332,0.681948,-0.000331,-0.00236,0.015122,-0.023904,-0.09423,0.183652,-1.409028,0.044183,0.037837,-0.011595,0.109887,-0.962361,-0.248565,0.689739,0.253898,-0.678082,0.71567,-0.096933,0.691679,0.006343,0.000901,0.008256,-0.040309,-0.011095,0.048759,-0.764978,0.083251,0.037877,-0.061454,-0.321724,0.600272,-0.732233,-0.946201,-0.232068,0.225491,-0.034572,0.765387,0.642641,-0.000126,-0.000356,-0.000215,-1e-06,-5e-06,1.1e-05,-0.096034
622,0.074124,0.013709,0.402366,-0.260857,0.620649,-0.739455,-0.965236,-0.154463,0.210789,0.016925,0.767964,0.64029,-0.000235,-0.000668,-0.000404,0.0,0.0,0.0,0.084622,-0.069547,-0.012975,0.396305,-0.169919,0.950805,-0.259014,-0.663264,-0.304618,-0.683537,-0.728561,0.054448,0.682714,0.002585,-0.015492,0.022387,-0.06939,-0.000481,-0.047629,-1.40905,0.044426,0.03781,-0.011284,0.108935,-0.962528,-0.248336,0.690905,0.252929,-0.677256,0.71469,-0.0978,0.692569,0.006967,-0.001178,0.006734,-0.032667,-0.013912,0.005129,-0.765631,0.083261,0.037866,-0.061472,-0.321712,0.600256,-0.732252,-0.946203,-0.232099,0.22545,-0.034627,0.76539,0.642634,-0.000145,-0.000412,-0.00025,-5e-06,-2e-06,3e-06,-0.092768
623,0.074147,0.013664,0.402326,-0.260744,0.620616,-0.739522,-0.965268,-0.154412,0.210682,0.016879,0.768001,0.640248,0.012037,-0.004481,-0.002786,0.000984,-0.014715,0.029553,0.084585,-0.069148,-0.013247,0.396821,-0.168699,0.950176,-0.2621,-0.663594,-0.305989,-0.682603,-0.728545,0.057574,0.682474,0.001719,-0.009146,0.010178,-0.034267,-0.001833,-0.024453,-1.409183,0.044626,0.037668,-0.011018,0.107822,-0.961812,-0.251579,0.691309,0.254395,-0.676294,0.714468,-0.101,0.692339,0.000906,-0.004755,0.004949,-0.038658,0.009209,-0.016877,-0.764978,0.083272,0.037844,-0.061492,-0.321598,0.600233,-0.73232,-0.94624,-0.232051,0.225345,-0.034677,0.765422,0.642592,0.006005,-0.002281,-0.001419,0.000984,-0.01471,0.02956,-0.091788
624,0.074142,0.013649,0.402318,-0.260782,0.620624,-0.739502,-0.965257,-0.154435,0.210713,0.016886,0.76799,0.64026,-0.000168,-0.000478,-0.000289,0.0,0.0,0.0,0.086263,-0.068924,-0.01344,0.397088,-0.167313,0.949651,-0.264879,-0.663505,-0.307061,-0.682209,-0.728947,0.060407,0.681799,0.00357,-0.018719,0.020048,-0.015613,-0.202116,-0.127808,-1.408922,0.044738,0.037576,-0.010894,0.106873,-0.961334,-0.253797,0.691355,0.255301,-0.675906,0.714566,-0.103227,0.691908,0.007551,-0.003081,0.005349,0.053922,-0.307679,-0.129982,-0.763181,0.083269,0.037835,-0.061497,-0.321637,0.600237,-0.7323,-0.946227,-0.232074,0.225375,-0.03467,0.765412,0.642605,-9.2e-05,-0.000264,-0.00016,-1.1e-05,1e-06,-2e-06,-0.091462
625,0.074141,0.01361,0.402306,-0.260717,0.620616,-0.739531,-0.965274,-0.154376,0.210677,0.016901,0.768008,0.640239,-0.000175,-0.000496,-0.0003,0.0,0.0,0.0,0.087193,-0.068525,-0.013837,0.397619,-0.166023,0.949006,-0.267984,-0.663993,-0.308383,-0.681137,-0.728799,0.063657,0.681662,0.003566,-0.018687,0.02008,-0.054659,-0.055752,-0.069504,-1.409399,0.044938,0.037375,-0.01063,0.105337,-0.960478,-0.257653,0.69174,0.25691,-0.674901,0.714422,-0.107137,0.691464,0.007524,-0.002991,0.005416,-0.02499,-0.058962,-0.003209,-0.762038,0.083269,0.037816,-0.061503,-0.321571,0.600236,-0.73233,-0.94625,-0.232016,0.22534,-0.034655,0.765431,0.642583,-0.000101,-0.000285,-0.000174,-1e-06,-1.3e-05,9e-06,-0.089176
626,0.074141,0.01361,0.402306,-0.260717,0.620616,-0.739531,-0.965274,-0.154376,0.210677,0.016901,0.768008,0.640239,-0.0,-0.0,-0.0,0.0,0.0,0.0,0.088169,-0.068264,-0.014416,0.398203,-0.163025,0.947064,-0.276558,-0.66323,-0.312603,-0.679955,-0.730172,0.071376,0.679424,0.004259,-0.020948,0.018443,0.021249,-0.342864,-0.182162,-1.408812,0.045068,0.037089,-0.010336,0.103171,-0.958698,-0.265051,0.691551,0.260667,-0.673653,0.71492,-0.113795,0.689883,0.001314,-0.006081,0.00399,0.084572,-0.465773,-0.267501,-0.759426,0.083269,0.037816,-0.061503,-0.321571,0.600236,-0.73233,-0.94625,-0.232015,0.225339,-0.034655,0.765431,0.642583,3e-06,1.9e-05,1e-05,-1.4e-05,-1.8e-05,-1.8e-05,-0.088196
627,0.074141,0.01361,0.402306,-0.260717,0.620616,-0.739531,-0.965274,-0.154376,0.210677,0.016901,0.768008,0.640239,-0.0,-0.0,-0.0,0.0,0.0,0.0,0.087712,-0.06819,-0.014765,0.398455,-0.16216,0.946333,-0.279553,-0.663195,-0.314179,-0.679262,-0.730397,0.074054,0.678895,0.002866,-0.012884,0.007466,-0.009856,-0.094322,-0.060667,-1.408722,0.045103,0.03692,-0.010212,0.102259,-0.958103,-0.267544,0.692422,0.261658,-0.672373,0.714208,-0.116498,0.690169,0.001429,-0.006461,0.003716,-0.038539,-0.078108,-0.038204,-0.759426,0.083269,0.037816,-0.061503,-0.321571,0.600236,-0.73233,-0.94625,-0.232015,0.225339,-0.034655,0.765431,0.642583,-1e-06,1.2e-05,8e-06,-1.3e-05,-1.9e-05,-2.2e-05,-0.087543
628,0.074153,0.013615,0.402309,-0.260677,0.620608,-0.739553,-0.965285,-0.154351,0.210645,0.016895,0.76802,0.640224,0.0,1e-06,0.0,0.0,0.0,0.0,0.087907,-0.0681,-0.015308,0.398758,-0.165724,0.945158,-0.281432,-0.659892,-0.318237,-0.680589,-0.732581,0.071731,0.676788,0.002998,-0.013319,0.007148,-0.035114,0.008188,-0.051454,-1.409042,0.04515,0.036638,-0.010056,0.106357,-0.957388,-0.268505,0.689802,0.265531,-0.673546,0.716142,-0.113579,0.68865,0.001361,-0.006229,0.003888,0.022479,-0.033229,-0.019918,-0.757303,0.083275,0.037819,-0.061501,-0.32153,0.60023,-0.732352,-0.946264,-0.231991,0.225308,-0.034662,0.765443,0.642569,-4e-06,-1e-06,-0.0,-0.0,-1.2e-05,-1e-05,-0.087543
629,0.074148,0.013601,0.4023,-0.260715,0.620615,-0.739533,-0.965275,-0.154374,0.210675,0.016901,0.768009,0.640237,-0.000163,-0.000464,-0.000281,0.0,0.0,0.0,0.087646,-0.068015,-0.015705,0.399025,-0.164681,0.944458,-0.284377,-0.65995,-0.319659,-0.679866,-0.732765,0.074522,0.676288,0.002293,-0.011011,0.008835,-0.032185,-0.009737,-0.027516,-1.408866,0.045195,0.036431,-0.009922,0.105696,-0.956755,-0.27101,0.690377,0.266753,-0.672473,0.715685,-0.116021,0.688718,0.001128,-0.005463,0.004447,0.033737,-0.028091,-0.009092,-0.758936,0.083273,0.037813,-0.061505,-0.321569,0.600235,-0.732332,-0.946251,-0.232014,0.225338,-0.034655,0.765433,0.642581,-0.000107,-0.0003,-0.00018,-0.0,-6e-06,-5e-06,-0.087543
630,0.074141,0.013618,0.402299,-0.260706,0.620608,-0.739543,-0.965278,-0.154388,0.210652,0.016873,0.768012,0.640234,6.1e-05,0.000174,0.000105,0.0,0.0,0.0,0.088431,-0.067924,-0.016003,0.39931,-0.169587,0.942653,-0.287466,-0.657968,-0.325341,-0.679091,-0.733422,0.072789,0.675764,0.000103,-0.000337,-0.000246,-0.002235,0.055298,-0.191746,-1.408598,0.04524,0.036282,-0.00978,0.108046,-0.955866,-0.273211,0.690162,0.269923,-0.671428,0.715542,-0.116015,0.688868,2.8e-05,-0.000105,-7.8e-05,-0.012771,0.104255,-0.188196,-0.760405,0.083269,0.03782,-0.061506,-0.32156,0.600228,-0.732341,-0.946253,-0.232028,0.225314,-0.034684,0.765433,0.642579,4.1e-05,0.000115,6.9e-05,-4e-06,-5e-06,-2e-06,-0.087053
631,0.074151,0.013616,0.402297,-0.260685,0.620603,-0.739554,-0.965284,-0.154375,0.210635,0.016869,0.768019,0.640226,1e-06,3e-06,2e-06,0.0,0.0,0.0,0.088394,-0.067891,-0.016163,0.399433,-0.169882,0.942517,-0.287738,-0.65826,-0.325703,-0.678635,-0.733092,0.072929,0.676107,0.002204,-0.010718,0.009052,-0.034551,-0.000739,-0.02402,-1.408917,0.045256,0.036208,-0.00972,0.108513,-0.95564,-0.273817,0.689865,0.270713,-0.671416,0.715758,-0.116039,0.688639,0.001151,-0.005536,0.004395,0.018103,-0.019384,-0.04603,-0.761385,0.083274,0.037819,-0.061507,-0.321538,0.600225,-0.732354,-0.94626,-0.232015,0.225297,-0.034688,0.76544,0.642571,-2e-06,-1e-06,-1e-06,1e-06,-2e-06,-4e-06,-0.08689
632,0.074135,0.013627,0.402305,-0.260708,0.620609,-0.739541,-0.965277,-0.15439,0.210653,0.016873,0.768011,0.640236,0.0,1e-06,0.0,0.0,0.0,0.0,0.088521,-0.067773,-0.016395,0.399698,-0.175852,0.941282,-0.288193,-0.65687,-0.330131,-0.677841,-0.732924,0.068917,0.67671,0.01497,-0.005497,0.011212,-0.032547,-0.015782,0.005287,-1.408919,0.04531,0.036088,-0.00959,0.115007,-0.9545,-0.275141,0.687961,0.276335,-0.671079,0.716576,-0.112108,0.688439,0.0008,-0.004381,0.005239,-0.039661,0.05494,-0.247834,-0.762691,0.083266,0.037825,-0.061503,-0.321562,0.600229,-0.73234,-0.946252,-0.232029,0.225316,-0.034683,0.765432,0.64258,-3e-06,-6e-06,-2e-06,4e-06,-3e-06,-6e-06,-0.08689
633,0.074088,0.013639,0.402312,-0.260814,0.620634,-0.739482,-0.965248,-0.154456,0.210738,0.016891,0.767977,0.640276,0.0,0.0,0.0,0.0,0.0,0.0,0.088421,-0.06757,-0.01659,0.399991,-0.180529,0.939469,-0.291203,-0.654758,-0.335605,-0.677197,-0.73367,0.067228,0.676071,0.013237,0.003688,0.001036,0.003311,-0.012835,0.026384,-1.408765,0.045412,0.035989,-0.009438,0.120628,-0.95326,-0.277024,0.686926,0.281616,-0.669943,0.716645,-0.109481,0.68879,0.000828,-0.004474,0.005173,0.020667,-0.023603,-0.031939,-0.759589,0.083242,0.037831,-0.061499,-0.321669,0.600246,-0.732279,-0.946217,-0.232093,0.225399,-0.034662,0.765399,0.64262,-0.0,-3e-06,-1e-06,-3e-06,-1.2e-05,-2e-06,-0.086563
634,0.074062,0.013654,0.402321,-0.260859,0.620646,-0.739457,-0.965236,-0.154484,0.210773,0.016899,0.767962,0.640293,2.3e-05,6.6e-05,4e-05,0.0,0.0,0.0,0.088562,-0.067474,-0.016629,0.400154,-0.180376,0.939475,-0.291279,-0.655059,-0.33553,-0.676944,-0.73344,0.067515,0.676292,0.014153,-0.002823,0.013168,-0.03166,-0.025951,0.032233,-1.40899,0.045461,0.035966,-0.009365,0.120805,-0.953133,-0.277386,0.68686,0.282,-0.669849,0.716678,-0.109604,0.688736,0.007155,-0.00168,0.006385,-0.000733,-0.009152,-0.020509,-0.759589,0.083234,0.037837,-0.061496,-0.321692,0.60025,-0.732265,-0.946209,-0.232108,0.225418,-0.034657,0.765392,0.642629,1.4e-05,4.1e-05,2.6e-05,5e-06,6e-06,2e-06,-0.086563
635,0.074043,0.013659,0.402324,-0.260771,0.62063,-0.739501,-0.96526,-0.154431,0.210702,0.016884,0.767985,0.640266,0.0,0.0,0.0,0.0,0.0,0.0,0.088086,-0.067233,-0.016753,0.400555,-0.192636,0.936333,-0.293536,-0.65516,-0.345307,-0.671909,-0.730212,0.061697,0.680329,-0.00062,0.002016,0.001472,-0.019982,-0.001379,-0.009964,-1.408407,0.045585,0.035908,-0.009156,0.133007,-0.950307,-0.281469,0.686287,0.293201,-0.665615,0.715065,-0.104637,0.691181,0.007147,-0.001657,0.0064,-0.007844,-0.136288,-0.109339,-0.759262,0.08322,0.037841,-0.061493,-0.321626,0.600245,-0.732298,-0.946231,-0.232069,0.225364,-0.03467,0.765407,0.64261,-1e-06,-4e-06,-2e-06,9e-06,-0.0,9e-06,-0.086563
636,0.074043,0.013659,0.402324,-0.260771,0.62063,-0.739501,-0.96526,-0.154431,0.210702,0.016884,0.767985,0.640266,0.0,0.0,0.0,0.0,0.0,0.0,0.087554,-0.06682,-0.016862,0.400896,-0.2046,0.933111,-0.295694,-0.655057,-0.354877,-0.667006,-0.727031,0.056049,0.684213,0.014556,-0.004125,0.012216,-0.037645,-0.0264,0.029224,-1.407798,0.045786,0.035855,-0.00899,0.145118,-0.947567,-0.284705,0.686037,0.303712,-0.661143,0.712946,-0.099374,0.694141,0.006625,0.001814,0.000487,-0.008168,-0.018113,0.017586,-0.758609,0.08322,0.037841,-0.061493,-0.321626,0.600245,-0.732298,-0.946231,-0.232069,0.225364,-0.03467,0.765407,0.64261,1e-06,-2e-06,-1e-06,5e-06,1.4e-05,1e-06,-0.08689
637,0.074043,0.013659,0.402324,-0.260771,0.62063,-0.739501,-0.96526,-0.154431,0.210702,0.016884,0.767985,0.640266,0.0,0.0,0.0,0.0,0.0,0.0,0.087527,-0.066289,-0.016816,0.401092,-0.216582,0.930938,-0.294005,-0.653652,-0.361851,-0.664634,-0.724809,0.047056,0.687241,0.012862,0.004897,0.001912,0.481947,1.115565,-1.099187,-1.407674,0.046053,0.035875,-0.008888,0.155626,-0.946522,-0.282621,0.68568,0.309463,-0.658843,0.71107,-0.091255,0.697172,0.007218,-0.002186,0.006024,1.603437,3.658526,-3.808768,-0.758936,0.08322,0.037841,-0.061493,-0.321626,0.600245,-0.732298,-0.946231,-0.232069,0.225364,-0.03467,0.765407,0.64261,1e-06,-1e-06,-1e-06,7e-06,1.5e-05,4e-06,-0.087053
638,0.074034,0.013661,0.402326,-0.260792,0.620636,-0.739489,-0.965254,-0.154444,0.210719,0.016888,0.767979,0.640274,0.0,0.0,0.0,0.0,0.0,0.0,0.086961,-0.065993,-0.016744,0.401196,-0.222696,0.928926,-0.295796,-0.655008,-0.367181,-0.660361,-0.72172,0.045518,0.690588,0.025972,0.008979,0.003225,-0.062643,-0.034842,0.025505,-1.40742,0.046196,0.035909,-0.008837,0.163648,-0.944586,-0.284561,0.686658,0.316171,-0.654625,0.70832,-0.088268,0.700349,0.007138,-0.001611,0.006426,-0.267419,-0.03861,-0.118122,-0.756976,0.083215,0.037842,-0.061493,-0.321647,0.600248,-0.732286,-0.946224,-0.232082,0.225381,-0.034666,0.765401,0.642618,2e-06,-2e-06,-1e-06,2e-06,7e-06,2e-06,-0.087053
639,0.074018,0.013673,0.402333,-0.260816,0.620642,-0.739475,-0.965248,-0.154459,0.210738,0.016892,0.767971,0.640283,1.2e-05,3.4e-05,2.1e-05,0.0,0.0,0.0,0.085382,-0.06525,-0.016538,0.401428,-0.234878,0.925965,-0.295656,-0.656809,-0.375293,-0.653981,-0.716189,0.039417,0.696695,0.014411,-0.003652,0.012552,-0.032519,-0.015792,0.005254,-1.407452,0.046571,0.036018,-0.008724,0.176046,-0.942438,-0.284282,0.688892,0.324241,-0.648301,0.70316,-0.081709,0.70632,0.012929,0.00466,0.001721,0.011951,-0.045028,0.083937,-0.757629,0.083207,0.037848,-0.061489,-0.321671,0.600252,-0.732272,-0.946216,-0.232096,0.225399,-0.034661,0.765393,0.642628,5e-06,1e-05,6e-06,2e-06,7e-06,-0.0,-0.087706
640,0.074013,0.013682,0.40235,-0.26081,0.620648,-0.739472,-0.965249,-0.154436,0.21075,0.016918,0.76797,0.640283,0.00014,0.000398,0.000241,0.0,0.0,0.0,0.082002,-0.064538,-0.016472,0.401566,-0.258204,0.919968,-0.294925,-0.652081,-0.39109,-0.64944,-0.712445,0.023468,0.701238,0.013648,0.002379,6.5e-05,-0.020743,0.077288,0.060577,-1.407332,0.046927,0.036051,-0.008648,0.199693,-0.938034,-0.283219,0.68523,0.340298,-0.643937,0.700415,-0.06548,0.710725,0.006897,0.000966,-0.000142,-0.016491,0.094607,0.056979,-0.758609,0.083205,0.037852,-0.06148,-0.321666,0.600259,-0.732269,-0.946219,-0.232073,0.225411,-0.034635,0.765395,0.642627,8.8e-05,0.00025,0.000151,2e-06,-4e-06,-1e-06,-0.090482
641,0.074025,0.013687,0.402353,-0.26077,0.620639,-0.739494,-0.96526,-0.154412,0.210718,0.016911,0.767982,0.640269,6.3e-05,0.00018,0.000109,0.0,0.0,0.0,0.080026,-0.064204,-0.016449,0.401605,-0.275739,0.915416,-0.293212,-0.647589,-0.402219,-0.647134,-0.709948,0.010289,0.704081,0.013574,0.002621,0.000239,-0.698379,0.635679,-0.536639,-1.407202,0.047094,0.03606,-0.00863,0.216084,-0.934543,-0.282728,0.680644,0.351791,-0.642624,0.700021,-0.053576,0.712108,0.00683,0.001153,8e-06,-2.167273,1.436943,-1.876812,-0.757466,0.083211,0.037855,-0.061479,-0.321625,0.600254,-0.732291,-0.946232,-0.232049,0.22538,-0.034643,0.765406,0.642613,3.4e-05,9.8e-05,5.8e-05,-2e-06,-1.6e-05,-1.4e-05,-0.092605
642,0.074032,0.013709,0.402366,-0.260714,0.620628,-0.739523,-0.965275,-0.154377,0.210672,0.016901,0.767998,0.64025,0.000123,0.000348,0.00021,0.0,0.0,0.0,0.076981,-0.06332,-0.016232,0.401777,-0.320864,0.902937,-0.285906,-0.632612,-0.428857,-0.644839,-0.704422,-0.027173,0.709165,0.025559,0.010221,0.004103,0.442679,1.163215,-1.039531,-1.407799,0.047534,0.03616,-0.00855,0.261825,-0.925604,-0.27332,0.668982,0.378182,-0.639875,0.695636,-0.015311,0.71823,0.013746,-9.4e-05,0.006694,1.521956,3.661266,-3.848147,-0.751424,0.083215,0.037866,-0.061472,-0.321568,0.600248,-0.732322,-0.946251,-0.232015,0.225334,-0.034654,0.765421,0.642594,7.2e-05,0.000204,0.000123,2e-05,1.1e-05,3e-06,-0.096034
643,0.074054,0.013719,0.40236,-0.260641,0.620606,-0.739567,-0.965295,-0.154352,0.210598,0.016862,0.768021,0.640223,1e-06,4e-06,3e-06,0.0,0.0,0.0,0.074309,-0.06236,-0.016036,0.402026,-0.354577,0.892787,-0.277844,-0.620459,-0.446845,-0.644433,-0.699012,-0.057231,0.71272,0.013203,0.003782,0.001077,0.452768,1.08962,-1.138617,-1.407666,0.04802,0.036269,-0.008418,0.297382,-0.917337,-0.264678,0.657586,0.397778,-0.639806,0.692202,0.016218,0.721521,0.006622,0.001812,0.000468,0.478055,1.053273,-1.181591,-0.742933,0.083226,0.037871,-0.061475,-0.321494,0.600231,-0.732367,-0.946275,-0.231991,0.225261,-0.034694,0.765442,0.642568,-4e-06,-1.6e-05,-1.3e-05,1.3e-05,1e-06,-1.1e-05,-0.099953
644,0.074089,0.013702,0.40235,-0.260575,0.620589,-0.739604,-0.965314,-0.15431,0.210546,0.016851,0.768043,0.640198,0.012488,-0.003195,-0.002008,0.000984,-0.014715,0.029553,0.071392,-0.061715,-0.015955,0.402144,-0.374027,0.888064,-0.267279,-0.616585,-0.453279,-0.643658,-0.692254,-0.077059,0.717432,0.014917,-0.005164,0.01143,-0.085954,0.179116,0.078965,-1.407506,0.048339,0.036309,-0.008366,0.317215,-0.913655,-0.254179,0.653871,0.404841,-0.639183,0.686896,0.036558,0.725835,0.013174,0.003892,0.00114,-0.057204,0.193136,0.141585,-0.739667,0.083243,0.037862,-0.06148,-0.321429,0.60022,-0.732406,-0.946297,-0.231952,0.225209,-0.034708,0.765462,0.642543,0.006246,-0.001597,-0.001007,0.000997,-0.014709,0.029556,-0.103055
645,0.074099,0.0137,0.402349,-0.260554,0.620584,-0.739616,-0.965319,-0.154297,0.210529,0.016847,0.76805,0.64019,-0.0,-0.0,-0.0,0.0,0.0,0.0,0.069322,-0.061357,-0.015891,0.402296,-0.386214,0.884412,-0.262002,-0.613422,-0.458273,-0.643144,-0.688351,-0.088782,0.719829,0.027461,0.000645,0.013979,-0.08406,0.164222,0.108013,-1.407441,0.048514,0.036336,-0.008293,0.329597,-0.910765,-0.24874,0.651048,0.410055,-0.638741,0.683741,0.048586,0.728105,0.006113,0.003399,0.001623,-0.05711,0.195727,0.136545,-0.739831,0.083248,0.037861,-0.061481,-0.321407,0.600217,-0.732418,-0.946304,-0.23194,0.225192,-0.034713,0.765469,0.642535,3e-06,1e-06,-0.0,8e-06,1e-06,-0.0,-0.105178
646,0.074139,0.013697,0.402347,-0.26045,0.62056,-0.739673,-0.965348,-0.154233,0.210446,0.01683,0.768082,0.640151,2e-05,5.6e-05,3.4e-05,0.0,0.0,0.0,0.067026,-0.0607,-0.015794,0.40265,-0.415731,0.874019,-0.251497,-0.604246,-0.471989,-0.641909,-0.679185,-0.115989,0.72465,0.02744,0.000696,0.014009,-0.071094,0.115898,0.089828,-1.407196,0.048841,0.036387,-0.008114,0.359763,-0.902265,-0.23767,0.642873,0.424316,-0.637706,0.676228,0.076631,0.732695,0.006099,0.003425,0.001641,-0.030947,0.120694,0.069972,-0.737381,0.083268,0.03786,-0.061482,-0.321302,0.600202,-0.732476,-0.946339,-0.231877,0.22511,-0.034733,0.7655,0.642497,1e-05,2.2e-05,1.2e-05,1.1e-05,5e-06,-1.1e-05,-0.109424
647,0.074187,0.013685,0.402351,-0.260337,0.62054,-0.73973,-0.965378,-0.154143,0.210372,0.016837,0.768117,0.64011,0.012496,-0.003173,-0.001995,0.000984,-0.014715,0.029553,0.061717,-0.060131,-0.015673,0.403067,-0.432233,0.871396,-0.232025,-0.605037,-0.470913,-0.641954,-0.66808,-0.13818,0.731053,0.013318,-0.000309,0.014961,-0.242902,0.737793,0.289169,-1.407001,0.049132,0.036446,-0.007907,0.374948,-0.90047,-0.22038,0.642836,0.423831,-0.638066,0.667963,0.097573,0.737769,0.005565,0.00501,0.002793,-0.051449,0.179481,0.115495,-0.743587,0.083292,0.037854,-0.06148,-0.321188,0.600191,-0.732535,-0.946378,-0.231789,0.225037,-0.034729,0.765535,0.642455,0.006245,-0.001597,-0.001005,0.000991,-0.014717,0.029533,-0.113833
648,0.074197,0.01369,0.402342,-0.260304,0.620526,-0.739753,-0.965388,-0.154142,0.21033,0.016805,0.768128,0.640097,0.0,0.0,0.0,0.0,0.0,0.0,0.056486,-0.059898,-0.015598,0.403267,-0.434664,0.873494,-0.219244,-0.606965,-0.463861,-0.64526,-0.664747,-0.148491,0.732069,0.011563,0.008706,0.004648,-0.180853,0.711371,0.310217,-1.407264,0.049249,0.036482,-0.007802,0.377218,-0.90268,-0.207059,0.644508,0.416423,-0.641248,0.665067,0.10844,0.738868,0.006513,0.000275,0.007779,-0.176892,0.709091,0.526345,-0.742444,0.083297,0.037857,-0.061484,-0.321155,0.60018,-0.732559,-0.946388,-0.231789,0.224995,-0.034762,0.765544,0.642443,0.0,-8e-06,-6e-06,2.4e-05,-2e-06,-4e-06,-0.118568
649,0.074233,0.013704,0.402351,-0.260184,0.6205,-0.739818,-0.96542,-0.154068,0.210234,0.016784,0.768164,0.640054,0.00039,0.001108,0.00067,0.0,0.0,0.0,0.053779,-0.059476,-0.01548,0.40365,-0.436722,0.87879,-0.192337,-0.612218,-0.446871,-0.65225,-0.658555,-0.168199,0.733401,0.01402,-0.00246,0.013387,-0.131911,0.352404,0.362849,-1.407324,0.049457,0.03655,-0.007611,0.37938,-0.90786,-0.178497,0.649165,0.398645,-0.647816,0.659283,0.129894,0.740589,0.006029,0.003576,0.00175,-0.081019,0.449517,0.441608,-0.744403,0.083314,0.037862,-0.061481,-0.321034,0.600163,-0.732625,-0.946428,-0.231717,0.2249,-0.034786,0.765578,0.642401,0.000258,0.000732,0.000441,2.3e-05,-6e-06,-4e-06,-0.126733
650,0.074276,0.013709,0.402353,-0.260061,0.620472,-0.739884,-0.965454,-0.153993,0.210136,0.016763,0.768202,0.64001,0.000119,0.000338,0.000204,0.0,0.0,0.0,0.054751,-0.059337,-0.015513,0.403786,-0.435839,0.884412,-0.16689,-0.617294,-0.428561,-0.65971,-0.654394,-0.185614,0.732925,0.001871,-0.009364,0.010058,-0.227956,0.595132,0.412161,-1.407496,0.049531,0.036537,-0.007541,0.377264,-0.913034,-0.155049,0.652288,0.380816,-0.655361,0.657412,0.146108,0.73923,9.5e-05,-0.000299,-0.000219,-0.028489,0.044562,0.203655,-0.74228,0.083336,0.037866,-0.061479,-0.320911,0.600146,-0.732693,-0.946469,-0.231645,0.224803,-0.034811,0.765614,0.642357,8.6e-05,0.000243,0.000146,7e-06,-0.0,-1.2e-05,-0.128365
651,0.074359,0.013681,0.402347,-0.259881,0.620435,-0.739978,-0.965502,-0.153861,0.210009,0.016759,0.768258,0.639942,0.0,0.0,0.0,0.0,0.0,0.0,0.050281,-0.059433,-0.015578,0.403728,-0.433344,0.888255,-0.152342,-0.623008,-0.417275,-0.661572,-0.650632,-0.192888,0.734395,0.000309,-0.00093,-0.000676,-0.065528,0.160252,0.272657,-1.407865,0.049484,0.036498,-0.007568,0.375068,-0.916582,-0.138568,0.658003,0.368531,-0.65667,0.652959,0.155118,0.741338,-0.006406,-0.002461,-0.000945,-0.081399,0.216122,0.260854,-0.749955,0.083378,0.037852,-0.061482,-0.32073,0.600123,-0.732791,-0.94653,-0.231517,0.224678,-0.03482,0.76567,0.642289,-1e-06,-1e-05,-1e-05,1.7e-05,-3e-06,-3e-06,-0.129998
652,0.074407,0.013676,0.402332,-0.259894,0.620427,-0.73998,-0.965499,-0.153887,0.210004,0.016735,0.768259,0.639941,0.0,0.0,0.0,0.0,0.0,0.0,0.048074,-0.059487,-0.015557,0.403648,-0.433891,0.889656,-0.14228,-0.625645,-0.411032,-0.662989,-0.647732,-0.199761,0.73512,-0.001661,0.008738,-0.010512,-0.160472,0.624971,0.259065,-1.407676,0.049459,0.036503,-0.007606,0.374445,-0.918021,-0.130488,0.659571,0.362612,-0.65839,0.651733,0.160465,0.741279,-0.006529,-0.002084,-0.00067,-0.006452,-0.006862,0.153239,-0.753384,0.083402,0.03785,-0.061489,-0.320742,0.600114,-0.732793,-0.946525,-0.231543,0.224672,-0.034844,0.765669,0.642289,1e-06,-6e-06,-9e-06,1.1e-05,-6e-06,-1.8e-05,-0.133591
653,0.074506,0.013698,0.402345,-0.25959,0.620358,-0.740144,-0.965582,-0.1537,0.209761,0.016683,0.768352,0.639831,0.000726,0.002068,0.00125,0.001217,-0.011744,0.026289,0.046333,-0.059676,-0.015457,0.403514,-0.435284,0.890486,-0.132487,-0.627755,-0.405571,-0.664357,-0.644751,-0.207129,0.735702,-8.9e-05,0.000267,0.000194,-0.05647,0.179399,0.067634,-1.407586,0.049364,0.036556,-0.007677,0.376453,-0.918805,-0.118658,0.662023,0.356392,-0.659324,0.648079,0.16965,0.742435,-0.000954,0.00475,-0.004975,-0.033443,0.212675,0.106095,-0.740811,0.08345,0.037856,-0.061485,-0.320456,0.600073,-0.732952,-0.94662,-0.231374,0.224447,-0.034902,0.765753,0.642186,0.000161,0.000456,0.000273,8e-06,-5e-06,-8e-06,-0.137836
654,0.074571,0.013737,0.402368,-0.259352,0.620307,-0.740271,-0.965647,-0.153553,0.209571,0.016643,0.768423,0.639747,0.000453,0.001293,0.000781,0.0,0.0,0.0,0.044652,-0.059856,-0.015239,0.403234,-0.440301,0.88952,-0.121982,-0.630836,-0.403042,-0.662976,-0.638306,-0.216071,0.738744,-0.001927,0.009545,-0.009922,-0.05698,0.29201,0.134249,-1.407586,0.049275,0.036658,-0.00781,0.381073,-0.918146,-0.108583,0.664829,0.353743,-0.657926,0.642483,0.178528,0.745213,-0.000992,0.004872,-0.004887,-0.11553,0.457447,0.217678,-0.741137,0.083484,0.03788,-0.061472,-0.320197,0.600039,-0.733093,-0.946705,-0.231221,0.224243,-0.034952,0.765825,0.642097,0.000235,0.000669,0.000403,3e-06,-4e-06,-1.4e-05,-0.139959
655,0.074582,0.013773,0.402378,-0.259265,0.620283,-0.740321,-0.96567,-0.153519,0.209485,0.016602,0.768448,0.639717,0.00042,0.001198,0.000723,0.0,0.0,0.0,0.0439,-0.059839,-0.01506,0.403067,-0.443338,0.889088,-0.113865,-0.633504,-0.400539,-0.661948,-0.633545,-0.222444,0.740948,-0.001979,0.009701,-0.009807,-0.032037,0.212348,0.104283,-1.40783,0.049283,0.036751,-0.007897,0.38433,-0.91784,-0.099295,0.667735,0.350641,-0.656642,0.63751,0.186064,0.747636,-0.00101,0.004927,-0.004845,-0.020501,0.197393,0.076636,-0.741464,0.083489,0.037898,-0.061466,-0.320109,0.600023,-0.733144,-0.946734,-0.231189,0.224157,-0.034996,0.765848,0.642068,0.000211,0.000605,0.000364,3e-06,-4e-06,-1.2e-05,-0.141102
656,0.07461,0.013852,0.402426,-0.259187,0.620268,-0.740361,-0.965692,-0.153472,0.209422,0.016589,0.76847,0.639691,0.00091,0.002597,0.001567,0.001217,-0.011745,0.026289,0.043075,-0.059943,-0.014731,0.402804,-0.448347,0.888748,-0.09541,-0.636492,-0.392249,-0.664042,-0.626992,-0.238105,0.741654,-0.002344,0.010803,-0.009005,-0.034217,0.218315,0.106823,-1.407742,0.049231,0.036915,-0.008029,0.389102,-0.917622,-0.081044,0.670034,0.342294,-0.658702,0.632181,0.202,0.748026,-0.000334,0.001023,0.000746,-0.071298,0.226362,0.073789,-0.743423,0.083502,0.037935,-0.061444,-0.320051,0.600016,-0.733176,-0.946753,-0.231155,0.22411,-0.035008,0.765864,0.642048,0.000235,0.00067,0.000404,1.3e-05,1e-06,1e-05,-0.142898
657,0.074635,0.013924,0.402469,-0.258998,0.62023,-0.740459,-0.965743,-0.153357,0.209271,0.016557,0.768524,0.639628,0.000807,0.002302,0.001388,0.001217,-0.011745,0.026289,0.042292,-0.060039,-0.014429,0.402534,-0.451023,0.888638,-0.083022,-0.639127,-0.38638,-0.664952,-0.622377,-0.247957,0.742312,0.011082,0.013811,-0.008499,-0.12122,0.481966,0.242705,-1.407992,0.049182,0.037071,-0.008166,0.391152,-0.917661,-0.069977,0.671791,0.336665,-0.659813,0.629043,0.211078,0.748164,0.005545,0.006906,-0.00425,-0.165827,0.584477,0.323877,-0.74424,0.083515,0.037972,-0.061422,-0.319862,0.599994,-0.733277,-0.946816,-0.231044,0.22396,-0.035045,0.765914,0.641986,0.000161,0.000464,0.00028,0.0,-6e-06,-2e-06,-0.143715
658,0.074654,0.013951,0.402485,-0.258771,0.620184,-0.740577,-0.965804,-0.153218,0.209088,0.016519,0.768588,0.639551,0.000321,0.000916,0.000552,0.0,0.0,0.0,0.041638,-0.059931,-0.01399,0.402172,-0.458461,0.886374,-0.064389,-0.645008,-0.381582,-0.662038,-0.610771,-0.263094,0.746728,0.011247,0.013288,-0.008876,-0.167127,0.679746,0.106381,-1.407808,0.049232,0.037286,-0.008343,0.398115,-0.91588,-0.051633,0.677265,0.331425,-0.656862,0.61872,0.226537,0.75224,-0.000974,0.00482,-0.004926,-0.167396,0.662162,0.24634,-0.744729,0.083526,0.037987,-0.061413,-0.319614,0.599965,-0.733408,-0.946897,-0.230899,0.223764,-0.035093,0.765981,0.641903,0.000231,0.000661,0.000399,4e-06,-1e-06,-0.0,-0.144858
659,0.074655,0.013958,0.402478,-0.25876,0.620176,-0.740588,-0.965808,-0.153231,0.209063,0.01649,0.768593,0.639547,5e-06,1.3e-05,8e-06,0.0,0.0,0.0,0.040809,-0.059903,-0.013726,0.401962,-0.462212,0.884957,-0.056594,-0.647087,-0.380105,-0.660857,-0.605726,-0.26994,0.748393,-0.002133,0.010156,-0.009468,-0.06992,0.38325,-0.041959,-1.407781,0.049252,0.037415,-0.008445,0.402332,-0.914509,-0.042444,0.679714,0.32945,-0.655325,0.613284,0.234809,0.754153,-0.001131,0.005289,-0.004583,-0.114844,0.520858,0.016553,-0.74424,0.083526,0.037988,-0.061412,-0.319614,0.599964,-0.733408,-0.946897,-0.230899,0.223764,-0.035093,0.765981,0.641903,-1.4e-05,-3.6e-05,-2.1e-05,1e-06,-7e-06,-2e-06,-0.145511
660,0.074655,0.013958,0.402478,-0.25876,0.620176,-0.740588,-0.965808,-0.153231,0.209063,0.01649,0.768593,0.639547,0.0,0.0,0.0,0.0,0.0,0.0,0.041266,-0.059909,-0.013252,0.401575,-0.470185,0.88145,-0.044301,-0.649538,-0.379459,-0.658821,-0.596902,-0.282093,0.750995,-0.002391,0.010926,-0.008906,-0.066838,0.325522,0.149361,-1.407851,0.049244,0.037649,-0.008641,0.410343,-0.911412,-0.030758,0.68178,0.329008,-0.653397,0.605634,0.247147,0.756389,-0.001935,0.00957,-0.009891,-0.107467,0.595666,0.095477,-0.743587,0.083526,0.037991,-0.061416,-0.319604,0.599956,-0.73342,-0.9469,-0.230913,0.223739,-0.035123,0.765983,0.641899,-2e-06,-1.7e-05,-1e-05,1.1e-05,2.2e-05,2.5e-05,-0.146491
661,0.074655,0.013958,0.402478,-0.25876,0.620176,-0.740588,-0.965808,-0.153231,0.209063,0.01649,0.768593,0.639547,0.0,0.0,0.0,0.0,0.0,0.0,0.041289,-0.059637,-0.012825,0.40121,-0.480834,0.876225,-0.031939,-0.654708,-0.382897,-0.651676,-0.582605,-0.29353,0.757809,0.01171,0.011834,-0.009923,-0.056403,0.342077,-0.021821,-1.407933,0.049378,0.037871,-0.008823,0.421315,-0.90675,-0.017223,0.687509,0.331716,-0.645984,0.591459,0.260322,0.763156,0.005933,0.005702,-0.005122,-0.06131,0.371362,-0.020265,-0.744076,0.083526,0.037991,-0.061416,-0.319604,0.599956,-0.73342,-0.9469,-0.230914,0.223739,-0.035124,0.765983,0.641899,4e-06,-7e-06,-6e-06,5e-06,3.4e-05,2.3e-05,-0.146491
662,0.074658,0.013966,0.402482,-0.258741,0.620172,-0.740598,-0.965813,-0.153219,0.209047,0.016487,0.768598,0.63954,0.000264,0.000754,0.000454,0.0,0.0,0.0,0.041373,-0.059545,-0.012602,0.401014,-0.487618,0.872765,-0.022409,-0.656443,-0.383308,-0.649686,-0.574965,-0.303176,0.759844,0.011343,0.012922,-0.009132,-0.115692,0.59539,-0.136625,-1.407818,0.049429,0.037984,-0.008926,0.428128,-0.903681,-0.008089,0.68904,0.332205,-0.644098,0.584746,0.270184,0.764899,0.005679,0.006457,-0.004573,-0.124181,0.619129,-0.119614,-0.744566,0.083526,0.037993,-0.061415,-0.319585,0.599954,-0.73343,-0.946906,-0.230902,0.223724,-0.035127,0.765988,0.641893,0.000182,0.000501,0.0003,7e-06,9e-06,3.1e-05,-0.146327
663,0.074664,0.01398,0.402503,-0.258695,0.620169,-0.740616,-0.965825,-0.153172,0.209027,0.016506,0.76861,0.639526,0.000113,0.000322,0.000194,0.0,0.0,0.0,0.041827,-0.059395,-0.012164,0.40066,-0.498707,0.866726,-0.008416,-0.658248,-0.384899,-0.646913,-0.563274,-0.318161,0.762469,-0.002177,0.010255,-0.009384,-0.0081,0.197573,-0.112609,-1.408079,0.049505,0.038198,-0.009101,0.439738,-0.898098,0.007055,0.691265,0.33343,-0.641074,0.573395,0.286782,0.767446,0.005453,0.007126,-0.004083,0.017997,0.120078,-0.140947,-0.745546,0.083531,0.038002,-0.061404,-0.319539,0.599955,-0.733448,-0.946922,-0.230856,0.223704,-0.035109,0.766001,0.641878,6.7e-05,0.000186,0.000112,-9e-06,-2e-06,8e-06,-0.146164
664,0.074669,0.013994,0.402511,-0.258657,0.620162,-0.740635,-0.965835,-0.153149,0.208997,0.016499,0.768621,0.639513,4.4e-05,0.000127,7.6e-05,0.0,0.0,0.0,0.042093,-0.059088,-0.011643,0.400343,-0.507552,0.861592,0.006442,-0.661067,-0.384475,-0.644285,-0.551962,-0.33234,0.76469,0.011193,0.013312,-0.008843,-0.123802,0.54473,0.271701,-1.407678,0.049652,0.03846,-0.009257,0.448188,-0.89373,0.01932,0.693048,0.333736,-0.638986,0.564633,0.299776,0.768974,0.005608,0.006645,-0.004436,-0.136792,0.653519,0.078338,-0.744566,0.083533,0.038009,-0.061399,-0.319501,0.599951,-0.733469,-0.946934,-0.230833,0.223673,-0.035116,0.766011,0.641866,1.6e-05,4.6e-05,2.8e-05,-7e-06,2e-06,6e-06,-0.146001
665,0.074669,0.013994,0.402511,-0.258657,0.620162,-0.740635,-0.965835,-0.153149,0.208997,0.016499,0.768621,0.639513,0.0,0.0,0.0,0.0,0.0,0.0,0.041693,-0.058786,-0.011147,0.399885,-0.514468,0.857239,0.021343,-0.665993,-0.383632,-0.639698,-0.539506,-0.344386,0.768241,0.011924,0.011117,-0.010433,-0.093089,0.44973,0.204515,-1.407709,0.049803,0.038711,-0.009484,0.455331,-0.889618,0.0354,0.698289,0.332172,-0.634077,0.552327,0.313435,0.772459,-0.00081,0.004309,-0.005286,-0.145377,0.674148,0.100926,-0.744893,0.083533,0.038009,-0.0614,-0.319501,0.59995,-0.733469,-0.946934,-0.230834,0.223674,-0.035116,0.766011,0.641865,-0.0,-1e-05,-9e-06,5e-06,1.5e-05,2e-05,-0.145838
666,0.074679,0.013992,0.40251,-0.258636,0.620157,-0.740647,-0.965841,-0.153136,0.20898,0.016496,0.768627,0.639505,0.0,0.0,0.0,0.0,0.0,0.0,0.041747,-0.058664,-0.010863,0.399616,-0.517271,0.855309,0.029486,-0.668065,-0.381881,-0.638585,-0.534243,-0.351084,0.768887,-0.001617,0.008558,-0.010604,-0.077343,0.395792,0.179528,-1.407739,0.049869,0.038854,-0.009625,0.458304,-0.887694,0.044216,0.700428,0.330101,-0.632797,0.547135,0.320984,0.773053,-0.000791,0.004259,-0.00532,-0.078694,0.400509,0.182425,-0.746036,0.083538,0.038008,-0.0614,-0.31948,0.599947,-0.733481,-0.946941,-0.230821,0.223657,-0.035121,0.766018,0.641858,2e-06,-7e-06,-6e-06,-2e-06,1.1e-05,1.5e-05,-0.146164
667,0.074723,0.013973,0.402498,-0.258549,0.620135,-0.740696,-0.965864,-0.153081,0.208911,0.016481,0.768656,0.639472,-0.000365,-0.001043,-0.000629,0.0,0.0,0.0,0.041948,-0.058563,-0.010445,0.399129,-0.521928,0.851856,0.043853,-0.670204,-0.377606,-0.638885,-0.526989,-0.363903,0.767932,-0.001245,0.007455,-0.011402,-0.029822,0.228764,0.114256,-1.407591,0.04992,0.039062,-0.009864,0.463152,-0.884336,0.058632,0.702237,0.325812,-0.633015,0.540695,0.334357,0.771915,0.000377,-0.001085,-0.000788,-0.075048,0.271043,0.074477,-0.746362,0.083561,0.038001,-0.061404,-0.319392,0.599933,-0.733531,-0.94697,-0.230769,0.223588,-0.035139,0.766045,0.641824,-0.000249,-0.000725,-0.000439,-0.00122,0.011758,-0.02627,-0.146001
668,0.074825,0.013939,0.402489,-0.258327,0.620087,-0.740813,-0.965924,-0.152924,0.20875,0.01647,0.768725,0.639388,-0.0,-0.0,-0.0,0.0,0.0,0.0,0.04097,-0.058647,-0.010262,0.398864,-0.523722,0.850451,0.049392,-0.67152,-0.37633,-0.638256,-0.523526,-0.368495,0.768111,7e-06,-2.1e-05,-1.5e-05,-0.150099,0.533208,0.211266,-1.407629,0.049878,0.039152,-0.010003,0.464485,-0.883454,0.061323,0.702415,0.32536,-0.633049,0.539319,0.337117,0.771677,-8e-06,4.3e-05,3.1e-05,0.003727,-0.01299,-0.005697,-0.744566,0.083611,0.037981,-0.061411,-0.319169,0.599904,-0.733652,-0.947045,-0.230617,0.223429,-0.035157,0.766114,0.641742,0.006247,-0.001578,-0.000997,0.000973,-0.014724,0.029578,-0.146164
669,0.074889,0.013947,0.402493,-0.258143,0.620045,-0.740912,-0.965974,-0.15281,0.208603,0.016439,0.768782,0.639321,0.00046,0.001314,0.000792,0.0,0.0,0.0,0.039934,-0.058656,-0.01022,0.398819,-0.523971,0.850122,0.052327,-0.672653,-0.375199,-0.637728,-0.521821,-0.370406,0.768352,0.0,-0.0,-0.0,-0.058531,0.207443,0.082236,-1.407069,0.049874,0.039174,-0.010025,0.465171,-0.88273,0.066348,0.704182,0.32358,-0.631998,0.536415,0.340708,0.772123,-5e-06,3.2e-05,2.2e-05,-0.099449,0.343369,0.160347,-0.743096,0.083642,0.037982,-0.061411,-0.318983,0.599877,-0.733754,-0.947106,-0.230507,0.223284,-0.035192,0.766168,0.641675,0.000307,0.000872,0.000522,-7e-06,-1e-06,1.3e-05,-0.14698
670,0.075012,0.013971,0.402518,-0.257769,0.619968,-0.741107,-0.966074,-0.152561,0.208322,0.016403,0.768894,0.639187,0.000843,0.002413,0.001453,0.001216,-0.011743,0.02629,0.039137,-0.058943,-0.010266,0.398684,-0.527104,0.847443,0.063194,-0.676085,-0.373004,-0.635383,-0.514183,-0.378691,0.769462,-0.012616,-0.005271,-0.002144,-0.090956,0.330947,0.096025,-1.406836,0.049739,0.039158,-0.010089,0.467961,-0.880384,0.077037,0.70748,0.320959,-0.629647,0.529606,0.349153,0.773052,-0.000847,0.004399,-0.005208,-0.117227,0.527026,0.268414,-0.743423,0.083703,0.037993,-0.061399,-0.318627,0.599832,-0.733946,-0.947224,-0.230276,0.22302,-0.035236,0.766272,0.641548,0.000205,0.000587,0.000351,-2e-06,-1e-06,1.4e-05,-0.148287
