frame,MLTx,MLTy,MLTz,MLTR1,MLTR2,MLTR3,MLTR4,MLTR5,MLTR6,MLTR7,MLTR8,MLTR9,MLTTVx,MLTTVy,MLTTVz,MLTRVx,MLTRVy,MLTRVz,MLGA,MRTx,MRTy,MRTz,MRTR1,MRTR2,MRTR3,MRTR4,MRTR5,MRTR6,MRTR7,MRTR8,MRTR9,MRTTVx,MRTTVy,MRTTVz,MRTRVx,MRTRVy,MRTRVz,MRGA,SLTx,SLTy,SLTz,SLTR1,SLTR2,SLTR3,SLTR4,SLTR5,SLTR6,SLTR7,SLTR8,SLTR9,SLTTVx,SLTTVy,SLTTVz,SLTRVx,SLTRVy,SLTRVz,SLGA,SRTx,SRTy,SRTz,SRTR1,SRTR2,SRTR3,SRTR4,SRTR5,SRTR6,SRTR7,SRTR8,SRTR9,SRTTVx,SRTTVy,SRTTVz,SRTRVx,SRTRVy,SRTRVz,SRGA
335,0.134748,-0.039871,0.268745,0.084829,-0.437189,-0.895385,0.70498,-0.608704,0.363942,-0.70424,-0.661565,0.257692,0.000421,0.002185,0.003395,0.0,1e-06,0.0,-0.829657,-0.161538,-0.028629,0.254049,0.150846,-0.893347,0.423283,0.65284,0.411438,0.635965,-0.742471,0.181521,0.644709,2e-06,-0.000898,-0.00143,-0.097253,2.127142,-1.812,-0.060687,0.043616,0.037453,-0.047953,-0.207184,0.887013,0.412651,-0.647852,-0.44046,0.621516,0.73305,-0.138568,0.665909,-1.9e-05,-0.000495,-0.000756,-0.259412,2.194907,-1.763078,-0.340422,0.068075,0.027752,-0.088749,-0.097407,0.44024,-0.89258,-0.705222,0.602299,0.374028,0.702262,0.665901,0.251799,0.000247,0.001299,0.002017,0.000811,-0.01618,0.023853,-0.802755
336,0.134675,-0.039749,0.26895,0.084742,-0.436752,-0.895607,0.705001,-0.608895,0.363582,-0.704229,-0.661678,0.25743,0.000782,0.004054,0.006286,0.000528,-0.01561,0.02422,-0.956364,-0.161897,-0.028654,0.254002,0.150568,-0.888046,0.434391,0.652169,0.419336,0.63148,-0.743117,0.189327,0.641713,-0.01588,-0.001774,-0.000648,0.060092,0.583316,-0.629778,0.082381,0.043436,0.037441,-0.047977,-0.205747,0.881696,0.424592,-0.645999,-0.448277,0.617844,0.735086,-0.147167,0.661807,-0.007939,-0.0009,-0.000332,0.069979,0.638886,-0.688989,-0.164885,0.068038,0.027811,-0.088651,-0.097337,0.439821,-0.892794,-0.705256,0.602471,0.373688,0.702239,0.666022,0.251543,0.000359,0.001864,0.002888,0.000857,-0.015764,0.024135,-0.883258
337,0.134618,-0.039671,0.269086,0.082765,-0.439776,-0.894311,0.70112,-0.612042,0.365797,-0.708325,-0.656754,0.258797,0.000767,0.003974,0.006154,-4.1e-05,0.001092,-0.001692,-1.028426,-0.162134,-0.028696,0.254007,0.145183,-0.886283,0.439791,0.654284,0.41932,0.629298,-0.742321,0.197493,0.64017,0.0,-0.000271,-0.000431,0.000551,0.00467,-0.004795,0.12563,0.043318,0.037419,-0.047975,-0.200412,0.880123,0.430369,-0.648055,-0.448538,0.615498,0.734751,-0.155549,0.660261,-0.007434,-0.006457,0.003775,-0.03753,0.033298,-0.055026,-0.092384,0.06801,0.027851,-0.08858,-0.095369,0.442891,-0.891488,-0.701362,0.605628,0.375906,0.706396,0.661106,0.252869,-0.007552,0.003041,0.004317,-6.8e-05,-0.001075,-0.005361,-0.890932
338,0.134531,-0.039511,0.269384,0.077884,-0.443021,-0.893147,0.697904,-0.61552,0.366111,-0.71204,-0.651301,0.262362,0.000931,0.004822,0.00745,0.006614,0.003152,0.035954,-1.14641,-0.162755,-0.028754,0.253961,0.13443,-0.88123,0.45316,0.658579,0.421036,0.623647,-0.740532,0.215706,0.636354,-0.031771,-0.003467,-0.00122,0.056604,0.615236,-0.68234,0.198741,0.043019,0.037394,-0.047994,-0.189766,0.876138,0.443137,-0.652215,-0.449855,0.610119,0.733896,-0.173242,0.656798,-0.007963,-0.000872,-0.000265,0.21969,1.788234,-1.863443,0.015225,0.067966,0.027931,-0.088431,-0.090208,0.446246,-0.890351,-0.698288,0.609093,0.376028,0.710108,0.655643,0.256663,0.000436,0.002284,0.003532,-0.007388,-0.022839,0.026936,-0.890769
339,0.134528,-0.039366,0.269682,0.0784,-0.445285,-0.891975,0.697614,-0.61466,0.368103,-0.712268,-0.650567,0.263561,0.000861,0.004467,0.006883,1e-06,4e-06,3e-06,-1.26376,-0.163556,-0.028841,0.253871,0.136636,-0.876127,0.462302,0.659354,0.428607,0.617642,-0.73944,0.221523,0.635625,-0.015897,-0.002921,-0.00253,0.569981,1.63645,-2.250956,0.284,0.042613,0.037349,-0.048039,-0.190298,0.872181,0.45065,-0.651513,-0.455582,0.606609,0.734382,-0.178168,0.654934,-0.007949,-0.00165,-0.001553,0.415274,-0.295482,-0.313752,0.133774,0.067965,0.028005,-0.08828,-0.090996,0.448376,-0.8892,-0.697857,0.608281,0.378138,0.710432,0.654944,0.257552,0.00051,0.002667,0.004111,0.000493,-0.017538,0.025076,-0.905955
340,0.134565,-0.039179,0.269989,0.073626,-0.448524,-0.890758,0.690056,-0.621927,0.370137,-0.720092,-0.641374,0.264829,0.000846,0.004397,0.006756,-0.0,0.0,0.0,-1.373457,-0.16446,-0.028992,0.253793,0.133859,-0.872873,0.469219,0.662623,0.430794,0.612602,-0.737019,0.230003,0.635426,-0.031802,-0.003864,-0.001963,0.415449,-0.290278,-0.327132,0.330428,0.042167,0.037274,-0.04808,-0.187163,0.867782,0.460351,-0.654121,-0.459721,0.60065,0.732867,-0.188705,0.653677,-0.007955,-0.00171,-0.001662,-0.005013,0.027179,-0.039412,0.218848,0.067983,0.028097,-0.088128,-0.086231,0.45165,-0.888017,-0.690313,0.615603,0.380132,0.718354,0.645789,0.258695,0.000472,0.002475,0.003807,0.001214,-0.016221,0.02488,-0.908078
341,0.134594,-0.039098,0.270134,0.07357,-0.448291,-0.89088,0.690058,-0.622043,0.369938,-0.720096,-0.641425,0.264695,0.0009,0.004681,0.007184,0.000527,-0.015604,0.024225,-1.415646,-0.164998,-0.029065,0.253727,0.134143,-0.872294,0.470213,0.662447,0.431718,0.612141,-0.737124,0.230467,0.635134,-0.031817,-0.004341,-0.002761,0.002029,0.025649,-0.06235,0.343827,0.041898,0.037238,-0.048112,-0.189622,0.866912,0.460983,-0.655299,-0.461373,0.598094,0.731181,-0.18867,0.655574,-0.015911,-0.002411,-0.001749,-0.023561,0.051388,-0.078256,0.246608,0.067998,0.028138,-0.088057,-0.086182,0.45143,-0.888134,-0.690324,0.615706,0.379944,0.718349,0.645845,0.25857,0.000384,0.002018,0.003096,0.000503,-0.000265,-3.6e-05,-0.908078
342,0.134632,-0.03901,0.270401,0.068659,-0.451215,-0.889795,0.682331,-0.629428,0.371774,-0.727896,-0.632107,0.265774,0.000452,-0.007368,0.013993,-0.167539,0.055245,0.046865,-1.491973,-0.16617,-0.029253,0.253542,0.136927,-0.870464,0.472795,0.663299,0.434947,0.608926,-0.73585,0.231313,0.636304,-0.031861,-0.005532,-0.004748,0.020352,0.026352,-0.098687,0.361391,0.041312,0.037145,-0.048203,-0.192395,0.864973,0.463469,-0.655959,-0.464631,0.594839,0.729863,-0.189573,0.65678,-0.015926,-0.002611,-0.002103,-0.002603,0.019098,-0.069443,0.280082,0.068017,0.028188,-0.087922,-0.081338,0.454331,-0.887111,-0.68274,0.623041,0.381687,0.726119,0.636712,0.259514,0.000336,0.001772,0.002716,-0.446658,0.186557,0.133708,-0.910691
343,0.134631,-0.038947,0.270648,0.068544,-0.450741,-0.890044,0.682218,-0.629766,0.371409,-0.728013,-0.632109,0.265449,0.000663,0.003456,0.005283,0.000528,-0.015594,0.024231,-1.539701,-0.167226,-0.029356,0.253377,0.137546,-0.869056,0.475199,0.662961,0.437109,0.607744,-0.73604,0.232531,0.63564,-0.031854,-0.00358,-0.001692,-0.004083,0.030406,-0.058494,0.392091,0.040784,0.037089,-0.048292,-0.192892,0.863546,0.465919,-0.655264,-0.466804,0.593904,0.730357,-0.190741,0.655893,-0.015928,-0.001941,-0.001067,-0.005126,0.0311,-0.057936,0.314047,0.068017,0.028215,-0.087796,-0.081157,0.453887,-0.887355,-0.682528,0.623486,0.38134,0.726339,0.636593,0.25919,0.000121,-0.00421,0.006187,-0.034834,0.015195,-0.017199,-0.910854
344,0.134605,-0.038921,0.270763,0.068654,-0.450495,-0.890161,0.677735,-0.633704,0.372917,-0.732179,-0.628342,0.262921,-0.015399,0.004313,0.005817,-0.02655,-0.081524,-0.05661,-1.553113,-0.167747,-0.029337,0.253277,0.137862,-0.868292,0.476502,0.662899,0.43823,0.607003,-0.736036,0.233274,0.635371,-0.015948,-0.002765,-0.002427,-0.002044,0.015205,-0.029245,0.406219,0.040517,0.037099,-0.048341,-0.193198,0.862763,0.46724,-0.655118,-0.46794,0.593171,0.730406,-0.191498,0.655617,-0.016398,0.003854,-0.004827,0.032322,0.019037,-0.040825,0.334621,0.06801,0.028229,-0.087738,-0.081354,0.453594,-0.887486,-0.677939,0.627536,0.382878,0.730602,0.632811,0.256456,0.000227,0.001194,0.00183,-0.025469,-0.089256,-0.057089,-0.911507
345,0.13455,-0.038891,0.270975,0.066474,-0.453477,-0.888811,0.673587,-0.63677,0.375202,-0.736194,-0.623076,0.264238,-0.015555,0.003482,0.004541,-0.00099,0.014697,-0.029564,-1.575958,-0.168925,-0.029276,0.252993,0.138686,-0.866087,0.480262,0.662691,0.441421,0.604915,-0.73607,0.235454,0.634527,-0.032824,0.006581,-0.011591,0.017707,0.149935,-0.226588,0.421827,0.039934,0.037129,-0.048475,-0.193974,0.860629,0.470839,-0.654716,-0.470997,0.591191,0.730561,-0.193591,0.654829,-0.015946,-0.002361,-0.001798,-0.004071,0.030522,-0.058371,0.365483,0.067982,0.028244,-0.08763,-0.079104,0.456611,-0.886141,-0.673907,0.630536,0.385061,0.734568,0.627637,0.257835,0.000235,0.001242,0.001899,0.001892,-0.016071,0.028043,-0.912977
346,0.134514,-0.038857,0.271118,0.061539,-0.456698,-0.887516,0.665713,-0.64374,0.377356,-0.743742,-0.613492,0.265523,0.000344,0.00179,0.002727,0.000528,-0.015582,0.024238,-1.607225,-0.170109,-0.029206,0.252602,0.1394,-0.864324,0.483222,0.662745,0.4439,0.603039,-0.735888,0.237268,0.634064,-0.031969,-0.006462,-0.006522,-0.00594,0.047038,-0.081954,0.433589,0.039342,0.03717,-0.04867,-0.194684,0.858784,0.473907,-0.654592,-0.473573,0.589268,0.730484,-0.195495,0.65435,-0.008469,0.003042,-0.007183,0.032589,0.020113,-0.035263,0.384262,0.067959,0.028261,-0.087559,-0.074158,0.459902,-0.884866,-0.666047,0.637551,0.387182,0.742214,0.618076,0.259036,7.7e-05,0.00042,0.000646,0.000711,-0.002033,0.002996,-0.91363
347,0.13447,-0.038843,0.271157,0.046402,-0.466921,-0.883107,0.646485,-0.659908,0.382819,-0.761571,-0.588105,0.27234,4e-06,2.2e-05,3.4e-05,-1.466941,0.744894,0.285935,-1.657536,-0.171503,-0.029146,0.25208,0.122807,-0.864687,0.487059,0.669306,0.434414,0.602702,-0.732877,0.253054,0.631441,-0.032929,0.003902,-0.016109,-0.214751,0.24737,0.108875,0.440006,0.038645,0.037196,-0.048928,-0.179331,0.859844,0.478025,-0.662191,-0.464849,0.587722,0.727559,-0.211148,0.652743,-0.016462,0.001848,-0.008187,-0.415834,0.496253,0.051142,0.397325,0.067937,0.028271,-0.087537,-0.05965,0.470013,-0.88064,-0.648071,0.65277,0.392292,0.759239,0.594119,0.265664,-3.1e-05,9.6e-05,-0.000191,-4.894362,2.090877,1.498559,-0.916896
348,0.134469,-0.038848,0.27115,0.038807,-0.473392,-0.880023,0.638954,-0.665351,0.386029,-0.768313,-0.576693,0.277755,-0.000185,-0.00096,-0.001462,0.055977,0.718352,-0.559352,-1.68467,-0.172312,-0.029114,0.251754,0.113074,-0.864897,0.489039,0.674525,0.428101,0.601398,-0.729637,0.262946,0.631152,-0.04892,0.00187,-0.01759,0.024974,0.072415,-0.112387,0.439945,0.038247,0.037214,-0.049089,-0.168381,0.860746,0.480377,-0.66701,-0.458311,0.587406,0.725771,-0.221509,0.651298,-0.02444,0.001264,-0.008226,0.050919,0.051742,-0.089445,0.400264,0.067937,0.02827,-0.087538,-0.052353,0.475757,-0.878016,-0.639156,0.659584,0.395509,0.767292,0.581896,0.269552,4.5e-05,-8e-05,-5.4e-05,0.079615,1.905805,-2.057037,-0.933388
349,0.134467,-0.038866,0.271141,0.013867,-0.47874,-0.877873,0.602449,-0.696704,0.389397,-0.798054,-0.533685,0.279852,-2e-06,-1e-05,-1.5e-05,-4.982596,2.210176,1.588404,-1.778806,-0.174143,-0.028905,0.251041,0.076041,-0.868469,0.489868,0.691087,0.399934,0.601985,-0.718806,0.293849,0.629948,-0.048906,0.003285,-0.015516,0.028139,0.064123,-0.080784,0.43203,0.03735,0.037308,-0.049445,-0.131517,0.866198,0.482082,-0.68493,-0.430961,0.587488,0.71664,-0.252928,0.649964,-0.02445,0.001572,-0.007829,0.1194,0.136346,-0.001815,0.399774,0.067935,0.028257,-0.087548,-0.029467,0.482046,-0.875649,-0.607355,0.687133,0.398706,0.793883,0.54358,0.272525,-3e-06,-4e-06,-1.1e-05,-1.471142,0.647037,0.468717,-0.963434
350,0.134469,-0.038868,0.271175,-0.014293,-0.486991,-0.873316,0.560034,-0.727448,0.396425,-0.828329,-0.482822,0.28422,1.6e-05,8.5e-05,0.00013,-4.840076,2.236635,1.511914,-1.881549,-0.176157,-0.028619,0.250345,0.019131,-0.872227,0.488719,0.710145,0.355818,0.607471,-0.703762,0.336527,0.625565,-0.064858,0.003002,-0.014442,-0.087164,0.022086,0.166511,0.403365,0.036306,0.037458,-0.049807,-0.074895,0.872715,0.482451,-0.706355,-0.387935,0.592088,0.703884,-0.296437,0.645501,-0.032424,0.001506,-0.007157,-0.07205,-0.000101,0.174565,0.379853,0.067936,0.028256,-0.087531,-0.001084,0.490638,-0.871362,-0.564835,0.718751,0.40541,0.825202,0.492616,0.27635,9e-06,2.8e-05,7.5e-05,-0.042903,0.160824,-0.211003,-1.00099
351,0.13447,-0.038893,0.271213,-0.025832,-0.489121,-0.871859,0.54256,-0.739372,0.398659,-0.839588,-0.462137,0.285566,6.3e-05,0.000329,0.0005,-0.13115,0.059968,0.042956,-1.917139,-0.177247,-0.028469,0.250015,-0.018723,-0.872813,0.487686,0.723251,0.324836,0.609363,-0.690245,0.365216,0.624533,-0.048882,0.004678,-0.013596,2.661357,3.484174,3.413322,0.376761,0.035779,0.037529,-0.04997,-0.042089,0.875086,0.482132,-0.718896,-0.361642,0.593634,0.693841,-0.321618,0.644317,-0.032401,0.002138,-0.006198,-0.002289,0.135618,-0.028943,0.356339,0.067936,0.028244,-0.087512,0.013287,0.49278,-0.870051,-0.543228,0.734077,0.407471,0.839479,0.467223,0.277445,-0.000117,-0.005477,0.004281,-0.473268,0.213806,0.131111,-1.018299
352,0.134394,-0.038901,0.271347,-0.055418,-0.495159,-0.867059,0.487607,-0.771213,0.409197,-0.871236,-0.399499,0.285265,0.000333,0.001731,0.002633,-1.517034,0.692697,0.247567,-1.922346,-0.179445,-0.028097,0.249526,-0.115268,-0.871273,0.477061,0.745712,0.241241,0.621007,-0.656001,0.428418,0.621276,-0.048712,0.007726,-0.008844,2.384144,3.849088,3.72279,0.319825,0.034705,0.03771,-0.050217,0.052372,0.879099,0.473751,-0.747492,-0.280072,0.60234,0.662202,-0.385671,0.642453,-0.024344,0.00402,-0.004109,0.916059,0.979136,1.252499,0.288737,0.067898,0.028237,-0.087449,0.042133,0.498938,-0.865612,-0.489506,0.765581,0.417454,0.870981,0.406134,0.276489,0.000147,0.001138,0.001441,-4.971281,2.154457,1.556199,-1.026953
353,0.134295,-0.038899,0.271477,-0.085846,-0.497285,-0.863356,0.425421,-0.801873,0.419509,-0.900811,-0.330665,0.281471,-0.015788,0.002234,0.002626,-1.450189,0.668968,0.410992,-1.923056,-0.181645,-0.027812,0.249164,-0.252756,-0.841626,0.477254,0.770015,0.123537,0.625899,-0.585406,0.526739,0.616204,-0.048733,0.007283,-0.009793,3.446944,4.707789,4.51874,0.299746,0.033581,0.037859,-0.050396,0.192291,0.857149,0.477827,-0.776929,-0.164486,0.60772,0.599503,-0.488097,0.634315,-0.032336,0.003281,-0.004968,2.857223,3.932371,3.687028,0.240239,0.067855,0.02824,-0.087381,0.072021,0.501419,-0.8622,-0.427248,0.796629,0.427597,0.901261,0.337577,0.271604,5.4e-05,0.000657,0.000717,-4.77004,2.419086,1.387309,-1.031526
354,0.134029,-0.038917,0.271513,-0.114516,-0.499778,-0.858576,0.361025,-0.826099,0.432659,-0.925361,-0.259806,0.276107,-0.016087,0.000692,0.000273,-0.485945,0.097485,0.023818,-1.924086,-0.183958,-0.027361,0.248756,-0.377049,-0.791189,0.481503,0.77426,0.015872,0.632617,-0.507683,0.612318,0.60596,-0.048583,0.009104,-0.007044,-0.047743,0.662346,0.491466,0.247923,0.032424,0.038083,-0.050604,0.323989,0.811933,0.485587,-0.788867,-0.051471,0.612403,0.522224,-0.581476,0.623832,-0.032613,0.010134,-0.006774,0.409177,1.592864,1.342912,0.189619,0.067722,0.028234,-0.087359,0.101572,0.503947,-0.85774,-0.36185,0.821858,0.440015,0.926686,0.26568,0.265831,-8.1e-05,-0.000431,-0.000639,-1.510035,0.713485,0.223584,-1.027117
355,0.133898,-0.038906,0.271523,-0.133776,-0.499718,-0.855822,0.320975,-0.838874,0.439588,-0.937432,-0.215276,0.273687,-0.015974,0.001277,0.001159,-0.490507,0.203025,-0.148198,-1.923852,-0.185094,-0.02702,0.248527,-0.448271,-0.751678,0.483761,0.770972,-0.051428,0.634738,-0.451671,0.658433,0.601933,-0.064502,0.008459,-0.006734,2.80647,4.063979,3.650841,0.208715,0.031862,0.038256,-0.050715,0.393477,0.777959,0.48985,-0.788289,0.011335,0.6152,0.473048,-0.628211,0.617717,-0.032553,0.010489,-0.006241,0.80126,1.373052,1.164458,0.150103,0.067656,0.028237,-0.087358,0.120796,0.503907,-0.855268,-0.321759,0.834938,0.446484,0.939084,0.221257,0.262994,-1e-06,-2.4e-05,-7e-06,-1.50084,0.615341,0.387038,-1.025647
356,0.133623,-0.038888,0.271557,-0.171234,-0.498969,-0.849561,0.228006,-0.85895,0.458465,-0.958279,-0.114586,0.261911,-0.015955,0.001378,0.001304,-0.592031,0.026464,-0.566602,-1.92451,-0.187401,-0.026372,0.248027,-0.595772,-0.621965,0.50814,0.747656,-0.1987,0.633611,-0.292366,0.758169,0.582723,-0.049277,0.019659,-0.016613,2.782342,4.495682,3.647522,0.134039,0.030683,0.038587,-0.050964,0.549448,0.654741,0.519057,-0.773359,0.163379,0.612553,0.31626,-0.737984,0.596118,-0.024733,0.009956,-0.008326,2.645216,4.557302,3.705509,0.04821,0.067518,0.028246,-0.087341,0.159521,0.502746,-0.849587,-0.228802,0.856003,0.463581,0.960313,0.120436,0.251579,2.7e-05,3.6e-05,8.1e-05,-1.685764,0.742671,-0.899267,-1.026627
357,0.133286,-0.038891,0.271593,-0.188775,-0.501453,-0.844367,0.1635,-0.863867,0.476417,-0.968089,-0.047501,0.246119,-0.016069,0.000802,0.000418,-1.577929,0.436172,-0.090569,-1.924776,-0.18947,-0.025914,0.247602,-0.702317,-0.457554,0.545332,0.703875,-0.332775,0.627499,-0.104762,0.825107,0.555055,-0.048591,0.008166,-0.009139,0.684645,2.062611,1.352842,0.079549,0.029666,0.038812,-0.051174,0.662827,0.497114,0.559943,-0.736783,0.299727,0.606064,0.133453,-0.814273,0.564932,-0.024781,0.009849,-0.008573,3.998604,5.254864,3.626359,-0.04209,0.06735,0.028245,-0.087322,0.176323,0.50572,-0.844486,-0.165276,0.860958,0.481076,0.970357,0.054749,0.23539,-0.000141,-0.000325,-0.000688,-4.934598,2.090708,0.780315,-1.022871
358,0.133117,-0.038873,0.271592,-0.194596,-0.503643,-0.841737,0.142031,-0.863559,0.483802,-0.970314,-0.024787,0.24063,-4.5e-05,-0.00023,-0.00035,-0.104096,-0.159452,-0.336692,-1.924984,-0.190419,-0.02584,0.247384,-0.730906,-0.366324,0.575824,0.682351,-0.386496,0.620444,-0.003817,0.846845,0.531697,-0.048254,-0.006298,-0.006439,3.562976,7.209853,1.995694,0.050761,0.029191,0.038858,-0.051277,0.694379,0.412912,0.589356,-0.71847,0.351743,0.600064,0.040472,-0.840107,0.540908,-0.024551,0.002731,-0.006913,3.197093,4.817368,2.763061,-0.077687,0.06726,0.028253,-0.087323,0.182,0.508115,-0.841839,-0.142052,0.860744,0.488815,0.972983,0.030621,0.228834,-0.008005,0.000503,0.000398,-0.104859,-0.164565,-0.378862,-1.021891
359,0.132874,-0.038768,0.271627,-0.223607,-0.499094,-0.837228,0.074013,-0.865186,0.49593,-0.971599,0.049542,0.231448,-0.015685,0.002744,0.003358,-4.70878,2.692083,0.972827,-1.924347,-0.192251,-0.02618,0.246991,-0.763991,-0.20671,0.611212,0.623346,-0.480498,0.616843,0.167129,0.852503,0.495147,-0.032701,-0.008686,-0.011858,3.391667,4.462508,2.862669,-0.022156,0.028269,0.038688,-0.051472,0.735605,0.25202,0.628784,-0.664642,0.447874,0.598045,-0.130897,-0.857842,0.496962,-0.024012,-0.010677,-0.002328,0.856571,2.233346,0.73204,-0.167171,0.067137,0.028304,-0.087309,0.210165,0.504267,-0.837582,-0.075645,0.862535,0.50031,0.974734,-0.041788,0.21942,-0.007916,0.001432,0.001621,-4.682271,2.714518,0.9863,-1.024831
360,0.132692,-0.038603,0.271773,-0.245439,-0.494075,-0.834083,0.021684,-0.862979,0.504747,-0.968877,0.106408,0.223564,-0.015325,0.004533,0.006064,-4.676586,2.622344,1.124464,-1.924931,-0.193448,-0.026518,0.246643,-0.786685,-0.053844,0.614995,0.529287,-0.571304,0.627217,0.318554,0.818983,0.477131,-0.03257,-0.006762,-0.008798,0.967925,-0.083066,2.808717,-0.04884,0.027671,0.038512,-0.051653,0.765381,0.096478,0.636304,-0.575151,0.546176,0.609009,-0.288779,-0.832095,0.473522,-0.008399,-0.003393,-0.004888,3.583847,4.320605,2.736723,-0.223669,0.067052,0.028384,-0.087239,0.230289,0.500246,-0.834697,-0.026913,0.860698,0.508403,0.972749,-0.094616,0.211672,0.000285,0.0014,0.002148,-0.079316,-0.078064,-0.28608,-1.024667
361,0.132523,-0.038471,0.271963,-0.261603,-0.4874,-0.833097,-0.014835,-0.861018,0.50833,-0.96475,0.145941,0.219056,0.000685,0.003453,0.005234,-1.399793,0.777549,0.355921,-1.924928,-0.194313,-0.026771,0.246266,-0.791804,0.097358,0.602958,0.409955,-0.646866,0.642989,0.453614,0.756171,0.471489,-0.016605,-0.006027,-0.008858,1.057163,1.29065,1.672893,-0.049554,0.027233,0.038383,-0.051843,0.779676,-0.05285,0.623948,-0.45947,0.628694,0.627399,-0.425431,-0.775854,0.465895,-0.008427,-0.003012,-0.004175,4.041934,3.477013,5.667943,-0.23363,0.066962,0.028451,-0.087142,0.248374,0.492844,-0.833914,0.013132,0.859099,0.51164,0.968575,-0.138029,0.206905,0.000204,0.001472,0.002135,-4.606013,2.769061,1.185031,-1.030382
362,0.132442,-0.0384,0.272085,-0.267815,-0.484208,-0.832984,-0.030663,-0.85984,0.509614,-0.962664,0.162622,0.216472,-0.015128,0.005467,0.007457,-4.61757,2.77943,1.16815,-1.924625,-0.194643,-0.026853,0.246173,-0.784245,0.165298,0.59802,0.35108,-0.676297,0.647533,0.512445,0.717557,0.471566,-0.016248,-0.002734,-0.003384,1.065981,1.256451,0.880448,-0.05313,0.027067,0.038336,-0.051899,0.775993,-0.122467,0.618737,-0.401541,0.660584,0.634344,-0.486414,-0.740695,0.463433,-0.008156,-0.001481,-0.001671,3.689783,4.055379,2.869488,-0.237059,0.066927,0.028485,-0.087082,0.252572,0.490788,-0.833866,0.025398,0.858148,0.512772,0.967244,-0.15069,0.204279,0.000377,0.001883,0.002861,0.011107,-0.02694,0.018142,-1.021891
363,0.132207,-0.038254,0.27235,-0.283125,-0.476138,-0.832573,-0.067241,-0.856098,0.512394,-0.956386,0.201641,0.211408,-0.015513,-0.006109,0.014987,-0.059083,-0.027233,-0.083046,-1.924086,-0.195074,-0.026813,0.246374,-0.734841,0.310678,0.602892,0.226149,-0.725659,0.649776,0.640271,0.613426,0.462195,-0.01536,0.005086,0.009636,3.621435,4.168501,2.87872,-0.052364,0.026846,0.038349,-0.051809,0.733696,-0.26974,0.623643,-0.2797,0.716563,0.638987,-0.61924,-0.643255,0.450293,-0.007638,0.002794,0.00545,3.628023,4.149163,2.880885,-0.240815,0.06681,0.028564,-0.086951,0.270893,0.481165,-0.833724,0.067114,0.85456,0.514997,0.960266,-0.195463,0.199202,0.000464,0.002327,0.003524,-0.008221,-0.059781,-0.003347,-1.02875
364,0.131974,-0.038115,0.27264,-0.300992,-0.465833,-0.832135,-0.108661,-0.85016,0.515163,-0.947058,0.246055,0.206314,0.000789,0.003954,0.00596,-0.049987,-0.146757,-0.058987,-1.924003,-0.195372,-0.026571,0.247124,-0.656229,0.420321,0.626645,0.13215,-0.753499,0.643979,0.74366,0.504874,0.438104,0.001456,0.01276,0.021132,3.558096,4.673607,2.032523,-0.026132,0.026702,0.038463,-0.051457,0.664398,-0.379637,0.643777,-0.189796,0.747438,0.636641,-0.722877,-0.54517,0.424543,0.000818,0.006848,0.011535,3.456911,4.24397,2.781696,-0.226772,0.066688,0.028631,-0.086801,0.289143,0.470776,-0.833525,0.108601,0.848965,0.517168,0.951105,-0.240057,0.194345,-0.007784,-0.003216,0.00725,-0.100272,-0.132403,-0.150289,-1.027933
365,0.131798,-0.038047,0.272789,-0.312556,-0.458644,-0.831865,-0.134232,-0.845623,0.5166,-0.939995,0.273695,0.20378,-0.01514,0.00529,0.007135,-0.463703,0.124607,0.012772,-1.923263,-0.195344,-0.026417,0.2477,-0.617891,0.466894,0.632624,0.089995,-0.757193,0.646911,0.781813,0.456061,0.425018,0.002354,0.004269,0.033681,0.719941,1.781522,0.733876,-0.006297,0.026711,0.038544,-0.051161,0.624704,-0.430837,0.651247,-0.145131,0.755418,0.638967,-0.767255,-0.493682,0.409385,0.001312,0.002788,0.01808,3.205548,5.027044,2.142445,-0.213219,0.066606,0.028664,-0.086727,0.300498,0.463788,-0.833426,0.133786,0.844677,0.518287,0.944352,-0.267245,0.191775,-0.007617,0.002436,0.003261,-1.455703,0.71489,0.208257,-1.024667
366,0.131429,-0.03792,0.273053,-0.328248,-0.445845,-0.832779,-0.175997,-0.83732,0.517584,-0.927661,0.317012,0.197422,-0.015313,0.004381,0.005748,-4.697705,2.624092,0.903255,-1.923217,-0.195067,-0.026223,0.249298,-0.545061,0.543979,0.637955,0.022431,-0.751077,0.659783,0.838724,0.373245,0.396349,0.019318,-0.002302,0.047926,0.628122,1.642114,0.684144,0.049469,0.026851,0.038646,-0.050343,0.554337,-0.513111,0.655306,-0.077267,0.752224,0.65436,-0.828697,-0.41337,0.377339,0.00967,-0.000818,0.024488,0.677904,1.6168,0.66448,-0.161292,0.066422,0.028729,-0.086592,0.314388,0.45217,-0.834686,0.170974,0.83792,0.51832,0.93377,-0.305664,0.186122,-0.007609,0.002421,0.003228,-0.17101,-0.380906,-0.256774,-1.027443
367,0.13092,-0.037892,0.27333,-0.340732,-0.431296,-0.835423,-0.20802,-0.831983,0.514299,-0.916454,0.349555,0.19481,-0.015541,0.003224,0.003989,-0.416536,0.270468,0.067309,-1.922742,-0.194464,-0.025845,0.251135,-0.478038,0.600725,0.640781,-0.026465,-0.738949,0.673192,0.878486,0.304096,0.368309,0.019167,0.013947,0.047376,0.788763,0.467499,3.224495,0.113363,0.027146,0.038832,-0.04944,0.491174,-0.569373,0.659212,-0.029683,0.745412,0.665941,-0.870555,-0.346661,0.349227,0.009712,0.007237,0.024148,3.559253,4.479809,2.234882,-0.080137,0.066168,0.028745,-0.086452,0.328687,0.436649,-0.837437,0.207511,0.831646,0.515076,0.921359,-0.343076,0.182742,-0.007932,-0.003916,0.00617,-1.431377,0.895583,0.277927,-1.022055
368,0.130335,-0.038028,0.273581,-0.350881,-0.415029,-0.839451,-0.241255,-0.826116,0.509215,-0.904392,0.381708,0.19079,-0.016273,-0.00986,0.009259,-0.074026,0.05211,-0.036193,-1.9226,-0.193622,-0.025376,0.253193,-0.423997,0.647068,0.633657,-0.073675,-0.721879,0.688039,0.903141,0.244228,0.352921,0.019282,0.016417,0.050601,-0.117013,0.554056,1.044087,0.170681,0.027567,0.039069,-0.048407,0.439933,-0.620263,0.649408,0.02005,0.729751,0.683417,-0.897806,-0.287638,0.333478,0.009617,0.008582,0.025961,1.28069,-0.220801,2.924278,0.003468,0.065869,0.028679,-0.086324,0.339144,0.42024,-0.841652,0.241177,0.825933,0.509574,0.909293,-0.375806,0.178758,-0.008155,-0.005017,0.004507,-0.07088,0.05623,-0.044045,-1.023688
369,0.13003,-0.03813,0.273673,-0.356723,-0.407607,-0.840625,-0.257209,-0.822193,0.507754,-0.897681,0.397847,0.189506,-0.016333,-0.010117,0.008864,-0.0397,0.019746,-0.027006,-1.922619,-0.193126,-0.025141,0.254227,-0.40987,0.659092,0.630552,-0.085228,-0.715828,0.693009,0.908615,0.229473,0.348747,0.034995,0.016712,0.049505,-0.220055,0.376199,0.348059,0.18778,0.02781,0.039189,-0.047886,0.426059,-0.633948,0.645432,0.03209,0.723565,0.689508,-0.904125,-0.273059,0.328625,0.009828,0.00222,0.02857,-0.186665,0.800955,0.500195,0.036616,0.065723,0.02863,-0.086283,0.345006,0.412832,-0.842935,0.257142,0.822143,0.507895,0.902689,-0.391981,0.177488,-0.007994,0.000526,0.000353,-0.009862,-0.020269,0.033297,-1.025811
370,0.129408,-0.038297,0.273802,-0.367815,-0.392475,-0.843043,-0.288819,-0.81354,0.504687,-0.883474,0.429602,0.186932,-0.016068,0.000715,0.000179,-0.001014,0.014723,-0.029533,-1.922125,-0.191822,-0.024771,0.256185,-0.357737,0.685598,0.634011,-0.130963,-0.708962,0.692933,0.92499,0.163995,0.342584,0.034394,0.012835,0.042795,0.067206,0.036539,0.16356,0.203593,0.028444,0.039382,-0.046911,0.374685,-0.663356,0.647741,0.077511,0.718602,0.691088,-0.923906,-0.208733,0.320667,0.017202,0.006753,0.021896,1.033329,1.179417,0.544392,0.07303,0.065417,0.028541,-0.086217,0.356166,0.397759,-0.845536,0.288812,0.813709,0.504443,0.888669,-0.423867,0.174938,-0.00826,-0.005474,0.003803,-0.032967,0.033652,-0.053169,-1.033322
371,0.128942,-0.038384,0.273832,-0.384022,-0.377126,-0.842822,-0.322378,-0.8006,0.505058,-0.864762,0.466126,0.186925,-0.000226,-0.001081,-0.001624,-1.397371,0.83737,0.309915,-1.921971,-0.190346,-0.024658,0.257769,-0.3051,0.697471,0.648414,-0.167783,-0.709493,0.6844,0.937753,0.099143,0.332646,0.033625,0.006359,0.032406,0.177741,0.832213,-0.575945,0.23859,0.029189,0.03945,-0.046103,0.32464,-0.678806,0.658657,0.114748,0.719497,0.684949,-0.938851,-0.146782,0.311469,0.024744,0.00321,0.01548,3.55369,3.849834,1.855199,0.108464,0.065172,0.028498,-0.086202,0.37187,0.383238,-0.845482,0.320996,0.801524,0.504498,0.871018,-0.459005,0.175045,-0.008181,-0.000115,-0.00049,-4.660516,2.790999,0.993911,-1.035608
372,0.128748,-0.038382,0.273825,-0.392293,-0.368004,-0.843044,-0.336303,-0.795677,0.503756,-0.855693,0.481592,0.189432,-0.000104,-0.000498,-0.000748,0.02097,0.058246,0.036532,-1.921668,-0.18961,-0.02471,0.25835,-0.281189,0.701831,0.654491,-0.185042,-0.708759,0.6807,0.941942,0.069419,0.328312,0.033212,0.002302,0.026093,1.047199,1.196183,0.472676,0.254238,0.029582,0.039426,-0.045783,0.298737,-0.683107,0.666423,0.131699,0.721139,0.680156,-0.945204,-0.115421,0.305396,0.016548,0.000773,0.012441,1.054264,1.196534,0.489575,0.131324,0.065075,0.028498,-0.086207,0.380971,0.37331,-0.845872,0.336265,0.796271,0.502869,0.86127,-0.476016,0.177825,-0.008015,0.00045,0.000216,0.012377,0.06931,0.00212,-1.036751
373,0.128413,-0.038339,0.273833,-0.404725,-0.354058,-0.84314,-0.359373,-0.786258,0.502615,-0.840383,0.50686,0.192033,-0.015922,0.00145,0.001252,-0.000669,0.016523,-0.028459,-1.92171,-0.188019,-0.025036,0.25912,-0.245707,0.704101,0.666229,-0.20793,-0.709483,0.673301,0.947034,0.026026,0.319862,0.048126,-0.006192,0.011735,-0.043068,0.190132,-0.224635,0.276419,0.030359,0.039267,-0.045399,0.262996,-0.687344,0.677045,0.155106,0.722743,0.673486,-0.952247,-0.072111,0.29669,0.023991,-0.00366,0.005,-0.026871,0.222127,-0.239203,0.164962,0.064908,0.028519,-0.086203,0.393475,0.359479,-0.846139,0.359477,0.786942,0.501495,0.84614,-0.501493,0.180418,-0.007951,0.000758,0.000669,-0.006684,0.003419,-0.037285,-1.04018
374,0.128246,-0.038265,0.273934,-0.412947,-0.344393,-0.843156,-0.377901,-0.777528,0.502606,-0.828164,0.526605,0.191985,0.000398,0.001881,0.002824,-4.659726,2.777664,1.061012,-1.921336,-0.186481,-0.025418,0.259425,-0.224388,0.703436,0.674402,-0.220681,-0.71065,0.667989,0.94941,0.000183,0.31382,0.047748,-0.011156,0.004081,-0.053923,0.197186,-0.252748,0.29995,0.031146,0.03907,-0.045248,0.241475,-0.687541,0.684818,0.16774,0.724652,0.668386,-0.955799,-0.046527,0.290314,0.023834,-0.005917,0.001509,-0.057265,0.193609,-0.25453,0.19811,0.064824,0.028554,-0.086156,0.399611,0.352421,-0.846232,0.373436,0.780486,0.501385,0.837171,-0.516373,0.180284,0.00026,0.001226,0.001838,0.002094,-0.0013,-0.000737,-1.045569
375,0.128188,-0.038175,0.274009,-0.418352,-0.337056,-0.843457,-0.386898,-0.774034,0.501151,-0.821267,0.536405,0.194467,0.000693,0.003274,0.004913,-1.394789,0.823579,0.351871,-1.921692,-0.185816,-0.025585,0.259413,-0.211836,0.704134,0.677725,-0.226199,-0.709858,0.666985,0.950978,-0.012887,0.308768,0.031206,-0.002238,-0.006154,-0.352086,0.48274,0.169498,0.310113,0.031466,0.038987,-0.045252,0.231068,-0.687759,0.688181,0.174605,0.725153,0.666081,-0.957141,-0.033751,0.287646,0.023782,-0.00681,0.00013,-0.056941,0.193767,-0.254552,0.212807,0.064794,0.028599,-0.086119,0.407043,0.342712,-0.846677,0.386602,0.77518,0.499632,0.827558,-0.5307,0.183038,0.000357,0.001696,0.002559,-1.421511,0.811299,0.342598,-1.046385
376,0.12812,-0.037994,0.274163,-0.433356,-0.327956,-0.83946,-0.396387,-0.767172,0.504279,-0.808858,0.551688,0.20351,0.000629,0.002971,0.00445,0.051148,0.142941,0.063634,-1.921791,-0.184687,-0.025881,0.259201,-0.194583,0.705496,0.681472,-0.236005,-0.707914,0.665652,0.952259,-0.032186,0.303364,0.015368,-0.004598,-0.0084,-0.349952,0.500676,0.141726,0.337481,0.032036,0.038835,-0.045364,0.213885,-0.690005,0.69148,0.184454,0.723654,0.665056,-0.959285,-0.014699,0.282053,0.015541,-0.002149,-0.004694,-0.008395,0.096393,-0.131013,0.244811,0.064761,0.028691,-0.08604,0.422216,0.333782,-0.842805,0.396474,0.768102,0.502817,0.815193,-0.546449,0.191969,0.000572,0.007422,-0.00133,0.107222,0.172951,0.08468,-1.046222
377,0.128115,-0.037795,0.274327,-0.446904,-0.317751,-0.836275,-0.40663,-0.760514,0.506204,-0.796296,0.566672,0.211715,0.000754,0.00356,0.005322,0.022313,0.160694,-0.099897,-1.920909,-0.183899,-0.02609,0.258828,-0.175801,0.708401,0.683559,-0.245281,-0.703895,0.666561,0.953543,-0.051365,0.296616,0.015335,-0.005385,-0.009648,-0.363774,0.524156,0.159356,0.364189,0.03243,0.038727,-0.045555,0.195085,-0.693969,0.693071,0.193654,0.719992,0.666414,-0.961477,0.004209,0.274849,0.007669,-0.002693,-0.004831,-0.004235,0.120135,-0.15609,0.280899,0.064758,0.02879,-0.085958,0.435924,0.323282,-0.839915,0.40684,0.761671,0.504319,0.802777,-0.561556,0.200506,0.000328,0.001553,0.002313,0.012364,0.057563,0.042693,-1.050957
378,0.12815,-0.037606,0.274406,-0.461898,-0.304384,-0.833095,-0.421197,-0.751348,0.507979,-0.779996,0.585907,0.219882,0.000354,0.001672,0.002496,0.021285,0.058642,0.036878,-1.920518,-0.183491,-0.026299,0.258431,-0.160677,0.708525,0.687143,-0.249777,-0.702616,0.66624,0.955023,-0.065465,0.288977,-0.000392,-0.005753,-0.008795,1.016073,1.364032,0.392696,0.392221,0.032639,0.038621,-0.045758,0.17939,-0.695381,0.69589,0.195742,0.718451,0.667467,-0.964108,0.016478,0.264998,0.007782,-0.002607,-0.004948,3.633347,3.968877,1.57616,0.319109,0.064777,0.028889,-0.085912,0.451133,0.309975,-0.836895,0.421486,0.752573,0.505947,0.786656,-0.580989,0.20886,0.000165,0.000789,0.001168,0.003135,0.0302,0.022109,-1.047528
379,0.128158,-0.037526,0.274414,-0.469078,-0.297435,-0.831592,-0.428476,-0.746724,0.508708,-0.771699,0.595308,0.223867,0.000313,0.001481,0.00221,-0.014768,0.081184,0.046889,-1.920851,-0.183452,-0.02641,0.258239,-0.157402,0.70765,0.688801,-0.247906,-0.703375,0.666139,0.956052,-0.066787,0.28525,-0.000428,-0.006276,-0.009611,-0.139949,0.280015,-0.070551,0.399859,0.032659,0.038566,-0.045852,0.17499,-0.694917,0.697472,0.195235,0.718827,0.667211,-0.965018,0.019415,0.26146,-0.00021,-0.003157,-0.004835,-0.199777,0.335112,-0.025476,0.334948,0.064781,0.028928,-0.08591,0.458344,0.303088,-0.835498,0.428769,0.748024,0.506573,0.778509,-0.59042,0.212898,0.000166,0.000794,0.001174,-0.116039,0.102916,0.08666,-1.047038
380,0.128151,-0.037409,0.274345,-0.47798,-0.287601,-0.82998,-0.439887,-0.739504,0.509514,-0.759722,0.60899,0.227994,-5.5e-05,-0.000261,-0.000389,0.000644,0.001962,0.001229,-1.920529,-0.183573,-0.026624,0.257921,-0.147255,0.706247,0.692475,-0.255287,-0.703424,0.663293,0.955713,-0.079986,0.282981,-0.000309,-0.004493,-0.006901,-0.001763,0.016665,-0.023444,0.404399,0.032604,0.038457,-0.046015,0.164326,-0.694063,0.700908,0.202565,0.719168,0.664653,-0.965382,0.032759,0.258771,-0.000161,-0.00239,-0.003664,-0.012761,0.127903,-0.187907,0.35193,0.064777,0.028987,-0.085942,0.467275,0.293395,-0.834009,0.440373,0.740743,0.507316,0.766632,-0.604332,0.216927,-5.3e-05,-0.000255,-0.00039,-0.008556,-0.012759,-0.007419,-1.048018
381,0.128077,-0.037347,0.274247,-0.489061,-0.271955,-0.828797,-0.455787,-0.730465,0.508578,-0.743115,0.626816,0.234324,-0.000172,-0.000812,-0.001212,-0.027964,0.324435,0.192056,-1.920518,-0.183708,-0.026694,0.257806,-0.14342,0.708043,0.691446,-0.259999,-0.700983,0.664046,0.955021,-0.085418,0.283729,-0.015852,-0.001597,-0.000997,-0.003783,0.031844,-0.052709,0.396835,0.03253,0.038417,-0.046081,0.160665,-0.696008,0.699828,0.207343,0.717018,0.665502,-0.964984,0.038181,0.259512,-0.007912,-0.000617,-0.000216,-0.005024,0.031087,-0.054085,0.351277,0.06474,0.029017,-0.085993,0.477924,0.279002,-0.832913,0.45615,0.73151,0.506772,0.750676,-0.622132,0.22234,-0.000109,-0.000529,-0.000794,-0.230148,0.645397,0.366941,-1.050304
382,0.127991,-0.037329,0.274214,-0.491748,-0.266493,-0.828981,-0.460087,-0.728769,0.507136,-0.738679,0.631116,0.236797,-0.00025,-0.001179,-0.001761,0.113446,0.311401,0.162764,-1.921032,-0.183755,-0.026686,0.257823,-0.143414,0.708005,0.691486,-0.259988,-0.701021,0.664011,0.955025,-0.08543,0.283712,-0.015725,0.000232,0.001814,-0.002045,0.015205,-0.029245,0.392767,0.032507,0.03842,-0.046073,0.160676,-0.695959,0.699873,0.207308,0.717066,0.665461,-0.96499,0.038166,0.259493,-0.007851,0.00027,0.001146,-0.003055,0.014325,-0.02976,0.347848,0.064697,0.029027,-0.086009,0.480742,0.273372,-0.833158,0.46052,0.729856,0.505202,0.746194,-0.626559,0.224979,-0.000118,-0.000572,-0.00086,0.178432,0.397151,0.219689,-1.049651
383,0.127749,-0.037338,0.274223,-0.499789,-0.250022,-0.829304,-0.47306,-0.723255,0.50308,-0.724964,0.644052,0.244236,-0.015931,0.00126,0.000947,0.107275,0.295398,0.147862,-1.920403,-0.183798,-0.026625,0.257922,-0.145028,0.711667,0.687378,-0.26155,-0.697485,0.667114,0.954356,-0.083919,0.2864,0.000181,0.002608,0.004006,0.001738,-0.016638,0.023464,0.390482,0.032485,0.03845,-0.046025,0.162612,-0.699559,0.695826,0.208939,0.713633,0.668633,-0.964313,0.036657,0.262211,7.4e-05,0.001086,0.00167,-0.001303,0.001288,-0.003473,0.342786,0.064582,0.029019,-0.086008,0.488979,0.256683,-0.833674,0.473422,0.724627,0.500786,0.732646,-0.639554,0.232808,-2.2e-05,-0.000106,-0.000164,0.173559,0.392526,0.249427,-1.048508
384,0.127462,-0.03745,0.274246,-0.507669,-0.233412,-0.829359,-0.486023,-0.717252,0.499303,-0.710777,0.656856,0.251721,-0.000417,-0.001951,-0.002916,-0.248633,0.57307,0.531449,-1.920666,-0.183751,-0.026428,0.258201,-0.146049,0.71392,0.684821,-0.262482,-0.695296,0.66903,0.953946,-0.082931,0.288051,0.000428,0.006184,0.009474,0.005166,-0.028273,0.04227,0.382523,0.032509,0.038546,-0.045889,0.163839,-0.701781,0.693295,0.209917,0.711498,0.670599,-0.963893,0.035664,0.263887,0.000222,0.003252,0.00498,0.012689,-0.055756,0.085789,0.336907,0.064433,0.028968,-0.085991,0.496511,0.2417,-0.8337,0.486025,0.718371,0.497717,0.719205,-0.652321,0.239207,-0.008069,0.000119,-0.000266,-1.224882,1.307531,0.679562,-1.051774
385,0.127142,-0.037599,0.274192,-0.510507,-0.221514,-0.830879,-0.495986,-0.713477,0.494894,-0.70181,0.665024,0.255406,-0.016492,-0.001289,-0.002885,0.187496,0.385287,0.439553,-1.920453,-0.183709,-0.026075,0.258643,-0.147166,0.716335,0.682054,-0.263568,-0.692929,0.671055,0.953476,-0.081903,0.289893,0.000619,0.009001,0.013729,0.001747,-0.01667,0.023507,0.377362,0.03253,0.038721,-0.045669,0.165163,-0.704149,0.690575,0.211053,0.709205,0.672668,-0.963419,0.034648,0.265747,0.000331,0.004884,0.007451,0.002177,-0.030487,0.041641,0.32809,0.064272,0.028892,-0.08602,0.499376,0.229726,-0.835373,0.496435,0.714351,0.493208,0.710053,-0.661005,0.242685,-0.008261,-0.000728,-0.00157,0.178547,0.370349,0.426824,-1.053243
386,0.126984,-0.037683,0.274133,-0.509979,-0.217894,-0.832159,-0.501393,-0.710783,0.493322,-0.698348,0.669091,0.254274,-0.016579,-0.001666,-0.003459,-0.010536,0.016687,-0.00264,-1.920702,-0.183663,-0.025824,0.258909,-0.147463,0.716891,0.681406,-0.26388,-0.69238,0.671499,0.953345,-0.08168,0.29039,4e-06,0.021974,0.008287,0.039883,-0.045974,0.063805,0.37678,0.032553,0.038843,-0.045533,0.165479,-0.704638,0.69,0.211328,0.70873,0.673083,-0.963305,0.034435,0.266189,0.00034,0.005072,0.007713,0.001374,-0.016461,0.02266,0.325967,0.064193,0.02885,-0.08605,0.499631,0.223791,-0.83683,0.501923,0.712562,0.490232,0.706004,-0.66496,0.243692,-0.008305,-0.000912,-0.001846,-0.023558,-0.001796,-0.021982,-1.056346
387,0.126611,-0.03786,0.273922,-0.510299,-0.212129,-0.833452,-0.502622,-0.712825,0.489105,-0.69723,0.668763,0.258175,-0.001058,-0.004876,-0.007322,0.018736,0.064828,0.006832,-1.920764,-0.18352,-0.025255,0.259554,-0.14808,0.718071,0.680027,-0.2645,-0.691214,0.672456,0.953078,-0.081185,0.291403,0.000872,0.012946,0.019561,0.003479,-0.033305,0.046908,0.376467,0.032624,0.039131,-0.045215,0.166201,-0.705797,0.688641,0.212001,0.707599,0.674061,-0.963032,0.033962,0.267233,0.000437,0.006615,0.009997,0.003324,-0.033454,0.046815,0.324007,0.064008,0.028764,-0.086151,0.499998,0.218004,-0.838138,0.502984,0.714733,0.485965,0.704987,-0.664552,0.247713,-0.008457,-0.001579,-0.002856,0.003078,0.063703,-0.037259,-1.058305
388,0.126216,-0.038012,0.273709,-0.509695,-0.202661,-0.836173,-0.509265,-0.712276,0.482995,-0.692842,0.672263,0.260881,-0.000969,-0.004434,-0.006675,0.026101,0.083379,0.018595,-1.920496,-0.183356,-0.024616,0.260392,-0.148439,0.718794,0.679184,-0.264863,-0.690497,0.673049,0.952921,-0.080879,0.291998,0.000981,0.014818,0.022207,0.003481,-0.033313,0.046902,0.373302,0.032706,0.039446,-0.044803,0.166665,-0.706567,0.687738,0.212398,0.706846,0.674726,-0.962865,0.033622,0.26788,0.000508,0.007841,0.011754,0.005114,-0.050067,0.070307,0.322374,0.06381,0.028686,-0.086261,0.499367,0.208621,-0.840897,0.509555,0.714244,0.479799,0.700703,-0.66808,0.250366,-0.008408,-0.001319,-0.002482,0.01802,0.079835,0.003195,-1.059938
389,0.126043,-0.038088,0.273604,-0.50908,-0.199091,-0.837404,-0.514554,-0.709525,0.481436,-0.689382,0.676224,0.259809,-0.000863,-0.003938,-0.005935,-0.068187,-0.410908,0.718244,-1.920555,-0.183278,-0.024303,0.260836,-0.14847,0.718883,0.679084,-0.264914,-0.690408,0.67312,0.952902,-0.080856,0.292065,0.001033,0.015743,0.023495,-0.006793,0.064984,-0.091489,0.369648,0.032746,0.039608,-0.044573,0.166712,-0.706667,0.687624,0.212455,0.706748,0.674811,-0.962844,0.03359,0.267958,0.000487,0.007602,0.011345,0.003401,-0.033411,0.046883,0.318945,0.063723,0.028647,-0.086315,0.499496,0.205415,-0.841609,0.514463,0.711294,0.478943,0.697014,-0.672208,0.249611,-0.008459,-0.00156,-0.002848,-0.235469,-1.351692,2.331137,-1.060428
