frame,MLTx,MLTy,MLTz,MLTR1,MLTR2,MLTR3,MLTR4,MLTR5,MLTR6,MLTR7,MLTR8,MLTR9,MLTTVx,MLTTVy,MLTTVz,MLTRVx,MLTRVy,MLTRVz,MLGA,MRTx,MRTy,MRTz,MRTR1,MRTR2,MRTR3,MRTR4,MRTR5,MRTR6,MRTR7,MRTR8,MRTR9,MRTTVx,MRTTVy,MRTTVz,MRTRVx,MRTRVy,MRTRVz,MRGA,SLTx,SLTy,SLTz,SLTR1,SLTR2,SLTR3,SLTR4,SLTR5,SLTR6,SLTR7,SLTR8,SLTR9,SLTTVx,SLTTVy,SLTTVz,SLTRVx,SLTRVy,SLTRVz,SLGA,SRTx,SRTy,SRTz,SRTR1,SRTR2,SRTR3,SRTR4,SRTR5,SRTR6,SRTR7,SRTR8,SRTR9,SRTTVx,SRTTVy,SRTTVz,SRTRVx,SRTRVy,SRTRVz,SRGA
419,0.128511,0.012766,0.352293,-0.363318,0.447693,-0.817078,-0.635477,-0.760364,-0.134114,-0.680874,0.469948,0.561772,-0.014061,-0.002845,-0.002087,-0.001581,0.029158,-0.054485,-1.090224,-0.125773,0.027912,0.32018,-0.02661,0.917271,0.397364,-0.976216,-0.109242,0.18709,0.215066,-0.384082,0.897826,0.016825,-0.023798,0.030112,0.046656,-0.168295,-0.130546,0.110236,0.056869,0.033073,-0.016471,-0.07934,-0.92702,0.366521,0.989703,-0.029311,0.140102,-0.119134,0.373863,0.9198,0.00838,-0.011787,0.01515,0.012831,-0.133471,-0.122089,-0.102018,0.079333,0.030517,-0.063556,-0.522653,0.414123,-0.745207,-0.47231,-0.868349,-0.1513,-0.709758,0.272891,0.64944,-0.000316,-0.001724,-0.001294,5e-05,1e-06,-4.5e-05,-0.901546
420,0.12849,0.012704,0.352247,-0.363513,0.447599,-0.817042,-0.635411,-0.760447,-0.133956,-0.680831,0.469903,0.561861,-0.00067,-0.003637,-0.002738,-0.000597,0.014444,-0.024932,-1.090869,-0.125394,0.027587,0.320643,-0.031291,0.920049,0.390542,-0.97661,-0.111145,0.183885,0.212641,-0.376804,0.90148,0.015475,-0.01418,0.021004,0.245383,-0.348702,-0.244694,0.136349,0.057058,0.032915,-0.016235,-0.076031,-0.929847,0.360002,0.990076,-0.027609,0.137788,-0.118182,0.366906,0.922719,0.007731,-0.007148,0.010442,0.315307,-0.403204,-0.268064,-0.050255,0.079317,0.030486,-0.063579,-0.522839,0.413971,-0.745162,-0.472201,-0.868437,-0.151138,-0.709693,0.272846,0.64953,-0.00023,-0.00126,-0.000948,4e-05,1.4e-05,-3.1e-05,-0.901873
421,0.128472,0.012599,0.35218,-0.363666,0.44753,-0.817012,-0.635379,-0.760498,-0.13382,-0.68078,0.469886,0.561937,-0.000498,-0.002705,-0.002039,0.0,0.0,0.0,-1.087143,-0.124778,0.026735,0.321561,-0.037847,0.923358,0.382059,-0.976908,-0.114485,0.180215,0.210202,-0.367572,0.905853,0.017479,-0.027883,0.026649,-0.027841,-0.089687,-0.06859,0.160865,0.057359,0.032501,-0.015785,-0.069586,-0.933966,0.35052,0.990793,-0.023803,0.133269,-0.116125,0.356567,0.927024,0.00797,-0.008667,0.009149,-0.006553,-0.171631,0.092725,0.006081,0.079308,0.030433,-0.063613,-0.522988,0.413855,-0.745122,-0.472135,-0.868497,-0.150996,-0.709627,0.27283,0.649609,-0.00025,-0.001365,-0.001028,2.8e-05,5e-06,-2.1e-05,-0.901873
422,0.128454,0.012502,0.352107,-0.363936,0.447402,-0.816962,-0.635288,-0.760612,-0.133603,-0.68072,0.469823,0.562062,-0.000414,-0.002249,-0.001696,0.0,0.0,0.0,-1.066189,-0.124353,0.025943,0.322435,-0.046968,0.926046,0.374465,-0.977773,-0.119152,0.17233,0.204274,-0.359206,0.910553,0.0154,-0.01346,0.021654,0.266583,-0.372841,-0.259411,0.182541,0.057573,0.032093,-0.015352,-0.062414,-0.937097,0.343444,0.991717,-0.019527,0.126945,-0.112254,0.348523,0.930553,0.008512,-0.012487,0.014578,0.424655,-0.544123,-0.36777,0.036289,0.079299,0.030384,-0.06365,-0.52322,0.413668,-0.745063,-0.472002,-0.868605,-0.150797,-0.709545,0.272772,0.649723,-0.000249,-0.001349,-0.001017,7e-06,1e-06,-2.8e-05,-0.896974
423,0.128438,0.012418,0.352044,-0.364167,0.447293,-0.816919,-0.63521,-0.76071,-0.133417,-0.680669,0.469769,0.562169,-0.000286,-0.00155,-0.00117,0.0,0.0,0.0,-1.054409,-0.123826,0.025216,0.323405,-0.055567,0.928812,0.36635,-0.978556,-0.123394,0.164729,0.198289,-0.350503,0.915255,0.017196,-0.025746,0.028543,0.083574,-0.195465,-0.18408,0.232856,0.057836,0.031739,-0.014865,-0.053916,-0.941017,0.334033,0.992855,-0.01486,0.118392,-0.106445,0.33803,0.935095,0.001038,-0.007528,0.010935,0.16373,-0.248919,-0.200909,0.092461,0.079291,0.030342,-0.063682,-0.523418,0.413508,-0.745012,-0.471888,-0.868696,-0.150626,-0.709475,0.272722,0.64982,-0.000166,-0.0009,-0.000678,3e-06,6e-06,-2e-05,-0.893545
424,0.128432,0.012383,0.352018,-0.364263,0.447247,-0.816901,-0.635177,-0.760751,-0.133339,-0.680648,0.469746,0.562213,-0.000319,-0.001732,-0.001308,0.0,0.0,0.0,-1.053122,-0.123604,0.024794,0.323885,-0.059304,0.929782,0.363291,-0.978738,-0.125589,0.161969,0.196307,-0.347125,0.916968,0.002431,-0.017158,0.020102,0.246863,-0.339799,-0.272128,0.243751,0.057952,0.031526,-0.014621,-0.051296,-0.941949,0.331812,0.993036,-0.012826,0.117107,-0.106053,0.335509,0.936047,0.008704,-0.01363,0.013627,0.213226,-0.344484,-0.314079,0.116955,0.079288,0.030325,-0.063694,-0.523501,0.413441,-0.744991,-0.47184,-0.868734,-0.150555,-0.709445,0.272701,0.649861,-0.00019,-0.001041,-0.000786,1.2e-05,-9e-06,-3e-06,-0.893872
425,0.128418,0.012307,0.35196,-0.364475,0.447147,-0.816862,-0.635105,-0.760841,-0.133168,-0.680601,0.469697,0.562311,-0.000433,-0.002347,-0.001774,0.0,0.0,0.0,-1.049281,-0.123273,0.023958,0.324762,-0.063639,0.930571,0.360527,-0.978556,-0.128949,0.16042,0.195863,-0.343752,0.918333,0.002518,-0.017699,0.019665,0.085171,-0.154255,-0.166635,0.265839,0.058111,0.031117,-0.014194,-0.046774,-0.943408,0.328316,0.993327,-0.009241,0.114959,-0.105419,0.331503,0.937545,0.001219,-0.008696,0.009955,0.23548,-0.310918,-0.215167,0.147,0.079282,0.03029,-0.063721,-0.523666,0.413308,-0.744949,-0.471745,-0.86881,-0.150412,-0.709386,0.27266,0.649943,-0.000148,-0.000804,-0.000607,3e-06,1.7e-05,1e-06,-0.894035
426,0.128411,0.012215,0.351891,-0.364704,0.44704,-0.816818,-0.635029,-0.760937,-0.132985,-0.68055,0.469643,0.562418,-0.00033,-0.001791,-0.001355,0.0,0.0,0.0,-1.048454,-0.123,0.023452,0.325572,-0.065953,0.930943,0.359148,-0.978267,-0.131083,0.16045,0.196543,-0.341926,0.918869,0.001985,-0.014256,0.022603,-0.060771,-0.011299,-0.023258,0.326464,0.058255,0.030848,-0.013784,-0.043901,-0.944301,0.32614,0.993429,-0.006726,0.11425,-0.105692,0.329013,0.938391,0.006776,-0.00038,0.00756,-0.045836,-0.013164,0.033293,0.207744,0.079278,0.030242,-0.063757,-0.523879,0.413138,-0.744893,-0.471623,-0.868908,-0.15023,-0.70931,0.272607,0.650048,-0.000235,-0.001283,-0.000972,2e-06,-6e-06,-0.0,-0.894361
427,0.128404,0.012182,0.351853,-0.364803,0.446989,-0.816801,-0.634976,-0.760993,-0.132917,-0.680546,0.469601,0.562458,-0.000322,-0.001746,-0.001321,0.0,0.0,0.0,-1.047032,-0.122907,0.02329,0.325933,-0.073014,0.931803,0.355532,-0.977241,-0.137883,0.161004,0.19915,-0.336852,0.920181,0.002021,-0.01448,0.022412,-1.697117,-1.162558,-5.550283,0.346672,0.058301,0.030771,-0.013607,-0.044549,-0.944986,0.32406,0.993084,-0.00662,0.117216,-0.108622,0.327041,0.938746,0.001012,-0.007336,0.011122,-0.07223,0.008012,-0.012979,0.242035,0.079274,0.030224,-0.063777,-0.523963,0.413066,-0.744874,-0.471555,-0.868955,-0.150171,-0.709294,0.272564,0.650084,-0.00019,-0.001038,-0.000785,2e-06,7e-06,-3e-06,-0.894525
428,0.1284,0.012105,0.351794,-0.364861,0.446963,-0.81679,-0.634957,-0.761016,-0.132872,-0.680533,0.469587,0.562485,-0.000335,-0.001816,-0.001375,0.0,0.0,0.0,-1.034949,-0.1228,0.023017,0.326564,-0.074007,0.933996,0.349521,-0.976613,-0.138673,0.164106,0.201849,-0.330371,0.921941,0.013702,-0.001567,0.014427,-0.005893,-0.051867,0.012488,0.367782,0.05835,0.030629,-0.013282,-0.036861,-0.948043,0.315999,0.992984,0.000804,0.11824,-0.112351,0.318141,0.941362,0.000223,-0.001885,0.007069,-0.02729,-0.015223,-0.013916,0.28792,0.079272,0.030186,-0.063806,-0.524013,0.413028,-0.74486,-0.471527,-0.868978,-0.15013,-0.709275,0.272552,0.65011,-0.000201,-0.001099,-0.000831,5e-06,-5e-06,-2e-06,-0.894362
429,0.128376,0.012029,0.351737,-0.365094,0.446851,-0.816747,-0.634878,-0.761116,-0.132683,-0.680481,0.469533,0.562592,-0.000285,-0.001546,-0.001171,0.0,0.0,0.0,-1.020832,-0.122788,0.022972,0.327187,-0.091899,0.934846,0.342941,-0.975599,-0.153348,0.156922,0.199415,-0.321323,0.925661,-2.2e-05,-0.000616,0.016781,0.229449,-0.316693,-0.26021,0.385677,0.058362,0.030603,-0.01298,-0.021025,-0.950567,0.309805,0.993459,0.01492,0.113199,-0.112225,0.310159,0.944037,-0.006719,-0.000865,0.008703,0.138285,-0.4706,-0.763037,0.315353,0.07926,0.030148,-0.063834,-0.524213,0.412865,-0.74481,-0.471411,-0.86907,-0.149957,-0.709205,0.272503,0.650207,-0.00017,-0.000918,-0.000694,1e-06,7e-06,5e-06,-0.889953
430,0.128365,0.011967,0.35169,-0.365267,0.446769,-0.816715,-0.634819,-0.761189,-0.132543,-0.680443,0.469493,0.562672,-0.000273,-0.001479,-0.001121,0.0,0.0,0.0,-1.012453,-0.122892,0.023091,0.32779,-0.098412,0.935727,0.338705,-0.974501,-0.159439,0.157671,0.201675,-0.315724,0.927097,-0.000345,0.001469,0.018496,-0.030631,-0.025525,0.027238,0.392736,0.05831,0.030657,-0.012678,-0.013358,-0.952571,0.304022,0.993387,0.02203,0.112672,-0.114026,0.303517,0.945978,-0.000163,0.000601,0.009139,-0.046347,-0.008832,0.033037,0.330702,0.079254,0.030117,-0.063858,-0.524361,0.412745,-0.744772,-0.471326,-0.869139,-0.149829,-0.709152,0.272466,0.65028,-0.000165,-0.000893,-0.000676,0.0,0.0,1e-06,-0.890116
431,0.128361,0.011938,0.351681,-0.365341,0.446737,-0.816699,-0.634813,-0.761207,-0.132471,-0.680409,0.469494,0.562712,-0.000183,-0.000989,-0.00075,0.0,0.0,0.0,-1.00575,-0.122908,0.023249,0.32805,-0.103623,0.935287,0.338366,-0.973536,-0.164904,0.158014,0.203728,-0.314209,0.927162,-0.002015,0.012941,0.010832,0.002189,-0.015751,0.024031,0.405065,0.058302,0.030737,-0.012539,-0.008252,-0.952784,0.303535,0.993166,0.027526,0.113405,-0.116406,0.302397,0.946046,-0.001086,0.006906,0.005783,0.002745,-0.028374,0.050956,0.33952,0.079252,0.030102,-0.063863,-0.524425,0.412698,-0.744753,-0.471309,-0.869159,-0.149759,-0.709115,0.272472,0.650317,-0.000346,-0.006043,0.00379,-0.035181,0.015668,-0.016984,-0.889789
432,0.128353,0.011896,0.351649,-0.365456,0.446682,-0.816678,-0.634774,-0.761256,-0.132378,-0.680384,0.469467,0.562766,-0.000273,-0.001481,-0.001123,0.0,0.0,0.0,-0.991777,-0.122911,0.023781,0.328601,-0.124977,0.934237,0.334025,-0.968822,-0.187366,0.161901,0.214007,-0.304547,0.928071,-0.002617,0.01678,0.013967,-0.605949,-0.248163,-1.631711,0.43519,0.058301,0.030999,-0.012268,0.011,-0.954454,0.298153,0.991809,0.048359,0.118217,-0.127251,0.294411,0.947168,-0.001234,0.008456,0.00693,-1.99065,-1.138848,-4.987319,0.374301,0.079249,0.030083,-0.063878,-0.524524,0.412618,-0.744727,-0.471253,-0.869205,-0.149674,-0.70908,0.272447,0.650366,-0.000144,-0.00078,-0.000593,-1e-06,-5e-06,-3e-06,-0.888483
433,0.128358,0.011867,0.351627,-0.365512,0.446657,-0.816666,-0.634755,-0.761279,-0.132335,-0.680371,0.469454,0.562792,-6.9e-05,-0.000376,-0.000286,0.0,0.0,0.0,-0.981755,-0.122945,0.024383,0.329184,-0.134631,0.935304,0.32722,-0.965815,-0.197554,0.167654,0.221631,-0.294634,0.92948,-0.002595,0.016627,0.013753,-0.472605,-0.553998,0.157655,0.456426,0.058283,0.031304,-0.011973,0.021929,-0.956344,0.291419,0.99044,0.060487,0.123969,-0.136184,0.285915,0.948528,-0.001301,0.008196,0.006758,-1.532973,-2.131334,0.964208,0.408918,0.079251,0.030066,-0.06389,-0.524572,0.412581,-0.744715,-0.471226,-0.869226,-0.149634,-0.709063,0.272435,0.650391,-3.5e-05,-0.000195,-0.000149,6e-06,1.6e-05,5e-06,-0.888156
434,0.128344,0.011848,0.351612,-0.365591,0.446618,-0.816652,-0.634728,-0.761313,-0.132269,-0.680354,0.469436,0.562828,-0.01357,3.3e-05,6.8e-05,-0.000984,0.014715,-0.029553,-0.973797,-0.122982,0.02468,0.32948,-0.139233,0.935584,0.324481,-0.964469,-0.202282,0.16975,0.224638,-0.290489,0.930063,-0.000957,0.005367,0.021529,-0.073621,-0.080725,0.053307,0.462974,0.058264,0.031458,-0.011827,0.026206,-0.957312,0.287865,0.989784,0.065217,0.126776,-0.140138,0.281602,0.949242,-0.001294,0.008218,0.006781,-0.14349,-0.233636,0.137562,0.421165,0.079249,0.030059,-0.063896,-0.524621,0.412541,-0.744702,-0.471197,-0.869249,-0.149591,-0.709045,0.272423,0.650415,-0.000157,-0.000854,-0.000647,-0.000596,0.014449,-0.024931,-0.88783
435,0.128314,0.011795,0.351572,-0.365788,0.446522,-0.816617,-0.63466,-0.761397,-0.132108,-0.68031,0.469391,0.562917,-0.000231,-0.001253,-0.000952,0.0,0.0,0.0,-0.972006,-0.12309,0.025231,0.330076,-0.144452,0.934918,0.32412,-0.963257,-0.207683,0.170112,0.226548,-0.288809,0.930123,-0.002525,0.016188,0.013266,-0.010596,0.07697,-0.117948,0.469103,0.058211,0.031731,-0.011524,0.031304,-0.95736,0.287194,0.989336,0.070569,0.127402,-0.142237,0.280143,0.949361,-0.001252,0.007962,0.00653,0.002659,-0.015328,0.025174,0.435535,0.079229,0.030031,-0.063917,-0.524808,0.412386,-0.744656,-0.471088,-0.869337,-0.149427,-0.708979,0.272378,0.650505,-0.000142,-0.000764,-0.000579,-9e-06,1e-06,-1e-06,-0.888156
436,0.128279,0.011714,0.351511,-0.366062,0.446388,-0.816567,-0.634567,-0.761514,-0.131885,-0.68025,0.469329,0.563043,-0.000444,-0.002402,-0.001825,0.0,0.0,0.0,-0.970626,-0.123165,0.025621,0.330804,-0.1505,0.933846,0.324459,-0.961719,-0.214192,0.170742,0.229144,-0.287512,0.929889,0.012042,0.008163,0.022143,-0.030061,-0.0391,0.057686,0.474379,0.058169,0.031924,-0.011174,0.037448,-0.957112,0.287287,0.988732,0.077183,0.128258,-0.144931,0.279247,0.949218,-0.001365,0.008684,0.007077,0.004623,-0.031137,0.049047,0.44272,0.079212,0.029994,-0.063945,-0.525026,0.412207,-0.744602,-0.470961,-0.869438,-0.149236,-0.708902,0.272326,0.650611,-0.000158,-0.000861,-0.000652,2e-06,-3e-06,9e-06,-0.888483
437,0.128261,0.011617,0.351437,-0.366199,0.446323,-0.816541,-0.63452,-0.761571,-0.131775,-0.68022,0.469297,0.563106,-0.000613,-0.003313,-0.00252,-0.000597,0.014443,-0.024932,-0.971171,-0.123143,0.025968,0.331611,-0.150919,0.933697,0.324691,-0.961386,-0.214961,0.171646,0.230263,-0.287418,0.929641,0.011887,0.008997,0.022732,-0.044938,0.068983,-0.108586,0.483861,0.058179,0.0321,-0.010762,0.037844,-0.957037,0.287482,0.988549,0.077909,0.129231,-0.146076,0.2793,0.949027,-0.000631,0.003581,0.011368,-0.031934,-0.023788,0.029069,0.454476,0.079203,0.029946,-0.063982,-0.525143,0.412112,-0.744572,-0.470894,-0.869492,-0.149135,-0.70886,0.272297,0.650669,-0.000213,-0.001162,-0.000883,-3e-06,7e-06,-1e-06,-0.88832
438,0.128252,0.011568,0.3514,-0.366334,0.446259,-0.816515,-0.634474,-0.761628,-0.131666,-0.68019,0.469266,0.563168,-0.000388,-0.0021,-0.001598,0.0,0.0,0.0,-0.972327,-0.123163,0.026142,0.332093,-0.151297,0.933553,0.324929,-0.96115,-0.215579,0.172194,0.231002,-0.287423,0.929456,-0.001446,0.0085,0.023758,-0.032112,-0.02385,0.028471,0.485543,0.058174,0.032186,-0.010535,0.038221,-0.956956,0.287704,0.988433,0.078491,0.129763,-0.14676,0.279417,0.948887,-0.000794,0.00462,0.012181,-0.029821,-0.039414,0.053072,0.459049,0.079198,0.029919,-0.064002,-0.525275,0.412006,-0.744537,-0.470818,-0.869552,-0.149021,-0.708813,0.272265,0.650734,-0.000279,-0.001515,-0.001153,-9e-06,-2e-06,-1e-05,-0.889136
439,0.128217,0.011486,0.35135,-0.366604,0.446131,-0.816464,-0.634401,-0.76173,-0.131433,-0.680113,0.469223,0.563297,-0.000332,-0.001796,-0.001368,0.0,0.0,0.0,-0.972337,-0.123241,0.026471,0.333043,-0.15175,0.933419,0.325105,-0.96074,-0.216456,0.173378,0.232407,-0.2872,0.929175,-0.001551,0.009182,0.024191,-0.046937,0.083899,-0.138023,0.486111,0.058135,0.032352,-0.010046,0.038673,-0.956894,0.287848,0.988195,0.079358,0.131045,-0.148239,0.279382,0.948667,-0.000835,0.004878,0.012327,-0.032028,-0.023752,0.028817,0.462641,0.079181,0.029878,-0.064027,-0.52549,0.411832,-0.744481,-0.470713,-0.869644,-0.148819,-0.708723,0.272234,0.650845,-6.6e-05,-0.000358,-0.000272,0.0,-6e-06,-3e-06,-0.891259
440,0.128189,0.011422,0.351339,-0.366811,0.44604,-0.816421,-0.634386,-0.761778,-0.131227,-0.680015,0.469232,0.563408,-0.000123,-0.000666,-0.000508,0.0,0.0,0.0,-0.972182,-0.123325,0.026705,0.33418,-0.153516,0.933799,0.323178,-0.960505,-0.217699,0.17312,0.232219,-0.285007,0.929897,-0.0004,0.001067,0.034412,-0.064101,-0.034431,0.031104,0.48561,0.058093,0.032469,-0.009484,0.040457,-0.957431,0.285809,0.988134,0.080754,0.130644,-0.148163,0.277132,0.949339,-0.00019,0.000346,0.017061,-0.080902,-0.006151,0.009896,0.463784,0.079166,0.029843,-0.064034,-0.525685,0.411683,-0.744426,-0.47066,-0.869709,-0.148605,-0.708613,0.272252,0.650956,-6.5e-05,-0.000356,-0.00027,-2e-06,1.3e-05,-3e-06,-0.892239
441,0.128195,0.011383,0.351347,-0.366877,0.446021,-0.816402,-0.63442,-0.761765,-0.131139,-0.679948,0.469272,0.563456,-4.4e-05,-0.000238,-0.000182,0.0,0.0,0.0,-0.971692,-0.123359,0.026759,0.334853,-0.156938,0.934425,0.319704,-0.960631,-0.219447,0.170194,0.2294,-0.281578,0.93164,-0.000405,0.001108,0.034373,-0.003193,-0.087365,-0.042677,0.485288,0.058077,0.032497,-0.009159,0.043493,-0.958414,0.282045,0.9884,0.082397,0.127576,-0.14551,0.273224,0.950881,-0.000267,0.000836,0.017413,0.000964,-0.110882,-0.035612,0.463947,0.079169,0.029827,-0.064034,-0.525729,0.411657,-0.74441,-0.470676,-0.869712,-0.14854,-0.708571,0.272285,0.650989,-2.1e-05,-0.000114,-8.6e-05,-3e-06,5e-06,-1e-06,-0.889789
442,0.128202,0.011334,0.351373,-0.366955,0.446002,-0.816377,-0.634488,-0.76173,-0.131015,-0.679842,0.469346,0.563521,-0.0,-1e-06,-0.0,0.0,0.0,0.0,-0.971198,-0.123408,0.02674,0.33626,-0.163536,0.935744,0.312461,-0.960811,-0.222801,0.164732,0.223981,-0.274448,0.93508,-0.00052,0.001865,0.034831,0.256928,-0.369946,-0.24574,0.485548,0.058052,0.032489,-0.008442,0.048364,-0.960022,0.275712,0.988614,0.085385,0.123893,-0.142482,0.266581,0.953222,-0.000376,0.001531,0.017886,0.272965,-0.409757,-0.257449,0.464927,0.079173,0.0298,-0.064017,-0.525813,0.411612,-0.744375,-0.470749,-0.869699,-0.148383,-0.708459,0.272393,0.651065,6e-06,2.9e-05,2.3e-05,-8e-06,1e-05,-0.0,-0.891422
443,0.128201,0.011317,0.351385,-0.366987,0.445994,-0.816367,-0.634514,-0.761716,-0.130965,-0.6798,0.469376,0.563547,-7e-05,-0.000376,-0.000287,0.0,0.0,0.0,-0.970026,-0.123512,0.026696,0.33771,-0.166696,0.936531,0.308404,-0.960568,-0.22471,0.163551,0.222693,-0.270153,0.936636,0.001156,-0.009619,0.042407,0.253245,-0.398337,-0.289322,0.48667,0.057999,0.032473,-0.007718,0.050945,-0.960973,0.27191,0.988522,0.087294,0.1233,-0.142224,0.262508,0.95439,-0.006831,0.000321,0.017578,-0.085674,-0.001616,0.006467,0.466233,0.079173,0.029793,-0.06401,-0.525842,0.411596,-0.744364,-0.470773,-0.869695,-0.148329,-0.708422,0.272429,0.651091,-4.5e-05,-0.000244,-0.000185,-6e-06,4e-06,5e-06,-0.892239
444,0.128205,0.011299,0.351334,-0.367032,0.445963,-0.816364,-0.634443,-0.761776,-0.130966,-0.679843,0.469309,0.563552,-0.000404,-0.002184,-0.001665,-0.000598,0.014436,-0.024936,-0.967466,-0.123601,0.026686,0.339079,-0.168347,0.936959,0.306201,-0.960143,-0.22605,0.164197,0.223286,-0.267528,0.937249,-0.000218,-1.6e-05,0.033111,-0.049436,-0.03705,-0.005936,0.490159,0.057954,0.032466,-0.007041,0.054059,-0.961925,0.26791,0.988508,0.089486,0.121833,-0.141169,0.258245,0.955709,-0.000113,-0.000132,0.016465,-0.069452,-0.020681,-0.005659,0.470152,0.079175,0.029783,-0.06403,-0.525877,0.411562,-0.744358,-0.470713,-0.869728,-0.148329,-0.708436,0.272376,0.651098,-0.00011,-0.000592,-0.000451,-6e-06,-7e-06,-1e-06,-0.892239
445,0.128199,0.011273,0.351301,-0.367113,0.445922,-0.81635,-0.634397,-0.761823,-0.130914,-0.679842,0.469271,0.563583,-0.000361,-0.001948,-0.001486,0.0,0.0,0.0,-0.965604,-0.123683,0.026665,0.33968,-0.170431,0.93708,0.304675,-0.959957,-0.227539,0.163226,0.222507,-0.26583,0.937917,-2.7e-05,-0.001229,0.03213,-0.037216,-0.050381,-0.015332,0.488856,0.057913,0.032457,-0.006727,0.055995,-0.962279,0.266238,0.988478,0.090986,0.120958,-0.14062,0.256398,0.956287,-0.006528,-0.001508,0.016075,-0.074253,0.074026,-0.186743,0.470642,0.079172,0.029772,-0.064051,-0.525947,0.411498,-0.744344,-0.470632,-0.869777,-0.148297,-0.708438,0.272316,0.651121,-0.000229,-0.001241,-0.000948,-4e-06,-9e-06,-1e-06,-0.892729
446,0.128149,0.01119,0.3512,-0.367304,0.445816,-0.816322,-0.634274,-0.761946,-0.130793,-0.679853,0.469173,0.563653,-0.000476,-0.002567,-0.00196,0.0,0.0,0.0,-0.961874,-0.123801,0.026665,0.340806,-0.175677,0.937789,0.299468,-0.95992,-0.230535,0.159192,0.218559,-0.260674,0.940289,0.000229,-0.002862,0.030796,0.054294,-0.150236,-0.085513,0.484666,0.057854,0.032457,-0.006164,0.060561,-0.963456,0.260927,0.988654,0.093896,0.117241,-0.137457,0.250867,0.958212,-0.000715,0.004169,0.011414,0.116526,-0.185408,-0.084756,0.467866,0.079147,0.029731,-0.064101,-0.526109,0.411351,-0.744311,-0.470476,-0.869879,-0.148197,-0.708421,0.272213,0.651182,-0.000331,-0.001794,-0.001371,-0.000604,0.01443,-0.024936,-0.892565
447,0.128053,0.011135,0.351108,-0.367681,0.445611,-0.816264,-0.634068,-0.762162,-0.130529,-0.67984,0.469016,0.563798,-0.000367,-0.001975,-0.001509,0.0,0.0,0.0,-0.961331,-0.123827,0.026719,0.341885,-0.180439,0.938654,0.293874,-0.95999,-0.23299,0.155143,0.214334,-0.255299,0.942733,-0.001079,0.006307,0.021197,0.194868,-0.270959,-0.144701,0.484405,0.057841,0.032485,-0.005631,0.064182,-0.964537,0.256021,0.988772,0.096155,0.114379,-0.13494,0.245806,0.959879,-0.000637,0.003682,0.010998,0.422878,-0.493241,-0.24072,0.466233,0.079104,0.029701,-0.064149,-0.52641,0.411083,-0.744246,-0.470217,-0.870055,-0.147985,-0.708369,0.272056,0.651303,-0.000242,-0.001311,-0.001,-0.000602,0.014443,-0.024931,-0.893545
448,0.128016,0.011105,0.351073,-0.367845,0.445525,-0.816237,-0.633993,-0.762246,-0.130405,-0.679822,0.468961,0.563865,-0.00038,-0.002044,-0.001563,0.0,0.0,0.0,-0.95964,-0.123844,0.026746,0.342337,-0.18033,0.938756,0.293615,-0.959828,-0.233059,0.156037,0.215148,-0.254858,0.942667,-0.000965,0.005572,0.020609,-0.028306,-0.027489,0.025891,0.484987,0.057833,0.032496,-0.005394,0.065166,-0.964819,0.254707,0.988737,0.096892,0.114058,-0.134725,0.244406,0.960267,0.000361,-0.003132,0.014062,-0.087025,7.1e-05,0.011467,0.46607,0.07908,0.029686,-0.064167,-0.526567,0.410946,-0.74421,-0.470103,-0.870137,-0.147859,-0.708328,0.271998,0.651373,-0.00019,-0.001026,-0.000784,-8e-06,-2.1e-05,-6e-06,-0.893708
449,0.127965,0.01099,0.350997,-0.367968,0.445465,-0.816214,-0.633968,-0.762286,-0.13029,-0.679778,0.468953,0.563925,-0.000716,-0.003853,-0.002948,-0.000596,0.014441,-0.024933,-0.958995,-0.123824,0.026698,0.343259,-0.182474,0.938837,0.292026,-0.959442,-0.234812,0.155783,0.215068,-0.252933,0.943204,-0.000657,0.003575,0.019054,0.018358,-0.078475,-0.009575,0.485383,0.057843,0.032472,-0.004933,0.067004,-0.965127,0.253062,0.988591,0.09851,0.113942,-0.134898,0.24254,0.960716,0.000529,-0.004219,0.013224,-0.037104,0.048587,-0.227519,0.46705,0.079055,0.029631,-0.064202,-0.526673,0.410859,-0.744184,-0.470061,-0.870179,-0.14775,-0.708278,0.271996,0.651428,-0.00036,-0.001947,-0.001489,-0.000598,0.014434,-0.024929,-0.894198
450,0.127944,0.010879,0.350913,-0.368276,0.445319,-0.816156,-0.633863,-0.762416,-0.130042,-0.679709,0.468882,0.564068,-0.00059,-0.003173,-0.002431,-0.000596,0.014441,-0.024933,-0.95949,-0.123788,0.026608,0.344048,-0.184807,0.938225,0.292526,-0.95935,-0.236698,0.153477,0.21348,-0.253447,0.943426,-0.000382,0.00179,0.017685,0.050133,-0.113319,-0.033554,0.484686,0.057861,0.032426,-0.004539,0.06926,-0.964826,0.2536,0.98864,0.100373,0.111864,-0.133385,0.242972,0.960818,-0.00011,0.000279,0.008383,0.071295,-0.122888,-0.071516,0.466723,0.079045,0.029575,-0.064245,-0.526919,0.410659,-0.744119,-0.469918,-0.870292,-0.147537,-0.708189,0.271935,0.65155,-0.000192,-0.001032,-0.000791,-1e-05,0.0,-1e-06,-0.895994
451,0.127938,0.010796,0.350837,-0.368488,0.445215,-0.816116,-0.633772,-0.762519,-0.129884,-0.679679,0.468813,0.564161,-0.000324,-0.001744,-0.001337,0.0,0.0,0.0,-0.958836,-0.123796,0.026491,0.344833,-0.186776,0.938372,0.290798,-0.959037,-0.238211,0.153096,0.213179,-0.251468,0.944024,-0.000241,0.000879,0.016976,0.099798,-0.155148,-0.097003,0.483925,0.057857,0.032368,-0.004147,0.070824,-0.965119,0.252048,0.988494,0.101763,0.111902,-0.133648,0.241223,0.961222,0.000632,-0.00487,0.012714,0.138734,-0.221494,-0.146295,0.46558,0.079041,0.029531,-0.064285,-0.527117,0.410497,-0.744069,-0.469784,-0.870391,-0.147381,-0.708131,0.271864,0.651643,-0.000189,-0.001018,-0.000779,-1e-06,-1.5e-05,4e-06,-0.890606
452,0.127941,0.010754,0.350804,-0.368582,0.445172,-0.816098,-0.63374,-0.762558,-0.12981,-0.679658,0.468791,0.564205,-0.000341,-0.001831,-0.001404,0.0,0.0,0.0,-0.959008,-0.123796,0.026471,0.345198,-0.188478,0.938581,0.28902,-0.958998,-0.239198,0.151795,0.211854,-0.249736,0.944782,-0.000187,0.000529,0.016701,0.125422,-0.183322,-0.116211,0.482906,0.057857,0.032358,-0.003964,0.07232,-0.965481,0.25023,0.988529,0.102736,0.110694,-0.132581,0.239355,0.961837,-0.000136,0.000455,0.008491,0.21405,-0.269888,-0.150933,0.465254,0.079037,0.029512,-0.0643,-0.527216,0.410417,-0.744043,-0.469727,-0.870436,-0.147296,-0.708095,0.27184,0.651692,-0.000224,-0.001206,-0.000925,-0.000611,0.01444,-0.024945,-0.891096
453,0.127944,0.010654,0.35074,-0.368804,0.445072,-0.816051,-0.633683,-0.762638,-0.12962,-0.67959,0.468756,0.564316,-0.000363,-0.001952,-0.001499,0.0,0.0,0.0,-0.958476,-0.123815,0.026504,0.345834,-0.190587,0.93804,0.289393,-0.95905,-0.240714,0.149042,0.20972,-0.250313,0.945105,-0.001645,0.010668,0.007859,0.072086,-0.091879,-0.028253,0.483775,0.057847,0.032375,-0.003639,0.07494,-0.965321,0.250075,0.988693,0.104591,0.10745,-0.129879,0.239195,0.962245,-0.000823,0.005271,0.003883,0.06149,-0.087564,-0.02643,0.465254,0.079044,0.02946,-0.064333,-0.527389,0.410285,-0.743993,-0.469648,-0.870506,-0.147136,-0.708018,0.271817,0.651785,-0.000215,-0.001171,-0.000901,-6e-06,1e-06,1e-06,-0.891749
454,0.127967,0.010551,0.350673,-0.368852,0.445058,-0.816037,-0.633687,-0.762642,-0.129574,-0.679561,0.468761,0.564347,-0.000433,-0.00233,-0.001791,-0.000597,0.014441,-0.024934,-0.958295,-0.123795,0.026472,0.346345,-0.190631,0.93808,0.289237,-0.958808,-0.241007,0.150122,0.210786,-0.249881,0.944982,0.000595,-0.004538,0.01293,-0.034279,-0.008052,0.004461,0.484095,0.057856,0.032367,-0.00339,0.075046,-0.965335,0.24999,0.988521,0.104984,0.108645,-0.131124,0.238967,0.962133,-0.000526,0.003358,0.002466,0.000652,-0.013394,0.025964,0.465254,0.079056,0.029411,-0.064365,-0.527415,0.410274,-0.743981,-0.469656,-0.870507,-0.147104,-0.707994,0.27183,0.651806,-0.000113,-0.000612,-0.000473,1e-06,1e-06,1.2e-05,-0.892892
455,0.127964,0.010537,0.350663,-0.369022,0.444977,-0.816005,-0.633628,-0.762715,-0.129436,-0.679523,0.468721,0.564426,-0.000106,-0.00057,-0.000438,0.0,0.0,0.0,-0.958145,-0.123766,0.026403,0.346512,-0.190877,0.937987,0.289375,-0.958651,-0.241392,0.150506,0.211277,-0.249857,0.944879,0.00114,-0.008077,0.010332,-0.03633,0.006882,-0.020098,0.482243,0.05787,0.032337,-0.003303,0.075268,-0.965285,0.250116,0.988437,0.105333,0.109065,-0.131625,0.239015,0.962052,0.006149,0.002748,0.001361,-0.009959,0.073128,-0.114779,0.46509,0.079054,0.0294,-0.064373,-0.527578,0.410142,-0.743938,-0.469561,-0.870582,-0.146964,-0.707935,0.27179,0.651887,-5e-05,-0.000271,-0.000209,1e-06,8e-06,1.4e-05,-0.892402
456,0.127955,0.010537,0.350675,-0.369041,0.44497,-0.816,-0.63364,-0.762709,-0.129408,-0.679501,0.468736,0.564439,0.000114,0.000612,0.000471,0.0,0.0,0.0,-0.952762,-0.12369,0.026212,0.346782,-0.193169,0.937909,0.288105,-0.958438,-0.243085,0.149132,0.210161,-0.248499,0.945486,-0.000336,0.002179,0.001598,-0.010807,0.086592,-0.145974,0.482084,0.057909,0.032233,-0.003168,0.077437,-0.965513,0.248569,0.98841,0.106996,0.107685,-0.130567,0.237349,0.962609,0.000739,-0.005165,0.00434,-0.046809,0.016357,-0.018479,0.463621,0.079049,0.029399,-0.064368,-0.527594,0.410131,-0.743933,-0.469572,-0.870581,-0.146934,-0.707917,0.271808,0.651899,9.6e-05,0.000521,0.000402,-9e-06,2.8e-05,1e-05,-0.893055
457,0.127955,0.010493,0.35073,-0.368983,0.445022,-0.815998,-0.633791,-0.76259,-0.129369,-0.679392,0.46888,0.564451,0.000259,0.001391,0.001069,0.000598,-0.014435,0.024937,-0.953177,-0.123591,0.026001,0.346925,-0.193511,0.937777,0.288303,-0.958219,-0.243619,0.149667,0.210846,-0.248471,0.945341,0.00171,-0.011755,0.007642,-0.036324,0.006843,-0.020122,0.480613,0.057958,0.032129,-0.003096,0.077841,-0.965389,0.248926,0.98827,0.107622,0.108342,-0.131383,0.237573,0.962443,8.1e-05,-0.000541,-0.000397,-7.4e-05,0.000299,0.000703,0.463294,0.079049,0.029378,-0.06434,-0.527548,0.410194,-0.74393,-0.46974,-0.8705,-0.146874,-0.707839,0.271971,0.651915,0.000129,0.000695,0.000535,0.000591,-0.014426,0.024948,-0.893382
458,0.127965,0.010466,0.35076,-0.369139,0.444963,-0.81596,-0.633813,-0.762602,-0.129195,-0.679287,0.468918,0.564546,-0.000396,-0.010469,0.008812,-0.03518,0.015673,-0.01698,-0.953516,-0.123574,0.025886,0.346999,-0.1937,0.937706,0.288409,-0.958102,-0.243908,0.149941,0.211202,-0.248457,0.945265,0.00161,-0.011107,0.008119,-0.036323,0.006836,-0.020125,0.479069,0.057967,0.032064,-0.003058,0.078044,-0.965345,0.249032,0.988203,0.107923,0.108656,-0.131767,0.237615,0.96238,0.000806,-0.005579,0.00404,-0.036225,0.006931,-0.019578,0.461988,0.079055,0.02937,-0.064326,-0.527669,0.410108,-0.743891,-0.469731,-0.87053,-0.146727,-0.707755,0.272006,0.651993,5.5e-05,0.000297,0.000227,-3e-06,-4e-06,7e-06,-0.893382
459,0.127967,0.010437,0.350826,-0.369174,0.44497,-0.81594,-0.633932,-0.762522,-0.12908,-0.679157,0.46904,0.564602,-0.000382,-0.010391,0.008873,-0.035181,0.015669,-0.016982,-0.953801,-0.123504,0.025802,0.347151,-0.197356,0.93733,0.287149,-0.95845,-0.245904,0.144358,0.206183,-0.247903,0.946518,-0.000383,0.002472,0.001812,0.185817,-0.205276,-0.139548,0.476999,0.058004,0.032018,-0.002985,0.080981,-0.965318,0.248197,0.988538,0.109617,0.103798,-0.127405,0.236947,0.963131,0.000565,-0.00402,0.005182,0.2755,-0.336624,-0.179496,0.459049,0.079056,0.029356,-0.064293,-0.527704,0.410106,-0.743868,-0.469853,-0.870486,-0.146597,-0.707648,0.272149,0.652049,6e-05,0.000327,0.000252,-4e-06,6e-06,7e-06,-0.894035
460,0.128003,0.010372,0.350966,-0.369178,0.445025,-0.815908,-0.634213,-0.76232,-0.128895,-0.678893,0.469317,0.564689,0.000259,0.001394,0.00107,0.0,0.0,0.0,-0.953765,-0.1234,0.025826,0.347291,-0.197083,0.937467,0.286888,-0.958461,-0.245656,0.144702,0.206389,-0.247627,0.946545,-0.000332,0.002143,0.001569,4e-05,-4.4e-05,-3e-05,0.478048,0.058055,0.032032,-0.002913,0.081389,-0.965506,0.247329,0.988553,0.109829,0.103438,-0.127034,0.236079,0.963394,-0.000207,0.001319,0.000962,-0.002435,0.002452,0.001189,0.457579,0.079074,0.029319,-0.064221,-0.52773,0.410149,-0.743826,-0.470164,-0.87036,-0.146349,-0.707422,0.272488,0.652152,-8.2e-05,-0.004602,0.004892,-0.035191,0.015652,-0.016992,-0.893708
461,0.128028,0.010267,0.35115,-0.36928,0.445051,-0.815847,-0.634571,-0.762079,-0.128556,-0.678502,0.469683,0.564855,0.000213,0.001149,0.000881,0.0,0.0,0.0,-0.953769,-0.123367,0.025867,0.347379,-0.197118,0.937455,0.286904,-0.958426,-0.245726,0.144817,0.20652,-0.247605,0.946522,-0.000261,0.001683,0.001232,0.0,-0.0,-0.0,0.474584,0.058071,0.032054,-0.002868,0.081394,-0.965497,0.247364,0.988533,0.109874,0.103582,-0.127187,0.236097,0.963369,-0.000158,0.001008,0.000738,8.5e-05,9.6e-05,0.000545,0.456109,0.079086,0.029268,-0.064127,-0.527829,0.410149,-0.743756,-0.470532,-0.870225,-0.145964,-0.707103,0.272917,0.652319,-0.000116,-0.004787,0.004752,-0.035184,0.015643,-0.016993,-0.894035
462,0.128048,0.010187,0.351241,-0.36924,0.445115,-0.815831,-0.63481,-0.761899,-0.128443,-0.6783,0.469914,0.564904,-0.000345,-0.010201,0.009023,-0.035186,0.015639,-0.016999,-0.954146,-0.123359,0.025878,0.347434,-0.197274,0.937386,0.287021,-0.958366,-0.245926,0.144878,0.206654,-0.247665,0.946477,-0.000387,0.002493,0.001824,0.002029,-0.014849,0.024613,0.470142,0.058075,0.032057,-0.002843,0.08157,-0.96545,0.247489,0.988502,0.110087,0.103649,-0.127314,0.236189,0.96333,-0.000116,0.000734,0.000538,0.000102,5.7e-05,0.000439,0.453007,0.079096,0.029233,-0.064085,-0.527787,0.410227,-0.743743,-0.47078,-0.870111,-0.145845,-0.706969,0.273165,0.65236,7.1e-05,0.000396,0.0003,-9e-06,-1.7e-05,-1.4e-05,-0.893708
463,0.128087,0.010018,0.351439,-0.369437,0.445116,-0.815741,-0.63523,-0.761629,-0.127968,-0.6778,0.47035,0.565142,0.000243,0.00131,0.001004,0.0,0.0,0.0,-0.954812,-0.123383,0.025829,0.34756,-0.198177,0.9364,0.289609,-0.958359,-0.246971,0.143136,0.205819,-0.250356,0.945951,-0.000234,0.001506,0.001101,0.013437,0.016629,-0.006643,0.4646,0.058063,0.032035,-0.002778,0.082696,-0.964685,0.250087,0.988563,0.111161,0.101907,-0.126109,0.2388,0.962844,-0.000141,0.000901,0.00066,0.030685,0.157738,-0.191744,0.445659,0.079116,0.029143,-0.063983,-0.527985,0.410172,-0.743632,-0.471214,-0.869969,-0.145291,-0.706532,0.273699,0.65261,0.000122,0.000672,0.000514,-0.0,-2e-06,-2e-06,-0.893545
464,0.128098,0.009842,0.35167,-0.369841,0.445025,-0.815608,-0.635633,-0.761407,-0.127284,-0.677201,0.470795,0.565489,-0.000195,-0.009395,0.009647,-0.035192,0.015606,-0.017018,-0.955096,-0.123435,0.025839,0.347755,-0.199733,0.936639,0.287759,-0.958413,-0.247718,0.141474,0.204057,-0.248709,0.946767,0.000872,-0.006336,0.011612,-0.027871,-0.002553,-0.026485,0.462593,0.058038,0.032036,-0.002689,0.084174,-0.965114,0.247927,0.988665,0.111933,0.100058,-0.124319,0.236695,0.963596,-0.00039,0.002502,0.001828,-0.009257,-0.006879,0.019872,0.44125,0.079121,0.029058,-0.063871,-0.528333,0.409995,-0.743483,-0.471578,-0.869889,-0.144589,-0.706029,0.274219,0.652936,0.000168,0.000928,0.000711,-9e-06,-4e-06,-1.1e-05,-0.893382
465,0.128091,0.00977,0.351792,-0.369973,0.445009,-0.815557,-0.63585,-0.761273,-0.127004,-0.676926,0.471026,0.565626,0.000425,0.002294,0.001757,0.0,0.0,0.0,-0.954844,-0.123464,0.025891,0.34788,-0.199618,0.936705,0.287626,-0.958407,-0.247624,0.141676,0.204195,-0.248555,0.946778,0.000668,-0.00502,0.012569,-0.036171,0.006629,-0.020262,0.461685,0.058024,0.032062,-0.002621,0.08401,-0.965123,0.247948,0.988631,0.111868,0.100468,-0.124701,0.236689,0.963549,0.0003,-0.002321,0.006422,-0.04032,0.010564,-0.019085,0.439944,0.079117,0.029017,-0.063808,-0.528466,0.40994,-0.743418,-0.471803,-0.869822,-0.144257,-0.705779,0.274512,0.653083,8e-06,-0.004112,0.005273,-0.034582,0.001231,0.007958,-0.892729
466,0.128101,0.009603,0.352006,-0.370099,0.445043,-0.815481,-0.63631,-0.76096,-0.12657,-0.676424,0.471498,0.565833,0.000146,0.00079,0.000604,0.0,0.0,0.0,-0.956065,-0.123502,0.026064,0.348238,-0.199594,0.936743,0.287517,-0.958317,-0.247699,0.142154,0.204643,-0.248333,0.946739,-0.001447,0.009337,0.006789,-0.011938,0.087426,-0.145372,0.457102,0.058005,0.032145,-0.002451,0.083852,-0.965173,0.247805,0.988584,0.111814,0.100983,-0.125174,0.236509,0.963531,-0.000749,0.004811,0.003501,0.002032,-0.014715,0.024976,0.435861,0.079123,0.028937,-0.063699,-0.528589,0.409942,-0.74333,-0.472277,-0.869646,-0.143763,-0.705369,0.275066,0.653292,-0.000159,-0.005016,0.00458,-0.035205,0.015576,-0.017049,-0.894198
467,0.128118,0.009475,0.352135,-0.370287,0.445018,-0.815409,-0.636582,-0.760795,-0.126197,-0.676066,0.471788,0.56602,0.000118,0.000635,0.000486,0.0,0.0,0.0,-0.955647,-0.123534,0.026315,0.348748,-0.201428,0.936857,0.285862,-0.958233,-0.248839,0.140722,0.203236,-0.246751,0.947455,-0.000486,0.002426,0.017932,0.150957,-0.213144,-0.134089,0.45702,0.057989,0.032271,-0.002195,0.084953,-0.965338,0.246786,0.988556,0.112646,0.100332,-0.124654,0.235438,0.963861,-0.000334,0.00175,0.009355,0.271862,-0.255877,-0.326012,0.433575,0.079131,0.028871,-0.063635,-0.52876,0.409872,-0.743247,-0.472542,-0.869569,-0.143358,-0.705064,0.275413,0.653476,-0.000169,-0.005072,0.004538,-0.035198,0.015565,-0.017047,-0.894361
468,0.128115,0.009384,0.352216,-0.37046,0.444977,-0.815353,-0.636746,-0.760706,-0.125909,-0.675816,0.471971,0.566165,1e-06,4e-06,3e-06,0.0,0.0,0.0,-0.955694,-0.123583,0.026603,0.349416,-0.201373,0.936935,0.285645,-0.958054,-0.248984,0.141679,0.204131,-0.246307,0.947379,-0.002574,0.016615,0.011959,0.004073,-0.02959,0.049289,0.459292,0.057965,0.03241,-0.001859,0.08565,-0.965499,0.245914,0.988461,0.113295,0.100542,-0.124934,0.234465,0.964062,-0.000502,0.002831,0.01011,-0.036639,-0.005723,0.005278,0.433249,0.07913,0.028826,-0.063594,-0.528915,0.40979,-0.743182,-0.472694,-0.869537,-0.143051,-0.704846,0.275636,0.653617,-7e-06,-2.5e-05,-1.9e-05,1e-06,-1e-06,-6e-06,-0.893055
469,0.128104,0.009352,0.352243,-0.370413,0.445012,-0.815355,-0.636837,-0.760632,-0.125896,-0.675757,0.472057,0.566164,0.0,0.0,0.0,0.0,0.0,0.0,-0.955739,-0.12362,0.026765,0.349823,-0.201354,0.936977,0.285519,-0.957937,-0.249092,0.14228,0.204699,-0.246034,0.947327,-0.001316,0.007793,0.021702,-0.032279,-0.022782,0.02915,0.465038,0.057946,0.032494,-0.001659,0.085591,-0.965534,0.245798,0.988391,0.113367,0.101149,-0.125528,0.234287,0.964029,-0.000698,0.004084,0.010989,-0.032528,-0.02244,0.029561,0.436188,0.079124,0.02881,-0.063581,-0.528877,0.409835,-0.743184,-0.472797,-0.869486,-0.143026,-0.704806,0.275732,0.65362,-3e-06,-1.6e-05,-1e-05,1.4e-05,8e-06,5e-06,-0.893545
470,0.128109,0.00928,0.352276,-0.37041,0.445039,-0.815342,-0.636968,-0.760535,-0.125813,-0.675634,0.472187,0.566202,-9e-06,-4.6e-05,-3.5e-05,0.0,0.0,0.0,-0.957866,-0.123741,0.027002,0.350664,-0.202381,0.935996,0.288002,-0.95768,-0.250498,0.141541,0.204893,-0.248341,0.946683,0.000656,-0.005631,0.028123,0.0816,0.1682,-0.064406,0.472615,0.057884,0.032626,-0.001235,0.086786,-0.964838,0.248103,0.988288,0.114759,0.100579,-0.125515,0.236468,0.963497,-0.000444,0.00243,0.009766,0.521025,0.672339,-0.261657,0.445822,0.079126,0.028773,-0.063565,-0.528878,0.409861,-0.743169,-0.472938,-0.869426,-0.142925,-0.70471,0.275883,0.653659,-0.000239,-0.005466,0.00424,-0.03519,0.015564,-0.017046,-0.894688
471,0.128119,0.009269,0.352293,-0.370401,0.445051,-0.815339,-0.637009,-0.760504,-0.125797,-0.675601,0.472226,0.56621,0.000114,0.000614,0.00047,0.0,0.0,0.0,-0.958127,-0.123956,0.027092,0.351457,-0.204326,0.936109,0.286256,-0.957403,-0.25193,0.140874,0.204259,-0.246451,0.947314,0.00074,-0.006144,0.027709,-0.067398,-0.017312,0.00811,0.471787,0.057776,0.032669,-0.000839,0.088711,-0.965121,0.246314,0.988195,0.116286,0.099733,-0.124898,0.234559,0.964044,-0.006764,0.001092,0.009418,-0.044459,0.001498,0.001289,0.449741,0.079132,0.028767,-0.063557,-0.528872,0.409875,-0.743166,-0.472982,-0.869405,-0.142903,-0.704685,0.275927,0.653668,7.4e-05,0.000414,0.000317,5e-06,-1e-06,-4e-06,-0.895505
472,0.128119,0.009261,0.3523,-0.370417,0.445047,-0.815334,-0.637022,-0.760497,-0.125771,-0.67558,0.472241,0.566223,2e-06,9e-06,7e-06,0.0,0.0,0.0,-0.957507,-0.124042,0.027119,0.351833,-0.206198,0.93563,0.286478,-0.957578,-0.253052,0.137629,0.201536,-0.247119,0.947723,-0.013314,0.001027,0.017988,-0.029149,-0.000776,-0.030076,0.46951,0.057739,0.032683,-0.000646,0.09066,-0.96493,0.246352,0.988382,0.117481,0.096424,-0.121984,0.234748,0.964371,-0.000333,0.001752,0.009249,-0.048208,-0.012379,0.02778,0.449251,0.079132,0.028764,-0.063553,-0.528887,0.409867,-0.74316,-0.472994,-0.869403,-0.142876,-0.704667,0.275945,0.65368,-2e-06,0.0,-0.0,-1e-06,-2e-06,-6e-06,-0.895831
473,0.128108,0.009264,0.352289,-0.370442,0.44503,-0.815332,-0.636995,-0.760521,-0.125763,-0.675592,0.472217,0.566228,-3.1e-05,-0.000167,-0.000128,0.0,0.0,0.0,-0.957429,-0.124176,0.027138,0.35247,-0.209818,0.935284,0.284978,-0.957686,-0.255196,0.13284,0.197245,-0.246219,0.948859,6.9e-05,-0.001094,0.015219,-0.031011,-0.011626,0.00208,0.454345,0.057666,0.032697,-0.000324,0.094289,-0.965002,0.244702,0.988544,0.11985,0.091732,-0.117849,0.23325,0.965248,5e-05,-0.000713,0.007497,-0.051849,0.006944,0.006426,0.440597,0.079126,0.028766,-0.063558,-0.528907,0.409845,-0.743158,-0.472961,-0.869422,-0.142872,-0.704673,0.275919,0.653684,-2.4e-05,-0.000126,-9.5e-05,-1e-06,-3e-06,-9e-06,-0.896321
474,0.128098,0.009257,0.352296,-0.37048,0.445014,-0.815323,-0.637,-0.760524,-0.125719,-0.675566,0.472228,0.56625,-0.0,-0.0,-0.0,0.0,0.0,0.0,-0.956708,-0.12438,0.026844,0.352934,-0.213895,0.935281,0.28194,-0.95735,-0.257969,0.129873,0.194481,-0.243308,0.950179,-0.01139,-0.011448,0.00918,0.183768,-0.225971,-0.213661,0.378576,0.057567,0.032559,-8.5e-05,0.097272,-0.9653,0.242348,0.988425,0.122178,0.089922,-0.116412,0.230796,0.966012,-0.005668,-0.005955,0.004428,0.335333,-0.376824,-0.267141,0.388181,0.079121,0.028762,-0.063555,-0.52894,0.409821,-0.743148,-0.472962,-0.869429,-0.142828,-0.704648,0.275933,0.653705,-0.0,3e-06,4e-06,5e-06,-9e-06,-4e-06,-0.896484
