frame,MLTx,MLTy,MLTz,MLTR1,MLTR2,MLTR3,MLTR4,MLTR5,MLTR6,MLTR7,MLTR8,MLTR9,MLTTVx,MLTTVy,MLTTVz,MLTRVx,MLTRVy,MLTRVz,MLGA,MRTx,MRTy,MRTz,MRTR1,MRTR2,MRTR3,MRTR4,MRTR5,MRTR6,MRTR7,MRTR8,MRTR9,MRTTVx,MRTTVy,MRTTVz,MRTRVx,MRTRVy,MRTRVz,MRGA,SLTx,SLTy,SLTz,SLTR1,SLTR2,SLTR3,SLTR4,SLTR5,SLTR6,SLTR7,SLTR8,SLTR9,SLTTVx,SLTTVy,SLTTVz,SLTRVx,SLTRVy,SLTRVz,SLGA,SRTx,SRTy,SRTz,SRTR1,SRTR2,SRTR3,SRTR4,SRTR5,SRTR6,SRTR7,SRTR8,SRTR9,SRTTVx,SRTTVy,SRTTVz,SRTRVx,SRTRVy,SRTRVz,SRGA
25,0.152984,-0.055926,0.295541,0.059818,0.234171,-0.970377,-0.603865,-0.765524,-0.222016,-0.794919,0.598963,0.096822,-0.001181,0.033827,-0.047645,0.259013,-0.716054,-0.327634,-0.431456,-0.167097,-0.044,0.282765,-0.372033,-0.500549,0.781687,0.909951,-0.362663,0.200996,0.18333,0.786688,0.589385,-0.066097,0.046146,0.000847,-0.907784,-1.715438,1.912977,-0.751755,0.042803,0.020685,-0.026732,0.427396,0.547264,0.719606,-0.886169,0.411184,0.213615,-0.178987,-0.728991,0.660707,-0.033509,0.029113,-0.002934,0.144192,-0.024711,0.031417,-0.950965,0.075447,0.014709,-0.069811,0.097652,-0.277466,-0.955759,0.551221,0.81467,-0.180188,0.828624,-0.509238,0.2325,-0.000592,0.011261,-0.019858,0.242685,-0.794836,-0.397839,-0.56827
26,0.152938,-0.055325,0.294655,0.066041,0.226296,-0.971841,-0.605482,-0.76502,-0.219337,-0.793202,0.602632,0.087704,-0.001195,0.022948,-0.039163,0.204534,-0.578837,-0.311952,-0.427957,-0.168492,-0.042907,0.282706,-0.382665,-0.503635,0.774539,0.906466,-0.366425,0.209728,0.178647,0.782969,0.595742,-0.066721,0.059763,-0.004078,0.140674,-0.029756,0.034477,-0.741307,0.042106,0.021227,-0.026758,0.439851,0.549852,0.710065,-0.88143,0.41581,0.224014,-0.172078,-0.724406,0.667551,-0.041298,0.029535,-0.001587,0.154949,-0.112665,0.171102,-0.9477,0.075424,0.015014,-0.070257,0.090632,-0.269834,-0.958631,0.552367,0.814579,-0.177064,0.828659,-0.513468,0.222874,-0.000517,0.017256,-0.023359,0.252209,-0.607553,-0.271388,-0.566147
27,0.152789,-0.054006,0.293077,0.074507,0.209694,-0.974947,-0.604829,-0.767763,-0.211409,-0.79296,0.605164,0.070837,-0.000499,0.039196,-0.040206,0.220289,-0.478754,-0.202832,-0.349766,-0.171646,-0.04031,0.282472,-0.399,-0.525422,0.751481,0.907757,-0.341695,0.24322,0.129469,0.779853,0.612316,-0.082743,0.07158,-0.010243,-0.536604,-0.736412,0.685593,-0.465489,0.040566,0.022504,-0.026864,0.453946,0.567971,0.686543,-0.882228,0.394525,0.256947,-0.12492,-0.722328,0.680174,-0.041395,0.036327,-0.004308,-4.083671,-1.394148,-2.856805,-0.82066,0.075348,0.015675,-0.07107,0.080702,-0.253491,-0.963965,0.550126,0.817802,-0.168999,0.831172,-0.516664,0.205451,-0.000192,0.019836,-0.019762,0.227951,-0.553734,-0.234604,-0.545083
28,0.152445,-0.052499,0.291976,0.059948,0.19032,-0.979913,-0.604186,-0.774467,-0.187434,-0.794665,0.603046,0.069779,-0.015668,0.036144,-0.020836,0.164889,-0.376806,-0.261223,-0.150436,-0.174932,-0.0375,0.282009,-0.413956,-0.558637,0.718719,0.908834,-0.297246,0.292575,0.050699,0.774997,0.62982,-0.082034,0.070769,-0.012075,-4.21695,-2.283211,-2.029362,-0.08917,0.038891,0.023938,-0.027089,0.471886,0.59661,0.649137,-0.880407,0.358083,0.310899,-0.04696,-0.718215,0.694234,-0.04928,0.04095,-0.009242,-0.976487,-1.729867,2.67927,-0.524124,0.075182,0.016412,-0.071618,0.09438,-0.23361,-0.967739,0.545715,0.825159,-0.14597,0.832638,-0.514333,0.205363,0.000295,0.018239,-0.010099,0.159863,-0.549044,-0.483717,-0.432739
29,0.151916,-0.050837,0.291286,0.02783,0.165359,-0.985863,-0.615078,-0.77456,-0.147334,-0.788016,0.610275,0.08138,-0.014951,0.041186,-0.013813,0.140554,-0.184451,-0.348961,0.045184,-0.178409,-0.034536,0.281254,-0.426878,-0.590056,0.685274,0.903826,-0.255858,0.342883,-0.026463,0.766465,0.641634,-0.097087,0.066902,-0.016548,-0.363922,-0.27173,0.769166,0.159708,0.037189,0.025396,-0.027449,0.48122,0.626938,0.612678,-0.875915,0.316289,0.364326,0.034626,-0.711975,0.701349,-0.040762,0.033399,-0.00904,-4.026084,-1.729179,-2.327493,-0.226445,0.074917,0.017243,-0.071963,0.124082,-0.205175,-0.970827,0.550887,0.828,-0.10458,0.825303,-0.52184,0.215768,-0.015435,0.021339,-0.005936,0.121222,-0.127773,-0.769877,-0.279899
30,0.151531,-0.05004,0.291062,0.003958,0.154814,-0.987959,-0.620934,-0.774002,-0.123827,-0.783865,0.613752,0.094295,-0.030724,0.043479,-0.010817,-0.297361,1.483276,-2.717987,0.151473,-0.180044,-0.033225,0.280846,-0.428337,-0.60254,0.673397,0.901713,-0.237758,0.360995,-0.056881,0.762582,0.644279,-0.096825,0.065261,-0.019095,-3.675163,-2.321903,-2.383174,0.2427,0.036341,0.026082,-0.027661,0.486114,0.635526,0.599833,-0.871683,0.303813,0.384533,0.062143,-0.709791,0.701664,-0.041003,0.038012,-0.014518,0.078087,-0.301294,1.22003,-0.074258,0.074719,0.017658,-0.072079,0.145799,-0.191841,-0.970535,0.55318,0.829135,-0.08079,0.820203,-0.525102,0.227009,-0.015318,0.021909,-0.005161,-0.289138,1.499624,-2.67877,-0.165106
31,0.15037,-0.048474,0.290724,-0.034992,0.132041,-0.990649,-0.633245,-0.769757,-0.080285,-0.773124,0.624348,0.111782,-0.030615,0.032624,-0.002367,0.045201,0.482226,-0.860756,0.37409,-0.183328,-0.030815,0.280007,-0.444672,-0.615073,0.65111,0.890591,-0.226847,0.394108,-0.094152,0.755881,0.647799,-0.08012,0.051197,-0.016837,-0.03252,-0.135732,0.837014,0.378004,0.034693,0.027292,-0.028081,0.498401,0.648449,0.57542,-0.860672,0.290387,0.418231,0.104107,-0.703695,0.702832,-0.040059,0.025391,-0.008626,-0.074433,-0.224852,1.073322,0.208398,0.074151,0.018433,-0.07224,0.182334,-0.165293,-0.969243,0.559936,0.82776,-0.03583,0.808223,-0.536182,0.243482,-0.015242,0.022039,-0.005042,0.090511,0.372401,-0.620928,0.136002
32,0.149247,-0.04708,0.290447,-0.067855,0.113272,-0.991267,-0.643007,-0.764611,-0.04341,-0.762774,0.634303,0.125951,-0.014822,0.029833,-0.006127,0.051082,0.420596,-0.858605,0.477718,-0.186232,-0.029017,0.279322,-0.450077,-0.636448,0.626383,0.881809,-0.206612,0.423861,-0.139788,0.743906,0.653396,-0.079292,0.036411,-0.014011,-0.009887,-0.244183,0.662602,0.454747,0.033241,0.028198,-0.028424,0.503642,0.667214,0.548787,-0.850748,0.272575,0.449366,0.150237,-0.6932,0.704912,-0.031876,0.018367,-0.007362,-0.062683,-0.199436,0.482431,0.361238,0.073596,0.019124,-0.072369,0.212309,-0.143474,-0.966612,0.565281,0.824896,0.001721,0.797108,-0.546773,0.256236,-0.00741,0.014891,-0.003077,0.056293,0.42913,-0.853175,0.371794
33,0.148886,-0.046539,0.290359,-0.081213,0.105387,-0.991132,-0.645581,-0.763149,-0.0283,-0.75927,0.637424,0.131247,-0.014882,0.018755,0.002119,0.04458,0.018512,-0.889932,0.492991,-0.187439,-0.028357,0.279023,-0.456807,-0.646338,0.6112,0.874649,-0.201485,0.440826,-0.161207,0.736757,0.656556,-0.048308,0.035173,-0.018333,-0.308084,-0.023021,0.873975,0.485791,0.032625,0.028528,-0.028572,0.508614,0.677131,0.531794,-0.843728,0.268903,0.464557,0.171565,-0.68497,0.708082,-0.031568,0.011693,-0.004847,-0.206381,-0.480543,0.124705,0.41398,0.073404,0.01941,-0.072419,0.226196,-0.13586,-0.96456,0.566045,0.824206,0.016651,0.792734,-0.549751,0.263335,-0.007397,0.014835,-0.003174,0.057327,-0.263035,-1.016968,0.430578
34,0.148388,-0.045583,0.290205,-0.102013,0.099255,-0.989842,-0.66015,-0.751079,-0.007332,-0.744058,0.65257,0.143376,0.000972,0.027689,-0.008915,0.053155,0.259816,-0.453191,0.503345,-0.189457,-0.027544,0.27861,-0.46419,-0.672623,0.576279,0.861511,-0.192102,0.469924,-0.204798,0.715437,0.667885,-0.047067,0.010706,-0.005142,-0.008849,-0.330258,0.474627,0.519243,0.031616,0.02894,-0.028787,0.516618,0.698569,0.495081,-0.828351,0.261471,0.495445,0.216653,-0.666057,0.713742,-0.023536,0.005167,-0.002771,-0.062656,-0.531245,0.514576,0.488114,0.073155,0.019879,-0.072491,0.244907,-0.126011,-0.961322,0.578518,0.814658,0.040597,0.778034,-0.566084,0.272416,-0.007453,0.009137,0.000712,-0.023999,0.29551,-0.493912,0.479565
35,0.148242,-0.044918,0.290148,-0.091345,0.100382,-0.99077,-0.666317,-0.745515,-0.014155,-0.739949,0.658746,0.136219,0.000657,0.015035,-0.00283,0.048539,-0.359639,-0.561045,0.505521,-0.191028,-0.027361,0.278508,-0.441772,-0.703804,0.556317,0.860055,-0.156126,0.485659,-0.254401,0.693886,0.673547,-0.03097,-0.000532,0.001599,-0.895504,-1.104035,-0.680164,0.522854,0.030836,0.029033,-0.028846,0.497896,0.726172,0.474102,-0.826484,0.231705,0.513066,0.262722,-0.647291,0.715534,-0.015485,-0.000374,0.0007,0.017637,-0.222396,0.234507,0.514078,0.073076,0.020224,-0.07252,0.236075,-0.130842,-0.962885,0.586379,0.809331,0.03379,0.774872,-0.572592,0.267786,0.008306,0.007346,-0.001525,0.058885,0.035546,-0.056765,0.492629
36,0.148314,-0.044706,0.290157,-0.0808,0.103812,-0.991332,-0.665535,-0.745964,-0.023925,-0.741889,0.657702,0.130598,0.016487,0.003513,0.005071,-0.002957,0.06285,-0.122089,0.501818,-0.19163,-0.027418,0.278564,-0.437784,-0.711088,0.550172,0.859119,-0.150734,0.489007,-0.26425,0.687624,0.676171,-0.030962,-0.000385,0.001769,0.01857,-0.189813,0.271484,0.522672,0.030523,0.029003,-0.028818,0.489937,0.73607,0.467076,-0.826537,0.221901,0.517296,0.277121,-0.639499,0.717107,-0.015184,-0.005955,0.004742,-0.013442,-0.181619,0.24947,0.517507,0.073106,0.020332,-0.07252,0.225053,-0.132377,-0.965311,0.586448,0.809578,0.025704,0.778092,-0.57189,0.259831,0.00032,0.007464,-0.001491,0.030904,0.113716,-0.163653,0.493445
37,0.148679,-0.044462,0.290234,-0.071035,0.107239,-0.991716,-0.669448,-0.742135,-0.032352,-0.739376,0.661468,0.125743,0.000383,0.002745,0.003767,0.004841,-0.101035,0.171251,0.483505,-0.192592,-0.027569,0.278816,-0.423335,-0.724986,0.5433,0.860767,-0.13506,0.490687,-0.281833,0.676278,0.680501,-0.01477,-0.010092,0.010688,-0.037685,0.025806,-0.048155,0.522516,0.030042,0.028929,-0.028699,0.475634,0.750087,0.459499,-0.828596,0.206686,0.520296,0.295296,-0.62821,0.719827,-0.015087,-0.004698,0.006406,-0.046736,-0.067208,0.081552,0.519793,0.073289,0.020455,-0.072481,0.216335,-0.136873,-0.966676,0.591779,0.805891,0.018329,0.776528,-0.576024,0.255341,0.000171,0.001227,0.001679,-0.000527,0.002955,-0.003002,0.478096
38,0.148952,-0.044435,0.290362,-0.069147,0.10789,-0.991778,-0.669629,-0.741895,-0.034074,-0.739393,0.661631,0.124781,0.000187,-0.009073,0.011025,-0.035522,0.013731,-0.017921,0.480869,-0.193183,-0.027736,0.279192,-0.416921,-0.729107,0.542744,0.864389,-0.13365,0.484669,-0.280316,0.672115,0.685236,-0.014567,-0.007837,0.013715,0.095508,-0.139263,-0.131854,0.521263,0.029746,0.028842,-0.028515,0.469843,0.753972,0.4591,-0.832302,0.205073,0.514992,0.294141,-0.624076,0.723885,0.00045,-0.003868,0.006392,0.193218,-0.139783,-0.327364,0.519466,0.073431,0.020473,-0.07242,0.214392,-0.137797,-0.966978,0.592225,0.805603,0.016504,0.776727,-0.576207,0.254321,0.008074,0.00064,0.000986,0.001818,-0.029311,0.054284,0.465196
39,0.149185,-0.044412,0.290432,-0.068679,0.108078,-0.99179,-0.669688,-0.741821,-0.034517,-0.739384,0.661682,0.12456,0.000213,0.001544,0.002115,0.000704,-0.014635,0.024817,0.475685,-0.193415,-0.027975,0.279723,-0.410387,-0.733071,0.542385,0.867923,-0.131754,0.478838,-0.279047,0.668166,0.689602,0.001064,-0.006068,0.014981,0.036976,-0.085549,-0.052503,0.519918,0.029619,0.028723,-0.028248,0.462842,0.758613,0.458564,-0.836589,0.20279,0.508914,0.293077,-0.619177,0.728508,0.000517,-0.003109,0.007401,0.020442,-0.083756,-0.057133,0.517833,0.073548,0.02048,-0.072383,0.213968,-0.138026,-0.967039,0.592365,0.805508,0.016096,0.776737,-0.576285,0.254115,9.4e-05,0.000698,0.000952,0.0008,-0.014626,0.024786,0.460297
40,0.14927,-0.044392,0.290442,-0.068582,0.108119,-0.991793,-0.669673,-0.74183,-0.034616,-0.739407,0.661665,0.124515,0.00018,0.001308,0.001791,0.000704,-0.014636,0.024817,0.473599,-0.193412,-0.02815,0.280097,-0.408495,-0.734487,0.541898,0.868792,-0.131095,0.47744,-0.279122,0.666739,0.690951,0.001197,-0.004641,0.016887,0.094961,-0.152468,-0.100623,0.519478,0.029621,0.028633,-0.028056,0.461247,0.759808,0.458194,-0.837336,0.201956,0.508017,0.293461,-0.617984,0.729366,0.000599,-0.002196,0.008617,0.118643,-0.168246,-0.107849,0.517344,0.07359,0.020489,-0.072378,0.213877,-0.138077,-0.967052,0.592361,0.805513,0.015996,0.776765,-0.576265,0.254072,7.9e-05,0.000589,0.000802,0.000782,-0.01465,0.024791,0.457358
41,0.149354,-0.044392,0.290444,-0.068542,0.108145,-0.991793,-0.669674,-0.741827,-0.034661,-0.739409,0.661665,0.124503,1e-06,4e-06,5e-06,0.0,-0.0,-0.0,0.471862,-0.193314,-0.028693,0.280995,-0.40269,-0.738653,0.540579,0.871529,-0.12915,0.472962,-0.279035,0.662503,0.69505,0.001773,-0.015915,0.024835,-0.021859,0.048133,-0.226409,0.516951,0.02967,0.028364,-0.027603,0.455121,0.764411,0.45666,-0.840632,0.199757,0.503422,0.2936,-0.613002,0.733502,0.000876,-0.007911,0.012484,-0.06085,0.071696,-0.217291,0.51571,0.073633,0.020491,-0.072376,0.21384,-0.138106,-0.967056,0.592367,0.80551,0.015952,0.77677,-0.576263,0.25406,-6e-06,-3.5e-05,-4.9e-05,5.3e-05,5e-06,-2.4e-05,0.452786
42,0.149411,-0.044424,0.290418,-0.068384,0.108206,-0.991797,-0.669701,-0.741796,-0.034809,-0.739401,0.661689,0.124427,-4.2e-05,-0.000306,-0.000419,0.0,-0.0,-0.0,0.467684,-0.193241,-0.029494,0.282033,-0.398061,-0.741039,0.54074,0.873318,-0.125928,0.470523,-0.280084,0.660455,0.696574,0.002268,-0.028086,0.031592,-0.011255,-0.089697,-0.106693,0.511802,0.029706,0.027976,-0.027094,0.450855,0.766767,0.456942,-0.842502,0.196477,0.501583,0.294819,-0.611116,0.734586,0.000822,-0.008469,0.011726,0.044067,-0.124281,-0.105228,0.511791,0.073661,0.020474,-0.07239,0.213691,-0.138183,-0.967078,0.592414,0.805477,0.015811,0.776775,-0.57629,0.253986,-3.3e-05,-0.000234,-0.000322,4.1e-05,-1.4e-05,4e-06,0.44854
43,0.149482,-0.044425,0.2904,-0.06825,0.108258,-0.9918,-0.669687,-0.741803,-0.034939,-0.739426,0.661673,0.124361,-8e-06,-5.6e-05,-7.6e-05,0.0,-0.0,-0.0,0.463587,-0.19316,-0.03044,0.283187,-0.393799,-0.743567,0.54039,0.874748,-0.122806,0.46869,-0.281647,0.658198,0.698079,0.001743,-0.016209,0.024399,0.010527,-0.085955,-0.077455,0.50546,0.029747,0.027491,-0.026506,0.446523,0.769521,0.456566,-0.844198,0.193196,0.500005,0.296558,-0.608696,0.735894,0.000854,-0.008101,0.012206,-0.007808,-0.075052,-0.073663,0.50526,0.073696,0.020473,-0.072399,0.213565,-0.138249,-0.967096,0.592417,0.805478,0.015679,0.776808,-0.576273,0.253923,-5e-06,-2.6e-05,-3.5e-05,2.5e-05,-4e-06,-2.6e-05,0.442988
44,0.149529,-0.044435,0.290403,-0.068175,0.108291,-0.991802,-0.669709,-0.741779,-0.035011,-0.739412,0.661695,0.124329,-0.0,-1e-06,-1e-06,0.0,-0.0,-0.0,0.461448,-0.193141,-0.030921,0.28379,-0.391679,-0.744837,0.540184,0.875431,-0.121223,0.467824,-0.28248,0.657055,0.698818,-0.01314,-0.027144,0.03392,0.041975,-0.140525,-0.181443,0.501052,0.029762,0.027261,-0.026218,0.44496,0.770433,0.456556,-0.84465,0.191614,0.499851,0.297619,-0.608043,0.736006,0.001157,-0.013551,0.016438,0.136688,-0.229802,-0.191413,0.501178,0.07372,0.020467,-0.072398,0.213494,-0.13829,-0.967106,0.592451,0.805454,0.015612,0.776801,-0.576297,0.25389,-1e-06,7e-06,9e-06,1.6e-05,-6e-06,-5.2e-05,0.440212
45,0.149625,-0.044435,0.290405,-0.068112,0.108326,-0.991803,-0.669712,-0.741773,-0.035078,-0.739416,0.661695,0.124305,0.0,1e-06,1e-06,0.0,-0.0,-0.0,0.458116,-0.193091,-0.031853,0.284999,-0.385704,-0.74886,0.538918,0.877784,-0.118219,0.464171,-0.283407,0.653016,0.702221,0.002444,-0.026119,0.034156,-0.0193,-0.082048,-0.099767,0.490587,0.029782,0.026783,-0.025602,0.438478,0.775044,0.455019,-0.847677,0.188417,0.495926,0.298631,-0.603162,0.739604,0.001208,-0.01299,0.017171,-0.051804,-0.062241,-0.093008,0.489257,0.073768,0.020468,-0.072397,0.213436,-0.13833,-0.967113,0.592463,0.805447,0.015547,0.776808,-0.576298,0.253867,0.007927,-0.000421,-0.000476,0.001004,-0.014718,0.029524,0.434987
46,0.149696,-0.044439,0.2904,-0.067974,0.10838,-0.991806,-0.669718,-0.741762,-0.035211,-0.739423,0.661699,0.124239,0.0,0.0,0.0,0.0,-0.0,-0.0,0.454601,-0.192969,-0.032723,0.286232,-0.37822,-0.754428,0.536452,0.880979,-0.115619,0.45874,-0.28359,0.647044,0.707654,0.002501,-0.02548,0.034968,0.00848,-0.115541,-0.122396,0.484128,0.029842,0.026358,-0.024998,0.431135,0.780648,0.452449,-0.851244,0.185645,0.490835,0.299174,-0.596761,0.74456,0.001247,-0.012547,0.017742,-0.000347,-0.122588,-0.134164,0.478317,0.073803,0.020466,-0.072399,0.213306,-0.138399,-0.967132,0.592488,0.805431,0.015417,0.776825,-0.576303,0.253803,-1e-06,1e-06,-2e-06,2.2e-05,-6e-06,-1.5e-05,0.430088
47,0.14972,-0.04444,0.290399,-0.067928,0.108399,-0.991807,-0.66972,-0.741758,-0.035255,-0.739426,0.6617,0.124217,0.0,0.0,0.0,0.0,-0.0,-0.0,0.453164,-0.192924,-0.033126,0.286883,-0.372776,-0.758679,0.534263,0.883509,-0.114454,0.454144,-0.282936,0.642262,0.712257,0.002628,-0.024074,0.036799,0.191743,-0.346725,-0.246617,0.481315,0.029865,0.026145,-0.024661,0.42637,0.784372,0.450518,-0.853631,0.184166,0.487233,0.299201,-0.592318,0.748088,0.001295,-0.01199,0.018459,0.267447,-0.398765,-0.267082,0.473745,0.073815,0.020465,-0.0724,0.213262,-0.138422,-0.967139,0.592497,0.805426,0.015374,0.776831,-0.576305,0.253782,-0.0,1e-06,-2e-06,2.2e-05,4e-06,-1.5e-05,0.427312
48,0.149732,-0.044441,0.290398,-0.067905,0.108408,-0.991808,-0.66972,-0.741756,-0.035277,-0.739427,0.661701,0.124206,0.0,0.0,0.0,0.0,0.0,0.0,0.450608,-0.19286,-0.033932,0.288289,-0.360387,-0.768628,0.528511,0.889269,-0.112276,0.443316,-0.280956,0.630709,0.723279,0.002838,-0.021719,0.039828,0.333072,-0.515833,-0.36045,0.475453,0.029896,0.025749,-0.023975,0.414771,0.793724,0.444933,-0.85963,0.181489,0.477594,0.298327,-0.580571,0.757586,-0.006665,-0.005354,0.016294,0.397326,-0.575791,-0.426871,0.465417,0.073821,0.020465,-0.0724,0.21324,-0.138434,-0.967142,0.592501,0.805423,0.015352,0.776833,-0.576306,0.253771,0.0,1e-06,-2e-06,2.1e-05,4e-06,-1.8e-05,0.423394
49,0.14972,-0.044449,0.290405,-0.067944,0.108396,-0.991806,-0.669738,-0.741742,-0.035238,-0.739407,0.661719,0.124228,0.0,0.0,0.0,0.0,0.0,0.0,0.449618,-0.19282,-0.034663,0.289878,-0.347599,-0.780317,0.519876,0.895162,-0.111413,0.431517,-0.278366,0.616339,0.736548,0.002483,-0.007909,0.035043,0.331397,-0.481657,-0.30886,0.46452,0.029916,0.025378,-0.023179,0.401422,0.805589,0.435758,-0.866505,0.179916,0.465615,0.296695,-0.564495,0.77027,0.001521,-0.009392,0.021781,0.471795,-0.628575,-0.41042,0.454966,0.073815,0.020461,-0.072397,0.213278,-0.138417,-0.967136,0.592514,0.805412,0.015393,0.776813,-0.576325,0.253791,-0.00793,0.00042,0.00047,-0.000965,0.014709,-0.029574,0.421434
50,0.14972,-0.044449,0.290405,-0.067944,0.108396,-0.991806,-0.669738,-0.741742,-0.035238,-0.739407,0.661719,0.124228,0.0,0.0,0.0,0.0,0.0,0.0,0.449415,-0.192827,-0.034983,0.290774,-0.341502,-0.786165,0.515085,0.897911,-0.111194,0.425825,-0.277069,0.608898,0.743195,0.003282,-0.016689,0.0462,0.108196,-0.260153,-0.148603,0.453829,0.029911,0.025226,-0.022754,0.394361,0.811964,0.43034,-0.870125,0.179312,0.459052,0.295569,-0.555482,0.777224,-0.006147,-0.008412,0.023567,0.164435,-0.41103,-0.094915,0.445985,0.073815,0.020461,-0.072397,0.213278,-0.138417,-0.967136,0.592514,0.805412,0.015393,0.776813,-0.576325,0.253791,-1e-06,0.0,-2e-06,1.9e-05,-1.4e-05,-1.9e-05,0.420291
51,0.14972,-0.04444,0.290399,-0.067928,0.108399,-0.991807,-0.66972,-0.741758,-0.035255,-0.739426,0.6617,0.124217,0.0,0.0,0.0,0.0,0.0,0.0,0.448084,-0.192879,-0.035416,0.292545,-0.326186,-0.80046,0.502849,0.905094,-0.111195,0.410336,-0.272138,0.589969,0.760093,-0.012528,-0.002454,0.042918,0.280567,-0.494743,-0.114684,0.425736,0.029892,0.024999,-0.02185,0.37907,0.825595,0.417968,-0.877982,0.178196,0.444288,0.292321,-0.535385,0.792407,0.001808,-0.006091,0.025914,0.304233,-0.488895,-0.300336,0.413654,0.073815,0.020465,-0.0724,0.213262,-0.138422,-0.967139,0.592496,0.805426,0.015373,0.776831,-0.576305,0.253782,-0.0,1e-06,-2e-06,2e-05,-1e-06,-1.7e-05,0.419148
52,0.149721,-0.044443,0.290412,-0.067924,0.108402,-0.991807,-0.669739,-0.74174,-0.035257,-0.739408,0.66172,0.124218,2.8e-05,0.000204,0.000279,0.0,0.0,0.0,0.444031,-0.192949,-0.035622,0.294549,-0.311684,-0.814523,0.489283,0.911798,-0.111737,0.39506,-0.266728,0.570276,0.776855,-0.011581,-0.009701,0.055759,0.227941,-0.472684,-0.08915,0.411438,0.029856,0.024899,-0.020869,0.364451,0.838914,0.404225,-0.885371,0.177629,0.42961,0.288604,-0.514462,0.807487,0.001957,-0.004313,0.028031,0.406595,-0.685047,-0.143795,0.384915,0.073816,0.020463,-0.072393,0.213259,-0.138426,-0.967139,0.592517,0.80541,0.015375,0.776815,-0.576326,0.253781,1.6e-05,0.000131,0.000179,1.8e-05,-4e-06,-1.3e-05,0.415229
53,0.149709,-0.044435,0.290407,-0.06793,0.108396,-0.991807,-0.66972,-0.741758,-0.035251,-0.739426,0.6617,0.124217,0.0,0.0,0.0,0.0,0.0,0.0,0.44068,-0.193044,-0.035631,0.296524,-0.298983,-0.82683,0.476396,0.917593,-0.112276,0.381249,-0.261369,0.552156,0.791627,0.003531,0.004151,0.049565,0.285157,-0.442234,-0.206358,0.394905,0.029804,0.02489,-0.019861,0.351446,0.850679,0.390935,-0.891836,0.177173,0.416218,0.284805,-0.494928,0.820933,-0.005998,0.001982,0.025209,0.392407,-0.519332,-0.317372,0.3663,0.07381,0.020468,-0.072396,0.213265,-0.138419,-0.967138,0.592495,0.805427,0.015377,0.776831,-0.576304,0.253782,-1e-06,-2e-06,-6e-06,1.3e-05,-1.5e-05,-7e-06,0.409514
54,0.149696,-0.044439,0.2904,-0.067974,0.10838,-0.991806,-0.669718,-0.741762,-0.035211,-0.739423,0.661699,0.124239,-4.5e-05,-0.000332,-0.000454,0.0,0.0,0.0,0.439941,-0.193078,-0.035571,0.297536,-0.293651,-0.832241,0.470249,0.919995,-0.112699,0.375289,-0.258971,0.54387,0.798124,0.003626,0.005316,0.050817,0.269811,-0.511109,-0.013403,0.379334,0.029787,0.02492,-0.019355,0.3458,0.855796,0.384751,-0.894597,0.177003,0.410324,0.283052,-0.486088,0.8268,0.001773,0.00259,0.025333,0.360094,-0.506947,-0.235024,0.352093,0.073803,0.020466,-0.072398,0.213306,-0.138399,-0.967132,0.592487,0.805432,0.015417,0.776826,-0.576302,0.253803,-3e-05,-0.00022,-0.000306,1e-05,-8e-06,-1.4e-05,0.407881
55,0.149661,-0.044432,0.29041,-0.068022,0.10836,-0.991805,-0.669716,-0.741766,-0.035163,-0.739421,0.661698,0.124261,3e-06,2.1e-05,2.9e-05,0.0,0.0,0.0,0.437603,-0.19312,-0.035274,0.299583,-0.28571,-0.840189,0.460917,0.923432,-0.113012,0.366655,-0.255617,0.531432,0.807529,0.003774,0.007215,0.052708,0.072675,-0.193972,-0.040812,0.368927,0.02977,0.025066,-0.018352,0.337137,0.863606,0.374863,-0.898701,0.176586,0.401438,0.280489,-0.47223,0.835657,0.001568,0.009213,0.022319,0.137309,-0.247687,-0.057088,0.326947,0.073786,0.020469,-0.072394,0.213351,-0.138373,-0.967126,0.592478,0.805437,0.015464,0.77682,-0.5763,0.253824,1e-06,1e-05,1.4e-05,8e-06,8e-06,0.0,0.404615
56,0.149661,-0.044432,0.29041,-0.068022,0.10836,-0.991805,-0.669716,-0.741766,-0.035163,-0.739421,0.661698,0.124261,0.0,0.0,0.0,0.0,0.0,0.0,0.439004,-0.193147,-0.034824,0.301504,-0.279703,-0.84518,0.455444,0.92584,-0.112099,0.360815,-0.253553,0.523645,0.813246,0.003796,0.00773,0.052864,-0.013997,-0.006622,-0.154661,0.353599,0.029753,0.025296,-0.017368,0.330931,0.868464,0.369126,-0.901438,0.175247,0.395849,0.279093,-0.463743,0.840861,0.001869,0.003906,0.02649,-0.034743,-0.086775,0.018438,0.308658,0.073786,0.020469,-0.072394,0.213351,-0.138373,-0.967126,0.592478,0.805438,0.015463,0.77682,-0.5763,0.253824,1e-06,-1e-06,-3e-06,2e-06,2e-06,-1.2e-05,0.403799
57,0.149661,-0.044437,0.290403,-0.068043,0.108353,-0.991804,-0.669715,-0.741768,-0.035145,-0.739419,0.661697,0.124272,-8.7e-05,-0.000635,-0.00087,0.0,0.0,0.0,0.439268,-0.193158,-0.034649,0.302486,-0.276036,-0.847474,0.453414,0.927218,-0.110786,0.357668,-0.252541,0.520201,0.815767,0.003659,0.006295,0.050897,0.073787,-0.195049,-0.04079,0.35399,0.029747,0.025387,-0.016872,0.327598,0.870422,0.367483,-0.90284,0.173749,0.393307,0.278493,-0.460625,0.842772,-0.006168,0.008526,0.02166,0.137964,-0.115689,-0.26658,0.302126,0.073786,0.020468,-0.072395,0.213371,-0.138364,-0.967123,0.592474,0.80544,0.015482,0.776818,-0.576299,0.253835,-6.8e-05,-0.000506,-0.000695,1e-06,1.6e-05,-1.9e-05,0.404125
58,0.149672,-0.044435,0.290388,-0.068024,0.108359,-0.991805,-0.669696,-0.741784,-0.035165,-0.739438,0.661678,0.124261,-2e-06,-1.8e-05,-2.5e-05,0.0,0.0,0.0,0.438796,-0.193214,-0.034563,0.30448,-0.268089,-0.848871,0.455564,0.930628,-0.106131,0.350147,-0.248549,0.518891,0.817825,-0.011839,0.004077,0.048901,-0.004229,-0.092823,-0.012813,0.355766,0.029721,0.025434,-0.015855,0.319562,0.872489,0.369652,-0.906947,0.168636,0.386016,0.274458,-0.458611,0.845191,-0.005967,0.001886,0.024272,-0.045332,-0.065287,-0.001805,0.299677,0.073791,0.020468,-0.072405,0.213353,-0.138372,-0.967126,0.592457,0.805453,0.015458,0.776836,-0.576279,0.253825,-0.0,-2e-06,-3e-06,2e-06,-4e-06,-5e-06,0.403962
59,0.149695,-0.044441,0.29038,-0.067998,0.108371,-0.991805,-0.669697,-0.741781,-0.03519,-0.739439,0.661679,0.12425,-0.0,-3e-06,-3e-06,0.0,0.0,0.0,0.437698,-0.193259,-0.034643,0.306437,-0.260584,-0.849646,0.458464,0.934174,-0.102231,0.341762,-0.243187,0.518405,0.819744,0.00391,-0.008172,0.054403,0.14486,-0.208953,-0.34371,0.355054,0.029697,0.025396,-0.014898,0.313528,0.87299,0.373613,-0.910432,0.164552,0.379519,0.269838,-0.459139,0.84639,0.001637,0.001486,0.023109,0.388289,-0.501014,-0.184258,0.297391,0.073803,0.020464,-0.07241,0.213329,-0.138386,-0.967129,0.592462,0.80545,0.015433,0.776839,-0.576279,0.253815,-1e-06,8e-06,1.1e-05,3e-06,-3e-06,-6e-06,0.403799
60,0.149694,-0.044446,0.290373,-0.065081,0.109305,-0.991899,-0.669599,-0.741739,-0.037858,-0.739794,0.661572,0.122698,-0.0,-1e-06,-2e-06,0.0,-0.0,0.0,0.434781,-0.19323,-0.034713,0.308309,-0.256928,-0.851151,0.457735,0.935426,-0.100239,0.338915,-0.242269,0.516318,0.821331,0.003765,-0.009655,0.052375,-0.053041,-0.06679,-0.015773,0.355089,0.029711,0.025362,-0.01396,0.308794,0.875264,0.372233,-0.912473,0.162178,0.375619,0.268398,-0.455642,0.848735,0.001553,0.000601,0.021925,-0.035432,-0.067881,0.001578,0.296574,0.073802,0.020462,-0.072413,0.210536,-0.139631,-0.967562,0.592734,0.805296,0.012761,0.777392,-0.576194,0.252307,1e-06,6e-06,9e-06,-0.000528,0.001319,-0.002175,0.400859
61,0.149682,-0.044446,0.290374,-0.065104,0.109296,-0.991898,-0.669598,-0.741741,-0.037836,-0.739793,0.661571,0.122709,-0.0,-0.0,-0.0,0.0,-0.0,0.0,0.432988,-0.193237,-0.034755,0.309186,-0.252381,-0.852459,0.457831,0.937333,-0.098139,0.334229,-0.239675,0.514559,0.823194,0.003097,0.000433,0.042821,0.096343,-0.209142,-0.08146,0.354887,0.029708,0.025337,-0.013518,0.3048,0.87642,0.372806,-0.914469,0.159915,0.371715,0.266162,-0.454218,0.850201,0.001505,5.4e-05,0.021226,0.167054,-0.279035,-0.107193,0.296411,0.073796,0.020462,-0.072413,0.210576,-0.139611,-0.967556,0.59273,0.805299,0.012801,0.777385,-0.576195,0.252328,-1e-06,3e-06,9e-06,-5.1e-05,0.000194,-0.000273,0.3989
62,0.149671,-0.04444,0.290381,-0.065106,0.109293,-0.991898,-0.669598,-0.741741,-0.037832,-0.739793,0.661571,0.122709,5e-06,4e-05,5.5e-05,0.0,0.0,0.0,0.429382,-0.193303,-0.034862,0.310833,-0.24674,-0.855724,0.454805,0.939022,-0.095359,0.330269,-0.238946,0.509632,0.826464,-0.012275,-0.001462,0.041451,0.114319,-0.132971,-0.306107,0.353537,0.029681,0.025285,-0.012694,0.29944,0.879548,0.369769,-0.916314,0.157096,0.368359,0.2659,-0.449126,0.852984,0.001398,-0.001146,0.01973,0.233734,-0.34053,-0.141555,0.295268,0.073791,0.020465,-0.072409,0.21058,-0.139607,-0.967555,0.592729,0.805299,0.012807,0.777384,-0.576196,0.25233,1e-06,2.5e-05,3.9e-05,1.7e-05,-6e-06,-4e-06,0.393838
63,0.149671,-0.04444,0.290381,-0.065106,0.109293,-0.991898,-0.669598,-0.741741,-0.037832,-0.739793,0.661571,0.122709,0.0,0.0,0.0,0.0,0.0,0.0,0.427723,-0.193396,-0.034915,0.312265,-0.243228,-0.857932,0.452531,0.939936,-0.093498,0.328195,-0.23896,0.506248,0.828537,0.002704,-0.003978,0.037356,-0.055502,-0.033494,0.030793,0.35086,0.02963,0.025258,-0.011962,0.295031,0.882134,0.367145,-0.91775,0.154702,0.365788,0.265876,-0.444866,0.855221,0.001311,-0.002157,0.018485,-0.09039,-0.005732,0.038243,0.292656,0.073791,0.020465,-0.072408,0.210581,-0.139607,-0.967555,0.592729,0.805299,0.012807,0.777384,-0.576196,0.25233,-1e-06,-2e-06,-1e-06,1.1e-05,-1.1e-05,-1.2e-05,0.389756
64,0.149671,-0.04444,0.290381,-0.062309,0.110189,-0.991979,-0.669488,-0.741705,-0.04039,-0.740137,0.661461,0.12122,0.0,0.0,0.0,2e-06,-8e-06,1.4e-05,0.426855,-0.193489,-0.034929,0.312886,-0.239524,-0.860109,0.450368,0.941228,-0.092146,0.324858,-0.23762,0.502786,0.831027,0.001938,0.004829,0.026413,0.104573,-0.176932,-0.068455,0.346639,0.029583,0.025252,-0.01165,0.291708,0.88405,0.365186,-0.919109,0.153355,0.362934,0.264849,-0.441517,0.857273,0.000933,0.002257,0.013028,0.115657,-0.185471,-0.07023,0.290206,0.073791,0.020465,-0.072408,0.207876,-0.140812,-0.967966,0.592974,0.805156,0.010217,0.777925,-0.576103,0.25087,-1e-06,-2e-06,1e-06,-0.001163,0.00282,-0.004696,0.388613
65,0.149683,-0.044441,0.290381,-0.062286,0.110199,-0.991979,-0.669489,-0.741703,-0.040412,-0.740138,0.661462,0.121209,0.0,0.0,0.0,0.0,-0.0,0.0,0.423336,-0.193806,-0.034916,0.313884,-0.235096,-0.862097,0.448898,0.942571,-0.089697,0.321636,-0.236728,0.499811,0.833074,-0.013537,0.001099,0.023111,0.046278,-0.09655,-0.056449,0.324205,0.02943,0.02526,-0.011159,0.287179,0.886128,0.363735,-0.920744,0.150667,0.359901,0.264116,-0.438263,0.859166,0.000747,1.3e-05,0.010442,0.059345,-0.112969,-0.062153,0.272897,0.073797,0.020465,-0.072409,0.2079,-0.140803,-0.967962,0.592978,0.805153,0.01024,0.777916,-0.576109,0.250884,-1e-06,-2e-06,2e-06,2e-06,5.7e-05,-9.1e-05,0.384694
66,0.149683,-0.044441,0.290381,-0.062286,0.110199,-0.991979,-0.669489,-0.741703,-0.040412,-0.740138,0.661462,0.121209,0.0,0.0,0.0,0.0,0.0,0.0,0.422423,-0.19429,-0.034786,0.314457,-0.231514,-0.862777,0.449453,0.94363,-0.087032,0.319251,-0.236042,0.499107,0.83369,-0.014537,0.006924,0.008829,0.035289,-0.040844,-0.030423,0.252491,0.029188,0.025324,-0.010865,0.283541,0.887057,0.364325,-0.922062,0.147817,0.357703,0.26345,-0.437354,0.859834,-0.007312,0.003112,0.004026,0.008137,0.066345,-0.203967,0.214276,0.073797,0.020465,-0.072409,0.2079,-0.140803,-0.967962,0.592978,0.805153,0.01024,0.777916,-0.576109,0.250885,-1e-06,-2e-06,2e-06,1.8e-05,1e-05,-3.3e-05,0.381754
67,0.149683,-0.044449,0.290387,-0.062303,0.110195,-0.991978,-0.669508,-0.741687,-0.040395,-0.740119,0.66148,0.121221,0.0,0.0,0.0,0.0,0.0,0.0,0.421827,-0.194859,-0.034636,0.314618,-0.22809,-0.861281,0.45405,0.94497,-0.083713,0.316161,-0.234015,0.502253,0.832372,-0.015538,0.012797,-0.005355,0.034346,0.003532,-0.0116,0.147084,0.028904,0.025397,-0.010779,0.28036,0.885993,0.369342,-0.923604,0.144193,0.355193,0.261442,-0.440709,0.858733,-0.007502,0.00083,0.001446,-0.001629,0.001553,-0.001397,0.08397,0.073797,0.020461,-0.072406,0.207917,-0.140798,-0.967959,0.592996,0.805139,0.01026,0.777898,-0.576129,0.250894,-2e-06,-1e-06,2e-06,1.6e-05,7e-06,-4.4e-05,0.380285
68,0.149683,-0.044449,0.290387,-0.062303,0.110195,-0.991978,-0.669508,-0.741687,-0.040395,-0.740119,0.66148,0.121221,0.0,0.0,0.0,0.0,0.0,0.0,0.420982,-0.195122,-0.034588,0.314613,-0.227321,-0.861108,0.454764,0.9452,-0.082938,0.31568,-0.233839,0.502679,0.832164,-0.015124,0.000189,0.00121,-0.002044,0.015205,-0.029245,0.130919,0.028772,0.025425,-0.010785,0.279675,0.885898,0.370089,-0.923876,0.143449,0.354789,0.261218,-0.441142,0.858579,-1.8e-05,-0.000165,-0.000176,0.00034,0.000576,0.001639,0.036289,0.073797,0.020461,-0.072406,0.207917,-0.140798,-0.967959,0.592996,0.805139,0.01026,0.777898,-0.576129,0.250894,-2e-06,-1e-06,2e-06,1.6e-05,7e-06,-4.4e-05,0.379958
69,0.149671,-0.044448,0.290388,-0.062326,0.110186,-0.991978,-0.669507,-0.741689,-0.040373,-0.740118,0.66148,0.121232,0.0,0.0,0.0,0.0,0.0,0.0,0.419666,-0.195526,-0.034468,0.31454,-0.226303,-0.860886,0.45569,0.945552,-0.082029,0.31486,-0.233401,0.503208,0.831967,-0.0,-1e-06,-1e-06,-0.012016,0.097831,-0.17273,0.079829,0.028564,0.02548,-0.010826,0.278835,0.885786,0.370989,-0.924264,0.142641,0.354102,0.260741,-0.441628,0.858474,-0.007851,0.005433,-0.003765,0.034743,0.003917,-0.010614,-0.036048,0.073791,0.020461,-0.072405,0.207938,-0.140787,-0.967956,0.592992,0.805142,0.010282,0.777895,-0.576128,0.250905,-2e-06,-1e-06,2e-06,1.8e-05,1.1e-05,-3.7e-05,0.377999
70,0.149672,-0.044443,0.290395,-0.062305,0.110193,-0.991979,-0.669508,-0.741688,-0.040392,-0.740119,0.661481,0.121221,7.4e-05,0.00054,0.00074,0.0,0.0,0.0,0.415532,-0.195788,-0.034506,0.314389,-0.224239,-0.860387,0.457649,0.94613,-0.079871,0.313676,-0.233056,0.504409,0.831336,-0.000356,-0.00384,-0.004333,-0.012011,0.097867,-0.172709,-0.043291,0.028433,0.025465,-0.010897,0.276897,0.885514,0.373083,-0.92497,0.140452,0.353133,0.260304,-0.442873,0.857965,-0.00779,-0.002362,-0.002168,-0.003535,0.029652,-0.053579,-0.147413,0.073791,0.020462,-0.072404,0.207919,-0.140795,-0.967959,0.592995,0.80514,0.010264,0.777898,-0.576129,0.250894,5.7e-05,0.000427,0.00059,1.8e-05,2.1e-05,-3.9e-05,0.374243
71,0.149672,-0.044435,0.290388,-0.062289,0.110196,-0.991979,-0.669489,-0.741704,-0.040408,-0.740138,0.661462,0.121209,1e-06,9e-06,1.3e-05,0.0,0.0,0.0,0.413932,-0.195857,-0.034597,0.314243,-0.222819,-0.860032,0.459008,0.94651,-0.078352,0.312914,-0.232879,0.505253,0.830873,-0.000643,-0.006922,-0.00782,-0.00174,0.014183,-0.025024,-0.112678,0.028399,0.025424,-0.010965,0.275466,0.885308,0.374629,-0.925466,0.138803,0.352484,0.260058,-0.443804,0.857558,-0.000332,-0.00361,-0.004073,-0.001562,0.014414,-0.024445,-0.220567,0.073791,0.020468,-0.072405,0.207903,-0.1408,-0.967962,0.592977,0.805154,0.010244,0.777916,-0.576109,0.250885,-0.0,-2e-06,1e-06,2.1e-05,3e-06,-4e-06,0.371794
72,0.149671,-0.04444,0.290381,-0.062309,0.110189,-0.991979,-0.669488,-0.741705,-0.04039,-0.740137,0.661461,0.12122,-0.0,-3e-06,-3e-06,0.0,0.0,0.0,0.412584,-0.195792,-0.034763,0.313595,-0.243494,-0.849936,0.467237,0.946432,-0.103119,0.305886,-0.211505,0.517752,0.828892,0.014066,-0.011814,-0.014392,0.231249,0.165776,0.391189,-0.317078,0.028426,0.025343,-0.011286,0.295778,0.875245,0.382701,-0.925035,0.162456,0.343391,0.238379,-0.45558,0.857683,-0.000806,-0.000311,-0.010787,0.825892,0.504134,1.382206,-0.391205,0.073791,0.020465,-0.072409,0.207923,-0.140791,-0.967959,0.592973,0.805156,0.010262,0.777914,-0.576107,0.250895,-0.0,1e-06,2e-06,1.4e-05,-3e-06,-1e-05,0.368201
73,0.149682,-0.044446,0.290374,-0.062307,0.110192,-0.991979,-0.669488,-0.741705,-0.040393,-0.740137,0.661461,0.12122,-4e-06,-2.9e-05,-4e-05,0.0,0.0,0.0,0.411056,-0.195463,-0.03474,0.312623,-0.28013,-0.828036,0.485669,0.945515,-0.150855,0.288405,-0.165202,0.541032,0.824534,0.012786,0.008012,-0.033707,0.479704,0.596814,-0.382796,-0.60656,0.02859,0.025345,-0.011768,0.333311,0.853559,0.400425,-0.923177,0.209236,0.322432,0.191432,-0.477133,0.857727,0.006683,-0.001438,-0.012598,1.394971,1.912326,-1.145843,-0.632222,0.073796,0.020462,-0.072413,0.207921,-0.140794,-0.967959,0.592973,0.805156,0.010259,0.777914,-0.576107,0.250895,-2e-06,-1.2e-05,-1.5e-05,1.6e-05,3e-06,-1e-06,0.366732
74,0.149682,-0.044446,0.290374,-0.062307,0.110192,-0.991979,-0.669488,-0.741705,-0.040393,-0.740137,0.661461,0.12122,-0.0,-0.0,-1e-06,0.0,0.0,0.0,0.409726,-0.195187,-0.034676,0.312015,-0.316157,-0.810655,0.492823,0.93953,-0.195832,0.280834,-0.130761,0.552822,0.822893,0.013352,-0.002957,-0.025348,0.12002,0.037835,0.152289,-0.727124,0.028728,0.025378,-0.012078,0.368688,0.835279,0.407893,-0.916374,0.25297,0.310267,0.155974,-0.488174,0.858695,0.013935,0.003226,-0.018255,0.353366,0.030345,0.664825,-0.773795,0.073796,0.020462,-0.072413,0.20792,-0.140794,-0.967959,0.592973,0.805156,0.010259,0.777914,-0.576107,0.250895,1e-06,4e-06,7e-06,1.4e-05,6e-06,-1.5e-05,0.364935
75,0.149671,-0.04444,0.290381,-0.062309,0.110189,-0.991979,-0.669488,-0.741705,-0.04039,-0.740137,0.661461,0.12122,8e-06,5.5e-05,7.6e-05,0.0,0.0,0.0,0.406184,-0.194396,-0.034412,0.310589,-0.373866,-0.776489,0.507228,0.92469,-0.270325,0.267967,-0.070498,0.570183,0.818404,0.027801,0.005682,-0.037576,0.155111,0.035938,0.157574,-1.04881,0.029107,0.025502,-0.012768,0.425611,0.800281,0.422379,-0.899857,0.325068,0.290838,0.09545,-0.503865,0.858491,0.00631,0.002662,-0.01848,1.074156,0.525917,1.393951,-0.973173,0.073791,0.020465,-0.072409,0.207923,-0.140791,-0.967959,0.592973,0.805156,0.010262,0.777914,-0.576107,0.250895,3e-06,3.8e-05,5.5e-05,1.9e-05,1e-06,4e-06,0.361017
76,0.149647,-0.04443,0.290377,-0.062339,0.110174,-0.991979,-0.669467,-0.741725,-0.040362,-0.740153,0.661441,0.121231,0.0,0.0,0.0,0.0,0.0,0.0,0.400188,-0.193431,-0.034059,0.309009,-0.4215,-0.739941,0.524229,0.906588,-0.333082,0.259011,-0.016524,0.585357,0.810522,0.027265,0.016736,-0.046048,1.30372,2.065055,-1.291043,-1.387094,0.0296,0.025677,-0.013576,0.474514,0.763716,0.437689,-0.879215,0.38714,0.277674,0.042617,-0.516583,0.855174,0.013943,0.002767,-0.018953,0.091087,-0.011387,0.405024,-0.926145,0.073779,0.02047,-0.072411,0.20795,-0.140773,-0.967956,0.592947,0.805175,0.010286,0.777927,-0.576085,0.250907,1e-06,-3e-06,-2e-06,1.1e-05,1e-06,-7e-06,0.354158
77,0.149612,-0.044428,0.290379,-0.062408,0.110147,-0.991977,-0.669465,-0.741731,-0.040296,-0.740149,0.661439,0.121264,-2e-05,-0.000145,-0.000198,0.0,0.0,0.0,0.396193,-0.192145,-0.033402,0.307246,-0.472415,-0.694103,0.543173,0.880331,-0.400476,0.254108,0.041732,0.599083,0.799513,0.027384,0.017974,-0.044768,-0.00382,0.160183,0.195754,-1.403955,0.030227,0.025997,-0.014442,0.523151,0.717333,0.460157,-0.852035,0.452047,0.263985,-0.018648,-0.530174,0.847682,0.013728,0.009035,-0.022329,0.302643,0.502684,0.490316,-1.004525,0.073761,0.020471,-0.072409,0.208015,-0.140739,-0.967947,0.592934,0.805183,0.010351,0.777918,-0.576082,0.250939,-1.2e-05,-9.7e-05,-0.000129,1.1e-05,1e-05,-1e-06,0.34632
78,0.149611,-0.044425,0.290365,-0.062412,0.110144,-0.991977,-0.669445,-0.741749,-0.040294,-0.740167,0.66142,0.121264,-8.7e-05,-0.000637,-0.000873,0.0,0.0,0.0,0.394608,-0.191448,-0.033101,0.306382,-0.504785,-0.661246,0.55492,0.859693,-0.442712,0.254692,0.077877,0.606452,0.791211,0.043135,0.006049,-0.038659,3.130819,1.828069,5.050653,-1.404166,0.030585,0.026161,-0.014891,0.550889,0.687855,0.472626,-0.832976,0.488242,0.260326,-0.05169,-0.537097,0.841934,0.021281,0.008395,-0.023676,0.68088,0.788724,1.675726,-1.02265,0.073761,0.020474,-0.072415,0.208019,-0.140735,-0.967946,0.592913,0.805199,0.010349,0.777934,-0.576061,0.25094,-5.9e-05,-0.000428,-0.000586,5e-06,1.6e-05,-1.2e-05,0.344361
79,0.149611,-0.044397,0.290333,-0.062508,0.110105,-0.991976,-0.669363,-0.741827,-0.040214,-0.740232,0.661339,0.121305,-1.2e-05,-9e-05,-0.000124,0.0,0.0,0.0,0.393579,-0.189956,-0.032595,0.304574,-0.565111,-0.586714,0.580007,0.811749,-0.520648,0.264431,0.14753,0.620985,0.769724,0.027208,0.015279,-0.048226,0.574986,1.101214,1.551971,-1.403832,0.031348,0.026418,-0.015807,0.613859,0.610298,0.500711,-0.779249,0.56993,0.260672,-0.126283,-0.550194,0.825432,0.013628,0.007609,-0.024172,0.549232,1.132964,1.581881,-1.006321,0.073761,0.020486,-0.072433,0.20811,-0.140686,-0.967934,0.592814,0.805271,0.010414,0.777985,-0.575972,0.250986,3.2e-05,0.005466,-0.004238,0.035536,-0.013691,0.017933,0.340605
80,0.149621,-0.044364,0.290274,-0.062447,0.110114,-0.991978,-0.669249,-0.741927,-0.04028,-0.740341,0.661225,0.121259,-6.3e-05,-0.000459,-0.000629,0.0,0.0,0.0,0.395732,-0.188289,-0.032158,0.30292,-0.62235,-0.492755,0.608164,0.748278,-0.602314,0.277906,0.230134,0.628645,0.742769,0.058586,0.007484,-0.038574,-0.277545,1.055567,0.657583,-1.402679,0.032158,0.026628,-0.016626,0.669277,0.517836,0.532834,-0.712611,0.650396,0.263,-0.210363,-0.555724,0.804311,0.021391,0.009272,-0.022863,0.923998,0.916743,1.516559,-1.003055,0.073766,0.020504,-0.072461,0.208051,-0.140701,-0.967945,0.5927,0.805357,0.010328,0.778088,-0.575849,0.250949,-4.6e-05,-0.000345,-0.000473,6e-06,-7e-06,2e-06,0.340442
81,0.149625,-0.044319,0.290107,-0.062454,0.110086,-0.991981,-0.668995,-0.742155,-0.040295,-0.74057,0.660974,0.121233,-0.000276,-0.002025,-0.002778,0.0,0.0,0.0,0.39917,-0.186445,-0.03179,0.301485,-0.664644,-0.384886,0.640393,0.670472,-0.685314,0.284156,0.330321,0.618708,0.712707,0.044195,-0.001836,-0.027295,0.429708,1.458398,1.463395,-1.402571,0.033102,0.026815,-0.017358,0.709734,0.411136,0.572052,-0.631708,0.730839,0.258491,-0.311804,-0.54483,0.778419,0.022129,-0.000822,-0.013565,0.499811,1.393958,1.449052,-0.99881,0.073768,0.020528,-0.072542,0.208056,-0.140673,-0.967947,0.592429,0.805557,0.010268,0.778293,-0.575576,0.25094,-0.000164,-0.001222,-0.001675,-0.0007,0.014652,-0.024796,0.342565
