frame,MLTx,MLTy,MLTz,MLTR1,MLTR2,MLTR3,MLTR4,MLTR5,MLTR6,MLTR7,MLTR8,MLTR9,MLTTVx,MLTTVy,MLTTVz,MLTRVx,MLTRVy,MLTRVz,MLGA,MRTx,MRTy,MRTz,MRTR1,MRTR2,MRTR3,MRTR4,MRTR5,MRTR6,MRTR7,MRTR8,MRTR9,MRTTVx,MRTTVy,MRTTVz,MRTRVx,MRTRVy,MRTRVz,MRGA,SLTx,SLTy,SLTz,SLTR1,SLTR2,SLTR3,SLTR4,SLTR5,SLTR6,SLTR7,SLTR8,SLTR9,SLTTVx,SLTTVy,SLTTVz,SLTRVx,SLTRVy,SLTRVz,SLGA,SRTx,SRTy,SRTz,SRTR1,SRTR2,SRTR3,SRTR4,SRTR5,SRTR6,SRTR7,SRTR8,SRTR9,SRTTVx,SRTTVy,SRTTVz,SRTRVx,SRTRVy,SRTRVz,SRGA
316,0.113908,-0.034274,0.275109,-0.630493,-0.066207,-0.773395,-0.665405,-0.466969,0.582364,-0.39893,0.88188,0.251334,0.00166,0.006412,0.009548,0.021644,0.103768,-0.193002,-1.469371,-0.183578,-0.013147,0.23996,-0.605067,0.375945,0.701819,0.231854,-0.759968,0.607147,0.762352,0.529605,0.371756,-0.015654,-0.000581,0.000577,-0.002552,0.015904,-0.028652,0.37076,0.029843,0.050551,-0.041183,0.531224,-0.38513,0.754635,-0.205335,0.805627,0.555699,-0.821972,-0.450154,0.348888,-8e-06,-9.3e-05,-0.000148,0.0077,-0.006861,-0.005032,0.315353,0.058346,0.036757,-0.070052,0.6229,0.013793,-0.782179,0.671152,0.50428,0.543374,0.401932,-0.863429,0.304859,0.008712,0.002239,0.003997,0.277404,1.356096,-2.321412,-1.056509
317,0.113994,-0.034079,0.275402,-0.631157,-0.057722,-0.773533,-0.673518,-0.453921,0.583353,-0.384016,0.889249,0.248587,0.000947,0.003666,0.005444,-0.385087,0.27323,0.147032,-1.471451,-0.183712,-0.01311,0.239915,-0.603234,0.376143,0.70329,0.238021,-0.756594,0.608972,0.761901,0.534271,0.365959,-0.000678,0.012251,-0.006416,0.026721,-0.000257,0.027506,0.369016,0.029771,0.050565,-0.041204,0.529168,-0.385296,0.755994,-0.211958,0.802691,0.557458,-0.821616,-0.455228,0.343093,1.1e-05,0.000153,0.000257,0.016114,-0.008787,-0.007672,0.31372,0.058392,0.036862,-0.069895,0.624209,0.005531,-0.781237,0.678548,0.491778,0.545643,0.387214,-0.870702,0.303219,0.000378,0.00145,0.002166,-1.286982,0.992453,0.413939,-1.054876
318,0.113767,-0.03419,0.275443,-0.622427,-0.050961,-0.781046,-0.685936,-0.445128,0.575608,-0.376231,0.894086,0.243081,-0.000567,-0.002187,-0.003249,-0.024211,-0.123145,0.214736,-1.479781,-0.183569,-0.012979,0.239997,-0.60148,0.381024,0.702164,0.23767,-0.753667,0.612726,0.763394,0.53494,0.361846,0.0158,0.002725,0.002945,-0.023241,0.019546,0.058764,0.366446,0.029836,0.050632,-0.041169,0.527102,-0.390073,0.754987,-0.212041,0.799956,0.561345,-0.822922,-0.455974,0.338947,0.007918,0.001638,0.001921,-0.000488,-0.014363,0.066571,0.308821,0.058279,0.036812,-0.069867,0.615514,-0.002195,-0.788122,0.691101,0.482186,0.5384,0.37884,-0.876065,0.298309,-0.008602,-0.006288,0.002358,-0.120109,-0.422256,0.739931,-1.048998
319,0.113339,-0.034322,0.275307,-0.617469,-0.044042,-0.78539,-0.695332,-0.436314,0.571066,-0.367066,0.898777,0.239769,-0.001006,-0.00386,-0.005746,-0.00038,0.01561,-0.024224,-1.485783,-0.183043,-0.012801,0.240217,-0.607945,0.372107,0.701378,0.245616,-0.751781,0.611908,0.755719,0.543801,0.364735,0.015951,0.005148,0.006891,-3.854229,-3.439684,-1.985078,0.375738,0.030099,0.050719,-0.041062,0.532037,-0.384663,0.7543,-0.215289,0.800116,0.559878,-0.818893,-0.460269,0.342878,0.007971,0.002533,0.003373,0.003973,-0.044494,0.042929,0.311271,0.058064,0.036742,-0.069941,0.610373,-0.009409,-0.792057,0.700572,0.473045,0.534253,0.369652,-0.880987,0.295325,-0.000528,-0.002021,-0.00301,0.000443,0.01738,-0.027347,-1.051774
320,0.113175,-0.034383,0.275184,-0.615923,-0.036945,-0.786968,-0.70192,-0.427886,0.56938,-0.357008,0.90313,0.238597,-0.017004,-0.002764,-0.005483,-0.004534,0.032618,-0.052815,-1.487096,-0.182695,-0.012732,0.240375,-0.609487,0.370098,0.701102,0.245157,-0.752893,0.610723,0.754626,0.543636,0.367236,0.015958,0.005417,0.007309,0.082605,-0.14079,-0.039765,0.383234,0.030267,0.050753,-0.040984,0.536071,-0.379856,0.753881,-0.219226,0.799759,0.55886,-0.815209,-0.464859,0.345453,0.01578,0.002811,0.003033,0.139223,-0.204536,-0.090448,0.319925,0.057989,0.036714,-0.069998,0.608769,-0.016603,-0.793173,0.707176,0.464507,0.533042,0.359584,-0.885413,0.294519,-0.00055,-0.002101,-0.003134,-0.034449,0.026438,0.009516,-1.052263
321,0.11293,-0.034512,0.274939,-0.614545,-0.032559,-0.788238,-0.707929,-0.418197,0.569139,-0.347411,0.90782,0.234938,-0.000912,-0.003477,-0.005196,-0.001056,0.000503,0.000166,-1.508401,-0.182046,-0.012544,0.240717,-0.612905,0.366191,0.700174,0.243927,-0.755033,0.60857,0.752255,0.543319,0.37253,0.015936,0.005457,0.007328,0.024269,-0.045424,0.003552,0.391403,0.030604,0.050854,-0.040803,0.540118,-0.375679,0.753084,-0.217698,0.802012,0.556222,-0.812945,-0.464371,0.351397,0.007968,0.002783,0.003741,-0.008076,-0.017182,0.028778,0.334785,0.057859,0.036645,-0.070129,0.607398,-0.021015,-0.794118,0.713167,0.454783,0.533446,0.349941,-0.890354,0.291221,-0.000489,-0.001857,-0.002776,-0.005429,0.013909,0.003072,-1.060265
322,0.112904,-0.034572,0.274736,-0.608139,-0.028817,-0.793336,-0.717343,-0.408128,0.564644,-0.339304,0.912513,0.228519,-0.00059,-0.002249,-0.003365,-0.001179,-0.00212,-0.001347,-1.524172,-0.18154,-0.012387,0.241021,-0.614794,0.364387,0.699458,0.243159,-0.755968,0.607717,0.750962,0.543236,0.375252,0.01662,-0.006961,0.013436,-0.030733,-0.022186,0.033349,0.401534,0.030851,0.050935,-0.040655,0.542083,-0.374216,0.752401,-0.216906,0.802717,0.555515,-0.811848,-0.464336,0.353969,0.00013,0.002143,0.003475,-0.010612,-0.007508,0.031813,0.346052,0.057845,0.036611,-0.070234,0.600955,-0.025003,-0.79889,0.72253,0.44437,0.529607,0.341762,-0.895494,0.285112,0.007863,0.003394,-0.006662,0.046935,-0.018953,0.047977,-1.062877
323,0.112941,-0.034551,0.274586,-0.606475,-0.028148,-0.794632,-0.72071,-0.402699,0.564254,-0.335132,0.914941,0.224935,-0.000707,-0.002692,-0.004032,-0.016119,0.08352,-0.182564,-1.523797,-0.181483,-0.012389,0.241192,-0.616705,0.365216,0.69734,0.241657,-0.755128,0.609359,0.749881,0.543845,0.376528,0.000984,-0.007942,0.01342,-0.034637,-0.004463,0.006246,0.403626,0.030885,0.050932,-0.040564,0.544001,-0.375445,0.750402,-0.215611,0.801734,0.557434,-0.810909,-0.46504,0.355194,0.000485,-0.004022,0.006621,-0.036504,-0.001291,0.006783,0.351767,0.057864,0.036623,-0.070309,0.599314,-0.025615,-0.800103,0.725872,0.438823,0.529663,0.337537,-0.898208,0.281586,-0.000353,-0.001347,-0.002026,0.006992,0.109273,-0.168695,-1.062877
324,0.113012,-0.034539,0.274295,-0.602591,-0.030513,-0.797495,-0.725296,-0.395996,0.563121,-0.332244,0.91779,0.217491,-0.000712,-0.002712,-0.00407,-0.007197,-0.012919,-0.008222,-1.52387,-0.181538,-0.012405,0.241687,-0.622498,0.36763,0.690895,0.237089,-0.752607,0.614252,0.74655,0.545705,0.380437,0.000441,0.00707,0.011449,0.003505,-0.035681,0.045125,0.395144,0.030863,0.050919,-0.040336,0.549929,-0.378659,0.744443,-0.211518,0.799125,0.562723,-0.807984,-0.466921,0.359369,0.000188,0.003134,0.005076,-0.010438,0.108302,-0.136579,0.350297,0.0579,0.03663,-0.070453,0.595403,-0.02339,-0.803085,0.730428,0.43207,0.528951,0.334617,-0.901536,0.274341,-0.000407,-0.001563,-0.002352,0.016574,0.029966,-0.018213,-1.062061
325,0.112885,-0.034538,0.2741,-0.596594,-0.027025,-0.802116,-0.734063,-0.385677,0.558907,-0.323726,0.922279,0.211257,2e-06,0.008984,-0.011431,0.031903,-0.028705,0.035066,-1.520761,-0.18167,-0.012167,0.242184,-0.626889,0.369399,0.685964,0.233345,-0.750889,0.617778,0.744055,0.546873,0.383634,-0.015125,0.00681,0.012551,-0.000294,-0.002632,-0.00668,0.394607,0.030797,0.051035,-0.040081,0.554428,-0.381011,0.739891,-0.208152,0.797302,0.566551,-0.80578,-0.468122,0.362739,0.000236,0.00391,0.006306,0.00178,-0.016333,0.020891,0.346052,0.057842,0.036626,-0.070546,0.589327,-0.027381,-0.807429,0.739184,0.421604,0.52522,0.326035,-0.906366,0.268702,-0.000273,-0.001041,-0.001568,-0.020581,-0.122217,0.237493,-1.060102
326,0.112829,-0.034524,0.274004,-0.597073,-0.029664,-0.801667,-0.733457,-0.384608,0.560437,-0.324216,0.922647,0.208884,-0.000567,-0.002154,-0.003238,-0.006011,-0.010769,-0.00686,-1.519923,-0.181767,-0.012036,0.242407,-0.62875,0.37014,0.683858,0.231696,-0.750196,0.619238,0.743001,0.54732,0.385036,-0.015153,0.006224,0.011579,-0.000295,-0.002632,-0.00668,0.392626,0.030749,0.051106,-0.039962,0.556365,-0.382015,0.737916,-0.206629,0.796553,0.568161,-0.804836,-0.46858,0.364239,0.000202,0.003363,0.005414,0.001605,-0.015347,0.019571,0.344908,0.057808,0.036637,-0.070598,0.589851,-0.024564,-0.807137,0.738552,0.420578,0.526929,0.32652,-0.906923,0.26622,-1e-05,0.004439,-0.005795,0.047885,0.009738,-0.002141,-1.057162
327,0.112645,-0.034375,0.273913,-0.595252,-0.029227,-0.803036,-0.736733,-0.379179,0.559839,-0.320122,0.924906,0.205179,-0.015055,0.013721,-0.005711,0.032052,-0.005594,-0.015471,-1.5211,-0.181916,-0.011932,0.242727,-0.628331,0.369911,0.684367,0.232232,-0.750288,0.618927,0.743187,0.54735,0.384634,0.000178,0.002819,0.004523,0.001748,-0.017833,0.022569,0.382998,0.030669,0.051164,-0.039791,0.555898,-0.381708,0.738427,-0.207162,0.796687,0.567778,-0.805022,-0.468601,0.363802,5.4e-05,0.000937,0.001506,0.000103,0.000129,-7e-06,0.337234,0.05772,0.036703,-0.070647,0.588003,-0.025167,-0.808466,0.741837,0.415148,0.52662,0.32238,-0.909405,0.262778,-0.007786,0.001401,0.001408,0.011287,0.027352,-0.022388,-1.055693
328,0.112356,-0.034236,0.27402,-0.595285,-0.025822,-0.803128,-0.738996,-0.374901,0.559738,-0.314812,0.926745,0.205095,-0.015196,0.004199,0.004901,-0.000618,-0.00094,-0.005359,-1.505517,-0.181874,-0.012108,0.242754,-0.627535,0.369622,0.685253,0.233197,-0.750368,0.618467,0.743557,0.547436,0.383796,-0.00017,-0.0027,-0.004335,-0.001748,0.017824,-0.022576,0.380918,0.03069,0.05108,-0.039771,0.555089,-0.381324,0.739233,-0.208075,0.796812,0.567269,-0.805344,-0.468701,0.362958,-0.0001,-0.001564,-0.002511,-0.001678,0.017887,-0.022564,0.331355,0.057576,0.036776,-0.070597,0.588018,-0.028758,-0.808336,0.744102,0.411013,0.526669,0.317091,-0.911175,0.263082,0.00022,0.000836,0.001259,0.000516,0.000206,0.000177,-1.052753
329,0.112238,-0.034181,0.27411,-0.594282,-0.026087,-0.803862,-0.739627,-0.374915,0.558895,-0.315227,0.926733,0.204515,0.000178,0.000673,0.00101,-0.0,-0.0,-0.0,-1.460632,-0.18174,-0.012238,0.24257,-0.625553,0.36885,0.687477,0.234969,-0.751071,0.616941,0.744666,0.546994,0.382273,-0.000198,-0.003165,-0.005091,0.010326,-0.105177,0.133234,0.355136,0.030756,0.05101,-0.039872,0.553046,-0.38029,0.741295,-0.209693,0.797572,0.565602,-0.80633,-0.468249,0.361349,-0.000102,-0.001643,-0.002644,0.010408,-0.105476,0.133698,0.314373,0.057513,0.03681,-0.070544,0.587011,-0.028538,-0.809075,0.744719,0.410978,0.525822,0.317507,-0.911197,0.262501,9.9e-05,0.000376,0.000568,0.000154,-8.1e-05,-5.2e-05,-1.043609
330,0.112202,-0.034176,0.274114,-0.59375,-0.026222,-0.80425,-0.739957,-0.374936,0.558444,-0.315454,0.92672,0.204221,-0.000203,-0.000767,-0.001151,0.00252,-0.108029,0.166982,-1.455387,-0.181688,-0.012243,0.242459,-0.62552,0.36886,0.687501,0.234882,-0.751147,0.616881,0.744722,0.546882,0.382326,-0.000156,-0.002496,-0.004018,0.0,-0.0,-0.0,0.342083,0.030783,0.051006,-0.03993,0.553013,-0.380298,0.741316,-0.209595,0.797638,0.565546,-0.806378,-0.46813,0.361396,-0.000451,0.004543,-0.005759,0.034702,0.004386,-0.006227,0.296085,0.057496,0.036815,-0.070538,0.586595,-0.028449,-0.80938,0.744971,0.410973,0.525469,0.317685,-0.911202,0.262269,-0.000134,-0.000502,-0.000751,-0.00024,0.01558,-0.024235,-1.042629
331,0.1121,-0.034206,0.274099,-0.592956,-0.026425,-0.804829,-0.740466,-0.374918,0.557781,-0.315754,0.926722,0.20375,-8.9e-05,-0.000333,-0.000501,-0.0,-0.0,-0.0,-1.406731,-0.181571,-0.012205,0.242251,-0.627235,0.369639,0.685518,0.233038,-0.750669,0.618162,0.74386,0.547013,0.383814,-0.000139,-0.00223,-0.003595,-0.00175,0.017823,-0.022555,0.339844,0.030841,0.051024,-0.040034,0.554821,-0.381334,0.739431,-0.207834,0.797066,0.567001,-0.805592,-0.468263,0.362975,-4.3e-05,-0.000747,-0.001202,-0.000425,0.003443,-0.004437,0.277796,0.057444,0.036796,-0.070551,0.585676,-0.02826,-0.810051,0.745545,0.410913,0.524702,0.318032,-0.911236,0.261731,-5.7e-05,-0.000211,-0.000317,7.9e-05,-7.7e-05,-4e-06,-1.040996
332,0.112014,-0.034202,0.274079,-0.592068,-0.02666,-0.805475,-0.741005,-0.374978,0.557025,-0.316155,0.926692,0.203265,-7e-06,-2.5e-05,-3.8e-05,-0.0,-0.0,-0.0,-1.306771,-0.181607,-0.012238,0.242221,-0.627018,0.369541,0.685769,0.233249,-0.750746,0.617989,0.743976,0.546973,0.383645,3.8e-05,0.000606,0.000977,0.0,-0.0,0.0,0.325543,0.030823,0.051002,-0.040058,0.55455,-0.381182,0.739712,-0.208062,0.79717,0.566771,-0.805719,-0.468209,0.362761,0.000394,-0.005536,0.004161,-0.03642,0.013509,-0.016378,0.269142,0.0574,0.036798,-0.070562,0.584783,-0.028067,-0.810703,0.746075,0.410923,0.523939,0.318432,-0.911237,0.261241,-0.007898,0.000971,0.000752,-0.000919,0.014683,-0.029576,-1.01291
333,0.111967,-0.034196,0.274083,-0.591793,-0.026737,-0.805675,-0.741174,-0.374988,0.556793,-0.316275,0.926685,0.203106,-0.015796,0.001936,0.00149,-0.000984,0.014715,-0.029553,-1.302246,-0.181636,-0.012311,0.242304,-0.62693,0.369495,0.685875,0.233527,-0.750641,0.618011,0.743963,0.547148,0.383421,0.000795,-0.01091,0.008584,-0.036416,0.013421,-0.016284,0.313686,0.030808,0.050971,-0.040018,0.55447,-0.381129,0.739799,-0.20832,0.797097,0.566779,-0.805708,-0.468377,0.362569,5e-05,0.000793,0.001281,7e-06,1.5e-05,-1.3e-05,0.255915,0.057377,0.036801,-0.070559,0.584505,-0.028003,-0.810905,0.746242,0.410919,0.523705,0.318551,-0.911241,0.261081,-0.007895,0.000979,0.000762,-0.000924,0.014695,-0.029572,-1.012421
334,0.111876,-0.034161,0.274108,-0.591058,-0.026937,-0.806208,-0.741616,-0.37504,0.556169,-0.316613,0.926659,0.202701,0.000189,0.000709,0.001066,-0.0,-0.0,-0.0,-1.294166,-0.18159,-0.012392,0.24266,-0.628108,0.36722,0.686019,0.233889,-0.751639,0.616659,0.742855,0.547311,0.38533,0.015916,0.005898,0.007914,0.096579,-0.159464,-0.055195,0.309313,0.030825,0.05092,-0.039845,0.555595,-0.379235,0.739928,-0.208503,0.797938,0.565527,-0.804885,-0.468482,0.364258,0.000535,-0.003173,0.00796,0.107208,-0.183102,-0.146041,0.23877,0.057331,0.036817,-0.070549,0.583766,-0.027837,-0.811444,0.746678,0.41093,0.523075,0.318887,-0.911241,0.260672,0.000443,0.006138,-0.003238,0.034997,-0.016928,0.016242,-1.020095
335,0.111864,-0.03416,0.274109,-0.590128,-0.02716,-0.806881,-0.74219,-0.37508,0.555375,-0.317001,0.926636,0.202196,0.0,0.0,0.0,0.002505,-0.108027,0.166983,-1.284888,-0.18135,-0.012185,0.243089,-0.631209,0.363023,0.685406,0.233084,-0.753945,0.614145,0.740478,0.546947,0.39039,0.015991,0.007441,0.010347,0.114112,-0.182804,-0.074955,0.312491,0.030946,0.051027,-0.039627,0.559041,-0.375346,0.739315,-0.207382,0.800027,0.562983,-0.802785,-0.468051,0.369408,0.000221,0.003701,0.005926,0.168763,-0.227806,-0.156204,0.238933,0.057326,0.036819,-0.070546,0.58295,-0.027681,-0.812035,0.747172,0.410919,0.522378,0.319221,-0.911251,0.260228,-2e-06,-5e-06,-9e-06,3.3e-05,-1.4e-05,-1.6e-05,-1.023688
336,0.11177,-0.034173,0.274157,-0.589713,-0.027265,-0.807181,-0.742479,-0.374998,0.555044,-0.317098,0.926666,0.201907,-0.015626,0.002573,0.002439,-0.000984,0.014715,-0.029553,-1.274715,-0.181149,-0.011918,0.243476,-0.631896,0.363373,0.684587,0.232427,-0.75366,0.614742,0.740099,0.547106,0.390886,0.000345,0.005755,0.009186,0.00178,-0.017841,0.02256,0.305043,0.031052,0.051167,-0.039422,0.559991,-0.37543,0.738553,-0.206855,0.799847,0.56343,-0.802259,-0.46829,0.370248,0.000166,0.002848,0.004543,9e-06,-0.015827,0.024297,0.232891,0.057278,0.036812,-0.070524,0.582412,-0.027573,-0.812425,0.74753,0.410814,0.521947,0.319364,-0.911301,0.259875,-0.007803,0.001324,0.001275,-0.000953,0.014718,-0.029577,-1.026627
337,0.111688,-0.034157,0.274172,-0.589479,-0.02734,-0.807349,-0.74262,-0.375006,0.554851,-0.317203,0.926661,0.201764,7.3e-05,0.000272,0.000409,-0.0,-0.0,-0.0,-1.234072,-0.181063,-0.011814,0.243595,-0.631783,0.363362,0.684696,0.232459,-0.753721,0.614655,0.740185,0.547029,0.39083,0.000229,0.003839,0.006119,-0.010369,0.105101,-0.13329,0.303173,0.031089,0.051219,-0.039362,0.559932,-0.375457,0.738585,-0.206829,0.799869,0.56341,-0.802307,-0.468232,0.370217,0.000109,0.00189,0.00301,0.001737,-0.017345,0.02298,0.229299,0.057238,0.03682,-0.070515,0.582177,-0.027509,-0.812595,0.747668,0.410809,0.521753,0.319469,-0.911305,0.259731,-0.007853,0.001141,0.000999,-0.000964,0.014697,-0.029553,-1.024994
338,0.111454,-0.034119,0.274209,-0.589012,-0.027506,-0.807684,-0.742897,-0.375017,0.554472,-0.317421,0.926652,0.201465,0.000264,0.000985,0.001478,0.000361,-0.01565,0.024198,-1.159437,-0.180885,-0.011743,0.24369,-0.631512,0.36333,0.684964,0.232635,-0.7538,0.614492,0.740361,0.546942,0.39062,5.1e-05,0.000861,0.001372,0.0,-0.0,-0.0,0.307453,0.031184,0.051258,-0.03931,0.559573,-0.375368,0.738901,-0.207027,0.79998,0.563179,-0.802506,-0.468113,0.369936,0.007793,0.000619,0.000191,0.002235,-0.015051,0.02935,0.227829,0.05712,0.036838,-0.070499,0.581725,-0.027368,-0.812924,0.747931,0.410796,0.521386,0.319677,-0.911316,0.25944,-0.007896,0.000977,0.000752,-0.00096,0.014713,-0.029554,-1.009971
339,0.111214,-0.03414,0.274267,-0.588421,-0.027678,-0.808109,-0.743306,-0.37489,0.554009,-0.317561,0.926698,0.201031,-6.9e-05,-0.000256,-0.000385,0.0,0.0,0.0,-1.138771,-0.180641,-0.011741,0.243649,-0.628327,0.369518,0.684582,0.228054,-0.753713,0.616314,0.744485,0.542897,0.388418,-2.7e-05,-0.000462,-0.000736,-0.004998,0.006773,0.005736,0.310166,0.031306,0.051258,-0.039333,0.555821,-0.381504,0.73859,-0.202627,0.799502,0.565453,-0.806228,-0.46395,0.367077,0.00775,-0.000125,-0.000999,0.01574,-0.023483,0.021488,0.232238,0.057001,0.03683,-0.070466,0.581112,-0.027222,-0.813367,0.748347,0.410638,0.520915,0.319819,-0.911391,0.258998,-0.007945,0.000797,0.000482,-0.000958,0.014715,-0.029543,-1.01389
340,0.111139,-0.034167,0.274278,-0.587901,-0.027805,-0.808483,-0.74365,-0.374839,0.553583,-0.317718,0.926716,0.200702,-8.4e-05,-0.000311,-0.000467,0.002482,-0.107967,0.167023,-1.133254,-0.180491,-0.011755,0.243611,-0.628352,0.369592,0.684519,0.227986,-0.753678,0.616381,0.744484,0.542894,0.388423,-6.6e-05,-0.001142,-0.001819,-7.3e-05,9.9e-05,8.4e-05,0.311908,0.031381,0.051251,-0.039352,0.555922,-0.381435,0.73855,-0.202498,0.799585,0.565382,-0.806191,-0.463863,0.367267,-3.7e-05,-0.000658,-0.001055,0.003066,-0.002681,-0.002371,0.233708,0.056963,0.036816,-0.070461,0.580709,-0.027142,-0.813657,0.748615,0.410559,0.520592,0.319925,-0.911429,0.258734,-5.4e-05,-0.000199,-0.000298,2.7e-05,4e-06,-2e-06,-1.016829
341,0.111044,-0.034155,0.274287,-0.587229,-0.027986,-0.808965,-0.744058,-0.374865,0.553016,-0.318005,0.9267,0.200319,9.8e-05,0.000363,0.000546,0.0,0.0,0.0,-1.125428,-0.180166,-0.011754,0.243558,-0.626389,0.373541,0.684175,0.223201,-0.75488,0.616661,0.747584,0.538502,0.388584,0.015528,0.000187,-0.001307,0.002045,-0.015205,0.029245,0.320243,0.031538,0.051248,-0.039383,0.553666,-0.385199,0.738292,-0.197652,0.80046,0.565859,-0.808941,-0.459222,0.367052,-9e-06,-0.000174,-0.000283,0.000301,-0.000684,-0.000267,0.23877,0.056915,0.036821,-0.070459,0.579912,-0.02697,-0.814231,0.74909,0.410545,0.519919,0.320257,-0.91144,0.258284,6.8e-05,0.000249,0.000379,2.1e-05,4e-06,-2e-06,-1.022055
342,0.111061,-0.034133,0.274301,-0.586667,-0.02812,-0.809368,-0.744394,-0.374914,0.552531,-0.318257,0.926676,0.200029,1.6e-05,5.8e-05,8.7e-05,0.0,0.0,0.0,-1.129226,-0.179921,-0.011756,0.243529,-0.62228,0.376513,0.686292,0.220346,-0.7569,0.615211,0.75185,0.533575,0.387148,-1e-06,-1.4e-05,-2.3e-05,-0.0,0.0,0.0,0.329052,0.031666,0.051247,-0.039398,0.549228,-0.387743,0.740272,-0.194546,0.802174,0.564506,-0.812711,-0.45406,0.365143,0.007773,0.000254,-0.000406,0.001866,-0.015634,0.029376,0.252976,0.056924,0.036833,-0.070449,0.579348,-0.026864,-0.814637,0.74942,0.410562,0.519429,0.320506,-0.911436,0.257991,7e-06,2.2e-05,3.3e-05,1.2e-05,-4e-06,-7e-06,-1.026137
343,0.111059,-0.034171,0.274338,-0.586597,-0.028116,-0.809419,-0.744483,-0.374797,0.55249,-0.318178,0.926724,0.199935,0.0,1e-06,2e-06,0.0,0.0,0.0,-1.128042,-0.179838,-0.011734,0.243575,-0.622447,0.376617,0.686085,0.220201,-0.756804,0.615381,0.751755,0.533638,0.387246,6.4e-05,0.001151,0.001835,0.001771,-0.01781,0.022585,0.29628,0.031707,0.051257,-0.039377,0.549404,-0.387865,0.740078,-0.194427,0.802074,0.56469,-0.812621,-0.454134,0.365251,3.2e-05,0.000572,0.000908,0.001617,-0.017932,0.022494,0.238117,0.056923,0.036814,-0.070431,0.579277,-0.026871,-0.814687,0.749509,0.410443,0.519395,0.320427,-0.911489,0.2579,-0.000325,-0.005671,0.003941,-0.034938,0.01693,-0.016231,-1.026954
344,0.111051,-0.034172,0.274373,-0.586353,-0.028168,-0.809594,-0.74465,-0.374759,0.552291,-0.318236,0.926737,0.199778,0.000326,0.001212,0.001819,0.00036,-0.015641,0.024204,-1.123734,-0.179837,-0.011739,0.243587,-0.620114,0.380258,0.686188,0.215813,-0.758119,0.615318,0.754948,0.52917,0.387163,8e-06,0.00015,0.000239,0.341301,0.306051,0.19257,0.274397,0.031708,0.051257,-0.039367,0.547002,-0.391002,0.740206,-0.190361,0.802956,0.564822,-0.8152,-0.449865,0.364787,9e-06,6.9e-05,0.000116,1.141162,1.03966,0.653012,0.217379,0.056918,0.036811,-0.070418,0.579049,-0.026834,-0.81485,0.749664,0.410392,0.519212,0.320476,-0.911513,0.257754,4e-05,0.00015,0.000222,3e-06,-7e-06,-1.2e-05,-1.027444
345,0.111053,-0.034064,0.274385,-0.585892,-0.028312,-0.809923,-0.744858,-0.374971,0.551866,-0.3186,0.926647,0.199617,0.000871,0.012164,-0.006651,0.034936,-0.016962,0.016232,-1.108466,-0.179791,-0.011738,0.243565,-0.616464,0.386135,0.686194,0.211567,-0.758088,0.616827,0.759127,0.524935,0.384749,-2e-06,-3.1e-05,-5e-05,-0.210082,0.284428,0.241015,0.208885,0.031731,0.051257,-0.039379,0.543349,-0.395742,0.740377,-0.185712,0.803409,0.565724,-0.818707,-0.444883,0.363037,-4e-06,-1.6e-05,-2.6e-05,-0.333586,0.391765,0.336718,0.154022,0.05692,0.036862,-0.070406,0.57858,-0.026714,-0.815187,0.74988,0.410552,0.518774,0.320818,-0.911445,0.25757,0.000139,0.000515,0.000774,1.8e-05,5e-06,1.4e-05,-1.027117
346,0.111058,-0.033991,0.274344,-0.585769,-0.028374,-0.810009,-0.744858,-0.375169,0.551731,-0.318823,0.926565,0.19964,-0.000259,-0.000964,-0.001446,-0.000358,0.015651,-0.024198,-1.053192,-0.179918,-0.01176,0.243582,-0.604875,0.411856,0.681537,0.181333,-0.762017,0.621596,0.776089,0.499049,0.385355,-3.8e-05,-0.000674,-0.001074,-0.109664,0.148597,0.125884,0.097135,0.031667,0.051247,-0.039368,0.52961,-0.421481,0.736115,-0.155633,0.804799,0.57278,-0.83384,-0.417914,0.360633,-2.9e-05,-0.000457,-0.00073,-0.175165,0.216933,0.180025,0.027308,0.056923,0.036907,-0.070423,0.578427,-0.026648,-0.815298,0.749888,0.410764,0.518594,0.321075,-0.911351,0.25758,-6e-06,-2.6e-05,-4.2e-05,9e-06,-5e-06,9e-06,-1.022055
347,0.11103,-0.034023,0.27435,-0.585406,-0.028453,-0.810269,-0.745106,-0.375112,0.551434,-0.318909,0.926586,0.199406,-0.000146,-0.000544,-0.000816,0.00247,-0.107996,0.167004,-1.030447,-0.179932,-0.011747,0.243545,-0.604475,0.416457,0.679091,0.174905,-0.762163,0.623258,0.777876,0.49499,0.386984,-0.000813,0.010928,-0.008533,0.0349,-0.011061,0.018231,0.065005,0.031661,0.05125,-0.039383,0.528604,-0.426687,0.733836,-0.149357,0.80425,0.575216,-0.835625,-0.413665,0.361402,-3.8e-05,-0.000668,-0.001066,0.022334,-0.113908,0.122534,-0.038824,0.056909,0.036889,-0.070423,0.578199,-0.026612,-0.815461,0.750051,0.410689,0.518417,0.321104,-0.911386,0.257421,-9.7e-05,-0.000368,-0.000552,1.2e-05,3e-06,1.2e-05,-1.016993
348,0.110992,-0.034127,0.274342,-0.577602,-0.029718,-0.815805,-0.750394,-0.374184,0.544856,-0.320741,0.926923,0.194849,-0.000143,-0.000532,-0.000799,-0.331805,-1.346839,2.390321,-1.025601,-0.179943,-0.011608,0.243436,-0.602657,0.423243,0.676507,0.168422,-0.761079,0.62636,0.780713,0.490881,0.386506,-0.015544,-0.000509,0.000801,-0.010199,0.026221,-0.019902,0.065139,0.031661,0.051321,-0.039445,0.526382,-0.433503,0.731434,-0.143193,0.802774,0.578834,-0.838103,-0.409424,0.360492,-0.000374,0.006036,-0.003355,0.048295,-0.018793,0.010165,-0.088955,0.05689,0.036835,-0.07043,0.572591,-0.025958,-0.819429,0.753794,0.409702,0.513748,0.322386,-0.911849,0.254159,-8.5e-05,-0.000318,-0.000474,0.000338,0.002237,-0.003618,-1.018136
349,0.110959,-0.034187,0.274324,-0.571226,-0.030661,-0.820247,-0.754711,-0.373294,0.539476,-0.32203,0.927252,0.191121,-0.000119,-0.000443,-0.000666,-2.2e-05,-8.8e-05,0.000157,-1.011073,-0.180111,-0.011689,0.243519,-0.599033,0.431049,0.674795,0.158305,-0.762228,0.627601,0.785604,0.482229,0.387484,0.00075,-0.012004,0.006818,-0.028989,-0.031371,0.042925,-0.04265,0.031576,0.051286,-0.039405,0.52225,-0.440816,0.730024,-0.133082,0.803424,0.580343,-0.842344,-0.400237,0.360923,0.000371,-0.005998,0.003417,0.054942,-0.538695,0.711312,-0.138432,0.056873,0.036805,-0.070439,0.563737,-0.02504,-0.825573,0.759666,0.408055,0.506356,0.324201,-0.912613,0.249058,-6.7e-05,-0.000252,-0.000378,0.000657,0.004683,-0.007594,-1.012911
350,0.11079,-0.034172,0.274313,-0.57155,-0.030628,-0.820023,-0.754505,-0.373297,0.539762,-0.32194,0.927252,0.191274,-3e-06,-1e-05,-1.5e-05,-0.0,-0.0,0.0,-0.919353,-0.180418,-0.012121,0.243663,-0.589786,0.445641,0.67346,0.140064,-0.764742,0.628876,0.795995,0.464665,0.38774,0.000622,-0.014147,0.003401,0.074477,0.002167,0.174887,-0.309611,0.031417,0.051073,-0.039327,0.512058,-0.454639,0.728765,-0.114878,0.804565,0.582645,-0.851233,-0.382068,0.359756,-0.007452,-0.007001,0.00262,0.297944,0.345507,0.148474,-0.348097,0.056788,0.036812,-0.070446,0.564133,-0.025068,-0.825302,0.759418,0.408087,0.506703,0.324094,-0.912597,0.249253,-0.007891,0.00101,0.000791,-0.000914,0.014766,-0.029696,-0.972414
351,0.11064,-0.034139,0.274349,-0.57164,-0.030643,-0.819959,-0.754445,-0.373287,0.539853,-0.321919,0.927255,0.191293,-0.015531,0.002932,0.002946,-0.000984,0.014715,-0.029553,-0.846825,-0.180476,-0.012192,0.243634,-0.581856,0.456064,0.67338,0.126495,-0.767031,0.628964,0.804061,0.450568,0.387736,-8.4e-05,-0.001458,-0.002328,0.112655,-0.028909,0.213847,-0.46716,0.031389,0.051031,-0.039342,0.503479,-0.464196,0.728718,-0.101516,0.805792,0.583431,-0.858022,-0.367723,0.358576,-5.5e-05,-0.001016,-0.001617,1.118312,1.077465,0.631108,-0.4882,0.056719,0.036826,-0.070431,0.564223,-0.02505,-0.825241,0.75936,0.408085,0.506792,0.324074,-0.912599,0.249273,-0.007865,0.0011,0.000928,-0.000938,0.0147,-0.029593,-0.935674
352,0.110312,-0.034091,0.274409,-0.571525,-0.037421,-0.819759,-0.749799,-0.382144,0.540129,-0.332773,0.923399,0.191372,2.2e-05,8.2e-05,0.000123,8.9e-05,-5.9e-05,-2.1e-05,-0.660219,-0.180413,-0.012182,0.243505,-0.571882,0.468291,0.673532,0.113214,-0.768022,0.630285,0.81314,0.436109,0.385324,-0.015649,-0.002042,-0.001662,-0.050578,0.081196,0.026554,-0.807615,0.031426,0.051035,-0.039408,0.49239,-0.475985,0.72869,-0.087931,0.805727,0.585723,-0.865921,-0.352479,0.354878,-5.7e-05,-0.000968,-0.00155,-0.051167,0.07222,0.061172,-0.78,0.056549,0.036854,-0.070395,0.564113,-0.018244,-0.825495,0.754702,0.416967,0.50652,0.334964,-0.908738,0.248985,-0.007887,0.001029,0.000812,-0.000576,0.015541,-0.030057,-0.815329
353,0.109976,-0.034072,0.274426,-0.57107,-0.044254,-0.819735,-0.745199,-0.390959,0.540187,-0.343684,0.919406,0.191312,-0.01602,0.001143,0.000238,-0.000984,0.014715,-0.029553,-0.566341,-0.180577,-0.012385,0.243393,-0.568585,0.472237,0.673568,0.114331,-0.765382,0.633288,0.815291,0.43649,0.380317,-0.000145,-0.002491,-0.003986,-0.041468,0.056512,0.047749,-1.114017,0.031344,0.050936,-0.039461,0.488768,-0.479726,0.728676,-0.089459,0.803279,0.588846,-0.867814,-0.352996,0.349701,-7e-05,-0.001211,-0.001934,-0.043963,0.06705,0.055944,-0.909816,0.056388,0.036864,-0.070385,0.56365,-0.011414,-0.825934,0.750103,0.425786,0.506015,0.345895,-0.904751,0.248556,-0.008079,0.000329,-0.000244,-0.001318,0.015174,-0.029532,-0.703475
354,0.109901,-0.03409,0.27443,-0.570527,-0.044377,-0.820107,-0.745533,-0.390941,0.539738,-0.343861,0.919408,0.190983,-0.000735,-0.011597,0.0075,-0.032487,-0.090895,0.150851,-0.581142,-0.180615,-0.012414,0.243331,-0.568546,0.472199,0.673629,0.114354,-0.765425,0.633232,0.815315,0.436455,0.380304,-0.000116,-0.001989,-0.003184,-0.000713,0.000972,0.000821,-1.208766,0.031319,0.050919,-0.039496,0.488712,-0.47963,0.728776,-0.089383,0.803405,0.588685,-0.867854,-0.352837,0.349763,-6.5e-05,-0.001136,-0.001816,0.007211,0.009366,-0.030098,-0.868014,0.056344,0.036858,-0.070389,0.563233,-0.011337,-0.826219,0.750352,0.425754,0.505672,0.346034,-0.904767,0.248306,-4.5e-05,-0.00016,-0.000239,-0.000332,0.000241,9.1e-05,-0.68388
355,0.109912,-0.034264,0.274526,-0.567153,-0.044819,-0.822419,-0.747864,-0.390334,0.536946,-0.344384,0.919645,0.188889,-0.00066,-0.011323,0.007912,-0.03492,0.017018,-0.016207,-0.674689,-0.180703,-0.012318,0.243259,-0.570253,0.473199,0.671481,0.112518,-0.764605,0.63455,0.81438,0.436808,0.3819,6.6e-05,0.001125,0.001801,0.00072,-0.003991,0.005351,-1.377943,0.031274,0.050962,-0.039539,0.490581,-0.480787,0.726755,-0.087651,0.802557,0.590101,-0.866975,-0.353193,0.351578,4.3e-05,0.000705,0.001133,-0.000464,-0.000586,-0.00068,-0.885812,0.05635,0.036767,-0.070338,0.55972,-0.011043,-0.828607,0.752741,0.424925,0.50281,0.346544,-0.90516,0.246152,-0.000326,-0.005644,0.003983,-0.035042,0.01783,-0.017254,-0.72258
356,0.109905,-0.034317,0.274651,-0.559863,-0.043043,-0.827494,-0.752904,-0.390612,0.529651,-0.345337,0.91961,0.187317,0.000498,0.001823,0.002738,0.150101,0.260294,0.207695,-0.561186,-0.180952,-0.012165,0.243294,-0.567186,0.476308,0.671879,0.108029,-0.765607,0.634121,0.817123,0.431644,0.381912,-0.015535,-1.8e-05,0.001556,-0.002045,0.015205,-0.029245,-1.401933,0.031156,0.051043,-0.039515,0.487238,-0.483599,0.727138,-0.083113,0.803202,0.589879,-0.869304,-0.347846,0.351157,-0.000352,0.006282,-0.002959,0.035874,-0.01378,0.015921,-0.885649,0.056346,0.036738,-0.070279,0.552425,-0.012121,-0.833473,0.757599,0.424338,0.495964,0.347663,-0.905422,0.243598,0.000257,0.000941,0.001414,0.228984,0.369666,0.266555,-0.719804
357,0.109884,-0.034235,0.274695,-0.551691,-0.04794,-0.832697,-0.753201,-0.400219,0.522,-0.357606,0.915232,0.18573,0.000806,0.002951,0.004429,0.025606,-0.045772,0.298108,-0.365703,-0.181172,-0.012014,0.243208,-0.568736,0.477173,0.669952,0.106235,-0.764962,0.635201,0.816281,0.43183,0.383498,-0.016318,0.011113,-0.006668,0.034376,0.001824,-0.012938,-1.402675,0.03104,0.051121,-0.039555,0.488835,-0.484669,0.725352,-0.081451,0.802478,0.591095,-0.868565,-0.348029,0.352802,-0.008161,0.005499,-0.00342,0.033605,0.003275,-0.015614,-0.885649,0.056334,0.036776,-0.07026,0.544262,-0.008819,-0.838868,0.757849,0.434011,0.487134,0.359782,-0.900864,0.242899,0.000344,0.001275,0.001908,-0.041905,-0.357409,0.842314,-0.640935
358,0.109723,-0.033953,0.274801,-0.53529,-0.044749,-0.843509,-0.76336,-0.401915,0.505686,-0.360989,0.914646,0.182035,0.000951,0.00348,0.005214,-0.083273,-0.40991,0.748942,-0.123757,-0.181642,-0.011435,0.242851,-0.565847,0.481197,0.669521,0.10542,-0.763023,0.637666,0.81839,0.430792,0.380155,-0.017054,0.022686,-0.014188,-0.121362,0.357058,0.056191,-1.402668,0.030805,0.05141,-0.039734,0.48619,-0.487788,0.725038,-0.080937,0.801,0.593167,-0.870096,-0.347074,0.349958,-0.008527,0.011284,-0.007179,-0.201589,0.424839,0.117683,-0.885649,0.056254,0.036919,-0.070205,0.528324,-0.012964,-0.848942,0.767576,0.434671,0.471049,0.362904,-0.900495,0.239598,-0.007469,0.002544,0.003075,-0.318557,-1.465231,2.503834,-0.423432
359,0.109508,-0.033685,0.274862,-0.528206,-0.040605,-0.848171,-0.76743,-0.404698,0.497236,-0.362793,0.913606,0.183662,-0.015192,0.004116,0.004677,0.004834,-0.103102,0.165369,-0.006679,-0.1823,-0.010815,0.242481,-0.564823,0.489292,0.664499,0.101613,-0.757768,0.644512,0.819579,0.430937,0.377422,-0.032552,0.022371,-0.013168,0.109298,-0.407121,0.702837,-1.403186,0.030476,0.051719,-0.03992,0.483897,-0.497,0.720301,-0.078346,0.795175,0.601295,-0.87161,-0.347398,0.345845,-0.016274,0.011142,-0.006639,0.163929,-0.493331,0.739772,-0.884343,0.056148,0.037057,-0.070169,0.520524,-0.017228,-0.853672,0.77198,0.436686,0.461899,0.364829,-0.899448,0.240605,-0.007617,0.001987,0.002235,-0.011214,-0.125506,0.149994,-0.291493
360,0.109491,-0.033703,0.274834,-0.520465,-0.048105,-0.852553,-0.766303,-0.414192,0.491119,-0.376105,0.908985,0.179774,-0.000617,-0.002249,-0.003367,0.002055,-0.092309,0.142831,0.138782,-0.183362,-0.009902,0.242109,-0.565163,0.503953,0.653156,0.0937,-0.747276,0.657825,0.820288,0.432341,0.374262,-0.032218,0.026329,-0.006902,0.11155,-0.40865,0.737688,-1.4035,0.029957,0.052159,-0.040114,0.483295,-0.512023,0.71011,-0.072453,0.784955,0.6153,-0.872454,-0.348821,0.342267,-0.016132,0.013013,-0.003656,0.416251,-1.665429,2.38742,-0.874872,0.056141,0.037054,-0.070173,0.51289,-0.009775,-0.858398,0.770708,0.445645,0.45542,0.378089,-0.895155,0.236101,-0.00025,-0.000907,-0.001359,0.002233,-0.107904,0.166442,-0.138
361,0.109436,-0.033735,0.274801,-0.514229,-0.049027,-0.856276,-0.769631,-0.414234,0.48585,-0.377886,0.908918,0.176348,-0.016067,0.000935,-8.5e-05,0.001417,-0.093233,0.137483,0.192647,-0.18391,-0.009315,0.241969,-0.566469,0.510409,0.646982,0.089009,-0.742491,0.663867,0.819911,0.433001,0.374324,-0.032071,0.027721,-0.004718,-0.02765,0.114743,0.116361,-1.403466,0.029683,0.052453,-0.040184,0.485246,-0.518907,0.703754,-0.067888,0.780075,0.621991,-0.871737,-0.349596,0.343301,-0.016036,0.013797,-0.002442,-0.028037,0.009461,0.291518,-0.869647,0.056118,0.037033,-0.070198,0.506602,-0.0091,-0.862131,0.774001,0.445328,0.450115,0.379836,-0.89532,0.232648,-0.000192,-0.000699,-0.001048,0.002543,-0.106534,0.164764,-0.049333
362,0.109088,-0.033616,0.274816,-0.509494,-0.049946,-0.859049,-0.771902,-0.414676,0.481855,-0.379667,0.908667,0.173795,-0.01475,0.014594,-0.004509,0.036297,-0.110355,0.153633,0.263452,-0.185329,-0.008111,0.241703,-0.579437,0.521231,0.626548,0.077249,-0.730053,0.678962,0.812016,0.441155,0.381937,-0.032689,0.038793,-0.013117,0.058308,-0.066104,0.233528,-1.403876,0.028992,0.053046,-0.040303,0.498328,-0.531809,0.684725,-0.058139,0.767498,0.638409,-0.865036,-0.357946,0.351547,-0.024071,0.019296,-0.005969,0.082987,-0.164894,0.402489,-0.876178,0.055937,0.037089,-0.070196,0.501757,-0.008353,-0.864967,0.776277,0.445501,0.446007,0.381619,-0.895242,0.230018,-0.007352,0.007386,-0.002117,0.036338,-0.11034,0.153602,0.089628
363,0.108707,-0.033208,0.274845,-0.507198,-0.041693,-0.860846,-0.780366,-0.401735,0.479176,-0.365187,0.914865,0.172299,-0.014118,0.016818,-0.001197,-0.094206,0.053416,0.036491,0.331543,-0.187241,-0.006697,0.241327,-0.60315,0.524484,0.600931,0.074326,-0.713041,0.697124,0.794856,0.464469,0.390302,-0.047841,0.039833,-0.010212,-0.899502,-1.364331,-0.245915,-1.404072,0.028024,0.05376,-0.040498,0.521861,-0.539307,0.660914,-0.056526,0.751218,0.657628,-0.851155,-0.380549,0.361547,-0.031553,0.019525,-0.004985,-3.097999,-4.436292,-1.273876,-0.877975,0.055751,0.03728,-0.070182,0.499449,-0.016475,-0.866186,0.784528,0.432735,0.444134,0.367512,-0.90137,0.229053,-0.007036,0.008475,-0.000482,-1.405333,0.682261,0.457093,0.187275
364,0.108547,-0.032937,0.274841,-0.506204,-0.039062,-0.861554,-0.783116,-0.397661,0.478086,-0.360659,0.916756,0.171785,-0.013994,0.017225,-0.0006,0.034236,-0.01812,0.01076,0.356118,-0.188384,-0.005848,0.241106,-0.618342,0.519451,0.589759,0.082535,-0.703221,0.706118,0.782281,0.484638,0.391186,-0.063075,0.040155,-0.008472,-0.155132,0.003281,0.261739,-1.40373,0.027458,0.054185,-0.04061,0.539674,-0.534498,0.650432,-0.066978,0.742892,0.666051,-0.839205,-0.403015,0.36512,-0.031856,0.026025,-0.007683,-0.399047,-0.189212,0.203138,-0.880424,0.055672,0.037421,-0.070184,0.49845,-0.019422,-0.8667,0.787487,0.428193,0.443298,0.362506,-0.903478,0.228727,0.000836,0.007461,-0.001268,0.03791,-0.125789,0.183603,0.23218
365,0.108401,-0.032294,0.274849,-0.503908,-0.039771,-0.862867,-0.78372,-0.398956,0.476013,-0.362558,0.916163,0.170946,0.00228,0.017069,0.000651,0.035205,-0.032906,0.040269,0.384595,-0.191088,-0.003884,0.240552,-0.680267,0.484737,0.54978,0.106644,-0.676504,0.728632,0.725959,0.553676,0.407787,-0.063267,0.052647,-0.014847,-0.072358,-1.008598,0.854688,-1.403056,0.026106,0.055163,-0.040883,0.605392,-0.50722,0.613373,-0.094808,0.719198,0.688305,-0.790259,-0.474848,0.387308,-0.039319,0.026123,-0.00707,-0.405316,-2.851367,1.72858,-0.88418,0.055592,0.037742,-0.070182,0.496158,-0.018791,-0.868028,0.788055,0.429364,0.441151,0.36441,-0.902935,0.227841,0.001146,0.00856,0.000365,0.035634,-0.033105,0.040203,0.295374
366,0.108514,-0.031673,0.27505,-0.501968,-0.040308,-0.863972,-0.784263,-0.399981,0.474256,-0.364071,0.915694,0.170245,0.002423,0.008748,0.01298,0.000322,-0.015732,0.024145,0.387749,-0.193991,-0.001739,0.240072,-0.727675,0.461748,0.507216,0.101842,-0.658395,0.745707,0.679175,0.593697,0.431403,-0.077367,0.043003,-0.003546,0.13269,-0.368239,0.380498,-1.402416,0.024631,0.056253,-0.041133,0.657752,-0.490053,0.572023,-0.091854,0.70157,0.706655,-0.747612,-0.517346,0.416446,-0.038674,0.021602,-0.001568,0.138223,-0.359957,0.357185,-0.888099,0.055648,0.038054,-0.070088,0.494195,-0.018315,-0.869157,0.788572,0.430303,0.439308,0.365956,-0.902497,0.227097,0.001649,0.010388,0.003058,0.033594,0.059756,-0.102289,0.318724
367,0.108586,-0.031118,0.27579,-0.50378,-0.040139,-0.862925,-0.783177,-0.400298,0.475781,-0.363905,0.915563,0.171304,0.004462,0.016158,0.023804,0.000964,-0.047204,0.07243,0.381641,-0.197016,-8.4e-05,0.240203,-0.755401,0.4343,0.490656,0.107221,-0.656624,0.746513,0.647322,0.615968,0.448799,-0.075924,0.035799,0.010223,0.201003,-0.497803,0.273498,-1.402103,0.023147,0.057063,-0.041076,0.688187,-0.465498,0.556515,-0.097535,0.700724,0.706733,-0.718947,-0.540644,0.436827,-0.03774,0.011813,0.00842,0.153685,-0.374232,0.093206,-0.895773,0.055682,0.038323,-0.069731,0.496068,-0.018416,-0.868087,0.78747,0.430733,0.440862,0.365795,-0.902291,0.228175,-0.005607,0.009136,0.012731,-0.000254,-0.017798,0.020183,0.32199
368,0.108482,-0.030711,0.276405,-0.510845,-0.036497,-0.858924,-0.779416,-0.401909,0.480573,-0.36212,0.915004,0.17794,-0.00992,0.022827,0.031991,0.223477,0.536429,0.172238,0.365726,-0.19854,0.000274,0.240582,-0.769779,0.406197,0.492377,0.124545,-0.660814,0.740099,0.626948,0.630514,0.45744,-0.074995,0.010512,0.021487,0.191852,-0.601576,-0.152789,-1.401699,0.022413,0.057252,-0.040892,0.703931,-0.439743,0.557769,-0.113603,0.705477,0.699568,-0.701124,-0.555812,0.446651,-0.037491,0.005494,0.011195,-0.379989,-1.795024,-1.126823,-0.898386,0.055638,0.038512,-0.069443,0.503484,-0.019071,-0.863793,0.783417,0.431688,0.447104,0.364362,-0.901821,0.232289,-0.004965,0.011446,0.016054,0.000149,-0.035812,0.04743,0.314152
369,0.107968,-0.029701,0.277914,-0.518056,-0.030181,-0.85484,-0.775754,-0.404458,0.484346,-0.359727,0.914103,0.187187,-0.02359,0.031661,0.042919,0.117762,0.304432,0.052912,0.319535,-0.200886,0.000134,0.241669,-0.795599,0.357532,0.489066,0.147759,-0.668214,0.729104,0.588464,0.651876,0.478153,-0.043643,-0.014008,0.031913,0.113607,-0.467512,-0.274748,-1.402091,0.0212,0.057197,-0.040341,0.734676,-0.392226,0.553542,-0.135481,0.714672,0.686213,-0.664752,-0.579138,0.471913,-0.021796,-0.006642,0.016556,-0.033191,-0.909266,-0.307244,-0.905571,0.055384,0.039024,-0.068678,0.510379,-0.027022,-0.859524,0.780057,0.43526,0.449508,0.36197,-0.899898,0.243226,-0.011859,0.01568,0.021258,0.198062,0.33805,0.280464,0.267451
370,0.106944,-0.028414,0.279766,-0.519545,-0.009976,-0.854412,-0.783067,-0.394587,0.480707,-0.341296,0.918824,0.198262,-0.022718,0.02542,0.057375,0.030635,0.31289,0.026111,0.277559,-0.202303,-0.000735,0.242947,-0.814256,0.341669,0.469298,0.135768,-0.673754,0.72633,0.565367,0.654693,0.501598,-0.028464,-0.029341,0.032474,0.306999,-0.76643,0.045105,-1.402102,0.020487,0.056774,-0.039694,0.755094,-0.379872,0.534349,-0.123459,0.718065,0.684937,-0.643887,-0.583162,0.495308,-0.014264,-0.014752,0.016141,0.336254,-1.069844,0.387416,-0.903121,0.054872,0.039672,-0.067755,0.511723,-0.048053,-0.857804,0.787439,0.425566,0.445907,0.343625,-0.90365,0.25561,-0.01873,0.019682,0.025911,-0.004307,0.293174,0.226522,0.199522
