frame,MLTx,MLTy,MLTz,MLTR1,MLTR2,MLTR3,MLTR4,MLTR5,MLTR6,MLTR7,MLTR8,MLTR9,MLTTVx,MLTTVy,MLTTVz,MLTRVx,MLTRVy,MLTRVz,MLGA,MRTx,MRTy,MRTz,MRTR1,MRTR2,MRTR3,MRTR4,MRTR5,MRTR6,MRTR7,MRTR8,MRTR9,MRTTVx,MRTTVy,MRTTVz,MRTRVx,MRTRVy,MRTRVz,MRGA,SLTx,SLTy,SLTz,SLTR1,SLTR2,SLTR3,SLTR4,SLTR5,SLTR6,SLTR7,SLTR8,SLTR9,SLTTVx,SLTTVy,SLTTVz,SLTRVx,SLTRVy,SLTRVz,SLGA,SRTx,SRTy,SRTz,SRTR1,SRTR2,SRTR3,SRTR4,SRTR5,SRTR6,SRTR7,SRTR8,SRTR9,SRTTVx,SRTTVy,SRTTVz,SRTRVx,SRTRVy,SRTRVz,SRGA
382,0.048445,-5.4e-05,0.360609,-0.097542,0.971548,-0.21593,-0.91185,-0.000262,0.410488,0.398869,0.235728,0.886207,-0.004039,-0.009066,-0.007991,0.112067,-1.313359,-0.327316,0.342602,-0.113838,0.036165,0.315363,0.910823,0.12922,0.39204,-0.334975,0.786072,0.51944,-0.242189,-0.604599,0.758727,0.001068,-0.007348,0.010972,0.313998,-0.199057,-0.205259,-1.403805,0.037632,0.036316,-0.023437,-0.897041,-0.167697,0.408892,0.369253,-0.792767,0.484945,0.242832,0.586001,0.773068,-0.000445,0.002312,0.002015,0.427902,-0.261386,-0.239377,-0.764978,0.061443,0.024435,-0.060741,-0.258651,0.953567,-0.154298,-0.91173,-0.188221,0.36513,0.319134,0.23512,0.91808,-0.008877,-0.002605,-0.003179,2.293466,-4.383767,-3.920785,0.200992
383,0.04826,-0.000264,0.360162,-0.182407,0.942729,-0.279346,-0.921961,-0.065224,0.381713,0.341853,0.326001,0.881412,-0.004269,-0.009567,-0.008467,1.437631,-2.937013,-0.719249,0.40056,-0.113888,0.036181,0.315682,0.909138,0.143595,0.390948,-0.345387,0.78419,0.515449,-0.233699,-0.60382,0.762004,-0.001107,0.005786,0.005032,0.066831,-0.03939,-0.035366,-1.405016,0.037608,0.036321,-0.023274,-0.89489,-0.183339,0.406887,0.379927,-0.791313,0.479038,0.234149,0.583275,0.777794,0.000272,-0.002315,0.006665,0.014842,-0.042174,-0.028606,-0.776571,0.061349,0.024329,-0.060973,-0.335831,0.914628,-0.225104,-0.908716,-0.251709,0.332982,0.247894,0.316382,0.915669,0.004558,-0.006676,-0.005674,1.498248,-2.892765,-5.15304,0.303375
384,0.048676,-0.000522,0.359483,-0.222986,0.918151,-0.3276,-0.925773,-0.094142,0.366132,0.305596,0.383784,0.871405,0.024953,0.001986,-0.032598,0.916893,-2.099579,0.593681,0.442527,-0.11404,0.036075,0.31613,0.907067,0.156457,0.390822,-0.355899,0.78054,0.513835,-0.225794,-0.605369,0.763157,-0.012389,-0.007445,0.012579,-0.036689,0.021625,-0.049771,-1.405883,0.037536,0.036274,-0.023051,-0.89247,-0.196078,0.406262,0.390299,-0.787206,0.477464,0.226192,0.584686,0.779088,-0.000741,0.00386,0.003348,-0.0123,-0.009204,0.028546,-0.783266,0.061556,0.024197,-0.061313,-0.371324,0.885679,-0.278727,-0.906523,-0.280884,0.315148,0.20083,0.369695,0.907188,0.01247,0.000931,-0.016339,0.925233,-2.043291,0.581591,0.377509
385,0.04912,-0.000618,0.358944,-0.245593,0.905811,-0.345306,-0.925164,-0.112617,0.362437,0.289712,0.40735,0.866118,0.037778,-0.003561,-0.036497,1.099674,-2.397544,0.551379,0.457577,-0.114196,0.036022,0.316339,0.905616,0.165664,0.390392,-0.362279,0.780436,0.509517,-0.221401,-0.603062,0.766264,0.000765,-0.00576,0.012336,0.06127,-0.053307,-0.075173,-1.405934,0.037457,0.036251,-0.02295,-0.8908,-0.205122,0.405461,0.396441,-0.786895,0.472894,0.222055,0.581996,0.782286,-0.007144,0.002127,0.002693,0.103932,-0.098365,-0.108703,-0.787512,0.061764,0.024153,-0.061566,-0.390746,0.871431,-0.296521,-0.90216,-0.298569,0.31139,0.182822,0.389184,0.902834,0.011514,-0.004848,-0.01239,0.378555,-0.584367,-1.994285,0.403472
386,0.050619,-0.000847,0.357278,-0.305508,0.8689,-0.389514,-0.924653,-0.172988,0.339209,0.227732,0.462716,0.856772,0.04851,-0.014009,-0.044908,1.086875,-1.440125,-0.772671,0.468215,-0.114782,0.035941,0.316592,0.907567,0.171687,0.383193,-0.363457,0.777861,0.512606,-0.211199,-0.604711,0.767843,-0.026769,-0.000826,0.002656,-0.015266,-0.028265,-0.013773,-1.40602,0.037159,0.036209,-0.022812,-0.892758,-0.210966,0.398089,0.397707,-0.784182,0.476326,0.211686,0.583567,0.783988,-0.013375,-0.000484,0.001272,-0.016369,-0.022468,-0.014269,-0.788491,0.06253,0.024042,-0.062408,-0.441117,0.827289,-0.347861,-0.890659,-0.355963,0.282872,0.11019,0.434605,0.893854,0.024167,-0.00726,-0.022695,1.144126,-1.480754,-0.750222,0.436947
387,0.053264,-0.001019,0.354862,-0.359237,0.813782,-0.456894,-0.924513,-0.243402,0.293263,0.127884,0.526743,0.840365,0.078277,-0.001266,-0.068287,1.038756,-1.291476,-0.272016,0.460845,-0.115694,0.035972,0.316629,0.912606,0.177918,0.368086,-0.360077,0.775815,0.518063,-0.194537,-0.605547,0.771578,-0.026827,-0.000386,0.003013,-0.005054,-0.0039,-0.021722,-1.406867,0.036704,0.036219,-0.022798,-0.898019,-0.216762,0.382851,0.394339,-0.782433,0.481968,0.195083,0.58379,0.788118,-0.013409,-0.000223,0.001494,-0.002064,0.008485,-0.028926,-0.794533,0.063821,0.023951,-0.063595,-0.481499,0.769081,-0.420324,-0.876444,-0.421436,0.232888,0.00197,0.480526,0.876977,0.039305,-0.000274,-0.03399,3.096569,-2.959722,-3.282116,0.438416
388,0.056641,-0.000891,0.35193,-0.38124,0.766163,-0.517393,-0.923785,-0.293855,0.245442,0.036478,0.57058,0.820448,0.094411,0.015677,-0.089053,1.124482,-1.471256,0.420419,0.450295,-0.116723,0.036155,0.31673,0.918027,0.183737,0.351367,-0.355265,0.774281,0.523651,-0.176993,-0.605781,0.775607,-0.029034,0.013482,-0.002348,0.050401,-0.114733,0.149412,-1.407142,0.03619,0.036309,-0.022749,-0.903689,-0.222126,0.366067,0.389595,-0.781247,0.487717,0.177655,0.583363,0.792544,-0.014526,0.006785,-0.00112,0.053522,-0.101517,0.14124,-0.804494,0.065502,0.024008,-0.065054,-0.493154,0.72263,-0.484358,-0.864762,-0.467871,0.182433,-0.094786,0.508823,0.855636,0.046336,0.002011,-0.040741,3.120134,-2.307886,-3.06508,0.429435
389,0.058594,-0.000609,0.350148,-0.391948,0.743136,-0.542376,-0.919982,-0.320098,0.226146,-0.005075,0.586689,0.809813,0.107889,0.011767,-0.091792,0.870668,-1.717983,0.293998,0.441508,-0.117278,0.036224,0.31678,0.922422,0.182172,0.340502,-0.348127,0.773477,0.529599,-0.168048,-0.607278,0.776426,-0.028874,0.012774,-0.002976,-0.353578,0.065998,0.398948,-1.407487,0.035923,0.036341,-0.022721,-0.908129,-0.221834,0.355092,0.383301,-0.781735,0.491904,0.168467,0.58282,0.794946,-0.013479,0.000305,0.001929,-0.504887,0.106062,0.340919,-0.808413,0.066514,0.024154,-0.065978,-0.4981,0.700247,-0.511419,-0.855789,-0.49202,0.159815,-0.139719,0.517271,0.844338,0.053953,0.005777,-0.046035,0.738736,-1.849182,0.228093,0.421271
390,0.062645,0.000736,0.346332,-0.415905,0.692354,-0.589674,-0.904392,-0.382927,0.188183,-0.095002,0.610701,0.786159,0.100825,0.047375,-0.097456,0.88765,-1.697611,-0.068476,0.395301,-0.118335,0.036427,0.316732,0.936016,0.174689,0.305533,-0.323026,0.770527,0.549432,-0.140617,-0.613187,0.777233,-0.015323,0.012259,-0.005081,-0.484691,0.141211,0.47419,-1.407901,0.035389,0.036446,-0.022741,-0.92281,-0.213469,0.320703,0.358657,-0.779965,0.512853,0.14066,0.588289,0.796322,-0.013294,-0.000636,0.001105,-0.602625,0.058827,0.597299,-0.802045,0.068495,0.024794,-0.067863,-0.51125,0.650536,-0.561627,-0.827993,-0.547961,0.119018,-0.230324,0.525872,0.818785,0.049768,0.018213,-0.044618,3.573201,-1.871851,-3.184803,0.382081
391,0.066634,0.003052,0.342768,-0.418615,0.657447,-0.626555,-0.895168,-0.415006,0.162529,-0.152656,0.62809,0.763038,0.092079,0.065161,-0.082142,1.198407,-1.070766,-0.370298,0.346152,-0.1192,0.036776,0.316434,0.950266,0.155932,0.269574,-0.289067,0.763062,0.578022,-0.116764,-0.627391,0.769811,-0.014414,0.007223,-0.009404,-0.57114,-0.542021,1.080956,-1.408518,0.034955,0.036628,-0.022884,-0.93823,-0.193087,0.287125,0.325582,-0.773569,0.543678,0.117134,0.603579,0.788651,-0.013783,0.002934,-0.004455,-0.937871,-2.062945,2.496461,-0.807596,0.07049,0.025937,-0.069658,-0.506541,0.616668,-0.602607,-0.812427,-0.575425,0.09406,-0.288751,0.53722,0.792474,0.053155,0.031421,-0.041763,3.638014,-1.700351,-3.286288,0.315785
392,0.0686,0.004442,0.341159,-0.429687,0.637108,-0.639928,-0.885368,-0.436532,0.1598,-0.177011,0.634442,0.752448,0.093616,0.070294,-0.077422,2.321535,0.187397,-5.055988,0.325622,-0.11958,0.036976,0.316183,0.955232,0.141251,0.259946,-0.273448,0.756237,0.594362,-0.113827,-0.639007,0.760643,-0.01429,0.006545,-0.009986,-0.748589,0.125263,0.894794,-1.409026,0.034771,0.036719,-0.023005,-0.943765,-0.179656,0.277543,0.310755,-0.768607,0.559172,0.112863,0.613976,0.781213,-0.007008,0.002496,-0.005645,-0.494166,0.015185,0.749793,-0.80874,0.071438,0.026605,-0.070434,-0.509574,0.598225,-0.618433,-0.801569,-0.591318,0.088477,-0.312762,0.540802,0.78084,0.047052,0.035555,-0.03838,0.270899,-1.156709,0.371209,0.283453
393,0.072261,0.006847,0.338737,-0.455146,0.597773,-0.659966,-0.863248,-0.477922,0.162375,-0.21779,0.642874,0.734376,0.093551,0.057495,-0.052409,0.861474,-1.326927,-0.766546,0.315986,-0.120006,0.037496,0.315549,0.961344,0.132752,0.241216,-0.257941,0.739857,0.621298,-0.097196,-0.659661,0.745159,-0.01361,0.002653,-0.013327,-0.568989,-0.351268,0.337816,-1.409315,0.034551,0.036989,-0.023325,-0.951036,-0.168118,0.259354,0.293758,-0.752559,0.589373,0.096095,0.636703,0.765097,-0.001183,0.008184,-0.01018,-0.867055,-1.062703,-0.448482,-0.812658,0.07334,0.027863,-0.0717,-0.530512,0.554619,-0.641056,-0.76949,-0.632323,0.089735,-0.355586,0.540892,0.762229,0.046984,0.029145,-0.025907,0.790095,-1.45801,-0.824905,0.24655
394,0.075857,0.008645,0.337336,-0.490629,0.569257,-0.659753,-0.83831,-0.514931,0.179035,-0.237206,0.640208,0.73068,0.091566,0.031834,-0.021056,-0.096144,-0.15173,0.032361,0.31373,-0.120219,0.037665,0.314555,0.969844,0.128538,0.207056,-0.234841,0.718755,0.65435,-0.065936,-0.683397,0.726969,0.001827,-0.00942,-0.025415,-0.684482,0.188728,0.62705,-1.409757,0.034436,0.037092,-0.023805,-0.960422,-0.163957,0.225179,0.27131,-0.733698,0.622958,0.063075,0.659397,0.749144,-0.006447,-7.9e-05,-0.016519,-0.846597,0.164599,0.871495,-0.809882,0.075105,0.028753,-0.07239,-0.560794,0.51894,-0.645143,-0.738504,-0.665801,0.106391,-0.374327,0.536104,0.756617,0.045972,0.016332,-0.010203,-0.359769,0.199271,-0.178385,0.237895
395,0.077617,0.009193,0.337102,-0.508723,0.558973,-0.654825,-0.827138,-0.528335,0.191511,-0.238292,0.63836,0.731943,0.07681,0.017566,0.001569,-0.267011,-0.248318,-0.076774,0.310111,-0.120276,0.037575,0.31389,0.971397,0.144324,0.188549,-0.234578,0.704078,0.670209,-0.03725,-0.695441,0.717521,0.000855,-0.002524,-0.036817,-1.842231,-4.190256,-2.54245,-1.40988,0.034409,0.037041,-0.024149,-0.962304,-0.177322,0.206219,0.269692,-0.720132,0.639277,0.035147,0.670795,0.740809,0.000406,-0.001817,-0.018852,-1.949571,-4.226309,-2.470971,-0.80678,0.076019,0.029038,-0.072516,-0.576781,0.506269,-0.641104,-0.725706,-0.677882,0.117583,-0.375065,0.533072,0.758392,0.038561,0.009146,0.001056,-0.318632,-0.312801,-0.102563,0.234466
396,0.081062,0.009571,0.337499,-0.532632,0.555581,-0.638497,-0.814934,-0.5403,0.209596,-0.227876,0.631278,0.741342,0.089489,-0.001343,0.021221,-0.033064,0.199625,-0.280785,0.286798,-0.119994,0.037093,0.312157,0.973123,0.171357,0.153819,-0.229769,0.684506,0.691804,0.012027,-0.708759,0.705251,0.01644,-0.014962,-0.049711,-0.302871,-0.110951,0.610562,-1.410284,0.034542,0.036811,-0.024992,-0.96394,-0.204126,0.170738,0.265663,-0.700606,0.662249,-0.015563,0.683728,0.729571,0.008321,-0.007884,-0.0252,-0.35408,-0.090349,0.608366,-0.802371,0.07771,0.02923,-0.072323,-0.600012,0.497298,-0.626641,-0.712366,-0.688574,0.135646,-0.364032,0.527787,0.767411,0.038151,0.001298,0.01197,-0.025257,0.112874,-0.14107,0.211769
397,0.084127,0.009239,0.338871,-0.556657,0.555469,-0.617763,-0.803104,-0.550054,0.228991,-0.21192,0.622905,0.753065,0.07471,-0.015831,0.04334,0.196716,0.696182,-0.089807,0.250198,-0.119222,0.036232,0.310132,0.97306,0.194856,0.123195,-0.223524,0.668199,0.709563,0.054714,-0.718221,0.693562,0.03269,-0.031369,-0.04913,-0.812899,-0.226291,0.34704,-1.410448,0.034936,0.036367,-0.02603,-0.963839,-0.227414,0.138907,0.259848,-0.686484,0.67913,-0.059086,0.690668,0.720753,0.016481,-0.01624,-0.025064,-0.756401,-0.235058,0.333493,-0.806616,0.079278,0.029067,-0.071626,-0.624588,0.489834,-0.608236,-0.699459,-0.697276,0.156722,-0.347341,0.523323,0.77813,0.03744,-0.007639,0.021863,0.201562,0.686883,-0.078701,0.16866
398,0.086533,0.008432,0.340887,-0.569573,0.561284,-0.600493,-0.797448,-0.554397,0.238101,-0.198566,0.613778,0.764117,0.045974,-0.022014,0.054282,0.159078,0.594959,-0.003175,0.237637,-0.11809,0.035025,0.307953,0.969103,0.22684,0.096815,-0.224774,0.651581,0.724467,0.100029,-0.724121,0.68228,0.020256,-0.036235,-0.052683,-0.270226,-0.028938,0.36451,-1.410677,0.035483,0.035781,-0.027087,-0.959765,-0.257593,0.111778,0.260611,-0.668926,0.696145,-0.104551,0.697268,0.709144,0.016907,-0.017842,-0.026968,-0.37666,-0.131021,0.394654,-0.813801,0.08045,0.028687,-0.070652,-0.638492,0.49234,-0.591546,-0.693662,-0.701102,0.165191,-0.333405,0.515807,0.789166,0.029782,-0.012276,0.026286,-0.143065,0.286414,-0.369444,0.138288
399,0.087384,0.007881,0.341971,-0.572241,0.565169,-0.594281,-0.796572,-0.555363,0.238783,-0.194383,0.609324,0.768744,0.044317,-0.034591,0.061123,0.093676,0.462751,0.121731,0.236199,-0.117489,0.03444,0.306963,0.963669,0.253107,0.085263,-0.232521,0.638663,0.73347,0.129971,-0.726957,0.67417,0.033259,-0.032149,-0.051152,-0.870001,-1.084775,-0.55607,-1.41065,0.035804,0.035456,-0.027628,-0.953834,-0.283629,0.098755,0.268372,-0.657333,0.704193,-0.134814,0.698187,0.703106,0.016668,-0.016084,-0.025592,-0.765541,-1.102487,-0.582521,-0.819027,0.080911,0.028399,-0.070067,-0.642268,0.496231,-0.584162,-0.692668,-0.702091,0.165159,-0.328178,0.510707,0.794654,0.022108,-0.017379,0.030452,0.164973,0.547799,0.162964,0.13094
400,0.088663,0.006534,0.344468,-0.581641,0.561204,-0.588888,-0.786371,-0.573161,0.230388,-0.207516,0.596388,0.775426,0.03082,-0.031517,0.06307,0.447721,0.344287,-0.237235,0.250815,-0.116109,0.033454,0.305157,0.953716,0.294023,0.062987,-0.237343,0.607952,0.757625,0.183257,-0.737869,0.649484,0.031671,-0.021798,-0.04224,-1.069266,-0.111222,0.415553,-1.410566,0.036467,0.03497,-0.028514,-0.943195,-0.323547,0.07549,0.273729,-0.627996,0.728486,-0.188292,0.707769,0.680887,0.015608,-0.010384,-0.020701,-1.164529,-3.929077,-3.115355,-0.823109,0.081538,0.027735,-0.068844,-0.650646,0.490456,-0.57975,-0.679533,-0.716819,0.156217,-0.338959,0.495602,0.799677,0.008153,-0.019634,0.036834,1.353502,0.053222,-0.819288,0.132083
401,0.089397,0.005171,0.347193,-0.58186,0.554251,-0.595222,-0.779364,-0.589173,0.213161,-0.231827,0.587234,0.775526,0.017347,-0.028451,0.065046,3.339486,-0.85977,-4.094463,0.301309,-0.114873,0.032596,0.303885,0.944127,0.325491,0.051691,-0.24423,0.586087,0.772521,0.219955,-0.742381,0.632735,0.018745,-0.026722,-0.027298,-0.399398,0.080357,0.284866,-1.410304,0.037109,0.034528,-0.029172,-0.933227,-0.353831,0.062364,0.279121,-0.604704,0.745938,-0.226225,0.713537,0.663088,0.016052,-0.012102,-0.013421,-0.449011,0.105833,0.312427,-0.82066,0.081911,0.027052,-0.067483,-0.646946,0.487867,-0.586042,-0.673088,-0.726531,0.138218,-0.358346,0.483877,0.798404,0.008175,-0.019522,0.036882,0.119051,0.561909,0.097432,0.175028
402,0.089558,0.004506,0.348601,-0.579879,0.552068,-0.599171,-0.778321,-0.592722,0.207046,-0.240123,0.58572,0.774145,0.003333,-0.027223,0.065545,-0.055843,0.258607,-0.143438,0.323451,-0.114351,0.032129,0.303392,0.933795,0.354521,0.048304,-0.257832,0.573504,0.777528,0.246762,-0.738942,0.626847,0.018136,-0.023122,-0.02402,-0.342168,-1.186028,-1.003547,-1.410061,0.037363,0.034303,-0.029409,-0.924537,-0.376663,0.057916,0.288941,-0.593747,0.750984,-0.24848,0.711048,0.657775,0.015709,-0.010049,-0.011537,-0.345829,-0.348826,-0.026763,-0.818047,0.081997,0.026721,-0.066777,-0.646934,0.483123,-0.589972,-0.66717,-0.733274,0.131115,-0.369267,0.478435,0.796706,0.001119,-0.019061,0.037017,-0.019975,0.187147,-0.064418,0.208013
403,0.089618,0.003285,0.351047,-0.57394,0.548288,-0.608292,-0.779425,-0.593595,0.200281,-0.25056,0.588383,0.768799,-0.011967,-0.030176,0.062541,-0.168397,-0.034247,0.140444,0.365088,-0.113355,0.031095,0.302725,0.923569,0.380484,0.047382,-0.272153,0.563813,0.779732,0.268788,-0.733499,0.624175,0.032863,-0.028981,-0.013502,-0.047777,-0.087207,-0.122745,-1.409732,0.037862,0.033784,-0.029751,-0.911568,-0.40738,0.055525,0.306177,-0.582482,0.752973,-0.274404,0.703388,0.655703,0.016354,-0.013962,-0.006252,-0.045734,-0.385658,-0.325466,-0.816414,0.082034,0.026117,-0.065549,-0.640302,0.48094,-0.598922,-0.66774,-0.7339,0.124546,-0.37965,0.479672,0.791061,0.000509,-0.017225,0.029707,-0.17731,-0.028783,0.138148,0.265981
404,0.089347,0.002075,0.353175,-0.56261,0.549767,-0.617471,-0.786047,-0.587114,0.193385,-0.255515,0.593476,0.763233,-0.013158,-0.026409,0.048054,-0.134794,-0.023308,0.106301,0.388933,-0.112196,0.030063,0.30251,0.911808,0.407591,0.049677,-0.289765,0.553328,0.780896,0.28964,-0.726924,0.622538,0.032747,-0.029391,0.004388,-0.088879,0.119203,-0.163213,-1.40962,0.038456,0.033248,-0.029873,-0.898827,-0.434629,0.05662,0.323836,-0.571476,0.754019,-0.295362,0.696068,0.654407,0.016292,-0.014186,0.002674,-0.088723,0.117466,-0.166917,-0.81919,0.0819,0.025514,-0.064477,-0.629077,0.485051,-0.607443,-0.675209,-0.728156,0.117815,-0.385167,0.484266,0.785577,-0.007069,-0.018485,0.028445,-0.174123,-0.012945,0.111392,0.311376
405,0.088981,0.000989,0.35472,-0.55073,0.547978,-0.629652,-0.792886,-0.579173,0.189374,-0.260227,0.602852,0.75424,-0.001345,-0.027143,0.030307,-0.155768,-0.228547,0.259072,0.409699,-0.111069,0.029249,0.302669,0.901765,0.429051,0.052217,-0.303885,0.543761,0.782248,0.306084,-0.721802,0.620627,0.031929,-0.02462,0.008983,-0.096598,0.002813,-0.255488,-1.409412,0.039018,0.032849,-0.029786,-0.888081,-0.455991,0.058168,0.33779,-0.561513,0.755381,-0.311785,0.690488,0.652699,0.015906,-0.011962,0.004819,-0.096635,0.000882,-0.258589,-0.817067,0.081714,0.024975,-0.063695,-0.616738,0.486093,-0.61915,-0.683165,-0.721273,0.114234,-0.391048,0.493434,0.776919,-0.007499,-0.012269,0.016015,-0.157937,-0.241467,0.255408,0.342891
406,0.088813,0.000442,0.355252,-0.546201,0.545672,-0.635572,-0.796045,-0.574296,0.190963,-0.260131,0.609567,0.748857,-0.001787,-0.02097,0.017833,-0.301126,-0.4895,0.141367,0.415884,-0.110656,0.028848,0.302768,0.893207,0.446356,0.054211,-0.316202,0.538125,0.781264,0.318414,-0.715524,0.621693,0.018569,-0.027287,0.008403,0.018236,-0.420038,-0.390671,-1.409616,0.039217,0.032663,-0.029735,-0.879325,-0.472509,0.059342,0.349542,-0.555755,0.754291,-0.32343,0.68401,0.653852,0.008229,-0.007387,0.001016,0.008387,-1.247091,-1.271236,-0.821476,0.081631,0.024711,-0.063434,-0.611966,0.48637,-0.623651,-0.687091,-0.717461,0.114687,-0.391666,0.49869,0.773243,-0.001049,-0.010914,0.008564,-0.364667,-0.578586,0.091751,0.355628
407,0.088622,-0.000489,0.355773,-0.536564,0.544675,-0.644572,-0.80224,-0.566168,0.189308,-0.261164,0.617998,0.741552,-0.002722,-0.016381,0.004026,-0.069313,-0.118135,0.104837,0.404399,-0.109998,0.028063,0.302926,0.88345,0.464887,0.058207,-0.331205,0.532096,0.779174,0.330133,-0.708215,0.623945,0.018653,-0.027438,0.008245,0.044587,0.078047,-0.248459,-1.409957,0.039552,0.032265,-0.029649,-0.86861,-0.491538,0.06249,0.36487,-0.549189,0.751837,-0.335237,0.675855,0.656379,0.009322,-0.013668,0.004166,0.014562,0.077296,-0.248501,-0.81821,0.081532,0.024228,-0.063162,-0.601616,0.48628,-0.63371,-0.694764,-0.710026,0.114737,-0.394157,0.509307,0.765013,-0.001875,-0.013611,0.00633,-0.081534,-0.185848,0.299445,0.363303
408,0.088405,-0.001184,0.355999,-0.52889,0.546815,-0.649087,-0.806978,-0.560834,0.184994,-0.262221,0.620958,0.7387,-0.016295,-0.01352,0.005947,-0.031835,-0.048054,0.104199,0.373459,-0.109255,0.027628,0.30307,0.871727,0.487103,0.053048,-0.348915,0.541353,0.764937,0.342777,-0.685931,0.641768,0.013758,0.001106,-0.000979,0.611567,-0.784797,0.427475,-1.409708,0.03992,0.032041,-0.029583,-0.856763,-0.51253,0.057167,0.382392,-0.556988,0.737251,-0.346022,0.65351,0.673195,0.00785,-0.005254,0.003117,0.860367,-2.192602,1.984214,-0.817067,0.081427,0.023871,-0.063057,-0.594295,0.490336,-0.637482,-0.700224,-0.70536,0.110241,-0.3956,0.511896,0.762537,-0.001298,-0.007962,0.002205,-0.029162,-0.074853,0.160057,0.33636
409,0.088295,-0.001391,0.35605,-0.526504,0.547458,-0.650484,-0.80842,-0.559209,0.183615,-0.262587,0.621855,0.737816,-0.002015,-0.014085,0.005931,-0.030185,-0.076344,0.159165,0.359964,-0.108971,0.02756,0.303087,0.86528,0.498568,0.052072,-0.359954,0.545929,0.756524,0.347651,-0.673968,0.651743,0.015898,-0.011472,0.005282,0.403129,-0.281648,-0.026812,-1.409869,0.04006,0.032016,-0.029571,-0.849741,-0.524333,0.054897,0.393624,-0.561724,0.727685,-0.350712,0.639953,0.68371,0.006843,0.000763,-0.000293,0.444874,-0.221396,-0.177265,-0.81772,0.081365,0.023763,-0.063036,-0.592048,0.49148,-0.63869,-0.70186,-0.703937,0.108916,-0.396068,0.512755,0.761716,-0.007461,-0.000719,-0.000828,0.00353,-0.079242,0.145831,0.317418
410,0.088022,-0.001495,0.356101,-0.523208,0.548269,-0.652457,-0.810298,-0.557179,0.181494,-0.263384,0.622959,0.736599,-3.6e-05,-0.000115,-9.6e-05,0.004448,-0.094131,0.175152,0.344353,-0.108663,0.027663,0.302987,0.856662,0.513514,0.049248,-0.37525,0.555036,0.742331,0.352773,-0.655046,0.668078,0.013809,0.00089,-0.001201,0.253253,-4.330918,-3.876085,-1.409997,0.040215,0.032061,-0.029614,-0.844221,-0.533516,0.051486,0.404388,-0.57094,0.714491,-0.351797,0.624009,0.697747,6e-05,-0.000281,-0.000282,0.003788,-0.04159,-0.040519,-0.813638,0.081226,0.023702,-0.06301,-0.588892,0.492999,-0.640435,-0.704001,-0.702112,0.106865,-0.396973,0.513799,0.76054,-0.006784,0.001455,0.000986,-0.00102,0.01473,-0.029446,0.286393
411,0.087759,-0.00134,0.356168,-0.520824,0.550767,-0.65226,-0.811575,-0.556407,0.178124,-0.264176,0.621442,0.737595,0.000587,0.001877,0.001564,0.082194,0.123157,0.064018,0.359471,-0.108727,0.027836,0.302619,0.85494,0.517399,0.036972,-0.373139,0.564162,0.736493,0.359115,-0.644098,0.675305,-0.000609,0.005091,-0.013611,0.131664,-0.03462,-0.03839,-1.40983,0.040186,0.032156,-0.029785,-0.838809,-0.54305,0.038671,0.407022,-0.578348,0.706998,-0.36157,0.608776,0.706157,-0.001314,0.008556,-0.010205,0.159204,-0.095037,0.016539,-0.81821,0.081094,0.023776,-0.062974,-0.587019,0.495622,-0.640129,-0.705248,-0.701331,0.103727,-0.397533,0.51234,0.761231,-0.006347,0.002846,0.002144,0.141297,0.225286,0.078385,0.284107
412,0.087673,-0.001136,0.356188,-0.518918,0.551149,-0.653455,-0.812513,-0.555527,0.176594,-0.265043,0.621891,0.736906,0.000493,0.001576,0.001313,0.004442,-0.094171,0.175131,0.372107,-0.108502,0.028284,0.302038,0.838431,0.544784,0.015341,-0.384618,0.571737,0.724651,0.38494,-0.614152,0.688842,0.010521,0.021146,-0.018522,0.501724,-0.227527,-0.098445,-1.409902,0.040296,0.032368,-0.030086,-0.82251,-0.568533,0.015693,0.417557,-0.584895,0.695372,-0.386164,0.578503,0.718477,0.006345,0.004299,-0.006122,0.648624,-0.403428,-0.011357,-0.819027,0.081053,0.023886,-0.062963,-0.585148,0.496672,-0.641028,-0.706304,-0.700527,0.101961,-0.398416,0.512423,0.760714,0.000827,0.006437,-0.003468,0.033078,-0.020061,0.014927,0.304191
413,0.087688,-0.001065,0.356194,-0.518129,0.551312,-0.653944,-0.812904,-0.555152,0.175968,-0.265387,0.62208,0.736623,0.000767,0.002452,0.002042,0.000641,-0.013651,0.025373,0.371031,-0.108242,0.028615,0.301799,0.826597,0.562783,-0.002048,-0.390147,0.575853,0.718409,0.404436,-0.59374,0.695534,0.011869,0.012413,-0.008491,0.48169,-0.335694,0.042416,-1.409446,0.04043,0.032537,-0.030217,-0.810465,-0.58578,-0.002678,0.42332,-0.588838,0.688526,-0.404902,0.556893,0.725206,0.005926,0.006337,-0.004111,0.523515,-0.319955,0.02441,-0.81919,0.08106,0.02392,-0.062961,-0.584278,0.497039,-0.641537,-0.706798,-0.700126,0.101283,-0.398816,0.512615,0.760375,0.000204,0.000654,0.000544,-0.000178,-0.000287,-0.000127,0.30909
414,0.087695,-0.001071,0.356255,-0.51735,0.551515,-0.654389,-0.813359,-0.554631,0.175509,-0.265512,0.622364,0.736337,-0.00092,-0.010535,0.00889,-0.034609,0.017888,-0.015935,0.367213,-0.107798,0.029445,0.301759,0.796284,0.604808,-0.011409,-0.419487,0.56587,0.709758,0.434709,-0.561141,0.704281,0.011269,0.012958,0.010651,0.061725,-0.064236,0.019914,-1.409497,0.04065,0.032936,-0.030252,-0.778656,-0.627294,-0.013975,0.45317,-0.577643,0.678943,-0.43397,0.522331,0.734056,0.004524,0.012992,0.002443,0.032656,-0.106279,0.037762,-0.817231,0.081065,0.023925,-0.06293,-0.583502,0.497413,-0.641954,-0.707329,-0.69966,0.100798,-0.399012,0.512888,0.760088,-1.4e-05,-4.4e-05,-3.5e-05,1e-05,-0.0,-7e-06,0.307294
415,0.087675,-0.001146,0.356298,-0.517389,0.551544,-0.654335,-0.813401,-0.554516,0.175677,-0.265309,0.622441,0.736346,-0.000266,-0.000851,-0.000708,0.0,0.0,0.0,0.361212,-0.107513,0.030254,0.302275,0.769977,0.638049,-0.004313,-0.448353,0.546022,0.707653,0.452892,-0.543744,0.706466,-0.003761,0.017908,0.017506,-0.012332,0.081159,-0.116453,-1.409143,0.040797,0.033348,-0.029987,-0.751249,-0.659962,-0.008574,0.481119,-0.556469,0.677396,-0.451827,0.504769,0.735567,-0.001966,0.009389,0.00919,-0.019223,0.080415,-0.104052,-0.813801,0.081055,0.023885,-0.062905,-0.58356,0.497429,-0.641888,-0.7074,-0.69956,0.100997,-0.3988,0.513009,0.760117,-0.000685,-0.005987,0.003848,-0.034615,0.017876,-0.015947,0.304028
416,0.08762,-0.001141,0.356288,-0.517642,0.551478,-0.65419,-0.813257,-0.554676,0.175839,-0.265255,0.622358,0.736436,-0.000293,-0.000937,-0.00078,0.0,0.0,0.0,0.355088,-0.107376,0.030505,0.302809,0.754613,0.65612,0.0076,-0.467219,0.529328,0.708134,0.459636,-0.538741,0.705944,0.012697,0.001411,0.036273,-0.070043,0.42802,-0.632946,-1.409264,0.040861,0.033472,-0.029735,-0.735268,-0.677774,0.001511,0.498939,-0.539751,0.678032,-0.458736,0.49929,0.73503,0.005329,0.006697,0.01475,-0.048722,1.531271,-2.222101,-0.813148,0.081027,0.023886,-0.062912,-0.583803,0.49731,-0.64176,-0.707236,-0.699702,0.101156,-0.398735,0.512931,0.760204,-0.000166,-0.000527,-0.000436,-6e-06,-3e-06,-1.5e-05,0.298476
417,0.087408,-0.001126,0.356293,-0.5174,0.553502,-0.652669,-0.813406,-0.555021,0.174051,-0.265271,0.620249,0.738207,-0.000132,-0.000419,-0.000349,7.5e-05,0.000114,5.9e-05,0.342698,-0.106907,0.030718,0.304041,0.737664,0.674937,0.017382,-0.475954,0.501757,0.722248,0.47781,-0.541896,0.69131,0.013352,-0.001863,0.032952,-1.01328,2.224369,-1.603274,-1.409113,0.041092,0.033595,-0.029102,-0.716104,-0.697946,0.00804,0.508391,-0.513654,0.691156,-0.47826,0.499027,0.72266,0.006618,-0.000707,0.016707,-0.533095,0.141496,0.218937,-0.815924,0.080921,0.023891,-0.06291,-0.583981,0.499266,-0.640077,-0.707259,-0.699943,0.099313,-0.398434,0.510698,0.761864,-0.006883,0.001125,0.000708,-0.003756,0.010786,-0.03143,0.28378
418,0.086999,-0.001148,0.356342,-0.522002,0.553728,-0.648802,-0.811996,-0.555462,0.179154,-0.26054,0.619653,0.74039,-0.01391,0.001798,0.001027,-0.124511,0.173021,-0.17612,0.340069,-0.106044,0.0304,0.305415,0.714979,0.698781,0.022405,-0.479984,0.467474,0.742305,0.507322,-0.542362,0.669575,0.027117,-0.001295,0.031357,-0.973849,-3.843962,-3.331188,-1.409025,0.041519,0.033437,-0.028413,-0.69734,-0.716582,0.015017,0.509737,-0.481102,0.713238,-0.503869,0.505024,0.70076,0.014559,-0.006541,0.019202,-0.941599,0.328088,0.402849,-0.822782,0.080721,0.02388,-0.062887,-0.58853,0.498405,-0.636571,-0.706022,-0.700465,0.104308,-0.393908,0.510823,0.76413,-0.006987,0.000799,0.000436,-0.4601,0.599039,-0.566182,0.273166
419,0.086591,-0.001318,0.356453,-0.521637,0.555859,-0.647272,-0.812369,-0.555401,0.177644,-0.260108,0.617796,0.742091,-0.014503,-4.8e-05,-0.000517,0.005112,-0.062245,0.122054,0.34792,-0.104402,0.029997,0.307015,0.710719,0.702946,0.027147,-0.472248,0.448325,0.758894,0.520383,-0.553061,0.650529,0.042194,-0.009106,0.040048,-0.576757,0.090437,0.230545,-1.409146,0.042335,0.033237,-0.027618,-0.689483,-0.724047,0.019197,0.503417,-0.459992,0.731421,-0.520753,0.513967,0.681654,0.028746,-0.008964,0.023934,-0.736347,-0.077746,0.37683,-0.81968,0.080518,0.023798,-0.062828,-0.588851,0.500523,-0.63461,-0.706249,-0.700448,0.102874,-0.393021,0.50877,0.765954,-0.00076,-0.006192,0.003681,-0.044331,0.004378,-0.021821,0.275289
420,0.086446,-0.001443,0.35653,-0.52144,0.557931,-0.645646,-0.812607,-0.555533,0.176139,-0.259762,0.615806,0.743864,-0.01418,0.000988,0.000345,0.025287,0.054325,-0.009012,0.352114,-0.103308,0.029792,0.307891,0.706766,0.707036,0.02394,-0.471949,0.446187,0.760339,0.526002,-0.549566,0.64897,0.055366,-0.005742,0.041128,-0.102059,-0.071513,0.106226,-1.408697,0.042857,0.033134,-0.027196,-0.686322,-0.727125,0.015842,0.50231,-0.458145,0.733339,-0.525972,0.511264,0.679677,0.028776,-0.009084,0.023776,-0.081632,-0.066448,0.083358,-0.816251,0.080445,0.023732,-0.062792,-0.588993,0.502609,-0.632827,-0.706462,-0.700479,0.101187,-0.392425,0.506667,0.767652,-0.000819,-0.006368,0.003536,-0.022332,0.038635,-0.003632,0.278881
421,0.086205,-0.001765,0.35668,-0.51796,0.565099,-0.642205,-0.816253,-0.55104,0.173373,-0.255269,0.613297,0.747484,-0.001871,-0.013475,0.006441,-0.032595,0.191133,0.171844,0.359221,-0.101076,0.029434,0.309615,0.699712,0.713833,0.028938,-0.48068,0.440597,0.758126,0.527531,-0.545274,0.651345,0.056793,-0.01462,0.050798,0.16501,-0.196565,-0.005657,-1.408946,0.043993,0.032953,-0.026325,-0.679356,-0.733525,0.020396,0.510545,-0.452513,0.731145,-0.527084,0.507121,0.681915,0.027399,-0.001786,0.02148,0.337338,-0.220882,-0.034814,-0.822946,0.08032,0.023573,-0.062716,-0.587003,0.509763,-0.628941,-0.7107,-0.696526,0.098769,-0.387725,0.504967,0.771152,-0.000959,-0.006801,0.003171,-0.026755,0.201087,0.177655,0.289332
422,0.085897,-0.002153,0.356826,-0.507633,0.578283,-0.638704,-0.826298,-0.536717,0.170703,-0.243464,0.613693,0.751089,-0.002097,-0.014166,0.005863,-0.30801,0.169429,0.392027,0.370226,-0.098851,0.029084,0.311434,0.686966,0.725888,0.033977,-0.488346,0.42669,0.761175,0.537152,-0.540404,0.647529,0.057019,-0.015613,0.049708,-0.150079,0.04698,-0.086435,-1.409134,0.045105,0.032783,-0.02541,-0.665536,-0.74596,0.024576,0.518521,-0.438432,0.734106,-0.536839,0.501318,0.678589,0.027394,-0.001863,0.02132,-0.098606,-0.093127,0.107395,-0.828171,0.080166,0.023384,-0.062646,-0.579515,0.524285,-0.623928,-0.722754,-0.684372,0.096231,-0.376546,0.506714,0.775533,-0.007968,-0.006008,0.003587,-1.077842,0.392087,1.210974,0.300762
423,0.085705,-0.002342,0.356901,-0.504293,0.58326,-0.636822,-0.829544,-0.532066,0.169511,-0.239341,0.613028,0.752954,-0.015882,-0.011827,0.007326,-0.001707,0.102634,-0.039132,0.378415,-0.097755,0.028916,0.312324,0.682485,0.729585,0.043711,-0.494445,0.416993,0.762611,0.53729,-0.542998,0.645241,0.056789,-0.01466,0.050526,-0.131163,-0.081097,0.080741,-1.409063,0.045653,0.032697,-0.024968,-0.660688,-0.749875,0.034304,0.524479,-0.428441,0.73577,-0.537039,0.504107,0.67636,0.020765,-0.003392,0.020888,-0.103009,-0.054126,-0.00311,-0.827191,0.08007,0.023284,-0.062606,-0.576924,0.529965,-0.621526,-0.727112,-0.679884,0.095207,-0.37211,0.506846,0.777586,-0.007936,-0.005889,0.003687,-0.024271,0.068495,-0.054124,0.309907
424,0.085342,-0.002682,0.357059,-0.50031,0.592218,-0.631675,-0.83319,-0.527757,0.165042,-0.235015,0.608139,0.758263,-0.000937,-0.002927,-0.002454,0.079865,0.019441,0.233542,0.392932,-0.095884,0.028489,0.314253,0.673498,0.737211,0.053964,-0.501745,0.402493,0.765627,0.541847,-0.543648,0.640868,0.042995,-0.015489,0.051689,-0.131625,-0.070976,0.07668,-1.409144,0.046594,0.032483,-0.024004,-0.651221,-0.757614,0.043945,0.531391,-0.413895,0.73913,-0.541787,0.504689,0.672127,0.021533,-0.008002,0.025582,-0.133809,-0.05966,0.058097,-0.827518,0.079888,0.023114,-0.062528,-0.574909,0.538954,-0.615635,-0.731212,-0.676052,0.090995,-0.367159,0.502474,0.782759,-0.007832,-0.005532,0.003988,0.040087,0.161068,-0.010937,0.329175
425,0.085107,-0.003016,0.357197,-0.500222,0.594276,-0.629809,-0.833456,-0.527665,0.163989,-0.234258,0.606208,0.760041,-0.000911,-0.002839,-0.002383,0.001432,0.002147,0.001101,0.403217,-0.094378,0.027912,0.316139,0.669873,0.739741,0.0636,-0.509965,0.396319,0.763414,0.538667,-0.54475,0.642611,0.030049,-0.019706,0.049769,0.247043,-0.040055,-0.28323,-1.409214,0.047352,0.032199,-0.023058,-0.64798,-0.7598,0.053162,0.538405,-0.407561,0.737572,-0.53874,0.506555,0.673172,0.014054,-0.004666,0.02063,0.463433,0.36321,-0.827422,-0.826211,0.079771,0.022947,-0.062458,-0.575121,0.540837,-0.613783,-0.731539,-0.67584,0.08994,-0.366177,0.500733,0.784334,-0.001028,-0.006987,0.003015,-0.040124,-0.09004,0.152578,0.345014
426,0.085042,-0.00333,0.357267,-0.496742,0.597333,-0.629671,-0.836711,-0.522334,0.16448,-0.230038,0.607812,0.760049,-0.001939,-0.01362,0.006316,-0.030668,-0.061727,0.134366,0.405316,-0.093579,0.027236,0.317745,0.664948,0.743167,0.074415,-0.521132,0.390447,0.758885,0.534074,-0.54433,0.646787,0.016226,-0.017497,0.035834,0.27968,-0.262217,0.023448,-1.40884,0.047754,0.031869,-0.022243,-0.642513,-0.763593,0.064038,0.549628,-0.401014,0.732868,-0.533933,0.506075,0.677349,0.001393,-0.009973,0.017807,0.439921,-0.190517,-0.174624,-0.828661,0.079738,0.022795,-0.062425,-0.572339,0.544269,-0.61335,-0.735637,-0.671263,0.090789,-0.362306,0.503165,0.784575,-0.000327,-0.001011,-0.000849,0.000336,-0.00127,-0.000151,0.353015
427,0.085025,-0.003425,0.357293,-0.496938,0.59733,-0.629519,-0.836664,-0.522321,0.16476,-0.229784,0.607827,0.760113,-0.000691,-0.002152,-0.001809,-0.000678,0.013496,-0.025455,0.406733,-0.093451,0.026813,0.318359,0.662622,0.745215,0.07468,-0.52437,0.390589,0.756578,0.533798,-0.541419,0.649453,0.004118,-0.024975,0.031062,0.392311,-0.185223,-0.216486,-1.408898,0.047821,0.031663,-0.021931,-0.640406,-0.765369,0.063947,0.552063,-0.40084,0.73113,-0.533952,0.503523,0.679233,0.001046,-0.007134,0.011428,0.451658,-0.220495,-0.222367,-0.828007,0.079729,0.022742,-0.06241,-0.57243,0.544261,-0.613272,-0.735672,-0.671194,0.091014,-0.362089,0.503267,0.78461,-0.000132,-0.000408,-0.000343,0.000414,-0.000217,-0.000506,0.354811
428,0.084996,-0.003516,0.357376,-0.493592,0.600276,-0.629349,-0.83972,-0.517279,0.165116,-0.225827,0.609229,0.760177,0.000488,0.001519,0.001277,0.00068,-0.013489,0.025459,0.410145,-0.093435,0.026099,0.31915,0.657932,0.749212,0.076148,-0.531864,0.390869,0.751183,0.532191,-0.535666,0.655513,0.00352,-0.019718,0.017928,0.158979,-0.075794,-0.123988,-1.409062,0.04783,0.031303,-0.021531,-0.634935,-0.769811,0.065166,0.560739,-0.401179,0.72431,-0.531439,0.496432,0.686386,0.000684,-0.004216,0.005128,0.237265,-0.098529,-0.119447,-0.83062,0.079713,0.022691,-0.062374,-0.569706,0.547712,-0.612736,-0.739565,-0.666828,0.091564,-0.358439,0.505323,0.784964,6.4e-05,0.000204,0.000173,0.000409,-0.000148,-0.00047,0.358567
429,0.084928,-0.003478,0.357458,-0.490104,0.603189,-0.629291,-0.842756,-0.512277,0.165242,-0.222097,0.610573,0.760198,0.000617,0.00192,0.001613,-0.0,0.0,0.0,0.410161,-0.093608,0.025622,0.319494,0.654372,0.752166,0.077682,-0.538006,0.391093,0.746679,0.53041,-0.531342,0.660458,-0.011016,-0.0148,0.006517,0.133428,-0.044112,-0.111273,-1.409093,0.047745,0.031054,-0.021356,-0.631094,-0.772846,0.066543,0.566804,-0.400873,0.719745,-0.529577,0.491944,0.691041,-0.005448,-0.007672,0.003012,0.134217,-0.044189,-0.111215,-0.831927,0.07968,0.022712,-0.062331,-0.566779,0.551187,-0.612335,-0.743455,-0.662448,0.091848,-0.355015,0.507301,0.785244,0.000373,0.001161,0.000975,0.001127,-0.013762,0.02506,0.360527
430,0.084827,-0.003432,0.35752,-0.490252,0.603164,-0.629199,-0.842694,-0.512335,0.165381,-0.222006,0.610549,0.760244,0.000675,0.002099,0.001763,0.0,0.0,0.0,0.408592,-0.093806,0.025415,0.31953,0.653009,0.753192,0.079188,-0.540624,0.390532,0.74508,0.529429,-0.530299,0.66208,-0.010567,-0.016619,0.004861,0.488942,-0.179397,-0.238731,-1.408669,0.047655,0.030958,-0.021339,-0.630563,-0.773173,0.067766,0.567436,-0.399676,0.719913,-0.529533,0.492403,0.690747,-0.006367,-0.002579,-0.001322,-0.020943,0.017622,-0.027009,-0.831763,0.079629,0.022736,-0.062299,-0.566928,0.551123,-0.612253,-0.743381,-0.662512,0.091985,-0.35493,0.507287,0.785292,-0.006398,0.002753,0.00206,-0.000671,0.014646,-0.029942,0.3602
431,0.084596,-0.003405,0.357706,-0.490583,0.603149,-0.628956,-0.842611,-0.512321,0.165849,-0.221592,0.610576,0.760343,0.000671,0.00208,0.001746,0.0,0.0,0.0,0.407588,-0.094491,0.025087,0.319344,0.652146,0.753451,0.083709,-0.543007,0.387381,0.744992,0.528055,-0.532242,0.661618,-0.02517,-0.011535,-0.006438,-0.006389,0.046353,-0.082385,-1.408651,0.047313,0.030789,-0.021431,-0.62855,-0.774391,0.072399,0.571658,-0.396859,0.718129,-0.527381,0.492768,0.692133,-0.012605,-0.005685,-0.003134,-0.011567,0.048573,-0.080306,-0.83062,0.079515,0.022751,-0.062204,-0.567268,0.551024,-0.612028,-0.743308,-0.662528,0.092456,-0.35454,0.507373,0.785412,0.000347,0.001082,0.000913,0.000212,-4.1e-05,-0.000261,0.359383
432,0.084425,-0.003518,0.357978,-0.487399,0.60609,-0.628603,-0.845609,-0.5071,0.166636,-0.217168,0.612015,0.760462,-0.01409,-0.006091,0.012131,-1.077772,0.308933,1.215347,0.404378,-0.095615,0.024609,0.319117,0.649936,0.754938,0.08742,-0.547067,0.385066,0.743219,0.526592,-0.531816,0.663126,-0.038607,-0.014083,-0.006762,0.057063,-1.690659,1.763925,-1.408742,0.046757,0.030547,-0.021548,-0.626123,-0.775733,0.078782,0.576951,-0.392958,0.716038,-0.524496,0.493781,0.6936,-0.012672,-0.005491,-0.002965,0.03408,0.00781,-0.079807,-0.828824,0.079435,0.022699,-0.062072,-0.565547,0.553412,-0.611466,-0.746065,-0.659299,0.093335,-0.351486,0.508978,0.785746,0.000339,0.001004,0.000828,-3.476811,0.922009,4.200137,0.357914
433,0.084362,-0.003658,0.358205,-0.485952,0.609338,-0.626581,-0.848108,-0.501931,0.169558,-0.210584,0.613046,0.761483,8.3e-05,-0.007318,0.011613,-1.072744,0.285613,1.272071,0.40049,-0.096317,0.024233,0.319023,0.649305,0.755394,0.088171,-0.547501,0.383982,0.743461,0.526921,-0.531953,0.662754,-0.036256,-0.026692,-0.000316,-0.043426,0.017426,-0.076761,-1.408739,0.04642,0.03037,-0.021594,-0.625652,-0.776329,0.076632,0.575972,-0.39345,0.716556,-0.526132,0.492453,0.693306,-0.018182,-0.013106,8.1e-05,-0.046024,-0.543741,0.55011,-0.828008,0.079397,0.022629,-0.061965,-0.566929,0.554277,-0.609399,-0.746853,-0.65797,0.096349,-0.347563,0.509755,0.786986,-0.000511,-0.00914,0.010089,-0.067323,0.033788,-0.030622,0.355301
434,0.084211,-0.004109,0.35882,-0.484544,0.618182,-0.618961,-0.852706,-0.491686,0.176376,-0.194706,0.612484,0.766147,-0.001,-0.018239,0.020217,-0.078545,0.053525,-0.042823,0.399613,-0.097795,0.023301,0.318942,0.646276,0.758373,0.084781,-0.549737,0.385808,0.740861,0.528315,-0.526359,0.666103,-0.049696,-0.029654,-0.001058,0.47284,-0.126753,-0.35433,-1.408851,0.045685,0.029908,-0.021638,-0.623725,-0.778216,0.073116,0.576218,-0.394582,0.715736,-0.528147,0.488554,0.694532,-0.018207,-0.013255,-7.6e-05,-0.051595,0.073966,-0.135865,-0.828824,0.079323,0.022407,-0.061654,-0.564351,0.566306,-0.600669,-0.757314,-0.644774,0.103637,-0.328606,0.513383,0.792751,-0.000407,-0.008807,0.010373,-0.115853,0.067196,-0.078634,0.350076
435,0.084031,-0.004727,0.359641,-0.477658,0.627954,-0.61446,-0.85876,-0.481325,0.175586,-0.184908,0.610761,0.76994,-0.000779,-0.017554,0.020803,-0.056947,0.053985,-0.022751,0.400554,-0.099342,0.022276,0.319123,0.644919,0.758997,0.089419,-0.551549,0.38141,0.741791,0.528087,-0.528664,0.664455,-0.038055,-0.019947,0.005778,-0.042285,0.051542,-0.108254,-1.408585,0.044897,0.029371,-0.021561,-0.621129,-0.779843,0.077725,0.579903,-0.390625,0.714928,-0.527171,0.489136,0.694863,-0.019081,-0.009762,0.003111,-0.047192,0.053069,-0.107088,-0.828987,0.079233,0.022104,-0.061252,-0.559407,0.57694,-0.595149,-0.765087,-0.635644,0.102942,-0.318912,0.512927,0.796994,-0.007267,-0.007454,0.011259,-0.079599,0.038496,-0.064912,0.349586
436,0.083765,-0.005328,0.360514,-0.476806,0.635881,-0.606924,-0.859678,-0.481344,0.170977,-0.182832,0.60249,0.77692,-0.013904,-0.01301,0.024102,0.024772,0.176946,0.033697,0.401627,-0.10099,0.021369,0.319649,0.645808,0.75794,0.091931,-0.553876,0.382385,0.739552,0.524557,-0.529477,0.666601,-0.037413,-0.025534,0.018668,-0.043633,0.028242,-0.116969,-1.408927,0.044092,0.028925,-0.021307,-0.622063,-0.778853,0.08016,0.5823,-0.391762,0.712354,-0.523415,0.489806,0.697227,-0.018794,-0.012425,0.009678,-0.065903,0.028108,-0.122017,-0.830783,0.079104,0.021793,-0.060811,-0.560294,0.584248,-0.587131,-0.765794,-0.635512,0.098399,-0.31564,0.504754,0.803488,-0.000209,-0.008179,0.01091,0.028301,0.181964,0.042216,0.350076
