frame,MLTx,MLTy,MLTz,MLTR1,MLTR2,MLTR3,MLTR4,MLTR5,MLTR6,MLTR7,MLTR8,MLTR9,MLTTVx,MLTTVy,MLTTVz,MLTRVx,MLTRVy,MLTRVz,MLGA,MRTx,MRTy,MRTz,MRTR1,MRTR2,MRTR3,MRTR4,MRTR5,MRTR6,MRTR7,MRTR8,MRTR9,MRTTVx,MRTTVy,MRTTVz,MRTRVx,MRTRVy,MRTRVz,MRGA,SLTx,SLTy,SLTz,SLTR1,SLTR2,SLTR3,SLTR4,SLTR5,SLTR6,SLTR7,SLTR8,SLTR9,SLTTVx,SLTTVy,SLTTVz,SLTRVx,SLTRVy,SLTRVz,SLGA,SRTx,SRTy,SRTz,SRTR1,SRTR2,SRTR3,SRTR4,SRTR5,SRTR6,SRTR7,SRTR8,SRTR9,SRTTVx,SRTTVy,SRTTVz,SRTRVx,SRTRVy,SRTRVz,SRGA
902,0.18287,0.236284,0.345639,-0.619286,-0.526147,-0.582838,-0.167219,-0.636922,0.752556,-0.766411,0.564161,0.307188,-0.020226,-0.025098,-0.01031,0.45093,-2.106156,-0.756559,-1.913656,-0.201405,-0.008088,0.302989,-0.759754,0.457247,0.462266,-0.076013,-0.768406,0.63538,0.646677,0.447015,0.61794,-9.7e-05,-0.00093,-0.001004,0.0,0.0,0.0,0.320744,0.027303,0.040061,-0.029522,0.668944,-0.372473,0.643254,-0.002066,0.864454,0.502706,-0.743309,-0.337612,0.577502,-6.6e-05,-0.000631,-0.000684,-5e-06,5e-06,-4e-06,0.239749,0.093227,0.155695,-0.05212,0.557256,0.600281,-0.573696,0.059441,0.660305,0.748641,0.82821,-0.451285,0.332278,-0.010191,-0.013382,-0.005381,3.125165,-4.537553,-1.772309,-0.999684
903,0.182219,0.235588,0.34512,-0.579272,-0.555859,-0.596247,-0.168367,-0.634127,0.754657,-0.796863,0.538229,0.274492,-0.013899,-0.011899,-0.015435,-0.200467,-0.699974,0.317722,-1.913443,-0.201375,-0.008164,0.302964,-0.759486,0.45691,0.463041,-0.075358,-0.768671,0.635138,0.647069,0.446905,0.617609,-0.000141,-0.001352,-0.00146,0.0,0.0,0.0,0.323431,0.027318,0.040022,-0.029535,0.66857,-0.372011,0.64391,-0.00267,0.864674,0.502325,-0.743643,-0.337559,0.577102,-7.6e-05,-0.000731,-0.00079,-4e-06,0.0,1e-06,0.245465,0.092894,0.155323,-0.052385,0.511135,0.627018,-0.587867,0.060506,0.656018,0.752315,0.857367,-0.420104,0.297375,-0.006936,-0.006153,-0.007734,-0.105308,-0.651937,0.397482,-0.994948
904,0.181516,0.235557,0.344574,-0.561936,-0.563417,-0.605668,-0.175202,-0.634548,0.752745,-0.80774,0.529808,0.258624,-0.020806,0.007798,-0.011969,0.073264,-0.265264,0.186089,-1.913756,-0.201539,-0.008214,0.302844,-0.759156,0.4564,0.464083,-0.074617,-0.769168,0.634622,0.647541,0.446571,0.617355,-0.014873,-0.002902,-0.002268,-0.002045,0.015205,-0.029245,0.323328,0.027236,0.039998,-0.029593,0.668099,-0.371333,0.64479,-0.003312,0.865077,0.501627,-0.744064,-0.337273,0.576727,-0.007448,-0.00157,-0.001262,-0.002048,0.015208,-0.029244,0.247424,0.092551,0.155273,-0.052659,0.493553,0.631677,-0.597819,0.066735,0.657841,0.750194,0.867151,-0.410156,0.282525,-0.007001,0.004109,-0.006042,0.113541,-0.230967,0.228049,-0.99054
905,0.181141,0.235827,0.344355,-0.557953,-0.563747,-0.609034,-0.175666,-0.637047,0.750523,-0.810399,0.526442,0.257175,-0.02079,0.013588,-0.010959,0.072442,-0.11516,0.055481,-1.91381,-0.201635,-0.008258,0.302757,-0.759006,0.45616,0.464563,-0.074284,-0.769408,0.634372,0.647755,0.446405,0.617251,-0.000379,-0.003592,-0.003886,0.0,0.0,0.0,0.321991,0.027188,0.039975,-0.029638,0.667884,-0.371016,0.645195,-0.003597,0.86527,0.501292,-0.744256,-0.337126,0.576566,-0.000199,-0.0019,-0.002051,-1e-05,1.3e-05,-1.2e-05,0.247097,0.092363,0.155408,-0.052768,0.489757,0.63112,-0.601517,0.066832,0.66072,0.747651,0.869293,-0.406368,0.281413,-0.006998,0.007451,-0.005463,0.082368,-0.268605,0.225978,-0.983355
906,0.180155,0.234906,0.344351,-0.548722,-0.564009,-0.617125,-0.180905,-0.640606,0.746237,-0.81554,0.521817,0.250257,-0.033608,-0.062279,0.011382,-0.099434,-0.272282,0.173532,-1.913885,-0.201782,-0.008388,0.302595,-0.758789,0.455816,0.465255,-0.073765,-0.769724,0.634048,0.648069,0.446212,0.617061,3.5e-05,-0.015032,0.003859,-0.037867,0.029415,-0.040544,0.318795,0.027115,0.039915,-0.029722,0.667589,-0.37058,0.645751,-0.004011,0.865525,0.500849,-0.744518,-0.336951,0.576329,-0.000147,-0.0014,-0.001514,-8e-06,7e-06,-1.3e-05,0.244975,0.091875,0.155008,-0.052773,0.480996,0.629903,-0.609806,0.071599,0.665006,0.743397,0.873794,-0.401232,0.274765,-0.016794,-0.031434,0.005653,-0.099692,-0.266541,0.170093,-0.981232
907,0.178313,0.231619,0.344918,-0.547677,-0.549305,-0.631156,-0.185717,-0.65574,0.731769,-0.815162,0.518672,0.25791,-0.055207,-0.103186,0.019327,0.413526,0.407844,0.641717,-1.914909,-0.201777,-0.008679,0.302444,-0.753036,0.464394,0.466118,-0.08204,-0.769022,0.633884,0.653761,0.438509,0.616579,-0.000795,-0.007491,-0.008134,-0.001613,0.015899,-0.02398,0.292552,0.027118,0.039772,-0.029787,0.661533,-0.378908,0.647149,0.004163,0.864804,0.502091,-0.749904,-0.329456,0.573674,0.007076,-0.009756,-0.00094,-0.034802,0.01308,-0.011938,0.233054,0.090963,0.153392,-0.052491,0.481001,0.616773,-0.623079,0.074912,0.679181,0.730137,0.873513,-0.397874,0.280483,-0.02759,-0.052593,0.009503,0.103536,0.137885,0.311535,-0.989233
908,0.177225,0.229301,0.34533,-0.549316,-0.542449,-0.635647,-0.187412,-0.661355,0.726263,-0.81367,0.518748,0.262429,-0.05628,-0.126269,0.0226,0.122492,0.201287,0.349125,-1.915072,-0.201786,-0.009118,0.302299,-0.749719,0.468141,0.467714,-0.085017,-0.768931,0.633601,0.657185,0.434666,0.615659,-0.001139,-0.026071,-0.008175,-0.039484,0.04526,-0.064559,0.240775,0.027114,0.039559,-0.029852,0.657908,-0.382327,0.648831,0.007142,0.864678,0.502274,-0.753063,-0.325817,0.571609,-0.000614,-0.013482,-0.004574,-0.038852,0.044376,-0.065113,0.20007,0.090398,0.152202,-0.052277,0.484941,0.608343,-0.628291,0.075484,0.686623,0.723084,0.871283,-0.398079,0.287051,-0.028144,-0.06405,0.011158,0.117626,0.204872,0.3498,-0.989233
909,0.175168,0.222703,0.346368,-0.549586,-0.535667,-0.64114,-0.189228,-0.667687,0.719971,-0.813067,0.517672,0.266393,-0.052597,-0.199044,0.031363,-0.028289,0.063646,0.095387,-1.914827,-0.201947,-0.010772,0.301772,-0.746899,0.469229,0.471123,-0.085768,-0.770463,0.631636,0.660291,0.430768,0.615076,-0.002175,-0.050851,-0.015238,-0.067507,-0.019298,0.03629,0.129664,0.027041,0.038771,-0.030096,0.654652,-0.382832,0.651819,0.008356,0.865887,0.500168,-0.755883,-0.32199,0.570054,-0.001076,-0.025358,-0.007535,-0.08285,0.077849,-0.102634,0.063396,0.089391,0.149002,-0.051765,0.486508,0.601467,-0.633676,0.076744,0.693075,0.716767,0.870298,-0.397344,0.291028,-0.029856,-0.101331,0.015499,0.235723,-0.261363,0.12785,-0.99005
910,0.172692,0.214155,0.347734,-0.54004,-0.530589,-0.653359,-0.177729,-0.686909,0.704656,-0.822013,0.49732,0.277477,-0.071498,-0.237823,0.04026,0.430896,0.412593,0.862062,-1.914958,-0.202102,-0.012423,0.300775,-0.739608,0.476441,0.475368,-0.091271,-0.770655,0.63063,0.66772,0.422429,0.612835,-0.003405,-0.031305,-0.03487,-0.006477,0.06319,-0.096186,0.065419,0.026958,0.037925,-0.030593,0.646543,-0.389247,0.656101,0.013836,0.865877,0.500066,-0.762752,-0.314236,0.565212,-0.001727,-0.015987,-0.01779,-0.00553,0.061344,-0.096533,-0.049765,0.088133,0.144635,-0.051074,0.476778,0.596607,-0.645555,0.063487,0.709111,0.702232,0.876727,-0.375794,0.300211,-0.035739,-0.119927,0.019956,0.420846,0.410118,0.858355,-0.990213
911,0.169802,0.204324,0.349226,-0.505234,-0.536069,-0.676324,-0.14407,-0.720324,0.678491,-0.850266,0.440898,0.287548,-0.069933,-0.273079,0.041032,4.091728,-3.295729,-0.872163,-1.913822,-0.202155,-0.013432,0.299361,-0.732414,0.483655,0.479206,-0.098323,-0.771459,0.628584,0.674614,0.412655,0.611944,-0.003609,-0.017675,-0.040606,0.029971,0.051128,-0.081044,0.077413,0.026929,0.037393,-0.031323,0.638657,-0.395713,0.659945,0.021131,0.866334,0.499018,-0.769201,-0.304756,0.561652,-0.001563,-0.01442,-0.016258,0.006143,-0.0626,0.093417,-0.087158,0.086715,0.139831,-0.050341,0.445757,0.594319,-0.669391,0.030313,0.737343,0.674837,0.89464,-0.321105,0.31066,-0.038721,-0.137393,0.020534,0.259584,0.048177,0.126607,-0.992499
912,0.168317,0.198697,0.350008,-0.486793,-0.537323,-0.68874,-0.134008,-0.733206,0.666651,-0.862593,0.417483,0.285777,-0.073652,-0.302119,0.042875,-0.507408,-1.127025,2.728398,-1.913486,-0.202275,-0.013772,0.298639,-0.732157,0.483205,0.480052,-0.09805,-0.772087,0.627855,0.674932,0.412008,0.612028,-0.018118,-0.014884,-0.036767,0.027744,0.065049,-0.108756,0.091209,0.026867,0.037213,-0.031703,0.638295,-0.395104,0.660659,0.020981,0.866843,0.49814,-0.769505,-0.304099,0.561592,-0.009021,-0.007278,-0.018191,0.027343,0.064121,-0.108325,-0.077851,0.085975,0.137038,-0.049948,0.425933,0.596322,-0.680425,0.012767,0.748019,0.663553,0.904663,-0.291317,0.310993,-0.036629,-0.145565,0.018535,0.201496,0.367202,0.545262,-0.988417
913,0.165299,0.186352,0.351422,-0.471525,-0.527526,-0.7067,-0.128421,-0.751769,0.646779,-0.871886,0.396381,0.287617,-0.081166,-0.331422,0.034941,-0.058246,0.128342,0.674437,-1.913306,-0.202965,-0.014231,0.297511,-0.732562,0.482778,0.479864,-0.098294,-0.772471,0.627344,0.674457,0.41179,0.612699,-0.017127,-0.005276,-0.026045,0.030978,0.033357,-0.060657,0.092557,0.026539,0.036978,-0.03226,0.63876,-0.394731,0.660432,0.021276,0.867101,0.497676,-0.769111,-0.303845,0.562268,-0.008336,-0.008317,-0.009085,-0.004797,0.05078,-0.081843,-0.062501,0.08447,0.130881,-0.049237,0.411855,0.582577,-0.700698,0.006341,0.767092,0.641505,0.911226,-0.268651,0.312236,-0.040562,-0.167519,0.017067,0.056183,0.265468,0.755174,-0.981395
914,0.161934,0.171898,0.352723,-0.475373,-0.496632,-0.726238,-0.14399,-0.770429,0.62103,-0.867351,0.400406,0.295641,-0.082367,-0.380297,0.028025,-0.028486,0.18594,0.833676,-1.912494,-0.204145,-0.014391,0.296938,-0.725541,0.506043,0.466371,-0.123611,-0.762375,0.635169,0.677872,0.402552,0.615065,-0.030853,0.004901,-0.013621,-0.078988,0.127917,0.004684,0.085002,0.025942,0.036888,-0.032565,0.633398,-0.419932,0.649971,0.044952,0.858494,0.510849,-0.772519,-0.294354,0.562645,-0.022557,-0.002519,-0.001641,-0.143697,0.086561,0.138028,-0.067727,0.082821,0.123828,-0.04859,0.420177,0.553057,-0.719429,0.019638,0.787082,0.616534,0.907229,-0.273181,0.319853,-0.041239,-0.197652,0.016743,0.031362,0.343586,0.938499,-0.982375
915,0.160547,0.164435,0.353183,-0.47736,-0.481724,-0.734925,-0.151732,-0.778622,0.608849,-0.864936,0.402747,0.29951,-0.069562,-0.410741,0.025875,-0.012383,0.292675,0.895463,-1.912644,-0.204931,-0.014394,0.296901,-0.718145,0.522957,0.459101,-0.140664,-0.755077,0.640318,0.682406,0.394601,0.615203,-0.044664,-0.000869,0.001443,-0.249681,-0.296006,0.950729,0.080113,0.025538,0.036888,-0.032589,0.627013,-0.43725,0.644722,0.060914,0.852604,0.518995,-0.776623,-0.286144,0.561228,-0.022271,9e-05,0.001344,-0.352542,-0.281956,1.060318,-0.072136,0.082066,0.119811,-0.048338,0.424531,0.537763,-0.728411,0.027182,0.796574,0.603928,0.905004,-0.276186,0.323553,-0.034835,-0.207417,0.012355,0.046251,0.343588,0.943037,-0.984334
916,0.158289,0.148182,0.353574,-0.472374,-0.459575,-0.75213,-0.148827,-0.799496,0.581918,-0.868177,0.387388,0.310205,-0.056979,-0.412514,-0.002564,0.537478,0.28142,0.763558,-1.912176,-0.206731,-0.014178,0.297266,-0.71053,0.532351,0.460154,-0.148301,-0.752417,0.641724,0.68873,0.38705,0.612949,-0.058128,0.010158,0.014787,-0.001527,0.080636,-0.122994,0.07674,0.024638,0.036995,-0.032408,0.618539,-0.447051,0.646184,0.068017,0.84975,0.522778,-0.782804,-0.279408,0.55601,-0.029009,0.005574,0.007986,0.017863,0.066397,-0.134433,-0.079973,0.080959,0.111828,-0.048144,0.422656,0.515839,-0.745165,0.022429,0.81601,0.577602,0.906012,-0.26084,0.333322,-0.028726,-0.214267,0.001374,1.476033,-0.272004,0.48269,-0.986457
917,0.155446,0.13201,0.353301,-0.48965,-0.429036,-0.759089,-0.134354,-0.82307,0.551794,-0.860918,0.372702,0.346324,-0.090583,-0.412265,-0.009983,0.433428,1.148575,0.94513,-1.912528,-0.208521,-0.013602,0.297976,-0.700476,0.53385,0.473634,-0.139073,-0.752916,0.643202,0.700848,0.384004,0.601013,-0.042669,0.027919,0.013296,-0.238874,0.93495,-0.604335,0.075031,0.023775,0.03727,-0.032061,0.609052,-0.446527,0.655491,0.060448,0.85019,0.522993,-0.790823,-0.278907,0.544801,-0.013756,0.008379,0.010351,-0.412896,0.357862,0.2678,-0.082423,0.079547,0.10371,-0.048287,0.443404,0.488435,-0.751547,0.005033,0.837109,0.547012,0.896307,-0.24633,0.368719,-0.040107,-0.201021,-0.008691,0.266462,0.834573,0.808558,-0.984661
918,0.152394,0.116496,0.352093,-0.523973,-0.390753,-0.756842,-0.134341,-0.839547,0.52639,-0.840445,0.377971,0.388353,-0.055749,-0.39219,-0.04888,0.427421,1.072938,0.781499,-1.91273,-0.209783,-0.012977,0.298771,-0.683009,0.532138,0.500319,-0.12235,-0.758541,0.639985,0.720917,0.375229,0.582533,-0.027528,0.015571,0.019109,-0.18472,0.339395,-0.075296,0.080914,0.023114,0.037611,-0.031637,0.58499,-0.440178,0.681197,0.042445,0.85537,0.516275,-0.809929,-0.273102,0.519066,-0.013768,0.007857,0.009661,-0.146273,0.306619,-0.092917,-0.082423,0.077988,0.095807,-0.04889,0.483698,0.454155,-0.748183,0.003575,0.853804,0.52058,0.875227,-0.254479,0.41136,-0.027874,-0.197083,-0.024812,0.323354,0.978687,0.711247,-0.995928
919,0.151353,0.108556,0.351036,-0.52976,-0.375517,-0.760517,-0.140023,-0.845648,0.515019,-0.835874,0.379789,0.396362,-0.048007,-0.404496,-0.061373,-0.021067,-0.13817,1.13544,-1.912496,-0.210261,-0.012845,0.299117,-0.671976,0.527007,0.520291,-0.10485,-0.763061,0.637713,0.733923,0.37331,0.567327,-0.027885,-0.000952,0.021063,-3.004611,-1.460354,-5.200366,0.080213,0.022887,0.037687,-0.031461,0.569568,-0.437016,0.696137,0.031277,0.85785,0.512945,-0.821348,-0.270385,0.502273,-0.006739,0.004969,0.006005,-0.273411,0.305358,0.16852,-0.079484,0.077469,0.091845,-0.049414,0.493187,0.438364,-0.7514,0.008374,0.861323,0.507988,0.869882,-0.256825,0.421123,-0.024028,-0.203514,-0.031216,-0.119303,-0.288217,1.133261,-1.007032
920,0.149268,0.092614,0.348224,-0.531712,-0.35984,-0.766708,-0.130778,-0.859535,0.494032,-0.836129,0.363395,0.410926,-0.072056,-0.392844,-0.082741,0.257089,0.609405,0.344152,-1.91326,-0.210643,-0.013167,0.299347,-0.659691,0.500479,0.560644,-0.055303,-0.776187,0.628021,0.750288,0.382662,0.538983,-0.000875,-0.006402,-0.007243,-0.196899,1.881368,-2.115056,0.011675,0.022688,0.037544,-0.031317,0.555526,-0.399864,0.729039,-0.020061,0.870077,0.492507,-0.831257,-0.288225,0.475329,-0.00037,-0.009451,-0.000332,-0.637257,0.023196,-0.14134,-0.116551,0.07645,0.083999,-0.050799,0.495447,0.424762,-0.757699,-0.001415,0.872677,0.488294,0.868636,-0.240851,0.432966,-0.030775,-0.204314,-0.038833,0.517882,0.508716,0.220657,-1.02728
921,0.145768,0.07828,0.344811,-0.542061,-0.376663,-0.751226,-0.068978,-0.870986,0.486413,-0.836851,0.315948,0.447086,-0.1058,-0.331519,-0.090184,1.529184,0.650276,-1.044886,-1.914481,-0.210099,-0.013765,0.298653,-0.675312,0.453342,0.581744,-0.000764,-0.789086,0.614229,0.738333,0.413778,0.532461,0.012119,-0.020065,-0.023566,0.10702,-0.135331,-0.423335,-0.054195,0.022959,0.037244,-0.031665,0.567177,-0.348963,0.746012,-0.073054,0.880912,0.467607,-0.820349,-0.319715,0.47414,0.005967,-0.010707,-0.012554,0.179679,-0.200467,-0.472698,-0.204564,0.074741,0.076879,-0.052492,0.503471,0.438973,-0.744189,-0.058238,0.876601,0.477679,0.862046,-0.197158,0.466909,-0.052607,-0.165343,-0.044525,0.564373,1.362146,0.419273,-1.031362
922,0.143898,0.072674,0.343018,-0.558567,-0.375099,-0.73983,-0.052147,-0.874288,0.482569,-0.827144,0.308588,0.469715,-0.104308,-0.275295,-0.105526,0.206347,2.690579,-1.878929,-1.914918,-0.209448,-0.014157,0.297935,-0.686079,0.440068,0.579333,0.011707,-0.789407,0.613705,0.728247,0.427276,0.535682,0.040508,-0.016552,-0.042008,0.195129,-0.056529,-0.280918,-0.072565,0.023254,0.037066,-0.031994,0.578799,-0.336612,0.742753,-0.085063,0.880938,0.465523,-0.81102,-0.332625,0.481253,0.020175,-0.008852,-0.021662,0.266388,-0.279514,-0.446757,-0.233467,0.073767,0.073919,-0.053429,0.518295,0.441771,-0.732262,-0.080736,0.877696,0.472366,0.851381,-0.185705,0.490573,-0.046324,-0.143223,-0.048942,0.573464,1.158007,0.433479,-1.037404
923,0.14014,0.063302,0.33912,-0.579054,-0.37946,-0.721632,-0.003608,-0.88391,0.467613,-0.81458,0.273843,0.511366,-0.102335,-0.219798,-0.0957,0.520523,0.975998,0.186715,-1.916489,-0.207674,-0.015065,0.295953,-0.703518,0.444423,0.554565,-0.004925,-0.783243,0.621643,0.711499,0.434043,0.552484,0.053718,-0.017503,-0.065495,0.144968,-0.650005,0.592523,-0.074239,0.024151,0.0366,-0.032989,0.599532,-0.343766,0.722762,-0.070212,0.876985,0.47536,-0.797264,-0.33574,0.501644,0.026931,-0.015197,-0.029718,0.003398,-1.844043,2.03373,-0.256817,0.071846,0.069114,-0.055427,0.539164,0.450664,-0.711479,-0.13069,0.879322,0.457942,0.831998,-0.153923,0.532997,-0.050813,-0.108108,-0.046657,0.567694,1.021514,0.218938,-1.032179
924,0.136275,0.055281,0.33562,-0.584333,-0.379846,-0.717159,0.032179,-0.893867,0.447146,-0.810167,0.238671,0.535437,-0.090699,-0.205917,-0.079268,0.203128,0.630247,0.024727,-1.917208,-0.205364,-0.016183,0.29325,-0.728296,0.450845,0.516057,-0.032549,-0.774865,0.631235,0.685365,0.442358,0.578323,0.068289,-0.024146,-0.075277,0.495603,-0.637859,0.154954,-0.105208,0.025278,0.036049,-0.034322,0.628662,-0.358054,0.690348,-0.04524,0.869363,0.492098,-0.776361,-0.340595,0.530337,0.026638,-0.012395,-0.037614,0.06568,-0.721457,0.821015,-0.269881,0.069983,0.06527,-0.057106,0.544045,0.451523,-0.707206,-0.166809,0.884239,0.436228,0.822307,-0.119359,0.556384,-0.04479,-0.096355,-0.042615,0.414211,0.829623,0.180172,-1.026463
925,0.132997,0.048241,0.33258,-0.600257,-0.385453,-0.700831,0.050338,-0.892704,0.447793,-0.797493,0.233986,0.556132,-0.077126,-0.182314,-0.068639,-0.322929,2.396517,-2.144481,-1.917971,-0.2033,-0.017156,0.29054,-0.745498,0.465456,0.477048,-0.065784,-0.763506,0.642391,0.664157,0.446929,0.599177,0.039338,-0.018973,-0.068624,-0.040581,-2.172897,2.546696,-0.153091,0.026339,0.035529,-0.035725,0.651137,-0.376159,0.659184,-0.014778,0.862088,0.506542,-0.758816,-0.33957,0.555778,0.02716,-0.009921,-0.035279,0.132934,-0.444143,0.64245,-0.309723,0.068304,0.061667,-0.058664,0.557422,0.457908,-0.692531,-0.18356,0.881476,0.435091,0.809682,-0.115409,0.575408,-0.044339,-0.084227,-0.037079,0.267806,0.579517,0.092784,-1.02581
926,0.131412,0.045161,0.331344,-0.60736,-0.395578,-0.688969,0.066221,-0.889429,0.45222,-0.790924,0.229523,0.567262,-0.073861,-0.148937,-0.062267,0.217736,0.805876,-0.152687,-1.918653,-0.202398,-0.01748,0.289277,-0.752931,0.467897,0.462773,-0.077551,-0.76125,0.643753,0.65443,0.448219,0.608838,0.040107,-0.013535,-0.062485,0.194372,-0.414033,0.464585,-0.183531,0.026804,0.035352,-0.036391,0.662185,-0.382538,0.64434,-0.001862,0.859035,0.511912,-0.749337,-0.34018,0.568128,0.020119,-0.006531,-0.030982,0.15341,-0.377696,0.480491,-0.340749,0.067508,0.060101,-0.059296,0.563101,0.471234,-0.678862,-0.199494,0.874701,0.441701,0.801946,-0.113293,0.586553,-0.043295,-0.078596,-0.026085,0.073841,1.313175,-0.681369,-1.020912
927,0.128499,0.04015,0.329925,-0.610671,-0.414754,-0.674614,0.104567,-0.88667,0.450393,-0.784205,0.205011,0.585679,-0.067969,-0.115374,-0.023121,0.454881,0.347353,-0.444856,-1.91892,-0.201181,-0.018197,0.287268,-0.762146,0.470486,0.444709,-0.093112,-0.759299,0.643994,0.641604,0.448814,0.621911,0.011762,-0.029746,-0.037695,0.382462,-0.46219,0.043329,-0.255131,0.027398,0.035012,-0.037364,0.672422,-0.389531,0.629375,0.012306,0.85608,0.516695,-0.740065,-0.339692,0.580441,0.013479,-0.014707,-0.019104,-0.016897,-0.059806,0.140085,-0.402309,0.066046,0.057568,-0.060031,0.564626,0.489783,-0.664311,-0.237098,0.867215,0.43786,0.790557,-0.08972,0.605779,-0.027186,-0.056456,-0.010582,1.31532,-0.144297,-1.032097,-1.020585
928,0.126991,0.036257,0.329699,-0.596305,-0.434224,-0.675215,0.139396,-0.884335,0.445524,-0.789834,0.172081,0.588709,-0.011419,-0.099251,0.005135,1.110603,-1.2426,-0.382177,-1.918362,-0.200627,-0.019218,0.286073,-0.745289,0.47215,0.470755,-0.08816,-0.769513,0.632464,0.661794,0.429269,0.614507,-0.002231,-0.020096,-0.025145,0.026674,0.107242,-0.096574,-0.30287,0.02769,0.034484,-0.037993,0.652937,-0.385627,0.651892,0.010296,0.865124,0.501451,-0.757341,-0.320705,0.568842,0.006537,-0.00951,-0.012369,0.082696,0.515452,-0.529094,-0.46436,0.065273,0.055626,-0.060147,0.549052,0.506828,-0.66458,-0.270328,0.860102,0.432603,0.790862,-0.057867,0.609251,-0.011974,-0.047357,0.004165,4.039,-4.139977,-1.519677,-1.018136
929,0.12666,0.034197,0.330075,-0.585813,-0.433929,-0.684525,0.142997,-0.886703,0.439639,-0.797015,0.160196,0.58235,-0.011368,-0.114983,0.025977,-0.238601,0.059197,-0.025967,-1.918679,-0.200426,-0.01953,0.285768,-0.735183,0.473963,0.484619,-0.084746,-0.773449,0.628115,0.673442,0.42011,0.608149,0.013901,-0.011313,-0.015113,-0.055071,0.010934,0.1326,-0.302935,0.027784,0.034318,-0.038159,0.64062,-0.385086,0.664314,0.007531,0.868262,0.496048,-0.76782,-0.312776,0.559126,-0.00048,-0.004514,-0.00568,-0.059657,0.2381,-0.159388,-0.479709,0.065111,0.054619,-0.059954,0.537381,0.505552,-0.675009,-0.275272,0.861711,0.426237,0.797148,-0.043241,0.602231,-0.011517,-0.049363,0.011058,-0.202641,-0.100433,0.166868,-1.019279
930,0.125977,0.029283,0.331351,-0.565939,-0.433834,-0.701104,0.152565,-0.890799,0.427987,-0.809516,0.135785,0.571204,-0.013365,-0.141183,0.038798,0.042319,0.281765,0.514407,-1.917939,-0.200138,-0.019545,0.285647,-0.716195,0.467122,0.518512,-0.064254,-0.783818,0.617604,0.695801,0.408417,0.590694,0.000373,0.003402,0.004273,-0.188616,0.413317,-0.211945,-0.242463,0.027927,0.034302,-0.038229,0.617846,-0.372814,0.692296,-0.010029,0.876641,0.481038,-0.786234,-0.304151,0.537891,0.000248,0.0023,0.002887,-0.161598,2.181641,-2.000804,-0.463216,0.064778,0.05221,-0.059291,0.516156,0.504176,-0.692379,-0.284587,0.863413,0.416565,0.807831,-0.01797,0.589138,-0.012872,-0.063919,0.016286,-0.245573,-0.116845,0.187581,-1.018625
931,0.125419,0.024025,0.332941,-0.552153,-0.459498,-0.695725,0.189772,-0.881807,0.431711,-0.811181,0.106907,0.574964,-0.011656,-0.132519,0.045995,1.259118,-0.318961,-0.359468,-1.918456,-0.199836,-0.019548,0.286025,-0.68688,0.4449,0.574674,-0.010924,-0.796839,0.604038,0.727506,0.408063,0.551436,0.001349,-0.019014,0.020327,-3.70336,-1.91411,-4.149809,-0.151316,0.028087,0.03433,-0.038021,0.578207,-0.345924,0.738926,-0.055582,0.886865,0.458673,-0.813994,-0.306279,0.493565,0.000488,-0.003212,0.007014,-0.503593,2.756088,-2.404237,-0.404758,0.064498,0.049571,-0.058504,0.49983,0.526964,-0.687369,-0.319105,0.849832,0.419472,0.805195,0.009679,0.592929,-0.006193,-0.071877,0.026916,3.571895,-2.358964,-2.882549,-1.011441
932,0.125321,0.018579,0.335533,-0.553857,-0.461863,-0.692799,0.211586,-0.882823,0.419316,-0.804598,0.086224,0.587549,0.003403,-0.150649,0.083265,0.144544,0.645043,0.506709,-1.917974,-0.199884,-0.020923,0.286509,-0.638245,0.430222,0.638391,0.041013,-0.80897,0.586361,0.769488,0.399881,0.497842,0.000567,-0.057579,0.016145,-0.630855,-0.602674,1.086124,-0.134331,0.028066,0.033681,-0.037748,0.521191,-0.315936,0.792807,-0.110069,0.896313,0.429542,-0.846312,-0.311136,0.432375,1.4e-05,-0.023359,0.003833,-0.499619,0.984098,-0.84426,-0.322623,0.064441,0.046844,-0.05723,0.500785,0.529872,-0.684434,-0.342523,0.847497,0.405495,0.794916,0.031368,0.605906,-0.004469,-0.06776,0.039176,0.289524,0.760428,0.339726,-1.008992
933,0.125333,0.015889,0.337157,-0.563788,-0.456651,-0.688229,0.213982,-0.88558,0.412228,-0.797026,0.085703,0.597856,-0.007995,-0.131393,0.082135,0.090349,0.577616,0.494226,-1.918095,-0.199873,-0.021949,0.286661,-0.636591,0.43188,0.638923,0.047117,-0.80504,0.591291,0.770506,0.40597,0.491297,0.000384,-0.059236,0.014024,-0.389576,0.299842,-0.268257,-0.174442,0.02807,0.033162,-0.037679,0.521001,-0.318484,0.791912,-0.116092,0.892718,0.435402,-0.845624,-0.318779,0.428133,0.007431,-0.024957,0.00134,-0.431479,-0.912813,1.243774,-0.337483,0.064452,0.045495,-0.056416,0.512009,0.525751,-0.679287,-0.345377,0.850071,0.397608,0.786486,0.031031,0.616827,0.002812,-0.065716,0.041073,0.242198,0.847908,0.461893,-1.005889
934,0.125579,0.011131,0.340364,-0.573551,-0.456951,-0.679912,0.223713,-0.885807,0.406534,-0.787325,0.081625,0.611134,0.007696,-0.11424,0.079646,-0.050393,0.229513,0.087177,-1.917883,-0.199531,-0.02346,0.286863,-0.675076,0.448775,0.585546,0.019177,-0.782634,0.622133,0.738298,0.430649,0.518962,0.015432,-0.029827,0.005779,0.003273,-0.467978,0.267763,-0.207236,0.028234,0.032377,-0.037598,0.567007,-0.343393,0.748721,-0.093725,0.87616,0.472819,-0.818362,-0.338266,0.464605,0.007492,-0.008952,-0.00068,-0.022546,-1.805891,1.92863,-0.380592,0.064571,0.043118,-0.054804,0.522301,0.526844,-0.670549,-0.354608,0.8493,0.391077,0.775534,0.033522,0.630413,0.01086,-0.052138,0.035263,0.238972,0.078957,-0.064478,-1.006869
935,0.125965,0.00692,0.342861,-0.554371,-0.477973,-0.681366,0.243472,-0.875992,0.41633,-0.795178,0.065497,0.602851,0.007261,-0.092661,0.045709,0.489268,-1.173519,-1.258025,-1.917833,-0.198342,-0.023723,0.287274,-0.723423,0.467203,0.508302,-0.031418,-0.757628,0.65188,0.690559,0.455023,0.562091,0.031529,0.00991,0.010606,0.298902,-1.105707,1.127885,-0.177208,0.02882,0.032214,-0.037414,0.625719,-0.373848,0.684625,-0.049308,0.856959,0.513019,-0.778488,-0.354763,0.517782,0.016037,-0.000464,0.009554,0.243032,-1.392385,1.385139,-0.382388,0.064767,0.041069,-0.053542,0.505536,0.541294,-0.671888,-0.368649,0.839575,0.399012,0.780083,0.045976,0.623983,0.003507,-0.046726,0.022515,-0.343774,-0.207256,0.129325,-1.011767
936,0.125998,0.005189,0.343606,-0.547116,-0.484998,-0.682265,0.249311,-0.872487,0.420216,-0.798393,0.060408,0.599122,-0.006768,-0.085253,0.034398,-0.30979,-0.164606,-0.102517,-1.917966,-0.19759,-0.023678,0.287651,-0.738104,0.470298,0.483749,-0.050097,-0.753094,0.655952,0.673716,0.45933,0.57878,0.048,-0.010168,0.028613,0.26404,-1.043119,1.096357,-0.15288,0.029191,0.03225,-0.037225,0.643801,-0.380819,0.663699,-0.03164,0.853372,0.520341,-0.764537,-0.355995,0.537353,0.016173,0.001037,0.011407,0.308989,-0.949255,0.892972,-0.364262,0.064791,0.040165,-0.053142,0.492105,0.55099,-0.673974,-0.378068,0.832652,0.404665,0.784153,0.055671,0.618064,0.003279,-0.043981,0.016109,-0.285556,-0.159779,-0.361045,-1.011604
937,0.126008,0.002595,0.344282,-0.515931,-0.513965,-0.685347,0.282565,-0.857366,0.430175,-0.808048,0.028919,0.588429,0.008752,-0.043893,-0.001301,0.817946,-1.093038,-1.040516,-1.917529,-0.196178,-0.024272,0.288792,-0.746354,0.468393,0.472816,-0.063863,-0.75741,0.649758,0.663383,0.45416,0.594579,0.033396,-0.036838,0.04023,0.162333,-0.200632,0.221022,-0.127599,0.029904,0.031981,-0.036636,0.654037,-0.381057,0.653474,-0.016597,0.85642,0.516011,-0.756279,-0.348337,0.553806,0.016433,-0.012583,0.01636,0.343123,1.142962,-1.358621,-0.334544,0.064788,0.038843,-0.052799,0.459123,0.574422,-0.677675,-0.40817,0.813943,0.413392,0.789051,0.086809,0.608162,-0.002863,-0.026981,0.00383,3.255157,-2.794498,-3.659945,-1.005889
938,0.126295,0.001177,0.344169,-0.49117,-0.536691,-0.686119,0.320515,-0.84376,0.430476,-0.809343,-0.007812,0.587307,0.009915,-0.029807,-0.007231,1.102339,-0.684234,-1.011354,-1.917789,-0.194677,-0.02583,0.290092,-0.748235,0.456599,0.481304,-0.058019,-0.767602,0.638243,0.661798,0.449052,0.600198,0.048262,-0.04191,0.032781,0.347855,-0.569925,0.096923,-0.107544,0.03065,0.031208,-0.035978,0.653691,-0.369271,0.66055,-0.02109,0.863636,0.503674,-0.756467,-0.343178,0.556763,0.024065,-0.021457,0.015738,0.39171,-0.671764,0.198308,-0.305151,0.064929,0.038121,-0.052859,0.430365,0.593923,-0.679735,-0.443645,0.794985,0.413736,0.786107,0.123504,0.605625,0.011514,-0.021029,-7e-06,3.719746,-2.34648,-3.273563,-1.003113
939,0.126561,0.000575,0.344037,-0.478359,-0.547446,-0.686674,0.339428,-0.836423,0.430299,-0.809321,-0.026564,0.586789,0.010047,-0.029312,-0.006864,1.103295,-0.683947,-1.010498,-1.917862,-0.19364,-0.026541,0.290622,-0.767033,0.425984,0.479781,-0.032341,-0.772368,0.634299,0.64172,0.470471,0.60557,0.047712,-0.031297,0.023915,-2.482333,-3.974789,-3.424277,-0.111407,0.031168,0.030847,-0.03571,0.671523,-0.34309,0.656768,-0.040493,0.868031,0.494854,-0.739875,-0.358901,0.56901,0.031479,-0.015557,0.011504,0.095778,-0.810161,-0.290185,-0.302212,0.065053,0.037832,-0.052922,0.418746,0.601269,-0.680533,-0.458223,0.786903,0.413296,0.784016,0.13877,0.605028,0.005076,-0.014399,-0.003215,-0.034286,0.030384,-0.037597,-0.996581
940,0.127223,-0.000498,0.343616,-0.447356,-0.571796,-0.687726,0.387289,-0.816969,0.427249,-0.805594,-0.074512,0.587788,0.024135,-0.021163,-0.017701,1.249453,-0.572982,-0.891362,-1.917733,-0.191446,-0.027004,0.291064,-0.840849,0.314944,0.440199,0.047076,-0.767485,0.639285,0.540232,0.557861,0.629924,0.04621,0.005039,0.002976,-0.615275,-1.403715,-1.109088,-0.102799,0.032265,0.030596,-0.035489,0.755983,-0.236619,0.610327,-0.122903,0.864491,0.48739,-0.642949,-0.44347,0.624459,0.031003,-0.002642,0.005638,-2.577678,-4.234443,-3.611701,-0.300252,0.065379,0.037296,-0.053126,0.384324,0.621366,-0.682786,-0.502893,0.761134,0.409599,0.774204,0.18595,0.605003,0.012055,-0.010696,-0.008942,0.231405,0.12628,0.288894,-0.997398
941,0.128467,-0.001731,0.343109,-0.403638,-0.599716,-0.690986,0.441284,-0.789194,0.427099,-0.800958,-0.131788,0.584059,0.037305,-0.0355,-0.012188,1.029917,-0.926305,-0.84161,-1.918099,-0.189389,-0.026482,0.291081,-0.906916,0.126117,0.401982,0.187856,-0.732753,0.654001,0.378167,0.668471,0.640312,0.060859,0.017902,-0.004314,-3.181079,-4.832627,-4.262537,0.04156,0.033287,0.030853,-0.035475,0.83117,-0.061179,0.55264,-0.261514,0.834115,0.485656,-0.490678,-0.548187,0.677292,0.02273,0.008768,-0.001782,-2.938422,-3.986788,-3.289243,-0.223016,0.066005,0.036673,-0.053384,0.335266,0.644521,-0.687159,-0.555865,0.724217,0.408071,0.760663,0.245156,0.601073,0.018306,-0.02349,-0.002243,3.622121,-2.512805,-3.324496,-0.991356
942,0.129995,-0.003793,0.342905,-0.372613,-0.612504,-0.697169,0.455826,-0.77519,0.437351,-0.807854,-0.154069,0.568914,0.036609,-0.049562,-0.006587,-0.42415,-0.442152,-0.279508,-1.918152,-0.187435,-0.026113,0.290609,-0.913852,0.005483,0.406,0.290204,-0.690212,0.662815,0.285003,0.723519,0.628614,0.044673,0.005703,-0.018505,-0.285819,1.930913,-1.64694,0.221103,0.034254,0.031057,-0.035678,0.842635,0.064811,0.534569,-0.369277,0.792075,0.486056,-0.391918,-0.606972,0.691364,0.01474,0.002549,-0.009098,-1.263088,-0.798686,-0.478658,-0.012045,0.066751,0.035667,-0.053485,0.303286,0.653197,-0.693793,-0.570333,0.707706,0.416979,0.763371,0.269229,0.587178,0.01805,-0.030511,0.000711,-0.14728,-0.135825,0.08428,-0.98907
943,0.130765,-0.004741,0.342884,-0.361803,-0.620782,-0.695538,0.461934,-0.767424,0.444578,-0.809308,-0.159676,0.565288,0.037266,-0.055411,0.006189,-0.365092,-0.422233,-0.033841,-1.917993,-0.186718,-0.02605,0.290149,-0.915211,0.00883,0.402867,0.288715,-0.682754,0.671137,0.28213,0.730524,0.621773,0.028399,0.011265,-0.032479,-0.323027,0.159522,0.427792,0.25954,0.034647,0.031095,-0.03592,0.842831,0.060144,0.534806,-0.370898,0.78497,0.496242,-0.389961,-0.616607,0.683904,0.014193,0.005114,-0.016937,-0.302908,0.157572,0.430041,0.091972,0.067152,0.035167,-0.053511,0.290624,0.660068,-0.69271,-0.575212,0.699059,0.424789,0.764635,0.275002,0.582843,0.018849,-0.022168,-0.001106,-0.482214,-0.510068,-0.264045,-0.984008
944,0.131993,-0.006122,0.343109,-0.344402,-0.635427,-0.691133,0.482693,-0.75126,0.450097,-0.804796,-0.177806,0.566318,0.026252,-0.029727,0.01031,-0.067875,-0.000134,0.023682,-1.918295,-0.185832,-0.025885,0.288733,-0.916286,0.00255,0.400506,0.301783,-0.652702,0.694868,0.26433,0.757547,0.596753,0.01201,0.015008,-0.048859,-0.715197,0.524297,0.401319,0.182892,0.035085,0.031169,-0.036614,0.844563,0.066942,0.531255,-0.388039,0.760187,0.521096,-0.368971,-0.646246,0.668001,0.006347,0.001561,-0.020856,-0.855357,0.407858,0.557052,0.116139,0.067768,0.034455,-0.05341,0.270309,0.672184,-0.689275,-0.593387,0.680099,0.43053,0.758171,0.292631,0.582702,0.01314,-0.014784,0.00521,-0.06442,0.018732,0.003099,-0.983682
945,0.13301,-0.006847,0.343414,-0.340978,-0.637108,-0.691284,0.485535,-0.749029,0.450758,-0.804549,-0.181158,0.565606,0.01361,-0.012249,0.007409,-0.034346,0.000129,0.012145,-1.918579,-0.185541,-0.02569,0.286978,-0.91721,-0.027872,0.397416,0.3287,-0.616179,0.71569,0.226081,0.787091,0.573793,-0.003398,0.012786,-0.050676,-0.738908,0.343636,0.47401,0.138884,0.035235,0.03126,-0.037501,0.84661,0.096392,0.523411,-0.418589,0.727967,0.542998,-0.328685,-0.678802,0.656653,0.006308,0.000646,-0.022131,-0.46017,-0.115691,-0.11798,0.026002,0.068283,0.034093,-0.053251,0.26683,0.673321,-0.689521,-0.595824,0.677598,0.431107,0.757492,0.295801,0.581984,0.013846,-0.006469,0.003416,-0.035533,-0.013047,0.043705,-0.973394
946,0.133314,-0.007022,0.343559,-0.341114,-0.636194,-0.692058,0.484724,-0.749827,0.450304,-0.804979,-0.181067,0.565022,0.013991,-0.010049,0.009309,-0.033668,-0.013987,0.037263,-1.918015,-0.185486,-0.025481,0.286062,-0.912295,-0.05232,0.406168,0.354096,-0.598571,0.718514,0.206671,0.799371,0.564054,0.012002,0.014626,-0.049695,-0.667669,0.292206,0.451479,0.138362,0.035261,0.031364,-0.037985,0.841012,0.121766,0.527135,-0.444461,0.711039,0.544863,-0.308468,-0.692528,0.652113,0.006038,0.007282,-0.024898,-0.600511,0.255189,0.433417,0.010326,0.068435,0.034006,-0.053178,0.26715,0.672429,-0.690267,-0.595084,0.678522,0.430676,0.757961,0.295712,0.581419,0.006933,-0.005378,0.004338,-0.031462,-0.0959,0.187175,-0.975354
947,0.133437,-0.007244,0.343636,-0.343536,-0.63515,-0.691819,0.484993,-0.7508,0.44839,-0.803785,-0.180705,0.566836,-0.000548,-0.003223,-0.002787,0.001104,0.016473,-0.023849,-1.918716,-0.185403,-0.024463,0.283934,-0.91328,-0.071389,0.401017,0.363653,-0.585887,0.724173,0.184397,0.807279,0.560501,-0.004552,0.038783,-0.062475,-0.089386,-0.429884,-0.05803,0.169092,0.035304,0.031856,-0.039029,0.843304,0.137531,0.51954,-0.454473,0.698484,0.552787,-0.286865,-0.702285,0.651539,-0.0019,0.013964,-0.026988,-0.532233,-1.234494,-0.883429,0.017021,0.068505,0.033906,-0.053123,0.269896,0.671666,-0.689941,-0.595418,0.679534,0.428614,0.756724,0.295123,0.583326,-0.000207,-0.001202,-0.001044,-0.012633,-0.010011,-0.00356,-0.981232
948,0.133377,-0.007414,0.343503,-0.332224,-0.640734,-0.692194,0.498079,-0.742383,0.448058,-0.800545,-0.19512,0.566641,-0.000847,-0.00497,-0.004305,0.0,1e-06,0.0,-1.918081,-0.185243,-0.022991,0.281669,-0.918171,-0.091638,0.385431,0.363347,-0.581941,0.727501,0.158783,0.808116,0.567098,0.010945,0.04238,-0.059205,0.122704,-0.167062,0.000379,0.231281,0.035382,0.032603,-0.040189,0.851161,0.155656,0.501294,-0.454772,0.695586,0.556184,-0.26212,-0.701377,0.662844,0.005521,0.021287,-0.029477,0.132042,-0.15845,-0.014189,0.084297,0.068475,0.033822,-0.053189,0.257798,0.675648,-0.690679,-0.607123,0.669368,0.42819,0.751625,0.308941,0.582764,-0.00751,-0.00237,-0.002069,-0.002995,0.02943,-0.053859,-0.982702
949,0.133056,-0.007577,0.343294,-0.336838,-0.639848,-0.690782,0.499993,-0.743216,0.444533,-0.797414,-0.19486,0.571128,-0.014935,-0.004132,-0.003632,0.039013,0.068504,-0.000585,-1.918591,-0.184876,-0.022046,0.279836,-0.916493,-0.131958,0.37765,0.381336,-0.572693,0.725631,0.121675,0.809198,0.57468,0.012989,0.008308,-0.035828,-0.122812,-0.261293,-0.437449,0.24876,0.035561,0.033075,-0.041089,0.851758,0.193864,0.486749,-0.472236,0.686465,0.552954,-0.226938,-0.700843,0.676252,0.00652,0.004127,-0.017956,-0.563181,-1.237688,-0.934682,0.136713,0.068319,0.033737,-0.053296,0.262752,0.6754,-0.689054,-0.609193,0.66993,0.424356,0.748228,0.308267,0.587474,-0.000562,-0.003309,-0.002866,0.020626,0.053212,-0.001227,-0.983845
950,0.132827,-0.007616,0.343151,-0.341411,-0.639423,-0.688928,0.502121,-0.743687,0.441335,-0.794121,-0.19446,0.575834,-0.015135,-0.005244,-0.004607,0.204806,0.306053,0.094705,-1.918226,-0.184572,-0.021924,0.279182,-0.915204,-0.141113,0.377465,0.386064,-0.574752,0.721491,0.116285,0.8062,0.579984,0.02903,-0.002142,-0.02817,0.380349,-0.240202,-0.153121,0.247589,0.035707,0.033139,-0.04142,0.850712,0.202153,0.485203,-0.476341,0.68677,0.54904,-0.222233,-0.698197,0.680538,0.006563,0.004613,-0.017352,0.653259,-0.362372,-0.259901,0.144224,0.068205,0.033719,-0.053366,0.266162,0.675661,-0.687488,-0.610821,0.669962,0.421957,0.745691,0.307623,0.591026,-0.007359,0.002964,-0.006447,0.37263,0.440901,0.18531,-0.984008
951,0.132477,-0.007848,0.342814,-0.345923,-0.639429,-0.686667,0.50444,-0.743822,0.438452,-0.790686,-0.193922,0.58072,-0.001807,-0.010429,-0.009094,0.033449,0.059788,-0.000493,-1.918965,-0.183635,-0.022173,0.278374,-0.917917,-0.147032,0.368512,0.381516,-0.581227,0.718717,0.109667,0.800487,0.589115,0.030065,-0.009007,-0.014556,0.143442,-0.156086,0.017696,0.236714,0.036176,0.033012,-0.041835,0.854775,0.207629,0.475656,-0.471518,0.693631,0.544561,-0.216864,-0.689757,0.690799,0.007389,-0.004718,-0.006916,0.141962,-0.267016,0.126354,0.138836,0.068025,0.033609,-0.05353,0.271812,0.676249,-0.684693,-0.613484,0.66993,0.418125,0.741454,0.306397,0.596963,-0.007965,-0.004887,-0.004287,0.007963,0.052448,-0.038887,-0.983355
952,0.132048,-0.008362,0.34239,-0.355063,-0.638544,-0.682815,0.508235,-0.744881,0.432227,-0.78417,-0.192775,0.589866,-0.002579,-0.014766,-0.012943,0.149358,0.229464,0.058241,-1.918081,-0.182366,-0.022406,0.27828,-0.925797,-0.166611,0.339311,0.368847,-0.593481,0.715308,0.08336,0.787581,0.610435,0.030812,0.003452,0.00187,-1.197754,-4.596711,-3.415775,0.25387,0.03681,0.032879,-0.041903,0.868494,0.214948,0.44667,-0.454147,0.706172,0.543204,-0.198666,-0.674623,0.710925,0.015425,0.001901,0.001144,0.198635,-0.332671,0.134845,0.142428,0.067811,0.033354,-0.05374,0.280588,0.676684,-0.680712,-0.617176,0.670346,0.411981,0.735094,0.304522,0.605724,-0.008294,-0.006669,-0.00587,0.185277,0.175501,0.250507,-0.987111
953,0.131812,-0.008604,0.342164,-0.35955,-0.638729,-0.68029,0.510401,-0.74493,0.429583,-0.780708,-0.191975,0.5947,-0.016269,-0.011306,-0.010008,0.136335,0.212524,0.044348,-1.917914,-0.181611,-0.022278,0.278416,-0.928859,-0.191041,0.317358,0.366526,-0.596244,0.714203,0.053949,0.779941,0.623413,0.031073,0.008739,0.008825,0.469659,-1.163018,0.537156,0.283127,0.037187,0.032941,-0.041838,0.874209,0.241634,0.421155,-0.45585,0.70714,0.540512,-0.16721,-0.664504,0.728337,0.015546,0.004333,0.004344,0.517068,-2.76264,1.663603,0.16186,0.067697,0.033225,-0.05386,0.284972,0.677492,-0.678081,-0.61923,0.670105,0.409284,0.731672,0.303254,0.610484,-0.001169,-0.006704,-0.005883,0.164795,0.249657,0.069303,-0.993316
954,0.131412,-0.009032,0.341744,-0.347928,-0.646723,-0.678779,0.524271,-0.734437,0.430945,-0.776789,-0.205128,0.59544,-0.016469,-0.012221,-0.010874,0.006806,0.037135,-0.087798,-1.918453,-0.180062,-0.021809,0.278895,-0.935821,-0.222436,0.27341,0.352242,-0.609257,0.710398,0.009737,0.76138,0.648127,0.031205,0.013337,0.014758,0.440328,-0.719731,0.406213,0.318259,0.037962,0.033182,-0.04159,0.88866,0.265799,0.373674,-0.440844,0.719535,0.536587,-0.126247,-0.641576,0.756598,0.023271,0.007026,0.007128,0.528325,-1.136239,0.685927,0.221951,0.067498,0.033014,-0.054067,0.272343,0.683759,-0.676979,-0.6314,0.657903,0.410484,0.726059,0.315652,0.610901,-0.008181,-0.00586,-0.005205,0.026132,0.006421,-0.083194,-1.000011
955,0.130751,-0.0096,0.341212,-0.354698,-0.645999,-0.675959,0.527089,-0.735284,0.426036,-0.771798,-0.204378,0.60215,-0.016589,-0.003841,-0.021729,0.385775,0.494583,0.189132,-1.918127,-0.178474,-0.021416,0.279503,-0.936904,-0.246257,0.248111,0.348814,-0.61583,0.706411,-0.019984,0.748683,0.662524,0.046336,0.012926,0.012633,0.15342,-0.268772,0.235825,0.339247,0.038739,0.033387,-0.041282,0.893924,0.285777,0.345297,-0.437222,0.725563,0.531408,-0.098671,-0.62601,0.773546,0.023564,0.000863,0.010313,0.127492,-0.373494,0.368834,0.252813,0.067173,0.032733,-0.054325,0.27703,0.684068,-0.674761,-0.633478,0.658044,0.40704,0.722467,0.314684,0.61564,-0.01549,-0.00649,-0.005853,0.002776,0.06018,-0.072299,-0.998214
956,0.130021,-0.009946,0.340639,-0.363502,-0.646167,-0.671103,0.531577,-0.735456,0.420122,-0.764583,-0.20323,0.611668,-0.030841,-0.011635,-0.01062,0.156667,0.268057,0.004229,-1.918041,-0.177334,-0.021353,0.280212,-0.93491,-0.266918,0.233859,0.352049,-0.616597,0.704133,-0.04257,0.740956,0.670101,0.016411,-0.001815,0.018807,-0.0061,-0.160748,-0.093468,0.365942,0.039321,0.033426,-0.04092,0.8949,0.303182,0.327463,-0.439488,0.726134,0.528752,-0.077474,-0.617097,0.783063,0.008173,-0.001224,0.008964,-0.377534,-1.25507,-1.102571,0.291839,0.066813,0.032559,-0.054618,0.287264,0.685426,-0.669081,-0.638475,0.65773,0.399674,0.714022,0.31238,0.62657,-0.008403,-0.006787,-0.006107,0.263758,0.380954,0.098957,-1.001317
