frame,MLTx,MLTy,MLTz,MLTR1,MLTR2,MLTR3,MLTR4,MLTR5,MLTR6,MLTR7,MLTR8,MLTR9,MLTTVx,MLTTVy,MLTTVz,MLTRVx,MLTRVy,MLTRVz,MLGA,MRTx,MRTy,MRTz,MRTR1,MRTR2,MRTR3,MRTR4,MRTR5,MRTR6,MRTR7,MRTR8,MRTR9,MRTTVx,MRTTVy,MRTTVz,MRTRVx,MRTRVy,MRTRVz,MRGA,SLTx,SLTy,SLTz,SLTR1,SLTR2,SLTR3,SLTR4,SLTR5,SLTR6,SLTR7,SLTR8,SLTR9,SLTTVx,SLTTVy,SLTTVz,SLTRVx,SLTRVy,SLTRVz,SLGA,SRTx,SRTy,SRTz,SRTR1,SRTR2,SRTR3,SRTR4,SRTR5,SRTR6,SRTR7,SRTR8,SRTR9,SRTTVx,SRTTVy,SRTTVz,SRTRVx,SRTRVy,SRTRVz,SRGA
1,0.202739,0.014161,0.414953,-0.689919,0.438803,-0.575768,-0.617656,-0.771608,0.151963,-0.376733,0.459919,0.804098,0.034172,0.039766,-0.083985,-1.86133,0.787981,-2.032977,-1.914567,-0.245141,0.030105,0.371943,0.861268,0.370444,0.347822,-0.475136,0.829527,0.29337,-0.180927,-0.418403,0.889982,-0.006673,0.03798,-0.08343,-0.767397,-0.007622,1.000237,-1.404909,-0.003199,0.037623,0.008924,-0.882504,-0.270402,0.384797,0.390623,-0.877085,0.279526,0.261916,0.396994,0.879656,-0.003452,0.013493,-0.037473,-1.922433,-1.261018,1.929362,-0.958477,0.115504,0.031529,-0.033941,-0.736957,0.469075,-0.486684,-0.582514,-0.805976,0.105252,-0.342885,0.361067,0.867213,0.010985,0.019706,-0.041896,-0.125397,-0.886754,-0.384089,-0.951187
2,0.203233,0.014897,0.413247,-0.692839,0.426658,-0.581363,-0.612205,-0.774021,0.161455,-0.380245,0.467241,0.798202,0.021599,0.042572,-0.096731,-0.059213,-0.720726,-0.375497,-1.914642,-0.245218,0.030688,0.370422,0.864432,0.357361,0.353614,-0.466941,0.831137,0.301846,-0.187114,-0.426496,0.884846,-0.00741,0.024978,-0.0762,-0.276126,0.494757,0.557685,-1.405096,-0.003237,0.03792,0.008161,-0.88424,-0.256214,0.390477,0.382165,-0.877536,0.289617,0.268455,0.405318,0.873869,0.002566,0.01669,-0.043479,-0.405525,0.652867,0.693499,-0.954558,0.115764,0.031919,-0.034816,-0.741365,0.456183,-0.492212,-0.575618,-0.809317,0.116914,-0.345021,0.370003,0.862587,0.016997,0.02166,-0.048397,-0.096139,-0.774027,-0.384496,-0.947594
3,0.204253,0.016437,0.409269,-0.704385,0.391975,-0.591813,-0.595349,-0.780237,0.191731,-0.38573,0.486896,0.783691,0.02143,0.044608,-0.110198,-0.108137,-0.834446,-0.637034,-1.914803,-0.24527,0.031737,0.367043,0.872007,0.330541,0.361022,-0.450131,0.831011,0.326706,-0.193113,-0.447817,0.872944,-0.008797,0.018819,-0.080205,-0.417633,0.664963,0.639188,-1.404997,-0.003264,0.038438,0.006508,-0.888477,-0.230018,0.397113,0.366988,-0.875676,0.313862,0.275549,0.424595,0.862433,0.00165,0.007694,-0.041513,-0.261959,0.380347,0.726583,-0.937412,0.116265,0.032676,-0.036762,-0.752226,0.423422,-0.504844,-0.557331,-0.81758,0.144714,-0.351477,0.390223,0.850992,0.010777,0.022333,-0.055093,-0.015869,-0.627293,-0.526666,-0.947104
4,0.205095,0.018013,0.404945,-0.713681,0.35905,-0.601488,-0.579248,-0.785327,0.218414,-0.393061,0.503837,0.769206,0.021126,0.049738,-0.122137,0.001822,-0.540382,-0.716022,-1.914097,-0.245262,0.032413,0.363691,0.87536,0.312741,0.368688,-0.441173,0.828378,0.345096,-0.198582,-0.465133,0.862601,-0.009566,0.015476,-0.082628,-0.233187,0.418234,0.489396,-1.404987,-0.003259,0.038784,0.004797,-0.889504,-0.209937,0.405842,0.358211,-0.8718,0.334137,0.283666,0.442594,0.850672,0.001377,0.006448,-0.042465,-0.350287,0.534032,0.591958,-0.924186,0.116694,0.033472,-0.038959,-0.760825,0.389487,-0.51908,-0.5389,-0.824837,0.170966,-0.361568,0.409807,0.837451,0.010958,0.01966,-0.056393,-0.118185,-0.713539,-0.801634,-0.956902
5,0.205456,0.018811,0.402731,-0.717269,0.33733,-0.609737,-0.568211,-0.789638,0.231473,-0.402502,0.512064,0.758821,0.021905,0.037517,-0.113675,-0.201309,-0.770726,-1.059611,-1.913785,-0.245232,0.032664,0.362139,0.878596,0.29877,0.372554,-0.432188,0.829073,0.354662,-0.20401,-0.472996,0.85704,0.003172,0.015168,-0.083652,-0.236256,0.401672,0.520656,-1.404627,-0.003248,0.03891,0.003986,-0.891027,-0.195179,0.409847,0.34928,-0.871453,0.344344,0.289954,0.449971,0.84466,0.00162,0.00751,-0.041866,-0.224142,0.394155,0.52025,-0.920757,0.116874,0.033875,-0.040069,-0.764278,0.369725,-0.528375,-0.527267,-0.830002,0.181891,-0.371303,0.41761,0.829297,0.010744,0.023293,-0.061855,-0.219473,-0.991591,-0.95518,-0.956575
6,0.206066,0.020418,0.398038,-0.723828,0.28597,-0.627965,-0.543805,-0.796597,0.263971,-0.423853,0.5322,0.732897,0.009177,0.043477,-0.124846,-0.412998,-1.25825,-1.115401,-1.914413,-0.245224,0.033032,0.359337,0.877981,0.26597,0.397996,-0.418871,0.829088,0.370262,-0.232592,-0.492128,0.838793,-0.007369,0.015697,-0.067427,-0.437463,0.906509,0.57701,-1.40454,-0.003245,0.039073,0.002601,-0.885739,-0.164271,0.434144,0.337391,-0.870187,0.359083,0.3188,0.464531,0.826182,0.002494,0.001739,-0.030277,-0.269359,1.407552,0.50754,-0.915695,0.117184,0.034675,-0.042412,-0.770569,0.321268,-0.550463,-0.500868,-0.83934,0.211277,-0.39415,0.438513,0.807682,0.004997,0.016679,-0.05772,-0.346852,-0.945388,-1.174626,-0.951513
7,0.206382,0.021857,0.39341,-0.726094,0.238408,-0.644977,-0.53081,-0.790591,0.305253,-0.43624,0.563702,0.7014,-0.002617,0.034464,-0.114499,-0.398833,-0.936835,-1.268695,-1.914384,-0.245261,0.033352,0.357295,0.874244,0.220318,0.432607,-0.402862,0.826269,0.393593,-0.271826,-0.518655,0.810538,-0.005407,-0.004605,-0.034295,-0.555238,1.399451,0.757226,-1.404323,-0.003263,0.039232,0.001579,-0.87656,-0.120709,0.465908,0.322809,-0.865461,0.383107,0.356981,0.486216,0.797595,0.003705,0.002353,-0.022173,-0.904321,0.869919,1.226776,-0.915205,0.117347,0.03539,-0.044734,-0.771867,0.274244,-0.573594,-0.485497,-0.836752,0.253254,-0.410503,0.473957,0.779006,-0.001225,0.017508,-0.057107,-0.627807,-1.419423,-1.20936,-0.946288
8,0.206255,0.023098,0.389177,-0.724053,0.187691,-0.663751,-0.516506,-0.785314,0.341285,-0.456301,0.589702,0.666384,-0.002134,0.027202,-0.103754,-0.529609,-1.036014,-1.301974,-1.914451,-0.245142,0.033394,0.356008,0.868379,0.174299,0.46425,-0.389768,0.818486,0.422013,-0.307509,-0.547635,0.778073,-0.003662,-0.006557,-0.020063,-0.78352,0.592577,1.230119,-1.404195,-0.003209,0.039256,0.000926,-0.862722,-0.0747,0.500128,0.312599,-0.856196,0.41135,0.39748,0.511221,0.762011,0.004793,0.002282,-0.014437,-0.318139,1.025622,0.727995,-0.914878,0.117284,0.036008,-0.046857,-0.769511,0.226369,-0.597167,-0.46911,-0.834849,0.288029,-0.433344,0.501779,0.748618,-0.007498,0.018097,-0.056596,-0.261146,-0.691456,-1.148534,-0.955269
9,0.206013,0.023726,0.387014,-0.718707,0.166496,-0.675118,-0.512873,-0.782549,0.352917,-0.468665,0.599683,0.64866,-0.027053,0.026854,-0.103114,-0.36021,-0.751148,-1.044202,-1.914526,-0.244996,0.033441,0.355607,0.862285,0.147436,0.484478,-0.383402,0.814876,0.434642,-0.331783,-0.560719,0.758537,0.010552,-0.000684,-0.016753,-0.73045,1.291473,0.922847,-1.40395,-0.003143,0.039271,0.00072,-0.854256,-0.049124,0.517525,0.30628,-0.851954,0.424695,0.420045,0.521307,0.742832,0.005402,0.000204,-0.008014,-0.897094,0.805765,1.260233,-0.90949,0.117173,0.036312,-0.047901,-0.763918,0.20644,-0.611401,-0.465042,-0.832982,0.299792,-0.447397,0.513344,0.732333,-0.007568,0.019246,-0.055983,-0.502901,-1.256057,-0.952968,-0.954289
10,0.205313,0.024694,0.383112,-0.70824,0.123685,-0.695085,-0.503368,-0.778807,0.374235,-0.494174,0.614775,0.614712,-0.027097,0.025987,-0.103781,-0.295193,-0.886685,-0.498281,-1.914445,-0.244692,0.033436,0.35528,0.842667,0.102359,0.528608,-0.380791,0.807209,0.450939,-0.381587,-0.581406,0.718485,0.011883,-0.004498,-0.003658,-0.7576,1.418072,0.459489,-1.404122,-0.002981,0.039279,0.000546,-0.826803,-0.004544,0.562472,0.304867,-0.843974,0.441319,0.472707,0.536364,0.699185,0.006041,-0.001826,-0.001551,-0.650993,1.383977,0.394047,-0.905734,0.116812,0.036821,-0.049927,-0.75362,0.164255,-0.636455,-0.453249,-0.831116,0.322196,-0.476046,0.531287,0.700794,-0.01347,0.012971,-0.051891,-0.303155,-0.889801,-0.504998,-0.952819
11,0.204165,0.025267,0.379768,-0.698721,0.086758,-0.710146,-0.497894,-0.771775,0.395521,-0.512895,0.629825,0.583341,-0.038337,0.004715,-0.070827,-0.407489,-0.863961,-0.575867,-1.915155,-0.244294,0.033051,0.355351,0.820538,0.079145,0.566078,-0.391704,0.798943,0.456281,-0.41717,-0.596227,0.685818,0.012503,-0.011517,0.007289,-0.504197,0.55712,0.161501,-1.403574,-0.002785,0.039093,0.000581,-0.800626,0.017012,0.598922,0.316347,-0.83691,0.446658,0.508843,0.547074,0.664671,0.006155,-0.006204,0.003334,-0.629614,0.708369,0.189589,-0.906224,0.116254,0.03709,-0.051582,-0.74424,0.130737,-0.654991,-0.446768,-0.826414,0.342691,-0.496491,0.547674,0.673459,-0.019463,0.008457,-0.03938,-0.420624,-0.987011,-0.587968,-0.95135
12,0.203307,0.025518,0.37837,-0.695545,0.076316,-0.71445,-0.499357,-0.766306,0.404215,-0.515779,0.637817,0.572004,-0.051265,0.011083,-0.066771,-0.153924,-0.452423,-0.378744,-1.914875,-0.243975,0.032866,0.355505,0.814029,0.075529,0.575886,-0.397648,0.795002,0.458019,-0.424247,-0.601931,0.67643,0.013153,-0.008608,0.009253,-0.250989,0.390551,-0.166598,-1.396422,-0.002626,0.039001,0.000657,-0.793377,0.020732,0.608377,0.322463,-0.833359,0.448919,0.516304,0.552341,0.654483,0.012817,-0.00525,0.003665,-0.245886,0.483291,-0.328346,-0.905897,0.115848,0.037204,-0.05226,-0.740601,0.119747,-0.661188,-0.447892,-0.82149,0.352908,-0.5009,0.557505,0.66203,-0.019051,0.001415,-0.028486,-0.329424,-0.675609,-0.474334,-0.951513
13,0.201217,0.025953,0.376178,-0.682639,0.0492,-0.729129,-0.498041,-0.761474,0.41483,-0.533959,0.646251,0.545229,-0.063787,0.010544,-0.051687,-0.201698,-0.477354,-0.400767,-1.915318,-0.243269,0.032626,0.355838,0.802408,0.073763,0.592192,-0.410823,0.78787,0.458714,-0.43373,-0.61145,0.661718,0.026405,-0.006951,0.009734,-0.139653,0.366524,-0.383528,-1.196279,-0.002277,0.038884,0.000826,-0.781167,0.02109,0.623965,0.336217,-0.827912,0.448908,0.526056,0.56046,0.639646,0.006933,-0.002668,0.005717,-0.120694,0.366489,-0.423831,-0.825722,0.114789,0.037426,-0.053387,-0.727702,0.094756,-0.679315,-0.446003,-0.817804,0.363697,-0.521085,0.56764,0.63738,-0.025623,0.006264,-0.02547,-0.256365,-0.716558,-0.213401,-0.953146
14,0.198642,0.026352,0.374737,-0.655176,0.028249,-0.754978,-0.510749,-0.752921,0.41499,-0.555907,0.657458,0.508668,-0.075813,0.004236,-0.024854,-0.13255,-1.191417,0.529947,-1.915688,-0.242463,0.032476,0.35618,0.786625,0.074236,0.612945,-0.426587,0.78288,0.452832,-0.44722,-0.617771,0.646696,0.026561,-0.006144,0.010262,-0.095073,0.227855,-0.237811,-1.013302,-0.001873,0.038812,0.001,-0.764609,0.018717,0.644222,0.352397,-0.824781,0.442212,0.539619,0.565141,0.624039,0.007,-0.002318,0.005942,-0.073591,0.217667,-0.276105,-0.719419,0.113507,0.037622,-0.054122,-0.702117,0.077644,-0.707815,-0.458459,-0.809883,0.365928,-0.544836,0.581428,0.604229,-0.031634,0.002783,-0.012233,0.173495,-2.333481,1.814409,-0.957881
15,0.195754,0.026586,0.374114,-0.639721,0.020772,-0.768356,-0.525728,-0.741069,0.41761,-0.55994,0.671072,0.48596,-0.075596,0.004311,-0.009775,-0.210293,-0.35868,0.295976,-1.915504,-0.241558,0.032374,0.356643,0.773444,0.075146,0.629388,-0.43927,0.779234,0.446957,-0.45781,-0.622257,0.634878,0.027285,-0.002616,0.012602,-0.066595,0.197437,-0.258259,-0.75048,-0.001421,0.038759,0.00123,-0.75098,0.016289,0.660123,0.365222,-0.822617,0.435788,0.550128,0.568361,0.61182,0.013722,-0.000919,0.006548,-0.03844,0.167144,-0.271039,-0.621282,0.112034,0.037746,-0.05444,-0.68641,0.071429,-0.723697,-0.473868,-0.798809,0.37061,-0.551625,0.597327,0.582158,-0.037806,0.002813,-0.004462,-0.157907,-0.28948,0.32629,-0.957555
16,0.194177,0.026693,0.374033,-0.632605,0.024834,-0.774105,-0.534497,-0.737329,0.413073,-0.559731,0.675036,0.480681,-0.088229,0.010334,-0.005781,-1.246538,0.463166,1.150913,-1.915156,-0.241083,0.03238,0.356918,0.768875,0.075018,0.634976,-0.443936,0.777187,0.445911,-0.460994,-0.624827,0.630031,0.027823,4e-05,0.014356,-0.085108,0.204576,-0.218922,-0.58496,-0.001184,0.038759,0.001365,-0.746235,0.01582,0.665494,0.370089,-0.821118,0.434509,0.553323,0.570538,0.606892,0.013729,-0.005785,0.011102,-0.104188,0.219515,-0.267796,-0.557435,0.111279,0.037794,-0.054479,-0.680104,0.075237,-0.729244,-0.481428,-0.796015,0.36686,-0.552888,0.600581,0.577595,-0.037669,-0.00027,0.001301,-4.237877,2.115385,3.017187,-0.959514
17,0.191231,0.026919,0.374162,-0.621605,0.036647,-0.782503,-0.550588,-0.730996,0.403074,-0.556468,0.681341,0.475546,-0.07519,0.005928,0.00617,-0.028926,-0.082407,0.19392,-1.915663,-0.24033,0.032383,0.357623,0.759745,0.079498,0.645336,-0.454317,0.774782,0.439593,-0.465987,-0.62726,0.62391,0.015658,0.003512,0.01727,-0.052144,0.193388,-0.300313,-0.257049,-0.000796,0.038763,0.001725,-0.73721,0.010011,0.675588,0.380557,-0.820053,0.42742,0.558297,0.572199,0.600742,0.007863,0.001959,0.008757,-0.052475,0.191494,-0.302162,-0.459624,0.109801,0.037916,-0.054415,-0.670116,0.090052,-0.736772,-0.499756,-0.788651,0.35815,-0.548804,0.608209,0.573492,-0.043873,0.003968,0.003939,-0.106466,-0.129878,0.418337,-0.954942
18,0.188422,0.027397,0.374546,-0.614317,0.052811,-0.787319,-0.568347,-0.721764,0.39498,-0.546641,0.690045,0.474392,-0.06253,0.014165,0.010494,-0.107572,-0.066327,0.300185,-1.914434,-0.239795,0.032473,0.358502,0.74992,0.092584,0.655011,-0.473311,0.766692,0.433698,-0.462964,-0.635374,0.617922,0.003523,-0.003015,0.029123,-0.186323,0.144475,-0.412854,-0.046116,-0.000537,0.038807,0.002146,-0.728905,-0.003548,0.684604,0.399348,-0.814435,0.42097,0.556072,0.580243,0.595063,0.001895,0.004151,0.010512,-1.146298,-0.536177,-1.345846,-0.356098,0.108392,0.038153,-0.054223,-0.663754,0.107088,-0.740244,-0.518281,-0.779422,0.351972,-0.539271,0.617278,0.572847,-0.031278,0.007904,0.005775,-0.400413,0.046113,0.484517,-0.952656
19,0.187203,0.027681,0.374756,-0.612157,0.059047,-0.788557,-0.570625,-0.72335,0.388745,-0.546694,0.687868,0.477484,-0.062417,0.013527,0.010075,0.050338,-0.053989,0.266416,-1.914162,-0.239673,0.032598,0.358873,0.744359,0.107587,0.659049,-0.490929,0.757036,0.431068,-0.453466,-0.644545,0.615463,0.003529,0.007048,0.020167,-0.042929,0.089479,-0.13587,0.003882,-0.000469,0.038872,0.002345,-0.724669,-0.019671,0.688816,0.418609,-0.806582,0.417363,0.547376,0.590794,0.592739,0.001728,0.003427,0.01001,-0.054086,0.192393,-0.305556,-0.259756,0.107783,0.038303,-0.054113,-0.661946,0.113821,-0.740858,-0.520964,-0.780501,0.345562,-0.538909,0.614704,0.575946,-0.024975,0.007356,0.005213,0.029741,-0.105044,0.314164,-0.957718
20,0.185185,0.028101,0.37513,-0.607209,0.075262,-0.790998,-0.579674,-0.722818,0.376145,-0.542689,0.686823,0.483518,-0.049799,0.009895,0.007464,0.152261,0.219773,0.2219,-1.913937,-0.239682,0.032918,0.359473,0.735105,0.134958,0.664378,-0.520153,0.740633,0.425251,-0.435577,-0.658345,0.613773,0.002765,0.013367,0.008734,-1.043356,-0.712596,-1.191177,0.040829,-0.000471,0.039035,0.002653,-0.718498,-0.046601,0.693965,0.447827,-0.794413,0.410313,0.532175,0.605586,0.591654,-0.004944,0.006577,0.004703,-3.617928,-2.22898,-3.800229,-0.158843,0.106769,0.038523,-0.05392,-0.657374,0.129616,-0.742332,-0.530887,-0.778783,0.334148,-0.534805,0.613755,0.580763,-0.018672,0.004907,0.003531,0.234463,0.224981,0.480841,-0.961311
21,0.183859,0.028279,0.375292,-0.60086,0.089895,-0.794312,-0.592577,-0.71701,0.367043,-0.535794,0.691119,0.485085,-0.037363,0.001292,0.002018,0.023098,-0.013126,0.105618,-1.913818,-0.239874,0.033429,0.359671,0.732962,0.152047,0.663053,-0.535082,0.730564,0.424143,-0.420818,-0.665853,0.615966,-0.010726,0.019833,-0.001885,-0.172767,-0.448976,0.403896,0.04357,-0.000562,0.039293,0.002758,-0.717756,-0.0655,0.693207,0.465576,-0.785428,0.407849,0.51775,0.615477,0.594241,0.000944,0.009592,-0.001494,-0.653775,-1.731414,1.844383,-0.134023,0.106087,0.038624,-0.053831,-0.651872,0.145744,-0.74419,-0.544707,-0.772754,0.325797,-0.527594,0.617744,0.583125,-0.018689,0.000263,0.000812,-0.007981,-0.055128,0.08823,-0.962127
22,0.18308,0.028201,0.375206,-0.594394,0.104393,-0.797397,-0.605198,-0.711029,0.357973,-0.52887,0.695228,0.486808,-0.012546,-0.006247,-0.003212,0.047672,0.000631,0.187238,-1.913724,-0.240012,0.034244,0.359341,0.736933,0.158846,0.657031,-0.536353,0.728808,0.425556,-0.412163,-0.666199,0.621421,0.00118,0.035553,-0.023237,0.211796,-0.181194,-0.041348,0.043568,-0.000635,0.039708,0.002593,-0.723142,-0.071369,0.687002,0.466779,-0.78363,0.409926,0.5091,0.617113,0.59999,0.000535,0.017507,-0.011795,0.233187,-0.198696,-0.055409,-0.128797,0.105698,0.038586,-0.053873,-0.646041,0.160578,-0.746219,-0.558073,-0.766337,0.318246,-0.520753,0.622046,0.584699,-0.006277,-0.003613,-0.001874,0.031629,-0.022002,0.178073,-0.960494
23,0.182823,0.028075,0.375018,-0.591734,0.10537,-0.799246,-0.606751,-0.710989,0.355416,-0.530075,0.695121,0.485649,-0.012635,-0.011801,-0.006456,0.004555,-0.065025,0.12057,-1.913435,-0.240029,0.034747,0.358975,0.734515,0.171973,0.656433,-0.548214,0.720323,0.424888,-0.400682,-0.672162,0.622507,0.000592,0.0327,-0.025064,0.105931,-0.052625,0.041897,0.043307,-0.000644,0.039948,0.00242,-0.722242,-0.085038,0.686392,0.479673,-0.776548,0.408518,0.498277,0.624293,0.601646,9.8e-05,0.010402,-0.008682,0.051693,-0.027603,0.027878,-0.127818,0.105578,0.038531,-0.053957,-0.64363,0.161662,-0.748067,-0.559746,-0.766023,0.316058,-0.521942,0.622152,0.583525,-0.006311,-0.005761,-0.003133,-0.003581,-0.077574,0.114901,-0.960821
24,0.182488,0.027817,0.374462,-0.588066,0.112674,-0.800954,-0.612744,-0.708455,0.350153,-0.527262,0.696551,0.48666,-0.013042,-0.00446,-0.0172,0.036138,0.021747,-0.033306,-1.91328,-0.23992,0.035906,0.35794,0.734038,0.18782,0.652612,-0.5551,0.719367,0.417503,-0.391959,-0.668958,0.631448,0.000179,0.03069,-0.026302,0.400127,-0.415562,-0.198198,0.04337,-0.000591,0.040533,0.001889,-0.723615,-0.099723,0.682961,0.486077,-0.77613,0.401684,0.49001,0.622636,0.610093,6.6e-05,0.015186,-0.01326,0.508442,-0.518699,-0.257362,-0.126185,0.105406,0.038391,-0.054241,-0.640162,0.169373,-0.749336,-0.566247,-0.763213,0.311238,-0.519188,0.623552,0.584487,-0.000281,-0.002927,-0.00921,0.029735,-0.091929,0.137803,-0.961801
25,0.182421,0.027742,0.373823,-0.585285,0.113678,-0.802847,-0.613757,-0.70915,0.346959,-0.529176,0.69568,0.485829,0.011676,0.010444,-0.024335,0.077459,-0.117766,0.217632,-1.913645,-0.239824,0.037427,0.356707,0.733332,0.208468,0.647114,-0.562467,0.720529,0.405465,-0.382644,-0.661577,0.644796,0.00074,0.033352,-0.024481,0.42311,-0.441557,-0.218076,0.047083,-0.000545,0.041257,0.001289,-0.725354,-0.119861,0.677859,0.492861,-0.777886,0.389846,0.48057,0.616868,0.623317,0.000391,0.016713,-0.012223,0.487224,-0.443807,-0.462567,-0.125532,0.105363,0.038336,-0.054565,-0.637657,0.170404,-0.751235,-0.567322,-0.763589,0.308343,-0.521093,0.62281,0.583582,-0.000238,-0.000183,-0.007619,0.035243,0.00208,-0.006618,-0.960004
26,0.182505,0.027772,0.373499,-0.583871,0.114198,-0.803803,-0.614227,-0.709557,0.345292,-0.530192,0.695179,0.485438,0.012021,0.000634,-0.015086,0.035873,-0.011942,0.023574,-1.912804,-0.239812,0.038165,0.356195,0.733915,0.21562,0.644103,-0.562379,0.724508,0.398437,-0.381654,-0.654914,0.652144,0.000952,0.034345,-0.023795,0.41759,-0.433666,-0.2139,0.056487,-0.000539,0.041643,0.001021,-0.727021,-0.127649,0.674644,0.491987,-0.782233,0.382177,0.478945,0.609767,0.631501,0.000524,0.01734,-0.011793,0.560075,-0.585665,-0.308262,-0.11851,0.105405,0.03835,-0.054722,-0.636209,0.171116,-0.7523,-0.567968,-0.763816,0.306587,-0.522158,0.622336,0.583136,-0.000229,0.000382,-0.007294,0.041253,-0.092449,0.168277,-0.958698
27,0.182706,0.027817,0.373022,-0.588701,0.113326,-0.800396,-0.61194,-0.709436,0.349575,-0.527488,0.695446,0.487995,-0.000421,0.004473,-0.012405,-0.025597,0.125383,-0.179314,-1.913287,-0.239786,0.039533,0.355288,0.734029,0.242965,0.63416,-0.570705,0.726659,0.382357,-0.368826,-0.64288,0.671219,0.001053,0.03478,-0.023438,0.397316,-0.406896,-0.197785,0.075343,-0.000525,0.042342,0.00056,-0.730811,-0.155872,0.664543,0.499383,-0.785803,0.364867,0.465328,0.598511,0.652113,0.00055,0.017426,-0.011698,0.379967,-0.392632,-0.18997,-0.09369,0.10551,0.038372,-0.054972,-0.640644,0.169765,-0.748834,-0.565461,-0.764077,0.310544,-0.519448,0.622386,0.585498,-0.000208,0.001843,-0.006436,-0.197191,0.507505,-0.732713,-0.955759
28,0.182826,0.027941,0.372695,-0.592604,0.115753,-0.797162,-0.613635,-0.705971,0.353594,-0.521112,0.698562,0.490388,-3.1e-05,-0.002198,-0.001302,-1e-06,3e-06,-4e-06,-1.91328,-0.239586,0.040956,0.354353,0.731539,0.287042,0.618425,-0.590614,0.71977,0.364746,-0.341331,-0.632433,0.695259,0.00137,0.036303,-0.022372,-0.208067,-2.697889,1.312351,0.11287,-0.000426,0.043038,0.0001,-0.731883,-0.198217,0.651963,0.52006,-0.78071,0.34645,0.440322,0.592622,0.674474,0.00077,0.018486,-0.010974,0.265575,-0.422258,-0.28206,-0.061195,0.10557,0.038432,-0.055136,-0.644483,0.171692,-0.745092,-0.567004,-0.761077,0.315066,-0.512979,0.625526,0.587851,-1.2e-05,-0.00126,-0.000749,0.00161,0.009818,-0.020715,-0.958208
29,0.182861,0.028022,0.372618,-0.597456,0.114594,-0.7937,-0.611262,-0.705724,0.358168,-0.518352,0.699003,0.492679,-0.0,-1e-06,-1e-06,-1.3e-05,3e-05,-4.3e-05,-1.91343,-0.239277,0.042242,0.353578,0.727394,0.319776,0.60715,-0.604035,0.718045,0.345669,-0.326324,-0.618576,0.71466,0.013585,0.024589,-0.015288,0.33645,-0.37932,-0.134454,0.192893,-0.000281,0.043673,-0.000281,-0.733879,-0.233055,0.638048,0.532244,-0.78091,0.326947,0.422062,0.579538,0.697136,0.000596,0.01271,-0.007049,0.442975,-0.579057,-0.105844,0.016858,0.105588,0.038479,-0.055177,-0.649175,0.169944,-0.74141,-0.56426,-0.761237,0.319574,-0.51008,0.625808,0.59007,4e-06,0.000132,7.8e-05,0.002376,-0.004095,0.004707,-0.959025
30,0.182851,0.028031,0.372612,-0.599749,0.11406,-0.792046,-0.610208,-0.705503,0.360394,-0.516944,0.699314,0.493716,-0.0,-0.0,-0.0,-0.0,0.0,-0.0,-1.913697,-0.239111,0.042693,0.353279,0.725793,0.33488,0.600892,-0.609073,0.718687,0.335337,-0.320454,-0.60979,0.724795,0.000968,0.024508,-0.014656,0.598468,-0.761294,-0.23301,0.231182,-0.000192,0.043911,-0.000435,-0.734117,-0.246503,0.632699,0.536572,-0.781619,0.318058,0.416127,0.57298,0.706066,0.006699,0.011801,-0.007965,0.280203,-0.3232,-0.101547,0.068621,0.105583,0.038484,-0.055179,-0.651434,0.169106,-0.739619,-0.562998,-0.761223,0.321826,-0.508592,0.626052,0.591093,2e-06,7.4e-05,4.3e-05,0.00158,-0.002745,0.003198,-0.963597
31,0.182721,0.028021,0.372645,-0.604699,0.112849,-0.788448,-0.607894,-0.705002,0.36525,-0.513893,0.700016,0.4959,2e-05,0.001368,0.00081,-0.0,0.0,-0.0,-1.913702,-0.238767,0.043062,0.35303,0.717855,0.368789,0.590483,-0.627471,0.709981,0.319594,-0.302257,-0.600394,0.740291,0.012496,-0.000389,-0.000923,0.469531,-0.667399,-0.182321,0.281503,-1.9e-05,0.044109,-0.000567,-0.730566,-0.281626,0.622059,0.555247,-0.77526,0.301115,0.397457,0.565382,0.722751,0.000127,0.0006,0.000381,0.477712,-0.583344,-0.412523,0.160717,0.105518,0.038478,-0.055164,-0.655996,0.1674,-0.735966,-0.560483,-0.761104,0.326464,-0.505497,0.626655,0.593106,-0.006077,-0.004587,0.005023,-0.034454,0.009378,-0.020554,-0.960331
32,0.182534,0.027988,0.372677,-0.604901,0.112758,-0.788306,-0.607808,-0.70495,0.365495,-0.513757,0.700084,0.495946,-0.012507,-5.1e-05,0.000391,-0.000984,0.014715,-0.029553,-1.913349,-0.238478,0.042982,0.353134,0.700932,0.418707,0.577382,-0.659264,0.689055,0.300843,-0.27275,-0.592042,0.758259,0.000808,0.00397,0.002575,-0.393338,-1.177331,-1.693944,0.282189,0.000124,0.044065,-0.000524,-0.722017,-0.327968,0.609201,0.583735,-0.761431,0.281914,0.371406,0.55916,0.741213,0.000363,0.001784,0.001149,0.381099,-0.467086,-0.290223,0.192232,0.105429,0.038466,-0.055146,-0.656141,0.167302,-0.735858,-0.560408,-0.761074,0.326662,-0.505391,0.626718,0.59313,-0.006254,-2.8e-05,0.000198,-0.000924,0.01467,-0.029535,-0.948574
33,0.182431,0.027987,0.37268,-0.604995,0.112713,-0.78824,-0.607741,-0.70496,0.365586,-0.513725,0.700081,0.495984,0.0,0.0,0.0,0.0,0.0,0.0,-1.91315,-0.238409,0.042954,0.35332,0.691912,0.44724,0.566769,-0.676115,0.676521,0.291758,-0.253801,-0.585631,0.76973,0.001679,0.008258,0.005349,0.217874,-0.841652,-0.590021,0.287551,0.000161,0.044041,-0.000437,-0.715324,-0.361572,0.597977,0.604909,-0.74882,0.270835,0.349851,0.555457,0.754367,0.006776,-0.0023,0.005844,-2.357105,-2.544471,-4.834306,0.194681,0.105378,0.038465,-0.055144,-0.656229,0.167247,-0.735792,-0.560335,-0.761091,0.326747,-0.505357,0.626712,0.593165,-0.0,-1e-06,5e-06,4.4e-05,-0.0,-2.1e-05,-0.946125
34,0.182215,0.027987,0.372676,-0.604974,0.112698,-0.788258,-0.607733,-0.704978,0.365566,-0.513759,0.700066,0.49597,-0.012508,-0.000111,0.000355,-0.000984,0.014715,-0.029553,-1.913054,-0.238152,0.043203,0.353757,0.678595,0.502516,0.535703,-0.699126,0.665331,0.261709,-0.225747,-0.552749,0.802103,0.003099,0.015314,0.009874,0.907876,-1.169595,-0.5009,0.344185,0.000289,0.04416,-0.000217,-0.709266,-0.418801,0.56705,0.628817,-0.73946,0.240388,0.318636,0.527071,0.787823,0.001398,0.002024,0.008904,1.035745,-1.322378,-0.674174,0.241709,0.10527,0.038465,-0.055146,-0.656209,0.167235,-0.735813,-0.560327,-0.761107,0.326725,-0.505393,0.626696,0.593152,0.0,-3.8e-05,-1.9e-05,3.1e-05,-1.7e-05,-1.2e-05,-0.945798
35,0.182056,0.027956,0.372674,-0.604549,0.112836,-0.788564,-0.608021,-0.704918,0.365202,-0.513919,0.700104,0.495751,-2.8e-05,-0.001698,-0.001006,-0.000846,0.013817,-0.025277,-1.913097,-0.237949,0.043461,0.354351,0.663758,0.566401,0.488475,-0.722525,0.654171,0.2235,-0.193777,-0.501998,0.8428,-0.009703,0.004097,0.018509,1.250373,-1.730963,-0.641753,0.361498,0.000398,0.044304,8.4e-05,-0.703905,-0.483181,0.520627,0.651507,-0.73118,0.20227,0.282939,0.481571,0.829478,0.001163,0.000851,0.008133,0.881669,-1.580934,-0.366199,0.291839,0.105185,0.038453,-0.055145,-0.655811,0.167416,-0.736126,-0.560636,-0.761023,0.326389,-0.505566,0.626749,0.592947,-0.006256,-0.000123,0.000142,0.004863,-0.080654,0.144875,-0.945308
36,0.181999,0.027948,0.372661,-0.604452,0.112866,-0.788634,-0.60807,-0.704927,0.365104,-0.513976,0.70009,0.495711,-0.012519,-0.000678,1.8e-05,-0.000984,0.014715,-0.029553,-1.912946,-0.237933,0.043597,0.354566,0.654046,0.599934,0.460753,-0.735518,0.646452,0.202601,-0.177117,-0.472159,0.863458,-0.009962,0.012733,0.00883,-1.252783,-2.741085,-5.420522,0.352684,0.000403,0.044379,0.000201,-0.700073,-0.517969,0.491533,0.663375,-0.726501,0.179245,0.264256,0.451556,0.852212,-0.005115,0.006349,0.004373,-1.301582,-2.697584,-5.404623,0.295431,0.105161,0.038446,-0.055154,-0.655717,0.167458,-0.7362,-0.560692,-0.761023,0.326291,-0.505626,0.626737,0.592909,-6e-06,-0.000395,-0.00023,1.9e-05,7e-06,-2e-05,-0.945471
37,0.181913,0.02788,0.372612,-0.604314,0.112906,-0.788734,-0.608144,-0.704932,0.364972,-0.514051,0.700078,0.49565,-3.1e-05,-0.001798,-0.001066,0.0,0.0,0.0,-1.913114,-0.23785,0.044113,0.354884,0.655712,0.642041,0.397262,-0.737996,0.655915,0.158341,-0.15972,-0.397816,0.90338,0.002889,0.014364,0.009145,1.224878,-1.693355,-0.144026,0.332943,0.000442,0.044624,0.000352,-0.707626,-0.561494,0.428938,0.664735,-0.734835,0.134701,0.239565,0.380448,0.893234,0.001359,0.006806,0.004312,1.39009,-1.859469,-0.307911,0.278776,0.105114,0.038414,-0.055176,-0.655606,0.167504,-0.736289,-0.560759,-0.761022,0.32618,-0.505696,0.626727,0.59286,-2.2e-05,-0.001341,-0.000793,7e-06,-1.3e-05,-1e-05,-0.945635
38,0.18192,0.027775,0.372538,-0.60407,0.112996,-0.788909,-0.608292,-0.704926,0.364737,-0.514163,0.70007,0.495545,-4.7e-05,-0.002784,-0.001653,0.0,0.0,0.0,-1.91314,-0.237905,0.044584,0.355272,0.644792,0.6866,0.335878,-0.751189,0.650268,0.113139,-0.141528,-0.326129,0.934597,0.002335,0.011608,0.007353,1.002148,-1.47209,0.212787,0.332304,0.000416,0.044867,0.000551,-0.703827,-0.608283,0.366904,0.6772,-0.730524,0.087941,0.21454,0.310362,0.926092,0.001191,0.005902,0.00373,1.221471,-1.679983,0.077575,0.267835,0.105117,0.038361,-0.055214,-0.655375,0.167619,-0.736468,-0.560921,-0.760998,0.325956,-0.505815,0.626725,0.592761,-0.000187,0.003652,-0.005366,0.035737,-0.011095,0.01927,-0.945471
39,0.181946,0.027639,0.372456,-0.603967,0.113036,-0.788982,-0.608361,-0.704915,0.364642,-0.514203,0.700074,0.495498,-6.1e-05,-0.003591,-0.002134,0.0,0.0,0.0,-1.913457,-0.238027,0.044747,0.355486,0.642561,0.710643,0.286518,-0.75554,0.649735,0.083292,-0.127766,-0.270899,0.954019,0.000389,0.001929,0.001219,0.601208,-0.936698,0.297982,0.345158,0.000358,0.044963,0.000667,-0.706052,-0.633073,0.317344,0.680713,-0.730275,0.05767,0.195239,0.256738,0.946554,-0.005936,0.001478,0.001286,0.675562,-1.100474,0.355266,0.276163,0.10513,0.038294,-0.055254,-0.655279,0.167671,-0.736543,-0.560996,-0.760981,0.325867,-0.505857,0.626732,0.592718,-3.5e-05,-0.002115,-0.001256,-0.00084,0.013812,-0.025286,-0.945798
40,0.181945,0.027587,0.372403,-0.604551,0.115547,-0.78817,-0.608384,-0.705676,0.363129,-0.513488,0.698894,0.497899,-5.7e-05,-0.003355,-0.001995,0.040924,0.07975,0.042188,-1.912706,-0.238124,0.044791,0.355497,0.637165,0.72292,0.267203,-0.761289,0.644274,0.07269,-0.120393,-0.250654,0.96049,0.000313,0.01147,-0.007852,0.620124,-0.917669,0.348864,0.353371,0.000309,0.044982,0.000671,-0.703213,-0.645589,0.297834,0.686314,-0.725766,0.04727,0.185641,0.237649,0.953446,9.8e-05,0.005413,-0.004124,0.619683,-0.915111,0.356489,0.284001,0.10513,0.038267,-0.055282,-0.655941,0.17012,-0.73539,-0.561009,-0.761684,0.324197,-0.504983,0.625216,0.595059,-3.1e-05,-0.001943,-0.001156,0.041919,0.101944,0.022535,-0.945635
41,0.181914,0.027544,0.372322,-0.604728,0.115478,-0.788044,-0.608197,-0.705786,0.363226,-0.5135,0.698794,0.498028,-1.4e-05,-0.000838,-0.000498,7e-06,1.4e-05,8e-06,-1.913315,-0.238103,0.045219,0.355133,0.634899,0.731838,0.247604,-0.764429,0.641387,0.064854,-0.112134,-0.231382,0.966308,0.011929,0.007219,-0.011221,0.069359,-0.244043,0.343991,0.381466,0.000314,0.045183,0.000498,-0.702062,-0.655409,0.27847,0.690113,-0.722647,0.039044,0.175646,0.219587,0.95965,-5.8e-05,0.00464,-0.004606,0.003422,-0.196605,0.354435,0.311271,0.105114,0.038241,-0.055325,-0.656062,0.169999,-0.735311,-0.560903,-0.761697,0.324352,-0.504945,0.625234,0.595073,-0.000166,0.004882,-0.004636,0.03466,-0.01271,0.018536,-0.946288
42,0.181904,0.027553,0.372305,-0.605195,0.118028,-0.787308,-0.608298,-0.706531,0.361606,-0.512832,0.697611,0.50037,1.8e-05,0.001083,0.000645,0.000828,0.001613,0.000854,-1.912819,-0.238117,0.045686,0.354601,0.618889,0.747123,0.242436,-0.778562,0.624207,0.064344,-0.104024,-0.229524,0.967657,-0.000605,0.006911,-0.010717,0.024753,-0.019625,-0.02836,0.400507,0.000311,0.045421,0.000223,-0.688792,-0.671632,0.272899,0.705407,-0.70775,0.038589,0.167226,0.219085,0.961268,-0.0004,0.002937,-0.005685,-0.002313,-0.008615,-0.145273,0.345398,0.105109,0.038243,-0.055335,-0.656593,0.172553,-0.73424,-0.561076,-0.762317,0.32259,-0.504061,0.623776,0.597348,1.5e-05,0.000819,0.000489,-0.008002,-0.02497,0.02087,-0.945471
43,0.181904,0.027552,0.372316,-0.605191,0.118029,-0.787311,-0.608314,-0.706512,0.361616,-0.512817,0.69763,0.500358,1.9e-05,0.001108,0.00066,1.2e-05,2.4e-05,1.2e-05,-1.913242,-0.238117,0.0457,0.354451,0.613936,0.751666,0.24098,-0.782909,0.618634,0.065416,-0.100668,-0.229783,0.967951,-0.000995,-0.004927,-0.003123,0.0,-0.0,-0.0,0.400023,0.000311,0.045431,0.000144,-0.684538,-0.676626,0.271263,0.710303,-0.702788,0.039464,0.163938,0.219694,0.961695,-0.000454,0.002675,-0.005852,0.028492,0.110505,-0.168615,0.351604,0.105109,0.038244,-0.055328,-0.656561,0.172453,-0.734293,-0.561103,-0.762258,0.322683,-0.504074,0.623876,0.597233,1.2e-05,0.000778,0.000464,-0.001196,-0.001899,-0.000906,-0.945635
44,0.181905,0.027583,0.372334,-0.605007,0.118097,-0.787442,-0.608436,-0.706493,0.36145,-0.51289,0.697638,0.500272,2.6e-05,0.001541,0.000917,0.0,0.0,0.0,-1.913052,-0.238165,0.045408,0.354493,0.60176,0.762239,0.238471,-0.791963,0.607977,0.055616,-0.103336,-0.223297,0.969187,-0.000192,-0.000949,-0.000602,0.382607,-0.209925,-0.394727,0.403232,0.000286,0.045275,0.000159,-0.674451,-0.687522,0.269125,0.719461,-0.693864,0.030446,0.165804,0.21416,0.962623,-8.7e-05,-0.000416,-0.000268,0.617362,-0.388936,-0.47816,0.356339,0.10511,0.03826,-0.055319,-0.656385,0.172518,-0.734435,-0.56123,-0.762225,0.32254,-0.504161,0.623898,0.597136,1.5e-05,0.000905,0.000539,0.000958,-0.01392,0.025135,-0.946614
45,0.181886,0.027605,0.372348,-0.604879,0.118142,-0.787534,-0.60852,-0.706479,0.361334,-0.512942,0.697644,0.500211,2e-06,0.000106,6.3e-05,0.0,0.0,0.0,-1.913414,-0.238127,0.045353,0.354684,0.590516,0.775247,0.224219,-0.80022,0.598374,0.039114,-0.104574,-0.203509,0.973402,0.013099,-0.006828,0.01009,0.635326,-0.658243,-0.178808,0.402432,0.000298,0.045242,0.000246,-0.665581,-0.701254,0.255426,0.727859,-0.685574,0.014436,0.16499,0.195523,0.96672,0.000366,-0.00313,0.005568,0.401647,-0.338573,-0.264636,0.357645,0.105101,0.038275,-0.055309,-0.656264,0.172573,-0.734529,-0.561317,-0.762207,0.322432,-0.504221,0.623905,0.597078,1e-06,4.4e-05,2.7e-05,0.0001,-4.6e-05,-6.7e-05,-0.947594
46,0.18182,0.027575,0.372332,-0.604731,0.118189,-0.78764,-0.608615,-0.706464,0.361204,-0.513003,0.697652,0.500137,-1.7e-05,-0.001007,-0.000599,0.0,0.0,0.0,-1.913365,-0.237993,0.045532,0.355043,0.578128,0.790179,0.203412,-0.808409,0.588435,0.012336,-0.110661,-0.172578,0.97869,0.014315,-0.000729,0.013933,0.82387,-0.722605,-0.433386,0.409743,0.000365,0.045331,0.000425,-0.655895,-0.717729,0.233806,0.735965,-0.676888,-0.013286,0.167796,0.163359,0.972192,0.00113,0.00562,0.00355,0.487658,-0.512497,-0.098411,0.363197,0.105067,0.038261,-0.055317,-0.656126,0.172633,-0.734639,-0.561417,-0.762185,0.32231,-0.50429,0.623915,0.597009,-1.2e-05,-0.000662,-0.000394,6.6e-05,-2.7e-05,-4.9e-05,-0.948901
47,0.181782,0.027537,0.372311,-0.604775,0.118169,-0.787609,-0.608584,-0.706469,0.361247,-0.512987,0.69765,0.500156,-4.1e-05,-0.002372,-0.001412,0.0,0.0,0.0,-1.913097,-0.237884,0.04571,0.355207,0.575483,0.795424,0.19003,-0.810173,0.586134,0.00069,-0.111545,-0.155367,0.981469,0.002135,0.000698,0.015509,0.575215,-0.490854,-0.343054,0.411025,0.000425,0.045424,0.00051,-0.654036,-0.723987,0.219269,0.737782,-0.674518,-0.026478,0.167071,0.144456,0.975304,0.007355,0.005638,0.003199,0.792622,-0.677582,-0.35782,0.367116,0.105048,0.038244,-0.055326,-0.656168,0.172608,-0.734608,-0.561382,-0.762194,0.32235,-0.504274,0.623912,0.597026,-2.4e-05,-0.001437,-0.000854,-0.000789,0.013809,-0.025317,-0.949227
48,0.181723,0.027409,0.372225,-0.604599,0.118227,-0.787736,-0.608684,-0.706469,0.361077,-0.513076,0.69764,0.500078,-7.6e-05,-0.004329,-0.00258,-0.000845,0.013825,-0.025273,-1.913751,-0.237816,0.046137,0.355488,0.565711,0.807098,0.16898,-0.816185,0.577236,-0.023952,-0.117571,-0.125398,0.985046,0.002068,0.010297,0.006463,0.607393,-0.600337,-0.150761,0.407976,0.00046,0.045641,0.000658,-0.64637,-0.736736,0.198555,0.743918,-0.666342,-0.050723,0.169675,0.114923,0.978775,0.001037,0.005192,0.003255,0.602506,-0.499201,-0.349542,0.368586,0.105019,0.038181,-0.055368,-0.655987,0.172691,-0.73475,-0.561503,-0.762179,0.322173,-0.504375,0.623906,0.596946,-2.9e-05,-0.001741,-0.001037,4.5e-05,-1.5e-05,-1.5e-05,-0.949227
49,0.181653,0.027291,0.372078,-0.604797,0.118145,-0.787596,-0.608456,-0.706619,0.361169,-0.513114,0.697502,0.500232,-7.6e-05,-0.004251,-0.002538,0.0,0.0,0.0,-1.914272,-0.237825,0.046693,0.355775,0.554389,0.818178,0.152411,-0.823872,0.565448,-0.037901,-0.117873,-0.105598,0.987328,0.002897,0.014426,0.009011,0.313138,-0.276987,-0.12797,0.403571,0.000454,0.045912,0.000797,-0.636786,-0.749528,0.180858,0.752522,-0.655251,-0.065988,0.167968,0.09408,0.981292,0.001384,0.006906,0.004315,0.387885,-0.420218,-0.01733,0.362544,0.104984,0.038118,-0.055445,-0.656188,0.17258,-0.734596,-0.561251,-0.762332,0.32225,-0.504393,0.62375,0.597095,-3.7e-05,-0.002192,-0.001308,2e-05,-1.9e-05,-1.6e-05,-0.948574
50,0.181612,0.027241,0.371993,-0.604894,0.118104,-0.787528,-0.608322,-0.706721,0.361194,-0.513158,0.697405,0.500322,-0.000396,0.006153,-0.011431,0.034888,0.002717,-0.006006,-1.914445,-0.237833,0.046885,0.356045,0.547748,0.823635,0.146932,-0.8281,0.558765,-0.044328,-0.119286,-0.098444,0.987898,-0.009204,0.006059,0.01946,0.187311,-0.175019,-0.121872,0.405506,0.000455,0.04601,0.000927,-0.630957,-0.755843,0.174913,0.757258,-0.649025,-0.072971,0.168678,0.086413,0.981875,0.001548,0.007739,0.004823,0.233575,-0.213915,-0.08939,0.362544,0.104964,0.038091,-0.055483,-0.656277,0.17253,-0.734529,-0.561128,-0.762415,0.322269,-0.504416,0.623663,0.597167,-3e-05,-0.001831,-0.001093,1.7e-05,-1.4e-05,-9e-06,-0.948411
51,0.181513,0.027155,0.371842,-0.605089,0.11802,-0.787391,-0.608066,-0.706908,0.361259,-0.513231,0.69723,0.500491,-0.000389,0.006518,-0.011215,0.034888,0.00271,-0.00601,-1.914643,-0.237872,0.047203,0.356813,0.522311,0.841974,0.135133,-0.843943,0.533124,-0.058915,-0.122291,-0.084346,0.988834,0.003524,-0.002228,0.028513,0.405065,-0.374708,-0.29741,0.400013,0.000433,0.046166,0.001299,-0.609021,-0.776066,0.16375,0.774809,-0.626263,-0.086391,0.169596,0.074261,0.982711,0.001973,0.004966,0.010543,0.539284,-0.492877,-0.830307,0.361238,0.104914,0.038048,-0.055558,-0.65646,0.172424,-0.73439,-0.560862,-0.762598,0.3223,-0.504472,0.623469,0.597321,-3.2e-05,-0.001923,-0.001151,1.5e-05,-1e-06,-3e-06,-0.946288
52,0.181406,0.027082,0.371735,-0.605142,0.117988,-0.787355,-0.607945,-0.707025,0.361234,-0.513312,0.697118,0.500565,-5.1e-05,-0.002759,-0.001653,0.0,0.0,0.0,-1.914612,-0.237822,0.04748,0.357942,0.510136,0.851711,0.119752,-0.850445,0.520337,-0.076983,-0.128506,-0.063657,0.989594,0.00488,0.004578,0.032592,0.577825,-0.524435,-0.321605,0.393804,0.000453,0.046302,0.001856,-0.598632,-0.787173,0.148311,0.782023,-0.614415,-0.104555,0.173428,0.053393,0.983397,0.002374,0.002044,0.016152,0.309778,-0.312236,-0.174914,0.3534,0.10486,0.038014,-0.055616,-0.656513,0.172384,-0.734352,-0.560723,-0.762724,0.322244,-0.504559,0.623326,0.597398,-0.006306,-0.00187,-0.000908,-0.001819,0.028562,-0.054825,-0.944655
53,0.181281,0.026994,0.37164,-0.605375,0.117888,-0.78719,-0.607731,-0.707124,0.3614,-0.513289,0.697034,0.500704,-4.7e-05,-0.002454,-0.001472,0.0,0.0,0.0,-1.914891,-0.23768,0.047445,0.359261,0.486887,0.867676,0.100356,-0.862864,0.4957,-0.098399,-0.135721,-0.039791,0.989878,0.004309,0.001792,0.030784,0.578361,-0.507624,-0.501135,0.396003,0.000527,0.046298,0.002523,-0.578524,-0.805583,0.127844,0.796007,-0.591806,-0.127034,0.177995,0.028273,0.983624,0.002149,0.000951,0.015422,0.124383,-0.126782,-1.860905,0.35193,0.104798,0.037969,-0.055663,-0.656733,0.172259,-0.734185,-0.560495,-0.762831,0.322386,-0.504526,0.623229,0.597526,-3e-05,-0.001632,-0.000977,-0.00084,0.013833,-0.025259,-0.945308
54,0.181204,0.026957,0.371598,-0.605387,0.117875,-0.787183,-0.607693,-0.707162,0.36139,-0.51332,0.696997,0.500723,-0.0126,-0.002453,-0.001052,-0.000984,0.014715,-0.029553,-1.914364,-0.237563,0.047427,0.359882,0.47886,0.87315,0.091074,-0.866795,0.486768,-0.10797,-0.139192,-0.028354,0.98979,0.004106,-0.009089,0.038991,0.430568,-0.403721,-0.309813,0.394908,0.000588,0.04629,0.002857,-0.570638,-0.812833,0.116932,0.8011,-0.58231,-0.138395,0.180582,0.014701,0.983449,0.002042,-0.004489,0.019529,0.444266,-0.414625,-0.313463,0.351767,0.104764,0.03795,-0.055685,-0.656726,0.172254,-0.734192,-0.56047,-0.762863,0.322353,-0.504562,0.623191,0.597536,-2.6e-05,-0.001456,-0.000871,4e-06,0.0,-5e-06,-0.944655
55,0.18104,0.026893,0.371475,-0.605546,0.117797,-0.787073,-0.607472,-0.707327,0.361438,-0.513395,0.696843,0.500862,-6.4e-05,-0.00325,-0.001952,0.0,0.0,0.0,-1.914776,-0.237335,0.047186,0.361332,0.456623,0.886833,0.070807,-0.877413,0.462155,-0.128429,-0.147177,-0.004615,0.98903,0.00422,-0.008458,0.039299,0.359466,-0.241014,-1.933642,0.386474,0.000702,0.046169,0.003582,-0.551371,-0.828715,0.096027,0.813315,-0.559585,-0.159316,0.185763,-0.009742,0.982546,0.002083,-0.004254,0.019621,0.392109,-0.269519,-1.959475,0.344255,0.104682,0.037917,-0.055742,-0.656871,0.172162,-0.734084,-0.560258,-0.763006,0.322384,-0.504609,0.623041,0.597652,-2.6e-05,-0.001369,-0.000819,-4e-06,-7e-06,-8e-06,-0.945635
56,0.180876,0.026892,0.371354,-0.605697,0.11772,-0.786968,-0.607216,-0.707547,0.361441,-0.51352,0.696634,0.501024,-2.7e-05,-0.001332,-0.000801,0.0,0.0,0.0,-1.915191,-0.237218,0.046822,0.362901,0.433544,0.899818,0.048571,-0.887355,0.435786,-0.15042,-0.157045,0.020966,0.987299,0.004161,-0.008723,0.039079,0.612744,-0.55473,-0.410967,0.387932,0.000762,0.045994,0.004337,-0.530997,-0.844095,0.074464,0.825328,-0.535096,-0.180289,0.192027,-0.034275,0.98079,0.002021,-0.004519,0.019448,0.34917,-0.395621,-0.563456,0.3405,0.104595,0.037915,-0.055809,-0.657034,0.172057,-0.733962,-0.559963,-0.763235,0.322354,-0.504723,0.62279,0.597817,-1e-05,-0.000592,-0.000354,-1e-06,-2.5e-05,1.1e-05,-0.946615
