frame,MLTx,MLTy,MLTz,MLTR1,MLTR2,MLTR3,MLTR4,MLTR5,MLTR6,MLTR7,MLTR8,MLTR9,MLTTVx,MLTTVy,MLTTVz,MLTRVx,MLTRVy,MLTRVz,MLGA,MRTx,MRTy,MRTz,MRTR1,MRTR2,MRTR3,MRTR4,MRTR5,MRTR6,MRTR7,MRTR8,MRTR9,MRTTVx,MRTTVy,MRTTVz,MRTRVx,MRTRVy,MRTRVz,MRGA,SLTx,SLTy,SLTz,SLTR1,SLTR2,SLTR3,SLTR4,SLTR5,SLTR6,SLTR7,SLTR8,SLTR9,SLTTVx,SLTTVy,SLTTVz,SLTRVx,SLTRVy,SLTRVz,SLGA,SRTx,SRTy,SRTz,SRTR1,SRTR2,SRTR3,SRTR4,SRTR5,SRTR6,SRTR7,SRTR8,SRTR9,SRTTVx,SRTTVy,SRTTVz,SRTRVx,SRTRVy,SRTRVz,SRGA
2131,0.181295,-0.008605,0.312886,-0.096183,-0.682925,-0.72416,0.61825,-0.611169,0.494178,-0.779949,-0.399337,0.481909,0.000274,-0.012727,0.006517,0.362911,0.42087,0.459787,-1.850313,-0.169463,0.000479,0.30327,-0.741449,0.337965,0.579676,-0.118732,-0.916248,0.382525,0.661327,0.214379,0.718715,0.014277,-0.001436,-0.002838,3.642938,4.711167,2.373125,0.10941,0.042156,0.054444,-0.005548,0.747489,-0.359462,0.558611,0.16574,0.915263,0.367183,-0.643264,-0.181881,0.743726,0.014271,1e-05,-0.001347,-0.163187,1.188589,-0.369956,-0.039151,0.093139,0.046334,-0.048943,0.028522,0.684534,-0.728422,-0.689699,0.540944,0.481346,0.723533,0.488664,0.487551,-0.007113,-0.006788,0.003104,0.194002,0.023646,0.158524,-0.931755
2132,0.181139,-0.009414,0.313324,-0.083472,-0.681799,-0.726793,0.647827,-0.591323,0.480239,-0.757091,-0.429907,0.491957,-0.01422,-0.012992,0.006771,0.159965,0.118819,0.324713,-1.845104,-0.168548,0.000127,0.303125,-0.647446,0.377038,0.662305,-0.171694,-0.918783,0.355378,0.743304,0.115909,0.658732,0.028596,-0.006096,-0.009071,1.23226,4.085508,-1.262797,0.110588,0.042608,0.054272,-0.005616,0.653733,-0.397029,0.644205,0.222127,0.914486,0.338193,-0.72339,-0.077992,0.68602,0.01481,-0.009009,-0.001014,3.279176,4.136158,3.144568,-0.039804,0.093061,0.045914,-0.048717,0.018485,0.682136,-0.73099,-0.717704,0.518071,0.465298,0.696102,0.516034,0.499148,-0.007118,-0.006525,0.003376,0.119481,0.081691,0.305868,-0.932735
2133,0.181063,-0.010264,0.31391,-0.064289,-0.672911,-0.736955,0.683791,-0.567582,0.458534,-0.726753,-0.473613,0.497542,0.00063,-0.022246,0.016327,0.478237,-0.063829,0.03362,-1.83493,-0.167798,-0.000259,0.302842,-0.554137,0.416403,0.720786,-0.234736,-0.908839,0.344738,0.799309,0.021325,0.600428,0.01434,-0.00772,-0.009439,3.305029,3.766748,2.300263,0.115007,0.042988,0.054075,-0.005763,0.56188,-0.428588,0.707532,0.280538,0.903354,0.32442,-0.778195,0.016205,0.627813,0.007155,-0.004027,-0.00488,-0.45091,2.042826,-0.73849,-0.037191,0.093023,0.045495,-0.048433,0.000432,0.671032,-0.741427,-0.749999,0.490625,0.443606,0.661437,0.555878,0.503486,0.000307,-0.011026,0.008266,1.378154,-0.5485,-0.529556,-0.933388
2134,0.181036,-0.011247,0.314636,-0.043272,-0.644472,-0.763432,0.716734,-0.552378,0.42561,-0.69594,-0.527965,0.486773,0.000934,-0.033698,0.024185,1.681632,-2.471721,1.682909,-1.827384,-0.167019,-0.000313,0.30259,-0.469238,0.449178,0.760293,-0.294347,-0.891213,0.345012,0.833128,-0.062448,0.549418,0.028633,0.000296,-0.002477,0.063154,0.449087,1.816245,0.127714,0.043383,0.054032,-0.005905,0.473029,-0.459171,0.751934,0.343314,0.882058,0.322659,-0.811405,0.105522,0.574879,0.01429,0.000375,-0.000969,0.055905,0.49081,1.82477,-0.025435,0.093009,0.04501,-0.048071,-0.016417,0.642603,-0.766022,-0.779702,0.471381,0.412144,0.625934,0.604036,0.493301,0.000315,-0.011071,0.007991,4.153322,-2.65281,-2.227712,-0.931265
2135,0.181039,-0.01178,0.31503,-0.034772,-0.631141,-0.774918,0.730209,-0.545444,0.411409,-0.682285,-0.550768,0.4808,0.000653,-0.021393,0.017225,-0.037326,-0.285979,0.46882,-1.826283,-0.166485,-0.000238,0.302557,-0.424706,0.46523,0.776645,-0.324507,-0.87901,0.349241,0.845673,-0.104272,0.523285,0.028614,0.002667,-1.3e-05,-0.396769,1.904392,-0.091437,0.139699,0.04364,0.054069,-0.005922,0.430818,-0.473553,0.768207,0.374191,0.868368,0.325447,-0.821204,0.147248,0.551308,0.014303,0.001725,0.000385,0.817698,2.167189,0.178996,-0.014821,0.093011,0.044737,-0.047873,-0.023847,0.626282,-0.779231,-0.793172,0.462602,0.396075,0.608529,0.62751,0.485718,0.000471,-0.016233,0.012759,-0.073068,-0.427253,0.598892,-0.930449
2136,0.180994,-0.012859,0.315865,-0.00439,-0.613469,-0.789735,0.763082,-0.512463,0.393774,-0.64627,-0.600147,0.471364,-0.013566,-0.03192,0.026557,1.219457,-0.914703,-0.359661,-1.827772,-0.16511,-0.000106,0.302616,-0.332285,0.498261,0.800821,-0.392004,-0.84514,0.363325,0.858237,-0.193807,0.475112,0.04385,-0.006217,0.008867,-0.121749,1.235873,0.160307,0.168702,0.044311,0.05414,-0.005892,0.336745,-0.502363,0.796388,0.439005,0.831997,0.339197,-0.832993,0.235396,0.500711,0.021493,0.002578,0.000367,3.804148,3.448945,2.85058,0.018981,0.092994,0.044209,-0.047466,-0.048845,0.606033,-0.793937,-0.819214,0.430434,0.378962,0.571402,0.668916,0.475446,-0.006787,-0.015598,0.013677,-0.078671,-0.393297,0.612476,-0.924407
2137,0.180643,-0.013706,0.316773,0.017341,-0.598338,-0.801085,0.784696,-0.488391,0.381704,-0.619649,-0.634489,0.462046,-0.013791,-0.017127,0.022106,-0.043684,-0.292279,0.460349,-1.827026,-0.163741,-9.7e-05,0.302605,-0.248437,0.510948,0.822923,-0.442295,-0.815584,0.373004,0.862043,-0.27193,0.427549,0.028638,0.000181,-0.002697,0.205789,2.976913,-1.800565,0.191605,0.045012,0.054153,-0.005883,0.25339,-0.513251,0.819978,0.489649,0.799085,0.348862,-0.834287,0.313104,0.453794,0.021968,-0.005456,0.001936,0.821607,1.712508,0.838869,0.055394,0.092819,0.04377,-0.047006,-0.072081,0.587705,-0.805857,-0.840292,0.399482,0.3665,0.537319,0.703574,0.465049,-0.006917,-0.008673,0.010973,-0.020213,-0.289528,0.425952,-0.927183
2138,0.18032,-0.014085,0.317233,0.027808,-0.590129,-0.806858,0.795572,-0.475643,0.375234,-0.605244,-0.65162,0.457272,-0.013824,-0.017887,0.021334,-0.019177,-0.288181,0.421955,-1.826513,-0.163032,-9.1e-05,0.302539,-0.212339,0.511372,0.832708,-0.468944,-0.800854,0.372368,0.857546,-0.312048,0.408783,0.028649,-8.7e-05,-0.003001,0.11371,0.911793,0.075785,0.194703,0.045366,0.054155,-0.005918,0.215873,-0.509786,0.832776,0.514936,0.78408,0.346494,-0.829601,0.354028,0.431769,0.021482,9.8e-05,-0.00209,1.066173,1.385011,0.63209,0.065682,0.092657,0.043584,-0.046772,-0.081453,0.578303,-0.811744,-0.84956,0.385592,0.359951,0.521163,0.718946,0.459896,-0.006918,-0.008512,0.011135,0.059522,-0.23783,0.230544,-0.923917
2139,0.179405,-0.014685,0.318017,0.049036,-0.576789,-0.815448,0.813222,-0.450952,0.367808,-0.579933,-0.680465,0.447964,-0.02843,-0.018295,0.021404,0.343776,-0.351424,0.044724,-1.825391,-0.16172,-0.000123,0.302354,-0.154243,0.498648,0.852966,-0.51899,-0.775418,0.359597,0.840895,-0.387821,0.377297,0.028711,-0.002104,-0.00516,0.317441,0.710957,-0.360789,0.197206,0.046021,0.05414,-0.006008,0.158868,-0.494425,0.854578,0.563429,0.756187,0.332757,-0.810745,0.42863,0.398707,0.01435,-0.000785,-0.002315,1.359515,1.070975,0.07743,0.074989,0.092205,0.043286,-0.046378,-0.100697,0.562506,-0.820637,-0.864008,0.359529,0.352458,0.493303,0.74453,0.449807,-0.014387,-0.003989,0.006197,1.348865,-0.875855,-0.310926,-0.92457
2140,0.178328,-0.01518,0.318518,0.065701,-0.563544,-0.823497,0.824563,-0.434106,0.362794,-0.562013,-0.702166,0.437186,-0.028879,-0.010943,0.009348,-0.030692,-0.174059,0.256427,-1.822918,-0.160419,-0.00013,0.30221,-0.124661,0.482939,0.86673,-0.549211,-0.761021,0.345178,0.826442,-0.433571,0.35899,0.042974,0.001583,-0.002835,-0.012849,0.424493,-0.546484,0.196152,0.046667,0.054129,-0.006088,0.130767,-0.477225,0.868996,0.592953,0.740119,0.317222,-0.794548,0.473792,0.379755,0.014333,0.000243,-0.001235,0.103596,0.331714,-0.395923,0.078092,0.091667,0.04304,-0.046119,-0.116129,0.547254,-0.82887,-0.873406,0.341101,0.347578,0.472942,0.764305,0.438363,-0.01446,-0.005622,0.004553,-0.009969,-0.144441,0.272628,-0.924734
2141,0.177708,-0.015377,0.318675,0.078119,-0.555854,-0.827629,0.830699,-0.422714,0.362249,-0.551301,-0.715123,0.429759,-0.043513,-0.01176,0.008972,-0.040009,-0.258244,0.159633,-1.820104,-0.159666,-0.000113,0.302163,-0.118736,0.475253,0.871796,-0.556573,-0.75888,0.338026,0.822371,-0.445656,0.353498,0.028649,0.001201,-0.001761,-0.035668,0.303842,-0.434105,0.204754,0.047049,0.054138,-0.006112,0.12568,-0.469096,0.874158,0.600025,0.737652,0.309576,-0.790046,0.48561,0.374178,0.021484,0.00107,-0.001147,-0.036092,0.280248,-0.410478,0.079561,0.091362,0.042941,-0.046041,-0.127605,0.538108,-0.83316,-0.878135,0.329216,0.347123,0.46108,0.775922,0.430521,-0.014486,-0.006135,0.004025,0.063946,-0.28935,0.155795,-0.92506
2142,0.176488,-0.015575,0.318881,0.098851,-0.540563,-0.835504,0.837176,-0.408704,0.363413,-0.53804,-0.734721,0.41319,-0.029162,0.000391,0.001291,-0.12829,-0.327586,-0.037317,-1.809102,-0.158145,-0.000124,0.302092,-0.101878,0.467157,0.87828,-0.570879,-0.750405,0.333051,0.814767,-0.468025,0.342011,0.042988,0.00175,-0.002768,0.383606,0.318661,0.156548,0.258283,0.047788,0.054133,-0.006143,0.110364,-0.459914,0.881078,0.612312,0.729741,0.30422,-0.782874,0.50592,0.362148,0.014354,0.000226,-0.00156,4.767508,2.054749,1.873405,0.121527,0.090747,0.042834,-0.045939,-0.145983,0.520668,-0.841185,-0.883122,0.314624,0.348003,0.445851,0.793673,0.413883,-0.014465,-0.00536,0.004792,-0.190757,-0.474334,0.082026,-0.916406
2143,0.175241,-0.015606,0.318946,0.129815,-0.520894,-0.84372,0.84361,-0.389123,0.369971,-0.521183,-0.759156,0.389972,-0.029179,7.2e-05,0.000931,-0.184377,-0.535479,-0.166598,-1.790782,-0.156771,-0.000182,0.302014,-0.085102,0.46296,0.882279,-0.580982,-0.742352,0.333627,0.80951,-0.484754,0.331014,0.028716,1.7e-05,-0.0031,0.068593,1.887314,-1.956115,0.308579,0.04848,0.054106,-0.006181,0.094072,-0.457448,0.884245,0.623575,0.719449,0.305853,-0.776082,0.522622,0.352933,0.014377,-0.000404,-0.002,-0.239892,0.425065,0.350565,0.189129,0.090134,0.042818,-0.045907,-0.173795,0.498259,-0.84943,-0.887539,0.294486,0.354332,0.426695,0.815484,0.391044,-0.014596,-1.9e-05,0.000435,0.042443,-0.985226,-0.505581,-0.913956
2144,0.174048,-0.015591,0.318968,0.170369,-0.495473,-0.851779,0.849267,-0.364552,0.381862,-0.499927,-0.787834,0.359745,-0.029177,0.00016,0.000983,0.968554,-1.722282,-0.848917,-1.768269,-0.155505,-0.000235,0.301893,-0.068258,0.456502,0.887095,-0.591465,-0.734497,0.332593,0.80347,-0.502532,0.319,0.04306,0.000987,-0.003702,-0.206385,0.378278,0.36562,0.344318,0.049124,0.054079,-0.006243,0.078692,-0.447417,0.890856,0.63381,0.712217,0.301713,-0.769475,0.540891,0.339623,0.014383,-0.000299,-0.001912,-0.23585,0.565499,0.157885,0.244975,0.089527,0.042825,-0.045897,-0.209176,0.469579,-0.857752,-0.890559,0.270836,0.365447,0.403916,0.840322,0.361536,-0.01448,0.000244,0.000502,4.445107,-2.694282,-2.190526,-0.906118
2145,0.173414,-0.015579,0.318999,0.184748,-0.481455,-0.856805,0.850685,-0.35824,0.384669,-0.492368,-0.799345,0.344453,-0.029152,0.000665,0.001475,-0.259393,-1.243563,0.380237,-1.761313,-0.15489,-0.000245,0.301828,-0.065248,0.448549,0.891369,-0.590559,-0.737317,0.327928,0.804381,-0.505548,0.311859,0.028739,9.4e-05,-0.003084,0.018796,1.913295,-1.940275,0.362807,0.049437,0.054074,-0.006276,0.075269,-0.441947,0.893876,0.632665,0.714054,0.299767,-0.770758,0.542962,0.333351,0.014385,-0.00017,-0.001789,-0.249756,0.514026,0.217258,0.270611,0.089209,0.042831,-0.045882,-0.223899,0.453513,-0.862667,-0.891329,0.262736,0.369461,0.394209,0.851642,0.345403,-0.014522,0.000346,0.000807,-0.055258,-2.442958,2.133513,-0.904812
2146,0.172122,-0.015575,0.319039,0.209323,-0.446975,-0.869737,0.857862,-0.342955,0.382656,-0.469575,-0.825663,0.312741,-0.029202,-0.000208,0.000552,-0.232332,-0.761244,0.023777,-1.730878,-0.153612,-0.00029,0.301771,-0.062124,0.439323,0.896174,-0.589332,-0.740731,0.322396,0.805524,-0.508642,0.303774,0.028694,0.001357,-0.001793,-0.011202,0.084608,-0.103826,0.39215,0.050076,0.054049,-0.006307,0.07158,-0.429982,0.899994,0.630984,0.718335,0.293007,-0.772486,0.546909,0.32273,0.021516,0.001212,-0.001164,-0.00014,0.044133,-0.083023,0.318619,0.088564,0.042835,-0.045859,-0.244349,0.415493,-0.876161,-0.896748,0.246976,0.367211,0.368965,0.875424,0.312245,-0.014609,-0.000215,0.000197,-0.295419,-1.059101,0.061421,-0.903669
2147,0.170972,-0.015565,0.31905,0.229493,-0.422052,-0.877069,0.862634,-0.329155,0.384047,-0.451061,-0.844206,0.289633,-0.029181,0.000232,0.000963,-0.12228,-0.461146,0.114214,-1.696205,-0.152169,-0.000306,0.301827,-0.061699,0.437256,0.897213,-0.589043,-0.741558,0.321019,0.805767,-0.509215,0.302165,0.044072,-0.006706,0.00775,-0.028425,-0.051581,0.093276,0.409148,0.050792,0.054043,-0.006284,0.071552,-0.427792,0.90104,0.630715,0.719229,0.291387,-0.772708,0.547451,0.321277,0.014324,0.001251,-0.00034,0.00296,-0.032255,0.059108,0.347194,0.087989,0.042838,-0.045856,-0.262329,0.387824,-0.883614,-0.899676,0.232827,0.369286,0.348948,0.891842,0.287839,-0.014599,9.8e-05,0.000492,-0.135346,-0.491318,0.096209,-0.894525
2148,0.169943,-0.015575,0.319082,0.24738,-0.403892,-0.88075,0.864774,-0.317956,0.38864,-0.437311,-0.857294,0.27172,-0.02918,0.000309,0.001009,-0.122824,-0.47165,0.107912,-1.677306,-0.150687,-0.000384,0.30193,-0.066361,0.436796,0.897105,-0.58004,-0.748372,0.3216,0.81191,-0.499538,0.301871,0.029837,-0.009034,0.00688,-0.478749,-0.180385,-0.110028,0.426944,0.051538,0.054009,-0.006228,0.07601,-0.427619,0.900757,0.622375,0.726131,0.2922,-0.779019,0.538399,0.321333,0.02149,0.001857,-0.000576,-1.49826,-0.589253,-0.41539,0.372831,0.087474,0.042833,-0.04584,-0.277598,0.368156,-0.887354,-0.900767,0.221377,0.373642,0.333999,0.903024,0.270169,-0.007304,7e-06,0.000205,-0.167007,-0.573593,0.090834,-0.895831
2149,0.169505,-0.015572,0.319095,0.252892,-0.397192,-0.88223,0.865635,-0.314395,0.38962,-0.432433,-0.861732,0.265417,-0.02917,0.000502,0.001191,-0.208429,-0.672681,-0.010171,-1.66555,-0.149979,-0.000415,0.301962,-0.071227,0.434873,0.897666,-0.57108,-0.755554,0.320842,0.817835,-0.490308,0.301011,0.029859,-0.009168,0.006715,-0.032769,-0.020562,0.040013,0.436112,0.051892,0.053993,-0.006212,0.081222,-0.42587,0.90113,0.613291,0.734047,0.291629,-0.785669,0.528969,0.320803,0.021496,0.001757,-0.000666,0.005002,-0.046891,0.087944,0.384915,0.08726,0.042834,-0.045834,-0.280939,0.362267,-0.888726,-0.901743,0.217354,0.373652,0.32853,0.906377,0.265608,-0.0073,0.000117,0.000309,0.030871,-0.156353,0.335288,-0.898607
2150,0.168905,-0.015598,0.319171,0.25896,-0.391215,-0.88314,0.868826,-0.305141,0.389875,-0.422325,-0.867776,0.261981,0.000194,-0.010314,0.009042,-0.030888,-0.090986,0.151233,-1.642169,-0.148708,-0.000462,0.301941,-0.083251,0.429373,0.899278,-0.542971,-0.776162,0.320452,0.835667,-0.462118,0.296599,0.028723,0.001495,-0.001804,-0.000476,-0.029946,0.058558,0.448116,0.052528,0.053966,-0.006219,0.093393,-0.420875,0.902297,0.585955,0.755923,0.29195,-0.804943,0.50144,0.317212,0.021535,0.001255,-0.00122,0.001264,-0.06217,0.07688,0.406959,0.086944,0.04282,-0.045795,-0.287732,0.353902,-0.889922,-0.90337,0.208258,0.374899,0.318011,0.911801,0.259782,9.6e-05,-0.005104,0.004588,-0.024278,-0.076732,0.166193,-0.898281
2151,0.168491,-0.015789,0.319338,0.261396,-0.385134,-0.885093,0.870502,-0.302118,0.388488,-0.417343,-0.871551,0.257393,-0.014449,-0.010791,0.008887,-0.036747,0.027177,-0.048112,-1.619362,-0.147602,-0.000487,0.301842,-0.094987,0.42309,0.901091,-0.514206,-0.795852,0.319601,0.852457,-0.433496,0.291995,0.02886,-0.000365,-0.003811,-0.13645,-0.054454,-0.003466,0.453913,0.053091,0.053956,-0.006267,0.105334,-0.415153,0.903632,0.558009,0.776821,0.291847,-0.823122,0.473494,0.313485,0.014433,-0.00021,-0.001939,-0.124344,-0.077849,-0.017052,0.421165,0.086737,0.042726,-0.04571,-0.289303,0.347639,-0.891879,-0.904704,0.205114,0.373413,0.312749,0.914918,0.25517,-0.007229,-0.005404,0.004444,-0.035553,0.033958,-0.043936,-0.897464
2152,0.168384,-0.015937,0.319455,0.262766,-0.382389,-0.885877,0.87248,-0.297887,0.387316,-0.412319,-0.874213,0.256459,0.000135,-0.011098,0.008251,-0.035553,0.012687,-0.018431,-1.609669,-0.147073,-0.000478,0.301773,-0.099925,0.423026,0.900586,-0.504939,-0.801392,0.320534,0.857425,-0.423219,0.292526,0.028832,0.000171,-0.003263,0.004,-0.03031,0.058561,0.455124,0.053356,0.053959,-0.006304,0.110481,-0.415317,0.902942,0.549047,0.782796,0.292876,-0.828456,0.463401,0.314513,0.014423,2.7e-05,-0.001699,0.007665,-0.033612,0.056014,0.424758,0.086683,0.042652,-0.045652,-0.290302,0.344795,-0.892659,-0.906187,0.200691,0.37222,0.307488,0.916972,0.254188,6.1e-05,-0.005553,0.004129,-0.036813,0.014805,-0.017145,-0.898281
2153,0.168334,-0.016209,0.319693,0.267774,-0.375402,-0.887364,0.875542,-0.289625,0.386673,-0.402489,-0.880004,0.252235,0.00018,-0.010423,0.008936,0.390526,-0.331125,-0.002163,-1.599232,-0.145954,-0.000398,0.301692,-0.117415,0.421681,0.899105,-0.471897,-0.820239,0.323195,0.873896,-0.386844,0.294145,0.028685,0.002358,-0.000979,0.000466,-0.031713,0.057305,0.455425,0.053905,0.053995,-0.006347,0.128011,-0.414727,0.900896,0.516909,0.803135,0.296274,-0.846415,0.427755,0.317186,0.014341,0.0012,-0.000469,-0.00581,-0.033949,0.053839,0.427697,0.086658,0.04252,-0.045537,-0.294545,0.337365,-0.894107,-0.908071,0.192694,0.371853,0.297739,0.921441,0.249594,3.8e-05,0.000444,0.000445,1.471646,-0.687919,-0.444331,-0.899913
2154,0.16836,-0.016386,0.319878,0.271402,-0.371143,-0.888054,0.876543,-0.285785,0.387262,-0.397855,-0.883064,0.24887,0.000189,-0.010299,0.009063,-0.074768,-0.08212,-0.073791,-1.586579,-0.144786,-0.000244,0.301681,-0.134997,0.419926,0.897457,-0.438224,-0.83758,0.326119,0.888789,-0.349767,0.295941,0.028602,0.003418,0.000111,0.000473,-0.031724,0.057298,0.454456,0.054489,0.054073,-0.006352,0.145595,-0.413774,0.898662,0.484089,0.821971,0.300034,-0.86282,0.391349,0.319978,0.014292,0.001817,0.000168,0.008532,-0.14474,0.218481,0.428677,0.086671,0.042432,-0.045444,-0.297596,0.332611,-0.894877,-0.90883,0.18833,0.372235,0.292342,0.924067,0.24624,2.7e-05,0.000486,0.000493,-0.046734,-0.111131,-0.06521,-0.902363
2155,0.168362,-0.016417,0.319934,0.273198,-0.368925,-0.888427,0.875877,-0.28649,0.388246,-0.398095,-0.883767,0.245974,0.000193,-0.010236,0.009127,-0.090262,-0.119954,-0.09586,-1.574982,-0.144189,-0.000144,0.301653,-0.144969,0.417938,0.89683,-0.41863,-0.847116,0.327228,0.896642,-0.328505,0.296616,0.027344,0.014492,-0.007942,-0.405479,-0.202727,-0.070466,0.45372,0.054798,0.054125,-0.006365,0.155552,-0.412305,0.897668,0.465088,0.832276,0.301677,-0.871491,0.370568,0.32122,0.013672,0.007243,-0.003979,-0.407459,-0.204619,-0.071495,0.42786,0.086672,0.042416,-0.045416,-0.299045,0.330285,-0.895255,-0.908282,0.189124,0.373169,0.292566,0.924739,0.243435,3.1e-05,0.000521,0.000527,-0.066342,-0.270268,0.072403,-0.903179
2156,0.168411,-0.016411,0.320057,0.27483,-0.366636,-0.888871,0.877717,-0.281771,0.387544,-0.392883,-0.886235,0.245474,0.000153,0.002272,0.002295,-1.2e-05,-2.8e-05,-1.7e-05,-1.559551,-0.143066,1.1e-05,0.301572,-0.157334,0.415748,0.895763,-0.388148,-0.860023,0.331113,0.908214,-0.296095,0.295533,0.028641,0.002859,-0.000537,-1.496342,-0.551738,-0.411514,0.458995,0.05536,0.054202,-0.006405,0.167489,-0.410805,0.896206,0.435537,0.846361,0.306561,-0.884451,0.338986,0.320677,0.014324,0.001444,-0.00028,-1.494874,-0.58555,-0.431162,0.429983,0.086697,0.042413,-0.045353,-0.300459,0.327797,-0.895696,-0.909561,0.184192,0.372518,0.287091,0.926618,0.242809,9.2e-05,0.001439,0.001454,0.000284,0.002728,0.001604,-0.901873
2157,0.168452,-0.016431,0.320254,0.274707,-0.366517,-0.888958,0.877612,-0.28218,0.387484,-0.393202,-0.886154,0.245253,0.00024,-0.009547,0.009823,-0.035651,0.012683,-0.01843,-1.556857,-0.142183,0.000178,0.301547,-0.17228,0.412024,0.894733,-0.357999,-0.872323,0.332901,0.917855,-0.263459,0.29664,0.014264,0.002067,0.000395,-0.443085,-0.180816,-0.118327,0.460472,0.055796,0.054285,-0.006418,0.18283,-0.407688,0.89463,0.406115,0.860021,0.308921,-0.895344,0.306843,0.322806,0.014287,0.001852,0.000143,-1.492836,-0.591576,-0.435646,0.435698,0.086718,0.042411,-0.045254,-0.300283,0.327709,-0.895787,-0.909514,0.184617,0.372423,0.287424,0.926564,0.242619,0.007351,0.000728,0.000569,0.000302,-0.014392,0.029725,-0.907261
2158,0.168538,-0.016481,0.320494,0.273465,-0.373946,-0.886243,0.877582,-0.280222,0.388971,-0.394134,-0.883661,0.252644,0.014973,-0.007712,0.011344,0.01126,0.111209,0.074731,-1.554598,-0.141576,0.000384,0.301464,-0.182243,0.409485,0.893925,-0.338013,-0.879762,0.334216,0.923505,-0.241745,0.297594,0.013028,0.012447,-0.008379,0.03848,-0.024612,0.047888,0.460129,0.0561,0.054386,-0.006454,0.193083,-0.405505,0.893467,0.38606,0.868551,0.310766,-0.902039,0.284928,0.324252,0.007189,0.000363,-0.000518,0.004211,-0.014391,0.029087,0.435698,0.086755,0.042381,-0.045138,-0.299952,0.335347,-0.893067,-0.909285,0.182609,0.373969,0.288492,0.924226,0.250153,0.000143,0.002217,0.002234,0.056098,0.121185,0.105058,-0.908731
2159,0.168611,-0.016489,0.320659,0.272753,-0.377557,-0.884931,0.877579,-0.279342,0.389609,-0.394632,-0.882399,0.25625,0.000305,0.004582,0.004614,0.19806,0.484063,0.281657,-1.554448,-0.141444,0.000464,0.301397,-0.190465,0.409177,0.89235,-0.323015,-0.884427,0.336727,0.927217,-0.224603,0.299478,4e-05,-0.000457,-0.000486,-0.043079,-0.059933,0.046127,0.460378,0.056171,0.054426,-0.006489,0.201143,-0.405464,0.891706,0.37148,0.873886,0.313567,-0.90639,0.268179,0.326398,2.7e-05,-0.000364,-0.000386,-0.486985,-0.721934,0.581926,0.435698,0.086797,0.042372,-0.045054,-0.301518,0.337113,-0.891874,-0.9085,0.182273,0.376034,0.289331,0.92365,0.251309,0.000251,-0.002752,0.006944,-0.042345,-0.016157,0.002747,-0.909221
2160,0.168845,-0.016571,0.321022,0.274168,-0.379434,-0.883689,0.876618,-0.279262,0.391822,-0.395788,-0.881617,0.257158,0.000396,-0.007218,0.012162,-0.040965,0.114272,-0.189336,-1.551086,-0.141433,0.000647,0.301247,-0.204421,0.408478,0.889578,-0.298043,-0.891524,0.341011,0.932611,-0.195917,0.302848,9.4e-05,-0.00108,-0.001148,-5.033202,-3.547877,0.529816,0.459861,0.056176,0.054523,-0.006566,0.211864,-0.404176,0.889805,0.351723,0.881,0.316431,-0.911813,0.245925,0.32881,-0.007763,0.004369,-0.004338,0.031317,0.022748,-0.037452,0.435535,0.086914,0.042339,-0.044871,-0.301123,0.340603,-0.890681,-0.908303,0.181957,0.376663,0.290359,0.922431,0.25458,0.007433,0.002084,0.001923,-0.000547,-0.033606,0.052395,-0.91412
2161,0.169078,-0.01663,0.32138,0.271651,-0.380862,-0.883852,0.877223,-0.279763,0.390107,-0.39618,-0.88084,0.259207,0.000462,-0.00621,0.013169,-0.028024,0.031315,-0.007626,-1.550945,-0.14174,0.000852,0.301025,-0.215769,0.407503,0.887343,-0.278166,-0.896677,0.344279,0.936203,-0.173038,0.305689,0.00012,-0.001392,-0.001481,-0.000322,-0.000125,-0.000111,0.45907,0.056028,0.054622,-0.006674,0.226434,-0.405191,0.885746,0.327385,0.88812,0.322584,-0.917358,0.216936,0.333754,-0.007729,0.004033,-0.00469,0.031537,0.024588,-0.039897,0.435208,0.087031,0.042307,-0.044694,-0.298689,0.342578,-0.890743,-0.908973,0.182258,0.374898,0.290777,0.92164,0.256956,0.000183,0.002896,0.0029,-0.005945,-0.019444,0.022222,-0.919345
2162,0.169185,-0.01662,0.321562,0.273205,-0.382866,-0.882507,0.878849,-0.273694,0.390752,-0.391478,-0.881875,0.262809,0.015131,-0.005092,0.013946,0.08707,0.280162,0.207894,-1.550581,-0.141991,0.000952,0.300895,-0.218971,0.407839,0.886403,-0.267416,-0.898681,0.347556,0.938593,-0.161429,0.304709,-0.014163,-0.00311,-0.001502,-0.052853,0.019545,-0.02841,0.457492,0.055902,0.054676,-0.006743,0.22927,-0.4058,0.884737,0.316809,0.890567,0.326376,-0.920362,0.205464,0.332742,-0.007723,0.003973,-0.004753,-0.093626,-0.04633,-0.059773,0.434392,0.087078,0.04231,-0.044606,-0.301693,0.343265,-0.889465,-0.909484,0.176278,0.376513,0.286037,0.922547,0.259013,0.000187,0.002983,0.002986,0.225546,0.478373,0.311755,-0.919998
2163,0.169411,-0.016581,0.321945,0.274344,-0.388793,-0.879557,0.877883,-0.272087,0.394033,-0.39285,-0.87977,0.267768,0.000584,-0.004297,0.015067,-0.03198,0.005,0.01041,-1.550915,-0.142731,0.001038,0.300647,-0.226807,0.404719,0.885863,-0.252088,-0.902895,0.348088,0.940981,-0.144858,0.30567,-0.02842,-0.005158,-0.0019,-0.005162,0.029993,-0.058857,0.451372,0.055544,0.054716,-0.006863,0.237495,-0.402945,0.883872,0.301776,0.895489,0.327153,-0.923323,0.189034,0.334274,-0.014171,-0.003034,-0.001414,-0.015619,0.042102,-0.08765,0.428187,0.087196,0.042327,-0.044416,-0.302384,0.350233,-0.886509,-0.908797,0.17458,0.378958,0.287491,0.920249,0.265501,0.007552,-0.002582,0.006924,-0.045073,-0.035508,0.030846,-0.922937
2164,0.169712,-0.016468,0.322269,0.277879,-0.393248,-0.876461,0.87612,-0.270447,0.399053,-0.394305,-0.87829,0.270476,0.000537,-0.005004,0.014346,-0.040294,0.099357,-0.165381,-1.551904,-0.143658,0.000848,0.300458,-0.23346,0.398768,0.886832,-0.235612,-0.907986,0.346384,0.943628,-0.128566,0.304794,-0.02824,-0.007654,-0.004591,-0.006132,0.046574,-0.082259,0.445853,0.055074,0.054627,-0.006958,0.244431,-0.397288,0.884541,0.285531,0.901257,0.325893,-0.926673,0.172906,0.333733,-0.014132,-0.003654,-0.002087,-0.002443,0.031019,-0.058318,0.421655,0.087347,0.042389,-0.04425,-0.306545,0.353997,-0.883581,-0.906894,0.173306,0.384066,0.289088,0.919048,0.267912,0.007454,0.002713,0.002527,0.000935,-0.018279,0.033852,-0.927183
2165,0.170106,-0.016315,0.322469,0.279226,-0.395015,-0.875238,0.875449,-0.269765,0.400984,-0.394846,-0.877705,0.271584,0.014839,0.004338,0.003965,0.001762,-0.029281,0.054198,-1.552111,-0.144855,0.000517,0.300258,-0.237604,0.393801,0.887951,-0.224165,-0.911616,0.344442,0.945386,-0.117685,0.30374,-0.042552,-0.009721,-0.005075,-0.008489,0.061656,-0.111615,0.432989,0.054481,0.054461,-0.00706,0.248813,-0.392529,0.885445,0.274222,0.905338,0.32429,-0.928921,0.162121,0.3329,-0.014123,-0.004029,-0.002506,-0.003667,0.030582,-0.05906,0.408755,0.087539,0.042463,-0.044144,-0.308221,0.355716,-0.882306,-0.906122,0.172686,0.386162,0.289726,0.918501,0.269096,0.000115,0.001927,0.001912,0.000286,-0.00323,0.005144,-0.927836
2166,0.170318,-0.016252,0.322541,0.282863,-0.394998,-0.874077,0.876414,-0.263863,0.402799,-0.390089,-0.879504,0.272637,0.014776,0.003404,0.00303,0.000769,-0.01129,0.023782,-1.552833,-0.145483,0.000365,0.300144,-0.239711,0.391421,0.888436,-0.2246,-0.912582,0.341589,0.944753,-0.118135,0.305529,-0.02824,-0.008447,-0.005507,0.001784,0.032151,-0.092754,0.427115,0.054162,0.054384,-0.007117,0.251293,-0.390099,0.885818,0.274719,0.906294,0.321182,-0.928105,0.162641,0.334913,-0.014128,-0.004096,-0.00259,0.00461,-0.073021,0.111256,0.401244,0.087651,0.042497,-0.044106,-0.311841,0.355274,-0.881212,-0.906458,0.16672,0.38799,0.284758,0.919774,0.270051,0.007381,0.001671,0.001479,0.001106,-0.015064,0.030577,-0.927673
2167,0.170685,-0.016161,0.322637,0.286668,-0.390929,-0.874666,0.875073,-0.2648,0.405092,-0.390325,-0.881043,0.267274,0.014645,0.001369,0.000999,-0.090012,-0.239115,-0.100072,-1.5527,-0.14679,0.000121,0.299836,-0.248311,0.383239,0.889641,-0.22075,-0.916559,0.33335,0.94345,-0.114078,0.311049,-0.02823,-0.009198,-0.006363,0.204156,-0.34108,-0.364252,0.4176,0.053508,0.054263,-0.00727,0.258251,-0.383191,0.886832,0.270232,0.90998,0.3145,-0.927513,0.15843,0.338553,-0.014745,0.001273,-0.006808,0.258283,-0.386556,-0.37204,0.388344,0.087834,0.042544,-0.044057,-0.314906,0.350955,-0.881851,-0.905328,0.167907,0.390112,0.284981,0.921214,0.264855,0.007314,0.000585,0.000396,-0.111024,-0.276735,-0.121467,-0.927999
2168,0.170928,-0.016088,0.322688,0.294718,-0.387452,-0.873537,0.874392,-0.259424,0.410012,-0.385838,-0.884176,0.263419,8.7e-05,0.001467,0.001457,-0.048773,-0.120409,-0.069559,-1.553838,-0.147935,-1.2e-05,0.299549,-0.257117,0.375747,0.890335,-0.217164,-0.920144,0.325742,0.941932,-0.110051,0.317041,-0.015298,0.005903,-0.011847,0.169209,-0.232409,-0.219374,0.410368,0.052931,0.054187,-0.007415,0.26864,-0.375491,0.887039,0.266916,0.913847,0.306003,-0.92552,0.15456,0.34572,-0.014232,-0.003079,-0.001551,0.198547,-0.335562,-0.324049,0.376914,0.087956,0.042578,-0.044034,-0.322908,0.346239,-0.880822,-0.903991,0.162731,0.395369,0.280229,0.923924,0.26045,0.007321,0.000728,0.000536,-0.047161,-0.143178,-0.043416,-0.928163
2169,0.170962,-0.016062,0.322699,0.297167,-0.385898,-0.873395,0.875846,-0.254129,0.410224,-0.380625,-0.88639,0.263559,4e-05,0.000681,0.000676,-0.000607,-0.001496,-0.000864,-1.55319,-0.148373,-2e-06,0.299434,-0.261635,0.372312,0.890462,-0.218529,-0.921424,0.321178,0.940377,-0.111012,0.321294,-0.015446,0.008183,-0.00941,0.224075,-0.347834,-0.267925,0.406235,0.052723,0.05419,-0.007476,0.272225,-0.372771,0.887093,0.267904,0.91482,0.302209,-0.924186,0.155387,0.348904,-0.007706,0.003855,-0.004939,0.266,-0.419729,-0.35613,0.371852,0.087973,0.042592,-0.044028,-0.325157,0.344432,-0.880703,-0.904891,0.157177,0.395557,0.274669,0.92556,0.260566,2.3e-05,0.000427,0.000422,0.009258,0.015598,0.009235,-0.92457
2170,0.170887,-0.016058,0.322734,0.299315,-0.384096,-0.873456,0.875037,-0.254508,0.411714,-0.380807,-0.887066,0.261011,3e-06,4.4e-05,4.4e-05,-0.000213,-0.000525,-0.000303,-1.553201,-0.148729,0.000175,0.299276,-0.26969,0.370125,0.888969,-0.215341,-0.922911,0.319057,0.938846,-0.105834,0.327461,-3.3e-05,0.000517,0.000555,0.025227,-0.047754,-0.034843,0.390901,0.052528,0.054279,-0.007559,0.282319,-0.369998,0.885097,0.265245,0.916767,0.298632,-0.921922,0.150459,0.356961,-0.000638,0.006228,-0.003261,0.041874,-0.026007,0.004191,0.354869,0.087935,0.042593,-0.044011,-0.327014,0.342475,-0.880778,-0.904182,0.157632,0.396996,0.2748,0.926208,0.258112,-2e-06,-2.9e-05,-2.8e-05,0.004171,0.007831,0.004496,-0.916406
2171,0.170647,-0.016071,0.322756,0.297751,-0.382179,-0.874831,0.875758,-0.25544,0.409597,-0.380372,-0.887628,0.259731,0.0,0.0,0.0,1.1e-05,-0.000306,0.000521,-1.552488,-0.148401,0.000489,0.299197,-0.283457,0.373366,0.883313,-0.196044,-0.924133,0.327839,0.939035,-0.080694,0.334014,0.014231,0.002994,0.001491,-0.015531,0.094226,-0.134274,0.38831,0.052692,0.054439,-0.007596,0.29536,-0.374179,0.879062,0.246141,0.918854,0.308415,-0.923134,0.12528,0.363494,0.007111,0.001583,0.000844,-0.014096,0.1032,-0.14188,0.344419,0.087815,0.042586,-0.044,-0.325115,0.340766,-0.882143,-0.905012,0.158475,0.394761,0.274319,0.926694,0.256875,-0.007273,0.000105,0.000287,-0.001412,0.017602,-0.033611,-0.917385
2172,0.170375,-0.016114,0.322793,0.300899,-0.37709,-0.875961,0.877003,-0.251411,0.409426,-0.374987,-0.890953,0.256154,-0.014612,-0.000856,-0.000494,-0.001197,0.014162,-0.029809,-1.551748,-0.147452,0.000789,0.299222,-0.290629,0.370161,0.88233,-0.180595,-0.926714,0.329425,0.939949,-0.064054,0.335045,0.02851,0.004914,0.001799,-1.458778,-0.576583,-0.497,0.385801,0.053145,0.054587,-0.007582,0.300279,-0.372767,0.877995,0.236266,0.920857,0.31016,-0.924127,0.114306,0.364586,0.014226,0.002905,0.001373,0.007231,-0.046115,0.082268,0.3405,0.087684,0.042567,-0.04398,-0.327709,0.335276,-0.883287,-0.905777,0.154351,0.394641,0.26865,0.929389,0.253103,-4.2e-05,-0.000664,-0.000657,0.003197,0.02536,-0.025658,-0.917059
2173,0.170244,-0.016149,0.322805,0.299452,-0.375363,-0.877198,0.877649,-0.252283,0.4075,-0.374631,-0.891438,0.254986,9e-05,-0.012247,0.007129,-0.034531,-0.025192,0.045849,-1.552206,-0.146842,0.000883,0.299246,-0.290976,0.37121,0.881775,-0.174988,-0.92669,0.332504,0.940902,-0.058001,0.333469,0.042875,0.005632,0.000806,-4.876241,-1.866238,-1.742777,0.388828,0.053445,0.054635,-0.007567,0.300276,-0.373958,0.87749,0.230664,0.921107,0.313614,-0.925542,0.108235,0.362845,0.014256,0.002395,0.000814,0.010872,-0.047878,0.081586,0.340336,0.087619,0.042553,-0.043977,-0.326142,0.333898,-0.884388,-0.906455,0.155035,0.392813,0.268271,0.929771,0.252101,-5e-06,-0.0001,-9.4e-05,0.014542,-0.461687,0.79216,-0.916406
2174,0.170013,-0.016203,0.322815,0.299773,-0.375693,-0.876947,0.877464,-0.252215,0.407941,-0.374808,-0.891317,0.255145,-6.4e-05,-0.001026,-0.001019,-0.0,-0.0,-0.0,-1.551271,-0.145427,0.001075,0.299292,-0.2918,0.37355,0.880514,-0.16382,-0.926426,0.338869,0.942657,-0.045819,0.330395,0.042783,0.006642,0.001821,-0.039475,0.024953,0.174996,0.39785,0.054163,0.054731,-0.007547,0.30335,-0.374708,0.876111,0.214297,0.92271,0.320439,-0.928469,0.090543,0.360203,0.021428,0.002833,0.000369,-0.042863,0.048607,0.156621,0.347684,0.087498,0.042521,-0.04397,-0.326404,0.334126,-0.884205,-0.906301,0.155063,0.393156,0.268471,0.929685,0.252206,-4.1e-05,-0.000662,-0.000655,-0.000286,0.000241,-8.8e-05,-0.917222
2175,0.169926,-0.016238,0.322826,0.300308,-0.371998,-0.878338,0.877389,-0.253518,0.407294,-0.374556,-0.892501,0.251351,-2e-06,-2.7e-05,-2.7e-05,-0.003391,-0.008315,-0.004798,-1.549201,-0.143851,0.00127,0.299317,-0.294993,0.374529,0.879033,-0.153317,-0.926537,0.343449,0.943434,-0.033913,0.329614,0.042829,0.005811,0.000856,-0.021062,-0.0091,0.150105,0.408325,0.054951,0.054829,-0.007532,0.306373,-0.375895,0.874549,0.203966,0.923315,0.325401,-0.929802,0.078684,0.359549,0.021466,0.002269,-0.000276,-0.015162,-0.001026,0.120503,0.360258,0.087454,0.042501,-0.043967,-0.32667,0.330204,-0.885579,-0.906287,0.156445,0.392641,0.268196,0.930854,0.248154,1e-06,1e-05,1.2e-05,0.009492,0.013222,0.007197,-0.917549
2176,0.169914,-0.016244,0.32282,0.300335,-0.372028,-0.878316,0.877376,-0.253504,0.40733,-0.374564,-0.892492,0.251369,-7e-06,-0.000109,-0.000109,-5e-05,-0.000122,-7e-05,-1.547151,-0.143077,0.001343,0.299327,-0.295533,0.376027,0.878212,-0.153841,-0.925939,0.344824,0.94318,-0.033657,0.330365,0.042913,0.004725,-0.000345,0.005704,-0.044845,0.088301,0.416453,0.055354,0.05487,-0.007525,0.30697,-0.377442,0.873673,0.204631,0.9227,0.326724,-0.929459,0.078486,0.360478,0.021462,0.002316,-0.000247,0.012214,-0.05337,0.082258,0.367769,0.087449,0.042498,-0.04397,-0.326561,0.330382,-0.885552,-0.906335,0.156365,0.392562,0.268165,0.930804,0.248375,-4e-06,-4.9e-05,-4.6e-05,0.00212,0.004049,0.002288,-0.918039
2177,0.169946,-0.016249,0.3228,0.304451,-0.368196,-0.878514,0.878179,-0.24875,0.408529,-0.369323,-0.895417,0.248707,-2.2e-05,-0.000355,-0.000353,-0.004689,-0.01151,-0.006642,-1.537758,-0.141734,0.001476,0.299358,-0.30322,0.373433,0.876697,-0.138342,-0.927446,0.347333,0.943151,-0.016421,0.331754,0.042822,0.005725,0.000663,0.005816,-0.045742,0.087616,0.421972,0.05601,0.054932,-0.007513,0.314783,-0.375104,0.871899,0.189286,0.924954,0.32959,-0.930097,0.061289,0.362162,0.01425,0.002195,0.000508,0.006321,-0.046856,0.081239,0.379363,0.087465,0.042496,-0.043979,-0.330382,0.325941,-0.885781,-0.90655,0.151625,0.393922,0.262702,0.933151,0.245388,-1.5e-05,-0.000218,-0.000217,0.009066,0.011325,0.006474,-0.919345
2178,0.169968,-0.016256,0.322793,0.304348,-0.36808,-0.878598,0.878228,-0.248802,0.408393,-0.369292,-0.89545,0.248633,-1e-06,-1.8e-05,-1.8e-05,-1e-06,-2e-06,-1e-06,-1.526639,-0.140605,0.001685,0.299405,-0.31091,0.3706,0.875204,-0.122961,-0.928718,0.34971,0.942786,0.000659,0.333192,0.014076,0.004053,0.002502,-0.009709,-0.019902,0.024771,0.425915,0.056585,0.055036,-0.007492,0.32255,-0.372679,0.870098,0.174076,0.926905,0.33248,-0.930407,0.044221,0.363848,0.013491,0.008812,-0.002352,0.004417,-0.071492,0.08533,0.385731,0.087475,0.042492,-0.043983,-0.330082,0.326035,-0.885858,-0.906682,0.151589,0.393632,0.262624,0.933124,0.245574,-1e-06,4e-06,5e-06,8.1e-05,0.000769,0.000467,-0.919672
2179,0.169956,-0.016274,0.322774,0.300328,-0.367685,-0.880146,0.879894,-0.249451,0.404391,-0.36861,-0.895433,0.249706,-1.2e-05,-0.000197,-0.000196,0.024708,0.02088,0.098181,-1.517674,-0.139747,0.001905,0.299527,-0.316212,0.36899,0.873984,-0.112831,-0.929274,0.351642,0.942296,0.01213,0.334357,0.013988,0.004858,0.003347,0.002045,-0.015205,0.029245,0.428783,0.057009,0.055144,-0.007432,0.327862,-0.371279,0.86871,0.164022,0.927943,0.33469,-0.930377,0.032756,0.365135,0.014141,0.003203,0.001565,0.005147,-0.030047,0.058471,0.391283,0.087469,0.042483,-0.043992,-0.326022,0.326342,-0.887248,-0.908359,0.151869,0.389639,0.261901,0.932971,0.246923,-6e-06,-0.000131,-0.000128,0.036486,-0.393673,0.832484,-0.920162
2180,0.169933,-0.016289,0.322775,0.30038,-0.367742,-0.880104,0.879861,-0.249448,0.404466,-0.368648,-0.89541,0.249732,-0.014558,0.00014,0.000489,-0.000575,0.01572,-0.028973,-1.515138,-0.139455,0.002015,0.299606,-0.31875,0.367889,0.873526,-0.107656,-0.929616,0.35236,0.942049,0.017825,0.334797,0.013886,0.005874,0.004427,0.004127,-0.03143,0.052969,0.430372,0.05716,0.0552,-0.007392,0.330435,-0.370321,0.868144,0.158903,0.928509,0.335588,-0.930355,0.027061,0.365657,0.006964,0.002685,0.001935,0.003101,-0.014833,0.029138,0.393243,0.087458,0.042476,-0.043992,-0.325985,0.326218,-0.887307,-0.90835,0.152014,0.389604,0.261979,0.932991,0.246766,-0.007278,8.5e-05,0.000259,-0.006491,0.006625,-0.035691,-0.920325
2181,0.169912,-0.016288,0.322776,0.30041,-0.367773,-0.880081,0.879847,-0.249433,0.404505,-0.368656,-0.895401,0.249751,-0.0,-0.0,-0.0,0.0,0.0,0.0,-1.512721,-0.139085,0.002226,0.29978,-0.321498,0.367175,0.872819,-0.102656,-0.929767,0.353451,0.941676,0.023585,0.335489,0.013836,0.006257,0.004824,0.004131,-0.03143,0.052969,0.429834,0.05735,0.055308,-0.007303,0.333196,-0.36978,0.867319,0.153987,0.928874,0.336867,-0.930197,0.021313,0.366438,0.006914,0.003138,0.002415,0.00489,-0.031139,0.053132,0.395529,0.087447,0.042476,-0.043991,-0.326097,0.326178,-0.887281,-0.908301,0.152032,0.389711,0.26201,0.933002,0.246691,1e-06,9e-06,8e-06,-0.000147,-0.000191,-9.6e-05,-0.920651
2182,0.169891,-0.016275,0.32279,0.300247,-0.367575,-0.88022,0.879925,-0.249518,0.404283,-0.368604,-0.895459,0.249621,2.6e-05,0.000425,0.000422,0.0,0.0,0.0,-1.507263,-0.138997,0.002427,0.299892,-0.328318,0.362053,0.87242,-0.086561,-0.931195,0.354,0.940947,0.040264,0.335946,-0.000232,0.002434,0.002596,-9e-06,-3e-06,-3e-06,0.431645,0.057394,0.055413,-0.007243,0.340219,-0.364973,0.866628,0.13798,0.931006,0.337918,-0.930167,0.004611,0.367105,-0.000138,0.001405,0.001497,0.001024,0.000373,-0.00021,0.395365,0.087437,0.042482,-0.043985,-0.325911,0.325997,-0.887416,-0.908383,0.152108,0.389489,0.261955,0.933053,0.246557,1.9e-05,0.000327,0.000327,-2.6e-05,-5e-06,1.1e-05,-0.920815
2183,0.169903,-0.016257,0.322808,0.300279,-0.367616,-0.880191,0.879909,-0.249501,0.404328,-0.368614,-0.895447,0.249648,6.2e-05,0.000992,0.000985,0.0,0.0,0.0,-1.505541,-0.139024,0.002482,0.299937,-0.330524,0.360204,0.872353,-0.081118,-0.931652,0.354087,0.940662,0.04583,0.33603,-0.000189,0.001979,0.002109,-9e-06,-3e-06,-3e-06,0.433203,0.05738,0.05544,-0.00722,0.342499,-0.363226,0.866464,0.132568,0.9317,0.338171,-0.930118,-0.000958,0.367258,-9.3e-05,0.000931,0.000994,0.001006,0.000337,-0.000123,0.397488,0.087443,0.042491,-0.043976,-0.325948,0.326035,-0.887388,-0.908366,0.152093,0.389534,0.261967,0.933042,0.246585,3.2e-05,0.000541,0.000537,-2.4e-05,-1.3e-05,6e-06,-0.920815
2184,0.169902,-0.016269,0.322796,0.300219,-0.367545,-0.880241,0.879937,-0.249532,0.404247,-0.368596,-0.895468,0.249602,-8.4e-05,-0.001353,-0.001344,0.0,0.0,0.0,-1.505832,-0.139182,0.002543,0.300023,-0.335853,0.362948,0.869174,-0.08307,-0.930521,0.356599,0.938608,0.047118,0.34155,-0.000222,0.002337,0.002489,0.18107,-0.342552,-0.188574,0.429302,0.057307,0.055468,-0.007182,0.345705,-0.36752,0.863375,0.134064,0.930012,0.342204,-0.928716,-0.002554,0.370781,-7.3e-05,0.000757,0.000808,0.233828,-0.596699,-0.107357,0.396998,0.087443,0.04249,-0.043978,-0.325879,0.325971,-0.887437,-0.908397,0.152121,0.389452,0.261947,0.93306,0.246538,-5.2e-05,-0.000823,-0.000818,-0.000799,0.014641,-0.024805,-0.920978
2185,0.169878,-0.016298,0.322753,0.300145,-0.367451,-0.880306,0.879983,-0.249547,0.404139,-0.368547,-0.895502,0.24955,-0.000101,-0.001623,-0.001613,-0.000783,0.014647,-0.024807,-1.506011,-0.139325,0.002563,0.300033,-0.346435,0.36279,0.865076,-0.074269,-0.929826,0.360335,0.935506,0.060139,0.347956,-0.01427,-0.001537,0.000212,0.24691,-0.41899,-0.346084,0.419238,0.057235,0.055482,-0.007173,0.355921,-0.368195,0.858924,0.125327,0.929615,0.346565,-0.926073,-0.015704,0.377014,5e-06,-5.8e-05,-5.8e-05,-0.000818,0.006033,-0.001095,0.389813,0.08743,0.042475,-0.044,-0.32578,0.325872,-0.88751,-0.908448,0.152136,0.389326,0.261893,0.933092,0.246475,-1.3e-05,-0.000213,-0.000213,-7e-06,1.3e-05,-2.2e-05,-0.921631
