frame,MLTx,MLTy,MLTz,MLTR1,MLTR2,MLTR3,MLTR4,MLTR5,MLTR6,MLTR7,MLTR8,MLTR9,MLTTVx,MLTTVy,MLTTVz,MLTRVx,MLTRVy,MLTRVz,MLGA,MRTx,MRTy,MRTz,MRTR1,MRTR2,MRTR3,MRTR4,MRTR5,MRTR6,MRTR7,MRTR8,MRTR9,MRTTVx,MRTTVy,MRTTVz,MRTRVx,MRTRVy,MRTRVz,MRGA,SLTx,SLTy,SLTz,SLTR1,SLTR2,SLTR3,SLTR4,SLTR5,SLTR6,SLTR7,SLTR8,SLTR9,SLTTVx,SLTTVy,SLTTVz,SLTRVx,SLTRVy,SLTRVz,SLGA,SRTx,SRTy,SRTz,SRTR1,SRTR2,SRTR3,SRTR4,SRTR5,SRTR6,SRTR7,SRTR8,SRTR9,SRTTVx,SRTTVy,SRTTVz,SRTRVx,SRTRVy,SRTRVz,SRGA
841,0.010669,0.038639,0.363126,0.595013,-0.011685,-0.803659,0.666068,0.566797,0.484837,0.449112,-0.823761,0.346039,0.009215,-0.017023,0.004533,-0.24905,-0.310893,-0.404037,-1.89166,-0.203362,0.00902,0.33635,0.716773,-0.230479,0.658109,-0.307009,0.742944,0.594739,-0.626895,-0.628039,0.460904,-0.000545,0.009518,-0.009485,0.012122,-0.045367,0.232763,0.145091,0.028127,0.052277,-0.026384,-0.741699,0.102138,0.66291,0.432134,-0.68311,0.588744,0.512973,0.723137,0.462525,-0.000289,0.004527,-0.004933,0.031158,0.043615,0.055719,0.007413,0.019896,0.071753,-0.045063,-0.509444,-0.032333,-0.859895,-0.670601,-0.611274,0.420282,-0.539221,0.790757,0.289728,0.004541,-0.008623,0.002167,-0.297893,-0.663482,-0.381178,-1.056249
842,0.010841,0.038001,0.363372,0.603553,0.021711,-0.797055,0.643071,0.577757,0.502623,0.470672,-0.815948,0.335743,0.008672,-0.017962,0.003765,-0.095834,-0.235585,-0.396125,-1.892066,-0.203221,0.009553,0.33579,0.712918,-0.243649,0.657552,-0.302867,0.738601,0.602224,-0.633277,-0.628172,0.451911,-0.001077,0.019196,-0.018824,-0.096371,0.327186,0.230683,0.145907,0.028198,0.05254,-0.026659,-0.740481,0.114603,0.662234,0.427542,-0.679939,0.595725,0.518551,0.724256,0.454484,0.006274,0.009879,-0.009595,-0.194547,0.420098,0.362212,0.019007,0.019984,0.071438,-0.044938,-0.516072,-0.067434,-0.853886,-0.648952,-0.619864,0.441166,-0.559043,0.781806,0.276133,-0.00265,-0.011235,0.008076,0.117213,-0.44235,-0.560104,-1.045798
843,0.010814,0.037599,0.363568,0.605569,0.042681,-0.794676,0.630663,0.583307,0.511849,0.484639,-0.811185,0.327309,0.005678,-0.029801,0.011358,3.914149,-3.316346,-2.371467,-1.891678,-0.203098,0.009877,0.335438,0.710637,-0.251572,0.657037,-0.300306,0.735931,0.606759,-0.637051,-0.628172,0.446575,-0.001193,0.018038,-0.019768,-0.241544,0.618399,0.42246,0.145869,0.028259,0.052711,-0.026841,-0.739823,0.121704,0.661701,0.42474,-0.678258,0.599633,0.521782,0.724674,0.450098,-0.000597,0.008946,-0.009942,-0.211148,0.595523,0.408772,0.019333,0.019973,0.071243,-0.044841,-0.517647,-0.082912,-0.851567,-0.640643,-0.622148,0.450007,-0.567112,0.778496,0.268936,-0.00316,-0.012078,0.007386,-0.176632,-0.026416,-0.297376,-1.046451
844,0.010728,0.036531,0.363984,0.609465,0.070656,-0.789687,0.610039,0.594406,0.523933,0.505662,-0.801145,0.320155,0.004396,-0.032007,0.009552,4.24834,-2.841871,-1.983662,-1.891903,-0.202804,0.010536,0.334596,0.706118,-0.267422,0.655647,-0.294931,0.73058,0.615794,-0.644548,-0.627849,0.43615,0.012053,0.015014,-0.023079,-0.152321,0.423352,0.335513,0.148693,0.028401,0.053036,-0.027252,-0.73787,0.138981,0.660477,0.418488,-0.673551,0.609258,0.52954,0.725956,0.438832,-0.000714,0.007733,-0.010935,-0.291394,0.600408,0.410999,0.022436,0.019932,0.070698,-0.044629,-0.519451,-0.116234,-0.846557,-0.618179,-0.632853,0.466209,-0.589936,0.765497,0.256883,0.00218,-0.016176,0.004768,4.289123,-2.769721,-1.951274,-1.048411
845,0.010634,0.035365,0.364386,0.615994,0.095616,-0.781955,0.590746,0.600623,0.538743,0.520413,-0.793917,0.314473,0.004113,-0.032556,0.009107,-0.181793,-0.282217,-0.440601,-1.89175,-0.202467,0.011211,0.333648,0.702235,-0.283548,0.653037,-0.288694,0.724912,0.625374,-0.651581,-0.627321,0.426348,0.012039,0.014962,-0.023113,-0.050379,0.216614,0.200069,0.148113,0.028574,0.053376,-0.027738,-0.736483,0.157095,0.657961,0.411044,-0.668567,0.619726,0.537247,0.726869,0.427815,0.006032,0.007445,-0.011591,-0.012727,0.18935,0.182236,0.022599,0.019884,0.070113,-0.044429,-0.525162,-0.141063,-0.839229,-0.598843,-0.639417,0.482214,-0.60464,0.755808,0.251323,0.002037,-0.016299,0.00453,-0.255931,-0.384717,-0.491092,-1.046288
846,0.010574,0.034203,0.36468,0.620122,0.119276,-0.775415,0.568738,0.612478,0.548981,0.53964,-0.78159,0.312944,0.003163,-0.034225,0.007724,-0.087105,0.110188,-0.214653,-1.892066,-0.202066,0.011856,0.33275,0.697413,-0.302219,0.649822,-0.282098,0.717624,0.636686,-0.659604,-0.626957,0.414378,0.012159,0.016319,-0.021979,-0.120299,0.252479,0.498672,0.148158,0.028769,0.053689,-0.028181,-0.735021,0.175299,0.654991,0.403699,-0.662979,0.630463,0.544765,0.727824,0.416535,0.006237,0.001984,-0.007449,-0.263532,0.506205,0.369569,0.021946,0.019853,0.069545,-0.044285,-0.527781,-0.166248,-0.832951,-0.577361,-0.649043,0.495375,-0.622976,0.742363,0.246568,-0.0036,-0.009412,0.000898,-0.024479,0.03906,-0.030146,-1.049554
847,0.010564,0.033606,0.364841,0.619488,0.141668,-0.772146,0.552332,0.620314,0.556876,0.5571,-0.771634,0.306996,0.003763,-0.033267,0.008521,-0.107168,-0.268726,-0.199528,-1.891711,-0.201867,0.012094,0.332373,0.69042,-0.320865,0.648349,-0.270678,0.716418,0.642972,-0.671644,-0.619002,0.406933,0.012565,0.005226,-0.013845,-0.299437,0.62683,0.485965,0.151704,0.028869,0.053812,-0.028373,-0.73177,0.19346,0.653517,0.392363,-0.664454,0.636043,0.557281,0.721854,0.410321,0.006055,0.007774,-0.011323,0.012273,0.071388,0.343617,0.023579,0.019846,0.069244,-0.044207,-0.526196,-0.187957,-0.82933,-0.561328,-0.65582,0.504786,-0.638769,0.731144,0.239584,-0.004284,-0.013998,0.005812,0.117789,-0.514225,-0.36969,-1.050044
848,0.010541,0.032528,0.365139,0.61609,0.181324,-0.766551,0.527858,0.6273,0.572566,0.583917,-0.757607,0.29172,0.00466,-0.031846,0.009708,3.981838,-3.394137,-1.789978,-1.892029,-0.201467,0.012337,0.331702,0.668045,-0.359299,0.651622,-0.249461,0.716748,0.651134,-0.70182,-0.597079,0.38834,0.012355,0.00295,-0.015752,3.297231,4.537568,2.050529,0.155268,0.029065,0.053937,-0.028699,-0.71946,0.231279,0.654894,0.373737,-0.665846,0.645731,0.585403,0.709336,0.392612,0.006202,0.001646,-0.007751,-0.067693,0.168429,0.390823,0.029621,0.019834,0.068703,-0.04406,-0.521756,-0.224167,-0.823115,-0.542042,-0.657948,0.522775,-0.658756,0.718924,0.221781,-0.002699,-0.007925,0.002129,-0.246908,-0.188188,-0.357223,-1.051514
849,0.010626,0.0318,0.365244,0.613378,0.21532,-0.759902,0.505893,0.63177,0.587291,0.605781,-0.744927,0.279536,0.00739,-0.020459,0.001702,4.08902,-2.893749,-2.546826,-1.891991,-0.200864,0.012469,0.331184,0.637935,-0.385615,0.666582,-0.242986,0.720451,0.649494,-0.731474,-0.575811,0.365034,0.012599,0.005532,-0.013611,-0.16719,0.548972,-0.125336,0.154039,0.029371,0.053998,-0.028968,-0.690542,0.268472,0.671619,0.365125,-0.672169,0.644104,0.624366,0.690007,0.366135,0.013089,0.002999,-0.007061,-0.314228,1.710259,-1.823525,0.030274,0.019878,0.068327,-0.044003,-0.516192,-0.260758,-0.815812,-0.518918,-0.66257,0.540114,-0.681372,0.702143,0.206701,0.003855,-0.010199,0.001086,4.142825,-2.774898,-2.593176,-1.048901
850,0.010752,0.031524,0.365229,0.613203,0.230883,-0.75546,0.495798,0.632056,0.595535,0.614235,-0.740025,0.274053,0.010253,-0.008804,-0.006084,-0.301361,-0.34264,-0.40778,-1.891727,-0.200483,0.012584,0.330942,0.617568,-0.410025,0.671178,-0.229535,0.722125,0.65252,-0.752978,-0.55651,0.350974,0.013172,-0.003978,-0.004178,3.361676,4.180872,2.54802,0.157153,0.029561,0.054057,-0.029094,-0.676567,0.289973,0.676883,0.356699,-0.675111,0.645747,0.644221,0.678335,0.353325,0.013118,0.003367,-0.006753,-0.364242,1.013042,0.152686,0.030764,0.019936,0.068191,-0.044009,-0.515797,-0.275318,-0.811266,-0.508075,-0.664148,0.548421,-0.689791,0.695058,0.202684,0.003902,-0.009882,0.001126,-0.32001,-0.28825,-0.491096,-1.046125
851,0.010909,0.031134,0.365154,0.606479,0.265857,-0.749365,0.470347,0.639946,0.60763,0.640347,-0.721307,0.264007,0.010377,-0.008616,-0.005934,-0.183635,-0.158732,-0.312086,-1.891593,-0.199838,0.012659,0.330452,0.593901,-0.444209,0.670784,-0.21386,0.716468,0.663981,-0.776265,-0.537226,0.329641,0.012345,0.002609,-0.016078,-0.01476,0.751038,1.112492,0.164556,0.029885,0.054102,-0.029327,-0.657412,0.331171,0.676856,0.336811,-0.674378,0.657093,0.674067,0.659954,0.331802,0.013145,-0.004625,-0.00474,0.992215,1.298204,0.895901,0.040235,0.02002,0.067995,-0.044047,-0.506786,-0.311158,-0.803957,-0.48377,-0.669252,0.563974,-0.713535,0.674745,0.188639,0.005235,-0.004216,-0.002907,-0.179712,-0.150892,-0.305721,-1.052657
852,0.01099,0.030935,0.365107,0.597431,0.298931,-0.744152,0.450039,0.643093,0.61957,0.66303,-0.705418,0.250605,-0.001008,-0.001693,-0.00142,-0.363565,-0.401789,-0.452743,-1.891991,-0.199274,0.012501,0.329875,0.56865,-0.478655,0.668968,-0.194631,0.711749,0.674882,-0.799864,-0.513364,0.310706,0.012588,-0.011052,-0.010163,-0.170385,1.859401,-1.63488,0.164249,0.030171,0.054022,-0.029623,-0.638094,0.372388,0.673916,0.315876,-0.671607,0.670197,0.70218,0.640523,0.31092,0.006282,-0.005636,-0.005197,-0.119079,1.819137,-1.649019,0.043827,0.020059,0.067894,-0.044072,-0.49649,-0.342444,-0.797639,-0.464381,-0.67156,0.577369,-0.73338,0.657067,0.174399,-0.000475,-0.000793,-0.000679,-0.461409,-0.515433,-0.516812,-1.055759
853,0.011135,0.030758,0.365057,0.587976,0.327782,-0.739519,0.434504,0.64318,0.630474,0.681576,-0.692434,0.236678,-0.000848,-0.001425,-0.001196,-0.323611,-0.442838,-0.247553,-1.892317,-0.198657,0.012394,0.32931,0.537466,-0.518879,0.664745,-0.166911,0.70711,0.687073,-0.827207,-0.479573,0.292578,0.012772,-0.009231,-0.008666,-0.194795,0.037999,0.75322,0.163789,0.030475,0.053967,-0.029906,-0.613549,0.416468,0.670903,0.288447,-0.672702,0.681373,0.735088,0.611576,0.292606,0.006162,0.001109,-0.008248,-0.234591,0.206875,0.673266,0.043011,0.020133,0.067807,-0.044095,-0.485592,-0.370531,-0.791773,-0.450069,-0.670499,0.589803,-0.749424,0.642757,0.158825,-0.000505,-0.000844,-0.000722,-0.480761,-0.540843,-0.530564,-1.05135
854,0.011161,0.030683,0.365051,0.583936,0.339806,-0.73729,0.426427,0.64445,0.634677,0.690093,-0.685432,0.232338,-0.000783,-0.001317,-0.001106,-0.094772,-0.029044,-0.244109,-1.892375,-0.198433,0.012321,0.329049,0.520492,-0.540428,0.661072,-0.150473,0.703924,0.694106,-0.841088,-0.460064,0.284209,0.012781,-0.009257,-0.008705,-0.384775,0.489045,0.815309,0.165023,0.030586,0.053931,-0.030036,-0.601633,0.438686,0.667526,0.271427,-0.673685,0.687368,0.751241,0.594728,0.28624,0.006162,0.001084,-0.008275,-0.017853,0.146918,0.596374,0.043337,0.020146,0.06777,-0.044098,-0.480141,-0.383633,-0.788852,-0.442852,-0.670263,0.595506,-0.757195,0.635273,0.151928,0.004733,-0.00852,0.002261,-0.095509,0.015558,-0.205217,-1.052167
855,0.011314,0.030505,0.365079,0.575032,0.361971,-0.73373,0.415706,0.643182,0.643022,0.703968,-0.675223,0.220295,-5e-06,-9e-06,-8e-06,-0.136169,-0.183225,-0.102349,-1.891904,-0.198234,0.012021,0.328647,0.49474,-0.574587,0.651976,-0.119267,0.698118,0.705932,-0.861373,-0.426284,0.27601,-0.000805,-0.009619,-0.008169,-0.063393,0.092268,0.260711,0.167529,0.030686,0.053786,-0.030233,-0.580834,0.479226,0.658007,0.239939,-0.671637,0.70095,0.777856,0.565017,0.275125,-0.000426,-0.004953,-0.004211,0.244041,0.334301,0.571031,0.046603,0.020222,0.06768,-0.044085,-0.470496,-0.404602,-0.784174,-0.432955,-0.668505,0.60469,-0.768884,0.624017,0.139355,0.006296,-0.002452,-0.001427,-0.163785,-0.133617,-0.263823,-1.054616
856,0.011493,0.030234,0.365137,0.56747,0.381033,-0.729957,0.399104,0.648154,0.648525,0.719533,-0.659819,0.21665,-0.002932,-0.011835,0.007637,-0.040099,0.039797,-0.225599,-1.891923,-0.198161,0.011672,0.328344,0.435771,-0.621414,0.651106,-0.066045,0.699267,0.711757,-0.898115,-0.35238,0.262834,0.012937,-0.007807,-0.007528,-0.366229,1.915802,-1.837589,0.168667,0.030723,0.053603,-0.030393,-0.533275,0.535038,0.655249,0.185742,-0.681621,0.707737,0.825298,0.499126,0.264112,-0.000292,-0.003528,-0.003007,0.728175,1.719685,0.779612,0.04742,0.020314,0.067552,-0.044056,-0.461868,-0.42323,-0.779456,-0.416779,-0.672176,0.611942,-0.782925,0.607498,0.134063,0.005797,-0.003288,-0.002132,0.085892,-0.134177,-0.039594,-1.060005
857,0.011622,0.030091,0.365151,0.564237,0.386511,-0.729583,0.395879,0.648834,0.64982,0.723844,-0.655958,0.213999,0.012263,-0.005486,-0.003319,-0.033266,0.036723,-0.169297,-1.892405,-0.198118,0.011569,0.328266,0.409836,-0.636396,0.653473,-0.044131,0.70162,0.711137,-0.911543,-0.319484,0.258616,-0.000316,-0.003791,-0.003233,1.012394,1.305911,0.42689,0.171659,0.030749,0.053546,-0.030437,-0.508547,0.553662,0.659421,0.167314,-0.687707,0.706445,0.84462,0.469591,0.257096,0.006812,-0.002133,-0.002383,3.526788,4.050101,1.445424,0.049869,0.020372,0.067476,-0.044047,-0.458289,-0.428475,-0.778703,-0.41369,-0.672606,0.613564,-0.786658,0.603331,0.130992,0.006103,-0.002778,-0.001704,-0.010624,-0.039218,0.019607,-1.060005
858,0.011844,0.029862,0.365272,0.556954,0.402524,-0.726513,0.389088,0.646381,0.656334,0.733108,-0.648725,0.204297,0.001646,0.002783,0.002336,-0.062578,-0.098388,-0.02177,-1.891952,-0.197985,0.011401,0.328298,0.366628,-0.651533,0.664138,-0.015532,0.709352,0.704636,-0.930636,-0.267835,0.249087,0.000431,-0.011577,0.00769,-0.01238,0.058155,-0.022981,0.170521,0.030815,0.053466,-0.030423,-0.46751,0.576532,0.670107,0.139103,-0.700626,0.699837,0.872974,0.420395,0.247353,0.006774,-2.8e-05,-0.000452,0.100843,0.104982,0.000294,0.049869,0.020484,0.067353,-0.043992,-0.450289,-0.444088,-0.774612,-0.407839,-0.669455,0.620882,-0.794295,0.595494,0.120333,-0.000447,-0.004192,0.005258,-0.068274,-0.030422,-0.040372,-1.058535
859,0.011964,0.029739,0.365508,0.549083,0.416465,-0.724645,0.388358,0.64063,0.662377,0.739409,-0.645638,0.190929,-0.000923,-0.008458,0.010477,-0.201084,-0.103626,-0.311363,-1.891359,-0.197819,0.011129,0.328504,0.309334,-0.663319,0.681404,0.02312,0.721479,0.692003,-0.950999,-0.197473,0.23763,0.014107,-0.010698,0.007563,-0.071286,0.503742,-0.665619,0.184346,0.030893,0.053333,-0.030318,-0.413553,0.597871,0.686676,0.102617,-0.718779,0.687623,0.904678,0.354834,0.235901,0.00024,-0.005059,0.004502,-0.142642,1.57796,-2.093655,0.05787,0.020548,0.067299,-0.043869,-0.441882,-0.457069,-0.771898,-0.408069,-0.663868,0.626704,-0.798886,0.591917,0.106835,-0.000458,-0.004216,0.005244,-0.201322,-0.102625,-0.310209,-1.060005
860,0.012069,0.029541,0.365761,0.531406,0.444193,-0.721349,0.377444,0.6382,0.670975,0.757753,-0.62938,0.172389,-0.000587,-0.007892,0.010953,-0.444974,-0.544196,-0.294896,-1.89202,-0.197321,0.010792,0.328778,0.228385,-0.674083,0.702456,0.088025,0.732767,0.674714,-0.969809,-0.091417,0.22578,0.014656,-0.02109,0.016271,0.280876,0.276559,0.208544,0.189799,0.031143,0.05317,-0.030183,-0.335211,0.621284,0.708264,0.041137,-0.74139,0.669812,0.941244,0.253664,0.222964,0.013899,-0.004692,0.003904,1.106125,1.134544,0.3824,0.075016,0.0206,0.067201,-0.043748,-0.423597,-0.482116,-0.766896,-0.397734,-0.661643,0.635637,-0.813863,0.574274,0.088516,0.000448,0.000771,0.000636,-0.450535,-0.609954,-0.335691,-1.061148
861,0.012126,0.029445,0.365871,0.529599,0.44849,-0.720018,0.378591,0.634638,0.673702,0.758447,-0.629941,0.167212,0.001149,0.001948,0.001631,-0.102521,-0.137328,-0.076026,-1.89207,-0.196959,0.010562,0.328981,0.197811,-0.670823,0.714744,0.106667,0.739454,0.664653,-0.974606,-0.054398,0.216903,0.014219,-0.009532,0.008556,-0.073916,0.491523,-0.677049,0.192417,0.031323,0.053052,-0.030078,-0.304665,0.623878,0.71969,0.023252,-0.750516,0.660442,0.952175,0.217948,0.21415,0.007321,-0.010202,0.008472,-0.198827,1.641612,-2.277909,0.078608,0.020628,0.067151,-0.043688,-0.420439,-0.488149,-0.764814,-0.400189,-0.656744,0.639167,-0.814296,0.574801,0.080769,-0.000354,-0.004033,0.005395,-0.097091,-0.073363,-0.065019,-1.061638
862,0.012236,0.029293,0.366019,0.517209,0.46518,-0.718434,0.364665,0.639661,0.676628,0.77367,-0.612522,0.162103,6.2e-05,0.000105,8.8e-05,0.030859,-0.032034,-0.00822,-1.89189,-0.196288,0.009883,0.329546,0.173327,-0.668853,0.7229,0.122329,0.742848,0.658138,-0.977393,-0.024807,0.209642,0.014785,-0.019947,0.01726,3.926218,3.632406,1.178272,0.197407,0.031664,0.052708,-0.029792,-0.280985,0.625156,0.728166,0.010043,-0.756777,0.653594,0.959659,0.190963,0.206364,0.007512,-0.00996,0.008411,3.915223,3.635105,1.190318,0.085793,0.020686,0.067078,-0.043612,-0.407419,-0.503475,-0.761919,-0.386049,-0.661144,0.643314,-0.827632,0.556237,0.074997,-2.3e-05,-1.8e-05,-3.2e-05,0.124388,-0.081295,-0.010048,-1.073721
863,0.012217,0.028917,0.366237,0.503733,0.481066,-0.717547,0.3516,0.64456,0.67889,0.788472,-0.594865,0.156443,-0.002213,-0.010656,0.008646,-0.045684,-0.09398,0.149192,-1.89171,-0.195437,0.009378,0.330155,0.140778,-0.675726,0.723579,0.155071,0.736788,0.65805,-0.977936,0.020409,0.207574,0.014602,-0.004823,0.01256,0.328173,0.310308,0.140061,0.213767,0.032074,0.052456,-0.0295,-0.25012,0.63744,0.728773,-0.023244,-0.756434,0.653656,0.967935,0.146553,0.204016,0.014257,-0.00191,0.006012,3.968259,3.61666,1.222104,0.097223,0.020675,0.066887,-0.043505,-0.392924,-0.518487,-0.759461,-0.373022,-0.665015,0.647,-0.840514,0.537517,0.067893,-0.001115,-0.005321,0.004314,-0.016777,-0.058815,0.171433,-1.085478
864,0.01218,0.028628,0.366472,0.493036,0.494871,-0.715586,0.347467,0.642072,0.683361,0.797026,-0.586178,0.14551,-0.004157,-0.02086,0.017676,-0.484497,-0.514519,-0.335122,-1.891185,-0.194932,0.009222,0.330464,0.118385,-0.680819,0.722815,0.174677,0.730763,0.659854,-0.97757,0.04899,0.2045,0.028839,-0.014501,0.020979,0.257611,0.359914,0.185693,0.226486,0.03232,0.052381,-0.029349,-0.228834,0.646331,0.727935,-0.043423,-0.75381,0.655655,0.972496,0.118427,0.200563,0.014278,-0.001522,0.00633,3.925884,3.687766,1.246848,0.110286,0.020658,0.066754,-0.043398,-0.383159,-0.529188,-0.757065,-0.368473,-0.664008,0.650629,-0.847004,0.528253,0.059429,-0.00208,-0.010414,0.008839,-0.286064,-0.242459,-0.185374,-1.097072
865,0.012169,0.027985,0.366933,0.472673,0.51893,-0.712276,0.333195,0.643043,0.689527,0.815258,-0.563891,0.131937,-0.002852,-0.011749,0.007742,0.122583,-0.58568,-0.224375,-1.892021,-0.193987,0.009017,0.331057,0.10397,-0.684301,0.721743,0.184843,0.726229,0.662086,-0.977321,0.065424,0.201062,0.014687,-0.003423,0.013717,-0.036699,-0.011445,0.040813,0.237903,0.032815,0.052277,-0.029035,-0.214097,0.652689,0.726745,-0.055449,-0.750918,0.658063,0.975236,0.100592,0.19696,0.007328,-0.001716,0.006853,-0.020842,-0.031602,0.026709,0.132984,0.020653,0.066428,-0.043158,-0.360545,-0.553449,-0.7508,-0.356161,-0.662257,0.659214,-0.862064,0.505082,0.041656,-0.001504,-0.006018,0.00377,0.893554,-1.46307,-0.461516,-1.113401
866,0.01202,0.02739,0.367409,0.449794,0.543019,-0.709127,0.314433,0.646885,0.694725,0.835418,-0.53613,0.12111,-0.004576,-0.021589,0.017097,-0.173134,-0.103944,-0.107478,-1.891727,-0.19312,0.009026,0.331401,0.090708,-0.689128,0.718934,0.18324,0.721034,0.668181,-0.978925,0.071985,0.190751,0.028154,-0.005254,0.011224,-0.143966,0.134886,0.178895,0.236116,0.033238,0.052286,-0.028865,-0.202008,0.65962,0.723943,-0.054505,-0.745607,0.664152,0.977865,0.094706,0.186572,0.006982,0.002764,0.001862,-0.118976,0.181066,0.159618,0.140658,0.020578,0.066132,-0.042925,-0.335959,-0.576317,-0.744976,-0.337503,-0.664764,0.666467,-0.87933,0.475338,0.028824,-0.001334,-0.005682,0.004016,-0.148616,-0.151641,-0.102627,-1.125484
867,0.012034,0.026962,0.367758,0.431528,0.560774,-0.706655,0.303528,0.647429,0.699054,0.848989,-0.516847,0.110058,0.000189,0.000321,0.000269,-0.1203,-0.233745,-0.114546,-1.891689,-0.192353,0.009288,0.331491,0.053979,-0.697853,0.714199,0.195199,0.708716,0.677903,-0.979281,0.103686,0.173554,0.027524,0.00506,0.0024,-0.338862,0.456038,0.389373,0.247953,0.033621,0.052413,-0.028817,-0.16857,0.673786,0.719441,-0.068969,-0.73616,0.673284,0.983273,0.063876,0.170565,0.006986,0.002978,0.002041,-0.343654,0.583468,0.226598,0.1467,0.020583,0.065909,-0.042745,-0.317159,-0.592402,-0.740587,-0.326981,-0.664714,0.671742,-0.89022,0.455207,0.017115,0.005398,-0.00746,0.003171,-0.135374,-0.366448,-0.148133,-1.132669
868,0.012055,0.02682,0.367842,0.423555,0.567633,-0.706002,0.297019,0.649274,0.70014,0.855289,-0.506948,0.10729,-0.002209,-0.010668,0.008662,-0.051776,-0.008921,-0.029669,-1.891815,-0.192009,0.0094,0.331575,0.040415,-0.701405,0.71161,0.193799,0.704069,0.683126,-0.980195,0.111172,0.163467,0.013971,0.005897,0.00403,-0.359139,0.48393,0.403559,0.241173,0.033793,0.052464,-0.028779,-0.156274,0.679492,0.716845,-0.068554,-0.731474,0.678414,0.985331,0.056876,0.160892,0.006994,0.003155,0.002185,-0.086798,0.127195,0.155684,0.149313,0.020595,0.065843,-0.042705,-0.308333,-0.599219,-0.738828,-0.320762,-0.665694,0.673767,-0.895567,0.444733,0.013048,0.005147,-0.007891,0.002809,0.008226,-0.017934,0.018076,-1.131689
869,0.012128,0.026573,0.36799,0.39896,0.58572,-0.705555,0.283629,0.652901,0.702315,0.871527,-0.481038,0.095238,0.011015,-0.014619,0.006625,-0.280929,-0.32569,-0.163878,-1.892178,-0.191437,0.009641,0.331685,0.021596,-0.707694,0.706183,0.182559,0.697162,0.693232,-0.98292,0.114829,0.14334,0.013918,0.00539,0.00359,-0.383525,0.531191,0.401085,0.201821,0.034089,0.052589,-0.02872,-0.137902,0.689365,0.711166,-0.058038,-0.722417,0.689016,0.988743,0.053742,0.139633,0.00696,0.002741,0.001825,-0.464517,0.60644,0.459847,0.114695,0.020629,0.065713,-0.04263,-0.283344,-0.614856,-0.73598,-0.307064,-0.668864,0.677002,-0.90853,0.417817,0.000719,0.005537,-0.007238,0.003358,-0.335926,-0.38339,-0.196475,-1.132669
870,0.01225,0.026281,0.368274,0.37588,0.605418,-0.70159,0.274845,0.650223,0.708267,0.884526,-0.459802,0.078888,-0.00093,-0.008499,0.010483,-0.316577,-0.60032,-0.303864,-1.8915,-0.191156,0.009948,0.331886,0.002031,-0.718286,0.695739,0.171087,0.685629,0.707514,-0.98519,0.118488,0.123384,0.000493,0.008002,0.006709,-0.408585,0.566089,0.420127,0.174488,0.034229,0.052737,-0.028625,-0.120965,0.702974,0.700852,-0.048911,-0.7094,0.703106,0.99145,0.050771,0.120196,0.000243,0.003979,0.003328,-0.413762,0.608637,0.434431,0.081874,0.02069,0.06557,-0.042492,-0.260284,-0.632109,-0.729856,-0.298708,-0.666109,0.683425,-0.918163,0.395899,-0.015439,0.005998,-0.006467,0.004013,-0.100793,-0.913809,-0.328027,-1.136425
871,0.012314,0.026117,0.368435,0.367608,0.614699,-0.697893,0.267875,0.64866,0.712359,0.89013,-0.449579,0.074665,-0.001102,-0.008793,0.010238,3.647495,-4.050276,-0.725246,-1.89207,-0.191104,0.010128,0.332047,-0.008018,-0.7259,0.687748,0.165239,0.677249,0.716913,-0.986145,0.120294,0.113629,0.000643,0.010485,0.008775,-0.514528,0.715827,0.522093,0.170326,0.034255,0.052823,-0.028548,-0.113074,0.711919,0.693098,-0.044929,-0.700522,0.712214,0.992569,0.049393,0.111197,0.000334,0.005491,0.004591,-0.22431,0.308808,0.265164,0.063749,0.020723,0.065487,-0.042406,-0.251687,-0.641441,-0.724711,-0.294264,-0.662644,0.688702,-0.921988,0.386593,-0.021974,-0.00058,-0.004717,0.005071,3.646372,-4.051413,-0.732982,-1.140017
872,0.01244,0.025767,0.368738,0.351331,0.628128,-0.69431,0.261115,0.64644,0.716872,0.898686,-0.433933,0.063971,-0.000789,-0.008264,0.010684,-0.169817,-0.173295,-0.085917,-1.892443,-0.191128,0.010582,0.332416,-0.022181,-0.742006,0.67002,0.1573,0.659142,0.735338,-0.987207,0.122628,0.101232,-0.012835,0.01154,0.010558,-0.316917,0.363085,0.765414,0.188699,0.034248,0.053053,-0.028361,-0.101208,0.7304,0.675479,-0.039742,-0.681391,0.730839,0.99407,0.047122,0.097989,0.000371,0.00612,0.005102,-0.14525,0.24485,1.230727,0.063096,0.020785,0.065313,-0.04226,-0.233919,-0.654104,-0.719325,-0.286874,-0.660478,0.693881,-0.928969,0.368668,-0.033147,0.005594,-0.007157,0.003433,-0.200676,-0.211108,-0.100235,-1.137404
873,0.012589,0.025398,0.369069,0.335798,0.6391,-0.69198,0.253809,0.64609,0.719806,0.906697,-0.418133,0.055613,0.011659,-0.013557,0.007521,-0.068761,-0.040815,-0.010136,-1.891433,-0.191332,0.010993,0.332839,-0.03462,-0.755254,0.654511,0.149799,0.643477,0.75062,-0.987999,0.124973,0.090014,0.000683,0.011074,0.009189,-0.3913,0.447053,0.579909,0.202684,0.034142,0.053261,-0.028147,-0.09162,0.745653,0.660005,-0.035281,-0.664807,0.746181,0.995168,0.045079,0.087217,-0.006413,0.005777,0.005261,-0.061299,0.120084,0.05714,0.08367,0.020856,0.065133,-0.042092,-0.217644,-0.664228,-0.715144,-0.280188,-0.659349,0.697677,-0.934946,0.35222,-0.042606,-0.000373,-0.004078,0.00538,-0.035392,0.012786,-0.015867,-1.139527
874,0.012842,0.025062,0.369355,0.319087,0.652383,-0.687478,0.246317,0.643398,0.724802,0.914779,-0.401421,0.045468,0.000934,0.0016,0.001335,1.1053,-1.257649,-0.373451,-1.892216,-0.191624,0.011369,0.333304,-0.039602,-0.767005,0.640411,0.146737,0.629394,0.763064,-0.988265,0.125147,0.086796,-0.012758,0.011995,0.010842,-0.132866,0.095489,0.307775,0.241731,0.034005,0.053443,-0.027921,-0.08759,0.758706,0.645517,-0.033974,-0.649906,0.759254,0.995576,0.044573,0.082702,0.000354,0.005775,0.004775,-0.225134,0.276756,0.310133,0.112246,0.020983,0.064965,-0.041949,-0.204381,-0.673947,-0.709945,-0.277546,-0.655595,0.702254,-0.93872,0.34057,-0.053061,0.006013,-0.006535,0.003993,0.540082,0.658776,-2.619649,-1.14116
875,0.013003,0.02492,0.369449,0.311816,0.657302,-0.686127,0.245168,0.642032,0.726401,0.917598,-0.395535,0.039906,0.011606,-0.013661,0.007434,-0.190666,-0.2031,-0.096256,-1.892404,-0.191751,0.011638,0.333509,-0.040076,-0.771015,0.635548,0.14613,0.62459,0.767116,-0.988335,0.124576,0.086816,0.000856,0.013648,0.011247,-0.084386,0.001197,0.310458,0.279124,0.033937,0.053569,-0.027818,-0.087653,0.762784,0.640685,-0.034068,-0.645079,0.763355,0.995568,0.045083,0.08253,0.000422,0.006826,0.005632,-0.152929,0.076388,0.36021,0.14572,0.021058,0.064895,-0.041901,-0.193901,-0.680086,-0.707025,-0.272082,-0.655148,0.704805,-0.942535,0.329032,-0.058006,-0.000366,-0.004076,0.005384,-0.305924,-0.33817,-0.173689,-1.140997
876,0.013295,0.024699,0.369557,0.290467,0.671836,-0.681403,0.233659,0.640767,0.731296,0.927575,-0.372466,0.029994,0.000564,0.000969,0.000807,0.816464,-1.531156,-0.443947,-1.892431,-0.192042,0.012168,0.333968,-0.037836,-0.781107,0.623243,0.14802,0.61232,0.776587,-0.988145,0.122609,0.091646,-0.012584,0.014024,0.012426,0.82623,-0.917153,2.468729,0.335952,0.033792,0.053846,-0.027585,-0.090602,0.771027,0.630323,-0.036657,-0.635079,0.771576,0.995211,0.0468,0.085803,-0.006267,0.007511,0.006628,-0.05934,-0.024606,0.24835,0.226386,0.021214,0.064779,-0.041844,-0.174064,-0.691927,-0.70067,-0.261839,-0.653396,0.71029,-0.949285,0.307098,-0.067441,0.006569,-0.002255,-0.001144,3.437649,-4.510366,-0.386409,-1.134629
877,0.013579,0.024523,0.369648,0.28494,0.676111,-0.679506,0.237739,0.636913,0.733345,0.928259,-0.371343,0.021596,0.000655,0.001128,0.000939,-0.09741,-0.129957,-0.06887,-1.89207,-0.192268,0.012632,0.334469,-0.036635,-0.783516,0.620284,0.148685,0.60941,0.778746,-0.988092,0.121734,0.093369,0.000827,0.012925,0.010544,0.001677,-0.015314,0.024353,0.380778,0.033674,0.054081,-0.027332,-0.093173,0.774751,0.625363,-0.039053,-0.630455,0.775242,0.994883,0.047809,0.088998,0.000424,0.006752,0.005511,0.003,-0.033163,0.045996,0.291539,0.021356,0.064691,-0.041799,-0.166058,-0.697323,-0.697255,-0.266258,-0.649104,0.712579,-0.949489,0.303979,-0.077879,0.000323,0.000563,0.000461,-0.077617,-0.106915,-0.05567,-1.134955
878,0.013777,0.024452,0.369633,0.282876,0.677429,-0.679055,0.239094,0.635837,0.733837,0.928545,-0.370783,0.018744,0.013521,-0.003441,-0.001636,-0.039314,-0.082821,0.026076,-1.892497,-0.192324,0.012886,0.334668,-0.041368,-0.783122,0.620483,0.15231,0.608705,0.778597,-0.987347,0.127692,0.093294,0.000793,0.01239,0.010084,0.019493,0.110001,-0.115127,0.393508,0.033646,0.054209,-0.027232,-0.088563,0.775209,0.625465,-0.042723,-0.630311,0.775165,0.995153,0.041929,0.088942,-0.00637,0.005621,0.005042,0.092208,0.115377,0.008671,0.318319,0.021448,0.064655,-0.041807,-0.163971,-0.698526,-0.696544,-0.267738,-0.648082,0.712954,-0.949436,0.303396,-0.080756,0.006402,-0.002336,-0.001337,-0.02946,-0.060352,0.006743,-1.135282
879,0.014002,0.024384,0.369637,0.272504,0.681862,-0.678859,0.233029,0.6378,0.734085,0.933188,-0.359081,0.01576,0.00059,0.00102,0.000848,0.100933,-0.110025,-0.00261,-1.892567,-0.19226,0.013292,0.334969,-0.046413,-0.782266,0.621206,0.155944,0.608468,0.778063,-0.986549,0.133961,0.092946,0.000583,0.009146,0.007416,0.00169,-0.015333,0.02434,0.404529,0.033678,0.054415,-0.027078,-0.083389,0.775146,0.626254,-0.04633,-0.630779,0.774578,0.995439,0.035577,0.088512,0.000278,0.004451,0.00361,0.000678,-0.016589,0.0242,0.346078,0.021567,0.064621,-0.041805,-0.153636,-0.702023,-0.695383,-0.261514,-0.649758,0.71374,-0.952893,0.291509,-0.083763,0.000359,0.000624,0.000514,0.347499,-0.360104,-0.005282,-1.133322
880,0.014184,0.02433,0.369724,0.266931,0.682964,-0.679966,0.237418,0.637235,0.733169,0.933699,-0.357988,0.008802,0.001091,0.001888,0.001569,-0.017958,-0.024096,-0.012757,-1.891675,-0.192161,0.013593,0.335195,-0.056225,-0.780843,0.622185,0.163151,0.6075,0.777341,-0.984859,0.146189,0.092433,0.000424,0.006696,0.005415,-0.009976,0.090491,-0.143637,0.405251,0.033727,0.054567,-0.026965,-0.07356,0.775474,0.627079,-0.053604,-0.630948,0.77397,0.995848,0.023319,0.087981,0.000182,0.002945,0.002384,0.000876,-0.016471,0.024206,0.356855,0.021652,0.064593,-0.041762,-0.14768,-0.702903,-0.695785,-0.265938,-0.649369,0.712457,-0.95261,0.290252,-0.09103,0.000757,0.001312,0.001085,0.004237,-0.014797,0.026231,-1.12973
881,0.014301,0.024331,0.369838,0.264882,0.684216,-0.679508,0.238936,0.636148,0.733619,0.933898,-0.35753,0.005872,0.001639,0.002838,0.002356,-0.000391,-0.014808,0.024765,-1.892379,-0.191996,0.013814,0.335233,-0.065906,-0.779471,0.622955,0.17059,0.606211,0.776751,-0.982985,0.158434,0.092211,0.000124,0.001979,0.001598,6.8e-05,8.4e-05,1e-05,0.399122,0.033805,0.054681,-0.026942,-0.063788,0.775752,0.627805,-0.061149,-0.630942,0.773416,0.996088,0.010946,0.087683,-0.000203,0.006768,-0.00308,0.038228,-0.028127,0.041436,0.356039,0.021716,0.064593,-0.041706,-0.145778,-0.703842,-0.695236,-0.267406,-0.648553,0.712651,-0.952492,0.289799,-0.093667,0.000809,0.001405,0.001162,0.008287,-0.0039,0.030742,-1.128423
882,0.014304,0.024308,0.369936,0.263008,0.685567,-0.678874,0.240423,0.634894,0.734219,0.934048,-0.357173,0.003006,0.000965,0.001671,0.001386,-0.08863,-0.119167,-0.063014,-1.891972,-0.191857,0.013917,0.335191,-0.070602,-0.778968,0.623069,0.17441,0.605257,0.776646,-0.981982,0.164473,0.092322,0.012909,0.012078,-0.008263,0.038396,-0.027727,0.046375,0.395091,0.033875,0.054729,-0.02696,-0.058999,0.775964,0.628012,-0.065029,-0.630759,0.773249,0.996137,0.004782,0.087674,2e-05,0.000335,0.000273,-0.012217,0.104785,-0.16805,0.353263,0.021717,0.064583,-0.041655,-0.144199,-0.704838,-0.694556,-0.268867,-0.64758,0.712986,-0.952321,0.289555,-0.096128,-0.000301,-0.003982,0.005467,-0.183635,-0.269724,0.054091,-1.13022
883,0.014286,0.024173,0.370191,0.26281,0.685139,-0.679383,0.241225,0.635132,0.73375,0.933897,-0.35757,0.002497,0.001028,0.001781,0.001476,-2.2e-05,-3e-05,-1.6e-05,-1.891904,-0.191512,0.01421,0.334915,-0.072975,-0.779445,0.622199,0.173797,0.60427,0.777552,-0.981915,0.165849,0.090564,0.0127,0.00884,-0.010877,0.017774,0.103706,-0.138933,0.37583,0.034047,0.054877,-0.027096,-0.056687,0.777021,0.626916,-0.064385,-0.629464,0.774356,0.996313,0.003532,0.085711,0.00638,0.004868,-0.005081,0.051389,-0.032914,0.039406,0.33677,0.021709,0.064515,-0.041528,-0.143759,-0.704557,-0.694933,-0.269728,-0.647743,0.712512,-0.952144,0.289873,-0.096921,-0.000365,-0.004089,0.005382,-0.028114,-0.068658,0.162781,-1.131036
884,0.014262,0.023945,0.370579,0.262842,0.684669,-0.679844,0.242371,0.635188,0.733324,0.933592,-0.358372,0.001862,4.6e-05,-0.006847,0.011867,-0.031898,0.009808,0.01214,-1.892168,-0.191062,0.014648,0.334415,-0.08294,-0.777295,0.623639,0.174316,0.604722,0.777084,-0.981018,0.17413,0.084534,0.012697,0.008957,-0.01078,-0.984973,1.124873,-2.256628,0.364985,0.034272,0.055091,-0.02735,-0.047856,0.777913,0.626546,-0.066164,-0.628356,0.775106,0.99666,-0.004362,0.08154,0.006059,0.009821,-0.009622,-0.100791,0.178677,0.221034,0.319462,0.021696,0.064399,-0.041336,-0.143808,-0.704077,-0.695409,-0.270819,-0.647888,0.711967,-0.951827,0.290717,-0.097506,2.6e-05,-0.003409,0.005946,-0.032212,0.010206,0.012096,-1.131689
885,0.014246,0.023817,0.370827,0.263016,0.684472,-0.679974,0.243022,0.635078,0.733204,0.933373,-0.358942,0.001546,0.000574,-0.005932,0.012625,-0.031896,0.009812,0.012142,-1.891812,-0.190799,0.014916,0.334124,-0.085315,-0.776912,0.623795,0.172923,0.604922,0.777239,-0.981058,0.175146,0.08193,0.01268,0.008767,-0.010931,0.015007,-0.08691,0.238947,0.36292,0.034398,0.055221,-0.027492,-0.043844,0.776435,0.62867,-0.063182,-0.63017,0.773881,0.997038,-0.00579,0.076686,0.006086,0.010348,-0.009194,0.036018,0.024726,0.021495,0.314726,0.021687,0.064337,-0.041218,-0.143983,-0.7039,-0.695552,-0.271442,-0.647823,0.711788,-0.951623,0.291288,-0.097793,0.000137,-0.003215,0.006107,-0.032625,0.023784,-0.013277,-1.132669
886,0.014269,0.023634,0.37124,0.266462,0.684079,-0.679028,0.241335,0.634722,0.734069,0.932829,-0.360324,0.004888,0.001784,0.003092,0.002554,0.122429,0.165433,0.086553,-1.892153,-0.190261,0.015383,0.33359,-0.095319,-0.775249,0.624415,0.165883,0.606021,0.777917,-0.98134,0.178695,0.070028,0.012632,0.008117,-0.011455,-0.044309,0.076441,0.035139,0.356428,0.034677,0.055461,-0.027767,-0.033665,0.776653,0.629027,-0.056009,-0.629861,0.774685,0.997862,-0.009151,0.064704,0.006322,0.003985,-0.005797,0.000529,0.041597,0.007691,0.306725,0.021701,0.064247,-0.041003,-0.147316,-0.703909,-0.694845,-0.270015,-0.647204,0.712893,-0.951519,0.292639,-0.094722,0.000887,0.001548,0.001278,0.153627,0.201006,0.109732,-1.130546
887,0.014215,0.023548,0.371453,0.273739,0.681049,-0.679179,0.236595,0.636788,0.733822,0.931927,-0.362411,0.014031,0.000324,0.000561,0.000463,0.061908,0.083573,0.04365,-1.892078,-0.189571,0.015779,0.333077,-0.103771,-0.770241,0.629247,0.158706,0.611624,0.775024,-0.981658,0.181249,0.057961,0.012062,0.01974,-0.019126,0.049288,-0.008566,0.060554,0.35302,0.035017,0.055651,-0.028017,-0.024401,0.773051,0.633873,-0.048041,-0.634236,0.771645,0.998546,-0.011623,0.052614,0.006317,0.003977,-0.005805,0.032703,0.006217,-0.045697,0.298397,0.021675,0.064206,-0.040894,-0.155295,-0.700952,-0.696095,-0.264687,-0.649355,0.712936,-0.951747,0.294963,-0.084692,0.000127,0.00023,0.00019,0.035399,0.059852,0.029699,-1.130056
888,0.014202,0.023536,0.371469,0.277726,0.678241,-0.680369,0.234097,0.639117,0.732598,0.931374,-0.363575,0.019578,4e-06,7e-06,6e-06,0.150674,0.203123,0.106071,-1.891615,-0.189207,0.016014,0.332805,-0.107247,-0.766434,0.6333,0.155658,0.616067,0.772119,-0.981768,0.18234,0.052412,0.02545,0.020201,-0.019693,-0.891923,0.909142,-2.307288,0.353154,0.035194,0.055767,-0.028154,-0.021292,0.77148,0.635896,-0.045509,-0.636129,0.770239,0.998736,-0.012539,0.048654,0.006325,0.004152,-0.005665,0.06192,-0.043868,0.041789,0.297417,0.021669,0.0642,-0.040887,-0.158779,-0.698867,-0.697405,-0.262379,-0.651098,0.712199,-0.951811,0.296067,-0.079987,-4.9e-05,-8.2e-05,-6.7e-05,0.212872,0.278531,0.148077,-1.133159
889,0.014126,0.02356,0.371443,0.279897,0.676992,-0.680723,0.23268,0.640103,0.732189,0.931076,-0.364168,0.022493,0.00171,0.009889,-0.009357,0.038974,-0.014539,0.017897,-1.89194,-0.188417,0.016427,0.332299,-0.095749,-0.761944,0.64052,0.143164,0.626137,0.766414,-0.984867,0.166031,0.048304,0.012678,0.00947,-0.010358,-0.07671,-0.026735,-0.147192,0.345407,0.035584,0.055973,-0.028407,-0.030879,0.763401,0.645186,-0.031017,-0.645915,0.762778,0.999041,0.003542,0.043624,0.013025,0.004481,-0.005898,-1.125844,-1.221833,-0.26054,0.292845,0.021629,0.064206,-0.040898,-0.161447,-0.697461,-0.6982,-0.26064,-0.652227,0.711805,-0.951841,0.296897,-0.076486,-0.000162,-0.00028,-0.000229,-0.014594,-0.013596,-0.008714,-1.122708
890,0.014125,0.023652,0.371231,0.279445,0.676967,-0.680934,0.232259,0.640483,0.73199,0.931318,-0.363543,0.022601,-0.001716,-0.002973,-0.002456,-0.000454,0.013643,-0.025382,-1.89216,-0.187529,0.016715,0.332031,-0.046508,-0.765335,0.641943,0.102111,0.635522,0.765257,-0.993558,0.102094,0.047764,0.026797,0.001466,-0.000728,-3.640209,-4.374762,-0.212664,0.32438,0.036033,0.05612,-0.028552,-0.075859,0.758837,0.646846,0.007523,-0.648261,0.76138,0.997089,0.062624,0.043468,0.013111,0.006715,-0.004044,-0.283133,-0.430874,0.051116,0.275047,0.02163,0.064259,-0.041005,-0.160776,-0.697557,-0.698257,-0.260327,-0.652438,0.711725,-0.95204,0.296204,-0.076697,-0.000887,-0.001541,-0.001272,-0.000708,0.012876,-0.02565,-1.121239
891,0.014205,0.023755,0.370956,0.280272,0.67837,-0.679196,0.230209,0.639422,0.733563,0.931576,-0.362796,0.023896,-0.000916,-0.001587,-0.001313,0.003082,-0.094262,0.175113,-1.891955,-0.186535,0.016982,0.332021,0.003576,-0.767223,0.641364,0.060898,0.640238,0.765715,-0.998074,0.037278,0.048185,0.026915,0.004552,0.00176,-3.552286,-4.154464,-0.374562,0.320425,0.03653,0.056254,-0.028557,-0.125893,0.752557,0.646381,0.049115,-0.646038,0.761723,0.990827,0.127643,0.04437,0.013477,0.002785,0.001301,0.007535,-0.044487,0.082117,0.253656,0.021668,0.064306,-0.041146,-0.161767,-0.69908,-0.696503,-0.258505,-0.651133,0.713581,-0.952368,0.295484,-0.075384,0.000432,0.004205,-0.005288,0.032398,-0.023715,0.013519,-1.119769
892,0.014225,0.023786,0.370839,0.280022,0.67834,-0.679329,0.230007,0.639637,0.733438,0.931702,-0.36247,0.02394,0.000463,0.007728,-0.011139,0.031895,-0.009813,-0.012142,-1.892474,-0.18605,0.017097,0.332066,0.003569,-0.767359,0.641202,0.060939,0.640074,0.76585,-0.998071,0.0373,0.048219,0.026912,0.004832,0.001977,0.004089,-0.030411,0.058491,0.325967,0.036772,0.056313,-0.028533,-0.130279,0.751845,0.64634,0.052851,-0.645703,0.761757,0.990067,0.133401,0.044385,0.006798,0.002828,0.001809,0.005165,-0.02926,0.053367,0.255288,0.021679,0.064323,-0.041203,-0.161402,-0.698968,-0.6967,-0.258294,-0.651429,0.713388,-0.952487,0.295096,-0.075398,0.000248,0.003886,-0.005551,0.03202,-0.009955,-0.012078,-1.120749
893,0.014224,0.023755,0.370686,0.279694,0.678251,-0.679553,0.22986,0.639928,0.733231,0.931837,-0.362123,0.023933,-0.00126,-0.002183,-0.001808,0.0,0.0,0.0,-1.892805,-0.18526,0.017167,0.332167,0.012479,-0.767306,0.641152,0.053148,0.640698,0.765908,-0.998456,0.025478,0.047949,0.027457,-0.00841,0.008296,-0.349476,-0.414751,0.041543,0.322442,0.037168,0.056357,-0.028481,-0.138619,0.750365,0.646325,0.060247,-0.645028,0.76178,0.988511,0.144536,0.044205,0.006707,0.000718,6.5e-05,-1.070784,-1.297731,-0.051643,0.256595,0.021678,0.064307,-0.04128,-0.161055,-0.698858,-0.696891,-0.258103,-0.651712,0.7132,-0.952598,0.294734,-0.075416,-0.000764,-0.00133,-0.001102,9.9e-05,-8.8e-05,8e-06,-1.122382
894,0.014184,0.023679,0.370636,0.279385,0.678052,-0.679878,0.229997,0.640219,0.732935,0.931897,-0.361982,0.023769,-0.000984,-0.001704,-0.001413,-0.000441,0.013671,-0.025367,-1.892592,-0.184513,0.017141,0.332205,0.047673,-0.762947,0.644694,0.028222,0.646093,0.762693,-0.998456,-0.01721,0.051501,0.013373,0.000714,-0.000405,-0.990004,0.767665,-2.434609,0.321699,0.037547,0.056342,-0.028458,-0.174233,0.74139,0.648061,0.084337,-0.644474,0.75996,0.981085,0.187066,0.049762,0.013357,0.000417,-0.000647,-0.28407,-0.375984,-0.18158,0.254309,0.021658,0.064269,-0.041305,-0.160712,-0.69863,-0.697199,-0.258188,-0.652027,0.71288,-0.952633,0.294577,-0.07559,-0.000113,-0.000195,-0.00016,6.9e-05,-5.8e-05,7e-06,-1.123361
895,0.014176,0.023667,0.370626,0.27922,0.677952,-0.680046,0.230056,0.640373,0.732782,0.931931,-0.361897,0.02369,-0.000385,-0.000666,-0.000552,0.0,0.0,0.0,-1.892647,-0.184183,0.017147,0.332173,0.072436,-0.760385,0.645415,0.010609,0.647559,0.761898,-0.997339,-0.047389,0.054141,0.013341,-0.000124,-0.001088,-1.027824,-1.241738,-0.276453,0.3215,0.037712,0.056345,-0.028475,-0.195883,0.733567,0.650775,0.102363,-0.64471,0.757542,0.975269,0.215005,0.051198,0.00676,-0.000175,-0.000867,-3.526093,-4.290276,-0.307336,0.253819,0.021653,0.064261,-0.041312,-0.160552,-0.698529,-0.697337,-0.258217,-0.652172,0.712737,-0.952652,0.294496,-0.075665,-0.000207,-0.000359,-0.000297,6e-05,-4.7e-05,4e-06,-1.123688
