frame,MLTx,MLTy,MLTz,MLTR1,MLTR2,MLTR3,MLTR4,MLTR5,MLTR6,MLTR7,MLTR8,MLTR9,MLTTVx,MLTTVy,MLTTVz,MLTRVx,MLTRVy,MLTRVz,MLGA,MRTx,MRTy,MRTz,MRTR1,MRTR2,MRTR3,MRTR4,MRTR5,MRTR6,MRTR7,MRTR8,MRTR9,MRTTVx,MRTTVy,MRTTVz,MRTRVx,MRTRVy,MRTRVz,MRGA,SLTx,SLTy,SLTz,SLTR1,SLTR2,SLTR3,SLTR4,SLTR5,SLTR6,SLTR7,SLTR8,SLTR9,SLTTVx,SLTTVy,SLTTVz,SLTRVx,SLTRVy,SLTRVz,SLGA,SRTx,SRTy,SRTz,SRTR1,SRTR2,SRTR3,SRTR4,SRTR5,SRTR6,SRTR7,SRTR8,SRTR9,SRTTVx,SRTTVy,SRTTVz,SRTRVx,SRTRVy,SRTRVz,SRGA
393,0.032423,0.04737,0.386883,-0.43313,-0.445066,-0.783811,0.274782,-0.893403,0.355384,-0.857891,-0.060902,0.510236,-0.007665,0.012298,0.007545,-0.11012,-0.173066,-0.096577,0.336089,-0.136089,0.079442,0.336812,0.982256,-0.145568,0.118211,0.085177,0.907651,0.41091,-0.16835,-0.39337,0.903759,-0.000636,0.004595,0.002805,0.024195,0.063055,-0.031735,-1.402254,0.021681,0.055772,-0.015151,-0.958746,0.151569,0.240481,-0.05878,-0.933411,0.353958,0.278117,0.325221,0.903815,0.006187,-0.002543,0.00505,0.054754,0.196682,-0.07904,-0.856747,0.053996,0.044891,-0.048417,-0.491635,-0.368635,-0.788924,0.132731,-0.927112,0.350491,-0.860625,0.067599,0.504731,0.001971,0.003834,0.002409,-0.161135,-0.165305,-0.271041,0.255204
394,0.032439,0.04756,0.386966,-0.434206,-0.448677,-0.781152,0.275869,-0.891713,0.35877,-0.856997,-0.059164,0.51194,-0.007741,0.012137,0.007436,-0.005592,0.094368,-0.18198,0.335034,-0.135947,0.079359,0.336942,0.981955,-0.145614,0.120635,0.084352,0.907989,0.410335,-0.170526,-0.392574,0.903697,-0.000331,0.002384,0.001454,0.0,0.0,-0.0,-1.40202,0.021752,0.055734,-0.015084,-0.958177,0.151413,0.242835,-0.058021,-0.933725,0.353257,0.280229,0.324393,0.903459,0.006368,-0.003849,0.004255,-0.036436,-0.011322,0.012246,-0.85838,0.054004,0.044986,-0.048375,-0.492864,-0.372171,-0.786494,0.133871,-0.925577,0.354095,-0.859746,0.069232,0.506006,0.001916,0.003732,0.002339,0.009952,0.001435,0.034767,0.257164
395,0.032546,0.047879,0.387142,-0.432035,-0.453857,-0.779362,0.282367,-0.888782,0.360981,-0.855981,-0.063551,0.513114,0.00359,0.006988,0.00437,4.307585,-2.008706,-2.810404,0.334207,-0.135744,0.079094,0.337074,0.979439,-0.15879,0.124404,0.094684,0.906165,0.412108,-0.179406,-0.391658,0.902375,0.001926,-0.013908,0.00568,-0.068434,0.03174,0.001881,-1.402225,0.021853,0.055603,-0.015016,-0.954921,0.164286,0.247253,-0.067967,-0.931775,0.356616,0.288971,0.323735,0.900938,0.000995,-0.007184,0.002695,-0.039646,0.018646,-0.001355,-0.856584,0.054055,0.045151,-0.048283,-0.492399,-0.376691,-0.78463,0.13912,-0.923964,0.356278,-0.859178,0.066273,0.507365,0.001698,0.003423,0.00207,4.302892,-2.012872,-2.812602,0.259286
396,0.03258,0.047854,0.387439,-0.41939,-0.4664,-0.778864,0.302715,-0.880691,0.364307,-0.85533,-0.082413,0.511513,-0.000428,-0.007486,0.010754,1.106756,-0.81858,-0.987354,0.317563,-0.135684,0.078917,0.337038,0.979099,-0.158439,0.12749,0.093292,0.906702,0.411245,-0.181988,-0.390559,0.902334,0.000573,-0.004109,-0.002511,-0.002365,0.017369,-0.022872,-1.402465,0.021883,0.055513,-0.015036,-0.954272,0.163677,0.250148,-0.066783,-0.932364,0.355298,0.291383,0.322346,0.90066,0.000299,-0.002144,-0.001313,-0.001675,0.016056,-0.023636,-0.8574,0.054075,0.045145,-0.048137,-0.484524,-0.388277,-0.783885,0.156918,-0.920139,0.358774,-0.860588,0.050829,0.506757,-0.005869,-0.00116,0.006909,-0.354261,-0.447976,-0.26162,0.249979
397,0.032251,0.047595,0.387853,-0.420012,-0.467235,-0.778028,0.302015,-0.880395,0.365602,-0.855272,-0.080844,0.511861,-0.013852,-0.006422,0.011259,-0.033521,0.037825,-0.04296,0.301434,-0.135674,0.078723,0.336909,0.977119,-0.169429,0.128543,0.103065,0.905669,0.411186,-0.187318,-0.388319,0.90221,-0.000764,0.005574,-0.010779,0.040038,0.02655,0.036048,-1.402017,0.021888,0.055416,-0.015095,-0.951965,0.174391,0.251692,-0.07634,-0.931187,0.356456,0.296535,0.32012,0.899772,0.000359,-0.002552,-0.001563,0.060705,0.208544,0.452896,-0.856094,0.053916,0.045017,-0.047929,-0.481873,-0.392612,-0.78336,0.161384,-0.918473,0.361056,-0.86125,0.047561,0.505949,-0.007052,-0.003445,0.005488,-0.032756,0.041102,-0.040859,0.225159
398,0.032017,0.047484,0.388024,-0.420288,-0.467709,-0.777593,0.301773,-0.880206,0.366254,-0.855221,-0.080149,0.512055,-0.014218,-0.007118,0.010826,-0.033486,0.03788,-0.042931,0.305372,-0.13567,0.078632,0.336855,0.977097,-0.169071,0.129178,0.102484,0.905745,0.411164,-0.187752,-0.388299,0.902128,0.000543,-0.003892,-0.002385,-0.0,0.0,0.0,-1.402116,0.02189,0.055367,-0.015129,-0.951868,0.174192,0.252198,-0.076004,-0.931254,0.356354,0.296934,0.320034,0.899671,0.000379,-0.002699,-0.001655,-0.002194,0.016974,-0.02366,-0.855114,0.053803,0.044959,-0.047845,-0.482246,-0.392997,-0.782937,0.161143,-0.918272,0.361673,-0.861087,0.04825,0.506162,-0.001476,-0.006179,0.003868,-0.033281,0.024049,-0.012512,0.22124
399,0.031535,0.04732,0.388206,-0.411367,-0.470333,-0.780775,0.310723,-0.877647,0.36491,-0.856363,-0.091914,0.508155,-0.002325,-0.004496,-0.00281,-0.003089,0.009571,-0.027523,0.318448,-0.13571,0.078412,0.336736,0.977061,-0.168365,0.130371,0.101358,0.905883,0.411142,-0.188556,-0.388287,0.901966,0.000729,-0.005234,-0.003213,-0.0,0.0,0.0,-1.401945,0.02187,0.055258,-0.015188,-0.951699,0.173295,0.253449,-0.074751,-0.931426,0.35617,0.297792,0.320021,0.899391,0.000436,-0.003112,-0.00191,-0.002499,0.017183,-0.02337,-0.857237,0.053558,0.044879,-0.047747,-0.473652,-0.397022,-0.786147,0.170289,-0.917067,0.36054,-0.864092,0.036898,0.501979,-0.00799,-0.005241,0.00437,-0.024497,0.066944,-0.063256,0.23169
400,0.031244,0.047176,0.388183,-0.400252,-0.471169,-0.786029,0.312938,-0.87643,0.365941,-0.860823,-0.09893,0.499223,-0.013984,5e-05,-0.000148,-0.103504,-0.14437,-0.113168,0.31218,-0.135727,0.07822,0.336622,0.977043,-0.168026,0.130938,0.100822,0.905953,0.411118,-0.188935,-0.38827,0.901894,-0.01105,-0.00482,-0.002009,-0.002045,0.015205,-0.029245,-1.40222,0.021867,0.055158,-0.015248,-0.95163,0.172916,0.253967,-0.074228,-0.9315,0.356084,0.298144,0.320009,0.899279,0.000262,-0.001869,-0.001147,-0.000102,-0.000132,-0.00033,-0.860339,0.05341,0.044801,-0.047762,-0.462904,-0.399431,-0.791311,0.172628,-0.916247,0.36151,-0.869435,0.030742,0.493088,-0.001366,-0.002633,-0.001642,-0.127516,-0.177812,-0.130339,0.234303
401,0.031171,0.04714,0.388056,-0.389169,-0.475261,-0.789126,0.321586,-0.872841,0.367018,-0.862728,-0.110355,0.493507,-0.003315,-0.006394,-0.004009,-0.124321,-0.184901,-0.122526,0.301581,-0.135727,0.07816,0.336585,0.977038,-0.167926,0.131108,0.100663,0.905974,0.411112,-0.18905,-0.388265,0.901872,0.000292,-0.002103,-0.001294,-0.0,0.0,0.0,-1.401966,0.021863,0.055126,-0.015267,-0.951606,0.172782,0.254146,-0.074044,-0.931526,0.356054,0.298264,0.320005,0.899241,0.000162,-0.001152,-0.000708,-7.8e-05,-9.6e-05,-0.000279,-0.860992,0.053371,0.044787,-0.047823,-0.452558,-0.405138,-0.794388,0.18173,-0.914042,0.36263,-0.87302,0.019747,0.487282,-0.001561,-0.003016,-0.001886,-0.153126,-0.236384,-0.13852,0.227935
402,0.030958,0.047076,0.387771,-0.36434,-0.482868,-0.796329,0.337669,-0.865396,0.370189,-0.867441,-0.133427,0.479344,-0.00348,-0.006702,-0.004215,-0.166445,-0.258691,-0.136255,0.265279,-0.135686,0.07805,0.336526,0.977012,-0.167599,0.131714,0.100116,0.906032,0.411116,-0.189473,-0.38827,0.901781,0.000392,-0.00282,-0.001737,-0.0,0.0,0.0,-1.401865,0.021883,0.055074,-0.015295,-0.951521,0.172402,0.254721,-0.073493,-0.931594,0.355992,0.298671,0.320014,0.899102,0.0002,-0.001424,-0.000877,-6.7e-05,-6.9e-05,-0.000184,-0.861482,0.053263,0.044753,-0.047967,-0.429131,-0.416464,-0.8015,0.198772,-0.909149,0.365974,-0.881099,-0.002265,0.472926,-0.002094,-0.004043,-0.002537,-0.207361,-0.397426,-0.023765,0.188745
403,0.03071,0.046877,0.387609,-0.347216,-0.479224,-0.806121,0.336829,-0.865955,0.369648,-0.874778,-0.142587,0.463097,-0.003176,-0.006106,-0.003851,-0.168783,-0.349007,0.008299,0.250229,-0.135745,0.077904,0.336454,0.97699,-0.167127,0.132479,0.099375,0.906119,0.411105,-0.189981,-0.388272,0.901673,0.000532,-0.003833,-0.002363,-0.002356,0.017363,-0.022877,-1.401759,0.021853,0.055006,-0.015329,-0.951426,0.171882,0.255426,-0.072771,-0.931688,0.355892,0.299149,0.320018,0.898942,0.000233,-0.001671,-0.001028,-5e-05,-3.9e-05,-0.00013,-0.862299,0.053143,0.044651,-0.04805,-0.412195,-0.415372,-0.810901,0.198147,-0.909594,0.365205,-0.889287,-0.010142,0.457235,-0.001692,-0.003259,-0.002049,-0.29775,-0.432706,-0.266703,0.154617
404,0.030574,0.046823,0.387515,-0.341661,-0.480196,-0.807914,0.340581,-0.86446,0.36971,-0.875518,-0.148254,0.459908,-0.015224,-0.002253,-0.001628,-0.022831,-0.104507,0.099824,0.243058,-0.135772,0.077847,0.336421,0.976985,-0.166992,0.132688,0.099169,0.906146,0.411094,-0.190117,-0.388266,0.901647,0.000362,-0.002608,-0.001609,-0.0,0.0,0.0,-1.401792,0.02184,0.054972,-0.015348,-0.951399,0.171718,0.255641,-0.072549,-0.931721,0.355853,0.299293,0.320012,0.898896,0.000181,-0.001302,-0.000803,-3.8e-05,-4.7e-05,-0.000102,-0.862135,0.053075,0.044624,-0.048096,-0.405769,-0.417601,-0.812994,0.201697,-0.908498,0.365989,-0.891442,-0.015472,0.452869,-0.001666,-0.003205,-0.002018,0.013896,-0.082352,0.17951,0.144493
405,0.030082,0.046793,0.387246,-0.326559,-0.483191,-0.812361,0.359199,-0.858426,0.366132,-0.873858,-0.171641,0.454904,-0.016349,-0.004358,-0.00298,0.001198,-0.066778,0.119707,0.235042,-0.135839,0.077762,0.336376,0.976972,-0.166675,0.13318,0.098684,0.906211,0.411068,-0.190436,-0.388252,0.901586,0.000225,-0.001623,-0.001002,-0.016247,0.119831,-0.157881,-1.402081,0.021806,0.05493,-0.01537,-0.951356,0.171445,0.255981,-0.072185,-0.931774,0.355787,0.299515,0.320003,0.898825,0.000133,-0.000953,-0.000586,-3e-05,-1.1e-05,-7.8e-05,-0.862625,0.05283,0.044612,-0.04823,-0.3917,-0.422662,-0.817268,0.221273,-0.905449,0.362214,-0.893089,-0.03896,0.448188,-0.008195,-0.002228,-0.001509,0.003979,0.040656,-0.050851,0.125551
406,0.02966,0.046687,0.387046,-0.317133,-0.478132,-0.819061,0.361135,-0.859444,0.361814,-0.876538,-0.180461,0.446252,-0.015105,-0.001934,-0.001458,-0.049264,-0.048798,-0.095061,0.244251,-0.136034,0.077704,0.336367,0.976969,-0.166278,0.133692,0.098115,0.906279,0.411054,-0.190744,-0.388263,0.901516,-0.011514,-0.001614,-3.7e-05,-0.002045,0.015205,-0.029245,-1.402418,0.021714,0.054899,-0.015376,-0.951289,0.170946,0.256566,-0.071525,-0.931863,0.355687,0.299888,0.320011,0.898698,-8e-06,5.5e-05,3.6e-05,-2.1e-05,-1.5e-05,-5.2e-05,-0.862135,0.052616,0.044552,-0.048334,-0.38148,-0.418908,-0.824006,0.222908,-0.906801,0.357803,-0.897097,-0.047183,0.439304,-0.000514,0.002345,-0.006276,-0.015476,-0.179538,0.11681,0.12996
407,0.029551,0.046856,0.38679,-0.313967,-0.475524,-0.821795,0.359928,-0.860553,0.360376,-0.878176,-0.182056,0.442367,0.001321,0.009178,-0.009713,0.031275,-0.025178,0.012318,0.244864,-0.136385,0.077636,0.336333,0.976455,-0.169502,0.133399,0.100137,0.903719,0.416171,-0.192329,-0.392804,0.89921,-0.011351,-0.002816,-0.00078,-0.047122,0.047744,0.000134,-1.402267,0.021538,0.054869,-0.015391,-0.950692,0.174231,0.256566,-0.072784,-0.929516,0.361526,0.301471,0.325026,0.896366,-0.005653,-0.001568,-0.000483,-0.018227,0.038602,0.001446,-0.858706,0.052553,0.044628,-0.048461,-0.378017,-0.416884,-0.826625,0.221559,-0.907669,0.356437,-0.898895,-0.048407,0.43548,-0.006129,0.001741,0.000997,0.010368,-0.066316,0.152386,0.134369
408,0.029524,0.047049,0.386666,-0.308769,-0.476286,-0.823321,0.358497,-0.860041,0.363017,-0.880607,-0.182484,0.43733,0.00203,0.010525,-0.008852,-0.123556,-0.27584,-0.120739,0.247599,-0.136665,0.077557,0.33633,0.975503,-0.174841,0.133474,0.103475,0.899946,0.423467,-0.19539,-0.399064,0.895787,-0.01138,-0.002618,-0.000658,-0.495946,0.372244,0.292931,-1.402092,0.021402,0.05483,-0.015392,-0.950176,0.177774,0.256047,-0.074491,-0.927126,0.36727,0.302679,0.329899,0.894175,-0.011418,-0.002338,-0.00048,-0.053759,0.082633,-0.000759,-0.859033,0.052541,0.04473,-0.048525,-0.373501,-0.41818,-0.828022,0.220352,-0.907069,0.358706,-0.901078,-0.048479,0.430937,0.001108,0.005432,-0.004315,-0.163138,-0.332194,-0.149672,0.135512
409,0.02959,0.047389,0.386428,-0.303324,-0.476636,-0.82514,0.357327,-0.859629,0.36514,-0.882977,-0.183503,0.432093,0.014037,0.006566,-0.011136,0.019321,-0.060897,0.030686,0.252764,-0.137234,0.077405,0.336275,0.973643,-0.183778,0.135042,0.108548,0.893934,0.434779,-0.20185,-0.408431,0.890114,-0.011076,-0.004932,-0.00209,-0.21787,0.078963,0.255665,-1.402285,0.021108,0.054756,-0.015418,-0.947389,0.188201,0.258907,-0.078603,-0.920902,0.381784,0.31028,0.341347,0.887246,-0.005534,-0.002498,-0.001056,-0.175765,0.06624,0.252243,-0.855114,0.052576,0.044904,-0.048642,-0.367384,-0.419681,-0.829997,0.218968,-0.906349,0.361365,-0.903925,-0.048983,0.424875,0.007057,0.003346,-0.005528,0.048165,-0.018411,0.052685,0.14384
410,0.029697,0.047665,0.38615,-0.297899,-0.4772,-0.82679,0.356217,-0.859108,0.367442,-0.885276,-0.184469,0.426948,0.001754,0.009996,-0.009178,0.030928,-0.02576,0.012,0.250114,-0.137746,0.077214,0.336212,0.971976,-0.195912,0.129895,0.118356,0.885053,0.450119,-0.204374,-0.421886,0.883237,-0.011344,-0.002977,-0.000884,-0.243166,0.189336,0.127762,-1.402637,0.020862,0.054657,-0.015453,-0.946143,0.200339,0.254316,-0.086363,-0.913257,0.398123,0.312016,0.354718,0.881374,-0.005637,-0.00175,-0.000596,-0.373283,0.278516,0.194094,-0.849725,0.05263,0.04504,-0.048776,-0.36233,-0.420978,-0.83156,0.218001,-0.905715,0.363531,-0.906196,-0.049563,0.419942,0.000851,0.004941,-0.004625,0.044815,-0.00484,0.022954,0.143187
411,0.029752,0.047769,0.38603,-0.295232,-0.477574,-0.82753,0.355609,-0.858821,0.368701,-0.886416,-0.184837,0.424415,0.011671,-0.004582,-0.002687,-0.019991,-0.048821,0.011324,0.25114,-0.137851,0.077215,0.336222,0.97093,-0.20241,0.12774,0.123552,0.880669,0.457265,-0.206277,-0.427935,0.879878,-0.000226,0.00172,0.001063,-0.272854,0.196343,0.17712,-1.402847,0.020801,0.054649,-0.015452,-0.945256,0.206875,0.252373,-0.090667,-0.909418,0.405879,0.313479,0.360778,0.87839,-6.2e-05,0.000461,0.000293,-0.430769,0.185676,0.413584,-0.853481,0.052652,0.045093,-0.048835,-0.359681,-0.421798,-0.832295,0.217389,-0.905326,0.364863,-0.907397,-0.049697,0.417323,-3.1e-05,-6.5e-05,-4.5e-05,-0.011239,-0.020961,-0.011592,0.143187
412,0.029854,0.047864,0.385905,-0.295056,-0.477447,-0.827666,0.355927,-0.858795,0.368455,-0.886347,-0.185287,0.424364,-0.0,-0.0,-0.0,-5e-06,-9e-06,-5e-06,0.245272,-0.137801,0.077233,0.336314,0.967997,-0.21433,0.130518,0.1301,0.873115,0.469764,-0.215863,-0.43748,0.872856,0.00127,-0.009419,0.008446,-0.26686,0.174546,0.130543,-1.4028,0.020825,0.054666,-0.015406,-0.941561,0.219089,0.255852,-0.095774,-0.902348,0.420231,0.322936,0.37117,0.8706,0.00557,0.002245,0.000909,-0.241339,0.152503,0.22591,-0.851358,0.052709,0.045143,-0.048902,-0.359739,-0.421556,-0.832392,0.217834,-0.905409,0.364392,-0.907268,-0.050237,0.41754,7e-06,6e-06,0.0,0.000494,0.001394,0.000812,0.142207
413,0.029796,0.047712,0.385949,-0.29524,-0.477899,-0.82734,0.355795,-0.858638,0.368948,-0.886339,-0.184847,0.424573,-0.001431,-0.002728,-0.001738,-0.0,-0.0,-0.0,0.226305,-0.137641,0.077421,0.336521,0.963125,-0.229487,0.140422,0.135384,0.864183,0.484555,-0.233764,-0.447386,0.86317,-0.001099,0.008307,0.00512,-0.624125,0.432906,0.426605,-1.402646,0.020907,0.054749,-0.015304,-0.935784,0.231843,0.265622,-0.098604,-0.895419,0.434167,0.338502,0.380095,0.86078,0.005202,0.004979,0.002589,-0.171598,0.111089,0.197606,-0.856094,0.052682,0.045071,-0.048878,-0.36001,-0.421967,-0.832067,0.217716,-0.905242,0.364877,-0.907188,-0.049795,0.417765,-0.000787,-0.001505,-0.000957,-0.000232,0.000123,0.000139,0.125388
414,0.029499,0.047405,0.386042,-0.295051,-0.476561,-0.828179,0.355289,-0.859322,0.367841,-0.886605,-0.185125,0.423896,-0.002988,-0.005687,-0.003631,-0.000397,0.013772,-0.025313,0.211391,-0.137565,0.077712,0.336691,0.957988,-0.245087,0.148936,0.141217,0.854867,0.499193,-0.250873,-0.456879,0.853339,-0.000814,0.006132,0.00377,-0.621716,0.334149,0.567863,-1.402588,0.020943,0.054904,-0.015213,-0.929329,0.246787,0.274667,-0.102521,-0.887054,0.450138,0.354733,0.390168,0.849666,-0.000483,0.003628,0.002227,-0.168995,0.127445,0.172109,-0.852501,0.052536,0.044921,-0.04883,-0.359606,-0.420634,-0.832916,0.217102,-0.905849,0.363734,-0.907496,-0.050027,0.41707,-0.008219,-0.005558,0.004118,-0.034243,0.052912,-0.069513,0.103671
415,0.029267,0.047281,0.386064,-0.294645,-0.474846,-0.829308,0.355028,-0.860099,0.366275,-0.886845,-0.185922,0.423044,-0.015055,-0.00181,-0.0014,-0.001383,0.028481,-0.05487,0.201129,-0.137559,0.077858,0.336768,0.957759,-0.245467,0.149782,0.139349,0.851576,0.505305,-0.252794,-0.462778,0.849585,-0.000865,0.006517,0.004002,-0.420986,0.191952,0.153338,-1.402491,0.020947,0.054976,-0.015175,-0.928656,0.248215,0.275654,-0.100514,-0.883708,0.457118,0.357062,0.396798,0.84561,0.005359,0.003758,0.00183,-0.643991,0.106152,-0.078694,-0.847276,0.052423,0.044856,-0.04882,-0.358929,-0.418967,-0.834047,0.216723,-0.90658,0.362136,-0.907854,-0.050776,0.416198,-0.001615,-0.003067,-0.001957,-0.000599,0.001493,-0.002109,0.093547
416,0.028664,0.046971,0.386068,-0.293718,-0.470613,-0.832045,0.354273,-0.862029,0.362448,-0.887455,-0.187735,0.420959,-0.01651,-0.004504,-0.003146,0.001395,-0.066458,0.119883,0.18401,-0.137452,0.07805,0.336853,0.958076,-0.243876,0.150353,0.136458,0.849632,0.509352,-0.253171,-0.467172,0.847064,0.011039,0.005003,0.00212,-0.003555,-0.02694,0.057211,-1.402381,0.020995,0.055076,-0.01513,-0.928592,0.247607,0.276416,-0.097627,-0.881614,0.461762,0.358028,0.401804,0.842834,-0.000135,0.001014,0.000619,0.030502,-0.012155,-0.004959,-0.843684,0.052122,0.044702,-0.048817,-0.357385,-0.415029,-0.836675,0.215747,-0.908296,0.3584,-0.908696,-0.052423,0.414153,-0.008324,-0.002379,-0.001645,-0.001977,0.030121,-0.057258,0.069053
417,0.027937,0.046754,0.38593,-0.291445,-0.46157,-0.837889,0.353409,-0.865885,0.354003,-0.888551,-0.192377,0.416528,-0.017159,-0.005643,-0.00391,0.011717,-0.012253,0.006233,0.167272,-0.137483,0.077952,0.336872,0.958007,-0.24313,0.151992,0.134977,0.849834,0.509409,-0.254228,-0.467194,0.846735,0.000373,-0.002806,-0.001721,-1e-06,1e-06,1e-06,-1.402084,0.020983,0.055035,-0.015116,-0.928468,0.246474,0.277841,-0.096101,-0.882021,0.461304,0.358762,0.401606,0.842616,0.000248,-0.001865,-0.001143,-0.002854,0.014818,-0.027037,-0.847113,0.051758,0.044592,-0.048888,-0.353677,-0.406268,-0.842531,0.214305,-0.911983,0.349797,-0.910486,-0.056844,0.409613,-0.014557,-0.000743,-0.000741,0.046675,-0.195628,0.306442,0.044069
418,0.027522,0.046654,0.385859,-0.290842,-0.459199,-0.8394,0.353167,-0.86688,0.351801,-0.888845,-0.193566,0.415348,-0.029328,-0.001815,-0.001736,0.000399,-0.051734,0.090335,0.166674,-0.137527,0.077885,0.336835,0.958554,-0.240986,0.151955,0.133705,0.851264,0.507352,-0.252827,-0.465703,0.847975,0.000433,-0.003258,-0.001999,0.223031,-0.158969,-0.143501,-1.402326,0.020962,0.054997,-0.015137,-0.928861,0.244935,0.277891,-0.095342,-0.882996,0.459593,0.357948,0.400404,0.843534,0.000243,-0.00183,-0.001123,0.312514,-0.198761,-0.163633,-0.847113,0.051555,0.04454,-0.048924,-0.352736,-0.4041,-0.843966,0.213964,-0.912877,0.347669,-0.910931,-0.057943,0.408467,-0.008928,-0.003454,-0.002361,-0.002516,0.031998,-0.060132,0.035742
419,0.026657,0.046444,0.38572,-0.28957,-0.453916,-0.842707,0.352517,-0.869101,0.34694,-0.88952,-0.196047,0.412732,-0.017422,-0.005981,-0.004185,0.001375,-0.066441,0.119892,0.157794,-0.137665,0.077671,0.336707,0.9585,-0.240274,0.153416,0.132395,0.851542,0.50723,-0.253722,-0.465565,0.847784,0.000633,-0.004783,-0.00294,4.8e-05,-3.4e-05,-3.1e-05,-1.402067,0.020893,0.054889,-0.015202,-0.92893,0.243292,0.279101,-0.093613,-0.883647,0.458698,0.358224,0.399971,0.843621,0.000384,-0.002886,-0.001772,-0.006013,0.017428,-0.024494,-0.848419,0.051127,0.044435,-0.048994,-0.350649,-0.399044,-0.847235,0.213002,-0.914948,0.34278,-0.911961,-0.060267,0.405823,-0.008895,-0.003339,-0.002305,0.000899,-0.06494,0.117677,0.027904
420,0.025749,0.046334,0.385608,-0.297346,-0.450147,-0.84202,0.343222,-0.873336,0.345623,-0.890579,-0.185677,0.415235,-0.029001,-0.00092,-0.001236,0.090459,0.095632,0.169099,0.139959,-0.13768,0.077451,0.336618,0.959013,-0.237848,0.15399,0.130555,0.853016,0.505225,-0.252731,-0.464112,0.848875,0.002169,-0.016208,0.004263,-0.035199,0.008364,-0.01938,-1.401368,0.020885,0.054781,-0.01525,-0.929475,0.240713,0.279521,-0.091992,-0.885064,0.456286,0.357228,0.398393,0.844789,0.00034,-0.002564,-0.001578,-0.015161,0.021039,-0.023199,-0.848582,0.050667,0.044377,-0.049052,-0.35753,-0.394277,-0.846591,0.203077,-0.917641,0.341604,-0.911554,-0.04979,0.408153,-0.008666,-0.002864,-0.002009,0.128895,0.243972,0.05914,0.0039
421,0.024723,0.046298,0.385469,-0.296858,-0.449731,-0.842415,0.343702,-0.873364,0.345074,-0.890557,-0.186549,0.414891,-0.029884,-0.0024,-0.002247,-0.002341,0.043217,-0.084412,0.144585,-0.137606,0.07729,0.336546,0.960093,-0.233793,0.15347,0.128377,0.855711,0.50121,-0.249716,-0.461211,0.851346,0.000328,-0.002479,-0.001529,0.038417,-0.027605,-0.024875,-1.401511,0.020923,0.054692,-0.015286,-0.930743,0.236626,0.278789,-0.090373,-0.887603,0.451654,0.354328,0.395179,0.847516,0.00019,-0.001425,-0.000879,0.005768,-0.017965,-0.025446,-0.849072,0.050156,0.044363,-0.049119,-0.357223,-0.393698,-0.84699,0.203605,-0.917839,0.340758,-0.911556,-0.050724,0.408032,-0.01509,-0.001479,-0.001288,-0.004065,0.055021,-0.111569,-0.004101
422,0.024186,0.046192,0.3854,-0.295737,-0.445801,-0.844894,0.343433,-0.874923,0.341372,-0.891035,-0.188661,0.412906,-0.018857,-0.008334,-0.005827,0.001292,-0.053807,0.096207,0.146995,-0.137568,0.077272,0.336532,0.960652,-0.231998,0.152695,0.127735,0.856982,0.499198,-0.247881,-0.459758,0.852667,5.3e-05,-0.000401,-0.000247,0.027437,-0.019707,-0.01776,-1.401685,0.020942,0.05468,-0.015295,-0.931447,0.234824,0.277962,-0.089918,-0.888742,0.4495,0.35259,0.393692,0.848932,1.2e-05,-8.1e-05,-5e-05,-0.007783,-0.007879,-0.016259,-0.848745,0.049895,0.044315,-0.04915,-0.355472,-0.389982,-0.849443,0.203134,-0.91931,0.337051,-0.912346,-0.052739,0.406008,-0.015307,-0.001835,-0.001537,0.000191,0.035037,-0.073097,-0.000346
423,0.023221,0.045955,0.385236,-0.295837,-0.434585,-0.850684,0.337276,-0.880693,0.332561,-0.89335,-0.187998,0.40818,-0.018886,-0.008256,-0.005829,-0.039454,0.043353,-0.0366,0.146744,-0.137504,0.077251,0.336567,0.960633,-0.231887,0.152983,0.127468,0.856964,0.499297,-0.248092,-0.459849,0.852556,0.011435,0.002242,0.000428,0.00205,-0.015209,0.029241,-1.401276,0.02097,0.054671,-0.015276,-0.931354,0.234719,0.278362,-0.089472,-0.888582,0.449905,0.352949,0.394116,0.848586,-6.9e-05,0.000515,0.000317,-0.001213,0.000717,0.000562,-0.851848,0.0494,0.044193,-0.049235,-0.353784,-0.378819,-0.855179,0.196238,-0.924023,0.328132,-0.914509,-0.05173,0.401244,-0.015545,-0.002174,-0.001791,-0.129547,0.017206,0.119015,0.001451
424,0.02237,0.045718,0.384978,-0.295995,-0.423374,-0.856263,0.330832,-0.886371,0.323836,-0.895703,-0.186906,0.403497,-0.018716,-0.007827,-0.005598,0.001292,-0.066474,0.119877,0.148073,-0.137456,0.077223,0.336739,0.960587,-0.231405,0.153999,0.126449,0.856916,0.499639,-0.248794,-0.460182,0.852172,0.001087,-0.008005,0.00932,-0.03664,0.00937,-0.018466,-1.401608,0.020998,0.05466,-0.015194,-0.931202,0.234207,0.279302,-0.088474,-0.88857,0.450127,0.353602,0.394448,0.84816,-0.000316,0.002367,0.001457,0.002368,-0.017179,0.023173,-0.852338,0.048973,0.044072,-0.049365,-0.352259,-0.367808,-0.860598,0.189052,-0.928547,0.319466,-0.916609,-0.050163,0.396624,-0.015406,-0.00184,-0.0016,-0.003315,0.06023,-0.114877,0.001777
425,0.022032,0.045585,0.384859,-0.298176,-0.419919,-0.857207,0.325127,-0.88902,0.322348,-0.897065,-0.182069,0.402682,-0.017947,-0.006389,-0.004663,-0.010226,-0.062151,0.125281,0.148393,-0.137446,0.077148,0.336864,0.96056,-0.231043,0.154708,0.125695,0.856845,0.49995,-0.249282,-0.460494,0.851861,0.001152,-0.008494,0.009021,-0.05269,0.128935,-0.176568,-1.401235,0.021003,0.054622,-0.015127,-0.9311,0.233791,0.279988,-0.087671,-0.888525,0.450373,0.35407,0.394795,0.847803,0.000562,-0.004165,0.004561,-0.052615,0.129072,-0.176365,-0.852828,0.048796,0.044,-0.049428,-0.353869,-0.364,-0.861556,0.182985,-0.930303,0.317887,-0.917219,-0.045162,0.395812,-0.008926,-0.003116,-0.002264,-0.009927,-0.061632,0.12435,0.004227
426,0.021827,0.045435,0.384602,-0.302481,-0.413543,-0.858797,0.314037,-0.893918,0.319786,-0.899565,-0.172457,0.401334,-0.000561,0.005661,-0.012089,0.031775,-0.010056,-0.012258,0.124525,-0.137347,0.076871,0.337201,0.960529,-0.230466,0.15576,0.124379,0.856453,0.50095,-0.250064,-0.461513,0.85108,0.000996,-0.007319,0.00975,-0.034313,-0.007964,0.004438,-1.401433,0.021052,0.054488,-0.014966,-0.93096,0.233157,0.28098,-0.086279,-0.888243,0.451198,0.354779,0.395805,0.847035,-0.000283,0.002093,0.001286,0.002355,-0.017206,0.023062,-0.852501,0.048691,0.043918,-0.049555,-0.357156,-0.357014,-0.863122,0.17125,-0.933434,0.315235,-0.918211,-0.035221,0.39452,0.00583,0.000832,-0.007165,0.036078,-0.119898,0.191638,-0.002632
427,0.022293,0.045532,0.384358,-0.306857,-0.408638,-0.859593,0.303658,-0.897981,0.318426,-0.901638,-0.16281,0.400711,0.028038,0.005253,-0.01154,0.031044,-0.065733,0.099095,0.085998,-0.137293,0.076597,0.337544,0.960519,-0.23001,0.156488,0.123323,0.856013,0.501963,-0.250623,-0.462556,0.850348,0.001035,-0.007615,0.009574,-0.034314,-0.00796,0.004441,-1.401538,0.021079,0.05435,-0.01479,-0.930876,0.232647,0.281681,-0.085088,-0.887883,0.452131,0.355287,0.39691,0.846305,-0.000219,0.001605,0.000984,1e-05,4.1e-05,9.8e-05,-0.850378,0.04891,0.043961,-0.049681,-0.360751,-0.351559,-0.863865,0.160401,-0.935822,0.313859,-0.918765,-0.02534,0.393989,0.007111,-0.000181,8.2e-05,-0.009913,-0.010448,0.034469,-0.052599
428,0.023411,0.045693,0.384281,-0.314751,-0.415424,-0.853463,0.30019,-0.896561,0.325633,-0.900067,-0.153198,0.407966,0.030321,0.002886,0.0027,-0.037738,0.100948,-0.114507,0.076587,-0.137273,0.076387,0.337811,0.960083,-0.229291,0.160178,0.120928,0.856425,0.501844,-0.253459,-0.462152,0.849728,-0.00037,0.002783,0.001706,0.0,0.0,-0.0,-1.401479,0.021089,0.054243,-0.014652,-0.930035,0.231662,0.285249,-0.082722,-0.888314,0.451724,0.358038,0.396523,0.845327,0.000585,-0.004353,0.004456,-0.034852,-0.009613,0.005581,-0.850378,0.049469,0.044043,-0.049724,-0.369796,-0.356894,-0.857832,0.157241,-0.934003,0.3208,-0.91571,-0.016256,0.401508,0.022465,0.004986,-0.004028,-0.135878,0.387681,-0.596992,-0.083297
429,0.024208,0.045871,0.384181,-0.316971,-0.422208,-0.849302,0.300902,-0.893965,0.332048,-0.899047,-0.149789,0.411466,0.045012,0.010331,-0.007829,-0.463523,1.432268,-2.130161,0.076782,-0.137279,0.076299,0.337898,0.960062,-0.229004,0.160716,0.120337,0.856362,0.502092,-0.253822,-0.46241,0.849479,-0.000126,0.000951,0.000583,0.0,-0.0,-0.0,-1.40128,0.021086,0.054203,-0.014607,-0.929963,0.231341,0.285743,-0.082113,-0.888274,0.451913,0.358365,0.3968,0.845058,-5.4e-05,0.000371,0.000228,-6.3e-05,-0.000173,0.000164,-0.848582,0.049863,0.044132,-0.049768,-0.371885,-0.361329,-0.855068,0.157862,-0.932333,0.325322,-0.914757,-0.014001,0.403761,0.022934,0.00594,-0.003419,0.036426,-0.107678,0.161785,-0.089012
430,0.026162,0.046193,0.384153,-0.324162,-0.434221,-0.840486,0.302167,-0.889429,0.342903,-0.896047,-0.142278,0.420577,0.058608,0.002881,0.003261,-0.008631,-0.059309,0.133216,0.080847,-0.137358,0.076231,0.337949,0.959637,-0.22859,0.163812,0.118685,0.857024,0.501356,-0.256205,-0.461389,0.849319,-0.0,3e-06,2e-06,0.0,0.0,-0.0,-1.401648,0.021047,0.054167,-0.014582,-0.929197,0.230701,0.288735,-0.080572,-0.888906,0.450947,0.360693,0.395756,0.844557,8e-06,-6.8e-05,-4e-05,-0.000104,-0.000327,0.000233,-0.847439,0.050856,0.044295,-0.049785,-0.381961,-0.374389,-0.844948,0.160166,-0.927251,0.338453,-0.910193,-0.006056,0.414138,0.029464,0.001738,0.001799,-0.007941,-0.073293,0.145062,-0.092768
431,0.028308,0.046577,0.384258,-0.327047,-0.451399,-0.830256,0.308068,-0.881486,0.357838,-0.892981,-0.138191,0.428387,0.047942,0.01019,0.007541,-0.000462,-0.059576,0.120927,0.11377,-0.137426,0.076213,0.337901,0.959619,-0.228403,0.164179,0.118376,0.857137,0.501236,-0.256417,-0.461272,0.849318,0.000159,-0.001198,-0.000735,0.0,-0.0,-0.0,-1.401395,0.021013,0.054158,-0.014606,-0.929143,0.230489,0.28908,-0.080283,-0.889014,0.450787,0.360898,0.395637,0.844525,0.000105,-0.000785,-0.00048,-7e-06,-3e-06,1.9e-05,-0.846623,0.051933,0.044493,-0.049729,-0.387451,-0.391014,-0.834858,0.167138,-0.920381,0.353501,-0.906612,-0.002573,0.421956,0.024109,0.005356,0.003909,0.003391,-0.07138,0.138458,-0.068928
432,0.029271,0.046817,0.384418,-0.320775,-0.462835,-0.826397,0.324137,-0.873451,0.363306,-0.88957,-0.150758,0.431236,0.046921,0.001884,0.017706,0.006036,0.017323,-0.043007,0.160049,-0.137417,0.076211,0.337867,0.959597,-0.228286,0.164469,0.118156,0.857217,0.501151,-0.256601,-0.461181,0.849312,0.011671,0.000539,-0.00062,0.002045,-0.015205,0.029245,-1.401102,0.021013,0.054155,-0.014624,-0.929089,0.230337,0.289376,-0.080055,-0.889095,0.450667,0.361088,0.395543,0.844488,8.3e-05,-0.000617,-0.000378,-1.3e-05,1e-06,1.7e-05,-0.846786,0.052396,0.044612,-0.049656,-0.382974,-0.403251,-0.831094,0.184228,-0.914955,0.359047,-0.905201,-0.015605,0.424695,0.024469,0.006184,0.004402,0.128435,-0.052166,-0.062897,-0.041005
433,0.030826,0.047395,0.384835,-0.303489,-0.485762,-0.819741,0.361669,-0.854648,0.372484,-0.881152,-0.182832,0.436086,0.035452,0.014056,0.009489,0.12211,-0.016086,-0.131505,0.260523,-0.137392,0.076152,0.33784,0.959553,-0.228,0.165119,0.117591,0.857307,0.501129,-0.257025,-0.461156,0.849198,0.011775,-0.000228,-0.001091,-0.013917,0.103757,-0.12932,-1.401033,0.021025,0.054128,-0.014636,-0.929,0.230075,0.289867,-0.079614,-0.889169,0.450599,0.361412,0.395529,0.844356,0.000162,-0.001224,-0.000751,-0.002316,0.017238,-0.022969,-0.847276,0.053183,0.044906,-0.049438,-0.369423,-0.428535,-0.82455,0.224088,-0.902214,0.368501,-0.901837,-0.048639,0.429329,0.012031,0.009597,0.006249,0.410698,-0.147998,-0.286034,0.084566
434,0.031788,0.047794,0.385228,-0.289566,-0.498825,-0.816928,0.387829,-0.841425,0.37625,-0.874707,-0.207265,0.438128,0.017709,0.000478,0.016039,-0.027425,-0.020618,0.065032,0.300417,-0.137351,0.076111,0.337822,0.959521,-0.227819,0.165554,0.117219,0.857361,0.501124,-0.257314,-0.461146,0.849116,6.8e-05,-0.000512,-0.000314,0.0,0.0,0.0,-1.401133,0.021051,0.054104,-0.014647,-0.928903,0.229807,0.290391,-0.079153,-0.889246,0.450528,0.361764,0.395512,0.844213,3.7e-05,-0.000277,-0.00017,9e-06,-7e-06,5e-06,-0.848419,0.053675,0.045119,-0.049239,-0.357587,-0.44371,-0.821737,0.252159,-0.893109,0.372518,-0.899192,-0.074001,0.43125,0.00952,0.004856,0.003184,0.008565,0.062823,-0.123888,0.178458
435,0.032113,0.047961,0.385512,-0.287021,-0.503264,-0.815101,0.393266,-0.837784,0.378724,-0.87312,-0.211231,0.439397,0.002435,0.004722,0.002989,0.0,0.0,0.0,0.302803,-0.137274,0.076128,0.337827,0.95949,-0.227706,0.16589,0.11696,0.857405,0.501109,-0.257549,-0.461119,0.849059,-1.1e-05,8e-05,4.9e-05,0.0,0.0,0.0,-1.40117,0.021089,0.054113,-0.014645,-0.928836,0.22967,0.290712,-0.078899,-0.889293,0.45048,0.36199,0.395485,0.844128,-9e-06,6.7e-05,3.9e-05,-2e-06,-3e-06,7e-06,-0.848746,0.053845,0.045205,-0.04909,-0.355761,-0.448326,-0.820022,0.257954,-0.890447,0.374918,-0.898272,-0.078147,0.432434,6.6e-05,-0.003194,0.005718,-0.033802,0.023869,-0.012607,0.205074
436,0.03208,0.04799,0.385552,-0.284077,-0.505261,-0.814897,0.398262,-0.835292,0.379007,-0.871822,-0.216253,0.439532,-0.011479,0.004888,0.002889,-0.000896,0.014673,-0.029601,0.303518,-0.137215,0.07615,0.337846,0.959469,-0.227636,0.166105,0.11679,0.857421,0.501121,-0.257704,-0.461124,0.849009,-0.000192,0.001442,0.000885,-0.015977,0.118952,-0.158572,-1.401252,0.021119,0.054121,-0.014637,-0.928815,0.229656,0.290789,-0.078843,-0.889289,0.450496,0.362055,0.395501,0.844093,-0.000113,0.000851,0.000522,0.002318,-0.01724,0.022982,-0.848909,0.053835,0.045221,-0.049069,-0.353182,-0.450838,-0.81976,0.263294,-0.888712,0.375322,-0.89774,-0.08328,0.43258,-0.000112,-0.000216,-0.000139,-0.000782,0.000583,0.000779,0.208503
437,0.031771,0.047995,0.385377,-0.268832,-0.513706,-0.814789,0.423201,-0.822888,0.379116,-0.8649,-0.242268,0.439638,-0.014062,0.006559,-0.011557,0.04203,0.000169,-0.047426,0.304139,-0.137125,0.076135,0.337861,0.959437,-0.227502,0.166479,0.116474,0.857436,0.50117,-0.257971,-0.461163,0.848907,-0.0,0.0,0.0,0.0,0.0,0.0,-1.401039,0.021163,0.054117,-0.014627,-0.92872,0.229424,0.291275,-0.078409,-0.889335,0.450482,0.362393,0.395533,0.843933,1e-06,-1.1e-05,-8e-06,-1.1e-05,3e-06,2e-06,-0.84548,0.053675,0.045224,-0.049156,-0.339392,-0.46157,-0.819613,0.289876,-0.880246,0.375682,-0.894865,-0.110083,0.432547,-0.007272,0.0028,-0.006076,0.04102,0.001189,-0.045919,0.210789
438,0.031268,0.047717,0.384998,-0.238377,-0.523129,-0.818266,0.460399,-0.802722,0.379003,-0.85481,-0.285739,0.433222,-0.00775,-0.014932,-0.009525,-0.198625,-0.321584,-0.205883,0.309602,-0.137083,0.07615,0.337856,0.959411,-0.227396,0.166768,0.11625,0.857489,0.501131,-0.258166,-0.461117,0.848872,-1.1e-05,7.9e-05,4.9e-05,0.0,0.0,0.0,-1.400788,0.021184,0.054124,-0.01463,-0.928665,0.229297,0.291552,-0.078193,-0.889388,0.450415,0.362582,0.395488,0.843873,-7e-06,4.6e-05,2.6e-05,-4e-06,2e-06,-0.0,-0.84695,0.053425,0.045088,-0.049345,-0.312173,-0.475069,-0.822712,0.330273,-0.866244,0.374886,-0.890767,-0.154691,0.427321,-0.009257,-0.001,-0.008505,-0.329817,-0.54821,-0.373096,0.216994
439,0.030987,0.047525,0.384722,-0.225549,-0.527117,-0.819342,0.479658,-0.792092,0.377482,-0.84769,-0.307214,0.432515,-0.02035,-0.012094,-0.007984,0.118461,-0.019193,-0.145246,0.312718,-0.137074,0.076151,0.337856,0.959403,-0.227349,0.166883,0.116154,0.857506,0.501124,-0.258242,-0.461109,0.848854,-0.0,1e-06,1e-06,0.0,0.0,0.0,-1.401037,0.021189,0.054125,-0.01463,-0.928644,0.229242,0.291662,-0.078099,-0.889406,0.450395,0.362655,0.395479,0.843846,0.0,-4e-06,-3e-06,-1e-06,-1.1e-05,7e-06,-0.847766,0.053287,0.044987,-0.049486,-0.298431,-0.481382,-0.824141,0.350245,-0.858482,0.374613,-0.887843,-0.176855,0.4248,-0.003417,-0.003265,-0.009855,0.453082,-0.182551,-0.220551,0.222546
440,0.030606,0.047259,0.383977,-0.197599,-0.532254,-0.823228,0.511348,-0.772437,0.376612,-0.836099,-0.345883,0.425829,-0.005516,0.002754,-0.029441,0.165908,-0.110566,-0.106629,0.309755,-0.137084,0.076156,0.33787,0.959368,-0.227101,0.167419,0.115677,0.857581,0.501107,-0.258586,-0.461092,0.848758,-4e-05,0.000298,0.000183,0.0,0.0,0.0,-1.400916,0.021184,0.054127,-0.014623,-0.928555,0.228956,0.292171,-0.077629,-0.889486,0.450318,0.362986,0.395465,0.84371,-2.9e-05,0.000219,0.000135,-4e-06,-1e-06,1e-06,-0.848256,0.053087,0.044845,-0.049865,-0.271325,-0.490872,-0.827905,0.384622,-0.843803,0.374248,-0.882296,-0.216888,0.417745,-0.002807,0.001247,-0.014782,0.189686,-0.069925,-0.0915,0.225812
441,0.030242,0.04717,0.383201,-0.190488,-0.529414,-0.826729,0.521606,-0.76801,0.371565,-0.83141,-0.359796,0.423476,-0.017149,0.000871,-0.015365,0.030736,0.019135,-0.066776,0.298489,-0.137089,0.076193,0.337893,0.959347,-0.226962,0.167727,0.115411,0.85763,0.501085,-0.258783,-0.46107,0.84871,-7e-05,0.000523,0.000321,0.0,0.0,0.0,-1.400987,0.021181,0.054146,-0.014611,-0.928502,0.228795,0.292464,-0.077368,-0.889537,0.450262,0.363176,0.395443,0.843639,-4.2e-05,0.000305,0.000187,-4e-06,-1.4e-05,8e-06,-0.848419,0.052907,0.044791,-0.050252,-0.26424,-0.489023,-0.831283,0.395594,-0.841032,0.36901,-0.879591,-0.231344,0.41569,-0.002417,-0.001317,-0.008667,0.029996,-0.004787,-0.013495,0.214382
442,0.029822,0.047504,0.382542,-0.189625,-0.526597,-0.828724,0.523034,-0.76848,0.368574,-0.830711,-0.362912,0.422187,-0.013184,0.008473,-0.010436,0.031061,0.005209,-0.041544,0.312746,-0.137084,0.076223,0.337921,0.959307,-0.226707,0.168298,0.114911,0.857707,0.501066,-0.259154,-0.461051,0.848607,-0.000159,0.00119,0.00073,0.0,0.0,0.0,-1.401161,0.021184,0.054159,-0.014598,-0.928404,0.228499,0.293008,-0.076875,-0.889621,0.450181,0.363532,0.395425,0.843493,-0.000101,0.000755,0.000464,-7e-06,-3e-06,1e-06,-0.848909,0.052696,0.044941,-0.05058,-0.26303,-0.486383,-0.833214,0.396848,-0.841725,0.366073,-0.879389,-0.234371,0.414419,-0.000678,0.002022,-0.006502,0.032493,-0.104749,0.162297,0.213075
443,0.029664,0.047792,0.382338,-0.186151,-0.527544,-0.828909,0.528225,-0.765083,0.368234,-0.828213,-0.368654,0.422119,-0.010164,0.014212,-0.006688,0.042483,-0.013727,-0.022018,0.335831,-0.137057,0.076217,0.337926,0.95928,-0.226556,0.168655,0.114603,0.857749,0.501065,-0.259391,-0.461047,0.848537,-2e-06,1.7e-05,1.1e-05,0.0,0.0,0.0,-1.400964,0.021197,0.054159,-0.014594,-0.92834,0.228323,0.293348,-0.07657,-0.889667,0.450142,0.36376,0.395423,0.843397,0.005772,0.00075,-1.7e-05,0.002037,-0.015194,0.029237,-0.848419,0.052613,0.045081,-0.050691,-0.259758,-0.487849,-0.833383,0.402472,-0.839173,0.365792,-0.877804,-0.240396,0.414328,-0.004905,0.007426,-0.003127,0.155094,-0.063484,-0.079043,0.229567
444,0.029364,0.048372,0.382225,-0.177379,-0.529092,-0.829845,0.531815,-0.761021,0.371473,-0.827852,-0.374781,0.417405,-0.009438,0.008896,0.005501,-0.104422,-0.173175,-0.099759,0.363082,-0.136995,0.076149,0.337944,0.959249,-0.226376,0.169073,0.114206,0.85774,0.501171,-0.259682,-0.461153,0.84839,2.5e-05,-0.000186,-0.000114,0.0,0.0,0.0,-1.401153,0.021229,0.054124,-0.014586,-0.928265,0.228113,0.293746,-0.076164,-0.889671,0.450202,0.364035,0.395534,0.843226,0.006584,-0.005241,0.003436,-0.034581,-0.005956,0.0107,-0.847603,0.052461,0.045383,-0.050752,-0.251693,-0.490654,-0.834211,0.406775,-0.835759,0.368835,-0.87817,-0.246504,0.40994,-0.003754,0.009597,-0.001708,-0.127299,-0.264766,-0.155562,0.276922
445,0.028911,0.048763,0.382501,-0.171573,-0.530905,-0.829908,0.53543,-0.757366,0.373742,-0.826752,-0.37958,0.415244,-0.020609,0.014454,0.008812,-0.086446,-0.133497,-0.116446,0.367463,-0.136918,0.076105,0.337976,0.959233,-0.22631,0.169255,0.11402,0.857692,0.501296,-0.259825,-0.461275,0.84828,-0.000144,0.001076,0.00066,0.0,0.0,0.0,-1.401074,0.021263,0.054098,-0.014572,-0.928227,0.228019,0.293939,-0.075943,-0.889639,0.450303,0.364178,0.395661,0.843104,-0.000101,0.000757,0.000465,0.002309,-0.017229,0.022982,-0.848092,0.052247,0.045583,-0.050616,-0.246292,-0.493389,-0.834209,0.410925,-0.83269,0.371169,-0.877769,-0.251382,0.407831,-0.010182,0.007459,0.004566,-0.125899,-0.261055,-0.19462,0.29717
446,0.028594,0.048898,0.382698,-0.165269,-0.533641,-0.829433,0.544262,-0.750685,0.374465,-0.822266,-0.388884,0.415542,-0.023457,0.002415,0.016611,-0.035458,0.050374,-0.073793,0.37035,-0.136848,0.076105,0.337981,0.959207,-0.226227,0.169508,0.11382,0.857712,0.501306,-0.260007,-0.461278,0.848223,-2e-06,1.9e-05,1.1e-05,0.0,0.0,0.0,-1.400988,0.021302,0.054102,-0.014567,-0.928178,0.227933,0.294162,-0.075764,-0.889659,0.450294,0.364341,0.395666,0.843032,-1e-06,1e-05,4e-06,-0.015988,0.118866,-0.158628,-0.848092,0.052088,0.045659,-0.050513,-0.239845,-0.497076,-0.8339,0.420485,-0.82741,0.372268,-0.875023,-0.261356,0.407463,-0.004684,0.004494,0.002786,0.008611,0.013649,0.002924,0.300272
447,0.027728,0.049088,0.383024,-0.161997,-0.536727,-0.828085,0.548612,-0.746506,0.376464,-0.820027,-0.392651,0.416422,-0.024386,0.007337,0.004172,-0.001969,0.029428,-0.059107,0.389639,-0.136772,0.076066,0.337983,0.95875,-0.225982,0.172395,0.112454,0.85838,0.500471,-0.262286,-0.460155,0.848131,9.2e-05,-0.000683,-0.000419,0.0,0.0,-0.0,-1.400486,0.02134,0.054083,-0.014566,-0.9274,0.227475,0.296957,-0.074517,-0.890286,0.449261,0.366573,0.394517,0.842603,5e-05,-0.000372,-0.000229,-0.000111,-0.000334,0.000201,-0.849236,0.051659,0.045759,-0.05034,-0.237281,-0.500613,-0.832516,0.425436,-0.823988,0.374229,-0.873327,-0.265385,0.408495,-0.007508,-0.004125,0.005002,-0.03428,0.05314,-0.067207,0.317255
448,0.027033,0.049209,0.383157,-0.161831,-0.535853,-0.828684,0.548716,-0.746817,0.375695,-0.81999,-0.393254,0.415925,-0.013304,0.001613,0.000744,-0.001268,0.028692,-0.054755,0.405107,-0.136768,0.076036,0.337965,0.958291,-0.225704,0.175291,0.111081,0.859091,0.499557,-0.26455,-0.458964,0.848073,0.000232,-0.001722,-0.001057,-0.002319,0.017224,-0.022987,-1.400558,0.021341,0.054071,-0.014573,-0.926613,0.226987,0.299774,-0.073273,-0.890957,0.448136,0.368807,0.393284,0.842204,1.6e-05,-0.000122,-7.6e-05,-0.001305,-0.003982,0.002561,-0.849562,0.051301,0.04582,-0.050274,-0.237,-0.499791,-0.83309,0.425474,-0.824307,0.373481,-0.873385,-0.265944,0.408009,-0.006686,0.000743,0.000344,-0.002209,0.029956,-0.055866,0.341258
