frame,MLTx,MLTy,MLTz,MLTR1,MLTR2,MLTR3,MLTR4,MLTR5,MLTR6,MLTR7,MLTR8,MLTR9,MLTTVx,MLTTVy,MLTTVz,MLTRVx,MLTRVy,MLTRVz,MLGA,MRTx,MRTy,MRTz,MRTR1,MRTR2,MRTR3,MRTR4,MRTR5,MRTR6,MRTR7,MRTR8,MRTR9,MRTTVx,MRTTVy,MRTTVz,MRTRVx,MRTRVy,MRTRVz,MRGA,SLTx,SLTy,SLTz,SLTR1,SLTR2,SLTR3,SLTR4,SLTR5,SLTR6,SLTR7,SLTR8,SLTR9,SLTTVx,SLTTVy,SLTTVz,SLTRVx,SLTRVy,SLTRVz,SLGA,SRTx,SRTy,SRTz,SRTR1,SRTR2,SRTR3,SRTR4,SRTR5,SRTR6,SRTR7,SRTR8,SRTR9,SRTTVx,SRTTVy,SRTTVz,SRTRVx,SRTRVy,SRTRVz,SRGA
1810,0.169247,-0.002469,0.273309,-0.608942,-0.513942,-0.604234,-0.265655,-0.585653,0.765774,-0.746682,0.627468,0.220856,-0.014025,-0.001191,0.020933,1.27618,1.930734,-1.876736,-1.89643,-0.178469,-0.025911,0.311274,-0.726848,0.336036,0.598969,0.022793,-0.859728,0.510179,0.687286,0.384052,0.616446,0.059481,-0.004861,-0.010459,-0.030052,0.258755,-0.421518,0.110283,0.03775,0.041247,-0.001489,0.729343,-0.360843,0.581248,0.031055,0.866181,0.498763,-0.683442,-0.345719,0.642949,0.030111,-0.0085,-0.001717,-0.05354,0.172282,-0.273526,-0.04405,0.087069,0.049228,-0.068603,0.547958,0.578199,-0.604505,0.188353,0.618815,0.76262,0.815024,-0.531744,0.230179,-0.007024,-0.000644,0.010422,0.426426,0.491195,0.33894,-0.987437
1811,0.168601,-0.002798,0.274565,-0.633472,-0.487023,-0.601304,-0.255993,-0.601466,0.756755,-0.729438,0.633917,0.257092,-0.013427,-0.019579,0.041767,0.650162,1.04198,-0.293968,-1.893265,-0.175941,-0.026092,0.310928,-0.724441,0.312986,0.61418,0.050729,-0.864244,0.500442,0.688327,0.393304,0.60941,0.074579,-0.001824,-0.008616,-0.026981,0.22728,-0.366326,0.109872,0.039003,0.041149,-0.001669,0.728549,-0.337608,0.596016,0.003141,0.871743,0.489951,-0.684985,-0.355082,0.636169,0.037293,-0.001,-0.004447,-0.028899,0.225023,-0.368339,-0.04209,0.086752,0.049074,-0.067994,0.576161,0.553317,-0.601562,0.176407,0.634472,0.752545,0.798071,-0.539708,0.267949,-0.006737,-0.003355,0.017989,0.71003,0.985967,0.47575,-0.996745
1812,0.16835,-0.003052,0.275341,-0.642095,-0.472886,-0.603439,-0.253343,-0.612052,0.74912,-0.72279,0.63447,0.273951,-0.013244,-0.017088,0.044824,0.563963,0.729975,0.50619,-1.894557,-0.174526,-0.026168,0.310823,-0.724487,0.299826,0.620656,0.066832,-0.865528,0.496316,0.686898,0.400677,0.606212,0.075469,-0.011355,0.001215,-0.063311,0.238016,-0.384305,0.10941,0.039732,0.041112,-0.001729,0.729265,-0.324176,0.602562,-0.013243,0.87379,0.486123,-0.684102,-0.362493,0.632931,0.044798,-0.000108,-0.004203,-0.024226,0.212525,-0.337163,-0.041764,0.086621,0.048943,-0.067594,0.588185,0.540875,-0.601241,0.170659,0.643689,0.746015,0.790513,-0.541403,0.286303,-0.006642,-0.008589,0.022378,0.598873,0.949856,0.379158,-0.999847
1813,0.167816,-0.00366,0.277225,-0.662116,-0.445539,-0.602613,-0.25068,-0.626151,0.738286,-0.705443,0.640446,0.303653,-0.012958,-0.013334,0.0493,0.372491,0.725771,0.465559,-1.906984,-0.171343,-0.026424,0.310798,-0.722003,0.278076,0.633543,0.099355,-0.864405,0.492815,0.685568,0.41841,0.595645,0.090564,-0.008057,0.003188,-0.07672,0.236805,-0.345759,0.110261,0.041318,0.040982,-0.001743,0.727991,-0.302365,0.615307,-0.046029,0.87391,0.483901,-0.684038,-0.380598,0.622282,0.037811,-0.004258,0.001985,-0.036067,0.129904,-0.216797,-0.040621,0.086355,0.04864,-0.06665,0.611436,0.515952,-0.599949,0.166572,0.657273,0.735013,0.773563,-0.549348,0.315937,-0.013868,-0.012243,0.028817,0.125396,1.183437,0.398796,-1.009481
1814,0.167342,-0.004387,0.279247,-0.68371,-0.42129,-0.595904,-0.245257,-0.636454,0.731264,-0.686493,0.646644,0.332574,0.001762,-0.015314,0.046356,0.325416,0.589802,0.15942,-1.913921,-0.168038,-0.026947,0.311119,-0.713564,0.266891,0.647755,0.122786,-0.862527,0.490821,0.690582,0.429431,0.58185,0.076622,-0.018541,0.013205,-0.134023,0.28077,-0.380973,0.129705,0.042948,0.04073,-0.001585,0.720607,-0.290911,0.62936,-0.069305,0.87295,0.482859,-0.68987,-0.39157,0.608893,0.045793,-0.008864,0.006275,-0.094874,0.149438,-0.186903,-0.031476,0.086118,0.048291,-0.065646,0.63589,0.494031,-0.592938,0.160127,0.667103,0.727551,0.754984,-0.557589,0.345097,-0.006495,-0.013039,0.027575,0.563324,0.845591,0.320835,-1.021238
1815,0.16702,-0.004968,0.281078,-0.708061,-0.395438,-0.585084,-0.236909,-0.647531,0.724258,-0.664383,0.651921,0.365544,-0.013134,-0.003059,0.039764,0.514138,0.732293,0.269994,-1.913514,-0.165019,-0.027713,0.311699,-0.707251,0.257392,0.658435,0.139522,-0.862116,0.487055,0.693883,0.436013,0.57296,0.062735,-0.029568,0.022758,-0.126481,0.169207,-0.281343,0.125855,0.044462,0.040356,-0.001301,0.715104,-0.280714,0.640176,-0.086095,0.873479,0.479188,-0.693695,-0.397785,0.60046,0.038848,-0.014321,0.011091,-0.130053,0.248924,-0.426976,-0.018576,0.085957,0.047991,-0.06471,0.662895,0.471588,-0.581527,0.150697,0.676768,0.720606,0.733389,-0.565321,0.37756,0.000846,-0.007764,0.022964,0.486267,0.803375,0.285971,-1.02679
1816,0.166885,-0.005224,0.281952,-0.720712,-0.379918,-0.579898,-0.23554,-0.652568,0.720172,-0.651137,0.656096,0.381556,0.001648,-0.003996,0.038261,0.508237,0.82266,0.136625,-1.913293,-0.163683,-0.028144,0.312057,-0.70587,0.250154,0.662693,0.149657,-0.861663,0.484844,0.693173,0.441098,0.569919,0.076825,-0.016263,0.015364,-0.08627,0.128498,-0.209458,0.121966,0.045183,0.040121,-0.001111,0.714011,-0.27308,0.644681,-0.096683,0.873518,0.477093,-0.693426,-0.40298,0.597299,0.038406,-0.008115,0.007648,-0.085037,0.127967,-0.210391,-0.021842,0.085884,0.047864,-0.064271,0.677146,0.457667,-0.576206,0.148929,0.681606,0.716402,0.720619,-0.570923,0.393387,-0.006596,-0.008009,0.022752,0.484448,0.801427,0.265614,-1.026627
1817,0.166708,-0.005837,0.283538,-0.742288,-0.349774,-0.571587,-0.235944,-0.661976,0.7114,-0.626286,0.66336,0.409568,0.001299,-0.021229,0.038803,0.395913,0.658154,0.163815,-1.913652,-0.16117,-0.029022,0.312878,-0.71008,0.222484,0.668042,0.177798,-0.861253,0.475989,0.682127,0.456486,0.571128,0.06193,-0.015737,0.017315,0.251571,-0.303809,-0.325429,0.118783,0.046398,0.039694,-0.000713,0.718658,-0.247332,0.649889,-0.125135,0.873347,0.470749,-0.684011,-0.419632,0.596688,0.031451,-0.013471,0.012667,-0.124516,0.156332,-0.292645,-0.027394,0.085796,0.047571,-0.06347,0.702279,0.429984,-0.567378,0.148294,0.691148,0.707335,0.696285,-0.580885,0.421614,0.000619,-0.00437,0.016196,0.622651,0.896476,0.151191,-1.031852
1818,0.166678,-0.006357,0.284618,-0.759981,-0.323368,-0.563833,-0.237504,-0.669365,0.703927,-0.604096,0.669285,0.432612,0.000823,-0.014697,0.02518,0.255903,0.457822,0.051943,-1.913662,-0.159191,-0.029654,0.313636,-0.715916,0.194063,0.670667,0.203417,-0.860828,0.4664,0.668722,0.470084,0.575929,0.046953,-0.014787,0.019848,-0.005161,-0.627763,-0.67377,0.108332,0.047411,0.039371,-0.000329,0.72583,-0.21933,0.651969,-0.150598,0.874141,0.461731,-0.671185,-0.433324,0.601448,0.023474,-0.007633,0.009626,-1.200772,-0.734739,-1.097193,-0.033272,0.085781,0.047309,-0.062925,0.723268,0.405203,-0.559189,0.149025,0.699089,0.699331,0.674295,-0.589137,0.445244,0.000382,-0.007486,0.012421,0.320939,0.518318,0.093666,-1.033812
1819,0.166701,-0.006555,0.284989,-0.767245,-0.31092,-0.56099,-0.239152,-0.67294,0.69995,-0.594191,0.67158,0.442657,0.000686,-0.01647,0.023046,0.235174,0.434788,0.035709,-1.913705,-0.158358,-0.029911,0.313988,-0.718764,0.180038,0.671532,0.215796,-0.860299,0.461791,0.661744,0.476605,0.578624,0.045941,-0.003731,0.01153,-0.069526,-0.525379,-0.585465,0.101713,0.047828,0.03924,-0.000149,0.729717,-0.204757,0.65237,-0.163066,0.874462,0.456864,-0.664019,-0.439761,0.604721,0.015965,-0.008067,0.00995,-0.72477,-1.201497,-1.434434,-0.041927,0.085793,0.047209,-0.06274,0.731893,0.393751,-0.556139,0.150327,0.702741,0.695381,0.66463,-0.592548,0.45514,0.000265,-0.002679,0.00748,0.342008,0.36449,0.255938,-1.034628
1820,0.166761,-0.006823,0.285485,-0.778405,-0.292243,-0.555631,-0.243033,-0.675813,0.695833,-0.57789,0.677037,0.45573,0.000284,0.003702,0.004425,0.103531,0.090842,0.093812,-1.913634,-0.157039,-0.030336,0.314625,-0.723549,0.15906,0.671691,0.234442,-0.858502,0.45601,0.650072,0.487216,0.583001,0.030958,-0.005245,0.011426,-0.077236,-0.617623,0.375469,0.099186,0.048493,0.03903,0.000172,0.735516,-0.182525,0.652457,-0.18271,0.873908,0.450444,-0.652405,-0.45052,0.609424,0.015975,-0.00776,0.010253,-0.463352,-1.919273,1.775855,-0.052704,0.085823,0.047067,-0.062485,0.745489,0.376075,-0.550283,0.153875,0.706197,0.691091,0.648511,-0.599876,0.468594,0.000114,0.00163,0.001941,0.041862,0.046839,0.072788,-1.030219
1821,0.166826,-0.00691,0.285733,-0.788563,-0.283351,-0.545825,-0.239348,-0.676206,0.696728,-0.565532,0.680406,0.466099,0.000253,-0.009417,0.010104,0.113242,0.202256,0.019665,-1.913798,-0.156216,-0.030671,0.315168,-0.724128,0.141198,0.67505,0.254448,-0.854948,0.451944,0.641839,0.498852,0.582283,0.000935,-0.007015,0.012753,-0.03504,-0.009601,0.001998,0.105553,0.04891,0.038865,0.000437,0.737631,-0.16469,0.65481,-0.202651,0.871087,0.447368,-0.644074,-0.462691,0.609167,0.007966,-0.0031,0.005977,-0.089571,0.071227,-0.156957,-0.049112,0.085855,0.047025,-0.062368,0.756123,0.369243,-0.54031,0.150255,0.705615,0.692481,0.636945,-0.604786,0.478051,9.2e-05,0.001282,0.001527,0.210146,0.33468,-0.091501,-1.037404
1822,0.166831,-0.006857,0.285813,-0.793075,-0.279672,-0.541165,-0.239692,-0.673496,0.69923,-0.559045,0.684601,0.467778,0.000231,0.003028,0.003612,-0.894728,1.203052,0.715083,-1.913253,-0.155962,-0.0308,0.315384,-0.726431,0.132497,0.674341,0.265152,-0.851111,0.453033,0.634859,0.50773,0.582261,0.015969,-0.006738,0.011396,-0.369805,-0.231682,-0.27928,0.105439,0.049037,0.038799,0.000551,0.740098,-0.156563,0.65402,-0.213152,0.867767,0.448937,-0.637824,-0.471663,0.608861,0.007971,-0.003142,0.005943,-1.178622,-0.67465,-1.111181,-0.047152,0.085857,0.047044,-0.062329,0.760506,0.367137,-0.535574,0.149697,0.70346,0.69479,0.631838,-0.608566,0.480027,9.9e-05,0.001578,0.002094,-3.015054,3.977636,2.372694,-1.04018
1823,0.166818,-0.006726,0.285968,-0.799383,-0.268926,-0.537318,-0.244546,-0.671272,0.699688,-0.54786,0.69105,0.471515,0.000207,0.002709,0.003227,0.018971,0.481154,-0.675356,-1.913511,-0.15557,-0.03088,0.315777,-0.735923,0.117049,0.666864,0.27285,-0.850033,0.450477,0.620492,0.513321,0.592751,-0.000174,0.005404,0.00597,0.157126,-0.418586,0.05405,0.103113,0.049239,0.038753,0.000748,0.749996,-0.141592,0.646108,-0.22128,0.866824,0.44682,-0.62333,-0.478085,0.618784,-9.7e-05,0.002769,0.003047,0.191043,-0.460357,0.047433,-0.047316,0.085851,0.04711,-0.06225,0.768173,0.355743,-0.532312,0.156465,0.701904,0.694873,0.620829,-0.617071,0.483522,0.000126,0.001611,0.001917,0.00116,1.546561,-2.287621,-1.043772
1824,0.166718,-0.00665,0.286174,-0.805247,-0.263268,-0.531331,-0.243839,-0.669815,0.701329,-0.539533,0.694628,0.47584,-0.014463,-0.007915,0.012145,-0.016211,0.049484,-0.033825,-1.913454,-0.155451,-0.030782,0.316148,-0.755383,0.09266,0.648692,0.288589,-0.841609,0.456447,0.589172,0.531879,0.608148,0.000838,-0.004053,0.015998,-0.31361,-0.50993,-0.188537,0.090055,0.049298,0.038803,0.000927,0.770123,-0.118035,0.626879,-0.236743,0.859657,0.452704,-0.592336,-0.497048,0.634097,-0.00011,0.003366,0.003708,-1.206341,-1.562408,-0.229424,-0.057929,0.085806,0.047151,-0.062153,0.774989,0.351164,-0.525428,0.155231,0.700161,0.696905,0.612613,-0.621657,0.488106,0.000153,0.002025,0.002406,-0.002827,-0.014369,0.034329,-1.045242
1825,0.166564,-0.00661,0.286447,-0.809202,-0.254548,-0.529569,-0.246621,-0.670961,0.699258,-0.532312,0.696759,0.480832,-0.014472,0.004572,0.005689,0.022396,-0.098584,0.168584,-1.913385,-0.155504,-0.030644,0.316552,-0.773325,0.065563,0.630604,0.303398,-0.834955,0.459056,0.55758,0.546238,0.624973,-0.000216,0.006646,0.007302,0.183113,-0.295147,0.04844,0.077659,0.049272,0.038871,0.001135,0.788556,-0.091996,0.608041,-0.252342,0.853265,0.456355,-0.560804,-0.513296,0.649634,-0.0071,-0.001957,0.008888,0.198456,-0.329269,-0.014064,-0.075238,0.085729,0.047165,-0.062014,0.779999,0.342979,-0.523417,0.157762,0.701632,0.694854,0.605567,-0.624561,0.493164,0.000139,0.001857,0.002203,-0.017647,-0.003942,0.00257,-1.044589
1826,0.166471,-0.006634,0.286613,-0.811275,-0.247572,-0.529704,-0.250897,-0.670944,0.697751,-0.52714,0.699275,0.482872,0.000433,-0.007028,0.012923,-0.014318,0.018114,0.019948,-1.913211,-0.155571,-0.030554,0.316781,-0.778603,0.051934,0.625357,0.310253,-0.834249,0.455747,0.546336,0.548797,0.632616,-0.015239,0.006904,0.009227,0.165026,-0.270345,0.059414,0.072248,0.049245,0.038915,0.001248,0.79438,-0.078271,0.602357,-0.259301,0.853068,0.45281,-0.549293,-0.515895,0.657364,-0.000136,0.004039,0.004426,0.16373,-0.289325,0.080431,-0.08275,0.085677,0.047157,-0.061935,0.782779,0.336288,-0.523608,0.162122,0.702151,0.693325,0.600809,-0.627609,0.495109,-0.007245,0.002218,0.002761,-0.011141,0.001178,-0.002825,-1.042956
1827,0.166333,-0.006688,0.28679,-0.811785,-0.245383,-0.529941,-0.251327,-0.672366,0.696225,-0.52615,0.698677,0.484812,-0.014436,-0.007622,0.012473,-0.02724,0.038227,-0.040726,-1.913373,-0.155669,-0.030478,0.317043,-0.784033,0.033767,0.619794,0.321842,-0.831559,0.452616,0.531649,0.554296,0.640288,-0.014199,-0.003166,0.018573,-3.000514,-3.178322,-3.525231,0.066543,0.049142,0.038976,0.001526,0.806264,-0.050327,0.58941,-0.276927,0.848342,0.451249,-0.522732,-0.52705,0.670051,0.000373,-0.000771,0.00934,0.271519,-0.410613,-0.016301,-0.098752,0.085539,0.047093,-0.061753,0.785565,0.332749,-0.521694,0.160924,0.704229,0.691493,0.597486,-0.627166,0.499671,0.000143,-0.004405,0.005406,-0.02164,-0.079541,0.161806,-1.049651
1828,0.165835,-0.006972,0.28726,-0.816636,-0.23699,-0.526296,-0.253224,-0.672334,0.695569,-0.517677,0.70159,0.489703,-0.014679,0.001852,0.002439,0.004118,-0.099125,0.133461,-1.906573,-0.156023,-0.030467,0.317952,-0.800474,-0.014315,0.599189,0.350553,-0.821926,0.448869,0.487056,0.56937,0.662161,-0.000267,0.008559,0.009319,0.257228,-0.544526,-0.130636,0.0524,0.049013,0.038959,0.001835,0.818013,-0.014538,0.575015,-0.300208,0.84193,0.44836,-0.490642,-0.539389,0.684346,0.000377,-0.001043,0.009029,0.17926,-0.8396,-0.46869,-0.111325,0.085365,0.046988,-0.061604,0.789293,0.326641,-0.519924,0.164288,0.703543,0.691402,0.591629,-0.631136,0.501638,-0.007305,-0.004809,0.005057,-0.045014,0.020999,-0.049096,-1.047201
1829,0.165416,-0.00714,0.287434,-0.819223,-0.227868,-0.526302,-0.257681,-0.673645,0.692658,-0.51136,0.703341,0.49381,-0.014798,0.000387,0.000697,0.073529,0.089333,0.020623,-1.902059,-0.15621,-0.030508,0.318662,-0.81341,-0.05282,0.579281,0.370735,-0.814313,0.446524,0.449139,0.57803,0.681189,0.000762,-0.001466,0.018694,0.229727,-0.375997,0.007484,0.032233,0.048918,0.038942,0.002178,0.832176,0.023932,0.553993,-0.320942,0.835507,0.446008,-0.452192,-0.548957,0.70297,-0.007114,-0.000887,0.009993,0.351974,-0.480328,-0.105983,-0.13092,0.085161,0.046909,-0.061518,0.792817,0.318083,-0.519869,0.168479,0.705374,0.68852,0.585709,-0.633458,0.505643,-0.00741,0.000119,0.000265,0.108629,0.121496,0.042256,-1.043283
1830,0.165216,-0.007185,0.287465,-0.820366,-0.223021,-0.526599,-0.261935,-0.672074,0.692589,-0.507358,0.706386,0.493592,-0.014819,0.000153,0.000416,0.000296,0.015999,-0.02869,-1.899918,-0.156252,-0.030534,0.319051,-0.817687,-0.078281,0.570308,0.386316,-0.80895,0.44305,0.427684,0.58269,0.690957,0.000729,-0.000364,0.019867,-2.825209,-2.937869,-3.848368,0.023089,0.048903,0.038927,0.002371,0.837274,0.043639,0.545038,-0.33206,0.832521,0.443444,-0.434405,-0.55227,0.711539,0.000363,-0.000482,0.009607,0.57366,-0.70461,-0.189323,-0.143983,0.085055,0.046882,-0.061501,0.794561,0.313163,-0.520193,0.173086,0.704363,0.688412,0.581991,-0.637024,0.505456,-0.007419,2e-06,0.000123,-0.012438,0.007272,-0.034128,-1.044589
1831,0.164848,-0.007227,0.287484,-0.823934,-0.214188,-0.524692,-0.264706,-0.673239,0.6904,-0.500097,0.707998,0.498668,-0.014813,0.000244,0.000517,0.016309,0.032075,-0.017881,-1.889563,-0.156229,-0.030615,0.319875,-0.823942,-0.117557,0.554338,0.408096,-0.801631,0.436782,0.394051,0.586251,0.70774,0.00175,-0.010367,0.029254,-0.756779,-1.13369,-0.978046,0.01041,0.048909,0.03889,0.002787,0.844957,0.08692,0.527723,-0.357833,0.825206,0.437022,-0.397494,-0.558102,0.728367,0.000251,0.000544,0.010766,-2.887681,-2.759526,-3.853369,-0.165701,0.084871,0.046859,-0.061493,0.799174,0.304757,-0.518114,0.175611,0.705967,0.686126,0.574874,-0.639322,0.510672,-0.007411,9e-05,0.000224,-0.008858,0.017745,-0.020968,-1.048508
1832,0.164526,-0.007224,0.287493,-0.824928,-0.209344,-0.525086,-0.268946,-0.67173,0.690231,-0.496189,0.710869,0.498487,-0.014801,0.000396,0.00069,-0.867017,1.044902,0.959704,-1.881176,-0.156143,-0.03072,0.320878,-0.827184,-0.152626,0.540799,0.426959,-0.796227,0.428558,0.366217,0.585585,0.723076,0.001682,-0.008259,0.031458,0.182836,-0.354535,0.030088,-0.001491,0.048952,0.038836,0.003287,0.849176,0.122812,0.513629,-0.378538,0.819727,0.42983,-0.368248,-0.559431,0.742583,0.000312,0.001147,0.011302,0.255833,-0.389927,-0.003183,-0.18301,0.08471,0.04686,-0.061489,0.798883,0.304976,-0.518435,0.175877,0.70581,0.68622,0.575198,-0.639391,0.510221,-0.007401,0.000205,0.000358,-0.001192,0.012997,-0.030697,-1.045405
1833,0.164404,-0.007224,0.287511,-0.829469,-0.203041,-0.520385,-0.269423,-0.670708,0.691038,-0.488308,0.71365,0.502282,5.8e-05,0.000697,0.000824,-0.167101,0.318441,0.469988,-1.877021,-0.15605,-0.030785,0.321481,-0.827293,-0.173996,0.534137,0.439661,-0.792217,0.423113,0.350561,0.585093,0.731188,0.001634,-0.006781,0.032998,0.400852,-0.574572,-0.106513,-0.00438,0.048992,0.038804,0.003574,0.849804,0.142361,0.507508,-0.391319,0.81545,0.426509,-0.35313,-0.561047,0.748681,0.000288,0.001825,0.01201,0.120007,-0.273611,0.098065,-0.188725,0.084643,0.046859,-0.061482,0.805726,0.29522,-0.513469,0.180027,0.703839,0.687168,0.564265,-0.646107,0.513954,4.3e-05,0.000464,0.000574,-0.758557,1.267747,0.915235,-1.045568
1834,0.164149,-0.007226,0.287529,-0.832384,-0.196311,-0.51831,-0.271951,-0.670247,0.690495,-0.481915,0.715954,0.505168,-0.014801,0.000408,0.000696,-2.850368,3.727208,2.932215,-1.864132,-0.155867,-0.030876,0.322725,-0.824158,-0.213604,0.524525,0.466415,-0.781152,0.41496,0.322122,0.586906,0.742726,0.001556,-0.004558,0.035264,-0.555463,-1.169308,-1.278678,-0.003742,0.04909,0.038756,0.004208,0.848562,0.18131,0.497059,-0.417483,0.806575,0.418501,-0.325037,-0.562638,0.760123,0.0001,0.003333,0.013604,-2.38302,-2.844343,-4.376156,-0.192154,0.084521,0.04686,-0.061471,0.807877,0.292884,-0.511421,0.178936,0.70491,0.686354,0.561529,-0.646002,0.517074,-2e-06,-1e-06,1e-06,-0.015716,-0.004544,0.000257,-1.03822
1835,0.163917,-0.007287,0.287604,-0.835407,-0.18486,-0.517655,-0.276181,-0.673137,0.685991,-0.474229,0.716276,0.51194,2.3e-05,0.00027,0.00032,0.177971,0.179057,0.120386,-1.863234,-0.1557,-0.030997,0.324085,-0.822329,-0.244003,0.514033,0.484364,-0.774038,0.407665,0.299432,0.584518,0.754017,0.001543,-0.004373,0.035341,0.264938,-0.346803,-0.195912,-0.003931,0.049174,0.038698,0.004891,0.847561,0.213307,0.485941,-0.437257,0.799587,0.411663,-0.300742,-0.561391,0.770969,0.000751,-0.002061,0.017799,0.415536,-0.555844,-0.079534,-0.192481,0.0844,0.046829,-0.061433,0.813723,0.27756,-0.510699,0.186973,0.706928,0.682123,0.550358,-0.650547,0.523348,1.1e-05,0.000143,0.00017,0.206896,0.195768,0.131158,-1.038384
1836,0.163641,-0.00739,0.287709,-0.839416,-0.176036,-0.514235,-0.278162,-0.673741,0.684596,-0.465934,0.717918,0.51723,-0.014776,0.000735,0.001073,0.007158,0.022895,-0.024057,-1.86393,-0.15543,-0.031125,0.325513,-0.820756,-0.274214,0.501157,0.501313,-0.766153,0.402031,0.274741,0.581548,0.765626,0.001511,-0.003714,0.035909,0.457265,-0.538391,-0.312616,-0.004495,0.049303,0.038635,0.005592,0.846918,0.242051,0.473434,-0.454419,0.791823,0.408068,-0.276102,-0.560738,0.780602,0.000729,-0.001593,0.01823,0.118401,-0.210462,-0.084341,-0.193134,0.084267,0.046777,-0.061381,0.818906,0.268712,-0.507133,0.189042,0.708022,0.680416,0.541899,-0.653068,0.529006,1.5e-05,0.000195,0.000232,-0.0267,-0.011811,-0.005403,-1.044262
1837,0.163519,-0.007468,0.287778,-0.841086,-0.168904,-0.513898,-0.282275,-0.673421,0.683226,-0.460426,0.71992,0.519374,-0.01479,0.000593,0.000902,0.008112,0.02385,-0.023419,-1.864641,-0.1553,-0.031207,0.326192,-0.82095,-0.287251,0.493476,0.508311,-0.76111,0.402822,0.2609,0.581895,0.77019,0.016373,-0.002939,0.035076,0.065713,-0.25024,-0.025799,-0.004702,0.049374,0.038593,0.005959,0.847498,0.257175,0.464336,-0.462068,0.787969,0.406936,-0.261229,-0.559433,0.786634,0.008169,-0.001468,0.017533,0.018783,-0.211844,-0.012986,-0.193297,0.084207,0.046743,-0.061349,0.821378,0.26184,-0.506731,0.193195,0.708176,0.679088,0.536668,-0.655687,0.531094,-0.007396,0.000328,0.000487,-0.016353,-0.105584,0.130373,-1.044099
1838,0.163301,-0.007582,0.287948,-0.8408,-0.168874,-0.514375,-0.282861,-0.67314,0.68326,-0.460589,0.72019,0.518856,0.000131,-0.010445,0.008878,-0.035534,0.014381,-0.017376,-1.865565,-0.155044,-0.031329,0.327574,-0.819981,-0.310302,0.480972,0.51985,-0.755139,0.399317,0.240314,0.577854,0.77987,0.00147,-0.002961,0.03651,0.192222,-0.282081,-0.11996,-0.010798,0.049503,0.03853,0.006648,0.847147,0.279424,0.451955,-0.473841,0.782161,0.404595,-0.240448,-0.556907,0.795009,0.000716,-0.001503,0.018228,0.244155,-0.311181,-0.132975,-0.19542,0.084092,0.046685,-0.061265,0.821029,0.262003,-0.507212,0.19384,0.70774,0.679359,0.536969,-0.656092,0.530289,6.2e-05,0.000761,0.000902,0.00461,-0.1157,0.161666,-1.046875
1839,0.163095,-0.007656,0.288103,-0.839716,-0.168621,-0.516227,-0.284486,-0.673183,0.682543,-0.461565,0.720209,0.517962,6.5e-05,0.000735,0.000868,0.0,0.0,0.0,-1.867761,-0.154803,-0.031412,0.328905,-0.823225,-0.324443,0.465862,0.523703,-0.750505,0.403003,0.219906,0.576142,0.787124,0.00044,0.006657,0.026567,0.014165,-0.153503,0.188291,-0.031004,0.049623,0.038488,0.007306,0.850431,0.293956,0.436298,-0.478085,0.777927,0.407753,-0.219546,-0.555354,0.802109,0.000725,-0.001911,0.017751,-0.079717,-0.024279,0.007593,-0.209136,0.083989,0.046646,-0.061183,0.819994,0.261665,-0.509058,0.19542,0.707953,0.678684,0.537978,-0.655997,0.529383,4.5e-05,-0.005403,0.004228,-0.030398,-0.100379,0.144908,-1.049161
1840,0.162986,-0.007668,0.28817,-0.83915,-0.168493,-0.517187,-0.285293,-0.673257,0.682133,-0.462094,0.720169,0.517545,-0.014718,0.001421,0.001869,-0.000984,0.014715,-0.029553,-1.868621,-0.154715,-0.031409,0.329552,-0.822871,-0.333561,0.460014,0.529365,-0.743953,0.407727,0.207253,0.579439,0.788137,0.000407,0.007429,0.027297,-0.033063,-0.020608,0.032218,-0.038243,0.049667,0.038488,0.007627,0.850355,0.302729,0.430406,-0.483783,0.771529,0.413153,-0.206997,-0.559551,0.802529,0.000709,-0.001487,0.018155,-0.074838,-0.009324,0.040156,-0.218281,0.08394,0.046639,-0.06115,0.819442,0.261474,-0.510043,0.196218,0.708129,0.678269,0.538527,-0.655883,0.528965,6e-05,-0.005241,0.004419,-0.034954,0.013681,-0.017934,-1.049814
1841,0.162824,-0.007687,0.288277,-0.838187,-0.168269,-0.518818,-0.286662,-0.673393,0.681423,-0.462992,0.720094,0.516846,3.8e-05,0.000425,0.000502,0.0,0.0,0.0,-1.868903,-0.154493,-0.031329,0.330718,-0.827051,-0.337791,0.449305,0.528261,-0.739961,0.416333,0.192867,0.582101,0.789825,0.000414,0.006916,0.026653,-0.039181,-0.048153,0.070051,-0.050691,0.049778,0.038528,0.008211,0.854411,0.306446,0.419609,-0.482495,0.767615,0.421858,-0.192821,-0.5629,0.803718,0.007608,0.003386,0.01247,-0.05662,-0.069318,0.079703,-0.230038,0.083853,0.046631,-0.061095,0.818533,0.26116,-0.511662,0.197528,0.708421,0.677584,0.53943,-0.655693,0.528279,-0.007386,0.000433,0.000607,-0.000604,0.014219,-0.029935,-1.049814
1842,0.162658,-0.007715,0.288326,-0.83726,-0.168059,-0.520381,-0.287939,-0.673574,0.680707,-0.463876,0.719974,0.51622,0.0,3e-06,3e-06,0.004433,-0.113814,0.16305,-1.868099,-0.154235,-0.031178,0.331771,-0.831306,-0.337518,0.441593,0.524464,-0.739049,0.422704,0.184726,0.583418,0.790799,0.001531,-0.005546,0.033475,-0.371079,-0.608491,0.500415,-0.075726,0.049907,0.038609,0.008751,0.858366,0.305772,0.411958,-0.478533,0.766683,0.42802,-0.184965,-0.564534,0.804418,0.000752,-0.002853,0.016652,-0.401394,-0.669491,0.551802,-0.250286,0.083771,0.046617,-0.061071,0.817719,0.260879,-0.513104,0.198668,0.708715,0.676944,0.540245,-0.655487,0.527702,-5e-06,-3.4e-05,-3.6e-05,0.000268,-0.000338,-0.000245,-1.050631
1843,0.162581,-0.007721,0.288336,-0.836825,-0.167963,-0.521112,-0.288519,-0.673683,0.680353,-0.464301,0.719894,0.51595,0.0,0.0,0.0,0.004428,-0.113809,0.163054,-1.867162,-0.154138,-0.031063,0.332259,-0.834061,-0.33735,0.436496,0.52187,-0.738661,0.426575,0.179559,0.584005,0.791555,0.000458,0.005254,0.02481,-0.059985,-0.072304,0.075477,-0.091287,0.049955,0.038664,0.008984,0.86105,0.305381,0.406612,-0.47572,0.766253,0.43191,-0.17967,-0.56533,0.805058,0.000217,0.00251,0.012282,-0.127281,-0.206765,0.187467,-0.263022,0.083732,0.046613,-0.061066,0.817234,0.260702,-0.513966,0.199326,0.708925,0.67653,0.540737,-0.655331,0.527393,-1e-06,-2e-05,-1.9e-05,0.004675,-0.114068,0.16284,-1.050304
1844,0.162436,-0.007731,0.288342,-0.836019,-0.167785,-0.522462,-0.289579,-0.673901,0.679687,-0.465092,0.719731,0.515464,-0.014804,0.000459,0.000721,0.003434,-0.09909,0.133504,-1.866457,-0.153919,-0.030762,0.333153,-0.841153,-0.336668,0.423211,0.514671,-0.738259,0.435915,0.166732,0.584907,0.793693,0.000438,0.005494,0.024953,-0.032846,-0.018497,0.031538,-0.128187,0.050065,0.038813,0.00943,0.867736,0.304157,0.393091,-0.468187,0.765683,0.441055,-0.166834,-0.56676,0.806814,0.007046,0.008521,0.007765,0.010503,-0.033085,0.074689,-0.296497,0.083665,0.046607,-0.061064,0.816527,0.260451,-0.515216,0.200271,0.709235,0.675925,0.541455,-0.655094,0.52695,1e-06,-4e-06,-2e-06,0.000156,-0.000179,-0.000144,-1.050957
1845,0.162336,-0.007737,0.288352,-0.835153,-0.167576,-0.523912,-0.290725,-0.674139,0.678961,-0.465931,0.719557,0.51495,-0.0,-0.0,-0.0,0.0,0.0,0.0,-1.866402,-0.153766,-0.030349,0.334,-0.845976,-0.335778,0.414208,0.509332,-0.738351,0.441987,0.158479,0.585299,0.795092,-0.000652,0.016466,0.016399,0.003577,-0.026693,0.050954,-0.158446,0.050141,0.039012,0.009847,0.872203,0.302923,0.384054,-0.462694,0.765627,0.446909,-0.158663,-0.567495,0.807944,-0.000339,0.008214,0.008179,0.005344,-0.023632,0.049578,-0.329155,0.083609,0.046605,-0.061059,0.815646,0.260114,-0.516779,0.201462,0.709631,0.675156,0.542341,-0.6548,0.526405,0.0,-1e-06,3e-06,0.004503,-0.113951,0.16299,-1.05112
1846,0.162257,-0.007749,0.288355,-0.834121,-0.167313,-0.525637,-0.292092,-0.674427,0.678087,-0.466922,0.719347,0.514344,-0.0,-1e-06,-2e-06,0.0,0.0,0.0,-1.866324,-0.153643,-0.029865,0.334786,-0.851852,-0.333133,0.40418,0.502374,-0.737554,0.451185,0.148865,0.587808,0.7951,-0.000671,0.01667,0.016495,-0.170816,0.06363,0.18106,-0.178045,0.050198,0.03925,0.010243,0.877463,0.300555,0.373796,-0.455904,0.764761,0.455291,-0.149026,-0.569917,0.808074,0.000185,0.003054,0.012678,-0.650594,-0.42068,0.704776,-0.353159,0.08357,0.046598,-0.061058,0.814742,0.259752,-0.518385,0.202694,0.710038,0.674358,0.54324,-0.654502,0.525848,1e-06,4e-06,7e-06,8.2e-05,-7.6e-05,-4.6e-05,-1.051447
1847,0.162236,-0.007751,0.288369,-0.833763,-0.167219,-0.526233,-0.292574,-0.674515,0.677792,-0.467258,0.719287,0.514124,2.4e-05,0.000263,0.00031,0.0,0.0,0.0,-1.865442,-0.153596,-0.029604,0.33514,-0.85485,-0.330857,0.399694,0.49854,-0.736797,0.456642,0.144479,0.590038,0.794257,0.014011,0.017453,0.015689,-0.172984,0.125208,0.186669,-0.185359,0.050221,0.039388,0.010427,0.880348,0.297952,0.369068,-0.451756,0.763848,0.460925,-0.144578,-0.572504,0.807054,-0.000343,0.008139,0.008025,-0.275635,0.212475,0.190608,-0.36263,0.083559,0.046597,-0.061051,0.814333,0.259582,-0.519112,0.203262,0.710214,0.674002,0.54364,-0.654379,0.525588,1.4e-05,0.000174,0.000208,6.7e-05,-5.2e-05,-6.2e-05,-1.050957
1848,0.16218,-0.007749,0.288372,-0.832988,-0.167021,-0.527523,-0.293588,-0.674745,0.677124,-0.468005,0.719117,0.513682,0.0,0.0,0.0,0.004403,-0.113791,0.163067,-1.865869,-0.153501,-0.029073,0.335852,-0.859989,-0.326054,0.392554,0.491526,-0.735544,0.466166,0.137821,0.594256,0.792293,0.014014,0.016529,0.014683,-0.009664,-0.050781,0.097889,-0.197922,0.050268,0.039653,0.010776,0.885136,0.29201,0.362302,-0.444193,0.762216,0.470868,-0.138654,-0.577715,0.804375,-0.000317,0.007471,0.007321,-0.06469,-0.218126,0.185924,-0.377979,0.083531,0.046598,-0.061049,0.813671,0.259316,-0.520281,0.20415,0.710523,0.673408,0.544298,-0.654149,0.525193,0.0,-3e-06,0.0,6.8e-05,-2.8e-05,-4.2e-05,-1.053733
1849,0.162159,-0.007728,0.28838,-0.832143,-0.166795,-0.528925,-0.294682,-0.675015,0.676379,-0.468818,0.718915,0.513223,2e-06,2.3e-05,2.8e-05,0.0,0.0,0.0,-1.866105,-0.153298,-0.028676,0.336564,-0.861156,-0.323454,0.392147,0.489565,-0.734933,0.469184,0.13752,0.596426,0.790713,0.015099,0.004797,0.022319,-0.032732,-0.020172,0.035362,-0.200185,0.05037,0.039859,0.011138,0.886214,0.289436,0.361731,-0.442094,0.761755,0.473583,-0.138479,-0.579616,0.803036,0.000204,0.002354,0.011869,-0.027108,-0.022239,0.029944,-0.384184,0.083521,0.046609,-0.061044,0.812804,0.258951,-0.521816,0.205309,0.710948,0.672606,0.545156,-0.653831,0.524697,0.0,3e-06,5e-06,0.004454,-0.113832,0.163033,-1.054876
1850,0.162148,-0.007722,0.288388,-0.831687,-0.166672,-0.529681,-0.29528,-0.675151,0.675983,-0.469251,0.718816,0.512966,8e-06,8.5e-05,0.0001,0.0,0.0,0.0,-1.865601,-0.153195,-0.028545,0.336982,-0.861074,-0.323538,0.392258,0.489774,-0.734548,0.469569,0.137286,0.596855,0.79043,0.000444,0.004307,0.023314,-0.04515,0.073287,-0.144509,-0.200865,0.050427,0.039922,0.011346,0.886204,0.289501,0.361704,-0.4422,0.761448,0.473977,-0.138202,-0.579987,0.802816,0.00022,0.001914,0.011421,-0.032312,-0.01931,0.030674,-0.385653,0.083516,0.046612,-0.061041,0.812375,0.258768,-0.522575,0.205891,0.71115,0.672215,0.545578,-0.653684,0.524443,3e-06,4.2e-05,5.1e-05,0.004458,-0.113824,0.163035,-1.056019
1851,0.162125,-0.007733,0.288375,-0.830893,-0.166458,-0.530993,-0.296316,-0.675386,0.675295,-0.470004,0.718645,0.512517,-2.1e-05,-0.000226,-0.000267,0.0,0.0,0.0,-1.865295,-0.152878,-0.02843,0.337865,-0.86199,-0.323743,0.39007,0.488972,-0.733459,0.472099,0.134341,0.598082,0.790008,0.000473,0.003366,0.022331,-0.03283,-0.018392,0.031541,-0.200954,0.050585,0.039981,0.011788,0.886987,0.289726,0.359598,-0.441507,0.760305,0.476452,-0.135365,-0.581372,0.802297,0.007539,0.001873,0.01059,-0.030886,-0.033687,0.0601,-0.38696,0.083504,0.046607,-0.061047,0.811626,0.258452,-0.523893,0.206898,0.711501,0.671535,0.54631,-0.653428,0.523999,-1.3e-05,-0.000145,-0.00017,3.9e-05,-2.1e-05,-7e-06,-1.05406
1852,0.162136,-0.007742,0.28838,-0.830278,-0.166282,-0.532009,-0.297136,-0.67555,0.67477,-0.470572,0.71853,0.512156,-0.0,-0.0,-0.0,0.0,0.0,0.0,-1.865074,-0.152547,-0.028383,0.338693,-0.862872,-0.323972,0.387924,0.488209,-0.732334,0.47463,0.131403,0.599337,0.789551,0.000585,0.000591,0.019601,-0.034612,-0.005156,0.006006,-0.200796,0.05075,0.040008,0.012206,0.887817,0.289897,0.357406,-0.440714,0.759177,0.478979,-0.13248,-0.58276,0.801772,0.007563,0.001025,0.009745,-0.032627,-0.020371,0.034745,-0.387286,0.083509,0.046602,-0.061045,0.811048,0.258195,-0.524914,0.207699,0.711756,0.671016,0.546865,-0.653251,0.523642,-0.0,4e-06,6e-06,5.7e-05,9e-06,-3.4e-05,-1.05308
1853,0.162148,-0.007737,0.288387,-0.829949,-0.166186,-0.532553,-0.297568,-0.675649,0.674481,-0.470879,0.71846,0.511972,2.8e-05,0.000309,0.000365,0.0,0.0,0.0,-1.865352,-0.152361,-0.028367,0.339075,-0.863991,-0.323985,0.385415,0.486941,-0.731843,0.476684,0.128707,0.59993,0.789545,0.000597,0.000214,0.019218,-0.120284,-0.196368,0.18171,-0.200347,0.050838,0.040015,0.012389,0.888514,0.289889,0.355675,-0.439885,0.75868,0.480525,-0.130545,-0.583411,0.801616,0.007602,9.5e-05,0.008839,-1.004152,-1.998211,1.703597,-0.38745,0.083515,0.046604,-0.061043,0.810739,0.258057,-0.52546,0.20812,0.711902,0.67073,0.547163,-0.653146,0.52346,2.1e-05,0.000243,0.000288,5.7e-05,-2e-06,-2.3e-05,-1.052263
1854,0.162148,-0.007731,0.288393,-0.831082,-0.166458,-0.530697,-0.296144,-0.675281,0.675475,-0.469778,0.718743,0.512586,2.4e-05,0.000263,0.000311,-0.0,0.0,-0.0,-1.86598,-0.152054,-0.028277,0.339615,-0.865162,-0.323961,0.3828,0.485597,-0.73128,0.478914,0.125867,0.600629,0.789471,0.014209,0.00892,0.007035,0.003817,-0.028388,0.054824,-0.200006,0.050991,0.04006,0.012666,0.889942,0.289751,0.352202,-0.438042,0.758038,0.483214,-0.126971,-0.584312,0.801533,0.007108,0.004175,0.003239,0.006007,-0.024045,0.050935,-0.387123,0.083516,0.046607,-0.061039,0.811818,0.258481,-0.523582,0.206726,0.711375,0.671721,0.54609,-0.653553,0.524072,1.5e-05,0.000168,0.000198,7.8e-05,-0.001078,0.001422,-1.051937
1855,0.162139,-0.007722,0.288419,-0.830764,-0.166372,-0.531222,-0.296571,-0.675356,0.675213,-0.470071,0.718692,0.512389,0.000109,0.0012,0.001416,0.000638,-0.016488,0.023629,-1.865621,-0.151785,-0.028076,0.339935,-0.868014,-0.321708,0.378215,0.481587,-0.730389,0.484293,0.12153,0.602918,0.788405,-0.000323,0.006895,0.006584,-0.006875,-0.00687,0.031337,-0.200255,0.051126,0.040155,0.012827,0.892545,0.287216,0.347664,-0.433924,0.756881,0.488713,-0.122774,-0.587058,0.80018,0.007131,0.00358,0.00266,0.013192,-0.043863,0.068316,-0.387613,0.083511,0.046609,-0.061028,0.811521,0.258355,-0.524104,0.20714,0.711496,0.671464,0.546375,-0.653471,0.523878,3e-06,2.6e-05,3e-05,2.7e-05,-2.3e-05,2.3e-05,-1.051774
1856,0.162152,-0.007735,0.288468,-0.831732,-0.166589,-0.529636,-0.295414,-0.674963,0.676113,-0.469086,0.719012,0.512842,5e-05,0.00055,0.000649,-8.1e-05,0.001175,-0.001634,-1.866827,-0.151514,-0.027796,0.340144,-0.870773,-0.315199,0.377354,0.476758,-0.728351,0.492077,0.120834,0.608787,0.78399,0.014253,0.007255,0.005408,-0.17704,0.147018,0.157902,-0.200419,0.051261,0.040297,0.012934,0.89488,0.281167,0.346604,-0.429245,0.754884,0.495881,-0.122221,-0.592532,0.79622,-0.00014,0.002852,0.00271,-0.265699,0.241654,0.128328,-0.388103,0.083517,0.046605,-0.061001,0.812462,0.258708,-0.52247,0.205997,0.710966,0.672378,0.545408,-0.653909,0.52434,3.5e-05,-0.005484,0.004131,-0.035543,0.014178,-0.017192,-1.049977
1857,0.162154,-0.007738,0.288512,-0.831639,-0.166558,-0.529793,-0.295577,-0.674935,0.67607,-0.46915,0.719046,0.512737,0.000111,0.001223,0.001442,-0.0,0.0,-0.0,-1.86701,-0.1514,-0.027666,0.340255,-0.873124,-0.308974,0.377071,0.472537,-0.725955,0.499632,0.120457,0.614805,0.779339,0.014282,0.006489,0.004671,-0.363614,0.338885,0.237399,-0.200181,0.051318,0.040363,0.012991,0.896857,0.275498,0.346043,-0.425189,0.752581,0.502825,-0.121898,-0.598097,0.792098,-0.000156,0.003114,0.002957,-0.569317,0.493489,0.287972,-0.388103,0.083518,0.046602,-0.060981,0.812345,0.258655,-0.522678,0.206201,0.710971,0.67231,0.545506,-0.653924,0.524219,7e-05,0.000781,0.000921,3.7e-05,-0.000603,0.000817,-1.050957
1858,0.16216,-0.007749,0.288643,-0.833553,-0.164623,-0.527385,-0.294149,-0.675848,0.675779,-0.466647,0.71863,0.515595,0.000197,0.002167,0.002554,0.052658,0.038515,0.060504,-1.867322,-0.151205,-0.027419,0.340454,-0.876589,-0.29833,0.377601,0.465886,-0.722081,0.511353,0.121204,0.624537,0.771444,0.014243,0.006995,0.00514,-0.291722,0.256731,0.222504,-0.200176,0.051416,0.040484,0.013088,0.899935,0.264172,0.346885,-0.41814,0.748383,0.514859,-0.123592,-0.608387,0.783957,-0.000137,0.002719,0.002578,-0.407244,0.290509,0.383697,-0.38794,0.083521,0.046596,-0.060917,0.814479,0.256979,-0.520178,0.204515,0.711851,0.671893,0.542952,-0.653627,0.527232,5.3e-05,0.000609,0.000718,0.047612,0.056489,0.043081,-1.050957
1859,0.162164,-0.00779,0.288752,-0.833999,-0.162321,-0.527393,-0.294609,-0.677209,0.674215,-0.46556,0.717869,0.517634,5.9e-05,0.000651,0.000767,0.137915,0.145869,0.097736,-1.866866,-0.151047,-0.02714,0.340602,-0.880129,-0.287541,0.377736,0.458952,-0.718203,0.522954,0.122023,0.633987,0.763567,-0.000222,0.004495,0.004259,-0.122209,0.038254,0.252496,-0.200173,0.051501,0.040627,0.013164,0.903077,0.252364,0.34751,-0.41072,0.743997,0.527044,-0.12554,-0.618691,0.775538,-0.000128,0.002585,0.002447,-0.108441,0.114308,0.109792,-0.388266,0.083524,0.046579,-0.060857,0.81498,0.255252,-0.520243,0.204872,0.712871,0.670702,0.542065,-0.653192,0.528682,3e-05,0.000354,0.000416,0.221168,0.20638,0.136659,-1.051447
1860,0.162165,-0.007823,0.288794,-0.834022,-0.16232,-0.527357,-0.294646,-0.677109,0.674299,-0.465497,0.717963,0.51756,1.6e-05,0.000174,0.000205,0.002016,0.002132,0.001428,-1.867767,-0.151012,-0.027019,0.340627,-0.882355,-0.281272,0.377262,0.454681,-0.715598,0.530207,0.121941,0.639714,0.758789,-0.000173,0.003496,0.003311,-0.333664,0.308493,0.215106,-0.199956,0.051518,0.040688,0.013177,0.904982,0.247023,0.34639,-0.406577,0.741941,0.533121,-0.125308,-0.623299,0.771877,-6.3e-05,0.001189,0.00112,-0.518538,0.454441,0.234673,-0.388103,0.083524,0.046563,-0.060836,0.815224,0.254615,-0.520172,0.205039,0.71311,0.670397,0.541633,-0.65318,0.529139,3e-06,4.9e-05,5.8e-05,-0.013885,-0.006542,-0.003837,-1.051937
1861,0.162176,-0.007902,0.288844,-0.834533,-0.160034,-0.527247,-0.295009,-0.678465,0.672776,-0.464351,0.717193,0.519653,-1.2e-05,-0.000137,-0.000161,0.000761,0.000805,0.000539,-1.870174,-0.151066,-0.026792,0.340491,-0.88561,-0.274973,0.374268,0.448835,-0.713163,0.538404,0.119978,0.645141,0.754494,-0.001099,0.010578,-0.008853,-0.045635,0.070631,0.065964,-0.200081,0.051491,0.040801,0.013116,0.908007,0.239394,0.34382,-0.400101,0.738905,0.54216,-0.124261,-0.629848,0.766713,-0.007249,-0.000675,0.00011,-0.065079,0.093952,0.017036,-0.388593,0.08353,0.046523,-0.060812,0.815994,0.252419,-0.520036,0.205285,0.714445,0.668898,0.54038,-0.652573,0.531166,-1.1e-05,-0.00011,-0.000131,-0.010032,-0.005499,-0.003343,-1.0521
1862,0.162186,-0.008001,0.288886,-0.835072,-0.157755,-0.527079,-0.295346,-0.679789,0.67129,-0.463167,0.71644,0.521743,6e-06,-0.011669,0.007437,-0.03351,0.016547,-0.015943,-1.871027,-0.151265,-0.026486,0.340147,-0.889624,-0.270642,0.367849,0.44205,-0.711948,0.545578,0.115348,0.648302,0.752504,-0.001042,0.009461,-0.009909,-0.04213,0.067128,0.064033,-0.200929,0.051392,0.040951,0.012941,0.911619,0.234953,0.337263,-0.393196,0.73758,0.548972,-0.119776,-0.633064,0.764776,-0.007761,0.00398,-0.004913,-0.046787,0.094226,0.036628,-0.388919,0.083534,0.046477,-0.060795,0.816801,0.250185,-0.519849,0.205469,0.715842,0.667347,0.53909,-0.651902,0.533295,-3e-06,-1.9e-05,-2.1e-05,-0.013715,-0.006743,-0.003955,-1.052427
1863,0.162219,-0.0081,0.288927,-0.83551,-0.15544,-0.527073,-0.295823,-0.681138,0.66971,-0.462073,0.715661,0.523778,-8.8e-05,-0.000968,-0.00114,0.006288,0.006656,0.004451,-1.870618,-0.151644,-0.02603,0.339637,-0.894492,-0.266363,0.359064,0.433754,-0.710955,0.553475,0.108975,0.651153,0.750991,-0.001039,0.009466,-0.009901,-0.178598,0.175472,0.152542,-0.200629,0.051202,0.041178,0.012684,0.915954,0.23112,0.32804,-0.38499,0.736696,0.555931,-0.113179,-0.6355,0.76376,-0.007759,0.004053,-0.004845,-0.333278,0.246815,0.184986,-0.389409,0.083551,0.046425,-0.060769,0.817533,0.247899,-0.519794,0.205781,0.717259,0.665727,0.53786,-0.651218,0.53537,-5.1e-05,-0.000562,-0.000662,-0.017052,0.010978,-0.026437,-1.052917
1864,0.16223,-0.008162,0.288966,-0.835561,-0.155441,-0.526993,-0.295851,-0.680994,0.669844,-0.461965,0.715798,0.523688,1e-05,-0.011641,0.007471,-0.035435,0.014499,-0.017312,-1.870281,-0.151861,-0.025737,0.339339,-0.895909,-0.264191,0.35713,0.43105,-0.71068,0.555935,0.108055,0.652334,0.750098,-0.001023,0.009158,-0.010191,-0.023012,0.048634,0.053331,-0.200715,0.051093,0.041328,0.012532,0.917288,0.227973,0.32651,-0.381917,0.735844,0.55917,-0.112785,-0.63762,0.762049,-0.000502,0.004547,-0.005119,0.016195,0.03319,0.04521,-0.389572,0.083556,0.046392,-0.060753,0.817539,0.248017,-0.519727,0.205879,0.716979,0.665998,0.537813,-0.65148,0.535097,5e-06,-0.005811,0.003748,-0.03901,0.011854,-0.019001,-1.053243
1865,0.162219,-0.008252,0.289035,-0.835944,-0.153123,-0.527064,-0.296403,-0.682332,0.668236,-0.460919,0.715019,0.525669,-0.014776,0.000831,0.001155,0.022085,0.039151,-0.013231,-1.869412,-0.152407,-0.025003,0.338711,-0.901496,-0.255585,0.349245,0.420362,-0.7083,0.567046,0.103573,0.658314,0.745492,-0.016656,0.020072,-0.017224,-0.188003,0.245113,0.157452,-0.201038,0.050826,0.041686,0.012223,0.922135,0.219912,0.318283,-0.371429,0.73336,0.569405,-0.108197,-0.643288,0.757939,-0.008321,0.010064,-0.008579,-0.302171,0.333599,0.185898,-0.389736,0.083556,0.04635,-0.060722,0.81821,0.245666,-0.519787,0.206189,0.718571,0.664184,0.536672,-0.650617,0.537288,2.4e-05,0.000289,0.00034,0.005736,0.019927,0.014378,-1.053406
