frame,MLTx,MLTy,MLTz,MLTR1,MLTR2,MLTR3,MLTR4,MLTR5,MLTR6,MLTR7,MLTR8,MLTR9,MLTTVx,MLTTVy,MLTTVz,MLTRVx,MLTRVy,MLTRVz,MLGA,MRTx,MRTy,MRTz,MRTR1,MRTR2,MRTR3,MRTR4,MRTR5,MRTR6,MRTR7,MRTR8,MRTR9,MRTTVx,MRTTVy,MRTTVz,MRTRVx,MRTRVy,MRTRVz,MRGA,SLTx,SLTy,SLTz,SLTR1,SLTR2,SLTR3,SLTR4,SLTR5,SLTR6,SLTR7,SLTR8,SLTR9,SLTTVx,SLTTVy,SLTTVz,SLTRVx,SLTRVy,SLTRVz,SLGA,SRTx,SRTy,SRTz,SRTR1,SRTR2,SRTR3,SRTR4,SRTR5,SRTR6,SRTR7,SRTR8,SRTR9,SRTTVx,SRTTVy,SRTTVz,SRTRVx,SRTRVy,SRTRVz,SRGA
1452,0.060299,0.033278,0.347613,-0.765394,0.200198,-0.611669,-0.428439,-0.867693,0.252033,-0.479337,0.454714,0.750666,-0.023086,0.019785,-0.002454,0.323948,0.349454,0.169934,-1.91544,-0.124305,0.078705,0.298426,0.452029,0.592097,0.667146,-0.875168,0.438745,0.203759,-0.172613,-0.676705,0.715638,0.052401,-0.009639,-0.078462,-0.964388,-0.533246,-0.817418,0.324575,0.031041,0.058085,-0.033842,-0.339046,-0.657609,0.672753,0.934496,-0.317861,0.160251,0.108459,0.683018,0.722303,0.026297,-0.005041,-0.039436,-3.554417,-1.174269,-3.759137,0.267019,0.067358,0.041438,-0.068453,-0.769413,0.11647,-0.628042,-0.328339,-0.915506,0.232467,-0.547901,0.385073,0.742645,-0.0114,0.010239,-0.000933,0.338381,0.458773,0.040361,-0.810757
1453,0.05985,0.033764,0.34753,-0.768352,0.212755,-0.603668,-0.431471,-0.868796,0.242896,-0.471836,0.446825,0.760095,-0.020822,0.032187,-0.009524,0.373104,0.448611,0.025514,-1.915416,-0.123276,0.078506,0.296903,0.447419,0.602729,0.660699,-0.881046,0.423593,0.210383,-0.153609,-0.676985,0.719693,0.05191,-0.005366,-0.075554,-0.50072,0.140069,0.184074,0.319308,0.031537,0.057982,-0.034579,-0.331764,-0.669265,0.664842,0.938991,-0.302042,0.164516,0.090705,0.678861,0.728641,0.025984,-0.002573,-0.03771,-3.464412,-1.379817,-3.66127,0.257058,0.067142,0.041669,-0.06849,-0.773661,0.128085,-0.620516,-0.331209,-0.916645,0.223742,-0.540136,0.378622,0.751596,-0.011241,0.010587,-0.000661,0.48918,0.636412,0.112328,-0.807981
1454,0.059108,0.03488,0.347596,-0.76819,0.244014,-0.591934,-0.441379,-0.871551,0.213434,-0.462869,0.424917,0.777961,-0.018099,0.031401,0.006762,1.768135,-1.316724,1.686277,-1.914761,-0.12145,0.078192,0.2942,0.440358,0.62428,0.645253,-0.890903,0.392454,0.228484,-0.111132,-0.676248,0.728149,0.041252,-0.014381,-0.066456,-0.028742,0.047861,0.314842,0.314691,0.032473,0.057828,-0.035961,-0.322899,-0.688441,0.649448,0.945272,-0.268571,0.185283,0.046867,0.673733,0.737486,0.026777,-0.006361,-0.033315,-0.045278,-0.04845,0.497974,0.246444,0.066759,0.042212,-0.068469,-0.778941,0.157152,-0.607085,-0.339205,-0.919828,0.197118,-0.527437,0.359469,0.769798,-0.008885,0.0161,0.003707,0.700822,0.865177,0.331216,-0.806674
1455,0.05884,0.03593,0.347981,-0.768,0.28217,-0.57498,-0.450193,-0.876357,0.17116,-0.454641,0.389947,0.800793,0.007278,0.017255,0.013626,0.969881,1.07711,0.752631,-1.914836,-0.119665,0.077695,0.291743,0.4324,0.640865,0.634282,-0.898941,0.360488,0.248773,-0.069751,-0.678547,0.731144,0.040342,-0.007507,-0.061466,-1.139059,-0.700452,-0.587667,0.316333,0.033382,0.057571,-0.037217,-0.313881,-0.703161,0.637998,0.949443,-0.236744,0.206179,0.006065,0.670459,0.741921,0.020152,-0.003473,-0.030525,-1.128383,-0.741996,-0.603752,0.244975,0.06662,0.04277,-0.06827,-0.782111,0.195269,-0.591753,-0.346614,-0.925492,0.152717,-0.517843,0.324551,0.79152,0.003762,0.008912,0.00704,0.946538,1.059054,0.738788,-0.814022
1456,0.0591,0.03668,0.348557,-0.770659,0.317307,-0.552671,-0.459214,-0.877795,0.136272,-0.440938,0.358414,0.822885,0.008446,0.020066,0.015727,0.412527,0.541128,0.556133,-1.915217,-0.118173,0.077308,0.289497,0.429439,0.646058,0.631016,-0.901824,0.342762,0.262987,-0.046909,-0.682805,0.728999,0.029289,-0.015856,-0.05128,-0.122974,-0.017874,0.141935,0.308176,0.034102,0.057385,-0.0383,-0.310114,-0.707733,0.634777,0.950543,-0.218734,0.220505,-0.017211,0.671765,0.740563,0.014697,-0.008034,-0.025753,-1.103925,-0.399768,-0.937032,0.240403,0.066748,0.04314,-0.067986,-0.790023,0.230906,-0.567929,-0.354492,-0.92785,0.115878,-0.500197,0.292873,0.814878,0.00406,0.009656,0.007571,0.28704,0.791625,0.707197,-0.820717
1457,0.059282,0.037073,0.34884,-0.771037,0.332362,-0.543216,-0.465086,-0.87656,0.123727,-0.434085,0.347622,0.831118,0.008566,0.020381,0.01591,0.546447,0.699159,0.276962,-1.915223,-0.117622,0.077118,0.288536,0.429352,0.646406,0.630719,-0.90232,0.335323,0.270759,-0.037001,-0.686164,0.726411,0.028717,-0.012479,-0.04855,-1.251537,-0.277158,-0.747484,0.299419,0.034393,0.057287,-0.038803,-0.310248,-0.708441,0.633922,0.950297,-0.212836,0.227231,-0.026058,0.672913,0.739262,0.014494,-0.006637,-0.024649,-3.853303,-1.173504,-3.450718,0.234197,0.06684,0.043339,-0.067842,-0.791935,0.244981,-0.559305,-0.360454,-0.926918,0.104377,-0.492859,0.284264,0.822364,0.004469,0.010649,0.008311,0.543691,0.704107,0.289611,-0.827576
1458,0.059787,0.037628,0.349456,-0.769157,0.349941,-0.534775,-0.475931,-0.872078,0.113761,-0.425603,0.341576,0.837982,0.004685,0.004203,0.019948,0.113085,0.173298,0.116406,-1.915035,-0.116568,0.076362,0.286897,0.42191,0.659825,0.621783,-0.906503,0.314702,0.281335,-0.010562,-0.683165,0.730094,0.029692,-0.018205,-0.037324,-0.018146,-0.149611,0.165915,0.271288,0.034914,0.056918,-0.039614,-0.301174,-0.720237,0.624941,0.952084,-0.190564,0.239208,-0.053196,0.66704,0.743119,0.015905,-0.015169,-0.015713,-0.512086,-0.97516,0.231687,0.203825,0.067101,0.043636,-0.067519,-0.792589,0.263311,-0.549971,-0.37163,-0.923675,0.093343,-0.483417,0.278369,0.82995,0.002267,0.001946,0.009851,0.092453,0.149459,0.101419,-0.837536
1459,0.060241,0.037829,0.349874,-0.76291,0.353733,-0.54119,-0.478054,-0.872165,0.103745,-0.434365,0.337422,0.835165,0.003907,0.009375,0.007229,0.003974,-0.019677,0.027666,-1.914756,-0.115401,0.075338,0.285726,0.408595,0.687007,0.600886,-0.912309,0.289849,0.289159,0.023986,-0.667196,0.744404,0.031257,-0.026732,-0.028493,-0.28658,-0.490512,-0.183163,0.246269,0.035502,0.056406,-0.040213,-0.285215,-0.74528,0.602668,0.954785,-0.165894,0.246705,-0.083885,0.645783,0.758898,0.016625,-0.019104,-0.011014,-1.19393,-1.386774,-0.721858,0.170188,0.067321,0.043737,-0.067316,-0.786605,0.267665,-0.556422,-0.37342,-0.9239,0.083459,-0.49174,0.273429,0.826696,0.001879,0.004526,0.003485,0.027194,-0.077536,0.045714,-0.842108
1460,0.060398,0.037965,0.349957,-0.757444,0.355559,-0.547634,-0.479675,-0.872033,0.097173,-0.442067,0.335842,0.831754,0.002908,0.006987,0.005379,-0.000501,-0.121998,0.192822,-1.914993,-0.114713,0.074808,0.285252,0.402726,0.698118,0.591975,-0.914588,0.28254,0.289196,0.034142,-0.658748,0.751498,0.032793,-0.035551,-0.019651,0.17466,-0.27939,-0.079385,0.233995,0.035858,0.056129,-0.040462,-0.2784,-0.755346,0.593248,0.955938,-0.158017,0.24741,-0.093138,0.635988,0.766057,0.016355,-0.017488,-0.009574,0.220729,-0.298677,-0.111372,0.152226,0.067399,0.043798,-0.067267,-0.781311,0.269999,-0.562718,-0.374766,-0.923912,0.077042,-0.499101,0.271081,0.82305,0.001526,0.003682,0.002829,-0.004707,-0.010965,0.017803,-0.843578
1461,0.06053,0.038152,0.34993,-0.741348,0.363486,-0.564203,-0.485142,-0.871096,0.076168,-0.462872,0.329729,0.822834,-0.000282,-0.000678,-0.000521,0.00354,-0.110311,0.171571,-1.914404,-0.1132,0.073715,0.284661,0.391685,0.717289,0.576257,-0.918799,0.27271,0.285259,0.046981,-0.642088,0.765101,0.043696,-0.02495,-0.011788,0.387404,-0.591869,-0.083502,0.227057,0.036616,0.05558,-0.040761,-0.266026,-0.772181,0.577031,0.958413,-0.147718,0.244176,-0.10331,0.617992,0.779366,0.021759,-0.012018,-0.005488,0.517833,-0.676149,-0.159799,0.130018,0.067474,0.043904,-0.067277,-0.765876,0.280007,-0.578816,-0.379744,-0.923409,0.055762,-0.51887,0.262509,0.813549,0.000507,0.004716,-0.00469,0.027857,-0.139225,0.177722,-0.847987
1462,0.06052,0.038116,0.34963,-0.711123,0.37675,-0.59364,-0.496249,-0.867043,0.044106,-0.497215,0.325484,0.804279,-0.003479,-0.008365,-0.006447,0.134414,-0.488654,0.59084,-1.914667,-0.111696,0.072815,0.284449,0.37909,0.734866,0.562365,-0.923437,0.262141,0.280142,0.057982,-0.626423,0.777236,0.041966,-0.016016,-0.003463,0.185388,-0.440779,0.167441,0.2519,0.037369,0.055128,-0.040868,-0.250615,-0.788386,0.561817,0.96173,-0.136361,0.237654,-0.110753,0.599876,0.792389,0.020895,-0.007581,-0.001349,0.154422,-0.419522,0.183372,0.140142,0.067469,0.043887,-0.067427,-0.736623,0.297111,-0.607543,-0.390523,-0.920294,0.023435,-0.552156,0.254523,0.793939,-0.00191,-0.004601,-0.003546,0.131035,-0.483077,0.586713,-0.847824
1463,0.06036,0.037709,0.349191,-0.689781,0.390569,-0.609675,-0.512525,-0.858131,0.030044,-0.510594,0.332706,0.79286,-0.006023,-0.014459,-0.011201,-0.127459,-0.657867,0.691916,-1.915167,-0.110431,0.072098,0.284491,0.369739,0.747573,0.551742,-0.926727,0.254746,0.276073,0.065377,-0.61432,0.786257,0.028407,-0.012924,0.001341,0.067253,-0.233188,0.093675,0.265137,0.038001,0.054773,-0.040845,-0.239861,-0.799619,0.550522,0.96385,-0.128382,0.233475,-0.116014,0.586622,0.801507,0.01414,-0.006171,0.000928,0.014121,-0.196569,0.122302,0.165942,0.067391,0.043686,-0.067644,-0.717422,0.313362,-0.62218,-0.406955,-0.913401,0.009214,-0.565414,0.25981,0.782818,-0.002202,-0.001801,-0.009735,-0.159746,-0.670268,0.509095,-0.83721
1464,0.060212,0.037454,0.34893,-0.679003,0.398763,-0.616431,-0.521224,-0.853116,0.022173,-0.516207,0.335853,0.787884,-0.006398,-0.015341,-0.011921,-0.004847,-0.412477,0.646374,-1.915558,-0.109874,0.071772,0.284565,0.363482,0.752946,0.548583,-0.929014,0.24983,0.27286,0.067951,-0.60976,0.789581,0.02814,-0.011549,0.002639,0.017593,-0.41695,-0.680682,0.26096,0.038262,0.054622,-0.040807,-0.236305,-0.802402,0.548005,0.96446,-0.125072,0.23275,-0.118219,0.58353,0.80344,0.015163,-0.011637,0.004428,-3.107962,-1.658145,-4.181207,0.169698,0.067315,0.043555,-0.067777,-0.70732,0.322504,-0.629037,-0.416062,-0.909334,0.001631,-0.57148,0.262872,0.777372,-0.003555,-0.008544,-0.006634,0.006782,-0.382772,0.630379,-0.83623
1465,0.059739,0.037022,0.348357,-0.664871,0.403001,-0.628952,-0.534475,-0.844838,0.023584,-0.521037,0.351334,0.777889,-0.005412,-0.005918,-0.0214,-0.165759,-0.549977,0.296424,-1.915058,-0.10893,0.071219,0.284949,0.354995,0.765384,0.536803,-0.931414,0.240871,0.272732,0.079009,-0.597759,0.797687,0.016442,-0.019661,0.014403,0.228759,-0.368799,-0.121974,0.253569,0.038751,0.054335,-0.040615,-0.224506,-0.814401,0.535114,0.966076,-0.114082,0.231691,-0.127642,0.568977,0.812386,0.008136,-0.009479,0.007521,0.337119,-0.427053,-0.179168,0.163003,0.067077,0.043332,-0.068063,-0.69364,0.329101,-0.640746,-0.430349,-0.902659,0.002249,-0.577636,0.277304,0.767748,-0.009027,-0.001253,-0.009653,-0.277199,-0.61658,0.172558,-0.83427
1466,0.059203,0.036724,0.347694,-0.660278,0.410166,-0.629161,-0.543994,-0.838729,0.024026,-0.517025,0.357608,0.777708,-0.018248,-0.002804,-0.019647,-0.108392,-0.125648,0.322429,-1.914905,-0.108179,0.070766,0.285599,0.347306,0.77617,0.526242,-0.933195,0.231347,0.274882,0.091184,-0.587522,0.803969,0.015078,-0.013644,0.020158,-0.029201,-0.050478,-0.022632,0.249705,0.039121,0.054113,-0.040297,-0.214906,-0.824396,0.523626,0.966943,-0.104264,0.232698,-0.13724,0.556326,0.819552,0.007448,-0.006472,0.010402,-0.035727,-0.159269,0.133813,0.157614,0.066813,0.04318,-0.068397,-0.689645,0.336427,-0.641253,-0.440513,-0.897741,0.002764,-0.57475,0.284387,0.767323,-0.002838,-0.00326,-0.010971,-0.471227,0.424345,-0.124914,-0.836557
1467,0.058971,0.036542,0.347318,-0.656738,0.4133,-0.630812,-0.547662,-0.836391,0.022094,-0.517662,0.359463,0.776427,-0.018753,-0.003936,-0.020593,0.030564,-0.189639,0.271375,-1.915585,-0.107876,0.070551,0.28601,0.341404,0.77971,0.524868,-0.935007,0.225248,0.273785,0.094829,-0.5852,0.80524,0.01472,-0.012081,0.021646,-2.941332,-1.553904,-4.46217,0.249013,0.039272,0.054007,-0.04009,-0.213486,-0.825649,0.522233,0.967276,-0.103614,0.231602,-0.137111,0.554587,0.820751,0.007245,-0.005593,0.011237,-0.070819,-0.021063,0.002335,0.155981,0.0667,0.043094,-0.068574,-0.686667,0.339906,-0.642612,-0.444343,-0.895855,0.000948,-0.575366,0.286191,0.76619,-0.010006,-0.006999,-0.005837,0.001588,-0.171559,0.260847,-0.837373
1468,0.058496,0.036438,0.346513,-0.655568,0.413071,-0.632177,-0.549752,-0.834953,0.024443,-0.516932,0.363046,0.775246,-0.017747,-0.001444,-0.018705,0.021148,0.006923,-0.07512,-1.914976,-0.107511,0.070095,0.286834,0.337182,0.785508,0.518919,-0.935685,0.219243,0.276332,0.102878,-0.579699,0.808226,0.002346,-0.015089,0.020739,-0.069396,-0.003031,-0.016564,0.247138,0.039458,0.053788,-0.039671,-0.204074,-0.832023,0.515839,0.96774,-0.091926,0.23458,-0.147757,0.54707,0.823942,0.007369,-0.006122,0.010736,-0.078859,-0.00572,0.019663,0.153695,0.066457,0.043032,-0.068991,-0.684966,0.339966,-0.644394,-0.446943,-0.894556,0.003138,-0.57538,0.290157,0.764686,-0.008775,-0.000518,-0.009181,0.037172,-0.078415,0.106526,-0.838026
1469,0.05806,0.036323,0.345774,-0.654388,0.406855,-0.63741,-0.548507,-0.835603,0.029674,-0.51974,0.368532,0.770767,-0.017294,-0.00028,-0.01785,-0.295457,-0.462668,-0.377058,-1.915225,-0.107244,0.069611,0.287581,0.329106,0.794342,0.510589,-0.937053,0.208319,0.280124,0.115746,-0.571631,0.812222,0.002583,-0.016092,0.019795,-0.070229,-0.002471,-0.015966,0.233485,0.039592,0.053542,-0.039288,-0.195281,-0.839525,0.507013,0.967722,-0.08097,0.238656,-0.159305,0.537253,0.828239,0.001286,-0.008076,0.009867,-0.075024,0.009917,-0.013592,0.143898,0.066239,0.042974,-0.06936,-0.683538,0.335846,-0.648059,-0.445862,-0.895078,0.006412,-0.57791,0.293329,0.761562,-0.002207,-0.001708,-0.009836,0.010593,-0.041874,-0.034566,-0.839169
1470,0.057694,0.036341,0.345166,-0.650057,0.403355,-0.644031,-0.547485,-0.836304,0.028751,-0.526206,0.370781,0.765281,-0.014308,0.006785,-0.012217,-0.007544,-0.060828,-0.078374,-1.915452,-0.106888,0.069169,0.288339,0.317554,0.805529,0.500274,-0.939708,0.197108,0.279341,0.12602,-0.559823,0.818889,0.01509,-0.013583,0.02022,-0.76518,-2.422484,1.195672,0.224051,0.039764,0.053326,-0.038916,-0.181964,-0.847605,0.498452,0.969185,-0.069006,0.236467,-0.166035,0.526121,0.834043,0.000144,-0.001936,0.006911,0.09058,-0.114828,-0.112636,0.128222,0.066051,0.042972,-0.069674,-0.677973,0.331031,-0.65633,-0.444616,-0.895689,0.007522,-0.585378,0.296915,0.754435,-0.000673,0.001911,-0.006949,0.01264,-0.074043,-0.008638,-0.841292
1471,0.057487,0.036466,0.344988,-0.645878,0.404379,-0.647584,-0.547605,-0.836381,0.023809,-0.531202,0.369491,0.762449,-4.5e-05,0.006915,-0.011426,0.034843,-0.134992,0.183806,-1.915395,-0.1067,0.069002,0.288655,0.313186,0.806956,0.500726,-0.941581,0.195477,0.27413,0.122947,-0.558336,0.820371,0.013106,-0.002595,0.013086,1.073216,2.058454,-1.527507,0.223646,0.039859,0.053241,-0.038753,-0.180227,-0.85035,0.494391,0.969495,-0.068683,0.235287,-0.16612,0.521715,0.836789,0.007544,-0.006835,0.010063,0.421133,-0.399281,-0.36816,0.124466,0.065942,0.043033,-0.069764,-0.674077,0.332657,-0.659513,-0.44448,-0.895785,0.002463,-0.589963,0.294801,0.751688,-0.006344,0.005269,-0.004592,0.047966,0.011427,-0.026121,-0.842272
1472,0.05712,0.036709,0.344846,-0.642931,0.406086,-0.649445,-0.549294,-0.835339,0.02138,-0.533031,0.369972,0.760938,-0.012796,0.003309,0.001971,-0.002335,-0.092774,0.137795,-1.915209,-0.106336,0.06865,0.289233,0.309885,0.809573,0.498552,-0.94275,0.194046,0.271114,0.122365,-0.555035,0.822694,0.003226,-0.018766,0.017299,-0.030763,-0.036228,-0.051882,0.223329,0.040039,0.053072,-0.038471,-0.17455,-0.851835,0.493872,0.971115,-0.066058,0.229285,-0.162689,0.519628,0.83876,0.000598,-0.003852,0.005107,-0.018816,-0.015549,-0.051462,0.122343,0.065764,0.043155,-0.069835,-0.671396,0.334825,-0.661149,-0.446241,-0.894912,-5.2e-05,-0.591689,0.294997,0.750253,-0.006307,0.001854,0.001154,-0.002288,-0.092358,0.137944,-0.837047
1473,0.056925,0.036985,0.34485,-0.636039,0.411159,-0.65303,-0.551763,-0.833893,0.012292,-0.538718,0.36762,0.758067,0.001375,0.003196,0.002576,0.014058,-0.084284,0.182424,-1.915191,-0.106148,0.068232,0.289648,0.307667,0.810788,0.497952,-0.943437,0.192374,0.269915,0.122674,-0.553842,0.823452,0.001535,-0.009049,0.00897,-0.029822,-0.014014,-0.000681,0.217974,0.040139,0.052855,-0.038252,-0.172288,-0.85267,0.493224,0.971453,-0.064181,0.228383,-0.163079,0.518491,0.839387,0.000797,-0.004687,0.004329,-0.049238,-0.001067,0.009699,0.119241,0.065663,0.0433,-0.069833,-0.66502,0.34103,-0.664413,-0.44871,-0.893625,-0.009559,-0.596997,0.291772,0.747303,0.000797,0.001851,0.001498,-0.00709,-0.105657,0.163467,-0.836883
1474,0.056855,0.037111,0.344908,-0.634435,0.412176,-0.653949,-0.552844,-0.833194,0.011115,-0.539501,0.368065,0.757293,0.001584,0.00368,0.002964,0.000225,0.000341,0.000221,-1.915467,-0.106102,0.068026,0.289794,0.305465,0.811924,0.497455,-0.944237,0.191233,0.267921,0.122028,-0.55257,0.824402,0.00187,-0.010464,0.007648,0.036016,-0.054123,-0.084859,0.216057,0.040162,0.052756,-0.038182,-0.170182,-0.853424,0.49265,0.971972,-0.063089,0.226468,-0.162193,0.517383,0.840242,0.000931,-0.005238,0.003815,0.050212,-0.08309,-0.074352,0.116955,0.065629,0.043366,-0.069802,-0.663495,0.342064,-0.665406,-0.449842,-0.893045,-0.010536,-0.597842,0.292337,0.746406,0.00087,0.002022,0.001632,-0.004405,-0.005225,-0.003934,-0.837046
1475,0.056886,0.037317,0.345046,-0.629511,0.416857,-0.655738,-0.555373,-0.831573,0.004443,-0.542665,0.366453,0.755814,0.001938,0.004503,0.00362,0.001973,-0.013168,0.026366,-1.915481,-0.106125,0.067778,0.289951,0.304668,0.811777,0.498185,-0.944411,0.190009,0.268177,0.122667,-0.55321,0.823878,-0.000182,0.000769,0.00072,1.6e-05,-1.3e-05,-1.4e-05,0.214267,0.040151,0.052626,-0.038102,-0.169318,-0.853168,0.493391,0.971974,-0.061713,0.226841,-0.163085,0.517972,0.839706,0.001046,-0.005721,0.003369,-0.037978,0.009834,-0.016524,0.114016,0.065645,0.043469,-0.069733,-0.659131,0.347399,-0.666977,-0.452376,-0.891657,-0.01737,-0.60075,0.290276,0.744874,0.000836,0.001944,0.001564,-0.012731,-0.117008,0.157082,-0.837863
1476,0.056907,0.037412,0.345134,-0.627156,0.422878,-0.654137,-0.55783,-0.829936,-0.001785,-0.542873,0.363247,0.757211,0.000481,0.001118,0.000898,0.005035,0.007806,0.005055,-1.915153,-0.10621,0.067644,0.290065,0.302697,0.816365,0.491848,-0.9449,0.189935,0.2665,0.123772,-0.546436,0.828222,0.001923,-0.010701,0.007434,0.190286,-0.187385,-0.225601,0.191188,0.040108,0.052561,-0.03805,-0.16804,-0.856913,0.4873,0.972088,-0.061944,0.226287,-0.163724,0.511724,0.843405,-0.000232,0.000975,0.000913,0.40831,-0.31364,-0.308549,0.099319,0.065659,0.043524,-0.069683,-0.65761,0.353737,-0.665145,-0.454881,-0.890235,-0.023716,-0.600526,0.286966,0.746336,0.000243,0.000564,0.000455,-0.014469,-0.126858,0.155359,-0.832964
1477,0.056835,0.037458,0.345129,-0.622864,0.424875,-0.656938,-0.559428,-0.828842,-0.005722,-0.54616,0.363412,0.754763,-0.000129,-0.000301,-0.000242,1e-06,1e-06,1e-06,-1.91563,-0.105997,0.067507,0.290365,0.298656,0.825087,0.479613,-0.945086,0.186154,0.268504,0.131892,-0.534496,0.834734,0.000913,-0.006428,0.011432,0.032051,-0.067342,-0.056907,0.156765,0.040212,0.052486,-0.037912,-0.162306,-0.865344,0.474167,0.972182,-0.057999,0.226929,-0.168871,0.497809,0.850686,0.006784,-0.002247,0.005651,0.05839,-0.194732,0.080545,0.059477,0.065623,0.043546,-0.069686,-0.653431,0.356041,-0.668027,-0.4565,-0.889299,-0.027448,-0.603849,0.287019,0.743629,-0.006429,0.001555,0.000905,-0.003409,-0.092647,0.136777,-0.834107
1478,0.056809,0.037453,0.345111,-0.617886,0.426563,-0.660535,-0.560175,-0.828285,-0.010967,-0.551026,0.362703,0.751561,-0.000607,-0.00141,-0.001133,0.139533,-0.167025,0.120158,-1.915613,-0.105796,0.067436,0.290623,0.295687,0.827617,0.477085,-0.946265,0.18564,0.264678,0.130124,-0.530746,0.837401,0.015115,-0.01355,0.020277,0.132272,-0.206455,-0.144243,0.150947,0.040312,0.052451,-0.037783,-0.15958,-0.867168,0.471754,0.972999,-0.057444,0.223543,-0.16675,0.49469,0.852921,0.006526,-0.001169,0.006654,0.241571,-0.233832,-0.221419,0.041351,0.06561,0.043545,-0.069694,-0.648728,0.3583,-0.671395,-0.457184,-0.888775,-0.032558,-0.608385,0.28583,0.740383,-0.000373,-0.000871,-0.000698,0.514279,-0.599416,0.417872,-0.831005
1479,0.056809,0.037328,0.345013,-0.610578,0.429768,-0.665236,-0.562451,-0.82662,-0.017868,-0.556823,0.362714,0.747271,-0.001879,-0.004363,-0.003509,-0.001212,-0.091992,0.143049,-1.915575,-0.10549,0.067251,0.29132,0.292656,0.830212,0.474438,-0.947301,0.184478,0.261769,0.129443,-0.527082,0.839817,0.001756,-0.012553,0.023123,-0.061608,-0.026392,0.000475,0.149385,0.04047,0.052358,-0.037435,-0.15568,-0.869527,0.468706,0.973887,-0.055734,0.220079,-0.165242,0.490729,0.855498,-0.000224,-0.000398,0.008327,-0.059941,0.004728,0.011845,0.028615,0.065611,0.043486,-0.06974,-0.6417,0.362381,-0.675943,-0.4594,-0.887346,-0.03959,-0.614143,0.285124,0.735888,-0.000844,-0.001959,-0.001576,-0.003822,-0.104629,0.165216,-0.839333
1480,0.056948,0.037147,0.344777,-0.604872,0.434908,-0.667106,-0.565155,-0.824583,-0.025219,-0.560305,0.361218,0.745391,-0.002214,-0.005147,-0.004147,0.000565,-0.089168,0.144879,-1.915579,-0.105303,0.066983,0.29226,0.292623,0.830449,0.474043,-0.946977,0.183237,0.263803,0.131855,-0.527141,0.839404,0.013217,-0.005619,0.027594,-0.065422,-0.036566,0.035019,0.148532,0.04056,0.052221,-0.036968,-0.155819,-0.869636,0.468457,0.97341,-0.054573,0.222469,-0.167902,0.490666,0.855017,0.0003,-0.003917,0.01373,-0.067463,-0.020543,0.007405,0.025022,0.065678,0.04339,-0.069862,-0.636579,0.368371,-0.677545,-0.46222,-0.885509,-0.047165,-0.617348,0.283151,0.733966,-0.00112,-0.002612,-0.002106,-0.009595,-0.103585,0.134624,-0.833291
1481,0.057067,0.037064,0.344629,-0.602858,0.436179,-0.668098,-0.566364,-0.823703,-0.026789,-0.561255,0.361689,0.744447,0.010549,-0.008521,-0.006174,-0.000206,-0.106723,0.172591,-1.915298,-0.105237,0.066846,0.292814,0.292419,0.83054,0.474011,-0.946851,0.182335,0.26488,0.133207,-0.527311,0.839084,0.000313,-0.006509,0.028651,-0.067468,-0.021358,0.00578,0.148864,0.040598,0.052154,-0.03669,-0.155654,-0.869695,0.468402,0.9732,-0.053761,0.223584,-0.169268,0.490651,0.854756,5.9e-05,-0.002918,0.014635,-0.066951,-0.020993,0.006905,0.024696,0.065733,0.043351,-0.069935,-0.634785,0.36969,-0.67851,-0.463404,-0.884815,-0.048556,-0.618307,0.283602,0.732984,-3.7e-05,0.003412,-0.00575,0.031465,-0.02452,0.012095,-0.833617
1482,0.057351,0.037022,0.344331,-0.60094,0.439566,-0.667607,-0.567627,-0.822692,-0.030813,-0.562038,0.359883,0.744731,0.012959,0.004101,-0.012995,0.034678,-0.020571,0.019471,-1.915369,-0.105169,0.066586,0.294018,0.288402,0.833041,0.472079,-0.948043,0.17962,0.262459,0.133492,-0.524286,0.840932,0.002036,-0.016303,0.036869,0.018197,-0.13538,-0.098338,0.149553,0.040631,0.052023,-0.036075,-0.151643,-0.871549,0.466268,0.973876,-0.051075,0.221262,-0.169026,0.48764,0.856526,0.000974,-0.00805,0.018529,0.033618,-0.145681,-0.105885,0.025022,0.065874,0.043323,-0.070083,-0.633222,0.373409,-0.677933,-0.464774,-0.883858,-0.052712,-0.618881,0.281707,0.73323,-0.000502,-0.00118,-0.000954,-0.00505,-0.008182,-0.005245,-0.833291
1483,0.057552,0.037002,0.344123,-0.598228,0.440476,-0.66944,-0.567778,-0.822468,-0.033863,-0.564771,0.359283,0.742951,-0.000863,-0.002016,-0.00163,0.0,0.0,0.0,-1.915244,-0.104998,0.066273,0.295364,0.286179,0.836878,0.466613,-0.94837,0.178238,0.262219,0.135927,-0.51861,0.844056,0.014108,-0.012036,0.038791,-0.072881,-0.0539,-0.00986,0.149397,0.040711,0.051873,-0.035415,-0.148746,-0.875148,0.460422,0.974125,-0.049557,0.220508,-0.17016,0.481309,0.859876,-0.000485,-0.000656,0.0166,-0.07028,-0.039866,0.011655,0.025186,0.065979,0.043314,-0.070192,-0.630533,0.374602,-0.67978,-0.464867,-0.883623,-0.055743,-0.621551,0.280859,0.731294,0.006709,0.002576,-0.006076,0.031952,-0.034629,0.041482,-0.83574
1484,0.057616,0.036985,0.344037,-0.594245,0.441473,-0.672324,-0.567549,-0.822424,-0.038475,-0.569188,0.358159,0.740118,-0.000924,-0.00216,-0.001747,0.003827,-0.00446,0.003244,-1.915551,-0.104881,0.066094,0.296076,0.277885,0.841056,0.464107,-0.950507,0.171169,0.259173,0.138199,-0.514209,0.846376,0.001601,-0.014479,0.038396,-0.013199,-0.108304,-0.06943,0.149282,0.040774,0.051786,-0.035058,-0.14015,-0.878076,0.457536,0.97514,-0.042306,0.21751,-0.171634,0.476646,0.862177,0.007075,-0.00621,0.019199,-0.034409,-0.095745,-0.062825,0.024859,0.066012,0.043307,-0.070234,-0.626592,0.376111,-0.682584,-0.464529,-0.883495,-0.060392,-0.625774,0.279239,0.728307,0.000329,0.00427,-0.005058,0.04107,-0.031412,0.020555,-0.839496
1485,0.057636,0.036957,0.343889,-0.589671,0.442801,-0.675471,-0.567581,-0.822148,-0.043546,-0.573891,0.357151,0.736966,-0.001246,-0.002913,-0.002358,0.142003,-0.149472,0.095955,-1.915792,-0.104666,0.065756,0.297427,0.269762,0.84539,0.461016,-0.95228,0.163533,0.257593,0.142046,-0.509562,0.848547,-0.000156,-0.004552,0.030111,-0.065187,-0.023323,0.003807,0.149022,0.040881,0.051618,-0.034375,-0.131544,-0.881173,0.454125,0.975739,-0.034217,0.216243,-0.175009,0.471553,0.864296,0.000996,-0.008154,0.018334,-0.125044,7.1e-05,-0.004379,0.024206,0.066022,0.043295,-0.070306,-0.622307,0.377952,-0.685481,-0.4645,-0.883165,-0.065257,-0.630057,0.277796,0.725159,-0.000395,-0.000933,-0.000757,0.523217,-0.608742,0.442917,-0.835577
1486,0.057654,0.036922,0.343811,-0.58655,0.446254,-0.675916,-0.568479,-0.821223,-0.048948,-0.576197,0.354973,0.736219,-0.000184,-0.00043,-0.000348,6.7e-05,8.4e-05,6.9e-05,-1.915483,-0.104478,0.065376,0.298652,0.266237,0.847938,0.458378,-0.953188,0.161193,0.255701,0.142607,-0.506058,0.850548,0.000646,-0.007893,0.027058,-0.050385,-0.036197,-0.009171,0.149755,0.040974,0.051436,-0.033768,-0.127825,-0.883183,0.451274,0.976263,-0.031833,0.214232,-0.174841,0.467947,0.866288,0.000372,-0.004242,0.013264,-0.077911,-0.003145,-0.023722,0.024043,0.066029,0.043272,-0.070349,-0.619477,0.381835,-0.685893,-0.465347,-0.882285,-0.07088,-0.632218,0.27527,0.724242,0.000787,0.005349,-0.004183,0.02582,-0.129783,0.175369,-0.827086
1487,0.05768,0.036988,0.343789,-0.585664,0.449023,-0.674849,-0.569284,-0.820481,-0.051951,-0.576305,0.353192,0.73699,9.2e-05,0.000216,0.000175,0.000129,0.000213,0.000139,-1.915343,-0.10449,0.065031,0.299578,0.265769,0.848133,0.458289,-0.952947,0.159537,0.257631,0.145067,-0.506256,0.850014,-0.013118,-0.002386,0.016704,-0.035778,0.004545,-0.026322,0.151572,0.040972,0.051259,-0.03329,-0.127523,-0.88323,0.451266,0.975792,-0.030222,0.216596,-0.177666,0.467964,0.865704,0.000767,-0.005868,0.011805,-0.067859,-0.020341,0.007535,0.025512,0.066043,0.043308,-0.070359,-0.618993,0.384674,-0.684742,-0.466167,-0.881607,-0.073864,-0.632087,0.273483,0.725032,7e-05,0.000162,0.000131,-0.003138,-0.005135,-0.003454,-0.827902
1488,0.057673,0.036977,0.343768,-0.583272,0.452024,-0.674918,-0.569746,-0.819839,-0.056782,-0.578272,0.350845,0.736571,-0.00082,-0.001918,-0.001553,0.101149,0.182562,0.084412,-1.915483,-0.104511,0.06497,0.299935,0.263837,0.849283,0.457275,-0.953564,0.158559,0.255949,0.144546,-0.504632,0.851068,-0.000558,-0.000268,0.016747,0.042602,-0.09318,-0.039343,0.151385,0.040958,0.051226,-0.03312,-0.125662,-0.884038,0.450204,0.976195,-0.029321,0.214901,-0.176781,0.466492,0.866679,-0.000189,-0.00057,0.007989,0.079075,-0.106946,-0.091062,0.026165,0.066042,0.043308,-0.070365,-0.616833,0.387343,-0.685187,-0.466511,-0.88106,-0.078099,-0.633942,0.271474,0.724167,-0.000201,-0.000473,-0.000384,0.185375,0.315226,0.202364,-0.829208
1489,0.057745,0.036847,0.343669,-0.577744,0.456279,-0.676806,-0.570769,-0.818542,-0.064682,-0.582795,0.348358,0.734183,-0.001619,-0.003788,-0.003071,0.192579,0.335882,0.184168,-1.915491,-0.10463,0.065173,0.30044,0.263766,0.849368,0.457158,-0.953484,0.158194,0.256469,0.145195,-0.504603,0.850975,-0.000348,-0.001134,0.015944,-0.033726,-0.010658,0.002922,0.150542,0.040904,0.051322,-0.032867,-0.125437,-0.884152,0.450044,0.976093,-0.028825,0.215428,-0.177499,0.466309,0.866631,-0.001408,0.005837,0.005135,0.004563,-0.035513,0.045459,0.026002,0.066079,0.043244,-0.070414,-0.611411,0.391612,-0.687615,-0.467554,-0.879834,-0.085347,-0.638411,0.269316,0.72104,0.005668,-0.003378,-0.002388,0.331274,0.442898,0.563941,-0.829045
1490,0.057841,0.036697,0.343491,-0.575498,0.457683,-0.67777,-0.572066,-0.8175,-0.066374,-0.583746,0.348957,0.733141,-0.001443,-0.003378,-0.002743,3.5e-05,5.8e-05,3.8e-05,-1.915442,-0.104802,0.065518,0.300768,0.26438,0.850357,0.454959,-0.953064,0.158498,0.25784,0.146823,-0.502836,0.851741,-0.002081,0.008706,0.007629,0.002996,-0.018469,0.021917,0.148849,0.040814,0.051492,-0.032698,-0.12602,-0.885186,0.447843,0.975765,-0.029199,0.21686,-0.178885,0.464319,0.867414,-0.001022,0.004246,0.003725,0.005252,-0.013894,0.020459,0.024696,0.066125,0.043166,-0.070505,-0.609956,0.394418,-0.687303,-0.46887,-0.878848,-0.088233,-0.638837,0.268438,0.72099,-0.000685,-0.001606,-0.001305,-0.001864,-0.003111,-0.002107,-0.826106
1491,0.057859,0.036631,0.343401,-0.572777,0.458629,-0.679434,-0.572288,-0.817111,-0.06919,-0.586199,0.348626,0.731339,-0.001919,-0.004492,-0.003651,0.000216,0.015646,-0.024203,-1.915661,-0.104856,0.065663,0.300898,0.264373,0.850362,0.454953,-0.953066,0.158494,0.257835,0.146823,-0.502828,0.851745,-0.001819,0.007613,0.006661,0.002996,-0.018468,0.021916,0.146627,0.040785,0.051571,-0.032627,-0.126041,-0.885184,0.447841,0.975768,-0.029231,0.216845,-0.178857,0.46432,0.867419,-0.000883,0.003674,0.003217,0.003505,-0.017792,0.022178,0.023226,0.066135,0.043134,-0.070549,-0.607199,0.395771,-0.688965,-0.469145,-0.878406,-0.091127,-0.641257,0.267892,0.719042,0.005516,-0.003742,-0.002686,-0.000469,-0.013777,0.028329,-0.826269
1492,0.057856,0.036592,0.343143,-0.567994,0.460009,-0.68251,-0.572074,-0.816794,-0.074506,-0.591043,0.34755,0.727945,-0.002051,-0.004801,-0.003909,0.000229,0.015645,-0.024189,-1.915411,-0.10487,0.065811,0.301225,0.264451,0.85043,0.454783,-0.952979,0.158385,0.258224,0.147248,-0.50275,0.851719,0.000717,-0.005572,0.011998,-0.033743,-0.010636,0.00294,0.144383,0.040779,0.051644,-0.032471,-0.126131,-0.885251,0.447684,0.975688,-0.029168,0.217213,-0.17923,0.464198,0.867408,0.006485,-0.001218,0.006482,-0.031506,-0.025748,0.032537,0.02045,0.066133,0.043114,-0.070679,-0.602519,0.39775,-0.691928,-0.468838,-0.878001,-0.096457,-0.64588,0.266285,0.715493,-1.8e-05,0.003466,-0.005712,0.029509,-0.018056,0.010857,-0.825943
1493,0.057887,0.036549,0.342907,-0.567407,0.460278,-0.682817,-0.572139,-0.816688,-0.075161,-0.591544,0.347441,0.72759,-0.001833,-0.004292,-0.0035,0.000222,0.015666,-0.02419,-1.915502,-0.104856,0.065688,0.301535,0.262232,0.851477,0.454107,-0.953674,0.157069,0.256456,0.14672,-0.501385,0.852613,-0.000938,0.003926,0.00342,0.005404,-0.020556,0.01983,0.136167,0.040785,0.051582,-0.03231,-0.123722,-0.886019,0.446835,0.976153,-0.027727,0.215302,-0.178372,0.462818,0.868321,0.000796,-0.004643,0.00438,-0.050369,0.015922,-0.015013,0.015225,0.066147,0.04309,-0.070799,-0.602013,0.398065,-0.692187,-0.468895,-0.877904,-0.097058,-0.64631,0.266133,0.715161,-0.000898,-0.002113,-0.001722,0.000161,0.015729,-0.024208,-0.827249
1494,0.057883,0.036503,0.342654,-0.566405,0.464562,-0.680745,-0.571698,-0.816386,-0.081531,-0.592928,0.342418,0.728843,-0.002529,-0.00592,-0.004836,0.268837,0.468591,0.271586,-1.915298,-0.104859,0.065604,0.301805,0.26221,0.851565,0.453955,-0.953571,0.156727,0.257046,0.147424,-0.501344,0.852517,0.001096,-0.007157,0.010611,-0.033745,-0.01063,0.002946,0.129415,0.040784,0.05154,-0.032182,-0.12379,-0.886055,0.446745,0.975998,-0.027428,0.216044,-0.179173,0.462767,0.868183,-0.000519,0.002155,0.001873,-0.000153,0.000329,0.000469,0.006081,0.066147,0.043072,-0.070921,-0.600853,0.400768,-0.691635,-0.468337,-0.877676,-0.101704,-0.647791,0.26281,0.71505,-0.001176,-0.00276,-0.002253,-0.009077,0.005696,-0.035199,-0.828719
1495,0.057864,0.036456,0.342501,-0.561333,0.468529,-0.682224,-0.576326,-0.812861,-0.084123,-0.593276,0.345375,0.727163,-0.001035,0.004614,-0.013334,0.035946,-0.108444,0.161094,-1.915555,-0.104867,0.065616,0.301954,0.262113,0.851571,0.453999,-0.953555,0.15649,0.257251,0.147701,-0.501407,0.852431,-0.001415,0.005925,0.005147,0.002985,-0.018419,0.021959,0.127668,0.040781,0.051542,-0.032111,-0.123686,-0.886041,0.446802,0.975958,-0.027189,0.216251,-0.179459,0.462808,0.868102,-0.000596,0.002479,0.002153,0.000102,0.000101,0.000312,0.002488,0.066137,0.043044,-0.070994,-0.597121,0.407128,-0.691152,-0.473257,-0.874492,-0.106256,-0.647668,0.263645,0.714854,-0.001335,-0.003134,-0.002562,-0.012943,0.001053,-0.039285,-0.828882
1496,0.057809,0.036285,0.342222,-0.558594,0.471645,-0.682326,-0.576648,-0.812076,-0.089329,-0.595544,0.342972,0.726446,-0.002759,-0.006452,-0.005292,0.000695,0.016475,-0.023661,-1.91591,-0.104836,0.065514,0.302228,0.261826,0.85157,0.454167,-0.953521,0.155827,0.257779,0.148426,-0.501616,0.852182,0.001622,-0.009362,0.008695,-0.036727,0.007776,-0.019024,0.128105,0.040794,0.0515,-0.031965,-0.123434,-0.886013,0.446927,0.975852,-0.026587,0.216806,-0.180211,0.462896,0.867899,0.000785,-0.004589,0.004428,-0.03364,-0.010577,0.003139,-0.000124,0.066109,0.042961,-0.071139,-0.59464,0.410486,-0.691305,-0.473599,-0.873667,-0.111394,-0.649697,0.261162,0.713924,-0.001324,-0.003107,-0.002546,-0.005672,-0.008565,-0.006906,-0.827739
1497,0.057655,0.036229,0.341978,-0.556158,0.472273,-0.68388,-0.576381,-0.811961,-0.092065,-0.598078,0.34238,0.724641,-0.001874,-0.004375,-0.003596,0.00059,0.0153,-0.023885,-1.915349,-0.104635,0.065196,0.302488,0.258085,0.853743,0.452224,-0.954785,0.154192,0.254056,0.146855,-0.498412,0.854331,0.014469,-0.008658,0.007553,0.130675,-0.152954,-0.133937,0.124523,0.04089,0.05134,-0.031835,-0.120073,-0.88741,0.445068,0.976596,-0.025002,0.213621,-0.178441,0.460302,0.869643,-0.000104,0.000417,0.000359,0.270609,-0.221412,-0.200994,-0.001594,0.066031,0.042928,-0.071264,-0.592194,0.41135,-0.692889,-0.473269,-0.873499,-0.114082,-0.652166,0.260365,0.711961,0.000143,0.003848,-0.005409,0.030093,-0.019073,0.011298,-0.828882
1498,0.057537,0.036235,0.341901,-0.556328,0.472103,-0.683858,-0.576165,-0.81212,-0.092008,-0.598127,0.342237,0.724669,-0.014451,-0.000434,-0.001106,-0.000747,0.030415,-0.053721,-1.915965,-0.104498,0.065024,0.302639,0.256353,0.854865,0.451089,-0.95536,0.15348,0.252321,0.146155,-0.496704,0.855446,0.001886,-0.010453,0.00776,0.337511,-0.321677,-0.344943,0.118175,0.040959,0.051255,-0.031765,-0.119445,-0.887738,0.444581,0.976641,-0.0245,0.213471,-0.178615,0.459695,0.869929,0.000877,-0.004972,0.004097,-0.048196,-0.001889,0.00728,-0.00584,0.065977,0.042931,-0.071303,-0.592363,0.411163,-0.692857,-0.473057,-0.873626,-0.113994,-0.652168,0.260235,0.712007,0.000217,0.004017,-0.005269,0.032508,-0.021548,0.013243,-0.827902
1499,0.057287,0.036156,0.341812,-0.553156,0.474759,-0.684593,-0.575449,-0.811908,-0.098162,-0.601748,0.339053,0.723166,-0.014387,-0.000263,-0.000972,0.146206,-0.147771,0.087655,-1.915757,-0.10423,0.064753,0.302941,0.253127,0.857148,0.44857,-0.956452,0.152365,0.248834,0.144633,-0.493094,0.857789,0.011565,0.006078,0.003503,0.128607,-0.250798,0.113772,0.107144,0.041095,0.051107,-0.031612,-0.114254,-0.890203,0.441002,0.977922,-0.022598,0.20774,-0.174965,0.455001,0.873132,0.00081,-0.004687,0.004346,0.090155,-0.103515,-0.12815,-0.020209,0.065852,0.042892,-0.071347,-0.589686,0.414198,-0.693332,-0.472233,-0.87326,-0.120049,-0.655184,0.256623,0.710547,-0.000974,-0.002273,-0.00187,0.536187,-0.594078,0.399266,-0.830025
1500,0.057066,0.035985,0.341676,-0.550582,0.477811,-0.684545,-0.575819,-0.81104,-0.103048,-0.603752,0.336838,0.722531,-0.002229,-0.00518,-0.004276,-0.000611,-0.106577,0.16795,-1.91565,-0.103998,0.064607,0.303277,0.251804,0.858388,0.446941,-0.956849,0.151911,0.247582,0.14432,-0.491071,0.859002,0.013529,-0.00468,0.011003,-0.033981,-0.008153,0.009542,0.098637,0.04121,0.051038,-0.031447,-0.11271,-0.891321,0.439138,0.978211,-0.021986,0.206443,-0.174352,0.452838,0.874378,0.000431,-0.003114,0.00571,-0.044637,-0.003276,0.007702,-0.032946,0.065738,0.04281,-0.071412,-0.587516,0.417502,-0.693192,-0.472474,-0.872433,-0.12501,-0.656956,0.25407,0.709828,-0.001334,-0.003106,-0.00256,-0.006755,0.005021,-0.032888,-0.824147
1501,0.056998,0.035803,0.341462,-0.546926,0.481516,-0.684879,-0.576685,-0.809671,-0.108805,-0.606245,0.334847,0.721368,-0.001995,-0.004633,-0.003833,0.001219,0.002085,0.001365,-1.91552,-0.104013,0.064621,0.30358,0.250007,0.859505,0.445802,-0.957437,0.151153,0.245766,0.143549,-0.489346,0.860115,0.000854,-0.006143,0.011491,-0.033606,-0.010775,0.002825,0.091947,0.041208,0.051045,-0.031297,-0.11087,-0.892141,0.437939,0.978598,-0.021134,0.204691,-0.173358,0.451261,0.875391,-0.000788,0.003247,0.002801,-0.001682,-0.014785,0.024819,-0.04307,0.065703,0.042714,-0.071516,-0.58422,0.421727,-0.69342,-0.473457,-0.871042,-0.130857,-0.659184,0.251855,0.70855,-0.001065,-0.00248,-0.00205,-0.008599,-0.12075,0.157609,-0.826269
1502,0.057012,0.035733,0.341355,-0.546039,0.48204,-0.685218,-0.577119,-0.80927,-0.10949,-0.606632,0.335062,0.720942,-0.001596,-0.003708,-0.003071,1.8e-05,3e-05,2e-05,-1.915557,-0.104091,0.064647,0.303712,0.250852,0.860562,0.443281,-0.956935,0.151629,0.247422,0.145403,-0.487335,0.860945,-0.013869,0.003535,0.004797,0.000923,-0.003094,-0.007184,0.089911,0.041169,0.051058,-0.031225,-0.111715,-0.893271,0.435415,0.978217,-0.02171,0.206443,-0.174957,0.448993,0.876238,-0.006943,0.001784,0.002415,0.002323,0.001067,-0.007739,-0.046989,0.065709,0.042679,-0.071576,-0.583355,0.422241,-0.693836,-0.473892,-0.870716,-0.13145,-0.659638,0.252121,0.708034,0.005433,-0.003996,-0.002923,-0.001918,-0.125243,0.19486,-0.825453
1503,0.057055,0.035614,0.341185,-0.545649,0.482259,-0.685375,-0.577234,-0.809137,-0.109865,-0.606873,0.335069,0.720736,-0.001206,-0.002802,-0.002324,0.0,0.0,0.0,-1.915535,-0.104296,0.06469,0.304001,0.253185,0.863619,0.435948,-0.955482,0.152951,0.252179,0.150799,-0.481469,0.863313,-0.01403,0.004255,0.005401,-0.026169,-0.064944,0.024581,0.088779,0.041066,0.051079,-0.031081,-0.113961,-0.896536,0.428059,0.977148,-0.023335,0.211271,-0.179424,0.442354,0.878709,-0.007028,0.002165,0.002738,-0.023289,-0.059421,0.022653,-0.051888,0.065731,0.042621,-0.07166,-0.582983,0.422491,-0.693996,-0.474016,-0.870594,-0.131809,-0.659878,0.252123,0.707809,0.00557,-0.003684,-0.002667,0.001143,0.000939,0.005416,-0.825616
1504,0.057216,0.0355,0.341012,-0.54359,0.482781,-0.686642,-0.576844,-0.809084,-0.112281,-0.609088,0.334445,0.719156,-0.001108,-0.002578,-0.002141,0.0,0.0,0.0,-1.915713,-0.104575,0.064716,0.304297,0.255718,0.869724,0.422112,-0.9536,0.155426,0.257727,0.158233,-0.469521,0.868548,-0.013845,0.003537,0.004767,0.267519,-0.222184,-0.261915,0.087373,0.040926,0.051094,-0.030931,-0.117257,-0.902336,0.414776,0.975588,-0.026573,0.217989,-0.185678,0.430212,0.883425,-0.00694,0.001825,0.002435,0.419288,-0.308236,-0.319397,-0.055806,0.065811,0.042564,-0.071747,-0.580969,0.42327,-0.695209,-0.473578,-0.870465,-0.134216,-0.661965,0.251261,0.706164,0.005764,-0.003242,-0.002306,0.000922,0.001278,0.005236,-0.825943
1505,0.05728,0.035465,0.340949,-0.543492,0.482839,-0.68668,-0.576848,-0.809063,-0.112407,-0.609172,0.334412,0.7191,-0.000929,-0.002162,-0.001796,0.000242,0.015716,-0.024158,-1.915646,-0.104733,0.06475,0.304459,0.255992,0.869882,0.421621,-0.953482,0.155667,0.25802,0.158503,-0.469149,0.8687,-0.011942,-0.006966,0.012487,-0.031851,0.001134,-0.029676,0.083559,0.040852,0.051111,-0.030857,-0.1164,-0.902934,0.413714,0.975841,-0.02643,0.216872,-0.184887,0.428964,0.884198,-0.000901,0.003756,0.003221,-0.011426,-0.008527,0.024304,-0.059236,0.065843,0.042546,-0.071779,-0.580879,0.42334,-0.695242,-0.473583,-0.870443,-0.13434,-0.662041,0.25122,0.706109,-0.000413,-0.000967,-0.000807,0.000175,0.015745,-0.024145,-0.824636
1506,0.057359,0.03541,0.340883,-0.542324,0.4873,-0.684448,-0.576615,-0.80833,-0.118694,-0.610431,0.329682,0.720216,-0.000518,-0.001206,-0.001002,0.22375,0.3835,0.252018,-1.915012,-0.105041,0.064814,0.304815,0.254817,0.871962,0.418021,-0.953656,0.155342,0.257573,0.159347,-0.465374,0.870574,-0.001976,0.008323,0.007104,0.10471,-0.107775,-0.065559,0.075607,0.040694,0.051141,-0.030674,-0.115363,-0.904694,0.410144,0.975899,-0.026229,0.216639,-0.185235,0.425251,0.885917,-0.001006,0.004208,0.003597,0.115569,-0.115109,-0.070994,-0.068543,0.065883,0.042518,-0.071812,-0.579804,0.426855,-0.693989,-0.473307,-0.869774,-0.139545,-0.663179,0.247561,0.706332,-0.000248,-0.000582,-0.000488,0.310236,0.555882,0.3692,-0.826596
