frame,MLTx,MLTy,MLTz,MLTR1,MLTR2,MLTR3,MLTR4,MLTR5,MLTR6,MLTR7,MLTR8,MLTR9,MLTTVx,MLTTVy,MLTTVz,MLTRVx,MLTRVy,MLTRVz,MLGA,MRTx,MRTy,MRTz,MRTR1,MRTR2,MRTR3,MRTR4,MRTR5,MRTR6,MRTR7,MRTR8,MRTR9,MRTTVx,MRTTVy,MRTTVz,MRTRVx,MRTRVy,MRTRVz,MRGA,SLTx,SLTy,SLTz,SLTR1,SLTR2,SLTR3,SLTR4,SLTR5,SLTR6,SLTR7,SLTR8,SLTR9,SLTTVx,SLTTVy,SLTTVz,SLTRVx,SLTRVy,SLTRVz,SLGA,SRTx,SRTy,SRTz,SRTR1,SRTR2,SRTR3,SRTR4,SRTR5,SRTR6,SRTR7,SRTR8,SRTR9,SRTTVx,SRTTVy,SRTTVz,SRTRVx,SRTRVy,SRTRVz,SRGA
205,0.062886,0.025772,0.344296,-0.132171,-0.478699,-0.867999,0.383337,-0.832223,0.400537,-0.913942,-0.279208,0.294583,0.001412,0.003481,0.002909,-0.210895,-0.203557,0.140632,-1.916128,-0.093015,0.051986,0.31021,0.392074,0.636666,0.664022,-0.911738,0.173327,0.372325,0.12147,-0.752178,0.647562,-0.012734,-0.00265,-0.000404,-0.061393,0.169335,-0.153043,0.20335,0.043473,0.041666,-0.028183,-0.305509,-0.686622,0.659707,0.951547,-0.194727,0.237988,-0.034945,0.70045,0.712844,-0.006347,-0.0014,-0.000267,-0.029399,0.155278,-0.178442,-0.044703,0.069485,0.034507,-0.069159,-0.184879,-0.399605,-0.89785,0.184951,-0.911422,0.367562,-0.9652,-0.098104,0.24241,0.007066,-0.00032,0.0001,-0.546041,-0.00718,0.045656,-0.749523
206,0.063437,0.026099,0.344382,-0.143622,-0.486537,-0.861801,0.358064,-0.837368,0.41301,-0.922411,-0.248664,0.295552,0.01757,0.007933,0.007329,-1.523345,0.469494,0.454935,-1.915906,-0.093612,0.051855,0.310122,0.40595,0.627979,0.663957,-0.905882,0.181056,0.382794,0.119672,-0.757635,0.641506,-0.024537,-0.008769,-0.003864,-0.466502,0.571149,0.12627,0.365223,0.043183,0.041607,-0.028222,-0.317896,-0.679526,0.6612,0.94756,-0.203644,0.246286,-0.032709,0.704821,0.70863,-0.01236,-0.004038,-0.001618,-0.070745,0.200247,-0.171177,0.190762,0.069758,0.034665,-0.069121,-0.197759,-0.405129,-0.892615,0.158827,-0.911809,0.378653,-0.967297,-0.06689,0.244664,0.008903,0.004277,0.003908,-1.548231,0.44784,0.464242,-0.749849
207,0.064258,0.026746,0.344765,-0.164467,-0.492876,-0.85444,0.324039,-0.845148,0.425082,-0.931439,-0.206354,0.299778,0.021286,0.017374,0.015063,-0.497669,1.653368,-2.100131,-1.916065,-0.094633,0.051626,0.30973,0.441888,0.599109,0.667679,-0.893048,0.224195,0.390046,0.083444,-0.769364,0.633229,-0.02572,-0.001416,-0.014639,-0.070555,0.148405,0.039082,0.453227,0.042681,0.041496,-0.02841,-0.354565,-0.649619,0.672516,0.93503,-0.24703,0.254348,0.000902,0.719006,0.695002,-0.019202,-0.002109,-0.007573,0.01077,0.229371,0.1077,0.353073,0.070159,0.034978,-0.068938,-0.218339,-0.405145,-0.887797,0.122772,-0.913922,0.386873,-0.968118,-0.024527,0.249286,0.010951,0.009469,0.008168,-1.4203,0.765123,0.455826,-0.751482
208,0.064737,0.027155,0.345078,-0.171366,-0.492988,-0.85302,0.308497,-0.849127,0.428701,-0.935455,-0.189083,0.298663,0.022704,0.021071,0.018019,-4.719285,2.403126,1.57793,-1.916172,-0.095221,0.05154,0.309421,0.456,0.586403,0.669467,-0.886893,0.237756,0.396013,0.07249,-0.77505,0.627619,-0.025189,-0.003474,-0.016468,-0.234619,0.392977,-0.009312,0.477028,0.042378,0.041449,-0.028567,-0.367866,-0.637594,0.676866,0.929808,-0.261151,0.259337,0.011412,0.724757,0.688909,-0.018843,-0.0035,-0.008809,-0.297855,0.362099,0.182644,0.40451,0.070398,0.035182,-0.068782,-0.223816,-0.407619,-0.885298,0.111778,-0.913083,0.392153,-0.9682,-0.011187,0.249925,0.017932,0.009108,0.008173,0.011941,0.037791,-0.022328,-0.754585
209,0.065834,0.027933,0.345994,-0.182133,-0.492528,-0.851052,0.281546,-0.855402,0.43473,-0.941884,-0.159825,0.29553,0.036383,0.012884,0.028919,-0.476857,0.211663,0.095745,-1.916362,-0.096424,0.051497,0.308349,0.501524,0.551162,0.666847,-0.864378,0.2888,0.411556,0.033628,-0.783492,0.620381,-0.025172,-0.000773,-0.031403,0.080453,0.568853,0.530355,0.508845,0.041775,0.041433,-0.029092,-0.412573,-0.603136,0.682649,0.909613,-0.312973,0.273224,0.048859,0.733671,0.677745,-0.019932,0.003529,-0.019906,0.766303,1.233749,1.376951,0.46803,0.070943,0.035577,-0.068326,-0.236675,-0.40358,-0.883802,0.078987,-0.914628,0.396504,-0.968372,0.024034,0.248347,0.011729,0.008121,0.015494,-1.458906,0.782418,0.410904,-0.765525
210,0.067068,0.028728,0.347171,-0.204669,-0.486778,-0.849236,0.233464,-0.86683,0.440535,-0.950334,-0.107503,0.29212,0.025373,0.021556,0.034939,-0.060168,0.027439,-0.069751,-1.916974,-0.097657,0.05172,0.306563,0.546565,0.515646,0.659824,-0.837304,0.342136,0.426379,-0.006566,-0.786151,0.617889,-0.027269,0.012944,-0.053966,0.116075,0.229129,0.147755,0.523303,0.041158,0.041542,-0.029974,-0.45901,-0.566216,0.684622,0.884048,-0.367541,0.288742,0.088136,0.737775,0.669267,-0.019775,0.004305,-0.027918,0.377175,0.395674,0.293501,0.502157,0.071565,0.035973,-0.067738,-0.257882,-0.393175,-0.882558,0.028833,-0.916179,0.399728,-0.965745,0.077636,0.247602,0.012849,0.0112,0.01781,-0.069022,-0.038493,0.122287,-0.777935
211,0.067603,0.029099,0.347863,-0.223203,-0.481624,-0.847505,0.202368,-0.873382,0.44297,-0.953265,-0.072043,0.293466,0.023878,0.010807,0.04316,-0.491476,0.292942,0.076703,-1.91644,-0.098351,0.051911,0.305429,0.564788,0.493045,0.66175,-0.824586,0.366683,0.430737,-0.030979,-0.789551,0.612791,-0.038951,0.005898,-0.058465,-0.035147,0.40229,0.221285,0.524291,0.040801,0.041642,-0.030561,-0.476296,-0.544452,0.690444,0.87209,-0.392751,0.291897,0.112249,0.74116,0.661877,-0.019315,0.002442,-0.029649,-0.070733,0.426694,0.246252,0.509342,0.071844,0.036171,-0.067375,-0.275271,-0.384276,-0.881224,-0.002835,-0.916309,0.400461,-0.961362,0.112733,0.251144,0.012012,0.005607,0.021743,-0.488241,0.301625,0.082516,-0.776139
212,0.068609,0.029685,0.349315,-0.264261,-0.463615,-0.845738,0.128161,-0.886005,0.445581,-0.95558,0.00993,0.294611,0.037676,0.017662,0.031799,-0.070277,-0.048629,0.156366,-1.915333,-0.09976,0.052313,0.302771,0.594445,0.451283,0.66556,-0.800407,0.41072,0.436567,-0.077079,-0.792787,0.604491,-0.03924,0.009432,-0.073071,0.033415,0.269167,0.064787,0.523645,0.04011,0.04184,-0.031863,-0.505372,-0.502854,0.701239,0.848573,-0.43709,0.298118,0.156595,0.745714,0.647602,-0.019465,0.004258,-0.036903,0.094874,0.320361,0.137965,0.515711,0.072335,0.036462,-0.066658,-0.312022,-0.358181,-0.87997,-0.078216,-0.913383,0.399515,-0.946849,0.193485,0.25698,0.0117,0.005007,0.021083,-0.194646,0.135884,-0.026451,-0.790998
213,0.069564,0.030119,0.350847,-0.297038,-0.455038,-0.839497,0.075896,-0.887638,0.454215,-0.951488,0.071765,0.299247,0.035117,0.004371,0.037894,-1.469346,0.765472,0.540745,-1.913665,-0.101216,0.052565,0.299682,0.616207,0.412674,0.670806,-0.779166,0.442971,0.443407,-0.114928,-0.796405,0.593627,-0.040132,0.015221,-0.085882,0.262773,0.47986,0.602786,0.511429,0.039397,0.041959,-0.033375,-0.524871,-0.466973,0.71165,0.829357,-0.468682,0.304143,0.191512,0.749848,0.633285,-0.018972,0.001732,-0.039583,3.36852,3.015066,3.625612,0.509506,0.072815,0.036689,-0.06589,-0.341919,-0.343955,-0.87452,-0.128498,-0.904755,0.406086,-0.930902,0.251222,0.265155,0.011988,0.009744,0.016084,-4.714931,2.705614,1.379753,-0.801123
214,0.070565,0.030489,0.35227,-0.339425,-0.443374,-0.829611,-0.002425,-0.881548,0.472059,-0.940223,0.162787,0.299181,0.023121,0.017171,0.030253,-1.600196,0.693138,0.089222,-1.911077,-0.102583,0.052753,0.296536,0.65168,0.344123,0.675931,-0.73546,0.504224,0.452538,-0.185898,-0.79245,0.580799,-0.037639,0.001528,-0.081631,-0.025604,0.854506,0.656991,0.504338,0.038686,0.042053,-0.035016,-0.559598,-0.398586,0.726621,0.7863,-0.532388,0.313519,0.26188,0.746787,0.611332,-0.018715,0.000542,-0.040986,0.029041,0.805945,0.619145,0.497422,0.073311,0.036865,-0.065191,-0.38041,-0.325064,-0.865806,-0.201015,-0.884746,0.420495,-0.902707,0.334001,0.271224,0.010815,0.003069,0.019245,-0.780193,-0.199022,-0.216846,-0.802102
215,0.070961,0.030703,0.352915,-0.362065,-0.431953,-0.826057,-0.049701,-0.875968,0.479772,-0.930393,0.215297,0.296722,0.021442,0.005753,0.038061,-0.579249,0.215437,0.02041,-1.908502,-0.10329,0.052802,0.294928,0.674174,0.291682,0.67853,-0.698658,0.549473,0.458138,-0.240036,-0.783279,0.573341,-0.037927,0.002325,-0.081254,0.9733,1.221823,1.49281,0.49911,0.038348,0.042073,-0.035793,-0.581034,-0.347349,0.736035,0.751285,-0.576699,0.320917,0.313,0.739436,0.59604,-0.018803,0.000339,-0.041407,3.628123,3.46191,3.909737,0.49236,0.073518,0.036979,-0.064857,-0.401371,-0.308425,-0.862423,-0.251662,-0.86822,0.427621,-0.880663,0.388674,0.270859,0.004875,0.009454,0.015503,-1.572819,0.880868,0.387859,-0.799
216,0.071667,0.031133,0.353924,-0.407334,-0.398862,-0.821604,-0.165699,-0.852407,0.495901,-0.897635,0.338628,0.282151,0.006398,0.010031,0.024109,-0.761832,-0.026198,-0.449833,-1.903895,-0.104774,0.052572,0.292001,0.707948,0.143418,0.691543,-0.593814,0.650762,0.473105,-0.383052,-0.745751,0.544967,-0.047711,-0.019865,-0.065311,3.576261,3.700974,3.779744,0.483897,0.037624,0.041966,-0.037245,-0.611854,-0.206113,0.763643,0.652739,-0.676846,0.340308,0.446727,0.706679,0.548669,-0.017474,-0.00838,-0.032111,3.795366,3.332519,3.794759,0.47995,0.073881,0.037203,-0.064339,-0.440017,-0.265055,-0.85798,-0.360891,-0.822695,0.439238,-0.822278,0.50291,0.266343,0.009506,0.003335,0.010978,-1.805049,0.495193,0.110426,-0.791978
217,0.072388,0.031289,0.354565,-0.436932,-0.374707,-0.817759,-0.258809,-0.818313,0.513179,-0.860937,0.43633,0.261592,0.017126,0.00882,0.006973,-0.621546,-0.702193,-0.591068,-1.903189,-0.105912,0.051269,0.290217,0.712402,-0.001119,0.701764,-0.488549,0.716927,0.497262,-0.504548,-0.697086,0.50928,-0.031085,-0.042316,-0.035422,0.483169,1.675634,1.660636,0.452063,0.037038,0.041305,-0.038184,-0.615578,-0.058071,0.785932,0.547351,-0.749001,0.373368,0.566983,0.660018,0.492854,-0.015649,-0.020844,-0.017304,3.743936,3.597326,3.410231,0.447292,0.074232,0.037285,-0.064016,-0.464883,-0.233746,-0.853959,-0.445615,-0.771676,0.453809,-0.765056,0.591505,0.254578,0.007878,-0.000975,0.007697,-1.88945,0.377921,-0.008778,-0.791488
218,0.0727,0.031211,0.354762,-0.448405,-0.366293,-0.815357,-0.293609,-0.801224,0.521349,-0.843699,0.473623,0.252746,0.01365,-0.007653,0.011151,-4.920011,2.335045,0.847211,-1.903288,-0.106299,0.050422,0.289756,0.706828,-0.066894,0.70421,-0.433382,0.745711,0.505993,-0.559854,-0.66275,0.497182,-0.004997,-0.040533,-0.019731,4.646354,4.093821,3.826951,0.447924,0.036837,0.040873,-0.038427,-0.609974,0.005418,0.792402,0.497842,-0.775369,0.388529,0.616509,0.631484,0.470258,-0.008086,-0.02702,-0.006248,3.410401,3.335137,3.026653,0.431453,0.074396,0.037254,-0.063912,-0.47231,-0.227611,-0.851537,-0.472858,-0.74987,0.462709,-0.74386,0.621198,0.246544,0.006858,-0.003747,0.005621,-0.443371,-0.517336,-0.730086,-0.791162
219,0.072878,0.030814,0.354942,-0.45879,-0.362677,-0.811186,-0.328154,-0.779237,0.533925,-0.825183,0.511601,0.239507,-0.002062,-0.005593,-0.004178,-0.544738,0.144207,-0.21929,-1.902852,-0.106521,0.048997,0.289495,0.707712,-0.10985,0.697903,-0.394265,0.758163,0.519306,-0.58704,-0.642531,0.492342,0.0067,-0.034756,0.002187,-0.087666,0.030405,-0.032633,0.445621,0.036726,0.040143,-0.038568,-0.611027,0.053963,0.789768,0.455069,-0.7924,0.40622,0.647733,0.60761,0.459621,0.003202,-0.016623,0.001845,-0.044808,-0.005575,-0.08875,0.420675,0.074491,0.037055,-0.063815,-0.482721,-0.221113,-0.8474,-0.50699,-0.718422,0.476265,-0.714101,0.659527,0.234696,-0.001255,-0.003395,-0.002546,-0.513749,0.188218,-0.199058,-0.782671
220,0.072763,0.030425,0.354701,-0.464845,-0.347306,-0.814459,-0.364997,-0.762916,0.53358,-0.806107,0.545736,0.228891,0.010527,-0.00194,-0.017613,-0.254822,-0.223692,-0.116162,-1.902366,-0.106344,0.047678,0.290083,0.738943,-0.127133,0.661658,-0.352928,0.763347,0.540997,-0.574764,-0.633116,0.518337,0.005393,-0.031416,0.024014,0.224059,-0.987342,0.427249,0.445639,0.036814,0.039492,-0.038285,-0.645769,0.074704,0.759868,0.41733,-0.798855,0.433202,0.639388,0.596865,0.4847,0.002403,-0.014404,0.013303,0.300241,-2.510644,1.994032,0.418879,0.074427,0.036855,-0.063934,-0.485814,-0.203009,-0.850159,-0.539094,-0.696025,0.474263,-0.688012,0.68872,0.228698,-0.001271,0.000115,-0.008183,-1.662724,0.355344,0.037669,-0.788876
221,0.072784,0.03037,0.354068,-0.485053,-0.320949,-0.813487,-0.418122,-0.731909,0.53801,-0.767475,0.601496,0.221836,-0.001214,0.010964,-0.024873,-4.534961,2.794181,1.136955,-1.902002,-0.106212,0.046434,0.291647,0.766209,-0.129578,0.629385,-0.328215,0.762984,0.556834,-0.553311,-0.633054,0.541252,0.004232,-0.028706,0.045185,0.012953,-0.471818,0.340895,0.446753,0.036879,0.038882,-0.037526,-0.677342,0.077199,0.731606,0.394911,-0.800891,0.450131,0.620686,0.593812,0.511991,0.001951,-0.013712,0.023231,0.030573,-0.483424,0.305791,0.419042,0.074435,0.036814,-0.064248,-0.498723,-0.177293,-0.848435,-0.581642,-0.657278,0.479245,-0.642625,0.732496,0.224679,-0.001489,-0.000478,-0.008656,-0.235175,-0.048781,-0.316357,-0.797204
222,0.072733,0.030433,0.353643,-0.493859,-0.30856,-0.812982,-0.443726,-0.714635,0.540717,-0.747221,0.628161,0.217029,-0.003451,-0.002213,-0.01825,-1.402082,0.745582,0.261928,-1.901445,-0.106156,0.045995,0.292565,0.776093,-0.129548,0.617161,-0.316271,0.766572,0.558815,-0.546452,-0.628712,0.55315,0.013905,-0.008347,0.044779,3.66444,2.285025,3.464952,0.446849,0.036905,0.038646,-0.037047,-0.689445,0.074224,0.720524,0.387862,-0.802277,0.453777,0.611741,0.592319,0.524338,0.001265,-0.010677,0.026215,0.317777,-0.759096,0.101936,0.418226,0.074415,0.036847,-0.064459,-0.504794,-0.163653,-0.847584,-0.603476,-0.635171,0.482051,-0.617251,0.754833,0.221871,-0.00177,-0.001236,-0.009237,-0.086921,-0.28395,0.021522,-0.793121
223,0.072437,0.030656,0.352599,-0.501678,-0.296448,-0.812701,-0.482153,-0.684204,0.547143,-0.717635,0.666702,0.201333,-0.003857,0.003856,-0.030309,-0.68807,-0.325687,-0.276384,-1.901408,-0.10614,0.045472,0.294666,0.792391,-0.132167,0.595516,-0.293661,0.772871,0.562466,-0.535577,-0.620399,0.572822,0.001152,-0.014901,0.058515,0.200114,-0.659522,0.241851,0.449777,0.036916,0.038395,-0.035995,-0.707726,0.08287,0.701609,0.361371,-0.810885,0.460299,0.60707,0.579307,0.543937,-0.007179,-0.002257,0.026237,0.356174,-0.752917,0.137696,0.420675,0.074267,0.036962,-0.064985,-0.511351,-0.145124,-0.847028,-0.638364,-0.595722,0.487448,-0.575334,0.78997,0.211981,-0.008376,0.003243,-0.014356,-1.346861,0.717943,0.390259,-0.792795
224,0.072243,0.03067,0.351349,-0.504209,-0.276416,-0.818176,-0.527429,-0.651639,0.545121,-0.683215,0.706727,0.183796,0.007241,-0.003715,-0.035767,-0.134519,-0.063995,-0.062349,-1.900755,-0.106355,0.045574,0.296708,0.805529,-0.126979,0.578783,-0.283191,0.775338,0.564436,-0.521422,-0.618409,0.587837,-0.014971,-0.001189,0.05525,0.356557,-0.653205,-0.001241,0.450413,0.036807,0.038447,-0.034945,-0.723093,0.079769,0.686128,0.351148,-0.812934,0.464577,0.594837,0.576865,0.559817,-0.007577,-0.000348,0.027871,0.304791,-0.61752,0.031613,0.424594,0.074169,0.03697,-0.065621,-0.50908,-0.12721,-0.851266,-0.676166,-0.552854,0.486982,-0.532575,0.82351,0.195432,0.003564,-0.002036,-0.018035,-0.084611,0.004893,-0.031533,-0.784957
225,0.072198,0.030665,0.35061,-0.505712,-0.268962,-0.819732,-0.544042,-0.638017,0.544907,-0.66894,0.721868,0.177351,0.006707,-0.005158,-0.036945,-0.178579,-0.13835,-0.116863,-1.901054,-0.106562,0.045866,0.297631,0.811471,-0.126397,0.570552,-0.27776,0.775412,0.567027,-0.51509,-0.618437,0.593365,-0.00574,0.023466,0.040444,0.063569,-0.245988,0.169685,0.447709,0.03671,0.038588,-0.034509,-0.730155,0.077949,0.678819,0.346261,-0.814244,0.465948,0.589046,0.575264,0.567534,-0.003016,0.012241,0.020725,0.059219,-0.244688,0.164587,0.423288,0.074145,0.036965,-0.065962,-0.509153,-0.11853,-0.852474,-0.689304,-0.536952,0.486356,-0.515385,0.835244,0.191688,-0.003186,-0.00148,-0.017843,-1.512069,0.575891,0.029832,-0.789039
226,0.071952,0.03049,0.349194,-0.500908,-0.248325,-0.829139,-0.573286,-0.622517,0.532718,-0.647824,0.742483,0.170499,-0.020195,-0.002382,-0.035885,0.053687,-0.01396,-0.00816,-1.90087,-0.107247,0.046899,0.298932,0.815003,-0.125187,0.565766,-0.274481,0.776323,0.567378,-0.511256,-0.617541,0.597598,-0.020153,0.030058,0.030283,0.011554,-0.058378,0.05851,0.437999,0.036365,0.039111,-0.033832,-0.734444,0.077276,0.674254,0.342998,-0.815008,0.467025,0.585613,0.574273,0.572073,-0.010051,0.01479,0.014933,-0.006149,-0.046207,0.069592,0.415123,0.07403,0.03688,-0.066687,-0.499566,-0.099144,-0.860583,-0.714395,-0.51474,0.474006,-0.489971,0.851594,0.186318,-0.003808,-0.003097,-0.0192,0.030322,-0.213787,0.355404,-0.795081
227,0.071672,0.030285,0.34781,-0.488895,-0.240047,-0.838692,-0.587507,-0.620097,0.519892,-0.644268,0.747207,0.163181,-0.006533,-0.003133,-0.036179,0.067522,-0.100951,0.124285,-1.900631,-0.108078,0.048167,0.3,0.818443,-0.128055,0.560129,-0.270101,0.774513,0.571935,-0.508081,-0.619219,0.598568,-0.021851,0.040761,0.022084,0.036356,-0.056464,0.086893,0.426722,0.035951,0.039741,-0.033296,-0.738519,0.080896,0.669361,0.339302,-0.813311,0.472651,0.582634,0.576178,0.573198,-0.003345,0.015258,0.014211,0.00488,0.048253,-0.073658,0.403856,0.07388,0.036769,-0.067398,-0.485723,-0.093108,-0.869139,-0.727058,-0.508931,0.46084,-0.485241,0.855756,0.179504,-0.003235,-0.001534,-0.018064,0.070476,-0.099608,0.119375,-0.806185
228,0.071468,0.030059,0.346544,-0.470413,-0.247866,-0.846947,-0.595171,-0.619509,0.511813,-0.650974,0.745149,0.144961,-0.005694,-0.000837,-0.034524,-0.192837,-0.663518,0.007892,-1.90076,-0.108708,0.049204,0.301044,0.818151,-0.13008,0.560088,-0.269858,0.773103,0.573953,-0.50868,-0.620554,0.596674,-0.005879,0.027191,0.025006,0.00783,-0.053277,0.067632,0.412373,0.035636,0.040258,-0.032781,-0.73829,0.082833,0.669377,0.33923,-0.812172,0.474657,0.582967,0.577507,0.571519,-0.002811,0.012921,0.0119,0.016408,-0.059024,0.062229,0.388344,0.073779,0.036655,-0.068019,-0.4691,-0.102454,-0.877181,-0.733961,-0.507174,0.451746,-0.491167,0.855732,0.162718,-0.003419,-0.005581,-0.012887,-0.24477,-0.695474,-0.013596,-0.813859
229,0.071275,0.029913,0.346018,-0.463987,-0.255118,-0.848338,-0.597182,-0.617261,0.512186,-0.653743,0.744576,0.135109,-0.019791,-0.008082,-0.023933,-0.258308,-0.688617,-0.075324,-1.901034,-0.108929,0.049617,0.301467,0.815281,-0.134323,0.563263,-0.267612,0.775048,0.57238,-0.514451,-0.61721,0.595193,-0.018041,0.021531,0.021578,0.076316,2.037787,-2.069698,0.407281,0.035516,0.040486,-0.032549,-0.735589,0.086943,0.671825,0.336347,-0.81398,0.47361,0.588029,0.574349,0.569512,-0.008981,0.010498,0.010552,0.080124,2.035858,-2.070541,0.378383,0.073681,0.036582,-0.068295,-0.464038,-0.111573,-0.87876,-0.735514,-0.50431,0.452426,-0.493646,0.856284,0.151955,-0.009832,-0.003935,-0.011879,-0.337314,-0.819444,-0.15943,-0.815819
230,0.070755,0.029528,0.34519,-0.450861,-0.267088,-0.851723,-0.597529,-0.618559,0.510212,-0.662558,0.739296,0.120356,-0.019727,-0.014905,-0.012524,4.638683,-3.109189,-0.484081,-1.901547,-0.109228,0.050285,0.302217,0.806438,-0.161738,0.568762,-0.248025,0.780482,0.573817,-0.537716,-0.603604,0.588546,-0.001837,0.006307,0.023226,-0.120204,-0.061268,0.265554,0.40416,0.035367,0.040819,-0.032182,-0.725269,0.113707,0.67901,0.317676,-0.819722,0.476589,0.610791,0.561361,0.558397,-0.001938,0.008968,0.008148,-0.129339,0.069471,0.154835,0.367769,0.073426,0.036391,-0.068708,-0.454641,-0.124516,-0.881927,-0.738717,-0.500467,0.451474,-0.497591,0.856754,0.13555,-0.009054,-0.00177,-0.010208,-0.019045,-0.288842,0.209407,-0.821044
231,0.070326,0.029058,0.344688,-0.43867,-0.276403,-0.855111,-0.593697,-0.625192,0.506588,-0.674092,0.730244,0.111222,-0.018364,-0.011176,-0.009604,-0.00377,-0.068323,0.085348,-1.901373,-0.109439,0.050502,0.302906,0.802175,-0.16746,0.573117,-0.250848,0.776367,0.578154,-0.542761,-0.607329,0.580021,-0.015362,0.009421,0.010337,-0.050822,0.045002,0.02892,0.398819,0.035266,0.040929,-0.03183,-0.720473,0.119586,0.683094,0.320985,-0.815647,0.48134,0.614725,0.566055,0.549266,-0.000222,-0.000127,0.008609,-0.047836,0.003061,0.033273,0.361727,0.073212,0.036155,-0.06896,-0.443328,-0.138754,-0.885554,-0.733307,-0.512007,0.447334,-0.515479,0.8477,0.125238,-0.002566,-0.00677,-0.005468,0.019178,-0.173118,0.327654,-0.82186
232,0.070137,0.028801,0.344502,-0.433816,-0.28114,-0.856043,-0.591295,-0.628056,0.505853,-0.679326,0.725969,0.107294,-0.017821,-0.009692,-0.008434,-0.01041,-0.093683,0.103203,-1.901624,-0.109499,0.050579,0.303112,0.801953,-0.169682,0.572774,-0.250524,0.774738,0.580476,-0.543239,-0.608788,0.57804,-0.00171,0.007985,0.007199,-0.004728,-0.01164,0.028308,0.395879,0.03523,0.040969,-0.031725,-0.720342,0.121734,0.682852,0.320912,-0.814281,0.483695,0.614916,0.567561,0.547495,0.000276,-0.002438,0.006516,-0.007904,-0.028256,-0.011983,0.358625,0.073117,0.036026,-0.069053,-0.439524,-0.144349,-0.886555,-0.731491,-0.515282,0.446547,-0.521285,0.844776,0.120888,-0.003275,-0.012203,-0.001329,-0.025667,-0.042635,0.112375,-0.820881
233,0.06966,0.028518,0.344206,-0.425038,-0.293599,-0.856263,-0.581335,-0.636556,0.506771,-0.693326,0.713537,0.100951,-0.01554,-0.003621,-0.003544,-0.149716,-0.37278,-0.038189,-1.901985,-0.109353,0.05072,0.303357,0.792233,-0.184676,0.581595,-0.242643,0.779022,0.578086,-0.560815,-0.59886,0.571591,0.012,0.006198,0.003758,0.285968,0.292627,0.301931,0.390201,0.035293,0.041039,-0.031608,-0.709809,0.134565,0.69142,0.314146,-0.818083,0.481717,0.630462,0.559134,0.53841,-0.00039,0.001548,0.001499,3.22577,3.367656,2.966791,0.349481,0.072882,0.035878,-0.069205,-0.433596,-0.156336,-0.887441,-0.723504,-0.526666,0.446277,-0.537154,0.835572,0.11525,-0.007868,-0.002088,-0.001995,-0.311914,-0.539325,-0.413805,-0.825943
234,0.069208,0.028494,0.344053,-0.412186,-0.307364,-0.857715,-0.573514,-0.64397,0.506316,-0.70746,0.700989,0.09023,-0.01479,-0.001618,-0.001926,-0.092136,-0.142817,-0.160341,-1.901393,-0.109005,0.05052,0.303642,0.789236,-0.183962,0.58588,-0.246116,0.779185,0.576395,-0.563521,-0.598869,0.568915,0.014477,-0.007536,0.008805,-0.031866,-0.025175,0.032584,0.389313,0.035473,0.040937,-0.031467,-0.706029,0.134757,0.695242,0.315952,-0.818669,0.479534,0.633794,0.558229,0.535428,0.007406,-0.004566,0.003679,-0.034763,-0.011066,0.012194,0.347195,0.072652,0.03587,-0.069279,-0.423467,-0.174193,-0.889006,-0.717452,-0.534682,0.446516,-0.553116,0.826904,0.101445,-0.006453,0.005234,-0.004618,-0.074771,-0.207387,-0.14416,-0.826596
235,0.068985,0.028503,0.343962,-0.40334,-0.316385,-0.85864,-0.568129,-0.649009,0.505954,-0.716846,0.692281,0.083097,-0.013232,0.009627,-0.009927,-0.03954,-0.249255,0.066846,-1.901678,-0.108746,0.050401,0.30375,0.787718,-0.183639,0.588022,-0.247828,0.779265,0.575552,-0.564894,-0.598863,0.567557,0.012782,0.00259,0.000504,0.002044,-0.015205,0.029245,0.386232,0.035603,0.040874,-0.03141,-0.704257,0.134269,0.697131,0.317564,-0.81866,0.478485,0.63496,0.558361,0.533908,0.007463,-0.004816,0.003454,-0.03516,-0.010468,0.012379,0.344909,0.072546,0.035873,-0.069319,-0.416751,-0.185057,-0.889983,-0.713151,-0.540548,0.446343,-0.563678,0.820707,0.0933,-0.000919,-0.002385,-0.001948,-0.085734,-0.252572,0.035443,-0.82529
236,0.068734,0.028548,0.343642,-0.387411,-0.337682,-0.857863,-0.555106,-0.657498,0.509436,-0.735595,0.673984,0.068345,-0.0026,-0.006741,-0.005514,0.199866,-0.779972,-0.164864,-1.901316,-0.108217,0.050207,0.303989,0.780331,-0.186835,0.596798,-0.249677,0.781738,0.571386,-0.57426,-0.594635,0.562582,0.014634,-0.00817,0.008233,0.262597,0.29228,0.273751,0.380656,0.035863,0.040776,-0.031298,-0.696105,0.135443,0.705048,0.320237,-0.820359,0.47377,0.642562,0.555576,0.527682,0.007211,-0.003863,0.004414,3.260367,3.332523,2.935806,0.336744,0.072414,0.035904,-0.069473,-0.406353,-0.206187,-0.890147,-0.703129,-0.551577,0.448742,-0.58351,0.808237,0.079159,-0.006825,0.003983,-0.005395,4.776659,-2.9159,-0.265764,-0.825779
237,0.068624,0.028681,0.343141,-0.375833,-0.348916,-0.858517,-0.549072,-0.662464,0.509542,-0.746064,0.663323,0.058469,-0.001355,0.00367,-0.014198,0.024858,-0.025251,-0.022178,-1.901965,-0.107724,0.050029,0.304312,0.775101,-0.18789,0.603247,-0.254582,0.780808,0.570492,-0.579168,-0.595522,0.556579,0.014068,-0.005548,0.010588,-0.079232,0.014058,0.06912,0.381438,0.036115,0.040683,-0.03114,-0.689674,0.1376,0.710925,0.323674,-0.81966,0.472644,0.647753,0.556078,0.520761,0.006049,0.002849,0.001634,-0.038452,0.012731,0.067591,0.333805,0.072357,0.035968,-0.069725,-0.396432,-0.222789,-0.89062,-0.697448,-0.557756,0.44997,-0.596999,0.799544,0.065729,-0.000635,0.001937,-0.007021,0.055972,-0.078069,0.180326,-0.83525
238,0.068703,0.028928,0.342446,-0.369397,-0.353287,-0.859523,-0.54993,-0.66249,0.508582,-0.748648,0.660984,0.051512,0.01278,0.010703,-0.025014,0.066065,-0.15152,0.199395,-1.901877,-0.107506,0.049889,0.304616,0.769719,-0.186393,0.610558,-0.260255,0.781564,0.566884,-0.583805,-0.595002,0.552274,-0.000714,0.003238,0.002905,-1e-05,8e-06,8e-06,0.371133,0.036229,0.040613,-0.030983,-0.683486,0.135439,0.717287,0.328776,-0.820204,0.468155,0.651729,0.555805,0.51607,0.000632,-0.004062,0.005048,-0.033154,-0.015111,0.006162,0.326783,0.072392,0.036088,-0.070062,-0.391217,-0.227952,-0.89162,-0.698213,-0.557643,0.448922,-0.599539,0.798167,0.059,0.005653,-0.000168,-0.008436,0.044274,-0.000688,0.031901,-0.839006
239,0.068779,0.029021,0.342114,-0.368668,-0.353328,-0.859819,-0.549514,-0.663211,0.508092,-0.749313,0.660237,0.05142,0.011163,-0.000664,-0.017146,0.034553,-0.02034,0.019461,-1.901684,-0.107492,0.049848,0.304735,0.767041,-0.187873,0.613468,-0.262517,0.780417,0.567421,-0.586312,-0.596039,0.548488,0.001511,-0.009191,0.009152,-0.092316,0.053876,0.023895,0.368402,0.036235,0.040595,-0.030921,-0.680421,0.136887,0.719922,0.331125,-0.818962,0.468675,0.653745,0.557281,0.511912,0.000753,-0.004603,0.004565,-0.07682,0.039623,0.014826,0.320415,0.07243,0.03614,-0.070237,-0.390382,-0.227908,-0.891997,-0.697945,-0.558579,0.448174,-0.600394,0.797524,0.058992,-0.000888,0.00127,-0.007576,0.034822,-0.001496,-0.007592,-0.838026
240,0.068854,0.029031,0.341509,-0.364416,-0.357978,-0.859708,-0.540608,-0.670381,0.508237,-0.757823,0.650418,0.051846,0.009686,-0.011691,-0.009021,0.001036,0.000782,0.005253,-1.901696,-0.107581,0.04997,0.304904,0.765904,-0.187334,0.615052,-0.263929,0.780547,0.566589,-0.587165,-0.59604,0.547574,-0.001098,0.004988,0.004465,-0.01617,0.104608,-0.133092,0.364645,0.036193,0.040649,-0.030843,-0.67924,0.136108,0.721184,0.332293,-0.819126,0.467559,0.65438,0.55723,0.511156,-0.000576,0.002599,0.002325,0.003901,-0.018906,0.021505,0.313393,0.072468,0.036146,-0.070539,-0.387168,-0.233309,-0.892001,-0.690713,-0.567459,0.448223,-0.610749,0.789655,0.058553,-0.001591,-0.004139,-0.003429,-0.000378,0.016718,-0.024029,-0.843088
241,0.068845,0.028774,0.341197,-0.360412,-0.359416,-0.860795,-0.537686,-0.674033,0.506502,-0.761808,0.645833,0.050752,-0.003068,-0.007945,-0.006591,-0.012373,-0.019902,0.040333,-1.90157,-0.10763,0.05019,0.305101,0.765389,-0.187112,0.615759,-0.264522,0.780628,0.566199,-0.587567,-0.596003,0.547182,-0.001567,0.00712,0.006359,0.002738,-0.017725,0.022554,0.361137,0.036168,0.04076,-0.030743,-0.67856,0.135782,0.721885,0.332911,-0.819187,0.467013,0.654772,0.557221,0.510664,-0.000814,0.003676,0.003283,0.002629,-0.017834,0.022473,0.308331,0.072467,0.036014,-0.070704,-0.383446,-0.23549,-0.893035,-0.688534,-0.571563,0.446357,-0.615539,0.78604,0.057021,-0.001525,-0.003957,-0.003288,-0.012397,-0.018145,0.040501,-0.847824
242,0.068783,0.028592,0.341097,-0.356261,-0.360718,-0.861978,-0.535044,-0.677544,0.504612,-0.765615,0.641417,0.049459,-0.003162,-0.008183,-0.006799,-0.015828,-0.017857,0.040542,-1.901221,-0.107624,0.050343,0.305245,0.765303,-0.18709,0.615873,-0.264627,0.780622,0.566159,-0.587633,-0.596018,0.547096,-0.001881,0.008543,0.007619,0.002739,-0.017724,0.022555,0.360855,0.036171,0.040833,-0.030674,-0.678446,0.135743,0.722,0.333025,-0.819178,0.466949,0.654832,0.557244,0.510562,0.00542,0.005652,0.004131,0.004678,-0.032979,0.051716,0.307025,0.072437,0.035927,-0.07075,-0.379616,-0.237571,-0.89412,-0.686558,-0.575458,0.444392,-0.620104,0.782564,0.055347,-0.001565,-0.00406,-0.003378,-0.056455,-0.102747,0.20834,-0.849293
243,0.068549,0.028026,0.340858,-0.343241,-0.367132,-0.864549,-0.52188,-0.690758,0.500466,-0.780511,0.623426,0.046578,-0.00609,-0.022928,-0.001784,0.396174,-0.319292,0.106003,-1.902033,-0.107598,0.050765,0.305618,0.764563,-0.189222,0.616142,-0.264804,0.779172,0.56807,-0.588517,-0.597237,0.544811,-0.002525,0.011452,0.010173,0.00248,-0.017506,0.022758,0.361438,0.036185,0.041043,-0.030489,-0.677655,0.137908,0.722332,0.333462,-0.817838,0.468979,0.655427,0.558677,0.508225,-0.001351,0.006098,0.005416,-0.00806,0.082642,-0.114494,0.306045,0.072323,0.035653,-0.070869,-0.368312,-0.246232,-0.896501,-0.676424,-0.59056,0.4401,-0.637805,0.76851,0.050953,-0.008952,-0.004746,-0.004283,1.443306,-0.815525,-0.135433,-0.841945
244,0.068178,0.02737,0.340576,-0.33085,-0.367822,-0.869075,-0.518502,-0.69862,0.493009,-0.788088,0.614184,0.041507,-0.004884,-0.012575,-0.010551,-7.6e-05,-0.091768,0.143993,-1.902518,-0.107484,0.051279,0.306093,0.764592,-0.18933,0.616071,-0.26477,0.77908,0.568212,-0.588493,-0.597324,0.544742,-0.00291,0.013158,0.011632,-0.016186,0.104573,-0.133118,0.371764,0.036237,0.041299,-0.030258,-0.677772,0.137993,0.722206,0.333367,-0.8178,0.469114,0.655355,0.558712,0.50828,-0.001498,0.006746,0.005964,0.005527,-0.03558,0.045001,0.312577,0.072138,0.035323,-0.071005,-0.355915,-0.249454,-0.900609,-0.674098,-0.598927,0.432292,-0.647237,0.760958,0.045011,-0.00973,-0.010283,-0.000272,-0.031492,-0.054519,0.098192,-0.843741
245,0.067835,0.026828,0.340217,-0.319965,-0.366254,-0.8738,-0.519034,-0.703811,0.485001,-0.792232,0.609168,0.036187,-0.005283,-0.01356,-0.011438,-0.588284,-1.202714,2.353702,-1.901735,-0.107364,0.051751,0.306621,0.757567,-0.192073,0.623852,-0.270442,0.777341,0.567922,-0.594964,-0.598707,0.536126,-0.003096,0.013958,0.012276,-0.041252,0.281286,-0.26929,0.371507,0.036302,0.041537,-0.029993,-0.670339,0.140651,0.728603,0.338572,-0.815742,0.46897,0.660313,0.561054,0.499203,0.004771,0.008379,0.006475,0.006692,1.852777,-1.924755,0.318456,0.071964,0.035048,-0.071188,-0.347251,-0.25048,-0.903701,-0.674013,-0.603356,0.426225,-0.652014,0.757113,0.040689,-0.009042,-0.004856,-0.004448,-0.001023,-0.073433,0.110185,-0.843905
246,0.067686,0.026621,0.340013,-0.313438,-0.369292,-0.874886,-0.516866,-0.70654,0.483346,-0.796254,0.604155,0.031674,-0.004577,-0.011731,-0.009919,-0.024039,-0.138633,0.113575,-1.901486,-0.107335,0.051916,0.306885,0.754485,-0.19345,0.627153,-0.273067,0.776266,0.568137,-0.597675,-0.599656,0.532035,-0.000636,0.000519,0.017623,-0.079859,0.702539,-0.735358,0.371763,0.036314,0.041629,-0.029853,-0.666875,0.141866,0.73154,0.341182,-0.814634,0.469003,0.662474,0.562355,0.494857,-0.00145,0.006484,0.005687,0.010164,1.854735,-1.96763,0.318292,0.071888,0.03494,-0.071294,-0.33891,-0.254477,-0.905748,-0.673664,-0.606399,0.422441,-0.656747,0.753339,0.034082,-0.002358,-0.006051,-0.005114,-0.016538,0.001379,-0.077581,-0.843252
247,0.067387,0.026361,0.339693,-0.303315,-0.370912,-0.877764,-0.516226,-0.710312,0.478476,-0.800588,0.598713,0.02507,-0.014683,0.006338,-0.012861,0.030542,0.004988,-0.042253,-1.901707,-0.107173,0.052181,0.307331,0.749702,-0.20123,0.630432,-0.271557,0.775055,0.570508,-0.604348,-0.59865,0.52559,0.000166,-0.003102,0.01442,-0.142655,0.188233,-0.081766,0.371156,0.036394,0.041765,-0.02962,-0.661023,0.148978,0.735427,0.340485,-0.813832,0.470898,0.668668,0.561677,0.487237,0.000108,-0.001697,0.007077,-0.138248,0.184289,-0.084867,0.318945,0.071741,0.034801,-0.071455,-0.329107,-0.257939,-0.90838,-0.673622,-0.610014,0.41727,-0.661755,0.749232,0.027007,-0.001501,-0.003847,-0.003263,0.007613,-0.072447,0.149049,-0.846027
248,0.06706,0.026164,0.339499,-0.29118,-0.376943,-0.879302,-0.505866,-0.719454,0.475876,-0.81164,0.583841,0.019906,-0.002486,-0.006337,-0.005393,0.436142,-0.223763,-0.035828,-1.901797,-0.106939,0.052242,0.307708,0.739236,-0.205003,0.641479,-0.275855,0.776643,0.566271,-0.615199,-0.595299,0.516732,0.000859,-0.006211,0.011693,-0.074238,0.297884,-0.319329,0.367278,0.036506,0.041795,-0.029437,-0.649855,0.152372,0.744627,0.343699,-0.814896,0.466706,0.677908,0.559219,0.477195,0.006762,-0.001839,0.006064,-0.062334,1.969362,-2.151579,0.315679,0.071573,0.034706,-0.071556,-0.31848,-0.2662,-0.909784,-0.665285,-0.62091,0.414567,-0.675252,0.737297,0.020648,-0.001188,-0.003033,-0.002584,0.447765,-0.20911,-0.029541,-0.841945
249,0.066847,0.026092,0.339416,-0.284833,-0.379798,-0.880152,-0.50353,-0.722026,0.474456,-0.815343,0.578794,0.015516,-0.015156,-0.002015,-0.002464,-0.010687,-0.1137,0.124821,-1.902171,-0.106767,0.052249,0.307832,0.73556,-0.203783,0.646077,-0.279594,0.777218,0.563643,-0.61791,-0.594969,0.51387,0.014179,-0.006497,0.009677,-0.05622,0.675067,-0.756486,0.366678,0.036587,0.041802,-0.029372,-0.647267,0.151134,0.747129,0.345957,-0.815139,0.464608,0.679233,0.5592,0.475327,0.005944,0.003032,0.001754,-0.008266,0.08253,-0.107644,0.313557,0.071473,0.034673,-0.071595,-0.312818,-0.270498,-0.91048,-0.663356,-0.623843,0.413253,-0.679781,0.733246,0.015713,-0.007636,-0.001158,-0.001362,0.011542,0.029552,-0.058215,-0.839169
250,0.066496,0.025934,0.339279,-0.274619,-0.380597,-0.883049,-0.497755,-0.729466,0.469138,-0.822372,0.568848,0.011983,-0.015163,-0.001989,-0.002455,-0.000934,0.030183,-0.053871,-1.902615,-0.106368,0.052265,0.307945,0.731207,-0.20458,0.650749,-0.283729,0.776185,0.563,-0.621181,-0.596042,0.508656,0.012679,0.002574,0.000473,-0.071061,0.154175,-0.082975,0.366833,0.036797,0.041808,-0.029312,-0.64002,0.151001,0.753374,0.351588,-0.814271,0.461894,0.683197,0.560499,0.46806,0.006378,0.001108,7.3e-05,-0.056322,0.141359,-0.09449,0.312414,0.071292,0.034592,-0.071664,-0.302868,-0.272912,-0.91312,-0.658947,-0.632229,0.407522,-0.688519,0.725124,0.011647,-0.007543,-0.0009,-0.001147,-0.000613,0.033407,-0.055648,-0.846844
251,0.066266,0.025854,0.339175,-0.27394,-0.380416,-0.883338,-0.497893,-0.729716,0.468603,-0.822516,0.568647,0.011595,-0.001014,-0.002567,-0.002196,5.5e-05,0.015475,-0.024314,-1.902529,-0.105988,0.052092,0.307978,0.725667,-0.209667,0.655316,-0.283312,0.776755,0.562423,-0.627835,-0.59352,0.503409,0.013369,-0.000437,-0.002157,0.001249,-0.014495,0.029898,0.367601,0.036987,0.041721,-0.029296,-0.633937,0.155687,0.757551,0.351069,-0.814861,0.461248,0.68911,0.558356,0.461914,0.006727,-0.000409,-0.001252,0.011433,-0.023831,0.021678,0.31274,0.071181,0.034551,-0.071718,-0.302148,-0.272835,-0.913382,-0.659125,-0.632413,0.406946,-0.688664,0.724992,0.01125,-0.00029,-0.000737,-0.000627,-0.0006,0.000323,-1.7e-05,-0.842108
252,0.066123,0.025859,0.339145,-0.271115,-0.38468,-0.882363,-0.493893,-0.731224,0.470482,-0.825859,0.563823,0.009357,-0.000446,-0.001128,-0.000965,-0.005413,-0.010973,-0.00699,-1.90208,-0.105734,0.051933,0.307873,0.720553,-0.214915,0.659247,-0.282152,0.777469,0.56202,-0.634218,-0.590696,0.498708,0.000892,-0.003925,-0.003429,-0.006719,0.021215,-0.019341,0.353514,0.037113,0.04164,-0.02935,-0.628331,0.16074,0.761158,0.349863,-0.815505,0.461026,0.694834,0.555979,0.456171,0.000364,-0.001592,-0.001395,-0.006802,0.110837,-0.165919,0.304249,0.071105,0.034555,-0.071731,-0.300279,-0.277925,-0.912463,-0.655639,-0.634662,0.409072,-0.692798,0.721082,0.008357,-0.000245,-0.000616,-0.000526,0.005024,0.013768,0.008161,-0.848967
253,0.066049,0.025836,0.339122,-0.264306,-0.386747,-0.883524,-0.486414,-0.737597,0.468321,-0.832484,0.554017,0.007935,-0.013814,0.001465,0.000487,0.038446,-0.00649,-0.029853,-1.902034,-0.10569,0.051919,0.30783,0.719542,-0.214533,0.660475,-0.283137,0.777678,0.561234,-0.634926,-0.590559,0.497968,0.000485,-0.002133,-0.001864,-0.002803,0.017695,-0.02257,0.349888,0.037136,0.041629,-0.029375,-0.627218,0.160113,0.762207,0.350715,-0.815741,0.459961,0.69541,0.555814,0.455493,9.1e-05,-0.00039,-0.000344,-0.016728,0.119439,-0.158228,0.296411,0.071074,0.034544,-0.071742,-0.293974,-0.281062,-0.913555,-0.649544,-0.642428,0.406665,-0.701192,0.712944,0.006295,-0.000454,-0.001144,-0.000983,0.136378,-0.061323,-0.002638,-0.849783
254,0.066021,0.025737,0.339038,-0.255906,-0.394119,-0.882739,-0.485019,-0.737547,0.469842,-0.835924,0.548868,-0.00131,-0.000942,-0.002377,-0.002037,-0.080475,-0.163127,-0.103922,-1.902594,-0.105557,0.051946,0.307834,0.719365,-0.214529,0.660668,-0.283276,0.777692,0.561145,-0.635064,-0.590543,0.497812,0.014836,-0.009261,0.007257,-0.034556,-0.007787,0.00984,0.344786,0.037198,0.041644,-0.029377,-0.627006,0.160053,0.762394,0.350844,-0.815776,0.4598,0.695536,0.555779,0.455343,-2.4e-05,0.000111,9.6e-05,-0.000134,-0.000156,-0.000158,0.287104,0.071056,0.034497,-0.071782,-0.287357,-0.290072,-0.912843,-0.64818,-0.642772,0.408295,-0.705186,0.709014,-0.003315,-0.000539,-0.001362,-0.001169,-0.09949,-0.184554,-0.154247,-0.850273
255,0.066053,0.025614,0.338898,-0.251473,-0.397633,-0.882436,-0.481374,-0.739587,0.470384,-0.839374,0.543562,-0.004322,-0.001512,-0.003818,-0.003276,-0.002413,-0.004905,-0.003126,-1.902487,-0.105518,0.052033,0.307916,0.717635,-0.214077,0.662693,-0.284716,0.778097,0.559853,-0.636374,-0.590173,0.496574,-0.000551,0.002415,0.00211,-0.0,3e-06,-4e-06,0.336784,0.037223,0.041683,-0.029335,-0.625002,0.15945,0.764164,0.352145,-0.816063,0.458295,0.696681,0.555532,0.453892,-0.006707,0.000297,0.001149,-0.002309,0.01156,-0.025515,0.278613,0.071072,0.034438,-0.07185,-0.283734,-0.294619,-0.91252,-0.645105,-0.645431,0.408971,-0.70946,0.704711,-0.006929,-0.000908,-0.002297,-0.001973,0.007002,-0.072641,0.154783,-0.840149
256,0.066037,0.02552,0.338818,-0.251309,-0.397565,-0.882514,-0.481414,-0.739654,0.470237,-0.839399,0.543522,-0.00441,-0.00187,-0.004722,-0.004056,2.1e-05,0.015406,-0.024357,-1.902602,-0.10555,0.052088,0.307966,0.717728,-0.214105,0.662584,-0.284628,0.778083,0.559917,-0.63631,-0.590182,0.496646,-0.000633,0.002777,0.002424,-0.0,0.0,0.0,0.335353,0.037207,0.04171,-0.02931,-0.625124,0.159486,0.764057,0.352062,-0.816049,0.458383,0.696614,0.555542,0.453983,-0.000276,0.001207,0.001054,-0.000127,-0.00055,0.000444,0.275837,0.071065,0.034391,-0.07189,-0.283599,-0.294362,-0.912645,-0.645138,-0.645574,0.408694,-0.709485,0.704687,-0.00682,-0.00083,-0.002099,-0.001806,0.001219,0.004001,0.002338,-0.8377
257,0.066014,0.02532,0.338662,-0.24471,-0.39944,-0.883521,-0.473765,-0.74578,0.468327,-0.845684,0.53368,-0.005637,-0.001903,-0.004802,-0.004133,0.003611,0.013583,-0.024275,-1.90232,-0.105601,0.052183,0.30804,0.715808,-0.213543,0.664838,-0.28624,0.778562,0.558428,-0.637747,-0.589755,0.495309,-0.000387,0.0017,0.001483,-0.0,0.0,0.0,0.330436,0.037181,0.041762,-0.029269,-0.622945,0.158773,0.765982,0.353458,-0.816401,0.456677,0.697858,0.555228,0.452454,-0.000229,0.001002,0.000875,-0.000109,-0.00065,0.000599,0.269305,0.071053,0.034292,-0.071967,-0.277438,-0.297479,-0.913528,-0.638833,-0.653073,0.406678,-0.717579,0.69642,-0.008853,-0.000963,-0.002435,-0.002097,0.040982,-0.107876,0.139153,-0.836067
258,0.06597,0.025136,0.338545,-0.245297,-0.399646,-0.883265,-0.473691,-0.745521,0.468813,-0.845554,0.533888,-0.005332,-0.001149,-0.002898,-0.002498,-0.0,-0.0,-0.0,-1.90232,-0.105573,0.052186,0.308052,0.715854,-0.213572,0.664779,-0.286204,0.778535,0.558484,-0.637711,-0.58978,0.495325,0.000392,-0.001722,-0.001501,-0.002756,0.017649,-0.022611,0.315715,0.037194,0.041769,-0.029258,-0.62302,0.158811,0.765913,0.353417,-0.816375,0.456756,0.697811,0.555256,0.452492,7.8e-05,-0.000344,-0.000299,-5.8e-05,-4.3e-05,-1.9e-05,0.259834,0.071029,0.034194,-0.072031,-0.278145,-0.297572,-0.913283,-0.638707,-0.652848,0.407237,-0.717417,0.696592,-0.008475,-0.000669,-0.001693,-0.00146,-0.000403,0.000286,-8e-05,-0.841619
259,0.065856,0.025029,0.338475,-0.243476,-0.398618,-0.884233,-0.474842,-0.745948,0.466967,-0.845437,0.534059,-0.006556,-0.001291,-0.003255,-0.002809,5.5e-05,0.015474,-0.024314,-1.901813,-0.105542,0.052145,0.307975,0.713862,-0.213016,0.667095,-0.287822,0.779047,0.556936,-0.639213,-0.589306,0.493951,0.000585,-0.002567,-0.00224,-0.002757,0.017651,-0.02261,0.292566,0.037209,0.041747,-0.029299,-0.620734,0.158091,0.767915,0.354829,-0.816761,0.454968,0.69913,0.554894,0.450896,0.000182,-0.000794,-0.000692,-9.9e-05,-0.001329,0.001369,0.233544,0.070973,0.034143,-0.072064,-0.276068,-0.296882,-0.914137,-0.639854,-0.652937,0.405287,-0.717197,0.696802,-0.009706,-0.001223,-0.006699,0.003054,-0.033161,0.022646,-0.016888,-0.846681
