frame,MLTx,MLTy,MLTz,MLTR1,MLTR2,MLTR3,MLTR4,MLTR5,MLTR6,MLTR7,MLTR8,MLTR9,MLTTVx,MLTTVy,MLTTVz,MLTRVx,MLTRVy,MLTRVz,MLGA,MRTx,MRTy,MRTz,MRTR1,MRTR2,MRTR3,MRTR4,MRTR5,MRTR6,MRTR7,MRTR8,MRTR9,MRTTVx,MRTTVy,MRTTVz,MRTRVx,MRTRVy,MRTRVz,MRGA,SLTx,SLTy,SLTz,SLTR1,SLTR2,SLTR3,SLTR4,SLTR5,SLTR6,SLTR7,SLTR8,SLTR9,SLTTVx,SLTTVy,SLTTVz,SLTRVx,SLTRVy,SLTRVz,SLGA,SRTx,SRTy,SRTz,SRTR1,SRTR2,SRTR3,SRTR4,SRTR5,SRTR6,SRTR7,SRTR8,SRTR9,SRTTVx,SRTTVy,SRTTVz,SRTRVx,SRTRVy,SRTRVz,SRGA
115,0.139628,0.009018,0.285606,-0.280874,0.379973,-0.881348,-0.493649,-0.844674,-0.206902,-0.822727,0.376486,0.425918,-0.028306,0.004667,0.004827,0.017563,1.046821,0.465673,0.227197,-0.15025,0.021286,0.326283,-0.405115,-0.762467,0.504497,0.70174,0.09422,0.706129,-0.585415,0.641032,0.496216,0.000589,-0.002361,0.015253,-0.028012,-0.01428,-0.000494,-1.402057,0.044629,0.02977,-0.013424,0.527622,0.681332,0.507346,-0.674963,-0.026391,0.737378,0.515789,-0.731498,0.44595,0.000291,-0.0013,0.007525,-0.051625,-0.005275,0.007478,-0.924512,0.084897,0.028642,-0.096901,-0.433262,0.36911,-0.822216,-0.322938,-0.915293,-0.240724,-0.841423,0.161229,0.515762,-0.01391,0.008435,-0.000928,0.029813,1.151473,0.630712,0.038354
116,0.13914,0.009119,0.285666,-0.287671,0.397815,-0.871225,-0.505496,-0.835666,-0.214729,-0.813125,0.37813,0.442575,-0.014136,0.002418,0.002501,0.031303,0.933467,0.413188,0.279053,-0.150197,0.021217,0.326544,-0.405014,-0.762357,0.504743,0.701445,0.094849,0.706337,-0.585837,0.64107,0.495669,0.000763,-0.004906,0.013127,-0.05008,0.119185,-0.184002,-1.402108,0.044656,0.029738,-0.013285,0.527654,0.681249,0.507424,-0.674514,-0.027082,0.737764,0.516343,-0.73155,0.445222,0.000342,-0.002035,0.006909,-0.03909,-0.00369,0.007483,-0.925165,0.084648,0.028695,-0.096869,-0.443365,0.385276,-0.809313,-0.337395,-0.908235,-0.247534,-0.830416,0.16331,0.53267,-0.014224,0.001844,0.001857,0.051325,1.202514,0.56898,0.103997
117,0.138209,0.009,0.28587,-0.302304,0.440814,-0.845187,-0.530804,-0.814274,-0.234898,-0.791391,0.377065,0.481196,-0.014893,-0.011354,0.007388,0.030552,1.41534,0.745791,0.341833,-0.150056,0.020988,0.326936,-0.404481,-0.761561,0.50637,0.701306,0.096927,0.706194,-0.586373,0.641705,0.494212,0.001028,-0.008739,0.009938,-0.036519,0.009691,-0.018539,-1.401785,0.044726,0.029621,-0.013084,0.527082,0.680376,0.509188,-0.674685,-0.029284,0.737524,0.516705,-0.732277,0.443604,0.000517,-0.004545,0.00482,-0.036441,0.010004,-0.018352,-0.926635,0.084183,0.028641,-0.096767,-0.463142,0.420662,-0.780091,-0.367795,-0.892037,-0.262668,-0.806365,0.165261,0.567857,-0.007251,8.8e-05,-2.3e-05,0.058743,1.009109,0.713606,0.221076
118,0.137464,0.008785,0.286059,-0.313209,0.478761,-0.820203,-0.554684,-0.793203,-0.25125,-0.770493,0.37566,0.515021,-0.029065,-0.008989,0.009785,-0.375824,1.115523,0.828408,0.36344,-0.149909,0.02074,0.327118,-0.40403,-0.76085,0.507797,0.701322,0.098585,0.705948,-0.586664,0.642295,0.493098,0.014565,-0.010576,0.00711,-0.034473,-0.00554,0.010691,-1.401495,0.044794,0.0295,-0.012997,0.526611,0.679668,0.510619,-0.674954,-0.030893,0.737212,0.516834,-0.732869,0.442476,2.2e-05,-0.00038,-0.000319,9.4e-05,0.000182,0.00011,-0.927452,0.083804,0.028525,-0.096675,-0.480398,0.454715,-0.749968,-0.397308,-0.875159,-0.276121,-0.781897,0.16532,0.601086,-0.014525,-0.004457,0.00495,-0.395686,1.018486,0.764208,0.275779
119,0.137187,0.00872,0.286213,-0.317889,0.493029,-0.809886,-0.560254,-0.786738,-0.259097,-0.764522,0.370759,0.527325,-0.014316,-0.007816,0.011408,-0.011541,0.784513,0.067403,0.379535,-0.149809,0.020638,0.32714,-0.403953,-0.760705,0.508077,0.701276,0.098955,0.705942,-0.586772,0.64241,0.49282,0.01348,-0.000992,-0.002131,6.5e-05,0.000622,0.005246,-1.401559,0.044845,0.029446,-0.012982,0.52653,0.679524,0.510893,-0.674944,-0.031279,0.737205,0.516929,-0.732985,0.442172,3.8e-05,-0.000607,-0.000508,9e-05,0.000141,8.7e-05,-0.927615,0.08367,0.028493,-0.096606,-0.487459,0.468568,-0.736768,-0.405573,-0.868764,-0.284179,-0.773235,0.160288,0.613526,-0.00699,0.0017,0.001808,-0.00201,0.691221,0.265675,0.293577
120,0.13686,0.008728,0.286492,-0.323183,0.522636,-0.788955,-0.570449,-0.772734,-0.278282,-0.754698,0.359468,0.548854,-0.013631,0.005367,0.005813,0.037994,0.582496,0.185083,0.413001,-0.149581,0.020458,0.327137,-0.403872,-0.760509,0.508434,0.701189,0.099444,0.705959,-0.586932,0.642566,0.492426,0.013492,-0.001056,-0.002189,0.002045,-0.015205,0.029245,-1.401577,0.044959,0.029352,-0.012987,0.526439,0.679315,0.511265,-0.674932,-0.031785,0.737194,0.517038,-0.733157,0.441759,0.000709,-0.007144,0.002659,-0.036463,0.009734,-0.01851,-0.927778,0.083507,0.028492,-0.096463,-0.496746,0.494519,-0.713226,-0.420072,-0.856111,-0.301018,-0.759461,0.150077,0.633004,0.000315,0.00186,0.002129,0.039133,0.637457,0.228844,0.341258
121,0.136831,0.008888,0.286643,-0.331511,0.541529,-0.772588,-0.571035,-0.766977,-0.292639,-0.750624,0.343484,0.564455,0.00059,0.003431,0.003901,0.027801,0.42095,0.102698,0.410515,-0.14935,0.020264,0.327175,-0.403591,-0.759992,0.509429,0.701262,0.100507,0.705737,-0.587038,0.643012,0.491716,0.014609,-0.01087,0.006863,-0.034472,-0.005599,0.010657,-1.401444,0.045074,0.029255,-0.012975,0.526145,0.678806,0.512242,-0.675165,-0.032787,0.736937,0.517032,-0.733584,0.441055,2.4e-05,-0.000351,-0.000297,-0.013643,0.109169,-0.16571,-0.928758,0.083487,0.028575,-0.096384,-0.507086,0.509801,-0.694957,-0.423126,-0.849707,-0.314581,-0.750884,0.134535,0.646584,0.000273,0.001601,0.001826,0.038505,0.435741,0.322206,0.361996
122,0.136848,0.008919,0.286694,-0.336167,0.549451,-0.764945,-0.572294,-0.764177,-0.297464,-0.747585,0.337088,0.572291,0.000302,0.001755,0.001995,0.028087,0.436662,0.078439,0.407373,-0.149279,0.020155,0.32722,-0.403487,-0.759825,0.509761,0.701206,0.100958,0.705727,-0.587176,0.643139,0.491385,0.014631,-0.011129,0.006647,-0.034471,-0.005609,0.010651,-1.401441,0.04511,0.029202,-0.012951,0.526036,0.67864,0.512574,-0.675171,-0.033239,0.736911,0.517135,-0.733717,0.440714,3.7e-05,-0.000554,-0.000467,2.6e-05,4.8e-05,3.6e-05,-0.929084,0.083496,0.028595,-0.096354,-0.512762,0.516009,-0.686154,-0.425368,-0.846922,-0.319035,-0.745745,0.128279,0.653764,0.000168,0.000996,0.001134,0.031283,0.342445,0.257029,0.361343
123,0.136847,0.008922,0.286682,-0.346306,0.569468,-0.745536,-0.575822,-0.756367,-0.310339,-0.740203,0.321111,0.590775,-0.0001,-0.00058,-0.000659,0.084113,0.85598,0.640766,0.409618,-0.14913,0.019994,0.327345,-0.40337,-0.759636,0.510134,0.701009,0.10161,0.705829,-0.587491,0.643259,0.490852,-1.9e-05,0.000266,0.000221,0.0,-0.0,-0.0,-1.401149,0.04519,0.029116,-0.012887,0.525917,0.678457,0.512938,-0.675042,-0.033927,0.736997,0.517424,-0.733855,0.440145,0.006655,0.000812,1.6e-05,0.002073,-0.015178,0.029274,-0.930391,0.083496,0.028598,-0.096358,-0.52412,0.529965,-0.666658,-0.430692,-0.840253,-0.32936,-0.734711,0.114501,0.668646,-0.007246,0.000158,3.3e-05,0.041361,0.579657,0.144636,0.36216
124,0.13687,0.00888,0.286603,-0.351893,0.590674,-0.726169,-0.577737,-0.747384,-0.328039,-0.73606,0.303361,0.605157,-0.000237,-0.001381,-0.001571,0.054104,0.528236,0.395998,0.401768,-0.148922,0.019853,0.327479,-0.403356,-0.759589,0.510215,0.700708,0.102025,0.706069,-0.58786,0.643249,0.490423,-7.1e-05,0.000986,0.000822,0.0,-0.0,-0.0,-1.400709,0.045294,0.029045,-0.01282,0.525902,0.678409,0.513018,-0.674789,-0.034387,0.737208,0.51777,-0.733878,0.439699,0.007236,-0.004422,0.004275,-0.034446,-0.005641,0.010643,-0.930881,0.083508,0.028575,-0.096399,-0.53316,0.549766,-0.643037,-0.436708,-0.829828,-0.347377,-0.724587,0.095612,0.682518,0.007019,-0.001495,-0.001552,0.062549,0.623435,0.502079,0.358404
125,0.136918,0.008746,0.286514,-0.359045,0.621838,-0.696024,-0.581008,-0.732486,-0.354775,-0.730001,0.276237,0.625155,-0.000508,-0.002961,-0.003371,0.106724,1.036719,0.73994,0.386402,-0.148694,0.019706,0.327607,-0.403275,-0.759422,0.510528,0.700485,0.102622,0.706203,-0.588181,0.643351,0.489904,-5e-05,0.000684,0.00057,0.0,-0.0,-0.0,-1.400722,0.045408,0.028973,-0.012755,0.525814,0.678241,0.513329,-0.674643,-0.035012,0.737312,0.518049,-0.734004,0.439161,-2.9e-05,0.000372,0.000304,1.5e-05,1.4e-05,1e-06,-0.93186,0.083532,0.028511,-0.096442,-0.543266,0.575404,-0.611367,-0.44489,-0.814857,-0.371591,-0.711993,0.070118,0.698676,-0.000184,-0.001106,-0.001268,0.114266,1.176481,0.876482,0.345667
126,0.136908,0.008709,0.286426,-0.362472,0.640159,-0.67739,-0.582749,-0.722826,-0.371346,-0.726912,0.259345,0.635898,-0.000169,0.008208,-0.011254,0.152423,1.092355,0.812007,0.370002,-0.148577,0.019665,0.327691,-0.40109,-0.760598,0.510499,0.70183,0.102823,0.704837,-0.588074,0.641928,0.491895,-0.000147,0.00201,0.001674,0.073872,-0.093763,-0.067604,-1.400603,0.045466,0.02895,-0.012715,0.523999,0.679555,0.513449,-0.676062,-0.034808,0.736022,0.518039,-0.732798,0.441182,0.0072,-0.003866,0.004737,0.064652,-0.13965,-0.050881,-0.93235,0.083527,0.028488,-0.096482,-0.548841,0.591389,-0.590788,-0.450179,-0.804612,-0.387215,-0.704351,0.05344,0.707836,-0.00026,-0.001544,-0.001768,0.12567,1.24055,0.931026,0.329991
127,0.136875,0.008587,0.286271,-0.372263,0.675513,-0.636513,-0.583047,-0.703733,-0.405941,-0.721697,0.219155,0.656621,-0.000567,-0.003303,-0.003768,0.135154,1.131037,1.095077,0.342855,-0.148264,0.019603,0.327868,-0.401306,-0.760877,0.509912,0.701307,0.102681,0.705379,-0.588551,0.641619,0.491728,0.013191,0.003324,0.001445,0.00206,-0.015225,0.029231,-1.400511,0.045618,0.02892,-0.012625,0.523992,0.679986,0.512884,-0.675525,-0.034962,0.736507,0.518746,-0.73239,0.441028,0.007193,-0.003767,0.004817,-0.036167,-0.004577,0.011479,-0.93333,0.08351,0.028429,-0.096566,-0.561996,0.620586,-0.546839,-0.457384,-0.784008,-0.419678,-0.689173,0.014258,0.724456,-0.000332,-0.001949,-0.00222,0.084329,0.906314,0.638382,0.288842
128,0.136774,0.008358,0.286055,-0.384659,0.700961,-0.600613,-0.577963,-0.690173,-0.435421,-0.719269,0.178767,0.671358,-0.001149,-0.006671,-0.007629,0.091534,0.700838,0.50536,0.334025,-0.147956,0.019596,0.32809,-0.399494,-0.757175,0.5168,0.703576,0.107992,0.702319,-0.587076,0.645117,0.488906,0.012955,0.006406,0.004004,0.003771,-0.018008,0.03504,-1.400439,0.045772,0.028911,-0.012518,0.522,0.676241,0.51982,-0.678662,-0.039863,0.733367,0.516654,-0.7356,0.438131,-0.000175,0.002299,0.001907,0.001188,0.026162,-0.034221,-0.933167,0.08346,0.02832,-0.096668,-0.576673,0.64162,-0.505738,-0.458845,-0.766544,-0.449298,-0.67595,-0.027043,0.73645,-0.000575,-0.003368,-0.003844,0.139159,0.782505,0.604725,0.270064
129,0.136512,0.008115,0.285756,-0.39856,0.724351,-0.562593,-0.580624,-0.674053,-0.456619,-0.709481,0.143759,0.689925,-0.015694,-0.006401,-0.007658,0.136716,1.132543,0.786812,0.32443,-0.147709,0.019822,0.328355,-0.394113,-0.757507,0.520432,0.704169,0.114846,0.700636,-0.590001,0.643538,0.487464,-0.000664,0.008718,0.007231,-0.860869,-1.177348,-0.784127,-1.400681,0.045901,0.029025,-0.012386,0.51729,0.67693,0.523617,-0.680219,-0.046071,0.731558,0.519338,-0.734603,0.436629,-0.000356,0.004574,0.00377,-0.870212,-1.186334,-0.7983,-0.93431,0.083335,0.028197,-0.096819,-0.590787,0.657529,-0.467574,-0.465884,-0.751157,-0.467668,-0.658727,-0.058457,0.750106,-0.007857,-0.003295,-0.003927,0.137337,0.737875,0.528887,0.248346
130,0.136235,0.007961,0.28559,-0.404225,0.734256,-0.545451,-0.583898,-0.666103,-0.46405,-0.703561,0.129989,0.698664,-0.016006,-0.008102,-0.009633,0.090074,0.8861,0.550582,0.346673,-0.147586,0.020052,0.328532,-0.389923,-0.760276,0.519549,0.703173,0.118297,0.701062,-0.593961,0.639634,0.487792,0.012459,0.01253,0.009052,-0.254386,-0.379628,-0.189309,-1.400733,0.045962,0.029139,-0.012298,0.513217,0.680468,0.523039,-0.679664,-0.049902,0.731823,0.524083,-0.731076,0.43688,0.006208,0.006514,0.00473,-0.256607,-0.382266,-0.193499,-0.933167,0.08319,0.028119,-0.096903,-0.597463,0.665748,-0.447008,-0.472181,-0.742627,-0.474919,-0.648137,-0.072678,0.758046,-0.008011,-0.004129,-0.004901,0.092517,0.915002,0.57133,0.255367
131,0.135262,0.007731,0.285274,-0.416523,0.752243,-0.510572,-0.589975,-0.650878,-0.477765,-0.691205,0.101284,0.715545,-0.030165,-0.005262,-0.006763,0.077088,0.737057,0.434471,0.393281,-0.147259,0.020632,0.328999,-0.390429,-0.760964,0.518162,0.702655,0.11719,0.701767,-0.594242,0.63902,0.488256,0.013381,0.004939,0.019887,-0.032476,-0.021549,0.034597,-1.400453,0.046121,0.029429,-0.01207,0.513636,0.681198,0.521676,-0.67899,-0.049001,0.732509,0.524547,-0.730456,0.437359,0.006,0.00891,0.006675,0.006223,-0.046454,0.077557,-0.9348,0.082714,0.028001,-0.097064,-0.60983,0.678151,-0.410143,-0.482505,-0.728237,-0.48668,-0.628724,-0.098896,0.771313,-0.015076,-0.002631,-0.003372,0.098051,0.913056,0.564627,0.310396
132,0.134083,0.007592,0.285055,-0.420507,0.765809,-0.486576,-0.586827,-0.638513,-0.497902,-0.691466,0.075207,0.718502,-0.029748,-0.002644,-0.003805,0.774315,0.307187,0.40528,0.392789,-0.146907,0.021272,0.32955,-0.390814,-0.761444,0.517164,0.702219,0.116445,0.702327,-0.594502,0.638584,0.488509,0.011964,0.017768,0.013234,0.006028,-0.046642,0.077385,-1.400472,0.046297,0.029748,-0.01179,0.514031,0.681641,0.520708,-0.678434,-0.048378,0.733065,0.524879,-0.730085,0.437581,0.005975,0.008887,0.006614,0.004157,-0.030761,0.053407,-0.93431,0.082113,0.027926,-0.097181,-0.614484,0.688903,-0.384474,-0.483984,-0.714032,-0.505882,-0.623031,-0.124777,0.77218,-0.01486,-0.001256,-0.001817,0.84177,0.275526,0.419136,0.343544
133,0.133551,0.007577,0.284993,-0.418146,0.771211,-0.480033,-0.58245,-0.633078,-0.509841,-0.69658,0.065443,0.714508,-0.015052,-0.002243,-0.002983,0.040021,0.315843,0.163845,0.351972,-0.146672,0.021603,0.329845,-0.39467,-0.763432,0.511271,0.698496,0.112054,0.70674,-0.596332,0.636994,0.488355,0.011914,0.018038,0.013412,-0.028566,-1.545117,2.402735,-1.40091,0.04641,0.029907,-0.011647,0.516826,0.682151,0.517262,-0.675268,-0.04656,0.736101,0.526216,-0.729727,0.436572,0.005973,0.00875,0.006482,-0.133971,0.207322,0.012857,-0.934473,0.081852,0.027918,-0.097212,-0.612569,0.694312,-0.377741,-0.481865,-0.706862,-0.517833,-0.626549,-0.135188,0.767567,-0.014627,6e-05,-0.000293,0.039711,0.230146,0.342577,0.326399
134,0.132541,0.007544,0.285149,-0.41492,0.78304,-0.463395,-0.579695,-0.61999,-0.528713,-0.700795,0.048275,0.711747,-0.029047,-0.007676,0.011128,0.010686,0.305043,0.36665,0.319765,-0.146168,0.022195,0.330323,-0.399047,-0.766175,0.503715,0.694177,0.106311,0.711864,-0.598451,0.634683,0.488771,0.01206,0.015602,0.011361,-0.022307,-0.011482,0.102719,-1.400848,0.046666,0.030214,-0.011399,0.522332,0.685687,0.506952,-0.668445,-0.039898,0.742689,0.529479,-0.726801,0.437505,0.006058,0.007397,0.005344,-0.003559,0.001802,0.069522,-0.934147,0.081341,0.027899,-0.097138,-0.610452,0.705263,-0.360487,-0.483664,-0.692343,-0.53547,-0.627228,-0.152525,0.763753,-0.01448,-0.0036,0.005861,0.006614,0.301298,0.361719,0.253898
135,0.131221,0.00723,0.285608,-0.418433,0.797463,-0.434756,-0.587754,-0.602612,-0.539793,-0.69194,0.028665,0.721404,-0.029067,-0.007595,0.011174,0.052909,0.661622,0.667598,0.337834,-0.145641,0.022704,0.330654,-0.404089,-0.770231,0.493404,0.688922,0.098415,0.718078,-0.601126,0.631038,0.490207,0.012426,0.010701,0.00735,-0.013435,-0.009389,0.068846,-1.400796,0.046929,0.030476,-0.011228,0.527456,0.689402,0.496502,-0.66187,-0.032955,0.748893,0.532651,-0.723628,0.438912,0.006225,0.00517,0.003518,0.011409,-0.014959,0.055776,-0.923533,0.080693,0.027749,-0.096907,-0.613998,0.716045,-0.332092,-0.495589,-0.677199,-0.543867,-0.614326,-0.169352,0.770663,-0.014915,-0.010251,0.008549,0.02505,0.755205,0.672322,0.25847
136,0.130609,0.006911,0.285893,-0.420035,0.8037,-0.421524,-0.591768,-0.594643,-0.544226,-0.687535,0.019846,0.725898,-0.029253,-0.008431,0.010186,0.0188,0.398334,0.434505,0.343132,-0.145421,0.022926,0.330759,-0.407962,-0.772237,0.48704,0.685111,0.093505,0.722367,-0.602856,0.629331,0.490277,0.012569,0.008841,0.005836,-0.322555,0.37012,0.342732,-1.400526,0.047039,0.030585,-0.011177,0.529176,0.692558,0.49024,-0.659034,-0.028454,0.751574,0.534458,-0.7208,0.441362,0.005678,0.00962,-0.001368,0.044678,-0.023351,0.038307,-0.917491,0.080399,0.027599,-0.096768,-0.615824,0.72129,-0.317018,-0.502003,-0.669329,-0.547713,-0.60725,-0.178151,0.774279,-0.01488,-0.009979,0.008857,0.010266,0.64245,0.588048,0.265328
137,0.129767,0.006244,0.286471,-0.426347,0.813958,-0.394646,-0.598693,-0.580897,-0.55145,-0.677583,0.000146,0.735465,-0.015147,-0.020143,0.017899,0.014799,0.769292,0.507593,0.346014,-0.145069,0.02322,0.330882,-0.411999,-0.774455,0.480072,0.681099,0.088067,0.72683,-0.604646,0.627388,0.49056,0.0128,0.005921,0.00347,-0.005199,-0.019619,0.061479,-1.400964,0.04722,0.030736,-0.011113,0.535298,0.692997,0.482918,-0.652327,-0.024024,0.757556,0.536586,-0.720539,0.439201,0.006417,0.002747,0.001554,0.023276,-0.031846,0.048929,-0.920267,0.079961,0.02726,-0.096478,-0.621314,0.727685,-0.290589,-0.511771,-0.657692,-0.552748,-0.593345,-0.194715,0.781042,-0.007669,-0.010524,0.008445,-0.044978,0.270052,0.101139,0.273656
138,0.129231,0.005533,0.287086,-0.435846,0.822902,-0.364576,-0.605229,-0.567711,-0.558009,-0.665626,-0.023583,0.745931,-0.015161,-0.020075,0.017984,0.042681,0.970778,0.653097,0.334067,-0.144945,0.023286,0.330884,-0.417743,-0.774836,0.474459,0.675943,0.083738,0.732136,-0.606479,0.627511,0.488135,-0.001141,0.009578,-0.009213,-0.041515,0.099383,0.061831,-1.400898,0.047282,0.03077,-0.011104,0.540496,0.693035,0.477038,-0.646539,-0.020687,0.762599,0.538376,-0.720606,0.436893,4.1e-05,-0.000475,-0.000389,-0.094272,0.114743,0.079165,-0.92239,0.079687,0.026899,-0.096162,-0.62974,0.732334,-0.259061,-0.521557,-0.645759,-0.55765,-0.575677,-0.21606,0.788615,-0.007592,-0.010048,0.008985,0.036261,0.916173,0.61301,0.270717
139,0.128986,0.004584,0.287796,-0.436504,0.837656,-0.328394,-0.619716,-0.544464,-0.565228,-0.651729,-0.04426,0.757177,-0.001407,-0.033812,0.023429,0.000452,1.016921,0.412046,0.302806,-0.145045,0.023264,0.330762,-0.418269,-0.775936,0.472193,0.675245,0.081916,0.732986,-0.606893,0.626392,0.489058,-0.001046,0.008482,-0.010097,0.036494,-0.009179,0.018823,-1.400944,0.047237,0.030756,-0.011169,0.541241,0.694,0.474784,-0.645583,-0.01882,0.763457,0.538775,-0.719728,0.437849,0.000116,-0.001335,-0.001077,0.001376,-0.001466,-0.001888,-0.921083,0.079566,0.026447,-0.09582,-0.629889,0.744187,-0.222311,-0.541083,-0.625801,-0.561783,-0.557195,-0.233573,0.796853,-0.007882,-0.015912,0.01264,-0.033984,0.744049,0.207519,0.241978
140,0.128945,0.004046,0.28822,-0.442909,0.841781,-0.308679,-0.623629,-0.536532,-0.568501,-0.643625,-0.060345,0.762976,-0.000533,-0.020496,0.017994,0.050953,1.091166,0.492257,0.294955,-0.145173,0.023227,0.330669,-0.418763,-0.777006,0.469991,0.674525,0.0802,0.733838,-0.607352,0.625287,0.489901,-0.000931,0.007147,-0.011175,0.034502,0.006522,-0.005257,-1.400741,0.047168,0.030736,-0.011216,0.541749,0.695099,0.472593,-0.644609,-0.017256,0.764317,0.539431,-0.718706,0.438719,-0.006443,-0.002472,-0.001342,-0.002491,0.01635,-0.033164,-0.921083,0.079545,0.026162,-0.095603,-0.6353,0.745559,-0.20133,-0.547045,-0.618477,-0.564116,-0.545101,-0.248246,0.800773,-0.000496,-0.015799,0.013002,0.031794,1.210287,0.586975,0.223852
141,0.128995,0.002887,0.28929,-0.453887,0.849567,-0.268827,-0.633373,-0.519734,-0.573312,-0.626228,-0.091013,0.774327,-0.00047,-0.029099,0.028916,-0.015102,0.913548,0.119803,0.290303,-0.145375,0.023212,0.330486,-0.418526,-0.776629,0.470824,0.675063,0.080615,0.733298,-0.606919,0.625702,0.489909,-0.014251,0.007242,-0.009796,0.034465,0.005973,-0.010455,-1.400946,0.047067,0.030727,-0.011315,0.541467,0.694728,0.473461,-0.645255,-0.017602,0.763764,0.538942,-0.719057,0.438746,-0.00712,0.003589,-0.004921,0.034113,0.005481,-0.010838,-0.925655,0.07957,0.025584,-0.095074,-0.644043,0.748436,-0.158275,-0.561185,-0.602846,-0.567139,-0.519883,-0.276441,0.80827,0.006981,-0.015312,0.01381,0.003747,1.020157,0.237339,0.208177
142,0.129307,0.001628,0.290566,-0.44851,0.864105,-0.228488,-0.652979,-0.491278,-0.5764,-0.60977,-0.110402,0.784869,0.014638,-0.027467,0.031268,0.049995,1.212821,0.374063,0.287219,-0.145538,0.023118,0.330338,-0.428756,-0.773803,0.466249,0.674346,0.069148,0.735126,-0.600533,0.630561,0.491545,-0.012928,-0.00461,-0.002425,-0.002044,0.015206,-0.029245,-1.400576,0.04699,0.030682,-0.011388,0.551015,0.690754,0.468231,-0.64288,-0.006371,0.765939,0.532059,-0.723061,0.440562,-0.000478,0.00377,-0.005424,0.034184,0.007969,-0.009148,-0.928268,0.079725,0.024943,-0.094426,-0.638225,0.760637,-0.118738,-0.585971,-0.580006,-0.565888,-0.499305,-0.291587,0.815886,0.007333,-0.013566,0.015833,0.034818,1.103706,0.295908,0.198379
143,0.129442,0.00092,0.291316,-0.450481,0.868195,-0.208206,-0.660025,-0.480825,-0.577188,-0.600669,-0.123676,0.789891,0.014052,-0.03946,0.038292,0.012492,1.265725,0.131104,0.287805,-0.145573,0.023053,0.330289,-0.428679,-0.77369,0.466508,0.674442,0.069354,0.735019,-0.600481,0.630677,0.491459,0.000271,-0.003222,-0.002608,-0.002005,0.015745,-0.024051,-1.400637,0.046968,0.030648,-0.011413,0.550913,0.690638,0.468522,-0.643025,-0.006588,0.765815,0.531988,-0.72317,0.440468,9.1e-05,-0.001051,-0.000845,-0.000285,-0.000192,-0.000735,-0.928921,0.079788,0.024617,-0.094074,-0.638334,0.763328,-0.099297,-0.595132,-0.571213,-0.565272,-0.488208,-0.301737,0.818906,0.007068,-0.019425,0.019503,-0.031914,1.011384,-0.046041,0.196909
144,0.129844,-0.000609,0.292786,-0.459022,0.871972,-0.170322,-0.669982,-0.465573,-0.578218,-0.582923,-0.152391,0.798125,0.013923,-0.040334,0.037323,0.022146,1.193243,0.072601,0.294985,-0.145628,0.022996,0.330223,-0.429218,-0.774789,0.464183,0.673592,0.067615,0.73596,-0.601049,0.629516,0.492254,5.2e-05,-0.00062,-0.000502,0.0,-0.0,0.0,-1.400382,0.046941,0.030615,-0.011449,0.551472,0.691751,0.466216,-0.641909,-0.005035,0.766763,0.532757,-0.722117,0.441265,2.5e-05,-0.000269,-0.000216,-0.000281,0.000709,-0.001815,-0.930717,0.079985,0.023861,-0.093337,-0.643995,0.762625,-0.060602,-0.608145,-0.558383,-0.56424,-0.464143,-0.326514,0.823383,0.006937,-0.0202,0.018634,-0.035645,0.781056,0.029539,0.197399
145,0.130369,-0.002099,0.294195,-0.462198,0.874884,-0.144902,-0.675101,-0.453023,-0.58222,-0.57445,-0.172371,0.800201,0.013963,-0.040365,0.037317,0.803842,0.685578,0.095321,0.305324,-0.145578,0.022992,0.330228,-0.429078,-0.774529,0.464746,0.673775,0.068068,0.735751,-0.600944,0.629788,0.492034,-7e-05,0.000837,0.000678,-0.013834,0.108667,-0.165983,-1.400202,0.046966,0.030612,-0.011447,0.551347,0.69155,0.466661,-0.642106,-0.005376,0.766596,0.532649,-0.722307,0.441084,-6e-05,0.000721,0.000585,-0.000156,-0.000153,-0.000174,-0.931044,0.080252,0.023101,-0.092618,-0.645962,0.762617,-0.033869,-0.616468,-0.547309,-0.566056,-0.45022,-0.344772,0.82367,0.014222,-0.020936,0.017977,2.688326,0.22948,0.143649,0.214055
146,0.130991,-0.003449,0.295535,-0.450443,0.88348,-0.128875,-0.683005,-0.433879,-0.587558,-0.574459,-0.177742,0.799019,0.01458,-0.028346,0.03029,-0.058429,0.447383,-0.183782,0.307987,-0.145499,0.023017,0.330266,-0.431197,-0.773228,0.464951,0.672239,0.068222,0.73714,-0.601144,0.631368,0.489759,-9.7e-05,0.001149,0.00093,-0.000157,0.000193,0.00014,-1.400127,0.047005,0.030627,-0.011427,0.553291,0.689874,0.466841,-0.640564,-0.005885,0.767881,0.532489,-0.723904,0.438653,0.006529,0.001554,0.000604,0.007523,-0.017803,0.026961,-0.929085,0.080558,0.022432,-0.091958,-0.634536,0.772714,-0.016573,-0.628828,-0.52861,-0.570215,-0.449375,-0.351401,0.821327,0.007028,-0.019973,0.018923,-0.086454,0.398051,-0.005956,0.219117
147,0.131185,-0.004006,0.296118,-0.456028,0.881685,-0.121306,-0.679813,-0.432991,-0.591899,-0.573833,-0.188558,0.796987,0.014369,-0.029529,0.028953,-0.017296,0.619954,-0.101452,0.310094,-0.145471,0.023034,0.330276,-0.431196,-0.773212,0.464979,0.672247,0.068242,0.737131,-0.601136,0.631386,0.489746,-3.3e-05,0.000389,0.000315,-3e-06,3e-06,2e-06,-1.400495,0.047019,0.030638,-0.01142,0.55326,0.689877,0.466874,-0.640611,-0.005887,0.767842,0.532465,-0.723902,0.438686,-1.9e-05,0.000223,0.00018,0.000587,-0.000726,-0.00054,-0.929575,0.08066,0.022145,-0.091651,-0.63913,0.769035,-0.009819,-0.625901,-0.527508,-0.57444,-0.446944,-0.360997,0.818486,0.00751,-0.008422,0.01133,0.047694,0.610555,0.195871,0.222709
148,0.131516,-0.004859,0.297097,-0.454198,0.883468,-0.115042,-0.677463,-0.426283,-0.599416,-0.578046,-0.195421,0.792276,0.01533,-0.006443,0.013749,0.777839,-0.063678,-0.136111,0.303041,-0.14543,0.023024,0.330264,-0.431114,-0.77305,0.465325,0.672369,0.068508,0.736995,-0.601059,0.631556,0.489621,3.5e-05,-0.000417,-0.000337,-0.0,0.0,0.0,-1.400455,0.047039,0.030634,-0.011425,0.553158,0.689725,0.467219,-0.640779,-0.006136,0.7677,0.532369,-0.724044,0.438567,0.00663,0.000382,-0.000345,0.001883,-0.015478,0.029093,-0.930554,0.080825,0.021708,-0.091158,-0.637418,0.770514,-0.00228,-0.626325,-0.519854,-0.580918,-0.448791,-0.36886,0.813958,8.2e-05,-0.008481,0.011054,2.603798,-0.536834,-0.293771,0.222709
149,0.131656,-0.005282,0.297815,-0.449686,0.886497,-0.109321,-0.682198,-0.419813,-0.598611,-0.576009,-0.195716,0.793685,0.00078,-0.004837,0.01516,-0.021125,0.049567,0.040856,0.290597,-0.145365,0.022969,0.330214,-0.430942,-0.772723,0.466025,0.672616,0.069048,0.736718,-0.600905,0.631896,0.489372,0.00023,-0.00271,-0.002196,-0.002006,0.015744,-0.024052,-1.400539,0.047072,0.030609,-0.011448,0.552969,0.689405,0.467916,-0.64111,-0.006635,0.767419,0.532167,-0.724345,0.438316,0.000119,-0.001394,-0.001131,-0.002114,0.015562,-0.024162,-0.931697,0.0809,0.021493,-0.090796,-0.633147,0.774025,0.00287,-0.631696,-0.514574,-0.579803,-0.447306,-0.368914,0.81475,0.000376,-0.00244,0.007568,-0.02897,0.018297,0.017679,0.209319
150,0.131694,-0.005329,0.298071,-0.4398,0.891447,-0.109285,-0.687187,-0.412295,-0.59813,-0.577719,-0.189071,0.794053,0.00077,-0.004887,0.015096,-0.215719,-0.990762,1.32439,0.28271,-0.145361,0.022921,0.330175,-0.430837,-0.772543,0.466422,0.672759,0.069358,0.736559,-0.60082,0.632083,0.489234,0.000268,-0.003165,-0.002565,-0.002006,0.015744,-0.024052,-1.400361,0.047074,0.030586,-0.011467,0.552861,0.689235,0.468293,-0.641292,-0.006905,0.767265,0.53206,-0.724504,0.438184,9.5e-05,-0.001118,-0.000908,-0.000103,-0.000141,-0.0001,-0.931697,0.080919,0.021472,-0.090673,-0.625941,0.779866,0.00237,-0.63702,-0.50953,-0.578431,-0.449892,-0.363573,0.815726,0.000297,-0.001983,0.007307,-0.625665,-3.285741,4.397664,0.201155
151,0.131668,-0.005141,0.298496,-0.434154,0.895229,-0.100599,-0.691254,-0.402602,-0.600043,-0.577144,-0.192089,0.793746,0.001469,0.007898,0.008851,0.083822,0.287849,0.22867,0.276791,-0.145362,0.022806,0.33007,-0.430674,-0.772262,0.467036,0.672997,0.069821,0.736298,-0.600672,0.632375,0.489039,0.000298,-0.003519,-0.002855,-0.0,0.0,0.0,-1.399882,0.047073,0.030527,-0.011521,0.552681,0.688951,0.468925,-0.641611,-0.00734,0.766995,0.531863,-0.724771,0.437982,0.000181,-0.002108,-0.001709,-0.00208,0.015645,-0.024115,-0.932514,0.080906,0.02156,-0.090459,-0.619044,0.785296,0.009644,-0.643862,-0.500445,-0.578788,-0.449694,-0.364504,0.81542,-0.006553,0.004681,0.005069,0.133039,0.480036,0.321745,0.185479
152,0.131404,-0.004814,0.298823,-0.43488,0.895859,-0.091437,-0.69403,-0.398072,-0.59986,-0.573255,-0.198526,0.79498,-0.013264,0.008343,0.008948,0.033066,0.12141,0.077086,0.276074,-0.145353,0.0227,0.329958,-0.432181,-0.769772,0.469747,0.672485,0.07178,0.736577,-0.600161,0.635185,0.486015,-0.00108,0.008909,-0.009763,-0.085764,0.142255,0.128315,-1.40027,0.047079,0.030466,-0.011576,0.553424,0.686569,0.471534,-0.641647,-0.00952,0.76694,0.531046,-0.727002,0.435266,0.000127,-0.001473,-0.001195,-0.187726,0.098366,0.320121,-0.933167,0.080779,0.021724,-0.090294,-0.619047,0.785089,0.020356,-0.64787,-0.495856,-0.578264,-0.443895,-0.371161,0.815594,0.000623,0.003364,0.003766,0.034953,0.102804,0.102459,0.18254
153,0.131342,-0.004356,0.299024,-0.424179,0.901097,-0.090232,-0.702047,-0.390078,-0.595769,-0.571522,-0.190491,0.798187,0.00138,0.007387,0.008228,1.9e-05,-0.01857,0.027069,0.274267,-0.145351,0.022568,0.329865,-0.432112,-0.76966,0.469993,0.67256,0.071991,0.736488,-0.600127,0.635297,0.485911,0.000299,-0.003536,-0.002876,-0.002028,0.015773,-0.024031,-1.399957,0.047079,0.030408,-0.011623,0.553926,0.686051,0.471698,-0.641438,-0.009529,0.767115,0.530775,-0.72749,0.434781,0.000133,-0.00154,-0.00125,0.002166,-0.001326,-0.00105,-0.934147,0.080742,0.021946,-0.090195,-0.609678,0.792374,0.020832,-0.656871,-0.490359,-0.572771,-0.443635,-0.36289,0.819449,0.000675,0.003616,0.004047,0.003036,-0.047397,0.056109,0.179111
154,0.131381,-0.004176,0.299163,-0.418387,0.903866,-0.089571,-0.706267,-0.38569,-0.593634,-0.570599,-0.186236,0.79985,0.001433,0.007677,0.008538,0.003009,-0.127964,0.188337,0.273949,-0.145346,0.0225,0.329809,-0.434209,-0.76834,0.470221,0.671075,0.072155,0.737825,-0.600273,0.636875,0.483659,0.000319,-0.003769,-0.003067,-0.198907,0.246803,0.178402,-1.399775,0.047082,0.030373,-0.011651,0.554716,0.685261,0.471919,-0.640785,-0.009949,0.767655,0.53074,-0.728229,0.433586,0.00019,-0.002242,-0.001828,-0.381326,0.374631,0.24527,-0.93431,0.080761,0.022039,-0.090129,-0.604646,0.79621,0.021256,-0.661615,-0.487217,-0.569985,-0.443472,-0.358703,0.821379,0.000715,0.003833,0.004282,0.006311,-0.017415,0.022075,0.178458
155,0.131556,-0.003947,0.299542,-0.407352,0.909302,-0.085318,-0.715006,-0.375578,-0.589643,-0.567708,-0.180325,0.803254,0.001187,-0.002606,0.017517,-0.035818,-0.007507,0.018328,0.264184,-0.145338,0.022295,0.329643,-0.434051,-0.768067,0.470814,0.671291,0.072618,0.737583,-0.600145,0.637152,0.483452,0.000461,-0.005448,-0.004442,-4.2e-05,5.3e-05,3.8e-05,-1.399348,0.047085,0.030272,-0.011733,0.555678,0.684159,0.472384,-0.640222,-0.010364,0.768119,0.530412,-0.729258,0.432255,0.00028,-0.003294,-0.002686,0.000664,0.014036,-0.025421,-0.934473,0.080849,0.022159,-0.089941,-0.594498,0.803702,0.025175,-0.671947,-0.479357,-0.564537,-0.441652,-0.352533,0.825023,0.00813,0.003957,0.004585,-0.000609,-0.063266,0.084918,0.173232
156,0.131912,-0.003705,0.300107,-0.405484,0.910157,-0.085096,-0.715993,-0.374033,-0.589428,-0.567804,-0.179212,0.803435,0.002105,0.011405,0.012581,0.000387,-0.016179,0.023847,0.256966,-0.145317,0.02205,0.329443,-0.435485,-0.765449,0.473742,0.670836,0.074809,0.737778,-0.599614,0.640042,0.480284,0.00052,-0.006153,-0.005029,-0.002419,0.016259,-0.02368,-1.399014,0.047096,0.030149,-0.011834,0.556913,0.68123,0.475154,-0.640027,-0.01262,0.768248,0.529351,-0.73196,0.428977,0.000245,-0.00288,-0.002356,0.007895,-0.005458,-0.000134,-0.933983,0.081021,0.022275,-0.089665,-0.592901,0.804879,0.025257,-0.673141,-0.478156,-0.564133,-0.441982,-0.351477,0.825297,0.008328,0.005144,0.005849,0.004183,-0.142277,0.217508,0.157883
157,0.132124,-0.003559,0.300379,-0.404356,0.910671,-0.084975,-0.716517,-0.373086,-0.589391,-0.567948,-0.178575,0.803475,0.016689,0.010521,0.011918,0.001373,-0.030889,0.053403,0.254527,-0.145268,0.021938,0.329348,-0.435466,-0.765395,0.473847,0.670872,0.074888,0.737738,-0.599588,0.640098,0.480242,0.000478,-0.005643,-0.004617,-0.002011,0.015752,-0.024046,-1.3967,0.04712,0.030093,-0.011881,0.556858,0.681215,0.475241,-0.640112,-0.01265,0.768176,0.529305,-0.731974,0.42901,0.000252,-0.002939,-0.002407,-0.001134,0.014419,-0.024434,-0.934147,0.081128,0.022348,-0.08952,-0.591884,0.805624,0.025339,-0.673867,-0.477346,-0.563953,-0.442239,-0.35087,0.825417,0.001167,0.006384,0.007024,0.000822,-0.032134,0.047338,0.154944
158,0.132787,-0.003308,0.300926,-0.400547,0.912388,-0.084588,-0.718173,-0.36987,-0.589403,-0.56856,-0.176474,0.803507,0.016551,0.01002,0.011294,0.004507,-0.158599,0.241909,0.219268,-0.145202,0.02176,0.329197,-0.434121,-0.762747,0.47932,0.672951,0.07898,0.735413,-0.598234,0.642761,0.478369,0.00034,-0.004013,-0.003289,0.013767,-0.107531,0.164321,-1.366289,0.047154,0.03,-0.01196,0.555335,0.678478,0.480905,-0.642947,-0.016498,0.765732,0.527467,-0.734435,0.427063,0.000196,-0.002281,-0.00187,-0.002111,0.014934,-0.022775,-0.932677,0.08146,0.022476,-0.089244,-0.588647,0.807984,0.025585,-0.676063,-0.474693,-0.563563,-0.443206,-0.349038,0.825675,0.015215,-0.001827,0.008442,-0.032688,-0.029162,0.066289,0.126858
159,0.133696,-0.003215,0.301575,-0.392252,0.916542,-0.078323,-0.722647,-0.359653,-0.590256,-0.568683,-0.176073,0.803508,0.030876,-0.000909,0.019803,0.014244,0.136258,0.212396,0.209129,-0.145193,0.021646,0.329091,-0.434105,-0.762715,0.479386,0.672991,0.079013,0.735374,-0.598201,0.642795,0.478364,0.000212,-0.002499,-0.00205,-0.0,0.0,0.0,-1.317595,0.047158,0.029941,-0.012015,0.555366,0.678548,0.480771,-0.642893,-0.016394,0.76578,0.527501,-0.734373,0.427129,0.000103,-0.001196,-0.000982,-0.00017,-0.000354,-2.1e-05,-0.917818,0.081908,0.022524,-0.088926,-0.580748,0.813487,0.031112,-0.682596,-0.465768,-0.563134,-0.443612,-0.348277,0.825778,0.008394,0.005848,0.006518,0.071704,0.238801,0.234099,0.094853
160,0.134687,-0.003056,0.302233,-0.385476,0.920189,-0.068603,-0.728557,-0.349079,-0.589339,-0.565779,-0.178344,0.805056,0.031096,0.009835,0.011205,0.053675,0.139119,0.241492,0.221862,-0.145188,0.021595,0.329075,-0.436215,-0.761418,0.479532,0.671454,0.079177,0.73676,-0.59839,0.644311,0.476083,1.3e-05,-0.000158,-0.00013,-0.002464,0.003071,0.002219,-1.295116,0.047161,0.029915,-0.012024,0.557378,0.676913,0.480747,-0.641213,-0.01687,0.767176,0.527422,-0.735869,0.424642,-2e-06,2.9e-05,2.4e-05,0.013942,-0.004366,-0.004418,-0.916838,0.082416,0.022607,-0.088585,-0.573949,0.817856,0.041147,-0.690651,-0.456459,-0.560932,-0.43998,-0.350365,0.826837,0.015532,0.004853,0.005527,0.055634,0.143518,0.243849,0.097139
161,0.135225,-0.002895,0.302461,-0.38459,0.920785,-0.06551,-0.729268,-0.346515,-0.589972,-0.565467,-0.180272,0.804845,0.031053,0.00984,0.01116,0.046367,0.234078,0.065704,0.228992,-0.145197,0.021592,0.329086,-0.436172,-0.76135,0.479678,0.671493,0.079309,0.736709,-0.598377,0.644375,0.476013,-4e-06,4.2e-05,3.5e-05,-3.6e-05,4.5e-05,3.2e-05,-1.289167,0.047156,0.029915,-0.012017,0.55727,0.676887,0.480909,-0.64137,-0.016934,0.767044,0.527346,-0.735892,0.424698,-7e-06,8.8e-05,7.2e-05,0.002474,-0.001594,-0.00129,-0.918961,0.082673,0.022683,-0.088476,-0.572891,0.818458,0.043821,-0.691871,-0.454236,-0.561233,-0.439441,-0.351844,0.826496,0.015469,0.00462,0.005245,0.067171,0.211065,0.254384,0.10465
162,0.136553,-0.002571,0.302801,-0.381475,0.922354,-0.061514,-0.732459,-0.342133,-0.588575,-0.563454,-0.180622,0.806178,0.044957,0.006013,0.007174,0.015451,-0.010688,0.145772,0.224889,-0.145211,0.021632,0.32912,-0.437727,-0.758946,0.482066,0.670851,0.081119,0.737098,-0.597961,0.64698,0.472993,-0.000192,0.002262,0.001856,-0.002006,-0.010744,0.027665,-1.275123,0.04715,0.029932,-0.012002,0.558676,0.674135,0.483137,-0.640844,-0.018918,0.767437,0.526496,-0.738365,0.421447,-5e-05,0.000593,0.000488,0.015933,-0.003666,-0.003748,-0.921083,0.083349,0.022852,-0.088299,-0.569856,0.820323,0.048304,-0.695899,-0.45049,-0.559269,-0.437021,-0.352317,0.827577,0.022459,0.002929,0.003481,0.014771,-0.039155,0.126315,0.112162
163,0.137995,-0.00256,0.303147,-0.378812,0.923924,-0.053955,-0.737933,-0.336654,-0.584886,-0.558091,-0.182899,0.809389,0.029604,-0.007133,0.012766,-0.018571,0.173463,-0.071742,0.22045,-0.145189,0.021732,0.329186,-0.437206,-0.757887,0.4842,0.671687,0.082689,0.736161,-0.597403,0.648023,0.47227,-0.000247,0.002912,0.002388,0.002006,-0.015744,0.024052,-1.263587,0.04716,0.029983,-0.011968,0.558017,0.67314,0.485282,-0.642071,-0.020237,0.766377,0.5257,-0.739237,0.420911,-8e-05,0.000947,0.000778,0.00017,-0.000815,-0.000217,-0.923369,0.084059,0.022862,-0.088128,-0.566792,0.821962,0.055898,-0.702125,-0.446433,-0.554722,-0.431006,-0.35366,0.830155,0.022283,0.002103,0.00254,0.023829,-0.010442,0.14558,0.104324
164,0.138627,-0.00266,0.303362,-0.378965,0.924396,-0.043844,-0.74272,-0.332006,-0.581472,-0.551603,-0.188947,0.812441,0.029507,-0.007668,0.012164,0.053332,0.326937,0.304802,0.220178,-0.145153,0.021775,0.32923,-0.437198,-0.757855,0.484256,0.67169,0.082746,0.736151,-0.597406,0.648052,0.472226,-0.000226,0.002664,0.002183,-0.0,0.0,0.0,-1.25505,0.047178,0.030006,-0.011945,0.558004,0.673126,0.485317,-0.642074,-0.020284,0.766373,0.52571,-0.739249,0.420878,-0.000134,0.001573,0.00129,0.00181,-0.01618,0.023833,-0.925819,0.084375,0.02281,-0.088022,-0.566295,0.821651,0.064793,-0.707081,-0.443927,-0.550422,-0.423491,-0.357516,0.832368,0.014696,-0.004153,0.005716,0.101045,0.486672,0.408662,0.103017
165,0.139678,-0.003108,0.303839,-0.381286,0.924148,-0.02484,-0.748374,-0.324259,-0.578588,-0.542289,-0.203171,0.815274,0.028692,-0.022131,0.016634,-0.016543,0.339928,0.011709,0.220421,-0.145129,0.021848,0.329274,-0.437168,-0.757782,0.484399,0.671756,0.082837,0.736081,-0.597354,0.648126,0.472189,-6e-05,0.000708,0.00058,-0.0,0.0,0.0,-1.234056,0.04719,0.030047,-0.011919,0.557959,0.673061,0.485458,-0.642155,-0.020373,0.766303,0.525659,-0.739306,0.420842,-2.6e-05,0.000292,0.000239,-0.000167,-0.000259,-0.000167,-0.926145,0.084912,0.022586,-0.087777,-0.566632,0.819524,0.085482,-0.714328,-0.436874,-0.546695,-0.410686,-0.370838,0.832956,0.014317,-0.011205,0.008146,-0.030088,0.270232,-0.032881,0.102528
166,0.14063,-0.003891,0.30421,-0.385424,0.922755,0.003961,-0.749814,-0.310623,-0.584177,-0.537351,-0.229277,0.811611,0.027896,-0.027568,0.010805,0.126559,0.791614,0.549133,0.194701,-0.145198,0.021834,0.329269,-0.437072,-0.757645,0.484699,0.671872,0.083076,0.735949,-0.597294,0.648255,0.472089,0.000115,-0.001358,-0.001112,-0.002006,0.015745,-0.024051,-1.203002,0.047155,0.030042,-0.01192,0.557853,0.672933,0.485757,-0.642308,-0.020595,0.766169,0.525585,-0.739416,0.420741,6.1e-05,-0.000717,-0.000587,-0.002146,0.01559,-0.02418,-0.924186,0.085389,0.022197,-0.087588,-0.567842,0.815424,0.112413,-0.718627,-0.424504,-0.550789,-0.401408,-0.393545,0.827038,0.013896,-0.014059,0.005081,0.15972,0.938118,0.643975,0.088974
167,0.141177,-0.004269,0.304291,-0.382701,0.923816,0.012201,-0.750486,-0.303083,-0.587267,-0.53836,-0.235057,0.809285,0.028203,-0.016386,0.002761,-0.007151,0.214558,-0.045073,0.180183,-0.145267,0.021815,0.329248,-0.436972,-0.757496,0.485022,0.672012,0.083315,0.735793,-0.59721,0.648399,0.471997,0.000126,-0.001487,-0.001218,-0.013844,0.108666,-0.165983,-1.195553,0.047121,0.030032,-0.01193,0.557782,0.672851,0.485951,-0.642422,-0.020719,0.76607,0.52552,-0.739487,0.420698,-0.006539,-0.001742,-0.000764,-0.004144,0.030803,-0.053395,-0.923696,0.08564,0.022021,-0.087557,-0.56425,0.816381,0.123053,-0.721833,-0.415477,-0.553475,-0.400721,-0.401122,0.823724,0.014099,-0.008171,0.001398,-0.0337,0.11796,-0.105283,0.068236
168,0.142092,-0.004872,0.304373,-0.38353,0.923328,0.020393,-0.750156,-0.298509,-0.590025,-0.538229,-0.242743,0.807101,0.028117,-0.017276,0.001777,-0.021393,0.171072,-0.103695,0.203663,-0.145312,0.021756,0.329205,-0.436237,-0.756094,0.487864,0.673101,0.085459,0.734551,-0.596523,0.649755,0.471001,9.6e-05,-0.001139,-0.000933,-0.0,0.0,-0.0,-1.193372,0.047098,0.029999,-0.011955,0.556943,0.671377,0.488944,-0.643928,-0.022768,0.764746,0.524565,-0.740766,0.419638,6e-05,-0.000706,-0.000577,0.000168,-0.002242,0.003551,-0.927615,0.086108,0.021707,-0.087513,-0.564357,0.815215,0.130094,-0.722451,-0.411464,-0.555662,-0.399455,-0.407578,0.821166,0.006862,-0.007806,0.001711,-0.029656,0.129653,-0.124073,0.060562
169,0.142822,-0.005319,0.304291,-0.385808,0.922374,0.020568,-0.749807,-0.300425,-0.589497,-0.537085,-0.244006,0.807482,0.013792,-0.005803,-0.006101,0.000479,0.001246,0.005562,0.262826,-0.145309,0.021727,0.329194,-0.436251,-0.756124,0.487804,0.673063,0.08543,0.734589,-0.596554,0.649724,0.471004,6e-06,-7.4e-05,-6.1e-05,-0.0,0.0,0.0,-1.18187,0.0471,0.029983,-0.011962,0.556967,0.671424,0.488851,-0.643868,-0.022726,0.764797,0.524613,-0.740723,0.419652,-2e-06,4e-06,4e-06,-4.2e-05,-0.000103,9e-06,-0.929738,0.086478,0.021479,-0.087552,-0.56651,0.813763,0.129822,-0.721483,-0.413684,-0.555271,-0.398155,-0.408231,0.821473,0.006925,-0.002704,-0.002849,0.000416,-0.016532,0.027944,0.118693
