frame,MLTx,MLTy,MLTz,MLTR1,MLTR2,MLTR3,MLTR4,MLTR5,MLTR6,MLTR7,MLTR8,MLTR9,MLTTVx,MLTTVy,MLTTVz,MLTRVx,MLTRVy,MLTRVz,MLGA,MRTx,MRTy,MRTz,MRTR1,MRTR2,MRTR3,MRTR4,MRTR5,MRTR6,MRTR7,MRTR8,MRTR9,MRTTVx,MRTTVy,MRTTVz,MRTRVx,MRTRVy,MRTRVz,MRGA,SLTx,SLTy,SLTz,SLTR1,SLTR2,SLTR3,SLTR4,SLTR5,SLTR6,SLTR7,SLTR8,SLTR9,SLTTVx,SLTTVy,SLTTVz,SLTRVx,SLTRVy,SLTRVz,SLGA,SRTx,SRTy,SRTz,SRTR1,SRTR2,SRTR3,SRTR4,SRTR5,SRTR6,SRTR7,SRTR8,SRTR9,SRTTVx,SRTTVy,SRTTVz,SRTRVx,SRTRVy,SRTRVz,SRGA
473,0.087035,-0.037723,0.288735,-0.457126,-0.026439,-0.889035,-0.63649,-0.688453,0.347686,-0.620689,0.724828,0.298992,-0.013365,0.017847,-0.000454,0.035207,-0.446119,0.681996,0.218537,-0.202219,-0.017856,0.265428,-0.458486,0.735431,0.498922,-0.287785,-0.653908,0.699656,0.841357,0.176275,0.510794,-0.014746,0.035544,0.003411,-2.638709,-5.532375,-0.569733,-1.407474,0.020659,0.048248,-0.028611,0.371132,-0.719233,0.587337,0.271618,0.688931,0.672009,-0.887966,-0.089873,0.451041,-0.015007,0.018434,0.003108,0.080593,-0.027495,0.043742,-0.872586,0.045198,0.03489,-0.063343,0.44617,-0.017244,-0.894781,0.602335,0.745254,0.285983,0.661908,-0.666556,0.342897,-0.007152,0.003354,0.00385,0.010398,-0.28305,0.480557,-0.016838
474,0.086867,-0.037405,0.288821,-0.449352,-0.024486,-0.893044,-0.639815,-0.688831,0.340763,-0.622949,0.724535,0.294976,-0.013188,0.00989,0.012266,-0.189425,1.070961,-1.647167,0.280605,-0.202722,-0.017037,0.265524,-0.465922,0.736648,0.490161,-0.28406,-0.649057,0.705669,0.83854,0.188624,0.511013,-0.029719,0.038464,0.008338,-0.017963,-0.503296,0.99122,-1.406698,0.020419,0.048636,-0.028568,0.384209,-0.718546,0.579719,0.263365,0.687123,0.677125,-0.884884,-0.10748,0.453239,-0.014917,0.018858,0.00367,-0.150717,0.227827,0.208532,-0.86981,0.045117,0.035041,-0.063311,0.436468,-0.020775,-0.899479,0.606291,0.745447,0.276983,0.664759,-0.666241,0.337959,0.001597,0.008842,0.00067,0.04966,-0.440227,0.729679,0.070033
475,0.086513,-0.03656,0.289157,-0.450314,-0.018992,-0.892693,-0.647997,-0.680869,0.341305,-0.613736,0.732179,0.295413,-0.010685,0.025444,0.010414,-0.20101,1.26105,-1.940522,0.389044,-0.203835,-0.015185,0.265733,-0.492255,0.72783,0.477429,-0.268655,-0.64863,0.712066,0.82854,0.221337,0.514193,-0.029483,0.053625,0.005622,0.10167,-1.792555,2.218482,-1.406665,0.019845,0.049595,-0.028461,0.411859,-0.713612,0.566682,0.248271,0.686225,0.683707,-0.876774,-0.1409,0.459797,-0.014752,0.02696,0.003072,0.140825,-1.808843,2.198278,-0.865728,0.044934,0.035466,-0.063141,0.437259,-0.026374,-0.898948,0.615092,0.737993,0.277536,0.656098,-0.674291,0.338917,-0.005771,0.007291,0.009479,-0.125191,-0.273171,0.575347,0.238875
476,0.086164,-0.035767,0.289897,-0.456307,-0.009137,-0.889801,-0.662168,-0.664498,0.346336,-0.593874,0.747243,0.298276,-0.010164,0.018421,0.02429,-0.130534,-0.066192,0.234337,0.48456,-0.205388,-0.013407,0.266119,-0.510125,0.719565,0.471157,-0.253265,-0.649059,0.717295,0.822574,0.245675,0.512716,-0.044294,0.040829,0.011948,0.106193,-1.595111,2.297898,-1.406673,0.019087,0.050476,-0.028263,0.430102,-0.705673,0.563059,0.231705,0.68909,0.686634,-0.872539,-0.16486,0.459887,-0.022392,0.02592,0.00186,0.028142,0.076855,0.087412,-0.867524,0.044756,0.035872,-0.062766,0.445996,-0.035027,-0.894348,0.629381,0.722728,0.285557,0.636368,-0.690244,0.344379,-0.005,0.009474,0.012524,-0.128825,-0.074977,0.24811,0.393021
477,0.08615,-0.03496,0.290955,-0.448198,0.008341,-0.893921,-0.688683,-0.640775,0.339257,-0.569422,0.76767,0.294055,0.006869,0.019858,0.028063,-0.132153,0.00482,0.119559,0.517714,-0.207151,-0.011693,0.266328,-0.550842,0.701327,0.452443,-0.229805,-0.648479,0.725671,0.803008,0.294871,0.517776,-0.04486,0.048858,-0.00074,-0.631248,-1.721771,-0.178117,-1.406308,0.018206,0.051335,-0.028147,0.472332,-0.693064,0.544576,0.209666,0.68845,0.694316,-0.85612,-0.213768,0.470489,-0.02234,0.024174,-0.000888,-2.293331,-5.686168,-0.681463,-0.867687,0.04475,0.036277,-0.062235,0.438574,-0.053259,-0.897115,0.657165,0.699923,0.279716,0.613014,-0.712229,0.341968,0.003492,0.010135,0.014317,-0.133075,0.009193,0.113375,0.485281
478,0.086323,-0.034649,0.291541,-0.433884,0.021212,-0.900744,-0.702009,-0.634608,0.323151,-0.564233,0.772513,0.291362,0.021439,0.005985,0.034155,0.064271,0.166176,0.237812,0.517902,-0.208073,-0.010847,0.266309,-0.578142,0.687713,0.439084,-0.219565,-0.649293,0.728111,0.786536,0.323674,0.525795,-0.045033,0.046621,-0.003927,-2.179037,-4.276305,-2.978899,-1.406023,0.017745,0.05176,-0.028153,0.498152,-0.68493,0.531709,0.202497,0.688151,0.696736,-0.843112,-0.239412,0.481501,-0.022459,0.016814,0.000852,0.326921,-0.402715,-0.038014,-0.863115,0.04483,0.036433,-0.06195,0.424753,-0.066892,-0.902833,0.670626,0.69317,0.264149,0.608148,-0.717662,0.339286,0.003416,0.009944,0.013975,0.148924,0.244957,0.315612,0.500793
479,0.08666,-0.034212,0.292893,-0.418199,0.042577,-0.907382,-0.716493,-0.629471,0.300626,-0.557858,0.775799,0.294884,0.006378,0.01025,0.037887,0.135467,0.246615,0.486111,0.517344,-0.210085,-0.008908,0.26614,-0.614384,0.678206,0.403187,-0.224163,-0.639864,0.735023,0.75724,0.360348,0.544611,-0.059822,0.060981,-0.007128,0.220123,-0.709662,0.767972,-1.405976,0.016744,0.052716,-0.028247,0.542345,-0.675699,0.499291,0.202074,0.681749,0.703123,-0.815492,-0.280441,0.506285,-0.029959,0.030338,-0.00371,0.253767,-1.845288,2.273112,-0.862789,0.045003,0.03665,-0.061276,0.410409,-0.089277,-0.90752,0.685004,0.687105,0.242187,0.60194,-0.721051,0.34315,0.00302,0.004675,0.018314,0.209756,0.426063,0.553332,0.510917
480,0.08704,-0.033717,0.294437,-0.423481,0.062118,-0.903798,-0.7172,-0.632477,0.292521,-0.552941,0.772002,0.313521,0.007807,0.014593,0.043497,0.131508,0.257035,0.483941,0.517213,-0.212507,-0.006657,0.265952,-0.656821,0.65016,0.381929,-0.209762,-0.643928,0.735725,0.725086,0.402301,0.558809,-0.074734,0.059459,-0.008883,0.176366,-0.338458,-0.072846,-1.405699,0.015539,0.053849,-0.028332,0.587715,-0.652084,0.478933,0.188164,0.685888,0.702958,-0.786883,-0.323021,0.525806,-0.029724,0.023616,-0.001417,0.045417,-0.73964,-0.123787,-0.877975,0.045195,0.036898,-0.060494,0.416913,-0.109229,-0.902358,0.685462,0.689749,0.233208,0.596928,-0.715761,0.362438,0.003952,0.007496,0.02202,0.129231,0.237901,0.489405,0.513203
481,0.087251,-0.033358,0.295268,-0.431467,0.077877,-0.898786,-0.71964,-0.630508,0.290776,-0.543518,0.772164,0.329209,0.008301,0.016145,0.045372,0.17281,0.682232,0.226033,0.515841,-0.213797,-0.005897,0.265872,-0.665709,0.642663,0.379219,-0.204758,-0.645878,0.735424,0.718383,0.411115,0.561046,-0.05986,0.030296,-0.002868,0.076116,-0.109544,0.093229,-1.405592,0.014889,0.054245,-0.028366,0.59758,-0.644883,0.476469,0.18306,0.688279,0.701968,-0.780632,-0.33226,0.529355,-0.037542,0.01484,-0.001511,0.056357,-0.067025,0.047823,-0.88271,0.045298,0.037072,-0.060095,0.425485,-0.123108,-0.896551,0.687995,0.687601,0.232092,0.587898,-0.715575,0.377262,0.004195,0.008256,0.022938,0.180376,1.253537,-0.190103,0.51304
482,0.087595,-0.032427,0.296892,-0.446334,0.104169,-0.888808,-0.717168,-0.635678,0.285579,-0.534699,0.764757,0.359542,0.008498,0.016918,0.045881,0.225848,0.71069,0.297713,0.517774,-0.216092,-0.00548,0.265868,-0.67333,0.633488,0.381195,-0.196151,-0.650043,0.7341,0.71367,0.418716,0.56144,-0.045146,0.001368,0.003466,-2.112818,-4.011405,-3.190546,-1.405271,0.013753,0.054461,-0.028377,0.601507,-0.639961,0.478161,0.178734,0.691184,0.700227,-0.778616,-0.335728,0.530135,-0.03014,0.000653,0.002,-0.00757,0.063082,-0.11535,-0.893651,0.045471,0.037542,-0.059276,0.441796,-0.147407,-0.884921,0.685186,0.692163,0.22678,0.579082,-0.706527,0.406796,0.004716,0.014064,0.018915,0.255253,0.695228,0.32908,0.51255
483,0.087906,-0.031652,0.298461,-0.449697,0.123018,-0.884694,-0.721062,-0.634532,0.278229,-0.526588,0.762884,0.375155,0.007657,0.014582,0.042285,0.055595,0.177072,0.212257,0.517171,-0.217653,-0.005549,0.266143,-0.698855,0.609307,0.374619,-0.184256,-0.6593,0.728908,0.691981,0.439601,0.572518,-0.029698,0.003321,0.005502,0.031589,-0.767598,-0.339552,-1.405329,0.012949,0.054417,-0.028251,0.631788,-0.614707,0.472205,0.16469,0.701728,0.693148,-0.757443,-0.360155,0.54458,-0.014852,-0.004744,0.00568,-0.337422,-2.082357,-0.599163,-0.900672,0.045631,0.037939,-0.058469,0.446417,-0.167294,-0.879046,0.689166,0.690873,0.218505,0.570755,-0.703354,0.423711,0.003769,0.007188,0.021005,0.034125,0.132104,0.18698,0.51451
484,0.088109,-0.03105,0.300084,-0.45794,0.133078,-0.878992,-0.722944,-0.631149,0.281027,-0.516814,0.763988,0.386334,0.007312,0.013681,0.040678,-0.021381,0.076918,0.034294,0.50298,-0.218261,-0.005634,0.266501,-0.720538,0.587606,0.368151,-0.183416,-0.673388,0.716129,0.669605,0.447727,0.59248,0.000621,0.003583,0.004853,0.505886,-0.721381,-0.329375,-1.404834,0.012633,0.054374,-0.028072,0.654526,-0.595294,0.466068,0.165414,0.714281,0.680029,-0.737721,-0.368003,0.565986,0.000431,-0.003778,0.00648,0.494421,-0.689242,-0.551899,-0.899692,0.045727,0.03823,-0.057689,0.455017,-0.176358,-0.872843,0.691309,0.687798,0.221413,0.561292,-0.704152,0.434878,-0.003999,0.008262,0.021381,-0.191953,0.641814,-0.857853,0.507488
485,0.088124,-0.030777,0.300905,-0.463037,0.138046,-0.875548,-0.721894,-0.631875,0.28209,-0.513727,0.762499,0.393329,0.006133,0.001906,0.047806,0.066232,0.42513,0.067011,0.493182,-0.218142,-0.005688,0.266702,-0.732502,0.574461,0.365277,-0.180541,-0.681147,0.709491,0.657292,0.453027,0.602161,0.016109,-0.007005,0.013169,0.472043,-0.733045,-0.287983,-1.404894,0.012692,0.054346,-0.027973,0.668046,-0.582431,0.463128,0.163614,0.722124,0.672136,-0.725909,-0.373244,0.577706,0.008068,-0.003374,0.006767,0.564039,-0.78274,-0.326623,-0.901489,0.045738,0.038377,-0.057264,0.460362,-0.179343,-0.869426,0.690126,0.688332,0.223435,0.558383,-0.702875,0.440652,-0.004082,0.008002,0.020936,0.186352,0.590515,0.155813,0.495405
486,0.087945,-0.0306,0.30265,-0.479344,0.14739,-0.865188,-0.718114,-0.632586,0.290034,-0.503968,0.760145,0.41015,-0.010916,-0.008977,0.054351,-0.47442,2.072862,-2.165088,0.480806,-0.217236,-0.005694,0.267393,-0.765435,0.542,0.346895,-0.173535,-0.692807,0.699884,0.620621,0.474828,0.623884,0.032423,0.00019,0.022286,0.418896,-0.686159,-0.171253,-1.404977,0.013132,0.054336,-0.027644,0.704129,-0.553014,0.445394,0.157731,0.733397,0.661248,-0.69233,-0.395351,0.603634,0.016249,0.000387,0.011529,0.608271,-0.828413,-0.2909,-0.890221,0.045656,0.038472,-0.056392,0.474628,-0.187247,-0.860038,0.687171,0.689416,0.229129,0.550021,-0.699745,0.455886,-0.00508,0.000848,0.022802,0.211013,0.734459,0.207357,0.47483
487,0.08751,-0.030799,0.304587,-0.489278,0.159917,-0.857367,-0.716654,-0.633948,0.29067,-0.496442,0.756454,0.425853,-0.011159,-0.009718,0.05313,0.128174,0.77558,-0.026893,0.452495,-0.21574,-0.005768,0.268363,-0.793906,0.51688,0.320215,-0.174743,-0.698228,0.694173,0.583378,0.494495,0.644211,0.047623,-0.011527,0.028829,0.004796,-2.279003,2.097816,-1.405669,0.013875,0.054311,-0.02715,0.735978,-0.529415,0.421966,0.158014,0.740399,0.65333,-0.658306,-0.41416,0.628572,0.023737,0.00031,0.011038,0.228387,-0.489767,0.014831,-0.886955,0.045441,0.038369,-0.055444,0.487445,-0.197177,-0.850598,0.68485,0.690643,0.232363,0.541643,-0.695796,0.471687,-0.013318,-0.003773,0.02717,-0.043145,0.299298,-0.109373,0.444295
488,0.087237,-0.030894,0.305536,-0.499715,0.16686,-0.849993,-0.714033,-0.634861,0.295093,-0.489774,0.754177,0.437455,-0.026267,-0.006648,0.055326,0.000968,0.648612,-0.189267,0.444695,-0.214844,-0.005894,0.268917,-0.810065,0.500947,0.304691,-0.173991,-0.701467,0.691089,0.560942,0.506176,0.654976,0.047888,-0.0096,0.03127,0.337201,-0.816017,0.093375,-1.405018,0.014324,0.054245,-0.026876,0.7543,-0.517239,0.404345,0.159015,0.741479,0.65186,-0.636981,-0.427401,0.641546,0.023878,-0.005146,0.015151,0.463899,-1.369204,0.457709,-0.888915,0.045306,0.038319,-0.054956,0.498683,-0.205016,-0.842189,0.682257,0.692147,0.235491,0.53464,-0.692025,0.485036,-0.005572,-0.004755,0.026645,-0.100833,1.106373,-0.634444,0.428129
489,0.086489,-0.031255,0.307575,-0.521279,0.191016,-0.831761,-0.709152,-0.639151,0.297592,-0.474134,0.744735,0.469674,-0.027654,-0.010849,0.049767,0.177835,0.885845,-0.039841,0.457437,-0.212924,-0.00621,0.270085,-0.838062,0.469272,0.278257,-0.169577,-0.708664,0.684816,0.519603,0.526134,0.673096,0.047816,-0.009411,0.031244,0.367759,-0.746321,0.058836,-1.405213,0.015284,0.054091,-0.026288,0.786107,-0.489011,0.378023,0.1555,0.748398,0.644762,-0.598209,-0.448069,0.664363,0.031412,-0.004794,0.015162,0.534704,-0.787694,-0.137332,-0.884343,0.044935,0.038147,-0.053926,0.521638,-0.225606,-0.822796,0.677125,0.696181,0.238396,0.519032,-0.681492,0.515918,-0.006241,-0.006767,0.023989,0.169661,0.877801,0.00581,0.421761
490,0.085815,-0.031926,0.309299,-0.537059,0.195912,-0.820507,-0.697947,-0.649477,0.301698,-0.473133,0.734455,0.486569,-0.014376,-0.019321,0.040576,1.312644,-0.114996,-1.128646,0.452563,-0.211183,-0.006629,0.271232,-0.851956,0.455573,0.258099,-0.177407,-0.714749,0.676457,0.493718,0.529942,0.689396,0.032258,-0.012333,0.027828,0.493106,-0.724327,-0.264426,-1.405733,0.016161,0.053889,-0.025704,0.80173,-0.478435,0.35823,0.164363,0.752738,0.637471,-0.574642,-0.4522,0.682129,0.023654,-0.006053,0.0137,0.12815,-0.396569,0.070523,-0.880424,0.044594,0.037818,-0.053057,0.537616,-0.231482,-0.810792,0.666838,0.705217,0.240823,0.516038,-0.670137,0.533497,-0.007212,-0.00973,0.020295,4.464027,-1.433087,-2.832661,0.42568
491,0.085382,-0.032817,0.310775,-0.540493,0.188902,-0.819896,-0.690074,-0.657021,0.303471,-0.480697,0.729575,0.486496,-0.01559,-0.022873,0.036091,-0.044922,0.025922,-0.055213,0.437223,-0.209996,-0.00695,0.272118,-0.856812,0.452017,0.248083,-0.181817,-0.714912,0.675113,0.483592,0.532763,0.694381,0.016719,-0.001924,0.019393,-0.006993,-0.060147,0.039323,-1.40543,0.016754,0.053725,-0.025267,0.80906,-0.473536,0.348115,0.16818,0.754076,0.634889,-0.563148,-0.455117,0.689732,0.008317,-0.00116,0.009414,-0.05447,-0.019159,0.022332,-0.885159,0.044383,0.037379,-0.052334,0.541484,-0.222514,-0.810728,0.657141,0.713497,0.243075,0.524365,-0.664385,0.532571,-0.007221,-0.005573,0.014333,0.630769,-1.439961,1.975197,0.412616
492,0.085149,-0.03313,0.311386,-0.543967,0.188342,-0.817724,-0.689019,-0.656445,0.30709,-0.478283,0.730238,0.487878,-0.014253,-0.010716,0.02917,-0.073381,0.134071,-0.209434,0.429024,-0.209687,-0.006988,0.272427,-0.861876,0.446053,0.24124,-0.180885,-0.714657,0.675633,0.474852,0.538106,0.696291,0.001511,-0.003099,0.018531,-0.096911,-0.64603,0.575676,-1.40542,0.016921,0.053704,-0.025097,0.814787,-0.46863,0.341329,0.167273,0.75373,0.635539,-0.555104,-0.460734,0.692519,0.000716,-0.001742,0.008993,-0.139022,-0.686277,0.647743,-0.888425,0.044258,0.037204,-0.052019,0.544462,-0.221678,-0.808961,0.656342,0.713118,0.246328,0.52228,-0.665072,0.533762,-0.007607,-0.010798,0.018836,-0.104278,0.040155,-0.030046,0.401349
493,0.084818,-0.033506,0.312448,-0.546771,0.193419,-0.814664,-0.689335,-0.656259,0.30678,-0.47462,0.729071,0.493172,-0.013284,0.00032,0.020824,0.111242,0.310895,0.141326,0.421595,-0.209224,-0.007047,0.272702,-0.868115,0.436666,0.235987,-0.175249,-0.714286,0.677508,0.465495,0.546241,0.696275,0.000289,0.00206,0.00268,-0.066218,-0.272661,0.073481,-1.405126,0.017153,0.053679,-0.024955,0.821691,-0.460346,0.336012,0.161585,0.753542,0.637231,-0.546547,-0.469312,0.693564,0.007617,0.000779,0.000641,-0.226928,-0.983044,0.337513,-0.894794,0.044091,0.03701,-0.051487,0.547567,-0.225122,-0.805909,0.656499,0.712757,0.246951,0.518824,-0.664301,0.538074,0.000981,-0.001121,0.009606,0.225487,0.487761,0.269331,0.383061
494,0.08438,-0.033233,0.313241,-0.552734,0.179793,-0.81376,-0.67008,-0.676431,0.305625,-0.494822,0.713987,0.495379,-0.011135,0.014755,0.016654,1.357123,-0.504567,-0.791989,0.407943,-0.209166,-0.006933,0.272678,-0.868955,0.436878,0.232476,-0.177045,-0.71292,0.678479,0.463238,0.547851,0.696514,2e-06,1.7e-05,2.2e-05,-0.010147,0.118337,-0.159517,-1.40511,0.017181,0.053733,-0.024971,0.822816,-0.461048,0.332276,0.163508,0.752008,0.638551,-0.544277,-0.471081,0.69415,-2.3e-05,-0.000146,-0.000195,0.002218,0.005897,0.001541,-0.897243,0.04387,0.037137,-0.051095,0.552812,-0.213557,-0.805476,0.637441,0.730946,0.24369,0.536718,-0.648159,0.540206,-0.013197,0.008647,0.009207,4.482709,-1.689551,-2.779558,0.368854
495,0.084035,-0.032892,0.313616,-0.554262,0.179002,-0.812895,-0.666093,-0.681022,0.304138,-0.498475,0.709811,0.497713,-0.025654,0.019417,0.02079,0.038978,0.080834,0.035072,0.401536,-0.209315,-0.00695,0.272663,-0.869336,0.436827,0.231144,-0.17753,-0.712321,0.678982,0.462336,0.54867,0.69647,-0.015139,-0.000827,-0.000366,-0.012181,0.133542,-0.188763,-1.404977,0.017112,0.053724,-0.024979,0.823258,-0.461209,0.330955,0.164013,0.751398,0.63914,-0.543457,-0.471896,0.694239,1.8e-05,-0.00676,0.002475,-0.035633,0.03738,-0.03809,-0.901488,0.043702,0.037304,-0.05091,0.554548,-0.211491,-0.804826,0.631904,0.736326,0.241909,0.541454,-0.642724,0.54197,-0.005224,0.008399,0.009564,0.038431,0.068926,0.066386,0.359057
496,0.083139,-0.031966,0.314426,-0.556032,0.177977,-0.81191,-0.661731,-0.685867,0.302771,-0.502291,0.705392,0.500152,-0.024369,0.02289,0.024868,0.051075,0.194542,-0.096339,0.397882,-0.209738,-0.007096,0.272662,-0.872741,0.431665,0.227991,-0.174521,-0.711861,0.680242,0.457028,0.553335,0.696282,-0.015372,-0.002416,-0.002445,-0.00351,0.032346,-0.052364,-1.404963,0.016901,0.053651,-0.02498,0.827096,-0.45655,0.327832,0.160918,0.751199,0.640159,-0.538532,-0.476719,0.694781,-0.007648,-0.000934,-0.000861,-0.000293,0.021001,-0.030803,-0.909,0.043253,0.037765,-0.050508,0.556138,-0.210151,-0.804081,0.627334,0.74075,0.240293,0.545125,-0.638064,0.543794,-0.011827,0.016586,0.007837,0.104179,0.123258,0.084165,0.34632
497,0.08205,-0.031069,0.315224,-0.555954,0.177801,-0.812002,-0.661595,-0.686033,0.302691,-0.502557,0.705276,0.50005,-0.025873,0.018224,0.019021,0.002698,-0.0965,0.164344,0.400639,-0.210411,-0.007178,0.272638,-0.875295,0.43276,0.215798,-0.181133,-0.706973,0.683604,0.449497,0.558713,0.696889,-0.030171,-0.00069,0.000471,-0.108736,-0.540357,0.533624,-1.405236,0.01657,0.053606,-0.024999,0.830256,-0.458603,0.31679,0.166607,0.746563,0.644115,-0.531897,-0.482001,0.696245,-0.00762,-0.000688,-0.00054,-0.349469,-1.860467,1.917834,-0.911123,0.042713,0.038227,-0.050093,0.556261,-0.209962,-0.804044,0.627119,0.740901,0.240385,0.545246,-0.637949,0.543806,-0.013055,0.00881,0.009164,-0.002781,0.013377,-0.034892,0.345504
498,0.081128,-0.030834,0.315959,-0.558059,0.171279,-0.81196,-0.653891,-0.693189,0.303129,-0.510235,0.699882,0.499854,-0.013822,-0.001569,0.018195,-0.031783,0.017336,-0.022326,0.383411,-0.21131,-0.007228,0.272733,-0.876767,0.433087,0.209059,-0.184501,-0.70419,0.685573,0.44523,0.561962,0.697017,-0.01504,5e-06,0.000671,-0.352373,-1.886117,1.945376,-1.404818,0.016108,0.05358,-0.024952,0.832175,-0.459538,0.310336,0.169639,0.743802,0.646514,-0.527926,-0.485368,0.696929,-0.007526,6e-06,0.000357,-0.350753,-1.881346,1.946076,-0.912266,0.042244,0.038354,-0.049714,0.557898,-0.203358,-0.804608,0.619095,0.747645,0.240307,0.552693,-0.632196,0.543007,-0.007018,-0.001058,0.008784,-0.032148,0.018431,-0.022573,0.339625
499,0.08084,-0.030881,0.316293,-0.559778,0.170545,-0.810931,-0.650084,-0.69723,0.302048,-0.513203,0.696038,0.502177,-0.01417,-0.002569,0.016972,-0.001182,0.086123,0.016878,0.371612,-0.211752,-0.007307,0.272768,-0.877729,0.433407,0.204305,-0.186962,-0.702193,0.686954,0.442293,0.564208,0.697073,-0.015225,-0.001208,-0.000921,-0.107366,-0.554951,0.56334,-1.404711,0.015905,0.053543,-0.024931,0.832996,-0.45992,0.307555,0.170873,0.742554,0.647622,-0.526231,-0.486914,0.697133,-0.007549,-0.006887,0.002652,-0.038125,0.053451,-0.072652,-0.913245,0.04211,0.03833,-0.049562,0.559583,-0.202563,-0.803638,0.615009,0.751483,0.238822,0.555544,-0.627886,0.545095,-0.007067,-0.001198,0.008603,0.006981,0.106664,0.028465,0.324603
500,0.08029,-0.030826,0.316929,-0.568688,0.167752,-0.805294,-0.639984,-0.705256,0.30497,-0.516079,0.688596,0.509436,-0.028684,0.001903,0.02077,0.011542,0.127818,0.00203,0.317727,-0.212654,-0.007355,0.272711,-0.885714,0.424302,0.188335,-0.187719,-0.698211,0.690795,0.425715,0.575949,0.697791,-0.01531,-0.001692,-0.001576,0.005338,-0.112334,0.121037,-1.40474,0.015443,0.053518,-0.024961,0.84337,-0.452988,0.28901,0.17259,0.73773,0.65266,-0.508859,-0.500554,0.700361,-0.015169,-0.000766,-0.000355,-0.013067,0.027367,-0.122397,-0.914715,0.041833,0.03835,-0.049246,0.568478,-0.198911,-0.798289,0.604505,0.75917,0.241317,0.558037,-0.619754,0.551814,-0.006373,0.004796,0.005005,0.050141,0.097765,0.057262,0.275126
501,0.07961,-0.030762,0.317563,-0.572883,0.163054,-0.803283,-0.631186,-0.712973,0.30536,-0.522223,0.681751,0.512372,-0.014006,-0.002134,0.017432,-0.034513,0.019689,-0.0197,0.272481,-0.213511,-0.007318,0.272609,-0.887729,0.422215,0.18348,-0.189555,-0.698242,0.690263,0.420667,0.577445,0.699615,-0.015287,-0.001473,-0.001311,0.333333,-0.412267,-0.276475,-1.404843,0.015014,0.053535,-0.025013,0.844638,-0.453468,0.284523,0.174904,0.736071,0.653916,-0.505959,-0.502558,0.701027,-0.007677,-0.000953,-0.000923,-0.03616,-0.168911,0.162776,-0.916838,0.041488,0.038385,-0.048927,0.572385,-0.193834,-0.796744,0.595365,0.766374,0.241268,0.563838,-0.612452,0.554064,-0.014622,0.000167,0.009429,-0.043891,0.022084,-0.054974,0.197563
502,0.079193,-0.030743,0.317896,-0.574461,0.159517,-0.802866,-0.626908,-0.716398,0.306158,-0.525626,0.678998,0.512549,-0.012912,0.008981,0.009205,1.330682,-0.506912,-0.854169,0.265098,-0.213854,-0.007369,0.272607,-0.888126,0.422179,0.181629,-0.190379,-0.697439,0.690847,0.419451,0.57844,0.699523,-0.01525,-0.001204,-0.000969,-0.006753,-0.041657,0.019601,-1.404713,0.014842,0.053509,-0.025014,0.846441,-0.45147,0.282333,0.175307,0.736935,0.652835,-0.502797,-0.503091,0.702917,-0.00764,-0.000697,-0.000595,-0.05373,-0.150871,0.135971,-0.915042,0.041278,0.038388,-0.048759,0.573534,-0.19113,-0.796572,0.592269,0.768528,0.242035,0.565927,-0.610601,0.553977,-0.014516,0.000407,0.009775,4.396473,-1.664584,-2.885833,0.173232
503,0.078175,-0.030623,0.318495,-0.5777,0.152277,-0.801948,-0.618053,-0.72335,0.307809,-0.532505,0.673275,0.512997,-0.02958,-0.000679,0.017538,1.293616,-0.476829,-0.900279,0.278071,-0.214435,-0.007493,0.272758,-0.890453,0.420429,0.174141,-0.193505,-0.695966,0.691463,0.413025,0.581479,0.700825,0.000422,-0.010405,0.009018,-0.034311,-0.002278,0.007329,-1.404283,0.014551,0.053447,-0.024948,0.849441,-0.4504,0.274935,0.178234,0.735294,0.653891,-0.496671,-0.506439,0.704866,-0.007438,0.000626,0.001126,-0.008559,0.022712,-0.032278,-0.914715,0.040781,0.038452,-0.048462,0.575837,-0.186096,-0.796101,0.586212,0.772734,0.243386,0.569882,-0.606835,0.554061,-0.014832,-0.000429,0.008677,-0.036515,0.033886,-0.049546,0.160006
504,0.077295,-0.030701,0.318812,-0.579951,0.142612,-0.8021,-0.609215,-0.729584,0.310702,-0.540174,0.668663,0.511007,-0.016657,-0.009505,0.008536,-0.184288,-0.258529,-0.203929,0.279289,-0.21478,-0.007643,0.272899,-0.890367,0.420074,0.175433,-0.192267,-0.696104,0.69167,0.41379,0.581571,0.700297,0.000138,-0.012166,0.006718,-0.036045,0.01521,-0.015522,-1.40458,0.014374,0.053378,-0.024869,0.84923,-0.449989,0.276256,0.176962,0.735484,0.654024,-0.497486,-0.50653,0.704226,-0.007439,-0.005885,0.003916,-0.037978,0.031209,-0.044153,-0.911123,0.040345,0.038426,-0.048296,0.57869,-0.174513,-0.796656,0.572643,0.782476,0.244561,0.580685,-0.597725,0.552745,-0.008051,2.5e-05,-0.000756,-0.327619,-0.665882,-0.196073,0.172579
505,0.077007,-0.030782,0.318833,-0.580363,0.14248,-0.801825,-0.609097,-0.729481,0.311175,-0.539864,0.668804,0.51115,-0.001297,-0.003591,-0.004303,-0.003109,0.008984,-0.027913,0.275755,-0.214812,-0.007721,0.272951,-0.890749,0.420253,0.173049,-0.19351,-0.695006,0.692426,0.412383,0.582753,0.700145,0.000134,0.000842,0.0011,0.0,-0.0,-0.0,-1.404679,0.014357,0.053331,-0.024845,0.849776,-0.450382,0.273927,0.17808,0.734365,0.654977,-0.496152,-0.507803,0.70425,7.7e-05,0.000501,0.000661,0.001911,-0.01512,0.022238,-0.911123,0.040183,0.038381,-0.048277,0.578695,-0.172522,-0.797086,0.572505,0.782003,0.246389,0.580817,-0.598921,0.551311,-0.008129,-0.000171,-0.000999,0.008144,0.029058,-0.02268,0.170946
506,0.076701,-0.030696,0.318648,-0.581757,0.138689,-0.80148,-0.604146,-0.733431,0.311542,-0.543906,0.665277,0.511469,-0.000801,-0.00221,-0.002652,-0.000544,0.014004,-0.025183,0.245097,-0.214772,-0.007721,0.273018,-0.892574,0.418487,0.167847,-0.195625,-0.694608,0.692232,0.407398,0.584497,0.701608,0.000159,0.001003,0.00131,-0.009362,0.117527,-0.1601,-1.404947,0.014378,0.053333,-0.02481,0.852153,-0.449108,0.268583,0.180315,0.733829,0.654966,-0.491244,-0.509702,0.706315,4e-06,0.006553,-0.002744,0.029569,-0.007744,0.011886,-0.912592,0.040028,0.038417,-0.048378,0.579944,-0.16883,-0.796969,0.567343,0.785755,0.246393,0.584624,-0.595049,0.551479,0.000262,0.00472,-0.005101,0.034176,-0.017358,0.016341,0.151188
507,0.076747,-0.030618,0.318424,-0.582283,0.135238,-0.801687,-0.599643,-0.737308,0.31109,-0.548301,0.661697,0.511419,0.014197,-0.00534,-0.004789,0.120609,-0.061134,-0.046759,0.198233,-0.214668,-0.007618,0.272995,-0.893388,0.419038,0.162039,-0.199187,-0.692498,0.693329,0.403865,0.586599,0.701897,0.015007,-0.000392,-0.001098,0.002045,-0.015206,0.029246,-1.405074,0.014424,0.053382,-0.024815,0.853321,-0.450125,0.263115,0.183502,0.731639,0.65653,-0.488025,-0.511949,0.706922,1.8e-05,0.000111,0.000143,0.000926,0.004596,-0.003547,-0.913409,0.040045,0.038458,-0.048487,0.580243,-0.165689,-0.797411,0.563039,0.789045,0.24575,0.588475,-0.591569,0.551127,-0.000354,-0.000989,-0.00118,1.343822,-0.532064,-0.850566,0.09322
508,0.076933,-0.03065,0.318166,-0.582829,0.131818,-0.80186,-0.595178,-0.741076,0.310711,-0.552563,0.658174,0.511379,-0.001051,-0.002905,-0.003493,-0.0,-0.0,-0.0,0.141225,-0.214614,-0.007575,0.273066,-0.89417,0.419568,0.156252,-0.20263,-0.690238,0.694584,0.400399,0.588877,0.701974,0.000552,0.003489,0.004554,0.001337,-0.017526,0.023575,-1.40543,0.014455,0.0534,-0.024793,0.854512,-0.451159,0.257416,0.186768,0.729298,0.658209,-0.484691,-0.514371,0.707457,0.000249,0.001577,0.002056,0.001218,0.005087,-0.004438,-0.914552,0.040143,0.03844,-0.048618,0.580665,-0.161959,-0.79787,0.557967,0.792831,0.245135,0.592874,-0.587527,0.550738,0.007393,0.00213,-0.007416,0.034439,-0.018584,0.020495,0.018923
509,0.077028,-0.03061,0.318015,-0.585014,0.131191,-0.80037,-0.594141,-0.741054,0.312741,-0.551368,0.658325,0.512474,0.000321,0.008897,-0.010874,0.03453,-0.018177,0.015776,0.099742,-0.214623,-0.007484,0.273186,-0.894946,0.42009,0.15029,-0.206201,-0.687942,0.69581,0.396818,0.591184,0.702069,0.000722,0.00456,0.005944,-2.5e-05,-0.000125,0.000129,-1.405708,0.014451,0.053446,-0.024732,0.855716,-0.452183,0.251554,0.190133,0.72691,0.659886,-0.481247,-0.516847,0.708004,0.000448,0.002849,0.003713,0.003046,-0.009929,0.016417,-0.914878,0.04019,0.038453,-0.048693,0.582876,-0.161101,-0.79643,0.55696,0.792887,0.247234,0.591649,-0.587687,0.551882,0.007138,-0.002579,-0.002293,0.002107,-0.017415,0.03344,-0.024676
510,0.07713,-0.030561,0.31781,-0.591868,0.129297,-0.795625,-0.591148,-0.740638,0.319329,-0.547252,0.659169,0.515789,-0.000939,-0.002597,-0.003127,-0.000534,0.014047,-0.025159,0.00034,-0.214459,-0.007393,0.273451,-0.897447,0.416255,0.145988,-0.20716,-0.689688,0.693794,0.390609,0.591866,0.70497,0.01554,0.003081,0.003415,0.059823,-0.078841,-0.021393,-1.406003,0.014528,0.053497,-0.024592,0.858671,-0.448923,0.247286,0.1915,0.728561,0.657666,-0.475404,-0.517364,0.711564,0.000432,-0.003771,0.006365,0.019259,-0.073503,-0.053254,-0.917491,0.040242,0.038485,-0.048795,0.58963,-0.158514,-0.791964,0.55408,0.792819,0.253836,0.587648,-0.588481,0.5553,-0.000321,-0.000896,-0.001081,0.001037,-0.002437,0.003393,-0.156288
511,0.077073,-0.030714,0.317706,-0.594707,0.128496,-0.793635,-0.589946,-0.740382,0.322133,-0.545467,0.659615,0.517108,-0.001112,-0.003074,-0.003705,-0.0,-0.0,-0.0,-0.052151,-0.214459,-0.007295,0.273782,-0.90022,0.412377,0.139789,-0.208968,-0.690596,0.692347,0.383177,0.593524,0.707649,0.00106,-0.006336,0.014288,0.177161,-0.447485,-0.034012,-1.405446,0.014533,0.053548,-0.024433,0.861405,-0.446834,0.241494,0.193486,0.72829,0.657385,-0.46962,-0.519549,0.713809,-0.007072,0.002899,0.004059,0.322537,-0.902243,0.20208,-0.920267,0.040214,0.038408,-0.048848,0.592429,-0.157423,-0.790091,0.552931,0.792713,0.256656,0.585912,-0.588917,0.556671,-0.000661,-0.001831,-0.002206,-0.000687,0.013953,-0.02476,-0.237933
512,0.076987,-0.030748,0.317642,-0.594976,0.12837,-0.793454,-0.589752,-0.740433,0.32237,-0.545383,0.659582,0.517239,-0.015991,0.000422,-0.001124,-0.000984,0.014715,-0.029553,-0.079879,-0.214531,-0.007249,0.273845,-0.900558,0.412517,0.137174,-0.210452,-0.689572,0.692918,0.381564,0.594615,0.707605,0.000147,0.000933,0.00121,0.003623,-0.003996,-0.003177,-1.405634,0.014499,0.053576,-0.024386,0.862826,-0.445723,0.238453,0.194608,0.728253,0.657096,-0.466538,-0.520555,0.715097,4e-05,0.000275,0.000359,-0.013805,0.006431,-0.004228,-0.920593,0.04017,0.038389,-0.048883,0.59269,-0.157275,-0.789924,0.552743,0.792768,0.256889,0.585826,-0.588881,0.556799,-0.008,0.000192,-0.000583,-0.001175,0.01476,-0.029372,-0.261121
513,0.076721,-0.030857,0.317519,-0.595115,0.138261,-0.791686,-0.601756,-0.729609,0.324856,-0.531972,0.669555,0.51839,-0.00267,-0.015369,0.003063,-4.406649,1.730648,2.997613,-0.17134,-0.214798,-0.007403,0.273722,-0.901214,0.41272,0.132163,-0.213199,-0.687532,0.694104,0.37847,0.596829,0.707403,-0.000663,-0.004179,-0.005428,-0.001418,0.017094,-0.023157,-1.405615,0.014366,0.053501,-0.024445,0.863801,-0.446415,0.233579,0.197103,0.726074,0.65876,-0.463676,-0.522999,0.715174,-0.007804,-0.001759,-0.001987,-0.001894,0.017357,-0.029246,-0.920267,0.040039,0.038343,-0.048941,0.594074,-0.163409,-0.787637,0.560781,0.786123,0.259873,0.576714,-0.596076,0.558652,-0.008298,-0.000611,-0.001561,-0.001118,0.027894,-0.054088,-0.320722
514,0.076606,-0.03128,0.31738,-0.593513,0.151296,-0.790504,-0.614787,-0.719101,0.323887,-0.518717,0.678032,0.520799,-0.002629,-0.007232,-0.008764,0.004305,0.025694,-0.018387,-0.237617,-0.21512,-0.007388,0.273535,-0.901869,0.412842,0.127218,-0.216028,-0.685794,0.694949,0.375284,0.59874,0.707485,-0.000441,0.010228,-0.009242,0.03604,-0.01523,0.015514,-1.405849,0.014203,0.053499,-0.024552,0.864806,-0.446979,0.228734,0.199783,0.724255,0.659955,-0.460648,-0.525036,0.715639,-0.000213,0.005145,-0.004574,0.036722,-0.012558,0.014173,-0.917491,0.039981,0.038127,-0.049009,0.592525,-0.180258,-0.785123,0.578964,0.772964,0.259472,0.560101,-0.608302,0.562363,-0.001359,-0.003742,-0.004533,-0.010738,0.000595,-0.029388,-0.371178
515,0.076428,-0.031623,0.317103,-0.593924,0.157059,-0.78907,-0.618734,-0.716053,0.323121,-0.513535,0.679936,0.523446,-0.002567,-0.007047,-0.008569,0.017593,0.04918,-0.005999,-0.307867,-0.215242,-0.007331,0.273411,-0.902503,0.413134,0.121657,-0.219362,-0.683831,0.695837,0.371803,0.600778,0.707596,-0.000184,-0.001147,-0.001492,-0.0,-0.0,0.0,-1.405959,0.014142,0.053529,-0.024612,0.865836,-0.447747,0.22327,0.202951,0.722192,0.661248,-0.457316,-0.52722,0.716171,-0.000115,-0.000726,-0.000941,-0.000667,0.020122,-0.025266,-0.918961,0.039892,0.037955,-0.049147,0.593245,-0.185901,-0.783262,0.583055,0.770099,0.25883,0.555073,-0.610235,0.565248,-0.001284,-0.003532,-0.004291,0.004129,0.029233,-0.01491,-0.437311
516,0.076306,-0.031718,0.316962,-0.593482,0.160377,-0.788735,-0.622625,-0.712475,0.323556,-0.509332,0.682909,0.523682,-0.002138,-0.005861,-0.007138,0.000312,0.000604,0.00033,-0.321712,-0.21522,-0.007331,0.273409,-0.903834,0.411205,0.118263,-0.220512,-0.684295,0.695017,0.367858,0.601574,0.70898,3.7e-05,0.000229,0.000298,0.035142,-0.038896,-0.030942,-1.406063,0.014153,0.053526,-0.024616,0.867516,-0.446199,0.219821,0.204363,0.72264,0.660323,-0.453487,-0.527918,0.718089,3.3e-05,0.000202,0.000263,0.013834,-0.030213,-0.033462,-0.919287,0.039829,0.037902,-0.049224,0.592939,-0.189026,-0.782746,0.587167,0.766696,0.259635,0.551051,-0.61355,0.565594,-0.001072,-0.00295,-0.003591,-0.00421,-0.007975,-0.003808,-0.45413
517,0.076048,-0.032041,0.316682,-0.594883,0.169268,-0.785817,-0.62991,-0.705458,0.324831,-0.498643,0.688017,0.527271,-0.002872,-0.007851,-0.009595,-4.342776,1.810364,2.889432,-0.370994,-0.214768,-0.007269,0.27337,-0.904103,0.411717,0.114364,-0.223145,-0.682929,0.69552,0.365598,0.602773,0.709131,0.01506,3.5e-05,-0.000539,0.002052,-0.015214,0.029239,-1.405931,0.014374,0.053558,-0.024633,0.868085,-0.446927,0.216061,0.206661,0.721099,0.661292,-0.451351,-0.529407,0.718338,0.007548,0.000124,-0.000139,0.001801,-0.011049,0.026759,-0.914715,0.039702,0.037747,-0.049357,0.595637,-0.194061,-0.779458,0.590454,0.763678,0.261074,0.544591,-0.61574,0.569458,-0.009523,-0.007884,0.000412,-0.042017,0.035946,-0.075016,-0.485808
518,0.075822,-0.03245,0.316416,-0.595349,0.177674,-0.783605,-0.634121,-0.702817,0.322353,-0.492723,0.688589,0.532068,-0.003676,-0.018047,-0.000307,0.025659,0.045336,0.192618,-0.459378,-0.213913,-0.007283,0.273301,-0.905329,0.410271,0.109764,-0.225401,-0.682977,0.694745,0.361139,0.603705,0.710621,0.029925,-0.001125,-0.002673,0.133507,-0.17282,-0.054963,-1.406276,0.014796,0.053554,-0.024665,0.869362,-0.44658,0.211601,0.209297,0.720629,0.660975,-0.447664,-0.530339,0.719955,0.014962,-0.000576,-0.001366,0.211374,-0.217519,-0.084033,-0.912266,0.039589,0.037544,-0.049496,0.595858,-0.205641,-0.776314,0.599028,0.757654,0.259084,0.534899,-0.619412,0.574639,-0.00134,-0.003659,-0.004484,0.070889,0.14912,0.048121,-0.540511
519,0.075789,-0.032673,0.316325,-0.595872,0.180217,-0.782626,-0.634335,-0.703262,0.320958,-0.491815,0.687471,0.53435,0.011604,-0.02068,-0.001834,0.075733,0.229016,0.103692,-0.511167,-0.213451,-0.007339,0.273293,-0.903865,0.413765,0.108712,-0.229346,-0.682934,0.693496,0.362325,0.601363,0.712002,0.030029,-0.000447,-0.001812,0.099591,-0.135319,-0.025098,-1.406452,0.015027,0.053524,-0.024671,0.86795,-0.449775,0.210629,0.213296,0.720571,0.659759,-0.448516,-0.527711,0.721355,0.00755,0.000158,-0.000118,0.122495,-0.14424,-0.07311,-0.914552,0.039567,0.037434,-0.049541,0.596318,-0.207562,-0.775449,0.599237,0.757874,0.257953,0.534152,-0.618501,0.576313,-0.001248,-0.003409,-0.004184,0.175762,0.333469,0.143765,-0.573659
520,0.075792,-0.03322,0.316272,-0.597722,0.187749,-0.779438,-0.634853,-0.704559,0.317065,-0.488894,0.68411,0.541298,-0.002846,-0.015786,0.002439,0.190773,0.451282,0.219263,-0.637277,-0.212742,-0.007346,0.273372,-0.89981,0.425634,0.095754,-0.24905,-0.681117,0.688468,0.359387,0.595097,0.718724,0.015283,0.001576,0.001416,0.41264,0.851342,1.001737,-1.406447,0.015387,0.053519,-0.024633,0.864723,-0.461469,0.19824,0.232347,0.717484,0.656682,-0.445272,-0.521788,0.727646,0.007631,0.000892,0.001017,0.896065,3.414897,3.757899,-0.910959,0.039572,0.03715,-0.049571,0.598482,-0.214031,-0.772016,0.599603,0.758763,0.254467,0.531314,-0.615197,0.58244,-0.001412,-0.007868,0.001252,0.293029,0.605306,0.29213,-0.663959
521,0.075663,-0.033608,0.316248,-0.607424,0.196099,-0.769823,-0.632137,-0.706208,0.31882,-0.480385,0.680045,0.553892,-0.001369,-0.003725,-0.004599,0.112301,0.222708,0.113379,-0.649933,-0.212012,-0.007366,0.273314,-0.884199,0.458277,0.090366,-0.280645,-0.675644,0.681673,0.374563,0.576787,0.725867,0.029693,-0.002594,-0.004669,0.210375,0.134905,0.281108,-1.406977,0.015747,0.053517,-0.024652,0.847558,-0.494009,0.193906,0.264601,0.710087,0.652504,-0.460034,-0.501727,0.732555,0.007434,-0.007282,0.001464,0.288491,0.941488,1.064333,-0.911286,0.039507,0.036957,-0.049581,0.609127,-0.222402,-0.761249,0.59679,0.760702,0.255289,0.522307,-0.609809,0.596092,-0.000776,-0.002115,-0.002609,0.132913,0.275999,0.109471,-0.70968
522,0.075638,-0.033854,0.316161,-0.63884,0.217855,-0.737881,-0.630714,-0.697525,0.340045,-0.439821,0.682352,0.583934,-0.002068,-0.013662,0.005043,-0.701745,2.44017,-1.827427,-0.737907,-0.21134,-0.00752,0.27315,-0.867877,0.489217,0.086304,-0.308895,-0.667299,0.677665,0.390208,0.560845,0.730106,0.014838,-0.001398,-0.002484,0.072658,0.292083,0.368616,-1.40752,0.016088,0.053433,-0.024742,0.830312,-0.523665,0.190671,0.292187,0.700397,0.651207,-0.47456,-0.484993,0.734556,0.007411,-0.000764,-0.001333,0.119545,1.103722,1.227762,-0.918144,0.039496,0.036839,-0.049627,0.639542,-0.238702,-0.730757,0.596795,0.753352,0.276218,0.484584,-0.612766,0.624256,-0.000616,-0.001674,-0.00207,-0.313242,0.481449,0.152432,-0.750502
523,0.075599,-0.033965,0.316122,-0.659988,0.239016,-0.712273,-0.637255,-0.680249,0.362133,-0.397152,0.692603,0.602162,-0.001184,-0.003217,-0.003982,-4.807205,4.327666,0.700138,-0.748641,-0.211037,-0.007489,0.273109,-0.863148,0.497872,0.084214,-0.317547,-0.664677,0.676242,0.393743,0.556318,0.731669,0.014852,0.012249,-0.007282,0.047924,-0.030346,0.047318,-1.407438,0.016233,0.053441,-0.024765,0.825037,-0.532562,0.188918,0.300926,0.697056,0.650811,-0.478284,-0.480093,0.735359,0.007499,-0.00018,-0.000595,-0.005234,0.085782,0.13233,-0.92141,0.039476,0.036781,-0.049642,0.663291,-0.25521,-0.703499,0.600903,0.741933,0.297406,0.446049,-0.620002,0.645474,-0.000688,-0.001864,-0.002306,-0.183202,1.051593,-0.920257,-0.778915
524,0.075426,-0.034218,0.316027,-0.676009,0.271124,-0.685236,-0.642897,-0.671471,0.368485,-0.359376,0.689296,0.629084,-0.002169,-0.013925,0.004707,0.317896,1.035804,-0.370836,-0.758557,-0.210705,-0.007491,0.273023,-0.861323,0.50124,0.082906,-0.321686,-0.664162,0.67479,0.394379,0.553901,0.73316,-0.000189,-0.001303,-0.001696,0.000729,-0.000779,-0.000623,-1.408077,0.016411,0.05345,-0.024803,0.823062,-0.536048,0.187671,0.305165,0.696082,0.649879,-0.479001,-0.47762,0.736502,1e-05,-0.006754,0.002475,-0.045137,0.019252,-0.013615,-0.922226,0.03939,0.036658,-0.049693,0.681701,-0.285715,-0.673535,0.610266,0.729843,0.308064,0.403557,-0.621042,0.671897,-0.000716,-0.00194,-0.002403,0.050684,0.518031,-0.613195,-0.795897
525,0.075683,-0.034566,0.316124,-0.686607,0.29817,-0.663107,-0.651566,-0.657028,0.37914,-0.321783,0.692005,0.646228,0.014196,-0.013792,0.006631,-0.295908,0.607649,-0.118682,-0.817804,-0.210553,-0.007907,0.273219,-0.867276,0.491098,0.081526,-0.317919,-0.672201,0.668587,0.384235,0.553303,0.738974,0.000189,-0.01231,0.006532,0.44074,-0.495624,-0.422935,-1.407912,0.016487,0.05325,-0.024713,0.82799,-0.528846,0.186423,0.303383,0.702089,0.644227,-0.471583,-0.476857,0.741765,7.8e-05,-0.00626,0.003123,0.134475,-0.291086,-0.010161,-0.920594,0.039511,0.036481,-0.049649,0.694301,-0.312206,-0.648438,0.619729,0.717446,0.318129,0.365898,-0.622733,0.691607,0.00763,-0.001423,-0.000889,-1.074002,1.116121,0.470265,-0.829862
526,0.075829,-0.034761,0.316247,-0.691059,0.31084,-0.65258,-0.653865,-0.653673,0.380978,-0.307297,0.689589,0.655792,0.014352,-0.013378,0.007141,0.078617,0.384947,-0.232467,-0.826277,-0.210617,-0.008214,0.273381,-0.86792,0.49013,0.080499,-0.319618,-0.674962,0.664985,0.381356,0.550798,0.742329,-0.014946,-0.012848,0.006516,0.1723,-0.146317,-0.212658,-1.407907,0.016461,0.053094,-0.024626,0.83007,-0.526117,0.184888,0.305252,0.706129,0.638907,-0.466695,-0.4739,0.746735,0.000219,-0.012071,0.006843,0.155289,-0.128611,-0.133975,-0.919614,0.03959,0.03638,-0.049583,0.699701,-0.323978,-0.636754,0.62231,0.714166,0.320463,0.350925,-0.620487,0.701318,0.007205,-0.006593,0.003686,0.043541,0.341061,-0.249469,-0.847987
527,0.075866,-0.035167,0.316592,-0.695544,0.333863,-0.636238,-0.659163,-0.64889,0.380022,-0.285113,0.683289,0.6722,-0.000947,-0.010627,0.008798,0.03249,0.523346,-0.127019,-0.827634,-0.21109,-0.008835,0.27378,-0.865163,0.495956,0.074249,-0.334188,-0.680376,0.652182,0.37506,0.538798,0.754248,-0.014526,-0.009816,0.010459,0.617427,0.420389,0.947345,-1.408056,0.016224,0.052776,-0.024437,0.827454,-0.532117,0.179363,0.320045,0.709359,0.627996,-0.4614,-0.462234,0.757264,-0.007358,-0.005413,0.004741,0.941177,2.867785,3.763958,-0.92092,0.03961,0.036183,-0.049411,0.705397,-0.344955,-0.619208,0.627827,0.709562,0.319926,0.329007,-0.614432,0.717096,-0.000475,-0.005303,0.00441,-0.150672,0.616493,0.309511,-0.857621
