frame,MLTx,MLTy,MLTz,MLTR1,MLTR2,MLTR3,MLTR4,MLTR5,MLTR6,MLTR7,MLTR8,MLTR9,MLTTVx,MLTTVy,MLTTVz,MLTRVx,MLTRVy,MLTRVz,MLGA,MRTx,MRTy,MRTz,MRTR1,MRTR2,MRTR3,MRTR4,MRTR5,MRTR6,MRTR7,MRTR8,MRTR9,MRTTVx,MRTTVy,MRTTVz,MRTRVx,MRTRVy,MRTRVz,MRGA,SLTx,SLTy,SLTz,SLTR1,SLTR2,SLTR3,SLTR4,SLTR5,SLTR6,SLTR7,SLTR8,SLTR9,SLTTVx,SLTTVy,SLTTVz,SLTRVx,SLTRVy,SLTRVz,SLGA,SRTx,SRTy,SRTz,SRTR1,SRTR2,SRTR3,SRTR4,SRTR5,SRTR6,SRTR7,SRTR8,SRTR9,SRTTVx,SRTTVy,SRTTVz,SRTRVx,SRTRVy,SRTRVz,SRGA
239,0.079923,-0.003415,0.373276,-0.699288,0.047374,-0.713301,0.195724,-0.946952,-0.254845,-0.686665,-0.317887,0.653808,0.015055,0.001887,0.001843,0.001763,-0.027321,0.05531,-1.630681,-0.078083,0.036088,0.343241,0.290097,0.835032,0.467501,-0.807947,0.475567,-0.347839,-0.513121,-0.277866,0.81201,-0.03004,-0.035332,-0.022186,-0.006976,0.455308,-0.675552,-1.407603,0.054088,0.03828,-0.008984,-0.105302,-0.895899,0.431596,0.779239,-0.343975,-0.523895,0.617815,0.28115,0.734341,-0.016174,-0.012181,-0.015102,0.163716,0.457832,-0.510291,-0.85887,0.076645,0.020322,-0.052955,-0.653682,0.213226,-0.726108,-0.012301,-0.962351,-0.271527,-0.756668,-0.168561,0.631695,0.014608,0.004271,-0.004911,0.043412,-0.062924,0.106644,-0.904159
240,0.081013,-0.003084,0.372927,-0.700009,0.043076,-0.712865,0.199451,-0.946634,-0.253131,-0.684856,-0.319438,0.654949,0.029155,0.008552,-0.00982,0.036616,-0.047164,0.07513,-1.632483,-0.079448,0.035088,0.342245,0.296228,0.815166,0.49774,-0.781145,0.506693,-0.364704,-0.549839,-0.281804,0.786211,-0.0344,-0.018304,-0.02571,0.62259,0.331199,1.153746,-1.407468,0.053411,0.037761,-0.009491,-0.106999,-0.87999,0.462783,0.753803,-0.375309,-0.539372,0.648329,0.291135,0.703497,-0.023459,-0.010752,-0.013274,2.853348,-0.335285,4.08823,-0.854951,0.077186,0.020489,-0.053121,-0.655347,0.209201,-0.725778,-0.00863,-0.96289,-0.269755,-0.755278,-0.17052,0.632832,0.014712,0.004664,-0.004623,0.039416,-0.061244,0.103,-0.90171
241,0.081696,-0.002945,0.372755,-0.700484,0.038832,-0.712642,0.204101,-0.945881,-0.252235,-0.682999,-0.322194,0.655537,0.029551,0.00986,-0.008822,0.037102,-0.059585,0.100643,-1.636486,-0.080279,0.034838,0.341757,0.296941,0.802607,0.517338,-0.770789,0.521311,-0.366134,-0.5639,-0.291055,0.772766,-0.036178,-0.012587,-0.021295,-0.217402,0.804558,0.212796,-1.407549,0.052998,0.037627,-0.009741,-0.106746,-0.868563,0.483945,0.744468,-0.392448,-0.54014,0.659069,0.302624,0.688509,-0.025557,-0.002429,-0.015067,0.286037,0.519451,1.455892,-0.852012,0.077527,0.020557,-0.053209,-0.656778,0.205107,-0.725653,-0.003931,-0.963216,-0.268696,-0.754073,-0.173621,0.633426,0.021416,0.003241,-0.005554,0.040914,-0.064253,0.10816,-0.901056
242,0.083154,-0.002834,0.372566,-0.700172,0.038219,-0.712982,0.207989,-0.944307,-0.254945,-0.682148,-0.326853,0.654116,0.028683,-8.2e-05,0.00062,0.001969,-0.029429,0.059106,-1.646182,-0.082145,0.034773,0.340808,0.299818,0.774099,0.557558,-0.749451,0.552785,-0.364261,-0.590531,-0.309631,0.745161,-0.053748,0.003924,-0.023353,-0.295939,1.234666,0.229794,-1.40748,0.052092,0.037585,-0.010209,-0.105512,-0.844519,0.525027,0.727697,-0.425407,-0.538037,0.677733,0.325291,0.65944,-0.020479,0.003608,-0.011252,3.268902,-0.309519,3.682103,-0.854787,0.07824,0.020618,-0.053306,-0.656593,0.204426,-0.726012,0.000342,-0.962488,-0.271321,-0.754244,-0.178396,0.631893,0.014904,0.00542,-0.004066,0.03735,-0.059858,0.101509,-0.903506
243,0.084534,-0.002834,0.372622,-0.700135,0.03633,-0.713117,0.212158,-0.942982,-0.256411,-0.680902,-0.330869,0.653395,0.041686,-0.011563,0.009199,-0.031757,-0.026632,0.072527,-1.673005,-0.084111,0.035174,0.339956,0.305137,0.743176,0.595459,-0.727186,0.585607,-0.358048,-0.615152,-0.324697,0.718348,-0.05521,0.009309,-0.01917,-0.441319,1.434139,0.402288,-1.407367,0.051089,0.037789,-0.010642,-0.107693,-0.817396,0.56592,0.71001,-0.461683,-0.531726,0.695907,0.344546,0.63008,-0.027688,0.004961,-0.009317,0.419298,0.770039,1.111545,-0.853318,0.078942,0.020622,-0.053281,-0.656938,0.202658,-0.726196,0.004709,-0.962074,-0.272744,-0.753929,-0.182596,0.631069,0.014813,0.001517,0.001471,-0.00359,0.045705,-0.092976,-0.906282
244,0.085689,-0.002842,0.372857,-0.700267,0.033516,-0.713126,0.216602,-0.941801,-0.257035,-0.679367,-0.334508,0.65314,0.029755,0.003637,0.003401,-0.003271,0.04572,-0.093372,-1.710258,-0.086268,0.03583,0.339183,0.305613,0.707184,0.63756,-0.705358,0.617967,-0.34716,-0.639851,-0.344507,0.686854,-0.056525,0.014568,-0.015099,0.416376,0.968897,1.171148,-1.407568,0.05001,0.038116,-0.011029,-0.103537,-0.784318,0.611657,0.695384,-0.496769,-0.519289,0.71114,0.371571,0.596836,-0.029304,0.012741,-0.011584,2.79184,-0.099238,3.745479,-0.854624,0.079523,0.020611,-0.053163,-0.657648,0.200071,-0.72627,0.009223,-0.961876,-0.273326,-0.753267,-0.186451,0.630731,0.008197,0.003313,0.002674,0.001526,-0.027552,0.055724,-0.911997
245,0.086195,-0.002824,0.373008,-0.700238,0.034176,-0.713123,0.216011,-0.941859,-0.25732,-0.679585,-0.334278,0.653031,0.029751,0.00372,0.003444,0.002858,-0.042157,0.084948,-1.720453,-0.087309,0.036151,0.338922,0.305113,0.687284,0.659195,-0.695337,0.633779,-0.338769,-0.650968,-0.35587,0.670418,-0.054923,0.006048,-0.005189,0.431462,1.092653,0.95378,-1.407152,0.049489,0.03828,-0.011163,-0.101451,-0.765884,0.634924,0.688981,-0.514478,-0.510506,0.717643,0.385659,0.579874,-0.028544,0.008653,-0.00649,2.9401,-0.19539,3.79348,-0.848909,0.079777,0.020621,-0.053086,-0.657522,0.200573,-0.726247,0.008715,-0.961825,-0.273525,-0.753384,-0.186178,0.630673,0.014461,-0.003216,0.006361,-0.032166,-0.024883,0.069028,-0.913956
246,0.087045,-0.00272,0.373282,-0.700206,0.035006,-0.713114,0.215239,-0.941943,-0.257656,-0.679862,-0.333954,0.652908,0.016089,0.005849,0.004742,0.001876,-0.027433,0.055399,-1.731858,-0.089383,0.036467,0.338649,0.296913,0.656342,0.693578,-0.677372,0.656744,-0.331344,-0.67332,-0.37226,0.638691,-0.05452,0.005163,-0.005954,-0.284628,1.191819,-0.35081,-1.407211,0.04843,0.038449,-0.011295,-0.090247,-0.735238,0.671773,0.675306,-0.540949,-0.501333,0.731994,0.408409,0.54533,-0.027262,0.002585,-0.002936,-0.274735,1.137779,-0.414275,-0.845806,0.080207,0.020675,-0.052948,-0.657296,0.201408,-0.72622,0.007926,-0.961726,-0.273896,-0.75359,-0.185787,0.630542,0.008044,0.002934,0.002364,0.000792,-0.014804,0.029717,-0.914283
247,0.087679,-0.002536,0.373509,-0.702147,0.036416,-0.711132,0.214019,-0.941685,-0.259611,-0.678243,-0.334535,0.654293,0.016106,0.006007,0.004835,0.001922,-0.027248,0.055488,-1.748823,-0.091229,0.036592,0.338438,0.281951,0.634921,0.719284,-0.680653,0.66076,-0.316293,-0.676419,-0.401207,0.617538,-0.041325,0.006603,-0.006527,-0.405498,1.279882,-0.176266,-1.407065,0.047521,0.038511,-0.011395,-0.074395,-0.715412,0.69473,0.681309,-0.545184,-0.488457,0.728204,0.436987,0.527976,-0.020754,0.003626,-0.002984,-0.449597,1.347785,-0.131176,-0.846296,0.080524,0.020765,-0.052835,-0.658963,0.203195,-0.724209,0.006832,-0.961163,-0.275896,-0.752144,-0.186753,0.631982,0.00134,0.004341,0.003285,-2.3e-05,-0.017812,0.022995,-0.91118
248,0.08792,-0.002411,0.373607,-0.704641,0.035385,-0.708713,0.212959,-0.942135,-0.25885,-0.675987,-0.333375,0.657214,0.016124,0.006113,0.004903,0.023651,0.059611,0.097437,-1.755935,-0.092073,0.036657,0.33838,0.282331,0.619731,0.732266,-0.672928,0.671981,-0.309101,-0.683952,-0.406278,0.605815,-0.039413,-0.003439,0.002186,-0.504327,1.486404,-0.016321,-1.406915,0.047099,0.038546,-0.011429,-0.074377,-0.702137,0.708145,0.675993,-0.557559,-0.481828,0.733143,0.442865,0.51611,-0.019627,-0.002037,0.000877,-0.308262,1.028748,-0.105983,-0.847929,0.080651,0.020829,-0.052785,-0.661775,0.202823,-0.721745,0.005564,-0.961353,-0.275259,-0.749681,-0.186175,0.635071,0.008062,0.003069,0.002451,0.023133,0.044336,0.08979,-0.910364
249,0.088317,-0.002143,0.373777,-0.705494,0.033228,-0.707968,0.211456,-0.943502,-0.255074,-0.675568,-0.329707,0.659491,0.00231,0.007521,0.005684,0.000897,-0.012698,0.025856,-1.758238,-0.094156,0.03616,0.338399,0.269339,0.597057,0.755627,-0.661945,0.684687,-0.304905,-0.69972,-0.418815,0.578661,-0.05042,-0.01274,-0.003458,-0.388361,1.239373,-0.035324,-1.407068,0.046059,0.038311,-0.01141,-0.059658,-0.67935,0.731384,0.667669,-0.571828,-0.476686,0.742063,0.459885,0.487695,-0.024058,-0.012312,0.001962,-0.263213,0.801191,-0.420975,-0.853644,0.080849,0.020962,-0.052701,-0.662989,0.200768,-0.721205,0.003806,-0.962452,-0.271424,-0.748619,-0.182697,0.63733,0.007776,0.002172,0.001764,0.004005,-0.031039,0.056708,-0.910201
250,0.088598,-0.001816,0.373862,-0.708867,0.029304,-0.704765,0.209552,-0.945244,-0.25015,-0.672624,-0.325053,0.664789,0.002904,0.017016,-0.00414,0.035622,-0.029583,0.042151,-1.7575,-0.096015,0.035501,0.338428,0.256327,0.589544,0.76598,-0.665043,0.682655,-0.302713,-0.701653,-0.432561,0.566072,-0.03606,-0.019464,0.00622,-0.651179,-0.037883,0.116608,-1.407168,0.045126,0.037975,-0.011406,-0.044189,-0.669521,0.741476,0.671215,-0.569621,-0.474342,0.739943,0.47673,0.474564,-0.019076,-0.004159,-0.000802,-1.818073,-1.165329,1.148439,-0.853481,0.080989,0.021122,-0.052655,-0.66728,0.197615,-0.718112,0.001415,-0.963821,-0.266545,-0.744805,-0.178877,0.642859,0.000941,0.003077,0.002313,0.004719,-0.02242,0.02653,-0.912323
251,0.088768,-0.001357,0.373726,-0.70963,0.026522,-0.704107,0.209109,-0.946308,-0.246469,-0.671957,-0.322178,0.66686,0.015279,0.011091,-0.008357,0.035755,-0.031954,0.045806,-1.75665,-0.097532,0.035084,0.338348,0.239507,0.600153,0.763181,-0.683403,0.662573,-0.306416,-0.689828,-0.448929,0.567858,-0.037267,-0.011967,-0.004524,-2.862082,-1.367381,-0.061388,-1.406868,0.044367,0.037769,-0.011437,-0.025754,-0.675898,0.736544,0.684909,-0.548618,-0.479496,0.728172,0.492117,0.477058,-0.018617,-0.005846,-0.002132,-4.236251,1.852075,-3.385567,-0.856747,0.081076,0.021361,-0.052722,-0.668587,0.19509,-0.717587,0.000663,-0.964816,-0.262922,-0.743633,-0.176262,0.644934,0.007611,0.00545,-0.004253,0.039833,-0.034962,0.04946,-0.907098
252,0.088846,-0.001056,0.373533,-0.710449,0.02343,-0.70339,0.20877,-0.947407,-0.2425,-0.671196,-0.319168,0.66907,0.002449,0.023077,-0.01653,0.07557,-0.122642,0.210671,-1.756577,-0.098326,0.034792,0.338237,0.207908,0.615163,0.760487,-0.720364,0.622263,-0.306263,-0.661854,-0.484928,0.571539,-0.036648,-0.014648,-0.006614,-1.324041,0.428053,-1.269316,-1.40731,0.043969,0.037626,-0.01149,0.003516,-0.68851,0.725217,0.717492,-0.503425,-0.481422,0.696556,0.522031,0.49223,-0.024615,-0.0088,-0.003623,-4.504548,1.678223,-3.77507,-0.859849,0.081113,0.021498,-0.05281,-0.670181,0.192025,-0.716926,4.9e-05,-0.965939,-0.258767,-0.742197,-0.173457,0.647345,0.00734,0.00457,-0.004915,0.041776,-0.036164,0.051117,-0.906282
253,0.089049,-0.000414,0.373041,-0.711514,0.019158,-0.702443,0.208559,-0.948793,-0.237205,-0.670134,-0.315307,0.671959,0.002395,0.02291,-0.016643,0.070402,-0.047409,0.058275,-1.758254,-0.099929,0.0341,0.337898,0.134892,0.655303,0.743218,-0.795759,0.518594,-0.312668,-0.590458,-0.550068,0.590463,-0.035781,-0.018686,-0.009787,-4.357862,1.456205,-3.988256,-1.406716,0.043168,0.037281,-0.011659,0.073471,-0.717849,0.69231,0.776694,-0.394258,-0.491228,0.625577,0.573805,0.528583,-0.017791,-0.009769,-0.005199,-1.16454,0.05455,-1.663896,-0.855277,0.081214,0.021821,-0.053061,-0.672116,0.188262,-0.716112,-0.000672,-0.967291,-0.253664,-0.740445,-0.170011,0.650259,0.000568,0.005611,-0.00425,0.038695,-0.02003,0.019743,-0.902689
254,0.089322,0.000297,0.372423,-0.710487,0.014644,-0.70359,0.209009,-0.950246,-0.230911,-0.671082,-0.311142,0.672953,0.015288,0.018789,-0.019481,-0.020771,-0.423749,-0.123727,-1.766781,-0.101595,0.033143,0.33739,0.056481,0.698655,0.71322,-0.853916,0.403988,-0.327954,-0.517299,-0.59138,0.618494,-0.034777,-0.023679,-0.013744,-0.14432,-0.478765,-1.169125,-1.406182,0.042352,0.036814,-0.011906,0.152015,-0.747742,0.646353,0.820383,-0.269264,-0.504446,0.551236,0.606941,0.572504,-0.017198,-0.012639,-0.007393,-3.938844,1.471869,-4.115816,-0.849399,0.081345,0.022171,-0.053362,-0.673747,0.184292,-0.715612,-0.001079,-0.968646,-0.248441,-0.738961,-0.166614,0.652821,0.007268,0.004368,-0.005061,-0.099412,-0.544855,-0.218064,-0.903343
255,0.089461,0.000591,0.372151,-0.710727,0.0137,-0.703366,0.208893,-0.950572,-0.229669,-0.670864,-0.310186,0.673612,0.015131,0.0183,-0.019842,0.068961,-0.055845,0.058805,-1.772418,-0.10243,0.032662,0.337114,0.03666,0.714299,0.698874,-0.869048,0.368086,-0.330458,-0.493307,-0.596132,0.633355,-0.047778,-0.025839,-0.01391,-0.351281,-1.062026,-0.679397,-1.406218,0.041922,0.03656,-0.012053,0.172292,-0.759532,0.627236,0.830705,-0.230172,-0.506901,0.52938,0.608383,0.591291,-0.023732,-0.013625,-0.007496,-1.780298,-1.707447,0.74322,-0.849072,0.081416,0.022326,-0.053504,-0.672365,0.18271,-0.717314,-0.00088,-0.969254,-0.246058,-0.740217,-0.16481,0.651854,0.000476,0.005302,-0.004477,0.040062,-0.003754,0.028413,-0.906445
256,0.089727,0.00106,0.371771,-0.711888,0.009278,-0.702263,0.208448,-0.952032,-0.223958,-0.66977,-0.305838,0.676682,0.001374,0.012058,-0.007852,0.034628,-0.017275,0.016106,-1.788481,-0.104262,0.031987,0.336584,0.025652,0.730446,0.682483,-0.882226,0.337641,-0.32804,-0.470051,-0.594601,0.652199,-0.051708,-0.006362,-0.015383,-0.172404,0.169386,-0.563667,-1.406523,0.040991,0.036199,-0.012334,0.181205,-0.774956,0.605481,0.84012,-0.198071,-0.504939,0.511235,0.600174,0.615165,-0.025925,-0.002834,-0.00739,-0.18308,0.260165,-0.474899,-0.851685,0.081553,0.02256,-0.053701,-0.674655,0.178743,-0.716164,-0.001845,-0.970642,-0.240519,-0.73813,-0.160946,0.655179,0.000756,0.006237,-0.003773,0.039758,-0.02016,0.020735,-0.911997
257,0.08997,0.001416,0.371623,-0.712685,0.006347,-0.701488,0.208043,-0.953028,-0.220062,-0.669049,-0.302791,0.678762,0.002172,0.014705,-0.005867,-0.136142,0.080462,-0.099583,-1.80212,-0.105973,0.031868,0.336309,0.01241,0.734251,0.678759,-0.890274,0.317205,-0.326692,-0.455164,-0.601143,0.656746,-0.040902,0.00569,-0.007539,-3.76594,2.0327,-3.995217,-1.406341,0.040152,0.036134,-0.012471,0.188967,-0.776641,0.600931,0.844874,-0.183304,-0.502578,0.500476,0.602683,0.621526,-0.020393,0.002576,-0.00395,-0.049107,0.226142,-0.361128,-0.861482,0.081673,0.022735,-0.053777,-0.676021,0.1762,-0.715506,-0.002514,-0.971536,-0.236875,-0.736878,-0.158334,0.657222,0.00722,0.000503,0.000484,-0.631524,0.394282,-0.493357,-0.918202
258,0.090233,0.001621,0.371703,-0.712606,0.006812,-0.701564,0.207863,-0.952975,-0.220464,-0.669189,-0.30295,0.678553,0.001701,0.005637,0.004217,0.000823,-0.012973,0.025721,-1.813021,-0.107629,0.032094,0.336064,-0.005064,0.730112,0.683302,-0.895221,0.301208,-0.32831,-0.445482,-0.614279,0.651206,-0.041196,0.007455,-0.006197,-0.002878,0.218426,-0.151804,-1.406123,0.039333,0.036251,-0.012586,0.210685,-0.769927,0.602348,0.848901,-0.16145,-0.503289,0.484745,0.61737,0.619577,-0.020582,0.003647,-0.003134,-0.009367,0.250399,-0.171694,-0.857237,0.0818,0.02284,-0.053741,-0.675902,0.176507,-0.715542,-0.002669,-0.971477,-0.237119,-0.736986,-0.158359,0.657094,0.000912,0.003023,0.002257,0.000924,-0.013053,0.025844,-0.913956
259,0.090387,0.001698,0.371788,-0.713161,0.004695,-0.701017,0.207729,-0.953619,-0.21779,-0.668639,-0.300955,0.679982,0.015165,0.00353,0.002861,-0.003876,0.061836,-0.12224,-1.813931,-0.108385,0.032321,0.335889,-0.004924,0.722079,0.691787,-0.895849,0.304238,-0.32377,-0.444219,-0.62223,0.644485,-0.028291,0.009809,-0.005898,-0.099093,0.607895,0.351291,-1.405964,0.038955,0.036362,-0.012669,0.211474,-0.764259,0.60925,0.850072,-0.163804,-0.500543,0.482342,0.623759,0.615035,-0.014138,0.004871,-0.002947,-0.019741,0.240419,0.098905,-0.854951,0.081877,0.022878,-0.053699,-0.676885,0.174677,-0.715061,-0.0031,-0.972102,-0.234534,-0.736081,-0.156536,0.658544,0.00768,0.002093,0.00167,0.004214,-0.029324,0.057345,-0.913793
260,0.090749,0.001879,0.37194,-0.713152,0.004832,-0.701025,0.207625,-0.953624,-0.217864,-0.668681,-0.300935,0.679949,0.002008,0.006691,0.004987,0.000824,-0.012971,0.025722,-1.814895,-0.109618,0.032947,0.335499,-0.006313,0.700731,0.713392,-0.895584,0.313431,-0.315633,-0.444734,-0.641767,0.624667,-0.028474,0.011058,-0.00494,-0.13709,0.798613,0.509636,-1.405762,0.038312,0.036687,-0.01287,0.21421,-0.743356,0.633667,0.852591,-0.174277,-0.492661,0.476656,0.645792,0.596447,-0.014244,0.005574,-0.002418,-0.156204,0.895478,0.599887,-0.850868,0.082058,0.022969,-0.053623,-0.676892,0.17467,-0.715057,-0.003099,-0.972104,-0.234526,-0.736075,-0.156533,0.658551,0.000879,0.002929,0.00218,-0.005653,0.089502,-0.177467,-0.91363
261,0.091164,0.002082,0.372058,-0.715602,0.003895,-0.698529,0.206614,-0.954027,-0.21706,-0.666372,-0.299668,0.68277,0.015049,0.003266,0.002636,0.001065,-0.014369,0.029725,-1.814764,-0.110794,0.03362,0.335052,-0.020282,0.662805,0.748512,-0.890628,0.328224,-0.31462,-0.454154,-0.67385,0.582694,-0.027824,0.008156,-0.007213,-0.248101,1.435391,0.427053,-1.397253,0.037733,0.037027,-0.013086,0.229779,-0.707606,0.668202,0.849262,-0.189551,-0.492771,0.475346,0.680708,0.557388,-0.008442,0.010948,-0.007265,-0.125167,0.931131,0.384558,-0.84499,0.082267,0.023076,-0.05356,-0.679593,0.174306,-0.712579,-0.004232,-0.972276,-0.233796,-0.733576,-0.155871,0.66149,0.007681,0.002168,0.001712,0.002295,-0.035676,0.053039,-0.908404
262,0.091424,0.002192,0.372105,-0.716022,0.002739,-0.698104,0.205976,-0.954612,-0.215084,-0.666119,-0.297809,0.68383,0.015329,0.004246,0.003357,0.001808,-0.027685,0.055276,-1.813656,-0.111294,0.033882,0.334837,-0.006117,0.6408,0.767678,-0.87149,0.373073,-0.318208,-0.490268,-0.671767,0.555185,-0.027618,0.007235,-0.007933,1.273456,1.176654,1.181152,-1.34286,0.037483,0.037159,-0.013193,0.217832,-0.688926,0.691324,0.83549,-0.234508,-0.496953,0.504485,0.685846,0.524508,-0.008293,0.010235,-0.007724,5.045872,-0.31427,3.141494,-0.830457,0.082396,0.023129,-0.053538,-0.680234,0.173225,-0.712232,-0.005008,-0.972749,-0.231803,-0.732977,-0.154114,0.662564,0.007596,0.001896,0.001502,0.003332,-0.02985,0.056254,-0.908568
263,0.092024,0.002429,0.372149,-0.716827,0.000535,-0.697283,0.204728,-0.955731,-0.211276,-0.665637,-0.294211,0.685853,0.015879,0.013733,-0.006429,0.035768,-0.031955,0.045818,-1.814059,-0.112223,0.034186,0.334454,0.038945,0.590689,0.805953,-0.808269,0.492878,-0.322034,-0.587475,-0.639622,0.4956,-0.027182,0.005165,-0.00955,1.733874,1.445482,0.455403,-1.197676,0.037018,0.037311,-0.013383,0.174154,-0.646533,0.742741,0.787228,-0.361706,-0.499439,0.591558,0.671687,0.445976,-0.012611,-0.003305,-0.001038,6.195667,1.511498,1.387805,-0.749628,0.082691,0.023244,-0.053512,-0.681539,0.171199,-0.711473,-0.006564,-0.973639,-0.227996,-0.731751,-0.150718,0.664697,0.007617,0.002009,0.001577,0.003949,-0.029178,0.057133,-0.907588
264,0.092571,0.002663,0.372202,-0.718675,0.001899,-0.695376,0.203819,-0.955468,-0.213333,-0.663922,-0.295058,0.68715,0.01595,0.014074,-0.00619,0.036653,-0.044664,0.071671,-1.813607,-0.112928,0.034278,0.334196,0.060199,0.530875,0.845304,-0.74657,0.586077,-0.31477,-0.662558,-0.612794,0.430538,-0.01252,-0.003823,-0.001494,1.147637,1.505545,0.601694,-1.119837,0.036665,0.037359,-0.013517,0.155144,-0.594331,0.789113,0.740116,-0.459154,-0.491329,0.654337,0.660263,0.368639,-0.000708,0.004506,-0.004769,-0.172337,1.839889,0.100638,-0.698028,0.08297,0.023362,-0.053485,-0.68311,0.172967,-0.709536,-0.007362,-0.97313,-0.230136,-0.730277,-0.151984,0.666028,0.007462,0.001522,0.001209,0.000695,-0.033669,0.052116,-0.903669
265,0.09283,0.002762,0.37219,-0.71915,0.000122,-0.694888,0.203652,-0.95602,-0.211006,-0.663458,-0.293269,0.688363,0.01451,0.001663,0.00141,0.000859,-0.014631,0.029452,-1.813744,-0.113034,0.034208,0.334167,0.056198,0.504698,0.861459,-0.724717,0.614116,-0.312378,-0.686729,-0.60739,0.399178,0.000395,-0.002054,-0.001599,0.258632,1.710853,0.039541,-1.123341,0.036603,0.037322,-0.013532,0.157382,-0.567272,0.808352,0.720031,-0.494291,-0.487062,0.675858,0.658694,0.330661,0.000236,-0.001262,-0.000988,1.354245,1.630221,0.780428,-0.715011,0.083101,0.023419,-0.053491,-0.683945,0.171311,-0.709133,-0.007704,-0.973679,-0.227789,-0.729492,-0.150332,0.667263,0.007337,0.001107,0.000898,0.005645,-0.031253,0.058255,-0.904159
266,0.093263,0.003021,0.372059,-0.719997,-0.002999,-0.694003,0.20327,-0.957015,-0.206824,-0.662657,-0.289987,0.690522,0.014766,0.010145,-0.009099,0.020225,-0.022005,0.033175,-1.812369,-0.113004,0.033754,0.334179,0.029779,0.456612,0.889163,-0.67468,0.665543,-0.319052,-0.737461,-0.59097,0.326755,0.003221,-0.018515,0.002123,4.767545,0.33961,1.733136,-1.180622,0.036616,0.037108,-0.013522,0.185032,-0.519874,0.833962,0.678643,-0.54618,-0.491049,0.710777,0.656823,0.251748,0.008019,-0.008119,0.0012,-0.054767,1.710268,-0.227768,-0.779674,0.083317,0.023546,-0.053552,-0.685488,0.168424,-0.708335,-0.008412,-0.974643,-0.223605,-0.728034,-0.14732,0.669523,0.007428,0.005218,-0.004449,-0.015522,0.000539,0.004135,-0.905139
267,0.093647,0.003412,0.371773,-0.720204,-0.003904,-0.693783,0.20327,-0.957257,-0.2057,-0.662431,-0.289175,0.691079,0.014638,0.009763,-0.009379,0.035746,-0.031872,0.045816,-1.809272,-0.112547,0.032908,0.334228,-0.013942,0.429143,0.903124,-0.658069,0.676105,-0.331301,-0.752729,-0.599473,0.271834,0.016683,-0.019287,8e-06,-0.103561,1.24647,-0.390108,-1.240425,0.036839,0.036682,-0.013499,0.225442,-0.486317,0.844198,0.65864,-0.562416,-0.49988,0.717891,0.668717,0.193516,0.008387,-0.00991,-0.000217,-0.096663,1.389062,-0.291106,-0.852828,0.083509,0.02374,-0.053697,-0.685894,0.167589,-0.70814,-0.008494,-0.974897,-0.222492,-0.727651,-0.146591,0.670099,0.000743,0.006319,-0.003724,0.038916,-0.019945,0.019813,-0.904975
268,0.093999,0.004007,0.371336,-0.720948,-0.007697,-0.692979,0.204127,-0.957904,-0.201802,-0.661358,-0.286943,0.693033,0.001557,0.012927,-0.007218,-0.541233,0.349998,-0.452633,-1.808788,-0.11152,0.031827,0.334332,-0.049646,0.423922,0.904332,-0.660728,0.665078,-0.347913,-0.748841,-0.615319,0.245933,0.032507,-0.033402,0.004003,-0.117431,0.377589,-0.503328,-1.242898,0.037346,0.036152,-0.013445,0.260702,-0.47605,0.839886,0.657424,-0.549546,-0.51555,0.706984,0.686567,0.169699,0.009797,-0.017808,0.001878,-0.142158,0.321689,-0.589247,-0.8445,0.083684,0.02403,-0.053914,-0.686467,0.165994,-0.70796,-0.007639,-0.975188,-0.221244,-0.72712,-0.146469,0.670703,0.001094,0.011306,-0.008416,0.071552,-0.035752,0.034274,-0.900893
269,0.094147,0.004331,0.371099,-0.719264,-0.009628,-0.694703,0.204861,-0.958354,-0.198898,-0.662963,-0.285374,0.692148,0.001585,0.013031,-0.007138,0.011224,-0.11896,-0.035475,-1.809068,-0.110907,0.031075,0.334384,-0.062581,0.427055,0.902053,-0.660941,0.659513,-0.357957,-0.747668,-0.619138,0.239841,0.020384,-0.039261,0.00086,0.995189,1.561998,-2.558598,-1.239805,0.037644,0.035794,-0.013416,0.270577,-0.47774,0.835794,0.656593,-0.543336,-0.523134,0.70404,0.690325,0.166666,0.017656,-0.024546,0.00412,-0.156579,0.341389,-0.583741,-0.833396,0.083763,0.024196,-0.054036,-0.686173,0.161784,-0.709219,-0.007339,-0.976444,-0.215642,-0.727401,-0.142763,0.671197,0.001269,0.011912,-0.007966,0.0472,-0.17274,0.000852,-0.901383
270,0.094435,0.005106,0.370555,-0.720732,-0.015353,-0.693077,0.204486,-0.959949,-0.191457,-0.661483,-0.279703,0.695869,0.002763,0.024673,-0.015282,0.054834,-0.037739,0.045433,-1.808983,-0.109714,0.0295,0.334535,-0.074492,0.430157,0.899671,-0.661214,0.654056,-0.367342,-0.74632,-0.622776,0.234564,0.035149,-0.047194,0.009681,-0.109032,0.019902,-0.05132,-1.224319,0.038263,0.034969,-0.013347,0.28503,-0.479698,0.829847,0.652863,-0.53673,-0.5345,0.701803,0.694125,0.160193,0.017582,-0.023655,0.004776,-0.107981,0.012387,-0.043554,-0.826701,0.083906,0.024577,-0.054307,-0.688967,0.156495,-0.707694,-0.008275,-0.978046,-0.208223,-0.724744,-0.137603,0.675137,0.007868,0.010619,-0.008824,0.022278,-0.016371,0.023331,-0.901056
271,0.094647,0.005862,0.370097,-0.720254,-0.021713,-0.693403,0.204609,-0.961667,-0.182496,-0.661965,-0.273301,0.697951,0.002028,0.014586,-0.005984,0.033267,-0.033554,0.038679,-1.80921,-0.108409,0.027888,0.334805,-0.091406,0.443185,0.891753,-0.655173,0.647644,-0.388894,-0.749739,-0.620353,0.230035,0.02223,-0.048943,0.009784,0.994583,0.752052,-2.378509,-1.160483,0.038895,0.034194,-0.013216,0.299838,-0.487495,0.820027,0.643998,-0.530733,-0.550988,0.703819,0.693304,0.154812,0.0111,-0.024433,0.004905,-0.101137,0.004517,-0.072317,-0.815598,0.084013,0.02496,-0.054539,-0.689769,0.150143,-0.70829,-0.008715,-0.979913,-0.199235,-0.723977,-0.131253,0.677222,0.001315,0.01209,-0.007817,0.070061,0.070349,-0.133761,-0.896811
272,0.094762,0.00617,0.369886,-0.718576,-0.02368,-0.695078,0.205307,-0.962072,-0.179549,-0.663571,-0.271703,0.69705,0.001407,0.012435,-0.00756,0.015581,-0.103897,-0.028036,-1.809058,-0.108,0.027084,0.334901,-0.096648,0.447462,0.88906,-0.654077,0.644758,-0.395479,-0.750032,-0.620295,0.229234,0.020469,-0.03804,0.001621,-0.081577,-0.063499,-0.118345,-1.111872,0.039112,0.033774,-0.013165,0.306524,-0.493751,0.813789,0.639583,-0.526348,-0.560259,0.704964,0.692219,0.154457,0.011173,-0.024662,0.004708,-0.104217,-0.047822,-0.108554,-0.797472,0.084072,0.025118,-0.054641,-0.688521,0.147927,-0.709969,-0.008204,-0.980501,-0.196338,-0.725169,-0.129358,0.676309,0.00075,0.006356,-0.00368,0.0191,-0.112114,-0.026285,-0.901057
273,0.094897,0.006553,0.369629,-0.718411,-0.023782,-0.695244,0.206156,-0.961768,-0.180203,-0.663486,-0.272768,0.696714,0.000103,0.000357,0.000262,-4e-06,-1.8e-05,-9e-06,-1.807066,-0.107524,0.025802,0.335044,-0.09672,0.454571,0.885439,-0.650897,0.644151,-0.401668,-0.752785,-0.615746,0.232455,0.00572,-0.03194,0.008104,-0.074895,0.020869,-0.069225,-0.92493,0.039361,0.033107,-0.013103,0.306552,-0.500415,0.809697,0.635185,-0.526,-0.565564,0.708918,0.687682,0.15661,0.002786,-0.015631,0.004314,-0.064589,0.040653,-0.048367,-0.740157,0.08414,0.025315,-0.054771,-0.688458,0.147911,-0.710033,-0.007315,-0.98035,-0.197129,-0.725239,-0.130522,0.676011,0.000454,0.005336,-0.004426,0.035196,-0.015482,0.01735,-0.901873
274,0.094883,0.006521,0.369569,-0.716421,-0.024475,-0.697272,0.206859,-0.96187,-0.178852,-0.665416,-0.272348,0.695035,-0.000564,-0.001962,-0.001438,-0.026553,-0.119725,-0.061371,-1.807098,-0.107135,0.025651,0.335196,-0.068056,0.456639,0.88704,-0.621309,0.676275,-0.395678,-0.780443,-0.578626,0.236566,-0.000783,0.00378,0.003056,0.027141,-0.111314,0.170754,-0.725702,0.039557,0.033022,-0.013035,0.279168,-0.505998,0.816107,0.610872,-0.562156,-0.557508,0.740877,0.654175,0.152164,0.005946,0.004026,0.002437,0.042717,-0.050692,0.058927,-0.624058,0.084133,0.025299,-0.054802,-0.686581,0.146808,-0.712076,-0.006675,-0.980632,-0.19574,-0.727021,-0.129638,0.674264,-0.000317,-0.001112,-0.000815,-0.02708,-0.121694,-0.062337,-0.902689
275,0.094879,0.006339,0.369573,-0.716533,-0.024992,-0.697138,0.206984,-0.96194,-0.178334,-0.665257,-0.272055,0.695303,-0.000684,-0.002378,-0.001744,-6e-06,-2.6e-05,-1.3e-05,-1.806751,-0.107048,0.026036,0.335348,-0.046337,0.451036,0.891297,-0.623575,0.684016,-0.378432,-0.780253,-0.573891,0.248429,-0.003466,0.018812,-0.001769,-0.065021,-0.136556,0.239765,-0.626709,0.0396,0.033218,-0.01295,0.258062,-0.503544,0.824528,0.61709,-0.570753,-0.541701,0.743373,0.6486,0.163442,-0.000826,0.003973,0.003199,-0.376461,-0.432961,0.730955,-0.629283,0.084131,0.025206,-0.054801,-0.686845,0.146352,-0.711915,-0.006598,-0.980731,-0.195247,-0.726772,-0.129407,0.674576,-0.000363,-0.001264,-0.000928,0.000397,0.001991,0.001051,-0.901383
276,0.094866,0.00629,0.369537,-0.71657,-0.025286,-0.697089,0.207169,-0.961935,-0.178142,-0.66516,-0.272044,0.695401,-0.00064,-0.002226,-0.001634,-0.0,-0.0,-0.0,-1.805803,-0.107108,0.026342,0.335429,-0.030902,0.448159,0.893415,-0.619364,0.692983,-0.368912,-0.784377,-0.565311,0.255026,-0.004016,0.021463,0.000354,0.013919,0.074338,-0.105164,-0.593118,0.03957,0.03337,-0.01291,0.242698,-0.502734,0.829671,0.615848,-0.58096,-0.532179,0.749551,0.640111,0.16861,-0.001159,0.005583,0.004491,-0.024249,-0.045628,0.069335,-0.642346,0.084124,0.025182,-0.054819,-0.686959,0.146079,-0.711861,-0.006424,-0.980769,-0.19506,-0.726667,-0.129425,0.674687,-0.000396,-0.001377,-0.001012,3.5e-05,0.000289,0.000171,-0.90122
277,0.094834,0.006283,0.369382,-0.716539,-0.025444,-0.697115,0.207489,-0.961848,-0.17824,-0.665093,-0.272336,0.69535,0.000198,0.008241,-0.010633,0.034768,-0.017305,0.01623,-1.805715,-0.107231,0.027184,0.335657,-0.010493,0.44314,0.896386,-0.61647,0.702961,-0.354606,-0.787215,-0.556871,0.26467,0.008017,0.02858,0.004424,0.011721,-0.08663,0.156677,-0.491619,0.039505,0.033784,-0.012801,0.223204,-0.500676,0.836362,0.616546,-0.592063,-0.518971,0.755016,0.631493,0.176539,0.003912,0.014746,0.002578,-0.338601,-0.473727,0.810039,-0.670269,0.084107,0.025176,-0.054898,-0.686965,0.145919,-0.711888,-0.006093,-0.980754,-0.19515,-0.726664,-0.129724,0.674633,9.9e-05,0.00411,-0.005326,0.034754,-0.01732,0.016251,-0.901383
278,0.094823,0.006315,0.369255,-0.716489,-0.025451,-0.697166,0.207712,-0.961763,-0.178435,-0.665077,-0.272634,0.695249,-0.000214,-0.000743,-0.000546,-0.0,-0.0,-0.0,-1.805038,-0.107108,0.028039,0.336027,-0.003675,0.43788,0.899021,-0.617709,0.70602,-0.346274,-0.786313,-0.557155,0.266746,0.0095,0.019119,0.013641,0.022199,-0.146151,0.249006,-0.187335,0.039564,0.034224,-0.012612,0.216454,-0.496301,0.840733,0.619669,-0.595607,-0.511137,0.754424,0.631614,0.178621,0.00475,0.00954,0.006804,0.000512,-0.055363,0.06288,-0.531799,0.084102,0.025191,-0.054963,-0.686917,0.145902,-0.711938,-0.005852,-0.980718,-0.195339,-0.726711,-0.130016,0.674526,-0.000108,-0.000379,-0.000278,-1.5e-05,-1e-06,1.2e-05,-0.901873
279,0.094823,0.006365,0.369179,-0.716479,-0.025669,-0.697169,0.208015,-0.961696,-0.178443,-0.664994,-0.272849,0.695244,-0.000203,-0.000707,-0.00052,-0.0,-0.0,-0.0,-1.804274,-0.106997,0.028437,0.336245,0.001815,0.433117,0.901331,-0.619296,0.708189,-0.338932,-0.785076,-0.558119,0.268369,-0.003335,0.015968,0.012674,0.026644,0.330734,0.276237,-0.028134,0.039623,0.034428,-0.0125,0.21014,-0.49425,0.843538,0.622696,-0.597501,-0.505214,0.753717,0.631434,0.182209,0.004825,0.009107,0.006438,0.100099,0.575254,0.458104,-0.38843,0.084102,0.025216,-0.055,-0.686955,0.145687,-0.711945,-0.005543,-0.980719,-0.19534,-0.726677,-0.130244,0.674518,0.000314,0.00486,-0.004774,0.034754,-0.01732,0.016238,-0.9022
280,0.094821,0.006541,0.368896,-0.716327,-0.025565,-0.697328,0.208552,-0.961465,-0.179061,-0.664989,-0.273672,0.694925,3.5e-05,0.007672,-0.011049,0.034761,-0.017333,0.016215,-1.803975,-0.106994,0.029102,0.336704,0.016517,0.422339,0.906282,-0.624382,0.712318,-0.320443,-0.780882,-0.561103,0.274316,-0.003109,0.014863,0.011729,-0.014377,0.177773,0.226641,0.1474,0.039624,0.034763,-0.012267,0.195827,-0.484605,0.85253,0.631534,-0.60276,-0.487692,0.75021,0.633906,0.188008,-0.001667,0.007939,0.006265,-0.066224,0.173477,0.466545,-0.108223,0.084101,0.025305,-0.055135,-0.68679,0.145745,-0.712093,-0.004963,-0.980608,-0.195915,-0.726838,-0.131019,0.674195,-5.8e-05,0.003559,-0.005726,0.034024,-0.004032,-0.009314,-0.903016
281,0.094817,0.006786,0.3685,-0.714109,-0.025939,-0.699586,0.209837,-0.961267,-0.178627,-0.666967,-0.274334,0.692764,-0.013377,0.009456,-0.009898,0.032916,0.010141,-0.039173,-1.804593,-0.107117,0.02965,0.337049,0.01773,0.419042,0.907789,-0.644421,0.698991,-0.309946,-0.764403,-0.580028,0.281279,-0.002243,0.010731,0.008429,-0.068634,-0.036612,0.070196,0.235384,0.039562,0.035043,-0.01209,0.194816,-0.481146,0.854718,0.651693,-0.58776,-0.479408,0.733036,0.650411,0.199055,-0.001127,0.00537,0.00422,-0.240718,-0.093025,0.187769,0.053435,0.084104,0.025427,-0.055333,-0.684578,0.144937,-0.714384,-0.003688,-0.980709,-0.195436,-0.728929,-0.131156,0.671907,5e-05,0.003929,-0.005455,0.036577,-0.008995,0.020593,-0.901383
282,0.09479,0.00702,0.368108,-0.714026,-0.021453,-0.699823,0.204806,-0.962181,-0.179542,-0.668617,-0.271507,0.692288,-8.5e-05,0.007253,-0.011353,0.034748,-0.017383,0.01619,-1.80406,-0.107223,0.030215,0.337068,0.009727,0.415548,0.909515,-0.684357,0.665949,-0.29682,-0.72901,-0.620064,0.289705,-0.003082,0.01687,-0.003448,-5.002915,1.619753,-1.554951,0.302521,0.039508,0.035325,-0.012075,0.20009,-0.477046,0.855798,0.686106,-0.555324,-0.46997,0.699443,0.681205,0.216189,-0.001435,0.007924,-0.002125,-0.003519,0.008281,0.016918,0.167412,0.084086,0.025543,-0.05553,-0.683572,0.149297,-0.71445,-0.008778,-0.980466,-0.196488,-0.72983,-0.128043,0.671529,-0.000116,0.00335,-0.005881,0.03417,-0.003821,-0.009349,-0.899913
283,0.094787,0.007131,0.367915,-0.71193,-0.022039,-0.701937,0.205778,-0.962154,-0.178573,-0.670551,-0.271555,0.690396,5.9e-05,0.007751,-0.010985,0.028581,-0.045059,0.001846,-1.804174,-0.10736,0.030543,0.336896,0.010679,0.413,0.910664,-0.702629,0.651095,-0.286916,-0.711403,-0.637309,0.295982,-0.016983,0.021422,-0.014999,-1.059476,-1.300019,2.172061,0.324016,0.039445,0.035486,-0.012152,0.204065,-0.47474,0.856141,0.706254,-0.534212,-0.464565,0.677909,0.699456,0.226273,-0.002047,0.011927,-0.007318,-0.054512,0.041814,-0.011606,0.205785,0.084083,0.025594,-0.055623,-0.681396,0.148164,-0.71676,-0.007796,-0.980709,-0.195315,-0.731873,-0.1275,0.669406,-0.000541,-0.001893,-0.001396,-0.002702,0.004856,-0.029834,-0.901057
284,0.094772,0.007293,0.367558,-0.709758,-0.022615,-0.704115,0.207036,-0.962013,-0.177872,-0.672464,-0.272003,0.688356,-0.000292,0.006533,-0.011883,0.033282,-0.007351,-0.011065,-1.804195,-0.107691,0.031344,0.336162,0.00824,0.417672,0.908556,-0.735934,0.617675,-0.277151,-0.676926,-0.666872,0.311313,-0.017584,0.026508,-0.027631,0.046223,-0.132049,-0.081826,0.371099,0.039279,0.03589,-0.012517,0.204018,-0.478777,0.853901,0.738195,-0.497663,-0.45541,0.642995,0.723258,0.251898,-0.002355,0.014513,-0.013596,-0.072406,-0.064008,-0.20492,0.270938,0.084077,0.025681,-0.055804,-0.679419,0.147234,-0.718826,-0.006578,-0.980843,-0.194685,-0.73372,-0.127544,0.667372,-0.00044,-0.001548,-0.001144,0.003554,0.016139,0.008448,-0.902199
285,0.094675,0.007578,0.367191,-0.710083,-0.024464,-0.703726,0.207646,-0.962199,-0.176147,-0.671932,-0.271182,0.689198,-0.000619,-0.002143,-0.001585,-0.0,-1e-06,-0.0,-1.804592,-0.107986,0.032554,0.335012,0.008145,0.424774,0.905258,-0.771711,0.578384,-0.264325,-0.635841,-0.696971,0.331362,-0.004517,0.028016,-0.027923,-0.385835,-0.445144,-0.472819,0.413046,0.03913,0.036473,-0.013083,0.203872,-0.483395,0.851331,0.770465,-0.457282,-0.444156,0.604002,0.746472,0.279212,-0.002324,0.014336,-0.013624,-4.99259,1.282316,-1.58824,0.329723,0.084028,0.025824,-0.055993,-0.680291,0.145554,-0.718343,-0.006079,-0.981169,-0.193052,-0.732916,-0.126965,0.668365,-0.006496,0.005367,-0.004474,0.033909,0.010616,-0.038047,-0.90122
286,0.094613,0.007746,0.367026,-0.708649,-0.022783,-0.705225,0.202738,-0.963876,-0.172659,-0.674936,-0.26531,0.688549,0.00036,0.008788,-0.010211,-0.023664,-0.201521,-0.098181,-1.80415,-0.108059,0.033253,0.334384,0.002924,0.42598,0.904723,-0.796613,0.547889,-0.255266,-0.604396,-0.720494,0.339791,-0.006408,0.039195,-0.035736,-0.434413,-0.165933,-0.033511,0.438607,0.039092,0.036832,-0.013408,0.20944,-0.486034,0.848472,0.793319,-0.422816,-0.438029,0.571645,0.76485,0.297026,-0.003216,0.019746,-0.017752,-1.815046,-0.232492,0.05766,0.360258,0.083996,0.025904,-0.056072,-0.678847,0.147052,-0.719403,-0.011438,-0.98174,-0.189883,-0.73419,-0.120673,0.668133,0.000169,0.004332,-0.00515,-0.082379,-0.267061,-0.207605,-0.901383
287,0.094574,0.007954,0.366741,-0.706494,-0.023486,-0.707361,0.204006,-0.963757,-0.171832,-0.676811,-0.265683,0.686562,-0.000792,-0.002738,-0.002028,-0.006229,0.103142,-0.202955,-1.805427,-0.108158,0.034576,0.332943,0.007254,0.429207,0.903173,-0.834037,0.500864,-0.231196,-0.551574,-0.75213,0.360457,-0.005061,0.032691,-0.040767,-0.186493,-0.646341,1.009459,0.491053,0.03904,0.037502,-0.014122,0.206334,-0.489779,0.847078,0.828859,-0.372595,-0.41733,0.520017,0.788218,0.329079,-0.001422,0.010091,-0.017006,-1.058326,-1.394926,2.293575,0.431126,0.083978,0.026014,-0.056217,-0.676346,0.145715,-0.722026,-0.010051,-0.981971,-0.18876,-0.736514,-0.12041,0.665617,-0.000384,-0.001346,-0.000996,-0.00152,0.123393,-0.192305,-0.90122
288,0.094506,0.00797,0.366589,-0.706487,-0.02385,-0.707355,0.204474,-0.963662,-0.171805,-0.676676,-0.265993,0.686574,-0.000753,-0.0026,-0.001928,-0.0,-1e-06,-0.0,-1.805061,-0.10823,0.035148,0.331323,0.043799,0.428373,0.902535,-0.842171,0.5018,-0.197174,-0.537379,-0.751981,0.381591,-0.000107,0.006828,-0.044628,0.147301,-0.304407,0.489052,0.512823,0.039,0.03781,-0.014921,0.16965,-0.493192,0.853217,0.843392,-0.375211,-0.384584,0.509811,0.784842,0.3523,0.001079,-0.002948,-0.019028,0.133587,-0.405168,0.632017,0.483052,0.083944,0.026022,-0.056293,-0.676557,0.145429,-0.721887,-0.009605,-0.981964,-0.18882,-0.736327,-0.120814,0.665752,-0.007026,-0.000236,-0.000265,-0.001519,0.028638,-0.054838,-0.901873
289,0.094369,0.007895,0.366532,-0.706561,-0.024413,-0.707263,0.204825,-0.963654,-0.171433,-0.676493,-0.265971,0.686763,-0.000847,-0.002922,-0.002168,-0.000691,0.01349,-0.025458,-1.805951,-0.10806,0.034452,0.329523,0.095862,0.427439,0.898943,-0.841038,0.517811,-0.1564,-0.532423,-0.741579,0.407982,0.007568,-0.034129,-0.044344,0.089507,-0.626207,0.944848,0.518192,0.03908,0.037485,-0.015815,0.118464,-0.498576,0.858712,0.851392,-0.394025,-0.346229,0.510976,0.772117,0.377806,0.003039,-0.012332,-0.026744,0.032696,-0.615264,0.937397,0.50673,0.083876,0.025985,-0.056321,-0.676751,0.144915,-0.721808,-0.009282,-0.982037,-0.188457,-0.736153,-0.120839,0.66594,-0.000256,-0.000889,-0.000657,-0.00471,0.093146,-0.175721,-0.90073
290,0.094269,0.00787,0.366525,-0.706608,-0.024752,-0.707203,0.205018,-0.963656,-0.171192,-0.676385,-0.265932,0.686884,-0.000524,-0.001806,-0.001341,-0.0,-0.0,-0.0,-1.805706,-0.107908,0.03367,0.328575,0.122678,0.424103,0.897262,-0.838511,0.527899,-0.134745,-0.530932,-0.736356,0.419229,0.008945,-0.040692,-0.050039,0.129001,-0.526033,1.135524,0.51486,0.03916,0.037078,-0.016308,0.090773,-0.498777,0.861963,0.853972,-0.406301,-0.325038,0.512338,0.765598,0.389061,0.004661,-0.021135,-0.025654,0.136473,-0.495551,1.147355,0.509179,0.083825,0.02597,-0.056326,-0.676881,0.144573,-0.721754,-0.009087,-0.982089,-0.188198,-0.736035,-0.120829,0.666071,-0.00691,0.000196,5.7e-05,-0.000964,0.014723,-0.029591,-0.90073
291,0.094003,0.007847,0.366518,-0.706694,-0.025419,-0.707094,0.205416,-0.963653,-0.170732,-0.676175,-0.26588,0.687111,-0.000406,-0.001393,-0.001035,-0.0,-0.0,-0.0,-1.805373,-0.107431,0.031427,0.326523,0.17005,0.422205,0.890403,-0.831173,0.54681,-0.100415,-0.52946,-0.723525,0.442771,0.013788,-0.065838,-0.05488,0.094458,-0.645189,0.961267,0.493564,0.039398,0.035956,-0.017334,0.043113,-0.50226,0.863641,0.85515,-0.428422,-0.291843,0.516584,0.751125,0.411036,0.00707,-0.033647,-0.028038,0.096013,-0.647589,0.959491,0.495626,0.083692,0.025958,-0.05633,-0.677115,0.143938,-0.721661,-0.008709,-0.982182,-0.187729,-0.735824,-0.12083,0.666304,-0.000199,-0.000687,-0.000505,1.1e-05,1.2e-05,-2.2e-05,-0.902363
292,0.093766,0.007812,0.366514,-0.706798,-0.026174,-0.706964,0.205849,-0.963655,-0.170199,-0.675936,-0.265799,0.687378,-0.013519,0.001452,0.000889,-0.000984,0.014715,-0.029553,-1.804991,-0.106885,0.028565,0.324331,0.199167,0.419946,0.885421,-0.822402,0.562927,-0.081869,-0.533028,-0.712385,0.456347,0.014658,-0.06985,-0.059773,0.081039,-0.530693,0.792085,0.463993,0.039668,0.034538,-0.018418,0.014317,-0.503348,0.863965,0.851735,-0.446478,-0.274234,0.523776,0.739795,0.422327,0.008389,-0.040948,-0.026342,0.04741,-0.521201,0.767405,0.46656,0.083578,0.02594,-0.056333,-0.677378,0.143246,-0.721552,-0.008313,-0.982285,-0.187203,-0.735587,-0.120809,0.666569,-0.00019,-0.000647,-0.000476,1.1e-05,5e-06,-5e-06,-0.904322
293,0.093678,0.007801,0.366492,-0.706829,-0.026459,-0.706922,0.206046,-0.963644,-0.170026,-0.675843,-0.265813,0.687464,-0.000614,-0.0021,-0.001561,-0.00069,0.013488,-0.025459,-1.805759,-0.106638,0.02719,0.32323,0.212951,0.41875,0.882776,-0.818661,0.569614,-0.072586,-0.533475,-0.707754,0.462983,0.015911,-0.077943,-0.050074,0.025671,-0.417434,0.612157,0.432282,0.0398,0.033814,-0.019,-0.000543,-0.503762,0.863842,0.850507,-0.454581,-0.264562,0.525963,0.73456,0.4287,0.007986,-0.038999,-0.025059,0.024393,-0.420073,0.615355,0.437004,0.08353,0.025938,-0.056341,-0.677474,0.142971,-0.721518,-0.008121,-0.982321,-0.187025,-0.735502,-0.120845,0.666658,-0.000114,-0.000387,-0.000282,3e-06,1.3e-05,-5e-06,-0.905302
