frame,MLTx,MLTy,MLTz,MLTR1,MLTR2,MLTR3,MLTR4,MLTR5,MLTR6,MLTR7,MLTR8,MLTR9,MLTTVx,MLTTVy,MLTTVz,MLTRVx,MLTRVy,MLTRVz,MLGA,MRTx,MRTy,MRTz,MRTR1,MRTR2,MRTR3,MRTR4,MRTR5,MRTR6,MRTR7,MRTR8,MRTR9,MRTTVx,MRTTVy,MRTTVz,MRTRVx,MRTRVy,MRTRVz,MRGA,SLTx,SLTy,SLTz,SLTR1,SLTR2,SLTR3,SLTR4,SLTR5,SLTR6,SLTR7,SLTR8,SLTR9,SLTTVx,SLTTVy,SLTTVz,SLTRVx,SLTRVy,SLTRVz,SLGA,SRTx,SRTy,SRTz,SRTR1,SRTR2,SRTR3,SRTR4,SRTR5,SRTR6,SRTR7,SRTR8,SRTR9,SRTTVx,SRTTVy,SRTTVz,SRTRVx,SRTRVy,SRTRVz,SRGA
553,0.088157,0.003338,0.370941,-0.337757,0.686954,-0.643474,-0.907806,-0.418291,0.029868,-0.248229,0.593383,0.765706,3.1e-05,0.000102,7.6e-05,0.0,0.0,0.0,0.448245,-0.10228,0.015676,0.344113,0.904804,0.396287,0.155815,-0.349119,0.481274,0.804005,0.24248,-0.782351,0.57358,0.013047,0.003325,0.001024,0.263796,-0.101927,-0.129374,-1.402898,0.04288,0.025779,-0.00949,-0.886495,-0.427466,0.177192,0.397509,-0.50747,0.764499,-0.236878,0.748161,0.619792,0.013154,0.002829,0.000613,0.445073,-0.056117,-0.288611,-0.832743,0.08127,0.026179,-0.055701,-0.415838,0.669687,-0.615302,-0.829614,-0.556517,-0.045031,-0.372583,0.491738,0.787003,1.8e-05,6e-05,4.3e-05,-1e-06,6e-06,3e-06,0.414739
554,0.088143,0.00331,0.370958,-0.337843,0.686957,-0.643426,-0.9078,-0.418297,0.029978,-0.248136,0.593374,0.765743,-4e-06,-1.2e-05,-9e-06,0.0,0.0,0.0,0.448188,-0.101256,0.015577,0.344257,0.906005,0.391933,0.159796,-0.350404,0.483192,0.802295,0.236085,-0.783356,0.574874,0.029058,-0.009131,0.006419,0.47205,-0.274133,-0.149754,-1.402796,0.043386,0.025735,-0.009419,-0.887944,-0.422644,0.181454,0.398001,-0.508294,0.763695,-0.230539,0.750338,0.61955,0.008035,-0.006373,0.00257,-0.03936,0.002312,-0.014358,-0.829804,0.081263,0.026165,-0.055693,-0.415924,0.669674,-0.615258,-0.829611,-0.55653,-0.04492,-0.372491,0.491742,0.787044,-2e-06,-3e-06,-2e-06,3e-06,4e-06,4e-06,0.414412
555,0.088154,0.003299,0.370975,-0.337829,0.686968,-0.643422,-0.907818,-0.418255,0.030006,-0.248088,0.593392,0.765745,1.2e-05,3.8e-05,2.9e-05,0.0,0.0,0.0,0.447904,-0.100277,0.015162,0.344222,0.907023,0.387618,0.164476,-0.352207,0.48476,0.800557,0.229429,-0.784528,0.575969,0.03054,-0.015501,0.001247,0.156328,-0.104756,-0.057937,-1.403074,0.043875,0.025532,-0.009433,-0.888383,-0.419607,0.186294,0.400827,-0.511034,0.760381,-0.223858,0.750182,0.622184,0.0078,-0.00401,-0.004095,0.290476,-0.126547,-0.086879,-0.83209,0.081268,0.026159,-0.055684,-0.415912,0.669686,-0.615253,-0.829637,-0.556494,-0.044891,-0.372447,0.491766,0.78705,3e-06,1.5e-05,1.1e-05,-1e-05,-5e-06,-2e-06,0.414086
556,0.088156,0.003306,0.37098,-0.337809,0.68697,-0.64343,-0.907824,-0.418242,0.029993,-0.248092,0.593398,0.765738,6e-05,0.000195,0.000146,0.0,0.0,0.0,0.447697,-0.099865,0.014928,0.344104,0.9066,0.387419,0.167259,-0.354214,0.483671,0.80033,0.228016,-0.785299,0.575481,0.017916,-0.020677,-0.001286,-0.035285,0.017194,-0.042673,-1.403232,0.044085,0.025417,-0.009491,-0.887628,-0.419991,0.189005,0.403165,-0.510176,0.759722,-0.222651,0.750551,0.622173,0.007963,-0.004678,-0.004646,-0.016121,-0.000462,0.006921,-0.83111,0.081269,0.026163,-0.055681,-0.415893,0.669692,-0.61526,-0.829645,-0.556481,-0.044903,-0.372452,0.491773,0.787044,3.4e-05,0.000119,9.1e-05,-1e-05,-7e-06,-1e-06,0.413923
557,0.088153,0.003284,0.370989,-0.33772,0.686989,-0.643457,-0.907867,-0.418152,0.029973,-0.248059,0.59344,0.765717,-5.1e-05,-0.000165,-0.000124,0.0,0.0,0.0,0.447577,-0.099128,0.014565,0.343702,0.906011,0.388766,0.167323,-0.355629,0.485322,0.798702,0.228155,-0.783613,0.577718,0.016113,-0.009977,-0.009829,0.000397,-0.000948,0.004252,-1.402938,0.044456,0.025224,-0.009695,-0.886987,-0.421345,0.188999,0.404543,-0.511592,0.758035,-0.222704,0.748826,0.624229,0.008148,-0.005377,-0.005244,-0.010123,0.015204,-0.01941,-0.832743,0.081267,0.026152,-0.055677,-0.415807,0.669726,-0.61528,-0.8297,-0.556397,-0.04492,-0.372425,0.491821,0.787026,-3.3e-05,-0.000107,-8.1e-05,-1e-06,2e-06,4e-06,0.414086
558,0.088139,0.003247,0.371024,-0.33374,0.688988,-0.643395,-0.910331,-0.412748,0.030126,-0.244396,0.5949,0.765762,-0.000893,-0.010383,0.009091,-0.034688,0.017592,-0.016093,0.447182,-0.098457,0.014399,0.343218,0.905599,0.388408,0.170359,-0.357913,0.484779,0.798011,0.22622,-0.784127,0.577783,0.013832,0.002709,-0.016738,0.036011,-0.005524,0.025645,-1.403255,0.044793,0.025133,-0.009938,-0.886448,-0.421094,0.192065,0.40677,-0.510869,0.75733,-0.220787,0.749461,0.624148,0.006959,0.001194,-0.008511,0.035867,-0.006789,0.027737,-0.834539,0.081261,0.026137,-0.055663,-0.412176,0.672326,-0.614888,-0.833009,-0.551459,-0.044584,-0.369061,0.493832,0.787352,1e-06,2e-06,2e-06,0.000243,-0.000246,-7.1e-05,0.413433
559,0.088136,0.003192,0.371084,-0.333834,0.689013,-0.64332,-0.910356,-0.412678,0.030335,-0.244175,0.594919,0.765818,4.3e-05,0.000141,0.000105,0.0,0.0,0.0,0.446389,-0.097837,0.014496,0.342714,0.907235,0.38367,0.172378,-0.355296,0.480116,0.801989,0.223788,-0.789307,0.571644,0.012847,0.007072,-0.013189,-0.40763,0.198689,0.215607,-1.40386,0.045105,0.025174,-0.010195,-0.887602,-0.417596,0.194355,0.405271,-0.50751,0.760386,-0.218897,0.753688,0.619707,0.006528,0.003119,-0.006947,-0.450988,0.244088,0.217811,-0.835356,0.081259,0.026105,-0.055629,-0.412293,0.672327,-0.614808,-0.833055,-0.551409,-0.044346,-0.368826,0.493886,0.787427,-0.000422,-0.005104,0.004612,-0.034606,0.017581,-0.016202,0.41278
560,0.088122,0.003147,0.371126,-0.333805,0.689042,-0.643304,-0.910406,-0.41256,0.030427,-0.244028,0.594967,0.765827,1e-06,2e-06,2e-06,0.0,0.0,0.0,0.447545,-0.097522,0.014618,0.3425,0.906964,0.383318,0.17457,-0.356947,0.479903,0.801384,0.222259,-0.789607,0.571825,0.014471,-0.002489,-0.003788,-0.019775,0.1021,-0.164777,-1.403528,0.045257,0.025236,-0.010301,-0.887843,-0.416103,0.19645,0.405596,-0.506053,0.761184,-0.217316,0.755492,0.618065,0.006247,0.004345,-0.005944,0.060647,-0.008948,0.026313,-0.835029,0.081252,0.026083,-0.055608,-0.412271,0.672358,-0.614789,-0.833126,-0.55131,-0.044249,-0.368691,0.493954,0.787448,-3e-06,-5e-06,-5e-06,5.9e-05,-9e-06,-9.4e-05,0.413106
561,0.088111,0.003039,0.37121,-0.333873,0.689092,-0.643215,-0.910473,-0.412391,0.030711,-0.243686,0.595026,0.76589,-9.8e-05,-0.000317,-0.000237,0.0,0.0,0.0,0.449984,-0.097079,0.014675,0.342283,0.907301,0.381553,0.176675,-0.357133,0.477959,0.802461,0.220588,-0.791637,0.569662,0.000894,-0.003833,-0.003157,-0.00271,0.014828,-0.02457,-1.403283,0.045482,0.025272,-0.010411,-0.888101,-0.414463,0.198733,0.405902,-0.504288,0.762191,-0.215681,0.757569,0.616091,0.000388,-0.00164,-0.001359,0.010669,-0.00232,-0.001282,-0.835682,0.081247,0.02603,-0.055566,-0.412352,0.672389,-0.614701,-0.833229,-0.551177,-0.043959,-0.368367,0.494061,0.787533,-0.000511,-0.005397,0.004393,-0.034642,0.017597,-0.016148,0.414412
562,0.088132,0.002948,0.371269,-0.333691,0.689155,-0.643242,-0.910598,-0.412109,0.030779,-0.243467,0.595148,0.765865,-0.000891,-0.010378,0.009098,-0.034694,0.017571,-0.016103,0.451032,-0.096896,0.014583,0.342341,0.906797,0.381379,0.179611,-0.359278,0.476736,0.802232,0.219178,-0.792459,0.569064,-0.000279,0.001195,0.000985,-0.014237,0.100105,-0.171249,-1.403737,0.04558,0.02522,-0.010387,-0.88745,-0.414452,0.201646,0.408046,-0.503062,0.761857,-0.214313,0.758391,0.615558,-0.000195,0.000837,0.000685,-0.014122,0.099355,-0.171253,-0.835846,0.081257,0.025987,-0.055541,-0.412169,0.672481,-0.614724,-0.833394,-0.550931,-0.043908,-0.368198,0.49421,0.787518,0.006636,-0.001361,-0.000896,0.001012,-0.014715,0.02951,0.416862
563,0.08814,0.002923,0.371288,-0.333711,0.689166,-0.643219,-0.910612,-0.412073,0.030847,-0.243387,0.59516,0.765881,-0.0,-0.0,-0.0,0.0,0.0,0.0,0.451545,-0.096894,0.014561,0.342401,0.905626,0.382615,0.182861,-0.363061,0.477177,0.800264,0.217789,-0.791598,0.570792,-0.000397,0.001699,0.001399,0.016636,-0.008133,-0.006156,-1.40354,0.045581,0.02521,-0.010356,-0.886063,-0.415871,0.204799,0.411868,-0.50351,0.759501,-0.212736,0.757316,0.617426,-0.000258,0.0011,0.000903,-0.010113,-0.021052,0.023599,-0.835845,0.081261,0.025971,-0.055527,-0.412206,0.672487,-0.614692,-0.833421,-0.550897,-0.04381,-0.368095,0.494239,0.787548,-0.0,7e-06,6e-06,1.5e-05,-1.1e-05,-4.8e-05,0.417515
564,0.088168,0.002877,0.37133,-0.333571,0.689208,-0.643248,-0.910698,-0.411884,0.030868,-0.243262,0.595243,0.765856,2.3e-05,7.3e-05,5.5e-05,0.0,0.0,0.0,0.450973,-0.097011,0.014516,0.342445,0.903765,0.385283,0.186432,-0.368467,0.479154,0.796603,0.216443,-0.789108,0.574738,-0.013287,-0.002653,-0.000433,0.012221,0.00822,-0.034529,-1.403453,0.045526,0.025195,-0.010329,-0.883945,-0.418726,0.208105,0.417167,-0.505177,0.755491,-0.211214,0.754628,0.621228,-8e-06,2.6e-05,2.3e-05,-0.019828,-0.001857,-0.001222,-0.836989,0.081275,0.025948,-0.055506,-0.412073,0.672551,-0.61471,-0.833536,-0.550726,-0.043783,-0.367984,0.494342,0.787536,1.2e-05,4.2e-05,3.2e-05,1.1e-05,1e-06,-3.8e-05,0.418005
565,0.088168,0.00286,0.371355,-0.329506,0.691182,-0.643225,-0.913134,-0.406449,0.030938,-0.239652,0.596684,0.765873,0.000259,0.00084,0.000628,-0.000777,3.7e-05,0.000926,0.450495,-0.097352,0.014413,0.342393,0.901988,0.384647,0.196101,-0.375709,0.475947,0.795142,0.211373,-0.791356,0.573533,0.000148,-0.000636,-0.000523,-0.030867,1.621898,-2.236783,-1.402945,0.045351,0.025142,-0.010355,-0.881953,-0.418465,0.216894,0.423548,-0.501744,0.754227,-0.206793,0.757059,0.619756,7.6e-05,-0.000335,-0.000265,-0.031534,1.619058,-2.235413,-0.836825,0.081274,0.025938,-0.055495,-0.408372,0.675144,-0.614338,-0.836822,-0.545743,-0.043494,-0.364635,0.496331,0.787842,0.000173,0.000564,0.000421,-0.002003,-0.000892,0.00322,0.417842
566,0.088156,0.002839,0.371377,-0.329572,0.691188,-0.643184,-0.913133,-0.406443,0.031036,-0.239563,0.596681,0.765903,0.0,0.0,0.0,-0.0,0.0,0.0,0.448638,-0.09742,0.014351,0.34234,0.905278,0.370512,0.207808,-0.378582,0.482236,0.789974,0.191337,-0.79427,0.576531,0.000363,-0.001566,-0.00129,0.31042,-0.10857,-0.175595,-1.402882,0.045316,0.025113,-0.01038,-0.885211,-0.404147,0.230361,0.426345,-0.506739,0.749295,-0.186093,0.761498,0.620877,0.000234,-0.000997,-0.000816,0.529159,-0.064442,-0.369693,-0.833396,0.081269,0.025929,-0.055482,-0.408437,0.675132,-0.614308,-0.836824,-0.545748,-0.043401,-0.364559,0.496342,0.787871,-2e-06,-6e-06,-5e-06,0.000118,-1.1e-05,-0.000143,0.416862
567,0.088134,0.00282,0.3714,-0.32966,0.691192,-0.643135,-0.913126,-0.406451,0.031149,-0.23947,0.596671,0.76594,0.0,0.0,0.0,0.0,0.0,0.0,0.448539,-0.097334,0.014341,0.342321,0.910137,0.353655,0.215802,-0.375918,0.486547,0.788601,0.172744,-0.799289,0.575464,0.000289,-0.001243,-0.001025,0.014154,0.037042,0.01866,-1.402994,0.045359,0.025106,-0.010391,-0.889755,-0.388627,0.239382,0.4245,-0.51183,0.746879,-0.167735,0.766157,0.620376,0.000157,-0.00064,-0.000523,-0.00789,0.031226,0.0348,-0.823762,0.081258,0.02592,-0.055471,-0.408529,0.675117,-0.614263,-0.836818,-0.545765,-0.043289,-0.364469,0.496342,0.787912,-1e-06,-3e-06,-2e-06,9e-05,-6e-06,-0.000123,0.416209
568,0.088096,0.002794,0.371469,-0.329654,0.691223,-0.643105,-0.913175,-0.406332,0.031274,-0.239294,0.596716,0.76596,0.000126,0.000407,0.000304,0.005569,-0.089917,0.177319,0.447958,-0.097189,0.014338,0.342339,0.913162,0.337676,0.228256,-0.377736,0.4914,0.784714,0.15166,-0.803202,0.575959,0.0,-1e-06,-1e-06,0.020492,-0.102757,0.168476,-1.402936,0.045432,0.025104,-0.010383,-0.892584,-0.373339,0.252805,0.426347,-0.516437,0.742643,-0.146699,0.770655,0.620136,-1e-06,3.2e-05,2.6e-05,-0.018403,-0.005148,0.009173,-0.814618,0.081239,0.025906,-0.055437,-0.408668,0.675105,-0.614184,-0.836835,-0.545756,-0.043073,-0.364274,0.496369,0.787985,7.7e-05,0.000251,0.000188,5.9e-05,1.2e-05,-8.6e-05,0.415392
569,0.088136,0.002736,0.37154,-0.329493,0.691279,-0.643127,-0.913285,-0.406079,0.031337,-0.239095,0.596823,0.765939,1.3e-05,4.2e-05,3.2e-05,0.0,0.0,0.0,0.447922,-0.096974,0.014404,0.342351,0.914253,0.32729,0.238777,-0.380977,0.494774,0.781018,0.136324,-0.805414,0.576704,-0.000138,0.000593,0.000489,0.119817,0.432174,0.226366,-1.403097,0.045535,0.025135,-0.010378,-0.892938,-0.365098,0.263371,0.430063,-0.518889,0.738782,-0.133067,0.772953,0.620351,0.006313,0.001957,0.000649,1.288208,4.845606,2.493916,-0.815924,0.081259,0.025879,-0.0554,-0.408384,0.675225,-0.614242,-0.837038,-0.545444,-0.043086,-0.364128,0.496549,0.78794,0.0,2e-06,2e-06,3.7e-05,1e-05,-6.4e-05,0.414902
570,0.088153,0.002701,0.371565,-0.329504,0.691296,-0.643104,-0.913308,-0.406021,0.031418,-0.238992,0.596843,0.765955,0.0,1e-06,1e-06,0.0,0.0,0.0,0.448132,-0.09683,0.014455,0.342373,0.917007,0.317632,0.241247,-0.378093,0.500374,0.778849,0.125515,-0.805809,0.578603,0.013085,0.003534,0.001158,0.421651,1.266565,0.981324,-1.402917,0.045607,0.025161,-0.010366,-0.895775,-0.355666,0.266624,0.427431,-0.524546,0.736311,-0.122024,0.773532,0.621898,-0.000334,0.000653,0.00046,1.308957,4.290226,3.207013,-0.820823,0.081268,0.025861,-0.055388,-0.408399,0.675237,-0.614218,-0.837073,-0.545397,-0.043002,-0.36403,0.496584,0.787963,-5e-06,-1.7e-05,-1.5e-05,4.1e-05,2.2e-05,-4.7e-05,0.414902
571,0.088187,0.002656,0.37157,-0.329495,0.69131,-0.643093,-0.913331,-0.405966,0.031468,-0.238917,0.596864,0.765962,-7.1e-05,-0.00023,-0.000172,0.0,0.0,0.0,0.447409,-0.096654,0.014496,0.342461,0.921077,0.296389,0.252513,-0.375817,0.508059,0.774966,0.100237,-0.80906,0.578997,-0.000254,0.001083,0.000892,0.109641,0.084803,0.054612,-1.403138,0.045699,0.025183,-0.010322,-0.900365,-0.333785,0.279155,0.424462,-0.532521,0.732292,-0.095772,0.777822,0.621143,-0.000196,0.000802,0.000655,0.509867,1.29952,0.872854,-0.817884,0.081284,0.025838,-0.055386,-0.408394,0.675252,-0.614206,-0.837106,-0.545351,-0.04295,-0.36396,0.496615,0.787975,-5.2e-05,-0.000174,-0.000132,3.2e-05,5e-06,-3.9e-05,0.414412
572,0.088239,0.002652,0.371568,-0.329223,0.691338,-0.643202,-0.913415,-0.405789,0.031292,-0.238969,0.596952,0.765878,0.013276,-0.002722,-0.001794,0.000984,-0.014715,0.029553,0.446244,-0.096573,0.014465,0.342671,0.920486,0.285857,0.266425,-0.381458,0.510564,0.77055,0.083078,-0.811256,0.57864,-0.000637,0.002713,0.002232,0.011998,0.038979,-0.064061,-1.402917,0.045741,0.025166,-0.010218,-0.89953,-0.323574,0.293504,0.429772,-0.534945,0.727412,-0.078363,0.78047,0.620262,0.000573,-0.003738,0.005562,-0.054,0.162572,-0.229083,-0.811189,0.08131,0.025836,-0.055387,-0.408126,0.675329,-0.614298,-0.83721,-0.545179,-0.043119,-0.364022,0.496699,0.787894,0.006638,-0.001364,-0.000901,0.001005,-0.014723,0.029524,0.413923
573,0.088281,0.002651,0.371568,-0.329111,0.691349,-0.643247,-0.91345,-0.405716,0.03122,-0.23899,0.596988,0.765843,0.013272,-0.002732,-0.001802,0.000984,-0.014715,0.029553,0.444868,-0.096467,0.014375,0.342831,0.919533,0.275326,0.280439,-0.387141,0.513247,0.76592,0.065783,-0.81319,0.57815,-1.2e-05,5.1e-05,4.2e-05,0.010241,-0.004606,-0.004239,-1.403125,0.045792,0.025127,-0.010133,-0.898187,-0.313683,0.307996,0.435338,-0.537212,0.722414,-0.06115,0.782946,0.619075,1.8e-05,-6.9e-05,-5.6e-05,-0.017577,-0.005829,0.009601,-0.811679,0.081326,0.025836,-0.055386,-0.408039,0.675354,-0.614329,-0.837243,-0.545123,-0.043174,-0.364043,0.496726,0.787867,-3e-06,-6e-06,-6e-06,1.4e-05,-1.3e-05,-2.7e-05,0.412943
574,0.08828,0.002643,0.371574,-0.329126,0.691352,-0.643237,-0.913452,-0.405709,0.031248,-0.238962,0.59699,0.765851,0.0,0.0,0.0,0.0,0.0,0.0,0.443799,-0.096461,0.014344,0.342844,0.920623,0.265457,0.286318,-0.386556,0.518237,0.762849,0.052963,-0.813293,0.57932,5.2e-05,-0.000223,-0.000183,0.430207,-0.208788,-0.157984,-1.402874,0.045796,0.02511,-0.010128,-0.899682,-0.302806,0.31445,0.43386,-0.540459,0.72088,-0.04834,0.784991,0.617617,5.1e-05,-0.000204,-0.00017,0.501462,-0.251812,-0.176622,-0.813965,0.081331,0.025831,-0.055384,-0.408031,0.675361,-0.614327,-0.837257,-0.545103,-0.04316,-0.36402,0.496739,0.78787,-0.0,-4e-06,-5e-06,1.6e-05,-4e-06,-3.2e-05,0.4118
575,0.088269,0.00263,0.37159,-0.329177,0.691356,-0.643207,-0.91345,-0.40571,0.031318,-0.238901,0.596985,0.765873,0.0,0.0,0.0,0.0,0.0,0.0,0.443877,-0.096454,0.014298,0.342923,0.925385,0.233348,0.298668,-0.378453,0.530841,0.758232,0.017221,-0.814967,0.579133,-0.000515,0.002193,0.001804,0.265785,0.320169,0.244997,-1.403127,0.0458,0.025081,-0.010094,-0.904218,-0.273015,0.328406,0.426871,-0.554349,0.714477,-0.013011,0.786231,0.617795,0.000644,-0.004082,0.005281,0.594859,1.288818,0.75104,-0.813475,0.081325,0.025825,-0.055376,-0.408084,0.675354,-0.614299,-0.837257,-0.545108,-0.04309,-0.363961,0.496742,0.787895,0.0,-0.0,-4e-06,1.4e-05,-1.7e-05,-3.4e-05,0.410983
576,0.088285,0.002603,0.371595,-0.327308,0.691,-0.644541,-0.91355,-0.405661,0.028932,-0.241074,0.59743,0.764845,-0.000115,-0.000373,-0.000279,0.045928,-0.042749,0.040308,0.44352,-0.096518,0.014103,0.343215,0.923451,0.225144,0.310709,-0.383578,0.535743,0.752184,0.001727,-0.814055,0.580667,-0.000451,0.001924,0.001581,0.265044,-0.130411,-0.097965,-1.402883,0.045767,0.02499,-0.009949,-0.902324,-0.264227,0.34058,0.431048,-0.558326,0.70885,0.002857,0.786419,0.617685,0.00066,-0.004125,0.005247,0.492148,-0.243867,-0.16595,-0.810536,0.081334,0.025812,-0.055373,-0.406265,0.675387,-0.615467,-0.837261,-0.544922,-0.045306,-0.365981,0.496901,0.786858,-8.9e-05,-0.00029,-0.00022,0.5687,-0.525628,0.491415,0.410657
577,0.088294,0.002593,0.371601,-0.327024,0.691032,-0.644651,-0.913644,-0.40546,0.028767,-0.241102,0.597528,0.764759,-2e-06,-6e-06,-5e-06,0.0,-0.0,0.0,0.443892,-0.096529,0.013975,0.34336,0.923619,0.221416,0.31288,-0.383175,0.538856,0.750163,-0.003662,-0.813017,0.582111,0.001464,-0.008857,0.009996,0.11983,-0.032002,-0.047867,-1.402749,0.045762,0.024923,-0.009872,-0.902239,-0.26136,0.343009,0.431155,-0.562186,0.705728,0.008386,0.784626,0.619912,0.000726,-0.004402,0.00502,0.110675,-0.030776,-0.046484,-0.805474,0.081338,0.025806,-0.055371,-0.405841,0.675475,-0.61565,-0.83738,-0.544712,-0.045638,-0.366179,0.497012,0.786696,3e-06,3e-06,0.0,-0.000884,0.000788,-0.000691,0.410494
578,0.088304,0.002591,0.371599,-0.326864,0.691048,-0.644715,-0.913694,-0.405356,0.028663,-0.241133,0.597581,0.764709,-0.0,-0.0,-0.0,0.0,0.0,0.0,0.445219,-0.096579,0.013759,0.343672,0.928669,0.186437,0.320633,-0.368698,0.555642,0.745155,-0.0404,-0.81044,0.584309,-0.000936,0.003995,0.003278,0.43147,-0.096948,-0.281058,-1.403241,0.045738,0.024812,-0.009718,-0.908026,-0.225957,0.352749,0.41646,-0.577922,0.701831,0.045278,0.784187,0.61887,-0.000473,0.002042,0.001677,0.643431,-0.170159,-0.326861,-0.809066,0.081343,0.025805,-0.055371,-0.40569,0.675521,-0.615699,-0.837442,-0.544609,-0.045727,-0.366205,0.497062,0.786653,1e-06,3e-06,1e-06,5e-06,7e-06,-4.6e-05,0.410657
579,0.088326,0.002594,0.371602,-0.326798,0.691055,-0.644741,-0.913714,-0.405314,0.02862,-0.241145,0.597602,0.764688,0.01328,-0.002711,-0.001787,0.000984,-0.014715,0.029553,0.444983,-0.096775,0.013535,0.344049,0.929322,0.17222,0.326638,-0.364926,0.561763,0.742418,-0.056802,-0.809347,0.584461,0.001001,-0.006886,0.011616,0.003495,0.063188,-0.187669,-1.402982,0.045639,0.024705,-0.009533,-0.908606,-0.213101,0.359196,0.413087,-0.585354,0.697651,0.061587,0.78227,0.619886,-0.000358,0.001537,0.001264,0.030901,-0.022558,-0.017091,-0.809719,0.081349,0.025808,-0.055369,-0.405648,0.675533,-0.615714,-0.837458,-0.544583,-0.045753,-0.366215,0.497075,0.78664,0.0,6e-06,3e-06,1.9e-05,-8e-06,-2.7e-05,0.411473
580,0.088336,0.002592,0.3716,-0.326775,0.691058,-0.64475,-0.913721,-0.405299,0.028606,-0.241149,0.597609,0.764681,0.0,0.0,0.0,0.0,0.0,0.0,0.443998,-0.096839,0.013411,0.344204,0.928901,0.168665,0.329675,-0.365083,0.564699,0.740111,-0.062504,-0.808047,0.585676,-0.011757,-0.011835,0.009304,-0.020832,0.010959,-0.057116,-1.403027,0.045611,0.024649,-0.009451,-0.908079,-0.209782,0.362467,0.413341,-0.588192,0.69511,0.067379,0.781038,0.620836,-0.000219,0.000941,0.000773,-0.036621,0.102094,-0.170407,-0.80727,0.081359,0.025806,-0.055371,-0.405603,0.675546,-0.615729,-0.837475,-0.544553,-0.045782,-0.366225,0.497089,0.786626,-2e-06,-3e-06,-5e-06,1.3e-05,-1.6e-05,-3.2e-05,0.410983
581,0.088353,0.002573,0.371599,-0.326763,0.691063,-0.64475,-0.913732,-0.405275,0.028616,-0.241126,0.597619,0.764681,-6e-05,-0.000195,-0.000146,0.0,0.0,0.0,0.443807,-0.096855,0.013139,0.344467,0.929654,0.139314,0.341068,-0.355818,0.578607,0.733854,-0.096276,-0.80375,0.58701,0.001879,-0.010658,0.008532,0.011267,0.208004,-0.109381,-1.402934,0.045597,0.024513,-0.009318,-0.909077,-0.181098,0.375208,0.404167,-0.601944,0.688702,0.101132,0.77773,0.620408,7e-06,-1e-05,-6e-06,0.135604,0.470809,0.12951,-0.806617,0.081368,0.025796,-0.055371,-0.405592,0.675554,-0.615728,-0.837489,-0.544532,-0.04577,-0.366204,0.497102,0.786628,-3.1e-05,-0.000104,-7.9e-05,1.8e-05,-1e-06,-2.2e-05,0.41033
582,0.088345,0.002582,0.371606,-0.326766,0.691063,-0.644749,-0.913731,-0.405277,0.028618,-0.241126,0.597618,0.764682,2.7e-05,8.6e-05,6.5e-05,0.0,0.0,0.0,0.443474,-0.09711,0.012728,0.344639,0.928612,0.130819,0.347214,-0.355241,0.582753,0.730847,-0.107897,-0.802168,0.587153,0.000429,-0.001847,-0.001512,0.343549,-0.091222,-0.310622,-1.402861,0.045471,0.024304,-0.009229,-0.908192,-0.171539,0.381785,0.403013,-0.604636,0.687019,0.112991,0.77781,0.618258,-0.005406,-0.00799,0.002962,0.607976,-0.286711,-0.269,-0.806617,0.081364,0.025801,-0.055368,-0.405595,0.675553,-0.615727,-0.837488,-0.544535,-0.045768,-0.366204,0.497101,0.786628,1.9e-05,6.2e-05,4.7e-05,1.6e-05,1e-06,-2e-05,0.41033
583,0.088349,0.002588,0.371623,-0.326741,0.69107,-0.644754,-0.913745,-0.405244,0.02862,-0.241105,0.597632,0.764677,1.7e-05,5.4e-05,4e-05,0.0,0.0,0.0,0.44358,-0.097297,0.012578,0.344609,0.926814,0.13295,0.351187,-0.359459,0.583755,0.727978,-0.109386,-0.801091,0.588346,0.000106,-0.000456,-0.000374,0.01633,-0.008772,-0.006381,-1.402915,0.045379,0.024223,-0.009249,-0.905911,-0.17508,0.385578,0.407702,-0.606726,0.682394,0.114467,0.77539,0.62102,-0.006596,-0.001575,-0.000419,-0.017898,0.017019,-0.028836,-0.810699,0.081366,0.025804,-0.055359,-0.405572,0.675563,-0.61573,-0.837507,-0.544505,-0.045765,-0.366186,0.497118,0.786625,6e-06,2.5e-05,1.9e-05,3e-06,4e-06,-2.1e-05,0.410004
584,0.088349,0.002588,0.371623,-0.326741,0.69107,-0.644754,-0.913745,-0.405244,0.02862,-0.241105,0.597632,0.764677,0.0,1e-06,1e-06,0.0,0.0,0.0,0.443444,-0.097416,0.012612,0.344561,0.927136,0.133252,0.35022,-0.358867,0.583812,0.728225,-0.108589,-0.801,0.588617,-0.015201,0.008109,-0.008889,0.020015,0.105154,-0.174734,-1.402715,0.045324,0.024237,-0.009269,-0.906372,-0.175235,0.384423,0.406942,-0.606615,0.682945,0.113521,0.775441,0.62113,-1e-05,4.5e-05,4e-05,-0.006626,-0.008007,0.014592,-0.816251,0.081366,0.025804,-0.055359,-0.405572,0.675563,-0.615731,-0.837507,-0.544505,-0.045765,-0.366186,0.497118,0.786626,-3e-06,-9e-06,-8e-06,1.3e-05,-4e-06,-1.3e-05,0.410004
585,0.088335,0.002577,0.371614,-0.326803,0.691064,-0.644729,-0.913726,-0.405284,0.028661,-0.241093,0.597612,0.764697,-0.000159,-0.000517,-0.000387,0.0,0.0,0.0,0.444093,-0.097475,0.012771,0.34441,0.931955,0.132225,0.337591,-0.348392,0.583429,0.7336,-0.101131,-0.801448,0.589336,-0.001853,0.010585,-0.008595,0.016896,0.005579,0.02898,-1.403025,0.04529,0.024317,-0.009344,-0.911761,-0.173638,0.372209,0.396779,-0.606478,0.689021,0.106096,0.775908,0.621859,3.1e-05,-0.000126,-0.000101,0.009784,0.009951,-0.008035,-0.821966,0.081359,0.025799,-0.055363,-0.405634,0.675545,-0.615709,-0.837483,-0.544545,-0.045726,-0.366172,0.497099,0.786645,-0.000104,-0.000341,-0.000257,1.6e-05,4e-06,-1.1e-05,0.410004
586,0.088334,0.002561,0.371628,-0.326832,0.691069,-0.644709,-0.91373,-0.40527,0.028716,-0.241037,0.597615,0.764712,-0.000883,-0.010363,0.009114,-0.034706,0.017527,-0.016125,0.443473,-0.097415,0.013034,0.344172,0.933568,0.164077,0.318624,-0.353079,0.572005,0.740324,-0.061958,-0.803834,0.591502,-0.001501,0.009057,-0.009843,-0.110671,-0.474584,-0.102926,-1.403194,0.045318,0.024452,-0.00946,-0.913453,-0.204273,0.351958,0.401314,-0.595536,0.695904,0.067449,0.776922,0.625972,-0.000694,0.004263,-0.005139,-0.4862,-1.256185,-0.985625,-0.834213,0.081358,0.025794,-0.055361,-0.405649,0.675545,-0.6157,-0.837488,-0.544541,-0.045698,-0.366145,0.497104,0.786654,2e-06,5e-06,5e-06,1e-05,-4e-06,-1.4e-05,0.410004
587,0.088331,0.002554,0.371623,-0.326852,0.691067,-0.644701,-0.913724,-0.405283,0.028729,-0.241033,0.597608,0.764718,-0.000358,-0.001163,-0.00087,0.0,0.0,0.0,0.444974,-0.097399,0.01325,0.343928,0.931773,0.195884,0.305646,-0.362035,0.560034,0.745135,-0.026385,-0.805184,0.592322,-0.003122,0.018627,-0.019259,0.014628,-0.131966,-0.026608,-1.40327,0.045326,0.024564,-0.009585,-0.911421,-0.235831,0.337185,0.410276,-0.583295,0.701027,0.031355,0.777271,0.628384,-0.001506,0.009172,-0.009747,0.044363,-0.12699,-0.048505,-0.838132,0.081358,0.02579,-0.055358,-0.405683,0.67554,-0.615683,-0.837485,-0.544548,-0.045658,-0.366113,0.497103,0.786669,-0.000211,-0.000682,-0.000509,-0.000803,0.013012,-0.025714,0.410167
588,0.088334,0.002533,0.371594,-0.326894,0.691059,-0.644688,-0.913704,-0.405327,0.028738,-0.24105,0.597588,0.764729,-0.000428,-0.00139,-0.001039,0.0,0.0,0.0,0.447946,-0.097534,0.013863,0.343064,0.931975,0.243352,0.26869,-0.360474,0.546143,0.756122,0.036086,-0.801835,0.59634,-0.001922,0.01344,-0.023505,-1.591432,-4.187282,-3.014813,-1.403533,0.045259,0.024862,-0.009992,-0.913356,-0.276759,0.298638,0.406319,-0.572395,0.712227,-0.026177,0.771859,0.635253,0.005732,0.00796,-0.011603,-0.258529,-0.096332,0.531161,-0.837805,0.081359,0.025778,-0.055372,-0.405725,0.675523,-0.615673,-0.837458,-0.54459,-0.04565,-0.366128,0.497079,0.786677,-0.000249,-0.000807,-0.000602,-0.000806,0.013017,-0.025707,0.41229
589,0.08833,0.00249,0.37155,-0.326859,0.691058,-0.644707,-0.913708,-0.405321,0.028697,-0.241083,0.597593,0.764714,-0.000413,-0.001342,-0.001004,0.0,0.0,0.0,0.450036,-0.097616,0.014572,0.341908,0.930557,0.272355,0.2447,-0.357169,0.529434,0.769457,0.078839,-0.803751,0.589603,-0.00108,0.009802,-0.026501,-0.529435,0.112012,0.593487,-1.404014,0.045216,0.025226,-0.010581,-0.910434,-0.310803,0.272965,0.406957,-0.554752,0.725696,-0.074121,0.771784,0.631549,-0.001355,0.009844,-0.017814,-0.561757,0.247546,0.429545,-0.848092,0.081356,0.025755,-0.055396,-0.40569,0.67553,-0.61569,-0.837461,-0.544582,-0.045691,-0.36616,0.497081,0.786661,-0.000217,-0.000705,-0.000526,7e-06,7e-06,1e-06,0.414902
590,0.088289,0.002426,0.371502,-0.327105,0.691034,-0.644608,-0.913633,-0.40548,0.028856,-0.241036,0.597514,0.764791,-0.000454,-0.001473,-0.001102,0.0,0.0,0.0,0.450314,-0.097602,0.015033,0.340645,0.929746,0.282786,0.235788,-0.354342,0.514215,0.780998,0.098436,-0.810021,0.577961,0.013213,0.008161,-0.029654,-1.557272,-4.244045,-2.872659,-1.403848,0.045223,0.02546,-0.011223,-0.91078,-0.317855,0.263527,0.402331,-0.539799,0.739422,-0.092777,0.779476,0.619522,0.006476,0.003969,-0.014964,-1.549886,-4.250084,-2.867289,-0.85642,0.081335,0.025723,-0.05542,-0.405932,0.67546,-0.615606,-0.837368,-0.544738,-0.045539,-0.366105,0.497004,0.786735,-0.000276,-0.000898,-0.000673,5e-06,2e-06,-1e-06,0.415882
591,0.088248,0.00239,0.371487,-0.32715,0.691033,-0.644586,-0.913625,-0.405493,0.028903,-0.241002,0.597506,0.764808,-0.000579,-0.001878,-0.001406,0.0,0.0,0.0,0.448223,-0.097537,0.015115,0.340107,0.931788,0.277995,0.233411,-0.349041,0.510618,0.785731,0.098069,-0.813941,0.572491,0.001438,-0.003614,-0.02036,-0.540205,0.199978,0.39005,-1.404076,0.045256,0.025496,-0.011489,-0.912128,-0.315687,0.26146,0.398963,-0.537352,0.743021,-0.094066,0.782044,0.616082,0.006555,0.004423,-0.014555,0.058786,0.034456,0.046034,-0.863278,0.081315,0.025706,-0.055427,-0.405978,0.675451,-0.615587,-0.83736,-0.544753,-0.045492,-0.366071,0.497,0.786754,-0.000329,-0.001067,-0.000798,-0.000817,0.013009,-0.025707,0.415719
592,0.088108,0.002374,0.371498,-0.327418,0.691014,-0.64447,-0.913556,-0.405634,0.029114,-0.240901,0.597432,0.764897,-5e-05,-0.000161,-0.000121,0.0,0.0,0.0,0.447591,-0.097345,0.014845,0.339476,0.932636,0.274851,0.23375,-0.3471,0.507577,0.788556,0.096912,-0.816902,0.568457,0.018313,-0.021392,-0.002289,-0.072821,0.03612,-0.028233,-1.403577,0.045354,0.025356,-0.011815,-0.913591,-0.31106,0.2619,0.395876,-0.533207,0.747644,-0.092915,0.786721,0.610275,0.009146,-0.01059,-0.001057,-0.015245,0.022087,-0.038421,-0.862952,0.081245,0.025695,-0.055424,-0.406244,0.675381,-0.615487,-0.837279,-0.544896,-0.045287,-0.365963,0.496937,0.786844,-0.006653,0.001328,0.000874,-0.000985,0.014705,-0.029554,0.414412
593,0.087975,0.002362,0.37155,-0.32765,0.691011,-0.644356,-0.913518,-0.405702,0.029357,-0.24073,0.597389,0.764985,-0.0,-0.0,-0.0,0.0,0.0,0.0,0.446563,-0.096701,0.014458,0.339405,0.93362,0.273614,0.231259,-0.344051,0.505798,0.791032,0.098288,-0.818417,0.566035,0.016058,-0.011567,0.005917,-0.040232,-0.007297,0.010403,-1.403337,0.045673,0.025155,-0.011863,-0.914696,-0.309813,0.25951,0.392969,-0.531882,0.750117,-0.094367,0.788109,0.608258,0.007051,-0.000283,-0.001147,0.021166,-0.018042,0.025882,-0.862789,0.081178,0.02569,-0.055397,-0.406477,0.675334,-0.615385,-0.837241,-0.544975,-0.045048,-0.365792,0.496915,0.786937,8e-06,2.2e-05,1.7e-05,-8e-06,1.1e-05,-8e-06,0.413923
594,0.087852,0.00234,0.371607,-0.325722,0.690676,-0.645691,-0.913657,-0.405553,0.027009,-0.24281,0.597878,0.763946,-0.0,-0.0,-0.0,0.0,-0.0,0.0,0.446892,-0.095781,0.014166,0.339829,0.933616,0.273794,0.231064,-0.343836,0.504537,0.79193,0.099065,-0.819136,0.564859,0.016467,-0.015829,0.01977,-0.067883,-0.020378,0.011466,-1.403313,0.046139,0.025006,-0.011647,-0.91466,-0.310094,0.259303,0.392848,-0.530816,0.750935,-0.095218,0.788717,0.607336,0.008155,-0.007596,0.01014,-0.06764,-0.021411,0.010592,-0.859686,0.081117,0.025679,-0.055368,-0.40446,0.675401,-0.61664,-0.837301,-0.544683,-0.047394,-0.367884,0.497144,0.785817,-0.006642,0.00138,0.000915,-0.001764,0.015392,-0.030131,0.413269
595,0.087829,0.002313,0.371637,-0.325411,0.690724,-0.645796,-0.91378,-0.405286,0.026882,-0.242767,0.598003,0.763861,-0.0,-0.0,-0.0,0.005621,-0.089726,0.177414,0.446821,-0.095306,0.013979,0.340162,0.932836,0.275468,0.23222,-0.345863,0.505068,0.790708,0.099349,-0.818249,0.566093,0.016453,-0.015722,0.019862,0.028908,-0.055122,-0.050771,-1.403204,0.046359,0.024924,-0.011489,-0.913866,-0.311638,0.260249,0.39467,-0.531376,0.749582,-0.095308,0.787731,0.6086,0.014863,-0.00639,0.010243,0.082465,-0.094778,-0.040009,-0.862299,0.081106,0.025666,-0.055353,-0.404298,0.675466,-0.616674,-0.837407,-0.544517,-0.047417,-0.367819,0.497238,0.785788,-3e-06,4e-06,4e-06,-0.000104,8.6e-05,-8.8e-05,0.413269
596,0.087842,0.00224,0.371684,-0.323345,0.690412,-0.647167,-0.913965,-0.405018,0.024482,-0.244817,0.598545,0.762782,-0.000306,-0.000988,-0.00074,0.0,-0.0,0.0,0.448039,-0.094474,0.01373,0.340789,0.931179,0.280255,0.233137,-0.349901,0.508591,0.786662,0.100718,-0.814437,0.571324,0.027463,-0.000546,0.013334,0.057966,-0.070769,0.003177,-1.40297,0.046791,0.024798,-0.01116,-0.911908,-0.316746,0.260948,0.398916,-0.534821,0.74487,-0.096374,0.78335,0.614063,0.013686,-0.000118,0.006783,0.008996,-0.060742,0.010005,-0.866381,0.081113,0.025632,-0.055327,-0.401992,0.675618,-0.618014,-0.837582,-0.544024,-0.04992,-0.369942,0.497571,0.784579,-0.00021,-0.000665,-0.000497,-0.00293,0.002551,-0.002165,0.414086
597,0.087934,0.002191,0.371662,-0.322913,0.690459,-0.647331,-0.914103,-0.404722,0.024221,-0.244872,0.598689,0.762651,0.012779,-0.004378,-0.003033,0.000168,-0.001719,0.003843,0.448684,-0.093957,0.013644,0.341379,0.937823,0.255583,0.234852,-0.338103,0.520837,0.783804,0.076824,-0.814781,0.574537,0.000403,-0.00441,0.013726,0.092665,0.877166,-0.409647,-1.403253,0.047044,0.024754,-0.010871,-0.919368,-0.294157,0.261214,0.386085,-0.54723,0.742615,-0.075501,0.783587,0.616676,-0.000164,-0.001533,0.007367,1.215464,4.316029,3.185883,-0.868014,0.081154,0.02561,-0.055337,-0.401595,0.675744,-0.618134,-0.837755,-0.543738,-0.050134,-0.369981,0.497712,0.784471,-5.9e-05,-0.000189,-0.000142,-4.2e-05,4.1e-05,-4.8e-05,0.415066
598,0.088003,0.002185,0.371634,-0.322744,0.690468,-0.647407,-0.914141,-0.404646,0.024074,-0.244954,0.598731,0.762591,0.013216,-0.002964,-0.001974,0.000984,-0.014715,0.029553,0.448665,-0.093907,0.013668,0.341586,0.940344,0.246049,0.234958,-0.333057,0.526267,0.782337,0.067656,-0.814215,0.57649,-0.00175,0.007205,0.006015,0.089032,0.076328,0.091331,-1.403044,0.047074,0.024765,-0.010762,-0.921809,-0.28306,0.264847,0.382442,-0.552544,0.740562,-0.063284,0.783946,0.617595,0.000138,-0.001947,0.007072,0.111458,0.359807,0.275081,-0.866708,0.081188,0.025603,-0.055354,-0.401447,0.675779,-0.618192,-0.837791,-0.543671,-0.050264,-0.370062,0.497738,0.784416,-3.6e-05,-0.000116,-8.8e-05,3e-06,3e-06,-9e-06,0.415392
599,0.088079,0.002179,0.37158,-0.322701,0.690455,-0.647441,-0.914127,-0.404684,0.023972,-0.245063,0.59872,0.762565,-8.6e-05,-0.000277,-0.000208,0.0,0.0,0.0,0.447915,-0.093933,0.013726,0.341935,0.948805,0.204149,0.241006,-0.314502,0.543615,0.778143,0.026646,-0.814345,0.579652,0.000505,-0.004827,0.013363,0.13849,0.350813,0.272032,-1.403048,0.04706,0.024799,-0.01059,-0.930715,-0.243215,0.273157,0.36499,-0.56973,0.736335,-0.023462,0.785018,0.619027,-2.1e-05,-0.002098,0.006924,1.322878,4.25223,3.19396,-0.86981,0.081231,0.025599,-0.055381,-0.401379,0.675782,-0.618233,-0.837775,-0.543685,-0.050382,-0.370171,0.497719,0.784377,-5.7e-05,-0.000188,-0.000141,3e-06,-6e-06,-1e-05,0.414739
600,0.088095,0.00219,0.371601,-0.322633,0.690466,-0.647464,-0.914154,-0.404623,0.023946,-0.245051,0.598748,0.762547,0.00017,0.00055,0.000412,0.0,0.0,0.0,0.445202,-0.094005,0.013512,0.34224,0.953324,0.173382,0.24719,-0.301797,0.55652,0.77404,-0.004563,-0.812716,0.582524,-3.1e-05,0.000126,0.000105,0.437059,1.269699,0.95557,-1.403053,0.047026,0.024705,-0.010428,-0.934949,-0.216882,0.280768,0.354752,-0.581513,0.732115,0.004488,0.784094,0.620624,0.001027,-0.005581,0.004047,-0.038594,-0.009826,-0.024096,-0.874709,0.081238,0.025604,-0.055371,-0.401312,0.675805,-0.618251,-0.837811,-0.543628,-0.050405,-0.370163,0.49775,0.784362,0.000112,0.000362,0.000269,3e-06,4e-06,-5e-06,0.413269
601,0.088074,0.002186,0.37161,-0.322693,0.690465,-0.647435,-0.914143,-0.404646,0.024004,-0.245014,0.598735,0.762569,2e-06,8e-06,6e-06,0.0,0.0,0.0,0.444157,-0.094011,0.013274,0.342349,0.955863,0.158131,0.247612,-0.293172,0.563101,0.772594,-0.018464,-0.811272,0.584261,0.002371,-0.012527,0.006958,0.110567,0.377038,0.260441,-1.403007,0.047018,0.024584,-0.010374,-0.938954,-0.196652,0.282297,0.343282,-0.589982,0.730806,0.022835,0.783101,0.621474,0.00127,-0.006658,0.003152,0.35903,1.299959,0.949769,-0.872586,0.081228,0.025603,-0.055366,-0.401373,0.675792,-0.618226,-0.837798,-0.543652,-0.050349,-0.370126,0.497741,0.784385,-2e-06,-5e-06,-3e-06,-3e-06,-8e-06,-7e-06,0.412453
602,0.088002,0.00217,0.371647,-0.322911,0.69046,-0.647332,-0.914104,-0.404721,0.024219,-0.244872,0.598689,0.76265,-7.1e-05,-0.000228,-0.000171,0.0,0.0,0.0,0.443275,-0.094106,0.012752,0.342501,0.958543,0.138917,0.248775,-0.282591,0.572551,0.769585,-0.036735,-0.808143,0.587724,0.002811,-0.014363,0.005431,-0.016148,-0.005435,-0.028783,-1.40293,0.046971,0.024321,-0.0103,-0.942171,-0.177112,0.284505,0.332522,-0.599737,0.727835,0.04172,0.78035,0.623949,0.000533,-0.002179,-0.001814,-0.01861,0.012004,-0.026894,-0.86883,0.081192,0.025595,-0.055347,-0.401591,0.675746,-0.618134,-0.837757,-0.543735,-0.050137,-0.369982,0.497712,0.78447,-0.006691,0.001217,0.00079,-0.00098,0.014726,-0.029552,0.410493
603,0.087978,0.002144,0.371666,-0.322882,0.690476,-0.647329,-0.914133,-0.404652,0.024255,-0.244801,0.598717,0.762651,-6e-06,-2e-05,-1.5e-05,0.0,0.0,0.0,0.444072,-0.094228,0.012488,0.3425,0.960885,0.119516,0.249813,-0.271512,0.582402,0.766174,-0.055132,-0.804169,0.591723,0.000189,-0.000782,-0.000652,-0.008537,0.096535,-0.173793,-1.403546,0.046913,0.024177,-0.010305,-0.945002,-0.157851,0.286447,0.321462,-0.609654,0.724557,0.060262,0.776791,0.626868,-0.00657,-0.001766,-0.000568,-0.026659,0.019271,-0.026475,-0.860992,0.08118,0.025581,-0.055339,-0.401564,0.675766,-0.61813,-0.837799,-0.543675,-0.050098,-0.369916,0.497751,0.784477,-0.0,-2e-06,-1e-06,1.5e-05,1.1e-05,3e-06,0.410167
604,0.087977,0.002136,0.371672,-0.322896,0.690479,-0.647319,-0.914136,-0.404645,0.024283,-0.244773,0.598719,0.762659,-0.0,-0.0,-0.0,0.0,0.0,0.0,0.443574,-0.094325,0.012454,0.342485,0.961321,0.115432,0.250057,-0.269063,0.585859,0.7644,-0.059472,-0.802246,0.593908,-0.001888,0.010561,-0.008601,0.046186,-0.009638,0.017564,-1.403356,0.046865,0.024156,-0.010309,-0.945478,-0.153846,0.287056,0.319173,-0.613059,0.722693,0.064799,0.774912,0.628738,2.2e-05,-6.6e-05,-5.4e-05,-0.021692,0.002176,0.001055,-0.853971,0.08118,0.025577,-0.055335,-0.401579,0.675766,-0.61812,-0.837803,-0.54367,-0.05007,-0.369889,0.497756,0.784486,1e-06,5e-06,7e-06,9e-06,-2e-06,-5e-06,0.410167
605,0.087996,0.002124,0.371677,-0.322864,0.690487,-0.647327,-0.914152,-0.404608,0.024281,-0.244754,0.598735,0.762653,-0.0,-0.0,-0.0,0.0,0.0,0.0,0.444898,-0.094564,0.012449,0.342486,0.963847,0.104291,0.245179,-0.258353,0.589346,0.765414,-0.065883,-0.801202,0.59464,-0.01356,-0.00184,0.000272,-0.002043,0.015204,-0.029246,-1.403274,0.04675,0.024158,-0.010311,-0.948549,-0.142456,0.282772,0.308517,-0.616689,0.724231,0.071212,0.774209,0.62891,-0.000177,0.000759,0.000637,-0.000488,0.002538,-0.003078,-0.850868,0.081189,0.025572,-0.055333,-0.401549,0.675779,-0.618125,-0.837825,-0.543636,-0.050071,-0.369873,0.497776,0.784482,-2e-06,3e-06,4e-06,2e-06,-6e-06,-6e-06,0.410494
606,0.088003,0.002116,0.371658,-0.322867,0.690482,-0.64733,-0.914144,-0.404626,0.024264,-0.244778,0.598728,0.76265,-4.4e-05,-0.000142,-0.000106,0.0,0.0,0.0,0.445379,-0.094752,0.012485,0.342552,0.968482,0.093206,0.23097,-0.240205,0.593261,0.768295,-0.066636,-0.799663,0.596626,-0.000642,0.002679,0.002232,-0.010525,-0.5066,0.656054,-1.403433,0.046652,0.024173,-0.01028,-0.953296,-0.130907,0.27219,0.292868,-0.620963,0.72707,0.073842,0.77283,0.630301,-0.006936,-0.000241,0.000704,-0.001544,0.019348,-0.034871,-0.852991,0.081192,0.025568,-0.055342,-0.401551,0.675775,-0.618129,-0.837814,-0.543652,-0.050088,-0.369896,0.497765,0.784478,-2.5e-05,-8e-05,-6e-05,5e-06,7e-06,-2e-06,0.411473
607,0.087991,0.002111,0.371654,-0.32291,0.690478,-0.647313,-0.914131,-0.404654,0.024292,-0.244771,0.598714,0.762664,-5e-06,-1.7e-05,-1.3e-05,0.0,0.0,0.0,0.446567,-0.094898,0.012565,0.342648,0.969136,0.093291,0.228177,-0.238027,0.593417,0.768852,-0.064899,-0.799537,0.596986,-0.000635,0.002657,0.002211,-0.014103,0.099358,-0.171694,-1.403492,0.046578,0.024217,-0.010229,-0.954923,-0.13081,0.266477,0.288399,-0.621509,0.72839,0.070337,0.772408,0.631219,-0.000395,0.001641,0.001368,-2.1e-05,0.000372,-0.000839,-0.853318,0.081186,0.025565,-0.055344,-0.401594,0.675762,-0.618115,-0.837798,-0.543679,-0.050061,-0.369886,0.497752,0.78449,1e-06,2e-06,3e-06,5e-06,2e-06,-7e-06,0.411963
608,0.087989,0.002105,0.371649,-0.32293,0.690476,-0.647305,-0.914125,-0.404667,0.024305,-0.244767,0.598707,0.76267,-0.000159,-0.000516,-0.000387,0.0,0.0,0.0,0.446189,-0.094981,0.0126,0.342714,0.969664,0.086059,0.228772,-0.234274,0.592777,0.770496,-0.070524,-0.800812,0.594634,-0.000789,0.003304,0.002747,-0.500471,0.254298,0.188873,-1.40338,0.046541,0.024237,-0.010201,-0.955443,-0.125181,0.267315,0.285401,-0.622893,0.728388,0.075328,0.772226,0.630866,-0.000372,0.001555,0.001293,0.000322,-0.000401,-0.000234,-0.854461,0.081186,0.025563,-0.055346,-0.401613,0.675757,-0.618108,-0.837791,-0.543692,-0.050049,-0.369882,0.497746,0.784497,-0.000103,-0.000335,-0.000251,1.2e-05,5e-06,1e-06,0.41229
609,0.087994,0.002089,0.371638,-0.322947,0.690474,-0.647299,-0.91412,-0.404678,0.024316,-0.244764,0.598702,0.762675,-0.000142,-0.000458,-0.000344,0.0,0.0,0.0,0.445955,-0.095151,0.012578,0.342913,0.970246,0.07484,0.230243,-0.228614,0.595012,0.770473,-0.080557,-0.800266,0.594094,0.001051,-0.007091,0.011486,1.236354,4.262614,3.261935,-1.403108,0.046451,0.024224,-0.010096,-0.956197,-0.114206,0.269524,0.280263,-0.622955,0.730328,0.084494,0.773875,0.627675,0.000269,-0.003419,0.005896,1.224895,4.252336,3.268204,-0.855931,0.081188,0.025554,-0.055352,-0.40163,0.675752,-0.618102,-0.837784,-0.543703,-0.050038,-0.369878,0.49774,0.784502,-8.9e-05,-0.000289,-0.000215,8e-06,7e-06,-3e-06,0.41229
