frame,MLTx,MLTy,MLTz,MLTR1,MLTR2,MLTR3,MLTR4,MLTR5,MLTR6,MLTR7,MLTR8,MLTR9,MLTTVx,MLTTVy,MLTTVz,MLTRVx,MLTRVy,MLTRVz,MLGA,MRTx,MRTy,MRTz,MRTR1,MRTR2,MRTR3,MRTR4,MRTR5,MRTR6,MRTR7,MRTR8,MRTR9,MRTTVx,MRTTVy,MRTTVz,MRTRVx,MRTRVy,MRTRVz,MRGA,SLTx,SLTy,SLTz,SLTR1,SLTR2,SLTR3,SLTR4,SLTR5,SLTR6,SLTR7,SLTR8,SLTR9,SLTTVx,SLTTVy,SLTTVz,SLTRVx,SLTRVy,SLTRVz,SLGA,SRTx,SRTy,SRTz,SRTR1,SRTR2,SRTR3,SRTR4,SRTR5,SRTR6,SRTR7,SRTR8,SRTR9,SRTTVx,SRTTVy,SRTTVz,SRTRVx,SRTRVy,SRTRVz,SRGA
2988,0.160696,0.009108,0.329161,-0.288031,-0.688731,-0.665382,0.49976,-0.700814,0.50899,-0.816508,-0.185075,0.54689,0.027623,0.001332,0.000632,-1.256664,0.611226,0.875358,0.323764,-0.155513,0.014572,0.31466,-0.74748,-0.093676,0.657639,0.477073,-0.764451,0.433531,0.463045,0.63791,0.615243,-0.000337,0.00689,0.006332,0.637797,-0.702329,-0.497334,-1.405277,0.050128,0.051142,-0.023814,0.632099,0.223276,0.742022,-0.544228,0.809576,0.220003,-0.551602,-0.542894,0.633245,-0.000172,0.003405,0.003129,0.704797,-0.775174,-0.552649,-0.861156,0.082295,0.041708,-0.060518,0.21156,0.708982,-0.672745,-0.586654,0.642652,0.492781,0.781714,0.290416,0.551887,0.020556,-4.4e-05,-0.000632,-3.87108,2.533575,2.969243,0.221403
2989,0.162077,0.009349,0.329141,-0.311938,-0.675843,-0.667814,0.468027,-0.720995,0.510967,-0.826437,-0.15233,0.542056,0.027833,0.004248,0.003104,-0.367094,0.164335,0.325635,0.32058,-0.155389,0.015259,0.315069,-0.758864,-0.133039,0.637509,0.475717,-0.78163,0.403338,0.445575,0.609515,0.655604,-0.002088,0.030858,0.010122,1.08628,-1.163353,-0.78448,-1.405814,0.050191,0.051463,-0.023623,0.646267,0.25798,0.718181,-0.538173,0.82131,0.189259,-0.541025,-0.508818,0.669623,-0.001654,0.021882,0.001906,0.977008,-1.119599,-0.446557,-0.864258,0.082985,0.041826,-0.06053,0.237441,0.698767,-0.674792,-0.556616,0.667179,0.495025,0.796115,0.258061,0.54736,0.02075,0.007349,-0.002954,-1.085654,0.781309,0.999099,0.228098
2990,0.162825,0.009566,0.329087,-0.320401,-0.67265,-0.667031,0.45966,-0.726096,0.51134,-0.827883,-0.141942,0.542668,0.04149,0.015126,-0.005523,-0.001854,0.077667,-0.062416,0.307339,-0.155294,0.016078,0.315218,-0.767137,-0.153722,0.622785,0.476359,-0.78659,0.392801,0.430444,0.598191,0.675832,0.010277,0.046073,0.004496,0.864377,-0.902775,-0.521522,-1.405901,0.050234,0.051872,-0.023542,0.656836,0.277673,0.701044,-0.537178,0.824767,0.176626,-0.529154,-0.4926,0.690897,0.005091,0.023862,0.002988,0.969221,-1.115765,-0.410707,-0.866871,0.083354,0.041932,-0.060553,0.24684,0.69636,-0.673907,-0.54875,0.673628,0.495074,0.798713,0.247602,0.548406,0.020744,0.001669,0.001,-0.13636,0.525219,-0.617705,0.223852
2991,0.164544,0.009957,0.328986,-0.348938,-0.658802,-0.666533,0.429107,-0.744617,0.511258,-0.832696,-0.106803,0.543358,0.041431,0.003779,0.00234,-0.329213,0.198938,0.378202,0.305656,-0.15467,0.017704,0.315606,-0.774643,-0.181653,0.60574,0.473994,-0.800714,0.366227,0.419457,0.571038,0.705574,0.025773,0.028758,0.02323,0.843886,-0.943839,-0.534851,-1.405921,0.050531,0.052681,-0.023363,0.666342,0.301294,0.682063,-0.530854,0.834049,0.150185,-0.523624,-0.46215,0.715705,0.005537,0.01924,0.007707,0.772662,-0.827412,-0.457943,-0.85593,0.084193,0.042128,-0.060602,0.275753,0.686685,-0.672623,-0.521875,0.694593,0.495163,0.807221,0.214482,0.5499,0.020629,0.007676,-0.002893,-3.662965,2.793705,3.075141,0.203931
2992,0.16635,0.010265,0.328903,-0.382957,-0.642336,-0.663923,0.388333,-0.764064,0.515146,-0.837701,-0.059751,0.542876,0.041329,0.003223,0.001802,-0.161715,-0.064408,0.143909,0.318979,-0.154026,0.01906,0.316897,-0.780689,-0.219415,0.585127,0.481295,-0.808191,0.339288,0.399416,0.546772,0.735779,0.011205,0.043041,0.036988,-0.104207,-1.522869,-1.737581,-1.405694,0.050869,0.053354,-0.022723,0.676122,0.334855,0.6563,-0.532217,0.837951,0.120755,-0.509512,-0.430939,0.744773,0.005425,0.022144,0.018977,-2.200319,-3.11343,-4.53651,-0.851685,0.085117,0.042289,-0.060645,0.312703,0.673814,-0.66947,-0.482437,0.719804,0.499134,0.818212,0.166896,0.550158,0.027447,0.006654,-0.003769,-0.369655,0.083728,0.354182,0.216178
2993,0.167257,0.01035,0.328887,-0.399262,-0.635137,-0.661238,0.370497,-0.771475,0.517232,-0.838146,-0.037691,0.544167,0.041219,0.001938,0.000672,-0.33982,0.257936,0.301298,0.313365,-0.153865,0.019994,0.31769,-0.783849,-0.245429,0.570384,0.489146,-0.809757,0.32398,0.38333,0.53326,0.754026,-0.002719,0.048307,0.04266,0.872522,-1.055076,-0.346389,-1.405385,0.050954,0.053819,-0.022328,0.681051,0.360188,0.637521,-0.539052,0.835876,0.103603,-0.495572,-0.414216,0.763434,0.004772,0.030685,0.01756,0.996416,-1.062289,-0.542467,-0.852991,0.085571,0.042334,-0.060651,0.329353,0.668748,-0.666559,-0.465931,0.729118,0.501292,0.821239,0.145469,0.551728,0.027464,0.001057,0.000214,-1.137315,0.980293,0.828221,0.220423
2994,0.169181,0.010422,0.328872,-0.427847,-0.622082,-0.655748,0.338941,-0.782985,0.521561,-0.837363,0.001656,0.546669,0.041127,0.000981,-0.000207,-0.161815,0.48309,-0.530895,0.263598,-0.153414,0.022013,0.319479,-0.778585,-0.285785,0.558679,0.499055,-0.821596,0.275421,0.381262,0.493611,0.781569,0.023623,0.056575,0.046368,1.868389,1.089333,-1.739216,-1.405038,0.05117,0.054834,-0.021428,0.67927,0.397718,0.616775,-0.540663,0.839497,0.054108,-0.496262,-0.370221,0.785277,0.005644,0.02253,0.02763,0.437126,-0.495277,-0.213564,-0.849235,0.086532,0.04237,-0.060658,0.35953,0.658497,-0.66115,-0.435587,0.745028,0.505169,0.825228,0.106365,0.554692,0.027513,-0.005229,0.003634,-0.58129,1.814823,-2.126215,0.18156
2995,0.171148,0.010291,0.329036,-0.469038,-0.598822,-0.6492,0.293386,-0.798971,0.524921,-0.832444,0.056481,0.551248,0.041375,-0.008135,0.009551,-3.618315,2.975344,2.983083,0.218713,-0.152492,0.02445,0.321253,-0.768167,-0.303277,0.563856,0.503408,-0.830149,0.239514,0.396396,0.468221,0.789622,0.035308,0.069697,0.037923,0.215515,-0.204853,-0.044809,-1.404924,0.051639,0.056087,-0.020511,0.666514,0.41717,0.617841,-0.539571,0.841828,0.01367,-0.514413,-0.342481,0.786183,0.017632,0.0349,0.018996,0.110704,-0.127124,0.036279,-0.854787,0.087516,0.042304,-0.060583,0.399649,0.643056,-0.653267,-0.396958,0.763775,0.508989,0.826258,0.055903,0.560509,0.020672,-0.004479,0.004412,-0.049933,-0.037889,0.08285,0.11657
2996,0.1727,0.009811,0.329718,-0.52891,-0.553184,-0.643652,0.228412,-0.823213,0.519731,-0.816712,0.128556,0.562567,0.028178,-0.013264,0.023111,0.042218,0.794525,0.665981,0.211734,-0.151038,0.027004,0.322541,-0.765526,-0.311843,0.562775,0.508994,-0.82845,0.233516,0.394358,0.465607,0.792184,0.035245,0.061678,0.03041,0.128109,-0.01028,-0.178877,-1.405088,0.052352,0.057353,-0.019868,0.66413,0.424299,0.615548,-0.544086,0.838983,0.008714,-0.512738,-0.340699,0.78805,0.02484,0.025492,0.018651,0.12326,-0.043792,-0.19002,-0.860339,0.088297,0.042059,-0.060254,0.466,0.603779,-0.646757,-0.330606,0.796853,0.505692,0.820696,-0.02183,0.570946,0.020944,-0.006372,0.011569,-1.067826,0.971788,1.101766,0.082443
2997,0.173344,0.0095,0.330239,-0.55727,-0.530056,-0.639168,0.201067,-0.833002,0.515414,-0.804935,0.159363,0.571585,0.028267,-0.011459,0.024629,0.000109,0.731029,0.630989,0.208791,-0.15007,0.027964,0.323223,-0.763642,-0.318763,0.561455,0.511733,-0.828961,0.225581,0.394463,0.459982,0.795411,0.049595,0.048059,0.034593,0.452936,-0.360107,-0.436572,-1.404737,0.05283,0.057839,-0.019528,0.662313,0.429487,0.613907,-0.545552,0.838073,0.002255,-0.513531,-0.336412,0.789374,0.024827,0.02346,0.016795,0.533417,-0.43714,-0.496213,-0.865238,0.088618,0.041904,-0.059993,0.4978,0.583826,-0.641358,-0.305035,0.810106,0.500679,0.811878,-0.053601,0.581359,0.014237,-0.010956,0.016649,-0.608084,1.628957,1.244989,0.074278
2998,0.174394,0.008535,0.331616,-0.594407,-0.505922,-0.625115,0.192877,-0.844341,0.49986,-0.779962,0.177174,0.600247,0.028694,-0.033555,0.041019,0.582286,1.037485,0.397442,0.208042,-0.148171,0.029482,0.324718,-0.762238,-0.350503,0.544181,0.518363,-0.83394,0.189151,0.38846,0.426706,0.816629,0.050192,0.038159,0.042872,1.172644,-1.178375,-0.848027,-1.403965,0.053781,0.058589,-0.018794,0.663316,0.457177,0.592452,-0.546425,0.836819,-0.033964,-0.511303,-0.301202,0.804889,0.024445,0.024815,0.017602,1.115376,-1.099969,-0.762429,-0.87079,0.089144,0.041436,-0.059305,0.536592,0.5648,-0.626952,-0.297603,0.821899,0.485709,0.78962,-0.074044,0.60911,0.014352,-0.016407,0.020812,0.317855,0.590505,0.368349,0.067093
2999,0.175347,0.006469,0.333648,-0.649696,-0.455074,-0.608974,0.152794,-0.862887,0.481719,-0.743886,0.220484,0.630911,0.015328,-0.059914,0.054398,-0.440616,1.954463,1.417717,0.205974,-0.146309,0.031367,0.326119,-0.765348,-0.392465,0.510102,0.522387,-0.841686,0.136423,0.376752,0.371383,0.848526,0.047404,0.056947,0.023813,1.336924,-1.254233,-0.893471,-1.404155,0.054729,0.059557,-0.018069,0.671776,0.494728,0.551326,-0.541996,0.835609,-0.089421,-0.504933,-0.238746,0.829483,0.023699,0.028221,0.011643,1.305078,-1.224321,-0.868424,-0.864258,0.089626,0.04042,-0.058288,0.596473,0.522125,-0.609593,-0.261248,0.844429,0.467641,0.758926,-0.11968,0.640083,0.01448,-0.035994,0.03057,-3.117141,3.515027,3.686368,0.063338
3000,0.17579,0.005052,0.334799,-0.679951,-0.421792,-0.599837,0.119208,-0.870732,0.477061,-0.722674,0.253392,0.643088,0.029205,-0.074878,0.05905,-0.103367,1.01083,0.452607,0.202025,-0.145401,0.032394,0.326453,-0.767374,-0.406613,0.495776,0.522544,-0.844599,0.116337,0.372378,0.348858,0.85994,0.034983,0.045941,0.016111,0.881484,-0.886312,-0.434871,-1.404195,0.055169,0.060066,-0.017898,0.675936,0.507024,0.534823,-0.539052,0.835014,-0.110332,-0.502526,-0.21372,0.837729,0.023354,0.02905,0.00387,0.938733,-0.928097,-0.397587,-0.85691,0.089843,0.039721,-0.057711,0.632772,0.490807,-0.598921,-0.228054,0.85728,0.461585,0.739993,-0.155492,0.654393,0.007704,-0.037304,0.029829,-0.762484,1.767687,1.318182,0.062032
3001,0.176349,0.001942,0.337109,-0.7256,-0.355031,-0.589493,0.064137,-0.88782,0.455667,-0.68424,0.29326,0.667713,0.001881,-0.089225,0.0657,0.391432,0.772327,1.095719,0.14139,-0.143953,0.033502,0.327042,-0.769496,-0.428508,0.473548,0.52415,-0.84731,0.085243,0.365667,0.314352,0.875975,0.038469,0.01115,0.021628,0.616195,-0.665712,-0.351958,-1.404488,0.055892,0.06063,-0.017607,0.681481,0.524593,0.510279,-0.53561,0.83266,-0.140706,-0.498703,-0.177422,0.848419,0.012134,0.010069,0.006665,0.670486,-0.678097,-0.374788,-0.842704,0.090133,0.038169,-0.056561,0.684912,0.431406,-0.587182,-0.174815,0.879634,0.442361,0.707343,-0.20033,0.677888,0.007727,-0.039448,0.028208,-0.018369,-0.214815,2.907,0.016637
3002,0.176655,-0.001386,0.339547,-0.756685,-0.31951,-0.570427,0.049128,-0.897802,0.437619,-0.651015,0.303508,0.695765,0.015555,-0.077904,0.05749,-2.648187,3.487847,4.075124,0.082885,-0.142456,0.033771,0.32799,-0.779821,-0.447362,0.437878,0.52385,-0.849246,0.065551,0.343508,0.281073,0.896026,0.03966,0.000218,0.029498,-0.54434,-3.227757,0.456767,-1.404286,0.056641,0.060754,-0.017148,0.695523,0.537294,0.477034,-0.53216,0.831306,-0.160422,-0.482755,-0.142281,0.864119,0.019828,2.1e-05,0.014652,0.597203,-0.649728,-0.373072,-0.844663,0.090287,0.036466,-0.055321,0.719875,0.400108,-0.567179,-0.162173,0.891477,0.423046,0.674891,-0.21256,0.706639,0.007661,-0.039086,0.02862,-2.561222,3.571051,4.096443,-0.07399
3003,0.176858,-0.004429,0.341921,-0.812537,-0.220535,-0.539625,-0.032146,-0.907345,0.419122,-0.581048,0.358168,0.730839,0.001634,-0.06239,0.053564,-0.372011,1.846461,1.564988,0.057535,-0.140793,0.033849,0.329078,-0.781408,-0.465558,0.415511,0.523507,-0.851425,0.030805,0.340404,0.242191,0.908478,0.039746,-0.001441,0.028098,2.14357,1.399837,-0.993569,-1.40391,0.057473,0.060793,-0.016604,0.703755,0.551918,0.447341,-0.526572,0.827917,-0.193062,-0.476916,-0.099689,0.873276,0.019888,-0.001011,0.013784,0.884418,-1.01865,-0.395543,-0.841724,0.090387,0.03496,-0.054161,0.786554,0.309198,-0.534534,-0.082376,0.910415,0.40541,0.612,-0.274844,0.741562,0.000846,-0.037121,0.030672,-2.638453,3.841278,4.498376,-0.133591
3004,0.176764,-0.005592,0.342989,-0.834812,-0.171382,-0.523224,-0.069784,-0.909745,0.409226,-0.545098,0.378347,0.748164,-0.012461,-0.048785,0.047843,0.256085,1.271914,0.334855,0.066996,-0.14013,0.03384,0.329551,-0.785487,-0.475723,0.39584,0.523115,-0.852103,0.014273,0.331482,0.218892,0.917643,0.025725,0.005568,0.018294,0.401315,-1.580496,-0.16627,-1.403818,0.057809,0.060789,-0.016362,0.70887,0.559004,0.430135,-0.523295,0.825698,-0.210678,-0.472932,-0.075745,0.877836,0.01283,0.003003,0.009282,-0.542018,-3.245518,0.260138,-0.839601,0.090341,0.034353,-0.053608,0.815761,0.260898,-0.516202,-0.043648,0.917708,0.394849,0.576738,-0.299571,0.760018,-0.006251,-0.024101,0.024161,0.236565,1.257291,0.331521,-0.140776
3005,0.176117,-0.007082,0.344758,-0.863203,-0.1122,-0.492278,-0.101997,-0.916171,0.387556,-0.493423,0.384884,0.780016,-0.01258,-0.033485,0.043078,0.507878,0.950776,-0.055631,0.069974,-0.139152,0.03457,0.329964,-0.799726,-0.483776,0.355513,0.517579,-0.855597,0.000335,0.305007,0.184896,0.934156,0.022622,0.03017,0.004372,0.218385,-1.486938,0.222559,-1.40416,0.058309,0.061148,-0.016154,0.729944,0.560831,0.390703,-0.515605,0.827056,-0.223894,-0.448701,-0.038018,0.892873,0.011311,0.015046,0.002128,0.040253,-1.424885,0.317246,-0.840091,0.090022,0.033622,-0.05274,0.850093,0.205967,-0.484682,-0.011595,0.927443,0.373783,0.526503,-0.31213,0.790802,-0.01341,-0.010989,0.017735,0.723192,1.133311,0.010911,-0.141919
3006,0.175458,-0.007707,0.34606,-0.881162,-0.090325,-0.464155,-0.101454,-0.922643,0.372034,-0.46076,0.37502,0.804417,-0.012941,-0.008728,0.028446,0.35916,1.099406,0.371704,0.066333,-0.138138,0.035363,0.330271,-0.809714,-0.483231,0.332931,0.507825,-0.861296,-0.014708,0.294866,0.157784,0.942349,0.024576,0.013031,0.007498,0.614319,-0.716376,0.038166,-1.403857,0.058796,0.061549,-0.016002,0.742916,0.556881,0.371426,-0.504,0.830518,-0.237113,-0.44052,-0.011043,0.897674,0.012299,0.006402,0.003643,0.343861,-0.286365,0.430421,-0.843194,0.089692,0.033302,-0.052082,0.869599,0.187953,-0.456584,-0.013055,0.933143,0.359265,0.493584,-0.306456,0.813915,-0.006474,-0.00389,0.014629,-0.61996,1.101927,1.133161,-0.135877
3007,0.175298,-0.007765,0.346546,-0.887893,-0.069158,-0.454872,-0.117903,-0.921456,0.370121,-0.443639,0.38234,0.810572,-0.013176,0.001958,0.019687,0.109955,0.368022,-0.284545,0.082467,-0.137731,0.035411,0.330476,-0.811672,-0.482992,0.32848,0.502984,-0.863837,-0.026952,0.29778,0.143967,0.943644,0.026346,-0.001442,0.012736,0.461503,-0.624354,0.09747,-1.404021,0.059003,0.06158,-0.0159,0.74556,0.556148,0.367203,-0.497229,0.831077,-0.249144,-0.443736,0.003168,0.896151,0.006735,-0.001389,0.006476,0.593207,-0.643929,-0.009004,-0.834703,0.089612,0.033275,-0.051844,0.879601,0.165649,-0.445938,0.004252,0.934639,0.35557,0.475692,-0.314656,0.821405,-0.006611,0.000971,0.009841,0.076402,0.277393,-0.069698,-0.131958
3008,0.175064,-0.007585,0.347232,-0.893889,-0.029165,-0.447389,-0.155055,-0.916223,0.369412,-0.419573,0.399614,0.815042,0.000746,0.001101,0.018511,0.31904,-0.592316,0.468152,0.096811,-0.137237,0.035084,0.331139,-0.810524,-0.488362,0.323335,0.496236,-0.865829,-0.063436,0.311939,0.109665,0.943679,0.014886,-0.01386,0.020866,0.952835,0.03023,-0.097799,-1.403797,0.05926,0.061413,-0.015573,0.745854,0.560734,0.359553,-0.484679,0.827126,-0.284514,-0.456932,0.037938,0.888691,0.008188,-0.012946,0.013992,2.101093,1.614505,-0.626917,-0.84303,0.089495,0.033361,-0.051491,0.890985,0.128163,-0.435567,0.040864,0.932803,0.358062,0.452188,-0.336827,0.825876,0.000382,0.001073,0.009691,-0.05325,0.060069,-0.155085,-0.106648
3009,0.174919,-0.00739,0.347768,-0.893578,-0.023033,-0.448367,-0.161846,-0.915037,0.36944,-0.417672,0.402714,0.814493,0.000474,0.010876,0.008979,0.006544,-0.109295,0.199661,0.099682,-0.136777,0.034313,0.331864,-0.8059,-0.508678,0.302926,0.504811,-0.85773,-0.09694,0.310141,0.075454,0.947619,0.001384,-0.01081,0.008104,0.633956,-0.510963,-0.42924,-1.403924,0.059495,0.061034,-0.0152,0.744322,0.577063,0.336129,-0.487496,0.813504,-0.317107,-0.456434,0.072168,0.886825,0.007133,-0.004847,0.003821,0.83564,-0.676642,-0.523599,-0.851032,0.089417,0.033459,-0.051222,0.890401,0.121912,-0.438546,0.047985,0.932955,0.356779,0.45264,-0.33872,0.824854,0.000204,0.004916,0.004061,0.003975,-0.016847,0.018482,-0.097014
3010,0.174855,-0.00707,0.348179,-0.89177,-0.01984,-0.452105,-0.166006,-0.915079,0.367484,-0.419896,0.402783,0.813315,0.000244,0.021619,0.000247,0.042254,-0.120798,0.218734,0.099118,-0.136354,0.034708,0.332083,-0.815185,-0.517706,0.259702,0.51406,-0.853295,-0.086974,0.267644,0.063272,0.961367,0.009453,0.029312,0.0048,-1.665511,-2.535592,0.326636,-1.403996,0.059698,0.061174,-0.015114,0.758844,0.580315,0.295617,-0.497868,0.809523,-0.311125,-0.41986,0.088917,0.903222,0.005441,0.009045,0.006286,-1.643804,-2.405782,0.508603,-0.85642,0.089385,0.033614,-0.051007,0.888957,0.1186,-0.442366,0.052042,0.933473,0.354849,0.455022,-0.338467,0.823646,0.000234,0.005526,0.004546,0.004113,-0.029578,0.046069,-0.094401
3011,0.174811,-0.00685,0.348335,-0.891095,-0.013229,-0.453674,-0.173089,-0.914153,0.366518,-0.41847,0.40514,0.812878,0.000424,0.009685,0.007949,-0.005265,-0.008904,0.036189,0.107812,-0.13602,0.035411,0.332285,-0.816595,-0.522539,0.245188,0.520479,-0.850254,-0.078128,0.250314,0.064491,0.965944,0.021143,0.039912,0.011567,-1.518472,-2.454663,0.533761,-1.404071,0.059862,0.061512,-0.015023,0.762686,0.582474,0.281127,-0.505857,0.808067,-0.301885,-0.40301,0.088034,0.910951,0.010547,0.020174,0.005952,0.056744,-0.165614,0.325756,-0.853154,0.089363,0.033727,-0.050933,0.889036,0.11195,-0.443937,0.059179,0.93341,0.353895,0.453995,-0.340898,0.823211,0.000209,0.004925,0.004044,-0.059374,-0.05557,0.318617,-0.089339
3012,0.174691,-0.006517,0.348638,-0.88955,-0.005252,-0.456858,-0.181958,-0.913169,0.364672,-0.418,0.407524,0.811928,0.00034,0.007723,0.006318,0.00654,-0.109237,0.199693,0.113535,-0.135576,0.036564,0.333042,-0.814216,-0.531567,0.233412,0.530353,-0.844595,-0.072932,0.236921,0.065094,0.969275,-0.001682,0.01466,0.027362,0.246851,-0.34315,0.063114,-1.403628,0.060098,0.062133,-0.014631,0.763454,0.588146,0.266872,-0.516524,0.80407,-0.294403,-0.387736,0.086917,0.917663,-0.00159,0.01307,0.00989,0.506375,-0.608556,0.135365,-0.858706,0.089304,0.033902,-0.050774,0.888462,0.103846,-0.447045,0.068076,0.933469,0.352136,0.453871,-0.343293,0.822283,0.00016,0.003726,0.003048,0.008167,-0.110425,0.197008,-0.073173
3013,0.174733,-0.006525,0.348919,-0.887461,-0.001745,-0.460928,-0.186633,-0.913018,0.362681,-0.420368,0.407887,0.810522,0.000124,0.002824,0.002306,0.006545,-0.109121,0.199756,0.100007,-0.13583,0.036925,0.334066,-0.81227,-0.540854,0.218371,0.538093,-0.839341,-0.076793,0.225833,0.055826,0.972495,0.000101,0.000807,0.033015,0.301684,-0.383039,-0.031099,-1.404095,0.05997,0.062325,-0.014117,0.763923,0.59498,0.249838,-0.523481,0.797767,-0.299222,-0.377344,0.097797,0.920894,-0.006396,9.6e-05,0.016915,0.447845,-0.387255,-0.286875,-0.870463,0.089325,0.0339,-0.050632,0.886892,0.100265,-0.450962,0.07253,0.933836,0.350268,0.456245,-0.343358,0.820941,0.000136,-0.004781,0.004832,-0.034634,0.010767,-0.020878,-0.080848
3014,0.174705,-0.006625,0.349035,-0.887445,0.001127,-0.460962,-0.18831,-0.913662,0.360186,-0.419656,0.406442,0.811616,0.000294,-0.009267,0.009907,-0.015126,0.033071,-0.008003,0.09618,-0.135771,0.03695,0.334807,-0.812055,-0.544161,0.210821,0.539309,-0.837807,-0.084616,0.223684,0.045687,0.97352,0.001193,-0.007441,0.042959,0.31979,-0.327575,-0.228277,-1.403533,0.059994,0.062338,-0.013769,0.764881,0.596953,0.242079,-0.52338,0.794987,-0.306706,-0.375539,0.107895,0.920504,-0.00015,0.00188,0.017578,0.64738,-0.547025,-0.368797,-0.872096,0.089311,0.033853,-0.050579,0.887297,0.097329,-0.45081,0.074027,0.934748,0.347511,0.455217,-0.341718,0.822195,-0.006829,-0.005296,0.004618,-0.033091,0.035039,-0.040066,-0.088196
3015,0.174434,-0.006817,0.349359,-0.887573,0.003749,-0.460701,-0.189907,-0.914066,0.358317,-0.418666,0.405513,0.812591,-0.013516,-0.007513,0.01175,-0.013503,-0.050481,0.135387,0.092474,-0.13521,0.036787,0.336438,-0.805786,-0.561118,0.189329,0.552869,-0.827384,-0.098513,0.212929,0.026018,0.976651,0.013726,-0.004512,0.043758,0.558349,-0.6107,-0.156743,-1.403703,0.06028,0.062254,-0.01292,0.762179,0.60984,0.217202,-0.534463,0.782097,-0.320427,-0.365283,0.128136,0.922035,0.006827,-0.002158,0.02195,0.45472,-0.52575,-0.102361,-0.875035,0.089175,0.033749,-0.050418,0.887687,0.094665,-0.45061,0.075692,0.935321,0.345606,0.454182,-0.340897,0.823107,-0.006761,-0.003716,0.005911,-0.039929,-0.072597,0.128522,-0.094891
3016,0.174167,-0.006943,0.349763,-0.88789,0.006057,-0.460064,-0.191131,-0.914438,0.356714,-0.417438,0.404643,0.813657,0.000412,-0.006561,0.012114,-0.02655,-0.07973,0.157497,0.096281,-0.134385,0.036976,0.338219,-0.79943,-0.575413,0.172635,0.566275,-0.817751,-0.102718,0.201273,0.016385,0.979328,0.025225,0.006045,0.050057,-0.105786,-0.171032,-0.259519,-1.403646,0.060685,0.062337,-0.012055,0.758519,0.621339,0.196431,-0.546844,0.770861,-0.326701,-0.354414,0.140392,0.924489,0.011805,0.009019,0.021365,-0.354962,0.072141,-1.536586,-0.874872,0.089041,0.033688,-0.05022,0.888274,0.092556,-0.44989,0.076784,0.935779,0.344122,0.452849,-0.340219,0.824122,-0.00672,-0.002815,0.006643,-0.050353,0.000947,-0.026257,-0.096687
3017,0.173969,-0.007219,0.35012,-0.886886,0.00774,-0.461972,-0.193723,-0.913984,0.356478,-0.418375,0.405636,0.81268,0.000228,-0.010556,0.008865,-0.035708,0.01155,-0.019051,0.106263,-0.133595,0.037693,0.340105,-0.795255,-0.585377,0.15778,0.577757,-0.810646,-0.094781,0.184377,0.016539,0.982647,0.011787,0.009493,0.053402,-1.112125,0.265504,-5.360146,-1.402981,0.061084,0.0627,-0.011109,0.759905,0.624147,0.181616,-0.554958,0.768405,-0.318707,-0.338476,0.141398,0.93029,0.011344,0.011901,0.023285,-0.58856,-0.816236,0.121207,-0.882384,0.088943,0.033557,-0.050036,0.887393,0.090756,-0.45199,0.079541,0.935586,0.344021,0.454098,-0.341234,0.823014,0.0001,-0.005422,0.00432,-0.029926,-0.083824,0.154886,-0.08542
3018,0.173827,-0.007418,0.35029,-0.886287,0.008736,-0.463102,-0.195247,-0.913724,0.356313,-0.418935,0.4062,0.81211,0.000218,-0.010721,0.008733,-0.029983,-0.083038,0.155815,0.106164,-0.13344,0.037847,0.341081,-0.795511,-0.586187,0.15342,0.578738,-0.810087,-0.093565,0.180121,0.015115,0.983459,-0.000291,0.003426,0.050091,0.018646,-0.124488,-0.027481,-1.403069,0.061165,0.06279,-0.010612,0.757548,0.628627,0.175918,-0.560814,0.764664,-0.317451,-0.334077,0.141827,0.931813,0.000605,-0.004155,0.028797,0.015324,-0.035843,-0.232398,-0.887282,0.088872,0.033455,-0.049953,0.886971,0.089795,-0.45301,0.080957,0.935494,0.343942,0.454672,-0.341741,0.822487,-0.006842,-0.005365,0.004569,-0.030625,-0.068637,0.12561,-0.082807
3019,0.173584,-0.007761,0.350582,-0.886039,0.011987,-0.463504,-0.197697,-0.914031,0.354167,-0.418313,0.40542,0.81282,-0.013889,0.000191,0.000558,0.126425,0.050188,0.211336,0.095619,-0.133288,0.037525,0.34329,-0.792886,-0.593296,0.139007,0.584154,-0.805024,-0.103121,0.174073,0.000204,0.984663,0.002631,-0.018536,0.065959,0.397015,-0.423253,-0.308722,-1.403229,0.061241,0.062632,-0.009517,0.757388,0.63275,0.16121,-0.56437,0.758532,-0.325751,-0.328402,0.155738,0.931609,0.006821,-0.002792,0.029051,0.477811,-0.470021,-0.287696,-0.890058,0.088755,0.033278,-0.049805,0.887009,0.086839,-0.45351,0.083253,0.935983,0.342057,0.454183,-0.341164,0.822996,0.000102,-0.005386,0.004351,0.146122,0.196989,0.068465,-0.089012
3020,0.17338,-0.008037,0.350796,-0.885446,0.012971,-0.46461,-0.19929,-0.91368,0.354181,-0.418812,0.40618,0.812184,0.000156,-0.011879,0.007798,-0.035682,0.011568,-0.019045,0.104444,-0.132802,0.036997,0.345933,-0.791921,-0.598494,0.121072,0.587836,-0.800951,-0.113404,0.165831,-0.017864,0.985923,0.013105,-0.00128,0.060859,0.313258,-0.373763,-0.164653,-1.403267,0.06148,0.062358,-0.008196,0.759162,0.635204,0.142083,-0.566458,0.752265,-0.336484,-0.32062,0.174962,0.930908,0.007318,-0.006678,0.034096,0.434415,-0.463645,-0.284958,-0.890058,0.088648,0.033146,-0.0497,0.886619,0.08538,-0.45455,0.085091,0.935922,0.341772,0.454604,-0.3417,0.822541,-0.006984,-0.000595,-0.000281,0.002039,-0.067803,0.119222,-0.088359
3021,0.173246,-0.008161,0.350882,-0.885112,0.013519,-0.46523,-0.20013,-0.91353,0.354094,-0.419116,0.406498,0.811867,-3.6e-05,-0.000741,-0.000604,0.0,0.0,0.0,0.101297,-0.132555,0.03681,0.347232,-0.791816,-0.599856,0.114852,0.588727,-0.799753,-0.11718,0.163131,-0.024393,0.986234,0.000476,-0.00255,0.060997,0.107742,-0.297481,0.065174,-1.403111,0.061608,0.062266,-0.007545,0.759894,0.635857,0.135075,-0.566888,0.749907,-0.340992,-0.318117,0.182546,0.93031,0.007167,-0.005634,0.034756,0.064513,-0.21588,-0.074413,-0.889895,0.088581,0.033078,-0.049655,0.886358,0.084815,-0.455164,0.08594,0.935856,0.341741,0.454953,-0.342022,0.822215,-0.00687,-0.005731,0.004273,-0.031006,-0.068306,0.126032,-0.086726
3022,0.172968,-0.008334,0.351051,-0.884322,0.014803,-0.466692,-0.201996,-0.913282,0.353674,-0.419889,0.407008,0.811212,0.000272,-0.009399,0.00982,-0.029977,-0.082513,0.156095,0.097178,-0.132148,0.036497,0.349883,-0.788681,-0.605634,0.105738,0.594988,-0.79527,-0.116056,0.155361,-0.027837,0.987396,0.012904,-0.000397,0.061008,-0.099772,-0.070296,0.029675,-1.402932,0.061807,0.062113,-0.006217,0.758253,0.639918,0.124721,-0.573221,0.745501,-0.340065,-0.310593,0.186363,0.932093,0.007109,-0.005375,0.034798,-0.180236,-0.026397,0.029874,-0.887935,0.088442,0.032991,-0.049577,0.88578,0.083528,-0.456524,0.087699,0.935824,0.341382,0.455742,-0.342426,0.821609,-0.006914,0.000888,0.000925,1e-06,0.000969,-0.004437,-0.089176
3023,0.172896,-0.008319,0.351065,-0.883298,0.016453,-0.468572,-0.204065,-0.913276,0.352498,-0.42104,0.406955,0.810641,-6e-05,-0.001215,-0.000989,-0.00083,0.01363,-0.025379,0.097334,-0.132077,0.036401,0.352136,-0.785697,-0.611081,0.096185,0.601934,-0.791147,-0.108147,0.143162,-0.026285,0.989281,-0.012987,0.002731,0.049525,-0.10298,-0.0225,0.009406,-1.402993,0.061851,0.06207,-0.005082,0.756848,0.6435,0.114402,-0.581295,0.742757,-0.332275,-0.298792,0.184981,0.936218,-0.000243,0.001851,0.02453,-0.104226,-0.029597,0.043307,-0.891528,0.088406,0.033001,-0.049561,0.884938,0.081647,-0.458495,0.08989,0.936052,0.340184,0.45695,-0.342256,0.821008,2e-06,7.5e-05,6.3e-05,0.005868,-0.094132,0.174973,-0.091135
3024,0.172895,-0.008317,0.351041,-0.88262,0.017541,-0.469807,-0.205405,-0.913292,0.351679,-0.421807,0.406873,0.810284,-5.2e-05,-0.001047,-0.000852,0.005729,-0.094073,0.175144,0.096463,-0.132199,0.036464,0.353095,-0.785403,-0.612436,0.089748,0.603913,-0.790055,-0.105048,0.13622,-0.027515,0.990227,-0.014138,0.011408,0.039664,0.101363,-0.148771,-0.057108,-1.402978,0.06179,0.062099,-0.004616,0.75767,0.643577,0.108373,-0.583645,0.742475,-0.328769,-0.292052,0.185847,0.938171,-0.006344,4.4e-05,0.02382,0.2152,-0.245792,-0.140089,-0.890875,0.088405,0.032998,-0.049571,0.884466,0.080596,-0.459591,0.091093,0.936191,0.339481,0.457626,-0.342125,0.820687,-4.1e-05,-0.000832,-0.000675,0.00586,-0.094117,0.175008,-0.093095
3025,0.172873,-0.008329,0.351018,-0.881803,0.018848,-0.471289,-0.207029,-0.913293,0.350722,-0.422721,0.40681,0.809839,-3e-06,-6.1e-05,-4.9e-05,0.005728,-0.094078,0.175142,0.080032,-0.132622,0.036724,0.354576,-0.781018,-0.618599,0.085651,0.610528,-0.78525,-0.102822,0.131837,-0.027216,0.990829,-0.013312,0.005576,0.035593,-0.054402,0.068381,-0.179137,-1.402735,0.061583,0.062231,-0.003869,0.754003,0.648909,0.101956,-0.590441,0.737555,-0.327706,-0.28785,0.186893,0.939261,-0.007391,0.008041,0.013547,-0.020269,-0.026607,0.016443,-0.891854,0.088394,0.032992,-0.049588,0.883822,0.079174,-0.461073,0.092713,0.936383,0.338512,0.458542,-0.341932,0.820256,-1e-06,-1.1e-05,-7e-06,7.3e-05,-4.3e-05,-0.0001,-0.103708
3026,0.172833,-0.008318,0.351067,-0.881189,0.019827,-0.472396,-0.208285,-0.913253,0.350084,-0.423382,0.406853,0.809472,6.7e-05,0.001341,0.001092,0.0,0.0,0.0,0.081734,-0.132856,0.037281,0.355474,-0.781322,-0.619403,0.0766,0.612112,-0.78453,-0.098814,0.122275,-0.029519,0.991988,-0.003175,0.024348,0.015844,0.006261,-0.044915,0.073623,-1.402807,0.061457,0.062502,-0.003401,0.755626,0.648333,0.093231,-0.592822,0.737461,-0.323591,-0.27855,0.189245,0.941592,-0.000774,0.005948,0.011557,-0.034766,-0.011243,0.034182,-0.894467,0.088374,0.032995,-0.049565,0.883298,0.078018,-0.462273,0.094083,0.936495,0.337824,0.459272,-0.341891,0.819864,4.7e-05,0.000942,0.000766,0.00663,-0.10772,0.200454,-0.115955
3027,0.172825,-0.008262,0.3511,-0.88056,0.020826,-0.473525,-0.209521,-0.913253,0.349344,-0.424081,0.4068,0.809132,3.6e-05,0.000716,0.000582,0.005728,-0.094069,0.175147,0.087522,-0.132894,0.038146,0.356063,-0.782685,-0.61757,0.077478,0.611019,-0.786161,-0.092409,0.118955,-0.02419,0.992536,-0.002695,0.020623,0.01331,-0.182237,0.19475,-0.032627,-1.40244,0.061438,0.062937,-0.003105,0.756888,0.646676,0.094493,-0.592705,0.740134,-0.31765,-0.275355,0.184419,0.943487,-0.001341,0.010178,0.006569,-0.239797,0.144433,0.169113,-0.894467,0.08837,0.033026,-0.049546,0.882851,0.077037,-0.463291,0.095202,0.93662,0.337161,0.459902,-0.341769,0.819562,-0.006927,0.000525,0.000624,-0.000935,0.014702,-0.029597,-0.109587
3028,0.172773,-0.00827,0.351109,-0.88021,0.021376,-0.474151,-0.21022,-0.913236,0.348968,-0.42446,0.406809,0.808929,1e-06,1e-05,9e-06,0.0,0.0,0.0,0.088389,-0.132871,0.038548,0.356281,-0.783868,-0.615653,0.080711,0.609558,-0.787814,-0.087871,0.118661,-0.018887,0.992686,0.009974,0.01986,0.011708,-0.482234,0.299662,0.327276,-1.402372,0.061444,0.063139,-0.002995,0.757284,0.645859,0.096876,-0.592265,0.741673,-0.314867,-0.275211,0.181067,0.944178,-0.001888,0.014228,0.001512,0.033616,-0.034086,0.079544,-0.893487,0.088344,0.033024,-0.049541,0.882532,0.076341,-0.464013,0.096017,0.936693,0.336728,0.460344,-0.341727,0.819331,-2e-06,-3.6e-05,-2.7e-05,5.1e-05,-2.1e-05,-3.2e-05,-0.108281
3029,0.172513,-0.008313,0.351147,-0.879563,0.022382,-0.475304,-0.211538,-0.91317,0.348344,-0.425146,0.406902,0.808522,-0.0,-1e-06,-1e-06,0.0,0.0,0.0,0.082625,-0.132811,0.039382,0.356606,-0.786729,-0.61233,0.078115,0.607584,-0.790545,-0.076248,0.109424,-0.011735,0.993857,-0.002352,0.017895,0.011437,-0.048497,0.100253,-0.100807,-1.402498,0.061479,0.063549,-0.002837,0.760946,0.641483,0.097259,-0.591782,0.74767,-0.3013,-0.265997,0.171717,0.948555,0.005017,0.009512,0.00555,0.022705,-0.053794,0.081926,-0.898712,0.088219,0.033001,-0.049523,0.882015,0.075234,-0.465174,0.097358,0.936777,0.336108,0.461052,-0.341742,0.818927,-1e-06,-8e-06,-3e-06,3.1e-05,-1.3e-05,-2e-05,-0.108444
3030,0.172315,-0.008325,0.351169,-0.879001,0.02325,-0.476299,-0.21265,-0.913136,0.347755,-0.425751,0.406928,0.808191,-1.2e-05,-0.000227,-0.000184,0.0,0.0,0.0,0.087424,-0.132764,0.040017,0.357103,-0.787894,-0.611222,0.074974,0.606719,-0.791393,-0.074312,0.105739,-0.012273,0.994249,-0.002288,0.017354,0.01102,0.202365,-0.168971,-0.051475,-1.402092,0.061503,0.063867,-0.002588,0.762631,0.639862,0.09471,-0.591185,0.748923,-0.299354,-0.262476,0.172306,0.949429,-0.000364,0.002831,0.009387,0.293635,-0.253925,-0.122469,-0.900182,0.088115,0.032995,-0.049512,0.881581,0.074308,-0.466145,0.098453,0.936865,0.335543,0.461649,-0.341702,0.818607,-8e-06,-0.000153,-0.000122,4.3e-05,1e-06,-1.8e-05,-0.110403
3031,0.172231,-0.00833,0.351155,-0.878622,0.023837,-0.47697,-0.213373,-0.913138,0.347306,-0.42617,0.406889,0.807989,-1.4e-05,-0.000264,-0.000214,0.0,0.0,0.0,0.08887,-0.132669,0.04022,0.35738,-0.788114,-0.610963,0.07478,0.6065,-0.791595,-0.073948,0.105358,-0.012137,0.994291,-0.000608,0.004809,0.018211,-0.029478,-0.024398,0.027892,-1.401942,0.06155,0.063974,-0.002452,0.762766,0.639815,0.093934,-0.591144,0.748763,-0.299836,-0.262174,0.173176,0.949354,0.005142,0.008358,0.004767,-0.021903,0.081889,-0.112831,-0.900182,0.088078,0.032992,-0.049519,0.881276,0.073654,-0.466827,0.099196,0.936949,0.335091,0.462074,-0.341615,0.818404,-1e-05,-0.00019,-0.00015,3.9e-05,-2e-06,-1.3e-05,-0.108444
3032,0.17199,-0.008368,0.351144,-0.87819,0.024495,-0.477732,-0.214212,-0.913117,0.346846,-0.42664,0.406897,0.807738,-0.013966,-0.001057,-0.000472,-0.000984,0.014715,-0.029553,0.095763,-0.13236,0.04072,0.357948,-0.787932,-0.611181,0.074911,0.606786,-0.791437,-0.073288,0.105063,-0.011503,0.99433,0.009855,0.019751,0.011393,-0.007749,0.057651,-0.091355,-1.402337,0.061701,0.064213,-0.002168,0.762626,0.63996,0.094083,-0.591479,0.748815,-0.299045,-0.261828,0.172412,0.949588,0.004935,0.009766,0.005623,0.005696,-0.044585,0.078331,-0.899529,0.087958,0.032975,-0.049523,0.880934,0.07294,-0.467583,0.100036,0.937021,0.334639,0.462544,-0.34157,0.818157,-3.8e-05,-0.000738,-0.000597,-0.000806,0.013617,-0.025387,-0.102239
3033,0.171706,-0.008412,0.351129,-0.877686,0.025259,-0.478617,-0.215185,-0.913094,0.346306,-0.427186,0.406903,0.807446,-0.014005,-0.001743,-0.001034,0.003901,-0.065688,0.120235,0.092515,-0.131903,0.04108,0.358551,-0.786371,-0.613041,0.076109,0.608744,-0.790024,-0.072304,0.105435,-0.009736,0.99431,0.012127,0.002669,0.015733,-0.046109,0.079667,-0.135934,-1.402487,0.061927,0.064411,-0.001862,0.760903,0.641918,0.09469,-0.593534,0.747534,-0.298177,-0.26219,0.170683,0.949801,0.006057,0.001322,0.007853,-0.032413,-0.022695,0.033818,-0.900019,0.087816,0.032954,-0.04953,0.880575,0.072194,-0.468375,0.100913,0.937096,0.334166,0.463037,-0.341523,0.817897,-1.9e-05,-0.000369,-0.000298,1.4e-05,-1.4e-05,-0.0,-0.09783
3034,0.171621,-0.008459,0.351106,-0.876882,0.026504,-0.480021,-0.216747,-0.91306,0.345419,-0.428045,0.406897,0.806994,-6.8e-05,-0.001273,-0.001037,0.0,0.0,0.0,0.094972,-0.131767,0.040829,0.359121,-0.782977,-0.617822,0.072349,0.61305,-0.786191,-0.077507,0.105743,-0.015535,0.994204,0.000719,-0.005239,0.011816,0.170834,-0.140325,-0.125532,-1.401943,0.061995,0.064294,-0.001583,0.758262,0.64569,0.090123,-0.596772,0.74308,-0.30281,-0.26249,0.175826,0.94878,0.000356,-0.002661,0.005877,0.332257,-0.271406,-0.170556,-0.901978,0.087768,0.032929,-0.049542,0.87991,0.070774,-0.469838,0.102558,0.937243,0.333251,0.463938,-0.341417,0.817432,-4.4e-05,-0.000846,-0.000689,0.004928,-0.08039,0.149787,-0.098483
3035,0.171599,-0.008479,0.35109,-0.876456,0.027163,-0.480761,-0.217566,-0.913047,0.344938,-0.428501,0.406881,0.80676,-7.2e-05,-0.001348,-0.001098,0.0,0.0,0.0,0.098187,-0.131653,0.040684,0.359441,-0.782656,-0.618451,0.070419,0.613574,-0.785649,-0.078845,0.105063,-0.017703,0.994239,0.014133,-0.012104,0.021592,0.102986,-0.137791,-0.073263,-1.402195,0.062053,0.064211,-0.001423,0.758092,0.646203,0.087846,-0.597248,0.742043,-0.304412,-0.261898,0.178307,0.94848,0.000207,-0.001581,0.006551,0.203843,-0.178435,-0.111543,-0.902631,0.087757,0.032918,-0.049551,0.879575,0.070059,-0.470572,0.103378,0.937321,0.332779,0.464391,-0.341351,0.817202,-3.8e-05,-0.000709,-0.000577,3.9e-05,1.2e-05,-7e-06,-0.096524
3036,0.171534,-0.008535,0.351073,-0.875812,0.028157,-0.481877,-0.218823,-0.913005,0.344253,-0.429176,0.406907,0.806388,-4e-05,-0.000738,-0.000602,0.005711,-0.094013,0.175177,0.089865,-0.131198,0.040359,0.360211,-0.783118,-0.617931,0.069843,0.613303,-0.786089,-0.076535,0.103174,-0.016303,0.994461,0.013916,-0.010505,0.022595,-0.068636,-0.015656,0.013977,-1.401964,0.06228,0.064049,-0.001049,0.758556,0.645734,0.087278,-0.597433,0.742696,-0.302449,-0.260123,0.177282,0.94916,0.00694,-0.005205,0.011321,-0.071454,-0.013567,0.015232,-0.901325,0.087725,0.032889,-0.04956,0.879114,0.069079,-0.471577,0.104527,0.937408,0.332174,0.465007,-0.341311,0.816868,-2.3e-05,-0.000431,-0.00035,3e-05,1.1e-05,-1.2e-05,-0.094891
3037,0.171556,-0.008538,0.351096,-0.875257,0.029017,-0.482833,-0.219911,-0.912964,0.343667,-0.429752,0.406936,0.806067,4.3e-05,0.000797,0.00065,0.0,0.0,0.0,0.087473,-0.131084,0.040062,0.361083,-0.782414,-0.618795,0.070084,0.614416,-0.785454,-0.074086,0.101869,-0.014107,0.994629,0.001428,-0.010425,0.023669,-0.070705,-0.000478,-0.015282,-1.402081,0.062343,0.063897,-0.000605,0.757836,0.646581,0.087271,-0.598917,0.742471,-0.300058,-0.258808,0.175127,0.94992,0.00067,-0.004999,0.011964,-0.070765,-0.000501,-0.015082,-0.900998,0.087736,0.032886,-0.04955,0.87863,0.068046,-0.472627,0.105732,0.937499,0.331534,0.465648,-0.341268,0.816521,2.4e-05,0.000469,0.000382,1.7e-05,-4e-06,-1.1e-05,-0.105505
3038,0.171578,-0.008531,0.351101,-0.874932,0.029518,-0.483391,-0.220531,-0.912953,0.3433,-0.430094,0.406925,0.805889,5e-06,9.8e-05,8e-05,0.005712,-0.094004,0.175182,0.087528,-0.131087,0.03981,0.361472,-0.781347,-0.620301,0.068659,0.615845,-0.784235,-0.075128,0.101422,-0.015618,0.994652,-0.010019,-0.017916,0.020066,-0.057459,0.016961,-0.077997,-1.402074,0.062344,0.063785,-0.000402,0.757035,0.647789,0.08524,-0.600118,0.740977,-0.301346,-0.258371,0.176975,0.949696,0.000314,-0.00239,0.006052,-0.040715,-0.001986,0.003394,-0.901162,0.087746,0.032892,-0.049546,0.878422,0.067601,-0.473079,0.10624,0.937546,0.33124,0.465926,-0.341228,0.816379,2e-06,5.7e-05,4.4e-05,1.6e-05,-1.3e-05,-8e-06,-0.105995
3039,0.171535,-0.008544,0.351092,-0.874334,0.030433,-0.484416,-0.221666,-0.912931,0.342627,-0.430726,0.406906,0.805561,-4.2e-05,-0.000789,-0.000643,0.0,0.0,0.0,0.084388,-0.131045,0.038877,0.362179,-0.777455,-0.625987,0.060787,0.620869,-0.779401,-0.083603,0.100682,-0.026449,0.994498,0.003192,-0.023309,0.01575,0.348414,-0.380598,-0.074402,-1.402176,0.062363,0.06333,-5.3e-05,0.754584,0.651615,0.077455,-0.60351,0.735483,-0.30796,-0.257639,0.185637,0.94824,0.00167,-0.012294,0.007475,0.449854,-0.361327,-0.311098,-0.902305,0.087725,0.032887,-0.049549,0.877949,0.066608,-0.474096,0.107377,0.937649,0.330579,0.466555,-0.341139,0.816057,-3.4e-05,-0.000617,-0.000503,1.7e-05,-4e-06,-5e-06,-0.107138
3040,0.171442,-0.008561,0.351133,-0.873955,0.031009,-0.485063,-0.222427,-0.912874,0.342287,-0.431103,0.406991,0.805317,7.5e-05,0.001387,0.00113,0.0,0.0,0.0,0.07901,-0.130953,0.038067,0.362823,-0.776606,-0.627589,0.054824,0.622239,-0.777842,-0.087838,0.09874,-0.033292,0.994488,0.001278,-0.009331,0.009326,-0.000735,-0.018701,-0.037897,-1.402112,0.062408,0.0629,0.000271,0.754456,0.65265,0.069598,-0.60445,0.732208,-0.313866,-0.255805,0.194729,0.946912,0.001349,-0.00994,0.008949,-0.069915,-0.076094,0.128256,-0.897079,0.087679,0.032873,-0.049533,0.877602,0.065881,-0.474839,0.108258,0.937688,0.330182,0.467004,-0.341174,0.815785,4.2e-05,0.000835,0.000683,0.000837,-0.013626,0.025374,-0.115629
3041,0.171444,-0.008557,0.351163,-0.873764,0.031304,-0.485388,-0.222813,-0.912844,0.342113,-0.431291,0.407033,0.805195,9.5e-05,0.001772,0.001444,0.000828,-0.013617,0.025386,0.081411,-0.130777,0.037806,0.363058,-0.776593,-0.627413,0.056984,0.621907,-0.778014,-0.088658,0.100928,-0.032603,0.994291,0.013756,-0.009089,0.008458,-0.033393,-0.008162,0.008907,-1.401767,0.062491,0.062772,0.00039,0.754068,0.652823,0.072121,-0.604003,0.732397,-0.314282,-0.257992,0.193429,0.946585,0.006876,-0.004602,0.00419,-0.048595,-0.003438,0.012361,-0.898713,0.087679,0.032876,-0.049517,0.877452,0.065561,-0.475162,0.108647,0.937703,0.330012,0.467197,-0.341195,0.815666,4.7e-05,0.000888,0.000724,0.000841,-0.013618,0.025377,-0.116119
3042,0.171456,-0.008523,0.35119,-0.873352,0.031933,-0.486088,-0.223592,-0.912828,0.341649,-0.431722,0.40702,0.804971,2.6e-05,0.000488,0.000397,0.0,0.0,0.0,0.082441,-0.130439,0.037392,0.363209,-0.776333,-0.627319,0.061401,0.621829,-0.778249,-0.087123,0.103407,-0.028646,0.994158,0.000697,-0.005045,-0.003121,-0.123161,0.102117,0.035702,-1.401545,0.062664,0.062568,0.000473,0.753088,0.653475,0.076334,-0.604223,0.732864,-0.312767,-0.260328,0.189418,0.946756,0.000311,-0.00229,-0.001422,-0.167579,0.121005,0.081027,-0.901162,0.087686,0.032896,-0.049501,0.877126,0.064878,-0.475856,0.109427,0.937772,0.329557,0.467626,-0.341135,0.815445,1.5e-05,0.000274,0.000223,2.8e-05,1.1e-05,-0.0,-0.113343
3043,0.171362,-0.008528,0.351189,-0.872849,0.032691,-0.486941,-0.224533,-0.912807,0.341087,-0.43225,0.407006,0.804695,-1.8e-05,-0.000326,-0.000266,0.0,0.0,0.0,0.082078,-0.130388,0.037225,0.363216,-0.776301,-0.627359,0.061394,0.621896,-0.778225,-0.086862,0.103241,-0.028441,0.994181,9.2e-05,-0.000664,-0.000411,-2.6e-05,1.9e-05,1.3e-05,-1.402289,0.062691,0.062472,0.000469,0.753126,0.65342,0.076431,-0.604258,0.733001,-0.312381,-0.26014,0.189079,0.946876,3.9e-05,-0.000298,-0.000186,0.002009,-0.001676,-0.000368,-0.903611,0.087639,0.032894,-0.049501,0.876727,0.064054,-0.476702,0.110371,0.937855,0.329006,0.468152,-0.341062,0.815174,-1.2e-05,-0.000231,-0.000187,0.005746,-0.093971,0.175201,-0.113833
