frame,MLTx,MLTy,MLTz,MLTR1,MLTR2,MLTR3,MLTR4,MLTR5,MLTR6,MLTR7,MLTR8,MLTR9,MLTTVx,MLTTVy,MLTTVz,MLTRVx,MLTRVy,MLTRVz,MLGA,MRTx,MRTy,MRTz,MRTR1,MRTR2,MRTR3,MRTR4,MRTR5,MRTR6,MRTR7,MRTR8,MRTR9,MRTTVx,MRTTVy,MRTTVz,MRTRVx,MRTRVy,MRTRVz,MRGA,SLTx,SLTy,SLTz,SLTR1,SLTR2,SLTR3,SLTR4,SLTR5,SLTR6,SLTR7,SLTR8,SLTR9,SLTTVx,SLTTVy,SLTTVz,SLTRVx,SLTRVy,SLTRVz,SLGA,SRTx,SRTy,SRTz,SRTR1,SRTR2,SRTR3,SRTR4,SRTR5,SRTR6,SRTR7,SRTR8,SRTR9,SRTTVx,SRTTVy,SRTTVz,SRTRVx,SRTRVy,SRTRVz,SRGA
37,0.148457,-0.04152,0.307342,-0.124476,0.141574,-0.982093,-0.588775,-0.807198,-0.041791,-0.798513,0.572851,0.185055,-0.016692,0.074203,-0.084163,0.253751,-1.790827,-0.875203,0.171419,-0.187263,-0.049603,0.309209,-0.370827,-0.357143,0.857279,0.680255,-0.732849,-0.010918,0.632592,0.579566,0.513607,-0.115446,-0.041033,-0.086648,4.844716,-0.055186,2.840472,0.129094,0.033751,0.019676,-0.026965,0.351499,0.325214,0.877885,-0.660918,0.750339,-0.013337,-0.663049,-0.575523,0.478683,-0.057688,-0.021311,-0.044123,4.849701,-0.043217,2.829795,-0.029027,0.075076,0.017714,-0.071343,0.210134,-0.103662,-0.972161,0.492917,0.869966,0.01378,0.844319,-0.48209,0.233907,-0.008258,0.037223,-0.041918,0.266581,-1.707285,-0.824086,-0.080358
38,0.147109,-0.038849,0.304075,-0.091798,0.073921,-0.993053,-0.562938,-0.826427,-0.009533,-0.821284,0.558056,0.118713,-0.032644,0.071135,-0.088239,0.265635,-1.416677,-0.555476,0.169785,-0.192111,-0.051716,0.305822,-0.408525,-0.331451,0.850434,0.643795,-0.765072,0.011215,0.647411,0.552503,0.524844,-0.116988,-0.055699,-0.085985,0.012399,-0.101248,0.167135,0.145455,0.031414,0.018654,-0.028603,0.389053,0.298088,0.871654,-0.623065,0.782097,0.010637,-0.678548,-0.547236,0.490006,-0.065965,-0.033264,-0.038021,-0.377118,-0.386314,0.580402,-0.009432,0.074434,0.019011,-0.072902,0.17095,-0.040032,-0.984465,0.463049,0.885219,0.044411,0.86969,-0.463448,0.169864,-0.016309,0.030078,-0.039886,0.225055,-1.73134,-0.992216,0.014514
39,0.14494,-0.036106,0.300995,-0.066156,0.018442,-0.997662,-0.537844,-0.84279,0.020033,-0.840374,0.537885,0.066916,-0.078055,0.079641,-0.078537,0.4082,-1.194534,-0.762201,0.051291,-0.196782,-0.053969,0.302706,-0.438938,-0.306672,0.844557,0.608139,-0.793289,0.028146,0.661871,0.526349,0.533617,-0.118028,-0.063359,-0.076475,0.019529,-0.148274,0.266545,0.158193,0.029034,0.017499,-0.030211,0.418999,0.272643,0.866086,-0.587219,0.808892,0.029449,-0.692541,-0.520921,0.499026,-0.05924,-0.026489,-0.042701,0.048337,-0.060712,0.101901,0.011632,0.073347,0.020392,-0.074488,0.139357,0.012084,-0.990168,0.433976,0.898039,0.072037,0.89008,-0.439748,0.119903,-0.038928,0.040102,-0.038886,0.766679,-1.325673,-0.858464,-0.077419
40,0.143225,-0.034498,0.299612,-0.06235,-0.001116,-0.998076,-0.522794,-0.851781,0.033559,-0.85011,0.523878,0.053767,-0.107822,0.087531,-0.069422,0.263553,-0.692659,-0.505923,0.034871,-0.199078,-0.05514,0.301217,-0.445398,-0.301653,0.842981,0.601025,-0.79855,0.03194,0.66406,0.521259,0.535889,-0.118786,-0.061429,-0.075503,0.018468,-0.148355,0.265873,0.166515,0.027887,0.01691,-0.030958,0.425297,0.267541,0.864606,-0.580124,0.813838,0.03353,-0.694678,-0.515839,0.501329,-0.051354,-0.030808,-0.038247,0.007037,-0.068574,0.118198,0.02094,0.07246,0.02122,-0.075216,0.132365,0.032733,-0.99066,0.416478,0.905111,0.085553,0.899457,-0.423912,0.106172,-0.053807,0.044107,-0.034272,0.265433,-0.658701,-0.480503,-0.137183
41,0.138667,-0.030759,0.297262,-0.063431,-0.021375,-0.99778,-0.502645,-0.863006,0.050389,-0.862096,0.504748,0.04524,-0.120376,0.100939,-0.053695,0.273883,-0.072238,-0.133737,0.030074,-0.203153,-0.057485,0.298342,-0.455711,-0.288471,0.842083,0.576996,-0.816046,0.032838,0.678251,0.501207,0.537243,-0.087666,-0.05546,-0.072142,1.408558,-0.04345,1.066047,0.193036,0.025876,0.015749,-0.032379,0.4334,0.25699,0.863782,-0.5607,0.82727,0.035202,-0.705535,-0.499579,0.502633,-0.043793,-0.027967,-0.036278,0.021979,-0.182055,0.329743,0.046087,0.07027,0.023008,-0.076359,0.131024,0.052807,-0.989971,0.394239,0.913451,0.100903,0.909619,-0.403506,0.098865,-0.060273,0.045068,-0.022492,0.240905,0.137237,-0.352936,-0.179149
42,0.133805,-0.027174,0.295792,-0.067577,-0.029207,-0.997309,-0.494376,-0.867238,0.058844,-0.866546,0.497054,0.045408,-0.118824,0.075546,-0.019953,0.16908,0.025588,-0.126728,0.016959,-0.206402,-0.059544,0.296016,-0.468625,-0.275643,0.839287,0.558511,-0.828497,0.039888,0.684914,0.487792,0.541124,-0.086921,-0.055528,-0.050727,-0.022422,-0.099486,0.183052,0.219984,0.024211,0.014691,-0.033588,0.44795,0.241015,0.860959,-0.537094,0.842393,0.043628,-0.714751,-0.48196,0.506798,-0.035274,-0.027483,-0.025281,-0.021407,-0.115018,0.211044,0.088379,0.067794,0.024852,-0.077124,0.134656,0.060396,-0.989049,0.38478,0.916625,0.10836,0.913132,-0.395158,0.10019,-0.066775,0.044568,-0.012718,0.196689,0.122732,-0.277028,-0.191559
43,0.131127,-0.02559,0.295478,-0.070498,-0.031899,-0.997024,-0.491221,-0.868775,0.062476,-0.868103,0.494199,0.046819,-0.133123,0.069991,-0.005854,0.133122,0.039358,-0.149451,0.008461,-0.207846,-0.060496,0.295105,-0.474998,-0.268116,0.838142,0.547268,-0.835817,0.042916,0.689596,0.479413,0.542663,-0.070758,-0.038867,-0.05258,0.422405,-0.024436,0.350426,0.215962,0.023456,0.014191,-0.034066,0.454234,0.233349,0.859778,-0.525855,0.849256,0.047324,-0.719129,-0.473615,0.508468,-0.035275,-0.018927,-0.025513,0.424723,-0.02482,0.353612,0.096544,0.066411,0.025673,-0.077288,0.137313,0.063402,-0.988496,0.381166,0.91772,0.11181,0.914252,-0.392134,0.101848,-0.066484,0.035392,-0.00237,0.129283,0.040695,-0.148165,-0.205765
44,0.125131,-0.022758,0.295507,-0.080717,-0.029606,-0.99632,-0.486554,-0.871194,0.065253,-0.869826,0.490063,0.057156,-0.161563,0.068075,0.01114,0.111366,0.401631,0.010409,0.020471,-0.210377,-0.062131,0.294016,-0.485577,-0.260119,0.834592,0.540552,-0.839602,0.052957,0.687534,0.477185,0.547224,-0.052132,-0.033376,-0.022171,-0.023518,-0.089446,0.168536,0.199017,0.022209,0.013377,-0.034616,0.464669,0.225153,0.85638,-0.519313,0.85264,0.057608,-0.717214,-0.471498,0.513121,-0.02577,-0.021655,-0.006109,-0.059713,-0.060303,0.119655,0.088869,0.063413,0.027091,-0.07727,0.147295,0.062783,-0.987097,0.376065,0.919478,0.114599,0.91481,-0.388093,0.111824,-0.080735,0.034318,0.005982,0.121857,0.48602,0.062961,-0.21099
45,0.118714,-0.019978,0.296405,-0.097692,-0.020912,-0.99502,-0.483077,-0.873092,0.065725,-0.870003,0.487114,0.076431,-0.157302,0.081339,0.025624,0.133289,0.837588,0.089207,0.020445,-0.212189,-0.063257,0.293852,-0.498409,-0.251465,0.829666,0.529267,-0.846176,0.061618,0.687148,0.470144,0.553764,-0.033113,-0.028612,0.008166,-0.030852,-0.218987,0.176235,0.186533,0.021296,0.01281,-0.034712,0.477386,0.216366,0.851638,-0.50811,0.858708,0.066659,-0.716886,-0.464548,0.519873,-0.016447,-0.013646,0.005084,-0.038754,-0.143942,-0.012302,0.073356,0.060263,0.028443,-0.07684,0.163941,0.057163,-0.984812,0.372452,0.920842,0.115452,0.913456,-0.385723,0.129673,-0.086422,0.036299,0.018059,0.059789,0.24559,-0.118942,-0.204785
46,0.112081,-0.017003,0.298238,-0.114752,-0.012278,-0.993341,-0.480548,-0.874445,0.066269,-0.8693,0.484963,0.095681,-0.168775,0.073499,0.056328,0.039038,0.278336,-0.090798,0.050793,-0.213115,-0.063857,0.294494,-0.505217,-0.249828,0.826035,0.527382,-0.84698,0.066533,0.683622,0.469566,0.558598,0.001672,-0.01621,0.025067,-0.057429,-0.087804,0.162856,0.17219,0.02082,0.012508,-0.034393,0.48434,0.214809,0.848098,-0.506441,0.859298,0.071578,-0.713394,-0.46418,0.52498,-0.007425,-0.001877,0.009766,-0.032295,-0.061946,0.161401,0.054904,0.056951,0.029935,-0.075934,0.18365,0.04791,-0.981823,0.369903,0.922026,0.114183,0.910738,-0.384149,0.151608,-0.083929,0.04312,0.02517,0.059319,0.222928,-0.098219,-0.192539
47,0.108717,-0.015514,0.299374,-0.12437,-0.004433,-0.992249,-0.484824,-0.872206,0.064612,-0.865584,0.489103,0.107563,-0.167953,0.06482,0.06614,0.030283,0.595034,0.120216,0.088907,-0.213226,-0.063949,0.29495,-0.509028,-0.250244,0.823565,0.526457,-0.847436,0.068034,0.681507,0.468521,0.562049,-0.014269,-0.000422,0.02432,-0.032298,-0.009955,-0.001523,0.170975,0.020771,0.01246,-0.034159,0.488371,0.215172,0.845691,-0.505523,0.859702,0.073193,-0.711294,-0.463261,0.528628,0.001055,-0.000167,0.011952,-0.031184,-0.076375,0.190723,0.048046,0.05527,0.030689,-0.075362,0.192914,0.042794,-0.980281,0.37447,0.920221,0.113866,0.906948,-0.389053,0.161498,-0.083694,0.037978,0.029125,0.096698,0.81547,0.253591,-0.158901
48,0.102037,-0.012872,0.301895,-0.131215,0.006562,-0.991355,-0.4844,-0.872887,0.058284,-0.864802,0.487848,0.118949,-0.165743,0.067144,0.066417,0.072579,-0.068515,0.676686,0.151024,-0.212701,-0.063819,0.296234,-0.516024,-0.251443,0.818833,0.524881,-0.848216,0.070451,0.677455,0.466464,0.568621,0.019852,0.008013,0.035203,0.006161,-0.181746,0.012422,0.177364,0.021022,0.012525,-0.033515,0.495332,0.215981,0.841426,-0.503998,0.860367,0.075851,-0.707553,-0.461648,0.535021,0.009988,0.004478,0.018288,0.019926,-0.228239,-0.011914,0.048863,0.051931,0.032016,-0.074093,0.202029,0.032467,-0.97884,0.374458,0.920951,0.107834,0.904966,-0.388321,0.173901,-0.083015,0.033218,0.032909,0.216925,-1.006325,2.327736,-0.064356
49,0.095877,-0.010246,0.30446,-0.133291,0.013563,-0.991007,-0.484227,-0.873312,0.053123,-0.864579,0.486933,0.124206,-0.149153,0.066189,0.064154,-0.005026,0.13123,-0.173251,0.225238,-0.211877,-0.063569,0.297671,-0.517819,-0.250088,0.818115,0.524759,-0.848073,0.073036,0.67618,0.467449,0.569329,0.019734,0.007852,0.034669,-0.028977,-0.043431,0.088086,0.205272,0.021436,0.012664,-0.032776,0.497139,0.214739,0.840677,-0.504052,0.86011,0.07837,-0.706246,-0.462706,0.535834,0.010074,-0.001291,0.021891,-0.080134,0.076946,-0.129287,0.065192,0.048846,0.033335,-0.072803,0.204581,0.024514,-0.978542,0.374808,0.921535,0.101446,0.904248,-0.387519,0.179341,-0.074603,0.033231,0.032354,-0.015096,-0.019281,-0.043397,0.024638
50,0.093001,-0.008986,0.305688,-0.130511,0.011229,-0.991406,-0.463491,-0.88462,0.050942,-0.87629,0.466138,0.121892,-0.148752,0.065307,0.062155,0.48351,0.058121,-0.262424,0.264945,-0.211432,-0.063532,0.298392,-0.51817,-0.249771,0.817989,0.525173,-0.847736,0.073967,0.675589,0.46823,0.569388,0.019431,0.00623,0.032219,-0.028982,-0.04337,0.088119,0.228094,0.02166,0.012688,-0.032408,0.497477,0.214397,0.840565,-0.504504,0.859761,0.079291,-0.705685,-0.463513,0.535875,0.009655,0.002862,0.015741,-0.030775,-0.029646,0.062805,0.088216,0.047409,0.033968,-0.072185,0.20129,0.026863,-0.979162,0.353577,0.930235,0.098207,0.91349,-0.365978,0.177749,-0.074503,0.032477,0.030973,1.652164,-0.113171,-0.244443,0.083422
51,0.087589,-0.006744,0.30819,-0.114163,0.018287,-0.993316,-0.459596,-0.887365,0.036432,-0.880633,0.460656,0.110946,-0.119443,0.049352,0.065447,-0.040848,-0.037631,0.01296,0.309717,-0.210715,-0.063714,0.299508,-0.518739,-0.249227,0.817794,0.526121,-0.846991,0.075742,0.674413,0.469865,0.569436,0.002281,-0.012253,0.030411,-0.070935,0.010488,-0.009596,0.265195,0.022027,0.012614,-0.031835,0.498104,0.213794,0.840347,-0.505467,0.859029,0.081061,-0.704553,-0.465144,0.535951,0.008985,-0.001248,0.009831,-0.030691,-0.029933,0.062691,0.138346,0.044691,0.035092,-0.070938,0.186056,0.018324,-0.982367,0.349871,0.933053,0.083668,0.918135,-0.359269,0.167189,-0.066562,0.031402,0.029472,-0.006889,-0.149427,0.165565,0.177315
52,0.083507,-0.004714,0.3105,-0.105453,0.022163,-0.9942,-0.460862,-0.88698,0.029057,-0.881067,0.461221,0.104987,-0.089133,0.045661,0.062528,-0.039592,-0.062835,0.066775,0.316429,-0.210339,-0.06421,0.300206,-0.518589,-0.24918,0.817904,0.527549,-0.845999,0.076893,0.673411,0.471676,0.569125,0.000545,-0.009934,0.009806,-0.036362,0.011847,-0.017573,0.278554,0.022216,0.012364,-0.03147,0.497942,0.213748,0.840455,-0.506995,0.858024,0.082162,-0.703569,-0.467019,0.535615,0.000196,-0.00537,0.004324,-0.036324,0.011843,-0.017575,0.17476,0.042638,0.036106,-0.069783,0.178092,0.013621,-0.983919,0.351681,0.932982,0.076571,0.919022,-0.359662,0.161366,-0.044081,0.028341,0.027241,-0.004577,-0.188444,0.247817,0.20932
53,0.080528,-0.003131,0.312614,-0.102957,0.022945,-0.994444,-0.46219,-0.886343,0.027347,-0.88067,0.462405,0.103099,-0.048514,0.028608,0.046654,-0.037651,0.016241,-0.0361,0.380434,-0.210295,-0.064605,0.300433,-0.518042,-0.249472,0.818161,0.528643,-0.845294,0.077121,0.672973,0.472783,0.568724,-0.00023,-0.001478,-0.002091,0.0,-0.0,-0.0,0.27816,0.022236,0.01216,-0.031366,0.497395,0.214047,0.840703,-0.508113,0.857345,0.082337,-0.703149,-0.468127,0.535199,-0.000167,-0.001023,-0.001449,-0.001773,0.013253,-0.025527,0.182271,0.041138,0.036918,-0.068704,0.175658,0.012521,-0.984371,0.353206,0.932542,0.074891,0.918906,-0.360841,0.159385,-0.031666,0.015144,0.023687,-0.038733,0.046477,-0.090001,0.262879
54,0.079488,-0.002617,0.313394,-0.10382,0.022266,-0.99437,-0.462625,-0.886083,0.028407,-0.88034,0.462937,0.103532,-0.036422,0.019112,0.037325,-0.037623,0.139677,-0.222719,0.412043,-0.210335,-0.064645,0.300414,-0.51799,-0.249503,0.818185,0.52871,-0.845254,0.077107,0.67296,0.472839,0.568692,-0.000635,0.009358,-0.010619,0.036364,-0.011822,0.017586,0.276844,0.022216,0.012133,-0.031378,0.49733,0.214086,0.840731,-0.508207,0.857291,0.082323,-0.703127,-0.468207,0.535157,-0.000134,-0.000829,-0.001175,4e-06,-2e-06,1.1e-05,0.182434,0.040615,0.037184,-0.068305,0.176294,0.013196,-0.984248,0.353616,0.932311,0.075837,0.918627,-0.361416,0.159694,-0.02477,0.016662,0.015711,-0.003599,0.012319,-0.045376,0.30909
55,0.078524,-0.001888,0.314552,-0.105003,0.021473,-0.994263,-0.463259,-0.885708,0.029743,-0.879864,0.463693,0.104187,-0.023334,0.012559,0.031244,-0.035766,0.002579,-0.001145,0.421986,-0.210483,-0.064687,0.30027,-0.518912,-0.246819,0.818415,0.523965,-0.848255,0.07654,0.675959,0.468851,0.568438,-0.017106,0.008333,-0.011406,0.034318,0.003372,-0.011665,0.27369,0.022141,0.012115,-0.031454,0.498185,0.211361,0.840914,-0.50333,0.860196,0.081982,-0.706023,-0.4641,0.534922,-0.008571,0.004048,-0.005866,0.034248,0.003342,-0.011783,0.180801,0.040125,0.037542,-0.067732,0.177519,0.014234,-0.984013,0.354164,0.931976,0.077374,0.918179,-0.362237,0.160402,-0.004256,0.00956,0.009757,-0.000772,-0.016242,0.019045,0.364282
56,0.07852,-0.001631,0.315374,-0.106431,0.019756,-0.994147,-0.453485,-0.890716,0.030795,-0.884769,0.454079,0.104996,0.003114,0.000937,0.021099,-0.033893,-0.011327,0.033678,0.418887,-0.210539,-0.064807,0.300102,-0.521152,-0.246246,0.817163,0.519353,-0.851237,0.074848,0.677797,0.463716,0.570458,-0.000347,-0.002216,-0.003146,0.092092,-0.404011,0.00824,0.262609,0.022113,0.012052,-0.031542,0.499781,0.209642,0.840397,-0.498505,0.863079,0.081159,-0.708315,-0.459504,0.535859,-0.00021,-0.001333,-0.001895,0.155602,-0.53359,-0.275374,0.17231,0.040113,0.037674,-0.067317,0.178748,0.016129,-0.983762,0.343788,0.935817,0.077809,0.921877,-0.352114,0.16173,0.008446,-0.001607,0.008945,-0.03346,-0.010783,0.038594,0.366405
57,0.078681,-0.001533,0.315653,-0.107032,0.018374,-0.994109,-0.443122,-0.895906,0.031097,-0.88993,0.443812,0.105271,0.017823,0.007142,0.00891,1.648502,0.024931,-0.288536,0.425046,-0.210532,-0.064843,0.30005,-0.521169,-0.246233,0.817156,0.519341,-0.851242,0.074864,0.677793,0.463712,0.570466,-0.000281,-0.001793,-0.002546,-0.000794,0.009369,-0.027613,0.260499,0.022116,0.012034,-0.031567,0.500573,0.210907,0.839609,-0.498562,0.863114,0.08043,-0.707716,-0.458858,0.537202,-7.3e-05,-0.000476,-0.000677,-0.006776,0.015332,0.006611,0.168718,0.040186,0.037716,-0.067179,0.179081,0.016879,-0.983689,0.338477,0.937759,0.077711,0.923776,-0.346873,0.162222,0.008721,0.003067,0.003916,0.00056,-0.030287,0.053634,0.370324
58,0.079259,-0.001197,0.315975,-0.101272,0.021927,-0.99464,-0.443206,-0.896046,0.02532,-0.890569,0.443363,0.101701,0.017912,0.007513,0.00925,0.001216,-0.045631,0.0782,0.433465,-0.210432,-0.064831,0.300063,-0.521257,-0.246172,0.817118,0.519284,-0.85127,0.074942,0.677769,0.463693,0.57051,9.2e-05,0.00059,0.000837,0.0,-1e-06,-1e-06,0.253353,0.022166,0.012038,-0.031564,0.500551,0.210694,0.839676,-0.498529,0.863116,0.08061,-0.707754,-0.458952,0.537071,5.9e-05,0.00037,0.000526,-0.000184,0.000391,0.00019,0.160717,0.040474,0.037881,-0.06702,0.173947,0.013419,-0.984663,0.333386,0.940059,0.071706,0.926604,-0.340746,0.159047,0.009362,0.008802,1.4e-05,0.034602,-0.048675,0.067295,0.384694
59,0.080262,-0.00108,0.316189,-0.100577,0.02158,-0.994718,-0.432654,-0.901221,0.024142,-0.895821,0.432765,0.101218,0.03012,-0.000915,0.001391,0.045652,0.076178,-0.113285,0.438192,-0.210201,-0.064783,0.300158,-0.521694,-0.245862,0.816933,0.519033,-0.851386,0.075364,0.677626,0.463644,0.570719,0.000274,0.001759,0.002495,0.0,-0.0,-0.0,0.246929,0.022281,0.012062,-0.031517,0.500983,0.210374,0.839498,-0.49829,0.863213,0.081044,-0.707617,-0.458915,0.537283,0.000174,0.001124,0.001593,-6e-06,9e-06,-1.1e-05,0.152226,0.040962,0.03795,-0.066903,0.17316,0.013628,-0.984798,0.322558,0.943973,0.069779,0.930575,-0.329738,0.159063,0.007385,-0.00452,0.005745,0.46674,-0.005467,-0.034198,0.392042
60,0.08101,-0.001453,0.316184,-0.102722,0.017411,-0.99458,-0.400732,-0.91583,0.025302,-0.910305,0.401133,0.102292,0.012594,-0.007526,-0.006853,5.500522,-0.032603,-0.728424,0.47085,-0.210075,-0.064744,0.30019,-0.523026,-0.24798,0.81544,0.519079,-0.851466,0.074145,0.676564,0.462371,0.573007,0.016488,0.001131,0.000924,0.03228,-0.133051,-0.034077,0.242194,0.022402,0.012088,-0.031485,0.502587,0.212524,0.837997,-0.498247,0.863348,0.079869,-0.706509,-0.457671,0.539797,9.8e-05,0.000626,0.000884,-0.00292,-0.001595,0.030828,0.142102,0.041355,0.037772,-0.066895,0.174683,0.017353,-0.984471,0.294602,0.95312,0.069074,0.939518,-0.302093,0.161382,0.006258,-0.003875,-0.003554,0.012762,-0.000112,0.002744,0.420128
61,0.081212,-0.001656,0.316063,-0.10073,0.017801,-0.994777,-0.390007,-0.92051,0.022966,-0.915175,0.390256,0.100904,0.012068,-0.009064,-0.008505,0.198682,-1.489645,2.323436,0.479106,-0.20985,-0.064728,0.300221,-0.523457,-0.247675,0.815256,0.518813,-0.851593,0.074544,0.676435,0.4623,0.573217,0.016305,-3.6e-05,-0.000737,0.002051,-0.01523,0.029232,0.236727,0.022451,0.012093,-0.03148,0.502836,0.212217,0.837925,-0.49806,0.863424,0.080209,-0.706464,-0.457669,0.539858,3.7e-05,0.000249,0.000349,-0.000718,0.002092,0.001007,0.138019,0.041455,0.037667,-0.06696,0.175115,0.019398,-0.984356,0.277671,0.958246,0.068281,0.94458,-0.285284,0.162417,0.005983,-0.004686,-0.004422,-0.000904,0.000334,0.004335,0.440212
62,0.081506,-0.002142,0.315786,-0.094215,0.017955,-0.995413,-0.379607,-0.924934,0.019192,-0.920236,0.379647,0.095197,0.010422,-0.021677,-0.002012,-0.083973,-0.478249,-0.325565,0.458824,-0.209729,-0.064724,0.300204,-0.523546,-0.247615,0.815217,0.518738,-0.851633,0.074607,0.676424,0.462259,0.573264,0.0,0.0,0.0,0.0,-0.0,-0.0,0.234599,0.022518,0.012094,-0.03149,0.502934,0.212124,0.837889,-0.497973,0.863466,0.080304,-0.706455,-0.457634,0.539899,-3e-06,-2.2e-05,-3.5e-05,4e-05,5.5e-05,9e-05,0.132141,0.041597,0.037431,-0.067106,0.168384,0.014344,-0.985616,0.267358,0.961747,0.059673,0.94877,-0.27356,0.158108,-0.001357,-0.003923,-0.004204,-0.002322,0.019491,-0.030485,0.445928
63,0.081417,-0.002799,0.315776,-0.090676,0.019889,-0.995704,-0.36973,-0.929002,0.015061,-0.924606,0.369478,0.092832,-0.003142,-0.016862,0.001956,-0.034214,0.01922,-0.015173,0.446715,-0.209666,-0.064715,0.300213,-0.523674,-0.247524,0.815162,0.518654,-0.851674,0.074722,0.676389,0.462231,0.573327,2.3e-05,0.000151,0.000215,0.0,-0.0,-0.0,0.229342,0.022549,0.012098,-0.031486,0.503063,0.21203,0.837836,-0.497889,0.863503,0.080423,-0.706423,-0.457607,0.539964,1.3e-05,8.3e-05,0.000115,5.5e-05,-3e-06,3.2e-05,0.127405,0.041559,0.037086,-0.067121,0.163197,0.014289,-0.986489,0.2574,0.964648,0.056555,0.952423,-0.263152,0.15375,-0.008869,-0.007492,0.001394,-0.036365,0.055459,-0.069297,0.418821
64,0.080776,-0.003047,0.315766,-0.088493,0.018388,-0.99593,-0.331334,-0.943423,0.011968,-0.939259,0.331016,0.090819,-0.015772,-0.001425,-0.002736,0.00288,0.03006,-0.054283,0.467652,-0.209578,-0.064698,0.300234,-0.523875,-0.247383,0.815076,0.518522,-0.851738,0.0749,0.676335,0.462187,0.573426,4.2e-05,0.000271,0.000384,0.0,-0.0,-0.0,0.229684,0.022593,0.012107,-0.031475,0.503263,0.211884,0.837753,-0.497759,0.863561,0.080607,-0.706372,-0.457566,0.540066,1.9e-05,0.000127,0.000179,3.4e-05,-3e-06,1.3e-05,0.123976,0.041243,0.036955,-0.067125,0.16091,0.0155,-0.986847,0.217861,0.974654,0.050832,0.962623,-0.223175,0.153455,-0.015471,-0.004474,0.004046,-0.025221,0.049495,-0.07867,0.431231
65,0.080365,-0.003169,0.315845,-0.085188,0.016826,-0.996246,-0.326223,-0.945203,0.011877,-0.941355,0.325983,0.087249,-0.01642,-0.011039,0.006999,-0.055195,-0.154031,-0.163242,0.465993,-0.209516,-0.06469,0.300243,-0.524003,-0.247293,0.815021,0.518438,-0.85178,0.075015,0.6763,0.462159,0.57349,2.2e-05,0.000147,0.000208,0.0,-0.0,-0.0,0.230891,0.022625,0.012112,-0.03147,0.503391,0.211792,0.8377,-0.497677,0.863597,0.080725,-0.706339,-0.45754,0.540131,8e-06,5.3e-05,7.4e-05,2.7e-05,-2e-06,1.3e-05,0.124303,0.041037,0.036897,-0.067091,0.157838,0.016318,-0.987329,0.212602,0.975852,0.050115,0.964306,-0.217819,0.150557,-0.008277,-0.005716,0.003305,-0.070297,-0.251337,-0.228719,0.438743
66,0.079808,-0.003576,0.316283,-0.077277,0.015931,-0.996905,-0.328007,-0.944604,0.010278,-0.941427,0.327761,0.079462,-0.000406,-0.008952,0.010462,-0.040776,-0.042455,-0.053913,0.45825,-0.209379,-0.064665,0.300253,-0.524293,-0.247091,0.814896,0.518231,-0.851885,0.075257,0.676235,0.462074,0.573635,0.016349,0.000286,-0.000293,0.002045,-0.015205,0.029245,0.22846,0.022687,0.012122,-0.031467,0.50366,0.211599,0.837587,-0.497487,0.863685,0.080958,-0.706281,-0.457464,0.540271,7.7e-05,0.000496,0.000699,2e-05,1.5e-05,1.2e-05,0.124466,0.040757,0.03669,-0.066882,0.14935,0.017044,-0.988637,0.214583,0.975463,0.049234,0.965219,-0.219498,0.142028,-0.000563,-0.009383,0.010011,-0.074879,-0.027797,-0.046129,0.432538
67,0.079349,-0.003548,0.316709,-0.075795,0.01719,-0.996998,-0.328695,-0.944381,0.008653,-0.941309,0.328338,0.078471,-0.012441,0.008092,0.007478,-0.000828,-0.000627,-0.005156,0.469043,-0.20927,-0.064669,0.300244,-0.524349,-0.247051,0.814871,0.518193,-0.851903,0.075307,0.67622,0.462061,0.573663,0.0,0.0,0.0,0.0,-0.0,-0.0,0.219853,0.022748,0.012122,-0.03147,0.503736,0.211544,0.837555,-0.497437,0.863707,0.081028,-0.706262,-0.457448,0.540309,-0.0,-1e-05,-1.8e-05,7e-06,1.6e-05,1.1e-05,0.116465,0.040523,0.036701,-0.066658,0.148283,0.015306,-0.988825,0.215482,0.975355,0.047411,0.965183,-0.220104,0.14133,-0.006175,0.004193,0.003905,-0.001689,0.002731,-0.006183,0.436947
68,0.079078,-0.003518,0.316927,-0.076613,0.016563,-0.996946,-0.328987,-0.944271,0.009541,-0.941141,0.328687,0.079033,-0.013805,-0.003558,0.015028,-0.034993,0.018827,-0.020204,0.480024,-0.209223,-0.064685,0.300218,-0.524376,-0.247033,0.81486,0.518176,-0.851911,0.07533,0.676212,0.462056,0.573676,-0.000137,-0.000898,-0.001272,0.0,-0.0,-0.0,0.220068,0.022771,0.012115,-0.031481,0.503762,0.211525,0.837544,-0.497421,0.863714,0.081052,-0.706255,-0.457443,0.540323,-9.1e-05,-0.0006,-0.000851,1.5e-05,3e-06,-9e-06,0.113689,0.040394,0.03672,-0.066551,0.149026,0.01601,-0.988703,0.21571,0.975261,0.048307,0.965017,-0.220472,0.141886,0.000153,-0.003441,0.006351,-0.034882,0.019927,-0.015154,0.445274
69,0.078709,-0.003781,0.317368,-0.075961,0.01323,-0.997046,-0.324687,-0.945729,0.012134,-0.942686,0.324628,0.077375,-0.000608,-0.009493,0.009879,0.010208,0.016543,-0.019994,0.499763,-0.209167,-0.064689,0.300157,-0.524427,-0.247002,0.814836,0.518092,-0.851963,0.075327,0.676238,0.461977,0.57371,-0.000164,-0.001079,-0.001529,-0.001785,0.013255,-0.025525,0.218382,0.022799,0.012113,-0.031512,0.503829,0.211481,0.837515,-0.497324,0.863769,0.081067,-0.706275,-0.45736,0.540366,-2e-06,-2.5e-05,-3.8e-05,1e-06,2e-06,1e-05,0.112546,0.040206,0.036596,-0.066324,0.147881,0.019368,-0.988815,0.211152,0.976137,0.050698,0.966201,-0.216287,0.140263,-0.007397,-0.003144,0.006052,0.11652,0.046046,-0.047663,0.473197
70,0.078743,-0.003781,0.317698,-0.072674,0.006923,-0.997354,-0.30302,-0.952845,0.015413,-0.950133,0.303324,0.072587,0.002382,0.0067,0.007178,-0.001589,-0.152512,-0.062036,0.496283,-0.20918,-0.064672,0.300145,-0.524433,-0.247001,0.814832,0.518054,-0.851989,0.0753,0.676262,0.46193,0.573719,-0.016232,0.000481,0.001385,-0.002045,0.015205,-0.029245,0.212076,0.022798,0.012119,-0.031521,0.503838,0.211479,0.83751,-0.497283,0.863794,0.081045,-0.706297,-0.457313,0.540377,3e-06,1.4e-05,1.8e-05,-4e-06,1e-06,2.4e-05,0.106341,0.040218,0.036581,-0.066167,0.144103,0.025148,-0.989242,0.188577,0.980659,0.0524,0.971427,-0.1941,0.136573,0.001211,0.003418,0.003672,0.023979,-0.193796,-0.090933,0.485444
71,0.078788,-0.003622,0.317868,-0.072628,0.006564,-0.99736,-0.29738,-0.954622,0.01532,-0.951917,0.297693,0.072526,0.002918,0.008213,0.008784,0.001154,-0.017293,0.023103,0.4929,-0.209179,-0.064667,0.300152,-0.524565,-0.246909,0.814776,0.517967,-0.852031,0.075417,0.676226,0.461902,0.573784,1.6e-05,0.000104,0.000147,0.0,-0.0,-0.0,0.210164,0.022793,0.012122,-0.031517,0.50395,0.211398,0.837463,-0.497212,0.863826,0.081148,-0.706268,-0.457291,0.540434,1.3e-05,8.3e-05,0.000118,1e-05,-7e-06,1.7e-05,0.102422,0.040241,0.036661,-0.066082,0.143855,0.025665,-0.989265,0.182768,0.981777,0.052048,0.972574,-0.188294,0.136543,0.001534,0.004328,0.004636,0.004964,-0.001229,0.032359,0.482015
72,0.078652,-0.003435,0.318333,-0.067599,-0.002301,-0.997732,-0.275587,-0.961035,0.020835,-0.958826,0.276367,0.065573,-0.013029,-0.001415,0.017271,1.588738,-0.28899,-0.299242,0.502834,-0.209155,-0.064652,0.300136,-0.524628,-0.246868,0.814747,0.517891,-0.852075,0.075441,0.676235,0.461843,0.573821,0.0,0.0,0.0,0.0,0.0,0.0,0.215606,0.022805,0.01213,-0.031524,0.504013,0.211356,0.837435,-0.497136,0.863866,0.081176,-0.706276,-0.457233,0.540473,0.008117,-0.000241,-0.000693,0.002067,-0.015185,0.029236,0.102095,0.040181,0.036764,-0.065846,0.138516,0.033174,-0.989804,0.16175,0.98526,0.055658,0.977061,-0.16781,0.131108,0.001063,0.003197,0.003257,5.464391,-0.555006,-0.595223,0.483974
73,0.078407,-0.003374,0.318851,-0.061781,-0.008771,-0.998074,-0.276891,-0.960547,0.025527,-0.95885,0.277939,0.058158,-0.012806,-0.000805,0.017896,-0.045345,-0.074157,-0.078055,0.50072,-0.209119,-0.064632,0.300127,-0.524728,-0.246801,0.814703,0.517792,-0.85213,0.075497,0.676234,0.461776,0.573877,1e-06,4e-06,6e-06,0.0,0.0,0.0,0.213615,0.022823,0.01214,-0.031529,0.504112,0.211288,0.837393,-0.497037,0.863917,0.081236,-0.706275,-0.457168,0.540529,1e-06,-3e-06,-4e-06,1.2e-05,-3e-06,2e-05,0.104218,0.040058,0.036793,-0.065589,0.131047,0.039924,-0.990571,0.161072,0.985055,0.06101,0.978203,-0.167548,0.122657,0.000696,-0.001908,0.007957,-0.039675,-0.164949,0.138343,0.492302
74,0.078128,-0.00326,0.319288,-0.060183,-0.012037,-0.998137,-0.266227,-0.9635,0.027619,-0.961969,0.267402,0.056025,-0.012488,0.007824,0.007093,0.043445,-0.005586,-0.009976,0.512839,-0.209009,-0.064623,0.300118,-0.524929,-0.246661,0.814616,0.517643,-0.852206,0.07566,0.676193,0.461709,0.573979,7e-06,4.6e-05,6.5e-05,0.0,0.0,0.0,0.211378,0.022878,0.012144,-0.031533,0.504312,0.211145,0.837309,-0.496891,0.863985,0.081406,-0.706234,-0.457106,0.540634,0.008119,-0.000216,-0.000661,0.002063,-0.015201,0.029251,0.101442,0.03992,0.036851,-0.065362,0.129366,0.042759,-0.990674,0.150056,0.986719,0.062183,0.980176,-0.156701,0.121232,0.000734,0.002077,0.002213,0.151915,0.013625,0.002429,0.496711
75,0.077925,-0.003113,0.31932,-0.060395,-0.01365,-0.998104,-0.248875,-0.968109,0.028246,-0.96659,0.25012,0.056315,-0.013836,0.004036,0.003072,0.04369,0.013394,-0.032109,0.518882,-0.208935,-0.06462,0.300119,-0.52506,-0.246569,0.81456,0.517556,-0.852248,0.075777,0.676157,0.461681,0.574043,2.2e-05,0.000144,0.000205,0.0,0.0,0.0,0.213675,0.022915,0.012146,-0.031533,0.504442,0.21105,0.837254,-0.496808,0.864022,0.081526,-0.7062,-0.45708,0.540701,1.2e-05,8.6e-05,0.000119,1.8e-05,-8e-06,2.2e-05,0.101769,0.039821,0.03693,-0.065339,0.129528,0.044242,-0.990587,0.132244,0.989308,0.061477,0.982717,-0.138963,0.122293,-0.006366,0.007442,-0.002665,0.182571,-0.005416,-0.021402,0.505692
76,0.07743,-0.003155,0.319327,-0.050751,-0.025784,-0.998401,-0.238463,-0.970427,0.03713,-0.969775,0.239992,0.044344,-0.015458,-0.000463,-0.001709,-0.049974,-0.397775,-0.31972,0.520957,-0.208761,-0.064599,0.30014,-0.52541,-0.246322,0.814409,0.517326,-0.852361,0.076089,0.676062,0.461605,0.574216,0.016363,0.000412,-0.000131,0.002045,-0.015205,0.029245,0.219108,0.022996,0.012154,-0.031524,0.504771,0.210812,0.837116,-0.496596,0.864115,0.081831,-0.706114,-0.457015,0.540869,9e-05,0.000597,0.000843,0.001801,-0.01325,0.025521,0.106178,0.039574,0.036916,-0.065336,0.119558,0.054361,-0.991337,0.12096,0.990263,0.06889,0.98543,-0.128148,0.111818,-0.000656,-0.001837,-0.001935,-0.090334,-0.754892,-0.469944,0.517775
77,0.077369,-0.003344,0.319423,-0.037169,-0.037068,-0.998644,-0.24026,-0.969656,0.044881,-0.969964,0.241643,0.028378,0.000341,0.000948,0.001006,-0.017378,-0.154962,-0.096152,0.508299,-0.208685,-0.064586,0.300155,-0.525459,-0.246287,0.814387,0.517293,-0.852376,0.076133,0.676049,0.461594,0.574241,5.1e-05,0.000338,0.000479,0.0,0.0,0.0,0.215132,0.02304,0.012163,-0.031515,0.50484,0.210762,0.837087,-0.496552,0.864135,0.081894,-0.706096,-0.457001,0.540904,3.1e-05,0.000201,0.000282,1.8e-05,1.7e-05,-1.4e-05,0.107811,0.039533,0.036805,-0.065298,0.102959,0.065619,-0.992518,0.122426,0.989398,0.078113,0.987122,-0.129552,0.093833,0.000211,0.00059,0.000631,-0.004986,-0.057521,-0.03579,0.512877
78,0.077358,-0.003299,0.319439,-0.034515,-0.038624,-0.99868,-0.240447,-0.969569,0.045755,-0.970019,0.241751,0.025421,-0.013704,0.004427,0.003479,-0.002796,-0.001577,-0.039663,0.501763,-0.208673,-0.064582,0.300161,-0.525495,-0.246262,0.814372,0.51727,-0.852388,0.076165,0.676039,0.461586,0.574258,0.00013,0.000865,0.001224,0.0,0.0,0.0,0.213216,0.023046,0.012163,-0.031514,0.504875,0.210736,0.837072,-0.496529,0.864145,0.081926,-0.706087,-0.456994,0.540922,7.4e-05,0.00049,0.000693,0.001796,-0.013246,0.025519,0.105688,0.039533,0.036826,-0.065291,0.100534,0.066519,-0.992707,0.122532,0.989338,0.078702,0.987359,-0.129551,0.091311,0.000311,0.000871,0.000925,0.005446,0.027137,0.050728,0.503242
79,0.076946,-0.003199,0.319421,-0.032799,-0.043013,-0.998558,-0.217466,-0.974819,0.04908,-0.97549,0.21881,0.023863,-0.014711,0.001636,0.00051,5.4867,-0.412905,-0.4926,0.513189,-0.208684,-0.064568,0.300163,-0.52562,-0.246176,0.814317,0.51717,-0.85244,0.07626,0.676018,0.461537,0.574323,2.2e-05,0.000144,0.000204,0.0,0.0,0.0,0.213525,0.02304,0.012172,-0.031511,0.505,0.210647,0.83702,-0.496431,0.864192,0.082026,-0.706067,-0.456946,0.540988,-0.000218,0.005382,-0.004315,0.036373,-0.011726,0.01764,0.103238,0.039335,0.036882,-0.065294,0.100167,0.069045,-0.992572,0.104679,0.991321,0.079522,0.989448,-0.111866,0.09207,-0.007491,0.000439,-0.000137,-0.06542,-0.510309,-0.356039,0.502753
80,0.076647,-0.003167,0.319431,-0.030545,-0.045929,-0.9985,-0.206138,-0.977168,0.051201,-0.978022,0.207444,0.021623,0.00021,0.000579,0.000615,-0.058388,-0.395763,-0.479755,0.514637,-0.208698,-0.064557,0.300143,-0.527058,-0.24307,0.814321,0.512086,-0.855507,0.076218,0.678767,0.457482,0.574324,-3e-06,-2e-05,-2.9e-05,0.0,0.0,0.0,0.20846,0.023033,0.012177,-0.031521,0.506354,0.2075,0.836987,-0.491258,0.867124,0.082226,-0.70871,-0.452812,0.541008,-1e-06,-1.2e-05,-1.8e-05,-8.4e-05,-1e-05,-7e-05,0.100952,0.039173,0.036894,-0.065294,0.098255,0.07143,-0.992594,0.087088,0.992976,0.080078,0.991343,-0.094311,0.091344,0.00014,0.000379,0.000414,-0.059443,-0.39252,-0.478359,0.511407
81,0.076582,-0.003099,0.319511,-0.030845,-0.046259,-0.998476,-0.206158,-0.977144,0.051586,-0.978008,0.207487,0.021846,0.001116,0.003081,0.00327,-0.000841,-0.00732,-0.004543,0.512582,-0.20871,-0.064549,0.300138,-0.527052,-0.243076,0.814323,0.512073,-0.855517,0.076196,0.678782,0.457461,0.574324,-0.0,-0.0,-0.0,0.0,0.0,0.0,0.205923,0.023027,0.012181,-0.031524,0.506348,0.207507,0.83699,-0.491245,0.867133,0.082204,-0.708724,-0.452791,0.541008,-0.0,1e-06,1e-06,-7.4e-05,-1e-06,-8.2e-05,0.097033,0.039139,0.036925,-0.065258,0.096326,0.073451,-0.992635,0.087234,0.992813,0.08193,0.991519,-0.094483,0.089226,0.000709,0.001958,0.002084,0.001483,0.0008,0.034347,0.510264
82,0.076298,-0.002939,0.319668,-0.032203,-0.047765,-0.998362,-0.206157,-0.977049,0.053343,-0.977962,0.20759,0.02286,-0.014045,0.003466,0.002441,-0.000984,0.014713,-0.029554,0.517258,-0.208699,-0.064554,0.300129,-0.527055,-0.243074,0.814322,0.512071,-0.855518,0.076199,0.678781,0.45746,0.574325,-2.2e-05,-0.000144,-0.000204,0.0,0.0,0.0,0.209271,0.023033,0.012179,-0.031528,0.50635,0.207505,0.836988,-0.491244,0.867134,0.082207,-0.708723,-0.452791,0.541009,-1.4e-05,-8.9e-05,-0.000127,-7.8e-05,-7e-06,-5.9e-05,0.095564,0.039005,0.037013,-0.06517,0.097692,0.074915,-0.992392,0.087136,0.992689,0.083515,0.991394,-0.094632,0.09045,-0.000553,-0.00539,0.004254,-0.034785,0.020194,-0.014589,0.509938
83,0.075947,-0.003012,0.319624,-0.029548,-0.051283,-0.99827,-0.183299,-0.981459,0.055792,-0.98259,0.184687,0.020842,-0.001396,-0.003832,-0.004069,5.516769,-0.293367,-0.139815,0.520613,-0.208662,-0.064555,0.300126,-0.527112,-0.243033,0.814297,0.512034,-0.855536,0.07625,0.678766,0.457448,0.574353,-0.0,-0.0,-0.0,0.0,0.0,0.0,0.210308,0.023051,0.012178,-0.03153,0.506407,0.207464,0.836964,-0.491208,0.867149,0.082259,-0.708707,-0.45278,0.541038,4e-06,3e-06,4e-06,-6e-05,9e-06,-6.5e-05,0.097523,0.038826,0.036982,-0.065187,0.094919,0.078011,-0.992423,0.069666,0.993959,0.084795,0.993044,-0.077187,0.088911,-0.000629,-0.001732,-0.001831,-0.000211,0.005839,0.003282,0.516796
84,0.075769,-0.003062,0.319646,-0.021443,-0.055502,-0.998251,-0.184319,-0.981112,0.058456,-0.98262,0.185313,0.012051,-0.013693,0.004456,0.003484,-0.011173,-0.070784,-0.08258,0.513273,-0.208586,-0.064537,0.300149,-0.527292,-0.242905,0.814219,0.511914,-0.855593,0.076411,0.678716,0.457409,0.574442,5.8e-05,0.000385,0.000546,0.0,0.0,0.0,0.209436,0.023089,0.012187,-0.031519,0.506585,0.207334,0.836889,-0.491095,0.867198,0.082425,-0.708659,-0.452747,0.54113,3.5e-05,0.00024,0.00034,-4.3e-05,-1.2e-05,-4.3e-05,0.097523,0.038738,0.036942,-0.06519,0.085821,0.081588,-0.992963,0.064695,0.994081,0.087271,0.994207,-0.071729,0.080035,0.000343,0.000939,0.001004,-0.008872,-0.088348,-0.022103,0.51451
85,0.075644,-0.002978,0.319678,-0.019342,-0.057641,-0.998173,-0.184511,-0.980973,0.06017,-0.98263,0.185403,0.009581,-0.013842,0.004041,0.003041,-0.004904,-0.018129,-0.049926,0.513294,-0.208523,-0.064524,0.300165,-0.527436,-0.242802,0.814156,0.511818,-0.855639,0.07654,0.678677,0.457378,0.574514,9.9e-05,0.000657,0.00093,0.0,0.0,0.0,0.208124,0.023121,0.012193,-0.031511,0.506728,0.207229,0.836828,-0.491003,0.867237,0.082559,-0.70862,-0.45272,0.541203,6.1e-05,0.000413,0.000585,-3.3e-05,-1.7e-05,-3.8e-05,0.09736,0.038681,0.036982,-0.065169,0.083381,0.083545,-0.993008,0.064823,0.993913,0.089065,0.994406,-0.071796,0.077458,0.000285,0.000782,0.000837,-9e-06,-0.001279,-0.000975,0.511244
86,0.075233,-0.002953,0.319628,-0.019687,-0.058665,-0.998106,-0.178632,-0.981997,0.061189,-0.983708,0.179565,0.010096,-0.016246,-0.002505,-0.003923,-0.001148,0.029916,-0.054038,0.521714,-0.20846,-0.06451,0.300181,-0.527466,-0.24278,0.814143,0.511798,-0.855648,0.076567,0.678668,0.457371,0.574529,0.000132,0.000878,0.001243,0.0,0.0,0.0,0.202959,0.023152,0.012199,-0.031504,0.506758,0.207208,0.836815,-0.490984,0.867244,0.082587,-0.708611,-0.452715,0.541219,7.4e-05,0.000495,0.000699,0.001759,-0.013277,0.025504,0.092951,0.03847,0.037013,-0.065183,0.084019,0.08434,-0.992888,0.058745,0.994259,0.089428,0.99473,-0.065841,0.078582,-0.008216,-0.001506,-0.002222,-0.001621,0.031372,-0.053407,0.517612
87,0.074897,-0.003236,0.319455,-0.009562,-0.056632,-0.998372,-0.173975,-0.983062,0.057377,-0.984705,0.174304,0.00079,-0.001739,-0.004724,-0.005036,-0.010711,-0.088639,-0.052588,0.519564,-0.208423,-0.064506,0.300185,-0.527654,-0.242646,0.814061,0.511673,-0.855708,0.076735,0.678617,0.457331,0.574622,4e-06,2.8e-05,4e-05,0.0,0.0,0.0,0.202485,0.023171,0.012203,-0.031499,0.506944,0.207072,0.836736,-0.490865,0.867295,0.08276,-0.708561,-0.452679,0.541314,1e-06,5e-06,7e-06,0.012306,-0.091536,0.176119,0.089359,0.038299,0.036864,-0.065278,0.07389,0.081298,-0.993946,0.054323,0.994863,0.085412,0.995785,-0.060305,0.069094,-0.001027,-0.002794,-0.002972,-0.01015,-0.059436,-0.075166,0.520388
88,0.074821,-0.0033,0.319413,-0.007348,-0.054148,-0.998529,-0.174139,-0.983194,0.054545,-0.984697,0.174344,-0.000961,-0.000785,-0.00213,-0.002272,-0.000137,-0.001183,-0.00052,0.51212,-0.208422,-0.064501,0.300192,-0.527671,-0.242634,0.814054,0.511662,-0.855713,0.07675,0.678612,0.457327,0.57463,8e-06,5.5e-05,7.8e-05,0.0,0.0,0.0,0.202607,0.023171,0.012206,-0.031496,0.50696,0.20706,0.836729,-0.490854,0.8673,0.082775,-0.708556,-0.452676,0.541323,2e-06,1.9e-05,2.8e-05,-1.5e-05,-1.2e-05,3e-06,0.089195,0.038265,0.036827,-0.065304,0.07224,0.078562,-0.994287,0.054655,0.995082,0.082596,0.995888,-0.06031,0.067591,-0.00023,-0.000627,-0.000663,0.001136,0.017425,0.003256,0.516469
89,0.074497,-0.003234,0.319439,-0.008101,-0.0551,-0.998471,-0.17413,-0.983136,0.055614,-0.984692,0.174376,-0.000387,-0.014215,0.003085,0.002007,-0.000984,0.014714,-0.029553,0.511094,-0.208425,-0.064508,0.300164,-0.527633,-0.242662,0.81407,0.51167,-0.855713,0.0767,0.678635,0.457313,0.574615,-5.5e-05,-0.000366,-0.000517,0.0,0.0,0.0,0.203006,0.02317,0.012202,-0.03151,0.506924,0.207089,0.836744,-0.49086,0.867301,0.082726,-0.708578,-0.452661,0.541307,-3.5e-05,-0.000236,-0.000335,-8e-06,1.4e-05,-1.2e-05,0.089195,0.038103,0.036859,-0.065291,0.072981,0.079455,-0.994162,0.054583,0.995009,0.08353,0.995837,-0.06036,0.068279,-0.007068,0.001647,0.00112,-0.001254,0.015127,-0.029468,0.505365
90,0.073735,-0.003152,0.319476,-0.00893,-0.057115,-0.99835,-0.162537,-0.984996,0.057751,-0.986664,0.162849,0.000756,-0.015542,-0.000467,-0.001799,0.04355,0.027329,-0.054072,0.521418,-0.208417,-0.064497,0.300108,-0.527637,-0.242666,0.814066,0.511599,-0.855761,0.076639,0.678685,0.457221,0.574629,-2.5e-05,-0.000165,-0.000234,0.0,0.0,0.0,0.203389,0.023174,0.012207,-0.031539,0.506928,0.207093,0.836741,-0.490787,0.867348,0.082668,-0.708626,-0.452568,0.541322,-0.000246,0.0052,-0.004572,0.036373,-0.011701,0.017632,0.089522,0.037725,0.036909,-0.065264,0.073552,0.081527,-0.993952,0.042753,0.995478,0.084816,0.996374,-0.048733,0.069734,-0.01478,0.00158,0.000401,0.148077,0.021145,-0.059234,0.51451
91,0.073255,-0.003152,0.319466,-0.005241,-0.061959,-0.998088,-0.163212,-0.984631,0.061928,-0.986584,0.163295,-0.00371,-0.014368,0.002704,0.001579,-0.005855,-0.023663,-0.053337,0.519354,-0.208406,-0.064453,0.300081,-0.527736,-0.242605,0.81402,0.511448,-0.85585,0.076646,0.678722,0.457086,0.574692,-0.000419,0.010893,-0.008447,0.036371,-0.011715,0.017641,0.202309,0.023179,0.012224,-0.03155,0.507014,0.207037,0.836702,-0.49066,0.867418,0.082686,-0.708652,-0.45246,0.541378,3.5e-05,0.000224,0.000315,-1.3e-05,1e-06,1.6e-05,0.089032,0.037482,0.0369,-0.065278,0.068936,0.086206,-0.993888,0.043171,0.995068,0.089303,0.996686,-0.049063,0.064874,-0.000685,-0.005694,0.003936,-0.03495,0.014727,-0.018038,0.517939
92,0.073113,-0.003165,0.319529,-0.005612,-0.062367,-0.99806,-0.163371,-0.984576,0.06239,-0.986555,0.163475,-0.003421,0.000162,0.000434,0.000464,-6.1e-05,-0.000477,-0.000295,0.513191,-0.208392,-0.064435,0.300087,-0.527801,-0.24256,0.813991,0.511387,-0.855883,0.076688,0.678717,0.457049,0.574728,0.000115,0.000768,0.001087,0.0,0.0,0.0,0.202935,0.023186,0.012236,-0.031552,0.507091,0.206984,0.836669,-0.490575,0.867463,0.082726,-0.708656,-0.452399,0.541424,8e-05,0.000528,0.000747,0.00179,-0.013263,0.025502,0.088869,0.03741,0.036893,-0.065247,0.069552,0.086449,-0.993825,0.043281,0.995038,0.089583,0.996638,-0.049245,0.065466,-0.000473,-0.005122,0.004541,-0.033083,0.029685,-0.008759,0.515489
