frame,MLTx,MLTy,MLTz,MLTR1,MLTR2,MLTR3,MLTR4,MLTR5,MLTR6,MLTR7,MLTR8,MLTR9,MLTTVx,MLTTVy,MLTTVz,MLTRVx,MLTRVy,MLTRVz,MLGA,MRTx,MRTy,MRTz,MRTR1,MRTR2,MRTR3,MRTR4,MRTR5,MRTR6,MRTR7,MRTR8,MRTR9,MRTTVx,MRTTVy,MRTTVz,MRTRVx,MRTRVy,MRTRVz,MRGA,SLTx,SLTy,SLTz,SLTR1,SLTR2,SLTR3,SLTR4,SLTR5,SLTR6,SLTR7,SLTR8,SLTR9,SLTTVx,SLTTVy,SLTTVz,SLTRVx,SLTRVy,SLTRVz,SLGA,SRTx,SRTy,SRTz,SRTR1,SRTR2,SRTR3,SRTR4,SRTR5,SRTR6,SRTR7,SRTR8,SRTR9,SRTTVx,SRTTVy,SRTTVz,SRTRVx,SRTRVy,SRTRVz,SRGA
161,0.137917,-0.02711,0.317984,-0.129057,-0.283832,-0.950174,0.096733,-0.957199,0.272736,-0.986759,-0.056368,0.152174,0.014773,-0.002239,-0.00222,0.000984,-0.014715,0.029553,-0.727824,-0.148602,-0.035067,0.299235,-0.619564,-0.07139,0.781687,0.408567,-0.87957,0.243646,0.67091,0.470417,0.573105,0.015897,0.003038,0.023725,-0.864359,-2.12237,-0.834796,-0.053223,0.053076,0.026918,-0.031988,0.593448,0.028666,0.80436,-0.387707,0.88596,0.254472,-0.705337,-0.462873,0.536886,0.007915,0.001783,0.012185,-0.794253,-2.067229,-0.7652,-0.268574,0.069797,0.024925,-0.066015,0.162943,0.319642,-0.933422,-0.226125,0.932983,0.280018,0.960373,0.165443,0.224302,0.007363,-0.001277,-0.001289,0.001232,-0.014986,0.029873,-0.786916
162,0.138622,-0.027181,0.317931,-0.129454,-0.280189,-0.9512,0.090744,-0.958573,0.269955,-0.987275,-0.051028,0.150703,0.029922,-0.00216,-0.001938,-0.001864,-0.028341,0.059714,-0.722796,-0.147877,-0.034803,0.299844,-0.649934,-0.172139,0.740233,0.493679,-0.836064,0.239188,0.578505,0.52111,0.627406,0.01497,0.008819,0.008889,-3.671782,-2.883267,-3.046546,0.003452,0.053426,0.027055,-0.031666,0.629156,0.131246,0.766117,-0.474422,0.84559,0.244747,-0.615699,-0.517447,0.594274,0.007478,0.004202,0.004165,-0.695689,-2.21921,-0.795276,-0.216974,0.070144,0.024889,-0.066042,0.163831,0.316117,-0.934466,-0.220156,0.935091,0.27773,0.961607,0.160228,0.222792,0.014982,-0.000959,-0.000846,-0.040396,-0.016773,0.066561,-0.785773
163,0.139897,-0.027066,0.317872,-0.129377,-0.275582,-0.952556,0.085016,-0.960153,0.266177,-0.987795,-0.046209,0.148838,0.030818,0.01316,-0.005674,0.038076,-0.058123,0.101726,-0.713453,-0.147219,-0.03484,0.299975,-0.667471,-0.247114,0.70243,0.541715,-0.808281,0.230566,0.511604,0.534724,0.672454,0.016583,-0.010568,0.006807,-3.374821,-2.796006,-3.592837,0.029079,0.05376,0.027051,-0.031592,0.650249,0.205118,0.731506,-0.523038,0.819205,0.235229,-0.551004,-0.535564,0.639972,0.008315,-0.005844,0.002693,-0.591663,-1.505918,-0.928916,-0.172233,0.070786,0.024936,-0.066075,0.164363,0.31143,-0.935946,-0.214338,0.937455,0.274293,0.96283,0.155525,0.220834,0.022756,0.000446,0.000744,0.003413,-0.044189,0.0887,-0.779895
164,0.140634,-0.026887,0.31786,-0.128861,-0.274396,-0.952968,0.085264,-0.960465,0.26497,-0.987842,-0.046775,0.148351,0.031115,0.015329,-0.003348,0.03337,0.041179,-0.070544,-0.71379,-0.146909,-0.035032,0.300109,-0.662621,-0.29399,0.688836,0.581159,-0.781879,0.225507,0.473103,0.550117,0.688046,0.031911,-0.0084,0.007446,-0.322087,-1.229887,-1.646017,0.062911,0.053915,0.026948,-0.031534,0.647565,0.25545,0.717916,-0.566137,0.791895,0.228886,-0.510046,-0.554658,0.657424,0.008183,-0.004965,0.003773,-2.683829,-0.649162,-5.396466,-0.14431,0.071154,0.025024,-0.066082,0.163973,0.310072,-0.936465,-0.214523,0.937803,0.272953,0.962855,0.156137,0.220292,0.015465,0.002277,0.002625,0.002999,-0.0439,0.084048,-0.778425
165,0.141705,-0.026549,0.317917,-0.133516,-0.269042,-0.953853,0.074595,-0.962447,0.260969,-0.988081,-0.035982,0.149761,0.015767,0.004479,0.005004,0.001736,-0.02871,0.054739,-0.712464,-0.146051,-0.035197,0.300368,-0.636943,-0.405614,0.65557,0.669959,-0.711832,0.210674,0.381985,0.573901,0.724284,0.015279,0.002889,0.001519,-3.010368,-2.534575,-4.218231,0.098982,0.05435,0.026856,-0.031408,0.627484,0.366003,0.687243,-0.653367,0.727603,0.209056,-0.423525,-0.580202,0.695694,0.01533,0.002284,0.000757,0.156228,-1.205599,-0.03967,-0.08128,0.071697,0.025204,-0.06605,0.169378,0.305373,-0.937047,-0.203922,0.941068,0.269823,0.964222,0.145382,0.221669,0.015323,0.00152,0.001784,-5.8e-05,-0.035997,0.056043,-0.776466
166,0.142805,-0.026334,0.318067,-0.138686,-0.262235,-0.95501,0.069505,-0.964506,0.254694,-0.987734,-0.030737,0.153181,0.016043,0.006569,0.007229,0.006426,-0.009502,0.065691,-0.711646,-0.145463,-0.0351,0.300541,-0.625412,-0.467504,0.624733,0.705808,-0.680194,0.197753,0.333258,0.565205,0.75455,0.015169,0.004593,0.00361,-0.57215,-1.267552,-1.115071,0.10901,0.054645,0.026902,-0.031325,0.617102,0.433123,0.656954,-0.692943,0.694709,0.192894,-0.372845,-0.574268,0.728836,0.000397,-0.003449,0.006595,-2.915096,-2.211869,-4.17777,-0.048295,0.072246,0.025308,-0.065979,0.175645,0.299125,-0.937908,-0.198743,0.943877,0.263809,0.964182,0.140066,0.225237,0.015492,0.002834,0.003173,-0.004467,-0.053383,0.079031,-0.775649
167,0.143615,-0.026005,0.318502,-0.140545,-0.259248,-0.955554,0.069591,-0.96531,0.251604,-0.987462,-0.03082,0.154902,0.016489,0.000222,0.02058,-0.03159,-0.02316,0.065272,-0.711163,-0.145283,-0.035032,0.30106,-0.569697,-0.574794,0.587409,0.787531,-0.586022,0.190544,0.235411,0.571875,0.785751,-0.000505,0.008344,0.010269,-3.026348,-2.15333,-4.624049,0.141025,0.054735,0.026932,-0.031081,0.56894,0.538662,0.62141,-0.773364,0.607415,0.181533,-0.279669,-0.583858,0.762164,-0.000363,0.004705,0.005656,-2.800773,-2.461681,-4.347698,-0.0287,0.072644,0.025468,-0.065774,0.17779,0.296463,-0.938349,-0.198711,0.944714,0.260824,0.963796,0.140088,0.226871,0.000904,0.00626,0.006725,-0.005827,-0.044577,0.041195,-0.775323
168,0.143777,-0.025904,0.318793,-0.142805,-0.257193,-0.955774,0.069586,-0.965868,0.249457,-0.987136,-0.030572,0.15702,0.001434,0.000231,0.020454,-0.030085,0.001997,0.041666,-0.711171,-0.145196,-0.034913,0.30126,-0.558938,-0.606987,0.564931,0.803329,-0.565064,0.187881,0.205868,0.5596,0.802701,0.014903,0.00865,0.008572,0.102294,-1.551559,0.573535,0.161466,0.054778,0.026995,-0.030967,0.554992,0.577159,0.599057,-0.794441,0.581292,0.17596,-0.246671,-0.573572,0.781132,-0.000214,0.003625,0.004468,-0.762063,-3.0337,1.422114,-0.001267,0.072738,0.025526,-0.065619,0.180348,0.294593,-0.93845,-0.198639,0.945344,0.258584,0.963336,0.139777,0.229008,0.008192,0.004685,0.005076,-0.001344,-0.14101,0.220024,-0.775159
169,0.143844,-0.02603,0.319416,-0.149022,-0.252518,-0.956071,0.063192,-0.9673,0.245579,-0.986639,-0.023512,0.161299,0.000702,-0.004834,0.014998,-0.010451,0.10223,0.065431,-0.70564,-0.144991,-0.034699,0.30146,-0.547334,-0.650651,0.526375,0.818071,-0.548441,0.172935,0.176838,0.526083,0.831763,-0.000215,0.003488,0.004277,0.304058,-1.046602,-0.326291,0.18665,0.054887,0.027109,-0.030859,0.546894,0.621081,0.561395,-0.808521,0.565829,0.16165,-0.217256,-0.542305,0.811605,-0.00013,0.00194,0.002365,-0.30032,-1.291843,-1.312495,0.050986,0.072773,0.025472,-0.065299,0.186971,0.290682,-0.938373,-0.192217,0.947579,0.255234,0.963375,0.13265,0.233044,0.000291,-0.002781,0.007109,-0.00802,0.004657,0.239154,-0.7732
170,0.143833,-0.026199,0.319915,-0.156447,-0.247701,-0.956145,0.063029,-0.968573,0.240552,-0.98549,-0.022331,0.168335,0.000463,-0.006495,0.013211,0.040228,0.33493,0.163958,-0.689539,-0.145242,-0.034636,0.301898,-0.51932,-0.68797,0.506946,0.843293,-0.508379,0.174188,0.138523,0.518828,0.8435,-0.014623,-0.004317,0.018515,-0.82936,-0.505565,-1.096448,0.176351,0.054767,0.027136,-0.030663,0.523363,0.658013,0.541396,-0.832426,0.530586,0.159825,-0.18209,-0.534319,0.825436,-0.007328,-0.001889,0.009606,-0.040128,-0.161893,0.330738,0.054415,0.072772,0.025385,-0.065052,0.19326,0.287338,-0.938128,-0.191638,0.948793,0.251126,0.962249,0.131248,0.238429,0.000239,-0.003141,0.006722,0.139387,0.526452,0.498492,-0.766832
171,0.143719,-0.026254,0.320128,-0.157683,-0.24369,-0.956972,0.062581,-0.969591,0.236537,-0.985321,-0.022295,0.169332,-0.014483,-0.005879,0.013767,0.025608,0.120177,0.323082,-0.679744,-0.145285,-0.034701,0.302266,-0.510951,-0.699327,0.499864,0.850017,-0.497388,0.173237,0.128104,0.514286,0.847916,0.00071,-0.003023,0.018035,0.20714,-0.376737,-0.001248,0.176629,0.05474,0.027105,-0.030469,0.512552,0.671682,0.534913,-0.841994,0.515292,0.159751,-0.168334,-0.532274,0.829666,0.000344,-0.001413,0.009155,0.352845,-0.616361,0.093573,0.052129,0.072716,0.025359,-0.064944,0.196005,0.283342,-0.938775,-0.191182,0.950015,0.246818,0.961784,0.1311,0.240377,0.000221,0.001539,0.00165,0.118897,-0.125273,0.981698,-0.760626
172,0.143513,-0.026421,0.320417,-0.158276,-0.237366,-0.958463,0.049707,-0.971359,0.232296,-0.985958,-0.010587,0.166737,-0.0147,0.002321,0.002375,0.003773,-0.083887,0.143114,-0.678704,-0.144965,-0.034826,0.302595,-0.488918,-0.721009,0.491015,0.864591,-0.475029,0.163595,0.115893,0.505418,0.854977,-0.001155,0.01028,-0.009179,0.254524,-0.261125,-0.144397,0.200761,0.0549,0.02705,-0.030278,0.491481,0.694517,0.525443,-0.856737,0.493897,0.148542,-0.15635,-0.523173,0.837761,0.007702,-5.2e-05,-0.001082,0.289334,-0.340772,-0.172798,0.062742,0.072613,0.025273,-0.064795,0.197889,0.276882,-0.940306,-0.17822,0.95345,0.243246,0.963886,0.119445,0.238024,4e-06,-0.004786,0.004969,-0.035924,0.013295,-0.022198,-0.754585
173,0.143208,-0.026575,0.320719,-0.156048,-0.22683,-0.961375,0.048098,-0.973864,0.221915,-0.986396,-0.011336,0.164079,-0.014758,-0.007745,0.011766,-0.031443,-0.069138,0.125718,-0.673719,-0.14472,-0.034669,0.302245,-0.45218,-0.752231,0.479242,0.887247,-0.43395,0.156246,0.090988,0.496802,0.863002,0.000248,-0.003963,-0.004837,0.149499,-0.27972,-0.294485,0.20304,0.055021,0.02713,-0.03046,0.456274,0.726808,0.513384,-0.880064,0.453864,0.139619,-0.131531,-0.515515,0.846725,0.007223,0.003612,-0.007476,0.108231,-0.428751,-0.626168,0.088379,0.07246,0.025197,-0.064651,0.197155,0.266175,-0.943546,-0.176237,0.956381,0.232971,0.964401,0.120357,0.235465,-0.007264,0.001801,0.001872,-0.004,0.009254,-0.039894,-0.753278
174,0.142884,-0.026957,0.32117,-0.159615,-0.217521,-0.96294,0.04082,-0.976041,0.213659,-0.986149,-0.00494,0.165871,-8.8e-05,-0.010244,0.009211,-0.01608,0.099823,0.030404,-0.669875,-0.144052,-0.035148,0.30213,-0.42593,-0.780949,0.45683,0.902347,-0.402989,0.152657,0.065401,0.478222,0.875723,0.018229,-0.027865,0.007345,-0.212257,-1.033168,0.257176,0.188905,0.055349,0.026898,-0.030523,0.430947,0.756858,0.491375,-0.89603,0.423379,0.133715,-0.106835,-0.497911,0.860621,0.016185,-0.00794,-0.000921,-1.15828,-2.452792,0.87714,0.073356,0.072293,0.025016,-0.064429,0.201972,0.257387,-0.944964,-0.168827,0.959556,0.225277,0.96473,0.114036,0.237257,-3.7e-05,-0.005046,0.004694,-0.00735,0.024511,0.21582,-0.748706
175,0.142812,-0.027238,0.321398,-0.166292,-0.210863,-0.963291,0.028736,-0.977488,0.208955,-0.985464,0.007322,0.169809,-0.000362,-0.021754,0.017075,-0.038185,0.377343,0.162603,-0.668818,-0.143495,-0.03552,0.302142,-0.421772,-0.789465,0.44592,0.904064,-0.403202,0.141528,0.06858,0.463825,0.883191,0.0324,-0.015472,-0.001363,0.493489,-0.697006,-0.195238,0.189836,0.055616,0.026711,-0.030517,0.42834,0.764865,0.48115,-0.897043,0.424041,0.124504,-0.108799,-0.484942,0.867751,0.016207,-0.007844,-0.000817,0.214572,-0.297945,-0.184567,0.07058,0.072257,0.024872,-0.064312,0.208258,0.251879,-0.945084,-0.156573,0.962395,0.22199,0.965459,0.101744,0.239863,-0.007552,-0.004969,0.004724,-0.044909,0.481082,0.439887,-0.747563
176,0.142602,-0.027858,0.321944,-0.186599,-0.192441,-0.963427,0.004931,-0.980796,0.194901,-0.982205,0.03185,0.185166,-0.000203,-0.02064,0.01827,0.042084,0.635237,0.53437,-0.654427,-0.14271,-0.03582,0.302177,-0.386173,-0.815413,0.431234,0.920818,-0.367827,0.129348,0.053618,0.448064,0.892316,0.015326,0.00193,0.000264,-0.06432,-0.332564,-0.343039,0.179369,0.056022,0.026535,-0.030516,0.393342,0.793516,0.464341,-0.91451,0.389665,0.108776,-0.094622,-0.467431,0.87895,0.000572,-0.004863,0.004915,-0.666986,-0.321818,-1.602959,0.066661,0.072151,0.024558,-0.064043,0.229919,0.236358,-0.944071,-0.132423,0.968635,0.210257,0.964157,0.076675,0.254007,-0.007535,-0.009632,0.009824,-0.052092,0.744897,0.566654,-0.743971
177,0.142269,-0.0287,0.322751,-0.210647,-0.169488,-0.962781,-0.008128,-0.984514,0.175038,-0.97728,0.044901,0.207207,-0.015315,-0.03043,0.027863,0.051772,0.697308,0.499455,-0.580346,-0.142308,-0.035802,0.302603,-0.348745,-0.838278,0.419117,0.936328,-0.330425,0.118502,0.039572,0.434812,0.899575,0.000748,-0.004055,0.016813,0.185547,-0.253714,-0.155334,0.168998,0.056229,0.026547,-0.030309,0.356983,0.817411,0.452106,-0.93068,0.352679,0.097219,-0.07998,-0.455472,0.886649,0.008027,-0.001059,0.008544,0.236099,-0.321309,-0.158043,0.04821,0.071991,0.024142,-0.063641,0.256828,0.216054,-0.941997,-0.118544,0.974374,0.19116,0.959159,0.062573,0.275858,-9.8e-05,-0.010236,0.009239,0.088235,0.609209,0.744114,-0.704291
178,0.142263,-0.029194,0.323176,-0.219441,-0.158296,-0.962721,-0.01549,-0.986056,0.165609,-0.975244,0.051444,0.215129,-0.000179,-0.020437,0.018501,0.027859,0.270391,0.552526,-0.574147,-0.142056,-0.03593,0.302969,-0.324676,-0.851297,0.412153,0.945213,-0.306917,0.110941,0.032446,0.426662,0.903753,0.016103,-0.002693,0.016356,-0.423645,-0.532867,-1.674817,0.168989,0.056349,0.026486,-0.030121,0.335096,0.830562,0.444832,-0.939307,0.331359,0.088895,-0.073567,-0.447622,0.89119,0.008673,-0.006598,0.012424,-1.977921,-1.046276,-5.231096,0.044291,0.071982,0.023891,-0.063426,0.268376,0.205408,-0.941158,-0.110814,0.977098,0.181653,0.956918,0.055543,0.284992,-0.000166,-0.015482,0.013719,0.0023,0.455185,0.402481,-0.685839
179,0.142266,-0.030149,0.324228,-0.238974,-0.136679,-0.961382,-0.036218,-0.988095,0.149424,-0.970067,0.070692,0.232378,0.000305,-0.026791,0.031872,-0.032914,0.503125,0.465436,-0.580943,-0.141476,-0.035916,0.303543,-0.289369,-0.872287,0.394172,0.9567,-0.276315,0.091148,0.029757,0.404577,0.913945,0.014668,0.010797,0.011061,-0.162719,-0.737245,-1.785958,0.169539,0.056639,0.026487,-0.029833,0.301456,0.852501,0.427042,-0.950895,0.301755,0.06886,-0.070158,-0.42683,0.901605,0.007379,0.00519,0.005043,-1.684972,-1.105804,-5.368166,0.043474,0.071983,0.023411,-0.06291,0.288911,0.18657,-0.939,-0.089258,0.981803,0.167612,0.953185,0.035388,0.300307,0.000129,-0.013496,0.015838,-0.070464,0.751372,0.613558,-0.679798
180,0.142315,-0.031093,0.325261,-0.253973,-0.119243,-0.959856,-0.057203,-0.988777,0.137916,-0.965217,0.090075,0.245498,0.014946,-0.020368,0.018709,-0.027904,0.110858,0.273197,-0.566683,-0.141198,-0.035124,0.303939,-0.214208,-0.900905,0.377461,0.976731,-0.197697,0.082743,0.000332,0.387534,0.921781,0.013004,0.026938,0.008937,-0.389271,-0.411051,-1.584789,0.156597,0.056779,0.026875,-0.029637,0.22699,0.884396,0.407822,-0.973033,0.223577,0.056734,-0.041005,-0.409703,0.911296,-0.000501,0.007541,0.008995,-1.865641,-0.752995,-5.246677,0.03286,0.072003,0.022945,-0.062379,0.307328,0.170073,-0.936281,-0.067654,0.985314,0.156773,0.949195,0.015163,0.31432,-7.6e-05,-0.014868,0.014387,-0.080048,0.099078,0.206652,-0.675715
181,0.142638,-0.031829,0.32596,-0.263973,-0.107518,-0.958542,-0.060044,-0.990002,0.127527,-0.962346,0.091346,0.256072,0.015058,-0.019714,0.019403,-0.015663,0.287655,0.174829,-0.558514,-0.141207,-0.034472,0.304382,-0.187637,-0.911848,0.365127,0.982096,-0.1693,0.082207,-0.012924,0.37516,0.926796,-0.002069,0.022153,0.005166,-1.532759,-2.18012,0.839487,0.156751,0.056779,0.027221,-0.029401,0.199225,0.896642,0.3954,-0.979563,0.193601,0.054531,-0.027655,-0.398183,0.916888,-0.001046,0.010988,0.00247,-1.559077,-2.148036,0.851704,0.023879,0.072164,0.022573,-0.062034,0.31727,0.160035,-0.934733,-0.064167,0.987021,0.147208,0.946161,0.013274,0.323421,0.007529,-0.004953,0.00485,0.050083,0.400255,0.22581,-0.664122
182,0.142825,-0.032003,0.326214,-0.265129,-0.109089,-0.958045,-0.060766,-0.989707,0.129455,-0.961982,0.092668,0.256966,0.015385,-0.007854,0.011874,-0.03387,0.002559,0.013435,-0.565363,-0.141231,-0.034191,0.304575,-0.184253,-0.915913,0.356574,0.982617,-0.164309,0.08602,-0.019983,0.367377,0.929784,-0.000808,0.010951,0.013189,0.010954,-0.057668,0.01083,0.159621,0.056767,0.027357,-0.029309,0.196504,0.901276,0.386118,-0.980303,0.188535,0.058819,-0.019785,-0.390072,0.920571,0.006584,0.011961,0.002597,-0.010804,-0.091423,0.104411,0.025512,0.072256,0.022478,-0.061908,0.318855,0.161435,-0.933953,-0.063481,0.986812,0.148899,0.945674,0.011811,0.324898,0.007708,-0.003746,0.006124,-0.039728,-0.030416,0.002749,-0.664448
183,0.143006,-0.032048,0.326589,-0.268925,-0.109458,-0.956945,-0.061272,-0.989559,0.130352,-0.960891,0.093818,0.260603,0.000557,0.003821,0.004038,0.035599,0.194403,0.103943,-0.575729,-0.141287,-0.033629,0.305107,-0.147242,-0.935163,0.32215,0.987446,-0.120545,0.101752,-0.05615,0.334264,0.940733,-0.01621,0.01152,0.015876,-1.194361,-2.681313,0.654593,0.159266,0.056745,0.027635,-0.029048,0.161754,0.920746,0.355052,-0.986696,0.144968,0.073577,0.016274,-0.36223,0.931946,-0.00048,0.006328,0.007602,0.114946,-0.153302,-0.046816,0.028125,0.072353,0.022456,-0.061712,0.321734,0.162614,-0.932761,-0.063114,0.986633,0.150237,0.944723,0.010534,0.327697,0.000315,0.002219,0.002341,0.06651,0.277975,0.185226,-0.671633
184,0.143022,-0.032034,0.326633,-0.268955,-0.109496,-0.956932,-0.061312,-0.989549,0.130405,-0.96088,0.093875,0.260624,-0.000163,-0.001122,-0.001185,8e-06,4.1e-05,2.2e-05,-0.575538,-0.141604,-0.033341,0.305733,-0.101092,-0.950393,0.294151,0.992131,-0.074642,0.100194,-0.073155,0.30316,0.950056,-0.016025,0.009381,0.01324,0.088046,-0.887566,-1.776518,0.161101,0.056581,0.027787,-0.028725,0.118105,0.938904,0.323278,-0.992381,0.100098,0.071835,0.035086,-0.329299,0.943573,-0.008013,0.004601,0.006504,0.037808,-0.830267,-1.777918,0.029758,0.072362,0.022471,-0.061682,0.322202,0.162347,-0.932646,-0.063062,0.986677,0.149967,0.944568,0.010495,0.328147,-0.000133,-0.000893,-0.000945,0.000582,-0.00294,-0.001713,-0.673756
185,0.142994,-0.032061,0.32659,-0.269112,-0.109755,-0.956858,-0.061221,-0.989521,0.130664,-0.960842,0.093873,0.260765,-0.000222,-0.001525,-0.001611,0.0,1e-06,0.0,-0.575541,-0.141884,-0.033145,0.305922,-0.079765,-0.95723,0.278098,0.993298,-0.05317,0.102302,-0.083054,0.285598,0.954672,-0.015849,0.007188,0.010598,-0.768223,-1.089619,-1.333842,0.162531,0.056446,0.027886,-0.028631,0.097252,0.94705,0.306,-0.994331,0.079181,0.070955,0.042969,-0.311166,0.949383,-0.008485,0.009206,0.000943,-3.021526,-2.911036,-4.504893,0.030084,0.072348,0.022455,-0.061706,0.322295,0.162639,-0.932562,-0.063191,0.986629,0.15023,0.944527,0.010511,0.328264,-0.000181,-0.001241,-0.001312,0.001075,-0.000546,-0.000584,-0.674736
186,0.142963,-0.03217,0.32658,-0.269539,-0.110413,-0.956662,-0.061229,-0.989424,0.13139,-0.960721,0.094121,0.261121,-0.000267,-0.011494,0.007917,-0.035511,0.013628,-0.018022,-0.577036,-0.142245,-0.033055,0.306189,-0.05138,-0.968913,0.241988,0.993254,-0.024559,0.113029,-0.103522,0.247383,0.9633,-0.015336,0.000221,0.002302,-1.289614,-0.778944,-5.21148,0.191357,0.056265,0.027939,-0.028487,0.074384,0.960318,0.268803,-0.995174,0.054187,0.081802,0.063991,-0.273591,0.959714,0.000555,-0.004765,0.005049,-0.046941,-0.236305,0.312121,0.048046,0.072332,0.0224,-0.061719,0.32261,0.163338,-0.932331,-0.063285,0.986515,0.150933,0.944413,0.01031,0.328597,-6.8e-05,-0.000464,-0.00049,0.000797,-0.000142,-0.000298,-0.675389
187,0.14293,-0.032286,0.326713,-0.2698,-0.110757,-0.956549,-0.061568,-0.98934,0.131864,-0.960626,0.094601,0.261297,0.000122,0.000834,0.000882,0.0,0.0,0.0,-0.582895,-0.14277,-0.033229,0.306183,-0.029237,-0.973052,0.228705,0.992967,-0.002196,0.118096,-0.114389,0.231774,0.96595,-0.015082,-0.003448,-0.002062,0.010118,-0.084507,0.138709,0.202711,0.056003,0.027849,-0.028493,0.047205,0.965682,0.255397,-0.995911,0.025788,0.086569,0.077012,-0.25844,0.962952,-0.006908,-0.00762,0.00267,-0.032624,-0.06657,0.117071,0.078255,0.072315,0.022336,-0.061652,0.322824,0.163729,-0.932189,-0.062979,0.986456,0.15145,0.94436,0.009816,0.328764,8.1e-05,0.000568,0.000601,0.000537,-7.9e-05,-0.000221,-0.676695
188,0.143144,-0.032258,0.326834,-0.273041,-0.11566,-0.955048,-0.061237,-0.988637,0.13718,-0.959727,0.096077,0.264047,0.0005,0.003441,0.003635,-0.456086,1.355109,-2.36402,-0.628083,-0.14332,-0.033974,0.306327,-0.006987,-0.973652,0.227914,0.992556,0.020785,0.119724,-0.121312,0.22828,0.965937,-0.012359,-0.029971,0.009152,-0.076753,0.046123,-0.092963,0.200957,0.055731,0.027499,-0.028427,0.02542,0.966907,0.253856,-0.99615,0.003189,0.087603,0.083895,-0.255106,0.963266,0.001437,-0.014326,0.004367,-0.060969,-0.066877,0.11321,0.082011,0.072421,0.022344,-0.061597,0.324164,0.166463,-0.931239,-0.063269,0.986007,0.154229,0.943882,0.008923,0.33016,0.007745,0.001299,0.001418,0.00174,-0.015755,0.031019,-0.694984
189,0.143248,-0.032169,0.326929,-0.272921,-0.115454,-0.955107,-0.06129,-0.988664,0.136969,-0.959758,0.096057,0.263942,0.000818,0.005642,0.005954,0.000762,-0.013745,0.025319,-0.638445,-0.143369,-0.03452,0.306477,0.001878,-0.973827,0.227264,0.99247,0.029475,0.118604,-0.122215,0.226556,0.966229,-0.012401,-0.029611,0.009572,-1.136024,-0.825346,-5.538204,0.201812,0.055702,0.02721,-0.028354,0.02299,0.966978,0.25382,-0.996187,0.000787,0.08723,0.08415,-0.254858,0.963309,0.001467,-0.014825,0.003757,0.25889,-0.299221,-0.237395,0.083807,0.072473,0.022388,-0.06155,0.325282,0.168759,-0.930436,-0.063574,0.985622,0.156544,0.943477,0.00823,0.331334,0.007872,0.002198,0.002364,0.002447,-0.029534,0.056454,-0.707557
190,0.143399,-0.031976,0.327117,-0.273974,-0.117009,-0.954617,-0.061252,-0.988428,0.138677,-0.959459,0.096605,0.264827,0.000682,0.004724,0.004975,0.000763,-0.013745,0.025319,-0.656692,-0.143492,-0.035347,0.306819,0.018358,-0.973516,0.227863,0.991906,0.046205,0.117991,-0.125432,0.225077,0.966163,0.001244,-0.011423,0.007803,-0.041718,0.098591,-0.196931,0.196438,0.055636,0.026778,-0.028196,0.000174,0.967521,0.252788,-0.99613,-0.022047,0.085068,0.087878,-0.251825,0.963773,-0.006432,-0.011683,0.008513,-0.090112,0.045549,-0.066079,0.082664,0.072549,0.02249,-0.06145,0.326101,0.170402,-0.929849,-0.063715,0.985344,0.158228,0.943184,0.007647,0.332179,0.000302,0.002109,0.002217,0.000241,-0.000237,0.000258,-0.72307
191,0.143477,-0.031824,0.327278,-0.274161,-0.117301,-0.954527,-0.061175,-0.98839,0.138978,-0.959411,0.096635,0.264992,0.000628,0.004356,0.00458,0.000763,-0.013745,0.025319,-0.659342,-0.143749,-0.036448,0.307871,0.033126,-0.975796,0.216139,0.991604,0.058972,0.114797,-0.12482,0.211749,0.96925,-0.011873,-0.031085,0.029239,-1.651302,-2.235421,0.437004,0.195062,0.055509,0.026227,-0.027663,-0.014059,0.970313,0.241442,-0.996112,-0.034592,0.081015,0.086962,-0.239364,0.967027,-0.005969,-0.015443,0.014707,-1.654913,-2.231784,0.434123,0.075969,0.072588,0.022567,-0.061369,0.326244,0.170711,-0.929743,-0.063813,0.985291,0.158518,0.943128,0.007614,0.332339,0.000266,0.001863,0.001958,0.00011,-3.7e-05,-5.3e-05,-0.73254
192,0.143453,-0.031781,0.327383,-0.274183,-0.117323,-0.954518,-0.06127,-0.988377,0.139028,-0.959398,0.096742,0.264998,0.000548,0.003801,0.003993,0.000763,-0.013743,0.025321,-0.658494,-0.143873,-0.037324,0.308559,0.044156,-0.976851,0.209291,0.991158,0.068916,0.113097,-0.124972,0.203676,0.970959,0.004805,-0.043543,0.033804,-0.008444,-0.115575,-0.170134,0.198238,0.055445,0.025812,-0.027323,-0.024845,0.972114,0.233184,-0.995866,-0.044453,0.079208,0.087365,-0.230252,0.9692,-0.005266,-0.022574,0.016961,-0.033727,-0.076946,-0.20755,0.076949,0.072577,0.022589,-0.061316,0.326262,0.170735,-0.929732,-0.063723,0.985288,0.158576,0.943128,0.007508,0.332342,0.000213,0.001496,0.001571,9.7e-05,-1.7e-05,-3.6e-05,-0.733194
193,0.143375,-0.03181,0.327427,-0.274156,-0.117267,-0.954533,-0.061411,-0.988371,0.139007,-0.959397,0.096867,0.264956,-0.000333,-0.002304,-0.00242,-0.000763,0.013739,-0.025322,-0.654408,-0.143822,-0.039101,0.30977,0.053157,-0.97868,0.19837,0.991479,0.075227,0.106038,-0.118782,0.192275,0.974056,0.004933,-0.045635,0.031324,0.052442,-0.261062,-0.027472,0.195151,0.055472,0.024907,-0.026705,-0.033449,0.974408,0.222282,-0.996102,-0.050664,0.0722,0.081614,-0.219001,0.972304,0.002451,-0.022924,0.01554,0.023779,-0.234333,-0.022446,0.078418,0.072539,0.022585,-0.061283,0.326225,0.170641,-0.929762,-0.063573,0.985305,0.158529,0.943151,0.007391,0.332279,-0.000124,-0.000846,-0.000889,7e-05,-1.5e-05,-3.5e-05,-0.732541
194,0.143465,-0.031869,0.327305,-0.274313,-0.117524,-0.954456,-0.061242,-0.988349,0.139243,-0.959363,0.096789,0.26511,-0.000211,-0.001461,-0.001536,0.0,0.0,0.0,-0.659788,-0.143747,-0.040402,0.310897,0.057344,-0.979608,0.192539,0.99143,0.078397,0.104188,-0.117244,0.186148,0.975431,0.003279,-0.0277,0.03128,0.058293,-0.166415,-0.142502,0.175571,0.05551,0.024246,-0.026155,-0.037253,0.975486,0.216884,-0.996033,-0.053796,0.070874,0.080804,-0.213383,0.97362,0.001603,-0.013606,0.015933,0.092613,-0.198302,-0.147536,0.063396,0.072582,0.022547,-0.061352,0.326354,0.170932,-0.929663,-0.063762,0.985254,0.15877,0.943094,0.007462,0.332441,-0.000131,-0.000921,-0.000969,5e-05,-3e-06,-1.3e-05,-0.733357
195,0.143557,-0.031928,0.327228,-0.274229,-0.117379,-0.954498,-0.061254,-0.98837,0.139088,-0.959386,0.096748,0.26504,-0.000282,-0.001959,-0.002062,-0.000763,0.013743,-0.02532,-0.659314,-0.144023,-0.041741,0.31233,0.066128,-0.978732,0.19417,0.99013,0.088311,0.108528,-0.123465,0.186309,0.974633,0.004519,-0.039473,0.038683,-0.145509,0.031578,-0.078492,0.173138,0.055374,0.023615,-0.025457,-0.046259,0.974858,0.217971,-0.995163,-0.063902,0.0746,0.086654,-0.213466,0.973099,0.001643,-0.014393,0.014999,-0.111211,0.026557,-0.055287,0.049679,0.072623,0.022519,-0.061389,0.326291,0.170783,-0.929713,-0.063744,0.985279,0.158619,0.943117,0.007508,0.332374,-7.4e-05,-0.000515,-0.000543,3.7e-05,-9e-06,4e-06,-0.734337
196,0.143584,-0.031989,0.327195,-0.274983,-0.11584,-0.954469,-0.067132,-0.987973,0.139192,-0.958776,0.102488,0.265089,-0.000402,-0.002798,-0.002945,-5.274898,0.769245,1.465022,-0.659734,-0.144019,-0.042394,0.31296,0.067299,-0.97853,0.194785,0.989751,0.089968,0.110597,-0.125846,0.186577,0.974277,0.002164,-0.018229,0.021134,-0.070949,0.002075,-0.013966,0.172333,0.055371,0.023276,-0.025132,-0.047453,0.97466,0.218596,-0.994888,-0.065646,0.076726,0.089132,-0.213838,0.972793,0.002253,-0.020058,0.018968,-0.14352,0.018395,-0.050596,0.048863,0.072643,0.022491,-0.061404,0.326332,0.170854,-0.929685,-0.063716,0.985267,0.158703,0.943105,0.007446,0.33241,-0.000189,-0.001312,-0.001383,2.6e-05,-1e-06,-1.6e-05,-0.7345
197,0.143754,-0.032145,0.327016,-0.27565,-0.114165,-0.954478,-0.072966,-0.987567,0.139139,-0.958157,0.108134,0.265082,-0.000533,-0.003716,-0.003918,-3.1e-05,5e-06,9e-06,-0.707301,-0.143776,-0.042913,0.313893,0.066143,-0.978251,0.196575,0.989246,0.089896,0.11509,-0.130355,0.18808,0.973395,0.001762,-0.011819,0.028725,-0.103027,0.036776,0.00695,0.109065,0.055495,0.022995,-0.024667,-0.046311,0.974255,0.22064,-0.9945,-0.065738,0.081534,0.093939,-0.215651,0.97194,0.007935,0.000611,0.010403,-0.048717,0.000438,0.058765,0.005917,0.072727,0.022411,-0.061496,0.328069,0.167738,-0.929641,-0.052017,0.985823,0.159518,0.94322,-0.003976,0.332143,-0.000315,-0.002222,-0.002341,-0.000206,0.014247,-0.024764,-0.748543
198,0.143905,-0.032245,0.326851,-0.27714,-0.111127,-0.954405,-0.084491,-0.986617,0.139357,-0.956778,0.119392,0.265232,-0.000294,-0.002056,-0.00217,-0.012817,0.001871,0.003562,-0.807944,-0.143398,-0.042853,0.314908,0.057383,-0.978406,0.198546,0.987478,0.084748,0.132811,-0.146855,0.18967,0.970733,0.000308,0.002954,0.024777,-0.389857,0.366665,0.263197,0.099362,0.055684,0.023022,-0.024155,-0.038592,0.974378,0.221577,-0.993265,-0.061647,0.098092,0.109238,-0.216299,0.970196,0.007821,0.0022,0.01223,-0.390937,0.37561,0.325338,-0.040131,0.072802,0.022357,-0.061581,0.329884,0.164894,-0.929508,-0.040525,0.986192,0.160567,0.94315,-0.015301,0.332011,-0.000117,0.004017,-0.005782,-0.108364,0.021934,0.032836,-0.805368
199,0.143877,-0.032286,0.326808,-0.27782,-0.109527,-0.954393,-0.090321,-0.986094,0.139401,-0.956048,0.12506,0.265253,-0.000362,-0.002532,-0.002674,-0.00111,0.013795,-0.025223,-0.833521,-0.14319,-0.042743,0.31533,0.0524,-0.979448,0.19475,0.986294,0.081167,0.143424,-0.156362,0.185798,0.969997,0.014472,0.015048,0.015684,-2.194952,-1.594759,1.018076,0.100474,0.055788,0.02308,-0.023932,-0.033565,0.975247,0.218554,-0.992415,-0.058397,0.108168,0.118254,-0.213266,0.96981,0.007212,0.007613,0.007927,-2.145695,-1.63024,1.007915,-0.045356,0.072788,0.022338,-0.061602,0.330744,0.163341,-0.929477,-0.034631,0.986344,0.161011,0.943084,-0.021064,0.331884,-0.0001,-0.000725,-0.000762,-3.4e-05,0.00082,0.001032,-0.837863
200,0.143888,-0.032382,0.326737,-0.28024,-0.102768,-0.954437,-0.11374,-0.983688,0.139258,-0.952835,0.147705,0.265169,-0.000206,-0.001438,-0.00152,-0.142417,0.02078,0.039568,-0.844889,-0.142951,-0.042273,0.316004,0.04406,-0.9792,0.198034,0.985158,0.075358,0.154009,-0.165797,0.189542,0.967703,0.014447,0.014873,0.015386,-0.201487,0.180494,0.213612,0.098516,0.055902,0.023312,-0.023597,-0.024442,0.974596,0.222629,-0.991298,-0.05244,0.120732,0.12934,-0.217741,0.967397,-0.000444,0.00655,0.00765,-0.274891,0.351478,0.039192,-0.050255,0.072794,0.022289,-0.061639,0.333917,0.156942,-0.929445,-0.011258,0.986635,0.162554,0.942534,-0.043816,0.331221,-0.000113,-0.000826,-0.000867,-0.479486,0.06984,0.13087,-0.865296
201,0.144039,-0.032427,0.326675,-0.278529,-0.102805,-0.954934,-0.119619,-0.982794,0.140639,-0.952619,0.153522,0.26263,-0.000124,-0.00087,-0.00092,-0.004122,-0.000915,0.000262,-0.848335,-0.14286,-0.041874,0.316581,0.037189,-0.978196,0.204306,0.984111,0.071224,0.162438,-0.173507,0.19625,0.96501,-0.000706,0.010596,0.012322,-0.083056,0.157443,-0.10323,0.100285,0.055953,0.023518,-0.023303,-0.017089,0.973168,0.229457,-0.990368,-0.048013,0.129871,0.137403,-0.225028,0.964615,-0.000371,0.005442,0.006326,-0.031014,0.018912,0.098614,-0.051724,0.07287,0.022266,-0.06167,0.332156,0.156822,-0.930096,-0.005283,0.986375,0.164424,0.943209,-0.0497,0.328458,-6.7e-05,-0.000494,-0.000519,-0.007398,0.014151,0.009667,-0.876236
202,0.14412,-0.032523,0.326618,-0.278423,-0.102632,-0.954983,-0.119741,-0.982803,0.140476,-0.952635,0.153584,0.262537,-0.000292,-0.002052,-0.002171,-0.0,-0.0,-0.0,-0.844559,-0.14278,-0.041641,0.316998,0.033823,-0.977653,0.207467,0.983518,0.069305,0.166801,-0.177506,0.199636,0.963587,-0.000404,0.006029,0.006988,-0.018254,0.087869,-0.14495,0.114828,0.055992,0.023642,-0.023086,-0.013873,0.972488,0.232537,-0.989905,-0.046162,0.133997,0.141045,-0.228331,0.963312,-0.000193,0.002791,0.00323,0.008226,0.063381,-0.15082,-0.040457,0.07291,0.022221,-0.061695,0.332194,0.156574,-0.930124,-0.005198,0.986414,0.164193,0.943196,-0.049709,0.328494,-0.000182,-0.001289,-0.001363,0.000635,0.000187,-3.5e-05,-0.876563
203,0.144203,-0.032578,0.326561,-0.278415,-0.102608,-0.954988,-0.119747,-0.982805,0.140452,-0.952637,0.153582,0.262531,-0.000329,-0.002318,-0.002454,-0.0,-0.0,-0.0,-0.844203,-0.142551,-0.041578,0.317152,0.033707,-0.977678,0.207367,0.983492,0.06921,0.166996,-0.177675,0.199545,0.963575,0.014952,0.006554,0.005605,-0.008709,0.064595,-0.120539,0.116658,0.056101,0.023669,-0.023013,-0.013753,0.972569,0.232205,-0.989913,-0.045992,0.134001,0.141005,-0.22802,0.963391,0.007494,0.002924,0.002389,0.006275,-0.019773,0.026382,-0.035395,0.072951,0.022193,-0.061724,0.332189,0.156551,-0.93013,-0.005201,0.986418,0.164168,0.943198,-0.049697,0.328491,-0.00019,-0.001353,-0.001435,-0.000314,0.013698,-0.025448,-0.87591
204,0.144348,-0.032586,0.326538,-0.278411,-0.102587,-0.954991,-0.119726,-0.982811,0.140425,-0.952641,0.153554,0.262534,0.000151,0.001066,0.001129,-0.0,-0.0,-0.0,-0.844314,-0.142074,-0.041287,0.31744,0.031192,-0.976939,0.211205,0.982872,0.068233,0.170998,-0.181517,0.203484,0.962034,0.014839,0.007892,0.007127,-0.08815,0.070053,0.113794,0.128353,0.05634,0.02381,-0.022874,-0.011716,0.971609,0.236301,-0.989362,-0.045532,0.138162,0.144998,-0.232169,0.961807,0.007426,0.003786,0.003371,-0.106456,0.171726,-0.05171,-0.027721,0.073023,0.022184,-0.061741,0.332186,0.156536,-0.930133,-0.005236,0.986423,0.164139,0.943199,-0.049655,0.328495,9.5e-05,0.000666,0.000701,0.000294,-5.5e-05,-8.5e-05,-0.875746
205,0.144553,-0.032582,0.326544,-0.278055,-0.102057,-0.955152,-0.119871,-0.982875,0.139859,-0.952727,0.153504,0.26225,0.014981,-0.000992,-0.000974,0.000984,-0.014715,0.029553,-0.844457,-0.14168,-0.041153,0.317558,0.02983,-0.975011,0.220124,0.980883,0.070776,0.181088,-0.192192,0.21174,0.958171,0.015266,0.001656,-8.1e-05,-0.326306,0.337805,0.240643,0.152987,0.056536,0.023887,-0.022804,-0.011474,0.96962,0.244346,-0.987896,-0.048795,0.147241,0.154691,-0.239699,0.958443,0.007646,0.000596,-0.000317,-0.507313,0.51167,0.300163,-0.001757,0.073121,0.02219,-0.061734,0.331914,0.155997,-0.930321,-0.005076,0.986512,0.163608,0.943295,-0.049582,0.328229,2e-06,1.5e-05,1.3e-05,0.000205,-4.2e-05,-4.1e-05,-0.875583
206,0.144655,-0.032583,0.326543,-0.278007,-0.101977,-0.955175,-0.119893,-0.982884,0.139775,-0.952738,0.153497,0.262214,4.6e-05,0.000328,0.000347,-0.0,-0.0,-0.0,-0.84502,-0.141366,-0.041174,0.317524,0.031254,-0.974867,0.220568,0.979509,0.073656,0.187271,-0.198861,0.211421,0.95688,0.015463,-0.001082,-0.003247,-0.334127,0.146126,-0.32776,0.161133,0.056693,0.023878,-0.022819,-0.01193,0.969395,0.245212,-0.986746,-0.051101,0.15401,0.161828,-0.240125,0.957157,0.007722,-0.000331,-0.001392,-0.674183,-0.00514,-1.39636,0.013102,0.073177,0.022189,-0.061735,0.331867,0.155892,-0.930355,-0.005047,0.986529,0.163504,0.943312,-0.049566,0.328183,0.007523,-0.000261,-0.000242,0.001141,-0.014759,0.029488,-0.875746
207,0.14492,-0.032554,0.326589,-0.277607,-0.101373,-0.955355,-0.120082,-0.982951,0.139139,-0.952832,0.153466,0.261892,0.00016,0.001145,0.001211,-0.0,-0.0,-0.0,-0.845426,-0.140829,-0.041262,0.31732,0.026593,-0.974963,0.220751,0.97856,0.070362,0.193398,-0.204133,0.212101,0.955618,0.015692,-0.004064,-0.006712,-0.101863,0.10747,0.069272,0.193855,0.056955,0.023835,-0.022919,-0.007508,0.969321,0.245681,-0.985873,-0.048286,0.160381,0.167324,-0.241006,0.95599,-0.000416,0.002716,-0.007393,-0.124905,0.162769,0.113119,0.043474,0.073304,0.022203,-0.061712,0.331562,0.155274,-0.930567,-0.004834,0.986629,0.162906,0.94342,-0.049515,0.32788,0.000119,0.000848,0.000894,0.00011,-8e-06,-3e-05,-0.8764
208,0.14516,-0.032538,0.326592,-0.27727,-0.10087,-0.955506,-0.120194,-0.983014,0.138597,-0.952916,0.153394,0.261628,0.014977,-0.000986,-0.000978,0.000984,-0.014715,0.029553,-0.848447,-0.140354,-0.041345,0.316893,0.025952,-0.975523,0.218341,0.978317,0.069535,0.194919,-0.205374,0.209776,0.955865,0.015815,-0.005482,-0.008386,-0.045016,-0.056937,0.025521,0.216026,0.057199,0.023789,-0.023139,-0.006522,0.969906,0.24339,-0.985654,-0.047285,0.162018,0.168651,-0.238842,0.9563,0.007306,0.00254,-0.008621,-0.12459,-0.210478,0.099158,0.084623,0.073424,0.022214,-0.061708,0.331297,0.154741,-0.93075,-0.004695,0.986717,0.162374,0.943514,-0.049424,0.327624,-5e-06,-3.4e-05,-4.1e-05,7.7e-05,7e-06,-4.4e-05,-0.877216
209,0.14525,-0.032538,0.326592,-0.277236,-0.10081,-0.955522,-0.12021,-0.983021,0.138534,-0.952924,0.153388,0.261602,0.000167,0.001204,0.001273,0.000767,-0.013743,0.02532,-0.850505,-0.140041,-0.041288,0.316615,0.034744,-0.975953,0.215176,0.976516,0.078818,0.200344,-0.212541,0.20439,0.955466,0.014534,0.006047,-0.016122,-0.186867,-0.115714,0.142833,0.226146,0.057345,0.023811,-0.023275,-0.015644,0.970501,0.240584,-0.984348,-0.05719,0.166694,0.175536,-0.234211,0.956206,0.007297,0.002583,-0.008596,-1.743315,-1.935556,0.889276,0.097033,0.073475,0.02221,-0.061712,0.331271,0.154675,-0.93077,-0.004676,0.986728,0.16231,0.943523,-0.049416,0.327598,-2e-06,-2.7e-05,-3.3e-05,6.5e-05,7e-06,-4.7e-05,-0.878196
210,0.14537,-0.032499,0.326648,-0.27709,-0.100585,-0.955589,-0.120295,-0.983043,0.138302,-0.952955,0.153393,0.261483,0.000287,0.002071,0.002189,-0.0,-0.0,-0.0,-0.851792,-0.139333,-0.041064,0.315953,0.036495,-0.977185,0.209211,0.970255,0.084646,0.226661,-0.239254,0.195946,0.950908,0.014596,0.005376,-0.016939,-0.655479,0.302961,0.631431,0.219101,0.05771,0.023922,-0.023609,-0.0187,0.972344,0.2328,-0.979273,-0.064779,0.191905,0.201679,-0.224387,0.953402,0.007305,0.002679,-0.008484,-0.688948,-0.486731,0.46326,0.106504,0.073535,0.022228,-0.061685,0.331147,0.154419,-0.930857,-0.004573,0.986768,0.162067,0.943567,-0.049411,0.327472,0.000184,0.001332,0.001405,5.1e-05,-7e-06,-1.9e-05,-0.879502
211,0.145507,-0.032419,0.326748,-0.276762,-0.100103,-0.955734,-0.120452,-0.983095,0.137793,-0.953031,0.153374,0.261218,0.015324,0.001578,0.001725,0.001752,-0.028456,0.054874,-0.858679,-0.138674,-0.041009,0.31545,0.041944,-0.9779,0.204804,0.963685,0.093572,0.24998,-0.263681,0.188112,0.946018,0.015651,-0.002758,-0.005299,-0.389953,-0.024279,0.445361,0.21971,0.058039,0.023947,-0.023871,-0.022528,0.972987,0.229756,-0.973392,-0.073766,0.216946,0.228034,-0.218755,0.94876,0.007229,0.003683,-0.007327,-0.791101,-0.46179,0.676609,0.106014,0.073597,0.022269,-0.061634,0.330909,0.153946,-0.93102,-0.004402,0.986844,0.161612,0.943652,-0.049381,0.327233,5e-05,-0.004561,0.005208,-0.035493,0.013442,-0.018126,-0.882115
212,0.145716,-0.03242,0.326838,-0.276471,-0.099641,-0.955866,-0.120727,-0.983124,0.137345,-0.953081,0.153488,0.260968,0.00027,0.001964,0.002073,0.000769,-0.013738,0.025323,-0.861187,-0.138128,-0.040916,0.315388,0.055227,-0.978748,0.197466,0.957285,0.107989,0.268102,-0.283807,0.175457,0.94262,0.015126,0.003776,0.002329,-0.275696,-0.044865,-0.144856,0.217894,0.058319,0.023988,-0.02391,-0.034963,0.974484,0.221717,-0.96798,-0.088202,0.23502,0.248579,-0.2064,0.946365,0.007536,0.002209,0.001535,-0.267415,-0.040613,-0.152538,0.106831,0.073708,0.022269,-0.061589,0.330673,0.153436,-0.931188,-0.004096,0.986918,0.161165,0.943736,-0.049479,0.326975,5.6e-05,0.000403,0.000423,3.2e-05,1.4e-05,-2.2e-05,-0.884891
213,0.145842,-0.032443,0.326875,-0.276335,-0.099416,-0.955929,-0.120887,-0.983134,0.137135,-0.953101,0.153572,0.260848,0.01506,-0.000312,-0.000277,0.000984,-0.014715,0.029553,-0.862559,-0.137923,-0.040851,0.31553,0.062867,-0.97884,0.194706,0.955215,0.115408,0.272357,-0.289152,0.170096,0.941977,0.014866,0.006891,0.005962,-0.051988,-0.042027,-0.069338,0.218079,0.058416,0.024017,-0.023842,-0.042111,0.97481,0.219024,-0.966206,-0.095531,0.239412,0.254305,-0.20154,0.945891,0.007424,0.003507,0.003049,-0.058431,-0.265338,-0.231094,0.106831,0.073766,0.022261,-0.061567,0.330569,0.153202,-0.931263,-0.003924,0.986951,0.16097,0.943773,-0.049557,0.326856,4.8e-05,0.000361,0.000377,2.8e-05,-6e-06,-7e-06,-0.88587
214,0.14615,-0.032386,0.32686,-0.278221,-0.097074,-0.955623,-0.120863,-0.983428,0.135032,-0.952553,0.153183,0.263069,0.01508,-0.00014,-0.000102,0.001815,-0.010089,0.032037,-0.86163,-0.137658,-0.040873,0.316042,0.081978,-0.976974,0.196959,0.951101,0.135613,0.277396,-0.29783,0.165817,0.940034,0.000784,-0.004987,0.015332,-0.073546,-0.026052,-0.155342,0.217094,0.058554,0.024018,-0.023581,-0.061392,0.973466,0.220438,-0.962877,-0.115927,0.243777,0.262864,-0.197289,0.944446,0.008601,-0.006393,0.012653,-0.14896,-0.166792,-0.456004,0.106178,0.07392,0.022288,-0.061576,0.332873,0.150976,-0.930806,-0.003853,0.987309,0.158763,0.942963,-0.049261,0.329231,6.8e-05,0.000499,0.000522,-0.006032,-0.015271,-0.007324,-0.88685
215,0.146486,-0.032412,0.326818,-0.277922,-0.096611,-0.955757,-0.120963,-0.983484,0.134533,-0.952628,0.153115,0.262837,0.014958,-0.001038,-0.001054,0.000984,-0.014714,0.029554,-0.862816,-0.13756,-0.041262,0.316707,0.084117,-0.976409,0.198851,0.950271,0.138527,0.278799,-0.299882,0.166739,0.939219,-0.014298,-0.009144,0.012571,-0.038385,0.022528,-0.049171,0.215741,0.058608,0.023831,-0.02324,-0.063883,0.97294,0.222049,-0.962213,-0.119067,0.244884,0.264696,-0.198015,0.943782,0.000474,-0.003617,0.006353,-0.046853,0.086013,-0.171924,0.105198,0.074087,0.022275,-0.061596,0.332459,0.150589,-0.931017,-0.003696,0.98737,0.158384,0.94311,-0.049215,0.328817,-8e-06,-5.6e-05,-6.5e-05,-3.4e-05,-0.00048,-0.000248,-0.88734
