frame,MLTx,MLTy,MLTz,MLTR1,MLTR2,MLTR3,MLTR4,MLTR5,MLTR6,MLTR7,MLTR8,MLTR9,MLTTVx,MLTTVy,MLTTVz,MLTRVx,MLTRVy,MLTRVz,MLGA,MRTx,MRTy,MRTz,MRTR1,MRTR2,MRTR3,MRTR4,MRTR5,MRTR6,MRTR7,MRTR8,MRTR9,MRTTVx,MRTTVy,MRTTVz,MRTRVx,MRTRVy,MRTRVz,MRGA,SLTx,SLTy,SLTz,SLTR1,SLTR2,SLTR3,SLTR4,SLTR5,SLTR6,SLTR7,SLTR8,SLTR9,SLTTVx,SLTTVy,SLTTVz,SLTRVx,SLTRVy,SLTRVz,SLGA,SRTx,SRTy,SRTz,SRTR1,SRTR2,SRTR3,SRTR4,SRTR5,SRTR6,SRTR7,SRTR8,SRTR9,SRTTVx,SRTTVy,SRTTVz,SRTRVx,SRTRVy,SRTRVz,SRGA
3070,0.066374,0.062797,0.308133,-0.705286,0.579293,-0.408699,-0.617467,-0.218587,0.755597,0.349251,0.784551,0.512377,-0.018841,-0.072909,0.003662,0.314076,0.400052,0.120568,-1.907773,-0.103307,0.028511,0.402795,0.592553,0.391682,0.703887,-0.63041,0.769392,0.102729,-0.502051,-0.505104,0.70191,0.024868,0.000353,-0.001471,0.33439,0.678814,-0.377318,0.122397,0.027844,0.058079,-0.007617,-0.624619,-0.358907,0.693567,0.594436,-0.794491,0.12421,0.506453,0.489866,0.709602,0.012392,0.000371,-0.00065,-0.207539,0.370148,0.244521,-0.016943,0.079129,0.061682,-0.108013,-0.758717,0.532293,-0.375514,-0.571396,-0.266993,0.776028,0.312815,0.803353,0.506723,-0.009205,-0.035949,0.002301,-0.127713,0.005229,0.105413,-0.816308
3071,0.065801,0.060552,0.30823,-0.700435,0.579073,-0.417266,-0.629722,-0.226097,0.74317,0.336876,0.782585,0.523548,-0.013626,-0.053461,0.003807,0.613365,0.396008,0.444911,-1.908205,-0.102442,0.028541,0.402741,0.581894,0.393573,0.711681,-0.636648,0.764896,0.097704,-0.506617,-0.510441,0.694732,0.024622,0.001567,-0.000847,-0.01584,0.070059,-0.113682,0.122158,0.028272,0.058092,-0.007645,-0.612086,-0.360886,0.703641,0.6012,-0.790398,0.117592,0.513719,0.495005,0.700757,0.006472,-0.001028,-0.000958,0.008458,-0.02417,0.001697,-0.017433,0.078841,0.060554,-0.107963,-0.754488,0.532279,-0.38396,-0.583224,-0.27546,0.764179,0.300991,0.800499,0.51827,-0.006742,-0.026556,0.002075,0.232142,0.181812,0.248467,-0.814676
3072,0.065571,0.058721,0.308482,-0.695337,0.583469,-0.419663,-0.638191,-0.232616,0.733876,0.331435,0.777391,0.534641,-0.010102,-0.045139,0.011478,0.582407,0.217765,0.338462,-1.908076,-0.1016,0.028552,0.402657,0.566093,0.400527,0.720492,-0.65274,0.751527,0.09524,-0.504012,-0.524713,0.685938,0.011108,0.008532,-0.011056,-0.083961,0.284893,-0.026022,0.122021,0.028707,0.058095,-0.007684,-0.596904,-0.369198,0.712318,0.618018,-0.777739,0.114777,0.511623,0.508737,0.692407,0.012461,0.000164,-0.00076,-0.174436,0.370753,0.025148,-0.01776,0.078719,0.059614,-0.10784,-0.749501,0.537528,-0.386406,-0.591796,-0.282443,0.754985,0.296688,0.794537,0.529799,-0.004914,-0.022235,0.006052,0.238703,-0.191664,-0.250897,-0.815655
3073,0.065405,0.057997,0.308769,-0.694173,0.580747,-0.425327,-0.642794,-0.23406,0.729386,0.324898,0.778996,0.536316,-0.019589,-0.034495,0.020331,-0.038825,-1.48405,2.221165,-1.908235,-0.101206,0.028553,0.402608,0.563645,0.39959,0.722927,-0.654019,0.750407,0.095298,-0.505095,-0.527025,0.683364,0.012967,-0.002054,-0.001899,-0.101947,0.264152,-0.09048,0.125464,0.028894,0.058101,-0.00771,-0.594606,-0.368309,0.714696,0.619239,-0.776749,0.1149,0.512822,0.510888,0.689931,0.006448,-0.000862,-0.000876,-0.173763,0.391832,-0.00138,-0.016453,0.07864,0.059252,-0.107709,-0.748335,0.536724,-0.38977,-0.596175,-0.286607,0.749954,0.290808,0.793589,0.534459,-0.003464,-0.018786,0.009252,0.175746,0.100923,0.253674,-0.818595
3074,0.06507,0.056837,0.3098,-0.683667,0.587383,-0.433158,-0.655567,-0.23334,0.718161,0.32161,0.774218,0.545142,-0.004317,-0.038456,0.035498,0.085428,0.083829,0.243019,-1.908079,-0.100538,0.028547,0.40256,0.561168,0.398706,0.725338,-0.655349,0.749242,0.095333,-0.506127,-0.529349,0.6808,0.024751,0.001223,-0.001034,-0.00223,-0.008788,0.036866,0.131071,0.029233,0.058097,-0.007735,-0.591787,-0.366997,0.717705,0.620726,-0.775507,0.115268,0.514282,0.513713,0.686739,0.006262,-1e-05,-0.000434,0.012213,-0.032259,0.022647,-0.009432,0.078465,0.058665,-0.107194,-0.73765,0.543598,-0.400463,-0.61117,-0.285512,0.738209,0.286953,0.789292,0.542839,-0.007153,-0.010917,0.016048,0.116043,0.210498,0.072312,-0.822514
3075,0.065122,0.055642,0.311157,-0.677094,0.595822,-0.431955,-0.661557,-0.235595,0.711905,0.323242,0.767049,0.554235,0.009652,-0.038588,0.036443,-0.015616,0.010502,0.2201,-1.908062,-0.100074,0.028571,0.40253,0.558101,0.397616,0.728296,-0.659541,0.745106,0.098777,-0.504061,-0.535969,0.677143,0.0122,0.001401,-0.000107,-0.39455,0.0054,-0.274721,0.132788,0.029466,0.058105,-0.007752,-0.589396,-0.365086,0.720641,0.623675,-0.772623,0.118668,0.51346,0.519388,0.683076,0.006222,0.00048,-0.000199,-4.06082,-0.471516,-3.676738,-0.004697,0.078491,0.058079,-0.106505,-0.731598,0.552595,-0.399252,-0.617156,-0.288037,0.732224,0.289623,0.782094,0.551765,0.005056,-0.018701,0.018764,-0.047746,-0.017191,0.242402,-0.826759
3076,0.065664,0.054168,0.312591,-0.669423,0.601436,-0.436112,-0.669172,-0.233098,0.705582,0.323535,0.763419,0.559056,0.024964,-0.028531,0.028959,0.099126,0.022944,0.304547,-1.907937,-0.099814,0.028626,0.402528,0.5561,0.39831,0.729447,-0.66336,0.741404,0.101036,-0.501247,-0.540572,0.675571,-0.00035,0.001525,0.000793,-0.01155,0.014582,0.038673,0.131555,0.029606,0.05813,-0.007755,-0.586784,-0.36676,0.721921,0.628967,-0.767943,0.12109,0.509984,0.525118,0.681297,-1.5e-05,7e-05,3e-05,0.001807,0.000553,0.001981,-0.004043,0.078754,0.057356,-0.105796,-0.724867,0.558366,-0.403476,-0.624673,-0.285839,0.72669,0.29043,0.778795,0.555992,0.01165,-0.019746,0.018312,0.185435,0.210188,0.209222,-0.821697
3077,0.066008,0.053479,0.313265,-0.664339,0.605608,-0.438107,-0.674492,-0.233051,0.700514,0.322959,0.760126,0.563856,0.012078,-0.025867,0.030434,0.166336,0.080336,0.310238,-1.90764,-0.099707,0.028648,0.402544,0.556349,0.39819,0.729323,-0.663215,0.741506,0.101235,-0.501163,-0.54052,0.675675,-6.4e-05,0.000278,0.000145,-0.00019,0.000384,0.000181,0.130635,0.029654,0.058146,-0.007745,-0.587082,-0.366817,0.721649,0.628798,-0.768075,0.121129,0.509849,0.524885,0.681577,-5.6e-05,0.000243,0.000123,0.004288,-0.007621,-0.003182,-0.00535,0.078928,0.057015,-0.105455,-0.72019,0.562763,-0.405738,-0.630202,-0.286094,0.721799,0.290122,0.77553,0.560697,0.005096,-0.018689,0.018807,0.284017,0.166655,0.389262,-0.822677
3078,0.066815,0.05203,0.314231,-0.66216,0.604238,-0.443267,-0.681631,-0.239767,0.691276,0.312235,0.759129,0.57119,0.020238,-0.040227,0.018386,0.276593,0.269824,0.212132,-1.907708,-0.099356,0.028708,0.402594,0.54345,0.41178,0.7315,-0.680656,0.726095,0.097096,-0.491816,-0.551183,0.673927,0.011941,0.002532,0.000481,0.002208,-0.014193,0.027132,0.130204,0.029829,0.058177,-0.007719,-0.574763,-0.381022,0.724202,0.647008,-0.753438,0.117093,0.501027,0.535865,0.679573,0.00597,0.00126,0.000232,-0.001596,-0.017616,0.028304,-0.006983,0.079344,0.056298,-0.104939,-0.718342,0.561177,-0.411173,-0.636853,-0.292564,0.713318,0.280004,0.774264,0.567549,0.009976,-0.020414,0.008907,0.487989,0.366638,0.286858,-0.820554
3079,0.067676,0.050435,0.314523,-0.671107,0.586025,-0.454132,-0.681874,-0.247347,0.68836,0.291899,0.770896,0.566164,0.01844,-0.037886,0.002853,-0.062851,0.033883,0.010287,-1.908052,-0.098733,0.028809,0.402657,0.523832,0.418927,0.741682,-0.69071,0.718397,0.082211,-0.499017,-0.555877,0.664714,0.01194,0.00254,0.000486,-0.004403,0.069482,-0.156508,0.134709,0.03014,0.058228,-0.007687,-0.555703,-0.388795,0.734868,0.65761,-0.746365,0.102403,0.508667,0.540163,0.670433,0.012804,-0.002407,0.005237,-0.025505,-0.03323,0.031159,-0.004533,0.079774,0.0555,-0.104787,-0.725873,0.543187,-0.421966,-0.637334,-0.300438,0.709606,0.258674,0.784018,0.564272,0.009031,-0.019373,0.001027,-0.073928,-0.085838,0.158809,-0.823983
3080,0.068287,0.049369,0.314331,-0.679374,0.569145,-0.463217,-0.682695,-0.258633,0.683379,0.26998,0.779799,0.564845,0.008502,-0.013733,-0.011589,-0.001622,-0.120631,0.162427,-1.908308,-0.097986,0.028792,0.402828,0.502554,0.422398,0.754328,-0.694797,0.716497,0.061831,-0.514964,-0.555708,0.652582,0.025713,-0.00519,0.010296,-0.040826,0.052715,-0.146064,0.136318,0.030509,0.058222,-0.007605,-0.534863,-0.39304,0.747957,0.662153,-0.744857,0.082093,0.524856,0.539171,0.65865,0.006034,0.000999,9.1e-05,-0.012308,0.050548,-0.144762,-0.000288,0.08008,0.05495,-0.104885,-0.733427,0.525871,-0.430747,-0.637408,-0.311835,0.704605,0.236209,0.791338,0.563903,0.010413,-0.008994,-0.007272,0.001787,-0.023646,0.024735,-0.819411
3081,0.068562,0.04903,0.314049,-0.683642,0.55947,-0.468692,-0.682978,-0.263894,0.681083,0.258207,0.785028,0.563105,0.00943,-0.004352,-0.020824,0.031867,-0.130321,0.15765,-1.907868,-0.097685,0.028725,0.402927,0.494691,0.4252,0.757943,-0.697335,0.714634,0.054382,-0.519126,-0.555976,0.649048,0.012299,0.001045,-0.000293,-0.017205,0.145646,-0.334178,0.135811,0.030664,0.058188,-0.007551,-0.527385,-0.396103,0.751643,0.664839,-0.74323,0.07481,0.529011,0.539176,0.655313,0.007071,-0.004647,0.004486,-0.048138,0.06024,-0.168084,0.000529,0.080221,0.054775,-0.10503,-0.737198,0.515873,-0.436364,-0.637487,-0.31699,0.702229,0.223938,0.795859,0.562547,0.004632,-0.002387,-0.010604,0.030418,-0.127211,0.151989,-0.821044
3082,0.069128,0.048491,0.313355,-0.686869,0.549332,-0.47591,-0.68447,-0.26859,0.67774,0.24533,0.790583,0.561087,0.0091,-0.005249,-0.021716,0.03002,-0.123328,0.154705,-1.907248,-0.097032,0.028478,0.403187,0.487399,0.429145,0.76044,-0.702012,0.710418,0.049186,-0.51971,-0.558349,0.646537,0.026108,-0.006712,0.009508,-0.040886,0.05176,-0.145965,0.132687,0.03098,0.05807,-0.007429,-0.520264,-0.400377,0.754336,0.669835,-0.739238,0.06962,0.52976,0.541502,0.652786,0.006301,-0.000107,-0.000487,-0.009012,0.0765,-0.178583,-0.002247,0.080499,0.054504,-0.105372,-0.7401,0.505623,-0.44339,-0.638628,-0.321834,0.698982,0.210724,0.800479,0.561095,0.010055,-0.01003,-0.008278,-0.002982,-0.132982,0.194197,-0.821861
3083,0.069483,0.047936,0.312656,-0.692884,0.536459,-0.48184,-0.68236,-0.271692,0.678631,0.234004,0.798335,0.554916,0.007059,-0.017577,-0.015289,-0.007401,-0.252002,0.017797,-1.897499,-0.096314,0.028245,0.403393,0.485701,0.42783,0.762265,-0.703267,0.7091,0.050269,-0.519601,-0.561028,0.644302,0.013041,-0.001948,-0.001858,-0.102601,0.215437,0.104881,0.136436,0.031349,0.057951,-0.007316,-0.518603,-0.39976,0.755805,0.671204,-0.737936,0.070245,0.529654,0.54373,0.651017,0.013268,-0.004204,0.004299,-0.19683,0.320752,0.197503,-0.001921,0.080675,0.054228,-0.105727,-0.745412,0.492463,-0.449265,-0.636242,-0.324522,0.699914,0.198886,0.807567,0.555229,0.004503,-0.002799,-0.01106,0.200839,-0.53418,-0.143504,-0.819901
3084,0.069528,0.047674,0.312372,-0.69809,0.527538,-0.484168,-0.680598,-0.278665,0.677572,0.22339,0.801875,0.554184,-0.005262,-0.013152,-0.012184,-0.004823,-0.086966,0.111207,-1.874626,-0.095915,0.028129,0.403461,0.486663,0.427479,0.761848,-0.702959,0.70934,0.051179,-0.519118,-0.560991,0.644724,0.026929,-0.009915,0.007835,-0.033914,-0.014235,0.010632,0.140385,0.031538,0.057897,-0.007285,-0.519212,-0.398714,0.755939,0.670947,-0.738043,0.071561,0.529384,0.544351,0.650717,0.013471,-0.004993,0.003888,-0.025574,-0.031266,0.002907,0.001345,0.080702,0.054093,-0.105873,-0.750187,0.483049,-0.451532,-0.634013,-0.331603,0.698617,0.187736,0.810372,0.555024,0.003908,-0.007878,-0.006815,0.008684,-0.114498,0.16899,-0.820391
3085,0.069457,0.047108,0.311963,-0.71301,0.500374,-0.49121,-0.674795,-0.29918,0.674621,0.191487,0.811856,0.551587,-0.00612,-0.022465,-0.002934,-0.015642,-0.111063,0.097075,-1.757421,-0.095327,0.028021,0.403476,0.488463,0.42672,0.761121,-0.702132,0.71005,0.05267,-0.518548,-0.56067,0.645461,0.012567,0.000107,-0.00079,0.002044,-0.015205,0.029246,0.143521,0.031848,0.057831,-0.007279,-0.521156,-0.397956,0.755001,0.669979,-0.738775,0.073065,0.5287,0.543913,0.651639,0.006267,0.000119,-0.000373,0.002248,-0.015552,0.029097,0.006734,0.080667,0.053815,-0.106079,-0.763386,0.455104,-0.45839,-0.627034,-0.351668,0.695094,0.155139,0.818052,0.553824,-0.003203,-0.011605,-0.001806,0.21036,-0.400014,-0.178061,-0.795571
3086,0.069017,0.046446,0.311895,-0.709171,0.50041,-0.4967,-0.679478,-0.296883,0.670926,0.189155,0.812676,0.551184,-0.005061,-0.019779,-0.000456,0.409866,0.215426,0.371838,-1.700397,-0.09484,0.028073,0.403491,0.484774,0.431882,0.760568,-0.709772,0.702332,0.053735,-0.511548,-0.566421,0.646026,4e-06,-1.6e-05,-8e-06,-1.260989,-0.089091,-1.071084,0.145726,0.032092,0.057856,-0.007272,-0.51841,-0.402386,0.754544,0.676624,-0.732579,0.074202,0.522905,0.54901,0.65204,0.006033,0.001355,0.000264,-4.197887,-0.30685,-3.545641,0.009673,0.080445,0.053478,-0.106119,-0.760799,0.453713,-0.464034,-0.630714,-0.348435,0.693391,0.152915,0.820205,0.551253,-0.00889,-0.008103,0.000955,-0.03362,0.045239,-0.052036,-0.763076
3087,0.068239,0.045935,0.312113,-0.710148,0.485092,-0.510316,-0.683905,-0.302858,0.66372,0.168291,0.819744,0.547472,-0.018083,-0.023999,0.012636,0.03254,-0.25449,0.191288,-1.693419,-0.09444,0.028178,0.403495,0.474094,0.438354,0.763592,-0.717862,0.69454,0.047139,-0.510252,-0.571051,0.642967,0.011945,0.002663,0.000549,0.440519,0.362311,-0.331549,0.149333,0.032287,0.05791,-0.007269,-0.507812,-0.410118,0.757581,0.686528,-0.723886,0.068308,0.520389,0.554788,0.649156,-1.3e-05,4.2e-05,1.4e-05,1.42892,1.521654,-1.804528,0.013755,0.080054,0.053214,-0.106011,-0.760057,0.440315,-0.477949,-0.636497,-0.356038,0.684184,0.131089,0.824232,0.550868,-0.008956,-0.011779,0.006541,-0.000795,-0.261784,0.171084,-0.774016
3088,0.067846,0.045612,0.312341,-0.707594,0.479959,-0.518647,-0.688619,-0.303488,0.658536,0.159543,0.822531,0.545909,-0.017373,-0.022183,0.014343,-0.061185,-0.052868,0.108518,-1.685297,-0.094232,0.028216,0.4035,0.466825,0.439681,0.767298,-0.722181,0.690255,0.043992,-0.510851,-0.575216,0.638765,0.000121,-0.000488,-0.000256,-0.235134,0.493524,0.227698,0.151945,0.032395,0.057932,-0.007265,-0.500609,-0.414003,0.760257,0.691025,-0.720089,0.062892,0.521416,0.556841,0.646569,0.006046,0.001036,0.000112,-0.000616,-0.018588,0.033521,0.016041,0.079864,0.05306,-0.105903,-0.757524,0.435479,-0.486328,-0.641282,-0.357043,0.679173,0.122125,0.826364,0.549734,-0.007787,-0.005265,0.003612,-0.069363,-0.203984,0.260751,-0.778915
3089,0.067216,0.044774,0.312769,-0.699341,0.480358,-0.529362,-0.69793,-0.298715,0.650873,0.155389,0.824043,0.544826,-0.005545,-0.027982,0.009938,-0.068022,-0.167775,0.266876,-1.688803,-0.09384,0.028319,0.403504,0.454744,0.441866,0.773275,-0.726808,0.685867,0.035647,-0.515159,-0.578786,0.632046,0.011898,0.002853,0.000649,0.282314,0.744543,-0.375769,0.154639,0.032587,0.057982,-0.007264,-0.490843,-0.415377,0.765855,0.695854,-0.715859,0.057719,0.524269,0.561255,0.640416,0.005044,0.006406,-0.004432,-0.261121,0.6054,0.345659,0.024532,0.079547,0.052651,-0.10568,-0.749842,0.436651,-0.497063,-0.650997,-0.352874,0.672073,0.118061,0.827536,0.548858,-0.008188,-0.006204,0.002726,-0.067163,-0.199425,0.254992,-0.786753
3090,0.066711,0.043843,0.313014,-0.693388,0.476495,-0.540565,-0.705835,-0.297955,0.642644,0.146012,0.82656,0.543605,-0.006976,-0.031446,0.006689,0.24694,0.056775,0.454501,-1.704436,-0.093509,0.028434,0.403528,0.453806,0.439672,0.775074,-0.730774,0.681306,0.041536,-0.510346,-0.585804,0.629479,0.011722,0.003555,0.001017,-0.089231,0.17498,0.117716,0.153017,0.032753,0.058039,-0.007252,-0.487403,-0.412445,0.769627,0.700074,-0.711361,0.062135,0.521855,0.569081,0.635462,-0.000139,0.000555,0.000284,-0.125053,0.266673,0.121888,0.024369,0.079296,0.05219,-0.105553,-0.744721,0.432116,-0.508591,-0.658475,-0.351723,0.665357,0.108628,0.830401,0.546473,-0.009082,-0.008346,0.000707,0.518087,0.178857,0.541947,-0.795734
3091,0.066387,0.043328,0.313073,-0.694663,0.468493,-0.545896,-0.706935,-0.304011,0.638586,0.134074,0.828933,0.543066,-0.021271,-0.031417,0.005662,0.048079,-0.074566,0.308059,-1.710106,-0.0933,0.028498,0.40358,0.451368,0.439923,0.776354,-0.734638,0.677006,0.043636,-0.506942,-0.590585,0.627759,0.011531,0.00431,0.001413,-0.122823,0.244517,0.150046,0.152946,0.032857,0.05807,-0.007227,-0.485082,-0.413248,0.770662,0.70407,-0.707247,0.063923,0.518633,0.573609,0.634028,0.005708,0.002375,0.000814,-0.19267,0.39301,0.219749,0.023716,0.079141,0.051936,-0.10552,-0.745073,0.42509,-0.513968,-0.659992,-0.358615,0.660155,0.096308,0.831079,0.54775,-0.010853,-0.016231,0.002351,0.074573,-0.046981,0.294498,-0.800143
3092,0.065985,0.041757,0.312819,-0.690873,0.457507,-0.559846,-0.714253,-0.31163,0.626659,0.113091,0.832245,0.542776,-0.001294,-0.05249,-0.012291,0.121137,0.007205,0.34441,-1.711582,-0.092733,0.028591,0.403709,0.449842,0.439869,0.77727,-0.738157,0.672975,0.046507,-0.503166,-0.595218,0.62642,0.025342,-0.003197,0.011351,-0.45755,0.030428,-0.237715,0.152249,0.033145,0.058119,-0.007161,-0.483482,-0.412316,0.772166,0.707596,-0.703388,0.067463,0.515317,0.578999,0.631829,0.012666,-0.001582,0.005676,-0.453672,0.014073,-0.248393,0.022736,0.078938,0.051172,-0.105628,-0.741249,0.414169,-0.528216,-0.667002,-0.366323,0.648779,0.075206,0.833229,0.547788,-0.007134,-0.02458,-0.005087,0.209201,-0.056762,0.542033,-0.803572
3093,0.065709,0.03956,0.312219,-0.691974,0.445237,-0.568314,-0.715645,-0.319056,0.621311,0.096163,0.836089,0.540124,-0.003539,-0.058135,-0.018004,0.091949,0.103867,0.166682,-1.720788,-0.092066,0.028671,0.403968,0.449456,0.441814,0.77639,-0.741392,0.66927,0.048487,-0.498732,-0.597955,0.62736,0.024651,-0.000469,0.012782,-0.029804,-0.040428,0.061902,0.151993,0.033479,0.058156,-0.007033,-0.483135,-0.414542,0.77119,0.711056,-0.699707,0.069345,0.510861,0.581862,0.632816,0.012311,-0.000192,0.006401,-0.028567,-0.04217,0.061405,0.02192,0.078797,0.050067,-0.105934,-0.741756,0.401895,-0.536913,-0.668162,-0.373693,0.643359,0.057922,0.835962,0.545721,-0.008415,-0.027703,-0.008231,0.173781,0.054163,0.339093,-0.806021
3094,0.065412,0.038531,0.311878,-0.694253,0.438341,-0.570889,-0.714763,-0.326407,0.618501,0.085632,0.836903,0.540637,-0.016183,-0.053731,-0.015064,-0.027561,-0.088191,0.227674,-1.725646,-0.091686,0.028655,0.404187,0.450611,0.441502,0.775898,-0.741157,0.669443,0.049657,-0.498037,-0.59799,0.627877,0.012699,-0.003093,0.012253,-0.031833,-0.025268,0.032634,0.151822,0.033664,0.05815,-0.006928,-0.484247,-0.4142,0.770676,0.710784,-0.69987,0.070468,0.510186,0.581909,0.633317,0.012434,-0.000675,0.00615,-0.03066,-0.02914,0.035641,0.022083,0.078657,0.049564,-0.106107,-0.743452,0.39547,-0.539333,-0.667113,-0.381473,0.639873,0.047309,0.835511,0.547431,-0.007112,-0.020884,-0.010969,-0.014574,-0.132915,0.261586,-0.807001
3095,0.064801,0.036749,0.311113,-0.692997,0.431533,-0.577564,-0.717922,-0.339265,0.607832,0.06721,0.835335,0.545642,-0.014937,-0.04329,-0.023841,0.335104,-0.263913,-0.166563,-1.732727,-0.090687,0.028407,0.404808,0.442805,0.447142,0.777162,-0.749406,0.660377,0.047189,-0.492651,-0.603863,0.626504,0.027194,-0.013101,0.020907,-0.066289,-0.027672,0.012412,0.148349,0.034157,0.058036,-0.006618,-0.476682,-0.420154,0.772168,0.719452,-0.691201,0.068041,0.505136,0.587972,0.631764,0.013585,-0.006544,0.010442,-0.068755,-0.031065,0.016669,0.019797,0.078344,0.048647,-0.106493,-0.741632,0.389315,-0.546274,-0.670152,-0.394047,0.628984,0.029615,0.832562,0.553139,-0.007485,-0.021718,-0.011986,0.976472,-1.108862,-0.662516,-0.81043
3096,0.064293,0.035314,0.310105,-0.688514,0.429093,-0.584699,-0.722982,-0.342115,0.60019,0.058355,0.835433,0.546512,-0.013493,-0.039678,-0.020646,-0.02172,-0.033255,0.085762,-1.77098,-0.089479,0.027964,0.405558,0.42765,0.456196,0.78038,-0.75845,0.650719,0.035381,-0.49218,-0.60758,0.623273,0.027739,-0.015017,0.019928,1.321698,1.493893,-1.83162,0.153404,0.034751,0.057818,-0.006245,-0.464377,-0.429502,0.77452,0.72888,-0.682114,0.058754,0.503076,0.591817,0.629814,0.01989,-0.006385,0.010113,-0.192544,-0.028667,-0.067105,0.021267,0.078086,0.047933,-0.106994,-0.737603,0.386868,-0.553419,-0.674918,-0.397383,0.621748,0.020615,0.832117,0.554216,-0.005848,-0.01406,-0.013967,-0.021041,-0.067774,0.08281,-0.814186
3097,0.063873,0.034344,0.309106,-0.687734,0.412928,-0.597124,-0.725123,-0.350174,0.592913,0.036584,0.840242,0.541,-0.009992,-0.023864,-0.023997,-0.002047,-0.071393,0.095298,-1.777316,-0.088357,0.027596,0.40621,0.420502,0.461878,0.780921,-0.76711,0.640543,0.034361,-0.484846,-0.614078,0.622652,0.039387,-0.010978,0.021218,-0.072983,0.035129,-0.141127,0.151838,0.035309,0.057628,-0.005922,-0.45522,-0.435739,0.776469,0.738189,-0.672306,0.055492,0.497845,0.598443,0.627706,0.013725,-0.006922,0.010263,-0.066684,-0.028995,0.013353,0.02241,0.077877,0.047436,-0.107498,-0.736295,0.370687,-0.566091,-0.676658,-0.405258,0.614735,-0.001539,0.835677,0.549219,-0.004909,-0.011763,-0.011812,0.001673,-0.115892,0.14177,-0.815656
3098,0.063692,0.03391,0.308669,-0.684263,0.406165,-0.60569,-0.728812,-0.35118,0.587774,0.026874,0.843121,0.537077,-0.009811,-0.02339,-0.023633,-0.006401,-0.1859,0.249751,-1.778266,-0.087829,0.027463,0.406493,0.418638,0.464299,0.780487,-0.770982,0.635817,0.03545,-0.480288,-0.617162,0.623135,0.025626,-0.003919,0.011013,-0.419206,-0.047003,-0.274655,0.155383,0.035588,0.057557,-0.005773,-0.453609,-0.438056,0.776108,0.741955,-0.668057,0.056579,0.4937,0.601503,0.628055,0.013716,-0.006835,0.010312,-1.374287,-0.083735,-1.031278,0.023553,0.07778,0.047203,-0.107732,-0.732526,0.364193,-0.575124,-0.680637,-0.40637,0.609586,-0.011706,0.837989,0.54556,-0.004844,-0.011582,-0.011693,-0.007479,-0.179636,0.242164,-0.815655
3099,0.063447,0.032941,0.307672,-0.674594,0.40227,-0.618989,-0.737979,-0.345631,0.579568,0.020035,0.847274,0.530804,0.003161,-0.027549,-0.02679,-0.006142,-0.199804,0.279803,-1.78558,-0.086762,0.027254,0.406977,0.402394,0.476542,0.781651,-0.789485,0.61283,0.032955,-0.463795,-0.630957,0.621812,0.037698,-0.001507,0.011439,-0.026471,-0.041034,0.059255,0.158876,0.03613,0.057452,-0.005527,-0.437652,-0.451214,0.777731,0.761859,-0.645466,0.054242,0.477525,0.616261,0.626251,0.018846,-0.000776,0.005688,-0.029513,-0.046221,0.065225,0.028778,0.077659,0.046722,-0.108227,-0.72316,0.361134,-0.588744,-0.690418,-0.401397,0.601832,-0.018979,0.841701,0.539608,0.001602,-0.01376,-0.013374,-0.006144,-0.199354,0.279602,-0.817778
3100,0.063287,0.031989,0.306688,-0.671424,0.391364,-0.62934,-0.741101,-0.349927,0.572968,0.004847,0.850623,0.525779,-0.008621,-0.020453,-0.021094,1.040197,-1.033944,-0.758184,-1.874172,-0.0856,0.0273,0.40723,0.3694,0.494932,0.786496,-0.820894,0.570395,0.02676,-0.435808,-0.656132,0.615975,0.025667,-0.003899,0.011034,-0.052768,0.162815,-0.195713,0.158935,0.036689,0.057471,-0.005406,-0.4064,-0.47054,0.783217,0.794874,-0.604783,0.049108,0.45057,0.642517,0.619804,0.017866,0.004383,0.001011,0.041943,1.496054,-2.750423,0.030248,0.077578,0.046257,-0.108708,-0.717809,0.354752,-0.599082,-0.695619,-0.40171,0.595602,-0.029367,0.844262,0.535124,-0.004344,-0.010343,-0.010661,-0.003288,-0.083836,0.113729,-0.825126
3101,0.063166,0.031673,0.306306,-0.670421,0.391164,-0.630533,-0.742011,-0.349273,0.572189,0.004421,0.850984,0.525199,-0.007263,-0.017208,-0.017816,-0.007775,-0.202157,0.273241,-1.888343,-0.084982,0.02739,0.407322,0.354088,0.503384,0.788174,-0.833986,0.551257,0.022743,-0.423458,-0.666005,0.61399,0.035731,0.008795,0.002075,-4.35018,-0.1692,-3.307119,0.158691,0.037007,0.057515,-0.005355,-0.393421,-0.477723,0.785494,0.805742,-0.590602,0.044368,0.442718,0.650361,0.617277,0.017854,0.004421,0.001027,0.005739,-0.060594,0.086043,0.030248,0.077518,0.046085,-0.108913,-0.718867,0.350504,-0.600313,-0.694271,-0.405345,0.594711,-0.034886,0.844299,0.534734,-0.003571,-0.008493,-0.008788,-0.003248,-0.087749,0.118355,-0.826269
3102,0.062923,0.031304,0.305786,-0.672146,0.387276,-0.631095,-0.740456,-0.353166,0.571814,-0.0006,0.85116,0.524932,-0.003186,-0.00753,-0.007836,-0.003899,-0.101167,0.136667,-1.886742,-0.083595,0.027535,0.407555,0.33758,0.509341,0.791583,-0.843494,0.536884,0.014408,-0.418049,-0.673192,0.609845,0.037726,-0.001366,0.01152,-0.027821,-0.043861,0.062974,0.163023,0.037714,0.057591,-0.005238,-0.374491,-0.486642,0.789262,0.81946,-0.571994,0.03614,0.433866,0.660304,0.61299,0.018862,-0.000689,0.005733,-0.031258,-0.049906,0.070796,0.03384,0.077392,0.04589,-0.109183,-0.720252,0.346477,-0.600991,-0.692559,-0.409072,0.594156,-0.039987,0.844163,0.534591,-0.00136,-0.003235,-0.003363,-0.00403,-0.102763,0.139039,-0.826269
3103,0.062749,0.03137,0.305822,-0.673889,0.38824,-0.62864,-0.738871,-0.353778,0.573483,0.001084,0.850466,0.526055,0.002477,0.005845,0.006082,-0.001771,-0.002717,0.006083,-1.886926,-0.082235,0.027532,0.407903,0.33059,0.515227,0.790723,-0.852642,0.522177,0.016377,-0.40485,-0.680257,0.610909,0.037622,-0.000877,0.011782,-4.398737,-0.135609,-3.311952,0.166362,0.03838,0.057589,-0.005069,-0.370742,-0.490723,0.788504,0.825852,-0.562591,0.038175,0.424873,0.665342,0.613842,0.012853,-0.001928,0.00551,-0.029712,-0.030153,0.036063,0.039065,0.0773,0.045912,-0.109177,-0.721916,0.347293,-0.598518,-0.690923,-0.409556,0.595725,-0.038236,0.843593,0.535618,0.001439,0.003392,0.003534,-0.004549,0.030753,-0.033287,-0.8248
3104,0.06281,0.031805,0.306533,-0.682477,0.395075,-0.61497,-0.730897,-0.358853,0.580506,0.009504,0.845169,0.53444,0.006525,0.008036,0.027591,0.026505,1.938255,-1.907918,-1.882292,-0.08104,0.027396,0.408405,0.325876,0.516837,0.791629,-0.855459,0.517609,0.014362,-0.402716,-0.682528,0.609787,0.025405,-0.002688,0.011685,-0.019531,-0.01765,0.020054,0.167558,0.038983,0.05752,-0.004818,-0.363155,-0.494601,0.789612,0.832198,-0.553296,0.036165,0.419002,0.670248,0.612538,0.012648,-0.001177,0.005909,0.007349,0.010724,-0.013382,0.041351,0.077325,0.046119,-0.10884,-0.729358,0.351668,-0.586826,-0.683443,-0.412977,0.601958,-0.030656,0.840106,0.541553,0.003548,0.004699,0.014506,0.400132,0.310303,0.329662,-0.820391
3105,0.062966,0.032092,0.307116,-0.682885,0.397929,-0.612671,-0.730495,-0.360185,0.580186,0.011042,0.843259,0.537419,0.008629,0.013054,0.032653,0.364499,0.443518,0.168695,-1.871893,-0.080522,0.027318,0.408684,0.327012,0.51685,0.791152,-0.855438,0.517608,0.015582,-0.401839,-0.682518,0.610375,0.025083,-0.001549,0.012287,-0.030768,-0.030075,0.034915,0.167722,0.039242,0.05748,-0.004679,-0.364333,-0.494562,0.789093,0.832139,-0.553301,0.037427,0.418096,0.670272,0.61313,0.012475,-0.000567,0.006234,-0.029374,-0.041958,0.062912,0.041841,0.077407,0.046271,-0.108539,-0.731698,0.354256,-0.582339,-0.681076,-0.414353,0.603694,-0.027432,0.838339,0.544457,0.004641,0.007321,0.01715,-0.049405,-0.040886,0.056192,-0.817452
3106,0.063298,0.032553,0.308788,-0.679099,0.406537,-0.611226,-0.733996,-0.362982,0.573991,0.012324,0.837929,0.545665,0.010072,0.009252,0.047548,0.108293,0.13527,0.187582,-1.839165,-0.079523,0.027089,0.409352,0.32116,0.518744,0.792308,-0.8588,0.512082,0.012984,-0.399369,-0.685249,0.608935,0.025173,-0.001809,0.01216,-0.022673,-0.107147,0.218064,0.170279,0.039731,0.057374,-0.004352,-0.358427,-0.496708,0.790449,0.835809,-0.547923,0.034687,0.415876,0.673097,0.611544,0.012468,-0.000531,0.00626,-0.032173,-0.03252,0.03818,0.042494,0.077573,0.04651,-0.107723,-0.727728,0.364779,-0.580816,-0.68538,-0.418611,0.595834,-0.025788,0.831685,0.554647,0.005307,0.005313,0.024486,0.200484,0.213007,0.246945,-0.81092
3107,0.063725,0.032443,0.311078,-0.672838,0.419601,-0.609319,-0.739696,-0.365874,0.564764,0.014873,0.830184,0.557316,0.021742,-0.012484,0.064459,0.096473,0.197325,0.249424,-1.822239,-0.078667,0.026709,0.410064,0.317246,0.518988,0.793724,-0.859582,0.510841,0.009692,-0.400811,-0.68599,0.60715,0.015526,-0.015682,0.020547,-0.06752,-0.014985,-0.018131,0.175534,0.040166,0.057193,-0.003997,-0.354766,-0.49704,0.791891,0.836607,-0.546894,0.031534,0.417407,0.673689,0.609847,0.012749,-0.001458,0.005778,-0.032564,-0.032797,0.038234,0.047556,0.077784,0.04647,-0.106583,-0.722336,0.378189,-0.578967,-0.691181,-0.421871,0.586765,-0.022341,0.824013,0.56613,0.004139,-0.004704,0.03315,0.217136,0.330714,0.273022,-0.811083
3108,0.063906,0.032223,0.312419,-0.668747,0.428275,-0.607786,-0.743363,-0.367827,0.558647,0.016521,0.824866,0.56511,0.007979,-0.017469,0.07687,0.144993,0.309082,0.261441,-1.809959,-0.078334,0.026487,0.410394,0.315,0.519147,0.794514,-0.860042,0.510098,0.007819,-0.401591,-0.686424,0.606144,0.01373,-0.006337,0.010645,-0.032723,-0.015141,0.005535,0.176848,0.040339,0.057072,-0.003821,-0.352537,-0.497308,0.792718,0.837174,-0.546129,0.029695,0.418159,0.674111,0.608864,0.007807,-0.008011,0.010176,-0.068866,-0.016939,-0.015582,0.050169,0.077883,0.046359,-0.105893,-0.718781,0.387256,-0.577395,-0.694948,-0.424096,0.58068,-0.019999,0.818642,0.573955,0.004123,-0.00835,0.038827,0.21771,0.372212,0.308872,-0.813696
3109,0.064184,0.031513,0.315749,-0.655242,0.455613,-0.602595,-0.755221,-0.375101,0.537506,0.019671,0.806722,0.590627,0.00891,-0.022307,0.090243,0.675077,0.825767,0.643998,-1.746547,-0.077814,0.025975,0.411074,0.309969,0.521823,0.79474,-0.86101,0.50852,0.002069,-0.403426,-0.685568,0.605894,0.015268,-0.014727,0.02108,-0.059148,-0.031428,-0.025307,0.170807,0.040599,0.056815,-0.003487,-0.347641,-0.500441,0.792908,0.838295,-0.544698,0.023756,0.420007,0.67295,0.608877,0.006659,-0.002494,0.005671,-0.036068,-0.019489,0.041766,0.050659,0.078019,0.046014,-0.104266,-0.708155,0.412932,-0.572715,-0.705902,-0.431027,0.562065,-0.014762,0.80231,0.596724,0.004411,-0.011181,0.045116,0.553931,0.69538,0.54536,-0.792795
3110,0.064505,0.030562,0.319398,-0.642311,0.48094,-0.596807,-0.766143,-0.379731,0.518461,0.023517,0.789655,0.613123,0.008907,-0.029348,0.101343,0.447928,0.676005,0.493891,-1.767013,-0.077545,0.025602,0.411532,0.300376,0.527681,0.794555,-0.870637,0.491851,0.002634,-0.389765,-0.693216,0.606134,0.001811,-0.009343,0.009932,-0.153285,-0.00046,-0.114217,0.162463,0.040738,0.056628,-0.003253,-0.338428,-0.506401,0.79311,0.848548,-0.528544,0.024608,0.406732,0.681321,0.60858,0.006842,-0.003087,0.005369,-0.432299,-0.015275,-0.298363,0.042168,0.078184,0.045535,-0.102409,-0.696079,0.440536,-0.566922,-0.717911,-0.436703,0.542119,-0.008753,0.784358,0.620246,0.004575,-0.014284,0.051057,0.499046,0.727228,0.571312,-0.807817
3111,0.064908,0.029642,0.323571,-0.63153,0.501863,-0.591058,-0.775092,-0.387584,0.498982,0.022116,0.772622,0.634503,0.012151,-0.021059,0.108255,0.506764,0.715896,0.546255,-1.786799,-0.077364,0.025465,0.411794,0.301271,0.52771,0.794198,-0.870695,0.491742,0.003693,-0.388944,-0.693272,0.606597,0.001633,-0.008744,0.01025,-0.034716,-9.3e-05,-0.023785,0.167742,0.040829,0.056559,-0.003123,-0.339245,-0.506438,0.792737,0.848667,-0.528302,0.025675,0.405802,0.68148,0.609022,0.005769,0.002157,0.000704,0.0023,-0.015193,0.029443,0.038902,0.078379,0.045076,-0.100369,-0.68676,0.461446,-0.561628,-0.726836,-0.444726,0.52338,-0.008259,0.767649,0.640816,0.006237,-0.010026,0.054627,0.226891,0.454265,0.394121,-0.828066
3112,0.065171,0.02932,0.325583,-0.629261,0.508729,-0.587598,-0.776996,-0.393227,0.491551,0.019785,0.765242,0.64346,0.027666,-0.011151,0.099696,0.266936,0.430332,0.411028,-1.828707,-0.077334,0.02549,0.411827,0.301701,0.527642,0.79408,-0.870585,0.491935,0.004036,-0.38886,-0.693186,0.606749,-0.000501,0.001674,0.000878,0.0,-0.0,-0.0,0.171437,0.040845,0.056568,-0.003103,-0.339657,-0.506361,0.79261,0.848555,-0.528466,0.026018,0.405693,0.681411,0.609172,-0.000272,0.000893,0.000464,0.00021,-1.2e-05,0.000165,0.042984,0.078511,0.044907,-0.099316,-0.684171,0.470129,-0.557573,-0.729257,-0.451077,0.514502,-0.009626,0.758622,0.651459,0.006551,-0.009137,0.05518,0.347461,0.659437,0.292568,-0.840966
3113,0.065812,0.028885,0.329594,-0.62695,0.52055,-0.579661,-0.778949,-0.404442,0.479205,0.015785,0.751316,0.659775,0.014444,-0.007455,0.100986,0.039045,0.34704,0.067827,-1.906607,-0.077381,0.025642,0.411785,0.299067,0.529258,0.794,-0.873214,0.48725,0.004261,-0.384972,-0.695264,0.606851,-0.002424,0.011385,-0.008864,0.03463,9e-05,0.023718,0.164867,0.040822,0.05664,-0.00312,-0.337076,-0.508096,0.792601,0.851397,-0.523862,0.026259,0.401872,0.68367,0.609173,-0.000341,0.001133,0.000593,-5.1e-05,-0.000362,2.2e-05,0.044454,0.078839,0.044695,-0.097304,-0.681962,0.482635,-0.549537,-0.731288,-0.462327,0.501468,-0.01204,0.743852,0.668234,0.008041,0.002072,0.046741,0.051698,0.306434,0.109543,-0.868235
3114,0.066419,0.029021,0.333351,-0.626522,0.52999,-0.571513,-0.779368,-0.416099,0.468422,0.011227,0.738235,0.67447,0.019275,0.0196,0.088061,0.382567,0.541249,0.285893,-1.908378,-0.077425,0.025864,0.411712,0.29677,0.530765,0.793857,-0.875651,0.482853,0.004661,-0.38119,-0.697183,0.607036,-0.002471,0.011542,-0.008781,0.034719,8.2e-05,0.02378,0.164803,0.0408,0.056751,-0.003157,-0.334845,-0.509702,0.792515,0.854012,-0.519567,0.026671,0.398171,0.685749,0.609267,-0.000399,0.001329,0.000695,0.001386,-0.011082,0.026846,0.039229,0.079146,0.044757,-0.095392,-0.68249,0.490786,-0.541604,-0.730744,-0.47319,0.492039,-0.014796,0.731586,0.681587,0.009642,0.009942,0.044152,0.508683,0.624249,0.330074,-0.84864
3115,0.066785,0.029329,0.335207,-0.622958,0.53821,-0.567714,-0.782196,-0.417368,0.462542,0.012768,0.731538,0.681701,0.019701,0.020963,0.088528,0.417884,0.573664,0.30472,-1.908594,-0.077424,0.025935,0.411692,0.296978,0.530701,0.793822,-0.875536,0.483061,0.004748,-0.381293,-0.697088,0.607081,-0.00224,0.010767,-0.009186,0.03472,8e-05,0.02378,0.168502,0.0408,0.056789,-0.003165,-0.335053,-0.509628,0.792476,0.853883,-0.519775,0.026757,0.398273,0.685647,0.609315,0.005737,0.002261,0.000762,0.002279,-0.015211,0.029423,0.040698,0.079315,0.0449,-0.094532,-0.67977,0.498148,-0.538294,-0.733316,-0.474312,0.487109,-0.012667,0.725862,0.687723,0.009696,0.010206,0.044055,0.145043,0.343071,0.119284,-0.846354
3116,0.067474,0.030015,0.338533,-0.619414,0.551313,-0.558951,-0.784914,-0.419422,0.456035,0.017747,0.720516,0.693231,0.018206,0.017686,0.084458,0.02119,0.231839,0.035048,-1.908373,-0.07737,0.026014,0.411728,0.294987,0.530467,0.79472,-0.87544,0.483252,0.002528,-0.383054,-0.697133,0.605919,-0.000508,0.001695,0.000887,0.0,0.0,-0.0,0.164635,0.040826,0.05683,-0.003152,-0.333065,-0.509458,0.793422,0.853803,-0.520017,0.024508,0.400108,0.68559,0.608176,-0.000313,0.001043,0.000545,-0.001658,-0.001966,0.002563,0.043474,0.07967,0.045257,-0.092824,-0.675822,0.513659,-0.528599,-0.737034,-0.47737,0.478431,-0.006587,0.712931,0.701202,0.009107,0.008967,0.042344,-0.023786,0.216907,0.021128,-0.84962
3117,0.068088,0.030579,0.341915,-0.61634,0.563639,-0.549983,-0.787358,-0.427149,0.444503,0.016376,0.706297,0.707745,0.003845,0.010494,0.093923,0.445388,0.680389,0.262158,-1.908419,-0.077319,0.026126,0.411804,0.292967,0.530252,0.79561,-0.875368,0.483389,0.000315,-0.384765,-0.697201,0.604756,-0.000963,0.003212,0.001679,0.001099,-0.010966,0.026626,0.164858,0.040853,0.056884,-0.003116,-0.331052,-0.509323,0.794351,0.853772,-0.520168,0.022294,0.401841,0.685576,0.607049,-0.000303,0.001006,0.000525,-0.000765,-0.000933,0.001245,0.037922,0.079982,0.045538,-0.091139,-0.674205,0.52394,-0.520511,-0.738516,-0.484275,0.469116,-0.006282,0.700687,0.71344,0.008398,0.003794,0.046098,0.048834,0.310078,0.067684,-0.853212
3118,0.068725,0.030917,0.345469,-0.612415,0.575933,-0.541567,-0.790435,-0.43346,0.432777,0.01526,0.692396,0.721376,0.016731,0.007667,0.091107,0.304266,0.536074,0.203547,-1.908406,-0.077164,0.026178,0.411863,0.29094,0.530065,0.796478,-0.875312,0.483487,-0.001884,-0.386425,-0.697276,0.60361,0.011863,0.003196,0.000831,0.002045,-0.015205,0.029245,0.169738,0.040928,0.056916,-0.003083,-0.329065,-0.509209,0.795249,0.853747,-0.520298,0.020117,0.403523,0.685562,0.605947,0.005958,0.001507,0.000366,0.001681,-0.015667,0.029875,0.044291,0.080302,0.045711,-0.089327,-0.670322,0.537667,-0.511449,-0.742045,-0.491267,0.456098,-0.006029,0.685251,0.72828,0.008312,0.003813,0.045535,0.361195,0.57519,0.222517,-0.846844
3119,0.069049,0.031022,0.347243,-0.612509,0.580228,-0.536855,-0.790402,-0.439026,0.427191,0.012931,0.685267,0.728195,0.016608,0.007577,0.0905,0.225755,0.463622,0.155568,-1.908556,-0.077045,0.026148,0.411907,0.288879,0.529884,0.797348,-0.875282,0.483529,-0.004075,-0.388037,-0.697384,0.60245,0.01415,-0.0077,0.009952,-0.03266,-0.015326,0.005444,0.170289,0.040982,0.056905,-0.003064,-0.326995,-0.509101,0.796171,0.853749,-0.520375,0.017895,0.405198,0.685583,0.604805,0.000291,-0.000967,-0.000509,-0.002334,0.009562,-0.024851,0.045107,0.080457,0.045761,-0.088473,-0.670492,0.541886,-0.506754,-0.741876,-0.496827,0.450313,-0.00775,0.67788,0.735131,0.007505,-0.001751,0.049333,0.316088,0.569493,0.222886,-0.847987
3120,0.069602,0.03111,0.350866,-0.610258,0.592322,-0.526104,-0.792137,-0.445756,0.416883,0.013169,0.670415,0.741888,0.01477,-0.003939,0.097323,0.17085,0.464086,0.124332,-1.908319,-0.076833,0.026043,0.412017,0.284142,0.529654,0.799201,-0.875422,0.483211,-0.008853,-0.391203,-0.697779,0.59994,0.01196,0.002889,0.000671,0.002045,-0.015205,0.029245,0.166087,0.041091,0.056844,-0.003008,-0.322266,-0.509063,0.798121,0.854013,-0.520084,0.013111,0.408416,0.685832,0.602353,0.000984,-0.004922,0.004833,-0.036543,-0.002182,-0.021267,0.044454,0.080734,0.04581,-0.086665,-0.668646,0.554022,-0.495954,-0.743556,-0.503549,0.439956,-0.005992,0.662945,0.748643,0.008055,0.00347,0.0445,0.32061,0.538159,0.1913,-0.854029
3121,0.070142,0.031023,0.354493,-0.607658,0.604243,-0.515448,-0.794128,-0.451779,0.406483,0.013496,0.655582,0.755021,0.015429,0.005278,0.086806,0.191881,0.431099,0.126986,-1.908264,-0.076575,0.025839,0.412262,0.279672,0.529474,0.800894,-0.875639,0.482716,-0.013209,-0.393925,-0.698257,0.597598,0.012007,0.002748,0.000597,0.42184,0.43959,-0.52277,0.158252,0.041224,0.056743,-0.002885,-0.318028,-0.509061,0.799821,0.85433,-0.519652,0.008959,0.411068,0.686161,0.600171,0.005999,0.001378,0.000296,0.465563,0.487815,-0.581621,0.036616,0.081011,0.045766,-0.084813,-0.666394,0.56629,-0.485009,-0.745588,-0.509629,0.429389,-0.004017,0.64776,0.761833,0.007619,0.002519,0.043309,0.196602,0.434557,0.129101,-0.847171
3122,0.070422,0.03101,0.356255,-0.604656,0.611861,-0.509963,-0.796382,-0.452518,0.401218,0.015469,0.647962,0.761533,0.01539,0.005361,0.086433,0.250939,0.381127,0.326469,-1.90829,-0.076406,0.025702,0.412426,0.277277,0.529453,0.801741,-0.875843,0.48228,-0.015439,-0.39516,-0.698576,0.596409,0.002053,-0.010103,0.009543,0.385253,0.454246,-0.576041,0.153641,0.041308,0.056679,-0.002807,-0.316209,-0.509144,0.800489,0.854579,-0.519268,0.007299,0.411953,0.68639,0.599302,0.00604,0.001242,0.000224,1.40079,1.49888,-1.810352,0.032044,0.081145,0.045756,-0.083966,-0.664016,0.573464,-0.479812,-0.747717,-0.510353,0.424803,-0.001264,0.64084,0.767672,0.007491,0.002266,0.04291,0.420533,0.61789,0.223158,-0.842598
3123,0.071029,0.031244,0.359456,-0.604346,0.619695,-0.500789,-0.796615,-0.458188,0.39426,0.015612,0.636434,0.771191,0.015619,0.013429,0.075121,0.065033,0.277711,0.025348,-1.908391,-0.07603,0.025432,0.412763,0.272416,0.529435,0.803417,-0.876262,0.481354,-0.019944,-0.397603,-0.699228,0.594016,0.001899,-0.009582,0.009821,0.385565,0.453458,-0.576448,0.152253,0.041491,0.056544,-0.002643,-0.313031,-0.509374,0.80159,0.855125,-0.518401,0.004516,0.413245,0.686874,0.597855,0.005937,0.00159,0.000405,0.001329,-0.015993,0.030194,0.024696,0.081449,0.045874,-0.082359,-0.663447,0.581949,-0.47029,-0.748222,-0.516075,0.416928,-7.4e-05,0.628491,0.777816,0.007809,0.006834,0.037651,0.075966,0.292718,0.037419,-0.851906
3124,0.07184,0.031942,0.362047,-0.608694,0.625402,-0.488272,-0.793186,-0.464096,0.394263,0.02072,0.626497,0.779166,0.027621,0.016234,0.060398,-1.033543,2.121254,-1.666461,-1.908348,-0.075816,0.025372,0.412951,0.272767,0.531765,0.801758,-0.87619,0.481436,-0.021078,-0.39752,-0.697403,0.596213,0.011577,0.004199,0.001355,0.010412,-0.031404,0.0223,0.150789,0.041599,0.056507,-0.002541,-0.311062,-0.511897,0.80075,0.855098,-0.518464,0.000734,0.414784,0.684949,0.598996,-0.000203,0.000656,0.00034,-0.001428,0.009249,0.006851,0.023226,0.081851,0.046227,-0.081054,-0.666301,0.587064,-0.45978,-0.745672,-0.521342,0.414939,0.003893,0.61932,0.785128,0.008301,0.015424,0.027168,-0.082729,0.047616,-0.039539,-0.855988
