frame,MLTx,MLTy,MLTz,MLTR1,MLTR2,MLTR3,MLTR4,MLTR5,MLTR6,MLTR7,MLTR8,MLTR9,MLTTVx,MLTTVy,MLTTVz,MLTRVx,MLTRVy,MLTRVz,MLGA,MRTx,MRTy,MRTz,MRTR1,MRTR2,MRTR3,MRTR4,MRTR5,MRTR6,MRTR7,MRTR8,MRTR9,MRTTVx,MRTTVy,MRTTVz,MRTRVx,MRTRVy,MRTRVz,MRGA,SLTx,SLTy,SLTz,SLTR1,SLTR2,SLTR3,SLTR4,SLTR5,SLTR6,SLTR7,SLTR8,SLTR9,SLTTVx,SLTTVy,SLTTVz,SLTRVx,SLTRVy,SLTRVz,SLGA,SRTx,SRTy,SRTz,SRTR1,SRTR2,SRTR3,SRTR4,SRTR5,SRTR6,SRTR7,SRTR8,SRTR9,SRTTVx,SRTTVy,SRTTVz,SRTRVx,SRTRVy,SRTRVz,SRGA
485,0.185226,-0.024579,0.274094,-0.537332,0.840215,-0.073196,-0.83867,-0.523068,0.151669,0.089811,0.141835,0.985821,0.014877,0.000408,-0.023621,0.024729,-0.021437,0.017431,-1.90847,-0.132265,-0.048261,0.309329,-0.967767,-0.125847,0.21813,0.204565,-0.897678,0.390207,0.147921,0.422413,0.894175,-0.002198,0.022919,0.028803,-0.006254,0.052052,-0.099455,-1.399859,0.061692,0.019356,-0.015308,0.972912,0.084014,0.215368,-0.165276,0.904166,0.393912,-0.161635,-0.418836,0.89356,-0.001142,0.011728,0.014742,-0.005644,-0.034474,0.0785,-1.048123,0.091072,0.030246,-0.081085,0.577176,-0.814054,-0.064673,0.810686,0.561653,0.165328,-0.098261,-0.147853,0.984115,0.007265,0.005772,-0.015896,0.07953,-0.002402,0.013958,-1.067123
486,0.185883,-0.024366,0.27305,-0.543731,0.835777,-0.076668,-0.835055,-0.529507,0.149255,0.084818,0.144133,0.98593,0.014902,0.000591,-0.023474,0.035006,0.005197,0.000284,-1.908874,-0.13243,-0.047395,0.310589,-0.96807,-0.126575,0.216357,0.204631,-0.897214,0.391239,0.145815,0.423183,0.894158,-0.002519,0.026285,0.032663,-0.005225,0.038962,-0.073788,-1.400324,0.061609,0.019793,-0.014673,0.973216,0.084703,0.213716,-0.165398,0.903654,0.395033,-0.159666,-0.419801,0.893461,-0.001268,0.013012,0.016175,0.005559,-0.039305,0.077467,-1.053186,0.091406,0.030357,-0.081618,0.583187,-0.809486,-0.067992,0.806997,0.567739,0.162565,-0.092992,-0.149675,0.984352,0.007473,0.000527,-0.011422,0.042109,-0.122103,0.193075,-1.068266
487,0.186221,-0.024334,0.272582,-0.548048,0.832634,-0.080065,-0.832399,-0.533376,0.150311,0.083126,0.147985,0.985504,0.014913,0.00058,-0.023541,0.011791,-0.134726,0.145468,-1.908482,-0.132534,-0.046922,0.311299,-0.968125,-0.126458,0.216178,0.204475,-0.897166,0.391431,0.145665,0.42332,0.894117,-0.018214,0.026145,0.034617,0.005158,-0.038493,0.072495,-1.400254,0.061563,0.020029,-0.014319,0.97324,0.084633,0.213635,-0.165329,0.90359,0.395209,-0.159591,-0.419954,0.893402,-0.001355,0.01391,0.017186,0.007436,-0.053164,0.102797,-1.053838,0.091575,0.030374,-0.081851,0.587407,-0.806135,-0.071397,0.804129,0.571436,0.163822,-0.091263,-0.153642,0.983902,0.007477,0.000498,-0.011488,0.02418,-0.025942,0.001404,-1.068919
488,0.186832,-0.024401,0.271766,-0.55019,0.831156,-0.08072,-0.831025,-0.535403,0.150707,0.082722,0.14896,0.985391,0.014962,0.001919,-0.021776,0.035864,-0.010978,0.024109,-1.90883,-0.132662,-0.045828,0.312808,-0.968212,-0.126271,0.215898,0.204224,-0.897101,0.39171,0.145439,0.423512,0.894062,-0.003034,0.031638,0.038543,0.007199,-0.053672,0.101754,-1.400375,0.061493,0.020573,-0.013567,0.973316,0.084421,0.213374,-0.165067,0.903518,0.395484,-0.159401,-0.420152,0.893343,-0.001571,0.016136,0.019667,-0.00323,0.025833,-0.047643,-1.053512,0.09188,0.030338,-0.082262,0.589382,-0.804646,-0.071918,0.802745,0.573335,0.163969,-0.090704,-0.154372,0.983839,0.00749,0.000747,-0.011188,0.036526,0.005325,0.003911,-1.069736
489,0.187275,-0.024583,0.271134,-0.553133,0.829212,-0.080593,-0.82903,-0.538202,0.151719,0.083115,0.1497,0.985245,-0.00055,0.002947,-0.019635,0.034885,0.003775,-0.005424,-1.908786,-0.132735,-0.044481,0.314411,-0.968228,-0.126231,0.215852,0.204164,-0.897121,0.391695,0.145419,0.423482,0.89408,-0.003399,0.035285,0.042337,-0.003422,0.025513,-0.048366,-1.399849,0.061457,0.021246,-0.012767,0.973359,0.084278,0.21323,-0.164872,0.903552,0.395486,-0.159334,-0.420106,0.893377,-0.001725,0.017649,0.021188,-0.005087,0.039146,-0.073315,-1.056941,0.092108,0.030247,-0.08258,0.592139,-0.802634,-0.071753,0.800673,0.575948,0.164939,-0.091059,-0.155117,0.983689,0.007714,-0.004299,-0.006415,0.006562,-0.111655,0.172422,-1.068103
490,0.187493,-0.024711,0.270889,-0.556865,0.826596,-0.081763,-0.826681,-0.541875,0.151466,0.081583,0.150906,0.98519,0.01544,-0.007392,-0.011157,0.006488,-0.111522,0.165741,-1.908655,-0.132792,-0.043779,0.315233,-0.968859,-0.126129,0.213059,0.202998,-0.896966,0.392653,0.142801,0.423839,0.894333,-0.003404,0.035282,0.042002,-0.005222,0.038933,-0.073803,-1.400148,0.061427,0.021613,-0.012336,0.973975,0.084173,0.210445,-0.163727,0.903342,0.396442,-0.156735,-0.42058,0.893614,-0.00174,0.017777,0.021167,-0.004442,0.041179,-0.074486,-1.057594,0.092217,0.030183,-0.082711,0.595746,-0.79986,-0.072864,0.798176,0.579495,0.164618,-0.089447,-0.156229,0.983661,0.00773,-0.003614,-0.005466,0.006117,-0.111892,0.168022,-1.068103
491,0.187864,-0.025024,0.270501,-0.554175,0.828127,-0.084501,-0.828608,-0.539009,0.151157,0.080315,0.152752,0.985009,0.015474,-0.006671,-0.010194,0.006177,-0.110897,0.16972,-1.908648,-0.133009,-0.042299,0.316783,-0.97153,-0.123901,0.201911,0.196984,-0.895583,0.398826,0.132636,0.427404,0.894202,-0.004632,0.045119,0.031672,-0.032241,-0.269108,0.235125,-1.400054,0.06132,0.02234,-0.011568,0.976452,0.081855,0.199598,-0.157913,0.901566,0.402792,-0.14698,-0.424827,0.893262,-0.001722,0.017594,0.020631,-0.226644,-0.761189,0.357462,-1.058737,0.092397,0.03003,-0.0829,0.593212,-0.801492,-0.075548,0.800204,0.576767,0.164354,-0.088155,-0.157951,0.983503,-4.4e-05,-0.003452,-0.004867,-0.000951,0.016524,-0.022248,-1.069736
492,0.188227,-0.025406,0.270158,-0.55591,0.826626,-0.087742,-0.82766,-0.540517,0.150971,0.078057,0.155514,0.984758,-0.000101,-0.007331,-0.010362,0.005211,-0.096138,0.140196,-1.90855,-0.133355,-0.040821,0.318119,-0.972518,-0.125558,0.196049,0.196844,-0.892688,0.405333,0.125341,0.432946,0.892587,-0.00305,0.031737,0.036665,-0.512285,0.182449,0.25482,-1.400396,0.061145,0.023088,-0.010898,0.977584,0.084711,0.19275,-0.158166,0.89974,0.406757,-0.138968,-0.428126,0.89297,-0.009821,0.02028,0.013996,0.047609,-0.062778,0.048844,-1.057921,0.092578,0.029848,-0.083067,0.594971,-0.799886,-0.078682,0.799154,0.578282,0.164138,-0.085791,-0.160537,0.983293,-4.7e-05,-0.003794,-0.005367,-0.001048,0.016265,-0.022528,-1.070715
493,0.188624,-0.025799,0.269759,-0.558119,0.824844,-0.09045,-0.826362,-0.542547,0.150799,0.076002,0.157878,0.984543,0.0155,-0.00852,-0.012919,0.005329,-0.09453,0.146013,-1.908446,-0.133908,-0.039284,0.319027,-0.972532,-0.134553,0.189917,0.202778,-0.889904,0.408516,0.115265,0.435978,0.892469,-0.020249,0.04537,0.012111,0.060336,-0.066957,0.075427,-1.400324,0.060882,0.023843,-0.010437,0.977923,0.092324,0.187462,-0.163697,0.896064,0.412639,-0.129882,-0.434216,0.891395,-0.009437,0.016781,0.009772,-0.0329,-0.235947,-0.383387,-1.057431,0.092771,0.029651,-0.083259,0.597046,-0.798061,-0.081445,0.797838,0.580146,0.163961,-0.083601,-0.162872,0.983098,0.007757,-0.004014,-0.006111,0.005979,-0.111013,0.170838,-1.070062
494,0.188847,-0.026031,0.269562,-0.561682,0.822276,-0.091768,-0.824075,-0.546017,0.150792,0.074579,0.159294,0.984424,0.015509,-0.009013,-0.013655,0.005707,-0.095113,0.142064,-1.908728,-0.134239,-0.038557,0.319249,-0.972902,-0.139891,0.184076,0.205168,-0.888926,0.409452,0.107576,0.436302,0.89327,-0.019829,0.041455,0.007518,0.075782,-0.039625,0.086769,-1.400125,0.060701,0.024239,-0.010312,0.978527,0.097786,0.181444,-0.166106,0.895322,0.413288,-0.122038,-0.434553,0.89234,-0.009887,0.02035,0.003337,0.083613,-0.033351,0.082217,-1.056778,0.092894,0.029529,-0.083367,0.600422,-0.795385,-0.082792,0.79546,0.583418,0.163905,-0.082065,-0.16427,0.982995,0.007759,-0.004536,-0.006874,0.00533,-0.095577,0.143132,-1.067613
495,0.189399,-0.02652,0.269068,-0.563114,0.821235,-0.092312,-0.823299,-0.547743,0.148759,0.072297,0.158743,0.984683,0.015532,-0.010345,-0.015646,-0.000547,0.018081,-0.017823,-1.908498,-0.135178,-0.037026,0.319217,-0.974651,-0.147744,0.167981,0.205951,-0.885181,0.4171,0.088298,0.441312,0.892922,-0.018959,0.033252,-0.001929,-0.405819,-0.612369,0.519713,-1.400509,0.060238,0.024994,-0.010324,0.980386,0.10623,0.166003,-0.167738,0.891961,0.419843,-0.103469,-0.439453,0.892285,-0.017626,0.020458,-0.005973,-1.030032,-2.19084,1.399478,-1.054818,0.093164,0.029288,-0.083607,0.601759,-0.794322,-0.083288,0.79468,0.585064,0.161809,-0.0798,-0.163558,0.9833,0.007994,-0.010818,-0.003845,-0.035032,-0.102957,0.152404,-1.062224
496,0.190056,-0.026958,0.26853,-0.561286,0.822294,-0.094009,-0.824605,-0.545806,0.148641,0.071609,0.159923,0.984542,0.015579,-0.009685,-0.014798,8.6e-05,0.001552,0.005781,-1.908491,-0.136558,-0.035483,0.318551,-0.975456,-0.152874,0.158452,0.207155,-0.880329,0.426663,0.075493,0.44921,0.890154,-0.035978,0.047215,-0.025679,-0.441139,-0.548391,0.545271,-1.400891,0.059542,0.025774,-0.010663,0.981482,0.111198,0.155968,-0.168823,0.886861,0.430087,-0.090498,-0.448454,0.889212,-0.017949,0.023282,-0.013186,-0.526584,-0.595858,0.589114,-1.057921,0.093492,0.029067,-0.08388,0.600011,-0.795458,-0.085043,0.796073,0.58318,0.161765,-0.079081,-0.164761,0.983157,0.007795,-0.00516,-0.007863,-0.000906,0.017794,-0.017679,-1.062224
497,0.190455,-0.027195,0.26822,-0.565048,0.819595,-0.095025,-0.822151,-0.549523,0.148537,0.070219,0.161032,0.984461,0.031271,-0.01028,-0.016601,0.000165,0.003101,0.011559,-1.908661,-0.137472,-0.034603,0.318019,-0.976362,-0.15412,0.151507,0.205687,-0.877017,0.434128,0.067197,0.455226,0.88776,-0.050841,0.044225,-0.027067,-0.479308,-0.51511,0.533145,-1.400324,0.059123,0.026179,-0.010911,0.982002,0.112818,0.151472,-0.168846,0.883768,0.436399,-0.084632,-0.45412,0.886911,-0.025362,0.021547,-0.014142,-0.587603,0.339368,0.183791,-1.055145,0.09368,0.028954,-0.084026,0.60377,-0.792516,-0.085896,0.793363,0.586896,0.16164,-0.07769,-0.16574,0.983104,0.00803,-0.011317,-0.004648,-0.036781,0.029854,-0.035965,-1.064837
498,0.191257,-0.027687,0.267644,-0.567977,0.817594,-0.094803,-0.820041,-0.552179,0.150345,0.071274,0.162114,0.984208,0.031345,-0.009911,-0.016206,0.007328,-0.125375,0.199428,-1.90854,-0.139611,-0.032861,0.316912,-0.977188,-0.161264,0.138163,0.206925,-0.868131,0.45107,0.048435,0.469574,0.881486,-0.066942,0.054135,-0.034776,-0.460449,0.289917,0.215969,-1.400806,0.058041,0.027056,-0.01148,0.98352,0.1201,0.13514,-0.169181,0.874955,0.453685,-0.063754,-0.469072,0.880855,-0.032812,0.021475,-0.013291,-0.519258,0.232154,0.405637,-1.056125,0.094087,0.028702,-0.084323,0.60661,-0.790376,-0.08561,0.791094,0.58946,0.163422,-0.078702,-0.166859,0.982834,0.00783,-0.005542,-0.008505,-0.00054,0.01736,-0.017428,-1.070225
499,0.192144,-0.028201,0.267062,-0.569979,0.816225,-0.094579,-0.818811,-0.554524,0.148402,0.069387,0.161009,0.984525,0.0157,-0.009926,-0.015428,0.002947,0.004463,0.007655,-1.90824,-0.14235,-0.031041,0.315792,-0.976941,-0.174793,0.122578,0.21201,-0.859497,0.465027,0.025305,0.480513,0.876544,-0.080415,0.042635,-0.025303,-0.089059,-0.030876,0.238548,-1.400395,0.056676,0.027968,-0.012045,0.983837,0.132643,0.120292,-0.174107,0.865592,0.469506,-0.041848,-0.482861,0.874696,-0.032671,0.021885,-0.012924,-0.105999,-0.201322,0.370508,-1.04894,0.094536,0.028444,-0.084616,0.608405,-0.789023,-0.08535,0.789904,0.591636,0.161297,-0.076771,-0.165552,0.983207,0.015958,-0.010832,-0.004543,-0.047783,0.005293,-0.003783,-1.071695
500,0.193118,-0.028736,0.266549,-0.573184,0.813817,-0.095957,-0.816676,-0.557611,0.148601,0.068135,0.162525,0.984363,0.015754,-0.009706,-0.015221,-0.000862,0.017764,-0.018028,-1.908571,-0.145595,-0.029311,0.314862,-0.979026,-0.171465,0.109996,0.203242,-0.854397,0.478155,0.013229,0.490699,0.87115,-0.080185,0.045752,-0.022151,-0.361684,0.073701,0.353212,-1.40043,0.05509,0.028813,-0.012507,0.985666,0.130206,0.107274,-0.166046,0.861198,0.48038,-0.029836,-0.491307,0.870474,-0.039456,0.016874,-0.007411,-0.071177,-0.818662,0.577704,-1.04845,0.095012,0.02818,-0.084865,0.611529,-0.786445,-0.0868,0.787612,0.5946,0.161606,-0.075482,-0.167192,0.983029,0.008131,-0.010585,-0.003762,-0.036974,0.029577,-0.036418,-1.070225
501,0.193607,-0.028995,0.266341,-0.571453,0.815405,-0.092746,-0.817699,-0.556081,0.148709,0.070389,0.159801,0.98465,0.031535,-0.008835,-0.014987,0.015442,-0.099815,0.181621,-1.908978,-0.147228,-0.028601,0.314532,-0.979126,-0.175861,0.101864,0.2031,-0.853019,0.48067,0.003598,0.491548,0.870765,-0.09373,0.033011,-0.014107,-0.561193,-2.251021,1.288458,-1.400848,0.054242,0.029191,-0.012681,0.985786,0.133315,0.102239,-0.166389,0.858925,0.484316,-0.023248,-0.494444,0.868898,-0.039962,0.022639,-0.011354,0.136404,-0.041527,0.148645,-1.049103,0.095262,0.028047,-0.084975,0.609892,-0.788093,-0.083299,0.788643,0.59324,0.161575,-0.07792,-0.164237,0.983338,0.007896,-0.004336,-0.00689,-0.007604,-0.010558,0.014888,-1.069899
502,0.194577,-0.029516,0.26599,-0.573964,0.81373,-0.091939,-0.816044,-0.558896,0.147237,0.069135,0.158519,0.984946,0.016334,-0.018918,-0.004327,-0.028165,0.02128,-0.007857,-1.908853,-0.15069,-0.027296,0.314176,-0.97888,-0.184537,0.087933,0.203708,-0.848451,0.488435,-0.01429,0.496264,0.867975,-0.092387,0.026634,-0.001109,0.014482,-0.096229,0.137046,-1.400863,0.052511,0.029842,-0.012869,0.986142,0.142141,0.085541,-0.165867,0.854319,0.492569,-0.003065,-0.499932,0.866058,-0.03928,0.01918,-0.005119,0.041485,-0.169361,0.080199,-1.046,0.095753,0.027789,-0.085157,0.612184,-0.786388,-0.082606,0.786995,0.595849,0.160006,-0.076606,-0.162963,0.983653,0.015802,-0.003507,-0.006224,-0.011481,-0.022694,0.042156,-1.071858
503,0.195562,-0.030026,0.265761,-0.576167,0.812228,-0.091449,-0.814598,-0.561358,0.145873,0.067858,0.157528,0.985194,0.032175,-0.017024,-0.002652,0.00365,0.038376,0.042037,-1.909184,-0.154399,-0.026223,0.314179,-0.98019,-0.182881,0.075988,0.196123,-0.845341,0.496858,-0.025391,0.502149,0.864329,-0.090936,0.017486,0.008766,-0.186948,-0.624214,0.322861,-1.401076,0.050697,0.030374,-0.012869,0.987162,0.140338,0.076256,-0.159629,0.850962,0.50038,0.005331,-0.506129,0.86244,-0.046027,0.01445,0.000522,0.064049,0.065213,-0.073912,-1.043715,0.09624,0.027533,-0.085272,0.614405,-0.784711,-0.082059,0.785382,0.598343,0.15862,-0.075371,-0.161904,0.983923,0.007927,-0.002949,-0.00492,0.026411,0.031547,0.037645,-1.067613
504,0.196009,-0.030294,0.265686,-0.575754,0.812706,-0.089791,-0.814641,-0.560685,0.148205,0.070813,0.157462,0.984996,0.0164,-0.017161,-0.001823,-0.035207,0.013907,-0.012578,-1.909282,-0.15619,-0.025801,0.314273,-0.979342,-0.188628,0.072801,0.199383,-0.842979,0.499567,-0.031625,0.504,0.863045,-0.090756,0.01763,0.008692,-0.000675,0.065135,-0.098226,-1.400926,0.049727,0.030604,-0.012817,0.986747,0.146227,0.070338,-0.161665,0.848699,0.50356,0.013939,-0.508257,0.861091,-0.045379,0.00881,0.004405,0.046385,0.06395,-0.105043,-1.040612,0.096469,0.0274,-0.085309,0.613869,-0.785289,-0.080525,0.785505,0.597519,0.161095,-0.078391,-0.162144,0.983647,0.008201,-0.008492,-0.000795,-0.041546,0.005071,-0.012223,-1.06647
505,0.196812,-0.030833,0.265647,-0.57947,0.809959,-0.090702,-0.812041,-0.564189,0.149173,0.070366,0.159084,0.984768,0.016413,-0.014698,0.001796,-0.034825,-0.002931,0.010838,-1.908644,-0.160023,-0.025023,0.314554,-0.97936,-0.193325,0.058913,0.19593,-0.837942,0.509312,-0.047858,0.510586,0.858414,-0.090401,0.018504,0.009154,0.011429,0.058343,-0.100561,-1.401155,0.047884,0.030979,-0.012683,0.986959,0.150829,0.056224,-0.158146,0.843462,0.513382,0.03001,-0.515579,0.856315,-0.045216,0.009413,0.004827,0.056261,0.045756,-0.09659,-1.040449,0.096871,0.027127,-0.085334,0.617511,-0.782334,-0.081441,0.782698,0.600926,0.162083,-0.077863,-0.163832,0.98341,0.00821,-0.007583,0.000539,-0.035982,0.012802,-0.013225,-1.071532
506,0.197465,-0.031411,0.265707,-0.581874,0.808298,-0.090123,-0.810389,-0.56677,0.148372,0.069568,0.158359,0.984942,0.016994,-0.025635,0.010267,-0.063028,-0.102463,0.153237,-1.908897,-0.163668,-0.024127,0.314804,-0.979516,-0.196266,0.044941,0.190501,-0.83205,0.5209,-0.063603,0.519038,0.852301,-0.105818,0.029168,0.001496,-0.297894,0.231069,-0.01628,-1.401052,0.046028,0.031431,-0.01255,0.98706,0.154722,0.042097,-0.153672,0.837832,0.523852,0.045782,-0.523543,0.850767,-0.045031,0.009926,0.005138,-0.510803,0.266518,0.037412,-1.037509,0.097197,0.026843,-0.085305,0.619891,-0.78053,-0.080661,0.780889,0.60352,0.161166,-0.077115,-0.162893,0.983625,0.008221,-0.007266,0.000999,-0.042646,0.003816,-0.025729,-1.076104
507,0.198017,-0.032073,0.265909,-0.579591,0.810008,-0.089477,-0.811982,-0.564594,0.147955,0.070042,0.157396,0.985062,0.017024,-0.025194,0.010902,-0.067681,0.028776,-0.029323,-1.908805,-0.167434,-0.023011,0.314966,-0.979125,-0.200495,0.033276,0.187339,-0.827658,0.528979,-0.077277,0.524423,0.847863,-0.090542,0.030833,0.001319,-0.205048,-0.583152,0.355302,-1.401556,0.044173,0.031982,-0.012472,0.986817,0.158303,0.033625,-0.151731,0.832748,0.532454,0.056288,-0.530537,0.84579,-0.045284,0.015629,0.000959,-0.024598,0.104066,-0.043274,-1.032284,0.097473,0.026518,-0.085204,0.61755,-0.782441,-0.080102,0.782701,0.60131,0.160641,-0.077526,-0.1619,0.983756,0.008223,-0.006678,0.001862,-0.040903,-0.124473,0.179866,-1.077737
508,0.198268,-0.032366,0.266032,-0.578067,0.811249,-0.08809,-0.813059,-0.563355,0.146761,0.070147,0.155447,0.985364,0.016453,-0.01246,0.005077,0.003345,0.037051,0.036132,-1.908894,-0.169176,-0.022393,0.314993,-0.979562,-0.198829,0.03028,0.18395,-0.825614,0.533346,-0.079805,0.528265,0.84524,-0.090314,0.031854,0.002189,-0.081268,0.040861,-0.004123,-1.40132,0.043268,0.032297,-0.012456,0.987252,0.156708,0.027824,-0.14697,0.83051,0.537263,0.061085,-0.534504,0.842955,-0.045615,0.021261,-0.003175,-0.071129,-0.105898,0.09906,-1.032611,0.097599,0.026361,-0.085141,0.616166,-0.783678,-0.078652,0.783767,0.600233,0.159463,-0.077758,-0.159901,0.984065,0.000579,-0.012395,0.006315,-0.041168,-0.058894,0.159117,-1.075941
509,0.198712,-0.032929,0.26637,-0.581223,0.80913,-0.086793,-0.810817,-0.566661,0.146434,0.070019,0.154473,0.985527,0.001145,-0.023007,0.015313,-0.070555,0.024244,-0.036982,-1.908491,-0.172694,-0.020872,0.314978,-0.980766,-0.19396,0.021649,0.174195,-0.820683,0.544123,-0.086529,0.537672,0.838621,-0.090638,0.044843,-0.004476,-0.335601,0.228872,0.068201,-1.401071,0.041509,0.033051,-0.012462,0.988112,0.152574,0.018804,-0.13792,0.825816,0.546813,0.067901,-0.542907,0.837042,-0.037956,0.023305,-0.001899,-0.562889,0.214665,0.190021,-1.03457,0.097827,0.026083,-0.084975,0.619069,-0.781509,-0.077436,0.781483,0.603275,0.159192,-0.077694,-0.159066,0.984205,0.008215,-0.005365,0.003818,-0.045108,-0.012307,0.011224,-1.071695
510,0.199133,-0.033472,0.26676,-0.579263,0.810636,-0.085839,-0.812163,-0.56482,0.146083,0.070652,0.153324,0.985661,0.00057,-0.011084,0.008283,-0.028768,-0.098354,0.146771,-1.908868,-0.176112,-0.019175,0.314886,-0.979394,-0.201743,0.008941,0.17286,-0.815255,0.552642,-0.102962,0.543052,0.833281,-0.090044,0.04617,-0.003517,-0.034108,0.024766,0.011255,-1.401287,0.039766,0.033917,-0.01251,0.987164,0.159572,0.006508,-0.136142,0.819513,0.556653,0.083492,-0.550394,0.830719,-0.045021,0.023099,-0.001684,0.033291,0.020611,0.01044,-1.033917,0.098037,0.025809,-0.084776,0.617258,-0.783038,-0.07644,0.782836,0.601583,0.158946,-0.078476,-0.15795,0.984323,0.008507,-0.010874,0.008003,-0.07712,0.002312,-0.00863,-1.067939
511,0.199302,-0.033753,0.266961,-0.578922,0.810844,-0.086176,-0.812359,-0.564325,0.14691,0.071205,0.154043,0.985509,0.000579,-0.011411,0.007794,-0.035809,0.011475,-0.018896,-1.909208,-0.177842,-0.018266,0.314825,-0.980118,-0.198372,0.002936,0.165999,-0.812475,0.558805,-0.107224,0.54843,0.829211,-0.089736,0.046622,-0.003264,-0.74943,-2.065809,1.563303,-1.4011,0.038962,0.034336,-0.012537,0.987611,0.156883,0.003114,-0.131557,0.817029,0.561386,0.085528,-0.554841,0.827547,-0.044883,0.023204,-0.001676,-0.448001,0.271705,0.078724,-1.03506,0.098122,0.025669,-0.084673,0.616858,-0.783305,-0.076933,0.783104,0.601004,0.159816,-0.078948,-0.158831,0.984143,0.000283,-0.005697,0.003903,-0.036716,0.010432,-0.019833,-1.070062
512,0.199556,-0.034299,0.267321,-0.58183,0.808864,-0.085197,-0.810306,-0.567369,0.146523,0.070897,0.153277,0.98565,0.000583,-0.011457,0.007725,-0.008409,0.040573,-0.000735,-1.908326,-0.180988,-0.016619,0.314844,-0.980933,-0.194315,-0.001489,0.159266,-0.808929,0.565864,-0.109918,0.555081,0.824419,-0.073813,0.037016,0.0049,-0.240762,0.169189,0.050159,-1.401496,0.037328,0.035195,-0.01253,0.988292,0.15252,-0.004053,-0.123128,0.812964,0.569146,0.090101,-0.561984,0.822226,-0.03691,0.018521,0.00252,-0.272965,0.183362,0.042864,-1.034244,0.098249,0.025392,-0.084491,0.619732,-0.781154,-0.075698,0.780863,0.604073,0.159209,-0.078639,-0.157777,0.984338,0.000285,-0.005726,0.003862,-0.031004,0.020228,0.000847,-1.071532
513,0.199701,-0.034802,0.267641,-0.579666,0.810485,-0.084531,-0.811828,-0.56534,0.145938,0.071208,0.152208,0.985794,0.000591,-0.01179,0.007226,0.277287,0.345832,0.189119,-1.908805,-0.183967,-0.015156,0.31506,-0.981069,-0.193427,-0.008938,0.153848,-0.807244,0.569757,-0.116178,0.557838,0.821695,-0.073354,0.037542,0.005086,0.047333,0.025791,-0.05171,-1.401144,0.035838,0.035927,-0.012421,0.988461,0.151034,-0.011443,-0.117254,0.810826,0.573421,0.095884,-0.565463,0.81918,-0.036684,0.018757,0.002582,0.092306,0.026381,-0.057863,-1.036856,0.098321,0.025141,-0.08433,0.618389,-0.782147,-0.076413,0.781871,0.602527,0.160121,-0.079197,-0.158762,0.984134,0.000292,-0.005909,0.003586,0.441318,0.495175,0.188779,-1.074471
514,0.199749,-0.035041,0.267803,-0.583797,0.807235,-0.087164,-0.809152,-0.569502,0.144609,0.067814,0.153943,0.985763,0.000585,-0.011444,0.007745,-0.018234,-0.005317,-0.163015,-1.908442,-0.185389,-0.01454,0.315247,-0.979896,-0.198905,-0.015256,0.154424,-0.805244,0.572424,-0.1249,0.558809,0.819754,-0.072473,0.02661,0.013283,-0.053746,-0.156014,0.062746,-1.40125,0.035128,0.036236,-0.012327,0.987489,0.156687,-0.017714,-0.11801,0.808854,0.576045,0.104587,-0.566748,0.817225,-0.036242,0.013294,0.00668,-0.019053,-0.172495,0.069973,-1.037673,0.098345,0.025025,-0.084253,0.621475,-0.779569,-0.077707,0.779783,0.605967,0.157295,-0.075534,-0.158349,0.984489,0.000287,-0.005713,0.003883,-0.005862,-0.070319,-0.510863,-1.077247
515,0.199756,-0.035423,0.268052,-0.5813,0.809377,-0.083932,-0.81094,-0.567645,0.141871,0.067901,0.149523,0.986438,5e-06,-0.000245,-0.000368,0.100445,0.10765,0.066704,-1.90887,-0.188085,-0.013465,0.315658,-0.979599,-0.199689,-0.022425,0.150617,-0.804032,0.575136,-0.131636,0.560274,0.817697,-0.072263,0.024638,0.010949,-0.028925,-0.062197,-0.108778,-1.401286,0.033828,0.036757,-0.012126,0.987236,0.157402,-0.024253,-0.11456,0.80765,0.578426,0.110634,-0.568265,0.815373,-0.03618,0.011733,0.004931,-0.470868,-2.177511,1.444423,-1.037183,0.098348,0.024835,-0.084127,0.619453,-0.781461,-0.074801,0.781361,0.604544,0.154919,-0.075843,-0.154411,0.98509,0.000293,-0.005901,0.003606,0.131769,0.187033,0.075261,-1.079696
516,0.19972,-0.035671,0.268188,-0.580847,0.809649,-0.084438,-0.811239,-0.567061,0.142497,0.068208,0.150258,0.986305,1.9e-05,-0.000904,-0.001353,0.006654,-0.10914,0.166138,-1.908834,-0.190517,-0.012655,0.315917,-0.978354,-0.204915,-0.02873,0.150509,-0.80049,0.580084,-0.140625,0.56346,0.814004,-0.057945,0.018815,0.003755,-0.018303,0.037121,-0.046202,-1.401359,0.032608,0.037173,-0.011986,0.986137,0.162957,-0.031264,-0.114342,0.803914,0.58365,0.120243,-0.571984,0.811402,-0.029006,0.009001,0.001513,-0.051503,-0.153991,0.095235,-1.037999,0.098331,0.024708,-0.084054,0.618784,-0.781966,-0.07506,0.781855,0.603778,0.155418,-0.076212,-0.154856,0.984992,0.00029,-0.005755,0.003823,-0.0377,0.009373,-0.019893,-1.081329
517,0.19962,-0.035837,0.268247,-0.584506,0.806884,-0.08565,-0.808706,-0.57061,0.142727,0.067013,0.151682,0.986169,0.000607,-0.012629,0.005968,-0.036772,0.027141,-0.043065,-1.908103,-0.192734,-0.011938,0.315867,-0.978609,-0.202765,-0.034677,0.144197,-0.79684,0.586675,-0.145348,0.569378,0.80904,-0.058131,0.014438,-0.00083,-0.230915,0.209899,-0.137009,-1.401256,0.031478,0.037539,-0.012008,0.986195,0.161298,-0.037428,-0.108514,0.800304,0.589692,0.12507,-0.577491,0.806759,-0.029348,0.012808,-0.004429,-0.309886,-0.042854,0.193394,-1.038816,0.09828,0.024629,-0.084028,0.622269,-0.779071,-0.076339,0.779214,0.607138,0.155586,-0.074864,-0.1563,0.984867,-0.0,-0.000126,-0.000186,0.006614,-0.109308,0.165647,-1.082472
518,0.199514,-0.035886,0.268257,-0.583683,0.807385,-0.086536,-0.809332,-0.56973,0.142694,0.066628,0.152316,0.986097,1.2e-05,-0.000613,-0.000918,0.0,0.0,0.0,-1.90701,-0.193778,-0.01158,0.315719,-0.978586,-0.202218,-0.038331,0.141279,-0.79585,0.588725,-0.148315,0.570954,0.807389,-0.058294,0.01175,-0.003614,-0.027126,0.074276,-0.077668,-1.401496,0.030955,0.03772,-0.01208,0.986226,0.160272,-0.040871,-0.105257,0.798758,0.592373,0.127586,-0.579912,0.804626,-0.022218,0.011189,-0.006587,0.049933,0.050596,-0.027126,-1.03702,0.098228,0.024599,-0.084022,0.621516,-0.779587,-0.077214,0.779852,0.606317,0.155593,-0.074482,-0.156919,0.984798,-0.007959,-0.000708,-0.000465,0.005697,-0.094443,0.136184,-1.082472
519,0.199185,-0.036008,0.268304,-0.58681,0.804919,-0.088348,-0.8072,-0.572744,0.142701,0.064987,0.154048,0.985937,4e-06,-0.000198,-0.000297,0.006602,-0.109029,0.166213,-1.905985,-0.195822,-0.010641,0.315086,-0.975717,-0.213621,-0.048301,0.142916,-0.788539,0.598092,-0.164614,0.576932,0.799947,-0.059537,0.030731,-0.023349,-0.001349,-3.082997,-4.369377,-1.401083,0.029934,0.038181,-0.012391,0.984659,0.166863,-0.05101,-0.103192,0.792633,0.600901,0.140701,-0.586419,0.797693,-0.029742,0.015545,-0.011454,-0.425076,0.265655,0.086519,-1.037673,0.098063,0.024537,-0.084,0.624668,-0.776896,-0.078875,0.777487,0.609349,0.155583,-0.072809,-0.158513,0.984668,-0.007967,-0.00043,-4.8e-05,-0.000963,0.014654,-0.029698,-1.078553
520,0.198677,-0.036188,0.268334,-0.590187,0.802268,-0.089943,-0.804852,-0.57601,0.142825,0.063505,0.155683,0.985778,-0.015341,-0.013783,0.005401,-0.03117,-0.067083,0.093645,-1.904441,-0.198027,-0.009371,0.313935,-0.974284,-0.216025,-0.063987,0.132948,-0.780902,0.610287,-0.180567,0.586355,0.789586,-0.060245,0.038118,-0.035386,-0.532844,-0.36024,0.62535,-1.400914,0.028854,0.038799,-0.012949,0.982349,0.17581,-0.063876,-0.100528,0.784179,0.612337,0.157745,-0.595107,0.788012,-0.022916,0.01882,-0.018353,-0.527661,0.382977,0.244065,-1.034897,0.097815,0.024455,-0.083983,0.628015,-0.774041,-0.080354,0.774931,0.612578,0.155653,-0.071259,-0.160021,0.984537,-0.00796,-0.000877,-0.000721,-0.001127,0.014477,-0.029438,-1.078063
521,0.19803,-0.036479,0.268376,-0.589098,0.802917,-0.091288,-0.805668,-0.574766,0.143227,0.063257,0.156919,0.985597,-0.015355,-0.014182,0.004781,-0.03679,0.026127,-0.048505,-1.904651,-0.200327,-0.007758,0.312404,-0.972319,-0.222213,-0.072172,0.130193,-0.772172,0.621879,-0.192683,0.595545,0.779783,-0.06076,0.047194,-0.045691,-0.328675,0.248445,0.13192,-1.400902,0.027681,0.039615,-0.013725,0.980534,0.181574,-0.074717,-0.095835,0.774711,0.62501,0.171369,-0.605683,0.777032,-0.030389,0.023219,-0.023189,-0.463534,0.189879,0.285895,-1.041102,0.097486,0.024304,-0.083961,0.626833,-0.774838,-0.081878,0.775922,0.611217,0.156071,-0.070884,-0.161362,0.984345,-0.007678,-0.007158,0.002299,-0.03677,0.026139,-0.048457,-1.0779
522,0.197655,-0.036684,0.268395,-0.593289,0.799745,-0.091988,-0.802664,-0.578877,0.143541,0.062279,0.157998,0.985487,-0.015915,-0.003326,-0.003859,0.005535,-0.094086,0.136811,-1.905923,-0.201567,-0.006864,0.311491,-0.972086,-0.220899,-0.079021,0.123106,-0.767354,0.629243,-0.198401,0.602225,0.773192,-0.075232,0.045638,-0.046462,-0.393643,0.30351,0.121794,-1.401115,0.027066,0.040063,-0.014181,0.980209,0.18035,-0.081626,-0.088932,0.769554,0.632358,0.176861,-0.612583,0.770364,-0.03039,0.022782,-0.023656,-0.542251,0.192806,0.406578,-1.038653,0.097304,0.024203,-0.08395,0.630973,-0.771413,-0.082423,0.772648,0.615278,0.156351,-0.069898,-0.162337,0.984255,-0.015655,-0.007955,0.001669,-0.03892,0.056291,-0.101872,-1.077247
523,0.196873,-0.037224,0.268502,-0.592317,0.800317,-0.093268,-0.803361,-0.577657,0.144555,0.062544,0.159551,0.98522,-0.031358,-0.015529,0.003829,-0.031293,-0.067713,0.088458,-1.907738,-0.204164,-0.005037,0.309474,-0.970652,-0.223868,-0.08781,0.116365,-0.757155,0.642736,-0.20914,0.613933,0.761059,-0.061049,0.042332,-0.050833,-0.411667,0.314395,0.146977,-1.400687,0.025762,0.040978,-0.015188,0.978902,0.18327,-0.090341,-0.082551,0.759183,0.645621,0.186908,-0.624542,0.758295,-0.03787,0.026841,-0.028887,-0.551742,0.274348,0.330295,-1.034407,0.096919,0.023936,-0.083901,0.630016,-0.772052,-0.083747,0.773415,0.61406,0.157346,-0.070054,-0.163902,0.983985,-0.007693,-0.007759,0.001381,-0.037717,0.041933,-0.072455,-1.081002
524,0.196095,-0.037855,0.268694,-0.595986,0.797426,-0.094643,-0.80068,-0.58104,0.145862,0.062059,0.161714,0.984898,-0.015434,-0.014046,0.004918,-0.036781,0.026195,-0.048481,-1.907255,-0.2069,-0.003246,0.307422,-0.968897,-0.227194,-0.098049,0.110811,-0.752981,0.648594,-0.219954,0.617837,0.754825,-0.075668,0.053567,-0.058168,-0.310532,0.27413,0.112125,-1.401069,0.024399,0.041866,-0.016214,0.977283,0.186472,-0.100715,-0.077057,0.755342,0.650784,0.197427,-0.62824,0.752552,-0.037662,0.020778,-0.025453,-0.358629,0.31984,0.14027,-1.032611,0.09653,0.023623,-0.08381,0.633554,-0.769004,-0.085087,0.770576,0.617302,0.158583,-0.069427,-0.166037,0.983672,-0.015714,-0.007093,0.002914,-0.031419,-0.067527,0.088906,-1.080839
525,0.195734,-0.038149,0.26882,-0.595315,0.797604,-0.097335,-0.801371,-0.580424,0.144517,0.059507,0.163038,0.984837,-0.031441,-0.014125,0.005869,-0.031352,-0.067302,0.088716,-1.908037,-0.208282,-0.002378,0.30641,-0.967997,-0.229107,-0.102388,0.108639,-0.750704,0.651594,-0.224916,0.619902,0.751663,-0.075201,0.042787,-0.049839,-0.079826,0.160425,-0.013911,-1.401029,0.023708,0.042302,-0.016726,0.976622,0.187666,-0.104837,-0.074153,0.751871,0.655126,0.201769,-0.632036,0.74821,-0.037734,0.026977,-0.028876,-0.03938,0.173852,0.018089,-1.033264,0.09635,0.023471,-0.083746,0.632954,-0.769196,-0.087782,0.771299,0.616737,0.157264,-0.066829,-0.167247,0.983647,-0.007728,-0.006858,0.002714,-0.039346,0.043642,-0.072833,-1.076757
526,0.195051,-0.038736,0.269146,-0.599016,0.793958,-0.104184,-0.799188,-0.584522,0.140013,0.051007,0.166141,0.984795,-0.015485,-0.012244,0.007601,0.014167,-0.027697,-0.039575,-1.908712,-0.211016,-0.00074,0.304467,-0.967652,-0.226156,-0.111778,0.09781,-0.745075,0.65972,-0.231252,0.627726,0.7432,-0.075063,0.043066,-0.049763,-0.138808,0.189016,0.01059,-1.401386,0.022313,0.043136,-0.017716,0.976113,0.184837,-0.114181,-0.063694,0.745915,0.662988,0.207714,-0.639879,0.73987,-0.037501,0.021474,-0.02489,-0.108367,0.19537,0.006944,-1.030161,0.096002,0.023176,-0.083585,0.636527,-0.765423,-0.094657,0.76906,0.620667,0.152705,-0.058133,-0.169998,0.983727,-0.015492,-0.012048,0.007914,0.113505,-0.247619,0.102837,-1.079859
527,0.19445,-0.039287,0.269557,-0.59947,0.793156,-0.107629,-0.799086,-0.585185,0.137809,0.047061,0.167627,0.98474,-0.015506,-0.011677,0.008437,-0.036761,0.026214,-0.048475,-1.908466,-0.213591,0.000644,0.302687,-0.968546,-0.218971,-0.118156,0.086013,-0.740565,0.666408,-0.232194,0.635554,0.73622,-0.074682,0.032202,-0.041679,-0.227242,-0.432105,0.526656,-1.400885,0.021053,0.043815,-0.018592,0.976778,0.177633,-0.119795,-0.052643,0.740966,0.669476,0.207685,-0.647623,0.73311,-0.030188,0.015658,-0.02159,-0.476647,-1.861745,1.84399,-1.030488,0.095702,0.022902,-0.083377,0.636991,-0.7646,-0.098122,0.76897,0.62132,0.150483,-0.054094,-0.171309,0.98373,-0.007761,-0.005796,0.004294,-0.04134,0.031034,-0.049401,-1.081819
528,0.194199,-0.039575,0.269778,-0.599808,0.792934,-0.107382,-0.798784,-0.585376,0.13875,0.047901,0.168008,0.984635,-0.015011,-0.022905,0.0165,-0.072558,0.037736,-0.067409,-1.908806,-0.214801,0.001215,0.301862,-0.967691,-0.221063,-0.121227,0.084446,-0.737555,0.669937,-0.236278,0.638328,0.732511,-0.060485,0.030965,-0.043755,-0.051466,0.12686,-0.024404,-1.400788,0.020443,0.044102,-0.019002,0.975941,0.17952,-0.123734,-0.050315,0.737625,0.673333,0.212146,-0.650908,0.728911,-0.030237,0.015297,-0.022023,-0.02707,0.165559,-0.036885,-1.030488,0.09557,0.022754,-0.083263,0.637341,-0.764349,-0.097805,0.768615,0.621515,0.151487,-0.055002,-0.171723,0.983608,-0.007511,-0.01144,0.008278,-0.073135,0.038377,-0.067364,-1.081329
529,0.193789,-0.040095,0.270203,-0.599587,0.793051,-0.107755,-0.798883,-0.584862,0.140335,0.049011,0.169236,0.98437,-0.01553,-0.010867,0.009637,-0.036769,0.026221,-0.048488,-1.908908,-0.217105,0.002095,0.300311,-0.967692,-0.217838,-0.126923,0.075209,-0.730239,0.678991,-0.239362,0.647778,0.723155,-0.060542,0.018177,-0.037732,-0.248861,0.240269,0.003348,-1.401007,0.019292,0.044548,-0.019779,0.975687,0.176826,-0.129484,-0.041864,0.730289,0.681854,0.21513,-0.659855,0.719936,-0.023054,0.009053,-0.019164,-0.327582,0.245229,0.075397,-1.030815,0.095371,0.022501,-0.083058,0.637181,-0.764443,-0.098113,0.768672,0.621065,0.153037,-0.056053,-0.172929,0.983337,-0.007772,-0.005256,0.005093,-0.035871,0.010727,-0.024105,-1.0779
530,0.193504,-0.040431,0.270523,-0.598416,0.793506,-0.110867,-0.799907,-0.58372,0.139254,0.046523,0.171024,0.984182,-0.0,0.001667,0.002509,0.007192,-0.122567,0.191776,-1.908414,-0.219214,0.002808,0.298861,-0.967664,-0.215893,-0.130412,0.068858,-0.723837,0.686478,-0.241371,0.655566,0.715427,-0.046005,0.01954,-0.037093,-0.222863,0.197909,0.048055,-1.401076,0.018231,0.0449,-0.020508,0.975575,0.174853,-0.132961,-0.035773,0.723677,0.689211,0.216731,-0.667621,0.712256,-0.030141,0.009983,-0.017993,-0.31423,0.247715,0.033874,-1.032121,0.095223,0.022324,-0.082893,0.636129,-0.764916,-0.101201,0.769722,0.620012,0.152026,-0.053541,-0.174605,0.983181,-0.007775,-0.005487,0.004739,-0.037578,0.027104,-0.048623,-1.08035
531,0.193249,-0.04062,0.270741,-0.597381,0.79387,-0.113806,-0.800833,-0.582805,0.137756,0.043771,0.172441,0.984061,0.0,0.000578,0.000869,0.0,-0.0,0.0,-1.909141,-0.221095,0.003426,0.297486,-0.966482,-0.215228,-0.13993,0.059832,-0.719215,0.692159,-0.248381,0.660852,0.708128,-0.046077,0.019473,-0.037356,-0.545798,-1.627573,1.832249,-1.401196,0.017308,0.045207,-0.021183,0.974606,0.174853,-0.139886,-0.029411,0.719249,0.694128,0.221983,-0.672388,0.706128,-0.030222,0.009723,-0.018386,-0.416249,0.366061,0.103817,-1.034081,0.095101,0.022236,-0.082783,0.635024,-0.765418,-0.104297,0.770831,0.619009,0.150487,-0.050625,-0.175959,0.983094,-5e-06,0.000396,0.000602,0.005073,-0.105637,0.167326,-1.081493
532,0.193119,-0.040674,0.2708,-0.597134,0.794015,-0.114089,-0.801018,-0.58252,0.137887,0.043763,0.172733,0.98401,1e-06,0.000563,0.000847,0.006262,-0.10691,0.167598,-1.908998,-0.22196,0.00371,0.296818,-0.966919,-0.212805,-0.140614,0.056791,-0.717367,0.694329,-0.247397,0.663636,0.705865,-0.046131,0.019334,-0.0376,-0.119845,0.145763,0.005704,-1.400917,0.016841,0.04536,-0.021541,0.974733,0.17152,-0.143094,-0.023713,0.716444,0.697241,0.222109,-0.67623,0.702409,-0.023046,0.009638,-0.018794,-0.096605,0.150705,0.000939,-1.034407,0.09503,0.022205,-0.082751,0.634908,-0.765493,-0.104451,0.770921,0.61885,0.15068,-0.050705,-0.176192,0.983048,-0.007776,-0.005563,0.004617,-0.036924,0.026405,-0.048484,-1.081166
533,0.192771,-0.040701,0.270819,-0.60128,0.790789,-0.114723,-0.797981,-0.586687,0.137829,0.04243,0.173433,0.983945,-0.016036,-0.000454,0.000308,0.195468,-0.320702,-1.493289,-1.908477,-0.223691,0.004309,0.295361,-0.966488,-0.211998,-0.144737,0.05134,-0.712401,0.699845,-0.250245,0.669221,0.69956,-0.032146,0.017106,-0.04072,-0.12903,0.152992,0.016632,-1.401014,0.016005,0.045649,-0.022238,0.974183,0.171027,-0.147363,-0.018605,0.711351,0.70259,0.224989,-0.68171,0.696169,-0.01605,0.008543,-0.020333,-0.233163,0.204471,0.047596,-1.034407,0.094862,0.022192,-0.082741,0.634369,-0.76585,-0.105106,0.771386,0.618283,0.150627,-0.050372,-0.176631,0.982986,-0.008019,-0.000246,0.00013,-0.000971,0.014721,-0.02952,-1.081329
534,0.192325,-0.040706,0.270802,-0.600468,0.79127,-0.115644,-0.79862,-0.585867,0.137614,0.041879,0.174,0.983869,-0.016037,-0.000514,0.000205,-0.000984,0.014715,-0.029553,-1.9088,-0.225199,0.004858,0.2938,-0.96432,-0.216617,-0.152166,0.047611,-0.707654,0.704906,-0.259147,0.672776,0.692876,-0.032773,0.014014,-0.044319,-0.255827,0.219945,0.072985,-1.401094,0.015223,0.04594,-0.023044,0.972166,0.175985,-0.154664,-0.015374,0.706633,0.707412,0.233785,-0.685345,0.68967,-0.016387,0.006839,-0.022313,-0.293766,0.225863,0.06371,-1.033754,0.094645,0.022189,-0.082751,0.638021,-0.762676,-0.106077,0.768477,0.621962,0.150348,-0.048691,-0.177443,0.982925,-0.008019,-0.000274,8.3e-05,0.005228,-0.092174,0.138213,-1.081819
535,0.192073,-0.040723,0.270793,-0.599888,0.791617,-0.116286,-0.799075,-0.585274,0.137497,0.041526,0.174415,0.98381,-0.016038,-0.00065,-7e-06,0.005232,-0.092197,0.138045,-1.90846,-0.225917,0.005113,0.292918,-0.965137,-0.21244,-0.152878,0.042799,-0.704639,0.708227,-0.256949,0.677253,0.689324,-0.03313,0.012329,-0.046313,-0.309239,0.248838,0.097559,-1.40071,0.014876,0.046063,-0.023467,0.972735,0.172115,-0.155441,-0.01094,0.70355,0.710561,0.231659,-0.689487,0.686251,-0.016585,0.005888,-0.023428,-0.459226,0.308103,0.096922,-1.034407,0.094507,0.02218,-0.082755,0.637498,-0.763027,-0.1067,0.768934,0.621423,0.150244,-0.048335,-0.177826,0.982873,-0.008021,-0.000325,5e-06,0.005226,-0.092176,0.138183,-1.081656
536,0.191447,-0.040757,0.270797,-0.598783,0.792268,-0.117544,-0.799937,-0.584142,0.137298,0.040854,0.17525,0.98369,-0.016038,-0.00042,0.00032,0.005205,-0.092193,0.138049,-1.909017,-0.227164,0.005633,0.290983,-0.966767,-0.205621,-0.151897,0.036692,-0.699939,0.713213,-0.251739,0.684188,0.684381,-0.019226,0.009699,-0.049962,-0.118928,0.151106,0.020865,-1.400918,0.014259,0.046314,-0.024414,0.974177,0.164658,-0.154485,-0.004468,0.698144,0.715943,0.225738,-0.696765,0.680852,-0.009569,0.004918,-0.024871,-0.209472,0.197855,0.056311,-1.032447,0.094206,0.022163,-0.082754,0.636501,-0.763689,-0.107906,0.769801,0.62039,0.15007,-0.047664,-0.178586,0.982768,-0.00802,-0.000197,0.000191,-0.000974,0.014727,-0.029456,-1.080186
537,0.190762,-0.040765,0.270827,-0.598085,0.792665,-0.118413,-0.800483,-0.583427,0.137153,0.04037,0.175827,0.983607,-0.016034,-8e-06,0.00092,0.005176,-0.092194,0.138049,-1.908503,-0.228048,0.006132,0.289016,-0.966184,-0.204052,-0.157615,0.029796,-0.695865,0.717508,-0.254857,0.688797,0.678578,-0.019211,0.010178,-0.049721,-0.273948,-1.741949,2.028831,-1.40053,0.013811,0.046565,-0.025403,0.97395,0.163332,-0.1573,-2.6e-05,0.693762,0.720204,0.226761,-0.701438,0.675694,-0.009549,0.005209,-0.024698,-0.291885,0.203619,0.096852,-1.033591,0.093858,0.022158,-0.082739,0.63585,-0.764108,-0.108772,0.770369,0.619717,0.149937,-0.04716,-0.179132,0.982693,-0.008018,5.9e-05,0.000565,-0.000983,0.014709,-0.029483,-1.080676
538,0.18998,-0.040755,0.270889,-0.59737,0.793067,-0.119323,-0.801041,-0.582696,0.137004,0.039862,0.176435,0.983519,-0.016026,0.000522,0.001693,-0.000984,0.014715,-0.029553,-1.909133,-0.228699,0.006503,0.287179,-0.96576,-0.20569,-0.158082,0.029876,-0.6938,0.719501,-0.256441,0.690394,0.676356,-0.018999,0.000135,-0.04082,0.893475,-3.917752,-3.785702,-1.400666,0.013478,0.046755,-0.026347,0.974222,0.158376,-0.160646,0.00669,0.691522,0.722324,0.225489,-0.704779,0.672637,-0.009457,0.005856,-0.024106,0.096609,0.047857,-0.030889,-1.035387,0.093467,0.022163,-0.082709,0.635075,-0.764607,-0.109791,0.771044,0.618915,0.149778,-0.04657,-0.179774,0.982604,-0.008013,0.000385,0.001046,-0.000966,0.014714,-0.029504,-1.081166
539,0.189583,-0.040731,0.270928,-0.59708,0.793227,-0.119714,-0.80127,-0.582403,0.136917,0.039622,0.176683,0.983484,-0.032053,0.000626,0.002732,-0.001969,0.029429,-0.059106,-1.909108,-0.228969,0.00666,0.286292,-0.966581,-0.202824,-0.156764,0.028055,-0.691868,0.721433,-0.253552,0.693172,0.674601,-0.004536,0.01127,-0.049249,-0.019137,0.068008,0.031378,-1.40066,0.013336,0.046834,-0.026805,0.973934,0.161536,-0.159238,0.004018,0.689626,0.724153,0.226792,-0.705918,0.671002,-0.002236,0.005643,-0.024601,0.012091,0.068024,0.032047,-1.035877,0.093262,0.022175,-0.082689,0.634814,-0.764769,-0.110172,0.771274,0.618649,0.149698,-0.046326,-0.180003,0.982573,-0.01603,0.00036,0.001451,-0.001952,0.029432,-0.059055,-1.081656
