frame,MLTx,MLTy,MLTz,MLTR1,MLTR2,MLTR3,MLTR4,MLTR5,MLTR6,MLTR7,MLTR8,MLTR9,MLTTVx,MLTTVy,MLTTVz,MLTRVx,MLTRVy,MLTRVz,MLGA,MRTx,MRTy,MRTz,MRTR1,MRTR2,MRTR3,MRTR4,MRTR5,MRTR6,MRTR7,MRTR8,MRTR9,MRTTVx,MRTTVy,MRTTVz,MRTRVx,MRTRVy,MRTRVz,MRGA,SLTx,SLTy,SLTz,SLTR1,SLTR2,SLTR3,SLTR4,SLTR5,SLTR6,SLTR7,SLTR8,SLTR9,SLTTVx,SLTTVy,SLTTVz,SLTRVx,SLTRVy,SLTRVz,SLGA,SRTx,SRTy,SRTz,SRTR1,SRTR2,SRTR3,SRTR4,SRTR5,SRTR6,SRTR7,SRTR8,SRTR9,SRTTVx,SRTTVy,SRTTVz,SRTRVx,SRTRVy,SRTRVz,SRGA
799,0.096649,-0.007128,0.31532,-0.059662,0.09152,-0.994037,-0.615976,-0.786945,-0.035535,-0.785438,0.610066,0.104562,-0.014117,-0.012729,0.025554,-0.081231,0.723478,0.151766,0.338549,-0.228504,-0.006819,0.296755,-0.752351,0.65874,0.004634,-0.193229,-0.227229,0.954444,0.630719,0.716328,0.298211,0.000464,0.002396,0.002718,0.001383,-0.016256,0.023754,-1.401394,0.014682,0.040975,-0.023067,0.826515,-0.560427,-0.052852,0.282085,0.3311,0.900444,-0.487133,-0.75914,0.431747,0.000186,0.000986,0.001115,0.001127,-0.015631,0.024127,-0.954558,0.046973,0.036525,-0.060286,0.245162,-0.129233,-0.960829,0.502495,0.864497,0.011938,0.829092,-0.485739,0.27688,-0.01423,-0.005038,0.013751,-0.090127,0.664628,0.321728,0.23169
800,0.09584,-0.007455,0.316375,-0.09782,0.099804,-0.99021,-0.61927,-0.784954,-0.017993,-0.778951,0.61132,0.139823,-0.013373,-0.010199,0.028216,-0.086106,0.843082,0.144896,0.369639,-0.228308,-0.006891,0.296761,-0.75184,0.659303,0.006868,-0.191629,-0.228296,0.954512,0.631815,0.715471,0.297948,-0.000136,-0.000702,-0.000797,-0.009555,0.11216,-0.163954,-1.401445,0.014779,0.040939,-0.023064,0.826366,-0.560847,-0.050683,0.280493,0.331896,0.900648,-0.488304,-0.758482,0.431581,0.007186,-0.001089,-0.001433,0.001992,-0.014753,0.029466,-0.954231,0.046569,0.036362,-0.059758,0.28274,-0.131793,-0.950098,0.502825,0.863873,0.029803,0.816837,-0.48616,0.31052,-0.013792,-0.003528,0.015339,-0.12189,0.906019,0.174489,0.273656
801,0.094827,-0.007827,0.317681,-0.124201,0.112419,-0.985891,-0.621685,-0.783171,-0.011038,-0.773216,0.6114,0.168387,-0.027243,-0.006023,0.031674,-0.070512,0.697163,-0.133836,0.378971,-0.228105,-0.006917,0.296694,-0.751561,0.659608,0.008047,-0.190876,-0.228956,0.954505,0.632376,0.714978,0.29794,-0.000192,-0.000998,-0.001132,0.0,-0.0,-0.0,-1.401314,0.01488,0.040923,-0.023101,0.826266,-0.561116,-0.049311,0.279565,0.332515,0.900708,-0.489006,-0.758011,0.431615,-0.00011,-0.000572,-0.000652,-3.5e-05,0.000297,0.000149,-0.956191,0.046069,0.036176,-0.059105,0.309741,-0.141676,-0.940206,0.504485,0.86266,0.036206,0.805949,-0.485534,0.338675,-0.013997,-0.008198,0.020333,-0.092336,0.83586,-0.04277,0.305334
802,0.093829,-0.00828,0.319124,-0.131795,0.131905,-0.982485,-0.623407,-0.781589,-0.021361,-0.770561,0.609504,0.186463,-0.02681,-0.004592,0.033106,0.077137,0.209681,0.523216,0.377164,-0.227982,-0.006967,0.296634,-0.75115,0.66005,0.009894,-0.18963,-0.229936,0.954518,0.633239,0.714255,0.297843,-0.000256,-0.00133,-0.00151,0.0,-0.0,-0.0,-1.401455,0.014942,0.040898,-0.023131,0.82615,-0.561452,-0.047399,0.278216,0.333333,0.900824,-0.48997,-0.757404,0.431588,-0.000163,-0.000855,-0.000974,-0.009632,0.112393,-0.163846,-0.956517,0.04557,0.03595,-0.058383,0.319898,-0.159592,-0.933913,0.508154,0.860843,0.026954,0.799652,-0.483194,0.356479,-0.006545,-0.00859,0.020341,0.37656,-0.705424,2.22789,0.309906
803,0.093371,-0.008492,0.319928,-0.133854,0.143831,-0.980531,-0.624486,-0.780469,-0.029289,-0.769328,0.608225,0.19551,-0.0271,-0.013528,0.043532,0.417465,-0.657402,2.459077,0.376783,-0.227955,-0.007004,0.296592,-0.750924,0.660292,0.010942,-0.188919,-0.230494,0.954524,0.63372,0.713853,0.297785,-0.000329,-0.001711,-0.001943,-0.009574,0.11217,-0.163946,-1.401591,0.014955,0.04088,-0.023151,0.826098,-0.561607,-0.046463,0.277552,0.333734,0.90088,-0.490434,-0.757111,0.431573,-0.000231,-0.001205,-0.00137,-0.001426,0.016425,-0.023691,-0.956354,0.045344,0.035847,-0.058,0.323947,-0.168151,-0.931011,0.510165,0.859789,0.022225,0.796737,-0.482169,0.364311,-0.013616,-0.006909,0.021631,-0.114063,0.361594,-0.111368,0.30958
804,0.092763,-0.008795,0.321397,-0.137867,0.161464,-0.977224,-0.627165,-0.777836,-0.040093,-0.76643,0.607149,0.209719,-0.01233,-0.014726,0.043102,-0.088295,0.399244,0.190816,0.376832,-0.227935,-0.007111,0.296438,-0.750584,0.66065,0.01253,-0.187874,-0.23138,0.954516,0.634433,0.713235,0.297747,-0.000554,-0.00288,-0.003276,0.0,-0.0,-0.0,-1.401125,0.014966,0.040827,-0.023228,0.826003,-0.561891,-0.044674,0.276303,0.334545,0.900963,-0.491298,-0.756542,0.431588,-0.000391,-0.00205,-0.002331,-0.001422,0.016359,-0.0237,-0.957171,0.045031,0.035696,-0.057251,0.328325,-0.187874,-0.925691,0.515668,0.85674,0.009018,0.791383,-0.48031,0.378171,-0.005691,-0.001758,0.017518,-0.046845,0.479698,0.256478,0.30958
805,0.09241,-0.008981,0.322833,-0.139267,0.173842,-0.974899,-0.629806,-0.77523,-0.048322,-0.764006,0.607048,0.218665,0.00342,-0.004739,0.034535,-0.065352,0.07686,0.06024,0.375781,-0.22796,-0.007243,0.296287,-0.750271,0.660976,0.014002,-0.186873,-0.232167,0.954521,0.635099,0.712677,0.297663,-0.000636,-0.003305,-0.003764,0.0,-0.0,-0.0,-1.401133,0.014953,0.040759,-0.023305,0.825924,-0.562127,-0.043154,0.275219,0.335201,0.901051,-0.49204,-0.756077,0.431559,-0.000373,-0.00195,-0.002221,-0.001437,0.016333,-0.023739,-0.95717,0.044848,0.035599,-0.056529,0.331279,-0.200484,-0.921986,0.520269,0.854001,0.001237,0.78713,-0.480091,0.387218,-0.005437,-0.000946,0.018302,-0.08002,0.02144,0.02207,0.309743
806,0.092354,-0.009059,0.323499,-0.138716,0.180471,-0.973772,-0.630929,-0.773967,-0.053618,-0.76318,0.606716,0.222439,0.003409,-0.004762,0.034456,-0.060507,0.164093,0.146162,0.374146,-0.227984,-0.00732,0.296215,-0.750088,0.661165,0.014858,-0.186275,-0.232606,0.954532,0.635492,0.712359,0.297588,-0.000564,-0.00293,-0.00334,0.0,-0.0,-0.0,-1.401284,0.01494,0.04072,-0.023342,0.825877,-0.562263,-0.04227,0.274574,0.335563,0.901113,-0.492478,-0.755815,0.431517,-0.007646,-0.001259,-0.001242,-0.002065,0.015262,-0.029207,-0.954558,0.044821,0.035561,-0.056195,0.331153,-0.206499,-0.920703,0.522358,0.852719,-0.003372,0.785798,-0.479821,0.390247,-0.005666,-0.001704,0.01749,-0.061543,0.228204,0.105146,0.30909
807,0.092481,-0.009258,0.324739,-0.136375,0.18498,-0.973257,-0.632951,-0.771991,-0.058091,-0.76193,0.607868,0.223575,0.002666,-0.007148,0.031904,-0.068294,0.009025,0.019374,0.365549,-0.227986,-0.007381,0.29613,-0.751098,0.659991,0.015989,-0.186601,-0.235294,0.953809,0.634201,0.712565,0.299838,-3.1e-05,-0.000159,-0.000182,0.000432,-0.000264,-0.000206,-1.401336,0.014938,0.040684,-0.023391,0.826892,-0.560836,-0.041361,0.274455,0.338271,0.900136,-0.490838,-0.755668,0.433639,1e-05,4e-05,4.8e-05,-0.006903,-0.000553,0.001039,-0.955538,0.044885,0.035469,-0.055582,0.329392,-0.211327,-0.920239,0.525418,0.850812,-0.007315,0.784497,-0.481101,0.391286,0.008394,-0.005104,0.01482,-0.071147,-0.009401,0.010395,0.302395
808,0.092643,-0.009396,0.325806,-0.136166,0.185543,-0.973179,-0.634628,-0.770606,-0.058179,-0.760571,0.609451,0.223893,0.002527,-0.007572,0.031394,-0.068394,0.006625,0.017943,0.359376,-0.227955,-0.007331,0.296186,-0.752016,0.658905,0.017529,-0.186627,-0.238181,0.953087,0.633104,0.712612,0.302037,0.000465,0.002418,0.002757,-0.00015,0.090995,-0.144038,-1.401095,0.014954,0.040709,-0.023363,0.82786,-0.559505,-0.040017,0.274054,0.341189,0.899157,-0.489429,-0.755343,0.435791,0.00025,0.001298,0.00148,-0.02215,0.089324,-0.140699,-0.955538,0.044966,0.035397,-0.055038,0.329186,-0.211711,-0.920225,0.527238,0.84969,-0.006878,0.783362,-0.482913,0.391328,0.001181,-0.004005,0.015471,-0.067073,0.006245,0.01706,0.291291
809,0.092747,-0.00951,0.326817,-0.138311,0.187867,-0.97243,-0.631732,-0.772881,-0.059517,-0.76259,0.605847,0.226791,0.003084,0.002211,0.021748,-0.029502,-0.002362,0.038039,0.357323,-0.227885,-0.007236,0.296355,-0.756833,0.653328,0.018929,-0.185249,-0.242015,0.952389,0.627745,0.716447,0.304143,0.000835,0.004349,0.004952,0.151138,-0.108253,-0.048124,-1.401178,0.014988,0.040754,-0.023281,0.831696,-0.553793,-0.039917,0.272195,0.344014,0.898645,-0.483932,-0.758265,0.436855,0.007748,0.001806,0.001858,0.270333,-0.158694,-0.057516,-0.953415,0.045018,0.035336,-0.054528,0.331598,-0.213883,-0.918855,0.524316,0.851475,-0.008983,0.784304,-0.478792,0.39449,0.000979,-0.004661,0.014776,-0.060749,0.006358,-0.019796,0.286556
810,0.092772,-0.009577,0.327304,-0.138505,0.18801,-0.972375,-0.632477,-0.772288,-0.059287,-0.761936,0.606557,0.227089,0.002776,0.001209,0.020702,-0.034188,0.003456,0.009056,0.356376,-0.227815,-0.007177,0.296453,-0.756778,0.653385,0.019117,-0.185093,-0.242074,0.952404,0.627856,0.716375,0.304082,0.0154,0.003114,0.00315,0.004619,-0.016788,0.028009,-1.401132,0.015019,0.040788,-0.023227,0.832049,-0.553295,-0.039476,0.271887,0.344765,0.89845,-0.483498,-0.758288,0.437295,0.000477,0.002509,0.00285,-0.011295,-0.018661,0.024984,-0.952598,0.045032,0.035305,-0.054275,0.331681,-0.213799,-0.918845,0.525097,0.851,-0.008465,0.783747,-0.479675,0.394526,0.001364,0.000578,0.010322,-0.034452,-0.00085,0.006201,0.285086
811,0.092768,-0.009727,0.328227,-0.141067,0.19013,-0.971594,-0.629471,-0.774666,-0.060254,-0.763949,0.602851,0.230171,0.002363,-0.000137,0.019294,-0.034157,0.00411,0.009439,0.348661,-0.227603,-0.007077,0.296607,-0.757548,0.652341,0.023738,-0.182368,-0.246242,0.951862,0.627726,0.715908,0.305449,0.000517,0.002706,0.003073,-0.003799,0.108569,-0.166756,-1.401135,0.015131,0.040841,-0.023146,0.833273,-0.551739,-0.035213,0.268697,0.348495,0.897971,-0.483174,-0.757717,0.438642,0.007605,0.001101,0.001047,-0.011228,-0.02222,0.033267,-0.955374,0.045029,0.03523,-0.053821,0.33436,-0.215528,-0.917469,0.521972,0.852901,-0.010134,0.784695,-0.475505,0.397676,0.001207,7.1e-05,0.009787,-0.035833,-0.020903,0.027852,0.278065
812,0.092688,-0.009888,0.32909,-0.141753,0.190251,-0.971471,-0.630829,-0.773619,-0.05951,-0.762701,0.604156,0.230888,0.00194,-0.001521,0.017864,-0.034185,0.003363,0.008999,0.339883,-0.227287,-0.007037,0.296722,-0.757499,0.652303,0.026214,-0.180043,-0.247164,0.952065,0.628457,0.715624,0.304609,0.015083,0.001543,0.001347,0.002045,-0.015206,0.029243,-1.400939,0.015283,0.040861,-0.023089,0.833515,-0.551531,-0.03262,0.266125,0.349046,0.898522,-0.484178,-0.757614,0.437712,0.000274,0.00145,0.001639,0.002081,-0.017314,0.028586,-0.953251,0.04499,0.03515,-0.053382,0.334979,-0.21545,-0.917261,0.523311,0.852093,-0.009033,0.783539,-0.476987,0.398181,0.000934,-0.000836,0.008859,-0.033899,0.003189,0.008723,0.266798
813,0.092603,-0.009954,0.329497,-0.144545,0.192018,-0.970712,-0.62696,-0.776693,-0.060335,-0.765358,0.599634,0.233863,-0.012531,0.000358,0.018915,-0.032464,0.07987,0.015521,0.335836,-0.227125,-0.007028,0.296775,-0.758605,0.650998,0.026663,-0.180744,-0.249409,0.951347,0.626919,0.716034,0.306807,0.01503,0.001282,0.001047,0.007797,0.087437,-0.142134,-1.401051,0.015364,0.040866,-0.023062,0.834486,-0.550065,-0.032562,0.266664,0.351422,0.897436,-0.482205,-0.757581,0.43994,0.000241,0.001284,0.00145,-0.006745,-0.02953,0.019562,-0.954231,0.044948,0.035117,-0.053178,0.337949,-0.216986,-0.915809,0.519228,0.854566,-0.010871,0.784979,-0.47184,0.401465,-0.006305,9.1e-05,0.009369,-0.038162,0.056121,0.002596,0.261246
814,0.092456,-0.010068,0.330199,-0.146075,0.1913,-0.970624,-0.623466,-0.779537,-0.059864,-0.767915,0.596165,0.234349,0.001456,-0.003113,0.016233,-0.034176,0.00341,0.009024,0.327805,-0.226813,-0.006996,0.296864,-0.75967,0.649625,0.029667,-0.179115,-0.252701,0.950786,0.626096,0.716129,0.308263,0.000427,-0.009426,0.01001,-0.032359,0.013301,-0.01723,-1.401058,0.015526,0.040886,-0.023021,0.835766,-0.548279,-0.029738,0.264437,0.354446,0.896906,-0.481215,-0.757468,0.441219,0.007521,0.000704,0.000584,-0.010669,-0.034946,0.055238,-0.951129,0.044873,0.03506,-0.052834,0.339201,-0.215821,-0.915621,0.515356,0.856904,-0.011062,0.786988,-0.468119,0.401887,0.000686,-0.001655,0.008019,-0.034726,0.001728,0.007652,0.250632
815,0.092241,-0.010172,0.330791,-0.147075,0.191144,-0.970504,-0.624343,-0.778912,-0.058848,-0.767011,0.597031,0.235106,-0.013357,-0.002385,0.016134,-0.035155,0.018135,-0.020524,0.324501,-0.226507,-0.007018,0.296938,-0.761842,0.646908,0.033147,-0.178139,-0.258262,0.949475,0.623731,0.716607,0.311926,0.000379,0.002022,0.00229,0.246251,-0.166604,-0.093711,-1.40066,0.015679,0.040869,-0.022983,0.837497,-0.545778,-0.02689,0.262521,0.358705,0.895774,-0.479248,-0.757268,0.443693,0.007385,-1.7e-05,-0.000233,0.394255,-0.19176,-0.124879,-0.953578,0.044772,0.035008,-0.052537,0.340108,-0.215514,-0.915357,0.516121,0.856458,-0.009878,0.786094,-0.469076,0.402519,0.000364,-0.002721,0.006953,-0.034634,0.017879,-0.015954,0.242141
816,0.092142,-0.010212,0.331049,-0.147471,0.191089,-0.970455,-0.624722,-0.778639,-0.05844,-0.766625,0.597405,0.235413,0.000859,-0.005077,0.014256,-0.034168,0.003432,0.009034,0.324582,-0.226379,-0.007021,0.296994,-0.761887,0.646873,0.032793,-0.178331,-0.257995,0.949511,0.623621,0.716735,0.311852,0.000486,0.002602,0.002944,0.004982,-0.018433,0.022051,-1.40104,0.015743,0.040868,-0.022955,0.838005,-0.544986,-0.02714,0.262773,0.359466,0.895396,-0.478223,-0.757478,0.444442,0.00024,0.001294,0.001457,-0.013233,-0.018484,0.025578,-0.951782,0.044716,0.034988,-0.052409,0.340498,-0.215387,-0.915242,0.516448,0.856266,-0.009373,0.78571,-0.469484,0.402793,-0.0068,-0.00156,0.007703,-0.035145,0.018153,-0.020553,0.240345
817,0.09187,-0.010271,0.331466,-0.149563,0.189971,-0.970354,-0.620677,-0.781939,-0.057473,-0.769498,0.593441,0.236068,-0.01406,-0.004697,0.01382,-0.03561,0.032612,-0.045443,0.324398,-0.226184,-0.007015,0.29715,-0.761753,0.646881,0.035615,-0.175691,-0.259001,0.949729,0.624534,0.716365,0.310874,0.000542,0.002913,0.003293,1e-06,-0.0,-0.0,-1.401358,0.01584,0.04087,-0.022877,0.838207,-0.544807,-0.024349,0.260022,0.36001,0.89598,-0.479371,-0.757348,0.443425,0.000339,-0.004042,0.005759,-0.034571,-0.000196,0.010353,-0.949822,0.044586,0.03496,-0.052199,0.342338,-0.213998,-0.914881,0.511891,0.858999,-0.009383,0.78789,-0.465108,0.403612,0.000611,0.002018,0.002007,5.5e-05,-0.014538,0.024441,0.238059
818,0.091591,-0.010309,0.331803,-0.150384,0.189748,-0.970271,-0.621127,-0.781642,-0.056645,-0.768974,0.593903,0.236613,0.000897,0.002927,0.002902,0.0,0.0,0.0,0.321455,-0.226071,-0.007011,0.297384,-0.763834,0.64434,0.03708,-0.176501,-0.263628,0.948305,0.621757,0.716969,0.315021,0.000718,0.003868,0.004365,0.176353,-0.108321,-0.084543,-1.401071,0.015897,0.040871,-0.022762,0.839764,-0.542445,-0.023435,0.260135,0.364081,0.894301,-0.476577,-0.757098,0.446851,0.000428,0.002326,0.002623,0.25559,-0.032219,-0.249773,-0.950965,0.044441,0.034938,-0.052026,0.343132,-0.213636,-0.914668,0.512237,0.858802,-0.008424,0.787319,-0.465636,0.404115,0.000433,0.001437,0.001429,-0.000117,2e-06,3.9e-05,0.236589
819,0.091263,-0.010316,0.332152,-0.152653,0.188476,-0.970164,-0.616875,-0.785083,-0.055511,-0.77194,0.589759,0.23732,0.001238,0.004026,0.003986,0.000469,-0.014406,0.024957,0.31662,-0.226003,-0.007036,0.297726,-0.765854,0.641838,0.038763,-0.176989,-0.268197,0.946931,0.619126,0.71752,0.318923,0.000842,0.004543,0.005117,0.033105,-0.035704,0.008587,-1.401145,0.01593,0.040862,-0.022594,0.841978,-0.539059,-0.022094,0.259908,0.369393,0.892186,-0.47278,-0.756943,0.451127,0.007741,-0.003916,0.005682,-0.032401,-0.045785,0.022534,-0.945903,0.044281,0.034932,-0.051862,0.345143,-0.212049,-0.914281,0.507408,0.861666,-0.008298,0.789564,-0.46105,0.404994,-0.006535,0.003217,0.002786,-0.000817,0.000288,-0.004652,0.230874
820,0.09108,-0.010333,0.332326,-0.153103,0.188343,-0.970119,-0.617105,-0.784934,-0.055055,-0.771666,0.589999,0.237611,-0.013987,-0.004461,0.014034,-0.035131,0.01824,-0.020472,0.315804,-0.225999,-0.00711,0.297922,-0.767959,0.639235,0.040097,-0.17778,-0.272708,0.945494,0.616284,0.718145,0.322994,0.000879,-0.007012,0.012716,0.378329,-0.25494,-0.189719,-1.401067,0.015933,0.040827,-0.022495,0.843114,-0.537301,-0.021551,0.259707,0.371775,0.891254,-0.47086,-0.757026,0.452991,-0.006907,-0.003282,0.006829,0.410321,-0.269744,-0.271885,-0.94672,0.04419,0.034925,-0.051773,0.345555,-0.211852,-0.914171,0.507576,0.861571,-0.007799,0.789276,-0.461316,0.405251,0.000461,0.001517,0.001506,-0.000206,6e-06,4.7e-05,0.228424
821,0.090683,-0.010383,0.332716,-0.154236,0.187999,-0.970006,-0.617616,-0.784611,-0.053918,-0.77103,0.590539,0.238334,-0.014162,-0.005024,0.013467,-0.035597,0.03265,-0.045429,0.315503,-0.226023,-0.007333,0.298368,-0.76895,0.638002,0.040749,-0.17762,-0.274258,0.945076,0.615093,0.718652,0.324133,0.00091,-0.006843,0.0129,0.006346,-0.025969,-0.011344,-1.401171,0.015921,0.040715,-0.022272,0.844791,-0.534689,-0.020848,0.259428,0.375191,0.889903,-0.467999,-0.757191,0.455672,0.000406,-0.003648,0.006195,-0.016044,-0.015349,-0.034473,-0.948353,0.043991,0.0349,-0.051578,0.346594,-0.211346,-0.913895,0.507922,0.861377,-0.006572,0.788598,-0.46191,0.405895,-0.007117,-0.002614,0.00664,-0.03572,0.032644,-0.045365,0.226628
822,0.090297,-0.010436,0.333117,-0.155346,0.187674,-0.969893,-0.618149,-0.784267,-0.052802,-0.770379,0.591099,0.23905,-0.013086,0.006307,0.005409,-0.000984,0.014715,-0.029553,0.313683,-0.226041,-0.007474,0.298812,-0.769932,0.636768,0.041491,-0.177484,-0.27597,0.944602,0.613902,0.719091,0.325415,0.001028,-0.006197,0.013617,-0.032333,-0.002126,0.007186,-1.401458,0.015911,0.040643,-0.022051,0.845752,-0.533187,-0.020357,0.258914,0.376738,0.889399,-0.466547,-0.757482,0.456677,0.000464,-0.003332,0.006547,-0.048202,-0.001148,0.01026,-0.947047,0.043799,0.03487,-0.051374,0.34761,-0.210869,-0.913619,0.508317,0.861152,-0.005357,0.787896,-0.462546,0.406534,0.000201,-0.00326,0.006407,-0.034236,0.003603,0.009127,0.224669
823,0.090098,-0.010457,0.333344,-0.155831,0.187548,-0.969839,-0.618455,-0.784059,-0.052305,-0.770035,0.591415,0.239378,-0.01276,0.007344,0.006424,-0.000504,0.000372,-0.00456,0.311373,-0.226047,-0.007533,0.29901,-0.770985,0.635456,0.042062,-0.177802,-0.278023,0.94394,0.612487,0.719462,0.327256,0.00088,-0.006998,0.012715,-0.009452,-0.016243,-0.003755,-1.401334,0.015909,0.040616,-0.02195,0.846646,-0.531778,-0.020009,0.258951,0.378847,0.888492,-0.464901,-0.75742,0.458454,0.000357,0.001969,0.002206,-7.2e-05,-0.018914,-0.009687,-0.947863,0.043698,0.034858,-0.051262,0.348075,-0.210662,-0.91349,0.508551,0.861018,-0.004784,0.78754,-0.462891,0.406831,-0.006925,-0.001991,0.007248,-0.035666,0.032674,-0.045392,0.222219
824,0.089725,-0.010492,0.333819,-0.156853,0.187286,-0.969725,-0.619079,-0.783635,-0.051265,-0.769324,0.592059,0.240068,-0.013431,-0.002678,0.015754,-0.035103,0.018358,-0.020413,0.311087,-0.226059,-0.007611,0.29937,-0.772029,0.634153,0.042563,-0.177976,-0.279809,0.94338,0.611118,0.71992,0.328804,0.000899,0.004858,0.00543,0.003999,-0.017705,0.022617,-1.40088,0.015903,0.040573,-0.021766,0.847596,-0.530273,-0.019775,0.258735,0.380456,0.887867,-0.463289,-0.757669,0.459673,0.000442,0.002424,0.002709,-0.011861,-0.016612,0.025719,-0.945903,0.043512,0.034843,-0.051028,0.348999,-0.210257,-0.913231,0.509019,0.860747,-0.003648,0.786828,-0.463578,0.407425,0.000311,-0.002904,0.006751,-0.034184,0.003656,0.009144,0.21879
825,0.089424,-0.010505,0.334292,-0.157509,0.187175,-0.96964,-0.61971,-0.783182,-0.050571,-0.768682,0.592694,0.24056,-0.012451,0.008284,0.007318,-0.000495,0.000419,-0.004534,0.31084,-0.226087,-0.007599,0.299725,-0.777836,0.626925,0.043903,-0.176937,-0.285308,0.941927,0.604013,0.724085,0.332766,0.000986,-0.006412,0.013353,0.142354,-0.110044,-0.076253,-1.401214,0.015889,0.040582,-0.021593,0.852191,-0.522855,-0.019817,0.256896,0.385113,0.886392,-0.455823,-0.760466,0.46251,-0.006857,0.002835,0.003378,0.256909,-0.113685,-0.137015,-0.94574,0.043361,0.034836,-0.050793,0.349627,-0.210039,-0.91304,0.509567,0.860426,-0.002809,0.786194,-0.464273,0.407857,-0.006844,-0.001732,0.007488,-0.035629,0.032671,-0.045418,0.217974
1995,0.178251,-0.010988,0.357548,-0.857497,0.373276,-0.354133,-0.486713,-0.811729,0.322767,-0.165916,0.448664,0.87818,0.000423,-0.006352,0.012272,-0.022415,-0.071689,0.16144,0.303376,-0.127874,0.019503,0.316023,-0.982347,0.180188,-0.050181,-0.16383,-0.698561,0.696495,0.09169,0.692183,0.715778,0.0,-0.0,-0.0,-0.0,-0.0,0.0,-1.401875,0.064995,0.054131,-0.013439,0.983009,-0.064084,-0.172006,0.158177,0.77117,0.616666,0.093127,-0.633396,0.768203,-1e-06,1.3e-05,1.3e-05,-8e-05,0.001706,-0.000325,-0.903938,0.087771,0.0346,-0.039159,0.948288,-0.263812,-0.176498,0.310235,0.887903,0.339678,0.067102,-0.376869,0.923832,0.000214,-0.002837,0.006405,-0.048392,-0.010079,0.012684,0.219933
1996,0.178262,-0.011153,0.357859,-0.858999,0.370535,-0.353368,-0.483448,-0.814296,0.321203,-0.167665,0.446283,0.87906,0.00046,-0.005258,0.01314,-0.00268,0.034271,0.02388,0.301428,-0.12793,0.019531,0.316,-0.983265,0.174294,-0.052931,-0.161541,-0.699171,0.696418,0.085619,0.693084,0.715658,-0.013529,-0.001862,-2.3e-05,-0.002045,0.015205,-0.029245,-1.402102,0.064973,0.054145,-0.01345,0.98278,-0.058391,-0.175304,0.15587,0.771484,0.616859,0.099225,-0.633562,0.767302,3e-06,8e-06,8e-06,0.000417,0.003421,-0.001576,-0.907857,0.087776,0.034515,-0.039006,0.949242,-0.260869,-0.175738,0.307016,0.889916,0.337326,0.068395,-0.374159,0.924838,0.00021,-0.002938,0.006324,-0.024441,0.033362,0.00426,0.211932
1997,0.178263,-0.011495,0.358536,-0.859757,0.370189,-0.351886,-0.481824,-0.816449,0.318166,-0.16845,0.442627,0.880757,0.000502,-0.003996,0.014135,-0.006396,0.030158,0.021741,0.301414,-0.128037,0.019637,0.315973,-0.983117,0.174242,-0.055779,-0.163491,-0.698923,0.696212,0.08357,0.693348,0.715645,-0.013647,-0.000985,0.000775,-0.002045,0.015205,-0.029245,-1.402055,0.064919,0.054197,-0.013465,0.982267,-0.058634,-0.178078,0.1578,0.771457,0.616403,0.101238,-0.633574,0.767029,-7.5e-05,0.000559,0.00051,-3.5e-05,0.001254,-0.000295,-0.90802,0.087777,0.034343,-0.038668,0.949667,-0.26042,-0.174107,0.30572,0.891684,0.333816,0.068316,-0.370242,0.926419,0.000377,-0.007395,0.011447,-0.069922,-0.05977,0.159304,0.207197
1998,0.178299,-0.011722,0.359264,-0.858796,0.374433,-0.349734,-0.484301,-0.816061,0.315388,-0.166247,0.43976,0.88261,0.000589,-0.001347,0.016215,-0.002284,0.035086,0.024106,0.302597,-0.128144,0.019815,0.31597,-0.983994,0.168336,-0.058405,-0.161128,-0.699714,0.695967,0.077536,0.694015,0.715677,-0.000367,0.002671,0.002432,0.002188,-0.01619,0.023738,-1.402123,0.064861,0.054283,-0.013468,0.982029,-0.052902,-0.181163,0.155304,0.771931,0.616443,0.107234,-0.633501,0.766274,-0.000902,0.006586,-0.003001,0.021602,0.104559,-0.144808,-0.908183,0.087794,0.034226,-0.038307,0.9489,-0.264666,-0.17187,0.308711,0.891488,0.331582,0.065461,-0.367696,0.927638,0.000431,-0.005817,0.012691,-0.0635,0.026858,0.01058,0.205727
1999,0.178322,-0.011803,0.35964,-0.858258,0.376607,-0.348719,-0.485614,-0.815837,0.313945,-0.1652,0.438316,0.883525,0.000595,-0.001174,0.016342,0.282026,0.265552,0.354335,0.304481,-0.128197,0.0199,0.315972,-0.983835,0.168272,-0.061186,-0.163017,-0.69941,0.695834,0.075542,0.694338,0.715578,-0.000234,0.001704,0.001551,-0.003012,-0.05357,0.051841,-1.4018,0.064834,0.054329,-0.013465,0.981507,-0.053109,-0.183908,0.157199,0.771847,0.616068,0.10923,-0.633585,0.765923,-0.000929,0.006785,-0.002819,0.026042,-0.201893,0.20485,-0.908673,0.087806,0.034187,-0.038111,0.948574,-0.265707,-0.172063,0.309781,0.891007,0.331875,0.065129,-0.36811,0.927498,0.00029,-0.000525,0.008216,0.446479,0.403386,0.345895,0.207033
2000,0.178348,-0.011943,0.360397,-0.857234,0.379292,-0.348328,-0.487795,-0.814917,0.312951,-0.164096,0.437709,0.884031,0.000633,1.9e-05,0.017257,-0.029487,0.003901,0.009165,0.305128,-0.128256,0.020028,0.315985,-0.983658,0.168235,-0.064081,-0.165007,-0.699131,0.695645,0.073477,0.694628,0.715512,-0.00013,0.000949,0.000863,-0.0,-0.0,0.0,-1.402155,0.064804,0.054395,-0.013456,0.980954,-0.053367,-0.18676,0.159194,0.771793,0.615624,0.111286,-0.63363,0.765589,-7.2e-05,0.000531,0.000486,-5e-06,0.001561,-0.000902,-0.904264,0.087819,0.034117,-0.037739,0.947733,-0.269701,-0.170475,0.31281,0.890664,0.329948,0.062849,-0.36603,0.928477,0.000312,0.000225,0.008796,-0.051294,-0.014449,0.010549,0.20932
2001,0.178386,-0.012009,0.361172,-0.856096,0.383673,-0.346323,-0.490465,-0.814457,0.30996,-0.162081,0.434733,0.885869,0.00067,0.001163,0.018122,-0.021755,-0.001033,0.038679,0.307599,-0.128275,0.020092,0.316004,-0.983671,0.168213,-0.063937,-0.164896,-0.699198,0.695604,0.073552,0.694566,0.715564,-6.5e-05,0.00047,0.000428,0.0,-0.0,-0.0,-1.4022,0.064795,0.054426,-0.013447,0.980985,-0.053341,-0.186604,0.159068,0.771841,0.615595,0.111193,-0.633573,0.76565,-3.9e-05,0.000296,0.000272,-3e-05,0.00014,0.000122,-0.910143,0.087838,0.034083,-0.037359,0.946864,-0.27409,-0.168288,0.315961,0.890495,0.327392,0.060125,-0.363169,0.929781,0.000307,0.000105,0.008689,-0.048775,-0.008843,0.01742,0.210789
2002,0.17843,-0.011978,0.361841,-0.857726,0.382445,-0.343638,-0.487498,-0.817362,0.30698,-0.16241,0.430348,0.887947,0.014487,0.000216,0.01691,-0.013518,0.005809,0.04564,0.317885,-0.128266,0.020102,0.315998,-0.983723,0.168116,-0.063393,-0.164448,-0.699263,0.695645,0.073867,0.694524,0.715572,1.8e-05,-0.000134,-0.000122,0.0,0.0,0.0,-1.402139,0.064799,0.054431,-0.01345,0.981093,-0.053196,-0.186081,0.158627,0.771854,0.615693,0.110875,-0.633569,0.765699,1.6e-05,-0.000116,-0.000106,-3.5e-05,8.3e-05,9.5e-05,-0.911286,0.087855,0.034102,-0.037015,0.947824,-0.2725,-0.165447,0.313192,0.892807,0.323737,0.059494,-0.358663,0.931569,0.000312,0.000287,0.008817,-0.044963,-0.003883,0.017367,0.220097
2003,0.178452,-0.011913,0.362161,-0.857461,0.384306,-0.34222,-0.488334,-0.817442,0.305434,-0.161302,0.428533,0.889027,0.000685,0.001707,0.018496,0.050419,0.083054,0.07826,0.324231,-0.128259,0.02012,0.315987,-0.98452,0.162241,-0.066252,-0.162253,-0.699851,0.69557,0.067731,0.695337,0.71539,-0.001576,0.01149,-0.007532,0.036513,-0.008339,0.019195,-1.402255,0.064804,0.054436,-0.013454,0.980739,-0.047514,-0.189451,0.156384,0.772139,0.615909,0.117019,-0.633674,0.764698,5e-06,-1.4e-05,-1.4e-05,0.001284,0.003586,-0.002217,-0.911449,0.087871,0.034131,-0.036858,0.947602,-0.274032,-0.16418,0.314107,0.892891,0.322616,0.058188,-0.357282,0.932181,0.007235,0.00027,0.008572,0.068231,0.101729,0.091062,0.226302
2004,0.178482,-0.011701,0.362685,-0.856785,0.388159,-0.339554,-0.490152,-0.817656,0.301929,-0.15938,0.424634,0.891241,0.000347,0.010676,0.008256,0.062259,0.058711,0.05943,0.353357,-0.128293,0.020146,0.315947,-0.984552,0.162184,-0.065921,-0.16199,-0.699969,0.695512,0.067906,0.695231,0.715476,0.000116,-0.000846,-0.000769,0.0,-0.0,-0.0,-1.401846,0.064786,0.054454,-0.013475,0.980808,-0.047444,-0.18911,0.156097,0.772243,0.615851,0.11682,-0.633551,0.764829,-0.007464,0.004256,-0.004288,0.034438,0.00705,-0.009958,-0.909979,0.087886,0.034237,-0.036589,0.946964,-0.27794,-0.161265,0.316544,0.893208,0.319341,0.055285,-0.353452,0.933817,0.000312,0.000244,0.008759,0.015236,0.157234,-0.130045,0.254388
2005,0.17855,-0.011385,0.363082,-0.859223,0.386862,-0.334842,-0.486417,-0.82063,0.299894,-0.157699,0.420063,0.893703,0.000339,0.010515,0.0081,0.098967,0.104511,0.079376,0.389727,-0.128353,0.020133,0.315889,-0.984602,0.162083,-0.065421,-0.161575,-0.700085,0.695491,0.068174,0.695137,0.715541,-0.001369,0.009992,-0.008893,0.034325,0.007859,-0.004535,-1.402033,0.064756,0.054448,-0.013504,0.980908,-0.047301,-0.188629,0.155675,0.772306,0.61588,0.116547,-0.633487,0.764925,-0.000687,0.005023,-0.004421,0.034298,0.007938,-0.004437,-0.90802,0.08792,0.034399,-0.036388,0.948355,-0.275972,-0.156399,0.312807,0.895477,0.316657,0.052664,-0.349226,0.935556,0.000162,0.005255,0.004047,0.103768,0.101478,0.082478,0.300762
2006,0.178597,-0.011183,0.363236,-0.862172,0.381862,-0.332996,-0.481124,-0.823106,0.301643,-0.157836,0.419801,0.893802,0.000309,0.009627,0.007402,0.001748,-0.01101,0.02618,0.407168,-0.128363,0.020132,0.315889,-0.984633,0.16202,-0.065107,-0.161309,-0.700112,0.695526,0.068355,0.695125,0.715536,3e-06,-1.9e-05,-1.7e-05,0.0,0.0,0.0,-1.401437,0.064751,0.054444,-0.013507,0.98097,-0.04721,-0.188327,0.155417,0.772303,0.615949,0.116366,-0.633497,0.764944,-2e-06,1.8e-05,1.8e-05,-3.4e-05,6.2e-05,7.9e-05,-0.908673,0.087938,0.034494,-0.036315,0.950202,-0.270725,-0.154344,0.307163,0.897213,0.317267,0.052587,-0.348876,0.935691,0.000149,0.00483,0.003713,-0.011527,-0.024165,0.026084,0.323949
2007,0.178721,-0.010862,0.363478,-0.865553,0.378709,-0.327784,-0.47605,-0.825495,0.30316,-0.154701,0.417967,0.895208,0.000232,0.00732,0.005611,0.0011,-0.012588,0.025904,0.434029,-0.128386,0.020149,0.315906,-0.984703,0.161879,-0.064396,-0.160711,-0.700172,0.695605,0.068763,0.695098,0.715523,-8.2e-05,0.000598,0.000544,0.0,0.0,0.0,-1.401838,0.064739,0.054453,-0.013498,0.981111,-0.047003,-0.187644,0.154833,0.772295,0.616105,0.115958,-0.633521,0.764986,-5.4e-05,0.000397,0.000362,-1.9e-05,4.2e-05,5.6e-05,-0.910143,0.088005,0.034661,-0.036189,0.952146,-0.26686,-0.149006,0.301666,0.898896,0.317779,0.049138,-0.347522,0.936383,0.006999,0.003395,0.002376,-0.002377,-0.022926,0.030318,0.368038
2008,0.178833,-0.010642,0.363682,-0.867163,0.374273,-0.328622,-0.472133,-0.827863,0.30283,-0.157638,0.417286,0.895014,0.000147,0.004692,0.003589,0.0,0.0,0.0,0.442231,-0.128366,0.020152,0.315906,-0.984754,0.161783,-0.063861,-0.160267,-0.700215,0.695663,0.069078,0.695077,0.715513,-0.0,0.0,0.0,0.0,0.0,0.0,-1.401855,0.064749,0.054455,-0.013497,0.981216,-0.046857,-0.187129,0.1544,0.772289,0.616221,0.115643,-0.63354,0.765018,-1e-06,-5e-06,-6e-06,3e-06,8e-06,6.7e-05,-0.910796,0.088061,0.034774,-0.036086,0.95328,-0.262228,-0.149973,0.297568,0.900658,0.31665,0.05204,-0.346484,0.93661,7.7e-05,0.002601,0.001988,0.00666,-0.102122,0.202762,0.394654
2009,0.178899,-0.010585,0.363813,-0.867479,0.37475,-0.327242,-0.472271,-0.827162,0.304525,-0.155486,0.418245,0.894943,0.000323,-0.00949,0.009795,-1.60929,1.922293,-1.244157,0.441751,-0.128335,0.020149,0.315901,-0.984776,0.161746,-0.063619,-0.160071,-0.700233,0.69569,0.069225,0.695067,0.715508,1e-06,-5e-06,-5e-06,-0.015108,0.111857,-0.163737,-1.401759,0.064765,0.054454,-0.0135,0.981235,-0.04684,-0.187036,0.154329,0.772287,0.616242,0.11558,-0.633543,0.765024,-1e-06,2e-06,1e-06,-1.2e-05,2.8e-05,2.5e-05,-0.911613,0.088095,0.034809,-0.036021,0.952914,-0.26304,-0.150876,0.298648,0.900322,0.31659,0.052561,-0.346743,0.936486,1.2e-05,0.000469,0.000357,0.000111,-0.000208,-0.000593,0.400206
2010,0.178911,-0.010625,0.363859,-0.867212,0.375052,-0.327604,-0.472715,-0.82692,0.304492,-0.155627,0.418452,0.894821,0.000296,-0.010374,0.00912,-0.035741,0.010519,-0.019579,0.441382,-0.128314,0.020152,0.315901,-0.985017,0.160271,-0.063624,-0.159189,-0.702179,0.693929,0.06779,0.693447,0.717216,0.013512,0.001851,1.8e-05,0.054691,-0.037919,0.008804,-1.401257,0.06477,0.054455,-0.0135,0.981299,-0.04547,-0.187038,0.152962,0.774071,0.614341,0.116846,-0.631463,0.766551,0.0,3e-06,3e-06,0.042018,-0.028433,-0.02965,-0.912265,0.088101,0.034784,-0.035996,0.953264,-0.262901,-0.148896,0.297926,0.8999,0.318462,0.050268,-0.347939,0.936168,0.00014,-0.005353,0.004431,-0.034704,0.009161,-0.019503,0.400859
2011,0.178895,-0.010766,0.363994,-0.866719,0.37561,-0.328268,-0.473566,-0.826386,0.304619,-0.155784,0.419003,0.894536,0.000303,-0.01015,0.009294,-0.035741,0.01051,-0.019583,0.438562,-0.128302,0.02014,0.315889,-0.985046,0.160214,-0.063314,-0.158932,-0.702203,0.693963,0.067971,0.693435,0.71721,0.000135,-0.000986,-0.000897,1.1e-05,-5e-06,-4e-06,-1.401667,0.064781,0.054452,-0.013504,0.98137,-0.045175,-0.186739,0.152571,0.773961,0.614577,0.116765,-0.631619,0.766435,9e-05,-0.000657,-0.000598,-0.00137,0.000289,0.000146,-0.912755,0.088092,0.034713,-0.035935,0.952971,-0.263552,-0.149615,0.298807,0.899512,0.318732,0.050578,-0.348449,0.935961,2e-06,0.000125,9.7e-05,9.2e-05,-0.000125,-0.000322,0.400043
2012,0.178891,-0.010942,0.364205,-0.866022,0.37796,-0.327411,-0.475134,-0.826097,0.302957,-0.154895,0.417457,0.895413,0.000335,-0.009112,0.010089,-0.02182,0.027014,-0.011855,0.436708,-0.128297,0.020102,0.315853,-0.985099,0.160105,-0.062751,-0.158461,-0.702249,0.694025,0.068298,0.693414,0.717199,0.000144,-0.001052,-0.000957,0.0,-0.0,-0.0,-1.40145,0.064784,0.054432,-0.013522,0.98148,-0.045028,-0.186197,0.152123,0.773945,0.614709,0.116427,-0.631649,0.766461,0.000108,-0.000789,-0.000718,-0.000103,0.000234,0.000279,-0.913898,0.08809,0.034622,-0.035831,0.952473,-0.265959,-0.148524,0.300614,0.899463,0.31717,0.049238,-0.346745,0.936665,2.2e-05,0.000828,0.000631,-0.007074,-0.000671,0.012065,0.39694
2013,0.178906,-0.011018,0.364339,-0.8657,0.378325,-0.327841,-0.475699,-0.825719,0.303101,-0.154961,0.417873,0.895207,6e-05,0.001928,0.001472,0.006133,-0.088228,0.178147,0.436752,-0.128302,0.020061,0.315818,-0.985114,0.160073,-0.062601,-0.158333,-0.702262,0.694041,0.068383,0.693409,0.717197,0.000297,-0.002166,-0.001972,0.0,-0.0,-0.0,-1.40126,0.064781,0.054413,-0.013539,0.981509,-0.044987,-0.186053,0.152003,0.773942,0.614742,0.116339,-0.631655,0.766469,0.000177,-0.001293,-0.001176,-0.002245,0.016387,-0.023476,-0.914388,0.088098,0.034581,-0.035761,0.952262,-0.266381,-0.149119,0.301246,0.899088,0.317632,0.04946,-0.347391,0.936414,2.7e-05,0.001019,0.000778,0.001384,-0.092564,0.178212,0.396451
2014,0.178948,-0.011127,0.364651,-0.865127,0.380529,-0.3268,-0.477081,-0.825464,0.301621,-0.153914,0.416373,0.896087,0.000399,-0.007051,0.011662,-0.033006,0.013725,-0.018084,0.44391,-0.128291,0.019984,0.315747,-0.985138,0.160025,-0.062349,-0.158121,-0.702282,0.694069,0.06853,0.693399,0.717192,0.000233,-0.001698,-0.001547,0.0,-0.0,-0.0,-1.401435,0.064787,0.054371,-0.013577,0.981557,-0.044924,-0.18581,0.151803,0.773937,0.614797,0.116186,-0.631665,0.766484,0.000119,-0.000862,-0.000784,-1.9e-05,0.000142,0.000156,-0.915205,0.088119,0.034528,-0.03561,0.951809,-0.268637,-0.147956,0.302901,0.898999,0.316306,0.048041,-0.345879,0.937047,0.000205,-0.003211,0.006069,-0.047135,-0.01214,0.009322,0.398573
2015,0.179,-0.011177,0.364957,-0.864387,0.381363,-0.327785,-0.478342,-0.824676,0.301779,-0.154158,0.417168,0.895675,0.000152,0.004927,0.003751,0.000861,-0.012779,0.025817,0.459056,-0.128279,0.0199,0.315671,-0.985164,0.159972,-0.062075,-0.157892,-0.702305,0.694098,0.068689,0.693389,0.717187,0.00023,-0.001673,-0.001526,0.0,-0.0,-0.0,-1.401221,0.064793,0.054329,-0.013615,0.981611,-0.044851,-0.185547,0.151583,0.773933,0.614856,0.116024,-0.631675,0.7665,0.000138,-0.001002,-0.000912,1e-05,7.7e-05,0.000134,-0.915205,0.088144,0.0345,-0.03546,0.951415,-0.269461,-0.14899,0.30407,0.898399,0.31689,0.048464,-0.346798,0.936686,7e-05,0.002479,0.001884,0.000629,-0.013268,0.02529,0.413596
2016,0.179072,-0.011122,0.365239,-0.865664,0.377329,-0.32908,-0.475037,-0.82665,0.301599,-0.157159,0.416935,0.895262,0.013967,0.006327,0.004361,0.001845,-0.027481,0.055376,0.474523,-0.128283,0.019846,0.315623,-0.985413,0.158464,-0.06199,-0.156921,-0.704252,0.692344,0.067303,0.691761,0.718888,0.000211,-0.001538,-0.001403,-0.001899,0.016082,-0.023838,-1.401049,0.064791,0.054304,-0.013638,0.981666,-0.043283,-0.185629,0.150127,0.775634,0.613069,0.117444,-0.629697,0.767911,-0.006749,-0.001025,-9.9e-05,-0.007963,0.01528,-0.030196,-0.916021,0.088175,0.034521,-0.035316,0.952384,-0.26528,-0.150301,0.300534,0.899883,0.316053,0.051411,-0.346174,0.93676,0.000227,-0.002483,0.00662,-0.035777,0.010332,-0.019883,0.435477
2017,0.179128,-0.011042,0.365362,-0.865165,0.377889,-0.329748,-0.475832,-0.826267,0.301393,-0.157494,0.417185,0.895086,0.000208,0.006861,0.005208,0.00086,-0.012763,0.025825,0.4825,-0.128292,0.019839,0.315618,-0.985404,0.158481,-0.062091,-0.157003,-0.704244,0.692333,0.067243,0.691765,0.71889,-0.013492,-0.002096,-0.000239,-0.00204,0.015203,-0.029247,-1.401457,0.064792,0.054298,-0.013643,0.981646,-0.043315,-0.185723,0.150216,0.775603,0.613086,0.117491,-0.629733,0.767874,1.3e-05,-9.2e-05,-8.3e-05,-0.000976,0.00034,0.000268,-0.916348,0.088209,0.034564,-0.035253,0.952033,-0.26606,-0.151137,0.30156,0.899565,0.31598,0.051888,-0.346401,0.93665,9.5e-05,0.00325,0.002464,0.000924,-0.012824,0.025609,0.446581
2018,0.179313,-0.010831,0.365617,-0.863935,0.379263,-0.331393,-0.477771,-0.825371,0.300782,-0.158376,0.41771,0.894686,0.000204,0.006856,0.005191,0.006799,-0.100805,0.20407,0.497557,-0.128281,0.019836,0.3156,-0.985417,0.158458,-0.061942,-0.156884,-0.704273,0.69233,0.06733,0.691741,0.718905,3.5e-05,-0.000256,-0.000233,0.0,-0.0,-0.0,-1.400733,0.064792,0.054297,-0.013651,0.981679,-0.043286,-0.185555,0.150088,0.775609,0.613109,0.117379,-0.629727,0.767896,2.3e-05,-0.000167,-0.000153,-0.000125,0.000259,0.000285,-0.916021,0.088301,0.034669,-0.035125,0.951351,-0.267572,-0.152757,0.303544,0.898962,0.315795,0.052825,-0.3468,0.936449,0.006989,0.003808,0.002655,0.001903,-0.027515,0.055231,0.469768
2019,0.17956,-0.010643,0.365866,-0.862953,0.380354,-0.332699,-0.479321,-0.824627,0.300357,-0.159041,0.418185,0.894346,0.000164,0.005669,0.004282,0.0,0.0,0.0,0.500739,-0.128272,0.019844,0.315606,-0.985426,0.158441,-0.061841,-0.156802,-0.704281,0.692341,0.06739,0.691737,0.718903,-6e-06,4.3e-05,3.9e-05,0.0,-0.0,-0.0,-1.401007,0.064797,0.054301,-0.013647,0.981698,-0.043273,-0.185458,0.150018,0.775605,0.613131,0.11731,-0.629732,0.767902,-5e-06,3.3e-05,2.8e-05,-0.000107,0.00017,0.000179,-0.917001,0.088425,0.03477,-0.034996,0.950719,-0.268961,-0.154245,0.30537,0.898391,0.315662,0.053672,-0.347208,0.93625,0.006966,0.003281,0.002249,0.007847,-0.115498,0.233556,0.483158
2020,0.179698,-0.0106,0.365996,-0.865739,0.375446,-0.331031,-0.474225,-0.826878,0.30225,-0.15917,0.418181,0.894325,0.013873,0.004443,0.002902,0.000984,-0.014715,0.029553,0.500492,-0.128272,0.019844,0.315606,-0.986374,0.152546,-0.06155,-0.152385,-0.705219,0.692372,0.063462,0.692114,0.718898,0.000135,-0.000986,-0.000899,-0.014861,0.109071,-0.16663,-1.40107,0.064796,0.054304,-0.013645,0.981864,-0.037333,-0.18587,0.145678,0.775993,0.613687,0.121323,-0.629634,0.767359,8.1e-05,-0.000577,-0.000527,0.000345,0.008585,-0.03396,-0.917328,0.088494,0.034794,-0.034929,0.952501,-0.263611,-0.152477,0.299744,0.899986,0.316508,0.053792,-0.347179,0.936254,0.006931,0.002156,0.001397,0.001271,-0.01654,0.030321,0.485607
2021,0.180006,-0.010675,0.366234,-0.87022,0.370199,-0.325138,-0.467662,-0.828362,0.308351,-0.154102,0.419923,0.894396,0.013785,0.001464,0.00065,0.000879,-0.014591,0.029473,0.452533,-0.12829,0.019823,0.315577,-0.986604,0.15105,-0.061545,-0.151463,-0.707166,0.690586,0.062041,0.690456,0.720614,0.000123,-0.0009,-0.000821,0.000653,-0.000284,-0.000255,-1.400911,0.064787,0.054292,-0.013661,0.981926,-0.035747,-0.185854,0.144124,0.777716,0.61187,0.122669,-0.627598,0.768813,8e-05,-0.00058,-0.000529,-0.007644,-1.8e-05,-0.001417,-0.917654,0.088643,0.034758,-0.034809,0.955157,-0.257462,-0.146244,0.292015,0.90081,0.321354,0.049001,-0.349649,0.935598,0.000171,-0.004443,0.005125,-0.030467,0.003733,-0.016389,0.463726
2022,0.180403,-0.011009,0.366376,-0.874618,0.372312,-0.3106,-0.464318,-0.827672,0.315181,-0.138645,0.419413,0.897161,0.013655,-0.003663,-0.00322,0.11447,0.123634,0.093628,0.312916,-0.128326,0.019788,0.315536,-0.986611,0.151029,-0.061485,-0.151408,-0.707191,0.690573,0.062065,0.690436,0.720632,-0.001554,0.011341,-0.007667,0.036514,-0.008352,0.019189,-1.401408,0.06477,0.054268,-0.013681,0.981942,-0.035725,-0.185775,0.144068,0.777665,0.611948,0.122608,-0.627662,0.76877,7e-06,-5e-05,-4.4e-05,-0.000256,0.000374,0.000458,-0.912102,0.088841,0.034595,-0.034734,0.957237,-0.257837,-0.131208,0.287345,0.900021,0.327711,0.033594,-0.351399,0.935622,9e-05,-0.007555,0.002778,0.132068,0.206568,0.032563,0.337176
2023,0.180804,-0.011499,0.366323,-0.876474,0.377802,-0.298504,-0.463833,-0.828912,0.312627,-0.128236,0.411991,0.902134,0.0001,-0.019017,0.002603,0.16006,0.356692,-0.110241,-0.006264,-0.128314,0.019778,0.315512,-0.986626,0.151001,-0.061314,-0.151271,-0.707221,0.690573,0.062165,0.690411,0.720647,9e-05,-0.000656,-0.000599,0.0,-0.0,-0.0,-1.400824,0.064775,0.054269,-0.013694,0.981971,-0.035708,-0.185624,0.143956,0.777691,0.611941,0.122506,-0.627631,0.768811,5.5e-05,-0.000408,-0.000373,-9.5e-05,0.000275,0.000304,-0.913735,0.089047,0.034356,-0.034763,0.957637,-0.262393,-0.118659,0.287157,0.90113,0.324813,0.021698,-0.345127,0.938304,0.00677,-0.004482,-0.003626,0.263831,0.306627,0.141999,0.05501
