frame,MLTx,MLTy,MLTz,MLTR1,MLTR2,MLTR3,MLTR4,MLTR5,MLTR6,MLTR7,MLTR8,MLTR9,MLTTVx,MLTTVy,MLTTVz,MLTRVx,MLTRVy,MLTRVz,MLGA,MRTx,MRTy,MRTz,MRTR1,MRTR2,MRTR3,MRTR4,MRTR5,MRTR6,MRTR7,MRTR8,MRTR9,MRTTVx,MRTTVy,MRTTVz,MRTRVx,MRTRVy,MRTRVz,MRGA,SLTx,SLTy,SLTz,SLTR1,SLTR2,SLTR3,SLTR4,SLTR5,SLTR6,SLTR7,SLTR8,SLTR9,SLTTVx,SLTTVy,SLTTVz,SLTRVx,SLTRVy,SLTRVz,SLGA,SRTx,SRTy,SRTz,SRTR1,SRTR2,SRTR3,SRTR4,SRTR5,SRTR6,SRTR7,SRTR8,SRTR9,SRTTVx,SRTTVy,SRTTVz,SRTRVx,SRTRVy,SRTRVz,SRGA
160,0.163112,-0.037964,0.287004,-0.354536,0.02257,-0.934794,-0.700916,-0.668105,0.249647,-0.618472,0.743692,0.253853,0.031256,0.045514,-0.03179,0.035496,-0.171214,-0.620327,0.161241,-0.172472,-0.02281,0.319688,-0.625633,-0.607449,0.489469,0.775859,-0.419929,0.470781,-0.079653,0.675051,0.733365,0.03009,-0.021028,-0.004688,-0.87657,-0.800706,-1.229583,-1.391738,0.042573,0.032227,-0.014916,0.658524,0.606768,0.445171,-0.752256,0.51398,0.41223,0.021319,-0.606347,0.794913,0.014644,-0.004744,-0.006248,-0.231083,-0.259789,-0.343498,-0.928105,0.078604,0.020524,-0.076532,0.458378,-0.014652,-0.888636,0.574066,0.768182,0.28345,0.678481,-0.640063,0.360528,0.015675,0.02295,-0.015654,-0.007849,-0.42622,-0.504792,-0.032677
161,0.164277,-0.036309,0.285967,-0.364386,0.014552,-0.931158,-0.708806,-0.652852,0.267114,-0.603576,0.757324,0.249367,0.031388,0.036293,-0.021067,0.060824,-0.137668,-0.161937,0.225817,-0.171245,-0.023089,0.319181,-0.586938,-0.647542,0.485987,0.799648,-0.370241,0.472672,-0.12541,0.666853,0.734467,0.044057,-0.008191,-0.01255,-0.249983,-0.166924,-0.474448,-1.388748,0.043192,0.032082,-0.015169,0.619467,0.65244,0.436557,-0.781792,0.462328,0.418393,0.071144,-0.600478,0.79647,0.014674,-0.004514,-0.006061,-0.816236,-0.813136,-1.187416,-0.92239,0.079187,0.021356,-0.077054,0.466572,-0.004081,-0.884473,0.581621,0.75479,0.30333,0.666354,-0.655953,0.354538,0.007863,0.024353,-0.013702,0.109964,-0.031429,-0.306182,0.03117
162,0.165062,-0.034717,0.285004,-0.382551,-0.003062,-0.923954,-0.698654,-0.653417,0.291376,-0.604151,0.756992,0.24898,0.015476,0.034929,-0.022741,0.007196,-0.003132,-0.644325,0.282901,-0.170245,-0.023396,0.318946,-0.570225,-0.661431,0.487179,0.808049,-0.34527,0.477262,-0.146755,0.666634,0.730702,0.030323,-0.013036,0.003507,-0.044917,0.002214,0.020047,-1.385779,0.043698,0.031923,-0.0153,0.603423,0.6675,0.436262,-0.791997,0.437971,0.425348,0.09285,-0.602183,0.79294,0.007372,-0.000596,-0.001311,0.024666,-0.023294,0.026496,-0.92288,0.079586,0.022158,-0.077528,0.481292,0.015111,-0.876429,0.568976,0.755202,0.325475,0.6668,-0.655316,0.354875,0.015592,0.017368,-0.011614,-0.070219,0.134139,-1.062419,0.136982
163,0.165557,-0.033583,0.284158,-0.398389,-0.017341,-0.917078,-0.689758,-0.653377,0.311936,-0.604118,0.756854,0.249481,-0.000294,0.021629,-0.017253,-0.042841,-0.193574,-0.53708,0.288876,-0.169602,-0.023522,0.319054,-0.545514,-0.683818,0.484561,0.818864,-0.31212,0.48164,-0.177431,0.660381,0.729574,0.015628,-0.009865,0.008167,-0.106876,-0.076834,-0.097992,-1.371772,0.044025,0.031863,-0.015243,0.58035,0.691014,0.43092,-0.80493,0.406419,0.432331,0.123613,-0.597764,0.792084,0.00738,0.000771,0.000118,-0.23494,-0.259178,-0.336297,-0.924186,0.079839,0.022731,-0.077951,0.494636,0.030904,-0.86855,0.55784,0.755047,0.344553,0.666445,-0.65494,0.356234,0.007667,0.010409,-0.009288,-0.139788,-0.412926,-0.618927,0.16866
164,0.165726,-0.033203,0.283815,-0.405208,-0.021369,-0.914,-0.686211,-0.653486,0.319442,-0.603615,0.756662,0.251275,-0.000311,0.02148,-0.017452,-0.070579,1.494028,-2.503417,0.305145,-0.169382,-0.023611,0.319164,-0.533119,-0.693369,0.484784,0.824324,-0.297093,0.481829,-0.189393,0.657353,0.729301,0.000896,-0.009517,0.009897,-0.108799,-0.06179,-0.127273,-1.371929,0.044141,0.031819,-0.015188,0.568605,0.701309,0.429944,-0.811337,0.391888,0.433768,0.135715,-0.595473,0.791828,0.007381,0.001344,0.000718,-0.240008,-0.256786,-0.334914,-0.928758,0.079924,0.022919,-0.078126,0.497605,0.036865,-0.866619,0.554428,0.754843,0.350457,0.667081,-0.654868,0.355175,-0.000158,0.010553,-0.008984,0.06033,0.139359,-0.329439,0.18254
165,0.165752,-0.032632,0.283314,-0.412781,-0.02558,-0.910497,-0.681902,-0.654027,0.327462,-0.603359,0.756069,0.253664,-0.015736,0.01149,-0.007497,0.028797,0.105596,-0.180852,0.348979,-0.169075,-0.023786,0.319625,-0.498685,-0.716635,0.487584,0.839805,-0.260556,0.476205,-0.2136,0.647844,0.73112,0.000919,-0.006068,0.013495,-0.062294,-0.011851,-0.333387,-1.360542,0.044295,0.031729,-0.014953,0.53555,0.726977,0.429754,-0.829149,0.356041,0.430982,0.160303,-0.587143,0.793451,0.000459,-0.002863,0.006934,-0.086936,-0.000416,-0.325312,-0.931044,0.079942,0.023201,-0.078381,0.506494,0.042727,-0.861183,0.548063,0.755096,0.3598,0.665649,-0.65422,0.359035,-5.2e-05,0.005571,-0.004095,0.038462,0.108521,-0.140407,0.228751
166,0.165589,-0.032263,0.283152,-0.415433,-0.026088,-0.909275,-0.680293,-0.654658,0.32954,-0.603352,0.755505,0.255354,-3.8e-05,0.012103,-0.00689,0.035613,-0.013358,0.018022,0.382234,-0.16901,-0.024145,0.320199,-0.481281,-0.727197,0.489433,0.847528,-0.243837,0.471353,-0.222824,0.642566,0.733022,0.000915,-0.006714,0.012817,-2.427385,-2.963615,-4.041268,-1.351399,0.044326,0.031562,-0.014675,0.523908,0.734363,0.431543,-0.835316,0.343848,0.42897,0.166635,-0.585216,0.79357,0.00045,-0.003416,0.006348,0.369505,-0.355152,-0.219225,-0.928431,0.079855,0.02339,-0.078465,0.509209,0.043512,-0.859541,0.546065,0.755611,0.361751,0.665219,-0.653573,0.361003,4.7e-05,0.000497,0.00067,-0.001626,0.001143,0.001009,0.296353
167,0.165633,-0.032219,0.283054,-0.414119,-0.025876,-0.90988,-0.680638,-0.654897,0.328349,-0.603866,0.755305,0.254729,0.015422,-0.002521,-0.00361,0.006017,-0.121826,0.197065,0.356385,-0.168962,-0.02437,0.320527,-0.475506,-0.731439,0.488755,0.849797,-0.238576,0.469958,-0.226546,0.639721,0.734369,0.000917,-0.00629,0.013256,0.11938,-0.14767,-0.093729,-1.351193,0.04435,0.031449,-0.014512,0.513799,0.742802,0.429248,-0.840117,0.33426,0.427168,0.173821,-0.580097,0.795783,0.000451,-0.003097,0.006681,0.179319,-0.30523,-0.244303,-0.932677,0.079872,0.023423,-0.078507,0.508125,0.043115,-0.860203,0.546464,0.755834,0.360682,0.665721,-0.653342,0.360497,-0.000134,0.004658,-0.005321,0.039147,-0.119795,0.186203,0.301089
168,0.165734,-0.03238,0.282784,-0.412633,-0.028083,-0.91049,-0.677197,-0.65904,0.327174,-0.608731,0.751617,0.254061,-0.00037,-0.004366,-0.005893,-0.0,-0.0,-0.0,0.288728,-0.168858,-0.024801,0.321158,-0.458276,-0.743937,0.486346,0.856473,-0.223666,0.465147,-0.236689,0.630633,0.739015,0.001805,-0.017954,0.020922,0.037467,-0.186599,0.092873,-1.342979,0.044403,0.031233,-0.014189,0.496965,0.756493,0.425139,-0.848001,0.319391,0.422945,0.18417,-0.570707,0.800233,0.000447,-0.003943,0.0058,0.040441,-0.099056,-0.114698,-0.936433,0.079928,0.023341,-0.078645,0.50632,0.045003,-0.86117,0.542756,0.759395,0.358795,0.670115,-0.64907,0.360072,-0.000222,-0.00267,-0.003607,-0.001949,0.016004,-0.02385,0.228588
169,0.165484,-0.032171,0.282599,-0.411945,-0.036354,-0.910508,-0.672281,-0.662378,0.330552,-0.614613,0.74833,0.24956,5.2e-05,0.013143,-0.005481,-0.027686,-0.229733,-0.118599,0.302273,-0.168696,-0.025038,0.321552,-0.447915,-0.750655,0.485676,0.859858,-0.213113,0.463856,-0.244132,0.626315,0.740265,0.000909,-0.007824,0.011658,-0.016807,-0.018676,-0.043132,-1.340126,0.044484,0.031111,-0.013989,0.487096,0.763797,0.423498,-0.851989,0.308992,0.422655,0.191965,-0.56669,0.801255,0.007377,0.002089,0.001484,-0.015687,-0.056147,0.010673,-0.939045,0.079802,0.023429,-0.078751,0.504766,0.052395,-0.861664,0.537291,0.762187,0.361093,0.675669,-0.645232,0.356575,-0.007745,0.007107,-0.001914,-0.083563,-0.340436,-0.190266,0.192501
170,0.165147,-0.031485,0.282572,-0.409383,-0.047723,-0.911139,-0.670835,-0.661112,0.335981,-0.617897,0.748826,0.239772,-0.01505,0.019089,0.002723,-0.065768,-0.36069,-0.206783,0.374345,-0.168383,-0.025135,0.321734,-0.429344,-0.76089,0.486519,0.864905,-0.191591,0.463861,-0.259199,0.620896,0.739708,0.014748,0.000778,-0.000569,0.00205,-0.01521,0.029242,-1.340073,0.044635,0.031063,-0.013889,0.469257,0.775087,0.423126,-0.858328,0.287735,0.424829,0.207531,-0.562536,0.800301,0.00782,-0.005186,0.003823,-0.045906,0.095257,-0.160511,-0.944924,0.079639,0.023768,-0.07877,0.500837,0.063162,-0.863233,0.535536,0.760896,0.366384,0.679973,-0.645791,0.347259,0.000301,0.009678,0.001448,-0.134026,-0.521621,-0.266812,0.253898
171,0.165029,-0.031024,0.282569,-0.407764,-0.056267,-0.911377,-0.669733,-0.66,0.340338,-0.620159,0.749224,0.232578,0.000444,0.029983,-0.006013,-0.035319,-0.410052,-0.173189,0.393445,-0.16819,-0.025229,0.321738,-0.423326,-0.762322,0.489541,0.867227,-0.184894,0.462241,-0.261334,0.621171,0.738725,0.014742,-0.001846,-0.003295,0.000246,-0.000994,0.004224,-1.339478,0.044737,0.031018,-0.013885,0.463322,0.777137,0.4259,-0.861043,0.2811,0.423777,0.209612,-0.563063,0.799388,0.007369,-0.001066,-0.001798,-0.000112,-0.003568,0.00861,-0.943781,0.079575,0.023999,-0.078762,0.498072,0.07173,-0.864163,0.534134,0.759687,0.370913,0.683099,-0.646321,0.340066,0.000286,0.009478,0.001168,-0.121552,-0.516407,-0.265617,0.295864
172,0.165058,-0.030346,0.282333,-0.404484,-0.073282,-0.91163,-0.667663,-0.65755,0.349038,-0.624524,0.74993,0.218179,-6.8e-05,0.011653,-0.007493,-0.113029,-0.523229,-0.306938,0.400931,-0.167815,-0.025383,0.321766,-0.40278,-0.770006,0.494825,0.873365,-0.161818,0.459329,-0.273112,0.618129,0.737014,-2e-06,-0.000978,-0.001015,-2.734657,-2.538484,-4.073137,-1.341848,0.044919,0.030936,-0.013877,0.447622,0.78386,0.430346,-0.867296,0.263352,0.422427,0.217791,-0.562325,0.79772,0.007828,-0.005748,0.003231,-0.03666,0.004722,-0.009487,-0.946557,0.07959,0.024357,-0.078863,0.492861,0.087293,-0.865717,0.531444,0.757604,0.378947,0.688951,-0.646849,0.327003,-4.3e-05,0.00562,-0.004019,-0.224476,-0.751313,-0.44861,0.33489
173,0.165188,-0.029869,0.281844,-0.404508,-0.084971,-0.910603,-0.665146,-0.656024,0.356629,-0.627185,0.750047,0.209986,0.015199,0.020447,-0.019027,0.016583,-0.230468,-0.055321,0.394048,-0.167413,-0.025555,0.321862,-0.359227,-0.786456,0.502428,0.885394,-0.117251,0.449737,-0.29434,0.607383,0.737776,0.014758,0.000615,-0.000754,0.183779,1.026921,-3.078683,-1.341449,0.04512,0.030848,-0.013831,0.403873,0.805817,0.433065,-0.881597,0.216428,0.419457,0.244278,-0.551197,0.797815,0.000415,-0.005292,0.004182,-2.366628,-2.837843,-4.295165,-0.949006,0.079649,0.024589,-0.079108,0.490791,0.100465,-0.865465,0.528067,0.755795,0.387192,0.693013,-0.647055,0.317886,-0.000154,0.004376,-0.005696,-0.024837,-0.112532,-0.281829,0.336196
174,0.165289,-0.02948,0.281549,-0.404752,-0.087948,-0.910212,-0.663919,-0.656206,0.358577,-0.628326,0.749549,0.208347,-0.000196,0.022696,-0.0158,0.031396,-0.161593,-0.050463,0.395098,-0.16726,-0.025668,0.321939,-0.351041,-0.78759,0.506423,0.888755,-0.110235,0.444855,-0.2941,0.607228,0.737999,0.000912,-0.011416,0.007932,0.547222,0.308358,-0.737804,-1.338026,0.045202,0.030797,-0.013795,0.394031,0.807629,0.438718,-0.885991,0.206815,0.415024,0.244452,-0.552233,0.797044,0.007379,-1.2e-05,-0.0007,1.157416,1.647742,-1.931184,-0.949659,0.079705,0.024777,-0.079263,0.49063,0.1033,-0.865222,0.526551,0.756005,0.388844,0.694281,-0.646362,0.316526,0.007684,0.011179,-0.008231,0.025773,-0.198118,-0.034864,0.335706
175,0.165823,-0.028446,0.280934,-0.402118,-0.093351,-0.910842,-0.662244,-0.657297,0.359674,-0.631777,0.747945,0.203627,0.015454,0.02401,-0.014249,-0.002216,-0.294752,-0.097994,0.378232,-0.167034,-0.025886,0.322018,-0.343658,-0.787194,0.512071,0.891295,-0.101888,0.441754,-0.295143,0.609198,0.735956,0.014765,-0.000312,-0.001723,0.002109,-0.015261,0.029209,-1.336455,0.045309,0.030684,-0.013751,0.38505,0.808938,0.444245,-0.890032,0.198178,0.410569,0.244085,-0.553482,0.79629,-1e-06,-0.000753,-0.000782,-0.004108,0.000877,0.004573,-0.952109,0.079966,0.025293,-0.079571,0.487738,0.10726,-0.866375,0.524688,0.757158,0.389119,0.69772,-0.644365,0.313016,0.007755,0.012213,-0.00685,-0.07673,-0.433863,-0.18571,0.325582
176,0.166437,-0.027603,0.280407,-0.398406,-0.101449,-0.911607,-0.660924,-0.657378,0.361947,-0.635501,0.746828,0.195991,0.015412,0.011238,-0.008277,0.019169,-0.088039,0.008624,0.376924,-0.167034,-0.025919,0.321999,-0.341526,-0.786478,0.514591,0.892232,-0.099429,0.44042,-0.294789,0.610528,0.734995,-0.0,-0.000731,-0.00076,-0.012454,0.097662,-0.172793,-1.332741,0.045315,0.030666,-0.013762,0.382936,0.808566,0.446744,-0.891059,0.195746,0.409507,0.243665,-0.554891,0.795438,1e-06,-0.000372,-0.000386,-0.011913,0.098267,-0.17157,-0.955701,0.080273,0.025723,-0.079833,0.482612,0.116212,-0.868089,0.523054,0.756751,0.392098,0.702494,-0.643289,0.304432,0.00766,0.011289,-0.008098,0.084127,-0.061101,0.051924,0.311539
177,0.166736,-0.027284,0.280172,-0.399726,-0.107473,-0.910338,-0.658994,-0.656612,0.366822,-0.636672,0.746668,0.192777,0.015281,0.022567,-0.016203,0.049212,0.005782,-0.140933,0.381634,-0.167079,-0.025913,0.321995,-0.33587,-0.788146,0.515761,0.893244,-0.093021,0.439768,-0.298206,0.609385,0.734565,-0.0,-1.1e-05,-1.1e-05,-0.0,-0.0,-0.0,-1.332519,0.045293,0.030669,-0.013765,0.377395,0.810682,0.447623,-0.892462,0.189389,0.409442,0.247152,-0.554008,0.794977,0.0,2.3e-05,2.8e-05,0.001206,0.000935,0.000554,-0.957987,0.080423,0.025877,-0.079948,0.482885,0.122448,-0.867079,0.520752,0.755908,0.39676,0.704016,-0.643123,0.301252,0.007701,0.005522,-0.004281,0.051606,-0.047778,0.0402,0.312846
178,0.167452,-0.026709,0.279752,-0.39984,-0.119045,-0.908846,-0.656259,-0.655039,0.374458,-0.639417,0.746309,0.184921,0.030862,0.010854,-0.009076,0.009238,-0.140439,0.013307,0.384136,-0.167158,-0.025888,0.321998,-0.328597,-0.791733,0.51495,0.894801,-0.086713,0.437888,-0.301628,0.605651,0.736254,1e-06,0.001368,0.001421,0.215641,-0.201467,-0.096527,-1.331507,0.045253,0.030679,-0.013766,0.371029,0.814129,0.446689,-0.894019,0.183078,0.408915,0.251131,-0.551068,0.795774,-1e-06,0.0001,0.000106,0.369694,-0.295582,-0.174897,-0.95962,0.080775,0.026168,-0.080162,0.481443,0.13392,-0.866185,0.517348,0.754315,0.404176,0.707504,-0.642707,0.293876,0.007632,0.011291,-0.008109,0.068318,-0.11279,0.021707,0.319377
179,0.168178,-0.026226,0.279363,-0.400882,-0.127829,-0.907192,-0.653676,-0.653887,0.380934,-0.641405,0.745877,0.179706,0.015352,0.011176,-0.008398,-0.009869,-0.187954,-0.057262,0.383508,-0.167167,-0.025858,0.322075,-0.32717,-0.791231,0.516629,0.89538,-0.085021,0.437035,-0.301463,0.606548,0.735583,1e-06,0.002326,0.002416,-0.010602,0.083471,-0.147782,-1.326406,0.045249,0.030693,-0.013728,0.369004,0.814379,0.447907,-0.895025,0.181457,0.407434,0.25053,-0.551233,0.795848,0.000456,-0.004744,0.004969,-0.038944,0.011987,-0.017216,-0.959946,0.081144,0.026409,-0.080357,0.481278,0.14223,-0.864951,0.514257,0.753279,0.410011,0.709866,-0.642137,0.289393,0.007682,0.005592,-0.004206,-0.030041,-0.11652,-0.247687,0.320357
180,0.168964,-0.025723,0.279034,-0.400735,-0.133516,-0.906438,-0.651886,-0.653634,0.384419,-0.643314,0.745109,0.176029,0.030873,0.011896,-0.00775,0.010098,-0.13816,0.014363,0.384237,-0.167104,-0.025866,0.322225,-0.310011,-0.797536,0.517515,0.898238,-0.067541,0.434213,-0.310961,0.600454,0.736628,0.000914,-0.009939,0.009468,0.094229,-0.10585,-0.093529,-1.320603,0.04528,0.030695,-0.013647,0.352401,0.821664,0.447974,-0.8989,0.16401,0.406299,0.260369,-0.545864,0.796391,0.000455,-0.005018,0.004687,0.120421,-0.122089,-0.10148,-0.959946,0.081542,0.026664,-0.080526,0.480207,0.148105,-0.86456,0.512077,0.75291,0.413404,0.712164,-0.641241,0.285711,0.015446,0.005994,-0.003827,0.019369,-0.124722,0.026813,0.32052
181,0.169368,-0.025455,0.278865,-0.403817,-0.139424,-0.904178,-0.645376,-0.65708,0.389496,-0.647928,0.740992,0.176488,0.030746,0.023894,-0.014783,-0.064707,-0.554427,-0.198954,0.384086,-0.1671,-0.025943,0.322219,-0.308941,-0.797135,0.51877,0.898621,-0.066219,0.433623,-0.310918,0.601133,0.736092,0.000913,-0.012953,0.00634,-0.034544,0.008072,-0.019729,-1.313558,0.045282,0.030665,-0.013649,0.351036,0.821621,0.449122,-0.899487,0.162614,0.405559,0.260182,-0.546346,0.796121,-1e-06,-0.00145,-0.001504,-0.024991,0.105852,-0.169706,-0.959783,0.081733,0.026788,-0.080606,0.483264,0.151755,-0.86222,0.504772,0.75638,0.416045,0.715304,-0.636285,0.28893,0.007682,0.005828,-0.003904,0.037185,0.089156,-0.104283,0.32052
182,0.170179,-0.024993,0.278619,-0.406486,-0.155861,-0.90029,-0.625233,-0.671061,0.398414,-0.665748,0.725032,0.176452,0.015391,0.012563,-0.006584,1.510845,-0.752888,-0.287483,0.38346,-0.167076,-0.026017,0.322199,-0.306801,-0.795535,0.522484,0.899871,-0.063865,0.431379,-0.309426,0.603505,0.734779,-0.0,-3.4e-05,-3.5e-05,0.0,-0.0,-0.0,-1.300281,0.045294,0.030616,-0.013663,0.348804,0.820445,0.452995,-0.900794,0.160091,0.403657,0.258658,-0.548853,0.794893,-0.007383,-0.00034,0.000346,-0.014619,0.112907,-0.201175,-0.95913,0.082144,0.027025,-0.080731,0.482541,0.17089,-0.85904,0.483238,0.766056,0.423838,0.730503,-0.61964,0.287072,0.007656,0.006228,-0.003171,5.007782,-2.177239,-1.121528,0.3215
183,0.170758,-0.024672,0.278481,-0.400736,-0.176961,-0.898967,-0.611692,-0.678804,0.406239,-0.681619,0.712903,0.164898,6.7e-05,0.000977,0.001309,-0.075784,-0.264682,-0.175146,0.377067,-0.167121,-0.026015,0.322176,-0.303987,-0.796244,0.523048,0.901339,-0.062801,0.42846,-0.307931,0.60268,0.736083,0.014767,0.000505,-0.000872,-0.008507,0.080676,-0.144693,-1.288133,0.045266,0.030614,-0.013671,0.346047,0.821453,0.453283,-0.902293,0.15897,0.400742,0.257132,-0.54767,0.796203,-1e-06,-0.000129,-0.000134,-0.013389,0.008387,0.003098,-0.956354,0.08244,0.027191,-0.080801,0.473715,0.191147,-0.859684,0.466816,0.773243,0.429159,0.746777,-0.604613,0.277066,0.007688,0.006237,-0.003375,-0.064351,-0.358541,-0.172716,0.316601
184,0.170921,-0.02448,0.27844,-0.393225,-0.200319,-0.89738,-0.594258,-0.68938,0.414228,-0.701131,0.696407,0.153161,8.7e-05,0.00129,0.001727,-0.116854,-0.406387,-0.269178,0.377168,-0.166986,-0.026029,0.322208,-0.301326,-0.797003,0.523431,0.902689,-0.061813,0.425755,-0.306598,0.601778,0.737377,0.0,0.000765,0.000794,0.002625,-0.002357,-0.001523,-1.27212,0.045339,0.030609,-0.01366,0.343358,0.8224,0.453611,-0.903701,0.157753,0.398042,0.255791,-0.5466,0.797369,0.000456,-0.004914,0.004791,-0.063145,0.116216,-0.188351,-0.954395,0.082521,0.027286,-0.080823,0.463462,0.212378,-0.860289,0.447312,0.782002,0.434032,0.764927,-0.585975,0.267429,-2.3e-05,0.006556,-0.002771,-0.178676,-0.604971,-0.376666,0.312682
185,0.170923,-0.024329,0.278434,-0.392661,-0.203132,-0.896995,-0.593833,-0.688758,0.415867,-0.701807,0.696211,0.150942,0.000183,0.002702,0.003615,-0.014952,-0.070424,-0.012121,0.379192,-0.166859,-0.026056,0.322272,-0.30092,-0.796843,0.523907,0.902788,-0.061232,0.425628,-0.306704,0.602048,0.737112,-1e-06,0.001504,0.001561,-0.012421,0.097501,-0.172887,-1.260852,0.045397,0.030594,-0.013629,0.343078,0.82227,0.454057,-0.903751,0.157222,0.398139,0.25599,-0.546947,0.797067,-3e-06,0.001078,0.001116,-0.000626,-0.012141,0.026221,-0.951129,0.082522,0.027353,-0.080828,0.461716,0.216706,-0.860148,0.446672,0.780978,0.436527,0.766356,-0.585756,0.263794,8.5e-05,0.001217,0.001622,0.009269,-0.025957,-0.016993,0.313825
186,0.170831,-0.024042,0.278353,-0.391357,-0.20583,-0.89695,-0.593377,-0.688556,0.416852,-0.702921,0.695621,0.148456,3.5e-05,0.000523,0.000699,-0.000112,-0.00039,-0.000259,0.383612,-0.166676,-0.026139,0.322302,-0.29991,-0.796451,0.525082,0.903101,-0.059923,0.425149,-0.306772,0.602699,0.736551,2e-06,-0.001943,-0.002018,0.0,-0.0,-0.0,-1.250192,0.045494,0.030561,-0.013605,0.341972,0.82202,0.455343,-0.904163,0.155814,0.397757,0.256016,-0.547726,0.796524,1e-06,-0.001312,-0.001364,-0.012331,0.097687,-0.172533,-0.951129,0.082476,0.027508,-0.080863,0.460355,0.218771,-0.860355,0.445987,0.780979,0.437225,0.767572,-0.584986,0.261959,-6.4e-05,0.006012,-0.003489,0.038108,-0.004313,0.023967,0.319377
187,0.170822,-0.023951,0.278388,-0.386361,-0.212469,-0.897567,-0.581395,-0.699357,0.415754,-0.715581,0.682734,0.147797,0.000151,0.002229,0.002979,4.96117,-2.313768,-0.792905,0.383617,-0.166454,-0.026238,0.322178,-0.298948,-0.796068,0.526211,0.903468,-0.058809,0.424523,-0.306631,0.603315,0.736105,0.014777,-0.001965,-0.003452,0.002045,-0.015205,0.029245,-1.247768,0.0456,0.030509,-0.013669,0.340964,0.821798,0.456499,-0.904595,0.154665,0.397222,0.255832,-0.548385,0.796129,2e-06,-0.001606,-0.001674,-0.001692,0.014248,-0.024815,-0.951782,0.082471,0.027547,-0.080853,0.456234,0.222423,-0.861613,0.437448,0.787123,0.434827,0.774911,-0.575294,0.261814,5.8e-05,0.000863,0.001152,0.00267,-0.109623,0.165251,0.321174
188,0.170883,-0.023825,0.278417,-0.385927,-0.212362,-0.897779,-0.581395,-0.699598,0.415348,-0.715816,0.682521,0.147648,0.000249,0.003682,0.004918,0.000741,-0.016098,0.023893,0.385355,-0.1664,-0.02628,0.322099,-0.298439,-0.795868,0.526802,0.903678,-0.058254,0.424154,-0.30651,0.603633,0.735895,6e-06,-0.003433,-0.003573,-0.001805,0.014127,-0.025051,-1.247134,0.045632,0.030489,-0.013708,0.34047,0.82169,0.457061,-0.90482,0.154131,0.396918,0.255696,-0.548697,0.795959,3e-06,-0.001348,-0.001405,9.4e-05,8.4e-05,0.0002,-0.952599,0.082502,0.027609,-0.08084,0.454321,0.224332,-0.862129,0.432962,0.790181,0.43377,0.778547,-0.57034,0.261868,3.1e-05,0.007423,-0.001607,0.033391,-0.012299,0.018184,0.32248
189,0.171084,-0.023424,0.278395,-0.380097,-0.221611,-0.898031,-0.568551,-0.709839,0.415753,-0.729127,0.668877,0.144932,0.0156,0.002581,0.00309,4.955373,-2.342653,-0.791568,0.402463,-0.166371,-0.026301,0.321971,-0.29734,-0.795438,0.528072,0.90415,-0.057101,0.423304,-0.306188,0.60431,0.735473,1e-06,-0.000751,-0.000782,0.0,-0.0,-0.0,-1.243392,0.045647,0.030473,-0.013779,0.339317,0.821445,0.458356,-0.905356,0.152925,0.396161,0.255331,-0.5494,0.79559,2e-06,-0.000363,-0.000378,5.2e-05,7.6e-05,0.000129,-0.953088,0.082597,0.027813,-0.080846,0.448868,0.230858,-0.863262,0.423604,0.795638,0.433034,0.786814,-0.560056,0.259344,2.7e-05,0.007383,-0.001666,0.041071,-0.040743,0.033282,0.33685
190,0.171238,-0.023243,0.278426,-0.376131,-0.23431,-0.896476,-0.554493,-0.718226,0.420309,-0.741894,0.65547,0.141344,0.000133,0.001996,0.002659,-0.019861,-0.070129,-0.046727,0.410397,-0.166372,-0.026287,0.321971,-0.296795,-0.795226,0.528697,0.904363,-0.056492,0.42293,-0.306088,0.604646,0.735239,-0.0,4e-05,4.2e-05,0.0,-0.0,-0.0,-1.236906,0.045646,0.030481,-0.013778,0.338754,0.821326,0.458986,-0.905601,0.152302,0.395842,0.25521,-0.549752,0.795386,-0.0,6.7e-05,6.8e-05,4.6e-05,4.3e-05,8.7e-05,-0.954231,0.082679,0.027905,-0.08083,0.441504,0.245036,-0.863151,0.403589,0.804944,0.434948,0.801367,-0.54039,0.256493,7.7e-05,0.00113,0.001496,-0.006933,-0.074056,-0.014044,0.355628
191,0.171367,-0.023182,0.278452,-0.372643,-0.241851,-0.89593,-0.550091,-0.719976,0.423093,-0.746916,0.650804,0.136373,0.01554,0.001844,0.002097,-0.039166,-0.157985,-0.065873,0.410442,-0.166392,-0.026312,0.321991,-0.296542,-0.79513,0.528983,0.904434,-0.056154,0.422824,-0.306126,0.604804,0.735094,-0.0,0.0,1e-06,0.0,-0.0,-0.0,-1.233217,0.045636,0.030473,-0.01377,0.338502,0.821275,0.459264,-0.905693,0.151989,0.395751,0.255217,-0.549915,0.795271,1e-06,2.2e-05,2.4e-05,4.2e-05,3.1e-05,7.7e-05,-0.954885,0.082738,0.027935,-0.080817,0.437078,0.251932,-0.863419,0.398771,0.806181,0.437096,0.80619,-0.535352,0.251901,7.8e-05,0.001163,0.00154,-0.038164,-0.172889,-0.082312,0.359057
192,0.171518,-0.02289,0.278389,-0.372443,-0.250736,-0.893568,-0.548108,-0.717547,0.429739,-0.748472,0.650134,0.130931,0.000111,0.001698,0.002259,-0.10596,-0.24491,-0.402491,0.411094,-0.166356,-0.026329,0.322015,-0.295909,-0.794882,0.529709,0.904647,-0.055381,0.42247,-0.30611,0.6052,0.734774,-0.0,1.8e-05,1.9e-05,0.0,-0.0,-0.0,-1.231498,0.045654,0.030462,-0.013754,0.337834,0.821134,0.460006,-0.905946,0.151176,0.395481,0.255201,-0.550348,0.794976,-0.0,1.1e-05,1.1e-05,-0.012427,0.097521,-0.17284,-0.956844,0.08282,0.028081,-0.080848,0.436111,0.259193,-0.861757,0.396425,0.80436,0.442549,0.807869,-0.534623,0.24804,-2e-05,0.006716,-0.002552,-0.179459,-0.593358,-0.335748,0.361017
193,0.171542,-0.022698,0.278334,-0.368316,-0.257782,-0.893273,-0.539193,-0.723492,0.431048,-0.756942,0.640727,0.128595,2.4e-05,0.00037,0.000492,-0.070662,-0.250276,-0.167192,0.414055,-0.166296,-0.026401,0.322038,-0.293773,-0.795856,0.529435,0.90574,-0.054961,0.420176,-0.304936,0.603957,0.736283,0.0,-0.000212,-0.000221,0.000139,-0.000128,-8.2e-05,-1.22675,0.045684,0.030425,-0.013743,0.335735,0.822234,0.459578,-0.907046,0.150607,0.393172,0.254064,-0.54886,0.796368,0.00739,0.000241,-0.000456,-0.002598,-0.012005,0.030607,-0.957824,0.082831,0.028179,-0.080873,0.430977,0.266105,-0.862233,0.386618,0.808928,0.4429,0.815343,-0.524235,0.245748,1.5e-05,0.000168,0.000223,-0.15013,-0.392556,-0.265611,0.364119
194,0.171621,-0.02259,0.278269,-0.359609,-0.271616,-0.892721,-0.521707,-0.734684,0.433628,-0.773208,0.62201,0.12361,0.0,1e-06,2e-06,-0.071917,-0.255283,-0.170658,0.416185,-0.166127,-0.02645,0.322031,-0.293827,-0.795868,0.529387,0.905689,-0.054954,0.420287,-0.305036,0.603941,0.736255,0.014784,-0.000223,-0.001649,0.002045,-0.015205,0.029245,-1.206648,0.045763,0.030402,-0.013745,0.335798,0.822215,0.459566,-0.906988,0.150581,0.393315,0.254188,-0.548896,0.796304,2e-06,-0.000611,-0.000639,-1.6e-05,0.000129,0.000176,-0.957007,0.082871,0.028233,-0.080906,0.420611,0.278519,-0.86343,0.367632,0.817747,0.442871,0.829416,-0.503701,0.241561,4e-06,-2.5e-05,-3.7e-05,-0.175224,-0.466283,-0.316116,0.366405
195,0.17162,-0.022526,0.278217,-0.35699,-0.276416,-0.892299,-0.517125,-0.737022,0.435146,-0.777488,0.617114,0.121282,-0.01559,0.011321,-0.007546,0.01079,-0.083329,-0.068241,0.419178,-0.166015,-0.026479,0.322019,-0.293738,-0.795828,0.529497,0.905706,-0.054817,0.420266,-0.305069,0.604007,0.736187,3e-06,-0.001204,-0.001254,0.0,-0.0,-0.0,-1.198261,0.045825,0.030388,-0.01375,0.335725,0.822192,0.45966,-0.907006,0.150466,0.393317,0.254219,-0.548961,0.796249,0.007394,-0.000311,-0.001035,0.000298,-0.001009,0.004305,-0.956028,0.082876,0.02826,-0.08093,0.416602,0.284286,-0.863494,0.36266,0.819021,0.444613,0.833618,-0.498382,0.238106,-1.6e-05,-0.000278,-0.000371,-0.011503,-0.073056,-0.049029,0.369181
196,0.171575,-0.022501,0.278234,-0.346082,-0.295373,-0.890521,-0.499371,-0.745557,0.441301,-0.793858,0.597791,0.111635,3.3e-05,0.000504,0.00067,-0.032212,-0.115348,-0.077092,0.429041,-0.16578,-0.026496,0.322009,-0.293272,-0.795633,0.530048,0.905865,-0.054246,0.42,-0.305048,0.604315,0.735942,0.014784,0.000566,-0.000832,0.002045,-0.015205,0.029245,-1.180069,0.045936,0.030377,-0.013757,0.335226,0.822075,0.460234,-0.907202,0.149868,0.393093,0.254177,-0.549301,0.796028,1e-06,-8.7e-05,-9.5e-05,3.5e-05,4.9e-05,8.2e-05,-0.955048,0.082848,0.028276,-0.080926,0.403004,0.301878,-0.863977,0.343354,0.825206,0.448489,0.848349,-0.477393,0.228911,2.2e-05,0.000274,0.000361,-0.000704,-0.066,-0.045336,0.381591
197,0.1716,-0.02241,0.278268,-0.33541,-0.320383,-0.885946,-0.479991,-0.751082,0.453273,-0.810228,0.577674,0.099246,7.2e-05,0.001101,0.001464,4.822338,-2.765159,-0.722529,0.434874,-0.165581,-0.026508,0.321962,-0.292843,-0.795453,0.530556,0.906033,-0.053764,0.419698,-0.304961,0.604596,0.735748,2e-06,-0.000553,-0.000576,0.0,-0.0,-0.0,-1.172728,0.046041,0.030372,-0.013781,0.334797,0.821972,0.46073,-0.907389,0.149393,0.392843,0.254076,-0.549584,0.795865,2e-06,-0.000274,-0.000291,3.2e-05,1.7e-05,5.6e-05,-0.955701,0.082861,0.02832,-0.08091,0.391196,0.323052,-0.861743,0.327008,0.826467,0.458275,0.86025,-0.461073,0.21767,5.7e-05,0.000824,0.001093,-0.120715,-0.269004,-0.420425,0.393021
198,0.171636,-0.022344,0.278285,-0.330225,-0.329841,-0.884422,-0.470724,-0.754605,0.457125,-0.817763,0.56768,0.09503,0.000107,0.001649,0.00219,-0.03325,-0.130783,-0.086665,0.43427,-0.165536,-0.026532,0.321947,-0.292571,-0.795344,0.530869,0.906126,-0.053436,0.41954,-0.304948,0.604768,0.735612,5e-06,-0.001132,-0.00118,0.0,-0.0,-0.0,-1.167628,0.046064,0.030361,-0.013787,0.334515,0.82191,0.461045,-0.9075,0.149059,0.392714,0.254053,-0.549767,0.795746,4e-06,-0.000604,-0.000633,1.9e-05,2.2e-05,4.9e-05,-0.954558,0.082879,0.028353,-0.080901,0.382023,0.334239,-0.861592,0.312111,0.830864,0.460706,0.869853,-0.444913,0.21309,6e-05,0.00088,0.001165,0.00598,-0.069082,-0.04586,0.394981
199,0.171683,-0.022331,0.278285,-0.316725,-0.346796,-0.882872,-0.443443,-0.768667,0.460958,-0.838105,0.537928,0.090774,-3.6e-05,-0.000562,-0.000747,0.437953,-0.233489,-0.047963,0.447438,-0.165505,-0.026518,0.321914,-0.293454,-0.796478,0.528677,0.905391,-0.054269,0.421017,-0.306275,0.603199,0.736349,-4e-06,0.000997,0.001039,-0.0,-0.0,0.0,-1.15221,0.04608,0.030363,-0.013809,0.335494,0.822774,0.458785,-0.90674,0.149968,0.394119,0.255468,-0.548225,0.796356,0.0,9e-06,7e-06,0.000348,0.000734,-0.000506,-0.955048,0.082902,0.028363,-0.080897,0.366704,0.348756,-0.862494,0.283104,0.841279,0.460544,0.886216,-0.413059,0.209766,-3e-05,-0.000419,-0.00056,1.495918,-0.750588,-0.118918,0.400696
200,0.17166,-0.022246,0.277967,-0.310633,-0.352787,-0.882663,-0.434006,-0.773509,0.461838,-0.845298,0.526979,0.088268,-0.000468,0.007023,-0.013627,0.011979,-0.077376,-0.059625,0.457137,-0.165472,-0.026474,0.321957,-0.295628,-0.798897,0.523793,0.903708,-0.056335,0.424349,-0.309135,0.599799,0.73793,-8e-06,0.001821,0.001898,-0.02206,-0.053916,0.046639,-1.147215,0.046096,0.030386,-0.013787,0.337907,0.824588,0.453732,-0.904978,0.152241,0.397287,0.258522,-0.544864,0.797677,-5e-06,0.001106,0.001152,-0.077975,-0.208427,0.191619,-0.953088,0.082891,0.028406,-0.081047,0.359872,0.353796,-0.863318,0.272817,0.844968,0.459999,0.892222,-0.401069,0.207558,-0.000225,0.003557,-0.006754,0.01049,-0.100273,-0.040646,0.4247
201,0.171677,-0.022015,0.277446,-0.308815,-0.355116,-0.882367,-0.433148,-0.773414,0.462802,-0.846405,0.525554,0.086126,-0.00047,0.007001,-0.013668,0.034608,0.001692,-0.006641,0.440226,-0.165393,-0.026419,0.322036,-0.294238,-0.800153,0.522658,0.904567,-0.056835,0.422448,-0.307951,0.598074,0.739822,-6e-06,0.001186,0.001236,0.000511,-0.000469,-0.000302,-1.1416,0.046135,0.030416,-0.013744,0.33657,0.825852,0.452425,-0.905804,0.152624,0.395252,0.257369,-0.542839,0.799428,-4e-06,0.000713,0.000742,-0.008046,0.00547,0.001906,-0.953252,0.082899,0.028518,-0.081312,0.357743,0.355861,-0.863355,0.271845,0.844811,0.460861,0.893375,-0.399569,0.205486,-0.000217,0.003658,-0.006625,0.039992,-0.002395,0.025434,0.417352
202,0.171635,-0.021924,0.277241,-0.306318,-0.360201,-0.881175,-0.432841,-0.77174,0.465873,-0.847472,0.524559,0.081588,-0.000251,-0.003848,-0.005136,-0.048412,-0.150385,-0.13589,0.432611,-0.165382,-0.026419,0.322035,-0.294065,-0.800086,0.522858,0.904631,-0.056635,0.422337,-0.307927,0.598183,0.739744,-0.0,1.7e-05,1.8e-05,7e-06,-7e-06,-4e-06,-1.136065,0.046141,0.030419,-0.013742,0.33642,0.825785,0.452658,-0.905855,0.152397,0.395222,0.257385,-0.543004,0.799311,-0.0,-4.8e-05,-5.1e-05,-0.001045,0.000857,0.000458,-0.953252,0.082878,0.028566,-0.08142,0.354631,0.360403,-0.862754,0.271617,0.843225,0.463891,0.894684,-0.398849,0.201143,-0.000186,0.00414,-0.005981,-0.028543,-0.221294,-0.122463,0.406411
203,0.171279,-0.021826,0.276983,-0.293054,-0.374293,-0.879812,-0.409395,-0.782457,0.469179,-0.863668,0.498148,0.077167,-0.01571,0.009416,-0.010097,0.068074,-0.040642,-0.02919,0.42858,-0.16536,-0.026436,0.322015,-0.293961,-0.800045,0.522979,0.90467,-0.056515,0.42227,-0.307913,0.598249,0.739697,0.0,-3.2e-05,-3.3e-05,0.0,-0.0,-0.0,-1.119293,0.046152,0.030408,-0.013754,0.336323,0.825755,0.452785,-0.905895,0.152277,0.395176,0.25737,-0.543083,0.799262,0.0,-2.1e-05,-2.2e-05,-0.012423,0.097516,-0.172799,-0.953252,0.082706,0.028608,-0.08155,0.339198,0.373034,-0.863591,0.246682,0.850619,0.464322,0.907795,-0.370529,0.196507,-0.007772,-0.001201,-0.001424,0.148728,-0.022467,-0.053737,0.393185
204,0.17069,-0.021857,0.27699,-0.285216,-0.385621,-0.877493,-0.400269,-0.783939,0.474549,-0.870548,0.487058,0.070336,-0.01531,0.001356,0.002153,-0.021028,-0.05479,-0.076368,0.419744,-0.165385,-0.026423,0.321972,-0.293455,-0.79985,0.52356,0.904891,-0.055994,0.421867,-0.307748,0.598559,0.739514,-0.000931,0.009961,-0.009448,0.036451,-0.009632,0.018703,-1.098025,0.04614,0.030412,-0.013771,0.335789,0.825644,0.453382,-0.906139,0.151713,0.394834,0.257208,-0.543409,0.799093,3e-06,-0.000593,-0.000619,2.9e-05,5e-05,9.2e-05,-0.952109,0.082416,0.028591,-0.081557,0.329825,0.383144,-0.862795,0.236882,0.851108,0.468508,0.913839,-0.358906,0.189957,-0.00767,0.000406,0.000722,-0.014579,-0.057602,-0.077745,0.381918
205,0.170449,-0.02181,0.277024,-0.284174,-0.388299,-0.876649,-0.400244,-0.782816,0.476419,-0.870901,0.48674,0.068136,-0.015288,0.001639,0.002526,-0.004615,0.002153,-0.038015,0.415588,-0.165419,-0.026416,0.321967,-0.294234,-0.800938,0.521455,0.904169,-0.056697,0.423318,-0.30912,0.597034,0.740174,0.0,-1.3e-05,-1.4e-05,-0.0,-0.0,0.0,-1.09454,0.046123,0.030417,-0.013779,0.336688,0.826485,0.451179,-0.905395,0.152536,0.396221,0.25865,-0.541898,0.799653,0.0,7e-06,8e-06,0.000596,0.001274,-0.000849,-0.952435,0.08229,0.028617,-0.081536,0.328275,0.385776,-0.862212,0.236738,0.850063,0.470475,0.914433,-0.358564,0.187727,6.9e-05,0.000987,0.001327,0.017021,0.021012,0.015513,0.376202
206,0.169874,-0.021793,0.277095,-0.277842,-0.393755,-0.876245,-0.386125,-0.78945,0.477125,-0.879283,0.471392,0.068398,-0.030767,0.000494,0.001302,-0.001969,0.029426,-0.059108,0.392771,-0.165429,-0.026443,0.321955,-0.294166,-0.800913,0.521532,0.904186,-0.056604,0.423294,-0.309135,0.597076,0.740134,2e-06,-0.00041,-0.000428,0.0,-0.0,-0.0,-1.08161,0.046118,0.030404,-0.013784,0.336615,0.826466,0.451268,-0.905421,0.152441,0.396198,0.258653,-0.541954,0.799614,1e-06,-0.000212,-0.00022,2.5e-05,5.1e-05,3.5e-05,-0.953088,0.081998,0.028631,-0.081494,0.321541,0.390017,-0.862842,0.221776,0.854868,0.469057,0.920557,-0.342179,0.188379,-0.015385,0.000225,0.000632,-0.003975,0.031833,-0.058808,0.355465
207,0.169045,-0.021847,0.277195,-0.276302,-0.39603,-0.875707,-0.381391,-0.791174,0.478076,-0.881831,0.46657,0.068654,-0.030633,-0.011033,0.008895,-0.037584,0.043139,-0.076857,0.38166,-0.165441,-0.026434,0.321936,-0.295701,-0.799708,0.522512,0.903273,-0.056269,0.425282,-0.310332,0.598722,0.738301,1e-06,-0.000282,-0.000294,-0.00159,0.001466,0.000943,-1.055408,0.046111,0.03041,-0.013793,0.338131,0.8252,0.45245,-0.904512,0.152214,0.398357,0.259855,-0.543943,0.797872,1e-06,-0.000209,-0.000217,0.012917,-0.007961,-0.002522,-0.950149,0.0816,0.028607,-0.081448,0.319749,0.392079,-0.862573,0.216801,0.855939,0.46943,0.922364,-0.337107,0.188682,-0.007693,0.000127,0.000334,-0.002852,0.015768,-0.029223,0.328032
208,0.168237,-0.021891,0.277257,-0.276345,-0.396299,-0.875571,-0.381461,-0.790977,0.478346,-0.881787,0.466675,0.068503,-0.030796,0.000216,0.000849,0.002957,-0.082621,0.105146,0.399868,-0.165486,-0.026472,0.3219,-0.296559,-0.800826,0.520309,0.902507,-0.057057,0.4268,-0.311736,0.59715,0.738982,2e-06,-0.000422,-0.00044,-0.022101,-0.053883,0.046658,-1.046486,0.046089,0.030389,-0.013812,0.339032,0.826109,0.450111,-0.90377,0.153132,0.399687,0.261259,-0.542304,0.798529,1e-06,-0.000235,-0.000246,-0.079885,-0.194858,0.166694,-0.950966,0.081191,0.028582,-0.081413,0.319796,0.392359,-0.862429,0.216938,0.855727,0.469753,0.922316,-0.337319,0.18854,-0.007649,-0.005873,0.003826,-0.037859,0.029161,-0.047027,0.33391
209,0.167868,-0.021973,0.277311,-0.276243,-0.396356,-0.875578,-0.381672,-0.790864,0.478364,-0.881729,0.466817,0.068286,-0.01546,-0.000661,-0.000611,-0.000984,0.014715,-0.029553,0.402238,-0.165486,-0.026478,0.321894,-0.296545,-0.800821,0.520325,0.902512,-0.057042,0.426792,-0.311734,0.597159,0.738976,0.0,-3e-05,-3.1e-05,-0.0,0.0,0.0,-1.033408,0.046089,0.030386,-0.013816,0.339023,0.826109,0.450117,-0.903773,0.153123,0.399682,0.261258,-0.542306,0.798528,-1e-06,1.5e-05,1.6e-05,0.00042,0.0009,-0.000843,-0.950639,0.081,0.028542,-0.081385,0.319609,0.39233,-0.862511,0.21721,0.85568,0.469712,0.922317,-0.337471,0.188265,-0.007738,-0.000409,-0.000398,-0.002725,0.031531,-0.053164,0.341258
210,0.167398,-0.022182,0.277506,-0.275503,-0.396118,-0.875919,-0.382459,-0.790792,0.477855,-0.88162,0.467143,0.06746,0.000199,-0.010427,0.009104,-0.035601,0.013799,-0.017711,0.387517,-0.165523,-0.026437,0.32185,-0.296451,-0.800784,0.520436,0.902597,-0.057026,0.426614,-0.311578,0.59721,0.739001,-0.000932,0.010319,-0.009076,0.036451,-0.009645,0.018696,-0.997404,0.046071,0.030404,-0.013832,0.338907,0.826085,0.45025,-0.903858,0.153062,0.399514,0.261116,-0.54236,0.798538,1e-06,-0.000349,-0.000364,-3.3e-05,-2.2e-05,-7.3e-05,-0.944924,0.080759,0.028437,-0.081296,0.318968,0.391973,-0.86291,0.21806,0.855691,0.469298,0.922338,-0.337858,0.187465,-0.007644,0.000827,0.001245,-0.000966,-0.001097,-0.005602,0.336686
211,0.167307,-0.022357,0.277637,-0.275081,-0.39592,-0.876141,-0.383053,-0.790707,0.47752,-0.881495,0.467454,0.066945,0.0,2e-06,2e-06,-0.0,-0.0,-0.0,0.373913,-0.165582,-0.026393,0.321827,-0.297249,-0.801874,0.518298,0.901892,-0.057829,0.427996,-0.312856,0.595667,0.739706,-0.0,3.4e-05,3.5e-05,-0.0,-0.0,0.0,-0.977312,0.046041,0.030429,-0.013848,0.339826,0.826931,0.447997,-0.903118,0.15398,0.400833,0.262479,-0.540808,0.799143,2e-06,2.2e-05,2.5e-05,0.001284,0.002891,-0.00223,-0.94525,0.080714,0.028349,-0.081223,0.318628,0.391709,-0.863157,0.218737,0.855655,0.46905,0.922295,-0.338257,0.186954,-3e-06,-1.1e-05,-1.1e-05,-0.000447,0.000283,8.6e-05,0.318561
212,0.167331,-0.022435,0.277687,-0.274931,-0.39583,-0.876229,-0.383304,-0.790667,0.477385,-0.881433,0.467598,0.06675,0.0,0.0,0.0,-0.0,-0.0,-0.0,0.372408,-0.165605,-0.02638,0.321828,-0.29724,-0.801872,0.518306,0.901903,-0.057835,0.427971,-0.312831,0.59567,0.739714,-0.0,7.7e-05,8.1e-05,-0.0,0.0,0.0,-0.966383,0.04603,0.030436,-0.013847,0.339807,0.826921,0.448031,-0.903137,0.153975,0.400792,0.262437,-0.540826,0.799145,-0.0,5.2e-05,5.4e-05,0.00014,0.000382,-0.000321,-0.945087,0.080726,0.028309,-0.081198,0.318505,0.391592,-0.863255,0.219013,0.855642,0.468945,0.922272,-0.338425,0.186762,-2e-06,-7e-06,-6e-06,-0.000365,0.000238,8.6e-05,0.312682
213,0.16754,-0.022409,0.277701,-0.274397,-0.395509,-0.876541,-0.38343,-0.790928,0.47685,-0.881544,0.467427,0.066473,1.5e-05,0.000189,0.000253,-0.0,-0.0,-0.0,0.364487,-0.165661,-0.026369,0.321831,-0.296901,-0.801745,0.518697,0.902039,-0.057457,0.427735,-0.312761,0.595877,0.739576,-0.0,4e-06,4e-06,-0.0,0.0,0.0,-0.954977,0.046002,0.030442,-0.013846,0.339452,0.826851,0.448428,-0.903295,0.153584,0.400586,0.262354,-0.541043,0.799025,-0.0,-7e-06,-8e-06,-2.3e-05,3e-06,-2.8e-05,-0.946393,0.080831,0.028322,-0.081191,0.318063,0.391184,-0.863603,0.219176,0.855892,0.468412,0.922386,-0.338265,0.186489,0.007648,0.005727,-0.003999,0.036332,-0.028354,0.047336,0.306314
214,0.167943,-0.022376,0.277635,-0.275081,-0.392613,-0.877629,-0.383357,-0.792342,0.474557,-0.881363,0.467471,0.068543,0.015367,-0.000633,-0.001119,0.052781,0.165646,0.150568,0.324118,-0.16566,-0.026377,0.321837,-0.296797,-0.801705,0.518818,0.902071,-0.05732,0.427688,-0.312771,0.595944,0.739519,-0.0,0.0,0.0,-0.0,0.0,0.0,-0.949642,0.046002,0.030438,-0.013843,0.339343,0.82683,0.44855,-0.903334,0.153445,0.400551,0.26236,-0.541115,0.798974,-3e-06,-3e-06,-7e-06,-2.2e-05,3e-06,-2.3e-05,-0.948679,0.081027,0.028339,-0.081224,0.318873,0.388813,-0.864375,0.219078,0.857049,0.466337,0.92213,-0.338068,0.188109,-1.7e-05,-0.00023,-0.000312,0.094824,0.267217,0.181542,0.26941
215,0.168129,-0.022363,0.277648,-0.274857,-0.392447,-0.877772,-0.383427,-0.792458,0.474306,-0.881402,0.467412,0.068434,5.1e-05,0.00067,0.000894,1.1e-05,3.9e-05,2.6e-05,0.303366,-0.165649,-0.026364,0.321849,-0.29637,-0.80154,0.519316,0.902232,-0.056823,0.427414,-0.312711,0.596213,0.739327,-0.0,1.1e-05,1.2e-05,-0.0,0.0,0.0,-0.947525,0.046008,0.030444,-0.013836,0.338898,0.82674,0.449052,-0.903522,0.152935,0.400321,0.262286,-0.541397,0.798808,-0.0,-6e-06,-7e-06,-2e-05,1e-06,-2.2e-05,-0.951618,0.081125,0.028344,-0.08122,0.31909,0.388132,-0.8646,0.219285,0.857297,0.465783,0.922005,-0.338221,0.188443,0.00773,0.000301,0.000256,-0.000401,-0.016871,0.028042,0.224669
