frame,MLTx,MLTy,MLTz,MLTR1,MLTR2,MLTR3,MLTR4,MLTR5,MLTR6,MLTR7,MLTR8,MLTR9,MLTTVx,MLTTVy,MLTTVz,MLTRVx,MLTRVy,MLTRVz,MLGA,MRTx,MRTy,MRTz,MRTR1,MRTR2,MRTR3,MRTR4,MRTR5,MRTR6,MRTR7,MRTR8,MRTR9,MRTTVx,MRTTVy,MRTTVz,MRTRVx,MRTRVy,MRTRVz,MRGA,SLTx,SLTy,SLTz,SLTR1,SLTR2,SLTR3,SLTR4,SLTR5,SLTR6,SLTR7,SLTR8,SLTR9,SLTTVx,SLTTVy,SLTTVz,SLTRVx,SLTRVy,SLTRVz,SLGA,SRTx,SRTy,SRTz,SRTR1,SRTR2,SRTR3,SRTR4,SRTR5,SRTR6,SRTR7,SRTR8,SRTR9,SRTTVx,SRTTVy,SRTTVz,SRTRVx,SRTRVy,SRTRVz,SRGA
817,0.287317,0.032477,0.335463,-0.8774,0.447499,-0.173089,-0.476843,-0.772927,0.418541,0.0546,0.449204,0.891775,0.000312,-0.000979,-0.000808,0.0,0.0,0.0,-1.909894,-0.1543,0.024488,0.321813,0.894555,-0.15778,0.418172,-0.140891,0.788174,0.599053,-0.425228,-0.594598,0.682274,-4e-06,7.2e-05,6.1e-05,-1.3e-05,1.3e-05,1e-05,-0.030723,0.017401,0.030478,-0.020205,-0.888078,0.117571,0.444402,0.177518,-0.804036,0.567461,0.424033,0.58284,0.693176,-3e-06,6.9e-05,5.8e-05,0.001465,-0.0011,-0.000795,-0.207993,0.180875,0.040692,-0.073326,-0.936246,0.298086,-0.185972,-0.346317,-0.872175,0.345505,-0.05921,0.387884,0.919803,0.000184,-0.000568,-0.000468,2.2e-05,-1.8e-05,7e-06,-0.858111
818,0.287242,0.032594,0.335284,-0.877294,0.447673,-0.173173,-0.477067,-0.773087,0.41799,0.054333,0.448754,0.892017,0.000576,-0.001804,-0.00149,0.0,0.0,0.0,-1.909671,-0.154171,0.024517,0.321837,0.894472,-0.157751,0.418361,-0.141041,0.788173,0.59902,-0.425354,-0.594608,0.682186,0.013232,0.002171,0.000553,0.002045,-0.015205,0.029245,-0.029593,0.017466,0.030491,-0.020193,-0.887993,0.117515,0.444585,0.177679,-0.804035,0.567412,0.424142,0.582852,0.693098,0.006614,0.001142,0.000322,0.001906,-0.015419,0.028991,-0.209463,0.180837,0.040753,-0.073414,-0.936171,0.298281,-0.18604,-0.346488,-0.872333,0.344934,-0.059401,0.387378,0.920005,0.000307,-0.000953,-0.000787,7e-06,1.1e-05,-2e-06,-0.859907
819,0.287285,0.032527,0.335226,-0.877307,0.447662,-0.173137,-0.47704,-0.773099,0.417998,0.054358,0.448745,0.89202,0.000616,-0.00193,-0.001595,0.0,0.0,0.0,-1.909993,-0.153992,0.02455,0.321861,0.893151,-0.157262,0.421357,-0.142987,0.788781,0.597757,-0.427478,-0.593931,0.681448,-1e-06,2.2e-05,1.8e-05,-0.0,0.0,0.0,-0.023096,0.017555,0.030511,-0.02018,-0.886581,0.116949,0.447544,0.179627,-0.804544,0.566076,0.426271,0.582264,0.692286,0.006648,0.00052,-0.000206,0.001601,-0.016588,0.030297,-0.206034,0.180858,0.04072,-0.073442,-0.936183,0.298265,-0.186005,-0.34646,-0.872341,0.344943,-0.059376,0.387374,0.920008,0.000427,-0.001331,-0.001099,-0.001683,0.015589,-0.024183,-0.86105
820,0.287428,0.032493,0.335222,-0.877083,0.447914,-0.17362,-0.47748,-0.77285,0.417956,0.054114,0.448921,0.891947,7.1e-05,-0.000221,-0.000183,0.0,0.0,0.0,-1.910165,-0.153831,0.02455,0.321845,0.89305,-0.15723,0.421584,-0.143152,0.788797,0.597696,-0.427634,-0.593919,0.681361,4.9e-05,-0.000839,-0.000709,-0.0,0.0,0.0,-0.022485,0.017635,0.030511,-0.020187,-0.886481,0.116907,0.447753,0.179789,-0.804548,0.566018,0.426411,0.582266,0.692199,0.006679,-2.1e-05,-0.000662,0.001966,-0.015323,0.029141,-0.203095,0.180931,0.040699,-0.073447,-0.93599,0.298586,-0.18646,-0.346935,-0.872171,0.344897,-0.059644,0.38751,0.919934,0.001052,-0.005652,0.003889,-0.035264,0.004247,-0.022559,-0.862193
821,0.287421,0.032474,0.335233,-0.876998,0.447999,-0.17383,-0.477648,-0.772747,0.417955,0.054005,0.449014,0.891906,1e-06,-3e-06,-2e-06,0.0,0.0,0.0,-1.910467,-0.15377,0.024528,0.32182,0.893013,-0.157219,0.421665,-0.14321,0.788803,0.597674,-0.427691,-0.593914,0.681329,8.2e-05,-0.001404,-0.001186,-0.0,0.0,0.0,-0.023459,0.017661,0.030501,-0.020198,-0.886434,0.116881,0.447853,0.179869,-0.804553,0.565986,0.426475,0.582265,0.69216,5.8e-05,-0.000983,-0.000833,-0.002046,0.016179,-0.023803,-0.202931,0.180928,0.04069,-0.073441,-0.935914,0.298699,-0.18666,-0.347119,-0.872099,0.344894,-0.059767,0.387584,0.919894,-1.4e-05,4.7e-05,3.8e-05,6e-06,-1e-06,4e-06,-0.862193
822,0.2874,0.032374,0.335284,-0.876792,0.448188,-0.174382,-0.478053,-0.772437,0.418065,0.053761,0.449359,0.891748,0.000115,-0.000359,-0.000297,0.0,0.0,0.0,-1.910238,-0.153738,0.02449,0.321785,0.89283,-0.15707,0.422108,-0.143591,0.788846,0.597526,-0.427946,-0.593896,0.681185,8.6e-05,-0.001471,-0.001243,-0.0,0.0,0.0,-0.024395,0.017682,0.030481,-0.020217,-0.886245,0.116729,0.448266,0.18023,-0.804577,0.565836,0.426715,0.582261,0.692015,4.6e-05,-0.000791,-0.000669,-5.8e-05,-4.7e-05,-6.8e-05,-0.203911,0.180917,0.040642,-0.073415,-0.935725,0.29896,-0.187188,-0.347576,-0.871873,0.345004,-0.060062,0.387891,0.919745,7e-05,-0.000222,-0.000181,0.011598,-0.107478,0.166942,-0.861377
823,0.287355,0.03223,0.335378,-0.876647,0.448288,-0.174853,-0.478334,-0.772114,0.41834,0.053618,0.449813,0.891527,-1.6e-05,5.1e-05,4.2e-05,0.0,0.0,0.0,-1.910092,-0.153786,0.02445,0.32173,0.892524,-0.156788,0.42286,-0.144232,0.788955,0.597228,-0.428369,-0.593826,0.680979,0.0001,-0.001706,-0.001442,-0.0,0.0,0.0,-0.023926,0.017658,0.030461,-0.020245,-0.885913,0.116428,0.449,0.180869,-0.804657,0.56552,0.427133,0.582212,0.691798,6.4e-05,-0.001076,-0.000909,-3.7e-05,-3.4e-05,-4.8e-05,-0.204238,0.180894,0.040569,-0.073368,-0.935584,0.299118,-0.187644,-0.34792,-0.871624,0.345284,-0.060275,0.388327,0.919547,-1.3e-05,3.4e-05,3e-05,-1.2e-05,-5e-06,-5e-06,-0.862356
824,0.287298,0.032156,0.335402,-0.876717,0.448184,-0.174766,-0.478195,-0.772111,0.418506,0.053717,0.449921,0.891466,0.00224,-0.011748,0.007419,-0.035275,0.004231,-0.02256,-1.909682,-0.153765,0.024433,0.321701,0.89246,-0.156741,0.423011,-0.144347,0.788985,0.59716,-0.428463,-0.593799,0.680944,6.6e-05,-0.001127,-0.000953,-0.0,0.0,0.0,-0.023631,0.017668,0.030451,-0.02026,-0.885845,0.116377,0.449148,0.180985,-0.804681,0.565449,0.427226,0.582189,0.69176,0.006689,-0.000127,-0.00075,0.002011,-0.015243,0.029215,-0.204074,0.180865,0.040534,-0.073355,-0.935637,0.298998,-0.187567,-0.34779,-0.871608,0.345456,-0.060195,0.388456,0.919498,0.001131,-0.005914,0.003679,-0.035294,0.004238,-0.022573,-0.861867
825,0.286988,0.032084,0.335238,-0.876898,0.447979,-0.174383,-0.477854,-0.772416,0.41833,0.053795,0.449601,0.891623,-0.012041,-0.005992,-0.00348,-0.000984,0.014715,-0.029553,-1.909801,-0.153674,0.024409,0.321659,0.891092,-0.156191,0.426087,-0.146359,0.789635,0.59581,-0.430626,-0.593081,0.680205,5.9e-05,-0.000998,-0.000844,0.11314,0.687752,-0.746745,-0.018992,0.017709,0.030439,-0.020281,-0.885696,0.116277,0.449466,0.181239,-0.804713,0.56532,0.427426,0.582164,0.691658,4.5e-05,-0.000724,-0.000614,-2.8e-05,-1.4e-05,-2.9e-05,-0.202605,0.18072,0.0405,-0.07343,-0.935782,0.298753,-0.187234,-0.347421,-0.871819,0.345296,-0.060076,0.388171,0.919626,-0.005815,-0.003639,-0.002269,0.00885,-0.077184,0.113223,-0.8635
826,0.286156,0.032019,0.334754,-0.877073,0.447803,-0.173956,-0.477562,-0.77308,0.417438,0.053536,0.448638,0.892124,-0.025957,-0.001382,-0.015347,0.043197,-0.066956,0.106061,-1.90903,-0.153386,0.02446,0.321674,0.889584,-0.158305,0.428452,-0.146903,0.788833,0.596738,-0.433554,-0.593583,0.677903,0.013202,0.002714,0.001005,-0.190121,0.176601,0.17716,-0.016357,0.017853,0.03046,-0.020277,-0.883074,0.116857,0.454449,0.18386,-0.804878,0.564239,0.431712,0.58182,0.689281,0.00659,0.00154,0.000653,-0.352113,0.366485,0.101025,-0.199012,0.180303,0.04047,-0.07367,-0.935979,0.298452,-0.186728,-0.346883,-0.872385,0.344406,-0.06011,0.38713,0.920063,-0.013013,-0.000558,-0.007551,0.031684,0.040697,-0.060758,-0.865132
827,0.285095,0.032107,0.334095,-0.877379,0.447529,-0.173116,-0.47703,-0.774162,0.416038,0.053258,0.447044,0.89294,-0.039083,-0.003946,-0.016029,0.030699,0.05532,-0.090374,-1.909276,-0.153028,0.024496,0.321669,0.886386,-0.157495,0.435324,-0.150911,0.790493,0.593533,-0.438704,-0.59159,0.67633,5e-05,-0.000819,-0.000693,0.00332,0.015563,-0.015743,0.006958,0.018037,0.030485,-0.020274,-0.879452,0.11691,0.461406,0.187519,-0.805874,0.561607,0.437493,0.580429,0.686805,0.006684,-1.3e-05,-0.000663,0.015481,0.033394,-0.022813,-0.185786,0.179778,0.040511,-0.074002,-0.936205,0.298162,-0.186057,-0.346254,-0.873215,0.342932,-0.060219,0.385478,0.920749,-0.014127,0.005378,-0.01121,0.068663,0.020529,-0.014207,-0.866112
828,0.284528,0.032181,0.333743,-0.879267,0.442856,-0.175534,-0.473903,-0.775338,0.417419,0.049849,0.449654,0.891825,-0.039152,-0.003707,-0.015846,-0.108252,-0.31234,-0.319136,-1.90996,-0.152847,0.024498,0.321653,0.884711,-0.15944,0.438015,-0.151796,0.789726,0.594326,-0.441775,-0.592089,0.67389,0.01333,0.000595,-0.000792,-0.187735,0.382331,0.027467,0.02038,0.018122,0.030484,-0.020283,-0.878161,0.117613,0.463679,0.18859,-0.805676,0.561532,0.439619,0.580561,0.685334,0.00667,0.000218,-0.000469,-0.280454,0.968167,-0.365344,-0.171416,0.179495,0.040547,-0.074179,-0.936841,0.294969,-0.18794,-0.344069,-0.873744,0.343782,-0.062807,0.386733,0.920049,-0.013159,-6.5e-05,-0.007156,-0.220955,-0.537787,-0.294713,-0.866439
829,0.283448,0.032339,0.332989,-0.884472,0.429061,-0.183468,-0.465087,-0.778062,0.422239,0.039514,0.45825,0.88796,-0.025528,-0.002764,-0.016553,-0.114841,-0.34521,-0.301906,-1.909848,-0.15248,0.024528,0.321564,0.881563,-0.163526,0.442829,-0.153048,0.788216,0.596009,-0.447607,-0.592981,0.669241,0.01337,-1e-05,-0.001308,-0.052603,0.038975,0.071089,0.042301,0.018306,0.030498,-0.020328,-0.874571,0.122917,0.469058,0.189784,-0.803397,0.564388,0.446213,0.582618,0.6793,-0.000548,0.005065,-0.004364,0.004459,0.034049,0.062427,-0.142351,0.178949,0.040629,-0.074553,-0.939219,0.280585,-0.197831,-0.335008,-0.875028,0.34942,-0.075066,0.394457,0.915842,-0.013748,0.00421,-0.01219,-0.125988,-0.453001,-0.328857,-0.866602
830,0.282483,0.032481,0.332145,-0.893593,0.403176,-0.197448,-0.448509,-0.781988,0.432788,0.021196,0.474788,0.87986,-0.027198,0.007374,-0.025306,-0.245706,-0.779767,-0.550434,-1.909303,-0.152116,0.024682,0.321384,0.876157,-0.171777,0.450372,-0.154515,0.784765,0.60017,-0.457623,-0.595209,0.660432,0.012175,0.011555,-0.008809,-0.250206,0.320591,0.222206,0.066322,0.018488,0.03057,-0.020416,-0.869546,0.129774,0.476495,0.191486,-0.800776,0.567529,0.455217,0.584735,0.671462,0.006693,-0.000114,-0.000755,-0.457777,0.594072,0.154803,-0.115244,0.178467,0.040695,-0.074973,-0.942936,0.255955,-0.212974,-0.319255,-0.876667,0.359903,-0.094589,0.407358,0.908356,-0.006065,-0.000523,-0.008284,-0.324161,-0.802163,-0.813977,-0.863989
831,0.281972,0.032538,0.33167,-0.898484,0.388608,-0.204342,-0.438969,-0.784049,0.4388,0.011422,0.483467,0.875303,-0.024929,-0.004792,-0.018293,-0.250691,-0.551197,-0.667578,-1.91008,-0.151893,0.024851,0.321231,0.872965,-0.175841,0.454976,-0.155628,0.783421,0.601636,-0.463318,-0.595787,0.655926,0.012223,0.010738,-0.009501,0.041005,2.214475,-1.66542,0.085006,0.018604,0.030661,-0.020494,-0.866756,0.133985,0.480397,0.192036,-0.799307,0.569411,0.460278,0.585795,0.667074,0.00612,0.005312,-0.004808,-0.1005,2.288363,-1.614474,-0.09418,0.178221,0.040726,-0.075203,-0.944917,0.241143,-0.221316,-0.309715,-0.877443,0.366291,-0.105864,0.41466,0.903797,-0.012335,-0.002766,-0.00944,-0.308107,-0.891814,-0.685934,-0.860723
832,0.280783,0.032616,0.33072,-0.903895,0.366994,-0.219851,-0.427741,-0.786188,0.446002,-0.008043,0.496718,0.867891,-0.039646,0.002579,-0.027917,-0.150106,-0.361096,-0.562956,-1.909246,-0.151079,0.025389,0.32068,0.863945,-0.185893,0.46801,-0.15918,0.780731,0.604197,-0.478782,-0.596251,0.644294,0.02577,0.00782,-0.013294,-0.382679,0.402601,0.357668,0.11026,0.019001,0.030932,-0.02076,-0.857356,0.143184,0.494406,0.196262,-0.797025,0.571166,0.475837,0.586726,0.655233,0.012275,0.009814,-0.010299,-0.369354,0.467612,0.389549,-0.055806,0.177622,0.040764,-0.075685,-0.946062,0.21822,-0.239467,-0.297385,-0.8782,0.374601,-0.128555,0.42561,0.895728,-0.019737,0.001063,-0.014134,-0.177274,-0.546568,-0.489664,-0.862356
833,0.279143,0.03267,0.329669,-0.910381,0.339195,-0.237061,-0.412365,-0.792091,0.450021,-0.034,0.50702,0.861279,-0.039902,0.003449,-0.027243,-0.206915,-0.677425,-0.511254,-1.909729,-0.149642,0.026032,0.319686,0.848752,-0.204354,0.4877,-0.164287,0.774583,0.610709,-0.503621,-0.598199,0.623208,0.051715,0.013271,-0.028679,-0.505778,1.03688,0.164048,0.134807,0.019728,0.031264,-0.021256,-0.842317,0.161441,0.514235,0.201338,-0.790772,0.57805,0.499964,0.590437,0.633577,0.025897,0.006242,-0.014698,-0.441121,1.056711,0.097317,-0.020536,0.176803,0.040788,-0.076213,-0.946986,0.191781,-0.257753,-0.281554,-0.881822,0.378307,-0.154741,0.430823,0.88907,-0.026381,7.6e-05,-0.014266,-0.179354,-0.639386,-0.770613,-0.858601
834,0.278115,0.032711,0.329118,-0.911294,0.331502,-0.244328,-0.409501,-0.792585,0.451764,-0.042759,0.511325,0.858338,-0.05325,0.00172,-0.027291,1.680543,-1.848345,0.820135,-1.909697,-0.148725,0.026283,0.31901,0.842154,-0.212393,0.495638,-0.169637,0.767968,0.617561,-0.512847,-0.603886,0.610059,0.052157,0.007793,-0.033437,-0.72216,2.125004,-1.515818,0.145429,0.020167,0.03139,-0.021578,-0.837112,0.169518,0.520102,0.205008,-0.784261,0.58558,0.507163,0.596822,0.621762,0.025524,0.008958,-0.021085,-1.149104,-0.821,-0.288347,-0.00535,0.176294,0.040808,-0.07649,-0.946922,0.182601,-0.264563,-0.276953,-0.881236,0.383039,-0.1632,0.43598,0.885034,-0.027573,0.006513,-0.01748,-0.083629,-0.411768,-0.400256,-0.861703
835,0.275939,0.032861,0.328068,-0.914987,0.308313,-0.260361,-0.398098,-0.795474,0.456849,-0.065122,0.521273,0.850918,-0.053962,0.004369,-0.025133,-0.190988,-0.578853,-0.469561,-1.908645,-0.146232,0.026611,0.317319,0.833714,-0.217678,0.507473,-0.187185,0.753024,0.630754,-0.520476,-0.620578,0.586388,0.065097,0.011393,-0.049413,-0.474731,0.333749,0.884052,0.16455,0.021408,0.031552,-0.022417,-0.82684,0.174528,0.534673,0.224455,-0.769263,0.598208,0.515709,0.614633,0.596883,0.039934,-0.000273,-0.021887,-0.530077,0.834808,0.438683,0.021756,0.175187,0.040881,-0.077027,-0.945255,0.161199,-0.283738,-0.266485,-0.883154,0.386035,-0.188356,0.440513,0.877763,-0.026973,0.00223,-0.012499,-0.223262,-0.60017,-0.477264,-0.855008
836,0.273441,0.03303,0.327026,-0.916158,0.287873,-0.278977,-0.390896,-0.795994,0.462131,-0.087893,0.532074,0.842139,-0.06713,0.002338,-0.025536,-0.217345,-0.925402,-0.782434,-1.908647,-0.14314,0.026752,0.315296,0.823665,-0.212991,0.525549,-0.214721,0.740459,0.636827,-0.525809,-0.637102,0.563462,0.079454,0.005077,-0.056886,-0.432523,0.266157,0.797394,0.208485,0.022978,0.031626,-0.023448,-0.816209,0.170094,0.55215,0.251263,-0.756069,0.604338,0.520258,0.632002,0.574372,0.039789,0.002129,-0.028856,-0.323184,0.196833,0.763747,0.063722,0.173962,0.040967,-0.077537,-0.942147,0.144387,-0.302508,-0.260735,-0.882831,0.390672,-0.210656,0.446945,0.869404,-0.03363,0.001475,-0.012476,0.36784,-1.047938,-0.032495,-0.851253
837,0.270903,0.033133,0.3262,-0.919616,0.253764,-0.299924,-0.373747,-0.800497,0.468495,-0.12006,0.542612,0.831375,-0.066382,-0.004615,-0.014274,-0.327248,-0.595845,-0.789227,-1.908755,-0.139872,0.026546,0.313058,0.806394,-0.209307,0.553092,-0.242921,0.735312,0.632645,-0.540111,-0.644246,0.541378,0.082072,-0.01314,-0.056214,-0.172482,1.838987,-1.719403,0.244348,0.024582,0.031526,-0.024547,-0.799501,0.167288,0.576898,0.277428,-0.749013,0.601674,0.532758,0.641087,0.552427,0.041127,-0.007237,-0.028749,-0.314335,-0.058935,0.51694,0.119241,0.17267,0.041015,-0.077963,-0.938639,0.109803,-0.326954,-0.242306,-0.884554,0.398561,-0.245446,0.453328,0.856883,-0.033215,-0.00216,-0.006979,-0.361009,-0.614595,-0.803905,-0.853212
838,0.269589,0.03309,0.325925,-0.917758,0.245897,-0.31193,-0.373537,-0.801425,0.467077,-0.133997,0.544871,0.827761,-0.066916,-0.002438,-0.012495,1.369731,-1.932728,0.983782,-1.908736,-0.138237,0.026298,0.311879,0.802816,-0.208549,0.558557,-0.249936,0.732658,0.632992,-0.542235,-0.647508,0.53533,0.082732,-0.015918,-0.059225,-0.378523,0.453622,0.192506,0.249999,0.025398,0.031402,-0.025136,-0.794704,0.164607,0.584251,0.285775,-0.747716,0.599375,0.535515,0.643291,0.547173,0.041402,-0.008082,-0.029766,0.113229,-0.041625,0.077875,0.136713,0.172057,0.040998,-0.078095,-0.935711,0.10218,-0.337643,-0.240605,-0.884811,0.39902,-0.257978,0.454606,0.852513,-0.033469,-0.001133,-0.00614,-0.247746,-0.381008,-0.663913,-0.854192
839,0.267104,0.032754,0.325717,-0.916756,0.225971,-0.329453,-0.365664,-0.806863,0.463932,-0.159851,0.545497,0.822743,-0.064234,-0.021528,0.005736,0.318773,-0.503084,0.056428,-1.908757,-0.134862,0.025779,0.309579,0.804223,-0.194203,0.561696,-0.267667,0.725302,0.634213,-0.531561,-0.660142,0.530583,0.083134,-0.012781,-0.057428,0.01363,0.140846,-0.059518,0.260347,0.027119,0.031124,-0.026319,-0.795261,0.151981,0.586907,0.303293,-0.738493,0.602196,0.524949,0.656909,0.5412,0.041597,-0.006355,-0.028741,0.052682,0.118293,-0.07893,0.152879,0.170794,0.040832,-0.078208,-0.930006,0.083211,-0.357999,-0.231565,-0.889057,0.39491,-0.285421,0.450169,0.846098,-0.032909,-0.005405,-0.001196,1.429627,-1.650332,1.130162,-0.852069
840,0.264265,0.032102,0.325781,-0.914208,0.208398,-0.347619,-0.359839,-0.812091,0.459342,-0.185438,0.544758,0.81785,-0.077336,-0.023986,0.004827,-0.22893,-0.273454,-0.598617,-1.908709,-0.131283,0.025283,0.307592,0.799232,-0.180936,0.573134,-0.291674,0.716844,0.633242,-0.526414,-0.673038,0.519396,0.098029,-0.015685,-0.044673,-0.353756,0.370637,0.222751,0.292493,0.028909,0.030868,-0.02732,-0.789853,0.136997,0.597799,0.327147,-0.730359,0.599625,0.518754,0.669184,0.532058,0.049029,-0.007685,-0.022257,-0.514835,0.459603,0.310878,0.184394,0.169378,0.040514,-0.078171,-0.923711,0.069747,-0.376684,-0.225864,-0.893358,0.388453,-0.30942,0.443898,0.840959,-0.039612,-0.005964,-0.001084,-0.250605,-0.569237,-0.531596,-0.848477
841,0.261203,0.031347,0.325813,-0.909711,0.20162,-0.36307,-0.361605,-0.814557,0.453554,-0.203166,0.543637,0.814377,-0.07891,-0.013142,-0.003446,-0.262067,-0.529757,-0.501389,-1.908479,-0.127699,0.024665,0.306003,0.794404,-0.156049,0.586995,-0.326448,0.705104,0.629439,-0.5131,-0.691445,0.508425,0.098022,-0.010027,-0.040216,-0.327043,-0.196191,-0.241836,0.330607,0.030665,0.030562,-0.0281,-0.783732,0.113565,0.610627,0.36112,-0.716567,0.59676,0.505327,0.68821,0.520587,0.043059,-0.011685,-0.016456,-1.030836,-0.936298,-0.889519,0.234687,0.167818,0.040129,-0.078151,-0.917748,0.06546,-0.39173,-0.227014,-0.895776,0.382162,-0.325886,0.439657,0.836958,-0.039452,-0.006585,-0.001696,-0.244594,-0.489488,-0.501473,-0.852069
842,0.25963,0.031039,0.325798,-0.908138,0.195649,-0.370207,-0.359959,-0.816515,0.451338,-0.212849,0.542889,0.812401,-0.079023,-0.012582,-0.003069,-0.204121,-0.168825,-0.572224,-1.908543,-0.12593,0.024264,0.305356,0.792058,-0.148506,0.592099,-0.338577,0.700034,0.62869,-0.508835,-0.698233,0.50341,0.086262,-0.022088,-0.031981,-0.151474,0.038731,-0.119209,0.335258,0.031553,0.030368,-0.028425,-0.781169,0.105612,0.61532,0.373262,-0.711032,0.595908,0.500448,0.695182,0.516016,0.043128,-0.010859,-0.015878,-0.352655,-0.081827,-0.464904,0.25216,0.167061,0.039979,-0.078158,-0.914602,0.059887,-0.399893,-0.225061,-0.897016,0.380404,-0.33593,0.437919,0.833892,-0.045278,-0.013031,0.002066,-0.346688,-0.396236,-0.510342,-0.851906
843,0.256186,0.03042,0.325658,-0.903558,0.18424,-0.38689,-0.359443,-0.817457,0.45004,-0.23223,0.545469,0.805332,-0.091829,-0.0162,-0.005101,-0.300721,-0.475967,-0.556882,-1.908642,-0.122502,0.023424,0.304173,0.788288,-0.13619,0.600039,-0.357235,0.692522,0.626683,-0.501864,-0.708178,0.496468,0.086518,-0.019174,-0.029908,-0.029879,0.208727,-0.238564,0.340795,0.033267,0.029948,-0.029016,-0.777018,0.092881,0.622587,0.391594,-0.703048,0.593613,0.492844,0.70505,0.50991,0.043221,-0.00922,-0.014659,-0.003421,0.086897,-0.083286,0.268489,0.165343,0.039674,-0.078226,-0.907697,0.051647,-0.416433,-0.224748,-0.897889,0.378525,-0.354361,0.437179,0.82662,-0.045884,-0.008224,-0.002616,-0.309188,-0.574146,-0.592378,-0.852232
844,0.252665,0.029802,0.325426,-0.896359,0.176104,-0.406905,-0.362557,-0.819443,0.443889,-0.254153,0.545188,0.798876,-0.091792,-0.01641,-0.00552,0.279995,-0.621435,0.171164,-1.908637,-0.119245,0.022772,0.30314,0.788476,-0.117771,0.603678,-0.376392,0.683676,0.62518,-0.487324,-0.719999,0.493943,0.086143,-0.013173,-0.024669,-0.017871,0.019765,-0.003843,0.352318,0.034897,0.029616,-0.029538,-0.776524,0.074226,0.625699,0.410576,-0.693657,0.591832,0.47795,0.716469,0.508166,0.043071,-0.006461,-0.012275,-0.049223,-0.005839,-0.030939,0.279756,0.163583,0.039364,-0.078342,-0.898341,0.04418,-0.43707,-0.226245,-0.899364,0.374106,-0.376558,0.43496,0.817932,-0.045845,-0.008408,-0.00289,1.184419,-1.752086,1.140361,-0.852722
845,0.250799,0.029509,0.325323,-0.892302,0.165753,-0.419963,-0.360662,-0.821283,0.44203,-0.270534,0.545678,0.793142,-0.092077,-0.014989,-0.004456,0.903986,-2.226308,0.909257,-1.908401,-0.117719,0.022511,0.302701,0.790189,-0.108839,0.603114,-0.383966,0.678906,0.625772,-0.478545,-0.725905,0.493883,0.073994,-0.023847,-0.014767,-0.050805,-0.083764,0.105866,0.359269,0.035664,0.029489,-0.029763,-0.777896,0.065254,0.624994,0.418126,-0.688709,0.592325,0.46909,0.722095,0.50846,0.04301,-0.005356,-0.011318,-0.021466,-0.531885,0.630953,0.28841,0.162616,0.039209,-0.078398,-0.892519,0.037319,-0.449462,-0.224502,-0.901091,0.370989,-0.391162,0.43202,0.812619,-0.04604,-0.00748,-0.002173,0.943789,-2.160566,0.905049,-0.853049
846,0.246779,0.028817,0.32516,-0.882312,0.144799,-0.447889,-0.357297,-0.825514,0.43685,-0.305389,0.545283,0.780661,-0.105239,-0.017137,-0.005415,-0.173199,-0.388363,-0.532642,-1.908243,-0.114835,0.022111,0.301994,0.793322,-0.088798,0.602284,-0.39924,0.670792,0.624964,-0.460486,-0.73613,0.495912,0.073419,-0.018204,-0.00956,-0.031234,-0.034905,0.080033,0.374793,0.037107,0.029287,-0.030118,-0.780528,0.045094,0.623491,0.433155,-0.680126,0.591442,0.450723,0.731706,0.511325,0.03579,-0.003142,-0.008316,-0.015296,0.078102,-0.060884,0.309964,0.160679,0.038881,-0.078477,-0.877526,0.020451,-0.479091,-0.220803,-0.904105,0.36584,-0.425667,0.426819,0.797892,-0.052575,-0.008803,-0.002856,0.747898,-2.304892,0.88385,-0.853049
847,0.242812,0.02817,0.324968,-0.871246,0.120898,-0.475773,-0.352187,-0.829135,0.434132,-0.340914,0.545643,0.765558,-0.105286,-0.017029,-0.005636,0.763985,-2.039522,0.805597,-1.908558,-0.112253,0.021873,0.301492,0.794822,-0.080329,0.601496,-0.40622,0.665726,0.625881,-0.451692,-0.741691,0.495714,0.057228,-0.003767,-0.012196,0.003311,-0.027227,0.070406,0.377364,0.038426,0.029162,-0.030373,-0.781832,0.036687,0.622408,0.439976,-0.674851,0.592449,0.441769,0.73704,0.511479,0.028573,-0.001574,-0.005838,0.00407,-0.026219,0.070846,0.323028,0.158662,0.038548,-0.078572,-0.862524,0.000353,-0.506015,-0.214056,-0.906372,0.364235,-0.45851,0.422477,0.781844,-0.052744,-0.007906,-0.002257,-0.328464,-0.383117,-0.770227,-0.851906
848,0.240798,0.027916,0.324868,-0.866951,0.111906,-0.485714,-0.349423,-0.831402,0.432024,-0.354403,0.544121,0.760498,-0.106995,-0.003266,-0.011475,-0.25627,-0.177759,-0.791214,-1.908489,-0.111109,0.021822,0.301312,0.795764,-0.080874,0.600176,-0.404968,0.665604,0.626823,-0.451159,-0.741741,0.496125,0.056827,-0.001223,-0.009732,0.003289,-0.027234,0.070403,0.377046,0.038998,0.029137,-0.030462,-0.782818,0.037268,0.621133,0.43873,-0.674807,0.593422,0.441261,0.737051,0.511901,0.028366,-0.000288,-0.004587,0.003981,-0.026577,0.070898,0.324497,0.157656,0.038413,-0.078622,-0.855089,-0.006379,-0.51844,-0.211636,-0.908535,0.36024,-0.47332,0.417758,0.775529,-0.052838,-0.007364,-0.001882,-0.193754,-0.281802,-0.731274,-0.843905
849,0.236564,0.02734,0.324763,-0.855685,0.099642,-0.507859,-0.347802,-0.837411,0.421602,-0.382217,0.537264,0.751854,-0.105806,-0.013855,-0.003471,-0.055174,-0.010286,-0.523219,-1.908333,-0.108946,0.021887,0.301145,0.79948,-0.067827,0.596844,-0.413654,0.658095,0.629076,-0.436439,-0.749722,0.497294,0.055581,0.005623,-0.00296,-3.292759,-3.520638,-2.654618,0.371863,0.040059,0.029165,-0.030547,-0.785923,0.028965,0.617644,0.443472,-0.669679,0.595702,0.430879,0.742084,0.513472,0.027666,0.003494,-0.000831,0.008852,-0.060048,0.117301,0.321558,0.155538,0.038131,-0.078676,-0.840741,-0.016036,-0.541199,-0.208211,-0.913122,0.350508,-0.499802,0.40737,0.764361,-0.059514,-0.007833,-0.001938,0.165973,-0.457056,-0.167805,-0.84815
850,0.232024,0.026616,0.324698,-0.840607,0.081379,-0.535539,-0.346306,-0.840981,0.415685,-0.415508,0.534783,0.735789,-0.119232,-0.01442,-0.003331,-0.142175,-0.247449,-0.453193,-1.908372,-0.107101,0.02223,0.301182,0.802008,-0.068892,0.593319,-0.410348,0.658051,0.631282,-0.434919,-0.749662,0.498714,0.040646,0.009334,0.002889,0.006134,-0.045616,0.087736,0.369455,0.040987,0.029336,-0.03053,-0.788849,0.025357,0.614062,0.444038,-0.667267,0.597983,0.424907,0.744386,0.515114,0.020223,0.005191,0.00194,0.006699,-0.045113,0.088139,0.317639,0.153273,0.037768,-0.07871,-0.821675,-0.029248,-0.569205,-0.206114,-0.915844,0.344596,-0.531382,0.400467,0.746497,-0.059615,-0.007251,-0.001643,0.05962,-0.657156,-0.211411,-0.842762
851,0.227033,0.02573,0.324683,-0.822703,0.056193,-0.565727,-0.343818,-0.8417,0.416296,-0.45176,0.536921,0.712499,-0.132507,-0.016546,-0.004625,0.408358,-2.531438,1.047393,-1.908238,-0.105604,0.022652,0.301404,0.805166,-0.060277,0.589971,-0.415057,0.653073,0.63337,-0.42447,-0.754751,0.500039,0.026148,0.010601,0.006321,0.00421,-0.04974,0.07977,0.363742,0.041726,0.029543,-0.030421,-0.791798,0.016769,0.610552,0.448706,-0.662228,0.600096,0.414388,0.749114,0.516827,0.013139,0.005026,0.002852,-0.02196,-0.058009,0.035622,0.31274,0.150832,0.037339,-0.078716,-0.80102,-0.047214,-0.596771,-0.203048,-0.91636,0.345042,-0.563149,0.397559,0.724437,-0.065746,-0.013768,0.001761,0.504618,-2.115566,1.056656,-0.846681
852,0.224567,0.025317,0.324704,-0.815926,0.047709,-0.576224,-0.342544,-0.842776,0.415168,-0.46481,0.536065,0.704708,-0.145054,-0.027265,0.004284,-0.054591,-0.576129,-0.302357,-1.908442,-0.104995,0.02284,0.301535,0.806105,-0.060626,0.588652,-0.413875,0.653006,0.634212,-0.423843,-0.75478,0.500527,0.026311,0.009751,0.00544,0.004089,-0.030411,0.058491,0.358599,0.042034,0.029644,-0.03035,-0.7928,0.017145,0.609239,0.447515,-0.662228,0.600985,0.413759,0.749105,0.517342,0.013088,0.00521,0.003032,0.004575,-0.029901,0.058784,0.308005,0.1495,0.037112,-0.078709,-0.790087,-0.055392,-0.610486,-0.201815,-0.916882,0.344379,-0.57882,0.395295,0.713238,-0.072543,-0.013612,0.002207,-0.032601,-0.612194,-0.267008,-0.843578
853,0.2194,0.024592,0.32469,-0.800806,0.033719,-0.598011,-0.341649,-0.845795,0.409729,-0.490987,0.532378,0.689588,-0.132907,-0.014231,-0.003439,0.744326,-1.613184,1.178051,-1.908451,-0.104009,0.023135,0.301838,0.811606,-0.056547,0.581455,-0.411923,0.650158,0.638396,-0.415144,-0.757556,0.503615,0.012473,0.00794,0.005802,0.067738,-1.779814,2.191614,0.341847,0.042547,0.0298,-0.030193,-0.797905,0.013162,0.602639,0.446043,-0.659584,0.604974,0.405454,0.751515,0.520415,0.006234,0.003979,0.00289,0.068391,-1.778583,2.190867,0.291349,0.146966,0.036758,-0.078713,-0.772993,-0.066084,-0.630961,-0.199494,-0.918787,0.340631,-0.60223,0.389179,0.697034,-0.066437,-0.007347,-0.001845,-0.04123,0.31063,-0.655193,-0.844395
854,0.214429,0.023865,0.324616,-0.788007,0.026155,-0.615147,-0.343378,-0.847978,0.403728,-0.510096,0.529332,0.677965,-0.118693,-0.026585,0.002187,-0.019844,-0.655179,0.0891,-1.908947,-0.10317,0.023236,0.302228,0.817906,-0.052203,0.572971,-0.40928,0.646905,0.64338,-0.40526,-0.760651,0.506989,0.028218,-0.001566,0.012912,-0.112119,-0.27664,0.155629,0.319479,0.042955,0.029853,-0.030001,-0.804696,0.009084,0.593616,0.442893,-0.656676,0.610426,0.395359,0.754117,0.524401,0.006185,0.004148,0.003054,-0.262796,-0.935459,0.505086,0.262284,0.144475,0.036402,-0.078749,-0.758273,-0.068163,-0.648363,-0.200904,-0.921686,0.331859,-0.620208,0.381899,0.685196,-0.059781,-0.00744,-0.00256,0.431889,-2.244388,1.496022,-0.846681
855,0.21218,0.023544,0.324536,-0.782989,0.036114,-0.621023,-0.355699,-0.845019,0.399241,-0.509388,0.53345,0.675264,-0.106313,-0.013983,-0.005488,0.00715,-0.106433,0.084186,-1.909118,-0.102696,0.023213,0.302471,0.819247,-0.042668,0.571843,-0.41618,0.641557,0.644308,-0.395379,-0.76577,0.507085,0.028239,-0.001656,0.012807,-0.977939,-1.108486,-0.778777,0.316275,0.043182,0.029843,-0.029884,-0.805747,0.004277,0.592243,0.445944,-0.653675,0.611426,0.38975,0.756763,0.52479,0.014117,-0.000827,0.006386,-0.029395,-0.038212,0.060446,0.252649,0.143346,0.036236,-0.078787,-0.754117,-0.057932,-0.654179,-0.21355,-0.920339,0.327676,-0.62105,0.386805,0.681672,-0.053166,-0.006807,-0.002515,0.022328,-0.000636,-0.035876,-0.850273
856,0.208355,0.023114,0.324385,-0.778091,0.04198,-0.626783,-0.364036,-0.843297,0.395349,-0.511004,0.535733,0.672229,-0.093311,-0.009579,-0.00285,0.007891,-0.120069,0.122142,-1.910367,-0.101735,0.023055,0.302927,0.820573,-0.035877,0.570407,-0.419564,0.639651,0.644008,-0.388986,-0.767719,0.509078,0.015021,-0.006077,0.010573,-0.033546,-0.009086,0.008745,0.321606,0.043678,0.029766,-0.029648,-0.807084,-0.007425,0.590389,0.452979,-0.64915,0.611074,0.378714,0.760623,0.527283,0.014285,-0.001557,0.005635,-0.039188,-0.034356,0.066797,0.248241,0.141429,0.036013,-0.078868,-0.750341,-0.05078,-0.659096,-0.221868,-0.919864,0.323453,-0.622705,0.388933,0.678946,-0.039957,-0.0046,-0.001568,0.007259,-0.117407,0.128279,-0.85011
857,0.205287,0.022757,0.324257,-0.773474,0.044002,-0.632335,-0.368199,-0.843229,0.39162,-0.515013,0.535674,0.66921,-0.066612,-0.008756,-0.003789,0.008416,-0.133358,0.157413,-1.909629,-0.10071,0.022794,0.303387,0.822119,-0.026948,0.568669,-0.423086,0.639205,0.642144,-0.381822,-0.768468,0.513353,0.030796,-0.015322,0.017935,0.184051,-0.217395,-0.151826,0.323152,0.044184,0.029638,-0.029423,-0.80843,-0.015216,0.588395,0.456228,-0.647803,0.610086,0.371881,0.761654,0.530646,0.01433,-0.00172,0.005462,0.410724,-0.358215,-0.208089,0.252323,0.139885,0.035838,-0.078928,-0.745983,-0.047587,-0.664262,-0.225847,-0.920257,0.319559,-0.626499,0.388408,0.675749,-0.040008,-0.004449,-0.00155,0.008025,-0.134585,0.152203,-0.844884
858,0.20287,0.022386,0.324128,-0.767164,0.044192,-0.639962,-0.372779,-0.842611,0.388605,-0.521116,0.53663,0.663697,-0.053289,-0.008521,-0.004401,-0.077077,-0.130773,-0.037943,-1.909651,-0.099468,0.022665,0.303896,0.822142,-0.023013,0.56881,-0.424191,0.641356,0.639264,-0.380542,-0.766807,0.516775,0.027947,-0.000248,0.014138,-0.006016,-0.059209,0.04593,0.324446,0.044808,0.029561,-0.029173,-0.808291,-0.020519,0.588424,0.457579,-0.650809,0.60586,0.370521,0.758963,0.535432,0.013992,-0.000216,0.006956,-0.046843,-0.037662,0.06601,0.253629,0.138672,0.035653,-0.078991,-0.739456,-0.04559,-0.671659,-0.230524,-0.920239,0.316256,-0.632505,0.388691,0.669967,-0.026652,-0.004051,-0.00198,-0.094573,-0.281706,0.130477,-0.852233
859,0.201893,0.022188,0.324052,-0.763499,0.045685,-0.644227,-0.375585,-0.842899,0.385265,-0.524472,0.536051,0.661518,-0.039913,-0.008389,-0.005008,0.241908,-0.613525,0.612033,-1.910005,-0.098816,0.022698,0.304218,0.821356,-0.018944,0.570094,-0.425978,0.644079,0.635327,-0.380241,-0.76464,0.520198,0.027407,0.002034,0.01641,0.091265,-0.13572,-0.018901,0.325153,0.045135,0.029576,-0.029014,-0.807352,-0.024347,0.589567,0.459288,-0.653208,0.601973,0.370454,0.756786,0.538552,0.020458,0.002584,0.008617,0.105324,-0.165519,0.002938,0.254935,0.138178,0.035554,-0.079028,-0.736461,-0.043695,-0.675066,-0.23276,-0.920613,0.313517,-0.635174,0.388022,0.667825,-0.026637,-0.004407,-0.002309,0.820975,-2.023673,2.084022,-0.846354
860,0.200126,0.021813,0.323828,-0.751649,0.040705,-0.658341,-0.38205,-0.840499,0.38415,-0.536768,0.54021,0.648136,-0.039911,-0.010461,-0.006813,-0.313147,-0.51044,-0.159736,-1.910043,-0.097521,0.022979,0.305098,0.81988,-0.012978,0.57238,-0.429004,0.647879,0.629398,-0.380019,-0.761555,0.524863,0.025623,0.009335,0.023648,0.0445,-0.113261,0.037736,0.331001,0.045768,0.029709,-0.028593,-0.805684,-0.030463,0.59156,0.462255,-0.65681,0.595751,0.370395,0.75344,0.543263,0.012782,0.004762,0.0119,0.047478,-0.122322,0.032824,0.259671,0.137294,0.035369,-0.079138,-0.723612,-0.043656,-0.688824,-0.239758,-0.919951,0.31017,-0.647226,0.389594,0.65522,-0.026963,0.000138,-0.007188,-0.247135,-0.787483,0.094127,-0.844885
861,0.198468,0.021361,0.323492,-0.733663,0.031449,-0.678818,-0.387178,-0.840286,0.379453,-0.557561,0.541171,0.629513,-0.039936,-0.012691,-0.008768,0.4629,-2.368689,1.900582,-1.910078,-0.096368,0.023476,0.306203,0.821422,-0.009112,0.570241,-0.428362,0.65001,0.627636,-0.377402,-0.759799,0.52928,0.02388,0.016144,0.030284,0.035364,-0.120482,0.069183,0.337417,0.04637,0.029961,-0.028021,-0.807187,-0.034338,0.589295,0.46166,-0.65884,0.593968,0.367856,0.751498,0.54766,0.011845,0.008408,0.015456,0.004583,-0.102682,0.084003,0.266692,0.136465,0.035143,-0.079306,-0.705083,-0.050021,-0.707357,-0.243752,-0.91963,0.308,-0.665914,0.389585,0.636223,-0.026662,-0.006971,-0.004564,-0.436325,-0.671769,-0.155356,-0.847171
862,0.197507,0.021101,0.323306,-0.722452,0.022836,-0.691077,-0.384181,-0.844254,0.373648,-0.574018,0.535408,0.619571,-0.05345,-0.012742,-0.008222,0.29944,-0.594596,0.031322,-1.909816,-0.095862,0.023832,0.306866,0.821939,-0.007128,0.569523,-0.428357,0.651052,0.626559,-0.376276,-0.758931,0.531322,0.022999,0.019479,0.033472,0.115164,-0.082169,-0.156603,0.342962,0.046606,0.030123,-0.027715,-0.807637,-0.035573,0.588604,0.461573,-0.659334,0.593488,0.366975,0.751008,0.548922,0.011557,0.009452,0.016439,0.266862,-0.285909,-0.069558,0.272244,0.13601,0.035015,-0.079398,-0.69011,-0.054721,-0.721632,-0.242264,-0.922139,0.301607,-0.681949,0.382968,0.62312,-0.020143,-0.006568,-0.004609,4.007227,-3.045784,-2.477162,-0.84864
863,0.195439,0.020675,0.323072,-0.696459,0.014868,-0.717474,-0.385699,-0.850868,0.356696,-0.604311,0.525131,0.599227,-0.053111,-0.020837,0.002194,-0.022743,-0.428037,0.436478,-1.90977,-0.095062,0.024518,0.308236,0.822555,-0.005123,0.568655,-0.428569,0.651456,0.625993,-0.374682,-0.758603,0.532915,0.008868,0.018663,0.034665,-0.000417,-0.078926,0.062278,0.347575,0.047019,0.03048,-0.027012,-0.808203,-0.038289,0.587657,0.461914,-0.660205,0.592253,0.365298,0.750108,0.551266,0.012139,0.005392,0.021662,-0.074891,0.022948,-0.056216,0.281878,0.134936,0.034788,-0.079525,-0.661671,-0.057,-0.747624,-0.240571,-0.928249,0.283684,-0.710152,0.367562,0.600484,-0.026552,-0.010284,0.001244,0.008421,-0.384179,0.455756,-0.852233
864,0.192845,0.020238,0.323017,-0.683736,0.007952,-0.729717,-0.381756,-0.856109,0.348298,-0.621102,0.516704,0.589302,-0.080727,-0.00788,-0.003143,-0.032641,-0.412655,0.4109,-1.910049,-0.094317,0.02517,0.30971,0.823149,-0.000934,0.567817,-0.429302,0.653242,0.623625,-0.372527,-0.757088,0.536567,0.022039,0.022297,0.035684,0.146958,-0.121661,-0.151619,0.34792,0.047386,0.030808,-0.026272,-0.808773,-0.041734,0.586637,0.462438,-0.661416,0.59049,0.363368,0.748856,0.554235,0.00544,0.00359,0.020889,0.226802,-0.264016,-0.117283,0.284328,0.133669,0.034574,-0.079551,-0.647969,-0.060732,-0.759241,-0.235151,-0.932169,0.275252,-0.724458,0.356891,0.589736,-0.033383,-0.009131,0.002469,-0.067854,-0.438095,0.445457,-0.844558
865,0.189553,0.0197,0.323162,-0.674667,0.005414,-0.738133,-0.380309,-0.859591,0.341233,-0.631811,0.510926,0.58292,-0.093913,-0.017071,0.006819,-0.025097,-0.20268,0.244822,-1.909564,-0.093744,0.025669,0.311169,0.823784,0.008218,0.566837,-0.433932,0.652323,0.621379,-0.365677,-0.757849,0.540193,0.009218,0.016599,0.032145,0.195953,-0.231276,-0.064704,0.353341,0.047675,0.031066,-0.025535,-0.809125,-0.050728,0.585441,0.467032,-0.660163,0.588272,0.356645,0.749406,0.557847,0.012397,0.003929,0.019983,0.293487,-0.324736,-0.125324,0.28743,0.132028,0.034308,-0.079482,-0.638243,-0.060822,-0.767428,-0.232895,-0.934906,0.267787,-0.73376,0.349643,0.582532,-0.047181,-0.002167,0.000149,0.012002,-0.229674,0.289887,-0.839986
866,0.187711,0.019372,0.323327,-0.670835,0.003232,-0.74163,-0.3784,-0.861531,0.338452,-0.637014,0.507671,0.580096,-0.1075,-0.015901,0.008223,-0.025526,-0.203603,0.239455,-1.909894,-0.093497,0.025859,0.311853,0.823948,0.015269,0.566452,-0.43829,0.650535,0.620193,-0.360051,-0.759284,0.541954,0.011786,0.003409,0.037823,0.036767,-0.130008,-0.005424,0.358845,0.047797,0.031167,-0.025194,-0.809094,-0.058494,0.58476,0.471404,-0.658761,0.586354,0.350919,0.750074,0.560574,0.004854,0.0072,0.014959,0.060534,-0.014239,-0.178619,0.292329,0.131113,0.034144,-0.079401,-0.633962,-0.062026,-0.770872,-0.230582,-0.936282,0.264964,-0.738189,0.345727,0.579266,-0.047012,-0.008008,0.003844,-0.031262,-0.106176,0.105347,-0.840802
867,0.183582,0.018515,0.323809,-0.663866,0.001871,-0.74788,-0.378674,-0.863184,0.333904,-0.644112,0.504863,0.574682,-0.10741,-0.026675,0.016181,-0.062009,-0.189642,0.222015,-1.909395,-0.093042,0.026149,0.313058,0.824614,0.019561,0.565349,-0.438959,0.652268,0.617896,-0.357698,-0.757704,0.545711,0.010797,0.010072,0.02567,0.007795,-0.07073,0.032176,0.363379,0.048025,0.031313,-0.024584,-0.80966,-0.062947,0.583513,0.472124,-0.660466,0.583851,0.348639,0.748212,0.564472,0.00539,0.004996,0.012788,-0.020982,-0.05517,0.04455,0.302616,0.129048,0.033721,-0.079162,-0.626608,-0.061648,-0.776892,-0.23042,-0.937643,0.26025,-0.744492,0.342087,0.57333,-0.053719,-0.013524,0.00799,-0.070935,-0.058971,0.030022,-0.840312
868,0.179271,0.017663,0.32438,-0.647129,0.008524,-0.762363,-0.388098,-0.864374,0.319702,-0.655441,0.502745,0.563623,-0.121477,-0.012858,0.01059,0.700791,-1.962218,2.207537,-1.910224,-0.092659,0.026443,0.313945,0.825419,0.023718,0.564014,-0.439168,0.65449,0.615392,-0.355572,-0.755671,0.549902,0.009654,0.017351,0.01418,0.425267,-0.371574,-0.191355,0.365363,0.04822,0.031463,-0.024131,-0.810474,-0.065101,0.582145,0.472011,-0.661113,0.58321,0.346897,0.747456,0.566543,0.004878,0.008415,0.006835,0.417378,-0.366067,-0.186955,0.306372,0.126898,0.033288,-0.078875,-0.612685,-0.052438,-0.788584,-0.238332,-0.939086,0.247616,-0.753534,0.339656,0.562867,-0.053861,-0.012276,0.008893,-0.062025,-0.191908,0.228597,-0.840802
869,0.177166,0.017291,0.324646,-0.642692,0.013091,-0.766042,-0.391655,-0.864954,0.313739,-0.65769,0.501642,0.561984,-0.107846,-0.024513,0.017528,-0.044975,-0.15967,0.241267,-1.910298,-0.092507,0.026597,0.314251,0.82576,0.023666,0.563517,-0.438878,0.65426,0.615845,-0.355138,-0.755873,0.549906,0.010461,0.014145,0.011137,0.010678,-0.036204,0.048985,0.368164,0.048292,0.031537,-0.023981,-0.810739,-0.066931,0.581567,0.472062,-0.662263,0.581863,0.346206,0.746275,0.568518,0.006322,0.001293,0.00924,-0.045594,-0.033454,0.062754,0.308168,0.12584,0.033109,-0.078743,-0.60729,-0.045373,-0.793182,-0.242146,-0.940295,0.239185,-0.756679,0.337321,0.560045,-0.054057,-0.006648,0.004861,-0.0273,-0.172487,0.219544,-0.844558
870,0.17307,0.016585,0.325131,-0.63544,0.025022,-0.771774,-0.399461,-0.865998,0.300751,-0.660044,0.499367,0.56125,-0.108167,-0.02455,0.017179,-0.028199,-0.248006,0.420756,-1.910374,-0.092195,0.026936,0.314561,0.826135,0.023498,0.562975,-0.4384,0.654223,0.616225,-0.354858,-0.75591,0.550036,-0.001519,0.005888,0.005516,0.00252,-0.016264,0.023654,0.377702,0.048452,0.031709,-0.023824,-0.811151,-0.066567,0.581034,0.471552,-0.662107,0.582453,0.345935,0.746446,0.568459,0.006046,0.003836,0.002514,0.004423,-0.030736,0.053552,0.317149,0.123792,0.032757,-0.078499,-0.602307,-0.031935,-0.797624,-0.249091,-0.941789,0.225802,-0.758405,0.334683,0.559291,-0.047422,-0.007021,0.00419,-0.019902,-0.197362,0.283915,-0.852069
871,0.169476,0.015958,0.325435,-0.627942,0.031974,-0.777633,-0.406655,-0.865399,0.292725,-0.662827,0.499998,0.557394,-0.081601,-0.015783,0.006157,-0.027144,-0.211092,0.278413,-1.910563,-0.092017,0.027173,0.314598,0.82654,0.023293,0.562388,-0.437724,0.654491,0.616419,-0.354747,-0.755683,0.550419,0.010883,0.015349,-0.005954,0.03831,-0.020873,0.049831,0.384843,0.04854,0.031829,-0.023804,-0.811591,-0.066329,0.580447,0.470859,-0.662412,0.582667,0.345848,0.746197,0.568839,0.005501,0.007433,-0.003209,0.038586,-0.020598,0.050127,0.327926,0.121955,0.032437,-0.078339,-0.595551,-0.023487,-0.802973,-0.256267,-0.94179,0.217616,-0.761344,0.335377,0.554866,-0.040812,-0.007972,0.00307,-0.031077,-0.22263,0.277138,-0.854845
