frame,MLTx,MLTy,MLTz,MLTR1,MLTR2,MLTR3,MLTR4,MLTR5,MLTR6,MLTR7,MLTR8,MLTR9,MLTTVx,MLTTVy,MLTTVz,MLTRVx,MLTRVy,MLTRVz,MLGA,MRTx,MRTy,MRTz,MRTR1,MRTR2,MRTR3,MRTR4,MRTR5,MRTR6,MRTR7,MRTR8,MRTR9,MRTTVx,MRTTVy,MRTTVz,MRTRVx,MRTRVy,MRTRVz,MRGA,SLTx,SLTy,SLTz,SLTR1,SLTR2,SLTR3,SLTR4,SLTR5,SLTR6,SLTR7,SLTR8,SLTR9,SLTTVx,SLTTVy,SLTTVz,SLTRVx,SLTRVy,SLTRVz,SLGA,SRTx,SRTy,SRTz,SRTR1,SRTR2,SRTR3,SRTR4,SRTR5,SRTR6,SRTR7,SRTR8,SRTR9,SRTTVx,SRTTVy,SRTTVz,SRTRVx,SRTRVy,SRTRVz,SRGA
310,0.160275,-0.052703,0.310232,-0.233258,0.255512,-0.938269,-0.355278,-0.920528,-0.162414,-0.904918,0.295138,0.306666,-0.000647,-0.029598,0.00718,-0.065354,-0.055152,0.112301,-1.860415,-0.135461,-0.023917,0.296674,-0.278411,-0.61821,0.735048,0.926549,-0.374334,0.036269,0.25306,0.691923,0.676067,0.002593,-0.021169,0.017503,0.038956,-0.203983,-0.190774,0.11741,0.058137,0.031072,-0.01942,0.268127,0.744117,0.611879,-0.947878,0.31726,0.029535,-0.172147,-0.587906,0.790399,0.001944,-0.016032,0.012938,0.043197,-0.25579,-0.251136,-0.065604,0.079608,0.016391,-0.062376,0.281582,-0.276721,-0.918769,0.377312,0.91231,-0.159138,0.882239,-0.301853,0.3613,-0.000295,-0.020254,0.007839,-0.107704,0.05715,-0.084919,-1.034301
311,0.160172,-0.054037,0.310769,-0.234825,0.254335,-0.938198,-0.341978,-0.925052,-0.165233,-0.909621,0.28172,0.30537,-0.000396,-0.027035,0.010383,-0.07217,0.037399,-0.063181,-1.857313,-0.1353,-0.025057,0.29762,-0.266073,-0.625113,0.733778,0.930839,-0.364316,0.027321,0.250561,0.691075,0.677863,0.003903,-0.031892,0.026102,-0.096194,-0.001609,-0.075941,0.17489,0.058216,0.030518,-0.01896,0.255124,0.750377,0.60979,-0.951875,0.305688,0.022082,-0.169836,-0.586078,0.792254,0.001909,-0.015672,0.013381,-0.11955,0.023901,-0.031492,3.9e-05,0.079556,0.015709,-0.06211,0.283144,-0.275637,-0.918614,0.364336,0.916921,-0.16283,0.887179,-0.28858,0.360045,-0.000191,-0.013393,0.00535,-0.074723,0.038306,-0.064719,-1.035934
312,0.160085,-0.054614,0.311076,-0.232618,0.256573,-0.938139,-0.337204,-0.925996,-0.169697,-0.911969,0.276545,0.303088,-0.000184,-0.024883,0.013098,-0.07214,0.037299,-0.063228,-1.856562,-0.135217,-0.025643,0.29809,-0.259561,-0.630996,0.73107,0.933999,-0.356362,0.024187,0.245568,0.68988,0.680899,0.003969,-0.032573,0.025284,-4.062238,-0.292603,-3.940551,0.195763,0.058257,0.030223,-0.01872,0.25236,0.753429,0.607172,-0.952794,0.30295,0.020085,-0.168811,-0.583579,0.794315,0.001954,-0.016143,0.012814,0.042606,-0.279037,-0.24416,0.034983,0.079512,0.015428,-0.061964,0.280827,-0.277913,-0.918639,0.3598,0.917838,-0.16768,0.889763,-0.283437,0.357747,-0.007978,-0.01168,0.00757,-0.071187,-0.050243,0.102712,-1.037077
313,0.159967,-0.055359,0.311622,-0.230616,0.258729,-0.938041,-0.333032,-0.926745,-0.173795,-0.91401,0.27199,0.301055,8.8e-05,-0.010634,0.008836,-0.035676,0.011949,-0.018866,-1.853982,-0.135031,-0.026801,0.29906,-0.241883,-0.639183,0.73002,0.943617,-0.330079,0.023806,0.22603,0.695411,0.682038,0.018946,-0.029147,0.027222,-1.314872,-0.046702,-1.136279,0.219146,0.058346,0.029631,-0.018233,0.231154,0.761517,0.605523,-0.961904,0.272259,0.024801,-0.145973,-0.588188,0.79544,0.001288,-0.01033,0.009081,-4.111011,-0.098702,-3.802337,0.082174,0.079453,0.015049,-0.06169,0.278846,-0.279986,-0.918613,0.355922,0.918563,-0.17193,0.891943,-0.279013,0.355791,0.0001,-0.010425,0.009105,-0.073565,0.024789,-0.039545,-1.034138
314,0.159867,-0.055769,0.312058,-0.229956,0.259732,-0.937926,-0.322624,-0.929554,-0.178371,-0.917901,0.261251,0.298719,0.000207,-0.009438,0.01035,-0.035337,0.011989,-0.018986,-1.839881,-0.134733,-0.027909,0.300106,-0.236074,-0.642852,0.728699,0.946812,-0.320797,0.023887,0.218684,0.696378,0.683446,0.003675,-0.029432,0.02911,-0.107213,0.009192,-0.033938,0.243707,0.058501,0.029076,-0.017711,0.223994,0.764827,0.604041,-0.964872,0.261337,0.026899,-0.137285,-0.588847,0.796499,0.009421,-0.014119,0.014161,-0.108748,0.014792,-0.024551,0.117445,0.079403,0.014844,-0.061465,0.278166,-0.280976,-0.918518,0.345848,0.92142,-0.177126,0.896109,-0.268397,0.353482,0.000107,-0.004619,0.005303,-0.038461,0.013977,-0.022751,-1.037404
315,0.159789,-0.055918,0.312271,-0.228404,0.261298,-0.93787,-0.322727,-0.92914,-0.180327,-0.918254,0.261157,0.297714,4.7e-05,0.000465,0.000588,0.0,-0.0,0.0,-1.826948,-0.134345,-0.028991,0.301235,-0.23523,-0.643035,0.72881,0.947897,-0.317408,0.026049,0.214854,0.697762,0.683249,0.01871,-0.026247,0.030727,-0.105255,-0.005981,-0.004662,0.285773,0.058689,0.028533,-0.017148,0.223215,0.764912,0.604221,-0.965594,0.258354,0.029653,-0.133422,-0.590052,0.796263,0.001765,-0.014136,0.015254,-0.092776,-0.09215,0.138191,0.16088,0.079364,0.014772,-0.061354,0.276589,-0.28252,-0.91852,0.34609,0.920956,-0.179053,0.896503,-0.268367,0.352504,7.2e-05,-0.004999,0.004821,-0.037852,0.013314,-0.021574,-1.030382
316,0.159754,-0.055927,0.312293,-0.228572,0.261133,-0.937875,-0.322734,-0.929179,-0.180114,-0.918209,0.261184,0.297828,4e-06,3.7e-05,4.7e-05,0.0,-0.0,0.0,-1.821599,-0.134101,-0.029461,0.30182,-0.237609,-0.643906,0.727268,0.948152,-0.316304,0.029885,0.211072,0.69746,0.684734,0.003404,-0.026536,0.032607,-0.093954,-0.092068,0.136717,0.312169,0.058818,0.028287,-0.016845,0.22549,0.765667,0.602418,-0.965595,0.257856,0.033697,-0.129537,-0.58929,0.797468,0.001669,-0.013142,0.01645,-0.091964,-0.090999,0.137191,0.194191,0.079347,0.014769,-0.061342,0.276774,-0.282343,-0.918519,0.346103,0.920998,-0.178815,0.896441,-0.268411,0.352628,-4e-06,-7e-06,-9e-06,-0.000794,9.2e-05,-0.00016,-1.028423
317,0.159692,-0.055946,0.312269,-0.228931,0.260773,-0.937888,-0.322644,-0.929293,-0.179685,-0.918151,0.261138,0.298048,-0.000138,-0.00136,-0.001721,-0.000836,0.013206,-0.025602,-1.809238,-0.133567,-0.030394,0.303057,-0.241027,-0.644995,0.725176,0.948563,-0.314458,0.035744,0.205264,0.69729,0.68667,0.018575,-0.024594,0.032694,-0.105223,-0.006306,-0.004848,0.330936,0.059085,0.027824,-0.016223,0.228759,0.766598,0.599996,-0.96559,0.257007,0.039778,-0.12371,-0.58845,0.799013,0.009264,-0.012267,0.016378,-0.104379,-0.006094,-0.004127,0.241219,0.079316,0.01476,-0.061353,0.277136,-0.281991,-0.918518,0.346011,0.921115,-0.17839,0.896365,-0.268379,0.352846,-7.1e-05,-0.00069,-0.000871,-0.001249,0.013138,-0.025453,-1.027607
318,0.159678,-0.055968,0.312242,-0.229431,0.260273,-0.937904,-0.322518,-0.929452,-0.179089,-0.91807,0.261073,0.298355,-4.5e-05,-0.000446,-0.000565,-0.0,-0.0,-0.0,-1.803815,-0.133077,-0.031335,0.304306,-0.242169,-0.645352,0.724476,0.949109,-0.3124,0.039134,0.201355,0.697885,0.687224,0.018545,-0.024133,0.033226,-0.105202,-0.00652,-0.00497,0.352702,0.059323,0.027363,-0.015611,0.229871,0.766896,0.59919,-0.965813,0.255575,0.043413,-0.119845,-0.588685,0.799428,0.001657,-0.012961,0.016654,-0.106756,0.008755,-0.033665,0.267019,0.079309,0.014747,-0.061369,0.27764,-0.281502,-0.918516,0.345868,0.921282,-0.177804,0.896264,-0.26832,0.353147,-3.2e-05,-0.000325,-0.00041,-0.00027,-5.2e-05,0.000137,-1.028423
319,0.159679,-0.055962,0.312249,-0.229627,0.260078,-0.93791,-0.322469,-0.929514,-0.178856,-0.918038,0.261048,0.298476,8e-06,8.1e-05,0.000102,-0.0,-0.0,-0.0,-1.801334,-0.132511,-0.032131,0.305569,-0.227781,-0.651253,0.723862,0.956716,-0.287821,0.042263,0.181085,0.702965,0.687686,0.017039,-0.011583,0.026767,-0.078526,-0.014923,0.005415,0.35276,0.059606,0.026968,-0.014992,0.215157,0.771709,0.598475,-0.971517,0.231457,0.050813,-0.099309,-0.592361,0.799528,0.009144,-0.010952,0.017924,-0.211423,-0.013195,-0.109775,0.282531,0.079309,0.01475,-0.061366,0.277835,-0.281313,-0.918514,0.345817,0.921345,-0.177576,0.896223,-0.268301,0.353265,7e-06,5.9e-05,7.3e-05,-0.000185,-2.2e-05,7.4e-05,-1.029566
320,0.15969,-0.055963,0.312248,-0.229821,0.259885,-0.937917,-0.322421,-0.929575,-0.178626,-0.918006,0.261023,0.298595,0.0,1e-06,1e-06,-0.0,-0.0,-0.0,-1.800423,-0.132179,-0.032452,0.306203,-0.216808,-0.655386,0.723502,0.961836,-0.269968,0.043837,0.166844,0.706207,0.687966,0.018287,-0.021436,0.036395,-1.304703,-0.079542,-1.145782,0.351793,0.059766,0.026806,-0.014676,0.207804,0.77402,0.598087,-0.974104,0.219441,0.054458,-0.089094,-0.593916,0.799578,0.009075,-0.010266,0.018729,-0.099959,-0.021317,0.018678,0.283675,0.079315,0.01475,-0.061366,0.278031,-0.281123,-0.918513,0.345759,0.92141,-0.17735,0.896185,-0.268276,0.353382,-0.0,2e-06,3e-06,-0.000152,-2.6e-05,8.1e-05,-1.029893
321,0.15969,-0.055963,0.312248,-0.230032,0.259674,-0.937923,-0.322368,-0.929641,-0.178375,-0.917972,0.260996,0.298725,-1.5e-05,-0.000152,-0.000192,0.0,0.0,0.0,-1.799182,-0.131493,-0.03288,0.307493,-0.206749,-0.662457,0.719997,0.967835,-0.246092,0.05165,0.143209,0.708338,0.691094,0.016493,-0.00642,0.032809,-0.099148,-0.03115,0.008613,0.352083,0.060117,0.026579,-0.014022,0.193217,0.780853,0.594083,-0.979263,0.191064,0.06736,-0.06091,-0.59478,0.801577,0.008222,-0.003203,0.016404,-0.169072,-0.03267,-0.068082,0.284164,0.079315,0.01475,-0.061366,0.278244,-0.280917,-0.918512,0.345697,0.92148,-0.177103,0.896142,-0.268249,0.353509,-1e-05,-0.000101,-0.000127,-0.000113,-1.9e-05,5.4e-05,-1.030546
322,0.159677,-0.055965,0.312229,-0.230067,0.259637,-0.937925,-0.322334,-0.92966,-0.178339,-0.917974,0.260967,0.298741,-2.2e-05,-0.000217,-0.000274,0.0,0.0,0.0,-1.796424,-0.130897,-0.033133,0.308869,-0.183005,-0.677891,0.712015,0.978657,-0.194153,0.066851,0.093133,0.709891,0.698029,0.016248,-0.004335,0.035163,-0.411798,-0.164082,-0.131323,0.354272,0.060415,0.026453,-0.013334,0.168352,0.793248,0.585161,-0.985667,0.141985,0.091103,-0.010817,-0.592112,0.805782,0.008085,-0.001991,0.017782,-1.279965,-0.142546,-1.111422,0.287104,0.079308,0.014748,-0.061376,0.278279,-0.280881,-0.918512,0.345665,0.921499,-0.177069,0.896144,-0.268223,0.353525,-1.3e-05,-0.000132,-0.000168,-8.7e-05,-1e-06,4.8e-05,-1.030872
323,0.159677,-0.055965,0.312229,-0.230172,0.259531,-0.937928,-0.322308,-0.929693,-0.178213,-0.917957,0.260953,0.298806,-0.0,-3e-06,-3e-06,0.0,0.0,0.0,-1.794971,-0.130614,-0.033128,0.309567,-0.174687,-0.685535,0.706766,0.982126,-0.171946,0.076129,0.069538,0.708281,0.7024,0.014639,0.008601,0.029073,-0.060338,-0.053788,0.052993,0.354964,0.060556,0.02645,-0.012984,0.159028,0.79951,0.579217,-0.987186,0.120958,0.104076,0.013149,-0.588346,0.808502,0.008014,-0.001439,0.018399,-0.160156,-0.032572,-0.074321,0.288737,0.079308,0.014748,-0.061376,0.278386,-0.280777,-0.918512,0.345633,0.921535,-0.176946,0.896124,-0.268209,0.353588,2e-06,7e-06,9e-06,-6.9e-05,-2e-06,7.8e-05,-1.031036
324,0.159677,-0.055965,0.312229,-0.230172,0.259531,-0.937928,-0.322308,-0.929693,-0.178213,-0.917957,0.260953,0.298806,-0.0,-0.0,-0.0,0.0,0.0,0.0,-1.790366,-0.130206,-0.03289,0.310831,-0.144375,-0.699484,0.699906,0.989267,-0.11657,0.087729,0.020388,0.705925,0.707896,0.01446,0.009835,0.030344,-2.628666,-1.965496,0.699675,0.355287,0.060761,0.026568,-0.012361,0.129849,0.808699,0.57371,-0.989938,0.072925,0.12126,0.056225,-0.583683,0.810032,0.007193,0.005067,0.015345,-0.030143,-0.036115,0.04581,0.291349,0.079309,0.014748,-0.061376,0.278386,-0.280777,-0.918512,0.345633,0.921535,-0.176946,0.896123,-0.268209,0.353588,-3e-06,3e-06,8e-06,-6.2e-05,-1.4e-05,8.4e-05,-1.030872
325,0.159689,-0.055971,0.312221,-0.23017,0.259534,-0.937928,-0.322308,-0.929693,-0.178216,-0.917958,0.260953,0.298805,-1.3e-05,-0.000132,-0.000167,0.0,0.0,0.0,-1.787558,-0.130023,-0.032325,0.311924,-0.128312,-0.708768,0.693668,0.991626,-0.08409,0.097672,-0.010751,0.701269,0.71272,-0.002279,0.020797,0.024023,-1.156179,-0.217903,-1.093201,0.34795,0.060858,0.026849,-0.0118,0.111813,0.817298,0.565262,-0.98947,0.038957,0.139396,0.091907,-0.574896,0.813047,-0.000438,0.00492,0.016158,-3.897945,-0.603687,-3.866822,0.288083,0.079314,0.014745,-0.06138,0.278384,-0.280781,-0.918511,0.345635,0.921534,-0.176949,0.896123,-0.26821,0.353587,-1.1e-05,-8.2e-05,-9.8e-05,-6.6e-05,-2.8e-05,2.9e-05,-1.031199
326,0.159688,-0.055974,0.3122,-0.230188,0.259514,-0.937929,-0.322279,-0.929705,-0.178201,-0.917963,0.260927,0.29881,-5.5e-05,-0.000543,-0.000688,0.0,0.0,0.0,-1.785309,-0.130043,-0.031933,0.31242,-0.114376,-0.713179,0.691581,0.99296,-0.061629,0.100832,-0.029162,0.699127,0.714306,-0.00237,0.0216,0.024837,-0.097582,-0.05731,-0.031404,0.342935,0.060848,0.027045,-0.011553,0.096359,0.820568,0.563367,-0.989102,0.015644,0.146392,0.111312,-0.571334,0.813133,-0.001196,0.010726,0.01234,-0.350743,0.008809,-0.45744,0.282695,0.079314,0.014745,-0.061389,0.278401,-0.280761,-0.918511,0.345606,0.921547,-0.176936,0.896129,-0.268184,0.353593,-3.8e-05,-0.000351,-0.000443,-6.1e-05,-2.2e-05,1.5e-05,-1.031362
327,0.159684,-0.056007,0.312159,-0.23028,0.259422,-0.937932,-0.322256,-0.929734,-0.178092,-0.917948,0.260915,0.298867,-0.000129,-0.001268,-0.001607,0.0,0.0,0.0,-1.782184,-0.130138,-0.031089,0.31334,-0.089569,-0.723725,0.684245,0.993548,-0.017453,0.111765,-0.068847,0.690735,0.719728,-0.017297,0.018662,0.023437,-0.027047,-0.032069,0.013734,0.321522,0.060806,0.027472,-0.011088,0.070518,0.828276,0.555864,-0.986076,-0.026248,0.164207,0.150599,-0.559704,0.814892,-0.001113,0.009987,0.01139,-0.089287,-0.040394,-0.062725,0.265059,0.079312,0.014729,-0.061408,0.278493,-0.280672,-0.918511,0.34558,0.921577,-0.176829,0.89611,-0.268174,0.353648,-7.5e-05,-0.000737,-0.000935,-0.000873,0.01319,-0.025596,-1.031362
328,0.15968,-0.05605,0.312104,-0.230508,0.259195,-0.937939,-0.322199,-0.929806,-0.177821,-0.917911,0.260886,0.299007,-0.000141,-0.001389,-0.001761,0.0,0.0,0.0,-1.781213,-0.130322,-0.030455,0.314169,-0.073083,-0.729385,0.680182,0.992962,0.010129,0.11772,-0.092675,0.6849,0.722625,-0.016866,0.015072,0.019192,0.001638,-0.012977,0.020815,0.30563,0.060707,0.0278,-0.010661,0.053496,0.832177,0.551923,-0.983291,-0.052412,0.174332,0.174002,-0.552027,0.815468,-0.008437,0.007419,0.009468,0.006301,-0.012788,0.020797,0.235177,0.07931,0.014707,-0.061437,0.278725,-0.280448,-0.91851,0.345509,0.921655,-0.176562,0.896066,-0.268141,0.353785,-7.4e-05,-0.000738,-0.000936,-3e-05,0.0,2.7e-05,-1.031526
329,0.159678,-0.056059,0.312077,-0.230541,0.25916,-0.93794,-0.322166,-0.929824,-0.177787,-0.917914,0.260858,0.299022,-7.1e-05,-0.000697,-0.000883,0.0,0.0,0.0,-1.780299,-0.130435,-0.030249,0.314523,-0.068961,-0.72991,0.68005,0.992854,0.015966,0.117986,-0.096904,0.684228,0.722707,-0.001406,0.012868,0.014509,0.001878,-0.01408,0.025072,0.303814,0.06065,0.027903,-0.010484,0.049345,0.832409,0.551959,-0.982768,-0.058098,0.175476,0.178135,-0.551106,0.815198,-0.007557,0.000338,0.011808,-0.032143,-0.005637,0.002032,0.229789,0.079309,0.014702,-0.061452,0.278758,-0.280413,-0.91851,0.345475,0.921673,-0.176531,0.896069,-0.268113,0.3538,-4.9e-05,-0.000493,-0.000626,-3e-05,-9e-06,1e-06,-1.031852
330,0.159676,-0.056065,0.312036,-0.230576,0.259121,-0.937943,-0.322108,-0.92985,-0.177757,-0.917926,0.260804,0.299033,-2.4e-05,-0.00024,-0.000304,0.0,0.0,0.0,-1.779631,-0.130593,-0.030032,0.315066,-0.067136,-0.731437,0.67859,0.99303,0.016681,0.116394,-0.096384,0.682579,0.724334,-0.000855,0.007852,0.008817,0.004777,-0.01987,0.021604,0.301581,0.060571,0.028013,-0.01021,0.047297,0.833666,0.550239,-0.983001,-0.058986,0.173865,0.177402,-0.549109,0.816705,-0.007221,-0.002642,0.008426,-0.047401,0.021836,-0.020772,0.224563,0.079308,0.014698,-0.061474,0.278794,-0.280375,-0.918511,0.345417,0.921701,-0.176505,0.89608,-0.26806,0.353811,-1.1e-05,-0.000115,-0.000147,-1.5e-05,-9e-06,1.9e-05,-1.032179
331,0.159688,-0.056049,0.312021,-0.230533,0.25916,-0.937942,-0.32207,-0.929851,-0.177821,-0.91795,0.260761,0.298997,8e-05,0.000785,0.000995,0.0,0.0,0.0,-1.780101,-0.130675,-0.030088,0.315403,-0.063623,-0.7345,0.675614,0.993392,0.017821,0.113092,-0.09504,0.679252,0.727632,-0.013826,-0.010716,0.010743,0.160877,-0.376529,-0.287778,0.300679,0.060534,0.027992,-0.010042,0.045321,0.834786,0.548704,-0.983163,-0.060059,0.172578,0.177021,-0.547288,0.818009,0.000561,-0.004353,0.005441,-0.045335,0.019503,-0.015871,0.222767,0.079313,0.014703,-0.061483,0.278751,-0.280414,-0.918512,0.345382,0.921701,-0.17657,0.896107,-0.268018,0.353775,5.9e-05,0.000564,0.000713,0.00082,-0.013232,0.02562,-1.032669
332,0.159688,-0.056036,0.312022,-0.230505,0.259186,-0.937942,-0.322053,-0.929849,-0.17786,-0.917963,0.260741,0.298974,3e-06,2.6e-05,3.3e-05,0.0,0.0,0.0,-1.779697,-0.13072,-0.03037,0.315609,-0.059894,-0.737468,0.672715,0.993732,0.019301,0.109804,-0.093901,0.675987,0.730812,0.001467,-0.011744,0.007473,0.012052,-0.089878,-0.077905,0.300552,0.060507,0.027844,-0.009939,0.039456,0.838289,0.543795,-0.98385,-0.062497,0.167727,0.174589,-0.541631,0.822285,0.000751,-0.006074,0.003511,-0.008971,-0.062139,-0.069591,0.221624,0.079314,0.014713,-0.061479,0.278722,-0.28044,-0.918513,0.345368,0.921699,-0.176611,0.896121,-0.268,0.353753,1e-06,1.3e-05,1.6e-05,-1.5e-05,-1.2e-05,-1.4e-05,-1.032832
333,0.159677,-0.05603,0.312029,-0.230507,0.259184,-0.937942,-0.322052,-0.92985,-0.177857,-0.917963,0.260741,0.298975,6e-06,5.9e-05,7.4e-05,0.0,0.0,0.0,-1.778886,-0.130698,-0.030551,0.315685,-0.05669,-0.740601,0.669544,0.994068,0.020102,0.106574,-0.092332,0.67253,0.734195,0.001499,-0.012041,0.00714,0.036802,-0.210423,0.081249,0.300707,0.060518,0.027755,-0.009907,0.035815,0.84064,0.540408,-0.984292,-0.06387,0.164587,0.172874,-0.537814,0.825148,0.000772,-0.006268,0.003293,0.013209,-0.107305,-0.096912,0.221788,0.079308,0.014716,-0.061475,0.278724,-0.280438,-0.918513,0.345368,0.921699,-0.176608,0.896121,-0.268,0.353754,2e-06,3e-05,3.8e-05,-1.2e-05,-3e-06,-1.4e-05,-1.032995
334,0.159676,-0.056028,0.312016,-0.230615,0.259074,-0.937946,-0.322,-0.929891,-0.177735,-0.917954,0.260703,0.299036,-0.0,-1e-06,-2e-06,0.0,0.0,0.0,-1.77935,-0.130622,-0.030798,0.315773,-0.049134,-0.74848,0.661329,0.994885,0.021454,0.098372,-0.08777,0.663706,0.742734,6.9e-05,-0.00064,-0.000718,0.276562,-0.554378,-0.329964,0.29943,0.060557,0.027623,-0.009864,0.029052,0.845591,0.533038,-0.985158,-0.066027,0.158437,0.169168,-0.529731,0.831123,3.6e-05,-0.000375,-0.00042,0.016495,-0.055524,-0.046441,0.220971,0.079308,0.014717,-0.061482,0.278834,-0.280329,-0.918513,0.34531,0.921744,-0.176489,0.896109,-0.26796,0.353813,1e-06,1e-06,0.0,-7e-06,1.2e-05,1.5e-05,-1.032995
335,0.159677,-0.056006,0.312009,-0.230574,0.259111,-0.937946,-0.321962,-0.929893,-0.177796,-0.917978,0.260659,0.299001,1e-06,5e-06,6e-06,0.0,0.0,0.0,-1.778598,-0.130619,-0.030912,0.315863,-0.043436,-0.754816,0.65449,0.995486,0.022252,0.091905,-0.083895,0.656462,0.749588,-1e-06,8e-06,9e-06,0.123659,-0.318179,0.041569,0.29814,0.060558,0.027566,-0.00982,0.021066,0.851298,0.524258,-0.986205,-0.068419,0.150727,0.164183,-0.520201,0.838113,-4e-06,2.4e-05,2.9e-05,0.132283,-0.265011,-0.1575,0.218685,0.079308,0.014728,-0.061485,0.278792,-0.280366,-0.918514,0.345275,0.921745,-0.176552,0.896135,-0.267919,0.353778,0.0,-2e-06,-3e-06,-5e-06,-0.0,-7e-06,-1.033159
336,0.159677,-0.056001,0.312016,-0.230559,0.259126,-0.937945,-0.321966,-0.929888,-0.177814,-0.91798,0.260661,0.298991,0.0,4e-06,5e-06,0.0,0.0,0.0,-1.777372,-0.130685,-0.031029,0.315836,-0.037218,-0.760837,0.647868,0.996078,0.023444,0.084931,-0.079776,0.64943,0.756135,0.000313,-0.002892,-0.003247,0.102389,-0.194528,-0.149098,0.297994,0.060525,0.027513,-0.009826,0.014252,0.855817,0.517081,-0.987025,-0.070674,0.144176,0.159933,-0.512427,0.843705,-0.007386,-0.001995,-0.001177,0.125552,-0.237865,-0.178124,0.217868,0.079308,0.014731,-0.061482,0.278777,-0.280381,-0.918514,0.34528,0.921739,-0.17657,0.896138,-0.267921,0.353769,0.0,-5e-06,-5e-06,-0.0,5e-06,-6e-06,-1.032995
337,0.159677,-0.056001,0.312016,-0.230559,0.259126,-0.937945,-0.321966,-0.929888,-0.177814,-0.91798,0.260661,0.298991,0.0,0.0,0.0,0.0,0.0,0.0,-1.777518,-0.130736,-0.031091,0.315758,-0.032811,-0.762673,0.645945,0.996542,0.024005,0.079139,-0.075837,0.647252,0.758404,0.000357,-0.003308,-0.003717,0.13621,-0.272235,-0.161875,0.293763,0.060499,0.027481,-0.009866,0.009901,0.856823,0.515514,-0.987679,-0.072141,0.138873,0.156179,-0.510537,0.845552,0.000218,-0.002025,-0.002276,0.198182,-0.367106,-0.232823,0.216889,0.079308,0.014731,-0.061482,0.278777,-0.280381,-0.918514,0.34528,0.921739,-0.17657,0.896138,-0.267921,0.353769,2e-06,-4e-06,-7e-06,8e-06,-1.3e-05,7e-06,-1.032995
338,0.159678,-0.055995,0.312023,-0.230544,0.259142,-0.937945,-0.321969,-0.929884,-0.177832,-0.917982,0.260663,0.298982,8e-05,0.000786,0.000996,0.0,0.0,0.0,-1.777251,-0.130931,-0.031292,0.315564,-0.029622,-0.765602,0.642625,0.996806,0.024677,0.075526,-0.073658,0.643758,0.761586,0.000481,-0.004481,-0.005043,0.051973,-0.164446,0.099573,0.262329,0.060402,0.02738,-0.009964,0.005713,0.859264,0.511499,-0.988109,-0.07374,0.134913,0.153644,-0.506188,0.848626,0.000219,-0.002012,-0.002261,0.028554,-0.068613,-0.048262,0.192232,0.079308,0.014731,-0.061481,0.278761,-0.280396,-0.918514,0.345285,0.921734,-0.176588,0.896141,-0.267923,0.35376,5.7e-05,0.00053,0.000668,-3e-06,2.2e-05,-4e-06,-1.032995
339,0.159668,-0.055965,0.312044,-0.230593,0.25909,-0.937947,-0.321932,-0.929906,-0.177779,-0.917983,0.260633,0.299006,6.1e-05,0.000596,0.000756,0.0,0.0,0.0,-1.776483,-0.131085,-0.031446,0.315414,-0.027585,-0.766885,0.641185,0.996943,0.025398,0.073447,-0.07259,0.642201,0.763002,-0.014684,-0.004996,-0.003505,0.001379,0.00835,-0.033321,0.24838,0.060331,0.027301,-0.010042,0.003623,0.860169,0.509995,-0.988275,-0.074766,0.133123,0.152639,-0.504498,0.849812,0.000202,-0.001868,-0.002101,-0.013798,0.029693,-0.021233,0.160717,0.079304,0.014748,-0.061469,0.278811,-0.280346,-0.918515,0.345245,0.921759,-0.176538,0.896141,-0.267893,0.353784,3.9e-05,0.000375,0.000474,8e-06,1.1e-05,1.8e-05,-1.032832
340,0.15967,-0.055949,0.312065,-0.230547,0.259136,-0.937945,-0.321944,-0.929892,-0.177834,-0.917991,0.260639,0.298978,4.9e-05,0.000478,0.000606,0.0,0.0,0.0,-1.776989,-0.131133,-0.031528,0.31533,-0.026997,-0.766652,0.641489,0.996956,0.025898,0.073087,-0.072627,0.642459,0.762781,0.000414,-0.003881,-0.004377,5e-05,-0.0001,-6e-05,0.251957,0.060301,0.027261,-0.010083,0.003155,0.859855,0.510528,-0.988251,-0.07533,0.132981,0.152802,-0.504949,0.849515,-0.007267,-0.003192,-0.002535,-0.005708,0.033362,-0.051515,0.156961,0.079305,0.014757,-0.061458,0.278765,-0.280391,-0.918515,0.345259,0.921743,-0.176591,0.89615,-0.267899,0.353756,2.8e-05,0.000283,0.000358,1e-06,1e-06,1.2e-05,-1.033485
341,0.159673,-0.055911,0.312113,-0.230545,0.259138,-0.937945,-0.321944,-0.929891,-0.177836,-0.917991,0.260639,0.298977,0.000139,0.001367,0.001732,0.000836,-0.013214,0.025598,-1.778602,-0.131203,-0.031836,0.31495,-0.025611,-0.766094,0.642211,0.996992,0.027027,0.072179,-0.072636,0.643077,0.762259,-0.000207,-1.8e-05,-0.020779,0.032604,0.020765,-0.030275,0.260614,0.060265,0.027114,-0.010265,0.001922,0.859318,0.511436,-0.988251,-0.076526,0.132293,0.15282,-0.505682,0.849076,-7.6e-05,-0.000228,-0.010635,0.033249,0.021013,-0.029042,0.163819,0.079306,0.014774,-0.061436,0.278778,-0.280377,-0.918515,0.345255,0.921748,-0.176575,0.896147,-0.267896,0.353765,1.4e-05,0.000139,0.000177,-6e-06,1.7e-05,1.6e-05,-1.033322
342,0.159675,-0.055903,0.312141,-0.230512,0.259173,-0.937944,-0.321977,-0.929874,-0.177869,-0.917988,0.260667,0.298962,2.8e-05,0.000273,0.000346,0.0,0.0,0.0,-1.778681,-0.131302,-0.032313,0.31432,-0.024162,-0.762795,0.646182,0.997082,0.028023,0.07054,-0.0719,0.646946,0.759048,-0.013501,-0.016606,-0.016754,-0.029551,0.09136,-0.050856,0.254182,0.060221,0.026881,-0.010574,0.001033,0.856524,0.516105,-0.988321,-0.077768,0.13104,0.152375,-0.510213,0.846441,0.000812,-0.007602,-0.00865,-0.016177,0.064307,-0.020823,0.161696,0.079307,0.01478,-0.061419,0.278729,-0.280427,-0.918515,0.345294,0.921724,-0.176625,0.896147,-0.267928,0.353741,1.4e-05,0.000146,0.000183,-5e-06,-2e-06,-8e-06,-1.033812
343,0.159664,-0.055883,0.312148,-0.230592,0.259091,-0.937947,-0.321933,-0.929906,-0.17778,-0.917983,0.260633,0.299006,-7e-06,0.011389,-0.007878,0.035677,-0.01193,0.018876,-1.778917,-0.131311,-0.032555,0.313939,-0.02353,-0.762526,0.646522,0.997107,0.028441,0.07001,-0.071758,0.647244,0.758807,0.001625,-0.015391,-0.017574,-0.00408,0.028708,-0.049815,0.253801,0.060211,0.026756,-0.010768,0.000445,0.856339,0.516412,-0.988366,-0.078163,0.130466,0.152087,-0.510463,0.846342,0.000163,-0.002471,-0.013251,0.038936,0.01263,-0.031912,0.160064,0.079302,0.014789,-0.061417,0.27881,-0.280346,-0.918515,0.345246,0.921758,-0.176539,0.896141,-0.267893,0.353783,-0.0,0.005725,-0.003901,0.035676,-0.011927,0.018864,-1.033485
344,0.159666,-0.055867,0.312169,-0.230546,0.259137,-0.937946,-0.321944,-0.929892,-0.177835,-0.917991,0.260639,0.298977,0.000103,0.00101,0.001279,0.0,0.0,0.0,-1.779537,-0.131262,-0.033042,0.313083,-0.022303,-0.761989,0.647199,0.997166,0.029162,0.068874,-0.071342,0.647844,0.758334,0.001741,-0.016497,-0.01897,-0.003736,0.028029,-0.05022,0.272434,0.060235,0.02651,-0.011198,-0.00073,0.855884,0.517166,-0.988437,-0.079032,0.1294,0.151624,-0.511093,0.846045,0.000905,-0.00846,-0.009726,-0.003473,0.02791,-0.049972,0.166595,0.079302,0.014795,-0.061408,0.278778,-0.280377,-0.918515,0.345256,0.921748,-0.176575,0.896147,-0.267898,0.353765,5e-06,4e-05,5e-05,-1e-06,1e-05,-2.7e-05,-1.033648
345,0.159644,-0.055844,0.312198,-0.230625,0.259057,-0.937948,-0.321924,-0.929917,-0.17774,-0.917978,0.260629,0.299026,4e-05,0.000396,0.000501,0.0,0.0,0.0,-1.779578,-0.131222,-0.03345,0.312187,-0.021104,-0.761446,0.647877,0.997237,0.029724,0.067595,-0.070716,0.648457,0.757869,0.001618,-0.015345,-0.017768,-0.00374,0.028064,-0.0502,0.277842,0.060256,0.026297,-0.011657,-0.00188,0.855371,0.518011,-0.988529,-0.079819,0.128214,0.151017,-0.511828,0.845709,0.00082,-0.007646,-0.008852,-0.003645,0.028079,-0.049998,0.185047,0.079292,0.014809,-0.061391,0.278843,-0.280313,-0.918515,0.345236,0.92177,-0.176499,0.896135,-0.267889,0.353803,1.9e-05,0.000189,0.000239,1.1e-05,-7e-06,9e-06,-1.033975
346,0.1596,-0.05581,0.312242,-0.230602,0.259078,-0.937948,-0.321929,-0.92991,-0.177765,-0.917982,0.260632,0.299011,-0.015793,0.001355,0.001809,-0.000984,0.014715,-0.029553,-1.780038,-0.131173,-0.03382,0.311519,-0.022274,-0.762498,0.6466,0.997113,0.029612,0.069444,-0.072085,0.647224,0.758793,0.001054,-0.009995,-0.011637,-0.001871,0.014042,-0.025094,0.275141,0.060281,0.026113,-0.01199,-0.000804,0.856291,0.516492,-0.988327,-0.079362,0.130036,0.152338,-0.510359,0.84636,0.000563,-0.005226,-0.006083,-0.003066,0.028687,-0.050513,0.185537,0.079276,0.014825,-0.06137,0.278803,-0.280351,-0.918516,0.345247,0.921757,-0.176545,0.896143,-0.267894,0.353779,4.9e-05,0.00049,0.000619,-5e-06,-2e-06,-1.8e-05,-1.034138
347,0.159589,-0.055799,0.312256,-0.230589,0.259091,-0.937948,-0.321933,-0.929906,-0.177781,-0.917984,0.260634,0.299003,4.9e-05,0.000481,0.000608,0.0,0.0,0.0,-1.779046,-0.131143,-0.033989,0.311352,-0.022401,-0.762554,0.64653,0.997107,0.029538,0.069563,-0.072129,0.647163,0.758842,0.000792,-0.007517,-0.008767,-0.001871,0.014041,-0.025095,0.274981,0.060296,0.026022,-0.012081,-0.000702,0.856333,0.516423,-0.988322,-0.079284,0.130126,0.152376,-0.510301,0.846388,0.000377,-0.003486,-0.004066,-0.001723,0.014138,-0.025054,0.185047,0.079264,0.014832,-0.061362,0.278807,-0.280346,-0.918516,0.345246,0.921758,-0.176539,0.896142,-0.267894,0.353781,2.8e-05,0.000283,0.000356,-2e-06,-8e-06,-2.4e-05,-1.034138
348,0.159565,-0.05578,0.31223,-0.2306,0.259072,-0.93795,-0.321856,-0.929932,-0.177784,-0.918008,0.26056,0.298994,-1.9e-05,-0.000182,-0.00023,0.0,0.0,0.0,-1.777941,-0.131099,-0.034179,0.311191,-0.020816,-0.764023,0.644847,0.997213,0.029951,0.067855,-0.071146,0.645408,0.760428,0.000133,-0.001265,-0.001478,0.00335,-0.006856,-0.004089,0.270674,0.060313,0.025922,-0.012167,-0.002604,0.857502,0.514473,-0.988499,-0.079997,0.128331,0.1512,-0.508222,0.847848,6.5e-05,-0.000581,-0.000679,-0.011482,0.013054,0.000981,0.182924,0.079252,0.014842,-0.061374,0.278819,-0.280328,-0.918518,0.34517,0.921785,-0.176547,0.896168,-0.267821,0.353772,-1.3e-05,-0.000132,-0.000167,7e-06,-2e-06,4e-06,-1.034138
349,0.159573,-0.055768,0.312162,-0.230595,0.259068,-0.937952,-0.321735,-0.929967,-0.177821,-0.918052,0.260439,0.298964,-0.000116,-0.001136,-0.001438,0.0,0.0,0.0,-1.777939,-0.13109,-0.034156,0.311263,-0.014721,-0.765595,0.643148,0.997119,0.036239,0.06614,-0.073941,0.643217,0.762016,-0.000256,0.002426,0.002833,0.001264,-0.002588,-0.001543,0.266084,0.060324,0.025936,-0.012129,-0.008847,0.858377,0.512942,-0.988034,-0.086493,0.127699,0.15398,-0.505674,0.848871,-0.000174,0.001645,0.00192,-0.019431,0.09537,-0.145515,0.176719,0.079257,0.01485,-0.061406,0.278799,-0.280338,-0.918521,0.345056,0.921816,-0.176609,0.896218,-0.267703,0.353733,-1.4e-05,-0.000146,-0.000185,-2e-06,-1e-05,-0.0,-1.034302
350,0.159584,-0.055755,0.312127,-0.23057,0.259088,-0.937953,-0.321668,-0.929981,-0.177869,-0.918082,0.26037,0.298933,-4.5e-05,-0.000437,-0.000554,0.0,0.0,0.0,-1.777931,-0.131107,-0.034102,0.311376,-0.008925,-0.76725,0.64128,0.996981,0.042263,0.064619,-0.076685,0.640871,0.763719,-0.000513,0.004867,0.005679,0.047419,-0.177636,0.158521,0.265917,0.060315,0.025961,-0.012074,-0.0149,0.859317,0.511225,-0.987556,-0.0927,0.127037,0.156555,-0.50297,0.850005,-0.000254,0.002387,0.002785,0.030114,-0.078195,-0.018317,0.175413,0.079262,0.014853,-0.061427,0.278789,-0.280343,-0.918522,0.344987,0.921835,-0.176644,0.896247,-0.267632,0.353712,-2.6e-05,-0.000262,-0.000331,-2e-06,-3e-06,-1e-05,-1.034301
351,0.159594,-0.055746,0.312072,-0.230668,0.258983,-0.937958,-0.321545,-0.930041,-0.177777,-0.9181,0.26026,0.298973,-2e-05,-0.0002,-0.000254,0.0,0.0,0.0,-1.776678,-0.131111,-0.033941,0.31172,0.017999,-0.771641,0.635797,0.995542,0.072418,0.059888,-0.092293,0.63284,0.768674,0.014382,0.009124,0.008412,-1.033869,-0.161874,-1.239952,0.265622,0.060313,0.026046,-0.011897,-0.042019,0.861315,0.506329,-0.984318,-0.122587,0.126847,0.171325,-0.493059,0.852959,0.007169,0.004743,0.004416,-1.09971,-0.104613,-1.228159,0.17378,0.079266,0.014857,-0.061455,0.278889,-0.280238,-0.918524,0.34486,0.921899,-0.176559,0.896265,-0.267522,0.35375,-8e-06,-7.9e-05,-0.0001,3e-06,-5e-06,2.5e-05,-1.033975
352,0.159592,-0.055746,0.312038,-0.230689,0.258958,-0.93796,-0.321491,-0.930062,-0.177765,-0.918114,0.260209,0.298975,-5e-06,-5.3e-05,-6.7e-05,0.0,0.0,0.0,-1.776733,-0.131125,-0.033788,0.312214,0.03902,-0.781008,0.623294,0.994372,0.091564,0.052667,-0.098268,0.618698,0.779371,-0.000951,0.009001,0.010437,0.31665,-0.664423,-0.328603,0.266867,0.060306,0.026121,-0.011653,-0.062644,0.866201,0.495753,-0.981953,-0.142307,0.124562,0.178445,-0.479003,0.859483,-0.000432,0.004015,0.004656,0.090196,-0.194736,-0.090126,0.173127,0.079266,0.014857,-0.061472,0.27891,-0.280214,-0.918525,0.344805,0.921921,-0.17655,0.89628,-0.26747,0.353752,-0.0,-7e-06,-7e-06,-5e-06,1.3e-05,3.2e-05,-1.034301
353,0.159592,-0.055746,0.312038,-0.230689,0.258958,-0.93796,-0.321491,-0.930062,-0.177765,-0.918114,0.260209,0.298975,5.7e-05,0.000562,0.000712,0.0,0.0,0.0,-1.776813,-0.131162,-0.033626,0.312721,0.051951,-0.789693,0.611292,0.993497,0.102714,0.048445,-0.101125,0.605778,0.789094,-0.000849,0.008044,0.009293,0.130579,-0.343732,0.059782,0.267117,0.060287,0.026208,-0.0114,-0.078438,0.872864,0.481617,-0.980614,-0.15457,0.120428,0.179561,-0.462834,0.868067,-0.000444,0.004119,0.004763,0.180162,-0.438939,0.002328,0.174433,0.079265,0.014856,-0.061474,0.27891,-0.280215,-0.918525,0.344804,0.921921,-0.176551,0.89628,-0.26747,0.353752,4.8e-05,0.000461,0.000584,-1e-05,9e-06,1.9e-05,-1.034301
354,0.159592,-0.055754,0.312045,-0.230701,0.258948,-0.937959,-0.321512,-0.930059,-0.177744,-0.918103,0.260232,0.298988,1e-06,1e-05,1.2e-05,0.0,0.0,0.0,-1.777043,-0.131181,-0.033547,0.312971,0.062626,-0.795113,0.603213,0.992369,0.113696,0.047029,-0.10607,0.59665,0.795375,0.000447,-0.002206,0.018446,0.06939,-0.285043,0.070442,0.266956,0.060278,0.026249,-0.011273,-0.090236,0.876447,0.472966,-0.978801,-0.16572,0.120349,0.183859,-0.45208,0.872822,-0.000475,0.004418,0.005098,0.084657,-0.265947,0.084451,0.174433,0.079266,0.014854,-0.061468,0.278923,-0.280204,-0.918524,0.344825,0.921917,-0.176528,0.896268,-0.267493,0.353765,1e-06,9e-06,1.1e-05,-1e-05,-1.4e-05,-1.2e-05,-1.034301
355,0.159592,-0.055754,0.312045,-0.230701,0.258948,-0.937959,-0.321512,-0.930059,-0.177744,-0.918103,0.260232,0.298988,0.0,0.0,0.0,0.0,0.0,0.0,-1.775956,-0.131194,-0.033395,0.313522,0.089037,-0.805614,0.585704,0.990021,0.135848,0.03655,-0.109139,0.577605,0.808903,0.000442,-0.002161,0.01846,0.194693,-0.543077,-0.093551,0.266665,0.060271,0.026326,-0.010996,-0.117343,0.882019,0.45637,-0.975371,-0.188782,0.114066,0.186763,-0.431746,0.882448,-0.000476,0.00441,0.005066,0.288093,-0.600896,-0.339674,0.173453,0.079266,0.014854,-0.061468,0.278923,-0.280204,-0.918524,0.344825,0.921917,-0.176528,0.896268,-0.267493,0.353765,-1e-06,1e-06,2e-06,3e-06,-3e-05,9e-06,-1.034302
356,0.159592,-0.055749,0.312052,-0.230686,0.258963,-0.937959,-0.321516,-0.930054,-0.177762,-0.918106,0.260234,0.298979,0.015954,0.00022,0.000185,0.000984,-0.014715,0.029553,-1.77641,-0.131326,-0.0333,0.314042,0.113438,-0.814167,0.569435,0.987159,0.157039,0.02808,-0.112443,0.559948,0.820779,-0.000708,0.006723,0.007697,0.136959,-0.345163,0.058916,0.267251,0.060205,0.026373,-0.010729,-0.143903,0.886622,0.439537,-0.97142,-0.211288,0.108165,0.188771,-0.41141,0.891687,0.000324,-0.002148,0.007995,0.080801,-0.308221,0.003496,0.174107,0.07926,0.014855,-0.061467,0.278925,-0.280202,-0.918524,0.344825,0.921918,-0.176525,0.896267,-0.267493,0.353766,5.2e-05,0.000533,0.000676,1e-06,-2.3e-05,3e-06,-1.034465
357,0.159604,-0.055749,0.312051,-0.230669,0.258981,-0.937958,-0.32152,-0.930048,-0.177783,-0.918108,0.260236,0.298968,0.0,0.0,0.0,0.0,0.0,0.0,-1.775469,-0.131471,-0.033211,0.31443,0.129288,-0.824588,0.550755,0.985873,0.166342,0.017825,-0.10649,0.541693,0.833721,0.000746,-0.005024,0.015131,0.325988,-0.755673,-0.209514,0.267037,0.060132,0.026419,-0.010541,-0.159637,0.892204,0.422477,-0.969917,-0.221431,0.101134,0.183782,-0.393623,0.900713,-0.007884,0.002248,0.003644,0.118595,-0.309138,0.026148,0.174433,0.079272,0.014857,-0.061465,0.278889,-0.280237,-0.918524,0.344836,0.921906,-0.176567,0.896274,-0.267498,0.353746,1e-06,-3e-06,-5e-06,-4e-06,1e-05,-1e-06,-1.034138
358,0.159616,-0.05575,0.31205,-0.230652,0.258998,-0.937958,-0.321525,-0.930043,-0.177804,-0.918111,0.260238,0.298958,0.0,0.0,0.0,0.0,0.0,0.0,-1.775757,-0.131532,-0.033168,0.314581,0.135728,-0.82848,0.543314,0.985197,0.170638,0.014293,-0.104737,0.534361,0.838661,0.00083,-0.005829,0.014207,0.279206,-0.661825,-0.153808,0.266845,0.060102,0.026441,-0.010457,-0.167191,0.894804,0.41397,-0.969142,-0.226298,0.097737,0.181136,-0.384855,0.905027,0.000419,-0.003027,0.006974,0.366316,-0.781559,-0.184719,0.174597,0.079278,0.014856,-0.061465,0.278872,-0.280254,-0.918524,0.344841,0.9219,-0.176587,0.896278,-0.2675,0.353735,1e-06,-2e-06,-6e-06,-8e-06,1.7e-05,-1e-06,-1.034628
359,0.159628,-0.055742,0.312043,-0.230622,0.259027,-0.937957,-0.321508,-0.930041,-0.177846,-0.918124,0.260218,0.298934,0.0,0.0,0.0,0.0,0.0,0.0,-1.775409,-0.131675,-0.033108,0.314747,0.153974,-0.834804,0.52857,0.982612,0.185369,0.006745,-0.10382,0.519378,0.848134,-0.015229,-0.000396,0.001691,0.313839,-0.676311,-0.24806,0.268489,0.060035,0.026474,-0.010372,-0.185925,0.897255,0.400453,-0.965875,-0.241696,0.0931,0.180322,-0.369478,0.911574,0.000584,-0.004564,0.005225,-0.240193,-0.131264,-0.540763,0.176393,0.079284,0.01486,-0.061469,0.278841,-0.280282,-0.918525,0.344827,0.921897,-0.176631,0.896293,-0.26748,0.353712,3e-06,-0.0,-4e-06,-1.2e-05,3.1e-05,-8e-06,-1.034628
360,0.15964,-0.055742,0.312043,-0.230604,0.259045,-0.937957,-0.321512,-0.930035,-0.177867,-0.918127,0.26022,0.298923,0.0,0.0,0.0,0.0,0.0,0.0,-1.775414,-0.131835,-0.033109,0.314768,0.171185,-0.837638,0.518701,0.979556,0.201001,0.001533,-0.105774,0.508875,0.854237,-0.0,4e-06,4e-06,-2.802887,-0.123032,-4.789263,0.270091,0.05995,0.026471,-0.010362,-0.200575,0.899274,0.388683,-0.963518,-0.25284,0.087768,0.177202,-0.356899,0.917181,-0.007536,-0.000975,-3.9e-05,0.046469,-0.159851,0.080016,0.178189,0.07929,0.01486,-0.061469,0.278824,-0.2803,-0.918525,0.344832,0.921891,-0.176651,0.896296,-0.267483,0.353702,3e-06,0.0,-5e-06,-1.1e-05,2.4e-05,-6e-06,-1.034628
361,0.159628,-0.055742,0.312043,-0.230622,0.259027,-0.937957,-0.321508,-0.930041,-0.177846,-0.918124,0.260218,0.298934,0.0,0.0,0.0,0.0,0.0,0.0,-1.774673,-0.131903,-0.033124,0.31473,0.17415,-0.841204,0.511897,0.979593,0.200805,-0.003053,-0.100458,0.503028,0.858332,0.000145,-0.001403,-0.001598,0.20604,-0.368281,-0.219686,0.27202,0.059916,0.026466,-0.010379,-0.207736,0.899778,0.383725,-0.962204,-0.258581,0.085426,0.176088,-0.351476,0.919486,-0.007506,-0.001241,-0.000344,0.233974,-0.425085,-0.312858,0.179985,0.079284,0.01486,-0.061469,0.278841,-0.280282,-0.918525,0.344827,0.921897,-0.176631,0.896293,-0.26748,0.353712,3e-06,-0.0,-4e-06,-1.2e-05,3e-05,-6e-06,-1.034628
362,0.159628,-0.055734,0.312036,-0.230609,0.259038,-0.937957,-0.321487,-0.930044,-0.177867,-0.918135,0.260195,0.298921,0.0,0.0,0.0,0.0,0.0,0.0,-1.773709,-0.131947,-0.033139,0.314704,0.1763,-0.845116,0.504667,0.979753,0.199912,-0.007266,-0.094986,0.49678,0.862583,1e-06,-1.1e-05,-1.3e-05,0.025115,-0.044526,-0.026577,0.279001,0.059894,0.026453,-0.010399,-0.211701,0.902745,0.374476,-0.962609,-0.258859,0.079841,0.169013,-0.343572,0.923792,-1e-06,5e-06,6e-06,0.010374,-0.105297,0.152373,0.1857,0.079284,0.014864,-0.061472,0.278828,-0.280293,-0.918526,0.344807,0.921901,-0.176653,0.896304,-0.267458,0.353699,3e-06,0.0,-4e-06,-1.1e-05,3.1e-05,-5e-06,-1.033485
363,0.159627,-0.055716,0.312009,-0.230586,0.259055,-0.937958,-0.321419,-0.930059,-0.177913,-0.918165,0.260125,0.298891,-9.2e-05,0.010554,-0.008937,0.035676,-0.011944,0.018869,-1.772833,-0.131871,-0.033097,0.314756,0.17818,-0.847451,0.500071,0.979749,0.199799,-0.010274,-0.091448,0.492829,0.865229,0.014949,0.003082,0.001372,0.01104,-0.031091,0.019761,0.261375,0.059927,0.026471,-0.010374,-0.213867,0.90414,0.369853,-0.962744,-0.259221,0.076983,0.165477,-0.33961,0.925895,-9e-05,0.000863,0.000983,-0.015493,0.018775,0.000866,0.181455,0.079283,0.014869,-0.061482,0.278818,-0.280299,-0.918527,0.344762,0.921912,-0.17668,0.896325,-0.267411,0.353682,2e-06,4e-06,4e-06,-3e-06,1e-06,1.2e-05,-1.033811
364,0.159639,-0.055706,0.311989,-0.230558,0.259079,-0.937958,-0.321377,-0.930064,-0.177958,-0.918186,0.26008,0.298863,-3.6e-05,-0.000349,-0.000442,0.0,0.0,0.0,-1.772262,-0.131786,-0.033037,0.314827,0.17952,-0.848402,0.497975,0.979661,0.200139,-0.011958,-0.089761,0.491048,0.866417,-0.000346,0.003329,0.003789,0.024603,-0.054086,0.001184,0.254566,0.059975,0.026498,-0.010344,-0.215236,0.904664,0.36777,-0.962736,-0.259713,0.075421,0.163746,-0.337832,0.926852,0.00737,0.002516,0.001792,0.014309,-0.043233,0.004804,0.170678,0.079289,0.014879,-0.061495,0.278778,-0.280334,-0.918528,0.344702,0.921921,-0.17675,0.89636,-0.267345,0.353643,-2.5e-05,-0.000271,-0.000343,-4e-06,-3e-06,6e-06,-1.033648
365,0.159661,-0.055678,0.31194,-0.23049,0.259139,-0.937959,-0.321272,-0.930079,-0.17807,-0.91824,0.259968,0.298795,-0.000115,-0.001131,-0.001432,-0.000835,0.013233,-0.025588,-1.771178,-0.131597,-0.032876,0.314996,0.184715,-0.847228,0.498073,0.97842,0.206117,-0.012016,-0.09273,0.490597,0.86636,0.014639,0.005935,0.004608,-0.031219,0.067612,-0.157959,0.234965,0.060064,0.02658,-0.010257,-0.220061,0.903187,0.368545,-0.961102,-0.265387,0.076497,0.166898,-0.337376,0.926456,-0.000196,0.001854,0.002103,-0.075028,0.003487,-0.127529,0.150266,0.0793,0.014894,-0.061517,0.278693,-0.280406,-0.918532,0.344608,0.92193,-0.176886,0.896423,-0.267237,0.353566,1e-06,-1.8e-05,-2.2e-05,2e-06,7e-06,4e-05,-1.033812
366,0.159683,-0.05564,0.311871,-0.230412,0.259204,-0.93796,-0.32112,-0.930106,-0.178207,-0.918313,0.259808,0.29871,-5.3e-05,-0.000522,-0.000661,0.0,0.0,0.0,-1.771369,-0.131547,-0.032796,0.315172,0.190428,-0.845761,0.498415,0.977018,0.212652,-0.012208,-0.095919,0.490337,0.86616,-0.000234,0.002235,0.002537,-0.01283,0.096206,-0.17358,0.207899,0.060094,0.026626,-0.010163,-0.225564,0.901469,0.369423,-0.959276,-0.271693,0.07727,0.170026,-0.33695,0.926042,-0.00014,0.001311,0.001484,0.001129,-2.7e-05,0.00195,0.118098,0.079311,0.014912,-0.061554,0.27863,-0.280456,-0.918536,0.344459,0.921962,-0.177013,0.8965,-0.267077,0.353492,-3.1e-05,-0.00033,-0.000417,-7e-06,5e-06,3e-05,-1.034138
