frame,MLTx,MLTy,MLTz,MLTR1,MLTR2,MLTR3,MLTR4,MLTR5,MLTR6,MLTR7,MLTR8,MLTR9,MLTTVx,MLTTVy,MLTTVz,MLTRVx,MLTRVy,MLTRVz,MLGA,MRTx,MRTy,MRTz,MRTR1,MRTR2,MRTR3,MRTR4,MRTR5,MRTR6,MRTR7,MRTR8,MRTR9,MRTTVx,MRTTVy,MRTTVz,MRTRVx,MRTRVy,MRTRVz,MRGA,SLTx,SLTy,SLTz,SLTR1,SLTR2,SLTR3,SLTR4,SLTR5,SLTR6,SLTR7,SLTR8,SLTR9,SLTTVx,SLTTVy,SLTTVz,SLTRVx,SLTRVy,SLTRVz,SLGA,SRTx,SRTy,SRTz,SRTR1,SRTR2,SRTR3,SRTR4,SRTR5,SRTR6,SRTR7,SRTR8,SRTR9,SRTTVx,SRTTVy,SRTTVz,SRTRVx,SRTRVy,SRTRVz,SRGA
31,0.150742,0.042644,0.400215,-0.318238,-0.543297,-0.776916,-0.039752,-0.811155,0.583455,-0.946797,0.217233,0.237515,-0.000485,-0.004358,-0.001956,4.9e-05,8.7e-05,4.1e-05,0.446881,-0.19887,0.017706,0.335254,0.647379,0.652137,0.394474,-0.676368,0.730136,-0.096755,-0.351914,-0.205005,0.913232,-0.002165,0.023408,-0.032168,-0.154014,0.36483,0.056608,-1.405776,0.02038,0.029943,-0.00912,-0.730123,-0.525205,0.437127,0.529993,-0.839051,-0.122879,0.431309,0.141958,0.890965,-0.001089,0.011455,-0.01628,-0.364682,0.50465,0.348122,-0.612954,0.091161,0.045718,-0.039837,-0.34143,-0.526834,-0.778377,0.071809,-0.840343,0.537276,-0.937159,0.127547,0.32475,-0.000281,-0.002537,-0.001139,-0.003642,0.009544,-0.027265,0.423067
32,0.150715,0.042508,0.400113,-0.318281,-0.543375,-0.776844,-0.039622,-0.811119,0.583514,-0.946788,0.217173,0.237606,-0.000478,-0.004289,-0.001928,-0.00088,0.012649,-0.02588,0.431621,-0.199026,0.019082,0.333853,0.652723,0.641922,0.402345,-0.669791,0.737131,-0.089171,-0.354625,-0.212102,0.910558,-0.002201,0.039332,-0.036341,-0.268174,0.521353,0.195713,-1.405981,0.020302,0.030601,-0.009813,-0.733181,-0.514231,0.444984,0.52281,-0.844693,-0.11473,0.434873,0.148525,0.888158,-0.00109,0.019533,-0.018274,0.032044,0.093703,0.138083,-0.780327,0.091148,0.045651,-0.039887,-0.341424,-0.526918,-0.778322,0.071915,-0.8403,0.53733,-0.937153,0.127484,0.324792,-0.000207,-0.001862,-0.000837,-5.7e-05,-6.6e-05,-1.6e-05,0.409514
33,0.15071,0.042483,0.400071,-0.318175,-0.543241,-0.776981,-0.039603,-0.811242,0.583344,-0.946824,0.217047,0.237575,-0.000224,-0.002014,-0.000906,0.0,0.0,0.0,0.423712,-0.19908,0.019937,0.333102,0.657895,0.634124,0.406265,-0.664163,0.742846,-0.083669,-0.355659,-0.21559,0.909335,-0.002598,0.050912,-0.043963,0.597202,0.098383,1.772385,-1.406257,0.020274,0.031041,-0.010198,-0.735484,-0.505961,0.450627,0.518009,-0.848611,-0.107354,0.436725,0.154472,0.886233,-0.001041,0.020121,-0.01784,2.063085,-0.047071,5.180154,-0.732646,0.091145,0.045632,-0.039911,-0.341348,-0.526785,-0.778446,0.071935,-0.840402,0.537168,-0.93718,0.127364,0.324764,-0.0001,-0.000914,-0.00041,-1e-06,4e-06,-3e-06,0.39939
34,0.150678,0.042453,0.400027,-0.318113,-0.543167,-0.777058,-0.039559,-0.811318,0.583241,-0.946847,0.216948,0.237576,-7.5e-05,-0.000676,-0.000304,0.0,0.0,0.0,0.408426,-0.199242,0.021735,0.331384,0.666511,0.621479,0.411726,-0.661043,0.748005,-0.058684,-0.345265,-0.233848,0.908829,-0.002999,0.04596,-0.047777,-0.746438,-0.211282,0.583324,-1.406341,0.020194,0.03195,-0.011048,-0.742008,-0.491016,0.456428,0.513853,-0.853835,-0.083176,0.430555,0.17282,0.885863,-0.001302,0.016904,-0.020305,-2.157677,-1.426374,1.119513,-0.746852,0.091129,0.045618,-0.039933,-0.341299,-0.526702,-0.778523,0.071975,-0.840469,0.537058,-0.937194,0.127263,0.324761,3.3e-05,0.004856,-0.004732,0.035588,-0.012958,0.018371,0.378325
35,0.150657,0.04243,0.400007,-0.318031,-0.543055,-0.77717,-0.039579,-0.811411,0.58311,-0.946874,0.216878,0.237532,-3.2e-05,-0.000284,-0.000128,0.0,0.0,0.0,0.39914,-0.199485,0.022995,0.329547,0.669275,0.615282,0.416521,-0.657526,0.7515,-0.053308,-0.34664,-0.238981,0.906969,-0.003298,0.026055,-0.04678,0.126692,-0.00565,0.030479,-1.406009,0.020073,0.032593,-0.011963,-0.743757,-0.483388,0.461694,0.509814,-0.856928,-0.075919,0.432337,0.178913,0.883784,-0.001667,0.012458,-0.023842,0.181074,-0.061417,-0.004238,-0.747179,0.091119,0.045608,-0.039942,-0.341235,-0.526578,-0.778635,0.07195,-0.840557,0.536923,-0.937219,0.127194,0.324715,-1.3e-05,-0.000111,-4.9e-05,-3e-06,-4e-06,0.0,0.361833
36,0.150648,0.042454,0.399987,-0.318013,-0.543043,-0.777185,-0.03951,-0.811439,0.583076,-0.946882,0.216804,0.237564,-0.0,-4e-06,-2e-06,0.0,0.0,0.0,0.396477,-0.199549,0.023441,0.328636,0.670611,0.613128,0.417546,-0.655478,0.753299,-0.053128,-0.347938,-0.238847,0.906507,-0.003454,0.024237,-0.048259,0.128497,0.00648,0.003788,-1.406171,0.020039,0.032823,-0.012438,-0.744665,-0.481214,0.462499,0.507459,-0.858317,-0.075993,0.433541,0.17811,0.883356,-0.001718,0.01188,-0.024318,0.158151,-0.024782,-0.016239,-0.749465,0.091114,0.04562,-0.039952,-0.34122,-0.526565,-0.778651,0.072018,-0.840577,0.536882,-0.93722,0.127118,0.324744,5e-06,4.3e-05,2.2e-05,8e-06,7e-06,1.1e-05,0.356281
37,0.150658,0.042508,0.399938,-0.317798,-0.542775,-0.777461,-0.039447,-0.811691,0.582729,-0.946957,0.21653,0.237516,0.000135,0.010341,-0.009182,0.035581,-0.012977,0.01836,0.386981,-0.199635,0.024333,0.326848,0.674532,0.612276,0.41245,-0.652951,0.755474,-0.053357,-0.345096,-0.2341,0.908828,-0.003287,0.026204,-0.046682,0.141378,-0.02316,0.018162,-1.405814,0.019996,0.03326,-0.013339,-0.748695,-0.479938,0.45729,0.50463,-0.859953,-0.076341,0.429887,0.173607,0.886034,-0.001619,0.013059,-0.023372,0.146216,-0.018292,0.014794,-0.751261,0.091119,0.045644,-0.039972,-0.341058,-0.526277,-0.778916,0.072051,-0.840795,0.536537,-0.937276,0.126869,0.324678,2e-06,1.4e-05,7e-06,1.3e-05,1.1e-05,1.7e-05,0.347463
38,0.15065,0.042521,0.399819,-0.321859,-0.537452,-0.779485,-0.044036,-0.813906,0.579301,-0.945378,0.221443,0.239271,-0.000363,-0.003255,-0.001467,-0.006468,0.100946,-0.204014,0.370892,-0.199708,0.025148,0.32511,0.677241,0.609521,0.412093,-0.651134,0.757288,-0.049732,-0.343221,-0.235425,0.909196,-0.003009,0.013347,-0.040209,0.023146,0.08151,0.069538,-1.405341,0.019957,0.033656,-0.014173,-0.750817,-0.476822,0.45707,0.5029,-0.861304,-0.072422,0.428209,0.175485,0.886477,-0.001471,0.006731,-0.020052,-0.011755,0.129102,0.098381,-0.737545,0.091116,0.045657,-0.040029,-0.345711,-0.521019,-0.780398,0.06735,-0.843312,0.533187,-0.93592,0.131769,0.326633,-0.000136,-0.001239,-0.000556,-0.007447,-0.008316,-0.004344,0.328848
39,0.150623,0.042543,0.399664,-0.320645,-0.535684,-0.7812,-0.044524,-0.815312,0.577283,-0.945769,0.220547,0.238552,-0.000207,0.007276,-0.01056,0.035579,-0.012994,0.018352,0.356171,-0.199754,0.025686,0.323408,0.677854,0.606538,0.415473,-0.648903,0.759222,-0.049392,-0.34623,-0.236896,0.907672,-0.003399,0.008882,-0.043994,0.034697,0.083297,0.035384,-1.405146,0.019938,0.03394,-0.015037,-0.750694,-0.473639,0.460569,0.50029,-0.862866,-0.071915,0.431471,0.176432,0.884705,-0.001681,0.004328,-0.022085,0.031274,0.087875,0.040015,-0.740484,0.091102,0.045667,-0.040112,-0.344748,-0.519233,-0.782013,0.066819,-0.844546,0.531296,-0.936313,0.13091,0.32585,-0.00011,0.003555,-0.005318,0.035595,-0.013096,0.017806,0.307784
40,0.150593,0.042574,0.399575,-0.320572,-0.535628,-0.781269,-0.044302,-0.815418,0.57715,-0.945804,0.220292,0.238649,-7.1e-05,0.008484,-0.010014,0.035578,-0.013002,0.018348,0.348822,-0.199735,0.025936,0.322454,0.677981,0.605155,0.417279,-0.647861,0.760108,-0.049441,-0.347932,-0.237591,0.906839,-0.003469,0.008108,-0.044711,0.077219,0.036727,0.000226,-1.40499,0.019949,0.034056,-0.015496,-0.750563,-0.472005,0.462455,0.499021,-0.86363,-0.071554,0.433165,0.177069,0.883749,0.004902,0.003784,-0.022999,0.099836,0.001198,0.018628,-0.744076,0.091087,0.045678,-0.040153,-0.344692,-0.519182,-0.782072,0.06702,-0.844614,0.531163,-0.93632,0.130673,0.325927,-7.6e-05,0.003847,-0.005186,0.035714,-0.013104,0.018221,0.299293
41,0.150582,0.042572,0.399439,-0.319021,-0.533377,-0.783441,-0.045054,-0.817165,0.574616,-0.946295,0.219271,0.237642,-0.000429,-0.003836,-0.001733,-0.0,-2e-06,4e-06,0.28727,-0.199695,0.02655,0.320558,0.677776,0.600487,0.424294,-0.64478,0.762738,-0.049217,-0.354015,-0.240985,0.903583,-0.003432,0.008601,-0.044433,0.060028,0.055444,0.014808,-1.404596,0.019967,0.034366,-0.016467,-0.749037,-0.467492,0.469461,0.495602,-0.865622,-0.071247,0.439683,0.179299,0.880073,0.004748,0.010006,-0.026449,0.122358,0.001712,0.046551,-0.745056,0.091082,0.045683,-0.040224,-0.343478,-0.516669,-0.784267,0.066203,-0.846315,0.528551,-0.936823,0.129625,0.324896,-0.000226,-0.002041,-0.000924,-0.000122,0.002183,-0.004323,0.250959
42,0.150568,0.042511,0.399183,-0.307781,-0.516462,-0.799114,-0.052572,-0.829368,0.556198,-0.949636,0.213836,0.229112,-0.000708,-0.006328,-0.002867,-0.003012,-0.018264,0.042193,0.15883,-0.199743,0.027044,0.318574,0.679902,0.59445,0.429363,-0.641949,0.765496,-0.043021,-0.355088,-0.247139,0.901498,-0.003801,0.004463,-0.048114,0.001539,0.133683,0.039597,-1.405072,0.019945,0.034618,-0.017434,-0.749842,-0.461313,0.474263,0.492732,-0.867748,-0.065011,0.441532,0.184937,0.877978,0.004767,0.002138,-0.024553,-0.032587,0.165141,0.100581,-0.745872,0.091075,0.045655,-0.040351,-0.334873,-0.498023,-0.799894,0.05806,-0.8582,0.510019,-0.940472,0.12435,0.316304,-0.000254,0.002282,-0.005895,0.02848,-0.116748,0.246101,0.119346
43,0.150511,0.042472,0.399053,-0.304461,-0.505152,-0.807571,-0.061604,-0.835601,0.545845,-0.950167,0.216562,0.224298,-0.000562,0.004102,-0.011998,-0.08557,0.059121,0.072214,0.093274,-0.199764,0.027145,0.317657,0.680126,0.592952,0.431077,-0.640922,0.766375,-0.042686,-0.356516,-0.248011,0.900694,-0.003772,0.004872,-0.047875,0.077131,-0.067221,0.171273,-1.404685,0.019933,0.034667,-0.017914,-0.74955,-0.459671,0.476315,0.491598,-0.86843,-0.064485,0.443289,0.185821,0.876906,-0.001892,0.002022,-0.024286,0.093702,0.037792,-0.03055,-0.746199,0.091046,0.045632,-0.040418,-0.333129,-0.486054,-0.807945,0.048688,-0.864614,0.500071,-0.941622,0.127251,0.311693,-0.000293,0.001939,-0.006047,-0.087432,0.071052,0.051969,0.024965
44,0.150171,0.042294,0.398838,-0.295771,-0.486306,-0.822236,-0.073741,-0.846552,0.527148,-0.952057,0.217147,0.215553,-0.012722,-0.008099,-0.003256,-0.002975,-0.163559,0.349151,0.013921,-0.199705,0.027344,0.315819,0.682729,0.587896,0.433879,-0.638114,0.768981,-0.037584,-0.356582,-0.251955,0.899573,-0.003532,0.007729,-0.045626,-0.002419,0.017891,0.238378,-1.404757,0.01996,0.034761,-0.018857,-0.751148,-0.454364,0.478883,0.4886,-0.870475,-0.059517,0.443899,0.189276,0.875858,-0.001728,0.003952,-0.022736,0.000176,0.016258,0.23694,-0.746036,0.090881,0.045549,-0.040523,-0.327358,-0.466125,-0.821926,0.035949,-0.875369,0.482116,-0.944216,0.128277,0.303315,-0.006274,0.001182,-0.006176,0.020107,-0.452144,0.962369,-0.118731
45,0.149618,0.041872,0.398665,-0.291354,-0.475489,-0.830102,-0.076407,-0.853405,0.515591,-0.953213,0.214231,0.213349,-0.013373,-0.01348,-0.005735,0.146162,0.114937,0.394004,-0.053589,-0.199494,0.027745,0.314076,0.692346,0.567808,0.445245,-0.623986,0.780979,-0.025418,-0.363013,-0.260953,0.89442,0.010104,0.011174,-0.043631,-0.215787,0.344112,0.298024,-1.404296,0.020066,0.03496,-0.01973,-0.75636,-0.432905,0.490419,0.473349,-0.879648,-0.046454,0.451507,0.197004,0.870246,0.005097,0.00578,-0.021648,-0.232478,0.362116,0.31022,-0.746199,0.090605,0.045345,-0.040606,-0.32359,-0.455112,-0.829555,0.032553,-0.881561,0.470945,-0.945637,0.125388,0.30008,-0.006641,-0.006368,-0.002687,0.245098,0.347979,0.311104,-0.205112
46,0.149336,0.041559,0.398572,-0.288263,-0.471228,-0.833603,-0.077969,-0.85611,0.51085,-0.954029,0.212836,0.211086,-0.013512,-0.014475,-0.006211,0.012159,-0.144521,0.30305,-0.086462,-0.199333,0.028035,0.31325,0.698056,0.553114,0.454725,-0.615429,0.788035,-0.013535,-0.366687,-0.271109,0.88989,0.010371,0.014218,-0.041017,0.372429,0.475725,1.921673,-1.404188,0.020142,0.035097,-0.02013,-0.758086,-0.419285,0.499504,0.466113,-0.884045,-0.03466,0.456117,0.20655,0.865617,0.005151,0.007162,-0.020532,1.953637,0.618994,5.476462,-0.746362,0.090464,0.045186,-0.040654,-0.322201,-0.449893,-0.832935,0.031178,-0.884423,0.465642,-0.946157,0.124061,0.298989,-0.006902,-0.013038,0.001197,-0.036015,-0.135346,0.250716,-0.234014
47,0.148612,0.040889,0.398319,-0.282116,-0.462756,-0.840424,-0.08088,-0.861411,0.501399,-0.95563,0.209997,0.20664,-0.025766,-0.017268,-0.007124,0.014357,-0.208531,0.424287,-0.152781,-0.198813,0.028773,0.311777,0.712109,0.51139,0.481012,-0.591128,0.806334,0.018109,-0.379475,-0.297888,0.875857,0.010947,0.020964,-0.035121,-0.324835,1.438764,0.729829,-1.40398,0.020406,0.035469,-0.020884,-0.763975,-0.374585,0.525382,0.439197,-0.898388,-0.001878,0.472701,0.229312,0.850863,0.005518,0.010743,-0.017342,-0.240473,1.473582,0.679328,-0.74081,0.090107,0.044852,-0.04078,-0.317203,-0.440789,-0.839694,0.027835,-0.889365,0.456348,-0.947948,0.121382,0.294379,-0.012876,-0.008623,-0.003545,0.008482,-0.121217,0.245673,-0.283655
48,0.147625,0.040178,0.397991,-0.282784,-0.452946,-0.845529,-0.093158,-0.864366,0.49413,-0.954313,0.219059,0.20329,-0.026105,-0.019089,-0.008042,0.007312,-0.120157,0.24616,-0.185742,-0.198169,0.029664,0.310445,0.7195,0.464475,0.516308,-0.567694,0.821538,0.05227,-0.400777,-0.331306,0.854095,0.011169,0.023804,-0.032603,-0.927303,1.158087,0.767749,-1.404241,0.020728,0.035918,-0.021547,-0.760842,-0.326808,0.560638,0.415289,-0.909065,0.033675,0.498652,0.258448,0.827375,0.005619,0.01207,-0.016171,-0.891165,1.112216,0.746336,-0.752731,0.089613,0.044495,-0.040944,-0.318999,-0.430705,-0.844235,0.015186,-0.892982,0.449836,-0.947633,0.130676,0.291401,-0.01306,-0.009679,-0.004065,0.005783,-0.11924,0.24783,-0.324967
49,0.146527,0.03951,0.397633,-0.282547,-0.447412,-0.848549,-0.099359,-0.866179,0.489729,-0.953759,0.223234,0.201342,-0.038199,-0.019372,-0.007831,0.007346,-0.106104,0.216329,-0.118703,-0.197358,0.031074,0.308994,0.719286,0.421725,0.552057,-0.554755,0.82695,0.09129,-0.418912,-0.372457,0.828041,0.023893,0.050843,-0.044618,-0.956846,1.222039,0.928227,-1.404002,0.021133,0.036624,-0.022271,-0.751133,-0.284577,0.595662,0.403722,-0.91193,0.073422,0.522309,0.295632,0.799872,0.011977,0.025597,-0.022177,-0.928196,1.189777,0.911146,-0.771509,0.089069,0.044161,-0.041124,-0.319429,-0.424995,-0.846961,0.008783,-0.895076,0.445825,-0.947568,0.13497,0.289646,-0.013212,-0.010373,-0.004429,0.002084,-0.020569,0.041894,-0.315333
50,0.145902,0.03922,0.397422,-0.284509,-0.444868,-0.849231,-0.104552,-0.866151,0.488696,-0.952618,0.228375,0.200977,-0.026091,-0.008633,-0.017272,0.037827,-0.0464,0.085681,-0.052831,-0.196896,0.031911,0.308225,0.721234,0.388884,0.573221,-0.540998,0.832976,0.115784,-0.433343,-0.394113,0.810402,0.024244,0.038828,-0.03764,-1.099482,1.352775,1.013507,-1.404175,0.021365,0.037046,-0.022653,-0.745995,-0.251534,0.616621,0.390482,-0.915266,0.099051,0.539458,0.314671,0.781003,0.012139,0.019486,-0.018786,-1.255128,1.495224,1.123164,-0.780817,0.088751,0.044008,-0.041227,-0.321592,-0.422503,-0.847389,0.003476,-0.89545,0.445147,-0.946871,0.14021,0.289438,-0.019044,-0.00899,-0.003585,0.002124,-0.01877,0.038732,-0.285941
51,0.144542,0.038793,0.396866,-0.284993,-0.444978,-0.84901,-0.109487,-0.864827,0.489958,-0.951918,0.233139,0.198812,-0.038088,-0.007858,-0.01656,0.023762,-0.058081,0.043541,0.088826,-0.195959,0.033763,0.306597,0.707269,0.300108,0.640077,-0.509127,0.844319,0.166881,-0.491217,-0.444291,0.749116,0.023758,0.051342,-0.043964,-0.318331,4.228885,-0.169712,-1.403606,0.021824,0.037955,-0.023448,-0.715253,-0.167276,0.678551,0.359742,-0.920542,0.152268,0.599164,0.353014,0.718597,0.01189,0.025738,-0.021952,-1.147074,2.169641,1.463635,-0.780817,0.088061,0.043791,-0.041512,-0.32176,-0.422756,-0.847198,-0.001544,-0.894547,0.44697,-0.946819,0.145125,0.287177,-0.019035,-0.003948,-0.008265,0.042853,-0.031845,0.056591,-0.168372
52,0.143236,0.038732,0.395951,-0.27958,-0.45092,-0.847674,-0.115316,-0.860714,0.495827,-0.952841,0.23693,0.1897,-0.026103,0.001593,-0.026622,-0.180523,-0.465476,-0.311217,0.242744,-0.195098,0.035436,0.304964,0.681726,0.19984,0.703779,-0.481898,0.846372,0.226631,-0.551206,-0.493903,0.67238,0.023388,0.047683,-0.047117,-1.337302,2.343532,0.918242,-1.403861,0.022264,0.038816,-0.024277,-0.666372,-0.07116,0.742215,0.336054,-0.917262,0.21377,0.665594,0.391875,0.635151,0.01171,0.023738,-0.023675,-1.266829,2.273378,0.860449,-0.769713,0.087408,0.04376,-0.04197,-0.316982,-0.427585,-0.846577,-0.006838,-0.891554,0.452862,-0.948406,0.149338,0.279682,-0.013032,0.000813,-0.013278,-0.265295,-0.595206,-0.371777,0.01533
53,0.142552,0.038937,0.39529,-0.275153,-0.45438,-0.847275,-0.115072,-0.859387,0.498182,-0.954163,0.235134,0.185235,-0.037717,0.013294,-0.034711,0.016655,-0.140605,-0.167862,0.319721,-0.194616,0.036273,0.304131,0.669726,0.148867,0.727528,-0.467256,0.84584,0.257215,-0.577903,-0.512393,0.635094,0.023461,0.049414,-0.0455,-1.282178,2.484065,0.785144,-1.40418,0.022496,0.039211,-0.02468,-0.645541,-0.024607,0.763328,0.322998,-0.91449,0.243676,0.692061,0.403856,0.598289,0.018575,0.018438,-0.020048,-0.855241,2.342731,0.826202,-0.761059,0.08708,0.043858,-0.042288,-0.310903,-0.431469,-0.84686,-0.007048,-0.889947,0.456009,-0.950415,0.147743,0.273646,-0.012918,0.006035,-0.017835,0.030051,-0.147666,-0.134931,0.123429
54,0.141496,0.039577,0.39377,-0.264896,-0.461344,-0.84678,-0.138928,-0.850724,0.506891,-0.953903,0.252484,0.162318,-0.025652,0.022399,-0.044834,-0.278189,-0.922653,-0.268408,0.406312,-0.193577,0.037772,0.302706,0.65768,0.052554,0.751457,-0.435854,0.840074,0.322864,-0.615116,-0.539931,0.57443,0.024012,0.040253,-0.036026,0.029602,1.963255,2.083297,-1.404153,0.023024,0.039976,-0.025413,-0.613769,0.070249,0.786353,0.297349,-0.902116,0.31268,0.731348,0.425735,0.532802,0.012012,0.020224,-0.017926,-0.024372,1.975156,2.184082,-0.758936,0.086547,0.044175,-0.043044,-0.302564,-0.43627,-0.847421,-0.029938,-0.884305,0.465947,-0.952658,0.166349,0.254498,-0.012809,0.011102,-0.02244,-0.061813,-0.384498,-0.225541,0.288679
55,0.14083,0.040272,0.392104,-0.241657,-0.475341,-0.84599,-0.155274,-0.841649,0.517193,-0.957573,0.25693,0.13064,-0.013676,0.022133,-0.04534,-0.333662,-0.966801,-0.480527,0.44324,-0.192514,0.039113,0.301841,0.637779,-0.055625,0.768202,-0.398254,0.829786,0.390873,-0.659965,-0.555157,0.506072,0.026176,0.017,-0.004103,2.950889,4.019354,4.267907,-1.404186,0.023535,0.040613,-0.025853,-0.577116,0.1656,0.799695,0.270435,-0.885223,0.378475,0.770585,0.43469,0.466092,0.012852,0.014327,-0.005616,-1.05355,1.708001,1.05704,-0.760242,0.08621,0.044521,-0.043877,-0.277996,-0.448453,-0.849474,-0.046163,-0.877074,0.478131,-0.959471,0.172133,0.223122,-0.006953,0.005848,-0.018136,-0.12981,-0.597243,-0.099188,0.377346
56,0.140487,0.040801,0.390718,-0.219446,-0.489966,-0.843695,-0.17832,-0.830062,0.528367,-0.958933,0.267001,0.095837,-0.001921,0.003434,-0.026627,-0.368939,-0.96546,-0.277921,0.448572,-0.191378,0.039797,0.301783,0.609692,-0.146017,0.779068,-0.369059,0.81744,0.442179,-0.70215,-0.556926,0.443489,0.026811,0.008517,0.005812,-1.052969,1.499178,1.137593,-1.404184,0.024124,0.040981,-0.02588,-0.530024,0.25673,0.808185,0.241616,-0.867839,0.434137,0.812831,0.425374,0.397946,0.013426,0.004561,0.003159,-0.987331,1.417045,1.078392,-0.761548,0.086032,0.04479,-0.044589,-0.253287,-0.462216,-0.849824,-0.069347,-0.867534,0.492517,-0.964902,0.183681,0.187682,-0.000907,0.001905,-0.013204,-0.420385,-1.047421,-0.317634,0.406738
57,0.140385,0.041001,0.390129,-0.211171,-0.496157,-0.842188,-0.192098,-0.823746,0.533397,-0.95814,0.275033,0.079692,-0.013596,0.00598,-0.024975,-1.703649,0.129329,-0.299222,0.447189,-0.190739,0.04022,0.301867,0.597993,-0.177436,0.781609,-0.360148,0.811597,0.459933,-0.716688,-0.556303,0.420415,0.039769,0.027234,0.004121,-0.701186,1.024062,0.843909,-1.404142,0.024428,0.041175,-0.025846,-0.51286,0.2855,0.809607,0.234742,-0.860498,0.452148,0.825754,0.421938,0.374296,0.013589,0.007782,0.006038,-0.798403,1.141442,0.882838,-0.756976,0.085987,0.044888,-0.044874,-0.24383,-0.467856,-0.849503,-0.08149,-0.86296,0.498657,-0.966387,0.190813,0.17229,-0.000703,0.008176,-0.017399,-5.064837,1.794692,0.129532,0.411147
58,0.140345,0.041292,0.389189,-0.196967,-0.507161,-0.839069,-0.219306,-0.811356,0.541828,-0.955339,0.291362,0.049635,-0.001231,-0.000141,-0.014249,-0.449806,-0.663273,-0.376939,0.437283,-0.189523,0.040989,0.302523,0.577026,-0.239823,0.780716,-0.346969,0.79327,0.50027,-0.739995,-0.559245,0.373517,0.02793,0.010197,0.024681,-0.845857,1.151417,0.895238,-1.404562,0.025026,0.041566,-0.025531,-0.482301,0.341608,0.806653,0.226887,-0.840696,0.491681,0.846113,0.420158,0.327962,0.013712,0.011486,0.009291,-0.762551,1.044954,0.85269,-0.759915,0.085962,0.045028,-0.045341,-0.230001,-0.477244,-0.848137,-0.109418,-0.853294,0.509819,-0.967019,0.21006,0.14404,-0.000575,0.000135,-0.007031,-1.483086,0.64174,-0.069023,0.404942
59,0.140343,0.041508,0.388583,-0.189773,-0.518754,-0.833623,-0.231631,-0.80143,0.551387,-0.953894,0.298372,0.032972,-0.000718,0.003406,-0.012483,-0.103128,-0.288692,-0.161662,0.43543,-0.188199,0.041296,0.303487,0.555486,-0.300292,0.775404,-0.319962,0.783409,0.532756,-0.768114,-0.543654,0.338088,0.04145,-0.001672,0.030437,-0.144156,0.909563,0.738061,-1.404234,0.025699,0.041737,-0.025034,-0.449472,0.399231,0.799117,0.20471,-0.824734,0.527169,0.869521,0.400535,0.288969,0.013885,0.004896,0.012067,0.693833,1.698849,1.217754,-0.760079,0.085961,0.04514,-0.045652,-0.220006,-0.489555,-0.84376,-0.122553,-0.844229,0.521782,-0.967769,0.218201,0.125739,-0.000263,0.002276,-0.005949,-0.102607,-0.304424,-0.177271,0.397594
60,0.140291,0.041625,0.388356,-0.186493,-0.527231,-0.829032,-0.231471,-0.796502,0.558549,-0.954583,0.296714,0.02754,-0.000381,0.005737,-0.011318,-0.139518,-0.379751,-0.169361,0.440685,-0.187546,0.041398,0.304,0.540341,-0.332833,0.772816,-0.303109,0.77968,0.547867,-0.785551,-0.529858,0.31941,0.027724,0.009798,0.024078,-0.498896,0.949077,0.65638,-1.40422,0.026031,0.041786,-0.024773,-0.429556,0.427609,0.795381,0.189036,-0.818688,0.54223,0.883032,0.383274,0.270839,0.020682,-0.000673,0.015308,-0.312895,1.2108,0.871359,-0.75616,0.085935,0.045198,-0.045766,-0.216491,-0.497448,-0.840044,-0.121764,-0.839974,0.528787,-0.968661,0.216765,0.121275,-0.006146,0.003269,-0.005259,-0.214822,-0.480223,-0.279397,0.398573
61,0.139991,0.041768,0.388065,-0.188432,-0.54826,-0.814831,-0.233485,-0.780898,0.579357,-0.95371,0.300099,0.020154,-0.012384,-0.002285,-0.000753,-0.151251,-0.187908,-0.46992,0.442867,-0.186169,0.041627,0.305286,0.488681,-0.418111,0.765745,-0.256317,0.770043,0.584183,-0.834497,-0.481222,0.268147,0.02847,0.004421,0.036461,3.368162,4.640121,2.524653,-1.404548,0.026709,0.041894,-0.024155,-0.368723,0.497804,0.785005,0.151217,-0.801136,0.579061,0.917156,0.33222,0.220121,0.020763,0.00284,0.018292,0.402113,2.150197,1.415982,-0.75616,0.085794,0.045272,-0.045911,-0.215456,-0.518916,-0.827226,-0.123316,-0.825882,0.550191,-0.968695,0.220553,0.11395,-0.006099,-0.000595,-9.2e-05,-0.06916,-0.190891,-1.12647,0.407554
62,0.139539,0.041783,0.388173,-0.177851,-0.562542,-0.807441,-0.244931,-0.769398,0.589921,-0.952883,0.303381,6.3e-05,-0.011341,0.004843,0.002816,-0.34155,-0.686143,-0.387551,0.42404,-0.184941,0.041903,0.306795,0.404401,-0.514199,0.756341,-0.190149,0.761534,0.619551,-0.895031,-0.393714,0.209215,0.029177,-0.001642,0.048129,3.59437,5.012703,2.226021,-1.404263,0.027334,0.042034,-0.023393,-0.268394,0.579774,0.769302,0.090107,-0.779992,0.619267,0.959085,0.235527,0.157103,0.01425,0.005355,0.020823,0.228408,2.51604,1.512128,-0.756813,0.085563,0.045274,-0.045865,-0.204379,-0.532152,-0.821609,-0.134237,-0.81616,0.562015,-0.969643,0.225155,0.095371,-0.005744,-0.002261,0.006167,-0.408553,-0.771182,-0.421134,0.398083
63,0.138985,0.042014,0.388511,-0.155715,-0.57574,-0.802696,-0.263369,-0.759,0.595423,-0.951867,0.304834,-0.032441,-0.022203,0.01269,0.007118,-0.492296,-0.984337,-0.51992,0.411093,-0.183634,0.042136,0.308879,0.304062,-0.598828,0.740906,-0.125748,0.745594,0.654378,-0.944628,-0.291385,0.150451,0.029359,0.008909,0.056729,3.459492,4.664678,1.576428,-1.404028,0.027987,0.042142,-0.022359,-0.154579,0.646818,0.746814,0.031471,-0.752292,0.658076,0.987479,0.125228,0.095933,0.021127,0.00502,0.028373,-0.517,1.462441,0.994766,-0.756323,0.08529,0.045386,-0.045697,-0.181497,-0.543293,-0.819689,-0.152786,-0.807832,0.569265,-0.97145,0.228557,0.063611,-0.0053,0.000737,0.007662,-0.346739,-0.607781,-0.264307,0.377019
64,0.138706,0.04225,0.388661,-0.14235,-0.584085,-0.799141,-0.270251,-0.753757,0.598988,-0.952047,0.301958,-0.049553,-0.010238,0.012029,0.006382,-0.432848,-0.884483,-0.455813,0.403565,-0.182894,0.042258,0.31004,0.258307,-0.632519,0.730198,-0.093535,0.735821,0.670636,-0.961779,-0.240733,0.129964,0.029278,0.010149,0.057495,1.410571,0.798914,3.207113,-1.403933,0.028358,0.042208,-0.021774,-0.100794,0.67041,0.735112,-0.000224,-0.73889,0.673825,0.994907,0.067753,0.074626,0.021557,-0.000367,0.031868,3.623039,5.032216,1.535315,-0.758936,0.085146,0.045508,-0.04562,-0.166779,-0.551156,-0.817563,-0.159888,-0.803084,0.574012,-0.972943,0.226452,0.045815,-0.005085,0.006258,0.003323,-0.489575,-1.014896,-0.52516,0.368528
65,0.13812,0.042662,0.388919,-0.1176,-0.598805,-0.792242,-0.283357,-0.744384,0.604627,-0.951645,0.296332,-0.081146,-0.010624,0.009261,0.004989,-0.392671,-0.802092,-0.413718,0.380869,-0.181388,0.042011,0.312707,0.138544,-0.702844,0.697716,-0.005773,0.703822,0.710306,-0.990446,-0.101556,0.092553,0.031229,-0.021705,0.081,3.174789,5.599094,1.494346,-1.403996,0.029122,0.04209,-0.020418,0.025535,0.719764,0.693748,-0.080205,-0.690262,0.719099,0.99645,-0.074004,0.040102,0.015664,-0.010447,0.040506,3.174224,5.597469,1.477396,-0.765304,0.084855,0.045724,-0.045486,-0.140233,-0.564344,-0.813541,-0.173141,-0.795023,0.581343,-0.974862,0.222381,0.013778,-0.011285,0.004925,0.002846,-0.111011,-0.356321,0.001797,0.339952
66,0.137437,0.043015,0.388843,-0.104177,-0.610477,-0.785182,-0.289592,-0.736655,0.611103,-0.951349,0.291801,-0.099065,-0.023674,0.010635,-0.008071,-0.074577,-0.190898,-0.178989,0.384929,-0.179691,0.041607,0.316065,0.048097,-0.738055,0.673018,0.053146,0.67463,0.736195,-0.99742,0.001282,0.070804,0.044112,-0.011826,0.087444,3.466739,4.091786,0.58678,-1.403648,0.029938,0.041895,-0.018806,0.119438,0.739226,0.662781,-0.127717,-0.650574,0.748626,0.984592,-0.174063,0.016708,0.028445,-0.005464,0.043645,-0.057973,0.012545,0.127346,-0.783103,0.084529,0.045908,-0.04551,-0.123739,-0.576317,-0.807803,-0.179994,-0.78752,0.589418,-0.975853,0.218333,-0.006287,-0.005894,0.004863,-0.004449,-0.089861,-0.267434,-0.146905,0.326235
67,0.136482,0.043537,0.388233,-0.101375,-0.614903,-0.782089,-0.28935,-0.733936,0.614481,-0.951729,0.289351,-0.102542,-0.036121,0.016015,-0.019128,0.065158,0.024418,-0.081067,0.400171,-0.177849,0.040768,0.319346,-0.010531,-0.747592,0.664068,0.122351,0.658046,0.742926,-0.99235,0.090005,0.083682,0.057387,-0.031259,0.086875,1.438962,0.634626,0.071934,-1.402807,0.03087,0.041497,-0.017117,0.181871,0.737557,0.650332,-0.194892,-0.621205,0.759026,0.963814,-0.26479,0.030764,0.022244,-0.016423,0.043015,4.18294,3.819554,1.389088,-0.800901,0.084033,0.046176,-0.045822,-0.120564,-0.580541,-0.805254,-0.179326,-0.78509,0.592853,-0.976373,0.21588,-0.009453,-0.018111,0.007626,-0.009739,0.08147,0.052399,-0.065915,0.338646
68,0.135974,0.043827,0.387844,-0.102074,-0.614139,-0.782598,-0.301173,-0.730713,0.612637,-0.947978,0.298992,-0.109398,-0.036208,0.015442,-0.019405,-0.53151,-0.090608,-0.351245,0.412655,-0.176776,0.040055,0.321071,-0.040315,-0.755161,0.654293,0.159089,0.641514,0.75039,-0.986323,0.135283,0.09343,0.057324,-0.031615,0.08643,3.917955,3.515775,0.643815,-1.402831,0.031407,0.041138,-0.016257,0.208508,0.740154,0.639293,-0.225264,-0.59974,0.767832,0.951724,-0.304109,0.041679,0.028987,-0.021658,0.046879,0.3985,-0.210535,1.062846,-0.813638,0.083792,0.046311,-0.046012,-0.122776,-0.578474,-0.806407,-0.190389,-0.783733,0.591196,-0.974,0.226116,-0.013911,-0.012218,0.006843,-0.010336,-1.466078,0.577955,-0.494496,0.349749
69,0.134978,0.044249,0.387112,-0.09535,-0.606348,-0.789491,-0.317081,-0.733298,0.601419,-0.943489,0.308428,-0.121355,-0.024885,0.011086,-0.021963,0.024064,-0.160823,0.058346,0.428212,-0.174451,0.038602,0.324821,-0.149115,-0.757945,0.63504,0.239087,0.595417,0.766974,-0.959222,0.267138,0.091608,0.071677,-0.048495,0.104735,3.116294,4.405377,1.223595,-1.402614,0.03259,0.040392,-0.014356,0.315036,0.722793,0.615079,-0.298711,-0.53963,0.787127,0.900845,-0.431705,0.045904,0.035762,-0.024056,0.052268,3.014081,4.473906,1.297968,-0.817884,0.08329,0.046523,-0.046377,-0.11587,-0.571193,-0.812595,-0.208399,-0.785915,0.582155,-0.971155,0.236798,-0.027972,-0.012554,0.000745,-0.006286,-0.00318,-0.046946,-0.094899,0.375713
70,0.133885,0.044199,0.386516,-0.079514,-0.605891,-0.791593,-0.323659,-0.735397,0.595322,-0.942742,0.304292,-0.136639,-0.038502,-0.014128,-0.005939,-0.04282,-0.111454,-0.010513,0.439716,-0.171776,0.036824,0.328649,-0.26381,-0.748036,0.608965,0.290228,0.540398,0.789729,-0.919471,0.386002,0.073751,0.07077,-0.040654,0.094195,0.648678,1.503824,0.612484,-1.402722,0.033928,0.039511,-0.012435,0.426828,0.691978,0.582222,-0.337098,-0.475669,0.812466,0.839154,-0.54305,0.030236,0.035325,-0.020479,0.047002,0.726791,1.461342,0.563493,-0.816414,0.082758,0.046512,-0.046674,-0.100358,-0.569638,-0.815744,-0.215345,-0.788013,0.576766,-0.971367,0.23355,-0.043586,-0.013069,-0.0022,-0.007781,0.01363,-0.120145,0.045775,0.392205
71,0.133285,0.044011,0.386259,-0.069533,-0.607394,-0.791381,-0.32766,-0.735388,0.59314,-0.942161,0.301299,-0.146896,-0.026883,-0.008407,-0.017656,-0.160786,-0.442417,-0.14643,0.446816,-0.170363,0.036066,0.330444,-0.31469,-0.73701,0.598145,0.307486,0.516904,0.798872,-0.897539,0.436228,0.063182,0.082671,-0.029689,0.08508,-0.289213,0.678357,0.724712,-1.402598,0.034603,0.039144,-0.011568,0.472558,0.672042,0.570129,-0.351431,-0.449563,0.821211,0.808197,-0.588431,0.023732,0.035313,-0.021054,0.046506,0.416683,1.581824,0.92824,-0.822456,0.082445,0.046416,-0.046803,-0.091457,-0.569224,-0.817079,-0.218881,-0.788961,0.574134,-0.971455,0.231352,-0.052436,-0.019481,-0.008289,-0.003586,-0.30958,-0.716767,-0.09251,0.402329
72,0.131905,0.04342,0.385788,-0.052053,-0.602689,-0.796305,-0.33414,-0.74092,0.582546,-0.941034,0.297146,-0.161821,-0.039796,-0.020235,-0.009165,-0.046844,-0.172749,0.225702,0.448904,-0.167446,0.034638,0.333637,-0.389234,-0.715691,0.579891,0.334374,0.476688,0.812955,-0.857738,0.511212,0.053015,0.0699,-0.038717,0.079155,2.927628,4.356368,0.824418,-1.402465,0.036092,0.038427,-0.009934,0.541718,0.638014,0.547246,-0.367737,-0.40555,0.836838,0.75585,-0.654574,0.014927,0.034833,-0.019644,0.039108,2.964979,4.318152,0.788686,-0.828987,0.081759,0.04612,-0.047044,-0.07366,-0.563941,-0.822523,-0.226347,-0.793786,0.564508,-0.971257,0.227758,-0.069176,-0.019824,-0.009764,-0.004381,-0.082471,-0.28659,0.622414,0.414576
73,0.13022,0.042562,0.38542,-0.040099,-0.592868,-0.804329,-0.33794,-0.749495,0.569232,-0.940277,0.295374,-0.169296,-0.040711,-0.023998,-0.011227,-0.023973,-0.124157,0.251107,0.449714,-0.164682,0.033405,0.336239,-0.419285,-0.705873,0.570907,0.341723,0.459762,0.819621,-0.840478,0.539615,0.047703,0.068176,-0.024718,0.057131,0.779523,1.289771,0.207815,-1.402363,0.037448,0.037823,-0.008651,0.568586,0.622977,0.537222,-0.37227,-0.387501,0.84336,0.733569,-0.679515,0.011588,0.033966,-0.012693,0.028035,2.984183,4.449224,0.389544,-0.83405,0.080917,0.045693,-0.047227,-0.063673,-0.552418,-0.831131,-0.230307,-0.802207,0.550837,-0.971032,0.226489,-0.076147,-0.026533,-0.01657,-0.00061,-0.132035,-0.146131,0.372659,0.414902
74,0.129241,0.042055,0.385251,-0.035479,-0.589141,-0.807279,-0.339309,-0.752705,0.56416,-0.939975,0.294662,-0.172187,-0.053077,-0.024146,-0.011019,0.003594,-0.088473,0.15656,0.457553,-0.163315,0.032886,0.337297,-0.435493,-0.696034,0.570853,0.348919,0.453921,0.819845,-0.829191,0.557074,0.044441,0.06732,-0.018053,0.045871,3.024765,4.45012,0.391702,-1.40236,0.038107,0.037568,-0.008135,0.580107,0.612692,0.536733,-0.376869,-0.382277,0.843702,0.722111,-0.691716,0.009143,0.02774,-0.015716,0.026587,-0.173315,-0.047027,0.074318,-0.838621,0.080452,0.045448,-0.047308,-0.059694,-0.548205,-0.83421,-0.231881,-0.805225,0.545749,-0.97091,0.226015,-0.079051,-0.026549,-0.012204,-0.005546,0.00358,-0.086472,0.154011,0.420128
75,0.127053,0.040975,0.384903,-0.027945,-0.58287,-0.812113,-0.342018,-0.757823,0.555608,-0.939257,0.294004,-0.17716,-0.05375,-0.02558,-0.011961,-0.097553,-0.065256,0.198946,0.476292,-0.160772,0.032208,0.338791,-0.461383,-0.679666,0.570238,0.357629,0.445591,0.820661,-0.811264,0.583407,0.036742,0.06649,-0.012435,0.033807,3.008537,4.515549,0.383603,-1.402052,0.039404,0.037214,-0.00737,0.602611,0.592279,0.53485,-0.383544,-0.37278,0.844942,0.699823,-0.714311,0.002524,0.033245,-0.006782,0.016458,-0.140957,-0.023695,0.184187,-0.841234,0.079338,0.044896,-0.047488,-0.053053,-0.541109,-0.839276,-0.234824,-0.810131,0.537162,-0.970588,0.22558,-0.084086,-0.032887,-0.012282,-0.0055,-0.345967,-0.338698,0.930096,0.440212
76,0.124816,0.040011,0.384533,-0.01993,-0.575742,-0.817417,-0.345625,-0.763207,0.545921,-0.938149,0.294112,-0.182759,-0.053857,-0.024005,-0.011326,-0.001162,0.00577,-0.019135,0.492505,-0.158483,0.032046,0.339844,-0.476774,-0.670792,0.568081,0.357569,0.44224,0.822497,-0.80233,0.596096,0.02827,0.051545,0.007872,0.017437,-0.349476,0.170036,-0.572464,-1.402637,0.040573,0.037122,-0.006836,0.619559,0.577582,0.531549,-0.384758,-0.366785,0.847012,0.684183,-0.729292,-0.005016,0.025769,0.003691,0.008509,-0.364417,0.172163,-0.663902,-0.844337,0.078219,0.044409,-0.047675,-0.04597,-0.532931,-0.844908,-0.238946,-0.815383,0.527308,-0.969943,0.226128,-0.089859,-0.026921,-0.012016,-0.005631,0.006076,-0.085222,0.148837,0.46291
77,0.122613,0.039136,0.384071,-0.012772,-0.569779,-0.821727,-0.34773,-0.76797,0.537845,-0.937505,0.293314,-0.187295,-0.066189,-0.0219,-0.01006,0.00271,-0.073451,0.126552,0.513746,-0.156302,0.032489,0.340253,-0.498903,-0.651298,0.57175,0.365331,0.440049,0.820258,-0.785181,0.618904,0.017658,0.050536,0.014729,0.006283,0.206809,0.429751,0.196302,-1.402414,0.041644,0.03734,-0.006633,0.637424,0.554724,0.534762,-0.39217,-0.36384,0.844879,0.663244,-0.748265,-0.014374,0.025263,0.007283,0.003032,0.850869,1.421166,0.199,-0.847766,0.077122,0.043971,-0.047907,-0.039802,-0.526314,-0.849357,-0.241348,-0.819798,0.519307,-0.969621,0.22566,-0.094396,-0.026782,-0.006508,-0.010042,0.039221,-0.103468,0.171475,0.489036
78,0.121551,0.038725,0.383834,-0.007256,-0.568431,-0.822727,-0.349704,-0.769356,0.534576,-0.936836,0.292293,-0.192172,-0.054045,-0.022043,-0.010562,-0.213074,-0.483994,-0.275557,0.522261,-0.155375,0.032771,0.340363,-0.508034,-0.642956,0.57315,0.362143,0.44416,0.819456,-0.780783,0.62466,0.006453,0.050521,0.013835,0.005607,-0.304602,0.286255,0.394942,-1.402536,0.042108,0.037479,-0.006579,0.644322,0.545122,0.536367,-0.3909,-0.368057,0.843641,0.657301,-0.753243,-0.024059,0.018885,0.006253,0.002844,-0.509422,0.565515,0.336866,-0.845806,0.076586,0.043763,-0.048026,-0.036483,-0.522789,-0.851681,-0.242508,-0.822142,0.515045,-0.969463,0.22533,-0.096786,-0.020974,-0.011787,-0.005822,0.006195,-0.115486,0.208492,0.503569
79,0.119752,0.037809,0.383305,0.021195,-0.561346,-0.827337,-0.337313,-0.783016,0.522568,-0.941192,0.26869,-0.204913,-0.030503,-0.026761,-0.013958,-0.200221,-0.634732,-0.048749,0.523937,-0.153869,0.033516,0.340525,-0.527137,-0.628795,0.571607,0.356204,0.447061,0.820481,-0.770772,0.636882,-0.012422,0.03627,0.02749,0.000506,-0.330811,0.454445,0.264974,-1.402204,0.042866,0.037838,-0.006503,0.660363,0.528042,0.533939,-0.385527,-0.371777,0.844482,0.644428,-0.763513,-0.041934,0.018118,0.014106,0.000487,-0.311979,0.355542,0.465415,-0.846133,0.075678,0.04331,-0.048288,-0.008971,-0.513525,-0.858027,-0.230309,-0.833931,0.501512,-0.973075,0.202111,-0.110788,-0.021272,-0.012492,-0.006299,0.046976,-0.01887,0.015108,0.515816
80,0.118326,0.037092,0.382659,0.041447,-0.559797,-0.82762,-0.337782,-0.787409,0.515618,-0.940375,0.258876,-0.220692,-0.029402,-0.013024,-0.021252,-0.083286,-0.447913,0.099519,0.523797,-0.152399,0.034492,0.340624,-0.553201,-0.606566,0.570997,0.362776,0.441462,0.820633,-0.749124,0.661858,-0.024907,0.037291,0.016027,0.008175,-0.118087,0.243073,0.059682,-1.401825,0.043601,0.038333,-0.006454,0.683166,0.500886,0.53141,-0.389635,-0.365448,0.845359,0.617631,-0.784577,-0.054499,0.018045,0.013946,0.000355,-0.011254,0.209679,0.276926,-0.848419,0.074963,0.042941,-0.048611,0.012481,-0.511616,-0.859123,-0.231812,-0.837263,0.49523,-0.97268,0.192974,-0.129049,-0.021182,-0.011465,-0.005832,-0.168822,-0.512452,-0.034262,0.519572
81,0.117686,0.036788,0.382307,0.052272,-0.560056,-0.826831,-0.334398,-0.789979,0.51389,-0.941058,0.250321,-0.227544,-0.029265,-0.012006,-0.020765,-0.015071,-0.28559,0.184673,0.523861,-0.151748,0.034886,0.340727,-0.564196,-0.596738,0.570596,0.358541,0.4453,0.820421,-0.742931,0.668186,-0.038018,0.024509,0.015135,0.008616,-0.253374,0.340714,0.094299,-1.402197,0.043931,0.03853,-0.006403,0.692089,0.489348,0.530613,-0.386172,-0.370037,0.844951,0.609822,-0.78969,-0.067126,0.017997,0.014089,0.000443,-0.274296,0.360322,0.157,-0.847766,0.074643,0.042789,-0.048787,0.024057,-0.511604,-0.858883,-0.22874,-0.839158,0.493447,-0.973189,0.18459,-0.137212,-0.021103,-0.010838,-0.005529,-0.038321,-0.216487,0.12601,0.520225
82,0.116654,0.036248,0.381585,0.085132,-0.562274,-0.822585,-0.326653,-0.795702,0.510027,-0.94142,0.225975,-0.250382,-0.016704,-0.011325,-0.020811,-0.104957,-0.534811,0.090179,0.524044,-0.150479,0.035612,0.341117,-0.58668,-0.57848,0.566708,0.34971,0.450053,0.821638,-0.72959,0.680925,-0.062467,0.022955,0.029612,0.002989,-0.41316,0.645785,0.154892,-1.402122,0.044552,0.038877,-0.006212,0.709522,0.468198,0.526656,-0.379648,-0.375656,0.845428,0.59367,-0.799795,-0.088785,0.012066,0.009468,0.005616,-0.057084,0.137912,-0.005629,-0.853155,0.074122,0.042518,-0.049148,0.056739,-0.511054,-0.857673,-0.220709,-0.844224,0.488439,-0.973687,0.161582,-0.160695,-0.014777,-0.010182,-0.005388,-0.182402,-0.587887,-0.035808,0.522511
83,0.115875,0.035821,0.380884,0.11193,-0.563751,-0.818353,-0.321114,-0.799862,0.507028,-0.940553,0.206729,-0.269536,-0.016072,-0.008136,-0.01912,-0.127543,-0.608269,0.050537,0.524211,-0.149471,0.036318,0.341525,-0.600049,-0.564828,0.566483,0.351356,0.449937,0.821,-0.717828,0.692362,-0.072258,0.02412,0.017609,0.010256,-0.328537,0.506743,0.207836,-1.402352,0.04507,0.039246,-0.006004,0.719978,0.452355,0.526313,-0.381858,-0.375038,0.844706,0.579495,-0.809148,-0.097284,0.012021,0.009323,0.005483,0.092628,0.260129,-0.256121,-0.851358,0.073732,0.042302,-0.0495,0.083154,-0.510114,-0.856078,-0.214768,-0.848039,0.484463,-0.973119,0.143573,-0.180073,-0.007998,-0.003954,-0.009477,-0.213547,-0.811709,-0.061487,0.522837
84,0.115312,0.035598,0.380234,0.129269,-0.561085,-0.81763,-0.316898,-0.804681,0.502032,-0.939781,0.194901,-0.280807,-0.014705,-0.001813,-0.0156,0.010005,-0.158819,0.096111,0.52333,-0.148472,0.036977,0.341956,-0.60712,-0.552351,0.571232,0.353328,0.456092,0.816745,-0.710879,0.698363,-0.082477,0.023924,0.018804,0.011035,-0.129775,0.286401,-0.130797,-1.402239,0.045578,0.039579,-0.005786,0.726354,0.437928,0.529743,-0.38344,-0.381468,0.841103,0.570423,-0.814064,-0.109162,0.011957,0.009434,0.005525,-0.13074,0.285235,-0.127269,-0.848746,0.073444,0.042183,-0.049834,0.101573,-0.506737,-0.856095,-0.211131,-0.851923,0.479217,-0.972165,0.132072,-0.193521,-0.007281,-0.000636,-0.007632,0.031584,-0.106389,0.12463,0.522674
85,0.115126,0.035531,0.380022,0.139623,-0.560753,-0.816154,-0.313204,-0.806917,0.500761,-0.939551,0.186398,-0.287275,-0.013788,0.002318,-0.013264,-0.015279,-0.229799,0.058255,0.523542,-0.148149,0.037347,0.342197,-0.608992,-0.54755,0.573856,0.35324,0.4604,0.814363,-0.70932,0.699312,-0.087702,0.011126,0.019316,0.012461,-0.038288,0.098412,-0.062332,-1.401969,0.045736,0.039755,-0.005672,0.727715,0.432795,0.532088,-0.38392,-0.385822,0.838895,0.568361,-0.814757,-0.11461,0.005561,0.009661,0.006221,-0.020081,0.182811,-0.247654,-0.849399,0.073356,0.042147,-0.049936,0.111647,-0.50557,-0.855531,-0.207332,-0.853818,0.477501,-0.971878,0.124068,-0.200148,-0.001069,-0.004794,-0.002717,-0.052225,-0.237124,0.065549,0.522674
