frame,MLTx,MLTy,MLTz,MLTR1,MLTR2,MLTR3,MLTR4,MLTR5,MLTR6,MLTR7,MLTR8,MLTR9,MLTTVx,MLTTVy,MLTTVz,MLTRVx,MLTRVy,MLTRVz,MLGA,MRTx,MRTy,MRTz,MRTR1,MRTR2,MRTR3,MRTR4,MRTR5,MRTR6,MRTR7,MRTR8,MRTR9,MRTTVx,MRTTVy,MRTTVz,MRTRVx,MRTRVy,MRTRVz,MRGA,SLTx,SLTy,SLTz,SLTR1,SLTR2,SLTR3,SLTR4,SLTR5,SLTR6,SLTR7,SLTR8,SLTR9,SLTTVx,SLTTVy,SLTTVz,SLTRVx,SLTRVy,SLTRVz,SLGA,SRTx,SRTy,SRTz,SRTR1,SRTR2,SRTR3,SRTR4,SRTR5,SRTR6,SRTR7,SRTR8,SRTR9,SRTTVx,SRTTVy,SRTTVz,SRTRVx,SRTRVy,SRTRVz,SRGA
295,0.159126,-0.046449,0.311843,-0.335659,0.373096,-0.864973,-0.286951,-0.915048,-0.283403,-0.896816,0.152608,0.41528,0.016582,-0.0023,0.018857,-0.026289,0.188363,0.146512,-0.366786,-0.172537,-0.032651,0.302415,-0.766476,-0.641151,0.037836,0.490297,-0.546239,0.679092,-0.413758,0.539863,0.73295,0.016172,-0.007742,0.010767,0.423526,0.380171,-0.698541,-1.403644,0.040583,0.025586,-0.018271,0.818336,0.57472,-0.004626,-0.427384,0.61389,0.663688,0.384274,-0.541143,0.747994,0.008077,-0.004147,0.005051,0.561996,-0.424839,-0.004059,-0.90753,0.07795,0.019146,-0.06184,0.448041,-0.360585,-0.818069,0.265173,0.927474,-0.263578,0.853781,-0.098836,0.511163,0.008283,0.004521,0.005431,0.017384,0.084912,0.375303,-0.508996
296,0.159346,-0.046462,0.312234,-0.340702,0.375307,-0.862039,-0.289154,-0.914229,-0.283809,-0.894198,0.152095,0.421074,0.016693,-0.001095,0.020288,-0.028791,0.124794,0.112107,-0.368448,-0.172183,-0.032883,0.302637,-0.77681,-0.628353,0.041583,0.484249,-0.554031,0.677116,-0.401442,0.546916,0.734568,0.016139,-0.009475,0.008686,0.001538,0.003882,0.027848,-1.403839,0.04076,0.025469,-0.018154,0.826751,0.562563,0.002188,-0.423917,0.620428,0.65982,0.369833,-0.546435,0.75142,0.016128,-0.009909,0.008164,-0.048682,0.204758,0.538837,-0.909,0.07806,0.019141,-0.061644,0.453005,-0.362596,-0.814438,0.267493,0.926742,-0.26381,0.85043,-0.098349,0.516811,0.008377,-0.000147,0.010626,-0.026297,0.087741,0.127365,-0.511772
297,0.159817,-0.046507,0.3132,-0.353771,0.380239,-0.854582,-0.295186,-0.912305,-0.283787,-0.887112,0.151386,0.436052,0.00132,0.001849,0.023883,-0.020674,0.429773,0.238016,-0.371403,-0.171435,-0.033371,0.302967,-0.798029,-0.600198,0.053884,0.475204,-0.572008,0.668522,-0.36941,0.559858,0.741592,0.031383,-0.011221,0.005097,0.11705,0.209237,-0.08612,-1.403871,0.041147,0.025217,-0.017983,0.845966,0.533016,0.015317,-0.413308,0.637284,0.650419,0.336922,-0.556563,0.759421,0.015694,-0.005706,0.002433,0.073315,0.225378,-0.096633,-0.912102,0.078302,0.019119,-0.06116,0.464347,-0.365798,-0.80658,0.27326,0.92546,-0.262396,0.842442,-0.098564,0.529693,0.00854,-0.004098,0.01665,-0.043567,0.63611,0.400296,-0.515854
298,0.160302,-0.046621,0.314292,-0.363413,0.384964,-0.848398,-0.300492,-0.910371,-0.284431,-0.881406,0.151086,0.447575,0.016941,-0.009541,0.031595,-0.063803,0.184604,0.118165,-0.380753,-0.17065,-0.033768,0.303142,-0.82592,-0.559631,0.068273,0.457663,-0.595046,0.660605,-0.328021,0.577554,0.74746,0.03141,-0.011433,0.004811,0.460345,3.501302,4.326532,-1.403111,0.041527,0.02502,-0.017901,0.867768,0.495992,0.031125,-0.397912,0.655919,0.641432,0.29773,-0.568999,0.766547,0.008071,-0.006303,0.002457,0.057593,0.028107,0.064083,-0.909326,0.078539,0.019071,-0.060612,0.474415,-0.370713,-0.798436,0.278964,0.923569,-0.263057,0.83493,-0.097936,0.54157,0.0085,-0.004313,0.016343,-0.059641,0.185666,0.155603,-0.521896
299,0.160712,-0.046902,0.315406,-0.372313,0.393943,-0.840379,-0.305064,-0.907052,-0.290108,-0.876096,0.147862,0.458931,0.016701,-0.011857,0.028752,-0.060937,0.288729,0.172899,-0.393331,-0.169952,-0.034,0.303085,-0.851354,-0.517232,0.087513,0.441861,-0.61741,0.650767,-0.281487,0.593348,0.754033,0.015242,-0.002571,-0.004602,0.579823,2.215904,-1.254086,-1.403195,0.041881,0.024901,-0.017925,0.892776,0.447832,0.048952,-0.375329,0.679305,0.630612,0.249154,-0.581369,0.774552,0.007614,-0.001633,-0.002729,0.149364,0.96432,1.418091,-0.923206,0.078745,0.018935,-0.060049,0.482628,-0.378949,-0.789599,0.284219,0.920523,-0.268058,0.828425,-0.095047,0.551975,0.000566,-0.005506,0.014947,-0.059411,0.383159,0.18576,-0.530713
300,0.160908,-0.047143,0.315956,-0.376065,0.397309,-0.837118,-0.307192,-0.905746,-0.291942,-0.873745,0.146866,0.463711,0.016521,-0.013707,0.026525,-0.064551,0.166057,0.107454,-0.396062,-0.16962,-0.034079,0.302974,-0.864644,-0.49382,0.092326,0.429487,-0.631556,0.645455,-0.259334,0.598359,0.758008,0.015235,-0.003498,-0.005726,0.09713,-0.114377,0.189858,-1.403276,0.042042,0.024864,-0.017977,0.904188,0.423235,0.057575,-0.363505,0.691691,0.62404,0.224292,-0.585178,0.779268,0.007636,-0.001962,-0.003114,0.154953,0.486741,0.202468,-0.924349,0.078842,0.018821,-0.059782,0.486423,-0.382295,-0.785648,0.286648,0.919251,-0.269832,0.825363,-0.093952,0.556729,0.00824,-0.006896,0.013205,-0.063163,0.210586,0.131085,-0.534142
301,0.16117,-0.0477,0.316902,-0.381885,0.402129,-0.832166,-0.310809,-0.903788,-0.294171,-0.869928,0.145799,0.471164,0.000646,-0.016466,0.023378,-0.066256,0.196546,0.053076,-0.398508,-0.169038,-0.034241,0.302703,-0.894558,-0.434047,0.106592,0.396829,-0.661979,0.635803,-0.204274,0.611603,0.764249,0.01524,-0.004373,-0.006803,0.490656,0.988133,1.180541,-1.403354,0.042338,0.02478,-0.018116,0.929024,0.362595,0.073752,-0.328923,0.717977,0.613448,0.169481,-0.594167,0.786283,0.007452,-0.001944,-0.0032,1.13236,3.984226,3.580411,-0.934473,0.07898,0.01854,-0.059296,0.491677,-0.386572,-0.780266,0.290566,0.917534,-0.271482,0.820868,-0.093237,0.563455,0.000331,-0.007986,0.011978,-0.064054,0.227037,0.101626,-0.538225
302,0.161257,-0.048268,0.317611,-0.386431,0.404616,-0.828856,-0.313356,-0.902749,-0.294659,-0.866998,0.145352,0.47667,0.000335,-0.008105,0.011837,-0.027653,0.232656,0.129081,-0.399203,-0.168592,-0.034331,0.302533,-0.90835,-0.399916,0.122309,0.383222,-0.679339,0.625758,-0.166012,0.615778,0.770143,-2e-05,-0.001829,-0.002204,0.939624,2.964823,-0.584189,-1.403253,0.042567,0.024729,-0.01821,0.940697,0.32714,0.089817,-0.312924,0.734496,0.602158,0.131019,-0.594554,0.793308,-3e-06,-0.000825,-0.001001,0.966269,2.96096,-0.569432,-0.931697,0.079023,0.018251,-0.05894,0.495612,-0.388418,-0.776853,0.293075,0.916761,-0.271396,0.817603,-0.093169,0.568193,9.6e-05,-0.004675,0.005177,-0.02458,0.368416,0.167485,-0.539694
303,0.161226,-0.048498,0.317853,-0.387016,0.404038,-0.828865,-0.313832,-0.902909,-0.293661,-0.866564,0.145964,0.477272,-0.015388,-0.009152,0.010756,-0.036551,0.030111,-0.046619,-0.399365,-0.168362,-0.034354,0.302482,-0.914332,-0.384755,0.126304,0.374908,-0.686856,0.62258,-0.151632,0.617077,0.772067,-1.4e-05,-0.001376,-0.001659,0.411103,-0.221198,-0.142272,-1.402946,0.042682,0.024718,-0.018234,0.945768,0.310439,0.095653,-0.303661,0.740314,0.59977,0.115379,-0.59629,0.794433,0.007668,-0.000408,-0.00127,0.481934,-0.318532,0.115755,-0.928921,0.079008,0.018133,-0.058814,0.496646,-0.388232,-0.776284,0.293625,0.916804,-0.270655,0.816777,-0.093517,0.569322,-0.007717,-0.004713,0.005213,-0.037176,0.009877,-0.05723,-0.540184
304,0.1611,-0.048796,0.318113,-0.390114,0.404363,-0.827253,-0.314587,-0.902852,-0.293028,-0.864897,0.14542,0.480452,-7.7e-05,-0.000818,-0.000969,-0.005721,0.092174,-0.176152,-0.40024,-0.16803,-0.034358,0.302426,-0.929436,-0.340295,0.142618,0.351975,-0.702427,0.618582,-0.109148,0.625554,0.77242,-0.0,-4.8e-05,-5.8e-05,0.001902,0.007477,-0.001189,-1.403619,0.042848,0.024716,-0.018263,0.957068,0.266829,0.113232,-0.280559,0.75458,0.593208,0.072842,-0.599509,0.797046,1.8e-05,5.4e-05,6.4e-05,-0.005267,-0.003425,0.007831,-0.926635,0.078944,0.017984,-0.058685,0.499382,-0.388408,-0.774439,0.29434,0.91677,-0.269993,0.81485,-0.093118,0.572142,-6.5e-05,-0.000627,-0.000741,-0.000189,-0.006107,-0.003221,-0.540511
305,0.160913,-0.048864,0.318163,-0.389925,0.404512,-0.827269,-0.31346,-0.902977,-0.293849,-0.865391,0.144227,0.479921,-5e-06,-5.4e-05,-6.3e-05,0.000102,-7.2e-05,0.000131,-0.40217,-0.167721,-0.034293,0.30244,-0.938414,-0.306536,0.159392,0.337226,-0.713291,0.614352,-0.073443,0.630649,0.772497,9e-06,0.001065,0.001284,0.080536,0.310677,0.380051,-1.403097,0.043003,0.024749,-0.018255,0.963426,0.2336,0.131301,-0.265387,0.763843,0.588314,0.037137,-0.601643,0.7979,0.007657,0.001078,0.000512,0.274763,1.023036,1.314472,-0.925492,0.07885,0.017945,-0.058665,0.499232,-0.388453,-0.774513,0.293213,0.916876,-0.270856,0.815348,-0.091878,0.571634,-0.007797,0.000226,0.000346,-0.004729,0.016807,-0.033582,-0.541491
306,0.16082,-0.048856,0.318174,-0.387667,0.406825,-0.827197,-0.311715,-0.902305,-0.297743,-0.867036,0.141912,0.477636,-0.01558,0.00054,0.00079,0.035169,0.076898,-0.151778,-0.402246,-0.167411,-0.034211,0.302506,-0.948506,-0.261295,0.179028,0.315302,-0.727573,0.609225,-0.027735,0.634626,0.772233,1.7e-05,0.002229,0.002686,0.053898,0.214028,-0.123254,-1.4033,0.043158,0.02479,-0.018222,0.970234,0.187952,0.152708,-0.241998,0.776193,0.582203,-0.009105,-0.601828,0.798573,2.7e-05,0.001201,0.001444,0.054675,0.217801,-0.127878,-0.933167,0.07881,0.017949,-0.058659,0.497016,-0.391002,-0.774656,0.292009,0.916025,-0.275006,0.817132,-0.089524,0.569455,-2e-06,-4e-06,-5e-06,0.149673,-0.105245,0.191278,-0.541981
307,0.160833,-0.048845,0.318187,-0.387823,0.406656,-0.827206,-0.311642,-0.902387,-0.297571,-0.866992,0.141875,0.477727,0.000112,0.001171,0.001386,0.00083,-0.013319,0.025543,-0.402425,-0.167296,-0.03416,0.302555,-0.950966,-0.244082,0.189945,0.309039,-0.732753,0.606218,-0.007585,0.635496,0.771978,1.5e-05,0.002088,0.002515,0.006676,0.024954,-0.00385,-1.403306,0.043215,0.024816,-0.018196,0.971452,0.171053,0.164382,-0.235416,0.780708,0.578856,-0.029319,-0.601029,0.798689,2.4e-05,0.001301,0.001564,0.019028,0.070476,-0.004769,-0.933983,0.07881,0.017952,-0.058656,0.497294,-0.390665,-0.774647,0.291841,0.916173,-0.274689,0.817023,-0.089473,0.56962,-0.0,1.4e-05,1.8e-05,-0.001133,0.000689,-0.001218,-0.54247
308,0.160892,-0.048873,0.318218,-0.390231,0.407665,-0.825576,-0.311916,-0.902121,-0.298091,-0.86581,0.140673,0.48022,3e-06,3.2e-05,3.8e-05,5e-05,0.001284,0.000668,-0.402778,-0.166973,-0.034063,0.302655,-0.955134,-0.215372,0.203283,0.295295,-0.741503,0.602418,0.022195,0.635685,0.771541,0.01531,0.002485,0.00141,0.339115,0.983721,1.30832,-1.403042,0.043371,0.024865,-0.018145,0.972664,0.148419,0.178593,-0.225554,0.786722,0.574624,-0.055218,-0.599198,0.798693,0.007668,0.001535,0.001052,0.001727,-0.038407,0.058476,-0.931044,0.07884,0.017941,-0.058637,0.499643,-0.391606,-0.772658,0.292227,0.915888,-0.275229,0.815451,-0.088275,0.572055,0.0,1.1e-05,1.1e-05,-0.000417,-0.012169,-0.006454,-0.541981
309,0.160954,-0.048888,0.318295,-0.392989,0.408287,-0.823958,-0.312067,-0.902033,-0.298199,-0.864504,0.139427,0.482928,9.3e-05,0.000974,0.001153,-0.00568,0.09316,-0.17564,-0.402431,-0.166617,-0.033973,0.302727,-0.957942,-0.187003,0.217643,0.282204,-0.749865,0.598329,0.052519,0.634815,0.770789,0.015306,0.002866,0.00186,1.218569,3.347498,4.241679,-1.402977,0.043549,0.02491,-0.01811,0.973547,0.120533,0.194106,-0.211927,0.79387,0.569961,-0.085396,-0.59602,0.798414,1.7e-05,0.001216,0.001455,0.048813,0.178175,-0.140157,-0.924512,0.078871,0.017932,-0.0586,0.502141,-0.39217,-0.77075,0.292454,0.915758,-0.27542,0.813833,-0.087109,0.574531,5.7e-05,0.000617,0.000729,-0.000409,-0.0118,-0.006226,-0.541654
310,0.160992,-0.048895,0.318367,-0.393418,0.407832,-0.823979,-0.31198,-0.902237,-0.297673,-0.864341,0.139441,0.483217,0.015778,0.001574,0.001707,0.001816,-0.028005,0.055112,-0.402511,-0.166433,-0.033921,0.302786,-0.958586,-0.169837,0.228603,0.275544,-0.754925,0.595061,0.072721,0.633616,0.770133,0.015305,0.003675,0.002827,0.384386,0.962563,1.327549,-1.402781,0.043641,0.024934,-0.018082,0.973434,0.099837,0.206055,-0.201823,0.799148,0.566242,-0.108136,-0.592786,0.798067,0.007459,0.001482,0.00103,1.256579,3.266577,4.290028,-0.929411,0.078884,0.017927,-0.058567,0.502596,-0.39148,-0.770804,0.292191,0.91605,-0.274728,0.813646,-0.087145,0.574791,5.3e-05,0.000593,0.000699,-0.005805,0.089963,-0.177343,-0.54149
311,0.161024,-0.048933,0.318546,-0.396418,0.408193,-0.82236,-0.312193,-0.902247,-0.297419,-0.862889,0.138318,0.486125,0.000249,-0.009,0.010774,-0.035503,0.015955,-0.016786,-0.402423,-0.165938,-0.033783,0.302931,-0.955909,-0.146445,0.254524,0.272911,-0.762303,0.586811,0.109291,0.630579,0.768302,0.015297,0.004425,0.003714,0.174224,0.463871,0.253809,-1.403051,0.043889,0.025003,-0.018009,0.969496,0.076626,0.232818,-0.197639,0.806194,0.557664,-0.144965,-0.586667,0.796746,0.007643,0.002584,0.002297,0.597221,1.63545,0.768414,-0.927452,0.078906,0.017914,-0.058477,0.505493,-0.391806,-0.768741,0.292421,0.916019,-0.274586,0.811767,-0.085995,0.577613,8.8e-05,0.000961,0.001135,-0.000574,-0.015723,-0.008301,-0.541327
312,0.161044,-0.048976,0.318753,-0.395701,0.408927,-0.822341,-0.31149,-0.902052,-0.298744,-0.863472,0.137423,0.485343,0.000172,0.001818,0.002147,0.0,1e-06,0.0,-0.40289,-0.165482,-0.03371,0.303182,-0.9542,-0.125019,0.271779,0.265775,-0.770758,0.57899,0.13829,0.624856,0.768306,0.016225,-0.005956,0.012768,0.120242,0.604035,-0.488808,-1.402868,0.044123,0.025041,-0.017883,0.966397,0.055689,0.250945,-0.189538,0.813838,0.549311,-0.173639,-0.578416,0.797046,0.008118,-0.002978,0.006374,0.125838,0.664494,-0.534709,-0.928758,0.078916,0.017889,-0.05837,0.504696,-0.392471,-0.768926,0.291843,0.915812,-0.275887,0.81247,-0.085167,0.576747,0.000151,-0.004186,0.005757,-0.042845,0.104073,-0.196992,-0.541654
313,0.161064,-0.049037,0.318953,-0.398249,0.409775,-0.820687,-0.311983,-0.901813,-0.298953,-0.86212,0.136466,0.48801,0.000176,0.001861,0.002196,0.010734,0.233105,0.120708,-0.402316,-0.165041,-0.033705,0.303529,-0.951456,-0.102417,0.290228,0.258406,-0.777621,0.573119,0.168185,0.620419,0.765936,0.015274,0.006174,0.005774,0.008075,-0.012703,0.040166,-1.402715,0.044337,0.02504,-0.017713,0.962057,0.034211,0.270693,-0.181936,0.819783,0.543004,-0.203333,-0.57165,0.794902,0.008113,-0.002589,0.00683,-0.021739,0.026007,-0.004217,-0.927452,0.078926,0.017858,-0.058271,0.506639,-0.39276,-0.767499,0.292218,0.915742,-0.275724,0.811125,-0.084585,0.578722,9.8e-05,0.001053,0.00124,0.017156,0.358238,0.218653,-0.541817
314,0.161079,-0.049088,0.319053,-0.398683,0.409317,-0.820705,-0.312004,-0.902001,-0.298362,-0.861911,0.136596,0.488343,0.000236,-0.009136,0.010609,-0.035542,0.014819,-0.01738,-0.402514,-0.16479,-0.033729,0.303733,-0.948424,-0.091326,0.303551,0.257133,-0.781262,0.568722,0.186404,0.617553,0.764032,0.015268,0.005771,0.005281,0.156111,0.595258,-0.469939,-1.402773,0.044457,0.025032,-0.017614,0.959186,0.023714,0.281779,-0.178792,0.822874,0.539362,-0.219079,-0.567728,0.793529,0.008111,-0.00242,0.007026,-0.0319,-0.024066,0.052775,-0.93235,0.078933,0.017836,-0.058224,0.507615,-0.39278,-0.766843,0.292345,0.915758,-0.275535,0.810468,-0.084317,0.579681,0.000136,-0.00434,0.005575,-0.041148,0.075071,-0.177788,-0.541981
315,0.161142,-0.049193,0.319217,-0.401462,0.409908,-0.819054,-0.312401,-0.901883,-0.298301,-0.860473,0.135601,0.491147,0.000208,-0.009433,0.010259,-0.033462,0.057817,0.00484,-0.40265,-0.164353,-0.033792,0.304177,-0.941051,-0.065535,0.331842,0.251287,-0.791839,0.556578,0.22747,0.607234,0.761175,0.015254,0.006629,0.006284,0.322333,0.873173,-0.091983,-1.402677,0.044681,0.024997,-0.017388,0.949676,0.000556,0.313232,-0.173969,0.832519,0.525972,-0.260479,-0.553996,0.79072,0.008101,-0.002331,0.007132,1.020747,2.987985,-0.424332,-0.938229,0.078965,0.017784,-0.058141,0.510299,-0.393264,-0.764811,0.292768,0.91564,-0.275478,0.808628,-0.083336,0.582386,6.2e-05,0.000687,0.000809,0.001516,0.02663,0.013512,-0.542144
316,0.161241,-0.049301,0.319393,-0.402348,0.408972,-0.819087,-0.312409,-0.902273,-0.297112,-0.860056,0.135832,0.491813,0.000218,-0.009342,0.010365,-0.041441,0.103318,-0.195434,-0.402767,-0.164009,-0.033862,0.304605,-0.930001,-0.045194,0.364757,0.252274,-0.799943,0.54441,0.268346,0.598373,0.754853,0.000943,-0.007043,0.013036,0.009486,0.19757,-0.17609,-1.402982,0.044859,0.024971,-0.017172,0.937402,-0.017884,0.347787,-0.174402,0.840311,0.513284,-0.30143,-0.541808,0.78459,0.007624,0.00267,0.002354,0.155802,0.74358,-0.680763,-0.939862,0.079014,0.01773,-0.058054,0.510853,-0.392237,-0.764969,0.292622,0.916045,-0.274286,0.808331,-0.083727,0.582742,6.8e-05,0.000751,0.000881,-8.2e-05,-0.00139,-0.000742,-0.542307
317,0.161267,-0.049343,0.319472,-0.402856,0.408429,-0.819108,-0.312345,-0.902509,-0.296462,-0.859841,0.135898,0.492171,0.000132,0.001407,0.001658,0.0,0.0,0.0,-0.403244,-0.163885,-0.033906,0.304781,-0.922999,-0.025735,0.38393,0.245764,-0.806916,0.537048,0.297134,0.590079,0.750588,-1.2e-05,0.003171,0.003769,1.137749,3.073797,-0.679213,-1.402759,0.044921,0.024949,-0.017084,0.930525,-0.030921,0.364919,-0.170661,0.845014,0.506778,-0.324032,-0.533848,0.78103,0.000475,-0.004025,0.005908,-0.038345,0.151736,-0.223725,-0.941658,0.079027,0.017704,-0.058012,0.511347,-0.391631,-0.764949,0.292477,0.916295,-0.273603,0.808072,-0.083824,0.583088,7.5e-05,-0.005001,0.004793,-0.035701,0.011707,-0.018991,-0.542797
318,0.161318,-0.049429,0.319611,-0.40405,0.410652,-0.817407,-0.312005,-0.901822,-0.2989,-0.859402,0.133747,0.493524,5.4e-05,0.000578,0.000681,0.001201,-1.2e-05,0.001844,-0.403421,-0.163826,-0.034009,0.304959,-0.912001,-0.000566,0.410178,0.237419,-0.815964,0.527037,0.335532,0.57804,0.743742,-1e-06,0.000157,0.000186,-0.019531,0.207372,-0.333372,-1.402594,0.044951,0.024898,-0.016987,0.916686,-0.059052,0.395218,-0.158409,0.854293,0.495065,-0.366867,-0.516426,0.773764,5e-06,-5.1e-05,-7e-05,-0.022298,0.313469,-0.475675,-0.944434,0.079053,0.017663,-0.05794,0.512581,-0.393763,-0.763027,0.292396,0.915582,-0.276066,0.807319,-0.081599,0.584445,2.8e-05,0.000326,0.000382,-0.000957,-0.009767,-0.004834,-0.54296
319,0.161369,-0.049513,0.319735,-0.402909,0.41184,-0.817372,-0.311453,-0.901407,-0.300721,-0.860139,0.132892,0.492471,0.000108,0.001155,0.00136,9e-06,-6e-06,1.2e-05,-0.403091,-0.163952,-0.034025,0.304938,-0.903888,0.027494,0.426876,0.220782,-0.82455,0.520872,0.36743,0.565018,0.738657,-0.01526,-0.001575,-0.000249,-0.025344,0.207743,-0.274651,-1.402739,0.044893,0.024888,-0.017,0.906623,-0.085564,0.413172,-0.141252,0.861173,0.48829,-0.397593,-0.501057,0.768674,9e-06,-0.000535,-0.000644,-0.006483,-0.1236,0.437575,-0.936432,0.079078,0.017619,-0.05788,0.511454,-0.39495,-0.763169,0.29205,0.915145,-0.277876,0.808158,-0.080762,0.5834,0.000109,-0.004629,0.005232,-0.038528,0.000543,0.002799,-0.542797
320,0.161369,-0.049555,0.319782,-0.403267,0.411455,-0.817389,-0.311416,-0.901575,-0.300257,-0.859984,0.132946,0.492726,1.4e-05,0.000154,0.000182,0.0,0.0,0.0,-0.402874,-0.164128,-0.033996,0.304894,-0.900546,0.033683,0.433444,0.218448,-0.826746,0.518369,0.376932,0.561454,0.736583,-0.015261,-0.001545,-0.000217,-0.038015,0.31715,-0.540687,-1.402671,0.044805,0.024902,-0.017024,0.902994,-0.091348,0.41983,-0.13854,0.863041,0.485763,-0.406704,-0.496804,0.766665,-0.008102,0.004591,-0.004441,0.015556,0.215246,-0.348731,-0.939209,0.079079,0.017601,-0.057854,0.511812,-0.394518,-0.763152,0.291961,0.915324,-0.27738,0.807964,-0.080844,0.583658,1e-06,4.6e-05,5.3e-05,-0.000472,0.000222,-0.000498,-0.54296
321,0.161385,-0.049614,0.319889,-0.405651,0.412443,-0.81571,-0.311825,-0.901284,-0.300706,-0.858711,0.131858,0.495232,0.0002,-0.009538,0.010132,-0.035659,0.012267,-0.018702,-0.403238,-0.164504,-0.033906,0.304815,-0.896125,0.049942,0.440973,0.208593,-0.82946,0.518092,0.392762,0.556193,0.732291,-1e-06,0.00036,0.000427,2.177313,2.497654,4.269523,-1.402537,0.044611,0.024943,-0.017066,0.89732,-0.10502,0.428703,-0.130621,0.864589,0.485202,-0.421608,-0.49138,0.762096,-0.000115,0.000165,0.000341,2.169645,2.413526,4.322017,-0.942638,0.079086,0.01757,-0.057803,0.514098,-0.395391,-0.761161,0.292449,0.91504,-0.277801,0.806334,-0.079784,0.586053,0.000102,-0.004734,0.005108,-0.035989,0.004891,-0.022604,-0.54296
322,0.161388,-0.049657,0.319983,-0.406488,0.411535,-0.815752,-0.311616,-0.901698,-0.29968,-0.858391,0.131867,0.495785,5.2e-05,0.000553,0.00065,0.0,0.0,0.0,-0.403058,-0.165016,-0.033845,0.304749,-0.890927,0.063167,0.449722,0.201637,-0.832114,0.516588,0.407963,0.55084,0.728015,-0.016204,0.009034,-0.009064,-0.011189,0.129348,-0.165477,-1.402668,0.044367,0.024974,-0.017092,0.891159,-0.119236,0.437741,-0.121625,0.866742,0.483698,-0.437084,-0.484292,0.757903,-0.007625,-0.000537,0.000165,-0.031749,0.134856,-0.183037,-0.929084,0.079088,0.017549,-0.057755,0.514746,-0.394516,-0.761178,0.292156,0.915412,-0.276885,0.806027,-0.079858,0.586464,3.5e-05,0.000392,0.000462,-2e-05,-0.000149,-7.7e-05,-0.542634
323,0.161391,-0.049678,0.32007,-0.405615,0.41241,-0.815744,-0.310764,-0.901457,-0.301286,-0.859113,0.130779,0.494822,8.2e-05,0.000878,0.001033,0.0,0.0,0.0,-0.402626,-0.165524,-0.033847,0.304719,-0.886861,0.077927,0.455408,0.191732,-0.834548,0.516432,0.42141,0.545219,0.724578,-0.015262,-0.000937,0.000479,0.048658,0.195772,-0.090173,-1.402482,0.044108,0.024973,-0.017114,0.885961,-0.13312,0.444243,-0.111778,0.86838,0.483137,-0.450087,-0.477697,0.75447,-0.007627,-0.000466,0.000246,0.23172,0.367027,0.157752,-0.931861,0.079089,0.017538,-0.057712,0.514019,-0.395324,-0.761251,0.291432,0.915162,-0.278467,0.806753,-0.078715,0.585621,0.000102,-0.00473,0.005112,-0.035904,0.011968,-0.019124,-0.542634
324,0.161393,-0.049685,0.32011,-0.406007,0.411981,-0.815766,-0.310638,-0.901656,-0.300819,-0.858973,0.130754,0.495071,0.00011,0.001178,0.001385,0.0,0.0,0.0,-0.402852,-0.1658,-0.033848,0.304699,-0.883874,0.08125,0.460605,0.190795,-0.836326,0.513899,0.428072,0.541998,0.723089,-0.015262,-0.001026,0.000367,0.214444,0.37097,0.159062,-1.402531,0.043969,0.024973,-0.017124,0.88289,-0.135525,0.449597,-0.111058,0.87002,0.480344,-0.456257,-0.474022,0.753081,-0.007637,-0.000531,0.000181,0.772734,0.875232,1.178761,-0.931534,0.07909,0.017533,-0.057693,0.514402,-0.394855,-0.761235,0.291236,0.915366,-0.278002,0.80658,-0.078694,0.585862,6.4e-05,-0.005156,0.00461,-0.035726,0.011866,-0.018944,-0.542797
325,0.161395,-0.049729,0.32017,-0.405092,0.412903,-0.815755,-0.309805,-0.901391,-0.302468,-0.859706,0.129678,0.494081,0.000124,-0.01035,0.009177,-0.041467,0.102884,-0.195657,-0.403019,-0.166432,-0.033889,0.304669,-0.878498,0.097133,0.467758,0.181713,-0.837413,0.515417,0.442865,0.537665,0.717391,-0.015269,-0.002116,-0.00094,2.299836,3.164572,3.901487,-1.402525,0.043659,0.024956,-0.017136,0.877762,-0.144836,0.456678,-0.106323,0.87055,0.480454,-0.467149,-0.47028,0.748737,-0.007633,-0.001332,-0.000791,-0.595077,0.519663,0.021376,-0.937086,0.079091,0.017517,-0.057664,0.513424,-0.395972,-0.761316,0.290661,0.914979,-0.279875,0.80741,-0.077591,0.584866,9e-06,0.000119,0.00014,-0.000201,0.000101,-0.000181,-0.542634
326,0.161383,-0.049789,0.320211,-0.405806,0.412122,-0.815795,-0.30961,-0.901749,-0.301599,-0.859439,0.129669,0.494548,-7.7e-05,-0.000822,-0.000967,0.0,0.0,0.0,-0.402443,-0.167055,-0.033966,0.304545,-0.875849,0.09393,0.473346,0.18714,-0.83784,0.512774,0.445845,0.537573,0.715612,-0.015288,-0.004262,-0.003506,-0.016442,0.129918,-0.2254,-1.402547,0.043336,0.024918,-0.017196,0.873973,-0.147285,0.463117,-0.107015,0.871246,0.479038,-0.474044,-0.468227,0.745684,-0.007643,-0.00219,-0.001815,-0.013811,0.127332,-0.227418,-0.943128,0.079085,0.017485,-0.057638,0.514199,-0.395024,-0.761284,0.290306,0.915387,-0.278904,0.807044,-0.077593,0.585369,-2e-06,-0.005851,0.003795,-0.04231,0.116069,-0.221307,-0.541981
327,0.161383,-0.049805,0.320225,-0.406229,0.411657,-0.81582,-0.309445,-0.90197,-0.301108,-0.859298,0.129614,0.494806,-1e-06,-1.4e-05,-1.7e-05,0.0,0.0,0.0,-0.402665,-0.167346,-0.034004,0.304433,-0.877374,0.09355,0.470589,0.186487,-0.837031,0.51433,0.443107,0.538898,0.716315,-0.015295,-0.004366,-0.00364,-0.030193,0.061355,-0.151553,-1.402508,0.043197,0.024899,-0.017253,0.875549,-0.147208,0.460155,-0.106272,0.870439,0.480668,-0.471295,-0.46975,0.746468,-0.008105,0.002923,-0.006444,-0.023505,-0.174213,0.137628,-0.945577,0.079085,0.017475,-0.057634,0.514596,-0.394535,-0.76127,0.290076,0.915602,-0.278437,0.806874,-0.077544,0.585611,-1e-06,-9e-06,-9e-06,-1.4e-05,-6e-06,-1.7e-05,-0.541981
328,0.161384,-0.049847,0.320272,-0.405514,0.412351,-0.815825,-0.308487,-0.901818,-0.302544,-0.859981,0.128466,0.49392,0.0,1e-06,2e-06,0.0,-0.0,0.0,-0.402423,-0.16784,-0.034043,0.304147,-0.879687,0.09891,0.465144,0.179173,-0.836939,0.517072,0.441537,0.538076,0.717901,-0.015315,-0.005412,-0.004903,-0.585299,-1.970493,1.762246,-1.402096,0.042944,0.024878,-0.017397,0.876891,-0.152645,0.455807,-0.099518,0.870044,0.482824,-0.470273,-0.468746,0.747743,-0.007657,-0.00274,-0.002488,-0.583831,-1.967539,1.761028,-0.950476,0.079086,0.017454,-0.05761,0.513907,-0.39529,-0.761344,0.289282,0.915378,-0.279999,0.807598,-0.07635,0.584769,1e-06,-3e-06,-5e-06,-0.002664,0.001545,-0.00271,-0.541654
329,0.161385,-0.04988,0.320312,-0.404487,0.413389,-0.815809,-0.30766,-0.901498,-0.304334,-0.860761,0.127372,0.492842,2.5e-05,0.000264,0.00031,0.000105,-7.3e-05,0.000129,-0.402224,-0.168366,-0.03398,0.303775,-0.878371,0.105691,0.466139,0.174237,-0.837169,0.518386,0.44612,0.536418,0.716307,-0.015319,-0.004583,-0.003932,-0.048414,0.062254,0.007787,-1.402306,0.042686,0.024909,-0.017584,0.875352,-0.15949,0.456422,-0.094257,0.869617,0.484645,-0.474209,-0.467256,0.746188,-0.008108,0.002873,-0.006526,0.01088,0.079766,0.023987,-0.952598,0.079086,0.017437,-0.057591,0.512934,-0.396394,-0.761426,0.288669,0.914994,-0.281879,0.808435,-0.075215,0.583758,1.4e-05,0.000143,0.000166,-0.00384,0.002214,-0.003909,-0.541817
330,0.161363,-0.049914,0.320354,-0.404963,0.412866,-0.815838,-0.307537,-0.901737,-0.303748,-0.86058,0.127374,0.493157,1.3e-05,0.000138,0.000162,0.0,-0.0,0.0,-0.402731,-0.168846,-0.033883,0.303454,-0.879349,0.105751,0.464276,0.173141,-0.837107,0.518853,0.444614,0.536502,0.717179,-0.015316,-0.00363,-0.002808,-0.002058,0.015215,-0.029238,-1.402337,0.042446,0.024956,-0.017746,0.876342,-0.159672,0.454454,-0.093034,0.869591,0.484929,-0.472619,-0.467243,0.747204,-0.008103,0.003489,-0.005795,0.034905,0.021436,-0.039255,-0.951619,0.079075,0.01742,-0.05757,0.513409,-0.395813,-0.761408,0.28848,0.915242,-0.281264,0.808201,-0.075248,0.584078,7e-06,8.1e-05,9.6e-05,-7.8e-05,4.7e-05,-6.9e-05,-0.542144
331,0.161352,-0.049925,0.320388,-0.405186,0.412623,-0.81585,-0.307495,-0.901846,-0.303466,-0.86049,0.12739,0.49331,7e-05,0.000745,0.000876,0.0,0.0,0.0,-0.40251,-0.169084,-0.033845,0.303329,-0.879169,0.105509,0.464673,0.173401,-0.837306,0.518444,0.44487,0.536239,0.717218,-3.1e-05,-0.002506,-0.003,-0.0,0.0,0.0,-1.402327,0.042322,0.024973,-0.01781,0.876174,-0.159359,0.454888,-0.093329,0.869809,0.484479,-0.472872,-0.466942,0.747232,-1.2e-05,-0.001235,-0.001471,5e-05,-4.9e-05,-0.000817,-0.952762,0.07907,0.017413,-0.057554,0.513618,-0.395557,-0.7614,0.288402,0.915351,-0.280989,0.808096,-0.075268,0.58422,4.4e-05,0.000487,0.000571,-2.3e-05,4e-06,-1.2e-05,-0.54198
332,0.161342,-0.049969,0.320449,-0.404284,0.413523,-0.815842,-0.30665,-0.901586,-0.305091,-0.861217,0.126314,0.492318,0.000118,-0.010413,0.009102,-0.035684,0.011825,-0.018929,-0.402661,-0.169591,-0.033787,0.303127,-0.880014,0.1054,0.463095,0.172708,-0.837124,0.51897,0.443465,0.536545,0.717859,-0.015313,-0.002738,-0.001758,-0.002045,0.015205,-0.029245,-1.402428,0.042074,0.025004,-0.01791,0.877005,-0.159383,0.453274,-0.092638,0.869588,0.485008,-0.471465,-0.467345,0.747869,-0.008098,0.004017,-0.005171,0.032492,0.019682,-0.036272,-0.953252,0.079065,0.017393,-0.057522,0.512755,-0.396526,-0.761478,0.287747,0.915024,-0.282723,0.808878,-0.074145,0.583281,5.5e-05,-0.00522,0.004538,-0.038153,0.013252,-0.021431,-0.541817
333,0.161344,-0.049991,0.320502,-0.404897,0.412847,-0.81588,-0.306458,-0.9019,-0.304353,-0.860996,0.126282,0.492712,1.6e-05,0.000169,0.000198,0.0,-0.0,0.0,-0.403229,-0.170094,-0.033766,0.302976,-0.878918,0.10999,0.464107,0.168603,-0.83841,0.518242,0.44721,0.533602,0.71773,-0.016192,0.00864,-0.009648,0.034412,0.004904,-0.010912,-1.402255,0.041817,0.025014,-0.017986,0.875541,-0.163803,0.454527,-0.08848,0.8705,0.484148,-0.474971,-0.464109,0.747666,-0.008094,0.004324,-0.004811,0.034267,0.004504,-0.011129,-0.953415,0.079066,0.017382,-0.057495,0.513347,-0.395797,-0.761458,0.287465,0.91534,-0.281984,0.808602,-0.074137,0.583665,7e-06,8.9e-05,0.000103,-0.005848,0.090896,-0.17687,-0.541817
334,0.161344,-0.050015,0.320523,-0.405132,0.41259,-0.815894,-0.30641,-0.902016,-0.304058,-0.860902,0.126295,0.492872,0.0,2e-06,3e-06,0.0,0.0,0.0,-0.402923,-0.17035,-0.033794,0.302903,-0.879408,0.111994,0.462699,0.167626,-0.836676,0.521352,0.446614,0.535898,0.716389,-0.015335,-0.003554,-0.002754,-0.167337,0.15535,0.032064,-1.402223,0.041689,0.025002,-0.01802,0.875942,-0.165595,0.453102,-0.08769,0.868936,0.487092,-0.474378,-0.466397,0.746617,-0.007666,-0.001771,-0.001363,-0.210067,0.181812,0.043425,-0.951945,0.079066,0.01737,-0.057485,0.513567,-0.395527,-0.761449,0.28738,0.915455,-0.281697,0.808492,-0.074155,0.583815,-3e-06,-1.4e-05,-1.7e-05,-4e-05,-3e-06,-2.2e-05,-0.541654
335,0.161344,-0.050047,0.320549,-0.404205,0.413511,-0.815887,-0.305506,-0.901753,-0.305743,-0.86166,0.125155,0.491838,0.0,0.0,0.0,0.012935,-0.009013,0.015871,-0.402881,-0.170896,-0.033869,0.302738,-0.880264,0.111895,0.461093,0.167049,-0.836318,0.522111,0.44514,0.536477,0.716872,-0.015351,-0.003869,-0.003147,-0.002079,0.015232,-0.029227,-1.402334,0.041422,0.024965,-0.018102,0.87668,-0.165974,0.451534,-0.086996,0.868428,0.488123,-0.47314,-0.46721,0.746895,-0.007679,-0.002244,-0.001937,-0.000682,0.030704,-0.057113,-0.949659,0.079066,0.017354,-0.057471,0.5127,-0.396495,-0.761531,0.286673,0.915131,-0.283465,0.809293,-0.072978,0.582852,-0.0,-5e-06,-7e-06,0.156547,-0.107825,0.189725,-0.541491
336,0.161344,-0.050068,0.320556,-0.404739,0.412917,-0.815924,-0.305284,-0.902038,-0.305125,-0.861487,0.125072,0.492162,-0.0,-1e-06,-1e-06,0.0,-0.0,0.0,-0.403509,-0.171489,-0.033973,0.302541,-0.880932,0.111564,0.459895,0.166871,-0.835991,0.522691,0.44388,0.537055,0.71722,-0.015372,-0.004317,-0.003703,-0.002045,0.015205,-0.029245,-1.402057,0.041125,0.024913,-0.0182,0.87735,-0.165723,0.450325,-0.086849,0.868127,0.488683,-0.471925,-0.467857,0.747258,-0.007691,-0.002507,-0.002262,-0.003728,0.030394,-0.054897,-0.949659,0.079066,0.017343,-0.057468,0.513198,-0.395876,-0.761517,0.286377,0.915404,-0.28288,0.809082,-0.072908,0.583154,1e-06,2e-06,3e-06,-0.000108,6.8e-05,-0.000108,-0.541817
337,0.161332,-0.050076,0.320564,-0.405363,0.412219,-0.815967,-0.304993,-0.902374,-0.30442,-0.861296,0.124945,0.492528,-0.0,-0.0,-0.0,0.0,0.0,0.0,-0.403074,-0.172165,-0.034094,0.302283,-0.882929,0.111783,0.455996,0.165078,-0.835144,0.524612,0.440567,0.538327,0.71831,-0.016263,0.005772,-0.013156,0.032608,0.019365,-0.035758,-1.402239,0.040787,0.024849,-0.018325,0.879267,-0.166276,0.446363,-0.085089,0.86719,0.490652,-0.468666,-0.469395,0.748344,-0.007697,-0.002419,-0.002164,-0.000749,0.019495,-0.033147,-0.950802,0.07906,0.017339,-0.057465,0.513784,-0.395144,-0.761502,0.285994,0.91573,-0.282214,0.808846,-0.072789,0.583496,1e-06,0.0,2e-06,-1.3e-05,1.4e-05,-1.6e-05,-0.54198
338,0.161333,-0.05007,0.32057,-0.405646,0.411902,-0.815986,-0.304851,-0.902529,-0.304105,-0.861213,0.124876,0.49269,4e-05,0.000429,0.000505,0.0,0.0,0.0,-0.404014,-0.172505,-0.034111,0.302149,-0.883309,0.117205,0.453894,0.159047,-0.835713,0.525567,0.442026,0.536278,0.718945,-0.015391,-0.004159,-0.003543,-0.002303,0.013942,-0.027656,-1.402291,0.040617,0.024842,-0.018399,0.879157,-0.171804,0.444481,-0.078989,0.867303,0.491472,-0.469937,-0.467191,0.748925,-0.008122,0.003164,-0.006237,0.033637,0.020285,-0.035419,-0.951292,0.07906,0.017342,-0.057462,0.514049,-0.394811,-0.761496,0.285809,0.915879,-0.281918,0.808743,-0.072723,0.583648,2.3e-05,0.000241,0.000285,-5e-06,1.2e-05,0.0,-0.541817
339,0.161333,-0.050086,0.320584,-0.404396,0.413179,-0.815961,-0.30406,-0.902098,-0.306167,-0.862081,0.123769,0.491451,0.0,0.0,0.0,0.0,-0.0,0.0,-0.403704,-0.17311,-0.03403,0.301882,-0.882416,0.118567,0.455275,0.159487,-0.834859,0.526791,0.443651,0.537307,0.717174,-0.015384,-0.003492,-0.002755,-0.004085,0.030036,-0.05387,-1.402581,0.040309,0.024882,-0.018533,0.878131,-0.173036,0.44603,-0.079529,0.866533,0.492742,-0.471762,-0.468165,0.747168,-0.007685,-0.001671,-0.001276,0.001754,0.026718,-0.055795,-0.951945,0.07906,0.017334,-0.057454,0.512875,-0.396158,-0.761588,0.285272,0.915387,-0.284051,0.809678,-0.071577,0.582492,1e-06,-3e-06,-5e-06,-0.000286,0.000159,-0.000294,-0.541981
340,0.161321,-0.050093,0.320591,-0.40482,0.412704,-0.815991,-0.30387,-0.902326,-0.305682,-0.861949,0.123689,0.491704,0.0,0.0,0.0,0.0,0.0,0.0,-0.404179,-0.173588,-0.033885,0.301664,-0.882785,0.120448,0.454065,0.158423,-0.833449,0.529339,0.443299,0.539072,0.716067,-0.016158,0.009978,-0.008116,0.007223,0.025773,0.003474,-1.402465,0.040076,0.024947,-0.018642,0.878274,-0.175077,0.444952,-0.078628,0.865008,0.495559,-0.471649,-0.470222,0.745947,-2e-06,-0.000199,-0.000232,-0.003183,0.00985,0.009836,-0.954558,0.079054,0.017331,-0.057451,0.513275,-0.395658,-0.761579,0.285019,0.915609,-0.283589,0.809513,-0.071505,0.582729,2e-06,-3e-06,-3e-06,-7e-06,1e-05,-2e-05,-0.54247
341,0.16131,-0.050095,0.320605,-0.405032,0.412467,-0.816006,-0.303786,-0.902439,-0.305435,-0.861878,0.123661,0.491834,4e-05,0.000429,0.000505,0.0,0.0,0.0,-0.403747,-0.173732,-0.033805,0.301596,-0.882737,0.120371,0.454178,0.158414,-0.833616,0.529078,0.443397,0.53883,0.716188,-0.015308,-0.000579,0.000751,-0.002442,0.015514,-0.029033,-1.402384,0.040003,0.024992,-0.018679,0.878282,-0.174931,0.444993,-0.0785,0.865289,0.495089,-0.471653,-0.46976,0.746236,6e-06,7.3e-05,9.6e-05,0.007408,-0.004157,-0.002122,-0.955211,0.079049,0.017329,-0.057445,0.513474,-0.39541,-0.761573,0.284902,0.915718,-0.283353,0.809428,-0.07148,0.582851,2.9e-05,0.000284,0.000333,1e-06,-1.1e-05,-1.3e-05,-0.54247
342,0.161265,-0.050098,0.320634,-0.405686,0.411733,-0.816051,-0.303502,-0.902789,-0.304681,-0.86167,0.12355,0.492226,1.9e-05,0.000205,0.000241,0.0,0.0,0.0,-0.403546,-0.173845,-0.033679,0.301515,-0.881865,0.125404,0.454511,0.153627,-0.834782,0.52865,0.446812,0.535862,0.716292,1.6e-05,0.000586,0.000708,-0.0,0.0,0.0,-1.402192,0.039941,0.025056,-0.018718,0.877011,-0.179803,0.445557,-0.073646,0.866074,0.494461,-0.474791,-0.466461,0.746315,1.3e-05,0.000422,0.000512,-4.6e-05,-0.000411,-0.000345,-0.955211,0.079026,0.017328,-0.057429,0.514088,-0.39464,-0.761558,0.284518,0.916059,-0.282639,0.809173,-0.071376,0.583217,1.1e-05,0.00012,0.000141,-1.8e-05,-1e-06,-1.5e-05,-0.542307
343,0.161233,-0.0501,0.320696,-0.404239,0.413234,-0.816011,-0.302856,-0.902241,-0.306937,-0.862578,0.122538,0.490887,6.3e-05,0.000668,0.000784,0.0,-0.0,0.0,-0.403329,-0.173802,-0.033627,0.301475,-0.880485,0.132439,0.455189,0.148643,-0.834469,0.530567,0.451207,0.534647,0.714442,0.0,0.0,0.0,-0.000244,0.00019,0.000131,-1.402713,0.039963,0.025084,-0.018735,0.875047,-0.186708,0.446577,-0.068669,0.865394,0.496362,-0.479141,-0.465007,0.74444,1e-06,5e-06,3e-06,0.006373,-0.003798,-0.002021,-0.950312,0.07901,0.017326,-0.057399,0.512728,-0.396222,-0.761654,0.284151,0.915457,-0.284948,0.810164,-0.070324,0.581967,4.5e-05,0.000499,0.000587,-0.00033,0.000178,-0.000334,-0.54198
344,0.161198,-0.050154,0.320745,-0.40447,0.412985,-0.816023,-0.302903,-0.902341,-0.306598,-0.862453,0.122646,0.49108,-9.1e-05,-0.000966,-0.001134,0.0,0.0,0.0,-0.403906,-0.173712,-0.033607,0.301458,-0.879979,0.134407,0.45559,0.148391,-0.833171,0.532672,0.452277,0.536174,0.712619,0.0,0.0,0.0,-0.001053,0.00082,0.000564,-1.402343,0.040008,0.025094,-0.018743,0.874375,-0.188636,0.447083,-0.068495,0.864143,0.498561,-0.48039,-0.466553,0.742665,1e-06,2e-06,0.0,0.010932,-0.005967,-0.002927,-0.948353,0.078993,0.017303,-0.05737,0.512947,-0.395957,-0.761644,0.284156,0.915563,-0.284603,0.810024,-0.070439,0.582149,-5.6e-05,-0.000588,-0.000686,-0.000857,0.01317,-0.025626,-0.542144
345,0.161198,-0.050175,0.320752,-0.404706,0.412722,-0.816038,-0.302831,-0.902462,-0.306312,-0.862368,0.122635,0.491233,-7.9e-05,-0.000839,-0.000986,0.0,0.0,0.0,-0.403616,-0.173713,-0.033616,0.301432,-0.880626,0.136745,0.453641,0.146907,-0.831287,0.536017,0.451502,0.538498,0.711357,-2.5e-05,-0.000908,-0.001097,-0.010299,0.007858,0.00562,-1.402181,0.040007,0.025091,-0.018755,0.874774,-0.191187,0.445215,-0.067121,0.862185,0.502126,-0.479858,-0.46913,0.741385,-1.5e-05,-0.000597,-0.000722,0.018017,-0.001727,-0.004915,-0.951945,0.078993,0.017291,-0.057368,0.513169,-0.395682,-0.761638,0.284046,0.915682,-0.284328,0.809922,-0.070432,0.582291,-4.6e-05,-0.000485,-0.000568,-1.6e-05,9e-06,-6e-06,-0.54198
346,0.161198,-0.050191,0.320765,-0.403455,0.413999,-0.816011,-0.302037,-0.902027,-0.30837,-0.863233,0.121531,0.489986,-0.0,-0.0,-0.0,0.0,-0.0,0.0,-0.404399,-0.173777,-0.033599,0.301311,-0.880024,0.138579,0.454253,0.146798,-0.8301,0.537884,0.452712,0.539856,0.709557,-4.6e-05,-0.001697,-0.002052,-0.000763,0.000594,0.000409,-1.402685,0.039976,0.025096,-0.018811,0.874041,-0.192854,0.445935,-0.06707,0.861161,0.503887,-0.481199,-0.470327,0.739755,-0.007684,-0.001477,-0.00106,0.00705,0.023947,-0.057104,-0.954068,0.078993,0.017282,-0.057364,0.511989,-0.397033,-0.761729,0.283503,0.915184,-0.286465,0.810859,-0.069286,0.581124,1e-06,3e-06,4e-06,-0.000901,0.000535,-0.000906,-0.542144
347,0.16121,-0.050194,0.320778,-0.403634,0.413799,-0.816024,-0.30197,-0.902122,-0.308159,-0.863172,0.12151,0.490098,0.0,1e-06,1e-06,0.0,0.0,0.0,-0.403749,-0.174036,-0.033563,0.301005,-0.88097,0.138677,0.452385,0.145737,-0.829909,0.538465,0.45121,0.540123,0.71031,-0.016256,0.006369,-0.012495,0.034405,0.004563,-0.011095,-1.40224,0.039852,0.025116,-0.018962,0.874982,-0.193051,0.444001,-0.065984,0.860958,0.504377,-0.479637,-0.470618,0.740585,-6.9e-05,-0.002541,-0.003072,-0.001551,0.015173,-0.025959,-0.957987,0.078999,0.01728,-0.057357,0.512163,-0.396816,-0.761724,0.283411,0.915279,-0.286252,0.810781,-0.069273,0.581234,-1e-06,-4e-06,-5e-06,-2.6e-05,1.4e-05,-1.7e-05,-0.54198
348,0.161199,-0.050201,0.320785,-0.40386,0.413546,-0.816041,-0.30188,-0.902243,-0.307895,-0.863098,0.121479,0.490236,0.0,0.0,0.0,0.0,0.0,0.0,-0.404214,-0.174187,-0.033517,0.300798,-0.882135,0.139063,0.44999,0.144237,-0.829578,0.53938,0.449409,0.540533,0.71114,-0.016269,0.005968,-0.012989,0.032601,0.019219,-0.035781,-1.402104,0.039776,0.025139,-0.019066,0.876091,-0.193645,0.441547,-0.064468,0.860527,0.505307,-0.477814,-0.471161,0.741417,-0.000469,0.003434,-0.006666,0.037672,-0.006402,0.013866,-0.956517,0.078993,0.017277,-0.057354,0.512375,-0.396551,-0.76172,0.283286,0.915397,-0.286001,0.810691,-0.069245,0.581363,2e-06,-3e-06,-4e-06,-1.3e-05,1.3e-05,-4e-06,-0.542307
349,0.161187,-0.050201,0.320786,-0.402601,0.414827,-0.816012,-0.30104,-0.901808,-0.309981,-0.86398,0.120331,0.488964,0.0,0.0,0.0,1e-06,-1e-06,1e-06,-0.40432,-0.174535,-0.033428,0.300368,-0.884301,0.139638,0.445538,0.141558,-0.828963,0.541031,0.445987,0.541325,0.71269,-0.015451,-0.005087,-0.004741,-0.051708,-0.163017,0.136999,-1.402301,0.039602,0.025186,-0.019287,0.878021,-0.19451,0.437315,-0.061946,0.85983,0.506808,-0.474595,-0.472078,0.7429,-0.000486,0.002821,-0.007416,-0.149928,-0.655062,0.603582,-0.955864,0.078987,0.017277,-0.057353,0.511171,-0.397926,-0.761812,0.282694,0.91489,-0.288199,0.811656,-0.068041,0.580157,0.0,-1e-06,-1e-06,-0.003102,0.001828,-0.003158,-0.542144
350,0.161199,-0.050217,0.320799,-0.402708,0.414711,-0.816019,-0.301034,-0.901859,-0.30984,-0.863933,0.120352,0.489043,0.000105,-0.010525,0.008971,-0.035684,0.011813,-0.018935,-0.404294,-0.174963,-0.033369,0.29994,-0.885251,0.139729,0.443619,0.140353,-0.828912,0.541424,0.444478,0.54138,0.71359,-0.016283,0.005893,-0.013117,0.034403,0.00446,-0.011152,-1.402673,0.039388,0.02521,-0.019498,0.879002,-0.194795,0.435211,-0.060667,0.859636,0.507292,-0.472941,-0.472314,0.743804,-8e-05,-0.00276,-0.003352,-0.001351,0.016427,-0.026401,-0.957497,0.078993,0.017269,-0.057347,0.511292,-0.397779,-0.761807,0.282678,0.914951,-0.288021,0.811585,-0.068083,0.580251,5.6e-05,-0.005263,0.004484,-0.03573,0.011846,-0.018988,-0.542307
