frame,MLTx,MLTy,MLTz,MLTR1,MLTR2,MLTR3,MLTR4,MLTR5,MLTR6,MLTR7,MLTR8,MLTR9,MLTTVx,MLTTVy,MLTTVz,MLTRVx,MLTRVy,MLTRVz,MLGA,MRTx,MRTy,MRTz,MRTR1,MRTR2,MRTR3,MRTR4,MRTR5,MRTR6,MRTR7,MRTR8,MRTR9,MRTTVx,MRTTVy,MRTTVz,MRTRVx,MRTRVy,MRTRVz,MRGA,SLTx,SLTy,SLTz,SLTR1,SLTR2,SLTR3,SLTR4,SLTR5,SLTR6,SLTR7,SLTR8,SLTR9,SLTTVx,SLTTVy,SLTTVz,SLTRVx,SLTRVy,SLTRVz,SLGA,SRTx,SRTy,SRTz,SRTR1,SRTR2,SRTR3,SRTR4,SRTR5,SRTR6,SRTR7,SRTR8,SRTR9,SRTTVx,SRTTVy,SRTTVz,SRTRVx,SRTRVy,SRTRVz,SRGA
360,0.088962,0.012979,0.354816,0.168267,0.656258,-0.735566,-0.981011,0.038675,-0.189982,-0.096446,0.752753,0.651221,0.009517,0.04556,0.001653,0.065975,-0.082182,0.071857,-0.653513,-0.080646,0.03852,0.349512,0.196144,0.355756,0.913759,-0.353131,0.894968,-0.272513,-0.914947,-0.269683,0.30001,0.004049,-0.023408,0.031309,-0.095955,0.00701,-0.058103,-0.608863,0.050753,0.03758,-0.009418,-0.157299,-0.361108,0.919161,0.343334,-0.892684,-0.29195,0.925947,0.269656,0.264399,0.002072,-0.011946,0.015471,-0.103759,0.001644,-0.04627,-0.784572,0.082695,0.031883,-0.066464,0.122175,0.717201,-0.686071,-0.9837,-0.004382,-0.179758,-0.131929,0.696851,0.704976,0.004753,0.022766,0.00081,0.083629,-0.036469,0.102301,-0.694494
361,0.089164,0.013801,0.354911,0.16032,0.654698,-0.738724,-0.982331,0.032811,-0.184181,-0.096552,0.754388,0.649311,0.00862,0.035251,0.010527,0.007085,-0.188831,0.018047,-0.653318,-0.080467,0.037887,0.350192,0.18712,0.362943,0.912825,-0.352929,0.892039,-0.282206,-0.916902,-0.269823,0.293851,0.007299,-0.037554,0.037158,-0.131647,0.010246,-0.080162,-0.609236,0.050842,0.037265,-0.009077,-0.148259,-0.368282,0.917816,0.342746,-0.889687,-0.30163,0.927655,0.269858,0.258131,0.003722,-0.019107,0.018333,-0.140763,0.001401,-0.066392,-0.784246,0.082795,0.032292,-0.066418,0.114343,0.715469,-0.689222,-0.984608,-0.010693,-0.174448,-0.132183,0.698561,0.703234,0.004289,0.017567,0.005213,0.019379,-0.16012,0.0386,-0.694657
362,0.089529,0.015384,0.355149,0.148627,0.655126,-0.740787,-0.984386,0.026775,-0.173894,-0.094281,0.754254,0.6498,0.009601,0.045949,0.001717,-0.090791,0.028958,-0.049292,-0.651787,-0.080184,0.03653,0.351357,0.166413,0.379197,0.910224,-0.351339,0.885323,-0.304462,-0.921468,-0.269618,0.2794,-0.006117,-0.034375,0.024955,0.226705,0.451981,-0.721934,-0.610122,0.050984,0.036585,-0.008496,-0.127815,-0.384346,0.914298,0.340345,-0.882878,-0.323559,0.931572,0.269821,0.243655,-0.003015,-0.017407,0.012311,0.254594,0.491296,-0.778978,-0.785225,0.082974,0.033066,-0.0663,0.102664,0.715332,-0.691201,-0.986181,-0.017631,-0.164724,-0.130019,0.698561,0.703637,0.004205,0.017334,0.004947,-0.542911,0.423997,-0.464017,-0.693678
363,0.089768,0.016625,0.355584,0.145704,0.651409,-0.744635,-0.984903,0.024597,-0.171271,-0.093441,0.757541,0.646087,0.006864,0.022252,0.017065,-3e-05,-0.032747,0.047664,-0.651235,-0.079913,0.035279,0.352287,0.152556,0.387055,0.909343,-0.351798,0.881124,-0.315898,-0.923672,-0.272211,0.269432,0.007001,-0.033281,0.024277,0.952072,1.850622,-1.905489,-0.610834,0.051118,0.035969,-0.008042,-0.117609,-0.392375,0.912255,0.340981,-0.878735,-0.333999,0.932684,0.27178,0.23714,0.002417,-0.011435,0.007837,-0.142212,0.505107,0.267789,-0.786858,0.083098,0.033706,-0.06608,0.099969,0.711885,-0.695144,-0.986539,-0.019947,-0.162302,-0.129406,0.702012,0.700308,0.003416,0.011089,0.008501,0.006023,-0.009097,0.060681,-0.693514
364,0.089846,0.017104,0.355898,0.140081,0.650603,-0.746417,-0.985361,0.017818,-0.169463,-0.097136,0.758422,0.644505,0.006975,0.022632,0.017282,-0.005914,-0.075046,0.056663,-0.651155,-0.079788,0.034733,0.352664,0.148078,0.390752,0.908502,-0.351902,0.879337,-0.320724,-0.924356,-0.272713,0.266564,0.004931,-0.023067,0.01556,-0.072094,0.01269,-0.040552,-0.61067,0.051181,0.035691,-0.007851,-0.109249,-0.39575,0.911836,0.340141,-0.876832,-0.339805,0.934006,0.27303,0.230404,0.002529,-0.011798,0.007584,-0.081796,-0.013291,-0.045705,-0.787512,0.083133,0.033935,-0.065931,0.094287,0.710826,-0.697018,-0.986602,-0.026912,-0.160905,-0.133134,0.702852,0.698766,-0.003192,0.012218,0.00919,-0.003626,0.080996,-0.156323,-0.693351
365,0.089998,0.017816,0.356714,0.134753,0.649755,-0.748134,-0.985798,0.011731,-0.167443,-0.100196,0.759267,0.643041,0.006037,0.012206,0.025975,-0.033279,-0.025296,0.058935,-0.649569,-0.079585,0.03388,0.35323,0.13456,0.389656,0.911072,-0.340413,0.881666,-0.326677,-0.930688,-0.266684,0.250125,0.004922,-0.02304,0.015607,-0.045757,0.693852,0.101187,-0.612079,0.051283,0.035261,-0.00757,-0.097527,-0.396252,0.912947,0.328269,-0.878791,-0.34636,0.939535,0.265913,0.215782,0.001377,-0.00629,0.003513,0.321087,0.388376,-0.543642,-0.787838,0.083209,0.034293,-0.065527,0.08909,0.709956,-0.698587,-0.986644,-0.033119,-0.159484,-0.136363,0.703466,0.697524,-0.003619,0.007094,0.013607,-0.03248,0.015007,0.010714,-0.692698
366,0.09011,0.018261,0.357712,0.134909,0.649949,-0.747938,-0.985908,0.012883,-0.166709,-0.098892,0.759083,0.64346,0.004722,0.000557,0.033762,-0.067501,-0.00588,0.043849,-0.649503,-0.079488,0.033383,0.353537,0.129608,0.380623,0.915598,-0.319909,0.890071,-0.324601,-0.938626,-0.251327,0.235964,0.002512,-0.011694,0.007683,1.401375,0.098642,0.747208,-0.612516,0.051333,0.035007,-0.007415,-0.091478,-0.387404,0.91736,0.309352,-0.886699,-0.343607,0.946537,0.252354,0.200957,0.001368,-0.005994,0.003591,4.986583,-1.700246,1.336656,-0.789308,0.083268,0.034521,-0.065018,0.089347,0.710204,-0.698302,-0.986804,-0.031931,-0.158736,-0.135032,0.70327,0.69798,0.002331,0.000219,0.016837,-0.067955,-0.005796,0.044438,-0.692208
367,0.090238,0.018483,0.358863,0.127227,0.651889,-0.747595,-0.986197,0.002794,-0.165468,-0.105944,0.75752,0.644178,0.004433,-0.000341,0.032974,-0.067938,0.008489,0.018869,-0.64921,-0.079428,0.033078,0.353656,0.111788,0.370201,0.922196,-0.302855,0.896568,-0.323077,-0.946521,-0.243653,0.211174,0.002959,-0.013184,0.006598,-0.10927,0.591508,0.326128,-0.613742,0.051362,0.034858,-0.007353,-0.073825,-0.376217,0.923585,0.290663,-0.89402,-0.340941,0.953972,0.243282,0.175353,0.000249,-0.000855,-0.000623,-0.116129,0.753598,0.425018,-0.789961,0.083331,0.034634,-0.064454,0.081549,0.711664,-0.69777,-0.986495,-0.042142,-0.158273,-0.142043,0.701254,0.698616,0.002809,0.00552,0.012415,-0.037679,0.088433,-0.138059,-0.692044
368,0.0903,0.018527,0.35948,0.127473,0.652025,-0.747435,-0.986289,0.003878,-0.164897,-0.104785,0.757399,0.644511,0.004322,-0.000683,0.032666,-0.067933,0.008505,0.018878,-0.649528,-0.079405,0.032989,0.353652,0.103682,0.36253,0.926182,-0.286357,0.902663,-0.321143,-0.95255,-0.23239,0.19623,0.00083,-0.002764,-0.002021,0.3236,1.160734,-0.387065,-0.614596,0.051375,0.034809,-0.007352,-0.065796,-0.367621,0.927644,0.274659,-0.900419,-0.337352,0.959287,0.232589,0.160214,0.000479,-0.001635,-0.001192,1.334915,2.196621,-1.524885,-0.790614,0.083362,0.034656,-0.064145,0.081796,0.7118,-0.697602,-0.986644,-0.041094,-0.157618,-0.14086,0.701178,0.698932,0.002214,-0.00011,0.016505,-0.068482,0.008395,0.019299,-0.692045
369,0.090435,0.018424,0.360782,0.119963,0.653967,-0.746982,-0.986549,-0.005463,-0.16329,-0.111023,0.755712,0.645446,0.003829,-0.002259,0.031414,-0.067924,0.008535,0.018894,-0.648872,-0.07941,0.032828,0.353577,0.085096,0.342194,0.935763,-0.25518,0.91534,-0.311397,-0.963173,-0.212733,0.164028,-0.011524,-0.006688,-0.003337,-0.073688,0.636909,0.341963,-0.621227,0.051377,0.03473,-0.007389,-0.045347,-0.34706,0.936745,0.243555,-0.913255,-0.326566,0.968826,0.213341,0.125941,0.000616,-0.002072,-0.001509,-0.098142,0.857011,0.254893,-0.794207,0.08343,0.034607,-0.063493,0.074183,0.713266,-0.696955,-0.98635,-0.050541,-0.156711,-0.147002,0.699068,0.699781,0.001382,-0.006511,0.020015,-0.103531,0.02686,0.003262,-0.692044
370,0.090615,0.017968,0.362195,0.113764,0.657823,-0.744561,-0.986551,-0.013572,-0.162801,-0.117348,0.752253,0.648361,0.001848,-0.016124,0.037721,-0.098472,0.060709,-0.010961,-0.647963,-0.079491,0.032659,0.353468,0.059639,0.318312,0.946103,-0.220041,0.928676,-0.298457,-0.973667,-0.190795,0.12423,0.000936,-0.003123,-0.002289,0.039259,0.837786,0.311953,-0.625165,0.051332,0.034642,-0.007446,-0.019611,-0.323144,0.946146,0.209054,-0.926735,-0.312181,0.977707,0.191673,0.085729,0.000534,-0.001793,-0.001303,0.340174,1.018014,0.266349,-0.799432,0.083522,0.034386,-0.062786,0.067924,0.716769,-0.693994,-0.985853,-0.058611,-0.157024,-0.153225,0.694842,0.702648,0.007531,-0.0089,0.018338,-0.105908,0.004968,0.030638,-0.691391
371,0.090705,0.017624,0.362922,0.109967,0.658853,-0.744221,-0.986679,-0.017789,-0.161613,-0.119863,0.751263,0.649048,0.001561,-0.017065,0.03703,-0.102311,0.027191,0.00335,-0.648313,-0.079495,0.032606,0.353431,0.044508,0.30602,0.950979,-0.205613,0.934355,-0.290927,-0.977603,-0.182984,0.103306,0.000599,-0.002,-0.001466,-0.068751,1.003296,0.377151,-0.625916,0.051331,0.034613,-0.007466,-0.004864,-0.311314,0.950294,0.194862,-0.932383,-0.304449,0.980818,0.183695,0.065199,0.000338,-0.001152,-0.000835,0.03164,1.239665,0.556005,-0.800248,0.083567,0.034207,-0.062409,0.063978,0.717395,-0.693721,-0.985759,-0.062898,-0.155956,-0.155516,0.69382,0.703155,0.0007,-0.008727,0.01837,-0.10543,0.020803,0.00016,-0.691391
372,0.090828,0.016771,0.364441,0.098913,0.663666,-0.741491,-0.986597,-0.03163,-0.159991,-0.129765,0.746555,0.652567,0.001281,-0.017991,0.036362,-0.099376,0.027719,0.000681,-0.646625,-0.079437,0.032544,0.353406,0.011917,0.279645,0.960025,-0.177415,0.945455,-0.273079,-0.984006,-0.167434,0.059667,0.012897,0.002144,9e-06,-0.12828,1.418296,0.676157,-0.626627,0.051355,0.034581,-0.007479,0.026222,-0.286392,0.957753,0.167309,-0.943311,-0.286654,0.985555,0.167758,0.02318,0.001292,-0.00599,0.003746,-0.12182,1.192436,0.318591,-0.802044,0.083627,0.033792,-0.061679,0.052714,0.721316,-0.690596,-0.984839,-0.076896,-0.155491,-0.165263,0.688323,0.706327,7.4e-05,-0.014491,0.022429,-0.107151,0.045694,-0.045583,-0.690738
373,0.090867,0.015878,0.366005,0.091508,0.667831,-0.738697,-0.986609,-0.039636,-0.158124,-0.135,0.742447,0.656182,0.001657,-0.016752,0.037264,-0.102229,0.027681,0.003636,-0.644301,-0.079295,0.03241,0.353453,-0.017997,0.25638,0.966404,-0.143784,0.955851,-0.256139,-0.989351,-0.143901,0.018441,0.012772,0.002578,0.000326,1.50659,0.655517,0.245952,-0.628966,0.051426,0.034514,-0.007455,0.058834,-0.261228,0.963482,0.136435,-0.953993,-0.266987,0.9889,0.147161,-0.020487,0.000176,-0.000353,-0.000423,5.2464,-0.074332,0.418968,-0.803514,0.083646,0.033334,-0.060887,0.045088,0.724877,-0.6874,-0.984385,-0.084963,-0.154163,-0.170153,0.683618,0.709727,0.000705,-0.008698,0.018397,-0.106385,0.016369,-0.00133,-0.688942
374,0.090842,0.015192,0.367545,0.083043,0.669857,-0.737862,-0.986701,-0.048417,-0.155075,-0.139714,0.740096,0.657848,-0.010852,-0.012601,0.040082,-0.103424,0.041467,-0.02642,-0.642782,-0.079047,0.032217,0.353664,-0.048932,0.232481,0.971365,-0.116529,0.964558,-0.236604,-0.991848,-0.125078,-0.021332,0.00215,-0.010483,0.00858,0.37289,0.818753,0.08147,-0.632437,0.051554,0.034423,-0.007352,0.090249,-0.236743,0.967371,0.108964,-0.963156,-0.245877,0.98994,0.127599,-0.061128,0.007346,-0.003557,0.004741,1.499301,0.620051,0.201881,-0.806943,0.083638,0.032988,-0.060119,0.036521,0.726263,-0.686446,-0.983947,-0.093938,-0.151736,-0.174684,0.680968,0.711173,0.001019,-0.007662,0.019139,-0.1045,0.040101,-0.022133,-0.687472
375,0.09083,0.014995,0.368289,0.078837,0.670764,-0.737499,-0.986674,-0.052994,-0.153744,-0.142315,0.73896,0.658568,0.002835,-0.012845,0.040032,-0.102441,0.026749,0.00313,-0.642486,-0.078877,0.032063,0.353828,-0.065492,0.22194,0.972854,-0.102777,0.96826,-0.227692,-0.992393,-0.115193,-0.04183,0.014818,-0.007524,0.009186,-0.099652,0.999006,0.166015,-0.63529,0.051634,0.034346,-0.00727,0.106201,-0.226631,0.968172,0.095093,-0.966901,-0.236764,0.989786,0.117211,-0.081135,0.001106,-0.005363,0.004208,-0.108701,1.284933,0.121487,-0.808576,0.083626,0.032887,-0.059748,0.032248,0.726899,-0.685986,-0.983644,-0.098608,-0.15073,-0.177209,0.679627,0.711831,0.001934,-0.000927,0.015738,-0.073591,0.102879,-0.155839,-0.686656
376,0.090807,0.014927,0.369664,0.073202,0.671197,-0.737686,-0.985978,-0.062392,-0.154681,-0.149946,0.737833,0.658138,0.005744,0.011615,0.024576,-0.032621,-0.022787,0.060326,-0.642554,-0.078489,0.031638,0.3542,-0.094635,0.203395,0.974508,-0.080488,0.974129,-0.211014,-0.992063,-0.098677,-0.077043,0.017497,-0.019691,0.016544,-0.156816,0.378363,0.48048,-0.639785,0.051821,0.034144,-0.007087,0.137462,-0.209525,0.968092,0.073245,-0.972544,-0.220889,0.987794,0.101271,-0.118341,0.001158,-0.005531,0.004087,-0.051576,0.860868,0.008839,-0.812985,0.083613,0.032844,-0.059056,0.02655,0.727035,-0.686086,-0.982431,-0.107851,-0.152306,-0.184727,0.678076,0.711398,-0.004206,0.001491,0.017348,-0.071012,0.023925,-0.010998,-0.686003
377,0.090822,0.015238,0.370824,0.065203,0.670124,-0.73941,-0.985597,-0.072497,-0.152687,-0.156013,0.737885,0.656668,0.005923,0.012227,0.02488,-0.032681,-0.023417,0.059915,-0.642801,-0.078013,0.031149,0.354579,-0.118599,0.19074,0.974445,-0.062273,0.978006,-0.198899,-0.990769,-0.084527,-0.105339,0.015592,-0.009972,0.007396,-0.079285,-0.709037,2.566668,-0.641601,0.052064,0.033898,-0.006893,0.159942,-0.198196,0.967024,0.055693,-0.976263,-0.209301,0.985553,0.087332,-0.145108,0.007704,-0.004711,0.003902,-0.100202,0.883911,0.060065,-0.81723,0.083619,0.032997,-0.058483,0.018537,0.725558,-0.687911,-0.981452,-0.118096,-0.151006,-0.190804,0.677952,0.709912,-0.003564,0.007277,0.013202,-0.03161,0.002336,0.034763,-0.686166
378,0.090827,0.015451,0.37129,0.060737,0.668492,-0.741266,-0.985404,-0.078041,-0.151191,-0.159003,0.7388,0.65492,-0.007516,0.0131,0.025325,-0.050631,-0.067515,-0.033018,-0.643584,-0.077775,0.030846,0.354764,-0.125261,0.189893,0.973777,-0.052261,0.978876,-0.197493,-0.990519,-0.075884,-0.113917,0.018254,-0.022056,0.014823,0.381042,-0.978713,2.124222,-0.641837,0.052183,0.033747,-0.0068,0.168227,-0.196425,0.965979,0.046471,-0.977275,-0.206815,0.984652,0.079682,-0.155276,0.00158,-0.006897,0.003069,1.569937,0.06983,-0.209468,-0.818047,0.08363,0.033112,-0.058238,0.014208,0.723719,-0.689947,-0.980938,-0.123649,-0.149902,-0.193799,0.678926,0.708167,0.002742,0.005449,0.011947,-0.049998,-0.079037,-0.003123,-0.686329
379,0.090898,0.015911,0.372097,0.057187,0.666634,-0.743219,-0.985184,-0.082765,-0.150112,-0.161661,0.739965,0.652951,0.00464,0.008005,0.021778,-0.033412,-0.009843,0.034582,-0.644432,-0.077252,0.030172,0.355166,-0.135694,0.190007,0.972356,-0.043089,0.979367,-0.197272,-0.989572,-0.068922,-0.125931,0.00565,-0.025273,0.014053,-0.072895,0.071186,-0.040151,-0.641771,0.05245,0.033409,-0.006601,0.177074,-0.194427,0.964801,0.037383,-0.978256,-0.203999,0.983486,0.072191,-0.165956,0.007868,-0.00518,0.003556,-0.048431,-0.01979,0.003382,-0.815598,0.083661,0.033346,-0.057832,0.010736,0.721886,-0.691928,-0.980431,-0.128426,-0.149199,-0.196567,0.67999,0.706381,0.002746,0.009152,0.00635,0.003517,-0.015791,0.05683,-0.686819
380,0.091003,0.016351,0.372729,0.048544,0.663039,-0.747039,-0.984525,-0.094215,-0.147669,-0.168362,0.741824,0.649137,0.003801,0.005243,0.019795,-0.061368,-0.149004,-0.041132,-0.644195,-0.07682,0.029496,0.35559,-0.13864,0.186686,0.972583,-0.028255,0.980916,-0.192195,-0.989696,-0.054379,-0.131943,0.005141,-0.023576,0.015321,-0.068898,0.449177,0.208515,-0.640772,0.052667,0.033067,-0.006392,0.177525,-0.192733,0.965058,0.022515,-0.979582,-0.199775,0.983858,0.057193,-0.169562,0.007809,-0.004966,0.003717,-0.021739,0.380212,0.459633,-0.81821,0.083714,0.033568,-0.057515,0.002353,0.718225,-0.695805,-0.979082,-0.139904,-0.147724,-0.203445,0.681599,0.702873,0.002257,0.007531,0.005192,-0.033283,-0.197743,-0.080643,-0.687146
381,0.0911,0.016656,0.37335,0.045379,0.663274,-0.74703,-0.984063,-0.098916,-0.147675,-0.171907,0.741003,0.649145,-0.009845,0.005208,0.019644,-0.034901,0.019142,-0.020022,-0.644456,-0.076517,0.028881,0.356035,-0.143904,0.190144,0.971148,-0.018171,0.980684,-0.194586,-0.989174,-0.045905,-0.138891,0.002358,-0.011088,0.008186,-0.021093,0.075187,0.247006,-0.639981,0.05282,0.032753,-0.006168,0.184603,-0.195266,0.96322,0.012275,-0.979529,-0.200925,0.982736,0.048914,-0.178428,0.002271,-0.010835,0.008373,-0.064701,0.220088,0.084912,-0.817883,0.083768,0.033722,-0.057203,-0.000835,0.718196,-0.695839,-0.978355,-0.144574,-0.148045,-0.206925,0.680655,0.702772,0.001559,0.001532,0.009121,-0.034085,0.006782,0.011312,-0.687472
382,0.091142,0.016739,0.373685,0.040969,0.661489,-0.748865,-0.983701,-0.104525,-0.146217,-0.175055,0.741829,0.647358,0.003086,0.002894,0.018107,-0.037612,-0.028952,0.024625,-0.644578,-0.076432,0.028614,0.356265,-0.146146,0.191297,0.970586,-0.013193,0.980651,-0.195149,-0.988921,-0.041584,-0.142015,0.002123,-0.010323,0.008755,-0.035521,0.06743,0.014357,-0.639689,0.052862,0.03262,-0.006053,0.187184,-0.196004,0.962571,0.007321,-0.979585,-0.200892,0.982297,0.044651,-0.181928,0.001014,-0.005029,0.004477,-0.031335,-0.060333,0.17634,-0.818047,0.083783,0.033761,-0.057037,-0.005269,0.716096,-0.697981,-0.977671,-0.150318,-0.146839,-0.21007,0.681623,0.700899,0.001357,0.000868,0.008657,-0.032211,0.01192,0.012087,-0.687636
383,0.091187,0.016702,0.374446,0.033308,0.662201,-0.748616,-0.982689,-0.114779,-0.145323,-0.182208,0.739675,0.647848,0.001648,-0.009257,0.025901,1.172656,0.263281,-1.080503,-0.643402,-0.076412,0.028129,0.356641,-0.16026,0.186658,0.969261,-0.004075,0.981813,-0.189631,-0.986795,-0.034593,-0.157804,0.001972,-0.009835,0.009123,-0.035331,0.671793,0.355901,-0.639681,0.052872,0.032378,-0.005865,0.198873,-0.192723,0.960888,-0.002015,-0.980551,-0.19625,0.980022,0.037093,-0.195394,0.000928,-0.004753,0.004688,-0.052443,0.128012,0.050937,-0.817394,0.083806,0.033747,-0.05666,-0.011668,0.716561,-0.697425,-0.976348,-0.158748,-0.14677,-0.215885,0.679218,0.701466,0.001303,0.000588,0.008522,4.108502,0.791257,-3.54079,-0.687472
384,0.091193,0.016392,0.375333,0.029268,0.662862,-0.748199,-0.982425,-0.118871,-0.143814,-0.184312,0.738436,0.648666,0.000972,-0.011507,0.024366,-0.068524,0.022316,-0.00641,-0.642382,-0.076406,0.027898,0.356856,-0.174612,0.179139,0.9682,0.010908,0.983591,-0.179901,-0.984288,-0.021096,-0.174918,-0.000378,0.001232,0.000909,9.2e-05,0.501566,0.28304,-0.639589,0.052875,0.032259,-0.005753,0.215106,-0.184032,0.959094,-0.016512,-0.982628,-0.184845,0.97645,0.023925,-0.214408,-0.000216,0.000682,0.000506,0.004165,0.52789,0.297844,-0.816577,0.08381,0.033594,-0.056215,-0.016912,0.716954,-0.696914,-0.97553,-0.164646,-0.145707,-0.219209,0.677397,0.702195,0.000442,-0.005853,0.012115,-0.06971,0.022266,-0.006211,-0.686493
385,0.091181,0.01612,0.375812,0.031103,0.662401,-0.748533,-0.982291,-0.118078,-0.145378,-0.18473,0.738977,0.647931,0.00057,-0.012849,0.02346,-0.068495,0.022272,-0.006386,-0.642316,-0.076387,0.027853,0.356895,-0.18145,0.173052,0.968049,0.021149,0.984841,-0.171971,-0.982875,-0.010968,-0.183576,0.002223,-0.010654,0.008524,-0.048196,0.613382,0.094248,-0.638669,0.052883,0.032243,-0.005735,0.221523,-0.177964,0.958778,-0.026469,-0.98394,-0.176519,0.974795,0.013725,-0.222677,-3e-06,-1.2e-05,-2e-06,0.019,0.671763,0.374697,-0.816414,0.083805,0.033459,-0.055975,-0.015011,0.716614,-0.697307,-0.975454,-0.163718,-0.147253,-0.219685,0.677981,0.701482,0.00019,-0.006693,0.011547,-0.073139,0.024858,-0.009326,-0.686166
386,0.091138,0.01534,0.376828,0.027174,0.661878,-0.74915,-0.980644,-0.127621,-0.148396,-0.193869,0.73786,0.646532,-0.001618,-0.027532,0.029637,-0.098738,-0.038025,0.128598,-0.641224,-0.076384,0.027848,0.356867,-0.197845,0.153314,0.968165,0.029651,0.988162,-0.150303,-0.979466,-0.001241,-0.201266,4.9e-05,-0.000161,-0.000119,0.27204,-0.633841,2.56979,-0.639008,0.052886,0.032236,-0.005747,0.238888,-0.160874,0.957627,-0.034386,-0.986963,-0.157225,0.970437,0.00463,-0.241306,2.6e-05,-9.2e-05,-6.2e-05,0.026385,0.839331,0.463623,-0.815924,0.083784,0.033068,-0.055456,-0.01893,0.715922,-0.697922,-0.973308,-0.172879,-0.150938,-0.228717,0.676437,0.700086,-0.000876,-0.013938,0.014702,-0.103415,-0.035602,0.125677,-0.685676
387,0.091106,0.014361,0.377856,0.026304,0.66046,-0.750431,-0.978503,-0.136501,-0.154505,-0.20452,0.737543,0.643607,-0.001844,-0.02831,0.029158,-0.103229,0.039843,-0.022536,-0.641734,-0.076403,0.027894,0.356828,-0.216028,0.135869,0.966883,0.049805,0.990497,-0.127941,-0.974774,0.020327,-0.221957,0.0,-0.0,-0.0,0.484914,0.599581,0.271302,-0.640771,0.052876,0.032259,-0.005766,0.255249,-0.140926,0.956549,-0.051626,-0.989895,-0.132063,0.965495,-0.015674,-0.259946,4e-05,1.8e-05,-0.000225,5.321568,0.217987,-0.857489,-0.81723,0.083768,0.032584,-0.054955,-0.019713,0.714536,-0.699319,-0.970709,-0.181193,-0.157773,-0.239447,0.675726,0.697178,-0.000705,-0.009678,0.009557,-0.069185,-0.052574,0.141535,-0.685839
388,0.09106,0.013406,0.378817,0.020957,0.660578,-0.750495,-0.977094,-0.145381,-0.155318,-0.211741,0.735739,0.643336,-0.000968,-0.018014,0.020048,-0.06938,0.035169,-0.032193,-0.640254,-0.076405,0.027941,0.356825,-0.237813,0.115665,0.964395,0.06384,0.992578,-0.103183,-0.968841,0.036863,-0.244644,-0.000271,0.000885,0.000653,0.005512,0.832881,0.32624,-0.641693,0.052876,0.032281,-0.005769,0.277151,-0.120656,0.95322,-0.066364,-0.992118,-0.106284,0.958531,-0.033802,-0.282974,-0.000181,0.000583,0.000437,0.066231,1.014917,0.63376,-0.817884,0.083744,0.0321,-0.054473,-0.025095,0.714363,-0.699324,-0.968816,-0.189874,-0.159192,-0.246504,0.673523,0.696851,-0.000887,-0.013999,0.014707,-0.104861,0.039981,-0.022753,-0.685676
389,0.091035,0.012981,0.379279,0.021097,0.659616,-0.751337,-0.975679,-0.150331,-0.159445,-0.218157,0.735608,0.641338,-0.00099,-0.018095,0.020007,-0.05524,0.024985,-0.018167,-0.640042,-0.0764,0.027957,0.356835,-0.249702,0.105517,0.962552,0.073713,0.99321,-0.089636,-0.965129,0.048417,-0.256993,-0.000359,0.001172,0.000865,0.504044,-0.410664,2.657859,-0.643603,0.052878,0.032288,-0.005764,0.289827,-0.113166,0.950364,-0.075903,-0.992574,-0.095045,0.954063,-0.044589,-0.296265,-0.000235,0.000767,0.000573,-0.017561,0.978127,0.315548,-0.819027,0.083731,0.031888,-0.054242,-0.024868,0.713462,-0.700251,-0.967153,-0.194424,-0.163745,-0.252972,0.673179,0.694862,-0.000426,-0.008762,0.010193,-0.024917,0.002215,0.013588,-0.685513
390,0.090996,0.012389,0.380039,0.020975,0.658897,-0.75197,-0.974421,-0.154764,-0.162859,-0.223719,0.735334,0.639735,0.000362,-0.006188,0.011937,0.122617,-0.094586,0.140292,-0.639884,-0.076343,0.028038,0.356886,-0.277485,0.086701,0.956805,0.093577,0.993598,-0.062777,-0.955742,0.071986,-0.285023,-0.000609,0.001984,0.001463,0.027429,1.031799,0.469109,-0.653661,0.052907,0.032328,-0.005739,0.315168,-0.092042,0.944561,-0.094531,-0.99338,-0.065257,0.944315,-0.068723,-0.321783,-0.000131,0.00041,0.000314,0.202531,0.280295,0.942648,-0.824252,0.08371,0.031586,-0.05386,-0.025156,0.71284,-0.700875,-0.96573,-0.198496,-0.167222,-0.258324,0.67265,0.693405,-0.000151,-0.007856,0.010812,0.514162,-0.390225,0.56678,-0.685186
391,0.090986,0.012056,0.380697,0.016883,0.659401,-0.751632,-0.973914,-0.159199,-0.16161,-0.226254,0.733935,0.640449,-0.012586,-0.011222,0.02462,-0.069584,0.036758,-0.036101,-0.637799,-0.076299,0.028067,0.356876,-0.302325,0.072809,0.950416,0.109115,0.993139,-0.041252,-0.946488,0.09112,-0.309388,9.7e-05,-0.000316,-0.000233,0.012318,0.849579,0.249853,-0.66578,0.052928,0.032347,-0.00574,0.341065,-0.077434,0.936844,-0.108928,-0.993143,-0.042432,0.933706,-0.087577,-0.347161,7.7e-05,-0.000245,-0.000174,0.02239,1.211025,0.202592,-0.835356,0.083709,0.031419,-0.053538,-0.029102,0.713039,-0.700519,-0.964926,-0.202962,-0.166503,-0.260902,0.671104,0.693937,0.000507,-0.001971,0.006724,-0.034682,0.004585,0.009872,-0.68486
392,0.091004,0.011968,0.380964,0.012644,0.659682,-0.751469,-0.97312,-0.164624,-0.160961,-0.229917,0.732485,0.640805,0.000896,-0.004404,0.013136,-0.034727,0.01745,-0.016163,-0.637544,-0.076272,0.028083,0.35686,-0.312493,0.065599,0.947648,0.120208,0.992294,-0.028929,-0.941819,0.10477,-0.319159,-0.002199,0.010568,-0.008585,0.254637,0.58389,0.353682,-0.668607,0.052943,0.03235,-0.005746,0.351603,-0.070138,0.933517,-0.119227,-0.992423,-0.029658,0.928524,-0.100872,-0.357302,0.006356,0.001568,0.000365,0.735581,0.518104,0.719056,-0.840254,0.083714,0.031375,-0.053398,-0.033371,0.713068,-0.700299,-0.96382,-0.208366,-0.166237,-0.264457,0.669415,0.694222,0.000612,-0.00162,0.006957,-0.040841,0.093409,-0.168175,-0.684206
393,0.091027,0.011887,0.381476,0.008351,0.660042,-0.751212,-0.972414,-0.169682,-0.15997,-0.233073,0.731006,0.641353,0.001223,-0.003308,0.013863,-0.033874,0.00459,0.009614,-0.636114,-0.076155,0.028108,0.35684,-0.335151,0.054229,0.940598,0.136531,0.990567,-0.008339,-0.931726,0.125535,-0.340574,0.012897,0.002512,0.000251,0.18439,1.031662,0.19253,-0.670334,0.052995,0.032366,-0.005759,0.372108,-0.059131,0.926304,-0.1349,-0.990817,-0.009059,0.918333,-0.121588,-0.376668,0.000157,-0.000512,-0.000372,0.548482,0.359922,0.095039,-0.84352,0.083725,0.031334,-0.053142,-0.037695,0.713161,-0.699985,-0.962817,-0.213439,-0.165608,-0.26751,0.667715,0.694689,0.000559,-0.001799,0.006836,-0.035441,0.01736,-0.015842,-0.68339
394,0.090934,0.011823,0.382024,0.003757,0.660436,-0.750903,-0.971696,-0.174873,-0.158736,-0.23616,0.729426,0.642022,-0.011443,-4e-05,0.016012,-0.034853,0.019322,-0.019931,-0.635462,-0.075972,0.028082,0.356799,-0.355375,0.044631,0.933653,0.152646,0.988186,0.010987,-0.921657,0.146344,-0.35916,0.000926,-0.003005,-0.002218,0.047341,0.918244,0.249237,-0.669819,0.05309,0.032357,-0.005777,0.392936,-0.049356,0.918239,-0.150303,-0.988576,0.011181,0.907198,-0.142408,-0.395866,0.000478,-0.001551,-0.001138,0.020866,0.81388,0.183712,-0.843683,0.08368,0.031301,-0.052863,-0.042292,0.713268,-0.699613,-0.961799,-0.218626,-0.164752,-0.270466,0.66592,0.695267,-0.005726,-3e-06,0.008019,-0.035366,0.019233,-0.01953,-0.6829
395,0.090844,0.011781,0.382321,-0.000571,0.660646,-0.750727,-0.970812,-0.180335,-0.158029,-0.239791,0.727905,0.642403,-0.011597,-0.000564,0.015659,-0.03485,0.019335,-0.019925,-0.635191,-0.075879,0.028047,0.356764,-0.366012,0.03857,0.929805,0.163243,0.986273,0.023471,-0.915647,0.160303,-0.368451,0.001011,-0.003277,-0.00242,0.086363,0.89301,0.57987,-0.670512,0.053136,0.032341,-0.005794,0.401895,-0.043911,0.914632,-0.160626,-0.986742,0.023207,0.901487,-0.15624,-0.40362,0.000482,-0.001567,-0.001148,0.332798,0.27106,0.904059,-0.8445,0.083638,0.031282,-0.052725,-0.046594,0.713202,-0.699407,-0.960582,-0.22409,-0.164516,-0.274063,0.664173,0.69553,-0.005689,0.000117,0.008096,-0.035801,0.019316,-0.019818,-0.682574
396,0.090616,0.01176,0.382933,-0.005183,0.660997,-0.750401,-0.970054,-0.185468,-0.156741,-0.242782,0.726296,0.6431,0.001842,-0.001252,0.015209,-0.033857,0.004649,0.009643,-0.633464,-0.075638,0.027931,0.356654,-0.383857,0.030651,0.92288,0.178825,0.982956,0.041858,-0.905355,0.181039,-0.383953,0.001452,-0.004695,-0.003474,0.034271,0.607004,0.134273,-0.671827,0.053258,0.03228,-0.005851,0.422102,-0.034807,0.905879,-0.175031,-0.983589,0.043764,0.88949,-0.17703,-0.421268,0.000769,-0.002478,-0.001828,0.031887,0.628462,0.135018,-0.846623,0.083519,0.031268,-0.052415,-0.051254,0.713267,-0.699014,-0.959524,-0.229252,-0.16357,-0.27692,0.662338,0.696148,-0.0055,0.000734,0.008503,-0.035563,0.019313,-0.01966,-0.681921
397,0.090331,0.011806,0.383541,-0.006527,0.659215,-0.751956,-0.970486,-0.185372,-0.154157,-0.241014,0.727938,0.641907,0.001569,-0.002171,0.014586,-0.150356,-0.517773,-0.243342,-0.632684,-0.075329,0.02773,0.356476,-0.403123,0.024441,0.914815,0.187843,0.980527,0.056703,-0.895079,0.194645,-0.401011,0.014906,-0.003882,-0.004502,0.093554,0.721377,0.389073,-0.672152,0.053406,0.032185,-0.005936,0.439073,-0.029154,0.897977,-0.183587,-0.981295,0.057907,0.879493,-0.190282,-0.436213,0.007384,-0.001707,-0.002076,0.470706,0.22757,-0.046819,-0.847766,0.083378,0.031296,-0.052109,-0.052,0.713555,-0.698666,-0.959844,-0.228835,-0.162272,-0.275669,0.662173,0.696801,-0.005662,0.000175,0.008125,-0.036062,0.032053,-0.045435,-0.681104
398,0.090017,0.011846,0.384095,-0.011,0.659471,-0.75168,-0.969647,-0.190582,-0.153085,-0.244206,0.726361,0.642487,-0.011641,-0.000791,0.015476,-0.028638,-0.06827,0.158527,-0.631914,-0.075012,0.02754,0.356291,-0.413966,0.02171,0.910029,0.203115,0.976671,0.069223,-0.886747,0.213444,-0.409859,0.002075,-0.006672,-0.004962,5.13585,0.436765,-2.005782,-0.671093,0.053571,0.032085,-0.006032,0.452403,-0.023295,0.891508,-0.192212,-0.97871,0.071966,0.870852,-0.203917,-0.44725,0.007298,-0.001412,-0.001863,0.361586,-0.322509,0.791622,-0.847276,0.083222,0.031316,-0.051825,-0.056977,0.711482,-0.70039,-0.958798,-0.234557,-0.160274,-0.278314,0.662401,0.695532,-0.005862,-0.000504,0.007672,-0.028252,-0.064231,0.160596,-0.679798
399,0.089866,0.011834,0.384352,-0.011406,0.659642,-0.751523,-0.969783,-0.190387,-0.152463,-0.243644,0.726256,0.642819,-0.0119,-0.001658,0.014901,-0.034818,0.019448,-0.019869,-0.631147,-0.074846,0.027474,0.356212,-0.420834,0.016116,0.90699,0.20174,0.976422,0.076382,-0.883816,0.215076,-0.4153,0.001773,-0.005692,-0.004238,0.017926,0.292485,0.130523,-0.670284,0.053655,0.032048,-0.006074,0.458485,-0.020101,0.888474,-0.19642,-0.977311,0.079249,0.866723,-0.210849,-0.452031,0.00087,-0.002779,-0.00207,0.012033,0.279923,0.117497,-0.84499,0.083151,0.031311,-0.051702,-0.057361,0.711637,-0.700201,-0.958934,-0.234408,-0.15968,-0.277768,0.662287,0.695858,-0.006078,-0.001222,0.007196,-0.03593,0.032665,-0.045204,-0.678981
400,0.089588,0.011716,0.384814,-0.016251,0.659925,-0.751186,-0.968918,-0.19579,-0.151112,-0.246785,0.724562,0.643532,-0.01183,0.005937,0.003899,-0.000984,0.014715,-0.029553,-0.63,-0.074471,0.027368,0.356055,-0.432581,0.007959,0.901555,0.199161,0.976057,0.087071,-0.878704,0.217185,-0.424938,0.014495,-0.002425,-0.003454,0.017361,0.246489,0.1426,-0.668067,0.053842,0.031996,-0.006152,0.470075,-0.0119,0.882546,-0.193364,-0.977006,0.089819,0.861184,-0.212875,-0.461568,0.00724,-0.001181,-0.001709,0.012643,0.219177,0.128277,-0.84499,0.083012,0.03125,-0.051466,-0.062208,0.71162,-0.699803,-0.957753,-0.239817,-0.158729,-0.28078,0.660366,0.696476,8.6e-05,-0.003373,0.005784,-0.03419,0.004718,0.009971,-0.678165
401,0.089312,0.01146,0.38521,-0.021372,0.66022,-0.750798,-0.968031,-0.20131,-0.149539,-0.249853,0.72278,0.644352,-0.000802,-0.010011,0.009414,-0.034739,0.017407,-0.016183,-0.629513,-0.074118,0.027233,0.355904,-0.44846,0.000492,0.893798,0.206912,0.972845,0.103411,-0.868884,0.231288,-0.437504,0.014306,-0.001773,-0.002979,0.043012,0.587157,0.366081,-0.6674,0.054013,0.031928,-0.006227,0.48404,-0.004893,0.875032,-0.200845,-0.973908,0.105655,0.851684,-0.226887,-0.472394,0.007293,-0.00133,-0.001822,0.031229,0.614744,0.348167,-0.842704,0.08287,0.031125,-0.051266,-0.067359,0.711592,-0.699356,-0.956533,-0.245396,-0.157561,-0.283738,0.658344,0.69719,-0.000452,-0.005154,0.004612,-0.035398,0.017418,-0.016128,-0.677675
402,0.08914,0.011317,0.385368,-0.022117,0.66043,-0.750592,-0.968157,-0.201333,-0.148691,-0.249299,0.722582,0.644788,-0.013808,-0.007917,0.010786,-0.035723,0.032122,-0.045736,-0.628959,-0.073959,0.027187,0.35584,-0.456475,-0.005299,0.889715,0.216554,0.9692,0.117006,-0.86233,0.246063,-0.442383,-0.001195,0.007282,-0.011042,0.099794,0.426534,0.339003,-0.667228,0.054095,0.031899,-0.006258,0.492562,0.000953,0.870276,-0.209832,-0.970366,0.119824,0.844601,-0.241633,-0.477766,0.000708,-0.002256,-0.001684,0.459641,0.342614,1.088267,-0.842214,0.082789,0.031056,-0.051192,-0.068069,0.711734,-0.699142,-0.956645,-0.245474,-0.156755,-0.283189,0.658161,0.697586,-0.006523,0.000995,0.000655,-0.001327,0.014664,-0.029319,-0.677348
403,0.088871,0.011057,0.385593,-0.021072,0.660169,-0.750851,-0.967929,-0.201443,-0.15002,-0.250275,0.722789,0.644177,-0.014219,-0.009232,0.009923,-0.035723,0.032123,-0.045735,-0.62789,-0.073633,0.02721,0.35578,-0.477303,-0.027064,0.878318,0.218006,0.964576,0.148323,-0.850591,0.262282,-0.455595,0.012918,0.002675,0.000344,0.102286,0.906869,0.620379,-0.665835,0.054258,0.031911,-0.006294,0.511259,0.022596,0.859128,-0.210407,-0.965941,0.150616,0.833271,-0.257771,-0.489093,8.7e-05,-0.000261,-0.000198,0.152709,0.393587,0.480242,-0.843357,0.082654,0.030926,-0.05108,-0.067,0.711554,-0.699428,-0.956428,-0.24546,-0.158097,-0.284177,0.658361,0.696996,-0.000388,-0.001259,-0.000823,-0.00173,0.012917,-0.026247,-0.676042
404,0.088729,0.010841,0.385643,-0.023215,0.659597,-0.751291,-0.966387,-0.207195,-0.152117,-0.255979,0.721686,0.643173,-0.001993,-0.013888,0.006869,-0.034739,0.017407,-0.016182,-0.628469,-0.073267,0.027384,0.355748,-0.49493,-0.052248,0.867355,0.213523,0.960213,0.179814,-0.841591,0.274236,-0.465169,0.010159,0.014886,-0.007005,1.456723,-0.676466,2.663773,-0.657548,0.054441,0.031994,-0.006306,0.530195,0.045607,0.846647,-0.204352,-0.962242,0.179804,0.822881,-0.268345,-0.500856,0.006148,0.002327,0.000905,0.036984,0.678205,0.40834,-0.836825,0.082579,0.030819,-0.051053,-0.069146,0.710895,-0.69989,-0.954579,-0.250966,-0.160604,-0.289822,0.656996,0.695959,-0.000691,-0.002253,-0.001481,-0.001573,0.012726,-0.026026,-0.676042
405,0.088718,0.010585,0.38551,-0.023479,0.659646,-0.75124,-0.966403,-0.20729,-0.151883,-0.255893,0.721615,0.643287,-0.001887,-0.006172,-0.004075,-0.0,-0.0,-0.0,-0.627007,-0.072987,0.027735,0.355669,-0.510337,-0.07386,0.856792,0.21407,0.95397,0.20988,-0.832187,0.29059,-0.472109,-0.00311,0.013294,-0.006532,1.507438,-0.659369,2.598222,-0.648538,0.054586,0.032171,-0.006345,0.539752,0.067071,0.839147,-0.205188,-0.956275,0.208412,0.816434,-0.284674,-0.50239,0.004692,0.008649,-0.002601,0.116076,0.046124,0.438672,-0.830294,0.082572,0.030686,-0.051117,-0.069423,0.710931,-0.699826,-0.954598,-0.251059,-0.160347,-0.289693,0.656921,0.696082,-0.000997,-0.003261,-0.002151,-0.000169,-3.2e-05,0.000158,-0.676042
406,0.088779,0.010382,0.385377,-0.02142,0.659089,-0.751791,-0.965964,-0.207459,-0.154426,-0.257728,0.722076,0.642036,-0.002826,-0.009249,-0.006118,-0.000935,0.012568,-0.025918,-0.627091,-0.072864,0.02798,0.355607,-0.515057,-0.086885,0.852736,0.211547,0.951124,0.22482,-0.829916,0.296273,-0.472572,0.009324,0.017444,-0.005086,1.519094,-0.874528,2.533866,-0.635575,0.054647,0.032298,-0.006379,0.543508,0.080151,0.835568,-0.202676,-0.953447,0.223292,0.814567,-0.290711,-0.501962,0.00465,0.008768,-0.002512,0.111506,0.057466,0.222633,-0.824089,0.082605,0.030592,-0.051179,-0.067296,0.71053,-0.70044,-0.954174,-0.250999,-0.162941,-0.291584,0.657378,0.694861,0.004955,-0.006167,-0.004069,-0.002475,-0.000621,0.001714,-0.675879
407,0.088862,0.009903,0.385083,-0.022168,0.659192,-0.751678,-0.965968,-0.207854,-0.153862,-0.257645,0.721868,0.642303,0.00937,-0.01416,-0.009379,4.9e-05,-0.002148,0.003635,-0.627666,-0.072664,0.028542,0.355418,-0.519946,-0.110506,0.847016,0.205979,0.946046,0.250004,-0.828262,0.304569,-0.470193,0.009472,0.016917,-0.005476,0.057741,0.020542,0.301094,-0.590707,0.054742,0.032576,-0.006469,0.550361,0.106401,0.828118,-0.195785,-0.947745,0.251888,0.811646,-0.300763,-0.50077,-0.00167,0.006999,-0.003003,0.118134,-0.007869,0.596515,-0.790777,0.082641,0.030351,-0.051326,-0.068089,0.710588,-0.700305,-0.954155,-0.251443,-0.162364,-0.291461,0.657145,0.695132,-0.001849,-0.006068,-0.004029,-0.001077,0.012563,-0.025872,-0.675879
408,0.088857,0.009269,0.384685,-0.023208,0.659334,-0.751523,-0.96597,-0.208419,-0.153092,-0.257549,0.721576,0.64267,-0.004981,-0.016321,-0.010902,-0.00187,0.025131,-0.051838,-0.626242,-0.072665,0.029151,0.35514,-0.525144,-0.132772,0.840587,0.198641,0.941274,0.27291,-0.82677,0.310433,-0.468985,-0.005632,0.02465,-0.014489,0.095033,0.177579,0.409799,-0.582924,0.054748,0.032877,-0.006605,0.555322,0.128293,0.82168,-0.188262,-0.942986,0.274468,0.810045,-0.307109,-0.499509,-0.001498,0.006458,-0.003403,0.169712,-0.005986,0.668436,-0.766937,0.082645,0.030038,-0.051523,-0.069086,0.710655,-0.70014,-0.954119,-0.252029,-0.161667,-0.291345,0.656848,0.695461,-0.002493,-0.00819,-0.00547,-0.001017,0.012545,-0.025866,-0.675552
409,0.088817,0.0089,0.384439,-0.021508,0.658823,-0.75202,-0.965523,-0.208797,-0.155378,-0.259367,0.721932,0.641537,-0.005655,-0.018523,-0.012417,-0.00187,0.025131,-0.051838,-0.626098,-0.072718,0.029468,0.354979,-0.52579,-0.141315,0.838789,0.1953,0.939631,0.280864,-0.827154,0.311643,-0.467502,-0.003384,0.014099,-0.005915,0.067501,-0.146995,0.429791,-0.580547,0.054719,0.033044,-0.006691,0.557035,0.1364,0.81921,-0.184973,-0.941264,0.282498,0.809627,-0.308894,-0.499087,-0.001679,0.007028,-0.002972,0.016816,0.014197,0.078834,-0.762365,0.082623,0.029848,-0.05165,-0.067396,0.710282,-0.700682,-0.953672,-0.252237,-0.163964,-0.293199,0.657171,0.694376,-0.002886,-0.009479,-0.006355,-0.00311,0.025907,-0.052798,-0.674899
410,0.088637,0.008072,0.383882,-0.02202,0.658889,-0.751949,-0.965517,-0.209094,-0.155013,-0.259345,0.721787,0.641709,-0.006953,-0.022734,-0.015363,0.003648,-0.049021,0.101118,-0.625767,-0.072875,0.030175,0.354656,-0.528036,-0.164288,0.833174,0.188073,0.934047,0.303511,-0.827395,0.317143,-0.463358,-0.003621,0.014837,-0.005359,0.062961,0.321455,0.665704,-0.521521,0.054642,0.033393,-0.006851,0.559566,0.159019,0.813386,-0.176339,-0.936104,0.304322,0.809808,-0.313721,-0.495772,-0.001935,0.00782,-0.00238,0.033019,-0.168806,0.400458,-0.734769,0.082536,0.029443,-0.051922,-0.068003,0.710319,-0.700586,-0.953644,-0.25261,-0.163552,-0.29315,0.656988,0.69457,-0.003387,-0.011101,-0.007497,-0.001935,0.025144,-0.051822,-0.674083
411,0.088354,0.007147,0.383254,-0.020011,0.65834,-0.752485,-0.965068,-0.209296,-0.157516,-0.261174,0.722229,0.640469,-0.007789,-0.025397,-0.017321,0.003648,-0.049021,0.101118,-0.625371,-0.073078,0.030878,0.35442,-0.527687,-0.186565,0.828692,0.18142,0.928241,0.324638,-0.829101,0.321858,-0.457015,-0.004164,0.016539,-0.004091,0.069285,-0.161388,0.428398,-0.450195,0.054541,0.033742,-0.00697,0.561979,0.182205,0.806833,-0.167179,-0.930285,0.326527,0.81008,-0.318387,-0.49234,-0.008319,0.006371,-0.002636,0.061766,-0.17538,0.365391,-0.666187,0.082394,0.028981,-0.052236,-0.065969,0.709929,-0.701176,-0.953213,-0.252598,-0.166069,-0.295013,0.657415,0.693377,-0.003854,-0.0126,-0.008587,-0.002999,0.037828,-0.077881,-0.673756
412,0.088037,0.006113,0.382546,-0.0179,0.657778,-0.75303,-0.964613,-0.209441,-0.160089,-0.263004,0.7227,0.639188,-0.008286,-0.026929,-0.018554,-0.002805,0.037696,-0.077757,-0.623196,-0.073273,0.031448,0.354284,-0.530893,-0.203812,0.82256,0.173341,0.923928,0.340946,-0.828779,0.32382,-0.456211,-0.004099,0.01634,-0.004242,0.065287,-0.175064,0.414184,-0.41287,0.054443,0.034029,-0.007037,0.564875,0.199656,0.800657,-0.158054,-0.926143,0.342457,0.809897,-0.319992,-0.491599,-0.000805,0.002529,0.001881,0.023857,-0.203867,0.345182,-0.614424,0.082235,0.028461,-0.052592,-0.063686,0.709521,-0.701799,-0.952785,-0.252433,-0.168749,-0.296889,0.657917,0.692098,-0.004129,-0.013454,-0.009262,-0.003271,0.037992,-0.078148,-0.67245
413,0.087866,0.005588,0.382184,-0.018051,0.657797,-0.753009,-0.964612,-0.209528,-0.159982,-0.262998,0.722656,0.63924,-0.008323,-0.027004,-0.018703,-0.002805,0.037696,-0.077757,-0.623034,-0.073329,0.031704,0.354253,-0.531333,-0.211725,0.820274,0.169757,0.921937,0.348065,-0.829238,0.324427,-0.454945,-0.004152,0.016506,-0.004121,0.051121,-0.092274,0.232945,-0.394695,0.054413,0.034163,-0.007054,0.565005,0.207965,0.798447,-0.153955,-0.924145,0.349647,0.810595,-0.320478,-0.49013,-0.002069,0.008236,-0.002071,0.048733,-0.135688,0.211795,-0.594502,0.082149,0.028197,-0.052774,-0.063841,0.709532,-0.701775,-0.952779,-0.252528,-0.168644,-0.296876,0.65787,0.692149,-0.004137,-0.013455,-0.009312,-0.002868,0.037722,-0.077811,-0.67196
414,0.087525,0.004565,0.381435,-0.018162,0.657797,-0.753006,-0.964591,-0.209651,-0.159948,-0.263068,0.72262,0.639251,-0.007179,-0.01578,-0.027481,0.039335,-0.078949,0.143242,-0.621263,-0.073419,0.032077,0.354246,-0.527766,-0.224805,0.819095,0.164802,0.91883,0.358505,-0.832511,0.324453,-0.448908,-0.001341,0.0042,0.003111,0.01471,-0.099334,0.171657,-0.352553,0.054368,0.034351,-0.007057,0.561021,0.220935,0.797773,-0.148599,-0.921192,0.359614,0.814354,-0.3203,-0.483977,-0.000771,0.002418,0.001794,0.028134,-0.21598,0.369746,-0.557599,0.08198,0.027689,-0.05314,-0.064072,0.709537,-0.701748,-0.952752,-0.252707,-0.168523,-0.296911,0.657795,0.692205,-0.004204,-0.013628,-0.009528,-0.002802,0.037701,-0.077751,-0.67098
