frame,MLTx,MLTy,MLTz,MLTR1,MLTR2,MLTR3,MLTR4,MLTR5,MLTR6,MLTR7,MLTR8,MLTR9,MLTTVx,MLTTVy,MLTTVz,MLTRVx,MLTRVy,MLTRVz,MLGA,MRTx,MRTy,MRTz,MRTR1,MRTR2,MRTR3,MRTR4,MRTR5,MRTR6,MRTR7,MRTR8,MRTR9,MRTTVx,MRTTVy,MRTTVz,MRTRVx,MRTRVy,MRTRVz,MRGA,SLTx,SLTy,SLTz,SLTR1,SLTR2,SLTR3,SLTR4,SLTR5,SLTR6,SLTR7,SLTR8,SLTR9,SLTTVx,SLTTVy,SLTTVz,SLTRVx,SLTRVy,SLTRVz,SLGA,SRTx,SRTy,SRTz,SRTR1,SRTR2,SRTR3,SRTR4,SRTR5,SRTR6,SRTR7,SRTR8,SRTR9,SRTTVx,SRTTVy,SRTTVz,SRTRVx,SRTRVy,SRTRVz,SRGA
55,0.139538,-0.006245,0.427926,-0.283569,0.763163,-0.580703,-0.910117,-0.404909,-0.087797,-0.30179,0.50266,0.810112,-0.003854,-0.017803,-0.024521,0.018584,-0.050173,-0.085093,0.259877,-0.12573,-0.016504,0.400434,0.39395,0.790388,0.469129,-0.861693,0.495195,-0.110456,-0.320087,-0.361729,0.875534,-0.000929,0.006483,-0.028232,0.070396,0.002791,0.01641,0.375452,0.03281,0.03291,-0.011724,-0.184769,-0.849922,0.493448,0.943496,-0.293943,-0.153005,0.275088,0.437297,0.85621,-0.000401,0.002891,-0.014346,0.070774,0.002016,0.016338,0.305392,0.079355,0.033637,-0.057354,-0.207096,0.780769,-0.589499,-0.938221,-0.329248,-0.106471,-0.27722,0.531031,0.800721,-0.001888,-0.008803,-0.012207,0.034985,0.024291,-0.062657,0.151841
56,0.139493,-0.006579,0.42663,-0.284636,0.759172,-0.585393,-0.908834,-0.40791,-0.087188,-0.304632,0.506263,0.806799,-0.003436,-0.00601,-0.033621,0.04354,-0.131537,-0.059561,0.258101,-0.125711,-0.0165,0.399556,0.393617,0.788957,0.471808,-0.861117,0.496093,-0.110915,-0.322041,-0.36362,0.874032,-0.000895,0.006223,-0.028433,-0.066666,0.378166,0.169151,0.387655,0.03282,0.032911,-0.012164,-0.184449,-0.849368,0.494522,0.943066,-0.29464,-0.154311,0.276773,0.437905,0.855356,0.000251,-0.001979,-0.00946,-0.208494,0.669398,0.26229,0.322048,0.079334,0.03347,-0.057991,-0.208357,0.777278,-0.593654,-0.937228,-0.332207,-0.10602,-0.279623,0.534299,0.797705,-0.001721,-0.003184,-0.016903,0.037014,-0.147573,-0.095175,0.151515
57,0.139496,-0.006684,0.425967,-0.284889,0.758999,-0.585496,-0.908328,-0.408839,-0.088112,-0.305904,0.505775,0.806624,-0.003336,-0.005318,-0.033302,0.068679,-0.005184,-0.016887,0.253459,-0.125713,-0.016492,0.399097,0.393606,0.788899,0.471915,-0.860785,0.496477,-0.111769,-0.322942,-0.363221,0.873866,-0.000876,0.006076,-0.028546,0.068399,0.008229,0.018631,0.387353,0.032819,0.032917,-0.012404,-0.184663,-0.848232,0.496387,0.942817,-0.295493,-0.1542,0.277476,0.439528,0.854295,-0.000419,0.003007,-0.014293,0.076428,-0.013226,0.010254,0.327763,0.079335,0.033418,-0.058322,-0.208639,0.777072,-0.593823,-0.936772,-0.33321,-0.106902,-0.280939,0.533974,0.79746,-0.001644,0.001787,-0.021899,0.106835,0.010142,-0.019567,0.149882
58,0.139326,-0.006821,0.424557,-0.285277,0.75869,-0.585706,-0.90725,-0.410756,-0.09027,-0.308722,0.504685,0.806233,-0.003549,0.002154,-0.044653,0.104881,-0.014501,0.002786,0.246581,-0.125743,-0.016353,0.39809,0.396653,0.785621,0.474824,-0.860367,0.4985,-0.105829,-0.320318,-0.367538,0.873027,-0.00105,0.007413,-0.027678,-0.020899,0.23454,0.11548,0.387303,0.032804,0.032981,-0.012899,-0.188168,-0.846055,0.498781,0.943166,-0.297303,-0.148484,0.273915,0.442494,0.853913,-0.000491,0.003571,-0.013927,-0.071401,0.346331,0.165569,0.330049,0.079251,0.033352,-0.05902,-0.209057,0.776898,-0.593904,-0.935817,-0.335189,-0.109057,-0.283797,0.532987,0.797108,-0.008234,-0.00339,-0.016902,0.066701,0.021321,-0.072589,0.141064
59,0.138802,-0.007112,0.423069,-0.285697,0.758435,-0.585831,-0.90616,-0.412674,-0.092437,-0.311517,0.503504,0.805896,-0.017243,-0.011281,-0.036392,0.066774,0.02106,-0.072937,0.23595,-0.125792,-0.015988,0.397037,0.404184,0.780088,0.477588,-0.85956,0.502438,-0.092988,-0.312984,-0.373916,0.872979,-0.001528,0.01108,-0.025227,-0.125409,0.463953,0.45757,0.383801,0.03278,0.033158,-0.013429,-0.196251,-0.843228,0.50045,0.943906,-0.300685,-0.136485,0.265566,0.445593,0.854938,-0.001313,0.009712,-0.017976,0.10314,-0.02135,0.037612,0.329723,0.078995,0.033217,-0.059764,-0.209428,0.776686,-0.594051,-0.934848,-0.337165,-0.11125,-0.2867,0.532049,0.796697,-0.002205,-0.001946,-0.02402,0.103475,-0.004979,-0.024203,0.13192
60,0.138495,-0.007301,0.422306,-0.286276,0.75823,-0.585815,-0.905519,-0.41389,-0.093286,-0.312847,0.502817,0.80581,-0.017436,-0.012302,-0.037042,0.066774,0.021081,-0.072934,0.225876,-0.125814,-0.015671,0.396476,0.409354,0.776049,0.479759,-0.858363,0.505798,-0.085532,-0.309531,-0.377774,0.872548,0.011593,0.014478,-0.02414,-0.065342,0.358073,0.20012,0.377595,0.032768,0.033321,-0.013719,-0.202445,-0.839372,0.50445,0.943841,-0.304585,-0.128028,0.261111,0.450202,0.853895,0.005783,0.007474,-0.011912,-0.08314,0.430409,0.222025,0.326457,0.078841,0.033122,-0.060146,-0.210021,0.77653,-0.594047,-0.934291,-0.338431,-0.112081,-0.288078,0.531474,0.796583,-0.008728,-0.006401,-0.018649,0.065392,0.030766,-0.099869,0.123265
61,0.13766,-0.007829,0.42094,-0.287937,0.755998,-0.587882,-0.904177,-0.416821,-0.093254,-0.31519,0.503757,0.804308,-0.017759,-0.013749,-0.038041,0.063558,0.0214,-0.103345,0.189833,-0.125837,-0.01474,0.395281,0.418586,0.765435,0.48876,-0.853454,0.515508,-0.076171,-0.310768,-0.386216,0.868403,-0.003469,0.025634,-0.031743,0.034436,0.180099,0.14569,0.371878,0.032758,0.033778,-0.014304,-0.21338,-0.830294,0.514859,0.941717,-0.315088,-0.117841,0.260069,0.459707,0.849136,0.00496,0.013604,-0.015942,0.05675,0.076373,0.32381,0.319925,0.078424,0.032858,-0.060829,-0.211794,0.774265,-0.596368,-0.933201,-0.341477,-0.111924,-0.290305,0.532827,0.794869,-0.015241,-0.010327,-0.013043,0.042846,-0.003399,0.07043,0.087015
62,0.136541,-0.008638,0.41988,-0.284983,0.752093,-0.594295,-0.901302,-0.421229,-0.100962,-0.325921,0.505929,0.798648,-0.043641,-0.01947,-0.025329,0.201851,-0.116866,-0.051604,0.152539,-0.125934,-0.013556,0.393844,0.456451,0.733319,0.503873,-0.827488,0.557968,-0.062209,-0.327317,-0.38948,0.860832,-0.004765,0.035235,-0.041555,0.259423,0.294869,0.661138,0.359494,0.032709,0.03437,-0.015016,-0.256184,-0.807341,0.531572,0.926726,-0.361505,-0.102424,0.274858,0.466383,0.840796,-0.002328,0.017398,-0.020926,0.845957,0.201322,1.852379,0.309638,0.077857,0.032444,-0.061376,-0.209075,0.770065,-0.602732,-0.930496,-0.34623,-0.119583,-0.300771,0.535838,0.788931,-0.021811,-0.009793,-0.012683,0.218446,-0.097027,-0.035835,0.038518
63,0.134891,-0.009723,0.419262,-0.283734,0.747652,-0.600463,-0.89757,-0.427379,-0.108104,-0.337104,0.507354,0.793082,-0.056987,-0.027463,-0.014246,0.614246,-0.272306,0.218632,0.130881,-0.126172,-0.012155,0.392272,0.474987,0.70702,0.523929,-0.812324,0.5812,-0.047643,-0.338768,-0.403863,0.849702,-0.005072,0.0376,-0.039892,-0.188604,0.745031,0.634543,0.336736,0.032591,0.035068,-0.015804,-0.279087,-0.786744,0.550584,0.917699,-0.387337,-0.088301,0.282732,0.480627,0.830096,-0.002508,0.018771,-0.01996,0.023103,0.231622,0.412585,0.284491,0.077054,0.031912,-0.06168,-0.208426,0.765483,-0.608763,-0.927269,-0.352593,-0.12589,-0.311013,0.538249,0.783299,-0.022099,-0.019318,-0.002675,2.061483,-0.927006,1.234677,-0.002305
64,0.133829,-0.010399,0.419054,-0.282453,0.745489,-0.603748,-0.895584,-0.43039,-0.112537,-0.343399,0.507992,0.789967,-0.057338,-0.028288,-0.014847,0.13664,-0.207728,-0.139376,0.127908,-0.12633,-0.011352,0.391448,0.488357,0.692165,0.531419,-0.800942,0.597236,-0.041634,-0.346793,-0.406178,0.84535,-0.006543,0.048571,-0.048756,0.889057,0.270174,1.884292,0.33343,0.032512,0.035464,-0.016213,-0.29386,-0.774304,0.560444,0.911191,-0.404049,-0.080461,0.288748,0.487028,0.824273,-0.002561,0.019514,-0.019464,2.882637,0.183537,5.162221,0.274857,0.076544,0.03159,-0.061782,-0.207191,0.76384,-0.611243,-0.925444,-0.355623,-0.13071,-0.317214,0.53859,0.780574,-0.022158,-0.014783,-0.007921,2.016152,-1.285188,1.168651,-0.013409
65,0.131579,-0.011784,0.418661,-0.277064,0.743953,-0.608124,-0.893172,-0.432683,-0.12248,-0.353907,0.508298,0.785118,-0.07158,-0.039925,-0.005921,-0.036809,-0.051066,0.084742,0.119803,-0.126643,-0.009464,0.389587,0.507704,0.661531,0.55191,-0.782957,0.621539,-0.024536,-0.359882,-0.4205,0.832783,-0.006624,0.049216,-0.048208,-0.101674,0.572172,0.591658,0.326602,0.032358,0.036392,-0.017124,-0.319484,-0.748909,0.580572,0.899336,-0.432663,-0.063217,0.298536,0.501932,0.81175,-0.003299,0.024696,-0.024046,-0.16749,0.677326,0.859556,0.26408,0.075404,0.030891,-0.061982,-0.201602,0.761174,-0.616416,-0.922837,-0.358503,-0.140875,-0.328218,0.540452,0.774715,-0.029268,-0.020681,-0.003493,-0.048365,0.032529,-0.069459,-0.025329
66,0.128852,-0.013194,0.418311,-0.268141,0.743649,-0.61248,-0.892397,-0.431192,-0.132936,-0.362629,0.510003,0.780015,-0.084978,-0.03668,-0.004056,0.600396,-0.307943,0.509598,0.11272,-0.126871,-0.007522,0.387674,0.523172,0.634376,0.569078,-0.767843,0.640537,-0.00793,-0.370183,-0.433615,0.821465,-0.007955,0.059096,-0.05768,-0.143032,0.707538,0.683754,0.316697,0.032242,0.037379,-0.018095,-0.339876,-0.725783,0.598099,0.889577,-0.454464,-0.045972,0.30518,0.516431,0.800101,-0.003281,0.024613,-0.024035,0.072294,0.108905,0.60627,0.251833,0.074045,0.030179,-0.062161,-0.193218,0.760144,-0.62036,-0.921867,-0.357107,-0.150448,-0.335897,0.542821,0.769751,-0.035911,-0.018917,-0.00247,2.081825,-0.995522,1.614652,-0.038882
67,0.125681,-0.014496,0.418059,-0.264257,0.74493,-0.61261,-0.892916,-0.428982,-0.136556,-0.364203,0.509996,0.779286,-0.085336,-0.034651,-0.003181,-0.011015,-0.002839,0.081741,0.113884,-0.127182,-0.005569,0.385779,0.533138,0.612213,0.58391,-0.757278,0.653004,0.006972,-0.377677,-0.446672,0.810992,-0.006747,0.050176,-0.047316,-0.121878,0.559103,0.598714,0.295454,0.032084,0.038377,-0.019064,-0.354072,-0.705381,0.614059,0.882657,-0.469065,-0.029877,0.309109,0.531426,0.788693,-0.003351,0.025131,-0.023627,-0.174754,0.665151,0.64411,0.228646,0.072427,0.029513,-0.06229,-0.188617,0.761324,-0.620329,-0.921997,-0.354782,-0.155078,-0.338147,0.542692,0.768857,-0.042647,-0.017246,-0.001498,-0.015329,0.0001,0.078881,-0.042801
68,0.123963,-0.015117,0.417924,-0.257793,0.745168,-0.615071,-0.895216,-0.423649,-0.138134,-0.363195,0.514083,0.777068,-0.085466,-0.033359,-0.002574,-0.060579,-0.039922,0.121477,0.114741,-0.127379,-0.004541,0.384823,0.54118,0.603513,0.585567,-0.752328,0.658524,0.01679,-0.376137,-0.450386,0.809652,-0.006884,0.051258,-0.046521,0.066149,0.154864,0.410625,0.29232,0.03199,0.038851,-0.019508,-0.363481,-0.698035,0.61695,0.879776,-0.475004,-0.019106,0.306391,0.535833,0.78677,-0.003449,0.025921,-0.02306,0.037267,0.223365,0.469531,0.220971,0.071632,0.029226,-0.062356,-0.182187,0.760758,-0.62294,-0.923756,-0.349483,-0.156637,-0.33687,0.546908,0.766426,-0.042625,-0.012081,-0.006395,-0.307067,-0.09257,0.50025,-0.041985
69,0.1205,-0.016228,0.417725,-0.244278,0.745038,-0.620719,-0.898192,-0.415044,-0.14478,-0.365196,0.52123,0.771348,-0.085831,-0.031564,-0.0018,-1.188546,-0.726903,0.998619,0.114579,-0.127645,-0.002689,0.383206,0.561669,0.587656,0.582392,-0.742812,0.668105,0.042433,-0.36485,-0.457182,0.811007,-0.005784,0.043144,-0.035683,0.000719,0.15918,0.440654,0.281911,0.031854,0.039799,-0.020338,-0.387313,-0.687631,0.614127,0.873795,-0.486247,0.006634,0.294056,0.539191,0.789179,-0.002791,0.021028,-0.018206,-0.079469,0.2496,0.479352,0.206765,0.069868,0.028657,-0.062457,-0.16981,0.761151,-0.625948,-0.925289,-0.341721,-0.164516,-0.339122,0.551247,0.762313,-0.049585,-0.01525,-0.000418,-3.457249,-0.708762,4.154702,-0.042311
70,0.116687,-0.017315,0.417629,-0.221897,0.749301,-0.623983,-0.905888,-0.395111,-0.152403,-0.36047,0.530507,0.767236,-0.099527,-0.028462,-1e-06,-1.065763,-0.244815,1.308142,0.113787,-0.127858,-0.001012,0.381824,0.581211,0.577241,0.573565,-0.733157,0.677217,0.061574,-0.353597,-0.45703,0.816061,-0.005894,0.043983,-0.035037,-0.053958,-0.161111,0.462816,0.271304,0.031746,0.040654,-0.021043,-0.409321,-0.681467,0.606678,0.867228,-0.497198,0.02662,0.283499,0.537025,0.794501,-0.002923,0.021997,-0.017511,-0.047694,-0.194384,0.458138,0.194681,0.067967,0.028113,-0.062505,-0.147104,0.761641,-0.63108,-0.931244,-0.321689,-0.171169,-0.333381,0.562511,0.756595,-0.049647,-0.013613,0.000427,-3.485275,-0.741948,4.126001,-0.043128
71,0.114729,-0.017849,0.417668,-0.210289,0.750368,-0.626715,-0.909686,-0.384949,-0.155748,-0.357868,0.536427,0.764332,-0.112755,-0.024742,0.002337,-1.053849,-0.258162,1.311477,0.114717,-0.127964,-0.00029,0.381268,0.587179,0.574576,0.570153,-0.729202,0.681184,0.06471,-0.351918,-0.454479,0.818209,-0.00464,0.034683,-0.025111,0.120329,-0.109297,0.27025,0.265463,0.031695,0.041001,-0.021311,-0.415701,-0.680416,0.603511,0.864512,-0.501725,0.029821,0.282506,0.534139,0.796796,-0.002245,0.016949,-0.012818,0.132495,-0.108039,0.232818,0.187333,0.066993,0.027844,-0.062487,-0.135353,0.761733,-0.633593,-0.934143,-0.31125,-0.17464,-0.330235,0.568229,0.753697,-0.049817,-0.013477,0.000434,-3.443351,-0.781196,4.124807,-0.042964
72,0.110688,-0.018867,0.417948,-0.189244,0.753859,-0.629229,-0.917445,-0.364079,-0.160349,-0.349743,0.545999,0.761309,-0.112651,-0.028559,0.015708,-0.07277,0.061963,-0.155951,0.115519,-0.128166,0.000856,0.380458,0.595599,0.571135,0.564853,-0.723992,0.686225,0.069747,-0.348511,-0.451212,0.821469,-0.003328,0.024936,-0.015498,0.073807,-0.022627,0.068096,0.246826,0.031592,0.041589,-0.021725,-0.425082,-0.679075,0.598466,0.860718,-0.50787,0.03508,0.280121,0.530023,0.800379,-0.001647,0.012471,-0.007744,0.077613,-0.019261,0.064271,0.167085,0.06493,0.027323,-0.062348,-0.112628,0.763781,-0.635572,-0.940623,-0.288093,-0.179523,-0.32022,0.577615,0.750878,-0.056285,-0.01409,0.008033,-0.071895,0.097605,-0.14895,-0.041985
73,0.106561,-0.019923,0.418606,-0.164936,0.759573,-0.629198,-0.926793,-0.337534,-0.164613,-0.337214,0.55504,0.760423,-0.112404,-0.024177,0.018201,-1.114586,-0.174967,1.12161,0.121107,-0.12837,0.00157,0.380101,0.601407,0.571735,0.558051,-0.722313,0.687521,0.074258,-0.341953,-0.448468,0.825716,-0.000714,0.005513,0.003697,0.00085,-0.001628,-0.000804,0.241892,0.03149,0.041944,-0.021905,-0.430925,-0.681167,0.591873,0.859612,-0.509408,0.039596,0.274534,0.525845,0.805057,-0.001102,0.008397,-0.002418,0.035288,-0.001326,0.047329,0.151409,0.062908,0.026803,-0.062026,-0.089154,0.7675,-0.634817,-0.947189,-0.262442,-0.184271,-0.308031,0.584864,0.750366,-0.049826,-0.018059,0.013394,-3.576025,-0.864796,4.23256,-0.038719
74,0.104531,-0.020523,0.419061,-0.149804,0.764397,-0.627137,-0.931901,-0.321017,-0.168759,-0.330143,0.558198,0.761215,-0.112709,-0.023841,0.018294,-0.234719,0.392547,0.386125,0.124611,-0.128384,0.001824,0.3801,0.605055,0.572929,0.552858,-0.721711,0.687821,0.077266,-0.336742,-0.446477,0.828931,-0.00226,0.017079,-0.004658,0.060971,-0.0556,-0.00272,0.244105,0.031485,0.042062,-0.021905,-0.434463,-0.683309,0.586797,0.859256,-0.509769,0.042579,0.270037,0.522708,0.808613,-0.000522,0.004073,0.002728,0.016562,-0.068012,0.005676,0.149123,0.061894,0.026506,-0.061797,-0.072754,0.77001,-0.633869,-0.951257,-0.244552,-0.187893,-0.299693,0.589303,0.750269,-0.049757,-0.017086,0.013951,-0.80192,0.416725,1.539512,-0.03382
75,0.100631,-0.021976,0.420385,-0.111224,0.771218,-0.626815,-0.945684,-0.275939,-0.171788,-0.305319,0.572703,0.760802,-0.099812,-0.040265,0.039929,-0.138037,0.045289,0.053534,0.125325,-0.128407,0.002152,0.380378,0.610734,0.571852,0.547706,-0.720447,0.688235,0.084987,-0.3291,-0.44722,0.831595,-0.001309,0.01009,0.006733,-1.784365,-1.639256,1.369499,0.263907,0.031473,0.042231,-0.021769,-0.438757,-0.683271,0.583636,0.858641,-0.510317,0.048061,0.265001,0.522222,0.810591,-0.000677,0.005213,0.003481,0.002847,-0.008742,0.024895,0.161533,0.059939,0.025784,-0.061144,-0.033407,0.7749,-0.631199,-0.961225,-0.197883,-0.19206,-0.273731,0.600309,0.751464,-0.049929,-0.02019,0.019994,-0.17438,0.103087,-0.118669,-0.030064
76,0.096806,-0.023779,0.422124,-0.070138,0.781471,-0.620023,-0.956778,-0.228489,-0.179838,-0.282128,0.579639,0.764493,-0.100789,-0.041007,0.039287,-3.531544,-0.820346,4.2822,0.133962,-0.128539,0.002485,0.380789,0.612578,0.571536,0.545973,-0.720159,0.688181,0.087821,-0.326288,-0.447706,0.832441,-0.001524,0.011773,0.007823,-0.009693,0.071898,-0.153805,0.29043,0.031407,0.042398,-0.021563,-0.442531,-0.68353,0.580475,0.858302,-0.51036,0.053368,0.259773,0.521841,0.812526,-0.000128,0.001128,0.008775,-0.033067,-0.005579,0.003941,0.190109,0.058029,0.024888,-0.060271,0.003718,0.781926,-0.623359,-0.967277,-0.155334,-0.200615,-0.253695,0.603707,0.755762,-0.050439,-0.024471,0.025299,-0.161862,0.23536,-0.127292,-0.02337
77,0.094953,-0.024721,0.423032,-0.046122,0.788166,-0.613769,-0.960724,-0.203239,-0.18888,-0.273561,0.579971,0.767349,-0.087636,-0.05047,0.049341,-3.39305,-0.326297,4.514888,0.138317,-0.128646,0.002693,0.380946,0.614068,0.571383,0.544457,-0.719985,0.68806,0.09016,-0.323857,-0.448087,0.833185,-0.014498,0.009624,0.007537,-0.000402,0.003023,-0.003182,0.297572,0.031358,0.042505,-0.021483,-0.443987,-0.683767,0.579082,0.858275,-0.510161,0.055661,0.257366,0.521725,0.813366,-0.000762,0.005866,0.003891,-0.007691,0.07372,-0.155413,0.203009,0.057129,0.024434,-0.059837,0.027827,0.785024,-0.618839,-0.96922,-0.130305,-0.208881,-0.244615,0.605604,0.757235,-0.043767,-0.021178,0.019198,-0.110721,0.155683,0.149627,-0.017654
78,0.091724,-0.026496,0.424776,-0.018557,0.797291,-0.603348,-0.96666,-0.168371,-0.192849,-0.255329,0.578662,0.774587,-0.073789,-0.041524,0.038634,-0.055481,0.323909,0.201637,0.140858,-0.128894,0.003145,0.38119,0.618496,0.570922,0.539909,-0.719356,0.687791,0.096976,-0.316739,-0.449088,0.83538,-0.014368,0.008806,0.006964,-0.014869,-0.010154,0.007703,0.307411,0.031229,0.042736,-0.021357,-0.448669,-0.684376,0.574739,0.857941,-0.509924,0.062553,0.250264,0.521158,0.815941,-0.007184,0.004375,0.003468,-0.00933,-0.005136,0.003372,0.220644,0.055476,0.023526,-0.058947,0.060602,0.793339,-0.605756,-0.972809,-0.088965,-0.213839,-0.223538,0.602244,0.766376,-0.043752,-0.023806,0.025596,-0.078323,0.431026,0.185274,-0.011776
79,0.088738,-0.028243,0.426631,0.005668,0.807067,-0.590471,-0.970399,-0.138048,-0.19809,-0.241401,0.573112,0.783131,-0.072975,-0.037055,0.041459,0.017604,0.645252,0.131721,0.160944,-0.12922,0.003521,0.381366,0.623367,0.57019,0.53506,-0.718292,0.687875,0.104017,-0.309512,-0.44989,0.837655,-0.015364,0.016338,-0.004084,0.035703,-0.002325,0.017769,0.318121,0.031071,0.042921,-0.021266,-0.453794,-0.684823,0.570164,0.85729,-0.510102,0.069634,0.243155,0.520396,0.818574,-0.006979,0.002875,0.002469,0.002939,0.019721,-0.033121,0.234197,0.053982,0.022647,-0.058022,0.085206,0.800092,-0.593794,-0.974011,-0.058637,-0.218773,-0.209857,0.597004,0.774303,-0.036807,-0.023335,0.025841,0.047857,0.628303,0.307556,0.003084
80,0.086051,-0.029771,0.428442,0.033256,0.810754,-0.584479,-0.974313,-0.103939,-0.199706,-0.222712,0.5751,0.787201,-0.072512,-0.041744,0.054764,-0.168124,0.115809,-0.062935,0.188237,-0.129636,0.003826,0.381515,0.628104,0.569508,0.530224,-0.71724,0.687877,0.11102,-0.302275,-0.450749,0.839832,-0.013917,0.005622,0.004825,-0.536146,-0.485157,0.399858,0.321208,0.030863,0.043076,-0.021195,-0.4583,-0.685226,0.566061,0.856668,-0.510249,0.075919,0.236811,0.519721,0.820859,-0.006919,0.002466,0.00219,-1.784768,-1.622594,1.338519,0.244485,0.052639,0.021885,-0.057122,0.113004,0.802863,-0.585355,-0.974889,-0.024182,-0.221372,-0.191887,0.595672,0.77997,-0.029435,-0.01803,0.021074,-0.144867,0.036462,-0.031475,0.034435
81,0.084859,-0.030432,0.429279,0.049652,0.81356,-0.579396,-0.975608,-0.084602,-0.202491,-0.213827,0.574307,0.790238,-0.058504,-0.034536,0.04304,-0.084831,0.284853,0.042539,0.208713,-0.129938,0.003944,0.38157,0.627652,0.569731,0.53052,-0.717541,0.687617,0.110693,-0.302502,-0.450865,0.839688,-0.013693,0.00394,0.003716,-0.002045,0.015205,-0.029245,0.320683,0.030711,0.043137,-0.021166,-0.458301,-0.685384,0.565868,0.856816,-0.509946,0.076291,0.236274,0.51981,0.820957,-0.006899,0.002368,0.002128,0.000724,0.004037,-0.004074,0.245791,0.052038,0.021553,-0.056698,0.129424,0.803942,-0.580452,-0.974573,-0.004846,-0.224014,-0.182907,0.594686,0.782874,-0.029254,-0.017198,0.021607,-0.080165,0.365078,0.041667,0.054847
82,0.082663,-0.031565,0.430829,0.063926,0.815105,-0.575815,-0.977254,-0.065688,-0.201572,-0.202214,0.57459,0.793084,-0.05754,-0.023117,0.034056,0.567273,-0.217234,0.405333,0.230844,-0.130508,0.004148,0.381668,0.628281,0.569988,0.529498,-0.71784,0.687024,0.112416,-0.300475,-0.451443,0.840105,-0.0137,0.004144,0.003838,-0.000394,0.003001,-0.003193,0.320515,0.030421,0.043238,-0.021118,-0.458884,-0.685796,0.564896,0.857073,-0.509258,0.077978,0.234201,0.51994,0.821468,-0.006844,0.001996,0.001876,0.000277,0.003617,-0.003722,0.246608,0.050939,0.020984,-0.055918,0.143136,0.804773,-0.576066,-0.974841,0.014153,-0.222448,-0.170868,0.593413,0.786552,-0.022206,-0.017201,0.021602,2.076912,-0.89309,1.36464,0.097302
83,0.080676,-0.032543,0.432159,0.073441,0.816405,-0.57283,-0.977679,-0.054342,-0.202888,-0.196867,0.57393,0.794905,-0.056953,-0.013126,0.024121,-0.076205,0.100187,-0.179067,0.24316,-0.130958,0.004345,0.381797,0.628873,0.570281,0.528479,-0.718198,0.686355,0.114204,-0.298369,-0.452092,0.840507,-0.013779,0.004927,0.004338,-0.000392,0.003,-0.003194,0.321043,0.030202,0.043332,-0.021057,-0.459454,-0.68623,0.563905,0.85736,-0.508499,0.079748,0.23202,0.520111,0.821979,-0.000367,0.002963,0.001941,0.002804,-0.011139,0.025143,0.246934,0.049946,0.020492,-0.055249,0.153252,0.805039,-0.573083,-0.974092,0.025471,-0.224709,-0.166302,0.592673,0.788086,-0.021881,-0.012121,0.016698,-0.103773,0.023481,0.010233,0.121306
84,0.079848,-0.033002,0.432819,0.084913,0.815118,-0.573077,-0.977588,-0.042949,-0.206031,-0.192666,0.576716,0.793918,-0.043466,-0.023243,0.033981,-0.09939,0.037535,0.025128,0.245014,-0.131157,0.004432,0.38187,0.630079,0.570256,0.527069,-0.718115,0.686074,0.116392,-0.29601,-0.452552,0.841093,-0.013738,0.004652,0.004152,-0.000392,0.003,-0.003194,0.321585,0.030103,0.043376,-0.02102,-0.460717,-0.686495,0.562551,0.857326,-0.508208,0.081952,0.229633,0.520046,0.82269,-0.006827,0.00196,0.001844,0.002077,0.005222,-0.005115,0.247261,0.04951,0.020257,-0.05491,0.164414,0.802755,-0.573193,-0.973037,0.036702,-0.227704,-0.161754,0.595177,0.787146,-0.021707,-0.011479,0.017114,-0.104346,0.036164,0.019211,0.127184
85,0.078303,-0.0338,0.434219,0.094612,0.814385,-0.5726,-0.977886,-0.031633,-0.206661,-0.18654,0.578479,0.794098,-0.041766,-0.017726,0.037648,-0.109738,0.087366,-0.140361,0.250746,-0.131571,0.004589,0.382006,0.629089,0.570775,0.527688,-0.718856,0.685389,0.115857,-0.296317,-0.452937,0.840778,-0.013627,0.003869,0.003633,-0.000391,0.003,-0.003194,0.321848,0.0299,0.043454,-0.020952,-0.459608,-0.686766,0.563127,0.85786,-0.5074,0.081358,0.229857,0.520477,0.822355,-0.006816,0.001934,0.001824,-0.000365,0.003045,-0.00323,0.248077,0.048763,0.019865,-0.054236,0.174155,0.801148,-0.572564,-0.97235,0.048046,-0.22853,-0.155577,0.596533,0.787364,-0.020928,-0.008934,0.018804,-0.109839,0.087833,-0.142098,0.135186
86,0.076768,-0.03431,0.435624,0.094628,0.817059,-0.568775,-0.978999,-0.027152,-0.201976,-0.180596,0.574929,0.798041,-0.027013,-0.009195,0.026841,-0.071909,0.063298,-0.092142,0.259798,-0.131926,0.004753,0.382142,0.62953,0.571159,0.526746,-0.719343,0.684575,0.11763,-0.294187,-0.453683,0.841124,-0.000656,0.005456,0.00354,-0.547025,-0.413198,0.250848,0.321229,0.029718,0.043536,-0.020885,-0.458474,-0.687051,0.563703,0.858413,-0.506559,0.080766,0.230058,0.52092,0.822018,-0.000329,0.002724,0.001773,0.001641,-0.012189,0.026044,0.247914,0.04798,0.019605,-0.053519,0.174213,0.804,-0.568536,-0.973207,0.052601,-0.223828,-0.150052,0.592298,0.791622,-0.020303,-0.006956,0.020119,-0.111565,0.071442,-0.148511,0.144657
87,0.075509,-0.034676,0.436989,0.105006,0.818358,-0.565075,-0.980155,-0.010798,-0.197871,-0.168169,0.573622,0.801689,-0.026083,-0.013854,0.040296,-0.104733,0.074126,-0.079492,0.2678,-0.132123,0.004915,0.38225,0.629138,0.571361,0.526995,-0.719627,0.684316,0.117397,-0.29433,-0.453821,0.840999,-0.000571,0.004771,0.00309,0.001655,-0.012206,0.026051,0.322053,0.029614,0.043619,-0.020829,-0.45952,-0.687369,0.562462,0.858471,-0.506128,0.08283,0.227743,0.52092,0.822663,-0.006707,0.001122,0.001286,-0.001916,0.015324,-0.029365,0.249057,0.04735,0.019423,-0.052842,0.184605,0.804483,-0.56456,-0.973091,0.069019,-0.21984,-0.137893,0.589952,0.795576,-0.012955,-0.002871,0.014589,-0.076923,0.040849,-0.099441,0.157067
88,0.074952,-0.034818,0.437687,0.111074,0.818365,-0.563903,-0.981245,0.000468,-0.192693,-0.157575,0.573714,0.803772,-0.025375,-0.004304,0.030082,-0.741702,0.338889,-0.49458,0.267544,-0.132182,0.00499,0.382303,0.63054,0.571233,0.525455,-0.719386,0.684171,0.119695,-0.291904,-0.454199,0.84164,-0.000465,0.003895,0.002521,-0.537429,-0.484889,0.404765,0.32322,0.02959,0.043656,-0.020802,-0.459381,-0.687404,0.562534,0.858539,-0.506024,0.082756,0.227769,0.520974,0.822621,-0.000218,0.001816,0.001179,1e-05,1.3e-05,-2e-05,0.249383,0.047081,0.019351,-0.0525,0.192174,0.803139,-0.563946,-0.972787,0.080104,-0.217412,-0.129438,0.59038,0.796678,-0.012699,-0.005853,0.02088,-0.107322,0.059393,-0.085225,0.160006
89,0.073983,-0.034941,0.438939,0.113523,0.82154,-0.558776,-0.983262,0.012351,-0.181699,-0.142521,0.56903,0.809889,-0.024791,-0.00264,0.031168,-0.718039,0.302168,-0.267167,0.264587,-0.132277,0.005127,0.382398,0.631916,0.571116,0.523927,-0.719155,0.684012,0.121982,-0.289484,-0.454588,0.842266,-0.000353,0.002958,0.001912,-0.014512,-0.013089,0.01093,0.326338,0.029537,0.043728,-0.020752,-0.462488,-0.687793,0.559504,0.858158,-0.505874,0.087489,0.222864,0.520606,0.824196,-0.000208,0.001735,0.001125,-0.048042,-0.043412,0.036161,0.25216,0.046588,0.01929,-0.05186,0.193526,0.806841,-0.55817,-0.974509,0.092279,-0.204486,-0.11348,0.583516,0.804132,-0.01245,-0.001429,0.015516,-2.297889,0.98235,-1.395769,0.160332
90,0.073097,-0.03508,0.440034,0.112315,0.827532,-0.550111,-0.983598,0.014073,-0.179746,-0.141152,0.560249,0.816226,-0.02518,0.003633,0.018766,0.035216,0.304295,0.021306,0.267842,-0.132393,0.005195,0.382452,0.631659,0.571251,0.524091,-0.719347,0.683833,0.121844,-0.289565,-0.454688,0.842184,-0.000167,0.001408,0.000909,-0.0,-0.0,0.0,0.327829,0.029479,0.043762,-0.020725,-0.462167,-0.687862,0.559685,0.858305,-0.505659,0.087292,0.222965,0.520724,0.824094,-0.006562,-1.9e-05,0.000542,-0.001941,0.015314,-0.029344,0.254772,0.046151,0.019226,-0.051316,0.192095,0.812612,-0.550236,-0.974968,0.094056,-0.20147,-0.111964,0.575165,0.810338,-0.012609,0.001814,0.009395,0.083602,0.502503,0.082528,0.160986
91,0.072708,-0.035108,0.440447,0.112335,0.829367,-0.547335,-0.983562,0.014558,-0.179903,-0.141385,0.557518,0.818053,-0.025436,0.002874,0.018258,0.003429,0.199904,-0.035729,0.267218,-0.132432,0.00519,0.382452,0.631353,0.571417,0.524279,-0.71958,0.683618,0.121677,-0.289656,-0.454803,0.842091,-2e-06,2.1e-05,1.3e-05,0.0,0.0,0.0,0.327379,0.029459,0.043761,-0.020724,-0.461821,-0.687953,0.559858,0.858475,-0.505401,0.08711,0.223025,0.520854,0.823995,1.1e-05,-9.5e-05,-6e-05,-7e-06,2e-05,-1e-05,0.254936,0.045952,0.019209,-0.051099,0.192407,0.814859,-0.546793,-0.974811,0.094667,-0.201942,-0.112791,0.571876,0.812548,-0.005922,0.000165,0.008345,0.014904,0.204721,0.027375,0.162782
92,0.071865,-0.035089,0.441223,0.110704,0.831697,-0.544123,-0.983808,0.01418,-0.178584,-0.140958,0.55405,0.82048,-0.025277,0.003296,0.018523,-0.034812,0.037613,-0.048177,0.261976,-0.132565,0.005144,0.382434,0.630557,0.571845,0.52477,-0.720181,0.683062,0.121243,-0.289895,-0.455101,0.841847,1.3e-05,-0.000112,-7.2e-05,0.0,0.0,0.0,0.325633,0.029393,0.043735,-0.020736,-0.460927,-0.688186,0.560309,0.858916,-0.504733,0.086643,0.22318,0.521194,0.823739,-0.006461,-0.000873,-1e-05,-0.013475,0.099431,-0.20906,0.254446,0.04553,0.019216,-0.050712,0.190785,0.817367,-0.543609,-0.97513,0.09418,-0.200623,-0.112786,0.568366,0.815008,-0.012787,0.001264,0.009022,-0.04044,0.029111,-0.082005,0.159842
93,0.070967,-0.035267,0.442093,0.109393,0.832134,-0.54372,-0.983907,0.013022,-0.178125,-0.141287,0.553423,0.820846,-0.026717,-0.000807,0.015811,-0.037579,0.044013,-0.07616,0.265223,-0.132623,0.005136,0.382458,0.63022,0.572029,0.524973,-0.720452,0.682802,0.121102,-0.289955,-0.455261,0.841741,-4.3e-05,0.000362,0.000234,0.0,0.0,0.0,0.323027,0.029364,0.043731,-0.020724,-0.460547,-0.688288,0.560495,0.859114,-0.504421,0.086487,0.223198,0.521361,0.823629,-2.8e-05,0.000226,0.000148,-1e-05,-4e-06,-5e-06,0.251833,0.045083,0.019134,-0.050273,0.189497,0.817822,-0.543376,-0.975342,0.093022,-0.200136,-0.113129,0.567903,0.815283,-0.006881,-0.006304,0.012337,-0.073862,0.044201,-0.064664,0.159679
94,0.069964,-0.035548,0.442943,0.113235,0.832355,-0.542593,-0.982274,0.011789,-0.187006,-0.149408,0.553117,0.819613,-0.0271,-0.001837,0.015125,-0.033733,0.051475,-0.073154,0.261236,-0.13267,0.005122,0.3825,0.629663,0.572339,0.525304,-0.720906,0.682361,0.120882,-0.290037,-0.455532,0.841566,-7.5e-05,0.000636,0.00041,0.0,0.0,0.0,0.322526,0.029341,0.043723,-0.020703,-0.459919,-0.688461,0.560797,0.859448,-0.503895,0.086242,0.223209,0.521641,0.823448,-4.8e-05,0.0004,0.000258,-1.4e-05,-9e-06,1e-06,0.250363,0.044581,0.018991,-0.049849,0.193414,0.817841,-0.541963,-0.973578,0.091645,-0.209152,-0.121385,0.568098,0.813958,-0.013765,-0.005188,0.013027,-0.062968,-0.008869,0.087971,0.159679
95,0.069384,-0.035715,0.4434,0.115235,0.831698,-0.543179,-0.981508,0.011308,-0.19101,-0.152871,0.554113,0.818301,-0.027613,-0.010639,0.025846,-0.054448,0.005495,0.098858,0.262568,-0.132689,0.005118,0.382547,0.629642,0.572357,0.52531,-0.720954,0.682297,0.120957,-0.289961,-0.455607,0.841551,0.001121,-0.008506,0.010362,-0.036145,0.005594,-0.020816,0.322286,0.029331,0.043723,-0.020684,-0.459909,-0.688468,0.560797,0.859471,-0.503845,0.0863,0.22314,0.52168,0.823442,-0.000128,0.001061,0.000686,-1.2e-05,-2e-06,-2e-06,0.250037,0.044291,0.01891,-0.049626,0.195177,0.816941,-0.54269,-0.972812,0.090923,-0.212997,-0.124663,0.569508,0.812476,-0.020546,-0.003785,0.013905,-0.078922,0.070654,-0.126386,0.15772
96,0.068122,-0.035991,0.444202,0.115399,0.833545,-0.540307,-0.98125,0.011237,-0.192338,-0.154402,0.551337,0.819887,-0.041418,-0.001016,0.015548,-0.023702,0.014396,0.057844,0.263147,-0.132678,0.005117,0.382664,0.629472,0.57247,0.52539,-0.721165,0.682052,0.121079,-0.289805,-0.455831,0.841483,-0.000178,0.001505,0.000971,0.0,0.0,0.0,0.320244,0.029337,0.043721,-0.020621,-0.4597,-0.688545,0.560874,0.859642,-0.503533,0.086423,0.222913,0.52188,0.823377,0.000547,-0.004158,0.005243,-0.036149,0.00559,-0.020825,0.248894,0.043665,0.01877,-0.04922,0.195406,0.81881,-0.539783,-0.972547,0.090867,-0.214232,-0.126367,0.566827,0.814087,-0.014025,-0.005838,0.012599,-0.075427,0.052821,-0.095885,0.158536
97,0.066732,-0.036178,0.444826,0.113509,0.834097,-0.539854,-0.981336,0.009344,-0.191997,-0.155249,0.550536,0.820265,-0.028241,0.002622,0.001502,-0.019474,0.081428,-0.250267,0.267075,-0.13268,0.005137,0.382784,0.629329,0.572565,0.525457,-0.721347,0.681839,0.121193,-0.289661,-0.45603,0.841425,-0.000216,0.001831,0.00118,0.0,0.0,0.0,0.320281,0.029336,0.043731,-0.020561,-0.459537,-0.688605,0.560934,0.859778,-0.503283,0.086527,0.222726,0.522041,0.823325,-0.000133,0.001109,0.000715,-1.2e-05,-1e-06,-0.0,0.247914,0.042965,0.018674,-0.048903,0.19379,0.819431,-0.539423,-0.972753,0.089173,-0.214004,-0.127259,0.566198,0.814385,-0.021133,-0.001561,0.007089,-0.043744,0.067322,-0.134608,0.160169
98,0.065984,-0.036203,0.444978,0.111306,0.834679,-0.539413,-0.981641,0.007858,-0.190498,-0.154912,0.549677,0.820904,-0.042464,0.00375,0.002116,-0.005502,0.051671,-0.11636,0.270743,-0.132692,0.005157,0.382845,0.629261,0.572609,0.52549,-0.721431,0.681742,0.121242,-0.289599,-0.456121,0.841397,-0.00031,0.002625,0.001691,0.0,0.0,0.0,0.320251,0.02933,0.043739,-0.020531,-0.45946,-0.688633,0.560964,0.85984,-0.503169,0.086571,0.222644,0.522115,0.8233,-0.000181,0.001524,0.000983,0.001657,-0.012174,0.026052,0.247914,0.042597,0.018664,-0.048826,0.191522,0.82022,-0.539033,-0.973238,0.087653,-0.212421,-0.126984,0.565291,0.815058,-0.014682,-0.003847,0.005635,-0.040569,0.051848,-0.103822,0.163598
99,0.064479,-0.036264,0.444988,0.108658,0.83512,-0.539271,-0.981596,0.004545,-0.190842,-0.157068,0.549046,0.820917,-0.031352,-0.005511,-0.003933,-0.007107,0.044486,-0.114502,0.277098,-0.132735,0.005194,0.38298,0.629208,0.572653,0.525506,-0.721544,0.681592,0.121408,-0.289431,-0.45629,0.841363,-0.013284,0.001422,0.002015,-0.002045,0.015205,-0.029245,0.320092,0.029308,0.043759,-0.020463,-0.459398,-0.688663,0.560978,0.859926,-0.502995,0.086729,0.222442,0.522243,0.823274,-0.006651,0.000771,0.001047,-0.002058,0.015195,-0.029245,0.247424,0.041842,0.018642,-0.048815,0.18892,0.820878,-0.53895,-0.973457,0.084346,-0.212761,-0.129193,0.56484,0.815024,-0.022243,-0.000719,-0.000658,-0.00676,0.052161,-0.116906,0.171763
100,0.062978,-0.036391,0.444618,0.107997,0.834771,-0.539943,-0.980842,0.001005,-0.194729,-0.162154,0.549593,0.819562,-0.04609,0.002009,-0.015739,0.027434,0.044236,-0.127232,0.280557,-0.132811,0.005258,0.383109,0.62904,0.572753,0.525598,-0.721727,0.681388,0.121468,-0.28934,-0.45647,0.841297,-0.000325,0.002758,0.001773,0.0,0.0,0.0,0.319791,0.02927,0.043791,-0.020398,-0.459207,-0.688722,0.561061,0.860061,-0.502755,0.086779,0.222309,0.522397,0.823212,-0.006661,0.00088,0.001116,-0.002062,0.015192,-0.029245,0.247587,0.041096,0.018574,-0.048997,0.188268,0.820576,-0.539638,-0.972908,0.080758,-0.216626,-0.134178,0.565802,0.813549,-0.016601,-0.005076,-0.003524,0.009794,-0.013663,0.102494,0.180091
101,0.061606,-0.036733,0.444077,0.106522,0.83482,-0.540161,-0.980526,-0.001842,-0.196308,-0.165018,0.549516,0.819041,-0.034549,-0.005932,-0.021011,0.025787,0.037036,-0.125395,0.277507,-0.132946,0.005322,0.383221,0.628882,0.57284,0.525693,-0.721886,0.681216,0.121492,-0.28929,-0.456617,0.841235,-0.000294,0.002504,0.001608,0.0,0.0,0.0,0.319094,0.029203,0.043824,-0.020342,-0.459029,-0.68877,0.561147,0.860179,-0.502552,0.086794,0.222225,0.522528,0.823151,-0.006639,0.000711,0.001006,-0.002051,0.015209,-0.029257,0.247424,0.040406,0.018405,-0.049266,0.186795,0.820753,-0.539881,-0.972797,0.077889,-0.218171,-0.137014,0.565948,0.812975,-0.0173,-0.006728,-0.004689,-0.008818,0.045263,-0.115301,0.180254
102,0.06097,-0.036964,0.443815,0.111858,0.833853,-0.540575,-0.980063,0.00279,-0.198594,-0.164237,0.550977,0.818216,-0.034391,-0.005322,-0.020665,0.047733,-0.023635,0.094528,0.275616,-0.133038,0.005355,0.383262,0.628699,0.572936,0.525808,-0.72203,0.681077,0.121415,-0.289327,-0.456706,0.841174,-0.013192,0.000746,0.001574,-0.002045,0.015205,-0.029245,0.317406,0.029156,0.043842,-0.020321,-0.458824,-0.688821,0.561253,0.860285,-0.502385,0.086709,0.222238,0.522622,0.823089,-0.006597,0.000362,0.000782,-0.00205,0.015206,-0.029256,0.246281,0.040073,0.018283,-0.049407,0.191989,0.819358,-0.540177,-0.971907,0.082385,-0.220471,-0.136142,0.567331,0.812157,-0.017237,-0.002793,-0.010399,0.041981,-0.021476,0.091098,0.178294
103,0.059784,-0.037514,0.443242,0.115872,0.833122,-0.540857,-0.979704,0.006301,-0.200282,-0.163604,0.552052,0.817618,-0.035877,-0.016094,-0.011433,0.008195,-0.000186,0.048871,0.275485,-0.133212,0.005416,0.383338,0.630108,0.572798,0.52427,-0.721783,0.680914,0.123771,-0.286862,-0.457121,0.841792,-0.000221,0.001894,0.001214,-0.0,-0.0,0.0,0.316228,0.029069,0.043871,-0.020283,-0.460306,-0.689024,0.559789,0.860126,-0.502242,0.089076,0.219774,0.522492,0.823833,-0.000131,0.001115,0.000719,0.000187,0.000172,-0.000151,0.244648,0.039494,0.018015,-0.049689,0.195883,0.81831,-0.540367,-0.97124,0.085836,-0.222087,-0.135353,0.56833,0.81159,-0.011133,-0.009629,-0.006661,-0.007142,0.030322,-0.085769,0.176008
104,0.058801,-0.038184,0.442646,0.120807,0.832184,-0.541222,-0.979234,0.01059,-0.20239,-0.162853,0.553399,0.816857,-0.022576,-0.019715,-0.013832,-0.008819,0.037516,-0.112576,0.272127,-0.133396,0.005475,0.383427,0.629845,0.572934,0.524436,-0.722002,0.680695,0.123697,-0.286886,-0.457277,0.841699,-0.000267,0.002298,0.001471,0.0,0.0,0.0,0.313602,0.028978,0.0439,-0.020239,-0.46001,-0.689096,0.559943,0.860288,-0.501981,0.088987,0.21976,0.522648,0.823737,-0.006621,0.000605,0.000936,-0.002049,0.015191,-0.029243,0.242199,0.038996,0.017679,-0.049987,0.200856,0.816941,-0.540613,-0.970347,0.090165,-0.224265,-0.134467,0.569628,0.810827,-0.011154,-0.009541,-0.006679,0.011787,-0.022471,0.105604,0.173722
105,0.058417,-0.038574,0.442387,0.125556,0.833098,-0.538729,-0.978989,0.016205,-0.203202,-0.160721,0.551888,0.8183,-0.022479,-0.019343,-0.013649,-0.005495,0.048689,-0.109825,0.272412,-0.133495,0.005485,0.383489,0.629605,0.573066,0.52458,-0.722214,0.680478,0.123654,-0.286879,-0.457436,0.841615,-0.013185,0.000785,0.001593,-0.002045,0.015205,-0.029245,0.312825,0.028933,0.043905,-0.020208,-0.459762,-0.689163,0.560064,0.860433,-0.501739,0.088944,0.21971,0.522791,0.82366,-0.000167,0.00142,0.000911,-4e-06,2.3e-05,-3e-06,0.240892,0.038804,0.017483,-0.050118,0.205684,0.817613,-0.537775,-0.969592,0.095799,-0.225194,-0.132604,0.567741,0.812456,-0.011081,-0.009295,-0.006548,-0.008048,0.015236,-0.093726,0.172252
106,0.057829,-0.039387,0.441817,0.135949,0.831158,-0.539201,-0.9783,0.026845,-0.205376,-0.156402,0.55439,0.817446,-0.009014,-0.022878,-0.015972,-0.007358,0.022591,-0.082747,0.268277,-0.133668,0.00546,0.383642,0.629201,0.573298,0.524812,-0.722622,0.680033,0.123717,-0.286738,-0.457807,0.841462,-0.01319,0.000862,0.00164,-0.002045,0.015205,-0.029245,0.311288,0.028847,0.043893,-0.020132,-0.459305,-0.689296,0.560275,0.860735,-0.501214,0.088983,0.219483,0.523119,0.823512,-0.000161,0.001363,0.000875,0.001648,-0.012162,0.026079,0.238116,0.038502,0.017069,-0.050408,0.215777,0.814692,-0.538252,-0.968017,0.106221,-0.227287,-0.127995,0.570081,0.811556,-0.004487,-0.011408,-0.007954,-0.012509,0.024212,-0.086426,0.17013
107,0.057333,-0.040181,0.441232,0.140037,0.832076,-0.536734,-0.978052,0.031892,-0.205837,-0.154336,0.552746,0.81895,-0.022154,-0.018127,-0.013083,-0.004197,0.05298,-0.10877,0.259343,-0.13374,0.005418,0.383823,0.629053,0.573404,0.524873,-0.72287,0.679717,0.124004,-0.286435,-0.458143,0.841381,0.001017,-0.007661,0.010902,-0.036152,0.005626,-0.020796,0.311762,0.028806,0.043872,-0.020041,-0.459114,-0.689371,0.56034,0.860931,-0.500831,0.089244,0.219114,0.523387,0.82344,0.000502,-0.003805,0.00547,-0.03615,0.005627,-0.020801,0.23828,0.038261,0.016678,-0.050696,0.220005,0.81542,-0.535431,-0.967303,0.111359,-0.227867,-0.126182,0.568056,0.813258,-0.004101,-0.010388,-0.007305,-0.005773,0.003437,-0.063924,0.162618
108,0.057058,-0.040931,0.440702,0.156725,0.830257,-0.534935,-0.976507,0.049281,-0.209707,-0.147952,0.554204,0.819143,-0.006618,-0.016693,-0.011847,-0.232911,0.038745,0.38353,0.220923,-0.133732,0.005362,0.384013,0.628901,0.573523,0.524925,-0.72314,0.679371,0.124329,-0.286088,-0.458508,0.8413,-0.000215,0.001869,0.001193,0.0,0.0,0.0,0.308364,0.02881,0.043844,-0.019946,-0.458937,-0.689452,0.560385,0.861133,-0.500429,0.089552,0.218691,0.523665,0.823375,0.000531,-0.004059,0.005306,-0.034505,-0.006504,0.005281,0.236647,0.038113,0.016303,-0.050961,0.234813,0.812445,-0.533661,-0.964549,0.126721,-0.231485,-0.120443,0.569099,0.813399,-0.00347,-0.008786,-0.006217,-2.90063,-0.932125,4.52843,0.140574
109,0.057094,-0.041219,0.440451,0.162049,0.829177,-0.535024,-0.976118,0.055319,-0.210014,-0.144751,0.55525,0.819007,-0.005377,-0.013567,-0.009655,-0.001959,0.009804,-0.027129,0.158719,-0.133744,0.005306,0.384085,0.628783,0.573602,0.524979,-0.723301,0.679176,0.124458,-0.285938,-0.458699,0.841247,-7.6e-05,0.000663,0.000423,0.0,0.0,0.0,0.306413,0.028803,0.043818,-0.019909,-0.458802,-0.689502,0.560433,0.861253,-0.500201,0.089672,0.2185,0.523817,0.82333,0.000609,-0.004727,0.004881,-0.036156,0.005621,-0.020807,0.233871,0.038132,0.016148,-0.051094,0.241583,0.810669,-0.53334,-0.963379,0.13447,-0.231984,-0.116344,0.569853,0.813468,0.00405,-0.008761,-0.006058,-0.006386,-0.013393,-0.032729,0.096322
