frame,MLTx,MLTy,MLTz,MLTR1,MLTR2,MLTR3,MLTR4,MLTR5,MLTR6,MLTR7,MLTR8,MLTR9,MLTTVx,MLTTVy,MLTTVz,MLTRVx,MLTRVy,MLTRVz,MLGA,MRTx,MRTy,MRTz,MRTR1,MRTR2,MRTR3,MRTR4,MRTR5,MRTR6,MRTR7,MRTR8,MRTR9,MRTTVx,MRTTVy,MRTTVz,MRTRVx,MRTRVy,MRTRVz,MRGA,SLTx,SLTy,SLTz,SLTR1,SLTR2,SLTR3,SLTR4,SLTR5,SLTR6,SLTR7,SLTR8,SLTR9,SLTTVx,SLTTVy,SLTTVz,SLTRVx,SLTRVy,SLTRVz,SLGA,SRTx,SRTy,SRTz,SRTR1,SRTR2,SRTR3,SRTR4,SRTR5,SRTR6,SRTR7,SRTR8,SRTR9,SRTTVx,SRTTVy,SRTTVz,SRTRVx,SRTRVy,SRTRVz,SRGA
266,0.14327,-0.023991,0.27461,-0.281565,-0.384967,-0.878958,0.266155,-0.91139,0.313851,-0.921547,-0.145098,0.360174,-0.014837,-0.004895,0.016454,-0.036314,0.030113,-0.046475,-1.506344,-0.141069,-0.047089,0.299224,-0.165022,-0.255145,0.952712,0.910914,-0.409691,0.048184,0.378204,0.876093,0.298807,0.034624,-0.029087,0.00264,0.103379,0.559149,-0.875301,-1.362738,0.056419,0.03082,-0.005837,0.218366,0.23391,0.947418,-0.895003,0.434956,0.098898,-0.388952,-0.869539,0.30433,0.017313,-0.014526,0.001305,0.119863,0.599684,-0.937742,-1.006484,0.074848,0.03767,-0.066497,0.272724,0.364011,-0.890571,-0.291437,0.913426,0.284104,0.916889,0.182064,0.355199,0.000405,-0.002386,0.008507,-0.035164,-0.000729,0.007026,-1.015196
267,0.14324,-0.024075,0.274954,-0.281597,-0.384912,-0.878972,0.265509,-0.911513,0.31404,-0.921723,-0.144471,0.359974,-0.014646,-0.003703,0.018091,-0.035805,0.0139,-0.022654,-1.506792,-0.140435,-0.047496,0.299165,-0.151844,-0.254578,0.955052,0.914575,-0.402523,0.038233,0.374861,0.879574,0.292732,0.017678,-0.019324,-0.005023,0.580188,1.597027,-2.427494,-1.362114,0.056729,0.030623,-0.005866,0.208055,0.234038,0.949704,-0.899088,0.428103,0.091468,-0.385165,-0.872899,0.299491,0.016731,-0.009149,-0.003031,-0.050539,0.094507,-0.175435,-1.008281,0.074833,0.037627,-0.066334,0.272764,0.363977,-0.890572,-0.290819,0.913562,0.284301,0.917073,0.181449,0.355039,0.000539,0.003462,0.004798,0.000224,-0.016112,0.023927,-1.015686
268,0.143241,-0.0242,0.275628,-0.282616,-0.387139,-0.877666,0.264645,-0.910905,0.316522,-0.921658,-0.142341,0.360987,0.00099,-0.00374,0.018384,-0.063871,0.145158,-0.192305,-1.507431,-0.13953,-0.048139,0.298873,-0.131767,-0.25306,0.958431,0.918797,-0.39401,0.022405,0.3721,0.883855,0.283206,0.016516,-0.008728,-0.013936,-0.009222,0.120528,-0.213037,-1.361226,0.057182,0.030298,-0.006008,0.185366,0.232677,0.954725,-0.904562,0.419997,0.073268,-0.383934,-0.87719,0.288324,0.008237,-0.004023,-0.006537,0.003656,0.131549,-0.225203,-1.013832,0.074828,0.037563,-0.06599,0.273669,0.366118,-0.889416,-0.289892,0.913115,0.286675,0.917097,0.179381,0.356026,0.000515,-0.001714,0.009411,-0.143039,0.538339,-0.727921,-1.016503
269,0.143317,-0.024337,0.276376,-0.289651,-0.389414,-0.87436,0.264947,-0.910426,0.317646,-0.919377,-0.139175,0.367972,0.001103,-0.003003,0.019353,0.165535,0.476653,0.298278,-1.508371,-0.13915,-0.048426,0.298472,-0.105237,-0.24895,0.962778,0.926731,-0.375614,0.004292,0.36067,0.892981,0.26901,0.016233,-0.004544,-0.008429,0.607929,1.526715,-2.184357,-1.359262,0.057372,0.030146,-0.00622,0.161601,0.229414,0.959819,-0.913802,0.40203,0.05776,-0.372626,-0.886419,0.274608,0.000264,-0.003483,-0.004654,-0.034291,0.153224,-0.159212,-1.006974,0.074866,0.037495,-0.065616,0.278278,0.369869,-0.886429,-0.289742,0.912217,0.28967,0.915756,0.176227,0.361017,0.000574,-0.001276,0.009988,-0.049841,0.031277,-0.057622,-1.017646
270,0.143397,-0.024436,0.276804,-0.293231,-0.390661,-0.872608,0.264988,-0.910163,0.318367,-0.918225,-0.137397,0.371499,0.016707,-0.003127,0.019524,0.115434,0.325979,0.263501,-1.50732,-0.139109,-0.04851,0.298304,-0.093115,-0.244924,0.965056,0.929338,-0.369122,-0.003893,0.357267,0.896788,0.260758,0.000376,-0.005099,-0.006799,-0.160445,0.619264,0.068581,-1.358863,0.057399,0.030106,-0.006304,0.146439,0.228196,0.962539,-0.917041,0.396178,0.045592,-0.370933,-0.889364,0.267282,0.000174,-0.002247,-0.003008,0.017153,0.023133,-0.056781,-1.009913,0.0749,0.037445,-0.065403,0.282805,0.370881,-0.884571,-0.290001,0.91212,0.289715,0.914286,0.174594,0.365509,0.000531,-0.006545,0.014469,0.201857,0.563764,0.391288,-1.017646
271,0.143634,-0.024676,0.277796,-0.303285,-0.392982,-0.868118,0.26552,-0.909779,0.319018,-0.914789,-0.133267,0.381351,0.001497,-0.000424,0.022784,0.065469,0.210912,0.181589,-1.506714,-0.139251,-0.048683,0.298096,-0.066803,-0.236757,0.969265,0.936377,-0.350278,-0.020905,0.344518,0.906478,0.243859,0.000248,-0.003391,-0.004531,-0.185645,0.551247,0.035387,-1.357898,0.057328,0.030019,-0.006408,0.12014,0.219529,0.968179,-0.925479,0.377669,0.029206,-0.35924,-0.89954,0.248543,0.000113,-0.001536,-0.002062,-0.223853,0.722721,0.155492,-1.005504,0.075024,0.037323,-0.064909,0.293966,0.373146,-0.879968,-0.29079,0.91192,0.289552,0.910507,0.170767,0.376581,0.008323,-0.006626,0.014501,0.07285,0.30908,0.22682,-1.024341
272,0.14393,-0.025033,0.278925,-0.317139,-0.39741,-0.861124,0.266676,-0.90871,0.321096,-0.909725,-0.127322,0.395242,0.001361,-0.011252,0.031291,-0.005958,0.281033,-0.075085,-1.50437,-0.139602,-0.048776,0.298025,-0.047163,-0.224628,0.973298,0.936992,-0.347529,-0.034685,0.346072,0.910598,0.225626,-0.015718,-0.002687,-0.001215,0.004717,0.357616,-0.341603,-1.354712,0.057158,0.029974,-0.006442,0.101769,0.206075,0.973229,-0.926859,0.374998,0.017516,-0.361349,-0.90383,0.229166,-0.007848,-0.001503,-0.000817,0.52406,1.693701,-2.397271,-1.008117,0.075173,0.03715,-0.064346,0.308344,0.377786,-0.873041,-0.292038,0.911034,0.291083,0.905337,0.165208,0.39124,0.008468,-0.005628,0.015811,-0.006715,0.135263,0.146536,-1.032832
273,0.14429,-0.025551,0.280286,-0.331898,-0.39684,-0.855808,0.267173,-0.909613,0.318113,-0.904282,-0.122581,0.408992,0.017139,-0.010033,0.033161,0.023167,0.190639,0.17863,-1.502004,-0.140016,-0.04884,0.297985,-0.030794,-0.204905,0.978293,0.940072,-0.338384,-0.041167,0.339485,0.918635,0.201801,4.4e-05,-0.000625,-0.000835,-0.075351,0.623933,-0.152363,-1.34986,0.056946,0.029942,-0.006461,0.084267,0.187615,0.97862,-0.930481,0.366203,0.009916,-0.356514,-0.911424,0.205431,-0.008494,0.004278,-0.004587,0.051322,1.132433,-0.620657,-1.004362,0.075346,0.036889,-0.063669,0.322933,0.377968,-0.867671,-0.292539,0.91176,0.288295,0.900074,0.160728,0.405008,0.000731,-0.010174,0.021057,-0.004962,0.360345,-0.012407,-1.030546
274,0.144482,-0.025869,0.281043,-0.340075,-0.394917,-0.853484,0.26726,-0.910722,0.314849,-0.901204,-0.120546,0.416325,0.016979,-0.021065,0.04141,0.014626,0.38333,0.039284,-1.500337,-0.140194,-0.048855,0.297975,-0.021854,-0.194945,0.980567,0.942543,-0.330984,-0.044679,0.333262,0.923473,0.18973,3.9e-05,-0.000559,-0.000747,-0.082635,0.359216,-0.030663,-1.346213,0.056856,0.029936,-0.006465,0.075077,0.176813,0.981376,-0.933386,0.358808,0.00676,-0.350931,-0.916511,0.191974,-0.007879,-0.001087,-0.00027,-0.092879,0.392998,-0.054505,-1.004688,0.075443,0.036735,-0.063292,0.330953,0.376262,-0.865387,-0.292619,0.912781,0.284961,0.89713,0.158921,0.41219,0.008591,-0.004718,0.016943,0.083102,0.321345,0.263119,-1.038057
275,0.144894,-0.026574,0.282683,-0.358179,-0.39547,-0.845788,0.267702,-0.911337,0.312688,-0.894012,-0.113936,0.433346,0.01715,-0.019837,0.042909,0.00822,0.248835,0.187551,-1.497869,-0.140466,-0.048905,0.297898,-0.000302,-0.167476,0.985872,0.943584,-0.326425,-0.055047,0.331005,0.930424,0.156874,-0.001063,0.008444,-0.0117,-0.103245,0.861128,-0.027791,-1.347167,0.05672,0.029914,-0.006499,0.052685,0.151168,0.987103,-0.935005,0.354606,-0.004401,-0.350698,-0.922714,0.160025,-0.000533,0.004195,-0.005884,-0.115915,0.987517,0.034764,-1.005994,0.075655,0.036375,-0.062456,0.349591,0.377477,-0.857494,-0.293121,0.913364,0.282569,0.889867,0.152566,0.42995,0.008562,-0.009856,0.021531,-0.017178,0.205659,0.165746,-1.049814
276,0.145343,-0.027357,0.284423,-0.376446,-0.39682,-0.837178,0.268116,-0.911627,0.311484,-0.886331,-0.106717,0.450618,0.00188,-0.017618,0.045413,-0.038873,0.259363,-0.047998,-1.495346,-0.140568,-0.049001,0.297733,0.020811,-0.140003,0.989928,0.944638,-0.321467,-0.065207,0.327304,0.936634,0.124306,0.000256,-0.003706,-0.004965,0.242076,2.111626,-2.400471,-1.348127,0.056669,0.029868,-0.006579,0.034252,0.124269,0.991656,-0.936768,0.349759,-0.011474,-0.348267,-0.92856,0.128391,0.000157,-0.002285,-0.003059,-0.166228,0.744939,0.175122,-0.994728,0.07588,0.035983,-0.061587,0.368092,0.379479,-0.848824,-0.293533,0.913662,0.281175,0.882239,0.145659,0.447701,0.000918,-0.008793,0.022722,-0.085015,0.181171,-0.08848,-1.064021
277,0.145584,-0.02778,0.28531,-0.384626,-0.395259,-0.834193,0.267919,-0.912593,0.308812,-0.882863,-0.104234,0.457947,0.017226,-0.019169,0.043561,-0.029725,0.278416,-0.031631,-1.493116,-0.140564,-0.049077,0.29758,0.030084,-0.123549,0.991878,0.945408,-0.318561,-0.068239,0.324339,0.939915,0.105962,0.000398,-0.005769,-0.007738,-0.192475,1.103494,0.083804,-1.348732,0.056671,0.029833,-0.006651,0.021474,0.109575,0.993746,-0.937592,0.347267,-0.018031,-0.347071,-0.931342,0.110194,-0.00041,0.002475,-0.008193,0.022719,1.065561,-0.898807,-0.997667,0.075994,0.035781,-0.061157,0.37605,0.378179,-0.845911,-0.293348,0.914552,0.278458,0.878938,0.143432,0.454856,0.008605,-0.009458,0.021942,-0.047896,0.240793,-0.017891,-1.064347
278,0.146061,-0.028684,0.287069,-0.400709,-0.391553,-0.82835,0.26721,-0.914728,0.303058,-0.875881,-0.099425,0.472201,0.001563,-0.019658,0.042526,-0.028622,0.179384,0.101033,-1.487327,-0.140409,-0.049284,0.297124,0.051275,-0.095797,0.994076,0.946251,-0.313555,-0.078909,0.319165,0.944787,0.07331,0.000626,-0.009045,-0.012176,-0.11533,0.599756,-0.150683,-1.347987,0.056748,0.029731,-0.006876,-1.5e-05,0.079512,0.996833,-0.939276,0.342075,-0.0273,-0.343162,-0.936302,0.074678,0.008258,-0.004098,-0.006703,-0.131221,0.636373,-0.117872,-0.99587,0.076239,0.035324,-0.060258,0.39234,0.375161,-0.839835,-0.292641,0.916512,0.272702,0.872026,0.138778,0.469372,0.000746,-0.009892,0.021175,-0.068134,0.116357,0.064734,-1.069572
279,0.146543,-0.029576,0.288722,-0.413832,-0.387666,-0.823713,0.26579,-0.916835,0.297895,-0.87018,-0.095181,0.483483,0.016772,-0.022155,0.039403,0.003212,0.247593,0.147205,-1.482179,-0.140084,-0.049549,0.296442,0.063065,-0.066887,0.995761,0.947761,-0.308516,-0.080634,0.312494,0.948889,0.042675,0.000844,-0.012034,-0.016289,-0.131433,0.712548,-0.117608,-1.349833,0.05691,0.0296,-0.007216,-0.012567,0.051694,0.998583,-0.940989,0.337166,-0.029296,-0.338203,-0.940024,0.044406,0.007735,0.000174,-0.01255,-0.099949,0.731803,0.184944,-0.991462,0.076475,0.034887,-0.059445,0.404785,0.372086,-0.835284,-0.291189,0.918364,0.267983,0.866808,0.134751,0.480088,0.000701,-0.010179,0.020748,0.035464,0.309263,0.179631,-1.069572
280,0.146953,-0.030271,0.290132,-0.422388,-0.386597,-0.819863,0.264005,-0.917746,0.296674,-0.866596,-0.090662,0.490733,0.016722,-0.01229,0.029481,-0.067014,0.087725,-0.010735,-1.476765,-0.139528,-0.049869,0.295594,0.078447,-0.039876,0.996116,0.948472,-0.304638,-0.086775,0.306789,0.951622,0.012663,0.01571,-0.002687,-0.029355,-0.070035,0.575781,0.094531,-1.351748,0.057183,0.029437,-0.007634,-0.029,0.025273,0.999259,-0.942124,0.333348,-0.035773,-0.334006,-0.942464,0.014143,0.008498,-0.006975,-0.010725,-0.137196,0.840322,-0.030693,-0.994727,0.076679,0.034536,-0.058735,0.413934,0.371137,-0.831212,-0.289442,0.919386,0.266368,0.863064,0.13033,0.487988,0.000651,-0.005432,0.015547,-0.142932,0.158532,-0.189009,-1.071532
281,0.147115,-0.030526,0.290718,-0.424843,-0.385111,-0.819294,0.262942,-0.918486,0.295324,-0.865716,-0.089488,0.492499,0.001113,-0.012517,0.028943,-0.060123,0.035661,0.002973,-1.475393,-0.139169,-0.050061,0.295105,0.086441,-0.026223,0.995907,0.948703,-0.302917,-0.090204,0.303906,0.952627,-0.002566,0.017043,-0.014422,-0.022182,-0.165342,0.910774,0.260234,-1.351655,0.057362,0.029344,-0.007883,-0.037785,0.014021,0.999187,-0.942417,0.332001,-0.040298,-0.332297,-0.943174,0.000668,0.0165,-0.006751,-0.011691,-0.079162,0.431048,0.002627,-0.997503,0.076766,0.034405,-0.05843,0.416293,0.369783,-0.830638,-0.288301,0.920104,0.265123,0.862312,0.129106,0.489641,0.00052,-0.006362,0.014331,-0.082775,-0.003442,-0.017918,-1.070225
282,0.147366,-0.030791,0.291629,-0.428111,-0.385345,-0.817481,0.261528,-0.918667,0.296016,-0.86453,-0.086594,0.495091,0.001175,-0.001844,0.020106,-0.034046,-0.015804,0.03152,-1.472997,-0.138316,-0.050485,0.293954,0.102564,-0.004765,0.994711,0.948545,-0.300615,-0.099129,0.299341,0.953676,-0.027569,0.016112,-0.006945,-0.035547,-0.097536,0.779078,0.169502,-1.352066,0.057776,0.029137,-0.008441,-0.054355,-0.007259,0.998494,-0.942796,0.329757,-0.048926,-0.328905,-0.944037,-0.024767,0.008063,-0.003375,-0.017643,-0.016902,0.298276,-0.176425,-1.000606,0.076891,0.034271,-0.057986,0.419249,0.370344,-0.8289,-0.286863,0.920278,0.266078,0.861359,0.126228,0.492063,0.000495,-0.001463,0.009355,-0.036745,-0.011678,0.00662,-1.068756
283,0.147522,-0.030794,0.292266,-0.427813,-0.383942,-0.818297,0.260077,-0.919309,0.2953,-0.865115,-0.086016,0.49417,0.016486,-0.003548,0.018073,-0.02882,-0.136014,0.22965,-1.471089,-0.137447,-0.050947,0.292614,0.117304,0.013492,0.993,0.948061,-0.29915,-0.107815,0.295426,0.95403,-0.049136,0.016404,-0.009774,-0.039809,-0.028379,0.40044,-0.040106,-1.352693,0.058223,0.0289,-0.009121,-0.069451,-0.027354,0.997209,-0.942943,0.328094,-0.056672,-0.325628,-0.944248,-0.04858,0.00888,-0.010657,-0.016154,-0.059549,0.363683,0.151079,-1.003055,0.076963,0.034269,-0.057668,0.418925,0.36906,-0.829635,-0.285504,0.920872,0.265481,0.861968,0.125648,0.491144,0.000505,0.003692,0.004714,0.001413,-0.015711,0.023947,-1.066633
284,0.147564,-0.030751,0.292523,-0.42854,-0.385449,-0.817208,0.259825,-0.918815,0.297058,-0.864831,-0.084558,0.494919,0.000893,-0.003814,0.017527,-0.034819,-0.000869,0.006901,-1.470858,-0.136987,-0.051197,0.29182,0.123543,0.0269,0.99197,0.94821,-0.297916,-0.109898,0.292384,0.954114,-0.063564,0.032555,-0.009944,-0.042828,-0.079607,0.711827,0.14436,-1.352802,0.058459,0.028772,-0.009532,-0.076471,-0.039536,0.996287,-0.943111,0.327126,-0.059408,-0.323562,-0.944153,-0.062303,0.016307,-0.005124,-0.021637,-0.070725,0.831961,0.223031,-1.003055,0.07699,0.034292,-0.057537,0.419569,0.370485,-0.828674,-0.285195,0.920489,0.267136,0.861756,0.124252,0.49187,0.000503,0.003663,0.004668,0.002166,-0.017464,0.026567,-1.066306
285,0.147598,-0.030642,0.292963,-0.429166,-0.386579,-0.816345,0.25928,-0.918478,0.298571,-0.864684,-0.083052,0.495432,0.000778,0.005581,0.007095,0.0,0.0,0.0,-1.47093,-0.136174,-0.05159,0.290045,0.132513,0.05302,0.989758,0.948724,-0.295844,-0.111056,0.286731,0.953631,-0.090753,0.016751,-0.012531,-0.044375,-0.062435,0.631908,0.061848,-1.352544,0.058865,0.028572,-0.010424,-0.086048,-0.066448,0.994072,-0.943803,0.325019,-0.059971,-0.319108,-0.94337,-0.090682,0.008406,-0.006337,-0.022301,-0.062505,0.641523,0.071568,-1.003381,0.077007,0.034344,-0.057312,0.420146,0.371645,-0.827862,-0.284641,0.920221,0.268649,0.861659,0.122772,0.492412,0.000371,-0.002386,0.008138,-0.034215,-0.001356,0.007071,-1.065327
286,0.147635,-0.030636,0.293357,-0.43239,-0.387187,-0.814353,0.259176,-0.918378,0.298968,-0.863104,-0.081316,0.498465,0.000423,-0.007166,0.013225,0.006429,0.107233,0.039012,-1.471746,-0.135493,-0.051769,0.288053,0.13727,0.087304,0.986674,0.950195,-0.292905,-0.106162,0.279534,0.95197,-0.124407,0.015501,-0.001203,-0.052662,-0.073248,0.957461,0.273984,-1.352414,0.0592,0.028482,-0.011384,-0.092107,-0.097883,0.990926,-0.94493,0.322447,-0.055981,-0.314041,-0.941513,-0.122192,0.007746,-0.000202,-0.025754,-0.018988,0.552269,0.307494,-1.003382,0.077025,0.034354,-0.057123,0.423282,0.372448,-0.825901,-0.284675,0.920099,0.269029,0.860111,0.121239,0.495489,0.000277,0.002038,0.002585,0.065703,0.125044,0.109856,-1.065817
287,0.147675,-0.030779,0.29376,-0.435687,-0.387959,-0.812226,0.258866,-0.918236,0.299671,-0.861534,-0.079219,0.501508,0.000449,-0.006978,0.013455,-0.029748,0.0104,0.013751,-1.471239,-0.135087,-0.051626,0.286042,0.137878,0.119758,0.983178,0.95019,-0.296056,-0.097074,0.27925,0.947414,-0.155851,-0.002154,0.012025,-0.055379,0.007431,0.694146,0.14428,-1.35226,0.059405,0.028537,-0.012396,-0.093498,-0.132256,0.986795,-0.944582,0.325043,-0.045934,-0.314676,-0.936405,-0.155317,0.007629,0.00145,-0.023564,-0.052085,0.994856,0.329571,-1.005015,0.077045,0.034277,-0.05692,0.426871,0.373254,-0.823688,-0.284342,0.920047,0.26956,0.858446,0.119142,0.498873,0.000168,-0.003844,0.006276,-0.045284,-0.014863,0.00173,-1.06451
288,0.147704,-0.030901,0.293975,-0.440555,-0.385726,-0.810661,0.258952,-0.919214,0.296584,-0.859025,-0.078787,0.505862,0.000323,-0.007886,0.012302,0.037065,0.175445,0.080222,-1.471243,-0.134966,-0.051409,0.285016,0.136422,0.135632,0.981318,0.947781,-0.306042,-0.089344,0.288007,0.942067,-0.171535,-0.00224,0.013076,-0.054004,1.594538,0.851376,0.037992,-1.351545,0.059465,0.028648,-0.012912,-0.092094,-0.147337,0.984789,-0.943331,0.329561,-0.03891,-0.318815,-0.932567,-0.169338,-0.001103,0.006738,-0.026714,0.0104,0.582523,0.078068,-1.004035,0.07706,0.034218,-0.05681,0.431513,0.37132,-0.822142,-0.284487,0.920866,0.266592,0.856074,0.118851,0.503001,0.007892,-0.004148,0.005978,0.058081,0.185675,0.158444,-1.065
289,0.147809,-0.031204,0.294444,-0.448823,-0.384734,-0.806588,0.259034,-0.919844,0.294553,-0.854702,-0.076259,0.513514,0.000309,-0.007981,0.012178,0.02601,0.150853,0.065035,-1.470772,-0.13495,-0.050789,0.283066,0.130166,0.158732,0.978699,0.943812,-0.322182,-0.073155,0.303516,0.933005,-0.192982,-0.00254,0.016614,-0.049044,2.019951,-0.885733,2.147132,-1.352851,0.059478,0.028957,-0.013907,-0.089718,-0.172823,0.980857,-0.936867,0.348844,-0.024229,-0.33798,-0.921107,-0.19321,-0.001381,0.008486,-0.023695,5.435195,0.255906,-0.931609,-1.004688,0.077112,0.034065,-0.056577,0.439997,0.370611,-0.817954,-0.284592,0.92146,0.26442,0.851709,0.116439,0.510913,0.000182,-0.003732,0.006413,0.031257,0.148804,0.100983,-1.068593
290,0.148017,-0.031591,0.294975,-0.45704,-0.383518,-0.802542,0.258763,-0.920576,0.292495,-0.850411,-0.073516,0.520983,0.000326,-0.007861,0.012324,0.082798,0.277195,0.140889,-1.470542,-0.135176,-0.049956,0.281223,0.123995,0.185794,0.97473,0.94134,-0.332643,-0.056224,0.313607,0.924265,-0.217368,-0.002936,0.021274,-0.04229,0.088331,0.358059,0.271292,-1.35537,0.059373,0.029363,-0.014819,-0.082686,-0.199496,0.976403,-0.932764,0.360446,-0.005346,-0.350875,-0.911196,-0.215887,-0.00208,0.016028,-0.025449,0.512022,-0.743079,2.519424,-1.002239,0.077217,0.033871,-0.056312,0.447495,0.370052,-0.81413,-0.284227,0.922018,0.262863,0.847916,0.113768,0.517777,0.0079,-0.004094,0.006034,0.154161,0.370353,0.264949,-1.073491
291,0.14815,-0.03181,0.295251,-0.459508,-0.382361,-0.801684,0.258268,-0.921118,0.291225,-0.849229,-0.072759,0.523015,0.000369,-0.007551,0.012712,0.03513,0.154729,0.100514,-1.470479,-0.135329,-0.049538,0.280456,0.121034,0.199309,0.972429,0.940012,-0.337696,-0.047667,0.318705,0.919589,-0.229449,-0.019175,0.021342,-0.039443,0.523673,-0.727381,2.498713,-1.357703,0.059296,0.029579,-0.015219,-0.08248,-0.21286,0.973595,-0.930798,0.365529,0.001062,-0.356104,-0.906133,-0.228279,-0.001509,0.011462,-0.019945,0.012223,0.842135,0.034579,-1.005178,0.077283,0.033761,-0.056175,0.450509,0.368776,-0.813047,-0.283796,0.922616,0.261223,0.846464,0.113056,0.520304,0.007839,-0.004535,0.005475,0.057685,0.19847,0.130784,-1.078553
292,0.14851,-0.032404,0.295789,-0.46537,-0.382264,-0.798342,0.257356,-0.92141,0.291108,-0.846303,-0.069516,0.528173,0.015252,-0.022677,0.016039,-0.050922,0.055993,0.019582,-1.468478,-0.135777,-0.048625,0.279004,0.11771,0.225791,0.967034,0.934857,-0.353565,-0.031121,0.334706,0.907393,-0.253916,-0.019427,0.02446,-0.034855,0.179442,0.503042,0.782694,-1.357948,0.059073,0.030026,-0.015933,-0.080223,-0.237307,0.968116,-0.924323,0.381237,0.016855,-0.373082,-0.8935,-0.249933,-0.009696,0.012369,-0.017227,0.03108,0.510027,-0.162943,-1.007627,0.077458,0.033474,-0.055902,0.456785,0.368742,-0.809553,-0.282923,0.923009,0.260782,0.843387,0.10992,0.525943,0.007669,-0.005826,0.003844,-0.035097,0.012739,0.023079,-1.076757
293,0.14894,-0.033159,0.296275,-0.473604,-0.380996,-0.794095,0.256457,-0.922188,0.289433,-0.84199,-0.066107,0.535453,0.015143,-0.023674,0.014778,-0.042517,0.074665,0.030572,-1.465134,-0.13634,-0.047725,0.277903,0.110968,0.247929,0.962398,0.926949,-0.374962,-0.010165,0.358173,0.892886,-0.272636,-0.018437,0.017455,-0.020614,1.623382,0.892765,-0.076944,-1.358757,0.05879,0.030487,-0.016503,-0.071379,-0.2594,0.963128,-0.91541,0.400526,0.040031,-0.396142,-0.8788,-0.266047,-0.009911,0.013849,-0.014425,5.593902,-0.050588,-0.705186,-1.004198,0.077678,0.033086,-0.055655,0.465127,0.367826,-0.805208,-0.282024,0.923765,0.259073,0.839117,0.106586,0.533404,0.007553,-0.01191,0.007291,-0.069719,0.029539,0.01005,-1.080676
294,0.149458,-0.033995,0.296727,-0.484209,-0.378702,-0.788779,0.255721,-0.923377,0.286277,-0.836152,-0.062625,0.544936,0.015052,-0.024593,0.013612,0.050898,0.283156,0.153646,-1.46121,-0.137108,-0.046808,0.277013,0.107457,0.271323,0.956466,0.920408,-0.390802,0.007573,0.375679,0.879161,-0.292924,-0.035917,0.028742,-0.025733,0.056155,0.647241,0.179991,-1.359617,0.05842,0.030937,-0.016936,-0.068838,-0.283725,0.956431,-0.906928,0.417204,0.058488,-0.415621,-0.863389,-0.286038,-0.009269,0.009674,-0.008904,0.085598,0.878559,0.560732,-1.012852,0.077932,0.032677,-0.055435,0.474921,0.366409,-0.80012,-0.281313,0.924704,0.256484,0.833853,0.103275,0.542237,0.007538,-0.006949,0.002419,0.149483,0.376133,0.236701,-1.07986
295,0.149773,-0.03444,0.296935,-0.489987,-0.378827,-0.785142,0.255568,-0.923498,0.286023,-0.832822,-0.060045,0.550299,0.014953,-0.025492,0.012472,0.125785,0.466317,0.227884,-1.458979,-0.137496,-0.046404,0.276693,0.10818,0.281378,0.953476,0.915741,-0.40142,0.014684,0.38671,0.871171,-0.302292,-0.01863,0.020428,-0.016188,0.476402,0.802222,-0.120709,-1.360101,0.058212,0.03115,-0.017105,-0.069953,-0.293796,0.953305,-0.901808,0.427147,0.065466,-0.426435,-0.855119,-0.294828,-0.009319,0.01031,-0.007884,1.612167,0.941967,-0.181258,-1.013506,0.078089,0.032456,-0.055329,0.47961,0.367258,-0.796927,-0.281005,0.924653,0.257004,0.831269,0.100679,0.546675,0.007568,-0.006795,0.002611,0.164733,0.457609,0.294346,-1.080513
296,0.150467,-0.035324,0.29741,-0.501476,-0.378979,-0.777781,0.255133,-0.923766,0.285545,-0.82608,-0.054779,0.560908,0.030675,-0.024808,0.013433,0.080548,0.33157,0.219027,-1.456904,-0.138399,-0.045647,0.276107,0.102998,0.298786,0.948741,0.908001,-0.417583,0.033054,0.405895,0.857655,-0.3155,-0.017346,0.009768,-0.007416,1.267938,-0.764022,2.215121,-1.363687,0.057767,0.031527,-0.017392,-0.067976,-0.311385,0.947849,-0.89352,0.441653,0.081011,-0.443846,-0.841416,-0.308251,-0.017374,0.009358,-0.007435,5.272065,1.074551,-1.499191,-1.015955,0.078424,0.032019,-0.055101,0.491571,0.367788,-0.78936,-0.280727,0.924974,0.256153,0.824348,0.095678,0.557938,0.00756,-0.012193,0.006917,0.226292,0.604916,0.337243,-1.0779
297,0.151192,-0.03614,0.297936,-0.515123,-0.377668,-0.769455,0.254737,-0.924594,0.283208,-0.817753,-0.049659,0.573447,0.015418,-0.022472,0.016254,0.096094,0.41277,0.202985,-1.452891,-0.139206,-0.045081,0.275649,0.106657,0.3139,0.943442,0.900344,-0.433032,0.042414,0.421689,0.844482,-0.329989,-0.017261,0.008884,-0.008773,0.046646,0.564707,0.314393,-1.364608,0.057357,0.031821,-0.017622,-0.070407,-0.325351,0.942968,-0.883913,0.458474,0.092189,-0.46232,-0.827012,-0.319861,-0.008618,0.004351,-0.004526,0.119673,0.691334,0.122603,-1.017588,0.078798,0.0316,-0.054836,0.505641,0.366941,-0.78082,-0.280391,0.925806,0.253502,0.815908,0.090754,0.571013,0.015466,-0.011513,0.007811,0.168946,0.586692,0.279645,-1.0779
298,0.151552,-0.036549,0.29824,-0.520823,-0.377854,-0.765517,0.254523,-0.924664,0.283172,-0.814197,-0.046896,0.578716,0.015488,-0.022045,0.016785,-0.005057,0.160104,0.077281,-1.450433,-0.139572,-0.044858,0.275445,0.10812,0.320986,0.940887,0.895241,-0.442877,0.048336,0.432046,0.83667,-0.336426,-0.017238,0.008667,-0.009111,0.006032,0.551324,0.322682,-1.364028,0.057174,0.031932,-0.017724,-0.072223,-0.332425,0.940359,-0.878209,0.468121,0.098034,-0.472791,-0.818752,-0.325748,-0.008604,0.004214,-0.004741,-0.007407,0.559131,0.330312,-1.010403,0.078978,0.031395,-0.054684,0.512498,0.366873,-0.776369,-0.280246,0.926089,0.252626,0.811669,0.088104,0.577433,0.007753,-0.010866,0.008579,-0.02718,0.131209,0.069945,-1.077084
299,0.152229,-0.037385,0.298923,-0.53859,-0.380878,-0.751597,0.255327,-0.923841,0.285128,-0.802286,-0.037869,0.59576,0.015654,-0.020937,0.018169,0.01116,0.195178,0.097,-1.445451,-0.140256,-0.044514,0.275083,0.112098,0.337863,0.934492,0.885302,-0.460981,0.060592,0.451082,0.820069,-0.351959,-0.017201,0.008319,-0.009658,0.0071,0.537782,0.315436,-1.366376,0.056838,0.032101,-0.017901,-0.077001,-0.349003,0.933952,-0.867121,0.485788,0.11004,-0.492107,-0.801377,-0.340035,-0.008622,0.004513,-0.004301,-0.01119,0.666354,0.398587,-1.008934,0.079311,0.030984,-0.05435,0.529998,0.370799,-0.762632,-0.281021,0.925314,0.254598,0.80008,0.079379,0.594617,0.007786,-0.010702,0.008777,0.015823,0.236579,0.114827,-1.079533
300,0.152737,-0.038169,0.299655,-0.557063,-0.394468,-0.730836,0.258969,-0.918632,0.298365,-0.788373,-0.022572,0.614805,0.015733,-0.020462,0.018757,-0.013685,0.246569,-0.101318,-1.440798,-0.140821,-0.044259,0.274792,0.119472,0.354557,0.927366,0.875306,-0.47837,0.070252,0.468351,0.802869,-0.368662,-0.017191,0.008291,-0.009718,1.557308,0.412048,-0.443801,-1.366292,0.056549,0.032232,-0.018051,-0.084585,-0.367767,0.926062,-0.857168,0.500726,0.12056,-0.508042,-0.783594,-0.357593,-0.008581,0.003719,-0.00506,5.142043,0.730186,-1.889761,-1.012689,0.07957,0.030586,-0.053976,0.548167,0.385427,-0.742265,-0.284407,0.920499,0.26794,0.786526,0.06423,0.614206,0.000117,-0.009566,0.010179,-0.034608,0.228225,-0.131885,-1.075777
301,0.15295,-0.038576,0.300043,-0.562405,-0.395574,-0.726131,0.260082,-0.918209,0.2987,-0.7842,-0.020377,0.620196,0.000189,-0.019798,0.019533,-0.039834,0.20536,-0.163127,-1.435198,-0.141093,-0.044111,0.274628,0.120597,0.366962,0.922381,0.870289,-0.485985,0.079683,0.47732,0.792647,-0.379129,-0.017193,0.008396,-0.00957,5.097769,1.133536,-1.683231,-1.365204,0.056413,0.032306,-0.018133,-0.084785,-0.378485,0.921715,-0.853435,0.505015,0.128871,-0.514256,-0.775698,-0.36583,-0.000576,0.004839,-0.00515,-0.012321,0.723557,0.470291,-1.008443,0.079683,0.030375,-0.053773,0.553539,0.386835,-0.73753,-0.285466,0.920061,0.268322,0.782369,0.062013,0.619718,8.4e-05,-0.009875,0.009788,-0.081178,0.143991,-0.189462,-1.073818
302,0.153387,-0.039411,0.300793,-0.574658,-0.394119,-0.717276,0.261036,-0.918908,0.295702,-0.774939,-0.016824,0.631834,0.015672,-0.021215,0.017795,0.044135,0.254021,0.130678,-1.419973,-0.141644,-0.043772,0.274215,0.124671,0.389506,0.912542,0.862784,-0.496646,0.09424,0.489728,0.775069,-0.399121,-0.017105,0.007183,-0.011416,5.048715,1.093389,-1.900461,-1.365387,0.056138,0.032477,-0.018337,-0.089876,-0.402019,0.911209,-0.845057,0.514961,0.143845,-0.527066,-0.757096,-0.386012,-0.000563,0.004688,-0.005374,0.005073,0.69827,0.45155,-1.001749,0.079896,0.029967,-0.053404,0.56514,0.386333,-0.728946,-0.286495,0.920492,0.265734,0.773651,0.058662,0.63089,0.007841,-0.010473,0.009057,0.080513,0.319658,0.165044,-1.071368
303,0.153729,-0.040163,0.301448,-0.585942,-0.388794,-0.711025,0.25993,-0.921211,0.289446,-0.766811,-0.014741,0.641725,0.000157,-0.020191,0.01904,0.152574,0.483725,0.254629,-1.406951,-0.142281,-0.043324,0.273623,0.131203,0.413744,0.900885,0.851609,-0.512156,0.111316,0.507252,0.752058,-0.420674,-0.017071,0.006763,-0.012076,0.446068,0.873207,0.283694,-1.366295,0.055826,0.032694,-0.018626,-0.099002,-0.423475,0.900481,-0.830379,0.533809,0.159742,-0.548332,-0.731926,-0.404493,-0.008501,0.00303,-0.006201,5.000894,1.026487,-2.07979,-1.001749,0.080072,0.029589,-0.053079,0.575315,0.382115,-0.723186,-0.285339,0.922381,0.26037,0.766546,0.056559,0.639693,0.007787,-0.010994,0.0084,0.150262,0.506321,0.27997,-1.059285
304,0.153975,-0.040894,0.302045,-0.593497,-0.387518,-0.705434,0.258877,-0.921803,0.288503,-0.761334,-0.01092,0.648289,4e-05,-0.010445,0.009082,0.054503,0.204547,0.08848,-1.392672,-0.142917,-0.042775,0.272919,0.139811,0.434816,0.889595,0.839478,-0.528409,0.126469,0.524852,0.72855,-0.44001,-0.018275,0.01757,-0.020713,0.486998,0.721677,-0.008755,-1.365292,0.055501,0.03297,-0.018984,-0.109386,-0.445626,0.88851,-0.816501,0.550066,0.17536,-0.566885,-0.706289,-0.424024,-0.009105,0.008442,-0.010827,1.568054,0.925802,-0.240038,-1.001095,0.080196,0.029221,-0.052775,0.584161,0.38064,-0.716846,-0.284343,0.923213,0.258507,0.7602,0.05282,0.647538,1e-06,-0.010675,0.008789,0.050695,0.266825,0.100665,-1.058958
305,0.154069,-0.041246,0.302319,-0.597944,-0.385347,-0.702863,0.258292,-0.922724,0.286075,-0.758043,-0.010014,0.652149,-2.8e-05,-0.021811,0.017007,0.168266,0.532413,0.246581,-1.382592,-0.143232,-0.04248,0.272531,0.144736,0.446473,0.883009,0.833319,-0.536092,0.134601,0.533255,0.715769,-0.450752,-0.016987,0.005571,-0.013921,0.019473,0.681167,0.369562,-1.364654,0.055343,0.033123,-0.019178,-0.115274,-0.45648,0.882234,-0.809376,0.558054,0.18299,-0.575866,-0.692965,-0.433793,-0.009117,0.008594,-0.010643,0.067509,1.029064,0.347937,-1.003872,0.080242,0.02905,-0.05264,0.586956,0.379454,-0.715189,-0.283672,0.923756,0.257302,0.758294,0.051855,0.649845,-2e-05,-0.005478,0.004216,-0.05258,-0.002618,-0.01993,-1.061408
306,0.154124,-0.041907,0.302804,-0.607527,-0.382881,-0.695959,0.257524,-0.923782,0.283339,-0.750644,-0.00662,0.660695,-4.7e-05,-0.011192,0.008145,0.180915,0.470416,0.236203,-1.360471,-0.143887,-0.041868,0.271754,0.153604,0.466329,0.871169,0.816144,-0.556812,0.154287,0.556798,0.686697,-0.467211,-0.018246,0.017454,-0.020939,0.216078,0.316294,0.440398,-1.361809,0.05501,0.033429,-0.019575,-0.125477,-0.477213,0.869783,-0.790763,0.57755,0.2028,-0.599122,-0.662346,-0.449832,-0.009111,0.008706,-0.010507,0.219379,0.264014,0.427085,-1.004035,0.08027,0.028715,-0.052395,0.597031,0.377302,-0.707953,-0.28301,0.924814,0.25421,0.750639,0.048587,0.658923,-3.8e-05,-0.005645,0.004007,0.177401,0.489993,0.256794,-1.060101
307,0.154107,-0.042577,0.303261,-0.616347,-0.379026,-0.690291,0.256764,-0.925381,0.278774,-0.743679,-0.004955,0.66854,-8.3e-05,-0.011498,0.00776,0.023851,0.138341,0.051075,-1.346197,-0.14445,-0.041311,0.271066,0.156433,0.487804,0.858818,0.804473,-0.56731,0.17583,0.572756,0.662761,-0.482246,-0.017045,0.006811,-0.0121,0.845673,0.600376,0.645086,-1.358076,0.054735,0.033705,-0.019915,-0.129549,-0.495987,0.858611,-0.778071,0.587622,0.222049,-0.614672,-0.639294,-0.462039,-0.009133,0.009337,-0.009522,2.870729,-0.622432,1.212313,-1.008934,0.080262,0.028388,-0.052174,0.60755,0.373029,-0.701235,-0.282399,0.926617,0.248253,0.742383,0.047202,0.668309,-6.7e-05,-0.005892,0.003703,0.025828,0.156853,0.06585,-1.054549
308,0.154075,-0.04329,0.303698,-0.62797,-0.375963,-0.681433,0.256339,-0.926643,0.274945,-0.734034,-0.00156,0.679131,-0.000243,-0.023638,0.014715,0.165292,0.522872,0.237015,-1.339468,-0.144906,-0.040818,0.270527,0.153665,0.500175,0.852176,0.794224,-0.575523,0.194716,0.587612,0.646254,-0.486756,-0.017086,0.007699,-0.01077,0.054103,0.287471,-0.025924,-1.351615,0.054507,0.033947,-0.020181,-0.127379,-0.510332,0.850491,-0.766455,0.594894,0.242169,-0.629539,-0.621016,-0.466924,-0.008552,0.004161,-0.00491,0.483996,-0.04505,0.640566,-1.013179,0.080246,0.028029,-0.05195,0.617561,0.371445,-0.693286,-0.281932,0.927426,0.245753,0.734255,0.043692,0.677464,-0.000144,-0.006553,0.002871,0.208071,0.563057,0.259268,-1.055856
309,0.154058,-0.043675,0.303913,-0.632314,-0.374102,-0.678434,0.255918,-0.927397,0.272787,-0.730442,-0.000678,0.682995,-0.000344,-0.024481,0.013653,0.091652,0.383398,0.126794,-1.338613,-0.145045,-0.040668,0.270362,0.151159,0.502708,0.851133,0.788824,-0.580172,0.202711,0.595483,0.640106,-0.485312,-0.01712,0.008377,-0.009745,0.037165,0.050014,0.024197,-1.348224,0.054437,0.034026,-0.020269,-0.12496,-0.513165,0.849144,-0.760494,0.599204,0.250203,-0.637206,-0.614504,-0.465136,4.9e-05,-0.000751,-0.001142,-0.0155,0.113299,-0.187993,-1.011873,0.080237,0.027828,-0.051836,0.623028,0.369283,-0.689539,-0.281564,0.928325,0.24276,0.729764,0.042903,0.68235,-0.000181,-0.012264,0.006795,0.127522,0.434675,0.147352,-1.058795
310,0.15404,-0.044534,0.3043,-0.641684,-0.372169,-0.670655,0.255244,-0.928172,0.270776,-0.72246,0.003028,0.691426,-0.000558,-0.02629,0.011369,0.012062,0.215943,0.034213,-1.338367,-0.145154,-0.040566,0.270232,0.146997,0.504829,0.850606,0.774582,-0.593476,0.2185,0.6149,0.626097,-0.479336,2.5e-05,-0.000466,-0.000709,-0.013326,0.105974,-0.167572,-1.313928,0.054377,0.03408,-0.020337,-0.12071,-0.514887,0.848716,-0.745064,0.611964,0.265289,-0.655978,-0.600325,-0.457494,2e-05,-0.000296,-0.000453,-0.007506,-0.000927,-0.012616,-1.010893,0.080229,0.027416,-0.051647,0.632793,0.367645,-0.681475,-0.280932,0.929133,0.240389,0.72156,0.039332,0.691233,-0.000314,-0.013371,0.0054,0.048761,0.28247,0.076231,-1.064674
311,0.154002,-0.045397,0.304547,-0.650246,-0.368643,-0.664325,0.254575,-0.929572,0.266572,-0.715,0.004668,0.699129,-0.000743,-0.017046,0.000751,0.035556,0.176897,0.037929,-1.337241,-0.145152,-0.040583,0.270244,0.14095,0.502229,0.853165,0.755495,-0.611412,0.235237,0.639566,0.610761,-0.46668,0.0,-0.0,-0.0,0.435418,-0.424244,0.566354,-1.239361,0.054378,0.034072,-0.020331,-0.11706,-0.511606,0.851208,-0.725413,0.629432,0.27855,-0.678286,-0.584871,-0.444807,-1e-06,3.3e-05,4.2e-05,0.031888,-0.036064,-0.062549,-0.982971,0.08021,0.026985,-0.051521,0.641539,0.364438,-0.674989,-0.280277,0.930459,0.235984,0.714052,0.037791,0.69907,-0.00036,-0.008385,0.000548,0.052957,0.219968,0.063974,-1.069246
312,0.153965,-0.045794,0.30463,-0.655245,-0.368868,-0.659269,0.254741,-0.929467,0.266779,-0.71036,0.007315,0.70382,-0.000782,-0.017356,0.000347,0.03531,0.175979,0.037239,-1.335579,-0.145152,-0.040587,0.270237,0.136086,0.500422,0.855015,0.749541,-0.61627,0.241525,0.647578,0.607358,-0.460025,4.5e-05,-0.000822,-0.001249,0.013626,-0.147354,-0.070527,-1.224442,0.054378,0.034072,-0.020331,-0.109635,-0.510803,0.852678,-0.718224,0.633731,0.287294,-0.687119,-0.580917,-0.43635,2.5e-05,-0.000463,-0.000709,0.032262,-0.19125,-0.089926,-0.978235,0.080191,0.026776,-0.051477,0.646621,0.364983,-0.669826,-0.280425,0.930352,0.236232,0.709396,0.035083,0.703936,-0.008241,-0.008318,0.00061,0.030696,0.187834,0.015317,-1.071695
313,0.153858,-0.046634,0.304688,-0.665725,-0.364562,-0.651114,0.254551,-0.931154,0.261014,-0.700616,0.008469,0.713507,-0.001028,-0.019382,-0.002253,0.089771,0.287706,0.097154,-1.331724,-0.14515,-0.040627,0.270157,0.116726,0.491439,0.863049,0.74337,-0.619418,0.252303,0.658397,0.611484,-0.438707,0.000109,-0.001999,-0.003041,0.012395,-0.205331,-0.141002,-1.186656,0.054378,0.034053,-0.020368,-0.089475,-0.501997,0.860228,-0.711435,0.636659,0.297531,-0.697032,-0.585375,-0.414103,3.5e-05,-0.000641,-0.000978,0.033281,-0.241137,-0.087178,-0.980358,0.080138,0.026358,-0.051446,0.656839,0.36141,-0.661773,-0.280307,0.931786,0.230653,0.699992,0.033998,0.71334,-0.008397,-0.014913,0.0034,0.090627,0.398381,0.0579,-1.070062
314,0.153721,-0.047401,0.304568,-0.672064,-0.362741,-0.645597,0.254751,-0.931855,0.258303,-0.694464,0.009575,0.719483,-0.001217,-0.020907,-0.004244,0.028796,0.17637,0.0041,-1.326877,-0.145142,-0.040749,0.270028,0.102415,0.470727,0.87631,0.724475,-0.638882,0.258649,0.681447,0.607771,-0.407562,0.000161,-0.002951,-0.004495,0.043421,-0.707962,-0.404793,-1.154678,0.054382,0.033992,-0.020433,-0.074424,-0.483584,0.872127,-0.691763,0.654955,0.304132,-0.718278,-0.580671,-0.38327,6.5e-05,-0.001216,-0.00185,0.11615,-0.743077,-0.440922,-0.984277,0.080069,0.025975,-0.051505,0.663406,0.359766,-0.656094,-0.28041,0.932463,0.227777,0.69373,0.032867,0.719484,-0.008443,-0.009792,-0.001297,0.035601,0.193839,0.009661,-1.06696
315,0.15366,-0.04778,0.304437,-0.67414,-0.361926,-0.643887,0.254597,-0.932167,0.257325,-0.692505,0.009985,0.721363,-0.001329,-0.021803,-0.005422,-0.0216,0.072697,-0.051663,-1.326138,-0.145126,-0.040805,0.26996,0.09178,0.459783,0.883271,0.720551,-0.642811,0.259871,0.68711,0.612001,-0.391405,0.000133,-0.002441,-0.003722,-0.004808,-0.489917,-0.537166,-1.153751,0.05439,0.033963,-0.020469,-0.062678,-0.472091,0.879318,-0.687598,0.659016,0.304802,-0.72338,-0.585513,-0.365915,7.6e-05,-0.001437,-0.002186,-0.005232,-0.646211,-0.675946,-0.995707,0.080039,0.025794,-0.051568,0.665739,0.358876,-0.654215,-0.280214,0.932819,0.226557,0.691571,0.032492,0.721576,-0.000669,-0.005561,-0.007104,-0.004626,-0.06771,0.130759,-1.071205
316,0.153557,-0.048477,0.304033,-0.676152,-0.360606,-0.642516,0.253941,-0.932674,0.256137,-0.690782,0.010468,0.723007,-0.001577,-0.013039,-0.016756,-0.000879,0.029212,-0.049711,-1.326215,-0.145073,-0.040876,0.269862,0.060756,0.434326,0.8987,0.710538,-0.651087,0.266751,0.700876,0.621795,-0.349294,7.1e-05,-0.001295,-0.001976,1.219957,-2.005342,1.695301,-1.152046,0.054411,0.033925,-0.02052,-0.032971,-0.44768,0.893585,-0.677941,0.66696,0.309128,-0.734376,-0.595606,-0.325491,4.2e-05,-0.000842,-0.001268,0.121387,-1.176164,-0.51593,-1.022977,0.079987,0.025434,-0.051767,0.667545,0.357798,-0.652964,-0.279492,0.933254,0.225652,0.69012,0.031866,0.722991,-0.000781,-0.011891,-0.004019,-0.044638,0.02849,-0.074178,-1.076594
317,0.153445,-0.049188,0.303472,-0.679541,-0.362594,-0.637805,0.253854,-0.931848,0.259209,-0.68748,0.014678,0.726073,-0.001788,-0.014704,-0.01902,-0.121942,0.178293,-0.207622,-1.324936,-0.144959,-0.040936,0.269866,0.026095,0.411886,0.910857,0.701941,-0.656216,0.276755,0.711642,0.631616,-0.307392,1e-06,-2.2e-05,-3.3e-05,0.048076,-0.894589,-0.248817,-1.122932,0.054474,0.033894,-0.020521,0.005187,-0.427254,0.904116,-0.667873,0.671432,0.321127,-0.744256,-0.605501,-0.281869,0.007995,0.000777,-0.000104,0.107316,-1.021564,-0.096033,-1.029018,0.079931,0.025079,-0.052048,0.670856,0.359922,-0.648388,-0.279435,0.932566,0.228551,0.686925,0.027858,0.726193,-0.000899,-0.007508,-0.009711,-0.465742,0.550326,-0.644402,-1.071042
318,0.153309,-0.04997,0.302778,-0.682995,-0.365201,-0.632607,0.254271,-0.930753,0.262711,-0.683894,0.019024,0.729352,-0.002035,-0.027382,-0.012979,0.195273,0.521631,0.186287,-1.323688,-0.144934,-0.040931,0.269928,-0.018972,0.388508,0.921245,0.69231,-0.659589,0.292545,0.721288,0.642837,-0.257618,-6.7e-05,0.001212,0.001849,0.336715,-1.321317,0.310711,-1.119314,0.054487,0.033896,-0.020492,0.050589,-0.405202,0.912826,-0.657668,0.67433,0.335782,-0.751606,-0.617324,-0.232375,-4.3e-05,0.00081,0.001234,1.05303,-2.412515,1.962849,-1.019874,0.079862,0.024682,-0.052402,0.67243,0.364044,-0.644444,-0.27993,0.931094,0.233884,0.685183,0.023129,0.728003,-0.001024,-0.013813,-0.006644,0.199573,0.516229,0.190304,-1.076104
319,0.153231,-0.050385,0.302373,-0.685732,-0.366162,-0.62908,0.254679,-0.930331,0.263808,-0.680997,0.021137,0.731999,-0.00229,-0.018654,-0.024423,0.169877,0.395379,0.113055,-1.323932,-0.14496,-0.040895,0.269966,-0.043631,0.377089,0.925144,0.687544,-0.66043,0.301741,0.724796,0.648757,-0.23162,-8.8e-05,0.001606,0.00245,0.050124,-0.877407,-0.060518,-1.119321,0.054474,0.033914,-0.020472,0.076743,-0.393659,0.916047,-0.652171,0.675135,0.344767,-0.754177,-0.623878,-0.204921,-5.7e-05,0.000967,0.00148,0.072216,-1.062589,-0.11083,-1.019058,0.079824,0.024483,-0.052593,0.675653,0.364895,-0.640581,-0.280383,0.930807,0.234482,0.681819,0.02118,0.731213,-0.00112,-0.01458,-0.007694,0.289142,0.635008,0.191721,-1.07692
320,0.153069,-0.051306,0.301555,-0.691237,-0.36849,-0.621653,0.255694,-0.929299,0.266449,-0.675026,0.025679,0.737365,-0.00243,-0.030386,-0.017241,-0.017008,0.217538,-0.077885,-1.322822,-0.144945,-0.040912,0.270033,-0.101395,0.349939,0.931264,0.677508,-0.661087,0.322305,0.728527,0.663167,-0.171235,-4e-06,7.3e-05,0.000112,0.173688,-1.32981,0.375046,-1.11238,0.054481,0.033909,-0.020433,0.133416,-0.369006,0.919801,-0.6416,0.675201,0.363941,-0.755347,-0.6387,-0.146672,1e-06,1.2e-05,1.6e-05,0.963256,-2.787781,2.261735,-1.00975,0.079743,0.024025,-0.053007,0.682357,0.366866,-0.632296,-0.281432,0.930119,0.235953,0.674674,0.016944,0.737921,-0.001191,-0.009736,-0.012856,-0.079654,0.324626,-0.175149,-1.082146
