frame,MLTx,MLTy,MLTz,MLTR1,MLTR2,MLTR3,MLTR4,MLTR5,MLTR6,MLTR7,MLTR8,MLTR9,MLTTVx,MLTTVy,MLTTVz,MLTRVx,MLTRVy,MLTRVz,MLGA,MRTx,MRTy,MRTz,MRTR1,MRTR2,MRTR3,MRTR4,MRTR5,MRTR6,MRTR7,MRTR8,MRTR9,MRTTVx,MRTTVy,MRTTVz,MRTRVx,MRTRVy,MRTRVz,MRGA,SLTx,SLTy,SLTz,SLTR1,SLTR2,SLTR3,SLTR4,SLTR5,SLTR6,SLTR7,SLTR8,SLTR9,SLTTVx,SLTTVy,SLTTVz,SLTRVx,SLTRVy,SLTRVz,SLGA,SRTx,SRTy,SRTz,SRTR1,SRTR2,SRTR3,SRTR4,SRTR5,SRTR6,SRTR7,SRTR8,SRTR9,SRTTVx,SRTTVy,SRTTVz,SRTRVx,SRTRVy,SRTRVz,SRGA
939,0.168217,0.100354,0.29928,-0.284618,0.958541,-0.015412,-0.95823,-0.28487,-0.024828,-0.027841,0.006507,0.999605,-0.023818,-0.048741,0.008752,-0.473205,-1.124975,-1.515108,-1.119985,-0.105545,0.042321,0.355232,-0.070396,-0.004251,0.997506,-0.682935,0.729048,-0.044974,-0.726914,-0.684383,-0.055486,0.012376,0.001934,7.8e-05,0.001857,-0.01447,0.029709,0.447616,0.036748,0.03905,-0.006989,0.19958,-0.08606,0.976094,0.715497,-0.667806,-0.205176,0.669499,0.739343,-0.071705,8.1e-05,-0.000365,-0.000242,-0.002109,-0.008084,-0.005369,0.421328,0.121571,0.072172,-0.093193,-0.360413,0.932458,0.024967,-0.932699,-0.359871,-0.02373,-0.013143,-0.031839,0.999406,-0.00622,-0.02483,0.00387,0.171996,-1.101095,-1.434422,-0.899423
940,0.167281,0.098293,0.29966,-0.327684,0.942289,-0.069002,-0.942106,-0.331322,-0.051326,-0.070825,0.047014,0.996394,-0.024219,-0.0628,0.013204,2.016812,-2.01313,-1.277993,-1.112247,-0.105504,0.042316,0.355202,-0.071952,-0.00984,0.997355,-0.684026,0.728199,-0.042048,-0.725733,-0.685221,-0.060386,-0.001703,0.009989,-0.008815,0.020831,0.05461,0.058663,0.447991,0.036773,0.039048,-0.007004,0.200765,-0.08013,0.976356,0.716863,-0.667258,-0.202169,0.667682,0.740503,-0.07652,-0.000838,0.00494,-0.004442,0.013235,0.026664,0.040235,0.421165,0.121103,0.071143,-0.093007,-0.404885,0.913904,-0.029069,-0.912623,-0.405871,-0.048847,-0.05644,0.006752,0.998383,-0.017856,-0.025243,0.00391,0.135743,-0.944291,-1.705678,-0.897137
941,0.166095,0.095884,0.300148,-0.377286,0.916628,-0.132267,-0.917905,-0.389014,-0.078035,-0.12252,0.090824,0.988315,-0.024535,-0.063133,0.013084,1.911325,-1.999067,-1.259499,-1.109656,-0.105437,0.042315,0.355184,-0.073422,-0.015451,0.997177,-0.68514,0.727317,-0.039062,-0.724532,-0.686046,-0.065247,0.000144,-0.000655,-0.000433,-0.013113,0.051361,0.032353,0.446839,0.036807,0.039047,-0.007013,0.20185,-0.074404,0.976585,0.718319,-0.666569,-0.199254,0.665787,0.74172,-0.081102,0.000108,-0.000491,-0.000326,-0.025804,0.041875,0.025601,0.421328,0.120501,0.069913,-0.09276,-0.454653,0.885615,-0.094739,-0.883368,-0.461959,-0.079079,-0.1138,0.047736,0.992356,-0.012283,-0.031649,0.00648,1.894644,-1.967432,-1.270278,-0.892565
942,0.165432,0.094538,0.300492,-0.402251,0.90057,-0.164963,-0.904033,-0.419111,-0.083919,-0.14422,0.114252,0.982942,-0.036217,-0.061605,0.014603,-0.66209,-0.882506,-1.849098,-1.104983,-0.105403,0.042339,0.355173,-0.074162,-0.018264,0.997075,-0.685671,0.726896,-0.03757,-0.723954,-0.686419,-0.06769,2e-06,-1.1e-05,-7e-06,-0.009509,0.037247,0.023465,0.446706,0.036825,0.039057,-0.00702,0.202407,-0.071482,0.976689,0.719063,-0.666207,-0.197776,0.664815,0.742332,-0.083445,-3e-06,1.6e-05,9e-06,-0.019633,0.007914,0.004185,0.421492,0.120183,0.069261,-0.092596,-0.476542,0.870111,-0.12575,-0.86817,-0.488288,-0.088631,-0.138521,0.066937,0.988094,-0.012338,-0.036662,0.010248,-0.03325,-1.093245,-1.555926,-0.886033
943,0.163966,0.091618,0.301413,-0.434035,0.869931,-0.234263,-0.879977,-0.465034,-0.096724,-0.192551,0.163079,0.967655,-0.036707,-0.083427,0.028554,1.374455,-2.535176,-1.454054,-1.086313,-0.105345,0.042445,0.355097,-0.076398,-0.026717,0.996715,-0.687154,0.725711,-0.033102,-0.722311,-0.687383,-0.075061,8.7e-05,-0.000393,-0.00026,-0.035936,0.14079,0.088759,0.445036,0.036853,0.039112,-0.007057,0.203988,-0.063181,0.976932,0.720915,-0.66544,-0.193567,0.66232,0.743771,-0.090194,-0.000911,0.005257,-0.004235,-0.0087,0.157217,0.12317,0.421655,0.11945,0.067806,-0.092143,-0.507911,0.839219,-0.194257,-0.840598,-0.532143,-0.101081,-0.188202,0.111952,0.975728,-0.01826,-0.035195,0.011634,-0.095184,-1.074345,-1.50514,-0.870684
944,0.162444,0.088536,0.302565,-0.463901,0.835,-0.296001,-0.853073,-0.511094,-0.104983,-0.238375,0.202767,0.949784,-0.036941,-0.080455,0.031166,-0.183143,-0.870566,-1.336199,-1.086681,-0.105384,0.042681,0.354883,-0.079719,-0.037954,0.99609,-0.68884,0.724349,-0.027414,-0.72034,-0.688275,-0.085146,-0.001703,0.009976,-0.008817,-0.071048,0.41537,0.286616,0.434925,0.036833,0.03923,-0.007164,0.206321,-0.052683,0.977064,0.722956,-0.664681,-0.188502,0.659367,0.745267,-0.09905,-0.000842,0.004948,-0.004434,-0.05381,0.511809,0.348483,0.414144,0.118703,0.066293,-0.09158,-0.536315,0.803846,-0.257287,-0.809741,-0.576035,-0.111811,-0.238085,0.14837,0.959844,-0.018411,-0.039492,0.016145,-0.550827,-0.368576,-1.306123,-0.865133
945,0.161662,0.086986,0.303226,-0.475649,0.817325,-0.325245,-0.840699,-0.531123,-0.105383,-0.258293,0.222288,0.94016,-0.037157,-0.090354,0.039111,-0.250664,-1.120574,-1.208809,-1.083531,-0.105458,0.042895,0.354659,-0.081321,-0.043658,0.995727,-0.689392,0.72393,-0.024446,-0.719631,-0.68837,-0.090226,-0.003401,0.019937,-0.017634,-0.018417,0.345412,0.267127,0.427359,0.036798,0.039328,-0.007265,0.207475,-0.047314,0.977095,0.723839,-0.66446,-0.185875,0.658035,0.745824,-0.103612,-0.000632,0.004006,-0.005052,-0.064832,0.641398,0.397112,0.406959,0.118299,0.06549,-0.091242,-0.547241,0.785769,-0.288258,-0.795126,-0.595613,-0.114097,-0.261344,0.166763,0.95073,-0.024383,-0.03877,0.016931,1.557859,-2.007317,-0.734573,-0.861867
946,0.159898,0.083376,0.304854,-0.489453,0.786204,-0.377313,-0.819599,-0.562459,-0.108941,-0.297272,0.254942,0.920142,-0.049777,-0.101978,0.04643,1.25218,-2.352233,-0.626724,-1.054275,-0.105628,0.043472,0.354031,-0.085068,-0.054619,0.994873,-0.685766,0.727539,-0.01858,-0.722651,-0.683753,-0.100603,-0.002993,0.018089,-0.018831,0.026125,0.17076,0.157205,0.411659,0.036712,0.03962,-0.007582,0.210646,-0.034518,0.976952,0.721616,-0.668692,-0.179218,0.659466,0.742737,-0.115949,-0.001394,0.008619,-0.009694,0.011301,0.204567,0.145078,0.386711,0.117422,0.063694,-0.090427,-0.560411,0.755331,-0.339725,-0.771456,-0.625304,-0.11768,-0.301319,0.196134,0.933132,-0.024843,-0.050479,0.023624,0.075471,-0.644626,-0.563033,-0.846844
947,0.158079,0.079305,0.306825,-0.4904,0.75899,-0.428355,-0.802793,-0.584648,-0.11697,-0.338613,0.285571,0.896559,-0.050338,-0.110177,0.056343,-0.198594,-0.92883,-0.757597,-1.048905,-0.105761,0.044182,0.353198,-0.090329,-0.06743,0.993622,-0.673564,0.739002,-0.010966,-0.7334,-0.670166,-0.113426,-0.002476,0.015739,-0.020359,0.017502,0.211355,0.149848,0.40416,0.036645,0.039977,-0.007997,0.214919,-0.021161,0.976402,0.711221,-0.681771,-0.171325,0.669308,0.731259,-0.131476,-0.001258,0.008019,-0.010082,0.00272,0.208116,0.184245,0.371035,0.116513,0.061658,-0.089448,-0.559326,0.729772,-0.393174,-0.752567,-0.645902,-0.128268,-0.347559,0.224146,0.910472,-0.025024,-0.048759,0.025254,1.191676,-2.492196,-0.336059,-0.83574
948,0.15609,0.075171,0.309049,-0.472359,0.728702,-0.495899,-0.784596,-0.603926,-0.140197,-0.401068,0.321947,0.857626,-0.050879,-0.108314,0.058561,-0.513177,-0.45573,-0.590641,-1.019818,-0.105888,0.044831,0.352292,-0.093991,-0.084129,0.992007,-0.666175,0.745751,0.000241,-0.739657,-0.660714,-0.127391,-0.00197,0.013442,-0.021863,-0.099156,0.716831,0.240679,0.401724,0.036581,0.040303,-0.008449,0.216654,-0.006557,0.976226,0.705228,-0.690423,-0.161149,0.675065,0.723375,-0.144959,-0.00194,0.012246,-0.014955,0.054819,0.078087,0.086819,0.364014,0.115519,0.059593,-0.088335,-0.539735,0.702718,-0.463542,-0.732885,-0.663159,-0.151982,-0.414203,0.257694,0.872943,-0.025436,-0.054069,0.029362,-0.181431,-1.053624,-0.516357,-0.832801
949,0.155107,0.072953,0.310232,-0.46171,0.714563,-0.525613,-0.779709,-0.609412,-0.143676,-0.422414,0.342596,0.839179,-0.05146,-0.110341,0.057447,-0.113366,-1.178112,-0.134079,-1.019905,-0.105925,0.045142,0.35184,-0.094048,-0.090028,0.991484,-0.661849,0.749574,0.005398,-0.743522,-0.655584,-0.131332,-0.002194,0.014456,-0.021179,0.049865,0.060992,0.382245,0.399822,0.036564,0.040454,-0.008678,0.217136,0.001789,0.976139,0.702457,-0.694646,-0.154985,0.677794,0.719349,-0.15209,-0.001889,0.012011,-0.015102,0.122567,-0.166242,0.781856,0.361727,0.115029,0.058491,-0.087738,-0.529067,0.690499,-0.493252,-0.727663,-0.668209,-0.154921,-0.436569,0.276958,0.855979,-0.025825,-0.060778,0.03227,1.095843,-2.720678,0.203272,-0.828719
950,0.152852,0.068113,0.312734,-0.454159,0.682384,-0.572833,-0.761328,-0.631147,-0.14834,-0.462209,0.367892,0.806874,-0.065307,-0.135056,0.071163,-0.478012,-0.73595,0.420501,-1.069289,-0.106011,0.045716,0.350998,-0.097493,-0.101166,0.990077,-0.657717,0.753121,0.012304,-0.746733,-0.649855,-0.141212,-0.002264,0.014768,-0.020951,0.034214,0.191936,-0.097175,0.398142,0.03652,0.040746,-0.009107,0.219471,0.013561,0.975524,0.699696,-0.699005,-0.1477,0.679894,0.714987,-0.162901,-0.001126,0.007431,-0.010442,0.021709,0.131741,-0.137027,0.357155,0.113906,0.056079,-0.086493,-0.519865,0.659916,-0.542446,-0.707152,-0.688692,-0.160118,-0.479244,0.300352,0.824689,-0.032449,-0.061061,0.032679,-0.294592,-0.723312,0.35665,-0.852396
951,0.150017,0.063111,0.315527,-0.438309,0.661069,-0.60903,-0.748868,-0.643253,-0.159355,-0.496568,0.385411,0.777757,-0.078564,-0.132218,0.074588,-0.566551,-1.145438,0.724455,-1.079926,-0.106087,0.046265,0.35029,-0.098597,-0.113342,0.988647,-0.658306,0.752421,0.020724,-0.746067,-0.648639,-0.150048,-0.000862,0.006159,-0.011287,0.008568,0.105124,0.093137,0.398422,0.036483,0.041018,-0.009464,0.219595,0.025748,0.975251,0.701295,-0.699097,-0.139452,0.678205,0.714562,-0.171575,-0.000427,0.003128,-0.00561,-0.001386,0.056839,0.061284,0.355849,0.112464,0.053526,-0.085071,-0.50242,0.642608,-0.57847,-0.694282,-0.69859,-0.17304,-0.515311,0.314683,0.797137,-0.039302,-0.066155,0.03731,-0.635917,-1.219895,0.661353,-0.871338
952,0.148478,0.060518,0.317025,-0.432193,0.653002,-0.621968,-0.741978,-0.649438,-0.166343,-0.512021,0.388778,0.765972,-0.079431,-0.142578,0.083122,-0.406391,-0.856275,0.965929,-1.084142,-0.106137,0.04652,0.349987,-0.0972,-0.120004,0.987999,-0.658675,0.751911,0.026644,-0.745926,-0.648022,-0.153376,-0.00113,0.007375,-0.010468,-0.024448,0.237047,0.180006,0.398665,0.036458,0.041141,-0.009611,0.217522,0.031465,0.975548,0.702182,-0.699271,-0.134015,0.677955,0.714163,-0.174202,-0.001494,0.009077,-0.009326,0.005588,0.330715,0.22229,0.355849,0.111724,0.05228,-0.084356,-0.496793,0.634307,-0.592326,-0.686421,-0.704815,-0.179057,-0.531058,0.317631,0.785549,-0.039553,-0.065483,0.038089,-0.280519,-0.791654,0.911433,-0.86301
953,0.145089,0.055437,0.320244,-0.41878,0.633696,-0.65046,-0.726466,-0.663517,-0.178784,-0.544373,0.396874,0.739037,-0.092157,-0.124242,0.082391,-0.327439,-0.879544,0.851621,-1.095306,-0.106242,0.047031,0.349512,-0.095682,-0.126843,0.987293,-0.658454,0.751858,0.032899,-0.74632,-0.646772,-0.156706,-0.001825,0.010526,-0.008345,0.031969,0.011241,0.03182,0.401643,0.036406,0.041399,-0.009854,0.215643,0.038897,0.975697,0.703084,-0.699581,-0.127503,0.67762,0.713493,-0.178208,-0.000938,0.005423,-0.004064,0.026549,-0.026856,0.006374,0.357808,0.109999,0.049683,-0.082718,-0.481351,0.617501,-0.622087,-0.670495,-0.716522,-0.192432,-0.564567,0.324479,0.758931,-0.046102,-0.062056,0.041318,-0.305332,-0.821331,0.888631,-0.864153
954,0.141129,0.050586,0.323624,-0.404446,0.615646,-0.676349,-0.713666,-0.674872,-0.187619,-0.57146,0.406036,0.713159,-0.105738,-0.119704,0.086902,0.372113,-1.208605,0.561296,-1.101522,-0.106366,0.047562,0.349201,-0.0912,-0.134548,0.986697,-0.658349,0.751511,0.041743,-0.746979,-0.645606,-0.158362,-0.002342,0.01287,-0.006764,0.03139,0.013477,0.033337,0.402361,0.036344,0.041661,-0.010006,0.210643,0.046207,0.97647,0.704076,-0.700124,-0.118753,0.678164,0.712523,-0.180009,-0.001234,0.006746,-0.003173,0.025367,-0.016705,0.011149,0.359605,0.108059,0.047303,-0.08106,-0.466914,0.601988,-0.647765,-0.657063,-0.726415,-0.201463,-0.591825,0.331557,0.734718,-0.059274,-0.059977,0.043484,2.362667,-2.248068,0.465618,-0.862683
955,0.136623,0.045968,0.326992,-0.386144,0.601461,-0.699416,-0.705132,-0.681251,-0.196616,-0.594261,0.416507,0.688042,-0.119601,-0.107194,0.081124,-0.421135,-0.61025,0.405569,-1.104499,-0.106448,0.04811,0.348967,-0.087221,-0.136053,0.986851,-0.657251,0.752239,0.045734,-0.748423,-0.64444,-0.156277,-0.002639,0.014218,-0.005854,0.036207,-0.005669,0.020689,0.402252,0.036303,0.041936,-0.010122,0.206575,0.046989,0.977301,0.703509,-0.701323,-0.114984,0.680001,0.711293,-0.177933,-0.001384,0.007423,-0.002718,0.04077,-0.02201,0.043224,0.359605,0.105812,0.044994,-0.07937,-0.447305,0.589878,-0.67228,-0.647701,-0.731999,-0.211326,-0.616766,0.34091,0.709492,-0.060137,-0.059717,0.04408,-0.436976,-0.754259,0.560072,-0.862683
956,0.134206,0.043762,0.32865,-0.382254,0.590961,-0.710417,-0.696342,-0.68955,-0.198997,-0.606999,0.417888,0.675979,-0.133695,-0.117107,0.090179,-0.255032,-0.796036,-0.221074,-1.10568,-0.106503,0.048359,0.348869,-0.083986,-0.137185,0.986974,-0.656681,0.752541,0.048836,-0.749296,-0.643846,-0.154535,-0.002564,0.013876,-0.006081,0.03621,-0.005685,0.020678,0.402193,0.036275,0.042062,-0.01017,0.203311,0.047839,0.977944,0.703337,-0.701996,-0.111881,0.681161,0.710572,-0.176371,-0.00135,0.007261,-0.002825,0.038149,-0.005108,0.018683,0.359768,0.104609,0.043895,-0.078545,-0.442715,0.582005,-0.682108,-0.63878,-0.738567,-0.215586,-0.629255,0.340274,0.698748,-0.060278,-0.053649,0.040744,0.824224,-0.070346,-0.605334,-0.859254
957,0.129191,0.039632,0.331942,-0.368291,0.57689,-0.729113,-0.685807,-0.698018,-0.205944,-0.62729,0.423461,0.653618,-0.121049,-0.092561,0.076742,0.006403,-0.406522,0.164497,-1.107211,-0.106592,0.048832,0.348725,-0.077203,-0.139517,0.987201,-0.655629,0.753014,0.055264,-0.750953,-0.642788,-0.150852,-0.002657,0.014298,-0.005794,0.036215,-0.005705,0.020665,0.402308,0.036231,0.042294,-0.01024,0.196495,0.049598,0.979249,0.703129,-0.703195,-0.105473,0.683372,0.709264,-0.173048,-0.000472,0.002155,0.001441,0.003492,-0.014366,0.021798,0.359931,0.102096,0.041819,-0.076895,-0.427542,0.567756,-0.703463,-0.627606,-0.746491,-0.221045,-0.650629,0.346991,0.675483,-0.067307,-0.051579,0.042597,0.846098,-0.070522,-0.608795,-0.859254
958,0.124031,0.035991,0.335182,-0.349923,0.563342,-0.748495,-0.677017,-0.704264,-0.213617,-0.64705,0.43129,0.628763,-0.121741,-0.088068,0.080487,-0.36988,-0.900777,-0.060363,-1.105611,-0.106656,0.049215,0.348635,-0.074381,-0.143548,0.98684,-0.655478,0.752767,0.06021,-0.751373,-0.642184,-0.15133,-0.002577,0.013934,-0.006035,0.036158,-0.005487,0.02081,0.402207,0.036197,0.042498,-0.010288,0.193381,0.05349,0.979664,0.703568,-0.703488,-0.100471,0.683808,0.70869,-0.173676,-0.001284,0.006959,-0.003021,0.036087,-0.00908,0.014597,0.360258,0.09947,0.039961,-0.075248,-0.408728,0.5585,-0.721815,-0.618548,-0.751061,-0.230876,-0.671073,0.352112,0.652439,-0.060896,-0.043987,0.040372,-0.359661,-0.850859,-0.029711,-0.852722
959,0.121492,0.034481,0.336705,-0.341308,0.559503,-0.755322,-0.674149,-0.705629,-0.218134,-0.654606,0.434049,0.618966,-0.133868,-0.071691,0.076615,-0.360068,-0.582679,0.246867,-1.105067,-0.106696,0.049372,0.348602,-0.073936,-0.143738,0.986846,-0.655246,0.752929,0.060691,-0.751619,-0.641951,-0.151098,-0.002435,0.013289,-0.006464,0.036219,-0.005723,0.020653,0.402511,0.036178,0.042571,-0.010302,0.192959,0.053579,0.979742,0.703411,-0.703705,-0.100053,0.68409,0.708468,-0.173475,-0.000317,0.001449,0.000967,0.000912,-0.000631,-0.001046,0.360258,0.09825,0.039231,-0.074518,-0.399928,0.554208,-0.730006,-0.615286,-0.752668,-0.234333,-0.679323,0.355447,0.64201,-0.060651,-0.037224,0.037359,-0.357818,-0.685807,0.226336,-0.850436
960,0.116494,0.032109,0.339443,-0.32819,0.547503,-0.769789,-0.662284,-0.714394,-0.225817,-0.673168,0.435023,0.598019,-0.132895,-0.046345,0.062984,-0.200336,-0.625529,0.145842,-1.105648,-0.106747,0.049592,0.348555,-0.070908,-0.147758,0.986474,-0.655326,0.752439,0.065715,-0.751846,-0.641608,-0.151429,-0.000253,0.001148,0.000765,-0.000115,0.000444,0.000297,0.402289,0.036151,0.042687,-0.010327,0.189646,0.057461,0.980169,0.704097,-0.703723,-0.094976,0.68431,0.708146,-0.173916,-0.000134,0.000617,0.000414,-0.000822,-0.005722,-0.006701,0.360421,0.095751,0.038038,-0.073142,-0.386153,0.544299,-0.74473,-0.603032,-0.759898,-0.242706,-0.698024,0.355374,0.621667,-0.060165,-0.024647,0.030487,0.023964,-0.680525,-0.159875,-0.855988
961,0.11172,0.030493,0.341631,-0.31103,0.542435,-0.780429,-0.662179,-0.712669,-0.231504,-0.681383,0.444101,0.581823,-0.119072,-0.025327,0.045906,-0.215859,-0.515018,0.188235,-1.101303,-0.106799,0.049712,0.348545,-0.070134,-0.148021,0.98649,-0.655169,0.75251,0.066451,-0.752055,-0.641463,-0.151001,-0.000316,0.001434,0.000955,-0.0,0.0,0.0,0.402353,0.036126,0.042745,-0.010333,0.188874,0.057571,0.980312,0.704017,-0.703894,-0.094303,0.684606,0.707968,-0.173479,-0.000189,0.000861,0.000574,0.00074,-0.000204,-0.000242,0.360421,0.093359,0.037225,-0.07204,-0.368801,0.541026,-0.755827,-0.603189,-0.757981,-0.248247,-0.707212,0.364353,0.605885,-0.053301,-0.014414,0.021752,-0.24856,-0.625126,0.116099,-0.855008
962,0.107638,0.029856,0.343037,-0.301798,0.541797,-0.784487,-0.659316,-0.712918,-0.238793,-0.688284,0.44448,0.57335,-0.104705,-0.004437,0.028649,-0.079589,-0.082806,0.052952,-1.099612,-0.106824,0.049738,0.348553,-0.06925,-0.148285,0.986513,-0.655148,0.752459,0.067231,-0.752157,-0.641461,-0.150502,-4.8e-05,0.00022,0.000146,-0.0,0.0,0.0,0.403144,0.036114,0.042759,-0.010328,0.187987,0.057758,0.980471,0.704076,-0.703937,-0.093526,0.684789,0.707909,-0.172998,-1.8e-05,8.4e-05,5.5e-05,0.000527,-6.5e-05,-7.7e-05,0.360911,0.091313,0.036899,-0.071329,-0.35915,0.540849,-0.760586,-0.600577,-0.757736,-0.255229,-0.714365,0.365125,0.596963,-0.04591,-0.003193,0.013717,-0.072759,-0.175767,0.27052,-0.850273
963,0.105786,0.029848,0.343485,-0.297642,0.543147,-0.785141,-0.6611,-0.710526,-0.240979,-0.688388,0.446652,0.571534,-0.091012,0.00452,0.018959,-0.038417,-0.093336,0.112428,-1.100139,-0.106821,0.049723,0.348554,-0.068856,-0.148397,0.986524,-0.655167,0.752413,0.067569,-0.752177,-0.64149,-0.150279,6.2e-05,-0.00028,-0.000187,0.015749,-0.107291,0.166703,0.404193,0.036115,0.042751,-0.010328,0.187593,0.057837,0.980542,0.704129,-0.703929,-0.09319,0.684842,0.707911,-0.172777,4.2e-05,-0.000189,-0.000125,0.016187,-0.107346,0.166644,0.361564,0.090347,0.036894,-0.071094,-0.355136,0.542833,-0.761058,-0.602701,-0.755286,-0.257474,-0.714582,0.367252,0.595395,-0.045537,0.002234,0.009519,-0.037848,-0.086726,0.117736,-0.850763
964,0.102543,0.030327,0.343925,-0.293958,0.541399,-0.787732,-0.661966,-0.709763,-0.240853,-0.689142,0.449974,0.568009,-0.077179,0.013659,0.009359,-0.019314,-0.077919,-0.047376,-1.100817,-0.106813,0.049688,0.34852,-0.068682,-0.148454,0.986527,-0.655147,0.752416,0.06773,-0.75221,-0.641474,-0.150182,0.000365,-0.001657,-0.001104,-0.0,0.0,0.0,0.409429,0.036119,0.042732,-0.010341,0.187411,0.057874,0.980574,0.704139,-0.70394,-0.093031,0.684882,0.707896,-0.172678,6.8e-05,-0.000312,-0.000208,0.000294,-3.7e-05,-3.7e-05,0.365483,0.088783,0.037118,-0.070878,-0.351346,0.54141,-0.763825,-0.603639,-0.754622,-0.257223,-0.715663,0.370701,0.59195,-0.038611,0.006792,0.004706,-0.023013,-0.087466,-0.052034,-0.851089
965,0.100002,0.031266,0.343973,-0.295833,0.534906,-0.791457,-0.660048,-0.713347,-0.235468,-0.690176,0.452071,0.56508,-0.062438,0.02542,0.001832,0.011495,-0.01571,-0.177441,-1.102034,-0.106882,0.04966,0.348497,-0.068629,-0.148456,0.986531,-0.655124,0.752432,0.06777,-0.752235,-0.641454,-0.150141,2e-05,-8.9e-05,-5.9e-05,-0.0,0.0,0.0,0.409687,0.036085,0.042718,-0.010358,0.187367,0.057873,0.980583,0.704098,-0.703987,-0.092988,0.684937,0.70785,-0.172652,4e-06,-1.8e-05,-9e-06,0.000201,-3.5e-05,-1.2e-05,0.368422,0.087454,0.037599,-0.070852,-0.352637,0.534776,-0.767893,-0.601337,-0.758245,-0.251907,-0.716966,0.372931,0.588966,-0.031188,0.012842,0.001061,0.017185,0.014265,-0.156253,-0.851579
966,0.098869,0.031874,0.343948,-0.297467,0.531339,-0.793245,-0.658667,-0.715622,-0.232411,-0.69079,0.452686,0.563837,-0.049072,0.024724,0.001457,0.020785,0.002674,-0.126781,-1.102425,-0.106928,0.049652,0.348485,-0.068466,-0.148498,0.986536,-0.655103,0.752438,0.067912,-0.752269,-0.641437,-0.150044,7e-06,-3e-05,-2e-05,-0.0,0.0,0.0,0.409427,0.036062,0.042714,-0.010364,0.187203,0.057901,0.980612,0.704093,-0.704011,-0.092846,0.684986,0.707824,-0.172561,-0.000991,0.005623,-0.00391,0.036387,-0.005769,0.020597,0.368259,0.086905,0.037892,-0.070866,-0.353896,0.531141,-0.769835,-0.599773,-0.760456,-0.248952,-0.717655,0.373623,0.587686,-0.030273,0.019653,-0.002055,0.060462,0.015606,-0.093447,-0.852069
967,0.096852,0.033273,0.343875,-0.30109,0.521848,-0.798163,-0.65662,-0.720371,-0.223356,-0.691164,0.456187,0.560546,-0.046555,0.040228,-0.003346,-0.128872,-0.048626,-0.336201,-1.104235,-0.106949,0.049666,0.348472,-0.067915,-0.148667,0.986548,-0.655062,0.752429,0.068407,-0.752355,-0.641409,-0.149733,0.0,-0.0,-0.0,-0.0,0.0,0.0,0.414588,0.036051,0.042721,-0.01037,0.18665,0.058025,0.980711,0.704112,-0.704056,-0.092351,0.685117,0.707769,-0.172269,-1e-06,1.1e-05,8e-06,0.000112,-7e-06,-1.5e-05,0.370055,0.085895,0.038584,-0.070902,-0.356858,0.522084,-0.774647,-0.597185,-0.765169,-0.24059,-0.718345,0.376752,0.584838,-0.023258,0.020187,-0.001584,-0.534962,0.24631,-0.786357,-0.84864
968,0.095177,0.034732,0.343863,-0.303812,0.515214,-0.801435,-0.655016,-0.723755,-0.217036,-0.691492,0.458371,0.558357,-0.032797,0.040415,-0.00304,0.035063,-0.124625,-0.108355,-1.104055,-0.10692,0.049664,0.348468,-0.067725,-0.148731,0.986552,-0.655062,0.752412,0.06858,-0.752372,-0.641413,-0.14963,7.3e-05,-0.000334,-0.000222,-0.0,0.0,0.0,0.418159,0.036066,0.042721,-0.010372,0.186458,0.058073,0.980744,0.704132,-0.704059,-0.092179,0.685149,0.707762,-0.172169,5e-05,-0.000212,-0.00014,7.8e-05,-9e-06,-4e-06,0.376424,0.085052,0.039314,-0.070908,-0.359141,0.515026,-0.778309,-0.595238,-0.768718,-0.234014,-0.718824,0.379235,0.582641,-0.022674,0.021774,-0.00042,0.030848,-0.12627,-0.145878,-0.849783
969,0.093897,0.036142,0.343964,-0.307745,0.508555,-0.804183,-0.654531,-0.72654,-0.209044,-0.690206,0.461394,0.557456,-0.019118,0.040507,-0.002799,0.035946,-0.138968,-0.078853,-1.104857,-0.106892,0.049622,0.348462,-0.073497,-0.146894,0.986414,-0.655474,0.752513,0.063339,-0.751465,-0.64172,-0.152838,0.000218,-0.000994,-0.000663,-0.0,0.0,-0.0,0.418696,0.036079,0.0427,-0.010375,0.192307,0.056688,0.979695,0.703856,-0.703625,-0.097449,0.683815,0.708305,-0.175213,0.00012,-0.000534,-0.000355,0.000498,-0.002413,0.003968,0.37871,0.084408,0.04002,-0.070856,-0.362575,0.508168,-0.781218,-0.594397,-0.771724,-0.226124,-0.717795,0.382368,0.581862,-0.016365,0.016345,0.00377,-0.002187,-0.139839,-0.108354,-0.847171
970,0.093412,0.036765,0.344066,-0.309525,0.505373,-0.805505,-0.654495,-0.72769,-0.205121,-0.689442,0.463077,0.557006,-0.020125,0.029634,0.005389,-0.003642,-0.139472,-0.106984,-1.103908,-0.106894,0.049585,0.348427,-0.076414,-0.145972,0.986329,-0.655629,0.752595,0.060704,-0.751035,-0.641835,-0.154457,0.000538,-0.002447,-0.001632,-0.00109,0.003482,-0.005635,0.41802,0.036078,0.042686,-0.01039,0.195238,0.056,0.979155,0.703669,-0.703443,-0.100077,0.683176,0.708541,-0.176744,0.000198,-0.000904,-0.000605,-0.012069,0.038254,-0.061935,0.37871,0.084166,0.040338,-0.070807,-0.364132,0.504985,-0.782557,-0.5942,-0.772981,-0.222318,-0.71717,0.384043,0.581529,-0.009929,0.015268,0.003053,-0.009184,-0.192167,-0.101734,-0.847987
971,0.092686,0.03781,0.344414,-0.314069,0.503846,-0.804702,-0.655022,-0.728492,-0.200545,-0.68688,0.463481,0.559829,-0.020425,0.02102,0.015212,-0.001905,-0.002106,-0.010873,-1.102883,-0.106875,0.049465,0.348313,-0.076667,-0.145909,0.986319,-0.655569,0.752663,0.060503,-0.751061,-0.64177,-0.154602,0.001031,-0.00469,-0.003133,-0.002282,0.015551,-0.024152,0.417163,0.036086,0.042628,-0.010445,0.195432,0.055972,0.979118,0.703595,-0.703497,-0.100222,0.683197,0.70849,-0.176867,0.000508,-0.002303,-0.00154,-0.002262,0.015459,-0.024012,0.377077,0.083803,0.040862,-0.070637,-0.368506,0.503056,-0.781752,-0.594587,-0.773976,-0.217772,-0.71461,0.38457,0.584326,-0.010259,0.010379,0.007525,0.002337,-0.002971,-0.005617,-0.845048
972,0.092184,0.038587,0.345016,-0.319017,0.502423,-0.803645,-0.656111,-0.72893,-0.195327,-0.683548,0.464339,0.563187,-0.007343,0.019733,0.014381,-0.001017,-0.016695,0.018601,-1.103018,-0.106773,0.049406,0.348161,-0.076488,-0.146027,0.986315,-0.655401,0.752791,0.060744,-0.751227,-0.641593,-0.154531,-0.001234,0.007839,-0.0101,0.036225,-0.005754,0.020634,0.41487,0.03614,0.042588,-0.010522,0.195281,0.056064,0.979143,0.703481,-0.703641,-0.100013,0.683358,0.70834,-0.176848,0.006514,-0.00074,-0.001101,-0.000237,0.00036,0.005082,0.37577,0.083551,0.041249,-0.070343,-0.37334,0.501183,-0.78066,-0.595527,-0.774704,-0.212556,-0.711311,0.385549,0.587696,-0.010007,0.011082,0.007998,0.001392,0.119219,-0.198098,-0.844721
973,0.092034,0.038925,0.345395,-0.323603,0.501299,-0.802512,-0.657433,-0.729049,-0.190375,-0.68011,0.465365,0.566492,-0.007681,0.011317,0.024345,-0.047607,0.015333,-0.009862,-1.103364,-0.106689,0.049423,0.348084,-0.076211,-0.146166,0.986316,-0.65527,0.752879,0.061057,-0.751369,-0.641458,-0.1544,0.000569,-0.002582,-0.001728,0.0,0.0,0.0,0.412883,0.036177,0.0426,-0.010564,0.194986,0.056185,0.979195,0.703382,-0.703787,-0.099681,0.683544,0.708185,-0.176749,-0.000797,0.004749,-0.004497,0.036229,-0.005741,0.020626,0.374464,0.083474,0.041412,-0.070157,-0.377653,0.499705,-0.779533,-0.596788,-0.775048,-0.207709,-0.707969,0.386774,0.590917,-0.00396,0.005303,0.011924,-0.184783,0.149043,-0.158433,-0.844884
974,0.091901,0.039543,0.346268,-0.329399,0.500139,-0.800877,-0.660028,-0.728463,-0.183515,-0.674789,0.467525,0.571058,0.005992,0.01225,0.025096,-0.076036,0.013695,0.011771,-1.103742,-0.106449,0.049627,0.347929,-0.075218,-0.146643,0.986321,-0.654842,0.753161,0.062155,-0.751842,-0.641017,-0.153924,0.012247,0.002046,0.000156,0.002045,-0.015205,0.029245,0.406582,0.036294,0.042693,-0.010641,0.194033,0.056564,0.979362,0.703129,-0.704187,-0.098635,0.684075,0.707757,-0.176408,0.006124,0.001036,8.3e-05,0.002051,-0.015216,0.029256,0.369076,0.0834,0.041729,-0.069715,-0.38343,0.497934,-0.777844,-0.599261,-0.774985,-0.200705,-0.702757,0.389176,0.595545,-0.00334,0.007275,0.013303,-0.185619,0.149517,-0.159362,-0.849947
975,0.091925,0.040028,0.347391,-0.330768,0.500231,-0.800254,-0.662025,-0.727268,-0.181041,-0.672158,0.46928,0.57272,0.005638,0.00391,0.034985,-0.068339,-0.00722,0.042439,-1.104521,-0.106063,0.049952,0.347816,-0.074188,-0.15016,0.98587,-0.654985,0.752755,0.065482,-0.751822,-0.640676,-0.155442,0.012071,0.002818,0.000672,-0.000555,-0.005497,0.035768,0.410481,0.03649,0.042862,-0.010699,0.192755,0.060303,0.979391,0.703675,-0.704123,-0.095137,0.683875,0.707512,-0.178157,0.005025,0.007101,-0.003529,0.030339,-0.033637,0.042745,0.368422,0.083413,0.041976,-0.069157,-0.384805,0.497882,-0.777198,-0.601305,-0.774058,-0.198153,-0.700254,0.391083,0.59724,0.003437,0.007624,0.013558,-0.030884,-0.030083,0.060634,-0.851906
976,0.09212,0.040356,0.348685,-0.334507,0.49991,-0.798899,-0.66495,-0.72587,-0.175858,-0.667401,0.471777,0.576219,0.005941,0.004968,0.03557,-0.068753,0.100736,-0.124612,-1.101115,-0.105726,0.050194,0.347642,-0.075585,-0.15888,0.984396,-0.656317,0.751098,0.070949,-0.750519,-0.640505,-0.16229,0.00057,-0.002545,-0.001706,-0.136371,0.513827,0.311204,0.409357,0.036662,0.042989,-0.010783,0.192969,0.0669,0.97892,0.704999,-0.703357,-0.090905,0.682449,0.707681,-0.182891,0.000293,-0.001305,-0.000879,-0.142411,0.482071,0.291806,0.369075,0.083513,0.042144,-0.068494,-0.388456,0.497224,-0.775802,-0.604303,-0.773055,-0.19288,-0.695643,0.393894,0.600772,0.002978,0.002565,0.017842,-0.064443,0.09673,-0.12028,-0.849293
977,0.092265,0.040474,0.349345,-0.333178,0.498182,-0.800533,-0.665973,-0.725316,-0.174265,-0.667048,0.474449,0.574433,0.005742,0.004362,0.035051,-0.081087,-0.057412,0.010764,-1.100686,-0.105585,0.050318,0.347514,-0.075994,-0.16185,0.98388,-0.656605,0.750661,0.072886,-0.750225,-0.64027,-0.16456,-0.001353,0.008333,-0.009755,-0.007174,0.155229,0.12908,0.408038,0.036733,0.043047,-0.010843,0.193508,0.07195,0.978456,0.705965,-0.702764,-0.087941,0.681297,0.707774,-0.186785,0.006474,-0.000534,-0.000972,-0.051635,0.202154,0.140617,0.368423,0.083584,0.042204,-0.068176,-0.386917,0.49544,-0.77771,-0.605266,-0.772733,-0.191144,-0.695663,0.396765,0.598857,0.00282,0.002074,0.01745,-0.077152,-0.044571,0.020209,-0.847334
978,0.092623,0.040485,0.350717,-0.330879,0.494696,-0.803642,-0.668245,-0.724084,-0.170655,-0.665923,0.479944,0.571164,0.005083,0.002295,0.03344,-0.117656,-0.19833,-0.078982,-1.100745,-0.105344,0.050645,0.34714,-0.077956,-0.170476,0.982269,-0.657505,0.749359,0.077989,-0.749233,-0.639544,-0.171746,-0.001191,0.007604,-0.010239,0.021872,0.047389,0.056525,0.405421,0.03685,0.043206,-0.011027,0.194661,0.081398,0.977487,0.707681,-0.701699,-0.082498,0.679186,0.707808,-0.194197,-0.001615,0.009505,-0.008967,0.044057,0.017117,0.063571,0.36532,0.083765,0.042214,-0.067486,-0.384514,0.492677,-0.780652,-0.607603,-0.771726,-0.187766,-0.694958,0.402128,0.596091,0.008646,-0.000496,0.015618,-0.135752,-0.270855,-0.120796,-0.844395
979,0.093077,0.040232,0.352031,-0.324497,0.487448,-0.810642,-0.670236,-0.72318,-0.166628,-0.667067,0.488642,0.562385,0.016384,-0.003971,0.029053,-0.105382,-0.26557,0.119595,-1.101266,-0.105217,0.051046,0.34662,-0.080215,-0.179063,0.980558,-0.658065,0.748334,0.082939,-0.748499,-0.638385,-0.1791,-0.002651,0.016382,-0.019675,0.056046,0.056284,0.052512,0.39595,0.036916,0.043415,-0.011293,0.196237,0.09025,0.976393,0.708831,-0.701089,-0.077659,0.677531,0.707338,-0.201552,-0.001301,0.008121,-0.009886,0.048349,0.010521,0.024613,0.358788,0.083988,0.042092,-0.066826,-0.377566,0.485655,-0.788404,-0.609505,-0.771315,-0.183237,-0.697099,0.411353,0.587231,0.001342,-0.006301,0.019385,-0.144645,-0.135236,-0.070837,-0.839169
980,0.093249,0.040074,0.352659,-0.317041,0.482366,-0.816611,-0.670482,-0.722918,-0.166778,-0.670404,0.494044,0.55363,0.003272,-0.003567,0.029201,-0.192071,-0.477259,-0.28781,-1.103184,-0.105197,0.051282,0.346301,-0.078121,-0.182916,0.980015,-0.657654,0.748195,0.08734,-0.749084,-0.63745,-0.179982,-0.000656,0.005231,-0.011828,0.02874,0.029055,0.00977,0.390006,0.036924,0.043522,-0.011443,0.193671,0.093917,0.97656,0.709091,-0.701308,-0.073181,0.677997,0.706644,-0.202418,-0.001282,0.008038,-0.009937,0.05657,-0.006928,0.006413,0.351603,0.084078,0.042015,-0.066523,-0.370319,0.483474,-0.793168,-0.60991,-0.770585,-0.18495,-0.700622,0.415271,0.580239,0.007785,-0.003242,0.013624,-0.081394,-0.034116,0.023124,-0.839823
981,0.093529,0.039657,0.353747,-0.303598,0.476901,-0.824888,-0.672036,-0.720845,-0.169473,-0.675068,0.502306,0.540369,0.001617,-0.009037,0.025373,-0.117775,-0.175142,-0.130294,-1.106071,-0.105139,0.051816,0.345646,-0.077094,-0.192597,0.97824,-0.65757,0.747282,0.095421,-0.749266,-0.635655,-0.185491,-0.002647,0.016347,-0.01967,0.050911,0.074866,0.065476,0.388437,0.036956,0.043792,-0.011775,0.191967,0.103562,0.975921,0.709909,-0.701266,-0.065225,0.677626,0.705337,-0.20814,-0.00139,0.008517,-0.009604,0.041549,0.054398,0.050777,0.344092,0.084221,0.04181,-0.065964,-0.35594,0.477529,-0.803288,-0.611612,-0.768955,-0.186111,-0.706566,0.425057,0.565764,0.007027,-0.005741,0.011875,-0.121879,-0.324181,0.080801,-0.839822
982,0.093704,0.039294,0.354635,-0.295888,0.469958,-0.831646,-0.675017,-0.71884,-0.166114,-0.675527,0.511635,0.530962,0.002332,0.00057,0.016187,-0.13403,-0.519344,-0.082655,-1.105776,-0.105003,0.052421,0.345019,-0.073932,-0.202989,0.976382,-0.657151,0.746293,0.105511,-0.749955,-0.633566,-0.189802,0.01126,0.008626,-0.010753,-0.002181,0.134684,0.121943,0.384748,0.03702,0.044096,-0.012093,0.187934,0.113587,0.975591,0.710628,-0.701396,-0.05523,0.678002,0.703663,-0.212535,0.004534,0.010348,-0.008973,0.027168,0.130143,0.176559,0.340336,0.084306,0.041621,-0.06552,-0.348434,0.472787,-0.80936,-0.61475,-0.767092,-0.183442,-0.707583,0.433637,0.557927,0.000572,-0.005266,0.012159,-0.221606,-0.74919,-0.222504,-0.841129
983,0.093696,0.039069,0.355356,-0.292277,0.46547,-0.835439,-0.672269,-0.721268,-0.16673,-0.679827,0.512325,0.524772,0.000257,-0.013564,0.02224,-0.073435,0.001491,-0.019392,-1.104591,-0.104741,0.052957,0.34446,-0.070919,-0.216222,0.973761,-0.65748,0.744211,0.117484,-0.749961,-0.631616,-0.196169,0.011251,0.008641,-0.010737,-0.019389,0.270703,0.063603,0.381028,0.03715,0.044365,-0.012372,0.18364,0.126643,0.974801,0.71233,-0.700514,-0.043186,0.677393,0.702311,-0.218854,0.005552,0.004689,-0.005122,0.032169,0.090879,0.443683,0.335927,0.084303,0.041514,-0.065162,-0.343814,0.467349,-0.814478,-0.611762,-0.76951,-0.183304,-0.712417,0.435245,0.550475,-0.005591,-0.00019,0.007723,-0.032685,0.046751,-0.006122,-0.844558
984,0.093663,0.039019,0.355629,-0.290615,0.459999,-0.83904,-0.668082,-0.725251,-0.166277,-0.684649,0.51165,0.519131,-0.011511,-0.001579,0.01462,-0.040587,-0.049629,-0.074196,-1.1051,-0.104585,0.053166,0.344214,-0.072154,-0.221925,0.972386,-0.658084,0.743132,0.120889,-0.749312,-0.630902,-0.200893,0.011107,0.009261,-0.010314,0.003804,0.104898,0.136871,0.378642,0.037229,0.044467,-0.012496,0.184551,0.132945,0.973789,0.713425,-0.699606,-0.039695,0.675991,0.702052,-0.223959,-0.000407,0.003008,-0.005642,-0.013334,0.119955,0.07458,0.333152,0.084291,0.041486,-0.065027,-0.341756,0.462111,-0.818325,-0.607234,-0.773159,-0.183007,-0.717265,0.434371,0.544841,0.000563,-0.001689,0.006726,0.093418,-0.292633,0.327717,-0.849293
985,0.093573,0.039069,0.355982,-0.286212,0.447612,-0.847214,-0.663943,-0.730114,-0.161509,-0.690508,0.515716,0.507211,0.001619,0.0054,0.003693,-0.083376,-0.370407,-0.195347,-1.106546,-0.104164,0.053394,0.343874,-0.075255,-0.230058,0.970258,-0.654781,0.745194,0.126025,-0.751892,-0.625525,-0.207941,0.013177,-0.002097,-0.002673,-0.014531,0.052337,0.041123,0.373685,0.037439,0.044585,-0.012668,0.1868,0.1415,0.972153,0.711045,-0.702303,-0.034406,0.677878,0.697673,-0.231804,0.005455,0.005092,-0.004851,0.015641,-0.007699,0.063717,0.32613,0.084242,0.041508,-0.064841,-0.33675,0.451082,-0.826512,-0.602666,-0.777683,-0.178885,-0.723457,0.437872,0.533737,0.00075,0.002521,0.001724,-0.094638,-0.416994,-0.226884,-0.855172
986,0.093501,0.039188,0.356074,-0.278089,0.431009,-0.858453,-0.659797,-0.735172,-0.155438,-0.697767,0.52264,0.489892,0.000323,0.001078,0.000736,-0.151105,-0.765258,-0.239707,-1.106133,-0.103543,0.053484,0.343757,-0.073222,-0.230866,0.970222,-0.654619,0.745001,0.127989,-0.752236,-0.625455,-0.206904,0.02469,0.003055,-0.000425,0.004086,-0.0304,0.058498,0.372689,0.037746,0.044625,-0.01273,0.184655,0.141624,0.972545,0.71113,-0.702296,-0.032751,0.678377,0.697654,-0.230396,0.006317,0.000164,-0.000524,0.020803,-0.126925,0.192528,0.322374,0.084206,0.041569,-0.064793,-0.328102,0.436912,-0.837529,-0.598012,-0.782398,-0.173881,-0.731252,0.443803,0.517985,0.000137,0.000452,0.000306,-0.176326,-0.747396,-0.464455,-0.855662
987,0.09345,0.039231,0.356068,-0.276153,0.422938,-0.86308,-0.655862,-0.739298,-0.152491,-0.702232,0.523421,0.482624,-0.012398,0.002635,0.001739,-0.12353,-0.633863,-0.197123,-1.106528,-0.103222,0.053495,0.343755,-0.072,-0.231294,0.970212,-0.654671,0.744766,0.129084,-0.75231,-0.625576,-0.206269,0.012378,0.001399,-0.000302,0.018594,-0.125015,0.194221,0.372579,0.037911,0.044632,-0.012731,0.183541,0.141911,0.972714,0.711266,-0.702203,-0.031763,0.678536,0.697689,-0.22982,0.01225,0.00196,7e-05,0.006143,-0.030707,0.057852,0.321721,0.084185,0.041589,-0.064798,-0.325388,0.42873,-0.8428,-0.593686,-0.786359,-0.170808,-0.735974,0.44478,0.510403,-3.6e-05,-0.000125,-8.5e-05,-0.127386,-0.649904,-0.166222,-0.857458
988,0.093289,0.039267,0.356068,-0.267139,0.411804,-0.871263,-0.652169,-0.742824,-0.151196,-0.709133,0.527305,0.468088,-4.4e-05,-0.000148,-0.000101,-0.02142,-0.207861,0.105231,-1.105721,-0.102542,0.053601,0.343756,-0.069834,-0.232108,0.970175,-0.654699,0.744392,0.131084,-0.752492,-0.625719,-0.205169,0.012333,0.001608,-0.000163,0.002045,-0.015205,0.029245,0.377828,0.038255,0.044688,-0.012728,0.181184,0.142581,0.973058,0.711499,-0.702062,-0.02961,0.678925,0.697695,-0.228648,0.006161,0.000831,-7.5e-05,0.003464,-0.015248,0.028924,0.323518,0.084099,0.041604,-0.0648,-0.314866,0.416778,-0.852733,-0.58963,-0.789929,-0.168366,-0.743771,0.449784,0.494466,-4e-05,-0.000137,-9.1e-05,-0.011184,-0.032127,-0.017502,-0.858601
989,0.093058,0.039314,0.356111,-0.261782,0.402178,-0.877365,-0.648807,-0.74629,-0.148568,-0.714201,0.529844,0.457393,0.000189,0.000626,0.000427,-0.059864,-0.278709,-0.172569,-1.105354,-0.101951,0.053727,0.343768,-0.067777,-0.23287,0.970139,-0.654699,0.744056,0.132981,-0.752683,-0.625834,-0.204114,0.012107,0.002561,0.000485,0.002045,-0.015205,0.029245,0.384167,0.038546,0.04475,-0.012723,0.179127,0.14317,0.973352,0.711691,-0.701945,-0.027724,0.679271,0.697693,-0.22763,0.006045,0.001322,0.00026,0.003024,-0.015247,0.029035,0.332009,0.083982,0.041625,-0.06478,-0.309204,0.40922,-0.858446,-0.586041,-0.792907,-0.166892,-0.748964,0.451481,0.48499,-0.006084,0.001697,0.00113,-0.084097,-0.493366,-0.112513,-0.862683
990,0.092753,0.039375,0.356176,-0.257021,0.400945,-0.879334,-0.648745,-0.745944,-0.150562,-0.715989,0.531264,0.45293,-0.012399,0.002633,0.001734,-0.004463,-0.001673,-0.039682,-1.104632,-0.10151,0.053837,0.343785,-0.069065,-0.232529,0.97013,-0.655067,0.743942,0.131798,-0.752244,-0.626097,-0.204927,0.012102,0.002581,0.000496,0.002045,-0.015205,0.029245,0.383385,0.038762,0.044805,-0.012714,0.180463,0.142913,0.973143,0.711868,-0.701715,-0.02896,0.678731,0.697976,-0.228369,0.00605,0.001298,0.000244,0.002995,-0.016035,0.030451,0.334295,0.083835,0.041656,-0.064747,-0.304016,0.407768,-0.860986,-0.586041,-0.79258,-0.168438,-0.751085,0.453365,0.479926,2e-06,9e-06,1e-05,-0.001298,0.016398,0.005448,-0.863826
991,0.092588,0.039425,0.356197,-0.257384,0.400761,-0.879312,-0.648641,-0.746099,-0.150243,-0.715952,0.531185,0.453079,-0.012274,0.003043,0.002012,-0.001035,0.014475,-0.029701,-1.104751,-0.101321,0.053886,0.343787,-0.068569,-0.232731,0.970116,-0.655055,0.743868,0.132272,-0.7523,-0.626109,-0.204682,-0.0,0.0,0.0,-0.0,0.0,0.0,0.382352,0.038866,0.044832,-0.012712,0.179901,0.143093,0.973221,0.711911,-0.701693,-0.028428,0.678834,0.697962,-0.228105,0.006051,0.001296,0.000244,0.002624,-0.015321,0.029282,0.333641,0.083752,0.04168,-0.064737,-0.304492,0.407788,-0.860808,-0.585946,-0.792689,-0.168253,-0.750966,0.453156,0.48031,-0.006121,0.00158,0.001052,-0.000218,0.021406,-0.026028,-0.865133
992,0.092284,0.039495,0.356256,-0.258928,0.400107,-0.879157,-0.648302,-0.746657,-0.148929,-0.715701,0.530896,0.453816,-0.012363,0.002749,0.00181,-0.000984,0.014714,-0.029553,-1.105346,-0.100981,0.053984,0.343794,-0.067364,-0.233184,0.970092,-0.655027,0.743692,0.133397,-0.752435,-0.626149,-0.204064,0.012098,0.002594,0.000503,0.002045,-0.015205,0.029245,0.38062,0.039031,0.04488,-0.012709,0.178701,0.143444,0.973391,0.712004,-0.701643,-0.027316,0.679055,0.697939,-0.227517,1e-06,-3e-06,-1e-05,0.000379,-1.2e-05,-5.8e-05,0.331845,0.083601,0.041716,-0.064707,-0.306002,0.407055,-0.86062,-0.585543,-0.793253,-0.166996,-0.750667,0.452829,0.481086,2.2e-05,7.6e-05,5.7e-05,6.6e-05,0.000149,3e-05,-0.867908
993,0.092051,0.039603,0.35634,-0.260475,0.399463,-0.878992,-0.64796,-0.747212,-0.147623,-0.715447,0.5306,0.454561,0.000715,0.002345,0.0016,-0.0,-0.0,-0.0,-1.104931,-0.100743,0.054082,0.343754,-0.066406,-0.233564,0.970067,-0.654897,0.743638,0.134334,-0.752634,-0.626072,-0.203567,3.1e-05,-0.000127,-8.7e-05,-0.0,0.0,0.0,0.38126,0.039154,0.044929,-0.012729,0.177704,0.143757,0.973527,0.711989,-0.701695,-0.026348,0.679332,0.697823,-0.227048,1.8e-05,-7e-05,-5.2e-05,0.016967,-0.109824,0.164885,0.330865,0.083478,0.041767,-0.064667,-0.307509,0.406266,-0.860456,-0.585127,-0.793832,-0.165697,-0.750375,0.452523,0.481828,-0.005773,0.002712,0.001821,-0.002018,0.104445,-0.174062,-0.868725
