frame,MLTx,MLTy,MLTz,MLTR1,MLTR2,MLTR3,MLTR4,MLTR5,MLTR6,MLTR7,MLTR8,MLTR9,MLTTVx,MLTTVy,MLTTVz,MLTRVx,MLTRVy,MLTRVz,MLGA,MRTx,MRTy,MRTz,MRTR1,MRTR2,MRTR3,MRTR4,MRTR5,MRTR6,MRTR7,MRTR8,MRTR9,MRTTVx,MRTTVy,MRTTVz,MRTRVx,MRTRVy,MRTRVz,MRGA,SLTx,SLTy,SLTz,SLTR1,SLTR2,SLTR3,SLTR4,SLTR5,SLTR6,SLTR7,SLTR8,SLTR9,SLTTVx,SLTTVy,SLTTVz,SLTRVx,SLTRVy,SLTRVz,SLGA,SRTx,SRTy,SRTz,SRTR1,SRTR2,SRTR3,SRTR4,SRTR5,SRTR6,SRTR7,SRTR8,SRTR9,SRTTVx,SRTTVy,SRTTVz,SRTRVx,SRTRVy,SRTRVz,SRGA
920,0.101545,0.058492,0.394894,-0.808121,0.120819,-0.576531,-0.196875,-0.977844,0.070948,-0.554183,0.170682,0.814724,0.013569,0.033913,-0.039777,-0.118273,-0.402659,-0.326966,0.521516,-0.134178,0.075544,0.369141,0.804595,0.385695,0.451506,-0.444071,0.89556,0.026576,-0.395099,-0.222381,0.891239,-0.005984,0.043472,-0.072333,0.157208,1.225794,0.477302,0.43983,0.026032,0.057974,0.003982,-0.661105,-0.516596,0.54412,0.539453,-0.831312,-0.133826,0.521468,0.205054,0.828264,-0.002906,0.021393,-0.036322,1.653067,2.249034,-0.451152,0.057844,0.087459,0.051275,-0.042124,-0.746846,0.307778,-0.589484,-0.410572,-0.910732,0.044667,-0.523115,0.275386,0.806543,0.012499,0.015958,-0.02059,-0.229423,-0.612776,-0.359411,0.40984
921,0.102418,0.059588,0.392977,-0.810402,0.09913,-0.577467,-0.188524,-0.97728,0.096715,-0.553755,0.187114,0.811401,0.022134,0.028627,-0.056176,-0.210763,-0.22587,-0.413739,0.522715,-0.134366,0.077068,0.366212,0.801023,0.368249,0.471958,-0.438027,0.897891,0.043091,-0.408893,-0.241722,0.879909,0.006278,0.036794,-0.076051,-0.531054,0.732471,0.718832,0.474055,0.025934,0.058763,0.002495,-0.655515,-0.500263,0.565717,0.536446,-0.835723,-0.117432,0.53153,0.226498,0.816194,0.003233,0.018007,-0.038211,-0.514133,0.708891,0.703068,0.356665,0.087904,0.051848,-0.043091,-0.753712,0.286346,-0.591543,-0.402705,-0.912542,0.071373,-0.519371,0.292012,0.803107,0.01094,0.013731,-0.028363,-0.214504,-0.226211,-0.41935,0.500303
922,0.103632,0.060763,0.390555,-0.806613,0.079066,-0.585806,-0.179084,-0.97712,0.114614,-0.562341,0.197253,0.803051,0.033987,0.035542,-0.066936,-0.252721,-0.677727,-0.615016,0.523098,-0.134449,0.078394,0.363197,0.801495,0.338775,0.492777,-0.420919,0.904888,0.062759,-0.42564,-0.258157,0.867207,-0.004371,0.032208,-0.077462,1.18487,2.668307,-0.331843,0.487947,0.025893,0.059422,0.000986,-0.655829,-0.471471,0.589577,0.524127,-0.846451,-0.093863,0.543302,0.247455,0.802239,-0.00211,0.0159,-0.038824,1.147762,2.709268,-0.300571,0.446312,0.088494,0.052411,-0.044282,-0.754786,0.267872,-0.598783,-0.394236,-0.914815,0.087695,-0.524285,0.302253,0.796094,0.022577,0.016275,-0.034404,0.018422,-0.360583,-0.182569,0.515816
923,0.104492,0.061438,0.389141,-0.801094,0.072023,-0.594228,-0.17494,-0.977556,0.117267,-0.571452,0.1978,0.796458,0.044457,0.030324,-0.069682,-0.176113,-0.701968,-0.34957,0.522952,-0.134543,0.079033,0.361653,0.800042,0.321162,0.506734,-0.411616,0.908276,0.074439,-0.437339,-0.268549,0.858184,-0.004542,0.0334,-0.076831,-0.430808,0.686161,0.786976,0.490828,0.02585,0.059712,0.000269,-0.653183,-0.45669,0.603974,0.517961,-0.851313,-0.083551,0.552328,0.258261,0.792611,-0.007749,0.01576,-0.038508,-0.263457,0.596157,0.620598,0.460682,0.088938,0.052763,-0.045013,-0.750434,0.258883,-0.608133,-0.390059,-0.916253,0.091283,-0.533573,0.30571,0.788568,0.022182,0.014828,-0.035015,-0.265295,-0.821841,-0.408012,0.518755
924,0.106366,0.062842,0.385847,-0.789115,0.058684,-0.611473,-0.166775,-0.978499,0.121231,-0.590233,0.197564,0.7827,0.053879,0.028055,-0.084591,-0.037974,-0.497179,-0.266499,0.523266,-0.134844,0.08028,0.35883,0.790521,0.289212,0.539837,-0.395406,0.914097,0.089516,-0.468553,-0.284593,0.836258,-0.003612,0.026644,-0.066783,-0.447788,0.666662,0.744674,0.49023,0.025698,0.060342,-0.001179,-0.641465,-0.425238,0.638509,0.505183,-0.860517,-0.065571,0.577331,0.280503,0.766815,-0.002578,0.019128,-0.037136,-0.448908,0.744781,0.789729,0.473418,0.089856,0.053463,-0.046624,-0.741126,0.243019,-0.625837,-0.382441,-0.918974,0.096046,-0.551787,0.310528,0.774016,0.027453,0.019304,-0.046667,-0.091981,-0.557266,-0.468659,0.519408
925,0.108668,0.064235,0.382101,-0.776173,0.041066,-0.629218,-0.158579,-0.978513,0.131668,-0.609328,0.201921,0.766795,0.066199,0.043995,-0.104477,-0.110355,-0.77396,-0.342045,0.522493,-0.135297,0.08181,0.356024,0.772571,0.262544,0.578097,-0.386443,0.91681,0.100272,-0.504635,-0.301208,0.809,-0.017041,0.041625,-0.07159,-0.427054,1.15672,0.387706,0.473668,0.025471,0.061115,-0.002608,-0.620124,-0.399282,0.675291,0.498477,-0.865229,-0.053833,0.605777,0.303234,0.735583,-0.008513,0.021065,-0.03566,-0.365616,1.093069,0.327679,0.461988,0.091025,0.054163,-0.048532,-0.732141,0.223606,-0.643404,-0.374619,-0.921079,0.106177,-0.568884,0.318768,0.758127,0.033079,0.02167,-0.052424,-0.186807,-0.881467,-0.394553,0.518919
926,0.109865,0.065109,0.380127,-0.770915,0.033483,-0.636093,-0.153989,-0.978789,0.135022,-0.617124,0.201994,0.760515,0.055474,0.048586,-0.101637,0.104953,-0.408917,-0.173852,0.518226,-0.135484,0.082691,0.354615,0.760734,0.255081,0.596831,-0.386388,0.916767,0.100872,-0.522365,-0.307675,0.795194,-0.006431,0.046639,-0.069636,0.968368,2.907255,-1.04411,0.462893,0.025383,0.061518,-0.003262,-0.608439,-0.391173,0.690496,0.498542,-0.865366,-0.050942,0.61746,0.313247,0.721539,-0.002311,0.017154,-0.031317,-0.469249,0.826282,0.412703,0.45268,0.091601,0.054574,-0.049484,-0.728147,0.214146,-0.651108,-0.370316,-0.922273,0.110801,-0.576773,0.321796,0.750852,0.03347,0.023313,-0.051529,0.097059,-0.339417,-0.329444,0.517612
927,0.111955,0.067829,0.376069,-0.762935,0.016967,-0.646288,-0.141381,-0.979835,0.141093,-0.629916,0.19899,0.750757,0.037653,0.080037,-0.098489,0.129881,-0.326348,-0.345919,0.485107,-0.135417,0.084922,0.351995,0.74038,0.244523,0.626128,-0.389033,0.915446,0.102694,-0.548988,-0.319933,0.772087,0.002551,0.062697,-0.061643,-0.234946,0.776635,0.047774,0.408753,0.025407,0.062607,-0.004585,-0.58262,-0.380894,0.717964,0.501196,-0.863796,-0.051546,0.639809,0.329809,0.694168,0.006101,0.037502,-0.034697,0.096009,0.431383,-0.200875,0.409898,0.092647,0.055901,-0.051525,-0.724052,0.197242,-0.66094,-0.358458,-0.926277,0.116261,-0.589283,0.321099,0.741377,0.019447,0.045759,-0.053301,0.084582,-0.4461,-0.419275,0.494425
928,0.112963,0.071906,0.372338,-0.758739,0.000767,-0.651429,-0.125693,-0.981377,0.145162,-0.638246,0.192012,0.74552,0.008876,0.107103,-0.083022,0.030041,-0.342609,-0.646129,0.439358,-0.134658,0.087711,0.349981,0.730006,0.237189,0.640956,-0.392054,0.913465,0.108669,-0.560615,-0.330924,0.758988,0.023229,0.073812,-0.043538,-0.190943,0.675449,-0.10778,0.281405,0.025786,0.064012,-0.005627,-0.570324,-0.372935,0.73188,0.505081,-0.861866,-0.045582,0.647783,0.343663,0.679905,0.017875,0.032727,-0.017711,-0.413005,0.54916,0.279789,0.300494,0.093156,0.057877,-0.053372,-0.72392,0.18205,-0.665429,-0.343949,-0.931368,0.119376,-0.598028,0.315292,0.736852,0.004491,0.053459,-0.041607,0.278488,0.04825,-0.43928,0.443968
929,0.113015,0.073829,0.37096,-0.755683,-0.00753,-0.654929,-0.119206,-0.98165,0.14875,-0.643094,0.190482,0.741737,-0.001748,0.104123,-0.070138,-0.034276,-0.580951,-0.362534,0.402847,-0.134012,0.088969,0.349375,0.725477,0.233928,0.647265,-0.393784,0.91234,0.111817,-0.565262,-0.336305,0.753154,0.036352,0.059091,-0.02527,-0.204998,0.599917,0.03213,0.160462,0.026117,0.064672,-0.005944,-0.564762,-0.369559,0.737882,0.507333,-0.860688,-0.042762,0.650889,0.350202,0.673573,0.018089,0.030384,-0.012217,-0.244729,0.659106,0.079997,0.184557,0.09319,0.058923,-0.054121,-0.722435,0.17229,-0.669628,-0.337264,-0.933241,0.123745,-0.603605,0.315239,0.732314,-0.000636,0.052767,-0.034745,-0.126486,-0.701853,-0.428216,0.407064
930,0.112495,0.077225,0.369018,-0.744417,-0.017017,-0.667532,-0.125826,-0.97819,0.165176,-0.654862,0.206968,0.726875,-0.024973,0.081959,-0.039292,-0.241293,-0.633881,-0.562496,0.169701,-0.131928,0.09107,0.349054,0.721931,0.227479,0.653499,-0.394773,0.91098,0.119181,-0.569102,-0.344318,0.746613,0.071021,0.047365,0.00615,-0.040008,0.159451,0.011364,-0.051049,0.027134,0.065701,-0.006108,-0.560745,-0.36237,0.744481,0.509543,-0.859745,-0.034686,0.652633,0.359895,0.666741,0.029877,0.024114,0.003651,-0.012531,0.123985,-0.026552,-0.091404,0.092942,0.060599,-0.055074,-0.713197,0.161073,-0.682205,-0.343688,-0.92858,0.140058,-0.610923,0.334355,0.717619,-0.012909,0.035624,-0.015559,-0.296212,-0.649416,-0.601496,0.226955
931,0.110517,0.079806,0.368422,-0.733067,-0.016195,-0.679997,-0.155248,-0.969344,0.190372,-0.661326,0.245138,0.708931,-0.071655,0.0438,0.010705,-0.289562,-0.605172,-0.545667,-0.109218,-0.129158,0.092735,0.349927,0.720622,0.223804,0.656207,-0.393527,0.911205,0.121559,-0.57162,-0.346122,0.74385,0.083503,0.032674,0.037195,-0.03295,0.001324,0.09201,-0.241203,0.028546,0.066553,-0.005668,-0.559365,-0.359262,0.747021,0.508776,-0.860275,-0.032761,0.654414,0.361741,0.663991,0.041603,0.017315,0.01906,-0.02627,-0.006095,0.08654,-0.312499,0.09197,0.061903,-0.055392,-0.701386,0.159123,-0.694793,-0.371091,-0.913757,0.165342,-0.608563,0.3738,0.699945,-0.040707,0.02889,0.002286,-0.12625,-1.245542,-0.257681,-0.086563
932,0.10706,0.081342,0.369553,-0.693974,-0.005009,-0.720015,-0.170362,-0.970438,0.170878,-0.698726,0.241248,0.673505,-0.104205,0.029425,0.044803,0.793145,-2.555818,1.421351,-0.266302,-0.125897,0.093648,0.351855,0.712206,0.224858,0.664975,-0.396428,0.910562,0.116855,-0.580102,-0.34713,0.736781,0.086878,0.006409,0.062886,-0.139997,0.006197,0.055905,-0.490723,0.030143,0.06702,-0.004721,-0.54939,-0.359956,0.754056,0.51059,-0.858982,-0.038038,0.661413,0.364116,0.655706,0.043373,0.003574,0.031589,-0.078129,0.265253,-0.195856,-0.52739,0.090216,0.062686,-0.054824,-0.660404,0.16222,-0.733178,-0.385197,-0.911319,0.145328,-0.644584,0.378393,0.664325,-0.051966,0.015312,0.022731,0.864507,-2.434613,1.471065,-0.322681
933,0.104928,0.081711,0.370633,-0.676169,0.00923,-0.73672,-0.18196,-0.971035,0.154767,-0.713115,0.238685,0.659184,-0.116501,0.012377,0.063576,-1.081699,-0.509611,1.741811,-0.340679,-0.124177,0.093734,0.353165,0.704298,0.22711,0.67259,-0.400092,0.90957,0.111995,-0.587198,-0.348268,0.730596,0.087954,-0.00197,0.071658,-0.223508,0.073034,-0.089061,-0.62204,0.031002,0.06707,-0.004067,-0.540081,-0.361646,0.75995,0.513054,-0.857261,-0.043337,0.667149,0.36649,0.648534,0.042916,0.005377,0.032447,-0.175885,-0.061094,0.098381,-0.65541,0.089195,0.06287,-0.054306,-0.639401,0.1698,-0.749888,-0.394467,-0.909613,0.130379,-0.65997,0.379171,0.648588,-0.057554,0.012417,0.028146,-3.090644,-1.081975,5.358205,-0.386854
934,0.099966,0.081745,0.373857,-0.662976,0.030312,-0.748057,-0.203809,-0.968745,0.141303,-0.719572,0.246098,0.649368,-0.127909,-0.007725,0.094354,-0.232374,-0.259667,0.49085,-0.460426,-0.120553,0.093679,0.356301,0.688673,0.238663,0.684662,-0.40629,0.90907,0.09195,-0.601305,-0.341802,0.722126,0.087332,-0.002506,0.084293,-0.068123,-0.168012,-0.267414,-0.877845,0.032783,0.067041,-0.002535,-0.521329,-0.37126,0.768362,0.51528,-0.854677,-0.063351,0.680222,0.362895,0.636871,0.043531,-0.000691,0.042374,0.063773,-0.349861,-0.407364,-0.892671,0.08677,0.062895,-0.052742,-0.621696,0.189395,-0.760014,-0.416045,-0.901971,0.115557,-0.663625,0.388042,0.639549,-0.063845,-0.003292,0.047522,-0.242415,-0.287739,0.504221,-0.494136
935,0.094765,0.081201,0.37817,-0.663734,0.05191,-0.746195,-0.224074,-0.965567,0.13207,-0.712825,0.254792,0.653444,-0.13856,-0.024411,0.127103,-0.19974,0.025904,0.581414,-0.535411,-0.117263,0.093393,0.35979,0.683345,0.24163,0.688946,-0.409157,0.908226,0.087461,-0.605424,-0.341964,0.718599,0.077176,-0.011085,0.093665,-0.284285,0.151127,-0.33055,-1.022006,0.034492,0.066905,-0.000724,-0.51518,-0.374826,0.770775,0.517344,-0.852989,-0.069018,0.683333,0.363199,0.633357,0.038483,-0.005254,0.046925,-0.305829,0.181745,-0.301787,-0.866544,0.084121,0.062626,-0.050563,-0.617379,0.210569,-0.757959,-0.435149,-0.89409,0.106054,-0.655353,0.395301,0.643621,-0.069121,-0.011454,0.06399,-0.154793,-0.024803,0.794307,-0.56974
936,0.092057,0.080791,0.380706,-0.664351,0.063735,-0.744729,-0.234246,-0.963911,0.126401,-0.708974,0.258339,0.656235,-0.1368,-0.018745,0.129925,-0.133855,0.129873,0.67629,-0.564561,-0.115681,0.093087,0.361723,0.68172,0.243075,0.690046,-0.411007,0.907478,0.086546,-0.606001,-0.342927,0.717653,0.078496,-0.019987,0.102354,-0.325632,0.146449,-0.322241,-1.051525,0.035254,0.06676,0.000205,-0.51345,-0.375959,0.771377,0.518588,-0.852142,-0.070137,0.683691,0.364016,0.632501,0.039248,-0.010227,0.051021,-0.328601,0.077327,-0.157935,-0.86883,0.082768,0.062421,-0.049295,-0.61522,0.221831,-0.756501,-0.444555,-0.890092,0.100527,-0.651056,0.398153,0.646219,-0.069152,-0.014812,0.069203,-0.081011,0.2978,0.720899,-0.594887
937,0.087066,0.079841,0.386331,-0.665823,0.086382,-0.741123,-0.253143,-0.960507,0.1154,-0.701061,0.264332,0.662321,-0.11067,-0.017348,0.143171,-0.139603,0.367866,0.463379,-0.677217,-0.112734,0.092478,0.365553,0.680129,0.249071,0.689478,-0.413031,0.90717,0.079886,-0.606411,-0.339429,0.718969,0.065678,-0.011714,0.093939,-0.041004,-0.249499,-0.420721,-1.105367,0.036755,0.066456,0.002162,-0.510813,-0.38088,0.770713,0.519771,-0.850915,-0.076022,0.684767,0.361762,0.63263,0.032782,-0.00586,0.046922,0.016219,-0.34461,-0.499045,-0.87079,0.08026,0.061936,-0.046491,-0.611431,0.244027,-0.752729,-0.462051,-0.882348,0.089269,-0.642386,0.402381,0.652249,-0.056252,-0.014456,0.075735,-0.061903,0.483502,0.700792,-0.657754
938,0.08332,0.078952,0.392171,-0.672302,0.107278,-0.732493,-0.269104,-0.957164,0.106736,-0.688834,0.268736,0.673287,-0.085417,-0.013207,0.144063,-0.007155,0.598904,0.627483,-0.79936,-0.110401,0.092035,0.369172,0.676221,0.254097,0.691485,-0.418082,0.905154,0.076406,-0.607315,-0.341091,0.717418,0.052845,-0.003485,0.085313,-0.217428,-0.060758,-0.047694,-1.188685,0.037901,0.066239,0.003941,-0.506386,-0.386396,0.770889,0.523519,-0.848133,-0.081222,0.6852,0.362446,0.631769,0.027419,-0.007386,0.046499,-0.270888,-0.030527,-0.043948,-0.876995,0.078349,0.061497,-0.043511,-0.613179,0.265666,-0.743929,-0.476922,-0.875247,0.080539,-0.629726,0.404181,0.663386,-0.04263,-0.006103,0.072323,0.079135,0.744049,0.707203,-0.750992
939,0.080417,0.07892,0.397314,-0.681261,0.127655,-0.720855,-0.281379,-0.954688,0.096786,-0.674994,0.268606,0.687213,-0.059003,0.013087,0.114226,0.11343,0.642298,0.598034,-0.903431,-0.108475,0.091746,0.372501,0.676058,0.249207,0.693421,-0.415442,0.906097,0.079565,-0.609307,-0.342188,0.715203,0.040235,0.003851,0.076136,-0.210483,-0.017029,-0.031185,-1.29441,0.038869,0.066092,0.005609,-0.506348,-0.3813,0.773448,0.521611,-0.849665,-0.077394,0.686682,0.364251,0.629116,0.026469,-0.002788,0.042087,-0.247881,-0.029653,-0.021386,-0.875362,0.076924,0.06149,-0.040976,-0.617578,0.286653,-0.732411,-0.487861,-0.87004,0.070852,-0.616918,0.401072,0.677165,-0.035831,0.002202,0.062255,-0.204481,0.290352,0.083306,-0.790835
940,0.079229,0.079098,0.399451,-0.681828,0.132136,-0.719511,-0.286639,-0.95315,0.09651,-0.672206,0.271873,0.688659,-0.061744,0.010973,0.100138,-0.212373,0.111945,0.040315,-0.974024,-0.107574,0.09172,0.37403,0.674445,0.250274,0.694606,-0.418415,0.904647,0.080482,-0.609058,-0.345237,0.713949,0.05129,0.003412,0.075298,-0.21051,-0.018009,-0.026892,-1.350498,0.039314,0.066083,0.006375,-0.504423,-0.382244,0.774238,0.52454,-0.847907,-0.076873,0.685867,0.367343,0.628207,0.020254,0.000843,0.03751,-0.213469,-0.021267,-0.030137,-0.877811,0.076358,0.0616,-0.03993,-0.61795,0.293153,-0.729518,-0.492548,-0.867578,0.068589,-0.612807,0.401707,0.680512,-0.025733,0.003762,0.049109,-0.24842,-0.053878,0.182872,-0.790345
941,0.077583,0.079056,0.402368,-0.67997,0.140447,-0.719694,-0.296335,-0.950389,0.094438,-0.669885,0.277304,0.688755,-0.025616,0.000194,0.054089,-0.128524,-0.103207,0.279031,-1.145569,-0.106013,0.09182,0.376739,0.670924,0.246257,0.699436,-0.417672,0.904832,0.082238,-0.613442,-0.347627,0.709018,0.039903,0.00585,0.063938,-0.338235,0.20714,0.113513,-1.402892,0.040097,0.066137,0.007735,-0.500798,-0.378887,0.778232,0.524001,-0.848335,-0.075818,0.688928,0.369825,0.623382,0.021094,-0.003101,0.035745,-0.453454,0.24156,0.375595,-0.894304,0.07551,0.061609,-0.038408,-0.614101,0.300211,-0.729898,-0.501491,-0.862551,0.067159,-0.609413,0.40728,0.680247,-0.018579,0.000439,0.027545,-0.137292,-0.002021,0.07001,-0.794754
942,0.076707,0.079141,0.403715,-0.676857,0.142452,-0.722232,-0.297616,-0.950285,0.091412,-0.672466,0.276637,0.686505,-0.017786,0.008786,0.017769,-0.031237,-0.057599,0.126893,-1.487911,-0.104642,0.092012,0.378955,0.667069,0.243417,0.704101,-0.421188,0.902744,0.087108,-0.615237,-0.35498,0.703801,0.039723,0.008101,0.052055,-0.374647,0.310327,0.171797,-1.403511,0.040782,0.066235,0.008848,-0.496639,-0.376267,0.782159,0.52806,-0.846169,-0.071764,0.688841,0.377386,0.618932,0.014707,0.002405,0.025557,-0.494258,0.421656,0.47473,-0.887119,0.075073,0.061642,-0.037733,-0.610524,0.301453,-0.732383,-0.502645,-0.862108,0.064163,-0.612051,0.407302,0.677862,-0.009131,0.003823,0.008678,-0.031068,-0.057534,0.12667,-0.795244
943,0.076336,0.07915,0.403997,-0.676916,0.139623,-0.722728,-0.293355,-0.951664,0.090835,-0.674274,0.273324,0.686059,-0.021341,-0.000954,0.013999,-0.031735,-0.043815,0.101585,-1.631412,-0.103914,0.092081,0.379944,0.66334,0.24143,0.708296,-0.41785,0.904668,0.083125,-0.621517,-0.351412,0.700063,0.040887,0.003122,0.049962,1.1221,1.869044,-1.392826,-1.403248,0.041145,0.066273,0.009345,-0.494152,-0.372367,0.785593,0.524769,-0.848198,-0.071952,0.693131,0.376699,0.614545,0.020415,0.001543,0.024949,-0.137763,-0.025451,-0.051168,-0.886792,0.074881,0.061648,-0.037581,-0.611128,0.298771,-0.732977,-0.498853,-0.864349,0.063604,-0.614546,0.404518,0.677271,-0.010976,-0.001262,0.006709,-0.035466,0.050598,-0.073601,-0.795571
944,0.075514,0.078601,0.404176,-0.677572,0.13311,-0.723342,-0.28386,-0.954603,0.090159,-0.677665,0.266245,0.685501,-0.019158,-0.026642,0.00333,-0.031806,-0.031114,0.080445,-1.779285,-0.102292,0.092089,0.381787,0.65601,0.231459,0.718379,-0.41207,0.907221,0.084151,-0.633054,-0.351525,0.689591,0.042359,-0.003139,0.047404,-0.417636,0.380002,0.180173,-1.40369,0.041945,0.066273,0.010251,-0.484734,-0.364719,0.794991,0.51895,-0.851572,-0.074254,0.704075,0.376568,0.602057,0.021315,-0.002205,0.023417,-0.143127,-0.008992,-0.075009,-0.885813,0.074476,0.061392,-0.037485,-0.613253,0.292518,-0.733724,-0.490168,-0.86934,0.063102,-0.619398,0.398346,0.676509,-0.009182,-0.009015,-0.003143,0.00154,-0.051909,0.095161,-0.796061
945,0.074959,0.077504,0.403805,-0.674373,0.12942,-0.726991,-0.274422,-0.957923,0.083956,-0.684701,0.255953,0.682422,-0.011826,-0.031927,-0.012597,0.002497,-0.053432,0.09947,-1.906109,-0.10103,0.092099,0.383304,0.652207,0.226583,0.723379,-0.411785,0.907052,0.087315,-0.637156,-0.355116,0.68395,0.030923,0.000577,0.03673,-0.130315,0.050598,-0.055597,-1.403493,0.042604,0.066276,0.011041,-0.479984,-0.357697,0.801041,0.519794,-0.851518,-0.068776,0.706702,0.383365,0.594644,0.015536,-9.5e-05,0.018188,-0.109985,0.010984,-0.087446,-0.888752,0.074184,0.060825,-0.037671,-0.610776,0.288315,-0.737445,-0.481574,-0.874553,0.056936,-0.62852,0.389911,0.673001,-0.006249,-0.016883,-0.006645,-0.001529,-0.048812,0.095567,-0.79655
946,0.074332,0.076266,0.403323,-0.666851,0.132257,-0.733391,-0.265803,-0.961597,0.068205,-0.695381,0.24025,0.677312,-0.022714,-0.029295,-0.011083,0.002386,-0.036157,0.070745,-1.912333,-0.099556,0.092097,0.384584,0.648725,0.225655,0.726793,-0.410369,0.907955,0.084546,-0.64161,-0.353392,0.680672,0.030775,0.003512,0.025325,-0.07593,0.032971,-0.07743,-1.403917,0.043316,0.066276,0.011663,-0.476221,-0.356908,0.803634,0.517871,-0.852447,-0.071705,0.710649,0.382032,0.590786,0.016513,-0.00384,0.016712,-0.099617,-0.071248,0.074722,-0.889895,0.073868,0.060187,-0.03792,-0.602693,0.289641,-0.74355,-0.473575,-0.879791,0.04115,-0.64225,0.376928,0.667411,-0.00619,-0.016656,-0.00666,-0.010717,-0.058963,0.08637,-0.799326
947,0.073896,0.075651,0.403118,-0.662925,0.132728,-0.736857,-0.26179,-0.963119,0.061968,-0.700637,0.233811,0.674142,-0.023051,-0.030016,-0.011476,0.001246,-0.03835,0.069598,-1.912775,-0.098949,0.092142,0.385039,0.648339,0.222561,0.72809,-0.405909,0.910062,0.083421,-0.644834,-0.34991,0.679423,0.031434,0.000985,0.024333,-0.063158,-0.053472,0.068516,-1.403847,0.043632,0.066299,0.0119,-0.475822,-0.354001,0.805155,0.513669,-0.854934,-0.072325,0.713958,0.37917,0.588636,0.015694,0.00051,0.012149,-0.077463,0.028663,-0.075908,-0.889568,0.073649,0.059878,-0.038024,-0.598642,0.289175,-0.746997,-0.469839,-0.882055,0.035069,-0.648751,0.371962,0.663901,-0.012375,-0.020549,-0.00138,-0.035622,-0.094203,0.198747,-0.807491
948,0.073077,0.074374,0.402847,-0.65742,0.139126,-0.740599,-0.261153,-0.963952,0.050666,-0.70604,0.226539,0.67098,-0.01201,-0.038436,-0.002532,0.038386,0.004663,0.328273,-1.913197,-0.097766,0.092349,0.385705,0.647108,0.219249,0.730186,-0.400931,0.91244,0.081498,-0.649174,-0.345776,0.677404,0.032868,-0.004367,0.022245,-0.053103,-0.038168,0.055748,-1.403987,0.044222,0.066403,0.012233,-0.474597,-0.350726,0.807309,0.50871,-0.857786,-0.073597,0.718311,0.375757,0.58552,0.015433,0.002773,0.006764,-0.009222,0.09463,-0.122646,-0.889405,0.07324,0.059244,-0.038167,-0.591959,0.293772,-0.750521,-0.468912,-0.882911,0.024252,-0.655519,0.366284,0.660401,-0.010688,-0.012629,-0.004845,0.112265,0.186201,0.186071,-0.808961
949,0.072144,0.073322,0.402935,-0.655961,0.145025,-0.740762,-0.260029,-0.964701,0.041322,-0.70781,0.219539,0.671442,-0.029336,-0.020845,0.005905,0.114362,0.280108,0.205223,-1.913176,-0.096783,0.092451,0.386122,0.644852,0.219412,0.732131,-0.400632,0.912749,0.079487,-0.6516,-0.344855,0.675541,0.019996,0.007642,0.002223,0.004358,-0.02999,0.05815,-1.404046,0.044725,0.066455,0.01245,-0.472065,-0.350719,0.808795,0.508099,-0.857983,-0.075489,0.720409,0.375312,0.583224,0.01009,0.003465,0.000955,0.000646,-0.035391,0.06244,-0.890711,0.072778,0.058695,-0.038133,-0.588501,0.298421,-0.751405,-0.46794,-0.883623,0.015559,-0.659316,0.360769,0.659656,-0.015295,-0.015339,0.00757,0.231623,0.605447,0.348513,-0.820064
950,0.071648,0.072824,0.403229,-0.654752,0.149838,-0.740874,-0.262154,-0.964318,0.03658,-0.708147,0.217981,0.671595,-0.030351,-0.036333,0.026072,0.104983,0.426741,0.262947,-1.912697,-0.096358,0.092449,0.38621,0.644493,0.221456,0.731832,-0.400168,0.913231,0.076221,-0.65224,-0.342266,0.67624,0.020984,0.00412,0.000847,0.039241,-0.069073,0.026553,-1.40393,0.04493,0.066452,0.012494,-0.471541,-0.352959,0.808126,0.507172,-0.858225,-0.078905,0.721405,0.372652,0.583699,0.006589,-0.005177,0.004048,0.001661,-0.033477,-0.018567,-0.890548,0.07252,0.058444,-0.037992,-0.58603,0.302589,-0.751669,-0.46984,-0.882682,0.010976,-0.660165,0.359597,0.659447,-0.014292,-0.012587,0.008715,0.161768,0.457165,0.302383,-0.823493
951,0.070725,0.07167,0.404066,-0.655242,0.156889,-0.738978,-0.260843,-0.965007,0.026337,-0.708177,0.209813,0.67416,-0.017617,-0.034135,0.026421,-0.03359,0.11489,0.169737,-1.9132,-0.095604,0.092413,0.386366,0.647356,0.2243,0.72843,-0.399186,0.913882,0.07351,-0.650003,-0.338656,0.6802,0.02082,0.004742,0.001096,0.232796,-0.337559,-0.140942,-1.404196,0.04531,0.066424,0.012568,-0.474152,-0.35451,0.805916,0.506082,-0.858765,-0.08001,0.720458,0.369923,0.586596,0.005278,0.000901,0.000145,0.356506,-0.535717,-0.336184,-0.891201,0.072055,0.05787,-0.037572,-0.585969,0.311359,-0.748127,-0.468392,-0.88352,-0.00084,-0.661247,0.349924,0.663553,-0.014267,-0.015611,0.014143,-0.037196,0.039757,0.282287,-0.830188
952,0.069897,0.070599,0.40525,-0.660378,0.169558,-0.731571,-0.266472,-0.963676,0.017114,-0.701279,0.206028,0.682486,-0.01445,-0.025767,0.03,-0.054576,0.07379,0.148308,-1.9128,-0.095032,0.092203,0.386576,0.648914,0.225729,0.726601,-0.399035,0.914023,0.072574,-0.648541,-0.337325,0.682253,0.012987,-0.009473,0.008487,-0.029618,-0.017584,0.003577,-1.404234,0.045594,0.066326,0.012666,-0.476452,-0.357294,0.803326,0.505362,-0.858972,-0.082314,0.719446,0.366752,0.589822,0.005452,0.000319,-7.6e-05,-0.004968,0.000627,0.043675,-0.886139,0.071649,0.057339,-0.036993,-0.588515,0.324914,-0.740324,-0.473289,-0.880846,-0.010349,-0.655474,0.344297,0.672169,-0.012332,-0.010465,0.016332,-0.066963,-0.053482,0.301156,-0.836557
953,0.069061,0.069651,0.406543,-0.65963,0.178618,-0.730088,-0.272355,-0.962123,0.010612,-0.699723,0.205615,0.684205,-0.014402,-0.025551,0.030179,-0.095793,-0.011814,0.104675,-1.913223,-0.094639,0.091896,0.386869,0.64808,0.228445,0.726496,-0.399701,0.913985,0.069317,-0.648964,-0.335599,0.682702,0.002278,-0.010804,0.008355,-0.035037,0.002113,-0.022751,-1.403759,0.045796,0.06617,0.012811,-0.475305,-0.359723,0.802922,0.505392,-0.858642,-0.08551,0.720183,0.365147,0.589918,0.001122,-0.005357,0.004186,-0.042758,0.0088,-0.012315,-0.890711,0.071226,0.056867,-0.03633,-0.58555,0.33319,-0.738995,-0.478599,-0.877876,-0.016584,-0.654273,0.343972,0.673505,-0.013219,-0.01594,0.020799,-0.14295,0.003478,0.046867,-0.83819
954,0.06875,0.069152,0.407124,-0.657548,0.181428,-0.731273,-0.274674,-0.961486,0.008367,-0.700777,0.206131,0.68297,-0.015032,-0.027139,0.02956,-0.101619,0.077412,-0.073004,-1.912941,-0.094508,0.091734,0.387038,0.648301,0.228403,0.726312,-0.400015,0.913807,0.069845,-0.64855,-0.336111,0.682844,0.012079,-0.006229,0.009777,-0.031404,-0.026808,0.031809,-1.403699,0.045863,0.066081,0.012897,-0.475532,-0.359631,0.802828,0.505822,-0.858445,-0.084936,0.71973,0.365699,0.590128,0.001074,-0.005187,0.004258,-0.037078,0.003922,-0.021098,-0.891528,0.071067,0.056613,-0.036027,-0.582752,0.335407,-0.740203,-0.480761,-0.876651,-0.018738,-0.655185,0.344941,0.672121,-0.00755,-0.013607,0.014775,-0.104947,0.076077,-0.076234,-0.838026
955,0.068346,0.068282,0.408066,-0.659932,0.189371,-0.727099,-0.277879,-0.960599,0.001951,-0.697265,0.203091,0.687461,-0.013213,-0.015897,0.020878,-0.028837,0.140169,-0.016981,-1.912878,-0.094281,0.091274,0.387429,0.647821,0.233637,0.725074,-0.401303,0.913649,0.064304,-0.648232,-0.332934,0.684699,0.005017,-0.023196,0.016122,-0.040869,-0.023542,-0.09746,-1.404077,0.045979,0.065857,0.0131,-0.474787,-0.364937,0.800873,0.506098,-0.857683,-0.09079,0.720028,0.362215,0.591911,0.002507,-0.011614,0.008049,-0.054158,0.0008,-0.076037,-0.891201,0.070868,0.056181,-0.035564,-0.58358,0.344037,-0.735575,-0.483542,-0.874946,-0.025597,-0.652396,0.340743,0.676958,-0.00116,-0.009457,0.009502,-0.038682,0.000935,0.170406,-0.840475
956,0.067819,0.067548,0.408924,-0.661902,0.197939,-0.723015,-0.276323,-0.960996,-0.010198,-0.696014,0.192783,0.691683,-0.014425,-0.018943,0.019652,0.135941,0.409424,0.30487,-1.912746,-0.093988,0.090602,0.387917,0.649984,0.239406,0.721247,-0.397668,0.915872,0.054527,-0.648311,-0.322568,0.689569,0.002648,-0.012074,0.00789,0.233916,-0.360682,-0.254632,-1.404037,0.046126,0.065523,0.013339,-0.476448,-0.369574,0.797754,0.501333,-0.859593,-0.098808,0.722261,0.352864,0.594832,0.002491,-0.011571,0.008081,0.317088,-0.555442,-0.426982,-0.893161,0.070603,0.055814,-0.035125,-0.583024,0.3514,-0.73253,-0.481816,-0.875511,-0.03651,-0.654168,0.331659,0.679754,-0.007246,-0.009531,0.009807,0.204008,0.576403,0.386819,-0.843578
957,0.067709,0.067157,0.409279,-0.663429,0.197644,-0.721695,-0.272933,-0.961936,-0.012612,-0.695896,0.188355,0.693021,-0.003042,-0.020844,0.018243,0.013731,0.115605,0.228741,-1.913068,-0.093896,0.090252,0.388168,0.648504,0.242747,0.721462,-0.398836,0.915589,0.050598,-0.649074,-0.320872,0.689643,0.002567,-0.011795,0.008008,0.00698,-0.054771,-0.058995,-1.404292,0.046172,0.065347,0.013464,-0.475178,-0.374004,0.796445,0.501351,-0.858941,-0.104234,0.723085,0.34977,0.595658,0.002438,-0.011373,0.008169,-0.047443,-0.015214,-0.045445,-0.895937,0.070547,0.055622,-0.034956,-0.585225,0.352246,-0.730365,-0.478538,-0.877173,-0.039609,-0.654609,0.326327,0.681906,-0.001556,-0.010483,0.009103,0.032154,0.158603,0.249603,-0.847334
958,0.067655,0.066664,0.40976,-0.665484,0.202648,-0.718408,-0.275352,-0.961194,-0.016139,-0.692976,0.186816,0.696355,-0.000777,-0.008526,0.009921,0.005166,0.105426,0.02682,-1.912401,-0.093635,0.089574,0.388789,0.650479,0.249624,0.717326,-0.40085,0.914989,0.045247,-0.645847,-0.317295,0.694312,0.014079,-0.015892,0.018699,-0.046194,-0.052311,-0.008411,-1.40448,0.0463,0.065004,0.013769,-0.477075,-0.380633,0.792159,0.502221,-0.857753,-0.109691,0.72123,0.345509,0.600375,0.002012,-0.009898,0.008768,-0.068294,0.012864,-0.032073,-0.898713,0.070518,0.055368,-0.034713,-0.586234,0.357838,-0.726828,-0.480734,-0.875789,-0.043432,-0.652091,0.323949,0.685443,-0.004986,0.002794,0.001483,0.033361,0.088542,0.006008,-0.851579
959,0.067592,0.066432,0.41005,-0.666088,0.202247,-0.71796,-0.275656,-0.961123,-0.015079,-0.692274,0.187609,0.69684,-0.001396,-0.010109,0.00927,-0.033596,0.020771,-0.014549,-1.912738,-0.093294,0.08897,0.389446,0.651269,0.25221,0.715702,-0.402712,0.91421,0.044454,-0.643887,-0.317499,0.696036,0.014086,-0.015869,0.018745,-0.068083,-0.011254,-0.016381,-1.404093,0.046468,0.064708,0.014095,-0.477802,-0.382847,0.790653,0.503755,-0.856758,-0.110431,0.719677,0.345532,0.602222,0.006864,-0.007351,0.009597,-0.073403,-0.012798,0.018364,-0.903611,0.070488,0.055257,-0.034566,-0.586805,0.357346,-0.726609,-0.481034,-0.875685,-0.042182,-0.651356,0.324771,0.685753,0.004687,-0.006794,0.003594,-0.0338,0.00388,0.014127,-0.854355
960,0.067668,0.066364,0.410129,-0.66801,0.203225,-0.715896,-0.275376,-0.961189,-0.015976,-0.690532,0.186209,0.698941,0.001168,0.002987,0.001241,0.139713,0.289172,0.172827,-1.912839,-0.092963,0.088517,0.39002,0.652568,0.254196,0.713814,-0.40379,0.913761,0.043906,-0.641893,-0.317211,0.698006,0.011876,-0.005305,0.010231,0.129933,-0.235135,-0.1325,-1.404151,0.046634,0.06448,0.014387,-0.478657,-0.383855,0.789646,0.505032,-0.85606,-0.110007,0.718212,0.346141,0.603619,0.00719,-0.008461,0.009176,0.228313,-0.453801,-0.320267,-0.901488,0.070522,0.055211,-0.034527,-0.588016,0.357744,-0.725434,-0.480785,-0.875821,-0.042196,-0.650447,0.323966,0.686996,0.000365,0.000933,0.000387,0.233371,0.517167,0.256274,-0.854845
961,0.067702,0.066415,0.410179,-0.669535,0.204651,-0.714063,-0.275307,-0.961184,-0.017411,-0.689081,0.184668,0.700779,0.000364,-0.005613,0.011138,0.030909,0.146263,0.078572,-1.912666,-0.092798,0.088349,0.390216,0.650888,0.254922,0.715088,-0.404228,0.913639,0.042394,-0.643321,-0.316981,0.696795,0.012381,-0.007033,0.00956,-0.030634,-0.016531,0.004376,-1.403867,0.046721,0.064394,0.014493,-0.4772,-0.385525,0.789715,0.504906,-0.855787,-0.112681,0.71927,0.344961,0.603036,0.006206,-0.003599,0.004742,-0.040844,-0.00218,0.018685,-0.902142,0.07054,0.055239,-0.034505,-0.589749,0.360426,-0.722694,-0.480671,-0.875769,-0.044521,-0.648961,0.321122,0.689731,0.000755,0.001934,0.000801,0.077812,0.169333,0.082613,-0.854845
962,0.067696,0.06644,0.410446,-0.674111,0.212548,-0.70742,-0.276937,-0.960554,-0.024782,-0.683948,0.178934,0.707266,0.000641,-0.004904,0.011431,0.022747,0.042272,0.216924,-1.913041,-0.092458,0.088017,0.390572,0.64991,0.257818,0.714939,-0.405128,0.913389,0.039057,-0.643743,-0.315359,0.697142,0.012778,-0.008365,0.009049,-0.032778,-0.013643,0.006186,-1.40423,0.046886,0.064232,0.014667,-0.475919,-0.388198,0.789178,0.50514,-0.855199,-0.116045,0.719953,0.343418,0.6031,0.0053,0.000996,0.000198,-0.00408,-0.007787,0.037595,-0.902305,0.070538,0.055255,-0.034371,-0.592913,0.3693,-0.71559,-0.481874,-0.874687,-0.052143,-0.645175,0.313908,0.69657,0.001247,0.003199,0.001324,0.039897,0.069364,0.064392,-0.855008
963,0.067761,0.066278,0.410861,-0.674985,0.21536,-0.705734,-0.278641,-0.960014,-0.02653,-0.682392,0.178465,0.708884,0.000426,-0.005457,0.011205,-0.033522,0.020928,-0.014473,-1.912621,-0.092176,0.087763,0.390864,0.651002,0.259727,0.713252,-0.405607,0.913228,0.03782,-0.642336,-0.314256,0.698935,0.012075,-0.00592,0.010016,-0.033172,-0.013133,0.006507,-1.403995,0.047028,0.064101,0.014807,-0.477077,-0.390073,0.787553,0.505357,-0.8549,-0.1173,0.719035,0.342034,0.604979,0.005058,0.001839,0.000528,-0.001796,-0.008712,0.034258,-0.902305,0.070572,0.055182,-0.03417,-0.592888,0.371941,-0.714242,-0.48339,-0.873753,-0.053746,-0.644063,0.313392,0.69783,0.000221,-0.002691,0.005617,-0.037626,0.011712,-0.019053,-0.852886
964,0.067759,0.066102,0.411142,-0.67532,0.21529,-0.705435,-0.279136,-0.95989,-0.025803,-0.681859,0.179213,0.709209,0.000582,-0.005059,0.011373,-0.032779,0.007831,0.01119,-1.912665,-0.09202,0.08767,0.391023,0.652112,0.261473,0.711599,-0.405637,0.913276,0.036311,-0.64119,-0.312667,0.700697,0.009773,0.004892,0.001543,0.010827,-0.027167,0.021824,-1.403979,0.047103,0.06405,0.01489,-0.478301,-0.392033,0.785835,0.505165,-0.854783,-0.11896,0.718356,0.340078,0.606886,0.005881,-0.002435,0.005211,-0.032225,-0.01862,0.041988,-0.902305,0.07057,0.055094,-0.03403,-0.593205,0.371889,-0.714006,-0.483866,-0.873536,-0.052978,-0.643413,0.314056,0.698131,0.000232,-0.002664,0.005631,-0.033467,0.006565,0.01066,-0.855008
965,0.067736,0.06554,0.41195,-0.678986,0.218259,-0.70099,-0.280671,-0.959411,-0.026936,-0.677576,0.17818,0.713561,-3.4e-05,-0.013197,0.021503,0.007272,0.189929,0.073985,-1.912882,-0.09168,0.087561,0.391388,0.652893,0.261001,0.711055,-0.405813,0.913146,0.037599,-0.640283,-0.31344,0.701182,0.000779,-0.005584,0.010529,-0.035439,0.00233,-0.022574,-1.403896,0.047277,0.063996,0.015068,-0.479157,-0.391365,0.785647,0.505525,-0.854775,-0.117488,0.717532,0.340869,0.607417,0.005512,-0.001175,0.005705,-0.034269,-0.012091,0.006824,-0.897896,0.070558,0.054815,-0.033634,-0.596096,0.375333,-0.709783,-0.485224,-0.87272,-0.05399,-0.639707,0.312221,0.702346,-0.000222,-0.007093,0.010548,0.054653,0.310842,0.101306,-0.857621
966,0.067707,0.064953,0.412964,-0.68437,0.225878,-0.693299,-0.283782,-0.958334,-0.032175,-0.670832,0.174439,0.720821,0.001369,-0.009613,0.023,0.069901,0.328395,0.139084,-1.912328,-0.091365,0.087496,0.391809,0.653869,0.260373,0.710389,-0.40589,0.913048,0.039107,-0.639238,-0.314247,0.701774,0.01085,-0.001727,0.011671,-0.031375,-0.026919,0.031754,-1.403825,0.047435,0.063964,0.015283,-0.480282,-0.390837,0.785222,0.505909,-0.85475,-0.116004,0.716508,0.341537,0.608249,0.005512,-0.001183,0.005706,-0.033738,-0.012859,0.006357,-0.898549,0.070542,0.054506,-0.033109,-0.599962,0.383964,-0.701866,-0.487968,-0.870845,-0.059286,-0.633981,0.306919,0.709836,0.000742,-0.004621,0.011576,0.084329,0.361467,0.155632,-0.861867
967,0.067699,0.064467,0.414164,-0.686358,0.231483,-0.689473,-0.287894,-0.957015,-0.03479,-0.667041,0.174323,0.724359,0.003344,-0.004558,0.025074,-0.054774,-0.062002,0.205506,-1.912956,-0.091091,0.087397,0.392228,0.653399,0.262747,0.709947,-0.406253,0.913009,0.036158,-0.639487,-0.312383,0.702379,0.000743,-0.005462,0.010585,-0.030804,-0.004015,-0.026471,-1.404203,0.047575,0.063918,0.015494,-0.479719,-0.393268,0.784352,0.505702,-0.854444,-0.119118,0.717031,0.339506,0.60877,0.005431,-0.000907,0.005817,-0.037172,-0.015581,0.044498,-0.898713,0.070536,0.054262,-0.03252,-0.601057,0.390001,-0.697588,-0.491473,-0.868669,-0.062183,-0.630225,0.30547,0.713795,0.000899,-0.0075,0.017146,-0.112255,0.019951,-0.032816,-0.859254
968,0.067715,0.064247,0.414804,-0.687635,0.2339,-0.687382,-0.289708,-0.956434,-0.035713,-0.664938,0.174285,0.726298,-0.006934,0.000202,0.027676,-0.061913,0.040688,-0.002347,-1.912502,-0.090992,0.087316,0.392451,0.653563,0.262776,0.709786,-0.406656,0.912808,0.036668,-0.639063,-0.312943,0.702515,0.011154,-0.002767,0.011275,-0.033292,-0.01309,0.006547,-1.404268,0.04762,0.063877,0.015605,-0.47985,-0.393152,0.78433,0.506174,-0.854248,-0.118523,0.716611,0.340134,0.608914,0.000257,-0.002364,0.00543,-0.035579,-0.008483,0.005105,-0.898712,0.070548,0.054151,-0.0322,-0.601667,0.392667,-0.695563,-0.493179,-0.867628,-0.0632,-0.628307,0.305011,0.715678,0.001173,-0.0068,0.017436,-0.107749,0.015595,-0.002773,-0.859581
969,0.067797,0.063914,0.415983,-0.689676,0.235864,-0.684662,-0.29206,-0.95574,-0.035128,-0.66179,0.175436,0.728892,0.003434,-0.004328,0.025159,-0.066248,0.028859,-0.003243,-1.91265,-0.090831,0.087229,0.392879,0.655628,0.26644,0.706508,-0.40699,0.912778,0.033613,-0.636731,-0.309923,0.705963,0.000289,-0.003928,0.011184,-0.0029,-0.041881,-0.049625,-1.403974,0.047701,0.063832,0.015814,-0.482082,-0.397037,0.780998,0.505981,-0.853904,-0.121777,0.715248,0.336463,0.612545,2.6e-05,-0.001581,0.005739,0.001739,-0.053052,-0.018109,-0.897569,0.070587,0.053994,-0.031616,-0.603207,0.39481,-0.693011,-0.495285,-0.866476,-0.06253,-0.625166,0.30552,0.718209,0.001756,-0.002015,0.012639,-0.069555,0.006443,0.017916,-0.859417
970,0.067962,0.063814,0.416879,-0.691738,0.237361,-0.682058,-0.293491,-0.955311,-0.034876,-0.659,0.175752,0.73134,0.003175,-0.004986,0.024879,-0.005534,0.163952,0.05893,-1.911558,-0.09068,0.087167,0.393354,0.654899,0.269092,0.706179,-0.407668,0.912585,0.030483,-0.637047,-0.308197,0.706434,0.010119,0.000704,0.012621,-0.02665,-0.033101,0.027816,-1.403939,0.047777,0.063798,0.016055,-0.481099,-0.39951,0.780343,0.506007,-0.853428,-0.124963,0.715891,0.334739,0.612738,-8.3e-05,-0.001217,0.005878,-0.042319,-0.001985,0.018552,-0.892997,0.070672,0.053946,-0.031158,-0.604853,0.396556,-0.690575,-0.496652,-0.865722,-0.062131,-0.622485,0.305395,0.720586,0.001719,-0.002116,0.012587,0.017716,0.202296,0.108986,-0.859581
971,0.068049,0.063775,0.417254,-0.693198,0.239102,-0.679964,-0.294295,-0.955026,-0.035879,-0.657104,0.174935,0.733238,0.012846,-0.011248,0.021685,-0.020588,0.113602,0.071948,-1.907956,-0.090636,0.087124,0.393612,0.654981,0.269218,0.706055,-0.408188,0.912337,0.030951,-0.636629,-0.308822,0.706538,-0.000497,-0.001275,0.012206,-0.033339,-0.011847,0.002432,-1.404136,0.047803,0.063777,0.016184,-0.481198,-0.399435,0.78032,0.506563,-0.853187,-0.124354,0.715431,0.335442,0.612891,-0.000238,-0.0007,0.006077,-0.036157,-0.008772,0.005508,-0.892997,0.070718,0.053929,-0.030959,-0.606113,0.398828,-0.688158,-0.49738,-0.865215,-0.063362,-0.620676,0.303871,0.722788,0.006346,-0.005788,0.010774,-0.029405,0.092567,0.061641,-0.857131
972,0.068202,0.063752,0.417765,-0.6945,0.241201,-0.677891,-0.295574,-0.954591,-0.036916,-0.655154,0.174422,0.735103,0.00222,-0.000854,0.013079,-0.031281,0.011182,0.012723,-1.898379,-0.090613,0.087079,0.39406,0.656201,0.271033,0.704225,-0.408683,0.91215,0.029919,-0.635053,-0.307788,0.708405,-0.00034,-0.001807,0.011997,-0.032932,-0.012397,0.002098,-1.404013,0.047814,0.063756,0.016409,-0.482538,-0.4013,0.778534,0.506841,-0.852859,-0.12547,0.714331,0.334049,0.614932,-0.000125,-0.001086,0.005927,-0.037595,-0.004065,0.008613,-0.893324,0.070793,0.053917,-0.030709,-0.606946,0.401052,-0.686128,-0.498468,-0.864514,-0.064378,-0.618987,0.302939,0.724625,0.000991,-0.00071,0.006425,-0.039742,-0.008726,0.003095,-0.857785
973,0.06826,0.063648,0.418145,-0.695994,0.242904,-0.675748,-0.296402,-0.954299,-0.037828,-0.653193,0.173656,0.737027,-0.000129,-0.006916,0.010685,-0.033749,0.020382,-0.014734,-1.898237,-0.090603,0.086988,0.394491,0.657199,0.273059,0.70251,-0.409382,0.911875,0.028703,-0.633568,-0.30681,0.710156,0.000149,-0.00346,0.011364,-0.030998,-0.01502,0.000513,-1.40414,0.047819,0.063715,0.016621,-0.483631,-0.403384,0.776776,0.507251,-0.852412,-0.126841,0.7133,0.332677,0.61687,2e-06,-0.00151,0.005765,-0.039219,0.000905,0.013727,-0.893814,0.070824,0.05387,-0.030517,-0.608023,0.402901,-0.684089,-0.499183,-0.864039,-0.065207,-0.617351,0.301839,0.726477,-0.000313,-0.004078,0.005097,-0.035888,0.01551,-0.017024,-0.858111
974,0.068271,0.063502,0.418348,-0.697917,0.24133,-0.674327,-0.296653,-0.954344,-0.03459,-0.651023,0.175593,0.738486,-0.000686,-0.008356,0.01012,-0.191669,0.153932,-0.152642,-1.896585,-0.090605,0.086876,0.394838,0.657341,0.273218,0.702315,-0.410092,0.911535,0.029385,-0.632961,-0.307682,0.710321,-0.001284,0.004338,0.001651,1e-06,-1e-06,-0.0,-1.403707,0.047817,0.063659,0.016804,-0.483732,-0.403402,0.776703,0.508082,-0.852028,-0.12609,0.712638,0.333636,0.617115,-0.000624,0.002086,0.000795,-0.000554,0.00041,-3.2e-05,-0.892671,0.070828,0.05379,-0.030413,-0.610263,0.401748,-0.682771,-0.499542,-0.864072,-0.061936,-0.614846,0.303276,0.728001,-0.000383,-0.00427,0.005023,-0.204583,0.164582,-0.163781,-0.857785
