frame,MLTx,MLTy,MLTz,MLTR1,MLTR2,MLTR3,MLTR4,MLTR5,MLTR6,MLTR7,MLTR8,MLTR9,MLTTVx,MLTTVy,MLTTVz,MLTRVx,MLTRVy,MLTRVz,MLGA,MRTx,MRTy,MRTz,MRTR1,MRTR2,MRTR3,MRTR4,MRTR5,MRTR6,MRTR7,MRTR8,MRTR9,MRTTVx,MRTTVy,MRTTVz,MRTRVx,MRTRVy,MRTRVz,MRGA,SLTx,SLTy,SLTz,SLTR1,SLTR2,SLTR3,SLTR4,SLTR5,SLTR6,SLTR7,SLTR8,SLTR9,SLTTVx,SLTTVy,SLTTVz,SLTRVx,SLTRVy,SLTRVz,SLGA,SRTx,SRTy,SRTz,SRTR1,SRTR2,SRTR3,SRTR4,SRTR5,SRTR6,SRTR7,SRTR8,SRTR9,SRTTVx,SRTTVy,SRTTVz,SRTRVx,SRTRVy,SRTRVz,SRGA
1797,0.069829,0.027397,0.377876,-0.416007,0.084615,-0.905441,-0.147852,-0.988691,-0.024523,-0.896763,0.123558,0.424942,-0.000578,-0.001548,-0.001024,0.017222,0.086227,0.045662,-1.706792,-0.195182,0.052518,0.3333,0.563114,0.271031,0.780664,-0.826286,0.184818,0.532004,-0.000789,-0.944947,0.327015,0.000137,0.002129,0.001471,-0.050109,0.122393,0.092605,0.1874,0.021736,0.048668,-0.010535,-0.552795,-0.196888,0.809723,0.822199,-0.287058,0.491513,0.135664,0.93746,0.320566,9.5e-05,0.001451,0.000998,-0.09512,0.198823,0.151398,-0.006983,0.049342,0.037905,-0.05229,-0.456604,0.169861,-0.873303,-0.124321,-0.984155,-0.126421,-0.88094,0.050846,0.470487,-0.000382,-0.001022,-0.000674,0.021317,0.137396,0.034977,-0.772547
1798,0.069823,0.027392,0.377848,-0.415931,0.084702,-0.905468,-0.147845,-0.988689,-0.024633,-0.8968,0.123511,0.424878,-0.000483,-0.001293,-0.000855,0.000296,0.001483,0.000785,-1.718256,-0.195162,0.052556,0.333313,0.567944,0.26104,0.780569,-0.8228,0.199532,0.53209,-0.017555,-0.944754,0.327099,6.8e-05,0.001061,0.000733,4.313917,2.943359,1.809708,0.248602,0.021747,0.048684,-0.010525,-0.555387,-0.189396,0.809736,0.81851,-0.296528,0.492048,0.146918,0.936055,0.31971,0.006186,0.000461,-0.000107,0.014186,-0.02503,0.022127,0.059803,0.049339,0.037902,-0.052304,-0.456603,0.169946,-0.873287,-0.124304,-0.984143,-0.126526,-0.880943,0.050781,0.470488,-0.000293,-0.000784,-0.000518,-0.002159,-0.011553,-0.007133,-0.772384
1799,0.069802,0.027358,0.377838,-0.416007,0.084602,-0.905442,-0.147825,-0.988695,-0.024521,-0.896768,0.123534,0.424939,-0.000429,-0.001149,-0.00076,0.0,0.0,0.0,-1.748437,-0.195124,0.052627,0.333314,0.587051,0.225029,0.77764,-0.807008,0.237321,0.540694,-0.063606,-0.945236,0.319915,5.4e-05,0.00084,0.00058,-0.002083,0.369333,0.266187,0.399757,0.021761,0.048717,-0.010526,-0.570577,-0.149077,0.807599,0.797296,-0.336297,0.501219,0.196874,0.929881,0.310742,2.4e-05,0.000575,0.0004,1.068134,1.394064,0.903511,0.240566,0.049329,0.037886,-0.052309,-0.456577,0.169763,-0.873337,-0.124267,-0.984172,-0.126342,-0.880962,0.050842,0.470446,0.000363,0.004493,-0.004956,0.033272,-0.0065,-0.010543,-0.772547
1800,0.069799,0.027351,0.377833,-0.416184,0.084342,-0.905385,-0.147714,-0.988718,-0.024263,-0.896704,0.123528,0.425075,-2e-06,-4e-06,-3e-06,0.0,0.0,0.0,-1.813477,-0.195034,0.052573,0.333282,0.600823,0.192395,0.775878,-0.79371,0.258044,0.550792,-0.094984,-0.946969,0.306743,0.000289,-0.013937,0.005735,-0.219333,0.459986,0.321363,0.514832,0.02181,0.0487,-0.010541,-0.580006,-0.115323,0.806407,0.782087,-0.355763,0.511636,0.227887,0.927433,0.296537,-4e-05,-0.000722,-0.000511,-0.202753,0.564784,0.426233,0.41643,0.049327,0.03788,-0.052313,-0.456742,0.169492,-0.873303,-0.124146,-0.984219,-0.126091,-0.880894,0.050826,0.470576,9e-06,2.8e-05,1.8e-05,-3.8e-05,-1.7e-05,1.3e-05,-0.771077
1801,0.069793,0.027313,0.377855,-0.416256,0.084287,-0.905357,-0.147779,-0.988711,-0.024162,-0.89666,0.123623,0.425141,-0.000168,-0.000449,-0.000297,0.0,0.0,0.0,-1.833708,-0.195,0.052506,0.333245,0.600122,0.182712,0.778757,-0.793826,0.254942,0.552068,-0.098411,-0.949711,0.297032,-0.00022,-0.003445,-0.002382,-0.115203,0.282236,0.205255,0.532738,0.021827,0.048661,-0.010558,-0.578567,-0.103831,0.808998,0.782095,-0.352127,0.514133,0.231487,0.930174,0.284935,-0.000115,-0.001896,-0.001318,-0.089732,0.250079,0.192117,0.478154,0.049324,0.037862,-0.052301,-0.456811,0.169433,-0.873278,-0.124207,-0.984225,-0.125986,-0.880849,0.050915,0.47065,-0.000108,-0.000279,-0.000184,-2.9e-05,-1.5e-05,1.4e-05,-0.770914
1802,0.069722,0.027252,0.377898,-0.414745,0.086282,-0.905863,-0.147838,-0.988641,-0.026538,-0.897351,0.1228,0.423919,-0.001292,-0.010502,0.008913,-0.033973,0.019817,-0.014999,-1.845547,-0.195128,0.052256,0.333068,0.592155,0.157281,0.79032,-0.798545,0.245208,0.549665,-0.108073,-0.956767,0.269778,-0.000484,-0.00752,-0.005211,-0.146995,0.295899,0.344136,0.536031,0.021764,0.04854,-0.010644,-0.56649,-0.080338,0.820143,0.788183,-0.343316,0.510784,0.240532,0.935777,0.257806,-0.000236,-0.003693,-0.00256,-0.229815,0.503304,0.284879,0.510648,0.049289,0.037835,-0.052284,-0.455341,0.171549,-0.873633,-0.12435,-0.983896,-0.128389,-0.88159,0.050176,0.469341,6e-06,1.7e-05,1.2e-05,-0.001796,0.001823,-0.002799,-0.771077
1803,0.069677,0.027238,0.37796,-0.414865,0.086176,-0.905818,-0.147927,-0.988633,-0.026363,-0.897281,0.122944,0.424026,3.8e-05,0.000101,6.7e-05,0.0,0.0,0.0,-1.846239,-0.195158,0.05203,0.33283,0.587526,0.139949,0.797006,-0.801217,0.237857,0.549008,-0.113466,-0.961282,0.25085,-0.00052,-0.008046,-0.005591,-0.089812,0.037267,0.482291,0.536725,0.021748,0.048421,-0.010767,-0.559625,-0.063203,0.826331,0.791505,-0.336296,0.510317,0.245638,0.939632,0.238226,-0.00026,-0.0041,-0.002849,-0.084341,0.022061,0.495515,0.51718,0.049267,0.037825,-0.052249,-0.455489,0.171401,-0.873585,-0.124452,-0.983913,-0.128159,-0.881499,0.050345,0.469493,-0.000625,-0.005188,0.0045,-0.034016,0.01985,-0.015041,-0.766505
1804,0.069665,0.027129,0.377995,-0.415047,0.086025,-0.905749,-0.148062,-0.988619,-0.026107,-0.897175,0.123157,0.424189,-0.000334,-0.000894,-0.000591,0.0,0.0,0.0,-1.880949,-0.195233,0.05209,0.332448,0.589956,0.121757,0.798197,-0.797341,0.242952,0.552408,-0.127393,-0.96246,0.239385,-0.000798,0.006013,-0.011236,-0.011373,-0.064976,0.347665,0.537107,0.021711,0.048444,-0.010957,-0.559598,-0.044464,0.82757,0.787202,-0.340769,0.513993,0.259156,0.939094,0.225696,-0.000366,0.003402,-0.005344,-0.019024,0.008624,0.210414,0.518486,0.049261,0.037772,-0.05223,-0.455663,0.171238,-0.873526,-0.124577,-0.983932,-0.127897,-0.881391,0.050543,0.469674,-0.000216,-0.00057,-0.000376,-8e-06,8e-06,1.3e-05,-0.767321
1805,0.069664,0.02709,0.377993,-0.415099,0.085974,-0.90573,-0.148084,-0.988618,-0.026033,-0.897147,0.123204,0.424235,-0.000381,-0.00102,-0.000675,0.0,0.0,0.0,-1.882805,-0.195282,0.052199,0.332272,0.590517,0.115477,0.798715,-0.795896,0.246447,0.552944,-0.133717,-0.962337,0.23641,-0.000685,0.007754,-0.010021,0.014212,-0.06225,0.167257,0.537507,0.021686,0.048495,-0.011047,-0.55947,-0.038167,0.827971,0.785241,-0.344161,0.514732,0.26531,0.938134,0.222518,-0.00035,0.003658,-0.005168,-0.039056,0.423535,-0.573913,0.51914,0.04926,0.037752,-0.052232,-0.455714,0.171184,-0.87351,-0.124596,-0.983939,-0.127823,-0.881362,0.050585,0.469724,0.005987,-0.002287,-0.00145,0.00098,-0.014714,0.02957,-0.767321
1806,0.069711,0.027061,0.37801,-0.415149,0.085945,-0.905709,-0.148137,-0.988611,-0.025969,-0.897115,0.123274,0.424282,2.8e-05,7.5e-05,5e-05,0.0,0.0,0.0,-1.878675,-0.195374,0.052168,0.331919,0.588117,0.111812,0.801004,-0.797486,0.244395,0.551562,-0.134817,-0.963288,0.23187,-0.000617,-0.009444,-0.006602,-0.002013,-0.057944,0.076647,0.53752,0.02164,0.048493,-0.011221,-0.556477,-0.035255,0.830114,0.787042,-0.342547,0.513055,0.266266,0.938838,0.218367,-0.000314,-0.00489,-0.003419,0.00448,-0.072325,0.073613,0.519793,0.049283,0.037736,-0.052224,-0.455762,0.171152,-0.873491,-0.124647,-0.983941,-0.127756,-0.88133,0.050651,0.469776,0.006249,-0.001584,-0.000985,0.000975,-0.014718,0.029553,-0.766832
1807,0.069702,0.027055,0.37803,-0.41518,0.085923,-0.905697,-0.148172,-0.988607,-0.025924,-0.897095,0.123322,0.424311,0.000254,0.000679,0.000449,0.0,0.0,0.0,-1.834123,-0.195586,0.051591,0.33155,0.589812,0.105999,0.800548,-0.795241,0.247951,0.553215,-0.140584,-0.963029,0.229509,-0.01351,-0.017299,-0.011319,-0.005898,0.050695,-0.074537,0.537662,0.02154,0.048217,-0.011396,-0.557579,-0.029326,0.829605,0.784386,-0.345757,0.514965,0.27174,0.937865,0.21579,-0.000583,-0.008898,-0.006249,0.014516,-0.094766,0.107164,0.520283,0.049278,0.037732,-0.052215,-0.455792,0.171128,-0.873479,-0.12468,-0.983943,-0.12771,-0.88131,0.050697,0.46981,0.00017,0.000455,0.0003,-4e-06,-1.2e-05,7e-06,-0.758014
1808,0.069716,0.027059,0.378044,-0.414642,0.088426,-0.905703,-0.154065,-0.987705,-0.025958,-0.896352,0.128657,0.424296,8.2e-05,0.000219,0.000145,-0.001095,-3.1e-05,0.000513,-1.834065,-0.195776,0.051159,0.331327,0.589114,0.105709,0.801101,-0.795736,0.247663,0.552631,-0.140712,-0.963135,0.228986,-0.00134,-0.020003,-0.014105,-0.003135,0.03402,-0.046417,0.537588,0.02144,0.048001,-0.011508,-0.556781,-0.029253,0.830143,0.784921,-0.345574,0.514272,0.271832,0.937935,0.21537,-0.006878,-0.010353,-0.006876,-0.005244,0.046562,-0.07715,0.520446,0.049286,0.037736,-0.052206,-0.455323,0.173641,-0.873228,-0.130612,-0.983212,-0.127407,-0.880693,0.056043,0.470359,4.5e-05,0.000121,8e-05,-0.003103,-0.001311,0.002033,-0.757197
1809,0.069696,0.027008,0.37807,-0.416855,0.090001,-0.904531,-0.154234,-0.987644,-0.02725,-0.895294,0.128032,0.426713,-0.000197,-0.000528,-0.000349,0.017345,0.086255,0.045562,-1.838379,-0.19639,0.04994,0.330853,0.585318,0.103978,0.804104,-0.798386,0.246176,0.549465,-0.141542,-0.963702,0.22607,-0.014295,-0.026995,-0.018367,-0.006715,0.066147,-0.098937,0.537537,0.021148,0.047411,-0.011738,-0.552788,-0.0281,0.832847,0.787504,-0.344444,0.511071,0.272508,0.938386,0.212533,-0.006941,-0.019458,-0.005611,-0.043912,0.079765,-0.115291,0.520446,0.049276,0.037711,-0.052193,-0.457622,0.175109,-0.871732,-0.130866,-0.983002,-0.128761,-0.879463,0.055156,0.472759,-0.00636,0.001297,0.000797,0.018668,0.109134,0.01994,-0.760137
1810,0.069649,0.026987,0.378127,-0.415162,0.092224,-0.905086,-0.154367,-0.987547,-0.029877,-0.896059,0.12719,0.425357,0.000407,0.001088,0.00072,3e-06,1.6e-05,8e-06,-1.837706,-0.197255,0.048423,0.330268,0.583245,0.103095,0.805722,-0.799871,0.245079,0.547793,-0.14171,-0.964075,0.224367,-0.027326,-0.032627,-0.021797,-0.008737,0.081282,-0.128235,0.537334,0.02071,0.046638,-0.012035,-0.550475,-0.027484,0.834398,0.789089,-0.343485,0.509269,0.272607,0.938755,0.210767,-0.013511,-0.022951,-0.007807,-0.047503,0.113465,-0.169678,0.520609,0.049251,0.037697,-0.052167,-0.45591,0.177344,-0.872177,-0.13107,-0.98264,-0.131292,-0.880321,0.054459,0.47124,0.000273,0.000731,0.000484,-0.000639,-0.001246,-0.001671,-0.762259
1811,0.069594,0.026903,0.378238,-0.416952,0.096169,-0.903851,-0.16054,-0.986529,-0.030966,-0.89414,0.132066,0.427901,-0.001205,-0.010268,0.009074,-0.033628,0.021544,-0.014088,-1.836475,-0.198389,0.04695,0.329486,0.585192,0.107229,0.803769,-0.798708,0.246772,0.548728,-0.14023,-0.963197,0.229019,-0.04017,-0.033356,-0.021793,0.119136,-0.46605,0.656815,0.537248,0.020133,0.045883,-0.012439,-0.552738,-0.031444,0.83276,0.787962,-0.345019,0.509976,0.271283,0.938068,0.215482,-0.02008,-0.016765,-0.01094,0.120111,-0.50167,0.735874,0.520446,0.049225,0.037662,-0.052113,-0.457828,0.181165,-0.870385,-0.137318,-0.981678,-0.132099,-0.878371,0.059041,0.474317,4.2e-05,0.000115,7.8e-05,-0.001524,-0.012849,-0.007046,-0.762096
1812,0.069557,0.026888,0.378287,-0.419144,0.097758,-0.902667,-0.160716,-0.986459,-0.032265,-0.893081,0.13142,0.430304,0.000251,0.000671,0.000444,0.006559,0.032566,0.017174,-1.836846,-0.198965,0.046339,0.329051,0.586024,0.107047,0.803186,-0.797228,0.25283,0.548122,-0.145118,-0.961645,0.232471,-0.027642,-0.03196,-0.021746,-0.000737,0.064061,-0.141314,0.537078,0.019845,0.045573,-0.012659,-0.553703,-0.031345,0.832123,0.785616,-0.350968,0.509536,0.276077,0.935862,0.218958,-0.013812,-0.016027,-0.010889,-0.021116,0.090781,-0.127716,0.520446,0.049206,0.037649,-0.052086,-0.460165,0.182654,-0.86884,-0.13759,-0.981456,-0.133458,-0.877106,0.058131,0.476764,0.000131,0.000355,0.000236,0.001831,0.000378,-0.000879,-0.76177
1813,0.069504,0.02691,0.378301,-0.419212,0.097653,-0.902646,-0.160671,-0.98647,-0.032161,-0.893057,0.131419,0.430355,-0.00027,-0.000721,-0.000477,1e-06,6e-06,3e-06,-1.836315,-0.200164,0.0452,0.328251,0.584719,0.101693,0.804832,-0.795058,0.26842,0.543845,-0.161448,-0.957987,0.236766,-0.027476,-0.027143,-0.018448,0.012492,0.035335,-0.163131,0.536913,0.019255,0.045006,-0.013058,-0.551687,-0.026216,0.833638,0.781249,-0.366221,0.5055,0.292044,0.930158,0.222521,-0.020002,-0.013253,-0.008562,0.005933,-0.06821,0.004117,0.520446,0.049181,0.037664,-0.052076,-0.459983,0.182352,-0.869,-0.137491,-0.981507,-0.133183,-0.877217,0.058218,0.476549,-0.006452,0.001048,0.000632,-0.001098,0.013536,-0.030249,-0.762749
1814,0.069492,0.026891,0.378264,-0.419327,0.097464,-0.902614,-0.160545,-0.986495,-0.031995,-0.893026,0.131365,0.430436,-0.000353,-0.000944,-0.000625,0.0,0.0,0.0,-1.798689,-0.201337,0.0442,0.3277,0.58191,0.109838,0.805797,-0.797468,0.270776,0.539129,-0.159691,-0.956435,0.244122,-0.027189,-0.021603,-0.014496,0.169327,-0.308759,-0.423304,0.536444,0.018668,0.044503,-0.013335,-0.550496,-0.032458,0.834205,0.782576,-0.368055,0.502105,0.290736,0.929237,0.228014,-0.013514,-0.009976,-0.00661,0.189146,-0.480355,-0.273476,0.520609,0.049174,0.037652,-0.052096,-0.460083,0.182149,-0.86899,-0.137353,-0.981549,-0.133021,-0.877186,0.058158,0.476613,-0.000188,-0.000509,-0.000336,3.7e-05,8e-06,-3e-05,-0.761933
1815,0.069503,0.026865,0.378247,-0.419336,0.097452,-0.902611,-0.160539,-0.986497,-0.031984,-0.893022,0.131364,0.430444,0.012187,-0.00402,-0.002535,0.000984,-0.014715,0.029553,-1.741868,-0.201874,0.043835,0.327448,0.580131,0.112263,0.806744,-0.798816,0.271419,0.536804,-0.159417,-0.955974,0.246097,-0.026994,-0.01859,-0.012303,0.039649,-0.132572,-0.005089,0.536652,0.0184,0.044318,-0.013463,-0.548223,-0.037337,0.835497,0.784344,-0.369678,0.498138,0.290266,0.928409,0.231951,-0.013467,-0.009064,-0.005958,0.01223,-0.001711,-0.154756,0.520609,0.049175,0.037639,-0.052104,-0.460105,0.182115,-0.868985,-0.137337,-0.981555,-0.13299,-0.877177,0.058154,0.47663,-0.000163,-0.000439,-0.000291,3.2e-05,6e-06,-2.3e-05,-0.747727
1816,0.069568,0.026833,0.378192,-0.419328,0.097435,-0.902616,-0.160464,-0.986508,-0.032003,-0.893039,0.13129,0.43043,0.012282,-0.003768,-0.002369,0.000984,-0.014715,0.029553,-1.647351,-0.202813,0.043202,0.327055,0.581246,0.119062,0.804965,-0.798416,0.273875,0.536152,-0.157341,-0.954458,0.253213,-0.02671,-0.014231,-0.009111,0.001954,0.02391,-0.071663,0.536617,0.01792,0.043996,-0.013663,-0.550395,-0.043965,0.833745,0.783581,-0.371924,0.497666,0.28821,0.927221,0.239156,-0.013333,-0.006938,-0.004407,-0.019496,0.054187,-0.056327,0.520609,0.049207,0.037623,-0.052133,-0.460097,0.182098,-0.868993,-0.137261,-0.981563,-0.133013,-0.877194,0.05808,0.476609,-9.7e-05,-0.000264,-0.000175,2.8e-05,0.0,-5e-06,-0.7216
1817,0.069632,0.026875,0.378077,-0.419114,0.097601,-0.902698,-0.16027,-0.98653,-0.032311,-0.893175,0.131005,0.430236,-0.000465,-0.001244,-0.000824,0.0,0.0,0.0,-1.558002,-0.203406,0.042689,0.326678,0.582539,0.122854,0.803459,-0.797733,0.275307,0.536434,-0.156014,-0.95357,0.257346,-0.001115,-0.01186,-0.008978,-0.001327,0.016592,-0.023529,0.536469,0.017624,0.043744,-0.013848,-0.552254,-0.047328,0.832331,0.782725,-0.37311,0.498125,0.286976,0.926578,0.243097,-0.006902,-0.005791,-0.003972,0.002254,-0.077643,0.112043,0.520609,0.049244,0.037646,-0.052189,-0.459867,0.182317,-0.869069,-0.137097,-0.981538,-0.133366,-0.87734,0.057816,0.476372,4e-06,7e-06,3e-06,1.5e-05,7e-06,-9e-06,-0.716048
1818,0.069622,0.026935,0.378045,-0.419038,0.097632,-0.902729,-0.160152,-0.986546,-0.032415,-0.893232,0.130863,0.430161,0.000378,0.001012,0.00067,0.0,0.0,0.0,-1.464937,-0.203447,0.042443,0.326505,0.579388,0.130529,0.804527,-0.8003,0.277486,0.531466,-0.154587,-0.951927,0.264198,-0.000101,-0.001076,-0.000816,0.037192,-0.082153,-0.062244,0.534526,0.017602,0.043607,-0.013944,-0.549928,-0.055615,0.833357,0.784783,-0.37586,0.492791,0.285819,0.925005,0.250342,0.006341,-0.000308,-0.000629,0.021522,-0.082966,-0.020792,0.522079,0.049238,0.03767,-0.052208,-0.459805,0.182335,-0.869098,-0.136974,-0.981542,-0.133459,-0.877392,0.057679,0.476293,0.000221,0.000601,0.000399,5e-06,-1.2e-05,-1.1e-05,-0.714415
1819,0.06963,0.026963,0.378052,-0.41907,0.097573,-0.902721,-0.160105,-0.986555,-0.032368,-0.893225,0.130837,0.430183,0.000391,0.001044,0.000692,0.0,0.0,0.0,-1.417326,-0.2033,0.042505,0.326519,0.574374,0.137369,0.806979,-0.804039,0.279165,0.524902,-0.153883,-0.950482,0.269755,0.01297,0.002554,0.001135,0.125987,-0.288748,-0.178045,0.527438,0.017671,0.043639,-0.013937,-0.545839,-0.062262,0.835573,0.787779,-0.37783,0.486463,0.285417,0.923778,0.255283,6e-05,0.008053,-0.001978,0.215058,-0.398557,-0.235272,0.522242,0.049242,0.037686,-0.052204,-0.459835,0.182275,-0.869095,-0.136924,-0.981555,-0.133415,-0.877384,0.057651,0.476312,0.000256,0.000686,0.000455,7e-06,1.2e-05,1e-06,-0.711639
1820,0.069691,0.027017,0.378087,-0.416821,0.09613,-0.903916,-0.160102,-0.986594,-0.031154,-0.89428,0.131607,0.42775,0.000139,0.000372,0.000246,-6.9e-05,-0.000344,-0.000181,-1.358289,-0.202897,0.042648,0.326699,0.56243,0.1472,0.813631,-0.812454,0.280607,0.510991,-0.153785,-0.948596,0.276367,0.013444,0.007808,0.005106,0.159179,-0.364148,-0.227053,0.49917,0.017873,0.043712,-0.013845,-0.534938,-0.073148,0.841718,0.795208,-0.380182,0.47234,0.285455,0.922014,0.261541,0.006889,-0.001739,0.006354,0.204886,-0.461104,-0.388919,0.508362,0.049274,0.037716,-0.052184,-0.45755,0.180997,-0.870567,-0.136865,-0.981731,-0.132176,-0.878587,0.058673,0.473963,6.4e-05,0.000172,0.000113,0.001066,0.006817,0.003807,-0.712456
1821,0.06978,0.026893,0.378018,-0.416723,0.096297,-0.903944,-0.160193,-0.986575,-0.031309,-0.894309,0.131632,0.427681,-0.00122,-0.003267,-0.002164,-0.00061,0.013557,-0.025425,-1.297128,-0.202239,0.042724,0.327311,0.551983,0.174645,0.815356,-0.823162,0.26958,0.499665,-0.133219,-0.947172,0.291514,0.014794,-0.007202,0.026001,0.113084,-0.532902,-0.093919,0.464065,0.018201,0.043753,-0.013549,-0.52781,-0.102116,0.8432,0.806735,-0.370821,0.460075,0.265696,0.923072,0.278104,0.013598,0.002345,0.009001,0.179752,-0.57795,-0.304967,0.470479,0.04932,0.037658,-0.052216,-0.457499,0.181226,-0.870546,-0.136978,-0.981688,-0.132378,-0.878596,0.058683,0.473945,0.005783,-0.002841,-0.001819,0.00103,-0.014564,0.029605,-0.714415
1822,0.069861,0.026849,0.377955,-0.414527,0.09474,-0.905117,-0.160077,-0.986634,-0.030019,-0.895352,0.13232,0.42528,-0.000709,-0.0019,-0.001259,-0.005554,-0.027652,-0.014608,-1.285108,-0.201812,0.042751,0.327716,0.545092,0.186508,0.817363,-0.828045,0.271707,0.490357,-0.131299,-0.944314,0.301489,0.01477,-0.007285,0.025908,-0.018827,1.189105,-2.50006,0.449801,0.018415,0.043773,-0.013341,-0.524786,-0.11584,0.843314,0.80955,-0.374137,0.452382,0.263112,0.920109,0.29012,0.013565,0.002182,0.008859,0.21749,-0.651981,-0.15006,0.448761,0.049359,0.037632,-0.05225,-0.455087,0.179667,-0.872132,-0.136757,-0.981914,-0.130922,-0.879882,0.05969,0.471428,0.005793,-0.002822,-0.00181,-0.000964,-0.017071,0.029258,-0.717518
1823,0.070027,0.026753,0.377869,-0.414254,0.09513,-0.905201,-0.160195,-0.986602,-0.030432,-0.895457,0.132277,0.425071,0.011817,-0.005023,-0.003204,0.000983,-0.01472,0.029551,-1.284582,-0.201029,0.042745,0.328388,0.523194,0.22192,0.822806,-0.846096,0.24993,0.470734,-0.101823,-0.942714,0.317467,0.026724,9.2e-05,0.014496,0.174181,-0.742297,-0.526596,0.432737,0.018803,0.043778,-0.012993,-0.50544,-0.151148,0.849519,0.830124,-0.353798,0.430952,0.235421,0.923028,0.304296,0.007041,0.000348,0.007863,-0.375045,-0.065639,-0.824687,0.418879,0.049437,0.037585,-0.052292,-0.455075,0.180231,-0.872022,-0.136925,-0.981818,-0.131468,-0.879862,0.059574,0.471479,0.005795,-0.002819,-0.001808,0.000589,-7.2e-05,0.004702,-0.732704
1824,0.070268,0.026606,0.377761,-0.413995,0.095521,-0.905279,-0.160334,-0.986567,-0.030834,-0.895553,0.132256,0.424877,0.011762,-0.005184,-0.003314,0.000984,-0.014715,0.029553,-1.286134,-0.200171,0.042532,0.329115,0.487067,0.250382,0.8367,-0.87073,0.212386,0.443458,-0.067268,-0.944824,0.320383,0.026748,0.000784,0.014973,0.089375,1.142174,-2.251079,0.42384,0.019232,0.043668,-0.012632,-0.473988,-0.186659,0.860518,0.857388,-0.320418,0.40276,0.200547,0.928703,0.311913,0.013498,-0.006002,0.010716,0.038157,-0.699452,-0.026792,0.400264,0.049557,0.03751,-0.052347,-0.454838,0.180641,-0.872061,-0.137082,-0.981743,-0.131864,-0.87996,0.059567,0.471296,-0.000432,-0.001168,-0.000779,4.1e-05,2.4e-05,-5e-06,-0.742501
1825,0.070418,0.02656,0.377685,-0.413851,0.095697,-0.905326,-0.160317,-0.986563,-0.031057,-0.895623,0.13216,0.42476,0.01191,-0.004789,-0.003053,0.000984,-0.014715,0.029553,-1.286414,-0.199743,0.042413,0.329469,0.470488,0.26446,0.841839,-0.880805,0.196716,0.430604,-0.052304,-0.944398,0.324406,0.014252,-0.012888,0.02165,0.096164,0.071927,-0.712322,0.40606,0.019441,0.043618,-0.012459,-0.459117,-0.202796,0.864919,0.868716,-0.306174,0.389345,0.185858,0.930124,0.316741,0.00714,-0.006215,0.010967,0.131065,-0.587619,-0.148696,0.389977,0.049632,0.037487,-0.052385,-0.4547,0.180825,-0.872094,-0.137074,-0.981714,-0.132086,-0.880032,0.059482,0.471172,0.006538,0.002701,-0.006091,0.03502,-0.03446,0.044576,-0.744297
1826,0.070545,0.02662,0.377488,-0.411797,0.098105,-0.906004,-0.159945,-0.98652,-0.034184,-0.896637,0.130704,0.423067,0.000868,0.009398,-0.009646,0.034001,-0.01974,0.015036,-1.286046,-0.198995,0.042146,0.330041,0.439834,0.292154,0.849225,-0.8972,0.182834,0.401917,-0.038385,-0.939045,0.341444,0.026246,-0.005053,0.010604,0.36468,-0.803014,-0.763729,0.361856,0.01982,0.043484,-0.012162,-0.430832,-0.230947,0.872379,0.885696,-0.293517,0.359705,0.172986,0.927637,0.331006,0.006764,-0.002751,0.005529,0.088819,-0.460812,-0.577755,0.338703,0.049695,0.037513,-0.052481,-0.452751,0.183342,-0.872583,-0.136852,-0.981324,-0.135182,-0.881071,0.058211,0.469386,-0.000278,-0.000756,-0.000507,-0.00014,0.000177,-0.000268,-0.74887
1827,0.070558,0.026756,0.377351,-0.411535,0.098245,-0.906108,-0.159583,-0.986565,-0.034548,-0.896822,0.130253,0.422814,-0.012577,0.002985,0.001856,-0.000984,0.014715,-0.029553,-1.28626,-0.198092,0.042123,0.330108,0.402264,0.337326,0.851109,-0.915318,0.132651,0.380171,0.014847,-0.932364,0.361026,0.025321,-0.00026,-0.001865,0.184348,-0.600604,-0.627963,0.33342,0.020263,0.043475,-0.01212,-0.399145,-0.281096,0.872735,0.908915,-0.246552,0.33628,0.120648,0.927467,0.353903,0.012633,-0.000408,-0.001157,-1.300937,-0.848715,-0.916145,0.294125,0.049711,0.037581,-0.052554,-0.452459,0.18355,-0.87269,-0.136507,-0.981311,-0.135622,-0.881275,0.057765,0.469059,0.00059,0.005114,-0.004547,0.034016,-0.019756,0.015021,-0.752625
1828,0.070512,0.026834,0.37726,-0.411554,0.098063,-0.906119,-0.159241,-0.986622,-0.034508,-0.896874,0.129961,0.422793,-0.000224,-0.000605,-0.000402,-0.0,-0.0,-0.0,-1.286361,-0.197085,0.04211,0.329909,0.385994,0.35977,0.84945,-0.922094,0.125831,0.365846,0.02426,-0.924916,0.379217,0.025073,-0.003662,-0.004398,0.130713,-0.280362,-0.128861,0.305123,0.020775,0.043467,-0.012222,-0.384591,-0.307845,0.870241,0.916397,-0.240618,0.319871,0.110925,0.920507,0.374648,0.012307,0.003542,-0.006248,0.153463,-0.266842,-0.128886,0.254446,0.049684,0.037623,-0.052599,-0.452486,0.183348,-0.872718,-0.136152,-0.981366,-0.135582,-0.881315,0.057473,0.469018,0.000508,0.004886,-0.004696,0.03401,-0.019748,0.01503,-0.753932
1829,0.070497,0.02688,0.377218,-0.411502,0.09806,-0.906143,-0.159108,-0.986641,-0.034576,-0.896921,0.129817,0.422736,0.001199,0.010288,-0.009051,0.033992,-0.019765,0.015023,-1.286252,-0.19664,0.0422,0.329717,0.379864,0.37278,0.846599,-0.924278,0.117674,0.363038,0.035245,-0.920843,0.388161,0.025058,-0.003927,-0.004602,-1.272234,-0.883419,-0.773574,0.291705,0.020998,0.043509,-0.01232,-0.381171,-0.32025,0.867264,0.918913,-0.234251,0.31737,0.10152,0.917914,0.383571,0.005851,0.003507,-0.00572,-4.499472,-2.298382,-2.343445,0.2373,0.049676,0.037645,-0.05262,-0.452436,0.183349,-0.872744,-0.13602,-0.981374,-0.135656,-0.881362,0.057335,0.468948,0.00061,0.005169,-0.004507,0.034005,-0.019766,0.015021,-0.753931
1830,0.070462,0.026913,0.377205,-0.411595,0.097886,-0.90612,-0.158968,-0.986669,-0.034436,-0.896904,0.129741,0.422797,-0.0,-0.0,-0.0,-0.0,-0.0,-0.0,-1.284595,-0.196035,0.042223,0.329379,0.368553,0.386377,0.845502,-0.927813,0.097632,0.359953,0.056078,-0.917591,0.393378,0.012275,-0.005695,-0.00508,0.007599,-0.026088,0.021063,0.225346,0.0213,0.043518,-0.012485,-0.371031,-0.336067,0.865675,0.925253,-0.213094,0.31384,0.078999,0.917414,0.390012,0.006124,-0.003183,-0.002805,-0.012761,0.023741,0.021844,0.173453,0.049659,0.037662,-0.052627,-0.452523,0.18317,-0.872737,-0.135873,-0.981412,-0.135527,-0.88134,0.057253,0.469,-0.006234,0.001647,0.001032,-0.000982,0.014713,-0.029557,-0.754421
1831,0.070415,0.026925,0.377212,-0.411662,0.097784,-0.906101,-0.158926,-0.986679,-0.034334,-0.89688,0.12974,0.422848,-0.0,-0.0,-0.0,-0.0,-0.0,-0.0,-1.285882,-0.195643,0.042185,0.329021,0.366895,0.384981,0.846859,-0.928562,0.097787,0.357974,0.054552,-0.918159,0.392264,0.01188,0.006386,-0.01214,0.038289,-0.029174,0.045454,0.16185,0.021497,0.04349,-0.012665,-0.369363,-0.334473,0.867004,0.925788,-0.213303,0.312118,0.08054,0.917948,0.388437,-0.000186,-0.002821,-0.00211,0.001865,0.001222,0.002461,0.08397,0.049635,0.037668,-0.052623,-0.452587,0.183064,-0.872726,-0.135826,-0.981432,-0.135428,-0.881314,0.057246,0.469049,-2e-06,5e-06,5e-06,-6e-06,-1e-06,-5e-06,-0.754421
1832,0.070388,0.02694,0.37721,-0.411771,0.097611,-0.90607,-0.158831,-0.9867,-0.034174,-0.896847,0.129711,0.422927,-0.0,-0.0,-0.0,-0.0,-0.0,-0.0,-1.285917,-0.19552,0.042262,0.328865,0.366983,0.385006,0.846809,-0.928551,0.098242,0.357877,0.054143,-0.9181,0.39246,-0.000193,-0.002826,-0.002105,0.0,-0.0,-0.0,0.141357,0.021567,0.04353,-0.012754,-0.369533,-0.334481,0.866929,0.925677,-0.213869,0.312059,0.081031,0.917813,0.388653,0.006017,0.004216,-0.005315,0.040308,-0.028374,0.046575,0.052129,0.049622,0.037676,-0.052624,-0.452691,0.182886,-0.87271,-0.135723,-0.981468,-0.135275,-0.881277,0.05721,0.469123,-3e-06,4e-06,5e-06,-1.1e-05,-6e-06,-1.2e-05,-0.754911
1833,0.070302,0.026995,0.377222,-0.411851,0.09746,-0.906049,-0.158724,-0.986722,-0.034047,-0.896829,0.129662,0.42298,0.000173,0.000466,0.00031,-0.0,-0.0,-0.0,-1.284322,-0.195414,0.042592,0.328573,0.367158,0.385134,0.846675,-0.928542,0.099395,0.357582,0.053111,-0.917922,0.393016,-0.00046,0.011363,-0.007572,0.036245,-0.013976,0.0162,0.114835,0.02162,0.043694,-0.012901,-0.369756,-0.334556,0.866805,0.925491,-0.215084,0.311774,0.08213,0.917502,0.389158,-0.000215,0.005825,-0.003682,0.037659,-0.013483,0.016869,-0.000124,0.049578,0.037702,-0.052618,-0.452766,0.182731,-0.872703,-0.135612,-0.981499,-0.135155,-0.881256,0.057155,0.46917,0.000109,0.000301,0.000203,-3e-06,-5e-06,3e-06,-0.754911
1834,0.070162,0.027032,0.377245,-0.412052,0.097153,-0.905991,-0.158597,-0.986752,-0.033741,-0.896759,0.129657,0.423131,-0.012468,0.003274,0.002045,-0.000984,0.014715,-0.029553,-1.260028,-0.195293,0.043056,0.328332,0.369264,0.38327,0.846605,-0.927754,0.100391,0.359345,0.052282,-0.918591,0.39156,-0.000299,0.01377,-0.00577,0.034789,-0.011156,0.018335,0.106609,0.02168,0.043921,-0.013019,-0.371704,-0.332258,0.866856,0.924636,-0.215944,0.313711,0.08296,0.918135,0.387485,0.006201,0.007082,-0.003168,0.049534,-0.057577,0.060527,-0.020046,0.049513,0.037721,-0.052607,-0.452944,0.182435,-0.872672,-0.13548,-0.981555,-0.134879,-0.881184,0.057137,0.469306,-2e-06,-7e-06,-3e-06,-7e-06,9e-06,1e-06,-0.754095
1835,0.070076,0.027071,0.377223,-0.412137,0.096971,-0.905972,-0.158433,-0.986783,-0.033606,-0.896749,0.129558,0.423182,-0.012521,0.003132,0.001951,-0.000984,0.014715,-0.029553,-1.241589,-0.1952,0.043487,0.32825,0.371607,0.38497,0.844806,-0.926805,0.101986,0.361338,0.052491,-0.917707,0.393601,-0.000107,0.016663,-0.003613,0.037826,-0.030865,0.039492,0.094902,0.021722,0.044133,-0.013062,-0.374223,-0.333778,0.865186,0.923633,-0.217474,0.315604,0.082814,0.917222,0.389673,-4.5e-05,0.008413,-0.001749,0.038702,-0.030643,0.039166,-0.036048,0.04947,0.03774,-0.052618,-0.453023,0.18225,-0.87267,-0.13531,-0.981596,-0.134756,-0.881169,0.057034,0.469346,-3.8e-05,-0.000102,-6.5e-05,-6e-06,7e-06,0.0,-0.753605
1836,0.070071,0.027057,0.377213,-0.412161,0.096936,-0.905965,-0.158418,-0.986787,-0.033572,-0.89674,0.129557,0.423201,-0.000531,-0.001426,-0.000948,0.0,0.0,0.0,-1.225849,-0.195109,0.043629,0.32829,0.371949,0.385155,0.844571,-0.926671,0.102278,0.361599,0.052435,-0.917597,0.393866,0.012991,0.005169,0.002988,0.002045,-0.015205,0.029245,0.092565,0.021767,0.044212,-0.013043,-0.374625,-0.333931,0.864953,0.923462,-0.217794,0.315883,0.082899,0.91709,0.389964,0.000219,0.003254,0.002416,0.002112,-0.016682,0.023446,-0.041764,0.049464,0.037738,-0.05262,-0.453047,0.182211,-0.872666,-0.135292,-0.981603,-0.134719,-0.88116,0.057031,0.469364,-6.3e-05,-0.000171,-0.000112,-3e-06,-2e-06,6e-06,-0.752952
1837,0.070104,0.026979,0.377162,-0.41219,0.096902,-0.905955,-0.158402,-0.986791,-0.033537,-0.89673,0.129554,0.423224,-0.000496,-0.001333,-0.000887,0.0,0.0,0.0,-1.223078,-0.19492,0.04381,0.328509,0.372491,0.38928,0.842439,-0.926045,0.097656,0.364469,0.059154,-0.916363,0.395781,0.013451,-0.006105,0.010601,-0.034296,-0.001269,0.013011,0.091379,0.021868,0.044308,-0.01293,-0.375817,-0.337968,0.862866,0.923557,-0.213138,0.318769,0.076176,0.916706,0.392234,0.00673,-0.002974,0.005354,-0.033825,-0.000381,0.01269,-0.047969,0.049479,0.037696,-0.052647,-0.453087,0.182156,-0.872657,-0.135267,-0.981614,-0.134669,-0.881143,0.057025,0.469396,-0.000253,-0.000684,-0.000455,2e-06,-1e-06,6e-06,-0.753278
1838,0.070196,0.026902,0.3771,-0.412111,0.097016,-0.905979,-0.158426,-0.986782,-0.033663,-0.896762,0.12953,0.423163,-0.000399,-0.001071,-0.000713,0.0,0.0,0.0,-1.22601,-0.194697,0.04389,0.328673,0.372867,0.389411,0.842212,-0.925875,0.097604,0.364914,0.059441,-0.916313,0.395854,0.012867,0.003613,0.001819,0.003631,-0.032065,0.052562,0.098568,0.021979,0.04435,-0.012846,-0.376219,-0.338039,0.862663,0.923415,-0.21308,0.319218,0.075909,0.916692,0.392315,0.006424,0.001679,0.00081,0.003967,-0.031937,0.052687,-0.046499,0.049526,0.037656,-0.052679,-0.453012,0.182275,-0.872671,-0.135296,-0.981593,-0.134792,-0.881177,0.057007,0.469335,-0.000236,-0.000636,-0.000425,-2e-06,1e-06,-4e-06,-0.754258
1839,0.070219,0.026849,0.377077,-0.412134,0.097002,-0.90597,-0.158441,-0.986781,-0.033636,-0.896749,0.129552,0.423184,-0.000568,-0.001527,-0.001016,0.0,0.0,0.0,-1.231929,-0.194635,0.043886,0.328738,0.373029,0.38948,0.842108,-0.925799,0.097541,0.365124,0.059611,-0.916291,0.39588,0.000181,0.002773,0.002053,-0.0,0.0,0.0,0.105674,0.02201,0.044346,-0.012815,-0.376378,-0.338076,0.862579,0.923363,-0.213007,0.319416,0.075748,0.916695,0.392339,0.000287,-0.004871,0.004377,-0.03597,0.014066,-0.016106,-0.04209,0.049533,0.037633,-0.052688,-0.453046,0.182238,-0.872661,-0.135301,-0.981599,-0.134745,-0.881159,0.057026,0.469367,-0.000415,-0.001122,-0.000748,-1e-06,3e-06,-3e-06,-0.754421
1840,0.070214,0.026751,0.377012,-0.412168,0.096956,-0.905959,-0.158421,-0.986786,-0.033591,-0.896737,0.12955,0.42321,-0.000698,-0.001877,-0.001251,0.0,0.0,0.0,-1.237633,-0.194547,0.043931,0.328886,0.373372,0.38965,0.841877,-0.925641,0.097474,0.365543,0.059914,-0.916226,0.395985,0.012885,0.003993,0.002095,0.002045,-0.015205,0.029245,0.121574,0.022049,0.044364,-0.012744,-0.376734,-0.338192,0.862377,0.923242,-0.212921,0.319823,0.075457,0.916673,0.392448,0.000356,-0.003789,0.005177,-0.036059,0.014024,-0.016157,-0.026578,0.049535,0.037582,-0.052722,-0.453066,0.182212,-0.872656,-0.135288,-0.981604,-0.134721,-0.881151,0.057022,0.469383,-0.000467,-0.00126,-0.00084,-0.000596,0.013615,-0.025405,-0.756381
1841,0.070198,0.026686,0.376957,-0.412261,0.096811,-0.905932,-0.158336,-0.986804,-0.033458,-0.896709,0.129521,0.423278,-0.000863,-0.002318,-0.001546,0.0,0.0,0.0,-1.26956,-0.194585,0.043921,0.329146,0.373208,0.389536,0.842003,-0.925675,0.096859,0.365622,0.060409,-0.91634,0.395646,0.000757,-0.006974,0.010803,-0.036254,0.013929,-0.016221,0.126874,0.022035,0.044365,-0.012616,-0.376604,-0.338118,0.862464,0.923333,-0.212366,0.319928,0.074985,0.916829,0.392173,-0.005904,-0.002973,0.006208,-0.036579,0.012353,-0.022098,-0.014331,0.049527,0.03755,-0.05275,-0.453154,0.182062,-0.872642,-0.135197,-0.981634,-0.134595,-0.88112,0.056987,0.469446,-0.000452,-0.001215,-0.000809,-3e-06,1e-06,-3e-06,-0.757034
1842,0.070153,0.026621,0.376914,-0.414417,0.098398,-0.904777,-0.158398,-0.986747,-0.03482,-0.895701,0.128756,0.425639,-0.000477,-0.001282,-0.000855,9.5e-05,0.000475,0.000252,-1.360538,-0.194576,0.043769,0.329549,0.373205,0.389474,0.842033,-0.925608,0.095817,0.366064,0.061434,-0.916475,0.395174,0.000834,-0.005795,0.011671,-0.034665,-0.002901,0.007117,0.143215,0.022039,0.044291,-0.012419,-0.376589,-0.338054,0.862495,0.92342,-0.21135,0.320352,0.073992,0.917087,0.391758,0.000423,-0.002704,0.005978,-0.034577,-0.002888,0.007159,-0.001757,0.049504,0.037516,-0.052772,-0.455361,0.183496,-0.871191,-0.135324,-0.981425,-0.135982,-0.879962,0.055972,0.471734,-0.000277,-0.000746,-0.000496,-0.001163,-0.007775,-0.004366,-0.758994
1843,0.070111,0.026586,0.376902,-0.412778,0.100455,-0.9053,-0.158338,-0.986664,-0.037346,-0.89647,0.127797,0.424307,-0.000517,-0.001387,-0.000926,1e-06,6e-06,3e-06,-1.386723,-0.194559,0.043586,0.329797,0.371418,0.391502,0.841882,-0.926293,0.09537,0.364444,0.061935,-0.91566,0.396982,0.000743,-0.007188,0.010647,-0.02993,0.001654,-0.025479,0.1482,0.022048,0.0442,-0.012288,-0.374951,-0.340534,0.862233,0.924124,-0.211061,0.318507,0.073521,0.916236,0.393833,0.000612,-0.009108,0.009235,-0.079743,0.01997,-0.003021,0.008856,0.049483,0.037498,-0.052778,-0.453731,0.185618,-0.871592,-0.135364,-0.981072,-0.138466,-0.880797,0.055156,0.470268,-0.000307,-0.000823,-0.000548,-0.001307,6.1e-05,-0.002332,-0.760463
1844,0.070073,0.026534,0.376879,-0.412821,0.100403,-0.905286,-0.158339,-0.986666,-0.037283,-0.89645,0.127819,0.424342,-0.000543,-0.001457,-0.000973,0.0,0.0,0.0,-1.40181,-0.19448,0.043028,0.330412,0.371225,0.391227,0.842095,-0.926234,0.09319,0.365157,0.063929,-0.916001,0.395877,0.001254,-0.018011,0.01864,-0.070921,0.010955,-0.009155,0.151868,0.022087,0.043923,-0.011986,-0.374841,-0.340051,0.862472,0.924327,-0.208822,0.319391,0.071494,0.916928,0.392593,0.000595,-0.009333,0.009079,-0.072813,0.028414,-0.032093,0.018491,0.049464,0.037473,-0.052789,-0.453775,0.185543,-0.871585,-0.135364,-0.981085,-0.138379,-0.880774,0.055188,0.470308,-0.000278,-0.000748,-0.000498,-3.6e-05,-8e-06,-2.4e-05,-0.758504
1845,0.070049,0.026494,0.376852,-0.413328,0.104047,-0.904643,-0.158314,-0.986515,-0.041189,-0.89622,0.126057,0.425354,-8.6e-05,-0.000231,-0.000155,0.074808,0.372027,0.197452,-1.444855,-0.194395,0.042583,0.330966,0.369425,0.393161,0.841986,-0.926849,0.091719,0.363967,0.065419,-0.915323,0.397199,0.000798,-0.006364,0.011265,-0.028347,-0.015166,-0.002054,0.159825,0.02213,0.043697,-0.011705,-0.373164,-0.342424,0.86226,0.925117,-0.2075,0.317963,0.070041,0.916344,0.394214,0.000368,-0.003535,0.005372,-0.045082,0.022814,-0.010234,0.025839,0.049451,0.037451,-0.052804,-0.452968,0.188112,-0.871454,-0.135412,-0.980661,-0.141301,-0.881182,0.054,0.469681,-2.6e-05,-7.5e-05,-4.9e-05,0.120166,0.65486,0.354579,-0.760463
1846,0.070026,0.026484,0.376857,-0.413298,0.1041,-0.90465,-0.158359,-0.986506,-0.04123,-0.896226,0.126083,0.425334,-9e-06,-2.3e-05,-1.6e-05,0.005031,-0.089271,0.177742,-1.440617,-0.194387,0.042359,0.331233,0.369221,0.39298,0.84216,-0.926872,0.090743,0.364153,0.066232,-0.915498,0.396661,0.000735,-0.007342,0.010551,-0.036171,0.013609,-0.016453,0.162518,0.022134,0.043587,-0.01157,-0.373056,-0.342085,0.862442,0.925226,-0.206465,0.31832,0.069171,0.916706,0.393529,0.000606,-0.009187,0.009199,-0.073918,0.015467,-0.005906,0.030411,0.049445,0.037445,-0.052802,-0.454552,0.189157,-0.870402,-0.135533,-0.980499,-0.142303,-0.880347,0.053284,0.471325,1.3e-05,3.7e-05,2.6e-05,-0.001967,-0.015797,-0.009225,-0.759647
1847,0.069989,0.026485,0.376882,-0.413454,0.103896,-0.904603,-0.158317,-0.986522,-0.041004,-0.896161,0.126125,0.425457,0.0,1e-06,1e-06,0.0,1e-06,1e-06,-1.386868,-0.194357,0.042006,0.331667,0.368942,0.392712,0.842407,-0.926888,0.089196,0.364496,0.06755,-0.915765,0.395822,0.000719,-0.007604,0.010364,-0.034663,-0.002873,0.007138,0.166565,0.022149,0.043409,-0.011354,-0.372744,-0.341798,0.86269,0.925449,-0.204913,0.318674,0.067855,0.91716,0.392697,0.000319,-0.004318,0.004804,-0.036216,0.013882,-0.01624,0.035146,0.049422,0.037448,-0.052788,-0.454468,0.188923,-0.870497,-0.135502,-0.980538,-0.142062,-0.880396,0.053392,0.471223,3e-06,1.1e-05,1.1e-05,-0.000104,-0.000444,-0.000235,-0.752952
1848,0.069942,0.026552,0.376925,-0.413546,0.103755,-0.904577,-0.158259,-0.986537,-0.040863,-0.896129,0.126123,0.425526,0.000277,0.000742,0.000496,0.0,0.0,0.0,-1.304954,-0.19444,0.041775,0.331996,0.366902,0.39461,0.842411,-0.927647,0.088398,0.362754,0.068229,-0.915028,0.397407,0.000674,-0.008289,0.009867,-0.03389,0.009101,-0.019799,0.17873,0.022108,0.043294,-0.011189,-0.370877,-0.34413,0.862568,0.926246,-0.204288,0.316753,0.067208,0.916428,0.394515,-0.00597,-0.003828,0.005593,-0.046358,0.025063,-0.013142,0.047393,0.049399,0.037481,-0.052766,-0.454552,0.188775,-0.870485,-0.135438,-0.980567,-0.141924,-0.880362,0.053385,0.471287,0.000167,0.000452,0.000305,-3e-05,-1.1e-05,1e-05,-0.734337
1849,0.069945,0.026505,0.376894,-0.413593,0.103691,-0.904563,-0.158231,-0.986544,-0.040799,-0.896112,0.12612,0.425562,-0.000719,-0.001929,-0.001289,0.0,0.0,0.0,-1.281566,-0.194508,0.041616,0.332375,0.365251,0.39675,0.842124,-0.928242,0.087799,0.361375,0.06899,-0.914163,0.399263,0.000853,-0.005513,0.011893,-0.002682,-0.065478,-0.039231,0.18113,0.022073,0.04321,-0.011003,-0.369528,-0.346426,0.862227,0.926838,-0.203799,0.315335,0.066481,0.915671,0.39639,0.000182,0.002917,0.002129,0.029071,-0.061912,-0.046268,0.056537,0.049402,0.037462,-0.052779,-0.454596,0.188708,-0.870477,-0.135408,-0.980581,-0.141862,-0.880344,0.05338,0.471321,-0.000477,-0.001281,-0.000855,-1.4e-05,-8e-06,1.5e-05,-0.733194
1850,0.069972,0.026476,0.376851,-0.41357,0.103704,-0.904572,-0.158191,-0.986549,-0.040836,-0.89613,0.126071,0.425539,-0.000423,-0.001133,-0.000758,0.0,0.0,0.0,-1.281842,-0.19454,0.041601,0.332582,0.365271,0.396754,0.842114,-0.928202,0.087375,0.361582,0.069431,-0.914201,0.399097,0.000442,0.006827,0.004972,0.000397,-0.000778,-0.000576,0.181285,0.022057,0.043199,-0.010902,-0.369574,-0.34637,0.86223,0.926855,-0.2033,0.315605,0.065975,0.915803,0.396169,0.00048,-0.00182,0.006627,-0.040658,0.005903,0.013344,0.05768,0.049414,0.037445,-0.052802,-0.454574,0.188723,-0.870485,-0.13537,-0.98058,-0.1419,-0.880361,0.053333,0.471294,-0.00031,-0.000833,-0.000557,-1.6e-05,-9e-06,9e-06,-0.737113
1851,0.070041,0.026467,0.376787,-0.41352,0.103723,-0.904593,-0.158087,-0.986563,-0.040914,-0.896172,0.12595,0.425488,-9e-06,-2.5e-05,-1.7e-05,0.0,0.0,0.0,-1.281568,-0.194573,0.041619,0.333041,0.362151,0.401163,0.841372,-0.929389,0.087349,0.358525,0.069889,-0.912282,0.403385,0.001066,-0.00222,0.014273,0.00971,-0.08975,-0.057019,0.18143,0.022041,0.04321,-0.010672,-0.36709,-0.351127,0.861367,0.927872,-0.203483,0.312484,0.065552,0.913949,0.400497,0.000305,0.004826,0.003505,0.051334,-0.116002,-0.050054,0.05866,0.049448,0.037438,-0.052836,-0.454525,0.188746,-0.870506,-0.13527,-0.980582,-0.141984,-0.880402,0.053218,0.471231,1.4e-05,3.5e-05,2.3e-05,-1.2e-05,-2e-06,3e-06,-0.74593
1852,0.070106,0.026442,0.376782,-0.413441,0.103857,-0.904613,-0.158164,-0.986545,-0.041035,-0.896194,0.125976,0.425432,-0.0,-0.0,-0.0,0.0,0.0,0.0,-1.282018,-0.194525,0.041694,0.333535,0.357644,0.407857,0.840081,-0.931116,0.087824,0.353899,0.070122,-0.909271,0.410088,0.001134,-0.001139,0.015035,0.109221,-0.284353,-0.200321,0.183226,0.022064,0.043248,-0.010424,-0.364091,-0.357378,0.860068,0.92908,-0.203984,0.308545,0.065174,0.911411,0.406301,0.000342,0.005441,0.003933,0.243419,-0.456012,-0.297175,0.059967,0.04948,0.037426,-0.052838,-0.454451,0.188884,-0.870515,-0.135353,-0.980554,-0.142099,-0.880428,0.053249,0.471179,3e-06,1.9e-05,1.1e-05,-8e-06,-1.5e-05,1.1e-05,-0.749033
