frame,MLTx,MLTy,MLTz,MLTR1,MLTR2,MLTR3,MLTR4,MLTR5,MLTR6,MLTR7,MLTR8,MLTR9,MLTTVx,MLTTVy,MLTTVz,MLTRVx,MLTRVy,MLTRVz,MLGA,MRTx,MRTy,MRTz,MRTR1,MRTR2,MRTR3,MRTR4,MRTR5,MRTR6,MRTR7,MRTR8,MRTR9,MRTTVx,MRTTVy,MRTTVz,MRTRVx,MRTRVy,MRTRVz,MRGA,SLTx,SLTy,SLTz,SLTR1,SLTR2,SLTR3,SLTR4,SLTR5,SLTR6,SLTR7,SLTR8,SLTR9,SLTTVx,SLTTVy,SLTTVz,SLTRVx,SLTRVy,SLTRVz,SLGA,SRTx,SRTy,SRTz,SRTR1,SRTR2,SRTR3,SRTR4,SRTR5,SRTR6,SRTR7,SRTR8,SRTR9,SRTTVx,SRTTVy,SRTTVz,SRTRVx,SRTRVy,SRTRVz,SRGA
237,0.165692,-0.03328,0.312989,-0.702325,0.090381,-0.706127,-0.238132,-0.964586,0.113312,-0.67001,0.247615,0.699858,1e-06,6e-06,7e-06,0.0,0.0,0.0,0.479649,-0.171589,-0.055451,0.291747,-0.554077,-0.757317,0.345633,0.647217,-0.130957,0.750929,-0.522721,0.640713,0.562239,0.000118,0.003705,0.005232,0.041352,-0.043273,0.005333,-1.403318,0.04088,0.026399,-0.011359,0.590161,0.739548,0.323694,-0.622893,0.162092,0.765329,0.51353,-0.653295,0.55632,5.1e-05,0.001598,0.002267,0.01685,-0.032643,-0.02416,-0.939372,0.085319,0.033903,-0.048885,0.719924,-0.016308,-0.69386,0.128182,0.98565,0.10983,0.682112,-0.16801,0.711684,-3e-06,-0.0,2e-06,1.2e-05,-4e-06,-1.8e-05,0.459317
238,0.16568,-0.03328,0.312989,-0.702338,0.090363,-0.706117,-0.238117,-0.964588,0.113328,-0.670002,0.247615,0.699866,0.0,0.0,0.0,0.0,0.0,0.0,0.480453,-0.171562,-0.055379,0.291847,-0.549554,-0.760564,0.345722,0.648023,-0.127056,0.750904,-0.526484,0.637643,0.562218,0.000122,0.003823,0.005395,-0.010107,0.081655,-0.148892,-1.4031,0.040894,0.026435,-0.01131,0.585797,0.742993,0.323731,-0.623662,0.158164,0.765525,0.517577,-0.650341,0.556029,5.4e-05,0.001671,0.002366,-0.008775,0.002443,0.001091,-0.935779,0.085314,0.033903,-0.048884,0.719934,-0.016289,-0.69385,0.128167,0.98565,0.109846,0.682104,-0.168011,0.711691,-2e-06,-3e-06,-3e-06,1e-05,-1e-06,-2.3e-05,0.459644
239,0.16568,-0.033272,0.312983,-0.702329,0.090374,-0.706125,-0.238109,-0.964593,0.1133,-0.670015,0.24759,0.699862,0.0,0.0,0.0,0.0,0.0,0.0,0.480146,-0.171523,-0.05519,0.292055,-0.535889,-0.770158,0.345936,0.650319,-0.115411,0.750799,-0.537624,0.628271,0.562227,0.000154,0.00488,0.006871,0.001375,-0.014858,0.024472,-1.403583,0.040913,0.026527,-0.011208,0.57248,0.753044,0.324328,-0.626396,0.146455,0.765622,0.529048,-0.641462,0.555547,7.3e-05,0.00228,0.003223,-0.011159,0.080171,-0.15027,-0.93431,0.085313,0.033907,-0.048888,0.719926,-0.016301,-0.693858,0.128158,0.985654,0.109818,0.682114,-0.167984,0.711688,-1e-06,-1e-06,-1e-06,1.3e-05,-2e-06,-2e-05,0.459481
240,0.16568,-0.033266,0.31299,-0.702317,0.090389,-0.706135,-0.238122,-0.964592,0.113286,-0.670022,0.24759,0.699855,0.0,1e-06,2e-06,0.0,0.0,0.0,0.479962,-0.17152,-0.054977,0.292301,-0.520355,-0.780393,0.346713,0.654516,-0.103876,0.748834,-0.547705,0.617559,0.564361,0.000157,0.005011,0.007038,-0.169916,-0.29857,-0.434761,-1.403459,0.040915,0.026633,-0.011086,0.558678,0.762966,0.325209,-0.630949,0.136476,0.763726,0.538313,-0.631868,0.557639,-1.5e-05,0.003019,0.00387,-1.935254,-4.156339,-3.087078,-0.937249,0.085314,0.03391,-0.048884,0.719916,-0.016318,-0.693868,0.128172,0.985654,0.109804,0.682122,-0.167984,0.71168,1e-06,-5e-06,-5e-06,1.9e-05,2e-06,-1.9e-05,0.459644
241,0.16568,-0.033266,0.31299,-0.702317,0.090389,-0.706135,-0.238122,-0.964592,0.113286,-0.670022,0.24759,0.699855,0.0,0.0,0.0,0.0,0.0,0.0,0.480464,-0.171538,-0.054745,0.292611,-0.515412,-0.783246,0.34766,0.655558,-0.099277,0.748546,-0.551122,0.614695,0.56416,0.000189,0.006068,0.008498,0.001796,-0.013955,0.025149,-1.403468,0.040906,0.02675,-0.01093,0.552546,0.766901,0.326426,-0.632279,0.130502,0.763669,0.54306,-0.628356,0.557004,9.1e-05,0.002994,0.0042,0.001438,-0.012752,0.025952,-0.941985,0.085314,0.03391,-0.048884,0.719916,-0.016317,-0.693868,0.128172,0.985654,0.109804,0.682122,-0.167984,0.71168,3e-06,-3e-06,-5e-06,2.1e-05,1e-06,-1.7e-05,0.45997
242,0.16568,-0.033266,0.31299,-0.702317,0.090389,-0.706135,-0.238122,-0.964592,0.113286,-0.670022,0.24759,0.699855,0.0,0.0,0.0,0.0,0.0,0.0,0.481079,-0.171534,-0.054638,0.292761,-0.510541,-0.786127,0.348345,0.656439,-0.094858,0.748347,-0.5546,0.611707,0.564001,0.000168,0.00539,0.007538,0.001793,-0.013953,0.02515,-1.403194,0.040908,0.026806,-0.010852,0.54781,0.769962,0.327202,-0.633318,0.126116,0.763545,0.546636,-0.625501,0.556718,7.8e-05,0.002594,0.003635,0.00048,0.000923,0.000586,-0.940025,0.085314,0.03391,-0.048884,0.719916,-0.016318,-0.693867,0.128172,0.985654,0.109804,0.682122,-0.167984,0.71168,3e-06,-2e-06,-5e-06,1.8e-05,2e-06,-1.9e-05,0.460134
243,0.165692,-0.033275,0.312995,-0.702314,0.090397,-0.706137,-0.238145,-0.964584,0.113298,-0.670017,0.247615,0.699851,0.0,0.0,0.0,0.0,0.0,0.0,0.481345,-0.171517,-0.054438,0.293039,-0.503863,-0.789787,0.349786,0.659479,-0.090382,0.746225,-0.557101,0.607654,0.565914,0.000134,0.004333,0.006044,-0.006569,0.092527,-0.176076,-1.403616,0.040917,0.026908,-0.01071,0.541296,0.77396,0.328607,-0.636647,0.121965,0.761449,0.549253,-0.621376,0.558759,7.5e-05,0.002511,0.003511,-0.015233,-0.010357,0.027362,-0.939372,0.085319,0.033906,-0.048881,0.719914,-0.016325,-0.69387,0.128195,0.985649,0.109817,0.68212,-0.16801,0.711676,4e-06,-1e-06,-5e-06,1.4e-05,3e-06,-2.1e-05,0.460624
244,0.165692,-0.03328,0.312989,-0.702325,0.090381,-0.706127,-0.238132,-0.964586,0.113312,-0.67001,0.247615,0.699858,-0.0,-0.0,-0.0,0.0,0.0,0.0,0.481474,-0.171476,-0.054287,0.293245,-0.497329,-0.793521,0.350684,0.662249,-0.08629,0.744254,-0.559685,0.603367,0.567948,9.2e-05,0.003008,0.004188,0.002936,-0.014696,0.024655,-1.403174,0.040937,0.026983,-0.010607,0.534896,0.777897,0.329791,-0.639628,0.117783,0.759606,0.552052,-0.617254,0.560566,3.7e-05,0.001302,0.001815,-0.012639,0.004357,0.002698,-0.939209,0.085319,0.033903,-0.048885,0.719924,-0.016308,-0.69386,0.128182,0.98565,0.10983,0.682112,-0.16801,0.711684,2e-06,4e-06,3e-06,1.3e-05,2e-06,-1.5e-05,0.46144
245,0.165692,-0.033275,0.312995,-0.702314,0.090397,-0.706137,-0.238145,-0.964584,0.113298,-0.670017,0.247615,0.699851,3.5e-05,0.000438,0.000497,0.0,0.0,0.0,0.481362,-0.171439,-0.05425,0.293293,-0.490939,-0.797329,0.35105,0.664764,-0.082579,0.742431,-0.562345,0.598846,0.570101,4.3e-05,0.001418,0.001973,0.396568,-0.258143,-0.171984,-1.403325,0.040955,0.027005,-0.010578,0.529731,0.7812,0.330318,-0.641022,0.113724,0.75905,0.555405,-0.613834,0.561009,1.7e-05,0.000595,0.000831,0.617383,-0.330485,-0.215964,-0.938719,0.085319,0.033905,-0.048883,0.719914,-0.016325,-0.69387,0.128195,0.985649,0.109817,0.68212,-0.16801,0.711676,2.4e-05,0.000293,0.000332,5e-06,-4e-06,-2.4e-05,0.461603
246,0.165703,-0.033275,0.312995,-0.702301,0.090415,-0.706147,-0.23816,-0.964582,0.113282,-0.670025,0.247616,0.699843,0.0,0.0,0.0,0.0,0.0,0.0,0.481554,-0.171439,-0.05424,0.293307,-0.490447,-0.796981,0.352526,0.665392,-0.081408,0.741997,-0.562032,0.59947,0.569754,-2.6e-05,-0.000864,-0.001202,8.5e-05,-5.5e-05,-3.7e-05,-1.403522,0.040956,0.027011,-0.010569,0.528242,0.781601,0.331752,-0.642927,0.112976,0.757548,0.554621,-0.613461,0.562192,-2e-05,-0.000671,-0.000934,-0.016063,0.098331,-0.172223,-0.937739,0.085325,0.033906,-0.048882,0.719904,-0.016345,-0.69388,0.128211,0.985649,0.109801,0.682128,-0.168009,0.711669,0.0,-3e-06,-4e-06,1.3e-05,-9e-06,-1.8e-05,0.46193
247,0.165704,-0.033269,0.313002,-0.702289,0.090431,-0.706157,-0.238173,-0.964581,0.113269,-0.670033,0.247616,0.699835,0.0,5e-06,6e-06,0.0,0.0,0.0,0.481556,-0.17149,-0.054308,0.293183,-0.489857,-0.796564,0.354285,0.666171,-0.080043,0.741447,-0.561625,0.600208,0.569377,-9.2e-05,-0.002992,-0.004167,0.0,-0.0,-0.0,-1.40324,0.04093,0.026977,-0.010631,0.527721,0.781196,0.33353,-0.64374,0.111641,0.757056,0.554173,-0.614222,0.561802,-5.7e-05,-0.001887,-0.002625,-0.001653,0.014557,-0.024689,-0.937902,0.085325,0.033909,-0.048878,0.719894,-0.016362,-0.69389,0.128224,0.985649,0.109788,0.682136,-0.168009,0.711661,0.0,-4e-06,-6e-06,1e-05,-8e-06,-2.4e-05,0.46193
248,0.165704,-0.033272,0.313015,-0.702287,0.090435,-0.706158,-0.238194,-0.964574,0.113283,-0.670028,0.247641,0.699831,5.6e-05,0.000714,0.000809,0.0,0.0,0.0,0.481979,-0.171543,-0.054386,0.293043,-0.48476,-0.799184,0.355394,0.66713,-0.075245,0.741087,-0.564903,0.597337,0.569154,-0.000161,-0.005199,-0.007249,-0.014166,0.110266,-0.198705,-1.403291,0.040904,0.026941,-0.010697,0.522804,0.784048,0.334579,-0.644808,0.106999,0.756817,0.557582,-0.611407,0.5615,-7.7e-05,-0.002598,-0.003615,-0.001436,0.014532,-0.024765,-0.938229,0.085325,0.033906,-0.048874,0.719893,-0.016366,-0.693891,0.128245,0.985644,0.109803,0.682133,-0.168035,0.711657,4e-05,0.000477,0.00054,2.4e-05,-4e-06,-1.1e-05,0.462093
249,0.165706,-0.033256,0.313047,-0.70225,0.090486,-0.706189,-0.238253,-0.964562,0.113257,-0.670045,0.247668,0.699805,9.6e-05,0.001214,0.001375,0.0,0.0,0.0,0.481773,-0.171614,-0.054533,0.292702,-0.484302,-0.798853,0.356759,0.667823,-0.074283,0.740559,-0.564478,0.5979,0.568985,-0.000186,-0.005942,-0.008309,-0.001793,0.013961,-0.025145,-1.403261,0.040868,0.026867,-0.010868,0.522351,0.783709,0.336078,-0.645601,0.105982,0.756284,0.557089,-0.612018,0.561323,-0.000517,0.002533,-0.008302,0.034818,0.004447,-0.006279,-0.938229,0.085326,0.033913,-0.048858,0.719862,-0.016422,-0.693922,0.128307,0.985639,0.109778,0.682154,-0.16806,0.711631,5.6e-05,0.000707,0.000801,0.000806,-0.014292,0.024984,0.462257
250,0.165699,-0.033226,0.313113,-0.702189,0.090568,-0.706239,-0.238356,-0.964541,0.113221,-0.670073,0.247721,0.69976,0.000147,0.001864,0.002111,0.000786,-0.014288,0.025016,0.481959,-0.171684,-0.054733,0.292357,-0.479151,-0.801406,0.357986,0.668822,-0.069409,0.740131,-0.567685,0.59506,0.56877,-0.016236,-0.00618,-0.006988,-0.003838,0.029166,-0.054391,-1.403371,0.040839,0.026762,-0.011049,0.517335,0.786462,0.337403,-0.646782,0.101146,0.755937,0.560389,-0.609299,0.560997,-0.000511,0.00269,-0.008094,0.036938,-0.009579,0.018713,-0.937902,0.085323,0.033927,-0.048826,0.71982,-0.016495,-0.693963,0.128401,0.985629,0.109757,0.68218,-0.168111,0.711595,3.3e-05,0.000415,0.000471,2e-05,-3e-06,-4.6e-05,0.46242
251,0.165703,-0.033198,0.313192,-0.702113,0.090674,-0.706301,-0.238496,-0.964511,0.113184,-0.670103,0.247799,0.699703,0.000126,0.001591,0.001801,0.0,0.0,0.0,0.481771,-0.171728,-0.054948,0.292023,-0.478698,-0.801073,0.359334,0.669412,-0.068363,0.739695,-0.567373,0.595629,0.568486,-0.00018,-0.005603,-0.007882,-0.001793,0.013965,-0.025143,-1.403533,0.040811,0.026656,-0.011213,0.516915,0.786151,0.338768,-0.647423,0.100127,0.755524,0.560036,-0.609869,0.560729,-7.8e-05,-0.002596,-0.003651,0.0001,0.000267,0.00019,-0.938719,0.085325,0.033942,-0.048786,0.719757,-0.016609,-0.694026,0.128543,0.985615,0.109722,0.68222,-0.168186,0.711539,3.1e-05,0.000402,0.000455,2.8e-05,0.0,-3.7e-05,0.46242
252,0.165704,-0.033189,0.313218,-0.702087,0.090709,-0.706322,-0.238542,-0.964501,0.113172,-0.670113,0.247825,0.699684,5.7e-05,0.000719,0.000813,0.0,0.0,0.0,0.482477,-0.171719,-0.055044,0.291887,-0.472174,-0.80471,0.35984,0.671867,-0.064441,0.737819,-0.569937,0.591145,0.570599,-0.000152,-0.00474,-0.006676,0.091152,-0.060567,-0.040253,-1.40352,0.040815,0.026604,-0.011287,0.510627,0.789962,0.339439,-0.650116,0.096376,0.753697,0.562679,-0.605533,0.56278,-8.4e-05,-0.00278,-0.003909,0.107257,-0.059154,-0.073713,-0.938066,0.085326,0.033949,-0.04877,0.719727,-0.016664,-0.694056,0.128604,0.98561,0.109697,0.682241,-0.16821,0.711513,3.8e-05,0.000498,0.000562,2.8e-05,-1.4e-05,-3.8e-05,0.46242
253,0.165716,-0.033189,0.313217,-0.702075,0.090728,-0.706332,-0.238557,-0.964499,0.113155,-0.670121,0.247825,0.699676,-9.2e-05,-0.001163,-0.001316,-0.000787,0.014285,-0.025018,0.48297,-0.1717,-0.055255,0.291605,-0.471825,-0.804449,0.36088,0.672277,-0.063592,0.737519,-0.569744,0.591592,0.570329,-0.000159,-0.004928,-0.006959,-0.001776,0.013953,-0.025151,-1.403476,0.040825,0.026501,-0.011423,0.51019,0.789809,0.34045,-0.650529,0.095437,0.75346,0.562599,-0.605881,0.562485,0.000368,-0.007498,0.001337,-0.038287,0.010973,-0.017866,-0.941168,0.085332,0.033953,-0.048766,0.719707,-0.0167,-0.694076,0.128633,0.985609,0.109668,0.682257,-0.16821,0.711498,-3e-06,-3.2e-05,-3.4e-05,4.5e-05,1.2e-05,-3.1e-05,0.463236
254,0.165714,-0.033207,0.313197,-0.70211,0.090681,-0.706303,-0.238519,-0.964504,0.113196,-0.670098,0.247824,0.699699,-9e-06,-0.000114,-0.000129,0.0,0.0,0.0,0.483241,-0.171643,-0.055388,0.291429,-0.461997,-0.809772,0.36169,0.67329,-0.054958,0.737288,-0.576566,0.585155,0.570113,-7.6e-05,-0.002348,-0.003322,-1.998886,-4.074642,-3.150741,-1.403162,0.040853,0.026429,-0.01152,0.505268,0.792559,0.341399,-0.651384,0.090779,0.753298,0.566041,-0.602999,0.562128,0.008008,-0.001013,-0.002276,0.002151,-0.014803,0.029527,-0.939699,0.085331,0.03394,-0.048781,0.719746,-0.016632,-0.694038,0.128578,0.98561,0.109722,0.682226,-0.16821,0.711528,-5e-06,-7.6e-05,-8.5e-05,2.4e-05,0.0,-2e-05,0.46389
255,0.165714,-0.033212,0.313191,-0.702121,0.090666,-0.706294,-0.238506,-0.964505,0.11321,-0.67009,0.247824,0.699706,-2e-06,-3e-05,-3.4e-05,0.0,0.0,0.0,0.48375,-0.171608,-0.055427,0.291369,-0.460251,-0.8106,0.362062,0.675294,-0.055074,0.735445,-0.575622,0.583996,0.572251,0.016039,-0.001112,-0.003269,0.067769,-0.059116,9.1e-05,-1.403864,0.04087,0.026409,-0.01155,0.498871,0.79639,0.34189,-0.654062,0.087137,0.751405,0.56862,-0.598472,0.564359,0.008025,-0.000484,-0.00153,0.047637,-0.05319,0.003551,-0.940678,0.08533,0.033937,-0.048784,0.719755,-0.016615,-0.694028,0.128565,0.985611,0.109735,0.682218,-0.16821,0.711535,1e-06,-3e-06,-4e-06,1.9e-05,0.0,-1.7e-05,0.464379
256,0.165714,-0.033212,0.313191,-0.702121,0.090666,-0.706294,-0.238506,-0.964505,0.11321,-0.67009,0.247824,0.699706,4.1e-05,0.000516,0.000584,0.0,0.0,0.0,0.484321,-0.171536,-0.055434,0.291351,-0.455156,-0.813086,0.362926,0.675946,-0.050376,0.735182,-0.578901,0.580953,0.57204,0.016123,0.001492,0.000416,0.002056,-0.015213,0.02924,-1.403676,0.040901,0.026403,-0.011561,0.493867,0.799068,0.342905,-0.65477,0.08226,0.751338,0.572164,-0.595585,0.563831,4e-06,7.8e-05,0.000111,-0.001448,0.001129,0.000743,-0.943128,0.08533,0.033935,-0.048786,0.719755,-0.016615,-0.694028,0.128564,0.98561,0.109735,0.682218,-0.168209,0.711535,3.3e-05,0.000418,0.000471,1.3e-05,-1.6e-05,-1.4e-05,0.465032
257,0.165714,-0.033212,0.313191,-0.702121,0.090666,-0.706294,-0.238506,-0.964505,0.11321,-0.67009,0.247824,0.699706,0.0,0.0,0.0,0.0,0.0,0.0,0.48473,-0.17145,-0.055398,0.291411,-0.450026,-0.815522,0.363856,0.676577,-0.045602,0.734913,-0.582169,0.577922,0.571794,3.3e-05,0.001056,0.001494,0.0,-0.0,-0.0,-1.40346,0.04095,0.026425,-0.011527,0.488884,0.801702,0.343895,-0.655549,0.077545,0.751159,0.575539,-0.592671,0.563466,2.1e-05,0.000691,0.000978,0.000242,0.000492,0.00037,-0.943781,0.08533,0.033937,-0.048784,0.719755,-0.016615,-0.694028,0.128564,0.985611,0.109735,0.682218,-0.16821,0.711535,0.0,-0.0,0.0,1.4e-05,-3e-06,-1.9e-05,0.465849
258,0.165725,-0.033205,0.313184,-0.702099,0.090696,-0.706312,-0.238513,-0.964509,0.113165,-0.670111,0.247799,0.699695,0.0,0.0,0.0,0.0,0.0,0.0,0.48442,-0.171339,-0.055341,0.291498,-0.438375,-0.821426,0.364799,0.679269,-0.037163,0.732903,-0.587907,0.570106,0.573767,0.016131,0.001925,0.001022,0.002029,-0.016377,0.028362,-1.403468,0.040999,0.026454,-0.011482,0.477427,0.808071,0.345087,-0.658661,0.069184,0.749251,0.581574,-0.585008,0.565275,3e-05,0.000944,0.00134,-0.012719,-0.006691,-0.00594,-0.945414,0.085336,0.033941,-0.048787,0.719737,-0.016647,-0.694046,0.128572,0.985615,0.10969,0.682237,-0.168183,0.711524,1e-06,-1e-06,-0.0,1.6e-05,9e-06,-1.8e-05,0.465849
259,0.165726,-0.033199,0.313191,-0.702087,0.090711,-0.706322,-0.238526,-0.964507,0.113152,-0.670119,0.247799,0.699688,6.6e-05,0.000841,0.000952,0.0,0.0,0.0,0.484361,-0.171277,-0.055303,0.291545,-0.438233,-0.82131,0.365231,0.679431,-0.036811,0.732771,-0.587826,0.570296,0.573661,6.7e-05,0.002175,0.003074,-0.010576,0.082389,-0.148389,-1.403365,0.041036,0.026473,-0.01146,0.477332,0.807948,0.345505,-0.658782,0.068833,0.749177,0.581514,-0.585219,0.565118,3.3e-05,0.001083,0.001532,-0.011417,0.0834,-0.147709,-0.944271,0.085336,0.033942,-0.048786,0.719727,-0.016664,-0.694056,0.128585,0.985614,0.109677,0.682244,-0.168182,0.711517,4.4e-05,0.000569,0.000644,2.5e-05,-4e-06,-6e-06,0.466012
260,0.165737,-0.033199,0.31319,-0.702075,0.09073,-0.706332,-0.238541,-0.964505,0.113135,-0.670127,0.2478,0.69968,0.0,0.0,0.0,0.0,0.0,0.0,0.484376,-0.171178,-0.055218,0.291655,-0.428191,-0.826204,0.366102,0.680137,-0.028047,0.732503,-0.59438,0.56368,0.573447,6.1e-05,0.001998,0.00282,-0.606981,-1.214459,-0.95075,-1.403752,0.041086,0.026517,-0.011402,0.467944,0.81297,0.346563,-0.659772,0.060458,0.749029,0.587986,-0.579157,0.564666,2.5e-05,0.001042,0.00144,-0.61708,-1.224293,-0.961586,-0.950312,0.085342,0.033944,-0.048784,0.719717,-0.016684,-0.694066,0.1286,0.985614,0.109661,0.682253,-0.168182,0.711509,0.0,-4e-06,-6e-06,1.4e-05,1e-06,-2.2e-05,0.466012
261,0.165737,-0.033199,0.31319,-0.702075,0.09073,-0.706332,-0.238541,-0.964505,0.113135,-0.670127,0.2478,0.69968,0.0,0.0,0.0,0.0,0.0,0.0,0.484969,-0.171127,-0.055109,0.291804,-0.422918,-0.828414,0.367236,0.680701,-0.023083,0.732152,-0.597506,0.56065,0.573168,0.0001,0.003304,0.004657,0.001794,-0.013962,0.025145,-1.403178,0.041111,0.026568,-0.011333,0.462354,0.81562,0.347836,-0.660563,0.055141,0.748742,0.591509,-0.575952,0.564264,4.2e-05,0.001392,0.001967,0.000469,0.000524,0.000347,-0.950802,0.085342,0.033944,-0.048784,0.719717,-0.016684,-0.694066,0.1286,0.985614,0.109661,0.682253,-0.168182,0.711509,2e-06,-2e-06,-5e-06,1.7e-05,-4e-06,-1.7e-05,0.466176
262,0.165738,-0.033193,0.313197,-0.702063,0.090745,-0.706342,-0.238554,-0.964504,0.113122,-0.670135,0.2478,0.699672,2e-06,2.8e-05,3.1e-05,0.0,0.0,0.0,0.484739,-0.171113,-0.055053,0.291882,-0.417814,-0.830743,0.367816,0.681033,-0.018572,0.731972,-0.600714,0.557358,0.573026,9.5e-05,0.003136,0.004417,0.001793,-0.013963,0.025144,-1.403097,0.041118,0.026598,-0.011292,0.457355,0.818144,0.348519,-0.661062,0.050641,0.74862,0.594829,-0.572778,0.564005,3.7e-05,0.001261,0.001782,0.000586,0.000514,0.000328,-0.948353,0.085342,0.033947,-0.048781,0.719707,-0.016701,-0.694076,0.128614,0.985614,0.109648,0.68226,-0.168182,0.711502,2e-06,1e-05,9e-06,1.3e-05,-6e-06,-2.5e-05,0.466176
263,0.165738,-0.033196,0.31321,-0.702061,0.090749,-0.706343,-0.238575,-0.964497,0.113137,-0.670129,0.247825,0.699669,6e-06,7.3e-05,8.3e-05,0.0,0.0,0.0,0.484712,-0.171135,-0.054952,0.292027,-0.410953,-0.833834,0.368552,0.683252,-0.014219,0.729999,-0.60293,0.552848,0.575063,6e-05,0.001982,0.002788,0.047205,-0.03204,-0.021217,-1.403222,0.041108,0.026651,-0.011216,0.450613,0.821517,0.349364,-0.663661,0.046529,0.746584,0.597076,-0.568281,0.566176,3.4e-05,0.001168,0.001646,0.031597,-0.03005,-0.020516,-0.954231,0.085342,0.033946,-0.048774,0.719706,-0.016706,-0.694077,0.128635,0.985609,0.109663,0.682258,-0.168208,0.711498,5e-06,4.7e-05,5.2e-05,1.7e-05,-5e-06,-2.4e-05,0.466339
264,0.165738,-0.033196,0.31321,-0.702061,0.090749,-0.706343,-0.238575,-0.964497,0.113137,-0.670129,0.247825,0.699669,0.0,0.0,0.0,0.0,0.0,0.0,0.483927,-0.171169,-0.054882,0.292129,-0.399894,-0.840432,0.365718,0.684169,-0.008349,0.72923,-0.609302,0.542876,0.577842,5.3e-05,0.001746,0.002454,0.014666,-0.0227,0.019358,-1.403289,0.04109,0.026685,-0.011166,0.439636,0.828543,0.346751,-0.664841,0.040618,0.745879,0.603909,-0.55845,0.568706,1e-05,0.000356,0.000506,-0.01542,0.000979,-0.001098,-0.957824,0.085342,0.033946,-0.048774,0.719706,-0.016705,-0.694078,0.128635,0.985609,0.109663,0.682258,-0.168208,0.711498,3e-06,-4e-06,-8e-06,1.8e-05,-2e-06,-2.4e-05,0.466176
265,0.165739,-0.03319,0.313216,-0.702049,0.090765,-0.706353,-0.238587,-0.964495,0.113123,-0.670137,0.247826,0.699661,8e-06,0.000102,0.000115,0.0,0.0,0.0,0.484412,-0.171168,-0.054866,0.29215,-0.39327,-0.843645,0.365505,0.685999,-0.004715,0.727541,-0.611558,0.537908,0.580099,0.0,9e-06,1.3e-05,0.203809,-0.138336,-0.091606,-1.402993,0.041091,0.026695,-0.011152,0.43379,0.831638,0.346703,-0.666146,0.036922,0.744906,0.606692,-0.554088,0.570009,-2e-06,-5.8e-05,-7.8e-05,0.33514,-0.196789,-0.127794,-0.962069,0.085343,0.033948,-0.048771,0.719696,-0.016722,-0.694087,0.128649,0.985609,0.109649,0.682266,-0.168208,0.711491,7e-06,5.9e-05,6.1e-05,1.5e-05,-1.1e-05,-2.9e-05,0.466339
266,0.165739,-0.03319,0.313216,-0.702049,0.090765,-0.706353,-0.238587,-0.964495,0.113123,-0.670137,0.247826,0.699661,0.0,1e-06,2e-06,0.0,0.0,0.0,0.484796,-0.171193,-0.054888,0.292123,-0.388181,-0.845885,0.365766,0.686101,-0.000432,0.72746,-0.614691,0.534393,0.580036,-3.4e-05,-0.001128,-0.001586,0.002532,-0.00172,-0.001139,-1.402956,0.041078,0.026686,-0.011163,0.428162,0.834415,0.347027,-0.667018,0.032708,0.744322,0.609723,-0.550164,0.570574,-2.5e-05,-0.00084,-0.001175,-0.017122,0.018781,-0.022405,-0.965825,0.085343,0.033949,-0.048771,0.719696,-0.016722,-0.694087,0.128649,0.985609,0.109649,0.682266,-0.168208,0.711491,3e-06,-6e-06,-1e-05,1.9e-05,-3e-06,-2.7e-05,0.466502
267,0.16575,-0.03319,0.313216,-0.702036,0.090784,-0.706363,-0.238602,-0.964493,0.113107,-0.670145,0.247826,0.699653,0.0,0.0,0.0,0.0,0.0,0.0,0.484738,-0.171256,-0.054948,0.292026,-0.381239,-0.848775,0.366372,0.688167,0.003924,0.725496,-0.61673,0.529771,0.582107,-5.7e-05,-0.001866,-0.002625,0.458911,-0.312229,-0.206689,-1.403172,0.041047,0.026654,-0.011214,0.423074,0.836639,0.34791,-0.667326,0.027968,0.74424,0.61293,-0.547038,0.570144,-3.5e-05,-0.001195,-0.001676,-3.4e-05,0.000912,0.000657,-0.966151,0.085348,0.033948,-0.048771,0.719685,-0.016742,-0.694098,0.128664,0.985609,0.109634,0.682274,-0.168207,0.711483,4e-06,-3e-06,-6e-06,2.2e-05,1e-06,-2.4e-05,0.466502
268,0.16575,-0.03319,0.313216,-0.702036,0.090784,-0.706363,-0.238602,-0.964493,0.113107,-0.670145,0.247826,0.699653,0.0,0.0,0.0,0.0,0.0,0.0,0.484686,-0.171258,-0.05504,0.291897,-0.371001,-0.853089,0.366865,0.688226,0.012491,0.725343,-0.622887,0.522652,0.581987,-6.2e-05,-0.002032,-0.002861,9.7e-05,-6.9e-05,-4.6e-05,-1.403352,0.041046,0.026607,-0.01128,0.411341,0.842232,0.348486,-0.669563,0.019794,0.74249,0.618452,-0.53875,0.57207,-3.6e-05,-0.001256,-0.001759,-0.003481,0.002253,0.001346,-0.9606,0.085348,0.033948,-0.048771,0.719685,-0.016742,-0.694098,0.128664,0.985609,0.109633,0.682274,-0.168207,0.711483,5e-06,-2e-06,-6e-06,2.1e-05,8e-06,-2.6e-05,0.466502
269,0.16575,-0.033184,0.313222,-0.702025,0.090799,-0.706373,-0.238615,-0.964492,0.113093,-0.670153,0.247826,0.699646,1.5e-05,0.000195,0.00022,0.0,0.0,0.0,0.484236,-0.17126,-0.055096,0.291818,-0.36467,-0.856965,0.364167,0.689055,0.014532,0.724518,-0.625709,0.516209,0.584704,-8.7e-05,-0.002833,-0.003993,0.012246,-0.056249,-0.033918,-1.40335,0.041045,0.02658,-0.011318,0.405078,0.846353,0.345828,-0.67065,0.017977,0.741555,0.621401,-0.532317,0.574889,-4.8e-05,-0.001699,-0.002385,-0.054112,-0.117861,-0.109775,-0.959293,0.085348,0.033951,-0.048768,0.719676,-0.016759,-0.694107,0.128677,0.985609,0.10962,0.682281,-0.168207,0.711476,1.5e-05,0.000146,0.000161,1.7e-05,1e-06,-3.1e-05,0.466339
270,0.16575,-0.033184,0.313222,-0.702025,0.090799,-0.706373,-0.238615,-0.964492,0.113093,-0.670153,0.247826,0.699646,0.0,0.0,0.0,0.0,0.0,0.0,0.484779,-0.171251,-0.055187,0.291688,-0.35783,-0.859832,0.364194,0.690827,0.018496,0.722737,-0.627708,0.511285,0.586884,-5.9e-05,-0.001915,-0.002703,0.003504,-0.002392,-0.001583,-1.403108,0.041049,0.026532,-0.011386,0.398289,0.849471,0.346067,-0.672559,0.013908,0.739911,0.623721,-0.52745,0.576859,-3e-05,-0.001072,-0.001505,-0.018476,0.019376,-0.022452,-0.95766,0.085349,0.033951,-0.048768,0.719676,-0.016759,-0.694107,0.128677,0.985609,0.10962,0.682281,-0.168207,0.711476,3e-06,-4e-06,-9e-06,2.2e-05,-3e-06,-2.6e-05,0.466666
271,0.16575,-0.033184,0.313222,-0.702025,0.090799,-0.706373,-0.238615,-0.964492,0.113093,-0.670153,0.247826,0.699646,0.0,0.0,0.0,0.0,0.0,0.0,0.484788,-0.171252,-0.055272,0.291587,-0.357684,-0.859703,0.364642,0.690945,0.018892,0.722615,-0.627663,0.511488,0.586757,-7.6e-05,-0.002471,-0.00349,-0.001793,0.013961,-0.025145,-1.40321,0.041049,0.026492,-0.011434,0.398257,0.849305,0.346512,-0.67255,0.013486,0.739928,0.623751,-0.527729,0.576571,-2.5e-05,-0.000857,-0.001207,-8.7e-05,0.00096,0.000713,-0.964682,0.085348,0.033951,-0.048768,0.719676,-0.016759,-0.694107,0.128677,0.985609,0.10962,0.682281,-0.168207,0.711476,5e-06,-2e-06,-8e-06,2.4e-05,2e-06,-2.5e-05,0.466666
272,0.16575,-0.033184,0.313222,-0.702025,0.090799,-0.706373,-0.238615,-0.964492,0.113093,-0.670153,0.247826,0.699646,0.0,0.0,0.0,0.0,0.0,0.0,0.485012,-0.171218,-0.055326,0.291506,-0.357459,-0.859501,0.365338,0.691152,0.019485,0.722401,-0.627563,0.511804,0.586586,-2.7e-05,-0.000882,-0.001247,0.0,-0.0,-0.0,-1.403162,0.041066,0.026461,-0.011479,0.398068,0.849098,0.347236,-0.672787,0.012904,0.739722,0.623616,-0.528076,0.576399,-1.4e-05,-0.000487,-0.000689,0.000248,0.000546,0.000426,-0.965825,0.085348,0.033951,-0.048768,0.719676,-0.016759,-0.694107,0.128677,0.985609,0.10962,0.682281,-0.168207,0.711476,6e-06,-2e-06,-7e-06,2.3e-05,6e-06,-2.7e-05,0.466666
273,0.165751,-0.033178,0.313229,-0.702013,0.090814,-0.706382,-0.238628,-0.96449,0.11308,-0.67016,0.247827,0.699638,2e-06,2.4e-05,2.7e-05,0.0,0.0,0.0,0.484532,-0.171181,-0.055343,0.291497,-0.357331,-0.859386,0.365734,0.691253,0.019836,0.722295,-0.627525,0.511984,0.58647,-1.3e-05,-0.00042,-0.000594,0.0,-0.0,-0.0,-1.403553,0.041084,0.026453,-0.011484,0.397957,0.848986,0.347636,-0.672904,0.012565,0.739622,0.623562,-0.528264,0.576287,-7e-06,-0.000205,-0.00029,0.000206,0.000445,0.000354,-0.967295,0.085349,0.033954,-0.048765,0.719666,-0.016776,-0.694117,0.128691,0.985608,0.109606,0.682289,-0.168206,0.711468,4e-06,8e-06,5e-06,1.7e-05,-1.1e-05,-3.2e-05,0.466666
274,0.165751,-0.033173,0.313235,-0.702002,0.09083,-0.706392,-0.238641,-0.964489,0.113066,-0.670168,0.247827,0.699631,0.0,3e-06,4e-06,0.0,0.0,0.0,0.484823,-0.171057,-0.055358,0.291552,-0.357144,-0.859214,0.36632,0.691344,0.020401,0.722192,-0.627531,0.512251,0.58623,0.016989,-0.009169,0.009193,-0.034403,-0.005336,0.01066,-1.403425,0.04114,0.026447,-0.011461,0.397793,0.848817,0.348237,-0.673037,0.012022,0.73951,0.623523,-0.528548,0.576068,2.1e-05,0.000714,0.001008,0.001922,-0.013654,0.025384,-0.967784,0.085349,0.033957,-0.048761,0.719656,-0.016793,-0.694127,0.128704,0.985608,0.109593,0.682297,-0.168206,0.711461,1e-06,-6e-06,-1e-05,2e-05,-7e-06,-3.4e-05,0.466829
275,0.165752,-0.033167,0.313242,-0.70199,0.090845,-0.706401,-0.238653,-0.964487,0.113052,-0.670176,0.247828,0.699623,0.0,2e-06,3e-06,0.0,0.0,0.0,0.485368,-0.170918,-0.055377,0.291654,-0.345112,-0.864026,0.366535,0.692839,0.028768,0.720473,-0.632607,0.503671,0.588207,0.000902,-0.009748,0.01008,0.110221,-0.090757,-0.085056,-1.403157,0.041216,0.02644,-0.011408,0.386288,0.853927,0.348696,-0.674668,0.003794,0.73811,0.628969,-0.520377,0.577583,0.008065,0.000994,0.000552,0.220647,-0.151118,-0.059203,-0.968438,0.085349,0.03396,-0.048758,0.719647,-0.01681,-0.694136,0.128717,0.985608,0.10958,0.682305,-0.168206,0.711454,1e-06,-7e-06,-1e-05,2.2e-05,-1.3e-05,-3.5e-05,0.466992
276,0.165752,-0.033167,0.313242,-0.70199,0.090845,-0.706401,-0.238653,-0.964487,0.113052,-0.670176,0.247828,0.699623,0.0,0.0,0.0,0.0,0.0,0.0,0.485241,-0.170842,-0.055376,0.291719,-0.345603,-0.865017,0.363725,0.691829,0.026845,0.721516,-0.633442,0.502073,0.588674,6.6e-05,0.002231,0.003151,0.003938,-0.015421,0.02418,-1.403366,0.041254,0.026434,-0.011375,0.386328,0.855064,0.345854,-0.673863,0.005618,0.738834,0.629807,-0.518491,0.578366,0.008065,0.001088,0.000681,-0.011998,-0.009403,0.029709,-0.967948,0.085349,0.03396,-0.048758,0.719647,-0.01681,-0.694136,0.128717,0.985608,0.10958,0.682305,-0.168206,0.711454,2e-06,-5e-06,-9e-06,2.4e-05,-1.1e-05,-3.4e-05,0.467155
277,0.165763,-0.033167,0.313241,-0.701977,0.090864,-0.706412,-0.238668,-0.964485,0.113036,-0.670184,0.247828,0.699616,0.0,0.0,0.0,0.0,0.0,0.0,0.485548,-0.17075,-0.055343,0.291882,-0.338846,-0.867869,0.363287,0.693275,0.03057,0.719979,-0.635516,0.496903,0.590822,7e-05,0.002388,0.003368,0.002015,-0.014097,0.025054,-1.40303,0.0413,0.026452,-0.011292,0.379682,0.858145,0.345582,-0.675422,0.001868,0.737428,0.632175,-0.513403,0.58032,2.1e-05,0.000809,0.001142,-0.006108,0.002759,0.001642,-0.964845,0.085355,0.03396,-0.048758,0.719636,-0.01683,-0.694146,0.128733,0.985608,0.109564,0.682313,-0.168205,0.711446,5e-06,-2e-06,-7e-06,2.5e-05,1e-06,-3.3e-05,0.467482
278,0.165786,-0.033168,0.31324,-0.701952,0.090901,-0.706432,-0.238699,-0.964482,0.113004,-0.670199,0.247828,0.6996,0.0,0.0,0.0,0.0,0.0,0.0,0.485906,-0.170755,-0.055321,0.292056,-0.333497,-0.869679,0.363908,0.693119,0.035317,0.719912,-0.638514,0.493405,0.590521,6.6e-05,0.002263,0.003189,-0.012381,0.096205,-0.173614,-1.403027,0.041297,0.026464,-0.011204,0.374507,0.860182,0.346163,-0.675347,-0.002756,0.737494,0.635334,-0.509977,0.57989,3.7e-05,0.001318,0.00186,0.001942,-0.013302,0.025614,-0.967131,0.085366,0.033959,-0.048759,0.719615,-0.016869,-0.694167,0.128763,0.985607,0.109532,0.682329,-0.168204,0.711431,5e-06,-1e-06,-7e-06,2.6e-05,4e-06,-3.1e-05,0.467645
279,0.165797,-0.033168,0.31324,-0.701939,0.09092,-0.706442,-0.238714,-0.96448,0.112988,-0.670207,0.247829,0.699593,0.0,0.0,0.0,0.0,0.0,0.0,0.485858,-0.170765,-0.055284,0.292128,-0.333365,-0.86956,0.364313,0.693213,0.035679,0.719803,-0.638481,0.493588,0.590404,6e-05,0.002043,0.002876,0.0,-0.0,-0.0,-1.402812,0.041292,0.026483,-0.011167,0.374352,0.86003,0.34671,-0.6755,-0.003224,0.737352,0.635263,-0.510232,0.579743,3.3e-05,0.001237,0.001744,0.000187,0.000489,0.000382,-0.967948,0.085372,0.033959,-0.048759,0.719605,-0.016889,-0.694177,0.128779,0.985607,0.109516,0.682337,-0.168204,0.711423,5e-06,-1e-06,-6e-06,2e-05,-4e-06,-3.5e-05,0.467808
280,0.165821,-0.033163,0.313245,-0.701902,0.090973,-0.706472,-0.238757,-0.964474,0.112941,-0.670231,0.24783,0.69957,1.5e-05,0.000195,0.00022,0.0,0.0,0.0,0.485897,-0.170783,-0.055247,0.29229,-0.326238,-0.872024,0.364875,0.694895,0.040298,0.717935,-0.640339,0.488856,0.592325,6.9e-05,0.002377,0.003343,0.011039,-0.020302,0.020962,-1.40288,0.041283,0.0265,-0.011088,0.367236,0.862803,0.34743,-0.677595,-0.00772,0.735394,0.637182,-0.50548,0.581796,0.000461,-0.004458,0.005625,-0.052053,0.010922,-0.01885,-0.968764,0.085384,0.033962,-0.048757,0.719574,-0.016946,-0.694207,0.128823,0.985606,0.109471,0.68236,-0.168202,0.711401,1.3e-05,0.000123,0.000135,2.8e-05,0.0,-2.8e-05,0.467972
281,0.165832,-0.033157,0.313251,-0.701878,0.091007,-0.706492,-0.238784,-0.964471,0.112912,-0.670247,0.24783,0.699555,2e-06,2.4e-05,2.7e-05,0.0,0.0,0.0,0.486086,-0.170773,-0.055247,0.292503,-0.326167,-0.871964,0.365082,0.694749,0.040633,0.718058,-0.640534,0.488935,0.592049,8.3e-05,0.002862,0.004021,0.001796,-0.013929,0.025163,-1.402711,0.041289,0.0265,-0.010981,0.367263,0.862701,0.347655,-0.677269,-0.008149,0.73569,0.637514,-0.505647,0.581288,2.7e-05,0.001093,0.001535,-0.000533,0.000707,0.0005,-0.968927,0.08539,0.033965,-0.048753,0.719554,-0.016983,-0.694227,0.128852,0.985606,0.109441,0.682376,-0.168201,0.711386,3e-06,5e-06,2e-06,2.6e-05,-5e-06,-3.4e-05,0.468298
282,0.165833,-0.033151,0.313258,-0.702393,0.086865,-0.706502,-0.233082,-0.965867,0.112898,-0.67171,0.243857,0.699547,2e-06,2e-05,2.3e-05,7.7e-05,-1.2e-05,-7.6e-05,0.486236,-0.170769,-0.055295,0.292777,-0.319077,-0.874429,0.365452,0.696123,0.045281,0.716447,-0.642618,0.484092,0.593768,0.000965,-0.007585,0.013101,-0.034232,-0.004386,0.006367,-1.402865,0.04129,0.026477,-0.010843,0.360244,0.865455,0.348152,-0.678892,-0.012735,0.734126,0.639788,-0.500823,0.582963,0.000478,-0.0038,0.006543,-0.041862,-0.001118,0.008273,-0.970234,0.08539,0.033968,-0.04875,0.719609,-0.012793,-0.694261,0.12301,0.986365,0.109326,0.683396,-0.164073,0.711371,2e-06,3e-06,2e-06,-5e-06,9.4e-05,-0.000292,0.468462
283,0.165833,-0.033145,0.313265,-0.702381,0.08688,-0.706511,-0.233095,-0.965865,0.112884,-0.671718,0.243858,0.699539,9e-06,0.00012,0.000136,0.0,-0.0,-0.0,0.486774,-0.170748,-0.055325,0.292947,-0.318975,-0.87434,0.365754,0.695999,0.045699,0.71654,-0.642803,0.484214,0.593468,9.1e-05,0.00316,0.004429,6e-06,-4e-06,-3e-06,-1.402869,0.041301,0.026463,-0.010757,0.360181,0.865357,0.348462,-0.678737,-0.013167,0.734262,0.639988,-0.500982,0.582607,4.2e-05,0.001626,0.002279,-0.00087,0.000895,0.000596,-0.970397,0.08539,0.033971,-0.048747,0.7196,-0.012809,-0.69427,0.123024,0.986364,0.109314,0.683403,-0.164074,0.711364,6e-06,5.4e-05,6e-05,-0.000119,3.2e-05,0.000109,0.468788
284,0.165835,-0.03313,0.313297,-0.702344,0.086931,-0.706542,-0.233154,-0.965854,0.112858,-0.671736,0.243884,0.699513,5.7e-05,0.000721,0.000815,0.0,0.0,0.0,0.486371,-0.170725,-0.055435,0.293327,-0.31877,-0.874164,0.366354,0.69565,0.046608,0.716822,-0.643283,0.484446,0.592759,0.000978,-0.007123,0.013736,-0.034654,-0.00409,0.006561,-1.403206,0.041312,0.02641,-0.010573,0.360007,0.865182,0.349074,-0.678425,-0.014066,0.734534,0.640417,-0.501258,0.581898,0.000476,-0.003816,0.006514,-0.036307,0.010169,-0.01835,-0.968764,0.085391,0.033977,-0.048732,0.71957,-0.012865,-0.6943,0.123086,0.986359,0.109289,0.683424,-0.1641,0.711338,3.6e-05,0.00046,0.00052,-9.8e-05,1.9e-05,0.000104,0.469115
285,0.165838,-0.033104,0.313343,-0.702284,0.087013,-0.706591,-0.233239,-0.96584,0.112805,-0.671769,0.243911,0.699472,8.7e-05,0.001105,0.001249,0.0,0.0,0.0,0.486873,-0.170687,-0.055565,0.293746,-0.316694,-0.874581,0.367158,0.697132,0.047723,0.715307,-0.642706,0.483582,0.594088,0.000124,0.004314,0.006026,-0.010276,0.081608,-0.148842,-1.403064,0.041332,0.026341,-0.010359,0.357936,0.865701,0.349917,-0.680011,-0.015137,0.733044,0.639894,-0.500331,0.583269,5.5e-05,0.002179,0.003044,-0.016917,0.08434,-0.147254,-0.969907,0.085392,0.03399,-0.048709,0.71952,-0.012955,-0.69435,0.123176,0.986354,0.109237,0.68346,-0.164125,0.711297,5.5e-05,0.000701,0.000793,-7.2e-05,1.6e-05,9.2e-05,0.469605
286,0.165839,-0.033086,0.313363,-0.70225,0.087059,-0.70662,-0.233277,-0.965835,0.112764,-0.671792,0.243912,0.699449,0.000114,0.001453,0.001642,0.000787,-0.014284,0.025018,0.48668,-0.170671,-0.055658,0.293989,-0.314408,-0.874219,0.369975,0.699512,0.049966,0.712827,-0.641246,0.48401,0.595316,0.000981,-0.006987,0.013908,-0.029781,0.005134,-0.021669,-1.40308,0.041339,0.026302,-0.010246,0.355639,0.865482,0.352791,-0.682709,-0.017229,0.730486,0.638301,-0.500643,0.584745,0.000486,-0.003383,0.007109,-0.052867,-0.00199,0.009398,-0.97056,0.085393,0.033998,-0.0487,0.719501,-0.01299,-0.694369,0.123203,0.986354,0.10921,0.683475,-0.164125,0.711283,1.4e-05,0.00018,0.000202,-7.1e-05,8e-06,8e-05,0.469605
287,0.165841,-0.033079,0.313402,-0.702222,0.087099,-0.706642,-0.233345,-0.965819,0.112766,-0.671797,0.243964,0.699427,6.3e-05,0.000801,0.000905,0.0,0.0,0.0,0.486898,-0.170651,-0.05587,0.294475,-0.307389,-0.876699,0.370003,0.700306,0.054693,0.711699,-0.643785,0.478977,0.596645,0.000963,-0.007574,0.01308,-0.030784,0.005803,-0.021223,-1.403071,0.041349,0.026195,-0.009996,0.348711,0.868232,0.352948,-0.683658,-0.021961,0.729471,0.641101,-0.495671,0.585916,0.000481,-0.003544,0.00688,-0.052313,0.000284,0.008543,-0.974969,0.085394,0.034003,-0.048679,0.719469,-0.013051,-0.694401,0.123287,0.986344,0.1092,0.683494,-0.164177,0.711253,3.3e-05,0.000416,0.00047,-5.7e-05,1.1e-05,6.2e-05,0.470095
288,0.165842,-0.033074,0.313408,-0.702211,0.087114,-0.706652,-0.233358,-0.965818,0.112753,-0.671805,0.243964,0.699419,0.0,3e-06,3e-06,0.0,0.0,0.0,0.487009,-0.170653,-0.056154,0.294952,-0.305515,-0.877303,0.370124,0.701345,0.055432,0.710617,-0.643548,0.477784,0.597856,0.000951,-0.007981,0.012505,-0.025438,-0.010493,0.002397,-1.402906,0.041348,0.026053,-0.009757,0.34685,0.868904,0.353128,-0.684781,-0.022672,0.728395,0.640912,-0.49446,0.587146,0.000456,-0.004401,0.005684,-0.053413,0.012332,-0.018048,-0.976439,0.085394,0.034007,-0.048674,0.719459,-0.013068,-0.694411,0.123301,0.986344,0.109187,0.683502,-0.164177,0.711245,-2e-06,-2.1e-05,-2.4e-05,-4.3e-05,1.4e-05,6.7e-05,0.470258
289,0.165842,-0.033074,0.313408,-0.702211,0.087114,-0.706652,-0.233358,-0.965818,0.112753,-0.671805,0.243964,0.699419,0.0,0.0,0.0,0.0,0.0,0.0,0.487566,-0.170608,-0.056484,0.295342,-0.303557,-0.877829,0.370488,0.702459,0.056376,0.709442,-0.643262,0.476704,0.599024,0.000903,-0.009669,0.010155,-0.029789,0.005043,-0.021695,-1.402946,0.041371,0.02589,-0.00956,0.344931,0.86951,0.353516,-0.685936,-0.023582,0.727279,0.640712,-0.493351,0.588294,0.000446,-0.004776,0.005157,-0.054214,0.013757,-0.017082,-0.976276,0.085394,0.034007,-0.048675,0.719459,-0.013068,-0.694411,0.123301,0.986344,0.109187,0.683502,-0.164177,0.711245,2e-06,-9e-06,-9e-06,-3.7e-05,2.4e-05,7.2e-05,0.470258
290,0.165853,-0.033074,0.313408,-0.702198,0.087133,-0.706662,-0.233373,-0.965816,0.112736,-0.671813,0.243964,0.699411,0.0,0.0,0.0,0.0,0.0,0.0,0.487449,-0.17057,-0.056655,0.295491,-0.296559,-0.880265,0.370376,0.703544,0.060744,0.708005,-0.645346,0.47164,0.600789,0.000876,-0.010625,0.008827,-0.637669,-1.17314,-1.020582,-1.402836,0.04139,0.025805,-0.009484,0.339541,0.871631,0.35351,-0.687329,-0.026641,0.725856,0.642097,-0.489437,0.590052,0.000401,-0.005172,0.004202,-2.110963,-3.902481,-3.329294,-0.976439,0.0854,0.034007,-0.048675,0.719449,-0.013088,-0.694421,0.123316,0.986344,0.109171,0.68351,-0.164176,0.711238,3e-06,-6e-06,-6e-06,-3.7e-05,1.9e-05,7.3e-05,0.470748
291,0.165853,-0.033074,0.313408,-0.702198,0.087133,-0.706662,-0.233373,-0.965816,0.112736,-0.671813,0.243964,0.699411,0.0,0.0,0.0,0.0,0.0,0.0,0.488284,-0.170448,-0.056975,0.295726,-0.289482,-0.882596,0.370426,0.704347,0.065488,0.706781,-0.647686,0.466611,0.602196,0.00086,-0.011232,0.007981,-0.031236,0.004839,-0.021988,-1.40338,0.041451,0.025644,-0.009368,0.331014,0.874805,0.353757,-0.688209,-0.032679,0.724775,0.645598,-0.48337,0.591232,0.008022,-3.5e-05,-0.000893,-0.016788,-0.013215,0.028706,-0.975949,0.0854,0.034006,-0.048675,0.719449,-0.013088,-0.694421,0.123316,0.986344,0.109171,0.68351,-0.164176,0.711238,6e-06,-4e-06,-5e-06,-3.4e-05,2.8e-05,7.4e-05,0.470911
292,0.165864,-0.033074,0.313407,-0.702186,0.087152,-0.706672,-0.233388,-0.965814,0.11272,-0.671821,0.243965,0.699404,0.0,0.0,0.0,0.0,0.0,0.0,0.488016,-0.170392,-0.057275,0.29589,-0.287532,-0.883106,0.37073,0.705683,0.066226,0.70538,-0.647105,0.465539,0.603649,0.000859,-0.011298,0.007889,-0.03614,0.009419,-0.018852,-1.403103,0.041479,0.025489,-0.009285,0.329147,0.875358,0.354134,-0.689478,-0.033459,0.723533,0.645199,-0.482316,0.592527,0.000425,-0.005657,0.003935,-0.043047,0.012907,-0.016794,-0.972847,0.085405,0.034006,-0.048675,0.719438,-0.013108,-0.694432,0.123332,0.986343,0.109155,0.683518,-0.164176,0.71123,6e-06,-3e-06,-6e-06,-3.4e-05,2.4e-05,7.3e-05,0.471074
293,0.165876,-0.033074,0.313407,-0.702173,0.08717,-0.706683,-0.233403,-0.965812,0.112704,-0.671829,0.243965,0.699396,0.0,0.0,0.0,0.0,0.0,0.0,0.488623,-0.170346,-0.057409,0.295964,-0.285701,-0.883716,0.370692,0.707241,0.066444,0.703797,-0.646217,0.464347,0.605515,0.000867,-0.011035,0.008253,0.003282,-0.018257,-0.036663,-1.403039,0.041502,0.025425,-0.009252,0.327346,0.876044,0.354106,-0.691246,-0.033482,0.721842,0.644222,-0.481067,0.594602,0.000428,-0.005568,0.004054,-0.006431,-0.020115,-0.039002,-0.973499,0.085411,0.034006,-0.048676,0.719428,-0.013128,-0.694442,0.123347,0.986343,0.109139,0.683526,-0.164175,0.711222,5e-06,-2e-06,-3e-06,-3.3e-05,3.4e-05,7.2e-05,0.471238
294,0.165877,-0.033063,0.31342,-0.70215,0.087201,-0.706702,-0.233428,-0.965809,0.112677,-0.671844,0.243966,0.699381,6.6e-05,0.000843,0.000952,0.0,0.0,0.0,0.488578,-0.170268,-0.057665,0.296115,-0.285507,-0.883554,0.371227,0.706872,0.067279,0.704087,-0.646706,0.464535,0.604849,0.000855,-0.011486,0.007625,-0.036434,0.009595,-0.018735,-1.402755,0.041541,0.025298,-0.009175,0.327203,0.87587,0.354668,-0.690713,-0.034452,0.722306,0.644866,-0.481315,0.593702,0.000422,-0.005842,0.003673,-0.037584,0.010845,-0.017895,-0.974806,0.085412,0.03401,-0.048671,0.719409,-0.013162,-0.694461,0.123374,0.986343,0.109112,0.683541,-0.164175,0.711208,4.8e-05,0.000564,0.000635,-4.9e-05,1.5e-05,5e-05,0.471401
