frame,MLTx,MLTy,MLTz,MLTR1,MLTR2,MLTR3,MLTR4,MLTR5,MLTR6,MLTR7,MLTR8,MLTR9,MLTTVx,MLTTVy,MLTTVz,MLTRVx,MLTRVy,MLTRVz,MLGA,MRTx,MRTy,MRTz,MRTR1,MRTR2,MRTR3,MRTR4,MRTR5,MRTR6,MRTR7,MRTR8,MRTR9,MRTTVx,MRTTVy,MRTTVz,MRTRVx,MRTRVy,MRTRVz,MRGA,SLTx,SLTy,SLTz,SLTR1,SLTR2,SLTR3,SLTR4,SLTR5,SLTR6,SLTR7,SLTR8,SLTR9,SLTTVx,SLTTVy,SLTTVz,SLTRVx,SLTRVy,SLTRVz,SLGA,SRTx,SRTy,SRTz,SRTR1,SRTR2,SRTR3,SRTR4,SRTR5,SRTR6,SRTR7,SRTR8,SRTR9,SRTTVx,SRTTVy,SRTTVz,SRTRVx,SRTRVy,SRTRVz,SRGA
850,0.222454,0.010572,0.355769,-0.736312,-0.07565,-0.672434,-0.26037,-0.885563,0.384652,-0.62367,0.458395,0.633196,-0.106116,-0.010457,-0.001781,0.67675,-1.664865,1.141058,-1.099705,-0.183971,0.011183,0.360979,-0.644954,0.388541,0.658075,-0.147716,-0.908164,0.391602,0.750589,0.154876,0.642257,-0.000603,0.012906,-0.007157,0.313837,0.416005,-0.394792,0.218487,0.035692,0.050533,0.000292,0.599866,-0.397554,0.694342,0.154315,0.909012,0.387147,-0.785077,-0.125089,0.606634,-0.006859,0.006746,-0.00291,0.969306,1.592491,-1.813779,0.050985,0.111231,0.044226,-0.047216,0.765183,0.1798,-0.618195,0.130317,0.897079,0.422214,0.630484,-0.403633,0.662999,-0.053061,-0.005157,-0.000767,-0.399238,-0.437161,-0.220367,-0.815329
851,0.218457,0.010502,0.355654,-0.712132,-0.048268,-0.700417,-0.301844,-0.879688,0.367438,-0.633003,0.473137,0.612761,-0.107461,0.00631,-0.006225,-3.836978,1.385433,3.246581,-0.742042,-0.184307,0.011679,0.36073,-0.662541,0.358687,0.657552,-0.107257,-0.914178,0.390778,0.742104,0.187936,0.643292,-0.013692,0.012308,-0.006633,-1.058472,-0.645173,-1.080345,0.322677,0.035529,0.050786,0.000171,0.617722,-0.368754,0.694578,0.115661,0.91624,0.383571,-0.777843,-0.156605,0.608632,-0.000574,0.011795,-0.007968,-3.575573,-2.185218,-3.525432,0.17329,0.109193,0.044184,-0.047277,0.744965,0.150972,-0.649794,0.172343,0.897433,0.406092,0.644456,-0.414512,0.642537,-0.053879,0.003262,-0.003001,-3.880717,1.298075,3.254341,-0.729602
852,0.216536,0.010845,0.35545,-0.698839,-0.040789,-0.714147,-0.31854,-0.87618,0.361681,-0.639609,0.480287,0.600209,-0.109261,0.031426,-0.020936,0.637916,-2.080934,1.467791,-0.535527,-0.18446,0.012136,0.360405,-0.678899,0.327095,0.65734,-0.065067,-0.918472,0.390009,0.732156,0.221601,0.643974,-0.001968,0.033652,-0.024963,-1.01025,-0.697065,-1.042666,0.364759,0.035454,0.050998,2.1e-05,0.633576,-0.340415,0.694764,0.077393,0.921382,0.380874,-0.769799,-0.187543,0.610111,-0.000641,0.0116,-0.008045,-0.259434,-0.233786,-0.265033,0.23632,0.108274,0.044342,-0.047372,0.735635,0.141342,-0.662467,0.19068,0.89523,0.402744,0.649985,-0.422592,0.631612,-0.047585,0.010891,-0.006036,-0.224012,-0.567748,-0.468702,-0.676369
853,0.212793,0.012233,0.354727,-0.680643,-0.030894,-0.731994,-0.351864,-0.862567,0.363513,-0.641783,0.50502,0.577146,-0.09653,0.047029,-0.026859,-0.130374,-0.407876,-0.106494,-0.198515,-0.184895,0.013205,0.35947,-0.691371,0.292461,0.660654,-0.017059,-0.920669,0.389887,0.723123,0.257925,0.640649,-0.015224,0.02768,-0.028135,-0.048042,0.027408,-0.042179,0.426202,0.03523,0.051562,-0.000456,0.648899,-0.302124,0.69832,0.023857,0.925413,0.378206,-0.7605,-0.228757,0.607708,-0.007613,0.013631,-0.014201,-0.034595,0.013493,-0.048512,0.343765,0.106397,0.045035,-0.047728,0.717751,0.130388,-0.683982,0.226157,0.885398,0.406106,0.658548,-0.44617,0.606007,-0.041655,0.024235,-0.013176,-0.220737,-0.52028,0.125342,-0.528754
854,0.209275,0.014012,0.353299,-0.654966,-0.040757,-0.754588,-0.378495,-0.846582,0.374181,-0.653262,0.530731,0.540001,-0.082661,0.045951,-0.044731,-0.499155,-1.288947,-0.329217,-0.041391,-0.186109,0.014373,0.357741,-0.695028,0.279013,0.662632,0.016744,-0.915005,0.403014,0.719613,0.290854,0.630415,-0.043891,0.04375,-0.063355,-0.03801,0.388757,0.199463,0.431382,0.034651,0.052133,-0.001265,0.653389,-0.288051,0.700077,-0.011224,0.92099,0.389422,-0.756938,-0.262302,0.598532,-0.021652,0.015296,-0.028194,-0.328113,0.579456,0.209106,0.383935,0.104661,0.04593,-0.048402,0.694704,0.134976,-0.706516,0.253649,0.873167,0.416222,0.673087,-0.468358,0.572357,-0.041282,0.022579,-0.022597,-0.394634,-1.429823,0.098268,-0.329049
855,0.207716,0.014899,0.35226,-0.634668,-0.042895,-0.771623,-0.399598,-0.836416,0.375102,-0.660703,0.546454,0.51467,-0.082738,0.049247,-0.058693,0.157063,-3.037806,1.898844,-0.029498,-0.186934,0.015052,0.356492,-0.693221,0.282923,0.662866,0.023426,-0.910301,0.413205,0.721166,0.301619,0.623545,-0.044826,0.047372,-0.076921,-0.133059,0.322466,0.33254,0.431676,0.034228,0.052485,-0.001905,0.651121,-0.292304,0.700427,-0.018439,0.916497,0.399615,-0.758749,-0.273113,0.591361,-0.022104,0.01742,-0.034762,-0.490946,0.413895,-0.015208,0.38965,0.103882,0.046376,-0.048907,0.6771,0.136662,-0.723089,0.274768,0.864589,0.420698,0.682669,-0.483536,0.547864,-0.034728,0.024951,-0.029367,-0.47255,-1.365914,-0.145924,-0.28741
856,0.204664,0.016841,0.349727,-0.596602,-0.069158,-0.79958,-0.418026,-0.823694,0.383085,-0.684367,0.562877,0.463507,-0.082735,0.05309,-0.072187,-0.386953,-1.364338,-0.203407,-0.01896,-0.189235,0.017045,0.353103,-0.682423,0.298212,0.667353,0.034054,-0.898931,0.436689,0.730971,0.320361,0.602423,-0.072313,0.064013,-0.095552,-0.152988,0.69444,0.566529,0.452356,0.033108,0.053439,-0.003565,0.640613,-0.305907,0.704297,-0.030938,0.906189,0.421738,-0.767239,-0.29196,0.571053,-0.029336,0.025796,-0.044511,-0.346185,0.970416,0.756276,0.407449,0.102325,0.047359,-0.050194,0.63527,0.159509,-0.755637,0.2952,0.853984,0.428446,0.713644,-0.495243,0.495424,-0.04128,0.02588,-0.036528,-0.452107,-1.390958,-0.464291,-0.259325
857,0.201441,0.019178,0.346646,-0.56443,-0.107567,-0.818471,-0.4216,-0.814865,0.397769,-0.709033,0.56971,0.415607,-0.096212,0.063983,-0.079848,-0.417573,-1.524418,-0.326086,0.023418,-0.191645,0.019959,0.349364,-0.667175,0.328002,0.668792,0.024058,-0.887777,0.459572,0.7453,0.322295,0.583538,-0.059055,0.085252,-0.097144,-0.067954,0.453602,0.794586,0.455293,0.031853,0.054922,-0.005522,0.62321,-0.33697,0.705733,-0.021916,0.894529,0.44647,-0.781746,-0.293712,0.550095,-0.029463,0.042789,-0.048406,-0.06263,0.455074,0.796658,0.424594,0.100683,0.048534,-0.051771,0.600152,0.194286,-0.775931,0.298566,0.845532,0.442643,0.742074,-0.49732,0.449441,-0.048038,0.03183,-0.04,-0.386069,-1.489637,-0.308503,-0.227809
858,0.199703,0.020524,0.34506,-0.550798,-0.121267,-0.82581,-0.422401,-0.812849,0.401032,-0.719211,0.569857,0.397524,-0.096657,0.077438,-0.086207,-0.150282,-1.144605,-0.086555,0.040926,-0.192752,0.021824,0.347471,-0.666069,0.335019,0.666412,0.029693,-0.880732,0.472613,0.746084,0.334162,0.57581,-0.058879,0.104776,-0.098989,-0.348103,0.074298,0.683959,0.449296,0.031321,0.055806,-0.006438,0.622014,-0.343643,0.703567,-0.028281,0.8881,0.458778,-0.782495,-0.305264,0.542692,-0.022602,0.047233,-0.045532,-1.30373,-0.222374,-0.021301,0.424268,0.099814,0.049203,-0.052568,0.584824,0.207835,-0.784081,0.299336,0.843099,0.446745,0.753908,-0.495971,0.430852,-0.048268,0.038712,-0.043065,-0.185605,-1.188078,-0.110416,-0.199723
859,0.196074,0.023083,0.342307,-0.527833,-0.138691,-0.837976,-0.432987,-0.804834,0.405877,-0.730072,0.577236,0.365814,-0.094633,0.050918,-0.056566,-0.138522,-0.839018,0.013169,0.050129,-0.19457,0.026081,0.34417,-0.695133,0.29042,0.657599,0.115388,-0.857713,0.500947,0.710372,0.423738,0.561855,-0.0436,0.113596,-0.076629,-1.242958,-0.451436,-0.067615,0.436825,0.030406,0.057919,-0.008106,0.652618,-0.300655,0.695482,-0.114768,0.868085,0.482965,-0.748944,-0.39501,0.532022,-0.015168,0.057614,-0.03818,-4.057688,-2.254592,-2.147119,0.410225,0.098035,0.050456,-0.053928,0.561181,0.222845,-0.797129,0.3102,0.836254,0.452165,0.767366,-0.501016,0.400164,-0.047561,0.031804,-0.031713,-0.306858,-0.885294,-0.173286,-0.166412
860,0.191993,0.024969,0.340577,-0.504057,-0.138674,-0.852491,-0.457081,-0.794655,0.399465,-0.732211,0.59118,0.338231,-0.105963,0.029122,-0.023209,-0.002773,-0.349787,0.020542,0.036759,-0.195532,0.030619,0.34165,-0.728754,0.223554,0.64725,0.22137,-0.817416,0.531752,0.648846,0.530513,0.545361,-0.003058,0.118613,-0.058905,-4.229738,-2.728206,-2.170795,0.412285,0.029909,0.060232,-0.009394,0.688858,-0.235122,0.685705,-0.223012,0.83132,0.509089,-0.689739,-0.50361,0.520227,-0.001354,0.060086,-0.028896,-4.328416,-2.639342,-2.111354,0.387527,0.096,0.051397,-0.054814,0.537781,0.221476,-0.813473,0.335768,0.828792,0.44762,0.773337,-0.513859,0.371345,-0.059737,0.020338,-0.015174,0.063524,-0.309892,0.018776,-0.171801
861,0.187104,0.026352,0.339801,-0.486877,-0.121876,-0.864952,-0.495488,-0.776961,0.388324,-0.718762,0.617788,0.318977,-0.131575,0.036137,-0.017253,-4.728742,1.885503,2.031739,0.066568,-0.195254,0.034545,0.340104,-0.717538,0.171359,0.675105,0.320612,-0.779078,0.538683,0.619151,0.60275,0.503198,0.024272,0.091953,-0.031513,-4.024355,-0.637811,-4.075737,0.370564,0.030049,0.062206,-0.010157,0.678023,-0.182631,0.711989,-0.323572,0.795577,0.512208,-0.659988,-0.577669,0.480326,0.012238,0.046395,-0.015434,-4.075534,-0.595538,-4.023057,0.343112,0.093565,0.052091,-0.055201,0.522703,0.205772,-0.827307,0.371535,0.818442,0.438308,0.767295,-0.536479,0.351351,-0.065781,0.017952,-0.00865,-0.007713,-0.152976,0.29898,-0.163146
862,0.18192,0.027962,0.338949,-0.474581,-0.094165,-0.875186,-0.540358,-0.753705,0.37405,-0.694271,0.650545,0.307904,-0.11827,0.045363,-0.027463,-4.686084,1.823945,2.009045,0.095498,-0.193714,0.036969,0.339615,-0.649432,0.164145,0.742486,0.399295,-0.757233,0.516812,0.647861,0.631892,0.425266,0.051439,0.031692,0.003181,-0.563811,2.839453,-2.016394,0.337909,0.030787,0.063407,-0.010388,0.610017,-0.170957,0.773726,-0.401458,0.775171,0.487791,-0.683161,-0.608179,0.404236,0.025762,0.016188,0.001815,-0.797638,3.528055,-2.316032,0.299514,0.091017,0.05289,-0.055602,0.515215,0.176685,-0.83865,0.419702,0.80115,0.426623,0.747263,-0.571786,0.33861,-0.059127,0.022671,-0.013666,0.165054,-0.336321,0.482139,-0.112689
863,0.179625,0.028815,0.338344,-0.464604,-0.097365,-0.880175,-0.542016,-0.754741,0.369535,-0.699713,0.648875,0.298982,-0.105104,0.04095,-0.031259,0.019638,-0.520181,0.13586,0.081953,-0.19294,0.037422,0.339705,-0.624757,0.155672,0.765138,0.443764,-0.735358,0.512109,0.643134,0.65928,0.389348,0.039395,0.00443,0.016319,-2.218467,0.742269,-0.618889,0.281615,0.031193,0.063668,-0.010344,0.58186,-0.161196,0.797153,-0.446223,0.75618,0.478619,-0.679943,-0.634198,0.368062,0.019548,0.007377,0.003896,-4.927867,-1.125006,-2.87247,0.2631,0.08986,0.053328,-0.055896,0.506597,0.17492,-0.844252,0.426458,0.800194,0.421689,0.749328,-0.573665,0.330779,-0.052546,0.020277,-0.0157,-0.107684,-0.850017,0.16304,-0.107464
864,0.17564,0.030259,0.337096,-0.44394,-0.115207,-0.888646,-0.544486,-0.752948,0.369563,-0.711134,0.648059,0.272645,-0.091668,0.026649,-0.026157,-0.140794,-0.813323,-0.043273,0.06949,-0.191138,0.037269,0.340374,-0.573671,0.135981,0.807715,0.524443,-0.696372,0.489858,0.629778,0.704435,0.327132,0.052358,-0.009239,0.021526,-0.397971,1.126379,-0.965262,0.111754,0.03209,0.063591,-0.010015,0.52936,-0.14172,0.836476,-0.527918,0.716792,0.455533,-0.664138,-0.682732,0.304625,0.026398,-0.010935,0.014174,-0.431318,1.105876,-1.022573,0.055884,0.087818,0.054068,-0.056535,0.484215,0.190814,-0.853888,0.429364,0.798516,0.421921,0.762352,-0.570929,0.304725,-0.052401,0.018975,-0.016745,-0.212828,-1.00424,-0.178467,-0.130162
865,0.172278,0.031737,0.335776,-0.422478,-0.150505,-0.893815,-0.545213,-0.745574,0.383189,-0.723558,0.649393,0.234047,-0.078702,0.051104,-0.04093,-0.317717,-1.32699,-0.529586,0.070466,-0.188403,0.036929,0.341482,-0.541649,0.121509,0.831771,0.560225,-0.685403,0.465084,0.627266,0.717727,0.302104,0.0786,-0.010223,0.034709,0.105692,-0.12318,-0.747324,0.087785,0.033417,0.063406,-0.009486,0.494899,-0.127347,0.859567,-0.563266,0.706222,0.428931,-0.661668,-0.696443,0.277778,0.039299,-0.0049,0.017462,-0.156364,0.646769,-0.969346,-0.051888,0.086132,0.05479,-0.057195,0.460135,0.221476,-0.85978,0.430104,0.791567,0.434086,0.776714,-0.569534,0.26897,-0.032787,0.019784,-0.016763,-0.233514,-1.172452,-0.138097,-0.126896
866,0.171107,0.0327,0.335017,-0.415018,-0.160801,-0.895515,-0.553496,-0.736557,0.388712,-0.721594,0.657185,0.2178,-0.052591,0.052439,-0.040641,-0.099291,-0.866366,-0.153283,0.079303,-0.186892,0.036768,0.342149,-0.541817,0.11218,0.832971,0.571036,-0.677936,0.462877,0.617283,0.726298,0.302186,0.091235,-0.00794,0.035323,-0.124415,0.342967,-0.594749,0.1069,0.034198,0.063328,-0.009141,0.497276,-0.115037,0.859931,-0.573345,0.700321,0.425236,-0.651146,-0.704497,0.282297,0.039295,-0.003946,0.018081,-0.148619,0.140596,-0.254978,-0.055807,0.085517,0.055289,-0.05759,0.44996,0.234252,-0.861778,0.439079,0.782264,0.441895,0.777653,-0.577224,0.249132,-0.026263,0.026328,-0.020191,-0.077069,-0.842979,-0.129277,-0.129672
867,0.169147,0.034777,0.333544,-0.415264,-0.185857,-0.890538,-0.558669,-0.72048,0.410817,-0.717458,0.668342,0.196469,-0.064931,0.04422,-0.030086,-0.004924,-0.421633,-0.194057,0.167144,-0.183509,0.035865,0.344005,-0.554403,0.041705,0.831197,0.639585,-0.617541,0.457722,0.533061,0.785316,0.314622,0.079882,-0.028145,0.053469,-0.490034,-1.943436,1.748612,0.067761,0.035894,0.062887,-0.008217,0.508896,-0.045232,0.859638,-0.644407,0.642099,0.415267,-0.570756,-0.765286,0.297614,0.046559,-0.019628,0.030235,-1.567892,-0.906405,-1.134178,-0.053194,0.084561,0.056309,-0.058316,0.446983,0.259333,-0.856125,0.444485,0.766159,0.464147,0.776297,-0.588001,0.22719,-0.025965,0.022601,-0.014819,0.012341,-0.318723,-0.341476,-0.051456
868,0.166614,0.03551,0.332824,-0.426047,-0.165478,-0.889464,-0.614168,-0.668997,0.418584,-0.663792,0.724821,0.184504,-0.077886,-0.007662,-0.003731,-0.162838,0.145777,-0.189262,0.133163,-0.180058,0.034385,0.346528,-0.543138,-0.012479,0.839546,0.690857,-0.574746,0.438539,0.477713,0.818194,0.319707,0.094095,-0.043778,0.073088,-4.577556,-1.368924,-4.196316,0.034062,0.037615,0.06215,-0.006964,0.503368,0.005269,0.864056,-0.690445,0.603693,0.398547,-0.519524,-0.797199,0.307517,0.040699,-0.021343,0.037315,0.128881,-0.693925,-0.284149,-0.122429,0.0833,0.056705,-0.058679,0.459636,0.240169,-0.855016,0.504751,0.721489,0.474004,0.730726,-0.649439,0.210397,-0.032498,-0.004297,-0.002338,-0.452252,0.251192,0.119497,-0.028105
869,0.165229,0.035303,0.332779,-0.433399,-0.148266,-0.888948,-0.640998,-0.642648,0.419639,-0.632967,0.751868,0.184595,-0.077936,-0.018601,0.004234,-0.481051,0.215192,0.037173,0.133071,-0.17851,0.033591,0.347978,-0.519119,-0.032212,0.85409,0.715718,-0.562439,0.413938,0.467669,0.826195,0.313928,0.068897,-0.041518,0.076489,0.054566,1.259305,-2.662067,0.036321,0.038398,0.061753,-0.00624,0.479273,0.029665,0.877163,-0.718006,0.588019,0.372424,-0.504741,-0.808302,0.303122,0.034031,-0.015063,0.034241,0.088466,-0.330868,-0.619234,-0.131083,0.082578,0.056595,-0.058706,0.469264,0.22323,-0.854376,0.534244,0.6986,0.475962,0.703116,-0.679798,0.208569,-0.038953,-0.009379,0.002102,-0.476744,0.23344,0.045327,-0.039862
870,0.162335,0.034623,0.333196,-0.43618,-0.122188,-0.891551,-0.670423,-0.616749,0.412463,-0.599725,0.777775,0.188209,-0.090425,-0.020769,0.019042,-0.058379,-0.827164,2.436243,0.175876,-0.176041,0.032163,0.350974,-0.481163,-0.081318,0.872847,0.75812,-0.538369,0.367895,0.440579,0.838826,0.31957,0.055487,-0.028231,0.070761,0.143424,-0.360969,-1.080235,0.031348,0.039638,0.06104,-0.004736,0.439943,0.079401,0.894508,-0.759535,0.564337,0.323465,-0.47912,-0.821717,0.308584,0.028086,-0.018821,0.039961,0.272491,-0.74458,-1.069848,-0.139575,0.081164,0.05625,-0.058514,0.476919,0.200276,-0.855825,0.565663,0.675316,0.473257,0.672735,-0.709814,0.208782,-0.045193,-0.010205,0.009698,-0.074687,0.072158,-0.052192,-0.017654
871,0.158637,0.033612,0.334293,-0.421193,-0.088995,-0.902619,-0.700268,-0.60055,0.385922,-0.575896,0.794733,0.191754,-0.103297,-0.037145,0.039444,-0.011434,0.242353,0.339865,0.298998,-0.174131,0.03108,0.353876,-0.461419,-0.144945,0.875257,0.796229,-0.50261,0.336654,0.391674,0.852409,0.346198,0.042788,-0.024595,0.07402,-0.060699,-0.534651,-0.910475,0.03877,0.040598,0.060495,-0.003288,0.421965,0.144634,0.895,-0.797033,0.529651,0.290184,-0.432067,-0.835792,0.338773,0.015033,-0.012274,0.037456,-0.366875,-1.09045,-0.77782,-0.140391,0.079321,0.05575,-0.057973,0.46495,0.162615,-0.870274,0.600007,0.664936,0.444804,0.651009,-0.728982,0.211592,-0.045221,-0.019084,0.019257,-0.035677,0.208505,0.527467,0.109059
872,0.156751,0.032771,0.335084,-0.410047,-0.064378,-0.909815,-0.718543,-0.591584,0.365644,-0.561269,0.803751,0.197454,-0.09099,-0.051598,0.044601,0.019652,-0.046017,1.268354,0.324283,-0.173456,0.030704,0.355293,-0.450342,-0.178028,0.874922,0.814555,-0.483032,0.321114,0.365992,0.85749,0.361418,0.0293,-0.013787,0.066493,-4.577132,-2.371308,-3.438899,0.04954,0.040929,0.060311,-0.0026,0.413923,0.172264,0.893863,-0.811665,0.514415,0.276722,-0.412148,-0.84006,0.35275,0.014604,-0.00645,0.033501,0.041594,-0.42153,-0.825194,-0.133533,0.078408,0.055359,-0.057587,0.459842,0.138879,-0.877072,0.618972,0.658079,0.428725,0.636724,-0.740029,0.21665,-0.045464,-0.02551,0.022576,0.089137,0.796063,0.808678,0.176008
873,0.153525,0.030665,0.336825,-0.39854,-0.011705,-0.917101,-0.756115,-0.561759,0.335693,-0.51863,0.827235,0.216178,-0.078836,-0.064119,0.051353,0.084921,0.494282,0.876833,0.298084,-0.173005,0.030531,0.357507,-0.44522,-0.209225,0.870629,0.828243,-0.46554,0.3118,0.340615,0.860158,0.379437,0.002401,0.004208,0.04897,-4.834177,-1.926068,-2.310508,0.054102,0.041176,0.06022,-0.001457,0.408646,0.207523,0.888787,-0.826265,0.497753,0.263679,-0.387677,-0.842125,0.374874,0.001164,0.001843,0.0243,-0.076128,-0.249987,-0.063854,-0.118673,0.076757,0.054297,-0.056703,0.452535,0.084877,-0.887697,0.66291,0.633807,0.398544,0.596457,-0.768819,0.230555,-0.039425,-0.032096,0.025695,0.180779,0.762684,1.047963,0.209156
874,0.150129,0.028097,0.339023,-0.390633,0.042478,-0.919591,-0.778617,-0.548157,0.305371,-0.49063,0.835243,0.24835,-0.09238,-0.071668,0.062437,0.151643,0.926699,0.843285,0.27526,-0.17293,0.030868,0.359212,-0.440857,-0.2253,0.868836,0.836077,-0.455022,0.306374,0.326846,0.861747,0.38785,0.000723,0.023364,0.030268,-0.0159,-0.068029,0.034445,0.056742,0.041213,0.060383,-0.000598,0.403489,0.225937,0.88665,-0.837115,0.482343,0.258036,-0.369369,-0.846343,0.383755,-0.005523,0.006164,0.019737,-0.081191,0.002367,0.047378,-0.114918,0.075064,0.053014,-0.05561,0.450971,0.030725,-0.892009,0.688705,0.623721,0.36967,0.567724,-0.781042,0.26012,-0.046171,-0.035579,0.031461,0.191336,1.061409,0.933988,0.174375
875,0.146785,0.025835,0.341479,-0.38535,0.098298,-0.917545,-0.790646,-0.547865,0.273304,-0.475354,0.830647,0.289984,-0.077973,-0.04758,0.063992,0.224534,1.11823,0.849717,0.3047,-0.17325,0.031526,0.360425,-0.441313,-0.23082,0.867154,0.83666,-0.454996,0.304815,0.324728,0.860306,0.392797,-0.011748,0.018519,0.027889,-0.030439,-0.024129,0.023107,0.077007,0.041058,0.060715,1e-05,0.404272,0.230969,0.884995,-0.837547,0.482292,0.256727,-0.36753,-0.845013,0.388424,-0.005897,0.009058,0.013818,-0.055177,0.104763,-0.130476,-0.102671,0.073385,0.051858,-0.054395,0.451968,-0.025203,-0.891677,0.702747,0.62574,0.338518,0.549427,-0.779624,0.300526,-0.038998,-0.023726,0.032095,0.290864,1.199337,1.136311,0.179437
876,0.145262,0.024997,0.342784,-0.383125,0.120832,-0.915784,-0.794505,-0.548794,0.259919,-0.470702,0.827026,0.307401,-0.077359,-0.041845,0.068284,0.112994,0.823511,0.658903,0.333939,-0.173421,0.03183,0.360974,-0.441225,-0.230844,0.867192,0.836961,-0.454289,0.305045,0.324071,0.860673,0.392535,-0.011718,0.017098,0.026899,-0.033076,-0.01807,0.02687,0.099975,0.040968,0.060872,0.000294,0.404248,0.230716,0.885071,-0.837843,0.481552,0.257149,-0.36688,-0.845504,0.387971,-0.00588,0.008344,0.013322,-0.033062,-0.013147,0.030353,-0.082423,0.072594,0.051421,-0.053719,0.452364,-0.050149,-0.890421,0.707646,0.627824,0.324148,0.542773,-0.776737,0.319493,-0.038646,-0.020359,0.034615,0.107006,0.814108,0.653528,0.208993
877,0.142758,0.023623,0.345499,-0.377766,0.162604,-0.911537,-0.804963,-0.544138,0.236476,-0.457087,0.822883,0.337584,-0.050433,-0.036831,0.071646,3.3e-05,0.589729,0.383313,0.354385,-0.173686,0.03217,0.362065,-0.44127,-0.230895,0.867156,0.837586,-0.452597,0.305844,0.322387,0.86155,0.391995,-0.011667,0.010338,0.022537,-0.03491,-0.003316,0.002182,0.120159,0.04084,0.061044,0.000835,0.40432,0.230686,0.885047,-0.838504,0.479969,0.257954,-0.365289,-0.846411,0.387492,-0.00544,-0.000477,0.015352,-0.0698,0.007769,-0.015341,-0.042253,0.071362,0.050753,-0.052383,0.451565,-0.09227,-0.887454,0.720065,0.625028,0.301407,0.526873,-0.775129,0.348681,-0.025065,-0.012566,0.032001,0.071831,0.578827,0.602272,0.263042
878,0.141284,0.022622,0.348082,-0.371131,0.19327,-0.90827,-0.814638,-0.53721,0.218501,-0.445248,0.820762,0.357953,-0.023094,-0.012491,0.056426,0.022902,0.401648,0.393509,0.344437,-0.174047,0.032188,0.363074,-0.441112,-0.230946,0.867222,0.838385,-0.450617,0.306575,0.320516,0.862574,0.391278,-0.011632,0.005551,0.019494,-0.034912,-0.003216,0.002238,0.126656,0.040655,0.061055,0.001346,0.404179,0.230718,0.885103,-0.839375,0.478051,0.258684,-0.363441,-0.847488,0.386877,-0.005833,0.002447,0.009549,-0.033843,-0.002892,0.002668,-0.025761,0.070629,0.050252,-0.051105,0.448361,-0.122553,-0.88541,0.731517,0.619548,0.284677,0.513667,-0.775332,0.367431,-0.01168,-0.011298,0.032714,0.09546,0.657722,0.552058,0.267288
879,0.140811,0.022428,0.349231,-0.369418,0.204624,-0.90648,-0.816982,-0.536326,0.211819,-0.442373,0.818572,0.366434,-0.022515,-0.008715,0.059081,0.057766,0.489217,0.477887,0.343596,-0.174142,0.032122,0.363531,-0.441232,-0.230969,0.867155,0.838696,-0.449672,0.307112,0.319536,0.863061,0.391007,-0.011623,0.002577,0.017638,-0.036702,0.011275,-0.022606,0.124845,0.040612,0.061022,0.001569,0.404324,0.230728,0.885034,-0.839711,0.477167,0.259221,-0.362499,-0.847983,0.386675,0.000799,-0.003867,0.01276,-0.070216,0.006834,-0.011203,-0.023475,0.070386,0.050151,-0.050533,0.44769,-0.132917,-0.884254,0.734324,0.618923,0.278748,0.510235,-0.774122,0.37469,-0.011087,0.001502,0.025686,-0.079012,0.018944,0.225235,0.263532
880,0.14007,0.022433,0.351388,-0.368095,0.218854,-0.903689,-0.820152,-0.53428,0.204618,-0.437591,0.816208,0.377287,-0.008442,0.005669,0.052774,-0.012878,0.152686,0.339009,0.366718,-0.17407,0.032114,0.364363,-0.440999,-0.236386,0.865813,0.839621,-0.449301,0.305122,0.317418,0.861793,0.395501,0.000811,0.00588,0.018718,0.045393,-0.197022,-0.07752,0.118523,0.040643,0.061005,0.001977,0.404346,0.235664,0.883722,-0.840495,0.476756,0.25743,-0.360653,-0.846856,0.390849,0.000391,0.002615,0.009159,0.090102,-0.285515,-0.130091,-0.027557,0.070002,0.050147,-0.049428,0.448024,-0.148925,-0.881529,0.738316,0.617662,0.270891,0.504145,-0.772213,0.386682,-0.004223,0.003071,0.026579,0.007438,0.310598,0.200346,0.276269
881,0.140074,0.02273,0.353477,-0.364505,0.227714,-0.902955,-0.823551,-0.531394,0.198382,-0.434205,0.815657,0.382357,0.005097,0.008335,0.054132,-0.07824,0.06083,0.091116,0.37078,-0.173972,0.032399,0.365178,-0.441275,-0.239104,0.864926,0.840068,-0.448775,0.304664,0.315845,0.861321,0.397784,0.000802,0.009089,0.020607,-0.027031,-0.031589,0.02347,0.087951,0.040692,0.061143,0.002382,0.404641,0.23912,0.882659,-0.840996,0.476383,0.256484,-0.359153,-0.846097,0.393863,0.000388,0.004657,0.010372,-0.041162,-0.00528,0.03884,-0.044703,0.069999,0.050296,-0.048382,0.445354,-0.158582,-0.881197,0.742479,0.615441,0.264491,0.500382,-0.772064,0.391833,0.009234,0.009594,0.022762,-0.05293,-0.117189,0.316125,0.295863
882,0.140463,0.023217,0.355474,-0.368955,0.242261,-0.897344,-0.825243,-0.529544,0.196287,-0.427179,0.812647,0.396423,0.018027,0.016397,0.043144,-0.001402,0.154152,0.208671,0.385098,-0.173919,0.032705,0.366028,-0.440315,-0.247176,0.863144,0.841282,-0.449202,0.300659,0.313942,0.858826,0.404623,0.000796,0.009874,0.021,0.024602,-0.078456,-0.236969,0.044972,0.040719,0.061298,0.002808,0.404189,0.246862,0.880732,-0.841896,0.476802,0.252723,-0.357548,-0.843634,0.40055,0.006576,0.005303,0.01027,0.058543,-0.234369,-0.060647,-0.097772,0.070188,0.050543,-0.047393,0.451111,-0.172371,-0.875663,0.744357,0.613978,0.262607,0.492372,-0.770271,0.405278,0.009019,0.008431,0.021741,0.021295,0.219687,0.250576,0.305498
883,0.140673,0.023348,0.356377,-0.37278,0.250911,-0.893378,-0.82578,-0.528815,0.195993,-0.422799,0.810484,0.405443,0.017217,0.002392,0.049277,-0.099554,0.298048,-0.011745,0.393669,-0.173896,0.032816,0.366523,-0.43733,-0.249488,0.863996,0.842771,-0.448754,0.297137,0.314118,0.858395,0.405403,0.000792,0.011146,0.021721,0.002978,-0.099924,-0.017821,0.028209,0.04073,0.061351,0.003055,0.401017,0.249617,0.881405,-0.843318,0.476363,0.248781,-0.35777,-0.843071,0.401536,0.000791,0.00044,0.015279,-0.054274,0.0185,-0.19896,-0.120633,0.070303,0.050621,-0.046903,0.455669,-0.181206,-0.871509,0.745082,0.613342,0.262038,0.48705,-0.768749,0.414494,0.008547,0.000973,0.024483,-0.13766,0.23985,-0.060102,0.318888
884,0.141657,0.023085,0.358246,-0.37204,0.270943,-0.887818,-0.829336,-0.526583,0.186772,-0.41645,0.805449,0.421721,0.028524,-0.017787,0.050974,0.018391,0.460779,0.336788,0.354627,-0.17386,0.033073,0.367724,-0.433053,-0.257142,0.863906,0.845449,-0.448006,0.290585,0.312837,0.856534,0.410299,0.00078,0.015763,0.02436,-0.028337,0.041546,-0.16402,-0.021406,0.040747,0.061474,0.00364,0.397034,0.2576,0.880911,-0.845648,0.475709,0.242032,-0.35671,-0.841036,0.406712,0.000783,0.002983,0.016747,-0.071763,-0.028732,0.03913,-0.170273,0.070774,0.050505,-0.045999,0.456867,-0.199069,-0.866973,0.749108,0.611691,0.254303,0.479696,-0.765639,0.428586,0.020754,-0.004476,0.020433,0.073843,0.53293,0.448293,0.314805
885,0.142888,0.022763,0.359743,-0.373618,0.293395,-0.879986,-0.831942,-0.525529,0.177944,-0.409793,0.798214,0.441533,0.028134,-0.011234,0.039455,0.085581,0.560206,0.38338,0.277889,-0.173792,0.033514,0.368948,-0.425608,-0.267071,0.864594,0.84921,-0.447717,0.279869,0.312863,0.853654,0.416239,0.001585,0.008957,0.035099,0.005989,-0.183608,-0.066015,-0.098006,0.040782,0.061699,0.004261,0.389767,0.267351,0.881251,-0.848905,0.475257,0.231279,-0.356988,-0.838244,0.412195,0.000362,0.010144,0.013437,0.054888,-0.215411,-0.070344,-0.244897,0.0714,0.050335,-0.045232,0.460562,-0.222056,-0.859402,0.75243,0.611296,0.245286,0.470882,-0.75961,0.448622,0.014208,-2.5e-05,0.015564,0.211284,0.843323,0.374454,0.226628
886,0.143934,0.022329,0.361021,-0.371452,0.323652,-0.87024,-0.835701,-0.524894,0.161434,-0.404081,0.786823,0.466535,0.02698,-0.019412,0.033908,0.199656,0.910686,0.578662,0.146434,-0.173833,0.034144,0.370171,-0.419923,-0.271972,0.865845,0.852165,-0.446175,0.273272,0.312502,0.852921,0.41801,0.001576,0.010603,0.035867,-0.050019,0.00659,-0.1756,-0.17532,0.040762,0.06202,0.004887,0.384206,0.272641,0.882072,-0.851598,0.473676,0.224523,-0.356603,-0.837435,0.414169,0.000768,0.005418,0.018003,-0.067288,0.036097,-0.154225,-0.314785,0.071924,0.050127,-0.044588,0.461226,-0.251426,-0.850914,0.757126,0.611557,0.229689,0.462632,-0.750188,0.472427,0.013364,-0.010472,0.016422,0.038344,0.462384,0.296415,0.090117
887,0.144557,0.021897,0.361608,-0.369534,0.337413,-0.865819,-0.837857,-0.523872,0.153383,-0.401372,0.781692,0.477373,0.039347,-0.024129,0.030509,0.06436,0.498228,0.349283,0.075161,-0.173895,0.034441,0.370761,-0.416051,-0.271565,0.86784,0.853837,-0.444794,0.270284,0.313112,0.853771,0.415812,0.000761,0.01895,0.02579,-0.042985,0.064269,-0.116774,-0.220387,0.040731,0.062168,0.005176,0.380331,0.272127,0.883908,-0.853119,0.472273,0.221685,-0.35712,-0.838393,0.411777,-0.005359,0.003679,0.01739,-0.089058,0.099384,-0.152299,-0.356261,0.07223,0.049912,-0.044293,0.460714,-0.267909,-0.846147,0.760136,0.611262,0.220344,0.458186,-0.744703,0.485264,0.01319,-0.011821,0.015521,0.085798,0.576839,0.390419,-0.011613
888,0.145817,0.021141,0.362866,-0.367607,0.369807,-0.853319,-0.841739,-0.522406,0.136159,-0.394977,0.767864,0.504386,0.027608,-0.005469,0.027402,0.158977,0.780847,0.297101,0.007019,-0.174084,0.034962,0.371854,-0.41448,-0.271535,0.8686,0.855084,-0.44271,0.269766,0.311787,0.854863,0.414561,0.000775,0.015887,0.023865,-0.031084,-0.031951,0.056875,-0.314867,0.04064,0.062429,0.005712,0.378667,0.272017,0.884656,-0.854404,0.470203,0.221138,-0.355814,-0.839592,0.410463,0.000369,0.007953,0.011943,-0.030967,-0.031716,0.057215,-0.449663,0.072852,0.049514,-0.043689,0.461474,-0.298903,-0.835283,0.765173,0.610566,0.204252,0.448944,-0.733393,0.510473,0.013665,-0.008248,0.017899,0.177902,1.003588,0.401229,-0.166575
889,0.146779,0.020957,0.364238,-0.384864,0.401503,-0.831096,-0.841512,-0.522499,0.137204,-0.378687,0.751682,0.539998,0.015515,-0.007185,0.04219,0.201823,1.021156,0.395807,0.011349,-0.174149,0.035425,0.372655,-0.419065,-0.26665,0.867913,0.849589,-0.452173,0.271428,0.320576,0.851434,0.414915,0.000786,0.00881,0.019725,-0.032843,-0.017837,0.031824,-0.364052,0.040604,0.062671,0.00613,0.383149,0.266975,0.884262,-0.848728,0.479522,0.222975,-0.364495,-0.835931,0.410318,-3.1e-05,0.009406,0.005345,0.003788,-0.029111,0.050351,-0.523308,0.073347,0.049411,-0.042999,0.48101,-0.328686,-0.812769,0.764791,0.610556,0.205705,0.428629,-0.720545,0.54506,0.007857,0.001942,0.016864,0.069088,0.531557,0.138768,-0.213277
890,0.147099,0.020866,0.364985,-0.393081,0.414272,-0.820921,-0.840927,-0.523062,0.138636,-0.371478,0.744314,0.555003,0.015178,-0.009701,0.040486,0.092952,0.700644,0.182617,0.028745,-0.174125,0.03555,0.373013,-0.418592,-0.263846,0.868998,0.847697,-0.45667,0.269809,0.326162,0.849901,0.413701,0.000789,0.005568,0.017856,-0.032871,-0.017826,0.031821,-0.365786,0.040616,0.062737,0.006316,0.382548,0.264199,0.885356,-0.84663,0.48394,0.221402,-0.369966,-0.834266,0.408809,0.00038,0.002399,0.008705,-0.033632,-0.019981,0.034045,-0.539473,0.073508,0.049376,-0.042618,0.489946,-0.342453,-0.801672,0.764282,0.611074,0.20606,0.419315,-0.713662,0.561124,0.007621,-0.004452,0.020492,0.149377,0.929953,0.11709,-0.206908
891,0.147536,0.020555,0.366268,-0.393752,0.430988,-0.811944,-0.840991,-0.525455,0.128855,-0.370623,0.733038,0.57037,0.014641,-0.004636,0.028053,0.353659,-0.0389,0.424462,0.005703,-0.174121,0.035457,0.373723,-0.418436,-0.26385,0.869072,0.848355,-0.455075,0.270433,0.324644,0.850756,0.41314,0.000799,-0.000519,0.014392,-0.034658,-0.003804,0.00671,-0.368931,0.040617,0.062694,0.006657,0.382417,0.264216,0.885408,-0.84733,0.482436,0.222006,-0.368495,-0.835132,0.40837,0.000386,-0.000555,0.007028,-0.034804,-0.003901,0.006664,-0.547638,0.073734,0.049224,-0.041957,0.491981,-0.359996,-0.79269,0.764917,0.613551,0.196102,0.41576,-0.70282,0.577223,0.007274,-0.002509,0.013892,0.35648,-0.138999,0.455495,-0.209847
892,0.147565,0.02076,0.367412,-0.396031,0.439559,-0.806221,-0.839496,-0.529029,0.12388,-0.371576,0.725333,0.579526,-0.009514,0.018441,0.027827,0.125315,0.528897,0.095861,-0.036534,-0.174063,0.035092,0.374419,-0.411932,-0.263111,0.872397,0.848947,-0.458478,0.262716,0.331347,0.849154,0.411107,0.000806,-0.004139,0.012352,-0.032105,-0.009755,0.003237,-0.410338,0.040646,0.062506,0.007013,0.375665,0.263929,0.888378,-0.847479,0.485754,0.214057,-0.375038,-0.833296,0.406155,0.000801,-0.008098,0.010125,-0.080274,0.018043,0.000337,-0.573928,0.073749,0.0493,-0.041408,0.494557,-0.366139,-0.788259,0.763213,0.616861,0.192317,0.415832,-0.696722,0.584516,-0.004839,0.004111,0.018424,0.083042,0.667668,-0.08601,-0.241036
893,0.147294,0.021134,0.368106,-0.397717,0.441535,-0.804309,-0.838855,-0.530078,0.123741,-0.371223,0.723363,0.582209,-0.021335,0.026848,0.0334,-0.005294,0.171912,-0.100591,-0.040059,-0.173902,0.034849,0.374713,-0.407794,-0.262742,0.87445,0.848401,-0.462877,0.256699,0.337807,0.846878,0.410544,0.013821,-0.017877,0.018447,0.121511,-0.317994,-0.209206,-0.418101,0.040727,0.062385,0.007166,0.371534,0.262158,0.890637,-0.846456,0.489748,0.208947,-0.381411,-0.831516,0.403864,0.006897,-0.009185,0.009079,0.193479,-0.475998,-0.288874,-0.589767,0.07361,0.049488,-0.041055,0.496501,-0.370002,-0.785229,0.762594,0.618047,0.190964,0.414651,-0.693625,0.589022,-0.010621,0.013977,0.017057,-0.030626,0.132295,-0.127254,-0.252956
894,0.146441,0.022473,0.369567,-0.39763,0.443685,-0.803168,-0.838976,-0.530199,0.1224,-0.371045,0.721955,0.584067,-0.032248,0.049708,0.032287,-0.00314,0.073726,-0.134946,-0.043316,-0.173452,0.034371,0.375274,-0.412617,-0.255437,0.874351,0.840671,-0.476214,0.257731,0.351041,0.841692,0.410108,0.013012,-0.007904,0.00938,-0.030846,-0.004234,0.012337,-0.416794,0.040947,0.062144,0.00744,0.376079,0.256059,0.890504,-0.838436,0.503163,0.209408,-0.394448,-0.825385,0.403918,0.00081,-0.009416,0.00939,-0.06306,0.025049,-0.029438,-0.599891,0.073183,0.050158,-0.040325,0.49663,-0.371874,-0.784262,0.762752,0.618184,0.189884,0.414206,-0.6925,0.590657,-0.016076,0.025416,0.016511,-0.011876,0.055359,-0.145888,-0.261447
895,0.145568,0.024622,0.37102,-0.397071,0.441199,-0.804813,-0.83913,-0.529685,0.123563,-0.371295,0.723856,0.58155,-0.018196,0.056857,0.035814,-0.080899,-0.259526,-0.050797,-0.034317,-0.173155,0.03387,0.375713,-0.412305,-0.258114,0.873712,0.841495,-0.475242,0.256836,0.349428,0.841428,0.412022,0.013866,-0.021468,0.016471,-0.070794,0.004573,-0.007921,-0.417748,0.041095,0.061899,0.007657,0.375895,0.258761,0.8898,-0.839234,0.502214,0.208485,-0.392923,-0.825119,0.405941,0.00651,-0.005564,0.003782,-0.036821,-0.001154,0.012858,-0.601197,0.072754,0.051217,-0.039608,0.495949,-0.369911,-0.785619,0.762931,0.617686,0.190787,0.414692,-0.693994,0.588558,-0.009008,0.029319,0.018485,-0.141238,-0.401605,-0.087249,-0.261121
896,0.144945,0.026631,0.372481,-0.397083,0.436206,-0.807524,-0.839077,-0.529007,0.126775,-0.371399,0.727372,0.577079,-0.005793,0.043807,0.042132,-0.070955,-0.15793,0.048629,0.007337,-0.172883,0.03351,0.375934,-0.413344,-0.252967,0.874726,0.836689,-0.484406,0.255413,0.359608,0.83775,0.410755,0.000845,-0.012637,0.007608,-0.037175,0.023977,-0.04333,-0.412949,0.041236,0.061715,0.00777,0.376748,0.253544,0.890941,-0.834099,0.511206,0.207232,-0.402912,-0.821208,0.404077,0.0061,-2.8e-05,-0.000457,0.004954,-0.016083,0.031892,-0.601197,0.07244,0.052238,-0.038873,0.495587,-0.363853,-0.788671,0.762607,0.616894,0.194605,0.415719,-0.697891,0.583202,-0.009148,0.027257,0.016877,-0.034502,-0.043798,-0.164063,-0.242506
897,0.144774,0.027636,0.373118,-0.396555,0.431277,-0.810426,-0.839069,-0.528408,0.129307,-0.371983,0.730743,0.572425,-0.005728,0.052725,0.032022,-0.101105,-0.34769,-0.027821,0.021044,-0.172807,0.033465,0.375958,-0.415058,-0.250504,0.874623,0.833758,-0.489309,0.255651,0.364418,0.835634,0.410826,0.012211,0.000209,-0.000754,0.002045,-0.015205,0.029245,-0.394262,0.04127,0.061683,0.007783,0.378346,0.251041,0.890972,-0.831072,0.515996,0.207522,-0.407642,-0.818978,0.403858,-4e-06,-0.000118,-7.2e-05,-0.000508,-0.000799,-4.1e-05,-0.594829,0.072354,0.05274,-0.038548,0.49471,-0.359725,-0.791112,0.76258,0.616282,0.19664,0.416812,-0.700567,0.5792,0.003381,0.030335,0.010686,-0.123002,-0.48703,-0.066589,-0.223401
898,0.145381,0.030336,0.37362,-0.400153,0.421646,-0.813718,-0.837775,-0.528206,0.138216,-0.371042,0.736495,0.565624,0.032045,0.089074,-0.008161,-0.111282,-0.329919,-0.320363,0.030905,-0.172845,0.033426,0.375906,-0.418307,-0.242879,0.875226,0.827654,-0.498714,0.257307,0.374496,0.832308,0.40851,-0.000824,0.00845,-0.00996,0.030674,0.003572,0.026329,-0.351089,0.041256,0.061663,0.007762,0.38136,0.243048,0.891903,-0.824792,0.525172,0.209552,-0.417472,-0.815549,0.400743,-0.006099,-0.001689,-0.000515,0.003661,0.003479,-0.035275,-0.560864,0.072644,0.054081,-0.038279,0.497303,-0.350229,-0.793743,0.760851,0.615683,0.205032,0.416886,-0.705884,0.572654,0.015861,0.038828,6e-05,-0.524947,-0.156611,-0.951499,-0.199887
899,0.14743,0.033241,0.372792,-0.438756,0.401934,-0.803733,-0.819673,-0.545559,0.174567,-0.367781,0.73489,0.569826,0.065146,0.067672,-0.036755,4.348697,-1.26948,-3.691632,0.089467,-0.173169,0.033226,0.375739,-0.420463,-0.235277,0.876269,0.821828,-0.507848,0.258115,0.384788,0.828951,0.405761,-0.012188,-0.0081,-0.00369,-0.019089,0.064713,-0.03392,-0.320221,0.041093,0.061571,0.007677,0.383248,0.235369,0.893152,-0.818735,0.534174,0.210546,-0.427543,-0.811947,0.397426,-0.006093,-0.004219,-0.001938,-0.005974,0.035357,-0.049745,-0.529676,0.07366,0.05558,-0.038659,0.530624,-0.329354,-0.781,0.742371,0.625258,0.240702,0.409051,-0.707514,0.57628,0.032525,0.0333,-0.01872,-0.441633,-0.192124,-1.124387,-0.151553
900,0.148627,0.034217,0.371965,-0.462793,0.385687,-0.798194,-0.80353,-0.562778,0.193887,-0.373858,0.730622,0.571357,0.062349,0.037325,-0.039476,0.044587,-0.1974,-0.313843,0.111767,-0.173334,0.033075,0.375645,-0.425403,-0.225302,0.876506,0.809777,-0.527069,0.257667,0.404438,0.819656,0.405534,2.6e-05,-0.007177,-0.004048,0.130628,0.038901,0.060781,-0.286498,0.041015,0.061497,0.00763,0.387796,0.225692,0.893687,-0.806383,0.552727,0.210326,-0.446497,-0.802218,0.39634,-0.006095,-0.004388,-0.00203,1.465814,0.45947,0.622362,-0.509101,0.07426,0.056092,-0.039064,0.554372,-0.306254,-0.773872,0.719156,0.644288,0.260204,0.418908,-0.700785,0.57742,0.031082,0.017772,-0.020289,0.073292,-0.157709,-0.478377,-0.114322
901,0.150694,0.03513,0.369958,-0.47138,0.357747,-0.806141,-0.791647,-0.574498,0.20789,-0.388175,0.735728,0.555024,0.047179,0.01439,-0.052512,-0.204026,-0.636108,-0.884328,0.172928,-0.1736,0.032791,0.375492,-0.430157,-0.212527,0.877376,0.797143,-0.545441,0.258829,0.424066,0.810984,0.40291,1.8e-05,-0.006802,-0.003847,-0.00198,0.014298,-0.024939,-0.226552,0.040878,0.061349,0.007551,0.392221,0.21258,0.89497,-0.793002,0.571194,0.211859,-0.466165,-0.792809,0.39261,-0.00611,-0.003317,-0.001438,0.000852,0.005436,-0.03417,-0.448847,0.075298,0.056545,-0.040069,0.559821,-0.280222,-0.779792,0.705713,0.654426,0.271468,0.434245,-0.702283,0.564117,0.023589,0.011649,-0.03112,-0.009162,-0.242455,-0.613841,-0.044271
902,0.152242,0.036186,0.367313,-0.470954,0.339739,-0.81414,-0.784223,-0.58386,0.209939,-0.403441,0.736916,0.54242,0.034455,0.030225,-0.072664,0.123488,-0.084027,-0.334174,0.379998,-0.173922,0.032529,0.375334,-0.43277,-0.207429,0.877311,0.793524,-0.54934,0.261685,0.428181,0.809663,0.401209,1.3e-05,-0.008052,-0.004565,-0.002742,0.016026,-0.023952,-0.218978,0.040717,0.061218,0.007472,0.394664,0.207371,0.895118,-0.789443,0.574989,0.214864,-0.470127,-0.791444,0.390635,8e-06,-0.004063,-0.0023,0.003352,0.001051,-0.032835,-0.418802,0.076074,0.057046,-0.041397,0.55778,-0.258842,-0.788594,0.696632,0.662516,0.275275,0.451203,-0.702903,0.549855,0.011076,0.020072,-0.040706,0.17644,0.070495,-0.542531,0.157883
903,0.152652,0.037131,0.364373,-0.477834,0.276273,-0.833902,-0.72674,-0.657584,0.198507,-0.492932,0.700538,0.516035,-0.004206,0.008087,-0.070073,5.056369,-1.658821,-3.409127,0.519609,-0.174021,0.032347,0.375105,-0.43644,-0.199706,0.877285,0.783477,-0.563616,0.2616,0.442733,0.801743,0.401321,8e-06,-0.006014,-0.003419,0.010568,-0.081289,0.149006,-0.217274,0.040667,0.061125,0.007356,0.39798,0.199712,0.895391,-0.779047,0.588986,0.214897,-0.484456,-0.783077,0.389989,-0.000405,0.002798,-0.005797,0.035813,-0.011849,0.017963,-0.413576,0.076293,0.05753,-0.042866,0.557281,-0.198511,-0.806244,0.63654,0.725622,0.26132,0.533154,-0.658836,0.530735,-0.002107,0.00354,-0.035341,1.480901,-0.94408,-1.267671,0.421271
904,0.15262,0.037056,0.362987,-0.475273,0.237297,-0.847261,-0.692136,-0.69534,0.193445,-0.542647,0.678062,0.495776,0.006938,-0.013601,-0.068767,1.266617,-1.239729,-0.937013,0.52379,-0.174007,0.032328,0.375004,-0.436653,-0.199678,0.877185,0.783286,-0.563838,0.261692,0.442861,0.801593,0.401478,-0.000814,0.007206,-0.01068,0.036444,-0.010017,0.018513,-0.210027,0.040674,0.061107,0.007306,0.398299,0.199681,0.895256,-0.778837,0.589193,0.215088,-0.48453,-0.782929,0.390194,5e-06,-0.001999,-0.001138,-0.000886,-0.000437,-0.000438,-0.4108,0.076273,0.057505,-0.043557,0.552681,-0.158009,-0.818276,0.594663,0.762671,0.254376,0.583882,-0.627188,0.515476,-0.002705,-0.001615,-0.038538,4.463,-2.195829,-3.178127,0.483321
