frame,MLTx,MLTy,MLTz,MLTR1,MLTR2,MLTR3,MLTR4,MLTR5,MLTR6,MLTR7,MLTR8,MLTR9,MLTTVx,MLTTVy,MLTTVz,MLTRVx,MLTRVy,MLTRVz,MLGA,MRTx,MRTy,MRTz,MRTR1,MRTR2,MRTR3,MRTR4,MRTR5,MRTR6,MRTR7,MRTR8,MRTR9,MRTTVx,MRTTVy,MRTTVz,MRTRVx,MRTRVy,MRTRVz,MRGA,SLTx,SLTy,SLTz,SLTR1,SLTR2,SLTR3,SLTR4,SLTR5,SLTR6,SLTR7,SLTR8,SLTR9,SLTTVx,SLTTVy,SLTTVz,SLTRVx,SLTRVy,SLTRVz,SLGA,SRTx,SRTy,SRTz,SRTR1,SRTR2,SRTR3,SRTR4,SRTR5,SRTR6,SRTR7,SRTR8,SRTR9,SRTTVx,SRTTVy,SRTTVz,SRTRVx,SRTRVy,SRTRVz,SRGA
3141,0.208298,-0.018526,0.327611,-0.337624,-0.761903,0.552774,0.649345,0.236551,0.722749,-0.681002,0.603911,0.414191,0.001915,-0.031824,0.007158,0.019253,0.011917,0.209203,-1.69593,-0.107893,0.014029,0.308522,-0.869927,-0.174253,0.461361,-0.098394,-0.855455,-0.508379,0.484348,-0.487397,0.72644,-4e-06,2e-05,2e-05,0.0,0.0,0.0,0.079734,0.072152,0.060696,-0.003808,0.867713,0.195112,0.45717,0.077343,0.85554,-0.511926,-0.49101,0.479564,0.727273,5e-06,-3.3e-05,-3.2e-05,1e-05,1.7e-05,1.2e-05,-0.077198,0.106774,0.041454,-0.042809,0.284954,0.780328,0.556676,-0.637141,-0.279693,0.718207,0.716136,-0.559337,0.417479,0.000971,-0.015917,0.003595,-0.171108,0.203935,0.394279,-0.964903
3142,0.208297,-0.01907,0.327669,-0.362868,-0.758477,0.541374,0.651492,0.208817,0.729332,-0.665776,0.6183,0.417702,0.00198,-0.033076,0.005916,-0.06842,0.011333,-0.024276,-1.667598,-0.107884,0.013978,0.308556,-0.869921,-0.174345,0.461338,-0.098237,-0.855519,-0.508302,0.484391,-0.487251,0.726509,-0.0,0.0,0.0,0.0,0.0,0.0,0.080236,0.072156,0.060669,-0.003791,0.867705,0.195204,0.457146,0.077183,0.855601,-0.511848,-0.49105,0.479417,0.727343,3e-06,-2.5e-05,-2.6e-05,4.2e-05,4.7e-05,2.6e-05,-0.076708,0.106772,0.041197,-0.042779,0.313289,0.777785,0.544884,-0.63984,-0.251108,0.726325,0.70175,-0.576189,0.418989,0.000992,-0.016097,0.003432,-0.041189,-0.009825,0.21361,-0.961474
3143,0.208391,-0.02028,0.327919,-0.410935,-0.755387,0.51046,0.648278,0.15149,0.746163,-0.640457,0.638488,0.42682,0.001838,-0.030416,0.008505,2.844802,2.818299,4.50528,-1.598512,-0.107873,0.013916,0.308566,-0.869932,-0.174339,0.46132,-0.09817,-0.855581,-0.50821,0.484385,-0.487144,0.726585,0.000164,-0.000817,-0.000816,0.0,0.0,0.0,0.080698,0.072161,0.06064,-0.003785,0.867715,0.195199,0.457128,0.077115,0.855662,-0.511756,-0.491042,0.47931,0.727419,0.000108,-0.000544,-0.000545,1.8e-05,1e-05,2.2e-05,-0.076055,0.106819,0.040586,-0.042661,0.358904,0.777525,0.516373,-0.640171,-0.197544,0.742399,0.67924,-0.597017,0.42685,0.008252,-0.014729,0.00432,-0.036827,0.035367,0.033358,-0.956085
3144,0.208754,-0.021358,0.328525,-0.451444,-0.755107,0.475455,0.639417,0.09782,0.762594,-0.621785,0.649225,0.438084,0.016079,-0.022425,0.015476,0.975794,-0.075113,2.980333,-1.548026,-0.107962,0.01388,0.308516,-0.869879,-0.174654,0.4613,-0.097946,-0.855519,-0.508358,0.484525,-0.48714,0.726493,0.000321,-0.001608,-0.001606,0.0,0.0,0.0,0.082465,0.072117,0.060622,-0.00381,0.867656,0.195513,0.457108,0.076892,0.855594,-0.511904,-0.491183,0.479304,0.727328,0.000177,-0.000882,-0.000879,-3e-06,2e-06,2.3e-05,-0.075075,0.107001,0.040029,-0.04236,0.405309,0.778097,0.479883,-0.635284,-0.13774,0.759896,0.657372,-0.612855,0.438486,0.007821,-0.01099,0.007899,1.021539,-0.010689,2.977944,-0.955595
3145,0.209301,-0.022364,0.32912,-0.483898,-0.759044,0.435591,0.624669,0.048933,0.779337,-0.612262,0.650168,0.449938,0.001621,-0.025821,0.013046,2.392492,4.071697,2.849051,-1.546761,-0.108132,0.013818,0.308481,-0.869858,-0.174881,0.461254,-0.097752,-0.855486,-0.50845,0.484602,-0.487116,0.726458,7.4e-05,-0.000371,-0.00037,0.016099,-0.111316,0.164009,0.083996,0.072033,0.060588,-0.00383,0.867598,0.195884,0.457059,0.076587,0.855538,-0.512042,-0.491332,0.479252,0.727262,4e-05,-0.000198,-0.000195,-5e-06,-7e-06,5e-06,-0.073932,0.107274,0.039545,-0.042058,0.434582,0.785914,0.439859,-0.62332,-0.090063,0.776762,0.650084,-0.61174,0.450736,0.008063,-0.01216,0.006827,0.069294,-1.406265,2.407567,-0.98907
3146,0.209516,-0.0228,0.329385,-0.493371,-0.763565,0.416653,0.619309,0.027918,0.784633,-0.610134,0.646105,0.458598,0.015437,-0.011616,0.006879,0.322665,-0.211178,0.40218,-1.54306,-0.108189,0.013835,0.308493,-0.869854,-0.174924,0.461244,-0.097729,-0.855467,-0.508487,0.484613,-0.487134,0.726439,-0.000196,0.000984,0.000982,0.0,0.0,0.0,0.084654,0.072005,0.060595,-0.003826,0.867625,0.195781,0.457051,0.076676,0.855537,-0.512031,-0.491271,0.479297,0.727274,-0.000135,0.000678,0.00068,-7e-06,-2.1e-05,-4e-06,-0.072789,0.107377,0.039317,-0.041927,0.448616,0.788388,0.420935,-0.619044,-0.065597,0.782611,0.644614,-0.611669,0.45862,0.000698,-0.011778,0.007671,0.524053,-1.293505,2.192491,-1.007685
3147,0.209731,-0.023412,0.329926,-0.532627,-0.763201,0.365894,0.603646,-0.039607,0.796251,-0.592543,0.645927,0.481351,0.001431,-0.022241,0.016597,0.342895,0.179342,0.579812,-1.543917,-0.108258,0.013859,0.30854,-0.870358,-0.173666,0.460769,-0.097152,-0.856874,-0.506223,0.483823,-0.485109,0.728318,-8.7e-05,0.000439,0.000438,-0.0,-0.0,0.0,0.085586,0.071969,0.06061,-0.0038,0.868156,0.194527,0.456578,0.076078,0.856944,-0.509763,-0.490425,0.477289,0.729162,-6.1e-05,0.000299,0.0003,0.000858,0.000371,-0.000279,-0.071319,0.107488,0.039027,-0.041663,0.486748,0.790419,0.371905,-0.608455,0.001297,0.793586,0.626783,-0.612565,0.481566,0.007504,-0.010847,0.007825,2.227852,4.52557,2.495339,-1.039364
3148,0.209899,-0.024336,0.330236,-0.562116,-0.759539,0.327371,0.582735,-0.082906,0.808404,-0.586172,0.646135,0.488813,0.001111,-0.017968,0.001521,0.058327,-1.285927,2.021045,-1.549236,-0.108284,0.01388,0.308564,-0.870835,-0.172506,0.460303,-0.096521,-0.858255,-0.504,0.483089,-0.483081,0.730151,-7.7e-05,0.000387,0.000387,-0.0,-0.0,0.0,0.085655,0.071956,0.06062,-0.003787,0.868658,0.19337,0.456114,0.075426,0.858323,-0.507533,-0.489635,0.475276,0.731005,-4.4e-05,0.000217,0.000218,0.001841,0.000801,-0.000594,-0.070339,0.107573,0.038561,-0.04149,0.518802,0.787024,0.333822,-0.590025,0.047066,0.806011,0.618639,-0.615124,0.488782,0.000954,-0.014501,0.004961,-0.069738,0.096094,-0.16635,-1.073001
3149,0.209957,-0.024732,0.330377,-0.584622,-0.75277,0.302657,0.5695,-0.115137,0.813871,-0.577081,0.649108,0.495645,0.001575,-0.024682,0.014188,0.017085,0.012866,0.038531,-1.553751,-0.108286,0.013892,0.308577,-0.870843,-0.172464,0.460304,-0.096554,-0.858259,-0.503987,0.483068,-0.483088,0.73016,-6.3e-05,0.000315,0.000315,-0.0,-0.0,0.0,0.085798,0.071955,0.060627,-0.003781,0.868664,0.193335,0.456117,0.075461,0.858321,-0.507533,-0.489618,0.475295,0.731004,-4.3e-05,0.000208,0.000208,0.000237,9.7e-05,-8.6e-05,-0.070013,0.107602,0.038361,-0.041436,0.541923,0.782265,0.307212,-0.577854,0.081398,0.81207,0.610248,-0.617604,0.496146,0.000471,-0.007524,0.002248,0.316939,-1.037075,2.575347,-1.084105
3150,0.209897,-0.02537,0.330708,-0.615177,-0.744678,0.258954,0.546945,-0.166615,0.820404,-0.567024,0.647256,0.509481,-0.013132,-0.025542,0.014275,0.20176,-0.361327,0.667481,-1.565206,-0.108295,0.013882,0.308582,-0.870839,-0.172503,0.460297,-0.096508,-0.858266,-0.503982,0.483085,-0.48306,0.730167,-0.0,0.0,0.0,0.0,0.0,0.0,0.086089,0.071951,0.060621,-0.003778,0.868659,0.193377,0.45611,0.075414,0.858326,-0.507531,-0.489636,0.475269,0.731009,4e-06,-1.4e-05,-1.4e-05,2.7e-05,3.5e-05,2.3e-05,-0.069686,0.107573,0.038031,-0.04126,0.573311,0.77587,0.263322,-0.557921,0.134319,0.818952,0.600031,-0.616428,0.50988,-0.00653,-0.012777,0.007133,0.210711,-0.357078,0.670825,-1.105823
3151,0.209816,-0.026012,0.331065,-0.644828,-0.731583,0.221425,0.526268,-0.214934,0.822689,-0.553469,0.647933,0.523337,0.001396,-0.021675,0.017185,1.325219,3.843265,4.073625,-1.582229,-0.108295,0.013884,0.30857,-0.870864,-0.172363,0.460302,-0.09663,-0.858269,-0.503955,0.483015,-0.483106,0.730183,1e-06,-3e-06,-3e-06,0.0,0.0,0.0,0.086897,0.071951,0.060622,-0.003785,0.868687,0.193238,0.456115,0.075537,0.858331,-0.507503,-0.489567,0.475316,0.731025,0.0,-1e-06,-1e-06,1.5e-05,2e-05,2.7e-05,-0.06936,0.107532,0.037717,-0.041096,0.59885,0.76722,0.229673,-0.543219,0.17841,0.820415,0.588464,-0.616069,0.52361,0.000719,-0.010713,0.008713,0.064031,-0.323125,0.666082,-1.118723
3152,0.209784,-0.026545,0.331731,-0.668548,-0.718916,0.190391,0.506411,-0.252672,0.824425,-0.543753,0.648479,0.532762,0.001084,-0.016216,0.02261,0.129157,-0.486964,0.898318,-1.590979,-0.108294,0.013878,0.308564,-0.870888,-0.172239,0.460303,-0.096727,-0.858282,-0.503914,0.482952,-0.483127,0.730211,0.000128,-0.000644,-0.000642,0.016091,-0.111318,0.164009,0.086706,0.071951,0.060621,-0.003786,0.868682,0.193258,0.456115,0.075521,0.858329,-0.50751,-0.489578,0.475312,0.73102,0.000102,-0.00051,-0.000509,1.7e-05,6e-06,1.7e-05,-0.06887,0.107517,0.037442,-0.040764,0.628473,0.752777,0.195825,-0.522548,0.222124,0.823167,0.576164,-0.619667,0.532961,0.000212,-0.002758,0.006942,0.224732,-0.844131,1.453191,-1.120192
3153,0.209777,-0.026773,0.332187,-0.676148,-0.715063,0.177636,0.501009,-0.26952,0.822387,-0.539339,0.645943,0.540275,0.000845,-0.011999,0.026784,0.586397,-0.288331,0.739608,-1.6069,-0.108292,0.013866,0.308552,-0.87088,-0.172281,0.460302,-0.096694,-0.858278,-0.503928,0.482973,-0.48312,0.730202,0.000209,-0.001051,-0.001049,0.0,0.0,0.0,0.087139,0.071952,0.060615,-0.003792,0.868704,0.193155,0.456116,0.075602,0.858341,-0.507477,-0.489526,0.475331,0.731043,0.000138,-0.000694,-0.000694,-3e-06,-7e-06,1.4e-05,-0.06887,0.107515,0.037318,-0.040531,0.636218,0.749672,0.182256,-0.516877,0.238795,0.822078,0.572767,-0.617226,0.539415,0.000413,-0.005718,0.013673,0.76377,-0.302597,0.71875,-1.119703
3154,0.209754,-0.027253,0.333426,-0.683639,-0.715133,0.145833,0.48916,-0.300742,0.818687,-0.54076,0.631913,0.55524,0.000591,-0.007528,0.03116,0.508348,-0.270793,0.71899,-1.646975,-0.108286,0.013835,0.308521,-0.87086,-0.172387,0.460302,-0.096612,-0.858267,-0.503962,0.483027,-0.483102,0.730178,0.000276,-0.001387,-0.001385,-0.002332,0.01613,-0.023765,0.087139,0.071955,0.0606,-0.003807,0.868686,0.193239,0.456115,0.075537,0.858331,-0.507504,-0.489568,0.475316,0.731024,1.2e-05,-6.5e-05,-6.6e-05,6e-06,-7e-06,-6e-06,-0.068707,0.107504,0.037084,-0.039921,0.643709,0.750218,0.151031,-0.507282,0.270543,0.818211,0.572977,-0.603305,0.554724,0.000584,-0.00829,0.02077,0.703144,-0.167747,0.535745,-1.128357
3155,0.209515,-0.027964,0.335202,-0.703616,-0.700996,0.116507,0.47308,-0.339831,0.812823,-0.529317,0.627905,0.570601,-0.012951,-0.026158,0.052222,0.270852,-0.175606,0.494932,-1.670212,-0.108293,0.013821,0.308509,-0.870848,-0.172453,0.460299,-0.09656,-0.858259,-0.503985,0.483058,-0.483091,0.730164,3.6e-05,-0.000182,-0.000182,0.0,0.0,0.0,0.087191,0.071952,0.06059,-0.003816,0.868669,0.193326,0.456112,0.075468,0.85832,-0.507533,-0.48961,0.475301,0.731006,1.5e-05,-7.3e-05,-7.3e-05,-7e-06,-7e-06,-2e-06,-0.068543,0.107384,0.036729,-0.039018,0.664846,0.737068,0.121282,-0.493782,0.311827,0.811752,0.560498,-0.599578,0.571268,-0.006499,-0.0129,0.026288,0.228728,-0.170176,0.498228,-1.130806
3156,0.209435,-0.02843,0.336107,-0.711817,-0.694425,0.105526,0.469275,-0.358471,0.807001,-0.521687,0.624822,0.580919,0.001934,-0.028391,0.049099,0.765497,-0.078483,0.565223,-1.68993,-0.108304,0.013821,0.308497,-0.870842,-0.172483,0.460299,-0.09655,-0.858243,-0.504014,0.483072,-0.483109,0.730144,1.9e-05,-9.4e-05,-9.4e-05,0.0,0.0,0.0,0.086873,0.071947,0.06059,-0.003822,0.868662,0.193356,0.456113,0.075459,0.858303,-0.507562,-0.489624,0.475318,0.730985,6e-06,-3.7e-05,-3.5e-05,-2.2e-05,-2.4e-05,-7e-06,-0.06838,0.107343,0.036515,-0.038575,0.672956,0.731365,0.110609,-0.490003,0.328769,0.807346,0.5541,-0.597507,0.579618,-0.006731,-0.009608,0.019883,0.196358,-0.167397,0.499932,-1.13097
3157,0.209087,-0.029351,0.337854,-0.735361,-0.672938,0.080272,0.451912,-0.398725,0.797976,-0.504066,0.623913,0.597224,-0.013566,-0.01664,0.042217,0.504909,-0.118338,0.54285,-1.722221,-0.108365,0.013806,0.308477,-0.870814,-0.172656,0.460287,-0.096424,-0.85821,-0.504095,0.483147,-0.483106,0.730096,1.6e-05,-7.9e-05,-7.9e-05,0.0,0.0,0.0,0.086728,0.071916,0.060583,-0.003832,0.86863,0.193528,0.456099,0.075333,0.858267,-0.507643,-0.489698,0.475314,0.730938,-0.006898,-0.001256,-0.000184,-0.00206,0.01519,-0.029247,-0.068707,0.107175,0.036044,-0.037705,0.698037,0.710948,0.085409,-0.475365,0.370892,0.797788,0.535509,-0.597486,0.596857,-0.006796,-0.008309,0.021121,0.722199,-0.082633,0.543908,-1.14142
3158,0.208337,-0.03004,0.339604,-0.75779,-0.650702,0.048856,0.428392,-0.439708,0.789373,-0.49122,0.619918,0.611909,-0.013574,-0.0162,0.042553,0.545074,-1.850285,2.699477,-1.722574,-0.108478,0.013785,0.308445,-0.870795,-0.172811,0.460265,-0.096322,-0.858164,-0.504193,0.483201,-0.483133,0.730043,-0.001845,0.011315,-0.007672,0.036406,-0.00693,0.019943,0.087402,0.07186,0.060567,-0.003845,0.868607,0.193697,0.456073,0.075206,0.858229,-0.507727,-0.48976,0.475314,0.730896,1e-05,-5.1e-05,-4.9e-05,5e-06,-3e-06,-1.5e-05,-0.068706,0.106795,0.035696,-0.036811,0.722015,0.689719,0.054587,-0.454752,0.413621,0.788744,0.521434,-0.594309,0.612292,-0.006799,-0.008135,0.021265,0.509167,-1.849452,2.697599,-1.134072
3159,0.207283,-0.030616,0.341176,-0.776652,-0.629353,0.027782,0.413466,-0.476059,0.776135,-0.47427,0.615056,0.629922,-0.028288,-0.016374,0.043161,0.489306,-0.082629,0.522968,-1.719601,-0.108613,0.013766,0.308419,-0.870745,-0.173138,0.460236,-0.096084,-0.858099,-0.504349,0.483339,-0.483131,0.729953,1.5e-05,-7.8e-05,-7.8e-05,0.0,0.0,0.0,0.087335,0.071792,0.060562,-0.003861,0.868551,0.194008,0.456048,0.074994,0.858148,-0.507895,-0.489892,0.475334,0.730795,-0.0069,-0.001251,-0.000181,-0.002048,0.015206,-0.029245,-0.068543,0.106278,0.035413,-0.036043,0.741854,0.669748,0.032984,-0.441305,0.4506,0.77602,0.504876,-0.59025,0.629844,-0.014163,-0.008157,0.021621,0.655872,-0.136865,0.705992,-1.131459
3160,0.206728,-0.030898,0.342053,-0.791239,-0.61135,0.015403,0.399267,-0.497434,0.770141,-0.462178,0.616275,0.63767,-0.029003,-0.00385,0.036048,0.484056,-0.108241,0.561136,-1.71744,-0.108686,0.013753,0.308417,-0.87075,-0.173163,0.460218,-0.096058,-0.858093,-0.504364,0.483336,-0.483133,0.729953,0.0,-1e-06,-1e-06,0.0,0.0,0.0,0.087316,0.071756,0.060556,-0.003862,0.868555,0.194032,0.45603,0.074969,0.858141,-0.50791,-0.489889,0.475336,0.730796,-0.006911,-0.001209,-0.00014,-0.002059,0.015176,-0.029262,-0.06838,0.106001,0.035264,-0.035605,0.757488,0.652522,0.020594,-0.428112,0.47267,0.77026,0.492879,-0.59228,0.637395,-0.014209,-0.006923,0.022764,0.621363,-0.108162,0.617804,-1.127704
3161,0.205501,-0.03148,0.343964,-0.804537,-0.593853,-0.01024,0.380071,-0.528094,0.759365,-0.455356,0.607783,0.650598,-0.042536,-0.02203,0.057373,0.694185,-1.853021,2.589719,-1.711442,-0.108796,0.013717,0.308384,-0.870725,-0.173354,0.460192,-0.095913,-0.858055,-0.504456,0.483409,-0.483131,0.729907,0.000318,-0.001611,-0.00161,-0.002328,0.016135,-0.023762,0.087343,0.0717,0.060541,-0.003875,0.868531,0.194202,0.456003,0.074841,0.858102,-0.507994,-0.489951,0.475336,0.730754,-0.006861,-0.00145,-0.000381,-0.002044,0.015213,-0.029249,-0.06838,0.105393,0.03498,-0.034658,0.771792,0.63587,-0.002134,-0.41213,0.502776,0.759844,0.484236,-0.585562,0.6501,-0.021599,-0.005937,0.024044,0.602439,-0.025735,0.499357,-1.127051
3162,0.204126,-0.03233,0.346037,-0.819796,-0.571926,-0.029656,0.365735,-0.562774,0.741279,-0.439626,0.597561,0.670579,-0.028256,-0.014873,0.044247,0.768274,-0.046822,0.751008,-1.706929,-0.108873,0.013676,0.308328,-0.8707,-0.17352,0.460178,-0.095806,-0.858009,-0.504555,0.483476,-0.483153,0.729848,0.000263,-0.001334,-0.001333,0.0,0.0,0.0,0.087614,0.071662,0.060519,-0.003905,0.868497,0.194389,0.455988,0.074717,0.858051,-0.508098,-0.49003,0.475352,0.730691,0.000142,-0.000709,-0.000707,9e-06,1.9e-05,9e-06,-0.068217,0.1047,0.034562,-0.033607,0.787949,0.615255,-0.024416,-0.397884,0.539025,0.742387,0.469919,-0.575249,0.669525,-0.013851,-0.012692,0.026643,0.785229,0.087932,0.57647,-1.126887
3163,0.203553,-0.032845,0.34703,-0.826486,-0.561748,-0.037493,0.357961,-0.575813,0.735034,-0.433464,0.594772,0.67704,-0.027548,-0.028047,0.050701,0.424505,-0.027915,0.491456,-1.707915,-0.108931,0.013643,0.30829,-0.870688,-0.173611,0.460166,-0.095744,-0.857984,-0.504608,0.483509,-0.483164,0.729818,0.000336,-0.001707,-0.001707,0.0,0.0,0.0,0.087571,0.071633,0.060503,-0.003923,0.868483,0.194479,0.455975,0.074655,0.858025,-0.508152,-0.490063,0.475363,0.730662,0.000214,-0.001082,-0.001079,2e-06,-4e-06,-7e-06,-0.068053,0.104413,0.034312,-0.03311,0.79553,0.605053,-0.032277,-0.391096,0.553445,0.735351,0.46279,-0.572371,0.676916,-0.013814,-0.013641,0.025724,0.571777,-0.002657,0.527338,-1.127867
3164,0.202314,-0.033782,0.348979,-0.836013,-0.546518,-0.049452,0.347923,-0.597674,0.722292,-0.423261,0.587319,0.689879,-0.028232,-0.014508,0.044426,0.587656,0.096121,0.381882,-1.700205,-0.109076,0.013572,0.308173,-0.870613,-0.174049,0.460142,-0.095461,-0.857869,-0.504857,0.4837,-0.48321,0.729661,0.000397,-0.002022,-0.002024,0.0,0.0,0.0,0.088615,0.07156,0.060467,-0.003983,0.868398,0.194915,0.45595,0.074374,0.857903,-0.508399,-0.490256,0.475405,0.730505,-0.006666,-0.002463,-0.001394,-0.002055,0.015205,-0.029238,-0.067727,0.103794,0.033829,-0.032143,0.805719,0.590621,-0.044519,-0.381644,0.575172,0.723549,0.45295,-0.565987,0.688835,-0.021202,-0.012621,0.027022,0.560852,0.143813,0.352994,-1.124111
3165,0.201206,-0.034468,0.350783,-0.842024,-0.536292,-0.058583,0.343076,-0.616197,0.708922,-0.41524,0.577497,0.702923,-0.028133,-0.016676,0.042306,0.393749,0.049595,0.332971,-1.678913,-0.109251,0.01349,0.308048,-0.870552,-0.174435,0.460111,-0.095216,-0.857758,-0.505092,0.483858,-0.483267,0.729518,0.000458,-0.002343,-0.002347,0.0,0.0,0.0,0.090084,0.071473,0.060425,-0.004046,0.868329,0.1953,0.455918,0.07413,0.857786,-0.508633,-0.490416,0.475459,0.730363,0.000238,-0.001206,-0.001205,-6e-06,-4e-06,-2e-06,-0.066257,0.10323,0.033487,-0.031218,0.812595,0.580351,-0.053664,-0.378096,0.594984,0.70925,0.443544,-0.556044,0.70291,-0.014095,-0.008377,0.021135,0.397967,0.049538,0.332391,-1.11758
3166,0.200788,-0.034767,0.351583,-0.844389,-0.532106,-0.062576,0.340505,-0.623233,0.703995,-0.412548,0.573798,0.707522,-0.028099,-0.017445,0.041555,0.299364,0.106119,0.142254,-1.668223,-0.109362,0.013459,0.307992,-0.870522,-0.174637,0.460092,-0.095091,-0.857694,-0.505224,0.483938,-0.483307,0.729439,0.000288,-0.001478,-0.001481,0.0,0.0,0.0,0.090923,0.071417,0.060408,-0.004075,0.868294,0.195502,0.455899,0.074006,0.857719,-0.508764,-0.490497,0.475496,0.730284,-0.006743,-0.002073,-0.001005,-0.002049,0.015206,-0.02924,-0.065277,0.103031,0.033344,-0.030834,0.815157,0.576363,-0.057643,-0.375818,0.601986,0.704537,0.44077,-0.552646,0.707321,-0.006752,-0.007968,0.021115,0.417344,0.025102,0.384361,-1.11758
3167,0.20016,-0.03513,0.353007,-0.85155,-0.520173,-0.065793,0.334227,-0.635303,0.696171,-0.402867,0.571479,0.714938,-0.013973,-0.006086,0.032483,0.459295,0.134312,0.212048,-1.624101,-0.109564,0.013458,0.307894,-0.870467,-0.174963,0.460073,-0.094949,-0.85754,-0.505513,0.484066,-0.483463,0.729251,-0.001813,0.011239,-0.007748,0.036417,-0.007026,0.019889,0.092201,0.071318,0.060402,-0.004123,0.86823,0.195842,0.455875,0.073839,0.85757,-0.509038,-0.490636,0.475623,0.730108,9e-06,-4.2e-05,-3.7e-05,-1.1e-05,-8e-06,7e-06,-0.063481,0.102717,0.033157,-0.030133,0.822596,0.565346,-0.060983,-0.369645,0.613154,0.698142,0.432084,-0.551747,0.713356,0.000308,-0.002302,0.016566,-0.066821,-0.082347,0.207811,-1.114804
3168,0.199975,-0.035142,0.353971,-0.853152,-0.517629,-0.065092,0.332858,-0.636236,0.695975,-0.400608,0.572748,0.715192,0.000238,0.001308,0.019808,-0.034024,-0.002958,0.005217,-1.561722,-0.109803,0.013492,0.30782,-0.870423,-0.175241,0.46005,-0.094854,-0.857377,-0.505807,0.484163,-0.483651,0.729062,-0.001839,0.011395,-0.007592,0.03642,-0.007048,0.019877,0.093873,0.071203,0.060421,-0.004158,0.868184,0.196095,0.455854,0.073767,0.857408,-0.509322,-0.490728,0.475812,0.729923,1e-06,5e-06,9e-06,-1.4e-05,-3e-06,9e-06,-0.062175,0.102613,0.033152,-0.029629,0.824901,0.562071,-0.060123,-0.368689,0.615595,0.696499,0.428494,-0.552376,0.715034,0.007426,0.000978,0.00984,-0.043646,-0.126111,0.24304,-1.097658
3169,0.20019,-0.034906,0.354342,-0.85752,-0.51071,-0.062292,0.329973,-0.638911,0.694898,-0.393622,0.575967,0.716485,0.014451,0.007345,0.005943,0.067839,-0.001156,0.065566,-1.531079,-0.110053,0.013519,0.307771,-0.870819,-0.174555,0.45956,-0.093951,-0.858598,-0.503901,0.483625,-0.481731,0.730688,-0.01383,-0.002402,-0.000282,-0.002045,0.015205,-0.029245,0.095393,0.071077,0.06044,-0.004185,0.868595,0.195399,0.455369,0.072872,0.858607,-0.507428,-0.490134,0.473933,0.731543,-3e-06,1.4e-05,1.7e-05,0.000221,0.000107,-5.8e-05,-0.060215,0.102715,0.033269,-0.029437,0.829482,0.555584,-0.05731,-0.366131,0.618361,0.695397,0.42179,-0.555836,0.716336,0.007227,0.003334,0.002661,0.05826,0.007182,0.044029,-1.094882
3170,0.20036,-0.034735,0.354404,-0.857904,-0.510649,-0.057294,0.33249,-0.636752,0.695679,-0.390662,0.578409,0.716137,-0.000153,0.005474,0.004968,-0.465255,1.935111,-1.916282,-1.503197,-0.110161,0.013527,0.307752,-0.870788,-0.174753,0.459544,-0.093831,-0.858536,-0.50403,0.483704,-0.481771,0.73061,0.0,-0.0,-0.0,0.0,0.0,0.0,0.096238,0.071018,0.060443,-0.004194,0.868555,0.19562,0.45535,0.072734,0.858537,-0.507566,-0.490225,0.473969,0.731459,-2e-06,7e-06,1.1e-05,4e-06,2e-06,1e-06,-0.059399,0.102806,0.033354,-0.029406,0.829758,0.555375,-0.055307,-0.366905,0.617465,0.695784,0.420572,-0.55704,0.716117,0.006948,0.008461,-0.001981,0.026573,-0.041277,0.076918,-1.091127
3171,0.200869,-0.034554,0.354417,-0.8582,-0.510338,-0.055619,0.333148,-0.636178,0.695889,-0.389453,0.579315,0.716064,0.014615,0.000915,9.3e-05,0.000984,-0.014714,0.029553,-1.426823,-0.11037,0.013502,0.30773,-0.870775,-0.174938,0.459498,-0.093696,-0.858482,-0.504147,0.483754,-0.481799,0.730558,4.7e-05,-0.000242,-0.000243,0.0,0.0,0.0,0.098372,0.070914,0.060431,-0.004205,0.868538,0.195805,0.455303,0.072599,0.858479,-0.507682,-0.490275,0.473996,0.731407,-0.006886,-0.001351,-0.00029,-0.002022,0.015234,-0.029236,-0.056786,0.103049,0.033448,-0.029396,0.830108,0.555293,-0.050694,-0.36907,0.615312,0.696547,0.417981,-0.559499,0.715717,0.014623,0.000568,-0.000231,0.00224,-0.032812,0.059255,-1.06598
3172,0.201389,-0.034608,0.354467,-0.858559,-0.510244,-0.050731,0.335445,-0.633831,0.696926,-0.386688,0.581967,0.715411,0.015186,-0.00959,0.00913,-0.034758,-0.006164,0.00881,-1.319506,-0.110492,0.013471,0.307704,-0.87078,-0.174986,0.45947,-0.093661,-0.858459,-0.504193,0.483752,-0.481823,0.730543,5.2e-05,-0.000269,-0.00027,0.0,0.0,0.0,0.104526,0.070852,0.060415,-0.004218,0.868541,0.195853,0.455275,0.072564,0.858455,-0.507728,-0.490274,0.47402,0.731392,-0.006885,-0.001351,-0.000292,-0.002043,0.015207,-0.029236,-0.051888,0.103314,0.03342,-0.02938,0.83042,0.555251,-0.045804,-0.371287,0.61283,0.697555,0.415389,-0.562258,0.715064,0.007313,0.00023,-0.000171,0.002043,-0.020186,0.032839,-1.043119
3173,0.201634,-0.034667,0.354539,-0.858624,-0.510082,-0.051251,0.334932,-0.633936,0.697078,-0.386987,0.581995,0.715227,-8e-06,0.000257,0.000233,0.0,0.0,0.0,-1.235015,-0.110532,0.013457,0.307697,-0.870762,-0.175105,0.459459,-0.093565,-0.858444,-0.504235,0.483803,-0.481806,0.730521,1.3e-05,-7e-05,-7e-05,0.0,0.0,0.0,0.107985,0.070832,0.060408,-0.004222,0.868521,0.195971,0.455264,0.072468,0.858438,-0.50777,-0.490325,0.474002,0.73137,4e-06,-1.5e-05,-1.3e-05,-7e-06,3e-06,1e-05,-0.047969,0.103437,0.033388,-0.029345,0.830479,0.555115,-0.046379,-0.370768,0.612979,0.697701,0.415734,-0.56223,0.714885,0.007306,0.000466,4.3e-05,0.001199,-0.01621,0.029283,-1.022708
3174,0.202062,-0.034833,0.354785,-0.858722,-0.509831,-0.052099,0.333963,-0.633892,0.697582,-0.387605,0.582262,0.714675,-7e-05,0.002124,0.001925,0.0,0.0,0.0,-1.004282,-0.110568,0.013417,0.307677,-0.870759,-0.175156,0.459445,-0.093507,-0.858448,-0.504238,0.483819,-0.481778,0.730528,0.000108,-0.000566,-0.000567,0.0,0.0,0.0,0.116495,0.070815,0.060389,-0.004231,0.868517,0.196022,0.455249,0.07241,0.858441,-0.507773,-0.490341,0.473974,0.731377,6.7e-05,-0.000349,-0.000348,3e-06,-1.4e-05,-1.4e-05,-0.038334,0.103657,0.033297,-0.029223,0.830572,0.554903,-0.047244,-0.369803,0.612964,0.698226,0.416407,-0.562456,0.714316,0.007553,-0.003503,0.005726,-0.033822,-0.019185,0.034367,-0.961311
3175,0.202511,-0.034934,0.355269,-0.85913,-0.509895,-0.04414,0.337644,-0.629578,0.699713,-0.3835,0.586873,0.713116,0.014919,-0.001436,0.016498,-0.046581,0.033448,-0.016913,-0.600982,-0.110561,0.013383,0.307628,-0.870731,-0.175289,0.459448,-0.093419,-0.858422,-0.504299,0.483887,-0.481777,0.730484,0.000162,-0.000846,-0.000848,0.0,0.0,0.0,0.12743,0.070818,0.060371,-0.004256,0.868486,0.196154,0.455252,0.072322,0.858413,-0.507834,-0.490408,0.473972,0.731333,9.7e-05,-0.000512,-0.000515,2e-06,-1e-06,0.0,-0.025271,0.103871,0.033242,-0.028999,0.830918,0.554998,-0.039386,-0.373258,0.608519,0.700273,0.412617,-0.567168,0.712787,0.007449,-0.000574,0.008377,-0.189433,0.618457,-0.600668,-0.843578
3176,0.203132,-0.034903,0.355877,-0.854966,-0.517733,-0.03211,0.345847,-0.615162,0.708476,-0.385489,0.59526,0.705047,0.014878,-0.000766,0.017074,-0.333647,-0.133085,-0.015462,-0.241815,-0.110549,0.013321,0.307567,-0.869382,-0.175208,0.462027,-0.09444,-0.858962,-0.503189,0.486114,-0.480845,0.72962,0.000364,-0.001901,-0.001908,-0.080717,0.343535,0.2419,0.13859,0.070824,0.060342,-0.004286,0.867801,0.196188,0.456542,0.072768,0.858681,-0.507318,-0.491554,0.473473,0.730888,0.000194,-0.00101,-0.001014,-0.111133,0.493154,0.362225,-0.010738,0.104186,0.033263,-0.028683,0.826547,0.562215,-0.02706,-0.38067,0.593766,0.708894,0.414619,-0.575634,0.704794,0.014444,0.005149,0.003872,-0.398967,-0.185749,0.025772,-0.568107
3177,0.203529,-0.03488,0.356153,-0.853932,-0.519537,-0.030445,0.345606,-0.609941,0.713092,-0.387985,0.599055,0.700449,0.014915,-0.002045,0.015907,-0.220956,-0.093353,0.006313,-0.149835,-0.110551,0.013276,0.307523,-0.869349,-0.17538,0.462024,-0.094307,-0.858943,-0.503247,0.486199,-0.480816,0.729582,0.000468,-0.002445,-0.002455,-0.001002,0.004269,0.003006,0.14371,0.070822,0.060322,-0.004305,0.867013,0.196166,0.458047,0.073328,0.859007,-0.506684,-0.49286,0.472889,0.730386,0.000194,-0.001013,-0.001017,0.002557,-0.013773,-0.011883,-0.00437,0.104385,0.033278,-0.028541,0.825244,0.564195,-0.025597,-0.379938,0.588126,0.71397,0.417873,-0.579475,0.699707,0.014464,0.004346,0.003139,-0.180299,-0.117778,0.023799,-0.449558
3178,0.204303,-0.034688,0.356562,-0.844094,-0.535292,-0.031821,0.354749,-0.602021,0.71533,-0.401016,0.593181,0.698104,0.014304,0.008126,0.006527,0.000443,-0.027446,0.055436,-0.031196,-0.110556,0.013194,0.307401,-0.869274,-0.175742,0.462027,-0.094068,-0.858866,-0.503422,0.486379,-0.48082,0.729459,0.000634,-0.003318,-0.003335,-0.00232,0.016171,-0.023738,0.147486,0.07082,0.06028,-0.004366,0.86703,0.196568,0.457841,0.07298,0.858878,-0.506952,-0.49288,0.472957,0.730328,0.000243,-0.001264,-0.001267,0.000132,-0.000466,-0.000331,0.005264,0.104772,0.033371,-0.028333,0.814368,0.579722,-0.026934,-0.389022,0.579744,0.715932,0.430657,-0.572555,0.697649,0.007156,0.003892,0.003093,0.018674,-0.024189,0.055404,-0.314354
3179,0.204852,-0.034442,0.356724,-0.828414,-0.55959,-0.02521,0.375384,-0.588086,0.71639,-0.414678,0.584698,0.697279,0.013823,0.014922,-0.005868,0.038226,-1.052385,-1.256053,0.079656,-0.110554,0.013136,0.307273,-0.869238,-0.175882,0.462041,-0.094031,-0.858789,-0.50356,0.48645,-0.480906,0.729355,0.000361,-0.001886,-0.001898,-0.0,0.0,0.0,0.149638,0.070821,0.060247,-0.004434,0.866989,0.196727,0.457849,0.072926,0.858796,-0.507098,-0.49296,0.473039,0.730222,0.000215,-0.001111,-0.001117,3.8e-05,2e-06,3.7e-05,0.008367,0.105046,0.033494,-0.028244,0.798454,0.601709,-0.020412,-0.407884,0.565568,0.716772,0.442833,-0.563984,0.697008,0.007123,0.001526,0.001201,-0.024233,-3.337028,-4.475801,-0.19956
3180,0.205056,-0.034357,0.356748,-0.825274,-0.564301,-0.023089,0.379804,-0.584871,0.716691,-0.416906,0.583397,0.69704,-0.0001,0.002396,0.002147,0.0,-7e-06,-7e-06,0.138404,-0.110572,0.013127,0.307195,-0.869203,-0.176022,0.462053,-0.093992,-0.858712,-0.503699,0.48652,-0.480992,0.729251,0.000445,-0.00233,-0.002345,-0.0,0.0,0.0,0.151701,0.070812,0.060243,-0.004473,0.866952,0.196866,0.457861,0.072889,0.858718,-0.507237,-0.493032,0.473124,0.730118,0.000228,-0.00118,-0.001189,-1e-05,-3.4e-05,2.6e-05,0.010979,0.105153,0.033543,-0.028234,0.794004,0.60764,-0.018152,-0.4132,0.561349,0.717044,0.445894,-0.561836,0.696791,-4.2e-05,0.001085,0.000956,0.001156,-0.002809,0.005782,-0.120691
3181,0.205312,-0.034212,0.35678,-0.818768,-0.57404,-0.011913,0.392442,-0.574744,0.718075,-0.418031,0.583974,0.695882,-8e-05,0.001881,0.001684,-0.001111,0.004521,-0.004839,0.242086,-0.110666,0.013126,0.307081,-0.86914,-0.176315,0.46206,-0.093886,-0.858566,-0.503967,0.486653,-0.481145,0.729062,0.000217,-0.001137,-0.001145,-0.0,0.0,0.0,0.154043,0.070766,0.060241,-0.004531,0.866883,0.197156,0.457867,0.072786,0.858569,-0.507504,-0.493168,0.473273,0.729929,0.000103,-0.000532,-0.000534,3.2e-05,1.4e-05,2.1e-05,0.014898,0.105281,0.033613,-0.028221,0.786964,0.616959,-0.006924,-0.425286,0.550537,0.718359,0.44701,-0.562378,0.695637,-3.4e-05,0.000902,0.000796,0.000715,-0.00171,0.004114,0.030026
3182,0.205357,-0.034001,0.356814,-0.815489,-0.578675,-0.012589,0.395435,-0.572969,0.717851,-0.421599,0.58114,0.696102,-0.000833,0.015535,-0.004554,0.036519,-0.020237,0.046904,0.343611,-0.110762,0.013194,0.307005,-0.869117,-0.176382,0.462077,-0.093984,-0.858421,-0.504197,0.486675,-0.481379,0.728892,-0.001833,0.011449,-0.007535,0.036431,-0.007145,0.019822,0.154795,0.070718,0.060271,-0.004567,0.866857,0.197239,0.45788,0.07286,0.858435,-0.507721,-0.493203,0.473483,0.72977,-8e-06,5e-05,5.1e-05,1.1e-05,1.2e-05,2.4e-05,0.017348,0.105304,0.033705,-0.028209,0.78346,0.621394,-0.007663,-0.428123,0.548638,0.718127,0.450444,-0.559343,0.695869,-0.000103,0.002454,0.002192,0.000899,-0.011399,0.027253,0.178294
3183,0.205284,-0.033614,0.357038,-0.815161,-0.579088,-0.014632,0.393506,-0.572196,0.719525,-0.424026,0.58149,0.694333,-0.00047,0.011041,0.009843,-0.239177,-0.122263,0.014475,0.445082,-0.110813,0.013245,0.306976,-0.869115,-0.176366,0.462088,-0.094078,-0.858348,-0.504304,0.486661,-0.481516,0.728811,-0.000144,0.000755,0.00076,-0.0,0.0,0.0,0.154356,0.070692,0.0603,-0.004584,0.866857,0.197206,0.457896,0.072984,0.858353,-0.507842,-0.493185,0.473645,0.729677,-9.9e-05,0.000525,0.00053,-2.8e-05,-4.8e-05,-2.3e-05,0.017837,0.105268,0.033896,-0.028106,0.783431,0.621405,-0.009584,-0.426295,0.548542,0.719286,0.452226,-0.559426,0.694647,-0.000221,0.005189,0.004628,-0.383601,-0.142986,-0.009789,0.326725
3184,0.205241,-0.03339,0.357212,-0.815357,-0.578785,-0.015669,0.392729,-0.572822,0.719452,-0.424368,0.581175,0.694388,-0.000443,0.010421,0.009271,-0.002691,-0.013616,0.025552,0.483375,-0.110823,0.013243,0.306976,-0.869111,-0.17639,0.462086,-0.094058,-0.858344,-0.504313,0.486671,-0.481513,0.728807,-2e-06,1.3e-05,1.3e-05,-0.0,0.0,0.0,0.154146,0.070687,0.060301,-0.004582,0.866853,0.197229,0.457893,0.072964,0.858349,-0.50785,-0.493195,0.473642,0.729672,-1e-06,9e-06,1e-05,-1.8e-05,-1.6e-05,-1e-05,0.018001,0.105247,0.034014,-0.028014,0.783355,0.62148,-0.010795,-0.4253,0.548578,0.719848,0.453294,-0.559305,0.694047,-0.000238,0.005526,0.00492,0.016688,-0.010619,0.023902,0.394001
3185,0.205094,-0.033025,0.357502,-0.811018,-0.584761,-0.018699,0.392887,-0.568117,0.723087,-0.432446,0.579816,0.69053,-0.000317,0.007518,0.006666,-0.206122,-0.097055,-0.00668,0.520957,-0.110811,0.013232,0.306964,-0.869135,-0.176263,0.462089,-0.094158,-0.858359,-0.50427,0.486609,-0.481534,0.728835,9e-06,-4.8e-05,-4.8e-05,-0.0,0.0,0.0,0.154716,0.070693,0.060296,-0.004588,0.86688,0.197102,0.457896,0.073063,0.858366,-0.507808,-0.493133,0.473664,0.7297,4e-06,-1.8e-05,-1.7e-05,-3e-06,8e-06,2e-06,0.017838,0.105173,0.034204,-0.027862,0.778947,0.626938,-0.013741,-0.425294,0.544261,0.72312,0.460831,-0.557429,0.690584,-0.000151,0.003531,0.003134,-0.29102,-0.20522,0.171398,0.48675
3186,0.204934,-0.03286,0.357629,-0.811189,-0.584496,-0.019596,0.392219,-0.56867,0.723016,-0.432732,0.579541,0.690581,-0.014622,0.001564,0.002151,-0.001022,0.014699,-0.029559,0.522055,-0.110786,0.013218,0.306946,-0.86913,-0.176277,0.462094,-0.094148,-0.858358,-0.504273,0.486621,-0.48153,0.728829,8.3e-05,-0.000436,-0.000439,-0.0,0.0,0.0,0.154786,0.070705,0.060289,-0.004597,0.866874,0.197117,0.457901,0.073054,0.858365,-0.50781,-0.493145,0.473659,0.729695,6.2e-05,-0.000322,-0.000325,1.2e-05,1.9e-05,5e-06,0.018327,0.105098,0.034293,-0.027794,0.778906,0.626966,-0.01474,-0.424637,0.544548,0.72329,0.461506,-0.557116,0.690385,-5.8e-05,0.001356,0.001204,0.004033,-0.010947,0.026524,0.51206
3187,0.2049,-0.032836,0.357665,-0.811269,-0.584369,-0.020036,0.391872,-0.568908,0.723016,-0.432896,0.579434,0.690568,-8.1e-05,0.001942,0.001719,0.000828,-0.012185,0.026104,0.522346,-0.110793,0.013197,0.306927,-0.869114,-0.176365,0.462091,-0.09408,-0.858348,-0.504303,0.486663,-0.481516,0.728811,0.000166,-0.000871,-0.000878,-0.0,0.0,0.0,0.154437,0.070702,0.060279,-0.004606,0.866856,0.197205,0.457898,0.072985,0.858354,-0.50784,-0.493187,0.473644,0.729676,0.000106,-0.000552,-0.000555,-1.4e-05,-6e-06,5e-06,0.018491,0.105075,0.034303,-0.027777,0.778999,0.626841,-0.015131,-0.424338,0.5448,0.723276,0.461623,-0.557011,0.690392,-9e-06,0.000162,0.000146,0.000431,0.000744,0.000611,0.515
3188,0.204925,-0.032911,0.357639,-0.811492,-0.584016,-0.021285,0.390887,-0.569581,0.72302,-0.433367,0.579129,0.690529,0.000106,-0.002543,-0.002252,-0.0,-0.0,-0.0,0.522348,-0.110827,0.013155,0.306847,-0.86909,-0.176482,0.46209,-0.094029,-0.858297,-0.504399,0.486715,-0.481564,0.728744,0.000291,-0.001527,-0.001539,-0.0,0.0,0.0,0.154808,0.070685,0.060258,-0.004645,0.86683,0.197321,0.457897,0.072935,0.858301,-0.507936,-0.49324,0.473691,0.729609,0.000181,-0.000953,-0.00096,-1.8e-05,-1.4e-05,2e-06,0.018327,0.105088,0.034269,-0.027786,0.779268,0.626474,-0.016401,-0.423361,0.545552,0.723282,0.462066,-0.556687,0.690357,6.8e-05,-0.001656,-0.001464,-0.000822,0.012653,-0.025661,0.516469
3189,0.204931,-0.033037,0.357542,-0.812281,-0.582906,-0.021572,0.391125,-0.571813,0.721126,-0.431672,0.578043,0.692497,0.000125,-0.003,-0.002659,0.005979,-0.083962,0.180202,0.521934,-0.110881,0.013112,0.306714,-0.869073,-0.176545,0.462099,-0.094074,-0.858202,-0.504553,0.486737,-0.48171,0.728632,0.000383,-0.002017,-0.002035,0.0,0.0,0.0,0.154534,0.070658,0.060237,-0.004712,0.866811,0.197384,0.457905,0.072981,0.858206,-0.50809,-0.493266,0.473837,0.729497,0.000238,-0.001238,-0.001249,1.6e-05,2.3e-05,8e-06,0.018327,0.105091,0.034202,-0.027839,0.780122,0.625407,-0.016535,-0.423821,0.547739,0.721357,0.460199,-0.555739,0.692365,8.1e-05,-0.001906,-0.001688,-0.006312,-0.000653,0.000862,0.516796
3190,0.205047,-0.033204,0.357414,-0.812479,-0.582587,-0.022698,0.390247,-0.572427,0.721115,-0.432093,0.577756,0.692474,0.014712,-0.003355,-0.003748,0.006701,-0.098775,0.209718,0.522748,-0.110944,0.013118,0.306558,-0.869066,-0.17651,0.462126,-0.094266,-0.858056,-0.504765,0.486712,-0.481983,0.728469,0.000415,-0.002187,-0.002208,0.0,0.0,0.0,0.154579,0.070627,0.060239,-0.004791,0.866805,0.19735,0.457932,0.073176,0.858063,-0.508302,-0.493248,0.474109,0.729332,0.000215,-0.001124,-0.001134,-2.6e-05,-1.8e-05,6e-06,0.018327,0.105144,0.034118,-0.027903,0.780338,0.625107,-0.017648,-0.422959,0.548357,0.721393,0.460626,-0.555467,0.692299,0.000105,-0.002453,-0.00218,-0.000939,0.012214,-0.026032,0.517286
3191,0.205152,-0.033329,0.357354,-0.812648,-0.582313,-0.023671,0.389463,-0.572922,0.721146,-0.432482,0.577542,0.69241,0.014784,-0.004938,-0.00516,0.005871,-0.086578,0.18362,0.522392,-0.110979,0.013145,0.306475,-0.86904,-0.176588,0.462145,-0.094319,-0.857948,-0.504938,0.486749,-0.482146,0.728336,-0.013467,-0.00445,-0.002361,-0.002045,0.015205,-0.029245,0.154646,0.070614,0.060254,-0.004831,0.866781,0.197401,0.457954,0.07325,0.85796,-0.508466,-0.493279,0.474274,0.729204,-0.00069,0.00455,-0.004951,0.034086,0.009024,-0.003904,0.018491,0.105196,0.034058,-0.02793,0.78053,0.624839,-0.018641,-0.422186,0.548906,0.721428,0.461009,-0.555227,0.692237,0.00011,-0.002597,-0.00231,-0.000817,0.012218,-0.026064,0.517612
3192,0.205436,-0.033569,0.357181,-0.809519,-0.586425,-0.028821,0.38962,-0.573355,0.720717,-0.438162,0.572932,0.692668,0.01481,-0.005186,-0.005396,0.013505,-0.065439,0.082797,0.52266,-0.111013,0.01324,0.306288,-0.869036,-0.176436,0.462211,-0.09472,-0.857719,-0.505252,0.486678,-0.482609,0.728077,0.00032,-0.001684,-0.001703,0.0,0.0,0.0,0.154146,0.070592,0.060299,-0.004927,0.866776,0.197275,0.458017,0.073635,0.857735,-0.50879,-0.493229,0.474734,0.728938,0.000162,-0.000839,-0.000849,-6e-06,-1.1e-05,-6e-06,0.018327,0.105338,0.033936,-0.028019,0.777217,0.628776,-0.02391,-0.422286,0.549395,0.720997,0.466483,-0.550275,0.692524,0.000158,-0.003579,-0.003192,0.050334,-0.254555,0.346164,0.518429
3193,0.205776,-0.033834,0.356843,-0.802709,-0.595483,-0.03321,0.393874,-0.571191,0.720122,-0.44679,0.565707,0.693096,0.014973,-0.008476,-0.008357,0.005865,-0.086587,0.183616,0.522989,-0.111087,0.013325,0.30604,-0.869465,-0.175319,0.461828,-0.094394,-0.858797,-0.503479,0.485973,-0.481099,0.729546,0.000561,-0.002959,-0.002995,-0.005867,-0.002687,0.001865,0.153262,0.070554,0.060345,-0.005048,0.867241,0.196135,0.457627,0.07328,0.858845,-0.506965,-0.492465,0.473197,0.730453,-0.000581,0.003984,-0.005523,0.019655,0.002268,0.000623,0.017674,0.105507,0.033807,-0.028184,0.76991,0.637528,-0.0282,-0.426507,0.546935,0.720383,0.474689,-0.542603,0.693001,0.000218,-0.00479,-0.004287,-0.001131,0.014294,-0.027561,0.520388
3194,0.205948,-0.034027,0.356634,-0.801894,-0.596187,-0.039643,0.389993,-0.572594,0.72112,-0.451623,0.563542,0.691726,0.015067,-0.010288,-0.009999,-0.12473,-0.055529,-0.016539,0.52321,-0.111148,0.013384,0.305893,-0.869424,-0.175422,0.461867,-0.094524,-0.8586,-0.50379,0.486022,-0.481412,0.729307,0.000701,-0.003702,-0.003749,-0.002329,0.016247,-0.023685,0.152921,0.070524,0.060375,-0.00512,0.867192,0.196241,0.457674,0.073441,0.858625,-0.507316,-0.492527,0.473553,0.730181,-0.007557,0.003045,-0.005404,0.035376,0.008423,-0.009793,0.017511,0.105594,0.033712,-0.028288,0.769249,0.637997,-0.034833,-0.422469,0.548766,0.721369,0.479347,-0.540198,0.691673,0.000271,-0.005929,-0.005313,-0.163118,-0.04841,-0.05525,0.520388
3195,0.206388,-0.034541,0.356066,-0.801689,-0.596057,-0.045352,0.387218,-0.575686,0.720153,-0.454362,0.560517,0.692389,0.015366,-0.016024,-0.015228,0.005013,-0.074448,0.157497,0.522572,-0.111354,0.013576,0.305469,-0.869373,-0.172156,0.463188,-0.094055,-0.862649,-0.496913,0.486203,-0.47532,0.733171,-0.000985,0.007002,-0.012033,0.035457,-0.002998,0.022778,0.152963,0.070427,0.060465,-0.005325,0.867155,0.192781,0.459213,0.073099,0.862793,-0.500243,-0.492644,0.467356,0.734084,-0.000438,0.003238,-0.00628,0.043482,-0.019206,0.006531,0.017674,0.105807,0.033467,-0.02856,0.768907,0.63808,-0.040422,-0.420049,0.551813,0.720459,0.482016,-0.536987,0.692318,0.007388,-0.003053,-0.012407,0.036245,0.006829,-0.006316,0.520878
3196,0.206964,-0.035134,0.35529,-0.801837,-0.595786,-0.046288,0.386699,-0.576452,0.719819,-0.454541,0.560017,0.692676,0.0156,-0.019803,-0.018774,0.005033,-0.074485,0.157474,0.523096,-0.111676,0.013836,0.304815,-0.868718,-0.170545,0.465011,-0.09413,-0.864976,-0.492838,0.48736,-0.471662,0.734764,-0.015846,0.011711,-0.024265,0.066311,0.026491,-0.006609,0.153184,0.070265,0.0606,-0.005647,0.866481,0.191302,0.4611,0.073057,0.865122,-0.496211,-0.493834,0.463644,0.735636,-0.007877,0.00565,-0.012334,0.07156,0.021406,-0.049595,0.016204,0.106101,0.033165,-0.028954,0.769083,0.637813,-0.041278,-0.419614,0.55258,0.720123,0.482114,-0.536514,0.692616,0.007522,-0.005308,-0.014513,0.034203,0.01426,-0.027696,0.521041
