frame,MLTx,MLTy,MLTz,MLTR1,MLTR2,MLTR3,MLTR4,MLTR5,MLTR6,MLTR7,MLTR8,MLTR9,MLTTVx,MLTTVy,MLTTVz,MLTRVx,MLTRVy,MLTRVz,MLGA,MRTx,MRTy,MRTz,MRTR1,MRTR2,MRTR3,MRTR4,MRTR5,MRTR6,MRTR7,MRTR8,MRTR9,MRTTVx,MRTTVy,MRTTVz,MRTRVx,MRTRVy,MRTRVz,MRGA,SLTx,SLTy,SLTz,SLTR1,SLTR2,SLTR3,SLTR4,SLTR5,SLTR6,SLTR7,SLTR8,SLTR9,SLTTVx,SLTTVy,SLTTVz,SLTRVx,SLTRVy,SLTRVz,SLGA,SRTx,SRTy,SRTz,SRTR1,SRTR2,SRTR3,SRTR4,SRTR5,SRTR6,SRTR7,SRTR8,SRTR9,SRTTVx,SRTTVy,SRTTVz,SRTRVx,SRTRVy,SRTRVz,SRGA
1,0.148711,-0.049619,0.265187,-0.446523,0.368467,-0.81541,-0.868837,-0.396392,0.296594,-0.213388,0.840437,0.498155,-0.0,-0.0,-0.0,0.0,0.0,0.0,0.450268,-0.254812,-0.016646,0.329271,0.177629,-0.978353,0.106131,0.925508,0.202616,0.319868,-0.334679,0.042642,0.941294,-0.010128,0.017656,0.017834,-0.009616,0.085974,-0.151243,0.207789,-0.003114,0.044049,0.002392,-0.189396,0.970867,0.146782,-0.929787,-0.225381,0.291028,0.315632,-0.081356,0.945387,0.001988,0.002415,0.012152,-0.032621,-0.012676,0.034553,0.090339,0.075131,0.023222,-0.077748,0.451703,-0.371105,-0.811322,0.864482,0.406846,0.295205,0.220531,-0.834719,0.504588,-0.0,-1e-06,5e-06,1.6e-05,1.6e-05,-6e-06,0.413596
2,0.148711,-0.049619,0.265187,-0.446523,0.368467,-0.81541,-0.868837,-0.396392,0.296594,-0.213388,0.840437,0.498155,-0.0,-0.0,-0.0,0.0,0.0,0.0,0.450482,-0.254755,-0.01638,0.330163,0.178306,-0.978376,0.104771,0.924597,0.202903,0.32231,-0.336831,0.040635,0.940615,0.004168,0.015483,0.015456,0.003101,-0.028822,0.049813,0.208259,-0.00309,0.044184,0.002841,-0.190152,0.970909,0.145523,-0.928892,-0.225909,0.293468,0.317806,-0.079372,0.944827,0.001924,0.002194,0.011885,-0.042563,0.088064,-0.137865,0.090992,0.075131,0.023222,-0.077748,0.451703,-0.371105,-0.811322,0.864482,0.406846,0.295205,0.220531,-0.834719,0.504588,-0.0,-1e-06,5e-06,1.6e-05,1.6e-05,-6e-06,0.413759
3,0.148711,-0.049619,0.265187,-0.446523,0.368467,-0.81541,-0.868837,-0.396392,0.296594,-0.213388,0.840437,0.498155,-0.0,-0.0,-0.0,0.0,0.0,0.0,0.450713,-0.254728,-0.016263,0.330571,0.178737,-0.978228,0.105422,0.924294,0.20355,0.322772,-0.337435,0.040983,0.940383,0.003694,0.013733,0.01367,0.001553,-0.014398,0.024914,0.208109,-0.003076,0.044246,0.003048,-0.190579,0.970731,0.146152,-0.928597,-0.226557,0.293902,0.318411,-0.079705,0.944595,0.001833,0.001862,0.011531,-0.043223,0.086907,-0.137486,0.091318,0.075131,0.023222,-0.077748,0.451703,-0.371105,-0.811322,0.864482,0.406846,0.295205,0.220531,-0.834719,0.504588,-0.0,-1e-06,5e-06,1.6e-05,1.6e-05,-6e-06,0.413923
4,0.148723,-0.049619,0.265186,-0.446502,0.368466,-0.815422,-0.868846,-0.396384,0.296576,-0.213394,0.840441,0.498146,-0.0,-0.0,-0.0,0.0,0.0,0.0,0.450942,-0.254712,-0.016006,0.331334,0.179098,-0.978611,0.101165,0.923204,0.20259,0.326475,-0.34022,0.03616,0.939578,-0.01077,0.015151,0.015119,0.001068,-0.013549,0.02061,0.208235,-0.003063,0.044373,0.003428,-0.190847,0.971314,0.141863,-0.927589,-0.225735,0.297693,0.321177,-0.074777,0.944061,0.001568,0.000883,0.010524,-0.03133,0.006484,0.00768,0.092135,0.075138,0.023221,-0.077748,0.451681,-0.371105,-0.811334,0.864492,0.406839,0.295186,0.220537,-0.834723,0.504579,-1e-06,-0.0,5e-06,1.7e-05,2e-05,-6e-06,0.414086
5,0.148723,-0.049619,0.265186,-0.446502,0.368466,-0.815422,-0.868846,-0.396384,0.296576,-0.213394,0.840441,0.498146,0.0,0.0,0.0,0.0,0.0,0.0,0.451851,-0.254723,-0.015706,0.331935,0.179084,-0.9791,0.096348,0.922341,0.201044,0.329852,-0.342561,0.031031,0.93891,0.00279,0.000401,0.019642,-0.068513,-0.07305,0.059466,0.208106,-0.003073,0.044529,0.003728,-0.190748,0.972015,0.137112,-0.926821,-0.224354,0.301108,0.323444,-0.069643,0.94368,-0.005804,0.006025,0.006,-0.129225,-0.215952,0.085106,0.092788,0.075138,0.023221,-0.077748,0.451681,-0.371105,-0.811334,0.864492,0.406839,0.295186,0.220537,-0.834723,0.504579,-1e-06,-0.0,5e-06,1.7e-05,2e-05,-6e-06,0.414576
6,0.148723,-0.049628,0.265192,-0.446516,0.36847,-0.815413,-0.868846,-0.396367,0.2966,-0.213366,0.840447,0.498147,0.0,0.0,0.0,0.0,0.0,0.0,0.451681,-0.254739,-0.01557,0.332171,0.179195,-0.979063,0.096523,0.922244,0.201214,0.330018,-0.342762,0.031116,0.938834,0.002264,-0.00155,0.017702,-0.034149,0.001774,0.00957,0.208011,-0.00308,0.044599,0.003855,-0.190841,0.971975,0.137266,-0.926724,-0.224506,0.301294,0.323668,-0.069709,0.943598,0.001093,-0.000892,0.008737,-0.03349,0.002874,0.009134,0.093278,0.075138,0.023217,-0.077745,0.451695,-0.371109,-0.811325,0.864492,0.406821,0.295211,0.220509,-0.83473,0.50458,0.0,-1e-06,5e-06,1.2e-05,1.8e-05,-1.4e-05,0.415229
7,0.148723,-0.049619,0.265186,-0.446502,0.368466,-0.815422,-0.868846,-0.396384,0.296576,-0.213394,0.840441,0.498146,0.0,0.0,0.0,0.0,0.0,0.0,0.451576,-0.254814,-0.01535,0.332546,0.179793,-0.978876,0.0973,0.921975,0.202053,0.330257,-0.343174,0.031565,0.938669,0.001791,0.006674,0.006543,0.001562,-0.01435,0.024941,0.206742,-0.003114,0.044704,0.004037,-0.191464,0.971742,0.138046,-0.926449,-0.22537,0.301493,0.324086,-0.070167,0.943421,0.000661,-0.002507,0.00714,-0.046461,0.115195,-0.187489,0.092135,0.075138,0.023221,-0.077748,0.451681,-0.371105,-0.811334,0.864492,0.406839,0.295186,0.220537,-0.834723,0.504579,-1e-06,-0.0,4e-06,8e-06,0.0,-1e-05,0.415392
8,0.148723,-0.049619,0.265186,-0.446502,0.368466,-0.815422,-0.868846,-0.396384,0.296576,-0.213394,0.840441,0.498146,0.0,0.0,0.0,0.0,0.0,0.0,0.450529,-0.254884,-0.015135,0.332801,0.180552,-0.97889,0.095747,0.921399,0.202278,0.331724,-0.344323,0.029563,0.938313,0.00136,0.005068,0.004957,-0.0,-0.0,0.0,0.20285,-0.003153,0.044814,0.004167,-0.192177,0.971831,0.136428,-0.925901,-0.225628,0.302983,0.325231,-0.068093,0.94318,0.000774,0.002903,0.002839,0.003767,-0.010665,0.023442,0.089359,0.075138,0.023221,-0.077748,0.451681,-0.371105,-0.811334,0.864492,0.406839,0.295186,0.220537,-0.834723,0.504579,-1e-06,-0.0,4e-06,8e-06,0.0,-1e-05,0.415066
9,0.148712,-0.049614,0.265194,-0.446505,0.368465,-0.815421,-0.868845,-0.396385,0.296579,-0.213394,0.840441,0.498146,1e-05,6.8e-05,0.000111,0.0,0.0,0.0,0.449536,-0.254915,-0.014928,0.333019,0.181273,-0.978912,0.094142,0.92085,0.202442,0.333145,-0.345413,0.027536,0.937973,0.001427,0.005317,0.00519,0.001562,-0.014347,0.024943,0.202216,-0.00317,0.044913,0.004271,-0.192892,0.971909,0.134847,-0.925371,-0.22589,0.304402,0.326312,-0.066067,0.94295,0.000548,0.002054,0.002005,0.001926,0.003208,-0.001311,0.086583,0.075132,0.023224,-0.077744,0.451685,-0.371103,-0.811333,0.86449,0.40684,0.29519,0.220537,-0.834723,0.504579,6e-06,4.8e-05,8.1e-05,3e-06,-3e-06,-1.5e-05,0.414576
10,0.148712,-0.049614,0.265194,-0.446505,0.368465,-0.815421,-0.868845,-0.396385,0.296579,-0.213394,0.840441,0.498146,0.0,1e-06,2e-06,0.0,0.0,0.0,0.449845,-0.254916,-0.014853,0.333107,0.181514,-0.979074,0.091968,0.920433,0.201955,0.33459,-0.346397,0.025153,0.937678,0.0011,0.004099,0.003998,-1e-06,-1e-06,0.0,0.201668,-0.003169,0.044956,0.00432,-0.193062,0.972179,0.132638,-0.924996,-0.225425,0.305883,0.327274,-0.063635,0.942784,0.000542,0.002029,0.001979,0.002455,0.004053,-0.00166,0.08593,0.075132,0.023224,-0.077744,0.451685,-0.371103,-0.811333,0.86449,0.40684,0.29519,0.220537,-0.834723,0.504579,-1e-06,-3e-06,-5e-06,9e-06,4e-06,-8e-06,0.414249
11,0.148712,-0.049623,0.2652,-0.446519,0.368468,-0.815412,-0.868845,-0.396368,0.296603,-0.213366,0.840447,0.498146,0.0,0.0,0.0,0.0,0.0,0.0,0.44906,-0.254924,-0.014634,0.33332,0.181626,-0.979271,0.08962,0.920062,0.201279,0.336015,-0.347324,0.022663,0.937398,0.001477,0.005506,0.005358,0.001562,-0.014346,0.024943,0.202826,-0.003174,0.04506,0.004423,-0.193142,0.972473,0.130351,-0.924661,-0.22484,0.307323,0.328172,-0.061173,0.942634,0.000682,0.002557,0.002488,-0.010459,0.099515,-0.172361,0.083644,0.075132,0.02322,-0.077741,0.451699,-0.371107,-0.811324,0.86449,0.406823,0.295214,0.220509,-0.83473,0.50458,2e-06,-1e-06,-4e-06,8e-06,0.0,-4e-06,0.413923
12,0.148711,-0.049619,0.265187,-0.446523,0.368467,-0.81541,-0.868837,-0.396392,0.296594,-0.213388,0.840437,0.498155,-1.7e-05,-0.00011,-0.000181,0.0,0.0,0.0,0.449742,-0.254943,-0.014505,0.333461,0.182184,-0.97933,0.087823,0.919554,0.201208,0.337446,-0.348377,0.020517,0.937057,0.000395,0.001473,0.001431,-0.0,-0.0,0.0,0.205919,-0.003182,0.045133,0.0045,-0.193649,0.972614,0.128532,-0.924188,-0.224811,0.308766,0.329206,-0.058996,0.942413,0.000193,0.000729,0.000709,-0.010603,0.099287,-0.17227,0.087073,0.075131,0.023222,-0.077747,0.451703,-0.371105,-0.811322,0.864482,0.406847,0.295205,0.220532,-0.834719,0.504588,-1e-05,-6.9e-05,-0.000114,2e-06,-1.5e-05,-1e-06,0.413596
13,0.148711,-0.049619,0.265187,-0.446523,0.368467,-0.81541,-0.868837,-0.396392,0.296594,-0.213388,0.840437,0.498155,-0.0,-1e-06,-2e-06,0.0,0.0,0.0,0.45022,-0.254961,-0.01449,0.333476,0.182747,-0.979164,0.088505,0.919394,0.201974,0.337423,-0.348505,0.020944,0.937,-0.014226,0.002006,0.002093,-0.012821,0.114209,-0.201389,0.205592,-0.003185,0.04514,0.004507,-0.194113,0.97245,0.12907,-0.924053,-0.225427,0.308721,0.329312,-0.059341,0.942354,-2.3e-05,-8.3e-05,-8.2e-05,1e-06,4e-05,-1.7e-05,0.088216,0.075131,0.023222,-0.077748,0.451703,-0.371105,-0.811322,0.864482,0.406847,0.295205,0.220532,-0.834719,0.504588,1e-06,3e-06,4e-06,8e-06,4e-06,1e-06,0.413596
14,0.148736,-0.049628,0.265191,-0.446494,0.36847,-0.815425,-0.868856,-0.396359,0.296581,-0.213372,0.840451,0.498138,-0.0,-0.0,-0.0,0.0,0.0,0.0,0.452344,-0.254988,-0.014467,0.333498,0.183776,-0.978857,0.089755,0.919101,0.203375,0.33738,-0.348739,0.021727,0.936895,5.1e-05,0.00019,0.000184,0.0,0.0,0.0,0.202767,-0.003205,0.045148,0.004516,-0.195275,0.972039,0.13041,-0.923712,-0.22697,0.30861,0.329581,-0.060198,0.942206,1.3e-05,5.2e-05,5.1e-05,-0.010792,0.099,-0.17215,0.085766,0.075144,0.023217,-0.077745,0.451674,-0.371109,-0.811337,0.864502,0.406814,0.295192,0.220515,-0.834733,0.504571,-1e-06,1e-06,4e-06,1.2e-05,1e-05,-4e-06,0.414739
15,0.148747,-0.049638,0.265176,-0.446509,0.368474,-0.815415,-0.86885,-0.396364,0.296593,-0.213366,0.840447,0.498148,-2e-05,-0.00013,-0.000214,0.0,0.0,0.0,0.453288,-0.255026,-0.014443,0.333522,0.185006,-0.978487,0.091249,0.918749,0.205051,0.337326,-0.34902,0.022662,0.936769,0.000339,0.001261,0.001225,0.001561,-0.014346,0.024944,0.20538,-0.003225,0.045157,0.004524,-0.196546,0.971585,0.131876,-0.923337,-0.228657,0.308487,0.329876,-0.061134,0.942042,-6e-06,-2.2e-05,-2e-05,-3.5e-05,1e-06,-2e-06,0.088216,0.075149,0.023212,-0.077753,0.451689,-0.371112,-0.811327,0.864495,0.40682,0.295204,0.22051,-0.834729,0.504581,-1.2e-05,-7.8e-05,-0.000128,0.0,-1.6e-05,-1e-06,0.416699
16,0.148734,-0.04965,0.265175,-0.446563,0.36848,-0.815382,-0.868831,-0.396361,0.296651,-0.213327,0.840446,0.498166,-0.0,-2e-06,-4e-06,0.0,0.0,0.0,0.451637,-0.255061,-0.014384,0.333609,0.185886,-0.978449,0.089863,0.918132,0.205424,0.338775,-0.350175,0.020768,0.936381,0.000841,0.00313,0.003038,0.001561,-0.014344,0.024944,0.203207,-0.003244,0.045183,0.004565,-0.197395,0.971602,0.130469,-0.922746,-0.229088,0.309932,0.33102,-0.05921,0.941763,0.00032,0.001196,0.001161,0.000187,0.000329,-0.000142,0.087889,0.075143,0.023206,-0.077754,0.451743,-0.371118,-0.811294,0.864477,0.406816,0.295262,0.220471,-0.834728,0.5046,1e-06,7e-06,1.1e-05,1e-05,1.6e-05,0.0,0.416862
17,0.148722,-0.049637,0.265177,-0.446552,0.368475,-0.815391,-0.86883,-0.396379,0.29663,-0.213355,0.840439,0.498165,6e-06,4.2e-05,6.8e-05,0.0,0.0,0.0,0.450692,-0.255063,-0.014331,0.333703,0.186063,-0.978618,0.087631,0.917708,0.204835,0.340278,-0.351193,0.018341,0.93605,0.001182,0.004403,0.00427,0.001559,-0.014346,0.024947,0.20177,-0.003245,0.045208,0.004611,-0.197526,0.971878,0.128203,-0.922354,-0.22855,0.311492,0.332034,-0.056721,0.94156,0.000534,0.001997,0.001937,0.002637,0.004305,-0.001791,0.086583,0.075137,0.023213,-0.077752,0.451732,-0.371113,-0.811302,0.864475,0.406835,0.295241,0.220499,-0.834721,0.504598,5e-06,2.6e-05,4.4e-05,1.1e-05,-2e-06,1.4e-05,0.416535
18,0.148686,-0.04963,0.265187,-0.446599,0.368474,-0.815366,-0.868809,-0.396396,0.29667,-0.213344,0.840432,0.498182,0.0,1e-06,1e-06,0.0,0.0,0.0,0.450074,-0.25512,-0.01419,0.333956,0.186691,-0.978424,0.088446,0.917448,0.205715,0.340448,-0.351539,0.018821,0.935911,0.001318,0.004907,0.00475,-0.0,-0.0,0.0,0.200499,-0.003273,0.045279,0.004737,-0.19817,0.971636,0.129037,-0.922093,-0.229448,0.311603,0.332373,-0.057234,0.941409,-0.006395,0.003661,0.003618,-0.000456,0.00093,-0.004331,0.083644,0.075119,0.023216,-0.077747,0.451779,-0.371111,-0.811277,0.864454,0.406851,0.295281,0.220487,-0.834714,0.504616,-0.0,-4e-06,-6e-06,-4e-06,-1.3e-05,-6e-06,0.415556
19,0.148673,-0.049638,0.265194,-0.446634,0.368478,-0.815345,-0.868799,-0.396386,0.296713,-0.21331,0.840435,0.498192,0.0,0.0,0.0,0.0,0.0,0.0,0.450176,-0.255187,-0.014069,0.334317,0.187671,-0.978118,0.089757,0.916996,0.207102,0.340822,-0.352196,0.019579,0.935648,0.001623,0.006041,0.005833,-0.010797,0.098868,-0.172221,0.198259,-0.003305,0.045344,0.004922,-0.19916,0.971266,0.130297,-0.92164,-0.230829,0.311924,0.333038,-0.057964,0.941129,0.000832,0.003117,0.003011,-0.010799,0.098854,-0.172235,0.081031,0.075113,0.023212,-0.077744,0.451814,-0.371115,-0.811256,0.864444,0.406842,0.295323,0.220454,-0.834717,0.504625,0.0,-1e-06,-4e-06,-1.1e-05,-2.4e-05,-4e-06,0.415066
20,0.148686,-0.049639,0.265193,-0.446613,0.368478,-0.815357,-0.868809,-0.396378,0.296694,-0.213316,0.840439,0.498183,0.0,0.0,0.0,0.0,0.0,0.0,0.450615,-0.255234,-0.01399,0.334536,0.18792,-0.97826,0.08766,0.91648,0.206625,0.342497,-0.353407,0.017211,0.935238,-0.012133,0.009691,0.009494,-0.000479,0.000886,-0.004287,0.198381,-0.003326,0.045379,0.00502,-0.199369,0.971503,0.128186,-0.921168,-0.23042,0.313615,0.334215,-0.055556,0.940858,0.001038,0.003885,0.003747,0.002569,-0.012654,0.024253,0.080541,0.075119,0.023212,-0.077744,0.451793,-0.371115,-0.811268,0.864454,0.406834,0.295305,0.22046,-0.834721,0.504616,1e-06,1e-06,-5e-06,-6e-06,-1.3e-05,0.0,0.415066
21,0.148698,-0.049639,0.265192,-0.446591,0.368477,-0.815369,-0.868818,-0.396371,0.296676,-0.213321,0.840442,0.498174,0.0,0.0,0.0,0.0,0.0,0.0,0.450563,-0.255293,-0.01385,0.335015,0.188428,-0.978091,0.088446,0.916096,0.20739,0.343061,-0.354132,0.017618,0.934956,0.00201,-0.00246,0.016623,-0.034131,0.001865,0.009616,0.197916,-0.003359,0.045454,0.005265,-0.199895,0.971291,0.128971,-0.920789,-0.231214,0.314142,0.334944,-0.05596,0.940574,-0.005969,0.005219,0.005093,-0.000475,0.000918,-0.0043,0.079725,0.075125,0.023211,-0.077745,0.451771,-0.371114,-0.81128,0.864463,0.406827,0.295287,0.220466,-0.834724,0.504608,1e-06,0.0,-5e-06,-8e-06,-1.5e-05,-1e-06,0.415392
22,0.148698,-0.049639,0.265192,-0.446591,0.368477,-0.815369,-0.868818,-0.396371,0.296676,-0.213321,0.840442,0.498174,0.0,0.0,0.0,0.0,0.0,0.0,0.450698,-0.255403,-0.013788,0.335589,0.190917,-0.977609,0.088443,0.916023,0.2097,0.34185,-0.352989,0.016985,0.9354,0.001986,-0.002546,0.016516,0.099665,-0.111201,-0.063611,0.19795,-0.003414,0.045487,0.005553,-0.201956,0.970856,0.129037,-0.920676,-0.233127,0.313059,0.334017,-0.055577,0.940926,-0.006118,-0.000315,0.009257,0.160963,-0.141401,-0.107873,0.079235,0.075125,0.023211,-0.077745,0.451771,-0.371114,-0.81128,0.864463,0.406827,0.295287,0.220466,-0.834724,0.504608,1e-06,0.0,-5e-06,-8e-06,-1.8e-05,1e-06,0.415229
23,0.148697,-0.049644,0.265185,-0.44661,0.368479,-0.815357,-0.86881,-0.396377,0.296691,-0.213316,0.840438,0.498183,-0.0,-2e-06,-4e-06,0.0,0.0,0.0,0.450795,-0.255537,-0.0137,0.336286,0.193077,-0.977218,0.088076,0.915973,0.211577,0.340826,-0.351945,0.016103,0.935809,-0.011598,0.001632,0.020633,0.000276,-0.013776,-0.039566,0.197598,-0.003476,0.045527,0.005898,-0.20452,0.970418,0.128293,-0.920683,-0.235216,0.311473,0.332436,-0.054414,0.941554,0.001373,0.000181,0.009635,-0.016643,-0.019541,-0.01587,0.078745,0.075125,0.023209,-0.077749,0.45179,-0.371116,-0.811269,0.864455,0.406833,0.295302,0.22046,-0.834721,0.504617,1e-06,2e-06,2e-06,-1e-06,0.0,-0.0,0.415392
24,0.148685,-0.049643,0.265185,-0.446631,0.36848,-0.815345,-0.868801,-0.396385,0.29671,-0.21331,0.840435,0.498192,-0.0,-0.0,-0.0,0.0,0.0,0.0,0.450623,-0.255616,-0.013678,0.336649,0.195026,-0.976899,0.087321,0.916165,0.213117,0.339348,-0.350371,0.015051,0.936417,-0.011725,0.001142,0.020146,-0.020154,0.092519,-0.206916,0.19815,-0.003515,0.04554,0.006082,-0.206437,0.97014,0.127324,-0.92087,-0.236619,0.309854,0.330729,-0.053283,0.942219,0.001272,-0.000191,0.009268,-0.037909,-0.003702,-0.009653,0.079398,0.075118,0.023209,-0.077748,0.451811,-0.371117,-0.811257,0.864446,0.40684,0.29532,0.220454,-0.834717,0.504625,-1e-06,3e-06,4e-06,-7e-06,-8e-06,-9e-06,0.415392
25,0.148686,-0.049639,0.265193,-0.446613,0.368478,-0.815357,-0.868809,-0.396378,0.296694,-0.213316,0.840439,0.498183,0.0,0.0,1e-06,0.0,0.0,0.0,0.449253,-0.255831,-0.013722,0.337447,0.201834,-0.975907,0.08283,0.917527,0.21787,0.332582,-0.342876,0.010104,0.939254,-0.011808,0.000798,0.019782,0.358051,-0.318178,-0.235342,0.197891,-0.003622,0.04552,0.006482,-0.211933,0.969408,0.123815,-0.921673,-0.24039,0.304517,0.324966,-0.04958,0.944424,-0.005883,0.000525,0.010013,0.380032,-0.348482,-0.275629,0.079888,0.075119,0.023212,-0.077744,0.451792,-0.371115,-0.811268,0.864454,0.406834,0.295305,0.22046,-0.834721,0.504616,-0.0,-2e-06,-4e-06,-2e-06,-7e-06,-3e-06,0.415066
26,0.148686,-0.049639,0.265193,-0.446613,0.368478,-0.815357,-0.868809,-0.396378,0.296694,-0.213316,0.840439,0.498183,0.0,0.0,0.0,0.0,0.0,0.0,0.448906,-0.256095,-0.013849,0.338278,0.205202,-0.975375,0.080794,0.91783,0.220323,0.330121,-0.340058,0.007645,0.940301,-0.012085,-0.00026,0.018748,-0.004159,-0.010081,-0.037056,0.197866,-0.003755,0.045459,0.006893,-0.216704,0.968759,0.1206,-0.922231,-0.243667,0.300193,0.320201,-0.046168,0.946223,-0.006184,-0.005548,0.013676,-0.067653,0.020534,-0.060324,0.079561,0.075119,0.023212,-0.077744,0.451793,-0.371114,-0.811268,0.864454,0.406834,0.295305,0.22046,-0.834721,0.504616,1e-06,-0.0,-4e-06,-5e-06,-7e-06,-2e-06,0.414576
27,0.148686,-0.04963,0.265187,-0.446599,0.368474,-0.815366,-0.868809,-0.396396,0.29667,-0.213344,0.840432,0.498182,0.0,0.0,0.0,0.0,0.0,0.0,0.449267,-0.25624,-0.013927,0.338659,0.208628,-0.974828,0.078586,0.918423,0.222784,0.326805,-0.336356,0.005225,0.941648,0.002016,-0.002433,0.016515,0.276935,-0.263431,-0.160257,0.197881,-0.003832,0.045419,0.007089,-0.219032,0.968403,0.119242,-0.922419,-0.245354,0.298234,0.318068,-0.044668,0.947014,-0.006226,-0.005703,0.013523,0.448005,-0.376491,-0.232886,0.079561,0.075119,0.023216,-0.077747,0.451779,-0.371111,-0.811277,0.864454,0.406852,0.295281,0.220488,-0.834714,0.504616,4.7e-05,0.005616,-0.004038,0.035492,-0.014137,0.017675,0.414086
28,0.148686,-0.049634,0.2652,-0.446594,0.368475,-0.815368,-0.868817,-0.396372,0.296679,-0.213321,0.840443,0.498174,0.0,0.0,1e-06,0.0,0.0,0.0,0.448869,-0.256603,-0.014127,0.339406,0.210748,-0.974396,0.078291,0.918116,0.22468,0.326366,-0.335873,0.004329,0.941824,-0.012725,-0.002648,0.016467,-0.031609,0.026074,-0.047981,0.198091,-0.004007,0.045321,0.007465,-0.222243,0.967821,0.118021,-0.922312,-0.24794,0.296421,0.316145,-0.042975,0.947736,-0.00624,-0.000825,0.008707,-0.054253,0.02764,-0.02264,0.079888,0.075119,0.023214,-0.077741,0.451774,-0.371112,-0.811279,0.864462,0.406828,0.29529,0.220465,-0.834725,0.504607,-1e-06,-3e-06,-7e-06,-1.4e-05,-1.9e-05,-7e-06,0.413923
29,0.148686,-0.049634,0.2652,-0.446594,0.368475,-0.815368,-0.868817,-0.396372,0.296679,-0.213321,0.840443,0.498174,0.0,0.0,0.0,0.0,0.0,0.0,0.448679,-0.25698,-0.01427,0.34008,0.212863,-0.973965,0.077922,0.91789,0.226548,0.325711,-0.335159,0.003421,0.942083,-0.01253,-0.001944,0.01711,-0.035681,0.016892,-0.019768,0.198128,-0.004201,0.045245,0.007805,-0.224315,0.967379,0.117724,-0.921988,-0.249795,0.29587,0.315626,-0.042172,0.947945,-0.006282,-0.000994,0.008542,-0.043236,0.022443,-0.018,0.080051,0.075119,0.023214,-0.077741,0.451774,-0.371112,-0.811279,0.864462,0.406828,0.29529,0.220466,-0.834725,0.504607,0.0,0.0,-6e-06,-1.5e-05,-1.5e-05,-6e-06,0.413759
30,0.148674,-0.049625,0.265195,-0.446602,0.368472,-0.815365,-0.868807,-0.396397,0.296674,-0.213344,0.840432,0.498182,0.0,0.0,0.0,0.0,0.0,0.0,0.448539,-0.257378,-0.014261,0.340685,0.215158,-0.973483,0.077642,0.91774,0.228616,0.324686,-0.334105,0.002625,0.94246,-0.012278,-0.001051,0.017922,-0.03598,0.017195,-0.01958,0.198154,-0.004401,0.045248,0.008106,-0.22656,0.966896,0.117394,-0.921794,-0.251783,0.294786,0.314586,-0.041426,0.948324,-0.006141,-0.000495,0.008998,-0.040248,0.020599,-0.017929,0.079725,0.075113,0.023218,-0.077743,0.451782,-0.371109,-0.811276,0.864452,0.406853,0.295284,0.220488,-0.834714,0.504615,1e-06,0.0,-5e-06,-1e-05,-1.4e-05,0.0,0.413596
31,0.148675,-0.049621,0.265203,-0.446584,0.36847,-0.815376,-0.868815,-0.396391,0.296658,-0.213349,0.840436,0.498173,1e-05,6.8e-05,0.000111,0.0,0.0,0.0,0.448133,-0.257567,-0.014237,0.340964,0.215506,-0.973365,0.078159,0.917461,0.229117,0.325121,-0.334648,0.002871,0.942266,0.001994,0.007272,0.006788,0.001626,-0.014015,0.025127,0.198137,-0.004496,0.045259,0.008244,-0.226893,0.966752,0.117934,-0.921511,-0.252291,0.295236,0.315175,-0.041691,0.948116,-0.006245,-0.000883,0.008628,-0.036595,0.018269,-0.017915,0.079725,0.075113,0.023221,-0.077739,0.451764,-0.371107,-0.811288,0.86446,0.406847,0.295269,0.220494,-0.834718,0.504606,5e-06,3.4e-05,5.1e-05,-2e-06,-3e-06,9e-06,0.41327
32,0.148627,-0.049609,0.265221,-0.446633,0.368467,-0.81535,-0.868793,-0.396408,0.296702,-0.213338,0.840429,0.498189,-0.016297,0.001409,0.001894,-0.000984,0.014715,-0.029553,0.447985,-0.257957,-0.014143,0.341534,0.218181,-0.972761,0.078257,0.917254,0.23167,0.323895,-0.333484,0.002341,0.94268,-0.012102,-0.000468,0.018427,-0.024531,0.007342,-0.025821,0.197275,-0.004681,0.045307,0.008516,-0.229515,0.966156,0.11775,-0.921375,-0.254663,0.293623,0.313673,-0.041101,0.948641,0.001141,0.004179,0.003895,-0.008029,-0.011419,0.015642,0.079072,0.075095,0.023225,-0.077733,0.451792,-0.371103,-0.811273,0.864447,0.406857,0.295294,0.220488,-0.834715,0.504614,6.7e-05,0.000441,0.000725,-0.0,-9e-06,1.5e-05,0.412943
33,0.148579,-0.049602,0.265231,-0.446702,0.368467,-0.815313,-0.868762,-0.396432,0.29676,-0.213321,0.840418,0.498215,4e-06,2.6e-05,4.2e-05,0.0,0.0,0.0,0.447647,-0.258312,-0.013958,0.342104,0.218884,-0.972719,0.076802,0.916434,0.231846,0.326082,-0.335276,0.000237,0.942047,-0.011724,0.000854,0.019622,-1.465219,-2.179201,0.858999,0.196116,-0.004868,0.045399,0.008815,-0.230201,0.966057,0.117216,-0.920575,-0.255233,0.295629,0.315512,-0.039852,0.948084,-0.005853,0.000496,0.009844,-1.466396,-2.178831,0.858384,0.077275,0.075065,0.02323,-0.077725,0.451881,-0.371102,-0.811224,0.864406,0.406888,0.29537,0.220465,-0.8347,0.504648,-1e-06,3e-06,5e-06,2e-06,5e-06,2e-06,0.41278
34,0.148554,-0.049601,0.265233,-0.448919,0.365816,-0.815289,-0.86638,-0.401584,0.296797,-0.218283,0.839132,0.498233,0.0,0.0,1e-06,1e-06,-0.0,-0.0,0.44799,-0.258473,-0.013853,0.342414,0.219165,-0.972623,0.077223,0.916202,0.232252,0.326446,-0.335727,0.000434,0.941887,-0.0116,0.001276,0.019993,-0.036102,0.017428,-0.019446,0.196331,-0.004945,0.045447,0.008959,-0.230438,0.966043,0.116863,-0.920275,-0.25538,0.296434,0.316213,-0.039236,0.947875,-0.005717,0.000976,0.010317,-0.033614,0.005114,0.006068,0.076949,0.075053,0.023231,-0.077724,0.454084,-0.36842,-0.811216,0.861967,0.412035,0.295363,0.225432,-0.833362,0.504665,-2e-06,-7e-06,-1e-05,-0.00011,9.6e-05,0.000165,0.41278
35,0.148504,-0.049603,0.265228,-0.449024,0.36582,-0.815229,-0.866332,-0.40162,0.296886,-0.218254,0.839114,0.498277,-1e-06,-4e-06,-6e-06,0.0,-0.0,-0.0,0.447778,-0.258747,-0.013637,0.343051,0.221194,-0.972405,0.074115,0.915895,0.233121,0.326686,-0.335235,-0.003152,0.942057,-0.011377,0.002023,0.02064,0.217175,-0.203433,-0.158585,0.195023,-0.005082,0.045555,0.009278,-0.231235,0.966123,0.114606,-0.919735,-0.255485,0.298016,0.317201,-0.036496,0.947655,-0.005566,0.001492,0.010768,0.493058,-0.325922,-0.357208,0.076132,0.075028,0.02323,-0.077727,0.454186,-0.368426,-0.811157,0.861921,0.412066,0.295451,0.225399,-0.833344,0.50471,-1e-06,0.0,2e-06,-0.000117,3.7e-05,7.4e-05,0.41229
36,0.14848,-0.049601,0.265229,-0.449067,0.36582,-0.815205,-0.866313,-0.401635,0.296923,-0.218243,0.839106,0.498295,-0.0,-0.0,-0.0,0.0,0.0,0.0,0.447645,-0.258974,-0.013397,0.34375,0.221421,-0.972316,0.074607,0.915503,0.233497,0.327518,-0.336157,-0.002989,0.941729,0.003113,0.001453,0.01989,-0.03235,-0.011684,0.034979,0.194495,-0.0052,0.045679,0.009631,-0.232647,0.965832,0.114203,-0.919593,-0.256679,0.297429,0.316581,-0.035824,0.947888,-0.005596,0.001356,0.010617,-0.038888,0.019567,-0.0189,0.075153,0.075016,0.02323,-0.077726,0.454227,-0.368428,-0.811132,0.861904,0.412076,0.295488,0.225383,-0.833338,0.504727,-2e-06,2e-06,5e-06,-6.5e-05,5.1e-05,2.9e-05,0.412453
37,0.148467,-0.049601,0.26523,-0.449088,0.365821,-0.815193,-0.866303,-0.401643,0.296941,-0.218238,0.839102,0.498303,-0.0,-0.0,-0.0,0.0,0.0,0.0,0.447625,-0.259066,-0.013289,0.344074,0.221595,-0.972437,0.072479,0.914962,0.232933,0.329424,-0.337513,-0.005455,0.941233,-0.01126,0.002361,0.020879,-0.03618,0.017356,-0.019351,0.194339,-0.00524,0.045736,0.009795,-0.232728,0.966069,0.112009,-0.919097,-0.256129,0.299427,0.317956,-0.033262,0.947521,0.0016,0.005795,0.005308,0.004456,-0.008642,0.023913,0.074989,0.07501,0.023231,-0.077726,0.454249,-0.368429,-0.81112,0.861894,0.412083,0.295506,0.225376,-0.833334,0.504736,-2e-06,0.0,4e-06,-5.2e-05,3.1e-05,5.3e-05,0.411963
38,0.148467,-0.049601,0.26523,-0.449088,0.365821,-0.815193,-0.866303,-0.401643,0.296941,-0.218238,0.839102,0.498303,-0.0,-0.0,-0.0,0.0,0.0,0.0,0.447124,-0.259181,-0.013125,0.344782,0.221992,-0.97229,0.073231,0.914452,0.233554,0.330397,-0.338633,-0.005152,0.940832,0.002622,-0.00031,0.018213,-0.034037,0.002318,0.009848,0.194416,-0.005303,0.04582,0.010144,-0.233046,0.965911,0.112709,-0.918646,-0.256687,0.300334,0.319028,-0.033548,0.94715,-0.005481,0.006603,0.006112,-0.000295,0.001563,-0.003656,0.075316,0.07501,0.023231,-0.077726,0.454249,-0.368429,-0.81112,0.861894,0.412083,0.295506,0.225376,-0.833334,0.504736,-2e-06,0.0,4e-06,-5.2e-05,3.1e-05,5.3e-05,0.4118
39,0.14848,-0.049601,0.265229,-0.449067,0.36582,-0.815205,-0.866313,-0.401635,0.296923,-0.218243,0.839106,0.498295,-0.0,-0.0,-0.0,0.0,0.0,0.0,0.447785,-0.25926,-0.013065,0.345462,0.222464,-0.972115,0.074115,0.913869,0.23429,0.331491,-0.339899,-0.004786,0.940377,0.002404,-0.001088,0.017472,-0.034033,0.002336,0.009858,0.194133,-0.005342,0.04585,0.010492,-0.233608,0.965662,0.113681,-0.918041,-0.257572,0.301423,0.320354,-0.033949,0.946688,0.001206,-0.000492,0.008786,-0.045416,0.098057,-0.163865,0.074989,0.075016,0.02323,-0.077726,0.454227,-0.368429,-0.811132,0.861904,0.412076,0.295488,0.225382,-0.833338,0.504727,-3e-06,1e-06,4e-06,-5.1e-05,3e-05,5.5e-05,0.4118
40,0.14848,-0.049601,0.265229,-0.451225,0.363155,-0.815205,-0.863919,-0.406758,0.296923,-0.223208,0.837799,0.498295,-0.0,-0.0,-0.0,0.0,-0.0,-0.0,0.447583,-0.259303,-0.013054,0.346139,0.223215,-0.971848,0.075352,0.913159,0.235409,0.332651,-0.341313,-0.004217,0.939867,0.00272,0.009781,0.00884,0.001661,-0.013822,0.025231,0.193982,-0.005364,0.04585,0.010831,-0.234377,0.965331,0.114904,-0.917335,-0.258739,0.30257,0.321811,-0.03449,0.946175,-0.005788,0.000597,0.009851,-0.034415,0.003803,0.006039,0.074336,0.075016,0.02323,-0.077726,0.456369,-0.365736,-0.811149,0.859456,0.417189,0.295443,0.230348,-0.831979,0.504726,-3e-06,1e-06,2e-06,-0.000182,7.7e-05,0.000123,0.4118
41,0.14848,-0.049601,0.265229,-0.451225,0.363155,-0.815205,-0.863919,-0.406758,0.296923,-0.223208,0.837799,0.498295,-0.0,-0.0,-0.0,0.0,-0.0,-0.0,0.447218,-0.259312,-0.013058,0.346453,0.223736,-0.971667,0.076135,0.912763,0.236163,0.333203,-0.342031,-0.00383,0.939608,0.002511,0.009032,0.008149,0.001665,-0.013807,0.025239,0.193597,-0.005367,0.045852,0.010993,-0.234893,0.965116,0.115651,-0.916949,-0.259491,0.303097,0.322534,-0.034851,0.945915,0.001237,0.004491,0.004052,0.001654,-0.013747,0.025387,0.074009,0.075016,0.02323,-0.077726,0.456368,-0.365737,-0.811149,0.859458,0.417186,0.295443,0.230346,-0.83198,0.504727,-3e-06,1e-06,2e-06,-0.000167,4.8e-05,0.000106,0.4118
42,0.148467,-0.049601,0.26523,-0.451247,0.363155,-0.815193,-0.86391,-0.406765,0.296941,-0.223202,0.837796,0.498303,-0.0,-0.0,-0.0,0.0,0.0,0.0,0.447545,-0.259329,-0.013067,0.347026,0.226169,-0.971111,0.076037,0.912541,0.238421,0.332202,-0.341026,-0.004521,0.93997,0.001901,-0.002882,0.015791,-0.032639,0.00114,0.009111,0.193694,-0.005376,0.045849,0.011273,-0.237378,0.964538,0.115405,-0.91672,-0.261728,0.301865,0.321365,-0.034138,0.946339,0.001039,0.003772,0.003391,-0.009217,-0.007085,0.023845,0.074173,0.07501,0.023231,-0.077726,0.456387,-0.36574,-0.811137,0.85945,0.417189,0.295461,0.230335,-0.831977,0.504735,-2e-06,1e-06,4e-06,-0.000114,4.9e-05,7e-05,0.411963
43,0.148467,-0.049601,0.26523,-0.451247,0.363155,-0.815193,-0.86391,-0.406765,0.296941,-0.223202,0.837796,0.498303,-0.0,-0.0,-0.0,0.0,0.0,0.0,0.446658,-0.2593,-0.013076,0.34746,0.228307,-0.970651,0.075517,0.912508,0.240262,0.330964,-0.33969,-0.005427,0.940449,0.001438,0.005179,0.004646,0.004321,-0.003844,-0.002385,0.193341,-0.005361,0.045844,0.011497,-0.239523,0.964082,0.114778,-0.916653,-0.263517,0.300509,0.319962,-0.033232,0.946847,0.000679,-0.002387,0.007037,-0.048334,0.010477,0.006188,0.074173,0.07501,0.023231,-0.077726,0.456385,-0.365742,-0.811137,0.859453,0.417183,0.295461,0.23033,-0.831979,0.504735,-2e-06,1e-06,4e-06,-6.6e-05,4.8e-05,3e-05,0.411473
44,0.148468,-0.049596,0.265238,-0.451228,0.363153,-0.815204,-0.863918,-0.406759,0.296926,-0.223208,0.8378,0.498294,6.1e-05,0.000405,0.000665,0.0,0.0,0.0,0.446352,-0.259282,-0.013061,0.347638,0.228452,-0.970597,0.075777,0.912344,0.240485,0.331255,-0.340033,-0.005316,0.940326,0.00103,-0.00601,0.012966,-0.035647,0.016082,-0.015419,0.192923,-0.005353,0.045853,0.011581,-0.239659,0.964006,0.115129,-0.916447,-0.263772,0.300913,0.32045,-0.033393,0.946676,0.000536,-0.002901,0.006575,-0.038756,0.018334,-0.014985,0.073683,0.07501,0.023232,-0.077724,0.456367,-0.365741,-0.811148,0.859461,0.417177,0.295446,0.230335,-0.831983,0.504726,4.6e-05,0.000321,0.000527,-5.5e-05,3.3e-05,4.2e-05,0.41131
45,0.148468,-0.049596,0.265238,-0.451228,0.363153,-0.815204,-0.863918,-0.406759,0.296926,-0.223208,0.8378,0.498294,0.0,0.0,0.0,0.0,0.0,0.0,0.446816,-0.25922,-0.013,0.347858,0.228818,-0.97047,0.076296,0.912103,0.241003,0.331541,-0.340434,-0.005048,0.940182,0.000923,0.003329,0.002978,0.0,-0.0,-0.0,0.189827,-0.005321,0.045882,0.011696,-0.24,0.963858,0.115652,-0.916196,-0.264276,0.301232,0.32091,-0.033664,0.94651,0.000505,0.001839,0.001647,0.001669,-0.013551,0.025745,0.072213,0.07501,0.023233,-0.077722,0.456366,-0.365741,-0.811148,0.859462,0.417176,0.295446,0.230335,-0.831983,0.504726,-2e-06,-2e-06,-6e-06,-5.5e-05,-4e-06,4.7e-05,0.41131
46,0.148468,-0.049596,0.265238,-0.451228,0.363153,-0.815204,-0.863918,-0.406759,0.296926,-0.223208,0.8378,0.498294,0.0,0.0,0.0,0.0,0.0,0.0,0.446795,-0.259185,-0.012919,0.348012,0.229628,-0.970201,0.07728,0.911765,0.242098,0.331672,-0.340794,-0.004475,0.940055,0.000791,0.002855,0.002551,0.0,-0.0,-0.0,0.185118,-0.005305,0.04592,0.011771,-0.240824,0.963536,0.116622,-0.91585,-0.265376,0.30132,0.321282,-0.034243,0.946363,0.000319,0.001163,0.001036,1.3e-05,0.000113,0.000318,0.066335,0.07501,0.023233,-0.077722,0.456367,-0.365741,-0.811148,0.859462,0.417176,0.295446,0.230335,-0.831983,0.504726,0.0,0.0,-5e-06,-5.9e-05,-1e-06,4.3e-05,0.411147
47,0.148468,-0.049596,0.265238,-0.451228,0.363153,-0.815204,-0.863918,-0.406759,0.296926,-0.223208,0.8378,0.498294,0.0,0.0,0.0,0.0,0.0,0.0,0.446263,-0.259184,-0.012849,0.348103,0.23054,-0.969899,0.078352,0.91143,0.243319,0.331702,-0.341079,-0.003834,0.939954,0.000648,0.00234,0.002089,-0.009915,0.081067,-0.149162,0.179781,-0.005304,0.045955,0.011816,-0.241646,0.963217,0.117553,-0.915539,-0.266458,0.301309,0.321549,-0.034814,0.946252,-0.006811,0.001689,0.001618,-0.002029,0.015266,-0.029031,0.060783,0.07501,0.023233,-0.077722,0.456367,-0.365741,-0.811148,0.859461,0.417176,0.295446,0.230335,-0.831983,0.504726,1e-06,0.0,-5e-06,-5.6e-05,-3e-06,5e-05,0.410983
48,0.14848,-0.049597,0.265237,-0.451207,0.363153,-0.815216,-0.863928,-0.406752,0.296908,-0.223214,0.837803,0.498285,0.0,0.0,0.0,0.0,0.0,0.0,0.446905,-0.259177,-0.012831,0.348133,0.230871,-0.969788,0.078744,0.911304,0.243764,0.331719,-0.34119,-0.0036,0.939915,0.000411,0.001482,0.001323,-0.011596,0.0948,-0.17444,0.176369,-0.0053,0.045966,0.011833,-0.242064,0.963055,0.118024,-0.915382,-0.267006,0.301303,0.321685,-0.035102,0.946195,0.000196,0.000713,0.000637,-0.011573,0.094847,-0.174271,0.056374,0.075016,0.023233,-0.077722,0.456345,-0.365741,-0.81116,0.859472,0.417169,0.295428,0.230341,-0.831987,0.504718,1e-06,1e-06,-5e-06,-5.9e-05,-7e-06,4.5e-05,0.410983
49,0.14848,-0.049601,0.265229,-0.451225,0.363155,-0.815205,-0.863919,-0.406758,0.296923,-0.223208,0.837799,0.498295,-0.0,-1e-06,-1e-06,0.0,0.0,0.0,0.448627,-0.259183,-0.012842,0.348178,0.231441,-0.969596,0.079437,0.911067,0.244536,0.331804,-0.341439,-0.003197,0.939826,2.4e-05,8.5e-05,7.6e-05,0.0,-0.0,-0.0,0.164142,-0.005303,0.045961,0.011856,-0.24264,0.962827,0.118695,-0.915139,-0.267773,0.301358,0.321939,-0.0355,0.946094,-5e-06,-1.3e-05,-1.1e-05,0.0,3.5e-05,0.000119,0.044454,0.075016,0.02323,-0.077726,0.456363,-0.365744,-0.811149,0.859464,0.417174,0.295443,0.230334,-0.831983,0.504726,0.0,4e-06,4e-06,-4.6e-05,6e-06,3.5e-05,0.411963
50,0.148492,-0.049602,0.265229,-0.451204,0.363155,-0.815217,-0.863929,-0.406751,0.296904,-0.223214,0.837803,0.498286,-0.0,-0.0,-0.0,0.0,0.0,0.0,0.450799,-0.259194,-0.012881,0.348212,0.231964,-0.969418,0.080082,0.910836,0.245247,0.331913,-0.341702,-0.002827,0.939732,0.0,0.0,0.0,0.0,-0.0,-0.0,0.150691,-0.005309,0.04594,0.011872,-0.24317,0.962616,0.11932,-0.914904,-0.268482,0.30144,0.322207,-0.035865,0.945989,-7e-06,-2.1e-05,-1.8e-05,-2e-06,2.6e-05,7.5e-05,0.028451,0.075022,0.02323,-0.077727,0.456341,-0.365744,-0.811161,0.859474,0.417166,0.295425,0.230339,-0.831987,0.504718,0.0,1e-06,4e-06,-3.7e-05,1e-05,4.1e-05,0.414086
51,0.148491,-0.049607,0.265221,-0.451222,0.363157,-0.815206,-0.863921,-0.406757,0.29692,-0.223208,0.837799,0.498295,-6.1e-05,-0.000405,-0.000665,0.0,0.0,0.0,0.452314,-0.259196,-0.012903,0.34822,0.233834,-0.969057,0.079,0.911169,0.246646,0.329956,-0.339533,-0.00395,0.940513,-1.9e-05,-6.9e-05,-6.2e-05,0.011381,-0.010263,-0.006345,0.143803,-0.00531,0.045929,0.011875,-0.245058,0.962296,0.118032,-0.915261,-0.269778,0.29919,0.319752,-0.034711,0.946865,-1.4e-05,-5e-05,-4.5e-05,-0.011381,0.003976,-0.009316,0.020124,0.075022,0.023229,-0.077729,0.456359,-0.365746,-0.81115,0.859466,0.417172,0.29544,0.230333,-0.831983,0.504727,-4.2e-05,-0.00027,-0.00044,-4e-05,1.9e-05,2.3e-05,0.415229
52,0.148491,-0.049607,0.265221,-0.451222,0.363157,-0.815206,-0.863921,-0.406757,0.29692,-0.223208,0.837799,0.498295,-0.0,-0.0,-0.0,0.0,0.0,0.0,0.453184,-0.259218,-0.012964,0.348207,0.235793,-0.968661,0.078025,0.911453,0.248171,0.328022,-0.33741,-0.005006,0.941272,-0.000467,-0.001684,-0.001503,0.00822,-0.007421,-0.004586,0.119303,-0.00532,0.045902,0.011872,-0.247018,0.961923,0.116986,-0.915483,-0.271235,0.297188,0.317603,-0.033688,0.947625,-0.00012,-0.000434,-0.000387,-0.013227,0.005885,-0.007812,-0.002411,0.075022,0.023228,-0.077731,0.456359,-0.365746,-0.81115,0.859466,0.417172,0.29544,0.230333,-0.831983,0.504727,0.0,2e-06,7e-06,-2.3e-05,2.6e-05,3e-05,0.417678
53,0.148491,-0.049607,0.265221,-0.451222,0.363157,-0.815206,-0.863921,-0.406757,0.29692,-0.223208,0.837799,0.498295,-0.0,-0.0,-0.0,0.0,0.0,0.0,0.453765,-0.259249,-0.013065,0.348172,0.235087,-0.969142,0.074086,0.91408,0.246236,0.322117,-0.330724,-0.006782,0.943631,-0.000676,-0.002437,-0.002177,0.413016,-0.360796,-0.256704,0.081865,-0.005336,0.04585,0.011854,-0.244692,0.96282,0.114463,-0.917654,-0.268085,0.293326,0.313106,-0.033263,0.949135,-0.000323,-0.006023,0.003783,-0.056259,0.027414,-0.022454,-0.044703,0.075022,0.023228,-0.077731,0.456359,-0.365746,-0.81115,0.859466,0.417171,0.29544,0.230332,-0.831984,0.504727,-0.0,-1e-06,5e-06,-1.8e-05,1.9e-05,3.5e-05,0.418495
54,0.148491,-0.049607,0.265221,-0.451222,0.363157,-0.815206,-0.863921,-0.406757,0.29692,-0.223208,0.837799,0.498295,-0.0,-0.0,-0.0,0.0,0.0,0.0,0.454269,-0.259293,-0.013154,0.348107,0.232648,-0.969934,0.071383,0.916314,0.243082,0.318141,-0.326228,-0.007382,0.94519,-0.000718,-0.002588,-0.002315,0.036006,-0.015179,-0.033088,0.036661,-0.005358,0.045805,0.01182,-0.243848,0.963509,0.110395,-0.920217,-0.26581,0.287305,0.306166,-0.031528,0.951455,-0.000353,-0.00127,-0.001134,-0.002265,0.010424,-0.03519,-0.101855,0.075022,0.023228,-0.077731,0.456359,-0.365746,-0.81115,0.859466,0.417171,0.29544,0.230332,-0.831984,0.504727,-0.0,-1e-06,5e-06,-2.1e-05,2.1e-05,3e-05,0.419148
55,0.148491,-0.049607,0.265221,-0.451222,0.363157,-0.815206,-0.863921,-0.406757,0.29692,-0.223208,0.837799,0.498295,-0.0,-0.0,-0.0,0.0,0.0,0.0,0.454453,-0.259326,-0.013213,0.348095,0.23432,-0.969627,0.070073,0.916669,0.244256,0.316214,-0.324028,-0.008638,0.945936,-0.000534,-0.001924,-0.001721,0.010202,-0.009217,-0.005694,0.013861,-0.005375,0.045774,0.011813,-0.245565,0.963223,0.109076,-0.920478,-0.266983,0.285375,0.304002,-0.030323,0.952188,-0.000326,-0.001176,-0.00105,-0.022024,0.012341,-0.007636,-0.130267,0.075022,0.023228,-0.077731,0.456359,-0.365746,-0.81115,0.859466,0.417171,0.29544,0.230332,-0.831984,0.504727,-0.0,-1e-06,5e-06,-2.1e-05,2.1e-05,3e-05,0.419474
56,0.148491,-0.049607,0.265221,-0.451222,0.363157,-0.815206,-0.863921,-0.406757,0.29692,-0.223208,0.837799,0.498295,-0.0,-0.0,-0.0,0.0,0.0,0.0,0.455818,-0.259396,-0.013327,0.348104,0.239263,-0.968701,0.066056,0.917722,0.24772,0.310411,-0.317368,-0.012426,0.948149,-0.00024,-0.000865,-0.000774,0.15696,-0.141856,-0.087599,-0.034051,-0.005405,0.045714,0.011815,-0.249795,0.962551,0.105338,-0.921316,-0.269739,0.280029,0.297956,-0.0271,0.954194,-0.000162,-0.00058,-0.000518,0.271979,-0.234458,-0.120833,-0.184643,0.075022,0.023228,-0.077731,0.456359,-0.365746,-0.81115,0.859466,0.417171,0.29544,0.230332,-0.831984,0.504727,-0.0,-1e-06,5e-06,-2.1e-05,2.1e-05,3e-05,0.420128
57,0.148491,-0.049607,0.265221,-0.451222,0.363157,-0.815206,-0.863921,-0.406757,0.29692,-0.223208,0.837799,0.498295,-0.0,-0.0,-0.0,0.0,0.0,0.0,0.456176,-0.259405,-0.013425,0.34814,0.244223,-0.967727,0.06207,0.918693,0.251269,0.304635,-0.310716,-0.016154,0.950294,-3.6e-05,-0.000129,-0.000116,0.24277,-0.21954,-0.135505,-0.08024,-0.005415,0.045666,0.011833,-0.25453,0.961744,0.101299,-0.922137,-0.272927,0.274176,0.291335,-0.023625,0.956329,-7e-06,-2.2e-05,-1.9e-05,0.35707,-0.308615,-0.159181,-0.231344,0.075022,0.023228,-0.077731,0.456359,-0.365746,-0.81115,0.859466,0.417171,0.29544,0.230332,-0.831984,0.504727,-0.0,-1e-06,5e-06,-2.1e-05,2.1e-05,3e-05,0.421434
58,0.148491,-0.049607,0.265221,-0.451222,0.363157,-0.815206,-0.863921,-0.406757,0.29692,-0.223208,0.837799,0.498295,-0.0,-0.0,-0.0,0.0,0.0,0.0,0.456237,-0.25941,-0.013486,0.348168,0.247403,-0.967094,0.059276,0.919346,0.253505,0.300785,-0.306235,-0.018699,0.951701,-0.000103,-0.00037,-0.000332,0.32641,-0.295195,-0.182149,-0.101451,-0.005417,0.045636,0.011849,-0.25711,0.961294,0.099031,-0.922533,-0.27467,0.271087,0.287796,-0.02166,0.957446,-6.8e-05,-0.000242,-0.000218,0.4034,-0.37541,-0.254245,-0.253878,0.075022,0.023228,-0.077731,0.456359,-0.365746,-0.81115,0.859466,0.417171,0.29544,0.230332,-0.831984,0.504727,-0.0,-1e-06,5e-06,-2.1e-05,2.1e-05,3e-05,0.421597
59,0.148491,-0.049607,0.265221,-0.451222,0.363157,-0.815206,-0.863921,-0.406757,0.29692,-0.223208,0.837799,0.498295,-0.0,-0.0,-0.0,0.0,0.0,0.0,0.457776,-0.25942,-0.01355,0.348235,0.250311,-0.966665,0.053814,0.919732,0.254663,0.29862,-0.302694,-0.024033,0.952713,1.4e-05,5e-05,4.4e-05,0.054205,-0.048996,-0.030223,-0.155352,-0.005422,0.045605,0.011882,-0.261175,0.960868,0.092296,-0.923098,-0.276574,0.2672,0.282271,-0.015413,0.95921,1.2e-05,4.8e-05,4.4e-05,0.038512,-0.040376,-0.044515,-0.301885,0.075022,0.023228,-0.077731,0.456359,-0.365746,-0.81115,0.859466,0.417171,0.29544,0.230332,-0.831984,0.504727,-0.0,-1e-06,5e-06,-2.1e-05,2.1e-05,3e-05,0.42274
