frame,MLTx,MLTy,MLTz,MLTR1,MLTR2,MLTR3,MLTR4,MLTR5,MLTR6,MLTR7,MLTR8,MLTR9,MLTTVx,MLTTVy,MLTTVz,MLTRVx,MLTRVy,MLTRVz,MLGA,MRTx,MRTy,MRTz,MRTR1,MRTR2,MRTR3,MRTR4,MRTR5,MRTR6,MRTR7,MRTR8,MRTR9,MRTTVx,MRTTVy,MRTTVz,MRTRVx,MRTRVy,MRTRVz,MRGA,SLTx,SLTy,SLTz,SLTR1,SLTR2,SLTR3,SLTR4,SLTR5,SLTR6,SLTR7,SLTR8,SLTR9,SLTTVx,SLTTVy,SLTTVz,SLTRVx,SLTRVy,SLTRVz,SLGA,SRTx,SRTy,SRTz,SRTR1,SRTR2,SRTR3,SRTR4,SRTR5,SRTR6,SRTR7,SRTR8,SRTR9,SRTTVx,SRTTVy,SRTTVz,SRTRVx,SRTRVy,SRTRVz,SRGA
753,0.142695,-0.067997,0.316996,-0.785367,-0.556086,-0.272053,0.523174,-0.831132,0.18836,-0.329876,0.006287,0.944018,8.9e-05,0.010491,-0.008966,0.194234,0.323818,0.173104,-0.881808,-0.165102,-0.053073,0.305905,-0.790649,0.343035,0.507142,-0.215354,-0.931102,0.294288,0.574139,0.123042,0.809375,0.015791,-0.001099,-0.003132,0.118562,-0.214007,0.140916,0.011989,0.043588,0.027332,-0.004737,0.788904,-0.36849,0.491776,0.259231,0.925135,0.27735,-0.557161,-0.091318,0.825367,-0.000473,0.004124,-0.005935,0.185066,-0.147997,-0.068536,-0.246856,0.074086,0.016485,-0.047259,0.742267,0.614754,-0.266676,-0.590311,0.78821,0.173945,0.31713,0.028309,0.947958,2.1e-05,0.000132,0.000176,0.255519,0.504381,0.187889,-0.830025
754,0.142601,-0.067937,0.316989,-0.788158,-0.554205,-0.267785,0.522232,-0.832382,0.185434,-0.324685,0.006989,0.945811,0.000131,0.000838,0.001107,0.268802,0.569648,0.26179,-0.962126,-0.16501,-0.053096,0.305798,-0.792492,0.345775,0.502381,-0.216823,-0.929579,0.297999,0.571033,0.126809,0.810989,-2e-05,-0.002823,-0.003638,0.000675,-0.003024,0.00014,0.061448,0.04364,0.027322,-0.00479,0.790717,-0.371297,0.486727,0.260801,0.923623,0.280895,-0.553849,-0.09517,0.827159,-9e-06,-0.001703,-0.002196,-0.011297,0.025573,-0.024142,-0.180071,0.074039,0.016518,-0.047268,0.744464,0.613503,-0.263414,-0.589636,0.789212,0.171675,0.313213,0.027513,0.949284,-0.007997,0.001067,0.00124,0.014498,0.062258,0.00999,-0.88783
755,0.142413,-0.067815,0.316974,-0.792233,-0.551503,-0.26126,0.520926,-0.834167,0.181037,-0.316788,0.008007,0.948477,0.000106,0.000677,0.000894,0.177195,0.37521,0.172551,-1.103916,-0.164925,-0.05317,0.305471,-0.798006,0.348191,0.491875,-0.220455,-0.928199,0.299631,0.561884,0.130243,0.816815,-3.9e-05,-0.005589,-0.007218,0.015974,-0.00445,-0.036178,0.110503,0.043682,0.027286,-0.004951,0.795955,-0.373957,0.476037,0.264455,0.922172,0.282244,-0.544535,-0.098763,0.832902,-1.5e-05,-0.00289,-0.003736,-0.013048,0.026959,-0.029927,-0.075728,0.073945,0.01658,-0.047274,0.749384,0.610743,-0.255762,-0.58814,0.791414,0.166593,0.304159,0.025582,0.952277,5.3e-05,0.000341,0.000453,0.244872,0.482619,0.177692,-0.904812
756,0.1422,-0.06773,0.316996,-0.794845,-0.549853,-0.256763,0.520168,-0.835248,0.178208,-0.311457,0.008766,0.950234,0.000255,0.001627,0.002147,0.047424,0.085999,0.071265,-1.250778,-0.164975,-0.053338,0.304937,-0.805188,0.346627,0.481158,-0.223768,-0.928903,0.29496,0.550196,0.129404,0.824865,-6.9e-05,-0.009372,-0.012151,0.169196,-0.146368,-0.155546,0.12352,0.043657,0.027208,-0.005211,0.802733,-0.373064,0.465232,0.267809,0.922579,0.277716,-0.532819,-0.098338,0.840495,-0.000492,0.000939,-0.010071,0.261613,-0.295742,0.037545,-0.038988,0.073838,0.01662,-0.047266,0.752642,0.60899,-0.250318,-0.587214,0.792809,0.163196,0.297839,0.024162,0.954309,-0.008025,0.00088,0.000989,0.045433,0.117137,0.02305,-0.930612
757,0.142094,-0.067679,0.317011,-0.796175,-0.548947,-0.25457,0.519713,-0.83584,0.176754,-0.308815,0.009101,0.951092,0.000153,0.000971,0.001281,0.075596,0.159852,0.073551,-1.326549,-0.165007,-0.053447,0.304629,-0.810901,0.345861,0.47203,-0.226252,-0.929127,0.292346,0.5407,0.12984,0.831052,-0.001007,0.000918,-0.021418,0.419282,-0.380681,-0.239226,0.129314,0.043642,0.027147,-0.005365,0.80761,-0.373221,0.456588,0.270162,0.922377,0.276102,-0.524193,-0.09963,0.845751,-3.3e-05,-0.005198,-0.006754,0.610505,-0.630392,-0.201025,-0.027721,0.073785,0.016648,-0.047256,0.753818,0.608316,-0.248413,-0.586846,0.79334,0.161933,0.295583,0.023712,0.955022,-0.007984,0.001141,0.001329,0.104733,0.229445,0.058137,-0.930776
758,0.141884,-0.067593,0.317068,-0.800697,-0.544138,-0.250684,0.514374,-0.838913,0.177807,-0.306054,0.014096,0.951924,0.000234,0.001484,0.001958,0.199645,0.407603,0.219286,-1.449388,-0.165084,-0.053711,0.303935,-0.8242,0.345448,0.448723,-0.233091,-0.929006,0.287316,0.51715,0.131787,0.845607,-9.4e-05,-0.011663,-0.015234,0.323304,-0.378046,-0.064623,0.13051,0.043603,0.02702,-0.005714,0.820933,-0.372975,0.432387,0.276898,0.922244,0.269801,-0.499395,-0.101761,0.860376,-0.000503,-0.000404,-0.011864,0.444222,-0.467123,-0.067953,-0.015147,0.07368,0.016689,-0.047229,0.757689,0.604426,-0.246121,-0.582017,0.796437,0.164144,0.295233,0.018876,0.955238,3.3e-05,0.000221,0.000294,0.233585,0.490955,0.225183,-0.939593
759,0.141646,-0.067543,0.317112,-0.811462,-0.529828,-0.246695,0.499112,-0.847841,0.178954,-0.302961,0.022739,0.952746,7.7e-05,0.000487,0.000642,-0.119753,0.095238,0.47675,-1.526669,-0.165305,-0.054023,0.303157,-0.839121,0.336571,0.427301,-0.235009,-0.932706,0.273429,0.491625,0.128607,0.861178,-0.016921,-0.002848,-0.024768,0.660039,-0.673333,-0.225367,0.120121,0.043492,0.026858,-0.006111,0.835033,-0.365561,0.411197,0.278583,0.925397,0.256963,-0.474457,-0.10002,0.874577,-0.00845,-0.001555,-0.012552,0.592923,-0.617703,-0.209977,-0.020536,0.073567,0.016716,-0.047205,0.76971,0.591628,-0.239835,-0.56851,0.806147,0.164076,0.290415,0.010058,0.956847,9.6e-05,0.000189,0.000456,-1.378293,0.98167,5.26733,-0.951023
760,0.141537,-0.067515,0.317112,-0.818955,-0.519995,-0.242827,0.488616,-0.853707,0.180028,-0.299895,0.029426,0.953533,-0.016139,0.001153,0.001152,-0.396987,0.32712,1.557773,-1.571199,-0.165506,-0.054232,0.302715,-0.848642,0.321079,0.420364,-0.222007,-0.937427,0.268097,0.481204,0.133801,0.866258,-0.016956,-0.004282,-0.02672,0.330697,-0.347019,-0.070131,0.114162,0.043404,0.026762,-0.006314,0.845515,-0.349715,0.403488,0.265311,0.930942,0.25091,-0.463371,-0.105098,0.879909,-5.7e-05,-0.007176,-0.009455,0.403292,-0.538744,-0.260284,-0.026414,0.073513,0.016731,-0.047204,0.775504,0.585669,-0.235762,-0.561901,0.810538,0.16521,0.287853,0.004354,0.957664,-3e-06,-2e-06,-2e-06,-0.004761,-0.015357,0.008558,-0.952819
761,0.141368,-0.067431,0.317047,-0.832194,-0.501295,-0.23707,0.468293,-0.864293,0.183498,-0.295847,0.042305,0.954313,6.6e-05,0.010254,-0.009281,-0.357336,0.291968,1.600923,-1.659225,-0.166074,-0.054693,0.301823,-0.872421,0.285691,0.396551,-0.190963,-0.946028,0.261722,0.451014,0.152256,0.879356,-0.016098,-0.016081,-0.019616,0.050208,-1.179321,0.389882,0.100169,0.04312,0.026531,-0.00676,0.868919,-0.315126,0.381672,0.2338,0.940998,0.244658,-0.436252,-0.123353,0.891328,-0.008037,-0.008379,-0.010253,0.544443,-0.563326,-0.237418,-0.042417,0.073422,0.016768,-0.047233,0.790141,0.568188,-0.229866,-0.542538,0.82285,0.169021,0.285182,-0.008839,0.958432,-1e-06,-6e-06,-1.2e-05,0.000712,-0.008906,-0.001456,-0.960494
762,0.141273,-0.067296,0.31695,-0.842251,-0.48767,-0.229862,0.452784,-0.871295,0.189216,-0.291503,0.05589,0.95495,8.8e-05,0.000553,0.000729,-0.059627,0.039192,-0.021725,-1.746196,-0.16678,-0.05508,0.300917,-0.886364,0.267029,0.378216,-0.179587,-0.951155,0.250971,0.427871,0.154202,0.890512,-0.016145,-0.014883,-0.018168,0.414561,-0.433905,-0.140603,0.097776,0.042761,0.026331,-0.007229,0.884154,-0.297973,0.359836,0.223103,0.946,0.235175,-0.410481,-0.127651,0.902889,-0.008513,-0.002073,-0.013405,0.627694,-0.586374,-0.19125,-0.054174,0.073375,0.016838,-0.047288,0.80451,0.550764,-0.222308,-0.522836,0.834302,0.174876,0.281788,-0.024459,0.959164,9.3e-05,0.005505,-0.004146,-0.181609,0.116983,-0.062044,-0.983355
763,0.141264,-0.067133,0.31684,-0.858839,-0.462365,-0.220588,0.426036,-0.883765,0.193452,-0.283322,0.072735,0.956277,0.000231,0.011282,-0.007927,-0.00998,0.218491,0.556459,-1.816804,-0.167818,-0.055311,0.30006,-0.901627,0.242756,0.357953,-0.161969,-0.956819,0.241239,0.40219,0.159236,0.901527,-0.033042,-0.002898,-0.023569,-1.526653,-1.76687,-5.130797,0.099073,0.042248,0.02621,-0.007657,0.898173,-0.27988,0.339046,0.21108,0.951012,0.225875,-0.385656,-0.131309,0.91325,-0.016499,-0.001244,-0.011494,0.640442,-0.60924,-0.186298,-0.054174,0.07337,0.016915,-0.04734,0.822426,0.527622,-0.212669,-0.497901,0.848452,0.179504,0.27515,-0.04174,0.960494,0.000103,0.00058,0.000786,-0.276647,0.487484,1.702896,-0.990866
764,0.141279,-0.067041,0.31679,-0.865403,-0.452737,-0.214831,0.415596,-0.887963,0.196911,-0.278832,0.081681,0.956874,0.000199,0.011078,-0.008197,0.047351,0.041105,0.082121,-1.853819,-0.168499,-0.055353,0.29959,-0.907835,0.232629,0.348871,-0.153425,-0.958486,0.240207,0.391407,0.16426,0.905363,-0.033061,-0.002006,-0.022443,-0.135991,-0.479533,-0.308472,0.094507,0.04192,0.02619,-0.007884,0.906088,-0.265276,0.329595,0.198179,0.954384,0.223326,-0.373804,-0.137034,0.917328,-0.016489,-0.001177,-0.01139,-3.139963,-3.625677,-3.896809,-0.056133,0.073378,0.016962,-0.047364,0.830082,0.518069,-0.206315,-0.487438,0.853805,0.182812,0.270862,-0.051183,0.961255,9.8e-05,0.000616,0.000806,-0.099701,0.207216,0.33194,-1.001153
765,0.141328,-0.066844,0.31676,-0.879164,-0.432154,-0.200895,0.394249,-0.896371,0.20263,-0.266547,0.099474,0.958689,0.00042,0.012469,-0.006367,0.096384,0.213345,-0.095876,-1.896234,-0.169952,-0.055323,0.298667,-0.915862,0.217672,0.337351,-0.140026,-0.960587,0.239998,0.377446,0.172304,0.909785,-0.033099,-0.000898,-0.021087,0.048272,-0.064885,0.10648,0.090416,0.041181,0.026203,-0.008355,0.91501,-0.249432,0.317079,0.183188,0.957145,0.224307,-0.35944,-0.147158,0.921491,-0.024526,-0.000996,-0.010426,0.020025,-0.005003,0.058779,-0.063808,0.073402,0.017059,-0.047381,0.845207,0.498642,-0.192302,-0.466754,0.863987,0.188852,0.260316,-0.069861,0.962992,0.00021,0.001329,0.001742,0.085548,0.143742,0.104675,-0.992989
766,0.141432,-0.066666,0.316859,-0.897102,-0.401304,-0.184954,0.362477,-0.907746,0.211137,-0.251504,0.122863,0.96004,0.016707,0.002544,0.003713,-2.172224,1.588205,-0.594828,-1.914491,-0.171462,-0.055191,0.297691,-0.919437,0.218044,0.327236,-0.141412,-0.959748,0.242525,0.3681,0.176447,0.912815,-0.050022,0.008894,-0.029542,0.064782,0.05215,-0.101866,0.090983,0.040445,0.026269,-0.008828,0.91822,-0.250424,0.306852,0.184899,0.95617,0.227046,-0.350261,-0.151742,0.924278,-0.016999,0.004792,-0.015093,0.056725,0.053794,-0.069015,-0.06642,0.073448,0.017151,-0.047336,0.865175,0.469022,-0.177452,-0.436153,0.878427,0.195281,0.24747,-0.091556,0.964559,0.000352,0.00224,0.002932,0.073858,0.30236,0.083086,-0.994459
767,0.141506,-0.066586,0.316967,-0.904929,-0.385495,-0.180396,0.346748,-0.913554,0.212501,-0.245592,0.13022,0.960601,0.016836,0.00339,0.004818,-0.971325,1.295125,5.213725,-1.914438,-0.172176,-0.055109,0.29721,-0.921542,0.216504,0.3223,-0.140863,-0.959866,0.242378,0.362998,0.177699,0.914614,-0.034049,0.009537,-0.030383,0.037693,-0.028598,-0.048728,0.092561,0.040069,0.026309,-0.009076,0.920269,-0.248977,0.30185,0.184367,0.956345,0.226739,-0.345126,-0.15301,0.925999,-0.016573,-0.000336,-0.010466,-0.128828,-0.067605,-0.137226,-0.065441,0.073491,0.017192,-0.047281,0.873622,0.455671,-0.170726,-0.422353,0.884311,0.199022,0.241663,-0.101763,0.965008,0.008524,0.001612,0.002519,-0.994353,1.265025,5.215053,-0.992662
768,0.141668,-0.066463,0.31725,-0.918862,-0.357924,-0.166216,0.319486,-0.921959,0.218841,-0.230428,0.14842,0.961718,0.000735,0.00465,0.006094,-0.650559,0.481962,-0.18853,-1.914016,-0.173643,-0.054953,0.296201,-0.92269,0.214567,0.320305,-0.139027,-0.95999,0.24295,0.360778,0.179376,0.915165,-0.033251,-0.0011,-0.021718,0.028781,0.048107,-0.090386,0.090114,0.039348,0.026388,-0.009573,0.921349,-0.247327,0.299905,0.182647,0.956457,0.227657,-0.343153,-0.154975,0.926406,-0.01661,-0.000552,-0.010829,0.032213,0.054291,-0.090159,-0.065114,0.073572,0.017253,-0.047139,0.890295,0.427632,-0.156535,-0.39428,0.895859,0.204889,0.227851,-0.120693,0.966186,0.000396,-0.002351,0.00822,-2.287713,1.527406,-0.854659,-0.995765
769,0.141902,-0.066355,0.317549,-0.932595,-0.326612,-0.15374,0.290135,-0.931612,0.218842,-0.213541,0.159885,0.963776,0.00079,0.005022,0.006566,0.042715,0.251527,0.057679,-1.914699,-0.174879,-0.0548,0.295264,-0.923873,0.213346,0.317699,-0.137923,-0.959909,0.243894,0.358157,0.18125,0.915824,-0.033232,0.000642,-0.019446,0.030569,0.034227,-0.065194,0.083965,0.03873,0.026465,-0.01005,0.922485,-0.246257,0.297283,0.181649,0.956424,0.228595,-0.340622,-0.156875,0.927019,-0.00902,0.005614,-0.014928,0.057434,0.121948,-0.216311,-0.070339,0.07369,0.017307,-0.04699,0.906127,0.397982,-0.143331,-0.366006,0.907521,0.206019,0.212068,-0.134219,0.967993,0.000355,0.002306,0.002999,0.001447,0.248885,0.590496,-0.999847
770,0.142207,-0.066211,0.317759,-0.944636,-0.296616,-0.140457,0.261269,-0.938705,0.224821,-0.197356,0.176039,0.964411,0.016866,0.013698,-0.00445,-0.168016,0.389106,1.698954,-1.914496,-0.175817,-0.054676,0.294481,-0.923673,0.210274,0.320318,-0.135102,-0.960899,0.241564,0.359749,0.179596,0.915527,-0.017206,0.001978,-0.019251,0.032614,0.018972,-0.035975,0.081117,0.038242,0.026527,-0.010447,0.922452,-0.243132,0.299947,0.1788,0.957514,0.226264,-0.342216,-0.155088,0.926733,-0.016604,0.000693,-0.009233,0.016851,0.144333,-0.26306,-0.075565,0.073836,0.017377,-0.046879,0.919785,0.370517,-0.129273,-0.339321,0.916406,0.212273,0.197118,-0.15138,0.968621,0.000438,0.00185,0.002621,-0.775353,1.341699,5.210307,-1.0005
771,0.142399,-0.066123,0.31781,-0.94903,-0.284934,-0.134905,0.249983,-0.940921,0.228357,-0.190819,0.183342,0.964365,0.0006,0.003853,0.005022,0.012956,0.035149,0.086329,-1.914566,-0.176149,-0.054652,0.294157,-0.923562,0.208688,0.321674,-0.133567,-0.961365,0.240563,0.360609,0.178957,0.915313,-0.017168,0.003038,-0.01781,0.032614,0.018955,-0.035984,0.080573,0.038076,0.026537,-0.010611,0.922432,-0.241546,0.301286,0.177279,0.958025,0.225296,-0.34306,-0.154408,0.926535,-0.008572,0.001547,-0.008851,0.032846,0.019187,-0.035061,-0.077198,0.073938,0.017425,-0.046857,0.925647,0.357608,-0.123664,-0.326624,0.920143,0.215994,0.19103,-0.159542,0.968531,0.008291,0.001089,0.001569,-0.01784,0.105902,0.017765,-0.998214
772,0.142783,-0.06598,0.317952,-0.958007,-0.25974,-0.121666,0.226516,-0.945401,0.234263,-0.174678,0.197184,0.964693,0.016613,0.002322,0.003344,-0.152614,0.219324,0.022268,-1.914358,-0.176561,-0.054664,0.293683,-0.922558,0.207812,0.325102,-0.131634,-0.961428,0.241375,0.363882,0.179636,0.913884,-0.000231,-0.00495,-0.006883,-0.049485,0.059124,0.003314,0.080596,0.037864,0.026534,-0.010853,0.921503,-0.240597,0.304866,0.175286,0.958149,0.22633,-0.346562,-0.155125,0.925111,-0.000498,0.003173,-0.007385,-0.002071,0.030671,0.050883,-0.078504,0.074118,0.017496,-0.046786,0.936251,0.333446,-0.110658,-0.303841,0.926624,0.221467,0.176386,-0.173727,0.968868,0.000244,0.001727,0.00219,-2.221708,1.537134,-0.561898,-0.999847
773,0.143177,-0.065879,0.318107,-0.965998,-0.233171,-0.111914,0.202144,-0.950642,0.23535,-0.160064,0.205009,0.965597,0.016609,0.00237,0.00339,-0.536605,1.436649,5.46727,-1.915111,-0.176673,-0.054704,0.293371,-0.920791,0.209601,0.32894,-0.131243,-0.960555,0.245033,0.368481,0.182199,0.911531,-0.000136,-0.002877,-0.004009,-0.079119,0.075171,0.047388,0.080287,0.037808,0.026512,-0.011011,0.919763,-0.242258,0.308779,0.17494,0.957337,0.23,-0.351326,-0.157528,0.922905,-6.5e-05,-0.001551,-0.002155,-0.080959,0.092951,0.030174,-0.078831,0.074321,0.017548,-0.046708,0.944273,0.313487,-0.100367,-0.285602,0.931884,0.223656,0.163644,-0.182527,0.969486,0.000202,0.00137,0.001767,0.107354,0.196857,0.087793,-0.999684
774,0.143641,-0.06579,0.31823,-0.972723,-0.206906,-0.1051,0.177418,-0.955018,0.237562,-0.148314,0.212687,0.965813,0.000386,0.002545,0.003302,0.010675,0.042051,0.05775,-1.914384,-0.176542,-0.054707,0.293122,-0.920733,0.208956,0.329513,-0.130656,-0.960766,0.244522,0.368836,0.181833,0.91146,-0.000124,-0.002648,-0.003695,-1.7e-05,1.6e-05,1e-05,0.079486,0.037874,0.026513,-0.011132,0.919755,-0.241717,0.309227,0.174556,0.95757,0.229322,-0.351538,-0.156943,0.922924,0.007959,-0.001245,-0.002513,0.002168,-0.002839,0.003476,-0.07981,0.07456,0.017593,-0.046645,0.95493,0.28192,-0.092893,-0.25553,0.940013,0.226008,0.151037,-0.192085,0.969685,0.008248,0.000918,0.001323,-0.013302,0.008646,0.219257,-0.997398
775,0.143913,-0.065765,0.318268,-0.975934,-0.193772,-0.100256,0.165061,-0.956346,0.2411,-0.141383,0.218985,0.965445,0.016408,0.001148,0.001781,0.003893,0.001697,0.047707,-1.914605,-0.176464,-0.054694,0.293007,-0.920679,0.208354,0.330044,-0.13006,-0.960937,0.244168,0.369181,0.181623,0.911362,-0.000106,-0.002283,-0.003188,-0.0,0.0,0.0,0.076776,0.037913,0.026519,-0.011189,0.919745,-0.241099,0.309741,0.173956,0.957764,0.228966,-0.351862,-0.156709,0.92284,0.00797,-0.001028,-0.002213,-0.011901,0.094824,-0.169753,-0.08128,0.074689,0.017606,-0.046626,0.959103,0.269072,-0.087869,-0.243316,0.942336,0.229779,0.14463,-0.199002,0.969267,0.008213,0.000704,0.001043,-0.011684,-0.036772,0.106016,-0.998704
776,0.144526,-0.065733,0.318318,-0.981606,-0.169577,-0.087974,0.143855,-0.959222,0.243248,-0.124413,0.226323,0.966088,0.016282,0.000358,0.00074,0.21119,0.467011,0.242545,-1.914644,-0.176264,-0.054567,0.292754,-0.919726,0.208669,0.332493,-0.129364,-0.960708,0.245436,0.371799,0.182469,0.910128,0.015981,-0.000988,-0.002938,-0.000119,-0.013137,0.030551,0.069268,0.038007,0.026582,-0.011316,0.918796,-0.241383,0.312325,0.17325,0.957552,0.230387,-0.354679,-0.157569,0.921615,-0.000439,0.004539,-0.005506,0.049234,-0.01938,0.017132,-0.088791,0.074996,0.017622,-0.0466,0.965961,0.246957,-0.07701,-0.223373,0.946428,0.23319,0.130473,-0.208051,0.969376,0.008151,0.000291,0.000498,0.188072,0.53671,0.273779,-1.003603
777,0.145305,-0.065741,0.318337,-0.985155,-0.152315,-0.079473,0.128834,-0.961091,0.24429,-0.112363,0.230608,0.966551,0.032275,-0.001157,-0.000984,0.063631,0.097737,0.117881,-1.915069,-0.176093,-0.054378,0.292431,-0.918768,0.209027,0.334908,-0.128796,-0.960512,0.246496,0.374362,0.183084,0.908953,-0.000894,0.008989,-0.011135,0.025473,0.000292,0.025051,0.069228,0.038098,0.026678,-0.011477,0.917858,-0.24172,0.314811,0.172704,0.957368,0.231559,-0.357363,-0.15817,0.920474,-0.000442,0.004487,-0.005583,0.050162,-0.018235,0.02079,-0.09222,0.075379,0.017619,-0.04659,0.971157,0.228968,-0.066528,-0.20797,0.949895,0.233338,0.116622,-0.212772,0.970116,0.008104,-3e-05,7.3e-05,0.060481,0.103387,0.103148,-1.006379
778,0.145778,-0.065764,0.318348,-0.986999,-0.142697,-0.074269,0.120674,-0.962162,0.24424,-0.105082,0.232274,0.966971,0.032314,-0.01096,0.008862,0.02801,0.110313,0.09931,-1.914532,-0.176009,-0.054284,0.292252,-0.918723,0.208565,0.335321,-0.128454,-0.9607,0.245943,0.374592,0.182627,0.90895,-0.000931,0.008182,-0.012267,0.022173,0.100605,-0.179983,0.068988,0.038141,0.026724,-0.01156,0.917898,-0.241328,0.314995,0.172523,0.957563,0.230885,-0.357347,-0.157585,0.920581,0.007988,-0.000709,-0.001778,0.006778,-0.018966,0.028037,-0.092547,0.075616,0.01761,-0.04659,0.973681,0.219539,-0.061207,-0.199898,0.951626,0.233342,0.109475,-0.214965,0.970466,0.008137,0.000212,0.000379,0.059241,0.089844,0.129459,-1.008175
779,0.146831,-0.065854,0.318363,-0.991047,-0.117401,-0.063945,0.098462,-0.964679,0.244277,-0.089132,0.235934,0.967687,0.032241,-0.001324,-0.001272,0.055205,0.081182,0.110215,-1.914685,-0.175854,-0.054104,0.29188,-0.917812,0.209522,0.337214,-0.128563,-0.960379,0.247139,0.376787,0.18322,0.907924,-0.000116,-0.002594,-0.003637,-0.001126,0.001081,0.000685,0.064948,0.038218,0.026815,-0.011751,0.916975,-0.242135,0.317059,0.17253,0.957273,0.23208,-0.359706,-0.158109,0.919571,-5.3e-05,-0.001334,-0.001871,0.009908,-0.007427,-0.001707,-0.095649,0.076142,0.017562,-0.046577,0.979575,0.194636,-0.050491,-0.177891,0.95591,0.233644,0.093741,-0.21989,0.97101,0.016122,-0.000617,-0.000599,0.044181,0.056542,0.125235,-1.009808
780,0.14796,-0.065966,0.318452,-0.994615,-0.090114,-0.051631,0.074929,-0.967026,0.243348,-0.070619,0.238274,0.968641,0.032372,-0.010578,0.00925,0.161336,0.390126,0.22845,-1.914784,-0.175696,-0.053935,0.291529,-0.91604,0.212077,0.340418,-0.129118,-0.959409,0.250593,0.380896,0.185342,0.905776,-0.000915,0.008583,-0.011716,-0.112819,0.133172,0.109496,0.063864,0.038297,0.026896,-0.011924,0.91537,-0.244184,0.32011,0.172892,0.956447,0.235195,-0.363599,-0.159946,0.917721,-5.1e-05,-0.00129,-0.001814,-0.221113,0.21669,0.091981,-0.098589,0.076694,0.017508,-0.046539,0.984815,0.169036,-0.039555,-0.155341,0.959765,0.233925,0.077505,-0.224228,0.971449,0.016224,0.000142,0.000355,0.241492,0.462152,0.352827,-1.007195
781,0.149077,-0.066074,0.318542,-0.997454,-0.058359,-0.041529,0.046476,-0.968715,0.243728,-0.053212,0.241244,0.969019,0.032397,-0.010403,0.009423,0.102815,0.255216,0.197878,-1.914083,-0.175536,-0.053788,0.291218,-0.916013,0.211864,0.340624,-0.12916,-0.959596,0.249855,0.380946,0.184619,0.905902,-9.8e-05,-0.002233,-0.003138,-3.2e-05,3.1e-05,1.9e-05,0.061734,0.038377,0.026973,-0.012083,0.915193,-0.244354,0.320487,0.173194,0.956512,0.234709,-0.363902,-0.159298,0.917713,-4.4e-05,-0.001138,-0.001602,0.002192,-0.002,-0.001113,-0.101365,0.077265,0.017454,-0.046494,0.990175,0.13696,-0.028168,-0.126667,0.963913,0.234149,0.059221,-0.228281,0.971792,0.008074,-0.000144,-0.000127,0.194794,0.369455,0.176449,-1.012747
782,0.149646,-0.06612,0.318556,-0.998888,-0.030525,-0.036557,0.02065,-0.969569,0.243887,-0.041646,0.242893,0.969173,0.016261,0.000459,0.000746,-0.018369,1.704412,5.589751,-1.914921,-0.175461,-0.053734,0.291072,-0.915121,0.213153,0.342214,-0.129402,-0.959086,0.25168,0.383008,0.185775,0.904796,-0.000922,0.008448,-0.011912,0.028947,0.009326,-0.003197,0.059594,0.038415,0.026998,-0.01215,0.914235,-0.245764,0.322139,0.173541,0.955937,0.236782,-0.366138,-0.16057,0.916601,0.00799,-0.000691,-0.001767,0.016942,-0.024855,0.029628,-0.103324,0.077544,0.017427,-0.046482,0.992978,0.115841,-0.023968,-0.107023,0.966045,0.235163,0.050396,-0.230947,0.971659,0.016091,-0.000736,-0.000826,0.227517,0.447174,0.322402,-1.0134
783,0.150782,-0.0662,0.318528,-0.999638,0.005591,-0.027178,-0.012209,-0.968707,0.24785,-0.023698,0.248079,0.968464,0.032204,-0.001444,-0.001613,0.060656,0.108734,0.161078,-1.914425,-0.175331,-0.053664,0.290834,-0.915068,0.21267,0.342656,-0.129048,-0.959287,0.251093,0.383255,0.18529,0.904791,0.015957,-0.001685,-0.003962,-0.010293,0.08203,-0.143797,0.056566,0.038473,0.027036,-0.012273,0.91428,-0.245177,0.322459,0.173196,0.956202,0.235963,-0.366189,-0.159888,0.9167,-5.1e-05,-0.001281,-0.001807,-0.001454,0.013505,-0.025784,-0.10757,0.078118,0.017389,-0.046494,0.997254,0.072972,-0.012585,-0.06787,0.968699,0.238778,0.029615,-0.237268,0.970992,0.016089,-0.00072,-0.000833,0.059998,0.12793,0.276926,-1.014217
784,0.151918,-0.066231,0.31846,-0.998976,0.040315,-0.021602,-0.044496,-0.967112,0.250371,-0.009555,0.25102,0.967949,0.032179,-0.001594,-0.001861,0.005997,-0.007554,0.10736,-1.91536,-0.175283,-0.053645,0.290605,-0.913371,0.21251,0.347252,-0.127978,-0.959483,0.250893,0.387646,0.18446,0.903088,-0.000914,0.008663,-0.011618,0.028858,-0.002172,0.022992,0.054895,0.038504,0.027041,-0.012386,0.912622,-0.244831,0.32738,0.171941,0.956431,0.235956,-0.370886,-0.159049,0.914957,-5.4e-05,-0.001326,-0.001871,0.011579,-0.01264,0.003114,-0.110835,0.078686,0.017373,-0.046528,0.999253,0.038035,-0.006722,-0.035283,0.969695,0.241752,0.015714,-0.241335,0.970314,0.008012,0.004717,-0.005145,0.031958,-0.098654,0.380317,-1.015197
785,0.152484,-0.066241,0.318399,-0.998308,0.054877,-0.020373,-0.058276,-0.966712,0.249088,-0.004784,0.249779,0.968305,0.032169,-0.00166,-0.001973,0.040687,0.053557,0.097447,-1.915065,-0.175277,-0.05366,0.290494,-0.913348,0.2123,0.347439,-0.127798,-0.959556,0.250704,0.387759,0.184321,0.903068,-0.000126,-0.002915,-0.004112,-0.001903,0.014213,-0.024996,0.054822,0.038507,0.027039,-0.012443,0.912682,-0.244614,0.327375,0.171854,0.956532,0.235609,-0.370779,-0.158776,0.915048,-4.5e-05,-0.001121,-0.001581,0.003499,-0.004007,-0.000878,-0.111489,0.078981,0.017367,-0.04656,0.999704,0.023658,-0.005522,-0.021634,0.970363,0.240679,0.011052,-0.240489,0.970588,0.016073,-0.00084,-0.001024,0.032475,0.03516,0.096726,-1.017483
786,0.153591,-0.066213,0.318203,-0.994999,0.098227,-0.019356,-0.099967,-0.962113,0.253609,0.007526,0.254148,0.967151,0.031952,0.007314,-0.012962,0.035914,-0.017311,0.095422,-1.914953,-0.175309,-0.0537,0.290314,-0.912451,0.213647,0.348968,-0.128043,-0.959009,0.252664,0.38979,0.185602,0.901931,-0.000934,0.00821,-0.012264,0.036225,-0.010039,0.018518,0.055013,0.038491,0.027014,-0.01253,0.911765,-0.245892,0.328969,0.172092,0.955995,0.237604,-0.372918,-0.160026,0.91396,-6.5e-05,-0.001552,-0.002193,0.003657,0.009751,-0.02657,-0.112795,0.079517,0.017381,-0.04665,0.999795,-0.019715,-0.004276,0.020161,0.969068,0.245964,-0.000705,-0.246,0.969268,0.016019,0.004103,-0.005927,0.03045,0.081238,0.558816,-1.017973
787,0.154572,-0.066084,0.317847,-0.99141,0.129667,-0.018399,-0.130057,-0.957417,0.2577,0.017032,0.257712,0.966086,0.031904,0.006992,-0.013428,0.037662,-0.041042,0.078231,-1.91471,-0.17534,-0.053762,0.29014,-0.911661,0.212392,0.351787,-0.126993,-0.959682,0.250632,0.39198,0.183559,0.901399,-0.016159,-0.002688,-0.002205,1.36168,2.140404,-1.153324,0.055337,0.038481,0.026987,-0.012621,0.911766,-0.245359,0.329366,0.171602,0.95617,0.237255,-0.373142,-0.159802,0.913908,-6e-05,-0.001477,-0.002089,-0.001862,0.013916,-0.025542,-0.112958,0.080013,0.017444,-0.04683,0.998674,-0.051363,-0.003088,0.050498,0.966793,0.250519,-0.009882,-0.250343,0.968106,0.00787,0.003612,-0.006606,0.04115,-0.030407,0.044483,-1.014543
788,0.154987,-0.065956,0.317574,-0.989108,0.146201,-0.018355,-0.145896,-0.953654,0.263116,0.022194,0.26274,0.964625,0.015655,0.006416,-0.014223,0.009081,-0.005527,0.056152,-1.915147,-0.175343,-0.053791,0.290062,-0.911636,0.21216,0.351993,-0.126759,-0.959746,0.250507,0.392115,0.183495,0.901353,-0.0001,-0.002298,-0.003251,-0.0,0.0,0.0,0.055415,0.038473,0.026972,-0.01266,0.911107,-0.244303,0.331961,0.170785,0.956778,0.235387,-0.375119,-0.157769,0.913451,-5.5e-05,-0.001322,-0.00187,-0.002761,0.012721,-0.024808,-0.112958,0.080227,0.01751,-0.046964,0.997683,-0.067957,-0.003152,0.066492,0.964294,0.256348,-0.014382,-0.255964,0.966579,0.015902,0.003137,-0.007212,-0.020761,0.035927,0.195436,-1.01634
789,0.155728,-0.065479,0.316769,-0.982647,0.184719,-0.018123,-0.182634,-0.944473,0.273108,0.034553,0.271443,0.961848,0.031603,0.004535,-0.016679,-0.703,0.324958,-0.075115,-1.91473,-0.175348,-0.053833,0.28995,-0.911617,0.211986,0.352147,-0.126599,-0.959801,0.250377,0.392212,0.183409,0.901329,-5.5e-05,-0.001261,-0.001785,-0.0,0.0,0.0,0.055823,0.038471,0.026949,-0.012719,0.911106,-0.244118,0.332101,0.170614,0.956837,0.23527,-0.375201,-0.157695,0.91343,-2.9e-05,-0.000724,-0.001022,-0.000113,-8.3e-05,-0.000245,-0.112468,0.080591,0.017749,-0.047366,0.994271,-0.106836,-0.003176,0.103822,0.958305,0.266214,-0.025398,-0.265018,0.963908,0.007717,0.007889,-0.012383,-2.330631,1.24424,-0.332294,-1.022545
790,0.156306,-0.064732,0.315671,-0.968436,0.248832,-0.016112,-0.242842,-0.926251,0.288199,0.057993,0.282699,0.957468,0.015403,0.026394,-0.033559,-0.223399,1.750868,5.28554,-1.913835,-0.175375,-0.053905,0.28985,-0.911552,0.21139,0.352673,-0.125945,-0.959939,0.250177,0.392573,0.183375,0.901178,-7e-05,-0.001607,-0.002277,-0.0,0.0,0.0,0.055182,0.038463,0.026916,-0.012766,0.91108,-0.243525,0.332605,0.169974,0.956995,0.23509,-0.375553,-0.157652,0.913293,-4.4e-05,-0.001086,-0.001536,-0.001887,0.014067,-0.025232,-0.112632,0.080886,0.018112,-0.047912,0.986147,-0.165866,-0.00059,0.159254,0.94583,0.282915,-0.046367,-0.27909,0.959144,0.007655,0.012831,-0.017267,-0.684784,0.524916,0.367308,-1.025484
791,0.156813,-0.063762,0.314437,-0.949294,0.314192,-0.013045,-0.302958,-0.902473,0.306155,0.085598,0.294186,0.951921,0.01545,0.027033,-0.032768,0.029488,0.454847,1.451517,-1.909629,-0.175414,-0.053977,0.289752,-0.911485,0.210774,0.353215,-0.12527,-0.960081,0.249969,0.392946,0.18334,0.901023,-8e-05,-0.001825,-0.002589,-0.0,0.0,0.0,0.055335,0.038438,0.026879,-0.012815,0.911052,-0.242877,0.333157,0.169274,0.957168,0.234892,-0.375937,-0.157605,0.913143,-0.008083,-0.001305,-0.001053,-0.003893,0.02929,-0.054435,-0.112795,0.081139,0.018596,-0.048531,0.971536,-0.236871,0.002932,0.224933,0.926312,0.30224,-0.074307,-0.292978,0.953227,0.00796,0.008103,-0.012133,-0.035808,1.617399,5.269947,-1.017319
792,0.157041,-0.06326,0.313798,-0.941779,0.336011,-0.013919,-0.323112,-0.892424,0.314882,0.094552,0.300623,0.949059,0.015383,0.026543,-0.033425,-2.427356,1.207191,-0.237823,-1.908483,-0.175452,-0.054,0.289704,-0.911445,0.21041,0.353534,-0.124882,-0.96017,0.249823,0.393161,0.183294,0.900939,-8.8e-05,-0.00199,-0.002825,-0.001787,0.014114,-0.02506,0.055695,0.038419,0.026868,-0.012838,0.911036,-0.242522,0.333458,0.168902,0.957267,0.23476,-0.376143,-0.157553,0.913067,-2.2e-05,-0.000554,-0.000783,-5.5e-05,-1.6e-05,-0.000109,-0.112632,0.081253,0.018848,-0.048848,0.965288,-0.26118,0.001251,0.248069,0.918307,0.3085,-0.081723,-0.297481,0.951223,0.007662,0.012895,-0.017209,-0.102576,0.073374,1.483325,-1.020748
793,0.1575,-0.062393,0.312683,-0.933082,0.359182,-0.019813,-0.346104,-0.881198,0.321983,0.09935,0.306842,0.946575,0.015591,0.01746,-0.022624,-0.085066,-0.149665,0.101011,-1.908261,-0.175527,-0.054058,0.289629,-0.91012,0.215179,0.35408,-0.129883,-0.959562,0.249612,0.394614,0.180926,0.900782,-8.9e-05,-0.002004,-0.002846,-0.001749,0.014141,-0.024962,0.056403,0.038381,0.026839,-0.012876,0.909534,-0.247219,0.33411,0.17386,0.95646,0.234424,-0.377518,-0.155129,0.912915,-4e-05,-0.000979,-0.00139,-0.001876,0.014057,-0.025142,-0.112305,0.081482,0.019283,-0.049414,0.958641,-0.284595,-0.00352,0.270838,0.908357,0.318643,-0.087486,-0.306418,0.947867,-0.000257,0.008795,-0.011219,-0.264892,0.146389,0.164587,-1.030872
794,0.157892,-0.061759,0.31184,-0.915674,0.401216,-0.024731,-0.386499,-0.86169,0.328755,0.111728,0.310087,0.944134,-0.000449,0.01833,-0.021473,-0.208217,1.502042,5.114396,-1.907334,-0.175674,-0.054137,0.28955,-0.908732,0.219557,0.354955,-0.134456,-0.959013,0.249296,0.396282,0.178551,0.900524,-0.01615,-0.001953,-0.001182,-0.002045,0.015205,-0.029245,0.056383,0.038314,0.026799,-0.012918,0.907996,-0.251551,0.335058,0.178423,0.955723,0.234006,-0.379087,-0.152695,0.912675,-3.7e-05,-0.00086,-0.001222,-0.0001,-5.1e-05,-0.000244,-0.111815,0.081684,0.0196,-0.049834,0.946426,-0.322827,-0.007637,0.307581,0.894023,0.325754,-0.098334,-0.310652,0.945423,0.007825,0.003465,-0.006851,-0.168366,-0.404783,-0.128858,-1.032179
795,0.158066,-0.061519,0.311523,-0.904005,0.4268,-0.025726,-0.410556,-0.849506,0.331293,0.120664,0.309517,0.943221,-0.000336,0.008145,-0.012072,-0.025105,0.069337,0.425765,-1.9064,-0.17576,-0.054175,0.289504,-0.908686,0.219088,0.355361,-0.133946,-0.959126,0.249137,0.396559,0.178522,0.900407,-8.7e-05,-0.001918,-0.002728,-0.001787,0.014113,-0.025061,0.056894,0.038265,0.026781,-0.012938,0.907981,-0.251069,0.335461,0.177906,0.955855,0.233858,-0.379367,-0.152658,0.912565,-0.008065,-0.000762,-0.000286,-0.002143,0.015146,-0.02944,-0.111652,0.081772,0.019724,-0.049996,0.935315,-0.353695,-0.00914,0.336818,0.882181,0.329102,-0.108338,-0.310894,0.944249,0.007923,0.00426,-0.005815,-0.042946,0.44289,1.605854,-1.033975
796,0.15838,-0.061061,0.310961,-0.879384,0.475145,-0.031093,-0.457045,-0.823837,0.335224,0.134756,0.308405,0.941676,-0.000282,0.008665,-0.011397,0.020032,-0.027602,0.046292,-1.90592,-0.175992,-0.054233,0.289444,-0.908628,0.218455,0.3559,-0.133258,-0.959278,0.248923,0.396926,0.178486,0.900253,-7.5e-05,-0.001628,-0.002317,-0.001786,0.014113,-0.025061,0.056724,0.038149,0.026751,-0.012969,0.907962,-0.250404,0.336007,0.177195,0.956037,0.233654,-0.379744,-0.15261,0.912416,-3.4e-05,-0.000769,-0.001091,-0.001843,0.014065,-0.02519,-0.110835,0.081929,0.019957,-0.05028,0.914579,-0.404144,-0.014545,0.385427,0.860204,0.333905,-0.122434,-0.310989,0.942493,-0.000153,0.004315,-0.005719,0.048597,0.011755,0.034506,-1.043119
797,0.158729,-0.060491,0.31029,-0.852002,0.521994,-0.040744,-0.502407,-0.793044,0.344442,0.148542,0.313281,0.937986,0.01558,0.017763,-0.022292,-0.364275,1.421257,5.003565,-1.904589,-0.176258,-0.05428,0.289422,-0.909466,0.216212,0.355129,-0.132102,-0.960057,0.246524,0.395387,0.17703,0.901218,-0.016134,-0.001417,-0.000438,0.16924,-0.152898,-0.136323,0.056745,0.038022,0.026728,-0.012981,0.908588,-0.24873,0.335558,0.176258,0.956647,0.231856,-0.37868,-0.151517,0.91304,-2.6e-05,-0.000557,-0.000787,0.282615,-0.2615,-0.144721,-0.110999,0.082098,0.020237,-0.050605,0.8931,-0.449262,-0.023101,0.429118,0.835393,0.343475,-0.135012,-0.316671,0.938877,-0.000197,0.009537,-0.010259,-0.226968,-0.658215,-0.198683,-1.044099
798,0.158949,-0.060157,0.309857,-0.839115,0.542106,-0.045299,-0.521815,-0.77846,0.348827,0.154878,0.315665,0.93616,0.015468,0.016779,-0.023592,-0.13394,-0.248918,0.314172,-1.904512,-0.176415,-0.0543,0.289409,-0.909439,0.215916,0.355375,-0.131782,-0.960126,0.246424,0.395553,0.177014,0.901147,-5.1e-05,-0.001079,-0.001536,0.002127,-0.00209,-0.001331,0.056949,0.037943,0.026719,-0.012986,0.908918,-0.247868,0.335302,0.175731,0.95694,0.231045,-0.378133,-0.151078,0.91334,-5e-06,-0.000119,-0.000165,-0.013371,0.009539,0.001177,-0.110672,0.082207,0.020406,-0.050819,0.879605,-0.474879,-0.02799,0.45384,0.820091,0.348538,-0.142559,-0.319279,0.936875,0.007759,0.008601,-0.011518,-0.246717,0.024806,1.422401,-1.045732
799,0.159439,-0.059378,0.308757,-0.821682,0.567299,-0.055278,-0.546077,-0.755603,0.361712,0.16445,0.326688,0.93073,0.015143,0.025246,-0.035298,-0.437784,1.441212,4.945774,-1.905119,-0.176778,-0.054358,0.289399,-0.910295,0.213843,0.354438,-0.130798,-0.960852,0.244109,0.393906,0.175593,0.902147,-4.1e-05,-0.000849,-0.001209,0.004791,-0.004713,-0.003001,0.056869,0.037756,0.026689,-0.012992,0.909848,-0.245774,0.33432,0.174667,0.9577,0.228694,-0.376385,-0.149682,0.914291,-0.008073,-0.000765,-0.000301,-0.017085,0.025523,-0.028794,-0.111652,0.082453,0.020794,-0.051363,0.866933,-0.496988,-0.037797,0.475474,0.801889,0.361797,-0.1495,-0.331625,0.93149,0.00758,0.012632,-0.017637,-0.224304,-0.64157,-0.405921,-1.045405
800,0.160123,-0.058545,0.307384,-0.817327,0.573239,-0.058468,-0.549671,-0.745111,0.377682,0.17395,0.34011,0.924172,0.030966,0.022913,-0.038515,-0.682311,0.235244,-0.415514,-1.904926,-0.177275,-0.054455,0.289346,-0.911116,0.211446,0.353765,-0.129457,-0.961645,0.241688,0.392444,0.174152,0.903063,-0.01621,-0.002718,-0.00232,-0.003693,0.029182,-0.054393,0.056096,0.037514,0.026643,-0.013016,0.910706,-0.243476,0.333665,0.173281,0.958484,0.226453,-0.374949,-0.148415,0.915087,-0.008086,-0.000986,-0.00062,-0.006837,0.019108,-0.027877,-0.111815,0.082788,0.02121,-0.05205,0.860754,-0.507232,-0.042616,0.483853,0.789326,0.377953,-0.158072,-0.345945,0.924842,0.007464,0.011545,-0.019103,-2.23503,1.150669,-0.809763,-1.045079
801,0.161027,-0.057717,0.305845,-0.818953,0.570855,-0.059033,-0.544917,-0.741091,0.3922,0.181156,0.352647,0.918068,0.030794,0.021402,-0.040621,-0.628088,0.34441,-0.3749,-1.905448,-0.177908,-0.054574,0.289237,-0.909724,0.215406,0.354955,-0.133606,-0.961198,0.241209,0.394282,0.171748,0.902722,-0.01625,-0.003272,-0.003131,-0.000614,0.016177,-0.025608,0.055513,0.037203,0.026584,-0.013069,0.90917,-0.247414,0.334955,0.177425,0.95785,0.225926,-0.376734,-0.145976,0.914746,-0.008122,-0.001649,-0.001575,0.014018,0.026269,0.011843,-0.111489,0.083228,0.021616,-0.052803,0.862331,-0.504405,-0.044266,0.479596,0.785611,0.390899,-0.162395,-0.358314,0.919368,0.015425,0.01078,-0.020208,0.064437,-0.088235,-0.186361,-1.042793
802,0.161568,-0.057337,0.305072,-0.819364,0.56994,-0.062104,-0.544407,-0.739407,0.396067,0.18083,0.35762,0.916207,0.03072,0.020725,-0.041583,-0.036184,-0.360399,-0.067388,-1.904975,-0.178274,-0.05465,0.289164,-0.910563,0.213133,0.354175,-0.132414,-0.961968,0.238783,0.392741,0.170271,0.903673,-0.016299,-0.004047,-0.00425,0.006919,0.018653,-0.061088,0.055101,0.037021,0.026547,-0.013105,0.910155,-0.245127,0.333961,0.17627,0.958684,0.223279,-0.374895,-0.144351,0.91576,-0.008148,-0.002047,-0.002146,-0.014582,0.03431,-0.058941,-0.112305,0.08351,0.021814,-0.053205,0.862549,-0.503976,-0.044901,0.478425,0.783489,0.39655,-0.164672,-0.363526,0.916913,0.015347,0.010004,-0.021276,-0.081647,-0.343214,-0.287269,-1.040833
803,0.162945,-0.05669,0.303471,-0.824534,0.562433,-0.062117,-0.53568,-0.740376,0.406034,0.1834,0.367359,0.911833,0.030588,0.019406,-0.0435,-0.024748,-0.334106,-0.055625,-1.905025,-0.179101,-0.054801,0.289044,-0.912068,0.210914,0.351623,-0.130947,-0.96238,0.237931,0.389723,0.17071,0.904896,-0.032375,-0.003517,-0.002011,-1.355829,-2.132889,1.00902,0.053669,0.036606,0.026467,-0.013171,0.910999,-0.242273,0.333741,0.174331,0.959622,0.220755,-0.373748,-0.142927,0.916451,-0.00814,-0.00175,-0.001732,0.046995,-0.024705,-0.093293,-0.114428,0.084199,0.022138,-0.054005,0.867133,-0.496062,-0.044748,0.469434,0.783935,0.406296,-0.166469,-0.373319,0.912644,0.023345,0.003629,-0.018433,-0.113993,-0.328295,-0.255643,-1.042629
804,0.164668,-0.056214,0.301872,-0.820093,0.569273,-0.05849,-0.538413,-0.732796,0.416045,0.194999,0.371975,0.907544,0.046521,0.017749,-0.046113,-0.42842,2.345662,5.021291,-1.90502,-0.180097,-0.05492,0.288986,-0.911955,0.209504,0.352759,-0.129422,-0.962696,0.237489,0.390499,0.170672,0.904569,-0.032319,-0.00222,-0.00021,-0.004077,0.030399,-0.058498,0.050839,0.036109,0.026406,-0.013203,0.911582,-0.2416,0.332635,0.173184,0.959478,0.222279,-0.372859,-0.145019,0.916485,-0.008106,-0.001012,-0.000686,-0.003272,0.016625,-0.0286,-0.116551,0.085037,0.022374,-0.054789,0.866566,-0.497279,-0.04215,0.467738,0.779823,0.416047,-0.174022,-0.380247,0.908365,0.023362,0.003649,-0.018534,-2.128395,1.390699,-0.75593,-1.044752
805,0.165569,-0.056055,0.30117,-0.820999,0.568033,-0.057817,-0.536169,-0.732084,0.420175,0.197365,0.375253,0.905681,0.046758,0.00788,-0.036362,-0.605507,0.344303,-0.16133,-1.904786,-0.180642,-0.05494,0.288989,-0.912615,0.209466,0.351069,-0.129077,-0.962371,0.238988,0.389064,0.172535,0.904834,-0.032253,-0.001046,0.001442,-0.004089,0.03041,-0.058491,0.050167,0.035824,0.026394,-0.013202,0.9122,-0.241591,0.330943,0.172837,0.959185,0.223809,-0.371506,-0.14696,0.916725,-0.016121,-0.00043,0.000873,-0.002253,0.033399,-0.05945,-0.117694,0.085522,0.02246,-0.055175,0.864352,-0.501199,-0.041158,0.470005,0.776017,0.420584,-0.178857,-0.382877,0.906318,0.023395,0.003867,-0.018306,-0.652614,0.414687,-0.189391,-1.047038
806,0.167622,-0.055824,0.299725,-0.809915,0.584114,-0.053793,-0.547626,-0.719974,0.426281,0.211272,0.373979,0.903068,0.062826,0.007009,-0.038081,-0.224093,2.301163,5.096061,-1.90486,-0.181694,-0.054919,0.289062,-0.913926,0.20939,0.347688,-0.128412,-0.961715,0.241968,0.386189,0.17624,0.905351,-0.016033,0.000942,0.00279,-0.002045,0.015205,-0.029245,0.047998,0.035304,0.026404,-0.013168,0.913423,-0.241641,0.327516,0.17226,0.958581,0.226819,-0.36876,-0.150764,0.917216,-0.016065,0.000468,0.00213,-0.000493,0.0189,-0.034468,-0.119653,0.086508,0.022576,-0.055871,0.857562,-0.513073,-0.036621,0.477623,0.767833,0.426975,-0.19095,-0.383649,0.903521,0.03144,0.003635,-0.018886,0.078259,-0.05454,0.110969,-1.053406
807,0.169769,-0.055647,0.298437,-0.801556,0.595544,-0.053661,-0.557248,-0.711331,0.428316,0.217904,0.372477,0.902111,0.063007,0.008542,-0.036329,0.073474,-0.052969,0.109202,-1.904625,-0.182733,-0.05487,0.28917,-0.914523,0.208669,0.346548,-0.127364,-0.961543,0.243203,0.385118,0.178025,0.905458,-0.032161,0.000324,0.003288,-0.004089,0.030411,-0.058491,0.046556,0.034791,0.026432,-0.013109,0.914012,-0.240981,0.326357,0.171264,0.958462,0.228073,-0.367763,-0.152568,0.917318,-0.008019,0.000437,0.001349,-0.001696,0.015702,-0.029346,-0.122429,0.087598,0.02266,-0.056529,0.846957,-0.5304,-0.03657,0.492617,0.757029,0.429224,-0.199976,-0.38155,0.902456,0.023496,0.00456,-0.017637,0.07641,-0.048847,0.117472,-1.057489
