frame,MLTx,MLTy,MLTz,MLTR1,MLTR2,MLTR3,MLTR4,MLTR5,MLTR6,MLTR7,MLTR8,MLTR9,MLTTVx,MLTTVy,MLTTVz,MLTRVx,MLTRVy,MLTRVz,MLGA,MRTx,MRTy,MRTz,MRTR1,MRTR2,MRTR3,MRTR4,MRTR5,MRTR6,MRTR7,MRTR8,MRTR9,MRTTVx,MRTTVy,MRTTVz,MRTRVx,MRTRVy,MRTRVz,MRGA,SLTx,SLTy,SLTz,SLTR1,SLTR2,SLTR3,SLTR4,SLTR5,SLTR6,SLTR7,SLTR8,SLTR9,SLTTVx,SLTTVy,SLTTVz,SLTRVx,SLTRVy,SLTRVz,SLGA,SRTx,SRTy,SRTz,SRTR1,SRTR2,SRTR3,SRTR4,SRTR5,SRTR6,SRTR7,SRTR8,SRTR9,SRTTVx,SRTTVy,SRTTVz,SRTRVx,SRTRVy,SRTRVz,SRGA
373,0.064145,-0.016947,0.377631,-0.179691,0.786755,-0.59057,-0.898414,-0.375727,-0.227273,-0.400486,0.488758,0.775083,0.015661,0.001489,0.00196,0.053391,0.090086,0.106371,-0.839312,-0.066851,0.037538,0.357741,0.064986,0.896895,0.437434,-0.870901,0.265043,-0.413786,-0.487112,-0.3552,0.797758,-0.015951,0.017848,-0.033906,-0.125824,0.820209,0.493307,-1.0101,0.058503,0.037599,-0.00531,-0.048068,-0.903042,0.426853,0.85086,-0.260861,-0.456056,0.523187,0.341271,0.780902,-0.009084,0.014036,-0.021328,-0.105731,0.773901,0.71639,-0.815271,0.070133,0.017067,-0.055264,-0.264768,0.813184,-0.518293,-0.859518,-0.442678,-0.255466,-0.437178,0.377843,0.816154,0.007859,0.000826,0.001044,0.054491,0.092105,0.106878,-0.83427
374,0.06445,-0.016799,0.377833,-0.178649,0.78856,-0.588475,-0.898381,-0.374576,-0.229294,-0.401027,0.48673,0.776079,0.002908,0.00759,0.006339,0.023851,0.039936,0.04869,-0.85815,-0.067777,0.038579,0.355973,0.077981,0.873048,0.481351,-0.856485,0.305842,-0.415726,-0.510233,-0.38095,0.770975,-0.032413,0.033624,-0.053114,0.137745,1.094178,0.350163,-1.058027,0.058034,0.038126,-0.006206,-0.059063,-0.878999,0.47315,0.836368,-0.302331,-0.457255,0.544975,0.368721,0.753024,-0.016139,0.016676,-0.026642,0.140512,1.116281,0.358826,-0.823599,0.070285,0.01714,-0.055164,-0.263912,0.815019,-0.515841,-0.859601,-0.441332,-0.25751,-0.437534,0.375458,0.817064,0.001509,0.003944,0.00329,0.013585,0.012984,0.033553,-0.843415
375,0.064893,-0.016565,0.378137,-0.176902,0.792098,-0.584237,-0.898229,-0.372532,-0.233187,-0.402141,0.48254,0.778116,0.004061,0.010643,0.008855,0.063607,0.116969,0.113443,-0.883929,-0.069031,0.039584,0.35403,0.085995,0.843977,0.529433,-0.84577,0.342761,-0.408805,-0.526568,-0.413685,0.742599,-0.044301,0.028866,-0.054888,-0.040792,1.137198,0.354308,-1.089348,0.057435,0.03861,-0.00714,-0.06513,-0.85142,0.520423,0.825924,-0.338677,-0.450717,0.560005,0.400475,0.725267,-0.014619,0.01048,-0.023038,0.624008,0.93149,1.486349,-0.848256,0.070498,0.017253,-0.055022,-0.262505,0.818103,-0.511661,-0.85971,-0.439076,-0.260977,-0.438165,0.371373,0.818592,0.00188,0.004934,0.0041,0.095411,0.206301,0.122842,-0.86056
376,0.06514,-0.016436,0.378292,-0.177632,0.794138,-0.581237,-0.898845,-0.371328,-0.232735,-0.400441,0.480112,0.780492,0.017857,0.007396,0.006822,0.061108,0.277117,0.14027,-0.890145,-0.06967,0.039995,0.353107,0.089027,0.831855,0.547799,-0.839539,0.358668,-0.408002,-0.535957,-0.424622,0.729595,-0.029057,0.020287,-0.046557,0.806052,0.402953,1.130227,-1.111248,0.057098,0.038827,-0.007622,-0.06599,-0.83868,0.540611,0.820295,-0.354073,-0.449162,0.568119,0.413821,0.71133,-0.021848,0.013774,-0.027887,2.925152,-1.052482,4.045133,-0.858706,0.070624,0.01732,-0.054936,-0.263338,0.81942,-0.509118,-0.860499,-0.438096,-0.260023,-0.436111,0.369622,0.820478,0.002158,0.005679,0.004708,-0.025543,0.528561,0.134497,-0.864806
377,0.065714,-0.016171,0.378678,-0.18,0.796683,-0.57701,-0.896628,-0.374066,-0.236862,-0.404328,0.473736,0.78238,0.003485,0.001775,0.019257,0.080877,0.271311,0.125197,-0.904623,-0.071055,0.040743,0.351234,0.094286,0.810172,0.578553,-0.825271,0.388692,-0.40961,-0.55682,-0.439861,0.704512,-0.029158,0.02065,-0.046261,-0.074444,1.067155,-0.079639,-1.192051,0.056406,0.039198,-0.008561,-0.071304,-0.818104,0.570631,0.805171,-0.38488,-0.451183,0.58874,0.427285,0.686157,-0.020791,0.00875,-0.023465,-0.081324,1.070073,-0.090211,-0.900345,0.070917,0.017456,-0.054746,-0.265881,0.821322,-0.504714,-0.858056,-0.440256,-0.26441,-0.439369,0.362772,0.821796,0.009185,0.004444,0.003995,0.178932,0.37986,0.274833,-0.875093
378,0.06636,-0.015919,0.379121,-0.182459,0.797606,-0.57496,-0.894685,-0.377129,-0.239339,-0.407513,0.469745,0.783134,0.018733,0.009951,0.008826,0.072938,0.123829,0.151916,-0.920564,-0.072316,0.041293,0.349641,0.104086,0.796386,0.595758,-0.811411,0.414439,-0.412051,-0.575155,-0.441517,0.688565,-0.024839,0.000496,-0.02874,0.245841,0.461313,0.195864,-1.250449,0.055775,0.039479,-0.009365,-0.079698,-0.804254,0.588917,0.791439,-0.410236,-0.453133,0.606029,0.429978,0.669212,-0.013729,0.006078,-0.018141,0.969724,0.090717,1.140453,-0.890221,0.071234,0.017578,-0.054521,-0.268494,0.822095,-0.502066,-0.8558,-0.442821,-0.267422,-0.442171,0.357867,0.822444,0.001939,0.001447,0.010054,0.0635,0.237832,0.113467,-0.880482
379,0.066685,-0.015804,0.379372,-0.181395,0.797802,-0.575024,-0.894967,-0.37621,-0.239732,-0.407371,0.470148,0.782967,0.018742,0.010044,0.00887,0.004339,-0.03606,0.083059,-0.927863,-0.072884,0.041452,0.348991,0.105187,0.792455,0.600784,-0.806732,0.421301,-0.414274,-0.581505,-0.442093,0.68284,-0.025263,0.001762,-0.02782,0.014888,0.332538,-0.084421,-1.255185,0.055492,0.039557,-0.009691,-0.080691,-0.799916,0.594662,0.786474,-0.417611,-0.455036,0.612329,0.430969,0.662811,-0.012516,0.000594,-0.014099,0.014952,0.345124,-0.105433,-0.88467,0.071396,0.017637,-0.054395,-0.267523,0.822609,-0.501741,-0.856131,-0.441859,-0.267951,-0.442118,0.357873,0.822469,0.008792,-0.000222,0.00899,-0.037809,-0.02233,0.032525,-0.883584
380,0.06731,-0.015593,0.379976,-0.189092,0.79599,-0.575057,-0.891069,-0.385099,-0.240139,-0.412374,0.466015,0.782818,0.018493,0.002087,0.019998,-0.031687,0.064371,-0.125567,-0.947543,-0.073979,0.041454,0.348018,0.103013,0.785557,0.610148,-0.805525,0.425797,-0.412019,-0.583561,-0.450034,0.675861,-0.023602,-0.006941,-0.018098,-0.052128,0.495716,0.192046,-1.259506,0.054944,0.039561,-0.010182,-0.078157,-0.794641,0.602026,0.78526,-0.421114,-0.453903,0.614212,0.437271,0.656913,-0.013253,0.002807,-0.012482,-0.022556,0.507038,0.251649,-0.890058,0.071708,0.017743,-0.054099,-0.274845,0.819992,-0.502068,-0.851398,-0.450183,-0.269174,-0.446743,0.353479,0.821871,0.009657,0.005873,0.005088,0.027669,-0.027695,0.046536,-0.890769
381,0.067881,-0.015418,0.380795,-0.192561,0.795256,-0.57492,-0.88953,-0.388772,-0.239925,-0.414083,0.464218,0.782983,0.019188,0.004091,0.021538,-0.00555,-0.009798,0.031054,-0.957099,-0.074928,0.041168,0.347498,0.097841,0.785722,0.610786,-0.802706,0.425149,-0.418145,-0.588311,-0.450358,0.671514,-0.02279,-0.013065,-0.006464,-0.004105,0.030505,-0.058432,-1.2602,0.05447,0.039416,-0.010449,-0.072673,-0.793657,0.604009,0.782252,-0.421047,-0.45913,0.618708,0.439121,0.651438,-0.012459,-0.001448,-0.007546,0.025423,0.034619,-0.060866,-0.880914,0.071986,0.017828,-0.053698,-0.278295,0.818887,-0.501969,-0.849512,-0.453718,-0.269197,-0.448195,0.351513,0.821923,0.002782,0.003811,0.011899,0.258685,0.113605,-0.355418,-0.891096
382,0.068385,-0.015319,0.381812,-0.191578,0.797313,-0.572394,-0.890243,-0.386648,-0.240711,-0.413007,0.462462,0.784589,0.01853,-0.004978,0.031727,-0.052461,0.029266,0.063815,-0.952299,-0.075783,0.040706,0.347289,0.093962,0.785458,0.611735,-0.795334,0.428869,-0.428311,-0.59886,-0.447276,0.66421,-0.023282,-0.011638,-0.00542,-0.006418,0.045495,-0.082943,-1.260143,0.054033,0.039184,-0.010553,-0.068728,-0.793454,0.604736,0.7744,-0.424585,-0.469074,0.628951,0.436069,0.643632,-0.011685,-0.00567,-0.002584,-0.012576,0.041639,-0.078809,-0.86785,0.072247,0.017885,-0.053184,-0.277523,0.82096,-0.499003,-0.850399,-0.451582,-0.26999,-0.446992,0.349423,0.823468,0.00292,0.00423,0.012187,-0.027064,0.003498,0.03738,-0.88832
383,0.068651,-0.015277,0.382392,-0.190585,0.799249,-0.570021,-0.890636,-0.384921,-0.242025,-0.412622,0.460559,0.78591,0.019314,-0.002777,0.033438,-0.054829,0.009121,0.086481,-0.953571,-0.076228,0.04047,0.347236,0.093613,0.785196,0.612123,-0.79048,0.432457,-0.433654,-0.605305,-0.444263,0.660378,-0.02396,-0.009541,-0.00387,-0.004046,0.030434,-0.058515,-1.260176,0.053821,0.039067,-0.01058,-0.068417,-0.793191,0.605116,0.769283,-0.428141,-0.474233,0.635233,0.433061,0.63948,-0.010737,-0.010422,0.001993,-0.047171,0.029322,-0.075965,-0.868014,0.072379,0.017902,-0.052897,-0.276721,0.822808,-0.496399,-0.850969,-0.449793,-0.271178,-0.446404,0.34738,0.824651,0.003103,0.004754,0.01258,-0.034488,-0.015186,0.028394,-0.888646
384,0.069186,-0.015179,0.383625,-0.193554,0.803543,-0.562939,-0.88895,-0.386345,-0.245921,-0.414865,0.451825,0.78979,0.006723,0.010927,0.026178,0.082216,0.269441,0.153131,-0.954444,-0.077196,0.0401,0.347116,0.089493,0.781683,0.617214,-0.784632,0.437082,-0.439597,-0.613478,-0.445929,0.651655,-0.024636,-0.007434,-0.002317,-0.073064,0.421687,0.423834,-1.260724,0.053337,0.038882,-0.01064,-0.064342,-0.791492,0.607783,0.763025,-0.431545,-0.481208,0.643158,0.432792,0.631694,-0.012338,-0.003656,-0.001095,-0.00763,0.023229,-0.059965,-0.865728,0.072652,0.017949,-0.052275,-0.279888,0.825643,-0.489873,-0.849291,-0.450859,-0.274645,-0.447622,0.339175,0.827402,0.009859,-0.000716,0.017182,0.101555,0.40916,0.234438,-0.888973
385,0.06984,-0.015018,0.384892,-0.191091,0.807457,-0.558161,-0.889873,-0.382434,-0.248683,-0.414031,0.448165,0.792309,0.006862,0.004008,0.038016,-0.052142,0.03316,0.060719,-0.960097,-0.078312,0.039864,0.347035,0.089549,0.779864,0.619502,-0.781073,0.440978,-0.442038,-0.617996,-0.445274,0.647823,-0.027768,0.006095,-0.008511,0.029301,0.04101,-0.0277,-1.259728,0.052794,0.038762,-0.010678,-0.064124,-0.78773,0.612672,0.759529,-0.436747,-0.482044,0.647304,0.434432,0.62631,-0.012841,-0.002024,0.000111,0.012391,-0.099842,0.122615,-0.864258,0.072978,0.01803,-0.051647,-0.277879,0.829883,-0.483815,-0.850541,-0.446654,-0.277632,-0.4465,0.334356,0.829965,0.010171,0.000239,0.017861,-0.065347,-0.005823,0.044263,-0.889626
386,0.070211,-0.01488,0.385505,-0.194558,0.808256,-0.5558,-0.888022,-0.385737,-0.250191,-0.416377,0.44388,0.793491,0.020581,0.001164,0.036187,-0.061534,0.007943,0.054603,-0.959489,-0.078843,0.039786,0.347031,0.086384,0.778317,0.621893,-0.779985,0.441239,-0.443695,-0.619815,-0.447718,0.644392,-0.025765,-0.003744,0.000399,0.051348,0.078468,-0.08252,-1.259047,0.052528,0.038727,-0.010683,-0.060966,-0.786196,0.614962,0.758452,-0.437008,-0.483501,0.64887,0.436942,0.622935,-0.012837,-0.00203,0.000101,0.710524,0.408053,-0.494141,-0.865401,0.073159,0.018102,-0.051339,-0.281408,0.83007,-0.481448,-0.848377,-0.449663,-0.279391,-0.448403,0.329826,0.830751,0.010957,0.006178,0.013772,-0.038369,-0.055249,0.079062,-0.886034
387,0.071047,-0.014436,0.386597,-0.196314,0.809403,-0.55351,-0.88665,-0.387517,-0.252295,-0.418467,0.440232,0.794423,0.021791,0.012214,0.027253,-0.038303,0.048691,-0.089092,-0.956164,-0.079841,0.039654,0.347057,0.08592,0.778224,0.622074,-0.774876,0.444718,-0.449141,-0.626255,-0.444419,0.640437,-0.026016,-0.00285,0.001045,0.645187,0.364816,-0.417666,-1.258163,0.052014,0.03866,-0.010669,-0.060849,-0.786352,0.614774,0.753426,-0.440179,-0.488456,0.65471,0.433466,0.619243,-0.012877,-0.001871,0.000212,2.15096,1.193021,-1.336842,-0.862135,0.073577,0.01832,-0.050789,-0.283139,0.83073,-0.47929,-0.846901,-0.451093,-0.281554,-0.4501,0.326192,0.831268,0.01084,0.005992,0.01353,-0.034732,-0.042425,0.087294,-0.880482
388,0.071915,-0.013767,0.38735,-0.197735,0.808885,-0.553761,-0.885099,-0.390062,-0.253816,-0.421071,0.438938,0.793763,0.021957,0.020398,0.016103,0.004765,-0.049327,0.108689,-0.959598,-0.080807,0.039589,0.347089,0.084883,0.776628,0.624208,-0.775019,0.445236,-0.44838,-0.626217,-0.44669,0.638892,-0.026361,-0.001616,0.001939,0.013998,-0.087571,0.135407,-1.257209,0.051532,0.038626,-0.010654,-0.059018,-0.78475,0.616995,0.7532,-0.440636,-0.488394,0.655138,0.435897,0.617079,-0.013093,-0.001107,0.000766,-0.00379,0.020432,-0.066602,-0.859686,0.074011,0.018654,-0.050406,-0.284654,0.829995,-0.479665,-0.845102,-0.453467,-0.283142,-0.452519,0.324769,0.830512,0.010829,0.009806,0.00774,0.003498,-0.049495,0.108943,-0.878032
389,0.07277,-0.013081,0.387866,-0.199767,0.8066,-0.556359,-0.883415,-0.393831,-0.253865,-0.423638,0.439777,0.791931,0.020212,0.015761,0.012414,-0.143412,-0.40792,-0.073462,-0.957848,-0.081666,0.039614,0.347148,0.086756,0.774531,0.626551,-0.771129,0.450449,-0.449878,-0.63075,-0.445096,0.635537,-0.013983,0.001944,0.002989,0.000162,0.000749,-0.004404,-1.256706,0.051097,0.038639,-0.010623,-0.060887,-0.782685,0.619432,0.749203,-0.445894,-0.489767,0.659534,0.43426,0.61354,-0.013136,-0.000912,0.000901,-0.006131,0.021084,-0.063644,-0.859196,0.074441,0.019005,-0.050143,-0.286643,0.828625,-0.480848,-0.842947,-0.456655,-0.284439,-0.455275,0.323797,0.829384,0.010069,0.007796,0.006126,-0.244401,-0.683086,-0.215065,-0.883584
390,0.073211,-0.012798,0.388102,-0.198327,0.806852,-0.556508,-0.883668,-0.392767,-0.254629,-0.423787,0.440263,0.79158,0.019664,0.014329,0.011271,0.001671,-0.042395,0.080386,-0.959002,-0.082068,0.039658,0.347178,0.086133,0.772791,0.628782,-0.77121,0.451322,-0.448862,-0.630734,-0.447233,0.63405,-0.014109,0.00241,0.003324,-0.002011,0.013998,0.003985,-1.256713,0.050901,0.03866,-0.01061,-0.060197,-0.780822,0.621846,0.749332,-0.446918,-0.488635,0.659451,0.436555,0.611998,-0.01448,0.005284,-0.002626,0.031863,0.003574,-0.022495,-0.860666,0.074655,0.019141,-0.050029,-0.285101,0.828036,-0.482774,-0.843425,-0.456012,-0.284053,-0.455357,0.3262,0.828397,0.009721,0.006867,0.005399,0.008021,-0.022735,0.091786,-0.883258
391,0.073998,-0.01237,0.388455,-0.201845,0.806334,-0.555994,-0.882584,-0.395798,-0.253695,-0.424381,0.4385,0.792241,0.018389,0.010891,0.008591,0.003494,-0.037788,0.082312,-0.95945,-0.082864,0.039895,0.34716,0.086819,0.767019,0.635717,-0.767273,0.458546,-0.448289,-0.635427,-0.449814,0.627506,-0.029138,0.011379,-0.004704,0.004955,0.190255,0.100961,-1.256689,0.050504,0.038775,-0.010615,-0.060658,-0.775271,0.628708,0.74536,-0.454119,-0.488071,0.663896,0.439009,0.605402,-0.008278,0.007032,-0.002121,0.00048,0.21159,0.15315,-0.859523,0.075056,0.019361,-0.049847,-0.288479,0.827259,-0.4821,-0.842053,-0.458868,-0.283525,-0.455769,0.324163,0.82897,0.009004,0.004918,0.003885,0.002831,-0.026299,0.056882,-0.883258
392,0.074707,-0.012097,0.388688,-0.203988,0.805604,-0.55627,-0.880694,-0.399088,-0.255107,-0.42727,0.436862,0.791593,0.016316,0.005077,0.00417,0.000984,-0.014715,0.029553,-0.956245,-0.083681,0.040283,0.347046,0.092487,0.754955,0.649216,-0.761903,0.473479,-0.441878,-0.641071,-0.454721,0.618158,-0.016098,0.012654,-0.005318,-0.067625,0.653257,0.403859,-1.255459,0.050089,0.038973,-0.010668,-0.066087,-0.764798,0.640871,0.740088,-0.468357,-0.482607,0.669254,0.442407,0.59697,-0.008154,0.006686,-0.002383,0.017531,0.112408,0.091725,-0.860013,0.075412,0.019504,-0.049726,-0.290497,0.826359,-0.482432,-0.839872,-0.461781,-0.285256,-0.458503,0.322316,0.828182,0.008338,0.003069,0.002471,0.001983,-0.02637,0.056341,-0.883911
393,0.075022,-0.012017,0.38878,-0.209313,0.80472,-0.555572,-0.879281,-0.40342,-0.25316,-0.427599,0.434511,0.792708,0.016168,0.004693,0.00387,0.002237,-0.026248,0.055934,-0.959759,-0.084082,0.040522,0.346935,0.090965,0.75126,0.6537,-0.761763,0.475346,-0.440111,-0.641453,-0.458875,0.614683,-0.016087,0.012682,-0.0053,-0.030863,0.412775,0.281875,-1.255667,0.049895,0.039087,-0.010722,-0.064195,-0.760878,0.645711,0.740111,-0.470335,-0.480644,0.669412,0.447043,0.593328,-0.014223,0.004652,-0.003113,-0.072477,0.628483,0.132459,-0.862952,0.075569,0.01954,-0.049683,-0.295738,0.824879,-0.481781,-0.838007,-0.466126,-0.28367,-0.458565,0.319844,0.829106,0.007969,0.002023,0.001681,0.004092,-0.027663,0.057239,-0.884237
394,0.075557,-0.011952,0.388916,-0.21253,0.803775,-0.555718,-0.877227,-0.407417,-0.253883,-0.430218,0.432532,0.792374,0.015217,0.002002,0.001837,0.923594,0.394684,-1.257787,-0.970673,-0.084788,0.041003,0.346633,0.096377,0.742721,0.662623,-0.755706,0.487906,-0.436795,-0.647802,-0.459585,0.607451,-0.015685,0.011404,-0.006236,0.00636,0.183776,0.136566,-1.255526,0.049535,0.039332,-0.010875,-0.068844,-0.751184,0.656492,0.734256,-0.483641,-0.476402,0.675373,0.449236,0.584857,-0.007671,0.005117,-0.003533,-0.001414,0.219287,0.12183,-0.861156,0.07583,0.019571,-0.049616,-0.294228,0.825342,-0.481912,-0.838474,-0.464907,-0.284292,-0.458683,0.320424,0.828816,0.000839,0.002435,0.001812,0.001117,-0.011661,0.026736,-0.885217
395,0.075939,-0.011984,0.389054,-0.211626,0.803982,-0.555763,-0.877529,-0.406601,-0.254146,-0.430047,0.432912,0.792258,0.000193,-0.006875,0.01191,-0.034825,0.017146,-0.016276,-0.971741,-0.08547,0.041481,0.346279,0.098111,0.734463,0.671512,-0.752223,0.496561,-0.433037,-0.651586,-0.463566,0.600337,-0.015334,0.010283,-0.007053,0.01282,0.145444,0.112765,-1.255108,0.049194,0.039572,-0.011052,-0.070109,-0.743024,0.665582,0.730935,-0.492317,-0.472606,0.678835,0.453363,0.577618,-0.00746,0.004431,-0.004033,0.006443,0.167188,0.09009,-0.858706,0.076032,0.019556,-0.049546,-0.2979,0.82395,-0.482038,-0.835974,-0.46897,-0.284979,-0.460871,0.318076,0.828507,6.7e-05,-0.003519,0.005887,-0.035058,0.017036,-0.015952,-0.886197
396,0.076219,-0.012066,0.389166,-0.21588,0.802853,-0.555759,-0.875351,-0.411253,-0.254172,-0.43236,0.430613,0.792253,0.000431,0.001258,0.000941,0.0,0.0,-0.0,-0.973991,-0.086179,0.041876,0.345905,0.09959,0.726153,0.680275,-0.748745,0.505006,-0.429282,-0.65536,-0.467514,0.593125,-0.014896,0.008829,-0.00811,0.013579,0.140737,0.07561,-1.25381,0.04885,0.039768,-0.011235,-0.071373,-0.734773,0.674547,0.7276,-0.500937,-0.468677,0.682278,0.45735,0.570374,-0.007483,0.00455,-0.003944,0.006045,0.169367,0.08963,-0.85593,0.076172,0.019515,-0.049491,-0.302024,0.822402,-0.482116,-0.833342,-0.473364,-0.285423,-0.462949,0.315563,0.82831,0.00695,-0.000887,-0.000504,0.000558,-0.014774,0.02983,-0.886524
397,0.076316,-0.012111,0.389236,-0.215832,0.802888,-0.555727,-0.875453,-0.411114,-0.254046,-0.432177,0.430681,0.792315,-0.000264,-0.008213,0.01091,-0.034836,0.017108,-0.016293,-0.973795,-0.086536,0.042,0.345733,0.102233,0.721725,0.684583,-0.745594,0.511205,-0.427428,-0.658542,-0.467631,0.589497,-0.014583,0.007758,-0.00889,0.018913,0.107655,0.054526,-1.253626,0.048661,0.039834,-0.011323,-0.073564,-0.730215,0.679244,0.72453,-0.507154,-0.466743,0.685305,0.457798,0.566371,-0.013465,0.002266,-0.004859,0.015154,0.086736,-0.007288,-0.857237,0.07622,0.019493,-0.049461,-0.301957,0.822442,-0.482088,-0.833452,-0.473239,-0.28531,-0.462794,0.315646,0.828364,0.000315,0.000925,0.000687,-0.000205,-0.000115,0.000287,-0.886524
398,0.076473,-0.012208,0.389346,-0.215571,0.802987,-0.555686,-0.875664,-0.410739,-0.253925,-0.43188,0.430855,0.792383,-0.00037,-0.008526,0.010676,-0.034841,0.017089,-0.016302,-0.974236,-0.087338,0.04216,0.34541,0.101841,0.711403,0.69536,-0.736974,0.523508,-0.427485,-0.668235,-0.469822,0.576709,-0.014233,0.006574,-0.009753,-0.023794,0.393542,-0.030038,-1.253833,0.048259,0.039915,-0.011484,-0.072967,-0.720487,0.689618,0.715787,-0.519332,-0.466843,0.694495,0.459556,0.553609,-0.013513,0.002472,-0.004711,-0.016507,0.352613,0.183199,-0.863768,0.076298,0.019444,-0.049407,-0.301697,0.822567,-0.482039,-0.833703,-0.472888,-0.285156,-0.462511,0.315848,0.828446,0.006984,-0.000782,-0.000424,0.000868,-0.014789,0.029764,-0.886687
399,0.076587,-0.012243,0.389437,-0.215307,0.80307,-0.555668,-0.875817,-0.410427,-0.253901,-0.431701,0.430996,0.792403,0.000523,0.001532,0.001144,-0.0,-0.0,-0.0,-0.974464,-0.088156,0.042161,0.345194,0.096929,0.703827,0.703722,-0.731654,0.529768,-0.428907,-0.674774,-0.474193,0.565406,-0.024712,-0.006415,-0.001699,-0.026808,0.182897,0.039951,-1.25423,0.047846,0.039914,-0.011598,-0.06734,-0.712718,0.69821,0.710447,-0.525591,-0.467992,0.70052,0.464527,0.541742,-0.012354,-0.003201,-0.00083,-0.029834,0.147487,0.013808,-0.859686,0.076355,0.019422,-0.049359,-0.301452,0.822674,-0.482008,-0.833899,-0.472592,-0.285076,-0.462319,0.31601,0.828491,0.000321,0.000946,0.000703,-7.3e-05,-5.4e-05,0.000138,-0.887667
400,0.076662,-0.012232,0.389485,-0.219815,0.80184,-0.555678,-0.873452,-0.415389,-0.253978,-0.434207,0.428531,0.792371,0.014183,-0.000941,-0.000382,0.000984,-0.014715,0.029553,-0.975053,-0.088561,0.042093,0.345132,0.096414,0.699798,0.707798,-0.727549,0.53487,-0.429557,-0.679271,-0.474424,0.5598,-0.024696,-0.006472,-0.001745,-0.080066,0.548722,0.276427,-1.254305,0.047643,0.039881,-0.011629,-0.067073,-0.71041,0.700583,0.706223,-0.529809,-0.469627,0.704804,0.463269,0.537245,-0.012349,-0.003233,-0.000859,-0.082953,0.499279,0.239781,-0.85789,0.076387,0.019428,-0.049334,-0.30585,0.820992,-0.482105,-0.831037,-0.477298,-0.285591,-0.464576,0.3133,0.828257,0.000457,0.001343,0.000998,-0.000809,0.000126,-3.2e-05,-0.88832
401,0.076846,-0.012149,0.389575,-0.219255,0.801958,-0.55573,-0.873581,-0.414954,-0.254246,-0.434232,0.428731,0.79225,0.001237,0.003631,0.002706,0.0,0.0,-0.0,-0.979792,-0.089335,0.041909,0.345103,0.09458,0.700193,0.707655,-0.722086,0.537631,-0.43529,-0.685329,-0.470699,0.555543,-0.024918,-0.005666,-0.001166,0.012042,-0.075329,0.109194,-1.255066,0.04727,0.039795,-0.011646,-0.064728,-0.709486,0.701739,0.700634,-0.533049,-0.474308,0.710577,0.460962,0.531594,-0.012476,-0.002767,-0.000522,-0.005738,0.022852,-0.060022,-0.863768,0.076483,0.019467,-0.049291,-0.305276,0.82118,-0.48215,-0.831226,-0.47683,-0.285824,-0.464618,0.31352,0.828151,0.007464,0.000633,0.000625,0.002124,-0.026254,0.056138,-0.88881
402,0.07713,-0.012024,0.389686,-0.223208,0.800809,-0.555814,-0.871272,-0.419531,-0.254657,-0.436843,0.426426,0.792058,0.015068,0.001715,0.001585,0.001002,-0.014706,0.029527,-0.986272,-0.090061,0.041768,0.345087,0.091778,0.700694,0.707528,-0.720889,0.536958,-0.438097,-0.686966,-0.470723,0.553497,-0.012454,-0.002845,-0.000596,-0.000621,0.016117,-0.030343,-1.254611,0.046898,0.03972,-0.011651,-0.062027,-0.710026,0.701438,0.699288,-0.53237,-0.477051,0.712143,0.460917,0.529534,-0.012441,-0.002896,-0.000621,-0.003843,0.02978,-0.057876,-0.859196,0.07662,0.01953,-0.049235,-0.309126,0.81964,-0.482317,-0.828463,-0.481128,-0.286642,-0.467,0.310974,0.827771,0.000979,0.002884,0.002143,0.000114,-0.011172,0.026139,-0.888973
403,0.077579,-0.011855,0.389832,-0.221992,0.801053,-0.555949,-0.871516,-0.418635,-0.255298,-0.436978,0.426846,0.791758,0.015915,0.004275,0.003472,0.002243,-0.0262,0.055955,-0.987841,-0.09078,0.04156,0.345047,0.084615,0.701715,0.707409,-0.717135,0.535829,-0.445576,-0.69179,-0.470489,0.547659,-0.012204,-0.003778,-0.001279,0.58386,0.389844,-0.48119,-1.25455,0.046534,0.039616,-0.01167,-0.055035,-0.711049,0.700984,0.695306,-0.531145,-0.484183,0.716603,0.460752,0.523628,-0.00609,-0.001942,-0.000665,0.644281,0.427332,-0.526328,-0.864748,0.076844,0.019612,-0.049164,-0.307958,0.820012,-0.482432,-0.828806,-0.480216,-0.28718,-0.467163,0.311403,0.827517,0.007958,0.002143,0.001734,0.000864,-0.014774,0.029752,-0.88881
404,0.077911,-0.01174,0.389923,-0.221083,0.801232,-0.556053,-0.871688,-0.417975,-0.255789,-0.437096,0.427155,0.791525,0.016487,0.006019,0.004752,0.002242,-0.0262,0.055955,-0.987063,-0.091144,0.041436,0.345026,0.081644,0.702203,0.707274,-0.715965,0.535041,-0.448395,-0.693354,-0.470659,0.545531,-0.024641,-0.006704,-0.001942,-0.004089,0.030411,-0.058491,-1.255175,0.046361,0.039556,-0.011681,-0.051972,-0.711546,0.700714,0.6939,-0.530341,-0.487073,0.718192,0.460912,0.521304,-0.006064,-0.002044,-0.00074,-0.006547,0.011994,-0.025306,-0.866708,0.07701,0.019668,-0.04912,-0.30707,0.820291,-0.482524,-0.829051,-0.479533,-0.287612,-0.467312,0.31172,0.827314,0.008284,0.003137,0.002462,0.00216,-0.026265,0.056121,-0.888973
405,0.07876,-0.011469,0.390137,-0.223826,0.800305,-0.556291,-0.869584,-0.421683,-0.256866,-0.439879,0.425251,0.791009,0.03071,0.005532,0.004637,0.003223,-0.040914,0.085509,-0.988488,-0.091942,0.041178,0.345007,0.079447,0.702823,0.706909,-0.710512,0.537369,-0.454249,-0.699193,-0.467063,0.541151,-0.024904,-0.005732,-0.001243,-0.004089,0.030411,-0.058491,-1.254763,0.045954,0.039422,-0.011692,-0.049795,-0.712174,0.700233,0.688197,-0.532563,-0.492707,0.723812,0.457364,0.516635,-0.012462,-0.002832,-0.000584,-0.00534,0.029436,-0.057379,-0.862952,0.077429,0.019804,-0.049012,-0.309743,0.819105,-0.482829,-0.82659,-0.482931,-0.289007,-0.469901,0.309584,0.826649,0.008779,0.00468,0.003578,0.001941,-0.02621,0.056143,-0.886197
406,0.079782,-0.011125,0.390406,-0.226202,0.799441,-0.556571,-0.867532,-0.425118,-0.258138,-0.442701,0.423456,0.790398,0.031546,0.008319,0.006622,0.004472,-0.052397,0.111911,-0.989316,-0.092812,0.040933,0.345017,0.077624,0.703424,0.706513,-0.70498,0.539859,-0.45988,-0.704971,-0.463265,0.536903,-0.025233,-0.004473,-0.000338,-0.004089,0.030411,-0.058491,-1.255042,0.045538,0.039301,-0.011688,-0.048058,-0.712757,0.699761,0.682386,-0.535023,-0.498095,0.72941,0.453571,0.512088,-0.006233,-0.001409,-0.000281,-0.005329,0.013173,-0.026744,-0.866871,0.07794,0.019975,-0.048879,-0.312053,0.818026,-0.483172,-0.824215,-0.486042,-0.290571,-0.472537,0.307565,0.8259,0.015699,0.003943,0.003138,0.002949,-0.040979,0.085783,-0.886034
407,0.080357,-0.010951,0.390542,-0.229494,0.798387,-0.556737,-0.865284,-0.429206,-0.258916,-0.445392,0.421321,0.790026,0.018202,0.011617,0.008745,0.003484,-0.037681,0.082359,-0.989586,-0.093217,0.040805,0.345033,0.072681,0.7042,0.706266,-0.702447,0.538891,-0.464864,-0.708014,-0.463214,0.532927,-0.025243,-0.004432,-0.000312,0.011753,0.040429,-0.070744,-1.255603,0.045325,0.039236,-0.01168,-0.043078,-0.713554,0.699274,0.679619,-0.533959,-0.502996,0.732298,0.453572,0.507947,-0.006417,-0.000706,0.000231,0.050918,0.032021,-0.04412,-0.86932,0.078232,0.020062,-0.048811,-0.315212,0.816667,-0.483419,-0.821581,-0.489794,-0.291727,-0.47502,0.305213,0.825348,0.015721,0.004087,0.003222,0.00257,-0.040894,0.085738,-0.886524
408,0.081602,-0.010601,0.390814,-0.233635,0.797961,-0.555625,-0.865032,-0.431459,-0.255998,-0.443723,0.419829,0.791759,0.031739,0.009412,0.007301,0.004461,-0.052394,0.111913,-0.987819,-0.094101,0.040423,0.345127,0.067913,0.705405,0.705537,-0.695841,0.540316,-0.473072,-0.714972,-0.459702,0.526643,-0.022821,-0.016694,0.006796,-0.040095,0.035165,-0.079722,-1.255278,0.044892,0.039054,-0.011633,-0.038406,-0.714741,0.698333,0.672612,-0.53532,-0.510906,0.738997,0.450085,0.501303,-0.01141,-0.008362,0.003402,-0.047347,0.030691,-0.074525,-0.869484,0.07885,0.020239,-0.048673,-0.319317,0.815724,-0.482317,-0.821074,-0.492272,-0.288972,-0.473153,0.303744,0.826961,0.015807,0.004518,0.003495,0.006335,-0.042836,0.087261,-0.883258
409,0.082983,-0.010216,0.39111,-0.241676,0.797874,-0.5523,-0.862242,-0.437604,-0.254976,-0.444835,0.413601,0.794408,0.032028,0.010704,0.008146,0.027997,-0.029178,0.050049,-0.986438,-0.094949,0.039817,0.345301,0.056656,0.707683,0.704249,-0.685302,0.540581,-0.487921,-0.726033,-0.45587,0.514704,-0.022473,-0.018199,0.005702,0.012746,0.068213,-0.12072,-1.255983,0.044458,0.038751,-0.011546,-0.027174,-0.717045,0.696496,0.66142,-0.535323,-0.525311,0.749522,0.446402,0.488815,-0.011182,-0.009329,0.002699,0.14239,0.149439,-0.221496,-0.866381,0.07954,0.020431,-0.048525,-0.327234,0.81459,-0.478915,-0.817694,-0.498118,-0.288536,-0.473595,0.297187,0.829087,0.016258,0.006117,0.004605,0.090206,-0.023018,-0.0088,-0.883421
410,0.083741,-0.009989,0.391283,-0.243753,0.79704,-0.552591,-0.860197,-0.440776,-0.256416,-0.447647,0.411842,0.793741,0.045856,0.009529,0.007442,0.012854,-0.063659,0.13081,-0.986428,-0.095383,0.039443,0.34541,0.059072,0.708191,0.703539,-0.676701,0.546581,-0.493213,-0.733869,-0.447842,0.510624,-0.022371,-0.018696,0.005341,0.064846,-0.038368,-0.003469,-1.25668,0.044241,0.038564,-0.011491,-0.02951,-0.717549,0.695882,0.652644,-0.541136,-0.530308,0.757089,0.438514,0.484273,-0.011146,-0.009528,0.002554,0.302516,-0.201113,0.160282,-0.865728,0.079902,0.020538,-0.048443,-0.329333,0.813503,-0.479324,-0.815304,-0.501056,-0.29021,-0.476255,0.295219,0.828266,0.016264,0.006243,0.004668,0.087219,-0.01505,-0.007597,-0.883748
411,0.085179,-0.009529,0.391628,-0.246808,0.796765,-0.551631,-0.860143,-0.442255,-0.254039,-0.446072,0.41079,0.795172,0.03254,0.013014,0.009641,0.004438,-0.052389,0.111916,-0.984823,-0.096308,0.038791,0.345728,0.051633,0.710294,0.702003,-0.669067,0.546513,-0.503594,-0.741383,-0.44458,0.502556,-0.02372,-0.013428,0.009169,-0.037877,0.020042,-0.055285,-1.257107,0.043772,0.038223,-0.011336,-0.022227,-0.71966,0.693971,0.644513,-0.540958,-0.540339,0.76427,0.435263,0.475854,-0.011901,-0.006587,0.00469,-0.044403,0.01647,-0.050948,-0.864421,0.080639,0.020774,-0.048266,-0.33227,0.81286,-0.478387,-0.815096,-0.502672,-0.287988,-0.474566,0.294242,0.829582,0.022954,0.005137,0.003906,0.007958,-0.068796,0.143254,-0.882605
412,0.086658,-0.00902,0.392003,-0.254066,0.795096,-0.550743,-0.85755,-0.448457,-0.251923,-0.44698,0.407294,0.79646,0.032766,0.014249,0.010398,0.004435,-0.052385,0.11191,-0.98352,-0.0972,0.038185,0.346157,0.054234,0.713289,0.698762,-0.66096,0.550232,-0.510207,-0.748439,-0.435082,0.500405,-0.023763,-0.013316,0.009248,-0.038747,0.023459,-0.087105,-1.256465,0.043325,0.037925,-0.011118,-0.025054,-0.722798,0.690604,0.636143,-0.54443,-0.546732,0.771163,0.425625,0.473444,-0.011915,-0.006563,0.004709,-0.039368,0.043389,-0.064831,-0.866054,0.081378,0.021028,-0.048079,-0.339321,0.810395,-0.477618,-0.811864,-0.508752,-0.286437,-0.475117,0.290567,0.830562,0.016438,0.007307,0.005304,0.006412,-0.053918,0.113526,-0.882768
413,0.088105,-0.008491,0.392387,-0.257028,0.796377,-0.547508,-0.857429,-0.449216,-0.250983,-0.445515,0.403947,0.798981,0.032733,0.014667,0.010567,0.019799,-0.006824,0.130956,-0.982903,-0.098078,0.037544,0.346668,0.049941,0.721315,0.690798,-0.652994,0.546985,-0.523774,-0.75569,-0.425839,0.49745,-0.024155,-0.01176,0.010372,-0.030552,-0.044922,-0.096309,-1.255603,0.042895,0.037608,-0.010867,-0.021172,-0.730905,0.68215,0.627585,-0.540844,-0.560021,0.778259,0.416251,0.470156,-0.010983,-0.011764,0.008963,-0.068368,-0.001036,-0.106923,-0.864585,0.082102,0.021293,-0.047887,-0.342364,0.811247,-0.473987,-0.811687,-0.509462,-0.285676,-0.473232,0.286924,0.832901,0.023041,0.00605,0.00442,0.0221,-0.053963,0.179504,-0.883258
414,0.088795,-0.00824,0.392567,-0.260872,0.795435,-0.54706,-0.856064,-0.452477,-0.249782,-0.445901,0.402166,0.799664,0.032273,0.0134,0.009619,0.004636,-0.051716,0.112196,-0.981871,-0.098503,0.037171,0.346969,0.044777,0.728751,0.683308,-0.648979,0.541279,-0.534581,-0.759457,-0.420435,0.496309,-0.024021,-0.012348,0.009946,0.018615,-0.480849,-0.406243,-1.255404,0.042682,0.037424,-0.010714,-0.015525,-0.736675,0.676068,0.62325,-0.535853,-0.569578,0.781868,0.412517,0.467452,-0.011093,-0.01135,0.009265,-0.005791,-0.54777,-0.418174,-0.863605,0.082448,0.021421,-0.047795,-0.346095,0.809774,-0.473797,-0.809967,-0.512745,-0.284684,-0.473467,0.285232,0.833349,0.016128,0.006677,0.004772,0.006073,-0.063741,0.109938,-0.882768
415,0.090081,-0.007722,0.392935,-0.264014,0.796623,-0.543814,-0.855914,-0.453363,-0.248686,-0.444333,0.398809,0.802214,0.032106,0.013311,0.009447,0.005953,-0.047692,0.113886,-0.980312,-0.099397,0.036294,0.347617,0.039727,0.737089,0.674621,-0.64139,0.536569,-0.548313,-0.76615,-0.411841,0.493218,-0.023901,-0.012948,0.009515,-0.030436,-0.056702,-0.137239,-1.255903,0.042235,0.036987,-0.010389,-0.011808,-0.746493,0.665288,0.614894,-0.530087,-0.583876,0.78852,0.402187,0.465274,-0.011016,-0.011753,0.008985,-0.063467,-0.047398,-0.100749,-0.85838,0.083102,0.021684,-0.047608,-0.34921,0.81044,-0.470358,-0.809746,-0.513601,-0.283766,-0.471553,0.281777,0.835606,0.016043,0.006629,0.004685,0.003628,-0.069871,0.106044,-0.883421
416,0.091238,-0.007264,0.393258,-0.267775,0.797618,-0.540507,-0.855632,-0.454704,-0.247206,-0.442621,0.395285,0.8049,0.031345,0.011152,0.007859,0.005777,-0.047606,0.113817,-0.977288,-0.100273,0.035305,0.348354,0.040303,0.747055,0.663533,-0.630674,0.534152,-0.562908,-0.774966,-0.396729,0.49183,-0.022032,-0.023579,0.017908,-0.027328,-0.442462,-0.366785,-1.256015,0.041788,0.036486,-0.010018,-0.0122,-0.755147,0.655441,0.603649,-0.528128,-0.597232,0.797155,0.388371,0.462287,-0.01102,-0.011844,0.008927,-0.055172,-0.572347,-0.483848,-0.862462,0.083681,0.021915,-0.047445,-0.353013,0.810762,-0.466953,-0.80932,-0.515028,-0.282394,-0.469449,0.278225,0.837978,0.015641,0.005479,0.003842,0.005178,-0.0709,0.10659,-0.883258
417,0.091774,-0.007051,0.393407,-0.270387,0.796565,-0.540759,-0.853428,-0.458213,-0.248343,-0.445275,0.393358,0.80438,0.031191,0.010809,0.007583,0.00442,-0.052312,0.111951,-0.976422,-0.100676,0.03475,0.348742,0.039137,0.752321,0.657626,-0.623722,0.532625,-0.572027,-0.780629,-0.388738,0.489247,-0.019758,-0.03598,0.025047,-0.003786,-0.470524,-0.499221,-1.256466,0.041594,0.036225,-0.009832,-0.011083,-0.759766,0.650101,0.596282,-0.52692,-0.605641,0.802697,0.380931,0.458876,-0.010928,-0.012287,0.008618,0.130226,0.144031,-0.222531,-0.865401,0.083937,0.022016,-0.047375,-0.355566,0.809361,-0.467447,-0.806738,-0.518308,-0.283776,-0.471959,0.276207,0.837235,0.015492,0.005062,0.003538,0.003258,-0.056152,0.111034,-0.882931
418,0.092726,-0.006666,0.393674,-0.274939,0.795705,-0.539729,-0.852974,-0.460848,-0.245004,-0.44335,0.392021,0.806094,0.016778,0.00965,0.006668,0.002196,-0.02619,0.055961,-0.972759,-0.101482,0.033786,0.349514,0.04049,0.761388,0.647023,-0.619375,0.527318,-0.581588,-0.784016,-0.378164,0.492112,-0.022717,-0.020883,0.019881,-0.024765,-0.508874,-0.404214,-1.256006,0.041193,0.03573,-0.009449,-0.012941,-0.768709,0.639466,0.591544,-0.521489,-0.614917,0.806168,0.370315,0.461474,-0.011332,-0.01063,0.009819,-0.065721,0.037218,-0.047871,-0.866871,0.08442,0.022213,-0.047238,-0.359958,0.807963,-0.466502,-0.806008,-0.521134,-0.280658,-0.469872,0.274979,0.838811,0.008428,0.004972,0.003419,0.005218,-0.028141,0.057901,-0.881135
419,0.093539,-0.006387,0.393866,-0.278357,0.794757,-0.539374,-0.851665,-0.463802,-0.243979,-0.443728,0.390462,0.806642,0.015938,0.006899,0.004751,0.004366,-0.025206,0.052712,-0.97121,-0.102323,0.033076,0.350334,0.044819,0.769625,0.636915,-0.616454,0.523064,-0.588492,-0.786086,-0.367225,0.49707,-0.010832,-0.015196,0.02258,-0.050711,-0.230448,-0.193787,-1.255894,0.040778,0.035375,-0.009046,-0.018392,-0.777863,0.628164,0.588267,-0.516434,-0.622283,0.808456,0.358084,0.467089,-0.011775,-0.008709,0.011198,-0.054173,-0.35847,-0.329954,-0.867851,0.084827,0.022354,-0.047141,-0.363237,0.806654,-0.466226,-0.804394,-0.524012,-0.27993,-0.470115,0.273348,0.839208,0.007921,0.00329,0.002253,0.009429,-0.023298,0.045689,-0.881625
420,0.094209,-0.006204,0.393992,-0.277899,0.796815,-0.536566,-0.852889,-0.461606,-0.243868,-0.441663,0.388867,0.808544,0.015179,0.004351,0.002994,0.009636,-0.002262,0.066009,-0.970308,-0.103091,0.032678,0.351218,0.052384,0.776887,0.62745,-0.614943,0.520212,-0.592586,-0.78681,-0.355785,0.504192,-0.014043,0.001576,0.018497,-0.018925,-0.181752,-0.105674,-1.254556,0.040386,0.035164,-0.008599,-0.026582,-0.785375,0.618448,0.586597,-0.513207,-0.626515,0.809441,0.346126,0.474341,-0.012374,-0.005998,0.013122,-0.056335,-0.173007,-0.195567,-0.87177,0.085162,0.022445,-0.047078,-0.362958,0.808663,-0.462952,-0.805855,-0.521855,-0.279756,-0.467823,0.271533,0.841077,0.007468,0.001752,0.001197,0.003135,-0.029152,0.053675,-0.882605
421,0.094516,-0.006152,0.394027,-0.281637,0.795414,-0.536696,-0.850384,-0.465932,-0.244389,-0.444111,0.386577,0.808301,0.014551,0.002179,0.001511,0.001093,-0.014365,0.0297,-0.969879,-0.103497,0.032507,0.351705,0.059566,0.781953,0.620478,-0.612643,0.519447,-0.595632,-0.788101,-0.345641,0.509208,-0.024902,-0.011047,0.026862,-0.042253,-0.335718,-0.261107,-1.253855,0.040178,0.035081,-0.008347,-0.033894,-0.790211,0.611895,0.584266,-0.512395,-0.629352,0.810853,0.336178,0.479061,-0.012507,-0.005355,0.013564,-0.045524,-0.357693,-0.282181,-0.876342,0.085316,0.022474,-0.047059,-0.366511,0.806788,-0.463423,-0.802923,-0.525919,-0.280575,-0.470088,0.26926,0.840544,0.007343,0.001328,0.000905,-0.00024,-0.033105,0.053046,-0.881952
422,0.095085,-0.006098,0.394064,-0.280208,0.795783,-0.536898,-0.850739,-0.464886,-0.245144,-0.444337,0.387076,0.807938,0.027172,-0.00237,-0.001564,0.001969,-0.029429,0.059107,-0.968345,-0.104257,0.032358,0.352685,0.07255,0.788256,0.611048,-0.608019,0.520671,-0.59929,-0.790605,-0.329048,0.51627,-0.013051,-0.004944,0.029763,0.968477,-1.297231,0.653612,-1.251825,0.039803,0.035008,-0.007868,-0.04584,-0.796271,0.6032,0.58032,-0.51272,-0.63273,0.813097,0.321044,0.485595,-0.013773,0.001872,0.010583,3.370653,-3.703779,2.548791,-0.881567,0.085595,0.022502,-0.04704,-0.365131,0.807278,-0.46366,-0.803391,-0.524875,-0.281191,-0.470363,0.269828,0.840208,0.007028,0.000241,0.000167,-0.007545,0.064222,-0.152402,-0.883095
423,0.09566,-0.006126,0.394033,-0.28495,0.794425,-0.536411,-0.849073,-0.468832,-0.243399,-0.444502,0.385105,0.808788,0.013464,-0.001599,-0.001066,0.000983,-0.014714,0.029553,-0.96485,-0.105166,0.03244,0.353632,0.08975,0.786341,0.611232,-0.60355,0.53119,-0.594558,-0.792283,-0.316543,0.52149,-0.027716,0.004719,0.021841,-0.048034,0.104833,-0.19857,-1.251099,0.039353,0.035049,-0.007389,-0.065045,-0.794345,0.603973,0.574954,-0.524524,-0.627934,0.815595,0.306413,0.49083,-0.013917,0.002537,0.011061,-0.022116,-0.008165,-0.000406,-0.873239,0.085888,0.022486,-0.047056,-0.369707,0.805419,-0.463266,-0.801337,-0.528756,-0.279776,-0.470292,0.267798,0.840897,0.006727,-0.000818,-0.000556,0.004821,-0.016778,0.031518,-0.883747
424,0.095957,-0.006183,0.393994,-0.284238,0.794609,-0.536516,-0.849252,-0.468312,-0.243773,-0.444616,0.385357,0.808605,0.013207,-0.002514,-0.001689,0.000984,-0.014715,0.029553,-0.963276,-0.105664,0.032515,0.354054,0.102221,0.78453,0.611601,-0.601226,0.538607,-0.590223,-0.792553,-0.308371,0.525956,-0.027476,0.003827,0.021162,-0.036439,0.006022,-0.029681,-1.250611,0.039103,0.03509,-0.007176,-0.077322,-0.792527,0.604915,0.572848,-0.531899,-0.623641,0.816006,0.298303,0.495125,-0.013779,0.002003,0.010661,-0.031557,0.011438,-0.035815,-0.874709,0.086036,0.022457,-0.047076,-0.368994,0.805687,-0.463368,-0.801566,-0.528219,-0.280136,-0.470462,0.268051,0.840721,0.006576,-0.001365,-0.000928,0.001349,-0.01508,0.030072,-0.884074
425,0.096611,-0.006308,0.39391,-0.287516,0.793283,-0.536733,-0.846827,-0.472298,-0.244519,-0.447121,0.383228,0.808236,0.02675,-0.003813,-0.002561,0.001969,-0.029429,0.059106,-0.960699,-0.106756,0.03278,0.354828,0.120473,0.781632,0.611987,-0.5976,0.549426,-0.5839,-0.792753,-0.29637,0.532514,-0.027694,0.005354,0.022101,-0.033979,-0.008213,-0.005207,-1.249768,0.038558,0.03522,-0.006791,-0.095427,-0.789609,0.606144,0.569492,-0.542733,-0.617347,0.816438,0.286283,0.501468,-0.013727,0.002017,0.010615,-0.032599,0.010177,-0.035156,-0.879281,0.086366,0.022389,-0.047122,-0.372105,0.804069,-0.463691,-0.798771,-0.531846,-0.281254,-0.47276,0.265727,0.84017,0.013393,-0.001841,-0.001248,0.001738,-0.029531,0.05943,-0.884727
426,0.097336,-0.006393,0.393839,-0.290755,0.793548,-0.534593,-0.844409,-0.475499,-0.24667,-0.449589,0.378704,0.808999,0.026819,-0.003537,-0.002382,0.136822,0.417523,0.247014,-0.957969,-0.107916,0.033147,0.355436,0.134408,0.778949,0.612507,-0.596538,0.557229,-0.577558,-0.791329,-0.288743,0.538786,-0.028664,0.012623,0.011193,-0.001557,0.000487,-0.007954,-1.248062,0.037976,0.035407,-0.006478,-0.109293,-0.786902,0.607321,0.568764,-0.550584,-0.611034,0.815206,0.278641,0.507737,-0.014303,0.006092,0.005466,-0.00085,0.018131,-0.036786,-0.881077,0.086729,0.022347,-0.047157,-0.375079,0.802979,-0.463184,-0.796049,-0.535036,-0.282915,-0.474995,0.262602,0.839891,0.013425,-0.001719,-0.001173,0.197064,0.637236,0.352903,-0.884891
427,0.098131,-0.006459,0.393794,-0.294956,0.792269,-0.534188,-0.842849,-0.479028,-0.245174,-0.449775,0.376936,0.809721,0.026983,-0.002895,-0.001957,0.010077,-0.108437,0.241336,-0.95671,-0.109158,0.033582,0.355859,0.153641,0.774921,0.613093,-0.59335,0.568557,-0.569748,-0.790246,-0.277225,0.54637,-0.028399,0.011905,0.01061,-0.013924,0.101742,-0.179657,-1.245391,0.037356,0.035623,-0.006268,-0.128564,-0.782795,0.608853,0.565867,-0.562096,-0.603193,0.814411,0.266981,0.515223,-0.020418,0.004541,0.00499,0.0016,0.033915,-0.067688,-0.885486,0.087117,0.022315,-0.047179,-0.379598,0.802028,-0.461145,-0.794095,-0.538209,-0.282388,-0.474676,0.258999,0.84119,0.006955,3.8e-05,1.6e-05,0.004146,-0.020848,0.02983,-0.885217
