frame,MLTx,MLTy,MLTz,MLTR1,MLTR2,MLTR3,MLTR4,MLTR5,MLTR6,MLTR7,MLTR8,MLTR9,MLTTVx,MLTTVy,MLTTVz,MLTRVx,MLTRVy,MLTRVz,MLGA,MRTx,MRTy,MRTz,MRTR1,MRTR2,MRTR3,MRTR4,MRTR5,MRTR6,MRTR7,MRTR8,MRTR9,MRTTVx,MRTTVy,MRTTVz,MRTRVx,MRTRVy,MRTRVz,MRGA,SLTx,SLTy,SLTz,SLTR1,SLTR2,SLTR3,SLTR4,SLTR5,SLTR6,SLTR7,SLTR8,SLTR9,SLTTVx,SLTTVy,SLTTVz,SLTRVx,SLTRVy,SLTRVz,SLGA,SRTx,SRTy,SRTz,SRTR1,SRTR2,SRTR3,SRTR4,SRTR5,SRTR6,SRTR7,SRTR8,SRTR9,SRTTVx,SRTTVy,SRTTVz,SRTRVx,SRTRVy,SRTRVz,SRGA
499,0.08245,0.022248,0.375195,-0.249008,0.877127,-0.410718,-0.69524,-0.457059,-0.554715,-0.673976,0.146325,0.724136,0.01264,-0.002909,-0.001869,0.000984,-0.014715,0.029553,0.36047,-0.090997,0.036238,0.339453,0.027001,0.990741,0.133022,-0.942666,0.069617,-0.326296,-0.332543,-0.117836,0.935625,0.00126,-0.00771,0.010549,0.130693,-0.211753,-0.17535,-1.404495,0.044027,0.036012,-0.014889,0.052487,-0.998107,0.032026,0.895019,0.032793,-0.444819,0.442927,0.052011,0.895047,0.000646,-0.003936,0.00521,0.281538,-0.423124,-0.303347,-0.819517,0.078674,0.033094,-0.055237,-0.328765,0.866543,-0.375519,-0.663081,-0.494931,-0.561573,-0.672484,0.064374,0.737305,-1e-06,2e-06,3e-06,-0.004427,0.093565,-0.175437,0.300925
500,0.08246,0.022246,0.375193,-0.249124,0.877085,-0.410736,-0.695215,-0.457155,-0.554668,-0.673959,0.146274,0.724162,-0.0,-0.0,-0.0,0.0,0.0,0.0,0.360107,-0.090917,0.035933,0.339858,0.026465,0.990906,0.131893,-0.941789,0.069052,-0.328938,-0.33506,-0.116763,0.934861,0.00124,-0.007636,0.010611,-0.034517,0.002682,-0.022633,-1.404241,0.044067,0.035857,-0.014682,0.053118,-0.99815,0.029567,0.893412,0.034276,-0.447928,0.446086,0.050209,0.89358,0.000528,-0.0035,0.00555,-0.045059,0.003916,0.010954,-0.816251,0.078683,0.033092,-0.055238,-0.328855,0.866503,-0.375533,-0.663054,-0.495007,-0.561539,-0.672467,0.064334,0.737324,0.0,0.0,1e-06,-2.3e-05,7e-06,1.8e-05,0.300762
501,0.082467,0.022237,0.375187,-0.24926,0.877037,-0.410757,-0.695185,-0.457267,-0.554613,-0.67394,0.146215,0.724192,-5e-06,-1.5e-05,-1e-05,0.0,0.0,0.0,0.360447,-0.090847,0.035603,0.34038,0.024752,0.990863,0.132549,-0.940216,0.068225,-0.333576,-0.339575,-0.11762,0.933123,0.000706,-0.005622,0.012165,2.542758,1.149516,-0.049656,-1.404482,0.044102,0.035696,-0.01443,0.053966,-0.998058,0.03107,0.893086,0.034326,-0.448573,0.446636,0.051956,0.893205,0.0003,-0.002638,0.006217,-0.035783,-0.011697,0.003078,-0.823599,0.078687,0.033087,-0.055241,-0.328987,0.866444,-0.375554,-0.663015,-0.495117,-0.561488,-0.672442,0.064276,0.737352,-1e-06,-3e-06,-1e-06,7e-06,-3e-06,2.1e-05,0.300762
502,0.082456,0.02224,0.375177,-0.249424,0.876974,-0.41079,-0.695131,-0.457412,-0.554563,-0.673935,0.146137,0.724212,-3e-06,-9e-06,-6e-06,0.0,0.0,0.0,0.360338,-0.090722,0.035287,0.340956,0.024151,0.991036,0.131358,-0.939454,0.067526,-0.335857,-0.341719,-0.116547,0.932474,0.012912,-0.000903,0.014183,-0.022755,-0.037524,0.024106,-1.404737,0.044166,0.035528,-0.014131,0.055353,-0.998056,0.028625,0.890077,0.036333,-0.454357,0.452433,0.050629,0.890359,0.006417,-0.000343,0.007173,-0.044024,-0.01086,0.038852,-0.825232,0.078681,0.033089,-0.055246,-0.329146,0.866369,-0.375587,-0.662947,-0.495258,-0.561444,-0.672431,0.064198,0.737369,1e-06,5e-06,4e-06,-1.7e-05,-1.4e-05,3e-06,0.300599
503,0.082444,0.022235,0.375174,-0.249606,0.876909,-0.41082,-0.69509,-0.457563,-0.554488,-0.673909,0.146059,0.724252,-0.000465,-0.00141,-0.000946,-0.000641,0.013555,-0.025425,0.360289,-0.090627,0.035194,0.341294,0.024637,0.991062,0.131077,-0.939731,0.067787,-0.335028,-0.340922,-0.116176,0.932812,-0.000242,-0.002051,0.014901,-0.033574,-0.010907,0.002899,-1.404373,0.044214,0.035481,-0.013963,0.05483,-0.998084,0.028645,0.890558,0.035909,-0.453448,0.451551,0.050372,0.890821,-0.000173,-0.000873,0.007565,-0.037417,-0.006109,0.005915,-0.826701,0.078677,0.033089,-0.055246,-0.329322,0.866289,-0.375617,-0.662893,-0.495408,-0.561375,-0.672398,0.064121,0.737406,-0.000232,-0.000698,-0.000467,-0.000683,0.013571,-0.025403,0.300599
504,0.082453,0.022225,0.375179,-0.24974,0.876864,-0.410834,-0.695079,-0.457665,-0.554418,-0.67387,0.146008,0.724298,-0.0,-0.0,-0.0,0.0,0.0,0.0,0.360054,-0.090445,0.034933,0.342062,0.023134,0.991768,0.125901,-0.93944,0.064739,-0.336444,-0.341826,-0.111746,0.933022,-0.000268,-0.001959,0.014959,0.011933,-0.070177,-0.038553,-1.404562,0.044304,0.035354,-0.013576,0.055662,-0.998184,0.022994,0.889808,0.039146,-0.454651,0.452925,0.045767,0.890372,-0.000157,-0.000943,0.007505,-0.007548,-0.043243,-0.024265,-0.820986,0.07868,0.033081,-0.055245,-0.329451,0.866234,-0.375631,-0.662872,-0.495511,-0.561309,-0.672355,0.064071,0.737449,1e-06,7e-06,7e-06,-0.004435,0.093564,-0.175434,0.300436
505,0.082454,0.022233,0.375172,-0.249861,0.876817,-0.41086,-0.695034,-0.457773,-0.554385,-0.673872,0.145949,0.724308,-0.0,-0.0,-0.0,0.0,0.0,0.0,0.35997,-0.090245,0.034688,0.342803,0.022138,0.992446,0.120631,-0.939094,0.062135,-0.337898,-0.342841,-0.107058,0.933199,-0.000538,-0.000951,0.015714,0.194588,-0.308259,-0.204094,-1.4046,0.044405,0.03523,-0.013212,0.055798,-0.998251,0.019489,0.889704,0.040853,-0.454705,0.453113,0.042711,0.890428,0.006007,0.001173,0.00831,0.365212,-0.553437,-0.306852,-0.821313,0.07868,0.033085,-0.055249,-0.329569,0.866178,-0.375657,-0.662817,-0.495617,-0.56128,-0.672351,0.064011,0.737458,-2e-06,3e-06,2e-06,-3.4e-05,-8e-06,2.1e-05,0.300436
506,0.082456,0.02224,0.375177,-0.249979,0.876775,-0.410879,-0.695008,-0.457871,-0.554337,-0.673855,0.145898,0.724335,1.5e-05,4.6e-05,3.1e-05,0.0,0.0,0.0,0.360095,-0.090139,0.034588,0.343171,0.022353,0.99247,0.120392,-0.939413,0.062154,-0.337009,-0.341955,-0.10682,0.933552,0.001827,-0.012805,0.023121,-0.066342,-0.010673,-0.021384,-1.404932,0.044457,0.035182,-0.013021,0.055794,-0.998288,0.01752,0.889586,0.041736,-0.454855,0.453346,0.040964,0.890392,0.000899,-0.0064,0.011558,-0.080152,0.008324,-0.010916,-0.821803,0.078682,0.033089,-0.055246,-0.329684,0.866126,-0.375675,-0.662782,-0.495714,-0.561236,-0.672329,0.063961,0.737482,6e-06,2.4e-05,1.7e-05,-1.9e-05,-1.9e-05,1.5e-05,0.300436
507,0.082447,0.022242,0.375178,-0.25028,0.876666,-0.410928,-0.694942,-0.45812,-0.554214,-0.673811,0.145768,0.724401,0.0,0.0,0.0,0.0,0.0,0.0,0.360198,-0.089919,0.034448,0.343827,0.022461,0.992316,0.121632,-0.939123,0.062766,-0.337702,-0.342742,-0.107897,0.933139,0.002121,-0.0139,0.022286,-0.069666,-0.00638,-0.018396,-1.40465,0.044561,0.035119,-0.012705,0.055846,-0.998258,0.018991,0.889274,0.041083,-0.455524,0.45395,0.042328,0.89002,4.4e-05,-0.001696,0.006916,-0.034361,-0.01068,0.003436,-0.821639,0.078677,0.03309,-0.055245,-0.329974,0.865995,-0.375724,-0.662693,-0.495961,-0.561123,-0.672274,0.063834,0.737544,-2e-06,-3e-06,-1e-06,-1.4e-05,-3.3e-05,-1e-06,0.300272
508,0.082435,0.022237,0.375175,-0.2506,0.876551,-0.41098,-0.694871,-0.458386,-0.554083,-0.673765,0.145631,0.724472,-4e-06,-1.1e-05,-7e-06,0.0,0.0,0.0,0.359277,-0.089661,0.034425,0.344391,0.023056,0.992347,0.121272,-0.93954,0.063066,-0.336484,-0.341559,-0.107436,0.933626,-0.000254,-0.00204,0.01485,-0.033695,-0.010771,0.003004,-1.404733,0.044696,0.035101,-0.012417,0.055185,-0.9983,0.018697,0.889891,0.040683,-0.454354,0.452821,0.041712,0.890624,0.006193,0.000446,0.007742,-0.047278,0.078144,-0.136225,-0.821149,0.078671,0.033087,-0.055247,-0.330284,0.865854,-0.375776,-0.662599,-0.496224,-0.561003,-0.672216,0.063698,0.737609,-1e-06,0.0,2e-06,-2e-05,-3e-06,1.2e-05,0.300109
509,0.082435,0.022237,0.375175,-0.250739,0.876501,-0.411002,-0.69484,-0.458501,-0.554027,-0.673745,0.145571,0.724502,-0.0,-0.0,-0.0,0.0,0.0,0.0,0.359108,-0.089322,0.034402,0.34492,0.023046,0.992373,0.121062,-0.939967,0.062852,-0.335328,-0.340381,-0.10732,0.934069,0.012803,-0.000624,0.014335,-0.047211,0.078014,-0.136548,-1.40475,0.04486,0.035091,-0.01215,0.055039,-0.998313,0.018475,0.890452,0.040705,-0.453251,0.451734,0.041397,0.891191,0.006454,-0.000534,0.006996,-0.031623,-0.026045,0.032375,-0.820986,0.078671,0.033088,-0.055247,-0.330419,0.865793,-0.375798,-0.662557,-0.496338,-0.560951,-0.672191,0.063639,0.737637,-0.0,3e-06,4e-06,-3.1e-05,8e-06,2.3e-05,0.299456
510,0.082437,0.022244,0.37518,-0.250996,0.876408,-0.411043,-0.694783,-0.458714,-0.553922,-0.673708,0.14546,0.724559,1.3e-05,3.9e-05,2.6e-05,0.0,0.0,0.0,0.358608,-0.089149,0.034382,0.345166,0.023223,0.992386,0.120924,-0.940163,0.062909,-0.334769,-0.339828,-0.107168,0.934288,0.000335,-0.004252,0.013168,-0.033686,-0.010802,0.002988,-1.404633,0.044951,0.035083,-0.012027,0.054967,-0.998318,0.018371,0.890721,0.040711,-0.452722,0.451212,0.041248,0.891461,0.006543,-0.000869,0.00674,-0.033908,-0.011009,0.007867,-0.821313,0.078672,0.033091,-0.055245,-0.330668,0.86568,-0.375839,-0.662481,-0.496548,-0.560854,-0.672143,0.063529,0.737689,5e-06,1.9e-05,1.3e-05,-0.004429,0.09356,-0.175434,0.299129
511,0.082428,0.022246,0.375181,-0.251296,0.876299,-0.411091,-0.694716,-0.458963,-0.553799,-0.673664,0.14533,0.724626,0.0,0.0,0.0,0.0,0.0,0.0,0.357919,-0.08864,0.034449,0.345692,0.014176,0.992018,0.125262,-0.942205,0.055292,-0.330341,-0.33462,-0.114593,0.935286,0.012681,-0.000221,0.01462,-0.262568,0.274317,0.238053,-1.404835,0.045201,0.035113,-0.011766,0.064738,-0.997699,0.020099,0.892366,0.048865,-0.448656,0.446642,0.046981,0.893477,0.01158,0.006835,0.003555,-0.391391,0.494195,0.393099,-0.822456,0.078667,0.033092,-0.055244,-0.330959,0.865548,-0.375887,-0.662391,-0.496795,-0.560741,-0.672088,0.063402,0.737751,-1e-06,-2e-06,-1e-06,-2.2e-05,-2e-05,2e-06,0.298803
512,0.082435,0.022237,0.375175,-0.251432,0.87625,-0.411112,-0.694686,-0.459075,-0.553744,-0.673645,0.145271,0.724656,-0.0,-1e-06,-1e-06,0.0,0.0,0.0,0.358141,-0.088099,0.034503,0.346214,0.004664,0.991867,0.127155,-0.94366,0.046541,-0.327525,-0.330757,-0.119716,0.936018,0.013046,-0.001597,0.013577,-0.0331,-0.023967,0.032238,-1.404854,0.045471,0.035143,-0.011502,0.074144,-0.996994,0.022449,0.894161,0.056495,-0.444165,0.441562,0.053006,0.895663,0.006593,-0.001086,0.006566,-0.022385,-0.022757,-0.002162,-0.823435,0.078671,0.033087,-0.055247,-0.33109,0.865489,-0.375908,-0.662351,-0.496905,-0.560691,-0.672063,0.063344,0.737778,-0.0,4e-06,4e-06,-1.3e-05,-6e-06,8e-06,0.29815
513,0.082436,0.022245,0.375168,-0.251692,0.876153,-0.41116,-0.69461,-0.459298,-0.553655,-0.673626,0.145152,0.724697,-0.0,-0.0,-0.0,0.0,0.0,0.0,0.357821,-0.0878,0.034499,0.346456,0.006199,0.991586,0.129273,-0.944349,0.048424,-0.32526,-0.328764,-0.121315,0.936515,0.025681,0.001341,0.014211,-0.03851,-0.029734,0.069332,-1.404704,0.045616,0.035139,-0.011382,0.072894,-0.997028,0.024896,0.895288,0.054416,-0.442151,0.439482,0.054519,0.896594,0.006615,-0.001168,0.0065,-0.022062,-0.039614,0.027797,-0.825068,0.078671,0.033091,-0.055251,-0.331342,0.865372,-0.375956,-0.662255,-0.497125,-0.56061,-0.672034,0.063225,0.737815,1e-06,2e-06,3e-06,-4e-05,2.4e-05,2.6e-05,0.297986
514,0.082439,0.02226,0.375166,-0.25207,0.876013,-0.411227,-0.694507,-0.45962,-0.553517,-0.67359,0.144982,0.724765,0.0,0.0,0.0,0.0,0.0,0.0,0.35748,-0.087189,0.034533,0.346896,-0.001982,0.990709,0.135954,-0.94673,0.042022,-0.319172,-0.321889,-0.130595,0.937654,0.013479,-0.003198,0.012371,-0.996349,2.02528,-4.988591,-1.404965,0.045925,0.035159,-0.01116,0.076152,-0.996639,0.030156,0.897753,0.055374,-0.437003,0.433865,0.060351,0.898953,0.005546,0.004242,0.002375,-0.32356,0.398626,0.3305,-0.820496,0.078673,0.033099,-0.055251,-0.331708,0.865203,-0.376022,-0.662124,-0.497441,-0.560485,-0.671983,0.063056,0.737876,-1e-06,-4e-06,-3e-06,-1.2e-05,-1.4e-05,1.2e-05,0.297823
515,0.082439,0.02226,0.375166,-0.252487,0.875862,-0.411293,-0.694414,-0.459964,-0.553347,-0.673529,0.144802,0.724857,0.0,0.0,0.0,0.0,0.0,0.0,0.356019,-0.086664,0.03448,0.347234,-0.000278,0.990206,0.139581,-0.946741,0.044784,-0.318761,-0.321863,-0.133486,0.937256,0.014215,-0.005849,0.010391,-0.037247,-0.006841,0.010595,-1.404889,0.046187,0.035138,-0.010993,0.080469,-0.996163,0.03439,0.898247,0.057518,-0.435709,0.432059,0.065952,0.89943,0.005937,0.00282,0.001313,0.015892,-0.048995,0.045228,-0.820333,0.078673,0.033099,-0.055251,-0.33211,0.86502,-0.376088,-0.662,-0.497781,-0.560329,-0.671906,0.062879,0.737962,1e-06,-2e-06,-2e-06,-2e-05,-1.8e-05,-9e-06,0.296517
516,0.082441,0.022267,0.375171,-0.252744,0.875769,-0.411333,-0.694357,-0.460177,-0.553243,-0.673492,0.144691,0.724914,0.000395,0.001198,0.000804,0.0,0.0,0.0,0.355811,-0.086285,0.034434,0.347473,0.001602,0.98932,0.145721,-0.947192,0.048327,-0.316899,-0.320532,-0.138767,0.936945,-0.000705,0.002528,0.001884,-0.326524,0.42296,0.286661,-1.405338,0.046384,0.035105,-0.01087,0.079723,-0.996079,0.038342,0.898361,0.055128,-0.435782,0.43196,0.069187,0.899234,0.006999,-0.002541,0.005474,-0.022781,-0.038785,0.026294,-0.821966,0.078673,0.033099,-0.055251,-0.332379,0.864897,-0.376132,-0.661917,-0.498008,-0.560225,-0.671855,0.062761,0.738018,1e-06,-1e-06,-1e-06,-2.2e-05,-1.2e-05,-1e-06,0.295864
517,0.082432,0.022277,0.375166,-0.253027,0.875663,-0.411385,-0.694275,-0.460419,-0.553143,-0.673469,0.144562,0.724961,7e-06,2.1e-05,1.4e-05,0.0,0.0,0.0,0.354402,-0.086098,0.034466,0.347596,0.002441,0.988734,0.14963,-0.947004,0.050447,-0.31713,-0.321082,-0.142175,0.936245,0.013632,-0.003745,0.011958,-0.099498,0.06107,0.091371,-1.404919,0.046472,0.03512,-0.010815,0.079067,-0.995856,0.04491,0.899092,0.051781,-0.434684,0.430558,0.074747,0.899461,0.005821,0.003232,0.001621,-0.065633,0.059573,0.085392,-0.822129,0.07867,0.033108,-0.055252,-0.332633,0.864779,-0.376181,-0.66182,-0.498229,-0.560143,-0.671825,0.062642,0.738055,2e-06,4e-06,3e-06,-1.3e-05,-1.5e-05,-6e-06,0.295374
518,0.082423,0.022279,0.375167,-0.253188,0.875604,-0.411411,-0.694239,-0.460553,-0.553077,-0.673446,0.144493,0.724996,0.0,0.0,0.0,0.0,0.0,0.0,0.353715,-0.085771,0.034757,0.347849,0.002132,0.986421,0.164198,-0.948319,0.054192,-0.312549,-0.317179,-0.156291,0.935325,0.010207,0.011554,0.00703,-0.147502,0.163868,0.180935,-1.405231,0.046639,0.035256,-0.010689,0.081183,-0.994929,0.059367,0.901214,0.047835,-0.430724,0.4257,0.08847,0.900528,0.005061,0.005918,0.003615,-0.174763,0.194706,0.19344,-0.822292,0.078665,0.033109,-0.055251,-0.332789,0.864707,-0.376207,-0.661772,-0.498362,-0.560082,-0.671795,0.062575,0.738088,1e-06,-3e-06,-2e-06,-8e-06,-1.2e-05,-7e-06,0.293904
519,0.08243,0.02227,0.375161,-0.253463,0.875504,-0.411454,-0.694177,-0.46078,-0.552965,-0.673406,0.144374,0.725057,-1e-06,-4e-06,-3e-06,0.0,0.0,0.0,0.353564,-0.085484,0.035196,0.348175,-0.004942,0.98474,0.173935,-0.948932,0.050345,-0.311332,-0.315304,-0.167834,0.933958,0.009436,0.014199,0.008967,-0.00702,-0.107909,0.272931,-1.405066,0.046786,0.03548,-0.010523,0.0892,-0.99365,0.068575,0.901823,0.051347,-0.429042,0.422796,0.100113,0.900677,0.004684,0.007206,0.004556,0.023141,-0.158023,0.246808,-0.822946,0.078668,0.033104,-0.055254,-0.333054,0.864586,-0.37625,-0.661689,-0.498586,-0.55998,-0.671744,0.062457,0.738144,2e-06,4e-06,1e-06,-1.4e-05,8e-06,-0.0,0.293414
520,0.08243,0.02227,0.375161,-0.253601,0.875454,-0.411476,-0.694146,-0.460895,-0.552909,-0.673386,0.144314,0.725088,-0.0,-0.0,-0.0,0.0,0.0,0.0,0.353632,-0.085391,0.035388,0.348373,-0.008798,0.983608,0.180083,-0.94955,0.048336,-0.309761,-0.31335,-0.174964,0.933307,0.009707,0.013195,0.008209,-0.304431,0.371935,0.156352,-1.405036,0.046828,0.035576,-0.01043,0.093668,-0.993015,0.071742,0.901648,0.05405,-0.429078,0.422204,0.104876,0.900413,0.004776,0.006867,0.004304,-0.297637,0.446176,-1.53054,-0.822129,0.078669,0.033104,-0.055254,-0.333189,0.864525,-0.376272,-0.661648,-0.4987,-0.559928,-0.671719,0.062398,0.738172,1e-06,4e-06,2e-06,-1.6e-05,-4e-06,-2e-06,0.293251
521,0.082438,0.022269,0.375148,-0.253858,0.875357,-0.411523,-0.69407,-0.461115,-0.552821,-0.673367,0.144195,0.725129,-1.8e-05,-5.5e-05,-3.7e-05,0.0,0.0,0.0,0.353276,-0.085318,0.035672,0.348698,-0.007009,0.981379,0.19193,-0.948964,0.054085,-0.310605,-0.315166,-0.185549,0.930648,-0.002069,0.007322,0.005395,-0.191602,0.241332,0.163939,-1.404891,0.046867,0.035726,-0.010256,0.093546,-0.99194,0.085459,0.901874,0.048065,-0.429314,0.421747,0.117234,0.899102,-0.001212,0.004269,0.003142,-0.275812,0.331856,0.254256,-0.82017,0.078672,0.033103,-0.055261,-0.333437,0.864409,-0.376319,-0.661552,-0.498916,-0.559848,-0.67169,0.06228,0.738209,-9e-06,-2.6e-05,-1.8e-05,-4e-06,1e-06,6e-06,0.292598
522,0.082438,0.022269,0.375148,-0.254274,0.875206,-0.411588,-0.693977,-0.461459,-0.552651,-0.673306,0.144016,0.725221,-0.0,-0.0,-0.0,0.0,0.0,0.0,0.353304,-0.085358,0.035763,0.349009,-0.006674,0.980292,0.19742,-0.948151,0.056622,-0.312629,-0.317611,-0.190507,0.928813,0.000654,-0.005454,0.012197,-0.03667,0.004845,-0.021025,-1.404646,0.046846,0.035776,-0.010103,0.093671,-0.991378,0.091621,0.901158,0.045304,-0.431116,0.423248,0.122948,0.897632,-0.000891,0.00314,0.002309,0.010262,-0.029656,0.016631,-0.817883,0.078673,0.033103,-0.055261,-0.33384,0.864225,-0.376384,-0.661427,-0.499257,-0.559693,-0.671613,0.062103,0.738294,1e-06,4e-06,2e-06,-2.9e-05,2.2e-05,2.1e-05,0.292434
523,0.082437,0.02227,0.375137,-0.254692,0.87505,-0.411661,-0.693864,-0.461814,-0.552497,-0.673263,0.143828,0.725298,-7e-06,-2.1e-05,-1.4e-05,0.0,0.0,0.0,0.352971,-0.085373,0.035791,0.349162,-0.007115,0.97996,0.199048,-0.947492,0.057125,-0.314531,-0.319562,-0.19207,0.927821,-0.001582,0.005599,0.004111,-1.2e-05,1.5e-05,1e-05,-1.404886,0.046827,0.035796,-0.009948,0.094745,-0.990727,0.097371,0.900261,0.043521,-0.433167,0.424913,0.1287,0.896038,-0.000908,0.003199,0.002345,0.024018,-0.016688,0.018497,-0.820823,0.078672,0.033104,-0.055266,-0.334245,0.864037,-0.376456,-0.661282,-0.499606,-0.559552,-0.671554,0.061917,0.738363,-2e-06,-7e-06,-4e-06,-6e-06,-1.3e-05,3e-06,0.292271
524,0.082435,0.02227,0.375126,-0.254833,0.874996,-0.41169,-0.693814,-0.461938,-0.552455,-0.673262,0.14376,0.725313,-0.000207,-0.000626,-0.00042,0.0,0.0,0.0,0.352796,-0.085409,0.035828,0.34947,-0.007225,0.979146,0.203006,-0.947465,0.05831,-0.314396,-0.31964,-0.195847,0.927004,0.000709,-0.005649,0.012045,-0.035942,0.003917,-0.021654,-1.40483,0.046821,0.035806,-0.009874,0.094883,-0.990744,0.097069,0.900322,0.043798,-0.433012,0.424753,0.128479,0.896145,-0.000875,0.003085,0.00226,-0.010682,0.082768,-0.147865,-0.82066,0.078671,0.033105,-0.055271,-0.334382,0.863971,-0.376485,-0.661221,-0.499727,-0.559516,-0.671546,0.061848,0.738376,-0.000136,-0.000412,-0.000275,-2.9e-05,4e-06,7e-06,0.292108
525,0.082423,0.022266,0.375122,-0.255153,0.874878,-0.411741,-0.693741,-0.462203,-0.552324,-0.673215,0.143623,0.725384,-1.3e-05,-4e-05,-2.7e-05,0.0,0.0,0.0,0.353005,-0.085286,0.035903,0.349798,-0.007238,0.979171,0.202889,-0.947663,0.058139,-0.31383,-0.319052,-0.195776,0.927222,0.000313,-0.004246,0.013065,-0.033604,-0.011095,0.002834,-1.404591,0.046883,0.03584,-0.009713,0.094909,-0.990758,0.096899,0.900568,0.043971,-0.432484,0.424226,0.128311,0.896419,0.005387,0.004623,0.002618,0.0043,-0.030111,0.053722,-0.822129,0.078665,0.033101,-0.055274,-0.334691,0.863829,-0.376537,-0.661125,-0.49999,-0.559395,-0.671487,0.061713,0.738441,-3e-06,-1.1e-05,-8e-06,-1.4e-05,1.8e-05,2.7e-05,0.291618
526,0.082416,0.022244,0.375108,-0.255352,0.874805,-0.411772,-0.693696,-0.462368,-0.552243,-0.673185,0.143537,0.725428,-9.5e-05,-0.000289,-0.000194,0.0,0.0,0.0,0.35246,-0.084894,0.036045,0.350201,-0.006131,0.978734,0.205021,-0.948422,0.059385,-0.311293,-0.316813,-0.197589,0.927605,0.012819,-0.001133,0.013812,-0.0339,-0.011335,0.007567,-1.405114,0.047074,0.035912,-0.00951,0.094056,-0.990608,0.099235,0.901744,0.042526,-0.430172,0.421913,0.129945,0.897275,0.005114,0.005552,0.003285,0.007823,-0.034609,0.051141,-0.823272,0.078662,0.033091,-0.055281,-0.334884,0.863741,-0.376568,-0.661065,-0.500152,-0.559321,-0.67145,0.061628,0.738482,-5.6e-05,-0.000167,-0.000111,-1.3e-05,-1.7e-05,-6e-06,0.291128
527,0.082421,0.022228,0.375097,-0.255647,0.874698,-0.411817,-0.69363,-0.462611,-0.552123,-0.673142,0.143409,0.725493,-0.000195,-0.00059,-0.000396,-0.004413,0.093572,-0.175453,0.35245,-0.084564,0.036112,0.350426,-0.011378,0.978723,0.204848,-0.948898,0.054136,-0.310798,-0.315233,-0.19915,0.927809,0.010707,0.009416,0.005345,-0.013773,0.076401,-0.128484,-1.404979,0.04724,0.035942,-0.009394,0.099124,-0.990204,0.098338,0.901956,0.047668,-0.429187,0.420295,0.131239,0.897846,0.012788,0.000528,0.006936,-0.039729,-0.011627,-0.004848,-0.823599,0.078664,0.033083,-0.055286,-0.335035,0.863672,-0.376592,-0.661018,-0.50028,-0.559262,-0.671421,0.061562,0.738514,-0.000122,-0.000366,-0.000245,-1.8e-05,-6e-06,3e-06,0.290801
528,0.082407,0.022216,0.375089,-0.255986,0.874573,-0.411871,-0.693552,-0.462893,-0.551984,-0.673092,0.143263,0.725569,-1.2e-05,-3.5e-05,-2.4e-05,0.0,0.0,0.0,0.352353,-0.083591,0.036069,0.350887,-0.015594,0.97877,0.204348,-0.949597,0.049589,-0.309418,-0.312936,-0.200107,0.928381,0.026487,-0.002077,0.0116,-0.02948,-0.041627,0.061259,-1.404818,0.047719,0.035928,-0.009163,0.103417,-0.989862,0.097347,0.902519,0.052253,-0.427467,0.418047,0.132065,0.898774,0.01457,-0.007262,0.009328,-0.066992,-0.022671,0.015238,-0.824579,0.078657,0.033076,-0.055291,-0.335497,0.863459,-0.376667,-0.660873,-0.500672,-0.559082,-0.671332,0.061359,0.738611,2e-06,5e-06,3e-06,-2.2e-05,1.2e-05,1.2e-05,0.290638
529,0.082402,0.022202,0.37508,-0.256165,0.874508,-0.4119,-0.693512,-0.463041,-0.551911,-0.673065,0.143186,0.725608,-1.1e-05,-3.4e-05,-2.3e-05,0.0,0.0,0.0,0.351509,-0.082474,0.035907,0.351272,-0.013514,0.97841,0.206207,-0.950536,0.051523,-0.306202,-0.310172,-0.201379,0.929033,0.027551,-0.005638,0.009,-0.086456,0.041642,0.082559,-1.404821,0.048277,0.03585,-0.008969,0.101563,-0.989828,0.099616,0.904031,0.050035,-0.424527,0.415225,0.133172,0.899918,0.013854,-0.003109,0.00427,-0.091431,0.047653,0.087814,-0.823272,0.078655,0.033069,-0.055295,-0.33567,0.86338,-0.376695,-0.66082,-0.500817,-0.559015,-0.671298,0.061283,0.738648,-1e-06,-4e-06,-1e-06,7e-06,8e-06,1.6e-05,0.289985
530,0.08241,0.022193,0.375074,-0.256301,0.874458,-0.41192,-0.693481,-0.463152,-0.551856,-0.673045,0.143127,0.725638,-4.8e-05,-0.000145,-9.8e-05,0.0,0.0,0.0,0.350978,-0.081897,0.035839,0.351435,-0.018825,0.978018,0.207646,-0.950283,0.047153,-0.30769,-0.310667,-0.204347,0.928219,0.027677,-0.006002,0.00873,-0.032309,-0.025894,0.037208,-1.405039,0.048566,0.035815,-0.008888,0.10697,-0.989176,0.100431,0.903289,0.054475,-0.425559,0.415482,0.13624,0.899339,0.020145,-0.00162,0.004586,-0.029015,-0.039732,0.035278,-0.823599,0.078658,0.033065,-0.055298,-0.335801,0.86332,-0.376716,-0.660779,-0.500928,-0.558964,-0.671273,0.061225,0.738676,-2.5e-05,-7.5e-05,-4.9e-05,-1.7e-05,1.1e-05,8e-06,0.289495
531,0.082412,0.02217,0.375058,-0.256615,0.874343,-0.411969,-0.69341,-0.463412,-0.551728,-0.672999,0.14299,0.725708,-0.000184,-0.000557,-0.000374,0.0,0.0,0.0,0.348973,-0.080788,0.035841,0.351646,-0.02021,0.976252,0.215671,-0.951659,0.047435,-0.303363,-0.306337,-0.212606,0.927803,0.025149,0.005899,0.001227,-0.125037,0.129961,0.165802,-1.404919,0.049122,0.035807,-0.008783,0.109376,-0.988109,0.10806,0.905156,0.054085,-0.421623,0.410765,0.143926,0.900309,0.013714,-0.002535,0.00468,-0.209548,0.192054,0.181402,-0.824579,0.07866,0.033054,-0.055306,-0.336106,0.86318,-0.376765,-0.660684,-0.501185,-0.558846,-0.671214,0.061091,0.73874,-9.5e-05,-0.000291,-0.000195,3e-06,-1e-06,3e-06,0.287699
532,0.08241,0.022163,0.375053,-0.256912,0.874234,-0.412015,-0.693342,-0.463658,-0.551606,-0.672955,0.142862,0.725774,-2e-06,-6e-06,-4e-06,0.0,0.0,0.0,0.346229,-0.07988,0.036081,0.351695,-0.019987,0.973365,0.228371,-0.953869,0.049962,-0.295925,-0.2994,-0.224977,0.92715,0.012502,0.003195,0.000787,-0.089569,0.097775,0.104795,-1.405086,0.049572,0.035925,-0.008759,0.110551,-0.986407,0.121565,0.908688,0.050773,-0.414375,0.40257,0.156274,0.90195,0.006247,0.001611,0.000388,-0.099703,0.108737,0.115173,-0.825395,0.078658,0.03305,-0.055309,-0.336393,0.863048,-0.376811,-0.660594,-0.501428,-0.558735,-0.671159,0.060965,0.738801,5e-06,1.5e-05,1e-05,-1.1e-05,-2e-06,-4e-06,0.28476
533,0.082392,0.022158,0.375074,-0.25725,0.874115,-0.412056,-0.693301,-0.463922,-0.551435,-0.672867,0.142732,0.725881,0.000243,0.000736,0.000494,0.0,0.0,0.0,0.34349,-0.079245,0.036264,0.351689,-0.014346,0.970002,0.242658,-0.95503,0.058674,-0.290533,-0.29601,-0.237135,0.925207,0.012774,0.002297,0.000128,-0.212243,0.164177,0.387949,-1.405538,0.049898,0.036021,-0.00876,0.106826,-0.984935,0.135979,0.91082,0.042094,-0.41065,0.39874,0.167721,0.901596,0.005289,0.006447,-0.004169,-0.276664,0.364508,0.304998,-0.825395,0.078649,0.033046,-0.055299,-0.336721,0.862902,-0.376852,-0.660528,-0.501694,-0.558573,-0.671059,0.060838,0.738902,0.000161,0.000502,0.00034,-4.1e-05,7e-06,2e-06,0.281331
534,0.082373,0.022163,0.375077,-0.257434,0.874047,-0.412087,-0.693259,-0.464075,-0.551359,-0.67284,0.142654,0.725922,4e-06,1.1e-05,7e-06,0.0,0.0,0.0,0.341763,-0.079057,0.036356,0.35167,-0.011066,0.967952,0.250874,-0.955824,0.063543,-0.286873,-0.29358,-0.244185,0.924147,0.012498,0.003205,0.00079,-0.225023,0.261589,0.215013,-1.405195,0.049993,0.036065,-0.008771,0.104332,-0.983927,0.144916,0.912467,0.036738,-0.407495,0.395622,0.174746,0.901635,0.006244,0.001621,0.0004,-0.293444,0.340841,0.267359,-0.825558,0.07864,0.03305,-0.055296,-0.336899,0.862819,-0.376882,-0.660472,-0.501846,-0.558503,-0.671025,0.060761,0.73894,-1e-06,3e-06,2e-06,-2.4e-05,-5e-06,-1e-06,0.279371
535,0.082358,0.022181,0.375089,-0.257716,0.873942,-0.412132,-0.693195,-0.46431,-0.551243,-0.672798,0.142533,0.725985,5e-06,1.5e-05,1e-05,0.0,0.0,0.0,0.339911,-0.078946,0.036474,0.351655,-0.012778,0.963626,0.266935,-0.956658,0.065973,-0.283526,-0.290781,-0.260201,0.920655,-0.000123,0.000404,0.000294,-0.327581,0.400374,0.268068,-1.404898,0.050053,0.036125,-0.008778,0.108043,-0.981235,0.159699,0.913401,0.034563,-0.405589,0.392459,0.18969,0.899995,-7.6e-05,0.000252,0.000179,-0.333036,0.312967,0.453111,-0.826701,0.078633,0.03306,-0.05529,-0.337172,0.862693,-0.376927,-0.660387,-0.502077,-0.558397,-0.670972,0.060642,0.738998,-3e-06,-5e-06,-2e-06,-7e-06,-2.3e-05,-1.1e-05,0.275942
536,0.082361,0.022196,0.375087,-0.257956,0.873851,-0.412176,-0.693122,-0.464516,-0.551161,-0.672781,0.142423,0.726022,0.0,0.0,0.0,0.0,0.0,0.0,0.337822,-0.079259,0.036651,0.351454,-0.009127,0.954959,0.296585,-0.955828,0.078886,-0.283025,-0.293636,-0.287268,0.911656,-0.014775,0.007668,-0.009023,-0.547667,0.745844,0.689688,-1.404896,0.049907,0.036209,-0.008872,0.108109,-0.976015,0.188961,0.913088,0.022313,-0.40715,0.393168,0.216555,0.8936,-0.007382,0.00383,-0.004524,0.236875,1.097725,0.538878,-0.827681,0.078634,0.033067,-0.055291,-0.337403,0.862584,-0.376971,-0.660296,-0.502279,-0.558323,-0.670946,0.060533,0.739031,-3e-06,-1.1e-05,-7e-06,1e-05,-1.9e-05,-8e-06,0.273656
537,0.082371,0.022194,0.375086,-0.257933,0.87386,-0.412172,-0.693127,-0.464496,-0.551171,-0.672785,0.142432,0.726017,0.0,0.0,0.0,0.0,0.0,0.0,0.336104,-0.079501,0.036893,0.351277,-0.004384,0.949189,0.314664,-0.956603,0.087776,-0.27774,-0.291216,-0.30342,0.907189,-0.015368,0.009659,-0.007568,-0.064863,1.336935,0.708219,-1.40458,0.049782,0.036329,-0.008967,0.105126,-0.972435,0.208131,0.915484,0.012898,-0.402146,0.388376,0.232817,0.891604,-0.001539,0.006765,-0.003199,1.606772,2.400774,0.263049,-0.830457,0.078639,0.033066,-0.055292,-0.33738,0.862594,-0.376967,-0.660303,-0.502259,-0.558332,-0.67095,0.060542,0.739026,-0.0,-6e-06,-7e-06,1.5e-05,-4.4e-05,-3.6e-05,0.271696
538,0.08237,0.022186,0.375093,-0.258227,0.873754,-0.412211,-0.693078,-0.464732,-0.551034,-0.672722,0.142312,0.726098,0.0,0.0,0.0,0.0,0.0,0.0,0.333997,-0.080184,0.037462,0.350909,-0.002488,0.938283,0.345846,-0.954857,0.100578,-0.279404,-0.296915,-0.332108,0.895214,-0.015496,0.010179,-0.007188,0.028719,0.403792,0.126158,-1.404319,0.049439,0.036616,-0.009149,0.106092,-0.964055,0.243601,0.915107,-0.001178,-0.403206,0.389,0.265698,0.882089,-0.015204,0.009221,-0.007876,0.553995,0.837015,0.06998,-0.829641,0.078638,0.033062,-0.055288,-0.337665,0.862466,-0.377006,-0.660232,-0.502494,-0.558204,-0.670876,0.060426,0.739102,2e-06,-3e-06,-4e-06,1.1e-05,-2.6e-05,-3.1e-05,0.267941
539,0.082366,0.02221,0.375097,-0.258469,0.873661,-0.412256,-0.693004,-0.46494,-0.550951,-0.672705,0.142201,0.726136,0.000208,0.000631,0.000424,0.0,0.0,0.0,0.332673,-0.081168,0.037856,0.350492,-0.021763,0.915768,0.401107,-0.948945,0.10743,-0.296474,-0.314538,-0.38823,0.866145,-0.027535,0.005694,-0.008923,-0.023533,1.680503,0.095006,-1.404153,0.048951,0.036816,-0.009357,0.130952,-0.946452,0.29509,0.906663,-0.006067,-0.42181,0.401013,0.322784,0.857319,-0.014933,0.00838,-0.008535,1.792858,2.865831,-0.497341,-0.831763,0.078636,0.033073,-0.055287,-0.337899,0.862354,-0.377051,-0.660139,-0.502698,-0.55813,-0.670849,0.060315,0.739136,0.000163,0.000489,0.000328,-6e-06,4e-06,-9e-06,0.266145
540,0.082351,0.022221,0.375116,-0.258769,0.873553,-0.412298,-0.692954,-0.465181,-0.550811,-0.672641,0.14208,0.726219,5.9e-05,0.000177,0.000119,0.0,0.0,0.0,0.32628,-0.082332,0.038248,0.350129,-0.047675,0.894415,0.44468,-0.949451,0.097772,-0.29819,-0.310095,-0.437538,0.843958,-0.028583,0.009435,-0.006216,-0.478974,1.259947,-0.459583,-1.404281,0.048372,0.037005,-0.009543,0.160566,-0.927126,0.338606,0.906632,0.002926,-0.42191,0.390173,0.374736,0.841033,-0.014211,0.004451,-0.003286,-0.300623,1.134202,-0.009296,-0.824742,0.078629,0.03308,-0.055277,-0.338189,0.862222,-0.377093,-0.660066,-0.502939,-0.557999,-0.670775,0.060197,0.739213,3.2e-05,9.5e-05,6.3e-05,-1.3e-05,-0.0,-1.1e-05,0.260756
541,0.082337,0.022239,0.375128,-0.258913,0.873499,-0.412321,-0.692921,-0.465301,-0.550752,-0.67262,0.142019,0.72625,0.000163,0.000493,0.000331,0.0,0.0,0.0,0.322832,-0.082896,0.038367,0.35006,-0.043761,0.88466,0.46417,-0.946496,0.112045,-0.302532,-0.319563,-0.453681,0.831815,-0.026347,-0.001336,0.00205,-0.597207,1.438431,-0.771311,-1.404326,0.048089,0.03707,-0.00958,0.158347,-0.91981,0.358992,0.903882,-0.011295,-0.427632,0.397395,0.392201,0.829611,-0.014452,0.005318,-0.002649,-0.204559,0.845175,-0.851277,-0.819517,0.078622,0.033088,-0.055271,-0.338329,0.862157,-0.377117,-0.660022,-0.503057,-0.557944,-0.670748,0.060137,0.739242,9.9e-05,0.000302,0.000204,8e-06,4e-06,-0.0,0.256021
542,0.082325,0.022256,0.375163,-0.259329,0.873351,-0.412374,-0.692862,-0.46563,-0.550548,-0.67252,0.141856,0.726375,9.1e-05,0.000275,0.000184,0.0,0.0,0.0,0.315992,-0.084031,0.038558,0.350118,-0.032835,0.859666,0.509792,-0.939308,0.147794,-0.3095,-0.341341,-0.49009,0.801973,-0.027721,0.0036,0.00559,0.848179,1.446213,0.626458,-1.40424,0.047523,0.037159,-0.009555,0.152905,-0.900193,0.407764,0.898656,-0.045005,-0.436337,0.41114,0.433158,0.802083,-0.01391,0.002135,0.002973,4.18609,1.534943,3.327966,-0.820986,0.078616,0.033098,-0.055253,-0.338731,0.861976,-0.377169,-0.659933,-0.503387,-0.557754,-0.670633,0.059978,0.739359,4.6e-05,0.000142,9.5e-05,-3e-06,-6e-06,-1.1e-05,0.246876
543,0.082286,0.022287,0.375196,-0.259657,0.873231,-0.412422,-0.692805,-0.465895,-0.550396,-0.672453,0.141724,0.726463,0.00036,0.001088,0.00073,0.0,0.0,0.0,0.311162,-0.084941,0.038841,0.350559,-0.023044,0.834722,0.550182,-0.932539,0.180457,-0.312635,-0.36019,-0.521314,0.773536,-0.027054,-0.001632,0.01779,-0.305463,0.959113,-0.476227,-1.404017,0.047074,0.037297,-0.009344,0.145456,-0.879472,0.453178,0.893629,-0.079781,-0.441657,0.42458,0.469215,0.774317,-0.007494,0.001342,0.009724,0.429732,0.658237,0.890422,-0.816087,0.078596,0.033111,-0.055238,-0.339049,0.861831,-0.377217,-0.659851,-0.503652,-0.557612,-0.670553,0.05985,0.739443,0.000231,0.000698,0.000469,-5e-06,2e-06,-6e-06,0.238875
544,0.082259,0.022293,0.375211,-0.259861,0.873157,-0.412449,-0.692776,-0.466057,-0.550295,-0.672403,0.141645,0.726525,9.6e-05,0.000291,0.000195,0.0,0.0,0.0,0.310148,-0.085301,0.03894,0.350893,-0.022223,0.824351,0.565635,-0.929309,0.191631,-0.315589,-0.368492,-0.533693,0.761084,-0.027507,8.2e-05,0.018979,-0.345681,0.951645,-0.581094,-1.404172,0.046893,0.03735,-0.00918,0.145749,-0.870978,0.469206,0.890553,-0.091062,-0.44567,0.430895,0.48281,0.76238,-0.007518,0.001427,0.009767,-0.397448,1.103668,-0.29208,-0.81821,0.078583,0.033116,-0.055229,-0.339247,0.861741,-0.377244,-0.659807,-0.503815,-0.557517,-0.670497,0.059773,0.7395,-0.006255,0.00165,0.001065,-0.000987,0.014722,-0.029548,0.235609
545,0.082243,0.022265,0.375217,-0.260236,0.873024,-0.412495,-0.692726,-0.466351,-0.550108,-0.672309,0.141499,0.72664,-7e-05,-0.000213,-0.000143,0.0,0.0,0.0,0.310205,-0.085822,0.039101,0.351704,-0.02168,0.807344,0.589675,-0.923157,0.21031,-0.321689,-0.383672,-0.552346,0.739982,-0.003038,0.007622,0.021363,-0.277208,0.691771,-0.202176,-1.404058,0.046622,0.037435,-0.008776,0.147853,-0.856633,0.494285,0.884658,-0.108893,-0.453344,0.442174,0.504302,0.741728,-0.001568,0.003918,0.010768,-0.341371,0.999273,-0.082849,-0.818863,0.078575,0.033102,-0.055226,-0.33961,0.861578,-0.37729,-0.659729,-0.50411,-0.557342,-0.670389,0.05963,0.739609,-5.4e-05,-0.000165,-0.00011,-1.2e-05,8e-06,6e-06,0.233487
546,0.082247,0.022224,0.375237,-0.260442,0.87296,-0.4125,-0.692751,-0.466489,-0.549959,-0.672203,0.141439,0.72675,-0.0,-1e-06,-1e-06,0.0,0.0,0.0,0.30951,-0.086021,0.039172,0.352806,-0.021366,0.789401,0.613499,-0.915848,0.230688,-0.328539,-0.40082,-0.569877,0.717249,-0.001725,-0.000106,0.031716,2.732813,1.751773,-0.048625,-1.403982,0.046519,0.03747,-0.008231,0.152715,-0.841359,0.518451,0.879879,-0.123114,-0.458971,0.449988,0.526266,0.721493,-0.000859,-0.000144,0.015799,-0.434821,0.954633,-0.042961,-0.813965,0.078577,0.033081,-0.055216,-0.339809,0.861497,-0.377295,-0.659741,-0.504254,-0.557197,-0.670276,0.059576,0.739715,3e-06,8e-06,4e-06,-2e-05,1.7e-05,7e-06,0.23267
547,0.082275,0.022184,0.375283,-0.260853,0.872827,-0.412523,-0.692766,-0.466781,-0.549693,-0.672028,0.141303,0.726938,4.2e-05,0.000127,8.5e-05,0.0,0.0,0.0,0.308628,-0.086109,0.038741,0.354135,-0.042495,0.770624,0.635864,-0.910612,0.232031,-0.341881,-0.410918,-0.594515,0.691058,0.001871,-0.015954,0.036413,-0.36787,0.734986,-0.01173,-1.403248,0.04647,0.03727,-0.007549,0.173032,-0.823324,0.540552,0.870658,-0.128715,-0.474748,0.460448,0.552783,0.694563,0.001018,-0.008358,0.017943,-0.409185,0.86399,-0.181198,-0.810699,0.078591,0.033061,-0.055193,-0.340209,0.861329,-0.377317,-0.659726,-0.504555,-0.556942,-0.670088,0.059449,0.739896,2.2e-05,7.1e-05,4.7e-05,-1.3e-05,3e-06,8e-06,0.231854
548,0.082292,0.022156,0.3753,-0.26086,0.872834,-0.412503,-0.69282,-0.466762,-0.549642,-0.67197,0.141321,0.726988,1e-06,2e-06,1e-06,0.0,0.0,0.0,0.307616,-0.086121,0.038347,0.354807,-0.047616,0.762989,0.644648,-0.90722,0.237055,-0.347405,-0.417794,-0.602331,0.68008,0.002838,-0.019392,0.034016,-0.353209,0.779281,-0.249661,-1.403083,0.046464,0.03707,-0.007197,0.178924,-0.815691,0.55012,0.867169,-0.133384,-0.479818,0.464761,0.562899,0.683477,0.001449,-0.009896,0.016869,-0.388854,0.841741,-0.180878,-0.811515,0.0786,0.033047,-0.055185,-0.340216,0.861335,-0.377296,-0.65978,-0.504542,-0.556889,-0.670031,0.05947,0.739946,0.006316,-0.001464,-0.000941,0.000972,-0.014727,0.02955,0.23071
549,0.082302,0.022065,0.375371,-0.261146,0.872762,-0.412474,-0.692955,-0.46691,-0.549346,-0.671719,0.141278,0.727229,0.000147,0.000446,0.000299,0.0,0.0,0.0,0.306591,-0.086155,0.037425,0.356228,-0.051143,0.745243,0.664823,-0.900658,0.253256,-0.353003,-0.431349,-0.61776,0.6574,0.002529,-0.018299,0.034804,-0.310298,0.807018,-0.026438,-1.40329,0.046446,0.036619,-0.006521,0.183174,-0.800702,0.57037,0.860681,-0.149745,-0.486624,0.475052,0.580044,0.66172,-0.00493,-0.010759,0.016975,0.440458,0.877191,-0.667045,-0.8058,0.078604,0.033001,-0.05515,-0.340494,0.861239,-0.377266,-0.659898,-0.504711,-0.556596,-0.669773,0.05944,0.740181,-0.000448,-0.004959,0.004657,-0.034346,0.01874,-0.015531,0.228751
550,0.082319,0.021939,0.375478,-0.261477,0.872689,-0.412419,-0.693171,-0.467054,-0.54895,-0.671367,0.141251,0.727559,-0.000998,-0.010235,0.009105,-0.034349,0.018729,-0.015529,0.30575,-0.086205,0.03635,0.357715,-0.054773,0.731438,0.679699,-0.892665,0.269171,-0.361427,-0.447217,-0.627451,0.637311,-0.007008,-0.034643,0.040748,-0.370965,0.748929,-0.106826,-1.402926,0.046425,0.036087,-0.005774,0.187978,-0.788207,0.585997,0.852571,-0.165269,-0.495789,0.487632,0.592802,0.640936,-0.003613,-0.01703,0.020574,-0.233294,0.312783,-0.349021,-0.807433,0.078613,0.032942,-0.055099,-0.340799,0.861142,-0.377214,-0.660083,-0.504878,-0.556226,-0.669437,0.059431,0.740487,6.8e-05,0.000209,0.00014,1.6e-05,-2.2e-05,-1.4e-05,0.227445
551,0.082306,0.021877,0.375556,-0.261773,0.872609,-0.412401,-0.693286,-0.46722,-0.548664,-0.671133,0.141197,0.727785,0.000169,0.000511,0.000343,0.0,0.0,0.0,0.305425,-0.086269,0.035845,0.358404,-0.052492,0.727107,0.684508,-0.887586,0.280198,-0.365533,-0.457483,-0.627653,0.629781,-0.009531,-0.022548,0.033299,-0.141672,0.4445,-0.109713,-1.403345,0.046392,0.035811,-0.005405,0.186713,-0.783207,0.593063,0.848236,-0.176025,-0.49951,0.495614,0.596322,0.631478,-0.004779,-0.011324,0.016614,-0.152947,0.449659,-0.093998,-0.800738,0.078607,0.032907,-0.055057,-0.341104,0.861031,-0.37719,-0.660191,-0.505071,-0.555922,-0.669174,0.05939,0.740727,-0.000441,-0.004934,0.004675,-0.038838,0.112086,-0.191108,0.226792
552,0.082298,0.021707,0.375765,-0.262126,0.87256,-0.412279,-0.693698,-0.467297,-0.548077,-0.670569,0.141243,0.728296,-0.000599,-0.009029,0.009918,-0.034354,0.01871,-0.015539,0.305274,-0.086506,0.034986,0.359831,-0.06062,0.715253,0.696225,-0.881468,0.288955,-0.373435,-0.468171,-0.637228,0.612062,-0.010254,-0.019956,0.035098,-0.290567,0.601825,0.054719,-1.402981,0.046278,0.035386,-0.004706,0.195392,-0.773061,0.603488,0.841239,-0.184193,-0.508319,0.50412,0.606999,0.614339,-0.005331,-0.009339,0.017988,-0.318545,0.614163,0.090357,-0.800085,0.078602,0.032824,-0.054957,-0.341432,0.860954,-0.377069,-0.660573,-0.505194,-0.555357,-0.66863,0.059465,0.741212,0.00031,0.000948,0.000635,1.2e-05,-2.7e-05,-2.1e-05,0.225812
553,0.082294,0.021517,0.376033,-0.262504,0.872521,-0.412123,-0.694214,-0.467346,-0.547382,-0.669887,0.141323,0.728908,-0.000551,-0.008886,0.010017,-0.03436,0.018693,-0.015548,0.302538,-0.086994,0.034398,0.36104,-0.068757,0.711754,0.699049,-0.875565,0.292854,-0.384131,-0.478008,-0.639361,0.602154,-0.02443,-0.013436,0.025101,0.086707,0.252832,-0.368976,-1.403005,0.046038,0.035094,-0.004095,0.203556,-0.768102,0.60711,0.834906,-0.187694,-0.517398,0.511366,0.6122,0.603087,-0.006126,-0.004892,0.013126,0.58102,0.447145,-0.472668,-0.794207,0.078601,0.032727,-0.054818,-0.341819,0.860872,-0.376905,-0.661085,-0.505319,-0.554633,-0.667926,0.059582,0.741838,-0.000271,-0.004419,0.005024,-0.034376,0.018707,-0.015555,0.223363
554,0.082311,0.021281,0.376378,-0.262913,0.872497,-0.411911,-0.694885,-0.46735,-0.546525,-0.669029,0.141454,0.72967,-0.000281,-0.008069,0.010568,-0.034367,0.01867,-0.01556,0.300134,-0.087722,0.034118,0.361873,-0.070186,0.709769,0.700923,-0.874077,0.294882,-0.385965,-0.480515,-0.640633,0.598797,-0.014014,-6.4e-05,0.017045,-0.052272,0.05479,0.00362,-1.402704,0.04567,0.034949,-0.003676,0.205278,-0.766133,0.609014,0.833197,-0.189659,-0.519432,0.513459,0.614058,0.599408,-0.013314,-0.001177,0.008424,-0.05698,0.042485,-0.010833,-0.792084,0.078609,0.032612,-0.05465,-0.342203,0.860812,-0.376693,-0.661728,-0.5054,-0.553792,-0.667092,0.059758,0.742573,-5e-05,-0.003745,0.005477,-0.034363,0.018674,-0.015568,0.219607
555,0.082327,0.021129,0.376588,-0.263162,0.872484,-0.411779,-0.695302,-0.467348,-0.545996,-0.668498,0.141537,0.730141,-0.000169,-0.007731,0.010796,-0.034372,0.018654,-0.015568,0.300266,-0.088179,0.034063,0.362201,-0.076427,0.706212,0.703857,-0.871561,0.295604,-0.391067,-0.484111,-0.644222,0.592012,-0.026245,-0.003542,0.015994,0.444127,0.752002,-0.283187,-1.402704,0.045446,0.034923,-0.003511,0.210995,-0.763625,0.61021,0.830092,-0.189668,-0.524378,0.516166,0.617172,0.593861,-0.013214,-0.001527,0.008154,1.756908,1.91656,-1.052512,-0.793717,0.078617,0.032536,-0.054545,-0.342448,0.860774,-0.376557,-0.662135,-0.505452,-0.553258,-0.666563,0.059869,0.74304,-1.7e-05,-0.003643,0.005547,-0.033698,0.0052,0.00989,0.218464
