frame,MLTx,MLTy,MLTz,MLTR1,MLTR2,MLTR3,MLTR4,MLTR5,MLTR6,MLTR7,MLTR8,MLTR9,MLTTVx,MLTTVy,MLTTVz,MLTRVx,MLTRVy,MLTRVz,MLGA,MRTx,MRTy,MRTz,MRTR1,MRTR2,MRTR3,MRTR4,MRTR5,MRTR6,MRTR7,MRTR8,MRTR9,MRTTVx,MRTTVy,MRTTVz,MRTRVx,MRTRVy,MRTRVz,MRGA,SLTx,SLTy,SLTz,SLTR1,SLTR2,SLTR3,SLTR4,SLTR5,SLTR6,SLTR7,SLTR8,SLTR9,SLTTVx,SLTTVy,SLTTVz,SLTRVx,SLTRVy,SLTRVz,SLGA,SRTx,SRTy,SRTz,SRTR1,SRTR2,SRTR3,SRTR4,SRTR5,SRTR6,SRTR7,SRTR8,SRTR9,SRTTVx,SRTTVy,SRTTVz,SRTRVx,SRTRVy,SRTRVz,SRGA
674,0.103091,0.021387,0.356967,-0.251837,-0.965363,0.068536,0.219512,0.011937,0.975522,-0.94224,0.261919,0.208826,-0.02635,0.002737,0.001807,-0.661579,-0.489555,2.581573,0.123775,-0.151279,0.044634,0.310181,0.661569,-0.415986,0.623917,-0.339014,0.576067,0.74374,-0.669614,-0.703014,0.239272,-0.012818,-0.002088,-0.000475,0.004384,0.005586,-0.037302,-1.404264,0.044066,0.044934,-0.021826,-0.591657,0.479694,0.647946,0.325237,-0.593386,0.736283,0.737673,0.646364,0.195067,4.4e-05,-0.000611,-0.000512,-0.013285,0.003951,0.007241,-0.754527,0.066215,0.034229,-0.062307,-0.239867,-0.970227,-0.033508,0.258584,-0.097122,0.961093,-0.935733,0.22187,0.274182,-0.006753,2.8e-05,1e-06,-0.001689,0.029731,-0.052396,-0.099953
675,0.102024,0.021542,0.357061,-0.254128,-0.966272,0.042211,0.205493,-0.011351,0.978578,-0.94478,0.258562,0.201402,-0.025905,0.004438,0.003028,-0.659178,-0.385069,2.406996,0.165469,-0.151363,0.044597,0.310171,0.661279,-0.415938,0.624257,-0.339303,0.576185,0.743517,-0.669754,-0.702946,0.239078,6e-06,-8.1e-05,-6.8e-05,1e-06,-2e-06,-2e-06,-1.404575,0.044019,0.044912,-0.021833,-0.591281,0.47981,0.648203,0.325564,-0.593341,0.736175,0.73783,0.646318,0.194622,2e-06,-2.1e-05,-1.7e-05,3.2e-05,0.000983,0.000553,-0.757956,0.06568,0.034301,-0.062264,-0.243166,-0.968138,-0.059813,0.244899,-0.120943,0.961975,-0.938559,0.219272,0.266505,-0.01294,0.00225,0.001557,0.00194,0.033649,-0.07463,-0.02092
676,0.101499,0.021619,0.357138,-0.255352,-0.966157,0.037166,0.202068,-0.015792,0.97923,-0.945187,0.258762,0.199224,-0.025849,0.004653,0.003177,-0.655573,-0.382235,2.406367,0.220331,-0.151344,0.044598,0.310171,0.661107,-0.41594,0.624438,-0.339442,0.576251,0.743402,-0.669853,-0.702891,0.238965,0.0,-1e-06,-1e-06,0.0,-0.0,-0.0,-1.404935,0.044029,0.044913,-0.021833,-0.591093,0.479812,0.648373,0.325684,-0.593421,0.736057,0.737928,0.646244,0.1945,-2e-06,1.4e-05,1.2e-05,0.000386,0.000555,0.000234,-0.758936,0.065428,0.034338,-0.062226,-0.244538,-0.967467,-0.06487,0.241547,-0.125573,0.96223,-0.939071,0.219632,0.264396,-0.012912,0.002363,0.001633,0.00129,0.03248,-0.072348,0.026271
677,0.100482,0.021748,0.357188,-0.256821,-0.966178,0.024243,0.194777,-0.027228,0.980455,-0.946317,0.257727,0.19516,-0.026576,0.00202,0.001248,-0.060237,-0.016426,0.178542,0.301404,-0.151223,0.044562,0.310204,0.660637,-0.415962,0.62492,-0.339917,0.576313,0.743138,-0.670075,-0.702827,0.238529,0.001266,-0.011953,0.006837,-0.036627,0.010993,-0.017577,-1.405805,0.044089,0.0449,-0.021819,-0.590599,0.479817,0.648819,0.326096,-0.593545,0.735774,0.738141,0.646126,0.19408,0.006443,0.000595,-0.000142,0.002358,-0.014864,0.029352,-0.757629,0.064921,0.034409,-0.062197,-0.2467,-0.965835,-0.079377,0.233534,-0.138745,0.962398,-0.940531,0.218886,0.259784,-0.013499,0.000339,0.000156,-0.644225,-0.457848,2.543891,0.153801
678,0.099547,0.021806,0.357187,-0.257614,-0.966271,0.000762,0.182914,-0.048047,0.98194,-0.948465,0.254304,0.189129,-0.026874,0.00102,0.000504,-0.060045,-0.016273,0.178486,0.346291,-0.150989,0.04447,0.310244,0.660441,-0.416032,0.625081,-0.340224,0.576153,0.743122,-0.670113,-0.702916,0.238158,0.012966,0.00013,-0.00118,0.002045,-0.015205,0.029245,-1.405428,0.044201,0.044852,-0.021794,-0.590356,0.479873,0.648998,0.326447,-0.593414,0.735724,0.73818,0.646204,0.193673,5.2e-05,-0.000716,-0.000607,0.000195,0.000254,3.9e-05,-0.760405,0.064433,0.034438,-0.062197,-0.248465,-0.963102,-0.103433,0.221554,-0.160456,0.961856,-0.942962,0.216072,0.253246,-0.013463,0.000409,0.000194,-0.060499,-0.01741,0.180748,0.236752
679,0.099158,0.021787,0.357121,-0.258109,-0.96612,-0.006141,0.179233,-0.054182,0.982299,-0.949033,0.253642,0.187162,-0.013955,0.006162,-0.012038,0.027938,0.007038,-0.017272,0.354722,-0.150911,0.044369,0.310266,0.660772,-0.413631,0.626323,-0.340966,0.577808,0.741494,-0.669409,-0.702978,0.239952,0.000134,-0.001802,-0.00152,0.194249,-0.292514,-0.244575,-1.405587,0.044245,0.044802,-0.021783,-0.590325,0.478751,0.649855,0.326886,-0.594332,0.734788,0.738011,0.646193,0.194353,7.1e-05,-0.000999,-0.000844,0.318713,-0.385201,-0.345131,-0.761059,0.064245,0.034432,-0.062222,-0.249231,-0.962146,-0.110264,0.217926,-0.166656,0.96163,-0.943605,0.215638,0.251212,-0.013899,-0.00114,-0.000943,-0.017413,0.032404,-0.022333,0.261409
680,0.098373,0.021686,0.356856,-0.264257,-0.964391,-0.012799,0.175511,-0.061187,0.98256,-0.948028,0.258603,0.185454,-0.014355,0.004808,-0.013049,0.033136,0.011097,-0.038663,0.37501,-0.150704,0.044145,0.310286,0.662279,-0.407008,0.629064,-0.346929,0.577421,0.739025,-0.664836,-0.707154,0.240393,0.001449,-0.014283,0.004875,-0.033244,0.005842,-0.021866,-1.405899,0.044348,0.044694,-0.021776,-0.592841,0.470896,0.653295,0.332756,-0.595499,0.7312,0.733357,0.650874,0.196343,0.006549,-0.000771,-0.001303,-0.015694,0.010033,0.019657,-0.759915,0.063851,0.034377,-0.062357,-0.255655,-0.95974,-0.116358,0.214322,-0.173627,0.961207,-0.942712,0.2208,0.250082,-0.007647,-0.003038,-0.002275,0.000181,0.030614,-0.061496,0.293741
681,0.097739,0.021679,0.356612,-0.281437,-0.958994,-0.034181,0.163685,-0.083128,0.98299,-0.945176,0.272249,0.180419,-0.013933,0.006365,-0.011926,0.015784,-0.002285,0.032708,0.400651,-0.15052,0.04395,0.31027,0.663011,-0.397631,0.634269,-0.354844,0.57895,0.734056,-0.659905,-0.711237,0.241929,0.000179,-0.002378,-0.00201,0.03845,-0.057787,-0.04825,-1.405848,0.04444,0.044592,-0.021781,-0.594036,0.461777,0.658696,0.340242,-0.597754,0.725895,0.728941,0.655325,0.197971,0.000124,-0.001655,-0.001403,0.040816,-0.056993,-0.078,-0.765957,0.063539,0.034372,-0.062481,-0.273712,-0.952118,-0.136207,0.20279,-0.19556,0.959495,-0.94019,0.235004,0.246606,-0.013786,-0.000628,-0.000582,-0.211127,-0.138727,0.804157,0.325746
682,0.097125,0.021676,0.356369,-0.2816,-0.958418,-0.04671,0.157363,-0.0942,0.983023,-0.9462,0.270662,0.177412,-0.014845,-0.004256,-0.003283,-0.000985,0.014714,-0.029549,0.410213,-0.150569,0.043715,0.310155,0.667223,-0.389704,0.634771,-0.362182,0.574776,0.73375,-0.651615,-0.718972,0.241535,0.0004,-0.005324,-0.004508,-0.002119,0.017542,-0.022763,-1.406077,0.044416,0.044477,-0.021836,-0.59895,0.454309,0.659439,0.347975,-0.59402,0.725294,0.721228,0.663884,0.1977,-0.006269,-0.003064,-0.001947,-0.002754,0.017076,-0.027781,-0.773795,0.063221,0.034371,-0.062608,-0.274379,-0.950064,-0.148635,0.196552,-0.206712,0.958455,-0.941319,0.233765,0.243455,-0.00743,-0.002181,-0.001669,0.001035,0.016282,-0.03781,0.355791
683,0.096832,0.021678,0.356232,-0.281516,-0.958171,-0.05199,0.154851,-0.098887,0.982962,-0.946639,0.269862,0.176284,-0.013906,0.006532,-0.011825,0.032649,0.010618,-0.036806,0.416313,-0.15065,0.04362,0.310045,0.669364,-0.385712,0.634956,-0.36568,0.57275,0.7336,-0.64745,-0.722736,0.241506,0.000407,-0.005447,-0.004617,-0.028424,-0.03284,-0.010811,-1.406483,0.044375,0.044426,-0.021895,-0.601386,0.450542,0.659807,0.351625,-0.592304,0.724938,0.717422,0.667972,0.197781,0.000214,-0.002834,-0.002406,-0.028043,-0.032367,-0.010519,-0.776081,0.063075,0.034372,-0.062676,-0.274494,-0.949198,-0.153864,0.19408,-0.211406,0.957935,-0.941798,0.233086,0.24225,-0.006934,0.003307,-0.005872,0.034992,0.012672,-0.046439,0.362976
684,0.09661,0.02169,0.355992,-0.290775,-0.955083,-0.057554,0.149126,-0.104708,0.983244,-0.944747,0.278509,0.172954,-0.001342,-0.004682,-0.003455,-0.447179,5.363604,0.883521,0.440382,-0.15082,0.043609,0.309836,0.670542,-0.38413,0.634672,-0.368886,0.569446,0.734567,-0.644402,-0.72618,0.239313,-0.001052,0.008989,-0.009358,0.029882,0.013588,0.000681,-1.406466,0.044291,0.044413,-0.021999,-0.602662,0.449255,0.65952,0.355191,-0.58907,0.725834,0.714588,0.671688,0.195439,-0.006395,-0.001433,-0.000569,0.012686,0.010213,-0.037508,-0.775428,0.062963,0.034377,-0.062797,-0.28254,-0.946029,-0.158743,0.188593,-0.217039,0.957771,-0.940533,0.240671,0.239737,-0.000843,-0.002268,-0.001968,-0.477509,5.349694,0.841911,0.38747
685,0.096665,0.021636,0.355866,-0.301383,-0.951159,-0.067153,0.143274,-0.114853,0.982982,-0.942313,0.287817,0.170983,-0.000508,-0.001775,-0.001311,-0.000109,0.00117,0.000197,0.451623,-0.151058,0.043717,0.309682,0.676422,-0.376377,0.633075,-0.373546,0.565319,0.735399,-0.635506,-0.733433,0.240977,-0.012855,-0.002049,-0.000442,0.065722,-0.110145,0.174472,-1.406693,0.044177,0.044466,-0.022077,-0.608716,0.441737,0.659039,0.360784,-0.585691,0.725809,0.706611,0.679583,0.197148,-0.006421,-0.001119,-0.000301,0.752525,-1.376516,2.234438,-0.784572,0.062991,0.034349,-0.062861,-0.294979,-0.940747,-0.167276,0.182689,-0.227364,0.956519,-0.937876,0.251594,0.238932,0.006231,-0.002102,-0.001463,0.003152,0.004638,0.002233,0.41278
686,0.096842,0.021592,0.355873,-0.304653,-0.949416,-0.076424,0.135672,-0.122727,0.983109,-0.942383,0.29032,0.166301,0.000426,0.001492,0.001102,-0.651957,-0.599097,2.8103,0.453256,-0.151412,0.043933,0.309606,0.682483,-0.368492,0.631206,-0.377919,0.561121,0.736378,-0.626371,-0.740631,0.242875,-0.000165,0.00228,0.001935,0.751999,-1.395273,2.262312,-1.406611,0.043995,0.044576,-0.02212,-0.615516,0.434376,0.657613,0.365535,-0.581888,0.726491,0.698228,0.687548,0.199382,-9.7e-05,0.001325,0.001127,0.753121,-1.393794,2.26282,-0.791757,0.063078,0.034324,-0.06286,-0.29862,-0.938534,-0.173146,0.176592,-0.232629,0.956398,-0.937891,0.255024,0.235205,0.006783,-0.000154,-3.1e-05,0.016306,-0.013849,0.029713,0.421761
687,0.09704,0.021588,0.355909,-0.304323,-0.949442,-0.07741,0.135339,-0.123586,0.983047,-0.942538,0.289869,0.166211,0.013815,0.000599,0.000602,0.000946,-0.01474,0.029539,0.453665,-0.151635,0.044122,0.309597,0.682473,-0.368428,0.631255,-0.377722,0.561444,0.736235,-0.626501,-0.740419,0.243187,-0.014497,0.015416,-0.002607,0.036701,-0.013438,0.01102,-1.406851,0.043884,0.044669,-0.022126,-0.616092,0.434437,0.657034,0.364669,-0.582046,0.726799,0.698173,0.687376,0.200168,-0.007259,0.00787,-0.001163,0.036677,-0.012247,0.00991,-0.796003,0.063172,0.034322,-0.062841,-0.298304,-0.937895,-0.177104,0.174865,-0.236114,0.955861,-0.938315,0.254168,0.234439,0.007024,0.000705,0.000601,0.004557,-0.02845,0.053093,0.42274
688,0.09769,0.021566,0.356072,-0.314426,-0.945416,-0.08585,0.129692,-0.132421,0.982658,-0.94,0.299016,0.164364,0.014788,0.004086,0.003161,0.001371,-0.028919,0.054481,0.45823,-0.152203,0.044578,0.309616,0.681925,-0.368261,0.631945,-0.377762,0.562348,0.735524,-0.627074,-0.739816,0.243543,-0.014545,0.016565,-0.001646,0.036694,-0.013516,0.010971,-1.40642,0.04361,0.044888,-0.022112,-0.615488,0.434247,0.657725,0.364643,-0.582939,0.726097,0.698719,0.68674,0.200447,-0.01306,0.001194,0.002299,-0.018411,0.152396,-0.215049,-0.796983,0.063497,0.034309,-0.062761,-0.308804,-0.933038,-0.184607,0.169319,-0.24492,0.954643,-0.935933,0.263541,0.233614,0.01338,-0.004647,0.004964,-0.029614,-0.110393,0.213453,0.427639
689,0.098633,0.021608,0.356371,-0.313217,-0.945225,-0.092139,0.126705,-0.137796,0.982309,-0.940812,0.297178,0.163047,0.029145,0.006876,0.005323,0.002819,-0.058525,0.108856,0.456762,-0.152953,0.045015,0.309663,0.6853,-0.359925,0.633095,-0.384863,0.558859,0.734501,-0.619017,-0.746539,0.243642,-0.026221,0.004518,0.006357,-0.001984,0.012766,-0.035805,-1.406579,0.043244,0.04511,-0.022093,-0.619661,0.426258,0.659032,0.371828,-0.580034,0.724777,0.691204,0.694163,0.200929,-0.007263,0.008429,-0.000698,0.037039,-0.013188,0.01114,-0.797309,0.063952,0.034328,-0.062619,-0.307861,-0.93211,-0.190761,0.16643,-0.250167,0.95379,-0.936761,0.261887,0.232148,0.014502,0.003188,0.002468,0.002559,-0.044127,0.083653,0.429109
690,0.099177,0.021697,0.356514,-0.31259,-0.945246,-0.094037,0.126048,-0.139449,0.98216,-0.94111,0.296336,0.162862,0.028397,-0.003168,0.014376,-0.029213,-0.126248,0.239884,0.457259,-0.153372,0.045244,0.309693,0.687009,-0.355725,0.633616,-0.388355,0.557077,0.734016,-0.614924,-0.749879,0.243747,-0.027377,0.015798,-0.001051,0.032526,0.019196,-0.04104,-1.406687,0.043035,0.045228,-0.022075,-0.621606,0.422222,0.659798,0.375503,-0.5786,0.724029,0.687461,0.697817,0.201116,-0.007284,0.008898,-0.000308,0.036966,-0.01326,0.011159,-0.796329,0.064236,0.034377,-0.062544,-0.307327,-0.931905,-0.192616,0.1658,-0.251754,0.953483,-0.937048,0.261095,0.231881,0.014801,0.004339,0.003293,0.002931,-0.058692,0.10878,0.429109
691,0.100576,0.021973,0.356714,-0.30913,-0.945915,-0.098636,0.122754,-0.142585,0.982127,-0.94269,0.292674,0.160323,0.041866,0.004298,0.003471,-0.004627,-0.064174,0.110479,0.452703,-0.154312,0.045702,0.309876,0.690846,-0.349057,0.633153,-0.390306,0.556933,0.73309,-0.609362,-0.753119,0.247693,-0.014689,0.02066,0.001746,0.042991,-0.023398,0.002722,-1.406734,0.04256,0.04545,-0.021989,-0.626042,0.415699,0.659746,0.377386,-0.578861,0.72284,0.682386,0.701507,0.205512,-0.013194,0.004131,0.004738,-0.015391,0.016174,-0.031718,-0.800575,0.064932,0.03452,-0.062434,-0.303939,-0.932006,-0.197446,0.162278,-0.25487,0.95326,-0.938768,0.257692,0.228709,0.020988,0.002352,0.001863,0.020092,-0.061126,0.116015,0.428619
692,0.101915,0.022216,0.356592,-0.307908,-0.946736,-0.094487,0.126843,-0.139324,0.982075,-0.94255,0.291582,0.163112,0.041302,0.010092,-0.008738,0.038055,-0.076595,0.129222,0.440963,-0.155209,0.046231,0.310315,0.699697,-0.335899,0.630546,-0.393493,0.555285,0.732636,-0.597084,-0.760299,0.255538,-0.026666,0.014222,0.014359,0.061958,-0.099917,-0.092813,-1.406871,0.042112,0.045709,-0.02178,-0.636007,0.403635,0.657702,0.380591,-0.577357,0.722363,0.6713,0.709744,0.213583,-0.013338,0.00705,0.007142,0.091782,-0.144441,-0.138039,-0.803514,0.065602,0.034643,-0.062488,-0.3026,-0.933284,-0.193424,0.166565,-0.251596,0.953391,-0.93845,0.256278,0.231586,0.013602,0.000233,0.000247,0.000998,-0.046014,0.091791,0.416372
693,0.102459,0.022369,0.35651,-0.307521,-0.947011,-0.092983,0.128431,-0.138183,0.98203,-0.942462,0.291231,0.164243,0.027342,0.001085,0.000976,-0.001046,0.071152,-0.112456,0.440241,-0.155663,0.046537,0.310625,0.699651,-0.335711,0.630697,-0.393672,0.555344,0.732495,-0.59702,-0.760339,0.255567,-0.026819,0.017641,0.017148,0.003197,-0.024242,0.008136,-1.406429,0.04187,0.045872,-0.021616,-0.636065,0.403161,0.657937,0.380909,-0.577474,0.722102,0.671065,0.709918,0.213744,-0.013435,0.009084,0.008806,-0.008577,-0.014217,0.017393,-0.806617,0.06589,0.034721,-0.062534,-0.302114,-0.93371,-0.192128,0.168116,-0.250573,0.953388,-0.93833,0.255732,0.232673,0.013662,0.000506,0.00044,-0.001957,0.070259,-0.10877,0.410167
694,0.10344,0.022687,0.356279,-0.306198,-0.947117,-0.096212,0.128519,-0.141318,0.981572,-0.942882,0.289369,0.165121,0.014145,0.009974,-0.009029,0.035633,-0.032552,0.045461,0.452452,-0.156674,0.047195,0.311378,0.701621,-0.33546,0.628639,-0.391833,0.555055,0.733699,-0.595918,-0.760661,0.257176,-0.026807,0.019628,0.018633,3e-05,-0.004931,-0.013151,-1.406228,0.041374,0.046199,-0.021242,-0.638111,0.403195,0.655932,0.379156,-0.576909,0.723474,0.670115,0.710358,0.215258,-0.013445,0.010296,0.009732,0.002407,-0.021498,0.009673,-0.80629,0.066376,0.034882,-0.062642,-0.300937,-0.933412,-0.195389,0.168183,-0.253622,0.95257,-0.938696,0.253802,0.233308,0.013499,0.003736,-0.005397,0.036627,-0.047156,0.075109,0.417352
695,0.103882,0.022826,0.355966,-0.305279,-0.947204,-0.09826,0.128817,-0.143364,0.981236,-0.943141,0.288072,0.165912,0.013197,0.006408,-0.011613,0.035638,-0.032535,0.045467,0.454902,-0.157725,0.047981,0.312219,0.705321,-0.335385,0.624523,-0.387913,0.554604,0.736119,-0.594114,-0.761023,0.260262,-0.026836,0.022826,0.021061,0.002062,-0.022618,0.009576,-1.406278,0.040859,0.046582,-0.02083,-0.642018,0.403422,0.651968,0.375356,-0.576094,0.7261,0.66852,0.71089,0.218436,-0.013466,0.011953,0.010995,0.000736,-0.018887,0.004372,-0.80629,0.066597,0.034951,-0.062799,-0.300101,-0.933244,-0.197466,0.168486,-0.255612,0.951984,-0.938909,0.252421,0.233948,-1.2e-05,0.003719,-0.005484,0.034226,-0.003133,-0.008881,0.42519
696,0.104119,0.022834,0.355654,-0.304366,-0.947281,-0.100323,0.128912,-0.145363,0.98093,-0.943424,0.286808,0.166492,-0.000527,0.005552,-0.012319,0.034656,-0.017814,0.015916,0.46185,-0.15884,0.048817,0.313125,0.707432,-0.332615,0.623617,-0.386874,0.556006,0.735608,-0.59228,-0.761218,0.263845,-0.026778,0.024867,0.02249,0.226566,-0.362492,0.500502,-1.406778,0.040291,0.04701,-0.020368,-0.643891,0.400574,0.651876,0.374687,-0.577757,0.725124,0.667092,0.711152,0.221923,-0.013412,0.012486,0.01131,0.727282,-1.471166,2.247343,-0.805474,0.06672,0.034954,-0.062955,-0.299265,-0.933063,-0.19958,0.168582,-0.25758,0.951436,-0.939158,0.251086,0.234383,0.005571,-0.004512,-0.003241,0.000586,-2.9e-05,0.004756,0.432048
697,0.104152,0.022762,0.355443,-0.302107,-0.947924,-0.101081,0.126968,-0.145152,0.981214,-0.944415,0.284778,0.164342,-0.001401,0.00222,-0.014748,-0.110356,-0.208216,0.103737,0.46163,-0.159436,0.049269,0.313568,0.707379,-0.332365,0.62381,-0.387118,0.556066,0.735435,-0.592182,-0.761285,0.263873,-0.026639,0.023834,0.021534,0.000295,-0.00543,-0.013564,-1.406131,0.039993,0.04724,-0.020143,-0.644352,0.400504,0.651464,0.374426,-0.577566,0.725411,0.666794,0.711346,0.222197,-0.019721,0.01218,0.011579,-0.007031,-0.001751,-0.015712,-0.80727,0.066738,0.034922,-0.063059,-0.297483,-0.933451,-0.200429,0.166823,-0.257526,0.951761,-0.940038,0.249696,0.232331,-0.001189,-0.00456,-0.003321,-0.218861,-0.118853,-0.105859,0.43515
698,0.104161,0.022609,0.355062,-0.299243,-0.948604,-0.103199,0.124889,-0.146212,0.981324,-0.945607,0.281946,0.16236,-0.001087,0.003421,-0.013888,-0.297501,-0.238256,-0.141731,0.456885,-0.160768,0.050197,0.31443,0.714013,-0.318569,0.62345,-0.392864,0.55459,0.7335,-0.580308,-0.768242,0.270019,-0.039058,0.021784,0.020799,0.189716,-0.283651,-0.288457,-1.406381,0.039341,0.047699,-0.019717,-0.651587,0.389383,0.651011,0.379984,-0.57523,0.724376,0.656541,0.719368,0.226853,-0.019566,0.011202,0.010672,0.257578,-0.407328,-0.355068,-0.807433,0.066741,0.03484,-0.063253,-0.295676,-0.933446,-0.203107,0.166205,-0.259638,0.951295,-0.940718,0.247518,0.231912,0.005553,-0.004619,-0.003327,-0.455644,-0.339075,-0.153661,0.433354
699,0.104258,0.022431,0.354699,-0.298587,-0.948652,-0.104642,0.124984,-0.147615,0.981102,-0.945802,0.281046,0.16278,-0.00229,-0.008747,-0.006402,-0.000494,0.014623,-0.02483,0.456272,-0.162308,0.051067,0.315233,0.721394,-0.307233,0.620636,-0.396394,0.551492,0.733937,-0.568654,-0.77507,0.27525,-0.051501,0.02237,0.022145,0.029812,-0.041389,-0.09011,-1.406491,0.038566,0.048138,-0.019312,-0.660658,0.376529,0.649427,0.383903,-0.57396,0.723316,0.645095,0.727182,0.23464,-0.019453,0.011445,0.010746,0.018161,-0.050533,-0.058395,-0.808739,0.06679,0.034755,-0.063438,-0.293567,-0.933856,-0.204275,0.164687,-0.259903,0.951487,-0.941644,0.245684,0.230093,-0.000702,0.001091,-0.007405,0.037759,-0.002009,-0.007848,0.430415
700,0.10431,0.02234,0.354497,-0.298422,-0.948671,-0.10494,0.125179,-0.147953,0.981026,-0.945829,0.280804,0.163044,0.011445,-0.000384,-0.016603,0.035219,-0.017851,0.020667,0.453509,-0.163181,0.051546,0.315662,0.724755,-0.302729,0.618932,-0.397954,0.549206,0.734805,-0.563261,-0.778462,0.276762,-0.051394,0.023637,0.023003,-1.027953,-1.211176,-0.508402,-1.406392,0.03811,0.048385,-0.01909,-0.664277,0.372714,0.647934,0.385496,-0.57183,0.724155,0.640412,0.730817,0.236174,-0.025716,0.011872,0.011581,-1.043177,-1.217173,-0.516876,-0.811515,0.06681,0.034706,-0.063535,-0.293447,-0.933835,-0.204548,0.16489,-0.260204,0.95137,-0.941647,0.245448,0.230337,-0.001199,-0.004603,-0.003374,2.1e-05,0.015277,-0.024527,0.428619
701,0.104386,0.022222,0.354116,-0.296112,-0.949317,-0.105637,0.123532,-0.14778,0.981261,-0.946774,0.278695,0.16117,-0.001696,-0.006487,-0.004769,-0.000578,0.014582,-0.024852,0.449581,-0.165158,0.052592,0.316614,0.729907,-0.295341,0.616442,-0.398557,0.548593,0.734937,-0.556132,-0.781734,0.281909,-0.063752,0.027854,0.027045,0.001509,-0.010667,-0.039524,-1.406327,0.037146,0.048892,-0.018628,-0.670394,0.365389,0.645803,0.386414,-0.571095,0.724248,0.633447,0.735079,0.241667,-0.025616,0.014047,0.013111,-0.00198,-0.033444,0.014857,-0.808739,0.066852,0.034644,-0.063734,-0.291114,-0.934371,-0.205433,0.163234,-0.260097,0.951684,-0.942659,0.243515,0.228239,0.005734,-0.003969,-0.00287,0.008506,-0.099998,0.177266,0.423067
702,0.104579,0.022226,0.353775,-0.294998,-0.949387,-0.108099,0.12359,-0.150145,0.980895,-0.947115,0.277183,0.16177,-0.00042,0.005978,-0.012045,0.03711,-0.104646,0.162128,0.445996,-0.167406,0.053804,0.317705,0.736794,-0.280899,0.614997,-0.403334,0.547229,0.733346,-0.543449,-0.788003,0.289098,-0.063358,0.031667,0.029549,0.022176,-0.034076,-0.07997,-1.406067,0.036022,0.049498,-0.018084,-0.67857,0.351455,0.644997,0.391153,-0.570346,0.72229,0.621724,0.742417,0.249547,-0.031707,0.015806,0.01479,0.002548,-0.027258,-0.058667,-0.810699,0.066948,0.034643,-0.0639,-0.29019,-0.934139,-0.207782,0.163351,-0.262291,0.951062,-0.942923,0.242047,0.228707,0.005942,-0.003191,-0.002303,0.001005,-0.014213,0.029715,0.419148
703,0.104785,0.022289,0.353539,-0.292557,-0.950025,-0.109126,0.121842,-0.150271,0.981094,-0.948101,0.274912,0.159859,-0.000135,-0.000518,-0.000382,-0.000187,-0.000134,-7.6e-05,0.436548,-0.169988,0.054983,0.318818,0.739999,-0.274953,0.613836,-0.402054,0.550615,0.731512,-0.540031,-0.787749,0.296109,-0.07523,0.028952,0.028048,0.064716,-0.073235,-0.200275,-1.405686,0.034735,0.050097,-0.01752,-0.682222,0.346223,0.643974,0.389424,-0.573379,0.720821,0.618806,0.742539,0.256345,-0.031425,0.01515,0.01407,0.095305,-0.134435,-0.180296,-0.812822,0.06705,0.034672,-0.064026,-0.2877,-0.934616,-0.209092,0.161565,-0.262557,0.951293,-0.943994,0.239905,0.226538,0.006894,0.004257,-0.005042,0.041052,-0.031039,0.046992,0.40984
704,0.104946,0.022391,0.353467,-0.292216,-0.950045,-0.109863,0.121953,-0.151005,0.980967,-0.948192,0.274439,0.160131,0.013291,-0.000929,-0.000585,0.000982,-0.014716,0.029552,0.43393,-0.171415,0.055572,0.319392,0.742954,-0.274552,0.610437,-0.398799,0.550686,0.733239,-0.538387,-0.78784,0.298847,-0.074926,0.028943,0.027805,-0.005793,0.036808,-0.108565,-1.406147,0.034045,0.05038,-0.017243,-0.685415,0.345725,0.640842,0.386424,-0.573233,0.722551,0.617156,0.742885,0.259307,-0.037498,0.014448,0.013936,-0.019202,0.05008,-0.106152,-0.813638,0.067125,0.034718,-0.064059,-0.287426,-0.93454,-0.20981,0.161699,-0.263255,0.951078,-0.944054,0.239439,0.226781,0.006776,2.3e-05,6.3e-05,0.001656,-0.014001,0.029896,0.404942
705,0.105321,0.022571,0.35338,-0.291181,-0.950078,-0.112299,0.121783,-0.153291,0.980634,-0.948533,0.273049,0.160486,0.01365,0.00049,0.000456,0.000984,-0.014715,0.029553,0.422244,-0.174267,0.056816,0.320458,0.744275,-0.269112,0.611248,-0.402644,0.549198,0.732253,-0.533672,-0.790757,0.299602,-0.075151,0.041754,0.021137,0.029673,0.025293,-0.090843,-1.405829,0.032624,0.050997,-0.016708,-0.687191,0.34056,0.641706,0.39029,-0.571945,0.721492,0.612733,0.746255,0.260118,-0.037198,0.014896,0.014043,-0.006484,0.040026,-0.107568,-0.812658,0.067308,0.034811,-0.064101,-0.286522,-0.934271,-0.212227,0.161551,-0.265456,0.95049,-0.944354,0.238051,0.226991,0.000298,0.001144,0.000837,-4.6e-05,0.000397,0.000108,0.394491
706,0.10564,0.022803,0.353429,-0.290287,-0.950093,-0.114459,0.121485,-0.155279,0.980358,-0.948846,0.271863,0.160648,0.014596,0.004213,0.003187,0.001395,-0.02947,0.054306,0.409523,-0.177244,0.058084,0.321347,0.742924,-0.263589,0.615286,-0.409257,0.548315,0.729241,-0.530507,-0.793231,0.298679,-0.08683,0.037638,0.018643,0.027473,0.040192,-0.120251,-1.405673,0.031112,0.051649,-0.016249,-0.686081,0.335002,0.645806,0.396815,-0.571698,0.718121,0.609778,0.748955,0.259298,-0.037283,0.018828,0.008904,0.030117,0.025949,-0.090584,-0.811352,0.067472,0.034928,-0.064082,-0.285708,-0.934014,-0.214444,0.161274,-0.267443,0.949981,-0.944648,0.236833,0.227043,0.000817,0.003169,0.002325,-2.6e-05,0.000269,7.1e-05,0.377182
707,0.105837,0.022945,0.353521,-0.28962,-0.950094,-0.116135,0.121087,-0.156779,0.980169,-0.949102,0.270996,0.160603,0.015207,0.006631,0.004953,0.001396,-0.02947,0.054306,0.401825,-0.178861,0.058809,0.321687,0.744475,-0.251629,0.618409,-0.418231,0.546033,0.725855,-0.521237,-0.798684,0.300463,-0.074199,0.036198,0.016461,-0.965146,-1.228463,-0.630614,-1.405444,0.030326,0.051999,-0.016084,-0.68672,0.327489,0.648973,0.402148,-0.572554,0.714463,0.605552,0.751619,0.261486,-0.043651,0.023324,0.004779,0.092623,-0.018384,-0.175859,-0.810536,0.06757,0.034996,-0.064038,-0.285112,-0.933807,-0.216133,0.160882,-0.268917,0.949631,-0.944895,0.235979,0.226905,0.007646,0.003486,0.002597,0.001395,-0.029243,0.054359,0.368201
708,0.106487,0.023243,0.353718,-0.287849,-0.950069,-0.120647,0.120007,-0.160819,0.979647,-0.94978,0.268694,0.160464,0.015435,0.007665,0.005681,0.001399,-0.029472,0.054305,0.367665,-0.181791,0.06068,0.321858,0.759338,-0.172784,0.62733,-0.46984,0.521171,0.712436,-0.450983,-0.835488,0.313747,-0.075721,0.065888,-0.008776,-3.008162,-4.441286,-2.466176,-1.405179,0.028834,0.052941,-0.015979,-0.707886,0.252655,0.659592,0.454621,-0.55171,0.699238,0.54057,0.794846,0.275685,-0.037551,0.026606,-0.001203,0.419594,-0.792909,-0.70666,-0.811352,0.067896,0.035149,-0.063937,-0.283527,-0.933227,-0.220674,0.15982,-0.272884,0.948678,-0.945552,0.233708,0.226519,0.014221,0.002904,0.002191,0.002416,-0.044039,0.083909,0.339136
709,0.107251,0.023587,0.353971,-0.285982,-0.950012,-0.125445,0.118815,-0.165106,0.979078,-0.950495,0.266276,0.160257,0.016321,0.011352,0.008328,0.00182,-0.044231,0.079055,0.295641,-0.184823,0.063189,0.321145,0.759461,-0.091155,0.644128,-0.52009,0.509456,0.685489,-0.39158,-0.855474,0.338664,-0.088111,0.064419,-0.024379,-0.462258,-1.831464,-1.302494,-1.405087,0.027322,0.054206,-0.016322,-0.715367,0.167975,0.678258,0.506773,-0.543565,0.669116,0.481072,0.822387,0.303723,-0.038376,0.03801,-0.015894,-2.897634,-4.762168,-2.445808,-0.809719,0.068277,0.035316,-0.063813,-0.281862,-0.932583,-0.225479,0.158653,-0.277075,0.947659,-0.946246,0.231336,0.226054,0.014546,0.004325,0.003202,0.002439,-0.044082,0.08388,0.264675
710,0.107717,0.023801,0.354116,-0.285036,-0.949971,-0.127887,0.118238,-0.167298,0.978776,-0.950852,0.265047,0.160176,0.016372,0.011684,0.00854,0.004724,-0.146091,0.249863,0.256748,-0.18639,0.064504,0.320541,0.756118,-0.043673,0.65297,-0.550486,0.496847,0.670852,-0.35466,-0.86662,0.350783,-0.076361,0.070864,-0.035937,-0.621413,-1.696227,-0.932634,-1.405257,0.026558,0.05484,-0.016608,-0.715141,0.12219,0.688216,0.535727,-0.536605,0.651958,0.448964,0.834939,0.318288,-0.038175,0.035624,-0.017806,0.277547,-1.106484,-0.662947,-0.80776,0.0685,0.035422,-0.063742,-0.281089,-0.93227,-0.227728,0.158136,-0.279046,0.947167,-0.946563,0.230226,0.225862,0.008177,0.005805,0.004232,0.001865,-0.044148,0.079077,0.214871
711,0.108478,0.024229,0.354342,-0.283466,-0.949898,-0.131851,0.11744,-0.170889,0.978252,-0.951422,0.262999,0.160169,0.016929,0.021779,-0.000502,0.039471,-0.163728,0.265851,0.213383,-0.188869,0.067153,0.319019,0.746281,0.059269,0.66298,-0.606396,0.470925,0.640661,-0.275168,-0.880198,0.38652,-0.051811,0.065162,-0.041529,0.601948,-0.764748,-0.442434,-1.404621,0.025265,0.056206,-0.017398,-0.714425,0.013552,0.69958,0.595439,-0.513327,0.618018,0.367489,0.858085,0.358665,-0.02589,0.032117,-0.02108,0.570237,-0.748755,-0.409838,-0.80776,0.068892,0.035638,-0.063621,-0.279669,-0.931702,-0.231765,0.157314,-0.282604,0.946248,-0.94712,0.228176,0.225606,0.007918,0.004885,0.00354,0.001456,-0.029417,0.054299,0.12996
712,0.109179,0.024624,0.354543,-0.294757,-0.945772,-0.136667,0.116351,-0.177526,0.977199,-0.948107,0.273312,0.162547,0.015219,0.007433,0.005385,-0.003428,0.015235,0.062132,0.195609,-0.191394,0.069635,0.31732,0.732202,0.114044,0.671465,-0.633531,0.475597,0.61023,-0.250661,-0.87233,0.419609,-0.07522,0.048464,-0.036355,-3.163915,-4.117369,-2.643079,-1.404663,0.024031,0.057424,-0.018238,-0.704878,-0.036975,0.708364,0.617472,-0.52348,0.587108,0.349106,0.851235,0.39182,-0.031782,0.030601,-0.021607,0.704136,-1.051883,-0.217722,-0.805637,0.069238,0.035844,-0.063521,-0.291115,-0.927214,-0.235637,0.156422,-0.289123,0.944425,-0.943813,0.238078,0.229204,0.008004,0.009136,-0.001542,-0.040898,0.443663,0.147617,0.088485
713,0.109802,0.024837,0.354684,-0.293425,-0.945685,-0.140092,0.115504,-0.180587,0.976739,-0.948624,0.271595,0.162402,0.014159,0.003222,0.00234,0.000985,-0.014714,0.029553,0.16004,-0.193928,0.071665,0.315787,0.721863,0.148609,0.675884,-0.650971,0.476852,0.590578,-0.235426,-0.866467,0.440082,-0.062921,0.047127,-0.038033,0.346423,-0.407461,-0.078133,-1.404955,0.022759,0.058436,-0.019007,-0.696975,-0.077392,0.712906,0.637183,-0.522916,0.566176,0.328973,0.848862,0.413773,-0.03142,0.023739,-0.018851,0.355486,-0.455399,-0.064352,-0.8058,0.069557,0.035959,-0.063444,-0.289951,-0.92665,-0.239262,0.155384,-0.292265,0.943629,-0.944342,0.236429,0.228729,0.007138,0.001861,0.001342,0.001281,-0.029984,0.054166,0.056643
714,0.109987,0.024894,0.354737,-0.292616,-0.945291,-0.144382,0.113538,-0.184317,0.976273,-0.949112,0.270457,0.161448,0.014018,0.002669,0.001939,-0.061972,-0.179998,0.459853,0.117328,-0.195232,0.072498,0.315082,0.720711,0.156531,0.675326,-0.653874,0.476686,0.587498,-0.23085,-0.865174,0.445024,-0.074811,0.046679,-0.037497,0.197327,-0.22124,0.143983,-1.405083,0.022112,0.058851,-0.019361,-0.69646,-0.085738,0.712454,0.640133,-0.522921,0.562833,0.324301,0.848057,0.419077,-0.031184,0.017278,-0.015894,0.115766,-0.199735,0.231835,-0.807596,0.069649,0.035984,-0.06342,-0.289371,-0.925817,-0.24316,0.153582,-0.295642,0.942871,-0.944815,0.235495,0.227739,0.000435,0.001793,0.001282,-0.242539,-0.186409,0.864839,0.018923
715,0.11027,0.025075,0.354855,-0.294548,-0.94281,-0.156195,0.11198,-0.196419,0.974091,-0.948698,0.270599,0.163633,0.014497,0.004699,0.003383,0.255697,0.167801,0.430613,0.056735,-0.198091,0.074204,0.31371,0.706927,0.164531,0.687877,-0.667325,0.477052,0.571868,-0.234938,-0.863496,0.446141,-0.074341,0.048812,-0.035879,0.165776,0.061989,-0.162347,-1.405234,0.020682,0.059697,-0.020052,-0.683107,-0.094183,0.724218,0.652343,-0.524529,0.547098,0.328347,0.846166,0.419749,-0.037023,0.017855,-0.015049,0.084288,0.539406,-0.678614,-0.811515,0.069789,0.036067,-0.063366,-0.29055,-0.922432,-0.254358,0.150905,-0.306673,0.939775,-0.944884,0.234668,0.228303,0.000756,0.003128,0.00224,0.341446,0.13915,1.110992,-0.075786
716,0.110533,0.025163,0.35493,-0.31962,-0.933743,-0.161285,0.108934,-0.205341,0.972595,-0.940877,0.294453,0.167556,0.000179,0.00074,0.000529,0.075208,0.058231,0.033546,-0.00602,-0.200633,0.075624,0.312522,0.686918,0.170268,0.706502,-0.685272,0.475071,0.551946,-0.242509,-0.863484,0.442096,-0.061862,0.036384,-0.030465,0.029776,1.830714,-2.205851,-1.405123,0.019383,0.060426,-0.020659,-0.663264,-0.101481,0.741472,0.668882,-0.524771,0.526507,0.335673,0.845171,0.415941,-0.030916,0.018142,-0.015228,0.005602,1.843428,-2.169161,-0.815924,0.069928,0.036123,-0.063321,-0.31712,-0.912609,-0.258026,0.14917,-0.31668,0.936728,-0.936579,0.258566,0.236559,4e-05,0.000148,0.000106,0.045944,0.053285,0.021136,-0.154165
717,0.110565,0.025174,0.354925,-0.322518,-0.93152,-0.168219,0.10926,-0.21321,0.970863,-0.939847,0.2959,0.170759,5.9e-05,0.000244,0.000175,0.125533,0.201353,-0.106668,-0.069335,-0.201739,0.076213,0.311961,0.67812,0.17824,0.713004,-0.69427,0.473283,0.542149,-0.241659,-0.862866,0.443763,-0.049656,0.02345,-0.025474,0.288072,-0.184519,-0.394238,-1.40495,0.018831,0.060721,-0.020939,-0.65444,-0.108897,0.74823,0.677605,-0.523555,0.51647,0.335498,0.845004,0.416424,-0.024816,0.011655,-0.012748,0.35629,-0.247486,-0.4373,-0.816904,0.069942,0.036125,-0.063325,-0.320104,-0.909649,-0.264709,0.1494,-0.324384,0.934052,-0.935527,0.259446,0.239738,3e-06,-2e-06,-2e-06,0.135922,0.115538,0.077235,-0.200866
718,0.110603,0.025256,0.354972,-0.334089,-0.924995,-0.181149,0.108778,-0.228793,0.967364,-0.93584,0.304631,0.17729,0.000581,0.002405,0.001717,0.098065,0.061057,0.068043,-0.167497,-0.203673,0.077034,0.311004,0.656979,0.209773,0.724131,-0.721791,0.451989,0.524078,-0.218174,-0.867226,0.447418,-0.04933,0.01215,-0.018561,-0.972211,0.706771,-3.199592,-1.405195,0.017882,0.061125,-0.021412,-0.638208,-0.141058,0.75683,0.703367,-0.506506,0.498722,0.312991,0.850619,0.422472,-0.01876,0.005484,-0.009947,-3.560176,-3.441858,-2.846695,-0.816904,0.06996,0.03616,-0.063307,-0.33256,-0.901735,-0.276184,0.149185,-0.339466,0.928712,-0.931207,0.26765,0.247418,0.000136,0.000546,0.000391,0.067528,0.080392,0.032159,-0.286594
719,0.110407,0.025256,0.355008,-0.340301,-0.920251,-0.193338,0.109658,-0.24309,0.963771,-0.933489,0.307916,0.183884,-0.013223,0.000514,0.000349,0.24082,0.215029,0.075998,-0.255767,-0.205119,0.07737,0.310425,0.636996,0.245932,0.730578,-0.744453,0.441816,0.500522,-0.200473,-0.863004,0.463571,-0.024857,0.004184,-0.010707,0.342375,-0.570202,-0.726145,-1.405224,0.017149,0.06129,-0.021709,-0.618888,-0.178625,0.764898,0.727621,-0.497189,0.472619,0.295877,0.849055,0.437676,-0.018359,0.00258,-0.004595,0.121871,-0.798487,-0.968327,-0.820986,0.069869,0.036166,-0.063284,-0.338674,-0.895931,-0.287412,0.149309,-0.352768,0.923721,-0.928981,0.269927,0.253244,-3.5e-05,-0.000141,-9.9e-05,0.348674,0.231045,0.213727,-0.349461
720,0.10999,0.025351,0.355173,-0.361802,-0.903672,-0.229176,0.093389,-0.279768,0.9555,-0.927127,0.325424,0.185906,0.001176,0.004829,0.003444,0.487035,0.445828,0.329884,-0.369295,-0.20611,0.077513,0.310283,0.608682,0.266423,0.74734,-0.765067,0.446244,0.46419,-0.210575,-0.854627,0.474482,-0.023722,0.001996,0.002966,0.540639,-0.237295,-1.135907,-1.405888,0.016653,0.061353,-0.021791,-0.59207,-0.201088,0.780394,0.745749,-0.503766,0.435977,0.305467,0.840109,0.448226,-0.005927,0.000486,0.00075,0.310403,1.457242,-2.18168,-0.82017,0.069652,0.0362,-0.063212,-0.360713,-0.876073,-0.319971,0.132124,-0.387605,0.912307,-0.92327,0.286805,0.255565,-0.005876,0.003264,0.002327,-0.14725,-0.023512,0.682012,-0.436495
721,0.109848,0.025443,0.355287,-0.373922,-0.896517,-0.237667,0.086091,-0.288743,0.953513,-0.923003,0.337194,0.185453,-0.011735,0.006601,0.004685,0.067355,0.170647,-0.168794,-0.374069,-0.206494,0.077527,0.310422,0.590266,0.274774,0.758998,-0.778627,0.441447,0.445869,-0.213271,-0.854485,0.473533,-0.01123,-0.006292,0.011378,0.284556,-0.366288,-0.475835,-1.406085,0.016452,0.061361,-0.02172,-0.57272,-0.212499,0.791728,0.759559,-0.500816,0.415031,0.308318,0.839062,0.448233,-0.005569,-0.002676,0.006054,0.302795,-0.405753,-0.473586,-0.82066,0.069582,0.036252,-0.063151,-0.375089,-0.867197,-0.32753,0.126483,-0.397901,0.908667,-0.918318,0.299405,0.258934,-0.005829,0.003449,0.002456,0.006067,0.154795,-0.203716,-0.463928
722,0.109617,0.025408,0.35542,-0.387978,-0.890496,-0.237775,0.082757,-0.290643,0.953232,-0.917476,0.351262,0.186762,-4.6e-05,-0.000187,-0.000133,-0.019037,0.084379,-0.100068,-0.374179,-0.206984,0.077236,0.310916,0.569402,0.290245,0.76911,-0.796469,0.426031,0.429031,-0.203841,-0.857212,0.472757,0.000766,-0.005946,0.010897,-0.026307,0.123468,-0.186099,-1.406184,0.016208,0.061229,-0.021469,-0.55287,-0.230395,0.800782,0.777865,-0.487269,0.396854,0.298764,0.84231,0.448613,-0.0055,-0.00194,0.006588,-0.075568,0.168109,-0.14461,-0.825722,0.069469,0.036241,-0.063079,-0.389043,-0.861502,-0.326279,0.12274,-0.399498,0.908479,-0.913005,0.31339,0.261163,-5.4e-05,-0.00023,-0.000156,-0.071265,-0.073516,0.250186,-0.47944
723,0.109289,0.025578,0.355541,-0.401529,-0.877396,-0.262668,0.063964,-0.313011,0.947578,-0.913124,0.36477,0.182139,-0.011294,0.008349,0.005921,-0.731965,1.136653,3.066633,-0.42837,-0.207148,0.076969,0.311523,0.543385,0.314619,0.778292,-0.822679,0.383695,0.419416,-0.167339,-0.868567,0.466317,-0.010744,-0.001587,0.014847,-0.139529,0.123236,-0.269756,-1.406284,0.016126,0.061093,-0.021161,-0.528667,-0.256116,0.809267,0.807038,-0.447123,0.385705,0.263057,0.85702,0.443075,-0.005362,-0.000592,0.007569,-0.141989,0.139254,-0.274492,-0.827028,0.069305,0.036311,-0.06303,-0.401243,-0.848046,-0.346151,0.105005,-0.418001,0.902357,-0.909932,0.325717,0.256769,-0.01192,0.010418,-0.0008,-0.83708,5.571231,1.237015,-0.504097
724,0.109022,0.025833,0.355649,-0.410856,-0.868025,-0.278883,0.051945,-0.327725,0.943329,-0.909722,0.374166,0.180092,-0.023425,0.0132,0.009339,-0.193284,1.713297,1.242313,-0.434986,-0.207135,0.076872,0.311807,0.52533,0.326384,0.785808,-0.838374,0.355894,0.412798,-0.145579,-0.876048,0.459576,0.00095,-0.004165,0.012204,-4.389083,-2.119807,-2.72152,-1.406056,0.016133,0.061053,-0.021019,-0.513049,-0.265995,0.816104,0.822123,-0.425611,0.378111,0.246767,0.864928,0.43704,0.000594,-0.007479,0.009757,-0.084775,0.1876,-0.205985,-0.823436,0.069168,0.03644,-0.062974,-0.411887,-0.835751,-0.363135,0.090826,-0.434178,0.896236,-0.906696,0.336166,0.25474,-0.011666,0.006844,0.004864,-0.218403,1.710087,1.283777,-0.520753
725,0.108452,0.026323,0.355985,-0.424272,-0.856487,-0.294055,0.035308,-0.340171,0.939685,-0.904333,0.389365,0.17494,-0.010568,0.011111,0.007847,-0.149673,0.56921,-0.088398,-0.374608,-0.207014,0.076661,0.312242,0.495369,0.342283,0.798401,-0.860945,0.315219,0.39918,-0.115647,-0.885531,0.449804,0.000685,-0.006721,0.010322,-1.376063,-0.386287,-1.061834,-1.406155,0.016194,0.060952,-0.020798,-0.483003,-0.286764,0.827329,0.849128,-0.384049,0.362612,0.213751,0.877651,0.428997,0.000328,0.003112,0.002416,-4.430214,-2.07825,-2.604527,-0.818537,0.068888,0.036689,-0.062804,-0.427231,-0.821842,-0.376894,0.075354,-0.447767,0.890968,-0.900996,0.352249,0.253229,-0.005296,0.005566,0.003933,-0.482778,1.582539,0.260069,-0.502954
726,0.107942,0.026696,0.356309,-0.44302,-0.840754,-0.311306,0.017039,-0.355115,0.934652,-0.895814,0.409811,0.172043,-0.023518,0.012487,0.008777,0.017937,0.042679,0.001092,-0.325094,-0.206893,0.076474,0.312463,0.456677,0.378045,0.805307,-0.887822,0.250115,0.386198,-0.055979,-0.891792,0.448817,0.000151,0.00146,0.001072,-4.347096,-2.411053,-3.016408,-1.405917,0.016255,0.060857,-0.020682,-0.449605,-0.321773,0.833256,0.879059,-0.324885,0.34886,0.158459,0.889332,0.428928,6.6e-05,0.000716,0.000508,-0.175734,-0.318811,-0.880559,-0.822946,0.068639,0.036876,-0.062641,-0.447311,-0.804203,-0.391369,0.057121,-0.462382,0.884838,-0.892552,0.373442,0.252765,-0.005393,0.005063,0.003571,-0.024384,0.039134,0.069556,-0.465887
727,0.107199,0.027465,0.35662,-0.462299,-0.815085,-0.34923,-0.007635,-0.390207,0.92068,-0.886133,0.429309,0.174611,-0.021223,0.028878,0.004191,-0.193369,-0.463797,2.758099,-0.269654,-0.20674,0.07639,0.312392,0.42025,0.429147,0.799509,-0.907091,0.178545,0.381105,0.020285,-0.885905,0.463275,-0.000384,-0.00374,-0.002746,-1.333036,-2.752645,0.715609,-1.405743,0.016331,0.060819,-0.020715,-0.414122,-0.377892,0.828069,0.906682,-0.251402,0.338709,0.080183,0.891063,0.446739,0.005689,0.004329,-0.004728,-4.073997,-2.458154,-3.09484,-0.824905,0.068265,0.037248,-0.062488,-0.468215,-0.776006,-0.422595,0.033603,-0.493549,0.869068,-0.882974,0.392711,0.257163,-0.010904,0.009511,0.006674,0.49067,0.432458,0.06974,-0.431923
728,0.106746,0.027906,0.356797,-0.464884,-0.808543,-0.360813,-0.010217,-0.402638,0.915286,-0.884751,0.430194,0.179375,-0.022459,0.01626,0.011364,0.001574,-0.20663,2.636835,-0.221097,-0.206674,0.076414,0.312302,0.402752,0.448027,0.798157,-0.914063,0.152873,0.37557,0.045754,-0.881369,0.470062,-0.000218,-0.002134,-0.001568,0.056541,-0.206595,-0.476161,-1.40591,0.016363,0.06082,-0.020762,-0.399849,-0.400267,0.824563,0.915068,-0.225979,0.33404,0.052629,0.888098,0.45663,0.00579,-0.001819,-0.00172,-1.024456,-1.09533,-1.17406,-0.829477,0.068049,0.037473,-0.062402,-0.470448,-0.768727,-0.433285,0.029982,-0.504656,0.862799,-0.881917,0.392911,0.260463,-0.011111,0.008623,0.006036,0.084852,0.185626,-0.137126,-0.404653
