frame,MLTx,MLTy,MLTz,MLTR1,MLTR2,MLTR3,MLTR4,MLTR5,MLTR6,MLTR7,MLTR8,MLTR9,MLTTVx,MLTTVy,MLTTVz,MLTRVx,MLTRVy,MLTRVz,MLGA,MRTx,MRTy,MRTz,MRTR1,MRTR2,MRTR3,MRTR4,MRTR5,MRTR6,MRTR7,MRTR8,MRTR9,MRTTVx,MRTTVy,MRTTVz,MRTRVx,MRTRVy,MRTRVz,MRGA,SLTx,SLTy,SLTz,SLTR1,SLTR2,SLTR3,SLTR4,SLTR5,SLTR6,SLTR7,SLTR8,SLTR9,SLTTVx,SLTTVy,SLTTVz,SLTRVx,SLTRVy,SLTRVz,SLGA,SRTx,SRTy,SRTz,SRTR1,SRTR2,SRTR3,SRTR4,SRTR5,SRTR6,SRTR7,SRTR8,SRTR9,SRTTVx,SRTTVy,SRTTVz,SRTRVx,SRTRVy,SRTRVz,SRGA
1715,0.180435,-0.018689,0.314196,-0.909909,0.398318,-0.115993,-0.411151,-0.828195,0.380814,0.05675,0.393697,0.917502,0.014433,0.010952,-0.008909,0.088878,0.026371,0.058005,0.263322,-0.187776,-0.03051,0.307998,-0.979937,-0.127539,0.153131,0.196854,-0.736619,0.646973,0.031522,0.66429,0.746718,-0.074329,-0.04418,0.017903,0.164098,-0.052121,-0.3827,-0.486284,0.033027,0.026676,-0.01548,0.989997,0.050555,0.131715,-0.12183,0.777151,0.617408,-0.071149,-0.62728,0.775537,-0.037484,-0.016451,0.004988,0.339711,-0.260097,-0.227656,-0.596298,0.088605,0.033023,-0.060651,0.937721,-0.34721,-0.011106,0.320781,0.853187,0.411303,-0.133333,-0.389251,0.91143,-0.000147,0.005605,-0.004065,0.06808,0.07359,0.024797,0.303701
1716,0.180691,-0.018379,0.314274,-0.899731,0.424636,-0.101068,-0.429794,-0.821199,0.375342,0.077504,0.380612,0.921496,0.000266,0.008683,0.009129,0.302255,0.156342,0.118568,-0.154788,-0.190287,-0.032113,0.308503,-0.977673,-0.143522,0.153453,0.208706,-0.744431,0.634191,0.024449,0.652232,0.757535,-0.059792,-0.046849,0.013477,0.341561,-0.280394,-0.258782,-0.849713,0.031721,0.025847,-0.015215,0.989042,0.066851,0.131631,-0.133548,0.7852,0.604669,-0.062934,-0.615622,0.785523,-0.029921,-0.023601,0.00658,0.373961,-0.293672,-0.263158,-0.828008,0.088739,0.033174,-0.060624,0.9275,-0.37381,0.002686,0.340233,0.847121,0.408198,-0.154864,-0.37769,0.912888,0.000142,0.004779,0.005021,0.342296,0.168776,0.121469,-0.011286
1717,0.180764,-0.017998,0.315238,-0.887856,0.445703,-0.114475,-0.455271,-0.814365,0.359875,0.068275,0.371076,0.926104,0.001066,0.013865,0.034294,0.515456,-0.599768,0.441993,-0.814152,-0.192469,-0.034087,0.309004,-0.9796,-0.13247,0.151086,0.198432,-0.753676,0.626522,0.032111,0.643883,0.764361,-0.060252,-0.047494,0.0125,0.068353,-0.096015,-0.130636,-1.384193,0.030652,0.024873,-0.014975,0.989976,0.056375,0.129492,-0.123128,0.793626,0.595815,-0.069179,-0.605787,0.792612,-0.022523,-0.023733,0.005778,0.035977,-0.112602,-0.118627,-0.990972,0.088775,0.033341,-0.060182,0.918313,-0.395746,-0.009167,0.36662,0.841537,0.396743,-0.149295,-0.367695,0.917883,0.000522,0.00709,0.017319,0.36502,0.193101,0.152372,-0.317129
1718,0.180811,-0.017661,0.316063,-0.879173,0.456984,-0.135149,-0.473919,-0.808398,0.349093,0.051366,0.37039,0.92747,0.001344,0.023341,0.043963,0.103874,-0.167709,0.04844,-1.292423,-0.193399,-0.034969,0.309331,-0.980091,-0.134008,0.146473,0.196444,-0.758545,0.621252,0.02909,0.637821,0.769547,-0.03008,-0.031055,0.008284,0.479516,-0.405736,-0.201444,-1.399862,0.030192,0.024432,-0.014828,0.990514,0.055887,0.125529,-0.120021,0.796686,0.592356,-0.066902,-0.601803,0.795836,-0.022375,-0.021114,0.008784,0.070256,-0.138486,-0.100017,-0.963702,0.088799,0.033508,-0.059764,0.912249,-0.408312,-0.032887,0.388386,0.836617,0.386297,-0.130215,-0.365173,0.921787,0.00066,0.011993,0.022327,0.307876,-0.761403,0.290977,-0.466704
1719,0.180941,-0.016725,0.318232,-0.850722,0.486199,-0.199817,-0.525679,-0.788516,0.319181,-0.001318,0.375965,0.926648,0.001919,0.022086,0.061666,1.042817,-2.529718,1.058845,-1.905867,-0.194796,-0.036245,0.310105,-0.980049,-0.142952,0.138059,0.19787,-0.762462,0.615981,0.018446,0.631184,0.775325,-0.028936,-0.034171,0.025782,0.07296,-0.062525,-0.197753,-1.401048,0.029476,0.023776,-0.014445,0.991037,0.066223,0.116015,-0.122065,0.801744,0.58507,-0.054269,-0.593987,0.802641,-0.022373,-0.011395,0.009464,0.111458,-0.166437,-0.054558,-0.964029,0.088864,0.033987,-0.058674,0.89284,-0.439698,-0.097481,0.443188,0.819255,0.363876,-0.080133,-0.368085,0.926332,0.000954,0.011921,0.03175,0.267556,-0.863352,0.504504,-0.762259
1720,0.180774,-0.015803,0.320691,-0.831151,0.491186,-0.26071,-0.552804,-0.780782,0.291135,-0.059526,0.385483,0.920807,0.002256,0.011913,0.070046,0.58608,-0.859237,1.028105,-1.915191,-0.195901,-0.037046,0.310965,-0.980614,-0.140725,0.136321,0.194862,-0.769198,0.60852,0.020462,0.623459,0.7815,-0.028932,-0.016571,0.025057,0.07103,-0.061309,-0.136387,-1.401457,0.028924,0.023368,-0.014015,0.991368,0.063987,0.114424,-0.118776,0.807831,0.577323,-0.055495,-0.58593,0.808458,-0.00712,-0.0028,0.007849,0.094905,-0.092787,-0.10203,-0.965172,0.088781,0.034465,-0.057434,0.880682,-0.445043,-0.16228,0.473308,0.812651,0.339964,-0.019421,-0.376209,0.92633,-0.006351,0.011234,0.0309,1.622648,-2.325952,1.732752,-1.05112
1721,0.180442,-0.015215,0.323342,-0.80933,0.510681,-0.290231,-0.581887,-0.764582,0.277116,-0.079385,0.392521,0.916325,0.002295,0.012767,0.070119,-0.006605,-0.435198,0.952269,-1.915442,-0.196473,-0.037267,0.311812,-0.981027,-0.140828,0.133206,0.192914,-0.772613,0.604804,0.018981,0.619199,0.784917,-0.013706,-0.000413,0.021635,0.022134,-0.028094,-0.049041,-1.401252,0.028631,0.023253,-0.013596,0.991716,0.064101,0.11131,-0.116777,0.810865,0.573464,-0.053498,-0.581712,0.811633,-0.006849,-2.1e-05,0.01105,0.001086,-0.023102,-0.06247,-0.963539,0.08862,0.034757,-0.056131,0.863514,-0.466105,-0.192583,0.504322,0.799089,0.327284,0.001342,-0.379738,0.925092,-0.006148,0.0063,0.035256,-0.332028,0.192786,0.785679,-1.083289
1722,0.180256,-0.014966,0.324686,-0.80037,0.526799,-0.286244,-0.59504,-0.756443,0.271464,-0.072529,0.386939,0.919263,-0.011826,0.003284,0.080082,0.060943,0.40101,0.940923,-1.914807,-0.196569,-0.037264,0.312221,-0.980766,-0.142779,0.133051,0.194324,-0.773385,0.603364,0.01799,0.617789,0.786051,0.001596,-4.3e-05,0.021055,0.013082,-0.035579,-0.014672,-1.400773,0.028579,0.023259,-0.01337,0.991605,0.066072,0.111142,-0.118203,0.811617,0.572105,-0.052404,-0.58044,0.812614,0.000807,0.000213,0.01081,-0.026437,-0.020241,-0.013903,-0.96109,0.088527,0.03489,-0.055437,0.854967,-0.482228,-0.191016,0.518655,0.791111,0.324251,-0.005248,-0.376295,0.926484,-0.006102,0.007036,0.035766,-0.452553,2.248312,0.089538,-1.034138
1723,0.179858,-0.014235,0.327531,-0.79009,0.550664,-0.269391,-0.610573,-0.746231,0.265164,-0.054033,0.373297,0.926152,-0.011893,0.019216,0.075563,0.509403,0.47522,0.58769,-1.914158,-0.196533,-0.03726,0.313001,-0.980261,-0.145202,0.134144,0.196891,-0.773542,0.602329,0.017544,0.61703,0.786657,0.001531,-0.000684,0.020262,-0.031163,-0.004812,0.005833,-1.400833,0.028597,0.023266,-0.012981,0.991319,0.068525,0.112209,-0.12078,0.811836,0.571256,-0.05195,-0.57985,0.813065,0.000775,-0.000107,0.010408,-0.061004,0.087022,-0.139836,-0.961579,0.088329,0.035246,-0.054016,0.844313,-0.506379,-0.175254,0.535245,0.781471,0.320646,-0.025412,-0.364529,0.930844,-0.006132,0.01537,0.033862,-0.202342,0.549915,0.408959,-1.064837
1724,0.179674,-0.013216,0.330479,-0.787886,0.557397,-0.261896,-0.613567,-0.747163,0.255451,-0.052315,0.361259,0.931011,0.002625,0.022475,0.077099,0.459655,0.460649,0.139522,-1.913521,-0.196382,-0.037133,0.313787,-0.979802,-0.147523,0.134963,0.199205,-0.773868,0.601147,0.016998,0.616072,0.787419,0.001763,0.001811,0.023063,-0.032777,-0.016548,0.032472,-1.400606,0.028672,0.023327,-0.012592,0.991069,0.070796,0.112996,-0.123034,0.812226,0.570219,-0.051409,-0.579029,0.813683,0.000858,0.000789,0.011399,-0.038916,0.001205,0.010209,-0.959293,0.08823,0.035744,-0.052567,0.841342,-0.513624,-0.168322,0.539769,0.782207,0.311127,-0.028139,-0.35262,0.935342,-0.005899,0.011413,0.038992,-0.027785,0.233673,-0.223136,-1.072185
1725,0.179623,-0.012793,0.331897,-0.788523,0.55862,-0.257334,-0.612931,-0.748444,0.253218,-0.050171,0.356697,0.932887,0.002571,0.020913,0.075152,0.350658,0.483058,-0.074434,-1.913515,-0.19629,-0.037055,0.314234,-0.979643,-0.147826,0.135782,0.199959,-0.773351,0.601563,0.017317,0.61665,0.78696,0.001879,0.003081,0.024472,-0.032889,-0.016455,0.032533,-1.400562,0.028719,0.023366,-0.01236,0.99096,0.071057,0.11379,-0.123743,0.811764,0.570724,-0.051818,-0.579646,0.813219,0.000936,0.001641,0.012349,-0.033156,-0.014447,0.035073,-0.956517,0.088206,0.035974,-0.051825,0.841364,-0.515099,-0.163642,0.539592,0.783345,0.30856,-0.030751,-0.347912,0.937022,-0.005909,0.010655,0.038018,0.371647,0.419835,0.097121,-1.072675
1726,0.179528,-0.01215,0.334838,-0.791143,0.557975,-0.250602,-0.609638,-0.75273,0.248415,-0.049046,0.34861,0.935998,-0.011785,0.017796,0.071861,1.435426,-1.283229,-5.076085,-1.912993,-0.196172,-0.036964,0.315198,-0.97895,-0.150603,0.137717,0.203327,-0.773233,0.600584,0.017273,0.616129,0.787369,0.001785,0.002173,0.023348,0.230757,-0.101983,-0.295249,-1.400085,0.028778,0.023415,-0.011881,0.990599,0.072756,0.115838,-0.126335,0.811328,0.570777,-0.052456,-0.580046,0.812892,0.000923,0.00157,0.012221,0.452722,-0.301066,-0.115307,-0.957007,0.088164,0.036301,-0.050349,0.839923,-0.519864,-0.155787,0.541582,0.784463,0.302168,-0.034877,-0.338169,0.940438,0.001354,0.003968,0.040434,0.000168,0.168481,-0.030886,-1.062714
1727,0.179445,-0.01164,0.337789,-0.787189,0.561796,-0.254487,-0.613654,-0.754779,0.231752,-0.06091,0.337897,0.939224,-0.011413,0.007868,0.080412,0.286536,0.259735,0.208053,-1.912951,-0.196071,-0.036906,0.316247,-0.978373,-0.153127,0.139031,0.206117,-0.773089,0.599818,0.016869,0.615691,0.78772,0.002011,0.004653,0.026058,0.000658,-0.040245,0.016915,-1.399786,0.028828,0.02344,-0.011362,0.990213,0.076444,0.116762,-0.129772,0.812157,0.568823,-0.051346,-0.578409,0.814128,0.000996,0.002405,0.013118,-0.023488,-0.034529,0.012913,-0.956191,0.088118,0.036558,-0.048851,0.839872,-0.518558,-0.160349,0.542344,0.789859,0.28633,-0.021825,-0.327445,0.944617,-0.005752,0.003885,0.040168,0.35964,0.316687,0.207065,-1.060428
1728,0.179411,-0.011466,0.339298,-0.786211,0.561231,-0.258723,-0.613879,-0.75751,0.222041,-0.070395,0.332693,0.940418,0.002747,0.007025,0.078801,0.651471,-0.427647,0.490624,-1.913048,-0.196005,-0.036909,0.316818,-0.977898,-0.156867,0.138203,0.208509,-0.774855,0.596705,0.014718,0.612527,0.790226,0.002525,-0.006582,0.03413,0.281095,-0.254573,-0.148651,-1.399477,0.028861,0.023445,-0.011077,0.990079,0.078963,0.116221,-0.131405,0.81324,0.566898,-0.049752,-0.576546,0.815548,0.000963,0.002076,0.012717,0.546751,-0.368919,-0.156573,-0.955374,0.0881,0.036644,-0.048125,0.839558,-0.517969,-0.163853,0.543096,0.792633,0.277089,-0.013648,-0.321621,0.946769,0.001319,0.003172,0.039112,1.726372,-1.896728,1.142715,-1.066143
1729,0.179289,-0.011402,0.342316,-0.789397,0.556118,-0.260058,-0.608188,-0.766167,0.207528,-0.082861,0.32129,0.943364,0.002873,-0.008988,0.082213,0.122394,0.100557,0.299107,-1.891428,-0.195884,-0.037045,0.318001,-0.978644,-0.150836,0.139626,0.204486,-0.779653,0.591827,0.020826,0.607926,0.793634,0.002373,-0.008135,0.032296,0.151262,0.040798,-0.165064,-1.399724,0.028922,0.02338,-0.010481,0.99034,0.073672,0.117464,-0.127386,0.817987,0.560954,-0.054758,-0.570499,0.81947,0.001215,-0.003594,0.016677,0.299074,0.095251,0.296314,-0.956027,0.088039,0.036688,-0.046612,0.842388,-0.512937,-0.165155,0.538867,0.800991,0.260834,-0.001503,-0.30872,0.951151,-0.005821,0.000731,0.03688,0.210316,0.235697,0.104643,-1.056509
1730,0.179158,-0.011608,0.345321,-0.786594,0.561362,-0.257269,-0.611354,-0.766632,0.1962,-0.086117,0.310909,0.946545,-0.01158,-0.000704,0.071347,0.039713,0.040127,0.234519,-1.799116,-0.195774,-0.037408,0.319222,-0.978117,-0.151945,0.142095,0.206679,-0.784521,0.584589,0.023886,0.601352,0.798542,0.002753,-0.020831,0.038738,0.121152,-0.140087,-0.130471,-1.399442,0.028977,0.023205,-0.009872,0.989945,0.074896,0.119988,-0.129327,0.822821,0.553389,-0.057282,-0.563343,0.824234,0.001096,-0.004823,0.015267,0.231463,-0.204675,-0.097932,-0.955211,0.087979,0.03658,-0.045107,0.839464,-0.518599,-0.162336,0.543413,0.801536,0.249483,0.000736,-0.297648,0.954675,0.001364,-0.005316,0.040152,-0.03079,0.104792,0.105348,-1.041813
1731,0.179026,-0.011936,0.348285,-0.780904,0.572383,-0.250223,-0.618823,-0.763568,0.184376,-0.084562,0.298107,0.950794,0.002428,-0.00301,0.068482,0.354465,0.266963,0.381654,-1.639535,-0.195587,-0.038036,0.320419,-0.977034,-0.154758,0.146445,0.211252,-0.790514,0.5748,0.028044,0.592727,0.80483,0.002435,-0.024271,0.034887,0.079592,-0.111384,-0.115172,-1.399439,0.029071,0.022894,-0.009269,0.989174,0.078289,0.124109,-0.133739,0.829038,0.542962,-0.060384,-0.553683,0.830534,0.000901,-0.006932,0.01291,0.116616,-0.140379,-0.114184,-0.957987,0.087908,0.036418,-0.043624,0.833981,-0.529025,-0.156863,0.551788,0.798597,0.24036,-0.001886,-0.287011,0.957925,-0.005706,-0.006725,0.038969,0.31155,0.38245,0.212123,-0.984824
1732,0.178958,-0.012101,0.349679,-0.779045,0.575717,-0.248363,-0.621309,-0.762101,0.182071,-0.083492,0.295431,0.951723,-0.011637,-0.004087,0.067841,-0.003871,0.094897,0.070851,-1.572144,-0.195481,-0.038436,0.320975,-0.976137,-0.159927,0.146878,0.215525,-0.793275,0.569384,0.026686,0.58765,0.808591,0.001733,-0.014981,0.024581,0.507536,0.390302,-0.656945,-1.399336,0.029125,0.022684,-0.008979,0.988756,0.083155,0.124281,-0.137574,0.831564,0.538119,-0.058601,-0.549167,0.833655,0.000832,-0.007662,0.012097,0.573875,0.441522,-0.706612,-0.957987,0.087879,0.036334,-0.042927,0.831672,-0.533439,-0.154152,0.555256,0.797327,0.236558,-0.00328,-0.282333,0.95931,0.001273,-0.008215,0.037401,-0.073518,-0.01173,0.23802,-0.959514
1733,0.178771,-0.012407,0.352202,-0.774595,0.583865,-0.243207,-0.626761,-0.760215,0.170921,-0.084135,0.284096,0.955111,-0.011753,-0.008676,0.06372,0.407905,0.329385,0.371662,-1.412969,-0.195285,-0.039269,0.322006,-0.976858,-0.156793,0.145453,0.211865,-0.799975,0.561327,0.029579,0.579347,0.81446,0.001553,-0.016956,0.022392,0.989787,2.939515,4.347381,-1.399206,0.029222,0.022267,-0.008465,0.98901,0.082064,0.122974,-0.135315,0.837551,0.529336,-0.059558,-0.540159,0.839451,0.000568,-0.008545,0.011195,0.965343,2.931159,4.350404,-0.958477,0.087781,0.036181,-0.04164,0.827478,-0.5409,-0.150684,0.561486,0.795433,0.228075,-0.003506,-0.273334,0.961912,-0.005925,-0.004582,0.031658,0.33238,0.287149,0.366579,-0.92359
1734,0.178518,-0.012571,0.354303,-0.77212,0.587781,-0.241638,-0.629728,-0.758813,0.166183,-0.084723,0.279743,0.956344,-0.012174,-0.003139,0.050456,0.046176,0.124824,0.044649,-1.215172,-0.195175,-0.03993,0.322953,-0.976073,-0.157555,0.149828,0.214707,-0.805036,0.552948,0.034729,0.572083,0.819377,0.001677,-0.015595,0.023886,-0.029286,-0.020941,-0.02934,-1.399509,0.029277,0.021932,-0.007996,0.988473,0.081946,0.127296,-0.136894,0.842871,0.520409,-0.064649,-0.531837,0.844374,0.000822,-0.007815,0.011921,-0.104952,0.003054,-0.026829,-0.959457,0.087659,0.036101,-0.040607,0.824763,-0.545644,-0.148449,0.565467,0.794252,0.222283,-0.003381,-0.267274,0.963613,0.000861,-0.001724,0.024886,0.073483,0.134683,0.082016,-0.886523
1735,0.178328,-0.012596,0.35517,-0.769885,0.589179,-0.245335,-0.631781,-0.758014,0.161981,-0.089578,0.278968,0.956127,-0.01254,0.004428,0.039009,0.019292,0.038645,0.0428,-1.111897,-0.195156,-0.04018,0.323387,-0.976733,-0.155098,0.148083,0.211553,-0.807917,0.549953,0.035574,0.568677,0.821707,0.001734,-0.014962,0.024577,-0.005006,-0.038352,-0.040279,-1.399691,0.029286,0.021812,-0.00779,0.988908,0.079247,0.12562,-0.133453,0.845341,0.517289,-0.065198,-0.528316,0.84654,0.000841,-0.007615,0.012139,-0.054562,-0.023462,-0.046304,-0.959783,0.087564,0.036087,-0.040168,0.822969,-0.547304,-0.152244,0.568083,0.793534,0.218139,0.001423,-0.26601,0.963968,-0.006322,0.001711,0.019101,0.036522,-0.100786,0.23522,-0.864316
1736,0.177819,-0.012581,0.356471,-0.771821,0.58242,-0.255194,-0.627594,-0.762282,0.158189,-0.101442,0.281523,0.954192,-0.026727,-0.003634,0.032824,-0.065842,-0.066115,0.130115,-1.005574,-0.195244,-0.040525,0.324093,-0.977117,-0.153215,0.147506,0.209554,-0.810189,0.54737,0.036875,0.565945,0.823534,0.001082,-0.005098,0.014898,-0.023565,-0.010242,0.002493,-1.399517,0.029242,0.021637,-0.007431,0.989108,0.077353,0.125221,-0.13143,0.84715,0.514842,-0.066257,-0.525692,0.848089,-0.007068,-0.002667,0.007813,-0.060829,0.032547,-0.051747,-0.959457,0.087314,0.036101,-0.039513,0.825659,-0.540398,-0.162038,0.564008,0.797506,0.21419,0.013479,-0.268239,0.963257,-0.006574,0.002901,0.011278,-0.034963,-0.088792,0.174978,-0.854029
1737,0.177051,-0.012484,0.357227,-0.776592,0.573695,-0.260429,-0.620384,-0.768385,0.157097,-0.109023,0.282848,0.952963,-0.013304,-0.000801,0.01719,-0.029987,-0.078206,0.153606,-0.945505,-0.195412,-0.040679,0.324613,-0.977449,-0.150067,0.148541,0.207476,-0.811545,0.546152,0.039822,0.564842,0.824155,0.000432,0.004736,0.005188,0.083967,0.336169,0.250575,-1.39927,0.029158,0.021557,-0.007167,0.98919,0.074536,0.126272,-0.129477,0.848192,0.513618,-0.06882,-0.524416,0.848675,-0.007128,-0.003183,0.007248,0.208211,0.941199,1.319918,-0.956027,0.086925,0.036149,-0.039128,0.830574,-0.531342,-0.166796,0.556505,0.803257,0.21232,0.021166,-0.26917,0.962859,-0.013783,0.004538,0.004079,0.009367,-0.166063,0.319222,-0.875257
1738,0.176136,-0.012249,0.357602,-0.784335,0.560509,-0.265883,-0.608663,-0.778141,0.154908,-0.119096,0.282631,0.951821,-0.027523,0.00811,0.007328,0.004755,-0.074288,0.1435,-0.93109,-0.19558,-0.040739,0.324975,-0.97688,-0.15273,0.149564,0.210196,-0.811913,0.544564,0.039494,0.563601,0.825019,-0.014262,-0.007035,0.013741,-0.05013,0.118632,-0.222961,-1.399465,0.02908,0.021533,-0.006988,0.988905,0.076682,0.127224,-0.131705,0.84871,0.512195,-0.0687,-0.523268,0.849393,0.000174,0.001968,0.002156,-0.007299,-0.008609,0.026967,-0.950149,0.086462,0.036259,-0.038941,0.838119,-0.517776,-0.171646,0.544584,0.812311,0.208753,0.031344,-0.268436,0.962787,-0.01378,0.003855,0.003519,0.003362,-0.075203,0.14335,-0.906935
1739,0.17562,-0.012055,0.357722,-0.785473,0.557911,-0.26798,-0.606568,-0.779987,0.153841,-0.122219,0.282687,0.951408,-0.027739,0.018844,-0.001493,0.040482,-0.085275,0.162838,-0.929965,-0.195636,-0.040785,0.325144,-0.977479,-0.149011,0.149407,0.206928,-0.81393,0.5428,0.041957,0.561677,0.826209,0.000881,-0.007301,0.012466,-0.001223,-0.026519,-0.00766,-1.399439,0.029046,0.021509,-0.006903,0.989177,0.072927,0.127311,-0.128355,0.850475,0.510114,-0.071074,-0.520935,0.850631,0.000104,0.001192,0.001304,0.011359,-0.016911,-0.018733,-0.951782,0.086225,0.036343,-0.038886,0.8394,-0.515052,-0.173574,0.542421,0.814081,0.207486,0.034438,-0.268314,0.962715,-0.013768,0.003806,0.003471,0.003385,-0.075159,0.143437,-0.927509
1740,0.174471,-0.011767,0.357909,-0.78655,0.556119,-0.268544,-0.604988,-0.781163,0.154092,-0.123109,0.282971,0.951209,-0.027585,0.005129,0.004902,-0.001149,0.016339,-0.033483,-0.916788,-0.19568,-0.041,0.325512,-0.977038,-0.151391,0.149893,0.209123,-0.81422,0.541522,0.041297,0.560622,0.826958,0.000749,-0.008731,0.010902,-0.034611,0.009839,-0.018749,-1.399,0.029024,0.021406,-0.006722,0.988941,0.075378,0.127719,-0.130581,0.850832,0.508953,-0.070303,-0.520002,0.851266,0.000393,-0.004087,0.005756,-0.0488,0.003586,0.007144,-0.951129,0.08565,0.036495,-0.038792,0.840429,-0.513218,-0.174026,0.540767,0.815161,0.207564,0.035333,-0.26855,0.962616,-0.013808,0.002323,0.002277,0.007832,-0.079138,0.145297,-0.93845
1741,0.173202,-0.011658,0.358008,-0.788106,0.553088,-0.270235,-0.60237,-0.783346,0.153267,-0.125942,0.28288,0.950865,-0.04163,0.001739,0.002584,0.002902,-0.046502,0.088279,-0.895988,-0.195654,-0.04135,0.325896,-0.977282,-0.151285,0.148409,0.207957,-0.817841,0.536492,0.041444,0.555355,0.830498,0.000617,-0.010171,0.009331,0.112566,-0.097816,-0.085682,-1.399091,0.029037,0.021229,-0.006525,0.989169,0.074764,0.126307,-0.128897,0.854089,0.503901,-0.070205,-0.514724,0.854476,0.000298,-0.005126,0.004621,0.152996,-0.124009,-0.098744,-0.953905,0.085011,0.036553,-0.03874,0.841988,-0.510108,-0.175628,0.538139,0.817194,0.206396,0.038238,-0.268295,0.962577,-0.013873,0.000717,0.00099,-0.002294,0.029181,-0.058772,-0.92604
1742,0.172557,-0.011621,0.358057,-0.787906,0.553271,-0.270443,-0.602601,-0.783186,0.153178,-0.126083,0.282966,0.950821,-0.027732,0.001525,0.002001,-0.001969,0.029429,-0.059106,-0.895102,-0.195652,-0.041555,0.326102,-0.977054,-0.153189,0.14795,0.209227,-0.818456,0.535059,0.040358,0.553928,0.831504,-0.013961,-0.020554,0.019412,-0.051842,0.020564,-0.075617,-1.399199,0.029038,0.021122,-0.006419,0.989074,0.077151,0.125615,-0.130454,0.854916,0.502094,-0.068653,-0.512996,0.85564,-0.006993,-0.01033,0.009647,-0.100283,0.040524,-0.077445,-0.955048,0.084683,0.03657,-0.038717,0.841757,-0.510382,-0.175933,0.538484,0.816987,0.206314,0.038436,-0.268404,0.962538,-0.020816,0.000888,0.001319,-0.003006,0.04415,-0.088384,-0.922448
1743,0.171186,-0.011566,0.358193,-0.788272,0.552907,-0.270124,-0.60218,-0.783457,0.153446,-0.125813,0.282928,0.950868,-0.027686,0.002241,0.002545,-0.001969,0.029429,-0.059106,-0.894206,-0.195677,-0.041995,0.32659,-0.97725,-0.154582,0.14518,0.208551,-0.822992,0.528321,0.039046,0.546772,0.836288,0.001315,-0.019442,0.019646,0.049494,-0.067608,-0.09145,-1.398568,0.029025,0.020906,-0.006185,0.989352,0.078146,0.122775,-0.129307,0.85913,0.495151,-0.066786,-0.505755,0.860087,0.00038,-0.004216,0.005613,0.07431,-0.082042,-0.086498,-0.954884,0.084013,0.036593,-0.038653,0.842024,-0.510048,-0.175628,0.538085,0.817198,0.206518,0.038189,-0.268396,0.96255,-0.013831,0.001401,0.001518,0.004661,-0.074285,0.143647,-0.919835
1744,0.169914,-0.011488,0.358434,-0.789138,0.552065,-0.269313,-0.601192,-0.784084,0.154115,-0.125105,0.282835,0.950989,-0.041314,0.00669,0.006418,-0.002107,0.031019,-0.063016,-0.895008,-0.195766,-0.042407,0.32713,-0.977445,-0.155967,0.142365,0.207884,-0.827446,0.521586,0.037682,0.539612,0.840989,0.000793,-0.008241,0.011435,0.157369,0.180026,0.344586,-1.396578,0.028986,0.020703,-0.00592,0.989473,0.081139,0.119823,-0.129894,0.862971,0.48827,-0.063787,-0.498694,0.864426,0.000178,-0.004378,0.005517,0.883383,2.768872,4.55333,-0.959946,0.083366,0.036624,-0.038538,0.842782,-0.509115,-0.174696,0.53695,0.817803,0.207081,0.037438,-0.268327,0.962599,-0.013644,-0.002267,0.007254,-0.036871,0.027715,-0.052501,-0.918528
1745,0.168805,-0.011411,0.359033,-0.78966,0.55157,-0.268797,-0.600708,-0.784217,0.155326,-0.124144,0.283432,0.950937,-0.026827,0.002458,0.019956,-0.035981,0.014685,-0.026907,-0.895792,-0.19593,-0.042769,0.32759,-0.976675,-0.163165,0.139548,0.212192,-0.830703,0.514628,0.033186,0.53244,0.845736,0.00073,-0.008907,0.01071,0.379311,-0.295498,-0.206214,-1.388371,0.028904,0.02052,-0.005685,0.98939,0.085156,0.1177,-0.131975,0.865508,0.483194,-0.060724,-0.493602,0.867564,0.000317,-0.004893,0.004878,-0.0369,-0.003381,-0.041547,-0.961906,0.082816,0.036659,-0.038255,0.843207,-0.508599,-0.174145,0.536342,0.817923,0.208178,0.036558,-0.268939,0.962462,-0.006488,0.001028,0.009659,-0.030019,-0.077308,0.154119,-0.918528
1746,0.168399,-0.0114,0.359506,-0.789738,0.551509,-0.268695,-0.600736,-0.784014,0.156235,-0.123518,0.284108,0.950817,-0.026389,-0.003933,0.032162,-0.071684,0.02621,-0.045985,-0.896408,-0.196022,-0.042923,0.327751,-0.976409,-0.165115,0.139114,0.21356,-0.831343,0.513025,0.032175,0.530839,0.846781,-0.014557,-0.009932,0.010569,0.243629,-0.182052,-0.174963,-1.381112,0.028859,0.020442,-0.005599,0.989263,0.087864,0.116775,-0.133716,0.86662,0.480717,-0.058962,-0.49117,0.869065,0.000301,-0.005057,0.0047,0.417206,-0.286569,-0.162423,-0.960273,0.082603,0.036665,-0.038017,0.843282,-0.508518,-0.174019,0.536264,0.817741,0.209092,0.035975,-0.269644,0.962287,-0.006342,0.003297,0.011432,-0.035017,4.3e-05,0.002723,-0.918528
1747,0.167882,-0.011431,0.36096,-0.788818,0.554252,-0.265735,-0.602332,-0.783175,0.154291,-0.121624,0.281074,0.951962,-0.011803,-0.006344,0.047044,-0.088376,0.024318,-0.003165,-0.898073,-0.196218,-0.043122,0.327915,-0.976037,-0.167312,0.139103,0.215368,-0.831845,0.511453,0.031371,0.529366,0.847733,-6.6e-05,-0.000708,-0.000771,0.007753,-0.005739,-0.003513,-1.346879,0.028755,0.020339,-0.005513,0.989037,0.091034,0.116259,-0.136072,0.867645,0.478201,-0.057339,-0.488778,0.87052,-5.1e-05,-0.0005,-0.000539,-0.018714,0.006529,-0.003503,-0.949822,0.082339,0.03665,-0.037296,0.842205,-0.511353,-0.1709,0.538096,0.817067,0.207009,0.033782,-0.266305,0.963296,-0.005908,-0.002961,0.023701,-0.113709,-0.073594,0.148752,-0.919345
1748,0.16786,-0.011641,0.363054,-0.786302,0.561189,-0.258537,-0.606179,-0.781665,0.146692,-0.118794,0.271361,0.955132,0.016484,-0.01014,0.060374,0.067616,0.164843,0.10942,-0.89918,-0.196427,-0.043198,0.327892,-0.975804,-0.167871,0.140061,0.216354,-0.831598,0.51144,0.031849,0.529579,0.847582,-0.000217,-0.002294,-0.002498,-0.001786,0.013185,-0.025561,-1.324914,0.028651,0.020303,-0.005522,0.988873,0.091505,0.117282,-0.137006,0.867366,0.478441,-0.057947,-0.489186,0.870252,-6.7e-05,-0.000702,-0.000759,-0.000378,0.001547,0.002278,-0.944761,0.082318,0.036548,-0.036252,0.839449,-0.518118,-0.163943,0.542599,0.815849,0.199936,0.030162,-0.256792,0.965995,0.001353,-0.00413,0.031103,0.096912,0.192898,0.122327,-0.920162
1749,0.168049,-0.011791,0.364296,-0.784541,0.566385,-0.252485,-0.608819,-0.780857,0.139906,-0.116942,0.26277,0.957759,0.016732,-0.005825,0.063569,0.199849,0.262596,0.184936,-0.898882,-0.196521,-0.043218,0.32786,-0.975652,-0.168237,0.140682,0.216993,-0.831477,0.511365,0.032174,0.529652,0.847524,-0.000147,-0.00155,-0.001688,0.0,-0.0,-0.0,-1.323106,0.028603,0.02029,-0.005541,0.988765,0.091873,0.117909,-0.137633,0.867297,0.478384,-0.058312,-0.489238,0.870198,-9.2e-05,-0.000974,-0.001058,0.000133,0.001102,0.001909,-0.946067,0.082418,0.036468,-0.035609,0.837354,-0.523327,-0.158006,0.545966,0.81515,0.193521,0.027524,-0.248311,0.968288,0.008363,-0.002504,0.032102,0.193864,0.259326,0.188554,-0.920815
1750,0.168904,-0.012231,0.367112,-0.780471,0.577877,-0.238681,-0.614829,-0.778683,0.124936,-0.112693,0.243533,0.963338,0.030814,-0.012931,0.074525,0.218927,0.306489,0.214158,-0.896442,-0.196638,-0.043247,0.327837,-0.975423,-0.168782,0.141609,0.217948,-0.831276,0.511285,0.032651,0.529794,0.847417,-0.015251,-0.000526,0.00039,-0.002045,0.015205,-0.029245,-1.319597,0.028551,0.020274,-0.005555,0.98861,0.092389,0.118795,-0.138519,0.867186,0.478331,-0.058825,-0.489339,0.870107,-3.9e-05,-0.000412,-0.000445,0.000162,0.000723,0.001292,-0.949169,0.082835,0.036259,-0.034224,0.832496,-0.534837,-0.144557,0.553604,0.813262,0.179236,0.021701,-0.229241,0.973127,0.015401,-0.005999,0.03761,0.297161,0.372593,0.244805,-0.919998
1751,0.170351,-0.012711,0.370085,-0.775775,0.589553,-0.225047,-0.621488,-0.775601,0.110307,-0.108554,0.224699,0.968377,0.044437,-0.012765,0.073927,0.138517,0.225114,0.211663,-0.895249,-0.196638,-0.043252,0.32783,-0.97517,-0.169383,0.142631,0.219002,-0.831054,0.511195,0.033176,0.529952,0.847298,-0.0,-3e-06,-3e-06,0.0,-0.0,-0.0,-1.311337,0.028545,0.02027,-0.005558,0.988429,0.093018,0.119815,-0.13957,0.867052,0.478267,-0.059399,-0.489456,0.870002,2e-06,2.6e-05,2.8e-05,0.000108,0.000479,0.000881,-0.951619,0.083538,0.036026,-0.032756,0.826898,-0.546801,-0.131327,0.562121,0.810367,0.165298,0.016038,-0.210507,0.97746,0.015336,-0.005746,0.037618,0.258472,0.343238,0.229515,-0.917059
1752,0.171932,-0.012986,0.37261,-0.771754,0.597979,-0.216476,-0.626983,-0.772385,0.101411,-0.105606,0.213242,0.971289,0.030124,-0.005973,0.062163,0.142639,0.204861,0.18929,-0.892239,-0.196593,-0.043259,0.32782,-0.974905,-0.170009,0.143695,0.220098,-0.830822,0.511101,0.033723,0.530116,0.847174,-0.0,-0.0,-0.0,0.0,-0.0,-0.0,-1.296022,0.028567,0.020268,-0.005563,0.98824,0.093676,0.120855,-0.140656,0.866913,0.478201,-0.059975,-0.489577,0.869894,0.0,1.3e-05,1.1e-05,8.2e-05,0.000321,0.000604,-0.951782,0.08435,0.035893,-0.03146,0.822375,-0.555407,-0.12337,0.568816,0.807225,0.157591,0.01206,-0.199774,0.979767,0.021869,-0.003461,0.030514,0.226031,0.270909,0.21213,-0.917059
1753,0.172708,-0.013029,0.373666,-0.77033,0.600118,-0.21563,-0.62889,-0.770891,0.100979,-0.104674,0.212643,0.971521,0.043369,0.000806,0.049792,-0.036216,0.007218,0.132432,-0.888091,-0.19657,-0.043253,0.327825,-0.974795,-0.170269,0.144137,0.220554,-0.830726,0.511062,0.03395,0.530184,0.847122,6e-06,6.4e-05,6.9e-05,0.0,-0.0,-0.0,-1.287758,0.028579,0.020271,-0.00556,0.98816,0.093951,0.121287,-0.141109,0.866855,0.478173,-0.060214,-0.489627,0.869849,4e-06,4.1e-05,4.5e-05,-0.012257,0.091265,-0.175893,-0.951455,0.084733,0.035872,-0.030925,0.820801,-0.557985,-0.122217,0.571108,0.805746,0.156866,0.010948,-0.198555,0.980028,0.014801,0.000561,0.025188,-0.072561,-0.01806,0.12982,-0.914446
1754,0.174101,-0.012893,0.375196,-0.767558,0.603566,-0.215887,-0.632378,-0.768054,0.100806,-0.10402,0.213141,0.971482,0.02894,0.003691,0.035335,-0.064857,-0.04346,0.098883,-0.878823,-0.196525,-0.043254,0.327821,-0.974595,-0.170736,0.144932,0.221373,-0.830552,0.510991,0.034358,0.530307,0.847028,0.0,0.0,0.0,0.0,-0.0,-0.0,-1.281785,0.028602,0.020271,-0.005562,0.988018,0.09445,0.122064,-0.141926,0.866749,0.478123,-0.060641,-0.489718,0.869768,0.0,-1e-06,-2e-06,6.4e-05,0.000181,0.000355,-0.950639,0.085446,0.035943,-0.030139,0.818221,-0.561582,-0.123043,0.57481,0.802981,0.157526,0.010338,-0.199617,0.979819,0.014424,0.001436,0.017346,-0.080058,-0.056225,0.095384,-0.907915
1755,0.175084,-0.012486,0.376011,-0.765005,0.606051,-0.21798,-0.635349,-0.765573,0.100998,-0.104722,0.214999,0.970997,0.028021,0.016657,0.011163,0.003731,-0.053703,0.111355,-0.868724,-0.196515,-0.043272,0.327801,-0.974333,-0.171345,0.145969,0.222442,-0.830324,0.510896,0.034891,0.530468,0.846906,-2.8e-05,-0.000293,-0.000319,-0.012339,0.091009,-0.176396,-1.273995,0.028606,0.020262,-0.005572,0.987851,0.095027,0.122955,-0.142869,0.866627,0.478064,-0.061127,-0.489823,0.869675,-1.7e-05,-0.00018,-0.000197,1.5e-05,0.000132,0.000233,-0.952108,0.085926,0.036141,-0.029735,0.816159,-0.56405,-0.125421,0.577718,0.800753,0.158224,0.011185,-0.201594,0.979404,0.00714,0.007795,0.005386,0.002765,-0.039634,0.079366,-0.90171
1756,0.175382,-0.012211,0.3762,-0.763868,0.607147,-0.218913,-0.636608,-0.764581,0.100583,-0.105363,0.215434,0.970832,0.014189,0.013155,0.009031,0.001865,-0.026852,0.055677,-0.859958,-0.196527,-0.043278,0.327796,-0.97426,-0.171516,0.146259,0.22274,-0.830261,0.51087,0.035039,0.530513,0.846872,-1e-05,-0.000108,-0.000118,0.0,-0.0,-0.0,-1.265708,0.0286,0.020258,-0.005575,0.987775,0.095291,0.123361,-0.143299,0.866571,0.478037,-0.061349,-0.489871,0.869633,-6e-06,-5.2e-05,-5.7e-05,1.7e-05,0.000105,0.000194,-0.952108,0.08608,0.03628,-0.02964,0.815193,-0.565209,-0.126484,0.579067,0.799831,0.157957,0.011888,-0.202008,0.979311,0.007085,0.006603,0.004517,0.002144,-0.027199,0.053678,-0.897627
1757,0.175581,-0.011685,0.376409,-0.7655,0.604509,-0.220506,-0.634206,-0.766712,0.099532,-0.107949,0.215281,0.970581,0.000358,0.008881,0.006354,0.006952,-0.095972,0.206382,-0.817092,-0.196538,-0.043271,0.327803,-0.974068,-0.171959,0.147014,0.223518,-0.830094,0.5108,0.035427,0.53063,0.846782,3e-06,3.3e-05,3.6e-05,0.0,-0.0,-0.0,-1.25423,0.028595,0.020262,-0.005571,0.987637,0.095772,0.124099,-0.144083,0.866468,0.477987,-0.06175,-0.489959,0.869555,1e-06,1.8e-05,1.9e-05,-2.6e-05,9.5e-05,0.00011,-0.952272,0.086184,0.036542,-0.029537,0.816953,-0.562351,-0.12786,0.576522,0.801925,0.156642,0.014447,-0.201684,0.979343,0.000157,0.00405,0.002893,0.00102,-0.012373,0.024906,-0.878196
1758,0.175322,-0.011444,0.376527,-0.763708,0.606252,-0.221931,-0.636181,-0.765177,0.09874,-0.109009,0.215838,0.970339,-0.01348,0.003481,0.002904,0.005971,-0.081285,0.176816,-0.727758,-0.196526,-0.043279,0.327809,-0.973878,-0.172395,0.147759,0.224286,-0.829916,0.510754,0.035804,0.530769,0.846679,0.0,0.0,0.0,0.0,-0.0,-0.0,-1.213788,0.028601,0.020258,-0.005568,0.987498,0.096252,0.124828,-0.144862,0.866353,0.477961,-0.062141,-0.490069,0.869465,0.0,-0.0,1e-06,5.8e-05,3.5e-05,0.000119,-0.948843,0.08606,0.036664,-0.029477,0.815434,-0.564186,-0.12946,0.578639,0.800508,0.156086,0.015572,-0.202188,0.979222,-0.006781,0.000843,0.000811,-0.00084,0.014576,-0.03037,-0.830515
1759,0.174728,-0.011509,0.376537,-0.762797,0.606406,-0.224627,-0.637154,-0.764124,0.100599,-0.109695,0.219099,0.96953,-0.013757,-0.003069,-0.001778,-0.002903,0.025932,-0.056069,-0.602655,-0.196505,-0.043303,0.327781,-0.973581,-0.173076,0.148919,0.225481,-0.829659,0.510645,0.036399,0.530949,0.846541,-0.000108,-0.001142,-0.001245,0.0,0.0,0.0,-1.148514,0.028611,0.020248,-0.00558,0.987281,0.096999,0.125961,-0.146073,0.866193,0.477882,-0.062753,-0.490204,0.869345,-7e-05,-0.00075,-0.000818,-6e-06,4.7e-05,8.3e-05,-0.927941,0.085774,0.036635,-0.02947,0.81481,-0.564412,-0.132375,0.57949,0.799487,0.158148,0.016572,-0.205571,0.978501,-0.006875,-0.001484,-0.000846,0.009513,0.022825,-0.030339,-0.752135
1760,0.174368,-0.011569,0.376506,-0.762618,0.606586,-0.224748,-0.637355,-0.763966,0.100531,-0.109776,0.219151,0.96951,-0.027642,0.00699,-0.010817,0.039851,-0.064743,0.140812,-0.546051,-0.196508,-0.043333,0.327749,-0.973428,-0.173423,0.149511,0.226091,-0.829527,0.510589,0.036703,0.531042,0.846469,-0.00017,-0.001793,-0.001955,0.0,0.0,0.0,-1.139276,0.02861,0.020233,-0.005596,0.987169,0.097381,0.12654,-0.146692,0.866111,0.477842,-0.063066,-0.490274,0.869283,-9.3e-05,-0.00098,-0.001069,-1e-06,3.4e-05,7e-05,-0.926635,0.085588,0.036597,-0.029485,0.814694,-0.564573,-0.132403,0.579653,0.799389,0.158046,0.016613,-0.205507,0.978514,-0.006909,-0.002188,-0.00135,-0.00011,0.02819,-0.055908,-0.706088
1761,0.173632,-0.011786,0.37636,-0.762373,0.606838,-0.224899,-0.637628,-0.763754,0.100411,-0.109891,0.219193,0.969487,-0.013943,-0.006601,-0.004321,0.004229,-0.056977,0.124582,-0.453059,-0.196513,-0.043379,0.327684,-0.973292,-0.173733,0.150037,0.226633,-0.829425,0.510516,0.036978,0.531102,0.84642,-0.000147,-0.001548,-0.001689,0.0,0.0,0.0,-1.136855,0.028607,0.020209,-0.005629,0.98707,0.09772,0.127054,-0.147239,0.86605,0.477783,-0.063346,-0.490312,0.869241,-8.3e-05,-0.000883,-0.000964,-0.001796,0.013218,-0.025516,-0.938882,0.085215,0.036492,-0.029561,0.814478,-0.564844,-0.132571,0.579951,0.799198,0.157916,0.016753,-0.205504,0.978512,-0.013783,-0.003166,-0.00185,-0.001903,0.029431,-0.059263,-0.623952
1762,0.172903,-0.01206,0.376186,-0.761658,0.60754,-0.225426,-0.63842,-0.763128,0.10014,-0.110247,0.219428,0.969393,-0.027629,-0.006786,-0.004069,0.003253,-0.042263,0.095029,-0.379408,-0.196505,-0.043408,0.327651,-0.973176,-0.173995,0.150483,0.227092,-0.829325,0.510473,0.037207,0.531172,0.846366,-4.5e-05,-0.000477,-0.000521,0.0,0.0,0.0,-1.134279,0.028611,0.020192,-0.005648,0.986985,0.098007,0.12749,-0.147704,0.865988,0.477752,-0.063582,-0.490365,0.869194,0.007572,-0.000344,-0.000859,-0.010303,0.075813,-0.147119,-0.946067,0.084855,0.036352,-0.029651,0.813854,-0.565601,-0.133176,0.580815,0.798606,0.157737,0.017139,-0.205726,0.978459,-0.006986,-0.003423,-0.002247,-0.000941,0.014694,-0.029661,-0.561575
1763,0.172548,-0.012197,0.376099,-0.761332,0.60786,-0.225665,-0.638781,-0.762841,0.100017,-0.110408,0.219535,0.969351,-0.013993,-0.006814,-0.0045,-0.00187,0.026863,-0.055672,-0.342697,-0.196506,-0.04342,0.327638,-0.973134,-0.174089,0.150644,0.227258,-0.829289,0.510458,0.03729,0.531197,0.846346,-2.6e-05,-0.000274,-0.000299,0.0,0.0,0.0,-1.133786,0.028611,0.020186,-0.005655,0.986954,0.098111,0.127649,-0.147873,0.865965,0.47774,-0.063667,-0.490384,0.869177,-1.3e-05,-0.000132,-0.000144,2e-06,2.2e-05,2e-05,-0.948843,0.084673,0.036282,-0.029696,0.813508,-0.566019,-0.133512,0.581293,0.798278,0.157638,0.017354,-0.20585,0.978429,-0.006986,-0.003254,-0.002128,0.005151,-0.069142,0.15061,-0.533163
1764,0.171908,-0.012447,0.375887,-0.764226,0.604024,-0.226183,-0.635012,-0.76603,0.099652,-0.112125,0.219029,0.969268,-0.027691,-0.006902,-0.004185,-0.002855,0.04158,-0.085224,-0.293506,-0.196507,-0.043432,0.327625,-0.972995,-0.174405,0.151182,0.227812,-0.829169,0.510406,0.037565,0.531282,0.846281,-0.0,-5e-06,-6e-06,0.0,0.0,0.0,-1.132373,0.02861,0.02018,-0.005661,0.986852,0.098459,0.128174,-0.148435,0.86589,0.477703,-0.063951,-0.490447,0.86912,2e-06,2.4e-05,2.6e-05,3e-06,9e-06,1.9e-05,-0.951782,0.084358,0.03616,-0.029799,0.816292,-0.561949,-0.133713,0.577325,0.801309,0.156841,0.019009,-0.205224,0.97853,-0.007104,0.001859,-0.006802,0.034698,0.004176,-0.009895,-0.485318
1765,0.171465,-0.01265,0.375691,-0.763337,0.604889,-0.226872,-0.635981,-0.765285,0.099187,-0.11268,0.219243,0.969156,-0.01402,-0.006501,-0.004305,-0.001871,0.026869,-0.055669,-0.260515,-0.196471,-0.043415,0.327641,-0.972927,-0.174557,0.151441,0.228079,-0.829111,0.510381,0.037698,0.531322,0.84625,9.7e-05,0.001029,0.001123,0.0,0.0,0.0,-1.121717,0.028628,0.020188,-0.005654,0.986802,0.098626,0.128427,-0.148706,0.865854,0.477684,-0.064087,-0.490478,0.869093,5.7e-05,0.000589,0.000642,-9e-06,3e-06,1.9e-05,-0.952762,0.084131,0.036055,-0.029899,0.815476,-0.562936,-0.134538,0.578458,0.800562,0.156479,0.019619,-0.205429,0.978475,-0.006991,-0.002945,-0.001924,-0.001855,0.026876,-0.055613,-0.455926
1766,0.171284,-0.012738,0.375608,-0.762662,0.605541,-0.227402,-0.63672,-0.76471,0.098881,-0.113076,0.219446,0.969064,-0.013939,-0.00482,-0.003095,0.00514,-0.069178,0.150676,-0.233071,-0.196447,-0.043417,0.327653,-0.972874,-0.174675,0.151646,0.22829,-0.829052,0.510383,0.037797,0.531376,0.846211,2.4e-05,0.000249,0.000271,0.0,0.0,0.0,-1.114606,0.02864,0.020189,-0.005646,0.986763,0.098756,0.128627,-0.14892,0.865813,0.477693,-0.064192,-0.490525,0.869059,1.5e-05,0.000152,0.000166,-1.8e-05,1.8e-05,3e-06,-0.952599,0.084041,0.036007,-0.029944,0.81499,-0.563521,-0.135034,0.57913,0.800113,0.156288,0.019971,-0.205575,0.978437,-0.006988,-0.002798,-0.001822,-0.001861,0.026878,-0.055623,-0.439597
1767,0.170995,-0.012952,0.375436,-0.765326,0.601135,-0.230125,-0.63313,-0.767462,0.100596,-0.115194,0.221935,0.968247,-0.000338,-0.006248,-0.004529,-0.000994,0.012061,-0.026156,-0.138012,-0.196377,-0.043394,0.327674,-0.972762,-0.174927,0.152074,0.228732,-0.828956,0.510341,0.038017,0.531444,0.846159,3.2e-05,0.000344,0.000375,0.0,0.0,0.0,-1.103629,0.028675,0.020201,-0.005635,0.986681,0.099034,0.129046,-0.149369,0.865752,0.477662,-0.064418,-0.490576,0.869014,1.6e-05,0.000168,0.000182,7e-06,-9e-06,1.1e-05,-0.952762,0.083891,0.035904,-0.030027,0.817631,-0.559051,-0.137622,0.575306,0.802615,0.157578,0.022363,-0.208015,0.977869,-0.006992,-0.002733,-0.001781,0.008527,-0.066318,0.151091,-0.387344
1768,0.170778,-0.01319,0.375294,-0.767685,0.597758,-0.231067,-0.629911,-0.770161,0.100188,-0.117121,0.221716,0.968066,-0.000338,-0.006171,-0.004482,0.005242,-0.071737,0.154114,-0.047686,-0.196319,-0.043389,0.327676,-0.972629,-0.175223,0.152578,0.229252,-0.828843,0.510291,0.038275,0.531523,0.846098,0.0,5e-06,5e-06,0.0,0.0,0.0,-1.061665,0.028704,0.020204,-0.005634,0.986583,0.09936,0.12954,-0.149897,0.865681,0.477626,-0.064683,-0.490635,0.86896,-0.0,-1.4e-05,-1.4e-05,-1.8e-05,1e-06,6e-06,-0.948026,0.083783,0.035785,-0.030097,0.81997,-0.555461,-0.138241,0.571892,0.805207,0.156778,0.024229,-0.207613,0.97791,-0.000154,-0.002837,-0.002055,-0.000254,-5.1e-05,0.000454,-0.308148
1769,0.170653,-0.013408,0.375139,-0.769764,0.594625,-0.232228,-0.626966,-0.772632,0.099626,-0.119234,0.221543,0.967848,-0.000253,-0.004585,-0.003337,0.0,-0.0,-0.0,-0.000678,-0.196273,-0.043383,0.327679,-0.972491,-0.175531,0.153103,0.229792,-0.828725,0.510239,0.038544,0.531606,0.846033,0.0,0.0,0.0,0.0,0.0,0.0,-0.963952,0.028727,0.020206,-0.005633,0.986481,0.0997,0.130053,-0.150446,0.865606,0.477588,-0.064959,-0.490698,0.868904,0.007595,-9e-05,-0.000584,0.002042,-0.015182,0.02923,-0.915695,0.08372,0.035674,-0.030176,0.821911,-0.55232,-0.139294,0.569003,0.807433,0.155842,0.026396,-0.207347,0.97791,-0.000125,-0.002321,-0.001688,0.005436,-0.08422,0.180696,-0.258018
1770,0.170607,-0.0135,0.375074,-0.76889,0.595481,-0.232928,-0.627944,-0.771881,0.099286,-0.119718,0.221861,0.967715,-0.000242,-0.004386,-0.003195,-0.0,-0.0,-0.0,0.009652,-0.196274,-0.043389,0.327672,-0.972355,-0.175835,0.153622,0.230327,-0.828608,0.510188,0.03881,0.531688,0.84597,-5e-06,-5.4e-05,-5.9e-05,-0.012339,0.091004,-0.176398,-0.921155,0.028727,0.020203,-0.005636,0.986404,0.099954,0.130438,-0.150859,0.865551,0.477559,-0.065166,-0.490744,0.868862,-5e-06,-4.1e-05,-4.4e-05,-1e-05,3e-06,-3e-06,-0.901325,0.083697,0.035627,-0.03021,0.821173,-0.553222,-0.140064,0.570043,0.80674,0.155629,0.026898,-0.207641,0.977834,-0.000137,-0.002517,-0.001831,0.005152,-0.071723,0.154514,-0.240219
