frame,MLTx,MLTy,MLTz,MLTR1,MLTR2,MLTR3,MLTR4,MLTR5,MLTR6,MLTR7,MLTR8,MLTR9,MLTTVx,MLTTVy,MLTTVz,MLTRVx,MLTRVy,MLTRVz,MLGA,MRTx,MRTy,MRTz,MRTR1,MRTR2,MRTR3,MRTR4,MRTR5,MRTR6,MRTR7,MRTR8,MRTR9,MRTTVx,MRTTVy,MRTTVz,MRTRVx,MRTRVy,MRTRVz,MRGA,SLTx,SLTy,SLTz,SLTR1,SLTR2,SLTR3,SLTR4,SLTR5,SLTR6,SLTR7,SLTR8,SLTR9,SLTTVx,SLTTVy,SLTTVz,SLTRVx,SLTRVy,SLTRVz,SLGA,SRTx,SRTy,SRTz,SRTR1,SRTR2,SRTR3,SRTR4,SRTR5,SRTR6,SRTR7,SRTR8,SRTR9,SRTTVx,SRTTVy,SRTTVz,SRTRVx,SRTRVy,SRTRVz,SRGA
131,0.170045,-0.01172,0.338896,-0.686419,0.298172,-0.6633,-0.634256,-0.691681,0.345352,-0.35497,0.657385,0.664732,0.0,4e-06,4e-06,0.0,0.0,0.0,0.515809,-0.189288,-0.062201,0.294796,0.585097,-0.527461,0.615985,0.451583,0.842749,0.292883,-0.674333,0.107453,0.730474,-0.000787,0.009341,-0.010677,-0.046426,0.015001,0.108076,-1.003623,0.032379,0.023095,-0.009741,-0.54144,0.560548,0.6266,-0.478567,-0.818257,0.318476,0.691242,-0.127434,0.711297,-0.000387,0.004676,-0.00533,-0.026209,-0.002189,0.099925,-0.812658,0.087464,0.044613,-0.035787,0.724435,-0.221081,-0.652928,0.544222,0.764778,0.344869,0.423102,-0.605174,0.67435,0.0,-9e-06,-1e-05,-6e-06,2e-06,1.5e-05,0.512877
132,0.170034,-0.011719,0.338896,-0.686112,0.29829,-0.663565,-0.634504,-0.691579,0.345101,-0.35512,0.657439,0.664598,0.0,0.0,0.0,0.0,0.0,0.0,0.515311,-0.189216,-0.061657,0.294286,0.583948,-0.529046,0.615716,0.443346,0.843127,0.304162,-0.680768,0.096012,0.726084,-0.001382,0.020843,-0.018263,-0.283207,0.497122,0.33963,-1.103331,0.032416,0.023366,-0.009996,-0.541873,0.561449,0.625417,-0.470273,-0.819288,0.328038,0.696574,-0.116362,0.707985,-0.000681,0.010447,-0.009094,-0.245889,0.464666,0.322949,-0.823436,0.087458,0.044613,-0.035787,0.724147,-0.221237,-0.653195,0.544483,0.764704,0.344621,0.423259,-0.60521,0.674219,3e-06,-6e-06,-7e-06,1e-06,2e-05,1.7e-05,0.512387
133,0.170034,-0.011726,0.33889,-0.685802,0.29841,-0.663832,-0.634755,-0.691476,0.344846,-0.355271,0.657492,0.664464,-0.0,-0.0,-0.0,0.0,0.0,0.0,0.515546,-0.189152,-0.060806,0.293492,0.581323,-0.528152,0.618959,0.430544,0.845066,0.316906,-0.691158,0.082915,0.717836,0.014084,0.030725,-0.029426,-0.246015,0.466893,0.386049,-1.174469,0.032442,0.023783,-0.010379,-0.538829,0.560474,0.628913,-0.456876,-0.821653,0.340806,0.707762,-0.103699,0.698798,-0.000737,0.009818,-0.010001,-0.470682,0.643198,0.60128,-0.836662,0.087458,0.04461,-0.03579,0.723856,-0.221395,-0.653463,0.544747,0.764629,0.34437,0.423416,-0.605247,0.674087,2e-06,2e-06,2e-06,5e-06,1.6e-05,1.7e-05,0.512224
134,0.170033,-0.011718,0.338884,-0.685464,0.298539,-0.664122,-0.635018,-0.691381,0.344552,-0.355452,0.657533,0.664327,-0.0,-0.0,-0.0,0.0,0.0,0.0,0.515331,-0.1891,-0.05965,0.292376,0.574593,-0.530489,0.62323,0.418537,0.844764,0.333367,-0.704043,0.069949,0.706607,0.013951,0.029485,-0.031233,-0.3811,0.582962,0.654112,-1.235045,0.032468,0.024363,-0.010934,-0.532482,0.562218,0.632751,-0.444413,-0.821914,0.356306,0.720389,-0.091476,0.687511,-0.001088,0.014954,-0.014691,-0.090405,0.256849,0.225197,-0.849562,0.087458,0.044614,-0.035793,0.723539,-0.221566,-0.653756,0.545023,0.764563,0.344079,0.423602,-0.605268,0.673951,0.0,1e-06,1e-06,8e-06,8e-06,1.8e-05,0.512224
135,0.170022,-0.011724,0.338879,-0.685389,0.298567,-0.664187,-0.635078,-0.691356,0.344491,-0.355489,0.657547,0.664294,-4e-06,-6e-05,-5.3e-05,0.0,0.0,0.0,0.515954,-0.189041,-0.05898,0.291683,0.569394,-0.533208,0.625676,0.4155,0.843318,0.340744,-0.710038,0.066609,0.700908,0.013836,0.028343,-0.032894,-0.173097,0.365038,0.296916,-1.267402,0.032498,0.024699,-0.011278,-0.525292,0.565563,0.635773,-0.440796,-0.819953,0.365206,0.727851,-0.088406,0.680012,-0.001478,0.019663,-0.019991,-0.183312,0.355118,0.50808,-0.84303,0.087453,0.044611,-0.035796,0.723469,-0.221603,-0.653821,0.545086,0.764545,0.344019,0.423641,-0.605277,0.673918,-1e-06,-3e-05,-2.7e-05,-2e-06,-1e-06,1.1e-05,0.512223
136,0.170023,-0.011726,0.338891,-0.68506,0.298695,-0.664469,-0.635353,-0.69123,0.344237,-0.355632,0.657622,0.664143,9e-06,0.000159,0.000141,0.0,0.0,0.0,0.516749,-0.188938,-0.057526,0.290081,0.558066,-0.538978,0.630917,0.404922,0.840459,0.36,-0.724983,0.055234,0.686449,-0.003173,0.037405,-0.042807,-0.170454,0.324931,0.494053,-1.341148,0.032555,0.025423,-0.012075,-0.513666,0.57077,0.640599,-0.429492,-0.817403,0.383911,0.742753,-0.07793,0.665013,0.006185,0.024141,-0.026275,-0.215479,0.40696,0.603854,-0.875525,0.087453,0.04461,-0.03579,0.72316,-0.221772,-0.654106,0.545378,0.76445,0.34377,0.423793,-0.605336,0.67377,5e-06,0.000102,9.1e-05,3e-06,2e-06,1.1e-05,0.51304
137,0.170012,-0.011717,0.338885,-0.68474,0.298817,-0.664745,-0.635601,-0.691141,0.343958,-0.355806,0.65766,0.664013,0.0,0.0,0.0,0.0,0.0,0.0,0.516663,-0.188754,-0.055967,0.288259,0.546979,-0.546316,0.634306,0.395116,0.83639,0.379828,-0.73871,0.043542,0.672514,-0.003287,0.036258,-0.044532,-0.354699,0.505907,0.590219,-1.40363,0.032642,0.026189,-0.01297,-0.503432,0.577034,0.643107,-0.419311,-0.813946,0.402079,0.755469,-0.067242,0.651724,-0.001971,0.023329,-0.026864,-0.294508,-0.072742,0.063394,-0.883527,0.087447,0.044614,-0.035792,0.72286,-0.221933,-0.654383,0.545638,0.764388,0.343494,0.423971,-0.605355,0.673641,-0.0,-3e-06,-3e-06,-2e-06,-1e-06,5e-06,0.513367
138,0.170012,-0.011725,0.338891,-0.684644,0.298855,-0.664827,-0.635689,-0.691091,0.343896,-0.355835,0.657694,0.663962,0.0,0.0,0.0,0.0,0.0,0.0,0.516362,-0.188685,-0.055254,0.287369,0.541984,-0.549978,0.635427,0.392359,0.834161,0.387508,-0.74384,0.039973,0.667058,0.012778,0.035481,-0.046958,-0.159309,0.292018,0.484801,-1.405702,0.032676,0.026559,-0.01343,-0.496982,0.581152,0.644415,-0.415963,-0.811284,0.410842,0.761566,-0.063872,0.644931,-0.001626,0.018054,-0.022393,-0.262119,0.499756,0.371852,-0.888588,0.087447,0.04461,-0.035789,0.72277,-0.221983,-0.654466,0.545731,0.764349,0.343433,0.424005,-0.605386,0.673592,1e-06,-2e-06,-2e-06,8e-06,1.1e-05,8e-06,0.513856
139,0.170002,-0.011711,0.338891,-0.684307,0.298982,-0.665115,-0.635949,-0.690997,0.343603,-0.356016,0.657735,0.663825,2e-06,3.7e-05,3.3e-05,0.0,0.0,0.0,0.516029,-0.188553,-0.053931,0.285659,0.526663,-0.560743,0.638893,0.390207,0.8271,0.404447,-0.75587,0.036987,0.653572,-0.003323,0.036029,-0.044976,-0.21404,0.355785,0.523396,-1.405927,0.032748,0.027218,-0.01429,-0.481545,0.59111,0.647072,-0.413199,-0.80423,0.427176,0.772903,-0.061665,0.631519,0.006755,0.01248,-0.018998,-0.417966,0.621651,0.45959,-0.880097,0.087442,0.044618,-0.035789,0.722454,-0.222152,-0.654757,0.546005,0.764284,0.343144,0.42419,-0.605407,0.673456,2e-06,1.5e-05,1.2e-05,5e-06,2e-06,6e-06,0.51353
140,0.170014,-0.011699,0.338914,-0.684037,0.299088,-0.665346,-0.636177,-0.69089,0.343398,-0.356129,0.6578,0.6637,2e-05,0.000343,0.000305,0.0,0.0,0.0,0.516214,-0.188445,-0.05296,0.284279,0.517592,-0.566888,0.640881,0.387288,0.823032,0.415403,-0.763591,0.033899,0.644704,-0.002569,0.026219,-0.034953,0.003226,0.031775,0.295948,-1.406232,0.0328,0.027715,-0.015,-0.470809,0.597628,0.648982,-0.409716,-0.799586,0.439083,0.781326,-0.059174,0.62131,-0.001258,0.013143,-0.017429,0.06757,-0.026316,0.26568,-0.875035,0.087448,0.044623,-0.035778,0.722201,-0.222291,-0.654989,0.546246,0.764202,0.342942,0.424311,-0.605458,0.673333,1.2e-05,0.000207,0.000182,-3e-06,-1.6e-05,5e-06,0.513693
141,0.170017,-0.011647,0.338961,-0.683802,0.299179,-0.665547,-0.636366,-0.690812,0.343205,-0.356243,0.65784,0.663599,6.7e-05,0.001124,0.000996,0.0,0.0,0.0,0.516632,-0.188378,-0.052257,0.28317,0.510517,-0.570138,0.643666,0.382757,0.820905,0.423728,-0.770601,0.030754,0.636468,-0.001898,0.015372,-0.026422,-0.035155,0.128584,0.098094,-1.405967,0.032835,0.028062,-0.015543,-0.463793,0.600477,0.6514,-0.4049,-0.797647,0.447004,0.788004,-0.056435,0.613077,-0.000929,0.007694,-0.013201,-0.020725,0.122523,0.097254,-0.872096,0.08745,0.044649,-0.035755,0.72198,-0.222411,-0.655191,0.546445,0.764145,0.342752,0.42443,-0.605487,0.673233,4e-05,0.000695,0.000617,1.3e-05,1.8e-05,-2e-06,0.51402
142,0.170019,-0.011614,0.33899,-0.683614,0.299251,-0.665707,-0.636517,-0.690749,0.343051,-0.356334,0.657873,0.663518,8.6e-05,0.001447,0.001282,0.0,0.0,0.0,0.515992,-0.188368,-0.051976,0.282623,0.506997,-0.573945,0.643065,0.383113,0.81828,0.428457,-0.772743,0.029851,0.633909,-0.002039,0.013771,-0.028796,-0.035547,0.140624,0.072619,-1.406098,0.03284,0.028211,-0.015822,-0.460144,0.604164,0.650578,-0.405063,-0.794912,0.451705,0.790057,-0.055676,0.610498,-0.001,0.006859,-0.014435,1.6e-05,0.113998,0.051062,-0.873402,0.087451,0.044665,-0.035741,0.721804,-0.222506,-0.655353,0.546604,0.764099,0.3426,0.424525,-0.605509,0.673153,5.3e-05,0.000896,0.000795,4e-06,-1e-06,-2e-06,0.513856
143,0.170024,-0.011528,0.339066,-0.683409,0.299329,-0.665882,-0.636681,-0.690681,0.342883,-0.356433,0.657909,0.663429,0.000142,0.002393,0.002119,0.0,0.0,0.0,0.516867,-0.188377,-0.051521,0.281426,0.494976,-0.582049,0.645142,0.382213,0.812548,0.440013,-0.780927,0.029507,0.623814,0.013827,0.010915,-0.03437,-0.026507,0.116772,0.096112,-1.405457,0.03283,0.028437,-0.016404,-0.447411,0.611828,0.652295,-0.403282,-0.789026,0.463465,0.798239,-0.055699,0.599758,-0.001129,0.005421,-0.016596,0.026169,0.094854,0.045363,-0.872749,0.087453,0.044707,-0.035704,0.721612,-0.22261,-0.655529,0.546777,0.76405,0.342434,0.424628,-0.605533,0.673066,8.3e-05,0.001402,0.001243,0.000813,-0.014094,0.025127,0.514183
144,0.170029,-0.011436,0.339148,-0.683079,0.299456,-0.666164,-0.636946,-0.690571,0.342612,-0.356592,0.657966,0.663287,0.000185,0.003104,0.002747,0.000805,-0.014094,0.025125,0.51678,-0.188282,-0.051016,0.279958,0.481479,-0.593529,0.644897,0.381797,0.804263,0.45533,-0.78951,0.027725,0.612999,0.013037,0.020485,-0.044986,-0.075377,0.213827,0.184799,-1.4059,0.032882,0.028691,-0.017153,-0.433688,0.622585,0.651384,-0.402122,-0.780654,0.478409,0.806357,-0.054455,0.588916,0.00653,0.010139,-0.022647,-0.034399,0.181878,0.164225,-0.874709,0.087456,0.044752,-0.035664,0.721318,-0.222769,-0.655799,0.547042,0.763974,0.34218,0.424787,-0.605571,0.672933,6.3e-05,0.001072,0.000947,-2e-06,4e-06,-2e-06,0.514346
145,0.170032,-0.011383,0.339194,-0.682953,0.299504,-0.666271,-0.637047,-0.690529,0.342508,-0.356653,0.657988,0.663232,0.000146,0.00245,0.002167,0.0,0.0,0.0,0.517091,-0.188195,-0.050621,0.279106,0.474389,-0.602206,0.642103,0.382501,0.797865,0.465875,-0.793445,0.025346,0.608001,-0.003742,0.031705,-0.051801,-0.257366,0.485549,0.356373,-1.40564,0.032927,0.028875,-0.017563,-0.428062,0.630203,0.64777,-0.402756,-0.774673,0.487513,0.809043,-0.052207,0.585426,0.006557,0.010411,-0.022276,-0.307566,0.51886,0.405615,-0.875035,0.087457,0.044779,-0.03564,0.721185,-0.222841,-0.655922,0.547162,0.763939,0.342065,0.424859,-0.605588,0.672872,0.0001,0.001697,0.001499,0.000805,-0.014101,0.025128,0.51451
146,0.17004,-0.011258,0.339305,-0.682653,0.29962,-0.666527,-0.637288,-0.69043,0.342262,-0.356798,0.65804,0.663103,0.000182,0.00306,0.002704,0.0,0.0,0.0,0.517078,-0.188002,-0.04949,0.277196,0.458104,-0.620637,0.63635,0.390166,0.78354,0.483496,-0.799243,0.027562,0.600261,-0.003725,0.032042,-0.051445,-0.253196,0.47931,0.348637,-1.4051,0.033023,0.02944,-0.018519,-0.411012,0.647898,0.641323,-0.409193,-0.759757,0.505301,0.814634,-0.05474,0.577385,0.005904,0.0217,-0.030292,-0.208111,0.485693,0.411951,-0.873402,0.087461,0.044842,-0.035584,0.720903,-0.222993,-0.656179,0.547415,0.763867,0.341822,0.42501,-0.605624,0.672744,0.000105,0.001781,0.001574,0.000808,-0.014094,0.025124,0.515
147,0.170045,-0.011181,0.339387,-0.68246,0.299694,-0.666691,-0.637452,-0.690348,0.342121,-0.356874,0.658092,0.663011,0.0001,0.001687,0.001489,0.0,0.0,0.0,0.518265,-0.188103,-0.047934,0.27495,0.423273,-0.6552,0.625734,0.416674,0.753963,0.507795,-0.805006,0.046605,0.591317,-0.020547,0.042741,-0.059131,0.76308,0.57698,2.033945,-1.404628,0.032979,0.030214,-0.019639,-0.374744,0.679924,0.630293,-0.431497,-0.729624,0.530527,0.820595,-0.073157,0.566807,-0.002183,0.021295,-0.03011,2.783664,1.349603,5.827893,-0.8703,0.087464,0.044883,-0.035541,0.720722,-0.223092,-0.656344,0.54759,0.763804,0.341683,0.425092,-0.605667,0.672653,5.2e-05,0.000883,0.000781,0.000808,-0.014094,0.025126,0.515653
148,0.170045,-0.011182,0.339399,-0.682457,0.299697,-0.666694,-0.637464,-0.69033,0.342135,-0.356859,0.65811,0.663001,7e-06,0.000123,0.000108,0.0,0.0,0.0,0.518537,-0.188283,-0.046953,0.273645,0.389991,-0.681567,0.619164,0.439433,0.72856,0.525388,-0.809661,0.068033,0.582823,-0.005151,0.053338,-0.06954,-0.562661,0.138471,1.400527,-1.404481,0.032883,0.030702,-0.020286,-0.341322,0.704719,0.621988,-0.45457,-0.702957,0.547007,0.822717,-0.096031,0.560279,-0.010668,0.026353,-0.034516,-0.549625,-1.426974,2.586477,-0.864748,0.087464,0.044885,-0.035532,0.720719,-0.223094,-0.656347,0.547604,0.763787,0.341698,0.425079,-0.605687,0.672643,-2e-06,-2.7e-05,-2.4e-05,5e-06,7e-06,-1e-06,0.516142
149,0.170053,-0.011235,0.339352,-0.684413,0.299461,-0.664792,-0.636457,-0.690207,0.344252,-0.354908,0.658346,0.663813,-0.000111,-0.001866,-0.001648,-0.028322,0.04541,-0.051946,0.518571,-0.188874,-0.044582,0.270704,0.295797,-0.741341,0.602419,0.507694,0.656103,0.55831,-0.809505,0.14162,0.569657,-0.022555,0.075529,-0.084981,0.17377,0.544944,1.048508,-1.404518,0.032586,0.031906,-0.021785,-0.242928,0.761392,0.601055,-0.5179,-0.625718,0.583315,0.820222,-0.169583,0.546329,-0.011252,0.037697,-0.042553,0.21978,0.527358,1.024486,-0.854787,0.087468,0.044858,-0.035556,0.722647,-0.222604,-0.65439,0.546575,0.76356,0.343845,0.423126,-0.606153,0.673455,-6.1e-05,-0.001051,-0.000928,-0.028333,0.045303,-0.051905,0.516469
150,0.170065,-0.011387,0.339217,-0.688742,0.298824,-0.660594,-0.634069,-0.690104,0.348832,-0.350788,0.658743,0.665606,-0.000304,-0.005123,-0.004531,-0.000826,0.014126,-0.025164,0.518845,-0.189502,-0.041733,0.267235,0.174218,-0.783139,0.596936,0.579447,0.571567,0.580935,-0.796348,0.245657,0.552581,-0.007446,0.08323,-0.100095,3.53215,3.882912,3.913922,-1.404912,0.032275,0.033305,-0.023474,-0.125164,0.796446,0.591613,-0.581869,-0.54191,0.606432,0.803592,-0.268338,0.531255,-0.011411,0.035662,-0.045873,0.880635,1.923313,1.043594,-0.852338,0.087474,0.044786,-0.03562,0.726816,-0.221429,-0.650158,0.544171,0.763212,0.348401,0.419063,-0.607021,0.675211,-0.000141,-0.00241,-0.00213,0.002871,-0.004691,0.00522,0.517122
151,0.170041,-0.011609,0.339007,-0.692988,0.294276,-0.658191,-0.62848,-0.693916,0.351377,-0.352471,0.656791,0.666646,-0.000396,-0.006663,-0.005906,-1e-05,0.013669,-0.025931,0.519061,-0.190199,-0.038545,0.26313,-0.041566,-0.798393,0.600693,0.683523,0.415667,0.59996,-0.728628,0.436515,0.527654,-0.023891,0.078783,-0.106244,3.928333,5.415463,4.864202,-1.404412,0.031942,0.034876,-0.025482,0.082613,0.804438,0.588264,-0.678809,-0.386757,0.624209,0.729652,-0.450887,0.514109,-0.011945,0.039359,-0.053258,1.989397,4.474894,0.764971,-0.857726,0.087462,0.044677,-0.035723,0.73043,-0.216386,-0.647802,0.538152,0.766373,0.350803,0.42055,-0.604853,0.676231,-0.000308,0.001574,-0.007699,0.043798,-0.003009,-0.014935,0.517122
152,0.170032,-0.011767,0.338867,-0.694877,0.290104,-0.658052,-0.624229,-0.697677,0.351507,-0.356275,0.654665,0.666715,-0.000499,-0.008387,-0.007445,3.635934,-1.928521,-3.709741,0.518285,-0.19064,-0.037181,0.260995,-0.171372,-0.774686,0.608675,0.725125,0.318925,0.610257,-0.666654,0.546904,0.506291,-0.0238,0.061905,-0.107426,0.622004,2.658705,2.0251,-1.40438,0.031722,0.035573,-0.026537,0.215149,0.77632,0.592484,-0.718618,-0.284965,0.634336,0.661285,-0.562247,0.496567,-0.011966,0.03115,-0.054263,4.172047,7.480795,2.832631,-0.863442,0.087458,0.044601,-0.035791,0.730562,-0.216312,-0.647678,0.538029,0.766407,0.350916,0.420478,-0.604836,0.676291,-0.00025,-0.004256,-0.003778,-0.000919,0.014121,-0.024947,0.516632
153,0.170019,-0.012145,0.338504,-0.695016,0.290047,-0.657929,-0.624094,-0.697757,0.351588,-0.356239,0.654605,0.666793,-0.000656,-0.010991,-0.009793,-0.000805,0.014095,-0.025125,0.514346,-0.191507,-0.035353,0.256666,-0.39684,-0.679423,0.617166,0.739685,0.161232,0.653302,-0.542869,0.716599,0.437768,-0.024209,0.041078,-0.115857,-0.122996,3.06813,2.434528,-1.404255,0.031278,0.036526,-0.028737,0.441891,0.670642,0.595793,-0.726667,-0.121835,0.676099,0.526009,-0.731706,0.433496,-0.011913,0.01484,-0.054598,2.476029,6.700529,5.196495,-0.872423,0.087451,0.044413,-0.035971,0.731914,-0.211954,-0.647591,0.533363,0.769668,0.350903,0.424056,-0.602233,0.67638,-0.000309,-0.005275,-0.004698,-0.000995,0.0142,-0.024928,0.514346
154,0.170011,-0.012627,0.338045,-0.696993,0.289771,-0.655956,-0.622999,-0.69767,0.353695,-0.354289,0.654821,0.66762,-0.000871,-0.014574,-0.013049,-0.002374,0.02942,-0.05165,0.509902,-0.192096,-0.033888,0.252486,-0.576739,-0.623236,0.528148,0.650838,0.039987,0.758119,-0.492872,0.78174,0.381869,-0.006798,0.038228,-0.096681,-0.218842,1.05809,5.300572,-1.404356,0.030977,0.03722,-0.030834,0.612526,0.606262,0.507205,-0.632683,-0.008621,0.774362,0.473839,-0.795218,0.378291,-0.003328,0.018949,-0.048421,-1.592892,1.232989,2.845315,-0.901488,0.087448,0.044177,-0.036197,0.733849,-0.211433,-0.64557,0.53226,0.769456,0.353036,0.422095,-0.602687,0.677202,-0.000407,-0.006926,-0.0062,-0.007274,0.024285,-0.036674,0.508141
155,0.170005,-0.012885,0.337773,-0.698881,0.285562,-0.655793,-0.618674,-0.701458,0.353796,-0.358117,0.652626,0.667727,-0.000953,-0.015914,-0.014287,0.007197,0.023445,-0.059213,0.506781,-0.192171,-0.033034,0.25071,-0.643265,-0.599434,0.47632,0.599977,-0.0084,0.799932,-0.474686,0.801083,0.364421,-0.006236,0.043893,-0.087735,-0.728828,0.950505,2.507159,-1.404478,0.030936,0.037652,-0.031771,0.683875,0.575285,0.448733,-0.573803,0.044214,0.817798,0.450626,-0.816756,0.360338,-0.003036,0.022055,-0.043576,0.092743,1.161114,4.671217,-0.912592,0.087444,0.044043,-0.036337,0.735219,-0.207018,-0.645442,0.527507,0.772722,0.353038,0.425662,-0.600036,0.677323,-0.000552,-0.002559,-0.011452,0.063876,-0.000415,-0.060727,0.504549
156,0.169966,-0.013482,0.337152,-0.704231,0.27293,-0.655448,-0.605726,-0.71256,0.354015,-0.369554,0.645988,0.667949,-0.001173,-0.00591,-0.023713,0.039695,-0.081261,0.141812,0.504368,-0.192323,-0.031685,0.24802,-0.764663,-0.493389,0.414547,0.525687,-0.105789,0.844036,-0.371613,0.863924,0.33971,-0.004238,0.028739,-0.059756,0.080243,1.546871,2.396292,-1.404474,0.030859,0.038331,-0.033128,0.797941,0.463517,0.385279,-0.495073,0.139427,0.857591,0.34379,-0.875049,0.34073,-0.001898,0.009081,-0.025554,2.212076,4.929015,3.396562,-0.918307,0.087425,0.043737,-0.036647,0.739158,-0.193729,-0.645068,0.5132,0.782258,0.353124,0.4362,-0.592064,0.677635,-0.000497,-0.008412,-0.007601,-0.001998,0.028421,-0.050018,0.498507
157,0.169915,-0.014106,0.336518,-0.715073,0.255124,-0.650867,-0.585879,-0.726638,0.358768,-0.38053,0.637554,0.669887,-0.000966,-0.015998,-0.014547,3.59622,-1.968626,-3.727277,0.501599,-0.192034,-0.031282,0.246576,-0.856324,-0.367839,0.362485,0.454135,-0.202609,0.867551,-0.244593,0.907962,0.340062,0.014979,-0.010238,-0.018624,2.127347,4.737473,3.34506,-1.404171,0.030997,0.038547,-0.033865,0.8815,0.335785,0.331971,-0.418738,0.231011,0.878232,0.218208,-0.913171,0.344243,0.007334,0.001286,-0.011962,0.757556,1.163919,2.165586,-0.922226,0.087399,0.043431,-0.036966,0.746678,-0.179144,-0.640608,0.496513,0.790978,0.35753,0.442658,-0.58503,0.679553,-0.000516,-0.00869,-0.007902,-4.7e-05,0.0248,-0.045306,0.495078
158,0.169877,-0.014703,0.335918,-0.723784,0.237242,-0.647996,-0.566532,-0.740433,0.361626,-0.39311,0.628551,0.67113,-0.000923,-0.015214,-0.01392,0.027398,0.012028,-0.080278,0.499588,-0.191444,-0.031746,0.246455,-0.910398,-0.264246,0.31834,0.388459,-0.281981,0.877223,-0.140887,0.922595,0.358933,0.017165,-0.024352,0.011786,0.487936,-0.36543,0.784837,-1.404238,0.031292,0.038318,-0.03394,0.931362,0.223515,0.287408,-0.347512,0.310236,0.884866,0.108617,-0.924009,0.366616,0.008677,-0.011866,0.006481,1.056701,0.59195,1.120944,-0.930228,0.08738,0.04313,-0.037268,0.754166,-0.15603,-0.637877,0.471062,0.805315,0.359953,0.457529,-0.571944,0.680841,-0.000472,-0.007931,-0.00726,0.324406,-0.15455,-0.384409,0.492302
159,0.169861,-0.014966,0.33565,-0.72829,0.224137,-0.647612,-0.552896,-0.750518,0.36194,-0.40402,0.621377,0.671331,-0.000913,-0.015024,-0.013783,1.072111,-0.571865,-1.163278,0.496473,-0.190975,-0.032401,0.246859,-0.924592,-0.233649,0.30088,0.364088,-0.310601,0.87801,-0.110525,0.92162,0.371839,0.034079,-0.034059,0.021186,0.457797,-0.272313,0.62962,-1.404558,0.031521,0.037998,-0.033734,0.943344,0.192879,0.269998,-0.32223,0.338336,0.884135,0.079181,-0.921046,0.381318,0.017117,-0.016635,0.0113,0.909709,0.68288,0.998178,-0.937739,0.087372,0.042994,-0.037406,0.756877,-0.143672,-0.637569,0.457618,0.812987,0.360051,0.466606,-0.564277,0.681078,-0.000433,-0.007281,-0.006611,3.572942,-1.9753,-3.760908,0.489689
160,0.169839,-0.015462,0.335123,-0.73602,0.197995,-0.647393,-0.525615,-0.769817,0.362053,-0.42578,0.606508,0.671481,-0.000985,-0.002603,-0.020977,0.042771,0.011247,-0.040499,0.487041,-0.189893,-0.034279,0.248077,-0.939232,-0.215279,0.267376,0.329829,-0.35127,0.876217,-0.093523,0.911409,0.400563,0.035603,-0.055574,0.038979,0.769855,-1.863819,2.666326,-1.404886,0.03205,0.037092,-0.033139,0.955367,0.173351,0.239212,-0.288724,0.376469,0.880289,0.062543,-0.910066,0.409716,0.017803,-0.027828,0.019431,0.51939,-0.717189,0.135624,-0.936433,0.087361,0.042746,-0.037662,0.761713,-0.115445,-0.637545,0.426807,0.829736,0.359685,0.487471,-0.546086,0.681294,-0.000397,-0.006679,-0.006163,0.10002,-0.122776,0.023416,0.480872
161,0.169786,-0.015992,0.334647,-0.743124,0.167613,-0.647857,-0.493733,-0.790828,0.361651,-0.450806,0.588408,0.671251,-0.000837,-0.013668,-0.012669,0.032944,-0.085357,0.093048,0.476476,-0.188605,-0.0365,0.2499,-0.944543,-0.212885,0.250019,0.315064,-0.374118,0.872184,-0.090945,0.902835,0.420097,0.020612,-0.063121,0.054597,0.40574,-0.416818,0.045559,-1.405151,0.032713,0.035963,-0.032218,0.960689,0.17136,0.218429,-0.270347,0.398462,0.876435,0.063151,-0.901034,0.429125,0.018399,-0.031225,0.027173,0.479146,-0.180967,0.190363,-0.942148,0.087335,0.042486,-0.037902,0.765267,-0.084414,-0.638153,0.392622,0.846817,0.358814,0.51011,-0.525142,0.681184,-0.000414,-0.006886,-0.006385,0.322466,-0.152506,-0.385346,0.466665
162,0.169743,-0.016496,0.334138,-0.748485,0.141189,-0.647982,-0.465414,-0.807891,0.361488,-0.471535,0.571969,0.671218,-0.001009,-0.002886,-0.021369,0.036681,0.014656,-0.034179,0.466251,-0.187135,-0.039109,0.252124,-0.946834,-0.222408,0.232445,0.304382,-0.38643,0.870608,-0.102609,0.895333,0.433258,0.053911,-0.073106,0.061774,0.183869,-0.45867,0.113303,-1.405137,0.033437,0.034666,-0.031103,0.962686,0.181443,0.200779,-0.259687,0.410649,0.87403,0.076137,-0.893557,0.442445,0.026608,-0.030595,0.027403,0.349183,-0.422509,-0.099374,-0.946557,0.087313,0.042231,-0.038153,0.767412,-0.057473,-0.638572,0.36245,0.860446,0.358135,0.528874,-0.506288,0.681148,-0.000419,-0.00696,-0.006489,0.031125,-0.08422,0.094757,0.451316
163,0.169716,-0.016743,0.33388,-0.750864,0.127876,-0.647995,-0.450976,-0.816059,0.361443,-0.481652,0.563461,0.671229,-0.001031,-0.003219,-0.021713,0.036681,0.014657,-0.034178,0.461879,-0.186238,-0.040357,0.253253,-0.947492,-0.226837,0.225377,0.300097,-0.388385,0.871225,-0.108895,0.893379,0.43575,0.037199,-0.060802,0.056781,-0.083085,-0.157917,0.085067,-1.405231,0.033892,0.034037,-0.030536,0.963092,0.186936,0.193669,-0.255936,0.413137,0.873964,0.083364,-0.891275,0.445733,0.026698,-0.03006,0.028221,-0.129226,-0.303431,0.303682,-0.949823,0.087299,0.042103,-0.038286,0.768216,-0.043946,-0.638679,0.347119,0.866851,0.357877,0.537913,-0.496625,0.681184,-0.00041,-0.006812,-0.006369,0.005818,0.010554,-0.032169,0.444458
164,0.169617,-0.017277,0.333353,-0.754768,0.101237,-0.648168,-0.421844,-0.831572,0.361257,-0.501492,0.545962,0.671162,-0.000855,-0.013774,-0.012938,0.012644,-0.074041,0.114071,0.457089,-0.184222,-0.042759,0.255498,-0.950106,-0.231799,0.208706,0.28718,-0.389838,0.874921,-0.120243,0.891476,0.436662,0.054349,-0.071697,0.063627,-0.235806,0.016229,-0.014727,-1.404685,0.034914,0.032817,-0.029387,0.965402,0.191831,0.17663,-0.242713,0.413416,0.877596,0.095328,-0.890105,0.445673,0.027135,-0.035851,0.031798,-0.271983,0.026162,-0.014646,-0.949823,0.08725,0.041844,-0.038549,0.769013,-0.016991,-0.639006,0.316304,0.878803,0.35729,0.55549,-0.476881,0.681185,-0.000423,-0.006978,-0.006556,0.094041,-0.024929,-0.149202,0.433681
165,0.169467,-0.017756,0.332863,-0.752004,0.08535,-0.653644,-0.404525,-0.842677,0.355284,-0.519557,0.531481,0.669041,-0.015245,-0.012494,-0.011444,0.008514,0.027843,-0.066922,0.457234,-0.181839,-0.045001,0.257617,-0.952379,-0.236209,0.1928,0.274792,-0.39175,0.878041,-0.130667,0.889485,0.437729,0.069472,-0.047543,0.048308,0.054499,-0.160894,-0.055823,-1.404891,0.036053,0.031734,-0.028368,0.967569,0.19503,0.160538,-0.229647,0.414414,0.880638,0.105221,-0.888945,0.445762,0.026531,-0.024175,0.024261,0.234225,-0.212797,-0.1538,-0.941005,0.08718,0.041603,-0.038796,0.764352,-0.001679,-0.644795,0.297977,0.887731,0.350915,0.571816,-0.460357,0.67904,-0.000381,-0.006239,-0.005891,0.132516,-0.246796,0.279635,0.430578
166,0.169389,-0.017971,0.332661,-0.751257,0.081251,-0.655024,-0.39992,-0.845531,0.353712,-0.524174,0.52758,0.668526,-0.000754,-0.011989,-0.011342,-0.001604,0.028236,-0.050225,0.458332,-0.180626,-0.045855,0.258489,-0.951073,-0.241331,0.192901,0.27765,-0.394576,0.875873,-0.134058,0.886862,0.442002,0.053232,-0.048045,0.048897,0.152756,-0.209504,-0.133894,-1.404736,0.036692,0.031286,-0.02791,0.966487,0.200199,0.160689,-0.232537,0.417571,0.878384,0.108753,-0.886315,0.450131,0.034371,-0.018039,0.020168,0.305443,-0.299916,-0.106646,-0.93431,0.087136,0.04149,-0.038902,0.763153,0.002295,-0.646212,0.293078,0.890006,0.349275,0.575935,-0.455941,0.678538,-0.007563,-0.005332,-0.004868,-0.00577,0.033462,-0.056835,0.430742
167,0.16921,-0.018404,0.332269,-0.746682,0.070198,-0.661501,-0.387356,-0.854323,0.346495,-0.539889,0.514867,0.665928,-0.015125,-0.009969,-0.009125,-0.001787,0.028832,-0.054665,0.46273,-0.178149,-0.047197,0.259902,-0.944921,-0.258083,0.20127,0.294976,-0.405873,0.864981,-0.140351,0.877014,0.459361,0.068055,-0.025969,0.030088,0.732623,-0.66511,-0.136192,-1.404427,0.037925,0.030609,-0.027194,0.961655,0.215906,0.169121,-0.248919,0.428228,0.868711,0.115137,-0.877499,0.465551,0.025832,-0.013295,0.015349,0.283857,-0.295636,-0.130893,-0.925166,0.087052,0.041272,-0.0391,0.757381,0.01265,-0.652849,0.279676,0.897176,0.34184,0.590046,-0.44149,0.675967,-0.000327,-0.00525,-0.004986,-0.004732,0.01882,-0.027733,0.434497
168,0.169046,-0.018768,0.331911,-0.74139,0.063868,-0.668062,-0.379759,-0.860686,0.33908,-0.552418,0.505009,0.663195,-0.015047,-0.008394,-0.007661,-0.001026,0.027599,-0.053267,0.467931,-0.176256,-0.047802,0.260901,-0.933288,-0.294174,0.205979,0.316153,-0.401612,0.85947,-0.168929,0.867606,0.467532,0.033899,-0.002428,0.019038,-0.053702,-1.676446,-0.837482,-1.404699,0.038896,0.030293,-0.026689,0.951471,0.254075,0.173631,-0.271255,0.425968,0.863117,0.145335,-0.868329,0.474216,0.016918,-0.001192,0.009506,-0.013541,-1.7009,-0.848975,-0.924839,0.086969,0.041088,-0.03928,0.751438,0.018214,-0.659551,0.271508,0.902526,0.334258,0.601351,-0.430248,0.673247,-0.000267,-0.004274,-0.004073,-0.003327,0.01681,-0.025816,0.440376
169,0.168982,-0.018913,0.331774,-0.740345,0.060022,-0.669577,-0.375163,-0.863381,0.33734,-0.556935,0.500869,0.662556,-0.000493,-0.00766,-0.007315,-4.2e-05,0.012884,-0.023714,0.470669,-0.17554,-0.047771,0.261214,-0.923469,-0.321324,0.20964,0.330723,-0.390262,0.859216,-0.193102,0.863178,0.466368,0.033047,0.008744,0.010823,0.001109,-0.08718,0.059504,-1.40472,0.039241,0.030307,-0.026535,0.942597,0.282942,0.17735,-0.287075,0.415307,0.863196,0.17058,-0.864559,0.472693,0.01654,0.004558,0.005701,-0.052725,-0.171941,0.025433,-0.923533,0.086932,0.041016,-0.039348,0.749985,0.021906,-0.66109,0.26664,0.904635,0.33247,0.60533,-0.425621,0.672622,-0.007477,-0.003487,-0.003158,-0.003646,0.030561,-0.054477,0.443968
170,0.168874,-0.019101,0.33164,-0.740916,0.055432,-0.66934,-0.369842,-0.865561,0.337628,-0.559723,0.497631,0.662648,-0.000179,-0.002763,-0.002643,0.0,-0.0,-0.0,0.474045,-0.174681,-0.047207,0.261588,-0.901401,-0.378971,0.209401,0.353959,-0.366871,0.860263,-0.248049,0.85002,0.464543,0.015921,0.021232,0.006549,-1.152435,-4.734279,-2.652926,-1.404953,0.039677,0.030582,-0.026349,0.925175,0.335893,0.176707,-0.30855,0.394519,0.865535,0.221013,-0.855295,0.468639,0.007968,0.010424,0.002961,0.01075,-0.051669,-0.161388,-0.900835,0.086878,0.040918,-0.039419,0.750055,0.026532,-0.660842,0.26111,0.906148,0.332741,0.607649,-0.422126,0.672733,-5.9e-05,-0.000961,-0.000915,-0.000995,0.000583,0.000846,0.449847
