frame,MLTx,MLTy,MLTz,MLTR1,MLTR2,MLTR3,MLTR4,MLTR5,MLTR6,MLTR7,MLTR8,MLTR9,MLTTVx,MLTTVy,MLTTVz,MLTRVx,MLTRVy,MLTRVz,MLGA,MRTx,MRTy,MRTz,MRTR1,MRTR2,MRTR3,MRTR4,MRTR5,MRTR6,MRTR7,MRTR8,MRTR9,MRTTVx,MRTTVy,MRTTVz,MRTRVx,MRTRVy,MRTRVz,MRGA,SLTx,SLTy,SLTz,SLTR1,SLTR2,SLTR3,SLTR4,SLTR5,SLTR6,SLTR7,SLTR8,SLTR9,SLTTVx,SLTTVy,SLTTVz,SLTRVx,SLTRVy,SLTRVz,SLGA,SRTx,SRTy,SRTz,SRTR1,SRTR2,SRTR3,SRTR4,SRTR5,SRTR6,SRTR7,SRTR8,SRTR9,SRTTVx,SRTTVy,SRTTVz,SRTRVx,SRTRVy,SRTRVz,SRGA
401,0.076404,0.017198,0.389182,-0.586213,0.731766,-0.347733,-0.690392,-0.675735,-0.258289,-0.42326,0.087744,0.901765,0.012422,-0.003566,-0.002261,0.001061,-0.014466,0.029671,-0.993056,-0.074494,0.032434,0.350909,0.323138,0.883311,0.339609,-0.912284,0.386196,-0.136106,-0.251764,-0.266955,0.930168,-0.02767,0.011421,-0.037417,0.045877,0.265337,0.568881,-1.401599,0.05574,0.036487,-0.005135,-0.172326,-0.938376,0.299587,0.905076,-0.27087,-0.327819,0.388767,0.214657,0.89598,-0.013881,0.005937,-0.018522,0.447264,0.425594,1.56434,-0.879771,0.07508,0.030573,-0.045067,-0.419357,0.842588,-0.33791,-0.805176,-0.517144,-0.290262,-0.41932,0.150354,0.8953,0.0062,-0.001805,-0.001148,-0.000775,-0.02034,0.027029,-0.907425
402,0.07653,0.017026,0.389274,-0.586049,0.731934,-0.347656,-0.690716,-0.675517,-0.257993,-0.422959,0.088019,0.901879,0.012584,-0.003105,-0.001966,0.000984,-0.014714,0.029553,-0.992009,-0.075477,0.032531,0.349568,0.339127,0.86201,0.376727,-0.892379,0.42154,-0.16093,-0.297932,-0.282698,0.911692,-0.024234,-0.003067,-0.031945,1.723799,2.628097,-0.910866,-1.401689,0.055246,0.036543,-0.005806,-0.185649,-0.92213,0.339425,0.885043,-0.306989,-0.349937,0.426887,0.23544,0.873117,-0.01205,-0.001702,-0.01607,0.18454,0.381464,-0.291416,-0.867851,0.075138,0.030488,-0.045021,-0.419184,0.842687,-0.337877,-0.805445,-0.516909,-0.289935,-0.418977,0.150605,0.895419,2e-06,8e-06,2e-06,-3.1e-05,-0.000105,-7.9e-05,-0.906608
403,0.076616,0.016942,0.389303,-0.585844,0.732099,-0.347653,-0.690937,-0.675316,-0.257929,-0.422883,0.088184,0.901899,-1.2e-05,-3.4e-05,-2.2e-05,0.0,0.0,0.0,-0.991982,-0.075886,0.032453,0.348974,0.343651,0.849517,0.400269,-0.88281,0.437605,-0.170535,-0.320441,-0.295832,0.899813,-0.022003,-0.013752,-0.023601,0.120631,1.534366,-0.775298,-1.401759,0.055034,0.0365,-0.006117,-0.185231,-0.912186,0.36552,0.874499,-0.322681,-0.362116,0.448263,0.252572,0.857477,-0.01096,-0.006969,-0.011853,0.073221,1.648695,-0.713104,-0.863278,0.075185,0.030445,-0.045007,-0.419064,0.842758,-0.33785,-0.805577,-0.516764,-0.289828,-0.418844,0.150708,0.895464,0.006289,-0.001557,-0.000989,0.000989,-0.01472,0.029528,-0.906118
404,0.076829,0.016827,0.389337,-0.585978,0.733255,-0.34498,-0.691504,-0.674356,-0.258917,-0.421769,0.085918,0.902638,1.9e-05,5.5e-05,3.5e-05,6.5e-05,0.000211,0.0001,-0.993248,-0.076555,0.032423,0.347979,0.35073,0.824078,0.444833,-0.86534,0.466805,-0.182244,-0.35825,-0.322055,0.876242,-0.011027,-0.005157,-0.018789,-0.375458,1.217748,-0.603265,-1.402101,0.054701,0.036478,-0.00662,-0.186652,-0.89134,0.413125,0.85799,-0.352736,-0.373403,0.478553,0.284761,0.8306,-0.005564,-0.002383,-0.009228,-0.448002,1.291177,-0.541371,-0.853155,0.075292,0.030388,-0.04499,-0.418896,0.843934,-0.335113,-0.805974,-0.515555,-0.290873,-0.418247,0.148247,0.896153,0.006305,-0.001512,-0.000959,-0.000778,-0.020315,0.027041,-0.906772
405,0.076996,0.01674,0.389364,-0.585579,0.733557,-0.345018,-0.691848,-0.673997,-0.258933,-0.421761,0.086157,0.90262,-0.00103,-0.010164,0.00932,-0.034444,0.018417,-0.01569,-0.993675,-0.077084,0.032351,0.347155,0.364691,0.799249,0.477695,-0.847396,0.497528,-0.185255,-0.386165,-0.338246,0.858096,-0.010968,-0.005426,-0.019033,2.300944,-0.160408,4.050179,-1.401824,0.054444,0.03645,-0.007014,-0.193421,-0.872303,0.449083,0.844895,-0.380772,-0.375717,0.498738,0.306756,0.810654,-0.005549,-0.002475,-0.009316,-0.515891,1.031861,-0.553703,-0.850542,0.075376,0.030348,-0.04498,-0.418426,0.844133,-0.335198,-0.806229,-0.515147,-0.290889,-0.418226,0.148531,0.896116,0.006294,-0.001549,-0.000983,0.000971,-0.014793,0.029493,-0.906445
406,0.07705,0.016703,0.389376,-0.585501,0.73362,-0.345015,-0.691936,-0.673919,-0.258901,-0.421725,0.086224,0.90263,0.0,0.0,0.0,0.0,0.0,0.0,-0.993986,-0.077234,0.032259,0.346848,0.36313,0.794565,0.486617,-0.844806,0.501074,-0.187513,-0.393255,-0.344009,0.852568,0.001172,-0.000398,-0.016888,-0.108691,0.594668,-0.802368,-1.401892,0.054361,0.036398,-0.007184,-0.194047,-0.866304,0.460285,0.840582,-0.388724,-0.377245,0.505733,0.313704,0.80363,0.000579,-0.000149,-0.00839,-0.051112,0.519173,-0.87141,-0.849072,0.075403,0.030326,-0.044971,-0.418352,0.844175,-0.335183,-0.806307,-0.51506,-0.290829,-0.418151,0.148592,0.896141,-1e-06,-5e-06,-4e-06,1.8e-05,-8e-06,-2.8e-05,-0.906608
407,0.077111,0.016641,0.389407,-0.585807,0.734638,-0.342319,-0.692355,-0.673112,-0.259876,-0.420612,0.083851,0.903372,0.0,0.0,0.0,4.7e-05,0.000153,7.2e-05,-0.99437,-0.077342,0.032129,0.346347,0.367268,0.784277,0.500014,-0.836262,0.513779,-0.191389,-0.407436,-0.348843,0.8439,0.000158,0.002898,-0.01437,2.695831,-0.75895,4.378191,-1.401748,0.054309,0.036329,-0.007431,-0.192106,-0.859548,0.473573,0.835025,-0.39669,-0.381273,0.515584,0.322201,0.793951,0.001152,-0.003735,-0.002874,-0.116658,0.395758,-0.487697,-0.849725,0.075433,0.030295,-0.044955,-0.418515,0.845187,-0.332419,-0.806535,-0.514146,-0.29181,-0.417546,0.145981,0.896851,-1e-06,-1e-06,-1e-06,-0.0015,-0.004876,-0.002192,-0.906608
408,0.077195,0.016566,0.389407,-0.585595,0.734799,-0.342337,-0.692541,-0.672921,-0.259877,-0.420601,0.083981,0.903365,0.012364,-0.003759,-0.002388,0.000984,-0.014714,0.029553,-0.994773,-0.077477,0.03214,0.345878,0.366138,0.778748,0.509399,-0.834503,0.517014,-0.190353,-0.412039,-0.356383,0.838497,-0.000177,0.003986,-0.013539,-0.16824,0.339087,-0.019111,-1.401793,0.05424,0.036337,-0.007664,-0.19441,-0.853536,0.483405,0.831113,-0.405083,-0.380996,0.521013,0.327695,0.788137,-0.006503,0.00057,-0.007008,-0.234739,0.337256,0.228689,-0.847603,0.075471,0.030259,-0.044954,-0.418295,0.845275,-0.332472,-0.806667,-0.513956,-0.291782,-0.417512,0.146144,0.896841,-0.000151,-0.00044,-0.000283,-2.9e-05,-6.9e-05,-6.8e-05,-0.906282
409,0.077375,0.016445,0.389365,-0.585218,0.735071,-0.342397,-0.692818,-0.672601,-0.259968,-0.42067,0.084161,0.903317,0.011773,-0.005488,-0.003496,3.9e-05,-0.002147,0.003636,-0.995077,-0.077763,0.032125,0.345296,0.365012,0.77454,0.516572,-0.832507,0.519943,-0.191119,-0.41705,-0.361267,0.833918,0.000451,0.001926,-0.01515,-0.016577,0.156526,-0.142994,-1.401877,0.054096,0.036335,-0.007956,-0.192213,-0.84941,0.491483,0.829551,-0.408209,-0.381063,0.524306,0.334465,0.783093,0.000244,0.000926,-0.007596,0.002603,0.123809,-0.171085,-0.851358,0.075561,0.030202,-0.044973,-0.417852,0.845475,-0.332521,-0.806879,-0.513569,-0.291875,-0.417546,0.146344,0.896793,0.006091,-0.002151,-0.001372,0.000999,-0.014697,0.029541,-0.907098
410,0.077539,0.016351,0.389317,-0.584957,0.735256,-0.342447,-0.692996,-0.672384,-0.260054,-0.420741,0.084275,0.903273,0.011707,-0.005688,-0.003626,0.000984,-0.014715,0.029553,-0.995523,-0.077924,0.032204,0.344942,0.364415,0.773227,0.518953,-0.832621,0.520136,-0.190092,-0.417344,-0.363796,0.832671,-0.01487,0.010578,-0.02335,-0.039549,0.153986,0.079367,-1.401705,0.054016,0.036371,-0.008136,-0.191325,-0.848464,0.49346,0.829775,-0.408357,-0.380416,0.524278,0.336678,0.782163,-0.007441,0.00534,-0.01163,-0.049405,0.165573,0.089765,-0.848909,0.075648,0.030152,-0.044999,-0.417555,0.845606,-0.332561,-0.807009,-0.513318,-0.291959,-0.417592,0.146471,0.89675,0.005819,-0.002949,-0.001884,0.001,-0.014701,0.029542,-0.907098
411,0.07809,0.016001,0.389187,-0.583775,0.736103,-0.342643,-0.693844,-0.671386,-0.260368,-0.420984,0.084824,0.903108,0.010021,-0.017862,0.004403,-0.03444,0.016155,-0.01211,-0.996266,-0.078384,0.032528,0.344137,0.363487,0.76627,0.529811,-0.833424,0.521604,-0.182396,-0.416548,-0.376226,0.827529,-0.014918,0.010745,-0.023218,-0.373356,0.648629,0.179356,-1.401687,0.053791,0.036531,-0.008528,-0.189267,-0.843291,0.503027,0.831594,-0.410068,-0.374559,0.522138,0.347423,0.778889,-0.007487,0.0055,-0.011501,-0.017266,0.124537,0.048575,-0.846949,0.07592,0.029985,-0.045064,-0.416211,0.846206,-0.332719,-0.807625,-0.51216,-0.292289,-0.417742,0.147059,0.896584,0.011936,-0.005049,-0.003229,0.001984,-0.029425,0.059102,-0.907588
412,0.078953,0.015444,0.38908,-0.587225,0.735735,-0.3375,-0.691787,-0.672592,-0.26272,-0.419568,0.078282,0.904357,0.036437,-0.013431,-0.00858,0.016629,0.001322,0.110145,-0.996685,-0.079184,0.033024,0.343169,0.369989,0.753709,0.543159,-0.828513,0.532209,-0.173937,-0.420612,-0.386611,0.820658,-0.03027,0.019625,-0.031205,2.873722,-0.558492,4.531625,-1.401999,0.053397,0.036774,-0.009011,-0.18998,-0.833151,0.51939,0.832425,-0.417185,-0.364725,0.520553,0.363063,0.772793,-0.007667,0.006119,-0.011008,-0.179954,0.314827,0.22357,-0.847439,0.076341,0.029702,-0.045115,-0.419906,0.846506,-0.32727,-0.805786,-0.513654,-0.294733,-0.417597,0.13995,0.897789,0.011265,-0.010691,0.001063,-0.034508,0.107221,-0.151172,-0.906771
413,0.079493,0.015059,0.389058,-0.58697,0.738338,-0.332216,-0.693276,-0.670231,-0.264821,-0.417465,0.073952,0.905694,0.035242,-0.024285,0.000294,0.069731,0.312083,0.232402,-0.997119,-0.079692,0.033347,0.342631,0.378354,0.744178,0.550489,-0.82375,0.541962,-0.166274,-0.422533,-0.391494,0.81735,-0.030389,0.02009,-0.030828,-0.219655,0.521043,0.082597,-1.402106,0.053143,0.036935,-0.00928,-0.202318,-0.823873,0.529433,0.827277,-0.433097,-0.357824,0.524098,0.365594,0.769195,-0.015251,0.010269,-0.015226,-0.308912,0.6272,0.211408,-0.851685,0.076612,0.029514,-0.045128,-0.419204,0.848408,-0.323217,-0.806623,-0.511437,-0.296295,-0.416685,0.136506,0.898742,0.011619,-0.006073,-0.003906,0.160122,0.510914,0.278835,-0.905955
414,0.080783,0.014151,0.388974,-0.590428,0.737946,-0.326918,-0.691509,-0.671331,-0.266652,-0.415517,0.067705,0.907077,0.034439,-0.026974,-0.001464,-0.022395,0.020604,0.062937,-0.997103,-0.08094,0.034081,0.341551,0.398488,0.723912,0.563161,-0.812708,0.56329,-0.148808,-0.425423,-0.399301,0.812057,-0.043814,0.019492,-0.029541,0.072961,0.447526,0.4465,-1.402628,0.052525,0.037301,-0.009822,-0.221321,-0.807104,0.547356,0.821901,-0.456469,-0.340754,0.524875,0.374457,0.764386,-0.014557,0.006391,-0.009918,0.615755,0.487313,1.357095,-0.851848,0.07727,0.029054,-0.045168,-0.422796,0.849126,-0.316585,-0.805199,-0.512286,-0.29869,-0.415809,0.12863,0.900308,0.017181,-0.013603,-0.000828,-0.037015,-0.027495,0.041999,-0.906445
415,0.082316,0.013193,0.388725,-0.591484,0.737478,-0.326064,-0.687964,-0.672411,-0.27302,-0.419867,0.061911,0.905487,0.047813,-0.020948,-0.013502,0.005114,-0.046029,0.093197,-0.997925,-0.082404,0.034772,0.340554,0.392608,0.719865,0.572403,-0.820199,0.55562,-0.135988,-0.416401,-0.417003,0.807826,-0.044048,0.020616,-0.028646,-0.200223,0.218596,-0.172474,-1.402345,0.051776,0.037655,-0.01033,-0.214416,-0.802574,0.556685,0.83083,-0.449533,-0.328086,0.513562,0.392164,0.76319,-0.022015,0.010327,-0.01428,-0.167655,0.151591,-0.224306,-0.852991,0.078037,0.028574,-0.045294,-0.423914,0.848732,-0.316148,-0.80174,-0.514029,-0.304933,-0.421316,0.124203,0.898367,0.023878,-0.010569,-0.006838,-0.005558,-0.056045,0.086331,-0.906935
416,0.083994,0.012267,0.388255,-0.593301,0.735531,-0.327159,-0.68442,-0.674787,-0.276053,-0.423077,0.059212,0.904172,0.034617,-0.019875,-0.012877,0.001987,-0.031665,0.0627,-0.998027,-0.083935,0.035426,0.339713,0.399137,0.712494,0.57709,-0.818476,0.560545,-0.125779,-0.413579,-0.42303,0.806139,-0.043114,0.014522,-0.016776,-0.043002,0.342014,-0.279354,-1.402539,0.051028,0.03797,-0.01075,-0.220962,-0.796524,0.562782,0.831333,-0.455555,-0.318361,0.50996,0.397513,0.762838,-0.015055,0.008322,-0.008382,-0.026778,0.336913,-0.293775,-0.8574,0.078862,0.028118,-0.045524,-0.426126,0.847145,-0.317428,-0.798658,-0.517086,-0.307842,-0.424925,0.122337,0.896923,0.023592,-0.011661,-0.00758,0.002051,-0.046438,0.09229,-0.908078
417,0.084844,0.011832,0.387936,-0.596526,0.732806,-0.327408,-0.681101,-0.677928,-0.27656,-0.423889,0.057106,0.903927,0.047262,-0.023273,-0.01511,0.002973,-0.046378,0.092254,-0.997411,-0.084753,0.035646,0.339448,0.40049,0.709866,0.579387,-0.819308,0.560543,-0.120248,-0.41061,-0.427434,0.805333,-0.041105,0.004485,-0.008021,-0.312428,0.69,-0.093978,-1.402452,0.050634,0.038084,-0.010881,-0.222281,-0.795701,0.563426,0.83266,-0.455559,-0.314867,0.507215,0.399154,0.763812,-0.021641,0.007677,-0.00804,0.049212,0.235368,-0.401012,-0.860992,0.079265,0.02791,-0.045677,-0.42993,0.84508,-0.317804,-0.795981,-0.520905,-0.308335,-0.426114,0.120403,0.896621,0.017548,-0.005642,-0.011661,0.035345,-0.036909,0.053159,-0.907588
418,0.086414,0.011077,0.387179,-0.598069,0.73124,-0.328094,-0.67862,-0.679762,-0.278155,-0.425687,0.05538,0.903189,0.034365,-0.0139,-0.025052,0.035741,-0.036692,0.052873,-0.996133,-0.086046,0.035867,0.339195,0.400491,0.715733,0.572123,-0.826968,0.551224,-0.110502,-0.394938,-0.429774,0.8119,-0.026451,-0.002331,0.001545,-0.192873,0.057213,-0.280257,-1.378911,0.049966,0.038202,-0.011012,-0.222658,-0.799738,0.557531,0.84143,-0.446472,-0.304395,0.492359,0.401348,0.772334,-0.020585,0.002496,-0.003802,-0.562094,-0.472483,0.077278,-0.859196,0.080073,0.027523,-0.046055,-0.431645,0.843916,-0.31857,-0.793929,-0.523078,-0.309942,-0.428202,0.119137,0.895794,0.016812,-0.011832,-0.007754,0.000829,-0.019247,0.037183,-0.906935
419,0.087803,0.010418,0.386266,-0.604347,0.725742,-0.328797,-0.671562,-0.685997,-0.279971,-0.427995,0.0507,0.902373,0.034469,-0.01392,-0.025149,0.581868,0.415121,-1.417208,-0.996126,-0.087102,0.035889,0.339232,0.400892,0.719304,0.567343,-0.831671,0.545445,-0.103669,-0.384505,-0.43119,0.816146,-0.026897,-0.000605,0.002868,-0.017996,0.12127,-0.20156,-1.337011,0.049438,0.038212,-0.010993,-0.223544,-0.802991,0.552477,0.846766,-0.440711,-0.297926,0.482715,0.40122,0.778464,-0.013392,-0.000507,0.001296,0.002706,0.036142,-0.060803,-0.84646,0.080766,0.027189,-0.046515,-0.437419,0.840589,-0.319487,-0.789165,-0.529159,-0.311781,-0.43114,0.115749,0.894828,0.010531,-0.006207,-0.012203,1.857892,1.531165,-4.957595,-0.908078
420,0.088361,0.010121,0.385793,-0.603519,0.726295,-0.329098,-0.671812,-0.685412,-0.280805,-0.428771,0.050712,0.902004,0.021183,-0.012788,-0.024463,0.034822,-0.021755,0.023427,-0.994771,-0.087491,0.035845,0.339334,0.401989,0.719809,0.565925,-0.832279,0.544893,-0.101669,-0.382033,-0.431046,0.817382,-0.011908,-0.008945,0.011275,-0.035679,0.004213,-0.026367,-1.315813,0.049233,0.038192,-0.01094,-0.224631,-0.803516,0.551272,0.847692,-0.440144,-0.296125,0.480581,0.40079,0.780004,-0.005956,-0.004472,0.005656,-0.033169,0.006286,-0.027109,-0.84352,0.08105,0.027043,-0.04675,-0.437935,0.840195,-0.31982,-0.788332,-0.529903,-0.312624,-0.432139,0.115216,0.894416,0.017045,-0.007706,-0.013109,0.035556,-0.036591,0.053473,-0.909058
421,0.089237,0.009667,0.384818,-0.606214,0.722553,-0.332366,-0.667445,-0.689387,-0.281489,-0.431771,0.050289,0.900595,0.008647,-0.009217,-0.022194,0.027242,-0.030556,-0.017288,-0.996014,-0.088158,0.035681,0.339529,0.397898,0.730906,0.554477,-0.84203,0.530877,-0.09534,-0.36452,-0.429872,0.825953,-0.026148,-0.003217,0.000809,-0.73009,-0.18054,-1.444499,-1.279819,0.048908,0.038116,-0.010839,-0.223014,-0.81195,0.539444,0.856492,-0.427458,-0.289308,0.465494,0.39751,0.790758,-0.006731,0.000111,0.00086,-2.752365,0.007529,-4.743862,-0.838295,0.081492,0.026811,-0.047241,-0.441198,0.837049,-0.323563,-0.78482,-0.534744,-0.313217,-0.435202,0.115748,0.892861,0.010817,-0.005826,-0.011909,0.036592,-0.031211,0.050724,-0.907588
422,0.089854,0.009441,0.383823,-0.610135,0.715621,-0.3401,-0.66209,-0.696211,-0.277306,-0.434475,0.055087,0.899013,0.010106,0.002889,-0.030271,0.060655,-0.050541,-0.002631,-0.998883,-0.088762,0.035566,0.339655,0.385245,0.747952,0.540505,-0.857058,0.507114,-0.090664,-0.342372,-0.429259,0.835692,-0.02619,-0.003014,0.000954,0.196276,-0.275606,-0.238125,-1.229761,0.048612,0.038056,-0.010778,-0.210177,-0.826896,0.5216,0.870642,-0.401011,-0.284905,0.444755,0.394247,0.804214,-0.006635,-0.000458,0.000479,0.379277,-0.615613,-0.24764,-0.83356,0.0818,0.026691,-0.047737,-0.446257,0.831133,-0.331769,-0.781049,-0.54269,-0.308947,-0.436825,0.121259,0.891336,0.00477,-0.003249,-0.010227,0.045885,0.002392,0.031362,-0.910854
423,0.090159,0.009398,0.382887,-0.615959,0.707052,-0.347445,-0.655247,-0.704589,-0.272356,-0.436616,0.059017,0.897726,0.009941,-0.005122,-0.019554,0.016588,-0.083828,-0.010997,-1.0011,-0.089632,0.035434,0.339565,0.379925,0.758555,0.52938,-0.861859,0.498106,-0.094986,-0.336194,-0.421119,0.842315,-0.025103,-0.007014,-0.002164,0.296839,-0.48858,-0.18067,-1.171471,0.04817,0.037996,-0.010819,-0.206014,-0.835685,0.509104,0.873747,-0.391344,-0.288815,0.440594,0.385329,0.8108,-0.012478,-0.003791,-0.001289,0.312425,-0.507537,-0.189637,-0.815924,0.081952,0.026672,-0.04821,-0.453492,0.824114,-0.339381,-0.776119,-0.552357,-0.304202,-0.438157,0.125447,0.890101,-0.001084,0.003755,-0.013627,0.052773,0.042893,-0.214746,-0.907588
424,0.090241,0.009437,0.382454,-0.617977,0.704393,-0.349255,-0.654056,-0.70704,-0.268844,-0.435547,0.061411,0.898084,-0.002619,-0.001288,-0.017027,0.025661,-0.033307,-0.023424,-1.001521,-0.09013,0.035401,0.339404,0.381521,0.759716,0.52656,-0.860957,0.49938,-0.096472,-0.336701,-0.417497,0.843915,-0.013973,0.004797,-0.011195,0.087307,-0.137213,0.095089,-1.157422,0.047917,0.037976,-0.010895,-0.207672,-0.837933,0.504716,0.87244,-0.392012,-0.291846,0.442403,0.379726,0.812457,-0.013429,0.001271,-0.005638,0.062119,-0.098625,0.121567,-0.816577,0.081998,0.02669,-0.048428,-0.455946,0.821966,-0.341298,-0.775554,-0.55506,-0.300705,-0.436611,0.12759,0.890556,-0.0013,-0.000662,-0.008529,0.035323,0.104743,-0.208063,-0.903832
425,0.09033,0.009515,0.381706,-0.619376,0.700521,-0.354524,-0.650867,-0.710609,-0.267169,-0.438321,0.064393,0.896524,-0.002093,0.000459,-0.015868,0.027821,-0.025545,-0.01973,-1.002511,-0.091072,0.035594,0.338861,0.385387,0.757275,0.52726,-0.859003,0.503107,-0.094501,-0.337293,-0.417454,0.8437,-0.028678,0.012431,-0.020188,-0.226329,0.440891,0.280253,-1.121061,0.047452,0.038066,-0.011166,-0.211474,-0.837025,0.504645,0.870925,-0.39571,-0.291377,0.443583,0.37789,0.812669,-0.013132,0.000197,-0.006477,0.028451,0.043012,-0.059732,-0.825395,0.082042,0.026728,-0.048801,-0.457937,0.818596,-0.346689,-0.773179,-0.559213,-0.299121,-0.438733,0.131074,0.889006,-0.00102,0.000275,-0.007906,0.039489,0.013887,-0.001521,-0.905628
426,0.090329,0.009313,0.381254,-0.619297,0.699198,-0.357266,-0.649904,-0.711737,-0.26651,-0.439858,0.066265,0.895634,-0.003004,-0.009983,-0.006786,-0.001194,0.011678,-0.026349,-1.002564,-0.092312,0.035881,0.338017,0.386857,0.747709,0.539689,-0.858378,0.505815,-0.085268,-0.337202,-0.431213,0.836787,-0.040171,0.005001,-0.024345,-0.186453,0.409435,0.184338,-1.048013,0.046835,0.038216,-0.011583,-0.21205,-0.827373,0.520084,0.8725,-0.400003,-0.280605,0.440201,0.394271,0.806704,-0.020027,0.002319,-0.012296,-0.260741,0.516932,0.262763,-0.811352,0.082043,0.026634,-0.049029,-0.45806,0.817471,-0.349171,-0.7725,-0.560415,-0.298627,-0.4398,0.132945,0.888201,-0.001507,-0.00504,-0.003427,0.002558,0.024649,-0.020109,-0.911017
427,0.090326,0.00908,0.381132,-0.619113,0.69935,-0.357287,-0.650072,-0.711577,-0.266527,-0.439869,0.066377,0.895621,-0.003212,-0.010674,-0.00727,-0.000887,0.012737,-0.025837,-1.003177,-0.093068,0.036002,0.337495,0.380867,0.736003,0.55967,-0.856739,0.508543,-0.085536,-0.348027,-0.44784,0.823517,-0.039764,0.003447,-0.025569,0.134663,1.274318,0.095808,-0.996556,0.046472,0.038276,-0.011834,-0.205269,-0.818142,0.537129,0.87144,-0.402595,-0.280194,0.445484,0.41056,0.795602,-0.01997,0.002118,-0.012455,-0.196682,0.432102,0.190675,-0.801718,0.082042,0.02652,-0.049089,-0.457853,0.817628,-0.349075,-0.772644,-0.560184,-0.298688,-0.439762,0.132955,0.888218,-0.002049,-0.010548,0.000921,-0.029944,-0.043369,0.111508,-0.908568
428,0.090325,0.008571,0.381065,-0.619027,0.699483,-0.357175,-0.650441,-0.711411,-0.266069,-0.439445,0.066742,0.895801,-0.003086,-0.017684,0.004158,-0.035643,0.030081,-0.042051,-1.003074,-0.094634,0.036118,0.3365,0.385467,0.694738,0.607245,-0.831575,0.546734,-0.097453,-0.400166,-0.46828,0.787683,-0.037342,-0.008945,-0.018714,0.3776,1.452902,0.293774,-0.917399,0.04566,0.038334,-0.012353,-0.203216,-0.780413,0.591319,0.847804,-0.442368,-0.292469,0.489827,0.441888,0.751534,-0.018623,-0.004631,-0.009464,0.363002,1.574651,0.35373,-0.770366,0.082039,0.026257,-0.049128,-0.457757,0.81774,-0.348937,-0.772981,-0.55996,-0.298232,-0.439268,0.133204,0.888424,-0.001509,-0.008737,0.002151,-0.035694,0.030064,-0.041861,-0.907588
429,0.090282,0.00819,0.381097,-0.617976,0.700062,-0.357861,-0.650106,-0.71091,-0.268217,-0.441413,0.066019,0.894887,-0.001218,-0.004047,-0.00277,0.005258,-0.075075,0.152515,-1.001121,-0.096345,0.03578,0.335575,0.402029,0.640244,0.654563,-0.776561,0.617154,-0.126519,-0.485449,-0.458251,0.744452,-0.049726,-0.013493,-0.020734,5.159317,1.966337,2.518385,-0.901512,0.044823,0.038168,-0.01281,-0.214765,-0.73342,0.644957,0.799157,-0.511584,-0.315641,0.561447,0.447634,0.695988,-0.018351,-0.005871,-0.010451,0.098326,0.716038,-0.15303,-0.774775,0.082017,0.026066,-0.049112,-0.456699,0.818059,-0.349576,-0.772447,-0.559575,-0.300332,-0.441304,0.132868,0.887466,-0.000419,-0.001385,-0.000946,-0.00191,0.000719,-0.000343,-0.908894
430,0.090191,0.007955,0.381168,-0.616522,0.699302,-0.361832,-0.647903,-0.711648,-0.27157,-0.446646,0.066128,0.892279,-0.000466,-0.001548,-0.00106,0.019903,-0.008698,0.005386,-1.001096,-0.097964,0.035368,0.334877,0.435523,0.589674,0.680144,-0.711163,0.688601,-0.141452,-0.55228,-0.422833,0.718375,-0.038127,-0.0063,-0.016758,0.803264,0.880494,0.676941,-0.886151,0.044012,0.037952,-0.013166,-0.24889,-0.689242,0.68044,0.735803,-0.591399,-0.329908,0.629799,0.418559,0.65434,-0.019036,-0.003063,-0.008297,3.770933,-0.185881,3.184654,-0.798126,0.081972,0.025947,-0.049078,-0.455199,0.817153,-0.353627,-0.770389,-0.560584,-0.303719,-0.446423,0.134178,0.884704,-0.000244,-0.000803,-0.000549,0.067609,-0.021832,0.021095,-0.91118
431,0.090165,0.007876,0.381175,-0.616827,0.699078,-0.361745,-0.64776,-0.711872,-0.271325,-0.446433,0.066088,0.892389,-0.000489,-0.001625,-0.001114,-1e-06,-4e-06,-2e-06,-1.002272,-0.098649,0.035287,0.334637,0.451284,0.566917,0.689158,-0.677678,0.720165,-0.148491,-0.58103,-0.400733,0.708294,-0.039282,-0.001538,-0.013018,3.696707,-0.152528,3.36079,-0.830881,0.043656,0.037904,-0.013296,-0.26394,-0.667798,0.695975,0.705196,-0.625887,-0.33311,0.658052,0.402878,0.636126,-0.019651,-0.000531,-0.006316,3.70466,-0.18935,3.327896,-0.791267,0.081959,0.025909,-0.049073,-0.455565,0.817011,-0.353486,-0.770321,-0.560822,-0.303453,-0.446168,0.134055,0.884852,-0.000224,-0.00074,-0.000506,-0.000882,0.001209,0.000184,-0.911181
432,0.090064,0.00789,0.381172,-0.616573,0.697939,-0.364369,-0.647249,-0.71277,-0.270185,-0.447523,0.068375,0.89167,9.2e-05,0.000306,0.00021,-0.006833,-0.023536,-0.011323,-1.002409,-0.099626,0.035102,0.334467,0.458553,0.540975,0.70503,-0.645758,0.747871,-0.153682,-0.610959,-0.385494,0.691365,-0.012614,-0.003407,-0.001081,3.676799,-0.252838,3.715894,-0.805815,0.043172,0.037815,-0.013379,-0.268836,-0.646849,0.713662,0.678156,-0.653274,-0.336655,0.683982,0.393469,0.614288,-0.006352,-0.001539,-0.00039,-0.295867,0.770003,0.04044,-0.778204,0.081909,0.025916,-0.049075,-0.455453,0.81579,-0.356437,-0.77001,-0.561929,-0.302192,-0.446818,0.136826,0.884099,8.4e-05,0.000288,0.0002,0.000994,0.003093,0.000916,-0.908731
433,0.089918,0.008014,0.381122,-0.616598,0.697888,-0.364424,-0.647081,-0.712836,-0.27041,-0.44773,0.068205,0.891579,-0.000111,-0.000368,-0.000252,-1e-06,-5e-06,-2e-06,-1.000997,-0.099929,0.035058,0.334494,0.472435,0.519053,0.712306,-0.617718,0.771467,-0.152302,-0.629141,-0.368711,0.684176,-0.000133,0.000567,0.000447,-0.197665,0.399891,0.281512,-0.726692,0.043015,0.037796,-0.013361,-0.286373,-0.625654,0.725635,0.649234,-0.683687,-0.333265,0.704616,0.375669,0.601986,-0.000111,0.000443,0.000361,-0.219122,0.426051,0.293366,-0.775755,0.081837,0.025981,-0.049098,-0.455513,0.815864,-0.356191,-0.769877,-0.561922,-0.302542,-0.446985,0.136411,0.884079,-5.7e-05,-0.000194,-0.000131,0.000256,0.000913,0.000484,-0.908894
434,0.089857,0.008051,0.381074,-0.616327,0.696737,-0.367075,-0.646511,-0.713744,-0.269378,-0.448923,0.070421,0.890806,-0.000276,-0.000912,-0.000625,-0.013097,-0.045076,-0.021712,-1.000586,-0.099854,0.03508,0.334502,0.484415,0.505502,0.714004,-0.599052,0.786453,-0.150207,-0.638043,-0.355605,0.682868,0.01278,0.002697,0.000522,-0.152017,0.312215,0.269563,-0.628838,0.043047,0.037809,-0.013355,-0.299054,-0.613835,0.730597,0.632775,-0.700654,-0.329665,0.714256,0.363716,0.597953,0.006374,0.001385,0.000294,-0.109001,0.387919,0.424801,-0.747179,0.081807,0.026001,-0.049121,-0.455386,0.814645,-0.359133,-0.769508,-0.563033,-0.301414,-0.447749,0.139096,0.883274,0.00022,0.004438,-0.00509,0.023697,-0.055808,-0.002793,-0.909384
435,0.089761,0.008067,0.380951,-0.616174,0.695469,-0.369726,-0.64579,-0.714767,-0.268394,-0.450168,0.072518,0.89001,2.9e-05,0.00752,-0.011112,0.023603,-0.055684,-0.002267,-1.000424,-0.099373,0.035068,0.334584,0.503475,0.482382,0.716807,-0.569363,0.809243,-0.144515,-0.650389,-0.335979,0.681157,0.012982,0.001856,-0.000146,3.93025,-0.747518,3.840242,-0.354241,0.043286,0.037805,-0.013312,-0.315812,-0.594163,0.739752,0.611414,-0.723635,-0.320195,0.725558,0.351173,0.591812,0.013941,-0.003502,0.003951,-0.063117,0.020938,0.0624,-0.61524,0.081759,0.026007,-0.049178,-0.455438,0.813411,-0.361853,-0.769032,-0.564224,-0.300397,-0.448513,0.141465,0.882509,-0.000498,-0.001649,-0.001128,-0.00506,-0.00215,-0.0336,-0.910854
436,0.089711,0.008069,0.380732,-0.615692,0.693052,-0.37503,-0.644519,-0.716657,-0.266403,-0.452639,0.076824,0.888394,-0.000241,0.006631,-0.011724,0.021545,-0.062686,-0.005668,-1.00115,-0.098639,0.034605,0.334714,0.49796,0.470706,0.728329,-0.552944,0.819324,-0.151308,-0.668558,-0.32798,0.667324,0.016655,-0.016043,0.002365,1.141726,-0.185289,1.131956,-0.333803,0.04365,0.037588,-0.013242,-0.311439,-0.581043,0.751926,0.591973,-0.737614,-0.324795,0.743352,0.343967,0.573684,0.014829,-0.006803,0.001268,3.960611,-0.825294,3.712993,-0.53784,0.081733,0.026008,-0.049287,-0.455316,0.811054,-0.367256,-0.768211,-0.566391,-0.298415,-0.450042,0.146257,0.880948,-0.000653,-0.002162,-0.001482,-0.006252,-0.006266,-0.035675,-0.91412
437,0.089685,0.008095,0.380579,-0.615468,0.6918,-0.377699,-0.643799,-0.717639,-0.265497,-0.453963,0.078892,0.887536,-0.001409,-0.004652,-0.0032,-0.00412,0.001652,-0.031192,-1.001065,-0.098165,0.034295,0.334769,0.489123,0.464773,0.738062,-0.541335,0.825252,-0.160773,-0.684398,-0.321494,0.654296,0.029658,-0.014023,0.002325,0.332548,0.860168,-0.402448,-0.333424,0.043883,0.03743,-0.013217,-0.303484,-0.574573,0.760107,0.578184,-0.745126,-0.3324,0.757364,0.338604,0.558342,0.014844,-0.007096,0.001087,1.461125,2.058471,-1.118408,-0.52494,0.081721,0.026024,-0.049368,-0.455272,0.809854,-0.369948,-0.767718,-0.56751,-0.297556,-0.450927,0.148547,0.880112,-0.000707,-0.002347,-0.001613,0.006621,0.037871,-0.014345,-0.913793
438,0.089689,0.008234,0.380247,-0.614851,0.689376,-0.383098,-0.642374,-0.719505,-0.263896,-0.456805,0.082973,0.885704,2.7e-05,0.007515,-0.011116,0.012963,-0.091971,-0.019923,-1.000713,-0.097126,0.033819,0.334701,0.472136,0.442958,0.762146,-0.51466,0.840436,-0.169486,-0.716177,-0.312791,0.623791,0.030104,-0.015501,0.001106,0.095469,0.93123,0.55631,-0.23769,0.044392,0.037191,-0.01325,-0.28472,-0.555365,0.781347,0.552717,-0.761062,-0.339538,0.783222,0.335191,0.52365,0.008776,-0.009415,-1.6e-05,5.491278,1.3745,2.167082,-0.480852,0.081722,0.026088,-0.049531,-0.454886,0.807584,-0.375348,-0.766817,-0.569517,-0.296041,-0.452846,0.153159,0.878335,0.000126,0.004108,-0.005314,0.011106,-0.098738,-0.02365,-0.914936
439,0.089693,0.00848,0.379903,-0.61572,0.688901,-0.382558,-0.642609,-0.719898,-0.262246,-0.455304,0.083503,0.886427,0.00033,0.00851,-0.010426,0.034729,-0.017441,0.016167,-0.999811,-0.096137,0.033513,0.334544,0.448446,0.419098,0.789458,-0.492104,0.853094,-0.173199,-0.746604,-0.311362,0.587791,0.028005,-0.003927,-0.006469,4.358754,0.739286,2.928952,-0.062522,0.044899,0.03703,-0.01333,-0.257038,-0.532345,0.80656,0.534416,-0.773675,-0.34033,0.805189,0.343561,0.483358,0.015068,-0.00765,0.000596,1.21386,2.392485,-1.523564,-0.332911,0.081723,0.026206,-0.0497,-0.456051,0.807303,-0.374537,-0.767129,-0.569943,-0.294409,-0.451142,0.153053,0.879229,9.1e-05,0.003992,-0.005393,0.036957,-0.003589,-0.00789,-0.914609
440,0.089713,0.0088,0.379562,-0.617087,0.685528,-0.386394,-0.642482,-0.722371,-0.255673,-0.453629,0.089621,0.886688,0.000799,0.010058,-0.009355,0.032442,-0.025266,0.012355,-1.000834,-0.095247,0.033199,0.334203,0.422951,0.395769,0.815151,-0.464318,0.867155,-0.179959,-0.778586,-0.302883,0.549481,0.01413,0.000447,-0.018144,-0.246966,0.861389,-0.129937,0.042721,0.045348,0.036876,-0.013492,-0.230789,-0.504843,0.831787,0.502809,-0.793755,-0.34225,0.833018,0.339242,0.437029,0.00806,-0.00516,-0.005,-0.329997,0.94828,-0.038269,-0.189705,0.081732,0.026364,-0.049872,-0.457952,0.804237,-0.378788,-0.767639,-0.572645,-0.28776,-0.448339,0.158993,0.879609,0.000414,0.005055,-0.00466,0.045682,0.003478,0.027503,-0.91412
441,0.089707,0.008966,0.37942,-0.617301,0.685296,-0.386465,-0.642043,-0.72264,-0.256015,-0.453959,0.089231,0.886558,0.000872,0.010297,-0.009188,0.034684,-0.017597,0.016091,-1.001438,-0.094868,0.033082,0.333965,0.410062,0.383076,0.827704,-0.448948,0.87473,-0.182283,-0.794331,-0.29734,0.529613,0.016138,-0.010278,-0.009969,4.265623,-0.0041,2.661301,0.05761,0.045537,0.036818,-0.013617,-0.214849,-0.494112,0.842432,0.492811,-0.799559,-0.343281,0.843194,0.341407,0.415288,0.014609,-0.004176,-0.005072,-0.349369,1.024041,0.009901,-0.142024,0.08173,0.026452,-0.049946,-0.458202,0.804174,-0.37862,-0.767259,-0.572895,-0.288278,-0.448736,0.15841,0.879512,-0.006026,0.006552,-0.003669,0.03589,0.002509,-0.010607,-0.909874
442,0.089727,0.009276,0.379169,-0.617561,0.683882,-0.388548,-0.642059,-0.7236,-0.253249,-0.453583,0.092218,0.886445,0.001027,0.010807,-0.008832,0.027848,-0.040933,0.004667,-1.003947,-0.094001,0.03283,0.333458,0.377482,0.370356,0.848726,-0.444225,0.876609,-0.184813,-0.812891,-0.307736,0.494338,0.029241,-0.008134,-0.010019,-0.368013,1.226295,-0.066395,0.050267,0.045977,0.036686,-0.013875,-0.182748,-0.478843,0.858668,0.483252,-0.804338,-0.345697,0.856195,0.351778,0.378393,0.014645,-0.004144,-0.005086,-0.366747,1.1499,-0.137019,-0.113938,0.081741,0.026611,-0.050075,-0.458663,0.80279,-0.380992,-0.767523,-0.57397,-0.285421,-0.447811,0.161509,0.879419,0.00053,0.005439,-0.004391,0.04172,-0.012349,0.020058,-0.906608
443,0.089713,0.009543,0.379036,-0.619369,0.68163,-0.389624,-0.642561,-0.725187,-0.247367,-0.450399,0.096293,0.887635,0.000356,0.001173,0.000808,-0.065612,0.028769,-0.020751,-1.003461,-0.09309,0.032576,0.332941,0.351606,0.358845,0.864635,-0.437666,0.879463,-0.186888,-0.82789,-0.313171,0.465173,0.014305,0.00021,-0.018505,-0.284232,1.085814,0.017262,0.045586,0.046421,0.036563,-0.014124,-0.156828,-0.466282,0.870623,0.476505,-0.807865,-0.346837,0.86507,0.360462,0.348881,0.013596,0.001549,-0.008957,-0.13805,0.574131,-0.06039,-0.115571,0.081734,0.026745,-0.050141,-0.460863,0.801068,-0.38196,-0.768481,-0.575491,-0.279724,-0.443893,0.164614,0.880829,0.000664,0.005888,-0.004082,-0.197751,0.096188,-0.053214,-0.906445
444,0.089695,0.009641,0.378981,-0.619487,0.681506,-0.389653,-0.642341,-0.72533,-0.247522,-0.45055,0.0961,0.887579,5.3e-05,0.000173,0.000119,-2e-06,-7e-06,-3e-06,-1.00357,-0.092784,0.032488,0.332681,0.344641,0.353332,0.869696,-0.430595,0.88274,-0.187864,-0.834495,-0.310194,0.455259,0.0164,-0.01075,-0.010527,-0.140381,0.535521,-0.143863,0.018528,0.04658,0.036519,-0.014261,-0.147815,-0.458617,0.876253,0.470313,-0.811992,-0.345648,0.870031,0.361022,0.335718,0.007039,0.00061,-0.008864,-0.121181,0.538104,-0.090065,-0.127001,0.081725,0.026796,-0.050167,-0.461012,0.801003,-0.381918,-0.768297,-0.575648,-0.279908,-0.444058,0.164385,0.880789,1.9e-05,5.4e-05,3.8e-05,0.001601,0.000712,0.001042,-0.902526
445,0.089616,0.009676,0.378883,-0.619151,0.680294,-0.392296,-0.64175,-0.726177,-0.246566,-0.45185,0.098243,0.886683,-0.013699,0.000257,9.2e-05,-0.00169,0.012306,-0.030735,-1.003381,-0.092355,0.032329,0.332083,0.334924,0.339313,0.879024,-0.413932,0.891043,-0.186107,-0.846787,-0.301961,0.437761,0.001312,-0.002153,-0.018768,4.818512,-0.728304,2.339556,-0.06938,0.046799,0.036436,-0.014557,-0.135513,-0.446192,0.884617,0.460219,-0.819033,-0.342612,0.877401,0.360689,0.316335,0.007017,0.00075,-0.008775,-0.044054,0.248121,-0.05041,-0.199339,0.081692,0.026816,-0.050215,-0.46082,0.799762,-0.38474,-0.767907,-0.576646,-0.278921,-0.444929,0.166913,0.879873,-0.000457,-0.001508,-0.001038,0.003443,0.026886,-0.01946,-0.906282
446,0.089598,0.009599,0.378793,-0.618979,0.68042,-0.392352,-0.641829,-0.726058,-0.246713,-0.451975,0.098261,0.886617,0.012195,-0.005221,-0.003515,0.000984,-0.014715,0.029553,-1.003069,-0.091974,0.032447,0.331416,0.331068,0.332782,0.882973,-0.414347,0.891966,-0.180684,-0.848095,-0.306467,0.432061,0.000309,0.001748,-0.015592,-0.02526,0.191286,0.120713,-0.099189,0.046987,0.036483,-0.014887,-0.134162,-0.43898,0.888423,0.456809,-0.822987,-0.337664,0.879389,0.360538,0.310943,0.006621,0.002324,-0.007498,-0.041488,0.299728,0.245611,-0.261226,0.081673,0.026778,-0.050259,-0.460662,0.799906,-0.38463,-0.767959,-0.576479,-0.279124,-0.445004,0.166798,0.879857,-0.000282,-0.000933,-0.000642,8.9e-05,0.000316,0.000225,-0.908404
447,0.089591,0.009541,0.378753,-0.618746,0.680601,-0.392404,-0.641991,-0.725877,-0.246826,-0.452064,0.098345,0.886563,-0.000264,-0.000869,-0.0006,-0.0,-0.0,-0.0,-1.002398,-0.091848,0.032663,0.330719,0.330381,0.329722,0.884377,-0.412575,0.893177,-0.178746,-0.849226,-0.306241,0.429994,-0.001373,0.01115,-0.024889,0.009126,0.198968,0.116126,-0.095898,0.047054,0.0366,-0.015235,-0.133568,-0.435975,0.889991,0.455436,-0.824594,-0.335589,0.88019,0.36051,0.308699,0.000262,0.000509,-0.008111,-0.03249,0.270708,0.188987,-0.27086,0.081673,0.026743,-0.050283,-0.460392,0.800042,-0.38467,-0.768081,-0.576261,-0.279238,-0.445072,0.166899,0.879803,-0.000144,-0.000479,-0.00033,0.005806,-0.08902,0.177816,-0.909874
448,0.089579,0.009536,0.378749,-0.618782,0.680573,-0.392396,-0.641966,-0.725905,-0.246808,-0.45205,0.098332,0.886571,-2.7e-05,-8.8e-05,-6.1e-05,-0.0,-0.0,-0.0,-1.002516,-0.091871,0.032706,0.330361,0.332495,0.327462,0.884425,-0.40646,0.895965,-0.178799,-0.85135,-0.300455,0.429874,0.000714,0.000206,-0.016903,0.164845,-0.013431,0.062881,-0.093523,0.047042,0.036625,-0.015424,-0.135457,-0.433474,0.890927,0.449849,-0.828094,-0.334508,0.882772,0.355471,0.307169,0.00038,5.3e-05,-0.008494,0.168486,-0.028805,0.05198,-0.27135,0.081666,0.02674,-0.050286,-0.460433,0.800021,-0.384663,-0.768063,-0.576293,-0.279221,-0.445062,0.166884,0.879812,-0.006475,0.001368,0.0009,-0.000996,0.014699,-0.029515,-0.910364
449,0.089556,0.009563,0.378768,-0.618558,0.680747,-0.392447,-0.642122,-0.72573,-0.246917,-0.452136,0.098414,0.886519,0.000103,0.000338,0.000233,-0.0,-0.0,-0.0,-1.002168,-0.092008,0.032767,0.329727,0.322343,0.329569,0.887395,-0.403154,0.895957,-0.186175,-0.856799,-0.298169,0.420539,-0.012787,-0.000504,-0.015714,0.034273,0.031061,-0.035959,-0.037033,0.046979,0.036652,-0.015738,-0.124787,-0.434753,0.891861,0.445167,-0.827864,-0.34127,0.886709,0.354442,0.296845,6.6e-05,0.001254,-0.007504,0.039639,0.007303,-0.018321,-0.246203,0.081656,0.026755,-0.050275,-0.460175,0.800149,-0.384705,-0.768179,-0.576087,-0.279327,-0.445127,0.166983,0.879759,6.9e-05,0.000225,0.000156,-1.6e-05,-9e-06,2e-05,-0.910527
450,0.089499,0.009596,0.378827,-0.618401,0.680878,-0.392466,-0.642272,-0.725593,-0.246929,-0.452137,0.098516,0.886507,0.000304,0.001001,0.000691,-0.0,-0.0,-0.0,-1.001813,-0.092319,0.032729,0.329114,0.301127,0.32501,0.896484,-0.389433,0.90006,-0.195369,-0.870732,-0.290707,0.396458,0.000592,0.000648,-0.016586,0.019879,0.511525,0.140239,0.01441,0.046818,0.036638,-0.016047,-0.103255,-0.429211,0.897282,0.429964,-0.832725,-0.348853,0.896921,0.349778,0.270529,0.000299,0.000341,-0.008272,0.014973,0.575533,0.22261,-0.191828,0.081627,0.026771,-0.050246,-0.459995,0.800247,-0.384718,-0.768299,-0.575922,-0.279339,-0.445108,0.167084,0.87975,0.000192,0.000633,0.000437,-5e-06,-1e-05,1.4e-05,-0.910201
451,0.089476,0.009615,0.378852,-0.618306,0.680955,-0.392483,-0.642351,-0.725514,-0.246954,-0.452153,0.098566,0.886492,0.000197,0.000649,0.000448,-0.0,-0.0,-0.0,-1.001952,-0.092515,0.032661,0.328817,0.293756,0.318456,0.901268,-0.372632,0.906421,-0.198695,-0.880542,-0.277884,0.383784,0.000516,0.000927,-0.016366,-0.048976,0.301033,0.204774,0.029318,0.04672,0.036602,-0.01619,-0.095442,-0.421587,0.901751,0.413495,-0.840823,-0.349338,0.90549,0.339528,0.254573,-0.006159,-0.001172,-0.008637,-0.066781,0.461719,0.067132,-0.166844,0.081616,0.026782,-0.050232,-0.459886,0.800304,-0.384729,-0.76836,-0.575827,-0.279363,-0.445113,0.167136,0.879737,0.000116,0.00038,0.000262,-1e-06,-1e-05,1.7e-05,-0.910201
452,0.089376,0.00965,0.3789,-0.618478,0.680827,-0.392433,-0.642259,-0.725638,-0.246828,-0.452048,0.098534,0.886549,2e-05,6.5e-05,4.5e-05,-0.0,-0.0,-0.0,-1.00225,-0.092884,0.032497,0.328287,0.276126,0.306209,0.911033,-0.351686,0.914336,-0.2006,-0.894731,-0.265403,0.359,-0.01284,-0.000432,-0.015711,-0.038,0.247301,0.120799,0.023686,0.046541,0.036518,-0.016458,-0.077295,-0.407873,0.90976,0.39354,-0.850878,-0.348039,0.916051,0.331125,0.226283,5.6e-05,0.001264,-0.007513,-0.076963,0.325609,-0.030098,-0.145943,0.081566,0.026801,-0.050207,-0.46008,0.800213,-0.384687,-0.768299,-0.57597,-0.279239,-0.445019,0.167083,0.879795,-3e-06,-6e-06,-3e-06,-1.1e-05,-7e-06,3e-06,-0.910364
453,0.089215,0.009677,0.378894,-0.618693,0.680653,-0.392396,-0.642082,-0.725816,-0.246766,-0.452006,0.098426,0.886583,-0.000206,-0.000677,-0.000467,-0.0,-0.0,-0.0,-1.001169,-0.093042,0.032461,0.327895,0.270619,0.296456,0.915899,-0.337306,0.920283,-0.198087,-0.901918,-0.255716,0.347875,0.00106,-0.004123,-0.003469,-0.065217,0.267473,-0.055235,-0.047925,0.046458,0.036496,-0.016663,-0.072319,-0.398483,0.914319,0.380646,-0.858359,-0.343986,0.921887,0.323156,0.213757,-0.000509,0.003449,-0.005685,-0.023012,0.193577,0.124817,-0.190031,0.081486,0.026814,-0.050211,-0.460327,0.800084,-0.384659,-0.768162,-0.576181,-0.279178,-0.445,0.166968,0.879827,-0.006616,0.000909,0.000583,-0.000994,0.014713,-0.029544,-0.910854
454,0.089072,0.009648,0.378872,-0.618845,0.680534,-0.392362,-0.641976,-0.725935,-0.246692,-0.451948,0.098371,0.886619,-0.000621,-0.002034,-0.001404,-0.0,-0.0,-0.0,-1.000533,-0.093052,0.032747,0.327628,0.272705,0.297892,0.914813,-0.335906,0.920493,-0.199483,-0.901814,-0.253277,0.349921,-0.002124,0.011161,-0.00779,0.064918,-0.097992,-0.043719,-0.150367,0.046453,0.036638,-0.016797,-0.074273,-0.400407,0.913322,0.379449,-0.858309,-0.345431,0.922226,0.320903,0.215683,-0.001111,0.005787,-0.00372,0.070027,-0.096823,-0.03978,-0.268901,0.081414,0.026801,-0.05022,-0.4605,0.799998,-0.384632,-0.768084,-0.576321,-0.279105,-0.444955,0.166902,0.879862,-0.006848,0.000148,5.8e-05,-0.00182,0.027604,-0.055299,-0.91118
455,0.089022,0.009621,0.378854,-0.618891,0.680499,-0.392352,-0.641945,-0.72597,-0.24667,-0.451931,0.098355,0.886629,-0.013675,0.000375,0.000168,-0.001827,0.027611,-0.055312,-0.99966,-0.093107,0.032979,0.327489,0.276292,0.295265,0.914589,-0.335242,0.921465,-0.196084,-0.900974,-0.252815,0.352412,-0.002323,0.011936,-0.007135,0.027729,-0.020222,0.035333,-0.225385,0.046426,0.036751,-0.016862,-0.078212,-0.398161,0.913975,0.379339,-0.859707,-0.342059,0.921945,0.319954,0.218277,-0.001213,0.006189,-0.003381,0.027665,-0.152379,0.246224,-0.325889,0.081394,0.026786,-0.05023,-0.460511,0.799993,-0.38463,-0.768079,-0.576329,-0.2791,-0.444952,0.166898,0.879864,-0.000169,-0.000551,-0.000379,-6e-06,-1e-05,3e-06,-0.91118
