frame,MLTx,MLTy,MLTz,MLTR1,MLTR2,MLTR3,MLTR4,MLTR5,MLTR6,MLTR7,MLTR8,MLTR9,MLTTVx,MLTTVy,MLTTVz,MLTRVx,MLTRVy,MLTRVz,MLGA,MRTx,MRTy,MRTz,MRTR1,MRTR2,MRTR3,MRTR4,MRTR5,MRTR6,MRTR7,MRTR8,MRTR9,MRTTVx,MRTTVy,MRTTVz,MRTRVx,MRTRVy,MRTRVz,MRGA,SLTx,SLTy,SLTz,SLTR1,SLTR2,SLTR3,SLTR4,SLTR5,SLTR6,SLTR7,SLTR8,SLTR9,SLTTVx,SLTTVy,SLTTVz,SLTRVx,SLTRVy,SLTRVz,SLGA,SRTx,SRTy,SRTz,SRTR1,SRTR2,SRTR3,SRTR4,SRTR5,SRTR6,SRTR7,SRTR8,SRTR9,SRTTVx,SRTTVy,SRTTVz,SRTRVx,SRTRVy,SRTRVz,SRGA
214,0.216431,-0.042802,0.336837,-0.754575,0.616721,-0.224315,-0.65324,-0.738577,0.166595,-0.061997,0.271468,0.960463,0.0,-1e-06,-1e-06,-0.0,0.0,-0.0,0.495708,-0.271129,-0.045556,0.344589,-0.69356,-0.716295,0.076737,0.713331,-0.668238,0.211069,-0.099041,0.202041,0.974286,-0.000452,0.008243,-0.01145,0.035848,-0.015487,0.015703,-0.269274,-0.009466,0.030899,0.014229,0.678244,0.731343,0.071561,-0.726809,0.653291,0.212033,0.108319,-0.195822,0.974638,0.007161,0.002574,-0.007256,0.035929,-0.018283,0.018826,-0.425986,0.110841,0.029316,-0.038194,0.787355,-0.574817,-0.222837,0.612069,0.772098,0.170979,0.073771,-0.271013,0.959744,-1e-06,5e-06,4e-06,0.001771,-0.001219,0.000606,0.483811
215,0.216441,-0.042794,0.336831,-0.754549,0.616745,-0.224337,-0.653267,-0.738561,0.16656,-0.062028,0.271458,0.960464,0.0,-0.0,-0.0,0.0,0.0,0.0,0.495788,-0.271017,-0.045374,0.344208,-0.693459,-0.716409,0.076585,0.713509,-0.668351,0.210108,-0.098469,0.201258,0.974506,-0.000386,0.008447,-0.011232,0.035845,-0.015498,0.015698,-0.305218,-0.00941,0.030989,0.014037,0.678135,0.731459,0.07141,-0.726998,0.653392,0.211072,0.107732,-0.19505,0.974858,0.007258,0.002868,-0.006941,0.037886,-0.030739,0.044821,-0.464523,0.110846,0.02932,-0.038198,0.787326,-0.574843,-0.222871,0.6121,0.772085,0.170927,0.07382,-0.270995,0.959745,-4e-06,4e-06,4e-06,2.2e-05,-4.3e-05,-1.3e-05,0.483484
216,0.216441,-0.042786,0.336824,-0.754539,0.616755,-0.224345,-0.653277,-0.738559,0.166531,-0.06205,0.271442,0.960467,0.0,-0.0,-0.0,0.0,0.0,0.0,0.496106,-0.270961,-0.045263,0.343993,-0.69874,-0.711053,0.078464,0.708631,-0.673236,0.211017,-0.096345,0.203954,0.974158,-0.000659,-0.00203,-0.002197,-0.203306,0.332903,0.17586,-0.325481,-0.009382,0.031049,0.013927,0.682752,0.727098,0.071959,-0.722914,0.657945,0.210956,0.106041,-0.19605,0.974843,-0.000298,0.003882,-0.005992,-0.33137,0.546664,0.208511,-0.483301,0.110846,0.029324,-0.038201,0.787316,-0.574854,-0.22288,0.612111,0.772083,0.170897,0.073841,-0.270977,0.959748,-4e-06,4e-06,3e-06,-9e-06,-2.5e-05,-2.4e-05,0.483648
217,0.216452,-0.042774,0.33679,-0.754427,0.616856,-0.224445,-0.653396,-0.73848,0.166413,-0.062162,0.271426,0.960464,2.4e-05,-0.000332,-0.000347,0.0,0.0,0.0,0.495816,-0.270779,-0.044999,0.343519,-0.700165,-0.709506,0.079765,0.707382,-0.674484,0.211225,-0.095188,0.205221,0.974006,-0.000476,0.008176,-0.011528,0.026519,-0.000295,0.023755,-0.367975,-0.009297,0.031175,0.013699,0.685013,0.724673,0.074869,-0.720996,0.659598,0.212352,0.104503,-0.199445,0.97432,-0.000353,0.003708,-0.006177,0.04113,-0.008051,0.004582,-0.524614,0.110851,0.029331,-0.038217,0.78721,-0.57496,-0.22298,0.612234,0.772012,0.17078,0.073952,-0.270956,0.959746,1.7e-05,-0.000251,-0.000263,-4e-06,-2e-05,-2e-05,0.483648
218,0.216452,-0.042775,0.336744,-0.754265,0.617001,-0.224591,-0.653569,-0.738357,0.166277,-0.062302,0.27143,0.960454,0.000101,-0.001382,-0.001442,-0.000848,0.012693,-0.02586,0.495836,-0.270524,-0.044772,0.34302,-0.708046,-0.701041,0.084872,0.699973,-0.681173,0.214416,-0.091615,0.212117,0.97287,0.014331,0.005227,-0.014443,0.218709,1.623592,5.670907,-0.409364,-0.009169,0.031292,0.013446,0.687811,0.721687,0.077985,-0.718564,0.661707,0.214026,0.102857,-0.203247,0.973709,-0.000395,0.003579,-0.006322,0.04791,-0.018987,-0.001456,-0.56609,0.110851,0.029332,-0.038238,0.787044,-0.575125,-0.223139,0.612429,0.771888,0.170639,0.0741,-0.270958,0.959734,8e-06,-0.000105,-0.000109,3e-06,1e-06,-1.5e-05,0.483648
219,0.216451,-0.042761,0.336685,-0.754081,0.617166,-0.224753,-0.653763,-0.738229,0.166082,-0.062486,0.271402,0.96045,4.7e-05,-0.000642,-0.000671,0.0,0.0,0.0,0.496141,-0.270177,-0.044589,0.342475,-0.710807,-0.697878,0.087813,0.697387,-0.683273,0.216155,-0.089959,0.215773,0.97222,0.013893,0.003874,-0.015924,-0.021397,0.074851,0.068643,-0.455801,-0.00899,0.031387,0.01317,0.695942,0.713299,0.082869,-0.711171,0.668637,0.217161,0.099491,-0.210066,0.972611,0.006949,0.001917,-0.007988,-0.004202,0.053213,0.07222,-0.611158,0.110851,0.029337,-0.03827,0.786883,-0.575287,-0.22329,0.612615,0.771783,0.17045,0.074275,-0.270915,0.959732,3.6e-05,-0.000473,-0.000493,2e-06,6e-06,-1.1e-05,0.483811
220,0.21645,-0.042749,0.336652,-0.753984,0.617254,-0.224838,-0.653865,-0.738164,0.16597,-0.062589,0.27138,0.960449,2.9e-05,-0.000398,-0.000415,0.0,0.0,0.0,0.496096,-0.269983,-0.044516,0.342207,-0.71626,-0.692087,0.08932,0.692059,-0.688382,0.217067,-0.087846,0.218173,0.971878,0.014049,0.004362,-0.0154,0.021846,-0.004757,0.058795,-0.481314,-0.008898,0.031421,0.01304,0.701656,0.707487,0.084493,-0.70583,0.673961,0.218127,0.097377,-0.212688,0.972255,0.006929,0.001854,-0.00806,0.045595,-0.02401,0.038719,-0.634182,0.110851,0.029342,-0.038287,0.786791,-0.575379,-0.223376,0.61272,0.771724,0.170338,0.074376,-0.270888,0.959732,1.8e-05,-0.000226,-0.000235,0.00588,-0.087623,0.178448,0.483811
221,0.21645,-0.042739,0.336572,-0.753908,0.617324,-0.224899,-0.653939,-0.738139,0.16579,-0.062727,0.271288,0.960467,0.000115,-0.001568,-0.001638,-0.000849,0.012703,-0.025855,0.496705,-0.269562,-0.044369,0.341638,-0.728084,-0.678974,0.09423,0.680244,-0.699034,0.220348,-0.082827,0.225397,0.970669,-0.001323,-0.004125,-0.004492,-0.050862,0.091583,0.016424,-0.533912,-0.008687,0.031496,0.012758,0.713688,0.694753,0.089255,-0.694319,0.684821,0.221222,0.092571,-0.219855,0.971129,0.006954,0.001929,-0.007988,-0.017848,0.074204,0.079801,-0.684965,0.11085,0.02935,-0.038324,0.786707,-0.575466,-0.223449,0.612811,0.771692,0.170153,0.074517,-0.270793,0.959748,1.5e-05,-0.000189,-0.000198,-1e-06,-5e-06,-3e-06,0.484791
222,0.216436,-0.042708,0.336486,-0.754363,0.617326,-0.223364,-0.653655,-0.737903,0.167945,-0.06021,0.271922,0.960448,3.3e-05,-0.000448,-0.000468,-0.017652,0.012259,-0.006229,0.497283,-0.269161,-0.04423,0.341108,-0.73569,-0.670015,0.099156,0.672473,-0.70545,0.223731,-0.079032,0.23213,0.969398,0.013896,-0.005812,-0.006065,-0.081475,0.119148,0.101339,-0.580135,-0.008488,0.031567,0.012486,0.721435,0.686056,0.094114,-0.686747,0.691367,0.224473,0.088934,-0.226576,0.969924,0.006957,0.001939,-0.007981,-0.056364,0.133136,0.105836,-0.734279,0.110844,0.029362,-0.038371,0.787182,-0.575431,-0.221861,0.612506,0.771443,0.172369,0.071967,-0.271577,0.959722,1.6e-05,-0.000201,-0.00021,-0.013173,0.009145,-0.004638,0.484954
223,0.216435,-0.042688,0.336433,-0.754441,0.61726,-0.223282,-0.653562,-0.738008,0.167848,-0.060244,0.271788,0.960484,4.9e-05,-0.000673,-0.000703,-0.0,0.0,-0.0,0.497011,-0.268965,-0.044147,0.340833,-0.73698,-0.668376,0.100623,0.671164,-0.706406,0.224644,-0.078142,0.233944,0.969034,0.014179,0.004775,-0.014983,-0.010818,0.04749,0.086969,-0.59845,-0.00839,0.031601,0.012356,0.722855,0.684348,0.095639,-0.685363,0.692419,0.225459,0.088071,-0.228522,0.969546,0.007122,0.002457,-0.007423,-0.03051,0.14964,-0.073498,-0.75616,0.110843,0.029373,-0.038397,0.787244,-0.575365,-0.221812,0.612417,0.771546,0.172224,0.072047,-0.271424,0.959759,-0.000335,0.00478,-0.004983,0.036616,-0.008399,0.021283,0.485117
224,0.216421,-0.042655,0.336333,-0.754439,0.617267,-0.223267,-0.65355,-0.738071,0.167621,-0.060386,0.271603,0.960527,9.9e-05,-0.001343,-0.001404,0.0,0.0,0.0,0.49677,-0.268616,-0.044002,0.340338,-0.744483,-0.659249,0.105492,0.663282,-0.712709,0.228116,-0.074267,0.24064,0.967698,0.014219,0.004906,-0.014851,0.129895,0.480148,1.720816,-0.635213,-0.008215,0.031678,0.012105,0.726434,0.679871,0.10034,-0.681857,0.694793,0.228764,0.085814,-0.2346,0.968296,0.007147,0.002542,-0.007336,-0.081899,0.159772,0.144532,-0.790451,0.110836,0.029391,-0.038445,0.787241,-0.575372,-0.221803,0.612404,0.771609,0.171987,0.072189,-0.271229,0.959803,5.7e-05,-0.000763,-0.000796,-0.000839,0.012694,-0.025844,0.485281
225,0.21643,-0.042609,0.336246,-0.75429,0.617405,-0.223392,-0.653701,-0.738001,0.167338,-0.060614,0.27148,0.960548,2e-05,-0.000275,-0.000288,0.0,0.0,0.0,0.497458,-0.268359,-0.043852,0.339938,-0.74579,-0.657555,0.106816,0.66193,-0.713772,0.228719,-0.073218,0.242119,0.967409,0.014605,0.006127,-0.013524,0.034311,-0.025013,0.048024,-0.677253,-0.008087,0.03175,0.011902,0.732087,0.673559,0.10181,-0.676105,0.700174,0.229428,0.083249,-0.236795,0.967985,-0.000248,0.004054,-0.005816,0.047962,-0.029835,0.018665,-0.813148,0.11084,0.029412,-0.038491,0.7871,-0.575517,-0.221929,0.612559,0.771548,0.171705,0.07241,-0.271093,0.959824,-0.000356,0.005047,-0.004705,0.035675,-0.007766,0.020949,0.485444
226,0.216417,-0.042589,0.336193,-0.754838,0.61732,-0.22177,-0.65331,-0.73783,0.169605,-0.057994,0.272136,0.960524,1.3e-05,-0.000183,-0.000191,-0.017655,0.01226,-0.006221,0.497139,-0.268134,-0.043737,0.339591,-0.748979,-0.653036,0.112094,0.6586,-0.715625,0.23251,-0.070681,0.248802,0.965901,0.014482,-0.003986,-0.0041,-0.24614,0.380434,0.243241,-0.719304,-0.007975,0.031811,0.011726,0.734517,0.670342,0.105474,-0.673683,0.701689,0.23191,0.081449,-0.241398,0.967002,-0.000217,0.004165,-0.005699,-0.237195,0.425827,0.267559,-0.816904,0.110834,0.029422,-0.038517,0.787646,-0.575405,-0.220273,0.612162,0.771346,0.174016,0.069777,-0.271906,0.95979,6e-06,-8.6e-05,-8.8e-05,-0.058789,0.040796,-0.020716,0.485444
227,0.216416,-0.042579,0.336173,-0.75483,0.617328,-0.221775,-0.653316,-0.737837,0.169551,-0.05803,0.272099,0.960532,5e-06,-6.7e-05,-7.1e-05,-0.0,0.0,-0.0,0.497277,-0.268031,-0.043671,0.339419,-0.749142,-0.652899,0.111806,0.658426,-0.715911,0.23212,-0.070568,0.248338,0.966029,0.01467,0.006343,-0.013296,0.034797,-0.025805,0.047605,-0.742301,-0.007923,0.031842,0.011644,0.735537,0.669011,0.106812,-0.672656,0.702374,0.232815,0.080734,-0.243092,0.966637,-0.000255,0.004041,-0.00583,0.047323,-0.018329,-0.006553,-0.826865,0.110834,0.029423,-0.038524,0.787639,-0.575406,-0.220295,0.612165,0.771357,0.173954,0.069832,-0.271871,0.959795,3e-06,-2.4e-05,-2.3e-05,0.000946,-0.000644,0.000328,0.485444
228,0.216417,-0.042584,0.336153,-0.754845,0.617315,-0.221758,-0.653297,-0.737858,0.169532,-0.058037,0.272072,0.96054,2.1e-05,-0.000283,-0.000296,0.0,0.0,0.0,0.497375,-0.267905,-0.043523,0.339168,-0.750299,-0.651304,0.11334,0.657217,-0.716743,0.232977,-0.069562,0.250122,0.965641,1e-05,0.009771,-0.009804,0.03533,-0.014712,0.016134,-0.777979,-0.007855,0.031913,0.011516,0.736717,0.667486,0.108208,-0.671474,0.703255,0.233568,0.079805,-0.244733,0.9663,-8.4e-05,-0.00028,-0.00031,0.006425,-0.008513,-0.001103,-0.829314,0.110834,0.029425,-0.038536,0.787642,-0.575403,-0.220293,0.612157,0.771376,0.173897,0.069868,-0.271823,0.959807,1e-05,-0.000139,-0.000149,5e-06,-2.6e-05,-4e-06,0.485607
229,0.216418,-0.042602,0.336134,-0.754703,0.617441,-0.221893,-0.653455,-0.73773,0.169479,-0.05812,0.27213,0.960518,5.7e-05,-0.000781,-0.000817,0.0,0.0,0.0,0.497642,-0.267782,-0.043391,0.338992,-0.751708,-0.649719,0.1131,0.655403,-0.717338,0.236232,-0.071411,0.252531,0.964879,0.000184,0.010327,-0.009195,0.035764,-0.015407,0.015758,-0.799097,-0.007793,0.031979,0.011428,0.738132,0.665968,0.107916,-0.669687,0.703886,0.236777,0.081725,-0.247043,0.965551,1.6e-05,3.9e-05,4e-05,0.002922,-0.003878,-0.001951,-0.829477,0.110834,0.029418,-0.038544,0.787506,-0.575537,-0.220429,0.612322,0.771258,0.173844,0.069954,-0.271877,0.959785,4.4e-05,-0.000599,-0.000627,1.9e-05,1e-05,-6e-06,0.48577
230,0.216418,-0.042608,0.336128,-0.754716,0.617429,-0.22188,-0.65344,-0.737742,0.169484,-0.058112,0.272125,0.96052,1.6e-05,-0.000215,-0.000225,0.0,0.0,0.0,0.497987,-0.267734,-0.043337,0.338944,-0.75263,-0.648314,0.115019,0.654442,-0.717772,0.237577,-0.070524,0.254907,0.964319,0.000117,0.000372,0.000408,-0.04077,0.064783,0.035183,-0.802951,-0.007769,0.03201,0.0114,0.738953,0.664725,0.109939,-0.66888,0.704179,0.238182,0.080909,-0.249541,0.964977,8.8e-05,0.000269,0.000293,-0.038641,0.065285,0.043026,-0.829477,0.110835,0.029413,-0.038549,0.787519,-0.575524,-0.220416,0.612307,0.771269,0.173849,0.069946,-0.271872,0.959787,1e-05,-0.000143,-0.00015,9e-06,4e-06,-6e-06,0.486097
231,0.216419,-0.04262,0.336115,-0.754469,0.617648,-0.222113,-0.653713,-0.737522,0.169392,-0.058255,0.272226,0.960483,1e-06,-1.8e-05,-1.9e-05,0.0,0.0,0.0,0.497697,-0.267683,-0.043255,0.338881,-0.752446,-0.6485,0.115168,0.654676,-0.717645,0.237314,-0.070305,0.25479,0.964366,2.8e-05,8.8e-05,9.6e-05,-9e-06,1.4e-05,8e-06,-0.810137,-0.007743,0.032052,0.01137,0.738867,0.66482,0.109951,-0.669004,0.704187,0.23781,0.080675,-0.249268,0.965068,1.7e-05,4.9e-05,5.2e-05,0.000873,-0.001715,-0.001611,-0.829477,0.110835,0.029406,-0.038556,0.787284,-0.575756,-0.22065,0.612591,0.771063,0.173757,0.070094,-0.271965,0.95975,-1e-06,1.1e-05,1.2e-05,1.3e-05,1.1e-05,-9e-06,0.486097
232,0.21642,-0.042626,0.336109,-0.75439,0.617717,-0.222186,-0.653799,-0.737452,0.169363,-0.0583,0.272258,0.960471,2e-06,-2.9e-05,-3e-05,0.0,0.0,0.0,0.497637,-0.267658,-0.043206,0.338842,-0.753084,-0.647355,0.117417,0.654054,-0.717765,0.238664,-0.069278,0.257356,0.963759,0.015017,-0.002267,-0.002227,-0.011976,0.0746,-0.14765,-0.82015,-0.007736,0.032078,0.011352,0.7396,0.663626,0.112211,-0.668308,0.704366,0.239232,0.079723,-0.251928,0.964456,-1e-06,-7e-06,-8e-06,0.00782,-0.009423,0.000905,-0.831437,0.110836,0.029404,-0.038559,0.787211,-0.575828,-0.220724,0.612681,0.770998,0.173728,0.070141,-0.271994,0.959738,-0.0,-3e-06,-7e-06,-4e-06,-1.1e-05,-8e-06,0.485934
233,0.216419,-0.04262,0.336115,-0.754103,0.617971,-0.222457,-0.654115,-0.737196,0.169256,-0.058465,0.272375,0.960428,-4e-05,0.000539,0.000564,0.0,0.0,0.0,0.497559,-0.267643,-0.043165,0.338826,-0.752984,-0.647455,0.117508,0.65418,-0.717686,0.238556,-0.069176,0.257325,0.963774,3.2e-05,0.000102,0.000111,-0.0,0.0,0.0,-0.830492,-0.007723,0.032098,0.011343,0.739394,0.663843,0.112283,-0.668548,0.704203,0.239042,0.079616,-0.251813,0.964495,1.7e-05,5.3e-05,5.7e-05,4.7e-05,-0.000523,-0.001156,-0.838295,0.110836,0.029406,-0.038557,0.786938,-0.576097,-0.220996,0.613011,0.77076,0.173622,0.070312,-0.272103,0.959695,-3.2e-05,0.000368,0.000385,-2.4e-05,-3.4e-05,-1e-05,0.485771
234,0.216419,-0.04262,0.336115,-0.754011,0.618051,-0.222543,-0.654216,-0.737114,0.169222,-0.058518,0.272413,0.960414,-1e-06,8e-06,8e-06,0.0,0.0,0.0,0.497087,-0.267619,-0.043122,0.338781,-0.753228,-0.6475,0.11568,0.653604,-0.717514,0.240643,-0.07187,0.257692,0.963479,0.000188,0.010342,-0.009178,0.034309,-0.016752,0.016182,-0.835324,-0.007717,0.032116,0.011325,0.739605,0.663918,0.110435,-0.667978,0.704006,0.241202,0.082391,-0.252163,0.96417,-2e-06,-9e-06,-8e-06,-0.012641,-0.010343,0.003079,-0.838621,0.110835,0.029407,-0.038555,0.786852,-0.576182,-0.221083,0.613116,0.770685,0.173588,0.070367,-0.272137,0.959681,-3e-06,4e-06,2e-06,-2e-06,-1.9e-05,-3e-06,0.485771
235,0.216419,-0.042614,0.336121,-0.753815,0.618224,-0.222727,-0.654432,-0.73694,0.169149,-0.058631,0.272493,0.960384,-1.5e-05,0.000203,0.000213,0.005871,-0.087848,0.178343,0.497571,-0.267573,-0.042956,0.33861,-0.754578,-0.645962,0.115485,0.651846,-0.718037,0.243831,-0.073637,0.260091,0.962701,-7.2e-05,-0.000228,-0.00025,-0.126933,0.202079,0.110016,-0.850521,-0.007688,0.032202,0.011235,0.740546,0.662986,0.109728,-0.666679,0.704298,0.24393,0.084441,-0.253795,0.963564,4.8e-05,0.005023,-0.004754,-0.169161,0.296584,0.140224,-0.838948,0.110835,0.02941,-0.038552,0.786753,-0.576279,-0.221181,0.613236,0.770597,0.173549,0.07043,-0.272177,0.959665,-1e-05,0.000129,0.000133,-4e-06,-8e-06,-8e-06,0.485934
236,0.216408,-0.042615,0.336121,-0.754284,0.618205,-0.22119,-0.654129,-0.736662,0.171514,-0.055978,0.273283,0.960318,-0.0,0.0,0.0,-0.196341,0.135886,-0.069271,0.49781,-0.267529,-0.042488,0.338185,-0.757744,-0.642437,0.114416,0.647741,-0.719681,0.249851,-0.07722,0.264253,0.961286,0.000437,0.020885,-0.018134,0.012607,0.062517,0.082517,-0.877113,-0.007667,0.032428,0.011029,0.744075,0.659076,0.109404,-0.662289,0.706113,0.250552,0.087881,-0.258887,0.961901,0.000137,0.005291,-0.004459,-0.016412,0.08142,0.079269,-0.836335,0.110829,0.02941,-0.038552,0.78694,-0.576384,-0.220239,0.613193,0.77027,0.175151,0.06869,-0.272883,0.959591,1e-06,-7e-06,-1.3e-05,-2.175405,1.421345,-0.592866,0.485934
237,0.216407,-0.042607,0.336114,-0.754273,0.618215,-0.221198,-0.654139,-0.73666,0.171485,-0.056,0.273267,0.960321,-0.0,0.0,0.0,-0.0,0.0,-0.0,0.497565,-0.267512,-0.042163,0.337895,-0.760337,-0.639149,0.115622,0.64459,-0.721025,0.254089,-0.078081,0.268536,0.960029,0.000196,0.010373,-0.009143,-0.081344,0.169851,0.117229,-0.890536,-0.007658,0.032595,0.010881,0.746594,0.65606,0.110369,-0.659309,0.707468,0.254556,0.088922,-0.262817,0.960738,0.000203,0.01037,-0.009149,-0.076625,0.20603,0.152079,-0.839275,0.110829,0.029414,-0.038555,0.787118,-0.576335,-0.21973,0.613054,0.770218,0.175861,0.067886,-0.27313,0.959578,1e-06,-2e-06,-6e-06,0.001184,-0.000834,0.000413,0.485934
238,0.216395,-0.0426,0.336108,-0.754277,0.618212,-0.221192,-0.654133,-0.736671,0.171462,-0.056013,0.273245,0.960327,-0.0,0.0,0.0,0.0,0.0,0.0,0.497475,-0.267467,-0.041339,0.337199,-0.766821,-0.630679,0.119249,0.636761,-0.724554,0.263612,-0.078889,0.278879,0.957009,0.000502,0.021092,-0.017903,-0.140165,0.301804,0.21482,-0.929405,-0.007636,0.032995,0.010543,0.752904,0.648294,0.113351,-0.65191,0.711026,0.263541,0.090256,-0.272316,0.957964,0.000281,0.010616,-0.008882,-0.310229,0.540523,0.277815,-0.839765,0.110823,0.029417,-0.038559,0.787119,-0.576332,-0.219732,0.613049,0.77023,0.175826,0.06791,-0.273103,0.959584,2e-06,-1e-06,-6e-06,2.8e-05,-1.4e-05,-3e-06,0.485444
239,0.216394,-0.042584,0.336094,-0.754256,0.618232,-0.221209,-0.654153,-0.736666,0.171403,-0.056057,0.273213,0.960334,-7e-06,9e-05,9.4e-05,0.0,0.0,0.0,0.497674,-0.267387,-0.040432,0.336425,-0.774058,-0.621612,0.120101,0.627469,-0.728389,0.275073,-0.082537,0.289073,0.95367,0.000462,0.020969,-0.018036,-0.030889,0.128418,0.119887,-0.98574,-0.007596,0.033445,0.01016,0.760828,0.638617,0.115365,-0.642159,0.715212,0.275868,0.093663,-0.283971,0.954247,0.007732,0.009365,-0.01012,-0.039789,0.153256,0.187625,-0.84352,0.110823,0.029425,-0.038566,0.787099,-0.576353,-0.219749,0.61307,0.770227,0.175768,0.067952,-0.273068,0.959591,-4e-06,6.8e-05,6.9e-05,-2e-06,-1.3e-05,-7e-06,0.485607
240,0.216393,-0.042569,0.33608,-0.754144,0.618332,-0.221312,-0.654274,-0.73658,0.171311,-0.056153,0.273218,0.960326,-0.0,2e-06,2e-06,0.0,0.0,0.0,0.497821,-0.267351,-0.039994,0.336059,-0.778234,-0.616303,0.120473,0.621909,-0.730241,0.282686,-0.085269,0.295703,0.951395,0.000583,0.021354,-0.017612,-0.245249,0.329601,0.278882,-1.016244,-0.007578,0.033675,0.009966,0.764754,0.634045,0.114613,-0.636988,0.717234,0.282524,0.096929,-0.289069,0.952388,0.00032,0.010735,-0.008749,-0.51864,0.383203,0.364064,-0.84548,0.110822,0.029433,-0.038573,0.786993,-0.576459,-0.219852,0.613196,0.770147,0.175676,0.068049,-0.273068,0.959584,0.0,-2e-06,-3e-06,-7e-06,-7e-06,-9e-06,0.48577
241,0.216391,-0.042546,0.33606,-0.753838,0.618603,-0.221595,-0.654607,-0.736328,0.171122,-0.056377,0.273282,0.960295,-0.0,0.0,0.0,0.0,0.0,0.0,0.497455,-0.267212,-0.039086,0.335287,-0.785064,-0.607086,0.122936,0.61316,-0.73399,0.291936,-0.08601,0.30534,0.948279,0.000991,0.032413,-0.025995,-0.114944,0.295114,0.238613,-1.066101,-0.007509,0.034123,0.009582,0.771986,0.624709,0.117371,-0.628079,0.721292,0.291981,0.097744,-0.299124,0.949194,0.000418,0.011042,-0.00841,-0.242169,0.424719,0.276272,-0.847766,0.110821,0.029444,-0.038583,0.786703,-0.576746,-0.220138,0.613542,0.769915,0.175487,0.068276,-0.27312,0.959553,3e-06,-1e-06,-4e-06,1.1e-05,3e-06,-2e-06,0.48577
242,0.216389,-0.042513,0.336019,-0.753615,0.618803,-0.221796,-0.654846,-0.736164,0.170913,-0.056584,0.273271,0.960286,0.0,-0.0,-0.0,0.0,0.0,0.0,0.497859,-0.267021,-0.038251,0.334543,-0.791473,-0.598117,0.125765,0.60479,-0.737137,0.301316,-0.086522,0.315306,0.944965,0.000512,0.021146,-0.017833,-0.08561,0.208891,0.166728,-1.11344,-0.007418,0.03454,0.009217,0.778755,0.615652,0.120467,-0.619571,0.724708,0.301542,0.098341,-0.309466,0.945811,0.000276,0.010596,-0.008894,-0.172032,0.336907,0.21503,-0.852828,0.11082,0.029461,-0.038603,0.786493,-0.576956,-0.22034,0.61379,0.769765,0.175279,0.068482,-0.273098,0.959544,1e-06,4e-06,3e-06,8e-06,-2e-06,-3e-06,0.485934
243,0.216374,-0.042459,0.335971,-0.753373,0.61902,-0.222012,-0.655102,-0.735998,0.170647,-0.056834,0.273227,0.960284,0.0,-0.0,-0.0,0.0,0.0,0.0,0.4978,-0.26675,-0.037557,0.333925,-0.797846,-0.588997,0.128516,0.596266,-0.740001,0.311126,-0.087148,0.325609,0.941407,0.000441,0.011173,-0.008258,-0.066196,0.139266,0.103456,-1.152014,-0.007278,0.034897,0.008895,0.78568,0.606152,0.123635,-0.610673,0.727972,0.311663,0.098912,-0.320368,0.942114,0.007837,0.009807,-0.009638,-0.013413,0.108246,0.166195,-0.863279,0.110813,0.029487,-0.038627,0.786263,-0.577185,-0.220557,0.614056,0.769613,0.175013,0.068729,-0.273041,0.959543,-2e-06,2e-06,3e-06,-7e-06,-1.5e-05,-6e-06,0.486097
244,0.216372,-0.042428,0.335944,-0.753239,0.61914,-0.222132,-0.655244,-0.735907,0.170496,-0.056975,0.2732,0.960283,0.0,-0.0,-0.0,0.0,0.0,0.0,0.498368,-0.266573,-0.037229,0.33361,-0.800121,-0.585328,0.131106,0.593506,-0.741346,0.313194,-0.085121,0.32915,0.940361,0.000321,0.010797,-0.008669,-0.042182,0.102377,0.082718,-1.174388,-0.007188,0.035062,0.008739,0.788111,0.602449,0.126234,-0.607859,0.729464,0.313668,0.096886,-0.323938,0.941103,0.007756,0.009563,-0.009906,0.012216,0.061112,0.141823,-0.877811,0.110812,0.029503,-0.038641,0.786136,-0.577312,-0.220678,0.614203,0.76953,0.174863,0.068868,-0.273007,0.959543,-0.00037,0.005189,-0.004555,0.035668,-0.007808,0.020932,0.48626
245,0.216356,-0.042367,0.335889,-0.752986,0.619367,-0.222356,-0.65551,-0.735738,0.1702,-0.057247,0.27314,0.960284,0.0,-0.0,-0.0,0.0,0.0,0.0,0.497821,-0.266164,-0.036626,0.333,-0.806834,-0.574517,0.137619,0.584807,-0.744196,0.322655,-0.081941,0.34154,0.936215,0.015385,0.018864,-0.020092,-0.321989,0.549999,0.401124,-1.215977,-0.006989,0.03536,0.008438,0.794024,0.593576,0.13112,-0.600437,0.732167,0.321566,0.094872,-0.334061,0.937764,0.000125,0.005255,-0.004497,-0.05186,0.131724,0.120843,-0.877485,0.110804,0.029534,-0.038668,0.785897,-0.577552,-0.220904,0.614479,0.769377,0.174567,0.069137,-0.272933,0.959545,-0.000368,0.005188,-0.004554,0.035684,-0.007786,0.020931,0.486587
246,0.216342,-0.042321,0.335848,-0.752662,0.619655,-0.22265,-0.655856,-0.735492,0.169929,-0.057528,0.27315,0.960264,0.0,-0.0,-0.0,0.0,0.0,0.0,0.49779,-0.265743,-0.036065,0.332437,-0.813092,-0.563522,0.146004,0.576897,-0.747023,0.330274,-0.076026,0.353488,0.932271,0.000589,0.021486,-0.017449,-0.202504,0.379504,0.266902,-1.252045,-0.006774,0.035639,0.008155,0.801021,0.581952,0.14034,-0.592012,0.735311,0.329906,0.088796,-0.347345,0.933523,0.007653,0.004417,-0.005308,-0.365235,0.534811,0.314856,-0.889078,0.110796,0.029557,-0.038689,0.785591,-0.577855,-0.221199,0.614839,0.76915,0.174297,0.069418,-0.272928,0.959526,1e-06,-1e-06,2e-06,2.6e-05,1.5e-05,-1e-06,0.48675
247,0.216329,-0.042298,0.335828,-0.752554,0.619752,-0.222746,-0.655971,-0.735417,0.169813,-0.057638,0.273133,0.960262,0.0,-0.0,-0.0,0.0,0.0,0.0,0.49832,-0.265489,-0.035826,0.332179,-0.81626,-0.557856,0.150026,0.572785,-0.748423,0.334235,-0.073146,0.359464,0.930214,0.015474,0.019259,-0.019667,-0.310368,0.527524,0.390423,-1.269289,-0.006652,0.03576,0.008027,0.803984,0.577027,0.143697,-0.588343,0.736777,0.333182,0.086382,-0.352417,0.931847,0.007641,0.004385,-0.005341,-0.018226,0.076119,0.137648,-0.884343,0.11079,0.029568,-0.038699,0.785488,-0.577957,-0.221297,0.614958,0.769082,0.174181,0.069527,-0.272905,0.959524,1e-06,-2e-06,2e-06,1.3e-05,1.8e-05,-5e-06,0.48675
248,0.216314,-0.04226,0.335793,-0.75215,0.620109,-0.223118,-0.656407,-0.735091,0.169537,-0.05795,0.273197,0.960225,0.0,-0.0,-0.0,0.0,0.0,0.0,0.498345,-0.264894,-0.035398,0.331672,-0.821327,-0.548473,0.156814,0.566132,-0.750576,0.340682,-0.068122,0.369285,0.926742,0.015133,0.008411,-0.011066,-0.229288,0.366772,0.274246,-1.301626,-0.00636,0.035975,0.007775,0.809568,0.567369,0.150633,-0.58135,0.7393,0.339804,0.081432,-0.362665,0.928354,0.00757,0.004196,-0.005555,-0.28562,0.473435,0.365548,-0.887609,0.110783,0.029587,-0.038716,0.785105,-0.578334,-0.22167,0.615411,0.768781,0.173905,0.069841,-0.272952,0.959488,2e-06,-2e-06,1e-06,0.005927,-0.088036,0.17824,0.48724
249,0.216278,-0.042224,0.335759,-0.752687,0.620032,-0.221514,-0.65602,-0.73491,0.171806,-0.055336,0.273858,0.960192,0.0,-0.0,-0.0,-0.0,0.0,-0.0,0.498809,-0.264245,-0.03504,0.331212,-0.825243,-0.540961,0.162253,0.560907,-0.752181,0.345748,-0.063956,0.377022,0.92392,0.015125,0.008439,-0.011046,-0.071608,0.206821,-0.04678,-1.325977,-0.00603,0.036157,0.007541,0.814339,0.558674,0.157271,-0.575292,0.741157,0.346012,0.076746,-0.372248,0.924954,0.015016,0.003134,-0.006624,-0.049399,0.099162,0.174171,-0.897406,0.110764,0.029605,-0.038733,0.785631,-0.578234,-0.220061,0.615027,0.768572,0.176176,0.067262,-0.273753,0.959444,0.0,0.0,1e-06,0.000491,-0.000354,0.000166,0.487403
250,0.216219,-0.042195,0.335719,-0.752723,0.620004,-0.221471,-0.655974,-0.734977,0.171693,-0.055394,0.273741,0.960222,6.4e-05,-0.000877,-0.000918,0.0,0.0,0.0,0.498641,-0.263496,-0.034703,0.330744,-0.828634,-0.53342,0.169764,0.556645,-0.753889,0.348901,-0.057086,0.384287,0.921373,0.01512,0.008486,-0.011006,-0.085052,0.226554,-0.035078,-1.338689,-0.005655,0.036326,0.007307,0.817838,0.551385,0.164664,-0.571164,0.742956,0.34898,0.070084,-0.379459,0.922549,0.015012,0.003171,-0.0066,-0.085542,0.138007,0.187039,-0.909653,0.110735,0.029621,-0.038752,0.785664,-0.578205,-0.220021,0.614979,0.768637,0.176059,0.067319,-0.273632,0.959475,3.6e-05,-0.000503,-0.000526,-1e-06,-1.2e-05,-1.5e-05,0.48773
251,0.216182,-0.042164,0.335678,-0.752637,0.620082,-0.221543,-0.656062,-0.734936,0.171535,-0.055523,0.273674,0.960233,-0.000694,0.009831,-0.009684,0.035669,-0.007825,0.020923,0.50012,-0.263092,-0.034541,0.33048,-0.827449,-0.534439,0.172321,0.558383,-0.751412,0.351459,-0.05731,0.387713,0.919922,0.029645,0.005184,-0.014449,-0.104658,0.1781,0.171225,-1.338511,-0.005458,0.03641,0.007179,0.816456,0.552708,0.167065,-0.573088,0.740373,0.351305,0.070478,-0.382569,0.921234,0.007562,0.004231,-0.005531,-0.156964,0.241484,0.185849,-0.912102,0.110717,0.029632,-0.038769,0.785593,-0.578277,-0.220086,0.615058,0.768603,0.17593,0.067422,-0.273576,0.959484,2.7e-05,-0.000361,-0.000376,2.2e-05,4e-06,-1e-05,0.488057
252,0.216063,-0.042091,0.335583,-0.753215,0.61861,-0.223684,-0.655292,-0.735354,0.17268,-0.056733,0.275869,0.959534,2.1e-05,-0.000287,-0.0003,-0.058193,-0.112057,-0.053469,0.500998,-0.262157,-0.03421,0.329869,-0.831442,-0.526573,0.177247,0.552841,-0.753146,0.356471,-0.05317,0.395042,0.917048,0.029494,0.004765,-0.01494,-0.027819,0.053217,0.132078,-1.340481,-0.004996,0.036568,0.006881,0.820784,0.544578,0.172476,-0.567381,0.742165,0.356748,0.066271,-0.390672,0.91814,0.014652,0.002024,-0.007878,-0.024635,0.076196,0.131244,-0.911613,0.110663,0.029672,-0.038821,0.785907,-0.577066,-0.222132,0.61452,0.768796,0.176962,0.068656,-0.275581,0.958822,-0.000349,0.004985,-0.004769,-0.060776,-0.187462,-0.056109,0.489526
253,0.215916,-0.041942,0.335375,-0.753827,0.617107,-0.225763,-0.654464,-0.735896,0.173513,-0.058129,0.27778,0.958899,-0.000607,0.008668,-0.010902,-0.03366,-0.126881,-0.067904,0.504445,-0.261089,-0.033853,0.329102,-0.834198,-0.51961,0.184691,0.549028,-0.752083,0.364517,-0.049456,0.406138,0.912397,0.029451,0.014637,-0.024648,-0.263896,0.433899,0.380324,-1.342808,-0.004468,0.036748,0.006498,0.822795,0.539616,0.178386,-0.564747,0.741063,0.363159,0.063771,-0.399549,0.91449,0.022023,0.005746,-0.013995,-0.011887,0.080373,0.194964,-0.911776,0.11059,0.029742,-0.038915,0.786446,-0.575568,-0.224101,0.613669,0.769288,0.177777,0.070076,-0.277336,0.958213,2.9e-05,-0.000365,-0.00038,-0.119998,-0.220397,-0.090311,0.492302
254,0.21583,-0.04184,0.335233,-0.75451,0.615529,-0.227783,-0.653564,-0.736443,0.174577,-0.059358,0.279821,0.95823,-0.000605,0.008649,-0.010922,-0.077017,-0.224686,-0.082839,0.505689,-0.260521,-0.033677,0.328684,-0.836341,-0.515425,0.186713,0.54594,-0.753163,0.366918,-0.047442,0.409456,0.911021,0.029028,0.003295,-0.01661,-0.126275,0.195635,0.216161,-1.345138,-0.004162,0.036843,0.006274,0.825859,0.533794,0.181711,-0.560568,0.742362,0.366962,0.060987,-0.40492,0.912315,0.014503,0.001563,-0.008416,-0.11871,0.189636,0.21784,-0.912755,0.11054,0.029796,-0.03899,0.787012,-0.574098,-0.225879,0.612802,0.769772,0.17867,0.071302,-0.279035,0.957629,-0.007849,0.003629,-0.005642,-0.144569,-0.303383,-0.160568,0.494425
255,0.21555,-0.041573,0.334797,-0.757127,0.610648,-0.232192,-0.65044,-0.737848,0.180224,-0.060332,0.286715,0.956128,-0.016337,0.016354,-0.021745,-0.038009,-0.193651,-0.112499,0.506677,-0.259243,-0.033328,0.327693,-0.841546,-0.504953,0.191866,0.538312,-0.755571,0.373183,-0.042414,0.417975,0.907393,0.028408,0.011212,-0.028479,-0.116985,0.2276,0.227299,-1.356663,-0.003533,0.037016,0.005793,0.83116,0.523776,0.186628,-0.553175,0.744939,0.372909,0.056294,-0.413186,0.908904,0.02168,0.00465,-0.015254,-0.184718,0.293867,0.283471,-0.919124,0.110406,0.029927,-0.039203,0.789417,-0.568866,-0.230675,0.609526,0.770954,0.184679,0.072782,-0.286391,0.955344,-0.000262,0.003848,-0.005955,-0.098183,-0.271238,-0.097547,0.498017
256,0.215186,-0.041247,0.33419,-0.760955,0.602131,-0.241727,-0.645401,-0.740756,0.186308,-0.065937,0.297029,0.952604,-0.015486,0.004226,-0.014482,-0.111401,-0.258225,-0.168384,0.505342,-0.257789,-0.033028,0.326523,-0.846033,-0.496137,0.195108,0.531545,-0.758098,0.377731,-0.038432,0.42391,0.904813,0.042796,0.007499,-0.032545,-0.006847,0.055466,0.164229,-1.385758,-0.002812,0.037167,0.005208,0.836128,0.514451,0.19034,-0.546054,0.747676,0.377895,0.052096,-0.419904,0.906071,0.021373,0.003599,-0.016461,0.012582,0.046539,0.178379,-0.926799,0.110218,0.030097,-0.039514,0.79283,-0.559993,-0.240473,0.604281,0.773576,0.190848,0.079151,-0.296623,0.951708,-0.007727,0.002031,-0.007321,-0.10302,-0.248567,-0.172089,0.497201
257,0.214757,-0.040806,0.333331,-0.767571,0.586468,-0.258719,-0.636412,-0.745461,0.198087,-0.075743,0.315964,0.945758,-0.000959,0.013824,-0.025509,-0.22394,-0.461619,-0.427222,0.503173,-0.256235,-0.032726,0.325152,-0.851248,-0.485313,0.199598,0.523516,-0.760696,0.383675,-0.0333,0.43171,0.901322,0.042146,0.005207,-0.035199,-0.145692,0.262923,0.25528,-1.403686,-0.002035,0.037319,0.004525,0.841237,0.504593,0.194178,-0.538569,0.750462,0.383079,0.047576,-0.426839,0.903074,0.021186,0.002939,-0.017258,-0.250835,0.362923,0.309662,-0.926962,0.110004,0.030313,-0.039934,0.798326,-0.54464,-0.256984,0.595515,0.777465,0.202259,0.089638,-0.314507,0.945013,-0.008023,0.006379,-0.012768,-0.321461,-0.708397,-0.335308,0.494915
258,0.214512,-0.040539,0.332773,-0.771995,0.575622,-0.269683,-0.630219,-0.748514,0.206211,-0.082206,0.328432,0.940958,-0.015946,0.010848,-0.027576,-0.322206,-0.728232,-0.373495,0.501988,-0.255466,-0.032549,0.324423,-0.854248,-0.478843,0.202388,0.518802,-0.762032,0.387407,-0.030207,0.436548,0.899097,0.042046,0.004842,-0.035671,-0.316415,0.502246,0.399615,-1.403565,-0.00165,0.037407,0.00416,0.843957,0.499218,0.196257,-0.534509,0.751884,0.385967,0.045119,-0.430641,0.901394,0.013668,0.003667,-0.016514,0.023715,0.050364,0.150568,-0.926799,0.109887,0.03045,-0.04021,0.802145,-0.533922,-0.267374,0.58929,0.780136,0.210057,0.096434,-0.326057,0.940418,-0.007937,0.005228,-0.013994,-0.501253,-0.900954,-0.653274,0.492955
259,0.213981,-0.039935,0.33152,-0.782925,0.548596,-0.293456,-0.614453,-0.755811,0.226208,-0.096731,0.356732,0.929201,-0.01655,0.019614,-0.038422,-0.525294,-1.050408,-0.762867,0.498912,-0.253991,-0.032111,0.322854,-0.859503,-0.467691,0.20618,0.510341,-0.764873,0.393007,-0.025024,0.443605,0.895797,0.041951,0.004481,-0.03621,-0.096699,0.178332,0.239812,-1.40413,-0.000897,0.037626,0.00336,0.850148,0.486559,0.201263,-0.525078,0.75493,0.392901,0.039231,-0.439703,0.897285,0.020972,0.002139,-0.018244,-0.082543,0.167481,0.241617,-0.927125,0.109622,0.030747,-0.040834,0.811381,-0.507411,-0.290161,0.573712,0.786332,0.229204,0.111862,-0.352441,0.929124,-0.008275,0.010156,-0.018832,-0.346649,-0.730279,-0.570671,0.48871
260,0.21332,-0.039242,0.330052,-0.796588,0.514718,-0.317111,-0.593865,-0.764457,0.250803,-0.112338,0.387463,0.91503,-0.016431,0.017797,-0.040404,-0.597644,-1.04511,-0.986832,0.495494,-0.252616,-0.031614,0.32116,-0.865362,-0.454488,0.211143,0.500636,-0.767619,0.400072,-0.018663,0.452488,0.891499,0.026862,0.015993,-0.044222,-0.278322,0.472498,0.407193,-1.403799,-0.00022,0.037868,0.002529,0.855717,0.475052,0.205114,-0.516333,0.757991,0.398558,0.033861,-0.446961,0.893911,0.02078,0.006544,-0.023746,0.072496,0.017582,0.162192,-0.927778,0.109291,0.031095,-0.041567,0.823331,-0.472847,-0.313911,0.552654,0.793849,0.253726,0.129225,-0.382385,0.914922,-0.008201,0.009108,-0.01997,-0.419212,-0.821687,-0.651166,0.484301
261,0.212954,-0.038879,0.329254,-0.802894,0.4969,-0.329387,-0.583275,-0.769017,0.261487,-0.122377,0.401447,0.907684,-0.016392,0.017167,-0.04111,1.432058,-2.423637,0.302082,0.494965,-0.251952,-0.031369,0.320268,-0.868051,-0.449857,0.210017,0.495944,-0.768787,0.403658,-0.019039,0.455121,0.890149,0.041481,0.012978,-0.04765,-0.057305,0.165903,0.225683,-1.40413,0.000106,0.037993,0.002086,0.859045,0.469069,0.204977,-0.510796,0.759189,0.403383,0.033598,-0.451226,0.891776,0.013302,0.007414,-0.02282,-0.096317,0.235176,0.21825,-0.928105,0.109108,0.031276,-0.041966,0.829907,-0.453223,-0.325332,0.540503,0.797659,0.267574,0.138234,-0.397905,0.906952,-0.008173,0.008732,-0.020389,-0.476468,-0.857705,-0.942983,0.482178
262,0.212129,-0.038135,0.327531,-0.815401,0.457936,-0.354207,-0.561586,-0.774333,0.291551,-0.139752,0.436074,0.889008,-0.017045,0.026849,-0.051033,-0.469396,-0.757103,-1.031323,0.491079,-0.25066,-0.030885,0.318395,-0.873959,-0.440501,0.205297,0.485313,-0.770914,0.412428,-0.022309,0.460635,0.887232,0.026008,0.012768,-0.048077,0.035995,0.049862,0.116354,-1.404341,0.000759,0.038236,0.00115,0.865357,0.459296,0.200508,-0.499808,0.761631,0.412443,0.03672,-0.457126,0.888643,0.020453,0.005281,-0.025299,0.070903,0.024541,0.153566,-0.929085,0.108702,0.031636,-0.04281,0.839213,-0.414672,-0.351805,0.519782,0.801816,0.294815,0.159832,-0.430275,0.888434,-0.008152,0.008284,-0.020899,-0.197626,-0.798797,-0.662259,0.478422
263,0.211284,-0.03743,0.325748,-0.82364,0.413656,-0.38801,-0.540706,-0.779212,0.31692,-0.170226,0.470308,0.865945,-0.032081,0.024285,-0.052838,-0.678708,-1.108438,-1.206761,0.484757,-0.249372,-0.030423,0.316317,-0.879876,-0.429168,0.204021,0.47453,-0.773104,0.420793,-0.021755,0.467602,0.883594,0.04025,0.008167,-0.053517,-0.259667,0.446127,0.369139,-1.404567,0.001413,0.038473,9.5e-05,0.870953,0.449663,0.198096,-0.489959,0.764284,0.419295,0.03714,-0.462246,0.885972,0.020127,0.00398,-0.0269,-0.207882,0.412158,0.366956,-0.929901,0.108279,0.031996,-0.043716,0.845387,-0.370185,-0.385075,0.498468,0.805817,0.319668,0.191964,-0.462191,0.865753,-0.008066,0.007167,-0.022167,-0.794268,-1.514768,-1.240593,0.471727
264,0.210394,-0.036756,0.323886,-0.828851,0.359821,-0.428462,-0.516061,-0.787531,0.336821,-0.215205,0.499836,0.838974,-0.016927,0.024713,-0.05355,-0.253808,-1.300825,-1.059474,0.473774,-0.247981,-0.029991,0.314053,-0.883722,-0.420092,0.206275,0.467541,-0.77571,0.423808,-0.016917,0.471502,0.881626,0.024864,0.008167,-0.053791,0.012286,0.092426,0.110315,-1.404504,0.002083,0.038678,-0.000994,0.875416,0.439333,0.201575,-0.482334,0.766682,0.423735,0.031616,-0.468171,0.883071,0.019995,0.003366,-0.027741,0.023852,-0.013141,0.368529,-0.922716,0.107828,0.032332,-0.044649,0.848166,-0.315287,-0.425683,0.472975,0.81261,0.340524,0.238552,-0.490159,0.838352,-0.015642,0.00638,-0.022543,0.67225,-2.778255,-0.010448,0.459644
265,0.209908,-0.03648,0.32298,-0.828438,0.336529,-0.447753,-0.508006,-0.788162,0.347421,-0.234958,0.514856,0.824466,-0.031332,0.011994,-0.046035,0.596074,-2.592904,-0.041492,0.469807,-0.247268,-0.029803,0.31294,-0.886173,-0.413593,0.208877,0.463006,-0.776645,0.427063,-0.013292,0.475685,0.879438,0.039711,0.005796,-0.056692,-0.152046,0.297188,0.279273,-1.404411,0.002449,0.03878,-0.001574,0.877706,0.433811,0.203566,-0.478347,0.767849,0.426134,0.028554,-0.471396,0.881458,0.019872,0.002836,-0.028439,-0.273419,0.415584,0.316551,-0.921736,0.10759,0.032476,-0.045103,0.84751,-0.292152,-0.443138,0.464216,0.812784,0.351971,0.257347,-0.504012,0.824465,-0.008081,0.006888,-0.022553,-0.6467,-0.598942,-1.095155,0.452622
266,0.208852,-0.036101,0.321244,-0.829214,0.283374,-0.481819,-0.48475,-0.793774,0.367303,-0.277345,0.537778,0.79618,-0.031324,0.010986,-0.047316,0.540764,-2.611275,0.296088,0.463067,-0.245621,-0.029398,0.310578,-0.892006,-0.399953,0.210604,0.451786,-0.77873,0.435203,-0.008935,0.483856,0.875023,0.039871,0.006191,-0.056576,-0.288225,0.471977,0.393353,-1.405072,0.003272,0.03898,-0.002758,0.883586,0.42111,0.204795,-0.46761,0.770323,0.433523,0.024803,-0.47882,0.877562,0.020022,0.008611,-0.032479,0.122697,0.006557,0.154362,-0.921736,0.107063,0.032666,-0.04597,0.84588,-0.238493,-0.477081,0.440163,0.8173,0.371855,0.301234,-0.524538,0.796314,-0.015305,0.000425,-0.018962,-0.444162,-0.466486,-1.233819,0.442172
267,0.207622,-0.035896,0.319583,-0.826112,0.23468,-0.512358,-0.465526,-0.796585,0.38563,-0.316614,0.556794,0.767961,-0.030765,0.001052,-0.037937,0.506379,-2.267448,0.343373,0.458152,-0.243739,-0.028963,0.30819,-0.896634,-0.388164,0.212995,0.442625,-0.781271,0.440036,-0.003272,0.489319,0.872021,0.040181,0.017923,-0.064446,-0.00685,0.133365,0.203462,-1.404809,0.004212,0.039192,-0.00395,0.889007,0.407822,0.208199,-0.457525,0.772912,0.439633,0.018372,-0.486093,0.873713,0.027635,0.002749,-0.028934,-0.054203,0.159398,0.240244,-0.927942,0.106448,0.032769,-0.046808,0.840312,-0.189201,-0.508013,0.420469,0.818976,0.390491,0.34217,-0.541738,0.767749,-0.015661,0.005638,-0.023579,-0.585868,-0.705541,-1.146273,0.433517
268,0.206953,-0.035856,0.318838,-0.824356,0.212977,-0.524521,-0.457362,-0.796596,0.395255,-0.332631,0.565459,0.754745,-0.030157,-0.009641,-0.029296,-0.738374,-0.52267,-1.236567,0.459091,-0.242733,-0.028714,0.307018,-0.9015,-0.3758,0.214624,0.432649,-0.784984,0.443338,0.003004,0.493,0.869946,0.055769,0.018498,-0.064006,0.032193,0.056836,0.227771,-1.4051,0.004709,0.039313,-0.00454,0.89421,0.395299,0.210061,-0.447485,0.776789,0.443118,0.011991,-0.49024,0.871504,0.027792,0.003323,-0.028355,0.02283,0.080127,0.206082,-0.927941,0.106125,0.032789,-0.047166,0.835941,-0.168968,-0.52216,0.413759,0.819098,0.397342,0.360562,-0.548203,0.754629,-0.022978,0.000353,-0.018677,-0.133466,-0.820785,-0.571426,0.431395
269,0.205624,-0.035962,0.317492,-0.813795,0.184024,-0.551288,-0.452999,-0.795108,0.403195,-0.363128,0.577619,0.73111,-0.046084,-0.000107,-0.038537,-0.001816,-0.923745,0.217941,0.459487,-0.240542,-0.028152,0.304741,-0.909371,-0.353939,0.218546,0.415668,-0.789337,0.451776,0.013749,0.502121,0.864609,0.056371,0.010106,-0.052889,-0.148652,0.629325,0.827187,-1.405347,0.005804,0.039596,-0.005683,0.901936,0.37566,0.213049,-0.431861,0.781595,0.450114,0.002571,-0.497983,0.867182,0.028359,0.011181,-0.029917,0.148215,1.168742,1.94124,-0.927778,0.105454,0.032737,-0.047852,0.824752,-0.137843,-0.548435,0.40786,0.816783,0.408061,0.391705,-0.560234,0.729865,-0.015083,-0.005416,-0.015392,0.629902,-2.137207,1.237234,0.431721
270,0.20426,-0.036364,0.316275,-0.800419,0.17086,-0.574614,-0.459599,-0.790332,0.405111,-0.383927,0.588136,0.711845,-0.045619,-0.010343,-0.029531,0.865187,-2.118016,1.939799,0.4575,-0.238208,-0.027449,0.302569,-0.914617,-0.333963,0.227894,0.403119,-0.794554,0.453997,0.030606,0.507522,0.861015,0.057071,0.024163,-0.057901,-0.02553,0.125441,0.275369,-1.405628,0.006992,0.039951,-0.006789,0.908271,0.353787,0.223331,-0.418098,0.787115,0.453479,-0.015352,-0.505257,0.862832,0.0286,0.012197,-0.028851,0.014479,0.092287,0.279553,-0.929248,0.104755,0.032534,-0.048477,0.810903,-0.124972,-0.571679,0.414423,0.81237,0.410253,0.413145,-0.569593,0.710544,-0.022789,-0.005086,-0.014649,0.938239,-2.044447,1.962768,0.429109
