frame,MLTx,MLTy,MLTz,MLTR1,MLTR2,MLTR3,MLTR4,MLTR5,MLTR6,MLTR7,MLTR8,MLTR9,MLTTVx,MLTTVy,MLTTVz,MLTRVx,MLTRVy,MLTRVz,MLGA,MRTx,MRTy,MRTz,MRTR1,MRTR2,MRTR3,MRTR4,MRTR5,MRTR6,MRTR7,MRTR8,MRTR9,MRTTVx,MRTTVy,MRTTVz,MRTRVx,MRTRVy,MRTRVz,MRGA,SLTx,SLTy,SLTz,SLTR1,SLTR2,SLTR3,SLTR4,SLTR5,SLTR6,SLTR7,SLTR8,SLTR9,SLTTVx,SLTTVy,SLTTVz,SLTRVx,SLTRVy,SLTRVz,SLGA,SRTx,SRTy,SRTz,SRTR1,SRTR2,SRTR3,SRTR4,SRTR5,SRTR6,SRTR7,SRTR8,SRTR9,SRTTVx,SRTTVy,SRTTVz,SRTRVx,SRTRVy,SRTRVz,SRGA
1287,0.133191,0.01602,0.451127,0.179417,0.803716,-0.567359,-0.982741,0.120343,-0.14039,-0.044787,0.581758,0.812144,-0.000424,0.005776,-0.011831,3.351348,0.246962,-4.883611,0.30364,-0.129527,0.030079,0.397915,-0.364562,0.706615,0.60645,-0.895748,-0.088061,-0.435677,-0.253965,-0.702928,0.664271,0.055047,0.043352,-0.025483,0.294548,0.922809,0.070206,0.173181,0.031012,0.056555,-0.012863,0.513884,-0.621978,0.590817,0.843558,0.241145,-0.479851,0.155984,0.744977,0.648595,0.027561,0.021684,-0.012801,0.308387,0.929304,0.063204,0.039392,0.076271,0.044285,-0.045459,0.377166,0.760011,-0.52927,-0.922988,0.355598,-0.147112,0.076401,0.543996,0.835601,-5.3e-05,0.003852,-0.005551,0.915132,-0.425315,-1.153882,0.170456
1288,0.133163,0.016534,0.450262,0.107642,0.805759,-0.582419,-0.987894,0.021006,-0.153612,-0.111682,0.590903,0.798992,-0.00082,0.011704,-0.023582,0.192727,-0.354463,0.240698,0.33716,-0.127472,0.03148,0.397237,-0.313026,0.708171,0.632851,-0.909213,-0.030767,-0.415113,-0.274079,-0.706211,0.652695,0.057209,0.026208,-0.005225,0.407264,-0.256944,1.456878,0.171615,0.032019,0.057242,-0.013202,0.466037,-0.631189,0.620007,0.867551,0.188446,-0.460263,0.173675,0.752388,0.635412,0.027856,0.017788,-0.007394,1.424273,-2.419944,5.098056,0.045271,0.076258,0.044553,-0.045893,0.302632,0.780454,-0.547087,-0.953043,0.25443,-0.164235,0.011017,0.571101,0.820805,-0.000408,0.005826,-0.011809,0.197583,-0.282639,0.264843,0.234956
1289,0.133206,0.017167,0.449122,0.0773,0.795311,-0.601292,-0.986262,-0.027197,-0.162852,-0.145975,0.604632,0.783032,0.011128,0.02005,-0.034928,0.130876,-0.60571,0.205066,0.324434,-0.125194,0.032729,0.396902,-0.26841,0.706278,0.655071,-0.919708,0.014454,-0.392252,-0.286142,-0.708631,0.644847,0.056564,0.029155,-0.003716,-0.174996,0.448353,0.190903,0.16568,0.033158,0.057865,-0.01337,0.421719,-0.63821,0.644081,0.887487,0.144984,-0.43743,0.18579,0.756086,0.627546,0.028285,0.014742,-0.001826,-0.6821,0.403882,0.418498,0.040861,0.076274,0.044858,-0.046451,0.27118,0.778703,-0.565757,-0.962336,0.207621,-0.175502,-0.019201,0.592042,0.805677,-0.000385,0.005925,-0.011757,0.258311,-0.605184,-0.38643,0.250959
1290,0.133195,0.017502,0.448568,0.048923,0.791772,-0.608893,-0.984081,-0.06597,-0.164938,-0.170831,0.606286,0.776699,-0.000373,0.022743,-0.03331,3.4677,0.595048,-4.152865,0.312337,-0.12397,0.033277,0.396906,-0.251447,0.701977,0.666329,-0.926523,0.024571,-0.375348,-0.279514,-0.712616,0.643361,0.056059,0.031677,-0.002441,-0.617986,0.715452,0.753155,0.166365,0.033771,0.058136,-0.013369,0.405843,-0.638415,0.654,0.896065,0.137109,-0.422217,0.17988,0.757381,0.627707,0.034679,0.012034,0.003596,-2.085091,-0.388602,1.685463,0.038902,0.076273,0.045031,-0.046742,0.244116,0.7809,-0.574979,-0.968864,0.171132,-0.178926,-0.041326,0.600756,0.798362,-0.000143,0.011308,-0.016621,3.482905,0.687212,-4.114014,0.240835
1291,0.133076,0.018319,0.447469,0.015241,0.781467,-0.623797,-0.978912,-0.115356,-0.168515,-0.203675,0.61224,0.764007,-0.011527,0.027455,-0.030886,0.116037,-0.237604,0.129867,0.300738,-0.12145,0.034077,0.397186,-0.242936,0.692424,0.679354,-0.934086,0.021995,-0.356277,-0.261304,-0.721982,0.640566,0.069629,0.020933,0.005739,-0.196369,0.368739,0.172216,0.179992,0.035025,0.05855,-0.013228,0.395657,-0.629078,0.669115,0.904541,0.140847,-0.402449,0.158929,0.764475,0.624754,0.03485,0.010318,0.002746,-0.668895,0.186285,0.803084,0.046413,0.076217,0.045427,-0.047281,0.207876,0.779757,-0.590564,-0.975445,0.120346,-0.184452,-0.072756,0.614406,0.785627,-0.005782,0.00936,-0.010127,0.14794,-0.15802,0.051857,0.218137
1292,0.13273,0.019226,0.446513,-0.035978,0.77131,-0.635478,-0.968517,-0.183577,-0.168066,-0.246254,0.608466,0.754424,-0.0114,0.019772,-0.019806,3.561061,0.621286,-4.059055,0.322837,-0.118788,0.034565,0.397657,-0.207963,0.695614,0.687651,-0.934066,0.067474,-0.350574,-0.289973,-0.716077,0.634832,0.071047,0.010754,0.015012,1.108756,-0.518115,1.092627,0.167022,0.036356,0.058796,-0.012996,0.363298,-0.637187,0.67971,0.912884,0.097681,-0.396358,0.186159,0.764493,0.617165,0.035509,0.004987,0.007394,3.782179,-1.937026,3.509783,0.048209,0.076045,0.045886,-0.047762,0.160563,0.781707,-0.602622,-0.980728,0.057497,-0.186722,-0.111313,0.620989,0.775874,-0.005609,0.01449,-0.015125,0.084634,-0.298453,-0.092584,0.226465
1293,0.13256,0.019597,0.44612,-0.056911,0.766106,-0.640225,-0.962528,-0.212333,-0.168604,-0.265046,0.605687,0.750281,-0.011447,0.019433,-0.019923,1.100696,0.033537,-1.322832,0.330604,-0.117443,0.03474,0.397956,-0.198355,0.694172,0.691934,-0.93583,0.075765,-0.344116,-0.291023,-0.716647,0.633708,0.072644,0.000196,0.024099,-0.061956,0.156302,0.276429,0.165379,0.037027,0.058888,-0.01285,0.352994,-0.638715,0.683694,0.916395,0.088633,-0.390337,0.188716,0.76432,0.616603,0.035594,0.004905,0.00722,-0.020324,0.245311,0.340406,0.043148,0.07596,0.046074,-0.047958,0.136121,0.782282,-0.607869,-0.981738,0.024206,-0.18869,-0.132894,0.622453,0.771291,0.000132,0.008883,-0.010509,3.601306,0.56423,-4.038965,0.239855
1294,0.132308,0.020303,0.445461,-0.091984,0.753188,-0.651377,-0.951685,-0.258895,-0.16505,-0.292845,0.603787,0.741424,-0.010993,0.013782,-0.008102,-0.021458,-0.355735,-0.129877,0.316853,-0.114757,0.034925,0.39872,-0.188898,0.694779,0.693968,-0.938118,0.081265,-0.33655,-0.289958,-0.715455,0.63554,0.060724,-0.001439,0.024092,-0.06015,-0.067852,0.134714,0.16546,0.038375,0.058981,-0.012468,0.343841,-0.640549,0.686636,0.920069,0.083621,-0.382727,0.187738,0.76335,0.618102,0.036314,7.6e-05,0.012,-0.048644,-0.196876,0.326939,0.040372,0.075833,0.046425,-0.048293,0.097952,0.778724,-0.619671,-0.982008,-0.025382,-0.187124,-0.161447,0.626851,0.762227,0.000475,0.011049,-0.009716,0.003145,-0.514025,-0.096498,0.243937
1295,0.132274,0.020951,0.445181,-0.106933,0.745682,-0.657699,-0.953377,-0.264582,-0.145051,-0.282052,0.610597,0.74003,-0.010017,0.011265,0.004892,-0.63834,0.212976,-0.528319,0.290726,-0.112203,0.034787,0.399734,-0.164247,0.701257,0.693723,-0.939778,0.102501,-0.325952,-0.299449,-0.70635,0.641298,0.060701,-0.001258,0.024216,-0.039611,-0.168913,0.317399,0.155713,0.039675,0.05891,-0.011953,0.320722,-0.651622,0.687404,0.926024,0.063212,-0.372133,0.199038,0.755905,0.623691,0.030343,-0.000628,0.012059,-0.036787,-0.169369,0.313947,0.033187,0.075815,0.046745,-0.04844,0.082257,0.774306,-0.627441,-0.98533,-0.031272,-0.167769,-0.149527,0.632037,0.760375,0.000916,0.009563,-0.003304,-2.042708,0.811112,-1.438555,0.22026
1296,0.132239,0.021468,0.445322,-0.127377,0.744394,-0.655514,-0.956572,-0.266837,-0.117221,-0.262024,0.611189,0.746873,-0.009388,0.014909,0.006266,-0.015972,0.012362,-0.0158,0.280612,-0.109849,0.034468,0.400976,-0.130268,0.708988,0.693078,-0.942892,0.127597,-0.307582,-0.306315,-0.694444,0.650985,0.06033,0.000683,0.02522,-2.050891,-0.962722,1.831953,0.154284,0.04083,0.058749,-0.011342,0.290647,-0.66452,0.68843,0.933473,0.038924,-0.356528,0.210124,0.746255,0.631625,0.030972,-0.004674,0.017258,-0.079405,-0.158757,0.281217,0.027145,0.075794,0.04701,-0.048367,0.061669,0.778339,-0.624807,-0.989657,-0.033547,-0.13947,-0.129516,0.626947,0.76822,-0.00465,0.007717,0.003235,0.000263,0.01276,0.001061,0.189725
1297,0.132123,0.02179,0.445453,-0.148516,0.74132,-0.654547,-0.950703,-0.28917,-0.111872,-0.272031,0.604743,0.748539,-0.008988,0.017199,0.007121,0.3278,0.052178,-0.347539,0.28804,-0.108752,0.034296,0.401597,-0.123086,0.710729,0.692608,-0.945508,0.128042,-0.299256,-0.30119,-0.692581,0.655347,0.05026,-0.011939,0.034121,-0.098728,-0.064139,0.077985,0.15428,0.041382,0.058669,-0.011034,0.281907,-0.668324,0.688382,0.937525,0.039407,-0.345677,0.203897,0.742825,0.63768,0.031039,-0.004969,0.017129,-0.090314,-0.076398,0.101294,0.026492,0.07574,0.047164,-0.048304,0.040837,0.780201,-0.624194,-0.989225,-0.056331,-0.13513,-0.14059,0.622987,0.769494,-0.00455,0.008275,0.003443,1.096872,0.251017,-1.435635,0.192174
1298,0.131964,0.022407,0.445742,-0.165403,0.738259,-0.653957,-0.944915,-0.308473,-0.109325,-0.282241,0.598933,0.749431,0.002677,0.015916,0.006024,-0.007329,0.044635,-0.133811,0.250281,-0.106615,0.034016,0.402854,-0.095035,0.716781,0.690785,-0.953673,0.133448,-0.269506,-0.285214,-0.685284,0.670002,0.061566,-0.007244,0.035731,0.880616,-0.68805,1.550674,0.151631,0.042447,0.058525,-0.010408,0.256815,-0.678826,0.687924,0.94781,0.037744,-0.31659,0.188945,0.733327,0.653092,0.024812,-0.004828,0.017733,3.081717,-1.845859,4.320767,0.024859,0.075657,0.047478,-0.048157,0.023473,0.781108,-0.623954,-0.98806,-0.076934,-0.133482,-0.152267,0.619638,0.769976,0.001263,0.007528,0.002849,-0.000404,-0.00929,0.029192,0.184173
1299,0.132154,0.022737,0.446237,-0.174933,0.741817,-0.647419,-0.945586,-0.309744,-0.099491,-0.274129,0.593863,0.756444,0.002327,0.005644,0.016008,-0.032472,0.150265,-0.153776,0.094697,-0.104544,0.033854,0.40427,-0.034323,0.726144,0.686679,-0.959604,0.16805,-0.225506,-0.279077,-0.667581,0.690155,0.048707,-0.004667,0.037806,0.258454,-0.427472,0.977068,0.14688,0.043488,0.05844,-0.009702,0.197857,-0.699248,0.686952,0.962073,0.004265,-0.272757,0.187795,0.714866,0.673572,0.023353,0.003268,0.014444,1.072743,-0.630998,1.677954,0.018817,0.075753,0.047653,-0.047906,0.014863,0.78684,-0.616977,-0.989223,-0.078314,-0.123705,-0.145654,0.612167,0.777197,0.00116,0.002843,0.008009,-0.033192,0.103733,-0.159423,0.035905
1300,0.132142,0.022886,0.446556,-0.193184,0.745013,-0.638499,-0.94234,-0.322068,-0.090765,-0.273029,0.583222,0.765071,-0.009055,0.008275,0.017548,0.025419,0.348457,-0.159798,0.051521,-0.103549,0.033858,0.404973,-0.010558,0.729819,0.683553,-0.963307,0.175926,-0.202544,-0.268036,-0.661516,0.700298,0.048184,-0.002438,0.038912,-0.109647,-0.424885,0.873404,0.147683,0.043986,0.05844,-0.009351,0.174848,-0.707185,0.685067,0.968206,-0.002926,-0.250134,0.178896,0.707021,0.684189,0.024105,-0.001347,0.019355,-0.245998,-0.403283,0.797259,0.018001,0.075751,0.047722,-0.047754,-0.002209,0.79368,-0.60833,-0.989106,-0.091271,-0.11549,-0.147185,0.601448,0.785236,-0.004458,0.004604,0.008947,0.108069,0.389354,-0.192698,-0.052109
1301,0.131796,0.023381,0.447264,-0.231987,0.751273,-0.617913,-0.933394,-0.35067,-0.076009,-0.273506,0.558188,0.783357,-0.007924,0.022975,0.009103,0.048731,0.491607,-0.233521,0.015761,-0.101657,0.034176,0.406232,0.038285,0.733807,0.678272,-0.96579,0.201382,-0.163187,-0.256362,-0.649733,0.715534,0.045636,0.010703,0.030963,-0.011838,-0.476448,1.034994,0.146801,0.044932,0.058596,-0.008718,0.127499,-0.719727,0.682447,0.977126,-0.026922,-0.210946,0.170197,0.693734,0.699832,0.022767,0.005516,0.015529,-0.001692,-0.493116,1.019613,0.018327,0.075576,0.047958,-0.047399,-0.038834,0.807966,-0.587947,-0.987317,-0.121669,-0.101987,-0.153937,0.57653,0.802443,-0.004002,0.007203,0.009889,0.016776,0.631985,-0.414862,-0.142082
1302,0.131581,0.024058,0.447957,-0.249934,0.759385,-0.60076,-0.930046,-0.360821,-0.069254,-0.269054,0.540479,0.797195,-0.007386,0.025886,0.010083,0.019743,0.425525,-0.46378,-0.058329,-0.099987,0.034744,0.407417,0.078799,0.736921,0.671364,-0.963693,0.228634,-0.137679,-0.25503,-0.637058,0.727311,0.032899,0.01198,0.032259,-0.023645,-0.383695,0.822815,0.124882,0.045773,0.058879,-0.008126,0.087873,-0.730301,0.677449,0.981199,-0.053854,-0.185328,0.171829,0.680998,0.711839,0.022178,0.007698,0.016563,-0.019661,-0.410918,0.877699,0.003794,0.075469,0.048297,-0.047052,-0.054489,0.819581,-0.570365,-0.986557,-0.132322,-0.095891,-0.154062,0.557473,0.815774,0.002072,0.008177,0.009918,-0.009287,0.349159,-0.264632,-0.208704
1303,0.131519,0.024438,0.448342,-0.260755,0.764909,-0.589038,-0.928478,-0.365782,-0.064066,-0.264148,0.529251,0.806317,0.00436,0.017483,0.02018,0.052474,0.616175,-0.183636,-0.097686,-0.099256,0.035071,0.408041,0.095608,0.73985,0.665938,-0.962365,0.239643,-0.127902,-0.254311,-0.629568,0.734053,0.032085,0.015091,0.033715,-0.016892,-0.390553,0.633643,0.109775,0.046139,0.059039,-0.007817,0.071552,-0.736438,0.67271,0.982345,-0.064848,-0.175477,0.172852,0.673389,0.718796,0.016043,0.007487,0.016803,-0.008869,-0.45742,0.789333,-0.012371,0.075433,0.04849,-0.046864,-0.064322,0.826402,-0.559393,-0.986301,-0.137968,-0.090413,-0.151896,0.545915,0.823955,-0.003477,0.010102,0.010881,0.084394,0.853036,-0.319697,-0.240056
1304,0.131086,0.025386,0.449121,-0.281474,0.773521,-0.567875,-0.924491,-0.377102,-0.055522,-0.256752,0.508404,0.821968,-0.017849,0.032695,0.012948,0.06374,0.582472,-0.419408,-0.138141,-0.09795,0.035834,0.409429,0.124986,0.745244,0.654967,-0.960093,0.257285,-0.10936,-0.250146,-0.616089,0.746809,0.030443,0.021143,0.036472,0.073482,-0.768014,0.465399,0.082257,0.046793,0.059417,-0.007124,0.042522,-0.745599,0.665035,0.984325,-0.082767,-0.155732,0.171157,0.661233,0.730393,0.015079,0.0111,0.018464,0.07855,-0.744706,0.256496,-0.050581,0.075226,0.048959,-0.046471,-0.082625,0.839139,-0.537603,-0.985232,-0.149957,-0.082644,-0.149968,0.522836,0.839137,-0.009016,0.011809,0.011733,0.042905,0.67372,-0.441797,-0.283655
1305,0.130471,0.026541,0.449783,-0.275742,0.788578,-0.549688,-0.931248,-0.36082,-0.05058,-0.237889,0.496967,0.834542,-0.017686,0.024693,0.023678,-0.020236,0.687667,-0.282692,-0.178074,-0.096759,0.036605,0.411087,0.151601,0.750722,0.642982,-0.9587,0.270005,-0.089029,-0.240611,-0.603866,0.759813,0.030788,0.016198,0.048192,0.041753,-0.700523,0.287611,0.067382,0.047388,0.059806,-0.006299,0.016601,-0.756021,0.654336,0.98622,-0.095351,-0.135191,0.164599,0.647564,0.744021,0.009594,0.006758,0.023789,0.05656,-0.719901,0.205028,-0.078014,0.074912,0.049551,-0.046134,-0.074417,0.851344,-0.519302,-0.98814,-0.133089,-0.076584,-0.134313,0.507444,0.851151,-0.008842,0.012403,0.011867,0.003679,0.773289,-0.258377,-0.31468
1306,0.129853,0.027751,0.450367,-0.260809,0.802362,-0.536879,-0.940429,-0.336749,-0.046519,-0.217802,0.491766,0.843063,-0.017576,0.024539,0.023469,0.020739,0.315705,-0.108902,-0.247848,-0.095918,0.037122,0.413078,0.174273,0.755919,0.631037,-0.957519,0.279563,-0.070268,-0.229728,-0.592926,0.771704,0.020242,0.006129,0.058171,-0.057042,-0.428152,0.349177,0.018121,0.047812,0.060072,-0.005306,-0.00491,-0.766537,0.64218,0.987595,-0.104502,-0.117189,0.156939,0.633639,0.757542,0.004342,0.001694,0.028772,-0.029751,-0.488392,0.2815,-0.115081,0.07461,0.050149,-0.045851,-0.056588,0.861108,-0.505261,-0.99161,-0.107383,-0.071954,-0.116216,0.496951,0.85996,-0.008767,0.016488,0.006381,0.058734,0.410814,-0.263242,-0.355176
1307,0.129462,0.028357,0.450687,-0.248822,0.810862,-0.52975,-0.947046,-0.318241,-0.04239,-0.202659,0.490141,0.847772,-0.01732,0.033646,0.012894,-0.837698,0.268777,1.117177,-0.301794,-0.095644,0.037245,0.414208,0.185616,0.760453,0.622294,-0.957019,0.283472,-0.060766,-0.222823,-0.585217,0.779573,0.008301,0.004986,0.058197,-0.0132,-0.583004,0.251223,-0.015454,0.047953,0.060133,-0.004741,-0.015882,-0.772752,0.634508,0.988292,-0.108438,-0.107327,0.151741,0.625375,0.765427,0.004098,0.002574,0.029125,0.040115,-0.775311,0.175628,-0.154271,0.074414,0.050449,-0.045687,-0.04443,0.866294,-0.497552,-0.993701,-0.089609,-0.067286,-0.102875,0.491429,0.864819,-0.014501,0.012847,0.012227,-2.900489,0.092578,4.548096,-0.385875
1308,0.128498,0.029437,0.451481,-0.253115,0.820751,-0.512196,-0.949085,-0.313239,-0.033027,-0.18724,0.476736,0.858889,-0.028814,0.025228,0.024113,0.038427,0.378558,-0.125564,-0.4234,-0.095103,0.037366,0.416735,0.20783,0.770646,0.602414,-0.955267,0.292313,-0.044192,-0.210389,-0.567245,0.796136,0.018839,0.011017,0.060086,0.020989,-0.703884,0.448824,-0.047946,0.048227,0.060196,-0.003455,-0.036968,-0.787527,0.61517,0.988933,-0.117338,-0.090785,0.143678,0.605006,0.783149,0.009337,0.005682,0.030111,0.040919,-0.747592,0.427445,-0.2093,0.073926,0.051003,-0.045284,-0.04549,0.876332,-0.479552,-0.994881,-0.083102,-0.057487,-0.090229,0.474483,0.875627,-0.01443,0.012548,0.012047,0.043347,0.365366,-0.125731,-0.470133
1309,0.127272,0.030707,0.452269,-0.251812,0.831723,-0.494847,-0.952348,-0.303842,-0.026175,-0.17182,0.46364,0.86922,-0.039092,0.030961,0.026534,0.075347,0.502643,-0.121717,-0.56523,-0.094599,0.037539,0.419511,0.232681,0.781728,0.578578,-0.952367,0.303643,-0.027055,-0.197103,-0.545701,0.814386,0.005888,0.013893,0.061687,0.114506,-0.947426,0.345802,-0.076467,0.048475,0.060272,-0.002119,-0.060242,-0.80195,0.594345,0.989005,-0.128513,-0.073158,0.13505,0.583403,0.800875,0.003838,0.001863,0.035635,-0.115169,-0.409824,0.524139,-0.23216,0.073337,0.051606,-0.044908,-0.041875,0.885313,-0.463104,-0.996058,-0.073262,-0.049989,-0.078184,0.459186,0.884891,-0.019722,0.01462,0.012994,0.182275,0.81198,-0.035107,-0.562882
1310,0.125993,0.03209,0.453114,-0.257065,0.836408,-0.484134,-0.951787,-0.305841,-0.023112,-0.167087,0.45381,0.875309,-0.026794,0.041374,0.015611,0.059032,0.293417,-0.129671,-0.732799,-0.094518,0.037509,0.422378,0.249562,0.789621,0.560543,-0.949492,0.313157,-0.018203,-0.190204,-0.528677,0.827155,-0.002042,-0.0081,0.080489,-0.075912,-0.505615,0.234802,-0.142624,0.048519,0.060271,-0.000632,-0.076434,-0.814507,0.575095,0.988242,-0.138484,-0.06479,0.132413,0.563381,0.815516,-0.001067,-0.004063,0.04024,-0.082978,-0.487413,0.241204,-0.289149,0.072682,0.052308,-0.044476,-0.046207,0.89118,-0.451289,-0.996015,-0.075596,-0.047302,-0.07627,0.447305,0.891123,-0.019005,0.01763,0.013907,0.044347,0.384093,-0.160118,-0.678165
1311,0.125385,0.032768,0.453675,-0.245943,0.841961,-0.480269,-0.9563,-0.291547,-0.021505,-0.157829,0.452944,0.877473,-0.026413,0.02682,0.037731,-0.136931,0.134856,-0.060622,-0.820751,-0.094627,0.037376,0.423908,0.256156,0.794351,0.550802,-0.94845,0.316461,-0.015096,-0.186601,-0.519536,0.833742,-0.002233,-0.007299,0.080735,-0.030324,-0.618225,0.189989,-0.163477,0.048465,0.060204,0.000132,-0.082668,-0.820179,0.566102,0.987969,-0.141944,-0.061379,0.130697,0.554218,0.822046,-0.001171,-0.003639,0.040376,-0.013751,-0.659084,0.175013,-0.314785,0.072378,0.052649,-0.044205,-0.034131,0.894124,-0.446516,-0.997116,-0.060764,-0.045458,-0.067777,0.443677,0.893619,-0.018744,0.018579,0.014163,-0.290638,0.089765,0.197917,-0.745767
1312,0.124253,0.033798,0.455317,-0.19809,0.860979,-0.46853,-0.971709,-0.235149,-0.021397,-0.128358,0.449965,0.883789,-0.025877,0.012514,0.059825,-2.642514,0.208648,4.915968,-1.064473,-0.095008,0.037084,0.42697,0.265485,0.803316,0.533096,-0.946782,0.321518,-0.012772,-0.181973,-0.502343,0.845222,-0.003885,0.00215,0.070546,0.015673,-0.61942,0.185914,-0.19462,0.048275,0.060059,0.001637,-0.09095,-0.830473,0.549583,0.987369,-0.147088,-0.058865,0.129723,0.537288,0.833362,-0.006988,-0.004273,0.040279,0.058177,-0.81098,0.087975,-0.350219,0.071812,0.053171,-0.043391,0.011264,0.900769,-0.434151,-0.999037,-0.008271,-0.04308,-0.042395,0.434218,0.899809,-0.012854,0.010742,0.024643,0.011528,0.402495,0.080404,-0.855172
1313,0.123311,0.034343,0.457612,-0.167511,0.873604,-0.456948,-0.979864,-0.198542,-0.020487,-0.10842,0.443228,0.889843,-0.025538,0.005247,0.070785,-0.10766,0.275889,-0.010296,-1.259559,-0.095742,0.03717,0.4297,0.274802,0.8105,0.517266,-0.945252,0.326127,-0.008611,-0.175999,-0.487597,0.855065,-0.017725,0.012864,0.061235,-0.015514,-0.43805,0.279939,-0.280846,0.047914,0.060094,0.003004,-0.099341,-0.839975,0.533453,0.986888,-0.151708,-0.055098,0.12721,0.520985,0.844032,-0.013756,0.000578,0.03544,-0.040387,-0.399212,0.022832,-0.404105,0.071342,0.05345,-0.042247,0.049096,0.905677,-0.421115,-0.998549,0.035175,-0.040767,-0.022109,0.422505,0.90609,-0.007154,0.006224,0.029479,-0.064025,0.264326,0.041633,-0.83721
1314,0.122909,0.03443,0.458951,-0.162445,0.877632,-0.45102,-0.981279,-0.19154,-0.019402,-0.103222,0.438333,0.892881,-0.025702,0.003904,0.070309,-0.110373,0.266973,-0.01372,-1.291208,-0.096232,0.037241,0.431015,0.277036,0.813029,0.51208,-0.944672,0.32779,-0.009139,-0.175614,-0.482236,0.85818,-0.027057,0.000168,0.070289,-0.113338,-0.270792,0.287374,-0.339119,0.047662,0.060137,0.003686,-0.101464,-0.843282,0.527806,0.986565,-0.153571,-0.055708,0.128034,0.515063,0.847535,-0.013578,8e-05,0.035158,-0.150002,-0.19379,0.315944,-0.456522,0.071132,0.053499,-0.04155,0.054773,0.908233,-0.414863,-0.998333,0.042256,-0.039299,-0.018162,0.416324,0.909034,-0.012895,0.001909,0.03516,-0.119887,0.237034,-0.022597,-0.847824
1315,0.122291,0.034391,0.461718,-0.158955,0.879859,-0.447914,-0.981438,-0.19005,-0.025151,-0.107065,0.434507,0.894297,-0.015018,-0.000396,0.068203,-0.154974,0.114227,-0.024408,-1.351257,-0.097313,0.037521,0.433579,0.28,0.819557,0.499918,-0.943804,0.330171,-0.012429,-0.175577,-0.469374,0.865288,-0.027683,0.003686,0.071329,-0.081501,-0.341781,0.261036,-0.450321,0.047132,0.060273,0.004939,-0.103657,-0.85012,0.516285,0.985995,-0.156012,-0.058929,0.130643,0.502947,0.854386,-0.014766,0.006747,0.030711,-0.051142,-0.284454,0.094147,-0.556129,0.07083,0.053484,-0.04019,0.058627,0.909418,-0.411729,-0.998013,0.043874,-0.0452,-0.023042,0.413561,0.910184,-0.007661,-0.000746,0.03395,-0.175314,0.100148,-0.063332,-0.859254
1316,0.121975,0.034128,0.464404,-0.151442,0.876904,-0.456235,-0.981147,-0.189343,-0.038361,-0.119843,0.440734,0.889617,-0.005048,-0.007716,0.065267,0.011871,-0.100976,0.047607,-1.568952,-0.098596,0.038222,0.43581,0.286501,0.823191,0.490168,-0.942659,0.333539,-0.008934,-0.171186,-0.460536,0.870899,-0.042337,0.022056,0.0509,-0.096555,-0.024896,-0.031064,-0.609833,0.046496,0.060617,0.006063,-0.110098,-0.85509,0.506654,0.985624,-0.159654,-0.055273,0.128153,0.493285,0.860375,-0.015723,0.012636,0.025872,-0.110829,-0.065034,0.23003,-0.697375,0.070669,0.05336,-0.038844,0.065172,0.904894,-0.420617,-0.99731,0.044902,-0.057927,-0.033532,0.423261,0.905386,-0.002615,-0.004115,0.032566,0.559838,-0.342688,0.311887,-0.86007
1317,0.121864,0.033992,0.465561,-0.151564,0.873855,-0.462008,-0.981024,-0.190089,-0.037825,-0.120695,0.446421,0.886661,-0.005812,-0.011632,0.064122,-0.375709,-0.53967,-0.197309,-1.613703,-0.099309,0.038754,0.436732,0.288842,0.82431,0.486902,-0.942237,0.334762,-0.007548,-0.169562,-0.457632,0.872745,-0.032698,0.034157,0.041078,-0.063728,-0.038113,0.053289,-0.690749,0.046136,0.06088,0.006528,-0.112337,-0.85655,0.503689,0.98551,-0.160866,-0.053765,0.127079,0.490351,0.86221,-0.021815,0.015251,0.020093,-0.076402,-0.044734,0.196199,-0.776898,0.070614,0.053296,-0.038265,0.065126,0.903222,-0.424201,-0.997291,0.044355,-0.058667,-0.034174,0.426873,0.903665,0.002478,-0.003108,0.02581,-0.154073,0.019458,-0.029874,-0.859907
1318,0.121805,0.033646,0.467459,-0.153234,0.868166,-0.472072,-0.981053,-0.190887,-0.032716,-0.118332,0.457034,0.881558,0.003526,-0.005964,0.038334,-0.183243,-0.216455,-0.060925,-1.618738,-0.100839,0.040039,0.438103,0.290979,0.823954,0.486233,-0.941983,0.335531,-0.004626,-0.167304,-0.457712,0.873139,-0.032764,0.038397,0.028495,-0.034396,-0.017641,0.053759,-0.829568,0.045369,0.061528,0.007221,-0.114622,-0.8564,0.503428,0.985547,-0.161659,-0.050612,0.124727,0.490351,0.862553,-0.016335,0.018859,0.014152,-0.034565,-0.01679,0.054374,-0.852665,0.070582,0.053124,-0.037305,0.061741,0.897433,-0.436807,-0.997692,0.043113,-0.052443,-0.028232,0.439037,0.898024,0.001505,-0.008007,0.024394,-0.235166,-0.244515,-0.092489,-0.862846
1319,0.121995,0.033273,0.468888,-0.151453,0.865513,-0.477488,-0.981611,-0.188404,-0.030264,-0.115973,0.463047,0.878729,0.002344,-0.011831,0.036669,-0.176035,-0.17742,-0.080536,-1.624774,-0.102253,0.041594,0.438968,0.289362,0.823607,0.487782,-0.942139,0.33506,-0.00661,-0.169225,-0.45868,0.872261,-0.031488,0.03421,0.026543,-0.035332,-0.007794,0.026707,-1.007885,0.044648,0.062323,0.007665,-0.113058,-0.85574,0.504902,0.985515,-0.161227,-0.052581,0.126399,0.491644,0.861573,-0.01572,0.016918,0.013231,-0.037584,-0.009319,0.028265,-0.84597,0.070677,0.052933,-0.036577,0.062991,0.894838,-0.441922,-0.997711,0.045568,-0.049941,-0.024552,0.444057,0.895661,0.001076,-0.00627,0.018231,-0.190351,-0.212458,-0.090689,-0.858927
1320,0.122209,0.033052,0.469796,-0.146902,0.86522,-0.479436,-0.981978,-0.185751,-0.034445,-0.118683,0.46466,0.877515,0.001736,0.000818,0.013583,-0.020677,-0.049274,0.200423,-1.633103,-0.103465,0.043207,0.439507,0.288518,0.823072,0.489184,-0.941912,0.335641,-0.008962,-0.17191,-0.459216,0.871453,-0.033062,0.046995,0.003717,0.034784,-0.008816,0.073312,-1.136907,0.044054,0.063113,0.007934,-0.112198,-0.855046,0.506266,0.98529,-0.161816,-0.054937,0.128896,0.492656,0.860624,-0.010207,0.019695,0.007097,-0.001931,-0.025912,0.081557,-0.848745,0.070783,0.052818,-0.036129,0.067169,0.893504,-0.444001,-0.997382,0.048193,-0.053901,-0.026763,0.44646,0.894403,0.006217,-0.000992,0.006011,-0.036504,-0.005117,0.036983,-0.867909
1321,0.122339,0.032996,0.470043,-0.146294,0.863906,-0.481985,-0.982203,-0.184788,-0.033201,-0.117573,0.467476,0.876168,0.012059,-0.004008,0.011458,-0.043341,-0.027595,0.004851,-1.64452,-0.103944,0.043971,0.439703,0.293374,0.819348,0.492536,-0.939467,0.342403,-0.009781,-0.177009,-0.460881,0.869551,-0.019646,0.036433,0.01298,-0.017373,0.031974,0.067982,-1.188117,0.043809,0.063501,0.008029,-0.117536,-0.852038,0.510112,0.984057,-0.168969,-0.05549,0.133472,0.495458,0.858315,-0.015351,0.017283,0.006367,-0.012027,0.01711,0.061221,-0.848092,0.070844,0.052793,-0.036005,0.067568,0.892041,-0.446873,-0.997404,0.049235,-0.052527,-0.024855,0.449262,0.893053,0.000608,-0.000815,0.006439,-0.032903,0.00811,0.008883,-0.869868
1322,0.122617,0.033081,0.470251,-0.150115,0.860292,-0.487245,-0.981447,-0.189048,-0.031523,-0.119053,0.472403,0.873321,0.001211,0.006077,0.001719,-0.044048,-0.150445,-0.05016,-1.675121,-0.104735,0.045277,0.439977,0.312506,0.809608,0.496856,-0.930103,0.366987,-0.012756,-0.193041,-0.459158,0.867048,-0.017358,0.026703,0.009447,0.177152,0.136736,-0.043533,-1.330076,0.043412,0.064163,0.008169,-0.138036,-0.845833,0.515278,0.979121,-0.194921,-0.057671,0.149218,0.49656,0.855079,-0.009278,0.017144,-0.000659,0.728888,0.448231,-0.341015,-0.859523,0.070985,0.052825,-0.035899,0.063196,0.889749,-0.452052,-0.997682,0.044884,-0.051132,-0.025205,0.454237,0.890523,0.000688,0.003488,0.000984,-0.040673,-0.195522,-0.060551,-0.880155
1323,0.122586,0.033556,0.470111,-0.16594,0.853158,-0.494602,-0.977909,-0.206944,-0.028981,-0.126881,0.477805,0.86927,0.001699,0.016364,-0.008721,0.769387,-0.235936,-1.462701,-1.682158,-0.105287,0.046321,0.440211,0.33187,0.799334,0.500918,-0.919933,0.391691,-0.01533,-0.208856,-0.456728,0.864663,-0.005667,0.025538,0.008584,-0.011512,0.003201,0.093468,-1.40282,0.043133,0.064677,0.008284,-0.158594,-0.839094,0.520354,0.973413,-0.221095,-0.059848,0.165266,0.497029,0.85185,-0.00806,0.0107,0.003777,-0.006011,0.000439,0.029298,-0.866544,0.070968,0.053054,-0.035966,0.047817,0.886807,-0.459659,-0.998384,0.028293,-0.049275,-0.030692,0.461272,0.886727,0.000778,0.007904,-0.004429,2.65271,-0.205484,-4.873232,-0.885217
1324,0.122538,0.033948,0.469948,-0.172777,0.848042,-0.501017,-0.976744,-0.213013,-0.023828,-0.126723,0.484193,0.865751,0.002251,0.019117,-0.007951,-0.046274,-0.273288,-0.020031,-1.68066,-0.105376,0.046798,0.44037,0.335699,0.796538,0.502817,-0.916784,0.398824,-0.019491,-0.216462,-0.455433,0.863474,-0.005136,0.023149,0.007732,2.08476,1.360497,-1.128986,-1.403283,0.043086,0.064906,0.008361,-0.164021,-0.837594,0.521086,0.971598,-0.228508,-0.061477,0.170565,0.496204,0.851286,-0.002589,0.011645,0.003896,0.003568,-0.028598,0.051663,-0.86981,0.070947,0.053237,-0.036047,0.038435,0.883525,-0.466804,-0.998821,0.020109,-0.04418,-0.029647,0.467952,0.883256,0.001142,0.009624,-0.003959,-0.070265,-0.369705,-0.053955,-0.879502
1325,0.12239,0.03475,0.469861,-0.180256,0.840203,-0.511479,-0.976827,-0.213843,-0.007128,-0.115149,0.497297,0.859921,-0.00745,0.01894,0.006036,-0.24192,-0.627473,-0.370069,-1.678612,-0.105287,0.047549,0.440592,0.336432,0.793898,0.506489,-0.915415,0.40185,-0.021596,-0.221081,-0.45738,0.861272,-0.003258,0.014639,0.004846,-0.02558,0.052999,0.049351,-1.403496,0.04313,0.065305,0.00848,-0.163772,-0.834515,0.526082,0.970482,-0.231993,-0.06589,0.177033,0.499763,0.847876,-0.001549,0.00695,0.002302,-0.021759,0.024937,0.044271,-0.869647,0.070872,0.053641,-0.036099,0.030311,0.879124,-0.475628,-0.99941,0.018986,-0.028599,-0.016112,0.476214,0.879181,0.001953,0.013661,-0.002839,0.011231,-0.140766,0.047749,-0.87346
1326,0.122029,0.035685,0.470218,-0.184013,0.840483,-0.509679,-0.976469,-0.21557,-0.003048,-0.112212,0.49608,0.861011,-0.006218,0.024792,0.00758,0.002847,-0.000966,0.025777,-1.670508,-0.104979,0.04795,0.440733,0.34755,0.783537,0.515044,-0.906819,0.420536,-0.02762,-0.238652,-0.458437,0.856004,0.009684,0.007271,0.002075,-0.04591,0.108141,0.074744,-1.403439,0.043276,0.065503,0.008549,-0.176006,-0.826327,0.534981,0.965096,-0.251918,-0.0716,0.193936,0.503706,0.841824,0.004939,0.003188,0.000886,0.00258,0.126473,0.290541,-0.860992,0.070694,0.054099,-0.035924,0.026135,0.879174,-0.475783,-0.999575,0.016864,-0.023745,-0.012852,0.476202,0.879241,-0.008448,0.013746,0.004553,0.00525,0.021784,-0.001015,-0.884074
1327,0.121732,0.036539,0.470494,-0.186031,0.838988,-0.511406,-0.976157,-0.216996,-0.001006,-0.111593,0.497982,0.859993,-0.006818,0.021573,0.006631,-0.005501,-0.025693,0.019425,-1.637412,-0.104542,0.048003,0.440757,0.357854,0.771593,0.525906,-0.898005,0.438716,-0.032402,-0.256153,-0.461641,0.849198,0.009934,0.00844,-0.010809,-0.033657,0.137828,0.110033,-1.40394,0.043502,0.065533,0.008562,-0.187881,-0.816086,0.546537,0.959449,-0.271542,-0.075639,0.210136,0.510164,0.834011,0.00507,0.00376,-0.005562,-0.029424,0.107358,0.103627,-0.862789,0.070545,0.054546,-0.03578,0.023711,0.878158,-0.477781,-0.99965,0.01524,-0.021599,-0.011686,0.478126,0.878212,-0.003476,0.010479,0.00324,0.00446,0.002385,0.025783,-0.880645
1328,0.121656,0.036931,0.470651,-0.186498,0.837524,-0.513632,-0.976127,-0.217137,0.000263,-0.111084,0.500377,0.858668,-0.006705,0.022038,0.006724,-0.003269,-0.019101,0.021121,-1.627217,-0.104328,0.047971,0.44068,0.361316,0.766157,0.531456,-0.895148,0.444541,-0.032067,-0.261255,-0.465108,0.845744,0.012213,-0.003952,-0.001625,-0.101107,0.216052,0.08513,-1.403925,0.043605,0.065517,0.008524,-0.191971,-0.81147,0.551963,0.957696,-0.277762,-0.075268,0.214391,0.514164,0.830464,0.005332,0.002608,-0.005943,-0.099298,0.324508,-0.030501,-0.865728,0.07051,0.054735,-0.035709,0.022951,0.876893,-0.480137,-0.99968,0.015033,-0.020329,-0.010608,0.48045,0.876957,0.001954,0.00965,0.002608,0.009415,-0.001024,0.057925,-0.879339
1329,0.121409,0.037508,0.471361,-0.195268,0.837132,-0.511005,-0.974808,-0.222862,0.007301,-0.107536,0.498516,0.860201,-0.006303,0.00823,0.029379,0.185278,0.019915,-0.438574,-1.619863,-0.10397,0.047803,0.440466,0.364735,0.758073,0.540634,-0.892932,0.449285,-0.027362,-0.264078,-0.473722,0.840067,0.002285,-0.010072,-0.003342,-0.076541,0.225971,0.092046,-1.403653,0.043788,0.065432,0.008416,-0.196329,-0.804006,0.561274,0.956612,-0.282733,-0.070392,0.215286,0.523102,0.82463,0.006591,-0.004063,-0.001514,-0.047323,0.324523,0.041781,-0.871116,0.070385,0.055027,-0.035368,0.015925,0.878603,-0.477286,-0.999849,0.010685,-0.013692,-0.00693,0.477432,0.878641,-0.008435,0.009551,0.009953,2.796406,-0.010758,-4.771154,-0.879992
1330,0.12106,0.037959,0.47238,-0.195724,0.837489,-0.510244,-0.974974,-0.222059,0.009408,-0.105189,0.498274,0.860631,-0.006367,0.007681,0.029173,-0.068856,0.023673,-0.010666,-1.610682,-0.103587,0.047376,0.440405,0.370736,0.750916,0.546509,-0.888105,0.458736,-0.027639,-0.271902,-0.476054,0.836244,0.002495,-0.010949,-0.003653,-0.00303,0.018965,-0.020238,-1.403628,0.043981,0.065213,0.008384,-0.203268,-0.79777,0.567666,0.953543,-0.292949,-0.070256,0.222345,0.527013,0.820255,0.007459,-0.009,0.003483,-0.017131,-0.035579,-0.019911,-0.878791,0.070209,0.055261,-0.034846,0.014019,0.879045,-0.476531,-0.999886,0.009664,-0.011588,-0.005582,0.476639,0.879081,-0.008566,0.004796,0.01524,-0.069988,0.038392,-0.039928,-0.883421
1331,0.120898,0.038164,0.472837,-0.195656,0.837675,-0.509965,-0.975097,-0.221482,0.010197,-0.104171,0.498218,0.860787,-0.006656,0.013933,0.017603,-0.03292,0.011571,0.007616,-1.600195,-0.103336,0.047144,0.440471,0.370484,0.751086,0.546446,-0.88832,0.458329,-0.027489,-0.271543,-0.476179,0.83629,0.014043,-0.014098,0.008275,-0.033042,-0.01459,0.005972,-1.403793,0.044104,0.06509,0.00841,-0.202929,-0.798096,0.567328,0.953686,-0.29247,-0.07031,0.22204,0.526785,0.820484,0.006371,-0.003029,-0.001183,0.003273,-0.01206,-0.000509,-0.880261,0.070129,0.055364,-0.034612,0.014114,0.879204,-0.476235,-0.999889,0.01023,-0.010747,-0.004577,0.476334,0.879251,-0.003474,0.00244,0.014216,-0.068974,0.023722,-0.010419,-0.881951
1332,0.120486,0.038473,0.473849,-0.212168,0.831343,-0.513711,-0.971008,-0.238521,0.014933,-0.10986,0.500951,0.85849,-0.017304,0.008123,0.030023,-0.092335,-0.027612,-0.056582,-1.60174,-0.102602,0.046756,0.440801,0.367776,0.751072,0.548292,-0.888321,0.458073,-0.03142,-0.275198,-0.476448,0.834941,0.013228,-0.010421,0.009512,-0.032913,-0.014784,0.005854,-1.403347,0.044472,0.064893,0.008574,-0.200117,-0.797607,0.569012,0.953448,-0.292248,-0.074335,0.225583,0.527649,0.818961,0.012079,-0.004259,0.004901,-0.036982,-0.034181,0.0386,-0.881404,0.069926,0.055516,-0.034112,-0.003385,0.87686,-0.480731,-0.999949,-0.00748,-0.006604,-0.009387,0.480685,0.876842,-0.003334,0.003023,0.014348,-0.086894,-0.026696,-0.024423,-0.880645
1333,0.120047,0.038709,0.47501,-0.21295,0.831749,-0.512729,-0.971164,-0.237701,0.01765,-0.106938,0.500667,0.859025,-0.006829,0.004893,0.02835,-0.054681,-0.027856,0.180965,-1.561691,-0.101847,0.046443,0.441095,0.359437,0.750998,0.553894,-0.888182,0.457353,-0.043529,-0.286445,-0.477256,0.830686,0.024235,-0.008662,0.009788,-0.03136,-0.020158,0.007662,-1.403488,0.044839,0.064744,0.008719,-0.191757,-0.79595,0.574187,0.95256,-0.291822,-0.086411,0.236339,0.530378,0.81415,0.012034,-0.003988,0.004997,-0.035429,-0.033063,0.037772,-0.881894,0.069703,0.055638,-0.03353,-0.004176,0.877564,-0.47944,-0.999968,-0.006878,-0.003878,-0.006701,0.479409,0.877565,-0.003503,0.002108,0.014096,-0.068481,0.025651,-0.009753,-0.880482
1334,0.119693,0.038872,0.475856,-0.212387,0.830288,-0.515323,-0.971281,-0.237189,0.018046,-0.106989,0.503324,0.857465,-0.008016,0.00681,0.015673,-0.035893,0.016403,-0.020743,-1.509105,-0.101132,0.046222,0.441461,0.362105,0.749137,0.554675,-0.885762,0.46185,-0.045315,-0.290557,-0.475843,0.830068,0.022884,-0.002801,0.011773,-0.029951,-0.039793,0.062196,-1.403516,0.045196,0.064622,0.008898,-0.194531,-0.79462,0.575096,0.95095,-0.29654,-0.088068,0.24052,0.529757,0.81333,0.011593,-0.002068,0.005648,-0.031444,-0.030614,0.035115,-0.875525,0.069528,0.055725,-0.033101,-0.003778,0.876018,-0.482261,-0.999974,-0.006216,-0.003459,-0.006028,0.482236,0.876019,-0.00405,0.003278,0.007812,-0.02778,0.027489,0.010842,-0.863173
1335,0.119543,0.038972,0.476123,-0.21338,0.828814,-0.517284,-0.971176,-0.237462,0.020037,-0.105971,0.505618,0.856241,-0.008442,0.012463,0.00395,-0.081963,-0.235017,-0.06044,-1.506135,-0.10071,0.046208,0.441644,0.363009,0.749039,0.554217,-0.885592,0.462257,-0.044488,-0.289949,-0.475602,0.830419,0.021262,0.006556,0.001572,0.004089,-0.030411,0.058491,-1.403334,0.045415,0.064614,0.008999,-0.195494,-0.794699,0.57466,0.950904,-0.296954,-0.087171,0.239923,0.529405,0.813736,0.011321,-0.000908,0.006042,-0.030994,-0.030276,0.034884,-0.876832,0.06945,0.055778,-0.032961,-0.004888,0.875209,-0.483719,-0.999976,-0.006531,-0.001713,-0.004659,0.4837,0.87522,-0.004286,0.005981,0.001918,-0.107365,-0.304678,-0.074855,-0.863826
1336,0.119253,0.03917,0.476545,-0.234375,0.820539,-0.521373,-0.965125,-0.260679,0.023498,-0.116346,0.507676,0.853672,-0.008766,0.010832,0.00353,-0.056228,-0.159506,-0.041974,-1.509795,-0.099817,0.046188,0.442042,0.363724,0.748623,0.554311,-0.884936,0.463457,-0.045043,-0.291055,-0.475087,0.830326,0.022629,-0.001698,0.012167,-0.029927,-0.039902,0.062136,-1.403509,0.04586,0.064609,0.009195,-0.196246,-0.794414,0.574798,0.950443,-0.298263,-0.087725,0.241131,0.529098,0.813578,0.011482,-0.00157,0.005826,-0.032156,-0.031216,0.035681,-0.876178,0.069307,0.055868,-0.032753,-0.027332,0.871864,-0.488984,-0.999527,-0.030709,0.001114,-0.014045,0.488784,0.872291,-0.00453,0.000899,0.007209,-0.101438,-0.171429,-0.066112,-0.87444
1337,0.118772,0.039492,0.476916,-0.236451,0.817487,-0.525216,-0.964787,-0.26158,0.027099,-0.114946,0.512112,0.851209,-0.019275,0.013226,0.004949,-0.016728,-0.013305,-0.069364,-1.508438,-0.099011,0.046203,0.442455,0.365853,0.748332,0.553301,-0.884493,0.464482,-0.043154,-0.28973,-0.474544,0.8311,0.022106,0.000459,0.012906,-0.029912,-0.039969,0.062099,-1.403594,0.046256,0.064615,0.009396,-0.198416,-0.794519,0.573907,0.950285,-0.299315,-0.085832,0.239974,0.528345,0.814409,0.011067,0.000146,0.006409,-0.030815,-0.030434,0.034854,-0.88222,0.06907,0.056026,-0.032569,-0.029994,0.869365,-0.493257,-0.999483,-0.031765,0.004791,-0.011503,0.493146,0.869869,-0.004203,0.00238,0.007572,-0.034162,0.019471,-0.021281,-0.882604
1338,0.118491,0.039672,0.477084,-0.237043,0.81755,-0.524851,-0.964683,-0.261906,0.027621,-0.114593,0.511845,0.851417,-0.008808,0.010445,0.003417,0.000934,0.006788,-0.001907,-1.50716,-0.098558,0.04623,0.442691,0.367224,0.748115,0.552686,-0.884174,0.465195,-0.042004,-0.288971,-0.474186,0.831569,0.021981,0.000949,0.013077,-0.029903,-0.040007,0.062078,-1.403457,0.046482,0.064629,0.009514,-0.199685,-0.794575,0.573388,0.950185,-0.299943,-0.084742,0.239318,0.527904,0.814888,0.016428,0.001579,0.006744,-0.027855,-0.055211,0.091242,-0.880914,0.068926,0.056118,-0.032484,-0.030527,0.869753,-0.492539,-0.999469,-0.032158,0.005159,-0.011352,0.492436,0.870274,-0.009868,0.001666,0.007814,-0.032106,0.04527,-0.046744,-0.886524
1339,0.117985,0.039829,0.477422,-0.23661,0.817467,-0.525175,-0.964592,-0.262405,0.026033,-0.116241,0.511723,0.851267,-0.020268,0.000701,0.014973,-0.037908,0.04171,-0.077247,-1.509995,-0.097683,0.04637,0.443053,0.369839,0.747663,0.551553,-0.883463,0.466715,-0.040054,-0.287808,-0.473403,0.832418,0.021841,0.001469,0.013263,-0.029886,-0.040083,0.062036,-1.403633,0.046927,0.064699,0.0097,-0.202566,-0.794601,0.572342,0.949825,-0.301663,-0.082643,0.238323,0.526884,0.815839,0.010217,0.004884,0.001324,0.009892,-0.096018,0.246068,-0.882057,0.068678,0.056202,-0.032318,-0.030022,0.869626,-0.492795,-0.999463,-0.032549,0.00345,-0.01304,0.492635,0.870137,-0.0047,0.003827,0.001372,0.000477,0.007826,-0.00164,-0.886523
1340,0.117412,0.039819,0.477802,-0.236859,0.817333,-0.52527,-0.964368,-0.263326,0.025017,-0.117583,0.511462,0.851239,-0.021269,-0.003941,0.013847,-0.037906,0.041748,-0.077223,-1.512564,-0.096995,0.046522,0.443485,0.370056,0.747343,0.55184,-0.882968,0.467576,-0.040912,-0.289046,-0.473057,0.832185,0.008732,0.010827,0.003322,0.002864,-0.024683,0.056448,-1.403615,0.04728,0.064773,0.00992,-0.202869,-0.794324,0.572619,0.949448,-0.302632,-0.08343,0.239564,0.526747,0.815565,0.004328,0.005548,0.001693,0.002632,-0.024836,0.05658,-0.886302,0.068392,0.056202,-0.032127,-0.030277,0.869559,-0.492899,-0.999437,-0.033444,0.00239,-0.014406,0.492695,0.870082,-0.005312,0.000987,0.000677,-0.002364,0.015313,-0.02999,-0.888156
1341,0.117123,0.039789,0.477936,-0.237885,0.815804,-0.527181,-0.9642,-0.263764,0.026815,-0.116887,0.513672,0.850003,-0.010725,0.001454,0.001212,-0.009696,-0.010151,-0.035448,-1.509748,-0.096826,0.046641,0.44365,0.370798,0.747212,0.551521,-0.882792,0.467964,-0.040283,-0.288636,-0.47288,0.832428,0.008504,0.011701,0.003609,0.002859,-0.024674,0.056451,-1.403576,0.047361,0.064829,0.010001,-0.203593,-0.794335,0.572346,0.949384,-0.303003,-0.082812,0.239203,0.526517,0.815818,0.004256,0.005819,0.001784,0.002839,-0.024692,0.056451,-0.887282,0.068251,0.056185,-0.032061,-0.031626,0.868218,-0.495171,-0.999413,-0.033949,0.004306,-0.013073,0.495017,0.868783,-0.005432,0.00043,0.000543,-0.001482,0.012533,-0.031026,-0.888483
