frame,MLTx,MLTy,MLTz,MLTR1,MLTR2,MLTR3,MLTR4,MLTR5,MLTR6,MLTR7,MLTR8,MLTR9,MLTTVx,MLTTVy,MLTTVz,MLTRVx,MLTRVy,MLTRVz,MLGA,MRTx,MRTy,MRTz,MRTR1,MRTR2,MRTR3,MRTR4,MRTR5,MRTR6,MRTR7,MRTR8,MRTR9,MRTTVx,MRTTVy,MRTTVz,MRTRVx,MRTRVy,MRTRVz,MRGA,SLTx,SLTy,SLTz,SLTR1,SLTR2,SLTR3,SLTR4,SLTR5,SLTR6,SLTR7,SLTR8,SLTR9,SLTTVx,SLTTVy,SLTTVz,SLTRVx,SLTRVy,SLTRVz,SLGA,SRTx,SRTy,SRTz,SRTR1,SRTR2,SRTR3,SRTR4,SRTR5,SRTR6,SRTR7,SRTR8,SRTR9,SRTTVx,SRTTVy,SRTTVz,SRTRVx,SRTRVy,SRTRVz,SRGA
135,0.061549,0.005619,0.362485,-0.548831,0.542452,-0.636062,-0.333554,-0.83974,-0.428428,-0.765851,-0.023655,0.642604,0.000147,0.000368,0.000302,-0.317138,-0.213612,0.3204,-1.010383,-0.105285,0.034164,0.318197,0.767525,0.386995,0.51101,-0.620194,0.649439,0.439913,-0.162581,-0.65505,0.737794,-0.012661,-0.00438,-0.00202,-0.002045,0.015205,-0.029245,-0.350561,0.041449,0.038941,-0.021185,-0.638441,-0.50226,0.583203,0.751322,-0.571156,0.330598,0.167054,0.649241,0.742009,0.000265,-0.001209,-0.001052,-0.000136,0.000707,0.000183,-0.414883,0.067559,0.025725,-0.058567,-0.43604,0.631919,-0.640739,-0.46777,-0.7674,-0.438506,-0.768803,0.108513,0.63021,7.7e-05,0.000208,0.000164,-1.067145,-0.718239,1.080648,-0.582476
136,0.061825,0.00562,0.362368,-0.52405,0.55883,-0.642749,-0.362268,-0.829192,-0.425647,-0.770179,0.009086,0.637784,0.013313,-0.003522,-0.002202,-0.067953,-0.412325,-0.180566,-0.525754,-0.105367,0.034179,0.318116,0.760104,0.39995,0.512127,-0.630729,0.643221,0.43403,-0.156767,-0.653418,0.740495,8e-06,-3.6e-05,-3.1e-05,0.019888,-0.02,-0.016743,-0.56303,0.041404,0.038943,-0.021229,-0.62919,-0.514384,0.582691,0.760182,-0.5635,0.323403,0.161993,0.646433,0.745574,-6e-06,3.7e-05,3.5e-05,-0.012677,0.001847,-0.005359,-0.616057,0.067692,0.025726,-0.058625,-0.409046,0.644699,-0.645789,-0.494748,-0.751343,-0.436699,-0.766749,0.140873,0.626297,0.006662,-0.00177,-0.001107,-0.088834,-0.650937,-0.339033,-0.456743
137,0.062157,0.005669,0.362239,-0.508404,0.57061,-0.644961,-0.381616,-0.820644,-0.425305,-0.77134,0.029185,0.635775,0.015428,0.00908,-0.009392,-0.095238,-0.312449,0.058556,-0.357963,-0.105416,0.034281,0.318066,0.754838,0.410928,0.511223,-0.638876,0.636649,0.431799,-0.148971,-0.653057,0.74242,-0.000267,0.001226,0.00107,0.141652,-0.134419,-0.109467,-0.678966,0.04138,0.038992,-0.021256,-0.622927,-0.523939,0.580903,0.766867,-0.555668,0.321164,0.154519,0.645538,0.747933,-0.007698,0.005259,-0.003221,0.252152,-0.200935,-0.139194,-0.722032,0.067855,0.025742,-0.05869,-0.391067,0.652883,-0.648698,-0.512124,-0.739998,-0.436038,-0.764718,0.161694,0.623747,0.007514,0.004014,-0.005129,-0.331275,-0.519211,0.213159,-0.410858
138,0.062936,0.0061,0.361968,-0.498322,0.574493,-0.649368,-0.391564,-0.817313,-0.42267,-0.772944,0.042923,0.633043,0.019511,0.026764,-0.012416,0.037077,-0.276879,0.006633,-0.076389,-0.105503,0.0346,0.317917,0.737269,0.441716,0.511187,-0.664477,0.610276,0.43124,-0.122397,-0.658161,0.742769,-0.002341,0.013055,-0.006033,-0.039884,-0.071156,-0.090951,-0.888583,0.041336,0.039149,-0.021327,-0.601467,-0.552366,0.577171,0.788611,-0.526067,0.318348,0.127786,0.64664,0.752014,-0.001213,0.006752,-0.002816,-0.221653,-0.221322,-0.35167,-0.760895,0.06824,0.025943,-0.058831,-0.380411,0.65511,-0.652776,-0.521544,-0.734861,-0.433554,-0.763726,0.175523,0.621219,0.015608,0.005951,-0.003209,-0.001843,-0.345817,-0.059485,-0.345052
139,0.064237,0.007111,0.361572,-0.502653,0.569306,-0.650596,-0.405164,-0.81988,-0.404489,-0.763069,0.059566,0.643587,0.0495,0.036169,-0.020947,-2.032236,0.815687,-1.338584,0.132989,-0.105648,0.035385,0.317714,0.704459,0.492641,0.510915,-0.705584,0.563048,0.430188,-0.076618,-0.664156,0.743565,-0.005346,0.029161,-0.009396,-0.003571,-0.07788,-0.071299,-0.913159,0.041266,0.039532,-0.02143,-0.562506,-0.598366,0.570565,0.822714,-0.473546,0.314473,0.082019,0.646305,0.758657,-0.00182,0.009546,-0.000376,-0.217411,-0.237005,-0.329826,-0.768243,0.068879,0.026446,-0.059024,-0.383986,0.651513,-0.654281,-0.534613,-0.73462,-0.417757,-0.752823,0.189375,0.630391,0.024181,0.012956,-0.005938,-0.005311,-0.309386,-0.018195,-0.194498
140,0.065432,0.007791,0.361151,-0.499122,0.568406,-0.654092,-0.421642,-0.818694,-0.389782,-0.756441,0.08053,0.649106,0.077678,0.041337,-0.032974,-2.108228,0.546205,-1.270458,0.302828,-0.105736,0.035915,0.317586,0.690388,0.511153,0.511936,-0.721083,0.542094,0.431401,-0.057865,-0.667618,0.74216,-0.005453,0.029646,-0.008967,-3.148621,-1.929077,-3.932526,-0.839956,0.041219,0.03981,-0.021495,-0.546161,-0.615322,0.568406,0.835186,-0.452299,0.31287,0.064574,0.645603,0.760937,-0.002793,0.01506,-0.004332,-3.151637,-1.926358,-3.927287,-0.762528,0.069444,0.026774,-0.059219,-0.381628,0.649964,-0.657195,-0.550487,-0.730981,-0.403274,-0.742511,0.207877,0.63676,0.031554,0.017021,-0.011087,-1.252997,-1.276966,0.847824,-0.041985
141,0.06883,0.009391,0.359811,-0.469057,0.572774,-0.67228,-0.467056,-0.80687,-0.36165,-0.749009,0.14364,0.646823,0.119512,0.046093,-0.044923,-3.091752,-0.720514,-0.347348,0.459398,-0.106014,0.036984,0.317302,0.689242,0.513567,0.511062,-0.722809,0.53459,0.437829,-0.049212,-0.67181,0.738995,-0.003344,0.017675,-0.002005,-0.220654,0.208549,0.230005,-0.60631,0.041081,0.040342,-0.021633,-0.544282,-0.617668,0.567664,0.837191,-0.443119,0.320555,0.053546,0.649716,0.758288,-0.009126,0.013152,-0.005031,-0.347444,0.337481,0.25818,-0.636958,0.07115,0.027585,-0.059893,-0.351967,0.649202,-0.67428,-0.592776,-0.712104,-0.376196,-0.724385,0.267289,0.635469,0.052882,0.024179,-0.021996,-3.658161,-3.342656,3.550593,0.265655
142,0.073815,0.01152,0.357831,-0.433655,0.562013,-0.704365,-0.477181,-0.806256,-0.349602,-0.763846,0.183799,0.618696,0.134344,0.058433,-0.05214,0.12669,-1.440584,0.248344,0.487179,-0.106229,0.037973,0.317098,0.684857,0.53309,0.496767,-0.728466,0.512656,0.454373,-0.013303,-0.673721,0.738773,-0.003746,0.019529,-0.000404,-3.744277,-4.242343,-2.01523,-0.545012,0.040974,0.040833,-0.021738,-0.540863,-0.632521,0.554421,0.840771,-0.42529,0.33501,0.02389,0.647336,0.761829,-0.00287,0.015529,-0.003854,0.110504,-0.147316,0.23389,-0.598748,0.073637,0.028646,-0.060879,-0.318744,0.631366,-0.706949,-0.604837,-0.709744,-0.361158,-0.729776,0.312472,0.6081,0.06717,0.029061,-0.026264,0.113132,-1.716567,0.069695,0.433518
143,0.076539,0.012693,0.356787,-0.414711,0.555021,-0.721118,-0.478973,-0.806893,-0.345658,-0.773204,0.201352,0.601365,0.134063,0.060017,-0.051088,0.132949,-1.513464,0.163237,0.480407,-0.10626,0.038515,0.317014,0.6879,0.541892,0.482844,-0.725677,0.508354,0.463576,0.004894,-0.669957,0.742292,-0.005942,0.031902,-0.006996,-0.035403,-0.000818,0.180622,-0.54259,0.040957,0.041111,-0.021781,-0.543573,-0.643929,0.538406,0.83936,-0.417492,0.348098,0.00063,0.641134,0.767427,-0.00298,0.016022,-0.00343,0.001487,-0.001096,0.15772,-0.619486,0.075001,0.029234,-0.061398,-0.301269,0.621769,-0.722938,-0.6069,-0.709804,-0.35756,-0.735464,0.33103,0.591194,0.073903,0.029097,-0.026114,0.115228,-1.552094,-0.009522,0.452133
144,0.081678,0.015254,0.354823,-0.385599,0.543365,-0.74573,-0.481512,-0.807891,-0.339751,-0.786604,0.227389,0.574087,0.120586,0.066876,-0.046469,-1.66175,-0.09876,-1.638596,0.483715,-0.106101,0.039695,0.31688,0.691584,0.557791,0.45888,-0.721227,0.50063,0.478681,0.036412,-0.662699,0.747908,0.006619,0.03596,-0.005257,0.004922,-0.081798,0.322599,-0.544862,0.041035,0.041687,-0.021846,-0.547854,-0.659606,0.514562,0.836088,-0.410777,0.363617,-0.028473,0.629429,0.776535,0.004279,0.012429,0.001211,-0.041604,-0.054343,0.311636,-0.670432,0.077575,0.030514,-0.062381,-0.272077,0.606453,-0.747119,-0.60886,-0.709725,-0.354372,-0.74516,0.358474,0.562344,0.060349,0.033425,-0.023322,0.179367,-1.236315,0.063091,0.458664
145,0.08609,0.017746,0.353233,-0.378138,0.53427,-0.756051,-0.483879,-0.810256,-0.330633,-0.788778,0.240142,0.565852,0.104335,0.049509,-0.026763,-0.404439,0.04467,-0.456367,0.497169,-0.105865,0.040769,0.316842,0.699843,0.564092,0.438191,-0.712219,0.505672,0.4868,0.052144,-0.653474,0.75506,0.006775,0.03498,-0.006105,-0.082285,-0.792076,0.761761,-0.555361,0.041152,0.042228,-0.021862,-0.55744,-0.666152,0.495481,0.829197,-0.417168,0.372024,-0.041126,0.618233,0.784918,-0.00204,0.010437,0.00036,-0.547518,-2.116106,1.730052,-0.717787,0.079788,0.031768,-0.063182,-0.26654,0.594455,-0.758668,-0.612306,-0.712329,-0.343027,-0.744336,0.373107,0.553853,0.052726,0.030023,-0.017826,-1.623226,0.709175,-1.489825,0.474993
146,0.089939,0.019776,0.352161,-0.385449,0.520444,-0.76198,-0.485315,-0.816629,-0.312342,-0.784338,0.248756,0.568297,0.088704,0.039882,-0.01796,-0.432553,0.323218,-0.628247,0.509048,-0.105714,0.041668,0.316682,0.707565,0.577278,0.407546,-0.701831,0.507759,0.499548,0.080557,-0.64021,0.763874,0.010323,0.016385,-0.004867,0.022566,-0.079472,0.095072,-0.662991,0.041225,0.042689,-0.021932,-0.567671,-0.679595,0.46465,0.820546,-0.421316,0.386259,-0.066736,0.600535,0.796808,0.005126,0.008374,-0.00228,-0.136771,-0.826756,0.755555,-0.756323,0.081687,0.032776,-0.063711,-0.274434,0.582944,-0.764762,-0.614604,-0.717985,-0.326738,-0.739558,0.380358,0.555319,0.037902,0.021384,-0.00807,0.116096,-0.056202,0.087396,0.487403
147,0.091379,0.020432,0.351936,-0.391758,0.513212,-0.763666,-0.484947,-0.820476,-0.302684,-0.78143,0.251114,0.571259,0.059724,0.021836,0.001087,0.017548,0.019316,-0.224225,0.514314,-0.10565,0.041718,0.316574,0.715119,0.580209,0.389812,-0.69251,0.513021,0.507123,0.093359,-0.633326,0.768144,0.001163,-0.005256,-0.0045,-0.000807,-0.156897,0.18303,-0.782812,0.041257,0.042736,-0.021981,-0.577029,-0.683051,0.447747,0.812996,-0.428071,0.394705,-0.077936,0.591773,0.802327,0.000625,-0.002806,-0.002403,-0.036007,-0.286324,0.287732,-0.80482,0.082452,0.033129,-0.063836,-0.284026,0.57625,-0.766332,-0.615906,-0.722196,-0.314788,-0.734839,0.382581,0.560038,0.036996,0.015268,-0.004426,0.027102,0.007505,-0.202522,0.497364
148,0.09366,0.021077,0.352051,-0.40606,0.500913,-0.76436,-0.486965,-0.826322,-0.282892,-0.772814,0.256718,0.580415,0.043996,0.009007,0.007594,-0.003686,0.229854,-0.375516,0.517002,-0.10551,0.041061,0.316203,0.737545,0.588023,0.332037,-0.661423,0.530424,0.530191,0.134718,-0.611391,0.779689,0.004193,-0.018937,-0.016297,-0.005536,-0.510793,0.590294,-1.080001,0.041323,0.042424,-0.022151,-0.604834,-0.692109,0.393903,0.788196,-0.449674,0.420165,-0.113672,0.564603,0.817496,0.002142,-0.009667,-0.008315,-0.553199,-2.342923,1.980683,-0.799432,0.083584,0.03346,-0.063784,-0.299707,0.566982,-0.767271,-0.619325,-0.72737,-0.295579,-0.725679,0.386604,0.569144,0.021568,-0.000694,0.008156,-0.031548,0.261815,-0.375917,0.507978
149,0.095013,0.020498,0.352785,-0.41793,0.488531,-0.765975,-0.492208,-0.830374,-0.261115,-0.763095,0.267278,0.588451,0.038213,-0.032857,0.025825,-0.128445,-0.018228,-0.635187,0.518843,-0.105147,0.040011,0.315342,0.76249,0.593129,0.258453,-0.62001,0.556082,0.553439,0.183579,-0.582978,0.791391,0.006923,-0.031165,-0.027094,-0.514495,-2.585607,2.266108,-1.327515,0.041506,0.041896,-0.022585,-0.637481,-0.698271,0.325629,0.75468,-0.480798,0.446419,-0.155159,0.53033,0.833471,0.003555,-0.015962,-0.013872,0.033996,-0.712241,0.8767,-0.823435,0.084281,0.033191,-0.063415,-0.314161,0.557769,-0.768242,-0.62561,-0.730291,-0.274382,-0.714083,0.39442,0.578375,0.012944,-0.010232,0.009123,-0.107607,-0.209006,-0.789764,0.513203
150,0.095829,0.01889,0.353836,-0.436354,0.477199,-0.762838,-0.494603,-0.835385,-0.239731,-0.751126,0.272096,0.601498,0.007435,-0.059382,0.038747,-0.177235,0.277868,-0.392028,0.519399,-0.105009,0.038287,0.314268,0.789081,0.590177,0.170395,-0.565052,0.588847,0.577848,0.239699,-0.552992,0.797877,0.010603,-0.050198,-0.026795,0.005389,-0.905413,1.154636,-1.404674,0.041575,0.041034,-0.023128,-0.6761,-0.69675,0.23964,0.707019,-0.521946,0.477174,-0.207391,0.492048,0.845503,-0.001175,-0.026422,-0.01364,-0.0947,-1.305379,1.370605,-0.873402,0.084704,0.032376,-0.062879,-0.33434,0.548763,-0.766208,-0.628984,-0.735368,-0.252214,-0.701851,0.397607,0.591026,0.003553,-0.030231,0.018946,-0.173372,0.279362,-0.387322,0.515
151,0.095955,0.017778,0.354463,-0.439501,0.476753,-0.761309,-0.503012,-0.832769,-0.231186,-0.743673,0.280743,0.606763,-0.006846,-0.061252,0.037179,-4.386408,-0.971927,2.906011,0.518932,-0.105009,0.037282,0.313735,0.80135,0.584335,0.127992,-0.535583,0.605837,0.588257,0.265183,-0.540684,0.798249,-0.002584,-0.052195,-0.026965,-0.372353,-0.578067,1.46828,-1.405935,0.041581,0.040524,-0.023401,-0.693077,-0.692914,0.198782,0.683078,-0.543178,0.488222,-0.230322,0.47416,0.849778,-0.001157,-0.026637,-0.013953,0.061389,-1.005692,1.275983,-0.820496,0.08477,0.031843,-0.062579,-0.340367,0.546985,-0.764824,-0.632618,-0.734984,-0.244112,-0.69566,0.400754,0.596197,0.003026,-0.032132,0.017537,-0.177282,0.291542,-0.417691,0.515979
152,0.095747,0.015079,0.355871,-0.447598,0.474403,-0.758052,-0.516012,-0.829304,-0.21438,-0.729808,0.294613,0.616937,-0.009603,-0.07844,0.041018,-4.400589,-0.963171,3.117081,0.518025,-0.105027,0.035444,0.31265,0.829592,0.553349,0.074657,-0.483263,0.64484,0.592092,0.278441,-0.527969,0.802236,-0.003419,-0.048924,-0.024482,0.192003,0.264036,2.316674,-1.406448,0.041577,0.039609,-0.023941,-0.728894,-0.667583,0.151806,0.639748,-0.5852,0.498259,-0.243792,0.460296,0.853634,-0.002698,-0.018705,-0.015878,0.134987,-0.730697,1.017811,-0.766121,0.084666,0.030497,-0.06188,-0.348882,0.545988,-0.761694,-0.645087,-0.729479,-0.227424,-0.679811,0.412015,0.606712,-0.004574,-0.034608,0.015619,-0.17997,0.317151,-0.47518,0.516959
153,0.095106,0.012299,0.35719,-0.457304,0.475875,-0.751307,-0.526156,-0.825816,-0.202879,-0.716423,0.30193,0.628969,-0.022798,-0.068299,0.031797,-0.177126,0.241104,-0.326417,0.493304,-0.10545,0.033876,0.311589,0.851877,0.519897,0.06327,-0.45264,0.67034,0.587959,0.262187,-0.530161,0.806258,-0.006478,-0.033241,-0.028378,0.202186,0.144105,0.215032,-1.407401,0.041365,0.0388,-0.024487,-0.761127,-0.632531,0.143492,0.608104,-0.61897,0.497077,-0.225599,0.465597,0.855759,-0.009745,-0.018167,-0.014627,0.470983,1.810234,-1.135179,-0.786205,0.084349,0.029098,-0.061221,-0.35512,0.551533,-0.754784,-0.659039,-0.720336,-0.216289,-0.66299,0.420624,0.619288,-0.011456,-0.034281,0.015805,-0.181565,0.208996,-0.345005,0.501446
154,0.0946,0.010898,0.357858,-0.462373,0.479181,-0.746085,-0.53191,-0.823057,-0.199047,-0.708881,0.304215,0.636371,-0.036269,-0.066344,0.033082,-0.150546,0.319259,-0.093332,0.469675,-0.105618,0.033217,0.311138,0.853903,0.517161,0.058188,-0.448194,0.674213,0.586935,0.263227,-0.527915,0.807391,0.005646,-0.025992,-0.023805,0.044931,-0.295447,0.411165,-1.407451,0.041278,0.038463,-0.024719,-0.76404,-0.629925,0.139417,0.604401,-0.623251,0.496242,-0.225703,0.463413,0.856916,-0.002818,-0.019766,-0.008193,0.005144,-0.282101,0.364988,-0.790287,0.0841,0.028395,-0.060889,-0.359635,0.555342,-0.749838,-0.66421,-0.71677,-0.212285,-0.655352,0.421705,0.626639,-0.011582,-0.03459,0.015585,-0.145767,0.447802,-0.21281,0.478912
155,0.093429,0.008384,0.358944,-0.468582,0.482944,-0.739757,-0.542479,-0.81815,-0.190573,-0.696692,0.311398,0.64628,-0.02273,-0.059698,0.021499,-0.135222,0.147632,-0.125362,0.395591,-0.105507,0.032131,0.310585,0.855907,0.514624,0.050755,-0.442383,0.678102,0.586863,0.266513,-0.525401,0.807953,0.005823,-0.029154,-0.008956,-0.041497,0.040496,-0.06643,-1.406871,0.041334,0.037919,-0.025002,-0.767432,-0.627416,0.131891,0.598911,-0.628149,0.496721,-0.228804,0.460191,0.857829,0.001842,-0.008443,-0.007789,0.012183,-0.083254,0.113686,-0.794207,0.083522,0.027155,-0.060352,-0.365055,0.560584,-0.743289,-0.673978,-0.709912,-0.204397,-0.642252,0.426344,0.636978,-0.018132,-0.028941,0.011335,-0.14228,0.143595,-0.198312,0.407717
156,0.092117,0.006588,0.35956,-0.479238,0.481563,-0.733808,-0.542125,-0.819874,-0.184063,-0.689677,0.309002,0.654897,-0.03468,-0.044292,0.016092,-0.104517,0.244735,-0.311039,0.259168,-0.105401,0.031385,0.310412,0.861565,0.504413,0.057129,-0.432998,0.671743,0.601006,0.263688,-0.543176,0.797052,0.003061,-0.016434,0.002773,-0.461652,2.62127,-1.283896,-1.40766,0.04139,0.037532,-0.025101,-0.77267,-0.620019,0.136221,0.590826,-0.623903,0.511535,-0.232172,0.475731,0.848395,0.008117,-0.006732,0.001775,-1.200543,0.595967,0.482684,-0.801228,0.082855,0.026223,-0.060038,-0.37603,0.560967,-0.737506,-0.67405,-0.711739,-0.197693,-0.635812,0.422777,0.645755,-0.023526,-0.015419,0.004627,-0.072701,0.1128,-0.168223,0.265165
157,0.090381,0.00589,0.359789,-0.482786,0.489701,-0.726055,-0.554277,-0.812697,-0.179648,-0.677442,0.31509,0.664693,-0.043992,-0.012528,0.006347,-1.226014,-0.131826,1.021638,0.100877,-0.104815,0.030947,0.310878,0.845347,0.528789,0.075909,-0.450361,0.629267,0.63335,0.28607,-0.57025,0.769962,0.029534,-0.013288,0.019777,-1.303291,0.522588,0.119996,-1.406856,0.041666,0.037323,-0.024878,-0.750977,-0.642117,0.154005,0.60759,-0.580613,0.541961,-0.258586,0.500573,0.826171,0.014596,-0.005976,0.010392,-1.326482,-0.927538,-5.265353,-0.804657,0.081988,0.025854,-0.059927,-0.379375,0.568829,-0.72973,-0.683567,-0.703834,-0.193268,-0.623546,0.425499,0.65585,-0.02152,-0.000791,-0.001086,-4.008283,-0.775311,3.426682,0.048805
158,0.089404,0.005921,0.359805,-0.476708,0.499752,-0.723217,-0.571389,-0.801312,-0.177159,-0.667472,0.328159,0.668446,-0.042054,0.001529,0.000208,-0.36052,-0.028473,0.253084,0.075609,-0.104442,0.030726,0.311245,0.833624,0.545646,0.085627,-0.462468,0.60506,0.648043,0.300736,-0.580508,0.756593,0.015944,-0.014351,0.020756,-1.008795,0.064407,0.239999,-1.407086,0.041863,0.037212,-0.024682,-0.736202,-0.656924,0.162651,0.617645,-0.553962,0.558246,-0.276623,0.511443,0.813575,0.006918,-0.001179,0.00693,-1.313002,-0.55535,-0.58236,-0.80629,0.081498,0.025863,-0.059918,-0.370959,0.578193,-0.726691,-0.699413,-0.688734,-0.190959,-0.610909,0.437419,0.659888,-0.02732,0.00713,-0.003608,-1.193594,-0.174455,0.805922,-0.031861
159,0.087643,0.006204,0.359844,-0.465418,0.511985,-0.722013,-0.596089,-0.78427,-0.171959,-0.653721,0.34971,0.671102,-0.040809,0.005696,0.003437,-0.013254,0.055597,-0.104961,0.056551,-0.103381,0.030045,0.311963,0.827967,0.552547,0.095673,-0.45968,0.571297,0.679888,0.319962,-0.607595,0.726853,0.03101,-0.019635,0.013901,-1.039615,0.414441,0.646869,-1.407366,0.042372,0.036901,-0.024307,-0.727654,-0.664142,0.171562,0.61568,-0.522093,0.590216,-0.302416,0.535101,0.788803,0.014603,-0.004592,0.002772,-0.766301,0.385027,0.555392,-0.807923,0.080618,0.026006,-0.059897,-0.357252,0.588149,-0.725568,-0.721207,-0.667326,-0.185833,-0.593489,0.456896,0.662582,-0.020129,0.003731,0.002442,-0.038572,0.130341,-0.235577,-0.102729
160,0.086484,0.006415,0.359981,-0.454,0.517305,-0.725483,-0.612783,-0.77232,-0.167301,-0.646293,0.367961,0.668533,-0.013341,0.002744,0.001802,-0.115015,-0.038253,0.055152,0.053844,-0.102232,0.029548,0.312147,0.837793,0.53737,0.096579,-0.440104,0.560252,0.701684,0.321891,-0.631041,0.705717,0.027636,0.000618,-0.003421,-0.453669,0.047822,0.562221,-1.407155,0.042948,0.036638,-0.024207,-0.740442,-0.649019,0.174696,0.596375,-0.514548,0.616096,-0.309969,0.560368,0.768053,0.013895,-5.1e-05,-0.002056,-0.687362,0.754905,0.07728,-0.80825,0.080039,0.026114,-0.059826,-0.345234,0.590788,-0.729234,-0.735253,-0.653157,-0.181071,-0.58328,0.47366,0.659871,-0.013291,0.002913,0.001957,-1.212429,-0.234609,1.067177,-0.119548
161,0.086151,0.006469,0.360028,-0.446983,0.518154,-0.729224,-0.621022,-0.766425,-0.164,-0.643324,0.37891,0.665273,-0.013552,0.002084,0.001278,-0.022025,-0.085953,-0.083467,0.052057,-0.101737,0.029471,0.31206,0.842179,0.530349,0.097244,-0.43273,0.557479,0.708446,0.320443,-0.63938,0.698837,0.026111,0.009928,-0.012851,-0.567061,0.179948,0.503904,-1.407549,0.043197,0.036593,-0.024243,-0.745192,-0.643184,0.176075,0.590387,-0.513568,0.622647,-0.31005,0.567945,0.762434,0.007586,-0.002793,-0.003614,-0.170959,-0.097496,0.445055,-0.808903,0.079869,0.026146,-0.059799,-0.337835,0.590633,-0.732816,-0.742739,-0.645523,-0.177868,-0.578104,0.484201,0.656767,-0.006812,0.000931,0.00057,-0.02233,-0.085772,-0.083405,-0.123956
162,0.085949,0.006503,0.359973,-0.440362,0.518659,-0.732884,-0.628929,-0.760694,-0.160512,-0.64021,0.3896,0.662095,-0.000855,-0.002684,-0.002117,-0.002601,0.004148,-0.030491,0.057498,-0.101166,0.029592,0.311653,0.84766,0.521455,0.097715,-0.423573,0.554552,0.716234,0.318221,-0.649162,0.690787,-0.001066,0.007197,-0.011379,-0.117556,-0.037214,0.259626,-1.407629,0.043505,0.036645,-0.024458,-0.752862,-0.633831,0.177357,0.580176,-0.511848,0.633566,-0.310794,0.579887,0.753085,0.006185,0.004652,-0.005731,-0.099334,0.074089,0.110046,-0.808903,0.079759,0.026169,-0.059821,-0.331274,0.590041,-0.736279,-0.749532,-0.638555,-0.17449,-0.573112,0.494062,0.653792,-0.00043,-0.001356,-0.001061,0.007155,0.041835,-0.012313,-0.126733
163,0.086185,0.006284,0.359782,-0.443699,0.512401,-0.73527,-0.628837,-0.762518,-0.15199,-0.637992,0.394286,0.661462,0.011222,-0.009438,-0.007088,-0.007406,0.076824,-0.179773,0.06108,-0.100839,0.030299,0.311296,0.846135,0.523518,0.099877,-0.422757,0.545435,0.723679,0.323309,-0.655206,0.682671,0.00826,0.02954,-0.010654,-0.171749,0.075415,0.20543,-1.407427,0.04367,0.036993,-0.024649,-0.750635,-0.636014,0.178979,0.579393,-0.503432,0.640982,-0.31757,0.584843,0.746396,0.004065,0.015084,-0.005041,-0.176458,0.073185,0.204405,-0.811026,0.079879,0.026064,-0.059913,-0.335694,0.584441,-0.73874,-0.749862,-0.640447,-0.16593,-0.570102,0.498252,0.653244,0.005557,-0.004904,-0.00369,0.00575,0.110868,-0.158011,-0.118078
164,0.086442,0.006097,0.359616,-0.445693,0.509088,-0.736364,-0.628613,-0.763584,-0.147502,-0.63682,0.39651,0.661262,0.011039,-0.010053,-0.007585,-0.021848,0.008055,-0.216762,0.061821,-0.10087,0.03072,0.311246,0.84789,0.520613,0.100182,-0.419637,0.543816,0.726707,0.322776,-0.658856,0.679403,-0.003911,0.019472,6e-05,-0.07522,0.03193,0.095157,-1.40741,0.043658,0.037187,-0.024676,-0.752848,-0.633225,0.179569,0.576205,-0.502202,0.64481,-0.31813,0.588913,0.742949,-0.002018,0.010031,0.000303,-0.069728,0.041609,0.106762,-0.811515,0.079998,0.025976,-0.059992,-0.338127,0.58175,-0.739754,-0.749943,-0.641445,-0.161655,-0.568555,0.500114,0.653169,0.005562,-0.004898,-0.003694,-0.022487,-0.035803,-0.203775,-0.117098
165,0.086893,0.005688,0.359332,-0.453595,0.500569,-0.737379,-0.627757,-0.766703,-0.134386,-0.632062,0.401311,0.662928,0.010982,-0.010304,-0.007804,-0.008115,0.073875,-0.181312,0.062454,-0.101139,0.031541,0.311576,0.851144,0.515006,0.101559,-0.413804,0.53952,0.733224,0.321741,-0.666746,0.672158,-0.006375,0.030153,0.009905,-0.109818,0.033347,0.135584,-1.406827,0.043524,0.037597,-0.024518,-0.756466,-0.628287,0.181697,0.570954,-0.498875,0.652023,-0.319013,0.596974,0.736105,-0.002299,0.009936,0.009197,-0.158035,0.144153,-0.015786,-0.811679,0.080223,0.025769,-0.060136,-0.347228,0.57457,-0.741148,-0.749858,-0.644716,-0.148503,-0.563156,0.504192,0.654709,0.005573,-0.004902,-0.003708,0.00871,0.008115,0.013018,-0.114486
166,0.087174,0.005394,0.359109,-0.458438,0.495336,-0.737918,-0.624944,-0.769974,-0.128673,-0.63135,0.401548,0.663463,0.012014,-0.007077,-0.005254,-0.00322,0.080118,-0.145227,0.059252,-0.101563,0.032422,0.312472,0.853328,0.510978,0.103554,-0.40997,0.535203,0.738523,0.320864,-0.673292,0.666024,-0.006282,0.027298,0.02501,-0.04577,0.082432,-0.07484,-1.406933,0.043312,0.038041,-0.024074,-0.75906,-0.624478,0.183995,0.567049,-0.495356,0.658086,-0.319817,0.603862,0.730114,-0.009914,0.013005,0.012909,0.026685,-0.028226,0.049497,-0.813148,0.080366,0.025611,-0.060257,-0.353089,0.570488,-0.741532,-0.747691,-0.648491,-0.142887,-0.562393,0.503985,0.655524,-0.000761,-0.00243,-0.001937,-0.00303,0.114762,-0.197121,-0.117098
167,0.087182,0.005287,0.359012,-0.463067,0.492687,-0.7368,-0.622794,-0.772304,-0.125084,-0.630091,0.400334,0.66539,-0.013625,0.00197,0.001193,-0.000984,0.014714,-0.029553,0.053257,-0.102118,0.033226,0.31379,0.856202,0.505694,0.105745,-0.404393,0.528899,0.7461,0.320283,-0.682204,0.657175,-0.005405,0.021124,0.036882,-0.56368,0.309643,0.149945,-1.40666,0.043033,0.03845,-0.023415,-0.761231,-0.621044,0.18663,0.563434,-0.490936,0.664471,-0.321043,0.61097,0.723633,-0.009337,0.009392,0.018364,-0.02702,0.074444,-0.111291,-0.80678,0.080378,0.025551,-0.06031,-0.358235,0.568697,-0.740439,-0.746004,-0.65122,-0.139244,-0.561377,0.502489,0.65754,-8.5e-05,-0.00028,-0.000224,-0.004053,0.095138,-0.174755,-0.123957
168,0.087093,0.005304,0.359036,-0.464137,0.492071,-0.736538,-0.622313,-0.772829,-0.124231,-0.629778,0.400081,0.66584,0.000155,0.000491,0.000391,-0.0,-0.0,-0.0,0.053253,-0.102402,0.033652,0.314532,0.856006,0.505873,0.106482,-0.404786,0.528052,0.746488,0.320313,-0.682729,0.656616,-0.006026,0.023946,0.039222,-0.03393,-0.056128,0.07707,-1.406743,0.042891,0.038662,-0.023044,-0.761878,-0.61996,0.187587,0.562268,-0.489251,0.666698,-0.32155,0.613418,0.721334,-0.009685,0.011011,0.019717,-0.016167,0.048583,-0.097243,-0.804984,0.080329,0.025561,-0.060297,-0.359425,0.568267,-0.740193,-0.745627,-0.651838,-0.13837,-0.561117,0.502174,0.658002,-0.006538,0.001853,0.001286,-0.005061,0.109751,-0.204316,-0.126896
169,0.086664,0.005499,0.359191,-0.466827,0.490815,-0.735676,-0.622343,-0.773305,-0.12108,-0.627756,0.400704,0.667372,-0.012233,0.006362,0.004681,-0.157639,0.119192,-0.156152,0.067334,-0.103051,0.034653,0.316089,0.85418,0.508477,0.108715,-0.405777,0.521396,0.750617,0.323903,-0.685907,0.651523,-0.019751,0.024428,0.04105,-0.264005,0.176986,-0.017967,-1.4072,0.042571,0.039167,-0.022263,-0.759017,-0.622964,0.189229,0.563482,-0.48295,0.670258,-0.326158,0.615365,0.717597,-0.010022,0.012739,0.021011,-0.392394,0.195353,0.031669,-0.808576,0.080119,0.025656,-0.060221,-0.362159,0.56753,-0.739424,-0.745762,-0.652307,-0.135401,-0.559176,0.502398,0.659482,-0.012911,0.004228,0.002988,-0.582274,0.465865,-0.620043,-0.121017
170,0.085948,0.005945,0.359266,-0.464066,0.494732,-0.734798,-0.630922,-0.766818,-0.1179,-0.621215,0.408267,0.668908,-0.024981,0.018498,-0.003307,0.032536,0.011184,-0.043349,0.073861,-0.103822,0.035616,0.317637,0.845115,0.522598,0.112531,-0.415592,0.510154,0.752967,0.335018,-0.68376,0.64815,-0.019161,0.022376,0.038753,-0.142163,0.118139,-0.072834,-1.406825,0.042176,0.039666,-0.021466,-0.747958,-0.635554,0.191387,0.571572,-0.470145,0.672508,-0.337436,0.6124,0.714914,-0.009593,0.011135,0.019352,-0.133159,0.117872,-0.075635,-0.815924,0.079768,0.025881,-0.060175,-0.358882,0.570899,-0.738428,-0.753204,-0.64438,-0.132125,-0.551259,0.50877,0.66126,-0.012916,0.004172,0.002942,-3.2e-05,0.028025,-0.057891,-0.105831
171,0.085497,0.006235,0.359263,-0.463413,0.4939,-0.735769,-0.634746,-0.764342,-0.113366,-0.617801,0.413873,0.668624,-0.024771,0.019092,-0.002842,0.020817,-0.0551,-0.046348,0.074321,-0.104255,0.035885,0.318428,0.832825,0.541373,0.115363,-0.427466,0.496882,0.755192,0.350461,-0.678929,0.645054,-0.018013,0.017512,0.034322,-0.746478,-4.059855,-3.68043,-1.406837,0.041971,0.039799,-0.021093,-0.736936,-0.648056,0.192214,0.579019,-0.458461,0.674203,-0.348799,0.60814,0.713094,-0.014529,0.001754,0.020695,-0.14777,0.113652,-0.186231,-0.814618,0.079542,0.026025,-0.060178,-0.358338,0.56975,-0.739579,-0.75661,-0.641321,-0.127465,-0.546931,0.513898,0.660889,-0.013073,0.003663,0.002534,-0.007055,-0.010728,-0.078743,-0.104688
172,0.084574,0.006767,0.359168,-0.460019,0.490569,-0.740115,-0.641449,-0.759917,-0.105074,-0.613406,0.425796,0.665175,-0.025847,0.015657,-0.005582,-4.125161,-0.740439,3.314378,0.090962,-0.104966,0.035932,0.319789,0.815634,0.566577,0.117146,-0.44265,0.480968,0.756745,0.371374,-0.669787,0.642907,-0.013667,-0.004148,0.032733,-0.104463,-0.003652,-0.280478,-1.406953,0.04161,0.039846,-0.020405,-0.713025,-0.674841,0.190217,0.594588,-0.438219,0.674112,-0.371562,0.59376,0.713715,-0.006747,-0.002581,0.01594,-0.271124,-1.171939,-1.253852,-0.814455,0.079092,0.026295,-0.060222,-0.3587,0.564449,-0.743458,-0.758916,-0.640073,-0.1198,-0.543489,0.52125,0.657964,-0.013013,0.007544,-0.003006,-0.077229,-0.441551,-0.284949,-0.090319
173,0.083763,0.006975,0.359142,-0.451605,0.488373,-0.74672,-0.652291,-0.751692,-0.0972,-0.608218,0.442571,0.658961,-0.014008,0.000766,0.000207,-0.067615,-0.260298,-0.178246,0.109786,-0.1053,0.035323,0.320978,0.789417,0.603779,0.11074,-0.461151,0.464465,0.756006,0.404022,-0.648624,0.644916,0.001509,-0.011535,0.024614,0.352522,-0.344105,-0.317806,-1.407364,0.041434,0.039535,-0.019782,-0.683517,-0.707637,0.179033,0.609748,-0.418701,0.672974,-0.40126,0.569155,0.71767,0.000855,-0.006286,0.011887,0.54259,-0.372837,-0.354189,-0.815598,0.078672,0.026405,-0.060237,-0.34746,0.562618,-0.750154,-0.771985,-0.625742,-0.111738,-0.532269,0.540283,0.651753,-0.013738,0.001585,0.000871,-0.089568,-0.315333,-0.277927,-0.068438
174,0.083158,0.006966,0.359248,-0.441353,0.490796,-0.751247,-0.667979,-0.738672,-0.090218,-0.598662,0.461385,0.654794,-0.01469,-0.008734,0.009883,-0.080022,0.003566,-0.277765,0.128572,-0.105232,0.034831,0.32185,0.763391,0.639405,0.091575,-0.474851,0.459629,0.750461,0.436786,-0.617178,0.654348,0.002076,-0.014126,0.022405,0.402544,-0.351521,-0.064176,-1.40747,0.041469,0.039285,-0.019362,-0.655565,-0.738987,0.155341,0.622203,-0.412039,0.665646,-0.427898,0.533029,0.729919,8.4e-05,-0.001588,0.007267,0.651185,-0.304661,-0.27318,-0.817067,0.078363,0.026397,-0.060187,-0.336837,0.562827,-0.754828,-0.785236,-0.610289,-0.104647,-0.519562,0.55747,0.64752,-0.007343,-0.00436,0.004957,-0.070268,0.034458,-0.263381,-0.040678
175,0.082913,0.006933,0.359305,-0.442208,0.487907,-0.752624,-0.667237,-0.739664,-0.087537,-0.598856,0.462859,0.653575,-0.013808,0.001413,0.000712,-0.030673,-0.104701,-0.094029,0.135162,-0.105186,0.034707,0.322154,0.761053,0.643961,0.078119,-0.472573,0.468103,0.746651,0.443277,-0.605963,0.660437,0.000551,-0.004836,0.013093,0.597465,-0.484133,-0.12508,-1.407221,0.041492,0.03922,-0.019207,-0.654766,-0.742437,0.141658,0.62001,-0.420397,0.66246,-0.432282,0.521586,0.73558,0.000182,-0.002037,0.006878,0.092152,-0.804104,0.764569,-0.811515,0.078251,0.026381,-0.060158,-0.338162,0.560429,-0.756019,-0.784737,-0.611348,-0.102178,-0.519455,0.558723,0.646524,-0.007512,-0.004863,0.004556,-0.082415,-0.030666,-0.339108,-0.029248
176,0.082638,0.006809,0.359355,-0.440509,0.489988,-0.752269,-0.671296,-0.736112,-0.086441,-0.595569,0.466304,0.654129,-0.014949,-0.00947,0.009294,-0.035414,0.033197,-0.045195,0.134482,-0.104974,0.034589,0.322568,0.745726,0.662458,0.070953,-0.484061,0.465741,0.740746,0.456717,-0.587567,0.66786,0.014218,-0.005415,0.010863,0.081707,-0.068816,-0.044617,-1.407461,0.041593,0.03916,-0.018999,-0.636821,-0.759704,0.131556,0.632047,-0.416669,0.653377,-0.441558,0.499235,0.745513,-0.000406,0.001831,0.001558,0.090182,-0.186785,0.123866,-0.808413,0.078108,0.026323,-0.060136,-0.336166,0.56218,-0.755609,-0.788084,-0.6072,-0.101147,-0.515669,0.561481,0.647165,-0.000349,-0.001056,-0.000834,0.001261,0.002701,0.00078,-0.018144
177,0.082562,0.006616,0.35942,-0.437496,0.492729,-0.752236,-0.675976,-0.731834,-0.086292,-0.592494,0.470124,0.654187,-0.000565,-0.001713,-0.001364,-0.0,-0.0,-0.0,0.116212,-0.104568,0.034452,0.322725,0.718718,0.692359,0.063842,-0.502072,0.453452,0.736369,0.479965,-0.562162,0.673402,0.015392,-0.010706,0.006379,0.038683,-0.329548,0.053617,-1.407114,0.04179,0.039095,-0.018917,-0.607482,-0.785096,0.120786,0.647628,-0.40148,0.647604,-0.459938,0.471632,0.752342,0.000136,-0.000718,-0.000632,-0.032835,-3.163661,0.86442,-0.805963,0.078066,0.026228,-0.060102,-0.33273,0.564371,-0.755496,-0.791942,-0.602174,-0.101055,-0.511973,0.564686,0.647311,-0.000119,-0.000354,-0.000277,0.000496,0.000121,-0.000419,-0.028595
178,0.082521,0.006474,0.3595,-0.434671,0.495347,-0.752155,-0.680509,-0.727654,-0.086015,-0.589383,0.47384,0.654317,-0.001744,-0.01273,0.007117,-0.035014,0.032278,-0.040937,0.107208,-0.10435,0.034371,0.322759,0.702251,0.709309,0.060955,-0.511018,0.442786,0.736705,0.494666,-0.54939,0.673305,0.013353,0.000907,-0.000971,-0.097633,-1.238267,-1.088538,-1.406826,0.041906,0.039046,-0.018902,-0.590413,-0.798954,0.114384,0.654177,-0.390709,0.647609,-0.472719,0.457184,0.753338,0.007641,-0.005412,0.002876,-0.395459,-4.074943,-3.70702,-0.795839,0.078046,0.026158,-0.060061,-0.329484,0.566461,-0.755355,-0.795685,-0.597259,-0.100824,-0.508256,0.567805,0.647512,-0.000667,-0.005739,0.00406,-0.033955,0.018504,-0.016247,-0.039372
179,0.082505,0.006049,0.359732,-0.434437,0.495707,-0.752053,-0.681352,-0.726913,-0.085611,-0.588582,0.4746,0.654487,-0.001574,-0.012218,0.007529,-0.034433,0.018474,-0.015646,0.097595,-0.103824,0.034098,0.322852,0.685573,0.726115,0.052329,-0.516539,0.434695,0.737674,0.512013,-0.533669,0.672981,0.01557,-0.011378,0.005803,-0.034334,-0.009205,0.008927,-1.406879,0.042175,0.038906,-0.018859,-0.571622,-0.814049,0.102814,0.659174,-0.380985,0.648335,-0.488606,0.438376,0.75438,0.007808,-0.005778,0.002833,-0.03528,0.002555,0.005253,-0.796003,0.078038,0.025948,-0.05995,-0.329209,0.566759,-0.755251,-0.796363,-0.59642,-0.100438,-0.507372,0.568389,0.647693,-0.000913,-0.006482,0.003469,-0.034036,0.018531,-0.015976,-0.057007
180,0.082565,0.005485,0.359961,-0.43536,0.498044,-0.749973,-0.682301,-0.725964,-0.086094,-0.586797,0.473603,0.656808,-0.002455,-0.014899,0.005393,-0.005571,0.150238,0.022175,0.082434,-0.103542,0.033773,0.322999,0.664049,0.746576,0.040693,-0.522964,0.425041,0.738771,0.533404,-0.512797,0.672594,0.013055,0.002341,0.000235,-0.004028,-0.125445,-0.071118,-1.407072,0.042312,0.038738,-0.018789,-0.549439,-0.830913,0.087742,0.664277,-0.37071,0.649082,-0.506804,0.414916,0.75564,0.00102,-0.005766,0.003722,-0.055729,-0.357908,-0.359382,-0.802697,0.078069,0.025667,-0.059829,-0.329763,0.569187,-0.75318,-0.797112,-0.595339,-0.100908,-0.505834,0.567094,0.650027,-0.001132,-0.007147,0.002936,0.004154,0.170815,0.065344,-0.07301
181,0.082561,0.005151,0.360071,-0.435986,0.497915,-0.749694,-0.682526,-0.725855,-0.085228,-0.58607,0.473905,0.657239,-0.002878,-0.016188,0.004364,-0.03463,0.033842,-0.040103,0.075238,-0.103468,0.033691,0.323102,0.64946,0.759456,0.037684,-0.530851,0.417525,0.737431,0.543482,-0.49989,0.674241,-0.000524,0.002341,0.001988,0.098714,-0.065702,-0.020183,-1.407104,0.042354,0.038698,-0.018744,-0.533925,-0.84151,0.082361,0.670804,-0.362278,0.647128,-0.514727,0.400766,0.757919,0.006315,0.002125,0.00094,0.147536,-0.079212,-0.040845,-0.801228,0.078068,0.025501,-0.059772,-0.330407,0.569314,-0.752802,-0.797347,-0.595155,-0.100133,-0.505041,0.567161,0.650584,-0.001369,-0.007867,0.002363,-0.038575,0.019579,-0.047369,-0.08444
182,0.082437,0.004389,0.36028,-0.437591,0.497513,-0.749026,-0.682907,-0.725738,-0.083152,-0.584428,0.474506,0.658266,-0.003656,-0.018545,0.002471,-0.035084,0.032041,-0.041064,0.065397,-0.103367,0.033552,0.323335,0.643641,0.764635,0.032409,-0.53249,0.417166,0.736451,0.548774,-0.492228,0.67559,-0.000697,0.003111,0.00264,0.058449,-0.214513,0.180179,-1.407137,0.042405,0.038627,-0.018623,-0.528047,-0.845766,0.076448,0.67252,-0.361511,0.645775,-0.518538,0.392413,0.75969,0.000758,-0.004596,0.004713,-0.000337,-0.649812,0.615769,-0.800248,0.078007,0.025132,-0.059671,-0.332145,0.569043,-0.752242,-0.797673,-0.595081,-0.097952,-0.503385,0.567509,0.651564,-0.00851,-0.007778,0.002218,-0.035997,0.046489,-0.070935,-0.100279
183,0.08217,0.003385,0.360539,-0.441605,0.496404,-0.747405,-0.683696,-0.725566,-0.078007,-0.580472,0.475928,0.660735,-0.005195,-0.030651,0.010085,-0.06959,0.050305,-0.056836,0.051961,-0.103166,0.033564,0.32364,0.641261,0.766972,0.023017,-0.531782,0.422748,0.733775,0.552234,-0.483745,0.67889,0.011489,0.009306,0.006133,0.507251,-0.28864,-0.174696,-1.406983,0.042506,0.038631,-0.018472,-0.527752,-0.846776,0.06669,0.670583,-0.367173,0.644594,-0.52134,0.384907,0.76161,0.0057,0.004832,0.003214,0.478346,-0.278149,-0.177389,-0.787022,0.077874,0.024633,-0.059546,-0.336204,0.568675,-0.750716,-0.798537,-0.594733,-0.092896,-0.499304,0.568243,0.65406,-0.009387,-0.014118,0.005795,-0.066903,0.062126,-0.08284,-0.116772
184,0.081589,0.002261,0.361042,-0.441071,0.49657,-0.747609,-0.683489,-0.725673,-0.078829,-0.581122,0.475592,0.660406,-0.031747,-0.023761,0.014728,-0.071585,0.079597,-0.116002,0.026709,-0.102861,0.033742,0.324066,0.63097,0.775492,0.021899,-0.537931,0.417144,0.732499,0.558105,-0.47494,0.680304,0.012993,0.000127,0.015539,-0.009444,-0.036577,0.022552,-1.407012,0.042658,0.038722,-0.018257,-0.515461,-0.854536,0.06378,0.677357,-0.360733,0.641138,-0.524868,0.373684,0.76477,0.006462,0.000201,0.007886,-0.044177,-0.030146,0.023601,-0.798289,0.077591,0.024053,-0.059295,-0.335595,0.568761,-0.750922,-0.798353,-0.594846,-0.093754,-0.500007,0.568038,0.6537,-0.009652,-0.018561,0.010911,-0.106611,0.084477,-0.103937,-0.145184
185,0.08108,0.001628,0.361459,-0.439434,0.497048,-0.748255,-0.683131,-0.725771,-0.080995,-0.582781,0.474942,0.659411,-0.032557,-0.033484,0.024286,0.3963,-0.306095,0.388796,0.017851,-0.102678,0.033749,0.32433,0.626299,0.779263,0.022133,-0.540196,0.41349,0.732903,0.561172,-0.471952,0.679861,0.013154,-0.000606,0.014911,-0.031539,-0.025306,0.032525,-1.40681,0.042744,0.038729,-0.018127,-0.510336,-0.85764,0.06332,0.679046,-0.356693,0.641612,-0.527686,0.370435,0.764411,8.3e-05,-0.00162,0.007217,-0.04152,-0.006331,0.00462,-0.802535,0.077336,0.02374,-0.059091,-0.334534,0.568861,-0.751321,-0.798055,-0.595019,-0.095174,-0.501192,0.567757,0.653037,-0.016237,-0.016594,0.012273,1.566902,-1.246878,1.600854,-0.160534
186,0.079703,0.000298,0.36271,-0.434774,0.498506,-0.750006,-0.682466,-0.725723,-0.086815,-0.587041,0.473485,0.656675,-0.045214,-0.03513,0.039938,0.361506,-0.286721,0.368861,0.008691,-0.102203,0.033529,0.325076,0.621512,0.783224,0.016588,-0.539004,0.412307,0.734446,0.567601,-0.466392,0.678359,0.014859,-0.010591,0.023646,-0.06818,-0.019004,0.012312,-1.406728,0.042976,0.038621,-0.017765,-0.50593,-0.860694,0.056918,0.677816,-0.355887,0.643357,-0.533477,0.364074,0.763447,0.007362,-0.005041,0.012033,-0.068217,-0.015058,0.011832,-0.805473,0.076663,0.023084,-0.05849,-0.331032,0.569302,-0.752537,-0.797467,-0.595115,-0.099415,-0.504443,0.567214,0.651002,-0.022683,-0.017755,0.019834,-0.148265,0.136171,-0.184136,-0.180945
187,0.078148,-0.000987,0.364267,-0.431405,0.499807,-0.751084,-0.68272,-0.725045,-0.090412,-0.589229,0.47315,0.654954,-0.045301,-0.042339,0.051599,-0.17023,0.044299,0.009231,0.013195,-0.101732,0.033192,0.326009,0.615407,0.788141,0.00995,-0.539116,0.411831,0.734631,0.574107,-0.458452,0.678296,0.001617,-0.012041,0.024158,-0.039314,-0.019758,-0.030845,-1.407051,0.043216,0.038458,-0.0173,-0.500194,-0.8645,0.049447,0.678053,-0.355521,0.64331,-0.538562,0.355308,0.764006,0.007175,-0.004246,0.012694,-0.053256,-0.035285,-0.008903,-0.788165,0.075874,0.022431,-0.057701,-0.325504,0.570234,-0.75424,-0.797218,-0.594425,-0.105356,-0.508417,0.567001,0.648089,-0.02208,-0.015709,0.021509,-0.146925,0.122226,-0.157948,-0.185354
188,0.07663,-0.002164,0.365952,-0.4312,0.503155,-0.748964,-0.685524,-0.722361,-0.090678,-0.586119,0.473703,0.657341,-0.043054,-0.027957,0.045793,-0.134663,0.013993,0.051165,0.003976,-0.10126,0.032836,0.327028,0.612608,0.79036,0.005883,-0.539991,0.413234,0.7332,0.576276,-0.453335,0.679895,0.014113,-0.007356,0.026324,-0.009318,-0.064183,0.010885,-1.40666,0.043453,0.038274,-0.016783,-0.497662,-0.866203,0.045,0.679005,-0.356779,0.641607,-0.539707,0.349859,0.765712,0.00713,-0.004067,0.012833,-0.049198,-0.047466,-0.018841,-0.790777,0.075098,0.021826,-0.05684,-0.324834,0.573541,-0.752019,-0.799582,-0.591212,-0.10552,-0.505124,0.567025,0.650639,-0.021501,-0.013829,0.023044,-0.13641,0.009212,0.048337,-0.186334
189,0.075891,-0.002626,0.366747,-0.431925,0.505771,-0.746781,-0.687151,-0.720798,-0.090808,-0.583676,0.473296,0.659803,-0.041913,-0.017092,0.037099,-0.094438,0.032505,0.053079,-0.004293,-0.100977,0.032657,0.327512,0.609847,0.792494,0.005645,-0.543382,0.413087,0.730773,0.57602,-0.449724,0.682504,0.014675,-0.0098,0.024281,0.010795,-0.059852,-0.022958,-1.407012,0.043593,0.038191,-0.016537,-0.494699,-0.867933,0.044303,0.682042,-0.356142,0.638732,-0.538599,0.346198,0.768151,0.007305,-0.004828,0.012194,-0.028826,-0.060779,-0.030743,-0.798942,0.074729,0.021598,-0.056441,-0.325156,0.576456,-0.749647,-0.800913,-0.589357,-0.105805,-0.502802,0.566,0.653324,-0.020918,-0.008361,0.018725,-0.103319,0.001527,0.037838,-0.194171
