frame,MLTx,MLTy,MLTz,MLTR1,MLTR2,MLTR3,MLTR4,MLTR5,MLTR6,MLTR7,MLTR8,MLTR9,MLTTVx,MLTTVy,MLTTVz,MLTRVx,MLTRVy,MLTRVz,MLGA,MRTx,MRTy,MRTz,MRTR1,MRTR2,MRTR3,MRTR4,MRTR5,MRTR6,MRTR7,MRTR8,MRTR9,MRTTVx,MRTTVy,MRTTVz,MRTRVx,MRTRVy,MRTRVz,MRGA,SLTx,SLTy,SLTz,SLTR1,SLTR2,SLTR3,SLTR4,SLTR5,SLTR6,SLTR7,SLTR8,SLTR9,SLTTVx,SLTTVy,SLTTVz,SLTRVx,SLTRVy,SLTRVz,SLGA,SRTx,SRTy,SRTz,SRTR1,SRTR2,SRTR3,SRTR4,SRTR5,SRTR6,SRTR7,SRTR8,SRTR9,SRTTVx,SRTTVy,SRTTVz,SRTRVx,SRTRVy,SRTRVz,SRGA
12,0.202956,0.015643,0.43384,-0.503571,0.648852,-0.570485,-0.676043,-0.707024,-0.207493,-0.537359,0.280374,0.795401,2.8e-05,-0.000611,-0.000258,1.3e-05,-4e-06,8e-06,-0.456898,-0.248412,0.031177,0.374209,0.665221,0.375875,0.645129,-0.716859,0.56281,0.41145,-0.209254,-0.736634,0.642998,0.000808,0.003467,0.002094,0.25371,0.527448,-0.587426,-1.405573,-0.004506,0.038202,0.010186,-0.663871,-0.307959,0.681495,0.684708,-0.61677,0.388289,0.300749,0.7244,0.620317,0.000342,0.001478,0.000893,0.018334,-0.020909,-0.004847,-0.908673,0.116137,0.031356,-0.023871,-0.53214,0.704125,-0.470142,-0.676596,-0.687476,-0.263805,-0.508964,0.177715,0.842242,2e-05,-0.000477,-0.000201,-0.005141,0.001378,-0.002403,-0.542307
13,0.202957,0.015636,0.433848,-0.503462,0.648927,-0.570495,-0.676118,-0.706937,-0.207546,-0.537367,0.280419,0.79538,0.0,-0.0,-0.0,0.0,-0.0,0.0,-0.456606,-0.248382,0.031223,0.374305,0.664566,0.370831,0.648713,-0.716703,0.561616,0.413351,-0.211866,-0.740089,0.638156,0.000608,0.002609,0.001575,-0.148775,0.232435,0.139979,-1.405652,-0.004491,0.038225,0.010233,-0.660466,-0.30439,0.686388,0.686148,-0.61592,0.387094,0.304933,0.726627,0.615652,0.0002,0.000878,0.000529,-0.324009,0.445026,0.253432,-0.908347,0.116138,0.031351,-0.023868,-0.532055,0.70419,-0.470141,-0.676686,-0.687392,-0.263793,-0.508932,0.177786,0.842246,-2e-06,8e-06,3e-06,-0.00012,-1.2e-05,-6.7e-05,-0.54296
14,0.202957,0.015636,0.433848,-0.503584,0.648841,-0.570485,-0.676049,-0.707028,-0.207462,-0.537339,0.28039,0.795409,0.0,-0.0,-0.0,0.0,0.0,0.0,-0.457315,-0.248356,0.031222,0.374418,0.664717,0.362636,0.653175,-0.712763,0.569504,0.409351,-0.224363,-0.738108,0.636177,0.000409,0.001758,0.00106,0.00058,0.001321,-0.001409,-1.405617,-0.004477,0.038226,0.010291,-0.659801,-0.294909,0.691151,0.681099,-0.623249,0.384269,0.317435,0.724284,0.612083,9.3e-05,-0.004358,0.004948,-0.034106,0.012467,-0.01691,-0.913899,0.116138,0.031351,-0.023868,-0.532175,0.704102,-0.470137,-0.676614,-0.68749,-0.263723,-0.508903,0.177755,0.84227,-4e-06,5e-06,3e-06,-1.8e-05,-3.3e-05,-2.2e-05,-0.54394
15,0.202956,0.015644,0.433851,-0.503566,0.648854,-0.570486,-0.67606,-0.707014,-0.207474,-0.537343,0.280394,0.795405,-9e-06,0.000196,8.3e-05,0.0,0.0,0.0,-0.45735,-0.248343,0.031187,0.374475,0.662776,0.362445,0.655251,-0.71401,0.569269,0.4075,-0.226137,-0.738383,0.635229,0.000182,0.000784,0.000473,0.006856,0.014022,-0.01605,-1.405461,-0.004471,0.03821,0.010321,-0.657745,-0.2949,0.693111,0.682282,-0.623142,0.382339,0.319156,0.72438,0.611074,9.1e-05,0.000403,0.000243,0.021912,0.045103,-0.053475,-0.916511,0.116138,0.031355,-0.023866,-0.532158,0.704114,-0.470138,-0.676624,-0.687476,-0.263733,-0.508907,0.177759,0.842267,-8e-06,0.000105,4.6e-05,-3e-06,-5e-06,-1e-06,-0.544266
16,0.202947,0.015651,0.433844,-0.503574,0.648851,-0.570482,-0.676043,-0.707026,-0.207492,-0.537357,0.280372,0.795403,-0.0,0.0,0.0,0.0,0.0,0.0,-0.456713,-0.248335,0.031109,0.37461,0.664518,0.358517,0.655647,-0.711023,0.573001,0.407493,-0.230415,-0.737407,0.634825,6.9e-05,0.000296,0.000178,-0.0,0.0,0.0,-1.405549,-0.004466,0.038171,0.010388,-0.659159,-0.290854,0.693478,0.678983,-0.626586,0.382584,0.323248,0.723044,0.610505,-0.000124,-0.005288,0.004389,-0.036364,0.015818,-0.015769,-0.918797,0.116133,0.031359,-0.02387,-0.532165,0.704112,-0.470134,-0.676608,-0.687485,-0.263752,-0.508921,0.177737,0.842263,-1e-06,-4e-06,0.0,8e-06,2e-06,3e-06,-0.544266
17,0.202965,0.015645,0.433851,-0.503545,0.648866,-0.57049,-0.67607,-0.707,-0.207488,-0.537349,0.280401,0.795398,-0.0,0.0,0.0,0.0,0.0,0.0,-0.459373,-0.248283,0.030971,0.374706,0.663356,0.360985,0.65547,-0.712245,0.572921,0.405466,-0.229985,-0.736267,0.636303,0.012299,-0.001788,-0.001791,0.01139,-0.029889,0.020428,-1.405292,-0.004441,0.038101,0.010435,-0.658214,-0.293659,0.693194,0.680128,-0.626733,0.380303,0.322768,0.721782,0.61225,0.006141,-0.000924,-0.000915,-0.010406,-0.007923,0.030419,-0.917817,0.116142,0.031356,-0.023866,-0.532137,0.704128,-0.470142,-0.676636,-0.68746,-0.263744,-0.508913,0.177767,0.842261,0.0,-2e-06,-1e-06,6e-06,1.3e-05,9e-06,-0.544593
18,0.202965,0.015651,0.433844,-0.499681,0.651847,-0.570491,-0.680239,-0.702982,-0.207518,-0.5357,0.283562,0.79539,-0.0,0.0,0.0,-0.0,-0.0,0.0,-0.459827,-0.248272,0.030928,0.374759,0.662668,0.363404,0.654828,-0.713038,0.573231,0.403629,-0.229506,-0.734837,0.638126,3.8e-05,0.000165,0.0001,-0.001809,0.08214,-0.182169,-1.405522,-0.004435,0.038079,0.010461,-0.657756,-0.296169,0.69256,0.680825,-0.62711,0.378431,0.322232,0.720428,0.614125,1.5e-05,6.8e-05,4.1e-05,-0.023902,0.104882,-0.171675,-0.918307,0.116142,0.031359,-0.02387,-0.528292,0.707154,-0.469935,-0.680854,-0.683514,-0.263141,-0.50729,0.180942,0.842565,0.0,1e-06,-0.0,0.000289,-4.9e-05,-6.5e-05,-0.545246
19,0.202965,0.015651,0.433844,-0.499681,0.651847,-0.570491,-0.680239,-0.702982,-0.207518,-0.5357,0.283562,0.79539,-0.0,0.0,0.0,-0.0,-0.0,0.0,-0.460125,-0.248274,0.030905,0.374767,0.662521,0.363424,0.654966,-0.713167,0.573122,0.403557,-0.229532,-0.734913,0.63803,-0.000152,-0.000654,-0.000394,0.000137,-0.000215,-0.000129,-1.405397,-0.004436,0.038069,0.010467,-0.657598,-0.296035,0.692768,0.680971,-0.626902,0.378511,0.322246,0.720663,0.613841,-0.000106,-0.000453,-0.000273,-0.00454,0.004628,0.002124,-0.918144,0.116142,0.031359,-0.02387,-0.528294,0.707152,-0.469936,-0.680851,-0.683517,-0.263143,-0.507292,0.180939,0.842564,-0.0,1e-06,-0.0,8.7e-05,2.5e-05,-0.000113,-0.54541
20,0.202965,0.01566,0.433847,-0.495795,0.654806,-0.570492,-0.684399,-0.698928,-0.20753,-0.534015,0.286733,0.795386,-0.0,6e-06,3e-06,-0.945852,-0.344076,1.318717,-0.460145,-0.248284,0.03089,0.374782,0.662152,0.363487,0.655304,-0.713474,0.572905,0.403324,-0.229642,-0.735051,0.637831,-0.012303,0.001777,0.001784,-0.002044,0.015205,-0.029245,-1.40517,-0.004437,0.038059,0.010472,-0.657238,-0.296074,0.693093,0.681268,-0.626698,0.378314,0.322351,0.720825,0.613596,-1e-06,-0.0,-1e-06,-9.1e-05,8.2e-05,4.3e-05,-0.918634,0.116141,0.031363,-0.023868,-0.525593,0.709255,-0.469796,-0.683793,-0.680741,-0.262712,-0.50614,0.183164,0.842776,-0.000111,-0.000105,-6.9e-05,-3.146631,-1.153511,4.398319,-0.546063
21,0.202956,0.015659,0.433847,-0.495816,0.654794,-0.570488,-0.684389,-0.698943,-0.207517,-0.534009,0.286727,0.795393,-0.0,0.0,0.0,-0.0,-0.0,0.0,-0.459092,-0.248301,0.0309,0.374789,0.661475,0.363619,0.655914,-0.714018,0.572574,0.402829,-0.229901,-0.735243,0.637516,2.2e-05,9.3e-05,5.6e-05,0.0,-0.0,-0.0,-1.405407,-0.00445,0.038065,0.010476,-0.656526,-0.29626,0.693687,0.681829,-0.626414,0.377774,0.322616,0.720995,0.613256,1.2e-05,5.3e-05,3.2e-05,-2.1e-05,1.4e-05,-0.0,-0.919614,0.116137,0.031363,-0.023868,-0.524454,0.71014,-0.469731,-0.685044,-0.67956,-0.26251,-0.505629,0.184112,0.842876,1e-06,-2e-06,-2e-06,0.000145,2.2e-05,-0.000183,-0.545736
22,0.202965,0.01566,0.433847,-0.495795,0.654806,-0.570492,-0.684399,-0.698928,-0.20753,-0.534015,0.286733,0.795386,-0.0,0.0,0.0,0.0,0.0,0.0,-0.457583,-0.248298,0.030907,0.374804,0.663309,0.359752,0.656194,-0.710868,0.576625,0.402622,-0.234353,-0.733973,0.637359,0.000374,0.001609,0.000969,0.001638,-0.014014,0.025141,-1.405158,-0.004449,0.038064,0.010482,-0.657993,-0.292236,0.694004,0.678342,-0.630183,0.377782,0.326948,0.719351,0.612893,1.7e-05,7.3e-05,4.3e-05,0.000508,-0.000615,-0.000292,-0.91945,0.116141,0.031363,-0.023868,-0.524436,0.710151,-0.469734,-0.685053,-0.679547,-0.262521,-0.505637,0.184118,0.84287,1e-06,-2e-06,-3e-06,9.9e-05,4.3e-05,-0.000157,-0.545083
23,0.202965,0.01566,0.433847,-0.495795,0.654806,-0.570492,-0.684399,-0.698928,-0.20753,-0.534015,0.286733,0.795386,-0.0,0.0,0.0,0.0,0.0,0.0,-0.458079,-0.248275,0.030927,0.374804,0.662731,0.35987,0.656713,-0.711328,0.576364,0.402182,-0.234592,-0.73412,0.637102,2.7e-05,0.000115,6.9e-05,0.0,-0.0,-0.0,-1.404757,-0.004437,0.038079,0.010484,-0.657418,-0.2924,0.69448,0.67879,-0.629975,0.377324,0.327175,0.719467,0.612636,8e-06,3.8e-05,2.1e-05,-8e-05,-6.6e-05,-5.6e-05,-0.918144,0.116141,0.031363,-0.023868,-0.52444,0.710148,-0.469735,-0.685048,-0.679551,-0.262521,-0.505638,0.184114,0.84287,1e-06,-1e-06,-3e-06,6.6e-05,4.2e-05,-9.8e-05,-0.54492
24,0.202965,0.01566,0.433847,-0.495795,0.654806,-0.570492,-0.684399,-0.698928,-0.20753,-0.534015,0.286733,0.795386,-0.0,0.0,0.0,0.0,0.0,0.0,-0.458093,-0.248263,0.03094,0.374812,0.662234,0.359968,0.657161,-0.711728,0.576124,0.401818,-0.234783,-0.734261,0.636869,8e-06,3.6e-05,2.2e-05,0.0,-0.0,-0.0,-1.404713,-0.004431,0.038085,0.010488,-0.656908,-0.292537,0.694905,0.679193,-0.629772,0.376937,0.327364,0.719589,0.612392,-0.0,-1e-06,-0.0,-6.1e-05,-3.1e-05,-4.8e-05,-0.919287,0.116141,0.031363,-0.023868,-0.524444,0.710146,-0.469734,-0.685045,-0.679555,-0.262521,-0.505639,0.184112,0.84287,1e-06,-1e-06,-3e-06,3.7e-05,2.3e-05,-6.5e-05,-0.545083
25,0.202956,0.015651,0.433844,-0.495834,0.654782,-0.570486,-0.684379,-0.698956,-0.207505,-0.534005,0.286722,0.795397,0.0,-1e-06,-1e-06,0.0,0.0,0.0,-0.458286,-0.248255,0.030932,0.374806,0.661907,0.360031,0.657455,-0.71199,0.575966,0.40158,-0.234909,-0.734353,0.636716,-6e-06,-2.5e-05,-1.5e-05,0.0,-0.0,-0.0,-1.405077,-0.004427,0.03808,0.010485,-0.656573,-0.292626,0.695184,0.679458,-0.629639,0.376683,0.327488,0.719669,0.612231,-3e-06,-1.3e-05,-7e-06,-3.6e-05,-2.3e-05,-2.9e-05,-0.91994,0.116137,0.031359,-0.02387,-0.524483,0.710119,-0.46973,-0.685022,-0.679586,-0.2625,-0.505629,0.184099,0.842879,0.0,6e-06,0.0,1.8e-05,-3e-06,-6.3e-05,-0.545083
26,0.202956,0.015651,0.433844,-0.495834,0.654782,-0.570486,-0.684379,-0.698956,-0.207505,-0.534005,0.286722,0.795397,0.0,-0.0,-0.0,0.0,0.0,0.0,-0.458295,-0.248253,0.030947,0.374804,0.661825,0.360052,0.657527,-0.712052,0.575945,0.401502,-0.234955,-0.73436,0.636691,4.9e-05,0.00021,0.000126,0.0,-0.0,-0.0,-1.404367,-0.004426,0.038088,0.010483,-0.656489,-0.292654,0.695252,0.679517,-0.629624,0.376602,0.327533,0.719671,0.612204,0.000174,0.005519,-0.004253,0.035633,-0.016321,0.015271,-0.920267,0.116137,0.031359,-0.02387,-0.524483,0.710119,-0.46973,-0.685022,-0.679586,-0.2625,-0.505629,0.184099,0.842879,-1e-06,5e-06,0.0,6e-06,-2.2e-05,-7.4e-05,-0.54492
27,0.202965,0.015651,0.433844,-0.495813,0.654794,-0.570491,-0.684389,-0.698941,-0.207518,-0.534011,0.286729,0.79539,0.0,-0.0,-0.0,0.0,0.0,0.0,-0.457981,-0.248228,0.030928,0.374802,0.661634,0.360083,0.657702,-0.71221,0.575835,0.40138,-0.235015,-0.734431,0.636586,-8e-05,-0.000342,-0.000206,-0.011155,0.096814,-0.17336,-1.404456,-0.004413,0.038079,0.010483,-0.656404,-0.29267,0.695325,0.67959,-0.629573,0.376556,0.327551,0.71971,0.61215,-6.2e-05,-0.000268,-0.000161,-3.1e-05,-2e-05,-1.5e-05,-0.921083,0.116142,0.031359,-0.02387,-0.524462,0.710132,-0.469733,-0.685034,-0.67957,-0.262511,-0.505635,0.184106,0.842874,-3e-06,3e-06,0.0,1.9e-05,-2.8e-05,-7.1e-05,-0.545083
28,0.202965,0.015645,0.433851,-0.494235,0.655705,-0.570813,-0.683926,-0.698547,-0.210355,-0.536063,0.285609,0.794413,0.0,-0.0,-0.0,0.0,-0.0,0.0,-0.45751,-0.248193,0.030907,0.374798,0.661351,0.360132,0.65796,-0.712441,0.575681,0.401191,-0.23511,-0.734529,0.636439,-0.0,-1e-06,-1e-06,0.0,-0.0,-0.0,-1.404337,-0.004396,0.038068,0.010481,-0.656002,-0.292769,0.695663,0.679912,-0.629396,0.376268,0.327688,0.719823,0.611943,2e-06,9e-06,6e-06,-1.5e-05,-1.5e-05,-2.3e-05,-0.921247,0.116142,0.031356,-0.023866,-0.52291,0.711096,-0.470007,-0.684683,-0.67884,-0.265299,-0.507713,0.183078,0.841848,-0.0,0.0,1e-06,-0.000192,8.5e-05,-0.000122,-0.545083
29,0.202965,0.015645,0.433851,-0.494235,0.655705,-0.570813,-0.683926,-0.698547,-0.210355,-0.536063,0.285609,0.794413,0.0,-0.0,-0.0,0.0,0.0,0.0,-0.457583,-0.248181,0.030921,0.374795,0.660856,0.362559,0.657124,-0.713044,0.576215,0.399349,-0.234674,-0.732916,0.638456,6.8e-05,0.000291,0.000175,0.055319,-0.088026,-0.052783,-1.404298,-0.00439,0.038074,0.010479,-0.655791,-0.295223,0.694824,0.680304,-0.630111,0.374359,0.327297,0.718193,0.614063,4.6e-05,0.000194,0.000117,0.065518,-0.105605,-0.063645,-0.920757,0.116142,0.031356,-0.023866,-0.522911,0.711095,-0.470006,-0.684684,-0.67884,-0.265298,-0.507712,0.183079,0.841849,-0.0,0.0,1e-06,-1.4e-05,6e-06,-5.1e-05,-0.544593
30,0.202956,0.015651,0.433844,-0.494366,0.655618,-0.570799,-0.683841,-0.69865,-0.210289,-0.53605,0.285557,0.79444,0.0,-0.0,-0.0,0.0,0.0,0.0,-0.456888,-0.248155,0.03091,0.374786,0.660894,0.362549,0.657091,-0.713012,0.576234,0.399378,-0.234661,-0.732906,0.638472,-2.5e-05,-0.00011,-6.6e-05,1.2e-05,-1.9e-05,-1.1e-05,-1.404118,-0.004377,0.038069,0.010475,-0.655791,-0.295257,0.694809,0.680356,-0.630015,0.374426,0.327189,0.718264,0.614038,-1.5e-05,-6.6e-05,-3.9e-05,-0.001323,0.001582,0.000812,-0.921573,0.116137,0.031359,-0.02387,-0.52304,0.711006,-0.469998,-0.684596,-0.678948,-0.265247,-0.507698,0.183024,0.841869,1e-06,0.0,1e-06,-1.6e-05,-8e-06,-5.7e-05,-0.54443
31,0.202965,0.015643,0.43384,-0.494362,0.655619,-0.570802,-0.683842,-0.698648,-0.21029,-0.536052,0.285559,0.794438,1.7e-05,-0.000375,-0.000159,0.0,0.0,0.0,-0.458191,-0.248136,0.030906,0.374795,0.660717,0.362579,0.657253,-0.713159,0.57613,0.399265,-0.234714,-0.732974,0.638375,0.000179,0.000772,0.000465,0.0,-0.0,-0.0,-1.404017,-0.004368,0.038065,0.010478,-0.655609,-0.295281,0.69497,0.680503,-0.629921,0.374318,0.327247,0.718336,0.613922,0.000144,0.000616,0.000373,4.7e-05,7.2e-05,0.000103,-0.92092,0.116142,0.031356,-0.023871,-0.523037,0.711006,-0.470001,-0.684596,-0.678948,-0.265248,-0.5077,0.183027,0.841867,1.3e-05,-0.000289,-0.000122,9e-06,6e-06,-3.6e-05,-0.544756
32,0.202975,0.015629,0.433844,-0.494373,0.655609,-0.570805,-0.683849,-0.69865,-0.210261,-0.536034,0.285577,0.794444,1e-06,-2.8e-05,-1.2e-05,0.0,0.0,0.0,-0.459326,-0.248125,0.030904,0.374804,0.660411,0.362634,0.65753,-0.713409,0.575963,0.39906,-0.234816,-0.733077,0.638218,4.2e-05,0.000179,0.000108,0.0,-0.0,-0.0,-1.403801,-0.004362,0.038067,0.010484,-0.655297,-0.295356,0.695233,0.680752,-0.629782,0.374098,0.327353,0.718428,0.613759,3e-05,0.000129,7.8e-05,6.3e-05,2e-05,4.4e-05,-0.922063,0.116147,0.031347,-0.023869,-0.523048,0.710996,-0.470005,-0.684602,-0.678954,-0.265219,-0.507681,0.183044,0.841875,2e-06,-7e-06,-4e-06,1.4e-05,1.5e-05,-2e-05,-0.545083
33,0.202967,0.01562,0.433841,-0.489753,0.660882,-0.568703,-0.687782,-0.693669,-0.213895,-0.535248,0.285562,0.794979,1.5e-05,-0.000319,-0.000135,9e-05,0.020704,0.010682,-0.459639,-0.24811,0.030925,0.374816,0.660367,0.362642,0.65757,-0.713444,0.575942,0.399028,-0.234834,-0.73309,0.638197,0.000306,0.001321,0.000796,0.0,-0.0,-0.0,-1.403718,-0.004355,0.038075,0.010488,-0.655253,-0.295366,0.69527,0.680786,-0.629765,0.374064,0.327371,0.718438,0.613737,0.0002,0.000863,0.00052,4.5e-05,1.6e-05,4.5e-05,-0.9219,0.116142,0.031344,-0.023871,-0.518467,0.716203,-0.467165,-0.688767,-0.673548,-0.268202,-0.506746,0.182714,0.84251,-0.005974,-0.000532,-4.8e-05,-0.029753,0.00288,0.002795,-0.545573
34,0.202958,0.015604,0.433834,-0.489564,0.661012,-0.568714,-0.687886,-0.693526,-0.214023,-0.535288,0.285606,0.794936,6.3e-05,-0.001389,-0.000588,1e-06,5e-06,2e-06,-0.46457,-0.24809,0.030998,0.374883,0.660316,0.362643,0.65762,-0.713494,0.57588,0.399026,-0.234822,-0.733138,0.638146,0.000382,-0.007896,0.010396,-0.035666,0.01629,-0.015301,-1.403534,-0.004345,0.038114,0.010518,-0.655212,-0.295371,0.695306,0.680824,-0.629732,0.37405,0.327374,0.718465,0.613704,0.000401,0.00173,0.00104,0.00165,-0.014004,0.025141,-0.922226,0.116138,0.031338,-0.023873,-0.518208,0.716195,-0.467465,-0.688841,-0.673472,-0.2682,-0.506908,0.183026,0.842344,3.8e-05,-0.000802,-0.000339,-0.00079,0.008492,-0.027729,-0.547859
35,0.202967,0.015604,0.433834,-0.489666,0.660941,-0.568709,-0.68783,-0.693604,-0.213953,-0.535267,0.285583,0.794958,0.0,-0.0,-0.0,0.0,0.0,0.0,-0.47136,-0.248076,0.031029,0.375016,0.659657,0.362729,0.658234,-0.714072,0.575376,0.39872,-0.23492,-0.733491,0.637704,0.000474,0.002044,0.001228,0.0,-0.0,-0.0,-1.403608,-0.004338,0.03813,0.01059,-0.654522,-0.295502,0.695901,0.681442,-0.629262,0.373717,0.32747,0.718823,0.613234,0.000139,-0.004165,0.005067,-0.035652,0.016301,-0.015279,-0.921736,0.116143,0.031335,-0.023875,-0.518311,0.716116,-0.467473,-0.688777,-0.673562,-0.268139,-0.506891,0.183006,0.842359,-3e-06,1.3e-05,6e-06,1.5e-05,-2.5e-05,-0.000103,-0.552104
36,0.202976,0.015613,0.433838,-0.489627,0.660965,-0.568714,-0.68785,-0.693576,-0.213979,-0.535277,0.285594,0.794948,-6e-06,0.000141,6e-05,0.0,0.0,0.0,-0.472332,-0.248055,0.031023,0.375102,0.659164,0.362789,0.658694,-0.714505,0.57499,0.398502,-0.234985,-0.733765,0.637366,0.000473,-0.007503,0.010633,-0.034048,0.002267,0.009821,-1.403421,-0.004328,0.038126,0.010627,-0.654122,-0.295574,0.696246,0.681803,-0.628979,0.373535,0.327517,0.719041,0.612952,0.000289,0.001255,0.000754,7e-06,1.2e-05,2.1e-05,-0.9219,0.116147,0.03134,-0.023873,-0.518273,0.71614,-0.467477,-0.688797,-0.673533,-0.26816,-0.506902,0.183017,0.84235,-7e-06,9.3e-05,4e-05,2.6e-05,5e-06,-6.6e-05,-0.553411
37,0.202967,0.015612,0.433838,-0.489648,0.660953,-0.56871,-0.68784,-0.69359,-0.213965,-0.535271,0.285588,0.794954,-0.0,0.0,0.0,0.0,0.0,0.0,-0.471778,-0.247988,0.031015,0.375242,0.658895,0.36278,0.658969,-0.714784,0.574621,0.398534,-0.234891,-0.734058,0.637062,0.000718,0.003104,0.001863,0.001622,-0.014005,0.025132,-1.403438,-0.004294,0.038119,0.010701,-0.653716,-0.295612,0.696612,0.682217,-0.628568,0.373471,0.327466,0.719385,0.612577,0.006403,0.000239,-0.000217,0.002055,-0.015211,0.029248,-0.92043,0.116143,0.03134,-0.023873,-0.518294,0.716127,-0.467474,-0.688786,-0.673549,-0.268149,-0.506896,0.18301,0.842355,-1e-06,-1e-06,1e-06,1.6e-05,-7e-06,-7.2e-05,-0.554227
38,0.202967,0.015611,0.433826,-0.489652,0.660951,-0.568709,-0.687823,-0.693601,-0.213984,-0.535288,0.285568,0.79495,0.0,-1e-06,-1e-06,0.0,0.0,0.0,-0.473451,-0.247954,0.031013,0.375342,0.658662,0.362784,0.6592,-0.715015,0.574342,0.398521,-0.234843,-0.734274,0.63683,0.000372,0.00161,0.000966,0.0,-0.0,-0.0,-1.403526,-0.004276,0.038123,0.010754,-0.653489,-0.295628,0.696818,0.682457,-0.628317,0.373455,0.327419,0.719597,0.612352,0.000179,0.000782,0.000467,4e-06,4e-06,1e-06,-0.921247,0.116143,0.031339,-0.023878,-0.5183,0.716124,-0.467473,-0.68877,-0.673558,-0.268169,-0.506913,0.182989,0.842349,-2e-06,6e-06,3e-06,1.2e-05,-1e-05,-5.8e-05,-0.555044
39,0.202967,0.015612,0.433838,-0.489648,0.660953,-0.56871,-0.68784,-0.69359,-0.213965,-0.535271,0.285588,0.794954,-0.011974,-0.000581,0.000108,-0.000984,0.014715,-0.029553,-0.473396,-0.247952,0.031001,0.375438,0.65812,0.36285,0.659704,-0.715491,0.573914,0.398284,-0.234909,-0.734577,0.636457,0.000204,0.000883,0.000529,0.0,-0.0,-0.0,-1.403116,-0.004275,0.038117,0.010802,-0.652931,-0.295733,0.697296,0.682955,-0.627934,0.373187,0.327492,0.719888,0.61197,9e-05,0.000395,0.000236,-2e-06,-3e-06,1.3e-05,-0.922063,0.116147,0.03134,-0.023873,-0.518275,0.716138,-0.467477,-0.688795,-0.673535,-0.26816,-0.506902,0.183016,0.84235,0.000278,-0.004595,0.005159,-0.035579,0.005958,-0.021694,-0.555534
40,0.202967,0.015612,0.433838,-0.489648,0.660953,-0.56871,-0.68784,-0.69359,-0.213965,-0.535271,0.285588,0.794954,-0.0,0.0,0.0,0.0,0.0,0.0,-0.475021,-0.247949,0.030984,0.375473,0.657998,0.362855,0.659823,-0.715608,0.57378,0.398265,-0.234894,-0.734678,0.636346,6.9e-05,0.0003,0.00018,0.0,-0.0,-0.0,-1.402359,-0.004274,0.038108,0.010819,-0.652804,-0.295747,0.697409,0.683083,-0.627812,0.37316,0.327481,0.719989,0.611858,3.3e-05,0.000149,9e-05,1e-05,-2e-06,-8e-06,-0.922226,0.116143,0.03134,-0.023873,-0.518296,0.716125,-0.467474,-0.688784,-0.673551,-0.268149,-0.506896,0.183009,0.842355,-1e-06,-4e-06,-1e-06,2.1e-05,-4e-06,-4e-05,-0.555534
41,0.202967,0.015611,0.433826,-0.488184,0.661776,-0.569012,-0.687268,-0.693288,-0.216764,-0.537338,0.284415,0.793979,1e-06,-1.2e-05,-5e-06,0.0,-0.0,0.0,-0.477808,-0.247928,0.030964,0.375505,0.657692,0.362896,0.660106,-0.715872,0.573559,0.398111,-0.234949,-0.734832,0.636148,2.2e-05,9.4e-05,5.7e-05,0.0,0.0,0.0,-1.39394,-0.004263,0.038098,0.010835,-0.652489,-0.29581,0.697677,0.683356,-0.627616,0.37299,0.327539,0.720134,0.611656,0.006151,-0.000855,-0.000872,0.00204,-0.015204,0.029244,-0.919777,0.116143,0.031339,-0.023878,-0.516842,0.717006,-0.467735,-0.688316,-0.672911,-0.270945,-0.509013,0.181914,0.841315,-1e-06,1e-06,0.0,-0.003317,0.000903,-0.001583,-0.557166
42,0.202967,0.015612,0.433838,-0.488888,0.663321,-0.566603,-0.687657,-0.692633,-0.21762,-0.536199,0.282408,0.795465,-1.1e-05,0.00023,9.7e-05,0.001715,0.015582,0.005403,-0.477915,-0.247944,0.030965,0.375529,0.657444,0.362936,0.66033,-0.716079,0.573401,0.397965,-0.23501,-0.734935,0.636007,0.00019,0.000822,0.000492,0.0,0.0,0.0,-1.392378,-0.004272,0.038095,0.010845,-0.652348,-0.295839,0.697797,0.68348,-0.627524,0.372917,0.327561,0.720203,0.611564,0.000145,0.000627,0.000377,-7e-06,5e-06,-9e-06,-0.918797,0.116143,0.031339,-0.023873,-0.517558,0.718372,-0.464838,-0.688798,-0.672092,-0.271749,-0.507631,0.179534,0.84266,-8e-06,0.000175,7.4e-05,-0.000759,-0.010335,-0.004561,-0.558636
43,0.202967,0.015619,0.43383,-0.488874,0.663331,-0.566603,-0.687651,-0.69263,-0.21765,-0.536219,0.282392,0.795457,-0.0,4e-06,2e-06,2.9e-05,0.000268,9.3e-05,-0.477916,-0.247961,0.030967,0.375543,0.657302,0.362961,0.660458,-0.716197,0.573314,0.397879,-0.235047,-0.734991,0.635928,4.5e-05,0.000193,0.000116,0.0,0.0,0.0,-1.392632,-0.00428,0.038099,0.010854,-0.65209,-0.295903,0.698011,0.683688,-0.627404,0.372738,0.327641,0.720281,0.611429,2.3e-05,9.8e-05,5.9e-05,-5e-06,6e-06,-1.5e-05,-0.919124,0.116142,0.031343,-0.023876,-0.517483,0.718271,-0.465077,-0.688755,-0.672151,-0.271714,-0.507767,0.179716,0.84254,1e-06,-5e-06,-2e-06,-0.000587,-0.005974,-0.002248,-0.559452
44,0.202967,0.015611,0.433826,-0.488892,0.663319,-0.566602,-0.687641,-0.692643,-0.217638,-0.536215,0.282388,0.795461,1e-06,-1.7e-05,-7e-06,0.0,0.0,0.0,-0.483692,-0.247971,0.030957,0.375618,0.656843,0.36302,0.660883,-0.716597,0.572961,0.397665,-0.235111,-0.735237,0.63562,0.000317,0.001371,0.000821,0.0,0.0,0.0,-1.398027,-0.004285,0.038092,0.01089,-0.651616,-0.295995,0.698414,0.684106,-0.62709,0.372499,0.327711,0.720516,0.611114,0.000201,0.000873,0.000523,-1.5e-05,8e-06,-4e-06,-0.919777,0.116143,0.031339,-0.023878,-0.517486,0.718234,-0.46513,-0.688736,-0.67218,-0.27169,-0.507788,0.179756,0.842518,2e-06,-4e-06,-4e-06,-1e-05,-0.000115,-3.6e-05,-0.561249
45,0.202968,0.015595,0.43382,-0.485116,0.666096,-0.56659,-0.691645,-0.688679,-0.217532,-0.5345,0.285519,0.795498,2e-05,-0.000442,-0.000187,-0.0,-0.0,0.0,-0.490834,-0.24794,0.030908,0.375746,0.656316,0.363057,0.661385,-0.717085,0.572448,0.397526,-0.235095,-0.735618,0.635185,0.012203,-0.011684,0.007412,-0.033632,0.001039,0.013919,-1.400407,-0.004269,0.03807,0.010956,-0.65107,-0.296071,0.69889,0.684628,-0.626622,0.372327,0.327705,0.720892,0.610674,0.006092,-0.005877,0.003685,-0.033643,0.001053,0.013915,-0.92043,0.116143,0.031331,-0.023881,-0.513726,0.721055,-0.464933,-0.692787,-0.6683,-0.27096,-0.506092,0.182901,0.842862,1.4e-05,-0.00028,-0.000122,0.000694,-0.00021,8.1e-05,-0.565657
46,0.202968,0.015595,0.43382,-0.485116,0.666096,-0.56659,-0.691645,-0.688679,-0.217532,-0.5345,0.285519,0.795498,0.0,-6e-06,-3e-06,0.0,0.0,0.0,-0.490388,-0.247907,0.030886,0.375799,0.656148,0.363061,0.66155,-0.717248,0.572256,0.397508,-0.235067,-0.735766,0.635024,0.000449,0.001942,0.001161,0.00163,-0.013969,0.025152,-1.400805,-0.004253,0.038056,0.01098,-0.650878,-0.296091,0.69906,0.684818,-0.626439,0.372286,0.327688,0.721043,0.610505,4.9e-05,0.000222,0.00013,-2e-06,2e-06,-1.4e-05,-0.920757,0.116143,0.03133,-0.023882,-0.513727,0.721054,-0.464935,-0.692783,-0.668302,-0.270965,-0.506098,0.182897,0.84286,-0.0,1.1e-05,3e-06,0.000147,-7e-06,-0.000115,-0.566801
47,0.202968,0.015587,0.433816,-0.485134,0.666084,-0.566589,-0.691635,-0.688693,-0.21752,-0.534496,0.285515,0.795502,0.0,-4e-06,-2e-06,0.0,0.0,0.0,-0.490522,-0.247894,0.030842,0.375863,0.655794,0.363093,0.661883,-0.717568,0.571937,0.397389,-0.235077,-0.735998,0.634751,8.2e-05,0.000355,0.000212,0.0,0.0,0.0,-1.400836,-0.004246,0.038037,0.011014,-0.650529,-0.296145,0.699363,0.685146,-0.626156,0.372159,0.327698,0.721266,0.610235,4e-05,0.000181,0.000107,-7e-06,5e-06,-8e-06,-0.922553,0.116143,0.031326,-0.023884,-0.513749,0.721039,-0.464934,-0.692769,-0.668321,-0.270956,-0.506095,0.182889,0.842863,-3e-06,1.2e-05,4e-06,3.5e-05,1.6e-05,-9.5e-05,-0.56827
48,0.202978,0.015572,0.43382,-0.485144,0.666074,-0.566592,-0.691643,-0.688695,-0.21749,-0.534477,0.285532,0.795508,1e-06,-2e-05,-9e-06,0.0,0.0,0.0,-0.489489,-0.247907,0.030829,0.375856,0.655523,0.363146,0.662123,-0.717783,0.571806,0.397191,-0.235177,-0.736075,0.634625,-4.2e-05,-0.00018,-0.000108,0.0,0.0,0.0,-1.402842,-0.004253,0.038029,0.01101,-0.650252,-0.296217,0.69959,0.685361,-0.626046,0.371948,0.327799,0.721332,0.610104,-3e-05,-0.000125,-7.5e-05,-1.2e-05,2e-06,1e-06,-0.923696,0.116148,0.031319,-0.023882,-0.513761,0.721028,-0.464938,-0.692773,-0.668329,-0.270927,-0.506077,0.182905,0.84287,-4e-06,5e-06,3e-06,1.8e-05,2e-06,-6.9e-05,-0.568434
49,0.202969,0.015571,0.433809,-0.485169,0.66606,-0.566587,-0.691616,-0.68872,-0.217496,-0.534488,0.285506,0.79551,5e-06,-0.000102,-4.3e-05,0.0,0.0,0.0,-0.490101,-0.247913,0.030799,0.375838,0.655128,0.363222,0.662472,-0.718095,0.571614,0.396901,-0.235325,-0.736186,0.634442,-0.000146,-0.000633,-0.000379,0.0,0.0,0.0,-1.403087,-0.004256,0.038014,0.011001,-0.649848,-0.296322,0.699921,0.685674,-0.625886,0.37164,0.327946,0.721428,0.609911,-7.6e-05,-0.00033,-0.000197,-1.4e-05,1.5e-05,-6e-06,-0.924349,0.116144,0.031318,-0.023887,-0.513787,0.721012,-0.464933,-0.692745,-0.668353,-0.270936,-0.506088,0.182877,0.84287,-1e-06,-5e-05,-2.1e-05,1.2e-05,-1.3e-05,-6.1e-05,-0.56827
50,0.20297,0.015554,0.433802,-0.485205,0.666036,-0.566584,-0.691597,-0.688746,-0.217472,-0.53448,0.285497,0.795518,7.7e-05,-0.001694,-0.000718,-0.000705,0.009512,-0.027195,-0.490122,-0.247935,0.030787,0.375832,0.654838,0.363278,0.662728,-0.718325,0.571474,0.396689,-0.235432,-0.736267,0.634308,-5e-05,-0.000218,-0.000131,0.0,0.0,0.0,-1.402778,-0.004267,0.038007,0.010997,-0.649551,-0.2964,0.700163,0.685903,-0.625769,0.371415,0.328053,0.721498,0.609771,-2.4e-05,-0.000105,-6.2e-05,-1.5e-05,6e-06,-2e-06,-0.924349,0.116144,0.031314,-0.023889,-0.513806,0.720999,-0.464933,-0.692735,-0.668369,-0.270926,-0.506084,0.182872,0.842873,-1e-06,-3.6e-05,-1.5e-05,1.1e-05,1.2e-05,-4.1e-05,-0.568433
51,0.20297,0.015546,0.433799,-0.485223,0.666024,-0.566583,-0.691587,-0.68876,-0.21746,-0.534477,0.285493,0.795523,1e-06,-2.1e-05,-9e-06,0.0,0.0,0.0,-0.490056,-0.247943,0.030787,0.375844,0.654824,0.363277,0.662742,-0.718341,0.571448,0.396696,-0.235421,-0.736288,0.634288,1e-05,4.1e-05,2.5e-05,0.0,0.0,0.0,-1.403235,-0.004271,0.038008,0.011004,-0.649537,-0.296401,0.700177,0.685922,-0.625744,0.371421,0.328042,0.721519,0.609752,9e-06,3.8e-05,2e-05,-4e-06,6e-06,-7e-06,-0.924676,0.116144,0.031306,-0.023892,-0.513842,0.720974,-0.464932,-0.692713,-0.668399,-0.270906,-0.506077,0.182862,0.84288,-0.0,9e-06,4e-06,1.6e-05,9e-06,-2.3e-05,-0.568433
52,0.20297,0.015554,0.433802,-0.485205,0.666036,-0.566584,-0.691597,-0.688746,-0.217472,-0.53448,0.285497,0.795518,-0.0,5e-06,2e-06,0.0,0.0,0.0,-0.490047,-0.247939,0.030769,0.37589,0.654596,0.363299,0.662956,-0.718546,0.571245,0.396617,-0.235429,-0.736435,0.634115,0.000151,0.000654,0.000391,0.0,0.0,0.0,-1.403463,-0.004269,0.037998,0.011026,-0.6493,-0.296439,0.70038,0.68614,-0.625561,0.371328,0.328054,0.721662,0.609575,-4.2e-05,-0.004955,0.004598,-0.035675,0.016236,-0.015334,-0.924839,0.116144,0.031311,-0.02389,-0.513825,0.720986,-0.464932,-0.692723,-0.668385,-0.270916,-0.506081,0.182866,0.842877,-1e-06,4e-06,1e-06,-1e-06,-3e-06,-2.6e-05,-0.56827
53,0.20297,0.015554,0.433802,-0.485205,0.666036,-0.566584,-0.691597,-0.688746,-0.217472,-0.53448,0.285497,0.795518,-0.0,0.0,0.0,0.0,0.0,0.0,-0.490486,-0.247934,0.030743,0.375953,0.654581,0.36327,0.662986,-0.718593,0.571109,0.396729,-0.235326,-0.736555,0.634013,0.000388,0.001677,0.001003,0.0,0.0,0.0,-1.403402,-0.004267,0.037983,0.011057,-0.649282,-0.29641,0.700408,0.686203,-0.625427,0.371435,0.327957,0.721789,0.609477,0.00025,0.001089,0.000652,4e-06,1.4e-05,-2e-05,-0.925002,0.116144,0.031311,-0.02389,-0.513825,0.720986,-0.464932,-0.692723,-0.668385,-0.270916,-0.506081,0.182866,0.842877,-1e-06,-0.0,-0.0,1e-06,-6e-06,-2.5e-05,-0.568434
54,0.20297,0.015546,0.433799,-0.485223,0.666024,-0.566583,-0.691587,-0.68876,-0.21746,-0.534477,0.285493,0.795523,2e-06,-4.5e-05,-1.9e-05,0.0,0.0,0.0,-0.49013,-0.247925,0.030679,0.376143,0.654438,0.363208,0.663162,-0.718807,0.570669,0.396974,-0.23507,-0.736926,0.633676,0.000437,-0.007661,0.010543,-0.034046,0.002278,0.009828,-1.403211,-0.004263,0.037954,0.011147,-0.649121,-0.296364,0.700577,0.686462,-0.625021,0.371641,0.327735,0.72216,0.609158,0.000265,0.001158,0.00069,0.0,3e-06,-1.1e-05,-0.925492,0.116144,0.031306,-0.023892,-0.513843,0.720973,-0.464932,-0.692712,-0.6684,-0.270906,-0.506077,0.182861,0.84288,0.0,-2e-05,-9e-06,1.1e-05,-1.1e-05,-1.8e-05,-0.568433
55,0.202978,0.015555,0.433802,-0.485184,0.666048,-0.566588,-0.691607,-0.688732,-0.217485,-0.534486,0.285504,0.795512,-4e-06,8.7e-05,3.7e-05,0.0,0.0,0.0,-0.492486,-0.247906,0.030608,0.376281,0.654074,0.363204,0.663522,-0.719173,0.570197,0.396987,-0.234959,-0.737293,0.633291,0.000229,0.00099,0.000591,0.0,0.0,0.0,-1.403385,-0.004252,0.03792,0.011223,-0.648746,-0.296381,0.700918,0.686872,-0.624566,0.371649,0.32762,0.722547,0.608761,0.000126,0.000556,0.000332,-0.011306,0.096154,-0.173741,-0.926145,0.116148,0.031311,-0.02389,-0.513805,0.720998,-0.464936,-0.692733,-0.66837,-0.270927,-0.506087,0.182873,0.842871,-4e-06,5.2e-05,2.2e-05,-5e-06,2e-06,-2.2e-05,-0.56876
56,0.202978,0.015555,0.433802,-0.485184,0.666048,-0.566588,-0.691607,-0.688732,-0.217485,-0.534486,0.285504,0.795512,-0.0,0.0,0.0,0.0,0.0,0.0,-0.492658,-0.247913,0.030533,0.376441,0.653436,0.365584,0.662844,-0.719975,0.570294,0.39539,-0.234275,-0.736043,0.634996,0.000272,0.001178,0.000703,0.004034,-0.006587,-0.003909,-1.403264,-0.004256,0.037882,0.011303,-0.648345,-0.299011,0.700171,0.687591,-0.62484,0.369854,0.326905,0.721225,0.61071,1.9e-05,-0.004684,0.004762,-0.048781,0.027806,-0.011001,-0.926798,0.116148,0.031311,-0.02389,-0.513805,0.720998,-0.464936,-0.692733,-0.66837,-0.270927,-0.506087,0.182873,0.842871,0.0,-3e-06,-1e-06,6e-06,8e-06,-1.1e-05,-0.569413
57,0.202978,0.015555,0.433802,-0.485184,0.666048,-0.566588,-0.691607,-0.688732,-0.217485,-0.534486,0.285504,0.795512,-0.0,0.0,0.0,0.0,0.0,0.0,-0.492655,-0.247908,0.030482,0.376524,0.653388,0.365548,0.66291,-0.720063,0.570087,0.395531,-0.234138,-0.736222,0.634839,0.000439,0.001901,0.001134,0.001701,-0.01401,0.025125,-1.403462,-0.004254,0.037854,0.011343,-0.648272,-0.298833,0.700315,0.687719,-0.624547,0.37011,0.326779,0.721553,0.610389,-9.7e-05,-0.005186,0.004466,-0.038575,0.019502,-0.013761,-0.926962,0.116148,0.031311,-0.02389,-0.513805,0.720998,-0.464936,-0.692733,-0.66837,-0.270927,-0.506087,0.182873,0.842871,1e-06,-3e-06,-1e-06,5e-06,9e-06,-1.2e-05,-0.569413
58,0.202979,0.015548,0.43381,-0.485198,0.666038,-0.566588,-0.691614,-0.688735,-0.217454,-0.534466,0.285519,0.79552,-1.2e-05,0.000271,0.000115,0.0,0.0,0.0,-0.493705,-0.24792,0.030376,0.376678,0.651386,0.365332,0.664997,-0.721357,0.569632,0.393824,-0.235731,-0.736681,0.633715,0.000575,0.002487,0.001483,0.001645,-0.013901,0.025189,-1.403078,-0.00426,0.0378,0.011419,-0.646172,-0.298722,0.7023,0.688946,-0.624223,0.368372,0.328351,0.721879,0.609159,0.000283,0.001238,0.000741,0.001577,-0.013999,0.025538,-0.927125,0.116149,0.031307,-0.023887,-0.513819,0.720988,-0.464936,-0.692738,-0.668377,-0.270897,-0.506066,0.182887,0.842881,-7e-06,0.000149,6.3e-05,-0.0,2e-06,-1.6e-05,-0.569577
59,0.202977,0.015595,0.433819,-0.485094,0.666108,-0.566594,-0.691655,-0.688665,-0.217545,-0.534506,0.285526,0.795491,-7.3e-05,0.001594,0.000675,0.0,0.0,0.0,-0.494349,-0.247957,0.030382,0.376878,0.64918,0.3675,0.665958,-0.722995,0.569854,0.390485,-0.236797,-0.735432,0.634768,0.000578,-0.007053,0.010911,-0.035576,0.016001,-0.015467,-1.403187,-0.004279,0.037806,0.011515,-0.644117,-0.301114,0.703166,0.690386,-0.624662,0.364913,0.329361,0.720504,0.610241,0.000531,0.002309,0.001376,-0.004141,0.00384,0.002844,-0.927288,0.116148,0.031329,-0.023883,-0.513717,0.721059,-0.464938,-0.692784,-0.668297,-0.270977,-0.506107,0.182897,0.842854,-4.8e-05,0.001037,0.000439,2e-06,-3e-06,-1e-05,-0.570066
60,0.202975,0.01562,0.43383,-0.485041,0.666144,-0.566598,-0.691684,-0.688624,-0.217581,-0.534517,0.285539,0.795479,-4.6e-05,0.001,0.000423,0.0,0.0,0.0,-0.493338,-0.247957,0.030417,0.376979,0.649146,0.367476,0.666004,-0.723057,0.569708,0.390583,-0.236699,-0.735556,0.63466,0.000914,0.003956,0.002354,2e-06,-3e-06,-2e-06,-1.403196,-0.004278,0.037821,0.01157,-0.644074,-0.30105,0.703232,0.690476,-0.624483,0.365052,0.329258,0.720686,0.610081,0.000402,-0.003023,0.005754,-0.034474,0.002921,0.010356,-0.927452,0.116147,0.031343,-0.023877,-0.513663,0.721096,-0.46494,-0.692814,-0.668253,-0.271006,-0.506119,0.182911,0.842843,-2.8e-05,0.000612,0.000261,1.6e-05,1e-05,6e-06,-0.570066
61,0.202975,0.015626,0.433822,-0.485027,0.666154,-0.566598,-0.691678,-0.688621,-0.217611,-0.534538,0.285524,0.79547,5e-05,-0.001086,-0.00046,0.0,0.0,0.0,-0.49229,-0.248002,0.03053,0.377084,0.647157,0.367331,0.668017,-0.724239,0.56956,0.388604,-0.238529,-0.735744,0.633757,0.000367,0.001587,0.000943,0.0,-0.0,-0.0,-1.403324,-0.0043,0.037883,0.011626,-0.641982,-0.301038,0.705148,0.691562,-0.624466,0.363018,0.331059,0.720705,0.609083,0.000195,0.000851,0.000506,-4.2e-05,-0.000197,0.000417,-0.929738,0.116147,0.03135,-0.023879,-0.51365,0.721106,-0.464939,-0.692809,-0.668247,-0.271036,-0.50614,0.182896,0.842834,3e-05,-0.000649,-0.000275,2e-06,4e-06,-2e-06,-0.56974
62,0.202979,0.015534,0.433751,-0.485237,0.666016,-0.566581,-0.691524,-0.688799,-0.217535,-0.534546,0.285416,0.795503,-0.000376,0.005183,-0.012015,0.034889,0.003563,-0.005541,-0.492461,-0.248066,0.030493,0.377077,0.646953,0.367368,0.668194,-0.724402,0.569442,0.388472,-0.238584,-0.735817,0.633652,-0.000738,-0.003189,-0.001895,-0.001649,0.013882,-0.025199,-1.403088,-0.004331,0.03787,0.011626,-0.641794,-0.301084,0.7053,0.691712,-0.624374,0.362892,0.331111,0.720766,0.608983,-0.006552,-0.005663,0.004547,-0.037672,0.031431,-0.04452,-0.930064,0.116144,0.031304,-0.023909,-0.513875,0.720953,-0.464928,-0.692655,-0.668439,-0.270957,-0.506123,0.182797,0.842866,8.3e-05,-0.001799,-0.000762,-6e-06,-1.4e-05,-1.1e-05,-0.569576
63,0.202979,0.015514,0.433636,-0.485298,0.665983,-0.566567,-0.691354,-0.688915,-0.217707,-0.53471,0.285214,0.795466,9.2e-05,-0.002014,-0.000854,0.0,0.0,0.0,-0.492448,-0.248122,0.030324,0.376989,0.646549,0.367443,0.668544,-0.724721,0.569227,0.388193,-0.238713,-0.735946,0.633453,-0.001233,-0.005321,-0.003168,-0.001649,0.013882,-0.025199,-1.403289,-0.004359,0.037784,0.011581,-0.641382,-0.301185,0.705631,0.692031,-0.624194,0.362594,0.331243,0.72088,0.608776,-0.000561,-0.002428,-0.001444,4.7e-05,1e-05,5.1e-05,-0.931534,0.116149,0.031291,-0.023973,-0.513918,0.720928,-0.464918,-0.692486,-0.668523,-0.271179,-0.50631,0.182586,0.8428,5.1e-05,-0.001099,-0.000466,-0.000697,0.009534,-0.027179,-0.569577
64,0.202977,0.015554,0.433578,-0.48522,0.66604,-0.566566,-0.6913,-0.688906,-0.217909,-0.53485,0.285101,0.795412,-0.000547,0.008942,-0.01042,0.035595,-0.005962,0.02165,-0.490538,-0.248161,0.030246,0.376933,0.646329,0.36749,0.66873,-0.724886,0.569138,0.388014,-0.238806,-0.735991,0.633365,-0.00097,-0.004186,-0.002494,0.0,-0.0,-0.0,-1.403397,-0.00438,0.03774,0.011549,-0.641141,-0.301252,0.705821,0.692205,-0.624116,0.362393,0.331343,0.720919,0.608676,-0.00672,-0.0016,-0.000589,-0.003659,0.029114,-0.054418,-0.931697,0.116148,0.031304,-0.024,-0.513855,0.720976,-0.464914,-0.692445,-0.668497,-0.271349,-0.50643,0.182493,0.842747,5e-06,-7.1e-05,-3.1e-05,3e-06,9e-06,5e-06,-0.569413
65,0.203016,0.015647,0.433488,-0.484932,0.666232,-0.566587,-0.691285,-0.688782,-0.218351,-0.535131,0.284955,0.795275,-0.0,3e-06,1e-06,0.0,0.0,0.0,-0.489226,-0.248192,0.030121,0.376847,0.646049,0.367548,0.668969,-0.725098,0.569021,0.387792,-0.238923,-0.736053,0.63325,-0.000608,-0.002622,-0.001564,0.0,-0.0,-0.0,-1.403171,-0.004396,0.037674,0.011504,-0.640856,-0.30133,0.706046,0.692414,-0.624021,0.362159,0.331459,0.720969,0.608553,-0.000357,-0.001546,-0.000921,1.2e-05,2.9e-05,2.4e-05,-0.932187,0.116167,0.031356,-0.024048,-0.513557,0.721183,-0.464923,-0.692443,-0.668314,-0.271804,-0.506736,0.182346,0.842596,0.0,2.7e-05,1.2e-05,1.1e-05,9e-06,1.5e-05,-0.568433
66,0.203095,0.015685,0.433438,-0.484801,0.666306,-0.566613,-0.691263,-0.688738,-0.218558,-0.535278,0.284889,0.7952,0.011981,0.000513,-0.000137,-0.003884,0.051126,-0.158064,-0.490872,-0.248238,0.030119,0.37686,0.645833,0.367588,0.669156,-0.725271,0.568897,0.387651,-0.238982,-0.736129,0.633138,0.000159,0.000686,0.000409,0.0,-0.0,-0.0,-1.403228,-0.004415,0.037669,0.011508,-0.640655,-0.301379,0.706209,0.692574,-0.623923,0.362022,0.331514,0.721033,0.608447,0.000145,0.000625,0.000375,5e-06,1.5e-05,1.9e-05,-0.932514,0.116202,0.031375,-0.024073,-0.513326,0.721333,-0.464944,-0.692489,-0.668161,-0.272062,-0.506906,0.182312,0.8425,2e-06,-3.9e-05,-1.6e-05,-9e-06,-1.3e-05,-2e-06,-0.56827
67,0.20315,0.015656,0.433435,-0.484617,0.666416,-0.566641,-0.691369,-0.688601,-0.218653,-0.535308,0.284962,0.795154,9e-06,-0.000205,-8.7e-05,0.0,0.0,0.0,-0.491932,-0.248348,0.0302,0.377018,0.645408,0.367636,0.66954,-0.725647,0.568522,0.387496,-0.238987,-0.736395,0.632828,-0.01131,-0.003539,0.013733,-0.036079,0.017534,-0.019392,-1.403421,-0.004471,0.037708,0.011581,-0.640213,-0.301464,0.706573,0.692968,-0.623601,0.361822,0.331544,0.721277,0.608143,0.000561,0.002423,0.001444,0.001657,-0.01387,0.025216,-0.933004,0.11623,0.031361,-0.024074,-0.513267,0.721363,-0.464963,-0.69253,-0.668116,-0.272068,-0.50691,0.182357,0.842488,6e-06,-0.00013,-5.7e-05,-2e-06,-1.3e-05,2e-06,-0.569087
68,0.203151,0.015641,0.433439,-0.484649,0.666394,-0.56664,-0.691366,-0.688618,-0.21861,-0.535283,0.284974,0.795166,5e-06,-0.000105,-4.5e-05,0.0,0.0,0.0,-0.491786,-0.248364,0.030246,0.377127,0.645353,0.367617,0.669603,-0.725725,0.568366,0.387578,-0.238896,-0.736525,0.632711,0.001144,0.004923,0.00293,0.001651,-0.013872,0.025204,-1.403642,-0.004483,0.037732,0.011642,-0.640123,-0.301452,0.70666,0.693095,-0.62342,0.361891,0.331453,0.721438,0.608001,-0.005653,0.003012,0.002156,-0.002037,0.01523,-0.029252,-0.933493,0.116235,0.031353,-0.024072,-0.513277,0.721353,-0.464967,-0.692536,-0.668122,-0.272039,-0.506891,0.182375,0.842495,2e-06,-5.3e-05,-2.2e-05,2e-06,2e-06,7e-06,-0.569087
69,0.203177,0.015667,0.433449,-0.484655,0.666383,-0.566647,-0.69136,-0.688626,-0.218603,-0.535286,0.284977,0.795163,-2.6e-05,0.000554,0.000235,0.0,0.0,0.0,-0.492325,-0.24835,0.030238,0.377293,0.645297,0.36756,0.669688,-0.725846,0.568061,0.387799,-0.238681,-0.736788,0.632485,0.000475,0.002043,0.001215,0.0,-0.0,-0.0,-1.403154,-0.004474,0.037736,0.011729,-0.640074,-0.301395,0.706728,0.693239,-0.623131,0.362113,0.331246,0.721712,0.607789,0.000225,0.000978,0.000582,7e-06,5e-06,4e-06,-0.934146,0.116248,0.031366,-0.024067,-0.513283,0.721344,-0.464974,-0.692529,-0.668131,-0.272033,-0.506894,0.182378,0.842493,-1.6e-05,0.000358,0.000149,-5e-06,-1.1e-05,-2e-06,-0.569577
70,0.203151,0.015643,0.433461,-0.484764,0.666315,-0.566634,-0.691332,-0.68869,-0.218491,-0.535223,0.284983,0.795204,6.4e-05,-0.001376,-0.000584,0.0,0.0,0.0,-0.489839,-0.248326,0.030151,0.37741,0.645358,0.36748,0.669674,-0.725876,0.567814,0.388106,-0.238426,-0.737019,0.632312,1e-05,4.1e-05,2.5e-05,0.0,0.0,0.0,-1.402953,-0.004462,0.037694,0.011789,-0.640129,-0.301309,0.706715,0.693304,-0.622884,0.362414,0.331003,0.721961,0.607625,-2.1e-05,-7.9e-05,-4.6e-05,6e-06,-1e-06,-0.0,-0.93431,0.116235,0.031359,-0.024059,-0.513391,0.721273,-0.464966,-0.692497,-0.668207,-0.27193,-0.50683,0.182381,0.842531,4e-05,-0.000819,-0.000347,-0.0007,0.00956,-0.027174,-0.569413
