frame,MLTx,MLTy,MLTz,MLTR1,MLTR2,MLTR3,MLTR4,MLTR5,MLTR6,MLTR7,MLTR8,MLTR9,MLTTVx,MLTTVy,MLTTVz,MLTRVx,MLTRVy,MLTRVz,MLGA,MRTx,MRTy,MRTz,MRTR1,MRTR2,MRTR3,MRTR4,MRTR5,MRTR6,MRTR7,MRTR8,MRTR9,MRTTVx,MRTTVy,MRTTVz,MRTRVx,MRTRVy,MRTRVz,MRGA,SLTx,SLTy,SLTz,SLTR1,SLTR2,SLTR3,SLTR4,SLTR5,SLTR6,SLTR7,SLTR8,SLTR9,SLTTVx,SLTTVy,SLTTVz,SLTRVx,SLTRVy,SLTRVz,SLGA,SRTx,SRTy,SRTz,SRTR1,SRTR2,SRTR3,SRTR4,SRTR5,SRTR6,SRTR7,SRTR8,SRTR9,SRTTVx,SRTTVy,SRTTVz,SRTRVx,SRTRVy,SRTRVz,SRGA
1,0.172028,-0.013292,0.37063,-0.598207,0.657402,-0.458275,-0.676369,-0.720841,-0.151278,-0.429057,0.218644,0.876431,-8e-06,-0.000161,-0.00012,0.0,0.0,0.0,0.232929,-0.2031,-0.044064,0.319824,-0.708993,-0.135172,0.692133,0.548269,-0.722774,0.420634,0.444272,0.677864,0.58565,-2.8e-05,-0.000236,-0.00027,0.0,0.0,0.0,-0.359577,0.025314,0.019865,-0.009561,0.731025,0.103934,0.674388,-0.478299,0.78293,0.397806,-0.486653,-0.613366,0.622053,-1.6e-05,-0.000138,-0.000158,-5e-06,7e-06,-4e-06,-0.557272,0.084408,0.035731,-0.032432,0.679707,-0.626393,-0.381613,0.648054,0.756545,-0.087545,0.343545,-0.1878,0.920166,-4e-06,-7.1e-05,-5.4e-05,-0.0,-6e-06,1e-06,0.094036
2,0.172027,-0.013306,0.37062,-0.598242,0.657378,-0.458265,-0.676346,-0.720867,-0.151259,-0.429045,0.218633,0.87644,-2e-06,-4e-05,-3e-05,0.0,0.0,0.0,0.236843,-0.203091,-0.044082,0.319803,-0.708965,-0.135185,0.692159,0.548295,-0.722768,0.420611,0.444284,0.677869,0.585636,-2.8e-05,-0.000242,-0.000278,0.0,0.0,0.0,-0.356102,0.025319,0.019856,-0.009571,0.730999,0.10395,0.674414,-0.478326,0.782925,0.397784,-0.486666,-0.613369,0.622039,-1.6e-05,-0.000137,-0.000157,-4e-06,7e-06,-9e-06,-0.555149,0.084407,0.035724,-0.032437,0.679739,-0.626367,-0.381599,0.648028,0.75657,-0.087529,0.343532,-0.18779,0.920173,0.0,1e-06,-1e-06,1e-06,1e-06,1e-06,0.099915
3,0.172027,-0.013306,0.37062,-0.598242,0.657378,-0.458265,-0.676346,-0.720867,-0.151259,-0.429045,0.218633,0.87644,-0.0,-1e-06,-0.0,0.0,0.0,0.0,0.23948,-0.203103,-0.044093,0.31979,-0.708919,-0.135206,0.692203,0.548339,-0.722757,0.420572,0.444304,0.677876,0.585612,-0.000104,-0.00089,-0.00102,0.0,0.0,0.0,-0.353218,0.025312,0.019852,-0.009576,0.730955,0.103977,0.674458,-0.478372,0.782916,0.397746,-0.486688,-0.613376,0.622016,-6.7e-05,-0.000578,-0.00066,-4e-06,-1e-06,-2e-06,-0.553353,0.084407,0.035724,-0.032437,0.679739,-0.626367,-0.381599,0.648027,0.75657,-0.087529,0.343532,-0.187789,0.920174,1e-06,1.5e-05,9e-06,-5e-06,5e-06,4e-06,0.103181
4,0.172028,-0.013299,0.370625,-0.598225,0.65739,-0.45827,-0.676357,-0.720854,-0.151269,-0.429051,0.218639,0.876436,6e-06,0.000123,9.2e-05,0.0,0.0,0.0,0.243334,-0.203105,-0.044104,0.319777,-0.708992,-0.135173,0.692135,0.54827,-0.722774,0.420633,0.444273,0.677865,0.585649,-1.7e-05,-0.000142,-0.000163,0.0,0.0,0.0,-0.338774,0.025311,0.019845,-0.009584,0.731023,0.103934,0.67439,-0.478301,0.78293,0.397804,-0.486654,-0.613366,0.622052,-1e-05,-8.8e-05,-0.0001,-5e-06,-8e-06,6e-06,-0.544372,0.084413,0.035728,-0.032434,0.679705,-0.626395,-0.381614,0.648055,0.756544,-0.087546,0.343547,-0.187801,0.920166,1e-06,9.5e-05,7.1e-05,-2e-05,-1.8e-05,-3e-06,0.109386
5,0.172027,-0.013313,0.370615,-0.598259,0.657366,-0.45826,-0.676334,-0.720879,-0.15125,-0.429039,0.218628,0.876444,-6.2e-05,-0.001199,-0.000894,0.0,0.0,0.0,0.248229,-0.203106,-0.044116,0.319764,-0.708962,-0.135186,0.692163,0.548298,-0.722767,0.420608,0.444285,0.677869,0.585634,-5.1e-05,-0.000437,-0.000501,0.0,0.0,0.0,-0.320627,0.025311,0.01984,-0.00959,0.730995,0.103952,0.674417,-0.47833,0.782924,0.39778,-0.486668,-0.61337,0.622037,-2.7e-05,-0.000231,-0.000266,-1.5e-05,-1e-05,2.4e-05,-0.5269,0.084407,0.035724,-0.032437,0.679755,-0.626354,-0.381592,0.648014,0.756582,-0.087521,0.343525,-0.187784,0.920177,-3.8e-05,-0.0007,-0.000522,-0.000882,0.012399,-0.025996,0.116081
6,0.172027,-0.013305,0.370608,-0.598246,0.657375,-0.458264,-0.676331,-0.720876,-0.15128,-0.429062,0.218613,0.876437,-1e-06,-1.8e-05,-1.3e-05,0.0,0.0,0.0,0.250052,-0.203106,-0.044116,0.319764,-0.708962,-0.135186,0.692163,0.548298,-0.722767,0.420608,0.444285,0.677869,0.585634,-1e-06,-6e-06,-7e-06,0.0,0.0,0.0,-0.314845,0.025311,0.019839,-0.009591,0.730995,0.103952,0.674417,-0.47833,0.782924,0.397781,-0.486667,-0.61337,0.622037,2e-06,1e-05,1.2e-05,2e-06,-7e-06,6e-06,-0.519715,0.084407,0.035724,-0.032443,0.679743,-0.626364,-0.381598,0.648015,0.756578,-0.087551,0.343548,-0.187769,0.920172,-1e-06,-0.0,-1e-06,3e-06,-2e-06,5e-06,0.11902
7,0.172026,-0.013319,0.370597,-0.59828,0.657351,-0.458254,-0.676309,-0.720901,-0.151261,-0.42905,0.218602,0.876445,-2e-06,-4e-05,-3e-05,0.0,0.0,0.0,0.25388,-0.203106,-0.044116,0.319764,-0.708962,-0.135186,0.692163,0.548298,-0.722767,0.420608,0.444285,0.677869,0.585634,-0.0,-0.0,-0.0,0.0,0.0,0.0,-0.305428,0.025311,0.019839,-0.009591,0.730995,0.103953,0.674417,-0.478331,0.782923,0.39778,-0.486667,-0.61337,0.622038,4e-06,6e-06,8e-06,-2e-06,9e-06,1.6e-05,-0.508611,0.084407,0.035717,-0.032448,0.679774,-0.626338,-0.381584,0.647989,0.756602,-0.087535,0.343534,-0.187758,0.920179,-1e-06,-8e-06,-6e-06,-6e-06,-5e-06,-1e-06,0.125388
8,0.172025,-0.013332,0.370575,-0.598318,0.657324,-0.458243,-0.676272,-0.720935,-0.151263,-0.429054,0.218571,0.876451,-3.9e-05,-0.000761,-0.000568,0.0,0.0,0.0,0.257869,-0.203106,-0.044116,0.319764,-0.708962,-0.135186,0.692163,0.548298,-0.722767,0.420608,0.444285,0.677869,0.585634,-0.0,-0.0,-0.0,0.0,0.0,0.0,-0.296093,0.025311,0.019839,-0.009591,0.730995,0.103953,0.674417,-0.478331,0.782923,0.39778,-0.486667,-0.613371,0.622038,6e-06,3e-06,7e-06,4e-06,1.3e-05,1.2e-05,-0.498651,0.084406,0.035712,-0.032458,0.679809,-0.626309,-0.38157,0.647951,0.756634,-0.087541,0.343537,-0.187727,0.920184,-2.5e-05,-0.00049,-0.000364,8e-06,-5e-06,2e-06,0.130613
9,0.172025,-0.013332,0.370575,-0.598318,0.657324,-0.458243,-0.676272,-0.720935,-0.151263,-0.429054,0.218571,0.876451,-1e-06,-1.1e-05,-8e-06,0.0,0.0,0.0,0.259627,-0.203106,-0.044116,0.319764,-0.708962,-0.135186,0.692163,0.548298,-0.722767,0.420608,0.444285,0.677869,0.585634,-0.0,-0.0,-0.0,0.0,0.0,0.0,-0.291371,0.025311,0.019839,-0.009591,0.730995,0.103953,0.674417,-0.478331,0.782923,0.39778,-0.486667,-0.613371,0.622038,6e-06,3e-06,7e-06,2e-06,5e-06,1.9e-05,-0.493915,0.084406,0.03571,-0.03246,0.679809,-0.626309,-0.38157,0.647951,0.756634,-0.087541,0.343537,-0.187727,0.920184,1e-06,1.2e-05,1e-05,2e-06,4e-06,0.0,0.133063
10,0.172024,-0.013332,0.370562,-0.598322,0.65732,-0.458243,-0.676258,-0.720944,-0.151283,-0.429071,0.218552,0.876447,-0.0,-1e-06,-1e-06,0.0,0.0,0.0,0.26436,-0.203106,-0.044116,0.319764,-0.708962,-0.135186,0.692163,0.548298,-0.722767,0.420608,0.444285,0.677869,0.585634,-0.0,-0.0,-0.0,0.0,0.0,0.0,-0.287426,0.025311,0.019839,-0.009591,0.730995,0.103953,0.674417,-0.478331,0.782923,0.39778,-0.486667,-0.613371,0.622038,6e-06,3e-06,7e-06,2e-06,5e-06,1.9e-05,-0.487384,0.084406,0.035711,-0.032466,0.679813,-0.626305,-0.381569,0.647938,0.756642,-0.087564,0.343553,-0.187706,0.920183,-1e-06,1.3e-05,9e-06,-1.2e-05,-1.7e-05,-4e-06,0.139105
11,0.172024,-0.013317,0.370561,-0.598585,0.658762,-0.455823,-0.676608,-0.720331,-0.152631,-0.428153,0.216226,0.877472,4e-06,7.6e-05,5.6e-05,0.174037,0.513061,0.238742,0.268609,-0.203107,-0.044122,0.319757,-0.708947,-0.135193,0.692176,0.548313,-0.722764,0.420596,0.444292,0.677872,0.585626,-0.0,-1e-06,-1e-06,0.0,0.0,0.0,-0.285682,0.02531,0.019836,-0.009594,0.730981,0.103962,0.674431,-0.478346,0.782921,0.397768,-0.486674,-0.613373,0.62203,4e-06,5e-06,8e-06,-1e-06,6e-06,1.7e-05,-0.484118,0.084406,0.035719,-0.032466,0.679785,-0.626327,-0.381582,0.647952,0.756626,-0.087602,0.343583,-0.187696,0.920173,-1e-06,4.7e-05,3.5e-05,-7e-06,-1e-06,0.0,0.145963
12,0.172025,-0.013325,0.370568,-0.598717,0.65867,-0.455782,-0.676532,-0.720423,-0.152536,-0.428089,0.216201,0.87751,0.0,0.0,0.0,3.2e-05,9.3e-05,4.3e-05,0.273867,-0.203119,-0.044127,0.319752,-0.708915,-0.135208,0.692206,0.548343,-0.722756,0.420569,0.444306,0.677877,0.58561,-9.8e-05,-0.000833,-0.000955,0.0,0.0,0.0,-0.284537,0.025305,0.019836,-0.009594,0.730951,0.103981,0.674461,-0.478377,0.782915,0.397743,-0.486688,-0.613377,0.622014,-6.2e-05,-0.000574,-0.000654,-0.001764,0.013516,-0.025374,-0.482811,0.084406,0.035715,-0.032463,0.680009,-0.627637,-0.379023,0.648389,0.756113,-0.088792,0.342314,-0.185376,0.921116,-2e-06,-2e-06,-1e-06,-0.001685,-0.004239,-0.001251,0.152821
13,0.172025,-0.013325,0.370568,-0.598717,0.65867,-0.455782,-0.676532,-0.720423,-0.152536,-0.428089,0.216201,0.87751,0.0,0.0,0.0,1e-06,2e-06,1e-06,0.275071,-0.203119,-0.044127,0.319752,-0.708915,-0.135208,0.692206,0.548343,-0.722756,0.420569,0.444306,0.677877,0.58561,-2e-06,-1.4e-05,-1.6e-05,0.0,0.0,0.0,-0.282868,0.025304,0.019834,-0.009597,0.730951,0.103981,0.674461,-0.478377,0.782915,0.397743,-0.486688,-0.613377,0.622014,3e-06,0.0,3e-06,1e-05,1.1e-05,-2e-06,-0.482322,0.084406,0.035715,-0.032463,0.680004,-0.627621,-0.379056,0.648386,0.756118,-0.088775,0.342329,-0.185408,0.921104,-0.0,-1e-06,-2e-06,-0.000186,-0.000585,-0.000283,0.156413
14,0.172025,-0.013325,0.370568,-0.598717,0.65867,-0.455782,-0.676532,-0.720423,-0.152536,-0.428089,0.216201,0.87751,0.0,0.0,0.0,0.0,0.0,0.0,0.277807,-0.203119,-0.044127,0.319752,-0.708915,-0.135208,0.692206,0.548343,-0.722756,0.420569,0.444306,0.677877,0.58561,-0.0,-0.0,-0.0,0.0,0.0,0.0,-0.268957,0.025304,0.019834,-0.009597,0.730951,0.103981,0.674461,-0.478377,0.782915,0.397743,-0.486688,-0.613377,0.622014,4e-06,4e-06,7e-06,6e-06,-2e-06,1.8e-05,-0.473341,0.084406,0.035715,-0.032463,0.680007,-0.627615,-0.379062,0.648381,0.756122,-0.088772,0.342332,-0.185411,0.921102,2e-06,-1e-06,-1e-06,2.5e-05,1.8e-05,-7.5e-05,0.161149
15,0.172025,-0.013325,0.370568,-0.598598,0.658753,-0.455818,-0.676611,-0.720335,-0.152601,-0.42813,0.21624,0.87748,0.0,0.0,0.0,0.0,0.0,0.0,0.281119,-0.203119,-0.044127,0.319752,-0.708915,-0.135208,0.692206,0.548343,-0.722756,0.420569,0.444306,0.677877,0.58561,-0.0,-0.0,-0.0,0.0,0.0,0.0,-0.259673,0.025304,0.019834,-0.009597,0.730951,0.103981,0.674461,-0.478377,0.782915,0.397743,-0.486688,-0.613377,0.622014,5e-06,2e-06,6e-06,7e-06,5e-06,1.5e-05,-0.463053,0.084406,0.035715,-0.032463,0.679898,-0.627705,-0.379109,0.648471,0.756039,-0.088827,0.342379,-0.185448,0.921078,3e-06,-2e-06,-2e-06,4.9e-05,8e-06,-6.1e-05,0.165068
16,0.172025,-0.013325,0.370568,-0.598598,0.658753,-0.455818,-0.676611,-0.720335,-0.152601,-0.42813,0.21624,0.87748,0.0,0.0,0.0,0.0,0.0,0.0,0.281913,-0.203119,-0.044127,0.319752,-0.708915,-0.135208,0.692206,0.548343,-0.722756,0.420569,0.444306,0.677877,0.58561,-0.0,-0.0,-0.0,0.0,0.0,0.0,-0.251847,0.025304,0.019834,-0.009597,0.730951,0.103981,0.674461,-0.478377,0.782915,0.397743,-0.486688,-0.613377,0.622014,5e-06,2e-06,6e-06,7e-06,5e-06,1.5e-05,-0.457665,0.084406,0.035715,-0.032463,0.679898,-0.627705,-0.379109,0.648471,0.756039,-0.088827,0.342379,-0.185448,0.921078,3e-06,-2e-06,-2e-06,4.9e-05,8e-06,-6.1e-05,0.166864
17,0.172035,-0.013332,0.370562,-0.598595,0.658755,-0.455819,-0.676612,-0.720333,-0.152603,-0.428131,0.216241,0.877479,-2e-06,-3.4e-05,-2.5e-05,0.0,0.0,0.0,0.285528,-0.203118,-0.044116,0.319765,-0.709048,-0.135147,0.692082,0.548217,-0.722787,0.420679,0.444248,0.677856,0.585678,8.4e-05,0.000714,0.000818,0.0,0.0,0.0,-0.210759,0.025305,0.019838,-0.009592,0.731076,0.103903,0.674337,-0.478247,0.782939,0.39785,-0.486628,-0.613359,0.62208,5.7e-05,0.000477,0.000546,0.012221,-0.093241,0.175258,-0.431375,0.084411,0.035711,-0.032466,0.679897,-0.627706,-0.37911,0.648472,0.756038,-0.088829,0.34238,-0.185448,0.921077,1e-06,-1.1e-05,-8e-06,2.7e-05,1.3e-05,-5.5e-05,0.171109
18,0.172035,-0.013332,0.370562,-0.599861,0.658291,-0.454825,-0.677032,-0.720488,-0.149987,-0.425691,0.217136,0.878445,-0.0,-0.0,-0.0,-0.001661,0.000893,-0.000706,0.288408,-0.203103,-0.044093,0.31979,-0.709022,-0.135159,0.692107,0.548242,-0.722781,0.420657,0.44426,0.67786,0.585664,0.000146,0.00125,0.001432,0.0,0.0,0.0,-0.116072,0.025312,0.019849,-0.009579,0.731051,0.103918,0.674362,-0.478273,0.782935,0.397828,-0.48664,-0.613362,0.622067,8.2e-05,0.000692,0.000793,-2e-06,1e-06,2.1e-05,-0.363609,0.084411,0.035711,-0.032466,0.681041,-0.627154,-0.377967,0.648602,0.756238,-0.086127,0.339848,-0.186494,0.921803,-2e-06,4e-06,5e-06,0.004178,-0.002187,0.001337,0.175845
19,0.172034,-0.013339,0.370557,-0.599997,0.658195,-0.454783,-0.676942,-0.720588,-0.149912,-0.425643,0.217092,0.878479,-0.0,-0.0,-0.0,0.0,0.0,0.0,0.291117,-0.203054,-0.044065,0.31982,-0.707515,-0.14348,0.691973,0.556628,-0.716273,0.420776,0.43614,0.68305,0.585736,0.000117,0.001002,0.001148,-7.5e-05,-4.6e-05,-6.4e-05,-0.009508,0.025337,0.019864,-0.009563,0.730242,0.112337,0.673889,-0.487183,0.777143,0.398373,-0.478956,-0.619216,0.622231,6.3e-05,0.000538,0.000614,0.000645,0.000341,-0.000613,-0.25747,0.084411,0.035707,-0.032468,0.681144,-0.62706,-0.377936,0.648493,0.756332,-0.086121,0.339849,-0.186428,0.921816,-2e-06,7e-06,7e-06,0.00012,-7.6e-05,-6e-06,0.179927
20,0.172034,-0.013339,0.370557,-0.599997,0.658195,-0.454783,-0.676942,-0.720588,-0.149912,-0.425643,0.217092,0.878479,-0.0,-0.0,-0.0,0.0,0.0,0.0,0.292385,-0.203019,-0.044066,0.319817,-0.70301,-0.164339,0.691926,0.577539,-0.699496,0.420819,0.415709,0.695653,0.585762,2e-06,1.5e-05,1.7e-05,-1.156478,-0.703353,-0.979037,0.039818,0.025354,0.019865,-0.009563,0.727676,0.132221,0.673055,-0.508103,0.763076,0.399432,-0.460779,-0.632639,0.622454,-3.3e-05,-0.000118,4e-06,-3.860564,-2.337599,-3.260244,-0.204238,0.084411,0.035708,-0.032468,0.681144,-0.62706,-0.377937,0.648493,0.756332,-0.086122,0.33985,-0.186428,0.921816,-4e-06,6e-06,5e-06,2e-05,-3.3e-05,-4.2e-05,0.182213
21,0.172034,-0.013339,0.370557,-0.599997,0.658195,-0.454783,-0.676942,-0.720588,-0.149912,-0.425643,0.217092,0.878479,-0.0,-0.0,-0.0,0.0,0.0,0.0,0.297699,-0.202906,-0.044086,0.319787,-0.687121,-0.221942,0.691808,0.63336,-0.649316,0.420925,0.356629,0.727659,0.585825,-4.9e-05,-0.000421,-0.000482,-0.353465,-0.215063,-0.299315,0.12791,0.025411,0.019855,-0.009578,0.71652,0.191876,0.670658,-0.568928,0.717053,0.402684,-0.403632,-0.670087,0.622947,0.007634,-0.000439,-0.00094,-1.188789,-0.740491,-0.974928,-0.084219,0.084411,0.035708,-0.032468,0.681144,-0.62706,-0.377937,0.648493,0.756332,-0.086122,0.33985,-0.186428,0.921816,-5e-06,4e-06,5e-06,9e-06,-1.9e-05,-4.3e-05,0.186132
22,0.172034,-0.013339,0.370557,-0.599997,0.658195,-0.454783,-0.676942,-0.720588,-0.149912,-0.425643,0.217092,0.878479,-0.0,-0.0,-0.0,0.0,0.0,0.0,0.304169,-0.202751,-0.044136,0.319721,-0.671346,-0.266159,0.691697,0.674173,-0.606764,0.421026,0.308465,0.749301,0.585884,-0.000199,-0.001717,-0.001968,-0.344048,-0.209417,-0.291417,0.204074,0.025489,0.019832,-0.009609,0.704471,0.237265,0.668898,-0.613177,0.678062,0.405272,-0.357398,-0.695655,0.623161,0.00755,-0.001188,-0.001799,-1.159854,-0.707766,-0.971784,0.021103,0.084411,0.035708,-0.032468,0.681144,-0.62706,-0.377937,0.648493,0.756332,-0.086122,0.33985,-0.186428,0.921816,-6e-06,4e-06,4e-06,9e-06,-1.9e-05,-4.3e-05,0.195766
23,0.172034,-0.013339,0.370557,-0.599997,0.658195,-0.454783,-0.676942,-0.720588,-0.149912,-0.425643,0.217092,0.878479,-0.0,-0.0,-0.0,0.0,0.0,0.0,0.305979,-0.202615,-0.044161,0.319683,-0.668414,-0.274025,0.691465,0.681091,-0.598842,0.421233,0.299474,0.752843,0.586009,-0.000103,-0.000887,-0.001018,-2.3e-05,-1.4e-05,-1.9e-05,0.258511,0.025556,0.019816,-0.009631,0.702084,0.245688,0.668367,-0.621061,0.670444,0.40594,-0.348368,-0.700101,0.623295,0.007612,-0.000689,-0.001238,0.004848,-0.013822,0.029847,0.08299,0.084411,0.035708,-0.032468,0.681144,-0.62706,-0.377937,0.648493,0.756332,-0.086122,0.33985,-0.186428,0.921816,-6e-06,4e-06,4e-06,9e-06,-1.9e-05,-4.3e-05,0.199522
24,0.172045,-0.013339,0.370556,-0.599977,0.658209,-0.45479,-0.676955,-0.720574,-0.149923,-0.42565,0.217098,0.878474,-0.0,-0.0,-0.0,0.0,0.0,0.0,0.309505,-0.20222,-0.044233,0.319578,-0.667983,-0.285976,0.687028,0.688735,-0.58698,0.425478,0.28242,0.757742,0.588158,-0.000213,-0.001858,-0.002133,-0.018483,-0.04663,0.055251,0.370691,0.025754,0.019782,-0.009681,0.702581,0.257401,0.663418,-0.629533,0.659479,0.410823,-0.331764,-0.70628,0.62538,0.00755,-0.001237,-0.001869,-0.064255,-0.167909,0.202182,0.229135,0.084416,0.035707,-0.032469,0.681126,-0.627075,-0.377945,0.648508,0.756319,-0.086131,0.339858,-0.186434,0.921812,-6e-06,3e-06,5e-06,1.1e-05,-1.5e-05,-4.2e-05,0.205727
25,0.172044,-0.013346,0.370551,-0.599994,0.658197,-0.454785,-0.676944,-0.720586,-0.149913,-0.425644,0.217093,0.878478,-1e-06,-1.5e-05,-1.1e-05,0.0,0.0,0.0,0.312129,-0.201724,-0.044336,0.31943,-0.675186,-0.298619,0.674494,0.691138,-0.575363,0.437287,0.258331,0.761783,0.593983,0.01508,-0.002636,-0.003912,-0.682366,-1.742964,2.075843,0.44968,0.025996,0.019731,-0.009755,0.708684,0.268944,0.652254,-0.633917,0.648552,0.421342,-0.309703,-0.712073,0.630106,0.007513,-0.001594,-0.002286,0.007657,-0.005738,0.020425,0.356665,0.084416,0.035704,-0.032471,0.681142,-0.627061,-0.377939,0.648494,0.756331,-0.086123,0.339852,-0.186429,0.921815,-3e-06,-0.0,1e-06,2.1e-05,6e-06,-2.9e-05,0.210136
26,0.172044,-0.013346,0.370551,-0.599994,0.658197,-0.454785,-0.676944,-0.720586,-0.149913,-0.425644,0.217093,0.878478,-0.0,-0.0,-0.0,0.0,0.0,0.0,0.312505,-0.201478,-0.044404,0.319337,-0.681865,-0.303133,0.665704,0.688859,-0.571917,0.445329,0.246577,0.7626,0.597916,0.014952,-0.003813,-0.005272,-0.061314,-0.157323,0.188112,0.482977,0.026119,0.019699,-0.009799,0.717401,0.272401,0.641196,-0.630501,0.645348,0.431269,-0.296316,-0.713668,0.634722,-0.000158,-0.001443,-0.001671,-0.222996,-0.563973,0.666262,0.409408,0.084416,0.035704,-0.032471,0.681142,-0.627061,-0.377938,0.648494,0.756331,-0.086123,0.339851,-0.186429,0.921815,-3e-06,7e-06,8e-06,9e-06,-1.3e-05,-3.5e-05,0.211606
27,0.172044,-0.013346,0.370551,-0.599994,0.658197,-0.454785,-0.676944,-0.720586,-0.149913,-0.425644,0.217093,0.878478,-0.0,-0.0,-0.0,0.0,0.0,0.0,0.314892,-0.201009,-0.044537,0.319139,-0.697391,-0.311882,0.645265,0.681646,-0.566397,0.463127,0.221899,0.763204,0.606749,-0.000454,-0.004086,-0.004705,0.009946,-0.080991,0.151335,0.516567,0.02636,0.019632,-0.009899,0.733265,0.278967,0.620079,-0.623378,0.639984,0.449243,-0.271517,-0.715958,0.64318,0.007484,-0.001928,-0.002679,0.01897,-0.099961,0.196828,0.484522,0.084416,0.035704,-0.032471,0.681142,-0.627061,-0.377938,0.648494,0.756331,-0.086123,0.339852,-0.186429,0.921815,-5e-06,4e-06,6e-06,6e-06,-1.3e-05,-3.5e-05,0.214382
28,0.172044,-0.013346,0.370551,-0.599994,0.658197,-0.454785,-0.676944,-0.720586,-0.149913,-0.425644,0.217093,0.878478,-0.0,-0.0,-0.0,0.0,0.0,0.0,0.31769,-0.200838,-0.044765,0.318865,-0.704216,-0.311048,0.638217,0.675831,-0.568785,0.46869,0.218096,0.761765,0.609928,-0.0008,-0.007224,-0.008341,0.010443,-0.079728,0.149845,0.522538,0.026446,0.019523,-0.010031,0.739765,0.277242,0.613094,-0.617325,0.642139,0.454494,-0.267687,-0.714697,0.646181,-0.000407,-0.003721,-0.004298,0.011344,-0.078857,0.150022,0.513424,0.084416,0.035704,-0.032471,0.681142,-0.627061,-0.377938,0.648494,0.756331,-0.086123,0.339852,-0.186428,0.921815,-6e-06,4e-06,5e-06,3e-06,-1.6e-05,-3.6e-05,0.218137
29,0.172044,-0.013353,0.370546,-0.600011,0.658185,-0.454779,-0.676932,-0.720599,-0.149904,-0.425638,0.217087,0.878483,-0.0,-0.0,-0.0,0.0,0.0,0.0,0.31965,-0.201029,-0.045092,0.318432,-0.705372,-0.310816,0.637051,0.674757,-0.569397,0.469494,0.217682,0.761403,0.610527,-0.016446,-0.009262,-0.009841,-0.003814,0.028718,-0.054636,0.519045,0.026356,0.019359,-0.010249,0.740997,0.276801,0.611803,-0.616053,0.642764,0.455337,-0.267208,-0.714307,0.646811,-0.000562,-0.005097,-0.005907,-0.001337,0.013865,-0.024926,0.5162,0.084416,0.0357,-0.032474,0.681159,-0.627048,-0.377931,0.64848,0.756344,-0.086115,0.339845,-0.186423,0.921819,-4e-06,8e-06,7e-06,-2e-06,-1.8e-05,-3.3e-05,0.22173
30,0.172054,-0.013361,0.37054,-0.600009,0.658187,-0.454781,-0.676934,-0.720597,-0.149905,-0.425639,0.217088,0.878482,-3e-06,-5.5e-05,-4.1e-05,0.0,0.0,0.0,0.319988,-0.201178,-0.045255,0.318203,-0.706595,-0.311132,0.63554,0.673952,-0.569283,0.470786,0.216202,0.761359,0.611108,-0.016983,0.00133,-0.018739,0.032524,0.017034,-0.036788,0.51265,0.026275,0.019272,-0.010369,0.74222,0.276951,0.610251,-0.615232,0.642632,0.456631,-0.265703,-0.714367,0.647364,-0.008494,0.000579,-0.009464,0.034577,0.021269,-0.04079,0.513098,0.084421,0.035697,-0.032477,0.681157,-0.627049,-0.377933,0.648482,0.756342,-0.086116,0.339846,-0.186424,0.921818,-5e-06,-2.3e-05,-1.8e-05,-1e-06,-9e-06,-2.6e-05,0.223036
31,0.172053,-0.01336,0.370528,-0.600013,0.658183,-0.45478,-0.67692,-0.720606,-0.149926,-0.425656,0.217068,0.878479,-0.0,-6e-06,-4e-06,0.0,0.0,0.0,0.322186,-0.201375,-0.045472,0.317817,-0.711388,-0.311831,0.629826,0.67046,-0.569476,0.475515,0.211272,0.76093,0.613363,-0.000636,-0.005627,-0.006558,-0.020052,-0.033388,0.029694,0.499976,0.026176,0.019159,-0.010567,0.746957,0.276993,0.604424,-0.611622,0.642746,0.461298,-0.260715,-0.714249,0.649519,-0.000279,-0.002523,-0.002936,-0.064459,-0.165683,0.194288,0.499218,0.08442,0.035697,-0.032483,0.68116,-0.627045,-0.377932,0.648469,0.756351,-0.086139,0.339862,-0.186403,0.921816,-2e-06,9e-06,8e-06,1e-05,-1.4e-05,-1.8e-05,0.225159
32,0.172054,-0.013353,0.370533,-0.599996,0.658195,-0.454785,-0.676932,-0.720593,-0.149936,-0.425662,0.217074,0.878474,6.1e-05,0.001198,0.000894,0.0,0.0,0.0,0.321997,-0.201394,-0.045422,0.317572,-0.72366,-0.312604,0.615293,0.66066,-0.571233,0.486985,0.200141,0.759293,0.619096,-0.000565,0.010196,-0.009336,0.043104,-0.11909,0.209362,0.493977,0.026166,0.019174,-0.010692,0.758876,0.276166,0.589778,-0.60159,0.644092,0.472475,-0.24939,-0.713355,0.654926,-0.000261,0.005251,-0.004489,-0.0267,-0.174458,0.208327,0.486645,0.084421,0.035698,-0.032482,0.681145,-0.627058,-0.377939,0.648482,0.756339,-0.086147,0.339869,-0.186408,0.921813,2.9e-05,0.000695,0.000521,-2.7e-05,-2.5e-05,-2.9e-05,0.226792
33,0.172054,-0.013361,0.37054,-0.600009,0.658187,-0.454781,-0.676934,-0.720597,-0.149905,-0.425639,0.217088,0.878482,1e-06,1.5e-05,1.1e-05,0.0,0.0,0.0,0.322436,-0.201339,-0.045302,0.317502,-0.730132,-0.312886,0.607454,0.655229,-0.572402,0.492914,0.194389,0.758296,0.622143,0.015645,0.001866,0.001286,-0.014422,-0.075771,0.109622,0.493501,0.026187,0.019231,-0.01073,0.76505,0.275593,0.582019,-0.596096,0.645034,0.478121,-0.243655,-0.712726,0.657764,0.000112,0.000964,0.001125,-0.22307,-0.573232,0.667151,0.483216,0.084421,0.035697,-0.032476,0.681157,-0.627048,-0.377933,0.648481,0.756343,-0.086116,0.339847,-0.186423,0.921818,-4e-06,7e-06,5e-06,-6e-06,-9e-06,-1.5e-05,0.227118
34,0.172043,-0.013353,0.370533,-0.600015,0.658182,-0.454779,-0.676919,-0.720608,-0.149925,-0.425655,0.217067,0.878479,0.0,0.0,0.0,0.0,0.0,0.0,0.32315,-0.201235,-0.044918,0.317403,-0.738128,-0.312821,0.597747,0.648035,-0.574775,0.499619,0.188196,0.756526,0.626191,-9.8e-05,0.014362,-0.00448,0.038144,-0.025181,0.043058,0.492993,0.026246,0.019433,-0.010777,0.77306,0.274397,0.571911,-0.588354,0.647168,0.48478,-0.237101,-0.711251,0.661743,-3.4e-05,0.007289,-0.002114,0.040225,-0.020566,0.038187,0.481093,0.084415,0.035701,-0.03248,0.681163,-0.627043,-0.377931,0.648467,0.756353,-0.086137,0.339861,-0.186402,0.921817,-1e-06,-2e-06,-0.0,3e-06,-5e-06,-1.3e-05,0.227771
35,0.172043,-0.01336,0.370528,-0.600032,0.65817,-0.454774,-0.676907,-0.720621,-0.149915,-0.425649,0.217062,0.878484,-2e-06,-4.6e-05,-3.5e-05,0.0,0.0,0.0,0.323411,-0.201074,-0.044406,0.317273,-0.743897,-0.310484,0.591784,0.642388,-0.575948,0.505525,0.184804,0.756593,0.627119,-5.1e-05,0.014827,-0.003946,0.037437,-0.024355,0.043546,0.491923,0.026321,0.019681,-0.010835,0.778447,0.271257,0.566073,-0.582569,0.648008,0.490611,-0.233739,-0.711691,0.662465,-1.8e-05,0.007449,-0.001936,0.049367,-0.029208,0.036988,0.47995,0.084415,0.035697,-0.032482,0.681179,-0.62703,-0.377924,0.648454,0.756365,-0.08613,0.339855,-0.186397,0.92182,-1e-06,-2.2e-05,-1.7e-05,5e-06,4e-06,-8e-06,0.228425
36,0.172054,-0.013353,0.370533,-0.599996,0.658195,-0.454785,-0.676932,-0.720593,-0.149936,-0.425662,0.217074,0.878474,1.7e-05,0.000326,0.000244,0.0,0.0,0.0,0.325111,-0.200837,-0.043789,0.317039,-0.748378,-0.31064,0.586025,0.638093,-0.577888,0.508741,0.181552,0.755048,0.629924,-0.000656,0.024766,-0.013583,0.072756,-0.023285,0.035351,0.490788,0.026445,0.019995,-0.010947,0.782837,0.270863,0.560176,-0.578038,0.649789,0.493604,-0.230298,-0.710215,0.665249,0.007656,0.007258,-0.002611,0.039739,-0.02431,0.043807,0.478807,0.084421,0.0357,-0.03248,0.681145,-0.627058,-0.377939,0.648481,0.756339,-0.086147,0.339869,-0.186408,0.921813,8e-06,0.000216,0.000162,-9e-06,-5e-06,-1.2e-05,0.230057
37,0.172054,-0.013353,0.370533,-0.599996,0.658195,-0.454785,-0.676932,-0.720593,-0.149936,-0.425662,0.217074,0.878474,0.0,5e-06,4e-06,0.0,0.0,0.0,0.325776,-0.200695,-0.043409,0.316851,-0.7509,-0.308467,0.583943,0.635394,-0.578084,0.511886,0.180602,0.755785,0.629313,0.014716,0.024687,-0.014579,0.019528,0.017404,0.131482,0.490292,0.026516,0.020193,-0.011046,0.785115,0.268359,0.558191,-0.575309,0.649773,0.496803,-0.229377,-0.71118,0.664536,0.007358,0.012294,-0.007353,0.033216,0.010895,0.126617,0.47799,0.084421,0.035701,-0.03248,0.681145,-0.627057,-0.377939,0.648481,0.756339,-0.086147,0.339869,-0.186408,0.921813,-2e-06,-2e-06,-1e-06,-6e-06,-1e-06,-7e-06,0.231037
38,0.172053,-0.01336,0.370528,-0.600013,0.658183,-0.45478,-0.67692,-0.720606,-0.149926,-0.425656,0.217068,0.878479,-0.0,-7e-06,-5e-06,0.0,0.0,0.0,0.326325,-0.200436,-0.042508,0.316261,-0.759474,-0.306617,0.573739,0.626822,-0.580416,0.519755,0.174587,0.754748,0.632249,0.014534,0.02328,-0.016214,0.035643,-0.059834,0.135161,0.483887,0.026646,0.020645,-0.01134,0.793373,0.265217,0.547921,-0.566312,0.651702,0.504553,-0.223265,-0.710593,0.667239,0.007275,0.011624,-0.008131,0.064579,-0.076923,0.124237,0.473092,0.08442,0.035697,-0.032483,0.681161,-0.627044,-0.377932,0.648468,0.756352,-0.086139,0.339863,-0.186403,0.921816,1e-06,2e-06,1e-06,6e-06,0.0,-3e-06,0.232833
39,0.172053,-0.01336,0.370528,-0.600013,0.658183,-0.45478,-0.67692,-0.720606,-0.149926,-0.425656,0.217068,0.878479,-0.0,-0.0,-0.0,0.0,0.0,0.0,0.326893,-0.200181,-0.041349,0.31543,-0.767531,-0.302152,0.565325,0.617938,-0.58279,0.527678,0.170982,0.754713,0.633274,0.014529,0.023522,-0.015935,0.066648,-0.040629,0.09692,0.479506,0.026767,0.021214,-0.011752,0.800819,0.259683,0.539678,-0.557145,0.653611,0.512231,-0.219722,-0.710884,0.668105,-0.000694,0.016755,-0.012299,0.13185,-0.040628,0.04721,0.465744,0.08442,0.035697,-0.032483,0.681161,-0.627044,-0.377932,0.648468,0.756352,-0.086139,0.339863,-0.186403,0.921816,-2e-06,3e-06,2e-06,-4e-06,-7e-06,-6e-06,0.23365
40,0.172053,-0.01336,0.370528,-0.600013,0.658183,-0.45478,-0.67692,-0.720606,-0.149926,-0.425656,0.217068,0.878479,-0.0,-0.0,-0.0,0.0,0.0,0.0,0.326147,-0.200058,-0.0407,0.314952,-0.77228,-0.300022,0.559966,0.612703,-0.584183,0.532221,0.168407,0.754483,0.634238,-0.001418,0.033547,-0.024542,0.078752,0.00041,0.075269,0.47913,0.026835,0.021536,-0.011986,0.805293,0.256979,0.534287,-0.55172,0.654725,0.516662,-0.21704,-0.710842,0.669026,0.006969,0.016743,-0.012768,0.106795,-0.023382,0.094585,0.463621,0.08442,0.035697,-0.032483,0.681161,-0.627044,-0.377932,0.648468,0.756352,-0.086139,0.339863,-0.186403,0.921816,-2e-06,3e-06,2e-06,-4e-06,-7e-06,-6e-06,0.233976
41,0.172054,-0.013353,0.370533,-0.599996,0.658195,-0.454785,-0.676932,-0.720593,-0.149936,-0.425662,0.217074,0.878474,2e-06,4.6e-05,3.5e-05,0.0,0.0,0.0,0.326625,-0.199747,-0.039326,0.313922,-0.776851,-0.295292,0.556145,0.60675,-0.586751,0.536202,0.16895,0.754349,0.634252,-0.001364,0.034179,-0.023801,0.068397,0.000731,0.108764,0.478418,0.02699,0.022234,-0.012512,0.809367,0.251701,0.530631,-0.545482,0.65701,0.520371,-0.217652,-0.710622,0.669061,-0.000669,0.017042,-0.011962,0.099529,-0.019801,0.099512,0.461498,0.084421,0.035701,-0.03248,0.681146,-0.627057,-0.377939,0.648481,0.75634,-0.086147,0.33987,-0.186408,0.921813,-0.0,1.9e-05,1.4e-05,-8e-06,0.0,-3e-06,0.23365
42,0.172043,-0.013353,0.370533,-0.600015,0.658182,-0.454779,-0.676919,-0.720608,-0.149925,-0.425655,0.217067,0.878479,0.0,0.0,0.0,0.0,0.0,0.0,0.326024,-0.199357,-0.037998,0.312897,-0.778823,-0.292808,0.554697,0.603634,-0.589745,0.536432,0.171029,0.752978,0.635324,0.013732,0.032588,-0.026557,0.106817,-0.045811,0.085005,0.477322,0.027174,0.022876,-0.013002,0.811028,0.249039,0.52935,-0.542217,0.659702,0.520377,-0.21962,-0.709064,0.67007,0.006885,0.016294,-0.013288,0.127899,-0.060272,0.079079,0.460192,0.084415,0.035701,-0.03248,0.681164,-0.627042,-0.377931,0.648466,0.756353,-0.086137,0.339862,-0.186402,0.921817,-0.0,-3e-06,-2e-06,3e-06,0.0,-1e-06,0.23365
43,0.172054,-0.013353,0.370533,-0.599996,0.658195,-0.454785,-0.676932,-0.720593,-0.149936,-0.425662,0.217074,0.878474,0.0,0.0,0.0,0.0,0.0,0.0,0.325773,-0.19895,-0.036929,0.312016,-0.779139,-0.292859,0.554227,0.602714,-0.592503,0.534426,0.17284,0.750789,0.637421,0.014184,0.021394,-0.018397,0.07477,-0.039069,0.06427,0.477569,0.027383,0.023426,-0.013456,0.811379,0.2492,0.528736,-0.541049,0.662506,0.518027,-0.221199,-0.706388,0.672373,0.006843,0.016087,-0.013523,0.099177,0.045905,-0.091744,0.459702,0.08442,0.035701,-0.03248,0.681146,-0.627057,-0.377939,0.648481,0.75634,-0.086146,0.33987,-0.186408,0.921813,2e-06,-2e-06,-2e-06,7e-06,8e-06,1e-06,0.233486
44,0.172054,-0.013353,0.370533,-0.599996,0.658195,-0.454785,-0.676932,-0.720593,-0.149936,-0.425662,0.217074,0.878474,0.0,0.0,0.0,0.0,0.0,0.0,0.325413,-0.198709,-0.036466,0.311632,-0.779212,-0.29289,0.554107,0.602384,-0.593661,0.533511,0.173662,0.749862,0.638288,0.014189,0.021588,-0.018174,0.062813,0.058971,-0.108347,0.477619,0.027509,0.023664,-0.013656,0.81148,0.249226,0.528569,-0.540603,0.663637,0.517042,-0.221918,-0.705316,0.673261,0.007109,0.010785,-0.009106,0.062447,0.058467,-0.108864,0.459702,0.08442,0.035701,-0.03248,0.681146,-0.627057,-0.377939,0.648481,0.75634,-0.086146,0.339869,-0.186408,0.921813,2e-06,-2e-06,-2e-06,9e-06,6e-06,2e-06,0.233486
45,0.172044,-0.01336,0.37054,-0.600029,0.658173,-0.454774,-0.676921,-0.720612,-0.149895,-0.425632,0.217081,0.878487,0.0,0.0,0.0,0.0,0.0,0.0,0.325204,-0.198126,-0.035727,0.311024,-0.779642,-0.292845,0.553527,0.601502,-0.595643,0.532296,0.174795,0.748305,0.639804,0.014725,0.011054,-0.009264,0.038408,-0.027157,0.046743,0.477098,0.02779,0.024022,-0.01395,0.81183,0.249165,0.528061,-0.539689,0.665392,0.515741,-0.222863,-0.703683,0.674656,0.007385,0.005607,-0.004549,0.026173,0.071007,-0.125981,0.459539,0.084415,0.035697,-0.032476,0.681176,-0.627033,-0.377925,0.648465,0.756357,-0.086107,0.339839,-0.186417,0.921822,2e-06,-2e-06,-2e-06,5e-06,6e-06,0.0,0.233323
46,0.172044,-0.013353,0.370546,-0.600011,0.658185,-0.454779,-0.676932,-0.720599,-0.149904,-0.425638,0.217087,0.878483,3e-06,5.5e-05,4.1e-05,0.0,0.0,0.0,0.324571,-0.197495,-0.035352,0.310656,-0.779849,-0.292798,0.55326,0.601049,-0.596691,0.531634,0.175435,0.747488,0.640583,0.015203,-0.00028,-0.001285,0.002045,-0.015205,0.029245,0.477753,0.028116,0.024221,-0.014144,0.812077,0.249085,0.527718,-0.539089,0.66644,0.515014,-0.223411,-0.702719,0.67548,0.00761,-0.000142,-0.000655,0.001847,-0.015409,0.029023,0.459865,0.084416,0.035701,-0.032473,0.68116,-0.627046,-0.377932,0.648478,0.756346,-0.086115,0.339846,-0.186422,0.921818,2e-06,2.7e-05,2e-05,1e-06,5e-06,0.0,0.23267
47,0.172044,-0.013353,0.370546,-0.600011,0.658185,-0.454779,-0.676932,-0.720599,-0.149904,-0.425638,0.217087,0.878483,0.0,1e-06,1e-06,0.0,0.0,0.0,0.325134,-0.197108,-0.035295,0.310601,-0.780176,-0.292694,0.552854,0.600645,-0.596973,0.531774,0.175363,0.747304,0.640819,0.030557,0.00101,-0.000767,0.005821,-0.044715,0.083446,0.478675,0.028298,0.024247,-0.014174,0.812344,0.248961,0.527365,-0.538717,0.666671,0.515105,-0.223339,-0.702543,0.675685,0.007625,3.2e-05,-0.00046,0.001893,-0.015369,0.029053,0.460518,0.084416,0.035701,-0.032473,0.68116,-0.627046,-0.377932,0.648478,0.756346,-0.086115,0.339845,-0.186422,0.921818,1e-06,-6e-06,-5e-06,6e-06,8e-06,4e-06,0.23267
48,0.172044,-0.01336,0.37054,-0.600029,0.658173,-0.454774,-0.676921,-0.720612,-0.149895,-0.425632,0.217081,0.878487,-0.0,-4e-06,-3e-06,0.0,0.0,0.0,0.323958,-0.196325,-0.035283,0.310627,-0.781196,-0.292381,0.551578,0.599491,-0.597403,0.532591,0.174768,0.747081,0.64124,0.030594,0.001495,-0.000236,0.004089,-0.030411,0.058491,0.479782,0.028689,0.024253,-0.01416,0.813319,0.248513,0.526071,-0.537506,0.667038,0.515893,-0.222703,-0.702353,0.676093,0.007708,0.000976,0.000624,0.003702,-0.02963,0.05407,0.461825,0.084415,0.035697,-0.032476,0.681176,-0.627033,-0.377925,0.648465,0.756358,-0.086107,0.339839,-0.186417,0.921822,2e-06,1e-06,1e-06,4e-06,6e-06,2e-06,0.232343
49,0.172034,-0.013353,0.370546,-0.600031,0.658171,-0.454773,-0.67692,-0.720613,-0.149893,-0.425631,0.21708,0.878488,2e-06,3.4e-05,2.5e-05,0.0,0.0,0.0,0.32221,-0.195494,-0.035214,0.310685,-0.781844,-0.292155,0.550779,0.598748,-0.597691,0.533105,0.17442,0.746939,0.6415,0.030635,0.002092,0.000422,0.004089,-0.030411,0.058491,0.479709,0.029105,0.024289,-0.014131,0.813929,0.248207,0.525273,-0.536736,0.66728,0.516382,-0.222335,-0.702232,0.67634,0.007731,0.001295,0.000985,0.003718,-0.02957,0.054114,0.462804,0.08441,0.035701,-0.032473,0.681178,-0.627031,-0.377923,0.648463,0.756359,-0.086106,0.339837,-0.186416,0.921823,0.0,1.5e-05,1.1e-05,1e-06,1e-06,0.0,0.231364
50,0.172034,-0.013346,0.370551,-0.600014,0.658184,-0.454778,-0.676931,-0.720601,-0.149903,-0.425637,0.217086,0.878483,0.0,2e-06,2e-06,0.0,0.0,0.0,0.319647,-0.194689,-0.03513,0.310712,-0.782282,-0.291985,0.550247,0.598228,-0.597934,0.533416,0.174236,0.746811,0.6417,0.015395,0.001993,0.001289,0.002045,-0.015205,0.029245,0.471296,0.029514,0.024331,-0.014117,0.814355,0.247976,0.524722,-0.536177,0.667496,0.516684,-0.222125,-0.702108,0.676538,0.007711,0.001147,0.000804,0.003735,-0.029547,0.054139,0.458885,0.084411,0.035704,-0.032471,0.681163,-0.627044,-0.37793,0.648476,0.756347,-0.086114,0.339844,-0.186421,0.921819,-0.0,-7e-06,-6e-06,-2e-06,1e-06,2e-06,0.228751
51,0.172034,-0.013346,0.370551,-0.600014,0.658184,-0.454778,-0.676931,-0.720601,-0.149903,-0.425637,0.217086,0.878483,0.0,0.0,0.0,0.0,0.0,0.0,0.319001,-0.194344,-0.035097,0.310727,-0.782543,-0.291894,0.549924,0.597924,-0.598066,0.533609,0.174108,0.746741,0.641816,0.015345,0.001486,0.000696,0.002045,-0.015205,0.029245,0.458571,0.029686,0.024349,-0.014108,0.8146,0.247851,0.524399,-0.53586,0.667609,0.516866,-0.221988,-0.702045,0.676648,0.007687,0.000893,0.00051,0.002023,-0.015238,0.029182,0.450231,0.084411,0.035704,-0.032471,0.681163,-0.627044,-0.37793,0.648476,0.756347,-0.086114,0.339844,-0.186421,0.921819,1e-06,-6e-06,-6e-06,9e-06,9e-06,5e-06,0.227608
52,0.172034,-0.013346,0.370551,-0.600014,0.658184,-0.454778,-0.676931,-0.720601,-0.149903,-0.425637,0.217086,0.878483,0.0,0.0,0.0,0.0,0.0,0.0,0.318963,-0.193761,-0.03508,0.310691,-0.782717,-0.291805,0.549722,0.597709,-0.598177,0.533726,0.174062,0.746687,0.641892,0.01517,-0.000473,-0.001577,0.002045,-0.015205,0.029245,0.419674,0.029978,0.02436,-0.014123,0.814762,0.247741,0.524199,-0.535636,0.667705,0.516974,-0.221935,-0.701992,0.676721,0.007575,-0.000367,-0.000949,-0.009988,0.083463,-0.143012,0.413491,0.08441,0.035704,-0.032471,0.681163,-0.627044,-0.37793,0.648477,0.756347,-0.086114,0.339844,-0.186421,0.921819,4e-06,-4e-06,-6e-06,9e-06,8e-06,3e-06,0.226465
53,0.172034,-0.013346,0.370551,-0.599895,0.658266,-0.454814,-0.67701,-0.720513,-0.149968,-0.425679,0.217125,0.878454,0.0,0.0,0.0,0.0,0.0,0.0,0.318026,-0.193357,-0.035036,0.310571,-0.781979,-0.289245,0.55212,0.598002,-0.597505,0.534149,0.176369,0.748216,0.639477,0.015135,-0.00088,-0.002055,0.001597,-0.014691,0.029572,0.349898,0.03018,0.024381,-0.014184,0.813867,0.245274,0.526745,-0.535958,0.667041,0.517499,-0.224432,-0.703488,0.674339,0.007549,-0.000676,-0.001307,0.010349,-0.021022,0.027222,0.346868,0.08441,0.035704,-0.032471,0.681054,-0.627134,-0.377978,0.648567,0.756264,-0.086169,0.339891,-0.186458,0.921795,5e-06,-3e-06,-5e-06,1.1e-05,6e-06,4e-06,0.225812
54,0.172034,-0.013346,0.370551,-0.599895,0.658266,-0.454814,-0.67701,-0.720513,-0.149968,-0.425679,0.217125,0.878454,0.0,0.0,0.0,0.0,0.0,0.0,0.317461,-0.193284,-0.035025,0.310468,-0.780824,-0.286807,0.55502,0.598779,-0.596586,0.534306,0.178847,0.749884,0.63683,-0.000248,-0.002881,-0.00333,-0.060436,0.08173,0.01789,0.270543,0.030222,0.024391,-0.014232,0.812541,0.243192,0.529749,-0.536896,0.666127,0.517703,-0.226979,-0.705076,0.671824,-0.000404,0.004143,-0.005757,-0.05729,0.179166,-0.091495,0.286124,0.08441,0.035704,-0.032471,0.681054,-0.627134,-0.377978,0.648567,0.756264,-0.086169,0.339891,-0.186458,0.921795,5e-06,-3e-06,-5e-06,1.1e-05,6e-06,4e-06,0.225322
55,0.172034,-0.013346,0.370551,-0.599895,0.658266,-0.454814,-0.67701,-0.720513,-0.149968,-0.425679,0.217125,0.878454,0.0,0.0,0.0,0.0,0.0,0.0,0.317241,-0.19338,-0.034929,0.310077,-0.773428,-0.283695,0.56685,0.605264,-0.595764,0.527878,0.188915,0.751715,0.631743,-0.000999,0.006146,-0.01399,0.034999,0.022195,-0.020476,0.114313,0.030174,0.024434,-0.014425,0.805124,0.24095,0.541957,-0.543491,0.665578,0.51149,-0.237471,-0.706362,0.666828,-0.000483,0.003207,-0.006841,0.078951,-0.077697,0.138134,0.060456,0.08441,0.035704,-0.032471,0.681054,-0.627134,-0.377978,0.648567,0.756264,-0.086169,0.339891,-0.186458,0.921795,5e-06,-3e-06,-5e-06,1.1e-05,6e-06,4e-06,0.224669
56,0.172034,-0.013346,0.370551,-0.599895,0.658266,-0.454814,-0.67701,-0.720513,-0.149968,-0.425679,0.217125,0.878454,0.0,0.0,0.0,0.0,0.0,0.0,0.315847,-0.193582,-0.03433,0.309484,-0.763959,-0.279967,0.581358,0.612862,-0.596342,0.518373,0.202511,0.752649,0.626397,-0.001204,0.021438,-0.017386,0.073841,-0.01873,0.030535,0.014186,0.030072,0.024728,-0.014735,0.795636,0.238726,0.55675,-0.551211,0.666506,0.501931,-0.251254,-0.706242,0.661885,-0.000582,0.010841,-0.008548,0.076277,-0.036437,0.040757,-0.084219,0.08441,0.035704,-0.032471,0.681054,-0.627134,-0.377978,0.648567,0.756264,-0.086169,0.339891,-0.186458,0.921795,5e-06,-3e-06,-5e-06,1.1e-05,6e-06,4e-06,0.224016
57,0.172024,-0.013339,0.370557,-0.599898,0.658265,-0.454813,-0.677008,-0.720515,-0.149967,-0.425678,0.217124,0.878454,4.4e-05,0.000865,0.000646,0.0,0.0,0.0,0.315062,-0.194017,-0.033297,0.308633,-0.748829,-0.271191,0.604733,0.622371,-0.601058,0.501317,0.228456,0.752099,0.618076,-0.001845,0.031546,-0.026776,0.681462,1.782851,-1.97945,-0.163655,0.029855,0.025237,-0.015147,0.781948,0.232115,0.578514,-0.559197,0.671278,0.486503,-0.275419,-0.703923,0.654703,-0.008515,0.015649,-0.013013,0.126489,0.00764,-0.019937,-0.2351,0.084405,0.035706,-0.032469,0.681056,-0.627132,-0.377976,0.648565,0.756265,-0.086168,0.33989,-0.186457,0.921795,3.4e-05,0.00058,0.000429,8e-06,-9e-06,2e-06,0.222383
58,0.172014,-0.013339,0.370558,-0.599918,0.658251,-0.454807,-0.676995,-0.720529,-0.149956,-0.425671,0.217117,0.87846,1e-06,1.3e-05,9e-06,0.0,0.0,0.0,0.31484,-0.194352,-0.032685,0.30808,-0.741175,-0.263442,0.617454,0.625337,-0.605143,0.492634,0.244787,0.751566,0.612447,-0.017148,0.030065,-0.027468,0.087689,0.135221,0.071475,-0.316361,0.029694,0.025546,-0.01542,0.772174,0.225874,0.593908,-0.563597,0.67511,0.476007,-0.293436,-0.702286,0.648605,-0.008586,0.014712,-0.014096,0.18217,0.696834,-0.579108,-0.34826,0.0844,0.035708,-0.032467,0.681074,-0.627118,-0.377968,0.64855,0.756279,-0.086159,0.339882,-0.186451,0.921799,1e-06,-1e-06,-2e-06,-5e-06,6e-06,-0.0,0.221893
59,0.171963,-0.013324,0.37057,-0.599982,0.658208,-0.454786,-0.676953,-0.720576,-0.149921,-0.425647,0.217095,0.878476,7.3e-05,0.001414,0.001055,0.000876,-0.012405,0.025998,0.313724,-0.195201,-0.031331,0.306532,-0.722898,-0.248735,0.644624,0.632531,-0.613414,0.472822,0.27871,0.749849,0.599925,-0.018334,0.033835,-0.044246,0.081183,0.05089,0.058761,-0.748942,0.02927,0.026229,-0.016179,0.753258,0.213583,0.62208,-0.570414,0.68302,0.456191,-0.32746,-0.698473,0.636321,-0.009192,0.016375,-0.022737,0.084561,0.046124,0.048657,-0.643163,0.084375,0.035712,-0.032464,0.681149,-0.627057,-0.377934,0.648489,0.756336,-0.086122,0.339849,-0.186424,0.921817,2e-06,-7e-06,-6e-06,4e-06,9e-06,5e-06,0.220913
