frame,MLTx,MLTy,MLTz,MLTR1,MLTR2,MLTR3,MLTR4,MLTR5,MLTR6,MLTR7,MLTR8,MLTR9,MLTTVx,MLTTVy,MLTTVz,MLTRVx,MLTRVy,MLTRVz,MLGA,MRTx,MRTy,MRTz,MRTR1,MRTR2,MRTR3,MRTR4,MRTR5,MRTR6,MRTR7,MRTR8,MRTR9,MRTTVx,MRTTVy,MRTTVz,MRTRVx,MRTRVy,MRTRVz,MRGA,SLTx,SLTy,SLTz,SLTR1,SLTR2,SLTR3,SLTR4,SLTR5,SLTR6,SLTR7,SLTR8,SLTR9,SLTTVx,SLTTVy,SLTTVz,SLTRVx,SLTRVy,SLTRVz,SLGA,SRTx,SRTy,SRTz,SRTR1,SRTR2,SRTR3,SRTR4,SRTR5,SRTR6,SRTR7,SRTR8,SRTR9,SRTTVx,SRTTVy,SRTTVz,SRTRVx,SRTRVy,SRTRVz,SRGA
1,0.103402,0.012627,0.463011,-0.488976,0.818425,-0.301876,-0.85968,-0.510748,0.007622,-0.147343,0.262222,0.953706,4.4e-05,0.00017,6.5e-05,0.0,0.0,0.0,0.470921,-0.103124,-0.01703,0.434655,-0.614423,-0.719561,0.323586,0.750495,-0.659539,-0.041233,0.243844,0.218431,0.944823,5.7e-05,-0.000291,-0.000165,0.0,0.0,0.0,0.534787,0.028169,0.025886,0.000205,0.611016,0.700255,0.36919,-0.732194,0.677206,-0.072687,-0.300917,-0.225905,0.926507,3.1e-05,-0.000159,-8.5e-05,-6e-06,3e-06,-1e-05,-0.786368,0.089398,0.045767,-0.021503,0.425857,-0.85362,-0.299963,0.8937,0.448596,-0.007809,0.141228,-0.264752,0.953918,7.5e-05,0.000302,0.000117,-1.1e-05,-1.1e-05,5e-06,-0.874277
2,0.103369,0.012636,0.463027,-0.489053,0.818396,-0.301829,-0.859644,-0.510807,0.007673,-0.147295,0.262197,0.95372,1e-06,3e-06,1e-06,-0.014699,0.054164,-0.190799,0.462742,-0.103124,-0.01703,0.434655,-0.614305,-0.719646,0.32362,0.750583,-0.659435,-0.041275,0.243867,0.218465,0.94481,0.0,-0.0,-0.0,0.0,0.0,0.0,0.534959,0.028169,0.025886,0.000205,0.611016,0.700255,0.36919,-0.732194,0.677206,-0.072687,-0.300917,-0.225905,0.926507,3.1e-05,-0.000159,-8.5e-05,-6e-06,3e-06,-1e-05,-0.786368,0.089398,0.045767,-0.021503,0.425857,-0.85362,-0.299963,0.8937,0.448596,-0.007809,0.141228,-0.264752,0.953918,7.5e-05,0.000302,0.000117,-1.1e-05,-1.1e-05,5e-06,-0.874277
3,0.103338,0.012652,0.463046,-0.488982,0.818438,-0.301828,-0.859687,-0.510735,0.007663,-0.147281,0.262204,0.953721,0.000349,0.00136,0.000523,0.0,0.0,0.0,0.456806,-0.103126,-0.017023,0.434659,-0.614322,-0.719634,0.323615,0.75057,-0.65945,-0.041269,0.243863,0.21846,0.944812,-0.000112,0.000569,0.000323,0.0,0.0,0.0,0.534649,0.028169,0.025886,0.000205,0.611016,0.700255,0.36919,-0.732194,0.677206,-0.072687,-0.300917,-0.225905,0.926507,3.1e-05,-0.000159,-8.5e-05,-6e-06,3e-06,-1e-05,-0.786368,0.089398,0.045767,-0.021503,0.425857,-0.85362,-0.299963,0.8937,0.448596,-0.007809,0.141228,-0.264752,0.953918,7.5e-05,0.000302,0.000117,-1.1e-05,-1.1e-05,5e-06,-0.874277
4,0.103321,0.012656,0.463049,-0.489023,0.818421,-0.301807,-0.859665,-0.510771,0.007678,-0.147269,0.262187,0.953727,5e-06,2e-05,8e-06,-0.014706,0.05416,-0.1908,0.455803,-0.103126,-0.017023,0.434659,-0.614322,-0.719634,0.323615,0.75057,-0.65945,-0.041269,0.243863,0.21846,0.944812,-2e-06,8e-06,5e-06,-0.005566,0.056763,-0.190525,0.535116,0.028169,0.025886,0.000205,0.611016,0.700255,0.36919,-0.732194,0.677206,-0.072687,-0.300917,-0.225905,0.926507,3.1e-05,-0.000159,-8.5e-05,-6e-06,3e-06,-1e-05,-0.786368,0.089398,0.045767,-0.021503,0.425857,-0.85362,-0.299963,0.8937,0.448596,-0.007809,0.141228,-0.264752,0.953918,7.5e-05,0.000302,0.000117,-1.1e-05,-1.1e-05,5e-06,-0.874277
5,0.103299,0.01265,0.463037,-0.48896,0.818453,-0.301823,-0.859695,-0.510722,0.007625,-0.147306,0.262183,0.953723,-0.000219,-0.000854,-0.000328,0.0,0.0,0.0,0.45628,-0.103124,-0.01703,0.434655,-0.614423,-0.719561,0.323586,0.750495,-0.659539,-0.041233,0.243844,0.218431,0.944823,1e-05,-5.2e-05,-3e-05,0.0,0.0,0.0,0.534715,0.028169,0.025886,0.000205,0.611016,0.700255,0.36919,-0.732194,0.677206,-0.072687,-0.300917,-0.225905,0.926507,3.1e-05,-0.000159,-8.5e-05,-6e-06,3e-06,-1e-05,-0.786368,0.089398,0.045767,-0.021503,0.425857,-0.85362,-0.299963,0.8937,0.448596,-0.007809,0.141228,-0.264752,0.953918,7.5e-05,0.000302,0.000117,-1.1e-05,-1.1e-05,5e-06,-0.874277
6,0.103308,0.012661,0.463019,-0.488914,0.81847,-0.301853,-0.859711,-0.510697,0.007558,-0.147368,0.262181,0.953714,0.000236,0.008453,-0.010943,0.035783,-0.013312,0.017717,0.458067,-0.103124,-0.01703,0.434655,-0.614423,-0.719561,0.323586,0.750495,-0.659539,-0.041233,0.243844,0.218431,0.944823,0.0,-0.0,-0.0,0.0,0.0,0.0,0.53478,0.028169,0.025886,0.000205,0.611016,0.700255,0.36919,-0.732194,0.677206,-0.072687,-0.300917,-0.225905,0.926507,3.1e-05,-0.000159,-8.5e-05,-6e-06,3e-06,-1e-05,-0.786368,0.089398,0.045767,-0.021503,0.425857,-0.85362,-0.299963,0.8937,0.448596,-0.007809,0.141228,-0.264752,0.953918,7.5e-05,0.000302,0.000117,-1.1e-05,-1.1e-05,5e-06,-0.874277
7,0.103317,0.012659,0.463018,-0.488893,0.818478,-0.301864,-0.859722,-0.510679,0.007551,-0.147374,0.26219,0.953711,0.011867,0.006075,-0.012514,0.05147,-0.0822,0.238066,0.459129,-0.103124,-0.01703,0.434655,-0.614423,-0.719561,0.323586,0.750495,-0.659539,-0.041233,0.243844,0.218431,0.944823,0.0,-0.0,-0.0,0.0,0.0,0.0,0.534683,0.028169,0.025886,0.000205,0.611016,0.700255,0.36919,-0.732194,0.677206,-0.072687,-0.300917,-0.225905,0.926507,3.1e-05,-0.000159,-8.5e-05,-6e-06,3e-06,-1e-05,-0.786368,0.089398,0.045767,-0.021503,0.425857,-0.85362,-0.299963,0.8937,0.448596,-0.007809,0.141228,-0.264752,0.953918,7.5e-05,0.000302,0.000117,-1.1e-05,-1.1e-05,5e-06,-0.874277
8,0.103317,0.012653,0.463026,-0.488906,0.818474,-0.301855,-0.859719,-0.510683,0.007581,-0.147346,0.262195,0.953713,-0.0,-0.0,-0.0,0.014703,-0.05417,0.190797,0.459634,-0.103124,-0.01703,0.434655,-0.614305,-0.719646,0.32362,0.750583,-0.659435,-0.041275,0.243867,0.218465,0.94481,0.0,-0.0,-0.0,0.0,0.0,0.0,0.534607,0.028169,0.025886,0.000205,0.611016,0.700255,0.36919,-0.732194,0.677206,-0.072687,-0.300917,-0.225905,0.926507,3.1e-05,-0.000159,-8.5e-05,-6e-06,3e-06,-1e-05,-0.786368,0.089398,0.045767,-0.021503,0.425857,-0.85362,-0.299963,0.8937,0.448596,-0.007809,0.141228,-0.264752,0.953918,7.5e-05,0.000302,0.000117,-1.1e-05,-1.1e-05,5e-06,-0.874277
9,0.103308,0.012654,0.463027,-0.489055,0.818403,-0.301804,-0.85964,-0.510815,0.007642,-0.14731,0.262159,0.953729,-0.0,-0.0,-0.0,0.014704,-0.05417,0.190797,0.458658,-0.103124,-0.01703,0.434655,-0.614305,-0.719646,0.32362,0.750583,-0.659435,-0.041275,0.243867,0.218465,0.94481,0.0,-0.0,-0.0,0.0,0.0,0.0,0.534798,0.028169,0.025886,0.000205,0.611016,0.700255,0.36919,-0.732194,0.677206,-0.072687,-0.300917,-0.225905,0.926507,3.1e-05,-0.000159,-8.5e-05,-6e-06,3e-06,-1e-05,-0.786368,0.089398,0.045767,-0.021503,0.425857,-0.85362,-0.299963,0.8937,0.448596,-0.007809,0.141228,-0.264752,0.953918,7.5e-05,0.000302,0.000117,-1.1e-05,-1.1e-05,5e-06,-0.874277
10,0.103302,0.012664,0.463032,-0.489057,0.818404,-0.301799,-0.859639,-0.510816,0.007641,-0.147308,0.262154,0.95373,-0.011628,0.002388,0.001575,0.013721,-0.039456,0.161244,0.45785,-0.103124,-0.01703,0.434655,-0.614305,-0.719646,0.32362,0.750583,-0.659435,-0.041275,0.243867,0.218465,0.94481,0.0,-0.0,-0.0,-0.005566,0.056763,-0.190525,0.534521,0.028169,0.025886,0.000205,0.611016,0.700255,0.36919,-0.732194,0.677206,-0.072687,-0.300917,-0.225905,0.926507,3.1e-05,-0.000159,-8.5e-05,-6e-06,3e-06,-1e-05,-0.786368,0.089398,0.045767,-0.021503,0.425857,-0.85362,-0.299963,0.8937,0.448596,-0.007809,0.141228,-0.264752,0.953918,7.5e-05,0.000302,0.000117,-1.1e-05,-1.1e-05,5e-06,-0.874277
11,0.103312,0.01267,0.463033,-0.489147,0.818359,-0.301776,-0.859591,-0.510896,0.00768,-0.147289,0.262139,0.953737,3.6e-05,0.00014,5.4e-05,0.0,0.0,0.0,0.458346,-0.103124,-0.01703,0.434655,-0.614423,-0.719561,0.323586,0.750495,-0.659539,-0.041233,0.243844,0.218431,0.944823,8e-06,-4.1e-05,-2.4e-05,0.0,0.0,0.0,0.534955,0.028169,0.025886,0.000205,0.611016,0.700255,0.36919,-0.732194,0.677206,-0.072687,-0.300917,-0.225905,0.926507,3.1e-05,-0.000159,-8.5e-05,-6e-06,3e-06,-1e-05,-0.786368,0.089398,0.045767,-0.021503,0.425857,-0.85362,-0.299963,0.8937,0.448596,-0.007809,0.141228,-0.264752,0.953918,7.5e-05,0.000302,0.000117,-1.1e-05,-1.1e-05,5e-06,-0.874277
12,0.103315,0.012651,0.463015,-0.48917,0.818344,-0.301779,-0.859575,-0.510924,0.007666,-0.14731,0.26213,0.953737,-0.000372,-0.001447,-0.000557,0.0,0.0,0.0,0.461461,-0.103124,-0.01703,0.434655,-0.614423,-0.719561,0.323586,0.750495,-0.659539,-0.041233,0.243844,0.218431,0.944823,0.000182,-0.000925,-0.000526,0.0,0.0,0.0,0.534843,0.028169,0.025886,0.000205,0.611016,0.700255,0.36919,-0.732194,0.677206,-0.072687,-0.300917,-0.225905,0.926507,3.1e-05,-0.000159,-8.5e-05,-6e-06,3e-06,-1e-05,-0.786368,0.089398,0.045767,-0.021503,0.425857,-0.85362,-0.299963,0.8937,0.448596,-0.007809,0.141228,-0.264752,0.953918,7.5e-05,0.000302,0.000117,-1.1e-05,-1.1e-05,5e-06,-0.874277
13,0.103311,0.012635,0.463009,-0.489078,0.818389,-0.301807,-0.859624,-0.510843,0.007628,-0.147331,0.26215,0.953728,-6e-05,-0.000233,-9e-05,0.0,0.0,0.0,0.464321,-0.103124,-0.01703,0.434655,-0.614423,-0.719561,0.323586,0.750495,-0.659539,-0.041233,0.243844,0.218431,0.944823,0.0,-0.0,-0.0,0.0,0.0,0.0,0.535048,0.028169,0.025886,0.000205,0.611016,0.700255,0.36919,-0.732194,0.677206,-0.072687,-0.300917,-0.225905,0.926507,3.1e-05,-0.000159,-8.5e-05,-6e-06,3e-06,-1e-05,-0.786368,0.089398,0.045767,-0.021503,0.425857,-0.85362,-0.299963,0.8937,0.448596,-0.007809,0.141228,-0.264752,0.953918,7.5e-05,0.000302,0.000117,-1.1e-05,-1.1e-05,5e-06,-0.874277
14,0.10332,0.012633,0.463008,-0.489057,0.818397,-0.301818,-0.859634,-0.510825,0.007621,-0.147337,0.262159,0.953725,-1e-06,-3e-06,-1e-06,0.0,0.0,0.0,0.464815,-0.103126,-0.017023,0.434659,-0.61444,-0.719548,0.323581,0.750482,-0.659554,-0.041227,0.24384,0.218426,0.944825,-7e-06,3.6e-05,2e-05,0.0,0.0,0.0,0.535444,0.028169,0.025886,0.000205,0.611016,0.700255,0.36919,-0.732194,0.677206,-0.072687,-0.300917,-0.225905,0.926507,3.1e-05,-0.000159,-8.5e-05,-6e-06,3e-06,-1e-05,-0.786368,0.089398,0.045767,-0.021503,0.425857,-0.85362,-0.299963,0.8937,0.448596,-0.007809,0.141228,-0.264752,0.953918,7.5e-05,0.000302,0.000117,-1.1e-05,-1.1e-05,5e-06,-0.874277
15,0.103319,0.012627,0.463016,-0.488941,0.818455,-0.301848,-0.8597,-0.510714,0.007597,-0.147339,0.262192,0.953715,-0.0,-0.0,-0.0,0.0,0.0,0.0,0.464138,-0.103124,-0.01703,0.434655,-0.614305,-0.719646,0.32362,0.750583,-0.659435,-0.041275,0.243867,0.218465,0.94481,0.0,-0.0,-0.0,0.0,0.0,0.0,0.534959,0.028169,0.025886,0.000205,0.611016,0.700255,0.36919,-0.732194,0.677206,-0.072687,-0.300917,-0.225905,0.926507,3.1e-05,-0.000159,-8.5e-05,-6e-06,3e-06,-1e-05,-0.786368,0.089398,0.045767,-0.021503,0.425857,-0.85362,-0.299963,0.8937,0.448596,-0.007809,0.141228,-0.264752,0.953918,7.5e-05,0.000302,0.000117,-1.1e-05,-1.1e-05,5e-06,-0.874277
16,0.103321,0.012622,0.463035,-0.488819,0.818519,-0.301874,-0.859773,-0.510591,0.007594,-0.147317,0.262234,0.953707,6e-06,2.3e-05,9e-06,0.014705,-0.05416,0.1908,0.46197,-0.103124,-0.01703,0.434655,-0.614305,-0.719646,0.32362,0.750583,-0.659435,-0.041275,0.243867,0.218465,0.94481,0.0,-0.0,-0.0,0.0,0.0,0.0,0.53482,0.028169,0.025886,0.000205,0.611016,0.700255,0.36919,-0.732194,0.677206,-0.072687,-0.300917,-0.225905,0.926507,3.1e-05,-0.000159,-8.5e-05,-6e-06,3e-06,-1e-05,-0.786368,0.089398,0.045767,-0.021503,0.425857,-0.85362,-0.299963,0.8937,0.448596,-0.007809,0.141228,-0.264752,0.953918,7.5e-05,0.000302,0.000117,-1.1e-05,-1.1e-05,5e-06,-0.874277
17,0.103323,0.01263,0.463038,-0.488929,0.818465,-0.30184,-0.859715,-0.510689,0.00764,-0.147292,0.262211,0.953717,0.00039,0.009055,-0.010712,0.035784,-0.013308,0.017718,0.460997,-0.103124,-0.01703,0.434655,-0.614423,-0.719561,0.323586,0.750495,-0.659539,-0.041233,0.243844,0.218431,0.944823,0.0,-0.0,-0.0,0.0,0.0,0.0,0.534802,0.028169,0.025886,0.000205,0.611016,0.700255,0.36919,-0.732194,0.677206,-0.072687,-0.300917,-0.225905,0.926507,3.1e-05,-0.000159,-8.5e-05,-6e-06,3e-06,-1e-05,-0.786368,0.089398,0.045767,-0.021503,0.425857,-0.85362,-0.299963,0.8937,0.448596,-0.007809,0.141228,-0.264752,0.953918,7.5e-05,0.000302,0.000117,-1.1e-05,-1.1e-05,5e-06,-0.874277
18,0.103314,0.012632,0.463039,-0.488821,0.818519,-0.301869,-0.859773,-0.510593,0.007594,-0.147315,0.26223,0.953709,0.0,0.0,0.0,0.0,0.0,0.0,0.460738,-0.103124,-0.01703,0.434655,-0.614305,-0.719646,0.32362,0.750583,-0.659435,-0.041275,0.243867,0.218465,0.94481,2e-06,-1.1e-05,-6e-06,0.0,0.0,0.0,0.534724,0.028169,0.025886,0.000205,0.611016,0.700255,0.36919,-0.732194,0.677206,-0.072687,-0.300917,-0.225905,0.926507,3.1e-05,-0.000159,-8.5e-05,-6e-06,3e-06,-1e-05,-0.786368,0.089398,0.045767,-0.021503,0.425857,-0.85362,-0.299963,0.8937,0.448596,-0.007809,0.141228,-0.264752,0.953918,7.5e-05,0.000302,0.000117,-1.1e-05,-1.1e-05,5e-06,-0.874277
19,0.103311,0.012622,0.463025,-0.488846,0.818505,-0.301867,-0.859755,-0.510622,0.00758,-0.147334,0.262216,0.953709,-3.1e-05,-0.00012,-4.6e-05,0.014704,-0.054165,0.190798,0.462132,-0.103124,-0.01703,0.434655,-0.614423,-0.719561,0.323586,0.750495,-0.659539,-0.041233,0.243844,0.218431,0.944823,0.0,-0.0,-0.0,0.0,0.0,0.0,0.534825,0.028169,0.025886,0.000205,0.611016,0.700255,0.36919,-0.732194,0.677206,-0.072687,-0.300917,-0.225905,0.926507,3.1e-05,-0.000159,-8.5e-05,-6e-06,3e-06,-1e-05,-0.786368,0.089398,0.045767,-0.021503,0.425857,-0.85362,-0.299963,0.8937,0.448596,-0.007809,0.141228,-0.264752,0.953918,7.5e-05,0.000302,0.000117,-1.1e-05,-1.1e-05,5e-06,-0.874277
20,0.103311,0.012622,0.463025,-0.488975,0.818443,-0.301828,-0.859687,-0.510736,0.007634,-0.147305,0.262189,0.953721,-0.0,-2e-06,-1e-06,0.014704,-0.054165,0.190798,0.461236,-0.103124,-0.01703,0.434655,-0.614423,-0.719561,0.323586,0.750495,-0.659539,-0.041233,0.243844,0.218431,0.944823,0.0,-0.0,-0.0,0.0,0.0,0.0,0.53492,0.028169,0.025886,0.000205,0.611016,0.700255,0.36919,-0.732194,0.677206,-0.072687,-0.300917,-0.225905,0.926507,3.1e-05,-0.000159,-8.5e-05,-6e-06,3e-06,-1e-05,-0.786368,0.089398,0.045767,-0.021503,0.425857,-0.85362,-0.299963,0.8937,0.448596,-0.007809,0.141228,-0.264752,0.953918,7.5e-05,0.000302,0.000117,-1.1e-05,-1.1e-05,5e-06,-0.874277
21,0.103282,0.012653,0.463039,-0.48913,0.818374,-0.301762,-0.859605,-0.510872,0.007694,-0.147264,0.262139,0.953741,0.000183,0.000712,0.000274,0.0,0.0,0.0,0.455923,-0.103124,-0.01703,0.434655,-0.614423,-0.719561,0.323586,0.750495,-0.659539,-0.041233,0.243844,0.218431,0.944823,0.0,-0.0,-0.0,0.0,0.0,0.0,0.534576,0.028169,0.025886,0.000205,0.611016,0.700255,0.36919,-0.732194,0.677206,-0.072687,-0.300917,-0.225905,0.926507,3.1e-05,-0.000159,-8.5e-05,-6e-06,3e-06,-1e-05,-0.786368,0.089398,0.045767,-0.021503,0.425857,-0.85362,-0.299963,0.8937,0.448596,-0.007809,0.141228,-0.264752,0.953918,7.5e-05,0.000302,0.000117,-1.1e-05,-1.1e-05,5e-06,-0.874277
22,0.103215,0.012711,0.463076,-0.489346,0.818286,-0.301651,-0.859497,-0.511053,0.007797,-0.147178,0.262063,0.953776,-0.011116,0.004374,0.002339,0.001148,0.006866,-0.001907,0.448387,-0.103124,-0.01703,0.434655,-0.614305,-0.719646,0.32362,0.750583,-0.659435,-0.041275,0.243867,0.218465,0.94481,0.0,-0.0,-0.0,0.0,0.0,0.0,0.534865,0.028169,0.025886,0.000205,0.611016,0.700255,0.36919,-0.732194,0.677206,-0.072687,-0.300917,-0.225905,0.926507,3.1e-05,-0.000159,-8.5e-05,-6e-06,3e-06,-1e-05,-0.786368,0.089398,0.045767,-0.021503,0.425857,-0.85362,-0.299963,0.8937,0.448596,-0.007809,0.141228,-0.264752,0.953918,7.5e-05,0.000302,0.000117,-1.1e-05,-1.1e-05,5e-06,-0.874277
23,0.103147,0.012767,0.463102,-0.489439,0.818255,-0.301584,-0.85945,-0.511131,0.007824,-0.147144,0.262005,0.953797,0.000533,0.002072,0.000796,0.002134,-0.007848,0.027646,0.439772,-0.103124,-0.01703,0.434655,-0.614305,-0.719646,0.32362,0.750583,-0.659435,-0.041275,0.243867,0.218465,0.94481,2.4e-05,-0.000122,-6.9e-05,0.0,0.0,0.0,0.53464,0.028169,0.025886,0.000205,0.611016,0.700255,0.36919,-0.732194,0.677206,-0.072687,-0.300917,-0.225905,0.926507,3.1e-05,-0.000159,-8.5e-05,-6e-06,3e-06,-1e-05,-0.786368,0.089398,0.045767,-0.021503,0.425857,-0.85362,-0.299963,0.8937,0.448596,-0.007809,0.141228,-0.264752,0.953918,7.5e-05,0.000302,0.000117,-1.1e-05,-1.1e-05,5e-06,-0.874277
24,0.103114,0.012776,0.463118,-0.489516,0.818226,-0.301537,-0.859415,-0.511191,0.007876,-0.147097,0.26198,0.953811,4.4e-05,0.00017,6.5e-05,0.0,0.0,0.0,0.437495,-0.103124,-0.01703,0.434655,-0.614305,-0.719646,0.32362,0.750583,-0.659435,-0.041275,0.243867,0.218465,0.94481,0.0,-2e-06,-1e-06,0.0,0.0,0.0,0.534661,0.028169,0.025886,0.000205,0.611016,0.700255,0.36919,-0.732194,0.677206,-0.072687,-0.300917,-0.225905,0.926507,3.1e-05,-0.000159,-8.5e-05,-6e-06,3e-06,-1e-05,-0.786368,0.089398,0.045767,-0.021503,0.425857,-0.85362,-0.299963,0.8937,0.448596,-0.007809,0.141228,-0.264752,0.953918,7.5e-05,0.000302,0.000117,-1.1e-05,-1.1e-05,5e-06,-0.874277
25,0.103068,0.012817,0.463127,-0.489571,0.818207,-0.3015,-0.859383,-0.511245,0.007867,-0.147101,0.261934,0.953823,2.3e-05,9e-05,3.5e-05,0.0,0.0,0.0,0.436529,-0.103124,-0.01703,0.434655,-0.614423,-0.719561,0.323586,0.750495,-0.659539,-0.041233,0.243844,0.218431,0.944823,0.0,-0.0,-0.0,0.0,0.0,0.0,0.53495,0.028169,0.025886,0.000205,0.611016,0.700255,0.36919,-0.732194,0.677206,-0.072687,-0.300917,-0.225905,0.926507,3.1e-05,-0.000159,-8.5e-05,-6e-06,3e-06,-1e-05,-0.786368,0.089398,0.045767,-0.021503,0.425857,-0.85362,-0.299963,0.8937,0.448596,-0.007809,0.141228,-0.264752,0.953918,7.5e-05,0.000302,0.000117,-1.1e-05,-1.1e-05,5e-06,-0.874277
26,0.103049,0.012819,0.463118,-0.489618,0.818185,-0.301482,-0.859354,-0.511293,0.00786,-0.147113,0.261908,0.953829,-3e-06,-1.2e-05,-5e-06,0.0,0.0,0.0,0.436387,-0.103124,-0.01703,0.434655,-0.614423,-0.719561,0.323586,0.750495,-0.659539,-0.041233,0.243844,0.218431,0.944823,0.000295,-0.001496,-0.000851,-0.000807,0.008225,-0.027607,0.534781,0.028169,0.025886,0.000205,0.611016,0.700255,0.36919,-0.732194,0.677206,-0.072687,-0.300917,-0.225905,0.926507,3.1e-05,-0.000159,-8.5e-05,-6e-06,3e-06,-1e-05,-0.786368,0.089398,0.045767,-0.021503,0.425857,-0.85362,-0.299963,0.8937,0.448596,-0.007809,0.141228,-0.264752,0.953918,7.5e-05,0.000302,0.000117,-1.1e-05,-1.1e-05,5e-06,-0.874277
27,0.103058,0.012823,0.463108,-0.489714,0.818135,-0.301463,-0.859299,-0.511386,0.007877,-0.147117,0.261883,0.953834,-0.0,-0.0,-0.0,-0.014733,0.054176,-0.190793,0.435956,-0.103124,-0.01703,0.434655,-0.614423,-0.719561,0.323586,0.750495,-0.659539,-0.041233,0.243844,0.218431,0.944823,4e-06,-2.2e-05,-1.2e-05,0.0,0.0,0.0,0.534617,0.028169,0.025886,0.000205,0.611016,0.700255,0.36919,-0.732194,0.677206,-0.072687,-0.300917,-0.225905,0.926507,3.1e-05,-0.000159,-8.5e-05,-6e-06,3e-06,-1e-05,-0.786368,0.089398,0.045767,-0.021503,0.425857,-0.85362,-0.299963,0.8937,0.448596,-0.007809,0.141228,-0.264752,0.953918,7.5e-05,0.000302,0.000117,-1.1e-05,-1.1e-05,5e-06,-0.874277
28,0.103079,0.012836,0.463112,-0.489506,0.818233,-0.301536,-0.859408,-0.511203,0.007793,-0.147167,0.261936,0.953812,-0.011612,0.002432,0.001593,-0.000984,0.014715,-0.029553,0.434058,-0.103124,-0.01703,0.434655,-0.614423,-0.719561,0.323586,0.750495,-0.659539,-0.041233,0.243844,0.218431,0.944823,0.0,-0.0,-0.0,0.005566,-0.056763,0.190525,0.534937,0.028169,0.025886,0.000205,0.611016,0.700255,0.36919,-0.732194,0.677206,-0.072687,-0.300917,-0.225905,0.926507,3.1e-05,-0.000159,-8.5e-05,-6e-06,3e-06,-1e-05,-0.786368,0.089398,0.045767,-0.021503,0.425857,-0.85362,-0.299963,0.8937,0.448596,-0.007809,0.141228,-0.264752,0.953918,7.5e-05,0.000302,0.000117,-1.1e-05,-1.1e-05,5e-06,-0.874277
29,0.103112,0.012867,0.463101,-0.489491,0.818231,-0.301564,-0.859407,-0.511206,0.007742,-0.147225,0.261935,0.953804,0.000161,0.000626,0.00024,0.0,0.0,0.0,0.434577,-0.103124,-0.01703,0.434655,-0.614305,-0.719646,0.32362,0.750583,-0.659435,-0.041275,0.243867,0.218465,0.94481,0.0,-0.0,-0.0,0.0,0.0,0.0,0.534607,0.028169,0.025886,0.000205,0.611016,0.700255,0.36919,-0.732194,0.677206,-0.072687,-0.300917,-0.225905,0.926507,3.1e-05,-0.000159,-8.5e-05,-6e-06,3e-06,-1e-05,-0.786368,0.089398,0.045767,-0.021503,0.425857,-0.85362,-0.299963,0.8937,0.448596,-0.007809,0.141228,-0.264752,0.953918,7.5e-05,0.000302,0.000117,-1.1e-05,-1.1e-05,5e-06,-0.874277
30,0.10316,0.012893,0.463077,-0.489312,0.818304,-0.301658,-0.859488,-0.511071,0.0076,-0.147348,0.26197,0.953776,1.2e-05,4.7e-05,1.8e-05,0.0,0.0,0.0,0.438184,-0.103126,-0.017023,0.434659,-0.614322,-0.719634,0.323615,0.75057,-0.65945,-0.041269,0.243863,0.21846,0.944812,-8.1e-05,0.000411,0.000234,-0.005566,0.056763,-0.190525,0.534563,0.028169,0.025886,0.000205,0.611016,0.700255,0.36919,-0.732194,0.677206,-0.072687,-0.300917,-0.225905,0.926507,3.1e-05,-0.000159,-8.5e-05,-6e-06,3e-06,-1e-05,-0.786368,0.089398,0.045767,-0.021503,0.425857,-0.85362,-0.299963,0.8937,0.448596,-0.007809,0.141228,-0.264752,0.953918,7.5e-05,0.000302,0.000117,-1.1e-05,-1.1e-05,5e-06,-0.874277
31,0.103189,0.012902,0.463068,-0.489347,0.81828,-0.301666,-0.859465,-0.511111,0.007595,-0.147368,0.261967,0.953773,0.000247,0.008493,-0.010927,0.035781,-0.013329,0.017709,0.438847,-0.103124,-0.01703,0.434655,-0.614423,-0.719561,0.323586,0.750495,-0.659539,-0.041233,0.243844,0.218431,0.944823,4.1e-05,-0.000208,-0.000119,0.0,0.0,0.0,0.534751,0.028169,0.025886,0.000205,0.611016,0.700255,0.36919,-0.732194,0.677206,-0.072687,-0.300917,-0.225905,0.926507,3.1e-05,-0.000159,-8.5e-05,-6e-06,3e-06,-1e-05,-0.786368,0.089398,0.045767,-0.021503,0.425857,-0.85362,-0.299963,0.8937,0.448596,-0.007809,0.141228,-0.264752,0.953918,7.5e-05,0.000302,0.000117,-1.1e-05,-1.1e-05,5e-06,-0.874277
32,0.103198,0.012919,0.463042,-0.489287,0.818301,-0.301706,-0.859483,-0.511082,0.007498,-0.147458,0.261959,0.953761,0.000209,0.008345,-0.010983,0.03578,-0.01333,0.017709,0.443428,-0.103147,-0.017073,0.434715,-0.611493,-0.717877,0.332746,0.751415,-0.658589,-0.03963,0.248345,0.226711,0.941695,-0.011677,-0.009928,0.011,0.399628,0.927835,-0.33019,0.534911,0.028169,0.025886,0.000205,0.611016,0.700255,0.36919,-0.732194,0.677206,-0.072687,-0.300917,-0.225905,0.926507,3.1e-05,-0.000159,-8.5e-05,-6e-06,3e-06,-1e-05,-0.786368,0.089398,0.045767,-0.021503,0.425857,-0.85362,-0.299963,0.8937,0.448596,-0.007809,0.141228,-0.264752,0.953918,7.5e-05,0.000302,0.000117,-1.1e-05,-1.1e-05,5e-06,-0.874277
33,0.103188,0.012997,0.462988,-0.489298,0.818282,-0.301739,-0.859443,-0.511152,0.007307,-0.147653,0.261882,0.953752,0.000264,0.001027,0.000394,0.0,0.0,0.0,0.447311,-0.103178,-0.017149,0.435295,-0.608271,-0.687544,0.396588,0.749641,-0.661789,0.002751,0.261315,0.299844,0.917426,0.012278,0.003021,0.016335,-1.016544,1.812273,0.603895,0.534633,0.028169,0.025886,0.000205,0.611016,0.700255,0.36919,-0.732194,0.677206,-0.072687,-0.300917,-0.225905,0.926507,3.1e-05,-0.000159,-8.5e-05,-6e-06,3e-06,-1e-05,-0.786368,0.089398,0.045767,-0.021503,0.425857,-0.85362,-0.299963,0.8937,0.448596,-0.007809,0.141228,-0.264752,0.953918,7.5e-05,0.000302,0.000117,-1.1e-05,-1.1e-05,5e-06,-0.874277
34,0.103191,0.013025,0.462967,-0.489241,0.818304,-0.301774,-0.859461,-0.511123,0.00721,-0.147742,0.261869,0.953742,0.000117,0.000453,0.000174,0.0,0.0,0.0,0.449246,-0.102601,-0.017113,0.435739,-0.610037,-0.677799,0.410408,0.748309,-0.66307,0.017501,0.261018,0.318648,0.911151,0.026101,-0.001901,0.028161,-0.313981,0.419679,0.182507,0.534581,0.028169,0.025886,0.000205,0.611016,0.700255,0.36919,-0.732194,0.677206,-0.072687,-0.300917,-0.225905,0.926507,3.1e-05,-0.000159,-8.5e-05,-6e-06,3e-06,-1e-05,-0.786368,0.089398,0.045767,-0.021503,0.425857,-0.85362,-0.299963,0.8937,0.448596,-0.007809,0.141228,-0.264752,0.953918,7.5e-05,0.000302,0.000117,-1.1e-05,-1.1e-05,5e-06,-0.874277
35,0.103205,0.01303,0.462925,-0.494022,0.815408,-0.301822,-0.856431,-0.516186,0.007093,-0.149405,0.260976,0.953728,-7.1e-05,-0.000278,-0.000107,3e-06,-0.0,-9e-06,0.455737,-0.101823,-0.017183,0.436435,-0.60837,-0.681404,0.406898,0.749634,-0.661674,0.013031,0.261103,0.313817,0.912802,0.001349,-0.008709,0.010696,0.127033,-0.299896,-0.115936,0.534766,0.028169,0.025886,0.000205,0.611016,0.700255,0.36919,-0.732194,0.677206,-0.072687,-0.300917,-0.225905,0.926507,3.1e-05,-0.000159,-8.5e-05,-6e-06,3e-06,-1e-05,-0.786368,0.089398,0.045767,-0.021503,0.425857,-0.85362,-0.299963,0.8937,0.448596,-0.007809,0.141228,-0.264752,0.953918,7.5e-05,0.000302,0.000117,-1.1e-05,-1.1e-05,5e-06,-0.874277
36,0.103208,0.01307,0.462887,-0.494068,0.815375,-0.301836,-0.856384,-0.516264,0.00699,-0.149519,0.260924,0.953724,0.000349,0.001358,0.000521,0.0,-0.0,-0.0,0.460721,-0.102173,-0.017266,0.436019,-0.613461,-0.694575,0.375796,0.747756,-0.663896,-0.006098,0.25448,0.278146,0.926142,-0.026419,0.003506,-0.027257,0.792708,-1.336268,-0.258005,0.534596,0.028169,0.025886,0.000205,0.611016,0.700255,0.36919,-0.732194,0.677206,-0.072687,-0.300917,-0.225905,0.926507,3.1e-05,-0.000159,-8.5e-05,-6e-06,3e-06,-1e-05,-0.786368,0.089398,0.045767,-0.021503,0.425857,-0.85362,-0.299963,0.8937,0.448596,-0.007809,0.141228,-0.264752,0.953918,7.5e-05,0.000302,0.000117,-1.1e-05,-1.1e-05,5e-06,-0.874277
37,0.103215,0.013067,0.462875,-0.494053,0.815379,-0.30185,-0.856388,-0.516259,0.006961,-0.149549,0.260923,0.953719,-0.000297,-0.001154,-0.000443,0.0,0.0,0.0,0.46414,-0.103287,-0.017514,0.435172,-0.614031,-0.716128,0.331839,0.74992,-0.660428,-0.037253,0.24659,0.22689,0.942113,-0.02442,-0.008788,-0.018619,0.13419,-0.151521,-0.122279,0.534466,0.028169,0.025886,0.000205,0.611016,0.700255,0.36919,-0.732194,0.677206,-0.072687,-0.300917,-0.225905,0.926507,3.1e-05,-0.000159,-8.5e-05,-6e-06,3e-06,-1e-05,-0.786368,0.089398,0.045767,-0.021503,0.425857,-0.85362,-0.299963,0.8937,0.448596,-0.007809,0.141228,-0.264752,0.953918,7.5e-05,0.000302,0.000117,-1.1e-05,-1.1e-05,5e-06,-0.874277
38,0.103213,0.013052,0.46288,-0.494084,0.815366,-0.301835,-0.856375,-0.516279,0.006999,-0.149517,0.260925,0.953724,-7.2e-05,-0.000282,-0.000108,0.0,0.0,0.0,0.464214,-0.103609,-0.017617,0.434929,-0.611905,-0.720834,0.325519,0.75186,-0.657862,-0.043092,0.245962,0.219294,0.944074,-0.011766,-0.007655,-0.003348,0.318938,-0.574816,-0.213979,0.53468,0.028169,0.025886,0.000205,0.611016,0.700255,0.36919,-0.732194,0.677206,-0.072687,-0.300917,-0.225905,0.926507,3.1e-05,-0.000159,-8.5e-05,-6e-06,3e-06,-1e-05,-0.786368,0.089398,0.045767,-0.021503,0.425857,-0.85362,-0.299963,0.8937,0.448596,-0.007809,0.141228,-0.264752,0.953918,7.5e-05,0.000302,0.000117,-1.1e-05,-1.1e-05,5e-06,-0.874277
39,0.103199,0.013019,0.4629,-0.494181,0.815326,-0.301784,-0.856337,-0.516342,0.00711,-0.149418,0.260925,0.95374,-0.000157,-0.000609,-0.000234,0.0,0.0,0.0,0.462278,-0.103256,-0.017336,0.435034,-0.610663,-0.720715,0.328104,0.75264,-0.657035,-0.04209,0.246662,0.222158,0.943221,0.011041,0.011275,0.0054,-0.191648,0.335475,0.169199,0.53457,0.028169,0.025886,0.000205,0.611016,0.700255,0.36919,-0.732194,0.677206,-0.072687,-0.300917,-0.225905,0.926507,3.1e-05,-0.000159,-8.5e-05,-6e-06,3e-06,-1e-05,-0.786368,0.089398,0.045767,-0.021503,0.425857,-0.85362,-0.299963,0.8937,0.448596,-0.007809,0.141228,-0.264752,0.953918,7.5e-05,0.000302,0.000117,-1.1e-05,-1.1e-05,5e-06,-0.874277
40,0.103174,0.013007,0.462939,-0.499094,0.812352,-0.301719,-0.853231,-0.521455,0.007243,-0.150835,0.260038,0.953759,2e-06,7e-06,3e-06,0.0,-0.0,-0.0,0.459229,-0.102745,-0.017008,0.435176,-0.614328,-0.714895,0.333944,0.74943,-0.661047,-0.036139,0.247345,0.228976,0.94141,-0.000287,0.001448,0.000822,-0.000891,0.001625,0.000509,0.534768,0.028169,0.025886,0.000205,0.611016,0.700255,0.36919,-0.732194,0.677206,-0.072687,-0.300917,-0.225905,0.926507,3.1e-05,-0.000159,-8.5e-05,-6e-06,3e-06,-1e-05,-0.786368,0.089398,0.045767,-0.021503,0.425857,-0.85362,-0.299963,0.8937,0.448596,-0.007809,0.141228,-0.264752,0.953918,7.5e-05,0.000302,0.000117,-1.1e-05,-1.1e-05,5e-06,-0.874277
41,0.103157,0.013011,0.462942,-0.499136,0.812334,-0.301698,-0.85321,-0.521491,0.007258,-0.150822,0.26002,0.953766,0.0,0.0,0.0,0.0,-0.0,-0.0,0.458026,-0.102777,-0.01704,0.435137,-0.613957,-0.71515,0.33408,0.749692,-0.660739,-0.03632,0.24747,0.229068,0.941355,0.000573,-0.00289,-0.00164,-1.5e-05,2.8e-05,9e-06,0.5348,0.028169,0.025886,0.000205,0.611016,0.700255,0.36919,-0.732194,0.677206,-0.072687,-0.300917,-0.225905,0.926507,3.1e-05,-0.000159,-8.5e-05,-6e-06,3e-06,-1e-05,-0.786368,0.089398,0.045767,-0.021503,0.425857,-0.85362,-0.299963,0.8937,0.448596,-0.007809,0.141228,-0.264752,0.953918,7.5e-05,0.000302,0.000117,-1.1e-05,-1.1e-05,5e-06,-0.874277
42,0.103137,0.013006,0.462941,-0.499195,0.812308,-0.301671,-0.853177,-0.521543,0.00728,-0.150806,0.259999,0.953774,-0.011917,0.001235,0.001133,-0.003114,0.02258,-0.057195,0.455191,-0.102962,-0.017152,0.435008,-0.613253,-0.715601,0.334407,0.750157,-0.660189,-0.036722,0.247805,0.229248,0.941223,-0.012641,-0.003116,-0.000763,0.003473,-0.041378,0.161335,0.534686,0.028169,0.025886,0.000205,0.611016,0.700255,0.36919,-0.732194,0.677206,-0.072687,-0.300917,-0.225905,0.926507,3.1e-05,-0.000159,-8.5e-05,-6e-06,3e-06,-1e-05,-0.786368,0.089398,0.045767,-0.021503,0.425857,-0.85362,-0.299963,0.8937,0.448596,-0.007809,0.141228,-0.264752,0.953918,7.5e-05,0.000302,0.000117,-1.1e-05,-1.1e-05,5e-06,-0.874277
43,0.103137,0.012993,0.462957,-0.499093,0.812363,-0.301691,-0.853242,-0.521437,0.007286,-0.15078,0.260038,0.953767,-7.8e-05,-0.000304,-0.000117,0.0,0.0,0.0,0.454137,-0.102896,-0.017089,0.435084,-0.627771,-0.705966,0.327883,0.738091,-0.673642,-0.036906,0.247704,0.219738,0.943515,0.01209,0.005887,0.002336,0.184564,-0.329901,0.003591,0.534729,0.028169,0.025886,0.000205,0.611016,0.700255,0.36919,-0.732194,0.677206,-0.072687,-0.300917,-0.225905,0.926507,3.1e-05,-0.000159,-8.5e-05,-6e-06,3e-06,-1e-05,-0.786368,0.089398,0.045767,-0.021503,0.425857,-0.85362,-0.299963,0.8937,0.448596,-0.007809,0.141228,-0.264752,0.953918,7.5e-05,0.000302,0.000117,-1.1e-05,-1.1e-05,5e-06,-0.874277
44,0.103137,0.013,0.462949,-0.49908,0.812367,-0.301701,-0.853245,-0.521433,0.007256,-0.150808,0.260032,0.953765,-4.2e-05,-0.000161,-6.2e-05,0.0,0.0,0.0,0.45519,-0.102802,-0.016958,0.435115,-0.627506,-0.708378,0.323155,0.738653,-0.672835,-0.040221,0.246695,0.214363,0.945015,0.012548,0.00355,0.001009,-0.157979,0.003504,-0.441199,0.534928,0.028169,0.025886,0.000205,0.611016,0.700255,0.36919,-0.732194,0.677206,-0.072687,-0.300917,-0.225905,0.926507,3.1e-05,-0.000159,-8.5e-05,-6e-06,3e-06,-1e-05,-0.786368,0.089398,0.045767,-0.021503,0.425857,-0.85362,-0.299963,0.8937,0.448596,-0.007809,0.141228,-0.264752,0.953918,7.5e-05,0.000302,0.000117,-1.1e-05,-1.1e-05,5e-06,-0.874277
45,0.103146,0.013004,0.46294,-0.499047,0.81238,-0.301721,-0.853258,-0.521411,0.007219,-0.150842,0.260035,0.953759,-1e-06,-2e-06,-1e-06,0.0,0.0,0.0,0.454949,-0.102874,-0.016986,0.435034,-0.618385,-0.71515,0.325808,0.746875,-0.663767,-0.039046,0.244946,0.220103,0.94415,0.000867,-0.00438,-0.002486,-0.015485,0.035068,-0.019222,0.534494,0.028169,0.025886,0.000205,0.611016,0.700255,0.36919,-0.732194,0.677206,-0.072687,-0.300917,-0.225905,0.926507,3.1e-05,-0.000159,-8.5e-05,-6e-06,3e-06,-1e-05,-0.786368,0.089398,0.045767,-0.021503,0.425857,-0.85362,-0.299963,0.8937,0.448596,-0.007809,0.141228,-0.264752,0.953918,7.5e-05,0.000302,0.000117,-1.1e-05,-1.1e-05,5e-06,-0.874277
46,0.103158,0.013036,0.462909,-0.499084,0.812352,-0.301736,-0.85322,-0.521475,0.007139,-0.150934,0.259997,0.953754,1e-06,3e-06,1e-06,0.0,0.0,0.0,0.455213,-0.102941,-0.016897,0.434691,-0.600856,-0.72929,0.327262,0.761631,-0.646586,-0.042179,0.243103,0.224837,0.943511,-0.0012,0.007995,-0.011089,-0.513009,0.126399,-1.731651,0.534058,0.028169,0.025886,0.000205,0.611016,0.700255,0.36919,-0.732194,0.677206,-0.072687,-0.300917,-0.225905,0.926507,3.1e-05,-0.000159,-8.5e-05,-6e-06,3e-06,-1e-05,-0.786368,0.089398,0.045767,-0.021503,0.425857,-0.85362,-0.299963,0.8937,0.448596,-0.007809,0.141228,-0.264752,0.953918,7.5e-05,0.000302,0.000117,-1.1e-05,-1.1e-05,5e-06,-0.874277
47,0.103167,0.013047,0.462891,-0.499038,0.812369,-0.301766,-0.853236,-0.52145,0.007073,-0.150996,0.259994,0.953745,-2.6e-05,-9.9e-05,-3.8e-05,0.0,0.0,0.0,0.456595,-0.103036,-0.016605,0.434356,-0.591628,-0.736634,0.327625,0.769319,-0.637337,-0.043399,0.241504,0.22731,0.943329,-5e-06,2.3e-05,1.3e-05,-0.000119,1.6e-05,-0.000342,0.533842,0.028169,0.025886,0.000205,0.611016,0.700255,0.36919,-0.732194,0.677206,-0.072687,-0.300917,-0.225905,0.926507,3.1e-05,-0.000159,-8.5e-05,-6e-06,3e-06,-1e-05,-0.786368,0.089398,0.045767,-0.021503,0.425857,-0.85362,-0.299963,0.8937,0.448596,-0.007809,0.141228,-0.264752,0.953918,7.5e-05,0.000302,0.000117,-1.1e-05,-1.1e-05,5e-06,-0.874277
48,0.103167,0.013053,0.462883,-0.499025,0.812373,-0.301776,-0.853238,-0.521446,0.007043,-0.151024,0.259988,0.953743,-0.0,-1e-06,-0.0,0.0,0.0,0.0,0.45689,-0.103111,-0.01657,0.434323,-0.5871,-0.740205,0.327721,0.77315,-0.632673,-0.043565,0.240309,0.228742,0.943288,-0.011756,-0.009481,0.011248,-0.037182,0.015555,-0.052402,0.533996,0.028169,0.025886,0.000205,0.611016,0.700255,0.36919,-0.732194,0.677206,-0.072687,-0.300917,-0.225905,0.926507,3.1e-05,-0.000159,-8.5e-05,-6e-06,3e-06,-1e-05,-0.786368,0.089398,0.045767,-0.021503,0.425857,-0.85362,-0.299963,0.8937,0.448596,-0.007809,0.141228,-0.264752,0.953918,7.5e-05,0.000302,0.000117,-1.1e-05,-1.1e-05,5e-06,-0.874277
49,0.103169,0.013068,0.462878,-0.498994,0.812387,-0.301791,-0.853251,-0.521426,0.007006,-0.151056,0.259986,0.953738,0.000112,0.000435,0.000167,0.0,0.0,0.0,0.45637,-0.103337,-0.016823,0.434517,-0.586737,-0.740449,0.327822,0.773578,-0.632187,-0.043013,0.239815,0.2293,0.943278,-0.010911,-0.013796,0.008799,-0.032393,-0.033073,0.110493,0.533936,0.028169,0.025886,0.000205,0.611016,0.700255,0.36919,-0.732194,0.677206,-0.072687,-0.300917,-0.225905,0.926507,3.1e-05,-0.000159,-8.5e-05,-6e-06,3e-06,-1e-05,-0.786368,0.089398,0.045767,-0.021503,0.425857,-0.85362,-0.299963,0.8937,0.448596,-0.007809,0.141228,-0.264752,0.953918,7.5e-05,0.000302,0.000117,-1.1e-05,-1.1e-05,5e-06,-0.874277
50,0.10316,0.013063,0.462887,-0.499027,0.812374,-0.301771,-0.853238,-0.521447,0.007043,-0.151022,0.259983,0.953744,-9.2e-05,-0.000358,-0.000137,0.0,0.0,0.0,0.455158,-0.103454,-0.017136,0.434715,-0.590889,-0.737138,0.327823,0.770186,-0.636361,-0.042327,0.240542,0.228412,0.943309,0.000145,-0.00074,-0.000421,1.811722,-0.233924,5.213219,0.534364,0.028169,0.025886,0.000205,0.611016,0.700255,0.36919,-0.732194,0.677206,-0.072687,-0.300917,-0.225905,0.926507,3.1e-05,-0.000159,-8.5e-05,-6e-06,3e-06,-1e-05,-0.786368,0.089398,0.045767,-0.021503,0.425857,-0.85362,-0.299963,0.8937,0.448596,-0.007809,0.141228,-0.264752,0.953918,7.5e-05,0.000302,0.000117,-1.1e-05,-1.1e-05,5e-06,-0.874277
51,0.103145,0.013075,0.462893,-0.49905,0.812366,-0.301755,-0.853226,-0.521467,0.00705,-0.151014,0.25997,0.953749,0.000411,0.001598,0.000613,0.002129,-0.007871,0.027641,0.453178,-0.103432,-0.017058,0.434874,-0.591027,-0.737072,0.327724,0.770161,-0.636409,-0.042044,0.240283,0.228489,0.943356,-0.000921,0.004696,0.002665,0.000808,-0.008211,0.027611,0.534154,0.028169,0.025886,0.000205,0.611016,0.700255,0.36919,-0.732194,0.677206,-0.072687,-0.300917,-0.225905,0.926507,3.1e-05,-0.000159,-8.5e-05,-6e-06,3e-06,-1e-05,-0.786368,0.089398,0.045767,-0.021503,0.425857,-0.85362,-0.299963,0.8937,0.448596,-0.007809,0.141228,-0.264752,0.953918,7.5e-05,0.000302,0.000117,-1.1e-05,-1.1e-05,5e-06,-0.874277
52,0.103145,0.013068,0.462901,-0.499063,0.812361,-0.301746,-0.853223,-0.521471,0.00708,-0.150986,0.259976,0.953752,6e-06,2.3e-05,9e-06,0.0,0.0,0.0,0.453006,-0.103378,-0.016978,0.434914,-0.59108,-0.737049,0.327679,0.770128,-0.636451,-0.042033,0.240259,0.228447,0.943372,-0.00049,0.002497,0.001416,-0.0,0.0,0.0,0.533899,0.028169,0.025886,0.000205,0.611016,0.700255,0.36919,-0.732194,0.677206,-0.072687,-0.300917,-0.225905,0.926507,3.1e-05,-0.000159,-8.5e-05,-6e-06,3e-06,-1e-05,-0.786368,0.089398,0.045767,-0.021503,0.425857,-0.85362,-0.299963,0.8937,0.448596,-0.007809,0.141228,-0.264752,0.953918,7.5e-05,0.000302,0.000117,-1.1e-05,-1.1e-05,5e-06,-0.874277
53,0.103151,0.013099,0.462902,-0.499122,0.81233,-0.301733,-0.853186,-0.521531,0.00708,-0.150997,0.259955,0.953756,2.8e-05,0.00011,4.2e-05,0.0,0.0,0.0,0.453103,-0.103261,-0.016914,0.434893,-0.595897,-0.733237,0.327509,0.765993,-0.641425,-0.04198,0.241587,0.226786,0.943433,0.000239,-0.001214,-0.000688,0.04887,-0.006264,0.140776,0.534218,0.028169,0.025886,0.000205,0.611016,0.700255,0.36919,-0.732194,0.677206,-0.072687,-0.300917,-0.225905,0.926507,3.1e-05,-0.000159,-8.5e-05,-6e-06,3e-06,-1e-05,-0.786368,0.089398,0.045767,-0.021503,0.425857,-0.85362,-0.299963,0.8937,0.448596,-0.007809,0.141228,-0.264752,0.953918,7.5e-05,0.000302,0.000117,-1.1e-05,-1.1e-05,5e-06,-0.874277
54,0.103149,0.013091,0.462899,-0.499012,0.812384,-0.301767,-0.853246,-0.521434,0.007034,-0.151023,0.259978,0.953745,-0.00023,-0.000894,-0.000343,0.0,0.0,0.0,0.460796,-0.103191,-0.017016,0.434855,-0.600193,-0.729733,0.327489,0.762224,-0.645901,-0.041951,0.242877,0.22537,0.943442,0.000529,-0.002688,-0.001526,0.000393,-5e-05,0.001131,0.534246,0.028169,0.025886,0.000205,0.611016,0.700255,0.36919,-0.732194,0.677206,-0.072687,-0.300917,-0.225905,0.926507,3.1e-05,-0.000159,-8.5e-05,-6e-06,3e-06,-1e-05,-0.786368,0.089398,0.045767,-0.021503,0.425857,-0.85362,-0.299963,0.8937,0.448596,-0.007809,0.141228,-0.264752,0.953918,7.5e-05,0.000302,0.000117,-1.1e-05,-1.1e-05,5e-06,-0.874277
55,0.103147,0.013083,0.462896,-0.499031,0.812375,-0.301761,-0.853236,-0.52145,0.007042,-0.151019,0.259974,0.953747,0.011485,-0.002908,-0.001775,0.000984,-0.014715,0.029553,0.467589,-0.103183,-0.017059,0.434854,-0.600217,-0.729721,0.327473,0.762221,-0.645908,-0.041895,0.242828,0.22539,0.94345,0.000409,-0.002078,-0.00118,-0.000805,0.008212,-0.027611,0.534269,0.028169,0.025886,0.000205,0.611016,0.700255,0.36919,-0.732194,0.677206,-0.072687,-0.300917,-0.225905,0.926507,3.1e-05,-0.000159,-8.5e-05,-6e-06,3e-06,-1e-05,-0.786368,0.089398,0.045767,-0.021503,0.425857,-0.85362,-0.299963,0.8937,0.448596,-0.007809,0.141228,-0.264752,0.953918,7.5e-05,0.000302,0.000117,-1.1e-05,-1.1e-05,5e-06,-0.874277
56,0.103148,0.013072,0.462923,-0.498923,0.812435,-0.301778,-0.853308,-0.521332,0.00707,-0.150969,0.260023,0.953742,0.000253,0.000981,0.000376,0.0,0.0,0.0,0.49422,-0.103172,-0.017066,0.434838,-0.600096,-0.729804,0.327508,0.762303,-0.645807,-0.041964,0.242871,0.225407,0.943435,0.013158,0.000486,-0.000731,0.00124,-0.006993,0.001635,0.534299,0.028169,0.025886,0.000205,0.611016,0.700255,0.36919,-0.732194,0.677206,-0.072687,-0.300917,-0.225905,0.926507,3.1e-05,-0.000159,-8.5e-05,-6e-06,3e-06,-1e-05,-0.786368,0.089398,0.045767,-0.021503,0.425857,-0.85362,-0.299963,0.8937,0.448596,-0.007809,0.141228,-0.264752,0.953918,7.5e-05,0.000302,0.000117,-1.1e-05,-1.1e-05,5e-06,-0.874277
57,0.103167,0.013057,0.462949,-0.494082,0.815389,-0.301776,-0.856404,-0.51623,0.007136,-0.149359,0.26095,0.953742,4e-06,1.5e-05,6e-06,-0.0,0.0,0.0,0.519818,-0.103129,-0.017309,0.434922,-0.599924,-0.729961,0.327475,0.762563,-0.645525,-0.04157,0.242476,0.22571,0.943463,0.00217,-0.012928,0.008287,-0.035934,0.00851,-0.050781,0.533079,0.028169,0.025886,0.000205,0.611016,0.700255,0.36919,-0.732194,0.677206,-0.072687,-0.300917,-0.225905,0.926507,3.1e-05,-0.000159,-8.5e-05,-6e-06,3e-06,-1e-05,-0.786368,0.089398,0.045767,-0.021503,0.425857,-0.85362,-0.299963,0.8937,0.448596,-0.007809,0.141228,-0.264752,0.953918,7.5e-05,0.000302,0.000117,-1.1e-05,-1.1e-05,5e-06,-0.874277
58,0.103201,0.013074,0.4629,-0.493954,0.815435,-0.301861,-0.85645,-0.516155,0.006966,-0.149519,0.260952,0.953716,0.011728,0.005567,-0.012706,0.036762,-0.028056,0.047259,0.520917,-0.103069,-0.017494,0.435037,-0.600051,-0.729915,0.327344,0.762608,-0.645504,-0.041073,0.24202,0.225918,0.943531,0.002058,-0.012353,0.008614,-0.035928,0.008483,-0.050789,0.532914,0.028169,0.025886,0.000205,0.611016,0.700255,0.36919,-0.732194,0.677206,-0.072687,-0.300917,-0.225905,0.926507,3.1e-05,-0.000159,-8.5e-05,-6e-06,3e-06,-1e-05,-0.786368,0.089398,0.045767,-0.021503,0.425857,-0.85362,-0.299963,0.8937,0.448596,-0.007809,0.141228,-0.264752,0.953918,7.5e-05,0.000302,0.000117,-1.1e-05,-1.1e-05,5e-06,-0.874277
59,0.103266,0.013046,0.46281,-0.493808,0.815478,-0.301984,-0.856495,-0.516083,0.006747,-0.14974,0.260962,0.953679,-0.00021,-0.000816,-0.000313,0.0,0.0,0.0,0.521735,-0.102962,-0.01761,0.435176,-0.600309,-0.729788,0.327154,0.762553,-0.645601,-0.04056,0.24155,0.226052,0.943619,-0.000179,0.000907,0.000516,0.0,0.0,0.0,0.532704,0.028169,0.025886,0.000205,0.611016,0.700255,0.36919,-0.732194,0.677206,-0.072687,-0.300917,-0.225905,0.926507,3.1e-05,-0.000159,-8.5e-05,-6e-06,3e-06,-1e-05,-0.786368,0.089398,0.045767,-0.021503,0.425857,-0.85362,-0.299963,0.8937,0.448596,-0.007809,0.141228,-0.264752,0.953918,7.5e-05,0.000302,0.000117,-1.1e-05,-1.1e-05,5e-06,-0.874277
