frame,MLTx,MLTy,MLTz,MLTR1,MLTR2,MLTR3,MLTR4,MLTR5,MLTR6,MLTR7,MLTR8,MLTR9,MLTTVx,MLTTVy,MLTTVz,MLTRVx,MLTRVy,MLTRVz,MLGA,MRTx,MRTy,MRTz,MRTR1,MRTR2,MRTR3,MRTR4,MRTR5,MRTR6,MRTR7,MRTR8,MRTR9,MRTTVx,MRTTVy,MRTTVz,MRTRVx,MRTRVy,MRTRVz,MRGA,SLTx,SLTy,SLTz,SLTR1,SLTR2,SLTR3,SLTR4,SLTR5,SLTR6,SLTR7,SLTR8,SLTR9,SLTTVx,SLTTVy,SLTTVz,SLTRVx,SLTRVy,SLTRVz,SLGA,SRTx,SRTy,SRTz,SRTR1,SRTR2,SRTR3,SRTR4,SRTR5,SRTR6,SRTR7,SRTR8,SRTR9,SRTTVx,SRTTVy,SRTTVz,SRTRVx,SRTRVy,SRTRVz,SRGA
1,0.173628,0.003991,0.395385,-0.497315,0.583577,-0.641997,-0.754273,-0.656421,-0.012484,-0.428094,0.477303,0.767427,-0.012882,0.000234,0.000545,-0.000984,0.014715,-0.029553,0.134143,-0.205636,-0.034783,0.340831,-0.624106,-0.527837,0.576083,0.747834,-0.616924,0.245116,0.226787,0.584454,0.779002,-0.014722,0.000612,0.001418,-1.317585,-1.849763,1.530292,-0.137004,0.024654,0.027094,-0.010716,0.559281,0.574356,0.597761,-0.738117,0.673254,0.043709,-0.377341,-0.465664,0.80048,7e-06,9e-05,8.8e-05,0.000604,0.000695,-0.000442,-0.340749,0.088313,0.039996,-0.026931,0.592893,-0.515077,-0.619009,0.663629,0.747943,0.013267,0.456151,-0.418659,0.78527,-6e-06,8e-06,6e-06,-4.6e-05,-2.9e-05,4e-05,-0.042638
2,0.173608,0.003998,0.395378,-0.497344,0.583565,-0.641986,-0.754247,-0.656451,-0.012484,-0.428106,0.477278,0.767436,-0.0,-0.0,-0.0,0.0,0.0,0.0,0.13552,-0.205645,-0.034748,0.340837,-0.624275,-0.527777,0.575955,0.747698,-0.617066,0.245177,0.226773,0.584359,0.779078,0.000175,0.001495,0.001463,0.001802,-0.013023,0.025643,-0.126135,0.024643,0.027109,-0.010716,0.561414,0.574095,0.59601,-0.7376,0.673676,0.04588,-0.375179,-0.465375,0.801664,1.5e-05,0.000138,0.000136,0.001031,0.001209,-0.000807,-0.332747,0.088298,0.04,-0.026934,0.592938,-0.515049,-0.618989,0.663587,0.74798,0.01328,0.456152,-0.418628,0.785286,-0.006447,0.000124,0.000279,-0.001033,0.014699,-0.029517,-0.041985
3,0.173617,0.004028,0.395338,-0.497269,0.583596,-0.642016,-0.754228,-0.65647,-0.012636,-0.428227,0.477213,0.767408,-0.0,-7e-06,-4e-06,0.0,0.0,0.0,0.13259,-0.205757,-0.034537,0.340761,-0.628496,-0.525915,0.573061,0.745422,-0.617443,0.251086,0.222558,0.585637,0.779333,-0.00018,0.012868,-0.006673,0.037603,-0.023915,0.043743,-0.09035,0.024588,0.02721,-0.010752,0.565903,0.571625,0.594136,-0.736229,0.674725,0.052083,-0.371106,-0.466894,0.802676,8.3e-05,0.000702,0.000688,0.008452,-0.006254,-0.005833,-0.306621,0.088302,0.040015,-0.026954,0.592869,-0.51509,-0.619021,0.663572,0.747996,0.013127,0.456264,-0.418548,0.785263,-2e-06,7e-06,3e-06,-3.8e-05,-2e-06,3.6e-05,-0.042148
4,0.173737,0.00407,0.395196,-0.49655,0.583915,-0.642282,-0.75443,-0.656222,-0.013418,-0.428704,0.477165,0.767172,-0.000134,-0.003093,-0.001816,0.0,0.0,0.0,0.101216,-0.206224,-0.034,0.340445,-0.636059,-0.524366,0.566092,0.741357,-0.618548,0.260233,0.214483,0.585856,0.78143,-0.015584,0.021839,-0.016345,-0.054356,-0.166074,0.152784,-0.012184,0.024354,0.027488,-0.010907,0.57436,0.568743,0.588762,-0.733493,0.676893,0.061673,-0.363452,-0.467275,0.805949,-0.007793,0.010863,-0.00822,-0.044342,-0.199323,0.14835,-0.249306,0.088363,0.040042,-0.027022,0.592208,-0.515499,-0.619314,0.663836,0.747775,0.012355,0.456739,-0.41844,0.785045,-0.000205,0.002971,-0.005967,0.035741,-0.010053,0.019812,-0.062233
5,0.173914,0.004041,0.394803,-0.495668,0.584293,-0.642621,-0.754506,-0.656107,-0.014671,-0.429591,0.476859,0.766867,-0.000587,0.001884,-0.014325,0.03486,0.001624,-0.006548,0.059052,-0.20752,-0.033114,0.339547,-0.640605,-0.515068,0.569492,0.737746,-0.618308,0.270851,0.213406,0.594294,0.77533,-0.04637,0.025448,-0.030495,-0.287873,0.537843,0.232032,0.108713,0.023725,0.027932,-0.011336,0.577695,0.561378,0.592555,-0.731648,0.677975,0.070995,-0.361882,-0.474555,0.802394,-0.023208,0.012427,-0.015517,0.065928,0.075964,-0.02944,-0.123082,0.088451,0.040028,-0.027212,0.591391,-0.51599,-0.619685,0.66399,0.747658,0.011124,0.457572,-0.418043,0.784771,0.006155,0.000838,-0.00743,0.035847,-0.013113,0.023043,-0.118241
6,0.174039,0.00406,0.394543,-0.495136,0.582402,-0.644743,-0.754172,-0.656507,-0.013938,-0.430787,0.478619,0.765097,0.012304,0.001593,-0.01491,-0.067205,-0.333056,-0.115533,0.050683,-0.208589,-0.032653,0.338854,-0.63404,-0.519147,0.573125,0.744742,-0.60925,0.272228,0.208633,0.600083,0.772163,-0.061721,0.020784,-0.034342,-0.124424,0.180538,-0.100672,0.146662,0.023196,0.028167,-0.011677,0.57111,0.564367,0.596089,-0.739103,0.669484,0.074275,-0.357154,-0.48299,0.799475,-0.031164,0.014749,-0.022505,-0.297838,0.08955,-0.374075,-0.057113,0.088513,0.040036,-0.027349,0.590847,-0.514931,-0.621083,0.663709,0.747905,0.01132,0.458682,-0.418907,0.783662,0.006154,0.000685,-0.007526,-0.120146,-0.463372,-0.158474,-0.139469
7,0.174413,0.004134,0.393948,-0.494406,0.582677,-0.645055,-0.753908,-0.656776,-0.015511,-0.432086,0.477915,0.764804,0.012284,0.000846,-0.015362,0.035824,-0.013106,0.023001,0.037592,-0.211075,-0.031895,0.337161,-0.620434,-0.52716,0.580651,0.758662,-0.590785,0.274478,0.199112,0.611473,0.765715,-0.0776,0.013128,-0.041365,-0.351989,0.151928,-0.430842,0.159329,0.02193,0.028554,-0.012538,0.556964,0.574171,0.600097,-0.754322,0.652066,0.076209,-0.347547,-0.495112,0.796287,-0.038825,0.006132,-0.021068,-0.364597,0.158281,-0.427482,0.008857,0.0887,0.040071,-0.027647,0.590031,-0.514522,-0.622197,0.663321,0.748264,0.010257,0.46029,-0.418768,0.782793,0.006148,0.000352,-0.00773,0.037092,-0.009901,0.024135,-0.165922
8,0.17488,0.004267,0.393234,-0.492945,0.579029,-0.649442,-0.753181,-0.657627,-0.014722,-0.435009,0.481167,0.761099,0.012018,0.010143,-0.025321,0.044862,-0.00595,-0.166621,0.043058,-0.214141,-0.031631,0.335503,-0.612397,-0.528778,0.58767,0.764884,-0.583947,0.271834,0.200184,0.616629,0.761287,-0.078254,-0.002702,-0.038108,-0.064007,0.255453,-0.092801,0.174831,0.020396,0.028682,-0.01337,0.547989,0.577214,0.605418,-0.760566,0.6451,0.073372,-0.348204,-0.500668,0.792517,-0.03915,-0.001739,-0.01939,-0.083001,0.280302,-0.079838,0.030574,0.088929,0.040133,-0.027995,0.588102,-0.51095,-0.626949,0.662566,0.74892,0.011159,0.463833,-0.421958,0.778979,0.006142,2.3e-05,-0.007932,0.025417,-0.055787,0.000379,-0.173107
9,0.175213,0.004405,0.392782,-0.491857,0.577346,-0.651762,-0.752858,-0.657996,-0.014801,-0.436797,0.482682,0.759113,0.012013,0.00991,-0.025461,0.032857,-0.144347,-0.010331,0.056695,-0.215975,-0.031802,0.334772,-0.607187,-0.527771,0.593947,0.767877,-0.581612,0.268377,0.204554,0.619692,0.757629,-0.09323,-0.014709,-0.030265,-0.265147,0.604131,-0.025721,0.186893,0.019549,0.028607,-0.013714,0.542185,0.578747,0.609168,-0.762997,0.642768,0.06843,-0.35195,-0.501896,0.790082,-0.046821,-0.002637,-0.020085,0.486321,0.722244,-0.780745,0.043964,0.089086,0.040198,-0.028211,0.587133,-0.509595,-0.628956,0.662154,0.749286,0.011035,0.465645,-0.422946,0.777362,0.006016,0.00491,-0.012764,0.012191,-0.206095,-0.03625,-0.165922
10,0.176009,0.004681,0.391734,-0.489396,0.571919,-0.658366,-0.751855,-0.659163,-0.013802,-0.441262,0.487527,0.753414,0.024752,0.004635,-0.029034,0.056525,-0.073553,0.025106,0.072518,-0.219347,-0.032521,0.333838,-0.5981,-0.52902,0.602002,0.773226,-0.578177,0.260321,0.211086,0.621842,0.754068,-0.077681,-0.031863,-0.00963,0.060681,0.295543,-0.386554,0.17542,0.017821,0.028234,-0.014215,0.532086,0.579699,0.617117,-0.767235,0.638377,0.061849,-0.358099,-0.506383,0.784436,-0.038956,-0.010605,-0.009161,0.420337,0.631118,-0.581812,0.061926,0.089498,0.040349,-0.028751,0.584071,-0.50409,-0.636202,0.660895,0.750379,0.012184,0.471251,-0.427579,0.771426,0.012385,0.002127,-0.014643,0.082373,-0.010677,0.045896,-0.139306
11,0.176853,0.004825,0.390419,-0.486698,0.559964,-0.67053,-0.74973,-0.661669,-0.008459,-0.447807,0.497899,0.742692,0.024612,-0.00079,-0.032342,-0.08009,-0.403023,-0.339485,0.077373,-0.221805,-0.033488,0.333466,-0.585012,-0.52832,0.61533,0.779494,-0.575552,0.247107,0.224322,0.624867,0.747719,-0.047163,-0.025638,-0.004789,-0.042857,0.090038,-0.159526,0.171318,0.016579,0.02774,-0.01441,0.51682,0.581373,0.628412,-0.771686,0.634195,0.047928,-0.370672,-0.509707,0.776402,-0.030947,-0.012178,-0.001402,-0.035445,0.01095,-0.014008,0.042984,0.08992,0.040422,-0.029408,0.580465,-0.493323,-0.647836,0.658417,0.752462,0.016952,0.47911,-0.436387,0.76159,0.012316,-0.000675,-0.016351,-0.107079,-0.471009,-0.363782,-0.129019
12,0.177574,0.004886,0.388916,-0.484465,0.547571,-0.68228,-0.747196,-0.664577,-0.002882,-0.45441,0.507716,0.731959,0.011596,-0.004715,-0.034391,-0.001559,-0.224156,-0.110743,0.092562,-0.223631,-0.034517,0.33359,-0.564204,-0.527295,0.635315,0.788973,-0.570891,0.227019,0.243682,0.62999,0.737289,-0.031282,-0.031238,0.008516,1.177766,1.915389,-1.790602,0.207551,0.015661,0.027229,-0.014352,0.495346,0.583769,0.643308,-0.77796,0.62762,0.029495,-0.386535,-0.515079,0.765038,-0.02306,-0.009122,0.001359,-0.051111,0.064727,-0.12515,0.061763,0.090281,0.040452,-0.03016,0.576893,-0.48035,-0.660649,0.655176,0.755123,0.023072,0.487789,-0.446152,0.750339,0.005813,-0.002536,-0.017314,0.033571,-0.140078,-0.082363,-0.112853
13,0.177894,0.00489,0.388101,-0.482286,0.537252,-0.691959,-0.745698,-0.666259,0.002366,-0.45916,0.516462,0.722819,0.011303,0.004253,-0.044557,-0.131417,-0.758427,-0.328359,0.09119,-0.224235,-0.034956,0.333709,-0.557083,-0.52763,0.641292,0.792629,-0.568041,0.221364,0.248165,0.632284,0.733822,-0.015919,-0.028951,0.010303,-0.076256,0.054897,-0.088561,0.239277,0.015353,0.027008,-0.014293,0.485297,0.585294,0.649551,-0.781263,0.623828,0.021587,-0.392574,-0.517947,0.76001,-0.015462,-0.008422,0.001787,-0.061834,0.140459,-0.26983,0.094584,0.090436,0.040451,-0.030552,0.574296,-0.472428,-0.668577,0.653578,0.756378,0.026942,0.492969,-0.45244,0.743154,0.005819,-0.002828,-0.017522,0.019755,-0.199176,-0.077678,-0.105668
14,0.178308,0.004744,0.386674,-0.479593,0.522379,-0.705093,-0.743196,-0.668981,0.009809,-0.46598,0.528074,0.709949,-0.001345,-0.005384,-0.034562,-0.047321,-0.351383,-0.20628,0.074527,-0.224628,-0.035702,0.334113,-0.532634,-0.53479,0.655967,0.80809,-0.551558,0.206662,0.251935,0.640822,0.725079,4.7e-05,-0.011636,0.007812,-0.038227,0.119742,-0.206289,0.258487,0.01515,0.026635,-0.014098,0.459679,0.595259,0.659061,-0.795191,0.606317,0.007006,-0.395429,-0.5273,0.752056,4.3e-05,-0.005664,0.004079,0.060415,0.370835,-0.524777,0.14847,0.090648,0.040377,-0.031272,0.569823,-0.456464,-0.68333,0.650242,0.758907,0.035282,0.502479,-0.464434,0.729255,0.005853,-0.002432,-0.017336,-0.064144,-0.439995,-0.179705,-0.115302
15,0.178375,0.004502,0.385605,-0.478649,0.511162,-0.713901,-0.740955,-0.671343,0.016023,-0.470494,0.535999,0.700977,-0.000853,-0.008763,-0.021104,-0.005579,-0.110411,-0.089533,0.069054,-0.224295,-0.036253,0.334827,-0.516844,-0.536052,0.667467,0.816124,-0.543774,0.195414,0.258831,0.646402,0.717659,0.016617,-0.01494,0.023686,-0.093278,0.180785,-0.331354,0.280118,0.015304,0.026352,-0.013748,0.44251,0.598647,0.667686,-0.801884,0.597464,-0.004237,-0.401455,-0.533532,0.74443,0.00834,-0.007237,0.012086,-0.095442,0.178368,-0.329127,0.172147,0.090681,0.040247,-0.031818,0.567751,-0.445026,-0.692537,0.64733,0.761072,0.041622,0.508548,-0.471932,0.720178,-0.000541,0.001098,-0.014982,0.053868,-0.068161,-0.05281,-0.129835
16,0.178242,0.004388,0.385209,-0.478384,0.506595,-0.717325,-0.740043,-0.672279,0.018678,-0.472193,0.539154,0.697406,-0.000782,-0.006201,-0.019542,-0.089932,-0.37543,-0.211263,0.073113,-0.223725,-0.036371,0.33516,-0.510229,-0.539757,0.669568,0.821438,-0.536296,0.193807,0.255101,0.649566,0.716136,0.046437,-0.004452,0.013582,-0.049649,0.042961,-0.089515,0.300127,0.015602,0.02629,-0.013562,0.435563,0.602983,0.668353,-0.807537,0.589787,-0.005832,-0.397702,-0.53718,0.743821,0.023268,-0.001892,0.007125,-0.049621,0.045313,-0.089337,0.192722,0.090614,0.040187,-0.032024,0.567424,-0.441791,-0.694873,0.646284,0.761862,0.043365,0.51024,-0.473692,0.717822,-0.000365,-0.002795,-0.009583,-0.139088,-0.491511,-0.252785,-0.130815
17,0.177721,0.004198,0.384649,-0.473578,0.507445,-0.71991,-0.743115,-0.66892,0.017266,-0.472219,0.542518,0.694774,-0.013366,-0.010313,-0.00603,-0.004713,0.018037,-0.059731,0.083123,-0.221787,-0.036379,0.335509,-0.473696,-0.559892,0.679797,0.848328,-0.497221,0.181782,0.236808,0.663497,0.709617,0.060714,0.003728,0.001527,-3.76933,-0.891995,-4.136649,0.323963,0.01655,0.026295,-0.013377,0.402334,0.622813,0.670992,-0.83137,0.555455,-0.017073,-0.383339,-0.550974,0.741267,0.030479,-0.003484,0.005128,-0.037195,0.041213,-0.060513,0.228156,0.090364,0.040094,-0.032297,0.562552,-0.442389,-0.698445,0.649749,0.758952,0.042617,0.511234,-0.477789,0.714392,-0.013183,-0.004907,-0.002642,0.008658,-0.02078,0.098232,-0.121997
18,0.176944,0.004099,0.384305,-0.467672,0.504062,-0.726119,-0.7421,-0.670148,0.012684,-0.47964,0.544156,0.688381,-0.026303,-0.006169,-0.003033,1.504298,-1.740598,1.475589,0.093987,-0.219253,-0.036383,0.335416,-0.426705,-0.575013,0.698051,0.877282,-0.450538,0.165303,0.219965,0.683638,0.695786,0.074662,-0.002255,-0.005369,-0.417184,0.114916,-0.50356,0.397018,0.017841,0.026301,-0.013416,0.350977,0.644867,0.678941,-0.86353,0.503303,-0.031645,-0.36212,-0.575179,0.73351,0.037305,-0.0013,-0.002909,-0.420514,0.093249,-0.506235,0.296738,0.089975,0.040044,-0.032475,0.559,-0.44102,-0.702153,0.648832,0.759918,0.039248,0.51627,-0.477519,0.710942,-0.006738,0.00251,-0.006066,-0.129734,-0.497791,-0.246181,-0.106811
19,0.176165,0.004034,0.384208,-0.451657,0.507903,-0.733543,-0.746877,-0.664941,-0.000608,-0.487517,0.546957,0.680582,-0.013088,-0.001017,-0.000223,1.645338,-1.418927,1.916232,0.088764,-0.216696,-0.036576,0.335092,-0.396492,-0.584131,0.708221,0.896855,-0.411012,0.163261,0.196201,0.700628,0.685922,0.058937,-0.006901,-0.009673,-0.111873,0.270818,-0.192794,0.427309,0.019097,0.02621,-0.013571,0.320411,0.656421,0.682969,-0.884919,0.46468,-0.031463,-0.338015,-0.594291,0.729768,0.029486,-0.003348,-0.004776,-0.149629,0.359669,-0.359135,0.366789,0.089581,0.040009,-0.032525,0.543529,-0.444887,-0.711794,0.654529,0.755533,0.027577,0.525515,-0.480879,0.701846,-0.013059,-0.000277,0.000252,0.006814,-0.03096,0.121597,-0.103872
20,0.175822,0.004,0.384222,-0.443661,0.50806,-0.738299,-0.748234,-0.663377,-0.006943,-0.492753,0.548706,0.675384,-0.01307,-0.000473,0.000117,0.152269,-0.295359,0.480696,0.084782,-0.215674,-0.036738,0.334877,-0.383971,-0.584774,0.71456,0.903998,-0.395447,0.162304,0.188124,0.709006,0.679546,0.043707,-0.00862,-0.01084,-0.103858,0.289877,-0.212076,0.426731,0.019614,0.02613,-0.013678,0.307182,0.658323,0.687203,-0.892755,0.449439,-0.031487,-0.329585,-0.603832,0.725781,0.029288,-0.004777,-0.006275,-0.102074,0.281389,-0.181542,0.37871,0.08941,0.039995,-0.032517,0.53407,-0.446646,-0.717827,0.656355,0.754211,0.01905,0.532885,-0.481323,0.69596,-0.006528,-0.00011,0.00015,0.552478,-0.498294,0.73862,-0.107301
21,0.175236,0.003977,0.384274,-0.432202,0.507992,-0.745111,-0.752606,-0.658333,-0.012351,-0.496276,0.554803,0.667781,-0.01302,0.000836,0.000936,-0.002572,-0.200822,0.308852,0.076799,-0.214294,-0.036968,0.334651,-0.35812,-0.582362,0.729792,0.917559,-0.363872,0.160053,0.172773,0.727666,0.663713,0.029748,-0.001726,-0.003144,-0.11015,0.307974,-0.206966,0.412759,0.020307,0.025997,-0.01381,0.279305,0.658833,0.698517,-0.907693,0.418434,-0.031716,-0.313179,-0.625181,0.714889,0.00745,-0.000375,-0.000757,-0.105061,0.314234,-0.242814,0.374954,0.089112,0.039986,-0.032489,0.522636,-0.448203,-0.725234,0.661691,0.749654,0.013549,0.537602,-0.486962,0.688368,-0.006505,0.00054,0.000555,0.011403,-0.163196,0.323368,-0.118731
22,0.174737,0.004006,0.384297,-0.421281,0.509955,-0.750009,-0.756825,-0.653314,-0.01917,-0.499251,0.558913,0.662112,-0.013032,0.000497,0.000722,0.00425,-0.073037,0.148889,0.073809,-0.213583,-0.036686,0.334744,-0.32918,-0.580025,0.745119,0.931599,-0.328034,0.156365,0.154124,0.746342,0.647366,0.015807,0.018866,-0.001103,-0.258718,0.565906,0.183227,0.41223,0.020673,0.02613,-0.013772,0.247658,0.661284,0.708073,-0.923174,0.382818,-0.03463,-0.293963,-0.645099,0.705288,0.007962,0.009849,-0.000149,-0.223594,0.498447,0.14732,0.370055,0.088867,0.040003,-0.032476,0.512423,-0.451647,-0.730367,0.666718,0.745277,0.0069,0.54121,-0.490485,0.683018,-0.006394,-0.004811,0.005057,-0.018658,-0.128462,0.316746,-0.122487
23,0.174532,0.00401,0.384305,-0.416669,0.509365,-0.75298,-0.758399,-0.651428,-0.021072,-0.500735,0.561643,0.658671,-0.013044,0.000201,0.000535,-0.00275,-0.098144,0.137279,0.073383,-0.213311,-0.036371,0.334729,-0.320129,-0.582139,0.747411,0.936349,-0.314138,0.156534,0.14405,0.750667,0.64468,0.015154,0.027573,-0.011939,-0.09474,0.17042,-0.323414,0.41294,0.02081,0.026297,-0.01377,0.23902,0.662416,0.709981,-0.928748,0.369332,-0.03192,-0.283363,-0.651765,0.703496,0.007594,0.013898,-0.005871,-0.062628,0.115133,-0.357977,0.369729,0.088765,0.040006,-0.032471,0.507842,-0.451543,-0.733623,0.668605,0.743599,0.00515,0.543197,-0.49312,0.679536,-0.006522,9.9e-05,0.000273,0.007917,-0.069403,0.148233,-0.125263
24,0.174178,0.004008,0.384292,-0.412828,0.51121,-0.753845,-0.760843,-0.648501,-0.023182,-0.500214,0.563349,0.65761,-1e-06,-1.6e-05,-1e-05,0.006059,-0.084888,0.179765,0.077556,-0.212762,-0.035692,0.334243,-0.315919,-0.57686,0.753272,0.939065,-0.303148,0.161839,0.135374,0.759211,0.636502,0.014317,0.008661,-0.011571,-0.14065,0.37587,-0.206923,0.41146,0.021081,0.026647,-0.013995,0.233772,0.658783,0.71509,-0.932796,0.359449,-0.026202,-0.2743,-0.660908,0.698539,0.00693,0.009267,-0.010607,-0.227397,0.445088,-0.236587,0.369075,0.088583,0.040004,-0.032478,0.504426,-0.454109,-0.734396,0.671475,0.741021,0.003003,0.542839,-0.494643,0.678713,-0.006522,0.000112,0.000281,0.005842,-0.069464,0.151545,-0.122814
25,0.173992,0.004003,0.384307,-0.411007,0.512256,-0.75413,-0.762509,-0.646523,-0.023659,-0.499179,0.564667,0.657266,-0.0,-0.0,-0.0,-0.0,-0.0,-0.0,0.077643,-0.212242,-0.035295,0.333586,-0.305578,-0.569009,0.763441,0.94298,-0.291629,0.160235,0.131832,0.769575,0.624691,0.013935,0.005961,-0.014343,-0.110282,0.397474,-0.170153,0.40837,0.021346,0.026844,-0.014333,0.221361,0.652534,0.724705,-0.93717,0.34783,-0.026933,-0.269649,-0.67321,0.688531,0.006948,0.002766,-0.007402,-0.115828,0.410308,-0.162718,0.366136,0.08849,0.040002,-0.03247,0.502635,-0.455466,-0.734784,0.673472,0.739207,0.002486,0.542026,-0.496107,0.678295,-1e-06,7e-06,1e-05,4.2e-05,-0.000117,0.000376,-0.121344
26,0.173954,0.004026,0.384323,-0.4116,0.512369,-0.753729,-0.763201,-0.645755,-0.022268,-0.49763,0.565442,0.657775,3.1e-05,0.000717,0.00045,-0.0,-0.0,-0.0,0.075485,-0.211971,-0.035186,0.333298,-0.305966,-0.56503,0.766236,0.943077,-0.289734,0.163078,0.130227,0.773212,0.620522,0.013983,0.006313,-0.013989,-0.031011,0.176719,-0.066368,0.408228,0.021476,0.026893,-0.014475,0.221358,0.648482,0.728334,-0.937789,0.346414,-0.023419,-0.267492,-0.67784,0.684821,0.00695,0.002776,-0.007394,-0.013734,0.157677,-0.112579,0.365157,0.088471,0.040013,-0.032462,0.503229,-0.455501,-0.734355,0.674206,0.738532,0.003919,0.54056,-0.497079,0.678752,1.5e-05,0.000389,0.000249,0.000954,-0.00084,0.001307,-0.121671
27,0.173907,0.004072,0.384341,-0.410388,0.51283,-0.754077,-0.763667,-0.64517,-0.023228,-0.497918,0.565691,0.657342,6.8e-05,0.001568,0.000984,0.000879,-0.012299,0.026048,0.07504,-0.211315,-0.03502,0.333006,-0.309862,-0.562496,0.766535,0.94246,-0.287787,0.169945,0.125377,0.775781,0.618311,0.014963,0.000106,-0.000621,-0.018261,0.093095,-0.137451,0.408653,0.021797,0.026967,-0.01463,0.224984,0.646056,0.729378,-0.938319,0.345375,-0.016487,-0.262561,-0.68068,0.683911,0.007534,0.000377,1.2e-05,0.0034,0.065723,-0.160445,0.364503,0.088447,0.040034,-0.032454,0.502104,-0.456112,-0.734746,0.674776,0.738016,0.00298,0.540896,-0.497286,0.678334,-0.0,1.3e-05,9e-06,-7.2e-05,-2.2e-05,0.000102,-0.124773
28,0.173858,0.00405,0.384353,-0.410685,0.512721,-0.75399,-0.763577,-0.645286,-0.022965,-0.49781,0.565657,0.657452,-2.9e-05,-0.000661,-0.000415,-0.0,-0.0,-0.0,0.076547,-0.21069,-0.034921,0.333016,-0.303966,-0.564001,0.767789,0.944932,-0.280713,0.168041,0.121117,0.777281,0.617275,0.0153,0.002673,0.002,-1.269145,-0.307192,-0.96871,0.410917,0.022115,0.02702,-0.014629,0.219756,0.647669,0.729541,-0.940315,0.339804,-0.018423,-0.259833,-0.681951,0.683687,0.007788,-0.004328,0.005113,-4.289796,-0.833137,-3.575475,0.366136,0.088423,0.040028,-0.032446,0.50236,-0.455978,-0.734654,0.674674,0.738108,0.003224,0.540784,-0.497272,0.678433,-2.2e-05,-0.000459,-0.000285,-7.7e-05,-7e-06,2.7e-05,-0.122487
29,0.173809,0.004036,0.384357,-0.410966,0.512617,-0.753907,-0.76348,-0.645409,-0.022731,-0.497727,0.565611,0.657555,-0.012979,0.001687,0.001465,-0.000105,0.002417,-0.003504,0.074421,-0.209667,-0.035013,0.333047,-0.29955,-0.56509,0.768722,0.946754,-0.275342,0.166669,0.117837,0.778412,0.616484,0.045096,-0.011557,0.005625,-0.030204,-0.033478,0.070312,0.411255,0.022633,0.02698,-0.014606,0.214379,0.649634,0.729394,-0.94282,0.332744,-0.019251,-0.255207,-0.683561,0.683822,0.022547,-0.005799,0.002774,-0.031818,-0.035199,0.072604,0.368749,0.088398,0.040015,-0.032447,0.502622,-0.45584,-0.734561,0.674555,0.738216,0.003454,0.540691,-0.497238,0.678532,-0.006489,0.000856,0.00074,-0.00014,0.002423,-0.003463,-0.123303
30,0.173761,0.004044,0.384375,-0.411189,0.512536,-0.753841,-0.763406,-0.645504,-0.022542,-0.497656,0.565577,0.657638,4e-05,0.000926,0.000581,-0.0,-0.0,-0.0,0.071994,-0.20902,-0.035123,0.333153,-0.298874,-0.564436,0.769466,0.946821,-0.275712,0.165665,0.119001,0.778755,0.615827,0.030487,-0.009043,0.008936,-0.032253,-0.018326,0.04104,0.411166,0.022945,0.026926,-0.01456,0.21353,0.64911,0.730109,-0.942714,0.332981,-0.020331,-0.256309,-0.683943,0.683027,0.022725,-0.004425,0.004166,-0.031904,-0.03559,0.072581,0.368912,0.088374,0.040021,-0.032436,0.502829,-0.455731,-0.734487,0.674462,0.7383,0.00364,0.540613,-0.497214,0.678612,2.7e-05,0.000611,0.000384,-0.006086,0.084876,-0.17974,-0.124446
31,0.173499,0.004016,0.384473,-0.411833,0.51231,-0.753643,-0.763274,-0.645682,-0.021895,-0.497326,0.565578,0.657887,-0.013012,0.000906,0.000973,-0.000984,0.014715,-0.029553,0.072205,-0.207505,-0.035373,0.333587,-0.29524,-0.562263,0.772454,0.947504,-0.275826,0.161523,0.122597,0.780283,0.613181,0.031004,-0.004848,0.013176,-0.042508,0.060579,-0.109838,0.411102,0.023713,0.026794,-0.014343,0.209368,0.647489,0.73275,-0.942756,0.332579,-0.024509,-0.259567,-0.685673,0.680056,0.015517,-0.002272,0.00672,-0.047046,0.055513,-0.10468,0.369239,0.088244,0.040009,-0.032387,0.503429,-0.455425,-0.734265,0.674284,0.738459,0.00428,0.540276,-0.497259,0.678848,-0.006507,0.000453,0.000492,-0.001007,0.014723,-0.02953,-0.126896
32,0.173003,0.003948,0.384588,-0.413119,0.511853,-0.753249,-0.762929,-0.646129,-0.020705,-0.496787,0.565483,0.658376,-0.026083,0.00052,0.001133,-0.001969,0.029429,-0.059106,0.071507,-0.205815,-0.03582,0.334163,-0.282246,-0.562542,0.777094,0.95203,-0.263699,0.155039,0.11804,0.784268,0.608978,0.046048,-0.018084,0.018488,-0.033523,0.009106,0.02687,0.410886,0.024542,0.026584,-0.014055,0.195836,0.648922,0.735219,-0.946982,0.319873,-0.030086,-0.2547,-0.690347,0.67716,0.022747,-0.00413,0.004384,0.070757,0.217,-0.285707,0.369076,0.088005,0.039976,-0.032329,0.504587,-0.454828,-0.73384,0.673861,0.738837,0.00542,0.539724,-0.497241,0.679299,-0.006522,0.00011,0.000278,-0.00101,0.014717,-0.029536,-0.127712
33,0.172701,0.003923,0.384641,-0.413869,0.511585,-0.753019,-0.7627,-0.646419,-0.020044,-0.496513,0.565393,0.658659,-0.012826,-0.009935,0.009895,-0.036727,0.025317,-0.049084,0.072146,-0.204971,-0.036069,0.334394,-0.276738,-0.565622,0.776839,0.954062,-0.257931,0.152217,0.114603,0.783973,0.610012,0.045394,-0.009242,0.007782,0.177843,-0.431652,-0.157809,0.410989,0.024965,0.026459,-0.013933,0.191146,0.650415,0.735134,-0.948967,0.313852,-0.030938,-0.250846,-0.691705,0.677215,0.015504,-0.00951,0.00913,0.178959,-0.468487,-0.250971,0.368749,0.087844,0.039963,-0.032302,0.505329,-0.454444,-0.733567,0.67355,0.739116,0.006104,0.539418,-0.497179,0.679588,-0.006416,-0.004993,0.004939,-0.036757,0.02533,-0.049081,-0.128365
34,0.172057,0.00392,0.384707,-0.415234,0.511097,-0.752599,-0.762216,-0.647024,-0.018931,-0.496116,0.565144,0.659172,-0.013041,0.000278,0.000574,-0.000984,0.014715,-0.029553,0.072812,-0.203414,-0.036296,0.33465,-0.269455,-0.568171,0.777539,0.957145,-0.246601,0.151646,0.105902,0.785778,0.609263,0.030085,0.002181,0.000524,0.004133,-0.030496,0.058443,0.41029,0.025748,0.026338,-0.013805,0.183483,0.655096,0.732927,-0.952566,0.30264,-0.032034,-0.242798,-0.692284,0.679552,0.015061,0.001296,0.000443,0.003106,-0.041056,0.088126,0.368912,0.087527,0.039962,-0.03227,0.506581,-0.453797,-0.733105,0.672961,0.739642,0.007178,0.538978,-0.496988,0.680076,-0.006524,0.000118,0.000284,-0.001016,0.014707,-0.029556,-0.128692
35,0.171361,0.00392,0.384729,-0.416861,0.510507,-0.752101,-0.761572,-0.647817,-0.017682,-0.495739,0.56477,0.659776,-0.02609,0.000416,0.001055,-0.001969,0.029429,-0.059106,0.076468,-0.202453,-0.035919,0.334609,-0.268016,-0.570108,0.776618,0.957999,-0.242636,0.152642,0.101732,0.785611,0.610188,0.015047,0.016402,-0.003838,0.040213,-0.039997,0.072503,0.410317,0.026234,0.026517,-0.013828,0.182341,0.65692,0.731578,-0.953803,0.298865,-0.030636,-0.238769,-0.692196,0.681068,0.007511,0.008082,-0.002061,0.028333,0.051656,-0.103291,0.369239,0.087184,0.039961,-0.032259,0.508077,-0.453012,-0.732554,0.672183,0.740337,0.00838,0.538541,-0.496669,0.680656,-0.006526,4.5e-05,0.000237,-0.001011,0.014715,-0.029551,-0.126406
36,0.170774,0.003911,0.384753,-0.415815,0.510591,-0.752622,-0.761086,-0.648338,-0.019422,-0.497361,0.564097,0.659132,-0.013043,0.000276,0.000568,-0.000984,0.014715,-0.029553,0.077619,-0.202083,-0.035247,0.334267,-0.262568,-0.573564,0.775934,0.96029,-0.233499,0.152499,0.094024,0.785868,0.611092,0.014542,0.011957,-0.008362,-0.077355,-0.049516,-0.044216,0.398105,0.02642,0.026858,-0.013987,0.17759,0.66033,0.729674,-0.956443,0.290372,-0.029996,-0.231684,-0.692565,0.683135,-0.000126,0.006397,-0.003331,-1.273346,-0.295666,-0.99683,0.36336,0.086886,0.039956,-0.032247,0.507082,-0.453223,-0.733114,0.671692,0.740801,0.006621,0.540091,-0.495784,0.680073,-0.006521,0.000153,0.000304,-0.00214,0.0156,-0.030773,-0.12314
37,0.170569,0.003908,0.38477,-0.41399,0.510956,-0.75338,-0.760903,-0.64848,-0.021757,-0.499161,0.563603,0.658192,-0.013041,0.000313,0.00059,-0.000983,0.014714,-0.029552,0.077241,-0.202045,-0.035003,0.334115,-0.262988,-0.573672,0.775712,0.960111,-0.234316,0.152365,0.094667,0.785546,0.611407,0.000125,0.001165,0.001183,0.0,-0.0,-0.0,0.385116,0.026444,0.026988,-0.01407,0.177795,0.660535,0.729438,-0.956328,0.290732,-0.030171,-0.232,-0.692219,0.683379,-0.000178,0.005884,-0.003848,0.036994,-0.011049,0.017915,0.351767,0.086783,0.039955,-0.032239,0.505331,-0.453826,-0.733949,0.671581,0.740918,0.004255,0.541865,-0.495057,0.67919,-0.00652,0.000166,0.000309,-0.004034,0.017096,-0.032829,-0.12265
38,0.170335,0.003853,0.384837,-0.411396,0.511624,-0.754347,-0.761111,-0.648134,-0.024572,-0.500986,0.563394,0.656984,-0.013041,0.000321,0.000594,0.005126,-0.06996,0.15031,0.073442,-0.202181,-0.034529,0.333971,-0.267124,-0.572666,0.775042,0.959088,-0.235793,0.15648,0.093457,0.785838,0.611219,9.9e-05,0.016097,-0.003297,0.036783,-0.02238,0.044672,0.361201,0.026375,0.027217,-0.014151,0.182007,0.659168,0.729637,-0.955843,0.292721,-0.026016,-0.230729,-0.692684,0.683338,6.7e-05,0.008171,-0.001525,0.047953,-0.034169,0.032889,0.319598,0.086666,0.039927,-0.032205,0.503037,-0.454743,-0.734956,0.671876,0.740661,0.001589,0.543631,-0.4946,0.678111,-1e-06,3e-06,7e-06,-0.000414,0.000318,-0.000421,-0.125263
39,0.17025,0.003755,0.384967,-0.411109,0.511752,-0.754416,-0.76144,-0.647749,-0.024529,-0.500721,0.563719,0.656906,7.8e-05,0.001438,0.000901,0.0,0.0,0.0,0.070823,-0.202262,-0.033732,0.333975,-0.272683,-0.578129,0.769027,0.95844,-0.23239,0.165291,0.08348,0.78285,0.616474,0.000514,0.019949,0.000575,-0.005281,0.02244,-0.081719,0.35534,0.026334,0.0276,-0.014149,0.188623,0.663656,0.723865,-0.956735,0.290461,-0.016997,-0.221535,-0.689342,0.689731,0.000303,0.010383,0.000702,-0.349081,-0.569398,0.652704,0.303759,0.086619,0.039875,-0.032142,0.502672,-0.454965,-0.735069,0.672306,0.740271,0.001567,0.543438,-0.494979,0.677989,0.000136,-0.004264,0.005194,-0.034869,-0.001481,0.006615,-0.127549
40,0.170242,0.003701,0.385028,-0.411234,0.511713,-0.754375,-0.761498,-0.647689,-0.024298,-0.50053,0.563824,0.656961,0.000216,-0.009629,0.00969,-0.035738,0.010778,-0.019444,0.068649,-0.202275,-0.033345,0.333985,-0.270342,-0.580522,0.76805,0.959571,-0.226821,0.166464,0.077896,0.782715,0.617375,0.000555,0.020333,0.000946,-0.088708,0.042552,-0.224654,0.34972,0.026328,0.027803,-0.014143,0.186868,0.665988,0.722176,-0.958294,0.285378,-0.01521,-0.216224,-0.689215,0.691541,0.000308,0.010439,0.000747,-0.346871,-0.112146,-0.267831,0.298044,0.086615,0.039855,-0.032113,0.502774,-0.454916,-0.735029,0.672355,0.740226,0.001771,0.543282,-0.495092,0.678032,1.8e-05,0.000367,0.000232,-1.2e-05,7e-06,-9e-06,-0.129018
41,0.170253,0.003632,0.38509,-0.411483,0.511625,-0.754299,-0.761521,-0.647676,-0.023953,-0.500292,0.563919,0.657062,0.0,0.0,0.0,0.0,0.0,0.0,0.061339,-0.202198,-0.032611,0.334165,-0.272728,-0.582115,0.765998,0.959076,-0.226893,0.169196,0.075634,0.781511,0.61918,0.000638,0.02116,0.001734,0.025906,0.067524,-0.132462,0.315683,0.026367,0.028172,-0.014051,0.189507,0.667216,0.720353,-0.958249,0.285659,-0.012495,-0.214113,-0.68791,0.693494,0.000582,0.005457,0.005476,0.004409,-0.026103,0.050448,0.268325,0.08662,0.039817,-0.032078,0.50302,-0.45479,-0.734939,0.672373,0.740209,0.002146,0.543032,-0.495233,0.678129,0.0,-1.2e-05,-8e-06,-1e-06,2.1e-05,5e-06,-0.136856
42,0.170186,0.00361,0.38515,-0.411672,0.511561,-0.754239,-0.761527,-0.647678,-0.023707,-0.500126,0.563975,0.657139,5.1e-05,0.00094,0.000589,0.0,0.0,0.0,0.061121,-0.201843,-0.032141,0.334412,-0.273228,-0.582223,0.765738,0.958909,-0.227499,0.169328,0.075944,0.781254,0.619465,0.000978,0.009253,0.009253,0.001773,-0.013429,0.025435,0.24592,0.026544,0.028413,-0.013928,0.18992,0.667255,0.720208,-0.958084,0.286213,-0.012522,-0.214489,-0.687642,0.693644,0.008122,-0.000772,0.00852,-0.032396,-0.01696,0.037143,0.204968,0.086587,0.039805,-0.032049,0.503197,-0.454703,-0.734872,0.672369,0.740211,0.002393,0.542873,-0.495309,0.678201,3.4e-05,0.00061,0.00038,-1.4e-05,-1.3e-05,-6e-06,-0.142408
43,0.170092,0.003634,0.385226,-0.411816,0.511515,-0.754192,-0.761538,-0.647671,-0.023513,-0.499991,0.564024,0.657201,4.7e-05,0.000854,0.000535,0.0,0.0,0.0,0.065164,-0.201784,-0.031972,0.33509,-0.271816,-0.586579,0.76291,0.959299,-0.227636,0.166916,0.076081,0.777952,0.623591,0.001831,0.002084,0.02149,0.076189,-0.224299,-0.084685,0.151694,0.026573,0.028495,-0.013599,0.189384,0.670799,0.717051,-0.958095,0.286076,-0.014576,-0.214909,-0.684243,0.696867,0.000883,0.000821,0.010524,0.134427,-0.325508,-0.174372,0.082337,0.08654,0.039818,-0.03201,0.503332,-0.454639,-0.734819,0.672374,0.740206,0.002587,0.542742,-0.495375,0.678257,3.3e-05,0.000601,0.000376,0.006133,-0.084438,0.179975,-0.140775
44,0.170054,0.00365,0.385238,-0.411867,0.511498,-0.754176,-0.761519,-0.647696,-0.023475,-0.499979,0.564011,0.65722,1.9e-05,0.000343,0.000215,0.0,0.0,0.0,0.066417,-0.201738,-0.031945,0.33551,-0.271261,-0.588766,0.761423,0.95947,-0.227604,0.165974,0.075907,0.77631,0.625656,0.001757,0.001406,0.020787,0.045593,-0.155421,-0.078727,0.128113,0.026597,0.028512,-0.013385,0.189065,0.673173,0.714907,-0.958118,0.285933,-0.015857,-0.21509,-0.681967,0.699039,0.000904,0.001056,0.010742,0.073833,-0.219335,-0.081543,0.034656,0.086521,0.039827,-0.032003,0.503379,-0.454615,-0.734801,0.67235,0.740228,0.002624,0.542728,-0.495364,0.678276,8e-06,0.000161,0.000102,-8e-06,-8e-06,-2e-06,-0.138653
45,0.169945,0.00363,0.385229,-0.412172,0.511386,-0.754086,-0.761399,-0.647845,-0.02324,-0.49991,0.563942,0.657333,-2e-05,-0.000358,-0.000224,0.0,0.0,0.0,0.065019,-0.201715,-0.032081,0.336379,-0.264881,-0.599077,0.755603,0.961166,-0.226406,0.157589,0.076981,0.768741,0.634803,0.001528,-0.000753,0.018606,0.28267,-0.621995,-0.306901,0.052517,0.026609,0.028448,-0.012947,0.184882,0.6812,0.708367,-0.958629,0.283752,-0.022671,-0.216444,-0.67487,0.705479,-0.006445,-0.006251,0.013607,-0.010288,-0.027299,-0.295948,-0.053031,0.086467,0.039817,-0.032008,0.503664,-0.454465,-0.734699,0.672203,0.74036,0.002853,0.542646,-0.495305,0.678386,-0.006535,-7.2e-05,0.000153,-0.000987,0.014696,-0.02955,-0.137673
46,0.169887,0.003601,0.385259,-0.412367,0.511318,-0.754025,-0.761376,-0.64788,-0.023022,-0.499784,0.563964,0.65741,1.6e-05,0.000293,0.000183,0.0,0.0,0.0,0.066354,-0.201958,-0.032299,0.33714,-0.257996,-0.606944,0.751697,0.962977,-0.223971,0.149822,0.077732,0.763269,0.641281,-0.013507,-0.003394,0.016844,0.036439,-0.128352,-0.100595,-0.049742,0.026498,0.028344,-0.01257,0.178399,0.690858,0.700634,-0.959356,0.280356,-0.032169,-0.218651,-0.666419,0.712794,0.000308,0.003042,0.003004,0.071919,-0.071986,-0.267393,-0.160639,0.086437,0.039801,-0.031994,0.503846,-0.454372,-0.734632,0.672167,0.740392,0.00307,0.542521,-0.495342,0.678458,0.000102,-0.00487,0.004814,-0.035738,0.01079,-0.019433,-0.137836
47,0.169878,0.003585,0.385297,-0.412411,0.511305,-0.75401,-0.761412,-0.647841,-0.022921,-0.499692,0.56402,0.657431,3.3e-05,0.000597,0.000374,0.0,0.0,0.0,0.067889,-0.202154,-0.032279,0.337316,-0.254505,-0.610881,0.749695,0.963828,-0.223143,0.145525,0.078693,0.760367,0.644603,-0.013798,-0.006169,0.014101,-0.007043,0.03337,-0.270447,-0.123884,0.026396,0.028356,-0.012472,0.175554,0.694845,0.697402,-0.959578,0.279066,-0.036491,-0.219977,-0.662806,0.715749,-0.007139,0.002349,0.00275,0.016197,-0.030614,-0.02205,-0.223016,0.086433,0.039793,-0.031975,0.503887,-0.454354,-0.734615,0.672204,0.740358,0.003173,0.542437,-0.49541,0.678476,2e-05,0.000385,0.000242,-1.2e-05,-2e-06,-1.1e-05,-0.136856
48,0.169869,0.003487,0.385354,-0.412509,0.511277,-0.753975,-0.761507,-0.647738,-0.022677,-0.499466,0.564164,0.657479,-8.7e-05,-0.001573,-0.000985,-0.000888,0.012227,-0.026082,0.068441,-0.202423,-0.032097,0.337236,-0.249873,-0.616913,0.746307,0.964852,-0.222924,0.138925,0.080962,0.75555,0.649963,-0.000595,0.009586,-0.00987,0.055288,-0.048607,-0.002948,-0.311791,0.026256,0.028442,-0.012502,0.171723,0.700363,0.692822,-0.959662,0.277845,-0.043007,-0.222618,-0.65749,0.719824,-0.000338,0.004427,-0.005289,0.033359,-0.006044,0.020687,-0.387776,0.086428,0.039747,-0.031944,0.503979,-0.454314,-0.734576,0.672302,0.740268,0.003421,0.542229,-0.495581,0.678516,-4.4e-05,-0.000784,-0.000491,-0.000883,0.012243,-0.026072,-0.135224
49,0.16984,0.003434,0.385404,-0.410503,0.511708,-0.754776,-0.761464,-0.647701,-0.025045,-0.501182,0.563814,0.656473,-0.0,-0.0,-0.0,3e-06,-2e-06,3e-06,0.071536,-0.202685,-0.031638,0.336761,-0.259122,-0.618119,0.742143,0.962339,-0.230134,0.144484,0.081792,0.752396,0.653509,-0.001037,0.020544,-0.018384,0.038456,-0.068153,0.08417,-0.557354,0.026124,0.028661,-0.012743,0.181691,0.700245,0.690394,-0.9576,0.285623,-0.037687,-0.223582,-0.654275,0.722451,-0.007637,0.005056,-0.004241,-0.090901,-0.156129,0.161593,-0.601197,0.086414,0.039718,-0.031921,0.502047,-0.455011,-0.735468,0.672355,0.740227,0.00101,0.543954,-0.495003,0.677557,-1e-06,9e-06,5e-06,-0.003115,0.002424,-0.00337,-0.133917
50,0.169711,0.003468,0.385359,-0.410608,0.511669,-0.754746,-0.761344,-0.647842,-0.025068,-0.501279,0.563689,0.656507,-0.013101,-0.000655,-2e-05,-0.000984,0.014715,-0.029553,0.072958,-0.203245,-0.030906,0.33608,-0.298226,-0.606519,0.737013,0.947268,-0.282556,0.150932,0.117061,0.743909,0.657844,-0.016228,0.016305,-0.021704,-0.276741,-0.486302,0.554231,-1.002094,0.02585,0.029036,-0.013075,0.219721,0.686291,0.693343,-0.940532,0.33776,-0.03627,-0.259075,-0.644143,0.719693,-0.008099,0.008214,-0.01078,-1.082358,-1.639,1.890456,-0.843684,0.086355,0.039737,-0.031943,0.502156,-0.454957,-0.735426,0.67223,0.740341,0.001007,0.544008,-0.494882,0.677602,-3.8e-05,-0.000657,-0.000408,-5.6e-05,4.3e-05,-5.3e-05,-0.129508
51,0.169621,0.003502,0.3853,-0.408581,0.512098,-0.755555,-0.761114,-0.648005,-0.027687,-0.503281,0.563111,0.65547,-0.013292,0.0093,-0.00951,0.03594,0.002968,-0.008797,0.070027,-0.203469,-0.030707,0.335605,-0.328333,-0.595714,0.733017,0.933594,-0.32229,0.156412,0.143461,0.736432,0.661022,-0.016777,0.01132,-0.026634,-0.838785,-1.580803,2.114363,-1.226799,0.025733,0.029145,-0.013317,0.249364,0.673903,0.695465,-0.925482,0.377285,-0.03375,-0.285133,-0.635224,0.717766,-0.008423,0.005242,-0.013721,-0.829824,-1.578254,2.108925,-0.823436,0.086305,0.039753,-0.031972,0.500211,-0.455648,-0.736324,0.672071,0.740484,-0.00166,0.545992,-0.494032,0.676626,-0.006648,0.004598,-0.004786,0.031814,0.006204,-0.01326,-0.129998
52,0.1694,0.003494,0.385196,-0.406157,0.510276,-0.75809,-0.76072,-0.648412,-0.028955,-0.505832,0.564296,0.652481,-0.000103,-0.001813,-0.001137,-0.054047,-0.196861,-0.090473,0.063795,-0.203653,-0.03041,0.334497,-0.384446,-0.580975,0.717399,0.907389,-0.380534,0.17825,0.169901,0.720207,0.672532,-0.002272,0.009216,-0.029608,1.144646,0.148487,1.262491,-1.39221,0.02564,0.029282,-0.013867,0.305956,0.655763,0.690192,-0.900063,0.435507,-0.014793,-0.310285,-0.616691,0.723474,-0.008438,0.005016,-0.013923,3.628547,0.351013,4.449712,-0.809229,0.086199,0.039746,-0.032021,0.497847,-0.454745,-0.73848,0.671782,0.740741,-0.003254,0.548503,-0.494478,0.674266,-7.4e-05,-0.001342,-0.000837,-0.109146,-0.368439,-0.165236,-0.136203
53,0.169199,0.003517,0.385075,-0.402384,0.506541,-0.762594,-0.760522,-0.648616,-0.029612,-0.509137,0.56742,0.64718,-8.6e-05,-0.001504,-0.000944,-0.033728,-0.230184,0.112931,0.065409,-0.203972,-0.02975,0.333277,-0.424766,-0.570257,0.703116,0.886484,-0.419288,0.195646,0.183755,0.707113,0.682707,-0.002381,0.023092,-0.035231,0.118787,-0.117199,0.203705,-1.402185,0.025481,0.0296,-0.014482,0.348145,0.640945,0.684093,-0.878984,0.47685,0.000555,-0.325854,-0.6015,0.729394,-0.008297,0.006395,-0.012621,0.083828,-0.090309,0.152474,-0.818047,0.086093,0.039759,-0.032086,0.493759,-0.450821,-0.743614,0.671453,0.741038,-0.003415,0.552586,-0.497616,0.668599,-0.000136,0.004206,-0.005224,-0.013234,-0.188242,-0.062629,-0.138163
54,0.169116,0.003574,0.384948,-0.400572,0.502369,-0.766299,-0.760468,-0.648756,-0.027856,-0.510644,0.570959,0.642865,-0.000348,0.007122,-0.011264,-0.024879,-0.217863,-0.107632,0.064467,-0.204272,-0.029334,0.332614,-0.439073,-0.563253,0.699966,0.877967,-0.434157,0.201533,0.190916,0.703733,0.684233,-0.017204,0.022428,-0.035064,3.952631,0.893857,4.189306,-1.402236,0.025336,0.029811,-0.014811,0.359005,0.635522,0.683539,-0.873465,0.486848,0.006109,-0.328897,-0.599241,0.729887,-0.008599,0.011083,-0.017656,-0.006592,-0.255293,0.31642,-0.83307,0.086052,0.039788,-0.032144,0.491451,-0.447043,-0.747413,0.671412,0.741081,-0.001778,0.55469,-0.500948,0.664355,-0.006577,-0.000774,-0.000288,-0.071207,-0.347001,0.023372,-0.138
55,0.168996,0.003796,0.384559,-0.396895,0.487774,-0.777558,-0.756819,-0.65318,-0.023509,-0.518866,0.578531,0.62937,-0.000374,0.006669,-0.011546,-0.071804,-0.52073,0.002772,0.061598,-0.204824,-0.028625,0.331366,-0.475988,-0.543187,0.691646,0.853859,-0.473553,0.215881,0.210848,0.694,0.688309,-0.01714,0.02298,-0.034539,0.13085,-0.092796,0.225361,-1.403053,0.02506,0.030164,-0.015437,0.398753,0.610259,0.684528,-0.846572,0.531937,0.018923,-0.352579,-0.587048,0.72874,-0.008341,0.006002,-0.013031,0.176893,-0.222064,0.467993,-0.836989,0.085992,0.039898,-0.032338,0.486622,-0.433318,-0.758573,0.667021,0.745034,0.002309,0.564162,-0.507109,0.651583,-0.000283,0.008115,-0.010636,-0.090887,-0.592458,-0.252379,-0.139959
56,0.168843,0.004195,0.383988,-0.395911,0.466837,-0.790799,-0.745633,-0.666037,-0.019953,-0.535531,0.581162,0.612767,-0.00052,0.017228,-0.020634,0.006638,-0.380128,0.091471,0.05965,-0.205577,-0.02747,0.330227,-0.497563,-0.533392,0.684044,0.840475,-0.491277,0.228436,0.214817,0.689245,0.691851,-0.030925,0.045443,-0.030655,-0.230827,-0.612068,0.763779,-1.403299,0.024676,0.030735,-0.016034,0.420559,0.59869,0.681688,-0.834117,0.550718,0.030932,-0.356899,-0.581617,0.730988,-0.015397,0.023129,-0.014904,-0.25603,-0.700162,0.790101,-0.835029,0.085915,0.040092,-0.032622,0.483185,-0.411598,-0.772734,0.654033,0.756441,0.006042,0.582041,-0.508314,0.6347,-0.000188,0.00314,-0.005892,-0.020299,-0.35304,0.07566,-0.143388
