frame,MLTx,MLTy,MLTz,MLTR1,MLTR2,MLTR3,MLTR4,MLTR5,MLTR6,MLTR7,MLTR8,MLTR9,MLTTVx,MLTTVy,MLTTVz,MLTRVx,MLTRVy,MLTRVz,MLGA,MRTx,MRTy,MRTz,MRTR1,MRTR2,MRTR3,MRTR4,MRTR5,MRTR6,MRTR7,MRTR8,MRTR9,MRTTVx,MRTTVy,MRTTVz,MRTRVx,MRTRVy,MRTRVz,MRGA,SLTx,SLTy,SLTz,SLTR1,SLTR2,SLTR3,SLTR4,SLTR5,SLTR6,SLTR7,SLTR8,SLTR9,SLTTVx,SLTTVy,SLTTVz,SLTRVx,SLTRVy,SLTRVz,SLGA,SRTx,SRTy,SRTz,SRTR1,SRTR2,SRTR3,SRTR4,SRTR5,SRTR6,SRTR7,SRTR8,SRTR9,SRTTVx,SRTTVy,SRTTVz,SRTRVx,SRTRVy,SRTRVz,SRGA
1,0.170349,-0.023665,0.368348,-0.755931,0.277384,-0.593019,-0.49901,-0.830468,0.247555,-0.422881,0.482708,0.766937,0.0,0.0,0.0,0.0,0.0,0.0,0.520793,-0.198957,-0.056299,0.317344,-0.64382,-0.603336,0.470609,0.750057,-0.618997,0.232791,0.151652,0.503618,0.850432,1e-05,9.4e-05,0.000116,0.0,0.0,0.0,0.535271,0.027418,0.026169,0.001515,0.684599,0.58012,0.441343,-0.714355,0.654389,0.247932,-0.14498,-0.48501,0.862406,-6.4e-05,-0.000597,-0.000731,-3e-06,2.2e-05,1.1e-05,-0.174029,0.087673,0.038837,-0.02118,0.792598,-0.186336,-0.580574,0.388606,0.888099,0.245488,0.469865,-0.420188,0.776317,2e-06,-1e-06,0.0,7.1e-05,2e-06,-8.7e-05,-0.724376
2,0.170349,-0.023665,0.368348,-0.755931,0.277384,-0.593019,-0.49901,-0.830468,0.247555,-0.422881,0.482708,0.766937,0.0,0.0,0.0,0.0,0.0,0.0,0.520511,-0.198978,-0.05629,0.317373,-0.64371,-0.603383,0.470699,0.750148,-0.618899,0.232758,0.151669,0.503682,0.850391,7.7e-05,0.000704,0.000864,0.0,0.0,0.0,0.535393,0.027418,0.026169,0.001515,0.684599,0.58012,0.441343,-0.714355,0.654389,0.247932,-0.14498,-0.48501,0.862406,-6.4e-05,-0.000597,-0.000731,-3e-06,2.2e-05,1.1e-05,-0.174029,0.087673,0.038837,-0.02118,0.792598,-0.186336,-0.580574,0.388606,0.888099,0.245488,0.469865,-0.420188,0.776317,2e-06,-1e-06,0.0,7.1e-05,2e-06,-8.7e-05,-0.724376
3,0.17035,-0.023659,0.368366,-0.755914,0.2774,-0.593033,-0.499039,-0.830449,0.24756,-0.422876,0.482732,0.766925,0.000216,-0.009991,0.009516,-0.035746,0.010541,-0.019557,0.520191,-0.198989,-0.056284,0.317381,-0.643708,-0.603384,0.470701,0.750149,-0.618897,0.232757,0.15167,0.503683,0.85039,0.0,4e-06,5e-06,-0.012412,0.089676,-0.177072,0.534956,0.027418,0.026169,0.001515,0.684599,0.58012,0.441343,-0.714355,0.654389,0.247932,-0.14498,-0.48501,0.862406,-6.4e-05,-0.000597,-0.000731,-3e-06,2.2e-05,1.1e-05,-0.174029,0.087673,0.038837,-0.02118,0.792598,-0.186336,-0.580574,0.388606,0.888099,0.245488,0.469865,-0.420188,0.776317,2e-06,-1e-06,0.0,7.1e-05,2e-06,-8.7e-05,-0.724376
4,0.170341,-0.023639,0.368395,-0.75598,0.277343,-0.592975,-0.498981,-0.830461,0.247638,-0.422827,0.482744,0.766944,0.000113,0.001966,0.001566,0.00089,-0.0121,0.026141,0.519996,-0.199001,-0.056284,0.317382,-0.6438,-0.603344,0.470628,0.750077,-0.618968,0.232803,0.15164,0.503644,0.850418,0.0,0.0,0.0,0.0,0.0,0.0,0.535333,0.027418,0.026169,0.001515,0.684599,0.58012,0.441343,-0.714355,0.654389,0.247932,-0.14498,-0.48501,0.862406,-6.4e-05,-0.000597,-0.000731,-3e-06,2.2e-05,1.1e-05,-0.174029,0.087673,0.038837,-0.02118,0.792598,-0.186336,-0.580574,0.388606,0.888099,0.245488,0.469865,-0.420188,0.776317,2e-06,-1e-06,0.0,7.1e-05,2e-06,-8.7e-05,-0.724376
5,0.170324,-0.023592,0.368472,-0.755908,0.277411,-0.593037,-0.499094,-0.830395,0.247632,-0.422823,0.482818,0.766899,0.000116,0.002011,0.0016,-6.4e-05,2.7e-05,8.3e-05,0.519928,-0.199013,-0.056276,0.317376,-0.643793,-0.603347,0.470632,0.750079,-0.618976,0.232777,0.151662,0.50363,0.850423,0.0,0.0,0.0,0.0,0.0,0.0,0.535199,0.027418,0.026169,0.001515,0.684599,0.58012,0.441343,-0.714355,0.654389,0.247932,-0.14498,-0.48501,0.862406,-6.4e-05,-0.000597,-0.000731,-3e-06,2.2e-05,1.1e-05,-0.174029,0.087673,0.038837,-0.02118,0.792598,-0.186336,-0.580574,0.388606,0.888099,0.245488,0.469865,-0.420188,0.776317,2e-06,-1e-06,0.0,7.1e-05,2e-06,-8.7e-05,-0.724376
6,0.170304,-0.023579,0.368496,-0.755909,0.277412,-0.593034,-0.499105,-0.830382,0.247652,-0.422808,0.48284,0.766894,6.9e-05,0.001203,0.000957,-0.026332,0.010996,0.034052,0.520301,-0.199013,-0.056276,0.317376,-0.643793,-0.603347,0.470632,0.750079,-0.618976,0.232777,0.151662,0.50363,0.850423,0.0,0.0,0.0,0.0,0.0,0.0,0.535607,0.027418,0.026169,0.001515,0.684599,0.58012,0.441343,-0.714355,0.654389,0.247932,-0.14498,-0.48501,0.862406,-6.4e-05,-0.000597,-0.000731,-3e-06,2.2e-05,1.1e-05,-0.174029,0.087673,0.038837,-0.02118,0.792598,-0.186336,-0.580574,0.388606,0.888099,0.245488,0.469865,-0.420188,0.776317,2e-06,-1e-06,0.0,7.1e-05,2e-06,-8.7e-05,-0.724376
7,0.170301,-0.02359,0.368435,-0.755854,0.277457,-0.593084,-0.499117,-0.830413,0.247525,-0.422892,0.482761,0.766897,-9.4e-05,-0.001625,-0.001293,-0.0,0.0,0.0,0.520524,-0.199002,-0.056276,0.317375,-0.643811,-0.603339,0.470618,0.750064,-0.61899,0.232786,0.151655,0.503623,0.850428,0.0,0.0,0.0,0.0,0.0,0.0,0.535486,0.027418,0.026169,0.001515,0.684599,0.58012,0.441343,-0.714355,0.654389,0.247932,-0.14498,-0.48501,0.862406,-6.4e-05,-0.000597,-0.000731,-3e-06,2.2e-05,1.1e-05,-0.174029,0.087673,0.038837,-0.02118,0.792598,-0.186336,-0.580574,0.388606,0.888099,0.245488,0.469865,-0.420188,0.776317,2e-06,-1e-06,0.0,7.1e-05,2e-06,-8.7e-05,-0.724376
8,0.17032,-0.023616,0.368387,-0.755883,0.277428,-0.59306,-0.499062,-0.83045,0.247511,-0.422905,0.482714,0.76692,-1.6e-05,-0.00028,-0.000223,0.0,0.0,0.0,0.520687,-0.199002,-0.056281,0.317368,-0.643795,-0.603346,0.47063,0.750077,-0.618978,0.232778,0.151661,0.503629,0.850423,-0.0,-0.0,-1e-06,0.0,0.0,0.0,0.535451,0.027418,0.026169,0.001515,0.684599,0.58012,0.441343,-0.714355,0.654389,0.247932,-0.14498,-0.48501,0.862406,-6.4e-05,-0.000597,-0.000731,-3e-06,2.2e-05,1.1e-05,-0.174029,0.087673,0.038837,-0.02118,0.792598,-0.186336,-0.580574,0.388606,0.888099,0.245488,0.469865,-0.420188,0.776317,2e-06,-1e-06,0.0,7.1e-05,2e-06,-8.7e-05,-0.724376
9,0.170319,-0.023616,0.368375,-0.755886,0.277425,-0.593058,-0.499047,-0.830464,0.247494,-0.422917,0.482692,0.766927,-6e-06,-0.000102,-8.1e-05,0.0,0.0,0.0,0.520463,-0.199013,-0.056276,0.317376,-0.643793,-0.603347,0.470632,0.750079,-0.618976,0.232777,0.151662,0.50363,0.850423,2e-06,1.9e-05,2.3e-05,0.0,0.0,0.0,0.535514,0.027418,0.026169,0.001515,0.684599,0.58012,0.441343,-0.714355,0.654389,0.247932,-0.14498,-0.48501,0.862406,-6.4e-05,-0.000597,-0.000731,-3e-06,2.2e-05,1.1e-05,-0.174029,0.087673,0.038837,-0.02118,0.792598,-0.186336,-0.580574,0.388606,0.888099,0.245488,0.469865,-0.420188,0.776317,2e-06,-1e-06,0.0,7.1e-05,2e-06,-8.7e-05,-0.724376
10,0.170309,-0.023623,0.368382,-0.755912,0.277403,-0.593034,-0.499031,-0.830461,0.247537,-0.422889,0.48271,0.766931,-3.6e-05,-0.00063,-0.000501,0.0,0.0,0.0,0.520408,-0.199013,-0.056276,0.317376,-0.643793,-0.603347,0.470632,0.750079,-0.618976,0.232777,0.151662,0.50363,0.850423,0.0,0.0,0.0,0.0,0.0,0.0,0.535683,0.027418,0.026169,0.001515,0.684599,0.58012,0.441343,-0.714355,0.654389,0.247932,-0.14498,-0.48501,0.862406,-6.4e-05,-0.000597,-0.000731,-3e-06,2.2e-05,1.1e-05,-0.174029,0.087673,0.038837,-0.02118,0.792598,-0.186336,-0.580574,0.388606,0.888099,0.245488,0.469865,-0.420188,0.776317,2e-06,-1e-06,0.0,7.1e-05,2e-06,-8.7e-05,-0.724376
11,0.17032,-0.023616,0.368387,-0.755883,0.277428,-0.59306,-0.499062,-0.83045,0.247511,-0.422905,0.482714,0.76692,6e-05,0.001039,0.000827,0.00089,-0.012101,0.026141,0.520776,-0.199014,-0.056289,0.317376,-0.643765,-0.603359,0.470655,0.750104,-0.618942,0.232786,0.151652,0.503659,0.850407,-1e-06,-8e-06,-1e-05,0.0,0.0,0.0,0.535462,0.027418,0.026169,0.001515,0.684599,0.58012,0.441343,-0.714355,0.654389,0.247932,-0.14498,-0.48501,0.862406,-6.4e-05,-0.000597,-0.000731,-3e-06,2.2e-05,1.1e-05,-0.174029,0.087673,0.038837,-0.02118,0.792598,-0.186336,-0.580574,0.388606,0.888099,0.245488,0.469865,-0.420188,0.776317,2e-06,-1e-06,0.0,7.1e-05,2e-06,-8.7e-05,-0.724376
12,0.170319,-0.023623,0.368382,-0.755896,0.277416,-0.593048,-0.499048,-0.830455,0.247524,-0.422898,0.482712,0.766925,-0.0,-0.0,-0.0,0.0,0.0,0.0,0.520268,-0.199002,-0.056289,0.317375,-0.643784,-0.603351,0.470641,0.75009,-0.618956,0.232795,0.151646,0.503651,0.850413,-0.0,-0.0,-0.0,0.0,0.0,0.0,0.535472,0.027418,0.026169,0.001515,0.684599,0.58012,0.441343,-0.714355,0.654389,0.247932,-0.14498,-0.48501,0.862406,-6.4e-05,-0.000597,-0.000731,-3e-06,2.2e-05,1.1e-05,-0.174029,0.087673,0.038837,-0.02118,0.792598,-0.186336,-0.580574,0.388606,0.888099,0.245488,0.469865,-0.420188,0.776317,2e-06,-1e-06,0.0,7.1e-05,2e-06,-8.7e-05,-0.724376
13,0.170319,-0.02363,0.368376,-0.75591,0.277404,-0.593037,-0.499033,-0.83046,0.247536,-0.422891,0.48271,0.76693,-2e-05,-0.000341,-0.000272,0.0,0.0,0.0,0.520437,-0.199002,-0.056295,0.317368,-0.643768,-0.603358,0.470653,0.750102,-0.618943,0.232787,0.151651,0.503658,0.850408,-0.000122,-0.001108,-0.001361,-0.001799,0.012994,-0.025658,0.53535,0.027418,0.026169,0.001515,0.684599,0.58012,0.441343,-0.714355,0.654389,0.247932,-0.14498,-0.48501,0.862406,-6.4e-05,-0.000597,-0.000731,-3e-06,2.2e-05,1.1e-05,-0.174029,0.087673,0.038837,-0.02118,0.792598,-0.186336,-0.580574,0.388606,0.888099,0.245488,0.469865,-0.420188,0.776317,2e-06,-1e-06,0.0,7.1e-05,2e-06,-8.7e-05,-0.724376
14,0.170328,-0.023651,0.368359,-0.757564,0.272901,-0.593015,-0.49408,-0.83341,0.247558,-0.425728,0.480194,0.766939,0.014014,-0.001747,-0.00177,3.277387,-1.370743,-4.235073,0.520613,-0.199002,-0.056295,0.317368,-0.643768,-0.603358,0.470653,0.750102,-0.618943,0.232787,0.151651,0.503658,0.850408,-0.0,-0.0,-0.0,0.0,0.0,0.0,0.535056,0.027418,0.026169,0.001515,0.684599,0.58012,0.441343,-0.714355,0.654389,0.247932,-0.14498,-0.48501,0.862406,-6.4e-05,-0.000597,-0.000731,-3e-06,2.2e-05,1.1e-05,-0.174029,0.087673,0.038837,-0.02118,0.792598,-0.186336,-0.580574,0.388606,0.888099,0.245488,0.469865,-0.420188,0.776317,2e-06,-1e-06,0.0,7.1e-05,2e-06,-8.7e-05,-0.724376
15,0.170328,-0.023665,0.368361,-0.757589,0.27288,-0.592994,-0.494065,-0.833406,0.2476,-0.425702,0.480213,0.766943,-4e-06,-6.7e-05,-5.4e-05,0.0,-0.0,-0.0,0.520545,-0.199002,-0.056289,0.317375,-0.643784,-0.603351,0.470641,0.75009,-0.618956,0.232795,0.151646,0.503651,0.850413,-0.015725,0.000221,0.001215,-0.002045,0.015205,-0.029245,0.535163,0.027418,0.026169,0.001515,0.684599,0.58012,0.441343,-0.714355,0.654389,0.247932,-0.14498,-0.48501,0.862406,-6.4e-05,-0.000597,-0.000731,-3e-06,2.2e-05,1.1e-05,-0.174029,0.087673,0.038837,-0.02118,0.792598,-0.186336,-0.580574,0.388606,0.888099,0.245488,0.469865,-0.420188,0.776317,2e-06,-1e-06,0.0,7.1e-05,2e-06,-8.7e-05,-0.724376
16,0.170328,-0.023658,0.368354,-0.757578,0.272889,-0.593003,-0.494065,-0.833415,0.247571,-0.425721,0.480192,0.766945,-0.0,-0.0,-0.0,0.0,0.0,0.0,0.520017,-0.198979,-0.056295,0.317366,-0.643804,-0.603342,0.470624,0.750073,-0.618971,0.232805,0.151638,0.503642,0.85042,-0.0,-1e-06,-1e-06,0.0,0.0,0.0,0.535044,0.027418,0.026169,0.001515,0.684599,0.58012,0.441343,-0.714355,0.654389,0.247932,-0.14498,-0.48501,0.862406,-6.4e-05,-0.000597,-0.000731,-3e-06,2.2e-05,1.1e-05,-0.174029,0.087673,0.038837,-0.02118,0.792598,-0.186336,-0.580574,0.388606,0.888099,0.245488,0.469865,-0.420188,0.776317,2e-06,-1e-06,0.0,7.1e-05,2e-06,-8.7e-05,-0.724376
17,0.170339,-0.023659,0.368366,-0.757559,0.272905,-0.593019,-0.494096,-0.833395,0.247574,-0.425718,0.480217,0.766931,4.1e-05,0.000718,0.000572,0.0,0.0,0.0,0.520457,-0.198978,-0.05629,0.317373,-0.64382,-0.603335,0.470611,0.750061,-0.618984,0.232813,0.151633,0.503636,0.850425,8.8e-05,0.000801,0.000984,0.0,0.0,0.0,0.535231,0.027418,0.026169,0.001515,0.684599,0.58012,0.441343,-0.714355,0.654389,0.247932,-0.14498,-0.48501,0.862406,-6.4e-05,-0.000597,-0.000731,-3e-06,2.2e-05,1.1e-05,-0.174029,0.087673,0.038837,-0.02118,0.792598,-0.186336,-0.580574,0.388606,0.888099,0.245488,0.469865,-0.420188,0.776317,2e-06,-1e-06,0.0,7.1e-05,2e-06,-8.7e-05,-0.724376
18,0.17036,-0.023659,0.368365,-0.757528,0.272932,-0.593047,-0.494129,-0.833384,0.247547,-0.425735,0.480222,0.766918,0.0,0.0,0.0,0.0,0.0,0.0,0.520352,-0.198966,-0.056284,0.317379,-0.643854,-0.60332,0.470583,0.750034,-0.61901,0.23283,0.151622,0.503621,0.850435,4e-06,3.7e-05,4.5e-05,0.0,0.0,0.0,0.53525,0.027418,0.026169,0.001515,0.684599,0.58012,0.441343,-0.714355,0.654389,0.247932,-0.14498,-0.48501,0.862406,-6.4e-05,-0.000597,-0.000731,-3e-06,2.2e-05,1.1e-05,-0.174029,0.087673,0.038837,-0.02118,0.792598,-0.186336,-0.580574,0.388606,0.888099,0.245488,0.469865,-0.420188,0.776317,2e-06,-1e-06,0.0,7.1e-05,2e-06,-8.7e-05,-0.724376
19,0.17036,-0.023666,0.36836,-0.757541,0.27292,-0.593035,-0.494115,-0.833389,0.247559,-0.425728,0.48022,0.766924,-0.0,-1e-06,-1e-06,0.0,0.0,0.0,0.520529,-0.198988,-0.056273,0.317394,-0.643849,-0.603322,0.470587,0.750038,-0.619007,0.232828,0.151624,0.503623,0.850434,9e-06,8.3e-05,0.000102,0.0,0.0,0.0,0.535165,0.027418,0.026169,0.001515,0.684599,0.58012,0.441343,-0.714355,0.654389,0.247932,-0.14498,-0.48501,0.862406,-6.4e-05,-0.000597,-0.000731,-3e-06,2.2e-05,1.1e-05,-0.174029,0.087673,0.038837,-0.02118,0.792598,-0.186336,-0.580574,0.388606,0.888099,0.245488,0.469865,-0.420188,0.776317,2e-06,-1e-06,0.0,7.1e-05,2e-06,-8.7e-05,-0.724376
20,0.170339,-0.023659,0.368366,-0.757559,0.272905,-0.593019,-0.494096,-0.833395,0.247574,-0.425718,0.480217,0.766931,0.0,6e-06,5e-06,0.0,0.0,0.0,0.520338,-0.198987,-0.056262,0.317408,-0.643881,-0.603308,0.470562,0.750012,-0.619031,0.232844,0.151613,0.50361,0.850443,3e-06,3.2e-05,3.9e-05,0.0,0.0,0.0,0.53527,0.027418,0.026169,0.001515,0.684599,0.58012,0.441343,-0.714355,0.654389,0.247932,-0.14498,-0.48501,0.862406,-6.4e-05,-0.000597,-0.000731,-3e-06,2.2e-05,1.1e-05,-0.174029,0.087673,0.038837,-0.02118,0.792598,-0.186336,-0.580574,0.388606,0.888099,0.245488,0.469865,-0.420188,0.776317,2e-06,-1e-06,0.0,7.1e-05,2e-06,-8.7e-05,-0.724376
21,0.170339,-0.023659,0.368366,-0.757559,0.272905,-0.593019,-0.494096,-0.833395,0.247574,-0.425718,0.480217,0.766931,0.0,0.0,0.0,0.0,0.0,0.0,0.520224,-0.198964,-0.056268,0.317399,-0.643902,-0.603299,0.470545,0.749996,-0.619047,0.232854,0.151606,0.503601,0.85045,-5e-06,-5e-05,-6.1e-05,0.0,0.0,0.0,0.535426,0.027418,0.026169,0.001515,0.684599,0.58012,0.441343,-0.714355,0.654389,0.247932,-0.14498,-0.48501,0.862406,-6.4e-05,-0.000597,-0.000731,-3e-06,2.2e-05,1.1e-05,-0.174029,0.087673,0.038837,-0.02118,0.792598,-0.186336,-0.580574,0.388606,0.888099,0.245488,0.469865,-0.420188,0.776317,2e-06,-1e-06,0.0,7.1e-05,2e-06,-8.7e-05,-0.724376
22,0.17035,-0.023659,0.368366,-0.757544,0.272919,-0.593033,-0.494113,-0.83339,0.24756,-0.425727,0.480219,0.766925,0.0,0.0,0.0,0.0,0.0,0.0,0.520259,-0.198917,-0.056274,0.317389,-0.643959,-0.603275,0.470499,0.749952,-0.619091,0.232882,0.151587,0.503576,0.850468,-0.0,-1e-06,-1e-06,0.0,0.0,0.0,0.535254,0.027418,0.026169,0.001515,0.684599,0.58012,0.441343,-0.714355,0.654389,0.247932,-0.14498,-0.48501,0.862406,-6.4e-05,-0.000597,-0.000731,-3e-06,2.2e-05,1.1e-05,-0.174029,0.087673,0.038837,-0.02118,0.792598,-0.186336,-0.580574,0.388606,0.888099,0.245488,0.469865,-0.420188,0.776317,2e-06,-1e-06,0.0,7.1e-05,2e-06,-8.7e-05,-0.724376
23,0.17035,-0.023659,0.368366,-0.757544,0.272919,-0.593033,-0.494113,-0.83339,0.24756,-0.425727,0.480219,0.766925,0.0,0.0,0.0,0.0,0.0,0.0,0.520287,-0.19887,-0.056274,0.317385,-0.644031,-0.603244,0.470439,0.749894,-0.619147,0.232918,0.151562,0.503545,0.850491,0.015725,-0.000215,-0.001211,0.002045,-0.015205,0.029245,0.535372,0.027418,0.026169,0.001515,0.684599,0.58012,0.441343,-0.714355,0.654389,0.247932,-0.14498,-0.48501,0.862406,-6.4e-05,-0.000597,-0.000731,-3e-06,2.2e-05,1.1e-05,-0.174029,0.087673,0.038837,-0.02118,0.792598,-0.186336,-0.580574,0.388606,0.888099,0.245488,0.469865,-0.420188,0.776317,2e-06,-1e-06,0.0,7.1e-05,2e-06,-8.7e-05,-0.724376
24,0.170339,-0.023659,0.368366,-0.757559,0.272905,-0.593019,-0.494096,-0.833395,0.247574,-0.425718,0.480217,0.766931,0.0,0.0,0.0,0.0,0.0,0.0,0.520883,-0.19887,-0.056274,0.317385,-0.644031,-0.603244,0.470439,0.749894,-0.619147,0.232918,0.151562,0.503545,0.850491,-0.0,-0.0,-0.0,0.0,0.0,0.0,0.535411,0.027418,0.026169,0.001515,0.684599,0.58012,0.441343,-0.714355,0.654389,0.247932,-0.14498,-0.48501,0.862406,-6.4e-05,-0.000597,-0.000731,-3e-06,2.2e-05,1.1e-05,-0.174029,0.087673,0.038837,-0.02118,0.792598,-0.186336,-0.580574,0.388606,0.888099,0.245488,0.469865,-0.420188,0.776317,2e-06,-1e-06,0.0,7.1e-05,2e-06,-8.7e-05,-0.724376
25,0.170349,-0.023651,0.368359,-0.757533,0.272927,-0.593043,-0.494112,-0.833398,0.247531,-0.425746,0.480199,0.766927,0.0,0.0,0.0,3.188975,-1.331051,-4.124002,0.520807,-0.198883,-0.05628,0.317379,-0.643997,-0.603258,0.470467,0.749921,-0.61912,0.232901,0.151573,0.503559,0.850481,-0.0,-1e-06,-1e-06,0.0,0.0,0.0,0.535343,0.027418,0.026169,0.001515,0.684599,0.58012,0.441343,-0.714355,0.654389,0.247932,-0.14498,-0.48501,0.862406,-6.4e-05,-0.000597,-0.000731,-3e-06,2.2e-05,1.1e-05,-0.174029,0.087673,0.038837,-0.02118,0.792598,-0.186336,-0.580574,0.388606,0.888099,0.245488,0.469865,-0.420188,0.776317,2e-06,-1e-06,0.0,7.1e-05,2e-06,-8.7e-05,-0.724376
26,0.170329,-0.023644,0.368365,-0.755922,0.277394,-0.593027,-0.49902,-0.830465,0.247546,-0.422885,0.482709,0.766934,0.0,1e-06,1e-06,-0.0,0.0,0.0,0.520037,-0.19893,-0.056279,0.317383,-0.643925,-0.60329,0.470526,0.749978,-0.619064,0.232865,0.151598,0.503591,0.850457,-8e-06,-6.9e-05,-8.4e-05,0.0,0.0,0.0,0.535473,0.027418,0.026169,0.001515,0.684599,0.58012,0.441343,-0.714355,0.654389,0.247932,-0.14498,-0.48501,0.862406,-6.4e-05,-0.000597,-0.000731,-3e-06,2.2e-05,1.1e-05,-0.174029,0.087673,0.038837,-0.02118,0.792598,-0.186336,-0.580574,0.388606,0.888099,0.245488,0.469865,-0.420188,0.776317,2e-06,-1e-06,0.0,7.1e-05,2e-06,-8.7e-05,-0.724376
27,0.170308,-0.023644,0.368366,-0.755953,0.277367,-0.592999,-0.498988,-0.830476,0.247574,-0.422867,0.482704,0.766947,0.0,0.0,0.0,-0.0,0.0,0.0,0.520332,-0.19893,-0.056285,0.317376,-0.643909,-0.603297,0.470539,0.749991,-0.619052,0.232857,0.151603,0.503597,0.850453,-3.9e-05,-0.000356,-0.000438,0.0,0.0,0.0,0.535416,0.027418,0.026169,0.001515,0.684599,0.58012,0.441343,-0.714355,0.654389,0.247932,-0.14498,-0.48501,0.862406,-6.4e-05,-0.000597,-0.000731,-3e-06,2.2e-05,1.1e-05,-0.174029,0.087673,0.038837,-0.02118,0.792598,-0.186336,-0.580574,0.388606,0.888099,0.245488,0.469865,-0.420188,0.776317,2e-06,-1e-06,0.0,7.1e-05,2e-06,-8.7e-05,-0.724376
28,0.170297,-0.02365,0.368361,-0.755982,0.277342,-0.592973,-0.498957,-0.830487,0.2476,-0.422851,0.482699,0.766958,-2e-06,-3.3e-05,-2.6e-05,0.0,0.0,0.0,0.520335,-0.198943,-0.05629,0.31737,-0.643874,-0.603312,0.470567,0.750018,-0.619026,0.23284,0.151615,0.503612,0.850442,-1e-06,-1.2e-05,-1.4e-05,0.0,0.0,0.0,0.535551,0.027418,0.026169,0.001515,0.684599,0.58012,0.441343,-0.714355,0.654389,0.247932,-0.14498,-0.48501,0.862406,-6.4e-05,-0.000597,-0.000731,-3e-06,2.2e-05,1.1e-05,-0.174029,0.087673,0.038837,-0.02118,0.792598,-0.186336,-0.580574,0.388606,0.888099,0.245488,0.469865,-0.420188,0.776317,2e-06,-1e-06,0.0,7.1e-05,2e-06,-8.7e-05,-0.724376
29,0.170318,-0.023643,0.368353,-0.75594,0.277377,-0.593011,-0.498989,-0.830485,0.247543,-0.422888,0.482684,0.766948,-0.0,-0.0,-0.0,0.0,0.0,0.0,0.520493,-0.198955,-0.056295,0.317364,-0.64384,-0.603326,0.470594,0.750045,-0.618999,0.232823,0.151626,0.503627,0.850431,-3e-06,-2.6e-05,-3.2e-05,0.0,0.0,0.0,0.535284,0.027418,0.026169,0.001515,0.684599,0.58012,0.441343,-0.714355,0.654389,0.247932,-0.14498,-0.48501,0.862406,-6.4e-05,-0.000597,-0.000731,-3e-06,2.2e-05,1.1e-05,-0.174029,0.087673,0.038837,-0.02118,0.792598,-0.186336,-0.580574,0.388606,0.888099,0.245488,0.469865,-0.420188,0.776317,2e-06,-1e-06,0.0,7.1e-05,2e-06,-8.7e-05,-0.724376
30,0.170307,-0.023657,0.368355,-0.75598,0.277344,-0.592975,-0.498959,-0.830487,0.247598,-0.422853,0.4827,0.766957,-3e-05,-0.000519,-0.000413,0.0,0.0,0.0,0.520046,-0.198967,-0.056295,0.317365,-0.643822,-0.603334,0.470609,0.750059,-0.618985,0.232814,0.151632,0.503634,0.850426,-0.0,-0.0,-0.0,0.0,0.0,0.0,0.535079,0.027418,0.026169,0.001515,0.684599,0.58012,0.441343,-0.714355,0.654389,0.247932,-0.14498,-0.48501,0.862406,-6.4e-05,-0.000597,-0.000731,-3e-06,2.2e-05,1.1e-05,-0.174029,0.087673,0.038837,-0.02118,0.792598,-0.186336,-0.580574,0.388606,0.888099,0.245488,0.469865,-0.420188,0.776317,2e-06,-1e-06,0.0,7.1e-05,2e-06,-8.7e-05,-0.724376
31,0.170296,-0.023657,0.368355,-0.755996,0.277331,-0.592961,-0.498942,-0.830492,0.247612,-0.422844,0.482698,0.766964,-0.0,-6e-06,-5e-06,0.0,0.0,0.0,0.520475,-0.198966,-0.05629,0.317372,-0.643838,-0.603327,0.470596,0.750047,-0.618998,0.232822,0.151627,0.503628,0.85043,8e-06,7e-05,8.6e-05,0.0,0.0,0.0,0.534971,0.027418,0.026169,0.001515,0.684599,0.58012,0.441343,-0.714355,0.654389,0.247932,-0.14498,-0.48501,0.862406,-6.4e-05,-0.000597,-0.000731,-3e-06,2.2e-05,1.1e-05,-0.174029,0.087673,0.038837,-0.02118,0.792598,-0.186336,-0.580574,0.388606,0.888099,0.245488,0.469865,-0.420188,0.776317,2e-06,-1e-06,0.0,7.1e-05,2e-06,-8.7e-05,-0.724376
32,0.170296,-0.023656,0.368343,-0.755999,0.277327,-0.592959,-0.498927,-0.830506,0.247595,-0.422856,0.482675,0.766971,-0.0,-4e-06,-3e-06,0.0,0.0,0.0,0.520154,-0.198966,-0.05629,0.317372,-0.643838,-0.603327,0.470596,0.750047,-0.618998,0.232822,0.151627,0.503628,0.85043,0.0,0.0,0.0,0.0,0.0,0.0,0.535167,0.027418,0.026169,0.001515,0.684599,0.58012,0.441343,-0.714355,0.654389,0.247932,-0.14498,-0.48501,0.862406,-6.4e-05,-0.000597,-0.000731,-3e-06,2.2e-05,1.1e-05,-0.174029,0.087673,0.038837,-0.02118,0.792598,-0.186336,-0.580574,0.388606,0.888099,0.245488,0.469865,-0.420188,0.776317,2e-06,-1e-06,0.0,7.1e-05,2e-06,-8.7e-05,-0.724376
33,0.170317,-0.023642,0.36834,-0.755943,0.277373,-0.593009,-0.498975,-0.830499,0.247526,-0.4229,0.482662,0.766955,6e-06,0.000102,8.1e-05,0.0,0.0,0.0,0.519997,-0.198932,-0.056296,0.317363,-0.643877,-0.603311,0.470565,0.750016,-0.619027,0.232841,0.151614,0.503611,0.850443,-9e-06,-8.2e-05,-0.000101,0.0,0.0,0.0,0.534722,0.027418,0.026169,0.001515,0.684599,0.58012,0.441343,-0.714355,0.654389,0.247932,-0.14498,-0.48501,0.862406,-6.4e-05,-0.000597,-0.000731,-3e-06,2.2e-05,1.1e-05,-0.174029,0.087673,0.038837,-0.02118,0.792598,-0.186336,-0.580574,0.388606,0.888099,0.245488,0.469865,-0.420188,0.776317,2e-06,-1e-06,0.0,7.1e-05,2e-06,-8.7e-05,-0.724376
34,0.170307,-0.023642,0.368341,-0.755959,0.27736,-0.592995,-0.498958,-0.830504,0.247539,-0.422892,0.48266,0.766961,0.0,1e-06,1e-06,0.0,0.0,0.0,0.520157,-0.198909,-0.056302,0.317354,-0.643897,-0.603302,0.470548,0.75,-0.619043,0.232852,0.151607,0.503602,0.85045,-1.3e-05,-0.000115,-0.000141,0.0,0.0,0.0,0.534766,0.027418,0.026169,0.001515,0.684599,0.58012,0.441343,-0.714355,0.654389,0.247932,-0.14498,-0.48501,0.862406,-6.4e-05,-0.000597,-0.000731,-3e-06,2.2e-05,1.1e-05,-0.174029,0.087673,0.038837,-0.02118,0.792598,-0.186336,-0.580574,0.388606,0.888099,0.245488,0.469865,-0.420188,0.776317,2e-06,-1e-06,0.0,7.1e-05,2e-06,-8.7e-05,-0.724376
35,0.170296,-0.023642,0.368341,-0.755975,0.277347,-0.592981,-0.498942,-0.83051,0.247553,-0.422883,0.482657,0.766968,0.0,0.0,0.0,0.0,0.0,0.0,0.520217,-0.198885,-0.056302,0.317352,-0.643934,-0.603286,0.470518,0.749971,-0.619071,0.23287,0.151594,0.503586,0.850461,4.6e-05,0.000416,0.000511,0.0,0.0,0.0,0.533137,0.027418,0.026169,0.001515,0.684599,0.58012,0.441343,-0.714355,0.654389,0.247932,-0.14498,-0.48501,0.862406,-6.4e-05,-0.000597,-0.000731,-3e-06,2.2e-05,1.1e-05,-0.174029,0.087673,0.038837,-0.02118,0.792598,-0.186336,-0.580574,0.388606,0.888099,0.245488,0.469865,-0.420188,0.776317,2e-06,-1e-06,0.0,7.1e-05,2e-06,-8.7e-05,-0.724376
36,0.170285,-0.023634,0.368335,-0.75598,0.277343,-0.592977,-0.498925,-0.830525,0.247538,-0.422894,0.482635,0.766976,1.5e-05,0.000262,0.000209,0.0,0.0,0.0,0.520258,-0.19891,-0.056305,0.317333,-0.643877,-0.603312,0.470563,0.750012,-0.619041,0.232819,0.151632,0.503594,0.85045,-8.2e-05,-0.00075,-0.000922,0.0,0.0,0.0,0.51445,0.027418,0.026169,0.001515,0.684599,0.58012,0.441343,-0.714355,0.654389,0.247932,-0.14498,-0.48501,0.862406,-6.4e-05,-0.000597,-0.000731,-3e-06,2.2e-05,1.1e-05,-0.174029,0.087673,0.038837,-0.02118,0.792598,-0.186336,-0.580574,0.388606,0.888099,0.245488,0.469865,-0.420188,0.776317,2e-06,-1e-06,0.0,7.1e-05,2e-06,-8.7e-05,-0.724376
37,0.170285,-0.023626,0.368328,-0.755969,0.277351,-0.592986,-0.498925,-0.830534,0.247508,-0.422913,0.482615,0.766978,0.0,0.0,0.0,0.0,0.0,0.0,0.513079,-0.199009,-0.056348,0.317286,-0.643714,-0.603382,0.470696,0.750141,-0.618915,0.232738,0.151687,0.503664,0.850399,-0.000215,-0.001954,-0.002402,-0.001798,0.012995,-0.025657,0.484453,0.027418,0.026169,0.001515,0.684599,0.58012,0.441343,-0.714355,0.654389,0.247932,-0.14498,-0.48501,0.862406,-6.4e-05,-0.000597,-0.000731,-3e-06,2.2e-05,1.1e-05,-0.174029,0.087673,0.038837,-0.02118,0.792598,-0.186336,-0.580574,0.388606,0.888099,0.245488,0.469865,-0.420188,0.776317,2e-06,-1e-06,0.0,7.1e-05,2e-06,-8.7e-05,-0.724376
38,0.170274,-0.023633,0.368323,-0.755998,0.277326,-0.59296,-0.498894,-0.830544,0.247534,-0.422897,0.48261,0.766989,-8e-06,-0.000142,-0.000113,0.0,0.0,0.0,0.500004,-0.199049,-0.056373,0.317242,-0.643575,-0.603443,0.470806,0.750247,-0.618821,0.232646,0.151752,0.503706,0.850362,-0.000215,-0.001953,-0.002401,0.0,0.0,0.0,0.459035,0.027418,0.026169,0.001515,0.684599,0.58012,0.441343,-0.714355,0.654389,0.247932,-0.14498,-0.48501,0.862406,-6.4e-05,-0.000597,-0.000731,-3e-06,2.2e-05,1.1e-05,-0.174029,0.087673,0.038837,-0.02118,0.792598,-0.186336,-0.580574,0.388606,0.888099,0.245488,0.469865,-0.420188,0.776317,2e-06,-1e-06,0.0,7.1e-05,2e-06,-8.7e-05,-0.724376
39,0.170273,-0.023617,0.368296,-0.75598,0.277339,-0.592978,-0.498878,-0.830576,0.247458,-0.422948,0.482548,0.767,-7e-06,-0.00012,-9.6e-05,0.0,0.0,0.0,0.452023,-0.199117,-0.056426,0.317131,-0.643515,-0.603471,0.470852,0.750282,-0.618814,0.232549,0.15183,0.503681,0.850363,-0.000271,-0.002454,-0.00302,-0.001798,0.012997,-0.025656,0.38116,0.027418,0.026169,0.001515,0.684599,0.58012,0.441343,-0.714355,0.654389,0.247932,-0.14498,-0.48501,0.862406,-6.4e-05,-0.000597,-0.000731,-3e-06,2.2e-05,1.1e-05,-0.174029,0.087673,0.038837,-0.02118,0.792598,-0.186336,-0.580574,0.388606,0.888099,0.245488,0.469865,-0.420188,0.776317,2e-06,-1e-06,0.0,7.1e-05,2e-06,-8.7e-05,-0.724376
40,0.170303,-0.02363,0.368259,-0.755966,0.277348,-0.592992,-0.498869,-0.830597,0.247408,-0.422984,0.482507,0.767006,-0.00011,-0.001908,-0.00152,-3.277357,1.379112,4.211813,0.335311,-0.199223,-0.05642,0.316996,-0.643282,-0.60358,0.471032,0.750433,-0.618752,0.23223,0.152079,0.503627,0.85035,-0.000184,-0.001656,-0.00204,0.0,0.0,0.0,0.20406,0.027418,0.026169,0.001515,0.684599,0.58012,0.441343,-0.714355,0.654389,0.247932,-0.14498,-0.48501,0.862406,-6.4e-05,-0.000597,-0.000731,-3e-06,2.2e-05,1.1e-05,-0.174029,0.087673,0.038837,-0.02118,0.792598,-0.186336,-0.580574,0.388606,0.888099,0.245488,0.469865,-0.420188,0.776317,2e-06,-1e-06,0.0,7.1e-05,2e-06,-8.7e-05,-0.724376
41,0.170334,-0.023659,0.368248,-0.757599,0.272862,-0.592988,-0.493948,-0.833525,0.247432,-0.425819,0.480016,0.767001,0.000151,-0.011121,0.008615,-0.009416,-0.00044,-0.053611,0.227273,-0.19931,-0.056381,0.316934,-0.643186,-0.603626,0.471103,0.750481,-0.61877,0.232025,0.152244,0.503549,0.850367,-6.9e-05,-0.00062,-0.000764,0.0,0.0,0.0,0.134364,0.027418,0.026169,0.001515,0.684599,0.58012,0.441343,-0.714355,0.654389,0.247932,-0.14498,-0.48501,0.862406,-6.4e-05,-0.000597,-0.000731,-3e-06,2.2e-05,1.1e-05,-0.174029,0.087673,0.038837,-0.02118,0.792598,-0.186336,-0.580574,0.388606,0.888099,0.245488,0.469865,-0.420188,0.776317,2e-06,-1e-06,0.0,7.1e-05,2e-06,-8.7e-05,-0.724376
42,0.170408,-0.023639,0.368248,-0.757545,0.272904,-0.593038,-0.493991,-0.833519,0.247366,-0.425864,0.480003,0.766984,9.7e-05,0.001683,0.001341,0.0,-0.0,-0.0,-0.055493,-0.199369,-0.056228,0.316912,-0.643277,-0.603596,0.471018,0.75036,-0.619011,0.231778,0.152461,0.503289,0.850482,0.000279,0.002502,0.003081,0.001798,-0.013017,0.025646,0.032313,0.027418,0.026169,0.001515,0.684599,0.58012,0.441343,-0.714355,0.654389,0.247932,-0.14498,-0.48501,0.862406,-6.4e-05,-0.000597,-0.000731,-3e-06,2.2e-05,1.1e-05,-0.174029,0.087673,0.038837,-0.02118,0.792598,-0.186336,-0.580574,0.388606,0.888099,0.245488,0.469865,-0.420188,0.776317,2e-06,-1e-06,0.0,7.1e-05,2e-06,-8.7e-05,-0.724376
43,0.170412,-0.02357,0.368291,-0.757506,0.272937,-0.593072,-0.494022,-0.833517,0.247312,-0.425898,0.479987,0.766975,0.000211,0.003673,0.002926,0.00089,-0.012108,0.026137,-0.197093,-0.199366,-0.056144,0.316933,-0.643352,-0.603567,0.470953,0.750281,-0.619133,0.231702,0.152531,0.503172,0.850538,0.000294,0.00264,0.003249,0.001797,-0.01302,0.025644,-0.046927,0.027418,0.026169,0.001515,0.684599,0.58012,0.441343,-0.714355,0.654389,0.247932,-0.14498,-0.48501,0.862406,-6.4e-05,-0.000597,-0.000731,-3e-06,2.2e-05,1.1e-05,-0.174029,0.087673,0.038837,-0.02118,0.792598,-0.186336,-0.580574,0.388606,0.888099,0.245488,0.469865,-0.420188,0.776317,2e-06,-1e-06,0.0,7.1e-05,2e-06,-8.7e-05,-0.724376
44,0.170412,-0.02357,0.368291,-0.757506,0.272937,-0.593072,-0.494022,-0.833517,0.247312,-0.425898,0.479987,0.766975,0.000211,0.003673,0.002926,0.00089,-0.012108,0.026137,-0.197093,-0.199366,-0.056144,0.316933,-0.643352,-0.603567,0.470953,0.750281,-0.619133,0.231702,0.152531,0.503172,0.850538,0.000294,0.00264,0.003249,0.001797,-0.01302,0.025644,-0.046927,0.027418,0.026169,0.001515,0.684599,0.58012,0.441343,-0.714355,0.654389,0.247932,-0.14498,-0.48501,0.862406,-6.4e-05,-0.000597,-0.000731,-3e-06,2.2e-05,1.1e-05,-0.174029,0.087673,0.038837,-0.02118,0.792598,-0.186336,-0.580574,0.388606,0.888099,0.245488,0.469865,-0.420188,0.776317,2e-06,-1e-06,0.0,7.1e-05,2e-06,-8.7e-05,-0.724376
45,0.170416,-0.02339,0.368302,-0.758922,0.272476,-0.591473,-0.493453,-0.833296,0.249185,-0.424036,0.480633,0.767602,-0.000271,0.009046,-0.010266,0.035746,-0.010548,0.019554,-1.007105,-0.199403,-0.056041,0.317046,-0.644732,-0.603594,0.469028,0.749597,-0.619149,0.233866,0.150036,0.503122,0.851012,-0.015712,0.000333,0.001345,-0.002045,0.015205,-0.029245,-0.437927,0.027328,0.026175,0.001385,0.684767,0.58,0.44124,-0.71418,0.654591,0.2479,-0.14505,-0.484879,0.862468,-0.007853,0.000181,0.000691,-0.002282,0.014474,-0.028759,-0.186766,0.087673,0.038837,-0.02118,0.792598,-0.186336,-0.580574,0.388606,0.888099,0.245488,0.469865,-0.420188,0.776317,2e-06,-1e-06,0.0,7.1e-05,2e-06,-8.7e-05,-0.724376
46,0.170474,-0.023206,0.368081,-0.758865,0.272496,-0.591536,-0.493185,-0.833635,0.248583,-0.424448,0.480034,0.767749,-0.000177,0.010686,-0.008959,0.035745,-0.010559,0.019549,-1.917129,-0.199508,-0.056374,0.316376,-0.65792,-0.607517,0.445034,0.743992,-0.615518,0.259899,0.116849,0.502859,0.856354,-0.001321,-0.011796,-0.014576,-1.633436,-1.824939,1.537087,-1.39004,0.027272,0.026025,0.001078,0.696133,0.583132,0.418753,-0.708788,0.650953,0.271806,-0.11409,-0.486021,0.866467,0.007159,-0.00653,-0.008532,-0.022951,-0.115378,0.183948,-0.608055,0.087678,0.038854,-0.021182,0.792539,-0.186345,-0.580651,0.388562,0.888165,0.245319,0.47,-0.420044,0.776313,1.9e-05,0.000611,0.000136,0.006125,-0.079123,0.177604,-0.724703
47,0.170467,-0.022892,0.367781,-0.762514,0.255991,-0.594212,-0.474548,-0.845546,0.244599,-0.438874,0.468169,0.766964,-0.000421,0.020219,-0.01883,0.098094,-0.032116,0.004737,-1.919807,-0.199574,-0.056332,0.315671,-0.679991,-0.597632,0.424782,0.726159,-0.628659,0.278237,0.101604,0.49841,0.860888,-0.001624,0.016416,-0.02365,0.084018,-0.113586,0.213772,-1.406378,0.027236,0.026016,0.000697,0.718327,0.571978,0.396038,-0.689045,0.6635,0.291517,-0.09603,-0.482293,0.87073,-0.000546,0.002758,-0.00758,0.0539,-0.08067,0.163417,-0.897406,0.087675,0.039017,-0.021336,0.79428,-0.169498,-0.583428,0.36863,0.897784,0.241027,0.482939,-0.406512,0.775575,0.006936,0.004913,-0.005118,0.12511,-0.060744,-0.067791,-0.78708
48,0.170473,-0.022625,0.367534,-0.763497,0.247969,-0.596346,-0.465151,-0.851695,0.241293,-0.447127,0.461304,0.766357,-0.000206,0.010187,-0.009351,1.506325,-1.655161,1.681501,-1.9203,-0.199736,-0.056045,0.315358,-0.686006,-0.592402,0.422431,0.720093,-0.635496,0.27847,0.10434,0.495967,0.861971,-0.016494,0.00903,-0.009876,0.044949,-0.073156,0.139834,-1.406878,0.02716,0.026162,0.000535,0.724015,0.566433,0.393642,-0.682677,0.67012,0.291357,-0.098753,-0.479678,0.871869,-0.00842,0.010582,-0.008411,0.084525,-0.095716,0.181914,-0.983297,0.087672,0.039148,-0.021456,0.795884,-0.160427,-0.583806,0.357868,0.902433,0.239885,0.488362,-0.399846,0.775644,-9.5e-05,0.005132,-0.004703,0.035324,-0.010219,0.019352,-0.832801
49,0.170633,-0.022206,0.367117,-0.765578,0.23962,-0.597091,-0.455216,-0.857569,0.239427,-0.453728,0.454803,0.766363,-0.000257,0.009322,-0.010035,0.035742,-0.01062,0.019521,-1.919971,-0.200146,-0.055403,0.314857,-0.691398,-0.585831,0.422802,0.71426,-0.641826,0.278974,0.108792,0.49561,0.861625,-0.016826,0.021332,-0.016635,-0.168267,0.379832,0.223353,-1.406296,0.026956,0.026483,0.000293,0.728655,0.561244,0.392511,-0.677156,0.676211,0.290166,-0.102566,-0.477223,0.872776,-0.000249,0.005397,-0.004306,-0.256363,0.535651,0.098266,-0.968438,0.087758,0.039367,-0.021672,0.795448,-0.152816,-0.586437,0.347971,0.907437,0.235527,0.496163,-0.391413,0.774995,-0.00013,0.004534,-0.005139,0.035131,-0.010255,0.019936,-0.923754
50,0.170854,-0.022061,0.366781,-0.767893,0.230953,-0.597533,-0.445124,-0.863157,0.238323,-0.459773,0.448691,0.766364,-0.000193,-0.003436,-0.002738,0.089162,-0.035562,-0.114354,-1.918025,-0.200639,-0.055033,0.314552,-0.704781,-0.566217,0.427404,0.69869,-0.658027,0.280652,0.12321,0.497134,0.858801,-0.00062,0.009845,-0.009798,-0.018436,0.148617,-0.119998,-1.404026,0.026704,0.026676,0.000142,0.741886,0.53924,0.398528,-0.660113,0.6917,0.292917,-0.117709,-0.480385,0.869122,-0.007905,-0.000289,0.000105,-0.023552,0.066959,0.013119,-0.971377,0.087868,0.039447,-0.021841,0.796702,-0.144061,-0.58695,0.337431,0.911741,0.234237,0.501402,-0.384673,0.774997,-0.000216,0.003008,-0.006343,0.33502,-0.118085,-0.390878,-1.000827
51,0.17098,-0.022144,0.366566,-0.777191,0.20271,-0.595759,-0.413399,-0.878231,0.240383,-0.473524,0.432853,0.767099,-0.000228,-0.004093,-0.003267,0.00712,0.009028,-0.036372,-1.636341,-0.200879,-0.054936,0.314504,-0.727425,-0.534718,0.430025,0.671723,-0.682559,0.287811,0.140524,0.498891,0.855116,0.000327,0.002812,0.00349,0.69737,0.496134,1.464092,-0.603652,0.026583,0.026721,0.000105,0.76231,0.507983,0.401043,-0.633086,0.714014,0.298972,-0.134478,-0.481804,0.865898,0.000331,-0.004039,0.005966,2.357835,1.600076,4.735343,-0.827518,0.087931,0.039403,-0.02195,0.802613,-0.114716,-0.585364,0.303924,0.923046,0.235829,0.513265,-0.367186,0.775714,0.006953,-0.001752,-0.001596,0.027821,-0.026242,-0.00273,-1.020912
52,0.17099,-0.022203,0.366572,-0.78134,0.192416,-0.593742,-0.402092,-0.882756,0.24297,-0.476411,0.428337,0.767846,-3e-05,-0.000546,-0.000436,0.0,-0.0,-0.0,-0.982766,-0.20087,-0.054894,0.314606,-0.736142,-0.521862,0.430983,0.661142,-0.690401,0.29355,0.145275,0.501693,0.85268,0.000456,0.003927,0.004869,-0.095206,0.143966,0.113508,-0.260227,0.026588,0.026744,0.000159,0.771298,0.493703,0.401691,-0.620854,0.722563,0.304042,-0.140141,-0.483898,0.86383,0.000248,0.002092,0.002599,-0.085295,0.139587,0.110719,-0.739504,0.087936,0.039366,-0.021953,0.805517,-0.103945,-0.583384,0.292094,0.92623,0.238281,0.515581,-0.362343,0.776455,-4e-06,-0.000122,-0.0001,0.000793,-0.001725,0.003556,-0.905792
53,0.170943,-0.022321,0.366754,-0.790369,0.183504,-0.584542,-0.393632,-0.88321,0.254882,-0.468522,0.431312,0.771027,0.000275,-0.009048,0.010254,-1.507085,1.656942,-1.679066,-0.175972,-0.200731,-0.054895,0.314861,-0.740149,-0.513468,0.43419,0.655703,-0.693944,0.297369,0.149535,0.505444,0.849722,0.015957,0.001766,0.001277,-0.019409,0.019569,0.048687,0.114781,0.026652,0.026749,0.000295,0.775105,0.484905,0.405065,-0.615007,0.725984,0.307754,-0.144839,-0.48766,0.860934,0.000407,-0.004071,0.005953,-0.03026,0.018986,-0.001101,-0.613444,0.087912,0.039312,-0.021865,0.811921,-0.094985,-0.575986,0.284178,0.926182,0.247847,0.509927,-0.364915,0.77898,5.1e-05,0.000946,0.000754,0.003042,-0.004057,0.005439,-0.621666
54,0.170966,-0.02243,0.366863,-0.792163,0.182411,-0.582451,-0.392817,-0.882756,0.2577,-0.466174,0.432705,0.77167,0.0,4e-06,3e-06,-0.0,0.0,-0.0,0.133805,-0.200489,-0.055199,0.315132,-0.739512,-0.513811,0.43487,0.656504,-0.69294,0.297944,0.149172,0.506474,0.849173,0.016264,-0.010835,0.007655,-0.034364,-0.003997,0.011344,0.351961,0.026774,0.026603,0.000429,0.774525,0.485478,0.405488,-0.615819,0.725164,0.308062,-0.144488,-0.48831,0.860625,0.000254,-0.005374,0.004338,-0.036336,0.009237,-0.020294,-0.458645,0.087925,0.039258,-0.021803,0.814928,-0.092713,-0.572097,0.282803,0.925237,0.252899,0.505879,-0.367885,0.780221,0.007039,-0.000146,-0.000309,0.000975,-0.015136,0.03099,-0.324967
55,0.170968,-0.022439,0.366895,-0.792168,0.182409,-0.582446,-0.39285,-0.882722,0.257764,-0.466138,0.432774,0.771653,2.8e-05,0.000494,0.000394,-0.0,0.0,-0.0,0.267958,-0.20034,-0.055345,0.315255,-0.73943,-0.513843,0.43497,0.656657,-0.692629,0.29833,0.148898,0.506867,0.848986,0.000639,-0.009693,0.009983,-0.036405,0.011181,-0.017916,0.460052,0.026854,0.026523,0.00049,0.774431,0.485553,0.405577,-0.616006,0.724831,0.308474,-0.144194,-0.48873,0.860435,0.000317,-0.004827,0.005011,-0.037134,0.010378,-0.01979,-0.305478,0.087925,0.039253,-0.021788,0.814926,-0.092728,-0.572097,0.282857,0.925204,0.252957,0.505851,-0.367963,0.780203,1.6e-05,0.000314,0.000249,-0.000409,0.000131,0.000733,-0.174087
56,0.170857,-0.022326,0.366988,-0.793567,0.181744,-0.580746,-0.392331,-0.882329,0.25989,-0.464193,0.433854,0.772219,0.000235,0.004187,0.003337,0.000788,-0.012119,0.025973,0.479748,-0.200178,-0.05554,0.315384,-0.738991,-0.514084,0.435433,0.657191,-0.691996,0.298622,0.14872,0.507489,0.848646,-0.000154,-0.001353,-0.001674,-0.0,0.0,0.0,0.536366,0.026935,0.026429,0.000559,0.773984,0.485872,0.406048,-0.616607,0.724185,0.30879,-0.144022,-0.489371,0.8601,-9.8e-05,-0.000838,-0.001039,-0.014762,0.103177,-0.203513,-0.006983,0.08787,0.039303,-0.021746,0.816253,-0.091875,-0.57034,0.282361,0.924757,0.255139,0.503986,-0.3693,0.780778,9.9e-05,0.001785,0.001424,0.002844,-0.003455,0.00394,0.135512
57,0.170735,-0.022233,0.36704,-0.794935,0.18111,-0.57907,-0.391818,-0.881949,0.261948,-0.462285,0.434892,0.77278,1.3e-05,0.000228,0.000181,-0.0,0.0,-0.0,0.518883,-0.200238,-0.055657,0.315408,-0.73803,-0.51464,0.436404,0.658209,-0.691144,0.298354,0.148991,0.508087,0.84824,-8.1e-05,-0.000713,-0.000883,-0.0,0.0,0.0,0.536964,0.026905,0.026368,0.000567,0.773057,0.486518,0.40704,-0.617703,0.723346,0.308565,-0.144309,-0.489968,0.859712,-5.1e-05,-0.000437,-0.00054,-0.000415,-0.000306,-0.00086,0.304739,0.087809,0.03936,-0.021712,0.81748,-0.091116,-0.568702,0.281916,0.924337,0.257144,0.502243,-0.370537,0.781315,-0.0,1.9e-05,1.6e-05,0.000272,-0.000456,0.000864,0.447234
58,0.170723,-0.022268,0.367026,-0.794841,0.181216,-0.579166,-0.391951,-0.881911,0.261875,-0.462333,0.434923,0.772734,-0.000105,-0.001866,-0.001487,-0.0,0.0,-0.0,0.520057,-0.200285,-0.055683,0.315412,-0.737723,-0.514818,0.436714,0.658529,-0.690887,0.298241,0.149098,0.508256,0.84812,-0.015778,-0.000101,0.000793,-0.002045,0.015205,-0.029245,0.536736,0.026887,0.026354,0.000567,0.772774,0.486717,0.40734,-0.618033,0.723103,0.308473,-0.14441,-0.49013,0.859603,-2.4e-05,-0.000194,-0.00024,-0.000344,-0.000255,-0.00071,0.460518,0.087803,0.039344,-0.021718,0.817397,-0.091241,-0.568802,0.282061,0.924314,0.257067,0.502297,-0.370563,0.781268,-6.4e-05,-0.001119,-0.000891,-0.000134,1.1e-05,0.000325,0.521041
59,0.170725,-0.022419,0.366905,-0.794843,0.181214,-0.579164,-0.391948,-0.881912,0.261877,-0.462332,0.434923,0.772734,-0.000251,-0.004441,-0.003543,0.0,0.0,0.0,0.520154,-0.200289,-0.055702,0.315371,-0.737273,-0.515083,0.437161,0.658984,-0.690563,0.297987,0.149316,0.508429,0.847979,-7.2e-05,-0.000629,-0.000779,-0.0,0.0,0.0,0.535905,0.02688,0.026345,0.000549,0.772322,0.487037,0.407813,-0.618545,0.722769,0.30823,-0.144635,-0.490304,0.859465,-5.3e-05,-0.000459,-0.00057,-0.000236,-0.000176,-0.000477,0.520119,0.087804,0.039271,-0.021776,0.817387,-0.091262,-0.568813,0.282083,0.92431,0.257056,0.502301,-0.370567,0.781263,-0.000137,-0.00246,-0.001961,-0.000134,6.5e-05,0.000182,0.521858
