frame,MLTx,MLTy,MLTz,MLTR1,MLTR2,MLTR3,MLTR4,MLTR5,MLTR6,MLTR7,MLTR8,MLTR9,MLTTVx,MLTTVy,MLTTVz,MLTRVx,MLTRVy,MLTRVz,MLGA,MRTx,MRTy,MRTz,MRTR1,MRTR2,MRTR3,MRTR4,MRTR5,MRTR6,MRTR7,MRTR8,MRTR9,MRTTVx,MRTTVy,MRTTVz,MRTRVx,MRTRVy,MRTRVz,MRGA,SLTx,SLTy,SLTz,SLTR1,SLTR2,SLTR3,SLTR4,SLTR5,SLTR6,SLTR7,SLTR8,SLTR9,SLTTVx,SLTTVy,SLTTVz,SLTRVx,SLTRVy,SLTRVz,SLGA,SRTx,SRTy,SRTz,SRTR1,SRTR2,SRTR3,SRTR4,SRTR5,SRTR6,SRTR7,SRTR8,SRTR9,SRTTVx,SRTTVy,SRTTVz,SRTRVx,SRTRVy,SRTRVz,SRGA
1,0.062894,0.020261,0.366346,-0.554471,0.046843,-0.830911,-0.509816,-0.808261,0.294572,-0.657111,0.586882,0.473077,0.028852,0.065148,-0.100741,-1.084561,0.915188,-3.454864,0.450028,-0.144995,0.04606,0.3362,0.304166,-0.695986,0.650444,0.231738,0.716242,0.658201,-0.924334,-0.0486,0.378295,-0.019439,0.059119,-0.035338,0.185205,-0.04209,0.083656,-1.4013,0.022255,0.041417,-0.012769,-0.298862,0.671217,0.678342,-0.215255,-0.739926,0.637317,0.929702,0.044454,0.365618,-0.015301,0.023546,-0.013507,0.155017,-0.042026,0.076428,-0.818863,0.068663,0.034501,-0.057525,-0.540972,0.036297,-0.840256,-0.409694,-0.883889,0.225587,-0.734506,0.466284,0.49303,0.008069,0.034226,-0.049366,-0.682476,0.953885,-2.76052,0.407718
2,0.063612,0.022576,0.362478,-0.580759,0.00114,-0.814102,-0.497083,-0.792444,0.353431,-0.644011,0.60993,0.461803,0.012957,0.060941,-0.104131,-0.213056,-0.699091,-1.243155,0.471682,-0.145685,0.048422,0.335095,0.288625,-0.710023,0.642304,0.26333,0.703749,0.659794,-0.920831,-0.020408,0.389252,-0.006406,0.057393,-0.021906,0.470251,0.256443,0.314452,-1.402046,0.021903,0.042613,-0.01334,-0.283768,0.68552,0.670475,-0.246888,-0.727877,0.639718,0.926564,0.015999,0.375795,-0.003215,0.028945,-0.010756,0.465529,0.262107,0.317463,-0.817394,0.069028,0.035661,-0.059457,-0.563509,-0.015277,-0.825967,-0.399423,-0.870156,0.288597,-0.72313,0.492538,0.484239,0.005778,0.024942,-0.047881,-0.354619,-0.739911,-1.447618,0.433681
3,0.063972,0.024626,0.358294,-0.600728,-0.029757,-0.798928,-0.504087,-0.761545,0.40733,-0.619799,0.647457,0.443481,-0.005216,0.043789,-0.10089,-1.618426,0.07394,-0.711727,0.495568,-0.145798,0.050205,0.334475,0.251441,-0.733399,0.63158,0.293306,0.679495,0.672452,-0.922626,0.01708,0.385139,0.00893,0.032271,-0.009505,-0.370976,0.483682,0.470679,-1.401993,0.021843,0.043506,-0.013637,-0.248794,0.70869,0.660196,-0.277822,-0.705203,0.652305,0.927855,-0.021127,0.37234,0.004404,0.016834,-0.004244,0.070336,0.062693,0.403769,-0.83013,0.069212,0.036676,-0.061506,-0.578306,-0.051855,-0.814169,-0.407054,-0.846537,0.343048,-0.707014,0.529797,0.46845,0.003806,0.019983,-0.051655,-0.167088,-0.223134,-1.407904,0.465522
4,0.063984,0.025358,0.3563,-0.611878,-0.027427,-0.790505,-0.521265,-0.737705,0.429005,-0.594171,0.674593,0.438078,-0.007433,0.038255,-0.10528,-1.466969,0.596403,-0.700721,0.508668,-0.145526,0.050712,0.334324,0.237296,-0.746844,0.621213,0.307237,0.664248,0.681406,-0.92182,0.030097,0.386271,0.022858,0.019131,-0.004299,0.086499,-0.383946,1.120818,-1.401983,0.021973,0.043768,-0.013711,-0.232522,0.722978,0.650566,-0.289986,-0.690011,0.663168,0.928354,-0.034454,0.370097,0.011456,0.008902,-0.002561,0.485485,-1.083197,2.661334,-0.834049,0.069223,0.037065,-0.062542,-0.589867,-0.051125,-0.80588,-0.430455,-0.824464,0.367377,-0.683202,0.563599,0.464317,0.002627,0.017076,-0.053931,-4.711123,1.992534,1.16587,0.482994
5,0.063742,0.026244,0.352024,-0.632781,-0.002654,-0.774355,-0.563887,-0.683792,0.463067,-0.529946,0.729671,0.432163,-0.002021,0.009262,-0.111179,-4.286233,2.698787,1.758062,0.521149,-0.144136,0.051163,0.334115,0.216519,-0.763683,0.608194,0.323644,0.643786,0.693346,-0.921293,0.047669,0.385758,0.049583,0.002694,-0.002536,0.912753,1.092311,1.012985,-1.401868,0.022639,0.044004,-0.013811,-0.217217,0.739327,0.637347,-0.303351,-0.671735,0.675831,0.927789,-0.046538,0.370188,0.01863,0.000655,-0.001208,-0.178923,0.025627,0.397222,-0.837152,0.069102,0.037524,-0.064673,-0.613588,-0.034246,-0.788882,-0.476767,-0.780326,0.404701,-0.629445,0.624434,0.462472,-0.006681,0.011604,-0.058836,-0.192004,0.342948,-0.435229,0.51157
6,0.063275,0.02627,0.347576,-0.638948,0.028221,-0.768761,-0.601669,-0.641048,0.47647,-0.478578,0.766943,0.427538,-0.006405,-0.001356,-0.121019,-0.286719,0.036545,-0.161378,0.522377,-0.142203,0.050853,0.333807,0.195525,-0.77497,0.600984,0.337737,0.62843,0.700673,-0.920902,0.066943,0.383824,0.051315,-0.012746,-0.01346,-0.207217,0.096601,0.421104,-1.402176,0.023622,0.043869,-0.013952,-0.192612,0.752168,0.630193,-0.321749,-0.655124,0.683585,0.927026,-0.071097,0.368194,0.025713,-0.006941,-0.007148,-0.364905,0.365118,0.346326,-0.838458,0.068866,0.037536,-0.066942,-0.624868,2.9e-05,-0.78073,-0.523916,-0.741419,0.419295,-0.578837,0.671041,0.463304,-0.003381,-0.001323,-0.061016,-0.309812,0.001149,-0.162946,0.520388
7,0.062475,0.025671,0.343207,-0.636048,0.071604,-0.768349,-0.643407,-0.598935,0.476735,-0.42527,0.797498,0.427984,-0.022716,-0.01272,-0.11558,0.1894,0.120061,-0.298834,0.521934,-0.140058,0.050125,0.333102,0.146595,-0.792175,0.592418,0.359937,0.600445,0.714035,-0.921518,0.109548,0.372381,0.052465,-0.020498,-0.019157,-0.202693,0.827887,0.620807,-1.402241,0.024671,0.043507,-0.014301,-0.146266,0.76954,0.62162,-0.343354,-0.628806,0.697645,0.927746,-0.111394,0.356198,0.025705,-0.005324,-0.014129,3.177001,4.065477,2.252151,-0.846459,0.068471,0.037233,-0.069091,-0.627198,0.043278,-0.777655,-0.57099,-0.704608,0.421304,-0.529709,0.708275,0.46664,-0.012279,-0.012405,-0.054106,0.146143,0.186425,-0.317944,0.521694
8,0.061913,0.025259,0.341128,-0.637469,0.092772,-0.7649,-0.65958,-0.578866,0.479417,-0.397511,0.81001,0.431156,-0.036773,-0.018439,-0.104651,0.051684,0.224106,-0.281994,0.520798,-0.138989,0.049829,0.332677,0.102536,-0.800852,0.590013,0.376917,0.580081,0.722062,-0.920627,0.149348,0.360562,0.0651,-0.019705,-0.019876,-0.008035,3.417908,-1.041064,-1.402223,0.025226,0.043346,-0.014525,-0.103476,0.780539,0.616481,-0.361242,-0.606977,0.707871,0.926712,-0.149451,0.344771,0.026478,-0.010682,-0.01024,3.15689,4.610071,2.720916,-0.845806,0.068178,0.037014,-0.07018,-0.631542,0.063887,-0.772704,-0.589372,-0.687099,0.424893,-0.503779,0.723748,0.471586,-0.018377,-0.009375,-0.05244,0.055179,0.224246,-0.27992,0.521204
9,0.060515,0.024509,0.337371,-0.63854,0.12073,-0.76009,-0.679277,-0.552691,0.482792,-0.361019,0.824443,0.435875,-0.034457,-0.018882,-0.089035,-1.127233,0.853259,0.554971,0.516149,-0.136733,0.049427,0.331839,0.006911,-0.802149,0.597076,0.401208,0.549038,0.73316,-0.915908,0.235483,0.324844,0.050953,-0.004949,-0.024027,-0.309699,0.591829,0.207078,-1.402133,0.02636,0.043128,-0.014951,-0.00306,0.78159,0.623784,-0.384055,-0.576867,0.720919,0.923304,-0.237362,0.301938,0.031615,-0.001158,-0.011658,-0.218335,1.07936,0.019712,-0.84646,0.067485,0.036629,-0.07204,-0.636145,0.090088,-0.766291,-0.611307,-0.664818,0.429325,-0.470768,0.741552,0.477992,-0.016926,-0.009054,-0.044049,-4.075064,2.715213,2.232988,0.516143
10,0.059335,0.023684,0.334501,-0.633753,0.147007,-0.759468,-0.701739,-0.522398,0.484391,-0.324753,0.839749,0.435182,-0.016824,-0.018234,-0.070725,-0.032442,-0.193486,-0.004687,0.51648,-0.134691,0.049792,0.330532,-0.058757,-0.792575,0.60693,0.42798,0.529159,0.732638,-0.901737,0.303786,0.307323,0.046753,0.027857,-0.047643,0.115037,0.104784,-0.022215,-1.402074,0.027381,0.043304,-0.015591,0.063329,0.772124,0.632307,-0.411326,-0.557069,0.721446,0.909285,-0.305773,0.282317,0.017928,0.007477,-0.020027,0.176527,-0.011303,0.055388,-0.847276,0.066885,0.036206,-0.073491,-0.634784,0.118099,-0.76361,-0.638489,-0.636753,0.432292,-0.435179,0.761969,0.479605,-0.015582,-0.012428,-0.029791,-0.193224,-0.168589,-0.03818,0.51353
11,0.059006,0.023175,0.333414,-0.621447,0.163164,-0.766307,-0.723328,-0.495331,0.481057,-0.300318,0.85304,0.426802,-0.015178,-0.021412,-0.055875,-0.480704,-0.232697,0.323454,0.516523,-0.133897,0.050166,0.329658,-0.081476,-0.782894,0.616789,0.439552,0.527075,0.727269,-0.894345,0.331338,0.300375,0.034668,0.023845,-0.049411,0.131678,0.166595,-0.107956,-1.402725,0.027782,0.043495,-0.016026,0.085937,0.762278,0.641518,-0.42328,-0.554964,0.716134,0.901913,-0.333084,0.274965,0.017375,0.011744,-0.024835,0.196799,0.305733,-0.2543,-0.847602,0.066718,0.035949,-0.074043,-0.624585,0.136039,-0.769016,-0.66298,-0.612783,0.430062,-0.412735,0.778453,0.472926,-0.001547,-0.017554,-0.024558,-1.449906,-0.146288,1.301809,0.513693
12,0.058936,0.022196,0.331755,-0.587106,0.161863,-0.793191,-0.760028,-0.447599,0.471153,-0.278045,0.879263,0.386801,0.016188,-0.024354,-0.038684,-0.395783,-1.188196,0.466284,0.516489,-0.132907,0.050995,0.327536,-0.123876,-0.760678,0.637193,0.45951,0.52505,0.716315,-0.879267,0.382473,0.283669,0.021515,0.027808,-0.061213,0.051976,0.578543,-0.291014,-1.402703,0.028281,0.04391,-0.017081,0.128064,0.739948,0.66036,-0.44371,-0.55274,0.705406,0.886972,-0.383346,0.257536,0.004683,0.01217,-0.031264,0.104439,1.119708,-0.597923,-0.847439,0.066671,0.035459,-0.074881,-0.59024,0.141487,-0.79473,-0.705357,-0.569151,0.422536,-0.392539,0.809967,0.435735,0.001664,-0.009971,-0.01785,-0.549108,-2.454005,1.902964,0.513693
13,0.05987,0.021271,0.330678,-0.550611,0.157511,-0.819794,-0.800824,-0.376918,0.465386,-0.235013,0.912563,0.3347,0.033468,-0.026072,-0.021035,-5.016431,1.518387,1.984607,0.519025,-0.132576,0.052483,0.32504,-0.145564,-0.737267,0.659727,0.4786,0.531021,0.699208,-0.865629,0.418436,0.274701,0.00624,0.046822,-0.061649,-0.257708,1.831532,-2.659497,-1.402277,0.028453,0.04461,-0.01832,0.149933,0.718303,0.679382,-0.462593,-0.55633,0.690292,0.8738,-0.417775,0.248869,-0.003027,0.022352,-0.031022,1.262755,1.517449,0.03595,-0.854298,0.067133,0.034999,-0.075423,-0.553269,0.13959,-0.821222,-0.751914,-0.507966,0.420231,-0.358493,0.84999,0.386002,0.017083,-0.012259,-0.009824,-0.633516,-1.727944,0.75076,0.515326
14,0.061658,0.020446,0.330062,-0.519737,0.149125,-0.841237,-0.83264,-0.308959,0.459593,-0.190731,0.939132,0.285797,0.052156,-0.016989,-0.011582,-5.119125,1.330359,1.900866,0.519484,-0.132969,0.054125,0.322722,-0.166537,-0.71189,0.682254,0.498876,0.535876,0.681097,-0.85024,0.454665,0.265017,-0.018503,0.042723,-0.062072,0.248195,0.589195,-0.58143,-1.402381,0.028267,0.045459,-0.019496,0.171886,0.690213,0.702894,-0.483305,-0.562658,0.670694,0.858411,-0.454996,0.23687,-0.015446,0.020688,-0.030895,0.500967,0.720942,-0.3547,-0.861972,0.068021,0.034584,-0.075734,-0.521238,0.137572,-0.842249,-0.792231,-0.444941,0.417607,-0.3173,0.884929,0.340909,0.026259,-0.008092,-0.005459,-0.498889,-1.255948,0.287397,0.516959
15,0.062725,0.020202,0.329931,-0.503932,0.149796,-0.850681,-0.847248,-0.27738,0.452993,-0.167484,0.948831,0.267759,0.055251,-0.009432,-0.004576,-0.740985,-0.791495,0.612035,0.519873,-0.133424,0.054894,0.321582,-0.176752,-0.695851,0.696089,0.509331,0.540389,0.669699,-0.841928,0.473766,0.258002,-0.031255,0.043672,-0.060018,0.149311,0.490257,-0.624628,-1.402272,0.028045,0.045839,-0.02007,0.182541,0.673771,0.716038,-0.493966,-0.566841,0.659308,0.850103,-0.47405,0.229348,-0.008528,0.01639,-0.026782,0.118505,0.500687,-0.629534,-0.8574,0.068553,0.034458,-0.075804,-0.505187,0.143335,-0.851022,-0.812715,-0.410733,0.413268,-0.290308,0.900417,0.323988,0.027777,-0.004381,-0.001998,-1.865814,-0.439827,0.799264,0.517285
16,0.065212,0.020083,0.330008,-0.47161,0.155239,-0.868061,-0.871073,-0.235255,0.431114,-0.136709,0.959271,0.247258,0.073335,-0.00068,0.004415,-0.038722,-0.520836,0.873206,0.519445,-0.134756,0.056559,0.319517,-0.173468,-0.655963,0.734584,0.522608,0.570784,0.633262,-0.834448,0.494554,0.242849,-0.032402,0.052978,-0.052745,0.356441,0.337428,-1.07531,-1.402077,0.02738,0.046659,-0.021112,0.181283,0.632695,0.752882,-0.506771,-0.595994,0.622875,0.842803,-0.494456,0.212588,-0.021667,0.020402,-0.022379,0.358085,0.527678,-1.783563,-0.860829,0.069764,0.034398,-0.075767,-0.474266,0.15322,-0.866945,-0.840989,-0.370114,0.394654,-0.2604,0.916263,0.304389,0.03692,0.000277,0.002738,-0.409727,-0.182695,0.837671,0.517286
17,0.068183,0.020397,0.330456,-0.440722,0.170714,-0.881287,-0.892873,-0.184601,0.410697,-0.092033,0.967671,0.234884,0.078146,0.012729,0.0164,-1.460721,0.438156,0.801809,0.512033,-0.136268,0.058339,0.31821,-0.191422,-0.605158,0.772743,0.555623,0.582081,0.593631,-0.808782,0.543726,0.22382,-0.043756,0.045606,-0.02505,0.233487,0.633372,-0.824719,-1.402487,0.02663,0.047539,-0.021786,0.198571,0.5808,0.789455,-0.541368,-0.606462,0.582342,0.817,-0.543023,0.194001,-0.021984,0.023805,-0.011729,0.487167,0.836521,-0.690552,-0.861972,0.071275,0.034549,-0.075546,-0.444564,0.172727,-0.878935,-0.868632,-0.322728,0.37593,-0.218724,0.930597,0.29351,0.04592,0.004932,0.007427,-4.875855,1.901935,1.909502,0.514836
18,0.069721,0.02072,0.330771,-0.433185,0.173625,-0.884449,-0.897505,-0.173269,0.405505,-0.082309,0.969243,0.231992,0.080878,0.028006,0.011885,0.036637,-0.264853,0.425995,0.507545,-0.137225,0.059179,0.317888,-0.190879,-0.586036,0.787476,0.565845,0.589726,0.576174,-0.801797,0.556283,0.218025,-0.05536,0.039844,-0.012267,0.348284,0.200875,-1.148802,-1.402475,0.026156,0.047961,-0.021953,0.20099,0.561206,0.8029,-0.550282,-0.613402,0.566504,0.810426,-0.555684,0.185534,-0.021499,0.020715,-0.00611,0.012525,0.614178,-0.778888,-0.863605,0.072045,0.034709,-0.075383,-0.437229,0.177601,-0.881638,-0.875081,-0.310206,0.371488,-0.207514,0.933931,0.291047,0.046582,0.00733,0.009348,0.005924,-0.152976,0.278185,0.509284
19,0.072752,0.021708,0.331591,-0.425375,0.191724,-0.884502,-0.903366,-0.14919,0.40205,-0.054353,0.969815,0.237763,0.08091,0.022794,0.0246,-0.291734,0.337366,0.574761,0.509237,-0.138831,0.060881,0.317789,-0.176896,-0.549211,0.816741,0.580602,0.611724,0.537241,-0.79444,0.569904,0.209611,-0.030601,0.045139,0.005062,-0.00945,1.420202,-3.328588,-1.402706,0.025333,0.048828,-0.022006,0.187324,0.523374,0.831257,-0.565982,-0.63414,0.52681,0.802853,-0.569161,0.177431,-0.015475,0.023271,0.003152,-0.034802,1.442683,-3.292243,-0.867034,0.073593,0.035221,-0.074961,-0.431774,0.195599,-0.880517,-0.883782,-0.286853,0.369654,-0.180275,0.937793,0.296723,0.040569,0.01172,0.012539,-0.237614,0.422404,0.640301,0.504386
20,0.075168,0.022898,0.332743,-0.418028,0.216513,-0.882281,-0.908343,-0.114357,0.402253,-0.013289,0.9693,0.245575,0.055187,0.03303,0.031436,-0.042611,0.222668,0.194321,0.512764,-0.139646,0.062135,0.318599,-0.159716,-0.489749,0.857104,0.603544,0.638521,0.477452,-0.780894,0.594146,0.192503,-0.016032,0.030419,0.024022,0.177171,0.207953,-1.084365,-1.402942,0.02494,0.049446,-0.021614,0.169804,0.462896,0.869995,-0.590429,-0.659041,0.465894,0.789024,-0.592782,0.161399,-0.014207,0.014927,0.012436,0.272708,0.161194,-1.46067,-0.864748,0.074767,0.035794,-0.074407,-0.427601,0.221015,-0.876532,-0.893066,-0.253414,0.371769,-0.139959,0.941771,0.305741,0.02768,0.016738,0.015891,-1.317791,0.857459,0.8141,0.508141
21,0.076055,0.023578,0.333413,-0.41283,0.223368,-0.88302,-0.910816,-0.097856,0.401011,0.003672,0.969543,0.244948,0.04312,0.039954,0.036433,-0.128282,0.047601,0.075849,0.51313,-0.140105,0.062559,0.31918,-0.152099,-0.472772,0.867954,0.618309,0.639492,0.456813,-0.770812,0.606713,0.193939,-0.014812,0.021561,0.032928,5.03342,2.551971,-0.124942,-1.403484,0.024695,0.049679,-0.0213,0.161883,0.44462,0.880968,-0.604314,-0.661096,0.444697,0.780126,-0.604371,0.16167,-0.007512,0.011393,0.016615,5.061529,2.496399,-0.181701,-0.861319,0.07523,0.036142,-0.074064,-0.422899,0.229331,-0.876677,-0.897823,-0.237097,0.371077,-0.122758,0.944029,0.306167,0.021499,0.019833,0.018063,-0.449091,0.077162,0.291835,0.508141
22,0.077315,0.025185,0.335036,-0.388901,0.237895,-0.89006,-0.919815,-0.045598,0.389656,0.05259,0.969936,0.237665,0.030252,0.044806,0.039154,-0.135544,-0.16927,0.395279,0.515682,-0.140339,0.063111,0.320776,-0.13794,-0.441891,0.886395,0.634221,0.647893,0.421819,-0.7605,0.620884,0.18975,0.012372,0.00289,0.04763,0.03024,0.102721,-0.837196,-1.403427,0.024568,0.049956,-0.020529,0.149411,0.413712,0.898063,-0.62176,-0.666908,0.410667,0.768823,-0.619738,0.157586,6.2e-05,0.000805,0.023959,0.1521,-0.094023,-1.04503,-0.853971,0.075861,0.036936,-0.073267,-0.401678,0.247121,-0.881807,-0.91276,-0.186169,0.363604,-0.074311,0.950931,0.300342,0.008656,0.024194,0.020809,-1.528038,-0.921247,2.853705,0.511897
23,0.077712,0.026991,0.336771,-0.354827,0.233434,-0.905346,-0.930945,0.001228,0.365118,0.086778,0.972095,0.218009,0.002881,0.040484,0.050938,-0.15003,-1.601422,2.400931,0.515836,-0.139924,0.063358,0.322544,-0.123054,-0.419516,0.899364,0.647978,0.652341,0.393077,-0.751426,0.631637,0.190412,0.011829,0.006954,0.05029,-0.044034,0.109428,-0.533003,-1.403626,0.024781,0.05008,-0.019633,0.133252,0.390248,0.911015,-0.636607,-0.670804,0.380464,0.759588,-0.630657,0.159049,0.005922,0.003193,0.024951,-0.068441,0.167835,-0.521778,-0.862135,0.076078,0.037859,-0.072382,-0.368583,0.248808,-0.895678,-0.928756,-0.139462,0.343454,-0.039459,0.958459,0.282486,0.002023,0.025614,0.021281,-0.163573,-0.181466,0.24868,0.512387
24,0.077658,0.028848,0.338255,-0.317034,0.21417,-0.923941,-0.939262,0.064167,0.337107,0.131873,0.974435,0.181971,-0.010542,0.056616,0.028535,-5.270612,0.803798,1.867676,0.505164,-0.138903,0.063561,0.3248,-0.098997,-0.395857,0.912956,0.662984,0.657841,0.357256,-0.741865,0.641111,0.196154,0.03662,0.005021,0.061607,0.051462,1.059105,-3.003719,-1.403617,0.025283,0.050181,-0.018509,0.113119,0.368183,0.922845,-0.650761,-0.674406,0.348832,0.750808,-0.640012,0.163311,0.018238,0.002897,0.031081,0.052193,-0.271679,-0.517937,-0.866708,0.07606,0.038795,-0.071621,-0.327602,0.233537,-0.915498,-0.944815,-0.081449,0.317316,-0.000461,0.96893,0.247332,0.000531,0.021202,0.017291,-0.343779,-2.206233,2.444095,0.506508
25,0.077446,0.029794,0.338872,-0.306088,0.204704,-0.929759,-0.938731,0.09765,0.330484,0.158817,0.973701,0.163433,-0.011038,0.054922,0.026895,-5.306872,1.010936,1.206733,0.503304,-0.138184,0.063675,0.326043,-0.081354,-0.380813,0.921061,0.667047,0.665753,0.334298,-0.74039,0.642038,0.19868,0.036205,0.007411,0.063065,-0.016782,1.365882,-3.0103,-1.40327,0.025642,0.050239,-0.017887,0.093519,0.352973,0.930947,-0.655957,-0.68157,0.324315,0.748981,-0.640992,0.167796,0.018019,0.004173,0.031856,0.231176,-0.648755,-0.784705,-0.868667,0.075954,0.039265,-0.071313,-0.315008,0.225507,-0.921908,-0.948715,-0.047574,0.31253,0.026619,0.973078,0.228928,-0.006569,0.020971,0.016695,-0.284274,-0.88677,0.181041,0.500303
26,0.076698,0.0317,0.340018,-0.284032,0.188398,-0.940148,-0.929498,0.186531,0.318138,0.23565,0.963998,0.123308,-0.024903,0.054514,0.025601,-5.375823,0.912829,0.890511,0.505926,-0.1365,0.06366,0.328759,-0.045846,-0.345129,0.937431,0.686898,0.670381,0.280526,-0.725184,0.657184,0.205135,0.050906,-0.012758,0.077856,0.02078,-0.159627,-0.978731,-1.403769,0.026478,0.050244,-0.01653,0.057857,0.313905,0.947689,-0.676949,-0.685368,0.268344,0.733751,-0.657064,0.172844,0.018648,-0.00167,0.035158,0.078252,0.277217,-1.770795,-0.864911,0.075584,0.040216,-0.070742,-0.290799,0.212913,-0.932792,-0.951028,0.042452,0.306174,0.104788,0.976148,0.190141,-0.012602,0.026927,0.012521,-0.260559,-0.964072,0.121355,0.498344
27,0.075665,0.033581,0.341093,-0.258566,0.156965,-0.953179,-0.916719,0.271253,0.293289,0.304905,0.949443,0.074945,-0.027004,0.040632,0.031036,-0.283745,-1.079022,0.269544,0.507206,-0.134855,0.063452,0.331603,-0.02421,-0.312615,0.949567,0.70392,0.669051,0.238331,-0.709773,0.674552,0.202645,0.036818,-0.000628,0.071758,-0.120332,0.209432,-0.882041,-1.403656,0.027306,0.050136,-0.015106,0.036468,0.28106,0.958996,-0.694743,-0.682665,0.226492,0.718332,-0.674516,0.170369,0.019207,-0.006487,0.039214,-0.152689,0.226084,-0.926716,-0.85887,0.075068,0.04116,-0.070208,-0.259613,0.188611,-0.947114,-0.948437,0.134875,0.286835,0.181842,0.972745,0.143871,-0.012985,0.025417,0.011133,-0.358022,-1.08544,0.247735,0.499324
28,0.075101,0.034369,0.341655,-0.242736,0.141203,-0.959784,-0.907947,0.315352,0.275965,0.341934,0.93825,0.052854,-0.02756,0.038729,0.029359,-1.779535,-0.675612,1.268023,0.507651,-0.134231,0.063365,0.333048,-0.020272,-0.296385,0.954849,0.718698,0.659519,0.220094,-0.694939,0.691051,0.198422,0.024652,-0.001693,0.071906,1.58108,0.764024,-1.243076,-1.403593,0.027632,0.050094,-0.014356,0.034625,0.263987,0.963904,-0.708911,-0.673346,0.209877,0.704446,-0.69059,0.163829,0.012261,-0.000812,0.035939,1.560196,0.913752,-1.232963,-0.856094,0.074786,0.041555,-0.069927,-0.244029,0.174024,-0.954025,-0.944755,0.179329,0.27437,0.218831,0.968275,0.120649,-0.013635,0.019308,0.014891,-5.683378,-0.726432,3.308194,0.499977
29,0.074076,0.035721,0.342812,-0.216142,0.114228,-0.96968,-0.886467,0.393291,0.243869,0.409487,0.912164,0.017461,-0.015434,0.033347,0.025311,-1.638903,-0.129989,0.74318,0.517098,-0.133094,0.063244,0.335723,-0.021218,-0.264057,0.964269,0.737295,0.647194,0.193571,-0.675148,0.715358,0.179725,0.023508,0.005482,0.061294,-0.032282,0.293109,-0.359384,-1.403435,0.02819,0.050039,-0.013036,0.034543,0.231659,0.972183,-0.728794,-0.659792,0.183116,0.68386,-0.714847,0.14604,0.011736,0.002613,0.030562,0.297085,0.382346,-0.268504,-0.855114,0.074263,0.042245,-0.069337,-0.212899,0.150743,-0.965375,-0.93279,0.262722,0.246737,0.290819,0.953022,0.084679,-0.007802,0.016514,0.012543,-1.630683,-0.062299,0.770059,0.509121
30,0.073198,0.036612,0.343858,-0.195904,0.094103,-0.976121,-0.877075,0.428375,0.217269,0.438831,0.898585,-0.000169,-0.019659,0.014492,0.027095,-1.65654,0.054695,0.475344,0.517336,-0.132298,0.063561,0.338013,-0.019999,-0.237604,0.971152,0.753293,0.635015,0.170995,-0.657292,0.735248,0.165047,0.011693,0.002095,0.059719,-0.069176,0.468776,-1.061991,-1.403903,0.028592,0.050199,-0.011891,0.034868,0.205475,0.97804,-0.745053,-0.646914,0.162471,0.666092,-0.734357,0.130533,0.010903,0.007445,0.026103,0.044832,1.623157,-2.817325,-0.854951,0.073826,0.042697,-0.06881,-0.189706,0.134278,-0.972615,-0.9276,0.300182,0.222369,0.321821,0.944383,0.06761,-0.009965,0.006923,0.01331,-1.668594,0.059319,0.466259,0.51353
31,0.072759,0.03682,0.344415,-0.186274,0.089539,-0.978433,-0.871274,0.445181,0.206559,0.454302,0.890855,-0.003694,-0.021715,0.001788,0.033836,-1.648381,0.241962,0.574538,0.517998,-0.13189,0.063802,0.338964,-0.016196,-0.221655,0.974986,0.760244,0.630552,0.156097,-0.649351,0.744002,0.157057,0.02271,0.009725,0.04862,-0.08965,0.063996,-0.326796,-1.403746,0.028791,0.050324,-0.011406,0.030149,0.188595,0.981591,-0.752473,-0.642125,0.146484,0.657931,-0.743038,0.122553,0.011356,0.004703,0.024206,-0.08425,0.07191,-0.36786,-0.855604,0.073614,0.042798,-0.068547,-0.180253,0.130859,-0.974876,-0.924088,0.317036,0.213418,0.336999,0.939342,0.063778,-0.010076,0.006365,0.012836,-5.376667,1.104048,0.639905,0.51402
32,0.071876,0.036825,0.345484,-0.147343,0.099364,-0.984105,-0.858991,0.48037,0.177059,0.490507,0.871309,0.015799,-0.012475,-0.010534,0.024692,0.151015,0.797213,0.926823,0.521342,-0.131359,0.064363,0.340301,-0.005338,-0.198192,0.980144,0.771308,0.622932,0.130279,-0.636371,0.756904,0.148294,0.009197,0.019327,0.02606,-0.049876,0.144768,-0.263788,-1.40338,0.029061,0.050599,-0.010736,0.019179,0.165362,0.986046,-0.764067,-0.633662,0.121128,0.64485,-0.755729,0.114195,0.005497,0.003258,0.016302,-0.0812,0.078177,-0.083746,-0.862952,0.073181,0.042814,-0.068013,-0.144711,0.144785,-0.978823,-0.91492,0.357131,0.188089,0.376801,0.922764,0.080786,-0.012793,-0.004225,0.012939,0.123093,0.681463,0.812112,0.518102
33,0.071023,0.036262,0.346408,-0.081203,0.127564,-0.988524,-0.844751,0.517531,0.136124,0.529053,0.845958,0.066966,-0.016555,-0.028345,0.027587,0.061254,1.297074,1.325461,0.51798,-0.131389,0.065045,0.341072,-0.001438,-0.178236,0.983982,0.785733,0.608385,0.111466,-0.6185,0.773498,0.137919,0.008778,0.022322,0.013126,0.586808,1.905008,-2.377952,-1.403702,0.029048,0.050954,-0.010332,0.01615,0.145487,0.989227,-0.778645,-0.61883,0.103724,0.627255,-0.771933,0.103289,0.004387,0.010628,0.006223,0.589142,1.904248,-2.365808,-0.859686,0.072745,0.042535,-0.067544,-0.081231,0.182113,-0.979915,-0.905158,0.398097,0.149018,0.41724,0.899084,0.132503,-0.013928,-0.007204,0.010638,-0.194008,1.812835,1.169261,0.517449
34,0.070162,0.035277,0.347458,-0.018332,0.176824,-0.984095,-0.827683,0.54945,0.114091,0.560904,0.816398,0.137508,-0.031032,-0.036818,0.037292,-5.396045,2.192826,1.02759,0.517518,-0.13129,0.065471,0.341294,0.005336,-0.153066,0.988198,0.786024,0.611469,0.090585,-0.618119,0.776422,0.122319,-0.002074,0.014443,-0.005527,0.143308,1.773517,-2.342835,-1.403533,0.029102,0.051171,-0.010212,0.010268,0.122225,0.992448,-0.779212,-0.621031,0.084545,0.626675,-0.774197,0.088863,-0.001005,0.007005,-0.0029,0.018384,0.098813,-0.132317,-0.859849,0.072318,0.042037,-0.067029,-0.023947,0.238605,-0.97082,-0.89468,0.428182,0.127307,0.446064,0.871622,0.203222,-0.008399,-0.014538,0.013568,0.032905,2.745961,-0.997035,0.515326
35,0.069775,0.034647,0.348049,0.007409,0.195161,-0.980766,-0.825187,0.555145,0.104179,0.564786,0.808308,0.166379,-0.018565,-0.040504,0.034957,0.065071,0.931677,1.11879,0.516652,-0.131375,0.065568,0.341207,0.002972,-0.147648,0.989031,0.789401,0.607422,0.088423,-0.613813,0.780631,0.117101,-0.011502,-0.003724,-0.001336,-0.07058,0.304509,-0.061569,-1.403358,0.029058,0.051223,-0.010259,0.011496,0.114126,0.993399,-0.782887,-0.617005,0.079944,0.622056,-0.778639,0.082255,-0.00055,0.003956,-0.004823,-0.040257,0.269236,0.201224,-0.859033,0.072119,0.041723,-0.066734,-0.001086,0.260317,-0.965522,-0.89003,0.439929,0.119612,0.455898,0.859474,0.231212,-0.008566,-0.014772,0.013398,0.104835,1.209325,0.815992,0.514999
36,0.06905,0.033336,0.349196,0.036028,0.208102,-0.977466,-0.821363,0.5633,0.089598,0.569205,0.799375,0.19244,-0.01782,-0.031337,0.025422,0.007975,0.701699,0.3179,0.510583,-0.131385,0.06552,0.340948,0.002899,-0.13688,0.990579,0.789433,0.608299,0.081861,-0.613772,0.781895,0.108562,0.001304,-0.008835,-0.005592,-0.002475,0.017289,-0.022935,-1.40321,0.02905,0.051192,-0.010387,0.01222,0.102904,0.994615,-0.782808,-0.617901,0.073546,0.622143,-0.779492,0.073003,-0.000128,0.001111,-0.006624,0.03434,-0.006298,-0.008124,-0.866871,0.071763,0.041076,-0.066165,0.025267,0.275315,-0.961021,-0.886966,0.449624,0.105489,0.461141,0.849729,0.255556,-0.008774,-0.015262,0.013042,-0.102489,0.113759,-0.052381,0.511244
37,0.068224,0.032255,0.350005,0.048087,0.196364,-0.979374,-0.810112,0.581212,0.076703,0.584222,0.789477,0.188246,-0.030253,-0.020059,0.01697,-0.060157,0.032275,-0.02485,0.516085,-0.131226,0.065252,0.340504,0.005049,-0.128478,0.991695,0.790005,0.608451,0.074921,-0.613025,0.783192,0.10331,0.013928,-0.01253,-0.008994,-0.000246,0.001486,0.005847,-1.403545,0.029125,0.051055,-0.010616,0.010053,0.094581,0.995466,-0.783501,-0.617808,0.066611,0.621308,-0.780619,0.067893,0.001169,-0.007853,-0.004996,-0.005489,0.028663,-0.040986,-0.864095,0.071348,0.04052,-0.065748,0.039972,0.266066,-0.963125,-0.877874,0.469709,0.093324,0.477218,0.841773,0.252348,-0.009011,-0.012264,0.007015,-0.036028,-0.087742,0.121337,0.509611
38,0.067215,0.031239,0.350571,0.060036,0.178376,-0.982152,-0.805447,0.589815,0.057832,0.589525,0.787385,0.180306,-0.01968,-0.028678,0.010782,-0.058096,-0.068782,0.151238,0.517277,-0.130928,0.064904,0.339963,0.006925,-0.120779,0.992651,0.790647,0.60836,0.068621,-0.612181,0.784478,0.098445,0.002172,-0.014594,-0.009337,-0.002297,0.016697,-0.023373,-1.403701,0.02928,0.050873,-0.010893,0.008269,0.086881,0.996184,-0.784232,-0.617523,0.060366,0.620411,-0.781739,0.063028,0.006252,-0.0011,-0.008587,0.049229,-0.108564,0.166885,-0.861645,0.070841,0.040018,-0.06546,0.054021,0.250035,-0.966727,-0.874096,0.479883,0.075273,0.482738,0.840948,0.244479,-0.010008,-0.014741,0.005096,-0.03558,-0.185847,0.291476,0.513693
39,0.066673,0.03069,0.350759,0.06971,0.172697,-0.982528,-0.801473,0.596089,0.047855,0.593849,0.783926,0.18119,-0.033724,-0.028511,0.010385,0.007625,0.438106,0.303391,0.514695,-0.130768,0.064815,0.339716,0.007363,-0.11867,0.992902,0.790996,0.608096,0.066928,-0.611726,0.785003,0.097083,0.011859,0.002103,-0.014431,0.055021,-0.07715,0.126827,-1.403544,0.029357,0.050815,-0.011018,0.007803,0.08462,0.996382,-0.784579,-0.617256,0.058566,0.619979,-0.782198,0.061574,0.006775,-0.004779,-0.003588,0.009045,0.163473,-0.207437,-0.862299,0.070575,0.039746,-0.065365,0.062307,0.24453,-0.967637,-0.870712,0.487199,0.067053,0.487828,0.838356,0.243272,-0.016838,-0.014173,0.005275,0.016555,0.370659,0.515772,0.513856
40,0.065317,0.02945,0.351153,0.089641,0.17171,-0.981084,-0.785965,0.617191,0.036154,0.61161,0.76765,0.191505,-0.03451,-0.030038,0.009129,-0.006902,0.366925,0.292563,0.505355,-0.130443,0.064719,0.339284,0.008322,-0.11416,0.993423,0.791656,0.607623,0.063309,-0.61086,0.786031,0.09417,0.01346,-0.008947,-0.006806,-0.000261,0.001523,0.005889,-1.403345,0.029519,0.050775,-0.011235,0.006925,0.080188,0.996755,-0.785318,-0.616637,0.055063,0.619052,-0.783152,0.058703,-1.6e-05,0.000417,-0.00712,0.033759,0.004192,0.001193,-0.868994,0.069895,0.03912,-0.065172,0.083689,0.246879,-0.965425,-0.857908,0.510716,0.056232,0.506941,0.823541,0.254541,-0.023939,-0.014054,0.005073,0.010988,0.529945,0.319787,0.504059
41,0.063784,0.028,0.351678,0.11481,0.17932,-0.977092,-0.773696,0.633033,0.025213,0.622906,0.752862,0.212635,-0.049965,-0.039768,0.01776,-0.04425,0.37478,0.195513,0.5135,-0.13017,0.064611,0.338882,0.00939,-0.109392,0.99395,0.79225,0.607238,0.059463,-0.610076,0.787001,0.091105,0.001484,-0.009811,-0.006341,-0.002309,0.016774,-0.023383,-1.403114,0.02966,0.050721,-0.011436,0.005916,0.07542,0.997133,-0.785971,-0.616132,0.051265,0.618233,-0.784022,0.055633,0.005834,0.001841,-0.006734,0.035907,-0.010752,0.030141,-0.878954,0.069134,0.038398,-0.064913,0.108674,0.257717,-0.960089,-0.847616,0.528615,0.045954,0.519361,0.808793,0.275892,-0.018618,-0.021707,0.007758,-0.040544,0.373448,0.233457,0.503406
42,0.062988,0.027182,0.352038,0.12813,0.1824,-0.974863,-0.765236,0.643425,0.019755,0.630692,0.74325,0.223236,-0.036476,-0.041225,0.01716,-1.672517,0.423784,0.380606,0.51769,-0.130003,0.064598,0.338693,0.006292,-0.109327,0.993982,0.792109,0.60718,0.061884,-0.610294,0.787055,0.089157,0.001262,-0.008316,-0.005384,-0.012843,0.050925,0.002253,-1.402748,0.029739,0.05071,-0.011528,0.009329,0.075335,0.997114,-0.78577,-0.616164,0.053905,0.618447,-0.784006,0.053447,0.006507,-0.002849,-0.002376,-0.013168,0.024338,0.023989,-0.882383,0.068716,0.03797,-0.064731,0.121719,0.262504,-0.957222,-0.840691,0.539946,0.041172,0.527657,0.799717,0.286407,-0.018225,-0.020551,0.008636,-1.712057,0.324275,0.318126,0.510591
43,0.061641,0.0255,0.353047,0.153516,0.187894,-0.970141,-0.754915,0.655758,0.007492,0.637392,0.730998,0.243722,-0.03465,-0.04336,0.032501,-0.074867,0.375992,0.237907,0.518274,-0.129676,0.064619,0.338367,0.006492,-0.107621,0.994166,0.792663,0.606586,0.060603,-0.609572,0.787746,0.087982,0.012951,-0.005309,-0.004505,-0.000279,0.00157,0.005931,-1.403179,0.029903,0.050723,-0.011695,0.008848,0.073698,0.99724,-0.786354,-0.615543,0.052467,0.617712,-0.784649,0.052506,-0.000337,0.002542,-0.00576,0.036628,-0.009838,0.018438,-0.883363,0.068051,0.037134,-0.064247,0.145593,0.270434,-0.951665,-0.831573,0.554583,0.030376,0.535993,0.786957,0.305629,-0.017146,-0.021212,0.01665,-0.066049,0.404034,0.288058,0.515489
44,0.060452,0.024199,0.354297,0.179022,0.192452,-0.964862,-0.744161,0.66796,-0.004896,0.643322,0.718658,0.263997,-0.030144,-0.024916,0.030159,-0.015002,0.603953,0.199305,0.519241,-0.129419,0.064438,0.338018,0.010376,-0.103587,0.994562,0.793525,0.605997,0.054953,-0.608402,0.788734,0.087223,0.013834,-0.01094,-0.008193,0.10244,1.68848,-2.216304,-1.402894,0.030029,0.050645,-0.011862,0.005466,0.072557,0.997349,-0.787256,-0.614673,0.049032,0.616601,-0.785437,0.053761,0.000919,-0.005946,-0.003877,0.014306,-0.085969,0.149659,-0.885323,0.067454,0.036475,-0.063621,0.169203,0.277199,-0.945796,-0.822217,0.568835,0.019623,0.543441,0.77433,0.324166,-0.008464,-0.013784,0.014357,0.028058,0.688738,0.516057,0.516959
45,0.059553,0.02321,0.355576,0.198842,0.195243,-0.96041,-0.73336,0.679681,-0.013716,0.649844,0.706819,0.279529,-0.027991,-0.019531,0.034479,-0.045198,0.412716,0.11807,0.519413,-0.129154,0.063907,0.33762,0.01094,-0.101147,0.994807,0.793635,0.606026,0.053006,-0.608249,0.789026,0.08564,0.002495,-0.016179,-0.010602,-0.004654,0.033557,-0.046624,-1.402972,0.030166,0.050379,-0.01206,0.004461,0.067203,0.997729,-0.787467,-0.614717,0.044925,0.61634,-0.785879,0.050177,0.007196,-0.007143,-0.005221,0.015494,-0.114679,0.168523,-0.886956,0.06701,0.035989,-0.062994,0.188691,0.28221,-0.940612,-0.812878,0.582317,0.011645,0.551021,0.762406,0.33928,-0.014121,-0.010025,0.017052,-0.004851,0.526992,0.380333,0.517939
46,0.059144,0.022884,0.356158,0.208281,0.197585,-0.957927,-0.728309,0.685014,-0.017117,0.65255,0.700994,0.287772,-0.01349,-0.01208,0.02395,-0.00683,0.412961,0.148757,0.519406,-0.128991,0.063621,0.3374,0.011618,-0.098427,0.995072,0.793712,0.606113,0.050801,-0.608137,0.789299,0.083901,0.002623,-0.016963,-0.01115,-0.004656,0.033594,-0.046664,-1.403178,0.030248,0.050235,-0.012171,0.003804,0.064425,0.997915,-0.787577,-0.614734,0.042689,0.616203,-0.786098,0.048401,0.007257,-0.00747,-0.005454,-0.00293,0.01473,-0.012397,-0.887119,0.066792,0.035815,-0.062675,0.198245,0.285897,-0.937529,-0.808416,0.588548,0.008533,0.554221,0.756223,0.3478,-0.006657,-0.005779,0.012199,-0.004045,0.418172,0.1512,0.518102
47,0.058528,0.022391,0.35711,0.221697,0.200027,-0.954403,-0.718504,0.695178,-0.021258,0.658949,0.690214,0.299028,-0.012709,-0.003055,0.014029,-0.011738,0.166787,0.031753,0.519507,-0.128634,0.063164,0.336872,0.012016,-0.09623,0.995282,0.794073,0.605781,0.0491,-0.607658,0.789823,0.082429,0.002579,-0.016575,-0.010965,-0.004668,0.033582,-0.046605,-1.402644,0.030422,0.050009,-0.012434,0.003429,0.062233,0.998055,-0.787965,-0.614352,0.041014,0.61571,-0.786574,0.04693,0.000502,-0.002829,-0.009347,0.031654,0.022473,-0.023844,-0.886955,0.066497,0.035582,-0.062206,0.211384,0.289731,-0.933473,-0.799925,0.600078,0.00511,0.561637,0.745628,0.35861,-0.007114,-0.006878,0.011328,-0.040863,0.210259,0.030353,0.518102
48,0.057861,0.022103,0.357812,0.230194,0.20089,-0.952207,-0.705307,0.708569,-0.021073,0.670183,0.676207,0.305983,-0.026163,-0.000745,0.015223,0.004982,0.280107,0.058628,0.519404,-0.128277,0.062836,0.336256,0.012241,-0.094404,0.995454,0.794695,0.605075,0.047726,-0.606841,0.790582,0.081165,0.013028,-0.004321,-0.018966,0.050079,-0.105939,0.162485,-1.402814,0.030602,0.049835,-0.012742,0.003168,0.060225,0.998179,-0.788587,-0.61365,0.039527,0.614913,-0.787277,0.045549,0.006507,-0.00205,-0.009413,0.033737,0.007494,0.005192,-0.887772,0.066163,0.035433,-0.061846,0.21882,0.291178,-0.931306,-0.788511,0.61498,0.007009,0.574776,0.732812,0.364167,-0.007346,-0.00742,0.010901,-0.003499,0.382818,0.161278,0.517939
49,0.057477,0.021935,0.358162,0.236619,0.202568,-0.950275,-0.700668,0.713113,-0.02251,0.672797,0.670909,0.311853,-0.015217,-0.016117,0.020773,0.036636,0.639261,0.275667,0.519522,-0.128028,0.062732,0.335896,0.012693,-0.092025,0.995671,0.795138,0.604636,0.045862,-0.606251,0.791195,0.079583,0.012983,-0.003909,-0.018728,0.036264,-0.006704,0.025055,-1.402814,0.030731,0.04978,-0.012931,0.002783,0.057959,0.998314,-0.789087,-0.613117,0.037795,0.614274,-0.787863,0.044029,0.006516,-0.002049,-0.009434,0.036067,-0.010173,0.029647,-0.888099,0.065973,0.035358,-0.061677,0.223153,0.292829,-0.929759,-0.784535,0.620044,0.006986,0.578538,0.727871,0.368099,-0.01319,-0.00059,0.007451,-0.021634,0.125245,-0.030455,0.518429
50,0.056832,0.021666,0.358778,0.248812,0.20383,-0.946885,-0.682739,0.730304,-0.02225,0.686668,0.651766,0.322051,-0.013078,-0.003884,0.01337,-0.026829,0.147289,0.02425,0.519438,-0.127513,0.062474,0.335104,0.014533,-0.083829,0.99637,0.796062,0.603882,0.039311,-0.604998,0.792671,0.074244,0.011825,0.004432,-0.028255,0.079411,0.153635,-0.175867,-1.402701,0.030988,0.049654,-0.013324,0.001032,0.049758,0.99876,-0.790121,-0.612149,0.031314,0.612949,-0.789174,0.038683,0.005947,0.002081,-0.014226,0.079479,0.164608,-0.18998,-0.886139,0.065643,0.035213,-0.061365,0.23779,0.29645,-0.924971,-0.768835,0.639404,0.007276,0.593588,0.709421,0.379966,-0.01288,0.000165,0.008047,-0.06074,0.119907,0.020452,0.518265
51,0.056376,0.021382,0.359403,0.258234,0.205944,-0.9439,-0.677403,0.735168,-0.024979,0.688458,0.645603,0.330528,-0.013327,-0.004457,0.012918,-1.549671,0.264434,0.657634,0.519757,-0.127001,0.062259,0.334248,0.016507,-0.075084,0.997036,0.797062,0.602977,0.032327,-0.603633,0.794225,0.068535,0.013455,-0.006343,-0.020544,0.036535,0.055885,-0.057083,-1.402683,0.031239,0.049545,-0.013747,-0.000869,0.040958,0.99916,-0.791225,-0.611039,0.024359,0.611524,-0.79054,0.032938,0.000751,-0.004158,-0.010382,0.040739,0.186829,-0.235808,-0.886466,0.065416,0.035073,-0.06105,0.245205,0.299482,-0.922054,-0.765303,0.643645,0.005535,0.595133,0.704294,0.38702,-0.000101,-0.003694,0.005523,-5.169645,0.288136,2.047692,0.518755
52,0.05612,0.021047,0.359833,0.258228,0.207597,-0.943539,-0.676751,0.735822,-0.023374,0.689101,0.644327,0.331677,-0.014393,-0.006955,0.01095,-0.036748,0.134148,-0.216761,0.521279,-0.126559,0.062136,0.333433,0.016871,-0.072294,0.997236,0.79805,0.601777,0.03024,-0.602317,0.79539,0.066581,0.011113,0.009247,-0.025135,0.070435,0.002038,0.021039,-1.402889,0.031463,0.049472,-0.014157,-0.001203,0.038184,0.999269,-0.792238,-0.609801,0.022348,0.610209,-0.791633,0.030984,0.006374,-0.00078,-0.008688,0.036102,-0.007036,0.02574,-0.888262,0.065289,0.034909,-0.060832,0.246177,0.300791,-0.921368,-0.763574,0.645683,0.006774,0.596951,0.701866,0.388629,-4.4e-05,-8.5e-05,-6e-05,0.000378,-0.00367,-0.002565,0.519245
53,0.056011,0.020916,0.359918,0.259279,0.2072,-0.943338,-0.672358,0.739869,-0.022346,0.692992,0.639805,0.332321,-0.015057,-0.008511,0.009723,-0.036782,0.134024,-0.216832,0.521183,-0.126334,0.062137,0.333129,0.019231,-0.073786,0.997084,0.798897,0.600706,0.02916,-0.601126,0.796064,0.069234,0.012171,0.001881,-0.015029,0.157833,-0.453102,-0.066501,-1.402639,0.03158,0.049472,-0.014322,-0.002179,0.039297,0.999224,-0.792884,-0.608966,0.02222,0.609367,-0.792222,0.032485,0.006047,0.001242,-0.007315,0.1696,-0.604229,-0.182362,-0.887445,0.065235,0.034845,-0.060789,0.247233,0.300503,-0.92118,-0.759748,0.650166,0.008187,0.60138,0.697841,0.389049,-0.000452,-0.001052,-0.000825,0.001154,-0.000308,-0.000644,0.519898
54,0.055742,0.020811,0.359902,0.262091,0.201494,-0.943797,-0.664062,0.747243,-0.024934,0.699893,0.633033,0.330826,-0.014168,0.000715,-8.2e-05,-0.14122,0.009961,0.021435,0.520987,-0.12577,0.062163,0.332808,0.021904,-0.073453,0.997054,0.799827,0.59958,0.026715,-0.599799,0.796942,0.070618,0.01263,-0.001773,-0.002374,0.019797,-0.070374,-0.012955,-1.402665,0.031858,0.049481,-0.014484,-0.006548,0.039344,0.999203,-0.794104,-0.607493,0.018717,0.607746,-0.793349,0.035221,0.006319,-0.000858,-0.001178,0.02232,-0.061246,-0.001985,-0.884506,0.065099,0.034787,-0.060795,0.250673,0.295346,-0.921917,-0.75253,0.658526,0.00635,0.608983,0.692179,0.387332,-4.7e-05,0.003449,-0.005813,-0.441557,-0.033259,0.176656,0.520061
55,0.055417,0.02077,0.35978,0.262882,0.201276,-0.943624,-0.660044,0.750832,-0.023783,0.703387,0.628843,0.331406,-0.001705,-0.004002,-0.003168,-1e-06,-0.0,0.0,0.521513,-0.125271,0.06227,0.332889,0.023996,-0.07575,0.996834,0.800249,0.599032,0.026372,-0.599159,0.797142,0.073728,0.011009,0.007996,0.004331,0.009308,-0.047174,0.040936,-1.402538,0.032109,0.049528,-0.014448,-0.008698,0.041645,0.999094,-0.794574,-0.606887,0.01838,0.607103,-0.793695,0.038368,0.005483,0.004147,0.002259,0.008459,-0.021915,0.060552,-0.882547,0.064932,0.034767,-0.060856,0.251488,0.295278,-0.921718,-0.748928,0.662602,0.007926,0.613073,0.688308,0.387778,-0.007473,-0.000547,-0.000753,-0.000198,0.029526,-0.054788,0.520551
