frame,MLTx,MLTy,MLTz,MLTR1,MLTR2,MLTR3,MLTR4,MLTR5,MLTR6,MLTR7,MLTR8,MLTR9,MLTTVx,MLTTVy,MLTTVz,MLTRVx,MLTRVy,MLTRVz,MLGA,MRTx,MRTy,MRTz,MRTR1,MRTR2,MRTR3,MRTR4,MRTR5,MRTR6,MRTR7,MRTR8,MRTR9,MRTTVx,MRTTVy,MRTTVz,MRTRVx,MRTRVy,MRTRVz,MRGA,SLTx,SLTy,SLTz,SLTR1,SLTR2,SLTR3,SLTR4,SLTR5,SLTR6,SLTR7,SLTR8,SLTR9,SLTTVx,SLTTVy,SLTTVz,SLTRVx,SLTRVy,SLTRVz,SLGA,SRTx,SRTy,SRTz,SRTR1,SRTR2,SRTR3,SRTR4,SRTR5,SRTR6,SRTR7,SRTR8,SRTR9,SRTTVx,SRTTVy,SRTTVz,SRTRVx,SRTRVy,SRTRVz,SRGA
1,0.167973,-0.019621,0.359861,-0.768958,0.455751,-0.448375,-0.544161,-0.834677,0.084705,-0.334692,0.308551,0.890396,0.0,1e-06,1e-06,0.0,0.0,0.0,0.380496,-0.200264,-0.054935,0.307437,-0.829867,-0.469048,0.302169,0.548973,-0.782754,0.293015,0.100124,0.409641,0.90666,-0.0,-0.0,-0.0,0.0,0.0,0.0,0.368958,0.026761,0.02673,-0.003473,0.858703,0.436002,0.269315,-0.504959,0.809516,0.299497,-0.087433,-0.393172,0.915297,2e-06,2e-06,1e-06,-4.2e-05,3e-06,-4e-05,0.316006,0.086478,0.04081,-0.025449,0.822078,-0.369978,-0.432784,0.445895,0.891013,0.085273,0.354068,-0.263077,0.897455,0.0,-6e-06,-6e-06,2.5e-05,-2e-06,-3.6e-05,0.314479
2,0.167973,-0.019614,0.359854,-0.768758,0.455943,-0.448523,-0.544366,-0.834559,0.084547,-0.334819,0.308585,0.890336,0.0,0.0,0.0,0.0,0.0,0.0,0.381732,-0.200264,-0.05494,0.30743,-0.829776,-0.469133,0.302286,0.549099,-0.782679,0.292979,0.100184,0.409687,0.906632,-0.0,-4e-06,-6e-06,0.0,0.0,0.0,0.3694,0.02676,0.026727,-0.003476,0.85862,0.436093,0.269433,-0.50509,0.809446,0.299467,-0.087496,-0.393216,0.915273,3e-06,4e-06,4e-06,-3.5e-05,8e-06,-3.8e-05,0.316006,0.086478,0.040814,-0.025452,0.821903,-0.370193,-0.432934,0.446114,0.890918,0.085118,0.354199,-0.263097,0.897397,3e-06,-4e-06,-4e-06,3.4e-05,1e-06,-3.3e-05,0.317581
3,0.167973,-0.019615,0.359866,-0.768565,0.456129,-0.448664,-0.544581,-0.83443,0.08444,-0.334912,0.308659,0.890276,3e-06,5.3e-05,4.3e-05,0.0,0.0,0.0,0.379867,-0.200266,-0.054943,0.30741,-0.829682,-0.469222,0.302405,0.549227,-0.782612,0.292918,0.10026,0.409713,0.906612,-9.2e-05,-0.00079,-0.00102,0.0,0.0,0.0,0.369279,0.02676,0.026727,-0.003485,0.858533,0.436188,0.269554,-0.505223,0.809384,0.299411,-0.087574,-0.393239,0.915255,-4.8e-05,-0.000444,-0.000571,-3.5e-05,2.2e-05,-4.2e-05,0.316169,0.086478,0.040814,-0.025446,0.821734,-0.3704,-0.433076,0.446343,0.890813,0.085015,0.354301,-0.263161,0.897338,4e-06,2.5e-05,1.8e-05,2.1e-05,3e-06,-3.2e-05,0.318071
4,0.167973,-0.019615,0.359866,-0.76847,0.456221,-0.448734,-0.544683,-0.83437,0.084376,-0.334965,0.308685,0.890247,0.0,1e-06,1e-06,0.0,0.0,0.0,0.379921,-0.200266,-0.054948,0.307403,-0.829592,-0.469307,0.302522,0.549353,-0.782537,0.292882,0.100321,0.409759,0.906585,-3e-05,-0.00026,-0.000336,0.0,0.0,0.0,0.369107,0.026759,0.026723,-0.00349,0.85845,0.436279,0.269672,-0.505353,0.809314,0.29938,-0.087637,-0.393283,0.915231,-1.4e-05,-0.000131,-0.000172,-3.1e-05,7e-06,-3.1e-05,0.316169,0.086478,0.040814,-0.025446,0.821651,-0.370502,-0.433146,0.446452,0.890765,0.084953,0.354357,-0.263181,0.89731,2e-06,-7e-06,-7e-06,2.6e-05,2e-06,-2.9e-05,0.317418
5,0.167973,-0.0196,0.359865,-0.768255,0.456426,-0.448892,-0.544902,-0.834244,0.084208,-0.3351,0.308723,0.890183,0.0,3e-06,2e-06,0.0,0.0,0.0,0.380936,-0.200282,-0.054967,0.307362,-0.82945,-0.469441,0.302702,0.549547,-0.782431,0.292802,0.100428,0.409809,0.906551,-8.4e-05,-0.000721,-0.000932,0.0,0.0,0.0,0.369248,0.026752,0.026714,-0.003509,0.85832,0.436421,0.269855,-0.505555,0.809214,0.299307,-0.087747,-0.393329,0.9152,-5e-05,-0.000452,-0.000585,-1.8e-05,1e-05,-2.7e-05,0.316169,0.086478,0.040821,-0.025446,0.821464,-0.370731,-0.433306,0.446686,0.890663,0.08479,0.354496,-0.263204,0.897248,2e-06,-8e-06,-8e-06,2.2e-05,5e-06,-2.7e-05,0.317255
6,0.167973,-0.0196,0.359865,-0.768065,0.456608,-0.449032,-0.545104,-0.834124,0.08408,-0.335206,0.308776,0.890124,0.0,0.0,0.0,0.0,0.0,0.0,0.381971,-0.200299,-0.054989,0.307301,-0.830337,-0.469322,0.300446,0.548678,-0.782339,0.294673,0.097793,0.410121,0.906698,-0.015911,-0.00037,0.000446,-0.002045,0.015205,-0.029245,0.368625,0.026749,0.026702,-0.003541,0.859142,0.436222,0.267552,-0.504609,0.809118,0.301159,-0.085109,-0.393748,0.915269,-3.9e-05,-0.000355,-0.000459,0.000366,0.00046,-0.000292,0.316006,0.086478,0.040821,-0.025446,0.821298,-0.370934,-0.433447,0.446903,0.890566,0.084666,0.354608,-0.263245,0.897192,4e-06,-6e-06,-7e-06,3.4e-05,1.1e-05,-2.1e-05,0.317744
7,0.167973,-0.0196,0.359865,-0.76778,0.456882,-0.449241,-0.545408,-0.833945,0.083888,-0.335366,0.308854,0.890037,0.0,0.0,0.0,0.005969,-0.087752,0.178387,0.383069,-0.200317,-0.054994,0.307227,-0.830277,-0.469383,0.300519,0.548753,-0.782332,0.294553,0.097886,0.410067,0.906712,-5.9e-05,-0.000504,-0.000651,0.0,0.0,0.0,0.367571,0.026734,0.026699,-0.003579,0.859072,0.4363,0.267648,-0.50471,0.809102,0.301034,-0.085214,-0.393695,0.915282,-3e-05,-0.000279,-0.000362,2e-06,3e-06,-1.8e-05,0.315026,0.086478,0.040821,-0.025446,0.821131,-0.371138,-0.433588,0.447119,0.890469,0.084542,0.354721,-0.263285,0.897135,6e-06,-4e-06,-6e-06,3.4e-05,1.6e-05,-2.2e-05,0.319704
8,0.167973,-0.0196,0.359865,-0.767685,0.456973,-0.449311,-0.545509,-0.833885,0.083824,-0.335419,0.30888,0.890008,0.0,0.0,0.0,0.0,0.0,0.0,0.382611,-0.200331,-0.055002,0.307201,-0.830237,-0.46942,0.300569,0.548805,-0.78231,0.294514,0.097926,0.410065,0.906709,-4.5e-05,-0.000382,-0.000494,0.0,0.0,0.0,0.366982,0.026727,0.026695,-0.003592,0.859036,0.43634,0.267698,-0.504764,0.809081,0.300996,-0.085253,-0.393691,0.91528,-2.6e-05,-0.000246,-0.000319,-1.7e-05,1.2e-05,-1.4e-05,0.314373,0.086478,0.040821,-0.025447,0.820965,-0.371341,-0.433728,0.447335,0.890372,0.084418,0.354833,-0.263326,0.897079,5e-06,-3e-06,-6e-06,0.006013,-0.087734,0.178367,0.320194
9,0.167984,-0.019607,0.359859,-0.767493,0.457158,-0.449452,-0.545714,-0.833765,0.083694,-0.335526,0.308933,0.889949,-0.0,-3e-06,-2e-06,0.0,0.0,0.0,0.384236,-0.200344,-0.055005,0.307181,-0.830131,-0.469522,0.300706,0.548952,-0.782232,0.294447,0.09801,0.410098,0.906685,-1e-06,-1e-05,-1.3e-05,0.0,0.0,0.0,0.366743,0.02672,0.026694,-0.003602,0.858939,0.436448,0.267837,-0.504916,0.809009,0.300935,-0.08534,-0.393721,0.915259,5e-06,2.5e-05,3.1e-05,-3.2e-05,2.2e-05,-1.8e-05,0.313557,0.086483,0.040817,-0.02545,0.820797,-0.371547,-0.433871,0.447554,0.890275,0.084292,0.354946,-0.263367,0.897022,3e-06,4e-06,3e-06,3.2e-05,-1.6e-05,-1.6e-05,0.32052
10,0.167984,-0.019607,0.359859,-0.767398,0.457249,-0.449522,-0.545815,-0.833705,0.08363,-0.335579,0.30896,0.88992,-0.0,-0.0,-0.0,0.0,0.0,0.0,0.385058,-0.200369,-0.055002,0.307169,-0.830101,-0.469551,0.300742,0.548991,-0.782218,0.294412,0.098043,0.410092,0.906684,-0.0,-1e-06,-1e-06,0.0,0.0,0.0,0.36685,0.026708,0.026696,-0.003607,0.858911,0.436478,0.267874,-0.504957,0.808997,0.300901,-0.085372,-0.393713,0.91526,4e-06,1.4e-05,1.7e-05,-3.9e-05,1.6e-05,-1.2e-05,0.31323,0.086483,0.040817,-0.02545,0.820713,-0.371649,-0.433941,0.447662,0.890226,0.08423,0.355002,-0.263388,0.896994,1e-06,1e-06,2e-06,2.2e-05,6e-06,-2.3e-05,0.322153
11,0.167984,-0.019607,0.359859,-0.767302,0.45734,-0.449592,-0.545916,-0.833645,0.083566,-0.335632,0.308986,0.889891,-0.0,-0.0,-0.0,0.0,0.0,0.0,0.38585,-0.200382,-0.055007,0.307163,-0.829997,-0.469648,0.300876,0.549136,-0.782132,0.294371,0.098112,0.410144,0.906653,-6e-06,-4.9e-05,-6.3e-05,0.0,0.0,0.0,0.366918,0.026702,0.026693,-0.00361,0.858816,0.436582,0.268009,-0.505106,0.808916,0.300866,-0.085445,-0.393762,0.915231,-2e-06,-1.7e-05,-2.6e-05,-0.012244,0.092989,-0.175388,0.31323,0.086483,0.040817,-0.02545,0.82063,-0.371751,-0.434011,0.44777,0.890178,0.084168,0.355058,-0.263408,0.896966,-1e-06,1e-06,2e-06,2.8e-05,-9e-06,-1.9e-05,0.32297
12,0.167984,-0.019607,0.359859,-0.767207,0.457431,-0.449661,-0.546017,-0.833585,0.083502,-0.335685,0.309012,0.889862,-0.0,-0.0,-0.0,0.0,0.0,0.0,0.3865,-0.200407,-0.055017,0.307151,-0.829948,-0.469695,0.300939,0.549204,-0.782091,0.294351,0.098144,0.410169,0.906638,-7e-06,-5.9e-05,-7.7e-05,0.0,0.0,0.0,0.366481,0.026689,0.026688,-0.003616,0.858772,0.436631,0.268073,-0.505176,0.808879,0.30085,-0.085479,-0.393786,0.915218,-2e-06,-2.2e-05,-3.1e-05,-2.9e-05,1.6e-05,-1.8e-05,0.313067,0.086483,0.040817,-0.02545,0.820547,-0.371853,-0.434081,0.447878,0.890129,0.084105,0.355114,-0.263428,0.896938,-1e-06,1e-06,2e-06,1.7e-05,-4e-06,-2.6e-05,0.324439
13,0.167984,-0.019607,0.359859,-0.767112,0.457522,-0.449731,-0.546118,-0.833525,0.083438,-0.335738,0.309039,0.889833,-0.0,-0.0,-0.0,0.0,0.0,0.0,0.386878,-0.200408,-0.055033,0.307131,-0.829914,-0.469727,0.300983,0.549252,-0.782063,0.294338,0.098167,0.410186,0.906628,-2.2e-05,-0.000186,-0.00024,0.0,0.0,0.0,0.366988,0.026688,0.02668,-0.003626,0.85874,0.436665,0.268118,-0.505226,0.808852,0.300838,-0.085503,-0.393802,0.915209,-1e-05,-0.000101,-0.000134,-3e-05,1.6e-05,-1.6e-05,0.313067,0.086483,0.040817,-0.02545,0.820464,-0.371954,-0.434152,0.447987,0.890081,0.084043,0.35517,-0.263449,0.89691,-0.0,1e-06,0.0,1.6e-05,-6e-06,-2.7e-05,0.325092
14,0.167984,-0.019607,0.359859,-0.767017,0.457613,-0.449801,-0.546219,-0.833466,0.083374,-0.335791,0.309065,0.889804,-0.0,-0.0,-0.0,0.0,0.0,0.0,0.388315,-0.200423,-0.055041,0.307104,-0.829875,-0.469765,0.301033,0.549304,-0.782041,0.294298,0.098207,0.410185,0.906624,-6.9e-05,-0.000587,-0.00076,0.0,0.0,0.0,0.366476,0.026681,0.026677,-0.003638,0.858704,0.436706,0.268168,-0.505281,0.808832,0.300801,-0.085542,-0.393799,0.915207,-4.3e-05,-0.000373,-0.000487,-1.2e-05,7e-06,-1.8e-05,0.312904,0.086483,0.040817,-0.02545,0.82038,-0.372056,-0.434222,0.448095,0.890032,0.083981,0.355226,-0.263469,0.896882,0.0,0.0,1e-06,1.8e-05,-1e-06,-2.7e-05,0.326072
15,0.167984,-0.0196,0.359864,-0.767003,0.457626,-0.449811,-0.546234,-0.833457,0.083364,-0.335799,0.309069,0.889799,2e-06,3.2e-05,2.6e-05,0.0,0.0,0.0,0.388113,-0.200423,-0.055046,0.307097,-0.829863,-0.469776,0.301047,0.54932,-0.782031,0.294293,0.098214,0.410191,0.906621,-9.2e-05,-0.000783,-0.001013,0.0,0.0,0.0,0.366031,0.026681,0.026675,-0.00364,0.858693,0.436717,0.268183,-0.505297,0.808823,0.300797,-0.08555,-0.393805,0.915204,-6e-05,-0.000524,-0.000681,-0.001796,0.013493,-0.025432,0.312577,0.086483,0.040821,-0.025447,0.820368,-0.372071,-0.434232,0.44811,0.890025,0.083972,0.355235,-0.263472,0.896877,1e-06,1.7e-05,1.5e-05,2e-05,1.2e-05,-2.3e-05,0.327215
16,0.167984,-0.019593,0.35987,-0.766894,0.457731,-0.449891,-0.54635,-0.833388,0.083291,-0.33586,0.309099,0.889766,4.6e-05,0.00071,0.000581,0.0,0.0,0.0,0.389137,-0.200424,-0.055052,0.30709,-0.829772,-0.469861,0.301164,0.549446,-0.781956,0.294258,0.098275,0.410236,0.906593,-2.9e-05,-0.000249,-0.000322,0.0,0.0,0.0,0.365933,0.026681,0.026671,-0.003646,0.858611,0.436807,0.268302,-0.505427,0.808753,0.300766,-0.085613,-0.393848,0.915179,-1.7e-05,-0.000151,-0.000199,-2.8e-05,1.7e-05,-2e-05,0.31225,0.086483,0.040823,-0.025445,0.820273,-0.372187,-0.434313,0.448234,0.889969,0.083901,0.355299,-0.263496,0.896845,2.7e-05,0.0004,0.000326,2.7e-05,-1e-06,-2e-05,0.327705
17,0.167985,-0.019587,0.359875,-0.76688,0.457744,-0.449901,-0.546364,-0.833379,0.083282,-0.335868,0.309102,0.889762,3e-06,4.5e-05,3.7e-05,0.0,0.0,0.0,0.389009,-0.200424,-0.055052,0.30709,-0.829772,-0.469861,0.301164,0.549446,-0.781956,0.294258,0.098275,0.410236,0.906593,-0.0,-0.0,-0.0,0.0,0.0,0.0,0.365786,0.026681,0.026671,-0.003646,0.858611,0.436807,0.268302,-0.505427,0.808753,0.300766,-0.085613,-0.393848,0.915179,4e-06,7e-06,8e-06,-2e-05,1.6e-05,-2.3e-05,0.31225,0.086484,0.040828,-0.025441,0.820261,-0.372201,-0.434323,0.448249,0.889962,0.083892,0.355307,-0.263498,0.896841,2e-06,1.5e-05,1.2e-05,1.1e-05,3e-06,-1.8e-05,0.328195
18,0.167985,-0.019587,0.359875,-0.76688,0.457744,-0.449901,-0.546364,-0.833379,0.083282,-0.335868,0.309102,0.889762,0.0,1e-06,1e-06,0.0,0.0,0.0,0.389293,-0.200424,-0.055052,0.30709,-0.829772,-0.469861,0.301164,0.549446,-0.781956,0.294258,0.098275,0.410236,0.906593,-0.0,-0.0,-0.0,0.0,0.0,0.0,0.365733,0.026681,0.026671,-0.003646,0.858611,0.436807,0.268302,-0.505427,0.808753,0.300766,-0.085614,-0.393848,0.915179,4e-06,5e-06,7e-06,-2.6e-05,3e-06,-1.7e-05,0.31225,0.086484,0.040828,-0.025441,0.820261,-0.372201,-0.434323,0.448249,0.889963,0.083892,0.355307,-0.263498,0.896841,0.0,-9e-06,-8e-06,2e-05,8e-06,-1.5e-05,0.328522
19,0.167985,-0.019587,0.359875,-0.76688,0.457744,-0.449901,-0.546364,-0.833379,0.083282,-0.335868,0.309102,0.889762,0.0,0.0,0.0,0.0,0.0,0.0,0.389983,-0.200436,-0.055052,0.307091,-0.829759,-0.469873,0.301181,0.549465,-0.781945,0.294252,0.098283,0.410243,0.906589,-1.7e-05,-0.000149,-0.000193,0.0,0.0,0.0,0.365717,0.026675,0.026671,-0.003645,0.858599,0.436821,0.268319,-0.505446,0.808743,0.300761,-0.085622,-0.393854,0.915175,-7e-06,-8.1e-05,-0.000105,-2.8e-05,1.7e-05,-1.7e-05,0.312087,0.086484,0.040828,-0.025441,0.820261,-0.372201,-0.434323,0.448249,0.889962,0.083892,0.355307,-0.263498,0.896841,5e-06,-5e-06,-7e-06,2.6e-05,9e-06,-1.3e-05,0.329011
20,0.167985,-0.019587,0.359875,-0.766785,0.457835,-0.44997,-0.546465,-0.83332,0.083217,-0.335921,0.309129,0.889732,0.0,0.0,0.0,0.0,0.0,0.0,0.391279,-0.200436,-0.055052,0.307091,-0.829759,-0.469873,0.301181,0.549465,-0.781945,0.294252,0.098283,0.410243,0.906589,-0.0,-0.0,-0.0,0.0,0.0,0.0,0.365823,0.026675,0.026671,-0.003646,0.858599,0.436821,0.268319,-0.505446,0.808743,0.300761,-0.085622,-0.393855,0.915175,3e-06,3e-06,3e-06,-1.9e-05,1.5e-05,-2e-05,0.311924,0.086484,0.040828,-0.025441,0.820178,-0.372303,-0.434393,0.448357,0.889914,0.08383,0.355363,-0.263519,0.896813,6e-06,-4e-06,-7e-06,2.3e-05,1.4e-05,-1.8e-05,0.330644
21,0.167985,-0.019587,0.359875,-0.766785,0.457835,-0.44997,-0.546465,-0.83332,0.083217,-0.335921,0.309129,0.889732,0.0,0.0,0.0,0.0,0.0,0.0,0.391297,-0.200436,-0.055052,0.307091,-0.829759,-0.469873,0.301181,0.549465,-0.781945,0.294252,0.098283,0.410243,0.906589,-0.0,-0.0,-0.0,0.0,0.0,0.0,0.365737,0.026675,0.026671,-0.003646,0.858599,0.436821,0.268319,-0.505446,0.808743,0.300761,-0.085622,-0.393854,0.915175,4e-06,3e-06,3e-06,-2.1e-05,2.1e-05,-2.1e-05,0.311761,0.086484,0.040828,-0.025441,0.820178,-0.372303,-0.434393,0.448357,0.889914,0.08383,0.355363,-0.263519,0.896813,7e-06,-4e-06,-7e-06,2.4e-05,1.2e-05,-1.7e-05,0.330971
22,0.167995,-0.019587,0.359875,-0.766769,0.45785,-0.449982,-0.546482,-0.83331,0.083207,-0.335929,0.309133,0.889728,0.0,0.0,0.0,0.0,0.0,0.0,0.392632,-0.200436,-0.055052,0.307091,-0.82968,-0.469947,0.301283,0.549574,-0.781879,0.294221,0.098336,0.410283,0.906565,-0.0,-0.0,-0.0,0.0,0.0,0.0,0.365508,0.026675,0.026671,-0.003646,0.858526,0.4369,0.268422,-0.50556,0.808682,0.300735,-0.085678,-0.393892,0.915154,4e-06,3e-06,3e-06,-2.5e-05,2.5e-05,-2.1e-05,0.311761,0.086489,0.040827,-0.025441,0.820164,-0.37232,-0.434405,0.448375,0.889906,0.083819,0.355372,-0.263522,0.896808,6e-06,-4e-06,-5e-06,2.3e-05,1.5e-05,-1.7e-05,0.332441
23,0.167995,-0.019587,0.359875,-0.766769,0.45785,-0.449982,-0.546482,-0.83331,0.083207,-0.335929,0.309133,0.889728,0.0,0.0,0.0,0.0,0.0,0.0,0.393504,-0.200436,-0.055057,0.307084,-0.829669,-0.469958,0.301298,0.549591,-0.78187,0.294217,0.098344,0.410289,0.906562,-0.0,-4e-06,-5e-06,0.0,0.0,0.0,0.365738,0.026674,0.026668,-0.003649,0.858516,0.436911,0.268437,-0.505577,0.808673,0.300731,-0.085685,-0.393898,0.915151,3e-06,5e-06,6e-06,-2.5e-05,1.3e-05,-1.6e-05,0.311761,0.086489,0.040827,-0.025441,0.820164,-0.37232,-0.434405,0.448375,0.889906,0.083819,0.355372,-0.263522,0.896808,6e-06,-4e-06,-5e-06,2.6e-05,1.2e-05,-1.5e-05,0.334563
24,0.167996,-0.019595,0.359882,-0.766684,0.457932,-0.450043,-0.546581,-0.833248,0.083173,-0.335961,0.309178,0.8897,0.0,0.0,0.0,0.0,0.0,0.0,0.394641,-0.200474,-0.055078,0.307059,-0.829583,-0.470039,0.301407,0.549709,-0.781799,0.294183,0.0984,0.410332,0.906536,-0.00013,-0.001108,-0.001434,0.0,0.0,0.0,0.365255,0.026656,0.026661,-0.003658,0.858448,0.436985,0.268533,-0.505683,0.808616,0.300705,-0.085737,-0.393933,0.915131,-1.4e-05,-0.000134,-0.000176,-3.9e-05,2.3e-05,-1.8e-05,0.311597,0.086489,0.040823,-0.025438,0.82009,-0.372411,-0.434467,0.448481,0.889855,0.083788,0.35541,-0.263563,0.896781,6e-06,-4e-06,-6e-06,2.7e-05,1.7e-05,-1.5e-05,0.335217
25,0.167996,-0.019595,0.359882,-0.766684,0.457932,-0.450043,-0.546581,-0.833248,0.083173,-0.335961,0.309178,0.8897,0.0,0.0,0.0,0.0,0.0,0.0,0.394458,-0.200489,-0.055086,0.307033,-0.829544,-0.470076,0.301457,0.549762,-0.781777,0.294143,0.09844,0.41033,0.906533,-9.6e-05,-0.000816,-0.001057,0.0,0.0,0.0,0.36485,0.026648,0.026655,-0.003674,0.858401,0.437037,0.268598,-0.505754,0.808587,0.300664,-0.085784,-0.393936,0.915125,-5.8e-05,-0.000514,-0.000665,-1.6e-05,5e-06,-1.6e-05,0.311434,0.086489,0.040823,-0.025438,0.82009,-0.372411,-0.434466,0.448481,0.889855,0.083788,0.355409,-0.263563,0.896781,6e-06,-4e-06,-6e-06,2.9e-05,1e-05,-1.4e-05,0.335706
26,0.167996,-0.019595,0.359882,-0.766684,0.457932,-0.450043,-0.546581,-0.833248,0.083173,-0.335961,0.309178,0.8897,0.0,0.0,0.0,0.0,0.0,0.0,0.394957,-0.200543,-0.055123,0.306954,-0.829393,-0.47022,0.301648,0.549967,-0.781673,0.294035,0.098566,0.410364,0.906504,-0.000216,-0.001839,-0.002383,-0.001772,0.013476,-0.02541,0.362494,0.026621,0.026638,-0.003711,0.858273,0.437178,0.268778,-0.505951,0.808499,0.300569,-0.085905,-0.393959,0.915104,-6.3e-05,-0.000543,-0.000706,-9e-06,7e-06,-9e-06,0.309964,0.086489,0.040823,-0.025438,0.82009,-0.372411,-0.434466,0.448481,0.889855,0.083788,0.355409,-0.263563,0.896781,6e-06,-4e-06,-6e-06,2.9e-05,1e-05,-1.4e-05,0.33587
27,0.167996,-0.019588,0.359887,-0.766671,0.457945,-0.450053,-0.546596,-0.83324,0.083164,-0.335969,0.309182,0.889696,0.0,0.0,0.0,0.0,0.0,0.0,0.3945,-0.20062,-0.055114,0.306885,-0.830247,-0.470133,0.299426,0.549129,-0.781588,0.295824,0.09599,0.410627,0.906661,-3.9e-05,-0.000334,-0.000432,-0.0,-0.0,0.0,0.360681,0.026582,0.026639,-0.003751,0.859046,0.437035,0.266532,-0.50507,0.80839,0.302338,-0.08333,-0.39434,0.915178,-1.4e-05,-0.000128,-0.000165,0.001123,0.00136,-0.000798,0.307025,0.086489,0.040827,-0.025435,0.820078,-0.372425,-0.434477,0.448496,0.889849,0.083778,0.355418,-0.263566,0.896777,4e-06,-7e-06,-8e-06,2e-05,9e-06,-1.4e-05,0.336196
28,0.167996,-0.019588,0.359887,-0.766575,0.458036,-0.450123,-0.546697,-0.83318,0.083099,-0.336022,0.309208,0.889667,0.0,0.0,0.0,0.0,0.0,0.0,0.394249,-0.200659,-0.055106,0.306847,-0.830198,-0.470181,0.299486,0.549191,-0.781579,0.295733,0.096062,0.410588,0.906671,-0.00011,-0.000931,-0.001207,-0.0,-0.0,0.0,0.360097,0.026563,0.026645,-0.003767,0.858996,0.437088,0.266605,-0.50514,0.808384,0.302239,-0.083414,-0.394295,0.915189,-0.000333,0.004745,-0.005152,0.036531,-0.01126,0.017663,0.306209,0.086489,0.040827,-0.025435,0.819994,-0.372527,-0.434547,0.448605,0.8898,0.083716,0.355474,-0.263587,0.896749,5e-06,-6e-06,-7e-06,2.7e-05,1.6e-05,-1.2e-05,0.33587
29,0.167996,-0.019588,0.359887,-0.766575,0.458036,-0.450123,-0.546697,-0.83318,0.083099,-0.336022,0.309208,0.889667,0.0,0.0,0.0,0.0,0.0,0.0,0.394332,-0.200772,-0.055075,0.306775,-0.830956,-0.470182,0.297376,0.54847,-0.781439,0.297436,0.093572,0.410854,0.906811,-0.01589,-7.8e-05,0.000814,-0.002045,0.015205,-0.029245,0.358966,0.026513,0.026655,-0.003802,0.859694,0.437021,0.264458,-0.504361,0.808227,0.303953,-0.080908,-0.394689,0.915245,-2.4e-05,-0.000208,-0.00027,0.000892,0.001077,-0.000644,0.304249,0.086489,0.040827,-0.025435,0.819994,-0.372527,-0.434547,0.448605,0.8898,0.083716,0.355474,-0.263587,0.896749,6e-06,-4e-06,-6e-06,2.4e-05,1.5e-05,-1.5e-05,0.336033
30,0.167996,-0.019581,0.359893,-0.766562,0.458049,-0.450133,-0.546712,-0.833171,0.08309,-0.33603,0.309212,0.889662,0.0,1e-06,1e-06,0.0,0.0,0.0,0.394397,-0.200923,-0.055073,0.306684,-0.832556,-0.470081,0.293027,0.546886,-0.781158,0.301068,0.088416,0.411505,0.907033,-0.000226,-0.001902,-0.002469,-0.001771,0.01349,-0.025402,0.353718,0.026432,0.026663,-0.003846,0.861159,0.436788,0.260039,-0.502656,0.807938,0.307524,-0.075772,-0.395538,0.915318,-0.007984,-0.000371,-2.5e-05,-0.000165,0.017473,-0.030575,0.29935,0.08649,0.04083,-0.025432,0.819982,-0.372542,-0.434557,0.44862,0.889793,0.083707,0.355482,-0.263589,0.896745,3e-06,-8e-06,-7e-06,1.7e-05,1.2e-05,-1.3e-05,0.336033
31,0.167996,-0.019581,0.359893,-0.766466,0.458141,-0.450203,-0.546813,-0.833111,0.083026,-0.336083,0.309238,0.889633,0.0,0.0,0.0,0.0,0.0,0.0,0.395118,-0.201149,-0.055051,0.306538,-0.834128,-0.469992,0.288668,0.545279,-0.780924,0.30457,0.083326,0.412051,0.907267,-0.000771,0.008624,-0.011436,0.036388,-0.011485,0.017758,0.346339,0.026318,0.026669,-0.003917,0.862567,0.436594,0.255661,-0.500977,0.807653,0.310994,-0.070707,-0.396333,0.915379,-0.00014,-0.001192,-0.001544,9.9e-05,0.015759,-0.026736,0.290696,0.086489,0.04083,-0.025432,0.819899,-0.372643,-0.434627,0.448728,0.889744,0.083645,0.355538,-0.26361,0.896717,5e-06,-5e-06,-6e-06,2.6e-05,1.3e-05,-1e-05,0.33636
32,0.167996,-0.019588,0.359887,-0.76648,0.458127,-0.450193,-0.546798,-0.83312,0.083035,-0.336075,0.309234,0.889638,-3e-06,-4.5e-05,-3.7e-05,0.0,0.0,0.0,0.395765,-0.201299,-0.055022,0.306448,-0.83488,-0.469975,0.286515,0.544499,-0.780811,0.306248,0.08083,0.412283,0.907388,-0.016042,-0.001298,-0.000783,-0.002045,0.015205,-0.029245,0.343074,0.026249,0.026686,-0.003968,0.863269,0.436495,0.253451,-0.500113,0.807556,0.312633,-0.068213,-0.396641,0.915435,-0.000374,0.004382,-0.005624,0.03856,-0.008829,0.016185,0.286124,0.086489,0.040827,-0.025435,0.819911,-0.372629,-0.434617,0.448712,0.889751,0.083654,0.35553,-0.263607,0.896721,3e-06,-2.5e-05,-2.2e-05,1.5e-05,4e-06,-1.2e-05,0.336849
33,0.167996,-0.019588,0.359887,-0.766385,0.458218,-0.450262,-0.546899,-0.83306,0.082971,-0.336128,0.309261,0.889608,-0.0,-0.0,-0.0,0.0,0.0,0.0,0.395882,-0.201581,-0.054917,0.306192,-0.836268,-0.470042,0.282325,0.543053,-0.780588,0.30937,0.076009,0.41263,0.907647,-0.000341,-0.002813,-0.003658,-0.145189,-0.161004,0.078831,0.331521,0.026102,0.026741,-0.004092,0.864465,0.436465,0.249394,-0.498652,0.807318,0.315568,-0.063606,-0.397159,0.915542,-0.008311,0.004417,-0.005131,-0.494558,-0.640105,0.371315,0.275837,0.086489,0.040827,-0.025435,0.819828,-0.37273,-0.434687,0.44882,0.889703,0.083592,0.355586,-0.263627,0.896692,2e-06,1e-06,2e-06,1.4e-05,6e-06,-1.3e-05,0.337666
34,0.167996,-0.019588,0.359887,-0.766289,0.45831,-0.450332,-0.547,-0.833,0.082907,-0.336181,0.309287,0.889579,-0.0,-0.0,-0.0,0.0,0.0,0.0,0.395475,-0.201873,-0.054785,0.305801,-0.837224,-0.468495,0.282065,0.541728,-0.780394,0.31217,0.07492,0.414752,0.906769,-0.016938,0.006348,-0.013522,-0.141332,0.237372,0.092926,0.307903,0.025963,0.026805,-0.004282,0.865143,0.4357,0.248379,-0.49768,0.807037,0.317811,-0.061981,-0.398565,0.915042,-0.000263,-0.002188,-0.002846,-0.301282,0.347502,0.157358,0.252649,0.086489,0.040827,-0.025435,0.819744,-0.372832,-0.434757,0.448928,0.889654,0.083529,0.355642,-0.263648,0.896664,-0.0,0.0,2e-06,1.1e-05,0.0,-1.4e-05,0.337829
35,0.167996,-0.019588,0.359887,-0.766289,0.45831,-0.450332,-0.547,-0.833,0.082907,-0.336181,0.309287,0.889579,-0.0,-0.0,-0.0,0.0,0.0,0.0,0.395994,-0.202026,-0.054711,0.305514,-0.837108,-0.468625,0.282191,0.541855,-0.780544,0.311575,0.075298,0.414323,0.906935,-0.001266,0.004567,-0.016744,0.032454,0.004707,-0.006046,0.287017,0.025887,0.026842,-0.004417,0.865304,0.434907,0.249206,-0.497293,0.807185,0.318042,-0.062837,-0.399132,0.914737,-0.000615,0.002382,-0.008235,0.047442,-0.007039,-0.005731,0.234034,0.086489,0.040827,-0.025435,0.819744,-0.372832,-0.434757,0.448928,0.889654,0.083529,0.355642,-0.263648,0.896664,-0.0,0.0,2e-06,1.1e-05,2e-06,-1.4e-05,0.337829
36,0.167996,-0.019588,0.359887,-0.766194,0.4584,-0.450401,-0.547101,-0.83294,0.082842,-0.336234,0.309313,0.88955,-0.0,-0.0,-0.0,0.0,0.0,0.0,0.396753,-0.20247,-0.054533,0.304711,-0.837975,-0.463771,0.287585,0.539967,-0.780307,0.315421,0.07917,0.42019,0.903901,-0.017626,0.000937,-0.020656,-0.326883,0.484555,0.206541,0.18891,0.025671,0.026932,-0.004808,0.865644,0.431902,0.253218,-0.496282,0.806965,0.320173,-0.066055,-0.402824,0.91289,-0.008807,0.000422,-0.01038,0.028069,0.036485,-0.010154,0.146021,0.086489,0.040827,-0.025435,0.819661,-0.372934,-0.434828,0.449036,0.889605,0.083467,0.355698,-0.263668,0.896636,0.0,0.0,2e-06,1.3e-05,6e-06,-1.4e-05,0.337993
37,0.168006,-0.019595,0.359881,-0.766001,0.458584,-0.450542,-0.547305,-0.832819,0.082713,-0.336341,0.309367,0.889491,-6e-06,-8.6e-05,-7e-05,0.0,0.0,0.0,0.399998,-0.203144,-0.054185,0.303543,-0.837224,-0.459997,0.295719,0.540621,-0.777076,0.322206,0.08263,0.430214,0.898862,-0.018422,0.009535,-0.032257,-0.180367,0.333295,0.142443,0.151536,0.025327,0.027106,-0.005402,0.865184,0.427176,0.262635,-0.496439,0.803541,0.328432,-0.07074,-0.414537,0.907278,-0.009195,0.004762,-0.016123,-0.249385,0.318137,0.382814,0.052782,0.086494,0.040823,-0.025439,0.819492,-0.373139,-0.434969,0.449255,0.889507,0.083341,0.355811,-0.26371,0.896579,-3e-06,-4.8e-05,-4e-05,2e-06,-1.5e-05,-1.5e-05,0.340768
38,0.168048,-0.019603,0.359874,-0.765761,0.458814,-0.450718,-0.547559,-0.832668,0.082551,-0.336475,0.309433,0.889417,-0.0,-2e-06,-1e-06,0.0,0.0,0.0,0.404715,-0.204065,-0.053515,0.301914,-0.817298,-0.485477,0.310367,0.572035,-0.747632,0.337277,0.069323,0.453811,0.888321,-0.035654,0.028695,-0.052022,-0.421717,0.52801,0.398315,0.136556,0.024873,0.027434,-0.006209,0.846462,0.454693,0.277049,-0.529241,0.77553,0.344175,-0.058366,-0.437957,0.897098,-0.009645,0.008551,-0.022625,-0.61747,0.575865,-0.011773,0.015225,0.086515,0.040819,-0.025443,0.819282,-0.373395,-0.435147,0.449526,0.889385,0.083184,0.355953,-0.263762,0.896508,0.0,8e-06,8e-06,1.1e-05,5e-06,-9e-06,0.346484
39,0.168069,-0.019618,0.359874,-0.765658,0.458912,-0.450792,-0.547677,-0.832595,0.082505,-0.336517,0.309483,0.889384,-3e-06,-5.3e-05,-4.3e-05,0.0,0.0,0.0,0.407577,-0.204542,-0.053084,0.300941,-0.794633,-0.516911,0.318361,0.604985,-0.71685,0.346488,0.050108,0.468586,0.881919,-0.019492,0.016168,-0.046632,-2.169015,-1.449839,-4.535931,0.126863,0.024628,0.027654,-0.006697,0.828389,0.481736,0.285834,-0.558496,0.749531,0.355365,-0.04305,-0.454017,0.889951,-0.017853,0.013898,-0.026635,-0.663337,0.589592,-0.084694,0.002978,0.086526,0.040811,-0.025442,0.819192,-0.373504,-0.435221,0.449652,0.889325,0.083141,0.356,-0.263807,0.896475,-4e-06,-2.1e-05,-1.6e-05,7e-06,-8e-06,-9e-06,0.350239
40,0.168112,-0.019628,0.359891,-0.765602,0.458966,-0.450831,-0.547755,-0.832543,0.082514,-0.336518,0.309541,0.889363,3e-06,5.3e-05,4.3e-05,0.0,0.0,0.0,0.406293,-0.205478,-0.052062,0.298751,-0.75091,-0.567906,0.337059,0.660242,-0.652083,0.372563,0.009149,0.503016,0.86415,-0.020171,0.025673,-0.057215,-2.38044,-1.446457,-4.272879,0.106315,0.024152,0.02817,-0.007811,0.785657,0.537935,0.305561,-0.618657,0.684989,0.384775,-0.002322,-0.491339,0.870964,-0.010127,0.01272,-0.028774,-2.391042,-1.43257,-4.258728,-0.024128,0.086547,0.040807,-0.025433,0.819143,-0.373564,-0.435261,0.449734,0.889282,0.083151,0.356008,-0.263865,0.896455,-1e-06,3.3e-05,2.8e-05,-1.1e-05,-5e-06,-1.3e-05,0.353995
41,0.168134,-0.019646,0.359929,-0.76549,0.459076,-0.450909,-0.54791,-0.832439,0.082531,-0.33652,0.309658,0.889322,0.00018,-0.010176,0.009306,-0.035719,0.011175,-0.019253,0.402378,-0.206401,-0.050878,0.296246,-0.708008,-0.602945,0.367659,0.705592,-0.584427,0.400648,-0.025814,0.543836,0.838713,-0.020356,0.02459,-0.058955,-2.855306,-1.018725,-3.800334,0.079618,0.023706,0.028737,-0.009018,0.74654,0.574854,0.334991,-0.664716,0.622612,0.412924,0.028802,-0.530939,0.846919,-0.010407,0.017283,-0.03431,-0.293364,2.368507,-1.837521,-0.053684,0.086559,0.040802,-0.025418,0.819036,-0.373697,-0.435349,0.449902,0.889198,0.083141,0.356042,-0.26396,0.896413,8e-06,0.000141,0.000115,-7e-06,-6e-06,-6e-06,0.351546
42,0.168135,-0.019648,0.359954,-0.765484,0.459083,-0.450912,-0.547935,-0.832419,0.082573,-0.336493,0.309703,0.889317,2.7e-05,0.000419,0.000343,0.0,0.0,0.0,0.400191,-0.206824,-0.050247,0.295006,-0.683398,-0.618407,0.387983,0.728853,-0.549088,0.408913,-0.038985,0.563008,0.825448,-0.020747,0.035978,-0.066928,-2.525342,-0.981147,-3.969175,0.063682,0.023487,0.02906,-0.009663,0.724063,0.590087,0.357112,-0.688559,0.588208,0.424141,0.040224,-0.552998,0.83221,-0.010406,0.017477,-0.03415,0.209549,2.745667,-0.874454,-0.074095,0.086559,0.040797,-0.025402,0.81904,-0.373694,-0.435343,0.449926,0.889179,0.083214,0.356002,-0.264028,0.896409,1.4e-05,0.000255,0.000208,-7e-06,2e-06,-6e-06,0.34877
43,0.168117,-0.019638,0.360015,-0.765476,0.459095,-0.450915,-0.547981,-0.83238,0.08266,-0.336437,0.309791,0.889307,7.3e-05,0.001134,0.000928,0.0,0.0,0.0,0.398504,-0.20753,-0.048757,0.292418,-0.633892,-0.628583,0.450617,0.771832,-0.478109,0.419073,-0.047188,0.614233,0.787626,-0.020332,0.039024,-0.063015,-0.673404,2.49073,-1.50246,0.03557,0.023133,0.0298,-0.010965,0.6745,0.607982,0.418814,-0.736665,0.516822,0.43614,0.048713,-0.602703,0.796476,-0.002215,0.01915,-0.032344,-3.124496,-0.760271,-3.415197,-0.117857,0.08655,0.040801,-0.025372,0.819033,-0.373707,-0.435345,0.449975,0.889146,0.083302,0.355956,-0.264122,0.8964,4.5e-05,0.000716,0.000585,4e-06,-1.1e-05,-2e-06,0.344687
44,0.16812,-0.019619,0.360057,-0.765333,0.459233,-0.451018,-0.548151,-0.832273,0.082609,-0.336486,0.309873,0.88926,2.1e-05,0.000324,0.000265,0.0,0.0,0.0,0.398456,-0.207796,-0.04717,0.290023,-0.561393,-0.642762,0.521235,0.824535,-0.381693,0.417595,-0.068764,0.665011,0.743568,-0.004005,0.041787,-0.060127,-0.655267,1.021299,0.444548,0.028584,0.022995,0.03058,-0.012144,0.605478,0.625219,0.492439,-0.793107,0.422584,0.438637,0.066147,-0.656143,0.751731,-0.001941,0.021103,-0.029715,-2.77747,0.042804,-4.915649,-0.14284,0.086551,0.040812,-0.02535,0.818908,-0.373861,-0.435449,0.450157,0.889059,0.083255,0.356014,-0.264198,0.896354,1.1e-05,0.0002,0.000164,2e-06,-7e-06,-2e-06,0.343544
45,0.168142,-0.019607,0.36008,-0.765175,0.459384,-0.451132,-0.548327,-0.832165,0.082526,-0.336558,0.309938,0.88921,4e-06,6.6e-05,5.4e-05,0.0,0.0,0.0,0.398394,-0.208052,-0.046244,0.288105,-0.497484,-0.629687,0.596654,0.863401,-0.293671,0.410158,-0.082434,0.719978,0.688984,-0.003677,0.01633,-0.04835,-3.300497,0.766546,-5.204597,0.011196,0.022867,0.031072,-0.013116,0.547386,0.613008,0.569727,-0.833768,0.340812,0.43437,0.072102,-0.712788,0.697662,-0.009807,0.007982,-0.024077,-0.651362,1.561766,0.151646,-0.162109,0.086563,0.040818,-0.025338,0.81877,-0.374029,-0.435564,0.450345,0.888971,0.083175,0.356094,-0.264255,0.896305,-1e-06,-2e-06,-1e-06,-2e-06,-5e-06,-3e-06,0.343381
46,0.168153,-0.019601,0.360085,-0.765145,0.459412,-0.451154,-0.548359,-0.832146,0.082506,-0.336575,0.309946,0.889201,3e-06,4.6e-05,3.7e-05,0.0,0.0,0.0,0.397606,-0.208313,-0.046139,0.287246,-0.481893,-0.60456,0.634254,0.873242,-0.272572,0.40384,-0.070668,0.749212,0.658446,-0.019533,0.003202,-0.042339,-0.643468,1.865047,-0.59446,-0.00524,0.022735,0.031133,-0.013561,0.527313,0.590953,0.610503,-0.847512,0.314637,0.427464,0.060524,-0.742817,0.666752,-0.009763,0.001428,-0.021411,-0.49537,1.789727,-0.674827,-0.176478,0.086568,0.040821,-0.025336,0.818744,-0.37406,-0.435586,0.450379,0.888956,0.083155,0.356112,-0.264262,0.896297,-2e-06,-2e-06,-1e-06,7e-06,-1e-06,3e-06,0.342891
47,0.168143,-0.019594,0.360091,-0.765147,0.45941,-0.451152,-0.548357,-0.832147,0.082507,-0.336573,0.309946,0.889201,6e-06,8.6e-05,7e-05,0.0,0.0,0.0,0.395777,-0.208702,-0.046264,0.285812,-0.418246,-0.579316,0.69961,0.903664,-0.188114,0.384629,-0.090699,0.793794,0.601273,-0.01886,-0.005656,-0.0312,-0.98857,1.302044,-1.332242,-0.029513,0.022547,0.031065,-0.014276,0.466253,0.569282,0.677145,-0.881346,0.232816,0.411127,0.076397,-0.788488,0.610286,-0.0014,-0.002763,-0.015813,-1.79733,0.911449,-2.142947,-0.207667,0.086563,0.040824,-0.025333,0.818746,-0.374058,-0.435584,0.450376,0.888957,0.083157,0.356111,-0.264261,0.896297,3e-06,3.8e-05,3.2e-05,1.3e-05,1.1e-05,7e-06,0.340605
48,0.168111,-0.019607,0.360093,-0.765219,0.459343,-0.451098,-0.54829,-0.832184,0.082579,-0.336518,0.309947,0.889222,-4.6e-05,-0.00071,-0.000581,0.0,0.0,0.0,0.395376,-0.208816,-0.046483,0.284819,-0.349006,-0.594943,0.724037,0.920523,-0.07327,0.383671,-0.174781,0.801125,0.572288,-0.002255,-0.001339,-0.025945,-5.058834,-2.665343,-2.448228,-0.03032,0.022484,0.03095,-0.01478,0.400453,0.585146,0.705152,-0.903411,0.123419,0.410628,0.153248,-0.80148,0.578051,-0.00086,-0.005935,-0.008434,-0.701292,1.243214,-1.165739,-0.217628,0.086547,0.040819,-0.025331,0.818809,-0.373983,-0.43553,0.450305,0.888987,0.083227,0.356056,-0.264269,0.896317,-0.007076,-0.000305,-7.4e-05,-0.000962,0.014733,-0.029544,0.338972
49,0.168111,-0.019607,0.360093,-0.765124,0.459433,-0.451168,-0.548391,-0.832124,0.082515,-0.336571,0.309973,0.889193,-1e-06,-1e-05,-8e-06,0.0,0.0,0.0,0.39547,-0.208859,-0.046686,0.284513,-0.313582,-0.605553,0.731412,0.923726,-0.016394,0.382617,-0.219316,0.796348,0.563555,-0.001473,-0.009851,-0.014064,-4.40346,-1.30683,-4.006935,-0.030063,0.022462,0.030854,-0.014934,0.367486,0.598773,0.711634,-0.908586,0.067779,0.412161,0.198557,-0.798045,0.568945,-0.000686,-0.004746,-0.006787,-1.415494,-0.815483,0.776292,-0.217954,0.086547,0.040817,-0.025332,0.818725,-0.374084,-0.4356,0.450413,0.888938,0.083165,0.356112,-0.264289,0.896289,2e-06,-5e-06,-3e-06,1.4e-05,9e-06,5e-06,0.338972
50,0.168132,-0.019629,0.360088,-0.764939,0.45961,-0.451301,-0.548594,-0.832,0.082414,-0.336658,0.310046,0.889135,-4e-06,-6.2e-05,-5.1e-05,0.0,0.0,0.0,0.396719,-0.208811,-0.047195,0.28425,-0.257287,-0.633355,0.729833,0.918276,0.074742,0.388738,-0.300439,0.770981,0.561415,-0.00051,-0.017176,-0.000473,-1.936367,-2.279861,0.874861,-0.023746,0.022486,0.030601,-0.015073,0.310978,0.62713,0.714142,-0.908329,-0.025017,0.417507,0.279697,-0.778512,0.56186,-0.00018,-0.008247,0.000267,-0.406184,-0.076685,-0.5205,-0.216811,0.086557,0.040806,-0.025335,0.818564,-0.374281,-0.435735,0.450631,0.888836,0.083068,0.356207,-0.264352,0.896232,-1e-06,-2.7e-05,-2.3e-05,4e-06,0.0,-5e-06,0.338972
51,0.168142,-0.019636,0.360082,-0.764746,0.459793,-0.451442,-0.548798,-0.831878,0.082283,-0.336765,0.310099,0.889075,-3e-06,-5.3e-05,-4.3e-05,0.0,0.0,0.0,0.40148,-0.208775,-0.047718,0.284131,-0.190577,-0.641077,0.743433,0.912533,0.163302,0.374899,-0.361506,0.750639,0.552917,-0.000953,-0.006357,-0.00914,-1.250277,-0.576485,-1.021467,-0.013485,0.022505,0.030339,-0.015124,0.243415,0.640617,0.728257,-0.906224,-0.117399,0.40617,0.345696,-0.758832,0.551966,-0.00031,-0.008516,-0.000312,-4.19208,-2.037641,-3.195128,-0.20783,0.086562,0.040802,-0.025338,0.818395,-0.374487,-0.435876,0.450849,0.888737,0.082942,0.35632,-0.264394,0.896175,-3e-06,-2e-05,-1.7e-05,3e-06,-1.5e-05,-3e-06,0.342728
52,0.168152,-0.019666,0.360084,-0.764588,0.459945,-0.451555,-0.548983,-0.831762,0.082223,-0.336822,0.310186,0.889024,-1.8e-05,-0.000275,-0.000225,0.0,0.0,0.0,0.407969,-0.208967,-0.048174,0.284009,-0.116171,-0.643637,0.756457,0.90079,0.25242,0.353262,-0.418174,0.723235,0.549476,-0.016764,-0.004652,-0.005997,-0.961857,-0.933552,-1.447638,0.014718,0.022415,0.03011,-0.015188,0.171541,0.645737,0.744039,-0.898462,-0.207281,0.387039,0.404151,-0.734885,0.544614,-0.000195,-0.00779,0.00071,-4.272491,-1.88181,-3.235937,-0.189541,0.086567,0.040788,-0.025337,0.818256,-0.374656,-0.435991,0.451047,0.888642,0.082885,0.356387,-0.264474,0.896125,-1.2e-05,-0.000165,-0.000135,6e-06,4e-06,-5e-06,0.350076
53,0.168162,-0.019681,0.360085,-0.764501,0.460028,-0.451617,-0.549084,-0.831699,0.082188,-0.336855,0.310231,0.888995,-1.5e-05,-0.000232,-0.00019,0.0,0.0,0.0,0.409977,-0.209099,-0.048332,0.283932,-0.083188,-0.641905,0.762253,0.894024,0.289685,0.341668,-0.440028,0.71068,0.548791,-0.016362,-0.015664,0.002351,-1.095673,-0.675121,-1.552688,0.032429,0.022343,0.03003,-0.015227,0.136642,0.646382,0.750678,-0.893929,-0.246083,0.374611,0.426871,-0.722241,0.544194,-0.008167,-0.007781,0.001252,-1.038917,-0.766169,-1.600234,-0.168967,0.086572,0.04078,-0.025337,0.81818,-0.374749,-0.436053,0.451155,0.888591,0.082852,0.356425,-0.264515,0.896097,-8e-06,-0.000111,-9.2e-05,7e-06,-4e-06,-5e-06,0.354158
54,0.168172,-0.019718,0.360094,-0.764354,0.46017,-0.451722,-0.549267,-0.831581,0.082158,-0.336891,0.310336,0.888945,-1.1e-05,-0.000168,-0.000138,0.0,0.0,0.0,0.411544,-0.209542,-0.048668,0.283812,-0.02329,-0.636824,0.770652,0.879163,0.353816,0.319093,-0.475846,0.685739,0.550632,-0.016746,-0.004334,-0.005579,0.27704,-0.247386,-0.918382,0.069126,0.022121,0.029863,-0.015286,0.077462,0.643759,0.761297,-0.882125,-0.311581,0.353231,0.464601,-0.698921,0.54374,-0.00837,-0.002216,-0.002831,0.2473,-0.210764,-0.894136,-0.124225,0.086577,0.040761,-0.025332,0.818051,-0.374908,-0.436159,0.451351,0.888493,0.082825,0.356473,-0.264616,0.896049,7.7e-05,-0.005275,0.004501,-0.035719,0.011154,-0.019269,0.35873
55,0.168193,-0.019756,0.360115,-0.764188,0.460331,-0.451839,-0.54948,-0.831443,0.082139,-0.336922,0.310468,0.888887,-0.0,-2e-06,-2e-06,0.0,0.0,0.0,0.411105,-0.210167,-0.049164,0.283758,0.028563,-0.625135,0.779988,0.85659,0.417374,0.303291,-0.51518,0.66023,0.546396,-0.0165,-0.016134,0.001601,-0.010785,0.136461,-0.486319,0.128411,0.021815,0.029621,-0.015313,0.024043,0.635478,0.771744,-0.863332,-0.376033,0.336534,0.504061,-0.674363,0.539588,-0.00824,-0.00804,0.00087,-0.023931,0.099309,-0.485124,-0.061848,0.086588,0.040742,-0.025322,0.817906,-0.375087,-0.436277,0.451577,0.88838,0.08281,0.356519,-0.264744,0.895993,-0.0,1.4e-05,9e-06,5e-06,-5e-06,-8e-06,0.359547
56,0.168194,-0.019773,0.360141,-0.764206,0.460316,-0.451823,-0.549488,-0.831429,0.08222,-0.336866,0.310527,0.888888,5.4e-05,0.000836,0.000683,0.0,0.0,0.0,0.410354,-0.210481,-0.049429,0.283716,0.047153,-0.618403,0.78444,0.845634,0.442599,0.298232,-0.531678,0.650041,0.542796,-0.016668,-0.017077,0.000207,-0.061207,0.138396,-0.250081,0.161304,0.021658,0.029491,-0.015332,0.005233,0.629518,0.776968,-0.853598,-0.401925,0.331399,0.520904,-0.664953,0.535252,-0.000318,-0.008832,-0.000625,-0.102307,0.229065,-0.398792,-0.021516,0.086588,0.040732,-0.02531,0.817922,-0.37507,-0.436261,0.451586,0.888368,0.082892,0.356471,-0.264809,0.895993,3.4e-05,0.000573,0.000469,-1.2e-05,-1.9e-05,-1.2e-05,0.359383
57,0.168185,-0.01982,0.360195,-0.764092,0.46043,-0.4519,-0.549673,-0.831298,0.082305,-0.336823,0.310708,0.888841,1e-06,1.2e-05,1e-05,0.0,0.0,0.0,0.407015,-0.211009,-0.049913,0.283543,0.077983,-0.60689,0.790946,0.824956,0.484651,0.290679,-0.559839,0.630567,0.537428,-0.00112,-0.007062,-0.010307,-0.01643,0.114511,-0.197833,0.241277,0.021389,0.029244,-0.015415,-0.02567,0.619357,0.784688,-0.834947,-0.444936,0.323875,0.549731,-0.64686,0.528552,-0.008404,-0.008895,-0.000413,-0.058445,0.140065,-0.246803,0.074663,0.086584,0.040711,-0.025281,0.817823,-0.375196,-0.436339,0.451783,0.888259,0.08298,0.356449,-0.264994,0.895947,8.3e-05,-0.005185,0.004574,-0.035717,0.011155,-0.019266,0.357424
58,0.168175,-0.019868,0.360249,-0.763978,0.460544,-0.451977,-0.549859,-0.831167,0.08239,-0.336779,0.310889,0.888794,0.0,0.0,0.0,0.0,0.0,0.0,0.401249,-0.211448,-0.050393,0.28328,0.110191,-0.59463,0.796407,0.800019,0.528436,0.284005,-0.589863,0.606571,0.532913,-0.000906,-0.019047,-0.003416,-4.44252,-1.543129,-2.989063,0.320575,0.021169,0.02901,-0.015548,-0.054658,0.608939,0.791331,-0.815073,-0.484996,0.316913,0.576773,-0.627671,0.522838,-0.008695,-0.003897,-0.005365,-0.025637,0.137907,-0.250667,0.181945,0.086579,0.040687,-0.025254,0.817724,-0.375322,-0.436417,0.451981,0.888151,0.083069,0.356426,-0.26518,0.895901,0.0,-9e-06,-8e-06,8e-06,1.8e-05,-1e-06,0.351709
59,0.168176,-0.019892,0.360282,-0.763911,0.46061,-0.452022,-0.549966,-0.831091,0.082437,-0.336755,0.310993,0.888767,0.0,1e-06,1e-06,0.0,0.0,0.0,0.398428,-0.211724,-0.050838,0.28293,0.135244,-0.577639,0.805006,0.780634,0.562379,0.272533,-0.61031,0.592259,0.525941,-0.001472,-0.009102,-0.013398,0.066753,0.167543,-0.208649,0.390067,0.021032,0.028784,-0.015718,-0.083597,0.592815,0.800987,-0.794607,-0.524711,0.305411,0.601339,-0.610939,0.51492,-0.000593,-0.010369,-0.002954,0.212787,0.601856,-0.739586,0.284981,0.086579,0.040675,-0.025238,0.817666,-0.375396,-0.436462,0.452095,0.888088,0.083119,0.356414,-0.265286,0.895874,1e-06,-8e-06,-9e-06,3e-06,-0.0,-1e-06,0.344687
