frame,MLTx,MLTy,MLTz,MLTR1,MLTR2,MLTR3,MLTR4,MLTR5,MLTR6,MLTR7,MLTR8,MLTR9,MLTTVx,MLTTVy,MLTTVz,MLTRVx,MLTRVy,MLTRVz,MLGA,MRTx,MRTy,MRTz,MRTR1,MRTR2,MRTR3,MRTR4,MRTR5,MRTR6,MRTR7,MRTR8,MRTR9,MRTTVx,MRTTVy,MRTTVz,MRTRVx,MRTRVy,MRTRVz,MRGA,SLTx,SLTy,SLTz,SLTR1,SLTR2,SLTR3,SLTR4,SLTR5,SLTR6,SLTR7,SLTR8,SLTR9,SLTTVx,SLTTVy,SLTTVz,SLTRVx,SLTRVy,SLTRVz,SLGA,SRTx,SRTy,SRTz,SRTR1,SRTR2,SRTR3,SRTR4,SRTR5,SRTR6,SRTR7,SRTR8,SRTR9,SRTTVx,SRTTVy,SRTTVz,SRTRVx,SRTRVy,SRTRVz,SRGA
1,0.142342,0.030756,0.4319,-0.759583,0.147618,-0.633473,-0.350683,-0.913175,0.207616,-0.546883,0.379661,0.746192,-3.4e-05,-0.000246,-9.5e-05,-0.06549,-0.042759,-0.226138,-1.21357,-0.198582,0.007097,0.354248,0.722184,0.082254,0.686787,-0.434051,0.826852,0.357561,-0.53935,-0.556426,0.631945,-0.000302,-0.003675,-0.002729,-0.011745,0.028402,-0.016312,-1.404773,0.020378,0.024616,0.000375,-0.687313,0.068974,0.723078,0.272351,-0.898383,0.344575,0.673368,0.433762,0.598685,-0.000108,-0.001326,-0.000984,0.008002,-0.010158,-0.001639,-0.907204,0.086666,0.040122,-0.023868,-0.82445,0.087757,-0.559088,-0.225439,-0.957065,0.182214,-0.519094,0.276266,0.808837,-2.1e-05,-0.000163,-6.4e-05,-0.035702,-0.081659,-0.035542,-0.835577
2,0.142334,0.030751,0.431919,-0.758695,0.145604,-0.635002,-0.350498,-0.912844,0.209376,-0.548232,0.381233,0.744399,1.6e-05,0.000117,4.5e-05,-0.009196,-0.018256,-0.006504,-1.237728,-0.198576,0.00707,0.354203,0.720495,0.078808,0.688961,-0.430363,0.829742,0.355316,-0.544545,-0.552604,0.630843,-0.000161,-0.001962,-0.001458,-0.012078,0.09766,-0.172822,-1.404838,0.020381,0.024599,0.00035,-0.685017,0.071894,0.72497,0.267915,-0.900525,0.342454,0.677474,0.428818,0.597614,-9.2e-05,-0.001139,-0.000846,0.002514,-0.007127,-0.002327,-0.907857,0.086662,0.040119,-0.023859,-0.823586,0.085814,-0.56066,-0.224953,-0.956839,0.183994,-0.520672,0.277657,0.807344,9e-06,7.3e-05,2.9e-05,0.019401,0.028921,0.004736,-0.83672
3,0.142335,0.030686,0.431904,-0.757231,0.14436,-0.637029,-0.351044,-0.91239,0.210439,-0.549903,0.382791,0.742364,-0.000499,-0.003652,-0.001412,-0.001349,0.009976,-0.027005,-1.297491,-0.19856,0.007021,0.354164,0.720108,0.068433,0.690473,-0.421044,0.83395,0.356628,-0.552302,-0.547614,0.628446,0.013246,-0.001108,-0.001691,-0.010423,0.083012,-0.143235,-1.404747,0.020384,0.024574,0.000331,-0.682404,0.08197,0.726364,0.258052,-0.902698,0.344303,0.68391,0.422394,0.594852,-3.6e-05,-0.000439,-0.000327,0.006242,-0.008666,-0.005301,-0.905571,0.086663,0.040094,-0.023864,-0.82236,0.085107,-0.562564,-0.22545,-0.956556,0.184853,-0.522393,0.278846,0.805822,-0.000181,-0.001317,-0.000509,0.003316,0.007197,0.002904,-0.840966
4,0.142366,0.030626,0.431817,-0.757082,0.144525,-0.637169,-0.351128,-0.91242,0.210168,-0.550054,0.382657,0.742322,0.011449,-0.001996,-0.00129,0.000984,-0.014715,0.029553,-1.326797,-0.198561,0.006999,0.35416,0.719405,0.068935,0.691156,-0.421785,0.833833,0.356024,-0.552652,-0.547729,0.628038,2.9e-05,0.000359,0.000267,-0.0,0.0,0.0,-1.404727,0.020389,0.024561,0.000328,-0.681765,0.081149,0.727056,0.258878,-0.902763,0.343512,0.684235,0.422413,0.594464,2.9e-05,0.000343,0.000256,-0.00074,-0.000587,-0.000805,-0.90851,0.086673,0.040055,-0.023911,-0.822289,0.085339,-0.562633,-0.225566,-0.956583,0.184573,-0.522455,0.278683,0.805838,-6.8e-05,-0.000502,-0.000193,-0.000626,0.000362,0.001044,-0.840149
5,0.142436,0.030715,0.431817,-0.75615,0.145766,-0.637993,-0.35228,-0.912241,0.209015,-0.550599,0.382612,0.74194,0.00026,0.001907,0.000738,0.008444,-0.07059,0.185749,-1.394261,-0.198546,0.007023,0.354215,0.719456,0.071645,0.690826,-0.422551,0.834439,0.353689,-0.551998,-0.546462,0.629714,0.000599,-0.009337,0.009678,-0.030228,0.003363,-0.022781,-1.404468,0.020396,0.024578,0.000352,-0.682515,0.078299,0.726664,0.259345,-0.903598,0.340952,0.68331,0.421162,0.596414,8.1e-05,0.000997,0.000741,-0.01262,0.010707,0.004492,-0.909816,0.086713,0.040097,-0.023911,-0.821626,0.086654,-0.5634,-0.226775,-0.956484,0.183601,-0.522975,0.278616,0.805523,0.005949,0.000659,-4e-06,0.000528,-0.014552,0.030248,-0.839822
6,0.142469,0.030754,0.431841,-0.755737,0.146325,-0.638354,-0.352829,-0.912136,0.208544,-0.550815,0.382647,0.741762,0.000399,0.002933,0.001134,0.001223,-0.010228,0.026915,-1.413185,-0.198503,0.007042,0.35424,0.721296,0.071012,0.688971,-0.42166,0.834059,0.355644,-0.550275,-0.547123,0.630647,0.000132,0.001616,0.0012,-0.256682,-0.533467,0.580592,-1.404419,0.020418,0.024584,0.000368,-0.683628,0.079107,0.72553,0.258978,-0.903121,0.342492,0.682335,0.422034,0.596912,7e-05,0.001028,0.00076,-0.858111,-1.773749,1.938808,-0.91047,0.086729,0.040117,-0.023899,-0.821252,0.087406,-0.56383,-0.227498,-0.956409,0.1831,-0.523249,0.278641,0.805337,0.000202,0.001479,0.00057,0.000857,-0.010087,0.027483,-0.840149
7,0.142426,0.030876,0.431912,-0.755359,0.146869,-0.638677,-0.353366,-0.912027,0.208113,-0.55099,0.382698,0.741606,0.000666,0.004889,0.001887,0.001224,-0.010226,0.026916,-1.423339,-0.198391,0.007038,0.354254,0.724077,0.061683,0.686948,-0.410698,0.83861,0.357762,-0.554906,-0.541252,0.631656,-5.8e-05,-0.000711,-0.000528,-0.00208,-0.00432,0.004703,-1.404239,0.020474,0.024587,0.000379,-0.685103,0.089191,0.722965,0.24718,-0.905127,0.345899,0.685227,0.41568,0.598058,-4.3e-05,-0.000524,-0.00039,-0.005473,-0.010927,0.010847,-0.911776,0.086707,0.040177,-0.023864,-0.820965,0.088024,-0.56415,-0.228101,-0.956337,0.182721,-0.523435,0.278691,0.805199,0.000344,0.002517,0.000972,0.000979,-0.010135,0.027298,-0.842598
8,0.142348,0.031023,0.431963,-0.754928,0.147484,-0.639045,-0.353926,-0.911935,0.20756,-0.551221,0.382679,0.741444,0.000242,0.001769,0.000682,-0.0,-0.0,-0.0,-1.450371,-0.198292,0.007029,0.35424,0.724476,0.057352,0.686904,-0.405672,0.841034,0.357807,-0.558081,-0.53795,0.631678,-0.0,-2e-06,-1e-06,0.0,-0.0,-0.0,-1.404294,0.020523,0.02458,0.00037,-0.684559,0.093475,0.722938,0.2418,-0.906476,0.346169,0.687685,0.41178,0.597934,-2e-06,-5e-06,-4e-06,-0.000319,-0.000112,-0.000456,-0.911939,0.08667,0.040258,-0.023836,-0.82064,0.088715,-0.564516,-0.228729,-0.956283,0.182223,-0.523671,0.278661,0.805056,0.000135,0.000984,0.00038,-0.00016,6.8e-05,0.000264,-0.843742
9,0.142351,0.031026,0.431995,-0.754373,0.14825,-0.639522,-0.354694,-0.911776,0.206949,-0.551487,0.382762,0.741203,5.9e-05,0.00043,0.000166,-0.0,-0.0,-0.0,-1.500764,-0.198222,0.007012,0.354236,0.724465,0.057351,0.686915,-0.405692,0.841019,0.357819,-0.55808,-0.537974,0.63166,0.013291,-0.000549,-0.001278,0.002045,-0.015205,0.029245,-1.404284,0.020558,0.024571,0.000368,-0.684549,0.093466,0.722949,0.241833,-0.906463,0.346178,0.687683,0.411809,0.597915,0.006643,-0.000288,-0.000652,0.001732,-0.015355,0.028973,-0.912102,0.086671,0.040261,-0.023819,-0.82022,0.089568,-0.564992,-0.229567,-0.956184,0.181688,-0.523963,0.278728,0.804843,1.6e-05,0.000129,5.1e-05,-0.00013,4.1e-05,0.000213,-0.848313
10,0.142334,0.030966,0.432076,-0.754806,0.144419,-0.639887,-0.350025,-0.913658,0.206597,-0.553867,0.379733,0.740986,8.4e-05,0.000614,0.000237,0.028644,-0.009248,-0.03317,-1.545093,-0.198021,0.006976,0.354245,0.725604,0.040166,0.686933,-0.385723,0.850336,0.357883,-0.570643,-0.524696,0.631603,0.013314,-0.000266,-0.001069,3.798406,1.962648,3.519823,-1.404595,0.020654,0.024553,0.000373,-0.682743,0.106265,0.722889,0.225783,-0.910262,0.347052,0.694898,0.400163,0.597482,0.006656,-0.000127,-0.000534,-0.009644,0.081503,-0.144665,-0.912755,0.086662,0.040227,-0.023781,-0.820242,0.085767,-0.565548,-0.224799,-0.957478,0.180832,-0.525991,0.275461,0.804645,4.8e-05,0.000356,0.000137,0.096127,-0.030955,-0.111592,-0.84815
11,0.142271,0.030927,0.432105,-0.75463,0.138092,-0.64149,-0.3446,-0.915343,0.208251,-0.557491,0.378033,0.739136,-3.9e-05,-0.000285,-0.00011,-0.025704,-0.051949,-0.018509,-1.574666,-0.197842,0.006957,0.354232,0.732165,0.02034,0.680817,-0.36227,0.857966,0.364128,-0.577614,-0.513265,0.634653,-1e-05,-0.000123,-9.1e-05,0.0,0.0,1e-06,-1.404191,0.020743,0.024543,0.000366,-0.684775,0.131316,0.716825,0.196167,-0.914109,0.354853,0.701855,0.383613,0.600199,-8e-06,-8.3e-05,-6.6e-05,0.002127,0.002994,-0.006189,-0.913735,0.086631,0.040208,-0.023766,-0.81938,0.079447,-0.567717,-0.21911,-0.958556,0.182097,-0.529722,0.273599,0.80283,-2.7e-05,-0.000193,-7.3e-05,-0.016627,-0.038613,-0.017197,-0.84913
12,0.142278,0.03091,0.432098,-0.752247,0.12805,-0.646353,-0.339031,-0.91634,0.212955,-0.564079,0.379164,0.733537,-2e-06,-1.5e-05,-6e-06,-0.088719,-0.179154,-0.063829,-1.615487,-0.197811,0.006978,0.354233,0.73619,0.009886,0.676696,-0.349898,0.861336,0.368247,-0.58013,-0.507886,0.636682,2.5e-05,0.000311,0.000231,-0.076969,-0.16004,0.174193,-1.404213,0.020764,0.024554,0.000366,-0.686634,0.142271,0.712946,0.183652,-0.914914,0.359449,0.703423,0.377744,0.602083,1.2e-05,0.000197,0.000146,-0.282438,-0.589846,0.643231,-0.913899,0.086634,0.040198,-0.02377,-0.81639,0.07014,-0.573224,-0.213119,-0.959125,0.186166,-0.536736,0.274149,0.797969,3e-06,6e-06,2e-06,-0.107758,-0.216893,-0.077242,-0.854029
13,0.1423,0.03089,0.432078,-0.750856,0.119826,-0.64954,-0.333464,-0.917644,0.216111,-0.569221,0.378712,0.729789,-0.000152,-0.001115,-0.00043,-0.069007,-0.139254,-0.049618,-1.69246,-0.19784,0.007017,0.354239,0.736117,0.009954,0.676775,-0.349956,0.861358,0.368142,-0.580188,-0.507849,0.63666,9.8e-05,0.001222,0.000908,-0.0,-0.0,0.0,-1.404072,0.020749,0.024572,0.000368,-0.686697,0.142256,0.712888,0.183662,-0.914899,0.359481,0.703359,0.377785,0.602131,5.3e-05,0.000673,0.000498,-0.00018,0.000558,-0.001508,-0.914878,0.086645,0.04019,-0.023779,-0.81415,0.062011,-0.577331,-0.207164,-0.959867,0.189042,-0.542439,0.273512,0.794323,-8.1e-05,-0.000605,-0.000233,-0.039832,-0.091106,-0.039694,-0.855988
14,0.142387,0.030808,0.432053,-0.74751,0.096782,-0.657196,-0.316627,-0.921625,0.224335,-0.583051,0.375653,0.720391,-0.000108,-0.000792,-0.000305,-0.203636,-0.40979,-0.145993,-1.840735,-0.197909,0.007047,0.354254,0.737892,0.00919,0.67485,-0.349008,0.860921,0.370058,-0.578502,-0.508601,0.637593,2.4e-05,0.000304,0.000226,-0.0,-0.0,0.0,-1.404236,0.020715,0.024589,0.000377,-0.688372,0.143347,0.711051,0.18295,-0.914273,0.361431,0.701906,0.378886,0.603135,1e-05,0.000135,0.0001,-0.000247,0.000141,-0.000732,-0.916021,0.086688,0.040147,-0.023792,-0.809838,0.041182,-0.585204,-0.189356,-0.96249,0.194308,-0.555252,0.26817,0.78726,-7.1e-05,-0.000543,-0.000211,-0.240934,-0.497992,-0.187005,-0.853375
15,0.142481,0.030797,0.432034,-0.749094,0.062166,-0.659575,-0.282064,-0.930773,0.232539,-0.59853,0.360153,0.715597,0.011551,-0.001191,-0.000978,0.065663,-0.118832,-0.102714,-1.914158,-0.19797,0.007073,0.354239,0.737486,0.009546,0.675289,-0.349438,0.860934,0.369621,-0.57876,-0.508573,0.63738,-3.1e-05,-0.000383,-0.000284,0.0,-0.0,-0.0,-1.404267,0.020685,0.024603,0.00037,-0.688026,0.1429,0.711476,0.183362,-0.914372,0.360971,0.702138,0.378815,0.60291,-2.1e-05,-0.00027,-0.000201,-0.000285,-0.000118,-0.000236,-0.917491,0.086731,0.040141,-0.023802,-0.806772,0.005402,-0.590838,-0.15328,-0.967638,0.200453,-0.570635,0.252283,0.781491,6e-05,0.004757,-0.005038,0.358979,-0.08577,-0.540615,-0.851089
16,0.142533,0.03082,0.431999,-0.749483,0.039105,-0.660901,-0.259086,-0.935967,0.238351,-0.608333,0.349817,0.712451,0.011551,-0.001189,-0.000977,-0.038894,-0.115356,-0.014731,-1.915907,-0.197982,0.00706,0.354218,0.73718,0.009809,0.675618,-0.349776,0.860927,0.369318,-0.578944,-0.50858,0.637207,-0.000156,-0.001943,-0.001443,-0.00173,0.014117,-0.025062,-1.404118,0.020679,0.024599,0.000361,-0.687765,0.142576,0.711793,0.183685,-0.914434,0.36065,0.702308,0.378789,0.602727,-7.9e-05,-0.000998,-0.000739,-0.001963,0.014001,-0.025247,-0.918471,0.086757,0.040153,-0.023819,-0.804671,-0.017565,-0.59346,-0.129265,-0.9704,0.203991,-0.579477,0.240859,0.778583,5e-06,2.2e-05,8e-06,0.001864,-0.07504,-0.06025,-0.852722
17,0.142638,0.030831,0.431978,-0.74693,0.000129,-0.664937,-0.224215,-0.941486,0.251601,-0.625071,0.337012,0.704086,1.4e-05,0.000103,4e-05,3.495846,-1.747307,-4.018475,-1.915971,-0.197999,0.006992,0.354143,0.736595,0.010311,0.676249,-0.350421,0.860914,0.368734,-0.579299,-0.508592,0.636875,-0.000255,-0.003174,-0.002359,-0.00173,0.014119,-0.025061,-1.404306,0.02067,0.024566,0.000325,-0.687277,0.141971,0.712386,0.184284,-0.914551,0.360048,0.70263,0.378734,0.602386,-8.7e-05,-0.001095,-0.000814,-0.000159,-7.9e-05,-0.000132,-0.918961,0.086814,0.040159,-0.023829,-0.7994,-0.050477,-0.598674,-0.09859,-0.971934,0.213594,-0.592654,0.229771,0.771988,0.00579,-0.000514,-0.000458,-0.341266,-0.575054,-0.365965,-0.857131
18,0.14274,0.030898,0.431948,-0.739832,-0.021774,-0.672474,-0.207858,-0.943194,0.259137,-0.638999,0.331518,0.69412,8.1e-05,0.000598,0.000231,-0.17789,-0.36031,-0.130825,-1.916255,-0.197985,0.006914,0.354084,0.736484,0.010404,0.676369,-0.350547,0.860907,0.368631,-0.579364,-0.508603,0.636808,-8.7e-05,-0.001081,-0.000804,0.0,0.0,0.0,-1.404108,0.020676,0.024521,0.000291,-0.687171,0.141839,0.712514,0.184424,-0.914571,0.359926,0.702697,0.378736,0.602308,-4.8e-05,-0.000604,-0.00045,-0.000109,-6.2e-05,-8.2e-05,-0.91945,0.08686,0.040193,-0.023844,-0.789897,-0.075417,-0.608583,-0.076022,-0.97271,0.219212,-0.608508,0.21942,0.762608,6.2e-05,0.000431,0.000166,-0.288221,-0.613478,-0.233377,-0.858438
19,0.142901,0.031014,0.431841,-0.731963,-0.035234,-0.680467,-0.198078,-0.944535,0.261897,-0.651045,0.326522,0.685237,0.000214,0.00159,0.000613,-0.039737,-0.113142,-0.020734,-1.916358,-0.197918,0.006877,0.354052,0.738345,0.00955,0.674349,-0.349502,0.860463,0.370655,-0.577623,-0.509369,0.637776,-8e-06,-0.000104,-7.8e-05,-0.0,-0.0,0.0,-1.403941,0.02071,0.024501,0.000274,-0.688922,0.143057,0.710578,0.183599,-0.913919,0.361998,0.701197,0.37985,0.603354,2e-06,1e-05,6e-06,7.9e-05,0.00029,-0.000435,-0.919614,0.086945,0.040248,-0.023899,-0.780453,-0.088369,-0.618937,-0.065885,-0.972824,0.221973,-0.621732,0.214018,0.753421,0.00012,0.000872,0.000336,0.003121,-0.032814,-0.004916,-0.859091
20,0.142955,0.031052,0.431802,-0.727575,-0.037056,-0.68506,-0.198924,-0.944254,0.262268,-0.655688,0.327135,0.680502,2.2e-05,0.000166,6.4e-05,-0.040824,-0.082286,-0.028846,-1.916047,-0.197857,0.006875,0.354059,0.738434,0.009467,0.674253,-0.34941,0.860456,0.370758,-0.577566,-0.509383,0.637817,9.6e-05,0.001196,0.00089,-0.0,-0.0,0.0,-1.403836,0.02074,0.024498,0.000276,-0.688994,0.143153,0.710488,0.183519,-0.913893,0.362103,0.701147,0.379875,0.603396,5.9e-05,0.000748,0.000553,0.001701,-0.014117,0.024958,-0.920104,0.086972,0.040271,-0.023917,-0.77635,-0.089384,-0.62393,-0.066742,-0.97267,0.22239,-0.626757,0.214295,0.749167,1e-05,6.5e-05,2.6e-05,-0.009215,-0.022483,-0.019664,-0.861867
21,0.142963,0.031142,0.431692,-0.724554,-0.040379,-0.688067,-0.19908,-0.943479,0.264928,-0.658976,0.32898,0.676424,-0.011452,0.010573,-0.009147,0.028464,-0.009675,-0.015244,-1.91658,-0.197625,0.006891,0.354067,0.738627,0.009279,0.674044,-0.349186,0.860456,0.370968,-0.577454,-0.509385,0.637916,0.013377,0.000468,-0.000526,0.002045,-0.015205,0.029245,-1.403619,0.020852,0.024509,0.000283,-0.689143,0.143359,0.710302,0.18333,-0.91385,0.362309,0.70105,0.379902,0.603491,0.006696,0.000339,-0.000186,0.002005,-0.01523,0.029217,-0.920104,0.086981,0.040311,-0.023969,-0.773499,-0.09203,-0.627079,-0.06671,-0.972083,0.224949,-0.630276,0.215831,0.745767,-4e-06,-4.1e-05,-1.7e-05,0.014865,0.023638,0.005511,-0.864153
22,0.142932,0.031226,0.431633,-0.724128,-0.039638,-0.688559,-0.199559,-0.943607,0.264111,-0.6593,0.328702,0.676244,4.5e-05,0.000335,0.000129,0.008395,-0.07076,0.185687,-1.916693,-0.197416,0.006865,0.354047,0.740448,0.008443,0.672054,-0.34818,0.859995,0.37298,-0.575727,-0.510178,0.638843,-3.9e-05,-0.000498,-0.000371,-0.0,-0.0,0.0,-1.403265,0.020956,0.024499,0.000274,-0.690858,0.144555,0.708391,0.182542,-0.913188,0.364369,0.699566,0.381038,0.604496,-3e-05,-0.00039,-0.000294,0.000244,0.000592,-0.000707,-0.920593,0.086961,0.040356,-0.024002,-0.773474,-0.091135,-0.627241,-0.067116,-0.972268,0.224028,-0.630264,0.215378,0.745907,0.005851,0.004344,-0.005453,0.036098,-0.025223,0.049999,-0.866765
23,0.142952,0.031269,0.431607,-0.723863,-0.039187,-0.688863,-0.199878,-0.943671,0.263638,-0.659494,0.32857,0.676119,0.000251,0.001865,0.000719,0.001216,-0.010256,0.026905,-1.916209,-0.197298,0.006826,0.354022,0.740645,0.008262,0.671839,-0.347957,0.859995,0.373188,-0.575608,-0.51018,0.638947,-0.000137,-0.001747,-0.0013,-0.0,-0.0,0.0,-1.402959,0.021021,0.024481,0.000263,-0.691032,0.144784,0.708175,0.182322,-0.913141,0.364597,0.699451,0.381064,0.604613,0.00658,-0.001163,-0.001309,0.000331,-0.001021,0.004069,-0.92092,0.08697,0.040374,-0.024016,-0.77326,-0.090505,-0.627595,-0.067588,-0.972358,0.223498,-0.630475,0.21524,0.745769,7e-05,0.004862,-0.004995,0.034847,-0.011375,0.020011,-0.869051
24,0.142931,0.031312,0.431625,-0.72182,-0.03653,-0.691149,-0.201399,-0.94431,0.26017,-0.661269,0.327032,0.67513,0.000111,0.000825,0.000318,1.380931,-1.38682,1.948991,-1.916018,-0.196982,0.006694,0.353977,0.740727,0.008151,0.67175,-0.347925,0.859921,0.373387,-0.575522,-0.510306,0.638925,0.01312,-0.002902,-0.003041,-0.01165,0.096299,-0.168801,-1.403163,0.021174,0.024416,0.000241,-0.691167,0.144996,0.707999,0.182223,-0.913047,0.36488,0.699343,0.381208,0.604647,-5.8e-05,-0.000757,-0.000568,-9e-06,-9e-06,-1.6e-05,-0.921247,0.086961,0.0404,-0.024006,-0.772067,-0.087977,-0.629421,-0.069188,-0.97285,0.220847,-0.631763,0.214057,0.745019,8.9e-05,0.000409,0.000141,1.382235,-1.38598,1.947894,-0.869868
25,0.142834,0.031348,0.431582,-0.721409,-0.035777,-0.691617,-0.201925,-0.944409,0.259402,-0.661556,0.326829,0.674947,-0.0115,0.001487,0.00109,-0.000984,0.014715,-0.029553,-1.915671,-0.196625,0.0066,0.35392,0.740747,0.008096,0.671729,-0.347922,0.859884,0.373476,-0.575499,-0.51037,0.638895,0.013157,-0.002491,-0.002738,0.00031,-0.001095,0.004179,-1.40335,0.021352,0.024367,0.000212,-0.691101,0.144963,0.70807,0.182329,-0.913025,0.364883,0.699381,0.381273,0.604562,-3.6e-05,-0.000477,-0.000362,-1.5e-05,-0.0,-7e-06,-0.922226,0.086916,0.040413,-0.024024,-0.771462,-0.086609,-0.630352,-0.070026,-0.973116,0.219406,-0.632409,0.213405,0.744658,3.3e-05,0.000241,9.4e-05,-0.000568,0.000279,0.000399,-0.870521
26,0.142804,0.03142,0.43156,-0.719885,-0.03741,-0.693118,-0.202059,-0.944012,0.260738,-0.663174,0.327793,0.672888,0.00017,0.001259,0.000485,-0.035651,-0.07182,-0.025744,-1.91557,-0.196468,0.006562,0.353881,0.740824,0.008016,0.671646,-0.347822,0.859889,0.373556,-0.57546,-0.510361,0.638936,-0.00013,-0.00172,-0.001283,0.0,0.0,0.0,-1.40325,0.021435,0.024347,0.000191,-0.691165,0.14506,0.707988,0.182232,-0.91301,0.364969,0.699343,0.381273,0.604606,0.006588,-0.001161,-0.001314,0.002034,-0.015213,0.029243,-0.9219,0.086897,0.040451,-0.02404,-0.769829,-0.087988,-0.632155,-0.070161,-0.972782,0.22084,-0.634381,0.214362,0.742703,0.00013,0.000962,0.000373,-0.045065,-0.092709,-0.034158,-0.870521
27,0.142779,0.031552,0.431519,-0.718348,-0.039052,-0.69462,-0.202125,-0.943647,0.262006,-0.664818,0.328654,0.670843,0.000131,0.000972,0.000374,-0.000452,-0.00091,-0.000327,-1.915007,-0.196164,0.006495,0.353798,0.741059,0.007786,0.671387,-0.347513,0.859919,0.373774,-0.575343,-0.510314,0.63908,0.013274,-0.001029,-0.001652,0.002045,-0.015205,0.029245,-1.403403,0.021587,0.02431,0.000147,-0.691362,0.145333,0.70774,0.181936,-0.912976,0.365203,0.699226,0.381251,0.604756,0.006642,-0.000458,-0.000793,0.002041,-0.015206,0.029241,-0.923206,0.086885,0.04052,-0.024059,-0.768263,-0.089404,-0.63386,-0.070087,-0.972498,0.222116,-0.636286,0.215069,0.740867,7.6e-05,0.000566,0.000219,0.006789,0.011348,0.003039,-0.87395
28,0.142775,0.031666,0.431543,-0.715241,-0.042244,-0.697632,-0.202616,-0.942778,0.264742,-0.668011,0.330753,0.666627,0.000514,0.003801,0.001461,-0.00603,-0.024877,0.021658,-1.914564,-0.195973,0.006476,0.353796,0.741048,0.007775,0.6714,-0.347543,0.859892,0.373808,-0.57534,-0.510359,0.639046,0.01339,0.000529,-0.000491,0.002045,-0.015205,0.029245,-1.403656,0.021683,0.0243,0.000146,-0.691348,0.145341,0.707752,0.181972,-0.912955,0.365236,0.69923,0.381296,0.604722,0.006702,0.00036,-0.00018,0.002047,-0.015201,0.029234,-0.924513,0.086882,0.040573,-0.024048,-0.764964,-0.092151,-0.637446,-0.070478,-0.971792,0.225061,-0.640204,0.217089,0.736891,0.000261,0.001935,0.000743,0.015084,0.009351,0.030302,-0.876889
29,0.142805,0.031792,0.431632,-0.715025,-0.041841,-0.697878,-0.20302,-0.942771,0.264457,-0.668119,0.330823,0.666483,0.000527,0.003898,0.001496,-2e-06,-3e-06,-1e-06,-1.91432,-0.195941,0.006473,0.353817,0.740574,0.008174,0.671919,-0.348121,0.859835,0.373402,-0.575601,-0.51045,0.638739,6.9e-05,0.000929,0.000693,0.0,0.0,0.0,-1.403811,0.021699,0.024299,0.000156,-0.69094,0.144854,0.70825,0.182528,-0.913019,0.3648,0.699489,0.381331,0.604401,4.6e-05,0.000626,0.000465,-1.2e-05,-2e-06,8e-06,-0.924349,0.086897,0.040637,-0.024003,-0.765016,-0.091561,-0.637467,-0.070847,-0.971868,0.224614,-0.640101,0.216996,0.737008,0.000309,0.002301,0.000883,0.001459,-0.009274,0.027492,-0.877053
30,0.142795,0.031858,0.431648,-0.714847,-0.041523,-0.698079,-0.203269,-0.942802,0.264155,-0.668233,0.330775,0.666393,0.000344,0.002543,0.000975,-0.0,-0.0,-0.0,-1.91462,-0.195949,0.006494,0.353833,0.740423,0.008303,0.672083,-0.348296,0.859825,0.373261,-0.575688,-0.510465,0.638648,0.000111,0.001501,0.001119,0.0,0.0,0.0,-1.403407,0.021694,0.02431,0.000165,-0.690811,0.144696,0.708408,0.182694,-0.913045,0.36465,0.699573,0.381327,0.604307,6.2e-05,0.000835,0.000623,-2e-05,-2e-06,1.4e-05,-0.924513,0.086893,0.040674,-0.023994,-0.7649,-0.091204,-0.637658,-0.071124,-0.971914,0.224329,-0.640209,0.216942,0.73693,0.000168,0.00125,0.000478,-0.000186,0.000204,0.000335,-0.878032
31,0.142795,0.031917,0.431682,-0.712902,-0.04243,-0.700011,-0.204131,-0.942396,0.264936,-0.670046,0.331815,0.664051,6e-05,0.000443,0.00017,-0.000166,-0.000337,-0.000121,-1.914505,-0.19596,0.006487,0.353829,0.740397,0.008327,0.672112,-0.348328,0.859824,0.373235,-0.575703,-0.510468,0.638633,-2.1e-05,-0.000277,-0.000207,0.0,0.0,0.0,-1.40372,0.021689,0.02431,0.000165,-0.690788,0.144668,0.708436,0.182724,-0.91305,0.364624,0.699587,0.381327,0.60429,-1.4e-05,-0.000194,-0.000145,-5e-06,-5e-06,1e-06,-0.925002,0.086893,0.040705,-0.023976,-0.763005,-0.091808,-0.639837,-0.071968,-0.971641,0.225239,-0.642372,0.217906,0.734761,2e-05,0.000153,5.8e-05,0.003853,0.006541,0.001814,-0.878849
32,0.142788,0.031926,0.431685,-0.709902,-0.042501,-0.70305,-0.204954,-0.942522,0.263853,-0.672974,0.33145,0.661267,0.0,1e-06,0.0,-0.00023,-0.000466,-0.000167,-1.91444,-0.196001,0.006474,0.353821,0.740227,0.008475,0.672297,-0.348527,0.859812,0.373075,-0.5758,-0.510484,0.638532,-6.5e-05,-0.000869,-0.000649,0.0,0.0,0.0,-1.403466,0.021669,0.024304,0.000162,-0.690644,0.144488,0.708614,0.182913,-0.91308,0.364454,0.69968,0.381323,0.604184,-0.006711,-0.000476,8.8e-05,-0.002044,0.015211,-0.02926,-0.924513,0.086889,0.040708,-0.023975,-0.760286,-0.091376,-0.643128,-0.072868,-0.97181,0.224217,-0.645487,0.217333,0.732196,-8e-06,-5.3e-05,-2.1e-05,0.003681,0.00838,0.0011,-0.878196
33,0.142791,0.031943,0.431702,-0.705646,-0.03802,-0.707576,-0.206496,-0.944188,0.256592,-0.676967,0.327216,0.659297,0.000257,0.001898,0.000727,1.345631,-1.376382,1.980916,-1.914909,-0.196001,0.006467,0.353816,0.740214,0.008486,0.672311,-0.348542,0.859811,0.373063,-0.575808,-0.510485,0.638524,-2.2e-05,-0.00029,-0.000216,0.0,0.0,0.0,-1.403537,0.021669,0.024298,0.000158,-0.690633,0.144475,0.708627,0.182927,-0.913082,0.364441,0.699688,0.381322,0.604176,-1e-05,-0.000146,-0.000108,2e-06,-8e-06,-7e-06,-0.925002,0.08689,0.040713,-0.023968,-0.757335,-0.086671,-0.647248,-0.074647,-0.973166,0.217657,-0.648745,0.213154,0.730543,0.000172,0.001033,0.00038,1.343175,-1.369981,1.973879,-0.878686
34,0.142803,0.032122,0.431833,-0.67984,-0.010028,-0.733323,-0.216011,-0.952812,0.213214,-0.700016,0.303364,0.64651,0.001031,0.007629,0.002915,1.472893,-1.511143,2.192504,-1.914116,-0.195991,0.006459,0.353822,0.740219,0.008479,0.672306,-0.34855,0.859798,0.373086,-0.575797,-0.510507,0.638516,-0.0,-0.0,-0.0,0.0,0.0,0.0,-1.403359,0.021674,0.024294,0.00016,-0.690636,0.144481,0.708622,0.182939,-0.913071,0.364463,0.699681,0.381346,0.604169,4e-06,9e-06,9e-06,-1.8e-05,1.4e-05,9e-06,-0.925166,0.086895,0.040794,-0.023906,-0.738048,-0.055868,-0.67243,-0.086511,-0.980506,0.176417,-0.669178,0.188376,0.718828,0.000498,0.003688,0.001408,0.451093,-0.528845,0.855347,-0.882115
35,0.14278,0.032319,0.431952,-0.646989,0.030277,-0.761928,-0.233011,-0.959261,0.159673,-0.725253,0.280801,0.628638,0.000445,0.003293,0.001255,0.440906,-0.68884,1.339748,-1.914035,-0.19598,0.006457,0.353833,0.740149,0.008536,0.672382,-0.348645,0.85978,0.373038,-0.57583,-0.510537,0.638463,6e-06,7.6e-05,5.6e-05,0.0,0.0,0.0,-1.403601,0.021679,0.024294,0.000166,-0.690575,0.144411,0.708696,0.183034,-0.913073,0.364411,0.699716,0.381368,0.604114,6e-06,3.7e-05,2.9e-05,-1.2e-05,-4e-06,1.9e-05,-0.925492,0.086886,0.040906,-0.023841,-0.712026,-0.009845,-0.702083,-0.107459,-0.986594,0.122815,-0.693881,0.162892,0.701423,0.000312,0.00189,0.000711,1.379241,-1.619871,2.712574,-0.898117
36,0.142739,0.032458,0.432028,-0.633065,0.054868,-0.772181,-0.252331,-0.957626,0.138757,-0.731064,0.282614,0.621049,0.000631,0.004661,0.001773,-0.370757,0.038912,0.326859,-1.914299,-0.195949,0.006456,0.353842,0.740194,0.008493,0.672333,-0.348604,0.85977,0.3731,-0.575796,-0.510555,0.638479,0.0,3e-06,2e-06,0.0,0.0,0.0,-1.391908,0.021695,0.024293,0.000171,-0.690614,0.144463,0.708648,0.182999,-0.913055,0.364474,0.699688,0.381393,0.604132,-0.0,-7e-06,-6e-06,-2e-06,3e-06,3e-06,-0.924839,0.086865,0.04097,-0.023805,-0.70138,0.017525,-0.712571,-0.128812,-0.986354,0.10253,-0.701051,0.163701,0.694066,0.00038,0.002761,0.001038,-1.328866,0.944071,-1.047293,-0.901383
37,0.142642,0.032656,0.432088,-0.628543,0.064532,-0.775123,-0.261783,-0.955956,0.132624,-0.731647,0.286188,0.618721,0.001147,0.008452,0.003209,0.03029,-0.280123,0.737767,-1.9149,-0.195908,0.006454,0.35385,0.740254,0.008437,0.672268,-0.348547,0.859761,0.373175,-0.575754,-0.510571,0.638504,0.01334,-0.000148,-0.000997,0.002045,-0.015205,0.029245,-1.378964,0.02171,0.024293,0.000176,-0.690652,0.144514,0.7086,0.182965,-0.913036,0.364538,0.699659,0.381418,0.604149,2e-06,2.9e-05,2.1e-05,6e-06,1.9e-05,-1.9e-05,-0.921736,0.086819,0.041058,-0.023779,-0.698862,0.026771,-0.714754,-0.138477,-0.985456,0.098487,-0.701723,0.167805,0.692405,0.000698,0.005146,0.001958,0.012947,-0.334704,0.908476,-0.897954
38,0.142654,0.033117,0.432183,-0.621988,0.067935,-0.780103,-0.27521,-0.951631,0.136489,-0.732329,0.299496,0.611574,0.001199,0.008835,0.003338,-0.178307,-0.7668,0.379505,-1.91434,-0.195787,0.006413,0.353861,0.740373,0.008318,0.672138,-0.348458,0.859716,0.373363,-0.575655,-0.51065,0.638531,-3.3e-05,-0.000451,-0.000337,0.0,0.0,0.0,-1.364382,0.021776,0.024272,0.000181,-0.690762,0.144671,0.708461,0.18288,-0.912971,0.364744,0.699572,0.381515,0.604188,-2e-05,-0.000257,-0.000195,0.0,-1.5e-05,1e-05,-0.921247,0.086822,0.041302,-0.023727,-0.693898,0.033155,-0.719308,-0.152654,-0.983006,0.101952,-0.703705,0.18055,0.687168,0.000592,0.004389,0.001661,-0.147227,-0.726307,0.406284,-0.897627
39,0.142618,0.033345,0.432416,-0.608291,0.06876,-0.790758,-0.284339,-0.948993,0.136141,-0.740312,0.307566,0.597803,-0.01046,0.008626,0.003773,-0.066741,-0.363632,0.255383,-1.914373,-0.195644,0.00633,0.353903,0.740384,0.008282,0.672126,-0.348563,0.859596,0.37354,-0.575577,-0.510851,0.63844,0.013337,-0.000213,-0.001047,0.002045,-0.015205,0.029245,-1.360432,0.021842,0.02423,0.000201,-0.690755,0.144694,0.708464,0.183032,-0.912878,0.364899,0.69954,0.381728,0.604091,-2e-06,0.0,-3e-06,3e-06,1.1e-05,-1.8e-05,-0.922063,0.086812,0.041414,-0.023617,-0.680092,0.034749,-0.732301,-0.16185,-0.981346,0.103744,-0.715037,0.189078,0.67303,0.000561,0.004161,0.001567,-0.098104,-0.396761,0.097304,-0.897137
40,0.14249,0.033414,0.432572,-0.599405,0.06503,-0.797828,-0.287149,-0.947818,0.138412,-0.746454,0.311974,0.587796,-0.01054,0.007989,0.003529,-0.189732,-0.642931,-0.027323,-1.914605,-0.195592,0.00625,0.35394,0.740178,0.008441,0.672352,-0.348912,0.859476,0.373491,-0.57563,-0.511051,0.638232,0.000408,-0.012338,0.007446,-0.038102,0.025994,-0.042607,-1.355494,0.021873,0.024198,0.000219,-0.690605,0.144533,0.708642,0.183338,-0.912836,0.364851,0.699607,0.381889,0.603911,-4e-06,-4.3e-05,-3.5e-05,-0.011986,0.097257,-0.173059,-0.9219,0.086744,0.04145,-0.023533,-0.672247,0.033375,-0.739573,-0.164739,-0.980679,0.105487,-0.721764,0.19275,0.664757,0.000348,-0.001745,0.00617,-0.323051,-0.890029,-0.128465,-0.895341
41,0.142204,0.03344,0.43278,-0.583613,0.058428,-0.809955,-0.292019,-0.945779,0.142123,-0.757013,0.319389,0.570042,0.000237,0.001729,0.000649,-0.141428,-0.517327,0.022853,-1.913456,-0.195487,0.006074,0.354026,0.740007,0.00855,0.672538,-0.349359,0.859223,0.373653,-0.575578,-0.511474,0.637939,-1.8e-05,-0.000251,-0.000188,0.0,0.0,0.0,-1.352121,0.021925,0.024101,0.000262,-0.690432,0.14437,0.708844,0.183877,-0.912674,0.364984,0.699637,0.382337,0.603593,0.000249,-0.00555,0.004184,-0.036368,0.011883,-0.017545,-0.9219,0.086598,0.04147,-0.023426,-0.656155,0.028775,-0.754077,-0.169534,-0.979349,0.110147,-0.735335,0.200115,0.647483,9e-05,0.000685,0.000261,-0.146825,-0.531878,0.017818,-0.892729
42,0.142166,0.033439,0.432956,-0.577776,0.047989,-0.814811,-0.295281,-0.942938,0.153781,-0.760223,0.329385,0.559995,0.000322,-0.006274,0.011292,-0.073667,-0.21406,0.14083,-1.91328,-0.195414,0.005938,0.354095,0.738112,0.0094,0.674607,-0.350647,0.859481,0.37185,-0.577226,-0.511027,0.636808,-3.4e-05,-0.000464,-0.000347,0.0,0.0,-0.0,-1.352056,0.021963,0.024034,0.000297,-0.688632,0.143137,0.710842,0.184998,-0.913199,0.363101,0.701114,0.381547,0.602378,0.000239,-0.005703,0.004073,-0.037288,0.00995,-0.015342,-0.923369,0.086578,0.041466,-0.023344,-0.649406,0.018819,-0.760208,-0.171857,-0.977462,0.12261,-0.740768,0.210271,0.638003,0.000108,0.000817,0.000307,-0.025868,-0.114871,-0.036161,-0.889789
43,0.142205,0.033176,0.433326,-0.570101,0.0278,-0.821132,-0.291081,-0.94143,0.170157,-0.767604,0.335982,0.545827,0.011543,-0.017859,0.020077,-0.232794,-0.48921,-0.188929,-1.913379,-0.195322,0.005904,0.354113,0.738289,0.009236,0.674415,-0.350494,0.85944,0.37209,-0.577093,-0.511099,0.636871,0.013348,-0.000186,-0.00103,0.002045,-0.015205,0.029245,-1.349507,0.022003,0.024017,0.000306,-0.688785,0.14333,0.710656,0.184878,-0.913123,0.363353,0.700996,0.381656,0.602447,2e-06,1.3e-05,9e-06,-3.1e-05,-3.1e-05,2.8e-05,-0.923696,0.086594,0.041338,-0.023163,-0.640756,0.00083,-0.767743,-0.166524,-0.976342,0.137926,-0.749466,0.216225,0.625736,0.000125,-0.003376,0.005561,-0.269808,-0.597123,-0.441108,-0.888156
44,0.142227,0.032962,0.433635,-0.566993,0.013057,-0.823647,-0.285634,-0.940951,0.181648,-0.771939,0.338232,0.538271,8.1e-05,-0.016674,0.021061,-0.267443,-0.564647,-0.256892,-1.913439,-0.195291,0.005903,0.354123,0.738247,0.009267,0.674461,-0.350555,0.859424,0.37207,-0.57711,-0.511126,0.636834,2e-06,3.4e-05,2.5e-05,0.0,0.0,0.0,-1.344856,0.022024,0.024017,0.000311,-0.68876,0.143306,0.710684,0.184923,-0.913117,0.363345,0.701008,0.38168,0.602418,0.006675,-7.2e-05,-0.000501,0.002032,-0.015226,0.029252,-0.92239,0.086609,0.041232,-0.023009,-0.6365,-0.013123,-0.771164,-0.160156,-0.975812,0.148794,-0.754464,0.218214,0.619003,0.000118,-0.003413,0.005551,-0.32538,-0.815027,-0.32271,-0.8893
45,0.142197,0.03248,0.434183,-0.564315,-0.002828,-0.825582,-0.285591,-0.937584,0.198359,-0.773916,0.347715,0.529316,-0.011749,-0.018115,0.021073,-0.096695,-0.034936,-0.093667,-1.913135,-0.19526,0.005909,0.354137,0.738305,0.009213,0.674397,-0.3505,0.859414,0.372143,-0.577069,-0.511142,0.636858,3.8e-05,0.000533,0.000398,0.0,0.0,0.0,-1.320428,0.022039,0.024018,0.000318,-0.68881,0.143371,0.710623,0.184875,-0.913097,0.363421,0.700972,0.381705,0.602444,2.5e-05,0.000347,0.000259,-2e-06,-6e-06,-7e-06,-0.920757,0.086599,0.040998,-0.022737,-0.630973,-0.029482,-0.775243,-0.158963,-0.973162,0.16639,-0.759343,0.228223,0.609353,-0.000128,-0.005187,0.004888,-0.02541,0.003192,-0.02208,-0.887177
46,0.141834,0.032149,0.434444,-0.564,-0.020186,-0.825556,-0.262708,-0.943376,0.202479,-0.7822,0.331098,0.527792,-0.012073,-0.003113,-0.000634,0.008794,0.021909,-0.06367,-1.913241,-0.195239,0.005892,0.354149,0.740221,0.008313,0.672305,-0.349407,0.858943,0.374254,-0.575274,-0.511948,0.637834,0.0,0.0,0.0,-0.0,-0.0,0.0,-1.277429,0.02205,0.024011,0.000324,-0.690612,0.144652,0.708611,0.184007,-0.912407,0.365587,0.699425,0.382869,0.603502,0.0,-7e-06,-4e-06,0.000414,0.000901,-0.001041,-0.905571,0.086413,0.040824,-0.022595,-0.629317,-0.04625,-0.77577,-0.135137,-0.976507,0.167843,-0.765308,0.210462,0.608282,-0.006052,-0.001658,-0.000349,0.009154,0.0314,-0.061578,-0.890116
47,0.141725,0.032077,0.434494,-0.566223,-0.026405,-0.823857,-0.256184,-0.944348,0.206273,-0.782755,0.327882,0.528976,-0.000196,-0.010029,0.009914,-0.053491,0.090941,-0.222992,-1.913416,-0.195239,0.005869,0.354156,0.74019,0.008337,0.67234,-0.349472,0.858914,0.374259,-0.575275,-0.511997,0.637794,-1.4e-05,-0.0002,-0.000149,-0.0,-0.0,0.0,-1.278337,0.02205,0.024,0.000328,-0.690577,0.144617,0.708652,0.184081,-0.912394,0.365581,0.69944,0.382911,0.603458,-9e-06,-0.00013,-9.7e-05,5.1e-05,0.00011,-0.000134,-0.907204,0.086357,0.040783,-0.022577,-0.630671,-0.052625,-0.774263,-0.128309,-0.976896,0.17091,-0.765369,0.207133,0.609348,-4.3e-05,-0.000304,-0.000107,-0.032424,0.033949,-0.059669,-0.890606
48,0.141897,0.032072,0.434453,-0.569132,-0.044587,-0.821064,-0.232257,-0.94915,0.21247,-0.788083,0.311671,0.530861,0.01144,-0.001479,-0.001085,0.001074,-0.014738,0.029496,-1.913348,-0.195227,0.005813,0.354189,0.740919,0.010627,0.671504,-0.349738,0.859588,0.372458,-0.574173,-0.510825,0.639724,0.000523,-0.010845,0.008566,-0.034068,0.008527,-0.019583,-1.283569,0.022056,0.023975,0.000341,-0.691902,0.1424,0.707808,0.184052,-0.913179,0.363632,0.698137,0.381872,0.605621,-0.0,8e-06,4e-06,-0.011843,0.011599,0.00554,-0.913082,0.086439,0.040779,-0.022592,-0.63131,-0.071276,-0.772247,-0.103452,-0.979128,0.174942,-0.768598,0.190334,0.61076,-1.5e-05,-0.000129,-4.5e-05,-0.010167,0.070159,-0.184693,-0.890606
49,0.142094,0.031995,0.434497,-0.572969,-0.045129,-0.818361,-0.226098,-0.951034,0.210682,-0.787089,0.305795,0.535732,0.011494,-0.001094,-0.00094,0.024186,0.054315,0.054252,-1.91342,-0.195195,0.005749,0.354214,0.740878,0.010651,0.671549,-0.349869,0.859505,0.372528,-0.574146,-0.510964,0.639637,-6.6e-05,-0.000919,-0.000686,0.0,-1e-06,-0.0,-1.279974,0.022072,0.023942,0.000358,-0.691769,0.142481,0.707922,0.184271,-0.913054,0.363834,0.698211,0.382139,0.605368,0.000217,-0.006029,0.00383,-0.036589,0.012219,-0.017316,-0.914388,0.086538,0.040741,-0.02257,-0.635135,-0.07217,-0.769021,-0.097272,-0.980224,0.172328,-0.76625,0.184256,0.615555,-3.8e-05,-0.004602,0.005112,-0.028644,0.052254,-3.7e-05,-0.888156
50,0.142336,0.032064,0.434471,-0.576733,-0.041858,-0.815887,-0.225625,-0.951681,0.20825,-0.784469,0.304235,0.540441,0.000421,0.011736,-0.009275,0.041774,0.006097,0.025206,-1.913832,-0.195152,0.005637,0.354278,0.740793,0.010702,0.671642,-0.350135,0.859338,0.372662,-0.574093,-0.511243,0.639461,-5.3e-05,-0.000738,-0.000551,0.0,-0.0,-0.0,-1.281858,0.022094,0.023885,0.00039,-0.69169,0.142419,0.708012,0.184569,-0.912945,0.363956,0.698211,0.382422,0.605189,-4.2e-05,-0.000569,-0.000424,5.2e-05,3.1e-05,6.3e-05,-0.916511,0.086658,0.040768,-0.022581,-0.638997,-0.069473,-0.766064,-0.097062,-0.980669,0.169898,-0.763059,0.18292,0.619902,9.7e-05,0.000704,0.000261,-0.01922,0.053974,-0.188036,-0.88881
51,0.142445,0.032123,0.434447,-0.576693,-0.041869,-0.815915,-0.225548,-0.951712,0.208191,-0.78452,0.304137,0.540422,0.000341,0.002505,0.000938,0.000103,0.000307,0.00011,-1.914478,-0.195128,0.005587,0.354326,0.740766,0.010713,0.671671,-0.350264,0.859243,0.372762,-0.574049,-0.511404,0.639372,6.1e-05,0.000854,0.000638,0.0,-0.0,-0.0,-1.28309,0.022105,0.02386,0.000408,-0.691673,0.142413,0.70803,0.184691,-0.912887,0.364041,0.698196,0.382564,0.605117,4.8e-05,0.000697,0.000517,5e-05,3.3e-05,4e-05,-0.916838,0.086717,0.040802,-0.022596,-0.638702,-0.069554,-0.766303,-0.097082,-0.980662,0.169927,-0.763305,0.182927,0.619599,0.00594,0.000884,6.3e-05,-0.001829,-0.032509,0.054776,-0.889463
52,0.1426,0.032114,0.434426,-0.576365,-0.041422,-0.81617,-0.22583,-0.951749,0.207715,-0.784681,0.304081,0.54022,0.011258,-0.002801,-0.001578,0.000984,-0.014714,0.029553,-1.913569,-0.195063,0.005496,0.354404,0.74066,0.01078,0.671787,-0.350553,0.859074,0.372877,-0.574009,-0.511685,0.639183,1e-06,1.8e-05,1.3e-05,0.0,-0.0,-0.0,-1.283206,0.022138,0.023813,0.000452,-0.691568,0.142319,0.708151,0.185039,-0.912773,0.364148,0.698207,0.382869,0.604911,-1e-06,4e-06,0.0,3.5e-05,3.1e-05,1.5e-05,-0.918144,0.086791,0.040806,-0.022603,-0.638407,-0.069099,-0.76659,-0.097419,-0.980698,0.169528,-0.763508,0.182909,0.619353,-0.000153,-0.00113,-0.000426,-0.000413,-7.7e-05,0.000239,-0.889626
53,0.14264,0.032078,0.43442,-0.576338,-0.041394,-0.81619,-0.225871,-0.951743,0.207699,-0.784689,0.304105,0.540195,-3e-06,-2.4e-05,-9e-06,0.0,0.0,0.0,-1.914237,-0.194967,0.005418,0.35449,0.741493,0.012962,0.670828,-0.350777,0.859672,0.371287,-0.572794,-0.510634,0.641111,0.000108,0.001514,0.001131,0.004447,-0.01794,0.022735,-1.280194,0.022186,0.023771,0.000492,-0.692965,0.140201,0.707207,0.185033,-0.913471,0.362398,0.696822,0.381986,0.607061,0.000266,-0.005363,0.004328,-0.048567,0.02365,-0.012007,-0.918797,0.086815,0.040782,-0.022608,-0.638375,-0.06904,-0.766622,-0.09749,-0.980696,0.1695,-0.763526,0.182943,0.619321,1e-06,1e-06,-0.0,-0.008803,0.069684,-0.185932,-0.889626
54,0.142622,0.032087,0.434414,-0.576283,-0.041302,-0.816233,-0.225909,-0.951757,0.207593,-0.784718,0.304073,0.54017,-0.011478,0.001188,0.000974,-0.000984,0.014715,-0.029553,-1.914106,-0.194914,0.005376,0.35453,0.741606,0.012853,0.670706,-0.350727,0.8596,0.3715,-0.572678,-0.510758,0.641116,0.013382,0.000173,-0.000765,0.002084,-0.015262,0.029211,-1.276504,0.022207,0.023753,0.000515,-0.69298,0.140436,0.707145,0.185053,-0.913335,0.36273,0.696801,0.382225,0.606935,0.000281,-0.005166,0.004474,-0.038886,0.014638,-0.016076,-0.918797,0.086811,0.040786,-0.022612,-0.638324,-0.068917,-0.766675,-0.097554,-0.98071,0.169379,-0.76356,0.182911,0.619288,0.0,1.1e-05,4e-06,-0.000187,4e-05,0.000163,-0.889463
55,0.14251,0.032098,0.434424,-0.57617,-0.041065,-0.816325,-0.226052,-0.951773,0.207364,-0.78476,0.304054,0.54012,-0.0,-0.0,-0.0,0.0,0.0,0.0,-1.913393,-0.194889,0.005293,0.354605,0.741453,0.012966,0.670873,-0.351059,0.859441,0.371553,-0.572672,-0.511021,0.64091,0.00053,-0.010818,0.008593,-0.036372,0.01179,-0.017591,-1.278843,0.022225,0.023716,0.000549,-0.69285,0.140345,0.707291,0.185371,-0.913244,0.362797,0.696847,0.382475,0.606725,-3e-06,-1.1e-05,-1e-05,4.2e-05,0.000106,9.3e-05,-0.91994,0.08675,0.040792,-0.022607,-0.638259,-0.068678,-0.766751,-0.097709,-0.980729,0.169179,-0.763595,0.182898,0.619249,-0.005741,0.000602,0.000492,-0.001125,0.01472,-0.029456,-0.889789
56,0.142378,0.032066,0.434449,-0.576293,-0.04118,-0.816233,-0.226026,-0.951742,0.207535,-0.784678,0.304136,0.540194,-0.000253,-0.001853,-0.000694,-0.001246,0.010085,-0.026968,-1.91327,-0.194859,0.005278,0.354603,0.741473,0.012945,0.670851,-0.351048,0.859429,0.371591,-0.572653,-0.511042,0.640911,-1e-06,-8e-06,-6e-06,0.0,-0.0,-0.0,-1.279757,0.02224,0.023704,0.000551,-0.692857,0.140365,0.707281,0.185389,-0.913222,0.362843,0.696835,0.38252,0.60671,-1e-06,-3e-06,-1e-06,6.4e-05,2.4e-05,5e-05,-0.921573,0.086684,0.04078,-0.022593,-0.638351,-0.06879,-0.766664,-0.097689,-0.980705,0.169333,-0.76352,0.182988,0.619314,-6.9e-05,-0.00482,0.005032,-0.035845,0.011793,-0.018731,-0.889789
57,0.142324,0.032041,0.434462,-0.576343,-0.041225,-0.816195,-0.226032,-0.951724,0.207615,-0.784639,0.304189,0.540221,-1.3e-05,-9.4e-05,-3.5e-05,0.0,0.0,0.0,-1.913096,-0.19482,0.005263,0.35459,0.741418,0.012989,0.670911,-0.35111,0.859425,0.371541,-0.572687,-0.511047,0.640877,-2.3e-05,-0.000329,-0.000245,0.0,-0.0,-0.0,-1.278425,0.022259,0.023697,0.000545,-0.692808,0.140312,0.707339,0.185445,-0.913232,0.362789,0.696868,0.382517,0.606674,-1.5e-05,-0.000206,-0.000156,3.6e-05,3.6e-05,2.9e-05,-0.92092,0.086657,0.040763,-0.022588,-0.638401,-0.068858,-0.766617,-0.097682,-0.980689,0.16943,-0.76348,0.183048,0.619347,-6e-06,-4e-05,-1.3e-05,-5.8e-05,2.6e-05,4.6e-05,-0.889953
