frame,MLTx,MLTy,MLTz,MLTR1,MLTR2,MLTR3,MLTR4,MLTR5,MLTR6,MLTR7,MLTR8,MLTR9,MLTTVx,MLTTVy,MLTTVz,MLTRVx,MLTRVy,MLTRVz,MLGA,MRTx,MRTy,MRTz,MRTR1,MRTR2,MRTR3,MRTR4,MRTR5,MRTR6,MRTR7,MRTR8,MRTR9,MRTTVx,MRTTVy,MRTTVz,MRTRVx,MRTRVy,MRTRVz,MRGA,SLTx,SLTy,SLTz,SLTR1,SLTR2,SLTR3,SLTR4,SLTR5,SLTR6,SLTR7,SLTR8,SLTR9,SLTTVx,SLTTVy,SLTTVz,SLTRVx,SLTRVy,SLTRVz,SLGA,SRTx,SRTy,SRTz,SRTR1,SRTR2,SRTR3,SRTR4,SRTR5,SRTR6,SRTR7,SRTR8,SRTR9,SRTTVx,SRTTVy,SRTTVz,SRTRVx,SRTRVy,SRTRVz,SRGA
1,0.171213,0.006955,0.389025,-0.649975,0.475449,-0.592896,-0.670223,-0.726372,0.152173,-0.35751,0.495686,0.791523,0.0,0.0,0.0,0.0,0.0,0.0,0.086987,-0.207983,-0.033453,0.34225,-0.794205,-0.326327,0.512582,0.508717,-0.818282,0.267496,0.333131,0.473619,0.815212,-0.014648,0.000782,0.001544,-0.002045,0.015205,-0.029245,-0.02695,0.023898,0.027136,-0.010013,0.700353,0.43125,0.568795,-0.549197,0.834561,0.043473,-0.455946,-0.342827,0.821329,2.1e-05,0.000159,0.000154,-7e-06,3e-06,-5e-06,-0.227262,0.087564,0.040635,-0.030584,0.709254,-0.403585,-0.577993,0.577332,0.803034,0.147723,0.40453,-0.438468,0.802558,0.006446,-0.000157,-0.000298,0.001001,-0.014704,0.029559,-0.118895
2,0.171231,0.006939,0.389015,-0.64997,0.475451,-0.5929,-0.670227,-0.72637,0.152169,-0.357513,0.495688,0.791521,-5.1e-05,-0.001007,-0.000604,0.0,0.0,0.0,0.088066,-0.208005,-0.033452,0.342252,-0.794176,-0.326352,0.512612,0.508753,-0.818267,0.267476,0.333148,0.473629,0.8152,0.0,3e-06,3e-06,0.0,0.0,0.0,-0.027707,0.023882,0.027137,-0.010011,0.700301,0.431294,0.568826,-0.549245,0.834531,0.043439,-0.455968,-0.342845,0.821309,-0.0,-6e-06,-4e-06,-4e-06,7e-06,-5e-06,-0.223016,0.087573,0.040629,-0.030588,0.70925,-0.403587,-0.577997,0.577336,0.803032,0.14772,0.404533,-0.438469,0.802556,-3.2e-05,-0.000673,-0.000406,-1e-06,-3e-06,-5e-06,-0.114976
3,0.171231,0.006939,0.389015,-0.649857,0.475518,-0.59297,-0.670313,-0.726308,0.152086,-0.357557,0.495714,0.791484,2.4e-05,0.00048,0.000288,0.0,0.0,0.0,0.087204,-0.207995,-0.033459,0.342244,-0.794178,-0.32635,0.51261,0.508751,-0.818268,0.267478,0.333147,0.473629,0.815201,-1e-06,-5e-06,-5e-06,0.0,0.0,0.0,-0.027969,0.023887,0.027134,-0.010015,0.700303,0.431292,0.568824,-0.549244,0.834532,0.043441,-0.455967,-0.342845,0.82131,-1e-06,0.0,0.0,1e-06,-8e-06,-5e-06,-0.22122,0.087573,0.040625,-0.03059,0.709146,-0.403668,-0.578067,0.577429,0.80298,0.147638,0.40458,-0.43849,0.80252,1.7e-05,0.000332,0.000199,0.0,-9e-06,5e-06,-0.112363
4,0.171396,0.006943,0.389012,-0.649521,0.475709,-0.593186,-0.670566,-0.726126,0.15184,-0.357694,0.495798,0.79137,0.0,2e-06,1e-06,0.0,0.0,0.0,0.089472,-0.208016,-0.033452,0.342252,-0.794161,-0.326364,0.512627,0.508771,-0.818259,0.267466,0.333156,0.473634,0.815194,2.2e-05,0.000179,0.000173,0.0,0.0,0.0,-0.027605,0.023876,0.027137,-0.010011,0.700284,0.431308,0.568836,-0.549262,0.834521,0.043428,-0.455975,-0.342852,0.821303,1.3e-05,0.000114,0.000109,3e-06,2e-06,-8e-06,-0.220567,0.087656,0.040629,-0.03059,0.708837,-0.4039,-0.578284,0.577706,0.802825,0.147398,0.404727,-0.438559,0.802408,1e-06,-7e-06,-6e-06,2.1e-05,1.2e-05,6e-06,-0.110893
5,0.171512,0.006933,0.389002,-0.649312,0.475826,-0.593321,-0.670723,-0.726013,0.151687,-0.35778,0.495851,0.791298,-2e-06,-3.6e-05,-2.2e-05,0.0,0.0,0.0,0.088434,-0.208039,-0.033458,0.342248,-0.794118,-0.3264,0.51267,0.508823,-0.818236,0.267438,0.33318,0.473649,0.815176,-6.9e-05,-0.000557,-0.000538,0.0,0.0,0.0,-0.027971,0.023865,0.027136,-0.010011,0.700234,0.43135,0.568865,-0.549308,0.834492,0.043396,-0.455995,-0.34287,0.821284,-0.007385,-0.000111,0.000287,-0.002052,0.015204,-0.029247,-0.220403,0.087709,0.040624,-0.030595,0.708663,-0.404031,-0.578407,0.577862,0.802738,0.147262,0.404811,-0.438599,0.802345,-1e-06,-2.2e-05,-1.8e-05,0.0,-7e-06,-6e-06,-0.110077
6,0.171599,0.006931,0.38901,-0.649138,0.475925,-0.593431,-0.670863,-0.725906,0.151581,-0.357832,0.495913,0.791236,4.6e-05,0.000926,0.000556,0.0,0.0,0.0,0.082938,-0.208018,-0.033471,0.342234,-0.794122,-0.326398,0.512666,0.508819,-0.818238,0.26744,0.333177,0.473647,0.815178,-1.7e-05,-0.000138,-0.000133,0.0,0.0,0.0,-0.027338,0.023875,0.027128,-0.01002,0.700238,0.431347,0.568862,-0.549305,0.834494,0.043398,-0.455993,-0.342868,0.821286,-7e-06,-6.1e-05,-6e-05,-3e-06,1e-06,8e-06,-0.220403,0.087757,0.040621,-0.030593,0.708486,-0.404165,-0.57853,0.57803,0.802638,0.147146,0.404879,-0.438659,0.802278,2.7e-05,0.000531,0.000314,-4e-06,-1.2e-05,-1.2e-05,-0.113179
7,0.17159,0.006954,0.389024,-0.649108,0.475943,-0.59345,-0.670886,-0.725889,0.151559,-0.357844,0.495919,0.791226,1.2e-05,0.000239,0.000143,0.0,0.0,0.0,0.084754,-0.208043,-0.033495,0.342212,-0.79404,-0.326467,0.512749,0.508917,-0.818195,0.267385,0.333222,0.473675,0.815144,-2.6e-05,-0.000208,-0.000201,0.0,0.0,0.0,-0.024447,0.023863,0.027115,-0.010031,0.700144,0.431427,0.568919,-0.549394,0.834438,0.043337,-0.456031,-0.342902,0.82125,-1.3e-05,-0.000107,-0.000103,-4e-06,2e-06,2.1e-05,-0.218607,0.087753,0.040634,-0.030585,0.708459,-0.404187,-0.578548,0.578056,0.802624,0.147124,0.404891,-0.438664,0.802269,8e-06,0.000158,9.5e-05,1.2e-05,9e-06,-8e-06,-0.114812
8,0.171591,0.006954,0.389035,-0.649104,0.475946,-0.593451,-0.670898,-0.725873,0.151576,-0.357827,0.495939,0.791222,3e-06,5.3e-05,3.2e-05,0.0,0.0,0.0,0.087437,-0.208077,-0.033493,0.342202,-0.794081,-0.326433,0.512707,0.508859,-0.818229,0.267391,0.333212,0.473639,0.815168,-6e-06,-5.2e-05,-5e-05,0.0,0.0,0.0,-0.024576,0.023846,0.027116,-0.010037,0.700192,0.431387,0.568889,-0.549337,0.834475,0.043346,-0.456025,-0.342863,0.82127,-0.0,-1.1e-05,-9e-06,6e-06,2e-06,1.3e-05,-0.217791,0.087753,0.040635,-0.030579,0.708455,-0.40419,-0.57855,0.57807,0.80261,0.147142,0.404877,-0.438686,0.802264,-0.0,1.3e-05,7e-06,6e-06,2e-06,-1.3e-05,-0.113506
9,0.171561,0.006931,0.389023,-0.64921,0.475885,-0.593385,-0.670819,-0.725931,0.151654,-0.357785,0.495913,0.791257,-6.6e-05,-0.001327,-0.000797,0.0,0.0,0.0,0.089436,-0.20809,-0.033513,0.342198,-0.793941,-0.326551,0.512849,0.509036,-0.818142,0.267319,0.333276,0.473707,0.815102,-5e-05,-0.000406,-0.000393,0.0,0.0,0.0,-0.024721,0.02384,0.027107,-0.010038,0.700029,0.431523,0.568986,-0.549501,0.834372,0.043262,-0.456078,-0.342943,0.821207,-3.7e-05,-0.000302,-0.000293,7e-06,-2e-06,1.3e-05,-0.217464,0.087738,0.040626,-0.030583,0.708552,-0.404116,-0.578483,0.577983,0.802659,0.147218,0.404832,-0.438665,0.802298,-3.8e-05,-0.000777,-0.000465,-0.000876,0.012136,-0.026127,-0.110077
10,0.171513,0.006948,0.389034,-0.649271,0.475852,-0.593344,-0.670773,-0.725964,0.151698,-0.357759,0.495897,0.791278,1.3e-05,0.000263,0.000158,0.0,0.0,0.0,0.088637,-0.208077,-0.0335,0.342209,-0.793982,-0.326516,0.512808,0.508987,-0.818164,0.267347,0.333254,0.473694,0.815119,0.000102,0.000823,0.000795,0.0,0.0,0.0,-0.024231,0.023846,0.027111,-0.010034,0.700077,0.431483,0.568958,-0.549456,0.8344,0.043293,-0.456059,-0.342926,0.821225,6.8e-05,0.000555,0.000535,3e-06,9e-06,7e-06,-0.216811,0.087714,0.040631,-0.03058,0.708609,-0.404075,-0.578443,0.577933,0.802687,0.147261,0.404804,-0.438652,0.802319,1e-05,0.000167,0.000102,9e-06,9e-06,-3e-06,-0.109914
11,0.171561,0.006939,0.389027,-0.649081,0.475962,-0.593465,-0.670917,-0.72586,0.151558,-0.357835,0.495944,0.791215,-2.4e-05,-0.000483,-0.00029,0.0,0.0,0.0,0.094627,-0.208075,-0.033482,0.342227,-0.794021,-0.326483,0.512769,0.50894,-0.818185,0.267373,0.333233,0.473681,0.815135,8e-06,6.6e-05,6.4e-05,0.0,0.0,0.0,-0.024611,0.023847,0.027123,-0.010023,0.700122,0.431444,0.568932,-0.549413,0.834427,0.043323,-0.456041,-0.34291,0.821242,2e-06,1.9e-05,1.8e-05,1e-06,-1e-06,-7e-06,-0.216811,0.087738,0.040628,-0.030582,0.708434,-0.404209,-0.578563,0.57809,0.802599,0.147124,0.404886,-0.43869,0.802257,-1.4e-05,-0.000325,-0.000197,7e-06,1e-06,-8e-06,-0.106811
12,0.17157,0.006924,0.389018,-0.649095,0.475953,-0.593457,-0.670906,-0.725868,0.151569,-0.35783,0.495941,0.791219,-2.4e-05,-0.000476,-0.000286,0.0,0.0,0.0,0.096082,-0.208054,-0.033489,0.342219,-0.794038,-0.326469,0.512751,0.50892,-0.818194,0.267384,0.333223,0.473675,0.815143,-5.9e-05,-0.000474,-0.000459,0.0,0.0,0.0,-0.024427,0.023858,0.02712,-0.010026,0.700142,0.431428,0.56892,-0.549395,0.834438,0.043335,-0.456033,-0.342903,0.821249,-4e-05,-0.00033,-0.000318,1e-06,2e-06,-3e-06,-0.216648,0.087743,0.04062,-0.030587,0.708447,-0.404198,-0.578555,0.578078,0.802606,0.147135,0.404881,-0.438687,0.802262,-1.5e-05,-0.000297,-0.000179,-4e-06,-4e-06,-1e-05,-0.103219
13,0.171559,0.006901,0.389005,-0.649163,0.475913,-0.593414,-0.670855,-0.725905,0.151619,-0.357803,0.495924,0.791242,-1e-06,-1.2e-05,-7e-06,0.0,0.0,0.0,0.089077,-0.208057,-0.033514,0.342195,-0.793986,-0.326513,0.512804,0.508982,-0.818166,0.267349,0.333251,0.473692,0.815121,-0.014838,-0.000733,7.9e-05,-0.002045,0.015205,-0.029245,-0.024258,0.023862,0.027109,-0.010037,0.700114,0.431452,0.568936,-0.549422,0.834421,0.043317,-0.456043,-0.342913,0.821239,-1.6e-05,-0.000134,-0.00013,2e-06,8e-06,9e-06,-0.216648,0.087737,0.040607,-0.030595,0.708509,-0.40415,-0.578512,0.578021,0.802638,0.147184,0.404852,-0.438673,0.802283,1e-06,2.3e-05,1.3e-05,-2e-06,-4e-06,-2e-06,-0.102892
14,0.171598,0.006885,0.389006,-0.64889,0.476073,-0.593584,-0.671071,-0.725743,0.151438,-0.357892,0.496008,0.791149,-2e-05,-0.000411,-0.000247,0.0,0.0,0.0,0.077361,-0.208123,-0.033576,0.342094,-0.791809,-0.331406,0.513031,0.514068,-0.815051,0.26713,0.330601,0.475668,0.81505,-0.000444,-0.003593,-0.003477,-0.0,-0.0,-0.0,-0.016602,0.023823,0.027079,-0.010086,0.697872,0.436284,0.568005,-0.554432,0.831126,0.042808,-0.453408,-0.344796,0.821909,-0.000241,-0.00196,-0.001897,-0.000134,0.001288,0.0002,-0.214035,0.087757,0.0406,-0.030594,0.708259,-0.404344,-0.578683,0.578258,0.8025,0.147008,0.404951,-0.438747,0.802193,-1.3e-05,-0.000259,-0.000156,4e-06,0.0,-3e-06,-0.113179
15,0.171691,0.0068,0.388951,-0.648542,0.476274,-0.593803,-0.671333,-0.725553,0.151183,-0.358031,0.496092,0.791033,-0.000286,-0.005798,-0.003484,-0.000889,0.012132,-0.026126,0.05155,-0.20823,-0.033695,0.341941,-0.785306,-0.34582,0.513511,0.529014,-0.80556,0.266742,0.322395,0.481566,0.814874,-0.015789,-0.008313,-0.007272,-0.082332,0.001427,-0.202208,-0.011077,0.023777,0.027033,-0.01015,0.691561,0.44995,0.565054,-0.568621,0.821539,0.041739,-0.445434,-0.350167,0.823996,-0.00048,-0.003875,-0.003754,-0.857831,-0.466373,-1.393618,-0.2093,0.087803,0.040569,-0.030614,0.707925,-0.404599,-0.578913,0.578557,0.802332,0.146746,0.405107,-0.43882,0.802075,0.006314,-0.002843,-0.00191,0.000118,-0.002572,0.003437,-0.128039
16,0.172084,0.00634,0.388649,-0.646793,0.477281,-0.594901,-0.67264,-0.724613,0.149876,-0.358742,0.496496,0.790458,0.012175,-0.015535,-0.009778,-0.000793,0.009551,-0.022699,-0.011568,-0.20858,-0.033984,0.341258,-0.760046,-0.397008,0.514497,0.581287,-0.769148,0.265427,0.291291,0.501307,0.814681,-0.017785,0.003773,-0.033988,-0.793037,-0.426126,-1.407308,-0.011052,0.023596,0.026887,-0.010493,0.666154,0.499937,0.553443,-0.619992,0.783669,0.03835,-0.414544,-0.368678,0.832002,-0.008947,0.001397,-0.017461,-0.79912,-0.454242,-1.420959,-0.203911,0.087996,0.040348,-0.030759,0.706324,-0.405822,-0.580011,0.579981,0.801536,0.145469,0.405865,-0.439144,0.801513,0.006088,-0.007789,-0.004907,0.006261,-0.086325,0.183739,-0.204622
17,0.172528,0.005683,0.388213,-0.646268,0.477562,-0.595246,-0.673007,-0.724359,0.149456,-0.358999,0.496596,0.790278,0.012124,-0.017566,-0.011073,-0.000791,0.009554,-0.022698,-0.03007,-0.209354,-0.034005,0.339478,-0.712601,-0.468098,0.522566,0.658326,-0.703416,0.267854,0.243083,0.53548,0.808724,-0.034826,0.000608,-0.055832,-0.301605,0.152834,-0.41062,-0.012574,0.02321,0.026885,-0.011375,0.617361,0.570229,0.541944,-0.69661,0.716343,0.039819,-0.365512,-0.402106,0.83947,-0.017476,-0.000416,-0.028603,-0.303252,0.167339,-0.410196,-0.204238,0.088222,0.040005,-0.030986,0.705854,-0.406158,-0.580348,0.580369,0.801328,0.145068,0.406129,-0.439214,0.801342,0.006059,-0.008948,-0.005645,-0.000792,0.009552,-0.022711,-0.242179
18,0.172975,0.004985,0.387608,-0.643563,0.476417,-0.599082,-0.673558,-0.724243,0.14753,-0.3628,0.497865,0.78774,0.011761,-0.011619,-0.023108,-0.168115,-0.507894,-0.231657,-0.056827,-0.210526,-0.033911,0.33649,-0.647174,-0.537365,0.540737,0.740729,-0.610674,0.279878,0.180617,0.582342,0.792539,-0.022914,0.006931,-0.089747,-1.318106,0.037524,-1.217921,0.008954,0.022632,0.02693,-0.012834,0.550271,0.638879,0.537619,-0.778528,0.6253,0.053775,-0.301818,-0.448143,0.84147,-0.018959,0.002493,-0.045443,-4.212399,-1.019798,-5.35204,-0.197706,0.088432,0.03967,-0.031274,0.703456,-0.407428,-0.582366,0.58135,0.801221,0.141688,0.408877,-0.43823,0.800482,0.00597,-0.011486,-0.007238,0.004913,-0.073877,0.157206,-0.264386
19,0.173274,0.004591,0.387238,-0.639448,0.475572,-0.604137,-0.674312,-0.724366,0.143421,-0.36862,0.498493,0.784635,0.024834,-0.025707,-0.016614,-0.057248,-0.153048,-0.058232,-0.052441,-0.211323,-0.033822,0.33459,-0.613712,-0.564471,0.552015,0.775936,-0.560041,0.290191,0.146105,0.607128,0.780968,-0.038532,0.002447,-0.094019,-1.276936,0.422243,-0.811129,0.019651,0.022259,0.026969,-0.013747,0.517149,0.665343,0.538399,-0.812871,0.578737,0.065597,-0.267947,-0.471573,0.840132,-0.019268,0.000751,-0.047423,-1.159544,0.29429,-0.825596,-0.180724,0.088585,0.039472,-0.031465,0.69882,-0.405181,-0.589472,0.581879,0.801303,0.139032,0.416013,-0.44016,0.795733,0.005787,-0.008432,-0.013202,-0.03728,-0.161706,-0.111077,-0.269285
20,0.174239,0.00363,0.386153,-0.616,0.479086,-0.625353,-0.684563,-0.718322,0.12393,-0.389072,0.503835,0.771233,0.037339,-0.026219,-0.033225,-0.018021,-0.294244,-0.064863,-0.040292,-0.212917,-0.033271,0.330457,-0.565583,-0.593925,0.572154,0.820226,-0.476559,0.316314,0.085497,0.648938,0.755932,-0.039218,0.013093,-0.103929,-3.558635,-0.815677,-3.407124,0.027449,0.021454,0.027221,-0.015821,0.466062,0.696216,0.545956,-0.860848,0.499306,0.098147,-0.204268,-0.515728,0.832044,-0.019755,0.011632,-0.05654,-1.205792,0.30927,-0.45408,-0.165211,0.089054,0.039013,-0.031988,0.676233,-0.41197,-0.610727,0.593131,0.796158,0.119696,0.436925,-0.443184,0.782741,0.012176,-0.012729,-0.016177,0.434435,-0.764479,0.179682,-0.266999
21,0.175656,0.002268,0.38479,-0.589294,0.474237,-0.654123,-0.685148,-0.722365,0.093451,-0.427471,0.502648,0.751426,0.037229,-0.037009,-0.040412,0.098199,-0.352775,0.027476,-0.019672,-0.213932,-0.032358,0.326138,-0.495551,-0.63069,0.597203,0.868435,-0.367748,0.33244,0.010566,0.684156,0.729165,-0.009411,0.026626,-0.112104,-1.094792,0.059698,-0.536222,0.080689,0.020922,0.027666,-0.01799,0.393766,0.733168,0.554448,-0.910564,0.393652,0.126137,-0.12578,-0.554529,0.822603,-0.004647,0.01323,-0.056076,-0.125722,1.891496,-1.833864,-0.125205,0.089758,0.038343,-0.032661,0.649741,-0.410483,-0.639796,0.593557,0.799782,0.089656,0.474895,-0.438009,0.763296,0.018624,-0.018485,-0.020202,1.610402,-1.695467,1.323236,-0.254916
22,0.176426,0.001422,0.384073,-0.568214,0.477835,-0.669964,-0.693445,-0.716349,0.077133,-0.442371,0.507814,0.739229,0.037521,-0.051832,-0.034298,0.427273,-1.66541,2.52537,-0.006896,-0.214002,-0.031905,0.324205,-0.46272,-0.637813,0.615692,0.886352,-0.324261,0.330408,-0.010523,0.699397,0.71456,0.006721,0.021519,-0.098504,-3.149636,-1.13418,-3.267013,0.13653,0.020877,0.027891,-0.01901,0.358535,0.741752,0.566794,-0.927864,0.349868,0.129071,-0.102564,-0.572184,0.813686,-0.004029,0.011149,-0.048484,0.996089,2.062689,-0.845051,-0.078831,0.090171,0.037888,-0.033047,0.629853,-0.416587,-0.655545,0.602213,0.79495,0.073434,0.490534,-0.441031,0.751576,0.018756,-0.026535,-0.017563,0.370461,-1.696013,2.497905,-0.245445
23,0.178074,-0.000806,0.382376,-0.510356,0.498576,-0.700716,-0.725756,-0.686776,0.039861,-0.460733,0.528269,0.71322,0.037692,-0.062383,-0.041943,-0.064379,-0.847203,0.436984,0.016251,-0.213687,-0.031354,0.321241,-0.430874,-0.628413,0.647639,0.901919,-0.278266,0.330219,-0.026768,0.727179,0.685827,0.024872,0.003606,-0.058281,-1.042072,0.274924,-0.56779,0.324687,0.021023,0.028162,-0.020497,0.322332,0.738512,0.592199,-0.943109,0.304406,0.133717,-0.081517,-0.60161,0.794618,0.005106,0.002731,-0.027801,-0.702116,0.292758,1.043099,0.128385,0.090966,0.03682,-0.033864,0.575969,-0.445746,-0.685251,0.638365,0.768871,0.03642,0.510636,-0.458417,0.727395,0.018716,-0.026411,-0.02585,1.36895,-1.603317,2.372826,-0.224217
24,0.179336,-0.003273,0.380716,-0.465244,0.519384,-0.716822,-0.75209,-0.658954,0.010606,-0.466272,0.5434,0.698093,0.024799,-0.065172,-0.044344,0.024647,-0.369095,0.775027,0.019794,-0.213018,-0.032052,0.319728,-0.38958,-0.650594,0.651879,0.915686,-0.198382,0.349423,-0.097531,0.733849,0.672172,0.026744,-0.050078,-0.015196,-1.501561,-0.366265,-0.151405,0.33519,0.021359,0.027864,-0.021265,0.279042,0.759689,0.587372,-0.960209,0.228098,0.161151,-0.011554,-0.608969,0.793109,0.013092,-0.013985,-0.01594,-0.402345,-0.350243,0.47992,0.242362,0.091616,0.035555,-0.034715,0.533005,-0.470579,-0.703179,0.668188,0.743942,0.008623,0.519067,-0.474452,0.71096,0.012424,-0.032531,-0.022144,0.027286,-0.256503,0.6006,-0.203969
25,0.180304,-0.005666,0.379017,-0.452255,0.528191,-0.718697,-0.765299,-0.643597,0.008509,-0.457501,0.553207,0.696191,0.011894,-0.059279,-0.040894,-1.640621,0.995135,-0.963983,0.040643,-0.212336,-0.034082,0.319646,-0.38675,-0.684277,0.618208,0.908641,-0.168703,0.381898,-0.156552,0.710274,0.686196,0.014047,-0.060842,0.014385,-0.957783,-2.487813,2.02548,0.303857,0.021713,0.026806,-0.021332,0.280319,0.787196,0.54931,-0.958636,0.200149,0.202377,0.049367,-0.583319,0.81074,0.00709,-0.02997,0.007689,-0.777736,-2.665267,1.931885,0.237627,0.092104,0.034342,-0.035575,0.51944,-0.481657,-0.705824,0.683171,0.730245,0.004447,0.513282,-0.484508,0.708372,0.012674,-0.029634,-0.020673,0.039957,-0.386639,0.813794,-0.190416
26,0.180609,-0.006776,0.378232,-0.453231,0.530298,-0.716528,-0.770232,-0.637559,0.015273,-0.448173,0.558153,0.698308,0.012049,-0.056539,-0.039432,-0.000141,-0.183367,0.398554,0.053866,-0.212007,-0.035275,0.320164,-0.38128,-0.707694,0.5948,0.904362,-0.152449,0.398525,-0.190885,0.690741,0.697354,0.030846,-0.062983,0.031835,-0.107408,-0.648703,0.466307,0.298748,0.021866,0.026225,-0.021094,0.277869,0.807498,0.520321,-0.957204,0.187121,0.220781,0.080918,-0.559402,0.824936,0.007984,-0.030532,0.017335,-0.339355,-0.94766,0.30025,0.226033,0.092257,0.033784,-0.03597,0.522449,-0.483069,-0.70263,0.688765,0.724853,0.013792,0.502641,-0.491153,0.71142,0.006057,-0.027904,-0.019471,-0.008883,-0.254828,0.560935,-0.17572
27,0.180757,-0.008669,0.376934,-0.470834,0.527986,-0.706817,-0.771741,-0.63466,0.039921,-0.426932,0.563617,0.707171,-0.001042,-0.04219,-0.029605,-1.678798,1.379711,-1.854075,0.074137,-0.211152,-0.037335,0.322169,-0.351179,-0.754903,0.553882,0.903873,-0.11925,0.410763,-0.243599,0.645828,0.723483,0.01881,-0.041258,0.056499,-0.534579,-1.737243,-0.923624,0.320119,0.02229,0.025198,-0.020134,0.259379,0.843284,0.470736,-0.957619,0.161356,0.238599,0.125251,-0.512674,0.849397,0.009549,-0.019467,0.029546,0.126897,-0.701777,0.464987,0.224563,0.092335,0.032818,-0.036633,0.537119,-0.47939,-0.694036,0.690612,0.722351,0.035521,0.48431,-0.498389,0.719062,-0.007256,-0.02088,-0.014432,-0.001487,0.141301,-0.305971,-0.142572
28,0.180563,-0.009948,0.376036,-0.490206,0.521718,-0.698251,-0.76493,-0.64151,0.057619,-0.417272,0.561706,0.714421,-0.014244,-0.026119,-0.018097,-0.015936,0.208902,-0.443003,0.077697,-0.210482,-0.038751,0.324632,-0.309264,-0.784486,0.537521,0.911132,-0.082772,0.403635,-0.27177,0.615558,0.739657,0.02035,-0.04361,0.074293,0.109073,-0.616306,0.287752,0.34666,0.022642,0.024469,-0.018842,0.215325,0.871749,0.4401,-0.96441,0.119014,0.236109,0.153449,-0.475277,0.866351,0.010216,-0.021271,0.037751,0.090526,-0.602624,0.29346,0.268978,0.092243,0.032165,-0.037091,0.557203,-0.470227,-0.684404,0.682797,0.728507,0.055366,0.472559,-0.498159,0.726996,-0.000313,-0.0129,-0.009161,-0.012142,0.203516,-0.43646,-0.128202
29,0.180473,-0.010358,0.375773,-0.49752,0.51882,-0.69523,-0.76129,-0.645307,0.063153,-0.415259,0.560044,0.716894,-0.014057,-0.017903,-0.012309,-0.014723,0.207895,-0.441746,0.077536,-0.210294,-0.039363,0.325967,-0.280688,-0.795607,0.536856,0.917218,-0.057819,0.394083,-0.282147,0.604018,0.745264,0.005158,-0.030051,0.06929,0.9321,1.057015,-1.810624,0.347754,0.022734,0.024179,-0.018195,0.188859,0.882091,0.431562,-0.968223,0.093896,0.231792,0.163939,-0.461625,0.871794,0.002587,-0.014647,0.035048,-0.718695,-1.295514,-1.1423,0.27698,0.092198,0.031956,-0.037226,0.564032,-0.466451,-0.681388,0.678665,0.731932,0.060727,0.470404,-0.496687,0.729397,-0.000196,-0.008042,-0.005732,-0.005932,0.095813,-0.205498,-0.125753
30,0.180416,-0.010646,0.375606,-0.506085,0.515363,-0.691611,-0.756941,-0.649739,0.069652,-0.412848,0.558115,0.719786,1.1e-05,0.000408,0.000291,-0.006001,0.084351,-0.180019,0.077577,-0.209907,-0.0403,0.328651,-0.23973,-0.808271,0.53779,0.925238,-0.022643,0.378624,-0.293558,0.589357,0.752559,0.005379,-0.014585,0.065416,0.177578,0.934741,-2.656024,0.400761,0.022921,0.023714,-0.016872,0.151734,0.892576,0.424599,-0.973617,0.0609,0.219908,0.170426,-0.446765,0.878268,0.002674,-0.007103,0.032934,-0.025579,-0.329979,0.286686,0.310617,0.092164,0.031801,-0.037317,0.572253,-0.461846,-0.67766,0.673628,0.736005,0.067238,0.467708,-0.494968,0.732293,3.5e-05,0.001151,0.000821,0.000907,-0.012277,0.025947,-0.124446
31,0.180402,-0.010307,0.375799,-0.503108,0.518316,-0.691575,-0.760689,-0.645349,0.06964,-0.409593,0.560462,0.719822,0.0003,0.011551,0.008229,0.00687,-0.096596,0.206094,0.101943,-0.209337,-0.040477,0.33064,-0.201303,-0.81515,0.543138,0.927829,0.018889,0.372439,-0.313605,0.579926,0.751799,0.018378,0.010806,0.030913,0.071355,0.04392,0.074365,0.430068,0.023211,0.023628,-0.015821,0.107265,0.899395,0.423771,-0.975304,0.012417,0.220514,0.193068,-0.436959,0.878516,0.009414,0.000484,0.020309,0.273581,0.50106,-0.327641,0.369565,0.092158,0.031976,-0.037217,0.569899,-0.464994,-0.677491,0.677719,0.732212,0.067539,0.464662,-0.497638,0.732423,1.2e-05,0.011715,4.6e-05,0.037706,-0.03438,0.071868,-0.110077
32,0.180425,-0.009761,0.376161,-0.500003,0.519557,-0.692895,-0.762255,-0.64375,0.067271,-0.410485,0.561149,0.718777,0.000338,0.01309,0.00928,0.00687,-0.096606,0.206089,0.156471,-0.208577,-0.039977,0.331421,-0.182495,-0.800641,0.570667,0.933027,0.041836,0.357272,-0.309697,0.598642,0.738633,0.016542,0.024982,0.005561,0.968824,2.002213,-1.552837,0.437987,0.023591,0.023876,-0.015417,0.085771,0.889772,0.448271,-0.977498,-0.011876,0.210604,0.192713,-0.456248,0.868733,0.015932,0.006504,0.006101,-0.128344,0.159991,0.182413,0.392753,0.09217,0.032269,-0.037021,0.566845,-0.466687,-0.678888,0.679572,0.730713,0.065103,0.46569,-0.498257,0.73135,0.000173,0.00681,0.004828,0.00704,-0.096595,0.205985,-0.053415
33,0.180443,-0.009533,0.376372,-0.493739,0.523316,-0.694556,-0.766868,-0.638592,0.063918,-0.409481,0.563538,0.71748,0.000337,0.013093,0.009259,-0.343723,0.007344,0.409035,0.176159,-0.208091,-0.039586,0.331494,-0.169096,-0.794167,0.583693,0.933165,0.0614,0.354074,-0.316825,0.605539,0.729937,0.031092,0.021119,0.000666,-2.571052,0.435172,-5.575471,0.451188,0.023829,0.024074,-0.015378,0.074216,0.885023,0.459592,-0.977698,-0.026219,0.208369,0.196462,-0.464806,0.86334,0.015533,0.01052,0.000281,0.04327,-0.072379,0.157811,0.405,0.092179,0.032382,-0.036917,0.561338,-0.470889,-0.68056,0.684411,0.726466,0.061862,0.465274,-0.500508,0.730075,0.000149,0.006083,0.004306,-1.161745,0.013163,1.403362,-0.018471
34,0.180453,-0.009175,0.376662,-0.488858,0.52435,-0.697223,-0.767666,-0.638177,0.058229,-0.413818,0.563046,0.715375,0.000198,0.007701,0.005427,0.00087,-0.012222,0.026085,0.205169,-0.206993,-0.038871,0.331303,-0.169619,-0.783075,0.598343,0.931054,0.071509,0.357714,-0.322695,0.618736,0.716168,0.029581,0.023898,-0.016497,-0.317083,0.559655,-0.008392,0.493556,0.024378,0.024434,-0.015463,0.067179,0.876133,0.477365,-0.975934,-0.041779,0.214023,0.207456,-0.480255,0.852241,0.01501,0.006643,-0.003838,-0.520839,0.665967,0.242201,0.450394,0.092184,0.032572,-0.036764,0.556395,-0.472835,-0.683264,0.685714,0.725698,0.05619,0.469275,-0.499788,0.728005,8.5e-05,0.003462,0.002439,-0.001336,-0.010275,0.023514,0.034109
35,0.180475,-0.009066,0.376701,-0.484211,0.525286,-0.699756,-0.768237,-0.637977,0.052612,-0.418198,0.562398,0.713335,-3.4e-05,-0.001316,-0.000926,-0.000869,0.012224,-0.026084,0.208624,-0.206049,-0.038168,0.330682,-0.18537,-0.775436,0.603597,0.922922,0.073341,0.377848,-0.337037,0.628075,0.701278,0.014089,0.02075,-0.019023,-1.313522,-1.297262,1.998753,0.521523,0.024861,0.024788,-0.015786,0.081981,0.869309,0.487421,-0.971078,-0.040367,0.235322,0.224243,-0.492616,0.840858,0.007013,0.010095,-0.009811,-1.346197,-1.253655,2.01088,0.497095,0.092195,0.032638,-0.036736,0.551896,-0.474367,-0.685846,0.686388,0.725475,0.050556,0.473583,-0.498659,0.725986,-8e-06,-0.000249,-0.000175,-0.002187,0.001873,-0.002426,0.058602
36,0.180443,-0.009139,0.376676,-0.480369,0.525911,-0.701932,-0.768433,-0.638127,0.047698,-0.422247,0.561644,0.711541,-0.000104,-0.00403,-0.002839,1.660073,-1.357191,1.704325,0.213408,-0.205676,-0.037797,0.33027,-0.184566,-0.772065,0.608147,0.918031,0.085332,0.387133,-0.350558,0.630706,0.69223,0.028896,0.018924,-0.02176,-0.463631,0.500274,0.118403,0.525517,0.025036,0.024964,-0.015986,0.08083,0.867228,0.491305,-0.967645,-0.049925,0.247323,0.239014,-0.495401,0.835134,0.006921,0.00932,-0.010634,-0.849481,0.561926,-0.065604,0.509016,0.09218,0.032602,-0.036749,0.550166,-0.474855,-0.686898,0.686452,0.725574,0.048217,0.4755,-0.49805,0.725151,-4.9e-05,-0.001871,-0.001319,-0.001544,0.001331,-0.001732,0.064154
37,0.180288,-0.009365,0.376608,-0.475949,0.528816,-0.702759,-0.772056,-0.633878,0.045821,-0.420648,0.563718,0.710848,-0.000117,-0.004457,-0.003145,0.006003,-0.084318,0.180035,0.228321,-0.205048,-0.037007,0.329125,-0.182211,-0.765392,0.617223,0.909479,0.107201,0.401609,-0.373329,0.635476,0.675765,0.012683,0.023713,-0.035944,-0.262189,0.48273,0.132533,0.529746,0.025356,0.025361,-0.01655,0.077444,0.861854,0.501208,-0.961271,-0.068822,0.266872,0.264499,-0.502465,0.823145,0.013816,0.011373,-0.018902,-0.345007,0.489029,0.395633,0.517997,0.092102,0.03248,-0.036789,0.544299,-0.478824,-0.688815,0.690675,0.721825,0.043998,0.476137,-0.499695,0.7236,-0.006847,-0.002734,-0.001704,-0.002677,0.027895,-0.056867,0.080647
38,0.180011,-0.009546,0.376552,-0.473459,0.531397,-0.702495,-0.775548,-0.629559,0.046394,-0.417027,0.566121,0.711071,-0.013648,-0.003257,-0.001855,-0.001855,0.026929,-0.055642,0.243532,-0.204245,-0.036159,0.327623,-0.184386,-0.756692,0.627225,0.904896,0.118211,0.408808,-0.383256,0.643888,0.662108,0.027397,0.021165,-0.039507,0.03283,0.880861,-0.256623,0.52702,0.025751,0.025781,-0.017304,0.078089,0.855509,0.511864,-0.957918,-0.077865,0.276279,0.276215,-0.511898,0.813427,0.013665,0.01024,-0.020124,0.452588,2.326148,-1.54222,0.519466,0.091968,0.032385,-0.03682,0.54197,-0.481767,-0.688598,0.694748,0.717871,0.044562,0.472856,-0.502554,0.723772,-2.7e-05,-0.001035,-0.000728,0.000304,6.8e-05,-0.000244,0.101221
39,0.179705,-0.009574,0.376542,-0.47314,0.53153,-0.702609,-0.775703,-0.629386,0.046149,-0.417102,0.566187,0.710975,-0.013561,1.1e-05,0.000452,-0.000984,0.014715,-0.029553,0.252644,-0.203239,-0.035377,0.326143,-0.176888,-0.750291,0.636996,0.904578,0.130951,0.405615,-0.387525,0.648888,0.654699,0.027438,0.021671,-0.039031,-0.203558,0.400422,0.125733,0.52863,0.026264,0.026176,-0.018064,0.068562,0.850463,0.521546,-0.957311,-0.091063,0.274341,0.28081,-0.518091,0.807914,0.013736,0.010778,-0.01959,-0.344105,0.53042,0.17613,0.519956,0.091815,0.032367,-0.036828,0.541694,-0.481925,-0.688705,0.694906,0.717732,0.044335,0.472939,-0.502602,0.723684,3e-06,9.1e-05,7e-05,0.000185,4e-06,-0.000187,0.118693
40,0.179583,-0.00956,0.376557,-0.472839,0.531649,-0.702722,-0.775846,-0.629226,0.045921,-0.417176,0.566254,0.710878,-0.013532,0.001012,0.001158,0.005028,-0.06958,0.150492,0.254716,-0.202836,-0.035038,0.325436,-0.159421,-0.752081,0.639493,0.901359,0.153159,0.405005,-0.402342,0.641908,0.65264,0.027341,0.020857,-0.039928,-1.215422,-0.326431,-0.988775,0.528444,0.026466,0.026346,-0.018416,0.051475,0.851929,0.521121,-0.953917,-0.11252,0.278173,0.29562,-0.511425,0.806878,0.013683,0.010335,-0.020079,-1.356908,-0.248623,-0.942141,0.521262,0.091754,0.032373,-0.036821,0.541537,-0.482012,-0.688767,0.694996,0.717652,0.044208,0.472987,-0.502631,0.723632,2e-05,0.000706,0.000503,0.000152,-1.1e-05,-0.000155,0.124408
41,0.179431,-0.00953,0.376582,-0.47204,0.531955,-0.703027,-0.776225,-0.628802,0.045321,-0.417376,0.566436,0.710615,-0.013541,0.000662,0.00091,-0.000984,0.014715,-0.029553,0.253795,-0.202132,-0.034475,0.324054,-0.150186,-0.748652,0.645721,0.89983,0.166898,0.402969,-0.409266,0.642484,0.647748,0.01226,0.020336,-0.039682,-0.248062,0.474619,0.134236,0.523881,0.026813,0.02662,-0.019093,0.040119,0.84982,0.525544,-0.952216,-0.126862,0.27783,0.302777,-0.511578,0.804122,0.006356,0.00443,-0.015895,0.075488,0.069894,-0.166671,0.521426,0.091673,0.032391,-0.036806,0.540684,-0.482466,-0.689119,0.695484,0.71722,0.043538,0.473244,-0.502812,0.723338,-0.00677,0.000356,0.000477,-0.000871,0.014714,-0.029648,0.128817
42,0.179382,-0.00948,0.376608,-0.471364,0.53221,-0.703288,-0.776533,-0.62846,0.044796,-0.417568,0.566577,0.71039,4.6e-05,0.001605,0.001133,0.006014,-0.084299,0.180043,0.246862,-0.201331,-0.034084,0.322797,-0.151174,-0.744255,0.650556,0.899736,0.168814,0.402382,-0.409109,0.647077,0.643261,0.012776,0.009775,-0.030861,-0.28931,0.508512,0.097695,0.516431,0.027213,0.026818,-0.019726,0.040385,0.8463,0.531172,-0.952003,-0.128836,0.277652,0.303411,-0.51689,0.800478,0.013949,0.005145,-0.015606,0.079026,0.042509,-0.108726,0.516364,0.091648,0.032415,-0.036794,0.540173,-0.482736,-0.689331,0.695763,0.716975,0.043118,0.473419,-0.502903,0.723161,2.6e-05,0.000926,0.000655,0.000943,-0.012223,0.026019,0.125225
43,0.179382,-0.009458,0.376623,-0.471175,0.53228,-0.703361,-0.776622,-0.62836,0.044655,-0.417616,0.566621,0.710327,4.4e-05,0.001538,0.001086,0.0,0.0,0.0,0.244961,-0.200977,-0.033949,0.322235,-0.14874,-0.744845,0.650441,0.897854,0.17376,0.404474,-0.414106,0.645083,0.642066,0.027822,0.009892,-0.031656,-0.071162,0.230953,-0.032314,0.515073,0.02738,0.026885,-0.019999,0.039325,0.846197,0.531416,-0.950004,-0.133199,0.282399,0.30975,-0.515953,0.798653,0.006455,0.005311,-0.014997,-0.157948,0.250708,0.189899,0.513914,0.091649,0.032426,-0.036787,0.53989,-0.482884,-0.689449,0.695924,0.716833,0.042898,0.473506,-0.502965,0.723061,5e-06,0.000193,0.000137,6.9e-05,-6e-06,-5.1e-05,0.122449
44,0.179393,-0.009437,0.376638,-0.470571,0.532505,-0.703596,-0.776905,-0.628041,0.044203,-0.41777,0.566763,0.710123,2e-06,5.6e-05,3.9e-05,0.0,0.0,0.0,0.244257,-0.200363,-0.033834,0.321237,-0.142216,-0.743045,0.65395,0.89502,0.185469,0.405555,-0.422455,0.643892,0.637807,0.013168,-0.002248,-0.023663,-0.035079,0.168055,-0.133739,0.51039,0.027698,0.02695,-0.020506,0.032762,0.844491,0.534566,-0.947183,-0.144482,0.286299,0.319012,-0.515712,0.795154,0.00662,-0.000955,-0.011655,-0.009848,0.051791,0.064891,0.509832,0.091654,0.03244,-0.036777,0.539303,-0.48319,-0.689694,0.696257,0.716536,0.04244,0.473684,-0.503093,0.722855,0.0,-1.2e-05,-9e-06,5.7e-05,6e-06,-2.6e-05,0.119673
45,0.179383,-0.009444,0.376633,-0.470087,0.532686,-0.703783,-0.777133,-0.627785,0.043841,-0.417893,0.566876,0.70996,-4.2e-05,-0.001454,-0.001026,-0.000871,0.012215,-0.026088,0.232419,-0.199614,-0.034176,0.320448,-0.131435,-0.743002,0.65625,0.893343,0.198031,0.403306,-0.429451,0.640182,0.636869,0.014132,-0.02478,-0.007529,-0.049863,0.120814,-0.212228,0.497541,0.028072,0.026787,-0.020907,0.021676,0.844607,0.534947,-0.945208,-0.157027,0.286225,0.325748,-0.51184,0.794925,0.014346,-0.007028,-0.008581,0.005106,-0.017123,0.030744,0.496769,0.091649,0.032439,-0.036778,0.538846,-0.483429,-0.689883,0.696516,0.716305,0.042084,0.473822,-0.503192,0.722695,-2.2e-05,-0.00074,-0.000522,-0.000838,0.012209,-0.026111,0.113305
46,0.179383,-0.009467,0.376654,-0.469868,0.532768,-0.703866,-0.777269,-0.627625,0.043733,-0.417887,0.566976,0.709884,0.000304,-0.010221,0.00932,-0.035751,0.009994,-0.019833,0.220144,-0.199251,-0.034565,0.32023,-0.122043,-0.743952,0.656987,0.890849,0.209583,0.402986,-0.437343,0.635376,0.636311,0.014259,-0.023839,-0.006551,-0.036309,0.010397,-0.013729,0.489803,0.028253,0.026589,-0.02102,0.012138,0.845317,0.534125,-0.942627,-0.16855,0.288172,0.333624,-0.506979,0.794774,0.007095,-0.012367,-0.003771,-0.035871,0.025843,-0.042401,0.488931,0.091649,0.032428,-0.036773,0.538627,-0.483545,-0.689974,0.696666,0.716166,0.04195,0.473852,-0.503278,0.722616,-1e-06,-1.2e-05,-7e-06,2.5e-05,-2e-06,-2.1e-05,0.101221
47,0.179375,-0.009476,0.376722,-0.469489,0.532912,-0.70401,-0.777513,-0.627334,0.04356,-0.417859,0.567163,0.709751,4.3e-05,0.001486,0.001049,0.0,0.0,0.0,0.206488,-0.198352,-0.035412,0.320119,-0.118781,-0.743007,0.658652,0.891732,0.211768,0.399878,-0.436445,0.635756,0.636548,0.029935,-0.01865,-0.001865,-0.022978,-0.018525,0.007315,0.485843,0.028697,0.026157,-0.021084,0.008459,0.844616,0.535304,-0.943081,-0.171239,0.285088,0.332455,-0.507247,0.795093,0.014997,-0.009061,-0.000653,-0.046126,-0.001212,0.015296,0.477337,0.091645,0.032416,-0.036737,0.538283,-0.483728,-0.690114,0.69695,0.715898,0.041814,0.473825,-0.503483,0.72249,2.6e-05,0.000973,0.000687,1.3e-05,-8e-06,-2.2e-05,0.075258
48,0.179318,-0.009473,0.376826,-0.469172,0.533036,-0.704128,-0.777751,-0.627045,0.04347,-0.417773,0.567365,0.70964,4.2e-05,0.00144,0.001016,0.0,0.0,0.0,0.204747,-0.197477,-0.036107,0.320206,-0.10156,-0.743689,0.66076,0.892327,0.225392,0.391005,-0.439589,0.630242,0.639859,0.015151,-0.015937,0.00202,0.324231,-0.443149,-0.262555,0.48482,0.029145,0.025805,-0.021038,-0.007362,0.844411,0.535644,-0.941713,-0.18602,0.280306,0.336334,-0.50236,0.796562,0.007584,-0.007888,0.001086,0.29303,-0.42033,-0.249084,0.472928,0.091617,0.032421,-0.036684,0.537985,-0.483889,-0.690233,0.697221,0.715639,0.041731,0.473765,-0.503696,0.722381,2e-05,0.000741,0.000524,2.3e-05,1.6e-05,-8e-06,0.065461
49,0.17925,-0.009491,0.376915,-0.468671,0.533228,-0.704316,-0.778074,-0.626659,0.043242,-0.417732,0.567611,0.709468,1.4e-05,0.000478,0.000337,0.0,0.0,0.0,0.203984,-0.196801,-0.036879,0.320375,-0.076459,-0.735982,0.672663,0.892097,0.250675,0.375844,-0.445139,0.629725,0.636523,0.03023,-0.016822,5.8e-05,0.080979,-0.073994,-0.107702,0.481595,0.029473,0.02543,-0.020949,-0.03541,0.838585,0.543618,-0.939357,-0.213593,0.268303,0.341108,-0.501151,0.795294,0.00758,-0.008094,0.000855,0.141947,0.137189,-0.455048,0.470642,0.091583,0.032413,-0.036638,0.537513,-0.484142,-0.690423,0.697591,0.715291,0.041513,0.473756,-0.503947,0.722212,5e-06,0.000246,0.000174,0.006036,-0.084177,0.180092,0.063991
50,0.179241,-0.009506,0.376941,-0.468455,0.533309,-0.704398,-0.778209,-0.6265,0.043136,-0.417725,0.56771,0.709393,6e-06,0.000213,0.00015,0.0,0.0,0.0,0.200474,-0.196461,-0.037202,0.320382,-0.072276,-0.730399,0.67918,0.893039,0.255696,0.370182,-0.443954,0.63419,0.632907,0.030164,-0.017799,-0.001041,-0.044652,0.088797,-0.160117,0.479744,0.029643,0.025271,-0.020943,-0.040666,0.834074,0.55015,-0.939354,-0.219566,0.263446,0.340528,-0.506073,0.79242,0.007526,-0.00876,0.000108,-0.0656,0.111354,-0.177372,0.468193,0.091578,0.032405,-0.036625,0.537309,-0.48425,-0.690506,0.697744,0.715148,0.04141,0.473761,-0.504047,0.722139,0.0,8.7e-05,6.1e-05,-5e-06,-5e-06,-2.5e-05,0.061868
51,0.179241,-0.009529,0.37695,-0.46824,0.53339,-0.70448,-0.778331,-0.626356,0.043012,-0.417738,0.567792,0.709319,-0.0,-1e-06,-1e-06,0.0,0.0,0.0,0.19161,-0.195726,-0.037811,0.320214,-0.055598,-0.722591,0.68903,0.890352,0.276292,0.361759,-0.451709,0.634483,0.6271,0.01485,-0.020182,-0.002753,-0.060396,0.20014,-0.362297,0.463461,0.030022,0.024962,-0.021025,-0.058594,0.827409,0.558534,-0.935173,-0.241268,0.259307,0.349309,-0.507133,0.787907,0.007413,-0.010241,-0.001552,-0.059137,0.201222,-0.362019,0.451537,0.091578,0.032393,-0.036621,0.537107,-0.484356,-0.690589,0.697884,0.715018,0.04129,0.473785,-0.504129,0.722066,-1e-06,-1.3e-05,-9e-06,1.6e-05,1e-05,5e-06,0.052234
52,0.179241,-0.009544,0.376964,-0.468007,0.533477,-0.704569,-0.778462,-0.626202,0.042874,-0.417756,0.56788,0.709239,-0.0,-0.0,-0.0,0.0,0.0,0.0,0.178864,-0.194974,-0.038315,0.319927,-0.035518,-0.716087,0.697101,0.885127,0.301181,0.354647,-0.463868,0.6305,0.622221,0.014596,-0.006377,-0.00809,-0.011872,0.093527,-0.17032,0.453933,0.030386,0.024711,-0.021174,-0.079371,0.821902,0.564072,-0.928793,-0.266462,0.257567,0.361998,-0.503463,0.784526,0.007272,-0.003507,-0.004406,-0.009397,0.095086,-0.171161,0.437331,0.091578,0.032385,-0.036614,0.536887,-0.484472,-0.690679,0.698034,0.71488,0.041156,0.473814,-0.504214,0.721988,2e-06,-5e-06,-5e-06,1.6e-05,-7e-06,1e-05,0.037375
53,0.179252,-0.009538,0.376993,-0.467826,0.533544,-0.704638,-0.778569,-0.626077,0.042776,-0.41776,0.567955,0.709176,2e-05,0.000681,0.00048,0.0,0.0,0.0,0.166254,-0.194255,-0.038503,0.319762,-0.027403,-0.721065,0.69232,0.878977,0.31233,0.360255,-0.475965,0.619293,0.624338,0.030137,-0.002448,-0.004747,-0.010111,0.06023,-0.111095,0.449869,0.030745,0.024607,-0.02126,-0.086824,0.825655,0.557453,-0.923513,-0.276558,0.265777,0.373609,-0.49174,0.786516,0.007482,-0.001255,-0.001913,-0.011929,0.072642,-0.134011,0.428513,0.091584,0.032387,-0.036601,0.536716,-0.484562,-0.690749,0.698156,0.714766,0.041061,0.473828,-0.504289,0.721926,1.3e-05,0.000437,0.000307,1.1e-05,-0.0,1e-06,0.020556
54,0.179263,-0.009538,0.377005,-0.4678,0.533554,-0.704648,-0.778592,-0.626048,0.042775,-0.417746,0.567977,0.709166,5e-06,0.000158,0.000111,0.0,0.0,0.0,0.163122,-0.193895,-0.03851,0.319683,-0.02409,-0.723919,0.689458,0.876173,0.316672,0.36328,-0.481288,0.613728,0.62575,0.015096,-0.000931,-0.002054,-0.868384,-1.800998,1.95146,0.449364,0.030931,0.024603,-0.021301,-0.090897,0.82631,0.555831,-0.921359,-0.281597,0.267954,0.377933,-0.487764,0.786925,0.007559,-0.000379,-0.000942,-0.111153,0.029308,-0.241829,0.42639,0.091589,0.032389,-0.036594,0.536691,-0.484575,-0.690759,0.698183,0.71474,0.041061,0.473817,-0.504314,0.721916,3e-06,7.7e-05,5.3e-05,4e-06,1.9e-05,-1e-05,0.012718
55,0.179234,-0.009584,0.37706,-0.467554,0.533649,-0.704739,-0.778784,-0.625813,0.04272,-0.417663,0.568148,0.709079,0.0,1e-06,1e-06,0.00602,-0.0841,0.180136,0.155157,-0.19354,-0.038496,0.319689,-0.005911,-0.731461,0.681852,0.864554,0.338779,0.371091,-0.502428,0.592593,0.629495,0.000108,0.001258,0.001401,-0.006824,-0.014343,0.015778,0.445691,0.031114,0.024611,-0.021297,-0.106479,0.833476,0.542198,-0.910833,-0.300472,0.283017,0.398803,-0.463717,0.791151,6.8e-05,0.000772,0.00086,0.001697,-0.004916,0.008148,0.422308,0.091575,0.032366,-0.036566,0.53646,-0.484699,-0.690851,0.698402,0.714529,0.041012,0.473755,-0.504494,0.721831,-1e-06,-1.5e-05,-9e-06,0.006029,-0.084095,0.180129,0.001777
56,0.179196,-0.009654,0.377149,-0.465574,0.533962,-0.705812,-0.778992,-0.625708,0.040408,-0.419484,0.567968,0.708147,3.9e-05,0.001313,0.000925,0.0,-0.0,0.0,0.148401,-0.193495,-0.038522,0.319673,0.01161,-0.730261,0.683063,0.856765,0.359359,0.369795,-0.515525,0.581831,0.628943,-8.3e-05,-0.000971,-0.001082,-0.0,-0.0,-0.0,0.426302,0.031137,0.024603,-0.021299,-0.123998,0.83187,0.540939,-0.902841,-0.320768,0.286329,0.411705,-0.452878,0.790821,-4.6e-05,-0.000531,-0.000587,0.00192,0.000232,0.000254,0.407775,0.091556,0.032327,-0.036524,0.53454,-0.485262,-0.691943,0.698649,0.714417,0.038698,0.475558,-0.504111,0.720913,2.2e-05,0.000765,0.000538,0.000427,-0.011807,0.025651,-0.00949
57,0.179187,-0.00967,0.377175,-0.465621,0.533946,-0.705793,-0.779003,-0.625688,0.040498,-0.41941,0.568005,0.708161,7e-06,0.000224,0.000158,0.0,-0.0,0.0,0.146259,-0.193501,-0.038545,0.319601,0.021039,-0.728223,0.685011,0.852918,0.370424,0.367764,-0.521584,0.577418,0.628014,-0.000193,-0.002249,-0.002508,-0.000248,-0.000133,-0.000228,0.409733,0.031134,0.024593,-0.021334,-0.133602,0.829885,0.5417,-0.898654,-0.331893,0.286822,0.417816,-0.448482,0.790122,-0.000104,-0.00122,-0.001354,0.002691,0.000178,-0.000627,0.392099,0.091551,0.032323,-0.036509,0.534589,-0.48524,-0.691922,0.698662,0.714399,0.038794,0.475484,-0.504158,0.720928,3e-06,0.000125,8.6e-05,-7.3e-05,3.2e-05,-7.7e-05,-0.014062
