frame,MLTx,MLTy,MLTz,MLTR1,MLTR2,MLTR3,MLTR4,MLTR5,MLTR6,MLTR7,MLTR8,MLTR9,MLTTVx,MLTTVy,MLTTVz,MLTRVx,MLTRVy,MLTRVz,MLGA,MRTx,MRTy,MRTz,MRTR1,MRTR2,MRTR3,MRTR4,MRTR5,MRTR6,MRTR7,MRTR8,MRTR9,MRTTVx,MRTTVy,MRTTVz,MRTRVx,MRTRVy,MRTRVz,MRGA,SLTx,SLTy,SLTz,SLTR1,SLTR2,SLTR3,SLTR4,SLTR5,SLTR6,SLTR7,SLTR8,SLTR9,SLTTVx,SLTTVy,SLTTVz,SLTRVx,SLTRVy,SLTRVz,SLGA,SRTx,SRTy,SRTz,SRTR1,SRTR2,SRTR3,SRTR4,SRTR5,SRTR6,SRTR7,SRTR8,SRTR9,SRTTVx,SRTTVy,SRTTVz,SRTRVx,SRTRVy,SRTRVz,SRGA
1,0.167457,-0.0177,0.354527,-0.7666,0.344948,-0.541647,-0.419144,-0.90778,0.015003,-0.485572,0.238094,0.841165,0.012167,0.008514,-0.04655,0.105552,-0.01001,0.009809,0.520097,-0.206663,-0.056004,0.30131,-0.661474,-0.622197,0.418706,0.749826,-0.554512,0.360847,0.008484,0.553428,0.832771,-0.036035,0.013451,-0.049828,-0.42609,0.191818,-0.295125,0.307786,0.023356,0.026122,-0.006554,0.694286,0.601151,0.395706,-0.719666,0.585148,0.373741,-0.006871,-0.544259,0.838888,-0.017973,0.006793,-0.024786,-0.992224,-0.24957,-1.064466,0.3405,0.086202,0.0417,-0.02811,0.809099,-0.261256,-0.526405,0.315948,0.94866,0.014798,0.495514,-0.178289,0.850104,0.006096,0.004102,-0.023403,0.105544,-0.010029,0.009864,0.522838
2,0.167612,-0.017554,0.352733,-0.766325,0.345125,-0.541923,-0.417521,-0.908577,0.011682,-0.487398,0.234782,0.84104,-0.00217,0.005686,-0.048739,0.104573,0.004811,-0.019691,0.519862,-0.207753,-0.055587,0.299411,-0.619661,-0.657829,0.428105,0.784035,-0.495332,0.373991,-0.033196,0.56822,0.822123,-0.020115,0.013238,-0.05118,-2.618311,-1.684751,-4.343918,0.317124,0.022797,0.026333,-0.007525,0.654855,0.63756,0.405807,-0.755025,0.52835,0.388305,0.03316,-0.560679,0.827368,-0.010098,0.0066,-0.025653,-2.638277,-1.671175,-4.333944,0.336907,0.086275,0.041768,-0.02897,0.80885,-0.26147,-0.526681,0.314385,0.949224,0.011576,0.496912,-0.174944,0.849983,-0.001056,0.002857,-0.024352,0.104575,0.004799,-0.019619,0.522348
3,0.167718,-0.017451,0.351759,-0.76682,0.342782,-0.542709,-0.416297,-0.909107,0.013906,-0.487664,0.236159,0.8405,-0.00248,0.013807,-0.059827,0.092213,-0.088644,-0.074201,0.520282,-0.208204,-0.055361,0.298424,-0.60299,-0.668741,0.434948,0.796194,-0.47169,0.378837,-0.047432,0.575575,0.816289,-0.020204,0.012845,-0.051864,-0.31153,0.455957,0.199826,0.318551,0.022579,0.026442,-0.007998,0.637337,0.650817,0.412598,-0.769094,0.503954,0.393095,0.047902,-0.567861,0.821728,-0.010056,0.006476,-0.025831,-0.491871,0.516586,0.415357,0.335764,0.086332,0.041826,-0.029493,0.809058,-0.259041,-0.527562,0.313041,0.949639,0.013786,0.497423,-0.176303,0.849404,-0.001218,0.006739,-0.030051,0.100983,-0.085749,-0.069518,0.522511
4,0.168038,-0.017179,0.349507,-0.762012,0.345881,-0.547494,-0.423576,-0.90568,0.017276,-0.488936,0.244634,0.837331,0.011516,0.010537,-0.063191,-0.087031,-0.486017,-0.206095,0.518651,-0.208764,-0.054761,0.296469,-0.551075,-0.705629,0.445417,0.829388,-0.405086,0.384649,-0.090302,0.582276,0.807876,-0.003823,0.015297,-0.049471,-0.799076,-0.47183,-1.311641,0.318673,0.022292,0.026737,-0.008981,0.588967,0.687627,0.4246,-0.803212,0.440032,0.401523,0.08926,-0.577528,0.811475,-0.01011,0.013768,-0.027791,-2.495468,-1.985714,-4.523789,0.32809,0.086487,0.041957,-0.030596,0.80529,-0.263857,-0.530929,0.320951,0.946957,0.016193,0.498494,-0.183442,0.847261,0.005752,0.004615,-0.032154,-0.099028,-0.514978,-0.255904,0.522348
5,0.168495,-0.016851,0.346937,-0.759,0.33801,-0.55652,-0.423663,-0.905377,0.027816,-0.493519,0.256463,0.831079,0.011329,0.007011,-0.066542,-0.165266,-0.627533,-0.314338,0.517133,-0.208952,-0.054022,0.294576,-0.50472,-0.728362,0.463399,0.855361,-0.349894,0.381924,-0.115411,0.590048,0.798992,-0.003399,0.018267,-0.045542,1.029517,2.017766,-1.646334,0.31804,0.022198,0.027104,-0.009931,0.54406,0.713682,0.441198,-0.830869,0.385027,0.401759,0.116855,-0.585159,0.802454,-0.001653,0.009197,-0.022662,-0.156269,-0.159579,-0.352262,0.319109,0.086716,0.042122,-0.03188,0.801521,-0.25648,-0.540167,0.320989,0.946703,0.026786,0.504508,-0.194857,0.841131,0.005694,0.003313,-0.033438,-0.191795,-0.702911,-0.355344,0.522674
6,0.168788,-0.016667,0.345513,-0.758315,0.32944,-0.56256,-0.419981,-0.906843,0.034973,-0.497693,0.26237,0.826735,0.011259,0.005519,-0.068033,-0.195408,-0.580528,-0.516217,0.514764,-0.208944,-0.053648,0.293692,-0.477482,-0.739967,0.473763,0.869073,-0.318849,0.37813,-0.128152,0.593209,0.794698,0.012809,0.01919,-0.045046,0.844335,1.799567,-1.717607,0.317546,0.022196,0.02729,-0.010374,0.517558,0.726425,0.452149,-0.845871,0.354722,0.398338,0.128975,-0.588623,0.798052,-0.001546,0.009981,-0.02162,-0.769488,-0.562676,-1.249931,0.314373,0.086853,0.042212,-0.032565,0.800102,-0.24855,-0.545946,0.317288,0.947736,0.033525,0.50908,-0.200045,0.837148,0.005613,0.008411,-0.038131,0.006603,-0.271977,-0.331329,0.523001
7,0.169369,-0.016364,0.342776,-0.757629,0.308647,-0.575135,-0.410835,-0.910172,0.052658,-0.506282,0.275791,0.817095,0.011257,0.004625,-0.069217,-0.1416,-0.462503,-0.459176,0.508062,-0.208779,-0.052899,0.292092,-0.423527,-0.759557,0.493648,0.893508,-0.260895,0.365392,-0.148221,0.59678,0.78851,0.013185,0.021769,-0.041553,-0.392488,-0.131834,-1.553803,0.3112,0.022278,0.027664,-0.011175,0.465034,0.747197,0.474804,-0.873106,0.298411,0.385533,0.146383,-0.593841,0.791154,-0.001208,0.005494,-0.016088,-1.600562,-0.046489,-5.962895,0.302453,0.087153,0.042363,-0.033962,0.796744,-0.226877,-0.56011,0.307219,0.95021,0.052122,0.520398,-0.213605,0.826775,0.005572,0.007327,-0.039282,-0.203797,-0.645216,-0.548169,0.523491
8,0.169993,-0.016102,0.339985,-0.75774,0.281154,-0.588921,-0.39841,-0.914024,0.076166,-0.515936,0.291991,0.805343,0.011341,0.005051,-0.069266,-0.284548,-0.724874,-0.602414,0.50681,-0.208434,-0.052279,0.290672,-0.355521,-0.781501,0.512691,0.916858,-0.185348,0.353483,-0.180782,0.59671,0.78174,0.013619,0.01096,-0.033026,0.774296,1.804344,-1.751609,0.295943,0.022451,0.027981,-0.011883,0.398041,0.773275,0.493566,-0.899373,0.222901,0.376087,0.180803,-0.593599,0.784187,-0.001123,0.006012,-0.015399,-0.895098,-0.542384,-1.272658,0.281225,0.087464,0.042491,-0.03536,0.794485,-0.200422,-0.573256,0.294176,0.952837,0.074571,0.531275,-0.227884,0.815974,0.005705,0.002267,-0.03487,-0.341338,-0.831076,-0.694625,0.521858
9,0.170538,-0.015838,0.337278,-0.762006,0.251855,-0.596626,-0.383819,-0.917659,0.102749,-0.520678,0.306973,0.796674,0.025781,0.005905,-0.069277,-0.264036,-0.551786,-0.735784,0.512645,-0.207914,-0.05191,0.289534,-0.285431,-0.802536,0.523887,0.933174,-0.108395,0.342594,-0.217806,0.587664,0.77915,0.01432,0.001848,-0.022079,0.049985,0.117327,-0.237743,0.269582,0.022717,0.028169,-0.012466,0.327681,0.796347,0.508384,-0.919666,0.145592,0.364713,0.216422,-0.587054,0.780082,0.007194,0.000963,-0.010974,0.057523,0.123685,-0.243829,0.2502,0.087732,0.042622,-0.036714,0.795514,-0.170759,-0.581376,0.278809,0.95502,0.100999,0.53798,-0.242439,0.807341,0.005813,0.003716,-0.033761,-0.292486,-0.631031,-0.786472,0.521368
10,0.170807,-0.015681,0.335927,-0.762195,0.241687,-0.600577,-0.381687,-0.917061,0.115265,-0.521964,0.31678,0.791979,0.011618,0.00851,-0.066724,-0.278996,-0.562913,-0.749521,0.513583,-0.207671,-0.051808,0.289072,-0.245049,-0.812901,0.528332,0.938821,-0.063168,0.338465,-0.241464,0.579961,0.777948,0.014478,0.002897,-0.020624,-2.870524,-1.752463,-4.536767,0.248849,0.022827,0.028217,-0.012683,0.29324,0.806794,0.512925,-0.926174,0.106684,0.361688,0.237087,-0.58112,0.778516,0.007244,0.001281,-0.01049,0.167568,1.437043,-2.866976,0.228482,0.087867,0.042693,-0.037369,0.794611,-0.161099,-0.585354,0.276848,0.954222,0.1132,0.540322,-0.252003,0.802835,0.005857,0.004325,-0.033295,-0.038077,-0.140056,-0.529778,0.521368
11,0.171358,-0.015363,0.333497,-0.762976,0.218715,-0.608339,-0.369031,-0.919982,0.13199,-0.529848,0.324924,0.783398,0.011924,0.01316,-0.062742,-0.031512,-0.097008,-0.498578,0.514296,-0.207237,-0.051613,0.288407,-0.158906,-0.830325,0.534136,0.942247,0.033819,0.333106,-0.294457,0.557254,0.77629,0.014974,0.006283,-0.015844,-0.253632,-0.19436,-0.400349,0.212037,0.023049,0.028312,-0.013028,0.202891,0.828791,0.521478,-0.934089,0.004033,0.357015,0.293788,-0.559542,0.774984,0.007555,0.003497,-0.007415,-0.952171,-0.53825,-1.540488,0.170514,0.088136,0.042849,-0.038593,0.792238,-0.136486,-0.594751,0.263204,0.955767,0.131268,0.550527,-0.260537,0.793119,0.006015,0.006785,-0.031181,-0.070934,-0.191418,-0.522175,0.521204
12,0.171853,-0.014956,0.331464,-0.763713,0.199105,-0.614121,-0.359184,-0.921468,0.147839,-0.535511,0.333236,0.776021,0.012578,0.010143,-0.047067,-0.197162,-0.432536,-0.424153,0.513235,-0.206754,-0.051456,0.288047,-0.072407,-0.832125,0.549833,0.938289,0.129932,0.320412,-0.337979,0.540137,0.770639,-0.000219,-0.00153,-0.002183,-3.047465,-1.63124,-4.508171,0.189791,0.023297,0.028394,-0.013212,0.12148,0.833414,0.539132,-0.934461,-0.087125,0.345239,0.334699,-0.545738,0.768209,0.007689,0.004477,-0.006014,0.042697,0.21269,-0.38596,0.130018,0.088393,0.043049,-0.039641,0.791808,-0.117961,-0.599269,0.252793,0.95648,0.145738,0.555998,-0.266888,0.787169,0.00632,0.00495,-0.023655,-0.20061,-0.425623,-0.473426,0.521694
13,0.172068,-0.014697,0.330548,-0.763533,0.19363,-0.616092,-0.355912,-0.922197,0.151166,-0.537943,0.334449,0.773814,0.012785,0.013762,-0.043724,-0.017779,-0.128658,-0.250663,0.512635,-0.206569,-0.051482,0.287947,-0.036919,-0.826705,0.561415,0.935005,0.169556,0.311368,-0.35256,0.537448,0.765973,-0.000312,-0.002183,-0.003117,0.018511,0.550623,-1.027575,0.183276,0.023384,0.028386,-0.013256,0.083555,0.831331,0.54946,-0.931991,-0.129974,0.338376,0.352718,-0.540366,0.763933,-0.00011,-0.000792,-0.001261,-3.124712,-1.543605,-4.579907,0.112056,0.088496,0.043171,-0.040085,0.790454,-0.111666,-0.602256,0.24939,0.956725,0.149933,0.559451,-0.268712,0.784096,-0.00077,0.006971,-0.021592,-0.066879,-0.303181,-0.154357,0.521531
14,0.172368,-0.014191,0.329241,-0.764791,0.185373,-0.617071,-0.351987,-0.922374,0.159074,-0.538735,0.338623,0.771444,-0.000963,0.011257,-0.026963,-0.200983,-0.477976,-0.249625,0.507915,-0.206251,-0.051634,0.287876,0.03967,-0.811052,0.583619,0.920635,0.256569,0.294171,-0.388381,0.526636,0.756093,0.015695,-0.002787,-0.004767,-3.335862,-1.471834,-4.631248,0.184179,0.023543,0.028311,-0.013289,0.009719,0.817481,0.575872,-0.922832,-0.214444,0.319989,0.385078,-0.534544,0.752314,-0.000112,-0.000821,-0.001168,-0.319835,0.041218,-0.712496,0.096217,0.088656,0.043429,-0.040762,0.791848,-0.104721,-0.601671,0.245227,0.956798,0.156207,0.55932,-0.271239,0.783319,0.00675,0.005719,-0.013595,0.092736,-0.003164,0.055806,0.519735
15,0.172583,-0.01369,0.328496,-0.767836,0.181657,-0.614389,-0.350259,-0.921981,0.165048,-0.535522,0.341694,0.772326,-0.000305,0.008944,-0.010336,-0.082729,-0.21657,-0.096547,0.507476,-0.206057,-0.051931,0.28782,0.097713,-0.787602,0.60838,0.906955,0.322027,0.271413,-0.409807,0.526228,0.744987,-4.4e-05,-0.014456,0.003415,0.229638,0.341649,-1.008548,0.184245,0.023647,0.028167,-0.013319,-0.052074,0.796345,0.602596,-0.910459,-0.28578,0.298987,0.410307,-0.53307,0.739921,-0.000304,-0.002134,-0.003041,0.691028,0.650876,-1.497098,0.090502,0.088764,0.04368,-0.041142,0.793824,-0.099614,-0.599933,0.243373,0.95609,0.163278,0.557326,-0.275622,0.783211,0.007071,0.004612,-0.005235,-0.157254,-0.350301,-0.112197,0.51451
16,0.17271,-0.013275,0.328293,-0.770108,0.180808,-0.61179,-0.349802,-0.921648,0.167854,-0.532552,0.343041,0.773782,-4.7e-05,0.013856,-0.005668,0.035662,-0.012259,0.018655,0.509374,-0.205901,-0.052283,0.287742,0.144302,-0.767063,0.625125,0.891001,0.37542,0.255168,-0.4306,0.521114,0.736808,-8.9e-05,-0.014797,0.002914,-0.367056,0.164101,-0.91166,0.186433,0.023725,0.027993,-0.013356,-0.098509,0.778532,0.619824,-0.898002,-0.337943,0.281754,0.42882,-0.528849,0.732414,-6e-05,-0.007523,0.001209,-3.541022,-0.989066,-4.803877,0.087726,0.088828,0.043889,-0.041241,0.795685,-0.097997,-0.59773,0.242797,0.955677,0.166525,0.554918,-0.277629,0.784211,0.007278,0.001432,0.001163,0.003884,-0.014286,0.034199,0.513367
17,0.172736,-0.013174,0.328346,-0.771136,0.180508,-0.610583,-0.349948,-0.921288,0.169517,-0.530969,0.344163,0.774372,0.000238,0.004526,0.004293,0.000799,-0.014528,0.024877,0.509977,-0.205861,-0.052446,0.287686,0.162829,-0.757788,0.63185,0.884713,0.395518,0.24654,-0.436942,0.519798,0.733999,-0.00059,-0.00418,-0.006003,0.204727,0.012851,-0.73068,0.190982,0.023745,0.027904,-0.013386,-0.117907,0.768823,0.628497,-0.891575,-0.360647,0.27391,0.437254,-0.528056,0.727986,-0.000293,-0.002088,-0.002997,0.328489,-0.109472,-0.791173,0.088379,0.088841,0.043946,-0.041216,0.796655,-0.097627,-0.596496,0.242979,0.955345,0.168154,0.553444,-0.278898,0.784802,0.000118,0.002165,0.002051,0.002005,-0.002558,0.004173,0.513693
18,0.172748,-0.013087,0.32864,-0.769768,0.18201,-0.611861,-0.351724,-0.920798,0.1685,-0.531779,0.344681,0.773585,0.000269,0.005113,0.00484,-0.0,-0.0,-0.0,0.513036,-0.205831,-0.052655,0.287511,0.199655,-0.738443,0.644074,0.86849,0.43762,0.232697,-0.453947,0.513824,0.72786,-0.000438,-0.0031,-0.00446,-3.581319,-1.090341,-4.36818,0.220854,0.023759,0.027799,-0.013473,-0.151463,0.752683,0.640724,-0.880049,-0.397833,0.259311,0.45008,-0.524592,0.722654,-0.000219,-0.001549,-0.002223,-0.047894,0.311624,-0.507535,0.107974,0.088848,0.043995,-0.041064,0.795447,-0.099355,-0.597822,0.244888,0.955039,0.16712,0.55434,-0.279335,0.784014,0.00026,-0.002385,0.00714,-0.035475,-0.002157,0.007129,0.514836
19,0.172751,-0.013056,0.328965,-0.768139,0.183793,-0.613374,-0.353876,-0.920183,0.167352,-0.532708,0.345374,0.772636,0.000271,0.005163,0.004877,0.0008,-0.014504,0.024891,0.513209,-0.205754,-0.052771,0.287302,0.214849,-0.731302,0.647324,0.859328,0.456417,0.230593,-0.464356,0.507623,0.725642,-0.000478,-0.00339,-0.004886,-0.014669,0.094415,-0.168097,0.247741,0.023798,0.02774,-0.013579,-0.17134,0.744772,0.644946,-0.869102,-0.422571,0.257087,0.464008,-0.516475,0.719687,-0.00024,-0.001728,-0.002487,-0.009215,0.101823,-0.172163,0.145531,0.088849,0.044015,-0.040897,0.794046,-0.101345,-0.599348,0.247148,0.95465,0.16601,0.555344,-0.279948,0.783084,0.000132,0.00256,0.002421,0.000393,-0.014358,0.02549,0.516142
20,0.172756,-0.01303,0.329088,-0.767361,0.18464,-0.614094,-0.354856,-0.919916,0.166744,-0.533177,0.345633,0.772197,0.000207,0.003952,0.00373,-0.0,-0.0,-0.0,0.513393,-0.205692,-0.052869,0.287194,0.222389,-0.725874,0.650878,0.855199,0.465707,0.227344,-0.468424,0.506966,0.723483,-0.000568,-0.004029,-0.005813,-0.014319,0.113093,-0.197871,0.25699,0.023829,0.027692,-0.013632,-0.178968,0.739612,0.648802,-0.865415,-0.432031,0.253781,0.468002,-0.516065,0.717391,-0.00028,-0.002006,-0.002894,-0.012317,0.114268,-0.197076,0.158431,0.088852,0.04403,-0.040834,0.793377,-0.102287,-0.600073,0.248174,0.954487,0.16542,0.555842,-0.280163,0.782654,9.9e-05,0.001972,0.001862,-0.000328,0.000108,0.000497,0.516469
21,0.172763,-0.012927,0.329227,-0.767691,0.18509,-0.613545,-0.355877,-0.919317,0.167866,-0.532021,0.34698,0.772389,0.000122,0.002333,0.002199,-0.44808,0.516489,-0.46811,0.513143,-0.205457,-0.053022,0.286977,0.238874,-0.71803,0.653731,0.844626,0.485702,0.225022,-0.479393,0.49929,0.721633,-0.000551,-0.003929,-0.00568,-0.013559,0.113355,-0.197023,0.284344,0.023941,0.027619,-0.013735,-0.195547,0.732502,0.652075,-0.855677,-0.452298,0.25148,0.479142,-0.50879,0.71523,-0.000513,0.003436,-0.007164,0.02396,0.101105,-0.178745,0.186353,0.088855,0.044081,-0.040765,0.792301,-0.10379,-0.601236,0.249691,0.954283,0.164305,0.556697,-0.280303,0.781996,7.7e-05,0.001522,0.001434,0.000576,-0.014441,0.025226,0.516796
22,0.172767,-0.012842,0.329293,-0.76693,0.185908,-0.614249,-0.356718,-0.919128,0.167118,-0.532555,0.347045,0.771992,5.9e-05,0.001129,0.001064,-0.0,-0.0,-0.0,0.513074,-0.204971,-0.053187,0.286712,0.249165,-0.71257,0.655859,0.837894,0.498117,0.223041,-0.485942,0.494844,0.720314,0.015525,-0.004472,-0.007298,0.002044,-0.015205,0.029245,0.3158,0.024183,0.027534,-0.01387,-0.206029,0.727342,0.654618,-0.849433,-0.465053,0.249374,0.485813,-0.504677,0.713643,0.00771,-0.002643,-0.004245,-0.010456,0.098257,-0.166649,0.227503,0.088857,0.044124,-0.04073,0.79309,-0.103621,-0.600224,0.250135,0.953903,0.16583,0.555373,-0.281655,0.782451,3.6e-05,0.000735,0.000691,-4.8e-05,-8.5e-05,0.000342,0.516306
23,0.172769,-0.012804,0.32933,-0.767919,0.185643,-0.613092,-0.35695,-0.918727,0.168816,-0.530974,0.348244,0.772541,3.6e-05,0.000694,0.000653,-0.0,0.0,-0.0,0.512897,-0.204207,-0.053456,0.286445,0.249413,-0.712112,0.656263,0.837631,0.498626,0.222892,-0.486269,0.494991,0.719992,0.015537,-0.004517,-0.0074,0.002045,-0.015205,0.029245,0.338129,0.024565,0.027399,-0.014005,-0.206248,0.726908,0.655031,-0.849216,-0.465531,0.249224,0.4861,-0.504861,0.713317,0.016015,-0.008273,-0.000699,-0.0333,-0.003559,0.016933,0.258365,0.088858,0.044143,-0.040713,0.794023,-0.103249,-0.599053,0.25039,0.953538,0.167536,0.553923,-0.283025,0.782985,2e-05,0.000372,0.000351,0.000134,-0.000222,0.000397,0.515326
24,0.17277,-0.012791,0.329342,-0.769298,0.184958,-0.611569,-0.356734,-0.918427,0.170891,-0.529121,0.349399,0.773291,1.6e-05,0.000304,0.000287,-0.0,0.0,-0.0,0.513728,-0.203698,-0.053601,0.286298,0.253307,-0.711003,0.655974,0.83475,0.503252,0.223303,-0.48921,0.491885,0.720129,0.031546,-0.005705,-0.010005,0.002364,-0.016075,0.033546,0.349702,0.024826,0.027327,-0.014079,-0.210166,0.725958,0.654839,-0.846501,-0.470236,0.249626,0.489147,-0.50186,0.713352,0.015773,-0.002878,-0.005053,0.003108,-0.016101,0.034233,0.27453,0.088858,0.04415,-0.040707,0.795305,-0.102401,-0.597497,0.250174,0.953224,0.16963,0.552179,-0.284386,0.783722,6e-06,0.000131,0.000122,0.001727,-0.002073,0.001976,0.51451
25,0.172771,-0.012759,0.329372,-0.768893,0.185393,-0.611947,-0.357192,-0.918321,0.170504,-0.529401,0.349446,0.773077,6e-05,0.001137,0.00107,-0.0,-0.0,-0.0,0.513152,-0.202387,-0.053935,0.286011,0.265399,-0.70573,0.656887,0.826131,0.517622,0.222506,-0.497383,0.484491,0.719543,0.048177,-0.017201,-0.003357,-0.129957,-0.052354,-0.061976,0.365011,0.025463,0.027166,-0.01422,-0.222323,0.721148,0.656137,-0.838511,-0.484805,0.248722,0.497464,-0.494882,0.712474,0.015786,-0.00293,-0.005184,-0.327695,-0.127623,-0.327041,0.300004,0.088859,0.044163,-0.040694,0.794941,-0.102895,-0.597896,0.250656,0.95317,0.169228,0.552484,-0.284393,0.783506,3.7e-05,0.000717,0.000673,-3.3e-05,-2.1e-05,0.000128,0.513693
26,0.172773,-0.012727,0.329402,-0.768229,0.186104,-0.612564,-0.35794,-0.918148,0.16987,-0.529859,0.349523,0.772729,8.1e-05,0.001547,0.001456,0.000801,-0.014498,0.024895,0.513508,-0.200801,-0.054271,0.285629,0.273715,-0.699897,0.659709,0.820572,0.527647,0.219507,-0.502071,0.482118,0.717878,0.031654,-0.005498,-0.009913,0.002362,-0.016089,0.033544,0.369838,0.026262,0.026992,-0.014412,-0.230879,0.7156,0.65925,-0.833314,-0.495201,0.245689,0.502276,-0.492638,0.710651,0.023923,-0.002734,-0.005426,0.004674,-0.049104,0.091686,0.311597,0.08886,0.044178,-0.04068,0.794371,-0.103679,-0.598518,0.25143,0.953076,0.168607,0.552953,-0.284422,0.783164,3.8e-05,0.000743,0.0007,0.000752,-0.014465,0.024984,0.512713
27,0.172774,-0.012714,0.329414,-0.767861,0.186499,-0.612906,-0.358355,-0.918051,0.169517,-0.530113,0.349566,0.772535,3.6e-05,0.000686,0.000645,-0.0,-0.0,-0.0,0.51321,-0.199891,-0.054392,0.285433,0.281753,-0.69559,0.660879,0.814746,0.537142,0.218176,-0.507102,0.477832,0.717207,0.047882,-0.00526,-0.010586,0.004403,-0.031297,0.062787,0.374016,0.026711,0.026931,-0.01451,-0.239049,0.711593,0.660673,-0.827859,-0.504936,0.244312,0.507449,-0.488542,0.709803,0.023968,-0.002465,-0.005075,0.005418,-0.048265,0.090842,0.31568,0.08886,0.044186,-0.040672,0.794053,-0.104115,-0.598864,0.251859,0.953023,0.168262,0.553213,-0.284438,0.782974,2e-05,0.000412,0.000388,-4.6e-05,1.7e-05,9.5e-05,0.512387
28,0.172775,-0.012688,0.329438,-0.768613,0.186484,-0.611967,-0.358844,-0.917585,0.170997,-0.528692,0.350794,0.772952,3.3e-05,0.000635,0.000597,0.005526,-0.100053,0.171805,0.513862,-0.197988,-0.054652,0.284986,0.293673,-0.689561,0.662007,0.805604,0.551233,0.216975,-0.514907,0.470444,0.71653,0.04776,-0.006728,-0.012931,0.004399,-0.031298,0.062787,0.376049,0.027663,0.026804,-0.014728,-0.25114,0.706038,0.662147,-0.819262,-0.519358,0.243053,0.515497,-0.481432,0.708862,0.024158,-0.00887,-0.002326,-0.031375,-0.01991,0.046401,0.321721,0.088861,0.044199,-0.04066,0.794873,-0.103899,-0.597813,0.252268,0.952632,0.169858,0.551849,-0.285824,0.783432,2e-05,0.000385,0.000361,0.00188,-0.002213,0.002048,0.512387
29,0.172776,-0.012663,0.329462,-0.768133,0.186996,-0.612413,-0.359384,-0.917459,0.170539,-0.529023,0.350851,0.7727,5.3e-05,0.001016,0.000955,0.005526,-0.100053,0.171805,0.51343,-0.196095,-0.054928,0.284528,0.302849,-0.685161,0.662442,0.795736,0.564228,0.219965,-0.52486,0.461355,0.715217,0.047934,-0.005735,-0.011663,0.00261,-0.028967,0.064183,0.37433,0.028609,0.026663,-0.014962,-0.260317,0.701964,0.662933,-0.809757,-0.532676,0.246067,0.525859,-0.472759,0.707085,0.02398,-0.002809,-0.005773,0.017435,-0.057191,0.082916,0.322701,0.088862,0.044211,-0.040649,0.79437,-0.104578,-0.598363,0.252932,0.952554,0.169304,0.552268,-0.285836,0.783132,2.9e-05,0.000544,0.000512,0.005531,-0.100068,0.171911,0.512224
30,0.172787,-0.012656,0.329468,-0.767676,0.187485,-0.612837,-0.359899,-0.917338,0.170103,-0.529336,0.350904,0.772461,0.0,7e-06,7e-06,0.0,0.0,0.0,0.513014,-0.194322,-0.055172,0.284062,0.30552,-0.682671,0.663783,0.788831,0.571814,0.225182,-0.533671,0.455655,0.712346,0.04798,-0.005826,-0.011981,-0.095673,0.105732,0.14852,0.372305,0.029513,0.02654,-0.015198,-0.263254,0.699647,0.664221,-0.803038,-0.540475,0.251029,0.534627,-0.46731,0.704126,0.024,-0.0029,-0.006,-0.110178,0.123597,0.158788,0.321231,0.088867,0.044216,-0.040645,0.793977,-0.105118,-0.59879,0.253465,0.952489,0.168876,0.55259,-0.285856,0.782898,-0.0,-1.9e-05,-1.8e-05,-2.1e-05,1.8e-05,8e-05,0.51206
31,0.172798,-0.012663,0.329461,-0.767329,0.187856,-0.613156,-0.360288,-0.917247,0.169771,-0.529573,0.350945,0.77228,-1.1e-05,-0.000214,-0.000201,0.005526,-0.100053,0.171805,0.512996,-0.193444,-0.055255,0.283875,0.309021,-0.681667,0.663194,0.785787,0.575745,0.225811,-0.536148,0.452187,0.712696,0.048203,-0.003902,-0.009217,0.004668,-0.043614,0.088989,0.370358,0.029934,0.026497,-0.015293,-0.266569,0.698711,0.663884,-0.800099,-0.544473,0.251772,0.537384,-0.464058,0.704178,0.02408,-0.002233,-0.005052,0.015785,-0.042763,0.057768,0.319435,0.088872,0.044212,-0.040648,0.793679,-0.105527,-0.599112,0.253868,0.952439,0.168552,0.552832,-0.285872,0.782721,-5e-06,-0.000128,-0.000121,0.005509,-0.100028,0.171868,0.511734
32,0.172809,-0.012663,0.329461,-0.766712,0.188515,-0.613727,-0.360981,-0.917083,0.169182,-0.529996,0.351018,0.771957,-0.0,-0.0,-0.0,0.0,0.0,0.0,0.51302,-0.191897,-0.05535,0.28362,0.31597,-0.679719,0.661919,0.779684,0.583465,0.227144,-0.540998,0.445153,0.713458,0.048514,-0.001027,-0.005093,0.006131,-0.045616,0.087734,0.364779,0.030707,0.026446,-0.015424,-0.273733,0.697033,0.662733,-0.79429,-0.552393,0.252911,0.542376,-0.457172,0.704854,0.016159,-0.000527,-0.001997,0.004895,-0.030789,0.058845,0.31323,0.088878,0.044212,-0.040649,0.793147,-0.106254,-0.599688,0.254585,0.952349,0.167974,0.553265,-0.2859,0.782405,2e-06,-2e-06,-3e-06,0.005522,-0.100033,0.171868,0.511244
33,0.172809,-0.01265,0.329473,-0.766082,0.189184,-0.614307,-0.361685,-0.916916,0.168581,-0.530427,0.351092,0.771627,6.7e-05,0.001286,0.001209,0.006327,-0.114551,0.1967,0.513089,-0.19058,-0.055401,0.283575,0.323211,-0.675741,0.662495,0.773489,0.591887,0.226533,-0.545606,0.440046,0.713117,0.032495,0.000913,-0.001097,-0.004808,-0.033453,0.048914,0.363934,0.03136,0.026421,-0.015447,-0.281081,0.693301,0.663571,-0.788442,-0.561032,0.252193,0.547131,-0.4523,0.704323,0.008172,0.000697,0.000402,-0.098982,-0.052069,-0.075246,0.308821,0.088878,0.044215,-0.040646,0.79269,-0.106877,-0.600181,0.255199,0.952272,0.167479,0.553637,-0.285925,0.782133,1e-06,-3e-06,-3e-06,-2.8e-05,9e-06,5e-05,0.510754
34,0.172799,-0.012644,0.329479,-0.765824,0.189457,-0.614545,-0.361972,-0.916848,0.168337,-0.530604,0.351123,0.771491,1.4e-05,0.000274,0.000258,0.0,0.0,0.0,0.512871,-0.190079,-0.055403,0.283589,0.322753,-0.676507,0.661937,0.773783,0.591262,0.227161,-0.545459,0.439711,0.713436,0.016344,0.001513,0.001005,0.002045,-0.015205,0.029245,0.363288,0.031629,0.02642,-0.015441,-0.280599,0.694109,0.662929,-0.788697,-0.560362,0.252885,0.547011,-0.451891,0.704679,0.016299,0.001001,0.000226,0.006069,-0.045002,0.084221,0.308168,0.088873,0.044221,-0.04064,0.792383,-0.107293,-0.600513,0.25561,0.952221,0.167147,0.553888,-0.285941,0.781949,9e-06,0.000165,0.000155,-2.3e-05,2e-06,5.6e-05,0.511081
35,0.172801,-0.012599,0.329522,-0.765216,0.1901,-0.615103,-0.362648,-0.916687,0.167759,-0.531018,0.351196,0.771173,8.8e-05,0.00168,0.001579,0.0,0.0,0.0,0.512176,-0.18922,-0.055357,0.283645,0.330453,-0.671583,0.66315,0.767173,0.600316,0.225834,-0.55018,0.43495,0.71273,0.016382,0.002027,0.001742,0.002045,-0.015205,0.029245,0.358471,0.032058,0.026445,-0.01541,-0.288439,0.689486,0.664388,-0.782452,-0.569667,0.251491,0.55188,-0.447312,0.703804,0.016315,0.001273,0.00061,0.006199,-0.044898,0.084132,0.304086,0.088874,0.044242,-0.04062,0.79186,-0.108003,-0.601075,0.256308,0.952132,0.166581,0.554313,-0.285969,0.781637,4.8e-05,0.000915,0.000862,-1.9e-05,2.1e-05,6.5e-05,0.509774
36,0.172805,-0.01253,0.3296,-0.764729,0.190617,-0.615549,-0.363205,-0.916548,0.167314,-0.53134,0.351278,0.770914,0.000139,0.002665,0.002502,0.000801,-0.014497,0.024895,0.512615,-0.188594,-0.055274,0.2837,0.337962,-0.668347,0.662635,0.760356,0.608735,0.226353,-0.555075,0.428162,0.713045,0.016332,0.001557,0.001026,0.002038,-0.015207,0.029238,0.357953,0.032378,0.026489,-0.015379,-0.296061,0.686544,0.664082,-0.775936,-0.578312,0.251945,0.557019,-0.440695,0.70393,0.008167,0.000782,0.000507,0.002582,-0.015303,0.029786,0.30082,0.088876,0.044275,-0.040582,0.791451,-0.108558,-0.601514,0.25687,0.952054,0.166158,0.554637,-0.286017,0.78139,4.2e-05,0.000835,0.000786,-2.8e-05,2.1e-05,5.9e-05,0.509448
37,0.172818,-0.0125,0.329642,-0.764476,0.190887,-0.615779,-0.363501,-0.916471,0.167093,-0.531502,0.351332,0.770778,0.000118,0.002255,0.002116,0.0,0.0,0.0,0.512578,-0.188384,-0.055228,0.283752,0.337712,-0.668801,0.662305,0.760559,0.608356,0.226684,-0.554947,0.427991,0.713246,0.016427,0.00269,0.002698,0.003802,-0.029512,0.054198,0.358152,0.032477,0.026509,-0.015357,-0.295814,0.686956,0.663765,-0.776112,-0.577943,0.252253,0.556905,-0.440536,0.704118,8.1e-05,0.000934,0.001374,0.000417,0.000103,0.000424,0.300167,0.088882,0.044291,-0.04056,0.791222,-0.108871,-0.601758,0.257191,0.952008,0.16593,0.554814,-0.286054,0.781251,0.000167,-0.004181,0.005427,-0.034913,-0.002289,0.006262,0.509611
38,0.172822,-0.012431,0.32972,-0.764074,0.191312,-0.616146,-0.363961,-0.916354,0.166731,-0.531764,0.351404,0.770564,0.000111,0.002126,0.001994,0.0,0.0,0.0,0.512025,-0.188129,-0.055189,0.283918,0.337386,-0.669386,0.66188,0.760721,0.607946,0.227245,-0.554924,0.42766,0.713463,0.000209,0.0024,0.003551,-0.0,0.0,0.0,0.357771,0.03261,0.026533,-0.015277,-0.295449,0.68756,0.663303,-0.776281,-0.577469,0.252816,0.556863,-0.440215,0.704353,9.4e-05,0.001105,0.001627,0.00028,0.000114,0.000275,0.299024,0.088884,0.044326,-0.04052,0.790877,-0.109339,-0.602127,0.257666,0.951941,0.165576,0.555086,-0.286098,0.781041,0.000162,-0.004276,0.005339,-0.03491,-0.002283,0.006271,0.509121
39,0.172836,-0.012376,0.329787,-0.763597,0.191819,-0.61658,-0.364505,-0.916217,0.166295,-0.532077,0.351486,0.770311,8.1e-05,0.001556,0.001458,0.0,0.0,0.0,0.5122,-0.188094,-0.055114,0.284102,0.345168,-0.665575,0.66171,0.753514,0.616766,0.227487,-0.559962,0.420904,0.713544,0.000257,0.002971,0.004389,-0.098738,-0.033945,-0.106472,0.358127,0.032628,0.026568,-0.01518,-0.303336,0.684052,0.663369,-0.769401,-0.586528,0.252994,0.562146,-0.433655,0.704226,0.00013,0.00154,0.002274,-0.099325,-0.034304,-0.107287,0.298861,0.088892,0.044356,-0.040486,0.790465,-0.109897,-0.602566,0.258229,0.951862,0.16515,0.555411,-0.286146,0.780793,4e-05,0.000782,0.000732,-3.2e-05,3e-06,7.1e-05,0.508631
40,0.17285,-0.012341,0.329847,-0.763154,0.192289,-0.616982,-0.365025,-0.916079,0.165913,-0.532356,0.351587,0.770072,5.8e-05,0.001107,0.001037,0.0,0.0,0.0,0.511999,-0.188106,-0.055023,0.284311,0.351183,-0.663786,0.660341,0.750309,0.621313,0.225698,-0.560534,0.417015,0.715376,0.000277,0.003197,0.004715,0.008179,-0.022871,0.019587,0.358579,0.032622,0.026614,-0.015075,-0.309667,0.682483,0.662059,-0.76645,-0.591237,0.250981,0.562725,-0.429715,0.706176,0.000134,0.001575,0.002325,-0.01022,-0.00255,0.030445,0.298697,0.088898,0.044373,-0.040456,0.790084,-0.110415,-0.602971,0.258766,0.951781,0.164778,0.555703,-0.286217,0.780559,3.3e-05,0.000656,0.000613,-4.7e-05,6e-06,6.9e-05,0.508631
41,0.172851,-0.01233,0.329871,-0.763039,0.19241,-0.617086,-0.365166,-0.916039,0.165824,-0.532424,0.351625,0.770008,6.1e-05,0.001168,0.001094,0.0,0.0,0.0,0.511982,-0.188101,-0.05499,0.284396,0.35128,-0.66359,0.660486,0.750191,0.621493,0.225597,-0.560632,0.417059,0.715274,0.000217,0.002509,0.003697,9.4e-05,-0.000125,-7.9e-05,0.358224,0.032625,0.02663,-0.015032,-0.309614,0.682274,0.662299,-0.766286,-0.591426,0.251036,0.562977,-0.429787,0.705931,0.000122,0.00144,0.002125,-0.001389,-0.010399,0.027274,0.298697,0.088899,0.044378,-0.040444,0.789985,-0.110549,-0.603076,0.258912,0.951756,0.164691,0.555776,-0.286247,0.780496,3e-05,0.000593,0.000555,-3.9e-05,2.7e-05,7.7e-05,0.507978
42,0.172852,-0.012336,0.329908,-0.76277,0.192696,-0.617329,-0.365507,-0.915939,0.165628,-0.532576,0.351729,0.769855,6e-06,0.000123,0.000116,0.0,0.0,0.0,0.512148,-0.188099,-0.05489,0.284619,0.367351,-0.657318,0.65801,0.739818,0.635189,0.221673,-0.564131,0.406184,0.718773,0.000292,0.003381,0.004973,0.166678,-0.222698,-0.139463,0.358399,0.032625,0.026679,-0.014923,-0.325192,0.67656,0.660693,-0.756384,-0.605425,0.247673,0.567566,-0.419197,0.708619,0.000168,0.002008,0.002952,0.279382,-0.366354,-0.1859,0.298861,0.0889,0.044377,-0.040424,0.789754,-0.110864,-0.603322,0.259265,0.951693,0.1645,0.55594,-0.286335,0.780347,2e-06,3e-05,2.9e-05,-3.5e-05,2.8e-05,8.5e-05,0.507978
43,0.172864,-0.012346,0.329926,-0.763545,0.188556,-0.617651,-0.3605,-0.917975,0.165329,-0.534869,0.348659,0.769662,0.0,1e-06,1e-06,0.00553,-0.099999,0.171837,0.511936,-0.188092,-0.054851,0.284934,0.37972,-0.65232,0.65596,0.732554,0.644971,0.217509,-0.565436,0.398735,0.721911,0.001043,-0.0066,0.014801,0.291109,-0.439204,-0.265773,0.35732,0.032629,0.0267,-0.014773,-0.336592,0.671949,0.659688,-0.749325,-0.615405,0.244515,0.570277,-0.41202,0.710649,0.000146,0.001752,0.002574,-0.011045,0.009749,0.003699,0.298697,0.088905,0.044371,-0.040416,0.790149,-0.106548,-0.603582,0.253952,0.953178,0.164187,0.557828,-0.283013,0.780211,-0.0,-2.2e-05,-2e-05,-0.000271,5.3e-05,0.000139,0.507651
44,0.172885,-0.012346,0.329925,-0.76343,0.188681,-0.617754,-0.360629,-0.917945,0.165217,-0.534945,0.348672,0.769603,0.014328,-0.000191,-0.000572,0.000984,-0.014715,0.029553,0.511804,-0.188105,-0.054851,0.285101,0.383735,-0.649708,0.656215,0.728418,0.649663,0.217438,-0.568071,0.395359,0.7217,0.000991,-0.00719,0.013928,-0.031656,0.004808,-0.02188,0.357469,0.032622,0.026701,-0.014687,-0.342886,0.669555,0.658881,-0.745813,-0.620483,0.242409,0.571132,-0.408284,0.712118,-0.007922,0.001899,0.003432,-0.028726,0.116401,-0.168116,0.298697,0.088911,0.044371,-0.040416,0.789987,-0.106773,-0.603753,0.254174,0.953149,0.164013,0.557956,-0.283026,0.780115,-0.0,-1.3e-05,-9e-06,-0.000129,5.7e-05,0.000165,0.507651
45,0.172907,-0.012346,0.329924,-0.764162,0.184561,-0.618094,-0.355606,-0.919967,0.164858,-0.537253,0.345541,0.769408,0.0,0.0,0.0,0.0,-0.0,-0.0,0.51196,-0.188172,-0.05482,0.285393,0.394561,-0.646233,0.65322,0.724973,0.655643,0.210905,-0.565067,0.391146,0.726339,0.000277,0.003213,0.004704,0.090047,-0.13301,-0.049193,0.3576,0.032589,0.026716,-0.014534,-0.353694,0.666459,0.656301,-0.742737,-0.626604,0.236025,0.568542,-0.403979,0.71663,0.000104,0.001265,0.001855,0.105257,-0.141458,-0.087993,0.298534,0.088927,0.04437,-0.040417,0.790255,-0.102608,-0.604125,0.248972,0.954602,0.163545,0.559918,-0.279653,0.779926,3e-06,-5e-06,-5e-06,-0.000179,6.2e-05,0.000241,0.507651
46,0.172939,-0.012355,0.329929,-0.763785,0.184971,-0.618436,-0.356044,-0.919859,0.164513,-0.537499,0.345607,0.769206,0.0002,-0.01099,0.008393,-0.035686,0.012182,-0.018698,0.512602,-0.188431,-0.054728,0.285548,0.405893,-0.641455,0.650983,0.721005,0.662382,0.203311,-0.562122,0.387628,0.730497,-0.016641,0.012932,-0.00424,0.061208,-0.032335,-0.034045,0.357424,0.032466,0.026758,-0.014452,-0.36566,0.662098,0.654154,-0.739272,-0.633611,0.228064,0.56548,-0.400204,0.721156,0.000102,0.001211,0.001777,-0.009009,-0.009371,0.023128,0.298371,0.088943,0.044366,-0.040415,0.789931,-0.10307,-0.60447,0.249437,0.954538,0.163208,0.560169,-0.2797,0.779729,0.000104,-0.005499,0.004194,-0.03578,0.012225,-0.018549,0.507651
47,0.172972,-0.012341,0.329928,-0.764546,0.180798,-0.61873,-0.35094,-0.921878,0.16418,-0.539763,0.342429,0.769042,0.0,1e-06,1e-06,0.0,-0.0,-0.0,0.512148,-0.188803,-0.054679,0.285632,0.419648,-0.639169,0.644476,0.716589,0.669021,0.197086,-0.557666,0.379903,0.737933,-0.016147,1.4e-05,0.001286,0.038713,-0.049259,-0.062725,0.356794,0.03228,0.02679,-0.01441,-0.379683,0.660324,0.647929,-0.735289,-0.64043,0.221806,0.561418,-0.392199,0.72869,-3e-06,-5e-06,-2e-06,-0.012446,0.068227,-0.181772,0.295758,0.088959,0.044373,-0.040415,0.790233,-0.09883,-0.604783,0.244138,0.95598,0.162779,0.562074,-0.276284,0.779575,1e-06,-6e-06,-8e-06,-0.000183,4.2e-05,0.00021,0.507651
48,0.172983,-0.012335,0.329933,-0.764349,0.181014,-0.618911,-0.351163,-0.921827,0.163988,-0.539898,0.342451,0.768937,5e-06,9.5e-05,8.9e-05,0.0,-0.0,-0.0,0.512148,-0.189045,-0.054676,0.285655,0.425055,-0.63825,0.641839,0.715783,0.670967,0.193371,-0.554605,0.378008,0.741206,-0.016158,-0.000115,0.001091,0.038019,0.041736,-0.246438,0.35498,0.032152,0.02679,-0.014399,-0.385201,0.659539,0.645466,-0.734633,-0.642466,0.21806,0.55851,-0.390184,0.731998,-0.008087,-0.000125,0.000453,-0.004099,0.096669,-0.224188,0.294288,0.088965,0.044376,-0.040412,0.790063,-0.099073,-0.604966,0.244374,0.955952,0.162591,0.56221,-0.276295,0.779473,3e-06,4.1e-05,3.8e-05,-0.000132,2.7e-05,0.000178,0.507651
49,0.173004,-0.012335,0.329932,-0.764063,0.181327,-0.619171,-0.351484,-0.921754,0.16371,-0.540092,0.342483,0.768787,0.0,0.0,0.0,0.0,0.0,0.0,0.512352,-0.18952,-0.054652,0.285654,0.435503,-0.638812,0.634229,0.714366,0.673883,0.188404,-0.548299,0.371806,0.748993,-0.016162,-0.000147,0.001031,0.12888,-0.167906,-0.143209,0.353483,0.031921,0.0268,-0.014403,-0.395276,0.660457,0.638398,-0.73339,-0.645381,0.213589,0.553077,-0.383768,0.739477,-3e-06,-3.1e-05,-3.7e-05,0.156393,-0.124264,-0.317441,0.291676,0.088975,0.044376,-0.040413,0.789818,-0.099421,-0.605228,0.244712,0.955911,0.16232,0.562407,-0.27631,0.779326,3e-06,-6e-06,-8e-06,-7.3e-05,4e-05,0.000134,0.507651
50,0.173005,-0.012316,0.32995,-0.765515,0.180527,-0.61761,-0.351203,-0.921474,0.165877,-0.538218,0.343658,0.769577,1.4e-05,0.000276,0.000258,-9.9e-05,0.000111,-0.000103,0.511476,-0.190005,-0.054643,0.285688,0.452397,-0.631198,0.630014,0.706281,0.684841,0.179146,-0.545104,0.364697,0.754798,-0.016158,-9.7e-05,0.001091,0.344139,-0.471508,-0.332166,0.354041,0.031678,0.026805,-0.014386,-0.410849,0.65341,0.635812,-0.72567,-0.656542,0.205801,0.55191,-0.376837,0.7439,-0.008081,-6e-05,0.00054,0.008489,-0.008723,-0.049045,0.291349,0.088976,0.044386,-0.040404,0.791175,-0.098438,-0.603615,0.244422,0.955608,0.16453,0.560624,-0.27771,0.780114,1e-05,0.000163,0.000152,0.00318,-0.003683,0.003396,0.507488
51,0.173006,-0.012296,0.329968,-0.765478,0.180567,-0.617644,-0.351245,-0.921464,0.165841,-0.538244,0.343662,0.769557,5e-05,0.000974,0.000911,-0.0,0.0,-0.0,0.511933,-0.190211,-0.054657,0.285701,0.454631,-0.630824,0.628778,0.706357,0.685318,0.177008,-0.543145,0.364444,0.756331,-0.016194,-0.000477,0.00053,0.04001,-0.043964,-0.066066,0.353167,0.031569,0.026798,-0.014379,-0.415355,0.653022,0.633277,-0.726114,-0.657353,0.201603,0.547939,-0.376095,0.747204,-0.0081,-0.000267,0.000232,-0.003301,0.006123,-0.040953,0.291023,0.088976,0.044394,-0.040396,0.791117,-0.098503,-0.60368,0.244475,0.955607,0.164455,0.560682,-0.277688,0.780079,3.2e-05,0.000624,0.000585,0.000417,-0.000534,0.00057,0.507325
52,0.172998,-0.012259,0.330017,-0.766471,0.1761,-0.617703,-0.345867,-0.923503,0.165801,-0.540304,0.3405,0.769518,0.000103,0.001991,0.001863,0.000802,-0.014489,0.024899,0.511962,-0.190562,-0.054654,0.285732,0.463264,-0.629856,0.623426,0.706954,0.686791,0.168726,-0.535018,0.363342,0.762627,-0.016133,0.000178,0.001476,0.107337,-0.138887,-0.125122,0.352443,0.0314,0.026798,-0.014365,-0.423644,0.652371,0.62844,-0.726951,-0.658772,0.193805,0.540432,-0.374741,0.753327,1.9e-05,0.00021,0.000315,0.160875,-0.22438,-0.138134,0.290043,0.088972,0.04441,-0.040374,0.79162,-0.093929,-0.603749,0.23888,0.957044,0.16432,0.562381,-0.274303,0.780053,2.6e-05,0.000505,0.000472,-0.00016,3.2e-05,0.000184,0.507325
53,0.173011,-0.012216,0.330071,-0.766283,0.176308,-0.617876,-0.346096,-0.923447,0.165637,-0.540424,0.340544,0.769415,7.6e-05,0.001478,0.001382,0.0,0.0,0.0,0.51186,-0.190802,-0.05466,0.285797,0.473426,-0.62629,0.619371,0.703187,0.692127,0.162552,-0.531083,0.359346,0.767258,9e-05,0.000948,0.001383,0.090868,-0.128163,-0.079727,0.352483,0.031274,0.026794,-0.014334,-0.434217,0.649106,0.624592,-0.723529,-0.664358,0.187434,0.536618,-0.370524,0.758124,-0.007703,-0.004881,0.005685,0.059241,-0.113625,-0.13537,0.289553,0.088979,0.044433,-0.040345,0.791448,-0.09418,-0.603936,0.23914,0.957009,0.164149,0.562513,-0.27434,0.779946,5.1e-05,0.001002,0.000937,0.000714,-0.014447,0.025015,0.507161
54,0.173014,-0.012188,0.330126,-0.766046,0.17657,-0.618096,-0.346394,-0.923369,0.165446,-0.540569,0.340619,0.76928,7.7e-05,0.001488,0.001391,0.0,0.0,0.0,0.511954,-0.190866,-0.054664,0.285926,0.481241,-0.623241,0.616417,0.699374,0.696856,0.158751,-0.529099,0.355474,0.770426,0.000138,0.001461,0.002131,0.031805,-0.044858,-0.027898,0.348637,0.031242,0.026793,-0.014269,-0.442349,0.646287,0.621803,-0.719964,-0.669315,0.183489,0.534768,-0.36651,0.761375,8.4e-05,0.000918,0.001342,0.012215,-0.023511,-0.017585,0.287104,0.08898,0.044448,-0.040318,0.791244,-0.094473,-0.604157,0.239454,0.956962,0.163963,0.562666,-0.274402,0.779813,4.3e-05,0.000835,0.000779,0.00075,-0.014468,0.02497,0.507325
55,0.173014,-0.012175,0.330138,-0.765936,0.176691,-0.618198,-0.346519,-0.923342,0.165339,-0.540645,0.340631,0.769221,2.3e-05,0.000441,0.000412,0.0,0.0,0.0,0.512135,-0.190833,-0.054661,0.286056,0.481167,-0.623395,0.616319,0.699367,0.696808,0.158991,-0.529175,0.355297,0.770455,0.000291,0.003079,0.004488,0.000465,-0.000656,-0.000408,0.347803,0.031258,0.026791,-0.014208,-0.442091,0.646423,0.621846,-0.719882,-0.669279,0.183942,0.535093,-0.366337,0.761231,0.000494,-0.00356,0.006998,-0.041775,0.00637,0.012588,0.285307,0.088981,0.044457,-0.040309,0.79115,-0.094606,-0.60426,0.239582,0.956948,0.163858,0.562744,-0.274406,0.779756,9e-06,0.000185,0.000173,-4.7e-05,7e-06,7.2e-05,0.507325
56,0.173016,-0.012174,0.330181,-0.765745,0.176902,-0.618373,-0.346779,-0.923267,0.165213,-0.540748,0.340724,0.769107,3.6e-05,0.0007,0.000654,0.0,0.0,0.0,0.51196,-0.190701,-0.054769,0.286566,0.492468,-0.617624,0.613194,0.691079,0.705704,0.15597,-0.529683,0.347714,0.773559,0.001123,-0.005752,0.015971,0.125038,-0.228279,-0.132867,0.347686,0.031324,0.026743,-0.013963,-0.452551,0.641139,0.619788,-0.711956,-0.678282,0.181798,0.536949,-0.35899,0.76342,0.000593,-0.002464,0.008585,0.296483,-0.445463,-0.25202,0.283675,0.088982,0.044456,-0.040289,0.790987,-0.094838,-0.604437,0.239852,0.956902,0.163737,0.562858,-0.274489,0.779644,2.5e-05,0.000512,0.000479,-4.9e-05,3e-06,6.4e-05,0.507488
