frame,MLTx,MLTy,MLTz,MLTR1,MLTR2,MLTR3,MLTR4,MLTR5,MLTR6,MLTR7,MLTR8,MLTR9,MLTTVx,MLTTVy,MLTTVz,MLTRVx,MLTRVy,MLTRVz,MLGA,MRTx,MRTy,MRTz,MRTR1,MRTR2,MRTR3,MRTR4,MRTR5,MRTR6,MRTR7,MRTR8,MRTR9,MRTTVx,MRTTVy,MRTTVz,MRTRVx,MRTRVy,MRTRVz,MRGA,SLTx,SLTy,SLTz,SLTR1,SLTR2,SLTR3,SLTR4,SLTR5,SLTR6,SLTR7,SLTR8,SLTR9,SLTTVx,SLTTVy,SLTTVz,SLTRVx,SLTRVy,SLTRVz,SLGA,SRTx,SRTy,SRTz,SRTR1,SRTR2,SRTR3,SRTR4,SRTR5,SRTR6,SRTR7,SRTR8,SRTR9,SRTTVx,SRTTVy,SRTTVz,SRTRVx,SRTRVy,SRTRVz,SRGA
1,0.080001,0.038225,0.364254,-0.248881,0.564815,-0.786821,-0.886685,-0.459677,-0.049574,-0.389383,0.684621,0.6162,-0.027429,0.011975,-0.023573,0.065376,0.018813,-0.078999,-0.058646,-0.136647,0.040075,0.304583,-0.583735,0.697509,0.415605,-0.746857,-0.662008,0.06233,0.319352,-0.274875,0.906819,-0.000591,0.005927,0.022892,-0.0058,-0.268769,0.328638,-0.091248,0.025712,0.042471,-0.028301,0.682368,-0.653829,0.326925,0.691621,0.72226,0.000901,-0.236714,0.225493,0.945049,-0.00035,0.003422,0.011859,0.001699,-0.261406,0.331265,-0.265962,0.076651,0.042273,-0.057722,-0.023983,0.640684,-0.767429,-0.922709,-0.309623,-0.229652,-0.384748,0.702607,0.598591,-0.00795,-0.000215,-0.008022,0.032149,0.009272,-0.039121,-0.241526
2,0.079042,0.038485,0.363787,-0.251756,0.564213,-0.786338,-0.885481,-0.462142,-0.048165,-0.39027,0.683459,0.616928,-0.0134,0.00695,-0.011159,0.032669,0.009341,-0.039531,-0.059663,-0.136617,0.040592,0.305443,-0.608628,0.681786,0.40587,-0.722813,-0.68734,0.070982,0.328138,-0.25101,0.910595,0.000678,-0.003829,0.031549,-0.058774,-0.136857,0.154353,-0.083617,0.025726,0.042738,-0.027863,0.704524,-0.635878,0.315127,0.666749,0.745168,0.012994,-0.243086,0.200956,0.94896,0.000309,-0.001706,0.015958,-0.047154,-0.14183,0.154771,-0.262532,0.076161,0.042409,-0.057964,-0.027002,0.640511,-0.767473,-0.922127,-0.312376,-0.228257,-0.385942,0.701545,0.599068,-0.006517,0.003982,-0.005225,0.032294,0.009247,-0.039269,-0.247241
3,0.078309,0.038678,0.363604,-0.253702,0.563847,-0.785975,-0.884772,-0.46361,-0.047061,-0.390614,0.682767,0.617476,-0.013408,-7.6e-05,-0.000167,-0.000984,0.014715,-0.029553,-0.040658,-0.136677,0.04048,0.306558,-0.620686,0.669362,0.408283,-0.707141,-0.702773,0.077426,0.339544,-0.241484,0.908988,0.001149,-0.007776,0.027953,-0.153397,0.198202,-0.069688,-0.074078,0.025695,0.042695,-0.027308,0.715709,-0.622536,0.316557,0.65068,0.759044,0.021589,-0.25372,0.190526,0.948327,0.000585,-0.00408,0.013804,-0.147727,0.110318,0.08319,-0.252408,0.075806,0.042511,-0.058051,-0.028957,0.640437,-0.767463,-0.921848,-0.313958,-0.227212,-0.386466,0.700906,0.599477,-0.006126,0.005115,-0.004468,0.032398,0.009216,-0.039368,-0.241852
4,0.077846,0.038616,0.36356,-0.255232,0.563702,-0.785584,-0.88443,-0.464376,-0.045937,-0.390392,0.682367,0.618058,-0.014379,-0.002801,-0.002008,-0.00121,0.029473,-0.054307,-0.031298,-0.136612,0.040159,0.307551,-0.617592,0.671109,0.410103,-0.706646,-0.702342,0.085452,0.346163,-0.237852,0.907448,0.014474,-0.008435,0.025826,-0.100552,0.029675,0.051516,-0.075732,0.025723,0.042535,-0.02681,0.712736,-0.624712,0.31897,0.65127,0.758259,0.029814,-0.260487,0.186486,0.947295,0.000655,-0.004697,0.013239,-0.073554,0.002168,0.043953,-0.249469,0.075574,0.042492,-0.058065,-0.030533,0.640514,-0.767338,-0.921824,-0.314823,-0.22611,-0.386403,0.700448,0.600054,-0.000899,-0.002563,-0.001718,-0.000407,0.014709,-0.024623,-0.231075
5,0.07773,0.038476,0.363488,-0.25556,0.563686,-0.785489,-0.884377,-0.464502,-0.045672,-0.390296,0.682294,0.618199,-0.002728,-0.00775,-0.005226,-0.000226,0.014757,-0.024755,-0.03139,-0.136516,0.039968,0.308051,-0.612002,0.673327,0.41482,-0.707775,-0.700277,0.09274,0.35371,-0.237675,0.904579,0.001607,-0.01163,0.024498,-0.208073,0.187818,0.141849,-0.080215,0.025775,0.042446,-0.026568,0.7083,-0.62723,0.32387,0.653123,0.756372,0.03647,-0.267841,0.185696,0.945397,0.007347,-0.005281,0.01197,-0.276498,0.265598,0.243608,-0.249959,0.075514,0.04243,-0.058096,-0.030871,0.640544,-0.767299,-0.921838,-0.314968,-0.225848,-0.386341,0.700354,0.600202,-0.001278,-0.003636,-0.002445,-0.000376,0.014713,-0.024649,-0.229279
6,0.077724,0.038037,0.363181,-0.25367,0.563399,-0.786306,-0.884135,-0.464746,-0.047834,-0.392075,0.682365,0.616994,-0.004563,-0.012962,-0.008778,-0.000357,0.029412,-0.049394,-0.034023,-0.136547,0.039212,0.308821,-0.504573,0.747382,0.432224,-0.79428,-0.597991,0.107052,0.339117,-0.290217,0.894783,0.002735,-0.021123,0.016175,2.868649,1.598885,5.483981,-0.114044,0.025758,0.042075,-0.026163,0.614171,-0.707306,0.350016,0.744747,0.666181,0.039404,-0.261045,0.236473,0.935914,-0.005107,-0.01153,0.007826,2.2866,2.639237,1.346049,-0.265961,0.075512,0.042213,-0.058247,-0.028883,0.639995,-0.767834,-0.921254,-0.315123,-0.228003,-0.387884,0.700786,0.598701,0.003995,-0.007721,-0.005159,-0.001386,-0.098583,0.172398,-0.228789
7,0.077937,0.037303,0.362664,-0.251835,0.561441,-0.788295,-0.881168,-0.469776,-0.053147,-0.399856,0.680536,0.614013,0.005902,-0.021473,-0.014492,0.000528,0.014805,-0.019953,-0.04602,-0.136528,0.038195,0.309256,-0.296851,0.834692,0.463853,-0.91475,-0.38787,0.112799,0.274451,-0.391862,0.878057,0.002066,-0.016472,0.002912,2.310163,2.6117,1.490993,-0.200871,0.025767,0.041574,-0.025945,0.421455,-0.8141,0.399519,0.882615,0.469407,0.025435,-0.208243,0.341902,0.916372,0.001839,-0.014775,0.00456,3.115834,1.531284,7.554716,-0.325889,0.075613,0.041859,-0.058497,-0.027074,0.637875,-0.769663,-0.918189,-0.320275,-0.233135,-0.395215,0.700385,0.594361,0.002865,-0.010998,-0.007426,-0.002446,0.01879,-0.021831,-0.234341
8,0.078045,0.036829,0.362354,-0.251831,0.559794,-0.789466,-0.878444,-0.474487,-0.056302,-0.405804,0.678626,0.612223,0.004349,-0.025973,-0.017624,0.394553,-0.044291,-0.178389,-0.045828,-0.136455,0.037771,0.309324,-0.163333,0.862383,0.479175,-0.963261,-0.244223,0.111434,0.213342,-0.444443,0.869953,0.00238,-0.01911,0.000591,4.036908,1.547115,7.029954,-0.23265,0.025805,0.04135,-0.025908,0.292549,-0.853658,0.430907,0.943729,0.330427,0.013887,-0.154238,0.402597,0.902288,0.001284,-0.009588,2.5e-05,5.091465,3.081517,6.144199,-0.364589,0.075672,0.041609,-0.05866,-0.027071,0.636337,-0.770934,-0.915733,-0.325059,-0.236152,-0.400872,0.699578,0.591515,0.002063,-0.013328,-0.009048,0.397804,-0.048264,-0.184014,-0.23679
9,0.078371,0.035497,0.36153,-0.249944,0.560721,-0.789408,-0.876099,-0.478066,-0.062247,-0.41199,0.675343,0.611722,0.013772,-0.03787,-0.025864,0.001487,0.015459,-0.014791,-0.034927,-0.136376,0.037052,0.309255,0.093595,0.854309,0.51126,-0.993036,0.043613,0.10914,0.070838,-0.518981,0.851765,0.002645,-0.021351,-0.0014,4.048685,1.331657,6.58225,-0.302016,0.025846,0.04098,-0.025947,0.0356,-0.869738,0.492228,0.999194,0.04011,-0.001393,-0.018532,0.491881,0.870465,0.001386,-0.010906,-0.000901,4.156157,1.298926,6.530217,-0.432028,0.075831,0.04096,-0.059061,-0.025203,0.637017,-0.770436,-0.912893,-0.328755,-0.24196,-0.407418,0.697229,0.589815,0.006602,-0.019772,-0.013512,-2.5e-05,-0.079509,0.125194,-0.233361
10,0.078669,0.033809,0.360449,-0.252865,0.557788,-0.790555,-0.870574,-0.48761,-0.065648,-0.421794,0.670941,0.609881,0.011521,-0.044805,-0.031059,0.00267,-0.072231,0.130934,0.005233,-0.136356,0.036471,0.308956,0.253598,0.807677,0.532295,-0.966762,0.229181,0.113056,-0.030981,-0.544282,0.838248,0.001324,-0.011192,-0.009919,0.829511,0.454497,2.642696,-0.428984,0.025856,0.040691,-0.026095,-0.122535,-0.838639,0.530724,0.989222,-0.146387,-0.002924,0.080143,0.524646,0.847538,0.00075,-0.005942,-0.005235,3.971283,0.716435,6.429213,-0.52788,0.07598,0.040116,-0.059601,-0.02844,0.63458,-0.772333,-0.908324,-0.33896,-0.245055,-0.417297,0.69456,0.586044,-0.000694,-0.021504,-0.014998,-0.001448,0.045857,-0.069461,-0.216706
11,0.078854,0.032114,0.359116,-0.252659,0.557853,-0.790575,-0.87048,-0.487726,-0.066025,-0.42211,0.670803,0.609815,0.011728,-0.037551,-0.04251,0.036375,-0.077472,0.121018,0.052924,-0.13615,0.036174,0.30862,0.386546,0.754719,0.530069,-0.915409,0.383661,0.121505,-0.112134,-0.533143,0.838479,0.014187,-0.007052,-0.007796,3.192245,0.570361,5.473424,-0.564494,0.025959,0.040533,-0.026271,-0.260634,-0.796307,0.545861,0.952001,-0.305981,0.008187,0.160504,0.521795,0.837835,0.007131,-0.00351,-0.003892,3.231103,0.516771,5.440225,-0.670106,0.076071,0.039262,-0.060266,-0.028217,0.634628,-0.772302,-0.908208,-0.339021,-0.245403,-0.417566,0.694486,0.58594,-0.001023,-0.022604,-0.016009,-0.000643,0.059013,-0.093897,-0.169351
12,0.078936,0.031247,0.358392,-0.255343,0.558047,-0.789575,-0.870488,-0.488047,-0.063494,-0.420473,0.670407,0.611378,0.011928,-0.037201,-0.042521,-0.004765,0.051905,-0.071952,0.078761,-0.136075,0.03605,0.308464,0.463667,0.708675,0.531775,-0.869971,0.477647,0.122222,-0.167951,-0.520188,0.837293,-0.000647,0.004493,-0.013538,3.342902,0.68326,5.406744,-0.611012,0.025997,0.040468,-0.026346,-0.336909,-0.758993,0.557154,0.916816,-0.399167,0.010622,0.214336,0.514386,0.83034,0.000507,-0.004295,-0.003821,1.286889,0.254921,2.071756,-0.722032,0.076111,0.038841,-0.060619,-0.030593,0.635139,-0.77179,-0.908668,-0.339344,-0.243243,-0.416396,0.69386,0.587512,0.005195,-0.024433,-0.017331,-0.492624,0.45977,-0.466442,-0.136693
13,0.079238,0.029491,0.356964,-0.264255,0.557301,-0.787166,-0.86827,-0.492728,-0.057429,-0.419544,0.667602,0.615075,0.010185,-0.049908,-0.035965,-0.164065,1.600201,-2.652034,0.127124,-0.136349,0.035828,0.308352,0.604371,0.585287,0.540524,-0.744035,0.657116,0.120599,-0.285344,-0.475793,0.831903,-0.013206,-0.001317,0.000353,1.029003,0.179374,1.618666,-0.828125,0.025866,0.04035,-0.026415,-0.488942,-0.646584,0.585546,0.804917,-0.593138,0.017153,0.336219,0.479704,0.810457,-0.006642,-0.000214,0.000546,3.427867,0.921941,4.890618,-0.778204,0.076261,0.037949,-0.061348,-0.036771,0.635522,-0.771206,-0.908319,-0.343019,-0.23936,-0.416657,0.6917,0.58987,0.005118,-0.024974,-0.017943,4.365245,0.26656,-3.277716,-0.070397
14,0.079835,0.027602,0.355448,-0.289646,0.550694,-0.782871,-0.855323,-0.515971,-0.046565,-0.429229,0.655434,0.621447,0.023157,-0.052979,-0.038512,4.291096,0.2272,-3.346554,0.167305,-0.136595,0.035887,0.30867,0.651732,0.531155,0.541398,-0.686398,0.71663,0.123423,-0.323228,-0.452725,0.830919,-0.000925,0.00789,0.007019,0.27146,0.044257,0.43636,-1.017773,0.025738,0.040377,-0.026258,-0.540935,-0.59629,0.593149,0.752308,-0.658365,0.024232,0.376059,0.459339,0.804727,0.006835,-0.000899,0.007219,0.866344,0.192129,1.418359,-0.790777,0.076554,0.037004,-0.062106,-0.063315,0.634137,-0.770623,-0.903152,-0.36495,-0.226111,-0.424625,0.681674,0.59583,0.012269,-0.020928,-0.023374,-0.098067,0.056833,-0.01164,-0.006877
15,0.080238,0.026607,0.354709,-0.300084,0.548009,-0.780821,-0.850328,-0.524592,-0.041449,-0.431962,0.650832,0.624383,0.023617,-0.052132,-0.038166,0.002995,-0.06832,0.128938,0.171146,-0.136521,0.03594,0.308839,0.653126,0.531363,0.53951,-0.686262,0.716417,0.125397,-0.320687,-0.452816,0.831853,-0.000772,0.006571,0.005839,0.002171,-0.01736,0.023071,-1.034496,0.025775,0.040411,-0.026167,-0.542739,-0.596418,0.591369,0.752158,-0.65846,0.026223,0.373753,0.459036,0.805973,0.006954,-0.001925,0.006299,-0.033984,-0.019646,0.023237,-0.785552,0.076755,0.036505,-0.062477,-0.07772,0.631861,-0.771174,-0.898208,-0.38005,-0.220871,-0.432645,0.675509,0.59708,0.005499,-0.024363,-0.017972,0.008199,-0.047844,0.094007,0.013861
16,0.081081,0.024532,0.353174,-0.317383,0.543297,-0.777265,-0.841773,-0.538798,-0.032956,-0.436307,0.643144,0.629308,0.022761,-0.055689,-0.041479,0.036174,0.04607,-0.087918,0.160304,-0.136204,0.035743,0.309169,0.685564,0.496429,0.532496,-0.649487,0.747399,0.139624,-0.32952,-0.442198,0.834111,0.014537,-0.009024,0.007984,0.588147,0.548627,1.702579,-1.034146,0.025932,0.040325,-0.02599,-0.577846,-0.565857,0.588132,0.720553,-0.692123,0.042042,0.38327,0.448074,0.807671,0.007266,-0.004666,0.003843,0.443194,0.721355,1.817043,-0.782123,0.077179,0.035475,-0.063239,-0.095618,0.629757,-0.770883,-0.893429,-0.395764,-0.212492,-0.438907,0.668413,0.600486,0.011574,-0.027324,-0.02035,0.121018,0.032357,-0.125331,0.020392
17,0.081749,0.022312,0.35155,-0.345254,0.529269,-0.775061,-0.81785,-0.574715,-0.028212,-0.459949,0.623483,0.632252,0.022181,-0.058462,-0.044343,0.388044,0.043867,-0.350254,0.143358,-0.135849,0.035088,0.309568,0.712987,0.465152,0.524667,-0.615678,0.773291,0.15131,-0.33622,-0.431497,0.837037,0.016243,-0.022247,0.01378,0.810936,0.139347,1.542365,-1.037009,0.026109,0.039995,-0.025793,-0.608676,-0.535582,0.585374,0.690399,-0.721088,0.058129,0.390974,0.439524,0.808675,0.008125,-0.011214,0.006806,0.832168,0.146521,1.540878,-0.781307,0.077513,0.034366,-0.06405,-0.124966,0.620292,-0.774351,-0.876386,-0.434886,-0.206932,-0.465113,0.652771,0.597961,0.004399,-0.02843,-0.021743,1.302655,0.084641,-1.154807,0.004716
18,0.081961,0.019917,0.349822,-0.383099,0.506746,-0.772327,-0.780952,-0.624173,-0.022229,-0.492861,0.594001,0.635828,-0.00653,-0.068523,-0.036962,0.349991,0.11932,-0.475732,0.111196,-0.135291,0.034261,0.310123,0.741113,0.446552,0.501332,-0.591381,0.787591,0.172929,-0.31854,-0.425204,0.847111,0.01614,-0.021111,0.01481,-0.188584,-0.18931,0.101244,-1.032592,0.026377,0.03959,-0.025526,-0.640322,-0.518839,0.566385,0.669788,-0.738113,0.081072,0.375993,0.43127,0.820143,0.008038,-0.010367,0.007567,-1.348587,-2.242604,1.346291,-0.777551,0.077632,0.033196,-0.064898,-0.164816,0.604322,-0.779505,-0.849352,-0.488745,-0.199322,-0.501435,0.629223,0.593835,-0.002503,-0.028383,-0.022299,4.280246,0.202889,-3.631564,-0.026145
19,0.081768,0.018791,0.349043,-0.39781,0.496829,-0.771332,-0.765052,-0.643633,-0.020074,-0.505941,0.581503,0.637106,-0.018473,-0.054792,-0.043983,1.277436,0.121958,-1.204973,0.101361,-0.134981,0.033961,0.310391,0.75436,0.436233,0.490544,-0.578219,0.795228,0.182236,-0.311532,-0.421666,0.851475,0.015906,-0.019066,0.016632,-0.056391,-0.115644,0.152928,-1.0265,0.026538,0.039432,-0.025393,-0.655965,-0.509493,0.556888,0.658386,-0.747027,0.092071,0.369101,0.427043,0.825468,0.013738,-0.002494,0.005017,-0.023475,-0.02927,0.053983,-0.771183,0.077538,0.032604,-0.065304,-0.180915,0.59685,-0.781689,-0.837111,-0.510651,-0.19616,-0.516249,0.618873,0.592015,-0.003369,-0.034651,-0.018985,4.2291,0.224697,-3.67257,-0.043618
20,0.080927,0.016407,0.34752,-0.409952,0.490412,-0.769077,-0.755468,-0.654992,-0.015036,-0.51061,0.574236,0.639966,-0.033048,-0.062781,-0.034651,-0.036838,0.122702,-0.193185,0.088776,-0.13405,0.033692,0.31093,0.7731,0.420848,0.474546,-0.559525,0.804751,0.198096,-0.299482,-0.419202,0.856997,0.027158,-0.002211,0.012491,-0.071596,-0.093308,0.274795,-1.006389,0.027,0.03929,-0.025123,-0.677405,-0.495478,0.543712,0.642634,-0.758288,0.109632,0.35797,0.423674,0.83208,0.007753,-0.007883,0.009766,-0.112906,-0.038727,0.203822,-0.757303,0.077122,0.031411,-0.066072,-0.194973,0.591818,-0.782135,-0.829429,-0.525101,-0.190565,-0.52348,0.611571,0.593252,-0.015962,-0.026134,-0.021665,-0.005356,0.118192,-0.200838,-0.069254
21,0.079697,0.014208,0.346137,-0.414653,0.488712,-0.767638,-0.753256,-0.657599,-0.011841,-0.510077,0.572708,0.641759,-0.031593,-0.057582,-0.031236,1.430648,-1.45633,1.533759,0.080787,-0.132977,0.033424,0.311531,0.780568,0.413882,0.468408,-0.553191,0.806169,0.209774,-0.291764,-0.423387,0.857601,0.028692,-0.013732,0.019803,-0.641188,-0.556264,0.759282,-1.00641,0.027535,0.039163,-0.024822,-0.685352,-0.490004,0.538691,0.638174,-0.76045,0.120199,0.35075,0.426158,0.833884,0.013585,-0.001219,0.006116,-1.650328,-1.804058,1.56144,-0.771182,0.076503,0.030301,-0.066772,-0.202413,0.590882,-0.780951,-0.828708,-0.528256,-0.184897,-0.521795,0.609756,0.596595,-0.015037,-0.022959,-0.019475,-0.004085,0.088069,-0.152197,-0.08346
22,0.078966,0.013322,0.34548,-0.410983,0.488503,-0.769742,-0.752041,-0.658883,-0.016685,-0.514817,0.57141,0.639125,-0.042519,-0.039719,-0.034749,0.010463,-0.011407,0.001971,0.074727,-0.132455,0.033283,0.311822,0.782996,0.411233,0.466687,-0.551323,0.806089,0.214936,-0.288775,-0.426111,0.857264,0.013997,-0.004134,0.012311,-1.352761,-2.089206,1.31528,-1.004574,0.027802,0.039091,-0.024673,-0.687281,-0.486482,0.539425,0.636939,-0.760621,0.125554,0.349219,0.429872,0.832619,0.013614,-0.001411,0.00594,-0.097088,0.054425,0.103227,-0.776081,0.076141,0.029848,-0.067102,-0.196107,0.590143,-0.783116,-0.826405,-0.529345,-0.191958,-0.527822,0.609527,0.591506,-0.021193,-0.019747,-0.017252,0.028092,0.081129,-0.166554,-0.089829
23,0.077376,0.012217,0.344385,-0.387604,0.486833,-0.782817,-0.742617,-0.667988,-0.047789,-0.545702,0.562202,0.621422,-0.037533,-0.024476,-0.022276,0.013264,-0.142911,0.222799,0.046844,-0.131513,0.033315,0.312277,0.791831,0.397549,0.463626,-0.542962,0.805654,0.236746,-0.280387,-0.439698,0.853177,0.013632,-0.001419,0.014688,-0.572387,0.252286,0.530836,-1.006534,0.028273,0.039102,-0.02445,-0.698731,-0.47516,0.534787,0.63115,-0.761381,0.148145,0.336784,0.441045,0.831898,0.013382,0.000286,0.007423,-0.910169,-0.217457,0.913633,-0.785879,0.075339,0.029277,-0.067665,-0.171391,0.585486,-0.792357,-0.813152,-0.53815,-0.221759,-0.556244,0.6063,0.568324,-0.025359,-0.010486,-0.009932,0.021074,-0.026089,0.015713,-0.120854
24,0.075528,0.011959,0.343806,-0.380812,0.484366,-0.787665,-0.740622,-0.66974,-0.053848,-0.553147,0.562251,0.61476,-0.045627,-0.005836,-0.0071,-0.049433,-0.262024,0.1255,0.06132,-0.130634,0.033368,0.312796,0.788867,0.404702,0.462489,-0.556752,0.789096,0.2594,-0.260949,-0.462636,0.847193,0.027073,-0.001722,0.012834,-0.512831,0.01966,0.013647,-1.009141,0.028706,0.039136,-0.024183,-0.695772,-0.480322,0.534032,0.645397,-0.744378,0.171352,0.315218,0.463885,0.827917,0.013462,-0.000328,0.006871,-1.120359,-0.12998,-1.077027,-0.79388,0.074417,0.029138,-0.067964,-0.164588,0.582371,-0.796086,-0.810444,-0.539882,-0.227391,-0.562219,0.607758,0.560838,-0.022476,-0.002004,-0.002731,-0.066818,-0.32445,0.118469,-0.130978
25,0.074634,0.011985,0.34372,-0.376899,0.485424,-0.788896,-0.741895,-0.668093,-0.056715,-0.554125,0.563295,0.612921,-0.043524,0.000187,-0.001938,-0.000293,-0.14659,0.22719,0.086075,-0.13025,0.033351,0.313025,0.784096,0.411985,0.464171,-0.569089,0.7755,0.273261,-0.24836,-0.478937,0.841902,0.012283,0.008286,0.005711,-0.617289,0.519158,0.411591,-1.010663,0.028904,0.039122,-0.024068,-0.689818,-0.489007,0.533875,0.658694,-0.729941,0.182501,0.300453,0.477553,0.825633,0.013565,-0.001116,0.006176,-0.443363,-0.066263,-0.00987,-0.794207,0.073954,0.029151,-0.068007,-0.160164,0.582667,-0.796771,-0.81106,-0.537755,-0.230217,-0.562608,0.609357,0.558707,-0.021504,0.000799,-0.000331,0.002003,-0.133395,0.237188,-0.111547
26,0.073269,0.012148,0.343754,-0.371625,0.481976,-0.793499,-0.743362,-0.666458,-0.056734,-0.555723,0.56817,0.606944,-0.02741,0.004639,0.002587,-0.004656,0.022045,-0.063474,0.145125,-0.129568,0.033586,0.313382,0.759799,0.450308,0.468956,-0.615339,0.73071,0.29556,-0.210522,-0.5137,0.831659,0.012108,0.009367,0.006637,-2.990561,-1.261945,-4.27691,-1.0077,0.029245,0.039237,-0.023891,-0.665254,-0.519755,0.535995,0.699115,-0.685628,0.202857,0.262058,0.509674,0.819486,0.005136,0.011286,0.00037,-0.510443,0.31378,0.516372,-0.795513,0.073274,0.029239,-0.067984,-0.154716,0.578566,-0.800826,-0.812275,-0.535907,-0.230245,-0.56238,0.614869,0.552868,-0.013532,0.002796,0.001731,0.001115,0.049213,-0.043416,-0.045904
27,0.072728,0.012256,0.343806,-0.367918,0.480578,-0.79607,-0.744455,-0.665166,-0.057556,-0.556728,0.570862,0.603488,-0.000171,-0.000464,-0.000403,0.001585,-0.102225,0.17061,0.154094,-0.129055,0.034011,0.31362,0.740827,0.474549,0.475362,-0.648275,0.690089,0.321636,-0.176331,-0.547038,0.818242,0.012243,0.008214,0.005608,-0.362482,0.312035,0.310384,-0.990823,0.029502,0.039451,-0.023771,-0.640705,-0.546492,0.539298,0.735325,-0.638837,0.226234,0.220889,0.541509,0.811156,0.006196,0.00356,0.002321,-0.742729,0.345688,0.039826,-0.795023,0.073007,0.029304,-0.067949,-0.150994,0.576909,-0.802729,-0.813002,-0.534413,-0.231148,-0.56234,0.617719,0.549722,-3.4e-05,-9.3e-05,-6.8e-05,0.001637,0.007685,0.005687,-0.000672
28,0.073417,0.012258,0.343483,-0.36445,0.481566,-0.797068,-0.7452,-0.664066,-0.060542,-0.558015,0.571308,0.601876,0.027343,0.002576,-0.014194,0.035954,-0.049294,0.074012,0.110664,-0.128737,0.034178,0.313792,0.740681,0.475365,0.474774,-0.655224,0.666964,0.354645,-0.148992,-0.574358,0.804845,-0.000552,0.003889,0.003393,-1.812009,-1.765712,1.830974,-0.924494,0.029665,0.039539,-0.023682,-0.638734,-0.54794,0.540165,0.744934,-0.616111,0.255888,0.19259,0.565832,0.801711,0.00637,0.002312,0.001229,-1.071533,-0.402666,-0.883833,-0.777877,0.073344,0.02931,-0.068099,-0.147217,0.577479,-0.803021,-0.813076,-0.532964,-0.234212,-0.563235,0.618438,0.547996,0.020323,-0.000428,-0.008233,0.036789,-0.049087,0.078932,-0.020757
29,0.074215,0.01221,0.343174,-0.368053,0.481998,-0.795148,-0.741759,-0.667816,-0.061538,-0.560224,0.566557,0.604309,0.040321,-0.001691,-0.017208,4.543327,0.655575,-3.0662,0.086072,-0.128568,0.034187,0.313831,0.741618,0.477825,0.470827,-0.657581,0.656146,0.370126,-0.132999,-0.584697,0.80019,0.013087,0.002172,0.000325,-1.233378,-0.270592,-0.745557,-0.837532,0.029744,0.039548,-0.023658,-0.642661,-0.548811,0.534595,0.746171,-0.606656,0.274216,0.173823,0.575128,0.799382,-1e-05,-2e-06,-2.7e-05,-3.219727,-1.52941,-3.768762,-0.751588,0.073754,0.029289,-0.068257,-0.14993,0.577751,-0.802323,-0.811233,-0.535766,-0.234209,-0.565173,0.615757,0.549018,0.020124,-0.000958,-0.008684,4.584908,0.801726,-2.94892,-0.049333
30,0.076621,0.012086,0.342449,-0.382978,0.472985,-0.79351,-0.714668,-0.695936,-0.069966,-0.584856,0.539709,0.605545,0.068678,-0.003404,-0.017404,0.197168,0.139631,-0.026683,0.029197,-0.127671,0.034244,0.313747,0.74182,0.49395,0.45355,-0.665405,0.625429,0.40744,-0.083333,-0.604659,0.792026,0.039754,0.003177,-0.001967,-3.10657,-2.784771,-3.182024,-0.727231,0.030183,0.039574,-0.023701,-0.645412,-0.560985,0.518399,0.753497,-0.578874,0.311681,0.12524,0.591776,0.796313,0.01338,0.000225,-0.001392,-1.228643,-2.04011,2.47331,-0.672882,0.074928,0.029221,-0.068619,-0.167034,0.571954,-0.803098,-0.786454,-0.568546,-0.241337,-0.594632,0.591289,0.544782,0.035065,0.004019,-0.012696,0.518416,0.049113,-0.052084,-0.125589
31,0.079824,0.011978,0.341781,-0.39871,0.466208,-0.789763,-0.687532,-0.721817,-0.079067,-0.606437,0.51088,0.609313,0.082874,-0.011149,-0.005806,-0.004455,0.39623,0.258504,-0.012659,-0.126397,0.034273,0.31358,0.74353,0.514957,0.426584,-0.66803,0.598283,0.442411,-0.028323,-0.61456,0.788275,0.040241,0.000136,-0.004674,-0.442114,-0.775919,1.220466,-0.700136,0.030834,0.03959,-0.023784,-0.646136,-0.585159,0.489996,0.760422,-0.548505,0.347705,0.065303,0.597269,0.799377,0.02015,-6.4e-05,-0.002467,-0.397499,-0.872258,1.234812,-0.677454,0.076522,0.029165,-0.068961,-0.183946,0.566032,-0.803599,-0.76214,-0.59842,-0.247054,-0.62073,0.56701,0.541472,0.048802,-0.001492,-0.008016,-0.27313,0.971553,0.040922,-0.182578
32,0.083144,0.011964,0.341562,-0.424999,0.445391,-0.788065,-0.651435,-0.754928,-0.075415,-0.628001,0.480764,0.61197,0.072135,0.000547,0.003449,-1.375668,1.43994,-1.636515,-0.043332,-0.124893,0.034596,0.313244,0.712639,0.584536,0.387886,-0.69795,0.535954,0.474924,0.068829,-0.609904,0.789394,0.038293,0.013673,-0.0103,-0.533658,-1.213216,0.672947,-0.709412,0.031573,0.03974,-0.023954,-0.613987,-0.65068,0.446803,0.788767,-0.484696,0.378041,-0.02942,0.584537,0.810833,0.025748,0.007508,-0.005424,-1.592249,-3.446618,0.571725,-0.715174,0.078186,0.02915,-0.069077,-0.210946,0.55108,-0.807348,-0.731742,-0.636649,-0.243373,-0.648116,0.539432,0.537547,0.042849,-0.001008,0.000862,0.404081,-0.088014,-0.076571,-0.218828
33,0.084668,0.011935,0.341769,-0.436318,0.435892,-0.787191,-0.63558,-0.768525,-0.073339,-0.636408,0.467778,0.613347,0.072872,-0.004218,0.016984,2.820865,1.832173,-4.928745,-0.055963,-0.123937,0.034943,0.31306,0.658305,0.654115,0.372504,-0.739037,0.468082,0.484415,0.141676,-0.595005,0.79105,0.049281,0.029916,-0.015137,-2.985657,-3.763071,-4.908092,-0.715158,0.032065,0.039916,-0.024054,-0.557288,-0.715254,0.421712,0.824349,-0.415813,0.384118,-0.099388,0.561702,0.821347,0.024539,0.01529,-0.007518,-3.141858,-3.691982,-4.873984,-0.732973,0.078973,0.029132,-0.068975,-0.224266,0.543886,-0.808635,-0.720194,-0.651502,-0.238462,-0.656524,0.528896,0.537814,0.036572,-0.001668,0.008817,2.82621,1.837996,-4.914933,-0.230585
34,0.086935,0.011942,0.342863,-0.443159,0.430056,-0.786579,-0.625982,-0.776495,-0.071931,-0.641165,0.459968,0.614299,0.035398,0.013706,0.030369,-0.033235,0.032531,-0.02794,-0.073757,-0.121635,0.035644,0.312775,0.50789,0.786583,0.351177,-0.817986,0.312816,0.482679,0.269176,-0.533391,0.801811,0.066017,0.007347,-0.001812,-0.411316,-1.727003,-1.649914,-0.711855,0.03319,0.040271,-0.02419,-0.401515,-0.832832,0.381018,0.889017,-0.25445,0.380662,-0.220077,0.491573,0.842567,0.032122,0.009539,-0.004904,-2.07308,-4.394796,-6.249441,-0.754364,0.080095,0.029131,-0.068439,-0.233429,0.538474,-0.809663,-0.711305,-0.662294,-0.235394,-0.66299,0.52097,0.537618,0.023886,8.9e-05,0.018495,-0.064699,-0.052486,0.137316,-0.245608
35,0.087889,0.012203,0.344481,-0.444552,0.4287,-0.786534,-0.623815,-0.77826,-0.071675,-0.642309,0.45825,0.614387,0.006902,-0.00077,0.052052,-0.10398,0.09937,-0.118014,-0.090012,-0.119025,0.036052,0.312537,0.335567,0.88012,0.33582,-0.871229,0.154562,0.465838,0.357667,-0.449999,0.818192,0.079458,0.007802,-0.003243,-1.444052,-3.383517,-5.191501,-0.681638,0.034466,0.04047,-0.024303,-0.230433,-0.910091,0.344434,0.9266,-0.097122,0.363288,-0.297173,0.402866,0.865671,0.039805,0.003792,-0.002006,-1.226874,-3.638908,-5.171707,-0.746689,0.080586,0.029277,-0.06763,-0.234836,0.537409,-0.809964,-0.709527,-0.664317,-0.235057,-0.664396,0.519492,0.537312,0.003971,0.005074,0.021815,-0.069502,-0.006999,0.044796,-0.258181
36,0.087888,0.012216,0.345409,-0.444982,0.42886,-0.786203,-0.624916,-0.777486,-0.070476,-0.64094,0.459413,0.614949,0.005458,-0.005298,0.048142,-0.102017,0.012328,0.028084,-0.090622,-0.117607,0.03615,0.312442,0.2931,0.897148,0.330468,-0.884185,0.123023,0.450573,0.363209,-0.425382,0.82885,0.079941,0.005442,-0.005428,0.847794,-0.946685,-0.406762,-0.678277,0.035229,0.040531,-0.024354,-0.180501,-0.925553,0.33282,0.935982,-0.057651,0.347294,-0.302251,0.374201,0.876707,0.040013,0.002503,-0.002883,0.773364,-0.908965,-0.395025,-0.746689,0.08059,0.029296,-0.067156,-0.235386,0.537589,-0.809685,-0.710695,-0.663475,-0.233905,-0.662951,0.520382,0.538235,-0.003977,-0.00128,0.024977,-0.104528,0.026626,-0.000469,-0.26357
37,0.0874,0.011802,0.347222,-0.446953,0.426961,-0.786118,-0.622438,-0.779553,-0.069571,-0.641976,0.457679,0.615161,-0.011237,-0.01309,0.041097,-0.103317,0.04185,-0.026206,-0.08101,-0.114327,0.036042,0.312147,0.264666,0.91167,0.314329,-0.901482,0.118317,0.416252,0.341963,-0.394673,0.852735,0.08175,-0.002835,-0.013054,0.715687,-0.630083,-0.196956,-0.677574,0.036837,0.040485,-0.024488,-0.151802,-0.937609,0.3128,0.94944,-0.050335,0.309886,-0.274807,0.344027,0.897845,0.048438,-0.006474,-0.003154,0.877125,-0.694523,-0.208117,-0.748322,0.080356,0.029103,-0.066238,-0.237512,0.53605,-0.810084,-0.708772,-0.665904,-0.232836,-0.664251,0.518864,0.538097,-0.01304,-0.01118,0.025221,-0.141419,0.077025,-0.072004,-0.258345
38,0.086274,0.011072,0.348963,-0.455246,0.418172,-0.786084,-0.614587,-0.786355,-0.062457,-0.6437,0.45416,0.615968,-0.027279,-0.026185,0.047262,-0.150563,0.053297,-0.117207,-0.141894,-0.111085,0.035588,0.311439,0.249411,0.925066,0.286426,-0.913419,0.126654,0.386726,0.32116,-0.359243,0.876164,0.070945,-0.014639,-0.022238,0.66476,-0.722881,-0.009479,-0.682689,0.038488,0.040257,-0.024845,-0.138413,-0.949149,0.282766,0.958616,-0.056674,0.279002,-0.248789,0.309682,0.917714,0.035578,-0.007816,-0.011609,0.652041,-0.717064,-0.007931,-0.762038,0.079787,0.028728,-0.065357,-0.246892,0.528417,-0.812292,-0.703387,-0.674302,-0.22486,-0.66655,0.51584,0.538162,-0.013758,-0.013389,0.023403,-0.146735,0.081397,-0.09697,-0.281695
39,0.08555,0.01057,0.349874,-0.456604,0.415328,-0.786804,-0.6154,-0.78607,-0.057874,-0.641959,0.457253,0.615497,-0.041487,-0.025933,0.047018,-0.168211,-0.092792,-0.009547,-0.182077,-0.109581,0.035278,0.310965,0.245954,0.930389,0.271801,-0.917338,0.133036,0.375136,0.312558,-0.342769,0.885822,0.071561,-0.016399,-0.024071,0.706688,-0.845317,0.143402,-0.689566,0.039214,0.040105,-0.025077,-0.13648,-0.953531,0.268611,0.961418,-0.062117,0.267985,-0.238847,0.294822,0.925219,0.042492,-0.007662,-0.012518,0.6808,-0.760327,-0.036223,-0.762038,0.07944,0.028487,-0.064919,-0.248568,0.525981,-0.813361,-0.704842,-0.674195,-0.220583,-0.664387,0.518461,0.538317,-0.014186,-0.014663,0.022365,-0.175862,-0.018984,-0.156686,-0.304719
40,0.083936,0.00931,0.351769,-0.45915,0.412495,-0.786813,-0.617961,-0.78455,-0.05076,-0.637668,0.462396,0.616114,-0.043506,-0.039216,0.053582,-0.1713,0.024772,0.031511,-0.260701,-0.106859,0.034725,0.310087,0.245151,0.94063,0.234749,-0.920954,0.150461,0.359359,0.3024,-0.305475,0.90283,0.057789,-0.013834,-0.020286,0.235229,-1.369523,0.603999,-0.726305,0.040605,0.039807,-0.025538,-0.138396,-0.963139,0.230668,0.964972,-0.078722,0.250261,-0.222878,0.257224,0.940298,0.02888,-0.00681,-0.010095,0.188215,-1.433829,0.636166,-0.790288,0.078633,0.027858,-0.063977,-0.251387,0.523685,-0.813976,-0.708413,-0.672592,-0.213938,-0.65951,0.522851,0.540066,-0.021366,-0.014612,0.022198,-0.13913,0.127956,-0.144411,-0.360891
41,0.082251,0.007912,0.353786,-0.463373,0.411537,-0.784836,-0.620517,-0.782926,-0.044245,-0.632108,0.465986,0.619131,-0.043462,-0.038606,0.054145,-0.170847,0.026385,0.032374,-0.322885,-0.104677,0.034506,0.30953,0.245794,0.949085,0.197011,-0.923283,0.167497,0.345583,0.294685,-0.268036,0.917159,0.055449,-0.001953,-0.009602,0.428292,-0.633149,0.358665,-0.761672,0.041678,0.039686,-0.025825,-0.142362,-0.97077,0.193231,0.967106,-0.094844,0.236027,-0.210802,0.220476,0.95234,0.021126,-0.002183,-0.004976,0.495888,-0.651789,0.291154,-0.82017,0.077805,0.027168,-0.062993,-0.255829,0.523417,-0.812764,-0.711745,-0.670922,-0.208039,-0.654193,0.525259,0.544181,-0.021125,-0.013672,0.022987,-0.140098,0.105186,-0.125353,-0.415267
42,0.080668,0.006622,0.355793,-0.468514,0.412695,-0.781167,-0.622905,-0.781295,-0.039236,-0.625939,0.467693,0.624092,-0.041664,-0.025411,0.047535,-0.131576,0.022766,0.056119,-0.39954,-0.103323,0.034434,0.309405,0.243544,0.955238,0.167923,-0.927357,0.178791,0.328598,0.283566,-0.236958,0.929142,0.026939,0.002742,-0.001411,0.43117,-0.385599,-0.036585,-0.815166,0.042355,0.03965,-0.025894,-0.143336,-0.975959,0.164185,0.970024,-0.10565,0.218834,-0.196227,0.190631,0.961848,0.006661,0.001048,-4.6e-05,0.678357,-0.634134,0.022336,-0.804657,0.077011,0.026513,-0.061992,-0.261377,0.525428,-0.809696,-0.714722,-0.669146,-0.203504,-0.648732,0.525517,0.550434,-0.020866,-0.01272,0.02378,-0.139192,0.096605,-0.133384,-0.46605
43,0.079972,0.006016,0.356818,-0.468037,0.415072,-0.780194,-0.628721,-0.776772,-0.036151,-0.620463,0.473084,0.625495,-0.040848,-0.022866,0.049622,-0.139735,0.105437,-0.125333,-0.430679,-0.102966,0.034382,0.309508,0.239761,0.957901,0.157897,-0.930782,0.180729,0.317673,0.275467,-0.224342,0.934693,0.012984,0.003527,0.001285,0.691863,-0.542411,-0.184384,-0.845959,0.042554,0.039625,-0.025838,-0.141125,-0.978013,0.15354,0.972196,-0.107637,0.207961,-0.186862,0.17862,0.966011,0.006394,0.002214,0.001033,0.811674,-0.599702,-0.194838,-0.799268,0.076631,0.026184,-0.061442,-0.260798,0.527445,-0.808569,-0.720385,-0.663895,-0.200717,-0.642673,0.530135,0.553106,-0.020395,-0.011253,0.024982,-0.14106,0.098944,-0.129535,-0.495116
44,0.078628,0.004671,0.359194,-0.469557,0.419878,-0.7767,-0.636674,-0.770464,-0.031671,-0.61114,0.479108,0.630071,-0.041186,-0.031051,0.060422,-0.168653,0.140398,-0.132227,-0.485341,-0.102593,0.034436,0.309729,0.265623,0.953553,0.142031,-0.930212,0.214946,0.297387,0.252717,-0.212317,0.943885,0.012106,0.007362,0.004824,0.679154,-0.468992,-0.018115,-0.937624,0.042735,0.039654,-0.025726,-0.168936,-0.975464,0.141167,0.97209,-0.141243,0.18732,-0.162785,0.168872,0.972101,-0.000713,0.003097,0.002863,0.763961,-0.392852,0.256974,-0.811352,0.075975,0.025526,-0.060275,-0.262055,0.532473,-0.804859,-0.727944,-0.65661,-0.197382,-0.633579,0.534168,0.559679,-0.013779,-0.016587,0.029622,-0.16787,-0.009018,0.079982,-0.542144
45,0.077512,0.003275,0.361396,-0.463569,0.440534,-0.768816,-0.658916,-0.751458,-0.033353,-0.591857,0.490572,0.639587,-0.02906,-0.037542,0.055722,-0.031379,0.532986,0.110583,-0.488491,-0.102842,0.034574,0.310222,0.301411,0.9445,0.130621,-0.925217,0.25676,0.279253,0.229844,-0.206216,0.951057,-0.014109,-0.001003,0.018936,1.122664,1.168598,5.188276,-1.005657,0.042622,0.039722,-0.025489,-0.200285,-0.970696,0.132793,0.969857,-0.177235,0.167227,-0.138791,0.162283,0.976934,-0.008127,0.005398,0.005963,0.530469,-0.421904,-0.113351,-0.804004,0.075415,0.024837,-0.059167,-0.254168,0.550289,-0.795348,-0.746709,-0.634295,-0.200234,-0.614673,0.543001,0.572124,-0.007362,-0.015137,0.022356,0.068082,0.630934,0.463907,-0.563208
46,0.076982,0.002681,0.362309,-0.465982,0.447536,-0.763294,-0.660847,-0.74963,-0.036155,-0.587796,0.487013,0.646019,-0.028601,-0.028702,0.045476,0.058244,0.572276,0.378714,-0.488261,-0.103105,0.034538,0.310629,0.311674,0.94232,0.121994,-0.924127,0.270914,0.26931,0.220342,-0.197867,0.955071,-0.01426,-0.000273,0.019572,1.219738,1.149739,4.938904,-1.033309,0.042489,0.039709,-0.025281,-0.212226,-0.969112,0.125617,0.968688,-0.19168,0.157797,-0.128845,0.155172,0.979448,-0.006288,-0.005179,0.014108,0.738569,-0.467334,-0.403823,-0.805147,0.075151,0.024538,-0.058705,-0.256494,0.556857,-0.790012,-0.747854,-0.632137,-0.202769,-0.61231,0.538805,0.578587,-0.014422,-0.014608,0.022547,0.076256,0.725162,0.194515,-0.565821
47,0.075833,0.001607,0.364029,-0.461651,0.465061,-0.755409,-0.677222,-0.734749,-0.038543,-0.572393,0.493204,0.65509,-0.028967,-0.029562,0.044821,-0.104617,0.1849,0.206152,-0.488979,-0.103369,0.034294,0.311703,0.322465,0.940387,0.108076,-0.92396,0.288048,0.251515,0.204992,-0.182152,0.961593,0.000285,-0.006187,0.029984,0.665067,-0.557146,-0.214202,-1.104283,0.042351,0.039591,-0.024746,-0.230605,-0.966312,0.114284,0.96667,-0.214084,0.14041,-0.111213,0.142854,0.983475,7.9e-05,-0.002919,0.01517,0.148642,-0.153091,-0.142121,-0.823925,0.074575,0.023999,-0.057847,-0.251491,0.574587,-0.778845,-0.761028,-0.614581,-0.207665,-0.597986,0.540498,0.591839,-0.014092,-0.009874,0.017676,-0.142981,0.189623,0.269227,-0.568107
48,0.074741,0.000554,0.365613,-0.455088,0.478354,-0.751077,-0.693134,-0.71976,-0.0385,-0.558453,0.502478,0.660055,-0.029516,-0.030922,0.043766,0.009986,0.444039,0.273909,-0.489346,-0.103243,0.034053,0.313053,0.33844,0.936063,0.0961,-0.920189,0.308035,0.241455,0.195997,-0.171334,0.96545,0.001308,-0.013187,0.041316,0.086223,-0.126831,-0.043855,-1.177535,0.042415,0.039472,-0.024076,-0.246792,-0.963557,0.103205,0.96396,-0.233175,0.128096,-0.099363,0.131099,0.986376,-0.000371,-0.000939,0.016915,0.113497,-0.085805,0.0434,-0.803514,0.074029,0.023473,-0.057055,-0.243464,0.584409,-0.774074,-0.774448,-0.597605,-0.207597,-0.583913,0.548938,0.598091,-0.007431,-0.011511,0.016621,0.062156,0.545043,0.195183,-0.569087
49,0.0736,-0.000366,0.367107,-0.4574,0.478291,-0.749712,-0.694902,-0.718264,-0.034339,-0.554353,0.504671,0.661835,-0.028113,-0.019396,0.035635,-0.099014,-0.018395,0.09677,-0.486626,-0.103164,0.03349,0.314683,0.347933,0.933178,0.090066,-0.918152,0.319903,0.233651,0.188796,-0.165172,0.967955,0.001242,-0.012879,0.0415,0.338267,-0.184381,-0.3919,-1.284448,0.042453,0.03919,-0.023241,-0.257926,-0.961067,0.099113,0.961697,-0.245527,0.121875,-0.092795,0.126752,0.987583,0.00058,-0.006396,0.020797,0.484417,-0.25967,-0.401272,-0.813965,0.073457,0.023005,-0.056308,-0.246401,0.586325,-0.771692,-0.776501,-0.595897,-0.204821,-0.579941,0.548751,0.602112,-0.014706,-0.015151,0.022167,-0.140427,0.099584,-0.124243,-0.568597
50,0.073017,-0.00079,0.367869,-0.459632,0.480185,-0.747131,-0.695615,-0.71762,-0.033349,-0.551606,0.503787,0.664798,-0.027635,-0.01799,0.036767,-0.064532,0.189506,-0.021874,-0.483688,-0.102992,0.033139,0.315608,0.344949,0.934514,0.087668,-0.919468,0.317818,0.231308,0.187872,-0.161582,0.968741,0.002826,-0.022371,0.050627,0.389773,-0.334691,-0.286495,-1.332285,0.042539,0.03902,-0.022799,-0.255575,-0.961931,0.096795,0.962397,-0.243602,0.120207,-0.092052,0.123877,0.988018,0.007966,-0.009968,0.025463,-0.119301,-0.052408,-0.012394,-0.814291,0.073164,0.02279,-0.055929,-0.248545,0.588416,-0.769409,-0.77735,-0.595077,-0.203983,-0.577885,0.547402,0.605308,-0.014424,-0.014318,0.022844,-0.088419,0.241276,-0.020237,-0.567454
51,0.072014,-0.001545,0.369395,-0.451717,0.497512,-0.740594,-0.714339,-0.698958,-0.03391,-0.533959,0.513095,0.672047,-0.013434,-0.018963,0.036516,0.088892,0.629524,0.233308,-0.477346,-0.102207,0.032732,0.317531,0.341233,0.936287,0.083171,-0.92092,0.315432,0.228786,0.187553,-0.15585,0.969741,0.028243,-0.013553,0.054582,-0.046838,-0.105437,0.003228,-1.386111,0.042922,0.038813,-0.021839,-0.251036,-0.963718,0.090702,0.963851,-0.240223,0.115254,-0.089283,0.116356,0.989185,0.006432,-0.002014,0.023648,-0.0637,0.033584,-0.171116,-0.813475,0.072652,0.022405,-0.055153,-0.239156,0.602481,-0.761458,-0.792941,-0.573792,-0.204952,-0.560399,0.554776,0.614959,-0.006697,-0.009362,0.018368,0.080206,0.585595,0.206631,-0.564025
52,0.071134,-0.001998,0.370903,-0.452134,0.50903,-0.732467,-0.72041,-0.692558,-0.036675,-0.525389,0.510459,0.680753,-0.011082,-0.005097,0.030168,0.102139,0.538504,0.208014,-0.463232,-0.101506,0.032537,0.31943,0.360041,0.929418,0.080891,-0.914319,0.33445,0.228249,0.184639,-0.157317,0.970063,0.026241,-0.002527,0.046573,-0.104618,0.047464,-0.095396,-1.401408,0.043282,0.038717,-0.020864,-0.270526,-0.958419,0.090817,0.958791,-0.259717,0.115178,-0.086802,0.118233,0.989184,0.01309,-0.001281,0.023273,-0.136158,0.062594,-0.090139,-0.813638,0.072216,0.02218,-0.054411,-0.23926,0.613561,-0.752526,-0.797392,-0.566383,-0.208267,-0.554003,0.550229,0.624762,-0.012647,-0.005637,0.021068,0.091289,0.502473,0.375094,-0.557003
53,0.070828,-0.002214,0.371591,-0.452679,0.511542,-0.730378,-0.721487,-0.69141,-0.037154,-0.523441,0.5095,0.682969,-0.011865,-0.007249,0.028448,-0.013326,0.095554,0.213252,-0.459321,-0.101267,0.032365,0.320335,0.359084,0.929734,0.081519,-0.914302,0.33305,0.230355,0.186575,-0.158428,0.969512,0.013438,-0.006486,0.044884,-0.09948,-0.045382,0.039286,-1.401586,0.043396,0.038636,-0.020426,-0.269529,-0.958637,0.091473,0.958871,-0.258384,0.117487,-0.088993,0.119377,0.988852,0.000185,-0.004746,0.022051,-0.123943,0.085404,-0.149462,-0.810372,0.072065,0.022079,-0.054061,-0.240233,0.617438,-0.749037,-0.798016,-0.564954,-0.209754,-0.552682,0.547354,0.628446,-0.005924,-0.003535,0.014306,-0.012024,0.199811,0.040968,-0.552431
54,0.070519,-0.002631,0.372717,-0.453619,0.516488,-0.726302,-0.723378,-0.689358,-0.038496,-0.520008,0.507283,0.687228,-0.010681,0.003354,0.01948,0.141191,0.519528,0.252339,-0.462476,-0.100833,0.032068,0.321914,0.355921,0.930934,0.081689,-0.915182,0.329692,0.231684,0.18831,-0.158401,0.969181,0.012401,0.000445,0.033355,-0.064905,-0.03579,0.035555,-1.401683,0.043612,0.038488,-0.019629,-0.266354,-0.959549,0.091222,0.959595,-0.255073,0.118799,-0.090725,0.119179,0.988718,0.013723,-0.004109,0.020713,-0.12381,0.056545,-0.092477,-0.796656,0.071905,0.021865,-0.053489,-0.240726,0.620418,-0.746412,-0.799464,-0.562819,-0.209979,-0.55037,0.546183,0.631487,-0.005378,0.001627,0.009705,0.137154,0.503368,0.242837,-0.549982
55,0.070443,-0.002934,0.373759,-0.454614,0.518968,-0.723908,-0.724724,-0.687962,-0.038145,-0.517259,0.506643,0.68977,0.002199,-0.008723,0.027753,-0.063476,0.021991,0.025364,-0.464525,-0.100375,0.032171,0.323079,0.376541,0.922686,0.082813,-0.907272,0.349379,0.233936,0.18645,-0.16439,0.968543,0.011099,0.008462,0.022792,0.428271,1.25144,5.409051,-1.401518,0.043837,0.038539,-0.019053,-0.281943,-0.954795,0.0942,0.955164,-0.270084,0.121299,-0.090374,0.124176,0.988135,-0.000929,0.002604,0.010905,-0.04772,0.084047,-0.134996,-0.795839,0.071866,0.021715,-0.052979,-0.242123,0.624762,-0.742326,-0.800441,-0.561013,-0.211086,-0.548333,0.54308,0.63592,0.000899,-0.004866,0.013483,-0.071095,0.005958,-0.017623,-0.550961
