frame,MLTx,MLTy,MLTz,MLTR1,MLTR2,MLTR3,MLTR4,MLTR5,MLTR6,MLTR7,MLTR8,MLTR9,MLTTVx,MLTTVy,MLTTVz,MLTRVx,MLTRVy,MLTRVz,MLGA,MRTx,MRTy,MRTz,MRTR1,MRTR2,MRTR3,MRTR4,MRTR5,MRTR6,MRTR7,MRTR8,MRTR9,MRTTVx,MRTTVy,MRTTVz,MRTRVx,MRTRVy,MRTRVz,MRGA,SLTx,SLTy,SLTz,SLTR1,SLTR2,SLTR3,SLTR4,SLTR5,SLTR6,SLTR7,SLTR8,SLTR9,SLTTVx,SLTTVy,SLTTVz,SLTRVx,SLTRVy,SLTRVz,SLGA,SRTx,SRTy,SRTz,SRTR1,SRTR2,SRTR3,SRTR4,SRTR5,SRTR6,SRTR7,SRTR8,SRTR9,SRTTVx,SRTTVy,SRTTVz,SRTRVx,SRTRVy,SRTRVz,SRGA
1,0.095645,0.04814,0.436651,-0.463632,0.775159,-0.429208,-0.848026,-0.52852,-0.0386,-0.256196,0.345116,0.902932,0.010978,-0.002551,-0.001639,0.001348,-0.013953,0.029833,-1.241613,-0.138148,0.012047,0.363984,0.14638,0.767573,0.624015,-0.93072,0.320588,-0.175831,-0.335173,-0.556005,0.760513,-4.5e-05,0.000435,0.000302,0.0,0.0,0.0,-1.392083,0.024483,0.027776,0.001594,0.033286,-0.799334,0.599963,0.933268,-0.189946,-0.304845,0.357634,0.570073,0.739671,-3.1e-05,0.000298,0.000207,-8e-06,-9e-06,-6e-06,-0.884833,0.085011,0.04691,-0.021261,-0.301881,0.854202,-0.423327,-0.930686,-0.360294,-0.063325,-0.206615,0.374868,0.90376,0.005482,-0.001288,-0.000824,-0.003545,-0.023552,0.027044,-0.922121
2,0.095691,0.048106,0.436656,-0.463549,0.775194,-0.429235,-0.84808,-0.528435,-0.038594,-0.25617,0.345168,0.902919,0.010845,-0.003014,-0.001802,0.00099,-0.014703,0.029557,-1.242363,-0.13815,0.012068,0.364011,0.146449,0.767573,0.623999,-0.930718,0.320623,-0.175776,-0.335148,-0.555985,0.760539,-0.000226,0.002173,0.001507,0.001811,-0.013521,0.025383,-1.391843,0.024483,0.027783,0.001605,0.033238,-0.799341,0.599957,0.933278,-0.189967,-0.304803,0.357613,0.570058,0.739693,-4.9e-05,0.000469,0.000325,-2e-06,3e-06,-8e-06,-0.884833,0.08503,0.046895,-0.021257,-0.301819,0.854181,-0.423413,-0.930718,-0.360222,-0.063264,-0.206562,0.374984,0.903724,-8.7e-05,-0.000295,-0.000104,-0.000782,-0.001455,-0.000328,-0.922774
3,0.095789,0.04809,0.436563,-0.467724,0.772566,-0.429444,-0.845069,-0.53321,-0.038967,-0.258514,0.34372,0.902804,-0.00045,-0.001565,-0.000548,0.0,0.0,0.0,-1.244126,-0.138144,0.012105,0.364036,0.146433,0.767574,0.624002,-0.930721,0.320611,-0.175785,-0.335148,-0.555992,0.760534,-1.7e-05,0.000161,0.000112,0.0,0.0,0.0,-1.390805,0.024485,0.027808,0.001622,0.033233,-0.799341,0.599957,0.933277,-0.189971,-0.3048,0.357614,0.570056,0.739694,-4e-06,3.7e-05,2.4e-05,-5e-06,2e-06,-6e-06,-0.884833,0.085083,0.046887,-0.021304,-0.306394,0.852376,-0.423765,-0.928645,-0.365463,-0.063668,-0.20914,0.374021,0.90353,-0.000291,-0.001011,-0.000355,-0.000125,-3.3e-05,0.000202,-0.923101
4,0.09595,0.048165,0.436398,-0.467104,0.772745,-0.429796,-0.845225,-0.53291,-0.039664,-0.259118,0.343783,0.902606,0.011667,0.006888,-0.011706,0.036007,-0.031198,0.046087,-1.241986,-0.138154,0.012106,0.364013,0.15094,0.766691,0.624013,-0.928794,0.326122,-0.175841,-0.338484,-0.553997,0.760512,6.9e-05,-0.000668,-0.000463,0.00838,-0.002361,0.010213,-1.363986,0.02448,0.027808,0.00161,0.028695,-0.799048,0.600581,0.932067,-0.195687,-0.304887,0.361146,0.568531,0.739151,4.7e-05,-0.000454,-0.000316,0.027666,-0.009448,0.034049,-0.88271,0.085158,0.046919,-0.021384,-0.305777,0.852439,-0.424084,-0.928726,-0.365142,-0.064323,-0.209683,0.37419,0.903335,1.2e-05,3.3e-05,9e-06,-6.2e-05,8e-06,0.000157,-0.923264
5,0.096025,0.04827,0.43626,-0.466829,0.772794,-0.430006,-0.845226,-0.532869,-0.040172,-0.259608,0.343734,0.902484,0.000696,0.00947,-0.010054,0.035021,-0.016486,0.016533,-1.239338,-0.138225,0.012202,0.363928,0.151001,0.76667,0.624025,-0.928667,0.326362,-0.176064,-0.338804,-0.553885,0.760451,-0.01432,0.009152,-0.008614,0.034266,0.008183,-0.009162,-1.329718,0.02445,0.027851,0.00157,0.028614,-0.799047,0.600586,0.931953,-0.195932,-0.305078,0.361446,0.568448,0.739069,-0.000652,0.005308,-0.004379,0.036157,-0.007264,0.019933,-0.876015,0.0852,0.046971,-0.021453,-0.305469,0.852443,-0.424296,-0.928717,-0.365075,-0.064841,-0.210173,0.374245,0.903198,0.005843,0.003473,-0.005842,0.03595,-0.031211,0.046224,-0.923427
6,0.096281,0.048695,0.43559,-0.479079,0.763359,-0.433373,-0.835614,-0.547744,-0.041194,-0.268234,0.341444,0.900829,0.011738,0.021247,-0.033379,-0.019311,-0.328949,-0.0196,-1.210302,-0.13864,0.013012,0.363249,0.179837,0.753298,0.632607,-0.915748,0.363065,-0.171823,-0.359311,-0.549351,0.754302,-0.017023,0.031536,-0.025303,0.071124,0.326282,0.34517,-0.902999,0.024237,0.028258,0.001225,-0.00033,-0.790102,0.612973,0.92432,-0.234162,-0.301329,0.381616,0.566485,0.730385,-0.008511,0.015849,-0.012593,0.047743,0.392867,0.390905,-0.73134,0.085326,0.047186,-0.021777,-0.31915,0.84598,-0.427154,-0.922026,-0.381383,-0.066435,-0.219113,0.372645,0.901734,0.005353,0.005264,-0.011894,-0.141819,-0.47559,-0.121103,-0.921631
7,0.096804,0.049699,0.433612,-0.503083,0.737493,-0.450619,-0.813696,-0.579842,-0.040668,-0.290662,0.345286,0.892368,0.020744,0.032916,-0.069941,2.351216,-0.523549,-5.28254,-1.167414,-0.13939,0.015045,0.361492,0.202547,0.732201,0.650267,-0.906099,0.391981,-0.158961,-0.371512,-0.557926,0.741997,-0.033421,0.058042,-0.05391,-0.009873,0.662642,0.219979,-0.33428,0.023861,0.029282,0.000353,-0.023335,-0.772301,0.634827,0.920199,-0.264788,-0.288306,0.390754,0.57744,0.71685,-0.016665,0.028801,-0.0271,-0.011194,0.686891,0.226003,-0.573601,0.085588,0.047699,-0.022746,-0.342133,0.827921,-0.444398,-0.909016,-0.411401,-0.066614,-0.237977,0.381175,0.893348,0.010273,0.016,-0.035136,0.115538,-0.292721,0.027922,-0.908568
8,0.097738,0.051669,0.429625,-0.528301,0.697732,-0.483853,-0.785791,-0.617603,-0.032738,-0.321021,0.36204,0.875157,0.020581,0.067354,-0.123878,-0.219468,-1.294198,-0.745795,-1.153434,-0.140825,0.017904,0.358358,0.209132,0.70677,0.675819,-0.907031,0.398461,-0.13586,-0.365546,-0.58546,0.723517,-0.036689,0.083305,-0.100244,-0.03507,1.224189,0.324945,-0.003571,0.023172,0.030676,-0.001127,-0.029901,-0.750606,0.660073,0.924817,-0.271321,-0.266641,0.379233,0.602475,0.702286,-0.018279,0.041329,-0.050333,0.061203,0.971484,0.167364,-0.477259,0.086043,0.048651,-0.024671,-0.378079,0.793177,-0.477414,-0.886668,-0.458542,-0.059644,-0.266223,0.400758,0.876651,0.015785,0.032215,-0.062846,0.148763,-1.077963,-0.823625,-0.908241
9,0.09833,0.052953,0.427089,-0.542086,0.675137,-0.500378,-0.769651,-0.637873,-0.026954,-0.336707,0.369662,0.866028,0.030804,0.069116,-0.136837,2.741411,-0.77439,-5.326802,-1.138611,-0.141636,0.019338,0.356297,0.214585,0.693864,0.687385,-0.907226,0.402274,-0.122684,-0.361887,-0.598154,0.714922,-0.036767,0.082286,-0.116782,-0.000483,1.245411,0.338785,0.077661,0.022765,0.031403,-0.002139,-0.035263,-0.738891,0.672901,0.927246,-0.275351,-0.253763,0.372787,0.614997,0.694843,-0.017651,0.035291,-0.054433,0.064185,0.885153,0.364698,-0.444438,0.086346,0.049315,-0.025981,-0.39152,0.774037,-0.497572,-0.877293,-0.477135,-0.051937,-0.27761,0.416183,0.865865,0.015722,0.038885,-0.07353,-0.109512,-1.182011,-0.617532,-0.905465
10,0.099709,0.05608,0.420871,-0.552712,0.628402,-0.547417,-0.748517,-0.663071,-0.005505,-0.365754,0.405923,0.837542,0.030172,0.087524,-0.168747,-0.102631,-1.308919,-0.6872,-0.94159,-0.143226,0.021597,0.351803,0.238636,0.672098,0.700949,-0.90619,0.413561,-0.087865,-0.349214,-0.615064,0.70683,-0.046807,0.053374,-0.119762,-0.35381,0.051617,0.963959,0.179517,0.021938,0.032583,-0.004474,-0.059879,-0.718514,0.692929,0.932228,-0.288436,-0.218529,0.356882,0.632882,0.68709,-0.023241,0.025643,-0.060578,-0.383032,-0.033797,0.965178,-0.308254,0.087035,0.050872,-0.029078,-0.414211,0.728527,-0.545597,-0.858892,-0.511241,-0.030591,-0.301218,0.455939,0.837488,0.020433,0.041633,-0.085537,-0.28159,-1.678694,-0.802296,-0.865786
11,0.101109,0.059184,0.414002,-0.548175,0.574633,-0.607738,-0.736129,-0.676381,0.024359,-0.39639,0.460009,0.79454,0.038158,0.080672,-0.183886,-0.444473,-2.158916,-0.892247,-0.742354,-0.1447,0.023198,0.347342,0.215984,0.673313,0.707101,-0.931296,0.359563,-0.057754,-0.293381,-0.646885,0.703797,-0.031234,0.030772,-0.105056,-5.468632,-1.170929,-2.027762,0.237414,0.021215,0.033352,-0.006679,-0.038667,-0.715316,0.697729,0.952243,-0.238024,-0.191252,0.302882,0.657013,0.690359,-0.016158,0.020619,-0.056797,-0.094641,0.026077,0.039813,-0.01531,0.087733,0.052432,-0.032505,-0.418442,0.677531,-0.60486,-0.849916,-0.526913,-0.002248,-0.320232,0.51314,0.796327,0.018582,0.034583,-0.087546,-0.301814,-1.889636,-0.579062,-0.786753
12,0.101869,0.060522,0.410546,-0.542037,0.547542,-0.637525,-0.731827,-0.680424,0.037744,-0.412453,0.486332,0.770318,0.047343,0.06434,-0.177015,-0.336553,-1.981784,-0.605019,-0.647444,-0.145269,0.023818,0.345328,0.180228,0.67985,0.710854,-0.951808,0.302789,-0.048102,-0.248144,-0.668772,0.700736,-0.031555,0.03394,-0.102903,-4.089923,0.271229,-3.611027,0.261968,0.02092,0.033664,-0.007733,-0.001558,-0.718736,0.69528,0.968014,-0.175521,-0.179273,0.250886,0.672763,0.69602,-0.015708,0.01678,-0.051495,-4.052105,0.201845,-3.671773,0.089195,0.088127,0.053126,-0.034303,-0.416982,0.647891,-0.637465,-0.846513,-0.532213,0.012808,-0.33097,0.544964,0.770371,0.023569,0.031325,-0.08886,-0.387746,-2.076659,-0.645528,-0.765688
13,0.103298,0.062733,0.403797,-0.523848,0.489329,-0.697269,-0.728045,-0.682107,0.068206,-0.441592,0.542761,0.714446,0.035037,0.053959,-0.166555,-1.54996,-1.914981,0.448183,-0.431762,-0.146139,0.024528,0.341931,0.087429,0.682461,0.725669,-0.983976,0.172678,-0.043687,-0.15521,-0.711065,0.685682,-0.015377,0.007672,-0.074939,-1.26564,0.326189,-0.721599,0.328219,0.020502,0.034006,-0.00938,0.089831,-0.710557,0.697881,0.983723,-0.046188,-0.173651,0.155623,0.702121,0.694842,-0.007637,0.003981,-0.037348,-1.226825,0.681609,-0.722359,0.1986,0.088812,0.054184,-0.03756,-0.412241,0.588277,-0.695691,-0.840827,-0.53968,0.041889,-0.350809,0.602225,0.717118,0.017306,0.025734,-0.083811,-0.349425,-2.02809,-0.548553,-0.631464
14,0.104331,0.064083,0.397976,-0.483485,0.461271,-0.743987,-0.760573,-0.642078,0.096104,-0.432773,0.611745,0.662195,0.020357,0.020831,-0.139693,-0.676825,-1.537887,-0.144879,-0.228818,-0.146999,0.024174,0.339513,-0.013457,0.660617,0.750597,-0.997826,0.039272,-0.052301,-0.063991,-0.750482,0.657682,-0.026014,-0.016151,-0.059296,-0.921995,1.166681,-1.398117,0.348978,0.020065,0.033845,-0.010619,0.191882,-0.676943,0.710582,0.979941,0.092451,-0.176543,0.053815,0.730205,0.681104,-0.005895,-0.01336,-0.025826,-2.926161,2.668993,-5.034928,0.260814,0.089346,0.054885,-0.040541,-0.373731,0.553746,-0.744102,-0.868657,-0.490229,0.07147,-0.325205,0.673081,0.66423,0.010328,0.010583,-0.069791,-1.806445,-1.680983,0.377904,-0.462295
15,0.105106,0.064233,0.392962,-0.432265,0.440733,-0.786732,-0.804842,-0.581997,0.11611,-0.406171,0.682835,0.60728,0.017112,-0.013388,-0.114965,-1.719124,-1.568225,0.535385,-0.097957,-0.147573,0.022765,0.337728,-0.109122,0.61454,0.781297,-0.993842,-0.081736,-0.074371,0.018311,-0.785353,0.618667,-0.009383,-0.04885,-0.036483,-1.430252,1.029185,-1.1536,0.352408,0.019769,0.033135,-0.011534,0.285541,-0.619026,0.731622,0.957648,0.213828,-0.192837,-0.03707,0.7557,0.653866,-0.004655,-0.024423,-0.018244,-1.46326,1.066945,-1.122053,0.283185,0.089741,0.054964,-0.043102,-0.325856,0.525418,-0.785972,-0.901457,-0.423237,0.090804,-0.284943,0.73811,0.611556,0.008581,-0.006938,-0.057604,-1.693666,-1.483389,0.579454,-0.333785
16,0.105414,0.063803,0.390811,-0.408226,0.43408,-0.803101,-0.82501,-0.552,0.120938,-0.390315,0.711395,0.584464,0.015926,-0.025505,-0.107463,-0.598464,-1.155016,0.081267,-0.055748,-0.147628,0.021823,0.33701,-0.148395,0.594037,0.790627,-0.98694,-0.139354,-0.080393,0.062625,-0.792956,0.60594,0.003545,-0.045683,-0.035574,-4.51275,0.947374,-3.700948,0.350578,0.019739,0.032696,-0.011868,0.31839,-0.595156,0.737845,0.944632,0.264342,-0.1944,-0.079345,0.758888,0.646368,0.002418,-0.028246,-0.013657,-0.523163,0.604841,-0.678265,0.285797,0.089889,0.054758,-0.044137,-0.303585,0.513753,-0.802428,-0.91573,-0.389964,0.096777,-0.263199,0.764188,0.588847,0.007974,-0.013001,-0.053841,-1.654388,-1.228516,0.650553,-0.289207
17,0.105697,0.0623,0.387209,-0.355281,0.430756,-0.82962,-0.871885,-0.472686,0.127888,-0.336627,0.768233,0.544542,0.003273,-0.050666,-0.079163,-1.634252,-0.808871,0.727583,0.017384,-0.147243,0.020126,0.335767,-0.205606,0.558567,0.803568,-0.969769,-0.226439,-0.090589,0.131632,-0.798579,0.587203,0.016261,-0.037787,-0.03115,-0.469981,0.473309,-0.823641,0.341573,0.019923,0.031835,-0.012498,0.374339,-0.552346,0.744837,0.9145,0.352854,-0.197944,-0.153486,0.755252,0.637208,0.008074,-0.019026,-0.015614,-4.510235,0.819023,-3.681357,0.280572,0.090032,0.054005,-0.045954,-0.251876,0.50167,-0.827577,-0.946822,-0.304659,0.103486,-0.200213,0.809634,0.551729,-0.003595,-0.019525,-0.043371,-4.896329,-0.431869,3.005957,-0.223237
18,0.105297,0.060249,0.384522,-0.299235,0.439417,-0.847004,-0.918623,-0.372709,0.131117,-0.257707,0.816766,0.516244,-0.019193,-0.059458,-0.056399,-0.692494,-0.869737,0.014589,0.120122,-0.145959,0.019067,0.334694,-0.247162,0.536817,0.806678,-0.951976,-0.289692,-0.098758,0.180998,-0.792997,0.5816,0.042187,-0.025649,-0.024408,-4.46874,0.547626,-3.207183,0.340376,0.020562,0.031282,-0.013052,0.411802,-0.52651,0.743778,0.889339,0.410198,-0.202021,-0.19873,0.744664,0.637166,0.027101,-0.006342,-0.016161,-0.003751,0.086719,-0.131238,0.273714,0.089839,0.052973,-0.04731,-0.193514,0.50132,-0.843344,-0.974663,-0.196516,0.106829,-0.112175,0.84265,0.526647,-0.009685,-0.030254,-0.028448,-1.50785,-0.312263,1.05568,-0.116119
19,0.104843,0.059075,0.383516,-0.274038,0.444569,-0.852823,-0.936121,-0.326509,0.130535,-0.220089,0.833565,0.506712,-0.030583,-0.063679,-0.044829,-0.555702,-0.528248,0.365146,0.175338,-0.144977,0.018688,0.334182,-0.264913,0.526516,0.807833,-0.942641,-0.317785,-0.101859,0.203433,-0.789116,0.579461,0.054152,-0.01091,-0.031004,-1.303872,0.145649,-0.899979,0.343347,0.021048,0.03109,-0.013303,0.43022,-0.512704,0.742996,0.874561,0.4407,-0.202296,-0.223721,0.736828,0.63799,0.02764,-0.010704,-0.011255,-4.466544,0.558562,-3.165619,0.273224,0.089616,0.052386,-0.047819,-0.168457,0.50023,-0.849347,-0.98311,-0.147781,0.10795,-0.071517,0.853187,0.516677,-0.009538,-0.032981,-0.023163,-1.627944,-0.476089,0.917835,-0.042311
20,0.10367,0.056513,0.382054,-0.246077,0.442479,-0.862383,-0.952149,-0.276723,0.129646,-0.180977,0.852471,0.490477,-0.029862,-0.066638,-0.033412,-0.077316,-0.286628,0.025515,0.264475,-0.142362,0.01812,0.333337,-0.296044,0.510396,0.807369,-0.926381,-0.359336,-0.112379,0.233143,-0.781816,0.578162,0.081764,-0.012393,-0.018123,0.02657,-0.119608,0.08762,0.351045,0.022346,0.030806,-0.01373,0.459898,-0.492108,0.739136,0.851105,0.481646,-0.208892,-0.253205,0.725152,0.640344,0.034234,-0.006737,-0.008872,0.015835,-0.072165,0.053731,0.282368,0.08903,0.051107,-0.048554,-0.141005,0.492739,-0.858676,-0.989591,-0.095326,0.107802,-0.028736,0.86494,0.501051,-0.021015,-0.037004,-0.011364,-0.108223,-0.378097,0.168188,0.098935
21,0.102153,0.053871,0.381169,-0.216653,0.449008,-0.86689,-0.966087,-0.226355,0.124142,-0.140223,0.86383,0.483903,-0.040457,-0.066037,-0.019479,-0.16407,-0.047273,0.191997,0.290914,-0.139303,0.017711,0.332695,-0.323113,0.500842,0.802961,-0.912408,-0.390051,-0.12372,0.251649,-0.773206,0.58197,0.081963,-0.010616,-0.016977,0.079346,-0.277861,-0.051767,0.359093,0.023905,0.030606,-0.014051,0.484372,-0.478966,0.732102,0.832166,0.51047,-0.216609,-0.269968,0.71415,0.645837,0.040983,-0.005132,-0.008395,0.08647,-0.293722,-0.05865,0.292982,0.08826,0.04976,-0.04901,-0.110601,0.493861,-0.862477,-0.993774,-0.043248,0.102674,0.013406,0.868464,0.49557,-0.02009,-0.032546,-0.009487,-0.15387,-0.027531,0.200242,0.178458
22,0.101279,0.05259,0.380921,-0.189792,0.454706,-0.87021,-0.976019,-0.183555,0.116897,-0.106349,0.870965,0.479726,-0.051776,-0.068526,-0.006547,-4.91677,0.606532,2.774196,0.29474,-0.137736,0.017445,0.332418,-0.338982,0.49014,0.803023,-0.902264,-0.4111,-0.12981,0.266935,-0.76913,0.580558,0.08352,-0.021601,-0.008988,0.02859,-0.195887,-0.235804,0.360939,0.024657,0.030483,-0.014184,0.498047,-0.466079,0.731245,0.818945,0.530054,-0.219935,-0.285093,0.708387,0.645684,0.041095,-0.005331,-0.008638,0.097515,-0.44387,-0.156749,0.297718,0.087842,0.049142,-0.049134,-0.085833,0.493993,-0.865217,-0.995387,-0.005176,0.095791,0.042842,0.869449,0.492159,-0.025327,-0.028714,-0.007477,-0.165234,-0.037344,0.184371,0.192827
23,0.09929,0.049989,0.380868,-0.142269,0.448335,-0.882497,-0.987586,-0.124155,0.096076,-0.066323,0.884655,0.461534,-0.050689,-0.069366,0.006877,-0.13676,-0.151789,0.039214,0.291596,-0.134922,0.016562,0.331956,-0.368794,0.465496,0.804547,-0.879527,-0.45474,-0.139918,0.301202,-0.759779,0.576087,0.070759,-0.024529,-0.010294,-0.13917,-0.051833,-0.031188,0.353045,0.026047,0.030055,-0.014409,0.524974,-0.438372,0.729541,0.789856,0.570239,-0.225727,-0.317061,0.694734,0.645612,0.035377,-0.012202,-0.005145,-1.399507,0.265757,-1.053596,0.296411,0.086867,0.047868,-0.049168,-0.037228,0.479769,-0.876604,-0.995224,0.061413,0.075877,0.090238,0.875242,0.475191,-0.025126,-0.033917,0.003869,-0.08537,-0.454111,0.379344,0.202298
24,0.097297,0.047357,0.381402,-0.091779,0.424295,-0.900886,-0.994232,-0.089293,0.059175,-0.055229,0.900596,0.431166,-0.051142,-0.083029,0.02818,-0.098574,-0.516654,0.78314,0.290583,-0.132649,0.015337,0.331821,-0.395762,0.45024,0.800405,-0.856999,-0.494264,-0.145571,0.330576,-0.744095,0.580436,0.045375,-0.035616,0.000469,-0.146614,-0.118542,-0.178913,0.349448,0.027233,0.029418,-0.014489,0.54923,-0.419381,0.722817,0.76167,0.607079,-0.226523,-0.343807,0.674962,0.652857,0.022681,-0.017697,0.000289,-0.150009,-0.096071,-0.164563,0.289553,0.085852,0.046535,-0.048905,0.007565,0.446587,-0.894707,-0.994442,0.097313,0.040165,0.105003,0.889432,0.444841,-0.031024,-0.035149,0.010459,0.168066,-0.722241,1.098781,0.200665
25,0.095286,0.044391,0.3824,-0.03025,0.39482,-0.918285,-0.998464,-0.054337,0.009471,-0.046127,0.916672,0.397002,-0.050939,-0.080327,0.029577,-5.23174,-0.33931,2.966897,0.280581,-0.130935,0.013943,0.332019,-0.425671,0.439559,0.790938,-0.834555,-0.528528,-0.155274,0.350324,-0.726701,0.590798,0.031543,-0.032212,0.004709,-0.002178,-0.165273,-0.349247,0.349879,0.028079,0.028729,-0.014395,0.576082,-0.404702,0.710171,0.734071,0.638314,-0.231717,-0.359537,0.654805,0.664802,0.016532,-0.021861,0.006189,-0.012492,-0.278171,-0.245006,0.28792,0.08483,0.045028,-0.048391,0.062801,0.406361,-0.911551,-0.991255,0.131605,-0.009624,0.116054,0.904185,0.411072,-0.025271,-0.039993,0.015067,-5.218558,-0.31148,2.976927,0.190868
26,0.094276,0.042833,0.383005,-0.009053,0.385948,-0.922501,-0.99896,-0.044409,-0.008833,-0.044372,0.920985,0.387098,-0.050905,-0.079242,0.030154,-0.145637,-0.571397,1.127802,0.283186,-0.130362,0.013174,0.332247,-0.44308,0.43387,0.784492,-0.821895,-0.546036,-0.162068,0.358609,-0.717096,0.597524,0.019315,-0.04262,0.014861,-0.072743,-0.147672,-0.432133,0.353343,0.028358,0.028364,-0.014291,0.59155,-0.396713,0.701916,0.718717,0.653996,-0.23608,-0.365394,0.644133,0.671996,0.008923,-0.015832,0.003302,-0.353454,-0.272529,-0.602477,0.289063,0.084326,0.044252,-0.048087,0.082851,0.393948,-0.915389,-0.98927,0.14342,-0.027815,0.120327,0.907873,0.401604,-0.025411,-0.039426,0.015214,-0.142999,-0.562647,1.124609,0.188418
27,0.092247,0.039758,0.384415,0.025897,0.371743,-0.927998,-0.998932,-0.025522,-0.038157,-0.037908,0.927536,0.371841,-0.049611,-0.073084,0.033604,-0.151116,-0.387436,0.807842,0.303079,-0.129938,0.011826,0.332823,-0.481011,0.416377,0.771525,-0.790974,-0.585657,-0.176919,0.378795,-0.69585,0.610057,-0.008477,-0.039576,0.020497,-0.081207,-0.116554,-0.455419,0.355953,0.02859,0.027656,-0.013995,0.625669,-0.373858,0.684665,0.680921,0.689987,-0.245485,-0.380634,0.619796,0.686272,-0.004283,-0.019507,0.010476,-0.103691,-0.022259,-0.395637,0.294778,0.08331,0.042711,-0.047385,0.114598,0.373621,-0.920474,-0.985111,0.162269,-0.056781,0.12815,0.913277,0.386654,-0.024752,-0.036292,0.016974,-0.14848,-0.387272,0.806806,0.202788
28,0.090351,0.036898,0.385889,0.050415,0.365044,-0.929649,-0.998209,-0.011089,-0.058545,-0.031751,0.930485,0.364989,-0.036463,-0.070608,0.034837,-0.137443,-0.010533,0.40154,0.306111,-0.130077,0.010851,0.333391,-0.519741,0.405005,0.752218,-0.763099,-0.61596,-0.195465,0.384832,-0.676088,0.62823,-0.010371,-0.025483,0.014959,0.109215,-0.57263,-0.69034,0.349534,0.02852,0.027173,-0.013706,0.658861,-0.356712,0.662313,0.647649,0.716862,-0.258182,-0.382691,0.599053,0.703337,-0.005213,-0.012583,0.007611,0.135298,-0.642521,-0.736813,0.291186,0.082375,0.041307,-0.046661,0.137204,0.362604,-0.921787,-0.981335,0.176348,-0.076697,0.134745,0.915106,0.380032,-0.024294,-0.034021,0.018282,-0.126053,-0.040704,0.539866,0.217974
29,0.08951,0.035583,0.386597,0.057703,0.362443,-0.930242,-0.997912,-0.005572,-0.064128,-0.028505,0.931553,0.362523,-0.048054,-0.065786,0.037827,-0.161768,-0.112209,0.311105,0.302546,-0.130237,0.010579,0.333551,-0.538321,0.398922,0.742336,-0.746968,-0.633702,-0.200982,0.390926,-0.663167,0.638161,-0.011969,-0.013492,0.007607,-4.183734,0.644282,-3.896438,0.350369,0.028444,0.027044,-0.013629,0.673802,-0.351544,0.649929,0.632898,0.728525,-0.262089,-0.381353,0.587935,0.713373,-0.006736,-0.001123,-0.000192,-0.469032,-0.769002,-0.178942,0.289553,0.081959,0.040648,-0.046308,0.143991,0.358819,-0.922233,-0.979897,0.181741,-0.082283,0.138083,0.915542,0.377775,-0.017997,-0.034222,0.018077,-0.161175,-0.141333,0.332154,0.217484
30,0.088097,0.033351,0.387911,0.064941,0.360542,-0.930504,-0.997614,0.0023,-0.068791,-0.02275,0.932307,0.36099,-0.032727,-0.050125,0.031683,-0.135406,0.02491,0.029117,0.297584,-0.130799,0.010374,0.333522,-0.565723,0.399647,0.721271,-0.728037,-0.6528,-0.209162,0.387971,-0.643913,0.659331,-0.013083,-0.005311,-0.002985,-0.094955,-0.27174,-0.495624,0.356979,0.028162,0.026946,-0.013633,0.700001,-0.344754,0.625414,0.606675,0.74909,-0.266097,-0.376754,0.565691,0.733518,-0.01409,0.002434,-0.005176,-0.472036,-0.742353,0.029489,0.293472,0.081234,0.039503,-0.045639,0.150865,0.355378,-0.922466,-0.978004,0.18962,-0.086897,0.144037,0.915286,0.376169,-0.016283,-0.024731,0.016054,-0.13448,0.02468,0.0285,0.211279
31,0.087017,0.031824,0.389055,0.063878,0.362288,-0.929899,-0.997774,0.006194,-0.066184,-0.018304,0.93161,0.363035,-0.028978,-0.030604,0.027937,-0.105353,0.084513,-0.106257,0.296249,-0.131311,0.010413,0.333112,-0.587538,0.397157,0.705023,-0.708424,-0.673523,-0.210798,0.391873,-0.623778,0.676165,-0.014125,0.002363,-0.014015,0.091129,-0.216896,-0.186198,0.356726,0.027906,0.026965,-0.013832,0.718976,-0.338756,0.606891,0.584446,0.767242,-0.264124,-0.376159,0.544594,0.749613,-0.000295,0.002078,-0.006989,0.103553,-0.227399,-0.167725,0.296575,0.080703,0.038748,-0.045079,0.15019,0.357213,-0.921868,-0.977496,0.193363,-0.084327,0.148133,0.913788,0.378215,-0.007918,-0.011498,0.008549,-0.070044,0.064609,-0.087004,0.207687
32,0.08627,0.031011,0.389909,0.060231,0.364846,-0.929142,-0.99805,0.007743,-0.061714,-0.015404,0.930597,0.365758,-0.013204,-0.007582,0.010899,-0.035448,0.033067,-0.045275,0.297413,-0.131478,0.010495,0.332607,-0.598601,0.394312,0.697271,-0.696498,-0.686175,-0.209735,0.396506,-0.611663,0.684481,-0.014206,0.002969,-0.01351,0.05014,-0.096879,0.125033,0.357149,0.027823,0.027,-0.014089,0.728505,-0.333988,0.598107,0.571149,0.778209,-0.26111,-0.378245,0.531829,0.757686,0.000384,-0.003053,-0.002593,0.007473,-0.068289,0.187971,0.296901,0.080325,0.038338,-0.044643,0.147023,0.360443,-0.921121,-0.977576,0.194882,-0.079775,0.150756,0.912195,0.381013,-0.00703,-0.008647,0.010206,-0.069481,0.051459,-0.061253,0.207523
33,0.085983,0.030823,0.39019,0.058947,0.365697,-0.92889,-0.998139,0.008123,-0.060201,-0.014551,0.930259,0.366652,-0.012953,-0.00677,0.011371,-0.035447,0.033071,-0.045274,0.301655,-0.131495,0.010462,0.33245,-0.602189,0.38966,0.696796,-0.689907,-0.693197,-0.208423,0.402564,-0.606697,0.685364,0.000638,-0.005179,-0.004414,0.011106,-0.103273,0.166109,0.356543,0.02781,0.026983,-0.014174,0.731042,-0.328976,0.597788,0.564179,0.784178,-0.25839,-0.383769,0.526154,0.758869,0.000326,-0.002587,-0.002201,0.012123,-0.094487,0.171491,0.297064,0.080178,0.038245,-0.044496,0.145883,0.361545,-0.92087,-0.977628,0.195254,-0.078215,0.151525,0.911679,0.381941,-0.006423,-0.003172,0.005818,-0.035089,0.033095,-0.045483,0.209646
34,0.085519,0.03078,0.390433,0.057234,0.36667,-0.928613,-0.998247,0.008097,-0.058385,-0.013968,0.929875,0.367648,0.000304,0.00095,0.000548,0.0,0.0,0.0,0.320718,-0.131322,0.010317,0.332295,-0.603142,0.389308,0.696169,-0.687733,-0.695928,-0.206495,0.404856,-0.603786,0.686584,0.000342,-0.002765,-0.00236,0.0,-0.0,-0.0,0.362391,0.027896,0.026908,-0.014253,0.731781,-0.328512,0.597139,0.562015,0.786495,-0.256054,-0.385531,0.522977,0.760171,0.006971,-0.000679,-0.001346,0.003321,-0.015409,0.030558,0.299187,0.079947,0.038227,-0.044372,0.144371,0.36282,-0.920607,-0.97778,0.19521,-0.076403,0.151991,0.911183,0.382941,-0.005877,0.002081,0.001299,-0.000731,0.014735,-0.029677,0.224506
35,0.08533,0.030951,0.390353,0.055731,0.367266,-0.928469,-0.998327,0.007213,-0.057128,-0.01436,0.929646,0.36821,0.0,0.0,0.0,0.0,0.0,0.0,0.350657,-0.13112,0.010199,0.33245,-0.605153,0.38648,0.695999,-0.683812,-0.700023,-0.205678,0.40849,-0.600857,0.687001,0.013116,0.005244,0.00295,0.004052,-0.030245,0.053744,0.362864,0.027993,0.026844,-0.014186,0.73337,-0.325446,0.596868,0.557775,0.789979,-0.254595,-0.388656,0.519631,0.760874,0.006563,0.002584,0.001439,0.004901,-0.030569,0.054729,0.30278,0.079853,0.038311,-0.044407,0.142989,0.363699,-0.920475,-0.978049,0.194349,-0.075141,0.151565,0.911016,0.383506,-0.0,1e-06,4e-06,0.000175,4.1e-05,-5e-05,0.25749
36,0.085349,0.031042,0.39027,0.055496,0.367291,-0.928473,-0.998336,0.00685,-0.057019,-0.014659,0.929639,0.368217,0.001034,0.010332,-0.009133,0.034445,-0.018412,0.015693,0.356187,-0.13095,0.010161,0.332597,-0.604969,0.38696,0.695892,-0.683931,-0.700069,-0.205124,0.408563,-0.600495,0.687274,0.01456,-0.005731,0.01116,-0.03436,-0.007519,0.009579,0.36307,0.028078,0.02683,-0.014108,0.733223,-0.32598,0.596758,0.55799,0.790003,-0.25405,-0.388625,0.51926,0.761142,0.006484,0.003185,0.001951,0.004732,-0.030521,0.054574,0.303433,0.079862,0.038357,-0.044448,0.142761,0.363769,-0.920483,-0.978129,0.193989,-0.075039,0.151267,0.911065,0.383507,2e-06,-0.0,5e-06,-0.005411,0.089848,-0.177387,0.273166
37,0.085465,0.031205,0.390068,0.05481,0.367431,-0.928459,-0.998364,0.006002,-0.056618,-0.015307,0.929589,0.368315,-6.4e-05,-0.000199,-0.000115,0.0,0.0,0.0,0.354198,-0.130812,0.009907,0.333054,-0.60496,0.387226,0.695752,-0.683481,-0.700812,-0.204083,0.40933,-0.599455,0.687725,0.000976,-0.007199,0.011436,-0.022574,-0.095846,0.149567,0.361125,0.028151,0.026708,-0.013876,0.73325,-0.32615,0.596631,0.557536,0.790666,-0.252983,-0.389226,0.518143,0.761596,0.000434,-0.003213,0.006045,-0.033957,-0.007541,0.00539,0.303596,0.07992,0.038442,-0.044553,0.142121,0.36402,-0.920483,-0.978326,0.193132,-0.074675,0.150592,0.911146,0.383579,-2.6e-05,-9.5e-05,-5.6e-05,8.9e-05,1e-05,-4.7e-05,0.283943
38,0.085477,0.031306,0.38999,0.053635,0.367902,-0.928341,-0.998423,0.005322,-0.055632,-0.015601,0.929407,0.368764,2.5e-05,7.9e-05,4.5e-05,0.0,0.0,0.0,0.350939,-0.130771,0.009598,0.333608,-0.604303,0.390069,0.694734,-0.683377,-0.70207,-0.200071,0.410474,-0.596131,0.689929,0.000687,-0.004886,0.013403,-0.035716,-0.122045,0.186153,0.356419,0.028172,0.026551,-0.013601,0.732826,-0.329055,0.595557,0.557797,0.791779,-0.248893,-0.38965,0.514595,0.763782,0.000359,-0.002637,0.006536,-0.084178,-0.045707,0.044721,0.298534,0.079926,0.038493,-0.044592,0.141052,0.364701,-0.920378,-0.978532,0.192459,-0.073702,0.150256,0.911017,0.384019,1.7e-05,5.1e-05,3.1e-05,6.5e-05,-1e-05,-4.6e-05,0.282474
39,0.085467,0.031331,0.390017,0.052987,0.368216,-0.928253,-0.998458,0.005127,-0.055018,-0.015573,0.929283,0.369076,-0.011719,0.004191,0.002598,-0.006485,0.104713,-0.206833,0.342673,-0.130815,0.009474,0.334221,-0.60288,0.395666,0.692803,-0.683938,-0.703428,-0.193265,0.411631,-0.59082,0.693797,0.000208,-0.001056,0.016637,-0.021048,-0.110622,0.174742,0.355354,0.02815,0.026485,-0.013292,0.731833,-0.334906,0.593512,0.559161,0.79294,-0.242038,-0.38956,0.509001,0.767567,7.2e-05,-0.00034,0.00848,-0.013965,-0.106379,0.170981,0.295921,0.079925,0.038502,-0.04458,0.14061,0.365028,-0.920316,-0.978596,0.192315,-0.073236,0.150257,0.910916,0.384257,-0.000233,-0.004279,0.005075,-0.0344,0.018433,-0.015699,0.275942
40,0.085408,0.031345,0.39006,0.052452,0.36849,-0.928175,-0.998488,0.005018,-0.05449,-0.015494,0.929175,0.369352,0.000334,0.001044,0.000602,0.0,0.0,0.0,0.341087,-0.130871,0.009516,0.334524,-0.601436,0.401117,0.690921,-0.684815,-0.70424,-0.187104,0.412284,-0.586161,0.697353,0.000151,-0.000591,0.017015,-0.18844,-0.238045,0.306442,0.354483,0.028122,0.026508,-0.013145,0.730921,-0.34013,0.591662,0.560598,0.793658,-0.236294,-0.389207,0.504397,0.770778,-0.007471,0.004658,0.004692,-0.622105,-0.46691,0.472448,0.295432,0.079892,0.038511,-0.044557,0.139994,0.365498,-0.920223,-0.978678,0.192153,-0.072567,0.150301,0.910762,0.384605,-0.005867,0.002073,0.001287,-0.006457,0.104707,-0.206844,0.272023
41,0.085188,0.03138,0.390174,0.051245,0.369114,-0.927994,-0.998553,0.004801,-0.053289,-0.015285,0.928927,0.369983,0.000263,0.00082,0.000472,0.0,0.0,0.0,0.347899,-0.130918,0.009814,0.335065,-0.601645,0.406047,0.687852,-0.68665,-0.702873,-0.185512,0.408907,-0.584409,0.700803,-0.001676,0.013437,0.011309,0.017754,-0.132736,0.218771,0.344726,0.0281,0.02665,-0.012873,0.73138,-0.344978,0.588278,0.562763,0.79254,-0.234896,-0.3852,0.50286,0.77379,-8.7e-05,0.00093,0.009522,-0.035538,-0.002557,0.007448,0.28841,0.079782,0.03853,-0.0445,0.138921,0.366334,-0.920053,-0.978808,0.191934,-0.071371,0.150444,0.910472,0.385234,-0.00592,0.00191,0.001195,-0.000967,0.0147,-0.029561,0.272676
42,0.084967,0.031456,0.390221,0.048069,0.37079,-0.927496,-0.998726,0.004616,-0.049972,-0.014315,0.928259,0.371695,7e-05,0.000217,0.000125,-0.0,0.0,-0.0,0.355271,-0.131202,0.010115,0.335751,-0.607541,0.401733,0.685197,-0.678763,-0.710618,-0.185031,0.413349,-0.577978,0.703525,-0.00049,0.004611,0.021284,0.082945,-0.437195,-0.230929,0.329977,0.027962,0.026804,-0.012541,0.734452,-0.33988,0.587418,0.554996,0.798949,-0.231642,-0.390587,0.496145,0.775423,-0.001047,0.008361,0.007002,0.00454,-0.029594,0.049339,0.276163,0.079672,0.038569,-0.044476,0.136099,0.368569,-0.919582,-0.979083,0.191737,-0.068056,0.151235,0.909611,0.386955,-0.006033,0.001548,0.000986,-0.000758,0.014451,-0.029078,0.281167
43,0.084877,0.031485,0.390228,0.047858,0.370881,-0.927471,-0.998736,0.004521,-0.049784,-0.014338,0.928223,0.371784,-0.012144,0.002855,0.001826,-0.000984,0.014715,-0.029553,0.35467,-0.131352,0.010251,0.336115,-0.611763,0.399052,0.683004,-0.674041,-0.714875,-0.185894,0.414855,-0.57457,0.705427,-0.014065,0.00358,0.021872,0.083213,-0.429153,-0.264413,0.320636,0.027882,0.026876,-0.012343,0.738713,-0.336771,0.583855,0.549434,0.802622,-0.232206,-0.390415,0.492324,0.777941,-0.007054,0.001876,0.011012,0.144662,-0.617599,-0.368556,0.265876,0.079627,0.038583,-0.044472,0.135911,0.368695,-0.91956,-0.979114,0.191643,-0.067875,0.151202,0.90958,0.387041,-0.006082,0.001399,0.000899,-0.000955,0.014695,-0.029489,0.283617
44,0.084699,0.031535,0.390271,0.046903,0.371335,-0.927338,-0.998782,0.004221,-0.048884,-0.014304,0.928043,0.372236,-0.011932,0.003511,0.002204,-0.006497,0.104663,-0.206859,0.353026,-0.131509,0.01038,0.33698,-0.615257,0.401447,0.678448,-0.673131,-0.715466,-0.186915,0.411149,-0.572162,0.709543,0.00105,-0.007111,0.028806,-0.008837,-0.220279,-0.152698,0.303702,0.027803,0.026945,-0.011906,0.742716,-0.338544,0.577719,0.547941,0.80319,-0.233762,-0.38488,0.490176,0.782045,0.000508,-0.003534,0.014426,0.005194,-0.263902,-0.176686,0.244648,0.079542,0.038605,-0.044452,0.135196,0.369216,-0.919456,-0.979214,0.191396,-0.067126,0.151197,0.90942,0.387418,0.000134,0.000422,0.000245,-5e-06,-1.4e-05,-1e-06,0.283617
45,0.084559,0.031552,0.390294,0.04627,0.371639,-0.927248,-0.998812,0.004029,-0.048283,-0.014273,0.927922,0.372539,-3.5e-05,-0.000109,-6.3e-05,0.0,0.0,0.0,0.347435,-0.131661,0.010313,0.337853,-0.614734,0.403152,0.67791,-0.673336,-0.715847,-0.184703,0.411594,-0.570484,0.710634,-2e-06,0.000748,0.017931,-0.020782,-0.109313,0.175031,0.287586,0.027726,0.026915,-0.011473,0.742593,-0.340103,0.576961,0.548157,0.803606,-0.231817,-0.384808,0.488411,0.783183,0.000688,-0.005002,0.013188,-0.071615,0.003508,-0.012793,0.222604,0.079468,0.038616,-0.044439,0.134488,0.369732,-0.919352,-0.979312,0.191153,-0.066385,0.151193,0.909262,0.387791,-2e-05,-6.2e-05,-3.3e-05,-4e-06,2e-06,-1e-06,0.280514
46,0.084459,0.031583,0.390303,0.045635,0.371929,-0.927163,-0.99884,0.00379,-0.0477,-0.014291,0.927806,0.372826,-0.0,-0.0,-0.0,0.0,0.0,0.0,0.342683,-0.131652,0.010103,0.33859,-0.614475,0.404158,0.677546,-0.673121,-0.716515,-0.182889,0.412333,-0.568932,0.71145,0.000546,-0.003711,0.014238,-0.036379,0.007504,-0.019784,0.2696,0.02773,0.026815,-0.011101,0.742347,-0.341291,0.576576,0.548227,0.804118,-0.229867,-0.385184,0.486736,0.78404,0.000201,-0.001385,0.007507,-0.020665,-0.108959,0.175489,0.202029,0.079418,0.038631,-0.044435,0.133917,0.370134,-0.919274,-0.979398,0.190915,-0.065806,0.151146,0.909148,0.388075,1e-06,-0.0,4e-06,-7e-06,6e-06,-5e-06,0.275126
47,0.084441,0.031587,0.390306,0.045591,0.37195,-0.927157,-0.998842,0.003775,-0.047658,-0.014291,0.927798,0.372846,-0.0,-0.0,-0.0,0.0,0.0,0.0,0.340222,-0.131599,0.010013,0.338862,-0.614383,0.404514,0.677417,-0.67302,-0.716784,-0.182205,0.412634,-0.56834,0.711749,-0.000698,0.005682,0.004666,0.0,-0.0,-0.0,0.259963,0.027757,0.026766,-0.010961,0.742288,-0.341642,0.576444,0.548166,0.804365,-0.22915,-0.385385,0.486083,0.784347,0.000324,-0.002368,0.006696,-0.034276,-0.007286,0.005081,0.188966,0.079409,0.038634,-0.044434,0.133877,0.370163,-0.919268,-0.979403,0.1909,-0.065765,0.151145,0.90914,0.388096,0.0,-1e-06,2e-06,6e-06,-8e-06,2.1e-05,0.272023
48,0.084443,0.031587,0.390317,0.045197,0.372143,-0.927099,-0.998861,0.003664,-0.047281,-0.014262,0.92772,0.373039,0.000129,0.0004,0.00023,0.0,0.0,0.0,0.33393,-0.13138,0.009921,0.339257,-0.614245,0.404998,0.677253,-0.672876,-0.717164,-0.18124,0.413076,-0.567514,0.712151,0.014384,-0.00511,0.011626,-0.034329,-0.007753,0.009431,0.25209,0.027867,0.026719,-0.010765,0.74219,-0.342141,0.576276,0.548105,0.804689,-0.228158,-0.385661,0.485196,0.784761,0.007197,-0.002649,0.005732,-0.034219,-0.007776,0.009544,0.170677,0.079409,0.038633,-0.044429,0.133525,0.370425,-0.919214,-0.97945,0.190789,-0.06539,0.151154,0.909056,0.388288,8.5e-05,0.000261,0.000154,1e-06,2e-06,1.4e-05,0.265002
49,0.084445,0.031594,0.390321,0.044681,0.372386,-0.927026,-0.998884,0.003488,-0.0468,-0.014257,0.927624,0.373281,1.8e-05,5.7e-05,3.3e-05,0.0,0.0,0.0,0.33095,-0.131166,0.009934,0.339426,-0.613619,0.407526,0.676303,-0.673173,-0.717655,-0.178165,0.413522,-0.56508,0.713827,-0.000132,0.001064,0.000872,0.0,-0.0,-0.0,0.245569,0.027973,0.026726,-0.01068,0.741768,-0.344705,0.575289,0.548737,0.805114,-0.22512,-0.385574,0.482669,0.78636,0.006665,0.001331,0.000361,0.002453,-0.015001,0.029137,0.16284,0.079411,0.038637,-0.044426,0.133062,0.37076,-0.919146,-0.979516,0.190614,-0.064913,0.151135,0.908957,0.388528,9e-06,2.3e-05,1.5e-05,-1e-06,7e-06,1.7e-05,0.25847
50,0.084443,0.031595,0.39031,0.04454,0.372445,-0.927009,-0.99889,0.003416,-0.046678,-0.014281,0.9276,0.373339,-1.3e-05,-4e-05,-2.3e-05,0.0,0.0,0.0,0.32956,-0.131025,0.009954,0.339413,-0.613423,0.407966,0.676215,-0.673462,-0.717447,-0.177914,0.413342,-0.565027,0.713972,0.00012,-0.000966,-0.000791,0.0,-0.0,-0.0,0.241992,0.028039,0.026738,-0.010684,0.741627,-0.345139,0.57521,0.549063,0.804943,-0.224931,-0.38538,0.482642,0.786472,0.0001,-0.000813,-0.00067,-0.001858,0.014703,-0.024672,0.157777,0.07941,0.038637,-0.044432,0.132934,0.370844,-0.919131,-0.979537,0.190543,-0.064792,0.151106,0.908937,0.388585,-1.1e-05,-3.1e-05,-1.8e-05,-8e-06,-4e-06,-8e-06,0.256837
51,0.08444,0.031619,0.390313,0.044033,0.372677,-0.92694,-0.998913,0.003219,-0.046215,-0.014301,0.927508,0.373568,0.000134,0.000413,0.000238,0.0,0.0,0.0,0.327049,-0.130776,0.009932,0.339356,-0.613246,0.408336,0.676153,-0.673712,-0.717265,-0.177698,0.413197,-0.564991,0.714085,0.000251,-0.002002,-0.001642,0.0,-0.0,-0.0,0.236494,0.028168,0.026724,-0.010716,0.741482,-0.345553,0.575149,0.54938,0.80478,-0.224745,-0.385207,0.48262,0.78657,0.000167,-0.001331,-0.001095,4.3e-05,-1.3e-05,3.7e-05,0.151083,0.079408,0.038649,-0.044431,0.132478,0.371165,-0.919067,-0.979606,0.190347,-0.064333,0.151064,0.908847,0.388812,8.5e-05,0.000263,0.00015,-0.005522,0.089946,-0.177297,0.253081
52,0.084397,0.031653,0.390367,0.043578,0.372912,-0.926867,-0.998934,0.003135,-0.045762,-0.014221,0.927413,0.373805,-0.011558,0.004662,0.002864,-0.000984,0.014715,-0.029553,0.320947,-0.130538,0.009833,0.339302,-0.608936,0.408299,0.680058,-0.675282,-0.716639,-0.174229,0.416989,-0.565812,0.711224,0.000277,-0.002201,-0.001806,-0.119615,0.416203,0.256914,0.231467,0.028288,0.026671,-0.010745,0.738887,-0.346179,0.578104,0.550903,0.804377,-0.222446,-0.388008,0.482842,0.785055,0.000147,-0.001152,-0.000949,-0.188144,0.623691,0.368725,0.142755,0.07939,0.038662,-0.044405,0.132093,0.371465,-0.919001,-0.979649,0.190269,-0.063903,0.15112,0.908741,0.389039,0.000342,0.001054,0.000605,0.000788,-0.013037,0.025711,0.248019
53,0.084355,0.031718,0.390439,0.043312,0.373057,-0.926821,-0.998946,0.003116,-0.045486,-0.014143,0.927354,0.373953,0.00045,0.00139,0.000799,0.0,0.0,0.0,0.317605,-0.130371,0.009812,0.33928,-0.607738,0.413154,0.678196,-0.676041,-0.717248,-0.168694,0.417507,-0.561502,0.714329,2.1e-05,-0.000166,-0.000136,-0.001393,-0.000954,0.001107,0.223063,0.028372,0.026657,-0.010759,0.7369,-0.351169,0.57763,0.552857,0.804785,-0.216029,-0.389007,0.478539,0.787193,3e-06,-1.6e-05,-1.6e-05,0.005623,-0.000886,-0.004166,0.1341,0.079365,0.038699,-0.044367,0.131839,0.371671,-0.918954,-0.979674,0.190241,-0.063607,0.151182,0.908662,0.389198,0.00027,0.000838,0.000483,-1.2e-05,1e-06,7e-06,0.241161
54,0.084318,0.03175,0.39047,0.043133,0.373148,-0.926793,-0.998954,0.003078,-0.045309,-0.014115,0.927318,0.374045,0.000246,0.000761,0.000437,0.0,0.0,0.0,0.319,-0.130302,0.009838,0.339267,-0.607028,0.415839,0.67719,-0.676607,-0.717385,-0.165814,0.417621,-0.559341,0.715955,0.0,-2e-06,-2e-06,-0.562376,-0.429489,0.432568,0.217562,0.028406,0.026671,-0.010765,0.736454,-0.353717,0.576643,0.553726,0.804869,-0.213474,-0.388614,0.476517,0.788612,-8e-06,4.4e-05,2.9e-05,-0.627652,-0.473193,0.469748,0.127079,0.079348,0.038717,-0.044351,0.131679,0.371794,-0.918928,-0.979693,0.190203,-0.06343,0.1512,0.90862,0.38929,0.000108,0.000332,0.000192,-8e-06,-1e-06,1.2e-05,0.240345
55,0.084225,0.031796,0.390498,0.043942,0.375769,-0.925695,-0.99891,0.002907,-0.046295,-0.014768,0.926256,0.37664,-0.01211,0.002941,0.001874,0.065801,0.334354,0.130381,0.317694,-0.130234,0.009866,0.339296,-0.605357,0.421856,0.674961,-0.678071,-0.717416,-0.159585,0.417671,-0.554781,0.719466,-0.000108,0.000852,0.000699,-1e-06,-1e-06,1e-06,0.213855,0.02844,0.026685,-0.010751,0.735263,-0.359997,0.574273,0.555994,0.804926,-0.207273,-0.38763,0.471693,0.791989,-7e-05,0.000561,0.000459,0.004869,0.003169,-0.002812,0.119241,0.079306,0.038739,-0.044337,0.132129,0.373125,-0.918323,-0.979699,0.190068,-0.063733,0.150763,0.908102,0.390665,-1e-06,-1e-05,-5e-06,0.10609,0.546917,0.277548,0.239692
56,0.084145,0.031823,0.390515,0.041357,0.377167,-0.925246,-0.999034,0.002908,-0.043527,-0.013785,0.925686,0.378076,6.8e-05,0.000209,0.00012,-0.000195,0.000369,-0.000447,0.313625,-0.130032,0.009894,0.339283,-0.598549,0.434041,0.673305,-0.68852,-0.708354,-0.15527,0.410302,-0.55704,0.721957,0.013511,0.001324,-0.000381,0.002858,-0.015393,0.030118,0.202217,0.028541,0.026701,-0.010755,0.729889,-0.372883,0.572903,0.567987,0.797152,-0.204788,-0.380329,0.474875,0.793626,0.00676,0.000634,-0.000218,0.001626,-0.015652,0.03055,0.104871,0.079261,0.038752,-0.044329,0.130626,0.376118,-0.917317,-0.979842,0.190028,-0.061615,0.151141,0.906875,0.393359,3.6e-05,0.000113,6.7e-05,0.001253,-0.005982,0.001972,0.235773
