frame,MLTx,MLTy,MLTz,MLTR1,MLTR2,MLTR3,MLTR4,MLTR5,MLTR6,MLTR7,MLTR8,MLTR9,MLTTVx,MLTTVy,MLTTVz,MLTRVx,MLTRVy,MLTRVz,MLGA,MRTx,MRTy,MRTz,MRTR1,MRTR2,MRTR3,MRTR4,MRTR5,MRTR6,MRTR7,MRTR8,MRTR9,MRTTVx,MRTTVy,MRTTVz,MRTRVx,MRTRVy,MRTRVz,MRGA,SLTx,SLTy,SLTz,SLTR1,SLTR2,SLTR3,SLTR4,SLTR5,SLTR6,SLTR7,SLTR8,SLTR9,SLTTVx,SLTTVy,SLTTVz,SLTRVx,SLTRVy,SLTRVz,SLGA,SRTx,SRTy,SRTz,SRTR1,SRTR2,SRTR3,SRTR4,SRTR5,SRTR6,SRTR7,SRTR8,SRTR9,SRTTVx,SRTTVy,SRTTVz,SRTRVx,SRTRVy,SRTRVz,SRGA
1,0.169907,-0.020638,0.370198,-0.775507,0.400324,-0.488237,-0.510157,-0.852885,0.110904,-0.371053,0.334581,0.866258,-0.0,-0.0,-0.0,0.0,0.0,0.0,-0.212066,-0.200855,-0.059842,0.315414,-0.717469,-0.461141,0.522091,0.685712,-0.598948,0.413515,0.122909,0.655262,0.745244,-0.015818,0.000618,0.00169,-0.002045,0.015205,-0.029245,-0.142085,0.025723,0.023945,1.2e-05,0.748239,0.43778,0.498483,-0.650797,0.630264,0.423355,-0.12884,-0.641182,0.756495,-0.007896,0.000432,0.001007,-0.001656,0.015918,-0.029903,-0.336666,0.087692,0.040169,-0.020662,0.811884,-0.341716,-0.473364,0.439296,0.891604,0.109814,0.384529,-0.297103,0.873994,-2e-06,2e-06,3e-06,-3e-05,5e-06,5.3e-05,-0.399918
2,0.169907,-0.020638,0.370198,-0.775507,0.400324,-0.488237,-0.510157,-0.852885,0.110904,-0.371053,0.334581,0.866258,-0.0,-0.0,-0.0,0.0,0.0,0.0,-0.211637,-0.201021,-0.059833,0.315434,-0.717254,-0.461215,0.522322,0.685921,-0.598802,0.41338,0.123003,0.655343,0.745157,1e-06,6e-06,8e-06,0.0,0.0,0.0,-0.140552,0.025635,0.023951,2.5e-05,0.748012,0.437871,0.498744,-0.651036,0.630114,0.423211,-0.128953,-0.641267,0.756403,-1e-06,1e-06,6e-06,9e-06,9e-06,-5e-06,-0.336013,0.087692,0.040169,-0.020662,0.811884,-0.341716,-0.473364,0.439296,0.891604,0.109814,0.384529,-0.297103,0.873994,-2e-06,2e-06,3e-06,-3.5e-05,3e-06,5.1e-05,-0.400081
3,0.169907,-0.020638,0.370198,-0.775507,0.400324,-0.488237,-0.510157,-0.852885,0.110904,-0.371053,0.334581,0.866258,-0.0,-0.0,-0.0,0.0,0.0,0.0,-0.209779,-0.201068,-0.059827,0.315445,-0.717103,-0.461268,0.522482,0.686067,-0.5987,0.413285,0.123066,0.655399,0.745098,1e-05,8.1e-05,0.000102,0.0,0.0,0.0,-0.138714,0.025611,0.023954,3.1e-05,0.747868,0.437932,0.498906,-0.651188,0.630017,0.423121,-0.129021,-0.641321,0.756346,3e-06,3.7e-05,5e-05,-6e-06,1.8e-05,-6e-06,-0.33487,0.087692,0.040169,-0.020662,0.811884,-0.341716,-0.473364,0.439296,0.891604,0.109814,0.384529,-0.297103,0.873994,-2e-06,2e-06,3e-06,-3.5e-05,5e-06,5e-05,-0.400081
4,0.169906,-0.020622,0.370172,-0.777846,0.395741,-0.488253,-0.505087,-0.855907,0.110823,-0.373079,0.332316,0.866259,-8e-06,-0.000143,-0.000111,1e-06,-0.0,-3e-06,-0.18177,-0.201056,-0.059827,0.315444,-0.718648,-0.461477,0.52017,0.684837,-0.598882,0.415059,0.120874,0.655086,0.745731,-5.7e-05,-0.000482,-0.000609,-0.014182,-0.14036,0.224551,-0.127591,0.025617,0.023955,3.2e-05,0.749267,0.438095,0.496659,-0.650007,0.630104,0.424804,-0.126842,-0.641124,0.756882,-4.1e-05,-0.000331,-0.000419,-0.095907,-0.184973,0.169602,-0.330135,0.087691,0.040177,-0.020675,0.813859,-0.336946,-0.473391,0.433987,0.894223,0.109633,0.386377,-0.294671,0.874002,-6e-06,-8.6e-05,-6.5e-05,-0.000348,2.2e-05,9.9e-05,-0.392406
5,0.169915,-0.020575,0.370104,-0.786523,0.375532,-0.490309,-0.484291,-0.867665,0.112209,-0.382312,0.325235,0.86492,-6e-06,-0.000108,-8.4e-05,-0.109309,-0.217721,-0.100503,-0.094165,-0.201034,-0.059844,0.315421,-0.718637,-0.461482,0.52018,0.684847,-0.598875,0.415052,0.120878,0.65509,0.745728,-6.1e-05,-0.000514,-0.00065,-0.0,-0.0,0.0,-0.07989,0.025628,0.023946,1.9e-05,0.749352,0.438059,0.496563,-0.649917,0.630162,0.424856,-0.126804,-0.641091,0.756916,-3.9e-05,-0.000329,-0.000415,0.012528,-0.088892,0.177294,-0.302702,0.087696,0.0402,-0.020709,0.821065,-0.316606,-0.474986,0.412446,0.904293,0.110193,0.394639,-0.286381,0.873066,-2e-06,-5.2e-05,-4.2e-05,-0.181803,-0.345507,-0.148529,-0.350277
6,0.16995,-0.020493,0.36992,-0.80571,0.328859,-0.492676,-0.436067,-0.892196,0.117491,-0.399928,0.309089,0.862873,0.013614,0.006989,-0.012218,0.694466,-0.516888,-1.547191,0.049213,-0.20113,-0.059896,0.315277,-0.721368,-0.462023,0.515902,0.682689,-0.599094,0.418277,0.116718,0.654507,0.746901,-0.01624,-0.002897,-0.002763,-0.989162,-1.886476,1.716915,0.018878,0.025587,0.023925,-4.7e-05,0.750561,0.438304,0.494515,-0.64891,0.63021,0.426321,-0.12479,-0.640877,0.757432,-0.000198,-0.001691,-0.002137,0.000335,0.000615,-0.00056,-0.226608,0.087709,0.040242,-0.020793,0.836234,-0.270122,-0.477227,0.363929,0.924363,0.114492,0.410204,-0.269419,0.871289,-2.7e-05,-0.000921,-0.000717,2.455369,-1.144775,-4.965466,-0.248221
7,0.169955,-0.020449,0.369773,-0.811015,0.312595,-0.494555,-0.419448,-0.899942,0.11891,-0.406896,0.303483,0.861603,-0.000229,-0.003922,-0.00305,-0.045974,-0.090306,-0.082832,0.099752,-0.20124,-0.059935,0.3151,-0.721146,-0.46211,0.516134,0.682884,-0.599079,0.41798,0.116949,0.65446,0.746907,-0.017135,0.004644,-0.015496,0.032563,0.01706,-0.036966,0.067313,0.025532,0.023905,-0.000128,0.751808,0.438534,0.492413,-0.647848,0.630319,0.427772,-0.122785,-0.640612,0.757983,-0.000367,-0.00311,-0.003935,-0.001114,0.014224,-0.026887,-0.16913,0.087716,0.040269,-0.02087,0.840371,-0.25121,-0.480279,0.344909,0.931398,0.116337,0.418106,-0.263419,0.869365,-0.000189,0.003494,-0.005922,0.010979,-0.112579,-0.065926,-0.17474
8,0.16995,-0.020346,0.36936,-0.818554,0.282687,-0.500102,-0.390474,-0.912301,0.123325,-0.420367,0.295868,0.857777,-0.000281,-0.004813,-0.00375,-0.028269,-0.054993,-0.024687,0.212491,-0.201711,-0.060032,0.314482,-0.724691,-0.463123,0.510227,0.68006,-0.599463,0.422016,0.111318,0.653392,0.748699,-0.017688,0.000239,-0.02114,0.024552,0.001634,-0.022842,0.148172,0.025297,0.023859,-0.000434,0.755267,0.439342,0.486364,-0.644884,0.630638,0.431763,-0.117028,-0.639745,0.759625,-0.008629,-0.005626,-0.006703,-0.031598,-0.009083,-0.034646,-0.045193,0.087713,0.040318,-0.021078,0.84555,-0.220615,-0.486181,0.31487,0.941466,0.120402,0.431161,-0.25489,0.865523,-0.000264,0.002189,-0.006937,0.032886,-0.012481,-0.021657,-0.017491
9,0.169931,-0.020276,0.368896,-0.820222,0.267405,-0.505743,-0.377705,-0.91708,0.127569,-0.428678,0.295319,0.853843,-0.000585,0.003559,-0.014523,-0.033721,-0.136065,-0.071729,0.28715,-0.202589,-0.060075,0.313415,-0.728062,-0.464205,0.504411,0.677254,-0.600305,0.425316,0.106273,0.651849,0.750774,-0.034193,-0.00399,-0.025791,0.001969,-0.006209,-0.044857,0.173754,0.024871,0.023837,-0.000952,0.758467,0.440191,0.480581,-0.642016,0.631396,0.434917,-0.111991,-0.638412,0.761503,-0.017394,0.002837,-0.017899,-0.262617,-0.595696,0.501855,0.02045,0.087704,0.040351,-0.021305,0.846191,-0.205602,-0.491616,0.301813,0.945245,0.124175,0.439168,-0.253452,0.861911,-0.000275,0.001985,-0.0071,-0.04276,-0.161049,-0.089887,0.115591
10,0.169921,-0.020256,0.368666,-0.819619,0.265607,-0.507664,-0.377069,-0.917168,0.128813,-0.430384,0.296666,0.852517,-0.000366,-0.006263,-0.004896,-0.043889,-0.071227,-0.06369,0.320282,-0.203096,-0.060009,0.312767,-0.729187,-0.464584,0.502433,0.676243,-0.601003,0.42594,0.104986,0.650936,0.751748,-0.034882,0.005494,-0.036166,0.065096,0.033905,-0.07399,0.177142,0.02461,0.023867,-0.001288,0.759637,0.440529,0.478418,-0.64089,0.632066,0.435604,-0.110496,-0.637515,0.762472,-0.00951,0.002277,-0.019096,0.08073,-0.052502,0.101679,0.034983,0.087699,0.040362,-0.02142,0.845437,-0.2038,-0.49366,0.301148,0.945282,0.125498,0.441072,-0.254766,0.860551,-0.000292,0.001685,-0.007336,-0.014693,-0.097265,-0.053355,0.168823
11,0.169912,-0.020214,0.368204,-0.823512,0.249274,-0.509643,-0.35993,-0.92392,0.12959,-0.437546,0.289839,0.851219,-0.000588,0.003527,-0.014562,0.038561,-0.006277,-0.020771,0.361846,-0.204247,-0.059637,0.311225,-0.732688,-0.465659,0.496307,0.67308,-0.602995,0.428128,0.100822,0.648319,0.754573,-0.035333,0.017021,-0.04403,0.101503,0.022474,-0.056258,0.190101,0.024021,0.024049,-0.00208,0.76297,0.441416,0.472257,-0.637645,0.633961,0.437608,-0.106226,-0.635015,0.76516,-0.017645,0.008488,-0.022021,0.103546,0.026318,-0.059649,0.051965,0.087694,0.04038,-0.021653,0.848069,-0.187157,-0.495731,0.283436,0.950681,0.125969,0.447707,-0.247339,0.859291,-0.000276,0.001917,-0.007161,0.069187,0.000548,-0.014291,0.249489
12,0.16989,-0.020176,0.367701,-0.822842,0.247492,-0.511589,-0.359061,-0.924154,0.130333,-0.439511,0.290621,0.849939,-0.000647,0.002513,-0.01537,0.034623,0.001105,-0.006791,0.389564,-0.205456,-0.058967,0.309488,-0.735797,-0.466909,0.4905,0.670193,-0.605309,0.429392,0.097334,0.645256,0.757651,-0.035238,0.018113,-0.042814,0.101486,0.022221,-0.056388,0.231906,0.023442,0.024369,-0.002918,0.76603,0.442445,0.466302,-0.634591,0.636113,0.438922,-0.102422,-0.63214,0.768054,-0.009629,0.00888,-0.022011,0.105359,0.010446,-0.03012,0.087563,0.087684,0.040401,-0.021903,0.847337,-0.185565,-0.497578,0.282578,0.950853,0.126599,0.449632,-0.247877,0.85813,-0.000309,0.001363,-0.007599,0.038929,0.009534,-0.002932,0.301089
13,0.16989,-0.020146,0.367438,-0.822101,0.245818,-0.513583,-0.358521,-0.924208,0.13143,-0.441332,0.291867,0.848568,-0.000651,0.00246,-0.015418,0.012868,-0.041071,-0.025935,0.401759,-0.206021,-0.058591,0.308661,-0.738094,-0.467621,0.486354,0.668074,-0.60659,0.430884,0.094447,0.643535,0.759477,-0.035168,0.01876,-0.042057,0.093411,0.006577,-0.042479,0.255463,0.023133,0.02457,-0.003365,0.768212,0.443055,0.462117,-0.632414,0.637386,0.440216,-0.099507,-0.630429,0.769842,-0.01755,0.009433,-0.020937,0.096474,0.012246,-0.047465,0.118751,0.087683,0.040416,-0.02204,0.846406,-0.183926,-0.499767,0.282085,0.950837,0.127811,0.45169,-0.249157,0.856677,-0.00032,0.00119,-0.00774,0.030214,-0.013735,-0.018121,0.321663
14,0.169889,-0.020071,0.366911,-0.821351,0.244123,-0.515589,-0.357702,-0.924441,0.132023,-0.443384,0.292555,0.84726,-0.00038,-0.006485,-0.005114,-0.069449,-0.120576,-0.086554,0.423553,-0.207142,-0.057688,0.30706,-0.740591,-0.466587,0.483543,0.665452,-0.608429,0.432345,0.093398,0.642547,0.760443,-0.034582,0.023132,-0.03647,0.018276,0.101293,0.023579,0.298629,0.022585,0.025008,-0.004157,0.770508,0.442036,0.459261,-0.629812,0.638986,0.441624,-0.098248,-0.629523,0.770744,-0.009317,0.011256,-0.019002,-0.003181,0.116225,0.062722,0.179332,0.087683,0.040452,-0.022299,0.845717,-0.18274,-0.501366,0.281401,0.951008,0.128046,0.453404,-0.249376,0.855707,-0.000296,0.0016,-0.007423,-0.086983,-0.223356,-0.100919,0.355465
15,0.1699,-0.019975,0.366412,-0.821237,0.244234,-0.515719,-0.357318,-0.924741,0.130955,-0.443905,0.291511,0.847347,-0.000554,0.004113,-0.014133,0.034842,0.001547,-0.00659,0.440432,-0.208146,-0.056712,0.305684,-0.736785,-0.471559,0.484532,0.669765,-0.606387,0.428538,0.092651,0.64085,0.761965,-0.018135,0.026354,-0.033066,0.034714,-0.084415,-0.090293,0.32883,0.02209,0.025485,-0.004835,0.767221,0.446582,0.460365,-0.633872,0.637467,0.437996,-0.097867,-0.627852,0.772154,-0.009113,0.012788,-0.017025,-0.721567,-0.632815,-1.453008,0.228319,0.087689,0.040496,-0.022545,0.845547,-0.182587,-0.501707,0.280884,0.951276,0.127185,0.45404,-0.248463,0.855636,-0.00028,0.001851,-0.007229,0.035843,0.004025,-0.005033,0.384367
16,0.169966,-0.019844,0.365927,-0.821004,0.244505,-0.51596,-0.357084,-0.925001,0.129754,-0.44452,0.29046,0.847385,-0.000536,0.004428,-0.01389,0.034857,0.001588,-0.006571,0.456022,-0.208885,-0.055799,0.304606,-0.724862,-0.487489,0.486746,0.684177,-0.591143,0.427066,0.08045,0.643191,0.761378,-0.017321,0.018147,-0.021069,-0.003946,-0.05877,-0.133119,0.35219,0.021707,0.025955,-0.005389,0.755834,0.463284,0.462689,-0.649145,0.622577,0.437044,-0.085584,-0.630685,0.771304,-0.008793,0.014874,-0.014295,-0.132262,-0.239059,-0.360387,0.26457,0.087721,0.040564,-0.022792,0.845335,-0.18293,-0.50194,0.280681,0.951502,0.125934,0.454561,-0.247342,0.855684,-0.000238,0.002593,-0.006645,0.034491,0.001718,-0.005896,0.407228
17,0.17002,-0.01975,0.365673,-0.820174,0.242928,-0.518022,-0.356615,-0.925046,0.130716,-0.446423,0.291636,0.845979,-0.000514,0.004792,-0.013604,-0.033576,-0.131167,-0.067518,0.46385,-0.209163,-0.055311,0.30413,-0.719423,-0.494243,0.488003,0.69058,-0.583309,0.427533,0.074248,0.645198,0.760309,-0.017527,0.030361,-0.027826,-0.032676,0.128054,0.110651,0.361916,0.021568,0.026195,-0.005624,0.750406,0.470917,0.463818,-0.656212,0.614875,0.437392,-0.079215,-0.632585,0.770428,-0.008523,0.009838,-0.009516,-0.155706,0.22028,0.091135,0.280572,0.087748,0.040611,-0.022919,0.84443,-0.181643,-0.503927,0.280343,0.951487,0.126803,0.456447,-0.248349,0.854387,0.00678,0.002555,-0.006866,-0.060327,-0.207486,-0.030051,0.418821
18,0.170212,-0.0195,0.365108,-0.819099,0.241636,-0.520322,-0.356064,-0.925256,0.130736,-0.448825,0.292047,0.844566,0.013326,0.015011,-0.023282,0.05811,-0.050077,0.030363,0.477914,-0.209532,-0.054396,0.303293,-0.702142,-0.51594,0.490707,0.709951,-0.558741,0.428616,0.053913,0.64997,0.757955,-0.001445,0.031071,-0.027615,-2.87459,-2.111472,-3.960995,0.370568,0.021379,0.026654,-0.006039,0.736665,0.489771,0.466314,-0.673324,0.595365,0.438378,-0.062922,-0.636918,0.768359,-0.008434,0.0104,-0.008785,-0.427688,0.547465,0.071818,0.301637,0.087839,0.040732,-0.023198,0.843171,-0.180106,-0.50658,0.279667,0.95164,0.127149,0.459182,-0.248882,0.852765,-0.000221,0.002848,-0.006446,0.039677,-0.01162,0.013044,0.441192
19,0.170486,-0.019174,0.364471,-0.816574,0.236855,-0.526452,-0.354725,-0.925333,0.133795,-0.454441,0.295699,0.840281,-0.000657,0.01604,-0.022084,-0.184218,-0.518849,-0.191489,0.488948,-0.209605,-0.05351,0.302543,-0.682972,-0.538841,0.493143,0.729801,-0.52941,0.432493,0.028881,0.655948,0.754163,-0.00128,0.032185,-0.026147,-0.076982,0.153435,0.161225,0.377459,0.021342,0.02711,-0.006424,0.715923,0.516764,0.469477,-0.697328,0.562445,0.444284,-0.034465,-0.645453,0.763021,-0.00061,0.016156,-0.012985,-0.093209,0.169912,0.16787,0.31421,0.087981,0.040893,-0.023518,0.841176,-0.177235,-0.51089,0.278619,0.951757,0.128565,0.463457,-0.250489,0.849977,0.00677,0.002346,-0.007039,0.051924,0.008885,0.026637,0.459154
20,0.170643,-0.018988,0.36413,-0.81564,0.23535,-0.528571,-0.354213,-0.925438,0.134428,-0.456512,0.296573,0.83885,0.013575,0.005667,-0.013294,-0.002595,-0.102051,0.013438,0.492733,-0.209551,-0.053053,0.302164,-0.669736,-0.553047,0.495564,0.742436,-0.507269,0.437495,0.010264,0.661619,0.749679,-0.00085,0.021495,-0.017384,-2.985589,-2.095284,-3.897064,0.379127,0.021363,0.027323,-0.006598,0.705908,0.528512,0.471559,-0.70802,0.545312,0.44871,-0.019998,-0.650622,0.759137,-0.0004,0.010783,-0.008646,-0.321788,0.503289,0.130865,0.318945,0.088055,0.04099,-0.023692,0.839283,-0.174124,-0.515056,0.277775,0.951685,0.1309,0.467379,-0.252932,0.847101,-0.00033,0.007788,-0.01123,0.0521,-0.057668,-0.018323,0.466339
21,0.170988,-0.018551,0.363357,-0.81459,0.225437,-0.534479,-0.346921,-0.927773,0.137313,-0.463911,0.296989,0.834632,0.013323,0.015137,-0.023179,-0.181381,-0.530326,-0.162421,0.494398,-0.209392,-0.052266,0.301497,-0.654162,-0.566955,0.500625,0.756055,-0.475157,0.450046,-0.016464,0.673608,0.738814,-0.000855,0.021492,-0.017391,-3.20942,-2.049182,-3.537733,0.379013,0.021449,0.027726,-0.006938,0.690863,0.543443,0.47684,-0.722961,0.513923,0.461746,0.005874,-0.663741,0.747939,0.00773,0.005125,-0.005036,-0.096126,0.105779,0.12096,0.322538,0.088227,0.041201,-0.024065,0.838462,-0.166013,-0.519056,0.270538,0.953614,0.132015,0.473064,-0.251114,0.844482,0.006764,0.002219,-0.007144,0.052954,0.011285,0.028162,0.474993
22,0.171319,-0.01813,0.362532,-0.815467,0.220343,-0.535263,-0.344764,-0.927677,0.143264,-0.463974,0.301087,0.833127,0.013412,0.002724,-0.015657,-1.808001,1.430671,-1.450495,0.491138,-0.209166,-0.051527,0.300932,-0.633037,-0.580537,0.512087,0.772787,-0.436695,0.460469,-0.042904,0.687949,0.724396,-0.000727,0.022413,-0.016175,-1.112257,-0.524081,-0.776108,0.378884,0.021561,0.028094,-0.007221,0.668918,0.559552,0.489335,-0.742556,0.472865,0.47435,0.034034,-0.68066,0.731807,0.007506,0.01114,-0.008572,-3.229968,-2.145838,-3.681279,0.323028,0.088392,0.041424,-0.024487,0.836964,-0.160497,-0.523192,0.268425,0.953523,0.136898,0.476904,-0.255017,0.841146,-0.000387,0.00679,-0.012023,-0.015597,-0.175662,-0.063357,0.475483
23,0.171644,-0.017636,0.36153,-0.815146,0.215954,-0.537537,-0.342548,-0.927986,0.14654,-0.466172,0.303309,0.831092,0.013115,0.011392,-0.026183,0.003381,-0.156469,-0.020359,0.476289,-0.208904,-0.050903,0.30056,-0.616117,-0.58151,0.531261,0.785494,-0.404961,0.46791,-0.056187,0.706311,0.705572,0.015761,0.01284,-0.006653,-0.219289,0.954886,0.010071,0.378681,0.021686,0.028409,-0.007413,0.651551,0.563499,0.507887,-0.757103,0.440921,0.482061,0.047703,-0.69861,0.713909,-8e-05,0.006286,-0.003145,0.281473,2.428519,-1.488499,0.323028,0.088555,0.041669,-0.024983,0.837581,-0.155183,-0.523808,0.265783,0.953437,0.142529,0.477301,-0.258599,0.839826,0.006568,0.005594,-0.013177,-0.017688,-0.197491,-0.03467,0.465359
24,0.171793,-0.017364,0.36097,-0.815678,0.213245,-0.537811,-0.341122,-0.928075,0.149281,-0.466285,0.304954,0.830427,0.01307,0.010551,-0.026863,0.044767,-0.07596,0.017675,0.468029,-0.208751,-0.050692,0.300454,-0.607545,-0.584839,0.537442,0.791498,-0.390255,0.470281,-0.064542,0.711827,0.699285,0.016055,0.001167,0.000814,-0.41421,0.065854,-0.162546,0.377633,0.021769,0.028521,-0.007465,0.643911,0.565474,0.515379,-0.763115,0.426195,0.485809,0.055061,-0.706112,0.705954,0.008042,0.000599,0.000423,-0.368569,0.040922,-0.183065,0.323028,0.088635,0.041809,-0.025273,0.837727,-0.152142,-0.524465,0.264248,0.953415,0.145506,0.477896,-0.260483,0.838906,0.006545,0.005167,-0.013522,0.073611,-0.038558,0.030336,0.455725
25,0.172085,-0.016676,0.359599,-0.8167,0.207845,-0.538375,-0.337943,-0.928448,0.154116,-0.466809,0.307542,0.829177,0.012749,0.018878,-0.037656,-0.079677,-0.383219,-0.137514,0.451365,-0.208333,-0.050458,0.300503,-0.589112,-0.595299,0.546405,0.802947,-0.3562,0.477841,-0.089095,0.720973,0.687113,0.000558,0.003915,0.005168,-0.366143,0.287771,0.411222,0.376147,0.021971,0.028633,-0.007447,0.624941,0.578477,0.524225,-0.776711,0.39318,0.492065,0.078533,-0.714684,0.695024,0.00822,0.001915,0.002154,-0.014815,-0.121842,0.228874,0.322048,0.088776,0.042139,-0.02593,0.839138,-0.148173,-0.523345,0.261301,0.953694,0.148958,0.47704,-0.261747,0.838999,0.006409,0.009696,-0.018625,-0.129116,-0.509291,-0.167995,0.432374
26,0.172301,-0.015917,0.358157,-0.818485,0.204214,-0.537052,-0.334939,-0.929037,0.157093,-0.465847,0.308198,0.829475,0.012756,0.019055,-0.037519,0.039318,-0.166667,-0.002208,0.445389,-0.207977,-0.050416,0.300748,-0.563263,-0.614586,0.552278,0.818212,-0.322354,0.475973,-0.113795,0.72074,0.683702,0.000976,-0.006985,0.013654,-0.043845,-0.006055,-0.000313,0.377316,0.022157,0.028658,-0.007319,0.601229,0.597311,0.530793,-0.792372,0.359787,0.492644,0.103289,-0.716778,0.689607,0.000491,-0.003513,0.006799,-0.025821,-0.027771,-0.000436,0.322211,0.088884,0.042523,-0.026667,0.840004,-0.143243,-0.523329,0.257985,0.953959,0.152984,0.477321,-0.263519,0.838284,-0.00062,0.009367,-0.018695,0.014753,-0.186288,-0.072052,0.417025
27,0.172371,-0.015521,0.35741,-0.818931,0.201581,-0.537367,-0.33331,-0.929253,0.159267,-0.466229,0.309282,0.828856,0.012756,0.019073,-0.037507,-0.071862,0.0648,-0.088765,0.445393,-0.207835,-0.050413,0.300865,-0.549712,-0.622852,0.556654,0.826006,-0.306469,0.472996,-0.123324,0.720582,0.682214,0.00038,0.002696,0.00355,-0.007342,-0.005916,-0.00956,0.3772,0.022227,0.028661,-0.007258,0.588056,0.606283,0.535359,-0.800923,0.344236,0.48992,0.112741,-0.716883,0.688017,0.00023,0.001599,0.002104,-0.023851,-0.029794,-0.026557,0.321068,0.088919,0.042721,-0.027041,0.839969,-0.140316,-0.524177,0.256275,0.954049,0.15528,0.478303,-0.264764,0.837332,-0.000618,0.009389,-0.018679,-0.472135,0.510065,-0.483382,0.413596
28,0.172462,-0.014828,0.35601,-0.819612,0.192424,-0.53968,-0.325145,-0.93176,0.16148,-0.470764,0.307581,0.826923,-0.001243,0.019676,-0.036631,0.097135,-0.038609,0.02286,0.445743,-0.207631,-0.050347,0.300994,-0.519961,-0.643174,0.562102,0.840795,-0.269782,0.469271,-0.14953,0.717412,0.680312,0.0161,0.0017,0.00148,-0.000221,-0.017096,0.026504,0.379611,0.022323,0.028694,-0.007194,0.55923,0.627932,0.54126,-0.81726,0.308037,0.487029,0.139093,-0.714712,0.685447,0.000172,0.001182,0.001557,-0.005069,-0.022702,0.017921,0.323028,0.088969,0.043066,-0.027742,0.840035,-0.131024,-0.526471,0.24783,0.955908,0.157538,0.482617,-0.262813,0.835469,0.006396,0.009417,-0.018855,0.128081,-0.015207,0.063783,0.4118
29,0.172483,-0.014289,0.354775,-0.818151,0.183625,-0.544937,-0.321186,-0.931966,0.16808,-0.475985,0.312307,0.822149,-0.000979,0.010183,-0.026834,0.027196,0.009297,-0.199948,0.447994,-0.207486,-0.050308,0.301004,-0.489141,-0.662027,0.567849,0.854151,-0.232223,0.465224,-0.175513,0.713409,0.678312,2e-06,1.6e-05,2.1e-05,-0.084738,-0.069423,-0.101222,0.380406,0.022402,0.028716,-0.007186,0.529413,0.648015,0.547537,-0.832147,0.271071,0.483787,0.16508,-0.711755,0.682753,-5e-06,-8.5e-05,-0.000108,-0.285582,-0.235514,-0.337761,0.32564,0.08898,0.043334,-0.028355,0.837803,-0.122496,-0.532052,0.243982,0.955787,0.164136,0.488423,-0.267325,0.830649,-0.000483,0.004821,-0.013639,0.056959,-0.041942,-0.047392,0.412616
30,0.17244,-0.013951,0.353878,-0.815273,0.175765,-0.551799,-0.318187,-0.932071,0.173127,-0.482876,0.316497,0.816509,-0.000674,0.001498,-0.016381,-0.011037,-0.086407,-0.0506,0.450223,-0.207217,-0.050321,0.30094,-0.45643,-0.678406,0.575698,0.866801,-0.193361,0.459567,-0.199887,0.709616,0.67554,0.01569,-0.00122,-0.002371,-3.177879,-2.550491,-3.708815,0.380488,0.022531,0.028709,-0.007219,0.501321,0.662974,0.556005,-0.845177,0.237556,0.478792,0.185345,-0.709951,0.679422,0.007833,-0.000765,-0.001385,0.007316,-0.005334,0.020316,0.32662,0.088958,0.043509,-0.028818,0.834442,-0.114813,-0.539001,0.240772,0.955725,0.169166,0.495714,-0.270936,0.825142,-0.000421,0.00611,-0.012584,0.058611,-0.053906,-0.022703,0.415392
31,0.172407,-0.013846,0.353542,-0.814773,0.167058,-0.555233,-0.311395,-0.933846,0.175885,-0.488109,0.31599,0.813589,-0.000544,0.004051,-0.014285,-0.013597,-0.106153,-0.028373,0.45092,-0.20703,-0.050339,0.300889,-0.446259,-0.682486,0.578841,0.870541,-0.18152,0.457321,-0.206488,0.708833,0.674375,0.015586,-0.001983,-0.00338,-0.012351,0.094637,-0.170253,0.38018,0.022624,0.028701,-0.007243,0.487626,0.670399,0.559272,-0.850713,0.220872,0.476971,0.196233,-0.708364,0.67802,-3.6e-05,-0.000323,-0.000421,-0.014266,0.090226,-0.170395,0.32662,0.088942,0.043556,-0.028984,0.83336,-0.10626,-0.542418,0.233815,0.95699,0.171753,0.500839,-0.269958,0.822363,-0.000275,0.001711,-0.0074,-0.002413,-0.085134,-0.059931,0.417025
32,0.172328,-0.013763,0.353136,-0.812371,0.161334,-0.56042,-0.309781,-0.93356,0.180202,-0.493106,0.319792,0.809077,-0.000407,0.006718,-0.012091,-0.007703,-0.094789,-0.022776,0.451984,-0.206467,-0.050396,0.300785,-0.41676,-0.694896,0.586022,0.87976,-0.146412,0.45224,-0.22794,0.704894,0.671589,0.015559,-0.002205,-0.003687,-0.303143,-0.129759,-0.503466,0.380358,0.0229,0.028673,-0.007294,0.460136,0.683291,0.56691,-0.861048,0.187734,0.4726,0.216495,-0.705597,0.67473,0.007752,-0.000615,-0.001365,-3.244436,-2.515761,-3.674454,0.326783,0.088902,0.043598,-0.029193,0.830649,-0.100827,-0.54759,0.232107,0.956645,0.175941,0.50611,-0.273245,0.818039,-9.8e-05,-0.002086,-0.00172,-0.028878,-0.051868,-0.06507,0.419148
33,0.172261,-0.013767,0.353042,-0.811694,0.152677,-0.563815,-0.303379,-0.935026,0.183466,-0.498165,0.319773,0.80598,-8e-06,-0.000149,-0.000123,-0.110849,-0.213017,-0.107114,0.453129,-0.205788,-0.050447,0.300631,-0.391265,-0.704487,0.592116,0.886461,-0.115986,0.447961,-0.246418,0.701031,0.669102,0.01552,-0.002529,-0.004131,-0.306397,-0.127778,-0.502462,0.380785,0.023245,0.028647,-0.007372,0.434305,0.694516,0.573607,-0.86932,0.156385,0.468855,0.235924,-0.702275,0.671676,0.007817,-0.000837,-0.001522,-1.004674,-0.666432,-1.264527,0.326947,0.088869,0.043598,-0.029245,0.829716,-0.092962,-0.550388,0.225648,0.957734,0.178402,0.510542,-0.272217,0.815624,1e-05,0.000106,8.6e-05,-0.185753,-0.327948,-0.148097,0.420944
34,0.172262,-0.01377,0.353066,-0.811541,0.152888,-0.563978,-0.303623,-0.93497,0.183347,-0.498266,0.319835,0.805893,4.7e-05,0.000898,0.000742,-0.001905,-0.003664,-0.001842,0.454248,-0.205367,-0.050448,0.300521,-0.381218,-0.70842,0.593974,0.888626,-0.103868,0.446641,-0.25424,0.698965,0.668336,0.031333,-0.002905,-0.005448,-0.00965,0.080001,-0.140178,0.38088,0.023461,0.028645,-0.007429,0.424019,0.699059,0.57578,-0.872124,0.14379,0.467677,0.244143,-0.700456,0.670636,0.015675,-0.001448,-0.002725,-0.007806,0.0805,-0.139025,0.32711,0.088869,0.043597,-0.029232,0.829289,-0.092568,-0.551098,0.225724,0.957639,0.178814,0.511201,-0.272685,0.815055,3.8e-05,0.000714,0.000589,0.010184,0.014766,0.004587,0.421597
35,0.172298,-0.013727,0.353153,-0.811196,0.153363,-0.564345,-0.304165,-0.934848,0.183068,-0.498496,0.319962,0.8057,9.4e-05,0.001812,0.001495,-0.0,-1e-06,-0.0,0.458171,-0.204468,-0.050451,0.300263,-0.36155,-0.716077,0.597083,0.892222,-0.08013,0.444357,-0.269899,0.694274,0.667085,0.031307,-0.003161,-0.005833,-0.007902,0.066095,-0.114985,0.381716,0.023911,0.028643,-0.007558,0.404771,0.707519,0.57929,-0.876701,0.1202,0.465775,0.259914,-0.696396,0.668936,0.015651,-0.001653,-0.00302,-0.006394,0.066724,-0.113856,0.32809,0.088887,0.043621,-0.029186,0.829061,-0.093216,-0.551333,0.226314,0.957574,0.178416,0.511311,-0.272692,0.814984,6.1e-05,0.001176,0.00097,-0.000498,0.000672,0.001292,0.42568
36,0.172311,-0.013659,0.353197,-0.810704,0.154032,-0.564869,-0.304844,-0.934732,0.182532,-0.498881,0.319979,0.805455,6.1e-05,0.001172,0.000967,-0.0,-0.0,-0.0,0.460478,-0.203509,-0.050522,0.299876,-0.337813,-0.725362,0.59977,0.895351,-0.051413,0.442308,-0.289576,0.68732,0.666033,0.015115,-0.005863,-0.008607,-0.014108,0.093576,-0.172008,0.381282,0.024385,0.028613,-0.007744,0.381597,0.717805,0.582356,-0.880954,0.0917,0.46423,0.279825,-0.690179,0.667345,0.015482,-0.003067,-0.004917,-0.003812,-0.022013,0.025281,0.328253,0.088894,0.043658,-0.029163,0.828629,-0.093966,-0.551854,0.227051,0.957498,0.177888,0.511685,-0.272702,0.814746,3.5e-05,0.000708,0.000585,-0.000519,0.000179,0.000809,0.430252
37,0.172312,-0.013645,0.353208,-0.810459,0.154366,-0.565131,-0.305189,-0.93467,0.182275,-0.49907,0.32,0.80533,4.1e-05,0.000787,0.000649,-0.0,-0.0,-0.0,0.460502,-0.203028,-0.050591,0.299636,-0.328218,-0.728836,0.600885,0.89637,-0.039883,0.441435,-0.29736,0.684404,0.665607,0.030915,-0.006482,-0.010315,-0.009717,0.080141,-0.140131,0.381268,0.02462,0.028577,-0.007866,0.372166,0.721664,0.583688,-0.882454,0.080194,0.463511,0.287691,-0.687581,0.666681,0.015463,-0.003288,-0.005225,0.00562,-0.030071,0.059261,0.328253,0.088895,0.043665,-0.029157,0.828412,-0.094336,-0.552116,0.227421,0.957457,0.177636,0.511871,-0.272718,0.814624,2.3e-05,0.000463,0.000382,-0.000437,0.000151,0.000648,0.430905
38,0.172302,-0.013653,0.353215,-0.810105,0.154846,-0.565506,-0.305698,-0.934571,0.181926,-0.499331,0.320055,0.805146,0.0,0.0,0.0,-0.0,-0.0,-0.0,0.459852,-0.20206,-0.050705,0.299049,-0.305576,-0.737738,0.601961,0.89771,-0.012706,0.440328,-0.316818,0.675853,0.665367,0.030814,-0.007573,-0.011843,-0.995676,-0.746443,-1.06978,0.381189,0.025098,0.028518,-0.008153,0.354122,0.729429,0.585261,-0.884628,0.058264,0.462642,0.303365,-0.68157,0.665906,0.015409,-0.003853,-0.006018,-0.008151,0.080846,-0.138941,0.328416,0.088889,0.043662,-0.029153,0.828101,-0.094867,-0.552491,0.227966,0.95739,0.177295,0.512131,-0.272767,0.814443,-2e-06,-2.5e-05,-2.3e-05,-0.000302,7.3e-05,0.000436,0.431558
39,0.172301,-0.01366,0.353209,-0.810796,0.150338,-0.565733,-0.300459,-0.936312,0.181702,-0.501381,0.317111,0.805037,-0.0,-0.0,-0.0,0.0,-0.0,-0.0,0.459153,-0.201252,-0.050795,0.29838,-0.293116,-0.74116,0.603951,0.897485,0.004224,0.44095,-0.329,0.672203,0.663148,0.030103,0.001337,-0.023068,0.022081,0.073423,-0.11938,0.380416,0.025519,0.028473,-0.008497,0.337735,0.735266,0.587637,-0.885259,0.036035,0.463699,0.319767,-0.676819,0.663071,0.015048,0.000538,-0.011715,0.042843,0.059213,-0.125422,0.327926,0.088889,0.043658,-0.029156,0.828436,-0.090318,-0.552751,0.222609,0.958708,0.176984,0.513943,-0.269667,0.814334,2e-06,-3e-06,-4e-06,-0.00032,0.00011,0.000421,0.430742
40,0.172313,-0.013661,0.353221,-0.810559,0.150665,-0.565986,-0.300809,-0.936244,0.181472,-0.501555,0.317155,0.804911,0.0,0.0,0.0,-0.0,-0.0,-0.0,0.458545,-0.200584,-0.050824,0.297588,-0.273212,-0.745885,0.607455,0.898733,0.027023,0.437588,-0.342465,0.666417,0.66217,0.014337,0.00216,-0.021131,0.009478,-0.032596,-0.007938,0.379971,0.025847,0.028454,-0.00889,0.318058,0.740883,0.591548,-0.887559,0.013347,0.460498,0.333281,-0.6715,0.661823,0.007164,0.000918,-0.010787,-0.053283,-0.079627,-0.076807,0.327436,0.088895,0.043657,-0.02915,0.828228,-0.090678,-0.553004,0.222981,0.958663,0.17676,0.514117,-0.269707,0.814211,2e-06,-6e-06,-6e-06,-0.000201,7.2e-05,0.000313,0.429762
41,0.172313,-0.013669,0.353228,-0.810493,0.150756,-0.566056,-0.300916,-0.93622,0.181424,-0.501598,0.317185,0.804873,0.0,0.0,0.0,-0.0,-0.0,-0.0,0.458295,-0.200293,-0.05079,0.297164,-0.263937,-0.748835,0.607927,0.898733,0.037683,0.436799,-0.34967,0.662578,0.662258,0.01428,0.001623,-0.021886,0.034712,0.000933,-0.003609,0.376414,0.025998,0.028473,-0.009109,0.308901,0.744233,0.592196,-0.888001,0.002678,0.459833,0.340637,-0.667914,0.661707,0.007159,0.000837,-0.010911,0.036308,0.001091,-0.002709,0.32564,0.088895,0.043653,-0.029147,0.82817,-0.09078,-0.553075,0.223096,0.958645,0.176713,0.51416,-0.269737,0.814174,3e-06,-4e-06,-7e-06,-0.000168,5.5e-05,0.000262,0.429109
42,0.172313,-0.01367,0.35324,-0.810267,0.151066,-0.566296,-0.301248,-0.936155,0.181207,-0.501762,0.317228,0.804753,7e-05,0.001357,0.001119,0.000842,-0.013297,0.025555,0.45759,-0.19981,-0.050661,0.296401,-0.246755,-0.756043,0.606219,0.897446,0.057564,0.437276,-0.365188,0.652885,0.663507,-0.001328,0.004044,-0.017736,0.033897,0.001733,-0.00831,0.367584,0.02624,0.028533,-0.009487,0.291996,0.752113,0.590816,-0.887462,-0.017243,0.460555,0.356577,-0.658808,0.662437,0.007036,0.007429,-0.013643,0.072897,-0.024815,0.035861,0.316986,0.088895,0.043649,-0.029143,0.827982,-0.091104,-0.553303,0.223432,0.958603,0.176512,0.514318,-0.269774,0.814062,4e-06,-2e-06,-5e-06,-0.000101,4e-05,0.000159,0.428782
43,0.172304,-0.013672,0.353265,-0.811008,0.146461,-0.566446,-0.295926,-0.937871,0.1811,-0.503724,0.314312,0.804672,7e-06,0.000126,0.000104,0.0,-0.0,-0.0,0.45606,-0.19944,-0.05043,0.295714,-0.230583,-0.760506,0.607004,0.895426,0.078133,0.438226,-0.380412,0.645516,0.662162,0.014727,0.005319,-0.016993,0.005476,0.006102,0.028553,0.361794,0.026419,0.028648,-0.009831,0.276177,0.757084,0.592072,-0.88611,-0.037991,0.461913,0.372201,-0.652211,0.660368,-0.000544,0.002914,-0.007673,0.009246,-0.021131,-0.002492,0.306862,0.08889,0.043652,-0.029128,0.82835,-0.086461,-0.553498,0.217998,0.959892,0.176306,0.516055,-0.266704,0.813975,5e-06,7.8e-05,6.2e-05,0.005639,-0.091698,0.176597,0.427312
44,0.172316,-0.013653,0.353294,-0.810887,0.14663,-0.566574,-0.296111,-0.937833,0.180992,-0.503809,0.314346,0.804606,1.9e-05,0.000374,0.000308,-0.0,-0.0,-0.0,0.455089,-0.199177,-0.050134,0.295032,-0.218994,-0.763443,0.607609,0.893513,0.0931,0.439206,-0.391603,0.640034,0.660959,-0.001605,0.017132,-0.023314,0.035173,0.016757,0.060685,0.35426,0.026556,0.028792,-0.01017,0.264711,0.760499,0.592932,-0.884761,-0.053033,0.463016,0.383569,-0.647169,0.658822,0.007376,0.002637,-0.008536,0.015403,0.019358,0.044934,0.298861,0.088896,0.043661,-0.029114,0.828244,-0.086649,-0.553627,0.218198,0.959866,0.176201,0.51614,-0.266738,0.81391,1.1e-05,0.000216,0.000176,-0.000112,2.7e-05,0.000146,0.42568
45,0.172316,-0.013647,0.353312,-0.810875,0.146648,-0.566588,-0.296143,-0.937822,0.180999,-0.503811,0.314371,0.804595,2.1e-05,0.000408,0.000336,-0.0,-0.0,-0.0,0.453861,-0.19907,-0.049973,0.294684,-0.211853,-0.764905,0.608301,0.891684,0.103308,0.440639,-0.399624,0.636709,0.659368,-0.001122,0.0058,-0.015417,-0.035219,0.062909,0.025805,0.350154,0.02661,0.028879,-0.010345,0.257651,0.762283,0.593749,-0.88331,-0.063246,0.464502,0.391635,-0.644145,0.657037,0.00742,0.003026,-0.008015,-0.046264,0.03473,0.037088,0.293145,0.088897,0.043664,-0.029105,0.828232,-0.086673,-0.55364,0.218235,0.959855,0.176209,0.516142,-0.266766,0.813899,0.000114,-0.005055,0.004645,-0.035803,0.011344,-0.01907,0.424863
46,0.172318,-0.013651,0.353348,-0.810794,0.146763,-0.566673,-0.2963,-0.937777,0.180976,-0.503848,0.314451,0.80454,6.2e-05,0.001208,0.000996,0.0,0.0,0.0,0.451031,-0.198915,-0.049558,0.293976,-0.201511,-0.76962,0.605863,0.885282,0.121406,0.448856,-0.41875,0.627761,0.656069,-0.001601,0.017206,-0.023239,-0.376637,0.237312,0.195635,0.343776,0.026688,0.029082,-0.010695,0.246108,0.768236,0.590968,-0.878237,-0.081189,0.471283,0.410036,-0.634997,0.654712,0.007455,0.003322,-0.007618,-0.696945,-0.015693,0.137621,0.283838,0.088897,0.04366,-0.029088,0.828162,-0.086795,-0.553725,0.218396,0.959823,0.176188,0.516187,-0.266844,0.813845,3.5e-05,0.000686,0.000564,0.000781,-0.013277,0.025663,0.422087
47,0.172319,-0.013668,0.353374,-0.811517,0.142147,-0.566815,-0.290973,-0.939459,0.180897,-0.50578,0.311546,0.804458,6e-06,0.000119,9.8e-05,0.0,-0.0,-0.0,0.44965,-0.198772,-0.049149,0.293277,-0.190347,-0.772905,0.605291,0.879094,0.14009,0.455524,-0.436633,0.619771,0.651996,0.014779,0.005808,-0.016411,-0.238138,0.280812,0.208956,0.337617,0.026753,0.029291,-0.011046,0.235349,0.771736,0.59079,-0.872408,-0.100183,0.4784,0.428386,-0.628001,0.649691,-0.000516,0.00317,-0.007351,-0.433459,0.459806,0.267721,0.275184,0.088898,0.043654,-0.029073,0.828522,-0.082123,-0.553901,0.212938,0.961079,0.17602,0.517888,-0.263783,0.813762,2e-06,5.7e-05,4.7e-05,-0.000231,8.4e-05,0.000185,0.418985
48,0.172319,-0.013677,0.353393,-0.811524,0.14214,-0.566808,-0.290992,-0.939444,0.180945,-0.505759,0.311595,0.804452,6e-05,0.001155,0.000952,0.0,-0.0,-0.0,0.449328,-0.198713,-0.048957,0.292922,-0.183386,-0.774318,0.605634,0.876681,0.149745,0.457101,-0.444401,0.615732,0.650573,-0.001657,0.016762,-0.023869,0.022524,0.042001,0.042934,0.333099,0.026789,0.029384,-0.011221,0.229775,0.772672,0.591761,-0.869578,-0.110071,0.48137,0.437077,-0.625189,0.646607,-0.000526,0.003079,-0.007475,0.021866,0.031016,0.015085,0.269958,0.088898,0.043647,-0.029066,0.828527,-0.08212,-0.553893,0.212964,0.961064,0.176069,0.517869,-0.263837,0.813757,3.4e-05,0.000665,0.000548,0.000705,-0.013235,0.025739,0.418168
49,0.17233,-0.013685,0.353399,-0.811447,0.14225,-0.56689,-0.291116,-0.939417,0.180883,-0.50581,0.311625,0.804408,0.0,0.0,0.0,0.0,0.0,0.0,0.449671,-0.198535,-0.048633,0.29221,-0.17127,-0.775834,0.607239,0.870445,0.169401,0.462129,-0.461186,0.608677,0.64551,0.014676,0.004909,-0.017678,-0.002154,0.02872,0.048494,0.32435,0.026872,0.029551,-0.011578,0.217777,0.774706,0.593635,-0.864028,-0.129838,0.486411,0.453902,-0.618847,0.641092,-0.000584,0.002585,-0.008164,0.028834,0.022957,0.009614,0.257875,0.088903,0.043645,-0.029061,0.82846,-0.082241,-0.553976,0.213097,0.961046,0.176009,0.517922,-0.263868,0.813714,2e-06,-1e-05,-8e-06,-6.8e-05,4.8e-05,0.000138,0.417678
50,0.172341,-0.013672,0.35341,-0.812169,0.137593,-0.567005,-0.285702,-0.9411,0.180768,-0.50773,0.308632,0.804353,7e-05,0.001358,0.001119,0.000842,-0.013288,0.025559,0.44978,-0.198342,-0.048452,0.291564,-0.154448,-0.777976,0.609008,0.862437,0.194418,0.467266,-0.481728,0.598362,0.640128,-0.001222,0.004937,-0.016684,-0.371573,-0.119721,-0.254748,0.317175,0.026974,0.02964,-0.011903,0.201265,0.777588,0.595691,-0.857089,-0.15462,0.491417,0.474225,-0.609466,0.635342,-0.000322,-0.002933,-0.004038,-1.144044,-0.634546,-1.013973,0.24824,0.088909,0.043649,-0.029058,0.828823,-0.077516,-0.554114,0.207542,0.962296,0.175817,0.519593,-0.260723,0.813662,3e-06,-1e-05,-8e-06,-0.000162,7.3e-05,0.000219,0.417352
51,0.172352,-0.013672,0.353409,-0.812084,0.137714,-0.567097,-0.285825,-0.94108,0.180677,-0.507796,0.308638,0.804309,0.0,0.0,0.0,0.0,0.0,0.0,0.449874,-0.198088,-0.048499,0.291111,-0.141656,-0.78242,0.606419,0.858448,0.207814,0.468845,-0.492676,0.587962,0.641432,-0.000602,-0.005339,-0.007351,0.010152,-0.08506,0.146892,0.306408,0.027101,0.029619,-0.012134,0.188174,0.782564,0.593449,-0.853608,-0.168529,0.4929,0.48574,-0.599324,0.63629,-0.00027,-0.002486,-0.003417,0.001512,0.01278,-0.026294,0.235994,0.088914,0.043652,-0.029056,0.82874,-0.077669,-0.554217,0.207694,0.962282,0.175716,0.519666,-0.260731,0.813613,2e-06,-1e-05,-8e-06,-7.7e-05,4.3e-05,0.000136,0.417188
52,0.172362,-0.013672,0.353409,-0.812072,0.137731,-0.56711,-0.285842,-0.941077,0.180664,-0.507805,0.308639,0.804302,0.0,0.0,0.0,0.0,0.0,0.0,0.450185,-0.197955,-0.048588,0.29098,-0.13795,-0.784949,0.604001,0.856556,0.211483,0.47066,-0.497005,0.58326,0.642385,-0.000476,-0.004237,-0.005839,-0.00984,0.008094,-0.033519,0.293308,0.027161,0.029575,-0.0122,0.184599,0.785291,0.590965,-0.851806,-0.172106,0.494777,0.490253,-0.594723,0.637145,-0.000233,-0.002148,-0.002958,-0.090764,-0.053394,-0.125469,0.226033,0.088919,0.043652,-0.029056,0.828729,-0.077688,-0.55423,0.207712,0.96228,0.175703,0.519675,-0.260731,0.813607,4e-06,-7e-06,-6e-06,-6.5e-05,4.4e-05,0.000141,0.417352
53,0.172383,-0.013679,0.353402,-0.811986,0.137854,-0.567204,-0.285968,-0.941057,0.18057,-0.507872,0.308645,0.804258,-1e-06,-1.7e-05,-1.4e-05,0.0,0.0,0.0,0.449979,-0.197805,-0.04881,0.290927,-0.133239,-0.785654,0.604141,0.855105,0.216894,0.470837,-0.50078,0.580311,0.642124,-0.000257,-0.002295,-0.003167,-0.001729,0.014405,-0.024898,0.289215,0.027242,0.02946,-0.01223,0.179886,0.786184,0.591231,-0.850567,-0.177608,0.494964,0.49414,-0.591919,0.636754,0.000204,-0.006117,0.003328,-0.036015,0.012153,-0.017316,0.208398,0.08893,0.043648,-0.02906,0.828654,-0.077819,-0.554323,0.207841,0.962269,0.175611,0.519743,-0.260732,0.813563,2e-06,-6e-06,-6e-06,-8e-05,1.9e-05,0.000127,0.417515
54,0.172425,-0.013672,0.353394,-0.812732,0.133125,-0.567265,-0.280459,-0.942729,0.180488,-0.509742,0.305611,0.804233,-0.0,-0.0,-0.0,0.0,-0.0,-0.0,0.450448,-0.197722,-0.049111,0.291108,-0.119605,-0.788594,0.603162,0.85422,0.227725,0.467315,-0.505725,0.572103,0.645603,0.000547,-0.010962,0.008411,0.161223,-0.199067,-0.153292,0.288888,0.027284,0.029313,-0.012145,0.167024,0.789382,0.590743,-0.849929,-0.188404,0.49206,0.499722,-0.584276,0.639451,0.000283,-0.005388,0.004337,0.283686,-0.302907,-0.212242,0.205132,0.088951,0.043652,-0.029064,0.829026,-0.073029,-0.554419,0.2022,0.963502,0.175437,0.521372,-0.257546,0.813535,1e-06,2e-06,-0.0,-0.000329,0.000121,0.000171,0.417842
55,0.172446,-0.013672,0.353393,-0.812636,0.133264,-0.567369,-0.2806,-0.942707,0.180383,-0.509818,0.305618,0.804183,-0.0,-0.0,-0.0,0.0,-0.0,-0.0,0.450675,-0.197722,-0.049357,0.291299,-0.112652,-0.789851,0.602857,0.853562,0.233526,0.465651,-0.508434,0.56801,0.647088,0.000548,-0.010947,0.008432,0.101774,-0.14031,-0.116703,0.288853,0.027284,0.029195,-0.012051,0.159919,0.79101,0.590533,-0.849668,-0.194219,0.490248,0.502483,-0.580157,0.641036,0.000551,-0.010898,0.008506,0.15477,-0.252106,-0.221507,0.204805,0.088961,0.043651,-0.029064,0.828943,-0.07318,-0.554523,0.202349,0.963489,0.175336,0.521447,-0.257551,0.813486,1e-06,1e-06,1e-06,-0.000174,6.3e-05,0.000217,0.417678
56,0.172477,-0.01368,0.353386,-0.812611,0.133301,-0.567397,-0.280637,-0.942701,0.180355,-0.509837,0.305619,0.80417,-5.9e-05,-0.001154,-0.00095,0.0,0.0,0.0,0.449729,-0.197777,-0.049958,0.291747,-0.096759,-0.793097,0.601354,0.853001,0.245108,0.460701,-0.512654,0.558514,0.652005,0.000512,-0.011265,0.007992,-0.804128,-0.997824,-1.255821,0.288641,0.027256,0.028893,-0.011822,0.145645,0.794605,0.589397,-0.850016,-0.204327,0.485512,0.50622,-0.57171,0.645668,0.000511,-0.010957,0.008109,-3.046388,-2.967435,-3.676092,0.204479,0.088977,0.043651,-0.029065,0.828912,-0.073246,-0.554562,0.202415,0.963482,0.175297,0.521471,-0.257558,0.813468,0.0,0.0,1e-06,-9.3e-05,3.3e-05,0.000126,0.417842
