frame,MLTx,MLTy,MLTz,MLTR1,MLTR2,MLTR3,MLTR4,MLTR5,MLTR6,MLTR7,MLTR8,MLTR9,MLTTVx,MLTTVy,MLTTVz,MLTRVx,MLTRVy,MLTRVz,MLGA,MRTx,MRTy,MRTz,MRTR1,MRTR2,MRTR3,MRTR4,MRTR5,MRTR6,MRTR7,MRTR8,MRTR9,MRTTVx,MRTTVy,MRTTVz,MRTRVx,MRTRVy,MRTRVz,MRGA,SLTx,SLTy,SLTz,SLTR1,SLTR2,SLTR3,SLTR4,SLTR5,SLTR6,SLTR7,SLTR8,SLTR9,SLTTVx,SLTTVy,SLTTVz,SLTRVx,SLTRVy,SLTRVz,SLGA,SRTx,SRTy,SRTz,SRTR1,SRTR2,SRTR3,SRTR4,SRTR5,SRTR6,SRTR7,SRTR8,SRTR9,SRTTVx,SRTTVy,SRTTVz,SRTRVx,SRTRVy,SRTRVz,SRGA
1,0.082812,0.036817,0.478676,-0.696131,0.485588,-0.528819,-0.561115,-0.827448,-0.021259,-0.447033,0.28132,0.849145,0.027731,-0.000842,-0.043518,0.011793,-0.545351,0.741159,0.434269,-0.108225,-0.026847,0.402714,0.559591,0.673738,0.482625,-0.655365,0.716218,-0.239714,-0.507849,-0.183014,0.8417,-0.003163,0.023629,-0.050241,0.121363,0.079825,0.092804,0.051963,0.025592,0.030429,-0.007347,-0.623576,-0.619907,0.476306,0.599334,-0.77028,-0.217868,0.501948,0.149609,0.851859,-0.000854,0.007183,-0.020026,0.088267,0.129893,-0.128279,-0.075075,0.087412,0.048929,-0.02302,-0.727618,0.475475,-0.494465,-0.546787,-0.837271,-0.000504,-0.414241,0.27,0.869197,0.008502,0.000952,-0.020877,-0.13954,-0.428109,0.466646,0.441682
2,0.083444,0.036917,0.476916,-0.692431,0.493907,-0.525966,-0.578644,-0.815552,-0.004161,-0.430152,0.300846,0.851168,0.006353,0.012099,-0.051247,-0.041805,-0.018888,0.11009,0.461845,-0.10815,-0.026273,0.401259,0.557399,0.671519,0.488221,-0.653215,0.7177,-0.241146,-0.513008,-0.185356,0.838051,0.011488,0.018372,-0.038606,0.068198,0.162636,0.134811,0.089142,0.025627,0.030732,-0.008088,-0.621424,-0.618013,0.48155,0.597067,-0.771527,-0.21967,0.507289,0.15101,0.848441,0.005745,0.009327,-0.019204,0.064093,0.181361,0.141483,-0.038988,0.087732,0.048962,-0.0239,-0.723639,0.484528,-0.491507,-0.564109,-0.82553,0.016722,-0.397652,0.289364,0.870712,0.00303,0.00197,-0.020083,-0.562012,0.203347,0.004055,0.468135
3,0.083584,0.037114,0.476015,-0.680538,0.514279,-0.521947,-0.606489,-0.79504,0.007306,-0.410371,0.320883,0.853614,0.007026,0.014104,-0.050646,-2.899137,0.054691,4.686643,0.496361,-0.107993,-0.026024,0.400675,0.554255,0.674046,0.48832,-0.656019,0.714872,-0.241931,-0.512832,-0.187116,0.837767,0.011026,0.020983,-0.036753,0.034047,0.026707,-0.054588,0.132117,0.025702,0.030847,-0.008367,-0.618484,-0.620648,0.481946,0.600056,-0.769026,-0.220295,0.507355,0.152946,0.848054,0.006185,0.006121,-0.013105,-0.162528,0.028197,-0.193308,-0.013024,0.0878,0.049054,-0.024353,-0.714832,0.501189,-0.48767,-0.587138,-0.808957,0.02925,-0.379845,0.307239,0.872536,0.003378,0.006541,-0.025472,-0.337749,0.093228,0.160619,0.492465
4,0.083501,0.037693,0.473815,-0.680162,0.526943,-0.509662,-0.629382,-0.77618,0.037331,-0.375078,0.345503,0.860215,-0.006485,0.015583,-0.062615,0.099429,0.118326,-0.581976,0.523792,-0.107408,-0.025482,0.399737,0.491483,0.721137,0.488259,-0.717364,0.653145,-0.24233,-0.494251,-0.232076,0.837687,0.011921,0.014504,-0.0246,-2.697756,1.300281,-4.532555,0.286556,0.025994,0.031123,-0.008839,-0.563649,-0.669727,0.483492,0.662284,-0.71622,-0.220018,0.493639,0.196196,0.847246,0.012687,0.008779,-0.011908,-0.193611,0.096726,-0.354398,0.127895,0.08777,0.049351,-0.025421,-0.710441,0.518688,-0.47564,-0.614584,-0.786547,0.060241,-0.342868,0.335119,0.877574,-0.003265,0.007597,-0.031362,-0.080556,0.211293,-0.694168,0.521694
5,0.083297,0.038128,0.47109,-0.693394,0.516563,-0.502408,-0.620022,-0.782932,0.050622,-0.366345,0.345957,0.863789,-0.0105,0.003303,-0.066237,0.101168,0.169239,-0.760302,0.523923,-0.106754,-0.025113,0.398936,0.377472,0.786867,0.488208,-0.807097,0.538057,-0.242945,-0.454298,-0.303322,0.837539,0.0135,0.00431,-0.015113,-2.984734,1.495987,-5.158144,0.380287,0.026315,0.031313,-0.009235,-0.457459,-0.744276,0.486605,0.760579,-0.611005,-0.219526,0.460706,0.269677,0.84559,0.013758,0.002821,-0.007851,-3.551608,1.766295,-6.122978,0.2889,0.08767,0.049585,-0.026804,-0.723298,0.507865,-0.46788,-0.604308,-0.793399,0.072998,-0.334143,0.335543,0.880771,-1.9e-05,0.003096,-0.03988,0.154171,0.090171,-0.551909,0.522837
6,0.083247,0.038102,0.467954,-0.697757,0.520787,-0.491897,-0.62299,-0.78008,0.05771,-0.352802,0.346061,0.869367,0.0083,-0.004232,-0.084002,0.183114,0.088028,-0.333325,0.52386,-0.105968,-0.024946,0.398532,0.268666,0.831618,0.486027,-0.870821,0.425394,-0.246263,-0.411861,-0.358129,0.837841,0.0279,0.000622,-0.002377,-0.239706,0.093019,-0.362005,0.50905,0.026709,0.031396,-0.00945,-0.346754,-0.80133,0.487473,0.838176,-0.497992,-0.222404,0.420977,0.331469,0.844337,0.013981,0.000118,-0.00133,-0.823651,0.399352,-1.373618,0.44125,0.087637,0.049573,-0.028335,-0.7274,0.512063,-0.456814,-0.60701,-0.790624,0.080317,-0.320041,0.335714,0.885928,-0.001135,-0.000424,-0.041004,0.104264,0.102916,-0.221435,0.523164
7,0.083235,0.03804,0.466459,-0.703667,0.519459,-0.48483,-0.621335,-0.780818,0.065088,-0.343884,0.346392,0.872802,-0.002609,-0.008726,-0.071079,0.150733,0.096496,-0.36686,0.523892,-0.105463,-0.024881,0.39845,0.245801,0.837747,0.487601,-0.878058,0.405555,-0.253916,-0.410748,-0.366785,0.834637,0.027768,0.001383,-0.001838,2.353403,0.955064,-1.048439,0.526105,0.026972,0.03143,-0.009491,-0.324582,-0.809353,0.489483,0.847603,-0.47856,-0.229236,0.41978,0.340482,0.841342,0.013842,0.000882,-0.000793,2.347492,0.949956,-1.03829,0.504933,0.087631,0.049534,-0.029121,-0.733151,0.510478,-0.449334,-0.604813,-0.791535,0.087592,-0.31095,0.335981,0.889059,-0.00127,-0.000892,-0.041199,0.175724,0.05021,-0.378656,0.523164
8,0.083008,0.037871,0.463648,-0.715643,0.519486,-0.466942,-0.621352,-0.778809,0.085734,-0.318237,0.350839,0.880718,-0.012145,-0.001788,-0.068201,-0.051563,0.246306,-0.462699,0.523029,-0.104638,-0.024899,0.398265,0.205007,0.845504,0.493039,-0.881992,0.378019,-0.281291,-0.424441,-0.378255,0.822579,0.015225,-0.006327,-0.005982,-0.225285,0.14266,-0.415646,0.50123,0.027382,0.031432,-0.009575,-0.284409,-0.820338,0.49614,0.854011,-0.451943,-0.257705,0.435633,0.350416,0.829114,0.007654,-0.003384,-0.00316,-0.248092,0.134654,-0.405172,0.517996,0.087518,0.049435,-0.030531,-0.744199,0.510237,-0.431075,-0.603968,-0.789655,0.108013,-0.285288,0.340739,0.895827,-0.006086,-0.001089,-0.034154,-0.619779,0.529923,-0.667832,0.523164
9,0.082448,0.03756,0.461278,-0.721097,0.515214,-0.46327,-0.613962,-0.784991,0.082532,-0.32025,0.343298,0.882957,-0.012684,-0.010322,-0.057639,0.120378,0.085982,-0.409945,0.522903,-0.104475,-0.025137,0.397526,0.108671,0.858667,0.500871,-0.910317,0.288438,-0.296748,-0.399387,-0.424782,0.81235,-0.012164,-0.008161,-0.021335,-0.233605,0.275127,-0.611672,0.48119,0.027467,0.031319,-0.009928,-0.191453,-0.840675,0.506567,0.889368,-0.366906,-0.272771,0.415175,0.398302,0.817914,-0.005903,-0.004722,-0.011118,-2.751139,1.752028,-4.746876,0.499708,0.087244,0.049289,-0.031698,-0.74927,0.505932,-0.427347,-0.596812,-0.795538,0.104566,-0.287067,0.333395,0.898019,-0.011921,-0.004155,-0.028041,0.2909,-0.029288,-0.363576,0.523001
10,0.082177,0.037427,0.460107,-0.720954,0.510991,-0.468144,-0.609349,-0.789144,0.076928,-0.329232,0.340084,0.880895,-0.011468,0.000456,-0.06778,0.124037,0.002415,-0.412629,0.519048,-0.104643,-0.025198,0.397008,0.074313,0.860733,0.503595,-0.920078,0.253995,-0.298122,-0.384579,-0.442272,0.810158,-6.6e-05,0.003865,-0.030952,-0.80044,0.649183,-1.271541,0.472296,0.027385,0.031277,-0.010184,-0.160897,-0.845303,0.509483,0.900683,-0.336839,-0.274422,0.403584,0.41473,0.815548,-0.006754,0.000332,-0.015917,-0.016384,0.343893,-0.134572,0.486645,0.087106,0.049214,-0.032281,-0.749171,0.501581,-0.432616,-0.592421,-0.799531,0.098922,-0.296273,0.330401,0.896134,-0.006,-0.004219,-0.028553,0.27814,-0.169873,-0.142814,0.523164
11,0.08183,0.037437,0.457782,-0.727324,0.491904,-0.478618,-0.583464,-0.810344,0.053703,-0.360529,0.317699,0.876991,-0.008834,0.008459,-0.06522,0.216945,0.030097,-0.38308,0.503015,-0.105013,-0.024791,0.395692,0.011468,0.864039,0.503285,-0.942951,0.176875,-0.281945,-0.332617,-0.472422,0.816116,-0.002699,0.019538,-0.036453,-2.318387,-0.907919,1.038685,0.467605,0.027198,0.031463,-0.01086,-0.092035,-0.854225,0.511691,0.930677,-0.256517,-0.26084,0.354074,0.452213,0.818617,-0.001403,0.010115,-0.017973,-0.146375,0.124791,-0.372413,0.471295,0.086925,0.049206,-0.033468,-0.755894,0.482266,-0.442766,-0.566946,-0.820396,0.074309,-0.327408,0.307194,0.893551,-0.004664,-0.000147,-0.027271,0.378643,-0.097477,-0.253488,0.523164
12,0.081765,0.037657,0.455488,-0.720246,0.491307,-0.489804,-0.577009,-0.81618,0.029687,-0.384292,0.303388,0.871953,-0.007518,0.005388,-0.052689,0.139079,-0.041988,-0.013432,0.491592,-0.105242,-0.023759,0.393994,0.007564,0.863645,0.504034,-0.947585,0.167242,-0.272114,-0.319288,-0.476639,0.818983,-0.005024,0.035362,-0.058681,0.166343,0.079429,-0.096889,0.417917,0.027081,0.031986,-0.011691,-0.089652,-0.854273,0.512034,0.936605,-0.247155,-0.248361,0.33872,0.457308,0.822275,-0.008511,0.011465,-0.024703,0.137917,0.081628,-0.184689,0.446802,0.08689,0.049321,-0.034639,-0.749514,0.481589,-0.4542,-0.561159,-0.826195,0.05,-0.351179,0.292355,0.889494,-0.003615,0.003005,-0.026235,0.122712,-0.031141,-0.022166,0.507325
13,0.081978,0.037966,0.453176,-0.737369,0.450108,-0.503722,-0.521465,-0.853256,0.000799,-0.428532,0.262698,0.86451,0.005149,0.014274,-0.064087,1.288231,-0.25961,-1.2493,0.478402,-0.106101,-0.022737,0.391293,-0.003417,0.857758,0.514034,-0.944344,0.166368,-0.28367,-0.328808,-0.487468,0.808779,-0.032728,0.036551,-0.088754,0.177551,0.381986,-0.061672,0.160844,0.026671,0.0325,-0.012991,-0.078714,-0.849649,0.52144,0.933662,-0.246157,-0.260154,0.349395,0.466372,0.812661,-0.015612,0.013583,-0.039344,0.114454,0.578928,-0.007036,0.258528,0.086995,0.049473,-0.03577,-0.766014,0.441301,-0.467412,-0.507737,-0.861304,0.018911,-0.394238,0.251808,0.883836,0.002717,0.007694,-0.031908,3.922056,-0.604501,-4.615747,0.48822
14,0.082169,0.038295,0.451887,-0.759644,0.400262,-0.512617,-0.456574,-0.889487,-0.018038,-0.462246,0.219841,0.859084,0.017408,0.014908,-0.064642,5.389968,-1.488828,-3.544378,0.481614,-0.106693,-0.022237,0.389736,-0.008217,0.853954,0.520275,-0.942605,0.167118,-0.288967,-0.333674,-0.493857,0.802889,-0.030637,0.023483,-0.08149,0.130734,0.433984,-0.061473,0.030436,0.026362,0.032764,-0.013803,-0.073667,-0.846077,0.527944,0.931936,-0.246877,-0.265604,0.355059,0.472445,0.806677,-0.015906,0.015959,-0.046081,0.134803,0.565705,-0.006913,0.103075,0.087085,0.049634,-0.036415,-0.787433,0.393524,-0.474432,-0.446869,-0.894598,-0.000351,-0.424565,0.211733,0.880291,0.003215,0.008898,-0.031409,1.122384,-0.11698,-1.32442,0.482015
15,0.082621,0.03905,0.449448,-0.761132,0.368851,-0.533546,-0.401752,-0.913847,-0.058741,-0.508304,0.169179,0.844413,0.007906,0.022444,-0.061085,3.372436,-0.073355,-3.9772,0.49613,-0.107852,-0.021228,0.386175,0.040225,0.845319,0.532737,-0.932536,0.223275,-0.283653,-0.358747,-0.486445,0.796577,-0.029685,0.017855,-0.085849,-2.15111,-0.287648,1.563265,-0.118764,0.025789,0.033255,-0.015548,-0.11956,-0.834454,0.53795,0.916567,-0.301022,-0.26323,0.381589,0.461596,0.800823,-0.014769,0.008809,-0.042978,1.089635,-0.285616,1.431181,-0.187419,0.087315,0.05001,-0.037636,-0.788642,0.362293,-0.496775,-0.393044,-0.918377,-0.045796,-0.472819,0.159138,0.866669,0.009327,0.005611,-0.026107,0.925475,-0.625015,0.717723,0.487893
16,0.083222,0.039673,0.447563,-0.771226,0.332547,-0.542833,-0.345122,-0.934909,-0.082508,-0.533983,0.123291,0.836474,0.020682,0.017659,-0.04984,0.45166,-0.246816,0.238013,0.518324,-0.108479,-0.020595,0.382745,0.152185,0.830225,0.536244,-0.912451,0.326562,-0.246424,-0.379868,-0.452837,0.806537,-0.015113,0.014758,-0.089973,0.688669,-2.149035,6.038435,-0.133333,0.025465,0.033581,-0.017299,-0.225664,-0.810211,0.540956,0.889503,-0.397821,-0.22477,0.397315,0.430459,0.810459,0.000196,0.002974,-0.040516,-0.423312,-0.049035,0.978002,-0.279678,0.087618,0.050328,-0.038602,-0.80038,0.321789,-0.505807,-0.332048,-0.940442,-0.072871,-0.499132,0.109628,0.859562,0.010479,0.009114,-0.024817,0.448863,-0.245661,0.237058,0.515326
17,0.083578,0.040004,0.446765,-0.776653,0.312369,-0.547066,-0.318567,-0.943903,-0.086797,-0.542528,0.10647,0.833279,0.022291,0.022588,-0.04803,0.410421,-0.348632,0.204726,0.523382,-0.108529,-0.020509,0.381172,0.214222,0.814751,0.538777,-0.891279,0.388755,-0.23329,-0.399768,-0.431249,0.808747,0.00168,-0.003264,-0.071168,3.140224,-1.196042,5.341318,-0.123147,0.025435,0.033626,-0.018123,-0.291321,-0.78898,0.540963,0.862028,-0.461695,-0.20915,0.414776,0.405396,0.814625,0.001023,-0.001987,-0.035842,3.135951,-1.127992,5.362771,-0.291108,0.087787,0.050482,-0.038984,-0.805795,0.301308,-0.509811,-0.305566,-0.948979,-0.077894,-0.50727,0.093015,0.856752,0.011053,0.007417,-0.018593,1.007497,-0.184008,-0.9856,0.523817
18,0.084283,0.040848,0.445427,-0.770693,0.29526,-0.564713,-0.297953,-0.950284,-0.090319,-0.56235,0.098276,0.821056,0.02484,0.023536,-0.03397,-0.069588,-0.642909,0.157132,0.524635,-0.108292,-0.020693,0.378443,0.325133,0.776088,0.540339,-0.836876,0.502229,-0.217573,-0.440613,-0.382437,0.812075,0.002752,-0.010626,-0.060092,0.396575,-0.261278,0.944269,-0.029854,0.025547,0.033536,-0.019453,-0.398153,-0.741164,0.540508,0.798385,-0.570144,-0.193689,0.451723,0.354416,0.818739,0.001617,-0.005996,-0.03059,3.193922,-1.322819,4.905252,-0.242611,0.088137,0.050901,-0.039659,-0.80044,0.284418,-0.527636,-0.28481,-0.955007,-0.082723,-0.527425,0.084061,0.845432,0.006803,0.012861,-0.016213,-0.137824,-0.774982,0.05138,0.523164
19,0.084841,0.041488,0.444478,-0.747826,0.287584,-0.598412,-0.301718,-0.950053,-0.079611,-0.590492,0.120652,0.797991,0.012247,0.014777,-0.022681,-0.379155,-1.327357,-0.166817,0.524311,-0.107897,-0.021334,0.376612,0.339044,0.770862,0.539269,-0.829635,0.515282,-0.214761,-0.443827,-0.375556,0.813534,0.004751,-0.024617,-0.036796,0.059988,-0.193592,0.463462,0.039838,0.025754,0.033199,-0.020414,-0.413461,-0.734174,0.538551,0.788763,-0.584282,-0.190962,0.454865,0.345835,0.820667,0.002355,-0.01203,-0.018183,0.058604,-0.194854,0.459827,-0.165048,0.088426,0.051238,-0.040133,-0.77967,0.27825,-0.560972,-0.288388,-0.954745,-0.072749,-0.555829,0.105058,0.824631,0.006138,0.007368,-0.011358,-0.208529,-0.976634,0.166568,0.522837
20,0.085192,0.041874,0.443838,-0.703625,0.293845,-0.647003,-0.327766,-0.942037,-0.07147,-0.629631,0.161406,0.759961,0.000617,0.008905,-0.010399,-0.442018,-1.547597,-0.094573,0.524294,-0.10715,-0.021973,0.37546,0.346766,0.769002,0.53701,-0.82917,0.518977,-0.207541,-0.438706,-0.374276,0.816895,0.031911,-0.018389,-0.017901,0.021246,-0.165177,0.370295,0.159089,0.026118,0.032878,-0.02099,-0.420577,-0.731896,0.536136,0.78804,-0.587525,-0.183863,0.449563,0.345169,0.823863,0.009046,-0.010302,-0.009031,0.016782,-0.13831,0.31282,-0.048132,0.088606,0.051434,-0.040457,-0.737477,0.285351,-0.612128,-0.314218,-0.947256,-0.063013,-0.597824,0.145871,0.788243,0.005856,0.003027,-0.006108,-0.513013,-1.846214,0.045811,0.523001
21,0.08528,0.042001,0.443623,-0.680472,0.293785,-0.671337,-0.335535,-0.939331,-0.07104,-0.650636,0.176545,0.738602,0.000467,0.008439,-0.010563,-0.412772,-1.845644,0.429372,0.524311,-0.106752,-0.022268,0.375133,0.351403,0.76704,0.536802,-0.82624,0.523734,-0.207278,-0.440548,-0.371657,0.817099,0.017168,-0.015613,-0.014126,0.069421,-0.040842,0.126789,0.236903,0.026329,0.032723,-0.021161,-0.425244,-0.729466,0.535767,0.784611,-0.592196,-0.183543,0.451168,0.342318,0.824175,0.008502,-0.007265,-0.006642,0.06842,-0.040619,0.125493,0.040372,0.088651,0.051498,-0.040564,-0.715904,0.28573,-0.637055,-0.321776,-0.944773,-0.062144,-0.619629,0.1605,0.768308,0.000224,0.004155,-0.005317,-0.531415,-2.061646,0.141624,0.522837
22,0.085349,0.042237,0.443276,-0.632837,0.284483,-0.72016,-0.33955,-0.937801,-0.072153,-0.695112,0.19851,0.690971,-2.8e-05,-8.8e-05,-3.2e-05,3.584753,-1.506491,-3.448621,0.524052,-0.106178,-0.022772,0.374817,0.351899,0.76588,0.538132,-0.822601,0.52738,-0.212443,-0.446922,-0.368877,0.814894,0.01736,-0.018069,0.001336,-0.029717,0.002271,-0.022027,0.231818,0.026609,0.032481,-0.021316,-0.425604,-0.728278,0.537094,0.780801,-0.595559,-0.188832,0.457394,0.338996,0.822114,0.007884,-0.003864,-0.003942,0.008678,0.000872,-0.002571,0.144551,0.088685,0.051618,-0.040742,-0.66884,0.2814,-0.688088,-0.331494,-0.941367,-0.06276,-0.665404,0.186121,0.722906,0.00037,0.004622,-0.005134,-0.217629,-1.618435,0.681319,0.522837
23,0.085563,0.042227,0.443103,-0.591857,0.267147,-0.760514,-0.322669,-0.94309,-0.080239,-0.737938,0.197566,0.645324,0.010187,-0.00558,-0.002775,-0.184645,-1.449819,0.776388,0.523441,-0.106084,-0.023508,0.374806,0.334556,0.770713,0.542278,-0.818487,0.522868,-0.237953,-0.467327,-0.365213,0.805039,0.003544,-0.020747,0.000797,0.022323,0.054322,-0.107536,0.163601,0.02666,0.032125,-0.021313,-0.408828,-0.73457,0.54154,0.777641,-0.590967,-0.214547,0.477633,0.333412,0.812836,0.001624,-0.009568,0.001045,0.152655,0.209674,-0.332638,0.079725,0.08879,0.05162,-0.040826,-0.630118,0.259942,-0.731696,-0.309086,-0.948398,-0.070751,-0.712331,0.181575,0.677948,0.004972,-0.003187,-0.001532,-0.267383,-1.622203,0.496695,0.523001
24,0.085667,0.042092,0.443065,-0.569935,0.268121,-0.776743,-0.332304,-0.939706,-0.080614,-0.750821,0.21183,0.625638,0.009609,-0.007402,-0.003433,-0.684761,-1.007588,-0.17616,0.523464,-0.106105,-0.02389,0.374862,0.316997,0.776521,0.544536,-0.824053,0.509763,-0.247006,-0.469761,-0.371407,0.800777,0.003009,-0.017886,0.003099,-0.049033,0.099099,-0.244648,0.149301,0.02665,0.03193,-0.021288,-0.391933,-0.741659,0.544361,0.784429,-0.578558,-0.223473,0.480685,0.339426,0.808535,0.001446,-0.008637,0.001797,-0.05758,0.030541,-0.086973,0.052455,0.088843,0.051554,-0.040844,-0.608842,0.26264,-0.748552,-0.319029,-0.944999,-0.072081,-0.726313,0.194924,0.659145,-0.000857,-0.002779,-0.00103,-1.849885,-0.348449,-1.409057,0.522837
25,0.085615,0.041867,0.442942,-0.540755,0.265662,-0.798156,-0.340596,-0.936692,-0.081084,-0.7685,0.227666,0.598,-0.002484,-0.00777,-0.002811,-0.548436,-0.418946,-0.260072,0.523203,-0.106006,-0.024353,0.374933,0.202665,0.813602,0.544949,-0.887292,0.388038,-0.249144,-0.414393,-0.434059,0.799834,0.014701,-0.001841,-0.003157,-0.928251,0.410115,-1.336171,0.147448,0.026695,0.031693,-0.02125,-0.285734,-0.786425,0.547623,0.854928,-0.467366,-0.225093,0.432959,0.403861,0.805879,0.008062,-0.005671,0.003365,-0.336217,0.123476,-0.430517,0.031227,0.088822,0.051444,-0.040905,-0.579766,0.260352,-0.772067,-0.32747,-0.942129,-0.071794,-0.746079,0.211205,0.631472,-0.001166,-0.003745,-0.001375,-1.680159,0.228557,-1.68259,0.522837
26,0.085227,0.041556,0.442786,-0.526071,0.263117,-0.808742,-0.348195,-0.934198,-0.077504,-0.775269,0.240494,0.584079,-0.015187,-0.009919,-0.00285,-0.52275,-0.236335,-0.449811,0.523942,-0.105437,-0.02446,0.374847,0.144805,0.824363,0.547219,-0.912688,0.324905,-0.24773,-0.382169,-0.464603,0.79872,0.028535,0.001096,-0.002458,-0.906019,0.383784,-1.267878,0.145618,0.026974,0.03164,-0.021291,-0.225419,-0.803089,0.551573,0.887577,-0.402731,-0.223637,0.401736,0.439152,0.803587,0.007409,-0.000962,-0.001609,-3.020699,1.351818,-4.431801,0.016858,0.088633,0.051292,-0.040983,-0.566147,0.258932,-0.782579,-0.335144,-0.939676,-0.068455,-0.753097,0.223521,0.618774,-0.007679,-0.005349,-0.001581,-1.647482,0.310376,-1.960105,0.522838
27,0.084651,0.041101,0.442668,-0.521457,0.272042,-0.808777,-0.363055,-0.928458,-0.078285,-0.771569,0.252464,0.583926,-0.015578,-0.010995,-0.003274,0.009449,-0.044802,0.129435,0.523162,-0.104726,-0.024389,0.374715,0.069228,0.834342,0.546875,-0.939013,0.239627,-0.246509,-0.336778,-0.497503,0.799334,0.014437,-0.000305,-0.00193,-3.100996,1.320369,-4.362521,0.181268,0.027334,0.031678,-0.021356,-0.154347,-0.818854,0.55286,0.919595,-0.323671,-0.222666,0.361276,0.47404,0.802972,0.006326,0.005423,-0.005249,-0.262217,0.114694,-0.383113,0.042331,0.08835,0.051064,-0.041042,-0.561725,0.267166,-0.782998,-0.350165,-0.934247,-0.067564,-0.749565,0.236226,0.618343,-0.007728,-0.005318,-0.00156,0.012814,-0.039147,0.135752,0.523001
28,0.08437,0.04092,0.442575,-0.516312,0.281587,-0.808811,-0.379578,-0.921793,-0.07868,-0.767075,0.266027,0.583826,-0.01531,-0.010102,-0.002961,-4.475935,-0.410353,3.172384,0.523241,-0.104341,-0.024301,0.374593,0.004332,0.836852,0.547405,-0.953842,0.16787,-0.248876,-0.300144,-0.522105,0.798237,0.014706,-0.001687,-0.003061,-1.206115,0.544826,-1.756969,0.197237,0.027516,0.031721,-0.021409,-0.091414,-0.826888,0.554886,0.940284,-0.255146,-0.225312,0.327885,0.501154,0.800834,0.007372,-0.000819,-0.001464,-3.324497,1.502496,-4.848536,0.063559,0.088208,0.050966,-0.041086,-0.558208,0.273994,-0.783154,-0.361486,-0.929917,-0.067684,-0.746814,0.245317,0.618132,-0.007802,-0.005523,-0.001643,-0.040408,0.032657,-0.055949,0.523001
29,0.083873,0.040555,0.442475,-0.496826,0.315736,-0.808406,-0.442999,-0.893221,-0.076672,-0.745682,0.319632,0.584654,-0.015086,-0.016279,0.008413,-0.161579,0.030024,0.016873,0.522169,-0.103634,-0.02431,0.374344,-0.139287,0.824859,0.547904,-0.967864,0.003639,-0.251317,-0.209095,-0.566328,0.797129,0.015282,-0.004582,-0.005436,-0.997639,0.454046,-1.449532,0.210067,0.027879,0.031724,-0.021535,0.057634,-0.827359,0.558708,0.969564,-0.087003,-0.228855,0.237955,0.554893,0.797163,0.007661,-0.002446,-0.002772,-3.322821,1.506723,-4.814027,0.088542,0.087952,0.05078,-0.041148,-0.537648,0.31163,-0.783466,-0.430776,-0.900293,-0.062482,-0.72482,0.303905,0.618284,-0.007095,-0.003312,-0.00083,-0.418589,-0.013214,0.243513,0.523654
30,0.083574,0.04026,0.442461,-0.479654,0.341275,-0.808399,-0.488712,-0.869028,-0.076964,-0.728196,0.357729,0.584626,-0.002034,-0.006236,-0.002312,-1.34205,-0.117553,0.942388,0.505325,-0.103257,-0.024619,0.373895,-0.197555,0.81452,0.545455,-0.96539,-0.06494,-0.252464,-0.169943,-0.577464,0.798447,0.002657,-0.013693,-0.011218,0.007048,-0.055913,0.12951,0.272919,0.028072,0.031573,-0.021758,0.118088,-0.821739,0.557494,0.972897,-0.01666,-0.230635,0.198809,0.56962,0.7975,0.001373,-0.007057,-0.005803,0.008694,-0.053002,0.137713,0.144061,0.087797,0.050628,-0.041151,-0.52143,0.336752,-0.784033,-0.475507,-0.877614,-0.060705,-0.708521,0.34116,0.617742,-0.006509,-0.001169,-0.000135,-4.465736,-0.415813,3.201085,0.515163
31,0.083559,0.040134,0.442465,-0.471974,0.352081,-0.808285,-0.50897,-0.857377,-0.076332,-0.719299,0.374923,0.584866,-0.001509,-0.004628,-0.001718,-0.122686,-0.001351,0.06054,0.495462,-0.103093,-0.024833,0.373546,-0.205881,0.814504,0.542391,-0.964914,-0.076605,-0.251013,-0.162618,-0.576051,0.800989,0.003397,-0.017472,-0.014359,0.009595,-0.091685,0.101698,0.308737,0.028152,0.031475,-0.021926,0.126505,-0.822589,0.554384,0.973318,-0.004923,-0.229406,0.191436,0.568613,0.800018,0.007968,-0.002881,-0.012088,0.021728,-0.000138,-0.041669,0.184884,0.08779,0.050565,-0.041149,-0.513406,0.348472,-0.784206,-0.497368,-0.865531,-0.058992,-0.699313,0.359752,0.617688,0.004682,-0.007683,0.003636,-0.451841,0.034458,0.118549,0.501773
32,0.08366,0.040017,0.442433,-0.442242,0.389116,-0.808119,-0.577755,-0.812719,-0.075221,-0.6855,0.43314,0.58524,-0.000248,-0.000761,-0.000283,-4.503243,-0.419171,3.261249,0.480211,-0.102693,-0.025402,0.37275,-0.235289,0.814557,0.530214,-0.967818,-0.146198,-0.204663,-0.088876,-0.562317,0.822048,0.004106,-0.021012,-0.0174,-0.888318,-0.499896,0.595674,0.319843,0.028352,0.031189,-0.022325,0.156241,-0.824834,0.543357,0.980787,0.064506,-0.184103,0.116804,0.561683,0.819065,0.002145,-0.010973,-0.009128,-3.02763,-1.464007,1.49744,0.23926,0.087839,0.050504,-0.041165,-0.486475,0.383466,-0.785044,-0.562096,-0.825254,-0.054789,-0.668871,0.414617,0.61701,0.005486,-0.001738,-0.001004,-0.1199,-0.023899,0.117818,0.479239
33,0.08387,0.039981,0.442427,-0.419364,0.420475,-0.804599,-0.629216,-0.773457,-0.076313,-0.653896,0.473737,0.589933,0.0005,0.001537,0.000571,0.008412,0.066275,0.026476,0.468638,-0.102293,-0.026304,0.372212,-0.212524,0.837883,0.502769,-0.975987,-0.156842,-0.150946,-0.047332,-0.523817,0.850434,0.017696,-0.016268,-0.015344,-0.080739,-0.731612,0.668127,0.3089,0.028549,0.030726,-0.022603,0.132006,-0.84644,0.51586,0.988711,0.07522,-0.129583,0.070882,0.527143,0.846815,0.002625,-0.014328,-0.003059,-0.614757,-1.029264,0.651194,0.236647,0.087944,0.050487,-0.041168,-0.461813,0.418167,-0.782217,-0.619164,-0.783451,-0.053278,-0.635108,0.459717,0.620722,0.000313,0.000937,0.000352,0.007019,0.038315,0.013455,0.459154
34,0.083965,0.040018,0.442446,-0.398528,0.447433,-0.80064,-0.674069,-0.734813,-0.075186,-0.621473,0.509163,0.595443,0.000432,0.001332,0.000494,-4.362823,0.136256,3.518105,0.46014,-0.101785,-0.027061,0.372067,-0.18598,0.861213,0.472986,-0.98188,-0.145132,-0.121579,-0.035806,-0.488099,0.871975,0.003431,-0.01936,0.001615,0.199646,-1.015397,0.79271,0.285006,0.028804,0.030344,-0.022692,0.104667,-0.866993,0.487202,0.992958,0.063777,-0.099829,0.055479,0.494221,0.867563,0.001673,-0.009445,0.001001,0.031197,-0.528437,0.959539,0.220318,0.087993,0.050508,-0.041158,-0.442875,0.44084,-0.780718,-0.659865,-0.74978,-0.049052,-0.606992,0.493445,0.622954,0.000334,0.001011,0.000379,-0.403217,-0.055683,0.288748,0.446091
35,0.083986,0.040055,0.442459,-0.384435,0.460408,-0.800175,-0.699987,-0.710442,-0.072542,-0.601406,0.531649,0.596395,0.01176,-0.000969,-0.001102,-0.431598,-0.04587,0.355759,0.457407,-0.101717,-0.027392,0.372164,-0.211239,0.86199,0.460806,-0.977236,-0.176858,-0.116896,-0.01898,-0.476082,0.879118,0.004206,-0.025257,0.014522,-2.673483,-0.03971,-4.622993,0.254853,0.028844,0.03018,-0.02265,0.123837,-0.871629,0.474265,0.991418,0.088516,-0.096194,0.041866,0.482107,0.87511,-0.005715,-0.008759,0.002473,-2.350479,-0.301088,-4.317067,0.202846,0.087999,0.050527,-0.041151,-0.428249,0.457897,-0.779058,-0.689347,-0.722969,-0.045995,-0.584297,0.517344,0.62526,0.000333,0.00122,0.000414,-4.815566,-0.478083,3.622386,0.440212
36,0.083906,0.040091,0.442582,-0.363561,0.48015,-0.798326,-0.732915,-0.676362,-0.073088,-0.574606,0.557933,0.598804,-0.011228,-0.004385,0.012813,-0.035071,0.036604,-0.043996,0.465147,-0.102158,-0.028201,0.372547,-0.250518,0.859845,0.444858,-0.968025,-0.216351,-0.126703,-0.012364,-0.463446,0.885962,-0.010196,-0.026147,0.015563,2.216404,0.857558,-0.497079,0.160012,0.028628,0.029778,-0.022451,0.168785,-0.873376,0.456863,0.98522,0.135764,-0.104445,0.029194,0.46774,0.883383,-0.005836,-0.008365,0.002801,-0.192419,-0.330738,0.158459,0.100789,0.087968,0.050548,-0.041094,-0.406618,0.478732,-0.778124,-0.724208,-0.688116,-0.044913,-0.556941,0.545262,0.626502,0.000389,0.001185,0.000442,-0.011537,0.053287,-0.194649,0.439233
37,0.083586,0.040212,0.442722,-0.356494,0.485956,-0.798,-0.744423,-0.663821,-0.071752,-0.564161,0.567863,0.599401,-0.010736,0.004103,0.002265,-0.000984,0.014716,-0.029553,0.485216,-0.102507,-0.029073,0.373122,-0.257575,0.859495,0.441491,-0.965649,-0.212687,-0.149059,-0.033872,-0.465789,0.88417,0.003196,-0.020262,0.018736,-0.00568,-0.313544,0.670844,0.120133,0.028451,0.029331,-0.022158,0.176517,-0.872831,0.454979,0.982877,0.131482,-0.129089,0.052851,0.469975,0.881095,0.001549,-0.009929,0.009547,-0.05424,-0.264386,0.708004,0.017837,0.087805,0.050609,-0.041018,-0.39967,0.484435,-0.778193,-0.735758,-0.675885,-0.042872,-0.546739,0.555428,0.626558,-0.00538,0.002016,0.001125,0.002327,0.01469,-0.032335,0.458338
38,0.083385,0.040324,0.442768,-0.359569,0.484789,-0.79733,-0.744316,-0.664303,-0.068311,-0.562345,0.568298,0.600694,-0.010475,0.004893,0.002557,-0.000984,0.014715,-0.029553,0.492649,-0.102475,-0.029422,0.373502,-0.254722,0.858837,0.444417,-0.965713,-0.202014,-0.162857,-0.049748,-0.471731,0.88026,0.002606,-0.017231,0.021293,2.219314,1.136081,-0.387725,0.096075,0.02846,0.029166,-0.021986,0.173308,-0.872371,0.457092,0.982586,0.121591,-0.140492,0.066983,0.473481,0.878253,0.00207,-0.013581,0.015422,0.111986,-0.076366,0.416718,-0.009105,0.087708,0.050662,-0.040997,-0.402731,0.48318,-0.777395,-0.735449,-0.676431,-0.039426,-0.544905,0.555857,0.627774,-0.005169,0.002662,0.001364,-0.008316,0.082793,-0.215045,0.469605
39,0.083105,0.040558,0.442856,-0.359686,0.482204,-0.798843,-0.743899,-0.664954,-0.066505,-0.562823,0.569735,0.598882,0.001181,0.003604,0.00133,-0.000149,-0.000825,-0.000298,0.501205,-0.101786,-0.029945,0.374622,-0.278333,0.849081,0.44898,-0.959382,-0.223276,-0.172243,-0.045631,-0.479741,0.876145,0.015629,-0.009269,0.026199,-0.040359,-0.086008,0.187497,0.129082,0.028806,0.028897,-0.021419,0.197736,-0.863801,0.463409,0.978061,0.142248,-0.152185,0.065538,0.483335,0.872978,0.01558,-0.008122,0.018212,-0.050273,-0.001447,0.002214,-0.027884,0.087563,0.050778,-0.040953,-0.402893,0.480475,-0.778986,-0.734851,-0.677184,-0.037618,-0.545591,0.557283,0.625911,-0.004816,0.003729,0.001758,0.003118,0.024924,-0.027682,0.484137
40,0.082867,0.04076,0.443137,-0.374991,0.470951,-0.798519,-0.723764,-0.686928,-0.065317,-0.578827,0.552857,0.599446,-0.008819,0.009883,0.004391,0.398014,0.037161,-0.300778,0.517803,-0.101057,-0.030584,0.37587,-0.289056,0.841752,0.455953,-0.955836,-0.227213,-0.186244,-0.052788,-0.490697,0.869652,0.017221,-0.019301,0.035657,2.119568,1.431434,-1.072883,0.175137,0.029168,0.028587,-0.020793,0.20744,-0.85829,0.469367,0.975611,0.146312,-0.163631,0.071769,0.491863,0.867708,0.008615,-0.009763,0.017727,-0.130843,0.127477,-0.371767,0.029105,0.087447,0.050874,-0.040815,-0.417841,0.469173,-0.777999,-0.714574,-0.698554,-0.037486,-0.561062,0.540275,0.627144,0.000704,-0.001323,0.006354,1.307011,0.130659,-1.017185,0.501446
41,0.082725,0.04083,0.443328,-0.384097,0.463945,-0.798292,-0.711408,-0.699795,-0.064475,-0.588084,0.542566,0.599839,-0.008812,0.009883,0.004387,4.412608,0.361007,-3.317628,0.520866,-0.10077,-0.030856,0.376442,-0.286971,0.840888,0.458854,-0.956041,-0.221151,-0.192387,-0.059917,-0.494937,0.866782,0.017225,-0.019305,0.035652,-0.120044,0.132417,-0.374917,0.18763,0.029311,0.028452,-0.020507,0.206205,-0.856424,0.473302,0.975119,0.139634,-0.172171,0.081363,0.497029,0.86391,0.007864,-0.004972,0.012799,-0.089305,0.122083,-0.338457,0.050496,0.087377,0.05091,-0.040718,-0.424377,0.464089,-0.777511,-0.70576,-0.707479,-0.037074,-0.567279,0.533003,0.627774,-0.004886,9e-06,0.007222,-0.034598,0.021513,-0.019598,0.510754
42,0.082511,0.040794,0.443691,-0.393692,0.455519,-0.79847,-0.69473,-0.716206,-0.066112,-0.601502,0.528124,0.599423,-0.000262,-0.00776,0.010824,1.288923,0.126677,-1.010004,0.522375,-0.100257,-0.031174,0.377429,-0.287147,0.836404,0.466869,-0.955275,-0.213973,-0.203956,-0.070309,-0.505593,0.859823,0.015257,-0.007427,0.02771,-0.075912,0.056688,-0.172695,0.179975,0.02957,0.028286,-0.020012,0.206603,-0.851795,0.481415,0.974027,0.132457,-0.183647,0.092662,0.506853,0.857037,0.006819,0.001268,0.00908,-0.047845,0.113674,-0.337452,0.065192,0.087269,0.050905,-0.040532,-0.436336,0.453361,-0.777221,-0.685016,-0.727442,-0.039752,-0.583406,0.515064,0.627969,-0.000199,-0.004067,0.005346,1.304467,0.132546,-1.017562,0.520061
43,0.082324,0.040584,0.444004,-0.399967,0.450613,-0.798135,-0.68649,-0.724215,-0.064927,-0.606788,0.521379,0.599999,-0.01204,-0.006876,0.011914,-0.035893,0.031775,-0.04574,0.522347,-0.099784,-0.031297,0.378218,-0.300813,0.830596,0.468629,-0.951353,-0.226898,-0.208276,-0.066262,-0.509516,0.857827,0.014147,0.000103,0.016131,-0.038489,-0.020758,0.022017,0.170621,0.029805,0.028227,-0.019609,0.220805,-0.847139,0.483321,0.971248,0.145765,-0.188225,0.089001,0.510986,0.854968,0.007109,-0.000185,0.00786,-0.064344,0.059224,-0.187761,0.056537,0.08718,0.0508,-0.04038,-0.442737,0.448122,-0.77664,-0.676198,-0.735685,-0.039012,-0.588845,0.507891,0.628734,-0.000182,-0.000537,-0.000192,-0.000965,-0.000103,0.000356,0.521041
44,0.082175,0.040355,0.444195,-0.401237,0.450094,-0.79779,-0.686444,-0.724384,-0.06351,-0.606001,0.521593,0.600609,-0.00141,-0.011231,0.00956,-0.034911,0.017056,-0.016187,0.522108,-0.099159,-0.031143,0.378705,-0.376905,0.79779,0.470601,-0.92596,-0.311418,-0.213424,-0.023219,-0.517186,0.855478,0.012833,0.008597,0.005357,-0.019595,-0.005391,-0.010093,0.172371,0.030122,0.028305,-0.019358,0.299394,-0.820623,0.486765,0.952982,0.232188,-0.19471,0.046762,0.522174,0.851555,0.006415,0.004305,0.002657,-0.024858,-0.008791,-0.005456,0.050006,0.087101,0.050686,-0.040285,-0.44399,0.44758,-0.776237,-0.6761,-0.73585,-0.037579,-0.588014,0.508129,0.629319,-0.000443,-0.001327,-0.000486,-0.013148,0.068775,-0.185772,0.520878
45,0.082157,0.040306,0.444218,-0.401378,0.450043,-0.797748,-0.686458,-0.724387,-0.063339,-0.605892,0.521634,0.600684,-0.000948,-0.009835,0.010073,-0.034912,0.017054,-0.016187,0.52203,-0.098766,-0.03099,0.378859,-0.394663,0.789311,0.470342,-0.918767,-0.332423,-0.212829,-0.011119,-0.517107,0.855769,0.026787,0.011595,0.006053,-0.000923,-0.038377,0.073672,0.17838,0.030309,0.028375,-0.019285,0.317838,-0.81361,0.486843,0.947511,0.253793,-0.194451,0.03465,0.523093,0.85157,0.00719,-0.000583,0.007502,-0.054127,-0.015273,-0.001979,0.053598,0.08709,0.050657,-0.040275,-0.444123,0.447531,-0.776188,-0.676114,-0.735845,-0.037408,-0.587896,0.508179,0.629388,-0.000124,-0.000361,-0.000131,-0.000433,-3.9e-05,0.000334,0.521041
46,0.082172,0.04034,0.4442,-0.402161,0.449562,-0.797625,-0.686095,-0.72479,-0.062648,-0.605782,0.52149,0.600919,0.000497,0.001502,0.000551,-0.0,-0.0,-0.0,0.521161,-0.098165,-0.030625,0.379145,-0.420413,0.77618,0.469882,-0.907329,-0.363095,-0.211777,0.006783,-0.516332,0.856282,0.012366,0.010689,0.007064,-0.230937,0.079564,-0.371017,0.187521,0.030611,0.028551,-0.019148,0.343148,-0.803266,0.486839,0.939115,0.283658,-0.193909,0.017665,0.523737,0.851696,0.006177,0.005097,0.00343,-2.59432,1.142242,-4.690138,0.063885,0.087096,0.050668,-0.040281,-0.444899,0.447041,-0.776027,-0.675738,-0.736226,-0.03671,-0.587742,0.508059,0.629629,0.000341,0.001028,0.000377,-0.012919,0.068782,-0.185955,0.521041
47,0.082184,0.040419,0.444146,-0.4002,0.451468,-0.797535,-0.689959,-0.721162,-0.062083,-0.60269,0.524855,0.601098,0.000381,0.00115,0.000422,-2e-06,-0.0,2e-06,0.521282,-0.097604,-0.030296,0.379498,-0.458963,0.754351,0.469361,-0.887855,-0.409091,-0.210456,0.03385,-0.514247,0.856894,0.013799,0.00147,0.017194,-0.053228,-0.01427,-0.005001,0.193504,0.030891,0.028719,-0.018975,0.384684,-0.784093,0.487047,0.92299,0.332641,-0.193487,-0.010301,0.523972,0.851672,0.01392,0.002009,0.008737,-0.257281,-0.007648,-0.181796,0.073193,0.087103,0.050709,-0.040307,-0.442951,0.448994,-0.776013,-0.679658,-0.732647,-0.035951,-0.584686,0.511499,0.62969,0.000254,0.00076,0.000279,6.7e-05,0.000384,0.00018,0.520551
48,0.082187,0.040446,0.444116,-0.397839,0.45362,-0.797495,-0.694024,-0.717273,-0.061833,-0.599583,0.528313,0.601176,6e-06,1.7e-05,6e-06,-0.000964,-7.5e-05,0.000727,0.521041,-0.097285,-0.030172,0.379717,-0.475542,0.744205,0.469053,-0.878552,-0.429113,-0.209624,0.04589,-0.51269,0.857267,0.013887,0.000998,0.016794,-0.034067,-0.022886,0.029957,0.196369,0.031055,0.028787,-0.018861,0.402124,-0.775305,0.487028,0.915308,0.353482,-0.193029,-0.0225,0.523403,0.851787,0.01397,0.001732,0.008502,-0.036621,-0.037096,0.054391,0.077765,0.087105,0.050725,-0.040322,-0.440615,0.451195,-0.776066,-0.683789,-0.728814,-0.035499,-0.581626,0.515025,0.629649,1e-06,-7e-06,-3e-06,-0.002955,0.000391,0.002547,0.520715
49,0.082172,0.040498,0.444054,-0.400947,0.452052,-0.796828,-0.693674,-0.717906,-0.058302,-0.597912,0.528798,0.602413,-0.0,-0.0,-0.0,-0.143458,0.091925,-0.180979,0.521124,-0.096545,-0.03004,0.380381,-0.521029,0.716433,0.463944,-0.849888,-0.485781,-0.204058,0.079854,-0.501503,0.861383,0.013607,0.002225,0.01778,-0.262061,0.074895,-0.39648,0.201796,0.03143,0.028853,-0.018524,0.449767,-0.751566,0.482552,0.891312,0.412286,-0.188627,-0.057184,0.514944,0.855314,0.006787,0.001175,0.008918,-0.265068,0.09564,-0.392393,0.084134,0.087102,0.05075,-0.040353,-0.443014,0.449886,-0.775461,-0.683267,-0.729429,-0.032837,-0.580417,0.5153,0.63054,1.2e-05,4e-06,-4e-06,-1.592343,1.021888,-2.01251,0.520715
50,0.08216,0.040571,0.444031,-0.405413,0.449992,-0.795735,-0.693824,-0.718194,-0.052718,-0.594717,0.530163,0.604372,0.000451,0.001361,0.000499,-0.143447,0.091976,-0.180962,0.520689,-0.095687,-0.030131,0.381434,-0.556377,0.697734,0.451224,-0.823503,-0.535518,-0.187079,0.111823,-0.47653,0.87194,0.014521,-0.004475,0.029967,-0.268612,-0.28736,-0.081656,0.217488,0.03186,0.028804,-0.017999,0.48678,-0.735885,0.470657,0.868712,0.464293,-0.172539,-0.091554,0.492854,0.865281,0.007236,-0.002165,0.015021,-0.267351,-0.308139,-0.084203,0.09834,0.087091,0.050785,-0.040365,-0.447916,0.447491,-0.774029,-0.683161,-0.729783,-0.026579,-0.576768,0.516882,0.63259,0.000666,0.005488,-0.004828,-0.494728,0.321625,-0.649397,0.519898
51,0.082086,0.040637,0.444082,-0.409595,0.448163,-0.794624,-0.694174,-0.71823,-0.047326,-0.591431,0.531663,0.606277,-0.010685,0.004187,0.002296,-0.000984,0.014715,-0.029553,0.521409,-0.095042,-0.030485,0.382885,-0.581176,0.684869,0.439522,-0.802898,-0.570634,-0.172234,0.133595,-0.453832,0.880938,0.015421,-0.011088,0.042212,-0.735237,-0.541543,0.225468,0.222201,0.032183,0.028626,-0.017275,0.51296,-0.725203,0.459294,0.850675,0.501126,-0.158818,-0.114989,0.472177,0.87397,0.007659,-0.005398,0.021202,-0.805141,-0.568588,0.260282,0.110423,0.087058,0.050818,-0.040339,-0.45215,0.445518,-0.772705,-0.683281,-0.729853,-0.020988,-0.573312,0.518485,0.634417,0.000243,0.000736,0.000271,0.0026,-0.001643,0.003112,0.518755
52,0.082026,0.040691,0.444127,-0.409713,0.448132,-0.794581,-0.694162,-0.718249,-0.047214,-0.591362,0.531663,0.606343,0.000939,0.002833,0.001037,0.001828,-0.009982,0.026972,0.520688,-0.094871,-0.030651,0.38367,-0.601797,0.669383,0.435612,-0.785225,-0.595535,-0.169393,0.146804,-0.444816,0.883431,0.001032,-0.011868,0.043316,-0.159988,-0.011602,-0.155479,0.222071,0.032268,0.028546,-0.016899,0.534834,-0.71171,0.455433,0.835103,0.527314,-0.156656,-0.128663,0.464119,0.876378,0.006698,0.000214,0.016932,-0.288805,0.077426,-0.398338,0.112709,0.087023,0.050843,-0.040317,-0.45228,0.445475,-0.772653,-0.683245,-0.72989,-0.020875,-0.573251,0.518471,0.634484,0.000248,0.000748,0.000276,0.000345,-0.000212,0.000414,0.518102
53,0.08188,0.040785,0.444142,-0.407476,0.450336,-0.794485,-0.698187,-0.714358,-0.046899,-0.588167,0.535026,0.606494,-0.011038,0.003111,0.001902,-0.000984,0.014715,-0.029553,0.521209,-0.094751,-0.031009,0.385234,-0.620798,0.656628,0.428299,-0.768216,-0.618516,-0.16497,0.157381,-0.432246,0.887838,0.001307,-0.013137,0.042229,-0.113374,-0.08331,0.129691,0.226998,0.032327,0.028375,-0.016112,0.555032,-0.700422,0.448716,0.819864,0.55179,-0.152804,-0.14057,0.452698,0.880513,-8.9e-05,-0.002051,0.015949,-0.133464,-0.033926,0.043398,0.118098,0.086956,0.050895,-0.040308,-0.450025,0.44775,-0.772656,-0.687349,-0.72604,-0.020397,-0.570112,0.521905,0.634496,2e-06,3e-06,3e-06,0.000199,0.000136,-5.5e-05,0.518592
54,0.081759,0.040802,0.444105,-0.408048,0.45001,-0.794376,-0.697876,-0.714691,-0.046457,-0.588139,0.534856,0.60667,-0.000312,-0.00094,-0.000344,0.0,0.0,0.0,0.521086,-0.094826,-0.031402,0.386593,-0.626295,0.65216,0.427122,-0.762434,-0.626721,-0.160778,0.163635,-0.427148,0.889174,-0.01345,-0.009691,0.029111,-0.071616,0.008351,-0.047827,0.222515,0.032289,0.028178,-0.015413,0.560682,-0.696499,0.447799,0.814795,0.560387,-0.148575,-0.147459,0.448168,0.881703,-0.006723,-0.004958,0.014462,-0.070915,0.008437,-0.045543,0.119404,0.086891,0.050904,-0.040327,-0.45061,0.447401,-0.772516,-0.686999,-0.726383,-0.019955,-0.570071,0.521726,0.63468,-0.000202,-0.000606,-0.00022,8.8e-05,-1.3e-05,-9.6e-05,0.518918
55,0.081721,0.040776,0.444087,-0.408191,0.449929,-0.794348,-0.697802,-0.71477,-0.046343,-0.588127,0.534818,0.606715,-0.00068,-0.002046,-0.000749,0.0,0.0,0.0,0.521221,-0.094948,-0.031593,0.387208,-0.629897,0.648885,0.426812,-0.758732,-0.631571,-0.159301,0.167,-0.424976,0.889589,-0.013484,-0.009498,0.029246,-0.063466,-0.063042,0.137616,0.215573,0.032233,0.028084,-0.015118,0.564603,-0.693469,0.447573,0.811435,0.56557,-0.147314,-0.150976,0.446351,0.882029,-0.006796,-0.004592,0.014749,-0.069884,-0.002276,-0.018945,0.114342,0.086873,0.050893,-0.040335,-0.450751,0.447317,-0.772482,-0.686918,-0.726463,-0.019845,-0.570058,0.521687,0.634724,-0.000399,-0.001201,-0.000439,-0.001743,0.009988,-0.027042,0.518755
