frame,MLTx,MLTy,MLTz,MLTR1,MLTR2,MLTR3,MLTR4,MLTR5,MLTR6,MLTR7,MLTR8,MLTR9,MLTTVx,MLTTVy,MLTTVz,MLTRVx,MLTRVy,MLTRVz,MLGA,MRTx,MRTy,MRTz,MRTR1,MRTR2,MRTR3,MRTR4,MRTR5,MRTR6,MRTR7,MRTR8,MRTR9,MRTTVx,MRTTVy,MRTTVz,MRTRVx,MRTRVy,MRTRVz,MRGA,SLTx,SLTy,SLTz,SLTR1,SLTR2,SLTR3,SLTR4,SLTR5,SLTR6,SLTR7,SLTR8,SLTR9,SLTTVx,SLTTVy,SLTTVz,SLTRVx,SLTRVy,SLTRVz,SLGA,SRTx,SRTy,SRTz,SRTR1,SRTR2,SRTR3,SRTR4,SRTR5,SRTR6,SRTR7,SRTR8,SRTR9,SRTTVx,SRTTVy,SRTTVz,SRTRVx,SRTRVy,SRTRVz,SRGA
1,0.176015,-0.017269,0.377515,-0.468683,0.73731,-0.486575,-0.831761,-0.553799,-0.038108,-0.296986,0.385933,0.873431,-0.000313,-0.007902,-0.005785,0.005629,-0.069277,0.155224,-0.025015,-0.204291,-0.052237,0.324268,-0.980165,-0.098823,0.17176,0.178836,-0.813688,0.553049,0.086341,0.572918,0.814968,-0.002179,-0.017761,-0.020643,-0.075664,-0.163812,0.092535,-0.044059,0.025677,0.017394,-0.007806,0.983953,0.057045,0.16906,-0.143056,0.818488,0.556426,-0.106633,-0.571683,0.813515,-0.001106,-0.009112,-0.010586,-0.267793,-0.651631,0.455237,-0.119163,0.086478,0.033914,-0.029389,0.510025,-0.714528,-0.478876,0.805733,0.591758,-0.024814,0.301109,-0.37319,0.877531,-0.00015,-0.003882,-0.002846,-0.00363,0.000972,-0.028185,-0.13653
2,0.176179,-0.017668,0.377038,-0.449051,0.749501,-0.486463,-0.846216,-0.53147,-0.037816,-0.286332,0.393736,0.873506,0.013114,-0.017425,-0.013243,-0.007321,0.008523,-0.011206,-0.462329,-0.204508,-0.052824,0.323527,-0.982113,-0.098394,0.160515,0.172301,-0.812467,0.556905,0.076855,0.574721,0.814648,-0.017414,-0.014823,-0.016518,-0.005659,0.041055,-0.080629,-0.493562,0.025567,0.017091,-0.008189,0.98588,0.056377,0.157675,-0.136331,0.816986,0.560309,-0.09723,-0.573893,0.813137,-0.008686,-0.007337,-0.008168,-0.003425,0.047386,-0.080098,-0.390062,0.086555,0.033728,-0.029617,0.490795,-0.727648,-0.479216,0.821297,0.569981,-0.024325,0.290844,-0.38164,0.877359,-0.000478,-0.003854,-0.011275,0.019842,-0.070602,0.187889,-0.380486
3,0.176284,-0.017893,0.376603,-0.44673,0.750324,-0.487331,-0.847095,-0.529943,-0.039521,-0.287363,0.394224,0.872947,-0.00133,0.000114,-0.033726,0.075854,-0.078184,0.168282,-0.877578,-0.204808,-0.053107,0.323115,-0.981957,-0.098783,0.161229,0.173021,-0.812455,0.556699,0.077237,0.574672,0.814647,-0.017777,-0.017461,-0.019688,-0.005658,0.041064,-0.080625,-0.958979,0.025424,0.016961,-0.008381,0.985752,0.056668,0.158371,-0.136954,0.817027,0.560098,-0.097654,-0.573807,0.813147,-0.009163,-0.00382,-0.014724,0.029705,0.045205,-0.085997,-0.531962,0.086613,0.033607,-0.029828,0.48866,-0.72852,-0.480072,0.822218,0.568582,-0.02591,0.291836,-0.382063,0.876845,0.006365,-0.005558,-0.01277,0.041683,-0.083005,0.177459,-0.528917
4,0.176114,-0.018012,0.375452,-0.453874,0.751104,-0.479465,-0.847712,-0.529719,-0.027473,-0.274059,0.393042,0.877745,-0.015062,0.002846,-0.03136,0.052284,0.031064,-0.050945,-1.583128,-0.205338,-0.053491,0.321962,-0.979573,-0.103507,0.172378,0.182519,-0.816602,0.547523,0.085327,0.567929,0.818559,-0.003099,0.004263,-0.037797,0.289774,-0.199312,0.03616,-1.400827,0.025154,0.016757,-0.008948,0.983571,0.060662,0.17002,-0.14601,0.821173,0.551684,-0.106149,-0.567445,0.816539,-0.009082,-0.002946,-0.013782,0.503416,0.001696,-0.359797,-0.827518,0.086533,0.033533,-0.030402,0.495741,-0.728981,-0.472044,0.822675,0.568345,-0.013726,0.27829,-0.381535,0.881467,-0.007501,0.001734,-0.015442,-0.119244,0.161194,-0.14105,-0.825126
5,0.175623,-0.017551,0.374182,-0.468952,0.75114,-0.464669,-0.846785,-0.531881,-0.005312,-0.250563,0.390047,0.886063,-0.015071,0.019695,-0.035797,-0.077454,0.135645,-0.091322,-1.907144,-0.205613,-0.053343,0.321023,-0.979697,-0.106504,0.169832,0.183003,-0.820156,0.542022,0.082797,0.562228,0.822744,-0.001556,0.002136,-0.01894,0.188083,-0.106071,-0.073426,-1.404023,0.025014,0.016822,-0.009444,0.983863,0.064005,0.167083,-0.146325,0.825235,0.545505,-0.102967,-0.56115,0.821284,-0.000734,0.001297,-0.00919,0.232018,-0.132674,-0.085864,-0.993094,0.086281,0.033757,-0.031067,0.51049,-0.728369,-0.45703,0.821311,0.570418,0.008306,0.254649,-0.379605,0.889411,-0.007504,0.010098,-0.017705,-0.079797,0.137315,-0.093021,-1.109252
6,0.175386,-0.017193,0.373578,-0.473809,0.750435,-0.460866,-0.845327,-0.534222,-0.000929,-0.24632,0.388206,0.88806,-0.014904,0.023651,-0.032835,0.100183,0.067564,-0.150811,-1.912344,-0.205772,-0.053227,0.320636,-0.979664,-0.106626,0.169947,0.183098,-0.82062,0.541287,0.082981,0.561527,0.823204,-0.016952,0.004055,-0.015863,0.034786,0.015178,-0.038085,-1.404263,0.024934,0.016883,-0.009641,0.983817,0.06455,0.167138,-0.1467,0.825771,0.544592,-0.102864,-0.560298,0.821878,-0.008428,0.002291,-0.007615,0.015686,0.02359,-0.036541,-0.955048,0.086162,0.033934,-0.031371,0.515226,-0.727441,-0.453177,0.819674,0.57269,0.012621,0.250349,-0.377961,0.89133,-0.007419,0.012103,-0.016203,0.108311,0.061315,-0.146993,-1.140277
7,0.175015,-0.016548,0.372683,-0.488313,0.743116,-0.457575,-0.836068,-0.548599,0.001175,-0.249551,0.382211,0.889756,-0.000696,0.016058,-0.021941,0.065475,0.063367,-0.140933,-1.892567,-0.205995,-0.053015,0.320303,-0.979463,-0.108738,0.169768,0.184477,-0.82224,0.538352,0.082285,0.558749,0.825162,-0.000274,0.012094,-0.007084,0.038681,-0.02492,0.043156,-1.40176,0.024823,0.016979,-0.009813,0.983697,0.066634,0.167031,-0.148037,0.82739,0.541765,-0.1021,-0.55766,0.823765,-0.0077,0.000871,0.001444,-0.010271,0.019326,-0.027924,-0.968437,0.085978,0.034255,-0.031806,0.52922,-0.71948,-0.449748,0.809769,0.586568,0.014502,0.253374,-0.371867,0.893036,-0.007122,0.002844,-0.006149,0.034024,0.016127,-0.036131,-1.11562
8,0.174774,-0.016365,0.372292,-0.527564,0.715877,-0.457429,-0.805156,-0.593038,0.000384,-0.270349,0.367611,0.889832,-3.5e-05,-0.000811,-0.000609,0.020492,-1.7e-05,-0.039862,-0.928031,-0.206234,-0.052761,0.320588,-0.978937,-0.120475,0.1648,0.191668,-0.819338,0.540262,0.071173,0.560619,0.824927,0.001592,-0.001919,0.019198,-0.047804,0.086378,-0.168823,-1.071391,0.024702,0.017109,-0.009683,0.983697,0.078266,0.161908,-0.155121,0.824777,0.543764,-0.09098,-0.560014,0.823471,-0.007153,0.005081,0.006448,-0.004744,-0.028263,0.020458,-0.900509,0.085857,0.034351,-0.032011,0.56727,-0.690408,-0.448932,0.776783,0.629627,0.013244,0.273516,-0.356236,0.893467,-0.006915,-0.000244,3e-05,0.227735,0.014546,-0.475989,-0.978783
9,0.174525,-0.016404,0.372577,-0.541536,0.70635,-0.455909,-0.794676,-0.607,0.003373,-0.273688,0.363245,0.890604,-0.013274,-0.003283,0.014939,-0.035853,0.012855,-0.023118,-0.167448,-0.2062,-0.05246,0.321316,-0.978367,-0.142629,0.149818,0.202009,-0.813133,0.54584,0.045203,0.564474,0.824129,0.002222,0.00297,0.024929,-0.107149,-0.205986,0.173882,-0.548218,0.02472,0.017265,-0.009311,0.983961,0.100553,0.147334,-0.165941,0.818998,0.549277,-0.065435,-0.564916,0.822548,0.008909,0.001444,0.012019,-0.303914,-0.715783,0.552316,-0.712235,0.085738,0.034328,-0.031878,0.580859,-0.680159,-0.447197,0.765526,0.643203,0.016059,0.276716,-0.351669,0.89429,0.000278,-0.001643,0.007266,-0.035215,-0.002392,0.008189,-0.804225
10,0.174443,-0.016484,0.372902,-0.541384,0.706438,-0.455954,-0.794985,-0.606592,0.003991,-0.273092,0.363755,0.890578,0.000829,-0.012908,0.024295,-0.070618,0.008451,-0.013238,0.019909,-0.206115,-0.052311,0.321714,-0.979003,-0.142061,0.146161,0.199526,-0.81283,0.547203,0.042303,0.565052,0.823887,0.002125,0.002262,0.024046,-0.034601,-0.001558,0.007927,-0.338127,0.024764,0.017346,-0.009096,0.984598,0.099917,0.143461,-0.163311,0.818559,0.550718,-0.062405,-0.565665,0.82227,0.001076,0.001292,0.012211,-0.031879,0.005416,0.004625,-0.642673,0.085692,0.034297,-0.031721,0.580681,-0.680275,-0.447252,0.765853,0.642799,0.016627,0.276182,-0.352185,0.894253,-0.00659,-0.000518,0.008309,-0.030347,-0.071033,0.158423,-0.740542
11,0.174375,-0.016638,0.373578,-0.544795,0.703616,-0.456254,-0.792282,-0.610111,0.005031,-0.274155,0.363344,0.890419,0.000618,-0.001895,0.015546,-0.034702,-0.001835,0.006125,0.269677,-0.205901,-0.052081,0.322506,-0.979125,-0.141731,0.145661,0.199005,-0.812441,0.547969,0.041912,0.565694,0.823466,0.002082,0.002016,0.023675,-0.032783,-0.014529,0.033543,-0.054628,0.024872,0.017464,-0.008697,0.9847,0.099537,0.143028,-0.162803,0.818163,0.551456,-0.06213,-0.566305,0.82185,0.001028,0.000994,0.011819,-0.032599,-0.013841,0.034295,-0.542902,0.085658,0.03422,-0.03137,0.583971,-0.6773,-0.447483,0.762989,0.646169,0.017685,0.277172,-0.351752,0.894117,-0.006607,-0.000884,0.008029,-0.029981,-0.070831,0.157098,-0.644527
12,0.174256,-0.01683,0.374305,-0.568739,0.684225,-0.456527,-0.771074,-0.636693,0.006232,-0.285703,0.354706,0.890272,0.000614,-0.00201,0.015448,0.039411,-0.085962,0.054059,0.415626,-0.205719,-0.051972,0.323233,-0.978896,-0.142233,0.146708,0.200055,-0.811688,0.548703,0.042273,0.56665,0.822791,0.001163,0.009134,0.01067,0.001804,-0.012983,0.025663,0.080736,0.024963,0.01752,-0.008332,0.984495,0.100023,0.144097,-0.163874,0.817455,0.552189,-0.062562,-0.567242,0.821171,0.008574,-0.000842,0.009237,-0.032453,-0.016336,0.037712,-0.440846,0.085599,0.034127,-0.031005,0.607062,-0.6568,-0.447312,0.740529,0.671765,0.018627,0.288255,-0.342556,0.894183,-0.006613,-0.00103,0.007914,0.192446,0.009818,-0.469558,-0.37967
13,0.174164,-0.016945,0.374629,-0.587474,0.667229,-0.457957,-0.752114,-0.658996,0.004571,-0.298018,0.346287,0.889549,0.000543,-0.003592,0.014267,2.49789,-0.027079,-4.913239,0.457954,-0.205655,-0.05198,0.323572,-0.978703,-0.142665,0.147576,0.200929,-0.811201,0.549103,0.042611,0.567238,0.822368,0.001504,-0.002443,0.01838,-0.034585,-0.001523,0.007892,0.120966,0.024994,0.01752,-0.008165,0.984326,0.100441,0.144953,-0.164741,0.817022,0.55257,-0.062929,-0.567789,0.820764,0.00073,-0.001312,0.009081,-0.034527,-0.001202,0.008362,-0.292578,0.085553,0.034072,-0.030841,0.621225,-0.642541,-0.448573,0.724617,0.68895,0.016656,0.298343,-0.335391,0.89359,-0.00653,-0.007041,0.011912,-0.069966,0.035989,-0.080237,-0.228626
14,0.173935,-0.017111,0.375186,-0.605876,0.649634,-0.459277,-0.732563,-0.680669,0.003492,-0.309599,0.337753,0.888874,-0.01331,-0.004518,0.013985,-0.03585,0.012939,-0.023078,0.517162,-0.205496,-0.052048,0.324092,-0.978018,-0.143273,0.151475,0.20365,-0.810696,0.548847,0.045399,0.567808,0.821825,0.000704,0.005569,0.006476,0.001807,-0.012942,0.025683,0.190552,0.025074,0.017483,-0.007901,0.983678,0.10105,0.148883,-0.167487,0.816621,0.552338,-0.065767,-0.568259,0.820216,0.000542,-0.002793,0.007349,-0.034975,-0.002378,0.008988,-0.029843,0.085444,0.03399,-0.030562,0.642616,-0.620446,-0.449544,0.699999,0.713981,0.015225,0.31152,-0.324464,0.893128,-0.006681,-0.002675,0.006686,-0.039617,0.025799,-0.047725,0.079503
15,0.173768,-0.017184,0.375442,-0.609993,0.642779,-0.463453,-0.72431,-0.689448,-0.003003,-0.320705,0.333048,0.88671,0.0003,-0.008909,0.010321,0.146479,-0.129935,0.074896,0.520626,-0.205323,-0.052125,0.324504,-0.977637,-0.143159,0.15402,0.204997,-0.810535,0.548583,0.047537,0.568067,0.821525,0.001034,-0.006119,0.01407,-0.034586,-0.001531,0.007888,0.280014,0.025161,0.017445,-0.007695,0.983305,0.100919,0.151414,-0.168814,0.816523,0.552079,-0.067918,-0.568423,0.819927,0.000497,-0.00317,0.006905,-0.035148,-0.002888,0.009194,0.122833,0.085355,0.033959,-0.03043,0.646543,-0.61341,-0.453551,0.69148,0.722341,0.008776,0.322236,-0.319295,0.891186,2.1e-05,0.000556,0.000417,0.670401,-0.516315,0.350205,0.389919
16,0.173684,-0.017189,0.375416,-0.607577,0.643041,-0.466255,-0.724057,-0.689676,-0.007771,-0.325813,0.33207,0.885213,-4.9e-05,-0.001047,-0.000775,4e-06,-3e-06,2e-06,0.521124,-0.205149,-0.052189,0.324786,-0.977601,-0.143217,0.154194,0.205173,-0.810163,0.549067,0.04752,0.568583,0.821169,0.000778,-0.008162,0.011696,-0.036396,0.011367,-0.017818,0.333549,0.025248,0.017417,-0.007557,0.983278,0.100963,0.151557,-0.168972,0.816173,0.552548,-0.06791,-0.568917,0.819585,0.000156,0.001295,0.001498,5e-06,7.2e-05,0.000137,0.216562,0.085318,0.033952,-0.03044,0.64403,-0.613851,-0.45652,0.691355,0.722504,0.003819,0.327494,-0.318077,0.889704,-0.000164,0.004162,-0.005374,0.029947,-0.006242,0.018402,0.497364
17,0.173651,-0.017209,0.375377,-0.606331,0.643192,-0.467667,-0.723933,-0.689775,-0.010195,-0.328395,0.331574,0.884445,-0.013902,-0.001904,-0.001003,-0.000983,0.014714,-0.029553,0.52077,-0.205037,-0.052177,0.324858,-0.977609,-0.143198,0.154166,0.205146,-0.810109,0.549157,0.047486,0.568665,0.821114,0.000249,0.001997,0.002313,0.0,-0.0,-0.0,0.353466,0.025304,0.017419,-0.007518,0.983281,0.100948,0.151544,-0.168961,0.816101,0.552658,-0.067886,-0.569023,0.819513,0.007884,0.000936,0.000671,0.002075,-0.015136,0.029349,0.251343,0.085302,0.033942,-0.030459,0.642806,-0.614072,-0.457946,0.691282,0.722582,0.001403,0.330042,-0.317472,0.888978,-6.2e-05,-0.001315,-0.000974,-0.005674,0.015271,-0.027257,0.508141
18,0.173626,-0.017278,0.375301,-0.605063,0.643354,-0.469085,-0.723814,-0.689859,-0.012629,-0.330981,0.331084,0.883664,-9.4e-05,-0.002007,-0.001488,0.0,-0.0,0.0,0.520958,-0.204749,-0.052104,0.324927,-0.977517,-0.143414,0.154544,0.205539,-0.810035,0.549118,0.047668,0.568715,0.821069,0.01571,0.001391,0.000784,-0.010439,0.073836,-0.148141,0.386603,0.025442,0.017454,-0.007484,0.983224,0.101102,0.151816,-0.169243,0.816061,0.552631,-0.068019,-0.569054,0.819482,0.000129,0.001055,0.001219,-1e-05,5.8e-05,6e-05,0.304412,0.085284,0.033905,-0.030499,0.641581,-0.6143,-0.459356,0.691211,0.722651,-0.000993,0.332564,-0.316875,0.888251,-6.5e-05,-0.001393,-0.001032,-0.002744,0.013124,-0.026185,0.514836
19,0.173643,-0.017327,0.375238,-0.608832,0.639776,-0.469101,-0.719718,-0.69413,-0.012692,-0.332986,0.329093,0.883654,-0.000298,0.008934,-0.010304,0.035753,-0.010237,0.019705,0.521558,-0.204344,-0.052026,0.32498,-0.977449,-0.14358,0.154822,0.205834,-0.809995,0.549068,0.047802,0.568731,0.82105,0.015761,0.001861,0.001319,-0.010437,0.073841,-0.148139,0.411326,0.025644,0.017491,-0.00746,0.983164,0.101268,0.152094,-0.169537,0.816033,0.552581,-0.068155,-0.569064,0.819463,0.007902,0.001105,0.000856,0.00386,-0.028083,0.054992,0.346215,0.085292,0.033877,-0.030533,0.645183,-0.610556,-0.459302,0.686931,0.72672,-0.001103,0.334458,-0.314798,0.888278,-0.000146,0.004485,-0.005139,0.035332,-0.010251,0.020332,0.517122
20,0.173642,-0.01734,0.375203,-0.608637,0.639896,-0.469189,-0.719833,-0.694008,-0.012849,-0.333092,0.329117,0.883605,-0.000316,0.008534,-0.010601,0.035753,-0.010238,0.019705,0.521572,-0.204083,-0.051986,0.325011,-0.977473,-0.14353,0.154714,0.205731,-0.810014,0.549078,0.047744,0.568717,0.821064,0.015786,0.002101,0.00159,0.002045,-0.015205,0.029245,0.416772,0.025774,0.017511,-0.007445,0.983159,0.101287,0.152114,-0.169564,0.816029,0.552579,-0.068161,-0.569066,0.819461,0.007919,0.001262,0.001031,0.003854,-0.02809,0.05499,0.360095,0.085292,0.033869,-0.030545,0.645001,-0.610685,-0.459387,0.687064,0.726595,-0.001227,0.334538,-0.314837,0.888234,-0.006949,-0.000869,-0.000441,-0.001282,0.014717,-0.029005,0.517286
21,0.173618,-0.017351,0.375132,-0.611919,0.636592,-0.469415,-0.716009,-0.697945,-0.01325,-0.335306,0.327201,0.88348,-5.5e-05,-0.001181,-0.000877,0.0,0.0,-0.0,0.521083,-0.20351,-0.051868,0.325117,-0.977604,-0.143245,0.154155,0.205177,-0.810117,0.549133,0.047456,0.568641,0.821132,0.016002,0.004002,0.003771,0.003852,-0.028108,0.054948,0.416782,0.026055,0.017565,-0.007397,0.983267,0.101018,0.151594,-0.169046,0.816103,0.552628,-0.067891,-0.569007,0.819524,0.008014,0.002113,0.002005,-0.008607,0.06095,-0.122416,0.370055,0.08528,0.033867,-0.030585,0.648115,-0.607243,-0.459566,0.683072,0.730348,-0.001716,0.336685,-0.312805,0.888141,-3.8e-05,-0.000856,-0.000637,0.005871,-0.082775,0.181254,0.517612
22,0.173554,-0.017362,0.375087,-0.611611,0.636788,-0.469551,-0.716196,-0.697749,-0.013497,-0.335469,0.327239,0.883404,-6.3e-05,-0.001349,-0.001002,0.0,0.0,0.0,0.521377,-0.202917,-0.05168,0.325302,-0.977821,-0.142756,0.153225,0.204244,-0.810291,0.549224,0.046984,0.568516,0.821246,0.016228,0.006075,0.006138,0.003852,-0.028108,0.054948,0.411942,0.026351,0.017656,-0.007308,0.983457,0.100534,0.15068,-0.168124,0.816235,0.552715,-0.067424,-0.568905,0.819634,0.008095,0.002883,0.002881,0.003867,-0.0281,0.05496,0.368749,0.085248,0.033862,-0.030607,0.647807,-0.607464,-0.459708,0.683285,0.730148,-0.001961,0.336846,-0.312842,0.888067,-3.5e-05,-0.000743,-0.000551,-0.001065,0.011994,-0.025846,0.517612
23,0.173492,-0.017354,0.375095,-0.611239,0.637025,-0.469714,-0.716454,-0.69748,-0.013712,-0.335597,0.327351,0.883314,1.1e-05,0.000236,0.000175,0.0,0.0,0.0,0.5213,-0.202353,-0.051399,0.325562,-0.978026,-0.142297,0.152345,0.203362,-0.810484,0.549267,0.046547,0.568354,0.821383,0.016378,0.007598,0.007856,0.003851,-0.028109,0.054948,0.401391,0.026645,0.017802,-0.007172,0.983656,0.100026,0.149718,-0.167152,0.816402,0.552763,-0.066939,-0.568754,0.819778,0.008199,0.003906,0.004041,0.003899,-0.028113,0.054957,0.361238,0.085217,0.033863,-0.030604,0.647442,-0.607725,-0.459877,0.683567,0.729884,-0.002171,0.336976,-0.312951,0.887979,8e-06,0.00015,0.000115,-0.000113,1.5e-05,0.000235,0.517775
24,0.173461,-0.017354,0.375096,-0.61118,0.637063,-0.469739,-0.716495,-0.697437,-0.013746,-0.335617,0.327367,0.883301,0.0,3e-06,3e-06,0.0,0.0,0.0,0.521313,-0.20209,-0.05123,0.325727,-0.978139,-0.14204,0.151855,0.202869,-0.81059,0.549292,0.046304,0.568267,0.821457,0.016523,0.008991,0.009432,0.005658,-0.041015,0.08065,0.394143,0.026776,0.017886,-0.007091,0.983757,0.099765,0.149226,-0.166654,0.816488,0.552787,-0.066693,-0.568677,0.819852,0.008266,0.004563,0.004784,0.005679,-0.041011,0.080654,0.354053,0.085201,0.033864,-0.030603,0.647383,-0.60777,-0.459902,0.683614,0.72984,-0.002205,0.336995,-0.312969,0.887966,1e-06,8e-06,6e-06,-9.7e-05,2e-06,0.000192,0.517449
25,0.173409,-0.017346,0.375092,-0.610793,0.637309,-0.46991,-0.716754,-0.697166,-0.013993,-0.33577,0.327466,0.883206,0.0,0.0,0.0,0.0,0.0,0.0,0.521174,-0.201629,-0.050846,0.326142,-0.978373,-0.141503,0.150846,0.201852,-0.810778,0.54939,0.045796,0.568132,0.821579,0.001232,0.010853,0.01239,0.001806,-0.012905,0.025702,0.378974,0.027007,0.018075,-0.006887,0.983961,0.099233,0.148234,-0.165649,0.81663,0.552879,-0.066188,-0.568566,0.81997,0.008371,0.005649,0.005997,0.005644,-0.041003,0.080654,0.336091,0.085175,0.033869,-0.030606,0.647006,-0.608037,-0.460079,0.683894,0.729577,-0.002447,0.337152,-0.313062,0.887873,-3e-06,3e-06,5e-06,-7e-05,-1.5e-05,0.000134,0.517939
26,0.173377,-0.017329,0.375067,-0.610593,0.637434,-0.47,-0.716865,-0.697049,-0.014177,-0.335896,0.327473,0.883155,-1e-06,-2.4e-05,-1.8e-05,0.0,0.0,0.0,0.521164,-0.201256,-0.050391,0.326609,-0.978492,-0.141233,0.150326,0.20133,-0.810904,0.549396,0.045541,0.56802,0.821671,0.016685,0.011052,0.011666,0.00385,-0.028111,0.054947,0.373931,0.027188,0.018305,-0.00665,0.984062,0.098971,0.147734,-0.165144,0.81673,0.552882,-0.065939,-0.568468,0.820058,0.00067,0.006036,0.006852,0.003619,-0.025815,0.051415,0.323517,0.085159,0.033877,-0.030618,0.646811,-0.608174,-0.460173,0.684017,0.729461,-0.00263,0.337278,-0.313065,0.887825,0.0,-7e-06,-3e-06,-3.3e-05,1.2e-05,9.7e-05,0.517939
27,0.173356,-0.017321,0.37506,-0.610619,0.637418,-0.469987,-0.716838,-0.697076,-0.014185,-0.335906,0.327446,0.883162,-0.0,-0.0,-0.0,0.0,0.0,0.0,0.521449,-0.201093,-0.050138,0.326841,-0.978525,-0.141163,0.15018,0.201186,-0.810975,0.549344,0.045479,0.567936,0.821733,0.001199,0.010766,0.0122,-0.010655,0.076175,-0.151667,0.373541,0.027269,0.018429,-0.006537,0.984114,0.098839,0.147478,-0.164884,0.816811,0.55284,-0.065819,-0.568374,0.820132,0.000659,0.005973,0.006762,0.003603,-0.025807,0.051401,0.321395,0.085149,0.033881,-0.030621,0.646834,-0.608159,-0.46016,0.683991,0.729485,-0.002639,0.337285,-0.313038,0.887831,-1e-06,5e-06,8e-06,-3.5e-05,3e-06,6.5e-05,0.517775
28,0.173325,-0.017299,0.375053,-0.610398,0.637557,-0.470086,-0.716972,-0.696934,-0.014359,-0.33602,0.327476,0.883106,1e-06,1.3e-05,9e-06,0.0,0.0,0.0,0.521129,-0.200785,-0.049667,0.327232,-0.978764,-0.139209,0.150448,0.199825,-0.810018,0.551248,0.046362,0.569777,0.820407,0.001155,0.010477,0.01182,-0.327984,0.205603,0.191397,0.373194,0.027429,0.018668,-0.006337,0.984206,0.098131,0.147333,-0.164258,0.816562,0.553394,-0.066002,-0.568855,0.819785,0.000514,0.004728,0.005328,-0.598326,0.338868,0.188359,0.319925,0.085133,0.033892,-0.030625,0.646621,-0.608308,-0.460262,0.684135,0.729349,-0.00281,0.337401,-0.313064,0.887778,-1e-06,4e-06,4e-06,-2.1e-05,-5e-06,5.8e-05,0.518102
29,0.173314,-0.017291,0.375046,-0.610286,0.637627,-0.470136,-0.71704,-0.696862,-0.014446,-0.336078,0.327493,0.883078,0.0,0.0,0.0,0.0,0.0,0.0,0.521075,-0.200502,-0.049236,0.327484,-0.979007,-0.137241,0.150669,0.198423,-0.809151,0.553025,0.047252,0.571481,0.81917,0.00085,0.007791,0.008758,-0.280267,0.183637,0.144718,0.361837,0.027571,0.01889,-0.006204,0.984384,0.095701,0.147743,-0.162674,0.815262,0.555773,-0.067262,-0.571129,0.818099,0.000411,0.003803,0.004272,-0.400646,0.229636,0.144566,0.31225,0.085128,0.033896,-0.030628,0.646513,-0.608384,-0.460314,0.684208,0.729281,-0.002896,0.33746,-0.313078,0.887751,2e-06,-3e-06,-0.0,-1.5e-05,1.6e-05,5.8e-05,0.517939
30,0.173314,-0.017291,0.375046,-0.610168,0.637701,-0.470189,-0.717121,-0.696777,-0.014514,-0.33612,0.327529,0.883049,0.0,0.0,0.0,0.0,0.0,0.0,0.521384,-0.200378,-0.049035,0.327531,-0.979203,-0.135371,0.151085,0.197222,-0.808197,0.554846,0.048231,0.573272,0.81786,2.9e-05,0.015689,-0.003159,-0.11435,0.093857,0.081558,0.353657,0.027633,0.018987,-0.006176,0.984504,0.093395,0.148416,-0.161362,0.813819,0.558265,-0.068645,-0.573563,0.816279,0.007997,0.002807,0.002696,-0.197569,0.10607,0.131761,0.304086,0.085128,0.033896,-0.030628,0.646399,-0.608463,-0.460368,0.684294,0.729199,-0.002963,0.337503,-0.313112,0.887722,1e-06,-2e-06,-0.0,-1.6e-05,1.2e-05,5.5e-05,0.518102
31,0.173294,-0.017291,0.375047,-0.610207,0.637677,-0.47017,-0.717095,-0.696805,-0.014492,-0.336105,0.327516,0.88306,0.0,0.0,0.0,0.0,0.0,0.0,0.52136,-0.200144,-0.048693,0.32748,-0.979589,-0.131632,0.151889,0.194814,-0.806346,0.558378,0.05021,0.576734,0.815303,0.015612,0.002166,0.001519,-0.023975,0.002868,0.040217,0.332794,0.02775,0.019164,-0.006203,0.984761,0.089107,0.149347,-0.158702,0.811643,0.562182,-0.071122,-0.577316,0.813416,0.007793,0.000948,0.000604,0.020807,-0.012884,0.041457,0.280245,0.085117,0.033896,-0.030628,0.646437,-0.608438,-0.460349,0.684266,0.729226,-0.002941,0.337488,-0.3131,0.887732,2e-06,-2e-06,-1e-06,-2.2e-05,8e-06,5.1e-05,0.517939
32,0.173263,-0.017283,0.375054,-0.610249,0.637653,-0.470149,-0.717066,-0.696835,-0.014468,-0.336089,0.327501,0.883071,2e-06,3.4e-05,2.5e-05,0.0,0.0,0.0,0.521395,-0.199986,-0.048335,0.327201,-0.980023,-0.127763,0.152389,0.192122,-0.804762,0.561589,0.052122,0.579805,0.813002,0.014802,0.010209,-0.010222,0.016971,-0.011431,0.056257,0.315831,0.027824,0.019334,-0.006337,0.985025,0.085225,0.149868,-0.156096,0.809924,0.565381,-0.073197,-0.580309,0.811099,-0.00028,0.005109,-0.004654,0.046771,-0.004733,0.031274,0.258528,0.085102,0.0339,-0.030624,0.646477,-0.608412,-0.460328,0.684237,0.729253,-0.002918,0.337471,-0.313086,0.887744,2e-06,1.3e-05,1.1e-05,-2.3e-05,-0.0,4e-05,0.518102
33,0.173211,-0.017282,0.375056,-0.610229,0.637668,-0.470155,-0.717081,-0.696819,-0.014481,-0.336094,0.327505,0.883068,-0.01381,0.000226,0.000573,-0.000984,0.014715,-0.029553,0.521461,-0.199977,-0.04789,0.32678,-0.980378,-0.124067,0.153158,0.189723,-0.803346,0.564423,0.054249,0.582559,0.810892,-0.001092,0.020874,-0.018109,0.069688,-0.020105,0.0372,0.293449,0.027834,0.019553,-0.006551,0.985241,0.081445,0.150549,-0.153639,0.808511,0.56807,-0.075455,-0.582816,0.809092,-0.000273,0.005158,-0.004598,0.056895,-0.018031,0.018712,0.232565,0.085081,0.033901,-0.030623,0.646439,-0.60844,-0.460344,0.684266,0.729225,-0.002941,0.337484,-0.313096,0.887735,3e-06,-4e-06,-3e-06,-1.4e-05,2.5e-05,4.6e-05,0.518265
34,0.17319,-0.017289,0.375051,-0.610286,0.637633,-0.470128,-0.717043,-0.696859,-0.014449,-0.336074,0.327487,0.883082,-4e-06,-8.9e-05,-6.6e-05,0.0,0.0,0.0,0.521045,-0.199992,-0.047621,0.326537,-0.980993,-0.122158,0.150736,0.186878,-0.802442,0.566654,0.052973,0.584203,0.809792,-0.001083,0.02096,-0.018012,0.01774,-0.055511,0.093971,0.281299,0.027826,0.019687,-0.006674,0.985757,0.079588,0.148143,-0.150905,0.807411,0.570363,-0.074219,-0.584596,0.807922,-0.000265,0.005227,-0.004519,-0.047515,-0.199006,0.192575,0.216236,0.085066,0.033897,-0.030625,0.646511,-0.608391,-0.460306,0.684212,0.729276,-0.002899,0.337455,-0.313073,0.887755,-1e-06,-5.4e-05,-3.9e-05,-1.2e-05,7e-06,4e-05,0.518102
35,0.173138,-0.017288,0.375054,-0.610384,0.637574,-0.470081,-0.716977,-0.696929,-0.014394,-0.336037,0.327454,0.883108,-0.01381,0.000228,0.000574,-0.000984,0.014715,-0.029553,0.521746,-0.200009,-0.047011,0.326038,-0.981978,-0.121804,0.144482,0.182921,-0.803159,0.56693,0.048226,0.583292,0.810746,-0.000494,0.010922,-0.00851,0.036397,-0.011192,0.017915,0.272089,0.027818,0.019987,-0.006921,0.986726,0.079244,0.141744,-0.146842,0.80812,0.570419,-0.069344,-0.583661,0.80903,-0.000228,0.005569,-0.004135,0.039615,-0.00693,0.012184,0.193212,0.085045,0.033897,-0.030625,0.646587,-0.60834,-0.460267,0.684156,0.729329,-0.002856,0.337424,-0.313048,0.887775,0.0,3e-06,5e-06,-2.2e-05,4e-06,3.4e-05,0.518102
36,0.173118,-0.017288,0.375055,-0.610423,0.63755,-0.470062,-0.71695,-0.696956,-0.014371,-0.336023,0.327441,0.883119,-0.0,-0.0,-0.0,0.0,0.0,0.0,0.521604,-0.199978,-0.046426,0.325569,-0.984182,-0.121034,0.129334,0.173549,-0.803067,0.569998,0.036117,0.583577,0.81117,-0.000527,0.01062,-0.008848,-0.733582,-2.123508,1.625372,0.260338,0.027833,0.020289,-0.007161,0.988479,0.078549,0.129378,-0.139141,0.808002,0.572514,-0.059568,-0.58392,0.809622,-0.000525,0.010562,-0.008913,0.074667,-0.017924,0.030817,0.180638,0.085029,0.033898,-0.030624,0.646644,-0.608302,-0.460238,0.684113,0.729369,-0.002823,0.337401,-0.31303,0.88779,-1e-06,1e-06,3e-06,-1.9e-05,6e-06,3.7e-05,0.518265
37,0.173118,-0.017281,0.37506,-0.610406,0.637561,-0.47007,-0.716962,-0.696944,-0.014381,-0.336029,0.327447,0.883114,6e-06,0.000123,9.2e-05,0.0,0.0,0.0,0.520756,-0.199967,-0.046125,0.325345,-0.984693,-0.120643,0.125762,0.171143,-0.803464,0.570166,0.033502,0.583111,0.811617,-0.000456,0.011283,-0.008104,0.036397,-0.011259,0.017892,0.242586,0.027838,0.020438,-0.007274,0.989331,0.078101,0.122974,-0.135076,0.807945,0.573565,-0.05456,-0.584058,0.809875,-0.000478,0.011005,-0.008415,0.07503,-0.016948,0.0303,0.164962,0.08503,0.033901,-0.030621,0.646627,-0.608314,-0.460246,0.684126,0.729357,-0.002833,0.337407,-0.313035,0.887786,2e-06,7.5e-05,5.7e-05,-2.3e-05,-9e-06,2.8e-05,0.518265
38,0.173107,-0.01728,0.375048,-0.614075,0.633996,-0.470113,-0.712879,-0.701118,-0.014459,-0.338013,0.325462,0.883091,-6e-06,-0.000123,-9.2e-05,0.0,0.0,-0.0,0.521005,-0.199938,-0.045622,0.325018,-0.985224,-0.120184,0.121987,0.168548,-0.80421,0.569887,0.030856,0.582176,0.812393,-0.000325,0.012522,-0.006716,0.0364,-0.011274,0.017868,0.219238,0.027853,0.020687,-0.00744,0.98982,0.077667,0.11926,-0.132516,0.808587,0.573259,-0.051909,-0.583228,0.810648,-0.000137,0.006455,-0.003143,0.038369,-0.024225,0.042395,0.131814,0.085024,0.033902,-0.030627,0.65014,-0.604571,-0.460229,0.679844,0.73335,-0.002972,0.339306,-0.310952,0.887794,-4e-06,-7.8e-05,-5.6e-05,-0.000132,-2.8e-05,0.000168,0.518265
39,0.173087,-0.017287,0.375056,-0.614128,0.633964,-0.470087,-0.712853,-0.701146,-0.014406,-0.337975,0.325463,0.883105,-0.0,-0.0,-0.0,0.0,0.0,0.0,0.521005,-0.199908,-0.045144,0.324852,-0.98518,-0.12035,0.122179,0.16876,-0.80486,0.568907,0.031113,0.581243,0.813051,0.000497,0.004671,0.005225,0.001786,-0.013234,0.025536,0.209964,0.027867,0.020927,-0.007531,0.98978,0.07786,0.119464,-0.13273,0.809261,0.572257,-0.052122,-0.582266,0.811325,-3.7e-05,0.007409,-0.002076,0.038125,-0.024777,0.043032,0.108464,0.085014,0.033898,-0.030623,0.650186,-0.604541,-0.460203,0.67982,0.733372,-0.002919,0.339265,-0.310957,0.887808,-1e-06,2e-06,4e-06,-6.7e-05,-0.0,0.000129,0.517939
40,0.173087,-0.017272,0.375054,-0.614097,0.633983,-0.470101,-0.712864,-0.701133,-0.014446,-0.338005,0.325454,0.883097,0.0,1e-06,1e-06,0.0,0.0,0.0,0.521093,-0.199869,-0.044585,0.32479,-0.98504,-0.120776,0.122886,0.169483,-0.80541,0.567913,0.031627,0.580393,0.813638,0.000136,0.01688,-0.001859,0.038181,-0.024582,0.043366,0.202642,0.027887,0.021202,-0.007558,0.989657,0.07831,0.120189,-0.133461,0.809825,0.571288,-0.052594,-0.58142,0.811901,6.4e-05,0.00839,-0.000987,0.025815,0.066778,-0.132989,0.09834,0.085014,0.033906,-0.030624,0.650154,-0.604565,-0.460218,0.679837,0.733356,-0.00296,0.339293,-0.310949,0.8878,-0.0,-4e-06,-2e-06,-3.9e-05,-1e-06,8.2e-05,0.518102
41,0.173087,-0.017272,0.375054,-0.614097,0.633983,-0.470101,-0.712864,-0.701133,-0.014446,-0.338005,0.325454,0.883097,0.0,0.0,0.0,0.0,0.0,0.0,0.521364,-0.199853,-0.044282,0.324787,-0.985099,-0.119251,0.123898,0.168886,-0.804472,0.569417,0.033012,0.582004,0.812431,0.00018,0.017302,-0.001399,-0.003247,0.086912,-0.1203,0.198455,0.027895,0.021361,-0.007559,0.98965,0.076757,0.121245,-0.132923,0.808701,0.573004,-0.05407,-0.58319,0.810533,0.0001,0.008726,-0.000617,0.026033,0.077999,-0.118199,0.092625,0.085014,0.033906,-0.030624,0.650153,-0.604565,-0.460218,0.679838,0.733356,-0.00296,0.339293,-0.31095,0.8878,0.0,-3e-06,-2e-06,-3.3e-05,1.2e-05,7.4e-05,0.518102
42,0.173076,-0.017272,0.375042,-0.617864,0.630321,-0.470091,-0.708675,-0.705367,-0.014456,-0.339936,0.323421,0.883102,-0.0,-1e-06,-1e-06,0.0,0.0,-0.0,0.521025,-0.199677,-0.04361,0.324826,-0.985713,-0.117148,0.120989,0.165541,-0.803781,0.571372,0.031558,0.583381,0.811501,0.000392,0.019389,0.000895,-0.087641,0.061018,0.096997,0.190906,0.027983,0.021689,-0.00754,0.990148,0.074995,0.118238,-0.129822,0.808049,0.574632,-0.052448,-0.584322,0.809824,0.008109,0.004488,0.004525,-0.169426,0.08243,0.118869,0.080704,0.085009,0.033906,-0.03063,0.653756,-0.600722,-0.460147,0.675447,0.737401,-0.003033,0.341135,-0.308822,0.887837,1e-06,3e-06,5e-06,-0.000135,-8e-06,0.000187,0.518265
43,0.173045,-0.017272,0.375056,-0.617919,0.630287,-0.470064,-0.708647,-0.705397,-0.014402,-0.339897,0.323421,0.883117,2e-06,4e-05,2.9e-05,0.0,0.0,0.0,0.521221,-0.199377,-0.042785,0.324967,-0.986681,-0.114921,0.115091,0.160363,-0.802894,0.574091,0.027676,0.585042,0.810447,0.015933,0.022417,0.003277,-0.243595,0.152769,0.193619,0.187632,0.028127,0.0221,-0.007472,0.990993,0.073376,0.112011,-0.124948,0.807517,0.576458,-0.048153,-0.585262,0.809412,0.000412,0.011855,0.002808,-0.464616,0.33676,0.02903,0.075152,0.084993,0.033906,-0.030623,0.653805,-0.60069,-0.460119,0.675421,0.737425,-0.002979,0.341093,-0.308826,0.887852,0.0,1.5e-05,1.2e-05,-7.7e-05,4e-06,0.000145,0.517939
44,0.173004,-0.017271,0.375058,-0.617879,0.630315,-0.470079,-0.708675,-0.705368,-0.014426,-0.339909,0.323431,0.883109,-0.01381,0.000233,0.000576,-0.000984,0.014715,-0.029553,0.52146,-0.199234,-0.042323,0.325083,-0.986771,-0.114687,0.114549,0.159838,-0.803359,0.573586,0.027486,0.584448,0.810881,0.016096,0.024236,0.005244,0.037846,-0.050466,0.099784,0.181319,0.028198,0.022329,-0.007415,0.991098,0.072104,0.111914,-0.123891,0.807239,0.577075,-0.048732,-0.585803,0.808986,0.000443,0.01219,0.00316,0.055781,-0.041137,0.07127,0.070417,0.084978,0.033906,-0.030622,0.653746,-0.600734,-0.460144,0.675468,0.737383,-0.003013,0.341113,-0.308843,0.887838,-1e-06,-4e-06,-2e-06,-6.4e-05,-4e-06,0.00012,0.518102
45,0.172921,-0.01727,0.375061,-0.618035,0.630218,-0.470004,-0.708568,-0.705478,-0.014337,-0.33985,0.32338,0.88315,0.0,0.0,0.0,0.0,0.0,0.0,0.521134,-0.1989,-0.041434,0.325365,-0.986776,-0.114715,0.114481,0.159791,-0.804039,0.572646,0.027602,0.583507,0.811555,0.016,0.023822,0.0047,0.040216,-0.039953,0.072525,0.176818,0.028366,0.022779,-0.007269,0.991108,0.072169,0.111778,-0.123798,0.808032,0.575983,-0.048752,-0.5847,0.809782,0.000739,0.007273,0.007966,-0.00836,0.065016,-0.125384,0.058987,0.084931,0.033907,-0.030621,0.653912,-0.600621,-0.460056,0.675343,0.737496,-0.002915,0.341041,-0.30879,0.887884,1e-06,-3e-06,2e-06,-2.4e-05,1.5e-05,7.8e-05,0.518265
46,0.172838,-0.017268,0.375052,-0.618078,0.630194,-0.46998,-0.708531,-0.705515,-0.014337,-0.339851,0.323345,0.883163,-0.0,-2e-06,-2e-06,0.0,0.0,0.0,0.520503,-0.198531,-0.040748,0.32571,-0.986921,-0.111554,0.116335,0.158424,-0.801869,0.576057,0.03027,0.58709,0.808871,0.016221,0.010498,0.010514,-0.389143,0.237687,0.222897,0.187226,0.028551,0.023132,-0.007093,0.991092,0.070425,0.113026,-0.123219,0.806885,0.577713,-0.050514,-0.586495,0.808375,0.000551,0.005533,0.006026,-0.455862,0.297898,0.222831,0.062416,0.084889,0.033908,-0.030625,0.653952,-0.600596,-0.460032,0.675306,0.737531,-0.002916,0.34104,-0.308756,0.887896,0.0,4e-06,5e-06,-2.7e-05,8e-06,5.8e-05,0.518102
47,0.172817,-0.017267,0.375053,-0.618117,0.63017,-0.469961,-0.708504,-0.705543,-0.014315,-0.339836,0.323332,0.883173,-0.0,-0.0,-0.0,0.0,0.0,0.0,0.521474,-0.198194,-0.040386,0.326008,-0.987091,-0.108261,0.11799,0.156877,-0.799401,0.579898,0.032787,0.591054,0.80588,0.015798,0.006529,0.006158,-0.139303,0.152654,-0.064858,0.19214,0.028726,0.023319,-0.006938,0.991149,0.065859,0.11526,-0.121203,0.803124,0.583353,-0.054149,-0.59216,0.803998,0.007874,0.003054,0.002842,-0.127993,0.150651,-0.062506,0.071723,0.084879,0.033908,-0.030625,0.653989,-0.60057,-0.460013,0.675277,0.737557,-0.002894,0.341024,-0.308744,0.887906,-1e-06,2e-06,5e-06,-3.1e-05,2e-06,5.6e-05,0.517939
48,0.172817,-0.01726,0.375046,-0.617986,0.630254,-0.470021,-0.708586,-0.705458,-0.014413,-0.339902,0.323354,0.88314,-0.0,-0.0,-0.0,0.0,0.0,0.0,0.520709,-0.198061,-0.040304,0.326089,-0.987238,-0.106426,0.118434,0.155735,-0.798176,0.58189,0.033849,0.593038,0.804377,0.000402,0.004069,0.004417,-0.077473,0.040295,0.059376,0.184935,0.028792,0.02336,-0.006897,0.991226,0.063835,0.115736,-0.119992,0.801775,0.585454,-0.055422,-0.594205,0.802401,0.00017,0.001762,0.001907,-0.045894,0.031213,0.061608,0.070091,0.084879,0.033912,-0.030628,0.653863,-0.60066,-0.460074,0.675365,0.737477,-0.002991,0.341091,-0.308762,0.887874,-3e-06,2e-06,3e-06,-3.5e-05,-6e-06,5.3e-05,0.517939
49,0.172827,-0.017245,0.375032,-0.61794,0.630282,-0.470043,-0.708599,-0.705443,-0.014486,-0.339957,0.323333,0.883127,-0.0,-0.0,-0.0,0.0,0.0,0.0,0.521092,-0.197822,-0.040302,0.326077,-0.987593,-0.101101,0.120124,0.152706,-0.794401,0.587828,0.037243,0.599001,0.799796,0.014958,-0.001905,-0.003011,-0.057652,0.025214,0.054787,0.175669,0.028906,0.023365,-0.006899,0.991361,0.058407,0.117434,-0.117065,0.797795,0.591455,-0.059144,-0.600093,0.79774,-7.1e-05,-0.000728,-0.000795,-0.039363,0.043212,0.037694,0.058823,0.084884,0.033919,-0.030635,0.65382,-0.60069,-0.460098,0.67538,0.737463,-0.003063,0.341145,-0.308738,0.887862,-2e-06,1e-06,4e-06,-2.5e-05,1e-05,5.8e-05,0.517612
50,0.172827,-0.017238,0.375037,-0.617923,0.630292,-0.470051,-0.708611,-0.705431,-0.014495,-0.339963,0.323338,0.883123,1e-06,1.5e-05,1.1e-05,0.0,0.0,0.0,0.521224,-0.197615,-0.04033,0.325956,-0.987846,-0.097465,0.121046,0.150523,-0.791955,0.591679,0.039442,0.602826,0.796811,-0.000121,-0.001242,-0.001349,-0.021465,0.014518,0.009178,0.172233,0.029014,0.023342,-0.006969,0.991473,0.054609,0.118315,-0.114834,0.795313,0.595222,-0.061593,-0.603733,0.794802,-7.8e-05,-0.000814,-0.000888,0.013709,0.004494,0.011341,0.050822,0.084884,0.033923,-0.030633,0.653803,-0.600702,-0.460105,0.675393,0.73745,-0.003073,0.341151,-0.308743,0.887858,-2e-06,4e-06,5e-06,-3.4e-05,-7e-06,4.3e-05,0.518102
51,0.172817,-0.017238,0.375037,-0.617943,0.63028,-0.470042,-0.708598,-0.705445,-0.014484,-0.339955,0.323331,0.883128,0.0,0.0,0.0,0.0,0.0,0.0,0.521231,-0.197518,-0.040321,0.325883,-0.987875,-0.097388,0.120871,0.150351,-0.792058,0.591585,0.03937,0.602703,0.796908,0.015028,-0.001229,-0.002284,0.001731,-0.014993,0.029379,0.17112,0.029057,0.023345,-0.007007,0.991503,0.054568,0.118081,-0.114633,0.795594,0.594886,-0.061483,-0.603367,0.795089,-6e-05,-0.000641,-0.000702,0.007672,-0.003723,-0.00144,0.048373,0.084879,0.033923,-0.030632,0.653821,-0.600689,-0.460096,0.675379,0.737463,-0.003062,0.341143,-0.308737,0.887863,-0.0,-5e-06,-2e-06,-1.6e-05,1.4e-05,5.1e-05,0.517939
52,0.172764,-0.017236,0.375027,-0.617927,0.630293,-0.470046,-0.708601,-0.705441,-0.014518,-0.339978,0.323316,0.883125,-0.0,-1e-06,-1e-06,0.0,0.0,0.0,0.520834,-0.197438,-0.04025,0.325724,-0.987824,-0.097544,0.121161,0.150635,-0.792254,0.59125,0.039565,0.60242,0.797112,-0.000118,-0.001215,-0.001321,-0.0,0.0,0.0,0.167331,0.029103,0.023381,-0.007086,0.99146,0.054808,0.11833,-0.114947,0.795842,0.594494,-0.061589,-0.603019,0.795345,-0.000347,0.004561,-0.005236,0.036333,-0.012414,0.016411,0.044454,0.084853,0.033923,-0.030638,0.653805,-0.600703,-0.460101,0.675384,0.737459,-0.003095,0.341165,-0.308721,0.88786,0.0,3e-06,4e-06,-1.3e-05,8e-06,4e-05,0.517939
53,0.172702,-0.017235,0.37503,-0.618044,0.63022,-0.46999,-0.70852,-0.705523,-0.014451,-0.339934,0.323277,0.883156,-0.0,-0.0,-0.0,0.0,0.0,0.0,0.521129,-0.197452,-0.040085,0.325507,-0.987682,-0.097963,0.121981,0.151439,-0.79255,0.590648,0.040061,0.601964,0.797432,-0.015728,0.010334,-0.008201,0.034353,0.003897,-0.011395,0.160945,0.029095,0.023462,-0.007197,0.991335,0.055289,0.119151,-0.115786,0.796167,0.593895,-0.062028,-0.602545,0.79567,-0.007858,0.005201,-0.004064,0.034184,0.003164,-0.012356,0.038575,0.084822,0.033924,-0.030636,0.653917,-0.600626,-0.460042,0.675299,0.737537,-0.00303,0.341119,-0.308685,0.887891,-1e-06,2e-06,5e-06,-2.5e-05,-8e-06,2.9e-05,0.517939
54,0.17264,-0.017227,0.375038,-0.618143,0.630159,-0.469941,-0.708451,-0.705593,-0.014395,-0.339895,0.323244,0.883183,-0.013808,0.000247,0.000584,-0.000984,0.014715,-0.029553,0.521134,-0.197503,-0.039815,0.325252,-0.98763,-0.096656,0.123438,0.151331,-0.791712,0.591799,0.041773,0.603275,0.796353,-0.000563,0.01053,-0.008936,-0.204628,0.152167,0.121594,0.148158,0.029071,0.023593,-0.007321,0.991211,0.055038,0.12029,-0.116291,0.795953,0.594083,-0.063048,-0.602851,0.795358,-0.000277,0.005275,-0.004457,-0.471693,0.360343,-0.016756,0.027798,0.084796,0.033928,-0.030632,0.653994,-0.600573,-0.460002,0.67524,0.737591,-0.002985,0.341086,-0.30866,0.887912,-0.0,-3e-06,-1e-06,-1.8e-05,-3e-06,2.7e-05,0.517775
55,0.17262,-0.017226,0.375039,-0.618182,0.630134,-0.469922,-0.708424,-0.705621,-0.014372,-0.339881,0.323231,0.883193,0.0,0.0,0.0,0.0,0.0,0.0,0.520874,-0.197522,-0.039669,0.325121,-0.9876,-0.096757,0.1236,0.15149,-0.791989,0.591388,0.041915,0.602895,0.796633,-3e-06,-3.5e-05,-3.8e-05,-0.003523,0.00239,0.001518,0.143845,0.029061,0.023666,-0.007387,0.991198,0.054078,0.120832,-0.115909,0.795469,0.594805,-0.063952,-0.603575,0.794736,-0.000271,0.005327,-0.004398,0.051858,-0.014499,0.020359,0.01996,0.084781,0.033929,-0.030632,0.654051,-0.600534,-0.459973,0.675198,0.73763,-0.002953,0.341063,-0.308642,0.887927,-0.0,-4e-06,-2e-06,-1e-05,9e-06,3.1e-05,0.517939
56,0.172557,-0.017232,0.375036,-0.618199,0.630126,-0.469911,-0.708414,-0.705632,-0.014364,-0.339872,0.323223,0.883199,-0.0,-7e-06,-5e-06,0.0,0.0,0.0,0.520776,-0.197495,-0.03936,0.324827,-0.987674,-0.095097,0.124293,0.150637,-0.791332,0.592483,0.043261,0.604018,0.79571,-0.000596,0.010192,-0.009302,-0.309363,0.308011,-0.013448,0.144733,0.029074,0.023825,-0.007536,0.991195,0.053472,0.121127,-0.115599,0.795558,0.594747,-0.064562,-0.603512,0.794735,-0.000295,0.005089,-0.00466,-0.471214,0.360194,-0.015966,0.014082,0.084749,0.033925,-0.030633,0.654067,-0.600526,-0.459961,0.675187,0.73764,-0.002944,0.341054,-0.308634,0.887933,-0.006902,0.000123,0.000293,-0.00099,0.01473,-0.029525,0.517939
57,0.172537,-0.017225,0.375043,-0.618221,0.630113,-0.469899,-0.708399,-0.705647,-0.014352,-0.339864,0.323216,0.883205,3e-06,6.4e-05,4.8e-05,0.0,0.0,0.0,0.520712,-0.197479,-0.039009,0.324534,-0.987782,-0.093341,0.124768,0.149575,-0.79075,0.593529,0.044507,0.605052,0.794855,-0.0,-0.0,-0.0,-0.01299,0.008799,0.005615,0.150713,0.029082,0.023997,-0.007679,0.991235,0.050639,0.122017,-0.114058,0.794069,0.597029,-0.066657,-0.605713,0.792885,-0.000269,0.005341,-0.004384,0.03843,0.084495,-0.148411,0.016368,0.084739,0.033929,-0.03063,0.654088,-0.600512,-0.45995,0.675171,0.737654,-0.002932,0.341045,-0.308627,0.887939,2e-06,4.4e-05,3.4e-05,-1.9e-05,-8e-06,1.8e-05,0.517612
