frame,MLTx,MLTy,MLTz,MLTR1,MLTR2,MLTR3,MLTR4,MLTR5,MLTR6,MLTR7,MLTR8,MLTR9,MLTTVx,MLTTVy,MLTTVz,MLTRVx,MLTRVy,MLTRVz,MLGA,MRTx,MRTy,MRTz,MRTR1,MRTR2,MRTR3,MRTR4,MRTR5,MRTR6,MRTR7,MRTR8,MRTR9,MRTTVx,MRTTVy,MRTTVz,MRTRVx,MRTRVy,MRTRVz,MRGA,SLTx,SLTy,SLTz,SLTR1,SLTR2,SLTR3,SLTR4,SLTR5,SLTR6,SLTR7,SLTR8,SLTR9,SLTTVx,SLTTVy,SLTTVz,SLTRVx,SLTRVy,SLTRVz,SLGA,SRTx,SRTy,SRTz,SRTR1,SRTR2,SRTR3,SRTR4,SRTR5,SRTR6,SRTR7,SRTR8,SRTR9,SRTTVx,SRTTVy,SRTTVz,SRTRVx,SRTRVy,SRTRVz,SRGA
1,0.17412,-0.007317,0.366077,-0.605574,0.381401,-0.698469,-0.659394,-0.731839,0.171997,-0.44482,0.564245,0.695549,-0.0,-0.0,-0.0,0.0,0.0,0.0,0.519504,-0.20961,-0.053856,0.327231,-0.935737,-0.161142,0.31372,0.284936,-0.869347,0.403709,0.208851,0.46736,0.858964,0.0,0.0,0.0,-0.0,-0.0,0.0,0.526506,0.023208,0.016493,-0.006216,0.939585,0.13429,0.314871,-0.260657,0.876924,0.403808,-0.221891,-0.461485,0.858949,-1e-06,-3e-06,-8e-06,0.000543,0.001086,-0.000716,0.51767,0.085395,0.038807,-0.034932,0.63535,-0.346316,-0.690213,0.6152,0.767231,0.18134,0.466752,-0.539834,0.700514,-5e-06,6e-06,7e-06,1.5e-05,-1.6e-05,-4.6e-05,0.518265
2,0.174091,-0.00741,0.36616,-0.605203,0.381598,-0.698682,-0.659786,-0.731506,0.171909,-0.444744,0.564543,0.695357,-0.0,-0.0,-0.0,0.0,0.0,0.0,0.519518,-0.209633,-0.053855,0.327233,-0.936516,-0.16112,0.3114,0.284069,-0.869003,0.40506,0.206519,0.468008,0.859175,0.0,0.0,0.0,-0.0,-0.0,0.0,0.524886,0.023196,0.016493,-0.006215,0.940367,0.134246,0.312549,-0.259799,0.876555,0.40516,-0.219576,-0.462199,0.859161,-2e-06,-1e-06,-6e-06,0.00064,0.001295,-0.000855,0.517997,0.085386,0.03876,-0.03489,0.634975,-0.346544,-0.690444,0.615625,0.766914,0.181241,0.466703,-0.540138,0.700312,0.000111,-0.005215,0.004543,-0.035706,0.010899,-0.01943,0.518265
3,0.174044,-0.00759,0.366319,-0.605135,0.381649,-0.698713,-0.660107,-0.731132,0.172266,-0.44436,0.564992,0.695237,-4.5e-05,-0.001005,-0.000746,0.0,0.0,0.0,0.51977,-0.209645,-0.053847,0.327227,-0.93829,-0.160693,0.306239,0.281733,-0.868443,0.407882,0.201585,0.469193,0.8597,0.0,0.0,0.0,-2.1e-05,-4.2e-05,2.7e-05,0.523364,0.02319,0.016498,-0.006218,0.942147,0.133765,0.30735,-0.257464,0.875923,0.408006,-0.214639,-0.463534,0.859689,-1e-06,1e-06,-4e-06,0.00246,0.004948,-0.003244,0.518486,0.085357,0.038674,-0.034809,0.634929,-0.346588,-0.690464,0.615948,0.766565,0.181618,0.466339,-0.540605,0.700195,8.2e-05,-0.005902,0.004032,-0.035712,0.010898,-0.019435,0.518592
4,0.174006,-0.00773,0.366443,-0.604981,0.38174,-0.698797,-0.660425,-0.730798,0.172463,-0.444097,0.565362,0.695104,0.00023,-0.010439,0.009075,-0.029805,-0.077778,0.158541,0.519619,-0.209658,-0.053852,0.327222,-0.938274,-0.160719,0.306274,0.281772,-0.868435,0.407872,0.201603,0.469199,0.859693,-0.000135,-0.000975,-0.001126,-0.0,-0.0,0.0,0.521099,0.023184,0.016497,-0.006218,0.942116,0.133796,0.307431,-0.257525,0.875922,0.40797,-0.214701,-0.463527,0.859677,-8.2e-05,-0.000573,-0.000668,-0.001492,0.013394,-0.026235,0.51767,0.085338,0.038605,-0.034752,0.634882,-0.346628,-0.690487,0.616195,0.766303,0.181886,0.466076,-0.540951,0.700102,0.000111,-0.005217,0.00454,-0.035705,0.010887,-0.019416,0.518429
5,0.173911,-0.008088,0.366761,-0.600681,0.382813,-0.701913,-0.662132,-0.730223,0.168309,-0.447381,0.56538,0.692981,0.00023,-0.010413,0.009098,-0.035639,0.010768,-0.019287,0.520179,-0.209646,-0.053844,0.327214,-0.939063,-0.160653,0.303878,0.280813,-0.868115,0.409211,0.199238,0.469812,0.859909,-0.0,-0.0,-0.0,-2.1e-05,-4.2e-05,2.7e-05,0.519922,0.023189,0.016498,-0.006225,0.942921,0.133704,0.304996,-0.256557,0.875571,0.409332,-0.212317,-0.464217,0.859897,-0.0,4e-06,1e-06,0.002177,0.004415,-0.002896,0.514894,0.08529,0.038426,-0.034593,0.630537,-0.34801,-0.693765,0.618078,0.765789,0.177609,0.469469,-0.54079,0.697956,-0.00672,-0.005107,0.004829,-0.039799,0.029111,-0.052951,0.518755
6,0.173788,-0.008554,0.367176,-0.596977,0.381207,-0.705935,-0.66074,-0.732675,0.163036,-0.454334,0.563291,0.690152,0.000229,-0.010399,0.009115,0.321336,-0.158416,-0.184503,0.519639,-0.209646,-0.053831,0.327214,-0.938924,-0.160888,0.304183,0.281158,-0.868056,0.409099,0.199406,0.469841,0.859854,1e-06,5e-06,5e-06,-0.0,-0.0,0.0,0.519176,0.02319,0.016505,-0.006225,0.942773,0.133948,0.305347,-0.256925,0.875528,0.409195,-0.212529,-0.464229,0.859838,-1e-06,-2e-06,-4e-06,2.7e-05,7.3e-05,-5.3e-05,0.513751,0.085229,0.038193,-0.034385,0.626746,-0.346857,-0.697767,0.616935,0.767892,0.172425,0.476003,-0.538544,0.695262,-0.00673,-0.005104,0.004836,1.150217,-0.331331,-1.030453,0.518755
7,0.173665,-0.009074,0.36764,-0.59146,0.383502,-0.709328,-0.664294,-0.730352,0.158966,-0.456366,0.564744,0.687619,0.000457,-0.020766,0.018266,-0.065512,-0.066213,0.13948,0.519322,-0.209647,-0.053837,0.327207,-0.938664,-0.161325,0.304756,0.281813,-0.867923,0.408932,0.199711,0.469939,0.85973,-0.000115,-0.000829,-0.000957,0.0,0.0,0.0,0.518637,0.023189,0.016504,-0.006227,0.942523,0.134392,0.30592,-0.257583,0.875412,0.409026,-0.212836,-0.464317,0.859714,-6.9e-05,-0.000476,-0.000555,-2e-06,-1e-06,-8e-06,0.513261,0.085167,0.037936,-0.034157,0.621612,-0.349123,-0.70122,0.620249,0.766114,0.168401,0.478422,-0.539612,0.692769,0.000107,-0.005191,0.004571,-0.030711,-0.076033,0.157893,0.518918
8,0.173598,-0.009322,0.367863,-0.591794,0.381009,-0.710392,-0.661608,-0.733008,0.157941,-0.459816,0.562993,0.686757,0.000228,-0.010375,0.009142,-0.035733,0.010809,-0.019435,0.51973,-0.209647,-0.053829,0.3272,-0.938466,-0.161657,0.305188,0.282303,-0.867834,0.408782,0.199947,0.469989,0.859648,-2e-06,-1.2e-05,-1.4e-05,-0.012607,0.087858,-0.177967,0.518238,0.023189,0.016506,-0.006232,0.942383,0.134643,0.306241,-0.257948,0.87536,0.408909,-0.213014,-0.464344,0.859656,-1e-06,-2e-06,-4e-06,-2.2e-05,1.5e-05,-1e-05,0.512935,0.085134,0.037808,-0.034042,0.621736,-0.34666,-0.702332,0.617503,0.768573,0.167285,0.481803,-0.5377,0.691913,0.000221,-0.010376,0.009144,-0.065815,-0.065895,0.139596,0.518592
9,0.173456,-0.00988,0.368363,-0.587907,0.380172,-0.714059,-0.661255,-0.734287,0.153415,-0.465275,0.561892,0.683975,0.000454,-0.020715,0.018323,-0.065497,-0.065805,0.13968,0.519709,-0.209646,-0.053823,0.327207,-0.938118,-0.162239,0.30595,0.283175,-0.867655,0.408559,0.200352,0.470119,0.859482,0.0,0.0,0.0,0.0,0.0,0.0,0.517822,0.023189,0.016509,-0.006229,0.942002,0.135321,0.307114,-0.258953,0.875183,0.408652,-0.213482,-0.464479,0.859466,-2e-06,-2e-06,-3e-06,-1.5e-05,3e-06,0.0,0.512445,0.085063,0.037534,-0.033795,0.617958,-0.34597,-0.705997,0.617048,0.769897,0.162817,0.487215,-0.536248,0.689244,0.000106,-0.005178,0.004581,-0.036665,0.011573,-0.020025,0.519082
10,0.173356,-0.010498,0.368906,-0.583836,0.382327,-0.716245,-0.664853,-0.731445,0.15143,-0.465278,0.564129,0.68213,0.000226,-0.010367,0.009162,-0.02975,-0.076249,0.159292,0.519643,-0.209646,-0.053823,0.327207,-0.93776,-0.162833,0.306728,0.284065,-0.867472,0.408329,0.200765,0.470253,0.859313,0.0,0.0,0.0,-0.012607,0.087858,-0.177967,0.517274,0.023189,0.016509,-0.006229,0.941661,0.135924,0.307892,-0.259847,0.875026,0.408422,-0.2139,-0.4646,0.859297,-3e-06,-2e-06,-3e-06,-0.012613,0.087838,-0.177962,0.511792,0.085013,0.03722,-0.033521,0.61406,-0.348346,-0.708226,0.620839,0.767244,0.160917,0.487328,-0.538507,0.687401,0.000218,-0.010349,0.009177,-0.065638,-0.065453,0.139996,0.519245
11,0.173331,-0.01083,0.369192,-0.581968,0.383315,-0.717237,-0.666568,-0.73005,0.150618,-0.465168,0.565261,0.681267,0.000212,-0.010656,0.008951,-0.035736,0.010725,-0.019475,0.519883,-0.209646,-0.053823,0.327207,-0.937607,-0.163088,0.307062,0.284446,-0.867394,0.408231,0.200942,0.47031,0.85924,0.0,0.0,0.0,-0.012607,0.087858,-0.177967,0.516582,0.023189,0.016509,-0.006229,0.941514,0.136183,0.308226,-0.26023,0.874958,0.408323,-0.214078,-0.464652,0.859225,-2e-06,-1e-06,-4e-06,-0.012609,0.087848,-0.17797,0.511628,0.085001,0.037051,-0.033374,0.612158,-0.3495,-0.709302,0.622728,0.765892,0.160057,0.487309,-0.539683,0.686491,9.6e-05,-0.005338,0.00447,-0.035863,0.010765,-0.019349,0.519082
12,0.173305,-0.011503,0.369806,-0.581173,0.381507,-0.718844,-0.665288,-0.731422,0.149618,-0.467981,0.564714,0.679793,0.000456,-0.020611,0.018439,1.126344,-0.313085,-0.987009,0.519868,-0.209645,-0.053817,0.327213,-0.938341,-0.163115,0.304796,0.283633,-0.867032,0.409563,0.198639,0.470968,0.859416,9.8e-05,0.000704,0.000814,-0.0,-0.0,0.0,0.516373,0.02319,0.016511,-0.006227,0.942253,0.13619,0.305958,-0.259427,0.874572,0.409658,-0.211792,-0.465375,0.8594,5.3e-05,0.000402,0.000459,9.2e-05,0.000243,-0.000157,0.510975,0.084987,0.036722,-0.033074,0.610753,-0.348753,-0.71088,0.622665,0.766142,0.159099,0.489149,-0.539811,0.68508,0.000184,-0.010393,0.009201,3.906183,-0.898743,-3.617792,0.519408
13,0.17334,-0.012221,0.370437,-0.578799,0.382795,-0.720074,-0.667949,-0.729068,0.149251,-0.467137,0.566879,0.678571,0.000459,-0.02057,0.018486,-0.065457,-0.064695,0.140216,0.519889,-0.209645,-0.053817,0.327213,-0.938239,-0.163284,0.305019,0.283887,-0.866979,0.409498,0.198757,0.471006,0.859367,0.0,0.0,0.0,0.0,0.0,0.0,0.515434,0.02319,0.016512,-0.006225,0.942155,0.136362,0.306183,-0.259684,0.874527,0.409591,-0.211913,-0.465409,0.859352,-4e-06,-3e-06,-9e-06,-5e-06,3e-06,-3e-06,0.509995,0.085005,0.036363,-0.032759,0.609095,-0.349099,-0.712132,0.62409,0.765055,0.158749,0.489402,-0.541128,0.68386,0.00022,-0.010281,0.009246,-0.071628,0.021288,-0.038911,0.518918
14,0.173365,-0.01293,0.371063,-0.574834,0.384348,-0.722418,-0.67071,-0.727025,0.146816,-0.468079,0.568446,0.676608,0.000462,-0.020526,0.018535,-0.062006,-0.068012,0.144837,0.519883,-0.209645,-0.053817,0.327213,-0.937985,-0.163708,0.305575,0.284523,-0.866848,0.409335,0.199053,0.471101,0.859247,0.0,0.0,0.0,0.0,0.0,0.0,0.514903,0.02319,0.016512,-0.006225,0.941911,0.136792,0.30674,-0.260323,0.874414,0.409427,-0.212211,-0.465496,0.859231,-5e-06,-1e-06,-7e-06,-1.1e-05,-7e-06,2e-06,0.509179,0.085017,0.036008,-0.032446,0.605205,-0.350888,-0.714565,0.627009,0.763172,0.156293,0.490495,-0.542628,0.681885,0.000221,-0.010257,0.009269,-0.062995,0.01214,-0.027865,0.518592
15,0.173372,-0.013268,0.371369,-0.576135,0.38147,-0.722907,-0.667558,-0.729929,0.146775,-0.47097,0.566667,0.676094,0.000464,-0.020504,0.018559,-0.071478,0.021102,-0.039123,0.519647,-0.209645,-0.053812,0.32722,-0.937839,-0.16395,0.305893,0.284885,-0.866773,0.409242,0.199221,0.471155,0.859178,9.8e-05,0.000704,0.000814,-0.012607,0.087858,-0.177967,0.51492,0.02319,0.016513,-0.006224,0.941821,0.136952,0.306946,-0.26056,0.874372,0.409367,-0.212322,-0.465528,0.859186,6.1e-05,0.000474,0.000542,-4e-06,1e-06,-4e-06,0.509179,0.085021,0.035839,-0.032293,0.606282,-0.347984,-0.715072,0.623757,0.765859,0.156161,0.493303,-0.540709,0.681384,0.000222,-0.010248,0.009279,-0.066236,-0.063566,0.139861,0.518429
16,0.173386,-0.013913,0.371954,-0.569144,0.384056,-0.727064,-0.671216,-0.727718,0.140952,-0.474262,0.567758,0.67287,0.000466,-0.020463,0.018604,-0.065429,-0.063905,0.140591,0.52007,-0.209644,-0.053806,0.327227,-0.937641,-0.164276,0.306322,0.285375,-0.866671,0.409116,0.199449,0.471229,0.859085,1.9e-05,0.000139,0.00016,0.0,0.0,0.0,0.51458,0.023191,0.016518,-0.006219,0.941584,0.13737,0.307486,-0.261181,0.874261,0.409208,-0.212611,-0.465613,0.859069,7e-06,6.8e-05,7.6e-05,-1.1e-05,5e-06,2e-06,0.508852,0.085028,0.035517,-0.032,0.599602,-0.350893,-0.71927,0.627543,0.763903,0.150468,0.496655,-0.541595,0.678238,0.000107,-0.005114,0.004652,-0.037657,0.012425,-0.021741,0.518265
17,0.173397,-0.014464,0.372445,-0.560739,0.387336,-0.731839,-0.675494,-0.725122,0.133713,-0.478189,0.568845,0.669162,0.000233,-0.010243,0.0093,-0.029674,-0.074114,0.160311,0.519631,-0.209644,-0.053806,0.327227,-0.937385,-0.164699,0.306878,0.28601,-0.866539,0.408952,0.199744,0.471325,0.858963,0.0,0.0,0.0,0.0,0.0,0.0,0.513905,0.023191,0.016518,-0.006219,0.941388,0.137714,0.307931,-0.261692,0.87417,0.409076,-0.212849,-0.465683,0.858972,-4e-06,-5e-06,-8e-06,1.3e-05,-1e-05,2e-06,0.508362,0.085034,0.035233,-0.031748,0.591378,-0.354686,-0.724202,0.632145,0.761491,0.143256,0.500662,-0.54252,0.674542,0.000108,-0.005113,0.004656,-0.030563,-0.073205,0.159333,0.518755
18,0.173392,-0.014672,0.372646,-0.56074,0.385205,-0.732962,-0.672937,-0.727758,0.132277,-0.481774,0.566927,0.668217,0.000276,-0.00934,0.009972,-0.035746,0.010451,-0.019606,0.519803,-0.209644,-0.053806,0.327227,-0.937283,-0.164868,0.307101,0.286264,-0.866486,0.408886,0.199862,0.471363,0.858915,0.0,0.0,0.0,-0.012607,0.087858,-0.177967,0.513778,0.023191,0.016518,-0.006219,0.941241,0.137972,0.308265,-0.262075,0.874102,0.408977,-0.213028,-0.465735,0.8589,-5e-06,-4e-06,-8e-06,-0.012592,0.087845,-0.177968,0.507873,0.085031,0.035128,-0.031648,0.591293,-0.352542,-0.725318,0.62945,0.763993,0.141799,0.504148,-0.540396,0.673651,0.000132,-0.004602,0.005036,-0.036071,0.010607,-0.019556,0.518918
19,0.173399,-0.014933,0.372909,-0.557187,0.387049,-0.734698,-0.675545,-0.725765,0.12991,-0.482249,0.568221,0.666774,1.1e-05,0.000242,0.00018,0.0,-0.0,-0.0,0.519488,-0.209644,-0.053806,0.327227,-0.937129,-0.165122,0.307434,0.286645,-0.866407,0.408788,0.200039,0.471421,0.858842,0.0,0.0,0.0,0.0,0.0,0.0,0.514095,0.023191,0.016518,-0.006219,0.941094,0.13823,0.308598,-0.262458,0.874033,0.408878,-0.213206,-0.465787,0.858827,-6e-06,-2e-06,-7e-06,-2e-06,-1.3e-05,8e-06,0.507873,0.085034,0.034999,-0.031515,0.587869,-0.354586,-0.727102,0.632204,0.762146,0.139468,0.504704,-0.541666,0.672213,1e-06,0.000146,0.000107,0.005971,-0.08424,0.180184,0.519245
20,0.173389,-0.015001,0.37296,-0.55502,0.388159,-0.735752,-0.676945,-0.724759,0.128227,-0.482786,0.568746,0.665937,-2e-06,-3.9e-05,-2.9e-05,0.006083,-0.084238,0.180069,0.51985,-0.209645,-0.053812,0.32722,-0.937018,-0.165304,0.307673,0.286918,-0.86635,0.408717,0.200165,0.471462,0.85879,-0.0,-1e-06,-1e-06,0.0,0.0,0.0,0.514027,0.02319,0.016515,-0.006222,0.940989,0.138414,0.308837,-0.262731,0.873984,0.408807,-0.213334,-0.465824,0.858775,-2e-06,3e-06,3e-06,-2e-06,-3e-06,-6e-06,0.507709,0.085029,0.034965,-0.03149,0.585897,-0.355749,-0.728126,0.633609,0.761263,0.137904,0.505236,-0.542145,0.671427,-3e-06,-2.4e-05,-1.7e-05,-6.8e-05,8e-06,9.2e-05,0.519082
21,0.173389,-0.014963,0.372937,-0.554215,0.388564,-0.736145,-0.677373,-0.72449,0.127483,-0.483112,0.568811,0.665646,1e-06,1.5e-05,1.1e-05,0.0,0.0,0.0,0.519931,-0.209645,-0.053804,0.327213,-0.937854,-0.165166,0.305191,0.285849,-0.866051,0.410097,0.197754,0.472059,0.859021,-0.0,-0.0,-0.0,-0.0,-0.0,0.0,0.51412,0.02319,0.016519,-0.006226,0.941825,0.138252,0.306352,-0.26167,0.873654,0.41019,-0.210936,-0.466491,0.859006,-1e-06,2e-06,-0.0,0.0002,0.000389,-0.000265,0.508036,0.085029,0.034984,-0.031501,0.585002,-0.356269,-0.72859,0.634141,0.760972,0.137064,0.505605,-0.542212,0.671095,-0.0,5e-06,2e-06,-4.2e-05,2e-06,5.5e-05,0.519408
22,0.173399,-0.014956,0.37293,-0.554059,0.388642,-0.736222,-0.677453,-0.724442,0.127335,-0.483179,0.568819,0.66559,0.0,0.0,0.0,0.0,0.0,0.0,0.519437,-0.209645,-0.053804,0.327213,-0.937854,-0.165166,0.305191,0.285849,-0.866051,0.410097,0.197754,0.472059,0.859021,-7.6e-05,-0.000546,-0.000631,-0.0,-0.0,0.0,0.514554,0.02319,0.01652,-0.006224,0.941824,0.138253,0.306355,-0.261672,0.873654,0.410188,-0.210939,-0.46649,0.859006,-5.2e-05,-0.000374,-0.000435,2.2e-05,5.7e-05,-3.8e-05,0.508036,0.085034,0.034988,-0.031505,0.584852,-0.356355,-0.728669,0.634225,0.760928,0.136917,0.505674,-0.542217,0.671039,-0.0,-4e-06,-4e-06,-3.1e-05,8e-06,6.5e-05,0.519245
23,0.173399,-0.014956,0.37293,-0.554059,0.388642,-0.736222,-0.677453,-0.724442,0.127335,-0.483179,0.568819,0.66559,0.0,0.0,0.0,0.0,0.0,0.0,0.520264,-0.209657,-0.053809,0.327208,-0.937736,-0.165361,0.305449,0.286143,-0.86599,0.410021,0.19789,0.472103,0.858965,-3e-06,-2.3e-05,-2.7e-05,-0.012607,0.087862,-0.177965,0.513687,0.023184,0.016516,-0.006229,0.941759,0.138365,0.306502,-0.26184,0.873624,0.410145,-0.211018,-0.466512,0.858974,-1e-06,-7e-06,-9e-06,-2e-06,-7e-06,-1e-06,0.507873,0.085034,0.034988,-0.031505,0.584852,-0.356355,-0.728669,0.634225,0.760928,0.136917,0.505674,-0.542217,0.671039,3e-06,-2e-06,-3e-06,-3.2e-05,1.7e-05,6.3e-05,0.519408
24,0.173399,-0.014956,0.37293,-0.554059,0.388642,-0.736222,-0.677453,-0.724442,0.127335,-0.483179,0.568819,0.66559,0.0,0.0,0.0,0.0,0.0,0.0,0.519622,-0.209658,-0.053801,0.327201,-0.937639,-0.165522,0.305659,0.286379,-0.865952,0.409937,0.198008,0.472117,0.85893,-0.0,-0.0,-0.0,0.0,0.0,0.0,0.514285,0.023184,0.01652,-0.006232,0.941618,0.138615,0.306823,-0.262204,0.87357,0.410028,-0.211196,-0.46654,0.858915,3e-06,3e-06,7e-06,-9e-06,3e-06,-3e-06,0.507709,0.085034,0.034988,-0.031505,0.584852,-0.356355,-0.728669,0.634225,0.760928,0.136917,0.505674,-0.542216,0.671039,2e-06,-2e-06,-3e-06,-3.4e-05,1.2e-05,6.3e-05,0.519245
25,0.173399,-0.014948,0.372923,-0.554045,0.388648,-0.736229,-0.677448,-0.724451,0.127307,-0.483202,0.568803,0.665587,0.0,0.0,0.0,0.0,0.0,0.0,0.520396,-0.209646,-0.053802,0.3272,-0.937545,-0.165677,0.305862,0.286612,-0.865903,0.409877,0.198116,0.472152,0.858886,-0.0,-0.0,-0.0,0.0,0.0,0.0,0.514114,0.023189,0.01652,-0.006233,0.941577,0.138687,0.306915,-0.262311,0.873551,0.41,-0.211245,-0.466555,0.858895,4e-06,1e-06,6e-06,6e-06,6e-06,-7e-06,0.507709,0.085034,0.034992,-0.031508,0.584838,-0.356362,-0.728676,0.63422,0.760937,0.136888,0.505695,-0.542199,0.671037,3e-06,-2e-06,-3e-06,-3.2e-05,1.3e-05,6.4e-05,0.519245
26,0.173399,-0.014941,0.372916,-0.554031,0.388654,-0.736236,-0.677443,-0.724461,0.127278,-0.483224,0.568786,0.665585,0.0,0.0,0.0,0.0,0.0,0.0,0.519666,-0.209648,-0.053784,0.327172,-0.937451,-0.165836,0.306062,0.286831,-0.865891,0.409748,0.198242,0.472118,0.858876,-1e-06,-1e-05,-1.2e-05,0.0,0.0,0.0,0.513806,0.023188,0.016528,-0.006246,0.941439,0.138934,0.307227,-0.262657,0.873523,0.409839,-0.211429,-0.466534,0.858861,2e-06,1e-06,5e-06,-1.2e-05,-1e-06,-3e-06,0.507546,0.085034,0.034995,-0.031512,0.584825,-0.356369,-0.728683,0.634215,0.760946,0.13686,0.505717,-0.542181,0.671035,3e-06,-2e-06,-2e-06,-3.2e-05,1.2e-05,6.3e-05,0.519408
27,0.173398,-0.01494,0.372904,-0.554035,0.388652,-0.736234,-0.677428,-0.724478,0.127264,-0.483241,0.568767,0.665589,-1e-06,-2.4e-05,-1.8e-05,0.0,0.0,0.0,0.519805,-0.209651,-0.053728,0.327111,-0.938314,-0.165659,0.303506,0.285653,-0.865694,0.410987,0.195836,0.472543,0.859194,-4e-06,-3.2e-05,-3.7e-05,-0.0,-0.0,0.0,0.512346,0.023187,0.016557,-0.006277,0.9423,0.138733,0.304668,-0.261485,0.873291,0.41108,-0.209034,-0.467027,0.859179,1e-06,-1.2e-05,-1.2e-05,0.000111,0.000208,-0.000151,0.506403,0.085034,0.034995,-0.031518,0.584828,-0.356367,-0.728682,0.6342,0.760961,0.136845,0.505732,-0.542162,0.67104,1e-06,-9e-06,-7e-06,-3.4e-05,1.3e-05,4.3e-05,0.519245
28,0.173398,-0.014925,0.37289,-0.554008,0.388664,-0.736248,-0.677418,-0.724497,0.127207,-0.483286,0.568734,0.665584,-0.0,-0.0,-0.0,0.0,0.0,0.0,0.519675,-0.209658,-0.053523,0.326825,-0.94102,-0.164879,0.295445,0.281651,-0.865293,0.414579,0.188472,0.473549,0.860287,-0.000671,0.008794,-0.010961,-0.281416,-0.653021,0.436135,0.504673,0.023184,0.016655,-0.00641,0.944138,0.138123,0.299207,-0.258707,0.873069,0.413303,-0.204142,-0.467622,0.860031,-0.000378,0.004063,-0.005866,0.035536,0.003123,-0.009333,0.500524,0.085034,0.035003,-0.031525,0.584802,-0.356381,-0.728696,0.63419,0.76098,0.136788,0.505775,-0.542126,0.671036,1e-06,2e-06,2e-06,-2.7e-05,0.0,4.9e-05,0.519408
29,0.173398,-0.01491,0.372876,-0.55398,0.388676,-0.736262,-0.677408,-0.724516,0.127149,-0.483331,0.568701,0.66558,-0.0,-0.0,-0.0,0.0,0.0,0.0,0.519659,-0.209638,-0.053322,0.326563,-0.942006,-0.164487,0.292507,0.279978,-0.865456,0.415371,0.186011,0.473386,0.860912,0.014774,0.00786,-0.012775,0.038197,-0.027244,0.04726,0.499177,0.023188,0.016755,-0.00654,0.945976,0.137481,0.293643,-0.255843,0.87285,0.415544,-0.199177,-0.468221,0.860869,-0.000639,0.008984,-0.01074,0.071898,-0.008619,0.008467,0.495462,0.085034,0.035007,-0.031529,0.584788,-0.356388,-0.728704,0.634186,0.760989,0.136759,0.505796,-0.542109,0.671034,-1e-06,2e-06,3e-06,-2.7e-05,0.0,4.6e-05,0.519245
30,0.173397,-0.014887,0.372855,-0.553939,0.388695,-0.736284,-0.677394,-0.724544,0.127063,-0.483399,0.568652,0.665573,-0.0,-0.0,-0.0,0.0,0.0,0.0,0.51954,-0.209627,-0.052689,0.325771,-0.94406,-0.160058,0.288311,0.274906,-0.864556,0.420599,0.183125,0.476533,0.859794,-0.001282,0.018038,-0.021408,-0.297426,0.27107,0.208942,0.472994,0.023199,0.01707,-0.006938,0.947976,0.134384,0.288586,-0.251236,0.872549,0.418972,-0.195503,-0.469679,0.860917,-0.000677,0.008681,-0.011096,-0.354433,0.323336,0.236191,0.473255,0.085033,0.035022,-0.031543,0.584735,-0.356416,-0.728733,0.634166,0.761026,0.136644,0.505883,-0.542039,0.671026,-1e-06,1e-06,2e-06,-2.7e-05,2e-06,4e-05,0.519082
31,0.173387,-0.014856,0.372839,-0.5539,0.388713,-0.736303,-0.677378,-0.724574,0.126979,-0.483465,0.568602,0.665567,-0.000235,0.010203,-0.009334,0.035747,-0.010437,0.019612,0.519795,-0.209489,-0.051733,0.324696,-0.94552,-0.157231,0.285066,0.27085,-0.865429,0.421436,0.181629,0.475885,0.86047,-0.001571,0.029626,-0.029139,0.096075,-0.026899,0.05976,0.438647,0.023267,0.017552,-0.007487,0.949286,0.129951,0.2863,-0.246658,0.872479,0.421828,-0.194974,-0.471054,0.860286,-0.000763,0.014855,-0.014519,0.129249,-0.037933,0.053436,0.434228,0.085028,0.035034,-0.031547,0.584711,-0.356429,-0.728746,0.634155,0.761045,0.136589,0.505924,-0.542003,0.671023,-1e-06,-4e-06,-3e-06,-1.7e-05,7e-06,4e-05,0.519245
32,0.173387,-0.014856,0.372839,-0.5539,0.388713,-0.736303,-0.677378,-0.724574,0.126979,-0.483465,0.568602,0.665567,0.0,0.0,0.0,0.0,0.0,0.0,0.519785,-0.209331,-0.051144,0.324131,-0.945946,-0.154859,0.284948,0.26876,-0.865754,0.422105,0.182516,0.476068,0.860181,0.014106,0.030616,-0.02873,0.048878,-0.001332,0.111449,0.422968,0.023341,0.017833,-0.00776,0.949598,0.127717,0.286268,-0.244737,0.872703,0.422482,-0.19587,-0.471249,0.859975,-0.000653,0.01566,-0.01359,0.056151,0.013191,0.085899,0.412674,0.085028,0.035038,-0.03155,0.584697,-0.356436,-0.728753,0.63415,0.761054,0.13656,0.505946,-0.541985,0.671021,1e-06,-4e-06,-4e-06,-1.7e-05,8e-06,3.9e-05,0.519082
33,0.173386,-0.014848,0.37282,-0.55389,0.388716,-0.736309,-0.677358,-0.7246,0.126937,-0.483505,0.568567,0.665569,-0.0,-6e-06,-4e-06,0.0,0.0,0.0,0.519762,-0.208781,-0.04986,0.323099,-0.949421,-0.150916,0.275345,0.261001,-0.866486,0.425459,0.175566,0.475997,0.861665,0.014566,0.034325,-0.02444,0.067699,-0.028956,0.12918,0.406425,0.023615,0.018472,-0.00828,0.952991,0.123638,0.276622,-0.236911,0.873202,0.4259,-0.188889,-0.471414,0.861446,0.007272,0.016948,-0.01248,0.085551,-0.015899,0.101631,0.378873,0.085028,0.035041,-0.03156,0.584688,-0.35644,-0.728759,0.63413,0.761079,0.136517,0.505983,-0.541948,0.671023,1e-06,1e-06,1e-06,-1.1e-05,1e-05,3.6e-05,0.518919
34,0.173386,-0.01484,0.372813,-0.553876,0.388723,-0.736316,-0.677353,-0.72461,0.126908,-0.483527,0.56855,0.665567,-0.0,-0.0,-0.0,0.0,0.0,0.0,0.519851,-0.207993,-0.048653,0.322299,-0.953708,-0.148214,0.26166,0.252261,-0.867601,0.428448,0.164712,0.474809,0.864459,0.030592,0.024877,-0.015018,0.076119,-0.072411,0.122628,0.404703,0.023998,0.019072,-0.008676,0.957229,0.120865,0.262872,-0.228105,0.874182,0.428688,-0.177985,-0.470315,0.864363,0.015345,0.012673,-0.007253,0.054301,-0.122619,0.153176,0.3663,0.085028,0.035045,-0.031564,0.584674,-0.356448,-0.728766,0.634125,0.761088,0.136488,0.506004,-0.54193,0.671022,-1e-06,2e-06,2e-06,-2.2e-05,-3e-06,2.4e-05,0.519082
35,0.173386,-0.014833,0.372806,-0.553863,0.388729,-0.736323,-0.677348,-0.724619,0.126879,-0.48355,0.568534,0.665564,-0.0,-0.0,-0.0,0.0,0.0,0.0,0.519708,-0.20721,-0.047815,0.32188,-0.955477,-0.146253,0.256252,0.247783,-0.868899,0.428431,0.161198,0.473036,0.866092,0.015623,0.015216,-0.004321,0.040197,-0.040226,0.072385,0.408493,0.024401,0.019506,-0.008892,0.95895,0.118846,0.257467,-0.223559,0.875414,0.428567,-0.174457,-0.468534,0.866048,0.007804,0.007462,-0.002343,0.038715,-0.02647,0.045883,0.366136,0.085027,0.035049,-0.031567,0.584661,-0.356455,-0.728773,0.63412,0.761097,0.13646,0.506026,-0.541913,0.671019,-1e-06,1e-06,1e-06,-1.5e-05,2e-06,2.9e-05,0.519245
36,0.173386,-0.014825,0.372799,-0.553849,0.388735,-0.73633,-0.677343,-0.724629,0.126851,-0.483572,0.568517,0.665562,-0.0,-0.0,-0.0,0.0,0.0,0.0,0.519534,-0.20681,-0.047581,0.321845,-0.956522,-0.14551,0.252755,0.245572,-0.868989,0.42952,0.158343,0.473099,0.866584,0.015599,0.01518,-0.004374,0.038413,-0.026961,0.046865,0.411725,0.024607,0.01963,-0.00891,0.959995,0.11805,0.253913,-0.221294,0.875459,0.429649,-0.171571,-0.468651,0.866561,0.007818,0.007668,-0.002112,0.039037,-0.025667,0.045524,0.368259,0.085027,0.035053,-0.031571,0.584647,-0.356462,-0.72878,0.634115,0.761106,0.136431,0.506047,-0.541895,0.671017,-2e-06,1e-06,2e-06,-2.5e-05,-4e-06,1.6e-05,0.519245
37,0.173375,-0.014832,0.372794,-0.553887,0.388716,-0.736311,-0.677321,-0.724644,0.126882,-0.48356,0.568511,0.665577,-0.0,-1e-06,-1e-06,0.0,0.0,0.0,0.519907,-0.206038,-0.047438,0.322113,-0.956677,-0.1452,0.252343,0.245141,-0.868963,0.429818,0.158069,0.473241,0.866556,0.016634,-0.004918,0.014606,-0.032543,-0.016758,0.037123,0.424638,0.024981,0.0197,-0.008784,0.960116,0.117795,0.253575,-0.220946,0.875423,0.429904,-0.171345,-0.468784,0.866534,0.008287,-0.002704,0.007009,-0.034385,-0.003608,0.01132,0.37773,0.085022,0.035049,-0.031573,0.584684,-0.356441,-0.728761,0.634092,0.76112,0.136462,0.506034,-0.541889,0.671032,-2e-06,6e-06,6e-06,-2.1e-05,-6e-06,1.6e-05,0.519245
38,0.173365,-0.01484,0.372802,-0.553921,0.3887,-0.736294,-0.677314,-0.724643,0.126928,-0.483531,0.568523,0.665587,-0.0,-0.0,-0.0,0.0,0.0,0.0,0.519834,-0.205352,-0.047398,0.322502,-0.956546,-0.145418,0.252716,0.245609,-0.868595,0.430293,0.158138,0.473849,0.866212,0.016712,-0.004166,0.015439,-0.032546,-0.016798,0.037102,0.438519,0.02533,0.019722,-0.008588,0.960002,0.117998,0.253912,-0.221393,0.875072,0.430386,-0.171407,-0.469386,0.866195,0.008108,0.003142,0.003186,-0.008559,0.062838,-0.121618,0.395529,0.085017,0.035046,-0.031569,0.584717,-0.356424,-0.728743,0.634084,0.761118,0.136508,0.506006,-0.541903,0.671042,-0.006889,0.000114,0.000288,-0.001007,0.014702,-0.029539,0.519408
39,0.173365,-0.01484,0.372802,-0.553921,0.3887,-0.736294,-0.677314,-0.724643,0.126928,-0.483531,0.568523,0.665587,-0.0,-0.0,-0.0,0.0,0.0,0.0,0.519996,-0.205057,-0.047326,0.322665,-0.956569,-0.145366,0.252659,0.245561,-0.868534,0.430445,0.158073,0.473978,0.866153,0.016233,0.006467,0.006592,0.003831,-0.02844,0.054781,0.441159,0.025484,0.019756,-0.008501,0.960031,0.117932,0.253833,-0.221328,0.875,0.430566,-0.171326,-0.469538,0.86613,0.008115,0.003261,0.003317,0.003786,-0.028509,0.054632,0.40157,0.085017,0.035046,-0.031569,0.584717,-0.356424,-0.728743,0.634084,0.761118,0.136508,0.506006,-0.541903,0.671042,-4e-06,3e-06,5e-06,-1.6e-05,-7e-06,1.8e-05,0.519245
40,0.173344,-0.014839,0.372803,-0.55384,0.388743,-0.736333,-0.677363,-0.724609,0.126859,-0.483556,0.568537,0.665557,-0.0,-0.0,-0.0,0.0,0.0,0.0,0.51978,-0.204563,-0.047089,0.322942,-0.956529,-0.145439,0.252766,0.245685,-0.868488,0.430468,0.158119,0.47404,0.866111,0.000803,0.006581,0.007521,0.001786,-0.013233,0.025536,0.442002,0.025731,0.019874,-0.008363,0.959987,0.118023,0.253956,-0.221476,0.874953,0.430585,-0.171381,-0.469602,0.866084,0.008077,0.003044,0.003053,0.002022,-0.015253,0.02914,0.407286,0.085007,0.035046,-0.031569,0.584638,-0.35647,-0.728783,0.634136,0.761088,0.13644,0.506032,-0.541916,0.671012,-5e-06,2e-06,7e-06,-1.7e-05,-1.1e-05,1.5e-05,0.519245
41,0.173303,-0.014839,0.372804,-0.553921,0.388704,-0.736292,-0.677315,-0.724642,0.126926,-0.483529,0.568522,0.665589,-0.0,-0.0,-0.0,0.0,0.0,0.0,0.51982,-0.204138,-0.046786,0.323219,-0.956495,-0.145509,0.252854,0.245776,-0.868506,0.430379,0.158183,0.473985,0.866129,0.01628,0.00727,0.007444,0.003831,-0.02844,0.05478,0.441528,0.025938,0.020024,-0.008226,0.959948,0.118111,0.254063,-0.221592,0.87497,0.430492,-0.171452,-0.469548,0.866099,0.00814,0.00366,0.003743,0.003806,-0.028467,0.054714,0.407449,0.084986,0.035046,-0.031568,0.584717,-0.356427,-0.728742,0.634086,0.761118,0.136506,0.506004,-0.541902,0.671044,-5e-06,2e-06,8e-06,-1.7e-05,-1.1e-05,1.5e-05,0.519245
42,0.173272,-0.014838,0.372806,-0.553982,0.388674,-0.736262,-0.677279,-0.724666,0.126977,-0.483509,0.568511,0.665613,-0.0,-0.0,-0.0,0.0,0.0,0.0,0.519629,-0.203958,-0.046639,0.323377,-0.956456,-0.145584,0.252959,0.245892,-0.868484,0.430356,0.15824,0.474002,0.866109,0.016259,0.007198,0.007346,0.003831,-0.02844,0.05478,0.441596,0.026027,0.020098,-0.008147,0.959911,0.118188,0.254169,-0.221709,0.874952,0.430469,-0.171509,-0.469563,0.866079,0.00046,0.003868,0.004395,-2.6e-05,-1.8e-05,-5.9e-05,0.407612,0.084971,0.035047,-0.031567,0.584776,-0.356394,-0.72871,0.634048,0.76114,0.136556,0.505983,-0.541892,0.671068,-5e-06,2e-06,8e-06,-2e-05,-7e-06,1.4e-05,0.519245
43,0.1732,-0.01483,0.372814,-0.554107,0.388615,-0.736199,-0.677206,-0.724717,0.127079,-0.483468,0.568488,0.665663,0.0,4e-06,3e-06,0.0,0.0,0.0,0.519723,-0.203669,-0.046346,0.323711,-0.956293,-0.145894,0.253398,0.246378,-0.868383,0.430282,0.158473,0.474093,0.866017,0.000919,0.007738,0.008772,-0.010541,0.0781,-0.150693,0.442666,0.026178,0.020245,-0.00798,0.959803,0.118408,0.254472,-0.22205,0.874887,0.430425,-0.171669,-0.469629,0.866012,0.000455,0.003872,0.004385,0.00178,-0.013273,0.025509,0.408919,0.084935,0.035051,-0.031563,0.584896,-0.356328,-0.728646,0.633971,0.761186,0.136658,0.50594,-0.541872,0.671117,-3e-06,-3e-06,2e-06,-9e-06,3e-06,1.3e-05,0.519245
44,0.173127,-0.014829,0.372817,-0.554249,0.388546,-0.736128,-0.677123,-0.724774,0.127197,-0.483422,0.568462,0.665719,0.0,0.0,0.0,0.0,0.0,0.0,0.520156,-0.20338,-0.04605,0.324032,-0.957069,-0.14562,0.250611,0.244987,-0.868108,0.431629,0.155906,0.47468,0.866162,0.000912,0.007752,0.008759,0.001786,-0.013234,0.025536,0.438044,0.026322,0.020393,-0.007819,0.960534,0.118197,0.251798,-0.220797,0.874552,0.431749,-0.16918,-0.470306,0.866135,0.000451,0.003876,0.004373,0.001921,-0.012992,0.025341,0.407285,0.084898,0.035052,-0.031562,0.585033,-0.356252,-0.728573,0.633883,0.761238,0.136775,0.505892,-0.541849,0.671172,-1e-06,-3e-06,3e-06,-6e-06,9e-06,1.4e-05,0.519408
45,0.173085,-0.01482,0.3728,-0.554199,0.388572,-0.736152,-0.677127,-0.724783,0.127119,-0.483473,0.568432,0.665707,-1e-06,-2.4e-05,-1.8e-05,0.0,0.0,0.0,0.520162,-0.203001,-0.045755,0.324345,-0.955432,-0.156657,0.250201,0.254802,-0.865234,0.431717,0.150051,0.476426,0.866237,0.000852,0.007327,0.008252,0.001695,-0.013391,0.025221,0.437599,0.026506,0.020539,-0.007665,0.959196,0.12933,0.251427,-0.230755,0.871941,0.431821,-0.163382,-0.472219,0.866207,0.008067,0.003364,0.003351,0.002909,-0.029777,0.051353,0.404346,0.084877,0.035052,-0.031567,0.584998,-0.356274,-0.728591,0.633893,0.761238,0.136726,0.50592,-0.541834,0.671163,-0.0,-1.1e-05,-5e-06,-1.3e-05,-8e-06,1e-05,0.519245
46,0.173085,-0.014819,0.372787,-0.55408,0.388631,-0.73621,-0.677185,-0.72475,0.127003,-0.483529,0.568434,0.665665,-3e-06,-5.5e-05,-4.1e-05,0.0,0.0,0.0,0.519778,-0.202802,-0.045631,0.324474,-0.95448,-0.162324,0.250218,0.259941,-0.863706,0.431713,0.147237,0.477309,0.866233,0.016108,0.006601,0.006562,0.003831,-0.02844,0.054781,0.439149,0.026612,0.020606,-0.007594,0.958424,0.134996,0.251394,-0.235888,0.870565,0.431824,-0.160561,-0.473172,0.866214,0.008049,0.003267,0.003233,0.003946,-0.028123,0.055057,0.404836,0.084877,0.035056,-0.031577,0.584871,-0.356346,-0.728657,0.633949,0.761218,0.136582,0.505997,-0.541815,0.67112,-1e-06,-2.3e-05,-1.6e-05,8e-06,0.0,2.6e-05,0.519408
47,0.173114,-0.014795,0.372741,-0.553986,0.388674,-0.736259,-0.677175,-0.724788,0.126839,-0.48365,0.568357,0.665643,0.013535,0.009886,-0.009972,0.03673,-0.025179,0.049152,0.520226,-0.202404,-0.04547,0.324632,-0.953309,-0.168325,0.250721,0.265601,-0.862037,0.431605,0.144678,0.478257,0.866142,0.000331,0.002894,0.003249,-0.0,-0.0,-0.0,0.4423,0.026811,0.020691,-0.00751,0.957422,0.141028,0.251898,-0.241595,0.869055,0.431711,-0.15803,-0.474188,0.866124,0.00015,0.001317,0.00147,0.000102,0.000243,0.000344,0.408592,0.084887,0.035064,-0.031596,0.584812,-0.356376,-0.72869,0.633932,0.761253,0.136463,0.506086,-0.541745,0.671109,-1e-06,-4.1e-05,-3e-05,5e-06,1.5e-05,2e-05,0.519408
48,0.173113,-0.014786,0.372697,-0.553984,0.388672,-0.736261,-0.677124,-0.724847,0.126769,-0.483723,0.568282,0.665653,-1.1e-05,-0.000219,-0.000163,0.0,0.0,0.0,0.520025,-0.202011,-0.045442,0.324626,-0.95209,-0.174335,0.251245,0.271273,-0.860338,0.431468,0.142132,0.479173,0.866057,0.015299,-0.00031,-0.001224,0.002045,-0.015205,0.029245,0.442528,0.027002,0.020705,-0.007513,0.956367,0.147085,0.252443,-0.247336,0.86751,0.431566,-0.155521,-0.475174,0.866038,0.007635,-0.000299,-0.000781,0.002145,-0.014925,0.029591,0.411041,0.084891,0.035072,-0.031622,0.584777,-0.356392,-0.72871,0.633887,0.761312,0.136347,0.506183,-0.541653,0.671111,-3e-06,-9.6e-05,-7.1e-05,-1.1e-05,2e-06,5e-06,0.519408
49,0.173102,-0.014785,0.372673,-0.55389,0.388718,-0.736308,-0.677154,-0.724839,0.126656,-0.483789,0.568261,0.665624,-2e-05,-0.000412,-0.000306,0.0,0.0,0.0,0.520108,-0.20183,-0.045455,0.324585,-0.952059,-0.174391,0.251323,0.271356,-0.860331,0.431428,0.14218,0.479164,0.866055,-6.9e-05,-0.000609,-0.000684,-0.0,-0.0,-0.0,0.441859,0.027092,0.020697,-0.007535,0.956338,0.147134,0.252521,-0.247412,0.867509,0.431526,-0.155572,-0.475162,0.866035,0.00759,-0.000704,-0.001237,-0.010192,0.076298,-0.14666,0.410715,0.084885,0.035073,-0.031634,0.584687,-0.356444,-0.728757,0.633919,0.761305,0.136234,0.506248,-0.541627,0.671082,-1.3e-05,-0.000293,-0.000219,-4e-06,4e-06,9e-06,0.519245
50,0.17309,-0.014798,0.372651,-0.553828,0.38875,-0.736338,-0.677179,-0.724829,0.126586,-0.483827,0.568252,0.665603,-1.1e-05,-0.00022,-0.000163,0.0,0.0,0.0,0.520785,-0.201505,-0.045494,0.324459,-0.951136,-0.178203,0.252143,0.275551,-0.85793,0.433545,0.140258,0.482064,0.864758,0.01514,-0.001761,-0.002863,-0.002611,-0.011641,0.031425,0.443554,0.027254,0.020676,-0.0076,0.955515,0.150888,0.253423,-0.251675,0.865136,0.433819,-0.153788,-0.478301,0.864625,-0.000101,-0.000929,-0.001053,0.016152,-0.006274,0.001638,0.411531,0.08488,0.035066,-0.031645,0.584627,-0.356479,-0.728788,0.633944,0.761296,0.136164,0.506285,-0.541617,0.671062,-5e-06,-0.00011,-8.2e-05,-3e-06,2e-06,1e-05,0.519245
51,0.1731,-0.01482,0.372647,-0.553734,0.388797,-0.736383,-0.677247,-0.724775,0.126525,-0.483838,0.568288,0.665565,-3e-06,-6.6e-05,-4.9e-05,0.0,0.0,0.0,0.520095,-0.201312,-0.045443,0.32427,-0.951036,-0.181687,0.250023,0.278133,-0.855455,0.436775,0.135722,0.485159,0.86375,0.01459,0.008511,-0.012105,0.029512,-0.019781,0.051226,0.437189,0.027351,0.020697,-0.007692,0.955518,0.154347,0.251317,-0.254323,0.862696,0.437121,-0.149343,-0.481593,0.863576,-0.000109,-0.00101,-0.001141,0.015101,0.010174,-0.023021,0.408755,0.084885,0.035055,-0.031647,0.584537,-0.356532,-0.728835,0.634017,0.761247,0.136104,0.506298,-0.541652,0.671024,-1e-06,-1.5e-05,-1.2e-05,-1.1e-05,-1.6e-05,3e-06,0.519735
52,0.173099,-0.014819,0.372634,-0.553738,0.388795,-0.736382,-0.677232,-0.724792,0.126511,-0.483855,0.568268,0.665569,-1e-06,-1.1e-05,-8e-06,0.0,0.0,0.0,0.519826,-0.201287,-0.045215,0.323947,-0.949841,-0.189207,0.248988,0.285096,-0.850659,0.441626,0.129439,0.490699,0.861582,-0.000782,0.008194,-0.011575,-0.027487,-0.045,-0.124603,0.428887,0.027369,0.020812,-0.007852,0.954571,0.161672,0.250313,-0.261262,0.858063,0.44212,-0.143306,-0.487432,0.86132,-0.000332,0.004564,-0.005265,-0.074263,-0.230116,-0.404589,0.399774,0.084884,0.035056,-0.031653,0.58454,-0.356529,-0.728833,0.634001,0.761263,0.13609,0.506314,-0.541632,0.671029,0.0,1.1e-05,6e-06,-6e-06,-3e-06,2e-06,0.519408
53,0.173099,-0.014819,0.372634,-0.553738,0.388795,-0.736382,-0.677232,-0.724792,0.126511,-0.483855,0.568268,0.665569,-0.0,-0.0,-0.0,0.0,0.0,0.0,0.519921,-0.201311,-0.045016,0.323735,-0.949751,-0.191068,0.247906,0.286946,-0.847397,0.446669,0.125924,0.495602,0.859293,-0.000604,0.009802,-0.009765,-0.093212,0.08729,0.078384,0.425408,0.027356,0.020907,-0.007963,0.954486,0.163956,0.249146,-0.263514,0.854851,0.446976,-0.139699,-0.492287,0.859148,-0.000295,0.004865,-0.004924,-0.10534,0.104727,0.088742,0.394712,0.084884,0.035056,-0.031653,0.58454,-0.356529,-0.728833,0.634001,0.761263,0.13609,0.506314,-0.541632,0.671029,-2e-06,1.1e-05,9e-06,-1.6e-05,-1.5e-05,-1e-05,0.519572
54,0.173099,-0.014834,0.372636,-0.553648,0.388841,-0.736425,-0.677298,-0.72474,0.126452,-0.483865,0.568303,0.665533,-4.9e-05,-0.00102,-0.000758,0.0,0.0,0.0,0.519842,-0.201377,-0.044444,0.323211,-0.950681,-0.194043,0.241958,0.288052,-0.841095,0.457734,0.115884,0.5051,0.855166,-0.000519,0.010562,-0.00891,-0.082709,0.07878,0.073492,0.421798,0.027324,0.021193,-0.008225,0.955521,0.166709,0.243282,-0.264716,0.848464,0.458295,-0.130014,-0.502312,0.854856,-0.000499,0.010629,-0.008834,-0.011553,-0.022077,0.273259,0.387038,0.084884,0.035051,-0.03165,0.584453,-0.356581,-0.728878,0.634072,0.761214,0.136032,0.506326,-0.541665,0.670992,-3.9e-05,-0.000684,-0.000506,-2.3e-05,-2e-05,-2.4e-05,0.519408
55,0.173099,-0.014826,0.372629,-0.553512,0.388909,-0.736491,-0.677366,-0.7247,0.126321,-0.483926,0.568308,0.665484,-0.0,-0.0,-0.0,0.0,0.0,0.0,0.520148,-0.201423,-0.04369,0.322595,-0.950728,-0.200695,0.23628,0.292534,-0.83248,0.470462,0.103474,0.516654,0.849838,-0.001018,0.021298,-0.01762,-0.098104,0.105492,0.115329,0.4178,0.027301,0.021568,-0.008529,0.955758,0.173425,0.237588,-0.269489,0.839991,0.470946,-0.117898,-0.514138,0.849565,-0.000492,0.010669,-0.008788,-0.101186,0.121767,0.127785,0.381649,0.084884,0.035052,-0.031656,0.584322,-0.356656,-0.728946,0.634143,0.761178,0.135902,0.506388,-0.541667,0.670944,-4e-06,7e-06,8e-06,3e-06,-1.3e-05,4e-06,0.519408
56,0.1731,-0.014827,0.372641,-0.553508,0.388912,-0.736493,-0.677382,-0.724683,0.126335,-0.483909,0.568327,0.66548,1e-05,0.000201,0.000149,0.0,0.0,0.0,0.519719,-0.201432,-0.04326,0.322236,-0.949925,-0.205946,0.234989,0.297204,-0.827032,0.477098,0.097282,0.523306,0.846493,-0.001022,0.021261,-0.01766,-0.16916,0.074446,0.329516,0.415408,0.027296,0.021783,-0.008708,0.955042,0.179001,0.23633,-0.274566,0.834738,0.47731,-0.111835,-0.52074,0.846357,-0.000496,0.010635,-0.008828,-0.23801,0.21126,0.176979,0.378546,0.084884,0.035052,-0.03165,0.584318,-0.356659,-0.728948,0.63416,0.761162,0.135916,0.506372,-0.541688,0.67094,3e-06,0.000156,0.000118,-7e-06,-1.4e-05,-7e-06,0.519408
57,0.17309,-0.01482,0.372647,-0.55351,0.388911,-0.736491,-0.67738,-0.724684,0.126337,-0.483908,0.568326,0.665481,6e-06,0.000123,9.2e-05,0.0,0.0,0.0,0.519723,-0.201408,-0.042303,0.321437,-0.948127,-0.216687,0.232581,0.306562,-0.816035,0.48994,0.084823,0.536097,0.839802,-0.001526,0.031974,-0.026391,-0.497426,0.086346,-0.135463,0.410543,0.027308,0.022257,-0.009104,0.953639,0.190123,0.233289,-0.28404,0.824784,0.488928,-0.099457,-0.532525,0.840549,-0.000492,0.010656,-0.008796,-0.82393,-0.444276,-1.105771,0.371851,0.084879,0.035056,-0.031646,0.584321,-0.356658,-0.728946,0.634158,0.761163,0.135918,0.506371,-0.541687,0.670941,2e-06,8.6e-05,6.5e-05,-4e-06,-1.1e-05,-5e-06,0.519572
58,0.173089,-0.014819,0.372635,-0.553514,0.388909,-0.73649,-0.677365,-0.724701,0.126323,-0.483925,0.568307,0.665486,-1e-06,-2.9e-05,-2.1e-05,0.0,0.0,0.0,0.52007,-0.20134,-0.041291,0.320605,-0.949805,-0.212577,0.229509,0.302355,-0.811275,0.500348,0.081028,0.544892,0.8345,-0.001517,0.032085,-0.026258,-0.136502,0.146272,0.167772,0.407047,0.027342,0.022776,-0.00953,0.95522,0.185249,0.230731,-0.279805,0.819141,0.500715,-0.096244,-0.542853,0.834294,-0.000742,0.016036,-0.013138,-0.121293,0.146582,0.165128,0.366463,0.084879,0.035056,-0.031653,0.584324,-0.356655,-0.728945,0.634142,0.761179,0.135904,0.506387,-0.541667,0.670945,-1e-06,-1.4e-05,-1.1e-05,-3e-06,-3e-06,-2e-06,0.519408
59,0.173089,-0.014827,0.372642,-0.553406,0.388964,-0.736542,-0.677442,-0.724641,0.126249,-0.483941,0.568344,0.665442,2e-06,3.2e-05,2.4e-05,0.0,0.0,0.0,0.520029,-0.201188,-0.040292,0.319815,-0.948293,-0.21977,0.228979,0.309021,-0.802946,0.509624,0.073051,0.554308,0.829017,-0.000964,0.021856,-0.016976,-0.703009,-0.279941,0.742368,0.401935,0.027418,0.023267,-0.009918,0.953593,0.193865,0.230382,-0.287766,0.81195,0.507864,-0.088602,-0.550592,0.830058,0.007153,0.010831,-0.009045,-0.798088,-2.135751,1.639276,0.361727,0.084879,0.035052,-0.031649,0.58422,-0.356717,-0.728998,0.634223,0.761124,0.135831,0.506405,-0.541703,0.670902,1e-06,2e-05,1.6e-05,2e-06,5e-06,0.0,0.519408
