frame,MLTx,MLTy,MLTz,MLTR1,MLTR2,MLTR3,MLTR4,MLTR5,MLTR6,MLTR7,MLTR8,MLTR9,MLTTVx,MLTTVy,MLTTVz,MLTRVx,MLTRVy,MLTRVz,MLGA,MRTx,MRTy,MRTz,MRTR1,MRTR2,MRTR3,MRTR4,MRTR5,MRTR6,MRTR7,MRTR8,MRTR9,MRTTVx,MRTTVy,MRTTVz,MRTRVx,MRTRVy,MRTRVz,MRGA,SLTx,SLTy,SLTz,SLTR1,SLTR2,SLTR3,SLTR4,SLTR5,SLTR6,SLTR7,SLTR8,SLTR9,SLTTVx,SLTTVy,SLTTVz,SLTRVx,SLTRVy,SLTRVz,SLGA,SRTx,SRTy,SRTz,SRTR1,SRTR2,SRTR3,SRTR4,SRTR5,SRTR6,SRTR7,SRTR8,SRTR9,SRTTVx,SRTTVy,SRTTVz,SRTRVx,SRTRVy,SRTRVz,SRGA
1,0.151243,0.043553,0.40251,-0.343594,-0.527971,-0.776682,-0.03433,-0.819419,0.572141,-0.938079,0.223899,0.264394,-0.000188,-0.001717,-0.000751,-0.000895,0.012522,-0.025942,0.467339,-0.199001,0.021635,0.323573,0.666142,0.645169,0.37417,-0.670727,0.737608,-0.077419,-0.326761,-0.200218,0.923582,0.000199,0.002355,0.001982,6.5e-05,-6.8e-05,-5.1e-05,0.534839,0.020315,0.03192,-0.014969,-0.748299,-0.514165,0.419143,0.524068,-0.845586,-0.101664,0.406694,0.143585,0.902209,0.000313,-0.004417,0.004934,-0.050255,0.128986,-0.178211,0.523548,0.091412,0.046174,-0.038688,-0.367721,-0.513631,-0.775219,0.076842,-0.847557,0.52511,-0.926756,0.133524,0.351133,-4e-06,-4.3e-05,-2e-05,-2.8e-05,3.7e-05,2.8e-05,0.441682
2,0.151242,0.043553,0.402499,-0.343463,-0.527785,-0.776867,-0.034387,-0.819566,0.571928,-0.938125,0.223802,0.264314,-3.7e-05,-0.000337,-0.000148,0.0,0.0,0.0,0.466969,-0.198945,0.021621,0.323648,0.665715,0.645443,0.374458,-0.671108,0.737264,-0.077394,-0.326849,-0.200603,0.923467,0.000161,0.0019,0.001599,1e-06,-1e-06,-1e-06,0.535067,0.020337,0.031909,-0.014934,-0.747896,-0.514506,0.419445,0.524516,-0.845311,-0.101642,0.406857,0.143988,0.902072,8.5e-05,0.001058,0.000887,0.001242,-0.01584,0.024228,0.523548,0.091412,0.046171,-0.038695,-0.367628,-0.51344,-0.775389,0.076784,-0.847687,0.524909,-0.926797,0.133434,0.351058,-2.1e-05,-0.000189,-8.4e-05,-3.5e-05,1.5e-05,2e-05,0.441682
3,0.151246,0.04352,0.402464,-0.343162,-0.527355,-0.777291,-0.034526,-0.819901,0.571439,-0.93823,0.223584,0.264124,-0.000154,-0.001399,-0.000613,0.0,0.0,0.0,0.460185,-0.198854,0.021539,0.323795,0.664944,0.645935,0.374979,-0.671831,0.736621,-0.077244,-0.326932,-0.201385,0.923268,0.000155,0.001836,0.001544,0.001594,-0.016235,0.023755,0.534691,0.020387,0.031864,-0.014865,-0.747203,-0.515111,0.419937,0.525339,-0.844813,-0.101534,0.407069,0.144743,0.901855,0.000215,-0.005633,0.003912,-0.036195,0.013705,-0.016262,0.523385,0.091414,0.046156,-0.038712,-0.367399,-0.512967,-0.77581,0.076629,-0.848008,0.524414,-0.9269,0.13322,0.350866,-9.7e-05,-0.000884,-0.000387,-1.7e-05,1.3e-05,1.7e-05,0.4376
4,0.151201,0.043419,0.402442,-0.343003,-0.527111,-0.777527,-0.034681,-0.820072,0.571184,-0.938283,0.223534,0.263979,-0.000328,-0.002987,-0.00131,-0.000895,0.012522,-0.025941,0.452947,-0.198787,0.021385,0.323921,0.663768,0.646697,0.375749,-0.672889,0.735662,-0.077162,-0.327143,-0.202445,0.922961,2.1e-05,0.000246,0.000207,0.0,-0.0,-0.0,0.534762,0.020421,0.031792,-0.014804,-0.746168,-0.516039,0.420637,0.526515,-0.84408,-0.101535,0.407448,0.145709,0.901528,8e-06,0.000109,9.1e-05,2.4e-05,-1e-05,0.000107,0.523548,0.091392,0.046108,-0.038722,-0.367273,-0.512682,-0.776058,0.076459,-0.848187,0.524148,-0.926965,0.133169,0.350715,-0.000107,-0.000988,-0.000433,-1.3e-05,5e-06,8e-06,0.429598
5,0.151181,0.043388,0.402429,-0.342866,-0.526911,-0.777723,-0.034768,-0.820222,0.570963,-0.938329,0.223455,0.26388,-0.000181,-0.001646,-0.000722,0.0,0.0,0.0,0.451969,-0.198781,0.021292,0.324012,0.663003,0.647197,0.376238,-0.673581,0.735035,-0.077111,-0.327271,-0.203128,0.922765,7.3e-05,0.000871,0.000732,-0.011017,0.111904,-0.164036,0.534662,0.020424,0.031739,-0.014757,-0.745568,-0.51658,0.421038,0.527231,-0.843641,-0.101467,0.407621,0.146334,0.901349,0.000247,-0.005261,0.004226,-0.036225,0.013695,-0.016345,0.523548,0.091381,0.046089,-0.03873,-0.367177,-0.512477,-0.776239,0.076371,-0.848322,0.523942,-0.92701,0.133097,0.350623,-0.00011,-0.000992,-0.000435,-1.3e-05,-2e-06,8e-06,0.426496
6,0.151136,0.04331,0.402386,-0.342613,-0.526543,-0.778084,-0.034904,-0.820504,0.57055,-0.938417,0.223286,0.26371,-0.011875,-0.001434,-0.000189,-0.000984,0.014715,-0.029553,0.450798,-0.198786,0.021043,0.324258,0.661912,0.647898,0.376952,-0.6747,0.734058,-0.076635,-0.327172,-0.204431,0.922513,0.000611,-0.009188,0.00958,-0.034649,-0.002507,0.007342,0.534883,0.020421,0.031615,-0.01464,-0.74448,-0.517552,0.421767,0.528616,-0.842814,-0.101136,0.407815,0.147659,0.901045,0.000253,-0.005167,0.004308,-0.036243,0.013679,-0.01639,0.523548,0.091363,0.046051,-0.038751,-0.366975,-0.512055,-0.776613,0.076215,-0.848604,0.523508,-0.927103,0.132925,0.350443,-0.000159,-0.001449,-0.000636,6e-06,1.5e-05,8e-06,0.42274
7,0.151124,0.043182,0.40235,-0.342306,-0.526085,-0.778529,-0.035151,-0.820834,0.57006,-0.938521,0.223151,0.263458,-0.00032,-0.002903,-0.001276,0.0,0.0,0.0,0.447648,-0.19881,0.020729,0.324529,0.660791,0.648614,0.377685,-0.675891,0.733025,-0.076025,-0.326977,-0.205865,0.922263,0.00043,-0.011341,0.007776,-0.036247,0.013669,-0.016454,0.534705,0.020409,0.031468,-0.014503,-0.743492,-0.518429,0.422433,0.529967,-0.842027,-0.100618,0.407864,0.149067,0.900791,0.000209,-0.005691,0.003873,-0.036249,0.013676,-0.01642,0.523385,0.091352,0.045987,-0.038769,-0.366751,-0.511569,-0.777038,0.075959,-0.848916,0.523039,-0.927212,0.132802,0.3502,-0.000197,-0.001799,-0.00079,-1e-06,4e-06,-2e-06,0.420454
8,0.151116,0.043037,0.402276,-0.342138,-0.525845,-0.778765,-0.035231,-0.82102,0.569787,-0.938579,0.223032,0.26335,-0.000495,-0.00449,-0.001977,-0.000895,0.012522,-0.025941,0.443794,-0.198904,0.020144,0.324875,0.659203,0.649629,0.378716,-0.677628,0.731524,-0.075018,-0.326586,-0.208005,0.921922,0.000402,-0.011667,0.007511,-0.036248,0.013645,-0.016472,0.534645,0.020362,0.031169,-0.014329,-0.742046,-0.519709,0.423402,0.532013,-0.840844,-0.099708,0.407834,0.151267,0.900438,0.000194,-0.005846,0.003745,-0.03625,0.01365,-0.016466,0.523385,0.091349,0.045917,-0.038805,-0.366616,-0.511289,-0.777286,0.075864,-0.849104,0.522748,-0.927273,0.13268,0.350084,-0.000189,-0.001734,-0.000762,-0.0,0.0,-1e-06,0.415882
9,0.151101,0.04299,0.402245,-0.34214,-0.525853,-0.778758,-0.035204,-0.82102,0.569788,-0.938579,0.223012,0.263367,-0.000257,-0.002336,-0.001029,0.0,0.0,0.0,0.443241,-0.198913,0.019912,0.325071,0.658989,0.649749,0.378882,-0.678035,0.731213,-0.074358,-0.32617,-0.208723,0.921907,0.000642,-0.008823,0.009904,-0.034647,-0.002477,0.00736,0.534955,0.020358,0.031043,-0.014233,-0.741838,-0.519873,0.423566,0.532525,-0.840597,-0.099056,0.407545,0.152076,0.900432,0.000323,-0.004324,0.005027,-0.034645,-0.002481,0.007359,0.523385,0.091341,0.045888,-0.038823,-0.366624,-0.511313,-0.777267,0.075898,-0.849092,0.522762,-0.927267,0.132664,0.350106,-0.000148,-0.00136,-0.000597,-5e-06,-1.4e-05,1.3e-05,0.414086
10,0.151069,0.042943,0.402215,-0.3421,-0.525796,-0.778814,-0.035203,-0.821069,0.569718,-0.938594,0.222966,0.263352,-2.7e-05,-0.000244,-0.000108,0.0,0.0,0.0,0.443381,-0.198874,0.019561,0.325516,0.657328,0.650034,0.381269,-0.678682,0.730534,-0.07512,-0.32817,-0.210212,0.920857,0.000761,-0.007424,0.011082,-0.036251,0.013601,-0.016501,0.534445,0.020377,0.030873,-0.014013,-0.740125,-0.520428,0.425874,0.533216,-0.840059,-0.099898,0.40975,0.153146,0.89925,0.000411,-0.003254,0.005925,-0.047514,0.106358,-0.156736,0.523548,0.091324,0.045862,-0.038839,-0.366593,-0.51125,-0.777323,0.075896,-0.849137,0.52269,-0.927279,0.132619,0.350089,-3e-06,-2.8e-05,-1.2e-05,-3e-06,-4e-06,-1e-06,0.412453
11,0.151053,0.042961,0.402224,-0.341906,-0.525512,-0.779091,-0.035326,-0.82128,0.569405,-0.93866,0.222854,0.263211,2.2e-05,0.000203,8.9e-05,0.006174,-0.086429,0.179025,0.440434,-0.198849,0.019284,0.326024,0.656022,0.650085,0.383426,-0.679059,0.730119,-0.075758,-0.330004,-0.211499,0.919907,0.000922,-0.005517,0.012679,-0.034646,-0.002464,0.007369,0.534491,0.020389,0.030736,-0.013763,-0.738732,-0.520701,0.427952,0.533619,-0.839722,-0.100579,0.411733,0.154063,0.898186,0.000479,-0.002446,0.0066,-0.035644,-0.003639,0.007704,0.523548,0.091317,0.045874,-0.038833,-0.366496,-0.511044,-0.777504,0.075808,-0.849272,0.522482,-0.927325,0.132547,0.349996,1.9e-05,0.00016,7.1e-05,4e-06,3e-06,0.0,0.41131
12,0.151035,0.042946,0.402228,-0.341882,-0.525471,-0.779129,-0.035369,-0.821305,0.569367,-0.938667,0.222862,0.263179,-4.1e-05,-0.000368,-0.000162,0.0,0.0,0.0,0.437922,-0.198819,0.019178,0.326297,0.655821,0.651406,0.381524,-0.679532,0.729527,-0.077197,-0.329427,-0.209461,0.92058,0.001064,-0.003826,0.01409,-0.008317,-0.030862,-0.013468,0.534409,0.020405,0.030677,-0.013619,-0.738899,-0.522192,0.425842,0.534137,-0.83919,-0.102255,0.41076,0.151902,0.899,0.000533,-0.001788,0.007149,-0.030489,-0.008534,-0.000566,0.523548,0.091308,0.045868,-0.03883,-0.366428,-0.510893,-0.777635,0.07572,-0.849368,0.52234,-0.927359,0.132518,0.349917,-2.6e-05,-0.000228,-0.0001,4e-06,-0.0,3e-06,0.408534
13,0.15099,0.042957,0.402214,-0.341731,-0.525258,-0.779339,-0.035412,-0.821476,0.569117,-0.938721,0.222731,0.263099,-0.0,-2e-06,-1e-06,0.0,0.0,0.0,0.435532,-0.198719,0.018894,0.32699,0.654628,0.651362,0.383641,-0.679937,0.729125,-0.077428,-0.330963,-0.210996,0.919677,0.001637,-0.013465,0.023313,-0.070897,0.011055,-0.009186,0.53461,0.020454,0.030541,-0.01328,-0.737575,-0.522217,0.428101,0.534575,-0.838904,-0.102315,0.412566,0.153387,0.89792,0.000612,-0.000817,0.007953,-0.036147,-0.002224,0.008203,0.523385,0.091286,0.045873,-0.038838,-0.366313,-0.510658,-0.777844,0.075668,-0.84953,0.522085,-0.927409,0.132388,0.349834,0.0,1.5e-05,8e-06,-0.0,-1.1e-05,6e-06,0.403635
14,0.151,0.04298,0.402203,-0.341494,-0.524922,-0.779669,-0.035509,-0.82174,0.568731,-0.938803,0.222552,0.262956,0.0,0.0,0.0,0.0,0.0,0.0,0.433516,-0.198678,0.018585,0.327952,0.652486,0.65116,0.387613,-0.68015,0.728755,-0.07903,-0.33474,-0.2129,0.91787,0.002114,-0.007757,0.028035,-0.068001,-0.003393,0.01435,0.534409,0.020474,0.030379,-0.012806,-0.735173,-0.522387,0.432007,0.534766,-0.838578,-0.103971,0.416586,0.154586,0.895856,0.001038,-0.003935,0.013973,-0.069704,-0.005364,0.015065,0.523385,0.091291,0.045885,-0.038843,-0.366131,-0.510288,-0.778173,0.075559,-0.849779,0.521693,-0.92749,0.13221,0.349688,0.0,-1e-06,-0.0,1.2e-05,8e-06,6e-06,0.400696
15,0.150989,0.042949,0.4022,-0.341478,-0.524892,-0.779696,-0.035546,-0.821755,0.568706,-0.938808,0.222563,0.262929,-7.6e-05,-0.000686,-0.000302,0.0,0.0,0.0,0.432763,-0.198636,0.018178,0.329219,0.651344,0.651044,0.389724,-0.680951,0.72812,-0.077978,-0.335335,-0.215423,0.917064,0.00232,-0.005242,0.030063,-0.069287,-0.004847,0.01479,0.534782,0.020495,0.03018,-0.012182,-0.733932,-0.522465,0.43402,0.535714,-0.838095,-0.102987,0.417558,0.156925,0.894997,0.001359,-0.008259,0.018982,-0.106836,0.007043,-0.001367,0.523222,0.091285,0.04587,-0.038844,-0.366119,-0.510256,-0.778199,0.075522,-0.849797,0.521671,-0.927497,0.132223,0.349663,-5.8e-05,-0.00052,-0.000228,-1e-06,1e-06,-1.1e-05,0.3989
16,0.150977,0.042926,0.40219,-0.341452,-0.524854,-0.779733,-0.035562,-0.821784,0.568664,-0.938817,0.222548,0.26291,-0.000145,-0.001315,-0.00058,0.0,0.0,0.0,0.432389,-0.19861,0.018035,0.329838,0.651458,0.650928,0.389728,-0.681343,0.727905,-0.076546,-0.334313,-0.216503,0.917183,0.002354,-0.00481,0.030385,-0.069285,-0.00483,0.014801,0.534826,0.020508,0.03011,-0.011871,-0.734031,-0.522328,0.434018,0.536217,-0.837946,-0.10157,0.416737,0.158172,0.89516,0.001166,-0.002293,0.015286,-0.069438,-0.005031,0.014858,0.523222,0.091279,0.04586,-0.038849,-0.3661,-0.510214,-0.778236,0.075504,-0.849824,0.521629,-0.927507,0.132208,0.349644,-0.000111,-0.001004,-0.000443,-0.0,-8e-06,4e-06,0.39841
17,0.150954,0.042879,0.40216,-0.3414,-0.524782,-0.779805,-0.035569,-0.821844,0.568577,-0.938836,0.222497,0.262887,-0.000169,-0.001529,-0.000674,0.0,0.0,0.0,0.43559,-0.198574,0.017822,0.330978,0.651167,0.651043,0.390021,-0.682413,0.727149,-0.074164,-0.332689,-0.218693,0.917254,0.002177,-0.006892,0.02862,-0.069283,-0.004798,0.014821,0.534611,0.020527,0.030011,-0.011294,-0.733753,-0.522488,0.434295,0.537531,-0.837381,-0.099258,0.415532,0.160616,0.895285,0.00103,-0.003922,0.013922,-0.070898,0.010945,-0.009279,0.523222,0.091268,0.045836,-0.038864,-0.36606,-0.510134,-0.778307,0.075494,-0.84988,0.521539,-0.927523,0.132157,0.349619,-0.000126,-0.001142,-0.000505,2e-06,2e-06,-5e-06,0.398573
18,0.150937,0.042822,0.402104,-0.341346,-0.524717,-0.779872,-0.035524,-0.821911,0.568482,-0.938857,0.222401,0.262892,-0.00023,-0.002079,-0.000918,0.0,0.0,0.0,0.441042,-0.198537,0.017452,0.33191,0.650257,0.651562,0.390671,-0.683891,0.725961,-0.072154,-0.331426,-0.221089,0.917136,0.00159,-0.013966,0.022839,-0.072545,0.026578,-0.033415,0.534636,0.020546,0.029839,-0.010818,-0.73296,-0.523115,0.434878,0.539262,-0.836494,-0.097327,0.414686,0.163176,0.895213,0.000622,-0.000579,0.008076,-0.034644,-0.002377,0.007401,0.523385,0.091259,0.045807,-0.038892,-0.366017,-0.510062,-0.778375,0.075536,-0.849939,0.521438,-0.927537,0.13206,0.34962,-0.000142,-0.001295,-0.000573,5e-06,5e-06,-3e-06,0.403799
19,0.150933,0.042813,0.402059,-0.34129,-0.524653,-0.779939,-0.035454,-0.821983,0.568382,-0.93888,0.222283,0.26291,-4.7e-05,0.008728,-0.009926,0.035594,-0.012863,0.018415,0.446158,-0.198501,0.01725,0.332284,0.649926,0.651742,0.390921,-0.684486,0.725491,-0.07125,-0.330846,-0.222104,0.917101,0.001061,-0.003762,0.014034,-0.034641,-0.002381,0.007422,0.534675,0.020565,0.029727,-0.01062,-0.732621,-0.523376,0.435135,0.54004,-0.836099,-0.096406,0.414273,0.164361,0.895188,0.000705,-0.007881,0.01069,-0.072553,0.026545,-0.033461,0.523222,0.091257,0.0458,-0.038916,-0.365971,-0.509991,-0.778442,0.075603,-0.85,0.521328,-0.927549,0.131939,0.349633,-2.2e-05,0.004374,-0.00496,0.035591,-0.012873,0.018423,0.408861
20,0.150915,0.042887,0.401854,-0.341271,-0.524733,-0.779894,-0.03486,-0.822068,0.568296,-0.938909,0.221777,0.263232,-0.0001,0.008246,-0.010136,0.035592,-0.012876,0.018409,0.462411,-0.198427,0.01682,0.333061,0.652145,0.648103,0.393268,-0.681049,0.728716,-0.071265,-0.333571,-0.222187,0.916093,0.001591,-0.013963,0.022843,-0.070917,0.010848,-0.009322,0.534452,0.0206,0.029514,-0.01025,-0.734039,-0.519364,0.437546,0.536027,-0.838693,-0.096268,0.416965,0.163872,0.894027,0.000557,-0.001406,0.007398,-0.036191,-0.004773,0.00775,0.523222,0.091248,0.045834,-0.039014,-0.36595,-0.510082,-0.778393,0.076173,-0.850022,0.521209,-0.927511,0.131444,0.34992,-0.000134,-0.001237,-0.000547,-2e-06,-5e-06,5e-06,0.424373
21,0.150907,0.043146,0.401473,-0.336582,-0.52747,-0.780085,-0.035505,-0.820722,0.570199,-0.940581,0.220267,0.258489,-0.000206,0.007284,-0.010555,-0.014468,-0.102923,-0.023521,0.47398,-0.198339,0.01644,0.333878,0.649692,0.648076,0.397352,-0.681441,0.728164,-0.073145,-0.337541,-0.224077,0.914177,0.001772,-0.011756,0.024621,-0.069278,-0.004726,0.014868,0.533982,0.020644,0.029319,-0.009845,-0.731376,-0.51977,0.441505,0.536424,-0.838216,-0.098192,0.421114,0.165018,0.891869,0.000825,-0.006444,0.011854,-0.073506,0.007894,-0.00852,0.523222,0.091244,0.045963,-0.0392,-0.360801,-0.512562,-0.779166,0.075253,-0.848715,0.523467,-0.929601,0.130233,0.34479,-5.8e-05,0.003998,-0.00512,-0.006604,-0.107811,-0.026809,0.442009
22,0.15093,0.043289,0.401266,-0.335611,-0.53094,-0.778147,-0.034781,-0.818511,0.573413,-0.940956,0.220165,0.257208,-0.00017,0.007613,-0.010406,-0.04389,-0.057831,-0.221919,0.474692,-0.198317,0.016215,0.334324,0.64932,0.648281,0.397626,-0.682132,0.727621,-0.072092,-0.336856,-0.22525,0.914141,0.002182,-0.023433,0.032258,-0.107203,0.023938,-0.026157,0.534099,0.020655,0.029207,-0.009615,-0.731064,-0.520016,0.441732,0.537255,-0.837807,-0.097132,0.420597,0.166313,0.891872,-0.005799,-0.005723,0.012866,-0.084628,0.132643,-0.205875,0.523222,0.091255,0.046036,-0.039308,-0.3597,-0.515803,-0.777535,0.07627,-0.846775,0.526453,-0.929944,0.130062,0.343926,-0.000112,0.003504,-0.005338,-0.055485,-0.178602,-0.052662,0.447071
23,0.150954,0.043429,0.400955,-0.324894,-0.538827,-0.777274,-0.038049,-0.813748,0.579947,-0.944596,0.218661,0.244852,-0.000337,-0.003042,-0.00135,-0.190078,-0.340624,-0.159297,0.470833,-0.198303,0.015708,0.335261,0.646576,0.649203,0.400581,-0.683974,0.725886,-0.072123,-0.338395,-0.228182,0.912844,0.001669,-0.013002,0.023614,-0.070923,0.010757,-0.009381,0.533637,0.020663,0.028952,-0.009141,-0.728358,-0.521405,0.444557,0.539393,-0.836417,-0.097267,0.422551,0.168946,0.890453,0.000601,-0.000812,0.007858,-0.046266,0.103935,-0.160098,0.523222,0.091267,0.046109,-0.039467,-0.348524,-0.522825,-0.777935,0.073205,-0.842623,0.533503,-0.934436,0.12899,0.331948,-0.000164,-0.001537,-0.000681,-0.210975,-0.368578,-0.17198,0.448703
24,0.150897,0.043405,0.400801,-0.318792,-0.543966,-0.776221,-0.04007,-0.810484,0.584365,-0.946596,0.218066,0.23755,-0.000313,-0.002823,-0.001254,-0.025027,-0.044698,-0.020922,0.467507,-0.19827,0.015412,0.336123,0.645278,0.649977,0.40142,-0.685669,0.724444,-0.070524,-0.33744,-0.230562,0.9126,0.001428,0.00076,0.017603,-0.034637,-0.002327,0.007456,0.532294,0.020679,0.028796,-0.008711,-0.727163,-0.5224,0.445343,0.541423,-0.835278,-0.095761,0.422011,0.171485,0.890223,0.000946,-0.00495,0.013043,-0.06932,-0.004652,0.014855,0.523222,0.091239,0.046097,-0.039544,-0.341323,-0.52787,-0.777721,0.07128,-0.839564,0.538562,-0.937238,0.128388,0.324189,-0.000185,-0.001691,-0.000751,0.011272,-0.004706,-0.003177,0.443805
25,0.150758,0.043301,0.400698,-0.316733,-0.545641,-0.775888,-0.040734,-0.809424,0.585786,-0.947261,0.217817,0.235116,-0.000402,-0.003607,-0.001606,-7.2e-05,-0.000128,-6e-05,0.467399,-0.198214,0.015278,0.336984,0.644203,0.65061,0.402122,-0.687108,0.723217,-0.069085,-0.336562,-0.232626,0.9124,0.001504,0.001725,0.018334,-0.034636,-0.002317,0.007462,0.519636,0.020707,0.028729,-0.00828,-0.72618,-0.52321,0.445996,0.543135,-0.834319,-0.094419,0.421504,0.173671,0.89004,0.000991,-0.004397,0.013468,-0.080699,0.101203,-0.153147,0.522732,0.091169,0.046048,-0.039595,-0.339517,-0.529185,-0.777617,0.07096,-0.838779,0.539825,-0.937918,0.1281,0.322331,-0.006099,-0.002052,-0.000693,0.001894,0.03353,-0.052562,0.442009
26,0.150713,0.043224,0.400654,-0.316674,-0.545561,-0.775968,-0.040742,-0.809493,0.58569,-0.947281,0.217761,0.235089,-0.000473,-0.004247,-0.001892,0.006087,-0.0872,0.178654,0.465856,-0.198194,0.015255,0.337374,0.643824,0.650828,0.402374,-0.687658,0.722754,-0.068452,-0.33616,-0.233455,0.912336,0.001489,0.001564,0.018186,-0.03298,-0.017624,0.031821,0.498792,0.020717,0.028719,-0.008084,-0.725818,-0.523504,0.44624,0.543807,-0.833948,-0.093829,0.421261,0.174565,0.88998,0.000691,0.000283,0.008697,-0.034667,-0.002313,0.007416,0.514078,0.091147,0.04601,-0.039616,-0.339572,-0.529156,-0.777614,0.070995,-0.8388,0.539789,-0.937896,0.128091,0.322401,-0.000226,-0.00204,-0.000906,-0.000232,0.00136,0.00071,0.441682
27,0.150706,0.043087,0.400583,-0.316356,-0.545123,-0.776405,-0.040894,-0.809844,0.585195,-0.94738,0.217554,0.234878,-0.000432,-0.003871,-0.001727,-0.000882,0.012636,-0.025887,0.462757,-0.198177,0.015543,0.337781,0.643567,0.650984,0.402533,-0.687968,0.722483,-0.06821,-0.336019,-0.233862,0.912284,0.000256,0.01991,-0.001181,0.037948,-0.028298,0.041256,0.359696,0.020726,0.028855,-0.007868,-0.725551,-0.52373,0.44641,0.544236,-0.833699,-0.093552,0.421168,0.175075,0.889924,0.00032,0.004041,0.003194,-0.00978,0.090287,-0.143811,0.421492,0.091144,0.04594,-0.039653,-0.339302,-0.528551,-0.778143,0.07076,-0.839213,0.539178,-0.938011,0.127883,0.322147,-0.000143,-0.001292,-0.000576,-0.000585,0.000425,0.000267,0.438743
28,0.150737,0.042979,0.400523,-0.316157,-0.54485,-0.776678,-0.04098,-0.810064,0.584884,-0.947444,0.217416,0.234751,-0.000323,-0.002896,-0.001294,-0.0,-0.0,-0.0,0.459969,-0.198278,0.016053,0.33753,0.643562,0.651814,0.401195,-0.688625,0.721884,-0.067914,-0.334676,-0.233397,0.912897,-0.001126,0.019592,-0.018331,0.059514,0.095122,-0.158576,-0.053964,0.020677,0.029136,-0.007985,-0.725821,-0.524511,0.445051,0.544936,-0.833268,-0.093321,0.419795,0.17479,0.890628,-0.000599,0.009351,-0.009516,0.059891,0.095561,-0.158739,0.128059,0.091159,0.045885,-0.039683,-0.339168,-0.528256,-0.778401,0.070651,-0.839415,0.538878,-0.938068,0.127776,0.322024,-0.000194,-0.001752,-0.000784,-0.000405,0.000283,0.000163,0.436293
29,0.150746,0.042913,0.400472,-0.316145,-0.544843,-0.776688,-0.040934,-0.810082,0.584862,-0.94745,0.217367,0.234773,-0.000525,-0.004712,-0.002107,-0.000882,0.012638,-0.025886,0.458378,-0.198379,0.016274,0.337216,0.642037,0.655337,0.397885,-0.689598,0.720406,-0.073504,-0.335599,-0.228024,0.913915,-0.014772,0.015588,-0.020624,0.176361,-0.02363,-0.28063,-0.41702,0.020631,0.029241,-0.008135,-0.725273,-0.528109,0.441677,0.545707,-0.832123,-0.098863,0.41974,0.169324,0.891709,-0.000755,0.007373,-0.011073,0.223981,-0.18295,-0.108987,-0.021679,0.091164,0.045854,-0.039708,-0.339163,-0.528244,-0.778412,0.070688,-0.839428,0.538852,-0.938067,0.127734,0.322044,-0.000263,-0.00237,-0.001061,-0.00121,0.012869,-0.025751,0.434171
30,0.150753,0.042774,0.400346,-0.318161,-0.543156,-0.777046,-0.039981,-0.811221,0.583346,-0.946813,0.217336,0.237355,-0.000552,-0.004961,-0.002222,0.266182,0.491052,0.198348,0.453464,-0.198623,0.016962,0.336263,0.646354,0.655493,0.390573,-0.681929,0.725885,-0.089432,-0.342928,-0.209375,0.915656,-0.001998,0.025493,-0.030538,0.701341,-0.426022,-0.009446,-1.376411,0.020503,0.02958,-0.008628,-0.729684,-0.526968,0.435734,0.536381,-0.836345,-0.113229,0.424092,0.151099,0.892924,-0.001001,0.012563,-0.015412,0.645768,-0.370168,0.030386,-0.324256,0.091167,0.045783,-0.039771,-0.339357,-0.527766,-0.778652,0.070841,-0.839762,0.538312,-0.937986,0.12752,0.322366,-0.000271,-0.002456,-0.001099,0.265871,0.491285,0.19843,0.428619
31,0.150742,0.042644,0.400215,-0.318238,-0.543297,-0.776916,-0.039752,-0.811155,0.583455,-0.946797,0.217233,0.237515,-0.000485,-0.004358,-0.001956,4.9e-05,8.7e-05,4.1e-05,0.446881,-0.19887,0.017706,0.335254,0.647379,0.652137,0.394474,-0.676368,0.730136,-0.096755,-0.351914,-0.205005,0.913232,-0.002165,0.023408,-0.032168,-0.154014,0.36483,0.056608,-1.405776,0.02038,0.029943,-0.00912,-0.730123,-0.525205,0.437127,0.529993,-0.839051,-0.122879,0.431309,0.141958,0.890965,-0.001089,0.011455,-0.01628,-0.364682,0.50465,0.348122,-0.612954,0.091161,0.045718,-0.039837,-0.34143,-0.526834,-0.778377,0.071809,-0.840343,0.537276,-0.937159,0.127547,0.32475,-0.000281,-0.002537,-0.001139,-0.003642,0.009544,-0.027265,0.423067
32,0.150715,0.042508,0.400113,-0.318281,-0.543375,-0.776844,-0.039622,-0.811119,0.583514,-0.946788,0.217173,0.237606,-0.000478,-0.004289,-0.001928,-0.00088,0.012649,-0.02588,0.431621,-0.199026,0.019082,0.333853,0.652723,0.641922,0.402345,-0.669791,0.737131,-0.089171,-0.354625,-0.212102,0.910558,-0.002201,0.039332,-0.036341,-0.268174,0.521353,0.195713,-1.405981,0.020302,0.030601,-0.009813,-0.733181,-0.514231,0.444984,0.52281,-0.844693,-0.11473,0.434873,0.148525,0.888158,-0.00109,0.019533,-0.018274,0.032044,0.093703,0.138083,-0.780327,0.091148,0.045651,-0.039887,-0.341424,-0.526918,-0.778322,0.071915,-0.8403,0.53733,-0.937153,0.127484,0.324792,-0.000207,-0.001862,-0.000837,-5.7e-05,-6.6e-05,-1.6e-05,0.409514
33,0.15071,0.042483,0.400071,-0.318175,-0.543241,-0.776981,-0.039603,-0.811242,0.583344,-0.946824,0.217047,0.237575,-0.000224,-0.002014,-0.000906,0.0,0.0,0.0,0.423712,-0.19908,0.019937,0.333102,0.657895,0.634124,0.406265,-0.664163,0.742846,-0.083669,-0.355659,-0.21559,0.909335,-0.002598,0.050912,-0.043963,0.597202,0.098383,1.772385,-1.406257,0.020274,0.031041,-0.010198,-0.735484,-0.505961,0.450627,0.518009,-0.848611,-0.107354,0.436725,0.154472,0.886233,-0.001041,0.020121,-0.01784,2.063085,-0.047071,5.180154,-0.732646,0.091145,0.045632,-0.039911,-0.341348,-0.526785,-0.778446,0.071935,-0.840402,0.537168,-0.93718,0.127364,0.324764,-0.0001,-0.000914,-0.00041,-1e-06,4e-06,-3e-06,0.39939
34,0.150678,0.042453,0.400027,-0.318113,-0.543167,-0.777058,-0.039559,-0.811318,0.583241,-0.946847,0.216948,0.237576,-7.5e-05,-0.000676,-0.000304,0.0,0.0,0.0,0.408426,-0.199242,0.021735,0.331384,0.666511,0.621479,0.411726,-0.661043,0.748005,-0.058684,-0.345265,-0.233848,0.908829,-0.002999,0.04596,-0.047777,-0.746438,-0.211282,0.583324,-1.406341,0.020194,0.03195,-0.011048,-0.742008,-0.491016,0.456428,0.513853,-0.853835,-0.083176,0.430555,0.17282,0.885863,-0.001302,0.016904,-0.020305,-2.157677,-1.426374,1.119513,-0.746852,0.091129,0.045618,-0.039933,-0.341299,-0.526702,-0.778523,0.071975,-0.840469,0.537058,-0.937194,0.127263,0.324761,3.3e-05,0.004856,-0.004732,0.035588,-0.012958,0.018371,0.378325
35,0.150657,0.04243,0.400007,-0.318031,-0.543055,-0.77717,-0.039579,-0.811411,0.58311,-0.946874,0.216878,0.237532,-3.2e-05,-0.000284,-0.000128,0.0,0.0,0.0,0.39914,-0.199485,0.022995,0.329547,0.669275,0.615282,0.416521,-0.657526,0.7515,-0.053308,-0.34664,-0.238981,0.906969,-0.003298,0.026055,-0.04678,0.126692,-0.00565,0.030479,-1.406009,0.020073,0.032593,-0.011963,-0.743757,-0.483388,0.461694,0.509814,-0.856928,-0.075919,0.432337,0.178913,0.883784,-0.001667,0.012458,-0.023842,0.181074,-0.061417,-0.004238,-0.747179,0.091119,0.045608,-0.039942,-0.341235,-0.526578,-0.778635,0.07195,-0.840557,0.536923,-0.937219,0.127194,0.324715,-1.3e-05,-0.000111,-4.9e-05,-3e-06,-4e-06,0.0,0.361833
36,0.150648,0.042454,0.399987,-0.318013,-0.543043,-0.777185,-0.03951,-0.811439,0.583076,-0.946882,0.216804,0.237564,-0.0,-4e-06,-2e-06,0.0,0.0,0.0,0.396477,-0.199549,0.023441,0.328636,0.670611,0.613128,0.417546,-0.655478,0.753299,-0.053128,-0.347938,-0.238847,0.906507,-0.003454,0.024237,-0.048259,0.128497,0.00648,0.003788,-1.406171,0.020039,0.032823,-0.012438,-0.744665,-0.481214,0.462499,0.507459,-0.858317,-0.075993,0.433541,0.17811,0.883356,-0.001718,0.01188,-0.024318,0.158151,-0.024782,-0.016239,-0.749465,0.091114,0.04562,-0.039952,-0.34122,-0.526565,-0.778651,0.072018,-0.840577,0.536882,-0.93722,0.127118,0.324744,5e-06,4.3e-05,2.2e-05,8e-06,7e-06,1.1e-05,0.356281
37,0.150658,0.042508,0.399938,-0.317798,-0.542775,-0.777461,-0.039447,-0.811691,0.582729,-0.946957,0.21653,0.237516,0.000135,0.010341,-0.009182,0.035581,-0.012977,0.01836,0.386981,-0.199635,0.024333,0.326848,0.674532,0.612276,0.41245,-0.652951,0.755474,-0.053357,-0.345096,-0.2341,0.908828,-0.003287,0.026204,-0.046682,0.141378,-0.02316,0.018162,-1.405814,0.019996,0.03326,-0.013339,-0.748695,-0.479938,0.45729,0.50463,-0.859953,-0.076341,0.429887,0.173607,0.886034,-0.001619,0.013059,-0.023372,0.146216,-0.018292,0.014794,-0.751261,0.091119,0.045644,-0.039972,-0.341058,-0.526277,-0.778916,0.072051,-0.840795,0.536537,-0.937276,0.126869,0.324678,2e-06,1.4e-05,7e-06,1.3e-05,1.1e-05,1.7e-05,0.347463
38,0.15065,0.042521,0.399819,-0.321859,-0.537452,-0.779485,-0.044036,-0.813906,0.579301,-0.945378,0.221443,0.239271,-0.000363,-0.003255,-0.001467,-0.006468,0.100946,-0.204014,0.370892,-0.199708,0.025148,0.32511,0.677241,0.609521,0.412093,-0.651134,0.757288,-0.049732,-0.343221,-0.235425,0.909196,-0.003009,0.013347,-0.040209,0.023146,0.08151,0.069538,-1.405341,0.019957,0.033656,-0.014173,-0.750817,-0.476822,0.45707,0.5029,-0.861304,-0.072422,0.428209,0.175485,0.886477,-0.001471,0.006731,-0.020052,-0.011755,0.129102,0.098381,-0.737545,0.091116,0.045657,-0.040029,-0.345711,-0.521019,-0.780398,0.06735,-0.843312,0.533187,-0.93592,0.131769,0.326633,-0.000136,-0.001239,-0.000556,-0.007447,-0.008316,-0.004344,0.328848
39,0.150623,0.042543,0.399664,-0.320645,-0.535684,-0.7812,-0.044524,-0.815312,0.577283,-0.945769,0.220547,0.238552,-0.000207,0.007276,-0.01056,0.035579,-0.012994,0.018352,0.356171,-0.199754,0.025686,0.323408,0.677854,0.606538,0.415473,-0.648903,0.759222,-0.049392,-0.34623,-0.236896,0.907672,-0.003399,0.008882,-0.043994,0.034697,0.083297,0.035384,-1.405146,0.019938,0.03394,-0.015037,-0.750694,-0.473639,0.460569,0.50029,-0.862866,-0.071915,0.431471,0.176432,0.884705,-0.001681,0.004328,-0.022085,0.031274,0.087875,0.040015,-0.740484,0.091102,0.045667,-0.040112,-0.344748,-0.519233,-0.782013,0.066819,-0.844546,0.531296,-0.936313,0.13091,0.32585,-0.00011,0.003555,-0.005318,0.035595,-0.013096,0.017806,0.307784
40,0.150593,0.042574,0.399575,-0.320572,-0.535628,-0.781269,-0.044302,-0.815418,0.57715,-0.945804,0.220292,0.238649,-7.1e-05,0.008484,-0.010014,0.035578,-0.013002,0.018348,0.348822,-0.199735,0.025936,0.322454,0.677981,0.605155,0.417279,-0.647861,0.760108,-0.049441,-0.347932,-0.237591,0.906839,-0.003469,0.008108,-0.044711,0.077219,0.036727,0.000226,-1.40499,0.019949,0.034056,-0.015496,-0.750563,-0.472005,0.462455,0.499021,-0.86363,-0.071554,0.433165,0.177069,0.883749,0.004902,0.003784,-0.022999,0.099836,0.001198,0.018628,-0.744076,0.091087,0.045678,-0.040153,-0.344692,-0.519182,-0.782072,0.06702,-0.844614,0.531163,-0.93632,0.130673,0.325927,-7.6e-05,0.003847,-0.005186,0.035714,-0.013104,0.018221,0.299293
41,0.150582,0.042572,0.399439,-0.319021,-0.533377,-0.783441,-0.045054,-0.817165,0.574616,-0.946295,0.219271,0.237642,-0.000429,-0.003836,-0.001733,-0.0,-2e-06,4e-06,0.28727,-0.199695,0.02655,0.320558,0.677776,0.600487,0.424294,-0.64478,0.762738,-0.049217,-0.354015,-0.240985,0.903583,-0.003432,0.008601,-0.044433,0.060028,0.055444,0.014808,-1.404596,0.019967,0.034366,-0.016467,-0.749037,-0.467492,0.469461,0.495602,-0.865622,-0.071247,0.439683,0.179299,0.880073,0.004748,0.010006,-0.026449,0.122358,0.001712,0.046551,-0.745056,0.091082,0.045683,-0.040224,-0.343478,-0.516669,-0.784267,0.066203,-0.846315,0.528551,-0.936823,0.129625,0.324896,-0.000226,-0.002041,-0.000924,-0.000122,0.002183,-0.004323,0.250959
42,0.150568,0.042511,0.399183,-0.307781,-0.516462,-0.799114,-0.052572,-0.829368,0.556198,-0.949636,0.213836,0.229112,-0.000708,-0.006328,-0.002867,-0.003012,-0.018264,0.042193,0.15883,-0.199743,0.027044,0.318574,0.679902,0.59445,0.429363,-0.641949,0.765496,-0.043021,-0.355088,-0.247139,0.901498,-0.003801,0.004463,-0.048114,0.001539,0.133683,0.039597,-1.405072,0.019945,0.034618,-0.017434,-0.749842,-0.461313,0.474263,0.492732,-0.867748,-0.065011,0.441532,0.184937,0.877978,0.004767,0.002138,-0.024553,-0.032587,0.165141,0.100581,-0.745872,0.091075,0.045655,-0.040351,-0.334873,-0.498023,-0.799894,0.05806,-0.8582,0.510019,-0.940472,0.12435,0.316304,-0.000254,0.002282,-0.005895,0.02848,-0.116748,0.246101,0.119346
43,0.150511,0.042472,0.399053,-0.304461,-0.505152,-0.807571,-0.061604,-0.835601,0.545845,-0.950167,0.216562,0.224298,-0.000562,0.004102,-0.011998,-0.08557,0.059121,0.072214,0.093274,-0.199764,0.027145,0.317657,0.680126,0.592952,0.431077,-0.640922,0.766375,-0.042686,-0.356516,-0.248011,0.900694,-0.003772,0.004872,-0.047875,0.077131,-0.067221,0.171273,-1.404685,0.019933,0.034667,-0.017914,-0.74955,-0.459671,0.476315,0.491598,-0.86843,-0.064485,0.443289,0.185821,0.876906,-0.001892,0.002022,-0.024286,0.093702,0.037792,-0.03055,-0.746199,0.091046,0.045632,-0.040418,-0.333129,-0.486054,-0.807945,0.048688,-0.864614,0.500071,-0.941622,0.127251,0.311693,-0.000293,0.001939,-0.006047,-0.087432,0.071052,0.051969,0.024965
44,0.150171,0.042294,0.398838,-0.295771,-0.486306,-0.822236,-0.073741,-0.846552,0.527148,-0.952057,0.217147,0.215553,-0.012722,-0.008099,-0.003256,-0.002975,-0.163559,0.349151,0.013921,-0.199705,0.027344,0.315819,0.682729,0.587896,0.433879,-0.638114,0.768981,-0.037584,-0.356582,-0.251955,0.899573,-0.003532,0.007729,-0.045626,-0.002419,0.017891,0.238378,-1.404757,0.01996,0.034761,-0.018857,-0.751148,-0.454364,0.478883,0.4886,-0.870475,-0.059517,0.443899,0.189276,0.875858,-0.001728,0.003952,-0.022736,0.000176,0.016258,0.23694,-0.746036,0.090881,0.045549,-0.040523,-0.327358,-0.466125,-0.821926,0.035949,-0.875369,0.482116,-0.944216,0.128277,0.303315,-0.006274,0.001182,-0.006176,0.020107,-0.452144,0.962369,-0.118731
45,0.149618,0.041872,0.398665,-0.291354,-0.475489,-0.830102,-0.076407,-0.853405,0.515591,-0.953213,0.214231,0.213349,-0.013373,-0.01348,-0.005735,0.146162,0.114937,0.394004,-0.053589,-0.199494,0.027745,0.314076,0.692346,0.567808,0.445245,-0.623986,0.780979,-0.025418,-0.363013,-0.260953,0.89442,0.010104,0.011174,-0.043631,-0.215787,0.344112,0.298024,-1.404296,0.020066,0.03496,-0.01973,-0.75636,-0.432905,0.490419,0.473349,-0.879648,-0.046454,0.451507,0.197004,0.870246,0.005097,0.00578,-0.021648,-0.232478,0.362116,0.31022,-0.746199,0.090605,0.045345,-0.040606,-0.32359,-0.455112,-0.829555,0.032553,-0.881561,0.470945,-0.945637,0.125388,0.30008,-0.006641,-0.006368,-0.002687,0.245098,0.347979,0.311104,-0.205112
46,0.149336,0.041559,0.398572,-0.288263,-0.471228,-0.833603,-0.077969,-0.85611,0.51085,-0.954029,0.212836,0.211086,-0.013512,-0.014475,-0.006211,0.012159,-0.144521,0.30305,-0.086462,-0.199333,0.028035,0.31325,0.698056,0.553114,0.454725,-0.615429,0.788035,-0.013535,-0.366687,-0.271109,0.88989,0.010371,0.014218,-0.041017,0.372429,0.475725,1.921673,-1.404188,0.020142,0.035097,-0.02013,-0.758086,-0.419285,0.499504,0.466113,-0.884045,-0.03466,0.456117,0.20655,0.865617,0.005151,0.007162,-0.020532,1.953637,0.618994,5.476462,-0.746362,0.090464,0.045186,-0.040654,-0.322201,-0.449893,-0.832935,0.031178,-0.884423,0.465642,-0.946157,0.124061,0.298989,-0.006902,-0.013038,0.001197,-0.036015,-0.135346,0.250716,-0.234014
47,0.148612,0.040889,0.398319,-0.282116,-0.462756,-0.840424,-0.08088,-0.861411,0.501399,-0.95563,0.209997,0.20664,-0.025766,-0.017268,-0.007124,0.014357,-0.208531,0.424287,-0.152781,-0.198813,0.028773,0.311777,0.712109,0.51139,0.481012,-0.591128,0.806334,0.018109,-0.379475,-0.297888,0.875857,0.010947,0.020964,-0.035121,-0.324835,1.438764,0.729829,-1.40398,0.020406,0.035469,-0.020884,-0.763975,-0.374585,0.525382,0.439197,-0.898388,-0.001878,0.472701,0.229312,0.850863,0.005518,0.010743,-0.017342,-0.240473,1.473582,0.679328,-0.74081,0.090107,0.044852,-0.04078,-0.317203,-0.440789,-0.839694,0.027835,-0.889365,0.456348,-0.947948,0.121382,0.294379,-0.012876,-0.008623,-0.003545,0.008482,-0.121217,0.245673,-0.283655
48,0.147625,0.040178,0.397991,-0.282784,-0.452946,-0.845529,-0.093158,-0.864366,0.49413,-0.954313,0.219059,0.20329,-0.026105,-0.019089,-0.008042,0.007312,-0.120157,0.24616,-0.185742,-0.198169,0.029664,0.310445,0.7195,0.464475,0.516308,-0.567694,0.821538,0.05227,-0.400777,-0.331306,0.854095,0.011169,0.023804,-0.032603,-0.927303,1.158087,0.767749,-1.404241,0.020728,0.035918,-0.021547,-0.760842,-0.326808,0.560638,0.415289,-0.909065,0.033675,0.498652,0.258448,0.827375,0.005619,0.01207,-0.016171,-0.891165,1.112216,0.746336,-0.752731,0.089613,0.044495,-0.040944,-0.318999,-0.430705,-0.844235,0.015186,-0.892982,0.449836,-0.947633,0.130676,0.291401,-0.01306,-0.009679,-0.004065,0.005783,-0.11924,0.24783,-0.324967
49,0.146527,0.03951,0.397633,-0.282547,-0.447412,-0.848549,-0.099359,-0.866179,0.489729,-0.953759,0.223234,0.201342,-0.038199,-0.019372,-0.007831,0.007346,-0.106104,0.216329,-0.118703,-0.197358,0.031074,0.308994,0.719286,0.421725,0.552057,-0.554755,0.82695,0.09129,-0.418912,-0.372457,0.828041,0.023893,0.050843,-0.044618,-0.956846,1.222039,0.928227,-1.404002,0.021133,0.036624,-0.022271,-0.751133,-0.284577,0.595662,0.403722,-0.91193,0.073422,0.522309,0.295632,0.799872,0.011977,0.025597,-0.022177,-0.928196,1.189777,0.911146,-0.771509,0.089069,0.044161,-0.041124,-0.319429,-0.424995,-0.846961,0.008783,-0.895076,0.445825,-0.947568,0.13497,0.289646,-0.013212,-0.010373,-0.004429,0.002084,-0.020569,0.041894,-0.315333
50,0.145902,0.03922,0.397422,-0.284509,-0.444868,-0.849231,-0.104552,-0.866151,0.488696,-0.952618,0.228375,0.200977,-0.026091,-0.008633,-0.017272,0.037827,-0.0464,0.085681,-0.052831,-0.196896,0.031911,0.308225,0.721234,0.388884,0.573221,-0.540998,0.832976,0.115784,-0.433343,-0.394113,0.810402,0.024244,0.038828,-0.03764,-1.099482,1.352775,1.013507,-1.404175,0.021365,0.037046,-0.022653,-0.745995,-0.251534,0.616621,0.390482,-0.915266,0.099051,0.539458,0.314671,0.781003,0.012139,0.019486,-0.018786,-1.255128,1.495224,1.123164,-0.780817,0.088751,0.044008,-0.041227,-0.321592,-0.422503,-0.847389,0.003476,-0.89545,0.445147,-0.946871,0.14021,0.289438,-0.019044,-0.00899,-0.003585,0.002124,-0.01877,0.038732,-0.285941
51,0.144542,0.038793,0.396866,-0.284993,-0.444978,-0.84901,-0.109487,-0.864827,0.489958,-0.951918,0.233139,0.198812,-0.038088,-0.007858,-0.01656,0.023762,-0.058081,0.043541,0.088826,-0.195959,0.033763,0.306597,0.707269,0.300108,0.640077,-0.509127,0.844319,0.166881,-0.491217,-0.444291,0.749116,0.023758,0.051342,-0.043964,-0.318331,4.228885,-0.169712,-1.403606,0.021824,0.037955,-0.023448,-0.715253,-0.167276,0.678551,0.359742,-0.920542,0.152268,0.599164,0.353014,0.718597,0.01189,0.025738,-0.021952,-1.147074,2.169641,1.463635,-0.780817,0.088061,0.043791,-0.041512,-0.32176,-0.422756,-0.847198,-0.001544,-0.894547,0.44697,-0.946819,0.145125,0.287177,-0.019035,-0.003948,-0.008265,0.042853,-0.031845,0.056591,-0.168372
52,0.143236,0.038732,0.395951,-0.27958,-0.45092,-0.847674,-0.115316,-0.860714,0.495827,-0.952841,0.23693,0.1897,-0.026103,0.001593,-0.026622,-0.180523,-0.465476,-0.311217,0.242744,-0.195098,0.035436,0.304964,0.681726,0.19984,0.703779,-0.481898,0.846372,0.226631,-0.551206,-0.493903,0.67238,0.023388,0.047683,-0.047117,-1.337302,2.343532,0.918242,-1.403861,0.022264,0.038816,-0.024277,-0.666372,-0.07116,0.742215,0.336054,-0.917262,0.21377,0.665594,0.391875,0.635151,0.01171,0.023738,-0.023675,-1.266829,2.273378,0.860449,-0.769713,0.087408,0.04376,-0.04197,-0.316982,-0.427585,-0.846577,-0.006838,-0.891554,0.452862,-0.948406,0.149338,0.279682,-0.013032,0.000813,-0.013278,-0.265295,-0.595206,-0.371777,0.01533
53,0.142552,0.038937,0.39529,-0.275153,-0.45438,-0.847275,-0.115072,-0.859387,0.498182,-0.954163,0.235134,0.185235,-0.037717,0.013294,-0.034711,0.016655,-0.140605,-0.167862,0.319721,-0.194616,0.036273,0.304131,0.669726,0.148867,0.727528,-0.467256,0.84584,0.257215,-0.577903,-0.512393,0.635094,0.023461,0.049414,-0.0455,-1.282178,2.484065,0.785144,-1.40418,0.022496,0.039211,-0.02468,-0.645541,-0.024607,0.763328,0.322998,-0.91449,0.243676,0.692061,0.403856,0.598289,0.018575,0.018438,-0.020048,-0.855241,2.342731,0.826202,-0.761059,0.08708,0.043858,-0.042288,-0.310903,-0.431469,-0.84686,-0.007048,-0.889947,0.456009,-0.950415,0.147743,0.273646,-0.012918,0.006035,-0.017835,0.030051,-0.147666,-0.134931,0.123429
54,0.141496,0.039577,0.39377,-0.264896,-0.461344,-0.84678,-0.138928,-0.850724,0.506891,-0.953903,0.252484,0.162318,-0.025652,0.022399,-0.044834,-0.278189,-0.922653,-0.268408,0.406312,-0.193577,0.037772,0.302706,0.65768,0.052554,0.751457,-0.435854,0.840074,0.322864,-0.615116,-0.539931,0.57443,0.024012,0.040253,-0.036026,0.029602,1.963255,2.083297,-1.404153,0.023024,0.039976,-0.025413,-0.613769,0.070249,0.786353,0.297349,-0.902116,0.31268,0.731348,0.425735,0.532802,0.012012,0.020224,-0.017926,-0.024372,1.975156,2.184082,-0.758936,0.086547,0.044175,-0.043044,-0.302564,-0.43627,-0.847421,-0.029938,-0.884305,0.465947,-0.952658,0.166349,0.254498,-0.012809,0.011102,-0.02244,-0.061813,-0.384498,-0.225541,0.288679
55,0.14083,0.040272,0.392104,-0.241657,-0.475341,-0.84599,-0.155274,-0.841649,0.517193,-0.957573,0.25693,0.13064,-0.013676,0.022133,-0.04534,-0.333662,-0.966801,-0.480527,0.44324,-0.192514,0.039113,0.301841,0.637779,-0.055625,0.768202,-0.398254,0.829786,0.390873,-0.659965,-0.555157,0.506072,0.026176,0.017,-0.004103,2.950889,4.019354,4.267907,-1.404186,0.023535,0.040613,-0.025853,-0.577116,0.1656,0.799695,0.270435,-0.885223,0.378475,0.770585,0.43469,0.466092,0.012852,0.014327,-0.005616,-1.05355,1.708001,1.05704,-0.760242,0.08621,0.044521,-0.043877,-0.277996,-0.448453,-0.849474,-0.046163,-0.877074,0.478131,-0.959471,0.172133,0.223122,-0.006953,0.005848,-0.018136,-0.12981,-0.597243,-0.099188,0.377346
56,0.140487,0.040801,0.390718,-0.219446,-0.489966,-0.843695,-0.17832,-0.830062,0.528367,-0.958933,0.267001,0.095837,-0.001921,0.003434,-0.026627,-0.368939,-0.96546,-0.277921,0.448572,-0.191378,0.039797,0.301783,0.609692,-0.146017,0.779068,-0.369059,0.81744,0.442179,-0.70215,-0.556926,0.443489,0.026811,0.008517,0.005812,-1.052969,1.499178,1.137593,-1.404184,0.024124,0.040981,-0.02588,-0.530024,0.25673,0.808185,0.241616,-0.867839,0.434137,0.812831,0.425374,0.397946,0.013426,0.004561,0.003159,-0.987331,1.417045,1.078392,-0.761548,0.086032,0.04479,-0.044589,-0.253287,-0.462216,-0.849824,-0.069347,-0.867534,0.492517,-0.964902,0.183681,0.187682,-0.000907,0.001905,-0.013204,-0.420385,-1.047421,-0.317634,0.406738
