frame,MLTx,MLTy,MLTz,MLTR1,MLTR2,MLTR3,MLTR4,MLTR5,MLTR6,MLTR7,MLTR8,MLTR9,MLTTVx,MLTTVy,MLTTVz,MLTRVx,MLTRVy,MLTRVz,MLGA,MRTx,MRTy,MRTz,MRTR1,MRTR2,MRTR3,MRTR4,MRTR5,MRTR6,MRTR7,MRTR8,MRTR9,MRTTVx,MRTTVy,MRTTVz,MRTRVx,MRTRVy,MRTRVz,MRGA,SLTx,SLTy,SLTz,SLTR1,SLTR2,SLTR3,SLTR4,SLTR5,SLTR6,SLTR7,SLTR8,SLTR9,SLTTVx,SLTTVy,SLTTVz,SLTRVx,SLTRVy,SLTRVz,SLGA,SRTx,SRTy,SRTz,SRTR1,SRTR2,SRTR3,SRTR4,SRTR5,SRTR6,SRTR7,SRTR8,SRTR9,SRTTVx,SRTTVy,SRTTVz,SRTRVx,SRTRVy,SRTRVz,SRGA
1,0.17457,0.00229,0.390429,-0.575638,0.372227,-0.728103,-0.658062,-0.739397,0.14219,-0.48472,0.560521,0.671483,-0.000647,0.000305,-0.015436,0.034892,0.001703,-0.00646,0.114319,-0.211235,-0.036376,0.336711,-0.428511,-0.589585,0.684659,0.894296,-0.38447,0.228804,0.128854,0.711064,0.69112,-0.037476,-0.002512,-0.079497,-3.744175,0.070974,-4.100126,-0.006357,0.021774,0.02643,-0.012904,0.351136,0.650711,0.673259,-0.889333,0.45671,0.022413,-0.292901,-0.606621,0.739066,-0.011337,-0.001987,-0.040832,0.858718,2.521436,-1.275668,-0.247346,0.088863,0.03934,-0.029862,0.651244,-0.284558,-0.703496,0.543506,0.821864,0.170701,0.529604,-0.493523,0.689893,0.006177,-0.000122,-0.008094,0.032721,-0.00984,0.019101,-0.081338
2,0.174833,0.002403,0.389644,-0.560003,0.373214,-0.739698,-0.664943,-0.735033,0.132475,-0.493571,0.565576,0.660711,0.012055,0.008519,-0.026466,1.320434,-1.972732,1.915457,0.120902,-0.212357,-0.036787,0.333523,-0.382785,-0.567796,0.728748,0.911704,-0.359281,0.199112,0.149234,0.741322,0.654243,-0.022991,-0.017418,-0.076707,-0.276891,0.984162,-0.366946,0.106449,0.021205,0.026217,-0.014512,0.293943,0.63944,0.710431,-0.905731,0.423798,-0.0067,-0.305364,-0.64149,0.703734,-0.0117,-0.003863,-0.043221,-0.177756,1.011613,-0.267269,-0.124715,0.088989,0.03939,-0.030252,0.638993,-0.288216,-0.713174,0.550905,0.818533,0.162808,0.536833,-0.496924,0.681817,-0.000477,0.004067,-0.013151,-0.130768,-0.487527,-0.206376,-0.068275
3,0.175019,0.002547,0.389116,-0.549318,0.374871,-0.746838,-0.671069,-0.730438,0.126877,-0.49728,0.570406,0.65374,0.012004,0.007114,-0.027335,-0.105224,-0.585928,0.031855,0.119813,-0.212768,-0.036964,0.331981,-0.360878,-0.560453,0.745421,0.919697,-0.346131,0.185161,0.154674,0.753073,0.63939,-0.022096,-0.01034,-0.069819,-0.227957,0.808181,-0.359667,0.133723,0.021,0.026114,-0.015275,0.269734,0.635647,0.723322,-0.912004,0.409695,-0.01994,-0.309017,-0.654294,0.690222,-0.011237,-0.000241,-0.039687,0.02634,0.342019,-0.610247,-0.061032,0.089078,0.039461,-0.030505,0.627255,-0.292155,-0.721939,0.55821,0.815062,0.155159,0.543095,-0.500318,0.674335,0.006024,0.003753,-0.013553,0.222262,-0.236881,0.399384,-0.064029
4,0.175474,0.002882,0.38792,-0.522786,0.380129,-0.763049,-0.689113,-0.715338,0.1157,-0.501214,0.585837,0.636873,0.011912,0.004398,-0.029031,-0.162132,-0.791241,0.103826,0.115385,-0.213272,-0.03709,0.330021,-0.308418,-0.564917,0.765336,0.941622,-0.295167,0.161737,0.134904,0.771235,0.621981,-0.003482,0.002035,-0.037941,-0.37804,0.394898,-1.197724,0.163895,0.020736,0.026018,-0.016311,0.216799,0.642975,0.734561,-0.932536,0.358965,-0.03898,-0.288745,-0.676554,0.677421,-0.009162,0.001573,-0.01794,-4.202943,-0.439051,-4.379339,0.004448,0.08931,0.039633,-0.031112,0.602194,-0.300957,-0.73945,0.578727,0.80259,0.14465,0.549942,-0.515047,0.657487,0.005984,0.002404,-0.014394,-0.197618,-0.889139,0.082921,-0.066315
5,0.175933,0.003091,0.386834,-0.498431,0.387073,-0.775749,-0.708229,-0.697841,0.106781,-0.499405,0.602147,0.62293,0.012051,0.007609,-0.027066,-0.00426,-0.39473,0.319209,0.119213,-0.213384,-0.03724,0.329505,-0.265066,-0.567774,0.779336,0.956767,-0.254893,0.139861,0.119552,0.783413,0.609783,-0.000464,-0.003223,-0.003409,-0.036691,0.278256,-0.526545,0.217861,0.020679,0.025944,-0.016591,0.169697,0.650537,0.740272,-0.947388,0.314555,-0.059251,-0.271402,-0.69127,0.66969,-8.8e-05,-0.000727,-0.00077,-0.033368,0.280342,-0.525858,0.065518,0.089539,0.039727,-0.031661,0.578999,-0.30915,-0.754443,0.600304,0.787795,0.137888,0.55172,-0.532732,0.641716,-0.000349,-0.001383,-0.00871,-0.061468,-0.465235,0.460549,-0.065499
6,0.17626,0.003164,0.386138,-0.469856,0.398281,-0.787815,-0.734762,-0.671056,0.098895,-0.488703,0.624825,0.608926,0.012498,0.002224,-0.014735,-0.127896,-0.672155,0.161553,0.139604,-0.212989,-0.037451,0.330183,-0.239672,-0.569887,0.785989,0.964535,-0.231624,0.126321,0.110348,0.78909,0.604173,0.018087,-0.018464,0.039983,-0.119244,0.161438,-0.333474,0.243678,0.02087,0.025843,-0.016268,0.143983,0.654911,0.741862,-0.954262,0.290382,-0.071141,-0.262015,-0.697688,0.666767,0.00896,-0.003193,0.016331,-0.079127,0.083586,-0.124997,0.123976,0.089702,0.039761,-0.032011,0.553637,-0.326138,-0.766237,0.630558,0.765191,0.129912,0.543949,-0.555081,0.629288,0.006255,0.000838,-0.007546,0.034743,-0.205048,0.374959,-0.050639
7,0.176389,0.003158,0.385941,-0.455829,0.406572,-0.79181,-0.749231,-0.655485,0.094676,-0.479968,0.635897,0.604394,-0.000221,-0.006167,-0.00385,-4.495651,-0.024604,3.52816,0.15146,-0.212632,-0.037594,0.331041,-0.226111,-0.576026,0.785531,0.968865,-0.216098,0.120566,0.100568,0.789043,0.605938,0.019295,-0.009786,0.049034,-0.383938,-0.250866,-0.570844,0.244282,0.021055,0.025766,-0.015823,0.131133,0.660984,0.738852,-0.958655,0.274412,-0.075347,-0.252553,-0.698424,0.669641,0.009763,-0.003978,0.025474,-0.364317,-0.314957,-0.60401,0.133937,0.089772,0.03976,-0.03212,0.540857,-0.334642,-0.771678,0.646069,0.752741,0.126389,0.538579,-0.566916,0.623328,-0.000183,-0.003092,-0.00191,-4.548778,-0.163789,3.480143,-0.034473
8,0.176585,0.003016,0.385716,-0.438669,0.413714,-0.797782,-0.76193,-0.641901,0.086011,-0.475975,0.645067,0.597799,0.000101,-0.014838,0.006441,-0.0252,-0.15957,0.340504,0.163289,-0.211593,-0.038039,0.333422,-0.185087,-0.591021,0.785129,0.980123,-0.168558,0.104316,0.070901,0.789557,0.609456,0.020686,-0.012503,0.065829,-4.315998,-0.853471,-3.773511,0.311513,0.02157,0.025562,-0.014643,0.095293,0.67639,0.730352,-0.96886,0.231461,-0.087947,-0.228535,-0.699229,0.677384,0.01783,-0.006269,0.032526,0.099544,-0.343238,-0.654885,0.175739,0.08987,0.039697,-0.032234,0.524482,-0.343783,-0.778929,0.661949,0.740025,0.119103,0.535482,-0.578078,0.615697,-8.3e-05,-0.002585,-0.001622,0.010655,-0.053705,0.162233,-0.012266
9,0.176648,0.002753,0.385655,-0.427478,0.419247,-0.800962,-0.769504,-0.633725,0.078911,-0.473982,0.649553,0.594516,-0.000136,-0.003881,-0.002432,0.006052,-0.083986,0.180193,0.181944,-0.210657,-0.038374,0.335656,-0.116518,-0.608552,0.784908,0.993013,-0.084202,0.082275,0.016151,0.789757,0.613096,0.019462,-0.007408,0.050956,-0.18873,-0.248452,-1.058268,0.362907,0.022041,0.025413,-0.013498,0.026484,0.697811,0.715791,-0.984965,0.140494,-0.100522,-0.17071,-0.702367,0.691041,0.009495,0.001569,0.020985,-0.674857,-0.325579,-2.197404,0.269305,0.089902,0.039562,-0.03226,0.514245,-0.350989,-0.782532,0.670929,0.732992,0.112136,0.534232,-0.58269,0.612427,-7.6e-05,-0.002266,-0.001423,0.013109,-0.167066,0.360222,0.013044
10,0.176646,0.002648,0.385613,-0.422432,0.422606,-0.801873,-0.774317,-0.628094,0.076829,-0.470665,0.652831,0.593559,-0.000148,-0.004195,-0.002632,0.006061,-0.083977,0.180192,0.184367,-0.210158,-0.038507,0.336475,-0.081796,-0.61384,0.785176,0.996572,-0.043897,0.069646,-0.008199,0.788934,0.614311,0.033227,-0.00277,0.035119,0.136623,-0.46784,-0.611889,0.363891,0.022286,0.025352,-0.013075,-0.007659,0.704257,0.709903,-0.989202,0.098565,-0.108453,-0.146351,-0.703069,0.695898,0.009023,-0.001911,0.017375,-0.179133,0.116057,-0.438423,0.288247,0.0899,0.03951,-0.032281,0.509625,-0.355075,-0.783711,0.676626,0.728042,0.110137,0.531468,-0.586408,0.611282,-7e-05,-0.002078,-0.001307,0.006904,-0.083567,0.179793,0.022189
11,0.176551,0.002486,0.38549,-0.419442,0.423581,-0.802928,-0.775511,-0.626922,0.074323,-0.471377,0.653325,0.592451,-0.000145,-0.004091,-0.002571,0.006062,-0.083987,0.180188,0.182327,-0.209117,-0.038624,0.33731,-0.04435,-0.617929,0.784976,0.99874,-0.010366,0.048413,-0.02174,0.786892,0.616596,0.015844,0.006704,0.006057,0.124308,-0.195658,-0.518006,0.380562,0.022802,0.025299,-0.012645,-0.044108,0.710585,0.702226,-0.990057,0.062886,-0.125822,-0.133567,-0.700794,0.700746,0.007931,0.003552,0.003207,0.224647,-0.393091,-0.817163,0.304086,0.089858,0.039433,-0.03234,0.506941,-0.356392,-0.784853,0.678008,0.727113,0.107756,0.532274,-0.586762,0.61024,-6.7e-05,-0.001948,-0.001224,0.000479,-5.2e-05,-0.000345,0.027087
12,0.176381,0.002346,0.385455,-0.418964,0.423748,-0.803089,-0.775757,-0.626657,0.073985,-0.471397,0.653469,0.592275,-9.3e-05,-0.002586,-0.001627,-0.000879,0.012167,-0.02611,0.182046,-0.208235,-0.038006,0.337333,-0.022531,-0.616681,0.786885,0.99912,0.013094,0.039015,-0.034351,0.787827,0.614826,0.030588,0.019313,-0.001611,-0.373198,0.103315,-0.558986,0.386635,0.023247,0.025586,-0.012641,-0.066281,0.711308,0.699747,-0.990337,0.038719,-0.133164,-0.121814,-0.701812,0.701869,0.007641,0.015282,-0.004547,-1.276079,-0.036083,-1.094646,0.326783,0.089768,0.03936,-0.03236,0.5064,-0.356664,-0.785078,0.678343,0.726862,0.107336,0.532361,-0.586908,0.610024,-0.006556,-0.000443,-6.8e-05,-0.000661,0.014672,-0.029791,0.026597
13,0.176235,0.002331,0.385498,-0.419457,0.4236,-0.80291,-0.775609,-0.626785,0.074449,-0.471201,0.653444,0.592459,5.2e-05,0.001416,0.00089,-0.0,-0.0,-0.0,0.177774,-0.207084,-0.037076,0.336872,-0.00629,-0.61953,0.784942,0.998631,0.036285,0.036788,-0.051281,0.784858,0.61744,0.044095,0.022679,-0.018663,0.078956,-0.069596,0.122673,0.383569,0.023818,0.026058,-0.012856,-0.082266,0.714504,0.694777,-0.991079,0.014692,-0.132459,-0.104851,-0.699476,0.706922,0.014847,0.006355,-0.004195,0.031797,0.062023,-0.099607,0.328579,0.089695,0.039348,-0.032341,0.506882,-0.356435,-0.784871,0.678141,0.72698,0.107809,0.532159,-0.586901,0.610207,-0.006501,0.001099,0.000902,-0.000789,0.01469,-0.029742,0.024801
14,0.176167,0.002355,0.385515,-0.419555,0.423572,-0.802874,-0.775571,-0.626823,0.074528,-0.471178,0.653425,0.592499,4.4e-05,0.001205,0.000757,-0.0,-0.0,-0.0,0.175783,-0.206427,-0.036724,0.336529,-0.002857,-0.619745,0.784792,0.998464,0.041101,0.036238,-0.054727,0.784449,0.617662,0.029295,0.009763,-0.01134,0.040462,-0.042152,0.076118,0.383619,0.024152,0.026239,-0.013031,-0.085558,0.714797,0.694078,-0.991147,0.009919,-0.132393,-0.101519,-0.699261,0.707621,0.014392,0.009831,-0.010493,0.079125,-0.050931,0.094374,0.328253,0.089661,0.039362,-0.032331,0.506976,-0.356392,-0.78483,0.67809,0.727016,0.107887,0.532135,-0.586882,0.610246,-0.006508,0.000892,0.00077,-0.000817,0.014692,-0.029694,0.022352
15,0.176061,0.002378,0.385545,-0.419738,0.423519,-0.802805,-0.77551,-0.626879,0.074692,-0.471114,0.653406,0.592571,1.2e-05,0.000315,0.000198,-0.0,-0.0,-0.0,0.175178,-0.205167,-0.036258,0.335722,-0.009876,-0.618516,0.785705,0.998359,0.037671,0.04235,-0.055796,0.785591,0.616114,0.028147,0.014684,-0.026009,0.00135,0.144956,0.169223,0.383312,0.024793,0.026475,-0.01344,-0.078875,0.713529,0.696171,-0.991809,0.014206,-0.12693,-0.100458,-0.700481,0.706564,0.014053,0.007062,-0.01331,-0.011624,0.182822,0.190166,0.328743,0.089608,0.039377,-0.032314,0.50715,-0.356311,-0.784754,0.678011,0.727066,0.108048,0.53207,-0.586869,0.610315,9e-06,0.000213,0.000135,0.000116,-5e-06,-9.2e-05,0.020229
16,0.175972,0.002386,0.385541,-0.419925,0.423463,-0.802737,-0.775423,-0.62697,0.074828,-0.47109,0.653354,0.592645,0.0,0.0,0.0,-0.0,-0.0,-0.0,0.174129,-0.203999,-0.036022,0.334965,-0.002678,-0.617937,0.786218,0.997588,0.052432,0.044754,-0.06889,0.785198,0.61529,0.028523,0.003306,-0.017966,0.03579,-0.021614,0.054571,0.380664,0.025365,0.026586,-0.013817,-0.085912,0.713022,0.695857,-0.992483,-0.00015,-0.122381,-0.087156,-0.70114,0.707675,0.014282,0.001706,-0.008949,0.047461,-0.045304,0.040613,0.3276,0.089564,0.039382,-0.032315,0.507326,-0.356228,-0.784679,0.677903,0.727148,0.108181,0.53204,-0.586819,0.610389,-1e-06,-1.3e-05,-7e-06,7.1e-05,-3e-06,-6.4e-05,0.019086
17,0.175943,0.002379,0.385538,-0.420011,0.423437,-0.802706,-0.775388,-0.627005,0.074899,-0.47107,0.653338,0.592679,-2e-06,-4.2e-05,-2.6e-05,-0.0,-0.0,-0.0,0.173292,-0.203463,-0.035927,0.33463,-0.001742,-0.616723,0.787173,0.997245,0.056877,0.046915,-0.073719,0.785841,0.613908,0.028708,0.00492,-0.016348,-0.080803,0.258823,0.240928,0.379002,0.025633,0.026628,-0.01399,-0.087749,0.71298,0.695671,-0.992684,-0.004452,-0.12065,-0.082924,-0.701169,0.708155,0.014316,0.002004,-0.008659,-0.164353,0.482474,0.33197,0.325804,0.089549,0.039378,-0.032317,0.507407,-0.35619,-0.784644,0.67786,0.727178,0.10825,0.532018,-0.586806,0.610422,0.0,-2.1e-05,-1.4e-05,5.8e-05,-1.2e-05,-5.5e-05,0.017616
18,0.175903,0.00235,0.385533,-0.420175,0.423387,-0.802647,-0.775335,-0.627052,0.075048,-0.471012,0.653325,0.59274,-4e-06,-0.000118,-7.4e-05,-0.0,-0.0,-0.0,0.176497,-0.202595,-0.035573,0.334009,-0.00413,-0.617968,0.786186,0.997371,0.053896,0.047749,-0.07189,0.785073,0.615105,0.013727,0.01935,-0.020489,0.074779,-0.038316,0.064694,0.377624,0.026072,0.026795,-0.014304,-0.084568,0.713125,0.695917,-0.992847,-0.001236,-0.119385,-0.084276,-0.701035,0.708128,0.00712,0.004376,-0.005824,0.04027,-0.030128,0.045671,0.323681,0.089529,0.039363,-0.03232,0.50756,-0.356117,-0.784578,0.677793,0.727218,0.108397,0.531958,-0.586799,0.610481,-4e-06,-6.7e-05,-4.1e-05,3.8e-05,-5e-06,-4.1e-05,0.017943
19,0.175893,0.002327,0.385542,-0.420247,0.423366,-0.802621,-0.775331,-0.627047,0.075138,-0.470954,0.653344,0.592764,-0.0,-5e-06,-3e-06,0.0,-0.0,0.0,0.177287,-0.202165,-0.034974,0.33347,-0.005848,-0.618902,0.785441,0.997512,0.051115,0.04785,-0.06977,0.784525,0.616048,0.014388,0.01048,-0.009857,0.038424,-0.026802,0.046947,0.371196,0.026287,0.027092,-0.014569,-0.082705,0.71389,0.695355,-0.992814,0.001529,-0.119654,-0.086484,-0.700255,0.708634,0.00722,0.005378,-0.004798,0.038823,-0.026927,0.0473,0.318455,0.089524,0.039351,-0.032316,0.507628,-0.356086,-0.784548,0.677785,0.727212,0.108486,0.531903,-0.586826,0.610502,-1e-06,1.3e-05,9e-06,2.1e-05,-1.4e-05,-4.2e-05,0.020066
20,0.175893,0.002335,0.385547,-0.420227,0.423372,-0.802627,-0.775339,-0.627039,0.075122,-0.470959,0.653348,0.592757,0.0,3e-06,2e-06,0.0,0.0,0.0,0.176835,-0.201834,-0.034504,0.333133,-0.00746,-0.619748,0.78476,0.997607,0.048865,0.04822,-0.068238,0.784001,0.616886,0.014515,0.011798,-0.008518,0.038424,-0.026808,0.046944,0.365169,0.026458,0.02734,-0.014747,-0.080873,0.714595,0.694847,-0.992814,0.003929,-0.119594,-0.088192,-0.699527,0.709143,0.007275,0.005983,-0.004181,0.038701,-0.026841,0.047196,0.311107,0.089524,0.039356,-0.032313,0.50761,-0.356094,-0.784556,0.677794,0.727206,0.108471,0.531908,-0.586829,0.610495,-0.0,0.0,-0.0,2.1e-05,-1.1e-05,-3.9e-05,0.019902
21,0.175873,0.002328,0.385543,-0.420291,0.423352,-0.802604,-0.775313,-0.627064,0.075174,-0.470944,0.653336,0.592782,-2e-06,-5.8e-05,-3.6e-05,0.0,0.0,0.0,0.179762,-0.201671,-0.034318,0.333017,-0.008249,-0.620152,0.784433,0.99764,0.047897,0.048504,-0.067657,0.783741,0.61728,0.014526,0.011975,-0.008339,0.038424,-0.026807,0.046944,0.359254,0.02654,0.027433,-0.014804,-0.080012,0.714916,0.694616,-0.992829,0.004932,-0.119438,-0.088814,-0.699192,0.709395,0.007276,0.006054,-0.00411,0.038656,-0.026829,0.047162,0.306862,0.089514,0.039352,-0.032315,0.50767,-0.356066,-0.78453,0.677762,0.727228,0.108522,0.531891,-0.586819,0.61052,-1e-06,-3e-05,-2e-05,2.4e-05,-7e-06,-2.3e-05,0.020556
22,0.175813,0.002276,0.385524,-0.418081,0.423725,-0.803561,-0.775489,-0.627137,0.072715,-0.47262,0.653024,0.591791,-7.3e-05,-0.001948,-0.001225,2.7e-05,-2.6e-05,3.9e-05,0.184218,-0.201122,-0.03434,0.333153,-0.002149,-0.620795,0.783964,0.996982,0.0591,0.049678,-0.077184,0.782465,0.617781,0.015719,-0.007374,0.011263,-0.034339,-0.003648,0.011523,0.339004,0.026802,0.027425,-0.014747,-0.085926,0.715775,0.693024,-0.993126,-0.006053,-0.116884,-0.079468,-0.698304,0.711375,0.007619,0.001719,0.001299,0.00358,-0.013566,0.028675,0.288083,0.089484,0.03933,-0.032321,0.505512,-0.356754,-0.78561,0.678042,0.727338,0.106004,0.533587,-0.586263,0.609572,-1.8e-05,-0.000498,-0.000312,-0.002891,0.002896,-0.004258,0.026108
23,0.175692,0.002196,0.385478,-0.418161,0.423706,-0.803529,-0.775458,-0.627168,0.072777,-0.472599,0.653007,0.591826,-8.5e-05,-0.002232,-0.001405,0.0,-0.0,0.0,0.182949,-0.200478,-0.034494,0.333667,-0.003766,-0.621519,0.783384,0.996887,0.05895,0.051708,-0.078329,0.781902,0.61835,0.016111,-0.003495,0.015183,-0.032563,-0.017066,0.036964,0.32059,0.027124,0.027344,-0.014495,-0.084207,0.716326,0.692665,-0.993357,-0.005644,-0.114926,-0.078415,-0.697742,0.712043,0.008049,-0.001758,0.007569,-0.032301,-0.017076,0.037166,0.266529,0.089429,0.039289,-0.032346,0.505629,-0.356711,-0.785554,0.678,0.727361,0.106115,0.53353,-0.586261,0.609625,-5.9e-05,-0.001558,-0.000978,-0.000922,0.012225,-0.026204,0.028067
24,0.175602,0.002152,0.385441,-0.416005,0.424061,-0.804461,-0.77558,-0.627297,0.070333,-0.4743,0.652652,0.590856,-9.2e-05,-0.002398,-0.00151,0.121768,-0.120287,0.180268,0.182564,-0.200242,-0.034499,0.333958,-0.002316,-0.620239,0.784404,0.996963,0.059213,0.04991,-0.077416,0.782897,0.617205,0.001433,-0.001583,0.018,-0.034315,-0.001528,0.007312,0.294719,0.027248,0.02734,-0.014351,-0.085924,0.71523,0.693586,-0.993145,-0.006123,-0.116721,-0.079235,-0.698861,0.710854,0.00809,-0.00131,0.008018,-0.035325,-0.003752,0.010926,0.246608,0.089379,0.039266,-0.032365,0.503756,-0.357292,-0.786492,0.678171,0.727526,0.103871,0.535081,-0.585702,0.608801,-0.006597,-0.001405,-0.000677,0.449002,-0.429248,0.635471,0.027904
25,0.175334,0.002028,0.385419,-0.416386,0.423956,-0.804319,-0.775481,-0.627378,0.070701,-0.474127,0.652643,0.591005,-0.013165,-0.001822,-0.000736,-0.000984,0.014715,-0.029553,0.180117,-0.200071,-0.034471,0.334551,0.004704,-0.617693,0.7864,0.99728,0.060316,0.041556,-0.073123,0.784822,0.615281,0.001536,-0.000513,0.01905,0.032514,-0.171252,-0.052905,0.227194,0.027339,0.027354,-0.014047,-0.09319,0.713115,0.694825,-0.992173,-0.00826,-0.124593,-0.083111,-0.700998,0.708303,0.000708,-0.000752,0.009019,0.043091,-0.141024,-0.290077,0.172147,0.08925,0.039202,-0.032377,0.50394,-0.357196,-0.786418,0.678078,0.727588,0.104041,0.535025,-0.585684,0.608868,7.9e-05,-0.00629,0.003926,-0.035825,0.01038,-0.019805,0.026761
26,0.17502,0.001897,0.385477,-0.412038,0.424694,-0.806167,-0.775884,-0.627393,0.06598,-0.477257,0.652148,0.589029,-0.012874,-0.010758,0.009407,-0.036645,0.024943,-0.049092,0.180562,-0.199902,-0.034437,0.335254,0.009879,-0.619688,0.78478,0.997407,0.061629,0.036255,-0.07086,0.783146,0.617676,0.001458,-0.001236,0.018284,0.006609,-0.100521,-0.046561,0.184507,0.027424,0.027377,-0.013691,-0.098057,0.71551,0.691685,-0.99147,-0.010277,-0.129925,-0.085854,-0.698526,0.710415,0.000728,-0.000518,0.009238,0.00681,-0.100993,-0.045767,0.098013,0.089092,0.039139,-0.032353,0.499752,-0.358534,-0.78848,0.67867,0.727705,0.099254,0.538195,-0.58472,0.606998,-0.006566,-0.000405,-4.6e-05,0.002478,-0.066546,0.146872,0.025454
27,0.174783,0.001772,0.3855,-0.409037,0.425337,-0.807355,-0.776433,-0.627023,0.062973,-0.478944,0.652084,0.587729,-0.01316,-0.001459,-0.00051,2e-06,0.013741,-0.028093,0.181247,-0.199889,-0.034487,0.335849,0.015786,-0.62441,0.780932,0.997463,0.063636,0.030865,-0.069003,0.779228,0.62282,0.001173,-0.004065,0.015422,0.093425,-0.310088,-0.161356,0.145684,0.027431,0.027357,-0.013395,-0.102206,0.718914,0.687544,-0.990906,-0.012769,-0.133951,-0.08752,-0.694982,0.713681,0.000271,0.002818,0.002821,0.246244,-0.599412,-0.33187,0.043637,0.088969,0.039074,-0.032336,0.496958,-0.359558,-0.789778,0.679384,0.727432,0.096321,0.539877,-0.58443,0.605782,-0.006581,-0.000745,-0.000262,-0.003437,0.01716,-0.033127,0.026924
28,0.174673,0.001699,0.385493,-0.408521,0.425512,-0.807524,-0.776676,-0.626761,0.062588,-0.478992,0.652221,0.587538,-0.013192,-0.002159,-0.000953,-0.000984,0.014715,-0.029553,0.180908,-0.199838,-0.034563,0.336092,0.015709,-0.624419,0.780927,0.997424,0.064035,0.031284,-0.069576,0.779188,0.622807,0.001036,-0.005427,0.014053,-0.032406,-0.007172,0.004809,0.133848,0.027457,0.027318,-0.013266,-0.102816,0.719979,0.686337,-0.990824,-0.013279,-0.1345,-0.087723,-0.693868,0.714738,0.000208,0.002177,0.002179,-0.008163,0.020777,0.011972,0.021103,0.088914,0.039038,-0.032339,0.496523,-0.359788,-0.789947,0.679671,0.727208,0.095996,0.539918,-0.584569,0.605613,-0.006598,-0.001126,-0.000501,-0.001441,0.015175,-0.03023,0.026761
29,0.174463,0.001537,0.385457,-0.407916,0.425724,-0.807718,-0.77698,-0.626427,0.062156,-0.479015,0.652403,0.587317,-0.000124,-0.002974,-0.00188,0.0,0.0,0.0,0.181273,-0.199798,-0.034721,0.336488,0.017123,-0.626224,0.77945,0.997405,0.064802,0.030298,-0.06952,0.777675,0.624701,0.000316,0.003168,0.003167,0.000259,-0.000625,-0.000341,0.079128,0.027477,0.027235,-0.013065,-0.103755,0.721531,0.684563,-0.990712,-0.014156,-0.135235,-0.087886,-0.692236,0.716299,0.000428,-0.003532,0.006204,-0.038191,0.007141,0.01281,-0.032456,0.088809,0.038957,-0.032358,0.495967,-0.360078,-0.790164,0.680035,0.726921,0.095584,0.53997,-0.584746,0.605395,-6.5e-05,-0.001529,-0.000961,-2e-06,-6e-06,-1.4e-05,0.026107
30,0.174253,0.001436,0.385435,-0.40838,0.425589,-0.807555,-0.776839,-0.626559,0.062578,-0.478848,0.652365,0.587496,-7.4e-05,-0.001744,-0.001103,0.0,0.0,0.0,0.180256,-0.199935,-0.034663,0.336717,0.0165,-0.626512,0.779232,0.997399,0.064586,0.030956,-0.069758,0.777461,0.624941,0.00034,0.003394,0.003388,0.0,-0.0,-0.0,0.000351,0.027408,0.027262,-0.012953,-0.103044,0.721698,0.684494,-0.990808,-0.013848,-0.134557,-0.087631,-0.692068,0.716492,-7.1e-05,0.007219,-0.002521,0.050469,-0.115458,0.219779,-0.124715,0.088709,0.038906,-0.032369,0.496361,-0.3599,-0.789997,0.67988,0.727016,0.095967,0.539803,-0.584738,0.605551,-1e-05,-0.000234,-0.000143,3e-06,-6e-06,-7e-06,0.026271
31,0.174164,0.001437,0.385427,-0.408587,0.425527,-0.807483,-0.776746,-0.626659,0.062732,-0.478822,0.65231,0.587578,-0.013111,4.8e-05,0.000439,0.005115,-0.069064,0.15073,0.17985,-0.199884,-0.034416,0.336595,0.011833,-0.627087,0.778854,0.997823,0.057489,0.031275,-0.064419,0.777556,0.625396,0.014473,0.012289,-0.008089,0.03844,-0.026564,0.047071,-0.041714,0.027428,0.027384,-0.013008,-0.09839,0.721979,0.684883,-0.990797,-0.006788,-0.135181,-0.092949,-0.691881,0.716002,-0.000409,0.011693,-0.007783,0.071651,-0.024232,0.036253,-0.171416,0.088665,0.038904,-0.032375,0.496699,-0.359739,-0.789858,0.679694,0.727153,0.096242,0.539727,-0.584666,0.605689,-1e-06,-2e-06,3e-06,-3e-06,-9e-06,-1.4e-05,0.025944
32,0.174016,0.00144,0.385422,-0.408929,0.425424,-0.807364,-0.776601,-0.626812,0.062996,-0.478765,0.652229,0.587714,-2.4e-05,-0.000561,-0.000355,0.0,0.0,0.0,0.180817,-0.199812,-0.033596,0.335904,-0.012666,-0.634336,0.772948,0.998598,0.03112,0.042051,-0.050729,0.773175,0.632052,-0.001121,0.020361,-0.018578,0.187115,-0.017685,0.131231,-0.150577,0.02747,0.027792,-0.013348,-0.072821,0.727303,0.682441,-0.991585,0.020631,-0.127796,-0.107026,-0.686005,0.719681,-0.000573,0.009959,-0.009513,0.457155,0.097851,0.172074,-0.263349,0.088586,0.038908,-0.032375,0.496913,-0.359644,-0.789767,0.679573,0.727245,0.096407,0.539682,-0.584611,0.605782,-1.6e-05,-0.000338,-0.000211,-5e-06,-3e-06,-2.2e-05,0.025781
33,0.173876,0.001398,0.385388,-0.409365,0.42529,-0.807213,-0.776418,-0.627004,0.063338,-0.478687,0.652133,0.587884,-6.8e-05,-0.001552,-0.000982,0.0,0.0,0.0,0.182235,-0.199964,-0.032889,0.335231,-0.045293,-0.644714,0.763075,0.997779,0.007483,0.065697,-0.048025,0.765148,0.641955,-0.015341,0.010343,-0.008226,-1.34288,-1.448668,1.665809,-0.372598,0.027393,0.028149,-0.013696,-0.03868,0.734327,0.677692,-0.993046,0.047213,-0.107838,-0.111184,-0.677151,0.727394,-0.007668,0.005159,-0.004129,-1.318215,-1.467785,1.636333,-0.434641,0.088516,0.038888,-0.032392,0.497321,-0.359452,-0.789598,0.679351,0.727407,0.096742,0.539585,-0.584527,0.605949,-3.6e-05,-0.000822,-0.000518,1e-06,-3e-06,-5e-06,0.028067
34,0.173771,0.001281,0.385258,-0.409655,0.425198,-0.807114,-0.776242,-0.627206,0.063499,-0.478726,0.651998,0.588002,-0.000233,-0.0053,-0.003359,0.0,0.0,0.0,0.161347,-0.200627,-0.032251,0.334726,-0.079399,-0.646339,0.758903,0.996608,-0.036575,0.073269,-0.019516,0.762941,0.646068,-0.015776,0.021517,-0.016523,0.398487,0.078908,0.200838,-0.702108,0.027067,0.028459,-0.013944,-0.004087,0.734332,0.678777,-0.99026,0.091493,-0.104944,-0.139167,-0.672595,0.726805,-0.007621,0.005476,-0.003802,1.173863,0.094215,1.054575,-0.704723,0.088463,0.038836,-0.032453,0.497591,-0.359321,-0.789487,0.679142,0.727583,0.096897,0.5396,-0.584389,0.606069,-0.000259,0.001796,-0.006766,0.034873,0.001731,-0.006484,0.018759
35,0.173783,0.001163,0.385135,-0.406775,0.425778,-0.808265,-0.776577,-0.627096,0.06042,-0.480636,0.651726,0.586745,-0.000391,-0.008913,-0.005657,0.005218,-0.071684,0.154139,0.137506,-0.20086,-0.031941,0.334524,-0.100366,-0.648264,0.754766,0.99488,-0.059955,0.080952,-0.007116,0.759824,0.649985,-0.000878,0.022516,-0.016411,4.118953,0.283695,3.790703,-0.807759,0.026945,0.028621,-0.014052,0.016484,0.734908,0.677965,-0.988416,0.114288,-0.099856,-0.150869,-0.668466,0.728279,-0.000433,0.011304,-0.00809,4.11411,0.280569,3.792324,-0.840908,0.08847,0.038782,-0.032511,0.494964,-0.360234,-0.790721,0.679562,0.727582,0.093913,0.541484,-0.583828,0.604928,-0.0002,-0.00462,-0.002931,-0.001808,0.013065,-0.027472,-0.002468
36,0.173781,0.000908,0.384699,-0.404099,0.424357,-0.810352,-0.773072,-0.63195,0.054509,-0.488475,0.647957,0.58444,-0.000527,-0.012002,-0.007648,-0.000881,0.012162,-0.026113,0.110857,-0.201274,-0.031108,0.334008,-0.162404,-0.664953,0.729009,0.986635,-0.10299,0.126013,-0.008524,0.740551,0.671844,-0.000647,0.024632,-0.014293,-1.328404,-1.8384,2.262095,-0.984034,0.026744,0.029017,-0.014302,0.081435,0.744164,0.663014,-0.984625,0.163209,-0.062248,-0.154532,-0.647751,0.746014,-0.007701,0.012307,-0.006713,-0.363296,-0.724657,0.963693,-0.822129,0.088473,0.038654,-0.032723,0.492022,-0.359262,-0.792997,0.675755,0.73189,0.087701,0.548879,-0.579023,0.602879,-0.000359,-0.000604,-0.008307,0.03162,0.004285,-0.010797,-0.052599
37,0.173645,0.000726,0.384134,-0.406176,0.422077,-0.810504,-0.768985,-0.636996,0.053582,-0.493174,0.644502,0.584315,-0.01396,-0.002791,-0.017251,0.03909,-0.055477,0.117976,0.109319,-0.201778,-0.029926,0.333512,-0.22075,-0.681926,0.697307,0.975065,-0.139627,0.172299,-0.01987,0.718798,0.694837,-0.014715,0.030912,-0.007173,-0.191383,-0.85663,1.373327,-1.070358,0.026491,0.029609,-0.014563,0.146653,0.754842,0.639301,-0.978587,0.205072,-0.017651,-0.144427,-0.623023,0.768753,-0.007562,0.021084,-0.007659,-0.856279,-1.930713,2.894675,-0.849889,0.088405,0.038557,-0.03301,0.49396,-0.356622,-0.792983,0.670969,0.736388,0.086786,0.552994,-0.574936,0.603028,-0.000263,-0.006111,-0.00391,-0.001186,0.012247,-0.025967,-0.070071
38,0.173552,0.000629,0.383824,-0.406046,0.422109,-0.810553,-0.768759,-0.637303,0.053158,-0.493632,0.644177,0.584286,-0.01381,-0.014525,-0.008914,0.003341,-0.045098,0.098338,0.112439,-0.202004,-0.029062,0.33322,-0.266683,-0.684539,0.678438,0.963594,-0.178025,0.199317,-0.01534,0.707741,0.706209,-0.01486,0.044509,-0.013063,-0.158036,-0.940446,1.611823,-1.144938,0.026372,0.030052,-0.014712,0.196325,0.752835,0.628247,-0.969048,0.246767,0.007121,-0.14967,-0.6102,0.77798,-0.007393,0.022512,-0.006268,-0.17875,-1.006508,1.630295,-0.867687,0.088359,0.038514,-0.033167,0.493823,-0.356679,-0.793043,0.670718,0.736671,0.086326,0.553422,-0.574538,0.603016,-0.000422,-0.001999,-0.009221,0.034653,0.001769,-0.006326,-0.070397
39,0.173272,0.000408,0.383142,-0.41039,0.41234,-0.813389,-0.760316,-0.647158,0.055477,-0.503013,0.640685,0.580111,-0.013852,-0.014773,-0.009126,-0.018596,-0.026503,-0.080123,0.117937,-0.203023,-0.02698,0.332484,-0.348805,-0.680193,0.64472,0.937084,-0.246873,0.246702,-0.008216,0.691051,0.722664,-0.044563,0.055243,-0.020113,3.453242,1.016774,5.432379,-1.398735,0.02588,0.031082,-0.015064,0.277173,0.743555,0.608522,-0.948312,0.313563,0.048799,-0.154526,-0.590595,0.792034,-0.014925,0.027699,-0.010393,-0.562697,-0.472606,1.827685,-0.869647,0.088213,0.038394,-0.033514,0.496732,-0.346117,-0.795901,0.660938,0.745212,0.088426,0.56251,-0.569965,0.598933,-0.00692,-0.007509,-0.00464,-0.006227,0.005841,-0.067697,-0.064519
40,0.172902,0.00013,0.382471,-0.411832,0.405083,-0.816301,-0.755811,-0.652231,0.057585,-0.508585,0.640179,0.575794,-0.000974,-0.005923,-0.019789,0.016285,-0.042581,-0.058564,0.120491,-0.204402,-0.024792,0.331423,-0.431315,-0.65871,0.61649,0.902105,-0.319085,0.290389,0.00596,0.682206,0.731043,-0.03072,0.060708,-0.034877,3.531411,1.906672,5.753649,-1.405561,0.025186,0.032181,-0.015581,0.361344,0.716259,0.596994,-0.917018,0.388919,0.08843,-0.168843,-0.579408,0.797356,-0.022464,0.024781,-0.01286,1.064416,0.241177,2.267205,-0.859849,0.088029,0.038258,-0.033842,0.49723,-0.338612,-0.798813,0.655715,0.749574,0.090418,0.568153,-0.568753,0.594744,-0.007053,-0.002518,-0.009399,0.03562,-0.078678,0.104801,-0.060763
41,0.172677,-1.5e-05,0.382156,-0.411031,0.402776,-0.817845,-0.755629,-0.652368,0.058416,-0.509503,0.641495,0.573513,-0.014157,-0.005254,-0.018979,-0.028244,-0.167281,-0.152308,0.121969,-0.205225,-0.02377,0.330727,-0.479092,-0.641386,0.599238,0.877567,-0.361036,0.315378,0.014658,0.677764,0.735041,-0.04592,0.054754,-0.039907,3.150896,1.54731,5.363599,-1.406245,0.024764,0.032723,-0.015935,0.414371,0.690992,0.592305,-0.892017,0.437469,0.113689,-0.180557,-0.575456,0.797652,-0.023018,0.026985,-0.020359,3.133411,1.554043,5.376483,-0.866544,0.087916,0.038182,-0.034008,0.496373,-0.336982,-0.800035,0.655486,0.749715,0.090902,0.569166,-0.569534,0.593026,-0.007068,-0.002624,-0.00948,-0.041604,-0.20053,-0.165667,-0.05815
42,0.17215,-0.000357,0.381589,-0.408917,0.400927,-0.819811,-0.755815,-0.652192,0.057978,-0.510928,0.642833,0.570742,-0.027165,-0.014527,-0.008703,-0.000426,-0.039786,0.064445,0.127094,-0.207092,-0.021949,0.328851,-0.539077,-0.608198,0.582651,0.841768,-0.410384,0.350636,0.026521,0.680233,0.732423,-0.032501,0.043447,-0.051867,-0.052798,-0.002321,0.942906,-1.406037,0.02383,0.033636,-0.016871,0.475066,0.651851,0.591102,-0.858487,0.490794,0.148728,-0.193161,-0.578109,0.792765,-0.016285,0.021172,-0.026438,-0.01944,-0.041989,0.924326,-0.864421,0.087663,0.038015,-0.034289,0.494045,-0.334987,-0.80231,0.655647,0.749592,0.090758,0.571003,-0.570871,0.589966,-0.006946,-0.006999,-0.004368,0.006047,0.045383,-0.048554,-0.053578
43,0.171508,-0.000866,0.381239,-0.405153,0.401928,-0.821189,-0.756484,-0.651743,0.054172,-0.512935,0.642661,0.569132,-0.013887,-0.012523,-0.007836,0.004305,-0.057958,0.124297,0.138885,-0.208844,-0.020242,0.32665,-0.60067,-0.555182,0.575291,0.796682,-0.475034,0.373598,0.066612,0.683423,0.726883,-0.04746,0.040007,-0.054548,3.140766,2.241418,4.592774,-1.405942,0.022971,0.034468,-0.017957,0.529919,0.599447,0.599872,-0.816818,0.550974,0.170982,-0.228019,-0.580593,0.781611,-0.01674,0.024177,-0.033127,0.023854,0.173279,0.860959,-0.866218,0.087347,0.037762,-0.034463,0.490648,-0.33669,-0.80368,0.656485,0.74932,0.086869,0.572966,-0.570226,0.588685,-0.006962,-0.00676,-0.004235,-0.005195,0.042446,-0.084595,-0.042475
44,0.17091,-0.001514,0.381095,-0.401807,0.402802,-0.822403,-0.757318,-0.651025,0.051079,-0.514338,0.642841,0.567662,-0.013727,-0.022558,0.00156,-0.03849,0.050011,-0.101133,0.147898,-0.210412,-0.018629,0.324431,-0.651906,-0.494576,0.574808,0.748849,-0.538648,0.386027,0.119507,0.682712,0.720753,-0.032879,0.039579,-0.055801,0.942499,0.811429,1.525674,-1.405592,0.022181,0.035268,-0.019073,0.578644,0.534535,0.615988,-0.765312,0.616927,0.183566,-0.281897,-0.577643,0.766068,-0.016462,0.019723,-0.027954,3.1415,2.268496,4.547783,-0.874545,0.087038,0.037439,-0.034541,0.48732,-0.338124,-0.805102,0.657642,0.748673,0.083639,0.574478,-0.570228,0.587208,-0.00692,-0.005459,-0.003399,0.00313,-0.056901,0.123137,-0.028268
45,0.170581,-0.00181,0.381041,-0.396616,0.403958,-0.824354,-0.757912,-0.650732,0.045707,-0.517484,0.64241,0.565284,-0.01367,-0.021006,0.00257,0.086816,-0.167397,0.28724,0.153764,-0.211047,-0.017944,0.323314,-0.670085,-0.468489,0.575756,0.72757,-0.567776,0.384975,0.147375,0.677451,0.720558,-0.033372,0.03579,-0.05964,0.192126,-0.052045,0.169764,-1.405982,0.021864,0.035617,-0.019625,0.595513,0.506224,0.623779,-0.741037,0.645984,0.183213,-0.310205,-0.57135,0.759823,-0.009374,0.017713,-0.03033,0.29324,-0.00804,0.100404,-0.8703,0.086883,0.037292,-0.034566,0.483179,-0.339685,-0.806939,0.658385,0.748509,0.079139,0.577119,-0.569515,0.585308,-0.006928,-0.00551,-0.003441,1.311674,-1.297402,1.943151,-0.0219
46,0.170001,-0.002237,0.380799,-0.389522,0.405774,-0.82684,-0.759053,-0.649862,0.038602,-0.521191,0.642145,0.562171,-0.013928,-0.011304,-0.00712,0.004527,-0.058019,0.124675,0.152216,-0.211838,-0.016966,0.321079,-0.692347,-0.454026,0.560809,0.705064,-0.59052,0.392562,0.153795,0.667759,0.728222,-0.004211,0.008941,-0.049411,0.015638,-0.166092,0.135655,-1.406262,0.021458,0.036115,-0.020746,0.618935,0.489523,0.614235,-0.718607,0.668598,0.191256,-0.317053,-0.559769,0.765594,-0.009508,0.010108,-0.028357,-0.176279,-0.717813,0.700456,-0.879118,0.086583,0.037074,-0.034684,0.475866,-0.342668,-0.810017,0.659988,0.74788,0.071346,0.581348,-0.568554,0.582048,-0.006972,-0.005874,-0.003697,0.001161,-0.054701,0.119892,-0.014062
47,0.169445,-0.002638,0.380452,-0.38645,0.406851,-0.827753,-0.760078,-0.648818,0.035888,-0.521987,0.642517,0.561006,-0.014019,-0.012243,-0.007782,0.004242,-0.05776,0.124215,0.155369,-0.212,-0.01655,0.319114,-0.710476,-0.456061,0.535933,0.690897,-0.596287,0.408702,0.134059,0.661215,0.738029,-0.003896,-0.001942,-0.041155,0.076454,-0.089458,0.133797,-1.406157,0.021375,0.036321,-0.021752,0.64112,0.487589,0.592639,-0.706966,0.675699,0.208873,-0.298602,-0.552889,0.777913,-0.001922,-0.001039,-0.020638,0.084017,-0.074872,0.119926,-0.88173,0.0863,0.03687,-0.03486,0.472981,-0.344179,-0.811067,0.661301,0.746971,0.068664,0.582211,-0.568836,0.580909,-0.007008,-0.006199,-0.003933,0.004113,-0.057678,0.1242,-0.013409
48,0.169212,-0.002813,0.380257,-0.385433,0.407203,-0.828054,-0.760354,-0.648547,0.034928,-0.522337,0.642567,0.560623,-0.013981,-0.011285,-0.007161,-0.00187,0.027,-0.055608,0.147046,-0.211986,-0.016368,0.318224,-0.716987,-0.456357,0.526934,0.68532,-0.599245,0.413734,0.127844,0.658328,0.741703,-0.003388,0.00182,-0.037391,0.080223,-0.10041,0.15437,-1.406697,0.021381,0.036405,-0.022205,0.648972,0.486451,0.584979,-0.702165,0.67898,0.214358,-0.292915,-0.549864,0.782208,-0.001648,0.001013,-0.018584,0.085067,-0.090565,0.144614,-0.879444,0.086183,0.036781,-0.034959,0.472036,-0.344666,-0.81141,0.661653,0.746746,0.067717,0.582577,-0.568837,0.58054,-0.006985,-0.005637,-0.003568,-0.00192,0.027013,-0.055545,-0.013572
49,0.168823,-0.003277,0.379909,-0.381337,0.408291,-0.829413,-0.761011,-0.647984,0.030844,-0.524386,0.642444,0.558849,-0.014084,-0.012447,-0.007979,-0.00187,0.027003,-0.055606,0.121069,-0.211603,-0.016121,0.317231,-0.710717,-0.479099,0.515108,0.696757,-0.579691,0.422401,0.097116,0.659709,0.745128,0.01377,-0.006375,-0.00729,-1.168484,-0.391606,-0.78898,-1.406734,0.021565,0.036516,-0.022713,0.646426,0.508658,0.568682,-0.715733,0.662474,0.221028,-0.264309,-0.549902,0.792304,0.014073,0.002919,-0.007589,-2.798899,-2.462762,-3.886375,-0.871606,0.085994,0.03656,-0.035125,0.468232,-0.346275,-0.812927,0.662528,0.746323,0.0637,0.584649,-0.568413,0.57887,-0.007022,-0.005978,-0.003817,-0.002385,0.027499,-0.056306,-0.040189
50,0.168536,-0.003789,0.379656,-0.37535,0.409705,-0.831444,-0.761691,-0.647445,0.02476,-0.52771,0.642086,0.556124,-0.014036,-0.011138,-0.007134,-0.001871,0.026998,-0.055609,0.115467,-0.210919,-0.016265,0.317299,-0.68865,-0.513903,0.511523,0.723387,-0.533907,0.437709,0.049023,0.672096,0.738747,0.015303,-0.008464,0.01022,-1.136853,-0.498402,-0.823335,-1.406787,0.021908,0.036448,-0.022683,0.627882,0.542125,0.558448,-0.747535,0.619819,0.238777,-0.21669,-0.567383,0.794431,0.00774,-0.003431,0.005911,-3.217303,-1.989074,-3.769485,-0.865891,0.085851,0.036296,-0.035257,0.462476,-0.348538,-0.815252,0.663573,0.745895,0.057545,0.588036,-0.567592,0.576239,-0.000351,-0.005904,-0.003976,-0.002848,0.014265,-0.028985,-0.057007
51,0.168231,-0.004197,0.379389,-0.374522,0.410001,-0.831672,-0.761987,-0.647124,0.024056,-0.527874,0.64222,0.555814,-0.000603,-0.009864,-0.006679,-0.000887,0.012284,-0.026055,0.115821,-0.210173,-0.016528,0.318113,-0.678377,-0.5233,0.515706,0.734568,-0.490664,0.468607,0.008662,0.697363,0.71657,0.016667,0.002021,0.020969,-0.871955,0.370555,0.360285,-1.40691,0.022281,0.036311,-0.022281,0.616757,0.554184,0.559007,-0.767674,0.580483,0.271506,-0.17403,-0.596589,0.78345,0.008381,0.001338,0.010821,-1.529902,-0.013126,-0.617944,-0.865891,0.085693,0.036091,-0.035391,0.461756,-0.348923,-0.815495,0.663927,0.745628,0.056904,0.588202,-0.567705,0.575958,-0.006972,-0.004674,-0.002971,0.004215,-0.057738,0.124181,-0.062886
52,0.168068,-0.004389,0.379263,-0.374305,0.410081,-0.83173,-0.762064,-0.647039,0.02387,-0.527915,0.642254,0.555736,-0.0006,-0.00974,-0.006607,-0.000887,0.012284,-0.026055,0.115255,-0.209787,-0.016488,0.318593,-0.66965,-0.53,0.52025,0.742482,-0.466903,0.480267,-0.0108,0.708544,0.705487,0.016965,0.004505,0.023464,-2.465252,-0.454213,-5.23068,-1.406239,0.022474,0.036335,-0.022037,0.612803,0.556681,0.560872,-0.774739,0.56309,0.28759,-0.155726,-0.610765,0.776346,0.008523,0.002642,0.012122,-0.43569,0.492437,0.406859,-0.862462,0.085612,0.035995,-0.035454,0.461555,-0.349033,-0.815562,0.664023,0.745556,0.056721,0.58825,-0.567732,0.575882,-0.006975,-0.00462,-0.00294,-0.001879,0.027013,-0.055602,-0.063376
53,0.16775,-0.004801,0.378955,-0.371801,0.410621,-0.832586,-0.762122,-0.647066,0.021146,-0.5296,0.641882,0.554561,-0.014201,-0.012654,-0.008245,0.003367,-0.045503,0.098147,0.124515,-0.209056,-0.016223,0.319151,-0.67132,-0.516545,0.531509,0.741022,-0.460279,0.488839,-0.007028,0.722667,0.691062,0.015453,0.006795,0.006165,-0.064445,-0.016303,0.258535,-1.406472,0.022843,0.036489,-0.021728,0.607279,0.548154,0.575097,-0.778967,0.553187,0.295286,-0.156274,-0.627303,0.762933,0.007778,0.003841,0.003523,-0.004509,-0.082648,0.260399,-0.866544,0.085458,0.035797,-0.035603,0.459254,-0.349868,-0.816503,0.66415,0.745642,0.054056,0.589906,-0.567106,0.574804,-0.000373,-0.00605,-0.004118,-0.002346,0.013747,-0.028251,-0.060763
54,0.167404,-0.005268,0.37834,-0.360892,0.410415,-0.837474,-0.76218,-0.647247,0.01119,-0.537018,0.641831,0.547441,-0.001341,-0.021036,-0.014418,0.268951,-0.899699,0.53473,0.110209,-0.208683,-0.016016,0.319063,-0.687374,-0.492857,0.533479,0.725862,-0.488609,0.484065,0.022945,0.720576,0.692897,0.014526,-0.000475,-0.001247,3.432581,2.660039,4.050706,-1.406195,0.023035,0.036596,-0.021769,0.620647,0.525214,0.582191,-0.76202,0.578957,0.290058,-0.184721,-0.623665,0.759552,0.007172,-0.00051,-0.000925,3.532525,2.563224,4.008057,-0.879118,0.085286,0.03558,-0.035893,0.451713,-0.352648,-0.819508,0.664521,0.745894,0.045314,0.595286,-0.565049,0.571272,-0.000728,-0.005234,-0.011737,0.028941,0.018665,-0.040333,-0.057334
55,0.167191,-0.005549,0.37787,-0.352315,0.412335,-0.840178,-0.762332,-0.647162,0.002,-0.542476,0.640684,0.543389,-0.015275,-0.015768,-0.026829,0.039187,-0.055186,0.092794,0.086963,-0.208638,-0.015858,0.319017,-0.725362,-0.43846,0.530655,0.683514,-0.549231,0.480716,0.081581,0.711945,0.697382,-1.6e-05,0.013771,-0.005516,4.226607,3.069461,5.116322,-1.406461,0.023057,0.036667,-0.021801,0.654668,0.469599,0.592355,-0.715955,0.636615,0.286583,-0.242523,-0.611717,0.752983,-8.9e-05,0.006808,-0.002842,4.304672,3.017165,5.086904,-0.882057,0.08518,0.035436,-0.03613,0.440334,-0.354024,-0.825088,0.665166,0.745876,0.03495,0.603041,-0.564211,0.56392,-0.007641,-0.008113,-0.013563,0.046628,-0.030802,0.102149,-0.075133
