frame,MLTx,MLTy,MLTz,MLTR1,MLTR2,MLTR3,MLTR4,MLTR5,MLTR6,MLTR7,MLTR8,MLTR9,MLTTVx,MLTTVy,MLTTVz,MLTRVx,MLTRVy,MLTRVz,MLGA,MRTx,MRTy,MRTz,MRTR1,MRTR2,MRTR3,MRTR4,MRTR5,MRTR6,MRTR7,MRTR8,MRTR9,MRTTVx,MRTTVy,MRTTVz,MRTRVx,MRTRVy,MRTRVz,MRGA,SLTx,SLTy,SLTz,SLTR1,SLTR2,SLTR3,SLTR4,SLTR5,SLTR6,SLTR7,SLTR8,SLTR9,SLTTVx,SLTTVy,SLTTVz,SLTRVx,SLTRVy,SLTRVz,SLGA,SRTx,SRTy,SRTz,SRTR1,SRTR2,SRTR3,SRTR4,SRTR5,SRTR6,SRTR7,SRTR8,SRTR9,SRTTVx,SRTTVy,SRTTVz,SRTRVx,SRTRVy,SRTRVz,SRGA
1,0.054876,0.003908,0.366477,-0.358839,0.497437,-0.789833,-0.532288,-0.80411,-0.264665,-0.766327,0.324823,0.55431,0.000252,0.000599,0.000493,0.000173,0.000551,0.000281,0.36657,-0.120488,0.030018,0.317879,0.463027,0.523881,0.714944,-0.833005,0.532671,0.149329,-0.303162,-0.665347,0.682107,-7.5e-05,0.000452,0.000394,-6.4e-05,0.000107,8.1e-05,-1.062684,0.034285,0.037949,-0.02171,-0.340148,-0.564734,0.751913,0.882172,-0.46856,0.047155,0.325687,0.679357,0.657572,-4.5e-05,0.000266,0.00023,0.002425,-0.003698,-0.002661,-0.787512,0.063847,0.025333,-0.056852,-0.150588,0.587906,-0.794788,-0.594638,-0.696125,-0.40226,-0.789764,0.412036,0.45442,-0.007149,-0.002921,0.006013,-0.036583,0.029021,-0.05169,0.296353
2,0.054778,0.003875,0.366602,-0.359162,0.497306,-0.789768,-0.532433,-0.804139,-0.264288,-0.766076,0.324952,0.554582,0.000555,0.001314,0.001082,2e-06,7e-06,3e-06,0.369565,-0.12042,0.030037,0.317874,0.463321,0.523841,0.714784,-0.832855,0.532857,0.149502,-0.303125,-0.665231,0.682237,0.013192,0.002085,0.000164,0.002044,-0.015204,0.029246,-1.061302,0.034314,0.037959,-0.021712,-0.340426,-0.564748,0.751776,0.882066,-0.468744,0.047295,0.325681,0.679217,0.657718,4e-06,-2.2e-05,-2.1e-05,0.000284,-0.000522,-0.000422,-0.788001,0.063803,0.025318,-0.056795,-0.150885,0.587775,-0.794829,-0.594835,-0.696168,-0.401896,-0.789559,0.412152,0.45467,0.000419,0.001005,0.000831,-0.000616,-0.001074,-0.000834,0.301579
3,0.054525,0.003883,0.366792,-0.359932,0.496888,-0.789681,-0.532479,-0.804368,-0.263495,-0.765681,0.325025,0.555083,0.000451,0.001067,0.000878,0.0,0.0,0.0,0.369236,-0.120243,0.030014,0.317858,0.46735,0.518745,0.715877,-0.829211,0.537887,0.15173,-0.306919,-0.665168,0.680599,0.013311,0.001382,-0.00045,0.001941,-0.01503,0.029378,-1.053272,0.034407,0.037948,-0.02172,-0.344721,-0.559937,0.753416,0.879063,-0.474088,0.049868,0.329263,0.679492,0.655648,0.00666,0.000665,-0.000252,0.005002,-0.02038,0.025861,-0.788001,0.063672,0.025322,-0.056694,-0.15174,0.587458,-0.7949,-0.595069,-0.696431,-0.401092,-0.789219,0.412159,0.455255,0.000224,0.000541,0.00045,-0.000302,-0.000168,0.000129,0.305824
4,0.054166,0.003894,0.36694,-0.360956,0.496268,-0.789604,-0.532366,-0.804767,-0.262502,-0.765277,0.324984,0.555665,-0.013303,0.003738,0.002304,-0.000984,0.014715,-0.029553,0.362084,-0.120072,0.030019,0.317854,0.468353,0.516392,0.716922,-0.828693,0.538043,0.153984,-0.306787,-0.666869,0.678992,5e-06,-2.8e-05,-2.5e-05,-0.000381,0.000641,0.000486,-1.051125,0.034493,0.037949,-0.021723,-0.345788,-0.557644,0.754627,0.878811,-0.474304,0.052197,0.328815,0.681225,0.654073,-1e-06,8e-06,4e-06,0.005206,-0.007936,-0.005636,-0.789308,0.063493,0.025328,-0.056619,-0.152836,0.587005,-0.795025,-0.595186,-0.696887,-0.400126,-0.78892,0.412034,0.455886,-0.006668,0.001837,0.00113,-0.001188,0.014608,-0.029454,0.302558
5,0.053997,0.003862,0.367036,-0.361455,0.495999,-0.789545,-0.532401,-0.804913,-0.261986,-0.765017,0.325036,0.555993,0.0,0.0,0.0,0.0,0.0,0.0,0.357045,-0.120004,0.030038,0.317849,0.469204,0.514066,0.718035,-0.828233,0.538142,0.156098,-0.30673,-0.668582,0.677332,0.0,-0.0,-0.0,-0.155686,0.26196,0.198594,-1.050294,0.034527,0.037959,-0.021725,-0.346289,-0.556594,0.755172,0.878683,-0.474424,0.053254,0.328631,0.681999,0.653358,-4e-06,1.6e-05,1.1e-05,-0.275291,0.446748,0.330965,-0.789634,0.063408,0.025311,-0.056571,-0.153369,0.586815,-0.795063,-0.595327,-0.697049,-0.399634,-0.788709,0.412031,0.456253,-0.007325,-0.00332,0.005684,-0.035034,0.034691,-0.044364,0.29766
6,0.05367,0.003767,0.367283,-0.362483,0.495487,-0.789395,-0.532589,-0.805147,-0.260881,-0.764398,0.325237,0.556726,0.00028,0.000657,0.000541,0.0,0.0,0.0,0.353214,-0.119863,0.030045,0.317851,0.47251,0.511224,0.717897,-0.824905,0.543172,0.156301,-0.31061,-0.666686,0.677432,0.01323,0.001874,-2.5e-05,0.002016,-0.015158,0.029281,-1.048063,0.034592,0.037962,-0.021724,-0.350152,-0.552874,0.756123,0.875705,-0.47973,0.054752,0.332464,0.681313,0.652134,2.7e-05,-0.000162,-0.000144,0.00172,-0.003032,-0.002223,-0.790614,0.063244,0.025262,-0.056449,-0.154468,0.586464,-0.795109,-0.595728,-0.697304,-0.398591,-0.788192,0.412099,0.457085,-0.007138,-0.002874,0.006053,-0.034977,0.034736,-0.044385,0.289659
7,0.053321,0.003674,0.367596,-0.363694,0.494889,-0.789213,-0.532818,-0.805417,-0.259577,-0.763662,0.32548,0.557594,-0.000991,-0.009547,0.009742,-0.033869,0.020083,-0.014879,0.345913,-0.119722,0.029991,0.31784,0.472626,0.511192,0.717843,-0.824878,0.543168,0.156456,-0.310504,-0.666714,0.677453,0.00025,-0.001476,-0.001288,-0.0,0.0,0.0,-1.046893,0.034667,0.037938,-0.021727,-0.350285,-0.55288,0.756057,0.875694,-0.479734,0.054898,0.332355,0.681305,0.652198,0.001023,-0.006632,0.00295,-0.038946,0.024182,-0.043155,-0.791104,0.06307,0.025217,-0.056291,-0.155763,0.586055,-0.795158,-0.596204,-0.697599,-0.397361,-0.787577,0.412182,0.458069,-0.000505,-0.004785,0.00487,-0.033956,0.020049,-0.014846,0.281494
8,0.052976,0.003588,0.367915,-0.366018,0.496247,-0.787283,-0.532942,-0.805243,-0.259863,-0.762462,0.32384,0.560185,-0.01394,-0.004952,0.012742,-0.033789,0.038101,-0.042765,0.342247,-0.119684,0.029946,0.317823,0.47257,0.511194,0.717878,-0.824921,0.543102,0.156458,-0.310474,-0.666766,0.677415,0.000102,-0.0006,-0.000524,-0.0,0.0,0.0,-1.046238,0.034687,0.037913,-0.021738,-0.350222,-0.552881,0.756085,0.875735,-0.47966,0.054897,0.332312,0.681357,0.652165,6e-05,-0.000352,-0.000308,-0.000106,3e-06,-0.000105,-0.790777,0.062902,0.025175,-0.056137,-0.158161,0.587811,-0.793386,-0.596239,-0.697328,-0.397783,-0.787072,0.410134,0.460767,0.000422,0.000997,0.000826,0.001173,-0.011769,-0.010894,0.276432
9,0.052836,0.003535,0.368088,-0.366491,0.496051,-0.787187,-0.533136,-0.805291,-0.259315,-0.762099,0.324019,0.560575,-0.013893,-0.004837,0.012835,-0.034834,0.034856,-0.044403,0.334377,-0.11969,0.029922,0.317817,0.475517,0.508399,0.717918,-0.821735,0.547919,0.156428,-0.31441,-0.664955,0.67738,4.5e-05,-0.000266,-0.000232,0.0,0.0,0.0,-1.04581,0.034684,0.0379,-0.021742,-0.353351,-0.550313,0.756503,0.872932,-0.484716,0.055129,0.336351,0.679856,0.651661,2.2e-05,-0.000126,-0.000111,-3.5e-05,-0.000578,-0.0003,-0.790614,0.062832,0.025149,-0.056051,-0.158631,0.587564,-0.793475,-0.596507,-0.697435,-0.397193,-0.786775,0.410306,0.461121,-0.000217,-0.004108,0.005426,-0.034116,0.017588,-0.01672,0.27137
10,0.052631,0.003434,0.36848,-0.367245,0.495818,-0.786982,-0.53366,-0.80525,-0.258363,-0.761369,0.324476,0.561302,0.001653,0.003852,0.003161,0.000747,-0.013142,0.025638,0.311582,-0.119717,0.029898,0.317799,0.476054,0.506113,0.719176,-0.821424,0.547827,0.158369,-0.314409,-0.66677,0.675594,1e-05,-5.7e-05,-5e-05,-0.183211,0.308197,0.23356,-1.043465,0.03467,0.037888,-0.021751,-0.353449,-0.549571,0.756996,0.872937,-0.484636,0.055742,0.336233,0.680513,0.651036,-3e-06,2e-06,-3e-06,-0.335533,0.542912,0.401511,-0.789308,0.062724,0.025092,-0.055853,-0.15948,0.5874,-0.793427,-0.597183,-0.697385,-0.396263,-0.78609,0.410625,0.462004,-0.006641,-0.001688,0.007021,-0.035046,0.034664,-0.044357,0.247366
11,0.052427,0.003299,0.368925,-0.370995,0.493398,-0.786744,-0.52951,-0.808323,-0.257304,-0.762442,0.320512,0.562123,0.000433,-0.006211,0.012485,-0.033111,0.00697,0.010772,0.296721,-0.119739,0.029908,0.31781,0.479037,0.503291,0.719176,-0.81817,0.552678,0.158363,-0.318351,-0.664896,0.675595,-0.000236,0.001398,0.00122,0.002282,-0.016395,0.023588,-1.043493,0.03466,0.037891,-0.021747,-0.357072,-0.545475,0.758258,0.869975,-0.489746,0.057367,0.340062,0.68015,0.649424,-1.2e-05,6.9e-05,5.9e-05,0.001905,-0.003357,-0.002388,-0.789961,0.062622,0.02503,-0.055634,-0.16352,0.585582,-0.793948,-0.593728,-0.701132,-0.394842,-0.787875,0.406825,0.462325,-0.00659,-0.001567,0.007117,-0.035168,0.035065,-0.044004,0.221403
12,0.052322,0.003218,0.369155,-0.371563,0.493181,-0.786612,-0.529796,-0.808351,-0.256625,-0.761966,0.320774,0.562618,5.8e-05,-0.007084,0.011769,-0.033869,0.020081,-0.014881,0.295953,-0.11974,0.029915,0.317816,0.479055,0.503289,0.719164,-0.818161,0.552688,0.158374,-0.318347,-0.664889,0.675605,-8.8e-05,0.00052,0.000454,-1e-06,1e-06,1e-06,-1.043999,0.034659,0.037897,-0.021742,-0.357102,-0.545504,0.758223,0.869964,-0.489765,0.057367,0.340058,0.680113,0.649465,-5.8e-05,0.000338,0.000295,0.000101,-0.000474,-0.000461,-0.790124,0.062571,0.024989,-0.055512,-0.164123,0.585462,-0.793912,-0.594147,-0.70113,-0.394215,-0.787434,0.407001,0.462922,3.3e-05,-0.003515,0.00591,-0.034104,0.020005,-0.014739,0.214708
13,0.052111,0.003026,0.369592,-0.372382,0.49297,-0.786357,-0.530487,-0.808241,-0.255542,-0.761084,0.321375,0.563468,-0.000609,-0.008631,0.010504,-0.033872,0.020072,-0.014886,0.294014,-0.119716,0.029886,0.317867,0.481915,0.500467,0.719223,-0.814982,0.557355,0.158407,-0.32217,-0.663116,0.675534,0.001607,-0.010689,0.008153,-0.035632,0.007984,-0.018628,-1.044661,0.034671,0.037885,-0.02172,-0.360153,-0.542899,0.758649,0.867153,-0.494691,0.057656,0.343996,0.678631,0.648941,-0.000114,0.000663,0.000579,0.00998,0.000611,0.008565,-0.791431,0.062466,0.024898,-0.055296,-0.164971,0.585373,-0.793802,-0.594968,-0.700967,-0.393265,-0.786636,0.40741,0.463917,-0.006825,-0.002113,0.00667,-0.035019,0.034719,-0.044367,0.209319
14,0.051997,0.002842,0.369936,-0.376086,0.490497,-0.786141,-0.526219,-0.81134,-0.254547,-0.762221,0.317335,0.564221,0.000706,0.00164,0.001341,0.0,0.0,-0.0,0.293237,-0.119675,0.02981,0.317968,0.481892,0.5005,0.719215,-0.81511,0.55711,0.158613,-0.321881,-0.663297,0.675495,-0.000131,0.000776,0.000677,-0.0,0.0,0.0,-1.045576,0.034691,0.037845,-0.021665,-0.360113,-0.542947,0.758634,0.867302,-0.494409,0.057852,0.343665,0.678798,0.648942,-6.8e-05,0.000397,0.000345,-0.000154,-1.9e-05,-0.000151,-0.790287,0.062409,0.024802,-0.055121,-0.169007,0.583488,-0.79434,-0.591423,-0.704751,-0.391847,-0.788451,0.403566,0.464196,0.000338,0.000796,0.000654,-0.000337,0.000841,0.000837,0.20785
15,0.051987,0.002711,0.370157,-0.379279,0.488251,-0.786005,-0.521839,-0.814306,-0.25409,-0.763644,0.313184,0.564617,-0.000936,-0.00939,0.009888,-0.033881,0.020048,-0.014898,0.26172,-0.119662,0.029654,0.318147,0.481687,0.500594,0.719288,-0.815429,0.556567,0.158882,-0.321381,-0.663682,0.675354,-0.000189,0.001118,0.000975,-0.0,0.0,0.0,-1.0433,0.034698,0.037767,-0.021576,-0.359891,-0.543028,0.758682,0.867609,-0.49384,0.058095,0.34312,0.679148,0.648865,0.000757,-0.00509,0.0043,-0.036599,0.007791,-0.019573,-0.790614,0.062404,0.02474,-0.055013,-0.172464,0.581768,-0.794859,-0.587633,-0.708393,-0.390981,-0.790533,0.399655,0.464038,0.000203,0.000481,0.000396,-0.00036,0.000324,0.000531,0.191031
16,0.052036,0.002672,0.370181,-0.384988,0.483794,-0.785986,-0.512266,-0.820359,-0.254103,-0.767251,0.304201,0.564637,8.5e-05,0.000197,0.000161,0.035185,0.011375,-0.025276,0.209002,-0.119648,0.029557,0.318259,0.484654,0.497777,0.719249,-0.81225,0.561123,0.15914,-0.32496,-0.661957,0.675335,-0.000237,0.001401,0.001221,0.0,0.0,0.0,-1.032542,0.034705,0.037718,-0.02152,-0.36305,-0.540439,0.759025,0.864825,-0.498639,0.058617,0.346801,0.677705,0.648416,0.000726,-0.004909,0.004459,-0.036476,0.007057,-0.019825,-0.790288,0.062428,0.024718,-0.054997,-0.178696,0.578243,-0.796054,-0.5792,-0.715856,-0.389971,-0.795358,0.391388,0.462839,2.3e-05,5.6e-05,4.7e-05,0.117779,0.039264,-0.084119,0.155597
17,0.052295,0.00261,0.370054,-0.398599,0.472557,-0.786038,-0.487831,-0.834952,-0.254653,-0.776152,0.281356,0.564317,0.012605,-0.005402,-0.003645,1.304209,0.407492,-0.906066,0.016056,-0.119623,0.029382,0.318461,0.487387,0.495002,0.719319,-0.809265,0.565329,0.159459,-0.328311,-0.660454,0.675186,-0.000216,0.001275,0.00111,2e-06,0.0,2e-06,-0.980382,0.034717,0.037631,-0.021419,-0.36596,-0.537878,0.759446,0.862216,-0.503069,0.059184,0.350221,0.676466,0.647871,0.000741,-0.004998,0.004383,-0.036399,0.006692,-0.01997,-0.770856,0.062553,0.02469,-0.055059,-0.192777,0.569812,-0.798842,-0.558641,-0.733029,-0.388057,-0.806695,0.371458,0.459631,0.006772,0.002102,-0.006728,4.381963,1.370301,-3.06623,-0.043128
18,0.0525,0.00252,0.369914,-0.420346,0.45931,-0.782553,-0.452596,-0.853575,-0.257952,-0.78593,0.245174,0.567653,-0.000592,-0.001381,-0.00113,0.112432,0.31698,0.148198,-0.224286,-0.119566,0.029268,0.318579,0.487915,0.492728,0.720521,-0.809088,0.564943,0.161713,-0.327965,-0.66248,0.673367,0.001721,-0.011355,0.007585,-0.289747,0.435367,0.302642,-0.922739,0.034745,0.03758,-0.021361,-0.365892,-0.537928,0.759444,0.862398,-0.502733,0.059398,0.349846,0.676676,0.647855,-1.3e-05,5.6e-05,4.6e-05,-0.000156,-2.4e-05,-0.000161,-0.759752,0.06266,0.02464,-0.055132,-0.216732,0.55854,-0.800661,-0.525336,-0.758007,-0.386582,-0.822829,0.336831,0.457706,-0.000356,-0.000846,-0.000692,0.157539,0.519011,0.267601,-0.255242
19,0.052513,0.002524,0.369917,-0.436898,0.449812,-0.778995,-0.426828,-0.865927,-0.260691,-0.791278,0.218036,0.571285,0.000392,0.000914,0.000748,4.474103,1.951404,-2.90622,-0.347633,-0.119512,0.02925,0.318596,0.488107,0.492704,0.720407,-0.809016,0.564994,0.161891,-0.327854,-0.662454,0.673446,-0.0,3e-06,2e-06,-0.003704,0.006251,0.004708,-0.859876,0.034772,0.037566,-0.02135,-0.36677,-0.535473,0.760754,0.862214,-0.502758,0.061808,0.349379,0.678603,0.646089,3e-06,-3.4e-05,-3.2e-05,0.009232,-0.013268,-0.009013,-0.743586,0.062664,0.024637,-0.055135,-0.231481,0.553316,-0.80016,-0.506314,-0.770848,-0.386573,-0.830699,0.315648,0.458589,0.000301,0.000682,0.000557,0.204857,0.576854,0.270742,-0.350604
20,0.052488,0.0026,0.370029,-0.47054,0.434852,-0.767816,-0.380899,-0.884958,-0.267839,-0.795376,0.165884,0.582999,0.001198,0.002792,0.002282,0.235572,0.397411,0.122544,-0.709334,-0.119353,0.029269,0.318592,0.491929,0.487398,0.721416,-0.805114,0.569901,0.164129,-0.331737,-0.662168,0.671824,0.013205,0.002105,0.00017,-0.034025,0.045605,0.075053,-0.637843,0.034847,0.037574,-0.021353,-0.370805,-0.530511,0.762273,0.858981,-0.507948,0.064337,0.353064,0.678635,0.644049,0.0,-6e-06,-8e-06,-0.034069,0.058812,0.045218,-0.661941,0.062651,0.024675,-0.055079,-0.271924,0.542248,-0.794999,-0.458794,-0.799246,-0.388217,-0.84591,0.259175,0.466114,0.000473,0.001109,0.000899,1.458968,1.011055,-0.687198,-0.571699
21,0.052594,0.002588,0.36996,-0.499994,0.434766,-0.749019,-0.351553,-0.892256,-0.283306,-0.790872,0.121121,0.599899,0.012437,-0.005795,-0.00397,0.052512,0.684106,0.361346,-1.211436,-0.119076,0.02932,0.318601,0.49372,0.482589,0.723422,-0.804043,0.570113,0.168583,-0.331677,-0.665495,0.668558,-5.2e-05,0.000305,0.000265,-0.071143,0.119716,0.090198,-0.368233,0.034986,0.037599,-0.021349,-0.372648,-0.526116,0.764417,0.858452,-0.508275,0.068665,0.352409,0.681804,0.641053,-4.1e-05,0.000235,0.000199,-0.110852,0.18474,0.138253,-0.538983,0.062704,0.024681,-0.055105,-0.303674,0.545694,-0.781024,-0.428358,-0.810412,-0.399675,-0.851052,0.213188,0.479854,-0.000207,-0.000498,-0.000403,-0.335425,1.226895,0.099027,-0.789039
22,0.05308,0.002683,0.369668,-0.527605,0.449096,-0.721104,-0.342233,-0.889239,-0.303482,-0.776876,0.086102,0.62376,0.01481,0.006991,-0.011084,0.210943,1.108505,0.639848,-1.740341,-0.11876,0.029431,0.318657,0.497306,0.472995,0.727292,-0.801885,0.570452,0.177476,-0.331544,-0.672053,0.662032,0.012779,0.004566,0.002307,-0.283322,0.450638,0.4163,-0.104349,0.035144,0.037651,-0.021324,-0.375994,-0.518625,0.76789,0.857452,-0.508897,0.076144,0.351287,0.687059,0.636038,-0.00012,0.000698,0.000602,-0.010766,0.023487,0.019872,-0.420761,0.062943,0.024717,-0.055253,-0.332151,0.561961,-0.757545,-0.415832,-0.808123,-0.417157,-0.846616,0.176453,0.5021,0.007453,0.003592,-0.005461,-0.351461,0.911744,0.224653,-0.738256
23,0.053484,0.002688,0.369496,-0.543246,0.451768,-0.707697,-0.338568,-0.889162,-0.30779,-0.767636,0.071829,0.636869,0.026606,-0.007511,-0.004623,0.035502,0.569571,0.608887,-1.898213,-0.118625,0.029473,0.318676,0.499075,0.468188,0.729187,-0.800809,0.570567,0.18191,-0.331489,-0.675309,0.658738,0.013092,0.00274,0.000716,-0.153638,0.245274,0.225607,0.005377,0.035211,0.037677,-0.02131,-0.378258,-0.512727,0.770734,0.856801,-0.509113,0.081813,0.350443,0.691313,0.631881,0.006526,0.001475,0.000444,-0.269457,0.429655,0.360459,-0.297803,0.063141,0.024727,-0.05534,-0.350836,0.567434,-0.744937,-0.411208,-0.808053,-0.421849,-0.841321,0.158325,0.516828,0.013313,-0.003752,-0.002312,-0.377742,1.010996,0.320086,-0.75834
24,0.054508,0.002565,0.369344,-0.585756,0.435798,-0.683385,-0.323033,-0.898777,-0.296348,-0.742635,0.046619,0.668092,0.0296,0.00685,-0.01047,3.726255,1.824214,-3.217001,-1.913689,-0.118614,0.029414,0.318624,0.502688,0.456293,0.73423,-0.798526,0.570314,0.192438,-0.331545,-0.683604,0.650098,0.000561,-0.003251,-0.002832,-0.147791,0.259244,0.15952,0.146778,0.035225,0.037656,-0.02133,-0.382215,-0.500783,0.776612,0.855687,-0.509094,0.092852,0.34887,0.700027,0.623097,0.000261,-0.001512,-0.00132,-0.228662,0.37765,0.282863,-0.089281,0.063639,0.024656,-0.055417,-0.395943,0.559609,-0.728056,-0.403363,-0.818256,-0.409577,-0.82494,0.131502,0.549709,0.014154,-0.001744,-0.000694,-1.875229,1.491515,-0.830464,-0.769771
25,0.055695,0.002433,0.369257,-0.620872,0.410418,-0.667923,-0.310235,-0.911048,-0.271508,-0.719174,0.038124,0.693803,0.041293,-0.007839,-0.004206,1.705835,2.483606,-4.649345,-1.914239,-0.118823,0.029213,0.318427,0.513158,0.440164,0.736828,-0.793434,0.570511,0.211927,-0.327711,-0.693922,0.641047,-0.011952,-0.009442,-0.006567,-0.341992,0.50402,0.552452,0.271897,0.03512,0.037558,-0.021426,-0.39318,-0.486993,0.779901,0.852926,-0.509974,0.111552,0.343404,0.709058,0.61588,0.000644,-0.003742,-0.003261,-0.074564,0.152182,0.075665,0.079725,0.064231,0.0246,-0.055459,-0.435617,0.540266,-0.719965,-0.395741,-0.833346,-0.385903,-0.808471,0.116814,0.576825,0.014271,-0.00142,-0.000442,-0.110337,-0.154277,0.474345,-0.764709
26,0.056321,0.002403,0.369159,-0.634883,0.398989,-0.661647,-0.298814,-0.916472,-0.266008,-0.711731,0.028322,0.7019,0.029638,0.00713,-0.010285,-1.659508,1.294722,-1.297838,-1.91456,-0.118977,0.029046,0.318265,0.520894,0.433564,0.735312,-0.789994,0.571029,0.22309,-0.323795,-0.697635,0.639003,-0.011724,-0.010836,-0.007795,-0.17501,0.132312,0.357762,0.322438,0.035043,0.037474,-0.021508,-0.402032,-0.479007,0.780334,0.850636,-0.510743,0.124732,0.338803,0.713927,0.612796,-0.005824,-0.005619,-0.00407,-0.275888,0.149586,0.34242,0.164962,0.064558,0.024577,-0.055507,-0.45396,0.528046,-0.717695,-0.381906,-0.843046,-0.378709,-0.805026,0.102173,0.584373,0.020694,-0.003782,-0.002021,0.982413,0.525184,-0.767443,-0.771241
27,0.057467,0.002559,0.368958,-0.658448,0.376335,-0.651815,-0.264703,-0.926447,-0.267583,-0.703758,-0.004127,0.710446,0.03095,0.010465,-0.007605,0.042966,0.138323,0.365386,-1.914749,-0.11925,0.028626,0.317808,0.545883,0.421058,0.724371,-0.778709,0.573872,0.253414,-0.309661,-0.702929,0.640206,-0.01277,-0.003633,-0.019056,-0.01822,-0.084344,0.371683,0.392777,0.034907,0.037262,-0.021732,-0.429095,-0.467902,0.772621,0.842982,-0.514678,0.15648,0.324434,0.718452,0.615279,0.001087,-0.006354,-0.005569,-0.040187,-0.069475,0.234915,0.283838,0.065128,0.02465,-0.055612,-0.483349,0.507433,-0.713361,-0.350447,-0.858886,-0.373498,-0.802221,0.069465,0.59297,0.0155,0.005265,-0.003787,-0.07307,0.209082,0.49111,-0.777609
28,0.058491,0.002817,0.368806,-0.673295,0.365194,-0.642925,-0.244374,-0.930525,-0.272721,-0.69702,-0.026969,0.716563,0.029266,-0.000732,0.000771,0.039765,0.145176,0.179472,-1.914636,-0.119295,0.028118,0.317312,0.578819,0.415771,0.701494,-0.762599,0.580468,0.285363,-0.289259,-0.700647,0.652139,-0.010946,-0.015732,-0.012185,0.010218,-0.175909,0.294851,0.444445,0.034881,0.037002,-0.021991,-0.464823,-0.46528,0.753294,0.830929,-0.523054,0.189657,0.30577,0.714092,0.629743,-0.005443,-0.008003,-0.006211,0.047919,-0.201701,0.255043,0.370382,0.065644,0.024788,-0.055687,-0.500988,0.498664,-0.707349,-0.330535,-0.865606,-0.376127,-0.799847,0.045368,0.598484,0.008519,0.006369,-0.003251,0.081814,0.157359,0.182246,-0.780221
29,0.058942,0.002883,0.368761,-0.682394,0.357393,-0.637694,-0.235864,-0.933293,-0.270746,-0.691074,-0.034798,0.721965,0.01547,0.00172,0.002066,0.029186,0.108177,0.122892,-1.914886,-0.119239,0.027851,0.317035,0.592857,0.415937,0.689571,-0.75493,0.584954,0.296383,-0.280819,-0.696806,0.659898,0.002535,-0.014931,-0.013209,0.045257,-0.322858,0.464891,0.469148,0.034908,0.036874,-0.022124,-0.479555,-0.466735,0.74309,0.825102,-0.528103,0.20078,0.298718,0.709411,0.638359,0.000517,-0.002402,-0.010939,0.090262,-0.313185,0.445657,0.405163,0.065875,0.024822,-0.055709,-0.511962,0.492245,-0.703981,-0.323022,-0.869697,-0.373206,-0.795959,0.036334,0.604258,0.014264,-0.001264,-0.000357,0.033202,0.178445,-0.05618,-0.781364
30,0.059543,0.002833,0.368695,-0.698366,0.353735,-0.622256,-0.235214,-0.934448,-0.267308,-0.675157,-0.040762,0.736565,0.01306,-0.004195,-0.002723,0.063281,0.300404,0.188912,-1.914808,-0.119062,0.027179,0.316405,0.612082,0.414824,0.673252,-0.742938,0.593108,0.310163,-0.271401,-0.690543,0.67034,0.00322,-0.018937,-0.016868,0.027256,-0.193603,0.278297,0.486473,0.034995,0.036542,-0.022436,-0.500519,-0.467024,0.72895,0.815346,-0.537342,0.215577,0.291016,0.702247,0.649736,0.001678,-0.009815,-0.008741,0.043192,-0.306474,0.439551,0.45562,0.06618,0.024806,-0.055734,-0.530229,0.49033,-0.691688,-0.323251,-0.8711,-0.369718,-0.783814,0.027554,0.620383,-0.000254,-0.000636,-0.000522,0.076806,0.376967,0.198086,-0.7861
31,0.059798,0.002729,0.368611,-0.71042,0.35516,-0.607626,-0.236412,-0.933559,-0.26935,-0.662038,-0.04815,0.74794,-0.000476,-0.001178,-0.000952,0.053371,0.379418,-0.03096,-1.914984,-0.118856,0.026397,0.315696,0.62081,0.415967,0.664498,-0.737037,0.598313,0.314216,-0.267639,-0.685344,0.677154,0.016787,-0.018151,-0.01803,0.022995,-0.109073,0.13449,0.479806,0.0351,0.036141,-0.022799,-0.510189,-0.468979,0.720946,0.810266,-0.543178,0.220057,0.2884,0.69643,0.657122,0.008423,-0.00919,-0.009119,0.00273,-0.087205,0.148647,0.463784,0.06631,0.024748,-0.055781,-0.543992,0.493056,-0.678945,-0.324077,-0.869817,-0.372009,-0.77398,0.01766,0.632962,-0.00033,-0.000824,-0.000673,0.063322,0.433554,-0.001411,-0.78512
32,0.059668,0.002752,0.368585,-0.717047,0.358508,-0.597796,-0.240404,-0.932135,-0.270745,-0.653403,-0.050877,0.755316,-0.014833,-0.007446,0.010776,0.044126,0.529784,-0.015924,-1.914948,-0.118369,0.025795,0.314904,0.622324,0.420111,0.660463,-0.736145,0.600723,0.311699,-0.266573,-0.680695,0.682244,0.014946,-0.005809,-0.024875,0.102471,-0.085155,-0.071402,0.464349,0.035338,0.035839,-0.023189,-0.511885,-0.473013,0.717099,0.809256,-0.545595,0.217783,0.288232,0.691797,0.662071,0.007523,-0.003136,-0.01265,0.115271,-0.10389,-0.086126,0.450884,0.066249,0.024759,-0.055801,-0.550443,0.496055,-0.671521,-0.327266,-0.868171,-0.373063,-0.768055,0.014416,0.64022,-0.000207,-0.000522,-0.000423,0.101792,0.499685,0.257193,-0.788712
33,0.059541,0.002755,0.368608,-0.71039,0.375451,-0.595338,-0.262244,-0.926092,-0.271207,-0.652284,-0.037013,0.757088,-0.000404,-0.000998,-0.000807,-0.245975,0.10244,0.496601,-1.914837,-0.118048,0.025621,0.314507,0.622391,0.419977,0.660485,-0.735967,0.601035,0.311519,-0.26691,-0.680502,0.682304,0.01637,-0.015206,-0.015579,-0.001591,0.016247,-0.018955,0.460162,0.035499,0.035752,-0.023393,-0.511912,-0.472985,0.717098,0.809126,-0.545879,0.217556,0.288548,0.691592,0.662147,0.007296,-0.00173,-0.01141,0.023923,0.020592,0.008499,0.443536,0.06618,0.024759,-0.055785,-0.542958,0.5118,-0.665775,-0.347362,-0.85869,-0.376815,-0.764549,0.02667,0.644013,-0.006913,0.001155,0.000599,-0.926545,-0.091459,1.434059,-0.789039
34,0.059222,0.002761,0.368729,-0.701321,0.402821,-0.588158,-0.295999,-0.915072,-0.273861,-0.647656,-0.018478,0.761727,-0.013587,0.002908,0.00168,0.001057,0.135599,0.071779,-1.914552,-0.117381,0.025644,0.313716,0.622113,0.419663,0.660946,-0.735708,0.601882,0.310495,-0.268273,-0.679946,0.682324,0.011978,0.012959,-0.025846,0.072703,-0.014109,0.044709,0.453708,0.035834,0.03575,-0.023788,-0.511592,-0.472547,0.717616,0.808851,-0.546636,0.216676,0.289885,0.691294,0.661875,0.006908,0.00061,-0.009322,0.017599,0.123776,-0.160587,0.432432,0.066026,0.02476,-0.055725,-0.531323,0.537752,-0.654612,-0.378914,-0.841955,-0.384101,-0.757706,0.04396,0.651113,-0.000803,-0.005613,0.004203,-0.092376,0.10861,0.159782,-0.790672
35,0.059115,0.002617,0.368844,-0.696252,0.428161,-0.576156,-0.325154,-0.903646,-0.278691,-0.639105,-0.007239,0.769102,-5.6e-05,-0.000138,-0.000112,0.032405,0.509672,0.392771,-1.91434,-0.116767,0.026,0.312864,0.622683,0.416896,0.662159,-0.734482,0.603006,0.311215,-0.270308,-0.680649,0.680819,0.011853,0.013721,-0.025184,0.063358,0.012136,0.02873,0.444031,0.036141,0.035933,-0.02421,-0.512302,-0.469621,0.719029,0.807772,-0.547807,0.21774,0.291634,0.69236,0.659989,0.006731,0.001689,-0.008357,0.047383,-0.016197,0.019927,0.423778,0.065966,0.024688,-0.055668,-0.523805,0.560755,-0.641234,-0.404869,-0.826192,-0.391774,-0.749472,0.054402,0.659796,-1.5e-05,-4.5e-05,-3.2e-05,0.046863,0.647019,0.483725,-0.794918
36,0.05904,0.002635,0.368894,-0.695771,0.438562,-0.568868,-0.336536,-0.898659,-0.281294,-0.633723,-0.004823,0.773562,0.000601,0.001479,0.001197,0.081471,0.491664,0.025548,-1.914173,-0.116498,0.026226,0.312425,0.623527,0.414301,0.662994,-0.733361,0.60361,0.312686,-0.271411,-0.681695,0.679332,0.011806,0.014001,-0.024941,0.062008,0.014026,0.030208,0.435403,0.036275,0.036047,-0.024428,-0.513256,-0.467051,0.72002,0.806859,-0.548505,0.219362,0.292481,0.693544,0.658368,0.005812,0.007596,-0.011932,0.086593,-0.026412,0.037849,0.416267,0.065928,0.024694,-0.055646,-0.52325,0.571126,-0.632473,-0.415087,-0.819,-0.396156,-0.744252,0.055243,0.665609,-0.006288,0.002702,0.001853,0.107197,0.521396,0.26353,-0.794428
37,0.058896,0.00268,0.368949,-0.695111,0.454084,-0.557381,-0.360115,-0.890888,-0.276779,-0.621386,0.007758,0.783484,0.000229,0.000562,0.000454,-2.136431,1.752695,-1.050229,-1.913736,-0.116233,0.026475,0.311992,0.625241,0.409324,0.664469,-0.731452,0.604009,0.316362,-0.272621,-0.684336,0.676184,0.013302,0.004169,-0.015998,-0.100416,0.181966,0.171993,0.425334,0.036526,0.036317,-0.024866,-0.515885,-0.462015,0.72139,0.804576,-0.550456,0.222832,0.294142,0.695369,0.655698,0.005663,0.008433,-0.011165,0.0872,-0.029394,0.034477,0.394059,0.065857,0.02472,-0.055615,-0.521777,0.585866,-0.620087,-0.437354,-0.807797,-0.395202,-0.732441,0.06499,0.677721,0.000124,0.000288,0.000237,-2.119501,1.821998,-1.004366,-0.797367
38,0.058653,0.002764,0.368939,-0.690609,0.487495,-0.534279,-0.398923,-0.872884,-0.280901,-0.602447,0.01853,0.79796,-1.4e-05,-3.5e-05,-2.9e-05,0.039498,0.281766,-0.080354,-1.913172,-0.115648,0.027541,0.310808,0.625148,0.409745,0.664298,-0.731965,0.603027,0.317048,-0.271451,-0.684952,0.676031,-0.003115,0.02027,-0.017317,0.026732,0.085459,-0.15271,0.393609,0.036707,0.036694,-0.025247,-0.515148,-0.462834,0.721391,0.805838,-0.548253,0.223701,0.291968,0.696564,0.655401,0.005155,0.011192,-0.00861,-0.021359,-0.082457,-0.036876,0.366953,0.065731,0.024763,-0.055619,-0.516644,0.617155,-0.593462,-0.472365,-0.783558,-0.403618,-0.714107,0.071804,0.696343,-6e-06,-2e-05,-8e-06,0.053285,0.339875,-0.052711,-0.799653
39,0.058847,0.002701,0.36895,-0.692063,0.489351,-0.530688,-0.403962,-0.871763,-0.277157,-0.597405,0.021953,0.801656,0.000185,0.000454,0.000367,-0.883981,-0.364381,1.154411,-1.91315,-0.115588,0.028344,0.310336,0.621842,0.421129,0.660268,-0.739888,0.592014,0.319405,-0.257143,-0.687666,0.678864,-0.004043,0.025339,-0.012602,-0.02549,-0.063108,-0.062403,0.373214,0.036737,0.037093,-0.025485,-0.511417,-0.473918,0.716835,0.813143,-0.536688,0.225307,0.27794,0.698116,0.659835,-0.001189,0.007376,-0.002192,-0.291264,-0.165203,-0.327062,0.340663,0.065833,0.02473,-0.055615,-0.519688,0.61761,-0.590323,-0.476014,-0.783088,-0.400228,-0.70946,0.073008,0.700953,0.006729,-0.001431,-0.000932,-2.935023,-1.472538,4.273257,-0.799653
40,0.05902,0.002607,0.368949,-0.692425,0.491953,-0.527801,-0.4076,-0.870268,-0.276527,-0.594511,0.023039,0.803774,0.01326,-0.003722,-0.002336,-0.014624,0.116448,-0.084824,-1.912954,-0.115694,0.02874,0.310222,0.620892,0.429088,0.656024,-0.744545,0.584384,0.322618,-0.245704,-0.689282,0.681457,-0.002817,0.017045,-0.002252,0.038501,-0.025011,0.042905,0.361889,0.036684,0.037294,-0.025547,-0.510284,-0.481847,0.712344,0.817626,-0.528627,0.228126,0.266642,0.69884,0.66372,-0.001394,0.00849,-0.001157,0.040351,-0.01576,0.037354,0.32662,0.065914,0.024685,-0.055614,-0.51912,0.6212,-0.587047,-0.480879,-0.7801,-0.400249,-0.70659,0.074521,0.703687,-3.7e-05,-9.2e-05,-7.4e-05,-0.073099,0.084774,-0.043298,-0.799653
41,0.059358,0.002437,0.368946,-0.686172,0.508805,-0.519935,-0.427338,-0.860276,-0.277992,-0.587882,0.030798,0.808377,7.4e-05,0.000182,0.000147,0.008695,0.296542,0.290462,-1.912164,-0.116111,0.029463,0.310134,0.61999,0.442858,0.647673,-0.752576,0.568846,0.331628,-0.222326,-0.693578,0.685115,-0.016582,0.017303,-0.000195,0.052414,-0.125713,0.174045,0.342931,0.03648,0.037658,-0.025589,-0.509194,-0.495393,0.70378,0.825469,-0.512524,0.23647,0.243559,0.701358,0.669907,-0.007396,0.002967,0.003655,0.003667,0.002984,-0.01576,0.298534,0.066083,0.024599,-0.055616,-0.511348,0.63546,-0.578543,-0.497988,-0.767771,-0.403155,-0.700378,0.081955,0.70905,0.006723,-0.001631,-0.000996,-0.716935,0.167623,1.742116,-0.799163
42,0.059751,0.002372,0.368834,-0.687151,0.515083,-0.512404,-0.432762,-0.856625,-0.280859,-0.582754,0.028109,0.812179,-0.000556,-0.001377,-0.001113,0.033708,0.241959,-0.100911,-1.911937,-0.116689,0.029907,0.310206,0.618621,0.451084,0.64329,-0.757039,0.561015,0.334795,-0.210637,-0.694666,0.687702,-0.014501,0.004421,0.005876,0.000356,-0.001572,-0.00594,0.321208,0.03619,0.037891,-0.02555,-0.507771,-0.503445,0.699078,0.8296,-0.504498,0.239258,0.23223,0.701444,0.673828,-0.007216,0.002023,0.002775,0.001449,0.000506,-0.006676,0.271591,0.066281,0.024567,-0.055665,-0.512903,0.64235,-0.569487,-0.502825,-0.762481,-0.407172,-0.69577,0.077513,0.714069,0.00626,-0.002782,-0.001919,0.055559,0.211407,0.109839,-0.800143
43,0.059969,0.002319,0.368711,-0.68534,0.519931,-0.509927,-0.437907,-0.853647,-0.281951,-0.581045,0.029415,0.813356,0.013502,0.004144,-0.013454,0.117386,0.28489,0.205164,-1.911852,-0.116934,0.030012,0.310292,0.618416,0.451157,0.643436,-0.757176,0.560951,0.33459,-0.210747,-0.69467,0.687664,-0.014317,0.003451,0.004975,-0.002045,0.015205,-0.029245,0.305777,0.036067,0.037943,-0.025507,-0.507541,-0.503491,0.699212,0.829706,-0.504432,0.23903,0.232355,0.701459,0.673769,-0.007218,0.002045,0.002788,0.000861,-0.001166,-0.005678,0.255915,0.06639,0.024541,-0.055726,-0.510467,0.646033,-0.567506,-0.507012,-0.75917,-0.408164,-0.694522,0.079378,0.715078,0.005979,-0.00349,-0.002494,0.121126,0.495534,0.308963,-0.799326
44,0.060261,0.002203,0.368411,-0.680274,0.526644,-0.509822,-0.446649,-0.849279,-0.281426,-0.580352,0.035603,0.813604,-0.000284,0.006567,-0.012163,0.034089,-0.019464,0.015182,-1.912005,-0.117292,0.030169,0.310574,0.611177,0.464939,0.640535,-0.766896,0.547737,0.334346,-0.196148,-0.696145,0.690485,-0.001349,0.007606,0.006966,-3.537016,-1.865256,-3.793242,0.271725,0.035884,0.03802,-0.025367,-0.502604,-0.513338,0.695609,0.835456,-0.495273,0.238153,0.222263,0.700848,0.677798,-0.006415,-0.00316,0.006961,-0.042408,0.01586,-0.02133,0.214766,0.066541,0.02448,-0.055878,-0.505063,0.652348,-0.565112,-0.515033,-0.753206,-0.409171,-0.692568,0.084394,0.716397,-0.000901,-0.002254,-0.001827,-0.001512,0.009028,-0.028712,-0.79655
45,0.060351,0.002155,0.368169,-0.680737,0.526033,-0.509835,-0.44593,-0.849677,-0.281365,-0.580361,0.035154,0.813616,0.012138,-0.006537,-0.004634,0.000984,-0.014714,0.029553,-1.911365,-0.117325,0.030336,0.310954,0.612635,0.467702,0.637122,-0.766402,0.548223,0.334683,-0.193509,-0.693911,0.693473,-0.00152,0.008572,0.007826,0.003574,-0.018364,0.022043,0.244547,0.035867,0.038103,-0.025177,-0.501208,-0.519604,0.691955,0.837934,-0.491039,0.238215,0.215999,0.699208,0.681506,0.00013,-0.001477,0.007589,-0.043468,0.00138,0.010357,0.175086,0.06658,0.024459,-0.056004,-0.505596,0.651783,-0.565288,-0.514365,-0.753742,-0.409023,-0.692676,0.083964,0.716344,-0.000722,-0.001802,-0.001464,1.3e-05,-4.9e-05,-8.3e-05,-0.796061
46,0.060332,0.001969,0.367955,-0.680634,0.526119,-0.509884,-0.445926,-0.849627,-0.281524,-0.580485,0.035095,0.813531,-0.001297,0.004053,-0.014216,0.034072,-0.019529,0.015149,-1.911561,-0.117201,0.030468,0.311443,0.612396,0.469978,0.635675,-0.766831,0.548325,0.333533,-0.192559,-0.692292,0.695353,0.011703,0.011043,0.008266,0.004604,-0.032181,0.052392,0.239584,0.035924,0.03817,-0.024931,-0.500962,-0.521776,0.690496,0.83824,-0.491068,0.237074,0.215382,0.697567,0.68338,0.000105,-0.001357,0.007684,-0.038501,-0.003837,0.007624,0.154022,0.066577,0.024366,-0.056104,-0.505472,0.651862,-0.565307,-0.51435,-0.753676,-0.409164,-0.692777,0.083945,0.716248,-0.001547,-0.003855,-0.003134,-0.000739,0.01314,-0.025669,-0.796224
47,0.060252,0.001825,0.367836,-0.681812,0.527017,-0.507377,-0.446186,-0.849152,-0.282543,-0.578902,0.033081,0.814743,-0.003096,-0.007693,-0.006266,0.02574,0.114494,0.025442,-1.911093,-0.117091,0.03052,0.311701,0.612312,0.470001,0.635739,-0.76698,0.547961,0.33379,-0.192234,-0.692565,0.695171,-0.001538,0.008634,0.007841,0.002393,-0.01674,0.023333,0.234946,0.035979,0.038198,-0.024807,-0.501007,-0.521742,0.69049,0.83831,-0.490781,0.237422,0.215007,0.697795,0.683267,0.000132,-0.00151,0.007537,-0.034401,-0.008055,0.004848,0.149613,0.066538,0.024299,-0.056166,-0.506829,0.652904,-0.562885,-0.514445,-0.753026,-0.41024,-0.691715,0.081651,0.717539,-0.001548,-0.003854,-0.003136,0.031301,0.134623,0.035004,-0.796224
48,0.060048,0.001499,0.367529,-0.682472,0.526258,-0.507277,-0.445537,-0.849633,-0.282121,-0.578624,0.03281,0.814951,-0.00362,-0.008978,-0.00734,-0.000751,0.013154,-0.025632,-1.911051,-0.116738,0.030509,0.312125,0.61248,0.470001,0.635577,-0.767047,0.547397,0.334559,-0.191426,-0.693011,0.69495,0.014054,-0.003677,0.012692,-0.03209,-0.024134,0.033192,0.217925,0.036154,0.038199,-0.024588,-0.501102,-0.521736,0.690425,0.838462,-0.490176,0.238133,0.214187,0.698225,0.683084,0.006187,0.00355,0.002324,0.004721,-0.031811,0.052893,0.132631,0.066435,0.024134,-0.056321,-0.507649,0.652174,-0.562992,-0.513864,-0.753696,-0.409738,-0.691546,0.081299,0.717741,-0.001839,-0.004572,-0.003733,-0.001135,0.011256,-0.02684,-0.79753
49,0.059709,0.001317,0.367237,-0.683393,0.525159,-0.507176,-0.444515,-0.850332,-0.281625,-0.578321,0.032327,0.815185,-0.016553,-0.004286,-0.004222,-0.001739,0.027853,-0.055193,-1.911646,-0.116216,0.030411,0.312463,0.612886,0.469948,0.635225,-0.766946,0.546957,0.335509,-0.190525,-0.693395,0.694814,0.014668,-0.007074,0.00961,-0.034474,-0.007476,0.009807,0.197431,0.03642,0.038151,-0.024412,-0.50158,-0.521703,0.690103,0.83842,-0.489762,0.23913,0.213231,0.69854,0.683061,0.007353,-0.003675,0.004669,-0.034264,-0.007403,0.009994,0.106504,0.066263,0.024038,-0.056472,-0.508733,0.651206,-0.563133,-0.513038,-0.754589,-0.409128,-0.691362,0.080772,0.717979,-0.00826,-0.002114,-0.002085,-0.00181,0.027797,-0.055151,-0.79851
50,0.059501,0.001286,0.367097,-0.683647,0.524821,-0.507184,-0.444131,-0.850549,-0.281575,-0.578316,0.032099,0.815198,-0.016102,-0.003145,-0.003295,-0.001737,0.027858,-0.05519,-1.911309,-0.115979,0.030326,0.312583,0.613048,0.469928,0.635083,-0.766916,0.54674,0.335929,-0.190119,-0.693579,0.694741,0.014926,-0.008468,0.008348,-0.034472,-0.007502,0.009792,0.191298,0.036533,0.038112,-0.024356,-0.501754,-0.521692,0.689986,0.838417,-0.489571,0.239533,0.212835,0.698683,0.683039,0.006554,0.001513,0.000471,0.002218,-0.015138,0.029391,0.095727,0.066165,0.024022,-0.056542,-0.508993,0.650943,-0.563203,-0.512725,-0.754839,-0.409061,-0.691403,0.080559,0.717963,-0.007971,-0.001386,-0.001487,-0.001039,0.014686,-0.0295,-0.801286
51,0.05921,0.001216,0.366857,-0.682719,0.525341,-0.507895,-0.442968,-0.850295,-0.284163,-0.580299,0.030318,0.813856,-0.000517,0.006011,-0.012665,0.034048,-0.019597,0.015115,-1.9117,-0.115546,0.03011,0.312735,0.613044,0.469911,0.6351,-0.767068,0.546183,0.336489,-0.189517,-0.69403,0.694455,0.00019,-0.001038,-0.00094,0.0,-0.0,-0.0,0.18895,0.036755,0.038,-0.024277,-0.501761,-0.52167,0.689996,0.838585,-0.489001,0.240105,0.212153,0.699097,0.682827,0.007686,-0.005446,0.003067,-0.034354,-0.007508,0.009878,0.083644,0.066013,0.023981,-0.05666,-0.507937,0.651317,-0.563724,-0.511119,-0.754664,-0.411386,-0.693365,0.079172,0.716223,-0.007669,-0.000623,-0.00087,-0.003891,0.028958,-0.05615,-0.800469
52,0.059125,0.001205,0.3667,-0.68207,0.523779,-0.510374,-0.442022,-0.851197,-0.282934,-0.58178,0.031958,0.812735,0.000508,0.008532,-0.01059,0.03387,-0.020263,0.014779,-1.911543,-0.115326,0.029882,0.312891,0.612904,0.469961,0.635198,-0.767318,0.545562,0.336925,-0.188955,-0.694484,0.694155,0.001837,-0.011604,0.007298,-0.036508,0.007631,-0.019497,0.189569,0.036865,0.037885,-0.024206,-0.501624,-0.521704,0.69007,0.838819,-0.4884,0.240514,0.211553,0.699492,0.682609,0.000917,-0.005808,0.003639,-0.036434,0.007666,-0.019434,0.082011,0.06597,0.023974,-0.05674,-0.507106,0.649755,-0.566268,-0.510528,-0.755797,-0.410038,-0.694409,0.081163,0.714988,-0.000348,-0.000863,-0.000708,0.000541,0.021348,-0.019845,-0.800143
53,0.059154,0.001323,0.366613,-0.681835,0.523958,-0.510504,-0.441962,-0.851094,-0.283338,-0.5821,0.031776,0.812512,0.000398,0.00098,0.000808,-0.0,-0.0,-0.0,-1.911215,-0.115336,0.029674,0.313096,0.612597,0.470087,0.635401,-0.767694,0.544842,0.337234,-0.18842,-0.694966,0.693818,-0.011934,-0.011146,0.009506,-0.036163,0.006198,-0.025337,0.185846,0.036862,0.037773,-0.024105,-0.501277,-0.521809,0.690243,0.839183,-0.487632,0.240802,0.210932,0.699949,0.682332,-0.005979,-0.005521,0.004798,-0.036115,0.006238,-0.025308,0.080541,0.065984,0.024037,-0.056787,-0.506844,0.649958,-0.566272,-0.510395,-0.755644,-0.410486,-0.694698,0.08097,0.714728,0.000302,0.00074,0.00061,7e-05,0.00019,5.9e-05,-0.799979
54,0.059194,0.001421,0.366563,-0.68161,0.524151,-0.510607,-0.441971,-0.850979,-0.283668,-0.582358,0.031664,0.812332,0.014119,-0.001774,-0.000738,0.001726,-0.027889,0.055175,-1.911135,-0.115359,0.029614,0.31322,0.612522,0.470143,0.635432,-0.767819,0.544556,0.337411,-0.188153,-0.695151,0.693704,-0.000555,0.00303,0.00274,0.0,-0.0,-0.0,0.176833,0.03685,0.037746,-0.024047,-0.501192,-0.521856,0.69027,0.8393,-0.487357,0.24095,0.210667,0.700106,0.682253,-0.000266,0.001431,0.001294,3.8e-05,1.6e-05,2.9e-05,0.075479,0.065999,0.024087,-0.056811,-0.506616,0.650088,-0.566325,-0.510312,-0.755539,-0.41078,-0.694924,0.080895,0.714517,0.000148,0.000359,0.000294,4.4e-05,5e-05,-2.3e-05,-0.79949
55,0.05932,0.001578,0.366407,-0.681119,0.524571,-0.51083,-0.441986,-0.85073,-0.284391,-0.58292,0.031417,0.811939,0.013388,-0.003563,-0.002213,0.000984,-0.014715,0.029553,-1.911257,-0.115417,0.029443,0.313516,0.611443,0.472548,0.634687,-0.768862,0.544086,0.335791,-0.187401,-0.69389,0.69517,0.001339,-0.008899,0.009752,-0.036123,0.007091,-0.019921,0.172199,0.036819,0.037669,-0.023898,-0.500023,-0.524241,0.689309,0.840112,-0.486841,0.239158,0.210208,0.698682,0.683853,-0.000344,0.001861,0.001683,-0.004461,-0.009627,0.027901,0.061926,0.066065,0.024171,-0.056885,-0.506025,0.65045,-0.566439,-0.510182,-0.755243,-0.411487,-0.695451,0.080764,0.714019,0.000624,0.005167,-0.004552,0.034072,-0.019602,0.015081,-0.798837
56,0.059423,0.001655,0.366303,-0.680895,0.524746,-0.510949,-0.441937,-0.850628,-0.284772,-0.583219,0.031248,0.81173,0.0,0.0,0.0,-0.0,-0.0,-0.0,-1.911546,-0.115455,0.029214,0.313812,0.609646,0.477206,0.632928,-0.770522,0.543889,0.332287,-0.186425,-0.690854,0.698448,-0.000384,0.002099,0.001894,0.095374,-0.129676,-0.101436,0.172468,0.036801,0.037551,-0.023746,-0.498286,-0.528286,0.687476,0.84124,-0.486483,0.235899,0.209823,0.695878,0.686823,0.000654,-0.004393,0.004929,0.13989,-0.233161,-0.166052,0.059966,0.066121,0.024207,-0.056938,-0.505742,0.650609,-0.566508,-0.510068,-0.755116,-0.411861,-0.69574,0.080662,0.713749,3e-06,-6e-06,-9e-06,2.7e-05,7e-06,-2.1e-05,-0.796714
