frame,MLTx,MLTy,MLTz,MLTR1,MLTR2,MLTR3,MLTR4,MLTR5,MLTR6,MLTR7,MLTR8,MLTR9,MLTTVx,MLTTVy,MLTTVz,MLTRVx,MLTRVy,MLTRVz,MLGA,MRTx,MRTy,MRTz,MRTR1,MRTR2,MRTR3,MRTR4,MRTR5,MRTR6,MRTR7,MRTR8,MRTR9,MRTTVx,MRTTVy,MRTTVz,MRTRVx,MRTRVy,MRTRVz,MRGA,SLTx,SLTy,SLTz,SLTR1,SLTR2,SLTR3,SLTR4,SLTR5,SLTR6,SLTR7,SLTR8,SLTR9,SLTTVx,SLTTVy,SLTTVz,SLTRVx,SLTRVy,SLTRVz,SLGA,SRTx,SRTy,SRTz,SRTR1,SRTR2,SRTR3,SRTR4,SRTR5,SRTR6,SRTR7,SRTR8,SRTR9,SRTTVx,SRTTVy,SRTTVz,SRTRVx,SRTRVy,SRTRVz,SRGA
1,0.093588,0.0487,0.43603,-0.550206,0.793624,-0.259769,-0.818375,-0.574265,-0.021283,-0.165389,0.199888,0.965774,-1.8e-05,-6.2e-05,-2.2e-05,0.0,0.0,0.0,-0.594396,-0.132816,0.017403,0.362706,0.442362,0.834281,0.329063,-0.654989,0.551257,-0.51676,-0.61305,0.011995,0.789866,-0.0,2e-06,2e-06,0.0,-0.0,-0.0,-1.121162,0.028497,0.03232,0.000724,-0.34633,-0.861785,0.370649,0.637997,-0.506032,-0.580422,0.68776,0.035456,0.725071,7e-06,-5.3e-05,-3.3e-05,-5.9e-05,7.5e-05,-0.000112,-0.924512,0.08345,0.047948,-0.022002,-0.452677,0.845614,-0.282878,-0.840307,-0.510684,-0.181893,-0.298273,0.155366,0.94175,-1.2e-05,-3.5e-05,-1.2e-05,-6e-06,1e-06,-2e-06,-0.653345
2,0.093589,0.048701,0.43604,-0.550078,0.793697,-0.259815,-0.818459,-0.574146,-0.021304,-0.165403,0.199937,0.965761,1e-06,2e-06,1e-06,0.0,0.0,0.0,-0.593173,-0.132785,0.017388,0.362753,0.442416,0.834255,0.329056,-0.655046,0.551297,-0.516644,-0.612949,0.011958,0.789945,-0.000138,0.001123,0.000769,0.0,-0.0,-0.0,-1.12081,0.028513,0.032309,0.000745,-0.346383,-0.861764,0.370647,0.638071,-0.506064,-0.580312,0.687664,0.035489,0.72516,-9e-05,0.000726,0.000497,-2e-05,6.1e-05,-8e-05,-0.924186,0.083451,0.047949,-0.021997,-0.452539,0.84568,-0.282899,-0.840378,-0.510557,-0.181918,-0.298281,0.155417,0.941739,-2e-06,-4e-06,-2e-06,-2e-06,0.0,1e-06,-0.653345
3,0.093578,0.048688,0.436046,-0.549883,0.793809,-0.259886,-0.818583,-0.573967,-0.02135,-0.165437,0.200007,0.965741,-7.9e-05,-0.000268,-9.4e-05,0.0,0.0,0.0,-0.593128,-0.132744,0.017376,0.362777,0.44261,0.834148,0.329066,-0.655001,0.551458,-0.51653,-0.612857,0.012016,0.790016,-1e-06,4e-06,3e-06,0.0,-0.0,-0.0,-1.120243,0.028533,0.032305,0.000759,-0.34658,-0.861672,0.370678,0.638051,-0.506226,-0.580194,0.687584,0.035427,0.725238,2e-06,-2e-05,-1.3e-05,-2.6e-05,3.1e-05,-5.8e-05,-0.924349,0.083445,0.047942,-0.021993,-0.452328,0.845782,-0.282933,-0.840483,-0.510367,-0.181969,-0.298306,0.15549,0.941719,-5.2e-05,-0.000173,-6.1e-05,1.9e-05,-1e-06,-0.0,-0.653181
4,0.093593,0.048662,0.436066,-0.549635,0.793953,-0.259972,-0.81875,-0.57373,-0.021365,-0.165439,0.200117,0.965718,-0.0,-0.0,-0.0,0.0,0.0,0.0,-0.593023,-0.132752,0.017366,0.362795,0.442582,0.834166,0.329058,-0.655049,0.551431,-0.516497,-0.612826,0.011977,0.79004,-1.1e-05,9.1e-05,6.2e-05,0.0,-0.0,-0.0,-1.12072,0.028529,0.0323,0.000767,-0.346549,-0.86169,0.370666,0.638101,-0.506193,-0.580167,0.687553,0.035466,0.725266,-6e-06,3.6e-05,2.3e-05,-2.1e-05,2.4e-05,-2.9e-05,-0.924512,0.083453,0.047929,-0.021984,-0.452061,0.845912,-0.28297,-0.840629,-0.510117,-0.181992,-0.298298,0.155601,0.941703,1e-06,4e-06,0.0,0.01058,-0.073492,0.184511,-0.653181
5,0.093594,0.048649,0.436092,-0.549654,0.79395,-0.259943,-0.818753,-0.573727,-0.021286,-0.165359,0.200138,0.965727,0.000341,0.001155,0.000407,0.0,0.0,0.0,-0.592615,-0.132752,0.017365,0.362806,0.442587,0.834164,0.329056,-0.655063,0.551434,-0.516476,-0.612807,0.011967,0.790055,-5e-06,4.2e-05,2.9e-05,0.0,-0.0,-0.0,-1.120352,0.028529,0.0323,0.000773,-0.346554,-0.861688,0.370664,0.638118,-0.506195,-0.580147,0.687535,0.035475,0.725283,-2e-06,8e-06,4e-06,-6e-06,3.5e-05,-2.1e-05,-0.924186,0.083452,0.04792,-0.021972,-0.452084,0.845908,-0.282945,-0.840645,-0.51012,-0.181914,-0.298219,0.155616,0.941725,0.000229,0.000785,0.000276,0.0,-2.2e-05,-8e-06,-0.653181
6,0.093583,0.048623,0.436123,-0.5496,0.793989,-0.259936,-0.818806,-0.573655,-0.021209,-0.165276,0.200189,0.965731,0.0,0.0,0.0,0.0,0.0,0.0,-0.592184,-0.13274,0.017344,0.362803,0.442688,0.834109,0.329062,-0.65503,0.551517,-0.516428,-0.61277,0.012004,0.790084,8.4e-05,-0.000689,-0.000471,0.0,-0.0,0.0,-1.119905,0.028535,0.03229,0.000772,-0.346656,-0.86164,0.370681,0.638097,-0.50628,-0.580096,0.687503,0.035437,0.725315,4.6e-05,-0.000387,-0.000264,-7e-06,2e-06,-2.8e-05,-0.924349,0.083448,0.04791,-0.021955,-0.45203,0.845942,-0.282928,-0.840704,-0.510048,-0.181841,-0.298134,0.155661,0.941745,-2e-06,-4e-06,-0.0,1.1e-05,1e-05,4e-06,-0.653018
7,0.093561,0.048576,0.436168,-0.549364,0.794136,-0.259988,-0.81898,-0.573407,-0.021149,-0.165197,0.200315,0.965718,-1.8e-05,-6.2e-05,-2.2e-05,0.0,0.0,0.0,-0.592226,-0.132744,0.017303,0.362824,0.442595,0.834165,0.329043,-0.655144,0.551434,-0.516373,-0.612715,0.011907,0.790128,0.001399,-0.010697,0.008656,-0.036283,0.00673,-0.020234,-1.119468,0.028532,0.032272,0.000778,-0.346575,-0.861683,0.370658,0.638185,-0.506202,-0.580067,0.687462,0.035511,0.72535,-2e-06,1e-05,8e-06,-1e-05,3e-06,-2.3e-05,-0.924512,0.083437,0.047886,-0.021933,-0.451779,0.846075,-0.282933,-0.84087,-0.509792,-0.181792,-0.298047,0.155781,0.941752,-9e-06,-2.6e-05,-7e-06,1e-06,-2e-06,-5e-06,-0.652691
8,0.093569,0.048554,0.4362,-0.549129,0.794274,-0.260058,-0.819143,-0.573176,-0.021135,-0.16517,0.200427,0.965699,4.8e-05,0.000163,5.8e-05,0.010591,-0.073417,0.184536,-0.592417,-0.132736,0.017319,0.362834,0.442654,0.834132,0.329048,-0.655115,0.551484,-0.516357,-0.612704,0.011936,0.790136,-8.2e-05,0.000666,0.000456,0.0,0.0,0.0,-1.119497,0.028537,0.032275,0.000786,-0.346622,-0.861661,0.370664,0.638186,-0.506239,-0.580034,0.687438,0.0355,0.725374,-5.4e-05,0.000444,0.000305,-3e-06,1e-06,-2.3e-05,-0.924512,0.083441,0.047875,-0.021917,-0.451662,0.846138,-0.282932,-0.840957,-0.509666,-0.181739,-0.297978,0.15585,0.941763,3e-05,0.000106,3.9e-05,1.3e-05,-1.2e-05,-5e-06,-0.652855
9,0.093586,0.048529,0.43623,-0.548998,0.794355,-0.260089,-0.819243,-0.573035,-0.021084,-0.165112,0.200509,0.965692,4e-06,1.4e-05,5e-06,0.0,0.0,0.0,-0.592401,-0.132708,0.017329,0.36285,0.442743,0.834082,0.329055,-0.655087,0.551558,-0.516312,-0.612668,0.011967,0.790162,-3e-06,2.3e-05,1.6e-05,0.0,0.0,0.0,-1.119248,0.028551,0.032282,0.000795,-0.346712,-0.861618,0.370679,0.638169,-0.506314,-0.579987,0.687408,0.035468,0.725404,-0.0,-5e-06,-5e-06,-1.1e-05,-2e-06,-6e-06,-0.924512,0.083449,0.047863,-0.021902,-0.45139,0.846273,-0.282964,-0.841115,-0.509406,-0.181741,-0.297946,0.15597,0.941754,-2e-06,-1e-06,-0.0,-4e-06,3e-06,-3e-06,-0.652691
10,0.09359,0.048531,0.436251,-0.548987,0.794366,-0.26008,-0.819259,-0.573012,-0.02104,-0.165066,0.20053,0.965696,0.000116,0.000394,0.000139,0.0,0.0,0.0,-0.592708,-0.132694,0.017299,0.362865,0.442835,0.834033,0.329055,-0.655092,0.551632,-0.516226,-0.612596,0.011975,0.790218,2.1e-05,-0.000175,-0.00012,0.0,0.0,0.0,-1.118539,0.028558,0.032267,0.000802,-0.346807,-0.861576,0.370689,0.638188,-0.506387,-0.579902,0.687343,0.035455,0.725467,1.2e-05,-0.000115,-8.1e-05,-8e-06,-4e-06,-2e-06,-0.924839,0.083451,0.047863,-0.021891,-0.451379,0.846282,-0.282952,-0.841137,-0.509385,-0.181698,-0.2979,0.155987,0.941765,7.1e-05,0.000243,8.6e-05,-2e-06,-9e-06,-9e-06,-0.652692
11,0.093593,0.048573,0.436266,-0.548795,0.794473,-0.260156,-0.819376,-0.572843,-0.021109,-0.165123,0.200589,0.965674,0.000339,0.00115,0.000405,0.0,0.0,0.0,-0.592302,-0.132681,0.017268,0.362891,0.442804,0.834055,0.329042,-0.655175,0.551601,-0.516154,-0.61253,0.011909,0.790271,-9.2e-05,0.00075,0.000513,0.0,0.0,0.0,-1.117837,0.028565,0.032249,0.000813,-0.346776,-0.861596,0.370673,0.638276,-0.50635,-0.579839,0.687277,0.035517,0.725526,-7.6e-05,0.000604,0.000413,1e-06,1e-06,1e-06,-0.924676,0.083453,0.047883,-0.021884,-0.451172,0.846379,-0.282992,-0.84123,-0.509204,-0.181772,-0.297949,0.156052,0.941739,0.000215,0.000732,0.000259,1.5e-05,-2e-06,-1e-06,-0.652691
12,0.093607,0.048594,0.436263,-0.548728,0.794508,-0.260193,-0.819412,-0.57279,-0.021156,-0.165168,0.200604,0.965663,0.000133,0.000449,0.000158,0.0,0.0,0.0,-0.591845,-0.132674,0.017291,0.362905,0.442882,0.83401,0.329049,-0.655137,0.551667,-0.516132,-0.612515,0.011947,0.790282,-0.000155,0.001262,0.000863,0.0,0.0,0.0,-1.118388,0.028568,0.03226,0.000821,-0.346855,-0.861557,0.370688,0.638244,-0.506418,-0.579813,0.687266,0.035478,0.725538,0.006338,0.001643,0.00054,0.002031,-0.01522,0.029241,-0.924676,0.08346,0.047896,-0.021885,-0.451097,0.846411,-0.283016,-0.841255,-0.509145,-0.18182,-0.297991,0.15607,0.941722,7.2e-05,0.000248,8.8e-05,5e-06,2e-06,-0.0,-0.652365
13,0.093666,0.048621,0.436259,-0.54828,0.794751,-0.260395,-0.819679,-0.572401,-0.021336,-0.165332,0.20075,0.965605,0.000266,0.000903,0.000318,0.0,0.0,0.0,-0.591536,-0.132661,0.01735,0.362967,0.443085,0.833897,0.329062,-0.65507,0.551836,-0.516036,-0.612439,0.012023,0.790339,-0.000244,0.001983,0.001356,0.0,0.0,0.0,-1.117856,0.028575,0.032289,0.000851,-0.347045,-0.861468,0.370718,0.638207,-0.506575,-0.579717,0.687204,0.035407,0.7256,-6.5e-05,0.000516,0.000353,1.5e-05,1.1e-05,4e-06,-0.924676,0.083489,0.047908,-0.021888,-0.450609,0.846632,-0.283133,-0.841466,-0.508729,-0.182011,-0.298134,0.156231,0.941651,0.000197,0.000671,0.000236,-3e-06,3e-06,-3e-06,-0.652201
14,0.093715,0.048609,0.436251,-0.547914,0.79495,-0.260557,-0.819901,-0.572079,-0.021463,-0.165446,0.200878,0.965559,-0.000148,-0.000504,-0.000177,0.0,0.0,0.0,-0.592034,-0.132638,0.017397,0.362997,0.443132,0.83387,0.329067,-0.655046,0.551877,-0.516023,-0.61243,0.012046,0.790346,-0.000183,0.001488,0.001017,0.0,0.0,0.0,-1.118242,0.028586,0.032315,0.000868,-0.347112,-0.861435,0.370732,0.63818,-0.506633,-0.579696,0.687195,0.035374,0.72561,-9.5e-05,0.000781,0.000535,0.0,-1e-05,-9e-06,-0.924839,0.083515,0.047905,-0.02189,-0.450212,0.846813,-0.283224,-0.841645,-0.508385,-0.182146,-0.298231,0.15637,0.941597,-0.000107,-0.000361,-0.000126,9e-06,0.0,2e-06,-0.652365
15,0.093724,0.048635,0.43621,-0.547728,0.795041,-0.260669,-0.819988,-0.571946,-0.021649,-0.165626,0.200895,0.965524,-0.000178,-0.000603,-0.000212,0.0,0.0,0.0,-0.592171,-0.132624,0.017443,0.363027,0.443288,0.833782,0.329082,-0.65497,0.552008,-0.51598,-0.6124,0.012123,0.790368,-0.000232,0.001887,0.001289,0.001844,-0.013747,0.025259,-1.118037,0.028593,0.032336,0.000881,-0.347252,-0.861367,0.370758,0.638125,-0.506753,-0.579651,0.687176,0.035305,0.725631,-2.8e-05,0.000226,0.000156,-4e-06,-6e-06,0.0,-0.924839,0.083519,0.047917,-0.021911,-0.450006,0.846897,-0.283301,-0.841695,-0.508235,-0.182334,-0.298402,0.156401,0.941538,0.000246,0.004329,-0.005169,0.034976,-0.016707,0.016423,-0.652528
16,0.093723,0.048648,0.436184,-0.547709,0.795045,-0.260697,-0.819985,-0.571948,-0.021729,-0.165706,0.200874,0.965515,-9.5e-05,-0.000322,-0.000113,0.0,0.0,0.0,-0.592604,-0.132623,0.017513,0.363014,0.443449,0.833685,0.32911,-0.654805,0.552151,-0.516036,-0.61246,0.012267,0.790319,-0.000318,0.002586,0.001766,0.001844,-0.01375,0.025257,-1.117884,0.028594,0.032369,0.000873,-0.347416,-0.861282,0.370802,0.637967,-0.506907,-0.579691,0.68724,0.035166,0.725577,0.005635,0.006994,-0.003787,0.038336,-0.021917,0.04949,-0.924839,0.083518,0.047923,-0.021924,-0.449983,0.846901,-0.283326,-0.841679,-0.508233,-0.182412,-0.298481,0.156387,0.941515,-6.9e-05,-0.00024,-8.5e-05,-1e-05,7e-06,-2e-06,-0.652691
17,0.093744,0.04877,0.436015,-0.547343,0.795199,-0.260994,-0.820101,-0.571757,-0.022365,-0.166336,0.200807,0.96542,0.000285,0.007974,-0.010573,0.034963,-0.016721,0.016422,-0.587965,-0.132535,0.018358,0.36264,0.442767,0.832992,0.331772,-0.661736,0.553339,-0.505821,-0.605457,0.003351,0.795785,0.007757,0.04088,-0.02111,0.044616,0.118822,0.214019,-1.110122,0.028632,0.032758,0.000701,-0.346683,-0.860564,0.373147,0.646081,-0.507485,-0.570119,0.679991,0.043433,0.731931,-0.003324,0.025592,-0.014434,-0.008026,0.202096,0.276022,-0.924676,0.083525,0.04798,-0.022,-0.449598,0.847036,-0.283532,-0.841688,-0.508012,-0.182988,-0.299035,0.156375,0.941341,-2.3e-05,-8.7e-05,-3.2e-05,7e-06,-8e-06,1e-06,-0.652202
18,0.094134,0.049407,0.435062,-0.561031,0.782088,-0.271344,-0.80943,-0.586909,-0.01825,-0.172836,0.208419,0.962661,0.023567,0.028403,-0.044947,-0.075159,-0.395492,0.004226,-0.473276,-0.13225,0.021503,0.360675,0.451046,0.815838,0.361881,-0.6785,0.576933,-0.454665,-0.580254,-0.041504,0.813293,0.010469,0.118029,-0.0808,-2.927561,0.461002,1.135482,-1.100398,0.028775,0.034324,-0.000263,-0.353798,-0.844636,0.401765,0.667347,-0.528925,-0.524294,0.655342,0.082623,0.750799,0.005169,0.059657,-0.039993,-0.96064,1.079237,0.914688,-0.921736,0.083711,0.048286,-0.022451,-0.462393,0.835778,-0.296084,-0.832738,-0.524027,-0.178725,-0.304531,0.163919,0.938291,0.011763,0.01408,-0.022523,-0.19448,-0.601588,-0.207897,-0.618074
19,0.094644,0.050148,0.433867,-0.582628,0.760273,-0.28736,-0.790469,-0.612236,-0.017294,-0.188361,0.216123,0.958039,0.036054,0.059126,-0.088148,-0.040795,-0.703131,-0.696806,-0.451274,-0.132243,0.024125,0.358681,0.447773,0.803076,0.393141,-0.684676,0.590804,-0.426735,-0.575507,-0.079119,0.813877,-0.007141,0.151617,-0.119688,-0.386669,1.911826,0.678751,-1.099696,0.028779,0.035695,-0.00128,-0.348856,-0.830207,0.434804,0.678704,-0.543741,-0.493666,0.646266,0.122885,0.753152,-0.003495,0.075397,-0.060142,-0.420409,2.066179,0.775559,-0.916185,0.083967,0.048662,-0.023046,-0.482338,0.816861,-0.316366,-0.815961,-0.55035,-0.176978,-0.318679,0.172779,0.931982,0.017629,0.024586,-0.039178,0.065083,-0.934376,-1.959039,-0.577578
20,0.096494,0.053746,0.42872,-0.631348,0.687558,-0.358759,-0.732355,-0.680716,-0.015927,-0.254384,0.251824,0.933756,0.050409,0.124866,-0.170849,1.337927,-3.575062,0.053258,-0.525567,-0.133078,0.030823,0.352493,0.430904,0.766394,0.476396,-0.693548,0.619066,-0.368351,-0.577738,-0.172656,0.797667,-0.039389,0.198985,-0.193413,-0.208208,2.96242,0.84251,-1.083766,0.028371,0.038997,-0.004282,-0.327592,-0.793344,0.513115,0.695441,-0.570091,-0.437443,0.639565,0.213539,0.738482,-0.01882,0.093215,-0.09315,-0.337716,2.632838,0.959037,-0.913899,0.084888,0.050444,-0.025585,-0.526193,0.752438,-0.396177,-0.763015,-0.623444,-0.170657,-0.375403,0.212491,0.902174,0.031005,0.065429,-0.091401,-0.485342,-1.804324,-0.42691,-0.568107
21,0.098904,0.059216,0.420034,-0.648393,0.609582,-0.456115,-0.688105,-0.725542,0.008403,-0.325008,0.318541,0.890465,0.055212,0.149868,-0.252,-0.901164,-2.708403,-0.651729,-0.684878,-0.134749,0.038611,0.344104,0.438271,0.709454,0.551892,-0.697261,0.65585,-0.289172,-0.567637,-0.25898,0.781396,-0.053039,0.206645,-0.230774,-2.285611,1.006931,2.610911,-0.688364,0.027518,0.042973,-0.008544,-0.329617,-0.735563,0.59186,0.709355,-0.606643,-0.358884,0.62303,0.301545,0.721736,-0.026252,0.101744,-0.116457,-2.256517,1.001067,2.57554,-0.749955,0.086104,0.05322,-0.029879,-0.532426,0.681982,-0.501419,-0.725291,-0.672964,-0.145161,-0.436435,0.286387,0.852939,0.032819,0.07223,-0.127406,-0.955217,-2.792419,-0.679664,-0.663958
22,0.100232,0.062098,0.4146,-0.653414,0.567161,-0.501421,-0.670292,-0.741256,0.034927,-0.351065,0.35821,0.865139,0.073777,0.147109,-0.278591,-0.839991,-2.99404,-0.347472,-0.710465,-0.13575,0.042516,0.339499,0.457311,0.671977,0.5825,-0.691334,0.680661,-0.242265,-0.55983,-0.292765,0.775075,-0.064111,0.195149,-0.235912,-0.038976,1.998147,1.801897,-0.498324,0.027041,0.044852,-0.010757,-0.348477,-0.700214,0.623106,0.710725,-0.630801,-0.311382,0.611091,0.334348,0.71748,-0.025533,0.096868,-0.119008,-0.498004,1.422435,2.182635,-0.65394,0.086738,0.054611,-0.032479,-0.534205,0.643454,-0.548261,-0.71262,-0.691657,-0.117397,-0.454749,0.327988,0.828026,0.036495,0.071415,-0.140188,-0.762301,-2.810727,-0.340267,-0.705761
23,0.102892,0.067499,0.403663,-0.655888,0.503061,-0.562837,-0.661393,-0.742327,0.107156,-0.363093,0.441909,0.820309,0.069358,0.130116,-0.281116,-0.616698,-2.685328,-0.589819,-0.704797,-0.138181,0.048902,0.330278,0.430777,0.643656,0.632559,-0.737194,0.655285,-0.164565,-0.520945,-0.396242,0.755958,-0.068689,0.133712,-0.229422,-3.596833,2.062906,-2.612754,-0.29259,0.025827,0.048073,-0.015366,-0.322407,-0.666357,0.672326,0.75854,-0.606756,-0.237619,0.566277,0.433376,0.701081,-0.033357,0.060008,-0.11172,-0.975611,1.413468,0.857047,-0.510897,0.088088,0.057355,-0.038057,-0.53036,0.582321,-0.616132,-0.715378,-0.697392,-0.043332,-0.454919,0.417786,0.786449,0.034923,0.068571,-0.145772,-0.493439,-2.635836,-0.498432,-0.735806
24,0.105384,0.072153,0.392516,-0.651409,0.428392,-0.626252,-0.645909,-0.746146,0.161365,-0.397344,0.50908,0.763532,0.063949,0.094476,-0.2665,-0.250796,-2.986776,-0.67482,-0.528655,-0.140621,0.052569,0.321644,0.402776,0.627785,0.666069,-0.778255,0.617899,-0.111596,-0.482102,-0.474215,0.736587,-0.05987,0.061606,-0.204317,-1.072507,0.626156,0.767287,-0.153109,0.024629,0.049898,-0.01963,-0.290542,-0.650284,0.701936,0.802774,-0.564859,-0.191014,0.520709,0.507999,0.686147,-0.023514,0.031053,-0.102437,-0.989643,0.557735,0.85755,-0.421414,0.089309,0.05965,-0.043538,-0.522814,0.513771,-0.680222,-0.708982,-0.705118,0.012343,-0.473296,0.488719,0.732901,0.026837,0.052185,-0.137511,-0.474939,-2.21257,-1.028475,-0.677185
25,0.106457,0.073649,0.387648,-0.643269,0.400636,-0.652488,-0.645837,-0.741627,0.181262,-0.410488,0.537499,0.736628,0.049727,0.069338,-0.249858,-0.597879,-2.145405,-1.135285,-0.444245,-0.14168,0.053389,0.317991,0.387066,0.629663,0.67357,-0.802527,0.589739,-0.089956,-0.454333,-0.506531,0.732715,-0.055776,0.026592,-0.184166,-4.522825,0.34284,-2.302488,-0.092197,0.024078,0.050324,-0.02155,-0.274434,-0.650009,0.708642,0.826505,-0.536111,-0.171675,0.491501,0.538583,0.684363,-0.027643,0.012223,-0.092797,-2.871582,-1.205652,1.794971,-0.349566,0.089873,0.060438,-0.04608,-0.509859,0.485589,-0.710102,-0.711724,-0.701768,0.031134,-0.483209,0.521271,0.703409,0.030198,0.032317,-0.126198,-0.527252,-2.053986,-1.039418,-0.60844
26,0.108416,0.074819,0.378699,-0.607927,0.358379,-0.708544,-0.661967,-0.721514,0.202951,-0.437741,0.591963,0.676749,0.042348,-0.003528,-0.204143,-0.346261,-1.969865,0.29527,-0.372785,-0.143505,0.053588,0.31169,0.33179,0.658871,0.675126,-0.871158,0.488536,-0.048474,-0.362154,-0.572884,0.735195,-0.038231,-0.016397,-0.140982,-5.031182,0.528885,-4.088074,0.016521,0.02315,0.0504,-0.024795,-0.216162,-0.676414,0.704086,0.893853,-0.427229,-0.136016,0.39281,0.599948,0.696965,-0.018951,-0.008059,-0.070254,-5.076739,0.618595,-4.047815,-0.230527,0.090867,0.061033,-0.050655,-0.468863,0.441358,-0.765094,-0.729608,-0.681741,0.053842,-0.497834,0.583463,0.641662,0.021118,-0.002584,-0.102445,-0.279641,-1.957416,0.384231,-0.516834
27,0.109345,0.073518,0.371624,-0.558607,0.342734,-0.755339,-0.699694,-0.683735,0.207141,-0.444769,0.643788,0.622692,0.004678,-0.058582,-0.152034,-1.098399,-1.194004,1.523471,-0.362784,-0.145237,0.051778,0.307164,0.25111,0.68453,0.684364,-0.939274,0.343067,0.00166,-0.23394,-0.644074,0.728219,-0.04474,-0.075033,-0.091342,-1.992793,0.609088,-0.26942,0.154053,0.022315,0.049541,-0.026998,-0.135321,-0.696832,0.704352,0.954965,-0.281191,-0.094719,0.264061,0.659814,0.703502,-0.022982,-0.031094,-0.048485,-4.67784,0.730056,-3.320978,-0.076055,0.091323,0.060405,-0.054089,-0.418873,0.422819,-0.803597,-0.761351,-0.645824,0.057047,-0.494862,0.635716,0.592432,0.002476,-0.029243,-0.075918,-0.416934,-1.279842,-0.116726,-0.489891
28,0.108833,0.070843,0.366728,-0.49251,0.355237,-0.794535,-0.749713,-0.636806,0.179943,-0.441437,0.683853,0.580952,-0.030074,-0.090687,-0.102609,-0.418937,-2.271985,3.437037,-0.284001,-0.146696,0.048213,0.304383,0.130793,0.700277,0.701781,-0.990208,0.126496,0.058487,-0.047962,-0.703426,0.709053,-0.039999,-0.124088,-0.050955,-5.785731,0.928732,-4.808918,0.218629,0.021557,0.047702,-0.028456,-0.011392,-0.703273,0.710828,0.997572,-0.056824,-0.040232,0.068686,0.708645,0.702213,-0.020002,-0.061748,-0.024991,-5.764262,1.047092,-4.838692,0.065682,0.091077,0.059034,-0.056625,-0.345515,0.435254,-0.831367,-0.806347,-0.59088,0.025767,-0.480023,0.679274,0.555124,-0.014422,-0.039682,-0.055188,-4.493042,0.34521,3.728323,-0.452824
29,0.108169,0.069148,0.364835,-0.461065,0.365563,-0.808596,-0.768696,-0.619754,0.15806,-0.442784,0.693984,0.567764,-0.040525,-0.090738,-0.09018,0.099553,-0.508636,0.725836,-0.219428,-0.147244,0.045879,0.303481,0.074218,0.69672,0.713488,-0.996593,0.026933,0.077529,0.034722,-0.717671,0.695418,-0.012594,-0.138582,-0.032942,-2.262136,0.766207,-0.496762,0.222117,0.021288,0.046585,-0.028897,0.047279,-0.696493,0.716003,0.998774,0.043454,-0.023681,-0.01462,0.716245,0.697694,-0.013446,-0.063938,-0.019514,-5.384643,0.430428,-4.620743,0.091971,0.090747,0.058182,-0.057579,-0.308346,0.445039,-0.84075,-0.82196,-0.569544,-2.6e-05,-0.478857,0.691055,0.541421,-0.020109,-0.045144,-0.044932,0.10895,-0.550829,0.883872,-0.420166
30,0.105981,0.065261,0.362171,-0.412036,0.372934,-0.831379,-0.788869,-0.602589,0.120599,-0.455499,0.705075,0.543522,-0.063476,-0.109976,-0.046739,-0.033208,-0.649479,0.986907,-0.141127,-0.147933,0.040405,0.302573,0.010933,0.673948,0.738692,-0.993235,-0.077792,0.085829,0.115309,-0.735461,0.667581,-0.012985,-0.13933,-0.017507,-0.605808,0.214948,-0.137428,0.221355,0.020944,0.04385,-0.029356,0.110011,-0.667739,0.73622,0.98877,0.148898,-0.012701,-0.101141,0.729351,0.676622,-0.005844,-0.075385,-0.005152,-1.227529,0.678427,-1.506775,0.109444,0.089684,0.056277,-0.058916,-0.257298,0.450336,-0.854981,-0.834627,-0.549484,-0.038252,-0.487026,0.703749,0.517244,-0.03667,-0.047484,-0.026087,0.004623,-0.651555,0.968299,-0.346522
31,0.102852,0.061296,0.360963,-0.377984,0.376959,-0.845621,-0.802256,-0.589207,0.095882,-0.461639,0.714176,0.526183,-0.084766,-0.106002,-0.017222,-0.104696,-0.392966,0.614409,-0.101415,-0.148556,0.03445,0.302775,-0.053415,0.647579,0.760118,-0.982658,-0.169257,0.075296,0.177496,-0.743707,0.644405,-0.024732,-0.15576,0.021612,-0.729624,0.195667,-0.681466,0.211466,0.020638,0.04092,-0.029287,0.173316,-0.63769,0.750541,0.971158,0.23736,-0.022591,-0.163743,0.73281,0.660436,-0.013114,-0.071316,0.008015,-4.536937,-0.106313,-4.107856,0.106504,0.088139,0.054284,-0.059543,-0.220734,0.4527,-0.863908,-0.843235,-0.533694,-0.064212,-0.490133,0.714304,0.499538,-0.042039,-0.051981,-0.00796,-0.100266,-0.501391,0.779016,-0.303413
32,0.09892,0.057706,0.360567,-0.350704,0.380685,-0.855646,-0.817925,-0.569451,0.081827,-0.45567,0.728077,0.512149,-0.106194,-0.086725,-0.006762,-0.123253,-0.194415,0.22531,-0.073875,-0.148796,0.029209,0.304078,-0.11707,0.631698,0.766319,-0.962062,-0.263474,0.070365,0.246512,-0.729781,0.637585,-0.000397,-0.128033,0.04468,-4.56681,-0.317142,-3.846972,0.224089,0.02051,0.038228,-0.028647,0.233954,-0.618169,0.750421,0.944918,0.326286,-0.025809,-0.228897,0.715125,0.660455,-0.000287,-0.063106,0.023165,-0.426741,0.178833,-0.558291,0.101932,0.086188,0.052489,-0.059746,-0.191687,0.454748,-0.869746,-0.855313,-0.51202,-0.079205,-0.481346,0.728723,0.4871,-0.059419,-0.047329,0.00173,-0.153726,-0.259165,0.354604,-0.277123
33,0.096742,0.056156,0.360542,-0.338656,0.384998,-0.858566,-0.82734,-0.556405,0.076774,-0.447739,0.735845,0.508025,-0.118655,-0.089773,0.005799,-0.181131,-0.136786,0.250477,-0.044221,-0.148772,0.026921,0.305101,-0.149984,0.62261,0.768019,-0.947685,-0.311807,0.067851,0.281916,-0.718423,0.635811,0.013429,-0.127339,0.062228,-0.69341,-0.028737,-0.61949,0.27015,0.020518,0.037084,-0.028142,0.269389,-0.605841,0.748589,0.92519,0.378573,-0.026559,-0.267305,0.699742,0.662501,-0.000784,-0.057247,0.028778,-1.581968,-0.029454,-1.579799,0.126752,0.085021,0.051653,-0.059762,-0.178447,0.458555,-0.870564,-0.863161,-0.497683,-0.085217,-0.472343,0.736231,0.484617,-0.059142,-0.044286,0.003314,-0.177944,-0.128629,0.251756,-0.261774
34,0.091795,0.053159,0.360688,-0.330786,0.381883,-0.863013,-0.83389,-0.546396,0.077781,-0.44144,0.744911,0.500266,-0.130759,-0.079943,0.011024,-0.159107,-0.049884,0.010602,0.011248,-0.148465,0.022554,0.307886,-0.194124,0.608153,0.769713,-0.923594,-0.377632,0.065585,0.330806,-0.698912,0.633998,0.012072,-0.109166,0.07987,-0.655072,-0.11189,-0.600289,0.368008,0.020671,0.034901,-0.026749,0.312101,-0.588194,0.746069,0.896399,0.442474,-0.026146,-0.314738,0.676936,0.665354,0.005285,-0.047787,0.037179,-1.486885,-0.277877,-1.373523,0.244322,0.082598,0.050193,-0.059689,-0.170274,0.454851,-0.874137,-0.869051,-0.487474,-0.08437,-0.464495,0.745304,0.478293,-0.07059,-0.032785,0.002584,-0.120484,-0.028458,0.008555,-0.215889
35,0.086588,0.05043,0.361093,-0.316848,0.388004,-0.865509,-0.854503,-0.512764,0.082888,-0.411254,0.765359,0.495099,-0.130553,-0.071819,0.015332,-0.197316,-0.058672,0.058886,0.0301,-0.148106,0.018601,0.311196,-0.223085,0.595375,0.771851,-0.900857,-0.428331,0.070175,0.372674,-0.680397,0.630902,0.011422,-0.100308,0.088717,-1.641463,-0.048934,-1.181868,0.406373,0.020851,0.032936,-0.025083,0.339632,-0.573793,0.745258,0.871291,0.490377,-0.019514,-0.354261,0.655965,0.666489,0.00558,-0.049693,0.04475,-4.623971,-0.304539,-3.623537,0.332662,0.079995,0.048827,-0.059487,-0.155802,0.460097,-0.87409,-0.888022,-0.452778,-0.080045,-0.432599,0.763741,0.479121,-0.064599,-0.030399,0.003653,-0.248221,0.075421,-0.052521,-0.178169
36,0.083977,0.049148,0.361365,-0.304136,0.392243,-0.868155,-0.867517,-0.490537,0.08222,-0.393242,0.777656,0.49055,-0.11798,-0.069684,0.016341,-0.58071,-0.015612,0.323165,0.036252,-0.147777,0.016709,0.312962,-0.235065,0.589821,0.772559,-0.889935,-0.450129,0.073028,0.391126,-0.671078,0.629713,0.024873,-0.095961,0.091535,-0.360316,0.051119,-0.107849,0.407597,0.021019,0.031957,-0.024162,0.352243,-0.56685,0.744717,0.858181,0.513117,-0.015346,-0.373429,0.644508,0.667202,0.012343,-0.047554,0.046167,-0.356602,0.053852,-0.106246,0.35144,0.078685,0.048185,-0.059352,-0.142741,0.463394,-0.87458,-0.899149,-0.430059,-0.081115,-0.413709,0.7748,0.478047,-0.064205,-0.027565,0.005283,-1.564554,0.239848,0.73486,-0.167065
37,0.079501,0.047011,0.361878,-0.26378,0.402664,-0.876543,-0.89338,-0.44461,0.064542,-0.363411,0.79961,0.478104,-0.115373,-0.050141,0.013098,-0.151414,-0.213061,0.380699,0.043913,-0.146908,0.013218,0.316466,-0.260549,0.571824,0.777897,-0.867066,-0.492888,0.072049,0.424947,-0.65641,0.623225,0.023486,-0.081349,0.087258,-0.215618,0.204128,-0.242567,0.414029,0.021445,0.030249,-0.022437,0.376641,-0.547242,0.74744,0.832483,0.553873,-0.013974,-0.40634,0.627495,0.664181,0.012264,-0.045942,0.047873,0.044502,0.638843,-0.637541,0.364013,0.076446,0.047109,-0.059094,-0.100874,0.471814,-0.875907,-0.919222,-0.380994,-0.099363,-0.380596,0.795131,0.472135,-0.05158,-0.026425,0.005767,-0.224003,-0.576523,1.021408,-0.149756
38,0.075817,0.045169,0.362336,-0.225077,0.40732,-0.885142,-0.915185,-0.400064,0.048557,-0.334064,0.820491,0.463922,-0.089489,-0.048202,0.01413,-0.236533,-0.212747,0.453209,0.064354,-0.14591,0.010473,0.319911,-0.290534,0.552071,0.781536,-0.83656,-0.542968,0.072707,0.464857,-0.633347,0.618581,0.021661,-0.061632,0.087355,-0.67373,-0.02389,-0.356855,0.442407,0.021944,0.028865,-0.020718,0.405102,-0.525424,0.748212,0.798973,0.601277,-0.010344,-0.444448,0.601992,0.663378,0.010734,-0.030342,0.044091,-1.598951,-0.137026,-1.055079,0.391283,0.074594,0.046188,-0.058864,-0.061179,0.47409,-0.878348,-0.935447,-0.334163,-0.115209,-0.348131,0.8146,0.463929,-0.044075,-0.018776,0.002878,-0.515981,-0.085007,0.432412,-0.131468
39,0.074321,0.044325,0.362491,-0.213088,0.409383,-0.887155,-0.921781,-0.385217,0.043584,-0.323648,0.82654,0.460553,-0.075659,-0.038615,0.004882,-0.07048,-0.135566,0.234385,0.082155,-0.145592,0.009356,0.321619,-0.30557,0.541056,0.783503,-0.816779,-0.571804,0.076463,0.489767,-0.617239,0.615636,0.007742,-0.060509,0.089883,-1.674397,0.069661,-0.984329,0.452118,0.022109,0.028308,-0.019862,0.419179,-0.513893,0.748466,0.778417,0.627726,-0.00496,-0.467283,0.584699,0.663153,0.003116,-0.023876,0.041585,-4.730742,-0.041047,-3.439854,0.409408,0.073814,0.045752,-0.058779,-0.048574,0.475408,-0.878422,-0.940335,-0.318286,-0.120261,-0.336763,0.82017,0.462503,-0.037719,-0.018981,0.002707,-0.066947,-0.137269,0.231843,-0.113833
40,0.072103,0.042775,0.362657,-0.18784,0.414084,-0.890671,-0.935875,-0.350618,0.034307,-0.297854,0.839487,0.454502,-0.049545,-0.038832,0.004773,-0.068221,-0.193577,0.343647,0.089653,-0.145397,0.007363,0.324907,-0.33578,0.511601,0.790891,-0.781659,-0.619801,0.069213,0.526027,-0.595584,0.606992,-0.007298,-0.050181,0.082605,-0.270903,0.126488,-0.244657,0.4559,0.022208,0.027297,-0.018178,0.448294,-0.481511,0.753113,0.738201,0.674531,-0.008149,-0.504075,0.559602,0.65784,-0.003708,-0.025111,0.04129,-0.273141,0.11722,-0.237434,0.427534,0.072704,0.044975,-0.058696,-0.022844,0.478445,-0.877819,-0.950596,-0.282298,-0.129126,-0.309586,0.831503,0.461257,-0.024693,-0.019187,0.002575,-0.064666,-0.195883,0.341724,-0.086726
41,0.070783,0.041494,0.362618,-0.174217,0.416681,-0.892227,-0.94348,-0.330022,0.030041,-0.281729,0.846515,0.451739,-0.021879,-0.029211,-0.004265,-0.034059,-0.0225,0.052308,0.078424,-0.145724,0.005824,0.32769,-0.359485,0.479922,0.800273,-0.751665,-0.657067,0.056534,0.553416,-0.581792,0.595913,-0.009425,-0.032636,0.062223,-0.194208,0.134206,-0.244231,0.457775,0.022051,0.02656,-0.016826,0.470323,-0.448573,0.759985,0.704837,0.70915,-0.017626,-0.531037,0.543956,0.6497,-0.004793,-0.015893,0.031496,-0.196774,0.114362,-0.215896,0.431453,0.072061,0.044357,-0.058712,-0.009128,0.480127,-0.87715,-0.956098,-0.261133,-0.132988,-0.292905,0.837428,0.461432,-0.016802,-0.012279,-0.000619,-0.031995,-0.024095,0.045879,-0.089502
42,0.070102,0.040641,0.362493,-0.170466,0.425653,-0.88871,-0.951119,-0.306735,0.035464,-0.257299,0.850787,0.458243,-0.007041,-0.02551,-0.001628,-0.326135,0.432501,-0.498443,0.077526,-0.146243,0.004521,0.329877,-0.37757,0.459631,0.803848,-0.728296,-0.68347,0.04886,0.572336,-0.567543,0.591768,-0.008972,-0.038709,0.056852,-0.590983,0.102996,-0.542792,0.455494,0.021787,0.025903,-0.015704,0.487178,-0.427169,0.761697,0.679257,0.733537,-0.023073,-0.548877,0.528629,0.647521,-0.004507,-0.019607,0.028202,-1.555152,0.05324,-1.216789,0.431779,0.071706,0.043917,-0.058778,-0.004564,0.488525,-0.872536,-0.962885,-0.237624,-0.128006,-0.26987,0.839569,0.471479,-0.009399,-0.010444,0.000675,-1.01843,1.629033,-2.104052,-0.095707
43,0.069929,0.040324,0.362441,-0.167322,0.431072,-0.886694,-0.954656,-0.29542,0.036467,-0.246027,0.852054,0.462061,-0.005374,-0.0211,0.001374,-0.000542,0.233482,-0.001141,0.077089,-0.146475,0.003789,0.330917,-0.38176,0.455759,0.804073,-0.724705,-0.687491,0.045744,0.57412,-0.565799,0.59171,-0.010012,-0.030218,0.046433,-0.089542,-0.025526,-0.322088,0.457019,0.021675,0.025548,-0.015201,0.490686,-0.422857,0.761852,0.674872,0.737499,-0.025324,-0.551157,0.526579,0.647255,-0.004439,-0.020589,0.027362,-0.070451,-0.132088,-0.41267,0.431289,0.071617,0.043755,-0.058806,-0.002161,0.493388,-0.869806,-0.965939,-0.226099,-0.125852,-0.258756,0.839909,0.477071,-0.00182,-0.004782,-0.003273,-0.012447,0.284592,0.085014,-0.09685
44,0.069873,0.03995,0.362399,-0.159672,0.439739,-0.883844,-0.959907,-0.278075,0.035003,-0.230192,0.853451,0.467611,-0.000832,-0.002188,-0.001504,0.026948,0.069803,0.041781,0.08649,-0.146983,0.002506,0.332758,-0.404418,0.442014,0.800662,-0.702511,-0.710631,0.037613,0.586107,-0.547792,0.596879,-0.010026,-0.030239,0.046426,-0.043531,-0.205843,-0.200279,0.460315,0.021418,0.024885,-0.014266,0.512172,-0.407397,0.756113,0.650203,0.75911,-0.031419,-0.561173,0.507719,0.653685,-0.011918,-0.016026,0.02314,-0.011304,-0.249298,-0.30047,0.434882,0.071587,0.043559,-0.058827,0.005643,0.501822,-0.864952,-0.969728,-0.208414,-0.127243,-0.244122,0.839486,0.485455,-0.000339,-0.000888,-0.00061,0.028082,0.053182,0.029627,-0.090972
45,0.070084,0.039961,0.362433,-0.159622,0.447229,-0.880086,-0.961485,-0.272455,0.035874,-0.223549,0.851361,0.474591,0.001396,0.003682,0.002528,0.114548,0.297409,0.17799,0.093614,-0.147336,0.001554,0.334559,-0.417494,0.440577,0.794722,-0.694218,-0.718915,0.034,0.58684,-0.538043,0.604973,0.003506,-0.025656,0.04898,-0.09899,-0.092581,-0.088703,0.459645,0.021237,0.024401,-0.013371,0.524978,-0.405072,0.748541,0.640988,0.766769,-0.034612,-0.559938,0.497977,0.662184,-0.00578,-0.007795,0.020651,-0.073152,-0.06563,-0.087381,0.436351,0.071693,0.043566,-0.058809,0.005033,0.507719,-0.861507,-0.971174,-0.202836,-0.125213,-0.238317,0.837304,0.492063,0.000948,0.002499,0.001711,0.176843,0.47414,0.334229,-0.080685
46,0.070195,0.040038,0.362488,-0.161743,0.448041,-0.879286,-0.96143,-0.272359,0.038012,-0.222257,0.850964,0.475908,0.001884,0.004972,0.00341,-0.089621,0.148827,-0.177949,0.094657,-0.147322,0.001262,0.335377,-0.420099,0.440551,0.793362,-0.692834,-0.720284,0.033248,0.586619,-0.536229,0.606795,0.002236,-0.013697,0.041492,-0.101371,-0.012859,-0.014024,0.459973,0.021244,0.02425,-0.01296,0.527402,-0.404848,0.746957,0.639421,0.768051,-0.035194,-0.559453,0.496181,0.663939,0.001077,-0.006693,0.020886,-0.11777,0.013127,0.03537,0.436351,0.07175,0.043608,-0.05878,0.003496,0.509795,-0.860288,-0.971283,-0.202933,-0.124203,-0.237899,0.836018,0.494446,0.007357,0.001561,0.001168,-0.347151,0.482619,-0.621301,-0.077419
47,0.070378,0.040239,0.362662,-0.16156,0.453636,-0.876447,-0.961534,-0.272227,0.036284,-0.221939,0.848032,0.48126,0.002385,0.006305,0.004313,0.006349,0.001325,0.034378,0.09381,-0.146855,0.00102,0.336644,-0.422403,0.441423,0.791652,-0.691326,-0.721711,0.033698,0.586748,-0.533584,0.608998,0.027611,0.006881,0.020829,-0.028513,-0.0511,0.088761,0.465732,0.021462,0.024126,-0.01232,0.529282,-0.405448,0.745299,0.63783,0.769408,-0.034398,-0.559493,0.493581,0.665841,0.00695,0.002207,0.010048,-0.034463,-0.015546,0.038732,0.439944,0.071843,0.043712,-0.05869,0.003422,0.51537,-0.85696,-0.971113,-0.202754,-0.125813,-0.238593,0.832637,0.499788,0.000395,-0.002426,0.006253,-0.033828,0.005036,-0.025773,-0.075296
48,0.070449,0.040312,0.362914,-0.155857,0.461911,-0.873151,-0.963364,-0.266346,0.030997,-0.218056,0.84542,0.48759,0.00167,0.004417,0.003015,0.032022,0.08365,0.050002,0.091238,-0.145963,0.001382,0.337112,-0.41652,0.444064,0.79329,-0.69242,-0.720349,0.039821,0.58965,-0.533236,0.606494,0.026788,0.011756,0.007241,-0.042405,0.064323,0.151055,0.471715,0.021913,0.024313,-0.012069,0.5237,-0.408548,0.747546,0.639632,0.768159,-0.028287,-0.562679,0.492969,0.663606,0.013403,0.00563,0.003397,-0.053792,0.09113,0.16796,0.447292,0.071881,0.043755,-0.058559,0.009119,0.523,-0.852283,-0.971738,-0.196423,-0.130932,-0.235885,0.82939,0.506428,0.00021,-0.002912,0.005917,-0.00241,0.074955,0.048658,-0.077909
49,0.070476,0.040186,0.363219,-0.154138,0.467002,-0.870745,-0.963597,-0.265842,0.027937,-0.218251,0.842773,0.492064,-0.00045,-0.008149,0.010254,-0.026291,0.039957,-0.003023,0.094524,-0.144774,0.001891,0.337101,-0.408144,0.44641,0.796321,-0.694094,-0.718298,0.047067,0.593518,-0.534047,0.601991,0.026091,0.015149,-0.007565,-0.033037,0.125553,0.179948,0.472696,0.022517,0.024575,-0.012068,0.515651,-0.411536,0.751492,0.642219,0.76623,-0.021065,-0.567148,0.493485,0.659404,0.013074,0.007188,-0.004129,-0.027947,0.116356,0.17495,0.452354,0.071896,0.043697,-0.058409,0.01075,0.527804,-0.849297,-0.971444,-0.195815,-0.133988,-0.237024,0.826485,0.510627,0.000593,0.001586,0.00108,-0.000972,-0.014705,-0.012192,-0.074806
50,0.070476,0.040077,0.363394,-0.153386,0.469596,-0.869481,-0.963723,-0.26553,0.026541,-0.218227,0.841427,0.494373,-0.000501,-0.008284,0.010163,-0.029762,0.030883,-0.008444,0.091024,-0.144113,0.002122,0.336963,-0.402814,0.447184,0.798597,-0.694883,-0.717247,0.051274,0.596224,-0.534814,0.598627,0.026229,0.013219,-0.009217,-0.084122,0.238499,0.250383,0.473946,0.022838,0.024683,-0.012136,0.51124,-0.41263,0.753902,0.643417,0.765316,-0.01744,-0.569778,0.49399,0.656754,0.020007,0.006904,-0.005081,-0.136731,0.340965,0.350984,0.453497,0.071895,0.043642,-0.058322,0.011432,0.530207,-0.84779,-0.971334,-0.195437,-0.135324,-0.23744,0.825035,0.512774,-0.000173,-0.003925,0.005228,-0.037608,0.000231,-0.029601,-0.075459
51,0.070463,0.039805,0.363754,-0.151145,0.477235,-0.865706,-0.963992,-0.264951,0.022185,-0.218602,0.837295,0.501177,-0.000384,-0.007975,0.010378,0.15456,0.496745,0.301775,0.079879,-0.142744,0.002594,0.336556,-0.397121,0.4483,0.80082,-0.692055,-0.71933,0.05964,0.603287,-0.531066,0.594876,0.026367,0.011291,-0.01088,-0.102099,0.276391,0.274635,0.474233,0.023532,0.024919,-0.012347,0.505905,-0.414205,0.756633,0.641349,0.767198,-0.008836,-0.576827,0.489736,0.653779,0.013206,0.005454,-0.005624,-0.136732,0.349076,0.317232,0.455456,0.071888,0.043504,-0.058144,0.012686,0.535132,-0.844672,-0.971136,-0.194627,-0.137889,-0.238185,0.822042,0.517217,-0.000431,-0.004605,0.004769,-0.038163,0.000393,-0.029075,-0.08542
52,0.070436,0.039532,0.36409,-0.15068,0.480038,-0.864236,-0.964206,-0.264244,0.021275,-0.217977,0.835912,0.50375,-0.000676,-0.008752,0.009855,-0.032172,0.02458,-0.012212,0.075467,-0.141538,0.003117,0.336022,-0.391017,0.4572,0.79879,-0.69286,-0.71746,0.07163,0.606337,-0.52599,0.596283,0.025119,0.021686,-0.019695,0.043984,0.062432,-0.044954,0.478077,0.024126,0.025169,-0.01261,0.49944,-0.423678,0.755682,0.643547,0.765396,0.003796,-0.580005,0.484422,0.654926,0.013251,0.004928,-0.006083,0.019318,-0.095717,0.116817,0.457742,0.071875,0.043368,-0.057975,0.013905,0.540006,-0.841545,-0.970925,-0.193856,-0.140437,-0.238976,0.819031,0.521611,0.000478,0.001281,0.000873,-0.004715,-0.01863,-0.012926,-0.096034
53,0.070412,0.039324,0.364399,-0.150257,0.4828,-0.86277,-0.96438,-0.263686,0.020335,-0.217503,0.834494,0.506299,-0.000569,-0.008469,0.010051,-0.033569,0.020935,-0.014371,0.071291,-0.140644,0.003543,0.335557,-0.385915,0.463097,0.797874,-0.692209,-0.717033,0.081514,0.610332,-0.521395,0.596243,0.012574,0.010555,-0.010098,0.031246,-0.017871,0.059175,0.485032,0.024583,0.025386,-0.012853,0.494821,-0.429898,0.755207,0.643928,0.764965,0.013542,-0.583529,0.479599,0.655345,0.006295,0.005329,-0.00502,0.052192,-0.03882,0.035088,0.46558,0.071863,0.043264,-0.057821,0.014204,0.542481,-0.839947,-0.97093,-0.193255,-0.141233,-0.238941,0.817536,0.523966,-0.000188,-0.003968,0.005205,-0.035393,0.015444,-0.017845,-0.101749
54,0.070388,0.039247,0.364559,-0.150536,0.482984,-0.862619,-0.964445,-0.263413,0.020758,-0.21702,0.834474,0.50654,-0.000382,-0.007973,0.01039,-0.033635,0.020762,-0.014474,0.069094,-0.140299,0.003702,0.335429,-0.388831,0.463147,0.796428,-0.687193,-0.721529,0.084235,0.614144,-0.515103,0.597795,0.013728,0.001126,-0.000484,-0.407688,0.044,-0.438206,0.485605,0.02475,0.025463,-0.012919,0.497528,-0.430096,0.753314,0.639362,0.768725,0.016626,-0.586242,0.473369,0.65745,0.013063,0.006902,-0.004407,-1.307297,-0.088296,-1.094531,0.469009,0.07185,0.043225,-0.057741,0.013905,0.542633,-0.839854,-0.971047,-0.193001,-0.140776,-0.238483,0.817495,0.524239,-6.9e-05,-0.00365,0.005423,-0.034171,0.019948,-0.014788,-0.104525
55,0.070342,0.039141,0.364878,-0.151295,0.48337,-0.862269,-0.964531,-0.263021,0.021732,-0.21611,0.834374,0.507095,-4.2e-05,-0.007073,0.011001,-0.03364,0.020748,-0.014483,0.063813,-0.139861,0.00388,0.335453,-0.391541,0.466973,0.792858,-0.685866,-0.722468,0.086955,0.613909,-0.51031,0.602132,0.013328,0.005299,0.00308,0.11759,-0.217053,-0.298074,0.484136,0.024975,0.02555,-0.012909,0.499574,-0.433379,0.750072,0.637855,0.769896,0.019999,-0.586144,0.468447,0.661053,0.006654,0.002802,0.001663,0.180241,-0.331268,-0.368191,0.469826,0.071827,0.043168,-0.057578,0.013118,0.543057,-0.839593,-0.971264,-0.192635,-0.139774,-0.23764,0.8173,0.524925,-0.0,-0.00347,0.005548,-0.033868,0.020691,-0.014353,-0.110403
56,0.070288,0.039033,0.365159,-0.151952,0.483714,-0.861961,-0.964612,-0.26265,0.022593,-0.215284,0.834291,0.507581,-0.000463,-0.008188,0.010248,-0.033643,0.020738,-0.014489,0.058614,-0.139685,0.00376,0.335971,-0.404907,0.459604,0.790447,-0.671993,-0.735765,0.083726,0.620569,-0.497827,0.605745,0.00181,-0.013431,0.023857,-0.143299,-0.114823,-0.169733,0.481097,0.025063,0.025494,-0.012661,0.513196,-0.42513,0.745582,0.622898,0.782113,0.017209,-0.590445,0.45559,0.666191,0.000222,-0.000994,0.00798,-0.393382,-0.145644,-0.359812,0.467703,0.071801,0.043119,-0.057441,0.012463,0.543418,-0.839369,-0.971448,-0.192317,-0.138933,-0.236924,0.817135,0.525506,0.00056,0.001496,0.001015,4.2e-05,-0.014686,0.024876,-0.117425
