frame,MLTx,MLTy,MLTz,MLTR1,MLTR2,MLTR3,MLTR4,MLTR5,MLTR6,MLTR7,MLTR8,MLTR9,MLTTVx,MLTTVy,MLTTVz,MLTRVx,MLTRVy,MLTRVz,MLGA,MRTx,MRTy,MRTz,MRTR1,MRTR2,MRTR3,MRTR4,MRTR5,MRTR6,MRTR7,MRTR8,MRTR9,MRTTVx,MRTTVy,MRTTVz,MRTRVx,MRTRVy,MRTRVz,MRGA,SLTx,SLTy,SLTz,SLTR1,SLTR2,SLTR3,SLTR4,SLTR5,SLTR6,SLTR7,SLTR8,SLTR9,SLTTVx,SLTTVy,SLTTVz,SLTRVx,SLTRVy,SLTRVz,SLGA,SRTx,SRTy,SRTz,SRTR1,SRTR2,SRTR3,SRTR4,SRTR5,SRTR6,SRTR7,SRTR8,SRTR9,SRTTVx,SRTTVy,SRTTVz,SRTRVx,SRTRVy,SRTRVz,SRGA
1,0.095744,0.037589,0.43344,-0.160771,0.851992,-0.498304,-0.970535,-0.228208,-0.077162,-0.179266,0.470156,0.864201,-0.0,-0.0,-0.0,0.0,0.0,0.0,0.521025,-0.135072,0.02236,0.361035,0.583729,0.682994,0.439056,-0.76193,0.647581,0.005878,-0.281026,-0.338827,0.897821,-0.000297,0.002533,0.001706,0.001921,-0.014096,0.02506,0.53409,0.025672,0.0297,-0.002457,-0.529808,-0.728956,0.433504,0.787617,-0.612476,-0.067317,0.314582,0.30577,0.898633,-2.9e-05,0.000249,0.000172,-1.2e-05,-1.3e-05,-1e-06,-0.696559,0.085294,0.043658,-0.024888,-0.252946,0.855766,-0.45131,-0.929959,-0.343712,-0.130527,-0.266821,0.386684,0.882768,-0.000292,-0.001027,-0.000407,-1.1e-05,-1.4e-05,-7e-06,-0.250017
2,0.095684,0.037548,0.43353,-0.154142,0.852551,-0.499442,-0.971718,-0.22226,-0.079605,-0.178689,0.471986,0.863323,6e-06,2e-05,8e-06,-0.020749,-0.004549,0.03936,0.517848,-0.134977,0.022547,0.361174,0.584033,0.68284,0.43889,-0.761743,0.647799,0.00605,-0.280899,-0.338721,0.897901,-0.000737,0.006259,0.004208,0.001877,-0.014049,0.02509,0.533893,0.025672,0.0297,-0.002457,-0.529808,-0.728956,0.433504,0.787617,-0.612476,-0.067317,0.314582,0.30577,0.898633,-2.9e-05,0.000249,0.000172,-1.2e-05,-1.3e-05,-1e-06,-0.696559,0.085294,0.043658,-0.024888,-0.252946,0.855766,-0.45131,-0.929959,-0.343712,-0.130527,-0.266821,0.386684,0.882768,-0.000292,-0.001027,-0.000407,-1.1e-05,-1.4e-05,-7e-06,-0.25018
3,0.095569,0.037293,0.433766,-0.151259,0.851818,-0.50157,-0.971414,-0.221941,-0.084079,-0.182759,0.473454,0.861665,-0.000672,-0.002352,-0.000927,-0.063602,-0.084853,0.312465,0.511113,-0.135021,0.022677,0.361334,0.58397,0.682882,0.43891,-0.761833,0.647693,0.006162,-0.280787,-0.33884,0.897891,-0.000375,0.003183,0.002136,-0.012951,0.096931,-0.173167,0.534276,0.025672,0.0297,-0.002457,-0.529808,-0.728956,0.433504,0.787617,-0.612476,-0.067317,0.314582,0.30577,0.898633,-2.9e-05,0.000249,0.000172,-1.2e-05,-1.3e-05,-1e-06,-0.696559,0.085294,0.043658,-0.024888,-0.252946,0.855766,-0.45131,-0.929959,-0.343712,-0.130527,-0.266821,0.386684,0.882768,-0.000292,-0.001027,-0.000407,-1.1e-05,-1.4e-05,-7e-06,-0.25018
4,0.095583,0.03714,0.433787,-0.156528,0.850921,-0.501477,-0.97009,-0.227764,-0.083785,-0.185326,0.472304,0.861748,-0.001325,-0.004639,-0.00183,0.0,0.0,-0.0,0.468664,-0.135108,0.022671,0.361374,0.583821,0.682965,0.438979,-0.761956,0.647548,0.00617,-0.280763,-0.338951,0.897857,-0.000187,0.00159,0.001067,0.0,-0.0,-0.0,0.534454,0.025672,0.0297,-0.002457,-0.529808,-0.728956,0.433504,0.787617,-0.612476,-0.067317,0.314582,0.30577,0.898633,-2.9e-05,0.000249,0.000172,-1.2e-05,-1.3e-05,-1e-06,-0.696559,0.085294,0.043658,-0.024888,-0.252946,0.855766,-0.45131,-0.929959,-0.343712,-0.130527,-0.266821,0.386684,0.882768,-0.000292,-0.001027,-0.000407,-1.1e-05,-1.4e-05,-7e-06,-0.250017
5,0.095755,0.036841,0.433738,-0.156365,0.850924,-0.501521,-0.970153,-0.227533,-0.083681,-0.185132,0.472409,0.861733,-0.000951,-0.003336,-0.001319,0.0,0.0,0.0,0.472896,-0.13526,0.022562,0.361339,0.583642,0.683064,0.439063,-0.762092,0.647388,0.00614,-0.280767,-0.339056,0.897816,0.000273,-0.002337,-0.001569,0.0,-0.0,-0.0,0.534547,0.025672,0.0297,-0.002457,-0.529808,-0.728956,0.433504,0.787617,-0.612476,-0.067317,0.314582,0.30577,0.898633,-2.9e-05,0.000249,0.000172,-1.2e-05,-1.3e-05,-1e-06,-0.696559,0.085294,0.043658,-0.024888,-0.252946,0.855766,-0.45131,-0.929959,-0.343712,-0.130527,-0.266821,0.386684,0.882768,-0.000292,-0.001027,-0.000407,-1.1e-05,-1.4e-05,-7e-06,-0.249853
6,0.095754,0.036609,0.43403,-0.163396,0.850495,-0.500005,-0.969123,-0.233171,-0.080024,-0.184451,0.470432,0.862959,0.001066,0.003744,0.001479,0.250064,0.029319,-0.402102,0.489954,-0.135231,0.022403,0.361231,0.584803,0.683316,0.437122,-0.762151,0.647298,0.00804,-0.278172,-0.338721,0.89875,0.01326,-0.002744,-0.002974,0.000169,-0.001163,0.004151,0.535046,0.025672,0.0297,-0.002457,-0.529808,-0.728956,0.433504,0.787617,-0.612476,-0.067317,0.314582,0.30577,0.898633,-2.9e-05,0.000249,0.000172,-1.2e-05,-1.3e-05,-1e-06,-0.696559,0.085294,0.043658,-0.024888,-0.252946,0.855766,-0.45131,-0.929959,-0.343712,-0.130527,-0.266821,0.386684,0.882768,-0.000292,-0.001027,-0.000407,-1.1e-05,-1.4e-05,-7e-06,-0.250017
7,0.095681,0.036607,0.434158,-0.163203,0.850557,-0.499962,-0.96921,-0.23286,-0.079877,-0.184166,0.470474,0.862997,0.000936,0.003283,0.001296,0.0,0.0,-1e-06,0.518772,-0.135156,0.022339,0.361182,0.584889,0.68327,0.437079,-0.762094,0.647365,0.008076,-0.27815,-0.338685,0.898771,0.013227,-0.00243,-0.002765,0.000169,-0.001163,0.004151,0.534814,0.025672,0.0297,-0.002457,-0.529808,-0.728956,0.433504,0.787617,-0.612476,-0.067317,0.314582,0.30577,0.898633,-2.9e-05,0.000249,0.000172,-1.2e-05,-1.3e-05,-1e-06,-0.696559,0.085294,0.043658,-0.024888,-0.252946,0.855766,-0.45131,-0.929959,-0.343712,-0.130527,-0.266821,0.386684,0.882768,-0.000292,-0.001027,-0.000407,-1.1e-05,-1.4e-05,-7e-06,-0.250017
8,0.095692,0.036842,0.434055,-0.16347,0.847657,-0.504777,-0.969323,-0.233131,-0.077683,-0.183332,0.475538,0.860395,0.001085,0.010958,-0.009496,0.853965,0.076656,-1.419322,0.522278,-0.134971,0.022259,0.361112,0.585124,0.683145,0.43696,-0.761936,0.647549,0.008174,-0.278087,-0.338584,0.898828,0.000236,-0.002008,-0.001353,0.012949,-0.096908,0.17318,0.534746,0.025672,0.0297,-0.002457,-0.529808,-0.728956,0.433504,0.787617,-0.612476,-0.067317,0.314582,0.30577,0.898633,-2.9e-05,0.000249,0.000172,-1.2e-05,-1.3e-05,-1e-06,-0.696559,0.085294,0.043658,-0.024888,-0.252946,0.855766,-0.45131,-0.929959,-0.343712,-0.130527,-0.266821,0.386684,0.882768,-0.000292,-0.001027,-0.000407,-1.1e-05,-1.4e-05,-7e-06,-0.25018
9,0.095759,0.036935,0.433933,-0.153927,0.848034,-0.50714,-0.971999,-0.222119,-0.076509,-0.177344,0.480107,0.859112,-0.000202,-0.00071,-0.00028,-0.026051,-0.012157,0.034208,0.52171,-0.134977,0.022303,0.36113,0.585223,0.683094,0.436907,-0.761863,0.647635,0.008191,-0.278079,-0.338522,0.898853,-0.000355,0.003015,0.00203,0.001876,-0.014043,0.025093,0.534892,0.025672,0.0297,-0.002457,-0.529808,-0.728956,0.433504,0.787617,-0.612476,-0.067317,0.314582,0.30577,0.898633,-2.9e-05,0.000249,0.000172,-1.2e-05,-1.3e-05,-1e-06,-0.696559,0.085294,0.043658,-0.024888,-0.252946,0.855766,-0.45131,-0.929959,-0.343712,-0.130527,-0.266821,0.386684,0.882768,-0.000292,-0.001027,-0.000407,-1.1e-05,-1.4e-05,-7e-06,-0.250017
10,0.095442,0.03675,0.434052,-0.155033,0.852813,-0.498718,-0.971972,-0.221914,-0.077432,-0.176523,0.471675,0.863939,-0.000871,-0.003046,-0.001203,0.042617,0.094698,0.034427,0.521484,-0.135146,0.022422,0.361224,0.585114,0.683155,0.436957,-0.761937,0.647549,0.008144,-0.278106,-0.338565,0.898829,-0.000487,0.00416,0.002797,0.001876,-0.014043,0.025093,0.534811,0.025672,0.0297,-0.002457,-0.529808,-0.728956,0.433504,0.787617,-0.612476,-0.067317,0.314582,0.30577,0.898633,-2.9e-05,0.000249,0.000172,-1.2e-05,-1.3e-05,-1e-06,-0.696559,0.085294,0.043658,-0.024888,-0.252946,0.855766,-0.45131,-0.929959,-0.343712,-0.130527,-0.266821,0.386684,0.882768,-0.000292,-0.001027,-0.000407,-1.1e-05,-1.4e-05,-7e-06,-0.250017
11,0.095304,0.036733,0.434074,-0.153347,0.853821,-0.497514,-0.97167,-0.221843,-0.081332,-0.17963,0.469885,0.864273,-0.000483,-0.001687,-0.000666,0.121189,0.269116,0.097822,0.522207,-0.135182,0.022478,0.361252,0.585069,0.683177,0.436983,-0.761959,0.647523,0.008102,-0.278139,-0.338569,0.898817,-0.000275,0.002347,0.001577,0.0,-0.0,-0.0,0.534513,0.025672,0.0297,-0.002457,-0.529808,-0.728956,0.433504,0.787617,-0.612476,-0.067317,0.314582,0.30577,0.898633,-2.9e-05,0.000249,0.000172,-1.2e-05,-1.3e-05,-1e-06,-0.696559,0.085294,0.043658,-0.024888,-0.252946,0.855766,-0.45131,-0.929959,-0.343712,-0.130527,-0.266821,0.386684,0.882768,-0.000292,-0.001027,-0.000407,-1.1e-05,-1.4e-05,-7e-06,-0.250017
12,0.095452,0.037047,0.433787,-0.1509,0.853282,-0.499184,-0.971387,-0.221606,-0.085266,-0.183198,0.470973,0.862931,0.001131,0.011101,-0.009435,0.024471,0.056231,-0.16826,0.512688,-0.135113,0.022547,0.361268,0.585238,0.683086,0.436898,-0.76183,0.647674,0.008126,-0.278135,-0.338464,0.898858,-4e-05,0.000341,0.000229,0.0,0.0,0.0,0.53437,0.025672,0.0297,-0.002457,-0.529808,-0.728956,0.433504,0.787617,-0.612476,-0.067317,0.314582,0.30577,0.898633,-2.9e-05,0.000249,0.000172,-1.2e-05,-1.3e-05,-1e-06,-0.696559,0.085294,0.043658,-0.024888,-0.252946,0.855766,-0.45131,-0.929959,-0.343712,-0.130527,-0.266821,0.386684,0.882768,-0.000292,-0.001027,-0.000407,-1.1e-05,-1.4e-05,-7e-06,-0.250017
13,0.095724,0.037483,0.433533,-0.14581,0.852592,-0.501869,-0.972625,-0.216252,-0.0849,-0.180741,0.47469,0.861411,0.001509,0.012437,-0.008904,-0.10805,-0.331179,-0.09509,0.519918,-0.135029,0.022497,0.36124,0.584253,0.681488,0.440697,-0.761727,0.647792,0.008382,-0.280485,-0.341453,0.896996,0.000252,-0.002146,-0.001443,-0.027764,0.028818,0.018239,0.534517,0.025672,0.0297,-0.002457,-0.529808,-0.728956,0.433504,0.787617,-0.612476,-0.067317,0.314582,0.30577,0.898633,-2.9e-05,0.000249,0.000172,-1.2e-05,-1.3e-05,-1e-06,-0.696559,0.085294,0.043658,-0.024888,-0.252946,0.855766,-0.45131,-0.929959,-0.343712,-0.130527,-0.266821,0.386684,0.882768,-0.000292,-0.001027,-0.000407,-1.1e-05,-1.4e-05,-7e-06,-0.25018
14,0.0956,0.03761,0.433425,-0.14612,0.852544,-0.50186,-0.972507,-0.216707,-0.085088,-0.181124,0.474568,0.861398,-0.011696,0.00129,0.001154,-0.003413,0.009305,-0.031537,0.518009,-0.135081,0.022447,0.3612,0.584145,0.681543,0.440756,-0.761792,0.647717,0.008314,-0.280535,-0.341485,0.896968,0.000403,-0.003436,-0.002311,-0.002282,0.014466,-0.024826,0.534722,0.025672,0.0297,-0.002457,-0.529808,-0.728956,0.433504,0.787617,-0.612476,-0.067317,0.314582,0.30577,0.898633,-2.9e-05,0.000249,0.000172,-1.2e-05,-1.3e-05,-1e-06,-0.696559,0.085294,0.043658,-0.024888,-0.252946,0.855766,-0.45131,-0.929959,-0.343712,-0.130527,-0.266821,0.386684,0.882768,-0.000292,-0.001027,-0.000407,-1.1e-05,-1.4e-05,-7e-06,-0.25018
15,0.095228,0.03767,0.433407,-0.147971,0.848262,-0.508528,-0.97262,-0.217917,-0.080593,-0.179005,0.481624,0.857918,-0.012365,-0.008165,0.01123,0.164556,0.477104,0.117428,0.521172,-0.135253,0.022339,0.361131,0.583913,0.681665,0.440875,-0.761939,0.647545,0.008193,-0.280618,-0.341568,0.89691,0.000165,-0.001414,-0.000952,-0.0,0.0,0.0,0.534693,0.025672,0.0297,-0.002457,-0.529808,-0.728956,0.433504,0.787617,-0.612476,-0.067317,0.314582,0.30577,0.898633,-2.9e-05,0.000249,0.000172,-1.2e-05,-1.3e-05,-1e-06,-0.696559,0.085294,0.043658,-0.024888,-0.252946,0.855766,-0.45131,-0.929959,-0.343712,-0.130527,-0.266821,0.386684,0.882768,-0.000292,-0.001027,-0.000407,-1.1e-05,-1.4e-05,-7e-06,-0.250017
16,0.095558,0.037269,0.433601,-0.142938,0.847771,-0.510783,-0.97419,-0.21154,-0.078588,-0.174506,0.485312,0.856765,0.021492,-0.016436,0.006038,-0.033219,-0.013434,0.042375,0.521451,-0.135223,0.022409,0.361175,0.584029,0.681605,0.440813,-0.761863,0.647635,0.008241,-0.280586,-0.341516,0.89694,0.012313,0.005356,0.002473,0.003921,-0.029251,0.054337,0.534542,0.025672,0.0297,-0.002457,-0.529808,-0.728956,0.433504,0.787617,-0.612476,-0.067317,0.314582,0.30577,0.898633,-2.9e-05,0.000249,0.000172,-1.2e-05,-1.3e-05,-1e-06,-0.696559,0.085294,0.043658,-0.024888,-0.252946,0.855766,-0.45131,-0.929959,-0.343712,-0.130527,-0.266821,0.386684,0.882768,-0.000292,-0.001027,-0.000407,-1.1e-05,-1.4e-05,-7e-06,-0.250017
17,0.095856,0.036938,0.43372,-0.137415,0.848656,-0.510828,-0.975607,-0.205026,-0.078278,-0.171001,0.486555,0.856767,0.020725,-0.019192,0.004954,-0.110903,-0.014482,0.14346,0.521647,-0.135154,0.02249,0.361234,0.584126,0.681555,0.440761,-0.761805,0.647702,0.008305,-0.280538,-0.34149,0.896965,0.012215,0.006166,0.003015,0.003921,-0.02925,0.054338,0.534441,0.025672,0.0297,-0.002457,-0.529808,-0.728956,0.433504,0.787617,-0.612476,-0.067317,0.314582,0.30577,0.898633,-2.9e-05,0.000249,0.000172,-1.2e-05,-1.3e-05,-1e-06,-0.696559,0.085294,0.043658,-0.024888,-0.252946,0.855766,-0.45131,-0.929959,-0.343712,-0.130527,-0.266821,0.386684,0.882768,-0.000292,-0.001027,-0.000407,-1.1e-05,-1.4e-05,-7e-06,-0.250017
18,0.096233,0.036552,0.433771,-0.131065,0.852342,-0.50634,-0.976805,-0.198193,-0.080888,-0.169143,0.482933,0.859181,-0.000532,-0.001877,-0.000743,0.067655,0.151133,0.055044,0.522066,-0.135081,0.022603,0.361291,0.584305,0.681461,0.44067,-0.761678,0.64785,0.008357,-0.280511,-0.341396,0.897009,-0.001465,0.01146,-0.008087,0.036325,-0.007096,0.020033,0.534576,0.025672,0.0297,-0.002457,-0.529808,-0.728956,0.433504,0.787617,-0.612476,-0.067317,0.314582,0.30577,0.898633,-2.9e-05,0.000249,0.000172,-1.2e-05,-1.3e-05,-1e-06,-0.696559,0.085294,0.043658,-0.024888,-0.252946,0.855766,-0.45131,-0.929959,-0.343712,-0.130527,-0.266821,0.386684,0.882768,-0.000292,-0.001027,-0.000407,-1.1e-05,-1.4e-05,-7e-06,-0.25018
19,0.095957,0.036863,0.433527,-0.130728,0.858364,-0.496152,-0.97656,-0.197731,-0.084882,-0.17081,0.472358,0.864714,0.000624,0.009349,-0.010124,0.042878,0.001204,0.023029,0.521997,-0.135103,0.022548,0.361268,0.584128,0.681551,0.440764,-0.761803,0.647704,0.008307,-0.28054,-0.341492,0.896963,0.000287,-0.00245,-0.001646,-0.001876,0.014045,-0.025092,0.534416,0.025672,0.0297,-0.002457,-0.529808,-0.728956,0.433504,0.787617,-0.612476,-0.067317,0.314582,0.30577,0.898633,-2.9e-05,0.000249,0.000172,-1.2e-05,-1.3e-05,-1e-06,-0.696559,0.085294,0.043658,-0.024888,-0.252946,0.855766,-0.45131,-0.929959,-0.343712,-0.130527,-0.266821,0.386684,0.882768,-0.000292,-0.001027,-0.000407,-1.1e-05,-1.4e-05,-7e-06,-0.250017
20,0.095608,0.037145,0.433453,-0.132289,0.855528,-0.500617,-0.976542,-0.198985,-0.082107,-0.169703,0.476948,0.862409,-0.010936,0.003998,0.002223,-0.206934,-0.444127,-0.197467,0.521538,-0.135188,0.022442,0.361205,0.583943,0.681648,0.440861,-0.761926,0.64756,0.00823,-0.280591,-0.341573,0.896917,0.000254,-0.00217,-0.001459,-0.0,0.0,0.0,0.53449,0.025672,0.0297,-0.002457,-0.529808,-0.728956,0.433504,0.787617,-0.612476,-0.067317,0.314582,0.30577,0.898633,-2.9e-05,0.000249,0.000172,-1.2e-05,-1.3e-05,-1e-06,-0.696559,0.085294,0.043658,-0.024888,-0.252946,0.855766,-0.45131,-0.929959,-0.343712,-0.130527,-0.266821,0.386684,0.882768,-0.000292,-0.001027,-0.000407,-1.1e-05,-1.4e-05,-7e-06,-0.250017
21,0.095532,0.037195,0.43354,-0.132445,0.855559,-0.500522,-0.976551,-0.199029,-0.081903,-0.169535,0.476873,0.862483,0.000295,-0.006114,0.0114,-0.038638,0.008302,-0.019554,0.519832,-0.135229,0.022378,0.361167,0.583824,0.681709,0.440923,-0.762005,0.647468,0.008181,-0.280624,-0.341626,0.896887,0.000399,-0.00341,-0.002294,-0.001876,0.014045,-0.025092,0.534598,0.025672,0.0297,-0.002457,-0.529808,-0.728956,0.433504,0.787617,-0.612476,-0.067317,0.314582,0.30577,0.898633,-2.9e-05,0.000249,0.000172,-1.2e-05,-1.3e-05,-1e-06,-0.696559,0.085294,0.043658,-0.024888,-0.252946,0.855766,-0.45131,-0.929959,-0.343712,-0.130527,-0.266821,0.386684,0.882768,-0.000292,-0.001027,-0.000407,-1.1e-05,-1.4e-05,-7e-06,-0.250017
22,0.095426,0.037289,0.433606,-0.14274,0.85395,-0.500439,-0.974112,-0.210688,-0.08178,-0.175103,0.474748,0.862543,0.000231,0.000807,0.000318,-1e-06,-2e-06,-1e-06,0.521171,-0.135266,0.022285,0.361108,0.585044,0.681937,0.438949,-0.762024,0.647419,0.010101,-0.278014,-0.341263,0.897836,0.000237,-0.002032,-0.001368,-0.003918,-0.005013,0.001975,0.534757,0.025672,0.0297,-0.002457,-0.529808,-0.728956,0.433504,0.787617,-0.612476,-0.067317,0.314582,0.30577,0.898633,-2.9e-05,0.000249,0.000172,-1.2e-05,-1.3e-05,-1e-06,-0.696559,0.085294,0.043658,-0.024888,-0.252946,0.855766,-0.45131,-0.929959,-0.343712,-0.130527,-0.266821,0.386684,0.882768,-0.000292,-0.001027,-0.000407,-1.1e-05,-1.4e-05,-7e-06,-0.250017
23,0.095525,0.037317,0.433612,-0.147866,0.853077,-0.500441,-0.972838,-0.216511,-0.081735,-0.177901,0.4737,0.862546,8.2e-05,0.000288,0.000114,0.0,0.0,-0.0,0.520731,-0.135277,0.022298,0.361118,0.585059,0.68193,0.43894,-0.762014,0.64743,0.010107,-0.278009,-0.341256,0.897841,-0.000102,0.000875,0.000589,-0.0,-0.0,0.0,0.534778,0.025672,0.0297,-0.002457,-0.529808,-0.728956,0.433504,0.787617,-0.612476,-0.067317,0.314582,0.30577,0.898633,-2.9e-05,0.000249,0.000172,-1.2e-05,-1.3e-05,-1e-06,-0.696559,0.085294,0.043658,-0.024888,-0.252946,0.855766,-0.45131,-0.929959,-0.343712,-0.130527,-0.266821,0.386684,0.882768,-0.000292,-0.001027,-0.000407,-1.1e-05,-1.4e-05,-7e-06,-0.250017
24,0.09557,0.037315,0.433609,-0.147583,0.85308,-0.50052,-0.972876,-0.216287,-0.081881,-0.177931,0.473798,0.862487,7.7e-05,0.000269,0.000106,-0.0,-0.0,-0.0,0.521183,-0.135279,0.022313,0.361117,0.585089,0.681913,0.438926,-0.761986,0.647463,0.010096,-0.278022,-0.341227,0.897848,-1.9e-05,0.000162,0.000109,-0.0,0.0,0.0,0.534671,0.025672,0.0297,-0.002457,-0.529808,-0.728956,0.433504,0.787617,-0.612476,-0.067317,0.314582,0.30577,0.898633,-2.9e-05,0.000249,0.000172,-1.2e-05,-1.3e-05,-1e-06,-0.696559,0.085294,0.043658,-0.024888,-0.252946,0.855766,-0.45131,-0.929959,-0.343712,-0.130527,-0.266821,0.386684,0.882768,-0.000292,-0.001027,-0.000407,-1.1e-05,-1.4e-05,-7e-06,-0.250017
25,0.09562,0.03725,0.433621,-0.154293,0.852616,-0.499285,-0.971792,-0.222117,-0.079097,-0.178155,0.471936,0.863461,-9.7e-05,-0.000338,-0.000133,-4.2e-05,2.7e-05,-2.2e-05,0.519862,-0.135206,0.022348,0.361086,0.585283,0.681808,0.438832,-0.761826,0.647652,0.010083,-0.278054,-0.341079,0.897894,2.1e-05,-0.000176,-0.000118,0.0,0.0,0.0,0.53489,0.025672,0.0297,-0.002457,-0.529808,-0.728956,0.433504,0.787617,-0.612476,-0.067317,0.314582,0.30577,0.898633,-2.9e-05,0.000249,0.000172,-1.2e-05,-1.3e-05,-1e-06,-0.696559,0.085294,0.043658,-0.024888,-0.252946,0.855766,-0.45131,-0.929959,-0.343712,-0.130527,-0.266821,0.386684,0.882768,-0.000292,-0.001027,-0.000407,-1.1e-05,-1.4e-05,-7e-06,-0.250017
26,0.095612,0.037258,0.433677,-0.158537,0.853912,-0.495727,-0.972453,-0.221869,-0.071288,-0.170671,0.469707,0.866183,0.000113,0.000396,0.000156,-0.001981,-0.000285,0.003461,0.519781,-0.135058,0.022405,0.361086,0.585559,0.68166,0.438692,-0.761626,0.647886,0.010152,-0.278021,-0.340928,0.897962,-6.3e-05,0.000535,0.00036,0.0,0.0,0.0,0.535047,0.025672,0.0297,-0.002457,-0.529808,-0.728956,0.433504,0.787617,-0.612476,-0.067317,0.314582,0.30577,0.898633,-2.9e-05,0.000249,0.000172,-1.2e-05,-1.3e-05,-1e-06,-0.696559,0.085294,0.043658,-0.024888,-0.252946,0.855766,-0.45131,-0.929959,-0.343712,-0.130527,-0.266821,0.386684,0.882768,-0.000292,-0.001027,-0.000407,-1.1e-05,-1.4e-05,-7e-06,-0.25018
27,0.095594,0.037194,0.433714,-0.163619,0.852979,-0.495683,-0.971145,-0.227567,-0.071145,-0.173291,0.468678,0.866221,-0.000296,-0.001038,-0.000409,0.0,0.0,-0.0,0.519526,-0.135014,0.022447,0.361111,0.585745,0.681565,0.438591,-0.761502,0.64803,0.010228,-0.277968,-0.340844,0.89801,-5.9e-05,0.000501,0.000337,0.0,0.0,0.0,0.534765,0.025672,0.0297,-0.002457,-0.529808,-0.728956,0.433504,0.787617,-0.612476,-0.067317,0.314582,0.30577,0.898633,-2.9e-05,0.000249,0.000172,-1.2e-05,-1.3e-05,-1e-06,-0.696559,0.085294,0.043658,-0.024888,-0.252946,0.855766,-0.45131,-0.929959,-0.343712,-0.130527,-0.266821,0.386684,0.882768,-0.000292,-0.001027,-0.000407,-1.1e-05,-1.4e-05,-7e-06,-0.250017
28,0.095591,0.037179,0.433718,-0.163654,0.852981,-0.495668,-0.971145,-0.227582,-0.071105,-0.173261,0.468667,0.866233,-3.8e-05,-0.000133,-5.2e-05,-0.0,-0.0,-0.0,0.519362,-0.135045,0.022465,0.361125,0.587019,0.681762,0.436579,-0.761475,0.648029,0.012171,-0.275339,-0.340453,0.898968,-0.000196,0.001665,0.00112,0.00177,-0.014186,0.025143,0.534972,0.025672,0.0297,-0.002457,-0.529808,-0.728956,0.433504,0.787617,-0.612476,-0.067317,0.314582,0.30577,0.898633,-2.9e-05,0.000249,0.000172,-1.2e-05,-1.3e-05,-1e-06,-0.696559,0.085294,0.043658,-0.024888,-0.252946,0.855766,-0.45131,-0.929959,-0.343712,-0.130527,-0.266821,0.386684,0.882768,-0.000292,-0.001027,-0.000407,-1.1e-05,-1.4e-05,-7e-06,-0.25018
29,0.09554,0.03711,0.433724,-0.160972,0.852157,-0.497959,-0.970721,-0.227777,-0.076102,-0.178082,0.470068,0.864494,-0.000631,-0.00221,-0.000872,0.0,-0.0,0.0,0.520081,-0.135125,0.022478,0.361129,0.588183,0.682009,0.434621,-0.761504,0.647957,0.014049,-0.272756,-0.340093,0.899891,-1.5e-05,0.000131,8.8e-05,-0.0,-0.0,0.0,0.535088,0.025672,0.0297,-0.002457,-0.529808,-0.728956,0.433504,0.787617,-0.612476,-0.067317,0.314582,0.30577,0.898633,-2.9e-05,0.000249,0.000172,-1.2e-05,-1.3e-05,-1e-06,-0.696559,0.085294,0.043658,-0.024888,-0.252946,0.855766,-0.45131,-0.929959,-0.343712,-0.130527,-0.266821,0.386684,0.882768,-0.000292,-0.001027,-0.000407,-1.1e-05,-1.4e-05,-7e-06,-0.250017
30,0.095444,0.037016,0.433712,-0.172936,0.850582,-0.496638,-0.968105,-0.239539,-0.073254,-0.181065,0.467071,0.865498,-0.000733,-0.002563,-0.001013,-0.02777,0.083349,-0.193828,0.521284,-0.135201,0.022471,0.361107,0.588016,0.682093,0.434715,-0.761601,0.647845,0.013934,-0.272846,-0.340137,0.899847,8e-06,-6.7e-05,-4.5e-05,0.0,0.0,0.0,0.534496,0.025672,0.0297,-0.002457,-0.529808,-0.728956,0.433504,0.787617,-0.612476,-0.067317,0.314582,0.30577,0.898633,-2.9e-05,0.000249,0.000172,-1.2e-05,-1.3e-05,-1e-06,-0.696559,0.085294,0.043658,-0.024888,-0.252946,0.855766,-0.45131,-0.929959,-0.343712,-0.130527,-0.266821,0.386684,0.882768,-0.000292,-0.001027,-0.000407,-1.1e-05,-1.4e-05,-7e-06,-0.249853
31,0.095438,0.037006,0.433688,-0.181465,0.848091,-0.497853,-0.964995,-0.250984,-0.07592,-0.189122,0.465594,0.864571,-0.00022,-0.000768,-0.000304,2.15418,-1.360973,1.067248,0.521361,-0.135231,0.022469,0.361085,0.589218,0.682315,0.432735,-0.761588,0.647818,0.015807,-0.270272,-0.339744,0.900772,2.4e-05,-0.000202,-0.000136,-1.624663,-2.080898,0.818386,0.53518,0.025672,0.0297,-0.002457,-0.529808,-0.728956,0.433504,0.787617,-0.612476,-0.067317,0.314582,0.30577,0.898633,-2.9e-05,0.000249,0.000172,-1.2e-05,-1.3e-05,-1e-06,-0.696559,0.085294,0.043658,-0.024888,-0.252946,0.855766,-0.45131,-0.929959,-0.343712,-0.130527,-0.266821,0.386684,0.882768,-0.000292,-0.001027,-0.000407,-1.1e-05,-1.4e-05,-7e-06,-0.250017
32,0.095452,0.037015,0.433648,-0.191432,0.845871,-0.497897,-0.961946,-0.262396,-0.076037,-0.194733,0.463341,0.864536,0.011342,-0.002586,-0.001665,0.000984,-0.014715,0.029553,0.521741,-0.135221,0.022473,0.361051,0.587955,0.682118,0.43476,-0.761603,0.647845,0.013793,-0.272971,-0.340089,0.899828,2.2e-05,-0.000184,-0.000124,0.0,0.0,-0.0,0.535266,0.025672,0.0297,-0.002457,-0.529808,-0.728956,0.433504,0.787617,-0.612476,-0.067317,0.314582,0.30577,0.898633,-2.9e-05,0.000249,0.000172,-1.2e-05,-1.3e-05,-1e-06,-0.696559,0.085294,0.043658,-0.024888,-0.252946,0.855766,-0.45131,-0.929959,-0.343712,-0.130527,-0.266821,0.386684,0.882768,-0.000292,-0.001027,-0.000407,-1.1e-05,-1.4e-05,-7e-06,-0.250017
33,0.095602,0.036985,0.433659,-0.19244,0.846262,-0.496843,-0.962249,-0.261973,-0.073616,-0.192227,0.462867,0.86535,0.011405,-0.002362,-0.001576,-2.378397,1.31212,-0.646415,0.521584,-0.135163,0.022472,0.361046,0.588056,0.682064,0.434706,-0.761535,0.647925,0.013835,-0.272943,-0.340044,0.899853,0.0,-1e-06,-1e-06,0.0,0.0,0.0,0.534946,0.025672,0.0297,-0.002457,-0.529808,-0.728956,0.433504,0.787617,-0.612476,-0.067317,0.314582,0.30577,0.898633,-2.9e-05,0.000249,0.000172,-1.2e-05,-1.3e-05,-1e-06,-0.696559,0.085294,0.043658,-0.024888,-0.252946,0.855766,-0.45131,-0.929959,-0.343712,-0.130527,-0.266821,0.386684,0.882768,-0.000292,-0.001027,-0.000407,-1.1e-05,-1.4e-05,-7e-06,-0.25018
34,0.095759,0.036924,0.433699,-0.177138,0.849564,-0.496898,-0.966824,-0.24456,-0.07358,-0.18382,0.466322,0.865322,-0.000644,-0.009411,0.010101,-0.035104,0.016156,-0.016684,0.510976,-0.135126,0.022491,0.361066,0.588056,0.682064,0.434707,-0.761543,0.647915,0.013859,-0.272923,-0.340062,0.899852,-9.1e-05,0.000777,0.000523,-0.012956,0.09699,-0.173134,0.534834,0.025672,0.0297,-0.002457,-0.529808,-0.728956,0.433504,0.787617,-0.612476,-0.067317,0.314582,0.30577,0.898633,-2.9e-05,0.000249,0.000172,-1.2e-05,-1.3e-05,-1e-06,-0.696559,0.085294,0.043658,-0.024888,-0.252946,0.855766,-0.45131,-0.929959,-0.343712,-0.130527,-0.266821,0.386684,0.882768,-0.000292,-0.001027,-0.000407,-1.1e-05,-1.4e-05,-7e-06,-0.250017
35,0.095768,0.036916,0.433716,-0.16549,0.851207,-0.498102,-0.969473,-0.233002,-0.076187,-0.180711,0.469229,0.864405,0.000451,0.001583,0.000625,-0.005148,-0.011507,0.038408,0.488142,-0.135128,0.022505,0.361076,0.586814,0.681857,0.436705,-0.761557,0.647936,0.011925,-0.275546,-0.340438,0.89891,-7.8e-05,0.000667,0.000449,0.0,0.0,-0.0,0.534475,0.025672,0.0297,-0.002457,-0.529808,-0.728956,0.433504,0.787617,-0.612476,-0.067317,0.314582,0.30577,0.898633,-2.9e-05,0.000249,0.000172,-1.2e-05,-1.3e-05,-1e-06,-0.696559,0.085294,0.043658,-0.024888,-0.252946,0.855766,-0.45131,-0.929959,-0.343712,-0.130527,-0.266821,0.386684,0.882768,-0.000292,-0.001027,-0.000407,-1.1e-05,-1.4e-05,-7e-06,-0.250017
36,0.095742,0.036941,0.433749,-0.150238,0.854027,-0.498109,-0.973482,-0.215635,-0.076202,-0.172309,0.472389,0.864399,0.000373,0.001308,0.000517,-0.000181,-2.8e-05,0.000313,0.450082,-0.135163,0.022553,0.361111,0.586875,0.681827,0.436669,-0.761517,0.647983,0.01195,-0.275527,-0.340408,0.898927,-0.000146,0.001249,0.00084,0.487179,0.62426,-0.245364,0.534304,0.025672,0.0297,-0.002457,-0.529808,-0.728956,0.433504,0.787617,-0.612476,-0.067317,0.314582,0.30577,0.898633,-2.9e-05,0.000249,0.000172,-1.2e-05,-1.3e-05,-1e-06,-0.696559,0.085294,0.043658,-0.024888,-0.252946,0.855766,-0.45131,-0.929959,-0.343712,-0.130527,-0.266821,0.386684,0.882768,-0.000292,-0.001027,-0.000407,-1.1e-05,-1.4e-05,-7e-06,-0.250017
37,0.095681,0.036973,0.433776,-0.153333,0.854898,-0.495665,-0.973864,-0.215718,-0.070904,-0.167357,0.470775,0.866251,0.000427,0.008647,-0.010404,0.035103,-0.016161,0.016681,0.431457,-0.135164,0.022559,0.361127,0.586778,0.681878,0.436721,-0.76159,0.647898,0.011933,-0.275534,-0.340469,0.898902,-1e-06,6e-06,4e-06,0.0,0.0,-0.0,0.534395,0.025672,0.0297,-0.002457,-0.529808,-0.728956,0.433504,0.787617,-0.612476,-0.067317,0.314582,0.30577,0.898633,-2.9e-05,0.000249,0.000172,-1.2e-05,-1.3e-05,-1e-06,-0.696559,0.085294,0.043658,-0.024888,-0.252946,0.855766,-0.45131,-0.929959,-0.343712,-0.130527,-0.266821,0.386684,0.882768,-0.000292,-0.001027,-0.000407,-1.1e-05,-1.4e-05,-7e-06,-0.250017
38,0.095601,0.036949,0.43377,-0.15854,0.853979,-0.495612,-0.972548,-0.221598,-0.070832,-0.170126,0.469714,0.866287,-0.000478,-0.001673,-0.000661,0.244514,0.034945,-0.42739,0.430175,-0.135171,0.022543,0.361117,0.586724,0.681905,0.436751,-0.761626,0.647856,0.011911,-0.27555,-0.340494,0.898888,-0.012716,-0.001885,-0.000138,-0.002045,0.015205,-0.029245,0.534747,0.025672,0.0297,-0.002457,-0.529808,-0.728956,0.433504,0.787617,-0.612476,-0.067317,0.314582,0.30577,0.898633,-2.9e-05,0.000249,0.000172,-1.2e-05,-1.3e-05,-1e-06,-0.696559,0.085294,0.043658,-0.024888,-0.252946,0.855766,-0.45131,-0.929959,-0.343712,-0.130527,-0.266821,0.386684,0.882768,-0.000292,-0.001027,-0.000407,-1.1e-05,-1.4e-05,-7e-06,-0.250017
39,0.095556,0.036797,0.433762,-0.16905,0.85204,-0.495475,-0.969816,-0.233359,-0.070511,-0.175499,0.467539,0.866391,-0.000709,-0.002484,-0.000983,2.738253,0.389679,-4.788134,0.498401,-0.135225,0.0225,0.361093,0.586637,0.681951,0.436796,-0.761684,0.647789,0.011875,-0.275573,-0.340531,0.898866,4.9e-05,-0.000418,-0.000281,0.0,0.0,0.0,0.534622,0.025672,0.0297,-0.002457,-0.529808,-0.728956,0.433504,0.787617,-0.612476,-0.067317,0.314582,0.30577,0.898633,-2.9e-05,0.000249,0.000172,-1.2e-05,-1.3e-05,-1e-06,-0.696559,0.085294,0.043658,-0.024888,-0.252946,0.855766,-0.45131,-0.929959,-0.343712,-0.130527,-0.266821,0.386684,0.882768,-0.000292,-0.001027,-0.000407,-1.1e-05,-1.4e-05,-7e-06,-0.25018
40,0.09559,0.036607,0.43385,-0.171949,0.852895,-0.492999,-0.970262,-0.23311,-0.064981,-0.170139,0.466104,0.868232,0.011043,-0.010812,0.008909,-0.034121,0.001437,0.012868,0.520879,-0.13523,0.022462,0.361069,0.586531,0.682004,0.436855,-0.761754,0.647707,0.011832,-0.275604,-0.340581,0.898838,6.3e-05,-0.000536,-0.000361,0.0,0.0,0.0,0.534661,0.025672,0.0297,-0.002457,-0.529808,-0.728956,0.433504,0.787617,-0.612476,-0.067317,0.314582,0.30577,0.898633,-2.9e-05,0.000249,0.000172,-1.2e-05,-1.3e-05,-1e-06,-0.696559,0.085294,0.043658,-0.024888,-0.252946,0.855766,-0.45131,-0.929959,-0.343712,-0.130527,-0.266821,0.386684,0.882768,-0.000292,-0.001027,-0.000407,-1.1e-05,-1.4e-05,-7e-06,-0.250017
41,0.095621,0.036529,0.433993,-0.171996,0.852948,-0.492892,-0.970332,-0.232927,-0.064588,-0.169692,0.466099,0.868322,-0.000434,-0.008675,0.010399,-0.035109,0.016139,-0.016689,0.521398,-0.13517,0.022448,0.361042,0.586594,0.681969,0.436826,-0.761704,0.647766,0.011836,-0.275609,-0.340539,0.898852,0.012889,0.000442,-0.000833,0.002045,-0.015205,0.029245,0.534589,0.025672,0.0297,-0.002457,-0.529808,-0.728956,0.433504,0.787617,-0.612476,-0.067317,0.314582,0.30577,0.898633,-2.9e-05,0.000249,0.000172,-1.2e-05,-1.3e-05,-1e-06,-0.696559,0.085294,0.043658,-0.024888,-0.252946,0.855766,-0.45131,-0.929959,-0.343712,-0.130527,-0.266821,0.386684,0.882768,-0.000292,-0.001027,-0.000407,-1.1e-05,-1.4e-05,-7e-06,-0.250017
42,0.0956,0.036476,0.434057,-0.172012,0.852977,-0.492836,-0.970366,-0.232837,-0.064408,-0.169482,0.466091,0.868367,3e-06,9e-06,4e-06,0.0,0.0,0.0,0.521596,-0.13517,0.022448,0.361054,0.586599,0.681968,0.436821,-0.761709,0.64776,0.011861,-0.275587,-0.340552,0.898854,-3.7e-05,0.00032,0.000215,0.0,0.0,0.0,0.534619,0.025672,0.0297,-0.002457,-0.529808,-0.728956,0.433504,0.787617,-0.612476,-0.067317,0.314582,0.30577,0.898633,-2.9e-05,0.000249,0.000172,-1.2e-05,-1.3e-05,-1e-06,-0.696559,0.085294,0.043658,-0.024888,-0.252946,0.855766,-0.45131,-0.929959,-0.343712,-0.130527,-0.266821,0.386684,0.882768,-0.000292,-0.001027,-0.000407,-1.1e-05,-1.4e-05,-7e-06,-0.250017
43,0.09553,0.036497,0.434111,-0.167142,0.853996,-0.492746,-0.971717,-0.227181,-0.064231,-0.166596,0.467011,0.868431,0.000849,0.002973,0.001176,0.001537,-0.01045,0.026842,0.519088,-0.135176,0.022498,0.361099,0.586724,0.681907,0.436748,-0.761634,0.647847,0.011934,-0.275528,-0.340509,0.898889,0.012604,0.002855,0.00079,0.002045,-0.015205,0.029245,0.534661,0.025672,0.0297,-0.002457,-0.529808,-0.728956,0.433504,0.787617,-0.612476,-0.067317,0.314582,0.30577,0.898633,-2.9e-05,0.000249,0.000172,-1.2e-05,-1.3e-05,-1e-06,-0.696559,0.085294,0.043658,-0.024888,-0.252946,0.855766,-0.45131,-0.929959,-0.343712,-0.130527,-0.266821,0.386684,0.882768,-0.000292,-0.001027,-0.000407,-1.1e-05,-1.4e-05,-7e-06,-0.25018
44,0.095574,0.036736,0.434102,-0.16167,0.854953,-0.492912,-0.973062,-0.221224,-0.064664,-0.164135,0.468117,0.868305,0.001117,0.003911,0.001544,-0.0,-0.0,0.0,0.488677,-0.135131,0.022526,0.361102,0.586751,0.68189,0.436738,-0.761607,0.647878,0.011923,-0.275543,-0.340483,0.898894,-1e-06,4e-06,3e-06,0.0,0.0,0.0,0.534676,0.025672,0.0297,-0.002457,-0.529808,-0.728956,0.433504,0.787617,-0.612476,-0.067317,0.314582,0.30577,0.898633,-2.9e-05,0.000249,0.000172,-1.2e-05,-1.3e-05,-1e-06,-0.696559,0.085294,0.043658,-0.024888,-0.252946,0.855766,-0.45131,-0.929959,-0.343712,-0.130527,-0.266821,0.386684,0.882768,-0.000292,-0.001027,-0.000407,-1.1e-05,-1.4e-05,-7e-06,-0.250017
45,0.09562,0.036903,0.434032,-0.161374,0.854918,-0.493072,-0.973049,-0.221156,-0.065098,-0.164506,0.468214,0.868182,0.00167,0.013001,-0.00869,0.035105,-0.016153,0.016683,0.460979,-0.135119,0.022512,0.361104,0.586741,0.681896,0.436742,-0.761621,0.647861,0.011942,-0.275525,-0.340504,0.898892,-0.012735,-0.001736,-3.7e-05,-0.002045,0.015205,-0.029245,0.534598,0.025672,0.0297,-0.002457,-0.529808,-0.728956,0.433504,0.787617,-0.612476,-0.067317,0.314582,0.30577,0.898633,-2.9e-05,0.000249,0.000172,-1.2e-05,-1.3e-05,-1e-06,-0.696559,0.085294,0.043658,-0.024888,-0.252946,0.855766,-0.45131,-0.929959,-0.343712,-0.130527,-0.266821,0.386684,0.882768,-0.000292,-0.001027,-0.000407,-1.1e-05,-1.4e-05,-7e-06,-0.250017
46,0.095649,0.037143,0.433795,-0.166633,0.853827,-0.493211,-0.971548,-0.227487,-0.065683,-0.168082,0.467171,0.868059,-0.000455,-0.001596,-0.000629,0.0,0.0,-0.0,0.391912,-0.135125,0.02248,0.361107,0.586661,0.681939,0.436782,-0.76169,0.64778,0.011956,-0.275506,-0.340571,0.898872,1.1e-05,-9.3e-05,-6.2e-05,0.0,0.0,0.0,0.534712,0.025672,0.0297,-0.002457,-0.529808,-0.728956,0.433504,0.787617,-0.612476,-0.067317,0.314582,0.30577,0.898633,-2.9e-05,0.000249,0.000172,-1.2e-05,-1.3e-05,-1e-06,-0.696559,0.085294,0.043658,-0.024888,-0.252946,0.855766,-0.45131,-0.929959,-0.343712,-0.130527,-0.266821,0.386684,0.882768,-0.000292,-0.001027,-0.000407,-1.1e-05,-1.4e-05,-7e-06,-0.250017
47,0.095605,0.037247,0.433642,-0.171493,0.852776,-0.493366,-0.970127,-0.233328,-0.066198,-0.171362,0.466214,0.867932,-0.000171,-0.000598,-0.000236,0.0,0.0,-0.0,0.300876,-0.135148,0.022432,0.361089,0.586621,0.681962,0.4368,-0.761725,0.647739,0.011963,-0.275495,-0.340604,0.898863,0.000135,-0.001156,-0.000778,0.0,0.0,0.0,0.534953,0.025672,0.0297,-0.002457,-0.529808,-0.728956,0.433504,0.787617,-0.612476,-0.067317,0.314582,0.30577,0.898633,-2.9e-05,0.000249,0.000172,-1.2e-05,-1.3e-05,-1e-06,-0.696559,0.085294,0.043658,-0.024888,-0.252946,0.855766,-0.45131,-0.929959,-0.343712,-0.130527,-0.266821,0.386684,0.882768,-0.000292,-0.001027,-0.000407,-1.1e-05,-1.4e-05,-7e-06,-0.250017
48,0.095722,0.037288,0.433506,-0.178455,0.849859,-0.495922,-0.966885,-0.244853,-0.071781,-0.182217,0.465632,0.866032,0.00048,0.008831,-0.010325,0.035097,-0.016182,0.016674,0.173738,-0.135142,0.022381,0.361055,0.586619,0.681963,0.436801,-0.761726,0.647738,0.011962,-0.275495,-0.340605,0.898863,6.3e-05,-0.000534,-0.00036,0.0,0.0,0.0,0.534845,0.025672,0.0297,-0.002457,-0.529808,-0.728956,0.433504,0.787617,-0.612476,-0.067317,0.314582,0.30577,0.898633,-2.9e-05,0.000249,0.000172,-1.2e-05,-1.3e-05,-1e-06,-0.696559,0.085294,0.043658,-0.024888,-0.252946,0.855766,-0.45131,-0.929959,-0.343712,-0.130527,-0.266821,0.386684,0.882768,-0.000292,-0.001027,-0.000407,-1.1e-05,-1.4e-05,-7e-06,-0.25018
49,0.095788,0.037292,0.433451,-0.178382,0.849837,-0.495986,-0.966873,-0.24486,-0.071921,-0.182354,0.465668,0.865984,0.000492,0.008873,-0.010308,0.035098,-0.016178,0.016676,0.11492,-0.135102,0.022371,0.361045,0.586664,0.681939,0.436779,-0.761696,0.647773,0.011981,-0.275484,-0.340586,0.898873,2.8e-05,-0.000238,-0.00016,0.0,0.0,0.0,0.535277,0.025672,0.0297,-0.002457,-0.529808,-0.728956,0.433504,0.787617,-0.612476,-0.067317,0.314582,0.30577,0.898633,-2.9e-05,0.000249,0.000172,-1.2e-05,-1.3e-05,-1e-06,-0.696559,0.085294,0.043658,-0.024888,-0.252946,0.855766,-0.45131,-0.929959,-0.343712,-0.130527,-0.266821,0.386684,0.882768,-0.000292,-0.001027,-0.000407,-1.1e-05,-1.4e-05,-7e-06,-0.25018
50,0.095852,0.037342,0.433375,-0.178376,0.849799,-0.496053,-0.96683,-0.244974,-0.072112,-0.182587,0.465679,0.865929,0.000274,0.000961,0.000379,0.0,0.0,0.0,0.066829,-0.135058,0.022406,0.361064,0.585551,0.681661,0.438702,-0.761616,0.647899,0.010102,-0.278067,-0.340902,0.897958,-0.000173,0.001473,0.000991,0.012955,-0.096967,0.173147,0.534938,0.025672,0.0297,-0.002457,-0.529808,-0.728956,0.433504,0.787617,-0.612476,-0.067317,0.314582,0.30577,0.898633,-2.9e-05,0.000249,0.000172,-1.2e-05,-1.3e-05,-1e-06,-0.696559,0.085294,0.043658,-0.024888,-0.252946,0.855766,-0.45131,-0.929959,-0.343712,-0.130527,-0.266821,0.386684,0.882768,-0.000292,-0.001027,-0.000407,-1.1e-05,-1.4e-05,-7e-06,-0.250017
51,0.095845,0.037426,0.433326,-0.174623,0.851221,-0.49495,-0.968448,-0.239188,-0.069788,-0.177581,0.466087,0.86675,0.000326,0.001143,0.000451,-0.006647,-0.000937,0.01164,0.031393,-0.13507,0.022427,0.361079,0.584176,0.681513,0.44076,-0.7617,0.647828,0.008119,-0.28072,-0.341334,0.896967,-2.2e-05,0.000186,0.000125,0.0,0.0,-0.0,0.534672,0.025672,0.0297,-0.002457,-0.529808,-0.728956,0.433504,0.787617,-0.612476,-0.067317,0.314582,0.30577,0.898633,-2.9e-05,0.000249,0.000172,-1.2e-05,-1.3e-05,-1e-06,-0.696559,0.085294,0.043658,-0.024888,-0.252946,0.855766,-0.45131,-0.929959,-0.343712,-0.130527,-0.266821,0.386684,0.882768,-0.000292,-0.001027,-0.000407,-1.1e-05,-1.4e-05,-7e-06,-0.250017
52,0.095845,0.037466,0.433322,-0.174555,0.851219,-0.494977,-0.968449,-0.23916,-0.069867,-0.177641,0.466105,0.866727,0.000322,0.001129,0.000445,-0.244201,-0.034469,0.427607,0.001167,-0.135089,0.022425,0.361079,0.584136,0.681534,0.440781,-0.761726,0.647797,0.008103,-0.280731,-0.341351,0.896957,-0.0,3e-06,2e-06,0.0,0.0,-0.0,0.53439,0.025672,0.0297,-0.002457,-0.529808,-0.728956,0.433504,0.787617,-0.612476,-0.067317,0.314582,0.30577,0.898633,-2.9e-05,0.000249,0.000172,-1.2e-05,-1.3e-05,-1e-06,-0.696559,0.085294,0.043658,-0.024888,-0.252946,0.855766,-0.45131,-0.929959,-0.343712,-0.130527,-0.266821,0.386684,0.882768,-0.000292,-0.001027,-0.000407,-1.1e-05,-1.4e-05,-7e-06,-0.250017
53,0.095819,0.037499,0.433346,-0.17458,0.851225,-0.494957,-0.968449,-0.239166,-0.069835,-0.177613,0.46609,0.866741,3.2e-05,0.000111,4.4e-05,-0.0,-0.0,0.0,-0.080031,-0.135177,0.022429,0.361089,0.583992,0.68161,0.440855,-0.761823,0.647684,0.008042,-0.28077,-0.341414,0.896921,-9e-05,0.000765,0.000515,0.0,0.0,0.0,0.534345,0.025672,0.0297,-0.002457,-0.529808,-0.728956,0.433504,0.787617,-0.612476,-0.067317,0.314582,0.30577,0.898633,-2.9e-05,0.000249,0.000172,-1.2e-05,-1.3e-05,-1e-06,-0.696559,0.085294,0.043658,-0.024888,-0.252946,0.855766,-0.45131,-0.929959,-0.343712,-0.130527,-0.266821,0.386684,0.882768,-0.000292,-0.001027,-0.000407,-1.1e-05,-1.4e-05,-7e-06,-0.250017
54,0.095819,0.037499,0.433346,-0.17458,0.851225,-0.494957,-0.968449,-0.239166,-0.069835,-0.177613,0.46609,0.866741,3.2e-05,0.000111,4.4e-05,-0.0,-0.0,0.0,-0.080031,-0.135177,0.022429,0.361089,0.583992,0.68161,0.440855,-0.761823,0.647684,0.008042,-0.28077,-0.341414,0.896921,-9e-05,0.000765,0.000515,0.0,0.0,0.0,0.534345,0.025672,0.0297,-0.002457,-0.529808,-0.728956,0.433504,0.787617,-0.612476,-0.067317,0.314582,0.30577,0.898633,-2.9e-05,0.000249,0.000172,-1.2e-05,-1.3e-05,-1e-06,-0.696559,0.085294,0.043658,-0.024888,-0.252946,0.855766,-0.45131,-0.929959,-0.343712,-0.130527,-0.266821,0.386684,0.882768,-0.000292,-0.001027,-0.000407,-1.1e-05,-1.4e-05,-7e-06,-0.250017
55,0.095813,0.03761,0.433257,-0.187995,0.852461,-0.487866,-0.968028,-0.24474,-0.054727,-0.165827,0.460919,0.871827,-5.4e-05,-0.000188,-7.4e-05,-0.702554,0.449474,-0.364306,-0.25957,-0.135269,0.022389,0.361059,0.585127,0.681881,0.438927,-0.761891,0.647578,0.009903,-0.278205,-0.341073,0.89785,0.000125,-0.001073,-0.000722,-0.0,-0.0,0.0,0.514703,0.025672,0.0297,-0.002457,-0.529808,-0.728956,0.433504,0.787617,-0.612476,-0.067317,0.314582,0.30577,0.898633,-2.9e-05,0.000249,0.000172,-1.2e-05,-1.3e-05,-1e-06,-0.696559,0.085394,0.043557,-0.025036,-0.261348,0.856791,-0.444527,-0.93159,-0.344442,-0.116182,-0.252658,0.383753,0.888198,-1.7e-05,1.8e-05,-0.000147,-2.341681,1.498089,-1.21316,-0.279083
56,0.09584,0.037688,0.433068,-0.206853,0.856311,-0.473274,-0.968501,-0.247696,-0.024976,-0.138366,0.452135,0.881168,-0.000392,-0.001375,-0.000542,-0.027754,0.083905,-0.19372,-0.294806,-0.135188,0.022361,0.361045,0.585203,0.68184,0.438887,-0.761847,0.647629,0.009959,-0.278164,-0.341057,0.897869,0.012767,0.001507,-0.000117,0.002045,-0.015205,0.029245,0.492247,0.025672,0.0297,-0.002457,-0.529808,-0.728956,0.433504,0.787617,-0.612476,-0.067317,0.314582,0.30577,0.898633,-2.9e-05,0.000249,0.000172,-1.2e-05,-1.3e-05,-1e-06,-0.696559,0.085408,0.0436,-0.025132,-0.281364,0.857691,-0.430348,-0.933065,-0.349263,-0.086045,-0.224105,0.377333,0.898552,9.1e-05,0.003907,-0.005406,-0.022603,0.087059,-0.193615,-0.324967
57,0.095909,0.03796,0.432748,-0.221095,0.855196,-0.468831,-0.966517,-0.256276,-0.01179,-0.129965,0.449462,0.88381,0.000661,0.009463,-0.010062,0.02332,0.053953,-0.169091,-0.336668,-0.135109,0.022426,0.361034,0.585486,0.68169,0.438744,-0.761628,0.647886,0.009983,-0.27817,-0.340868,0.897938,-3.6e-05,0.000304,0.000204,0.0,0.0,0.0,0.464238,0.025672,0.0297,-0.002457,-0.529808,-0.728956,0.433504,0.787617,-0.612476,-0.067317,0.314582,0.30577,0.898633,-2.9e-05,0.000249,0.000172,-1.2e-05,-1.3e-05,-1e-06,-0.696559,0.085442,0.043731,-0.02529,-0.295529,0.854657,-0.426875,-0.930671,-0.358434,-0.073318,-0.215669,0.375613,0.901332,1.5e-05,4.6e-05,-0.0,-0.01196,0.159019,-0.364211,-0.365463
