frame,MLTx,MLTy,MLTz,MLTR1,MLTR2,MLTR3,MLTR4,MLTR5,MLTR6,MLTR7,MLTR8,MLTR9,MLTTVx,MLTTVy,MLTTVz,MLTRVx,MLTRVy,MLTRVz,MLGA,MRTx,MRTy,MRTz,MRTR1,MRTR2,MRTR3,MRTR4,MRTR5,MRTR6,MRTR7,MRTR8,MRTR9,MRTTVx,MRTTVy,MRTTVz,MRTRVx,MRTRVy,MRTRVz,MRGA,SLTx,SLTy,SLTz,SLTR1,SLTR2,SLTR3,SLTR4,SLTR5,SLTR6,SLTR7,SLTR8,SLTR9,SLTTVx,SLTTVy,SLTTVz,SLTRVx,SLTRVy,SLTRVz,SLGA,SRTx,SRTy,SRTz,SRTR1,SRTR2,SRTR3,SRTR4,SRTR5,SRTR6,SRTR7,SRTR8,SRTR9,SRTTVx,SRTTVy,SRTTVz,SRTRVx,SRTRVy,SRTRVz,SRGA
1,0.061543,0.011,0.385534,-0.265615,-0.027061,-0.963723,-0.294181,-0.949648,0.107692,-0.917787,0.312142,0.245482,-0.00062,-0.001565,-0.001096,-0.321293,-1.62455,-0.554806,0.51584,-0.104392,0.040791,0.355145,-0.066017,-0.762034,0.644156,0.434162,0.559202,0.706208,-0.898264,0.327235,0.293092,0.037311,0.005726,0.000148,0.006019,-0.045474,0.087832,-0.785662,0.037592,0.038401,-0.007236,0.147699,0.682116,0.716171,-0.293228,-0.661355,0.69038,0.944564,-0.311971,0.102334,0.012565,0.001341,-0.000359,0.007498,-0.034961,0.055574,-0.733299,0.068334,0.028061,-0.050561,-0.275162,-0.001857,-0.961396,-0.233074,-0.970037,0.068582,-0.932717,0.242947,0.266485,-0.000286,-0.000772,-0.000532,-0.355856,-1.773948,-0.632,0.516959
2,0.061458,0.011149,0.385415,-0.236271,-0.049756,-0.970436,-0.286012,-0.950876,0.118334,-0.928364,0.305572,0.211643,-0.012954,0.003193,0.001947,-0.359537,-1.966746,-0.536124,0.510461,-0.10376,0.040907,0.355124,-0.068485,-0.762702,0.643106,0.432643,0.558035,0.708061,-0.898808,0.327673,0.290925,0.024944,0.003525,-0.000102,-0.04284,0.027566,0.09766,-0.784572,0.037912,0.038457,-0.007248,0.150013,0.68308,0.71477,-0.291305,-0.660321,0.692182,0.944794,-0.312053,0.099927,0.012519,0.001569,-0.000205,-0.040228,0.027196,0.096702,-0.743587,0.068296,0.028133,-0.050622,-0.246563,-0.02107,-0.968897,-0.224476,-0.971332,0.078247,-0.94277,0.236787,0.234765,0.000558,0.004931,-0.004757,-0.289759,-1.716418,-0.577655,0.511897
3,0.061276,0.011347,0.385401,-0.176188,-0.093937,-0.979887,-0.270529,-0.952478,0.139898,-0.946249,0.289847,0.143624,0.000534,0.001344,0.000941,-0.315179,-1.942499,-0.490358,0.501725,-0.102805,0.04101,0.355017,-0.071068,-0.763053,0.64241,0.431195,0.557139,0.709649,-0.8993,0.328383,0.288594,0.025541,0.000976,-0.001815,-0.000746,-0.024443,0.062525,-0.783311,0.038389,0.038512,-0.0073,0.152493,0.683647,0.713703,-0.289625,-0.659531,0.693639,0.944914,-0.312481,0.097427,0.006718,-0.001204,-0.00144,0.013456,-0.012227,-0.004516,-0.761712,0.0682,0.028232,-0.050629,-0.183551,-0.061387,-0.981091,-0.208677,-0.972867,0.099913,-0.960605,0.223071,0.165761,-0.006043,0.002665,0.00173,-0.242039,-1.573708,-0.575114,0.497691
4,0.060987,0.011456,0.38552,-0.128617,-0.154428,-0.97962,-0.247785,-0.951462,0.182468,-0.960095,0.26639,0.085331,-0.012394,0.00459,0.002921,-0.295366,-1.578047,-0.817544,0.500324,-0.102242,0.041065,0.354835,-0.0784,-0.763993,0.640437,0.426732,0.554755,0.714199,-0.900809,0.330235,0.281694,0.011432,0.008765,-0.010889,0.00053,0.038321,0.055297,-0.782769,0.038677,0.038535,-0.007388,0.159512,0.68525,0.710624,-0.284335,-0.657446,0.697794,0.945361,-0.313362,0.08997,0.006619,-0.00074,-0.001128,-0.005947,0.00426,0.040075,-0.770529,0.068061,0.028288,-0.050568,-0.13317,-0.118174,-0.984022,-0.185373,-0.972374,0.141862,-0.973602,0.201302,0.107584,-0.006097,0.002534,0.001638,-0.252447,-1.426149,-0.779841,0.492302
5,0.060754,0.011613,0.385587,-0.094289,-0.21895,-0.971193,-0.222549,-0.946193,0.234866,-0.970249,0.238551,0.041699,0.001855,0.011772,-0.008191,-0.212419,-1.360954,-0.902687,0.495748,-0.102129,0.041166,0.354611,-0.08365,-0.765069,0.638486,0.41758,0.554737,0.719603,-0.90461,0.327762,0.272243,0.000608,-0.00264,-0.001769,-0.251773,0.309568,0.209885,-0.783474,0.038738,0.038585,-0.007507,0.163176,0.686703,0.708386,-0.275312,-0.657793,0.701077,0.947404,-0.309427,0.081721,0.000302,-0.0013,-0.000874,-0.338124,0.392234,0.272759,-0.77951,0.06794,0.028363,-0.050531,-0.093142,-0.181641,-0.978943,-0.160098,-0.967691,0.194785,-0.982696,0.174869,0.061052,-0.006022,0.002704,0.001758,-0.119018,-0.625201,-1.299706,0.48822
6,0.060669,0.011699,0.385571,-0.072346,-0.249488,-0.965695,-0.208198,-0.943103,0.259194,-0.975331,0.220112,0.01749,0.001587,0.011094,-0.008664,-0.137242,-1.612788,-0.953478,0.48995,-0.102219,0.041255,0.354481,-0.086124,-0.765236,0.637956,0.416363,0.553978,0.720891,-0.904935,0.328655,0.270076,-0.001452,0.008731,-0.009668,-0.034895,0.094476,0.053924,-0.783644,0.038693,0.038627,-0.007568,0.166567,0.687197,0.707117,-0.273081,-0.656934,0.702754,0.94746,-0.310157,0.078237,-0.006063,-0.001652,-0.000488,-0.060488,0.093787,0.02245,-0.786695,0.067898,0.028407,-0.050538,-0.070238,-0.210384,-0.975091,-0.14563,-0.96487,0.218669,-0.986842,0.157361,0.037132,-0.006167,0.002366,0.00152,0.214949,-1.396548,-0.857456,0.483484
7,0.060554,0.011879,0.385534,-0.027813,-0.29873,-0.953956,-0.175557,-0.938014,0.298801,-0.984056,0.17615,-0.025166,0.000804,0.002011,0.001406,-0.136419,-1.21739,-0.967095,0.476818,-0.102503,0.041454,0.354278,-0.091081,-0.765309,0.637179,0.413853,0.552767,0.723262,-0.905594,0.330523,0.265551,-0.012477,-0.001782,4.6e-05,-0.094294,0.043888,0.229761,-0.781181,0.038557,0.038723,-0.007673,0.170787,0.687442,0.705871,-0.270746,-0.656077,0.704456,0.947379,-0.311424,0.074072,-0.006304,-0.000597,0.000223,-0.186806,0.232374,0.120943,-0.792247,0.067839,0.028498,-0.050562,-0.02151,-0.257673,-0.965992,-0.11297,-0.959401,0.25843,-0.993364,0.114687,-0.008473,-0.006246,0.002151,0.001372,0.294675,-0.825734,-0.7867,0.466502
8,0.060281,0.012305,0.385419,0.012608,-0.353383,-0.935418,-0.137262,-0.927232,0.348384,-0.990483,0.124439,-0.05903,-0.010644,0.016022,-0.005509,-0.077215,-0.974245,-0.893758,0.476161,-0.102694,0.041549,0.354207,-0.091155,-0.765099,0.637421,0.414165,0.552862,0.723011,-0.905444,0.330851,0.265653,-9.5e-05,0.000414,0.000277,-2.7e-05,3.3e-05,2.3e-05,-0.779243,0.038456,0.038778,-0.007709,0.171203,0.687331,0.705879,-0.270932,-0.655991,0.704465,0.947251,-0.311852,0.073912,-5.2e-05,0.000232,0.000158,0.001667,-0.002381,-0.001524,-0.786859,0.067707,0.028707,-0.050617,0.023051,-0.310949,-0.950146,-0.074906,-0.948264,0.308515,-0.996923,0.06406,-0.045151,-0.005196,0.00831,-0.002528,0.246877,-1.157467,-0.900837,0.457358
9,0.060082,0.012579,0.385359,0.033869,-0.380152,-0.924328,-0.119143,-0.919785,0.37386,-0.992355,0.097932,-0.075292,-0.011502,0.006753,0.004423,-0.129004,-0.995398,-0.892471,0.479919,-0.102719,0.041574,0.354226,-0.090994,-0.766903,0.635272,0.41436,0.550805,0.724467,-0.905371,0.330104,0.266828,-0.000404,0.001768,0.001185,-0.0,0.0,0.0,-0.779222,0.038444,0.038788,-0.0077,0.170603,0.689377,0.704026,-0.270962,-0.654131,0.706181,0.947351,-0.311241,0.075198,-0.000224,0.000983,0.000659,-0.000505,-8e-06,-0.001703,-0.787838,0.067608,0.028847,-0.050651,0.046188,-0.336875,-0.940415,-0.056993,-0.940775,0.334204,-0.997304,0.038161,-0.062652,-0.005336,0.007939,-0.00278,0.134106,-1.376494,-1.216851,0.458501
10,0.059529,0.013258,0.385179,0.073572,-0.432454,-0.898675,-0.096865,-0.899944,0.425076,-0.99268,0.056309,-0.106979,-0.023324,0.019723,-0.00322,-0.213809,-0.791895,-1.077606,0.492123,-0.102697,0.041608,0.354246,-0.090491,-0.772501,0.628526,0.414942,0.544367,0.728986,-0.905156,0.327727,0.270466,-0.000158,0.000691,0.000463,0.132567,-0.383344,0.72274,-0.776205,0.038454,0.038808,-0.007689,0.168973,0.695088,0.698785,-0.270983,-0.648895,0.710987,0.947636,-0.309497,0.078712,0.006016,0.001632,0.000511,0.445397,-1.293862,2.434274,-0.789961,0.067337,0.029184,-0.050737,0.089833,-0.387616,-0.917432,-0.035416,-0.921817,0.386001,-0.995326,-0.002184,-0.096538,-0.005167,0.008319,-0.002515,-0.202584,-1.127601,-1.16185,0.470094
11,0.05882,0.014157,0.384829,0.113409,-0.480674,-0.869561,-0.084679,-0.876692,0.473511,-0.990087,0.020525,-0.139043,-0.010965,0.015066,-0.006173,-0.220969,-0.446287,-1.109829,0.502093,-0.102657,0.041683,0.354302,-0.09027,-0.774665,0.625889,0.415108,0.541882,0.730742,-0.905102,0.326737,0.271839,-0.000606,0.002647,0.001772,0.00216,-0.014927,0.024554,-0.771677,0.038475,0.038842,-0.007663,0.168069,0.698141,0.695953,-0.270932,-0.646094,0.713553,0.947812,-0.308482,0.08056,-0.000167,0.00073,0.000487,-0.000493,0.000402,-0.001266,-0.788981,0.066978,0.029637,-0.050909,0.134186,-0.434779,-0.890483,-0.024538,-0.899792,0.435627,-0.990651,-0.036604,-0.131409,-0.011178,0.014508,-0.006537,-0.209937,-0.534462,-1.15687,0.487403
12,0.05806,0.015209,0.384352,0.141017,-0.520077,-0.842425,-0.096312,-0.854094,0.511096,-0.9855,0.009703,-0.16948,-0.009605,0.025381,-0.015346,-0.156127,-0.393305,-0.840371,0.490177,-0.102678,0.041733,0.354325,-0.085528,-0.776915,0.623762,0.412125,0.542287,0.732128,-0.90693,0.320649,0.272993,-0.000149,0.000651,0.000435,-0.0,-0.0,-0.0,-0.768019,0.038463,0.038872,-0.007649,0.16295,0.70039,0.694909,-0.267734,-0.646506,0.714386,0.949612,-0.30246,0.08217,-8.1e-05,0.000356,0.00024,-0.000164,0.000226,0.000114,-0.790124,0.066597,0.030158,-0.051145,0.164343,-0.473535,-0.865306,-0.037215,-0.879586,0.474281,-0.9857,-0.045743,-0.162177,-0.011095,0.014634,-0.00645,-0.175205,-0.33933,-1.070313,0.485117
13,0.057684,0.015789,0.384108,0.148817,-0.536586,-0.830647,-0.103228,-0.843838,0.526549,-0.98366,0.008048,-0.179931,-0.02163,0.030609,-0.011999,-0.253858,-0.633655,-0.994445,0.482203,-0.102678,0.041733,0.354325,-0.087939,-0.777013,0.623305,0.410505,0.541744,0.733439,-0.90743,0.321331,0.270516,-2e-06,1e-05,6e-06,-0.005686,0.006986,0.004754,-0.767574,0.038463,0.038872,-0.007648,0.165449,0.7007,0.694006,-0.265742,-0.646001,0.715585,0.94974,-0.30282,0.079325,1e-05,-4.6e-05,-3.1e-05,0.012893,-0.009283,-0.008034,-0.793227,0.066413,0.030443,-0.05127,0.170959,-0.489051,-0.855336,-0.043514,-0.871018,0.489319,-0.984316,-0.046435,-0.17019,-0.010689,0.015583,-0.005791,-0.069903,-0.02163,-0.883665,0.475646
14,0.056763,0.017119,0.383684,0.141494,-0.556964,-0.818423,-0.106589,-0.830505,0.546693,-0.984373,0.010569,-0.175856,-0.020532,0.033039,-0.010302,0.04743,0.253563,-0.563984,0.481334,-0.102673,0.041712,0.354299,-0.090203,-0.778804,0.620741,0.409115,0.539175,0.736104,-0.907833,0.32132,0.269177,0.000282,-0.001231,-0.000824,-0.003492,0.004292,0.002921,-0.767588,0.038465,0.038863,-0.00766,0.167193,0.702899,0.69136,-0.264037,-0.643694,0.71829,0.94991,-0.302638,0.07797,-0.000788,0.004642,-0.004644,0.047181,-0.000334,-0.012669,-0.796003,0.065959,0.031093,-0.05148,0.16695,-0.510615,-0.843445,-0.048041,-0.858647,0.510309,-0.984793,-0.044677,-0.167882,-0.016474,0.018645,-0.003813,0.060514,0.293267,-0.54949,0.465849
15,0.055904,0.018259,0.383485,0.127198,-0.574239,-0.808774,-0.111679,-0.818503,0.563518,-0.985741,0.019354,-0.167232,-0.020215,0.033579,-0.009931,0.370167,0.388765,-1.089581,0.482219,-0.102697,0.041694,0.354267,-0.090035,-0.783185,0.615228,0.403158,0.536087,0.741625,-0.91051,0.315778,0.26668,5.6e-05,-0.000247,-0.000165,-0.019984,0.022901,0.023535,-0.767814,0.038454,0.03885,-0.007679,0.166066,0.707952,0.686458,-0.257227,-0.640925,0.72322,0.951974,-0.296679,0.075668,3.5e-05,-0.000154,-0.000101,0.011418,-0.022623,0.070349,-0.792084,0.065531,0.031669,-0.051582,0.154306,-0.527033,-0.835718,-0.05438,-0.849097,0.525429,-0.986524,-0.035631,-0.159681,-0.010701,0.011842,-0.000229,0.0186,0.177227,-0.373892,0.465686
16,0.05553,0.01869,0.383468,0.120493,-0.579635,-0.805947,-0.116796,-0.814501,0.56826,-0.985982,0.026375,-0.164835,-0.008971,0.019455,-0.003121,0.027213,0.083911,-0.192309,0.483806,-0.102707,0.041702,0.354249,-0.092432,-0.783368,0.61464,0.401572,0.535414,0.742971,-0.910968,0.316469,0.264289,1.4e-05,-6e-05,-4e-05,-0.172946,0.212498,0.144651,-0.76757,0.038449,0.038854,-0.007688,0.167242,0.708161,0.685957,-0.256333,-0.640597,0.723828,0.952009,-0.296889,0.07439,2e-06,-5e-06,-2e-06,-0.292248,0.331141,0.231539,-0.794206,0.065332,0.0319,-0.051592,0.146756,-0.535584,-0.831631,-0.059062,-0.843979,0.533113,-0.987407,-0.02912,-0.155492,-0.010577,0.0121,-5.2e-05,0.018372,0.175913,-0.372486,0.466176
17,0.0549,0.0194,0.383575,0.104811,-0.590755,-0.800043,-0.110497,-0.806411,0.580916,-0.988477,0.028246,-0.148798,-0.009813,0.010343,0.006845,1.092112,0.946886,-2.369112,0.498809,-0.102776,0.041712,0.35424,-0.092465,-0.7832,0.614848,0.401624,0.535585,0.74282,-0.910941,0.316595,0.264229,-6e-06,2.5e-05,1.7e-05,-3.7e-05,4.5e-05,3.1e-05,-0.767766,0.038414,0.03886,-0.007692,0.168162,0.708049,0.685847,-0.255827,-0.64057,0.724032,0.951983,-0.297213,0.073418,-3e-06,1.9e-05,1.5e-05,0.002302,-0.00237,-0.001788,-0.795513,0.065017,0.032257,-0.051543,0.132745,-0.545877,-0.827282,-0.053871,-0.837408,0.543915,-0.989684,-0.027636,-0.140569,-0.004337,0.010036,-0.00134,0.111141,0.279618,-0.054471,0.477933
18,0.054526,0.019733,0.383831,0.091003,-0.598336,-0.796088,-0.105425,-0.800703,0.589687,-0.99038,0.031004,-0.134952,0.002136,0.00505,0.003481,0.048904,0.219135,-0.113913,0.512503,-0.102862,0.041712,0.354225,-0.092563,-0.782712,0.615456,0.401683,0.536114,0.742406,-0.910906,0.316908,0.263976,-0.012299,-0.002517,-0.000449,-0.002045,0.015205,-0.029245,-0.767838,0.038376,0.038861,-0.007699,0.16834,0.707512,0.686358,-0.255952,-0.641039,0.723572,0.951918,-0.297481,0.073177,2e-06,0.0,6e-06,-0.014994,0.102882,-0.169481,-0.793227,0.064827,0.032428,-0.051412,0.118217,-0.55642,-0.822447,-0.048189,-0.830494,0.554938,-0.991817,-0.02597,-0.124992,-0.005055,0.004811,0.003174,0.040687,0.218989,-0.115046,0.497201
19,0.054508,0.019826,0.384101,0.081128,-0.598683,-0.796895,-0.102931,-0.80029,0.590689,-0.991488,0.034843,-0.125554,0.001985,0.004692,0.003227,0.113957,0.26707,0.130846,0.514118,-0.10291,0.04171,0.354217,-0.092446,-0.784177,0.613605,0.401938,0.534302,0.743573,-0.910805,0.316345,0.264998,-0.0,0.0,0.0,0.0,-0.0,0.0,-0.76849,0.038347,0.038859,-0.007703,0.167868,0.709179,0.684751,-0.25607,-0.639396,0.724982,0.95197,-0.297046,0.074265,2e-06,-0.0,3e-06,-0.000797,0.000838,-0.002309,-0.79486,0.064817,0.032475,-0.051277,0.109173,-0.557794,-0.822767,-0.046269,-0.829669,0.556334,-0.992944,-0.022668,-0.116387,0.00115,0.002729,0.001881,0.175475,0.472828,0.046589,0.507325
20,0.054601,0.01985,0.384228,0.076678,-0.600892,-0.795672,-0.101348,-0.798587,0.593261,-0.992,0.035892,-0.121139,0.001126,-0.00435,0.013248,0.025137,0.103233,-0.019127,0.511043,-0.102901,0.041712,0.354217,-0.092444,-0.784192,0.613586,0.401938,0.534285,0.743586,-0.910805,0.316337,0.265006,-0.0,0.0,0.0,-0.0,0.0,0.0,-0.769074,0.038352,0.03886,-0.007703,0.167864,0.709183,0.684748,-0.256064,-0.639396,0.724985,0.951972,-0.297038,0.074265,0.006152,0.001258,0.000227,0.001902,-0.015162,0.028932,-0.79535,0.064863,0.032487,-0.051219,0.103904,-0.559952,-0.821983,-0.044276,-0.828241,0.558619,-0.993601,-0.021649,-0.11085,0.001142,0.002708,0.001859,0.10371,0.21896,-0.394024,0.507325
21,0.054758,0.01993,0.384491,0.072805,-0.60161,-0.795493,-0.100862,-0.797964,0.594182,-0.992337,0.037719,-0.117781,0.002408,0.005703,0.003909,0.001549,-0.011255,0.026562,0.501845,-0.102847,0.041731,0.354224,-0.094898,-0.784117,0.613308,0.400307,0.53391,0.744734,-0.911268,0.317158,0.262422,-2.9e-05,0.000125,8.4e-05,-0.280246,0.345738,0.235314,-0.768989,0.038379,0.038869,-0.0077,0.168291,0.70903,0.684801,-0.255809,-0.639495,0.724987,0.951965,-0.297187,0.073755,-1.6e-05,7.5e-05,5.1e-05,-0.329771,0.406665,0.276858,-0.795839,0.064942,0.032525,-0.051083,0.100278,-0.561043,-0.821689,-0.044064,-0.827546,0.559665,-0.993982,-0.019915,-0.107707,0.001079,0.002563,0.001754,-0.008009,-0.012918,-0.007003,0.498997
22,0.054817,0.019977,0.384743,0.067821,-0.604257,-0.793927,-0.105213,-0.795655,0.596518,-0.992231,0.043822,-0.116546,0.001924,0.004561,0.003121,0.960547,0.778105,-2.443051,0.492709,-0.102704,0.041783,0.354244,-0.094883,-0.78431,0.613063,0.400297,0.533685,0.7449,-0.911274,0.317059,0.262521,0.012283,0.002582,0.000492,0.001985,-0.015131,0.029296,-0.768452,0.038445,0.038895,-0.007689,0.170217,0.709473,0.683865,-0.254226,-0.638882,0.726083,0.952047,-0.297448,0.071617,-4e-06,1.4e-05,8e-06,0.002845,-0.002687,-0.002054,-0.795349,0.064972,0.03255,-0.050956,0.096585,-0.56192,-0.821532,-0.049387,-0.82708,0.559908,-0.994098,-0.013506,-0.107635,0.000767,0.001828,0.001252,8e-06,-0.000525,-0.0001,0.489526
23,0.054855,0.01998,0.38483,0.066881,-0.606004,-0.792673,-0.104504,-0.794339,0.598394,-0.992369,0.043565,-0.115466,0.001511,0.003584,0.00245,0.001523,-0.012354,0.023943,0.485219,-0.10264,0.041796,0.354246,-0.094911,-0.784233,0.613158,0.400296,0.533768,0.744842,-0.911271,0.317111,0.262466,-0.0,1e-06,1e-06,-1e-06,1e-06,1e-06,-0.769069,0.038482,0.038902,-0.007688,0.170231,0.7094,0.683938,-0.254254,-0.638947,0.726017,0.952037,-0.297484,0.071599,0.006151,0.001247,0.000214,0.002371,-0.015681,0.028961,-0.795349,0.064992,0.032553,-0.050911,0.094787,-0.566016,-0.818926,-0.047946,-0.82427,0.564161,-0.994341,-0.014211,-0.105269,0.000705,0.001679,0.001148,-0.001172,-0.015206,0.031601,0.482178
24,0.054861,0.019936,0.384994,0.060574,-0.61615,-0.785325,-0.107363,-0.786231,0.608512,-0.992461,0.048216,-0.112796,0.000664,0.001575,0.001076,-0.121524,0.080766,-0.021726,0.466783,-0.102542,0.041831,0.354259,-0.097333,-0.784337,0.612644,0.398655,0.533188,0.746137,-0.911732,0.317831,0.259986,-7e-06,3e-05,2e-05,-8.3e-05,0.000102,7e-05,-0.769301,0.038531,0.03892,-0.007681,0.172565,0.709695,0.683046,-0.252415,-0.638432,0.727111,0.952106,-0.297886,0.068967,-1e-06,-0.0,-4e-06,0.003273,-0.003128,-0.002375,-0.795513,0.064995,0.032532,-0.050828,0.08945,-0.576932,-0.811878,-0.05129,-0.816733,0.574731,-0.994669,-0.009769,-0.102647,0.000305,0.000733,0.000501,-0.110991,0.101816,-0.001499,0.461114
25,0.054719,0.019795,0.385139,0.051279,-0.619648,-0.783232,-0.116365,-0.782633,0.611488,-0.991959,0.06055,-0.111259,-0.014336,-0.007467,0.010829,-0.034775,0.034999,-0.044337,0.446968,-0.102477,0.041845,0.354251,-0.099732,-0.784532,0.612008,0.397032,0.532497,0.747494,-0.912177,0.318509,0.257581,1e-06,-3e-06,-2e-06,-0.000304,0.000375,0.000255,-0.769473,0.038564,0.038927,-0.007686,0.174854,0.710095,0.682049,-0.250584,-0.637816,0.728284,0.952173,-0.298254,0.066413,-1e-06,-2e-06,-3e-06,0.006302,-0.00574,-0.004456,-0.796819,0.06493,0.032466,-0.050759,0.080229,-0.580916,-0.809999,-0.060364,-0.813959,0.577776,-0.994946,0.00254,-0.10037,-0.000305,-0.000716,-0.000484,0.000358,0.000147,0.000925,0.435477
26,0.054629,0.019623,0.385336,0.047555,-0.620577,-0.782731,-0.114993,-0.781813,0.612795,-0.9923,0.061634,-0.107563,-0.001213,-0.009883,0.009456,-0.007748,0.080251,0.014342,0.434226,-0.10247,0.041865,0.354228,-0.101756,-0.788332,0.60677,0.395907,0.527348,0.751728,-0.91244,0.317696,0.257655,5e-06,-2.1e-05,-1.4e-05,-0.001742,0.000644,0.008362,-0.769015,0.038567,0.038936,-0.007698,0.175941,0.714658,0.676983,-0.248853,-0.633084,0.732991,0.952426,-0.297433,0.066459,-0.006145,-0.001268,-0.000233,0.012837,-0.002603,-0.023682,-0.796003,0.064879,0.032377,-0.050663,0.076388,-0.582023,-0.809576,-0.058846,-0.813164,0.57905,-0.995339,0.003408,-0.096366,8.2e-05,0.0002,0.000138,0.018823,0.053252,0.026503,0.411636
27,0.054567,0.019522,0.385448,0.042643,-0.623714,-0.780518,-0.112473,-0.779263,0.616499,-0.992806,0.062269,-0.102406,2e-06,5e-06,3e-06,0.327807,0.334933,-0.694257,0.433705,-0.102501,0.041876,0.354215,-0.103783,-0.792038,0.601578,0.39476,0.522245,0.755882,-0.912705,0.31691,0.257682,-0.012294,-0.002528,-0.000455,-0.021681,0.037919,-0.005858,-0.768605,0.038556,0.038943,-0.007704,0.177042,0.719118,0.671955,-0.247084,-0.6284,0.737605,0.952682,-0.296617,0.066429,-0.0,7e-06,2e-06,0.002002,0.002026,0.013759,-0.793553,0.064847,0.032323,-0.050603,0.072048,-0.584952,-0.807861,-0.056729,-0.811058,0.582207,-0.995786,0.003882,-0.091619,-0.00065,-0.005141,0.004627,0.961548,0.91729,-2.432783,0.405758
28,0.05446,0.019253,0.385652,0.02786,-0.628113,-0.777653,-0.105269,-0.775477,0.622516,-0.994101,0.065296,-0.086754,-0.001623,-0.010854,0.008798,0.094437,0.303712,0.099159,0.445277,-0.102655,0.041941,0.35411,-0.110168,-0.799865,0.589975,0.391023,0.510726,0.765633,-0.913557,0.316035,0.255731,7.8e-05,-0.000341,-0.000228,-0.055114,-0.017089,0.228108,-0.770599,0.038475,0.038975,-0.007757,0.181214,0.728472,0.660673,-0.24211,-0.618074,0.747908,0.953175,-0.295487,0.064366,-0.007083,0.004041,-0.004427,-0.027337,0.095481,0.036719,-0.789961,0.064794,0.032193,-0.050504,0.05786,-0.591273,-0.804392,-0.049609,-0.806449,0.589217,-0.99709,0.005813,-0.075994,-0.000881,-0.005581,0.004294,0.253447,0.631172,-0.204824,0.407391
29,0.054442,0.019091,0.385821,-0.000625,-0.639911,-0.768479,-0.091029,-0.765258,0.637234,-0.995861,0.071143,-0.056811,-0.000962,-0.009291,0.009868,0.455422,0.987001,-0.856824,0.484543,-0.102892,0.042137,0.35397,-0.118998,-0.806479,0.579157,0.385568,0.499874,0.775498,-0.914755,0.316589,0.250713,-0.002146,0.011782,-0.007609,-0.235148,0.326523,0.247583,-0.773668,0.038356,0.039072,-0.007827,0.186903,0.736759,0.649809,-0.236225,-0.608351,0.757698,0.953553,-0.295118,0.060338,-0.001077,0.005925,-0.003779,-0.323164,0.401947,0.30105,-0.793064,0.064785,0.032109,-0.050421,0.031072,-0.604559,-0.795953,-0.036177,-0.796496,0.603559,-0.998861,0.010042,-0.04662,0.000278,0.000576,0.000422,1.219184,1.658191,-2.284185,0.439723
30,0.054393,0.019074,0.385869,-0.019172,-0.644552,-0.76435,-0.083045,-0.760828,0.643596,-0.996351,0.076612,-0.037984,-0.001313,-0.010119,0.009303,0.335575,1.041869,0.034577,0.510452,-0.102988,0.042292,0.353895,-0.123043,-0.812713,0.569516,0.383216,0.490337,0.782718,-0.915203,0.315566,0.250369,-0.002272,0.012342,-0.007232,-0.169714,0.245314,0.193055,-0.776626,0.038309,0.039144,-0.007863,0.189163,0.744242,0.640562,-0.232975,-0.599697,0.765561,0.953907,-0.294052,0.059949,-0.007351,0.005247,-0.003618,-0.337183,0.428415,0.28083,-0.79143,0.064761,0.032103,-0.050395,0.014261,-0.611568,-0.791062,-0.028826,-0.791065,0.61105,-0.999482,0.014089,-0.02891,1e-05,3.7e-05,2.4e-05,0.214603,0.675864,-0.120829,0.470748
31,0.054566,0.019015,0.385809,-0.04795,-0.659103,-0.750553,-0.071676,-0.747217,0.660682,-0.996229,0.086291,-0.010474,0.013366,0.005136,-0.012433,0.236817,0.622281,-0.563797,0.519723,-0.103038,0.042752,0.353745,-0.131089,-0.824106,0.55105,0.378299,0.472085,0.796215,-0.91612,0.313862,0.249153,0.009376,0.0176,-0.004945,-0.078821,0.034814,0.328561,-0.781396,0.03828,0.03937,-0.007939,0.194582,0.758226,0.622278,-0.225726,-0.582763,0.780662,0.95456,-0.292368,0.057756,-0.001548,0.007998,-0.002395,-0.088522,0.054948,0.322659,-0.785879,0.064842,0.03207,-0.050416,-0.015807,-0.627478,-0.778473,-0.017388,-0.77828,0.627675,-0.999723,0.023458,0.001392,0.005972,-0.002645,-0.001667,0.427903,0.933143,-1.170596,0.511407
32,0.0552,0.018882,0.38567,-0.06371,-0.676309,-0.733889,-0.067096,-0.730825,0.679238,-0.995645,0.093352,0.002102,0.025414,-0.006868,-0.00415,-0.007686,0.150512,-0.302614,0.520206,-0.103074,0.043373,0.353607,-0.141854,-0.830691,0.538351,0.370948,0.459493,0.806968,-0.917507,0.315205,0.242258,0.008952,0.019368,-0.003763,-0.238228,0.307302,0.27623,-0.78652,0.038262,0.039681,-0.008008,0.201805,0.76676,0.609387,-0.21806,-0.571398,0.791172,0.954842,-0.292546,0.051889,-0.001794,0.009057,-0.001688,-0.381178,0.345846,0.550597,-0.790614,0.065153,0.032005,-0.050491,-0.030662,-0.64659,-0.76222,-0.013734,-0.762234,0.647155,-0.999434,0.030312,0.014491,0.006457,-0.001474,-0.000881,-0.020822,0.241833,-0.523132,0.518592
33,0.055609,0.018833,0.385559,-0.069073,-0.683479,-0.726726,-0.065669,-0.723781,0.686878,-0.995376,0.096013,0.00602,0.026635,0.003085,-0.01357,0.024021,0.127803,-0.281894,0.51971,-0.103075,0.043713,0.353572,-0.146051,-0.833777,0.532425,0.368055,0.453646,0.811587,-0.918008,0.315533,0.239924,0.008458,0.02148,-0.002358,-0.082079,0.073732,0.440135,-0.787429,0.038262,0.039847,-0.008028,0.205669,0.770669,0.603132,-0.213962,-0.565986,0.796165,0.954944,-0.292794,0.048488,-0.000899,0.003916,0.002614,0.003557,-0.222589,1.188471,-0.789634,0.065358,0.031977,-0.050542,-0.035354,-0.654402,-0.755319,-0.012741,-0.755435,0.655099,-0.999293,0.032783,0.01837,0.012671,-0.003523,-0.002149,-0.016897,0.23178,-0.470951,0.519245
34,0.056338,0.018722,0.385327,-0.074781,-0.69766,-0.712547,-0.057583,-0.710346,0.701474,-0.995456,0.094351,0.013839,0.026095,0.001824,-0.014439,0.030031,0.039135,-0.103922,0.519813,-0.102994,0.044349,0.353546,-0.150384,-0.835581,0.528375,0.365193,0.449582,0.815134,-0.918445,0.316581,0.236848,0.010382,0.010579,0.005807,-0.004106,-0.020521,0.060471,-0.78867,0.038302,0.040172,-0.008042,0.209648,0.773291,0.598387,-0.210531,-0.561933,0.799942,0.954842,-0.293685,0.044993,-0.001895,0.009467,-0.00142,0.059533,-0.033289,0.032206,-0.794696,0.065724,0.031924,-0.050656,-0.039988,-0.669622,-0.741624,-0.005282,-0.742065,0.670305,-0.999185,0.030721,0.026136,0.006019,-0.002524,-0.001602,-0.010455,0.160536,-0.32136,0.519572
35,0.056873,0.018613,0.38519,-0.06766,-0.706106,-0.704898,-0.043564,-0.703764,0.709077,-0.996686,0.079559,0.017738,0.0126,-0.003675,-0.002249,-0.004877,0.074069,-0.148327,0.51954,-0.102887,0.044789,0.353612,-0.154712,-0.839083,0.521532,0.362497,0.442738,0.820069,-0.918789,0.316972,0.234986,0.010733,0.008975,0.004733,-0.014181,-0.008803,0.068617,-0.787948,0.038355,0.040396,-0.008007,0.212617,0.777834,0.591411,-0.207269,-0.555576,0.805216,0.954899,-0.293784,0.043096,-0.000657,0.002863,0.001895,0.007986,-0.010617,0.018694,-0.799595,0.066,0.031868,-0.050732,-0.032224,-0.677966,-0.734386,0.008468,-0.734926,0.678093,-0.999444,0.015632,0.029423,0.006305,-0.001834,-0.001128,-0.004545,0.073925,-0.147808,0.519245
36,0.057143,0.018574,0.385108,-0.05054,-0.716318,-0.695974,-0.027268,-0.695628,0.717865,-0.9983,0.056145,0.016495,-1.5e-05,-3.7e-05,-2.5e-05,-0.02429,-0.052143,-0.023731,0.519258,-0.102675,0.045037,0.35375,-0.154537,-0.840819,0.51878,0.362709,0.440021,0.821437,-0.918735,0.316156,0.236294,0.01118,0.006979,0.003405,0.004238,-0.030275,0.053709,-0.786852,0.03846,0.040522,-0.007936,0.211685,0.779815,0.589133,-0.207632,-0.55315,0.806791,0.955027,-0.293109,0.044821,-0.00039,0.001686,0.001111,-4.5e-05,-0.001507,-0.001118,-0.803024,0.066135,0.031849,-0.050773,-0.014106,-0.687481,-0.726064,0.024146,-0.726159,0.687101,-0.999608,-0.00784,0.026843,-7e-06,-2.6e-05,-1.6e-05,0.011841,-0.08244,-0.019587,0.518755
37,0.057133,0.018593,0.385084,-0.050918,-0.722071,-0.689975,-0.026499,-0.689665,0.723624,-0.998301,0.056023,0.016846,-2.6e-05,-6.3e-05,-4.3e-05,-0.015009,0.072243,-0.185845,0.519258,-0.102557,0.045106,0.353794,-0.154603,-0.840676,0.518993,0.362695,0.440217,0.821338,-0.91873,0.316263,0.236171,0.011734,0.00457,0.001811,-0.013123,0.088821,-0.139569,-0.785989,0.038518,0.04056,-0.007912,0.211711,0.779759,0.589198,-0.207605,-0.553224,0.806748,0.955027,-0.293119,0.044758,-0.000253,0.001089,0.000715,-0.000527,-0.000934,-0.000186,-0.802698,0.06613,0.031858,-0.050785,-0.014001,-0.693653,-0.720172,0.024623,-0.720263,0.693262,-0.999598,-0.008027,0.027164,-8e-06,-2.4e-05,-1.6e-05,0.011249,0.099855,-0.161425,0.517939
38,0.056883,0.018792,0.385069,-0.041475,-0.736762,-0.674913,-0.017074,-0.674887,0.737705,-0.998955,0.043032,0.016257,-0.010921,0.014751,-0.006395,-0.035339,-0.028704,-0.248569,0.518979,-0.10228,0.045193,0.353823,-0.154819,-0.840169,0.519749,0.362738,0.440887,0.820959,-0.918676,0.316678,0.235823,0.012197,0.002562,0.000483,0.002045,-0.015205,0.029245,-0.784039,0.038657,0.040604,-0.007897,0.212086,0.77909,0.589946,-0.207687,-0.553955,0.806224,0.954926,-0.293513,0.04432,0.006126,0.001159,0.000156,0.001614,-0.015787,0.029191,-0.804167,0.066008,0.031951,-0.050791,-0.00364,-0.708238,-0.705963,0.033345,-0.705661,0.707763,-0.999436,-0.020964,0.026184,0.000237,0.000568,0.000394,-0.06872,-0.128178,-0.053374,0.517449
39,0.056314,0.019076,0.385142,-0.033444,-0.748073,-0.662808,-0.008626,-0.662953,0.748592,-0.999375,0.031679,0.016549,-0.0246,0.008759,0.005455,-0.231765,-0.375555,-0.253798,0.517542,-0.101958,0.045169,0.353788,-0.155058,-0.839585,0.520621,0.362765,0.441669,0.820527,-0.918625,0.317137,0.235406,0.000496,-0.002128,-0.001408,-0.0,0.0,0.0,-0.781007,0.038823,0.040592,-0.007915,0.21246,0.77844,0.590669,-0.207744,-0.554668,0.805719,0.954831,-0.293892,0.043871,0.006428,-0.000121,-0.000693,0.001738,-0.015594,0.02923,-0.80482,0.06572,0.032099,-0.050757,0.003652,-0.719102,-0.694895,0.042185,-0.69417,0.718573,-0.999103,-0.031938,0.0278,-0.012277,0.004435,0.002777,-0.380926,-0.522865,-0.337295,0.515979
40,0.055957,0.019197,0.385193,-0.033401,-0.752572,-0.657697,-0.008935,-0.657828,0.753096,-0.999373,0.031963,0.016072,-0.025157,0.007423,0.004538,-0.276664,-0.450716,-0.289904,0.516689,-0.101796,0.045133,0.353761,-0.155148,-0.839373,0.520935,0.362758,0.441956,0.820375,-0.918612,0.317297,0.235239,0.000602,-0.002576,-0.001705,-0.0,0.0,0.0,-0.780818,0.038903,0.040574,-0.007929,0.212601,0.7782,0.590935,-0.207748,-0.554936,0.805534,0.954798,-0.294024,0.04369,0.006486,-0.000362,-0.000852,-0.013411,0.088486,-0.139589,-0.805963,0.065552,0.032159,-0.050732,0.003331,-0.723558,-0.690254,0.042024,-0.689547,0.72302,-0.99911,-0.031416,0.02811,-0.006302,0.001827,0.001125,0.005714,0.114543,-0.194804,0.515489
41,0.055069,0.019397,0.385336,-0.026127,-0.755013,-0.655224,-0.001219,-0.655439,0.755229,-0.999639,0.021465,0.017025,-0.02577,0.005981,0.003542,-0.001781,0.029068,-0.059154,0.516253,-0.10153,0.045061,0.353689,-0.155274,-0.839117,0.521309,0.362774,0.442284,0.820191,-0.918584,0.317517,0.235053,0.012869,-0.000258,-0.00139,0.002045,-0.015205,0.029245,-0.780801,0.039032,0.040536,-0.007965,0.212792,0.777895,0.591268,-0.207781,-0.555261,0.805302,0.954749,-0.294216,0.043476,0.006567,-0.000686,-0.001068,-0.000322,-0.000359,0.004788,-0.806617,0.065119,0.032258,-0.050661,0.013086,-0.726243,-0.687312,0.048371,-0.686107,0.72589,-0.998743,-0.042745,0.026151,-0.013057,0.002582,0.00151,0.003568,0.031729,-0.056554,0.515
42,0.054184,0.019567,0.385483,-0.026604,-0.755581,-0.65455,-0.001326,-0.65477,0.755809,-0.999625,0.021911,0.017238,-0.012706,0.003427,0.002064,-0.000984,0.014714,-0.029553,0.516758,-0.101367,0.044982,0.353623,-0.155421,-0.838738,0.521876,0.362811,0.442789,0.819903,-0.918545,0.317816,0.234801,0.000496,-0.002112,-0.001401,-0.0,0.0,0.0,-0.7805,0.039119,0.040495,-0.008,0.21303,0.777476,0.591733,-0.207839,-0.555713,0.804974,0.954683,-0.294469,0.043207,0.00033,-0.001397,-0.000931,-0.00232,0.01492,-0.024453,-0.807596,0.064669,0.032339,-0.05059,0.012559,-0.72687,-0.686659,0.048224,-0.685474,0.726498,-0.998757,-0.042238,0.026444,-0.012648,0.003569,0.002178,0.002969,-0.058373,0.118809,0.514836
43,0.053374,0.019873,0.38559,-0.027182,-0.756418,-0.653558,-0.00116,-0.653792,0.756655,-0.999609,0.022262,0.017713,-0.023632,0.01803,-0.004454,0.031789,0.009059,-0.044364,0.517058,-0.101337,0.044935,0.35359,-0.155545,-0.83836,0.522447,0.362853,0.443302,0.819607,-0.918507,0.318101,0.234564,0.000118,-0.000503,-0.000334,-0.0,0.0,0.0,-0.780948,0.039135,0.040469,-0.008018,0.213254,0.77704,0.592224,-0.20791,-0.55619,0.804627,0.954618,-0.294719,0.042944,5.3e-05,-0.000221,-0.000148,-0.015279,0.103899,-0.16885,-0.808086,0.06425,0.032497,-0.050533,0.011982,-0.727831,-0.685651,0.048305,-0.684478,0.72743,-0.99876,-0.041837,0.026956,-0.011806,0.009049,-0.00219,0.031138,0.009724,-0.044336,0.514836
44,0.052891,0.020066,0.385639,-0.023049,-0.757096,-0.652932,0.002852,-0.653169,0.757188,-0.999715,0.016528,0.018033,-0.0251,0.007588,0.004615,-0.001179,0.028514,-0.059128,0.516742,-0.101364,0.04493,0.353578,-0.157918,-0.838214,0.521969,0.361117,0.442843,0.820622,-0.918783,0.319126,0.232077,1.1e-05,-4.8e-05,-3.2e-05,-0.040988,0.048248,0.033468,-0.780972,0.039121,0.040467,-0.008024,0.215626,0.777119,0.591261,-0.205804,-0.555736,0.805482,0.954541,-0.295367,0.040103,-1e-05,4.7e-05,3.2e-05,-0.031983,0.046123,0.029017,-0.809066,0.064018,0.032592,-0.05051,0.016184,-0.728248,-0.685121,0.052274,-0.683658,0.727927,-0.998501,-0.047595,0.027004,-0.011864,0.008896,-0.002293,0.034446,0.007266,-0.044067,0.51451
45,0.051873,0.020463,0.38573,-0.015853,-0.760581,-0.649084,0.011771,-0.649279,0.760441,-0.999798,0.005356,0.020059,-0.025435,0.006811,0.004071,-0.001947,0.029404,-0.059107,0.516963,-0.101446,0.044913,0.353575,-0.157941,-0.838094,0.522155,0.361136,0.443013,0.820522,-0.918772,0.319206,0.232012,0.0,-0.0,-0.0,-9e-06,1e-05,7e-06,-0.78137,0.039079,0.04046,-0.008025,0.215595,0.776936,0.591513,-0.206069,-0.555917,0.805289,0.954491,-0.295509,0.04025,-6e-06,2.5e-05,1.8e-05,0.001137,-0.001101,-0.000857,-0.809393,0.06351,0.032792,-0.050463,0.02363,-0.731448,-0.681486,0.060976,-0.679353,0.731273,-0.997859,-0.058835,0.028548,-0.012082,0.008367,-0.002656,0.031552,0.009962,-0.043223,0.515
46,0.050759,0.020758,0.385871,-0.009801,-0.762548,-0.646892,0.014277,-0.64698,0.762354,-0.99985,-0.00082,0.018039,-0.02569,0.006252,0.003675,-0.196569,-0.400142,-0.045139,0.516808,-0.101512,0.044907,0.353577,-0.157798,-0.839547,0.519859,0.361397,0.44071,0.821646,-0.918694,0.318574,0.233186,-2e-06,7e-06,4e-06,-0.0,0.0,0.0,-0.781018,0.039046,0.040458,-0.008023,0.215009,0.778653,0.589465,-0.206225,-0.553773,0.806725,0.954589,-0.295016,0.041512,-1e-06,5e-06,4e-06,-0.000694,0.000406,-0.001698,-0.809882,0.062953,0.032939,-0.050393,0.028112,-0.732811,-0.67985,0.064241,-0.677389,0.732814,-0.997537,-0.064275,0.028034,-0.012927,0.002938,0.00173,-0.398756,-0.525045,-0.34648,0.514999
47,0.050252,0.020852,0.38596,-0.010192,-0.763033,-0.646314,0.014185,-0.64641,0.762841,-0.999847,-0.000448,0.018222,-0.013131,0.002481,0.001393,-0.003478,0.010485,-0.031587,0.517017,-0.10154,0.044901,0.353576,-0.157806,-0.839507,0.519921,0.361403,0.440767,0.821612,-0.91869,0.318601,0.233164,-0.0,0.0,0.0,-0.0,0.0,0.0,-0.780995,0.039032,0.040455,-0.008023,0.215027,0.778598,0.589531,-0.206231,-0.553838,0.806679,0.954584,-0.295038,0.041481,0.0,-0.0,2e-06,-0.000116,-5.8e-05,-0.000226,-0.810372,0.062704,0.032985,-0.050349,0.029611,-0.73369,-0.678838,0.063069,-0.676411,0.733818,-0.997569,-0.064543,0.026243,-0.01297,0.002849,0.001664,0.010891,0.039531,-0.052221,0.51451
48,0.049528,0.021045,0.386088,-0.008551,-0.764722,-0.644339,0.012744,-0.64441,0.764556,-0.999884,-0.000727,0.016064,-0.023323,0.018632,-0.004084,0.028204,0.002901,-0.047325,0.517307,-0.101577,0.044856,0.353551,-0.157654,-0.84099,0.517564,0.361659,0.43841,0.82276,-0.918615,0.31794,0.234357,0.000399,-0.001704,-0.001132,0.015201,-0.104014,0.168818,-0.78021,0.039013,0.040435,-0.008034,0.214482,0.780262,0.587527,-0.206386,-0.551739,0.808077,0.954673,-0.294576,0.042697,0.000239,-0.001011,-0.00067,-0.00304,0.015715,-0.026609,-0.811352,0.062335,0.033074,-0.050284,0.031361,-0.735384,-0.676923,0.061484,-0.674555,0.735659,-0.997614,-0.064691,0.02406,-0.006035,0.002455,0.001541,0.012583,0.024892,-0.022435,0.514836
49,0.048971,0.021313,0.386185,-0.005313,-0.773455,-0.633864,0.018832,-0.633856,0.773204,-0.999814,-0.00687,0.018728,-0.011751,0.005615,0.003531,3.501742,-4.278555,-0.13417,0.516834,-0.10157,0.044827,0.353532,-0.157695,-0.840863,0.517757,0.361674,0.438584,0.82266,-0.918602,0.318036,0.234278,6.5e-05,-0.000276,-0.000183,-0.0,0.0,0.0,-0.780411,0.039017,0.040417,-0.008046,0.214511,0.780196,0.587603,-0.206391,-0.551815,0.808023,0.954665,-0.294606,0.042655,3.3e-05,-0.000136,-8.9e-05,-4.5e-05,-2.1e-05,-2.4e-05,-0.812495,0.062052,0.033213,-0.050238,0.030683,-0.744688,-0.666706,0.063262,-0.664236,0.74484,-0.997524,-0.065032,0.026729,-0.006164,0.002162,0.001335,0.032025,0.037252,-0.086962,0.51451
50,0.048364,0.021511,0.386306,-0.004829,-0.789479,-0.613795,0.020878,-0.613767,0.789193,-0.999777,-0.008026,0.020217,-0.013926,-0.006247,0.011625,0.127857,0.100785,-0.876256,0.51084,-0.101534,0.044834,0.353544,-0.157731,-0.840759,0.517916,0.361661,0.438734,0.822586,-0.918601,0.318104,0.23419,-0.000176,0.000751,0.000499,-0.0,0.0,0.0,-0.779883,0.039031,0.040417,-0.008042,0.214581,0.78006,0.587758,-0.206389,-0.551973,0.807916,0.95465,-0.29467,0.042553,-0.000144,0.000612,0.000406,-2.3e-05,-1.9e-05,-2.9e-05,-0.813638,0.061756,0.033319,-0.050179,0.037318,-0.759294,-0.649675,0.067229,-0.646748,0.759734,-0.997039,-0.072029,0.026911,-0.012508,0.003912,0.002368,-0.136364,-0.189479,-0.149252,0.512713
51,0.048083,0.021599,0.386359,0.001113,-0.797589,-0.603237,0.024307,-0.603058,0.797309,-0.999718,-0.014562,0.019472,-0.024989,0.007871,0.004751,-0.093583,-0.02534,-0.312949,0.503508,-0.101496,0.044832,0.353562,-0.157738,-0.840727,0.517965,0.361617,0.438796,0.822572,-0.918617,0.318102,0.234128,-4.4e-05,0.000187,0.000124,-0.0,0.0,0.0,-0.779723,0.039054,0.04042,-0.008031,0.21459,0.780039,0.587783,-0.206341,-0.552014,0.8079,0.954658,-0.294652,0.042497,0.006081,0.001396,0.000315,0.002036,-0.01523,0.029258,-0.813965,0.061615,0.033359,-0.050149,0.043637,-0.769391,-0.637285,0.070602,-0.633922,0.770166,-0.996549,-0.078601,0.026657,-0.006255,0.001958,0.001191,-0.071885,-0.131777,-0.100363,0.507162
52,0.047407,0.021828,0.386512,0.018641,-0.811341,-0.584314,0.025018,-0.583876,0.81144,-0.999549,-0.028739,0.010148,-0.012018,0.004998,0.003099,-0.26429,-0.312775,-0.407303,0.486598,-0.101429,0.044826,0.353598,-0.152749,-0.841649,0.517963,0.358915,0.440963,0.822597,-0.920524,0.312603,0.234046,-3e-06,1.4e-05,9e-06,-0.0,-0.0,-0.0,-0.779461,0.039088,0.040418,-0.008012,0.209632,0.780698,0.588696,-0.203596,-0.554026,0.807219,0.956348,-0.289076,0.042806,1e-06,-1e-05,-7e-06,4.5e-05,0.000103,0.000103,-0.814944,0.061271,0.033473,-0.050074,0.061185,-0.782572,-0.619545,0.070873,-0.615735,0.784759,-0.995606,-0.091925,0.017789,-0.012182,0.004638,0.002867,-0.394376,-0.444187,-0.511599,0.48822
53,0.046699,0.022115,0.386678,0.025923,-0.81974,-0.572188,0.017138,-0.571954,0.820089,-0.999562,-0.030049,-6e-05,-0.011807,0.005457,0.003409,-0.159888,-0.138014,-0.323246,0.470102,-0.101344,0.044827,0.353614,-0.152774,-0.841592,0.518049,0.35887,0.441056,0.822567,-0.920538,0.312626,0.233962,2.9e-05,-0.000125,-8.3e-05,-0.0,0.0,0.0,-0.77946,0.03913,0.040418,-0.008004,0.209676,0.780632,0.588769,-0.203556,-0.554111,0.807171,0.956347,-0.289092,0.042718,0.006131,0.001181,0.00017,0.002094,-0.015146,0.029253,-0.816904,0.060913,0.033618,-0.049989,0.070037,-0.791236,-0.607486,0.061866,-0.604364,0.794302,-0.995623,-0.093213,0.006623,-0.005883,0.002781,0.001752,-0.147337,-0.128854,-0.316483,0.46242
54,0.046403,0.022218,0.38674,0.031351,-0.823303,-0.566774,0.01243,-0.566711,0.823805,-0.999483,-0.031851,-0.006822,-0.012398,0.004147,0.00251,-0.255657,-0.285953,-0.39412,0.462123,-0.101316,0.044833,0.353615,-0.152792,-0.841552,0.51811,0.358873,0.441109,0.822537,-0.920533,0.31266,0.233934,1e-06,-2e-06,-1e-06,-0.0,0.0,0.0,-0.778633,0.039144,0.040421,-0.008004,0.209706,0.780585,0.58882,-0.203563,-0.55416,0.807135,0.956339,-0.289123,0.042687,-1e-06,-1e-06,-3e-06,2.8e-05,5.7e-05,2e-06,-0.817557,0.06077,0.033671,-0.049957,0.074916,-0.794415,-0.602737,0.057471,-0.599991,0.797939,-0.995532,-0.094418,0.000707,-0.006212,0.002048,0.00125,-0.376893,-0.512345,-0.295884,0.451969
55,0.04602,0.022269,0.386827,0.038094,-0.829226,-0.557654,0.006886,-0.557851,0.829895,-0.999311,-0.034426,-0.01484,-0.012888,0.003071,0.001771,-0.064163,-0.083241,-0.076471,0.437436,-0.101339,0.044805,0.35361,-0.147874,-0.84221,0.518466,0.356257,0.443557,0.822358,-0.922357,0.307361,0.233774,0.000244,-0.00104,-0.000691,-0.0,-0.0,-0.0,-0.777882,0.039132,0.040408,-0.008005,0.204882,0.780939,0.590048,-0.200931,-0.55644,0.806226,0.95794,-0.28374,0.04291,0.000139,-0.000591,-0.000391,-0.000203,0.000344,0.001169,-0.818537,0.060579,0.033697,-0.049913,0.083388,-0.800608,-0.593356,0.050678,-0.591253,0.804891,-0.995227,-0.097189,-0.00873,-0.000279,-0.000613,-0.000412,-0.025563,0.017434,-0.201206,0.424373
56,0.045935,0.022241,0.386819,0.047867,-0.8355,-0.547442,0.000947,-0.548056,0.836424,-0.998926,-0.03952,-0.024755,-0.000366,-0.000807,-0.000552,-0.17662,-0.273088,-0.130774,0.404956,-0.101425,0.044764,0.353592,-0.147912,-0.842043,0.518726,0.356278,0.443795,0.82222,-0.922342,0.307476,0.23368,-0.012112,-0.003015,-0.000779,-0.002045,0.015205,-0.029245,-0.775826,0.03909,0.040386,-0.008016,0.204977,0.780748,0.590267,-0.200966,-0.556651,0.806071,0.957912,-0.28385,0.042803,-0.006056,-0.001509,-0.000389,-0.001968,0.015322,-0.029211,-0.819843,0.060531,0.033683,-0.049917,0.092737,-0.806556,-0.583837,0.044829,-0.582387,0.811674,-0.99468,-0.101445,-0.017852,-0.000225,-0.000497,-0.00034,-0.252347,-0.356006,-0.174272,0.38747
