frame,MLTx,MLTy,MLTz,MLTR1,MLTR2,MLTR3,MLTR4,MLTR5,MLTR6,MLTR7,MLTR8,MLTR9,MLTTVx,MLTTVy,MLTTVz,MLTRVx,MLTRVy,MLTRVz,MLGA,MRTx,MRTy,MRTz,MRTR1,MRTR2,MRTR3,MRTR4,MRTR5,MRTR6,MRTR7,MRTR8,MRTR9,MRTTVx,MRTTVy,MRTTVz,MRTRVx,MRTRVy,MRTRVz,MRGA,SLTx,SLTy,SLTz,SLTR1,SLTR2,SLTR3,SLTR4,SLTR5,SLTR6,SLTR7,SLTR8,SLTR9,SLTTVx,SLTTVy,SLTTVz,SLTRVx,SLTRVy,SLTRVz,SLGA,SRTx,SRTy,SRTz,SRTR1,SRTR2,SRTR3,SRTR4,SRTR5,SRTR6,SRTR7,SRTR8,SRTR9,SRTTVx,SRTTVy,SRTTVz,SRTRVx,SRTRVy,SRTRVz,SRGA
1,0.141034,0.033396,0.429843,-0.507529,0.500324,-0.701524,-0.629194,-0.771398,-0.095032,-0.588076,0.392537,0.707183,-0.0,-0.0,-0.0,0.0,0.0,0.0,-1.369506,-0.200398,0.006312,0.355021,0.692552,0.258946,0.673283,-0.592623,0.736256,0.326588,-0.411993,-0.625503,0.662473,-0.0,-0.0,-0.0,0.0,0.0,0.0,-1.204972,0.01947,0.024221,0.00076,-0.695574,-0.110347,0.709929,0.444518,-0.842392,0.304594,0.564428,0.527445,0.634997,3e-06,4e-06,6e-06,-4e-06,7e-06,8e-06,-0.947536,0.086012,0.041441,-0.024897,-0.621248,0.470852,-0.626376,-0.543853,-0.834559,-0.087944,-0.564157,0.286022,0.774543,-3e-06,7e-06,2e-06,-2.4e-05,-3e-05,-1.5e-05,-0.915099
2,0.141032,0.03338,0.429837,-0.507564,0.500299,-0.701517,-0.629175,-0.771417,-0.095002,-0.588067,0.39253,0.707194,-7.1e-05,-0.000507,-0.000195,0.0,0.0,0.0,-1.370835,-0.200399,0.006321,0.355015,0.692563,0.258943,0.673273,-0.592603,0.736276,0.326578,-0.412003,-0.625481,0.662488,-0.0,-0.0,-0.0,0.0,0.0,0.0,-1.204099,0.01947,0.024225,0.000757,-0.695585,-0.110341,0.709919,0.444494,-0.842408,0.304586,0.564433,0.527421,0.635012,5e-06,4e-06,6e-06,-4e-06,3e-05,-4e-06,-0.9477,0.086011,0.041434,-0.0249,-0.621279,0.470823,-0.626368,-0.543829,-0.834577,-0.087917,-0.564146,0.286016,0.774553,-4.8e-05,-0.000318,-0.000121,-3e-06,-7e-06,6e-06,-0.915263
3,0.141038,0.033362,0.429829,-0.507578,0.500287,-0.701515,-0.629167,-0.771426,-0.094989,-0.588064,0.392529,0.707198,-1.1e-05,-7.5e-05,-2.9e-05,0.0,0.0,0.0,-1.370629,-0.200399,0.006329,0.355009,0.692575,0.258939,0.673262,-0.592582,0.736296,0.326569,-0.412012,-0.625458,0.662503,-0.0,-0.0,-0.0,0.0,0.0,0.0,-1.202177,0.01947,0.024229,0.000754,-0.695596,-0.110334,0.709909,0.44447,-0.842423,0.304578,0.564439,0.527397,0.635027,5e-06,3e-06,5e-06,-3e-06,1.3e-05,4e-06,-0.947536,0.086014,0.041424,-0.024904,-0.621291,0.47081,-0.626365,-0.543819,-0.834585,-0.087905,-0.564142,0.286015,0.774556,-3e-06,-1.6e-05,-6e-06,-2e-06,-4e-06,3e-06,-0.915263
4,0.141028,0.033362,0.42982,-0.507601,0.500269,-0.701511,-0.629138,-0.77145,-0.094987,-0.588075,0.392505,0.707202,-4e-06,-2.8e-05,-1.1e-05,0.0,0.0,0.0,-1.369766,-0.200408,0.006321,0.355016,0.692545,0.258952,0.673287,-0.592619,0.736269,0.326565,-0.41201,-0.625485,0.66248,-0.0,-0.0,-0.0,0.0,0.0,0.0,-1.204057,0.019465,0.024225,0.000757,-0.695569,-0.110353,0.709933,0.44451,-0.842404,0.304572,0.564441,0.527423,0.635003,5e-06,2e-06,4e-06,-3e-06,2e-05,-0.0,-0.94721,0.086009,0.041424,-0.024909,-0.621312,0.470789,-0.62636,-0.543787,-0.834605,-0.087907,-0.56415,0.28599,0.77456,-0.0,0.0,3e-06,-3e-06,-1e-06,2e-06,-0.915426
5,0.141038,0.033369,0.429822,-0.507564,0.500294,-0.70152,-0.629158,-0.77143,-0.095018,-0.588086,0.392513,0.707189,1.2e-05,8.7e-05,3.4e-05,0.0,0.0,0.0,-1.367076,-0.200418,0.006328,0.355022,0.694065,0.254848,0.673289,-0.588251,0.739765,0.326563,-0.415706,-0.623035,0.66248,3.4e-05,0.000384,0.000285,0.334885,0.162428,0.329509,-1.203811,0.01946,0.024228,0.00076,-0.69615,-0.106402,0.709966,0.439964,-0.844702,0.304808,0.567278,0.524553,0.634853,2.7e-05,0.000246,0.000191,1.122376,0.551024,1.115057,-0.94672,0.086014,0.041428,-0.024908,-0.621279,0.470818,-0.626371,-0.543812,-0.834586,-0.087935,-0.564163,0.285997,0.774548,5e-06,5.5e-05,2.2e-05,-3e-06,-2e-06,5e-06,-0.915263
6,0.141038,0.033369,0.429822,-0.507564,0.500294,-0.70152,-0.629158,-0.77143,-0.095018,-0.588086,0.392513,0.707189,0.0,1e-06,0.0,0.0,0.0,0.0,-1.366468,-0.200418,0.006336,0.355015,0.694076,0.254844,0.673279,-0.58823,0.739785,0.326554,-0.415716,-0.623012,0.662495,0.0,5e-06,4e-06,0.0,0.0,0.0,-1.202231,0.01946,0.024233,0.000758,-0.69622,-0.10601,0.709957,0.439487,-0.844948,0.304817,0.567563,0.524237,0.634859,3e-06,-2e-06,-0.0,2.3e-05,-0.000124,-0.000173,-0.945577,0.086014,0.041428,-0.024907,-0.621279,0.470818,-0.626371,-0.543812,-0.834586,-0.087934,-0.564163,0.285997,0.774548,-2e-06,-2e-06,0.0,-4e-06,2e-06,7e-06,-0.915426
7,0.141046,0.03336,0.429818,-0.507561,0.500294,-0.701522,-0.629159,-0.771429,-0.095019,-0.588087,0.392515,0.707186,-0.0,-2e-06,-1e-06,0.0,0.0,0.0,-1.369193,-0.200408,0.006336,0.355015,0.694094,0.254835,0.673264,-0.588214,0.739791,0.326567,-0.415709,-0.623008,0.662503,5.4e-05,0.000611,0.000453,0.0,0.0,0.0,-1.202222,0.019465,0.024232,0.000756,-0.696236,-0.106001,0.709942,0.439475,-0.844949,0.30483,0.567553,0.524236,0.634869,3.7e-05,0.000414,0.000308,-5.8e-05,-3.2e-05,-5.8e-05,-0.946067,0.086018,0.041423,-0.024909,-0.621276,0.470819,-0.626374,-0.543814,-0.834585,-0.087936,-0.564165,0.285998,0.774546,1e-06,6e-06,2e-06,-9e-06,-5e-06,1e-06,-0.915263
8,0.141037,0.033369,0.429811,-0.507567,0.500289,-0.701522,-0.62914,-0.771443,-0.095032,-0.588103,0.392493,0.707185,-0.0,-0.0,-0.0,0.0,0.0,0.0,-1.36901,-0.200418,0.006321,0.355017,0.694049,0.254855,0.673302,-0.588264,0.739759,0.326551,-0.415713,-0.623038,0.662472,-2.4e-05,-0.000277,-0.000206,0.0,0.0,0.0,-1.201687,0.01946,0.024226,0.000758,-0.696194,-0.106033,0.709979,0.439532,-0.844927,0.304811,0.56756,0.524266,0.634838,-1.9e-05,-0.000215,-0.00016,-4.2e-05,-1.7e-05,-3.8e-05,-0.946067,0.086014,0.041428,-0.024913,-0.621281,0.470813,-0.626373,-0.543794,-0.834597,-0.087951,-0.564178,0.285976,0.774545,-2e-06,4e-06,2e-06,-1.8e-05,-1.4e-05,-5e-06,-0.913793
9,0.141036,0.03336,0.429808,-0.507584,0.500276,-0.701518,-0.62913,-0.771453,-0.095017,-0.588098,0.39249,0.707191,-2e-05,-0.000142,-5.5e-05,0.0,0.0,0.0,-1.368115,-0.200419,0.006314,0.355011,0.694034,0.254863,0.673315,-0.588278,0.739753,0.326539,-0.41572,-0.623042,0.662464,-1.5e-05,-0.000175,-0.00013,0.0,0.0,0.0,-1.200171,0.01946,0.024222,0.000755,-0.69618,-0.106044,0.709991,0.439546,-0.844923,0.304799,0.567566,0.524269,0.63483,-9e-06,-0.000103,-7.6e-05,-3.4e-05,-1.1e-05,-3.3e-05,-0.946393,0.086013,0.041424,-0.024914,-0.621296,0.470799,-0.626369,-0.543782,-0.834606,-0.087937,-0.564172,0.285973,0.77455,-1.3e-05,-8.3e-05,-3.1e-05,-2e-06,7e-06,8e-06,-0.914446
10,0.141043,0.033351,0.429804,-0.507581,0.500277,-0.70152,-0.629131,-0.771452,-0.095018,-0.5881,0.392492,0.707189,-1e-06,-5e-06,-2e-06,0.0,0.0,0.0,-1.368882,-0.200409,0.006314,0.355011,0.693945,0.254904,0.673391,-0.588356,0.739721,0.326471,-0.415758,-0.623063,0.662421,-0.0,-0.0,-0.0,0.0,0.0,0.0,-1.201065,0.019465,0.024222,0.000755,-0.696097,-0.106104,0.710063,0.439627,-0.844908,0.304727,0.567605,0.524282,0.634784,4e-06,7e-06,8e-06,-0.011959,0.096998,-0.173232,-0.94672,0.086017,0.041419,-0.024916,-0.621294,0.470799,-0.626371,-0.543783,-0.834605,-0.087939,-0.564174,0.285975,0.774548,0.0,1.1e-05,4e-06,-1e-05,-1.1e-05,-4e-06,-0.915099
11,0.141043,0.033344,0.429812,-0.507595,0.500269,-0.701515,-0.62914,-0.771448,-0.094989,-0.588078,0.392508,0.707198,-0.0,-0.0,-0.0,0.0,0.0,0.0,-1.369511,-0.200408,0.006321,0.355016,0.694067,0.254846,0.673287,-0.588249,0.739765,0.326565,-0.415706,-0.623034,0.66248,0.0,2e-06,1e-06,0.0,0.0,0.0,-1.199533,0.019465,0.024226,0.000758,-0.69621,-0.106022,0.709965,0.439518,-0.844928,0.304826,0.567551,0.524265,0.634846,2e-06,-3e-06,-1e-06,-1.8e-05,-3e-06,-2.5e-05,-0.947046,0.086017,0.041415,-0.024913,-0.621306,0.47079,-0.626365,-0.54379,-0.834603,-0.087909,-0.564154,0.285993,0.774556,-4e-06,7e-06,4e-06,-1.6e-05,-2.2e-05,-1e-05,-0.915099
12,0.141043,0.033344,0.429812,-0.507595,0.500269,-0.701515,-0.62914,-0.771448,-0.094989,-0.588078,0.392508,0.707198,-0.0,-0.0,-0.0,0.0,0.0,0.0,-1.371174,-0.200419,0.006314,0.355011,0.694034,0.254863,0.673315,-0.588278,0.739753,0.326539,-0.41572,-0.623042,0.662464,-0.0,-2e-06,-1e-06,0.0,0.0,0.0,-1.199884,0.01946,0.024222,0.000755,-0.69618,-0.106046,0.709991,0.439549,-0.844922,0.304799,0.567565,0.52427,0.63483,1e-06,4e-06,4e-06,-1.8e-05,-1e-06,-1.3e-05,-0.946883,0.086017,0.041415,-0.024913,-0.621306,0.47079,-0.626365,-0.54379,-0.834603,-0.087909,-0.564154,0.285993,0.774556,-5e-06,5e-06,4e-06,-1.7e-05,-2.6e-05,-1e-05,-0.915099
13,0.141041,0.033328,0.429806,-0.50763,0.500244,-0.701508,-0.62912,-0.771467,-0.09496,-0.588069,0.392502,0.707209,-8.1e-05,-0.000576,-0.000222,0.0,0.0,0.0,-1.371548,-0.200409,0.006314,0.355011,0.694051,0.254854,0.6733,-0.588262,0.73976,0.326553,-0.415713,-0.623038,0.662473,-0.0,-0.0,-0.0,0.0,0.0,0.0,-1.198343,0.019465,0.024222,0.000755,-0.696196,-0.106033,0.709977,0.439533,-0.844925,0.304813,0.567557,0.524268,0.634838,2e-06,4e-06,4e-06,-1.5e-05,4e-06,-1.6e-05,-0.94623,0.086016,0.041408,-0.024915,-0.621337,0.470761,-0.626356,-0.543765,-0.834622,-0.087883,-0.564143,0.285987,0.774566,-5.5e-05,-0.000367,-0.000141,-9e-06,-9e-06,-0.0,-0.915426
14,0.141038,0.033303,0.429796,-0.507681,0.500207,-0.701497,-0.629092,-0.771497,-0.094916,-0.588055,0.392492,0.707225,-5.5e-05,-0.000391,-0.000151,0.0,0.0,0.0,-1.368967,-0.200409,0.006314,0.355011,0.694051,0.254854,0.6733,-0.588262,0.73976,0.326553,-0.415713,-0.623038,0.662473,-0.0,-4e-06,-3e-06,0.0,0.0,0.0,-1.198055,0.019465,0.024222,0.000755,-0.696196,-0.106034,0.709977,0.439533,-0.844925,0.304813,0.567557,0.524268,0.634838,0.0,1e-06,1e-06,-1e-05,-4e-06,-9e-06,-0.946883,0.086014,0.041395,-0.02492,-0.621383,0.470718,-0.626344,-0.54373,-0.83465,-0.087843,-0.564127,0.285978,0.774581,-3.2e-05,-0.000229,-8.8e-05,2e-06,2e-06,7e-06,-0.915263
15,0.141036,0.033288,0.429801,-0.507713,0.500188,-0.701488,-0.62909,-0.771503,-0.094872,-0.588029,0.392505,0.70724,-0.0,-3e-06,-1e-06,0.0,0.0,0.0,-1.372056,-0.200409,0.006314,0.355011,0.694051,0.254854,0.6733,-0.588262,0.73976,0.326553,-0.415713,-0.623038,0.662473,-0.0,-0.0,-0.0,0.0,0.0,0.0,-1.198872,0.019465,0.024222,0.000755,-0.696196,-0.106034,0.709977,0.439533,-0.844925,0.304813,0.567557,0.524269,0.634838,2e-06,1e-06,2e-06,-2e-06,2e-06,-1.9e-05,-0.946883,0.086013,0.041387,-0.024918,-0.621411,0.470694,-0.626334,-0.543725,-0.834657,-0.0878,-0.564101,0.285994,0.774594,2e-06,1.9e-05,8e-06,5e-06,1.4e-05,6e-06,-0.915426
16,0.141037,0.033296,0.429804,-0.507696,0.5002,-0.701492,-0.6291,-0.771493,-0.094887,-0.588034,0.392508,0.707234,0.0,1e-06,0.0,0.0,0.0,0.0,-1.373615,-0.200409,0.006314,0.355011,0.694051,0.254854,0.6733,-0.588262,0.73976,0.326553,-0.415713,-0.623038,0.662473,-0.0,-0.0,-0.0,0.0,0.0,0.0,-1.199097,0.019465,0.024222,0.000755,-0.696196,-0.106034,0.709977,0.439533,-0.844925,0.304813,0.567557,0.524269,0.634838,2e-06,1e-06,2e-06,-3e-06,-3e-06,-1.5e-05,-0.94623,0.086014,0.041392,-0.024917,-0.621396,0.470708,-0.626338,-0.543736,-0.834648,-0.087813,-0.564107,0.285996,0.774589,-1e-06,1e-06,2e-06,-3e-06,-0.0,5e-06,-0.915753
17,0.141036,0.033295,0.429793,-0.507699,0.500195,-0.701493,-0.629082,-0.771506,-0.094901,-0.588051,0.392489,0.707231,-0.000102,-0.000722,-0.000278,0.0,0.0,0.0,-1.374114,-0.200409,0.006314,0.355011,0.694051,0.254854,0.6733,-0.588262,0.73976,0.326553,-0.415713,-0.623038,0.662473,-0.0,-0.0,-0.0,0.0,0.0,0.0,-1.197608,0.019465,0.024222,0.000755,-0.696196,-0.106034,0.709977,0.439533,-0.844925,0.304813,0.567557,0.524269,0.634838,2e-06,1e-06,2e-06,-3e-06,-3e-06,-1.5e-05,-0.94623,0.086013,0.041389,-0.024917,-0.621411,0.470694,-0.626334,-0.543724,-0.834658,-0.0878,-0.564102,0.285993,0.774594,-8.2e-05,-0.00057,-0.000219,-0.0,-8e-06,3e-06,-0.915753
18,0.141036,0.033288,0.429801,-0.507713,0.500188,-0.701488,-0.62909,-0.771503,-0.094872,-0.588029,0.392505,0.70724,-0.0,-0.0,-0.0,0.0,0.0,0.0,-1.37258,-0.200409,0.006314,0.355011,0.694051,0.254854,0.6733,-0.588262,0.73976,0.326553,-0.415713,-0.623038,0.662473,-0.0,-0.0,-0.0,0.0,0.0,0.0,-1.197961,0.019465,0.024222,0.000755,-0.696196,-0.106034,0.709977,0.439533,-0.844925,0.304813,0.567557,0.524269,0.634838,2e-06,1e-06,2e-06,-3e-06,-3e-06,-1.5e-05,-0.946883,0.086013,0.041387,-0.024918,-0.621411,0.470694,-0.626333,-0.543724,-0.834658,-0.0878,-0.564101,0.285993,0.774594,-1e-06,6e-06,2e-06,-9e-06,-9e-06,-2e-06,-0.915753
19,0.141045,0.033287,0.4298,-0.507693,0.5002,-0.701494,-0.629101,-0.771492,-0.094888,-0.588035,0.39251,0.707232,-0.0,-0.0,-0.0,0.0,0.0,0.0,-1.374695,-0.20041,0.0063,0.355,0.69402,0.254868,0.673327,-0.588289,0.739749,0.326529,-0.415726,-0.623045,0.662458,-9e-05,-0.001026,-0.000762,0.0,0.0,0.0,-1.198491,0.019464,0.024217,0.000751,-0.696167,-0.106054,0.710002,0.439561,-0.844919,0.304788,0.567571,0.524273,0.634823,-5e-05,-0.00058,-0.000429,4e-06,1.1e-05,-2.9e-05,-0.947373,0.086018,0.041387,-0.024919,-0.621393,0.470709,-0.62634,-0.543738,-0.834648,-0.087814,-0.564109,0.285998,0.774587,-2e-06,4e-06,3e-06,-1.2e-05,-8e-06,-3e-06,-0.915916
20,0.141036,0.033288,0.429801,-0.507713,0.500188,-0.701488,-0.62909,-0.771503,-0.094872,-0.588029,0.392505,0.70724,-0.0,-0.0,-0.0,0.0,0.0,0.0,-1.374472,-0.200421,0.006293,0.354996,0.693987,0.254885,0.673355,-0.588319,0.739737,0.326504,-0.415739,-0.623053,0.662442,-1.9e-05,-0.000213,-0.000158,0.0,0.0,0.0,-1.19904,0.019459,0.024211,0.000748,-0.696137,-0.106078,0.710028,0.439591,-0.844914,0.304761,0.567585,0.524278,0.634806,-1.2e-05,-0.000148,-0.000109,-1.1e-05,-5e-06,-1e-06,-0.94721,0.086013,0.041387,-0.024918,-0.621411,0.470694,-0.626333,-0.543724,-0.834658,-0.0878,-0.564102,0.285993,0.774594,-4e-06,4e-06,2e-06,-1.6e-05,-1.8e-05,-7e-06,-0.915916
21,0.141028,0.033289,0.429801,-0.507733,0.500175,-0.701482,-0.62908,-0.771514,-0.094856,-0.588023,0.3925,0.707248,-0.0,-0.0,-0.0,0.0,0.0,0.0,-1.372249,-0.200412,0.006294,0.354983,0.694001,0.254879,0.673343,-0.588296,0.739758,0.326496,-0.415748,-0.62303,0.662458,-0.0,-3e-06,-2e-06,0.0,0.0,0.0,-1.199069,0.019463,0.024211,0.000741,-0.696149,-0.10607,0.710017,0.439565,-0.84493,0.304755,0.567589,0.524254,0.634822,2e-06,1.3e-05,9e-06,-1.9e-05,2e-05,3e-06,-0.947373,0.086009,0.041388,-0.024918,-0.62143,0.470679,-0.626327,-0.543711,-0.834668,-0.087785,-0.564094,0.285989,0.774601,-4e-06,3e-06,3e-06,-1.1e-05,-1.9e-05,-6e-06,-0.916079
22,0.141027,0.033288,0.429791,-0.507737,0.50017,-0.701484,-0.629061,-0.771527,-0.09487,-0.58804,0.392481,0.707244,-6e-06,-4.6e-05,-1.8e-05,0.0,0.0,0.0,-1.373313,-0.200412,0.006294,0.354983,0.694001,0.254879,0.673343,-0.588296,0.739758,0.326496,-0.415748,-0.62303,0.662458,-0.0,-0.0,-0.0,0.0,0.0,0.0,-1.197987,0.019463,0.024212,0.000741,-0.696149,-0.10607,0.710017,0.439565,-0.844929,0.304755,0.567589,0.524254,0.634822,5e-06,6e-06,6e-06,-1.5e-05,2.1e-05,1e-05,-0.94721,0.086008,0.041387,-0.024923,-0.621432,0.470673,-0.626328,-0.543693,-0.834678,-0.087801,-0.564109,0.285968,0.774598,-6e-06,-1.8e-05,-5e-06,-9e-06,-1.9e-05,-8e-06,-0.916242
23,0.141028,0.033303,0.429786,-0.507705,0.500189,-0.701493,-0.629062,-0.771521,-0.094914,-0.588066,0.392468,0.70723,4.5e-05,0.00032,0.000123,0.0,0.0,0.0,-1.372576,-0.200412,0.006294,0.354983,0.694001,0.254879,0.673343,-0.588296,0.739758,0.326496,-0.415748,-0.62303,0.662458,-0.0,-0.0,-0.0,0.0,0.0,0.0,-1.198688,0.019463,0.024212,0.000741,-0.696149,-0.10607,0.710017,0.439565,-0.844929,0.304755,0.567589,0.524254,0.634822,6e-06,5e-06,5e-06,-1.4e-05,2.1e-05,1.1e-05,-0.946883,0.086009,0.041394,-0.024926,-0.621404,0.470697,-0.626339,-0.543698,-0.83467,-0.087844,-0.564135,0.285953,0.774585,2.9e-05,0.000214,8.4e-05,-1.2e-05,-1.7e-05,-9e-06,-0.916079
24,0.141028,0.033296,0.429794,-0.507719,0.500182,-0.701488,-0.629071,-0.771517,-0.094885,-0.588045,0.392484,0.707239,0.0,0.0,0.0,0.0,0.0,0.0,-1.376116,-0.200422,0.006294,0.354984,0.693983,0.254888,0.673357,-0.588312,0.739751,0.326483,-0.415755,-0.623034,0.662449,-0.0,-0.0,-0.0,0.0,0.0,0.0,-1.199056,0.019458,0.024212,0.000741,-0.696133,-0.106083,0.710031,0.439582,-0.844926,0.30474,0.567596,0.524257,0.634813,8e-06,4e-06,7e-06,-7e-06,2.5e-05,5e-06,-0.94721,0.086009,0.041392,-0.024922,-0.621417,0.470688,-0.626333,-0.543705,-0.834669,-0.087815,-0.564114,0.285971,0.774593,-2e-06,-2e-06,-0.0,-2e-06,1e-06,2e-06,-0.916242
25,0.141027,0.033288,0.429791,-0.507737,0.50017,-0.701484,-0.629061,-0.771527,-0.09487,-0.58804,0.392481,0.707244,-0.0,-1e-06,-0.0,0.0,0.0,0.0,-1.375688,-0.200413,0.006287,0.354978,0.693985,0.254887,0.673356,-0.58831,0.739752,0.326484,-0.415755,-0.623034,0.66245,-1e-06,-7e-06,-5e-06,0.0,0.0,0.0,-1.199158,0.019463,0.024208,0.000738,-0.696135,-0.106081,0.710029,0.439579,-0.844926,0.304742,0.567596,0.524257,0.634814,4e-06,6e-06,6e-06,1e-06,1.2e-05,2e-06,-0.947046,0.086008,0.041387,-0.024923,-0.621432,0.470673,-0.626328,-0.543693,-0.834678,-0.087801,-0.564109,0.285968,0.774598,-0.0,6e-06,2e-06,-4e-06,-7e-06,-4e-06,-0.915263
26,0.141027,0.033295,0.429783,-0.507722,0.500177,-0.701489,-0.629053,-0.77153,-0.094899,-0.588062,0.392465,0.707235,0.000137,0.009521,-0.01003,0.035716,-0.012159,0.018654,-1.375873,-0.200413,0.006287,0.354978,0.693985,0.254887,0.673356,-0.58831,0.739752,0.326484,-0.415755,-0.623034,0.66245,-0.0,-0.0,-0.0,0.0,0.0,0.0,-1.199125,0.019463,0.024208,0.000738,-0.696135,-0.106081,0.710029,0.43958,-0.844926,0.304742,0.567596,0.524257,0.634814,5e-06,7e-06,7e-06,-1.7e-05,2.4e-05,1.9e-05,-0.947373,0.086008,0.041387,-0.024923,-0.621432,0.470673,-0.626328,-0.543693,-0.834678,-0.087801,-0.564109,0.285968,0.774598,-1e-06,5e-06,2e-06,-7e-06,-1.7e-05,-7e-06,-0.914936
27,0.141027,0.033295,0.429783,-0.507722,0.500177,-0.701489,-0.629053,-0.77153,-0.094899,-0.588062,0.392465,0.707235,-0.0,-0.0,-0.0,0.0,0.0,0.0,-1.375564,-0.200422,0.006287,0.354979,0.693968,0.254896,0.67337,-0.588326,0.739745,0.326471,-0.415762,-0.623038,0.662442,-0.0,-0.0,-0.0,0.0,0.0,0.0,-1.198915,0.019458,0.024208,0.000739,-0.696119,-0.106094,0.710043,0.439596,-0.844923,0.304728,0.567603,0.524259,0.634805,7e-06,4e-06,7e-06,-8e-06,2.5e-05,1.3e-05,-0.947536,0.086008,0.041391,-0.024927,-0.621419,0.470682,-0.626334,-0.543686,-0.834679,-0.087831,-0.564129,0.28595,0.77459,-2e-06,3e-06,1e-06,-9e-06,-1.7e-05,-3e-06,-0.915426
28,0.141035,0.033301,0.429775,-0.507688,0.500197,-0.7015,-0.629055,-0.771523,-0.094944,-0.588089,0.392453,0.707219,-0.0,-0.0,-0.0,0.0,0.0,0.0,-1.375546,-0.200413,0.00628,0.354973,0.69397,0.254894,0.673369,-0.588323,0.739747,0.326473,-0.415761,-0.623037,0.662443,-0.0,-0.0,-0.0,0.0,0.0,0.0,-1.198469,0.019463,0.024205,0.000736,-0.696121,-0.106091,0.710042,0.439594,-0.844924,0.30473,0.567602,0.524259,0.634806,4e-06,7e-06,7e-06,-1.4e-05,2.1e-05,2.2e-05,-0.946883,0.086013,0.041394,-0.024931,-0.621388,0.470707,-0.626347,-0.543693,-0.83467,-0.087875,-0.564157,0.285936,0.774575,-2e-06,3e-06,1e-06,-1e-06,1e-06,4e-06,-0.915263
29,0.141026,0.033294,0.429772,-0.507725,0.500171,-0.701491,-0.629034,-0.771544,-0.094913,-0.588078,0.392445,0.707232,-1.7e-05,-0.000121,-4.7e-05,0.0,0.0,0.0,-1.3736,-0.200422,0.006287,0.354979,0.693968,0.254896,0.67337,-0.588326,0.739745,0.326471,-0.415762,-0.623038,0.662442,7.6e-05,0.000865,0.000643,0.0,0.0,0.0,-1.198089,0.019458,0.024207,0.000738,-0.696119,-0.106094,0.710043,0.439596,-0.844923,0.304728,0.567603,0.524259,0.634805,4.9e-05,0.000498,0.000373,3e-06,2.2e-05,5e-06,-0.94721,0.086008,0.04139,-0.024932,-0.621422,0.470677,-0.626336,-0.543668,-0.83469,-0.087847,-0.564144,0.285929,0.774587,-1.2e-05,-6.9e-05,-2.7e-05,-3e-06,2e-06,5e-06,-0.915426
30,0.141025,0.033286,0.429769,-0.507743,0.500159,-0.701487,-0.629025,-0.771553,-0.094898,-0.588074,0.392442,0.707238,-1.3e-05,-8.9e-05,-3.4e-05,0.0,0.0,0.0,-1.37398,-0.200413,0.00628,0.354973,0.69397,0.254894,0.673369,-0.588323,0.739747,0.326473,-0.415761,-0.623037,0.662443,0.013249,-0.00119,-0.00174,0.002045,-0.015205,0.029245,-1.198035,0.019458,0.024207,0.000738,-0.696105,-0.106104,0.710056,0.43961,-0.84492,0.304715,0.567609,0.524262,0.634797,-4.8e-05,-0.000581,-0.00043,3e-06,-7e-06,1.8e-05,-0.94721,0.086007,0.041386,-0.024934,-0.621437,0.470662,-0.626332,-0.543656,-0.834699,-0.087834,-0.564139,0.285926,0.774592,-7e-06,-4.1e-05,-1.5e-05,-3e-06,2e-06,1e-06,-0.915753
31,0.141031,0.033262,0.42977,-0.507771,0.50014,-0.70148,-0.629025,-0.771559,-0.094856,-0.588049,0.392457,0.70725,-7.4e-05,-0.000524,-0.000202,0.0,0.0,0.0,-1.374026,-0.200415,0.006259,0.354957,0.693924,0.254916,0.673408,-0.588364,0.73973,0.326437,-0.415781,-0.623048,0.66242,-2.7e-05,-0.000305,-0.000226,0.0,0.0,0.0,-1.197556,0.019462,0.024194,0.000728,-0.696078,-0.106122,0.710079,0.439635,-0.844916,0.304692,0.567622,0.524266,0.634782,-1.7e-05,-0.000214,-0.000158,9e-06,-3e-06,5e-06,-0.945414,0.086011,0.041375,-0.024933,-0.621462,0.47064,-0.626324,-0.543652,-0.834705,-0.087792,-0.564115,0.285943,0.774603,-4.7e-05,-0.000333,-0.000127,-1e-06,1.1e-05,2e-06,-0.915426
32,0.141032,0.033277,0.429765,-0.50774,0.500159,-0.701489,-0.629026,-0.771552,-0.094899,-0.588075,0.392444,0.707235,7.3e-05,0.000522,0.000201,0.0,0.0,0.0,-1.376506,-0.200438,0.006224,0.354933,0.693811,0.254971,0.673504,-0.588464,0.739688,0.326351,-0.415828,-0.623075,0.662366,-8.3e-05,-0.000939,-0.000698,0.0,0.0,0.0,-1.196863,0.01945,0.024177,0.000716,-0.695974,-0.106199,0.710169,0.439736,-0.844896,0.3046,0.567671,0.524282,0.634726,-4.3e-05,-0.000493,-0.000366,-2e-06,9e-06,6e-06,-0.946067,0.086011,0.041381,-0.024936,-0.621434,0.470663,-0.626334,-0.543658,-0.834697,-0.087835,-0.564141,0.285928,0.77459,4.9e-05,0.000355,0.000137,-3e-06,2e-06,-0.0,-0.915589
33,0.141032,0.033277,0.429765,-0.50774,0.500159,-0.701489,-0.629026,-0.771552,-0.094899,-0.588075,0.392444,0.707235,1e-06,6e-06,2e-06,0.0,0.0,0.0,-1.376562,-0.20044,0.006203,0.354917,0.693765,0.254993,0.673543,-0.588505,0.739672,0.326315,-0.415847,-0.623085,0.662343,-8.4e-05,-0.000959,-0.000713,0.0,0.0,0.0,-1.196559,0.019449,0.024167,0.000709,-0.695932,-0.10623,0.710206,0.439778,-0.844888,0.304563,0.567691,0.524288,0.634702,-5.1e-05,-0.000592,-0.000439,-5e-06,1.4e-05,7e-06,-0.94672,0.086011,0.041382,-0.024936,-0.621434,0.470663,-0.626334,-0.543657,-0.834698,-0.087835,-0.564141,0.285927,0.77459,-1e-06,1e-06,2e-06,-0.0,-1e-06,3e-06,-0.915426
34,0.141032,0.033277,0.429765,-0.50774,0.500159,-0.701489,-0.629026,-0.771552,-0.094899,-0.588075,0.392444,0.707235,0.0,0.0,0.0,0.0,0.0,0.0,-1.376194,-0.200441,0.006189,0.354906,0.693734,0.255008,0.673569,-0.588532,0.73966,0.326292,-0.41586,-0.623093,0.662328,-0.0,-5e-06,-4e-06,0.0,0.0,0.0,-1.198661,0.019449,0.024158,0.000702,-0.695903,-0.106251,0.710231,0.439805,-0.844882,0.304538,0.567705,0.524293,0.634686,4e-06,3.1e-05,2.4e-05,4e-06,1e-06,-1e-06,-0.947373,0.086011,0.041382,-0.024936,-0.621434,0.470663,-0.626334,-0.543657,-0.834698,-0.087835,-0.564141,0.285928,0.77459,-0.0,-1e-06,1e-06,2e-06,4e-06,4e-06,-0.915589
35,0.141023,0.033278,0.429766,-0.50776,0.500147,-0.701483,-0.629015,-0.771563,-0.094883,-0.588069,0.392439,0.707243,0.0,0.0,0.0,0.0,0.0,0.0,-1.371202,-0.20045,0.006203,0.354918,0.693747,0.255002,0.673558,-0.58852,0.739665,0.326301,-0.415854,-0.62309,0.662335,1e-06,1.5e-05,1.1e-05,0.0,0.0,0.0,-1.19937,0.019444,0.024167,0.000709,-0.695916,-0.106242,0.71022,0.439794,-0.844885,0.304548,0.567699,0.524291,0.634693,0.0,7e-06,5e-06,-2e-06,8e-06,1e-06,-0.946883,0.086007,0.041382,-0.024935,-0.621453,0.470648,-0.626327,-0.543644,-0.834708,-0.08782,-0.564134,0.285923,0.774597,0.0,-1e-06,1e-06,-1e-06,8e-06,3e-06,-0.915753
36,0.141037,0.033245,0.429763,-0.507666,0.500214,-0.701504,-0.629083,-0.7715,-0.094944,-0.588078,0.392478,0.707215,-5e-05,-0.000355,-0.000137,0.0,0.0,0.0,-1.373814,-0.20045,0.006196,0.354912,0.693732,0.25501,0.673571,-0.588534,0.739659,0.32629,-0.415861,-0.623093,0.662327,-1e-06,-7e-06,-5e-06,0.0,0.0,0.0,-1.198941,0.019444,0.024163,0.000706,-0.695901,-0.106253,0.710233,0.439808,-0.844882,0.304536,0.567706,0.524293,0.634686,-0.0,3e-06,1e-06,4e-06,-0.0,0.0,-0.947046,0.086014,0.041366,-0.024937,-0.621369,0.470726,-0.626351,-0.543724,-0.83465,-0.087872,-0.564149,0.285962,0.774571,-3e-05,-0.000212,-8.2e-05,2e-06,3e-06,5e-06,-0.915916
37,0.141051,0.033225,0.429744,-0.507663,0.500209,-0.701509,-0.629067,-0.771511,-0.094961,-0.588098,0.392462,0.707207,-0.00013,-0.000923,-0.000356,0.0,0.0,0.0,-1.374306,-0.200451,0.006189,0.354907,0.693716,0.255017,0.673584,-0.588548,0.739654,0.326278,-0.415867,-0.623097,0.66232,-2.1e-05,-0.000236,-0.000175,0.0,0.0,0.0,-1.199718,0.019444,0.02416,0.000703,-0.695887,-0.106263,0.710245,0.439821,-0.844879,0.304523,0.567712,0.524295,0.634678,-1.2e-05,-0.000147,-0.000108,-6e-06,1.3e-05,3e-06,-0.94721,0.086021,0.041357,-0.024946,-0.621366,0.470722,-0.626358,-0.543708,-0.834659,-0.08789,-0.564167,0.285944,0.774564,-8.1e-05,-0.000579,-0.000222,2e-06,1.5e-05,4e-06,-0.915753
38,0.141067,0.033164,0.429699,-0.507728,0.50015,-0.701504,-0.628995,-0.771573,-0.094934,-0.588118,0.392415,0.707216,-0.000446,-0.003169,-0.001223,-0.001205,0.010443,-0.026833,-1.373703,-0.200474,0.006161,0.354888,0.693619,0.255065,0.673666,-0.588634,0.739618,0.326203,-0.415907,-0.62312,0.662273,-2e-05,-0.000229,-0.00017,0.0,0.0,0.0,-1.199541,0.019432,0.024145,0.000693,-0.695798,-0.10633,0.710322,0.439909,-0.844862,0.304444,0.567754,0.524309,0.634629,-1.1e-05,-0.000119,-8.8e-05,2e-06,1e-06,-1e-06,-0.94721,0.086029,0.04133,-0.024967,-0.621408,0.47067,-0.626355,-0.54364,-0.834704,-0.087886,-0.564187,0.285898,0.774567,-6.6e-05,0.003808,-0.005382,0.035712,-0.012156,0.018655,-0.915916
39,0.141061,0.033086,0.429627,-0.507876,0.500029,-0.701483,-0.628845,-0.771703,-0.094873,-0.588151,0.392314,0.707245,-0.00038,-0.002701,-0.001044,0.0,0.0,0.0,-1.373527,-0.200495,0.006132,0.35488,0.693526,0.255109,0.673745,-0.588727,0.739568,0.326149,-0.415931,-0.623161,0.662219,-5e-06,-5.3e-05,-3.9e-05,0.0,0.0,0.0,-1.20029,0.019422,0.02413,0.000689,-0.695712,-0.106392,0.710397,0.440007,-0.844832,0.304385,0.567783,0.524345,0.634573,-0.0,-6e-06,-5e-06,2e-06,-0.0,-3e-06,-0.947046,0.086026,0.041288,-0.025004,-0.621554,0.470518,-0.626324,-0.54346,-0.834827,-0.087832,-0.5642,0.285789,0.774597,-0.000219,-0.001555,-0.0006,-0.001216,0.010433,-0.026844,-0.916079
40,0.141056,0.033073,0.429581,-0.507905,0.499996,-0.701485,-0.628762,-0.771765,-0.094914,-0.588214,0.392234,0.707237,-0.00014,0.007555,-0.010788,0.035716,-0.012159,0.018655,-1.374746,-0.200504,0.00614,0.354887,0.693524,0.255111,0.673747,-0.588729,0.739567,0.326147,-0.415932,-0.623161,0.662218,0.000105,0.001196,0.00089,0.0,0.0,0.0,-1.200397,0.019417,0.024131,0.00069,-0.69571,-0.106394,0.710399,0.440009,-0.844832,0.304383,0.567784,0.524345,0.634573,6.2e-05,0.000724,0.000537,0.001731,-0.014061,0.025093,-0.947373,0.086023,0.041277,-0.025024,-0.621592,0.470472,-0.62632,-0.54338,-0.834876,-0.087855,-0.564234,0.285721,0.774598,-0.000167,-0.001185,-0.000459,-3e-06,4e-06,1e-06,-0.916406
41,0.141048,0.033117,0.429537,-0.50784,0.500027,-0.70151,-0.628699,-0.771797,-0.095071,-0.588337,0.392132,0.707191,7.3e-05,0.00052,0.000201,0.0,0.0,0.0,-1.375728,-0.200502,0.006168,0.354908,0.693586,0.255081,0.673694,-0.588674,0.73959,0.326195,-0.415905,-0.623147,0.662248,0.000107,0.001211,0.000901,0.0,0.0,0.0,-1.200653,0.019418,0.024146,0.000701,-0.695767,-0.106353,0.710349,0.439954,-0.844843,0.304433,0.567757,0.524336,0.634604,7.2e-05,0.000833,0.000619,0.001735,-0.014061,0.025091,-0.946557,0.086019,0.041299,-0.025051,-0.621522,0.47052,-0.626355,-0.543321,-0.834894,-0.088047,-0.564368,0.285589,0.774549,5.8e-05,0.000405,0.000157,-5e-06,6e-06,9e-06,-0.916243
42,0.141051,0.033155,0.429521,-0.507763,0.500073,-0.701533,-0.628693,-0.771788,-0.095187,-0.58841,0.39209,0.707153,3e-06,2.1e-05,8e-06,0.0,0.0,0.0,-1.376012,-0.200479,0.006172,0.354934,0.693644,0.255049,0.673646,-0.588643,0.739579,0.326276,-0.415853,-0.623173,0.662257,1.6e-05,0.000181,0.000135,0.0,0.0,0.0,-1.201082,0.01943,0.024152,0.000717,-0.69582,-0.106309,0.710304,0.43993,-0.844826,0.304516,0.567711,0.524372,0.634615,7e-06,8.4e-05,6.4e-05,-6e-06,-9e-06,1.3e-05,-0.947373,0.08602,0.041321,-0.025058,-0.621453,0.470576,-0.626381,-0.543326,-0.834879,-0.088162,-0.56444,0.285541,0.774515,2e-06,1.1e-05,4e-06,-4e-06,1e-05,1e-05,-0.914773
43,0.141059,0.033147,0.429527,-0.507757,0.500079,-0.701533,-0.628712,-0.771774,-0.095174,-0.588395,0.392111,0.707154,0.0,0.0,0.0,0.0,0.0,0.0,-1.379055,-0.200461,0.006158,0.354922,0.693648,0.255045,0.673643,-0.588638,0.739581,0.32628,-0.415852,-0.623172,0.662259,-0.000125,-0.001419,-0.001055,-0.001729,0.014053,-0.025098,-1.199259,0.019439,0.024148,0.000714,-0.695838,-0.106294,0.710288,0.439911,-0.844829,0.304533,0.567703,0.524369,0.634625,-1e-06,-1.1e-05,-8e-06,3e-06,6e-06,-7e-06,-0.947863,0.086025,0.041317,-0.025055,-0.621447,0.470583,-0.626382,-0.543346,-0.834868,-0.088147,-0.564427,0.285563,0.774516,-0.0,-1e-06,2e-06,-3e-06,1e-05,9e-06,-0.915426
44,0.141051,0.033148,0.429528,-0.507778,0.500066,-0.701528,-0.628701,-0.771785,-0.095158,-0.588389,0.392106,0.707162,0.0,0.0,0.0,0.0,0.0,0.0,-1.37977,-0.200482,0.006159,0.354912,0.693609,0.255067,0.673675,-0.588663,0.739582,0.326231,-0.415882,-0.623161,0.66225,-4.2e-05,-0.000472,-0.000351,0.0,0.0,0.0,-1.198567,0.019428,0.024145,0.000706,-0.695788,-0.106334,0.710331,0.439947,-0.844833,0.30447,0.567737,0.524355,0.634606,-2.2e-05,-0.000256,-0.000191,2e-06,8e-06,-7e-06,-0.947536,0.08602,0.041317,-0.025054,-0.621465,0.470568,-0.626375,-0.543333,-0.834878,-0.088132,-0.564419,0.285559,0.774523,0.0,-1e-06,-1e-06,-2e-06,9e-06,7e-06,-0.915426
45,0.141054,0.033151,0.42956,-0.507768,0.500082,-0.701523,-0.628756,-0.771745,-0.095116,-0.588338,0.392164,0.707172,0.000276,0.00196,0.000758,0.001204,-0.010453,0.02683,-1.383358,-0.200507,0.006103,0.354872,0.69345,0.255144,0.67381,-0.588804,0.739524,0.326109,-0.415948,-0.623199,0.662173,-0.000213,-0.002412,-0.001794,-0.001729,0.014054,-0.025098,-1.198314,0.019416,0.024121,0.000689,-0.695656,-0.106432,0.710446,0.440076,-0.844808,0.304353,0.567798,0.524375,0.634534,-5.4e-05,-0.000618,-0.00046,-4e-06,7e-06,-0.0,-0.9477,0.086021,0.041315,-0.02504,-0.621473,0.470569,-0.626366,-0.543376,-0.834856,-0.08807,-0.564369,0.285619,0.774537,3e-05,0.000205,7.9e-05,-6e-06,1.8e-05,6e-06,-0.915426
46,0.141061,0.033172,0.42962,-0.507838,0.500047,-0.701498,-0.628801,-0.771726,-0.094974,-0.588231,0.392245,0.707216,0.000212,0.001507,0.000582,0.0,0.0,0.0,-1.383733,-0.200531,0.006048,0.354832,0.693291,0.255221,0.673944,-0.588944,0.739466,0.325987,-0.416014,-0.623236,0.662097,-9.1e-05,-0.001036,-0.000771,0.0,0.0,0.0,-1.201219,0.019403,0.024088,0.000665,-0.695495,-0.10655,0.710586,0.440232,-0.844778,0.304211,0.567874,0.524401,0.634446,-4.4e-05,-0.000508,-0.000378,-0.0,4e-06,-3e-06,-0.947863,0.086025,0.041328,-0.025009,-0.62152,0.47054,-0.626342,-0.543421,-0.834841,-0.087937,-0.564274,0.285713,0.774572,0.000133,0.000946,0.000366,-3e-06,-4e-06,4e-06,-0.915752
47,0.141064,0.033189,0.429637,-0.507681,0.500163,-0.701529,-0.628905,-0.771627,-0.095091,-0.588255,0.392293,0.70717,0.000136,0.000969,0.000374,0.0,0.0,0.0,-1.384303,-0.200544,0.00602,0.354812,0.693212,0.25526,0.674011,-0.589014,0.739438,0.325926,-0.416048,-0.623255,0.662058,-0.000155,-0.001752,-0.001304,0.0,0.0,0.0,-1.20181,0.019397,0.024076,0.000657,-0.695422,-0.106604,0.710649,0.440304,-0.844764,0.304146,0.567908,0.524412,0.634406,-8.7e-05,-0.000996,-0.00074,-0.001734,0.014065,-0.0251,-0.947863,0.086027,0.041338,-0.025,-0.62138,0.470675,-0.626378,-0.543547,-0.834748,-0.08804,-0.564307,0.28576,0.774531,8e-05,0.000572,0.000221,3e-06,3e-06,7e-06,-0.915916
48,0.141082,0.033209,0.429613,-0.507716,0.500124,-0.701531,-0.628834,-0.771683,-0.095108,-0.5883,0.392232,0.707166,-2.7e-05,-0.000195,-7.5e-05,0.0,0.0,0.0,-1.383119,-0.200568,0.005971,0.354777,0.693068,0.255329,0.674132,-0.589141,0.739385,0.325816,-0.416107,-0.623289,0.661989,-6.9e-05,-0.000786,-0.000585,0.0,0.0,0.0,-1.201475,0.019385,0.02405,0.000637,-0.69529,-0.106702,0.710764,0.440433,-0.844739,0.304029,0.56797,0.524433,0.634334,-3.9e-05,-0.000445,-0.00033,-5e-06,-4e-06,5e-06,-0.948189,0.086036,0.041349,-0.025012,-0.621412,0.470633,-0.626379,-0.543472,-0.834795,-0.088065,-0.564345,0.285695,0.774527,-2.2e-05,-0.000157,-6e-05,-1e-06,-6e-06,-0.0,-0.915426
49,0.141139,0.033178,0.429598,-0.507506,0.500262,-0.701585,-0.628948,-0.771569,-0.095278,-0.58836,0.392279,0.70709,-3.7e-05,-0.000261,-0.000101,0.0,0.0,0.0,-1.39088,-0.200622,0.005945,0.354748,0.692914,0.255408,0.674261,-0.589268,0.739345,0.325679,-0.416184,-0.623305,0.661925,-4.4e-05,-0.000498,-0.000371,0.0,0.0,0.0,-1.203335,0.019358,0.024037,0.000623,-0.695149,-0.10681,0.710886,0.440558,-0.844725,0.303886,0.568045,0.524433,0.634266,-2.5e-05,-0.00027,-0.000202,-2e-06,1.3e-05,-5e-06,-0.9477,0.086064,0.041332,-0.02502,-0.621223,0.470797,-0.626442,-0.543612,-0.834687,-0.088219,-0.564417,0.285738,0.774458,-1.7e-05,-0.000128,-4.9e-05,1.6e-05,-3e-06,7e-06,-0.915916
50,0.141171,0.033158,0.429589,-0.507578,0.500202,-0.701575,-0.628904,-0.771612,-0.095211,-0.588344,0.392271,0.707108,-2e-06,-1.5e-05,-6e-06,0.0,0.0,0.0,-1.389022,-0.200683,0.005924,0.354749,0.692766,0.255481,0.674386,-0.589411,0.739274,0.325581,-0.416229,-0.623359,0.661846,-3e-06,-3.5e-05,-2.6e-05,0.0,0.0,0.0,-1.207351,0.019328,0.024026,0.000623,-0.695012,-0.106913,0.711004,0.440707,-0.844685,0.303781,0.568097,0.524476,0.634184,1e-06,1.4e-05,1.1e-05,-4e-06,7e-06,-3e-06,-0.948679,0.086081,0.041322,-0.025024,-0.621287,0.470729,-0.62643,-0.543559,-0.834728,-0.088158,-0.564398,0.28573,0.774475,2e-06,1.5e-05,7e-06,2e-06,-3e-06,-2e-06,-0.916242
51,0.14118,0.033164,0.42958,-0.507424,0.500308,-0.701611,-0.628973,-0.771538,-0.095357,-0.588403,0.392281,0.707053,-0.0,-0.0,-0.0,0.0,0.0,0.0,-1.3899,-0.200723,0.005918,0.354747,0.69268,0.255525,0.674458,-0.589487,0.739242,0.325515,-0.416264,-0.623379,0.661806,-6e-06,-6.5e-05,-4.8e-05,0.0,0.0,0.0,-1.208265,0.019308,0.024023,0.000623,-0.694934,-0.106973,0.711072,0.440785,-0.84467,0.30371,0.568132,0.524489,0.634142,-0.00667,0.00016,0.000547,-0.002044,0.015197,-0.029245,-0.948679,0.086085,0.041325,-0.025029,-0.621256,0.470753,-0.626443,-0.543565,-0.834719,-0.088202,-0.564425,0.285717,0.77446,0.0,1.3e-05,7e-06,3e-06,1.2e-05,4e-06,-0.916242
52,0.1412,0.033193,0.42957,-0.507439,0.500287,-0.701615,-0.62893,-0.771571,-0.095375,-0.588436,0.392243,0.707047,0.000141,0.001004,0.000388,0.0,0.0,0.0,-1.390625,-0.200784,0.005913,0.354747,0.694059,0.251482,0.674559,-0.585209,0.742675,0.32542,-0.419996,-0.620931,0.661749,0.000118,0.001331,0.000991,0.001728,-0.014054,0.025098,-1.220706,0.019277,0.024017,0.00062,-0.695431,-0.102736,0.71121,0.435897,-0.847152,0.303852,0.571287,0.521323,0.633918,-0.006671,0.000148,0.000538,-0.002104,0.015147,-0.029341,-0.949169,0.086095,0.041338,-0.025034,-0.621163,0.470831,-0.626476,-0.543603,-0.834682,-0.088317,-0.564491,0.285695,0.77442,9.4e-05,0.000673,0.000261,-1e-06,4e-06,7e-06,-0.916079
53,0.141178,0.033214,0.4296,-0.50746,0.500284,-0.701602,-0.628954,-0.771558,-0.095328,-0.588393,0.392274,0.707066,0.000106,0.000754,0.000291,0.0,0.0,0.0,-1.390874,-0.200801,0.005964,0.354774,0.694128,0.251451,0.6745,-0.585138,0.742716,0.325454,-0.419981,-0.620895,0.661793,0.000165,0.001854,0.001381,0.0,0.0,0.0,-1.224794,0.019269,0.024043,0.000634,-0.695494,-0.102696,0.711154,0.435825,-0.847175,0.30389,0.571264,0.521293,0.633963,4.3e-05,0.000485,0.000361,-5.3e-05,-3.7e-05,-4.7e-05,-0.950312,0.086084,0.04135,-0.025019,-0.621182,0.470825,-0.626462,-0.543624,-0.834674,-0.088267,-0.564451,0.28573,0.774437,7.7e-05,0.000559,0.000217,-6e-06,8e-06,2e-06,-0.916569
54,0.141164,0.03324,0.429611,-0.507449,0.500296,-0.701601,-0.628961,-0.77155,-0.09534,-0.588394,0.392273,0.707065,8.9e-05,0.000638,0.000246,0.0,0.0,0.0,-1.391311,-0.200789,0.005985,0.354789,0.694192,0.25142,0.674446,-0.585082,0.742739,0.325504,-0.419954,-0.62088,0.661824,8.2e-05,0.000921,0.000686,0.0,0.0,0.0,-1.223457,0.019275,0.024057,0.000644,-0.695567,-0.102642,0.71109,0.435755,-0.847188,0.303955,0.571229,0.521282,0.634003,4.9e-05,0.000561,0.00042,-4.1e-05,-2.3e-05,-4.6e-05,-0.949496,0.086077,0.041364,-0.025013,-0.621173,0.470838,-0.626462,-0.543633,-0.834667,-0.088278,-0.564452,0.285729,0.774436,5.2e-05,0.000369,0.000143,6e-06,1.5e-05,9e-06,-0.916406
55,0.141165,0.033283,0.429566,-0.507364,0.50034,-0.701632,-0.628909,-0.771571,-0.095512,-0.588523,0.392177,0.707011,0.011416,-0.001924,-0.001264,0.000984,-0.014715,0.029553,-1.392129,-0.200779,0.005977,0.354783,0.694194,0.251418,0.674444,-0.585079,0.74274,0.325506,-0.419953,-0.620879,0.661824,-6.3e-05,-0.000712,-0.00053,0.0,0.0,0.0,-1.222326,0.01928,0.024056,0.000643,-0.695569,-0.102642,0.711089,0.435754,-0.847188,0.303957,0.571228,0.521283,0.634004,-4.5e-05,-0.000496,-0.000368,-2.3e-05,-3e-05,-3.1e-05,-0.948353,0.086073,0.041388,-0.025034,-0.621114,0.470878,-0.62649,-0.543581,-0.834683,-0.088441,-0.564566,0.285616,0.774395,-6.8e-05,-0.000489,-0.000188,-1e-06,6e-06,-1e-06,-0.916406
56,0.141187,0.033291,0.429506,-0.507287,0.500372,-0.701665,-0.628851,-0.771599,-0.095674,-0.588652,0.392082,0.706956,-3.1e-05,-0.000221,-8.5e-05,0.0,0.0,0.0,-1.399169,-0.200784,0.005921,0.354741,0.694071,0.251478,0.674549,-0.585188,0.742695,0.325411,-0.420006,-0.620908,0.661764,-0.000105,-0.001178,-0.000877,0.0,0.0,0.0,-1.221536,0.019277,0.024026,0.00062,-0.695455,-0.102726,0.711188,0.435866,-0.847166,0.303856,0.571281,0.521302,0.633941,-5.4e-05,-0.000617,-0.000459,-1.8e-05,-7e-06,-2.7e-05,-0.948516,0.086088,0.041388,-0.025066,-0.621026,0.470935,-0.626534,-0.543548,-0.834686,-0.088623,-0.564695,0.285514,0.774338,-1.5e-05,-0.000117,-4.4e-05,6e-06,1e-05,9e-06,-0.916406
57,0.141205,0.03331,0.429482,-0.507203,0.500419,-0.701692,-0.628847,-0.771588,-0.095793,-0.588729,0.392044,0.706914,0.000228,0.001627,0.000628,0.001202,-0.010462,0.026826,-1.407124,-0.20081,0.005851,0.35469,0.693987,0.251519,0.674619,-0.585262,0.742665,0.325346,-0.42004,-0.620927,0.661724,-0.000114,-0.001281,-0.000955,0.0,0.0,0.0,-1.218814,0.019264,0.023991,0.000595,-0.695378,-0.102784,0.711254,0.435942,-0.847152,0.303788,0.571316,0.521314,0.633899,-6.8e-05,-0.000768,-0.000574,-1.7e-05,-6e-06,-1.3e-05,-0.943291,0.086097,0.041394,-0.025079,-0.620967,0.470978,-0.62656,-0.543543,-0.834678,-0.088727,-0.564765,0.285467,0.774305,3e-06,1.6e-05,8e-06,9e-06,2.1e-05,1.5e-05,-0.916569
58,0.141206,0.033326,0.429477,-0.507172,0.500439,-0.701701,-0.628848,-0.771581,-0.095836,-0.588755,0.392031,0.706899,0.000122,0.00087,0.000336,0.0,0.0,0.0,-1.407651,-0.200803,0.005838,0.354667,0.69397,0.251528,0.674633,-0.585267,0.742675,0.325315,-0.420062,-0.620912,0.661724,-6.5e-05,-0.000733,-0.000547,0.0,0.0,0.0,-1.215658,0.019268,0.023983,0.000582,-0.695363,-0.102797,0.711268,0.435943,-0.847162,0.303757,0.571334,0.521294,0.633899,-3.6e-05,-0.000406,-0.000302,-9e-06,1e-06,-2e-05,-0.943617,0.086098,0.041404,-0.025081,-0.620923,0.471016,-0.626575,-0.54356,-0.83466,-0.088783,-0.564796,0.285454,0.774286,8.2e-05,0.000583,0.000226,1e-05,5e-06,1.6e-05,-0.916242
59,0.141205,0.033346,0.429444,-0.507132,0.500455,-0.701717,-0.628803,-0.771605,-0.095936,-0.588836,0.391963,0.706869,-0.000165,-0.001176,-0.000454,0.0,0.0,0.0,-1.407152,-0.200816,0.005803,0.354642,0.693875,0.251575,0.674713,-0.585351,0.742641,0.325242,-0.420102,-0.620934,0.661678,-4.9e-05,-0.000548,-0.000408,0.0,0.0,0.0,-1.211925,0.019261,0.023966,0.00057,-0.695276,-0.102862,0.711344,0.436029,-0.847146,0.30368,0.571375,0.521308,0.633851,-2.6e-05,-0.000301,-0.000225,-1e-05,-3e-06,-8e-06,-0.943944,0.086098,0.04142,-0.025095,-0.620888,0.471038,-0.626594,-0.543523,-0.834674,-0.088888,-0.564872,0.285379,0.774259,-0.000111,-0.000801,-0.000308,-3e-06,5e-06,4e-06,-0.916242
60,0.141197,0.033347,0.429445,-0.507272,0.500356,-0.701687,-0.628726,-0.771683,-0.095818,-0.588799,0.391936,0.706915,5.9e-05,0.000423,0.000163,0.0,0.0,0.0,-1.404917,-0.200819,0.005761,0.35461,0.693783,0.251619,0.674792,-0.585432,0.742608,0.325171,-0.420141,-0.620956,0.661633,-5.3e-05,-0.000589,-0.000439,0.0,0.0,0.0,-1.211465,0.019259,0.023945,0.000554,-0.69519,-0.102925,0.711418,0.436112,-0.84713,0.303604,0.571416,0.521321,0.633804,-2.9e-05,-0.000329,-0.000245,-9e-06,-1e-06,-5e-06,-0.944924,0.086093,0.041416,-0.025096,-0.621012,0.470923,-0.626558,-0.543427,-0.834747,-0.088782,-0.564827,0.285354,0.7743,4.2e-05,0.00029,0.000114,2e-06,1e-05,5e-06,-0.915426
