frame,MLTx,MLTy,MLTz,MLTR1,MLTR2,MLTR3,MLTR4,MLTR5,MLTR6,MLTR7,MLTR8,MLTR9,MLTTVx,MLTTVy,MLTTVz,MLTRVx,MLTRVy,MLTRVz,MLGA,MRTx,MRTy,MRTz,MRTR1,MRTR2,MRTR3,MRTR4,MRTR5,MRTR6,MRTR7,MRTR8,MRTR9,MRTTVx,MRTTVy,MRTTVz,MRTRVx,MRTRVy,MRTRVz,MRGA,SLTx,SLTy,SLTz,SLTR1,SLTR2,SLTR3,SLTR4,SLTR5,SLTR6,SLTR7,SLTR8,SLTR9,SLTTVx,SLTTVy,SLTTVz,SLTRVx,SLTRVy,SLTRVz,SLGA,SRTx,SRTy,SRTz,SRTR1,SRTR2,SRTR3,SRTR4,SRTR5,SRTR6,SRTR7,SRTR8,SRTR9,SRTTVx,SRTTVy,SRTTVz,SRTRVx,SRTRVy,SRTRVz,SRGA
94,0.225769,-0.047251,0.353164,-0.842043,0.000621,-0.539451,-0.225894,-0.908526,0.351459,-0.488843,0.417797,0.765836,-0.002621,0.036103,-0.061274,0.175849,-0.008618,0.055423,0.515328,-0.242113,-0.025516,0.313436,-0.888536,0.112047,0.444906,0.176675,-0.811191,0.557395,0.424467,0.573723,0.700381,0.006956,0.018766,-0.082816,0.00059,0.271806,0.201572,0.531298,0.004971,0.040895,-0.001207,0.893818,-0.073969,0.442284,-0.205381,0.809246,0.550397,-0.39863,-0.582793,0.708128,-0.004041,0.009599,-0.041071,-0.140537,0.473703,0.237262,0.441413,0.115562,0.027041,-0.029784,0.845972,0.044365,-0.531377,0.17425,0.91882,0.354125,0.503952,-0.392173,0.769566,-0.009198,0.022604,-0.035251,0.216238,0.071316,-0.104654,0.395634
95,0.225501,-0.046377,0.351818,-0.842698,-0.001991,-0.538424,-0.223017,-0.908907,0.35231,-0.489034,0.416967,0.766166,-0.003508,0.047007,-0.069922,0.08079,-0.10326,-0.176707,0.513043,-0.242219,-0.025131,0.31178,-0.88639,0.11876,0.447437,0.173604,-0.810537,0.559307,0.430194,0.573288,0.697236,-0.008942,0.016113,-0.085982,-0.036493,0.359907,0.185971,0.529315,0.004921,0.041101,-0.002066,0.891925,-0.080848,0.444895,-0.202167,0.808774,0.552278,-0.404471,-0.582535,0.705022,-0.004518,0.013025,-0.047755,-0.097226,0.455625,0.256823,0.445006,0.115428,0.027473,-0.030454,0.846632,0.046509,-0.53014,0.171509,0.919177,0.354538,0.503782,-0.391087,0.770228,-0.009246,0.023161,-0.03471,0.016178,-0.269415,-0.023198,0.39939
96,0.224929,-0.044292,0.348848,-0.848701,-0.005833,-0.528885,-0.214439,-0.910295,0.354049,-0.482454,0.413897,0.771981,-0.004454,0.058646,-0.077834,0.242726,0.04859,-0.0563,0.512508,-0.242726,-0.024488,0.308019,-0.881235,0.134537,0.453117,0.16662,-0.808502,0.564355,0.443372,0.572654,0.689458,-0.025603,0.010884,-0.092761,0.018551,0.202208,0.250674,0.521766,0.004677,0.04142,-0.003909,0.887198,-0.097326,0.451006,-0.195068,0.806714,0.557816,-0.418123,-0.582871,0.69673,-0.012823,0.010466,-0.051063,-0.016831,0.415774,0.145211,0.452844,0.115149,0.028489,-0.031907,0.852184,0.051227,-0.520727,0.162703,0.919915,0.356766,0.497301,-0.388754,0.775603,-0.009672,0.028648,-0.038993,0.248816,0.059068,-0.080246,0.406575
97,0.224311,-0.04179,0.34571,-0.849177,-0.005783,-0.528119,-0.216888,-0.907938,0.358581,-0.480519,0.419044,0.770409,-0.020489,0.07038,-0.084446,-0.778947,0.411193,1.105484,0.514735,-0.243622,-0.024094,0.304299,-0.874042,0.152347,0.461338,0.160311,-0.805771,0.57006,0.459668,0.572017,0.679238,-0.026548,0.007933,-0.097353,-0.079391,0.382439,0.336826,0.513004,0.004224,0.041617,-0.005809,0.880828,-0.114854,0.459293,-0.188704,0.804562,0.563089,-0.434203,-0.582655,0.687007,-0.013204,0.004002,-0.048592,-0.176978,0.500925,0.403735,0.45366,0.114842,0.029729,-0.033473,0.852456,0.055634,-0.519828,0.160117,0.918755,0.360902,0.497674,-0.390886,0.774291,-0.010168,0.034965,-0.042431,-0.031071,-0.325904,-0.255264,0.419475
98,0.223594,-0.039025,0.342491,-0.842827,-0.008154,-0.538165,-0.226058,-0.902075,0.367601,-0.487417,0.431486,0.759125,-0.020583,0.072049,-0.082733,-0.310915,-0.717782,-0.420592,0.514714,-0.244986,-0.023877,0.300708,-0.872965,0.142373,0.466532,0.177627,-0.797811,0.57609,0.455312,0.58559,0.67055,-0.041376,0.000769,-0.085642,-0.281233,0.476253,0.328764,0.505965,0.003546,0.04172,-0.007619,0.879743,-0.103858,0.463966,-0.205679,0.796678,0.568329,-0.428657,-0.595412,0.679512,-0.020623,0.005727,-0.047138,-0.125709,-0.074697,-0.373326,0.450721,0.114481,0.031138,-0.035114,0.846931,0.05142,-0.529209,0.175079,0.912835,0.368887,0.50205,-0.405076,0.764106,-0.010227,0.035975,-0.0414,0.01794,-0.302754,-0.239351,0.429925
99,0.223225,-0.037563,0.340787,-0.837782,-0.022177,-0.545596,-0.22174,-0.899286,0.376947,-0.497968,0.436803,0.749173,-0.020403,0.070522,-0.084229,-0.541581,-1.00054,-0.589248,0.514967,-0.245843,-0.023817,0.299055,-0.873697,0.130985,0.468495,0.190105,-0.794368,0.576866,0.448807,0.592899,0.668511,-0.056081,0.004452,-0.081798,-0.739609,-0.81349,-0.996032,0.50218,0.003122,0.041745,-0.008451,0.879314,-0.096221,0.46642,-0.215971,0.792313,0.570609,-0.424456,-0.602478,0.675911,-0.020517,-0.004333,-0.037826,-2.585145,-2.927572,-3.720238,0.448761,0.114288,0.031901,-0.035992,0.841296,0.065092,-0.536639,0.170727,0.909918,0.37802,0.512904,-0.409646,0.754399,-0.010133,0.035245,-0.042115,-0.559819,-1.023184,-0.599723,0.434987
100,0.222426,-0.034696,0.337314,-0.82715,-0.056684,-0.559156,-0.210431,-0.891319,0.401549,-0.520122,0.44987,0.726028,-0.020891,0.078164,-0.096017,-0.46627,-0.836155,-0.719868,0.50765,-0.247788,-0.023879,0.296163,-0.875906,0.094978,0.473032,0.226439,-0.784628,0.577078,0.427055,0.612453,0.665123,-0.055362,-0.001671,-0.068564,-0.702708,-0.860608,-1.251495,0.490948,0.002149,0.041712,-0.009908,0.880344,-0.060454,0.470466,-0.251527,0.781416,0.571071,-0.402154,-0.621074,0.672709,-0.020117,-0.001908,-0.035373,-2.490818,-3.224913,-3.658748,0.443046,0.113896,0.033309,-0.037689,0.828616,0.09942,-0.550917,0.159963,0.901024,0.403195,0.536476,-0.422221,0.730699,-0.009965,0.033832,-0.043505,-0.589188,-0.963544,-0.816955,0.440865
101,0.22158,-0.032156,0.333768,-0.810246,-0.101071,-0.577349,-0.200302,-0.877995,0.434713,-0.549842,0.46799,0.691872,-0.018756,0.052352,-0.082956,-0.777475,-1.079038,-0.932979,0.488683,-0.24987,-0.024218,0.293994,-0.881821,0.047481,0.469178,0.265867,-0.771459,0.578014,0.390495,0.634377,0.66704,-0.053964,-0.015925,-0.043022,0.001993,0.063593,-0.198669,0.476009,0.001106,0.041542,-0.011009,0.884775,-0.010832,0.465891,-0.291823,0.766569,0.572023,-0.363334,-0.642069,0.67508,-0.026918,-0.007873,-0.021375,-0.039375,-0.090129,-0.135956,0.430963,0.113485,0.034569,-0.039429,0.810181,0.141643,-0.568808,0.150339,0.887699,0.435186,0.566572,-0.438094,0.697903,-0.009296,0.026027,-0.041607,-0.768474,-1.143425,-0.733213,0.431068
102,0.221147,-0.031105,0.332142,-0.800979,-0.124099,-0.585728,-0.196549,-0.869594,0.452931,-0.564561,0.478062,0.67287,-0.018685,0.051761,-0.08359,-0.900846,-1.319032,-0.837249,0.475071,-0.250899,-0.024424,0.293253,-0.886182,0.016617,0.46303,0.289386,-0.760382,0.581385,0.362846,0.649179,0.66841,-0.052576,-0.020667,-0.027021,-0.803149,-0.926841,-1.22317,0.471383,0.00059,0.041435,-0.011392,0.887996,0.018702,0.459468,-0.313709,0.755197,0.575554,-0.336225,-0.65523,0.67648,-0.026107,-0.004635,-0.017243,-2.620599,-3.418577,-3.536541,0.424431,0.113249,0.035134,-0.04031,0.799317,0.16554,-0.577657,0.146416,0.87868,0.454403,0.582798,-0.447791,0.678106,-0.009255,0.02569,-0.041965,-0.870811,-1.297108,-0.833368,0.418821
103,0.220108,-0.029224,0.329002,-0.777187,-0.166929,-0.606763,-0.19485,-0.852991,0.48416,-0.597421,0.494714,0.631168,-0.032748,0.040689,-0.074204,-0.388824,-1.517046,0.110558,0.451262,-0.252839,-0.024726,0.292553,-0.894228,-0.036962,0.446072,0.324433,-0.739839,0.589334,0.309355,0.671759,0.67298,-0.0484,-0.004886,-0.007109,-3.167683,-5.084427,-1.668546,0.465323,-0.000384,0.04127,-0.01176,0.893062,0.069331,0.444558,-0.346876,0.735381,0.582143,-0.286559,-0.674097,0.680791,-0.024054,-0.001973,-0.002934,-0.021081,0.050428,-0.142308,0.417083,0.112742,0.036055,-0.041858,0.773326,0.208493,-0.598745,0.145038,0.861162,0.487198,0.617195,-0.463604,0.63572,-0.016278,0.019831,-0.037608,-0.058037,-2.825579,1.224463,0.391878
104,0.218787,-0.027742,0.326285,-0.748836,-0.207461,-0.629484,-0.199103,-0.835498,0.512126,-0.631251,0.509084,0.585134,-0.032205,0.033452,-0.062043,-0.716131,-1.17277,-0.39689,0.442423,-0.254763,-0.024511,0.292813,-0.900554,-0.11655,0.41882,0.370256,-0.710143,0.598783,0.228761,0.694445,0.682113,-0.043526,0.012247,0.0148,-0.872371,-1.671681,-0.477951,0.446923,-0.001332,0.041363,-0.011649,0.8968,0.148877,0.416633,-0.391932,0.70423,0.591986,-0.205273,-0.694186,0.689904,-0.029095,0.00791,0.009553,0.010815,-0.15614,-0.031219,0.398305,0.112094,0.03678,-0.043204,0.743728,0.24566,-0.621706,0.149794,0.845133,0.513139,0.651482,-0.474764,0.591751,-0.023444,0.01585,-0.031347,-0.690874,-1.004682,-0.578738,0.371957
105,0.217973,-0.02713,0.325137,-0.731155,-0.23083,-0.642009,-0.193912,-0.831929,0.519869,-0.653201,0.504882,0.564313,-0.047172,0.034083,-0.060336,-0.506684,-1.49788,0.069105,0.445761,-0.255634,-0.024159,0.293279,-0.900965,-0.144799,0.409006,0.384426,-0.703076,0.598193,0.202073,0.696357,0.688561,-0.040998,0.020749,0.025611,0.293589,-0.668843,-0.238963,0.448713,-0.00177,0.041532,-0.011425,0.896669,0.179503,0.404676,-0.407092,0.693517,0.594398,-0.173954,-0.697719,0.694929,-0.020407,0.010731,0.013284,-0.161436,-0.489657,-0.30695,0.394875,0.111698,0.037084,-0.04378,0.726354,0.269455,-0.632299,0.143314,0.840354,0.522748,0.672213,-0.470318,0.571778,-0.01573,0.012328,-0.025682,-0.573658,-0.833773,-0.482209,0.370324
106,0.21606,-0.026145,0.323221,-0.703782,-0.274488,-0.655281,-0.174359,-0.827434,0.533784,-0.687847,0.490259,0.535295,-0.061447,0.025637,-0.048336,3.096983,-3.823863,-3.27656,0.461942,-0.257152,-0.023323,0.294662,-0.890496,-0.215198,0.400871,0.431109,-0.680187,0.592811,0.146211,0.700978,0.697937,-0.038419,0.018706,0.045026,-2.034165,-3.760515,-3.954255,0.452643,-0.002542,0.041968,-0.010718,0.884925,0.245804,0.395584,-0.449695,0.671939,0.588448,-0.121165,-0.698625,0.705153,-0.018994,0.015259,0.018878,0.29941,-0.507041,-0.353963,0.400427,0.11073,0.037592,-0.044766,0.696961,0.306952,-0.648092,0.129658,0.834923,0.534875,0.705289,-0.456818,0.54211,-0.022854,0.007614,-0.020182,-0.217041,-0.45893,-0.12694,0.386326
107,0.213664,-0.025588,0.321726,-0.685678,-0.299584,-0.663431,-0.158155,-0.82833,0.537426,-0.709695,0.473795,0.521419,-0.074829,0.003894,-0.030443,-0.013786,-0.119785,-0.041012,0.492754,-0.258481,-0.022376,0.296586,-0.882313,-0.271858,0.384198,0.461166,-0.661605,0.591218,0.094566,0.699152,0.708595,-0.021501,0.012264,0.058903,0.058295,-0.504233,-0.258899,0.463811,-0.003211,0.042451,-0.009752,0.873209,0.307411,0.378158,-0.482963,0.649671,0.587088,-0.065201,-0.695287,0.715767,-0.018152,0.01268,0.026444,-0.020989,-0.913455,-0.466046,0.411858,0.109537,0.037882,-0.045518,0.674269,0.337229,-0.65699,0.108714,0.834626,0.539981,0.730439,-0.435517,0.526102,-0.03036,0.008258,-0.019057,0.100693,-0.195097,0.234021,0.424047
108,0.210907,-0.025506,0.320647,-0.679006,-0.305555,-0.667556,-0.154831,-0.829252,0.536973,-0.716807,0.468343,0.516595,-0.074236,-0.006223,-0.021411,0.033685,-0.0077,-0.006071,0.516897,-0.259459,-0.021531,0.298878,-0.870856,-0.320217,0.372909,0.488471,-0.646874,0.585564,0.05481,0.692492,0.719245,-0.020219,0.016138,0.063016,0.100756,-0.357588,-0.212377,0.461242,-0.003691,0.042868,-0.008621,0.859887,0.355317,0.366529,-0.509838,0.633871,0.581611,-0.025676,-0.686991,0.726211,-0.010151,0.008053,0.031524,0.042118,-0.758972,-0.655709,0.422472,0.108186,0.037931,-0.046051,0.667845,0.342347,-0.660893,0.105045,0.835698,0.539048,0.736849,-0.429425,0.522155,-0.037097,-0.003062,-0.010609,0.051735,0.015866,0.006829,0.467972
109,0.209527,-0.025636,0.320276,-0.678015,-0.304753,-0.668929,-0.155421,-0.830029,0.5356,-0.717617,0.467486,0.516246,-0.073681,-0.015802,-0.011671,0.000611,-0.010547,-5.8e-05,0.518116,-0.259728,-0.021253,0.300044,-0.864734,-0.340168,0.369476,0.500543,-0.641926,0.580794,0.040694,0.687591,0.724863,-0.020172,0.016167,0.062705,0.152144,-0.299867,-0.39758,0.459542,-0.003831,0.043021,-0.008012,0.853042,0.375118,0.362773,-0.521714,0.628414,0.576982,-0.011536,-0.681454,0.731769,-0.00283,0.001418,0.03429,0.20818,-0.501028,-0.26901,0.420675,0.107496,0.037868,-0.046241,0.666995,0.341188,-0.66235,0.105699,0.836664,0.53742,0.737526,-0.428466,0.521987,-0.029396,-0.00733,-0.005684,0.007368,-0.117179,0.206959,0.479239
110,0.206825,-0.026189,0.319723,-0.676651,-0.303832,-0.670727,-0.156477,-0.830787,0.534117,-0.718675,0.466738,0.515451,-0.073162,-0.027832,-0.004653,-0.036119,0.013296,-0.045088,0.519615,-0.259964,-0.021079,0.302537,-0.855721,-0.369265,0.362457,0.516945,-0.636785,0.57202,0.020654,0.677317,0.735308,-0.006301,0.000515,0.065092,0.09388,-0.345384,-0.174221,0.454051,-0.003953,0.04312,-0.006758,0.842709,0.404256,0.355551,-0.538304,0.622539,0.568043,0.00829,-0.67009,0.742233,-0.003337,-0.000246,0.031957,0.131501,-0.392808,-0.23896,0.417409,0.106117,0.037597,-0.046525,0.665767,0.340022,-0.664181,0.106863,0.837507,0.535873,0.738466,-0.427744,0.52125,-0.03691,-0.008227,-0.006273,-0.002215,-0.008231,0.002207,0.491159
111,0.204093,-0.026939,0.319285,-0.677182,-0.301547,-0.671221,-0.156844,-0.83209,0.531975,-0.718094,0.465892,0.517023,-0.074067,-0.016742,-0.013225,0.002404,-0.008166,0.001229,0.520397,-0.260003,-0.021421,0.305009,-0.850942,-0.385472,0.356793,0.525061,-0.636166,0.565277,0.010148,0.668834,0.74325,0.006626,-0.017995,0.064297,0.053343,-0.306077,-0.202032,0.437562,-0.003975,0.042962,-0.005515,0.837327,0.420138,0.34981,-0.546388,0.621447,0.561483,0.018512,-0.661277,0.749913,-0.004122,-0.007831,0.033405,0.102465,-0.274948,-0.414985,0.403693,0.104751,0.037218,-0.046741,0.666575,0.337592,-0.664611,0.107242,0.838867,0.533665,0.737682,-0.427003,0.522965,-0.036691,-0.014326,-0.002857,-0.050261,0.005221,-0.047823,0.496548
112,0.202775,-0.02734,0.319062,-0.678303,-0.299603,-0.670961,-0.156643,-0.833185,0.530319,-0.71708,0.465186,0.519062,-0.058624,-0.027687,-0.005822,-0.027061,0.009089,-0.009883,0.520019,-0.259955,-0.0217,0.306201,-0.844076,-0.402338,0.354473,0.536092,-0.629189,0.562725,-0.002316,0.665512,0.746291,0.006617,-0.007924,0.054681,0.149262,-0.479454,-0.305359,0.430355,-0.003952,0.042817,-0.004917,0.830136,0.435781,0.347804,-0.556726,0.613739,0.559803,0.030491,-0.658345,0.752098,-0.004322,-0.008481,0.032545,0.057437,-0.555775,-0.448385,0.394059,0.104086,0.037022,-0.046855,0.667871,0.33559,-0.664323,0.106985,0.84002,0.531902,0.736547,-0.426315,0.525122,-0.037078,-0.008574,-0.006855,-0.0175,-0.00485,-0.027444,0.497201
113,0.200322,-0.028114,0.31861,-0.679479,-0.295426,-0.671623,-0.16222,-0.832245,0.530118,-0.714724,0.469518,0.518411,-0.059447,-0.016815,-0.014583,-0.000294,-0.010265,0.005155,0.520737,-0.25967,-0.02225,0.308364,-0.82465,-0.435471,0.360984,0.56514,-0.61093,0.554361,-0.019837,0.661701,0.749414,0.005946,-0.010035,0.051912,0.318329,0.356356,-0.640912,0.424289,-0.003809,0.042541,-0.003836,0.809272,0.469595,0.352927,-0.585374,0.594415,0.551367,0.049134,-0.652801,0.755933,0.010366,-0.00605,0.024871,1.074797,1.554761,-1.906767,0.380832,0.10286,0.036631,-0.047078,0.669169,0.331593,-0.665023,0.112811,0.839218,0.531963,0.734496,-0.430996,0.524172,-0.029429,-0.013717,-0.002847,-0.038911,0.001726,-0.012649,0.498507
114,0.198168,-0.02872,0.318113,-0.678997,-0.295304,-0.672164,-0.162554,-0.832371,0.529816,-0.715106,0.46937,0.518017,-0.044698,-0.014061,-0.012664,0.001463,-0.025618,0.034085,0.520236,-0.25929,-0.022652,0.310152,-0.804098,-0.465313,0.370001,0.593367,-0.592028,0.5453,-0.033675,0.6586,0.751648,0.004909,-0.003393,0.038272,0.017523,-0.144588,-0.077357,0.423461,-0.003618,0.042341,-0.002934,0.787318,0.498648,0.362601,-0.613407,0.574251,0.542186,0.062136,-0.649295,0.757993,0.009888,-0.002578,0.018218,0.042062,-0.214677,-0.030822,0.37822,0.101778,0.036323,-0.04733,0.668722,0.331436,-0.665552,0.113158,0.83935,0.531682,0.73485,-0.43086,0.523787,-0.02984,-0.006951,-0.005796,0.000859,-0.024722,0.029978,0.500467
115,0.196342,-0.029179,0.317705,-0.680215,-0.291068,-0.672779,-0.167839,-0.831592,0.529392,-0.712725,0.473378,0.517653,-0.029875,-0.009877,-0.009082,-0.002863,0.043663,-0.084149,0.520076,-0.258895,-0.022917,0.311507,-0.784289,-0.489849,0.380695,0.618584,-0.57226,0.538337,-0.044864,0.658314,0.751315,0.00383,-0.006985,0.033991,-0.064011,-4e-05,0.008008,0.418155,-0.003421,0.042209,-0.002256,0.766448,0.522859,0.373061,-0.638086,0.553355,0.535391,0.073498,-0.648395,0.757747,0.009408,0.000862,0.011586,-0.044762,-0.017308,0.04961,0.374627,0.100859,0.036089,-0.047539,0.670133,0.32719,-0.666233,0.118574,0.838879,0.531245,0.732707,-0.435003,0.523365,-0.022432,-0.005138,-0.004324,0.00221,-0.039559,0.059366,0.5021
116,0.195568,-0.029374,0.317551,-0.679753,-0.290742,-0.673387,-0.168294,-0.831788,0.52894,-0.713059,0.473234,0.517324,-0.029923,-0.008977,-0.008149,0.003294,-0.054567,0.088682,0.520223,-0.258694,-0.022981,0.312018,-0.772546,-0.505404,0.384358,0.632485,-0.560534,0.534507,-0.053728,0.656661,0.752178,0.003552,0.002137,0.023427,-0.217551,-0.289677,-0.346957,0.416261,-0.00332,0.042173,-0.001996,0.75446,0.537548,0.376604,-0.651214,0.541472,0.531721,0.081905,-0.646413,0.758578,0.009044,-0.000335,0.01019,-0.705349,-0.820202,-1.360097,0.372178,0.100472,0.035992,-0.047615,0.669766,0.326912,-0.666738,0.118943,0.839054,0.530885,0.732983,-0.434873,0.523087,-0.022465,-0.004607,-0.003781,0.002124,-0.039684,0.05929,0.502916
117,0.194298,-0.029617,0.317355,-0.680457,-0.285943,-0.67473,-0.174212,-0.831241,0.527882,-0.710965,0.477099,0.516655,-0.030008,-0.005271,-0.004187,0.003268,-0.054568,0.088683,0.51956,-0.258327,-0.023105,0.31279,-0.752095,-0.528917,0.39318,0.655938,-0.543981,0.523225,-0.061918,0.652075,0.755531,0.002237,-0.002336,0.018255,0.013121,-0.131851,-0.095141,0.413558,-0.003135,0.042113,-0.001601,0.73311,0.560468,0.385258,-0.674126,0.523859,0.520696,0.090012,-0.641441,0.761873,0.001049,-0.001379,0.00888,-0.011892,-0.123013,-0.083916,0.367769,0.099837,0.035868,-0.047715,0.670743,0.32214,-0.668077,0.12491,0.838822,0.52988,0.731094,-0.438864,0.522396,-0.007493,-0.001935,-0.001693,-0.000988,0.014753,-0.029506,0.504059
118,0.193385,-0.029716,0.317295,-0.68053,-0.282902,-0.675937,-0.175101,-0.832979,0.524841,-0.710677,0.475875,0.518177,-0.015018,-0.001938,-0.001353,0.154034,0.120604,0.220683,0.519675,-0.258137,-0.023278,0.313408,-0.733978,-0.549658,0.398928,0.675923,-0.534904,0.506891,-0.064309,0.642377,0.763596,0.001415,-0.005161,0.015012,0.148303,-0.309675,-0.188477,0.41042,-0.003041,0.042025,-0.001293,0.714571,0.580149,0.390914,-0.693521,0.514199,0.504605,0.091738,-0.631684,0.769778,0.00064,-0.002783,0.00727,0.144446,-0.318123,-0.184568,0.366136,0.099376,0.035819,-0.047745,0.670594,0.319692,-0.669402,0.125762,0.840318,0.527303,0.731085,-0.437792,0.523307,-0.015027,-0.00042,0.000312,0.249882,0.322164,0.094362,0.505365
119,0.192833,-0.029703,0.317352,-0.680975,-0.277788,-0.677607,-0.181356,-0.832504,0.523468,-0.708681,0.479698,0.517385,-5e-06,0.001158,0.001257,3.2e-05,4.1e-05,2.2e-05,0.519526,-0.258121,-0.023623,0.314019,-0.713306,-0.581237,0.391598,0.696446,-0.526208,0.487855,-0.076604,0.621443,0.779618,0.000812,-0.007241,0.012638,-0.22062,-1.582875,-1.808804,0.397953,-0.003034,0.041854,-0.000995,0.694983,0.60788,0.384031,-0.711828,0.506289,0.486796,0.101483,-0.611679,0.784568,0.000142,-0.008846,0.010718,-1.719509,-3.697181,-4.733235,0.356665,0.099094,0.035825,-0.047716,0.671704,0.31395,-0.671005,0.13208,0.840497,0.525469,0.728949,-0.441586,0.523099,-4e-06,0.000699,0.000772,-0.001934,-0.002041,-0.001008,0.506182
120,0.192687,-0.029694,0.3174,-0.680256,-0.277125,-0.6786,-0.182181,-0.832833,0.522657,-0.70916,0.47951,0.516903,-0.015031,0.0009,0.001716,0.005101,-0.083503,0.143288,0.519546,-0.258162,-0.023858,0.314361,-0.705926,-0.59576,0.383053,0.703273,-0.526183,0.477988,-0.082326,0.60756,0.789909,0.00051,-0.018337,0.020897,0.453038,-0.941801,-0.412092,0.389138,-0.003055,0.041739,-0.000828,0.68593,0.623364,0.375386,-0.719649,0.504769,0.476772,0.107719,-0.59718,0.79484,-0.006962,-0.002445,0.007564,0.525416,-0.98506,-0.673419,0.347521,0.099021,0.035831,-0.04769,0.67102,0.313266,-0.672009,0.132898,0.840861,0.52468,0.729431,-0.44138,0.522602,-0.007517,0.000524,0.000945,0.005007,-0.083887,0.143049,0.506835
121,0.192644,-0.029671,0.317504,-0.678855,-0.275795,-0.680542,-0.183831,-0.833468,0.521066,-0.710077,0.479172,0.515957,0.015019,0.001297,0.000669,0.007068,-0.11291,0.202408,0.519496,-0.258341,-0.024391,0.315162,-0.686321,-0.633684,0.356931,0.720548,-0.526388,0.451288,-0.097231,0.567708,0.817385,-0.014048,-0.015447,0.02401,0.531101,-1.04924,-0.516492,0.361692,-0.00314,0.041475,-0.000441,0.665154,0.660034,0.349175,-0.736842,0.504431,0.450124,0.120962,-0.556689,0.821866,-0.006991,-0.007521,0.012222,0.755813,-1.548039,-0.573775,0.319762,0.098994,0.035845,-0.047636,0.669787,0.311963,-0.673841,0.134423,0.841534,0.523211,0.730283,-0.44102,0.521714,-4e-06,0.000627,0.000682,0.000139,-9.5e-05,-7.9e-05,0.507651
122,0.192781,-0.029674,0.317585,-0.677616,-0.274593,-0.682261,-0.185332,-0.834012,0.519661,-0.71087,0.478913,0.515104,-4e-06,0.000839,0.00091,0.0,0.0,0.0,0.519264,-0.258621,-0.024881,0.316103,-0.664111,-0.675588,0.320198,0.738908,-0.528404,0.418016,-0.112381,0.515055,0.849677,0.001915,-0.003427,0.016929,0.730093,-1.491841,-0.225481,0.323535,-0.003282,0.04122,2.6e-05,0.641202,0.700732,0.312783,-0.755556,0.505252,0.416958,0.134142,-0.50368,0.853412,-0.006587,-0.006137,0.01379,0.625618,-1.299698,-0.409725,0.27453,0.099062,0.035843,-0.047596,0.668557,0.310626,-0.675678,0.135983,0.842202,0.521731,0.731121,-0.440688,0.520821,-3e-06,0.000597,0.000646,0.006202,-0.098233,0.172814,0.509284
123,0.192871,-0.029682,0.317602,-0.677144,-0.274129,-0.682916,-0.185901,-0.834224,0.519117,-0.711172,0.478809,0.514785,-1e-06,0.000119,0.000129,0.0,0.0,0.0,0.51931,-0.258805,-0.025072,0.316618,-0.654274,-0.695627,0.296683,0.746233,-0.53065,0.401847,-0.121281,0.485187,0.86588,-0.012677,-0.010687,0.029352,0.830826,-1.65207,-0.389562,0.311824,-0.003378,0.041117,0.000299,0.630108,0.721187,0.287841,-0.763291,0.507158,0.40022,0.142652,-0.471889,0.87004,-0.006315,-0.005179,0.014855,0.732997,-1.577668,-0.397713,0.251996,0.099113,0.035841,-0.047585,0.668105,0.310125,-0.676356,0.136558,0.842452,0.521177,0.731428,-0.440562,0.520496,0.0,2.4e-05,2.5e-05,9.9e-05,-4.2e-05,-4.2e-05,0.509611
124,0.193086,-0.029693,0.31761,-0.677638,-0.271307,-0.683553,-0.186477,-0.835725,0.516491,-0.710551,0.477794,0.516582,0.015022,0.000418,-0.000292,0.004491,-0.010159,0.032011,0.518868,-0.259175,-0.025246,0.317772,-0.634739,-0.731044,0.250342,0.762036,-0.538891,0.35893,-0.126693,0.419519,0.898786,-0.011529,-0.006758,0.033699,0.897494,-1.439708,-0.001377,0.30004,-0.003563,0.04103,0.000875,0.608084,0.756601,0.24039,-0.780348,0.514005,0.356167,0.145914,-0.404168,0.902971,-0.005715,-0.003153,0.017108,0.861432,-1.402727,-0.015864,0.225053,0.099215,0.035834,-0.047582,0.66887,0.307215,-0.676928,0.136996,0.844071,0.518435,0.730646,-0.439502,0.522487,-1e-06,-1.7e-05,-2.2e-05,-0.013729,-0.010847,-0.004594,0.510591
125,0.193221,-0.029693,0.317588,-0.677201,-0.270868,-0.68416,-0.186956,-0.835956,0.515943,-0.710841,0.477638,0.516328,1e-06,-0.000105,-0.000114,1e-06,1e-06,0.0,0.519033,-0.259659,-0.025197,0.319045,-0.623112,-0.756642,0.198028,0.771423,-0.553138,0.314449,-0.127609,0.349658,0.928072,-0.010466,0.006819,0.028076,0.745818,-1.481856,0.243429,0.298021,-0.003797,0.041054,0.001488,0.594937,0.780936,0.190232,-0.790758,0.526259,0.312651,0.144049,-0.336436,0.930623,-0.01259,0.004613,0.015303,0.962666,-1.898694,0.145529,0.216889,0.099288,0.035834,-0.047594,0.668351,0.306865,-0.677598,0.137554,0.844241,0.518009,0.731015,-0.439419,0.52204,1e-06,-7.6e-05,-8.3e-05,-0.000246,-0.00046,-0.000257,0.511734
126,0.193255,-0.029686,0.317594,-0.678318,-0.268665,-0.683922,-0.186793,-0.83716,0.514047,-0.709819,0.476769,0.518533,-3e-06,0.000448,0.000486,0.337497,0.333512,0.405858,0.518615,-0.259898,-0.025145,0.319672,-0.615542,-0.769084,0.172069,0.777312,-0.556768,0.292795,-0.128611,0.314953,0.94028,-0.010172,0.00778,0.029077,1.02215,-1.766527,0.240169,0.293778,-0.003924,0.041082,0.001827,0.58736,0.792745,0.162981,-0.796345,0.530178,0.291111,0.144368,-0.300776,0.942703,-0.005068,0.004006,0.014673,0.929788,-1.694402,0.239714,0.213133,0.099305,0.035836,-0.047592,0.668233,0.30674,-0.677771,0.13769,0.844309,0.517862,0.731098,-0.439375,0.521961,-2e-06,0.000303,0.000327,5.2e-05,-0.00016,-8.5e-05,0.511897
127,0.193266,-0.029691,0.317587,-0.678087,-0.268442,-0.684238,-0.187049,-0.837272,0.513771,-0.709971,0.476698,0.518389,1e-06,-0.00017,-0.000184,7.1e-05,9.2e-05,5e-05,0.518965,-0.26037,-0.025097,0.321014,-0.608885,-0.784058,0.120431,0.781704,-0.567498,0.258492,-0.133567,0.252528,0.958255,-0.010349,-0.00285,0.037737,0.724483,-1.360223,0.325737,0.296567,-0.004156,0.041109,0.002486,0.579113,0.807522,0.11196,-0.801872,0.539441,0.256911,0.147065,-0.238558,0.959927,-0.005359,-0.002004,0.018243,0.783049,-1.539951,0.380248,0.209377,0.099311,0.035835,-0.047594,0.669385,0.304463,-0.677661,0.137591,0.845577,0.515816,0.730062,-0.43852,0.524125,-0.007511,-0.00032,2.5e-05,-0.004156,0.01156,-0.031063,0.512224
128,0.193244,-0.029692,0.317588,-0.677805,-0.268175,-0.684623,-0.187359,-0.837407,0.513438,-0.71016,0.47661,0.518211,0.0,-0.0,-0.0,0.0,0.0,0.0,0.519347,-0.260884,-0.025123,0.322361,-0.608981,-0.788899,0.082301,0.780853,-0.57827,0.236236,-0.138012,0.209131,0.968029,-0.010636,-0.003879,0.036481,0.256696,-0.685125,0.470783,0.306635,-0.004416,0.041097,0.003176,0.577797,0.812994,0.072051,-0.802266,0.549498,0.23328,0.150063,-0.192592,0.969736,-0.005341,-0.001952,0.018244,0.175541,-0.623485,0.480591,0.219991,0.099299,0.035834,-0.047594,0.669099,0.304211,-0.678056,0.137902,0.845713,0.515511,0.730265,-0.438434,0.523914,-2e-06,4e-06,5e-06,7.5e-05,-0.000184,-0.000107,0.512713
129,0.193233,-0.029694,0.317601,-0.677354,-0.267745,-0.685237,-0.187873,-0.837611,0.512917,-0.710454,0.476493,0.517916,-0.0,4e-06,4e-06,0.006097,-0.09815,0.17288,0.519462,-0.261431,-0.025233,0.323796,-0.60568,-0.792873,0.067052,0.783403,-0.579636,0.224134,-0.138087,0.189291,0.972093,-0.010679,-0.004075,0.036145,-0.053571,-0.287241,-0.162728,0.308882,-0.004681,0.041045,0.003867,0.575079,0.816067,0.057601,-0.804415,0.551234,0.221488,0.148997,-0.173708,0.97346,-0.005372,-0.001983,0.018045,-0.289633,-1.196472,-5.089719,0.226523,0.099294,0.035833,-0.047587,0.668747,0.30384,-0.67857,0.138322,0.845904,0.515086,0.730509,-0.438323,0.523668,-2e-06,-1e-06,-0.0,7.9e-05,-5.8e-05,-9.9e-05,0.513367
130,0.193233,-0.029689,0.317607,-0.677113,-0.267514,-0.685566,-0.188139,-0.837727,0.51263,-0.710614,0.476419,0.517765,-0.0,5.4e-05,5.9e-05,0.0,0.0,0.0,0.519113,-0.261665,-0.025329,0.324498,-0.609409,-0.789979,0.067416,0.781025,-0.583715,0.221835,-0.135132,0.188847,0.972594,-0.01066,-0.004029,0.03614,-0.047896,-0.177088,0.334965,0.310371,-0.004802,0.040995,0.004231,0.578014,0.813957,0.058076,-0.802762,0.554397,0.219582,0.146533,-0.173543,0.973863,-0.005359,-0.00203,0.018068,-0.073486,-0.074788,0.182338,0.228319,0.099294,0.035836,-0.047584,0.668449,0.303521,-0.679006,0.138665,0.846075,0.514711,0.730716,-0.438213,0.52347,-2e-06,3.3e-05,3.6e-05,8.5e-05,-6.7e-05,-5e-05,0.513367
131,0.193233,-0.029694,0.317601,-0.676663,-0.267083,-0.686178,-0.188634,-0.837943,0.512096,-0.710911,0.476281,0.517484,0.0,-1e-06,-1e-06,0.0,0.0,0.0,0.518934,-0.262058,-0.025583,0.326014,-0.613836,-0.785333,0.080298,0.778831,-0.586062,0.223352,-0.127579,0.200639,0.971252,-0.01018,-0.002445,0.037729,-0.178846,0.129022,0.059176,0.313877,-0.005,0.040865,0.004985,0.583131,0.809276,0.070918,-0.800302,0.557274,0.221272,0.139549,-0.185786,0.972629,-0.005071,-0.001073,0.019036,-0.199802,0.130688,0.114699,0.233381,0.099294,0.035833,-0.047588,0.668028,0.303068,-0.679622,0.139151,0.846317,0.514181,0.731009,-0.438057,0.523191,-1e-06,1e-06,1e-06,7.1e-05,-2.1e-05,-7.3e-05,0.513693
132,0.193221,-0.029689,0.317608,-0.67628,-0.266717,-0.686697,-0.189054,-0.838125,0.511641,-0.711165,0.476163,0.517243,-0.0,4.6e-05,5e-05,0.0,0.0,0.0,0.519277,-0.26212,-0.025752,0.327588,-0.614389,-0.784048,0.088239,0.778547,-0.58453,0.228302,-0.126653,0.209961,0.969401,0.005358,-0.001646,0.038555,-0.088605,0.098727,-0.121466,0.316275,-0.005037,0.040778,0.00577,0.584545,0.807516,0.078893,-0.79937,0.556524,0.226467,0.13897,-0.195445,0.970818,0.002596,-0.001017,0.019078,-0.06069,0.090549,-0.134663,0.236973,0.099288,0.035836,-0.047584,0.667669,0.302685,-0.680146,0.139563,0.846523,0.51373,0.731258,-0.437925,0.522954,-1e-06,2.4e-05,2.5e-05,5.3e-05,-3.6e-05,-5.3e-05,0.513856
133,0.193222,-0.029691,0.31762,-0.676046,-0.266494,-0.687014,-0.189329,-0.838224,0.511377,-0.711314,0.476113,0.517084,-1e-06,0.000145,0.000157,0.0,0.0,0.0,0.5191,-0.262047,-0.025807,0.32839,-0.614906,-0.783337,0.09092,0.777983,-0.583961,0.231659,-0.127604,0.214178,0.968353,0.005405,-0.011297,0.048322,-0.135486,0.040448,0.050501,0.317056,-0.005,0.040754,0.006168,0.585088,0.80685,0.081634,-0.798792,0.555996,0.22978,0.14001,-0.199651,0.969812,0.002767,-0.000421,0.019666,-0.089855,0.107657,-0.09454,0.239096,0.099288,0.035835,-0.047578,0.66745,0.302451,-0.680465,0.139834,0.846637,0.513469,0.731406,-0.437867,0.522795,-1e-06,7.1e-05,7.6e-05,5.4e-05,-3.9e-05,-3.2e-05,0.514183
134,0.193222,-0.029707,0.317633,-0.675601,-0.266069,-0.687616,-0.189853,-0.838411,0.510876,-0.711597,0.476021,0.516779,-0.0,0.0,0.0,0.0,0.0,0.0,0.518457,-0.261848,-0.025794,0.329998,-0.61326,-0.784335,0.093392,0.779105,-0.581424,0.234257,-0.128669,0.217419,0.96749,0.006225,0.001425,0.04151,-0.066501,-0.009566,0.04473,0.31595,-0.004901,0.040757,0.006975,0.583641,0.807664,0.083907,-0.799665,0.55374,0.232177,0.141059,-0.202606,0.969047,0.003092,0.000728,0.020774,-0.076285,0.086851,-0.125394,0.239586,0.099289,0.035827,-0.047571,0.667034,0.302004,-0.681072,0.140352,0.846852,0.512973,0.731688,-0.43776,0.522492,2e-06,-5e-06,-7e-06,5.5e-05,-9e-06,-4.5e-05,0.514346
135,0.193212,-0.029738,0.317646,-0.675264,-0.26575,-0.688071,-0.190276,-0.838533,0.510519,-0.711804,0.475985,0.516527,3e-06,-0.00045,-0.000488,0.0,0.0,0.0,0.519016,-0.26157,-0.025688,0.331664,-0.609671,-0.786927,0.095068,0.781841,-0.577506,0.234829,-0.129128,0.218496,0.967186,0.006681,0.003101,0.04302,-0.065417,0.073775,-0.136896,0.314513,-0.00476,0.040811,0.007825,0.580062,0.810085,0.085375,-0.802187,0.549889,0.232628,0.141502,-0.203426,0.96881,0.003339,0.001634,0.021596,-0.087855,0.092451,-0.137045,0.238116,0.099283,0.035812,-0.047564,0.666718,0.301668,-0.681529,0.140769,0.846997,0.51262,0.731895,-0.437711,0.522242,4e-06,-0.000301,-0.00033,3.6e-05,-2.9e-05,-3.1e-05,0.514673
136,0.193224,-0.029754,0.317659,-0.674883,-0.265385,-0.688585,-0.19073,-0.838689,0.510094,-0.712044,0.475913,0.516262,0.0,-0.0,-0.0,0.0,0.0,0.0,0.518544,-0.261259,-0.025566,0.333472,-0.604631,-0.790764,0.095425,0.785703,-0.572705,0.233696,-0.129392,0.21728,0.967425,0.007329,0.005466,0.045184,-0.03726,0.031501,-0.129024,0.310889,-0.004609,0.040868,0.008694,0.575107,0.813595,0.08552,-0.805721,0.545216,0.231411,0.141649,-0.201991,0.969089,0.003455,-0.002816,0.026769,-0.084096,0.065885,-0.181102,0.234851,0.09929,0.035803,-0.047559,0.666361,0.301285,-0.682047,0.141218,0.847177,0.512198,0.732133,-0.437626,0.521979,2e-06,3e-06,3e-06,3.3e-05,2e-06,-4.8e-05,0.514673
137,0.193224,-0.029754,0.317659,-0.676209,-0.261164,-0.688897,-0.195946,-0.837653,0.509818,-0.709366,0.480052,0.516118,0.0,-0.0,-0.0,-1e-06,0.0,0.0,0.51863,-0.261138,-0.025529,0.334354,-0.601122,-0.793636,0.09373,0.788399,-0.56999,0.231241,-0.129345,0.21391,0.968182,0.007089,0.004709,0.044268,0.0498,-0.048539,-0.211523,0.308343,-0.004545,0.040891,0.009155,0.571659,0.816175,0.08404,-0.808197,0.542468,0.229228,0.141501,-0.198961,0.969737,0.003586,0.002597,0.022379,0.076695,-0.076652,-0.227969,0.232238,0.09929,0.035803,-0.047559,0.667916,0.297127,-0.682351,0.146501,0.846417,0.511971,0.729674,-0.441919,0.521806,1e-06,3e-06,3e-06,0.000388,0.000143,-8.5e-05,0.51451
138,0.193224,-0.02976,0.317652,-0.67591,-0.260882,-0.689298,-0.196272,-0.837792,0.509465,-0.709562,0.479962,0.515932,0.0,-0.0,-0.0,-0.0,0.0,0.0,0.518608,-0.260856,-0.02545,0.336233,-0.5948,-0.798406,0.093556,0.793996,-0.565543,0.222857,-0.124277,0.207853,0.970163,0.006939,-0.005506,0.053233,0.165274,0.156529,-0.280642,0.301478,-0.004407,0.040933,0.010075,0.565179,0.820779,0.083029,-0.813525,0.537804,0.221227,0.136925,-0.19258,0.97168,0.003688,0.003022,0.02267,1.842032,1.848133,-0.681473,0.225543,0.09929,0.0358,-0.047562,0.667635,0.296834,-0.682753,0.146813,0.846575,0.511619,0.729869,-0.441812,0.521624,-1e-06,6e-06,6e-06,0.000105,-8.8e-05,-6.5e-05,0.515
139,0.193224,-0.029754,0.317659,-0.675588,-0.260578,-0.689729,-0.196621,-0.837941,0.509084,-0.709772,0.479867,0.515732,-1e-06,0.000104,0.000113,0.0,0.0,0.0,0.518866,-0.260596,-0.025289,0.337963,-0.588517,-0.802492,0.098219,0.801014,-0.562532,0.204618,-0.108219,0.200115,0.973707,0.006882,0.004267,0.043266,2.12089,1.583018,-0.83176,0.299914,-0.004274,0.041014,0.010963,0.559701,0.824041,0.087683,-0.819539,0.534727,0.205967,0.122838,-0.187139,0.974622,0.00343,0.002195,0.021695,-0.078226,-0.027454,0.009695,0.221134,0.09929,0.035803,-0.047559,0.667332,0.296515,-0.683187,0.147156,0.846744,0.511242,0.730077,-0.441703,0.521425,-2e-06,6.5e-05,7.2e-05,0.006193,-0.098168,0.172832,0.515816
140,0.193224,-0.029754,0.317659,-0.67551,-0.260504,-0.689833,-0.196705,-0.837977,0.508993,-0.709823,0.479843,0.515683,-0.0,2e-06,2e-06,0.0,0.0,0.0,0.518659,-0.260498,-0.02518,0.338773,-0.587869,-0.80271,0.100284,0.802117,-0.562575,0.200131,-0.103496,0.199111,0.974426,0.006586,0.003294,0.042169,0.040549,-0.090268,-0.018799,0.294627,-0.004224,0.04107,0.01137,0.557705,0.825083,0.09057,-0.822039,0.533918,0.197944,0.114963,-0.184847,0.976019,0.003357,0.006883,0.016583,0.09781,-0.070046,-0.024422,0.217379,0.09929,0.035803,-0.047559,0.667259,0.296438,-0.683292,0.147238,0.846785,0.511151,0.730127,-0.441677,0.521378,-1e-06,-3e-06,-2e-06,7.1e-05,-2.1e-05,-0.000104,0.515816
141,0.193213,-0.029755,0.317659,-0.675211,-0.260224,-0.690232,-0.197028,-0.838115,0.508641,-0.710018,0.479755,0.515497,-0.0,0.0,0.0,0.0,0.0,0.0,0.518708,-0.260319,-0.024949,0.340181,-0.58703,-0.80385,0.095984,0.80257,-0.562551,0.198372,-0.104733,0.194506,0.975224,0.005498,-0.000416,0.038288,-0.014497,-0.051776,-0.014192,0.291189,-0.004132,0.041189,0.012092,0.556752,0.826194,0.086196,-0.822507,0.533781,0.196363,0.116224,-0.180222,0.976734,0.002688,-0.000341,0.01901,-0.037841,-0.031536,-0.013661,0.208561,0.099284,0.035803,-0.047558,0.666979,0.296143,-0.683694,0.147556,0.84694,0.510802,0.730319,-0.441577,0.521193,0.0,-2e-06,-3e-06,6.4e-05,-9e-06,-0.000115,0.515326
142,0.193191,-0.029755,0.317659,-0.675002,-0.26003,-0.690509,-0.197252,-0.83821,0.508397,-0.710155,0.479692,0.515367,-0.0,0.0,0.0,0.0,0.0,0.0,0.518942,-0.260204,-0.024607,0.341271,-0.586234,-0.8043,0.097065,0.803069,-0.561384,0.199659,-0.105363,0.196019,0.974853,0.005087,0.008035,0.02715,-0.030578,-0.02479,0.060593,0.287614,-0.004077,0.041356,0.012625,0.555891,0.826635,0.08751,-0.822983,0.532488,0.197875,0.116973,-0.182016,0.976312,0.002434,0.008611,0.008444,-0.009694,0.068242,-0.121502,0.206275,0.099273,0.035802,-0.047558,0.666782,0.295939,-0.683974,0.147776,0.847048,0.51056,0.730453,-0.441508,0.521064,1e-06,-0.0,-2e-06,7e-05,-1.7e-05,-9.4e-05,0.515653
143,0.193191,-0.029755,0.317659,-0.67469,-0.259737,-0.690924,-0.197589,-0.838354,0.508029,-0.710357,0.4796,0.515173,-0.0,0.0,0.0,0.0,0.0,0.0,0.518914,-0.260199,-0.024197,0.342148,-0.584153,-0.805545,0.099266,0.804602,-0.558915,0.200407,-0.105227,0.197962,0.974475,0.004333,0.005415,0.024478,-0.044241,0.082106,-0.13998,0.281514,-0.004074,0.041561,0.013064,0.553971,0.827699,0.089611,-0.824283,0.530176,0.19867,0.11693,-0.183922,0.97596,0.002211,0.007827,0.007623,-0.008359,0.066691,-0.12241,0.20007,0.099273,0.035802,-0.047558,0.666491,0.29563,-0.684391,0.148108,0.847209,0.510195,0.730652,-0.441405,0.520872,1e-06,0.0,-3e-06,6.5e-05,-2e-05,-9.4e-05,0.515653
144,0.193179,-0.029755,0.31766,-0.674546,-0.259603,-0.691115,-0.197743,-0.838419,0.507861,-0.710451,0.479558,0.515083,-0.0,0.0,0.0,0.0,0.0,0.0,0.518547,-0.260258,-0.023984,0.342543,-0.581781,-0.807315,0.098808,0.806387,-0.556928,0.198756,-0.104705,0.196336,0.97486,-0.0105,0.005951,0.025027,0.036993,-0.060481,-0.065969,0.277933,-0.004098,0.041669,0.013263,0.551682,0.829274,0.089165,-0.825912,0.528264,0.196991,0.116257,-0.182319,0.976341,0.002174,0.007695,0.007473,0.078832,-0.027101,-0.180157,0.195661,0.099267,0.035802,-0.047558,0.666356,0.295489,-0.684583,0.14826,0.847283,0.510028,0.730744,-0.441357,0.520783,0.0,1e-06,-1e-06,5.4e-05,-4.2e-05,-7.5e-05,0.515489
145,0.193168,-0.02975,0.317666,-0.674391,-0.259459,-0.69132,-0.19791,-0.83849,0.507679,-0.710552,0.479512,0.514987,-0.0,1.5e-05,1.6e-05,0.0,0.0,0.0,0.518525,-0.260479,-0.023533,0.343284,-0.579271,-0.808808,0.101322,0.808254,-0.554065,0.199178,-0.104235,0.1983,0.974513,-0.010371,0.016124,0.015649,0.001439,-0.011806,0.021547,0.272259,-0.004213,0.041894,0.01364,0.548944,0.83081,0.091727,-0.82778,0.525135,0.197513,0.115927,-0.184354,0.975998,-0.005228,0.007956,0.007726,8.7e-05,-0.010249,0.022933,0.18717,0.099261,0.035805,-0.047555,0.66621,0.295338,-0.68479,0.148423,0.847363,0.509848,0.730844,-0.441305,0.520687,-0.0,4e-06,2e-06,5.1e-05,-3.4e-05,-6.7e-05,0.515163
146,0.193134,-0.029743,0.317661,-0.674107,-0.259196,-0.691695,-0.198194,-0.838632,0.507334,-0.710742,0.479406,0.514823,-0.0,0.0,0.0,0.0,0.0,0.0,0.518796,-0.260869,-0.023176,0.344032,-0.57428,-0.812451,0.10058,0.811945,-0.549807,0.195937,-0.103174,0.195221,0.975247,-0.011233,0.003219,0.022238,0.082988,-0.111734,-0.096246,0.268966,-0.004403,0.042073,0.014007,0.544174,0.834015,0.091065,-0.831094,0.521039,0.194422,0.114702,-0.181483,0.976681,-0.005469,0.007061,0.00683,0.152971,-0.092621,-0.245574,0.179985,0.09925,0.035809,-0.047558,0.665933,0.295048,-0.685185,0.148715,0.847527,0.50949,0.731037,-0.441184,0.520518,2e-06,-2e-06,-5e-06,4.8e-05,-2.5e-05,-5.9e-05,0.515489
147,0.193134,-0.029749,0.317654,-0.673962,-0.25906,-0.691887,-0.19835,-0.838698,0.507163,-0.710836,0.479363,0.514733,0.0,-3.9e-05,-4.3e-05,0.0,0.0,0.0,0.51877,-0.26112,-0.023059,0.344432,-0.5718,-0.814244,0.100209,0.813747,-0.547657,0.194478,-0.10276,0.193782,0.975578,-0.011177,0.003377,0.022359,0.146744,-0.113622,-0.294425,0.268539,-0.004529,0.042129,0.014205,0.541956,0.835461,0.091035,-0.832586,0.519011,0.193462,0.114382,-0.180643,0.976874,-0.005747,0.001181,0.010702,0.274125,-0.305658,-0.16603,0.178189,0.099244,0.035806,-0.047561,0.665881,0.294997,-0.685257,0.148771,0.847554,0.509428,0.731073,-0.441165,0.520484,1e-06,-2.5e-05,-2.8e-05,4.3e-05,-3.1e-05,-3.8e-05,0.515489
148,0.193134,-0.029749,0.317654,-0.673728,-0.258839,-0.692198,-0.198602,-0.838805,0.506887,-0.710988,0.479294,0.514588,0.0,-0.0,-0.0,0.0,0.0,0.0,0.518317,-0.261708,-0.022969,0.345307,-0.566322,-0.81843,0.097172,0.817657,-0.543358,0.190085,-0.102067,0.188143,0.976754,-0.011744,-0.008408,0.030059,0.143107,-0.202657,-0.174577,0.267143,-0.004823,0.042178,0.014639,0.53623,0.839487,0.087853,-0.836425,0.514507,0.188879,0.11336,-0.174766,0.978062,-0.012875,0.002331,0.011814,0.275273,-0.30131,-0.214451,0.175413,0.099244,0.035806,-0.047561,0.665588,0.294686,-0.685675,0.149103,0.847716,0.509062,0.731272,-0.441062,0.520292,-0.0,2e-06,3e-06,3.9e-05,-1.5e-05,-5.8e-05,0.515653
149,0.193134,-0.029749,0.317654,-0.673494,-0.258619,-0.692509,-0.198855,-0.838913,0.506611,-0.71114,0.479225,0.514442,0.0,-0.0,-0.0,0.0,0.0,0.0,0.51881,-0.26242,-0.023038,0.346329,-0.560365,-0.823137,0.091803,0.82181,-0.539036,0.184396,-0.101599,0.17982,0.978369,-0.02593,0.003845,0.022777,0.042145,-0.055715,-0.100756,0.268384,-0.005169,0.042142,0.015141,0.529575,0.844322,0.081657,-0.840788,0.509721,0.182368,0.112355,-0.165234,0.979833,-0.01324,-0.003824,0.015423,-0.009032,-0.031808,-0.140445,0.175413,0.099244,0.035806,-0.047561,0.665369,0.294454,-0.685988,0.149352,0.847837,0.508789,0.731421,-0.440986,0.520148,-2e-06,2e-06,2e-06,3.9e-05,-2.1e-05,-5.7e-05,0.515489
