frame,MLTx,MLTy,MLTz,MLTR1,MLTR2,MLTR3,MLTR4,MLTR5,MLTR6,MLTR7,MLTR8,MLTR9,MLTTVx,MLTTVy,MLTTVz,MLTRVx,MLTRVy,MLTRVz,MLGA,MRTx,MRTy,MRTz,MRTR1,MRTR2,MRTR3,MRTR4,MRTR5,MRTR6,MRTR7,MRTR8,MRTR9,MRTTVx,MRTTVy,MRTTVz,MRTRVx,MRTRVy,MRTRVz,MRGA,SLTx,SLTy,SLTz,SLTR1,SLTR2,SLTR3,SLTR4,SLTR5,SLTR6,SLTR7,SLTR8,SLTR9,SLTTVx,SLTTVy,SLTTVz,SLTRVx,SLTRVy,SLTRVz,SLGA,SRTx,SRTy,SRTz,SRTR1,SRTR2,SRTR3,SRTR4,SRTR5,SRTR6,SRTR7,SRTR8,SRTR9,SRTTVx,SRTTVy,SRTTVz,SRTRVx,SRTRVy,SRTRVz,SRGA
106,0.155748,-0.046392,0.289676,-0.007197,0.169399,-0.985544,-0.473166,-0.868787,-0.145929,-0.880946,0.465061,0.087632,-0.001336,-0.000296,-0.02401,0.034109,0.015902,-0.03154,0.248287,-0.191051,-0.034412,0.299872,-0.569915,0.082669,0.817529,0.248717,-0.930825,0.267651,0.783795,0.355773,0.508874,0.04499,-0.012873,-0.019093,-0.027312,1.160147,0.255614,-1.40574,0.031215,0.024765,-0.018442,0.600893,-0.066834,0.796529,-0.170841,0.962733,0.20966,-0.780858,-0.262063,0.567082,0.022498,-0.006392,-0.009524,-0.04284,1.174833,0.271325,-0.994074,0.076655,0.019061,-0.072816,0.148903,-0.207338,-0.96687,0.429063,0.89448,-0.125737,0.890916,-0.396125,0.222152,-0.000637,1e-06,-0.011795,0.034066,0.016807,-0.030979,0.100405
107,0.155657,-0.046521,0.288752,-0.008334,0.168627,-0.985667,-0.472216,-0.86949,-0.144813,-0.881444,0.464027,0.088101,-0.001516,-0.012835,-0.017864,-0.001471,0.029186,-0.049682,0.287692,-0.189158,-0.034697,0.299082,-0.522521,0.147918,0.839693,0.180307,-0.943322,0.278511,0.833929,0.29675,0.465151,0.045362,-0.009573,-0.015242,0.007477,1.157191,0.260738,-1.405262,0.032122,0.024622,-0.018826,0.551706,-0.125574,0.82453,-0.102405,0.970921,0.21639,-0.827727,-0.20382,0.522803,0.022792,-0.004525,-0.007366,4.226916,2.90155,2.634182,-1.002076,0.07661,0.019001,-0.073271,0.149962,-0.206523,-0.966881,0.427935,0.895147,-0.124829,0.891281,-0.395042,0.222617,-0.000736,-0.000829,-0.012994,0.034067,0.015977,-0.031492,0.14531
108,0.155616,-0.046631,0.288297,-0.008873,0.168268,-0.985724,-0.471832,-0.869786,-0.144284,-0.881644,0.463603,0.088338,-0.0016,-0.01351,-0.018866,-0.001469,0.029208,-0.049669,0.309185,-0.188218,-0.034777,0.298745,-0.496419,0.178679,0.84949,0.147838,-0.946819,0.285678,0.855956,0.267185,0.442509,0.044844,0.002674,-0.022139,-0.104942,1.444943,0.451155,-1.405301,0.032631,0.024579,-0.01901,0.523324,-0.153953,0.83811,-0.068238,0.972814,0.221305,-0.849396,-0.173006,0.498592,0.02243,0.001454,-0.010955,-0.050515,1.351078,0.397829,-1.005505,0.076588,0.01894,-0.073516,0.150534,-0.206088,-0.966884,0.427435,0.895457,-0.124316,0.891424,-0.394567,0.222886,-0.000796,-0.006849,-0.009562,-0.001503,0.02921,-0.049668,0.175845
109,0.15555,-0.046935,0.287317,-0.008764,0.164857,-0.986301,-0.471037,-0.87069,-0.141401,-0.88207,0.463136,0.086511,-0.001768,-0.003797,-0.0292,0.03742,-0.06931,-0.081845,0.34325,-0.186285,-0.034886,0.298143,-0.442858,0.227165,0.867332,0.094072,-0.950188,0.297031,0.892133,0.212857,0.398312,0.045757,-0.005623,-0.01061,4.329216,2.818333,2.326553,-1.405725,0.033581,0.024526,-0.019307,0.469196,-0.194904,0.861317,-0.0192,0.972858,0.230604,-0.882884,-0.124736,0.452719,0.022897,-0.00253,-0.004982,-0.487402,1.243366,0.176723,-1.010893,0.076555,0.018788,-0.074006,0.150147,-0.202543,-0.967693,0.426203,0.896431,-0.121497,0.892079,-0.394192,0.22092,-0.000879,-0.001992,-0.01473,0.037628,-0.055174,-0.07371,0.2312
110,0.155492,-0.047377,0.286352,-0.0082,0.161742,-0.986822,-0.470516,-0.871364,-0.138963,-0.882354,0.46297,0.084475,-0.001808,-0.015128,-0.02145,-0.00093,0.014987,-0.058074,0.375113,-0.184538,-0.034777,0.297739,-0.387662,0.265531,0.882724,0.056657,-0.948868,0.310439,0.920481,0.170034,0.351662,0.03069,-0.001112,-0.003885,-0.419402,1.221268,0.153919,-1.405565,0.03446,0.024577,-0.019515,0.410583,-0.230672,0.882162,0.024144,0.969882,0.242372,-0.911503,-0.078215,0.403786,0.022694,0.005146,-0.00651,-0.427999,1.416807,0.593972,-1.010893,0.076527,0.018571,-0.074483,0.149352,-0.199429,-0.968463,0.425303,0.897172,-0.11916,0.892642,-0.394093,0.218812,-0.000915,-0.007773,-0.011017,-0.000675,0.043202,-0.041757,0.278228
111,0.155418,-0.047879,0.285368,-0.005779,0.15633,-0.987711,-0.469994,-0.872214,-0.135353,-0.882655,0.463237,0.079743,-0.001866,-0.015528,-0.022201,0.001771,-0.05926,-0.101997,0.416593,-0.182985,-0.034447,0.297439,-0.332517,0.308836,0.891091,0.02292,-0.941863,0.335114,0.943172,0.131477,0.304963,0.030127,0.012775,-0.008708,-0.444419,1.218215,0.404853,-1.40582,0.035219,0.024733,-0.019657,0.354399,-0.268606,0.895685,0.058711,0.962357,0.26537,-0.933249,-0.04146,0.356828,0.015446,0.001255,0.000254,-0.416645,1.085297,0.287996,-1.01024,0.07649,0.018319,-0.074976,0.146692,-0.194221,-0.969927,0.424262,0.89812,-0.115677,0.893578,-0.394535,0.214148,-0.000946,-0.008,-0.011433,0.002648,-0.048203,-0.095812,0.331134
112,0.155393,-0.048138,0.28487,-0.005294,0.153708,-0.988125,-0.46457,-0.875364,-0.133732,-0.885525,0.45815,0.077271,0.014065,-0.017131,-0.024509,0.003122,-0.090031,-0.115443,0.430645,-0.182313,-0.034206,0.297317,-0.310981,0.330061,0.891259,0.009683,-0.936538,0.350337,0.950694,0.117173,0.286906,0.03017,0.013984,-0.007235,-0.450653,1.158842,0.426443,-1.405646,0.035584,0.024864,-0.019724,0.329599,-0.288747,0.898882,0.071775,0.956991,0.281095,-0.941388,-0.028131,0.336148,0.015096,0.007154,-0.003433,-0.498878,1.228991,0.486464,-1.006811,0.076476,0.018185,-0.075231,0.146204,-0.191743,-0.970494,0.418461,0.900929,-0.114958,0.896389,-0.389307,0.211956,0.007047,-0.00857,-0.01226,0.002985,-0.077292,-0.108641,0.359547
113,0.155393,-0.048635,0.283899,-0.003824,0.148757,-0.988889,-0.453659,-0.881493,-0.1309,-0.891174,0.447929,0.072086,0.014253,-0.01576,-0.02272,0.000927,-0.023882,-0.042843,0.441444,-0.181037,-0.033682,0.297146,-0.274923,0.355207,0.893441,-0.006123,-0.929806,0.367909,0.961728,0.09524,0.256654,0.030198,0.01562,-0.005262,-0.163072,0.581129,0.035597,-1.405681,0.03621,0.025122,-0.019806,0.291134,-0.311741,0.904465,0.087781,0.950135,0.299226,-0.952646,-0.00772,0.303982,0.01509,0.007587,-0.002928,-0.156072,0.508192,0.187909,-1.001586,0.076471,0.01794,-0.075713,0.144381,-0.186762,-0.971737,0.406832,0.906392,-0.113756,0.90202,-0.378909,0.206846,-0.000919,-0.00219,-0.015321,0.035335,0.01107,-0.035258,0.390082
114,0.15532,-0.049118,0.282923,-0.005869,0.143597,-0.989642,-0.421516,-0.897752,-0.127818,-0.906806,0.416217,0.067028,-0.001875,-0.004347,-0.03079,0.038583,0.004298,-0.038999,0.461342,-0.17992,-0.033044,0.296913,-0.263794,0.378269,0.887308,-0.01219,-0.921054,0.38916,0.96477,0.091376,0.246441,0.030184,0.016652,-0.004034,-0.026289,-1.375841,2.536604,-1.40553,0.036769,0.02544,-0.019923,0.276931,-0.331656,0.901838,0.093501,0.943392,0.318225,-0.956329,-0.003804,0.292265,0.01509,0.008129,-0.002279,-0.004573,0.071193,0.17307,-1.003055,0.07644,0.017695,-0.076196,0.146205,-0.181592,-0.972444,0.373487,0.920389,-0.115718,0.91604,-0.346277,0.202387,-0.000946,-0.007926,-0.011567,0.015142,-0.050228,0.127571,0.410983
115,0.155245,-0.049372,0.282404,-0.005082,0.140313,-0.990117,-0.38867,-0.912515,-0.127374,-0.921369,0.384002,0.060405,-0.001916,-0.0157,-0.023018,0.054899,-0.286436,-0.242994,0.475417,-0.179463,-0.032634,0.296801,-0.262911,0.386924,0.883832,-0.013743,-0.917394,0.397658,0.964988,0.091926,0.245376,0.014846,0.017205,-0.002017,0.011984,0.022466,0.120364,-1.405232,0.037003,0.025645,-0.01998,0.276676,-0.342814,0.897734,0.095911,0.939389,0.329162,-0.956164,-0.004968,0.292786,0.007051,0.014168,-0.005115,0.078077,-0.035198,0.07877,-1.000769,0.076403,0.017572,-0.076458,0.146185,-0.179538,-0.972828,0.340056,0.932586,-0.121012,0.928972,-0.313126,0.197383,-0.000962,-0.008055,-0.011802,0.164499,-0.55102,-0.222756,0.429762
116,0.155122,-0.049929,0.281455,-0.004758,0.132874,-0.991144,-0.322028,-0.938516,-0.124326,-0.946725,0.318414,0.048487,-0.002038,-0.016586,-0.024524,1.661765,-0.227562,-0.199391,0.501696,-0.17876,-0.031567,0.296656,-0.261334,0.40935,0.874145,-0.017998,-0.907449,0.419697,0.965345,0.093443,0.243393,0.014231,0.033174,-0.004263,-0.052639,0.248891,0.28543,-1.405657,0.037354,0.026169,-0.020056,0.274131,-0.365061,0.889709,0.10057,0.930959,0.350999,-0.956419,-0.006741,0.291918,0.007145,0.017068,-0.001554,-0.104449,0.342664,0.366829,-1.004525,0.076342,0.017296,-0.07693,0.145158,-0.171775,-0.974382,0.273484,0.95341,-0.127336,0.95086,-0.247994,0.185373,-0.001053,-0.008143,-0.012104,5.497694,0.151706,-0.632178,0.470911
117,0.155021,-0.050577,0.280529,-0.000361,0.12301,-0.992428,-0.271087,-0.955236,-0.118355,-0.962568,0.268833,0.034925,-0.001939,-0.015675,-0.023381,5.506837,0.445303,-0.187613,0.518913,-0.178416,-0.030093,0.296744,-0.252923,0.44124,0.861004,-0.021684,-0.892222,0.451002,0.967497,0.094853,0.234126,-0.000822,0.039817,0.005146,-0.275029,0.673735,0.79132,-1.405334,0.037533,0.026884,-0.020023,0.264892,-0.395686,0.879354,0.104868,0.918343,0.38164,-0.958558,-0.008877,0.284757,0.007238,0.020307,0.002367,-0.141786,0.356576,0.615305,-1.009913,0.076292,0.016975,-0.077388,0.138919,-0.161163,-0.977101,0.225048,0.96599,-0.127335,0.964392,-0.202206,0.170464,-0.000926,-0.007652,-0.011401,0.150789,-0.110796,-0.152715,0.502753
118,0.154907,-0.050992,0.279628,0.005914,0.112054,-0.993707,-0.207303,-0.971957,-0.110889,-0.97828,0.206508,0.018717,-0.017843,-0.012447,-0.018844,0.157695,-0.19914,-0.236298,0.520075,-0.178446,-0.028434,0.297038,-0.238805,0.479029,0.844686,-0.024146,-0.872431,0.488072,0.971003,0.095564,0.218822,-0.00066,0.044043,0.010088,-0.298418,0.688047,0.838583,-1.405186,0.037517,0.02773,-0.019872,0.246409,-0.434105,0.866507,0.107447,0.9008,0.42073,-0.963191,-0.010567,0.268608,-0.000322,0.0222,0.005259,-0.332327,0.797035,0.892762,-1.011709,0.07624,0.016759,-0.077842,0.133091,-0.151127,-0.979513,0.154648,0.979367,-0.130092,0.978963,-0.134166,0.153717,-0.000791,-0.006499,-0.00976,1.690632,-0.152746,-0.283556,0.516796
119,0.154867,-0.051112,0.279204,0.011268,0.104903,-0.994441,-0.171922,-0.979449,-0.105323,-0.985073,0.172016,0.008235,-0.001466,-0.000689,-0.026017,0.10528,-0.611205,-0.407469,0.520565,-0.178503,-0.027544,0.297275,-0.230474,0.500621,0.834417,-0.025091,-0.86019,0.509291,0.97298,0.09582,0.20974,-0.00061,0.045343,0.011524,-0.365234,0.734921,1.110858,-1.404772,0.037489,0.028176,-0.019752,0.236877,-0.45514,0.858333,0.108797,0.890347,0.44209,-0.965428,-0.011336,0.260421,-0.000296,0.022931,0.006074,-0.208063,0.480802,0.696478,-1.007791,0.076213,0.016693,-0.078064,0.128841,-0.145533,-0.980927,0.118097,0.984384,-0.130534,0.984607,-0.099027,0.144016,-0.000683,-0.005679,-0.008542,0.177099,-0.744071,-0.262508,0.518102
120,0.154708,-0.051181,0.278367,0.01672,0.084929,-0.99627,-0.124326,-0.988459,-0.086403,-0.992135,0.125194,-0.004728,-0.001165,0.001774,-0.022384,0.026669,-0.023684,-0.78808,0.520054,-0.178521,-0.025776,0.297832,-0.208266,0.538146,0.81671,-0.041363,-0.839032,0.542447,0.977395,0.078523,0.195951,-0.000503,0.048433,0.014921,4.205584,3.55246,2.112615,-1.405493,0.03748,0.02906,-0.019474,0.214094,-0.491342,0.844242,0.120262,0.870966,0.476398,-0.969381,-0.000464,0.245559,-0.000267,0.024008,0.007215,-0.084026,0.13491,0.707922,-1.003871,0.076134,0.016657,-0.078484,0.12054,-0.125504,-0.984742,0.067759,0.990702,-0.11797,0.990392,-0.052505,0.127923,-0.008576,0.0017,-0.010013,-0.038477,0.890276,-2.495062,0.519572
121,0.154432,-0.050976,0.277622,0.02019,0.05894,-0.99808,-0.087799,-0.994283,-0.060545,-0.995972,0.088773,-0.013658,-0.000707,0.005441,-0.016859,0.068671,-0.589995,0.09506,0.519894,-0.17849,-0.024275,0.298536,-0.192243,0.56919,0.79941,-0.051555,-0.819247,0.57106,0.98017,0.067861,0.18581,0.000121,0.034046,0.018907,-0.077929,0.013623,0.614235,-1.40558,0.037496,0.029824,-0.019114,0.189329,-0.524631,0.830009,0.134667,0.851183,0.507297,-0.972634,0.015729,0.231804,4.9e-05,0.016954,0.00938,-0.051555,-0.00451,0.599264,-1.005994,0.075995,0.016757,-0.078861,0.116514,-0.099061,-0.988235,0.027829,0.994948,-0.096452,0.992798,-0.016263,0.118682,-0.008423,0.003334,-0.00756,0.075012,-0.585388,-0.167273,0.519245
122,0.154299,-0.050788,0.277284,0.015642,0.043359,-0.99896,-0.07534,-0.996152,-0.04447,-0.997068,0.075896,-0.011072,-0.016741,0.018764,-0.021896,0.094856,-0.162084,0.055875,0.519674,-0.178463,-0.023684,0.298911,-0.180234,0.582466,0.792616,-0.060095,-0.810737,0.582261,0.981949,0.056586,0.180106,0.000811,0.021009,0.024686,-0.141835,0.072842,0.628593,-1.405815,0.037509,0.030114,-0.018933,0.177046,-0.53674,0.824963,0.143541,0.843324,0.51788,-0.973678,0.026727,0.226352,0.000374,0.010053,0.011824,-0.230966,0.257371,0.717009,-1.006648,0.075935,0.016843,-0.079022,0.118829,-0.0831,-0.98943,0.013299,0.996534,-0.082099,0.992825,-0.003402,0.119522,-0.000201,0.00357,-0.007118,0.163711,1.285377,-2.206506,0.519408
123,0.154036,-0.050329,0.276812,0.007065,0.010636,-0.999941,-0.06757,-0.997638,-0.011143,-0.997712,0.067625,-0.005086,-0.016311,0.011071,-0.008468,0.063582,-0.321388,-0.266275,0.520394,-0.178448,-0.02279,0.29964,-0.163086,0.610461,0.775069,-0.080007,-0.791088,0.606392,0.983503,0.036123,0.176859,0.00069,0.01811,0.021109,-0.197946,0.185876,0.702122,-1.405682,0.037517,0.030575,-0.01856,0.158042,-0.564439,0.810204,0.163636,0.824142,0.542229,-0.973778,0.046883,0.222612,0.000306,0.008451,0.009861,-0.309275,0.406239,0.80522,-0.998973,0.075797,0.017083,-0.079272,0.126781,-0.0505,-0.990644,0.001225,0.99871,-0.050754,0.991929,0.005222,0.126679,-0.008126,0.005703,-0.003972,0.059906,-0.404873,-0.307384,0.519572
124,0.153489,-0.049952,0.276569,-0.005117,-0.012404,-0.999933,-0.060417,-0.998079,0.012637,-0.998167,0.060486,0.005602,-0.016203,0.011816,-0.007349,0.033148,0.051858,-0.213901,0.520906,-0.178431,-0.02206,0.300314,-0.138292,0.638582,0.75702,-0.101459,-0.769382,0.630627,0.98529,0.00961,0.170214,0.000597,0.015872,0.01837,-0.089263,0.253608,0.679329,-1.40574,0.037526,0.03094,-0.018223,0.130063,-0.592111,0.79529,0.184264,0.802565,0.567393,-0.974233,0.072747,0.213489,-0.000103,0.013503,0.005125,0.127321,0.588084,0.839957,-0.997177,0.07553,0.01727,-0.079385,0.136369,-0.026418,-0.990305,-0.009053,0.999569,-0.027911,0.990616,0.012771,0.136071,-0.0081,0.000432,0.000574,0.003097,-0.025121,-0.038928,0.519572
125,0.153161,-0.049891,0.276564,-0.011108,-0.021216,-0.999736,-0.060315,-0.997927,0.021795,-0.998117,0.060561,0.011049,-0.016205,0.000859,0.001108,-0.005832,0.11687,-0.200844,0.520894,-0.178415,-0.021653,0.300594,-0.119323,0.652819,0.748051,-0.11159,-0.757382,0.643315,0.98665,-0.007525,0.162257,0.000543,0.014539,0.01677,0.851088,1.533364,1.130069,-1.405854,0.037534,0.031135,-0.018085,0.11515,-0.604159,0.788499,0.190493,0.792478,0.579388,-0.974911,0.083487,0.206342,0.000247,0.007018,0.008109,-0.174205,0.122035,0.596433,-1.002402,0.075373,0.017305,-0.07939,0.141768,-0.017502,-0.989745,-0.010327,0.999763,-0.019158,0.989845,0.012937,0.141553,-0.008093,0.000505,0.000678,-0.006876,0.124823,-0.190192,0.520061
126,0.15254,-0.049942,0.276669,-0.016474,-0.029521,-0.999451,-0.0548,-0.998022,0.030329,-0.998354,0.055299,0.016068,-0.016223,0.000743,0.000913,-0.005857,0.117159,-0.199964,0.520775,-0.178421,-0.020906,0.301062,-0.078451,0.684426,0.724843,-0.136637,-0.727505,0.67231,0.987544,-0.047149,0.149657,-0.000267,0.024785,0.007519,-0.260217,0.274302,0.784358,-1.405911,0.037531,0.031522,-0.017844,0.065176,-0.636194,0.768771,0.218246,0.760845,0.611132,-0.973714,0.12795,0.188435,-0.000152,0.012277,0.003644,-0.259826,0.274877,0.777605,-0.999953,0.075057,0.017281,-0.079335,0.146608,-0.008829,-0.989154,-0.016845,0.999792,-0.011421,0.98905,0.018337,0.146429,-0.008111,0.000377,0.000476,-0.008222,0.117382,-0.199561,0.519082
127,0.151776,-0.049962,0.276798,-0.025924,-0.03354,-0.999124,-0.049476,-0.998157,0.034738,-0.99842,0.050369,0.02546,-0.016082,0.001793,0.002491,-0.012663,0.294051,-0.059844,0.520968,-0.178309,-0.020096,0.301461,-0.037786,0.708308,0.704885,-0.152929,-0.701077,0.696446,0.987496,-0.082363,0.133902,-0.000298,0.02425,0.006822,-0.205032,0.178186,0.660419,-1.406288,0.037586,0.031917,-0.017648,0.022076,-0.658013,0.752683,0.233993,0.735356,0.636002,-0.971987,0.162082,0.170203,0.007308,0.012768,0.003512,-0.264534,0.235042,0.776518,-0.999463,0.074674,0.017269,-0.079274,0.155282,-0.003889,-0.987862,-0.022746,0.999712,-0.007511,0.987607,0.023637,0.155149,-0.01622,0.000794,0.000982,-0.009073,0.313476,0.111039,0.518919
128,0.150877,-0.049943,0.27689,-0.033776,-0.04188,-0.998574,-0.031913,-0.998556,0.042906,-0.998891,0.033362,0.033634,-0.0162,0.000931,0.001149,0.007466,0.123314,-0.204204,0.521775,-0.177895,-0.019199,0.301711,-0.013922,0.726206,0.68733,-0.16457,-0.679583,0.714855,0.986219,-0.104066,0.128086,0.014476,0.022465,0.003418,-0.000496,-0.156686,0.473278,-1.406317,0.037782,0.032364,-0.017523,-0.004701,-0.675225,0.737596,0.244707,0.714402,0.655551,-0.969585,0.183577,0.161874,0.007225,0.010995,0.001449,0.024743,-0.079605,0.282108,-0.999626,0.074225,0.017282,-0.079224,0.162997,0.004708,-0.986615,-0.041072,0.999154,-0.002018,0.985771,0.040851,0.163052,-0.0081,0.00047,0.000602,0.040892,0.005815,-0.057228,0.519245
129,0.150401,-0.049974,0.276948,-0.035656,-0.045539,-0.998349,-0.026139,-0.998565,0.046429,-0.998991,0.027801,0.035657,-0.016377,-0.010988,0.008135,-0.040965,0.130823,-0.217915,0.520953,-0.17768,-0.018795,0.30176,-0.011837,0.732005,0.68119,-0.162899,-0.673445,0.72102,0.986521,-0.103342,0.126335,0.014406,0.021119,0.001869,-0.004086,-0.065081,0.295788,-1.406192,0.037895,0.032572,-0.017492,-0.007071,-0.68157,0.731718,0.243099,0.708613,0.662397,-0.969975,0.182564,0.160678,0.007201,0.010588,0.000966,0.030757,-0.098827,0.269913,-1.003382,0.073987,0.017272,-0.079196,0.164377,0.008537,-0.98636,-0.047277,0.998881,0.000767,0.985263,0.046506,0.164596,-0.016285,0.000321,0.000224,-0.007423,0.129472,-0.23205,0.518592
130,0.149378,-0.050036,0.277082,-0.043,-0.05731,-0.997453,-0.026246,-0.997934,0.058416,-0.99869,0.028755,0.042649,-0.01622,0.00083,0.000949,-0.005768,0.117011,-0.200055,0.52123,-0.177185,-0.018142,0.301753,0.002269,0.741505,0.670937,-0.166896,-0.661143,0.731416,0.985903,-0.114559,0.121388,0.014208,0.016263,-0.003645,-0.166355,0.266439,0.248272,-1.406281,0.038143,0.032903,-0.01749,-0.020801,-0.690478,0.723054,0.247514,0.697141,0.672853,-0.96866,0.192962,0.156402,0.007109,0.008301,-0.001633,-0.274313,0.273484,0.537171,-0.99685,0.073476,0.017235,-0.079129,0.17073,0.020888,-0.985096,-0.048649,0.998734,0.012745,0.984115,0.045748,0.17153,-0.016222,0.000835,0.000973,-0.002751,0.028137,-0.057014,0.518918
131,0.148391,-0.050122,0.277233,-0.048669,-0.06643,-0.996626,-0.026454,-0.99734,0.067716,-0.998417,0.029736,0.048023,-0.016221,0.000856,0.000959,-0.005743,0.116938,-0.2001,0.521917,-0.176852,-0.017624,0.301591,0.007726,0.746153,0.665724,-0.163909,-0.655689,0.736981,0.986369,-0.115741,0.116376,0.014113,0.013945,-0.006266,-0.061802,0.115387,0.144827,-1.406565,0.038309,0.03316,-0.017573,-0.027552,-0.695278,0.718211,0.24388,0.692098,0.679354,-0.969413,0.193876,0.150496,-0.00036,0.006736,-0.002747,-0.085219,0.142587,0.159725,-0.999136,0.072982,0.017191,-0.079053,0.17561,0.030403,-0.98399,-0.0496,0.998526,0.022,0.983209,0.044943,0.176859,-0.016223,0.000863,0.000988,-0.007387,0.131262,-0.228866,0.519082
132,0.14755,-0.050255,0.277429,-0.056602,-0.068019,-0.9961,-0.027094,-0.997194,0.069581,-0.997972,0.031004,0.055841,-0.016197,0.001049,0.001228,-0.005654,0.626357,0.104839,0.521815,-0.176686,-0.017106,0.301243,0.013584,0.750692,0.660507,-0.161857,-0.6501,0.742366,0.986637,-0.117927,0.111821,-0.0008,0.011006,-0.008259,-0.062004,0.127498,0.113788,-1.406826,0.038398,0.033419,-0.017748,-0.033822,-0.699745,0.71359,0.241734,0.687071,0.685198,-0.969752,0.195674,0.145914,-0.000399,0.005336,-0.004321,-0.091894,0.162019,0.136878,-1.010893,0.072562,0.017125,-0.078955,0.180834,0.033912,-0.982928,-0.049447,0.998454,0.025351,0.982269,0.044018,0.182232,-0.008099,0.000549,0.000666,-0.00324,0.002961,-0.036199,0.519082
133,0.147196,-0.050323,0.277505,-0.057378,-0.0693,-0.995967,-0.027321,-0.997095,0.070899,-0.99792,0.031358,0.056558,-0.016246,0.00074,0.000746,-0.00097,0.022164,-0.025097,0.52185,-0.176673,-0.01684,0.301014,0.013498,0.750832,0.660349,-0.162753,-0.649847,0.742392,0.986491,-0.11843,0.112575,-0.001617,0.021477,-0.017117,0.071448,-0.020836,0.036761,-1.406372,0.038404,0.033548,-0.01786,-0.034006,-0.699921,0.71341,0.242535,0.686706,0.685282,-0.969546,0.196331,0.146404,-0.000415,0.004835,-0.004883,0.048528,-0.025072,0.007291,-1.012199,0.072385,0.017091,-0.078916,0.184263,0.033905,-0.982291,-0.04912,0.998473,0.025249,0.981648,0.043597,0.185647,-0.00813,0.000344,0.000347,-0.00483,-0.002922,-0.039436,0.519245
134,0.146694,-0.050488,0.277658,-0.063422,-0.067825,-0.995702,-0.028014,-0.997164,0.069655,-0.997528,0.032388,0.062582,-3.4e-05,-0.000225,-0.000344,1.7e-05,0.003989,0.002383,0.522025,-0.176717,-0.016295,0.300528,0.013606,0.750658,0.660545,-0.164584,-0.649809,0.742021,0.986186,-0.119746,0.113852,-0.001614,0.021584,-0.016989,0.060567,0.084376,-0.131674,-1.405932,0.038383,0.033813,-0.018103,-0.033835,-0.699771,0.713565,0.2444,0.686504,0.684821,-0.969083,0.197566,0.147797,-0.000412,0.004852,-0.004863,0.035329,-0.013113,0.017164,-1.010893,0.072134,0.017013,-0.078843,0.190289,0.032867,-0.981177,-0.048265,0.998543,0.024088,0.98054,0.042773,0.191598,-2.9e-05,-0.000169,-0.000245,-0.003516,-0.020532,-0.011647,0.519245
135,0.146474,-0.050694,0.277868,-0.066472,-0.067055,-0.995555,-0.028804,-0.997184,0.069035,-0.997303,0.033341,0.065593,6.7e-05,0.000439,0.00067,3e-06,0.00047,0.00028,0.521684,-0.176755,-0.015765,0.300118,0.015104,0.753283,0.657516,-0.165615,-0.646518,0.744661,0.985989,-0.121081,0.11414,-0.000792,0.011291,-0.007928,0.030408,-0.003016,0.02356,-1.406056,0.038363,0.034084,-0.018317,-0.035848,-0.70247,0.71081,0.24515,0.683353,0.687699,-0.968822,0.198908,0.147713,-0.000388,0.005682,-0.003923,0.036133,0.087475,-0.157199,-1.013506,0.072018,0.016905,-0.078736,0.193191,0.032447,-0.980623,-0.047366,0.998595,0.02371,0.980016,0.041868,0.194457,-1.3e-05,-0.00525,0.004585,-0.036561,0.005678,-0.022563,0.519082
136,0.146415,-0.050854,0.278038,-0.066641,-0.067252,-0.995531,-0.029373,-0.997151,0.069275,-0.997275,0.033935,0.065716,8.8e-05,-0.009786,0.010247,-0.034814,-0.000828,0.006932,0.521543,-0.176729,-0.015473,0.299947,0.016488,0.756093,0.65425,-0.165804,-0.643106,0.747568,0.985934,-0.121745,0.113915,-0.000755,0.012512,-0.006547,0.017525,0.015039,0.036206,-1.406033,0.038371,0.034223,-0.018402,-0.037619,-0.7054,0.70781,0.245133,0.680156,0.690867,-0.968759,0.199497,0.14733,-0.00036,0.006611,-0.002875,0.033966,0.003861,0.023166,-1.015629,0.071987,0.016832,-0.07866,0.193263,0.032686,-0.980602,-0.046884,0.99861,0.024046,0.980025,0.041327,0.194527,-2.2e-05,-0.005308,0.004492,-0.035548,0.01268,-0.018588,0.519082
137,0.146317,-0.051279,0.278444,-0.072242,-0.064833,-0.9953,-0.030985,-0.997247,0.067155,-0.996829,0.035764,0.071274,8.4e-05,-0.00981,0.010206,-0.033349,0.328059,0.168616,0.521887,-0.176612,-0.014798,0.299625,0.022857,0.759024,0.650655,-0.163153,-0.639161,0.751524,0.986241,-0.12428,0.108386,0.013257,0.025215,-0.014191,-0.012051,0.083241,0.149853,-1.406389,0.03843,0.034557,-0.018559,-0.044039,-0.708026,0.704811,0.242474,0.676825,0.695063,-0.969157,0.201508,0.141871,-0.000347,0.007105,-0.002316,-0.087877,0.147138,0.164512,-1.016118,0.071939,0.016616,-0.078452,0.197765,0.031335,-0.979748,-0.04516,0.998718,0.022826,0.979208,0.039732,0.198926,6.3e-05,-0.004733,0.005369,-0.013943,0.537264,0.289323,0.519245
138,0.146021,-0.051778,0.279071,-0.086191,-0.058981,-0.994554,-0.033302,-0.997507,0.061989,-0.995628,0.03853,0.08525,0.000286,-0.018806,0.021641,-0.071513,0.476473,0.031917,0.521812,-0.176367,-0.01403,0.299257,0.031204,0.763071,0.645555,-0.159189,-0.633724,0.756959,0.986648,-0.127336,0.100863,-0.001542,0.024475,-0.013696,-0.051455,0.14945,0.157033,-1.406169,0.038558,0.034949,-0.018743,-0.052835,-0.71183,0.700361,0.238453,0.672059,0.701053,-0.969715,0.204043,0.13423,0.007022,0.00695,-0.003154,-0.118393,0.186826,0.198521,-1.013995,0.071791,0.016361,-0.078137,0.213127,0.025884,-0.976681,-0.04215,0.998961,0.017277,0.976114,0.037485,0.213996,0.000143,-0.009349,0.010908,-0.0707,0.493494,0.041815,0.519245
139,0.145783,-0.052066,0.279457,-0.094929,-0.056074,-0.993926,-0.034656,-0.99761,0.059538,-0.994776,0.040159,0.093997,-0.015929,-0.017645,0.022975,-0.068224,0.272606,0.10377,0.521832,-0.176189,-0.013664,0.299064,0.033056,0.764451,0.643828,-0.158686,-0.631887,0.758599,0.986667,-0.128195,0.099588,-0.001547,0.024519,-0.013642,0.054601,0.002165,0.053074,-1.405786,0.038646,0.035131,-0.01884,-0.055411,-0.713301,0.698664,0.237646,0.670208,0.703096,-0.969769,0.204994,0.132376,0.007017,0.006983,-0.00312,0.060643,-0.036329,0.035465,-1.011709,0.071672,0.016218,-0.077943,0.222538,0.023282,-0.974645,-0.040409,0.999075,0.014639,0.974085,0.036127,0.223273,-0.00797,-0.008792,0.011541,-0.07786,0.208964,0.068229,0.519408
140,0.145325,-0.052825,0.280513,-0.113424,-0.051754,-0.99222,-0.038013,-0.997674,0.05633,-0.992692,0.044163,0.112429,-0.015591,-0.015367,0.026392,-0.072384,0.315546,-0.102534,0.52147,-0.175731,-0.012944,0.298715,0.036859,0.76707,0.640498,-0.157545,-0.628351,0.761767,0.98671,-0.129941,0.09686,0.013188,0.025421,-0.013951,0.071109,-0.033074,0.068147,-1.405965,0.03887,0.035491,-0.019014,-0.059329,-0.715777,0.695803,0.236649,0.667076,0.706403,-0.969781,0.206571,0.12981,0.007009,0.007238,-0.002836,0.055396,-0.040866,0.034791,-1.008117,0.071455,0.015852,-0.077441,0.240583,0.020274,-0.970416,-0.036721,0.999255,0.011773,0.969933,0.032802,0.241148,0.000303,-0.008228,0.0126,-0.076533,0.330807,-0.054058,0.518919
141,0.144945,-0.05373,0.281966,-0.131801,-0.047141,-0.990178,-0.042195,-0.997685,0.053062,-0.990228,0.048826,0.13074,-0.015158,-0.022762,0.040146,-0.101988,0.500004,-0.022624,0.521785,-0.175204,-0.012303,0.298411,0.041681,0.767468,0.639724,-0.155273,-0.627419,0.763001,0.986872,-0.132091,0.092189,0.013947,0.013224,-0.007069,-0.0123,0.042734,0.096432,-1.406218,0.039128,0.035808,-0.019162,-0.064016,-0.715805,0.695359,0.234375,0.666515,0.70769,-0.970035,0.208278,0.125099,0.006987,0.006856,-0.003271,-0.027198,0.064728,0.115796,-1.007137,0.071264,0.015403,-0.076727,0.257737,0.017661,-0.966053,-0.0323,0.999431,0.009653,0.965674,0.028716,0.258161,0.000552,-0.01173,0.019778,-0.084758,0.714774,0.137265,0.519408
142,0.144584,-0.05474,0.283819,-0.149978,-0.042145,-0.987813,-0.047143,-0.997638,0.049669,-0.987392,0.054063,0.148867,-0.014685,-0.029881,0.054213,-0.128908,0.418745,0.165013,0.521805,-0.174647,-0.011859,0.298114,0.045784,0.769614,0.636859,-0.15343,-0.624438,0.765814,0.986973,-0.133734,0.08867,0.013887,0.011451,-0.009067,-0.03348,0.071328,0.117053,-1.405914,0.039412,0.036041,-0.019313,-0.068368,-0.717914,0.692766,0.232483,0.66381,0.710849,-0.970194,0.209656,0.12152,0.006946,0.005576,-0.004712,-0.041147,0.084693,0.126014,-1.007137,0.071083,0.014899,-0.075809,0.275776,0.014079,-0.961118,-0.026975,0.999612,0.006902,0.960842,0.024023,0.276049,0.000845,-0.009807,0.022606,-0.074836,0.625186,0.344349,0.519082
143,0.144398,-0.055221,0.284826,-0.15899,-0.039544,-0.986511,-0.049676,-0.997601,0.04794,-0.985846,0.05667,0.157873,-0.014378,-0.027881,0.057107,-0.13359,0.493458,-0.022513,0.521808,-0.17436,-0.011729,0.297955,0.048479,0.769018,0.63738,-0.151497,-0.624979,0.765758,0.98714,-0.134643,0.085382,0.014671,-0.001618,-0.003177,-0.027358,0.038174,0.032151,-1.406107,0.039555,0.036113,-0.019394,-0.071254,-0.717161,0.693255,0.230456,0.66438,0.710977,-0.97047,0.210425,0.117934,0.006939,0.005325,-0.004996,0.039193,-0.012329,0.056069,-1.006484,0.070985,0.014646,-0.075287,0.28518,0.011968,-0.958398,-0.02408,0.999695,0.005319,0.958171,0.021561,0.285382,0.000965,-0.014114,0.02853,-0.125538,0.556927,0.083861,0.519245
144,0.143983,-0.05615,0.287121,-0.179332,-0.032531,-0.983274,-0.05522,-0.997533,0.04302,-0.982029,0.062045,0.178318,-0.013721,-0.023656,0.063111,-0.122677,0.668985,0.106704,0.521686,-0.173773,-0.011556,0.297644,0.055424,0.770188,0.635399,-0.146687,-0.623083,0.768235,0.987492,-0.136743,0.077622,0.013827,0.009126,-0.011699,0.010772,0.010827,0.073812,-1.406223,0.039843,0.036194,-0.019547,-0.078384,-0.717935,0.691682,0.225608,0.663042,0.713775,-0.971059,0.211998,0.11,0.006921,0.004614,-0.005803,0.034826,-0.006016,0.061384,-1.001259,0.070777,0.014179,-0.074143,0.304559,0.00705,-0.952467,-0.01805,0.999835,0.001629,0.952322,0.016697,0.304636,0.001256,-0.012201,0.031242,-0.09172,0.789543,0.435616,0.519082
145,0.143516,-0.056812,0.289665,-0.201999,-0.023886,-0.979118,-0.060728,-0.997461,0.036808,-0.977264,0.066918,0.201255,-0.012893,-0.008323,0.060726,-0.067656,0.788383,0.422308,0.521577,-0.17324,-0.011443,0.297301,0.062576,0.770982,0.633769,-0.141764,-0.6216,0.770357,0.987774,-0.139012,0.069581,-8.3e-05,-0.004577,-0.005164,-0.19672,0.278982,0.165384,-1.406113,0.04012,0.036255,-0.019721,-0.084356,-0.718072,0.690837,0.221608,0.662424,0.715599,-0.971479,0.21346,0.103251,0.006906,0.003894,-0.006621,-0.28664,0.368242,0.345623,-0.997503,0.070543,0.013842,-0.072869,0.326189,0.000901,-0.945303,-0.011928,0.999923,-0.003163,0.945228,0.012308,0.326175,-0.006402,-0.003645,0.031137,-0.106407,0.331334,-0.023216,0.518755
146,0.143313,-0.056991,0.290879,-0.210649,-0.020897,-0.977362,-0.062975,-0.997392,0.034844,-0.975284,0.068908,0.210001,-0.01256,-0.006273,0.063477,-0.086289,0.35685,0.21455,0.521831,-0.173029,-0.011422,0.297103,0.065366,0.770175,0.634468,-0.139647,-0.622403,0.770096,0.987891,-0.139899,0.066049,0.013781,0.006528,-0.014653,-0.15374,0.245918,0.207808,-1.405942,0.040221,0.036262,-0.019816,-0.086996,-0.716963,0.691661,0.219592,0.663415,0.715303,-0.971704,0.214112,0.099725,0.00732,-0.002404,-0.003415,-0.324368,0.377999,0.32916,-1.000116,0.070442,0.013752,-0.072264,0.336799,-0.002548,-0.941572,-0.009153,0.99994,-0.00598,0.941531,0.010632,0.336755,-0.006309,-0.003076,0.031846,-0.091193,0.500801,0.067748,0.519082
147,0.143064,-0.057083,0.293172,-0.232208,-0.010955,-0.972628,-0.067268,-0.997349,0.027238,-0.970063,0.071758,0.232067,0.003647,0.002766,0.052247,-0.031802,0.81834,0.302061,0.522127,-0.172777,-0.011442,0.296574,0.06684,0.766699,0.638511,-0.138746,-0.626475,0.76695,0.987917,-0.140809,0.063679,0.014569,-0.008978,-0.011566,-0.001623,0.016687,-0.01862,-1.405991,0.040346,0.036261,-0.020078,-0.089037,-0.713366,0.695111,0.21824,0.666952,0.712422,-0.971824,0.215133,0.096302,-0.000491,0.001315,-0.008856,0.037614,1.9e-05,-0.006234,-1.00975,0.070312,0.01371,-0.071103,0.356006,-0.009604,-0.934433,-0.004119,0.999921,-0.011846,0.934474,0.008067,0.355938,-0.00634,0.001718,0.026402,-0.06559,0.208035,0.126821,0.519408
148,0.143069,-0.056907,0.294954,-0.245897,-0.00517,-0.969306,-0.06992,-0.997273,0.023002,-0.96648,0.073429,0.246073,0.003112,0.009569,0.037541,-0.026619,0.271376,-0.005574,0.522208,-0.172841,-0.011509,0.295895,0.067956,0.764374,0.641175,-0.138907,-0.629045,0.764814,0.987817,-0.141989,0.062601,-0.001033,0.000666,-0.019979,0.032837,0.020396,-0.030274,-1.406022,0.04032,0.036221,-0.020418,-0.089804,-0.710802,0.697635,0.218457,0.669349,0.710104,-0.971705,0.216173,0.095169,-0.0005,0.000657,-0.00962,0.034246,0.003765,-0.006215,-1.007954,0.070316,0.013801,-0.070198,0.371685,-0.015531,-0.928228,-0.000525,0.999856,-0.01694,0.928357,0.006784,0.371624,0.001503,0.004636,0.018564,-0.025921,0.170209,0.1675,0.519898
149,0.143355,-0.056594,0.296028,-0.257081,-0.001083,-0.966413,-0.071087,-0.997256,0.019973,-0.963467,0.073829,0.257503,0.001969,0.012523,0.017633,0.023804,0.542059,0.101125,0.522117,-0.173037,-0.011534,0.295275,0.068451,0.763633,0.642006,-0.139917,-0.629699,0.764092,0.98764,-0.143082,0.062913,-0.014894,-0.008484,-0.008298,-0.003857,0.031173,-0.053165,-1.406363,0.040227,0.036205,-0.02074,-0.090184,-0.709988,0.698414,0.219484,0.669862,0.709303,-0.971438,0.217259,0.09542,-0.000481,0.001849,-0.008276,0.034287,0.004081,-0.006371,-1.012199,0.07046,0.013963,-0.069644,0.380545,-0.017528,-0.924595,0.000813,0.999826,-0.01862,0.924761,0.006334,0.380493,0.00901,0.000581,0.012933,-0.008123,0.457845,0.328598,0.519898
150,0.143544,-0.056409,0.29631,-0.257964,-0.002473,-0.966175,-0.07078,-0.997248,0.021395,-0.963253,0.073901,0.258283,0.017664,0.018875,0.003103,0.032435,0.06005,-0.097898,0.522147,-0.173105,-0.011518,0.295034,0.068648,0.763342,0.64233,-0.140357,-0.629948,0.763806,0.987564,-0.14354,0.063067,-0.000946,0.005829,-0.014131,0.036463,-0.011535,0.017571,-1.406031,0.040188,0.036205,-0.020862,-0.090357,-0.70962,0.698766,0.219895,0.670104,0.708947,-0.971329,0.217714,0.095493,-4.9e-05,-0.003207,-0.003665,-0.002107,0.015674,-0.023927,-1.013832,0.070548,0.014054,-0.069497,0.38316,-0.017111,-0.923523,0.000645,0.999833,-0.018257,0.923681,0.0064,0.383107,0.000681,0.00446,0.006259,-0.003292,-0.039645,0.012274,0.519898
151,0.143818,-0.056156,0.296527,-0.259446,-0.004851,-0.965769,-0.070006,-0.997249,0.023761,-0.96291,0.073774,0.259596,0.000495,0.003185,0.00446,0.000766,-0.013799,0.02529,0.522112,-0.173188,-0.011542,0.294685,0.069076,0.762725,0.643017,-0.140899,-0.630529,0.763226,0.987456,-0.144271,0.063083,-0.000922,0.007181,-0.012594,0.036463,-0.01155,0.017561,-1.405833,0.040147,0.036194,-0.021035,-0.090699,-0.708928,0.699423,0.220439,0.670605,0.708304,-0.971174,0.218422,0.095452,-3.8e-05,-0.002427,-0.002782,-0.002032,0.015806,-0.023973,-1.013506,0.070691,0.014186,-0.069389,0.384162,-0.014367,-0.923153,-0.000547,0.999875,-0.015789,0.923265,0.006571,0.384106,0.000182,0.001216,0.001701,0.001781,-0.014449,0.024474,0.519898
152,0.14395,-0.056129,0.296479,-0.259738,-0.005322,-0.965688,-0.069766,-0.997256,0.024206,-0.962848,0.073659,0.259857,-0.000122,-0.000785,-0.001099,0.0,0.0,0.0,0.522595,-0.173172,-0.011585,0.294524,0.069438,0.762228,0.643566,-0.141077,-0.63103,0.762779,0.987405,-0.144707,0.062885,-2.7e-05,-0.001442,-0.001656,-0.0,0.0,0.0,-1.405855,0.040154,0.036175,-0.021121,-0.090987,-0.708381,0.69994,0.220648,0.671046,0.707821,-0.971099,0.218843,0.095246,-1e-05,-0.000727,-0.000834,-0.000147,-0.000136,-2.7e-05,-1.015628,0.070757,0.014196,-0.069418,0.384404,-0.013855,-0.92306,-0.000883,0.999881,-0.015376,0.923164,0.006726,0.384346,-0.000111,-0.000705,-0.00099,0.000776,-0.0,-0.000343,0.520061
153,0.14391,-0.056169,0.296458,-0.259774,-0.005378,-0.965678,-0.069803,-0.997251,0.024276,-0.962835,0.073713,0.259888,-0.016288,-9.8e-05,-0.000517,-0.000984,0.014715,-0.029553,0.522258,-0.173173,-0.011599,0.294492,0.069661,0.761916,0.643912,-0.141101,-0.631358,0.762503,0.987385,-0.144922,0.062695,-1.3e-05,-0.000717,-0.000824,-0.0,0.0,0.0,-1.406081,0.040154,0.036168,-0.021136,-0.091169,-0.70803,0.700272,0.220678,0.671353,0.707521,-0.971076,0.219039,0.095041,-2e-06,-0.000308,-0.000352,-0.000135,-0.000102,-9e-06,-1.015628,0.070742,0.014173,-0.069433,0.384425,-0.013814,-0.923053,-0.000862,0.999882,-0.015322,0.923155,0.006686,0.384367,-0.000128,-0.000814,-0.001142,0.000643,1.2e-05,-0.000261,0.520061
154,0.143626,-0.056219,0.296453,-0.257695,-0.00752,-0.966221,-0.06958,-0.997216,0.026264,-0.963412,0.074,0.257658,-0.01617,0.000688,0.000577,-0.001047,0.013797,-0.030052,0.522014,-0.173151,-0.011578,0.294498,0.069748,0.761802,0.644037,-0.141126,-0.631473,0.762403,0.987375,-0.145015,0.062635,2.3e-05,0.001228,0.00141,0.001812,-0.015998,0.0239,-1.406122,0.040165,0.036178,-0.021134,-0.091246,-0.707888,0.700405,0.220704,0.671473,0.707399,-0.971062,0.21913,0.094964,4e-06,0.0001,0.000114,-9.3e-05,-7.8e-05,-3.3e-05,-1.016608,0.070599,0.014143,-0.069442,0.3822,-0.011787,-0.924004,-0.001378,0.99991,-0.013325,0.924078,0.006366,0.382149,-3.1e-05,-0.000202,-0.000281,0.002385,0.010203,0.004807,0.520061
155,0.143107,-0.056213,0.296521,-0.258249,-0.008469,-0.966065,-0.069457,-0.997198,0.027254,-0.963272,0.074142,0.258141,-0.016115,0.001044,0.001062,-0.000984,0.014714,-0.029553,0.521708,-0.173152,-0.011538,0.294513,0.07207,0.762339,0.643147,-0.139576,-0.630662,0.76336,0.987426,-0.145733,0.060123,1.7e-05,0.000949,0.001089,-0.006125,0.008335,0.006051,-1.40599,0.040164,0.036201,-0.021124,-0.093839,-0.708395,0.69955,0.218944,0.670766,0.708616,-0.971214,0.219658,0.092154,1.4e-05,0.000744,0.000854,0.012101,-0.006895,-0.007466,-1.017915,0.070346,0.014149,-0.069412,0.38274,-0.010877,-0.923791,-0.00165,0.99992,-0.012457,0.923854,0.006292,0.382692,-0.008058,0.000526,0.000543,-0.000715,0.014932,-0.029529,0.519735
156,0.142455,-0.056233,0.296637,-0.256497,-0.011172,-0.966504,-0.069238,-0.99714,0.029846,-0.963758,0.074581,0.256194,-0.016014,0.001691,0.00195,-0.004196,-0.030652,-0.054187,0.52191,-0.173167,-0.011458,0.294512,0.071991,0.762446,0.643028,-0.139733,-0.630526,0.763444,0.98741,-0.145763,0.060317,1.1e-05,0.000589,0.000675,-1e-06,2e-06,1e-06,-1.406181,0.040157,0.036243,-0.021122,-0.093576,-0.708453,0.699526,0.2193,0.670686,0.708581,-0.971159,0.219712,0.092603,-0.000415,0.006101,-0.003416,0.036837,-0.012137,0.017162,-1.019548,0.070008,0.014135,-0.069351,0.380638,-0.008127,-0.924687,-0.002199,0.99995,-0.009694,0.92472,0.005723,0.380602,-0.008003,0.000884,0.00104,0.001632,-0.00187,-0.040178,0.519408
157,0.142078,-0.056261,0.296695,-0.25695,-0.011926,-0.966375,-0.069212,-0.997117,0.030654,-0.963639,0.07477,0.256588,-0.016122,0.001024,0.001005,-0.001032,0.014051,-0.029913,0.521681,-0.17317,-0.011409,0.29449,0.072077,0.762327,0.64316,-0.139862,-0.630633,0.763331,0.987385,-0.145922,0.060337,2e-06,0.000111,0.000127,-0.0,0.0,0.0,-1.405899,0.040156,0.036268,-0.021131,-0.093641,-0.708318,0.699654,0.219433,0.670778,0.708453,-0.971122,0.219868,0.092616,-0.00042,0.005782,-0.003784,0.036413,-0.011723,0.017493,-1.019874,0.069826,0.014122,-0.069321,0.381202,-0.00745,-0.924461,-0.002347,0.999956,-0.009026,0.924488,0.00561,0.381168,-0.008066,0.000501,0.000501,0.000859,0.023724,-0.025176,0.519408
158,0.141231,-0.056361,0.29689,-0.257927,-0.013528,-0.966093,-0.069341,-0.997052,0.032419,-0.963367,0.075362,0.257432,-0.032256,-0.007896,0.011792,-0.037495,0.042938,-0.077187,0.521918,-0.17319,-0.011292,0.294391,0.074309,0.762982,0.642128,-0.138648,-0.629643,0.76437,0.987388,-0.14678,0.058169,-2e-05,-0.001056,-0.001211,-9e-05,0.000122,8.9e-05,-1.405843,0.040146,0.036329,-0.021179,-0.096002,-0.70889,0.698754,0.218178,0.669939,0.709633,-0.971175,0.220579,0.090348,-0.000433,0.005112,-0.004551,0.038039,0.001138,-0.00907,-1.02069,0.069408,0.014074,-0.06923,0.382087,-0.005851,-0.924107,-0.00246,0.999969,-0.007349,0.924122,0.005082,0.382061,-0.007989,0.00098,0.001163,-0.000959,0.014896,-0.029488,0.519408
159,0.140286,-0.056551,0.297185,-0.258819,-0.014946,-0.965834,-0.06984,-0.996962,0.034088,-0.963091,0.076288,0.258192,-0.03232,-0.008149,0.011385,-0.037489,0.04298,-0.077167,0.521633,-0.173291,-0.011192,0.294233,0.074403,0.762823,0.642306,-0.139118,-0.629746,0.764199,0.987315,-0.147165,0.058438,-0.015638,0.00884,-0.009295,0.032607,0.019649,-0.035586,-1.406022,0.040101,0.036375,-0.021254,-0.096027,-0.708724,0.698919,0.218647,0.669996,0.709435,-0.971067,0.220942,0.090623,-1e-05,-0.000672,-0.000772,-5.6e-05,-0.000192,-2.6e-05,-1.021507,0.068942,0.013983,-0.069085,0.382822,-0.0044,-0.923811,-0.002192,0.999981,-0.005671,0.923819,0.004197,0.382805,-0.01608,0.001369,0.001457,-0.001958,0.029433,-0.059091,0.519408
160,0.139827,-0.056657,0.297363,-0.259297,-0.015691,-0.965694,-0.070143,-0.996909,0.034977,-0.96294,0.076819,0.258598,-0.016069,-0.008423,0.011465,-0.036502,0.028285,-0.047604,0.521596,-0.173308,-0.011132,0.294162,0.076618,0.763494,0.641247,-0.137745,-0.628757,0.765261,0.987335,-0.147912,0.056166,-1.3e-05,-0.000664,-0.000762,-0.185848,0.252764,0.184038,-1.405915,0.040087,0.036405,-0.021298,-0.097422,-0.70909,0.698354,0.217838,0.669485,0.710166,-0.97111,0.221314,0.089244,-4e-06,-0.000313,-0.000358,-0.278273,0.338794,0.256882,-1.02118,0.0687,0.013926,-0.068994,0.383256,-0.003559,-0.923635,-0.002004,0.999987,-0.004685,0.923639,0.003646,0.383244,-0.016079,-0.003542,0.006442,-0.036723,0.029266,-0.051825,0.519082
