frame,MLTx,MLTy,MLTz,MLTR1,MLTR2,MLTR3,MLTR4,MLTR5,MLTR6,MLTR7,MLTR8,MLTR9,MLTTVx,MLTTVy,MLTTVz,MLTRVx,MLTRVy,MLTRVz,MLGA,MRTx,MRTy,MRTz,MRTR1,MRTR2,MRTR3,MRTR4,MRTR5,MRTR6,MRTR7,MRTR8,MRTR9,MRTTVx,MRTTVy,MRTTVz,MRTRVx,MRTRVy,MRTRVz,MRGA,SLTx,SLTy,SLTz,SLTR1,SLTR2,SLTR3,SLTR4,SLTR5,SLTR6,SLTR7,SLTR8,SLTR9,SLTTVx,SLTTVy,SLTTVz,SLTRVx,SLTRVy,SLTRVz,SLGA,SRTx,SRTy,SRTz,SRTR1,SRTR2,SRTR3,SRTR4,SRTR5,SRTR6,SRTR7,SRTR8,SRTR9,SRTTVx,SRTTVy,SRTTVz,SRTRVx,SRTRVy,SRTRVz,SRGA
3622,0.186922,0.060035,0.403046,-0.948438,0.140133,-0.284383,-0.30902,-0.609452,0.730101,-0.069829,0.780159,0.621693,0.000821,-0.030746,0.014407,-0.920822,-4.510744,-1.020794,0.517111,-0.14703,0.023106,0.346635,0.689055,-0.416742,0.592892,0.017275,0.827214,0.561563,-0.725325,-0.376181,0.576416,-0.024827,-0.016047,-0.009362,-0.006019,0.045295,-0.083028,0.537349,0.046163,0.032623,-0.003431,-0.557249,0.549998,0.622072,-0.158378,-0.805822,0.570584,0.8151,0.219435,0.536152,-0.012381,-0.008347,-0.004905,-0.006982,0.064916,-0.11289,0.521752,0.10896,0.05478,-0.038298,-0.979858,0.047871,-0.193865,-0.174544,-0.676937,0.715044,-0.097005,0.734481,0.671659,0.00099,-0.020806,0.011815,-0.252209,-5.875698,-5.890524,0.513856
3623,0.186863,0.059391,0.403351,-0.95472,0.023756,-0.296634,-0.249435,-0.607698,0.753961,-0.161167,0.793782,0.586484,0.001213,-0.042185,0.023122,0.151332,-7.47253,-5.658424,0.517788,-0.147555,0.022802,0.346438,0.691292,-0.415331,0.591276,0.018197,0.827927,0.560481,-0.723171,-0.376173,0.57912,-0.037931,-0.016148,-0.008298,0.039174,0.016267,-0.142938,0.537596,0.045915,0.032475,-0.003528,-0.559898,0.549074,0.620507,-0.159674,-0.806363,0.569456,0.813029,0.219759,0.539155,-0.013049,-0.002413,-0.008712,0.094989,-0.101025,0.039771,0.522079,0.108931,0.054459,-0.038149,-0.974815,-0.062381,-0.21411,-0.118353,-0.669017,0.733763,-0.189016,0.740624,0.644785,-0.004979,-0.016294,0.00721,0.318159,-7.631403,-2.684446,0.51353
3624,0.186558,0.058034,0.404101,-0.929582,-0.194064,-0.313468,-0.150789,-0.575863,0.803502,-0.335291,0.794429,0.506447,0.000791,-0.028227,0.015411,-1.30686,-3.976063,-0.795474,0.514317,-0.148812,0.022294,0.346097,0.693345,-0.416322,0.588167,0.019466,0.826625,0.562358,-0.721171,-0.377935,0.580467,-0.03822,-0.013653,-0.006522,0.005179,-0.042479,0.057283,0.537311,0.045278,0.032212,-0.003703,-0.561727,0.550377,0.617694,-0.16029,-0.804872,0.57139,0.811646,0.221955,0.540338,-0.019109,-0.006749,-0.003185,-0.008945,0.063983,-0.114145,0.522405,0.108778,0.053766,-0.037774,-0.927655,-0.282069,-0.244729,-0.013788,-0.629024,0.777262,-0.373182,0.724406,0.579628,-0.005074,-0.014115,0.008131,-0.018186,-5.88252,-5.148064,0.51353
3625,0.186113,0.057113,0.4046,-0.874143,-0.361274,-0.324653,-0.088759,-0.538416,0.837975,-0.476452,0.761775,0.438998,-0.02197,-0.016587,0.007486,0.595893,-5.081048,-4.175667,0.514563,-0.150504,0.021813,0.345912,0.69515,-0.416823,0.585677,0.020032,0.82553,0.563944,-0.719416,-0.379768,0.581446,-0.051546,-0.011559,-0.003874,-0.010107,0.07563,-0.141421,0.537537,0.044437,0.03197,-0.003798,-0.563561,0.551372,0.615132,-0.160647,-0.803579,0.573107,0.810303,0.224162,0.541442,-0.019292,-0.004876,-0.001826,0.007835,-0.052979,0.076721,0.523222,0.108553,0.053294,-0.037519,-0.853008,-0.445096,-0.272516,0.045732,-0.583903,0.810533,-0.519888,0.678929,0.51843,-0.011071,-0.008509,0.003798,0.687301,-5.01181,-4.204731,0.510427
3626,0.185043,0.056709,0.404313,-0.808058,-0.484095,-0.335769,-0.047759,-0.514297,0.856265,-0.586195,0.708549,0.392887,-0.033649,-0.022593,-0.007607,-0.430527,-1.920248,-1.453316,0.519427,-0.152471,0.021411,0.345782,0.697842,-0.417737,0.581811,0.021085,0.823818,0.566404,-0.716775,-0.382467,0.582937,-0.051728,-0.009998,-0.00278,-0.010077,0.075738,-0.141545,0.537492,0.043454,0.031771,-0.003862,-0.566201,0.552831,0.611386,-0.16121,-0.80168,0.575603,0.808348,0.227346,0.543034,-0.025888,-0.004583,-0.001052,-0.007163,0.066299,-0.123548,0.523222,0.108029,0.053128,-0.03765,-0.775382,-0.557737,-0.296159,0.086541,-0.558409,0.825038,-0.625533,0.614091,0.481248,-0.017178,-0.005942,-0.008281,0.81522,-5.704027,-2.450415,0.515653
3627,0.184263,0.056195,0.403973,-0.780373,-0.520848,-0.346095,-0.037688,-0.51333,0.857347,-0.62324,0.682741,0.381397,-0.045062,-0.037359,-0.013015,-0.16447,-1.677417,2.015913,0.515415,-0.153532,0.021262,0.345742,0.701239,-0.417029,0.578224,0.022844,0.823673,0.566547,-0.713399,-0.38355,0.586357,-0.051869,-0.008153,-0.001448,-0.003439,0.06938,-0.145939,0.537444,0.042923,0.031695,-0.003883,-0.569988,0.552722,0.607956,-0.163007,-0.80128,0.575654,0.80532,0.229015,0.546817,-0.026541,0.002121,-0.004292,0.014091,0.064819,-0.100056,0.523222,0.107643,0.052892,-0.037813,-0.743389,-0.593676,-0.308089,0.098597,-0.552854,0.827423,-0.661551,0.584721,0.469521,-0.022696,-0.014008,-0.011271,0.330303,-1.579475,-0.915481,0.515489
3628,0.182194,0.054402,0.402953,-0.747212,-0.551445,-0.370983,-0.037115,-0.522756,0.851658,-0.662649,0.650823,0.370612,-0.068764,-0.050687,-0.031104,0.20892,-1.756807,2.828886,0.490698,-0.155826,0.02102,0.345754,0.706909,-0.42057,0.568676,0.027169,0.819444,0.572457,-0.70763,-0.388695,0.589949,-0.065083,-0.006471,0.000858,-0.019762,0.027687,-0.090194,0.5372,0.041781,0.031574,-0.003877,-0.575147,0.557454,0.598706,-0.16594,-0.796158,0.581889,0.801042,0.235323,0.550412,-0.032539,-0.003312,0.000408,-0.030859,-0.196517,0.221266,0.523222,0.106617,0.052003,-0.038316,-0.709736,-0.618818,-0.336658,0.100616,-0.562035,0.82097,-0.697245,0.548799,0.461159,-0.034372,-0.027182,-0.01626,0.686012,-1.79932,0.290095,0.494425
3629,0.179189,0.052073,0.401358,-0.71285,-0.559902,-0.422374,-0.057246,-0.553826,0.830645,-0.698118,0.617,0.363276,-0.070554,-0.058565,-0.048407,0.283108,-0.86371,0.814498,0.459682,-0.158303,0.020711,0.345743,0.71096,-0.422558,0.562114,0.029672,0.816529,0.576485,-0.703459,-0.392646,0.592317,-0.065021,-0.008803,-0.000934,-0.010482,0.074723,-0.144713,0.53773,0.040542,0.031426,-0.003878,-0.579047,0.560264,0.59229,-0.167606,-0.79276,0.586036,0.797879,0.240071,0.552949,-0.032491,-0.004849,-0.000758,0.001298,-0.009209,-0.004885,0.523222,0.105146,0.050859,-0.039091,-0.680702,-0.619343,-0.391227,0.081283,-0.594612,0.799892,-0.728036,0.512688,0.455096,-0.041229,-0.025028,-0.028967,2.410647,-4.793159,-1.590326,0.456378
3630,0.177684,0.051045,0.400272,-0.690025,-0.56942,-0.446846,-0.059897,-0.570361,0.81919,-0.720472,0.592733,0.360021,-0.083011,-0.053929,-0.06003,0.107984,-1.31139,2.886034,0.452546,-0.159677,0.020488,0.34571,0.714076,-0.424315,0.556817,0.031876,0.814141,0.579734,-0.7002,-0.39569,0.594149,-0.078051,-0.011273,-0.001694,-0.004178,-0.011363,-0.013615,0.537397,0.03986,0.031317,-0.003893,-0.581978,0.562582,0.587198,-0.16906,-0.790005,0.58933,0.795436,0.243705,0.554875,-0.031985,-0.010606,0.003153,-0.055251,0.042848,-0.115304,0.523385,0.104367,0.050316,-0.03965,-0.65824,-0.625938,-0.418235,0.080342,-0.610803,0.787695,-0.748508,0.484891,0.452345,-0.03587,-0.022672,-0.035066,0.166362,-0.223364,0.386806,0.438416
3631,0.174504,0.049397,0.397231,-0.659001,-0.590822,-0.465502,-0.04191,-0.589122,0.806939,-0.750178,0.552016,0.364058,-0.073676,-0.027044,-0.090688,1.008474,-1.733889,0.16215,0.453453,-0.162341,0.02008,0.345662,0.721792,-0.429302,0.54287,0.038352,0.807858,0.588072,-0.691915,-0.403104,0.598853,-0.065159,-0.008657,-0.000953,-0.371371,-1.709746,1.932458,0.53744,0.038523,0.031107,-0.003922,-0.588115,0.567855,0.5759,-0.172736,-0.783824,0.596474,0.790115,0.251316,0.559068,-0.032567,-0.004715,-0.000717,0.002418,-0.002866,-0.012682,0.522242,0.102773,0.049467,-0.041165,-0.62777,-0.640509,-0.442325,0.096587,-0.627956,0.772231,-0.772382,0.442061,0.456077,-0.036833,-0.018766,-0.040873,2.739922,-4.779818,-1.422873,0.426659
3632,0.171765,0.048857,0.393645,-0.648139,-0.599875,-0.46916,-0.030669,-0.595045,0.803089,-0.760121,0.535647,0.367866,-0.062831,0.005882,-0.104664,0.631179,-1.97567,-0.244924,0.460282,-0.165042,0.019775,0.345663,0.725142,-0.431106,0.536944,0.040961,0.805269,0.591438,-0.688253,-0.406338,0.600883,-0.065271,-0.007056,0.000144,-0.021864,0.042777,-0.114681,0.537156,0.037173,0.030954,-0.003921,-0.5924,0.57153,0.567815,-0.17556,-0.779439,0.601376,0.786282,0.25657,0.562078,-0.032651,-0.002922,0.000563,-0.032016,-0.198285,0.223605,0.521752,0.101375,0.049162,-0.043003,-0.616717,-0.647277,-0.447986,0.109311,-0.634004,0.765564,-0.779557,0.423167,0.461756,-0.031343,0.003178,-0.05218,0.639189,-1.999268,-0.221293,0.429272
3633,0.169347,0.049528,0.389551,-0.624874,-0.622827,-0.470812,-0.021258,-0.589272,0.807637,-0.779681,0.515453,0.355574,-0.062848,0.015379,-0.100748,-0.588981,-0.722998,-0.342827,0.466354,-0.167558,0.019518,0.345731,0.7294,-0.430529,0.531613,0.043072,0.804356,0.592529,-0.68361,-0.408749,0.604538,-0.065356,-0.00509,0.001516,-0.020132,0.027666,-0.090276,0.537414,0.035891,0.030822,-0.003888,-0.59698,0.571754,0.562771,-0.177326,-0.778176,0.602491,0.782412,0.259882,0.565942,-0.032681,-0.002496,0.000838,-0.024027,0.032885,-0.0914,0.521589,0.10019,0.049491,-0.045012,-0.591613,-0.666889,-0.453045,0.118193,-0.627608,0.769504,-0.79751,0.401703,0.450123,-0.037116,0.008511,-0.049751,-0.268726,-0.436085,-0.235372,0.438253
3634,0.168069,0.04978,0.387618,-0.614633,-0.632806,-0.470987,-0.025757,-0.58069,0.8137,-0.78765,0.513044,0.341205,-0.074711,0.00385,-0.092165,-0.864561,-0.889804,-0.492337,0.460553,-0.168798,0.019343,0.34579,0.732392,-0.429223,0.528546,0.044027,0.804377,0.592431,-0.680341,-0.410079,0.607317,-0.065376,-0.005597,0.001104,-0.116598,-0.468025,0.470346,0.537143,0.035295,0.030738,-0.003858,-0.600126,0.570687,0.560504,-0.178128,-0.778462,0.601885,0.77982,0.261365,0.568831,-0.032709,-0.003093,0.000378,-0.404516,-1.701715,1.925596,0.521426,0.099556,0.04963,-0.045978,-0.58079,-0.675201,-0.454736,0.113382,-0.620258,0.776159,-0.806118,0.399227,0.436795,-0.031488,0.007228,-0.050638,-0.615485,-0.809499,-0.16723,0.438906
3635,0.165523,0.049661,0.383997,-0.601265,-0.642774,-0.474728,-0.044231,-0.566459,0.822885,-0.797099,0.516567,0.31276,-0.064071,-0.013882,-0.087882,-1.180523,0.690352,0.552558,0.445374,-0.171184,0.018822,0.345931,0.736942,-0.425267,0.52541,0.043847,0.805604,0.590774,-0.675422,-0.411791,0.611635,-0.064582,-0.019941,0.006822,-0.033622,0.086389,-0.199266,0.537501,0.034101,0.030488,-0.003786,-0.605964,0.568084,0.556855,-0.178681,-0.779326,0.600602,0.775164,0.264444,0.573749,-0.032724,-0.004281,-0.000537,-0.027736,0.08513,-0.151393,0.521752,0.098255,0.049584,-0.047817,-0.564221,-0.685387,-0.460323,0.092983,-0.60675,0.789435,-0.82037,0.402613,0.406071,-0.031996,-0.007204,-0.044039,-1.182969,0.715807,0.538469,0.423883
3636,0.162833,0.048406,0.38093,-0.603061,-0.59304,-0.533541,-0.120514,-0.593467,0.795767,-0.787814,0.544931,0.287099,-0.065505,-0.053732,-0.066806,-1.038226,-0.035552,3.449861,0.430602,-0.173407,0.01805,0.34608,0.741797,-0.4218,0.521358,0.04402,0.806251,0.589877,-0.670074,-0.414086,0.615952,-0.06477,-0.022738,0.004685,-0.029872,-0.009037,-0.022093,0.537221,0.03299,0.030104,-0.003709,-0.611585,0.565619,0.553207,-0.178868,-0.779963,0.599718,0.770693,0.267828,0.578186,-0.02583,-0.011282,0.001935,-0.067484,0.097915,-0.155982,0.521752,0.096935,0.048982,-0.049323,-0.576478,-0.63572,-0.513353,0.020715,-0.639422,0.768577,-0.816849,0.432433,0.381782,-0.038741,-0.021253,-0.037434,-2.77717,3.9751,2.381991,0.408534
3637,0.161413,0.04724,0.37964,-0.615491,-0.568133,-0.546298,-0.142355,-0.601633,0.785968,-0.774443,0.562229,0.29011,-0.066515,-0.069171,-0.061309,0.315099,-0.30193,1.670998,0.405425,-0.174461,0.017546,0.346199,0.743576,-0.419503,0.520676,0.043128,0.807045,0.588856,-0.668157,-0.414874,0.617503,-0.064072,-0.034295,0.012514,-0.062419,-0.002133,-0.042793,0.537334,0.032463,0.029855,-0.003654,-0.613845,0.563735,0.552626,-0.178252,-0.780935,0.598636,0.769038,0.268964,0.57986,-0.025881,-0.011548,0.001723,-0.06477,0.094011,-0.158396,0.521752,0.096201,0.04838,-0.049992,-0.59273,-0.610119,-0.525761,-0.003411,-0.650887,0.759166,-0.805393,0.451774,0.38372,-0.03321,-0.035104,-0.030852,0.471757,-0.241252,1.796244,0.392858
3638,0.158519,0.043998,0.377616,-0.63793,-0.511631,-0.575608,-0.18289,-0.625436,0.75852,-0.747299,0.589791,0.306135,-0.0799,-0.098476,-0.03524,-2.486242,4.389547,2.775234,0.329894,-0.176419,0.016402,0.34648,0.748408,-0.413003,0.518946,0.041254,0.809796,0.585203,-0.662858,-0.41604,0.622409,-0.051201,-0.035072,0.010878,0.070649,-0.153506,-0.107005,0.536853,0.031479,0.029282,-0.003513,-0.619566,0.558739,0.551314,-0.177094,-0.783751,0.59529,0.764705,0.271187,0.584536,-0.019421,-0.012008,0.000848,0.158232,-0.109029,-0.291722,0.521589,0.094783,0.046778,-0.051,-0.620578,-0.559122,-0.549785,-0.039185,-0.67814,0.733886,-0.783164,0.476977,0.39893,-0.03991,-0.04468,-0.022294,0.831704,0.477965,0.781692,0.314642
3639,0.155134,0.040616,0.376514,-0.650575,-0.475591,-0.592124,-0.182838,-0.658684,0.729848,-0.736326,0.583673,0.342311,-0.09172,-0.077006,-0.024694,0.731568,0.44859,0.843523,0.300743,-0.178197,0.015099,0.346875,0.750813,-0.407561,0.519775,0.037671,0.811945,0.58246,-0.660347,-0.417223,0.624283,-0.038249,-0.033916,0.010706,-0.005267,-0.087295,-0.022418,0.537056,0.030585,0.028627,-0.003318,-0.62337,0.553549,0.552261,-0.174282,-0.786876,0.591989,0.762256,0.272779,0.586988,-0.025728,-0.017286,0.005637,-0.033834,0.037364,-0.225724,0.521426,0.093093,0.045054,-0.051568,-0.642754,-0.519802,-0.562735,-0.041117,-0.710106,0.702893,-0.764967,0.474925,0.435052,-0.045784,-0.043108,-0.007545,0.916463,0.648998,0.930376,0.234629
3640,0.151486,0.037288,0.376499,-0.674733,-0.436219,-0.595393,-0.182099,-0.683385,0.706963,-0.714438,0.585972,0.382415,-0.091681,-0.089648,0.011321,0.675318,0.733943,0.532871,0.30822,-0.17973,0.013661,0.34731,0.752029,-0.40121,0.522948,0.032614,0.81495,0.578556,-0.65923,-0.417529,0.625259,-0.024536,-0.046259,0.017008,-0.095378,0.057057,-0.151063,0.53686,0.029805,0.027897,-0.003095,-0.625776,0.547475,0.555585,-0.170031,-0.790903,0.587844,0.761244,0.273392,0.588016,-0.012282,-0.02323,0.008454,-0.130907,0.080473,-0.138348,0.521589,0.091269,0.043391,-0.051592,-0.671021,-0.483589,-0.562024,-0.0402,-0.733175,0.678849,-0.740347,0.478116,0.472536,-0.045732,-0.044086,0.006126,0.741013,0.72409,0.76325,0.225485
3641,0.149784,0.035556,0.376847,-0.68549,-0.416052,-0.597536,-0.189848,-0.690186,0.698264,-0.702076,0.592609,0.39488,-0.079536,-0.094022,0.023029,0.40673,0.610606,0.253986,0.300891,-0.180411,0.012937,0.347505,0.75734,-0.389184,0.52437,0.020557,0.816682,0.576665,-0.653611,-0.42546,0.625812,-0.038617,-0.036136,0.009004,-0.078908,0.041903,-0.220438,0.53648,0.029479,0.02755,-0.003,-0.63337,0.536916,0.557282,-0.158855,-0.795015,0.585418,0.757369,0.282259,0.588831,-0.012685,-0.017499,0.004463,-0.146597,-0.133261,-0.053683,0.521426,0.090414,0.042529,-0.051421,-0.684591,-0.464004,-0.562169,-0.047899,-0.740925,0.669876,-0.727351,0.485519,0.485005,-0.045714,-0.04525,0.012725,0.584523,0.662927,0.50121,0.222873
3642,0.146409,0.03224,0.378186,-0.70679,-0.377907,-0.598063,-0.205445,-0.699339,0.684608,-0.676092,0.607211,0.417398,-0.090564,-0.081855,0.044944,0.258199,0.590899,0.050241,0.262674,-0.18157,0.011499,0.347884,0.783106,-0.330949,0.526506,-0.037357,0.819938,0.571174,-0.621703,-0.466539,0.629039,-0.025518,-0.035282,0.008636,0.022413,-0.620664,-0.696674,0.534779,0.028895,0.026828,-0.002812,-0.668644,0.487155,0.561778,-0.102923,-0.808864,0.578917,0.736425,0.32927,0.590981,-0.012774,-0.017944,0.004111,-0.986992,-0.8719,-1.201847,0.521426,0.088729,0.040858,-0.050765,-0.710115,-0.428359,-0.558788,-0.063674,-0.751315,0.656864,-0.701199,0.50203,0.506245,-0.045105,-0.03499,0.018471,0.426922,0.593368,0.299349,0.189398
3643,0.142989,0.0298,0.380338,-0.724533,-0.346533,-0.595829,-0.206842,-0.71532,0.667462,-0.656609,0.60727,0.447344,-0.087358,-0.051551,0.062336,0.584097,0.829409,0.343305,0.21676,-0.182508,0.009909,0.348344,0.807924,-0.258546,0.529532,-0.11078,0.815807,0.567558,-0.579738,-0.516875,0.629767,-0.025726,-0.037051,0.007276,-2.891989,-3.211423,-3.695117,0.514088,0.028416,0.026022,-0.002577,-0.70857,0.420762,0.566469,-0.031868,-0.821035,0.569987,0.70492,0.385824,0.595169,-0.012809,-0.018802,0.003502,-2.903274,-3.205251,-3.684104,0.521426,0.086984,0.039596,-0.049678,-0.730712,-0.399964,-0.553252,-0.064817,-0.766099,0.639445,-0.679601,0.50311,0.533873,-0.043526,-0.024398,0.032003,0.702035,0.910532,0.377436,0.13143
3644,0.141375,0.028946,0.381596,-0.728059,-0.33041,-0.60067,-0.210114,-0.726513,0.654219,-0.651653,0.602928,0.460275,-0.086238,-0.042144,0.067767,0.791058,-0.608114,2.636221,0.184953,-0.183017,0.009076,0.348517,0.81511,-0.231224,0.531152,-0.137818,0.813014,0.565639,-0.563635,-0.533965,0.630126,-0.025878,-0.039018,0.005762,-0.91852,-0.908546,-1.223587,0.488172,0.028171,0.025622,-0.002492,-0.721401,0.395339,0.568583,-0.005066,-0.824028,0.566525,0.692498,0.405812,0.596458,-0.012872,-0.019556,0.002915,-3.002584,-3.179008,-3.478195,0.503627,0.08621,0.03919,-0.049071,-0.737359,-0.385626,-0.55461,-0.066373,-0.775703,0.627597,-0.672231,0.499576,0.546376,-0.043079,-0.020499,0.034261,0.593465,0.818796,0.466558,0.097629
3645,0.138311,0.027425,0.38452,-0.74128,-0.29609,-0.602395,-0.216962,-0.74362,0.6324,-0.634282,0.599847,0.487747,-0.072593,-0.04165,0.082787,0.528308,0.752482,0.475467,0.081702,-0.183952,0.007875,0.348602,0.818153,-0.218785,0.531743,-0.14598,0.815298,0.560278,-0.557125,-0.535738,0.634397,-0.026561,-0.024263,0.000197,-0.002736,-0.061843,0.024574,0.418935,0.027693,0.024998,-0.002453,-0.727605,0.382344,0.569565,0.003716,-0.828065,0.560619,0.685986,0.410026,0.601083,-0.013282,-0.011943,0.000255,-0.050286,-0.026745,0.043391,0.439617,0.084675,0.038444,-0.047606,-0.753252,-0.352103,-0.555548,-0.074784,-0.793317,0.604197,-0.653466,0.496659,0.571236,-0.042348,-0.019056,0.042604,0.61605,0.86239,0.523481,-0.011613
3646,0.135334,0.026119,0.388363,-0.758573,-0.250393,-0.601593,-0.233824,-0.757178,0.609901,-0.607289,0.60363,0.516583,-0.068792,-0.02585,0.106536,0.614688,0.87873,0.597782,-0.024649,-0.184776,0.007498,0.348424,0.82036,-0.211718,0.531203,-0.14737,0.819137,0.554284,-0.553498,-0.532725,0.640083,-0.013674,-0.007209,-0.004551,0.028584,-0.007114,-0.077681,0.243884,0.027286,0.024809,-0.002543,-0.731207,0.375985,0.569184,0.003913,-0.832066,0.554662,0.682144,0.4078,0.606941,-0.013844,0.002296,-0.005659,0.026893,0.021073,-0.076983,0.288247,0.083184,0.037771,-0.045702,-0.775307,-0.309169,-0.550738,-0.091881,-0.807506,0.582658,-0.624864,0.502342,0.597659,-0.034455,-0.017064,0.058466,0.213541,0.575112,0.438102,-0.149757
3647,0.132994,0.025688,0.393069,-0.77344,-0.216898,-0.595643,-0.23601,-0.773595,0.588067,-0.587379,0.595679,0.547887,-0.05129,0.002028,0.120935,0.661362,0.963681,0.531891,-0.118354,-0.185669,0.007609,0.348208,0.823329,-0.19928,0.53142,-0.153981,0.822635,0.547262,-0.547245,-0.532151,0.645911,-0.013405,-0.000513,0.00057,0.22789,-0.246725,-0.197309,0.020912,0.026839,0.024859,-0.002655,-0.735885,0.365495,0.569988,0.009408,-0.836199,0.548344,0.67704,0.40888,0.611908,-0.01371,0.005463,-0.003239,0.416515,-0.368807,-0.27839,0.001509,0.082007,0.037541,-0.043356,-0.793185,-0.278116,-0.541763,-0.094175,-0.822904,0.56032,-0.601654,0.495458,0.626524,-0.025751,-0.003273,0.065612,0.317331,0.663356,0.373726,-0.25067
3648,0.132061,0.025687,0.395588,-0.778275,-0.198239,-0.595847,-0.244661,-0.778193,0.578384,-0.577378,0.596166,0.557895,-0.049777,0.009385,0.124411,0.174882,0.375744,0.480892,-0.146465,-0.186049,0.007897,0.348128,0.825019,-0.186485,0.533441,-0.165107,0.823094,0.543314,-0.541416,-0.53608,0.647572,-0.013812,0.015728,-0.003794,0.027371,-0.160038,-0.161289,-0.059158,0.026649,0.024993,-0.002696,-0.740643,0.352512,0.571998,0.019754,-0.839524,0.542961,0.671607,0.41344,0.614825,-0.006869,0.008753,-0.001205,-0.168793,-0.365779,-0.365275,-0.122266,0.081522,0.037551,-0.042045,-0.801536,-0.257772,-0.539529,-0.102774,-0.829486,0.548989,-0.589047,0.495484,0.638371,-0.02478,0.005802,0.062846,0.074926,0.300397,0.455543,-0.280226
3649,0.130897,0.026301,0.400647,-0.782676,-0.147962,-0.604624,-0.272905,-0.791472,0.54687,-0.558489,0.593208,0.579846,-0.009936,0.021282,0.12816,-0.276924,1.225982,2.188669,-0.236887,-0.186765,0.008865,0.347912,0.827355,-0.174383,0.533915,-0.170624,0.827481,0.534879,-0.536106,-0.533411,0.65416,-0.027592,0.030239,-0.008536,0.172577,-0.123252,-0.073173,-0.255159,0.026297,0.025479,-0.002797,-0.745359,0.341169,0.57275,0.023953,-0.84487,0.534433,0.666232,0.412063,0.62156,-0.00711,0.015288,-0.004602,0.186687,-0.154982,-0.05413,-0.330951,0.080946,0.037858,-0.039559,-0.811007,-0.211856,-0.545328,-0.130466,-0.843161,0.52159,-0.570302,0.494161,0.65617,-0.010741,0.012746,0.065557,-2.523523,1.903417,5.778414,-0.33754
3650,0.130578,0.027574,0.405573,-0.785304,-0.100806,-0.610886,-0.297605,-0.803772,0.515125,-0.541968,0.586454,0.601971,-0.008373,0.036979,0.119763,0.500191,0.638024,0.771212,-0.333055,-0.18744,0.009765,0.347653,0.827853,-0.168753,0.534952,-0.175492,0.827737,0.532905,-0.533757,-0.534831,0.654922,-0.013735,0.015572,-0.003929,-2.932336,-2.855784,-3.777531,-0.334257,0.02596,0.025935,-0.002915,-0.744986,0.340394,0.573696,0.02366,-0.845987,0.532677,0.66666,0.410411,0.622195,-0.006871,0.007653,-0.002055,0.033037,0.006785,-0.009055,-0.458155,0.080787,0.038492,-0.037128,-0.819734,-0.163884,-0.548796,-0.157603,-0.856653,0.491229,-0.550633,0.48917,0.676399,0.001651,0.013059,0.064289,0.267475,0.427562,0.696303,-0.406612
3651,0.13071,0.028174,0.407798,-0.788467,-0.070469,-0.611064,-0.314198,-0.807929,0.498501,-0.527848,0.585131,0.615651,0.015351,0.032207,0.115788,0.58552,0.722952,0.873622,-0.392163,-0.187775,0.010096,0.347477,0.827267,-0.168047,0.536079,-0.176099,0.828413,0.531653,-0.534465,-0.534007,0.655017,-0.014514,0.022988,-0.015009,0.070743,-0.008078,0.006042,-0.38563,0.025787,0.026112,-0.003001,-0.746432,0.334961,0.575013,0.029114,-0.846816,0.531087,0.664824,0.413162,0.622338,-0.006949,0.005868,-0.003413,0.023132,0.10544,-0.181243,-0.503876,0.080847,0.038816,-0.035964,-0.826463,-0.133571,-0.546916,-0.175225,-0.862169,0.475351,-0.535028,0.488693,0.689146,0.001606,0.016771,0.058458,0.678875,0.869099,0.874826,-0.444659
3652,0.131488,0.029235,0.412108,-0.794288,0.009288,-0.607508,-0.358948,-0.813931,0.456776,-0.489243,0.58086,0.650591,0.02555,0.030056,0.098612,0.768725,0.993432,0.99002,-0.630915,-0.188525,0.010452,0.347097,0.828651,-0.154507,0.538012,-0.187797,0.828558,0.527406,-0.528291,-0.537875,0.656858,-0.014178,0.006135,-0.011114,0.028931,0.109211,-0.213729,-0.60502,0.025412,0.026298,-0.003191,-0.75063,0.321987,0.576956,0.040033,-0.849451,0.526144,0.659508,0.418038,0.624734,-0.013738,0.003152,-0.005014,0.01848,0.025389,-0.038623,-0.666187,0.081235,0.039366,-0.033794,-0.840923,-0.055518,-0.538297,-0.222362,-0.871418,0.437246,-0.493358,0.487388,0.720451,0.018542,0.009457,0.053619,0.827677,1.216414,1.176575,-0.574802
3653,0.132751,0.029889,0.4158,-0.805008,0.067465,-0.589455,-0.370498,-0.833165,0.410535,-0.462419,0.548788,0.696439,0.0342,0.011694,0.088872,0.8878,1.243832,0.826335,-0.97431,-0.189163,0.010479,0.346886,0.833846,-0.130457,0.536351,-0.203884,0.830018,0.519071,-0.513933,-0.542011,0.6648,-0.013415,-0.001712,-0.000372,0.220386,-0.241064,-0.196102,-0.718006,0.025088,0.026302,-0.00331,-0.760449,0.299858,0.576022,0.054933,-0.854128,0.517152,0.647069,0.424911,0.633049,-0.006702,-0.000793,-0.00013,0.244531,-0.260642,-0.206436,-0.834703,0.081878,0.039716,-0.031905,-0.856887,0.001251,-0.515501,-0.23586,-0.890139,0.389898,-0.45838,0.455685,0.763045,0.016906,0.004976,0.044024,0.955012,1.304184,0.846985,-0.801939
3654,0.134437,0.029756,0.419166,-0.81814,0.127404,-0.560768,-0.383448,-0.847596,0.366771,-0.427563,0.514933,0.743008,0.054655,-0.008015,0.078804,0.772888,1.34885,0.759656,-1.304613,-0.189563,0.010457,0.347049,0.839964,-0.110441,0.531277,-0.210176,0.83628,0.506355,-0.501263,-0.53684,0.678529,0.000795,-0.007303,0.011163,0.186396,-0.249213,-0.188796,-0.869191,0.024887,0.026289,-0.003236,-0.771042,0.2812,0.571331,0.058979,-0.861822,0.503769,0.634045,0.422124,0.647917,-0.006532,0.002404,0.002303,0.231003,-0.295623,-0.20449,-0.850868,0.082684,0.039657,-0.030281,-0.873522,0.055499,-0.483609,-0.250164,-0.90343,0.348182,-0.417584,0.425127,0.80305,0.027247,-0.004406,0.039213,-0.052191,1.94652,1.917741,-0.873134
3655,0.135389,0.029592,0.420596,-0.823778,0.149362,-0.546923,-0.386321,-0.853947,0.348572,-0.41396,0.498243,0.761851,0.053992,-0.011085,0.077361,0.667598,1.063818,0.55592,-1.385018,-0.18965,0.010512,0.347236,0.845233,-0.090167,0.526729,-0.2205,0.838845,0.497647,-0.487766,-0.536655,0.68844,0.001059,-0.002465,0.014842,0.336525,-0.478483,-0.318492,-0.932901,0.024843,0.02631,-0.003147,-0.780109,0.263259,0.567559,0.068147,-0.866009,0.495362,0.62192,0.425114,0.657642,0.000242,0.004558,0.003472,0.491588,-0.795795,-0.291093,-0.865565,0.083195,0.039561,-0.02951,-0.881104,0.078923,-0.466289,-0.254885,-0.909769,0.327648,-0.398356,0.407542,0.821718,0.026838,-0.006225,0.038351,0.637913,1.032824,0.551044,-0.852396
3656,0.137509,0.029033,0.423141,-0.836753,0.182308,-0.516385,-0.388968,-0.86163,0.325988,-0.384466,0.473398,0.792532,0.051321,-0.018302,0.0602,0.437006,0.755137,0.389072,-1.547591,-0.189774,0.010715,0.347752,0.854842,-0.047311,0.516719,-0.24512,0.840734,0.482719,-0.458325,-0.539244,0.706412,0.001285,0.001642,0.017932,0.40334,-0.761093,-0.273409,-1.032175,0.024782,0.026414,-0.002881,-0.798837,0.223312,0.558561,0.091198,-0.872848,0.479393,0.594594,0.433897,0.676898,0.000643,0.001018,0.009112,0.514181,-0.846664,-0.315226,-0.921246,0.084237,0.039297,-0.028257,-0.894695,0.108127,-0.433392,-0.258805,-0.916288,0.305672,-0.364061,0.385647,0.847782,0.031399,-0.010389,0.029291,0.587332,0.924359,0.46994,-0.889463
3657,0.139598,0.028098,0.425094,-0.840617,0.199594,-0.503559,-0.393081,-0.864407,0.313463,-0.371673,0.461189,0.805724,0.060894,-0.02502,0.042966,0.02677,0.162626,0.20215,-1.680164,-0.189938,0.010584,0.348418,0.857746,-0.022234,0.513585,-0.25838,0.844895,0.468324,-0.445405,-0.534372,0.718278,-0.011715,-0.01463,0.023208,0.119445,-0.280619,-0.000834,-1.066557,0.024705,0.026368,-0.002552,-0.807457,0.198204,0.555632,0.102815,-0.880171,0.463387,0.580897,0.431292,0.690322,-0.006139,-0.001443,0.007705,0.201878,-0.359749,-0.021271,-0.940678,0.0853,0.038819,-0.027259,-0.899422,0.125174,-0.418771,-0.264177,-0.918988,0.292696,-0.348209,0.373887,0.859626,0.030283,-0.013365,0.021085,-0.059374,0.067087,0.181937,-0.88832
3658,0.140669,0.027611,0.425841,-0.841242,0.203649,-0.500883,-0.39474,-0.864389,0.311422,-0.368495,0.459442,0.808178,0.048618,-0.018893,0.032077,-0.041561,0.044894,0.116924,-1.712727,-0.190055,0.010444,0.348748,0.855813,-0.014778,0.517067,-0.262423,0.84885,0.458826,-0.446757,-0.528339,0.721893,-0.012301,-0.00363,0.014846,0.270817,-0.077946,-0.354944,-1.096018,0.024647,0.026291,-0.00238,-0.806877,0.190954,0.559004,0.105406,-0.884582,0.454315,0.581239,0.425499,0.693622,-0.005881,-0.007507,0.011462,0.511726,0.239055,-0.699457,-0.938719,0.085816,0.038579,-0.026899,-0.900195,0.128785,-0.416007,-0.265962,-0.919007,0.291015,-0.344835,0.372612,0.861537,0.030018,-0.015233,0.020329,-0.13781,0.044404,-0.042645,-0.88832
3659,0.142702,0.026667,0.427072,-0.841358,0.208292,-0.498775,-0.3978,-0.863361,0.310377,-0.364931,0.459287,0.809881,0.048057,-0.022965,0.030449,0.05358,0.167702,0.159907,-1.752796,-0.190248,0.010003,0.349582,0.854253,0.001416,0.519846,-0.27531,0.849324,0.450318,-0.441943,-0.527805,0.725239,0.001632,-0.01373,0.022966,-2.896726,-2.618809,-3.872138,-1.160276,0.024545,0.026071,-0.001968,-0.807612,0.17898,0.561897,0.11253,-0.888549,0.444766,0.578878,0.422429,0.697462,-0.005852,-0.006973,0.011864,-0.074913,-0.084227,0.129297,-0.93529,0.08683,0.038097,-0.026288,-0.900349,0.132282,-0.414574,-0.269014,-0.918025,0.291308,-0.342055,0.373805,0.862129,0.024001,-0.00712,0.010008,0.180459,0.254029,0.195643,-0.887993
3660,0.144341,0.025973,0.42811,-0.839903,0.211695,-0.499794,-0.398086,-0.866202,0.301984,-0.367953,0.45233,0.812426,0.036667,-0.010241,0.022263,-0.002324,0.053318,0.10707,-1.806208,-0.190481,0.009429,0.350545,0.856028,0.011599,0.516791,-0.280882,0.84956,0.446415,-0.434932,-0.527314,0.729819,0.001697,-0.012579,0.023837,-0.016831,-0.051194,-0.04893,-1.269359,0.024428,0.025782,-0.001488,-0.812649,0.16472,0.558988,0.122794,-0.889282,0.440566,0.569668,0.426666,0.702448,-0.005813,-0.006215,0.012438,-0.032636,-0.117102,0.101813,-0.936433,0.087652,0.037734,-0.025771,-0.899642,0.136274,-0.414815,-0.269524,-0.920762,0.282051,-0.34351,0.365548,0.865086,0.018278,-0.009827,0.016146,-0.062817,0.030387,0.109312,-0.887013
3661,0.145009,0.025704,0.428611,-0.840668,0.217832,-0.495855,-0.399965,-0.867024,0.297102,-0.364157,0.447813,0.816627,0.036621,-0.010482,0.022174,0.201711,0.320652,0.200251,-1.840024,-0.190593,0.009201,0.351095,0.856615,0.013594,0.515768,-0.281672,0.849704,0.445642,-0.433258,-0.527037,0.731015,-0.011362,-0.008395,0.027884,-0.05876,-0.004054,-0.023556,-1.284701,0.024377,0.025661,-0.001219,-0.813687,0.162873,0.558019,0.123534,-0.889569,0.439778,0.568025,0.426776,0.70371,0.000936,-0.004469,0.013283,-0.093884,0.023934,-0.004971,-0.947863,0.087987,0.0376,-0.02552,-0.900505,0.141241,-0.411265,-0.271552,-0.921346,0.278172,-0.339628,0.362175,0.868032,0.018307,-0.005131,0.011105,0.333378,0.472546,0.233528,-0.893708
3662,0.146077,0.025201,0.429682,-0.840705,0.228523,-0.490956,-0.403982,-0.868415,0.287447,-0.359624,0.439706,0.823016,0.025041,-0.01681,0.034059,0.341806,0.232438,0.331189,-1.909941,-0.190731,0.008938,0.352397,0.85678,0.018601,0.515338,-0.28497,0.849815,0.443329,-0.430762,-0.526713,0.732721,-0.010888,-0.000404,0.033781,-0.055635,-0.019876,0.000491,-1.297304,0.024308,0.025522,-0.000574,-0.814848,0.15811,0.557694,0.126579,-0.890332,0.43736,0.565684,0.426975,0.705473,0.001451,-0.005962,0.020448,-0.131277,0.111624,-0.17457,-0.953578,0.088524,0.037347,-0.024991,-0.901351,0.151355,-0.405778,-0.276073,-0.922704,0.26907,-0.333688,0.354552,0.873466,0.012453,-0.00436,0.011676,0.912987,-0.000552,0.725118,-0.889953
3663,0.14666,0.024763,0.43079,-0.841129,0.236375,-0.486492,-0.406601,-0.869487,0.280428,-0.35567,0.433386,0.828072,0.013127,-0.016988,0.034498,-0.002532,0.144561,0.045554,-1.908676,-0.19102,0.008707,0.35383,0.853041,0.023116,0.521323,-0.29136,0.849744,0.439293,-0.433898,-0.526655,0.73091,-0.011,-0.002687,0.032005,-0.069308,0.008005,-0.016045,-1.367496,0.024168,0.025424,0.000137,-0.811738,0.153067,0.563605,0.132568,-0.891559,0.433067,0.568775,0.426253,0.703421,-0.005233,-0.006746,0.020296,-0.13435,0.127066,-0.195876,-0.953578,0.088816,0.037134,-0.024445,-0.902398,0.159642,-0.400237,-0.279314,-0.923986,0.261209,-0.328114,0.347507,0.878395,0.006574,-0.008274,0.017327,0.027248,0.178058,0.086144,-0.888646
3664,0.146822,0.024266,0.431945,-0.837063,0.242225,-0.49061,-0.410777,-0.870529,0.270948,-0.360422,0.428026,0.828804,0.001272,-0.007756,0.024793,-0.03445,0.059667,0.004889,-1.908679,-0.191415,0.008294,0.355172,0.852526,0.03051,0.521786,-0.295814,0.851038,0.433777,-0.431885,-0.524195,0.733865,-0.011156,-0.00559,0.02982,0.048713,-0.125845,-0.09944,-1.400561,0.023967,0.025218,0.000827,-0.812657,0.146025,0.564148,0.136226,-0.893667,0.427551,0.566594,0.424304,0.706353,-0.005335,-0.008547,0.018955,0.042529,-0.133638,-0.16092,-0.954231,0.088906,0.036881,-0.023854,-0.899385,0.16625,-0.40431,-0.284272,-0.925034,0.251991,-0.332107,0.341571,0.879222,0.000595,-0.008591,0.017465,-0.096859,0.056047,-0.02247,-0.890769
3665,0.146776,0.023978,0.432596,-0.83486,0.245415,-0.492773,-0.413175,-0.870866,0.26618,-0.36278,0.425514,0.829069,0.00122,-0.017258,0.034927,0.080973,-0.15078,0.306059,-1.908519,-0.19162,0.00806,0.355797,0.853276,0.03494,0.520278,-0.297487,0.851916,0.430899,-0.429239,-0.522495,0.736624,-0.010727,-0.018901,0.036565,-0.015632,-0.070675,-0.123546,-1.399445,0.023864,0.025108,0.001139,-0.814554,0.141573,0.562545,0.137445,-0.895043,0.424269,0.563568,0.42291,0.709603,-0.005662,-0.003864,0.014128,0.006946,-0.090146,-0.081578,-0.953578,0.088883,0.03674,-0.023533,-0.897909,0.169564,-0.406208,-0.2868,-0.925424,0.247661,-0.333921,0.338878,0.879577,-0.005287,-0.008132,0.017907,0.437594,-0.499743,0.439617,-0.895831
3666,0.146544,0.023431,0.433802,-0.833874,0.243005,-0.495628,-0.411954,-0.871607,0.265643,-0.366408,0.425382,0.82754,-0.010775,-0.018252,0.035057,-0.098596,-0.02995,0.126968,-1.908268,-0.192078,0.007636,0.356822,0.854889,0.04627,0.516735,-0.301495,0.854718,0.422483,-0.423178,-0.517026,0.743954,-0.011577,-0.012699,0.024604,0.328155,-0.433729,-0.322722,-1.398919,0.023636,0.024896,0.001658,-0.817756,0.132586,0.560084,0.140422,-0.897741,0.417543,0.558171,0.420097,0.715515,-0.005828,-0.00668,0.012067,-0.069449,0.002819,-0.060362,-0.950312,0.088772,0.036469,-0.022929,-0.896743,0.167339,-0.409693,-0.285657,-0.92594,0.247051,-0.33801,0.338573,0.878132,0.00042,-0.010019,0.016923,-0.111377,0.025805,-0.035063,-0.903832
3667,0.146291,0.022832,0.434925,-0.828229,0.249816,-0.501671,-0.41879,-0.870735,0.257694,-0.371421,0.423209,0.826419,0.000843,-0.011301,0.023418,0.159899,0.139312,0.29442,-1.908762,-0.192595,0.007281,0.357443,0.853725,0.051708,0.518142,-0.305142,0.85583,0.417586,-0.422911,-0.514674,0.745734,-0.025714,-0.0068,0.013331,-0.025986,0.013439,-0.060026,-1.396673,0.023373,0.024713,0.001976,-0.818548,0.125082,0.560653,0.143698,-0.900386,0.410675,0.556173,0.416722,0.719036,-0.012889,-0.003699,0.006454,-0.065533,0.046426,-0.044752,-0.941005,0.088641,0.036166,-0.022364,-0.8923,0.174344,-0.416415,-0.293043,-0.925354,0.240509,-0.343401,0.336634,0.876785,-0.005526,-0.005565,0.011993,0.396665,0.189516,0.398199,-0.901546
3668,0.146131,0.022611,0.43541,-0.825819,0.252036,-0.504525,-0.42168,-0.869983,0.255512,-0.373507,0.423437,0.825361,-0.010874,-0.010013,0.02444,-0.060161,-0.036615,0.147428,-1.908586,-0.192883,0.007166,0.357614,0.854368,0.056235,0.516609,-0.306483,0.857201,0.413774,-0.420632,-0.511917,0.748914,-0.013144,0.001887,0.002272,0.192219,-0.207881,-0.166406,-1.39512,0.023233,0.024654,0.002061,-0.8198,0.12167,0.559573,0.144419,-0.901654,0.40763,0.554138,0.414989,0.721605,-0.012936,-0.004417,0.005932,0.263434,-0.28227,-0.264189,-0.931697,0.088565,0.036053,-0.022123,-0.890647,0.177673,-0.418544,-0.296274,-0.925029,0.237783,-0.344918,0.335785,0.876515,-0.005488,-0.005278,0.012115,-0.079643,-0.039106,0.113955,-0.902363
3669,0.145676,0.022425,0.436322,-0.826343,0.253499,-0.502932,-0.420654,-0.87158,0.251737,-0.373507,0.419262,0.82749,-0.010068,-0.003684,0.026978,-0.051832,-0.036262,0.177782,-1.908388,-0.193355,0.007087,0.357738,0.855172,0.056379,0.515261,-0.306506,0.856497,0.415212,-0.418974,-0.513079,0.749049,-0.013258,0.000141,0.001001,-0.002067,0.015032,-0.029161,-1.325642,0.022992,0.024613,0.002122,-0.820951,0.121094,0.55801,0.144809,-0.90115,0.408604,0.55233,0.41625,0.722265,-0.006641,-5e-05,0.00042,-0.002126,0.022556,-0.030776,-0.916348,0.088333,0.035947,-0.021661,-0.891204,0.179088,-0.416751,-0.29547,-0.926302,0.233795,-0.344167,0.331497,0.87844,-0.005026,-0.001654,0.013571,-0.07671,-0.064143,0.172606,-0.903669
3670,0.145119,0.02258,0.437313,-0.825129,0.255534,-0.503894,-0.423531,-0.870047,0.252212,-0.372941,0.4212,0.82676,-0.00913,0.003434,0.029777,-0.061296,-0.048759,0.173792,-1.908835,-0.193663,0.007121,0.357759,0.855997,0.056504,0.513875,-0.306339,0.855984,0.416391,-0.417406,-0.51392,0.749347,-0.013234,0.000492,0.001254,-0.002045,0.015205,-0.029245,-1.248294,0.022838,0.024627,0.00213,-0.821816,0.121198,0.556711,0.144778,-0.900617,0.409788,0.55105,0.41737,0.722596,-0.00662,0.000217,0.000611,-0.000743,0.017047,-0.029548,-0.875525,0.088057,0.03602,-0.021178,-0.890295,0.181052,-0.417844,-0.298348,-0.925117,0.234832,-0.344038,0.333732,0.877644,-0.010405,0.002553,0.015481,-0.07149,0.031502,-0.043658,-0.908078
3671,0.144429,0.022872,0.438467,-0.824535,0.256851,-0.504198,-0.42565,-0.868649,0.253465,-0.371846,0.423278,0.826192,-0.020308,0.008114,0.032064,-0.062143,-0.033415,0.144475,-1.911196,-0.19393,0.007053,0.357815,0.858837,0.058037,0.508941,-0.305202,0.855769,0.417666,-0.412365,-0.514109,0.752003,-9.1e-05,-0.001346,-0.000977,0.007105,-0.008225,-0.005047,-1.212079,0.02271,0.024596,0.00216,-0.825264,0.120186,0.551809,0.143659,-0.900275,0.410932,0.546169,0.4184,0.725699,0.000204,-0.006368,0.003613,-0.05024,0.036014,-0.04421,-0.855767,0.087717,0.036168,-0.020601,-0.889873,0.182443,-0.418138,-0.300496,-0.92404,0.23633,-0.34326,0.335953,0.877102,-0.0101,0.009087,0.011046,-0.033784,0.01175,0.002921,-0.909221
3672,0.144123,0.023065,0.43906,-0.824474,0.257197,-0.504121,-0.42636,-0.868048,0.254325,-0.371168,0.424296,0.825974,-0.008477,0.007826,0.031399,-0.061091,-0.047818,0.174144,-1.910904,-0.194037,0.006922,0.357875,0.859025,0.060425,0.508347,-0.306119,0.856387,0.415723,-0.411291,-0.512807,0.75348,-0.012877,-0.012956,0.007955,0.004121,-0.022461,-0.077152,-1.21205,0.022656,0.024534,0.002187,-0.825957,0.117933,0.551258,0.144251,-0.901102,0.408908,0.544964,0.41726,0.727259,-9.8e-05,-0.001421,-0.001027,0.02737,-0.027032,-0.054337,-0.863279,0.087559,0.036267,-0.020303,-0.889856,0.182766,-0.418032,-0.301165,-0.923575,0.23729,-0.342716,0.337051,0.876893,-0.010022,0.005048,0.01641,-0.070906,0.032544,-0.043218,-0.909874
3673,0.143488,0.02342,0.440317,-0.824445,0.257809,-0.503855,-0.427744,-0.866789,0.25629,-0.369641,0.426493,0.825528,-0.020153,0.017146,0.021531,-0.026093,-0.043567,0.163893,-1.910406,-0.194099,0.006651,0.35788,0.860631,0.069026,0.504521,-0.308005,0.859394,0.408056,-0.406487,-0.506667,0.760211,-0.000275,-0.004047,-0.002942,0.06825,-0.079204,-0.048519,-1.21061,0.02262,0.024397,0.002194,-0.829573,0.109695,0.547517,0.145038,-0.904533,0.400977,0.539233,0.412051,0.734466,0.000127,-0.007489,0.002798,0.01512,-0.064079,-0.07152,-0.88124,0.087247,0.036448,-0.019668,-0.889871,0.183363,-0.417739,-0.30251,-0.922577,0.239453,-0.34149,0.339452,0.876444,-0.004267,0.003625,0.015559,-0.069945,0.018017,-0.013503,-0.909384
3674,0.142996,0.02372,0.441396,-0.824237,0.258564,-0.503809,-0.429198,-0.865617,0.257816,-0.368423,0.428409,0.82508,-0.020723,0.003528,0.030131,-0.06314,-0.022479,0.11783,-1.901779,-0.194112,0.006359,0.357767,0.861265,0.07348,0.502807,-0.309215,0.860833,0.404087,-0.404213,-0.503594,0.763458,-0.00054,-0.007923,-0.005771,0.008606,0.001853,-0.032557,-1.287184,0.022614,0.024254,0.00214,-0.831158,0.105424,0.545949,0.145903,-0.906106,0.397094,0.536551,0.409704,0.737736,-0.000272,-0.003997,-0.002911,-0.012655,-0.066758,0.152456,-0.904754,0.087002,0.03661,-0.019129,-0.889731,0.184157,-0.417688,-0.303962,-0.921666,0.24112,-0.340566,0.341493,0.876011,-0.004487,0.001782,0.014819,-0.06994,0.018168,-0.013381,-0.911017
3675,0.142754,0.023772,0.441928,-0.824091,0.259003,-0.503823,-0.430016,-0.864976,0.2586,-0.367796,0.429435,0.824827,-0.009362,0.000276,0.028352,-0.069998,0.01827,-0.013189,-1.893007,-0.194179,0.006101,0.357707,0.860799,0.07398,0.50353,-0.310093,0.860606,0.403898,-0.404532,-0.50391,0.76308,-0.000104,-0.020198,0.001772,-0.037981,0.02535,-0.042969,-1.379228,0.02258,0.024129,0.002107,-0.830667,0.105029,0.546773,0.146841,-0.905949,0.397105,0.537057,0.410151,0.737119,-0.000334,-0.004891,-0.003566,-0.007253,0.019515,-0.022108,-0.923696,0.086877,0.036637,-0.018862,-0.889597,0.184688,-0.417739,-0.304858,-0.921149,0.241959,-0.340113,0.342597,0.875756,-0.010589,0.000113,0.014439,-0.063019,-0.022242,0.117785,-0.912323
3676,0.142231,0.023739,0.442806,-0.823461,0.260281,-0.504193,-0.431994,-0.8637,0.259568,-0.366891,0.431224,0.824296,-0.010455,0.000836,0.014699,-0.026149,-0.047594,0.166686,-1.802731,-0.194207,0.005617,0.357552,0.860666,0.076679,0.503354,-0.311562,0.861064,0.401785,-0.403683,-0.502725,0.76431,6.3e-05,-0.01773,0.003558,-0.037278,0.024509,-0.043482,-1.400816,0.022565,0.023871,0.002024,-0.831096,0.10234,0.54663,0.148083,-0.906711,0.394899,0.53605,0.409146,0.738409,4.1e-05,-0.008748,0.001867,-0.046753,0.033181,-0.039333,-0.929411,0.086617,0.036626,-0.018416,-0.88921,0.185938,-0.418009,-0.306762,-0.920178,0.243246,-0.339414,0.344526,0.875271,-0.005355,-0.004796,0.012316,-0.071267,0.02767,-0.040476,-0.897954
