frame,MLTx,MLTy,MLTz,MLTR1,MLTR2,MLTR3,MLTR4,MLTR5,MLTR6,MLTR7,MLTR8,MLTR9,MLTTVx,MLTTVy,MLTTVz,MLTRVx,MLTRVy,MLTRVz,MLGA,MRTx,MRTy,MRTz,MRTR1,MRTR2,MRTR3,MRTR4,MRTR5,MRTR6,MRTR7,MRTR8,MRTR9,MRTTVx,MRTTVy,MRTTVz,MRTRVx,MRTRVy,MRTRVz,MRGA,SLTx,SLTy,SLTz,SLTR1,SLTR2,SLTR3,SLTR4,SLTR5,SLTR6,SLTR7,SLTR8,SLTR9,SLTTVx,SLTTVy,SLTTVz,SLTRVx,SLTRVy,SLTRVz,SLGA,SRTx,SRTy,SRTz,SRTR1,SRTR2,SRTR3,SRTR4,SRTR5,SRTR6,SRTR7,SRTR8,SRTR9,SRTTVx,SRTTVy,SRTTVz,SRTRVx,SRTRVy,SRTRVz,SRGA
53,0.091323,0.005453,0.349454,-0.53716,0.582653,-0.609935,-0.723104,-0.690345,-0.022728,-0.433647,0.428109,0.792906,-0.012074,0.014979,-0.005526,-0.154719,-0.383193,-0.392861,-1.912752,-0.083838,0.040148,0.332326,-0.033799,0.632307,0.773975,-0.879354,0.349245,-0.323572,-0.47483,-0.692319,0.543226,0.004994,-0.030143,0.042743,-0.073157,-0.311481,-0.516476,-1.406243,0.051197,0.040313,-0.01446,0.244372,-0.675839,0.695358,0.839503,-0.211434,-0.500528,0.485299,0.706071,0.515701,0.003562,-0.020477,0.025384,-0.08083,-0.57432,-0.455036,-0.864911,0.082356,0.024756,-0.06486,-0.379142,0.697894,-0.607613,-0.857294,-0.512069,-0.053214,-0.348278,0.500728,0.792447,-0.005491,0.013069,-0.006895,-0.058094,-0.718299,-0.177716,-0.886197
54,0.090742,0.006331,0.349176,-0.531153,0.568004,-0.628724,-0.721739,-0.691971,-0.015493,-0.443205,0.444835,0.778279,-0.024088,0.022357,0.00019,-0.103075,-0.362282,0.008182,-1.912917,-0.083853,0.038585,0.3338,-0.06003,0.638135,0.767575,-0.873929,0.337998,-0.349198,-0.482168,-0.692561,0.536411,-0.004477,-0.044407,0.033139,0.097338,-0.270954,-0.788298,-1.406413,0.051189,0.039527,-0.013702,0.269485,-0.676871,0.684998,0.82859,-0.199496,-0.523104,0.490729,0.708552,0.507088,-0.002121,-0.022709,0.016157,0.101104,-0.215061,-0.745235,-0.863442,0.082068,0.025185,-0.065007,-0.376515,0.681937,-0.627055,-0.856374,-0.514374,-0.045183,-0.353353,0.519982,0.777663,-0.00531,0.009805,-0.000821,-0.09299,-0.257076,-0.127869,-0.885544
55,0.090361,0.006835,0.349186,-0.529008,0.562772,-0.635204,-0.72191,-0.691865,-0.011837,-0.445486,0.451595,0.773066,-0.022778,0.026501,0.003626,-0.121321,-0.308328,-0.156873,-1.913003,-0.083897,0.037729,0.334335,-0.071358,0.639012,0.765874,-0.871617,0.33341,-0.359243,-0.484789,-0.693977,0.532201,-0.005392,-0.038116,0.021474,-0.056997,-0.218047,-0.503337,-1.406171,0.051169,0.039113,-0.013442,0.280175,-0.676397,0.681166,0.82392,-0.194685,-0.532214,0.492601,0.71034,0.502752,-0.001363,-0.025363,0.014053,-0.070285,-0.525885,-0.542341,-0.860666,0.081868,0.025441,-0.065005,-0.375262,0.67692,-0.633211,-0.856633,-0.51421,-0.042035,-0.354059,0.526656,0.772836,-0.011307,0.013513,0.002041,-0.116694,-0.300276,-0.153361,-0.882768
56,0.089638,0.0079,0.349464,-0.525064,0.560168,-0.640753,-0.723017,-0.690715,-0.011453,-0.448347,0.456562,0.768481,-0.020964,0.032054,0.008169,0.029708,-0.02469,0.002563,-1.912763,-0.083991,0.036216,0.334976,-0.079008,0.640049,0.764256,-0.857332,0.347603,-0.379591,-0.508482,-0.686006,0.520293,-0.006111,-0.032594,0.009167,1.190411,-0.548494,0.550059,-1.405958,0.051124,0.038349,-0.013122,0.288738,-0.677265,0.676713,0.807883,-0.20694,-0.551815,0.513764,0.706036,0.487399,-0.002988,-0.016761,0.004317,4.171316,-2.134791,2.751129,-0.863932,0.081517,0.025955,-0.064875,-0.371932,0.673553,-0.638742,-0.857433,-0.512911,-0.041591,-0.355632,0.53221,0.768295,-0.010501,0.015983,0.004061,0.050482,-0.09218,0.191488,-0.884564
57,0.089144,0.008852,0.350174,-0.522735,0.561083,-0.641856,-0.72417,-0.689478,-0.013022,-0.449209,0.457305,0.767536,-0.006543,0.024767,0.019934,-8.5e-05,-0.013987,0.020424,-1.912937,-0.084405,0.034876,0.335116,-0.083072,0.639771,0.764057,-0.843117,0.363664,-0.396026,-0.531088,-0.677883,0.508215,-0.006686,-0.027625,-0.003677,4.244507,-2.208514,2.832758,-1.406011,0.050917,0.037677,-0.013048,0.295329,-0.675591,0.675541,0.793945,-0.21977,-0.566879,0.531442,0.703759,0.471478,-0.009754,-0.015317,-0.002159,0.122294,0.178831,-0.256326,-0.862625,0.081262,0.026441,-0.064519,-0.369389,0.674199,-0.639535,-0.858238,-0.511411,-0.04342,-0.356339,0.532835,0.767533,-0.009751,0.01447,0.011482,-0.000319,-0.012919,0.016366,-0.882931
58,0.088937,0.009384,0.350612,-0.522178,0.56129,-0.642129,-0.724466,-0.689161,-0.013349,-0.44938,0.457528,0.767302,-0.00583,0.026947,0.021631,0.000362,-0.028333,0.045416,-1.913063,-0.084581,0.034326,0.334991,-0.08188,0.642348,0.762021,-0.836314,0.371639,-0.402986,-0.541918,-0.671084,0.505801,-0.006445,-0.02859,-0.004486,0.106431,-0.127506,-0.087174,-1.405849,0.050833,0.037405,-0.013108,0.290721,-0.678888,0.674233,0.785666,-0.2328,-0.573177,0.546085,0.696357,0.4657,-0.00308,-0.014808,-0.002643,1.443409,-0.650068,0.477577,-0.862952,0.081166,0.026697,-0.064307,-0.368804,0.674287,-0.639779,-0.858445,-0.511035,-0.043743,-0.356446,0.533083,0.767311,-0.002721,0.014141,0.011376,0.000332,-0.028247,0.04558,-0.884564
59,0.088761,0.010418,0.351544,-0.520522,0.561991,-0.642859,-0.725424,-0.688133,-0.014277,-0.449756,0.458211,0.766674,-0.005049,0.029277,0.023318,0.00036,-0.028316,0.045426,-1.912998,-0.084751,0.033502,0.33464,-0.093584,0.64545,0.758041,-0.826359,0.374356,-0.42062,-0.555116,-0.666581,0.497372,-0.00639,-0.028956,-0.004841,0.009575,-0.172702,-0.231778,-1.405598,0.050744,0.03697,-0.013294,0.301711,-0.68009,0.668166,0.772899,-0.235853,-0.589066,0.558207,0.694154,0.454482,-0.00315,-0.014624,-0.002539,-0.008453,-0.220892,-0.265198,-0.865728,0.081072,0.027228,-0.06383,-0.36702,0.674615,-0.640459,-0.859128,-0.509806,-0.044664,-0.356641,0.533845,0.76669,0.003663,0.008032,0.015174,-0.033141,-0.024538,0.059476,-0.892565
60,0.08894,0.011489,0.352441,-0.517832,0.561108,-0.645796,-0.726665,-0.686826,-0.014162,-0.450858,0.461242,0.764205,0.008346,0.02682,0.021497,-0.004423,-0.054224,0.068667,-1.913016,-0.084946,0.032695,0.334087,-0.097139,0.64788,0.755518,-0.807995,0.391945,-0.439839,-0.580928,-0.653987,0.484446,-0.007822,-0.02089,-0.015307,1.408924,-0.564189,0.580074,-1.405628,0.050649,0.036576,-0.013564,0.305728,-0.68205,0.664332,0.753932,-0.252703,-0.606405,0.581477,0.686257,0.436961,0.002576,-0.009226,-0.007462,4.77639,-1.948305,2.11081,-0.861482,0.081158,0.027769,-0.063377,-0.364563,0.673007,-0.643548,-0.860047,-0.508283,-0.044343,-0.356948,0.537316,0.764119,0.004173,0.013447,0.010781,0.008705,-0.030409,0.081044,-0.888973
61,0.089102,0.011965,0.352848,-0.516473,0.561699,-0.646371,-0.727393,-0.686036,-0.015038,-0.451244,0.461697,0.763702,0.007481,0.024084,0.01921,0.000813,-0.028844,0.049897,-1.912441,-0.085018,0.032332,0.3338,-0.097285,0.650512,0.753234,-0.798934,0.400317,-0.44876,-0.593299,-0.646252,0.47981,0.004512,-0.015946,-0.013119,1.850574,1.13078,-1.766662,-1.405566,0.05061,0.036387,-0.013713,0.302887,-0.684551,0.66306,0.74569,-0.263021,-0.61218,0.593467,0.679859,0.430797,-0.003993,-0.010159,-0.007443,0.021872,-0.291342,-0.307999,-0.85789,0.081241,0.028014,-0.063168,-0.363055,0.673458,-0.643929,-0.860565,-0.507313,-0.045381,-0.357236,0.537667,0.763737,0.009991,0.005746,0.013357,-0.029522,-0.034474,0.091511,-0.889953
62,0.089467,0.012766,0.353576,-0.520569,0.556694,-0.647414,-0.720631,-0.693099,-0.016618,-0.457332,0.4572,0.762786,0.006523,0.021086,0.016672,0.097505,-0.026192,-0.063825,-1.912805,-0.084969,0.031716,0.333346,-0.099548,0.651399,0.75217,-0.779774,0.418544,-0.465519,-0.617895,-0.633677,0.46532,0.003858,-0.013642,-0.011285,5.96909,-1.210444,0.919258,-1.405893,0.050635,0.036076,-0.013942,0.308568,-0.684565,0.66042,0.727648,-0.277289,-0.627406,0.612628,0.674151,0.412561,0.001807,-0.006364,-0.005266,-0.017046,0.010942,-0.01463,-0.851685,0.081424,0.028416,-0.062802,-0.368046,0.669583,-0.645135,-0.855559,-0.515565,-0.047011,-0.364087,0.534649,0.76262,0.009896,0.009286,0.007512,0.327487,-0.050229,-0.278678,-0.88783
63,0.089993,0.013389,0.354214,-0.52411,0.545705,-0.653881,-0.713456,-0.70056,-0.012881,-0.464467,0.459083,0.757324,0.019013,0.016204,0.013039,-0.146274,-0.337132,-0.085941,-1.913224,-0.084851,0.031142,0.33294,-0.101784,0.652754,0.750696,-0.759865,0.436075,-0.482055,-0.64186,-0.620307,0.450663,0.003851,-0.013612,-0.011318,-0.004585,0.031056,-0.048391,-1.405451,0.050693,0.035792,-0.014142,0.309088,-0.686085,0.658597,0.70355,-0.301001,-0.64375,0.639906,0.662332,0.38966,0.001829,-0.006434,-0.005353,-0.018148,0.006974,-0.017043,-0.851521,0.081682,0.028729,-0.062482,-0.373799,0.660504,-0.651158,-0.85024,-0.524552,-0.043998,-0.370628,0.537195,0.757664,0.002879,0.009389,0.007362,-0.244879,-0.506579,-0.213886,-0.885217
64,0.090518,0.013763,0.354757,-0.527917,0.534474,-0.660065,-0.706066,-0.708072,-0.008718,-0.471383,0.460779,0.752002,0.002643,0.001165,0.017902,-0.150124,-0.22775,-0.121103,-1.913258,-0.084684,0.030618,0.332552,-0.091489,0.656246,0.748975,-0.73104,0.466499,-0.497888,-0.675982,-0.593902,0.436109,0.016202,-0.00838,-0.008884,0.166264,0.11753,-0.137867,-1.405722,0.050772,0.035529,-0.014336,0.298506,-0.690822,0.658528,0.676466,-0.333592,-0.656589,0.673265,0.641467,0.367739,0.002869,-0.011717,-0.001209,1.795095,1.329021,-1.653645,-0.852828,0.081946,0.028924,-0.062211,-0.379886,0.65011,-0.65806,-0.844784,-0.533645,-0.039519,-0.376863,0.540906,0.751926,0.001899,0.006237,0.004857,-0.20242,-0.427965,-0.171704,-0.884564
65,0.090651,0.013895,0.354926,-0.533482,0.528559,-0.660354,-0.698098,-0.715924,-0.009145,-0.47694,0.455452,0.751744,0.002598,0.00851,0.006625,1.093306,-0.003142,-1.223594,-1.914118,-0.084571,0.030392,0.332407,-0.090805,0.657291,0.74814,-0.721077,0.474809,-0.504517,-0.686689,-0.586102,0.429891,0.01587,-0.007165,-0.007888,0.164163,0.118839,-0.139162,-1.405473,0.050836,0.035408,-0.014417,0.298442,-0.6918,0.657528,0.665926,-0.34259,-0.662701,0.68372,0.635644,0.358444,0.007908,-0.003459,-0.003846,0.166204,0.121045,-0.146013,-0.85593,0.082019,0.028992,-0.062118,-0.385561,0.645666,-0.659133,-0.839686,-0.54164,-0.039397,-0.38245,0.538276,0.750992,0.001163,0.003889,0.00302,3.662349,0.07256,-4.140842,-0.887177
66,0.090855,0.014076,0.355082,-0.537671,0.516761,-0.666268,-0.68989,-0.723879,-0.004789,-0.48411,0.456431,0.746549,0.014323,0.001122,0.001169,1.014595,-0.189795,-1.311153,-1.914596,-0.084206,0.030085,0.332162,-0.092879,0.65898,0.746398,-0.70353,0.487083,-0.517427,-0.704379,-0.573996,0.417423,0.015034,-0.004131,-0.005373,5.94484,-1.551937,0.727066,-1.405043,0.051013,0.035255,-0.014538,0.302051,-0.692319,0.655331,0.652038,-0.351444,-0.671813,0.695421,0.630223,0.345264,0.001189,-0.004159,-0.003503,-0.013846,0.009777,-0.018933,-0.857237,0.082116,0.029082,-0.06204,-0.392085,0.635578,-0.665063,-0.833589,-0.551251,-0.035373,-0.389099,0.54052,0.745948,0.000565,0.001902,0.001464,3.555739,-0.239931,-4.240518,-0.891912
67,0.090999,0.014078,0.355137,-0.538743,0.510222,-0.670428,-0.686183,-0.727406,-0.00226,-0.488163,0.45818,0.742828,2.8e-05,9.2e-05,7.1e-05,-0.007067,-0.015914,-0.00985,-1.91435,-0.08386,0.029891,0.331984,-0.077089,0.660623,0.746744,-0.675458,0.516351,-0.526377,-0.733185,-0.5458,0.405469,0.00356,-0.015714,0.00402,4.096592,-2.891882,2.224838,-1.404824,0.051191,0.035161,-0.014631,0.289002,-0.695578,0.65776,0.62454,-0.383743,-0.680212,0.725552,0.60738,0.323514,0.007209,-0.000937,-0.001757,0.000673,-0.00855,-0.010451,-0.852338,0.082192,0.029082,-0.062014,-0.395613,0.628327,-0.669846,-0.829819,-0.557085,-0.032461,-0.393558,0.543009,0.741789,-5.8e-05,-0.000182,-0.000144,0.012147,0.018318,0.00659,-0.894035
68,0.090953,0.014066,0.355127,-0.538136,0.508333,-0.672348,-0.686236,-0.727359,-0.000751,-0.488758,0.46035,0.741094,-0.000414,-0.001361,-0.001057,-0.046235,-0.093526,-0.052605,-1.914884,-0.083738,0.029778,0.331941,-0.069593,0.658465,0.749381,-0.659217,0.533506,-0.529847,-0.748561,-0.531705,0.395991,0.014164,-0.000996,-0.002757,4.164008,-2.875989,2.294652,-1.404772,0.051247,0.035101,-0.014649,0.281871,-0.694555,0.661922,0.61005,-0.402739,-0.682377,0.740531,0.596148,0.310193,0.000654,-0.00227,-0.001923,0.071093,0.013678,0.079995,-0.852991,0.082169,0.029075,-0.06202,-0.395359,0.626587,-0.671624,-0.82992,-0.557013,-0.031119,-0.393602,0.545091,0.740237,-0.000317,-0.00104,-0.000808,-0.049008,-0.20355,0.114026,-0.894361
69,0.090579,0.013995,0.355179,-0.538297,0.50826,-0.672275,-0.686268,-0.727329,-0.00046,-0.488536,0.460478,0.741161,-0.013864,0.000404,1.3e-05,0.001728,-0.069724,0.118056,-1.915223,-0.08347,0.02957,0.331929,-0.058246,0.651534,0.756374,-0.630851,0.563237,-0.533596,-0.773564,-0.509058,0.377255,0.000538,-0.001878,-0.001585,0.118049,0.245629,0.201148,-1.404697,0.051387,0.034997,-0.014656,0.267273,-0.691133,0.67149,0.582228,-0.439436,-0.684035,0.767837,0.573785,0.284948,0.007909,-0.004984,0.003462,0.472753,0.228191,0.310226,-0.85691,0.081981,0.029036,-0.061997,-0.395523,0.626649,-0.671469,-0.829957,-0.556968,-0.030912,-0.393359,0.545064,0.740387,-0.006942,0.000174,-1.1e-05,0.002184,-0.067913,0.119542,-0.892402
70,0.089999,0.013678,0.355545,-0.543614,0.499419,-0.674619,-0.673774,-0.738906,-0.004156,-0.499886,0.451656,0.739018,-0.014323,-0.008517,0.010045,-0.034245,0.031947,-0.044107,-1.915222,-0.083302,0.02943,0.331934,-0.046415,0.645403,0.762426,-0.596072,0.594625,-0.539494,-0.801453,-0.480314,0.35614,0.000657,-0.002288,-0.001933,1.259413,-0.504711,0.776619,-1.404076,0.051468,0.034937,-0.014651,0.259411,-0.686576,0.679203,0.553598,-0.470553,-0.6871,0.791349,0.554248,0.258021,0.000214,-0.000746,-0.000639,0.5181,0.992932,-0.145722,-0.863278,0.081701,0.02888,-0.061825,-0.402628,0.61922,-0.674133,-0.820177,-0.571056,-0.034685,-0.406446,0.538944,0.737794,-0.007184,-0.004321,0.00498,-0.027763,0.025091,-0.036571,-0.893708
71,0.089335,0.013169,0.356129,-0.544155,0.488036,-0.682467,-0.662347,-0.749139,-0.00768,-0.51434,0.44724,0.731749,-0.0141,-0.007727,0.010663,-0.175899,-0.358798,-0.035505,-1.915458,-0.083261,0.029021,0.33205,-0.031223,0.63748,0.769829,-0.55854,0.627645,-0.542245,-0.828773,-0.447715,0.335485,0.003105,-0.014084,0.00539,0.287394,0.162977,0.424171,-1.403482,0.051488,0.034732,-0.014593,0.241902,-0.681755,0.690429,0.517238,-0.511428,-0.686225,0.820942,0.523116,0.228913,-0.00488,-0.00885,0.002129,1.203831,-0.300996,0.906184,-0.864258,0.081363,0.028622,-0.061529,-0.405495,0.609284,-0.681429,-0.811223,-0.583438,-0.038937,-0.421296,0.537002,0.730847,-0.007543,-0.009176,0.009701,-0.314904,-0.530049,-0.160156,-0.894525
72,0.088909,0.0129,0.356484,-0.54354,0.486224,-0.684248,-0.659407,-0.751695,-0.010422,-0.518744,0.444924,0.730051,-0.027358,-0.005203,0.012311,-0.035165,-0.054374,0.095938,-1.915599,-0.083233,0.028704,0.332164,-0.02658,0.636154,0.771099,-0.540195,0.639952,-0.54643,-0.841009,-0.431871,0.32566,0.003214,-0.014469,0.005067,-0.000719,0.508142,0.165921,-1.403264,0.051503,0.034574,-0.014536,0.236896,-0.681849,0.69207,0.499711,-0.525377,-0.68867,0.833167,0.508979,0.216267,0.001687,-0.00752,0.002288,0.254431,0.26926,0.424318,-0.865401,0.081156,0.028487,-0.061352,-0.405299,0.606323,-0.68418,-0.808836,-0.586621,-0.040722,-0.426046,0.536886,0.728173,-0.007601,-0.009321,0.009595,-0.062342,-0.026183,0.118819,-0.894361
73,0.08799,0.012401,0.357198,-0.544263,0.469066,-0.695558,-0.64513,-0.763982,-0.010482,-0.53564,0.442433,0.719284,-0.027139,-0.004383,0.012942,0.121715,-0.548194,-0.310487,-1.91588,-0.083144,0.027878,0.332465,-0.018261,0.637769,0.770006,-0.506284,0.658249,-0.557062,-0.862073,-0.400821,0.309897,0.003611,-0.015863,0.00389,0.473968,0.427587,-0.554814,-1.402623,0.051547,0.034163,-0.014384,0.229235,-0.682803,0.693707,0.467877,-0.547656,-0.693658,0.853546,0.483581,0.193926,0.002836,-0.013181,0.006161,1.619386,1.314382,-1.781354,-0.867524,0.080696,0.028237,-0.060996,-0.409356,0.591296,-0.694835,-0.79791,-0.601335,-0.041647,-0.442454,0.537368,0.717961,-0.014048,-0.007434,0.010903,0.783937,-0.65456,-1.477128,-0.894688
74,0.087017,0.012071,0.357812,-0.542575,0.452928,-0.70747,-0.631338,-0.775392,-0.0123,-0.553469,0.439411,0.707542,-0.02719,-0.004448,0.012883,-0.212472,-0.558012,0.036087,-1.915792,-0.083047,0.026956,0.332855,-0.011957,0.63666,0.771046,-0.477746,0.673806,-0.563629,-0.878323,-0.37591,0.29513,0.005627,-0.026178,0.012502,-0.080762,0.087727,-0.027084,-1.402467,0.051595,0.033704,-0.014194,0.223672,-0.682702,0.69562,0.439773,-0.566232,-0.697123,0.86981,0.461842,0.173583,0.001556,-0.007092,0.002662,-0.06467,0.046725,-0.003184,-0.86883,0.08021,0.028073,-0.060688,-0.411352,0.575041,-0.707189,-0.786603,-0.615938,-0.043296,-0.460482,0.538467,0.705697,-0.014096,-0.007516,0.010842,-0.335849,-0.659845,-0.29628,-0.894851
75,0.086517,0.011948,0.358113,-0.540835,0.445296,-0.71362,-0.624676,-0.780743,-0.013829,-0.562646,0.437745,0.70131,-0.026926,-0.003578,0.013554,-0.102357,-0.533483,-0.046202,-1.91619,-0.082988,0.026584,0.333024,-0.004431,0.63471,0.772732,-0.459986,0.684887,-0.565045,-0.887832,-0.358755,0.287946,0.003155,-0.014285,0.005238,4.196208,-2.830695,1.721738,-1.402352,0.051626,0.033513,-0.014107,0.219454,-0.682144,0.697509,0.426806,-0.575769,-0.69737,0.877312,0.450742,0.164789,0.001405,-0.006572,0.003102,-0.063884,0.361844,0.249803,-0.869973,0.079959,0.02801,-0.060538,-0.411121,0.56734,-0.713514,-0.781339,-0.622498,-0.044769,-0.469561,0.539092,0.699208,-0.013404,-0.00158,0.006951,0.048338,-0.736262,-0.409451,-0.895341
76,0.085594,0.01162,0.358717,-0.541631,0.433521,-0.720236,-0.61183,-0.79081,-0.015967,-0.575825,0.431471,0.694468,-0.027112,-0.004072,0.013162,1.152792,-0.146327,-0.89356,-1.915907,-0.082841,0.026176,0.333268,0.008263,0.624775,0.780756,-0.430882,0.70685,-0.560927,-0.902304,-0.332572,0.274057,0.002392,-0.011618,0.00751,-0.126333,0.744487,0.462226,-1.402155,0.0517,0.033306,-0.013988,0.202392,-0.676395,0.708185,0.397305,-0.604251,-0.690673,0.895089,0.421153,0.146439,5.9e-05,-0.000225,-0.000191,-0.020282,0.262017,0.190649,-0.86932,0.079498,0.027847,-0.060236,-0.413433,0.555601,-0.721373,-0.772,-0.633966,-0.045832,-0.482791,0.537953,0.691027,-0.014079,-0.00731,0.011007,3.922906,-0.027105,-3.571492,-0.895505
77,0.084752,0.011037,0.359545,-0.537582,0.432516,-0.723865,-0.608172,-0.793468,-0.022515,-0.58344,0.427589,0.690502,-0.014274,-0.015332,0.021775,-0.065451,-0.058569,0.138536,-1.91596,-0.082857,0.0259,0.333254,0.012704,0.613262,0.789772,-0.386484,0.731508,-0.561658,-0.922148,-0.29888,0.245311,0.001348,-0.004705,-0.004004,0.157776,0.788861,0.351995,-1.402308,0.05169,0.033172,-0.013985,0.198722,-0.665509,0.719448,0.35674,-0.63461,-0.685569,0.912822,0.392894,0.111302,0.000826,-0.002904,-0.002469,0.740625,1.141054,-0.150307,-0.866871,0.079071,0.027556,-0.059827,-0.410455,0.553439,-0.724727,-0.767763,-0.638553,-0.052803,-0.492001,0.534746,0.687008,-0.013891,-0.006692,0.011485,-0.067479,-0.121272,0.256232,-0.895178
78,0.084027,0.010351,0.360693,-0.532594,0.431289,-0.728271,-0.60307,-0.797065,-0.031069,-0.593223,0.42211,0.685519,-0.013858,-0.021406,0.034094,0.379267,-0.507439,0.61095,-1.916006,-0.083038,0.025697,0.332894,0.016222,0.595887,0.802899,-0.339706,0.758566,-0.555978,-0.940336,-0.26449,0.213718,0.000184,0.00262,-0.015186,1.269299,-0.159979,0.833637,-1.40146,0.0516,0.03307,-0.014165,0.196937,-0.648618,0.735193,0.315396,-0.668104,-0.673915,0.9283,0.364596,0.072996,0.000143,0.001147,-0.007727,1.290101,-0.134592,0.884839,-0.867687,0.078702,0.027204,-0.059248,-0.405811,0.55126,-0.728992,-0.763464,-0.642944,-0.061191,-0.502434,0.531727,0.68178,-0.006882,-0.010511,0.01721,0.428346,-0.555329,0.661404,-0.893545
79,0.083766,0.010047,0.361331,-0.531654,0.430093,-0.729664,-0.600277,-0.799064,-0.033694,-0.596885,0.419547,0.683912,-0.011903,-0.007978,0.027483,-0.069247,0.037936,-0.035509,-1.916173,-0.083128,0.025649,0.332647,0.018874,0.584709,0.811018,-0.307137,0.775374,-0.551722,-0.951427,-0.239427,0.193197,-0.010624,-0.011804,-0.008122,4.458019,-1.986419,1.522586,-1.401655,0.051559,0.033049,-0.014287,0.196514,-0.639194,0.743513,0.289798,-0.686557,-0.666825,0.936695,0.346509,0.050319,0.000143,0.001121,-0.007756,0.258406,0.894274,0.828977,-0.86834,0.078576,0.027053,-0.05894,-0.404919,0.54993,-0.73049,-0.761093,-0.645472,-0.064044,-0.506732,0.530039,0.679912,-0.006389,-0.008985,0.018391,-0.104196,-0.048746,0.14564,-0.893708
80,0.083429,0.009465,0.362758,-0.529274,0.428166,-0.732522,-0.595108,-0.802669,-0.039253,-0.604128,0.414617,0.680551,0.001622,-0.017265,0.037638,-0.102096,0.027967,0.003727,-1.915987,-0.083204,0.025573,0.33209,0.012237,0.563834,0.825792,-0.257258,0.799869,-0.542183,-0.966206,-0.206528,0.153798,-0.012387,-0.002401,-0.017548,-0.046857,1.014503,0.38891,-1.401759,0.051521,0.033007,-0.014556,0.199816,-0.618847,0.759671,0.241457,-0.720298,-0.650283,0.949616,0.313365,0.005498,0.000248,0.000762,-0.008071,0.243556,1.178003,0.51094,-0.870463,0.078407,0.026768,-0.058241,-0.40309,0.547513,-0.733311,-0.756626,-0.650141,-0.069511,-0.514815,0.526824,0.676328,0.000903,-0.008286,0.019096,-0.101923,-0.0638,0.176487,-0.891259
81,0.083359,0.008889,0.364195,-0.531653,0.422353,-0.734172,-0.585108,-0.809837,-0.042245,-0.611747,0.40658,0.678591,0.001752,-0.016861,0.037931,-0.102075,0.02796,0.003698,-1.916266,-0.083168,0.025485,0.33144,0.007151,0.548514,0.836106,-0.206614,0.818933,-0.535344,-0.978332,-0.169627,0.118134,0.001539,-0.002128,-0.019336,0.344893,0.73427,0.185694,-1.401277,0.051534,0.032964,-0.014892,0.206946,-0.602688,0.770675,0.196032,-0.746208,-0.636194,0.958511,0.282735,-0.03628,0.000807,-0.001172,-0.009749,0.342095,0.734963,0.189761,-0.870953,0.078369,0.026483,-0.057507,-0.406592,0.542435,-0.73515,-0.748449,-0.65922,-0.072463,-0.523933,0.52076,0.674019,0.000796,-0.008612,0.01883,-0.099866,-0.051638,0.153938,-0.890769
82,0.083367,0.008563,0.364899,-0.533195,0.41819,-0.735435,-0.577536,-0.815115,-0.044854,-0.617565,0.4003,0.677053,0.001239,-0.018429,0.036729,-0.098288,-0.052237,0.153629,-1.916021,-0.083075,0.025402,0.331058,0.003244,0.540748,0.841174,-0.183724,0.827219,-0.530932,-0.982904,-0.153516,0.100972,0.002197,-0.004421,-0.021346,4.574776,-1.692707,0.845269,-1.401326,0.051579,0.032926,-0.015074,0.212018,-0.595881,0.774579,0.179734,-0.755302,-0.630248,0.960594,0.272843,-0.053038,0.001107,-0.002215,-0.010667,-0.04481,0.785393,-0.007688,-0.868994,0.078375,0.026318,-0.057139,-0.408998,0.538744,-0.736528,-0.7422,-0.665969,-0.074986,-0.530904,0.515982,0.672236,0.000603,-0.009202,0.018376,-0.100438,-0.050779,0.153756,-0.891585
83,0.083342,0.007852,0.366259,-0.53265,0.413297,-0.73859,-0.566436,-0.822459,-0.051802,-0.628213,0.390253,0.673111,0.000234,-0.02151,0.034391,-0.089709,0.029155,-0.008362,-1.916032,-0.082612,0.025151,0.330183,-0.010629,0.525625,0.850645,-0.151391,0.840077,-0.520851,-0.988332,-0.134992,0.069575,0.01881,-0.016558,-0.016439,0.034025,1.079443,0.454179,-1.401127,0.051799,0.032808,-0.015503,0.222244,-0.580612,0.78326,0.147136,-0.774178,-0.615629,0.963824,0.252066,-0.086628,0.008229,-0.002493,-0.011978,1.406745,-0.008737,0.45349,-0.865728,0.078364,0.025983,-0.056481,-0.409554,0.533838,-0.739784,-0.732701,-0.675605,-0.081893,-0.54352,0.508501,0.66784,0.000626,-0.005425,0.012788,0.086424,-0.122441,0.154638,-0.894525
84,0.083257,0.007107,0.367252,-0.536353,0.404459,-0.740799,-0.54999,-0.833221,-0.056787,-0.639557,0.376466,0.670273,-0.001178,-0.018437,0.019839,-0.066019,0.036703,-0.034244,-1.91625,-0.081942,0.025047,0.329317,-0.022255,0.507967,0.861084,-0.117838,0.853995,-0.506697,-0.992684,-0.1134,0.03977,0.028397,0.002535,-0.019538,0.026974,0.730375,0.554104,-1.401405,0.052134,0.032735,-0.015947,0.234506,-0.561647,0.793447,0.11836,-0.793638,-0.596764,0.964881,0.233857,-0.119637,0.007726,-0.000674,-0.010442,0.353476,0.77487,0.663187,-0.860339,0.078324,0.025614,-0.055969,-0.415066,0.526076,-0.742269,-0.718937,-0.689639,-0.086756,-0.557539,0.497635,0.664461,-0.000828,-0.009896,0.009407,-0.040022,0.042625,-0.063719,-0.892402
85,0.082963,0.006345,0.36785,-0.538437,0.396027,-0.743837,-0.53225,-0.844131,-0.064218,-0.652665,0.360833,0.666225,-0.00309,-0.024284,0.015428,0.077002,-0.098146,0.117971,-1.915799,-0.08107,0.025105,0.328658,-0.036817,0.488833,0.871596,-0.084098,0.867608,-0.490017,-0.99566,-0.091972,0.008072,0.027286,0.006555,-0.016081,-0.025165,0.890592,0.406401,-1.401639,0.052571,0.032762,-0.016284,0.248325,-0.541753,0.803018,0.089814,-0.812537,-0.575949,0.964504,0.215144,-0.153117,0.013718,0.003042,-0.008253,-0.061186,0.551088,0.138376,-0.861482,0.078177,0.025227,-0.055662,-0.418957,0.518375,-0.745493,-0.703943,-0.704018,-0.093929,-0.573532,0.485433,0.65986,-0.007855,-0.006044,0.003724,0.505354,-0.540213,0.656649,-0.895995
86,0.082718,0.005963,0.368051,-0.540598,0.391203,-0.744821,-0.523115,-0.849636,-0.066644,-0.658232,0.353108,0.664885,-0.017199,-0.024065,0.015283,0.007083,0.013797,-0.045922,-1.916373,-0.080544,0.025157,0.328426,-0.043424,0.480855,0.875719,-0.06961,0.87299,-0.482677,-0.996504,-0.08254,-0.005536,0.029168,-0.003131,-0.00695,1.389402,0.12635,0.396138,-1.40153,0.052839,0.03279,-0.016406,0.255712,-0.532987,0.806557,0.079355,-0.819908,-0.566968,0.96349,0.208985,-0.167365,0.01349,0.00404,-0.007539,4.763492,-1.645382,0.435569,-0.864095,0.078059,0.025035,-0.055562,-0.421925,0.514226,-0.746692,-0.696214,-0.711322,-0.096465,-0.580744,0.479157,0.658136,-0.008395,-0.007675,0.002488,0.236231,-0.179659,0.167365,-0.899097
87,0.082112,0.00527,0.368214,-0.542546,0.384626,-0.746828,-0.509269,-0.857593,-0.071776,-0.667413,0.340911,0.662093,-0.016434,-0.006772,-0.005485,-0.001629,0.028007,-0.055186,-1.91671,-0.07949,0.025326,0.328027,-0.045424,0.457516,0.888036,-0.055609,0.886444,-0.459411,-0.997291,-0.070845,-0.01594,0.025957,0.011247,-0.012005,-0.291458,-1.044439,2.506577,-1.401063,0.053367,0.032868,-0.016604,0.258909,-0.511859,0.819125,0.069516,-0.835968,-0.544357,0.963396,0.197881,-0.180858,0.014263,-0.000352,-0.002446,1.503786,0.095509,0.354477,-0.873892,0.077755,0.024679,-0.055475,-0.425239,0.508271,-0.748887,-0.684342,-0.722065,-0.101478,-0.592323,0.469343,0.654881,-0.008805,-0.008872,0.001571,-0.036096,-0.041674,0.102954,-0.897954
88,0.081329,0.004649,0.368158,-0.544732,0.375739,-0.749755,-0.489478,-0.868357,-0.079619,-0.680299,0.323145,0.657874,-0.017892,-0.011011,-0.008772,1.246414,0.068438,-0.969352,-1.916514,-0.07844,0.025671,0.327856,-0.044976,0.436679,0.898488,-0.051891,0.897187,-0.438517,-0.997513,-0.066913,-0.018821,0.026459,0.006169,0.001218,-0.718738,-0.814637,2.508076,-1.400939,0.053893,0.03304,-0.016697,0.256993,-0.492831,0.831307,0.070614,-0.848323,-0.524748,0.963829,0.193558,-0.183213,0.011996,0.008913,-0.003108,-0.01614,0.119128,-0.076225,-0.875199,0.077364,0.024371,-0.055501,-0.428527,0.500867,-0.751994,-0.668486,-0.735683,-0.109064,-0.607856,0.455961,0.650083,-0.009709,-0.011449,-0.000419,4.107946,0.408992,-3.556846,-0.901546
89,0.080929,0.004299,0.368062,-0.54427,0.372305,-0.751801,-0.479633,-0.873296,-0.085309,-0.687635,0.313689,0.654816,-0.018472,-0.012651,-0.010066,0.114811,-0.037528,-0.001886,-1.917095,-0.077963,0.02601,0.327791,-0.043945,0.426123,0.903592,-0.055121,0.902077,-0.427962,-0.997386,-0.069167,-0.017289,0.023419,0.019622,-0.004597,0.001501,0.404383,0.153559,-1.40119,0.054124,0.033198,-0.016725,0.254596,-0.480621,0.839156,0.077759,-0.854766,-0.513154,0.963916,0.195899,-0.180247,0.011526,0.010433,-0.001761,0.01174,0.488179,0.520182,-0.875036,0.077164,0.024196,-0.05555,-0.429563,0.49672,-0.754151,-0.658633,-0.743675,-0.114664,-0.6178,0.447454,0.646612,-0.009241,-0.006351,-0.005037,0.374589,-0.016711,-0.2116,-0.90073
90,0.080156,0.003568,0.36783,-0.538006,0.363926,-0.760363,-0.460043,-0.882569,-0.096976,-0.705702,0.297167,0.643198,-0.00671,-0.027404,-0.004089,-0.058247,-0.144293,0.051496,-1.917414,-0.0772,0.026935,0.327676,-0.037483,0.399527,0.91595,-0.062326,0.913895,-0.401056,-0.997234,-0.07264,-0.010507,0.009014,0.020254,-0.001904,0.005586,0.387358,0.085947,-1.401304,0.054511,0.033661,-0.016783,0.24764,-0.455813,0.854931,0.090867,-0.8676,-0.488888,0.964581,0.198754,-0.173435,0.004336,0.010711,-0.000447,0.038525,0.53103,0.278185,-0.877648,0.076772,0.023833,-0.055669,-0.425132,0.487113,-0.762878,-0.641124,-0.757008,-0.126084,-0.638922,0.435497,0.634128,-0.0095,-0.007018,-0.005596,-0.014715,-0.150912,0.005829,-0.896484
91,0.079538,0.002812,0.367683,-0.523349,0.355962,-0.774236,-0.430652,-0.894462,-0.120203,-0.734667,0.27007,0.622377,-0.01884,-0.020763,0.000609,1.344725,-0.207325,-0.697932,-1.917381,-0.076946,0.027831,0.32756,-0.036766,0.373791,0.92678,-0.063146,0.924701,-0.375333,-0.99721,-0.072809,-0.01156,-0.004392,0.017761,-0.001983,-0.160848,-0.144819,0.695602,-1.401096,0.054649,0.034123,-0.016838,0.247594,-0.430951,0.867742,0.09704,-0.880094,-0.464774,0.963991,0.199281,-0.176087,0.00321,0.015996,-0.004626,-0.546619,-1.199986,2.308342,-0.882383,0.076465,0.023446,-0.05575,-0.411633,0.47685,-0.776641,-0.615826,-0.773729,-0.148664,-0.6718,0.417081,0.612149,-0.00263,-0.011416,-0.000307,4.712285,-0.1333,-2.652003,-0.895668
92,0.079159,0.002034,0.367754,-0.514573,0.33986,-0.787246,-0.400312,-0.907094,-0.130008,-0.757656,0.247817,0.603797,-0.017456,-0.016552,0.003855,1.183771,-0.295694,-0.684906,-1.917363,-0.077065,0.028841,0.327359,-0.035171,0.346434,0.93741,-0.063587,0.935328,-0.347927,-0.997242,-0.072297,-0.012048,-0.005442,0.021152,0.001003,-0.513751,-1.197445,2.321649,-1.400692,0.05459,0.034631,-0.016942,0.244846,-0.404982,0.880931,0.103678,-0.89244,-0.43909,0.964002,0.198843,-0.176523,-0.002771,0.010705,0.000609,-0.52322,-1.216022,2.282799,-0.8832,0.076275,0.023052,-0.055718,-0.406573,0.4595,-0.789656,-0.588693,-0.792728,-0.158185,-0.698669,0.400551,0.592807,-0.002541,-0.014849,0.005583,4.162467,0.225732,-3.222247,-0.894851
93,0.07899,0.001681,0.367875,-0.512118,0.334617,-0.791083,-0.394067,-0.909852,-0.129817,-0.762576,0.244836,0.598799,-0.016471,-0.013603,0.006152,-0.09133,-0.350595,0.163915,-1.917855,-0.077233,0.029403,0.327265,-0.035111,0.336754,0.940933,-0.065467,0.938728,-0.338286,-0.997122,-0.073918,-0.012099,-0.005543,0.021488,0.001287,0.014167,0.174225,-0.038047,-1.400546,0.054507,0.034906,-0.016989,0.243945,-0.394852,0.885766,0.108163,-0.896583,-0.429463,0.963737,0.200573,-0.176009,-0.004021,0.016567,-0.003044,0.017908,0.100246,0.00889,-0.880587,0.076189,0.022873,-0.05566,-0.405897,0.453094,-0.793695,-0.581907,-0.79779,-0.157843,-0.70472,0.397789,0.587479,-0.001907,-0.013044,0.007003,-0.114483,-0.395519,0.167727,-0.892892
94,0.078685,0.001108,0.368285,-0.510149,0.325451,-0.796162,-0.374117,-0.917433,-0.135371,-0.773853,0.228388,0.590777,-0.002266,-0.021508,0.017582,-0.064332,-0.172198,0.305987,-1.917146,-0.077594,0.030369,0.327103,-0.023892,0.317683,0.947891,-0.070099,0.945305,-0.318462,-0.997153,-0.074472,-0.001511,-0.020327,0.027344,-0.009091,-0.448625,-1.40117,2.145432,-1.40024,0.05433,0.035392,-0.017061,0.233514,-0.380173,0.894951,0.116195,-0.902892,-0.413864,0.965385,0.200632,-0.166663,-0.002432,0.009666,-0.000309,0.02186,0.079662,-0.126054,-0.881894,0.076031,0.022588,-0.05546,-0.405708,0.443621,-0.799124,-0.564027,-0.809501,-0.163031,-0.719217,0.384585,0.578636,-0.00725,-0.003858,0.005385,-0.02168,-0.043976,0.135087,-0.891259
95,0.07858,0.000601,0.368725,-0.506711,0.310607,-0.804246,-0.351134,-0.926295,-0.136579,-0.786767,0.2128,0.579431,-0.001,-0.010365,0.009101,-0.15433,-0.633743,-0.05137,-1.915736,-0.078044,0.031203,0.327079,-0.010053,0.300185,0.953824,-0.073978,0.951042,-0.299969,-0.997126,-0.073972,0.011444,-0.02102,0.029747,-0.007012,0.058813,-0.049285,0.098969,-1.400333,0.054099,0.035816,-0.017079,0.21722,-0.363358,0.905972,0.124826,-0.910172,-0.394972,0.968108,0.198885,-0.152351,-0.010537,0.01497,-0.003415,0.064989,-0.041644,0.084845,-0.883853,0.07598,0.022336,-0.055233,-0.406345,0.430283,-0.806064,-0.54351,-0.822962,-0.165315,-0.734493,0.370928,0.56827,-0.000465,-0.005064,0.004646,-0.074417,-0.696154,-0.123902,-0.892075
96,0.078602,0.000381,0.368916,-0.503742,0.303159,-0.808939,-0.335664,-0.931485,-0.140126,-0.795375,0.200561,0.571996,0.013433,-0.002854,-0.001821,0.39452,-0.75956,0.634381,-1.913647,-0.078282,0.031605,0.327095,-0.003637,0.292088,0.95638,-0.07557,0.953577,-0.291399,-0.997059,-0.073719,0.017399,-0.005614,0.021815,0.001505,0.03691,-0.047809,0.087832,-1.399642,0.053982,0.036009,-0.017071,0.210519,-0.356416,0.910301,0.128162,-0.913069,-0.387139,0.969152,0.198167,-0.14654,-0.009125,0.008659,-0.000166,0.028154,-0.038182,0.064994,-0.885813,0.075986,0.022228,-0.055135,-0.406444,0.419907,-0.811468,-0.529859,-0.831865,-0.165069,-0.744346,0.362873,0.560599,-0.00044,-0.004991,0.004704,-0.114863,-0.325347,-0.22346,-0.88734
97,0.078715,7e-05,0.369141,-0.499052,0.281031,-0.819765,-0.305175,-0.942327,-0.13733,-0.810465,0.181281,0.557055,-0.001568,-0.012047,0.007791,-0.149442,-0.448521,-0.058739,-1.876732,-0.078807,0.032334,0.327215,0.018082,0.272441,0.961998,-0.085975,0.959019,-0.269862,-0.996085,-0.078188,0.03955,-0.0042,0.013794,0.011973,-1.602846,0.30452,-0.002513,-1.358156,0.05372,0.036372,-0.017019,0.187424,-0.3403,0.921448,0.14124,-0.918987,-0.368119,0.972071,0.19914,-0.124177,-0.009635,0.010611,0.001319,-5.326046,1.389866,-0.193133,-0.878138,0.07605,0.022078,-0.055019,-0.404338,0.398753,-0.823107,-0.502191,-0.84895,-0.16458,-0.764404,0.346812,0.543513,0.006612,-0.001735,-0.001155,-0.147914,-0.616304,-0.054345,-0.878849
98,0.078921,-5e-05,0.368964,-0.494309,0.255792,-0.830827,-0.263331,-0.95486,-0.137371,-0.827852,0.150554,0.540389,0.012843,0.002813,-0.01461,0.377763,-0.310351,-0.173523,-1.809201,-0.079346,0.032806,0.32763,0.047314,0.25532,0.965694,-0.12805,0.960351,-0.247514,-0.990626,-0.112283,0.076911,-0.016805,0.009422,0.010159,-1.702627,-0.39098,-0.574497,-1.226714,0.053454,0.036617,-0.016805,0.159771,-0.32517,0.93206,0.187061,-0.917109,-0.35202,0.969268,0.230595,-0.085701,-0.007012,-0.001403,0.008335,-5.705195,0.705961,-0.087622,-0.837479,0.076148,0.022014,-0.055097,-0.404466,0.372823,-0.83511,-0.464644,-0.870275,-0.163482,-0.787726,0.321906,0.525226,-0.000959,-0.002832,-0.00222,1.309753,-0.107883,-0.880292,-0.860724
99,0.078992,-7.7e-05,0.368752,-0.490697,0.245579,-0.836034,-0.247784,-0.959154,-0.136375,-0.834771,0.139926,0.532546,-0.002179,-0.00643,-0.005042,-0.053862,-0.397029,-0.034823,-1.765258,-0.079511,0.032919,0.327837,0.067018,0.248796,0.96623,-0.162448,0.958206,-0.235343,-0.98445,-0.141518,0.103411,-0.015897,0.006466,0.007587,-1.116498,-2.211009,1.497644,-1.091314,0.053371,0.036675,-0.016701,0.141877,-0.322562,0.935854,0.221976,-0.910974,-0.347638,0.964674,0.25706,-0.057645,-0.001429,0.004904,0.004088,-5.561225,0.283973,-0.308349,-0.783103,0.076189,0.022005,-0.055206,-0.403532,0.362451,-0.840112,-0.450056,-0.878062,-0.162649,-0.796624,0.312463,0.51745,-0.000585,0.001971,-0.007073,0.044136,-0.498932,-0.093236,-0.848803
100,0.078852,-3.5e-05,0.368098,-0.488703,0.23214,-0.841027,-0.226583,-0.964624,-0.134655,-0.841931,0.124461,0.525061,-0.015726,0.011037,-0.026254,0.068037,-0.102606,0.118717,-1.714924,-0.079707,0.032922,0.32814,0.113853,0.243081,0.963296,-0.222886,0.951132,-0.213549,-0.968242,-0.190711,0.161248,-0.011551,-0.011301,0.009674,-0.835851,-2.159395,1.131669,-0.943562,0.053268,0.036695,-0.016546,0.094769,-0.322543,0.941798,0.285656,-0.89746,-0.336103,0.953634,0.300883,0.007085,-0.006781,-0.000646,0.000467,-0.438379,-0.831142,-0.23592,-0.705376,0.076126,0.022024,-0.055522,-0.404094,0.348658,-0.845662,-0.43082,-0.888088,-0.160286,-0.806908,0.299558,0.50908,-0.001598,-0.00102,-0.009427,0.040021,0.031182,0.012558,-0.827739
101,0.078403,-1.8e-05,0.367208,-0.490418,0.217061,-0.84405,-0.203193,-0.970251,-0.131517,-0.846882,0.10673,0.520986,-0.00333,0.005111,-0.030556,0.012772,-0.20543,-0.118609,-1.713591,-0.079833,0.032434,0.328303,0.154572,0.241337,0.958048,-0.268207,0.943531,-0.194288,-0.950997,-0.227239,0.209356,-0.009805,-0.017142,0.004657,-1.933696,-0.310847,-0.252956,-0.863626,0.053205,0.036448,-0.01646,0.049676,-0.327101,0.943682,0.331359,-0.885935,-0.324528,0.942195,0.328819,0.064378,0.00181,-0.007603,0.002011,-6.207368,-0.656392,0.665783,-0.705703,0.075895,0.022031,-0.055968,-0.409442,0.335077,-0.848575,-0.409339,-0.898708,-0.157366,-0.815352,0.282922,0.505129,-0.008841,-0.001078,-0.009715,-0.040822,-0.256034,-0.210085,-0.840802
102,0.077804,9.7e-05,0.366324,-0.492786,0.205244,-0.845625,-0.183541,-0.974416,-0.129608,-0.849984,0.091075,0.518903,-0.016984,0.000105,-0.017718,0.003773,-0.091232,-0.090375,-1.705787,-0.07952,0.032066,0.328436,0.194293,0.228073,0.954057,-0.329704,0.931181,-0.15534,-0.924039,-0.284671,0.254906,0.013492,0.001535,-0.000695,-0.033146,-0.347868,0.356867,-0.783425,0.053349,0.036253,-0.016401,0.009227,-0.319217,0.947636,0.398571,-0.867968,-0.296261,0.91709,0.380434,0.119222,0.006828,0.000464,-0.000602,-0.698531,-0.621825,0.920754,-0.708805,0.075604,0.022079,-0.056411,-0.414102,0.323926,-0.850641,-0.391211,-0.907153,-0.155,-0.821871,0.268595,0.502378,-0.00851,-5e-05,-0.008931,-0.011008,-0.140061,-0.114592,-0.853539
103,0.077472,0.000233,0.365915,-0.494567,0.201028,-0.845598,-0.176285,-0.975842,-0.12895,-0.850482,0.085035,0.519111,-0.016396,0.001861,-0.016341,0.032229,0.007827,-0.04032,-1.701158,-0.079215,0.032032,0.328505,0.213982,0.220516,0.951618,-0.35825,0.924004,-0.133439,-0.90896,-0.31265,0.275509,0.013049,0.003011,0.000573,-5.463351,-0.123328,-0.390484,-0.779458,0.053514,0.03623,-0.016366,-0.011889,-0.313183,0.949618,0.428111,-0.859835,-0.278213,0.903647,0.403234,0.1443,0.006569,0.001481,0.00018,-5.462354,-0.077047,-0.29553,-0.725461,0.075431,0.022147,-0.056629,-0.416685,0.320107,-0.850825,-0.384481,-0.910172,-0.154139,-0.823739,0.262899,0.50233,-0.014446,0.007466,-0.011858,0.067061,0.018704,-0.044729,-0.857948
104,0.076746,0.000536,0.36521,-0.495824,0.191527,-0.847066,-0.162099,-0.978624,-0.126452,-0.852566,0.074366,0.517327,-0.015478,0.004586,-0.014194,-0.050225,-0.165617,-0.351691,-1.688999,-0.078544,0.032005,0.328682,0.244388,0.20753,0.947205,-0.38375,0.917756,-0.101945,-0.890734,-0.338844,0.302722,0.01297,0.003285,0.000803,0.088841,-0.746746,0.734074,-0.782141,0.053844,0.036217,-0.016276,-0.042182,-0.303718,0.951827,0.459594,-0.851795,-0.251432,0.887126,0.426848,0.175517,0.012958,0.003312,0.00082,0.087692,-0.833509,0.712382,-0.775755,0.075078,0.022294,-0.056978,-0.420746,0.312304,-0.851726,-0.371374,-0.915894,-0.152377,-0.827679,0.252197,0.50134,-0.007678,0.002424,-0.00698,-0.106536,-0.523928,-0.32293,-0.861703
105,0.076145,0.00072,0.364739,-0.499856,0.180992,-0.847013,-0.142857,-0.981735,-0.125537,-0.853646,0.05802,0.517638,-0.016154,-0.004714,-0.004288,-0.001638,0.027937,-0.055213,-1.663445,-0.07782,0.032209,0.328744,0.279967,0.196928,0.93959,-0.425359,0.902837,-0.062359,-0.860896,-0.382458,0.33533,0.023305,0.018599,-0.005457,-0.324128,-0.709966,0.869913,-0.779192,0.054202,0.036313,-0.016244,-0.079924,-0.297879,0.951251,0.505446,-0.834631,-0.218892,0.859148,0.463312,0.217269,0.012799,0.003834,0.001258,-1.467645,-0.607207,0.457544,-0.816577,0.074768,0.022395,-0.05722,-0.426289,0.301845,-0.85274,-0.353276,-0.923375,-0.150244,-0.83275,0.237205,0.50026,-0.007477,0.003042,-0.006494,0.032544,0.013313,-0.0367,-0.86203
106,0.07584,0.000705,0.3646,-0.503366,0.178586,-0.845444,-0.136434,-0.982541,-0.126377,-0.85263,0.051504,0.519996,-0.016094,-0.004504,-0.004131,0.033207,0.146093,0.005197,-1.649963,-0.077409,0.03239,0.32874,0.306339,0.19814,0.931068,-0.445877,0.894003,-0.043427,-0.841336,-0.402093,0.361025,0.010345,0.015252,-0.006307,-0.290939,-1.064791,0.615209,-0.771012,0.054403,0.036402,-0.016245,-0.106033,-0.300543,0.947855,0.527156,-0.825239,-0.202693,0.843126,0.478176,0.245936,0.01284,0.003817,0.001221,-5.074226,-1.23859,-1.182665,-0.83062,0.074622,0.02239,-0.057287,-0.43016,0.300242,-0.851361,-0.347263,-0.925539,-0.150943,-0.833288,0.230717,0.502393,-0.007927,-0.001934,-0.001798,0.051304,0.21931,0.045117,-0.862356
107,0.075301,0.000573,0.364464,-0.508319,0.172493,-0.843743,-0.124032,-0.984162,-0.126539,-0.851579,0.040108,0.522715,-0.015398,-0.002456,-0.002497,0.004183,0.04778,-0.045016,-1.586874,-0.076696,0.032806,0.328768,0.355602,0.211692,0.910343,-0.48115,0.876459,-0.015737,-0.801626,-0.432686,0.412361,0.011846,0.006863,0.003869,0.168922,-1.148973,0.468392,-0.768738,0.054769,0.036613,-0.016238,-0.157212,-0.319453,0.93447,0.56607,-0.804511,-0.179792,0.809227,0.50071,0.307311,0.01106,0.011129,-0.001173,0.222032,-1.343997,0.436318,-0.852338,0.074346,0.022319,-0.057359,-0.436724,0.295634,-0.84963,-0.335471,-0.929851,-0.15111,-0.834704,0.219033,0.505265,-0.007566,-0.000865,-0.000946,-0.000709,0.006536,-0.03569,-0.853049
