frame,MLTx,MLTy,MLTz,MLTR1,MLTR2,MLTR3,MLTR4,MLTR5,MLTR6,MLTR7,MLTR8,MLTR9,MLTTVx,MLTTVy,MLTTVz,MLTRVx,MLTRVy,MLTRVz,MLGA,MRTx,MRTy,MRTz,MRTR1,MRTR2,MRTR3,MRTR4,MRTR5,MRTR6,MRTR7,MRTR8,MRTR9,MRTTVx,MRTTVy,MRTTVz,MRTRVx,MRTRVy,MRTRVz,MRGA,SLTx,SLTy,SLTz,SLTR1,SLTR2,SLTR3,SLTR4,SLTR5,SLTR6,SLTR7,SLTR8,SLTR9,SLTTVx,SLTTVy,SLTTVz,SLTRVx,SLTRVy,SLTRVz,SLGA,SRTx,SRTy,SRTz,SRTR1,SRTR2,SRTR3,SRTR4,SRTR5,SRTR6,SRTR7,SRTR8,SRTR9,SRTTVx,SRTTVy,SRTTVz,SRTRVx,SRTRVy,SRTRVz,SRGA
1435,0.226205,-0.014895,0.289879,-0.897023,-0.41583,-0.149933,0.358145,-0.882553,0.304638,-0.257884,0.220081,0.94079,-0.030603,0.005228,-0.012219,-0.668486,-1.574362,-1.302162,-1.223104,-0.198308,0.004616,0.323637,-0.822167,-0.155195,0.547675,0.373992,-0.872473,0.314411,0.430057,0.463522,0.774636,-0.004258,0.000566,-0.053939,-0.193666,0.587464,-0.374287,0.15568,0.027365,0.056254,0.005296,0.855482,0.131543,0.500845,-0.332673,0.880812,0.336893,-0.396835,-0.454823,0.79728,-0.002113,0.000127,-0.027099,-0.190495,0.47551,-0.185215,-0.014004,0.115579,0.042432,-0.059811,0.89627,0.419329,-0.144437,-0.363301,0.880954,0.303201,0.254384,-0.219276,0.941916,-0.015251,0.002308,-0.006452,-0.528076,-1.233357,-1.18216,-0.934858
1436,0.225109,-0.014493,0.289276,-0.872931,-0.44781,-0.193658,0.373883,-0.869041,0.323962,-0.312282,0.210943,0.926288,-0.03166,0.017621,-0.018813,-0.739821,-1.653401,-1.562728,-0.726965,-0.198549,0.004648,0.321623,-0.804059,-0.157669,0.573255,0.39007,-0.867445,0.308736,0.449586,0.472052,0.758223,-0.004193,0.001647,-0.053272,-0.070674,0.481531,-0.449433,0.225421,0.027244,0.056263,0.004283,0.839069,0.13457,0.527116,-0.349045,0.876368,0.331881,-0.417287,-0.462459,0.782305,-0.008991,0.001066,-0.025958,-0.080097,0.503108,-0.471572,0.05964,0.11502,0.042633,-0.060119,0.871594,0.452198,-0.189312,-0.37956,0.866885,0.323176,0.310251,-0.209823,0.927209,-0.015808,0.008831,-0.009345,-0.764146,-1.670631,-1.578873,-0.77124
1437,0.224593,-0.014268,0.289016,-0.857775,-0.464746,-0.219726,0.382549,-0.862628,0.330909,-0.342261,0.200362,0.918008,-0.030772,0.007101,-0.010009,1.291746,-3.046832,-0.439694,-0.550117,-0.1987,0.004714,0.320606,-0.795518,-0.160164,0.584372,0.398344,-0.864851,0.305432,0.457461,0.475961,0.751035,-0.00406,0.003333,-0.051871,-0.065782,0.481598,-0.449338,0.275957,0.027168,0.056292,0.00377,0.831253,0.137365,0.538653,-0.357606,0.87401,0.328974,-0.425599,-0.466087,0.775646,-0.001969,0.001998,-0.025618,-0.079198,0.479886,-0.415162,0.116465,0.114773,0.042742,-0.060247,0.856821,0.469267,-0.213644,-0.38805,0.859725,0.332098,0.339518,-0.201644,0.91873,-0.01585,0.009261,-0.008839,-0.610635,-1.247718,-1.348717,-0.712129
1438,0.223417,-0.013752,0.288654,-0.831921,-0.491283,-0.25806,0.393475,-0.85016,0.349825,-0.390219,0.190092,0.900901,-0.031051,0.010212,-0.006269,-1.144911,-0.779019,-0.089048,-0.242597,-0.198996,0.005088,0.31862,-0.780075,-0.165487,0.603398,0.41255,-0.86098,0.297404,0.471262,0.481139,0.739108,-0.00363,0.008432,-0.047377,-0.064339,0.378031,-0.243768,0.353561,0.027021,0.056464,0.002792,0.817272,0.143402,0.558123,-0.372323,0.870638,0.321501,-0.43982,-0.470556,0.76494,-0.00177,0.004363,-0.023543,-0.17748,0.579693,-0.350735,0.231095,0.114186,0.042997,-0.060431,0.829918,0.496797,-0.253826,-0.400688,0.84738,0.348418,0.388181,-0.187453,0.902316,-0.016021,0.011018,-0.006702,-1.896235,0.636241,3.676469,-0.612685
1439,0.222108,-0.01338,0.288404,-0.793412,-0.529533,-0.300232,0.41423,-0.831105,0.371011,-0.444998,0.170653,0.879137,-0.04603,0.009485,-0.005774,-0.707038,-1.535236,-1.542484,-0.041725,-0.199102,0.005647,0.316748,-0.768379,-0.169691,0.617083,0.422269,-0.858855,0.28981,0.481757,0.483474,0.730772,-0.003794,0.023007,-0.052349,0.034133,0.304355,-0.270425,0.388781,0.026968,0.056742,0.001854,0.806338,0.147728,0.572707,-0.382654,0.868646,0.314688,-0.450992,-0.472894,0.756951,-0.001655,0.005712,-0.022361,-0.040774,0.356119,-0.261014,0.307025,0.113537,0.043185,-0.060554,0.792359,0.533395,-0.296065,-0.419954,0.828928,0.369481,0.442496,-0.168428,0.880811,-0.015481,0.004931,-0.003347,-0.240991,-1.648743,-1.254276,-0.416573
1440,0.22044,-0.013027,0.288211,-0.747628,-0.565436,-0.348395,0.433121,-0.812793,0.389546,-0.502505,0.141036,0.853009,-0.046056,0.010537,-0.004605,-0.679986,-1.186532,-1.5316,0.098977,-0.199156,0.006238,0.314869,-0.7573,-0.170669,0.630365,0.430183,-0.856503,0.285095,0.492188,0.48729,0.721222,-0.00376,0.023484,-0.052015,-0.018549,0.353702,-0.198416,0.415806,0.026941,0.057039,0.000916,0.796095,0.149331,0.586457,-0.391016,0.866557,0.310137,-0.461886,-0.476212,0.748253,-0.00187,0.011519,-0.026212,-0.117881,0.465683,-0.159238,0.348991,0.11272,0.043357,-0.060649,0.7467,0.568821,-0.344791,-0.438482,0.810723,0.387892,0.500172,-0.138454,0.854785,-0.023034,0.005119,-0.002499,0.656559,-2.808826,-0.434211,-0.205765
1441,0.219526,-0.012907,0.288149,-0.722682,-0.580867,-0.37466,0.441969,-0.805094,0.39555,-0.530498,0.120986,0.839024,-0.045993,0.010243,-0.005022,-0.473307,-1.630469,-1.418672,0.182958,-0.199187,0.006569,0.313996,-0.752238,-0.169478,0.636716,0.433218,-0.855216,0.284361,0.497266,0.489959,0.715913,-0.003114,0.014399,-0.042102,-0.086863,0.406451,-0.18586,0.433296,0.026923,0.057215,0.000441,0.790969,0.148286,0.593614,-0.394458,0.865235,0.309464,-0.467727,-0.478933,0.742868,-0.001512,0.007351,-0.020904,-0.097983,0.415579,-0.181014,0.370219,0.112246,0.043422,-0.06068,0.721345,0.584968,-0.370774,-0.448118,0.802403,0.39413,0.528064,-0.118153,0.840944,-0.022525,-0.001071,0.000753,0.697907,-2.767549,-0.188656,-0.100769
1442,0.217414,-0.012879,0.287988,-0.668921,-0.607486,-0.428428,0.459544,-0.790971,0.403925,-0.58342,0.074062,0.808803,-0.059673,-0.006719,-0.002822,-0.576039,-1.43671,-1.376294,0.311557,-0.199234,0.007456,0.31214,-0.74231,-0.164271,0.649602,0.437944,-0.852585,0.28502,0.507936,0.49627,0.703974,-0.003573,0.025637,-0.050083,-0.193509,0.579868,-0.065801,0.449737,0.0269,0.057663,-0.000482,0.781728,0.143887,0.606792,-0.39935,0.862841,0.309878,-0.478977,-0.484563,0.731969,-0.001749,0.012893,-0.02497,-0.271497,0.648031,-0.026664,0.406143,0.111194,0.04345,-0.060754,0.667472,0.611562,-0.42482,-0.46617,0.788065,0.402041,0.580659,-0.070313,0.811104,-0.022394,-0.002418,-0.000929,0.510173,-2.54114,-0.127748,0.114774
1443,0.215338,-0.013034,0.287822,-0.613136,-0.623905,-0.484614,0.47321,-0.781272,0.407013,-0.631789,0.021001,0.774873,-0.044729,-0.005605,-0.002935,0.435041,-2.561132,0.301756,0.374585,-0.199397,0.008323,0.310143,-0.731616,-0.156712,0.663453,0.442376,-0.849514,0.287338,0.519485,0.503915,0.689977,-0.003947,0.021638,-0.054033,-0.079334,0.454759,-0.156957,0.452428,0.026819,0.058103,-0.001474,0.771456,0.135581,0.621668,-0.403639,0.859555,0.313432,-0.491863,-0.492729,0.717835,-0.001958,0.010646,-0.027178,-0.042396,0.423047,-0.174986,0.420349,0.110151,0.043368,-0.060841,0.61076,0.629656,-0.480109,-0.480395,0.77666,0.407454,0.629437,-0.018214,0.776837,-0.029823,-0.003604,-0.001745,-0.399412,-1.200791,-1.195074,0.256674
1444,0.214407,-0.013121,0.287749,-0.586445,-0.632032,-0.506619,0.478096,-0.774976,0.413289,-0.653099,0.000939,0.75729,-0.044721,-0.005871,-0.003318,-0.412737,-0.932535,-0.959694,0.39397,-0.199537,0.008754,0.309074,-0.725632,-0.14818,0.671931,0.443846,-0.846905,0.292722,0.526581,0.510829,0.679433,-0.018054,0.020227,-0.054597,-0.417,0.893257,0.095706,0.451777,0.026749,0.05832,-0.002008,0.766039,0.128942,0.629728,-0.405136,0.857442,0.317263,-0.499048,-0.498162,0.709073,-0.009005,0.009984,-0.027417,-0.36515,0.847973,0.069383,0.422145,0.109686,0.043325,-0.060878,0.583366,0.636773,-0.504185,-0.484938,0.771041,0.412709,0.65155,0.003739,0.758595,-0.022392,-0.002536,-0.001158,0.152389,-2.497471,0.074218,0.296517
1445,0.212943,-0.013324,0.287531,-0.532606,-0.64263,-0.550819,0.481157,-0.765302,0.42752,-0.695617,-0.036537,0.717502,-0.030463,0.005154,-0.012866,-0.594177,-0.968234,-1.089822,0.43134,-0.199955,0.00967,0.306779,-0.714189,-0.132797,0.687234,0.446377,-0.842578,0.301237,0.539924,0.522072,0.660141,-0.018587,0.030811,-0.06326,-0.148105,0.594346,-0.062926,0.445856,0.026553,0.058757,-0.003113,0.755188,0.11246,0.645787,-0.406971,0.852744,0.327414,-0.513871,-0.510076,0.689751,-0.002273,0.015387,-0.03207,-0.290677,0.645332,0.26045,0.419369,0.108959,0.043222,-0.06098,0.531905,0.646896,-0.546444,-0.488443,0.761512,0.426053,0.691736,0.040287,0.721024,-0.014809,-0.003428,-0.00289,-0.60263,-1.043757,-0.914564,0.36069
1446,0.212311,-0.013319,0.287102,-0.488299,-0.647748,-0.584835,0.476726,-0.759319,0.442876,-0.73034,-0.06175,0.680307,-0.015348,0.00413,-0.015383,-0.575087,-1.252158,-0.36799,0.453165,-0.200473,0.010651,0.304406,-0.703149,-0.114017,0.701836,0.447478,-0.837934,0.312351,0.553344,0.533828,0.639298,-0.018748,0.029378,-0.064857,-0.134567,0.601036,-0.091108,0.434453,0.026287,0.059255,-0.00432,0.744314,0.093422,0.661263,-0.407513,0.847989,0.338891,-0.529084,-0.521715,0.66924,-0.009315,0.014906,-0.032196,-0.155155,0.518261,0.134051,0.408592,0.108626,0.043223,-0.061194,0.486353,0.65191,-0.581784,-0.484139,0.755342,0.441663,0.727371,0.06686,0.682978,-0.000162,0.002571,-0.00768,0.310094,-2.120423,1.04178,0.404778
1447,0.21236,-0.013209,0.286728,-0.470365,-0.644935,-0.602379,0.471274,-0.760688,0.446348,-0.745502,-0.073142,0.662498,-0.000948,0.013663,-0.026662,-0.382228,-1.280681,0.09909,0.462943,-0.200741,0.011236,0.303147,-0.697288,-0.102001,0.70949,0.447476,-0.835089,0.319884,0.560716,0.540658,0.627017,-0.018679,0.030214,-0.064117,-0.273714,0.665119,0.246434,0.428539,0.026146,0.059556,-0.004977,0.738479,0.082194,0.669247,-0.407365,0.845312,0.345688,-0.537309,-0.527912,0.657728,-0.009309,0.015024,-0.032128,-0.314256,0.70363,0.271559,0.401407,0.108645,0.043279,-0.061372,0.46803,0.649471,-0.599278,-0.478754,0.756347,0.445794,0.742793,0.078262,0.66493,0.007425,0.001854,-0.009176,0.059291,-2.636289,1.409013,0.420944
1448,0.213063,-0.012575,0.285603,-0.444041,-0.643945,-0.623062,0.459605,-0.760616,0.458474,-0.76859,-0.081986,0.634487,0.028245,0.026991,-0.034597,-1.183643,0.945216,-2.175105,0.467348,-0.201354,0.01246,0.300597,-0.688314,-0.081816,0.720778,0.446732,-0.830549,0.332494,0.572283,0.550956,0.607291,-0.004756,0.029713,-0.065659,-0.127901,0.489809,0.119782,0.418032,0.025841,0.060157,-0.006227,0.729664,0.061622,0.681022,-0.405876,0.840547,0.358808,-0.550321,-0.53822,0.638328,-0.009292,0.015267,-0.03197,-0.169972,0.547837,0.159487,0.387037,0.108986,0.043586,-0.061937,0.441869,0.64614,-0.622297,-0.467009,0.757965,0.455402,0.765933,0.08939,0.636674,0.006661,0.012728,-0.017612,-0.168898,-0.582601,0.147872,0.440049
1449,0.214207,-0.01099,0.284017,-0.426274,-0.655221,-0.623715,0.454116,-0.751319,0.478822,-0.781813,-0.07832,0.618597,0.026363,0.052523,-0.046752,-0.180802,-0.474414,-0.141433,0.46951,-0.201907,0.013681,0.298003,-0.684628,-0.059541,0.72645,0.442708,-0.825619,0.34971,0.57979,0.561099,0.590656,-0.004807,0.029395,-0.06618,-0.255855,-0.167341,0.66372,0.411606,0.025565,0.060767,-0.007524,0.72509,0.039291,0.687532,-0.401273,0.835475,0.375447,-0.559664,-0.548121,0.621561,-0.009586,0.020205,-0.036644,-0.644152,-1.480031,1.962294,0.375281,0.109559,0.044364,-0.06273,0.423007,0.659612,-0.621269,-0.461136,0.746913,0.479033,0.780011,0.083856,0.620121,0.020684,0.026821,-0.023337,-0.23268,-0.67265,0.010303,0.443968
1450,0.215455,-0.008564,0.282066,-0.415564,-0.665154,-0.620421,0.43239,-0.744572,0.508552,-0.799696,-0.056106,0.597801,0.040166,0.066709,-0.052318,-1.066074,0.977069,-2.566587,0.4823,-0.202327,0.014785,0.295388,-0.680744,-0.033746,0.731737,0.437281,-0.82003,0.369147,0.588425,0.571309,0.572035,-0.018983,0.02799,-0.067026,-0.343681,0.689684,0.499461,0.404468,0.02536,0.061321,-0.008829,0.721832,0.015683,0.691889,-0.394875,0.830368,0.393142,-0.568358,-0.556993,0.605579,-0.002459,0.013861,-0.034054,-0.029872,0.397326,0.054586,0.367116,0.110192,0.045598,-0.063722,0.413297,0.668225,-0.618594,-0.439499,0.741349,0.507189,0.797511,0.062252,0.600082,0.020165,0.033344,-0.026138,-1.203118,0.866457,-2.621735,0.455235
1451,0.216109,-0.007179,0.280931,-0.41113,-0.666474,-0.621956,0.416314,-0.744254,0.522245,-0.810445,-0.043395,0.584228,0.040201,0.06474,-0.05474,-0.588813,-0.88886,-0.592008,0.488208,-0.202497,0.015279,0.294058,-0.679816,-0.021573,0.733059,0.433954,-0.817514,0.378534,0.591954,0.575472,0.564168,-0.004818,0.014435,-0.06269,-0.262011,0.536841,0.394029,0.397815,0.02527,0.061575,-0.009495,0.720435,0.002485,0.693517,-0.390984,0.827384,0.403194,-0.572804,-0.561629,0.597049,-0.009556,0.013079,-0.034522,-0.381538,0.706014,0.505666,0.360748,0.110504,0.04627,-0.064264,0.40983,0.6697,-0.619305,-0.423667,0.74102,0.520955,0.807802,0.048876,0.587422,0.019731,0.037933,-0.031389,-0.695266,-1.066699,-0.678225,0.46291
1452,0.217342,-0.004369,0.278293,-0.393047,-0.67162,-0.628082,0.380016,-0.74064,0.554087,-0.836829,-0.020069,0.547121,0.03965,0.069854,-0.070231,-1.685493,-0.063412,0.233998,0.509066,-0.202696,0.016259,0.291342,-0.67473,0.002413,0.738055,0.428511,-0.812795,0.394558,0.601667,0.582477,0.546424,-0.005178,0.0264,-0.069983,-0.345635,0.676548,0.541111,0.384078,0.02517,0.062057,-0.010853,0.715287,-0.02013,0.69854,-0.384864,0.822993,0.417805,-0.583304,-0.567694,0.580929,0.004434,0.012884,-0.035726,-0.042805,0.284111,0.265703,0.342786,0.111134,0.047706,-0.065595,0.390068,0.675373,-0.625872,-0.38703,0.737013,0.554092,0.835495,0.026098,0.548875,0.019897,0.034591,-0.035541,-1.755299,-0.105344,0.21593,0.485934
1453,0.2183,-0.001686,0.275243,-0.368774,-0.682611,-0.630947,0.3284,-0.730698,0.598503,-0.869118,0.014354,0.494424,0.024334,0.073859,-0.085822,-4.571231,1.831617,1.655251,0.523539,-0.202732,0.01724,0.28853,-0.669848,0.024044,0.742103,0.423298,-0.808659,0.40844,0.61075,0.587689,0.530537,-0.005261,0.025854,-0.070919,-0.199117,0.482965,0.388833,0.375588,0.025149,0.062538,-0.012231,0.709974,-0.042142,0.702965,-0.378985,0.818469,0.43183,-0.593554,-0.573002,0.56512,-0.002639,0.012461,-0.035943,-0.292583,0.642562,0.486425,0.329396,0.111604,0.049023,-0.067084,0.364478,0.687003,-0.628634,-0.339982,0.726643,0.596993,0.86693,-0.003866,0.498414,0.005322,0.02994,-0.039989,-1.063848,-1.300894,-1.042748,0.516143
1454,0.219011,0.000586,0.271943,-0.340563,-0.707524,-0.619251,0.281259,-0.705135,0.650884,-0.89675,0.048373,0.439917,0.01092,0.054994,-0.086442,-1.911771,-0.223127,-0.107065,0.523223,-0.202638,0.018175,0.285778,-0.664761,0.045801,0.745645,0.418287,-0.804053,0.422456,0.619701,0.592663,0.514377,0.008767,0.025808,-0.072172,-0.194741,0.462988,0.419328,0.369447,0.025197,0.063023,-0.013662,0.704296,-0.064862,0.706936,-0.373066,0.813409,0.446303,-0.603977,-0.578063,0.548683,0.004422,0.01288,-0.036108,-0.241726,0.503079,0.449976,0.317802,0.111964,0.050165,-0.068735,0.336994,0.711121,-0.617042,-0.288952,0.701866,0.651068,0.896069,-0.04111,0.442005,0.005478,0.02712,-0.043919,-4.419947,2.234189,1.328976,0.52398
1455,0.219166,0.001568,0.270231,-0.328723,-0.721153,-0.609856,0.255329,-0.689568,0.677698,-0.908855,0.067953,0.411574,0.0111,0.05298,-0.089213,-1.978682,-0.264637,-0.221303,0.523663,-0.20253,0.018696,0.284348,-0.662044,0.058015,0.74721,0.415487,-0.801236,0.430494,0.624477,0.595385,0.505379,0.008908,0.027179,-0.070863,-0.25606,0.54119,0.487954,0.365314,0.025244,0.063267,-0.014329,0.701713,-0.075436,0.708454,-0.370197,0.810998,0.453029,-0.608729,-0.580164,0.541162,0.00447,0.01334,-0.035696,-0.024218,0.26082,0.25383,0.313557,0.112042,0.050655,-0.069593,0.325516,0.724357,-0.607738,-0.263346,0.686766,0.677496,0.908123,-0.060491,0.41431,-0.001814,0.025359,-0.045552,-4.543421,2.26375,1.008559,0.52496
1456,0.218987,0.003389,0.266757,-0.324377,-0.736107,-0.594114,0.19834,-0.667056,0.718101,-0.924505,0.11601,0.363123,-0.018351,0.049074,-0.091779,-4.071371,3.119444,0.870646,0.52278,-0.202137,0.019679,0.281716,-0.657787,0.07771,0.749178,0.410341,-0.797001,0.443108,0.632335,0.598786,0.491397,0.023441,0.016382,-0.063918,-0.076732,0.263559,0.271141,0.357743,0.025438,0.063768,-0.015672,0.696522,-0.097308,0.710906,-0.364157,0.805745,0.467079,-0.61826,-0.584213,0.525784,0.004578,0.014394,-0.034709,-0.05439,0.290995,0.281447,0.303923,0.111964,0.051563,-0.071335,0.317384,0.740435,-0.592472,-0.209228,0.664055,0.717812,0.924927,-0.10386,0.36568,-0.00123,0.019115,-0.042421,-0.939661,-1.159074,-1.063264,0.52496
1457,0.218333,0.005005,0.263298,-0.321343,-0.746341,-0.582888,0.159107,-0.649354,0.743637,-0.933111,0.147146,0.328146,-0.017396,0.03703,-0.085599,-3.551671,3.623445,1.387964,0.521572,-0.201422,0.020532,0.279162,-0.652864,0.100101,0.750826,0.405284,-0.791129,0.458033,0.640648,0.603199,0.474956,0.023708,0.018737,-0.061658,-0.253565,0.472543,0.492467,0.343307,0.025796,0.064191,-0.016951,0.691539,-0.117845,0.712661,-0.358526,0.800499,0.48027,-0.627082,-0.587633,0.511326,0.011844,0.00889,-0.031372,-0.260666,0.526469,0.502924,0.28939,0.111637,0.052372,-0.073071,0.312297,0.751809,-0.580734,-0.169197,0.645553,0.744736,0.934795,-0.13432,0.328809,-0.008633,0.018573,-0.042677,-0.421556,-0.339113,-0.581608,0.522674
1458,0.217796,0.005715,0.261614,-0.324233,-0.749274,-0.5775,0.138573,-0.641531,0.754458,-0.93538,0.165523,0.31256,-0.032347,0.037465,-0.083826,-0.393706,-0.577131,-0.530214,0.519917,-0.200923,0.020891,0.277994,-0.651375,0.107729,0.751063,0.402994,-0.789467,0.462895,0.643604,0.60405,0.46985,0.037998,0.020592,-0.060598,-0.101368,0.264298,0.356501,0.335139,0.02604,0.064368,-0.017538,0.689601,-0.126444,0.713064,-0.355906,0.798351,0.485762,-0.630698,-0.588767,0.505542,0.012156,0.004096,-0.026725,-0.228604,0.403651,0.367028,0.279266,0.111374,0.052724,-0.073918,0.320662,0.752236,-0.5756,-0.145557,0.639606,0.754795,0.935942,-0.158251,0.31459,-0.015651,0.012914,-0.038232,-0.630093,-0.715043,-0.63977,0.520878
1459,0.21632,0.006796,0.258828,-0.363625,-0.736846,-0.569983,0.091105,-0.637082,0.765375,-0.926639,0.227294,0.299506,-0.045799,0.017654,-0.063697,-3.260829,4.242616,1.466192,0.516534,-0.199492,0.021502,0.275913,-0.652385,0.121685,0.748049,0.396509,-0.786243,0.473853,0.646607,0.605584,0.463713,0.052909,0.012545,-0.050575,0.008072,0.080161,0.211637,0.310564,0.02675,0.064676,-0.018583,0.689907,-0.141129,0.710006,-0.348773,0.794663,0.496856,-0.634337,-0.590417,0.499022,0.019653,0.000413,-0.021336,-0.016417,0.107494,0.162183,0.254935,0.110641,0.053266,-0.075327,0.354588,0.742864,-0.56782,-0.101647,0.634306,0.76637,0.92948,-0.214028,0.300427,-0.023316,0.015135,-0.034763,-0.229425,0.292037,-0.045876,0.515816
1460,0.214342,0.007818,0.256548,-0.402561,-0.716142,-0.570202,0.054759,-0.640646,0.765863,-0.913267,0.27797,0.297831,-0.061319,0.025139,-0.052465,0.095303,0.06273,-0.036046,0.515965,-0.197341,0.021744,0.274072,-0.658155,0.129437,0.741667,0.388763,-0.785064,0.482154,0.64547,0.605495,0.46541,0.067663,0.001866,-0.043668,0.066009,-0.035968,0.123745,0.281026,0.02782,0.064804,-0.019502,0.695125,-0.148947,0.703289,-0.340499,0.793388,0.504574,-0.633137,-0.590211,0.500787,0.026831,0.001182,-0.02111,0.092346,-0.043359,0.070995,0.216562,0.109659,0.053768,-0.076479,0.398631,0.719961,-0.568109,-0.061952,0.639179,0.766557,0.915015,-0.270378,0.2994,-0.023235,0.013599,-0.025496,0.019738,0.038515,0.226734,0.512877
1461,0.213294,0.008285,0.255654,-0.41771,-0.704722,-0.573524,0.039263,-0.64466,0.763442,-0.907227,0.297253,0.29767,-0.060707,0.016716,-0.040985,-3.070053,4.275564,1.542628,0.512913,-0.196158,0.021732,0.273356,-0.661808,0.13099,0.738135,0.385171,-0.785182,0.484837,0.64389,0.605006,0.468228,0.068443,-0.007278,-0.03386,0.04165,-0.035573,0.095415,0.263133,0.028411,0.064798,-0.019868,0.698611,-0.150306,0.699535,-0.336728,0.793581,0.506796,-0.631313,-0.589607,0.503792,0.034298,-0.003106,-0.016348,0.0478,-0.059612,0.109367,0.198274,0.109112,0.054012,-0.076946,0.412881,0.709211,-0.571443,-0.047684,0.64339,0.764051,0.909535,-0.288214,0.299462,-0.030494,0.008688,-0.020149,-3.078739,4.27626,1.525594,0.51157
1462,0.211072,0.008959,0.254435,-0.440249,-0.681237,-0.584928,0.007178,-0.654125,0.756334,-0.897315,0.329621,0.293603,-0.060356,0.012133,-0.024312,0.067122,-0.065417,0.054015,0.504017,-0.193336,0.021582,0.272309,-0.666083,0.133747,0.733783,0.380247,-0.785334,0.488465,0.642411,0.604202,0.471288,0.069744,-0.011534,-0.018534,0.007093,-0.039188,0.102012,0.242986,0.029848,0.064717,-0.020407,0.702623,-0.153048,0.694907,-0.331631,0.793611,0.510099,-0.629556,-0.58886,0.506854,0.034925,-0.005408,-0.008895,0.005533,-0.040551,0.100626,0.157778,0.108024,0.054344,-0.077546,0.437138,0.685024,-0.582796,-0.014289,0.653195,0.757054,0.89928,-0.322609,0.295325,-0.030162,0.006287,-0.011807,0.041901,0.093411,-0.097399,0.497364
1463,0.208758,0.009541,0.253631,-0.463698,-0.66269,-0.588109,-0.021175,-0.655323,0.755033,-0.885181,0.363382,0.290578,-0.06055,0.0163,-0.018799,-0.288638,-0.442021,-0.239276,0.492742,-0.19019,0.021236,0.271666,-0.66999,0.136601,0.729688,0.376165,-0.7848,0.492465,0.640752,0.604252,0.473476,0.084921,-0.019332,-0.008355,-0.025637,-0.058246,0.137809,0.22325,0.03139,0.064553,-0.020723,0.706169,-0.155877,0.690671,-0.327469,0.792965,0.513779,-0.627765,-0.588989,0.508923,0.042222,-0.003338,-0.007193,0.009556,-0.073714,0.152516,0.131814,0.106867,0.054637,-0.077945,0.462537,0.664996,-0.586378,0.013174,0.65615,0.754514,0.886501,-0.356716,0.294733,-0.03028,0.008613,-0.008716,0.069432,-0.081462,0.072923,0.48724
1464,0.206359,0.010128,0.253218,-0.494186,-0.640945,-0.587379,-0.049711,-0.653727,0.755078,-0.867338,0.403143,0.291939,-0.060029,0.0107,-0.003459,0.006617,0.061461,-0.065366,0.483749,-0.186808,0.020872,0.271265,-0.677221,0.123645,0.725311,0.39058,-0.774878,0.496936,0.624301,0.619665,0.475528,0.099512,-0.015504,-0.005425,-0.033428,-0.080394,0.160528,0.198175,0.033076,0.064372,-0.020923,0.713478,-0.143046,0.685919,-0.34195,0.783358,0.519055,-0.61157,-0.604885,0.509995,0.042404,-0.00135,-0.005077,-0.019304,-0.114834,0.152342,0.102096,0.105667,0.05493,-0.078161,0.49152,0.64502,-0.585112,0.04274,0.653197,0.75598,0.869816,-0.396587,0.293491,-0.037766,0.010888,-0.005058,-0.016751,0.165307,-0.066035,0.471891
1465,0.205096,0.010408,0.25317,-0.516969,-0.623705,-0.586327,-0.071558,-0.651091,0.7556,-0.852385,0.433351,0.292699,-0.074861,0.012284,-0.000171,-0.267323,0.428037,0.041415,0.473495,-0.18505,0.020719,0.271157,-0.681611,0.113114,0.722912,0.402131,-0.767359,0.499384,0.612057,0.630942,0.476615,0.099725,-0.013026,-0.002753,-0.026646,-0.075873,0.16492,0.192,0.033955,0.064294,-0.020978,0.71801,-0.132587,0.683287,-0.353583,0.776105,0.522148,-0.599533,-0.616507,0.510371,0.042499,0.000113,-0.003464,0.004199,-0.098904,0.167591,0.086909,0.105041,0.05507,-0.078185,0.514156,0.628122,-0.584042,0.06433,0.650783,0.756532,0.855281,-0.426547,0.294197,-0.030042,0.006634,2.8e-05,-0.97538,1.345474,0.401858,0.463889
1466,0.202152,0.010815,0.253429,-0.568717,-0.580685,-0.582589,-0.122214,-0.640789,0.757908,-0.812719,0.502956,0.294191,-0.08962,0.016263,0.006046,-3.214847,4.279334,1.501349,0.417257,-0.181521,0.020419,0.271124,-0.689841,0.093354,0.717911,0.420606,-0.755302,0.502537,0.59,0.648503,0.48084,0.085812,-0.009902,0.001694,-0.023656,-0.077886,0.159064,0.185077,0.035725,0.064144,-0.020994,0.726483,-0.112902,0.677846,-0.372209,0.764535,0.526257,-0.577653,-0.634617,0.513398,0.050011,-0.004621,0.000552,-0.028365,-0.087286,0.193,0.072377,0.103575,0.055274,-0.078055,0.563101,0.588427,-0.580232,0.111683,0.641501,0.758947,0.818806,-0.492166,0.295513,-0.044478,0.002433,0.006848,-0.089524,0.18418,-0.110978,0.412126
1467,0.19849,0.010977,0.254207,-0.58855,-0.563848,-0.579421,-0.132733,-0.639601,0.757143,-0.796784,0.523224,0.302324,-0.088276,-0.001595,0.027244,0.111152,0.214426,-0.032193,0.340201,-0.177911,0.020082,0.27129,-0.696554,0.083209,0.712657,0.425757,-0.75141,0.504031,0.578293,0.654391,0.487044,0.08601,-0.00613,0.005725,0.040099,-0.150516,0.093816,0.175734,0.037497,0.06398,-0.020918,0.733051,-0.102972,0.672333,-0.37734,0.760846,0.527945,-0.565906,-0.64071,0.518883,0.050109,-0.002707,0.002569,0.069812,-0.196406,0.095254,0.057844,0.101783,0.055361,-0.077688,0.586189,0.568645,-0.577082,0.125974,0.639657,0.758267,0.80032,-0.517185,0.303325,-0.051848,0.005385,0.0111,0.254261,0.283034,0.050157,0.322317
1468,0.196556,0.011015,0.254741,-0.600294,-0.552475,-0.578329,-0.137181,-0.641288,0.754919,-0.787206,0.533194,0.309899,-0.10295,0.000361,0.030523,0.181065,0.279202,0.014447,0.278475,-0.176215,0.01986,0.271479,-0.699174,0.08213,0.710213,0.424213,-0.75182,0.504722,0.576264,0.654059,0.489888,0.101065,-0.016346,0.012986,0.033246,-0.199188,0.103418,0.168218,0.03841,0.063861,-0.020816,0.735722,-0.10202,0.669555,-0.375605,0.761179,0.528703,-0.56359,-0.640467,0.521697,0.050539,-0.008066,0.006558,0.031651,-0.198749,0.103767,0.051149,0.100783,0.055379,-0.07741,0.598185,0.557209,-0.575927,0.130183,0.641572,0.755934,0.790713,-0.527165,0.311239,-0.051492,6.6e-05,0.015177,0.235988,0.348156,0.033201,0.258797
1469,0.19214,0.011004,0.256134,-0.626521,-0.523675,-0.577305,-0.139579,-0.653359,0.744051,-0.766052,0.547393,0.336974,-0.131613,-0.007702,0.043311,-0.521855,1.836469,0.718441,0.11287,-0.172734,0.019229,0.27215,-0.706338,0.059099,0.705397,0.443765,-0.739262,0.506456,0.552273,0.670677,0.495025,0.0879,-0.024359,0.025341,-0.337997,-0.442088,-0.205323,0.133307,0.040086,0.063557,-0.0205,0.742863,-0.080637,0.664569,-0.394113,0.749773,0.53152,-0.541136,-0.656762,0.525198,0.043965,-0.01195,0.012982,-3.81215,-3.072725,-2.733552,0.02143,0.098586,0.055378,-0.076717,0.623344,0.530084,-0.574849,0.131218,0.653815,0.745189,0.770859,-0.53994,0.337995,-0.058821,0.002551,0.01869,-2.569263,4.81332,2.168269,0.060725
1470,0.187214,0.01121,0.257971,-0.660248,-0.48089,-0.576943,-0.138787,-0.67685,0.722899,-0.737321,0.557961,0.380872,-0.131053,0.002517,0.05544,0.861068,0.963861,0.517666,0.00385,-0.16957,0.018524,0.27319,-0.712036,0.047514,0.700527,0.446738,-0.738906,0.504358,0.542464,0.672005,0.503989,0.073804,-0.019483,0.03217,0.224951,-0.425512,-0.172949,0.093181,0.041705,0.063196,-0.019977,0.748631,-0.06927,0.659357,-0.398299,0.748058,0.530816,-0.530007,-0.660007,0.532429,0.043998,-0.009316,0.015795,0.236641,-0.470456,-0.171097,-0.03066,0.096073,0.055472,-0.07579,0.658288,0.486723,-0.574244,0.131291,0.676917,0.724254,0.741227,-0.552162,0.381704,-0.065555,0.001601,0.028262,0.976126,1.037551,0.581317,-0.143388
1471,0.182062,0.011682,0.26043,-0.711785,-0.407263,-0.572315,-0.156419,-0.702451,0.694312,-0.683909,0.584225,0.437009,-0.129966,0.015442,0.070508,-2.158842,5.085029,2.93357,-0.224413,-0.166594,0.017574,0.274734,-0.717158,0.037494,0.695896,0.44674,-0.74152,0.500506,0.53567,0.66977,0.51413,0.074777,-0.026375,0.044542,0.234532,-0.476485,-0.205094,0.0491,0.043193,0.062724,-0.01921,0.753748,-0.059336,0.654479,-0.398401,0.750771,0.526895,-0.522628,-0.657891,0.542253,0.030264,-0.013795,0.022278,0.244723,-0.479367,-0.28998,-0.085852,0.093546,0.055697,-0.074594,0.707556,0.418163,-0.569651,0.144797,0.703225,0.696066,0.691662,-0.57499,0.437022,-0.065019,0.008107,0.03587,1.115706,1.367634,0.858565,-0.295738
1472,0.179536,0.011961,0.26197,-0.737697,-0.366434,-0.567076,-0.16534,-0.716327,0.677872,-0.653693,0.594278,0.468558,-0.128974,0.009489,0.083956,1.226522,1.481961,0.683683,-0.3885,-0.165227,0.017003,0.275684,-0.719457,0.033606,0.693717,0.446993,-0.741921,0.499685,0.532362,0.669538,0.517855,0.060551,-0.024469,0.048136,0.164708,-0.496275,0.000943,0.024059,0.043883,0.062437,-0.018737,0.75601,-0.054941,0.652249,-0.398867,0.75142,0.525614,-0.518991,-0.657531,0.546167,0.037857,-0.017857,0.027071,0.287231,-0.513473,-0.260498,-0.117694,0.092283,0.055839,-0.073828,0.735842,0.374248,-0.564334,0.157965,0.715529,0.680488,0.658469,-0.589877,0.467399,-0.064673,0.011105,0.039167,1.068883,1.443579,0.573145,-0.406939
1473,0.174353,0.012462,0.265689,-0.769391,-0.31311,-0.556817,-0.163628,-0.74601,0.645497,-0.616549,0.588137,0.52344,-0.127053,0.010777,0.104912,1.150301,1.344953,0.609203,-0.620416,-0.162756,0.015707,0.277937,-0.724029,0.025681,0.689285,0.448013,-0.742161,0.498413,0.525252,0.669633,0.524942,0.061502,-0.031589,0.060232,0.009799,-0.245773,-0.067765,-0.024919,0.045118,0.061793,-0.017614,0.760741,-0.046311,0.6474,-0.399947,0.752134,0.52377,-0.511189,-0.65738,0.553657,0.031226,-0.021451,0.033868,0.033643,-0.304485,-0.107698,-0.182847,0.089691,0.056088,-0.071978,0.76816,0.320647,-0.554179,0.156257,0.745495,0.647934,0.620897,-0.584312,0.522556,-0.063572,0.006026,0.053398,0.954395,1.160087,0.46531,-0.614808
1474,0.16936,0.01265,0.27035,-0.78797,-0.273104,-0.551872,-0.161827,-0.772943,0.613468,-0.593129,0.573039,0.565554,-0.110478,-0.001748,0.129146,1.097599,-0.612058,2.625607,-0.749886,-0.160599,0.014195,0.280571,-0.727896,0.017406,0.685461,0.450223,-0.741706,0.497097,0.51796,0.670415,0.531154,0.048272,-0.040956,0.071327,-0.053029,-0.208487,-0.06485,-0.063339,0.04622,0.061027,-0.016272,0.764689,-0.037831,0.643287,-0.402302,0.751805,0.522437,-0.503391,-0.658298,0.559677,0.02409,-0.020323,0.03581,-0.062632,-0.202111,-0.059818,-0.228895,0.087189,0.056189,-0.069653,0.788573,0.281226,-0.546866,0.152881,0.771721,0.61731,0.595632,-0.5704,0.565565,-0.062564,-0.000742,0.065057,0.71197,1.005832,0.305518,-0.74887
1475,0.167061,0.012636,0.272962,-0.790641,-0.256482,-0.556013,-0.166458,-0.783857,0.59819,-0.588279,0.565822,0.577754,-0.109575,-0.008998,0.140012,0.719527,0.842877,0.547217,-0.816512,-0.159681,0.0134,0.281982,-0.729795,0.008845,0.683603,0.455921,-0.73865,0.496453,0.510234,0.673959,0.534139,0.049344,-0.052149,0.078921,-0.121233,-0.254064,0.093012,-0.080211,0.046661,0.060652,-0.015593,0.76661,-0.029114,0.641452,-0.408163,0.749083,0.521801,-0.495692,-0.661835,0.562371,0.024068,-0.019483,0.036698,-0.104096,-0.164109,-0.027197,-0.247346,0.086039,0.056187,-0.068348,0.790156,0.263451,-0.553394,0.159209,0.783684,0.600408,0.591865,-0.562522,0.577289,-0.054884,0.001802,0.067119,0.457102,-0.017221,0.98718,-0.799816
1476,0.162805,0.012374,0.278702,-0.785308,-0.228002,-0.575631,-0.184313,-0.801518,0.568832,-0.5901,0.553085,0.588138,-0.107865,-0.011591,0.154382,0.534229,-1.442183,2.447055,-0.942383,-0.15805,0.011781,0.284954,-0.73924,-0.023369,0.67303,0.476225,-0.724608,0.498084,0.476956,0.688738,0.545909,0.048171,-0.03717,0.075162,0.184702,-0.463941,-0.275064,-0.143171,0.047476,0.059837,-0.014106,0.776224,0.000849,0.630455,-0.428329,0.734481,0.526375,-0.46261,-0.678628,0.570486,0.016919,-0.01903,0.037873,-0.218865,-0.037651,0.028389,-0.29519,0.083911,0.05606,-0.065479,0.787062,0.234602,-0.570521,0.175502,0.801481,0.571687,0.591381,-0.550081,0.589642,-0.046852,-0.006012,0.077013,0.457109,0.649194,0.371919,-0.897954
1477,0.159017,0.011719,0.284809,-0.784819,-0.192678,-0.58905,-0.20952,-0.812033,0.544679,-0.582303,0.551129,0.597668,-0.092709,-0.022572,0.15885,0.337586,0.34349,0.661496,-1.046206,-0.156656,0.010068,0.288006,-0.753646,-0.042666,0.655887,0.475895,-0.723549,0.499934,0.454168,0.688952,0.564747,0.033929,-0.037763,0.075852,0.288107,-0.662996,-0.218414,-0.20407,0.048179,0.058983,-0.012578,0.790121,0.019823,0.61263,-0.42785,0.733542,0.528072,-0.438922,-0.679355,0.588068,0.017471,-0.024806,0.041436,0.296801,-0.598398,-0.466791,-0.358221,0.082013,0.055748,-0.062413,0.785133,0.199523,-0.586307,0.202094,0.812328,0.547065,0.585426,-0.548009,0.597463,-0.039281,-0.01131,0.079474,0.416992,0.368846,0.737681,-0.988254
1478,0.155675,0.010694,0.29109,-0.785895,-0.154358,-0.598822,-0.235234,-0.82096,0.520251,-0.57094,0.549914,0.60963,-0.077965,-0.023772,0.154452,0.076215,0.211035,0.785135,-1.135003,-0.155546,0.008573,0.291077,-0.772303,-0.067964,0.631601,0.475161,-0.721517,0.503555,0.422444,0.689087,0.588697,0.019576,-0.036293,0.078794,0.04717,-0.38827,-0.030095,-0.259116,0.048739,0.058233,-0.011045,0.808186,0.046906,0.587055,-0.427334,0.732622,0.529764,-0.405241,-0.679017,0.61214,0.009724,-0.017904,0.039649,0.056047,-0.511294,0.105399,-0.415372,0.080366,0.055255,-0.059325,0.786984,0.160939,-0.595612,0.226697,0.82242,0.52176,0.573814,-0.54564,0.610747,-0.039101,-0.012191,0.077054,-0.602852,1.329876,1.695765,-1.05357
1479,0.154301,0.010101,0.293967,-0.788539,-0.130958,-0.600918,-0.24734,-0.827074,0.504721,-0.562124,0.546782,0.620543,-0.063954,-0.027899,0.148773,0.49123,0.451598,0.921095,-1.160826,-0.155097,0.007933,0.292617,-0.780981,-0.084997,0.618737,0.475348,-0.723298,0.500817,0.405931,0.685343,0.604474,0.019563,-0.036267,0.078656,0.33771,-1.471643,0.401395,-0.288981,0.048957,0.057925,-0.010299,0.814437,0.061309,0.577002,-0.42894,0.733293,0.527532,-0.39077,-0.677142,0.623519,0.009715,-0.017839,0.039638,0.186025,-0.629618,0.023762,-0.445418,0.079645,0.054953,-0.057817,0.789448,0.138139,-0.598069,0.239464,0.82783,0.507299,0.565178,-0.543703,0.620451,-0.03917,-0.013631,0.074857,0.582587,0.683991,0.803891,-1.069572
1480,0.151853,0.008638,0.299618,-0.792474,-0.08809,-0.603548,-0.267596,-0.839014,0.473729,-0.547134,0.537031,0.642082,-0.050601,-0.037669,0.136629,0.339554,0.462215,0.677358,-1.258613,-0.154564,0.006948,0.295355,-0.791,-0.107454,0.602299,0.475221,-0.727738,0.494466,0.386164,0.677475,0.625914,0.018419,-0.025141,0.070446,0.342246,-0.745988,-0.033613,-0.337225,0.04923,0.057421,-0.008898,0.825996,0.084612,0.557287,-0.427706,0.738044,0.521879,-0.367146,-0.669426,0.645811,0.001484,-0.007329,0.031729,0.356686,-0.762453,-0.070634,-0.498814,0.078417,0.054233,-0.054978,0.794014,0.094197,-0.600556,0.259687,0.840682,0.475201,0.549639,-0.533273,0.643051,-0.032623,-0.024854,0.071919,0.46374,0.652781,0.704467,-1.096189
1481,0.149949,0.006893,0.304829,-0.790681,-0.045424,-0.610578,-0.286869,-0.853547,0.434899,-0.539932,0.519074,0.662618,-0.03742,-0.046991,0.125888,0.428392,0.595731,0.725609,-1.379093,-0.154429,0.006305,0.297909,-0.800186,-0.125044,0.586564,0.471382,-0.735604,0.486435,0.371647,0.665885,0.646792,0.001951,-0.003872,0.054834,0.200903,-0.515924,0.12705,-0.387561,0.049303,0.057099,-0.007638,0.834662,0.103126,0.541021,-0.424497,0.74633,0.512633,-0.350914,-0.657538,0.66671,0.001475,-0.007183,0.031714,0.278655,-0.629755,0.047538,-0.551067,0.077474,0.053377,-0.052413,0.792184,0.052957,-0.607978,0.278759,0.854828,0.437676,0.542896,-0.5162,0.662419,-0.025882,-0.023289,0.063231,0.211084,0.397104,0.580757,-1.11807
1482,0.14924,0.006063,0.307065,-0.790825,-0.028019,-0.611437,-0.294379,-0.858438,0.419997,-0.535669,0.512169,0.671393,-0.037895,-0.050843,0.121639,0.244876,0.422317,0.604113,-1.413898,-0.15447,0.006141,0.299012,-0.802805,-0.13764,0.580131,0.474539,-0.736382,0.48217,0.361829,0.662549,0.655722,-0.012253,-0.004484,0.055601,0.145154,-0.405877,-0.054736,-0.403217,0.049289,0.05701,-0.007065,0.837411,0.115847,0.534154,-0.427761,0.747261,0.508548,-0.340239,-0.654355,0.67532,0.000929,-0.001827,0.027444,0.104883,-0.500112,-0.119361,-0.572131,0.077105,0.05295,-0.051249,0.792875,0.033866,-0.608442,0.286529,0.86048,0.421277,0.537819,-0.508357,0.672549,-0.011907,-0.020515,0.056174,0.385546,0.49916,0.716713,-1.113987
1483,0.148165,0.004336,0.311265,-0.79209,0.006806,-0.610403,-0.308883,-0.866966,0.391069,-0.525556,0.498292,0.689582,-0.024382,-0.036839,0.096821,0.341307,0.440614,0.665725,-1.489249,-0.154669,0.006022,0.301067,-0.807845,-0.151446,0.569597,0.473251,-0.742501,0.473983,0.352147,0.652652,0.670747,0.001982,-0.004485,0.053676,0.217721,-0.43702,-0.024466,-0.440094,0.049184,0.05695,-0.006036,0.842168,0.128965,0.523565,-0.426753,0.752925,0.500982,-0.329596,-0.645344,0.689126,-0.006676,0.002696,0.023011,0.355738,-0.406943,-0.260589,-0.608545,0.076562,0.052079,-0.049142,0.794168,-0.000175,-0.607696,0.301131,0.868705,0.393283,0.52784,-0.495329,0.689951,-0.012428,-0.02467,0.051779,0.511469,0.646257,0.762165,-1.105333
1484,0.14752,0.002952,0.314674,-0.792644,0.030047,-0.608981,-0.320156,-0.87054,0.373674,-0.517933,0.491118,0.700411,-0.010913,-0.032908,0.081354,0.320772,0.384652,0.653915,-1.563734,-0.15499,0.006169,0.302871,-0.810025,-0.159549,0.564265,0.473537,-0.745326,0.469239,0.346701,0.64749,0.678541,-0.01321,0.004886,0.045152,0.047431,-0.137142,-0.055149,-0.473245,0.049028,0.057021,-0.005131,0.844318,0.137659,0.517857,-0.427354,0.756013,0.495793,-0.323257,-0.639915,0.697145,0.00044,0.002613,0.021991,0.041907,-0.137298,-0.052574,-0.643816,0.076234,0.051385,-0.047433,0.794666,-0.022761,-0.606618,0.312534,0.872021,0.376698,0.52041,-0.488938,0.700079,-0.00556,-0.016801,0.040354,-0.108875,0.054232,0.215331,-1.116763
1485,0.147343,0.002356,0.316147,-0.792136,0.038466,-0.609169,-0.325242,-0.871141,0.367835,-0.515542,0.48945,0.703336,0.002983,-0.025677,0.069345,0.174923,0.278062,0.413851,-1.604559,-0.155178,0.006299,0.303706,-0.810154,-0.161787,0.563441,0.474289,-0.745574,0.468084,0.345364,0.646652,0.680021,0.000967,0.004894,0.043469,-0.066536,0.071333,-0.138854,-0.495046,0.048929,0.057087,-0.004712,0.844518,0.140053,0.516887,-0.428173,0.756299,0.494649,-0.321645,-0.639058,0.698675,-0.006608,0.002091,0.022145,-0.098116,-0.01298,0.037741,-0.661451,0.07614,0.051083,-0.046693,0.794345,-0.031859,-0.606629,0.317749,0.872905,0.37023,0.517735,-0.486846,0.703512,-0.0058,-0.01869,0.038466,0.296114,0.357679,0.589133,-1.116927
1486,0.147201,0.001433,0.318628,-0.790166,0.066645,-0.609295,-0.349194,-0.86593,0.35805,-0.502766,0.495595,0.708265,0.002584,-0.018976,0.056802,-0.036203,0.02913,0.25458,-1.650408,-0.155521,0.006697,0.30537,-0.811596,-0.170696,0.558719,0.475717,-0.748021,0.462701,0.339961,0.641527,0.687556,0.000812,0.008546,0.046818,0.217613,-0.211398,-0.321803,-0.56711,0.048758,0.057278,-0.003888,0.845955,0.147328,0.512496,-0.429341,0.758181,0.49074,-0.316266,-0.635181,0.704641,0.000377,0.004237,0.023383,0.436563,-0.462289,-0.250139,-0.718113,0.076068,0.050615,-0.045451,0.792886,-0.061125,-0.606295,0.341803,0.868309,0.359455,0.50448,-0.492241,0.709364,0.00122,-0.009704,0.028198,-0.091987,0.120796,0.097238,-1.121172
1487,0.147195,0.00095,0.320621,-0.785065,0.08827,-0.613128,-0.367697,-0.862971,0.346483,-0.497556,0.497343,0.710714,0.002562,-0.009412,0.047022,-0.07484,-0.079059,0.20765,-1.739146,-0.155709,0.007242,0.307178,-0.814277,-0.181811,0.551262,0.478972,-0.74673,0.461426,0.328764,0.639991,0.694398,0.000683,0.011443,0.049287,-2.870063,-3.052943,-3.831218,-0.656781,0.048664,0.057539,-0.003002,0.848864,0.153233,0.505912,-0.428679,0.759535,0.489223,-0.309293,-0.632159,0.71043,-0.006683,0.004776,0.024464,-0.309558,-2.282235,1.3886,-0.79192,0.076063,0.050364,-0.04447,0.787992,-0.082682,-0.610107,0.360279,0.865489,0.348033,0.499265,-0.494056,0.711788,0.001193,-0.005101,0.02314,-0.13207,-0.002159,0.023524,-1.124765
1488,0.147297,0.000738,0.322208,-0.769888,0.122012,-0.626443,-0.404672,-0.852346,0.331239,-0.492578,0.508365,0.70637,0.002451,-0.000512,0.036637,0.023351,-0.288745,0.369637,-1.906209,-0.155825,0.007721,0.309081,-0.812158,-0.197951,0.548823,0.489759,-0.742302,0.457229,0.317892,0.640377,0.699089,0.000602,0.013166,0.050531,0.251057,-0.244632,-0.345492,-0.762972,0.048606,0.057788,-0.002034,0.8467,0.174387,0.50268,-0.443693,0.752841,0.486174,-0.293656,-0.63468,0.714805,0.000811,0.001136,0.029364,0.456613,-0.519581,-0.277362,-0.891038,0.076115,0.050254,-0.04366,0.773021,-0.116301,-0.623627,0.397499,0.854935,0.333285,0.4944,-0.505527,0.707113,0.001141,-0.000683,0.017916,0.225687,-0.750353,0.756042,-1.116273
1489,0.147349,0.000679,0.32289,-0.761833,0.136903,-0.633178,-0.421015,-0.847489,0.323237,-0.491416,0.512654,0.704076,0.002218,-0.002269,0.034929,-0.977722,0.474177,1.612375,-1.914063,-0.155832,0.007939,0.310099,-0.811029,-0.204922,0.547933,0.494959,-0.739424,0.456291,0.312658,0.641522,0.700398,0.000563,0.013917,0.051022,-0.903127,-0.881156,-1.128098,-0.817791,0.048603,0.057897,-0.001524,0.845882,0.181501,0.501537,-0.448204,0.751614,0.483929,-0.289129,-0.634139,0.717127,0.00021,0.006573,0.025181,-3.055283,-2.61831,-3.853428,-0.936759,0.076141,0.050227,-0.043317,0.765131,-0.129242,-0.630769,0.412288,0.850813,0.325782,0.494563,-0.509325,0.704269,0.001128,-0.000962,0.017665,-3.3603,1.90958,4.200152,-1.122152
