frame,MLTx,MLTy,MLTz,MLTR1,MLTR2,MLTR3,MLTR4,MLTR5,MLTR6,MLTR7,MLTR8,MLTR9,MLTTVx,MLTTVy,MLTTVz,MLTRVx,MLTRVy,MLTRVz,MLGA,MRTx,MRTy,MRTz,MRTR1,MRTR2,MRTR3,MRTR4,MRTR5,MRTR6,MRTR7,MRTR8,MRTR9,MRTTVx,MRTTVy,MRTTVz,MRTRVx,MRTRVy,MRTRVz,MRGA,SLTx,SLTy,SLTz,SLTR1,SLTR2,SLTR3,SLTR4,SLTR5,SLTR6,SLTR7,SLTR8,SLTR9,SLTTVx,SLTTVy,SLTTVz,SLTRVx,SLTRVy,SLTRVz,SLGA,SRTx,SRTy,SRTz,SRTR1,SRTR2,SRTR3,SRTR4,SRTR5,SRTR6,SRTR7,SRTR8,SRTR9,SRTTVx,SRTTVy,SRTTVz,SRTRVx,SRTRVy,SRTRVz,SRGA
894,0.041718,0.034151,0.36346,-0.393674,0.729313,-0.559615,-0.900544,-0.428135,0.075452,-0.18408,0.532753,0.826024,-0.007356,-0.029157,0.01127,3.199395,-0.484478,-4.480925,0.214812,-0.131283,0.075173,0.349182,0.081747,0.982706,0.166126,-0.996605,0.080135,0.017068,0.003375,-0.168197,0.985679,0.01141,0.001613,3.8e-05,0.002046,-0.015206,0.029244,-1.406126,0.027754,0.056177,-0.008286,0.01364,-0.988285,0.152005,0.999203,0.007773,-0.039127,0.037487,0.152418,0.987604,0.005689,0.00092,8.4e-05,0.00247,-0.01348,0.02937,-0.824089,0.058124,0.041774,-0.05996,-0.452948,0.703051,-0.54823,-0.853826,-0.519031,0.039824,-0.25655,0.486132,0.835378,-0.009019,-0.007213,0.002566,0.512286,-0.527964,0.362156,0.084729
895,0.041176,0.033234,0.363766,-0.418187,0.709715,-0.566983,-0.88194,-0.466648,0.066274,-0.217033,0.526875,0.821782,-0.02087,-0.02715,0.012131,0.874746,0.063389,-1.619366,0.232033,-0.131164,0.075197,0.349197,0.080864,0.982664,0.166808,-0.996677,0.079241,0.017039,0.003441,-0.168872,0.985563,0.011387,0.001756,0.000119,0.002045,-0.015205,0.029245,-1.406049,0.027808,0.056192,-0.008277,0.014572,-0.98817,0.152664,0.999195,0.008687,-0.039148,0.037359,0.153112,0.987501,-9e-06,5.7e-05,3.2e-05,-0.015756,0.114015,-0.162125,-0.822946,0.057861,0.041326,-0.059811,-0.474915,0.681145,-0.557221,-0.831253,-0.555087,0.029934,-0.288917,0.477408,0.829823,-0.009728,-0.008649,0.001469,-0.016517,0.054371,-0.108238,0.102038
896,0.040435,0.032208,0.364018,-0.457815,0.678675,-0.574327,-0.849439,-0.524555,0.057163,-0.261909,0.513179,0.81736,-0.020994,-0.020347,0.000543,1.869654,-1.810268,0.764232,0.265148,-0.131138,0.0752,0.349207,0.078043,0.982969,0.166352,-0.996907,0.076788,0.014639,0.001535,-0.168221,0.985679,-7.4e-05,0.000486,0.000276,0.001696,-0.001259,-0.001051,-1.406154,0.027826,0.056193,-0.008272,0.017405,-0.988236,0.151941,0.999069,0.011193,-0.041648,0.039457,0.152524,0.987511,-5.9e-05,0.000385,0.000218,-0.028074,0.122707,-0.160636,-0.823436,0.057497,0.040813,-0.059679,-0.515582,0.644297,-0.564849,-0.790042,-0.612646,0.022318,-0.331674,0.457762,0.824891,-0.010633,-0.010366,6.7e-05,3.132009,-0.247257,-4.628481,0.136002
897,0.03952,0.031239,0.364241,-0.488043,0.654973,-0.576948,-0.823009,-0.565409,0.054223,-0.290097,0.50048,0.815715,-0.02281,-0.030828,0.009251,0.019066,0.080277,-0.228672,0.283183,-0.131154,0.07519,0.349202,0.076891,0.982922,0.167162,-0.996997,0.075633,0.014556,0.001585,-0.16902,0.985542,0.000103,-0.000673,-0.000382,0.0,-0.0,-0.0,-1.40588,0.027817,0.056191,-0.008273,0.018563,-0.988085,0.152783,0.999059,0.012341,-0.041576,0.039195,0.153411,0.987384,6.8e-05,-0.000453,-0.000257,-0.000285,0.000198,0.000314,-0.822946,0.05703,0.040316,-0.059571,-0.542418,0.616618,-0.570582,-0.758384,-0.65159,0.016789,-0.361433,0.441828,0.821068,-0.016649,-0.007764,0.00176,0.247577,0.044133,-0.50866,0.171436
898,0.039024,0.03078,0.364363,-0.505398,0.639607,-0.579242,-0.805768,-0.589963,0.051509,-0.308163,0.491969,0.814266,-0.022345,-0.029772,0.01004,0.020092,0.065903,-0.203418,0.287394,-0.131187,0.075178,0.349188,0.076298,0.982899,0.167571,-0.997042,0.075043,0.014485,0.001584,-0.169422,0.985473,0.000272,-0.001781,-0.00101,-0.002284,0.016517,-0.023502,-1.405972,0.027801,0.056187,-0.008279,0.019169,-0.988015,0.153161,0.999048,0.012929,-0.041635,0.039156,0.153814,0.987323,0.000136,-0.000893,-0.000507,-0.002294,0.016532,-0.023285,-0.820986,0.05678,0.040084,-0.059512,-0.557998,0.599532,-0.573758,-0.738508,-0.674101,0.013841,-0.378473,0.431448,0.818907,-0.01671,-0.007824,0.0017,0.248842,0.05977,-0.533295,0.181234
899,0.038085,0.029975,0.364592,-0.532443,0.614156,-0.582547,-0.776717,-0.628015,0.047731,-0.335879,0.477121,0.812137,-0.019699,-0.017259,0.002792,0.256506,0.027579,-0.473094,0.299664,-0.131274,0.075119,0.349161,0.075346,0.982864,0.168203,-0.997114,0.074089,0.01441,0.001624,-0.170044,0.985366,0.000129,-0.000845,-0.000479,0.0,-0.0,-0.0,-1.406025,0.027757,0.056154,-0.008294,0.020141,-0.987905,0.153741,0.999033,0.013879,-0.041696,0.039058,0.154432,0.98723,7.7e-05,-0.000508,-0.000288,2e-06,-9e-06,0.000144,-0.822782,0.056301,0.039668,-0.059396,-0.58216,0.571415,-0.578422,-0.705424,-0.708716,0.009852,-0.404308,0.413769,0.815677,-0.009827,-0.008582,0.001454,0.251547,0.032615,-0.477755,0.200175
900,0.03715,0.029454,0.36487,-0.552451,0.588404,-0.590445,-0.747255,-0.663432,0.037942,-0.368714,0.461438,0.80694,-0.017388,-0.012437,0.006506,-0.013061,0.035979,-0.068849,0.306205,-0.131274,0.075057,0.349127,0.074699,0.982835,0.168659,-0.997163,0.07344,0.014362,0.001653,-0.170494,0.985288,0.000155,-0.001015,-0.000576,0.0,-0.0,-0.0,-1.405862,0.027758,0.056122,-0.008312,0.020802,-0.987826,0.154161,0.999022,0.014525,-0.041734,0.038987,0.154878,0.987163,7.6e-05,-0.000495,-0.000281,1e-06,-1e-05,9.4e-05,-0.824579,0.055832,0.039403,-0.05926,-0.59916,0.543817,-0.587595,-0.671976,-0.740572,-0.000194,-0.435263,0.394734,0.809154,-0.008584,-0.005989,0.003453,-0.024311,0.046293,-0.071501,0.213402
901,0.03667,0.029388,0.365035,-0.557832,0.575951,-0.597618,-0.732748,-0.679875,0.028652,-0.389117,0.453167,0.802031,-0.027702,-0.003565,0.012625,0.453804,-0.601443,0.477567,0.305919,-0.131269,0.075027,0.34911,0.074266,0.982816,0.168967,-0.997195,0.073005,0.014331,0.001673,-0.170797,0.985235,0.000152,-0.000999,-0.000567,0.0,-0.0,-0.0,-1.405872,0.02776,0.056107,-0.00832,0.021248,-0.987772,0.154445,0.999015,0.014961,-0.041759,0.038938,0.15518,0.987118,9e-05,-0.000582,-0.000329,-7e-06,-1.7e-05,7.7e-05,-0.825558,0.0556,0.039367,-0.059186,-0.603617,0.530956,-0.594753,-0.655501,-0.755142,-0.00887,-0.453833,0.384507,0.803859,-0.006567,0.001569,0.000854,1.612256,-1.922511,1.397542,0.216014
902,0.035928,0.029544,0.365415,-0.567421,0.550259,-0.612613,-0.700941,-0.713148,0.008585,-0.43146,0.433588,0.791119,-0.022877,0.013083,0.008614,5.010834,-2.063103,-2.783955,0.329851,-0.131273,0.074995,0.349092,0.073567,0.982783,0.169458,-0.997247,0.072305,0.014278,0.001705,-0.171282,0.985151,1.2e-05,-7.9e-05,-4.5e-05,0.0,-0.0,-0.0,-1.405897,0.027758,0.05609,-0.00833,0.021964,-0.987686,0.154897,0.999002,0.015661,-0.0418,0.03886,0.155661,0.987045,-1e-06,1.1e-05,8e-06,-0.015722,0.113971,-0.162159,-0.825395,0.055227,0.039439,-0.058994,-0.608612,0.508159,-0.609397,-0.624413,-0.780616,-0.027325,-0.489591,0.363885,0.792393,-0.006087,-0.00092,0.007381,-0.041023,-0.149728,0.300326,0.232344
903,0.035471,0.029894,0.365804,-0.562482,0.533468,-0.63172,-0.679562,-0.733457,-0.014385,-0.470321,0.420534,0.775871,-0.008469,0.012456,0.008878,1.05457,-0.382597,-0.7733,0.343018,-0.131267,0.075012,0.349101,0.07314,0.982762,0.169766,-0.997278,0.071876,0.014247,0.001725,-0.171586,0.985098,-1.5e-05,9.8e-05,5.6e-05,0.0,-0.0,-0.0,-1.405967,0.027761,0.0561,-0.008324,0.022403,-0.987631,0.155181,0.998995,0.01609,-0.041825,0.038811,0.155962,0.987,-1e-05,6.9e-05,4e-05,5e-06,1.3e-05,3.5e-05,-0.825885,0.054995,0.039617,-0.058797,-0.601787,0.49012,-0.630582,-0.597126,-0.80044,-0.052284,-0.530369,0.345074,0.774358,-0.004147,0.006477,0.004592,3.602515,-0.442121,-3.689617,0.260103
904,0.035291,0.030464,0.366209,-0.532718,0.522828,-0.665513,-0.663892,-0.745815,-0.054573,-0.524226,0.412102,0.745242,-0.006428,0.01648,0.011949,-0.004938,-0.422263,0.675802,0.327648,-0.131258,0.075012,0.349111,0.071236,0.983098,0.168626,-0.997418,0.070346,0.011921,-0.000215,-0.17028,0.985326,-0.0,1e-06,0.0,0.005257,-0.003957,-0.003297,-1.40608,0.027766,0.0561,-0.008319,0.024315,-0.987802,0.153798,0.99886,0.017688,-0.044314,0.041053,0.154701,0.987107,0.0,-6e-06,-4e-06,-0.014354,0.010262,0.000645,-0.826211,0.054904,0.039901,-0.058595,-0.571017,0.482369,-0.664272,-0.577832,-0.810935,-0.092159,-0.583137,0.331214,0.741786,0.00331,0.006617,0.005111,0.009985,-0.389387,0.752488,0.25798
905,0.035324,0.030762,0.366457,-0.525024,0.519757,-0.673978,-0.662356,-0.746764,-0.059996,-0.53384,0.414263,0.737175,0.007203,0.014389,0.011059,-0.037889,-0.497127,0.69849,0.316289,-0.13125,0.075013,0.349111,0.071258,0.983098,0.168614,-0.997416,0.070368,0.011923,-0.000216,-0.170269,0.985328,-0.0,0.0,0.0,6.5e-05,-4.9e-05,-4.1e-05,-1.406066,0.02777,0.056101,-0.008319,0.024272,-0.987788,0.153899,0.998868,0.017665,-0.044156,0.040899,0.154797,0.987098,-0.0,-3e-06,-2e-06,-0.003365,0.002448,0.0009,-0.824742,0.054916,0.040052,-0.05847,-0.563077,0.480331,-0.672476,-0.576103,-0.811565,-0.097296,-0.592493,0.33263,0.733694,-0.003585,0.00404,0.011161,-0.057637,-0.407044,0.651088,0.248346
906,0.035343,0.031383,0.367105,-0.520939,0.512615,-0.682564,-0.650271,-0.756286,-0.071766,-0.552361,0.405824,0.72817,-0.003824,0.021603,0.015766,3.769584,0.075775,-3.491895,0.297319,-0.131232,0.075016,0.349111,0.070938,0.983082,0.168848,-0.997439,0.070047,0.011901,-0.0002,-0.170501,0.985288,-0.0,0.0,0.0,0.0,-0.0,-0.0,-1.405896,0.027779,0.056102,-0.008319,0.024587,-0.987743,0.154139,0.998863,0.017976,-0.044142,0.04083,0.155049,0.987062,-2e-06,-2e-06,-4e-06,-5.3e-05,1.6e-05,0.000214,-0.824579,0.05493,0.040361,-0.058147,-0.555317,0.477614,-0.680813,-0.567798,-0.815886,-0.109239,-0.60764,0.325903,0.724264,-0.001837,0.010966,0.008012,0.014013,-0.395656,0.726811,0.221076
907,0.035248,0.032048,0.367964,-0.525779,0.507829,-0.68243,-0.643065,-0.762404,-0.071969,-0.556188,0.400371,0.728275,-0.004378,0.013538,0.02628,0.948545,0.181365,-1.154195,0.295694,-0.131241,0.075015,0.349101,0.070306,0.98305,0.169294,-0.997484,0.069418,0.011828,-0.000195,-0.170941,0.985212,0.0,-1e-06,-0.0,0.0,-0.0,-0.0,-1.406007,0.027774,0.056102,-0.008324,0.025232,-0.987662,0.15455,0.998849,0.018601,-0.044204,0.040783,0.155488,0.986995,-1e-06,6e-06,1e-06,3e-05,2e-06,0.00014,-0.826538,0.054884,0.040698,-0.05772,-0.56119,0.470425,-0.681003,-0.556739,-0.823374,-0.109983,-0.612459,0.31742,0.723973,-0.001099,0.012489,0.009051,3.221034,0.744119,-4.115588,0.208013
908,0.035249,0.032352,0.368459,-0.526969,0.507216,-0.681968,-0.642465,-0.76299,-0.071109,-0.555753,0.400033,0.728792,-0.003296,0.01567,0.027822,3.724041,0.303558,-3.833839,0.296151,-0.131268,0.07502,0.349096,0.069891,0.983031,0.16958,-0.997513,0.069007,0.01177,-0.000202,-0.171221,0.985163,0.0,-0.0,-0.0,0.0,-0.0,-0.0,-1.406031,0.027761,0.056104,-0.008327,0.025659,-0.98761,0.154812,0.998839,0.019014,-0.044255,0.040763,0.155768,0.986951,-0.006542,0.004945,-0.003726,0.034534,0.007052,-0.009894,-0.826701,0.054883,0.040847,-0.057474,-0.560617,0.472022,-0.680368,-0.55956,-0.821599,-0.108932,-0.610409,0.319638,0.724728,0.004458,0.005487,0.012491,-0.072346,-0.15956,0.34927,0.20736
909,0.035421,0.032882,0.369509,-0.526962,0.51023,-0.679722,-0.648439,-0.758328,-0.066604,-0.548787,0.405022,0.731312,0.009553,0.012228,0.025757,-0.075869,-0.072782,0.19656,0.306501,-0.131338,0.074962,0.349079,0.068984,0.982991,0.17018,-0.997577,0.068095,0.011723,-0.000134,-0.171817,0.985059,-0.011322,-0.00224,-0.000393,-0.002045,0.015205,-0.029245,-1.405897,0.02773,0.056076,-0.008335,0.026564,-0.987501,0.155353,0.99882,0.019901,-0.044286,0.040641,0.156346,0.986865,4.9e-05,-0.000325,-0.000185,-1e-06,8e-06,8.9e-05,-0.827191,0.054967,0.04111,-0.056957,-0.563457,0.471614,-0.678303,-0.561211,-0.821028,-0.104658,-0.606265,0.321701,0.727289,0.004858,0.006301,0.013023,-0.593043,0.427788,-0.233888,0.212422
910,0.035642,0.033238,0.370564,-0.526716,0.509424,-0.680516,-0.646797,-0.759598,-0.068084,-0.550954,0.403657,0.730436,0.008521,0.010206,0.024117,-0.001725,-0.002491,0.00397,0.310267,-0.131368,0.074928,0.349052,0.068386,0.98258,0.172773,-0.997616,0.067792,0.009996,-0.00196,-0.174284,0.984624,7.6e-05,-0.000497,-0.000282,0.000337,0.000498,-6.5e-05,-1.406097,0.027711,0.056058,-0.008349,0.027297,-0.987064,0.15798,0.998733,0.02025,-0.046047,0.042252,0.159037,0.986368,4.3e-05,-0.00028,-0.000158,-0.002824,-0.004076,0.000229,-0.827028,0.055079,0.0413,-0.056415,-0.563041,0.470972,-0.679094,-0.55959,-0.821951,-0.106088,-0.608147,0.320283,0.726343,-0.00276,0.002182,0.017869,0.036094,0.027762,-0.090492,0.221076
911,0.035741,0.033379,0.371702,-0.529983,0.506808,-0.679933,-0.643566,-0.762455,-0.06676,-0.5516,0.401566,0.731102,0.00526,-0.003168,0.030698,-0.064931,0.017169,0.023092,0.322296,-0.131373,0.074903,0.349049,0.068116,0.982181,0.175134,-0.99763,0.067816,0.008346,-0.003748,-0.176527,0.984219,1e-06,-7e-06,-4e-06,0.0,0.0,-0.0,-1.406019,0.027709,0.056045,-0.008351,0.027663,-0.986678,0.160311,0.998657,0.020252,-0.047682,0.0438,0.161415,0.985914,0.005699,0.000876,5.8e-05,-0.000557,-0.019017,0.029558,-0.829477,0.055132,0.041378,-0.055846,-0.566015,0.467995,-0.67868,-0.556073,-0.824501,-0.104786,-0.608612,0.318085,0.726919,0.002557,-0.001699,0.015267,-0.065776,0.017312,0.023899,0.230057
912,0.035709,0.033342,0.372288,-0.536521,0.500556,-0.679437,-0.635025,-0.769678,-0.065665,-0.555156,0.395601,0.731662,-0.009763,-0.011085,0.040774,-0.097864,0.054611,-0.020955,0.331503,-0.131374,0.07491,0.349053,0.068134,0.982182,0.175122,-0.997628,0.067834,0.008347,-0.003749,-0.176514,0.984221,-1.1e-05,6.9e-05,3.9e-05,0.0,0.0,-0.0,-1.406061,0.027708,0.056049,-0.008348,0.02764,-0.986686,0.16027,0.998658,0.020234,-0.04766,0.043782,0.161372,0.985921,-1e-05,6.3e-05,3.7e-05,-0.000337,-0.000511,9.2e-05,-0.829477,0.055121,0.041363,-0.055556,-0.571826,0.461069,-0.67855,-0.546817,-0.830803,-0.103712,-0.61156,0.311737,0.727195,0.00203,-0.002756,0.014477,-0.063235,0.018008,0.021061,0.240345
913,0.03551,0.03312,0.373471,-0.544751,0.491513,-0.67949,-0.622188,-0.7801,-0.065556,-0.561621,0.386443,0.731622,-0.010032,-0.00478,0.02887,-0.065029,0.045661,-0.032194,0.33093,-0.13138,0.074951,0.349045,0.068091,0.982178,0.175163,-0.997631,0.067804,0.008267,-0.003825,-0.176551,0.984214,-6e-06,3.7e-05,2.1e-05,0.0,-0.0,-0.0,-1.405915,0.027705,0.05607,-0.008352,0.027682,-0.986679,0.160305,0.998654,0.020263,-0.047736,0.043852,0.16141,0.985912,-1e-06,1e-05,7e-06,-1.2e-05,-1.6e-05,4.1e-05,-0.83307,0.055022,0.041259,-0.054973,-0.578965,0.451217,-0.679117,-0.532903,-0.839801,-0.103665,-0.617099,0.301886,0.726672,-0.004833,-0.001992,0.014729,-0.05814,0.03335,-0.015418,0.252755
914,0.035269,0.032768,0.374571,-0.536659,0.491966,-0.685574,-0.617881,-0.78239,-0.077849,-0.574024,0.381209,0.724709,0.001255,-0.011192,0.024775,-0.051393,0.017996,0.009601,0.333276,-0.13137,0.074944,0.349051,0.067976,0.982171,0.175243,-0.997639,0.067686,0.008284,-0.003793,-0.176632,0.9842,-0.0,0.0,0.0,0.0,-0.0,-0.0,-1.405947,0.02771,0.056067,-0.008349,0.0278,-0.986664,0.160378,0.998652,0.020382,-0.047717,0.043812,0.161488,0.985901,-1e-06,-6e-06,-5e-06,3.8e-05,1.9e-05,3.7e-05,-0.832743,0.054898,0.041072,-0.0544,-0.570825,0.45275,-0.684963,-0.528159,-0.841202,-0.115871,-0.628654,0.295627,0.719303,0.000532,-0.005753,0.012279,-0.063334,0.028363,0.001584,0.253408
915,0.035106,0.032578,0.375092,-0.52872,0.490334,-0.692872,-0.613265,-0.784983,-0.087623,-0.586207,0.377972,0.716607,-0.01153,-0.007785,0.02668,-0.030736,-0.020101,-0.004024,0.342391,-0.131369,0.074937,0.349046,0.067837,0.982163,0.175341,-0.997648,0.067547,0.008273,-0.003786,-0.176729,0.984182,5e-06,-3.6e-05,-2.1e-05,0.0,-0.0,-0.0,-1.406102,0.02771,0.056062,-0.008352,0.027942,-0.986645,0.160468,0.998649,0.02052,-0.047726,0.043796,0.161585,0.985886,1e-06,-1.8e-05,-1e-05,1.2e-05,-1e-05,3.1e-05,-0.83111,0.05482,0.040979,-0.05415,-0.562467,0.451988,-0.692341,-0.523034,-0.843029,-0.125443,-0.640363,0.29156,0.710581,-0.00585,-0.004029,0.013247,0.089803,-0.194716,0.278093,0.258633
916,0.034614,0.032218,0.375981,-0.514536,0.485983,-0.706483,-0.596355,-0.794785,-0.11247,-0.615527,0.362835,0.699645,-0.013842,-0.01239,0.023362,0.43977,-0.650356,0.743713,0.335895,-0.131349,0.074923,0.349048,0.067606,0.982149,0.175507,-0.997664,0.06731,0.008281,-0.003748,-0.176896,0.984153,0.0,-1e-06,-0.0,0.0,0.0,0.0,-1.405738,0.02772,0.056055,-0.008351,0.02818,-0.986613,0.160621,0.998645,0.020756,-0.047714,0.043742,0.161748,0.985862,0.005701,0.000856,4.6e-05,0.002044,-0.015214,0.02927,-0.829804,0.054582,0.040808,-0.053711,-0.549868,0.448439,-0.70466,-0.504708,-0.850599,-0.147475,-0.665518,0.274556,0.694048,-0.006193,-0.001289,0.007018,-0.042762,-0.051481,0.127545,0.266634
917,0.033994,0.031906,0.376693,-0.514162,0.479077,-0.711454,-0.583554,-0.803255,-0.119239,-0.627971,0.353263,0.693458,-0.012725,-0.00329,0.013501,-0.020901,-0.070094,0.147391,0.331998,-0.131381,0.074959,0.349049,0.067256,0.982131,0.175747,-0.997688,0.066971,0.0082,-0.003783,-0.177132,0.98411,-0.000203,0.001332,0.000757,0.0,0.0,0.0,-1.406039,0.027705,0.056072,-0.008351,0.028538,-0.986567,0.160842,0.998634,0.021096,-0.04779,0.043755,0.161987,0.985821,-0.000114,0.000753,0.000428,-3e-06,-3e-06,1.3e-05,-0.830457,0.054264,0.04064,-0.053346,-0.546695,0.442914,-0.710599,-0.490764,-0.857093,-0.156657,-0.678435,0.263093,0.685934,-0.006711,-0.002316,0.006279,0.005899,-0.138272,0.280628,0.25896
918,0.033224,0.031888,0.377275,-0.512151,0.479636,-0.712527,-0.582403,-0.803614,-0.122406,-0.630677,0.351686,0.691802,-0.023139,0.011715,0.007316,0.0012,-0.06517,0.115823,0.333994,-0.131369,0.074937,0.349046,0.067107,0.982122,0.175852,-0.997698,0.066817,0.008215,-0.003749,-0.177238,0.984091,6.7e-05,-0.000444,-0.000252,0.0,0.0,0.0,-1.405689,0.02771,0.056064,-0.008351,0.028691,-0.986547,0.160939,0.998631,0.021249,-0.047773,0.043711,0.162089,0.985807,5.3e-05,-0.000345,-0.000196,-1.7e-05,-9e-06,6e-06,-0.829314,0.053881,0.040623,-0.053054,-0.544743,0.44381,-0.711538,-0.489564,-0.857188,-0.159854,-0.680867,0.261264,0.684222,-0.012365,0.000879,0.0083,-0.035126,0.038428,-0.046524,0.259123
919,0.032804,0.03199,0.377527,-0.512674,0.479395,-0.712313,-0.582423,-0.803694,-0.121783,-0.630233,0.351832,0.692132,-0.022469,0.013026,0.008252,-0.001506,0.015732,-0.033754,0.335625,-0.131368,0.074929,0.349042,0.066968,0.982114,0.175949,-0.997708,0.066678,0.008203,-0.003742,-0.177335,0.984074,2.9e-05,-0.000191,-0.000109,-0.015746,0.114,-0.162191,-1.405932,0.027711,0.056059,-0.008354,0.028709,-0.986544,0.16095,0.998631,0.021266,-0.047774,0.043709,0.162102,0.985805,1.6e-05,-0.00011,-6.3e-05,-1e-05,-6e-06,2e-06,-0.829477,0.05367,0.040671,-0.052931,-0.545137,0.443602,-0.711365,-0.489667,-0.857229,-0.159317,-0.680477,0.261483,0.684526,-0.006159,-0.001222,0.007068,-0.034465,0.037196,-0.042541,0.25994
920,0.032089,0.032302,0.377865,-0.514605,0.475752,-0.713364,-0.581222,-0.805161,-0.117767,-0.629767,0.353422,0.691747,-0.02282,0.012301,0.007716,-0.001655,0.015418,-0.03392,0.338629,-0.131369,0.074937,0.349046,0.066863,0.982108,0.176022,-0.997715,0.066574,0.008195,-0.003737,-0.177407,0.984061,-0.0,1e-06,1e-06,0.0,0.0,0.0,-1.405901,0.02771,0.056063,-0.008352,0.02894,-0.986514,0.161096,0.998626,0.021492,-0.047789,0.043682,0.162257,0.98578,1e-06,1e-06,2e-06,-1.3e-05,2e-06,-5e-06,-0.827191,0.053304,0.040834,-0.052757,-0.546622,0.439765,-0.712607,-0.488425,-0.858683,-0.155253,-0.680179,0.263191,0.684167,-0.011444,0.006096,0.003831,0.000322,0.021541,-0.02965,0.263859
921,0.031462,0.032677,0.378054,-0.521011,0.466554,-0.714788,-0.570716,-0.813069,-0.114782,-0.634082,0.347553,0.690778,-0.010739,0.007443,0.00478,3.948863,0.633444,-3.822823,0.338865,-0.131378,0.074936,0.349036,0.066717,0.9821,0.176125,-0.997724,0.066432,0.008157,-0.003756,-0.177508,0.984043,0.000167,-0.001096,-0.000623,0.0,0.0,0.0,-1.405946,0.027706,0.056065,-0.008355,0.029091,-0.986494,0.16119,0.998621,0.021635,-0.047825,0.043691,0.162359,0.985763,9.6e-05,-0.000627,-0.000355,-8e-06,6e-06,-4e-06,-0.829151,0.053004,0.041014,-0.052667,-0.549469,0.433304,-0.714374,-0.482365,-0.862642,-0.15222,-0.682208,0.260949,0.683006,-0.005544,0.003388,0.002163,0.003381,0.027585,-0.020909,0.265328
922,0.031194,0.032845,0.378137,-0.521724,0.466023,-0.714613,-0.570274,-0.813459,-0.114213,-0.633891,0.347353,0.691054,-0.010677,0.007554,0.004857,-0.00054,0.00099,-0.004215,0.338678,-0.131376,0.074929,0.349032,0.066577,0.982092,0.176223,-0.997734,0.066293,0.008146,-0.003749,-0.177605,0.984025,8.9e-05,-0.000588,-0.000334,0.0,0.0,0.0,-1.405547,0.027706,0.05606,-0.008358,0.029235,-0.986475,0.16128,0.998617,0.021775,-0.047834,0.043675,0.162456,0.985748,5.8e-05,-0.000382,-0.000217,1.3e-05,1.2e-05,-5e-06,-0.828987,0.05286,0.041101,-0.052624,-0.552637,0.429401,-0.714287,-0.476736,-0.865862,-0.151676,-0.683604,0.256704,0.683218,-0.005604,0.003268,0.002075,-0.000546,0.017091,-0.027709,0.265491
923,0.030905,0.033106,0.378272,-0.52442,0.460465,-0.716241,-0.56501,-0.817442,-0.111908,-0.636369,0.345419,0.689744,0.001324,0.002572,0.001843,-0.00205,-0.004331,-0.002299,0.338723,-0.131423,0.07489,0.349024,0.066257,0.982078,0.176419,-0.997755,0.065969,0.008142,-0.003708,-0.177802,0.98399,2.6e-05,-0.000169,-9.6e-05,0.0,0.0,0.0,-1.40584,0.027683,0.056039,-0.008363,0.029564,-0.986436,0.161459,0.99861,0.0221,-0.047833,0.043616,0.162649,0.985719,1.2e-05,-8.1e-05,-4.5e-05,1e-06,-5e-06,1e-06,-0.828987,0.052712,0.041236,-0.052554,-0.554618,0.423511,-0.716266,-0.471124,-0.869352,-0.149228,-0.685887,0.254685,0.681685,-0.005338,0.003774,0.002432,0.003875,0.029134,-0.019652,0.265492
924,0.030898,0.033216,0.378409,-0.527505,0.457134,-0.716109,-0.560049,-0.820898,-0.111554,-0.638198,0.341638,0.689938,0.001626,0.003158,0.00226,0.002885,0.000449,-0.00278,0.333,-0.131447,0.074873,0.348996,0.066149,0.982073,0.17649,-0.997762,0.065871,0.00808,-0.003756,-0.177869,0.983977,4.9e-05,-0.000324,-0.000184,0.0,0.0,0.0,-1.405829,0.027672,0.05603,-0.008377,0.029674,-0.986422,0.161525,0.998605,0.022199,-0.047893,0.043657,0.162721,0.985705,2.7e-05,-0.000177,-0.0001,-7e-06,-9e-06,-1e-06,-0.829151,0.052708,0.041289,-0.052486,-0.557397,0.420008,-0.716171,-0.465842,-0.872237,-0.14897,-0.68724,0.250588,0.68184,3.5e-05,-0.003344,0.005803,-0.022856,0.011487,0.003032,0.263369
925,0.030943,0.033246,0.378468,-0.527836,0.45693,-0.715996,-0.55992,-0.821026,-0.111256,-0.638037,0.341602,0.690105,-0.000443,-0.007686,0.010883,-0.032709,0.022755,-0.013575,0.3273,-0.131436,0.074858,0.348997,0.066017,0.982065,0.176583,-0.997771,0.065734,0.008096,-0.003722,-0.177963,0.983961,2.4e-05,-0.000161,-9.1e-05,0.0,0.0,0.0,-1.405873,0.027677,0.056022,-0.008377,0.02981,-0.986404,0.16161,0.998603,0.022335,-0.047875,0.043615,0.162811,0.985692,1.1e-05,-7.2e-05,-3.9e-05,-4e-06,1e-05,1e-06,-0.829641,0.052732,0.041307,-0.052454,-0.557709,0.419773,-0.716065,-0.465712,-0.872357,-0.148674,-0.687075,0.250563,0.682016,-0.000221,-0.003841,0.005444,-0.033013,0.022801,-0.01326,0.25798
926,0.031024,0.033346,0.378626,-0.531518,0.453159,-0.715668,-0.554619,-0.824733,-0.110383,-0.639602,0.337683,0.690584,0.002263,0.004399,0.00314,-0.0,-0.0,-0.0,0.318934,-0.131428,0.074867,0.349002,0.06573,0.981654,0.178957,-0.997782,0.065757,0.006416,-0.005534,-0.180221,0.983541,-4.5e-05,0.000299,0.00017,0.0,0.0,-0.0,-1.405872,0.027681,0.056027,-0.008374,0.030197,-0.986001,0.163976,0.998521,0.02234,-0.049556,0.045199,0.16523,0.985218,-3.7e-05,0.00024,0.000137,-0.000318,-0.000452,4.6e-05,-0.828987,0.05277,0.041353,-0.052378,-0.560974,0.415618,-0.715939,-0.46006,-0.875504,-0.147768,-0.688223,0.246481,0.682345,0.001356,0.002643,0.001886,-0.003085,0.080743,-0.14935,0.246713
927,0.031078,0.033485,0.378895,-0.534865,0.449643,-0.715393,-0.549612,-0.828172,-0.109683,-0.641127,0.333958,0.690982,0.003495,0.006798,0.004841,0.000466,-0.013675,0.025364,0.316957,-0.131368,0.074876,0.349002,0.065883,0.981658,0.178878,-0.997772,0.06591,0.006433,-0.00554,-0.180142,0.983555,3.3e-05,-0.000215,-0.000122,0.0,0.0,0.0,-1.40595,0.027706,0.056032,-0.008373,0.030062,-0.986016,0.163911,0.998524,0.022208,-0.049541,0.045208,0.165159,0.985229,2.5e-05,-0.000168,-9.7e-05,1.4e-05,0.0,1.3e-05,-0.832906,0.052796,0.041419,-0.052246,-0.563946,0.411741,-0.715844,-0.454719,-0.878416,-0.147019,-0.689343,0.242598,0.682606,0.001682,0.003278,0.002336,0.00012,-0.013721,0.025692,0.240835
928,0.03113,0.033604,0.379295,-0.535134,0.449683,-0.715166,-0.549973,-0.827999,-0.109179,-0.640593,0.334332,0.691296,0.002436,-0.002079,0.014854,-0.032243,0.00908,0.01179,0.312014,-0.131324,0.074874,0.348998,0.065644,0.981243,0.181231,-0.997776,0.065988,0.00476,-0.007353,-0.182378,0.983131,0.0,-2e-06,-1e-06,0.0,0.0,-0.0,-1.405282,0.027733,0.056031,-0.008376,0.030376,-0.985616,0.166247,0.998442,0.022134,-0.051212,0.046796,0.167544,0.984753,-0.0,8e-06,4e-06,-0.000193,-0.000293,4.4e-05,-0.834049,0.052823,0.041483,-0.052049,-0.5642,0.411759,-0.715634,-0.455111,-0.878293,-0.146544,-0.688877,0.243013,0.682929,0.002142,0.004179,0.002966,0.000247,-0.013712,0.025591,0.236589
929,0.031145,0.033638,0.379562,-0.535236,0.44979,-0.715022,-0.550311,-0.827814,-0.108877,-0.640217,0.334645,0.691492,0.002715,-0.001535,0.015231,-0.03224,0.009086,0.011793,0.308564,-0.131333,0.074873,0.348998,0.065286,0.980819,0.183638,-0.997784,0.065957,0.003075,-0.009161,-0.184669,0.982688,0.0,-0.0,-0.0,0.0,0.0,-0.0,-1.405764,0.027728,0.056031,-0.008376,0.030835,-0.985192,0.168657,0.998352,0.02219,-0.052908,0.048382,0.170011,0.984253,1e-06,6e-06,4e-06,-0.017359,0.111636,-0.162011,-0.833233,0.052834,0.041499,-0.051922,-0.564295,0.411861,-0.715499,-0.455469,-0.878152,-0.146272,-0.688562,0.243348,0.683128,0.001391,-0.00069,0.007673,-0.032423,0.00905,0.011979,0.232997
930,0.031114,0.033677,0.380158,-0.535537,0.449995,-0.714668,-0.551069,-0.827409,-0.108113,-0.639313,0.335368,0.691979,0.002755,-0.001453,0.015271,-0.032232,0.009103,0.011801,0.307729,-0.13134,0.074864,0.348993,0.065369,0.980825,0.183577,-0.997779,0.066039,0.003081,-0.009165,-0.184608,0.9827,2e-06,-1.4e-05,-8e-06,0.0,0.0,-0.0,-1.405565,0.027725,0.056026,-0.008378,0.030747,-0.985207,0.16858,0.998355,0.022108,-0.052888,0.048379,0.169929,0.984267,1e-06,2e-06,3e-06,-1.6e-05,-3.1e-05,3.5e-05,-0.830457,0.052816,0.041522,-0.051616,-0.564639,0.412021,-0.715137,-0.456302,-0.87785,-0.145492,-0.687729,0.244168,0.683674,-0.004736,0.001508,0.008958,-0.033343,0.023795,-0.017644,0.228424
931,0.03092,0.033639,0.380829,-0.53684,0.447645,-0.715166,-0.546652,-0.830171,-0.109361,-0.642004,0.331675,0.691267,-0.010354,0.001251,0.016654,0.073511,0.040165,-0.120886,0.307819,-0.131346,0.074903,0.349005,0.06521,0.980814,0.18369,-0.997789,0.065886,0.003042,-0.009183,-0.18472,0.982678,-0.000128,0.000841,0.000478,-0.015749,0.114008,-0.162185,-1.405679,0.027722,0.056045,-0.008373,0.030784,-0.985202,0.168607,0.998353,0.022139,-0.052916,0.0484,0.169958,0.984261,-8.1e-05,0.000539,0.000307,1e-05,-3e-06,2.2e-05,-0.830457,0.052725,0.041504,-0.051279,-0.56558,0.409665,-0.715746,-0.451721,-0.880009,-0.146734,-0.689975,0.240328,0.68277,-6.8e-05,-0.006927,0.011411,0.292346,0.10049,-0.376103,0.227445
932,0.030815,0.033595,0.38117,-0.535175,0.448462,-0.715901,-0.546784,-0.829845,-0.111163,-0.64328,0.331388,0.690217,-0.010409,0.001141,0.016571,-0.033196,0.023861,-0.017731,0.308311,-0.131355,0.074901,0.349015,0.065069,0.980807,0.18378,-0.997799,0.065741,0.003055,-0.00915,-0.184812,0.982662,-2.6e-05,0.000168,9.6e-05,0.0,0.0,0.0,-1.405706,0.027717,0.056046,-0.008367,0.031054,-0.985166,0.168766,0.998347,0.022406,-0.05291,0.048344,0.170131,0.984234,-1.2e-05,7.9e-05,4.5e-05,-9e-06,1e-06,1.9e-05,-0.83062,0.052672,0.041481,-0.051109,-0.564061,0.410588,-0.716415,-0.451709,-0.879714,-0.148529,-0.691225,0.239833,0.681679,0.000759,-0.001909,0.006799,-0.033886,0.01054,0.010781,0.227282
933,0.030586,0.033484,0.381801,-0.534684,0.446776,-0.717322,-0.541948,-0.832539,-0.114649,-0.647761,0.326889,0.688169,-0.010966,5.2e-05,0.0158,-0.033718,0.037415,-0.04316,0.308025,-0.131336,0.074894,0.34903,0.064979,0.980801,0.183842,-0.997805,0.065642,0.003099,-0.009093,-0.184877,0.98265,-0.0,1e-06,1e-06,0.0,0.0,0.0,-1.405809,0.027726,0.056042,-0.008359,0.031146,-0.985154,0.168823,0.998347,0.022504,-0.052864,0.04828,0.170191,0.984227,3e-06,-1.6e-05,-1e-05,2e-05,8e-06,1.4e-05,-0.828987,0.052558,0.041427,-0.050793,-0.563337,0.40902,-0.717881,-0.446531,-0.881764,-0.151991,-0.695169,0.234934,0.67937,0.000872,-0.001698,0.006945,-0.035329,0.011864,0.009705,0.227281
934,0.030211,0.033443,0.382487,-0.531717,0.448139,-0.718675,-0.541937,-0.832081,-0.117972,-0.650209,0.326187,0.686191,-0.010612,0.000728,0.016265,-0.033164,0.02393,-0.017697,0.308093,-0.131339,0.07491,0.349029,0.064889,0.980795,0.183908,-0.997811,0.065558,0.003065,-0.009114,-0.184942,0.982637,-1.1e-05,6.9e-05,3.9e-05,0.0,0.0,0.0,-1.405632,0.027725,0.05605,-0.00836,0.031238,-0.98514,0.168885,0.998344,0.022589,-0.052897,0.048296,0.170257,0.984215,-6e-06,3.1e-05,1.5e-05,-6e-06,-4e-06,1.9e-05,-0.830784,0.05237,0.041404,-0.050452,-0.560514,0.410725,-0.719116,-0.446493,-0.881209,-0.155287,-0.697472,0.23404,0.677316,-0.005403,0.000196,0.00802,-0.036971,0.04022,-0.045576,0.226628
935,0.029844,0.033515,0.383069,-0.533394,0.445415,-0.719126,-0.536993,-0.835129,-0.119038,-0.652927,0.322112,0.685534,-0.009194,0.010259,0.006664,-0.000974,0.014705,-0.029544,0.308358,-0.131332,0.074926,0.349038,0.064703,0.980782,0.184041,-0.997823,0.065372,0.003049,-0.009104,-0.185075,0.982612,-3.3e-05,0.000218,0.000124,0.0,0.0,0.0,-1.405524,0.027729,0.056058,-0.008356,0.03143,-0.985113,0.169007,0.998339,0.022775,-0.05291,0.048273,0.17039,0.984193,-2.4e-05,0.000151,8.5e-05,-1.9e-05,-2e-06,1.2e-05,-0.83013,0.052191,0.041438,-0.050162,-0.561857,0.407867,-0.719694,-0.441228,-0.883672,-0.156335,-0.699738,0.229711,0.67646,-0.00536,0.000269,0.008069,-0.03716,0.027464,-0.02059,0.226628
936,0.029649,0.033582,0.383301,-0.529912,0.446785,-0.720848,-0.536373,-0.834915,-0.123257,-0.656264,0.320767,0.682974,-0.009224,0.010189,0.00661,0.003694,-0.002596,-0.00043,0.308246,-0.131341,0.074924,0.349048,0.064562,0.980774,0.184131,-0.997832,0.065227,0.003062,-0.00907,-0.185166,0.982595,-0.000142,0.000935,0.000531,-0.015748,0.113995,-0.162194,-1.405547,0.027725,0.056055,-0.008352,0.031448,-0.985111,0.169011,0.99834,0.022798,-0.052886,0.048245,0.170394,0.984193,-9.4e-05,0.000616,0.000349,-1.1e-05,-3e-06,8e-06,-0.83062,0.052089,0.041471,-0.05004,-0.558506,0.409649,-0.721289,-0.440534,-0.883266,-0.160529,-0.702851,0.228096,0.673774,-0.005727,-0.00044,0.007574,-0.025889,0.01687,-0.010586,0.227118
937,0.029211,0.033738,0.38361,-0.519095,0.449058,-0.727278,-0.535055,-0.834223,-0.133268,-0.665918,0.319391,0.674219,-0.012821,-0.003548,0.013272,0.111535,-0.119027,0.085292,0.303225,-0.131353,0.074947,0.349051,0.064371,0.980354,0.18642,-0.997826,0.065376,0.001365,-0.010913,-0.187339,0.982165,-8.2e-05,0.000536,0.000305,0.0,0.0,-0.0,-1.405593,0.027718,0.056067,-0.008349,0.031861,-0.984688,0.171387,0.998247,0.022796,-0.054603,0.04986,0.172827,0.983689,-4.3e-05,0.00028,0.000159,-0.001163,-0.0017,0.000137,-0.8316,0.051873,0.041557,-0.049886,-0.547865,0.412995,-0.727515,-0.439085,-0.882188,-0.170141,-0.712073,0.226227,0.66466,-0.005498,0.003388,0.002123,0.557893,-0.511076,0.499937,0.223526
938,0.028792,0.033957,0.383697,-0.517013,0.441948,-0.733093,-0.525393,-0.839922,-0.135889,-0.675159,0.31435,0.667362,0.000103,0.000198,0.000138,-0.021936,-0.146866,0.147974,0.300902,-0.131356,0.074968,0.349073,0.064427,0.980359,0.186377,-0.997823,0.065427,0.001395,-0.01089,-0.187298,0.982173,-9.2e-05,0.000608,0.000345,0.0,0.0,0.0,-1.405668,0.027717,0.056078,-0.008338,0.0318,-0.984699,0.171333,0.99825,0.022744,-0.054562,0.049831,0.172768,0.9837,-5.6e-05,0.000371,0.000211,-2.7e-05,-4e-05,1.9e-05,-0.831273,0.051658,0.041665,-0.049838,-0.544765,0.406196,-0.733644,-0.428743,-0.88678,-0.172621,-0.7207,0.220507,0.657241,-4e-06,-4e-06,6e-06,-0.008724,-0.102138,0.175294,0.215525
939,0.028606,0.034075,0.383687,-0.516778,0.435838,-0.736907,-0.521027,-0.84305,-0.133302,-0.678711,0.314514,0.663672,-0.012187,0.004467,0.002621,4.028893,0.560942,-3.571906,0.300883,-0.131359,0.074985,0.349072,0.064337,0.980352,0.186443,-0.997828,0.065342,0.001361,-0.010911,-0.187362,0.98216,-8.8e-05,0.000581,0.00033,0.0,0.0,0.0,-1.405406,0.027715,0.056086,-0.008339,0.031892,-0.984686,0.171393,0.998247,0.022829,-0.054595,0.049846,0.172834,0.983688,-5.5e-05,0.000357,0.000202,-0.015741,0.113988,-0.162191,-0.832253,0.051569,0.041721,-0.049846,-0.541621,0.403425,-0.737491,-0.42934,-0.887016,-0.169907,-0.722712,0.224609,0.653633,-4.5e-05,-8.6e-05,-5.2e-05,-0.039641,-0.069358,-0.029165,0.213892
940,0.028345,0.034353,0.383601,-0.513621,0.42394,-0.745998,-0.516658,-0.846907,-0.125637,-0.684422,0.320363,0.654952,-0.012158,0.004516,0.002653,-0.267848,-0.545885,-0.319462,0.298968,-0.131358,0.074977,0.349068,0.064197,0.980343,0.186539,-0.997838,0.065203,0.001349,-0.010904,-0.187459,0.982142,1.5e-05,-9.6e-05,-5.4e-05,0.0,0.0,0.0,-1.405694,0.027716,0.056083,-0.008341,0.032036,-0.984666,0.171482,0.998243,0.022968,-0.054605,0.049829,0.17293,0.983672,9e-06,-5.7e-05,-3.2e-05,4e-06,-4e-06,1.1e-05,-0.83356,0.051432,0.04186,-0.049888,-0.540101,0.39028,-0.745635,-0.419418,-0.892933,-0.163574,-0.729642,0.224387,0.645965,-0.006086,0.00224,0.00132,-0.244303,-0.477034,-0.27438,0.212749
941,0.028205,0.034643,0.383455,-0.51133,0.413761,-0.753252,-0.512022,-0.850573,-0.119714,-0.689599,0.323948,0.647717,-0.010318,0.014807,-0.006405,-0.053456,-0.187265,-0.108837,0.296823,-0.131364,0.074959,0.349069,0.064143,0.980341,0.186569,-0.997841,0.065145,0.001369,-0.010875,-0.187491,0.982136,3.9e-05,-0.000254,-0.000144,0.0,0.0,0.0,-1.405761,0.027713,0.056074,-0.00834,0.032092,-0.984659,0.171509,0.998243,0.023027,-0.054584,0.049797,0.172959,0.983668,2.5e-05,-0.000162,-9.2e-05,-1e-06,-7e-06,1.4e-05,-0.834213,0.051362,0.042005,-0.049961,-0.535634,0.37939,-0.754425,-0.414684,-0.896427,-0.15638,-0.735617,0.229086,0.637484,-0.005163,0.007392,-0.003208,-0.042245,-0.152925,-0.085954,0.210463
942,0.028097,0.03479,0.383407,-0.51239,0.402507,-0.75861,-0.502483,-0.856848,-0.115307,-0.695794,0.3216,0.642239,0.000503,0.000959,0.000666,-0.025216,-0.053703,-0.028107,0.29082,-0.131364,0.074961,0.349059,0.064017,0.980332,0.186659,-0.997849,0.065025,0.001332,-0.010895,-0.18758,0.982119,1e-06,-6e-06,-3e-06,0.0,0.0,0.0,-1.405102,0.027713,0.056074,-0.008345,0.032221,-0.98464,0.171592,0.998238,0.023148,-0.054619,0.049808,0.17305,0.983652,-2e-06,8e-06,5e-06,-2e-06,5e-06,1.3e-05,-0.834213,0.051307,0.042076,-0.049987,-0.535296,0.368248,-0.760164,-0.404691,-0.901755,-0.151861,-0.741405,0.226341,0.631733,-0.005734,0.002905,0.001779,-0.012959,0.001687,-0.030791,0.206217
943,0.028007,0.034774,0.383465,-0.514693,0.39958,-0.758599,-0.497571,-0.859708,-0.115316,-0.697618,0.317602,0.642251,-0.001829,-0.01027,0.009071,-0.028238,-0.07066,0.16112,0.288193,-0.131356,0.074969,0.349064,0.064057,0.980334,0.186636,-0.997847,0.065064,0.001336,-0.010896,-0.187556,0.982123,-3.3e-05,0.000216,0.000123,0.0,0.0,0.0,-1.405512,0.027717,0.056079,-0.008343,0.03218,-0.984645,0.171571,0.998239,0.023108,-0.054615,0.049812,0.173026,0.983656,-2.1e-05,0.000142,8.3e-05,1.3e-05,-2e-06,9e-06,-0.834376,0.051264,0.042074,-0.04996,-0.537536,0.365315,-0.759999,-0.399472,-0.904053,-0.152018,-0.742614,0.221884,0.631894,-0.006074,0.002259,0.00133,0.006401,0.027809,-0.02438,0.203278
944,0.027882,0.034664,0.383628,-0.515566,0.399083,-0.758268,-0.4975,-0.859876,-0.114367,-0.697023,0.317772,0.642812,0.0,0.0,0.0,-0.0,-0.0,-0.0,0.281769,-0.131358,0.074977,0.349068,0.063708,0.980311,0.186876,-0.997869,0.064717,0.001304,-0.010878,-0.187798,0.982077,-0.0,3e-06,2e-06,0.0,0.0,0.0,-1.405196,0.027716,0.056083,-0.008341,0.032538,-0.984595,0.171792,0.99823,0.023455,-0.054642,0.049771,0.173266,0.983616,1e-06,-7e-06,-5e-06,-1.7e-05,1.2e-05,7e-06,-0.834376,0.051201,0.042015,-0.049875,-0.538335,0.364905,-0.75963,-0.399486,-0.904178,-0.151235,-0.742028,0.222046,0.632525,-6e-06,-7e-06,-2e-06,0.000281,0.000299,-3.6e-05,0.196093
945,0.027833,0.03451,0.383764,-0.516618,0.396582,-0.758863,-0.492098,-0.862768,-0.115942,-0.700067,0.313039,0.641825,-1e-06,-1e-06,-1e-06,-0.0,-0.0,-0.0,0.270697,-0.131369,0.074992,0.349067,0.063595,0.980304,0.186953,-0.997876,0.064611,0.001268,-0.010898,-0.187873,0.982063,-1.1e-05,6.9e-05,3.9e-05,0.0,0.0,0.0,-1.405704,0.02771,0.056091,-0.008341,0.032653,-0.984579,0.171863,0.998225,0.023562,-0.054677,0.049784,0.173343,0.983601,-6e-06,3.3e-05,1.8e-05,-1e-05,8e-06,5e-06,-0.834539,0.051176,0.041938,-0.049807,-0.539104,0.362314,-0.760325,-0.393743,-0.906438,-0.152759,-0.744535,0.21702,0.631323,-0.000917,-0.005135,0.00454,-0.033422,0.023713,-0.014258,0.184336
946,0.027799,0.034456,0.383847,-0.516925,0.396435,-0.758731,-0.492137,-0.862794,-0.115584,-0.699813,0.313153,0.642047,-0.001498,-0.009638,0.009516,-0.032645,0.022877,-0.013524,0.264671,-0.131359,0.074985,0.349072,0.063603,0.980304,0.186948,-0.997876,0.064613,0.001295,-0.010872,-0.18787,0.982064,-0.0,1e-06,1e-06,0.0,0.0,0.0,-1.405326,0.027715,0.056087,-0.008338,0.032646,-0.98458,0.171858,0.998227,0.023559,-0.05465,0.049758,0.173338,0.983604,0.0,-8e-06,-6e-06,-5e-06,4e-06,3e-06,-0.834703,0.051159,0.041914,-0.04977,-0.539386,0.362133,-0.760211,-0.393776,-0.906481,-0.152417,-0.744313,0.217141,0.631543,-0.00586,0.002682,0.001619,-0.00108,0.014824,-0.029649,0.176498
947,0.027693,0.034387,0.384026,-0.513277,0.398174,-0.760295,-0.491669,-0.862481,-0.119832,-0.702822,0.311806,0.63941,-0.001253,-0.00917,0.009843,-0.032643,0.022872,-0.013523,0.256244,-0.131349,0.074978,0.349068,0.064572,0.979476,0.190913,-0.997816,0.065523,0.001926,-0.010687,-0.191856,0.981295,1e-06,-4e-06,-2e-06,-0.134726,0.102883,0.08556,-1.405725,0.02772,0.056083,-0.008341,0.032129,-0.983913,0.17573,0.998261,0.022899,-0.054301,0.049404,0.17717,0.982938,-1e-06,2e-06,-0.0,-0.200015,0.147667,0.112669,-0.834866,0.051107,0.041879,-0.04968,-0.535882,0.364315,-0.761646,-0.393239,-0.905987,-0.156681,-0.747123,0.215547,0.628765,0.000363,0.00069,0.000481,-0.003212,0.00316,-0.003084,0.161802
948,0.027531,0.034362,0.384269,-0.514897,0.399793,-0.758348,-0.49167,-0.862337,-0.120855,-0.701634,0.310127,0.641527,-0.012798,-0.003482,0.013306,-0.033063,0.038777,-0.042468,0.253342,-0.13136,0.074992,0.349077,0.064707,0.979486,0.190816,-0.997807,0.065658,0.001938,-0.010694,-0.191758,0.981314,-1.7e-05,0.000115,6.5e-05,-2.9e-05,2.2e-05,1.8e-05,-1.405458,0.027715,0.056091,-0.008336,0.031666,-0.983914,0.175811,0.998287,0.022479,-0.054003,0.049183,0.17722,0.982941,-1e-05,6.1e-05,3.5e-05,0.00211,-0.001635,-0.000699,-0.834539,0.05103,0.041864,-0.04956,-0.537783,0.365771,-0.759605,-0.393249,-0.905797,-0.157755,-0.74575,0.213876,0.630961,0.000741,0.001412,0.000982,-0.003473,-0.010268,-0.00694,0.154127
949,0.027317,0.034378,0.384647,-0.51578,0.399384,-0.757964,-0.491833,-0.862393,-0.119796,-0.700872,0.310501,0.64218,-0.011136,-0.000332,0.015488,-0.03304,0.024194,-0.017569,0.250642,-0.131342,0.074986,0.349082,0.064614,0.979479,0.190884,-0.997813,0.06556,0.001956,-0.010662,-0.191828,0.9813,-0.0,0.0,0.0,-0.0,0.0,0.0,-1.405383,0.027724,0.056088,-0.008333,0.031773,-0.983902,0.175858,0.998285,0.022585,-0.054004,0.049163,0.177273,0.982932,0.0,-7e-06,-5e-06,1.4e-05,-1.2e-05,-0.00017,-0.836336,0.050916,0.041867,-0.049369,-0.538605,0.36515,-0.759321,-0.393423,-0.905924,-0.156585,-0.745065,0.214397,0.631594,-0.00552,-6.3e-05,0.007818,-0.033211,0.023956,-0.017656,0.149882
950,0.027203,0.034401,0.384876,-0.514086,0.400231,-0.758667,-0.491702,-0.862196,-0.121731,-0.702207,0.309954,0.640984,0.003312,0.006275,0.004342,0.000591,-0.013392,0.025513,0.249084,-0.131344,0.075001,0.349091,0.06465,0.979482,0.190859,-0.997811,0.065595,0.001959,-0.010664,-0.191804,0.981305,-0.000184,0.001208,0.000686,-0.0,0.0,0.0,-1.405475,0.027723,0.056092,-0.008331,0.031739,-0.983907,0.175836,0.998285,0.022552,-0.054002,0.049167,0.177248,0.982936,-0.000128,0.000834,0.000473,0.002256,-0.016519,0.023363,-0.836662,0.050858,0.041876,-0.049256,-0.537,0.366185,-0.759959,-0.393258,-0.905661,-0.158508,-0.746309,0.213741,0.630345,-0.005411,0.00014,0.007958,-0.034237,0.025259,-0.018593,0.148086
