frame,MLTx,MLTy,MLTz,MLTR1,MLTR2,MLTR3,MLTR4,MLTR5,MLTR6,MLTR7,MLTR8,MLTR9,MLTTVx,MLTTVy,MLTTVz,MLTRVx,MLTRVy,MLTRVz,MLGA,MRTx,MRTy,MRTz,MRTR1,MRTR2,MRTR3,MRTR4,MRTR5,MRTR6,MRTR7,MRTR8,MRTR9,MRTTVx,MRTTVy,MRTTVz,MRTRVx,MRTRVy,MRTRVz,MRGA,SLTx,SLTy,SLTz,SLTR1,SLTR2,SLTR3,SLTR4,SLTR5,SLTR6,SLTR7,SLTR8,SLTR9,SLTTVx,SLTTVy,SLTTVz,SLTRVx,SLTRVy,SLTRVz,SLGA,SRTx,SRTy,SRTz,SRTR1,SRTR2,SRTR3,SRTR4,SRTR5,SRTR6,SRTR7,SRTR8,SRTR9,SRTTVx,SRTTVy,SRTTVz,SRTRVx,SRTRVy,SRTRVz,SRGA
85,0.194516,-0.008175,0.347563,-0.495662,0.204124,-0.844215,-0.618715,-0.76512,0.178203,-0.60894,0.610398,0.506589,1e-06,-8.5e-05,-7.1e-05,0.0,0.0,0.0,0.272113,-0.260639,-0.020489,0.358521,-0.832977,0.538113,0.128747,-0.390697,-0.736631,0.551964,0.392907,0.408791,0.823637,-0.014951,0.037669,-0.039673,-0.99919,-0.407191,-1.017889,-1.299789,-0.001214,0.033699,0.008688,0.916168,-0.382326,0.120253,0.251194,0.781547,0.571038,-0.312307,-0.492961,0.812067,-0.000436,0.022621,-0.02574,-1.281717,0.746584,0.521289,-0.891038,0.096351,0.036462,-0.044307,0.663976,-0.227531,-0.712295,0.523327,0.821804,0.225314,0.534101,-0.522367,0.664731,1e-06,-4.6e-05,-3.8e-05,7e-06,1.7e-05,0.0,0.161475
86,0.194516,-0.008187,0.34754,-0.495703,0.204106,-0.844195,-0.618678,-0.765144,0.178226,-0.608944,0.610375,0.506614,4e-06,-0.000291,-0.000242,0.0,0.0,0.0,0.27701,-0.261098,-0.018796,0.356978,-0.832887,0.537492,0.131881,-0.369936,-0.717758,0.589835,0.412739,0.441796,0.796446,-0.013046,0.053943,-0.043584,-1.115819,0.493312,0.574655,-1.397813,-0.001447,0.034528,0.007908,0.918241,-0.376258,0.123537,0.22997,0.760579,0.607151,-0.322405,-0.529101,0.784924,0.000561,0.026043,-0.022721,-1.18336,-0.49736,-0.674402,-0.865565,0.096351,0.036456,-0.044319,0.66401,-0.227509,-0.71227,0.523286,0.821826,0.225328,0.534099,-0.522341,0.664753,2e-06,-0.000169,-0.000142,-6e-06,2e-06,-9e-06,0.162945
87,0.194495,-0.008198,0.347505,-0.495664,0.204123,-0.844214,-0.618666,-0.765169,0.178164,-0.608989,0.610338,0.506604,6e-06,-0.000406,-0.000337,0.0,0.0,0.0,0.277419,-0.26134,-0.016958,0.355397,-0.830353,0.541168,0.13282,-0.359024,-0.701693,0.615356,0.427254,0.46259,0.776742,-0.013865,0.041191,-0.036484,-0.426845,2.566298,-1.160429,-1.399392,-0.001571,0.035477,0.007111,0.91649,-0.381199,0.121372,0.224221,0.740717,0.633295,-0.331314,-0.553195,0.764333,0.000339,0.025255,-0.023369,-0.485192,0.215139,0.51717,-0.959783,0.09634,0.03645,-0.044336,0.663977,-0.22753,-0.712295,0.523284,0.821845,0.225263,0.534142,-0.522302,0.664749,3e-06,-0.000236,-0.000194,5e-06,5e-06,3e-06,0.16768
88,0.194494,-0.008201,0.347463,-0.495694,0.20411,-0.844199,-0.618603,-0.765222,0.178151,-0.609028,0.610274,0.506633,6e-06,-0.00042,-0.000349,0.0,0.0,0.0,0.276708,-0.261064,-0.015296,0.353643,-0.825167,0.546694,0.142182,-0.348716,-0.690841,0.633301,0.445484,0.472303,0.760485,0.014335,0.047433,-0.049585,-0.677065,0.360187,0.521845,-1.399952,-0.001444,0.036304,0.006237,0.911808,-0.388265,0.133622,0.214777,0.728325,0.650702,-0.349965,-0.564617,0.747483,0.007211,0.018959,-0.019873,-0.766938,0.662072,0.286702,-0.949986,0.09634,0.036448,-0.044357,0.664003,-0.227514,-0.712275,0.523222,0.821893,0.225234,0.53417,-0.522234,0.66478,4e-06,-0.000198,-0.000165,-1e-06,7e-06,-6e-06,0.167354
89,0.194493,-0.008204,0.347421,-0.495601,0.204154,-0.844244,-0.618602,-0.765252,0.178025,-0.609105,0.610222,0.506604,2.9e-05,-0.001964,-0.001631,-0.000879,0.013778,-0.025297,0.277384,-0.260893,-0.014457,0.352834,-0.823702,0.547479,0.147558,-0.338894,-0.683815,0.646128,0.455679,0.481514,0.748574,0.014658,0.038985,-0.038771,-1.056768,0.531678,0.640248,-1.400414,-0.00136,0.036723,0.005825,0.910885,-0.388611,0.138816,0.2063,0.720177,0.662408,-0.357391,-0.57474,0.736168,0.000489,0.025788,-0.022851,-0.660708,0.460278,0.350789,-0.948026,0.096339,0.036451,-0.044375,0.663907,-0.227579,-0.712344,0.523256,0.821909,0.225094,0.534256,-0.52218,0.664754,6e-06,-0.000434,-0.00036,-1e-06,-1.3e-05,0.0,0.167191
90,0.194491,-0.008199,0.347306,-0.495532,0.20419,-0.844275,-0.618493,-0.765383,0.177841,-0.609271,0.610046,0.506616,3.4e-05,-0.002266,-0.001883,0.0,0.0,0.0,0.274435,-0.260437,-0.012586,0.351142,-0.819309,0.549833,0.162504,-0.316178,-0.669557,0.672056,0.479352,0.498541,0.722179,0.01567,0.052409,-0.045091,-1.101793,0.45494,0.699106,-1.400265,-0.001132,0.037652,0.00498,0.906903,-0.392231,0.153885,0.186434,0.701094,0.688265,-0.377847,-0.5955,0.70895,0.007909,0.026411,-0.022374,-1.381875,0.491049,0.743221,-0.941005,0.096338,0.036452,-0.044433,0.663864,-0.227611,-0.712373,0.523165,0.822021,0.224895,0.534397,-0.521989,0.664789,2.1e-05,-0.001338,-0.001112,-0.000866,0.013795,-0.025285,0.166047
91,0.194457,-0.008208,0.347168,-0.49569,0.20412,-0.844199,-0.618254,-0.765574,0.17785,-0.609384,0.609831,0.506739,3.6e-05,-0.002443,-0.002032,0.0,0.0,0.0,0.272196,-0.259878,-0.010461,0.349307,-0.81714,0.54866,0.176765,-0.288452,-0.65453,0.698799,0.500125,0.519329,0.692846,0.015055,0.050412,-0.046744,-0.818927,0.337237,0.612097,-1.399736,-0.000851,0.038723,0.00407,0.904078,-0.392798,0.168378,0.161798,0.679256,0.715844,-0.395554,-0.619935,0.677655,0.007662,0.030447,-0.027863,-1.063185,0.572088,0.467833,-0.93382,0.096322,0.036447,-0.044503,0.664,-0.227524,-0.712275,0.522918,0.822193,0.224841,0.534471,-0.521757,0.664912,2.4e-05,-0.001423,-0.001184,-0.000878,0.013797,-0.02529,0.162292
92,0.194446,-0.008218,0.347121,-0.495635,0.204146,-0.844226,-0.618234,-0.765611,0.177759,-0.60945,0.609775,0.506727,2.2e-05,-0.001509,-0.001256,0.0,0.0,0.0,0.270649,-0.259519,-0.009364,0.348276,-0.818075,0.545472,0.18222,-0.272838,-0.64686,0.712085,0.507319,0.532127,0.67774,0.015245,0.060888,-0.055634,-0.762953,0.29079,0.62857,-1.399581,-0.000666,0.039289,0.003536,0.904194,-0.3902,0.173715,0.148091,0.667884,0.729382,-0.400626,-0.633777,0.661682,0.007623,0.030364,-0.027902,-0.746274,0.281078,0.641341,-0.93382,0.096316,0.03644,-0.044528,0.663952,-0.227556,-0.712309,0.522914,0.822222,0.224746,0.534534,-0.521697,0.664908,1.7e-05,-0.000894,-0.000745,3e-06,-2e-06,4e-06,0.161312
93,0.194434,-0.008228,0.347007,-0.495619,0.204156,-0.844232,-0.618115,-0.765736,0.177636,-0.609584,0.609615,0.506759,1.9e-05,-0.001294,-0.001078,0.0,0.0,0.0,0.265835,-0.258989,-0.007251,0.346137,-0.820981,0.53634,0.19576,-0.238612,-0.633623,0.73588,0.519747,0.556747,0.647888,0.014115,0.05699,-0.058926,-0.888318,0.430476,0.469379,-1.39932,-0.000405,0.040328,0.002492,0.905684,-0.38026,0.187452,0.117097,0.649325,0.751441,-0.40746,-0.658618,0.632611,0.006731,0.022385,-0.025785,-1.055848,0.54885,0.435703,-0.928758,0.09631,0.036435,-0.044586,0.663939,-0.227568,-0.712318,0.522814,0.822328,0.224592,0.534649,-0.521525,0.664951,1.3e-05,-0.000749,-0.000624,1e-06,-0.0,5e-06,0.156413
94,0.194411,-0.008229,0.346875,-0.495613,0.204161,-0.844234,-0.617958,-0.765895,0.177497,-0.609747,0.609413,0.506805,3.8e-05,-0.002617,-0.00218,0.0,0.0,0.0,0.259808,-0.258477,-0.005384,0.343991,-0.820337,0.535097,0.201765,-0.21441,-0.614689,0.759026,0.531201,0.578711,0.618694,0.013064,0.043633,-0.052448,-0.795974,0.059148,-0.104457,-1.399252,-0.000144,0.041282,0.001396,0.904348,-0.380515,0.19329,0.096938,0.624184,0.775239,-0.415639,-0.682349,0.601367,0.006526,0.021679,-0.026362,-0.766425,0.051371,-0.11067,-0.928268,0.096298,0.036436,-0.04465,0.663935,-0.227573,-0.71232,0.522678,0.822464,0.224412,0.534788,-0.521309,0.665009,2.4e-05,-0.00138,-0.00115,7e-06,4e-06,1.5e-05,0.148902
95,0.194375,-0.008213,0.346651,-0.49552,0.20421,-0.844277,-0.617717,-0.766165,0.177169,-0.610066,0.609058,0.506848,-0.000431,0.006183,-0.012494,0.034878,0.003716,-0.005509,0.255127,-0.257854,-0.003723,0.341935,-0.815995,0.536509,0.215176,-0.188504,-0.598694,0.778438,0.547483,0.593952,0.589361,0.013054,0.043739,-0.052274,-1.915345,-3.846621,-3.039073,-1.39889,0.000162,0.042093,0.000385,0.898351,-0.38772,0.206489,0.078173,0.603667,0.793393,-0.432265,-0.696604,0.572614,0.013443,0.020808,-0.02721,-1.007769,0.538464,0.326411,-0.925329,0.09628,0.036444,-0.044755,0.663851,-0.227633,-0.712379,0.522507,0.822674,0.224036,0.535058,-0.52095,0.665073,3.3e-05,-0.002007,-0.001673,-6e-06,-0.0,2e-06,0.142044
96,0.194329,-0.008196,0.346482,-0.494828,0.201617,-0.845305,-0.617239,-0.766241,0.1785,-0.611111,0.609828,0.504659,-0.014388,0.005451,-0.012498,0.029342,-0.015039,-0.020342,0.250218,-0.257462,-0.002958,0.340903,-0.808178,0.544975,0.223251,-0.179152,-0.588438,0.788402,0.562038,0.596475,0.572882,0.012596,0.042139,-0.053658,-1.039421,0.611545,0.330632,-1.399002,0.000358,0.042478,-0.000129,0.894851,-0.391477,0.214443,0.067397,0.593416,0.802069,-0.441245,-0.70328,0.557403,0.013168,0.019849,-0.028047,-0.652827,0.416611,0.208088,-0.924513,0.096263,0.036452,-0.044841,0.663115,-0.224982,-0.713905,0.521808,0.822745,0.225403,0.536651,-0.521989,0.662972,4.8e-05,-0.002971,-0.002481,0.009214,0.017937,-0.029311,0.137635
97,0.194214,-0.008149,0.345956,-0.493809,0.196261,-0.84716,-0.615861,-0.766693,0.181303,-0.613321,0.611014,0.500527,-0.01434,0.001512,-0.015804,0.014865,-0.050206,-0.072027,0.235009,-0.256437,-0.001582,0.338876,-0.795804,0.555597,0.240828,-0.155285,-0.571474,0.805753,0.586293,0.603112,0.54072,0.026285,0.039972,-0.055775,-1.067851,0.729822,0.179457,-1.399247,0.000865,0.043165,-0.001142,0.884702,-0.404567,0.231574,0.047256,0.572052,0.818854,-0.463754,-0.713499,0.525214,0.020049,0.014052,-0.024226,-0.742851,0.528271,0.093727,-0.922063,0.096199,0.03648,-0.045106,0.66209,-0.219739,-0.716484,0.519895,0.823256,0.22794,0.539763,-0.523414,0.659311,-0.00716,0.00059,-0.008039,0.041271,-0.007138,-0.05877,0.121469
98,0.194026,-0.008019,0.345077,-0.490505,0.188488,-0.850837,-0.617887,-0.763696,0.186965,-0.613936,0.61719,0.492123,-0.000801,0.007837,-0.028834,-0.021877,-0.321584,-0.189041,0.197824,-0.255061,-0.000308,0.336862,-0.779223,0.568995,0.262771,-0.130996,-0.557699,0.819601,0.613865,0.6035,0.508744,0.040048,0.038272,-0.057515,-0.797028,0.677918,-0.024441,-1.399117,0.001548,0.043803,-0.002149,0.870559,-0.422042,0.252993,0.025845,0.552657,0.833007,-0.491383,-0.718644,0.492029,0.019988,0.018882,-0.029008,-0.862201,0.649011,0.172513,-0.926472,0.096105,0.036547,-0.045544,0.65925,-0.213228,-0.721056,0.521165,0.820817,0.233764,0.54201,-0.529898,0.652251,-0.000384,0.003734,-0.01457,-0.042362,-0.361704,-0.204331,0.085709
99,0.193897,-0.007921,0.344501,-0.488588,0.185914,-0.852504,-0.620829,-0.760584,0.18988,-0.612499,0.621798,0.488098,-0.000774,0.005618,-0.03073,-0.01985,-0.313102,-0.184985,0.168611,-0.254189,0.000399,0.33573,-0.769058,0.576651,0.275709,-0.116249,-0.550184,0.826872,0.629463,0.603121,0.489779,0.04003,0.038434,-0.057361,-1.061993,0.826509,0.0831,-1.399035,0.001963,0.044142,-0.002693,0.862598,-0.430687,0.265391,0.01335,0.543801,0.839108,-0.505713,-0.72027,0.474831,0.019739,0.013116,-0.025073,-0.993103,0.76329,-0.008837,-0.927452,0.096041,0.036595,-0.04582,0.657599,-0.211115,-0.723182,0.523712,0.818154,0.237379,0.54156,-0.53484,0.64858,-0.007359,0.002579,-0.015249,-0.069737,-0.417925,-0.267172,0.05599
100,0.193534,-0.007598,0.34303,-0.483321,0.181126,-0.856528,-0.626296,-0.755129,0.193661,-0.611118,0.629812,0.479478,-0.001219,0.012189,-0.043005,0.070302,-0.110211,-0.082918,0.129038,-0.252207,0.001776,0.333317,-0.749153,0.591581,0.297981,-0.089571,-0.536038,0.839389,0.657225,0.601382,0.454156,0.053147,0.044422,-0.070473,-0.900526,0.871263,-0.095484,-1.398543,0.002951,0.044833,-0.00389,0.845743,-0.449742,0.287141,-0.010279,0.524299,0.851471,-0.533491,-0.723078,0.438799,0.026508,0.016857,-0.030977,-0.837912,0.799243,-0.134683,-0.930554,0.095865,0.036753,-0.046538,0.652579,-0.206226,-0.729116,0.528576,0.81335,0.243039,0.542906,-0.543995,0.639781,-0.007584,0.006141,-0.021149,0.084655,-0.113173,-0.098659,-0.015858
101,0.193054,-0.007079,0.341234,-0.476086,0.163273,-0.864135,-0.62197,-0.757171,0.199544,-0.621132,0.63226,0.463108,-0.015683,0.019493,-0.054079,0.77691,-2.136176,1.782179,0.122866,-0.250022,0.003084,0.330835,-0.729662,0.606657,0.315518,-0.066686,-0.522189,0.85018,0.681431,0.598525,0.421049,0.066307,0.030816,-0.064867,-0.970523,0.926021,-0.041265,-1.399161,0.004058,0.045503,-0.005158,0.829147,-0.468818,0.304504,-0.030411,0.506068,0.861957,-0.558201,-0.72395,0.405348,0.026294,0.016244,-0.031566,-0.603535,0.729353,-0.22443,-0.93284,0.095625,0.03701,-0.047445,0.648737,-0.190839,-0.736694,0.522436,0.815576,0.248786,0.553352,-0.546273,0.628796,-0.007811,0.009768,-0.027007,0.102284,-0.076265,-0.28383,-0.045087
102,0.192455,-0.006397,0.339015,-0.468,0.145437,-0.871705,-0.616845,-0.76009,0.204295,-0.632287,0.633133,0.446522,-0.016146,0.026511,-0.066053,0.027863,-0.377447,-0.448618,0.119899,-0.247577,0.004204,0.328435,-0.706881,0.619112,0.342067,-0.037116,-0.515251,0.856196,0.707205,0.59174,0.386739,0.066371,0.031615,-0.064259,-0.587409,0.944671,-0.786127,-1.398423,0.005305,0.046073,-0.006384,0.808071,-0.487612,0.330538,-0.058996,0.491296,0.868992,-0.586123,-0.721708,0.368235,0.033217,0.015778,-0.032201,-0.548313,0.964376,-0.872225,-0.934147,0.095325,0.037348,-0.04855,0.638559,-0.173927,-0.74966,0.517177,0.818348,0.250667,0.569885,-0.547773,0.612514,-0.007794,0.007445,-0.029079,-0.073479,-0.51218,-0.550063,-0.053088
103,0.192114,-0.006021,0.337754,-0.460808,0.135986,-0.877045,-0.61446,-0.761926,0.204646,-0.639848,0.63304,0.435755,-0.016132,0.022937,-0.069243,0.059376,-0.25589,-0.407845,0.116668,-0.246241,0.004599,0.327361,-0.691509,0.624403,0.363217,-0.01499,-0.514962,0.857043,0.723036,0.586408,0.364974,0.066137,0.010548,-0.046962,-0.654208,1.071467,-0.996947,-1.398312,0.005947,0.046264,-0.006905,0.79441,-0.496004,0.350559,-0.079891,0.486819,0.869841,-0.602104,-0.719017,0.347108,0.040168,0.01024,-0.028307,-0.977537,1.93137,-2.598274,-0.934147,0.095155,0.03754,-0.049177,0.631746,-0.164766,-0.757461,0.514553,0.819961,0.250792,0.579768,-0.548191,0.602788,-0.007791,0.00612,-0.030275,0.01624,-0.295613,-0.45617,-0.057824
104,0.191351,-0.005221,0.334947,-0.438616,0.111481,-0.891758,-0.606584,-0.768865,0.202174,-0.662565,0.629461,0.405972,-0.016146,0.018397,-0.073476,2.161803,-2.345503,1.212716,0.11219,-0.243393,0.004962,0.325566,-0.649115,0.651003,0.393492,0.006628,-0.512281,0.858754,0.761427,0.559205,0.32769,0.08019,-0.00018,-0.03903,1.541835,5.600476,1.468744,-1.39799,0.007396,0.046448,-0.007822,0.758175,-0.529028,0.381181,-0.102092,0.481066,0.870719,-0.644008,-0.699073,0.310723,0.040326,-0.000327,-0.019577,1.449713,5.632778,1.506112,-0.927778,0.094767,0.037948,-0.050607,0.612195,-0.143143,-0.777641,0.506862,0.82588,0.247003,0.606882,-0.545372,0.578154,-0.00803,0.008866,-0.037012,2.194631,-2.340864,1.214455,-0.064845
105,0.190442,-0.004441,0.331789,-0.410596,0.084801,-0.90789,-0.591739,-0.782299,0.194487,-0.693245,0.616982,0.372522,-0.030707,0.023165,-0.08715,0.199916,-0.894755,-0.137789,0.114114,-0.240147,0.004802,0.324235,-0.59231,0.683991,0.425812,0.011229,-0.521299,0.853261,0.806323,0.509304,0.300525,0.094542,-0.010017,-0.030393,-0.144596,0.596994,-0.56806,-1.397988,0.008984,0.04637,-0.008477,0.707124,-0.574946,0.411596,-0.107282,0.488122,0.866156,-0.698903,-0.656637,0.283481,0.040507,-0.00362,-0.013783,-0.035752,0.768214,-0.731153,-0.930881,0.094324,0.038332,-0.052151,0.58628,-0.121029,-0.801016,0.493073,0.837844,0.234297,0.64277,-0.532323,0.550887,-0.008259,0.011507,-0.043911,0.565786,-1.576224,0.160943,-0.067621
106,0.189878,-0.004051,0.330114,-0.389113,0.073377,-0.918288,-0.583556,-0.790932,0.184016,-0.712323,0.607381,0.351727,-0.030759,0.021984,-0.08845,0.545904,-2.468952,2.079241,0.118593,-0.238346,0.004556,0.323759,-0.559956,0.698051,0.446279,0.017778,-0.528265,0.848854,0.82898,0.482365,0.282806,0.095059,-0.018475,-0.019978,-0.548919,0.88019,-0.635083,-1.398226,0.009884,0.046248,-0.008721,0.67866,-0.594099,0.431816,-0.114234,0.495404,0.861118,-0.725513,-0.633735,0.268345,0.047641,-0.003419,-0.01388,-0.851929,1.235773,-1.123469,-0.933003,0.094042,0.038525,-0.052991,0.569059,-0.111497,-0.814702,0.485532,0.845174,0.22347,0.663648,-0.522732,0.53509,-0.015314,0.010652,-0.044503,0.164349,-0.358145,-0.020251,-0.065988
107,0.188576,-0.003339,0.326568,-0.324402,0.06354,-0.943807,-0.57081,-0.808746,0.141694,-0.7539,0.584618,0.299805,-0.030905,0.017328,-0.093286,0.069779,-1.231072,0.359023,0.131591,-0.234177,0.003893,0.323006,-0.491796,0.715546,0.496107,0.034418,-0.553227,0.83228,0.870589,0.425477,0.246796,0.123789,-0.016945,-0.019853,-0.496046,1.566571,-0.926716,-1.397983,0.011958,0.045916,-0.009097,0.615749,-0.62429,0.480743,-0.134766,0.517693,0.844885,-0.776331,-0.585025,0.234636,0.055044,-0.007464,-0.008843,0.201683,2.946,-2.621702,-0.926635,0.093391,0.038883,-0.054761,0.508321,-0.109641,-0.854158,0.480951,0.858906,0.17597,0.714349,-0.500258,0.489332,-0.022437,0.00843,-0.046532,0.169753,-1.670124,0.8206,-0.050802
108,0.186926,-0.002762,0.322858,-0.276835,0.061845,-0.958949,-0.564822,-0.817797,0.110259,-0.777069,0.572078,0.262521,-0.045256,0.015408,-0.095258,0.21291,-0.814857,0.970595,0.138421,-0.229356,0.003229,0.322212,-0.44336,0.707041,0.550923,0.070791,-0.584973,0.807917,0.894037,0.396301,0.208582,0.123768,-0.017761,-0.021182,-0.386511,0.954592,-0.989114,-1.398031,0.014323,0.045599,-0.009478,0.566541,-0.627313,0.534329,-0.175998,0.541353,0.822168,-0.805018,-0.559833,0.196293,0.068853,-0.009358,-0.011355,-1.117763,2.018736,-3.09657,-0.934473,0.092588,0.039167,-0.056586,0.464749,-0.109699,-0.878619,0.480094,0.864989,0.145951,0.743986,-0.489651,0.454669,-0.022552,0.007513,-0.047758,0.224072,-0.680308,0.807364,-0.037086
109,0.184766,-0.002408,0.319388,-0.244309,0.056975,-0.968045,-0.566106,-0.818866,0.094621,-0.787012,0.571059,0.233517,-0.059353,0.004814,-0.086917,0.146847,-0.836146,0.648433,0.157792,-0.224372,0.002527,0.321311,-0.393868,0.690363,0.606843,0.114674,-0.618029,0.777705,0.912413,0.375027,0.163467,0.137691,-0.020052,-0.024508,-0.618885,1.457091,-1.754213,-1.398101,0.016909,0.045237,-0.009942,0.513381,-0.62117,0.592104,-0.226781,0.567239,0.791713,-0.827653,-0.540728,0.15034,0.068833,-0.010182,-0.012494,-0.67336,1.503321,-1.795879,-0.937739,0.091497,0.039345,-0.058361,0.434146,-0.109231,-0.894194,0.484703,0.865013,0.129665,0.759327,-0.489713,0.428487,-0.0367,0.002248,-0.043294,0.131199,-0.881703,0.577211,-0.021247
110,0.183396,-0.002288,0.317695,-0.234053,0.051725,-0.97087,-0.565475,-0.819533,0.092605,-0.790586,0.570609,0.222274,-0.07375,0.005697,-0.086012,0.148083,-0.71214,0.458817,0.182032,-0.221684,0.002142,0.320831,-0.363396,0.681052,0.63569,0.13855,-0.63513,0.759834,0.921661,0.363333,0.135621,0.138003,-0.019011,-0.023901,-0.480464,1.350986,-1.39837,-1.398284,0.018201,0.045049,-0.010175,0.482559,-0.618585,0.620071,-0.252924,0.579377,0.774822,-0.838549,-0.530729,0.123129,0.068973,-0.009763,-0.012281,-0.725335,1.560045,-1.757966,-0.940188,0.090817,0.039404,-0.05921,0.424168,-0.104998,-0.899475,0.484512,0.865449,0.127456,0.765068,-0.489869,0.417968,-0.036804,0.002879,-0.04293,0.14254,-0.768819,0.439319,-0.001325
111,0.1801,-0.002183,0.314425,-0.224579,0.032907,-0.973923,-0.561467,-0.821213,0.101668,-0.79618,0.569614,0.204117,-0.088208,-0.00498,-0.078026,0.093745,-0.402432,-0.118966,0.266925,-0.216146,0.001423,0.319863,-0.306319,0.655762,0.690027,0.204613,-0.662461,0.720564,0.929989,0.361081,0.067858,0.138311,-0.018925,-0.024589,-0.788419,1.653096,-0.998213,-1.397952,0.021022,0.044684,-0.010667,0.421377,-0.604398,0.676124,-0.323255,0.596475,0.734658,-0.847317,-0.528129,0.055966,0.069163,-0.009501,-0.012432,-0.716178,1.585818,-1.026242,-0.931371,0.089142,0.039459,-0.060877,0.41367,-0.087223,-0.906238,0.4788,0.867471,0.135066,0.774355,-0.48978,0.400609,-0.044044,-0.002512,-0.038987,0.108596,-0.372273,-0.092356,0.088648
112,0.17636,-0.002295,0.311339,-0.211623,0.008686,-0.977336,-0.55692,-0.822796,0.113224,-0.802908,0.568244,0.180178,-0.088891,-0.004781,-0.079033,0.017119,-0.767845,-0.595581,0.330286,-0.210458,0.000724,0.318721,-0.276654,0.61674,0.736944,0.30789,-0.669452,0.675997,0.910578,0.413133,-0.005627,0.152427,-0.021768,-0.028859,-4.830978,-2.197075,-0.89767,-1.397895,0.023809,0.044346,-0.011224,0.38275,-0.575154,0.722979,-0.422062,0.587269,0.690635,-0.821806,-0.569483,-0.017973,0.069048,-0.004978,-0.017878,-1.055179,1.475923,-1.104094,-0.929411,0.087305,0.039406,-0.062389,0.401155,-0.066893,-0.913563,0.472475,0.869533,0.143799,0.784755,-0.489322,0.380424,-0.051536,-0.002478,-0.039317,0.107593,-0.354145,-0.166775,0.191031
113,0.174446,-0.002471,0.309905,-0.206501,-0.002476,-0.978466,-0.554898,-0.823326,0.119138,-0.805642,0.567551,0.169863,-0.103303,-0.014338,-0.069574,0.036349,-0.374913,-0.407714,0.350576,-0.207612,0.000451,0.318076,-0.269165,0.599504,0.753747,0.362233,-0.662038,0.656069,0.892632,0.448862,-0.039927,0.152757,-0.020867,-0.02847,-1.111351,1.515053,-0.974544,-1.397789,0.025232,0.044206,-0.01155,0.375776,-0.557238,0.740457,-0.477264,0.568536,0.670063,-0.794361,-0.605188,-0.052308,0.069196,-0.004495,-0.017624,-1.771741,0.300445,-1.212991,-0.923369,0.086353,0.039319,-0.063112,0.394649,-0.05412,-0.917236,0.46904,0.870266,0.15046,0.790097,-0.489599,0.368834,-0.051688,-0.001468,-0.038623,0.066857,-0.571891,-0.272226,0.230874
114,0.170721,-0.003027,0.307283,-0.190547,-0.037618,-0.98098,-0.541936,-0.82916,0.137008,-0.818313,0.557778,0.13883,-0.089404,-0.022328,-0.059922,-0.016378,-0.737099,-0.398617,0.370486,-0.201994,0.000107,0.316537,-0.264673,0.567753,0.779485,0.466932,-0.631675,0.618786,0.843998,0.527018,-0.09891,0.152161,-0.000533,-0.047459,-1.665967,0.380352,-0.832877,-1.397198,0.028041,0.044029,-0.012309,0.364312,-0.529307,0.766231,-0.574504,0.519821,0.632242,-0.732953,-0.670537,-0.114712,0.069315,-0.006454,-0.019897,-4.903211,-1.778197,-0.580541,-0.9219,0.084485,0.039041,-0.064431,0.377788,-0.021185,-0.925649,0.452551,0.876407,0.164643,0.807758,-0.481104,0.340683,-0.044695,-0.005173,-0.03349,0.002572,-0.972303,-0.492063,0.279698
115,0.167063,-0.003764,0.304967,-0.166795,-0.077364,-0.982975,-0.510661,-0.84601,0.153181,-0.843257,0.52761,0.102829,-0.089917,-0.01802,-0.0566,0.10038,-0.894941,-0.497631,0.37673,-0.196454,-0.000213,0.314577,-0.255571,0.551236,0.794239,0.543614,-0.597299,0.58962,0.799706,0.581742,-0.148019,0.137913,-0.007119,-0.053992,-4.586048,-2.214792,0.059365,-1.397402,0.030765,0.043881,-0.01326,0.350976,-0.516572,0.781004,-0.641411,0.475033,0.60244,-0.682207,-0.712387,-0.16461,0.069157,-0.009597,-0.023506,-0.337612,0.645646,0.109811,-0.922879,0.08269,0.03868,-0.065574,0.353303,0.014909,-0.935389,0.418211,0.891882,0.172177,0.836824,-0.452021,0.308869,-0.044869,-0.008519,-0.027703,1.569398,-1.480138,-0.747192,0.301579
116,0.165391,-0.00417,0.304039,-0.153939,-0.092843,-0.983732,-0.490486,-0.857066,0.157588,-0.857569,0.506876,0.087624,-0.075515,-0.026892,-0.046908,0.427576,-1.217746,0.329468,0.374825,-0.193879,-0.000377,0.313498,-0.252714,0.54856,0.797,0.569742,-0.581288,0.580889,0.782224,0.60018,-0.166653,0.138032,-0.009447,-0.056808,-1.521512,0.133583,-0.263343,-1.397035,0.032155,0.043792,-0.013841,0.348749,-0.512469,0.784697,-0.667304,0.452127,0.591849,-0.658087,-0.730038,-0.184294,0.069004,-0.00505,-0.028825,-1.559549,0.171564,-0.233584,-0.925982,0.081815,0.038468,-0.066061,0.339767,0.031406,-0.939984,0.396351,0.901577,0.173388,0.852914,-0.431475,0.293878,-0.044925,-0.013082,-0.022879,1.531417,-2.612034,1.729275,0.306314
117,0.162022,-0.005145,0.302415,-0.122623,-0.118876,-0.985331,-0.440328,-0.883213,0.1613,-0.889286,0.453792,0.057185,-0.09019,-0.031867,-0.032938,1.492013,-2.274471,2.228357,0.356464,-0.188883,-0.000529,0.31098,-0.260277,0.537802,0.801883,0.618617,-0.54465,0.566218,0.741554,0.64274,-0.191953,0.123749,-0.000572,-0.067241,-0.479281,0.476062,-0.29092,-1.39728,0.034606,0.043712,-0.015078,0.354742,-0.500201,0.789909,-0.708478,0.407484,0.576206,-0.610095,-0.764038,-0.209831,0.061559,0.004997,-0.038018,-1.465597,0.053598,-0.148974,-0.927288,0.080136,0.037979,-0.066881,0.309145,0.056809,-0.949316,0.345119,0.923464,0.16765,0.886183,-0.379455,0.265878,-0.037904,-0.016327,-0.017014,5.453697,-1.305866,-0.453152,0.297496
118,0.158757,-0.006372,0.301163,-0.097541,-0.133021,-0.986325,-0.388907,-0.90713,0.160747,-0.915992,0.399429,0.037979,-0.07604,-0.029105,-0.030928,0.144496,-0.286527,0.200966,0.315921,-0.18425,-0.000337,0.30814,-0.27135,0.524664,0.8069,0.66107,-0.5076,0.552505,0.699772,0.682663,-0.210128,0.10935,0.009335,-0.076548,-1.264317,-0.49212,-0.078722,-1.396978,0.036928,0.043803,-0.016496,0.362394,-0.486841,0.794767,-0.743001,0.363912,0.561708,-0.562688,-0.794073,-0.229844,0.054803,0.004389,-0.038258,-4.359443,-2.742766,0.881317,-0.929738,0.078498,0.037368,-0.067505,0.281457,0.067374,-0.957205,0.292622,0.943991,0.152486,0.913867,-0.323017,0.245978,-0.045275,-0.019862,-0.011006,0.472108,-0.249245,0.179012,0.256674
119,0.155594,-0.007655,0.300274,-0.082608,-0.137133,-0.987125,-0.341331,-0.926682,0.157246,-0.936218,0.350091,0.030973,-0.091003,-0.036402,-0.019229,0.455644,-0.132773,0.024437,0.279978,-0.180058,0.00011,0.305162,-0.273592,0.516486,0.811406,0.699887,-0.471628,0.536338,0.660006,0.713963,-0.233479,0.109876,0.011563,-0.075329,-0.101713,0.330104,0.083524,-1.397446,0.039023,0.04402,-0.017992,0.36354,-0.477015,0.800184,-0.775296,0.321296,0.543768,-0.516482,-0.818061,-0.253025,0.047845,0.0059,-0.03706,-0.439293,0.360035,0.085808,-0.941168,0.076923,0.03673,-0.067952,0.267159,0.069544,-0.961139,0.245867,0.959463,0.137764,0.931759,-0.273118,0.23923,-0.038115,-0.018109,-0.009496,1.626468,-0.435082,0.21726,0.201318
120,0.153985,-0.008344,0.299935,-0.078312,-0.138769,-0.987247,-0.320016,-0.934354,0.156665,-0.944087,0.32837,0.029993,-0.076459,-0.034919,-0.017984,0.108685,0.018431,-0.100037,0.264839,-0.178179,0.000382,0.303726,-0.276247,0.510463,0.814314,0.717915,-0.453576,0.528017,0.639203,0.729809,-0.242203,0.081585,0.013074,-0.071832,0.064808,0.201001,-0.149806,-1.396981,0.040003,0.044157,-0.01874,0.365037,-0.471602,0.802707,-0.78964,0.299893,0.535286,-0.493168,-0.829249,-0.262924,0.040831,0.006695,-0.035869,0.096765,0.146211,-0.175065,-0.941494,0.076084,0.036372,-0.068129,0.262841,0.070776,-0.962239,0.224278,0.965505,0.132279,0.938409,-0.250578,0.237901,-0.038183,-0.017248,-0.008691,0.103013,0.02209,-0.10284,0.176008
121,0.150748,-0.009788,0.299489,-0.071354,-0.139641,-0.987651,-0.294726,-0.942984,0.154564,-0.95284,0.302283,0.02736,-0.091442,-0.041487,-0.005385,-0.078471,0.165805,-0.283782,0.257794,-0.174938,0.000845,0.301207,-0.279347,0.503506,0.817581,0.749057,-0.418301,0.513684,0.600959,0.755257,-0.26134,0.083637,-0.002591,-0.049684,-0.004601,0.23827,-0.207428,-1.397287,0.041624,0.044381,-0.020008,0.366878,-0.464291,0.806122,-0.813694,0.259844,0.519983,-0.450889,-0.846707,-0.28246,0.041864,-0.001012,-0.02466,0.021974,0.185278,-0.240955,-0.947373,0.0745,0.035665,-0.068351,0.255903,0.070876,-0.9641,0.1995,0.971968,0.124408,0.945892,-0.224174,0.234589,-0.038331,-0.020994,-0.002896,-0.080023,0.045747,-0.094903,0.148576
122,0.147654,-0.011278,0.299262,-0.063948,-0.135756,-0.988699,-0.270069,-0.951377,0.148045,-0.96065,0.276647,0.025407,-0.076795,-0.038072,-0.002019,5.386619,-0.832733,-0.142027,0.251397,-0.172498,0.000883,0.299582,-0.284691,0.495013,0.820917,0.77799,-0.380866,0.499606,0.560299,0.780254,-0.277726,0.041904,-0.005946,-0.030035,-1.349148,-0.622206,0.195231,-1.397593,0.042844,0.044394,-0.020827,0.370332,-0.454991,0.809837,-0.8351,0.218698,0.504755,-0.406769,-0.863222,-0.298973,0.020988,-0.00255,-0.01461,-1.346792,-0.658552,0.185324,-0.952598,0.072947,0.034917,-0.068467,0.250109,0.066117,-0.965957,0.18181,0.976711,0.113928,0.950994,-0.204115,0.232263,-0.038411,-0.019225,-0.001161,-0.09358,-0.1065,0.126129,0.139758
123,0.146256,-0.012014,0.299245,-0.065089,-0.133152,-0.988979,-0.27148,-0.951307,0.145894,-0.960174,0.278144,0.027004,-0.076814,-0.03628,-0.000198,-0.070034,0.048441,-0.049392,0.243462,-0.171526,0.000669,0.299174,-0.28333,0.491024,0.823778,0.788923,-0.368902,0.491371,0.545496,0.788477,-0.283902,0.043764,-0.023514,-0.009204,-0.09967,0.251357,-0.360297,-1.397252,0.043298,0.044298,-0.021024,0.369006,-0.450814,0.812773,-0.843515,0.204768,0.49654,-0.390277,-0.868813,-0.304708,0.021477,-0.00566,-0.008129,-0.497354,0.423168,-0.823601,-0.956517,0.072249,0.034549,-0.068475,0.250838,0.063716,-0.965929,0.178056,0.977769,0.110736,0.951512,-0.199766,0.233916,-0.031123,-0.024358,0.003338,-0.116864,0.043162,-0.082338,0.130777
124,0.143847,-0.013367,0.299388,-0.06119,-0.12735,-0.989991,-0.269292,-0.952935,0.139174,-0.961051,0.275265,0.025249,-0.061595,-0.031441,0.005143,-0.068444,0.018533,0.004511,0.242235,-0.170326,0.000125,0.299122,-0.284863,0.472998,0.833737,0.808893,-0.347922,0.473897,0.514557,0.808781,-0.28455,0.015235,-0.011881,0.005823,-4.82975,-2.879007,0.280543,-1.397069,0.043925,0.044013,-0.021067,0.365654,-0.437471,0.821532,-0.857548,0.184768,0.480075,-0.361812,-0.880044,-0.307591,0.014812,-0.005003,0.003146,-1.310622,0.878732,-2.470396,-0.955537,0.071038,0.033868,-0.068409,0.247624,0.057586,-0.967142,0.177237,0.978694,0.103653,0.952506,-0.197081,0.232142,-0.023421,-0.016429,0.00189,-0.078441,-0.002696,-0.01068,0.121469
125,0.141937,-0.014503,0.299712,-0.060018,-0.126584,-0.990162,-0.272228,-0.952244,0.138184,-0.960299,0.277995,0.023925,-0.046077,-0.026233,0.011121,-0.073606,0.074631,-0.122794,0.249567,-0.170001,-0.000424,0.299762,-0.287198,0.43498,0.853406,0.827125,-0.336557,0.450031,0.483308,0.83455,-0.264205,-0.012556,-0.018183,0.021687,0.151479,-0.653776,-1.017876,-1.397467,0.044098,0.04375,-0.020744,0.362633,-0.39689,0.843193,-0.874993,0.166408,0.454637,-0.320755,-0.902655,-0.286931,0.000903,-0.007764,0.011501,0.118374,-0.955433,-0.849509,-0.956354,0.07006,0.033286,-0.068247,0.246347,0.056967,-0.967505,0.180511,0.978106,0.103553,0.952222,-0.200155,0.230671,-0.023003,-0.012855,0.005896,-0.075526,0.074787,-0.124343,0.123102
126,0.140633,-0.015342,0.300128,-0.058891,-0.125694,-0.990343,-0.274751,-0.95168,0.137072,-0.959651,0.28032,0.022745,-0.030698,-0.023139,0.014823,-0.068913,-0.048079,0.073713,0.259607,-0.170356,-0.001136,0.300741,-0.288975,0.380964,0.878267,0.843812,-0.331799,0.421693,0.452393,0.862446,-0.226693,-0.012555,-0.015704,0.024314,0.53369,-1.20808,-0.454359,-1.397198,0.043921,0.0434,-0.020248,0.35365,-0.344067,0.869798,-0.890895,0.159449,0.425301,-0.28502,-0.925307,-0.250139,-0.005864,-0.013399,0.016138,1.243667,-2.2126,1.007272,-0.948843,0.069426,0.032883,-0.068043,0.24534,0.055982,-0.967819,0.183207,0.977664,0.102994,0.951968,-0.202579,0.229603,-0.015285,-0.01114,0.007933,-0.073688,0.060422,-0.093539,0.134532
127,0.140288,-0.015624,0.300334,-0.057167,-0.124169,-0.990636,-0.275897,-0.951624,0.135147,-0.959429,0.281188,0.021377,-0.015274,-0.011012,0.008047,-0.036297,0.030003,-0.046608,0.260542,-0.170756,-0.001589,0.301254,-0.290759,0.353402,0.889133,0.850926,-0.329209,0.409244,0.437677,0.875108,-0.206125,-0.026069,-0.030186,0.030115,0.143024,-0.6019,-1.246178,-1.397377,0.043716,0.043174,-0.019976,0.350424,-0.315323,0.881914,-0.897343,0.156693,0.412579,-0.268286,-0.935958,-0.228044,-0.013035,-0.015094,0.015002,0.146236,-0.612745,-1.271516,-0.948843,0.069236,0.03273,-0.067931,0.243793,0.054293,-0.968305,0.184808,0.977535,0.10134,0.952055,-0.203657,0.228282,-0.007609,-0.005283,0.004296,-0.037391,0.031261,-0.048195,0.139921
128,0.140108,-0.01597,0.300703,-0.055327,-0.12244,-0.990955,-0.27742,-0.951484,0.132998,-0.9591,0.282416,0.01991,0.000397,0.002494,0.002861,0.000537,-0.015607,0.024222,0.253294,-0.171901,-0.002621,0.302208,-0.304449,0.29413,0.905975,0.856681,-0.331079,0.395497,0.416633,0.896145,-0.152328,-0.040547,-0.033402,0.02804,1.135595,-2.182677,0.799464,-1.397452,0.043159,0.042674,-0.019507,0.351827,-0.257827,0.899857,-0.903828,0.15654,0.398231,-0.243539,-0.953425,-0.177956,-0.013506,-0.010485,0.010002,0.183835,-0.514187,-1.146234,-0.949496,0.069146,0.032557,-0.067745,0.242189,0.052426,-0.968811,0.186753,0.977347,0.099573,0.952085,-0.205044,0.226912,-2e-06,-0.004728,0.005044,-0.035913,0.015613,-0.017374,0.139105
129,0.140507,-0.016075,0.300887,-0.052902,-0.120129,-0.991371,-0.278197,-0.951657,0.130108,-0.959014,0.282823,0.018159,0.015163,0.000765,0.001107,0.000984,-0.014715,0.029553,0.241171,-0.173453,-0.003875,0.303143,-0.321116,0.245533,0.914653,0.85712,-0.335221,0.391031,0.403,0.9092,-0.103969,-0.026307,-0.035528,0.024459,0.895859,-1.975391,1.522827,-1.397701,0.042393,0.042063,-0.019047,0.358862,-0.206357,0.910293,-0.905165,0.16108,0.393356,-0.227801,-0.965126,-0.128982,-0.020786,-0.012424,0.008623,0.362219,-1.079842,-0.363455,-0.940352,0.069341,0.032511,-0.067647,0.240041,0.049911,-0.969478,0.188088,0.977361,0.096887,0.952366,-0.205604,0.225219,0.007615,0.000624,0.000828,0.000602,-0.0145,0.029391,0.124898
130,0.140892,-0.01606,0.300893,-0.053571,-0.11763,-0.991634,-0.272308,-0.953672,0.127784,-0.960665,0.277016,0.020293,0.030273,0.010816,-0.008066,0.085281,-0.023787,0.092317,0.225449,-0.174186,-0.004533,0.303603,-0.329633,0.222383,0.91754,0.857215,-0.336573,0.38966,0.395863,0.914669,-0.080851,-0.041612,-0.024536,0.017566,0.195601,-1.030318,-0.583703,-1.397824,0.042017,0.041715,-0.018807,0.365183,-0.18202,0.912967,-0.904523,0.162575,0.394218,-0.220182,-0.969761,-0.105271,-0.020404,-0.018072,0.012554,0.238805,-0.863985,0.248634,-0.939209,0.069528,0.032515,-0.067639,0.241165,0.047233,-0.969334,0.182683,0.978749,0.093143,0.953134,-0.199544,0.227411,0.007583,0.000403,0.000566,0.147809,-0.046555,0.052678,0.113795
131,0.141848,-0.016058,0.30086,-0.051963,-0.116846,-0.991813,-0.266601,-0.955457,0.126478,-0.962354,0.27113,0.019733,0.015017,-9.2e-05,9.8e-05,0.000985,-0.01471,0.029556,0.196482,-0.175712,-0.005901,0.304487,-0.346877,0.169682,0.92243,0.854388,-0.348352,0.385494,0.387153,0.921593,-0.025313,-0.041778,-0.026106,0.015869,0.880181,-2.91776,1.57558,-1.397664,0.041264,0.041046,-0.018372,0.370415,-0.13053,0.919648,-0.904596,0.174153,0.389071,-0.210945,-0.976028,-0.053568,-0.020515,-0.01918,0.011389,0.131144,-1.248464,-0.605079,-0.931534,0.07,0.032521,-0.067657,0.23945,0.04658,-0.96979,0.177206,0.979973,0.090823,0.954599,-0.1936,0.2264,0.014974,-0.000378,-0.00024,-0.002577,0.077422,-0.109095,0.077054
132,0.1428,-0.0161,0.300839,-0.052762,-0.114232,-0.992075,-0.260735,-0.957392,0.124052,-0.963916,0.265351,0.021965,0.029913,-0.000919,-0.000682,0.002105,-0.028399,0.059766,0.17562,-0.177013,-0.007191,0.305239,-0.365849,0.107146,0.924481,0.852284,-0.360258,0.379156,0.374113,0.926476,0.039303,-0.027454,-0.026401,0.01427,0.251374,-1.512202,-0.134172,-1.397987,0.040598,0.040386,-0.017989,0.378415,-0.061185,0.923611,-0.904464,0.187747,0.383008,-0.19684,-0.980309,0.015707,-0.020615,-0.0194,0.01115,0.404192,-2.093567,0.149526,-0.921737,0.070482,0.032499,-0.067669,0.240512,0.043928,-0.969651,0.171827,0.981271,0.087074,0.955316,-0.187555,0.228459,0.007546,0.000211,0.000321,-0.002028,-0.024676,0.022743,0.042763
133,0.143634,-0.016092,0.300842,-0.057408,-0.10629,-0.992699,-0.260071,-0.958386,0.117603,-0.963824,0.26505,0.028612,0.015032,9e-05,0.000272,0.012755,0.075605,0.087422,0.164173,-0.178102,-0.00834,0.306044,-0.385201,0.04338,0.921808,0.848197,-0.376688,0.372292,0.363845,0.925204,0.107128,-0.026627,-0.032958,0.027176,0.288072,-1.561345,-0.488723,-1.397313,0.040053,0.039806,-0.017599,0.386494,0.003585,0.922284,-0.903103,0.204388,0.377662,-0.18715,-0.978883,0.082232,-0.013318,-0.016153,0.013948,0.300782,-1.271401,-0.050141,-0.921573,0.070905,0.032504,-0.067666,0.245911,0.036094,-0.968619,0.172363,0.981751,0.080342,0.953843,-0.186711,0.235202,0.007533,0.000155,0.000247,0.006051,0.056098,0.07573,0.017943
134,0.143964,-0.016074,0.300866,-0.060772,-0.101301,-0.993021,-0.259661,-0.958973,0.113665,-0.963724,0.264877,0.033211,0.015148,0.000906,0.001197,0.032506,0.229107,0.185779,0.161732,-0.178551,-0.008909,0.306528,-0.399658,0.026243,0.916284,0.835419,-0.400798,0.375991,0.377591,0.915694,0.137087,-0.012145,-0.032108,0.026849,0.18657,-1.294595,0.008256,-1.396933,0.039819,0.039511,-0.017345,0.39693,0.02578,0.917486,-0.895352,0.230832,0.380868,-0.201967,-0.972651,0.114706,-0.006086,-0.015982,0.013503,0.177443,-1.271708,0.009536,-0.919124,0.071069,0.032512,-0.067656,0.249053,0.031872,-0.967965,0.172681,0.981981,0.076764,0.95297,-0.186267,0.239062,0.007609,0.000691,0.00086,0.047296,0.317362,0.241694,0.011248
135,0.144459,-0.015996,0.300959,-0.065692,-0.093701,-0.993453,-0.259086,-0.959826,0.107608,-0.96355,0.26457,0.040014,0.015321,0.002152,0.002608,0.030073,0.213392,0.175719,0.154667,-0.179074,-0.009995,0.307397,-0.430013,-0.006318,0.902796,0.800564,-0.46476,0.378193,0.41771,0.885362,0.203754,-0.012966,-0.021595,0.018122,0.457341,-1.491204,-0.135818,-1.31455,0.039562,0.038979,-0.016913,0.420902,0.061426,0.905023,-0.872679,0.299673,0.38552,-0.24753,-0.952062,0.179739,0.001139,-0.016076,0.012784,0.800024,-1.62875,0.000334,-0.901652,0.071316,0.032549,-0.067612,0.254349,0.024725,-0.966795,0.173293,0.982328,0.070713,0.951459,-0.185525,0.245569,0.000276,0.0019,0.002159,0.046026,0.305721,0.229198,0.000961
136,0.144759,-0.015874,0.301117,-0.066859,-0.090698,-0.993655,-0.258953,-0.96015,0.10501,-0.963505,0.264438,0.041945,0.000552,0.003828,0.004364,0.000186,0.001475,0.000945,0.147549,-0.178994,-0.011032,0.308342,-0.460347,-0.027898,0.887296,0.755996,-0.536101,0.375499,0.465759,0.84367,0.266745,0.001612,-0.019615,0.019008,1.909435,-1.14953,0.317103,-1.085071,0.039597,0.038459,-0.016441,0.446425,0.088428,0.89044,-0.842568,0.37661,0.385023,-0.301302,-0.922141,0.242635,0.008429,-0.015175,0.013391,5.201987,0.736334,1.420623,-0.776734,0.071472,0.03261,-0.067533,0.256078,0.021411,-0.966418,0.173748,0.982452,0.067805,0.950912,-0.185277,0.247864,0.007756,0.001787,0.002105,-0.001618,-0.045353,0.044406,-0.00949
137,0.144839,-0.015785,0.301217,-0.066836,-0.090655,-0.99366,-0.258954,-0.960155,0.104963,-0.963506,0.264434,0.041935,0.000697,0.004844,0.005516,0.000573,-0.015577,0.02424,0.146766,-0.178845,-0.011545,0.308804,-0.473656,-0.039264,0.879829,0.737299,-0.563934,0.371889,0.482135,0.824879,0.29493,0.00161,-0.019761,0.018863,0.822952,-1.29497,0.06588,-0.962079,0.039672,0.038203,-0.016209,0.457335,0.102793,0.883333,-0.829002,0.408789,0.381635,-0.321867,-0.906821,0.272169,0.00118,-0.015306,0.013629,1.880748,-0.979867,0.350503,-0.710438,0.071512,0.032653,-0.067484,0.25596,0.02149,-0.966448,0.173755,0.982447,0.067864,0.950943,-0.185295,0.247733,0.000321,0.002248,0.002556,-0.000176,-0.002414,-0.00157,-0.013572
138,0.144864,-0.015615,0.301427,-0.067237,-0.091012,-0.9936,-0.258959,-0.960104,0.105414,-0.963476,0.264497,0.042223,0.000705,0.004905,0.005575,0.000571,-0.015598,0.024227,0.146762,-0.178467,-0.01236,0.309675,-0.494727,-0.062295,0.866808,0.703388,-0.614344,0.357437,0.510849,0.7866,0.346635,0.016299,-0.015547,0.022077,0.847358,-1.325743,0.145157,-0.913654,0.039861,0.037783,-0.015772,0.474132,0.130571,0.870717,-0.804703,0.465571,0.368369,-0.357283,-0.875325,0.325813,0.008133,-0.007603,0.011189,0.88818,-1.396988,0.112838,-0.673535,0.071525,0.032741,-0.067376,0.256286,0.021885,-0.966352,0.173667,0.982432,0.068308,0.950871,-0.18533,0.247982,0.000351,0.002454,0.002788,0.000813,-0.015646,0.024133,-0.016348
139,0.144881,-0.015507,0.301565,-0.067483,-0.09123,-0.993564,-0.258972,-0.96007,0.105691,-0.963455,0.264545,0.042399,0.000285,0.001984,0.002252,0.0,0.0,0.0,0.14872,-0.177917,-0.013161,0.310696,-0.517449,-0.093944,0.850536,0.675027,-0.655558,0.3384,0.526412,0.749347,0.401538,0.01708,-0.02684,0.03003,0.490132,-1.502163,-0.549874,-0.908316,0.04013,0.037397,-0.015268,0.49073,0.164336,0.855673,-0.784099,0.511546,0.351436,-0.379963,-0.843393,0.379887,0.008134,-0.007104,0.011703,0.645663,-1.783122,-0.671443,-0.740157,0.071534,0.032799,-0.067302,0.256505,0.022126,-0.966288,0.17362,0.982421,0.068583,0.95082,-0.185359,0.248155,0.00013,0.000916,0.001038,0.000167,-1.4e-05,-6.8e-05,-0.015532
