frame,MLTx,MLTy,MLTz,MLTR1,MLTR2,MLTR3,MLTR4,MLTR5,MLTR6,MLTR7,MLTR8,MLTR9,MLTTVx,MLTTVy,MLTTVz,MLTRVx,MLTRVy,MLTRVz,MLGA,MRTx,MRTy,MRTz,MRTR1,MRTR2,MRTR3,MRTR4,MRTR5,MRTR6,MRTR7,MRTR8,MRTR9,MRTTVx,MRTTVy,MRTTVz,MRTRVx,MRTRVy,MRTRVz,MRGA,SLTx,SLTy,SLTz,SLTR1,SLTR2,SLTR3,SLTR4,SLTR5,SLTR6,SLTR7,SLTR8,SLTR9,SLTTVx,SLTTVy,SLTTVz,SLTRVx,SLTRVy,SLTRVz,SLGA,SRTx,SRTy,SRTz,SRTR1,SRTR2,SRTR3,SRTR4,SRTR5,SRTR6,SRTR7,SRTR8,SRTR9,SRTTVx,SRTTVy,SRTTVz,SRTRVx,SRTRVy,SRTRVz,SRGA
306,0.119344,-0.021258,0.289529,-0.70669,-0.238861,-0.666018,-0.429438,-0.603338,0.671966,-0.561466,0.761181,0.324632,-0.013705,0.008142,0.009571,-0.002266,-0.012053,0.014012,0.415719,-0.196134,-0.00478,0.291063,-0.394085,0.749907,0.531345,-0.214278,-0.637056,0.740391,0.894195,0.176977,0.411044,-0.030948,0.032348,-0.023332,0.110516,-0.053543,0.051514,-1.404052,0.029817,0.041473,-0.035606,0.307713,-0.639266,0.704734,0.090164,0.75693,0.647245,-0.947197,-0.135624,0.290556,-0.015464,0.016154,-0.011676,0.108079,-0.048941,0.047167,-0.824415,0.06163,0.026528,-0.080333,0.681668,0.311099,-0.662228,0.346616,0.659782,0.666741,0.644349,-0.684035,0.34192,-0.006859,0.004081,0.004807,0.000313,0.000557,-0.004353,0.184663
307,0.119048,-0.020959,0.28974,-0.694717,-0.234037,-0.680176,-0.441211,-0.608208,0.659839,-0.567256,0.758793,0.320125,0.00093,0.004011,0.005122,0.01842,-0.090352,0.178266,0.475257,-0.196999,-0.003762,0.290305,-0.429965,0.739017,0.518628,-0.197314,-0.637355,0.744835,0.881516,0.216989,0.419175,-0.015715,0.021609,-0.015827,0.338217,-1.545801,2.286394,-1.404946,0.029402,0.041964,-0.035975,0.343667,-0.627838,0.698364,0.071458,0.758986,0.647173,-0.936368,-0.172508,0.305703,-0.008115,0.016352,-0.011925,-0.154953,-0.379734,-0.222215,-0.824089,0.061482,0.026679,-0.080225,0.670805,0.304511,-0.676233,0.357623,0.665986,0.65465,0.649711,-0.68098,0.337847,-0.007059,0.003172,0.00363,-0.004314,-0.103193,0.155299,0.390735
308,0.11924,-0.020351,0.289551,-0.68086,-0.234154,-0.694008,-0.452062,-0.611212,0.64964,-0.57546,0.756338,0.311168,0.016652,0.022418,-0.015263,-0.217524,-0.502798,0.007053,0.510985,-0.197945,-0.002703,0.289741,-0.455697,0.730803,0.508191,-0.192512,-0.638203,0.745365,0.869597,0.240906,0.430845,-0.029824,0.026176,-0.009665,0.1654,-0.498949,0.663984,-1.404734,0.028933,0.042486,-0.036267,0.371054,-0.62055,0.690822,0.066725,0.759825,0.646694,-0.92621,-0.193863,0.323342,-0.015148,0.018808,-0.008641,0.024534,-0.123405,-0.084059,-0.834376,0.061572,0.02697,-0.080303,0.658155,0.300751,-0.690202,0.367944,0.671322,0.643384,0.656847,-0.677402,0.331174,0.008363,0.01136,-0.007436,0.073298,-0.154094,0.221964,0.472217
309,0.119496,-0.019953,0.289184,-0.670014,-0.230304,-0.705753,-0.465189,-0.610662,0.640831,-0.577734,0.757959,0.302901,0.015641,0.018099,-0.020773,-0.149254,-0.432116,0.105205,0.511252,-0.19853,-0.002192,0.289508,-0.472598,0.723336,0.503415,-0.185981,-0.640114,0.745385,0.861982,0.257729,0.436379,-0.044532,0.024433,-0.010747,-2.696377,-4.123219,-2.481182,-1.405139,0.028647,0.042749,-0.036376,0.385691,-0.617883,0.685173,0.065208,0.75903,0.647781,-0.92032,-0.205164,0.333042,-0.014964,0.012285,-0.005737,0.05991,-0.006803,-0.019623,-0.836825,0.061702,0.027185,-0.080483,0.647353,0.296689,-0.702074,0.381485,0.671325,0.635445,0.65985,-0.679188,0.321402,0.007841,0.009115,-0.010309,-0.320599,-0.67463,0.195286,0.492139
310,0.120578,-0.019254,0.288071,-0.639666,-0.235589,-0.73169,-0.490892,-0.607322,0.624626,-0.590736,0.759024,0.273751,0.02983,0.012334,-0.027354,-0.278508,-0.706178,0.114059,0.509185,-0.200237,-0.001478,0.288906,-0.520487,0.703008,0.484628,-0.16007,-0.63772,0.753408,0.839344,0.313675,0.443815,-0.045283,0.016392,-0.020038,-0.805587,-1.312736,-0.570662,-1.405327,0.027784,0.043129,-0.036665,0.438656,-0.59757,0.671185,0.035393,0.757786,0.651541,-0.897957,-0.262047,0.353557,-0.029841,0.007918,-0.009903,-2.696573,-4.62371,-1.797401,-0.850378,0.062237,0.027534,-0.08104,0.617171,0.297668,-0.728348,0.407539,0.670899,0.61952,0.67306,-0.679181,0.292748,0.022448,0.005077,-0.014673,-0.273157,-0.846042,0.286895,0.502916
311,0.122116,-0.019104,0.287186,-0.634078,-0.24094,-0.734805,-0.491448,-0.608121,0.623409,-0.596272,0.756707,0.268107,0.029509,0.002027,-0.018247,0.11769,0.147003,-0.343409,0.47933,-0.202518,-0.000984,0.287753,-0.543453,0.699222,0.464476,-0.158647,-0.628777,0.761186,0.824955,0.339096,0.452024,-0.061038,0.005988,-0.031335,0.052997,-0.063796,0.112967,-1.405778,0.02665,0.043386,-0.037231,0.465555,-0.595704,0.654518,0.031569,0.75026,0.660388,-0.884455,-0.286785,0.368093,-0.037866,0.002329,-0.015963,0.08936,-0.142032,0.200798,-0.862789,0.063004,0.027605,-0.081496,0.609978,0.30382,-0.731859,0.408412,0.670922,0.61892,0.679061,-0.676428,0.285164,0.022369,0.000289,-0.009681,0.346554,0.98995,-1.790941,0.479565
312,0.123428,-0.019113,0.286684,-0.648736,-0.247457,-0.719688,-0.4764,-0.605446,0.637535,-0.592693,0.756758,0.275788,0.029838,-0.005467,-0.0055,-0.054917,-0.211443,0.151161,0.468991,-0.205251,-0.000775,0.286282,-0.560312,0.695784,0.449364,-0.158216,-0.622321,0.766563,0.813696,0.357535,0.458181,-0.091151,0.000212,-0.036836,-0.007224,-0.121669,-0.095666,-1.405437,0.025294,0.043489,-0.037968,0.48454,-0.59442,0.641783,0.030583,0.744722,0.666673,-0.874234,-0.303402,0.379026,-0.038336,-0.000681,-0.019678,-0.132991,-0.429005,-0.232937,-0.873729,0.063659,0.027597,-0.081758,0.624233,0.31213,-0.716175,0.39308,0.66674,0.633202,0.675144,-0.67678,0.293509,0.014907,-0.00283,-0.002897,-0.065618,-0.101846,-0.051812,0.459644
313,0.124066,-0.019312,0.286663,-0.652261,-0.248075,-0.716281,-0.473454,-0.604651,0.640476,-0.59118,0.757192,0.277836,0.044873,-0.016734,0.003192,-0.033005,-0.028795,0.071481,0.442355,-0.206819,-0.000836,0.28546,-0.593478,0.675604,0.437417,-0.140896,-0.62217,0.770057,0.79313,0.394524,0.463852,-0.077307,-0.004461,-0.043419,-2.135709,-5.909158,-0.398102,-1.405612,0.024505,0.043462,-0.038375,0.513966,-0.577605,0.6342,0.015179,0.745332,0.666519,-0.857676,-0.332942,0.391843,-0.038679,-0.002651,-0.022136,-0.151395,-0.38256,-0.293766,-0.878954,0.063972,0.027502,-0.081773,0.627363,0.313263,-0.712938,0.390296,0.665738,0.635972,0.673857,-0.677242,0.295394,0.014883,-0.007442,0.002387,-0.024975,-0.009836,0.057358,0.440376
314,0.125874,-0.020108,0.287088,-0.649784,-0.246808,-0.718965,-0.477221,-0.603784,0.638496,-0.590883,0.758295,0.275448,0.045928,-0.01195,0.009211,-0.03174,-0.043667,0.096206,0.384869,-0.20984,-0.001313,0.283363,-0.654978,0.629375,0.418189,-0.108508,-0.625886,0.772286,0.748604,0.459653,0.477675,-0.07964,-0.017788,-0.060118,0.302937,-1.319431,0.206907,-1.40585,0.022997,0.043236,-0.039408,0.580861,-0.532409,0.615743,-0.020129,0.746813,0.664728,-0.813753,-0.398509,0.423078,-0.032538,-0.009686,-0.031311,-0.365992,-2.828999,1.394915,-0.876832,0.064876,0.0271,-0.081566,0.625059,0.311533,-0.715714,0.394217,0.665391,0.633913,0.673715,-0.678381,0.293097,0.030302,-0.012476,0.0078,-0.066167,-0.023866,0.082858,0.368854
315,0.128251,-0.02093,0.287818,-0.651799,-0.229056,-0.723005,-0.492296,-0.597425,0.633009,-0.57613,0.768811,0.277543,0.06158,-0.020348,0.021329,-0.070467,0.19318,0.241525,0.303192,-0.211947,-0.002014,0.280733,-0.751696,0.539688,0.379055,-0.061596,-0.629542,0.774479,0.65754,0.558134,0.505956,-0.03665,-0.022511,-0.069079,-1.660738,-6.872745,-0.781552,-1.406178,0.021925,0.042877,-0.040732,0.679161,-0.449966,0.579887,-0.06379,0.750875,0.657355,-0.731211,-0.483441,0.481262,-0.025637,-0.010921,-0.03372,-0.149942,-2.014755,-1.117995,-0.87128,0.066059,0.026692,-0.081204,0.629142,0.294303,-0.71942,0.409814,0.660864,0.628737,0.660478,-0.690393,0.295168,0.030612,-0.015592,0.014887,-0.325873,0.459279,0.373861,0.281167
316,0.129501,-0.021447,0.288263,-0.6537,-0.215718,-0.725387,-0.501874,-0.593877,0.628812,-0.56563,0.775375,0.280863,0.060834,-0.033358,0.026962,0.106472,0.259499,0.276044,0.248425,-0.212411,-0.002361,0.279286,-0.803261,0.479884,0.352808,-0.041048,-0.635362,0.771079,0.595189,0.604281,0.529582,-0.007506,-0.024592,-0.073558,-1.034237,-6.091448,-2.503289,-1.406308,0.021682,0.042701,-0.041456,0.734355,-0.396398,0.550991,-0.082688,0.753464,0.652268,-0.67371,-0.524557,0.520533,-0.003828,-0.006358,-0.040305,0.716686,-2.897837,1.842879,-0.870137,0.066685,0.026445,-0.080975,0.632455,0.281805,-0.721516,0.419955,0.657947,0.625094,0.650874,-0.698349,0.297776,0.03822,-0.011722,0.008871,0.268562,0.362385,0.411013,0.209646
317,0.132197,-0.022736,0.289134,-0.654945,-0.202308,-0.728123,-0.505365,-0.599141,0.620973,-0.561068,0.774922,0.291077,0.0759,-0.036155,0.023694,0.258242,0.457963,0.439694,0.146254,-0.211826,-0.00329,0.275895,-0.874602,0.36653,0.317361,0.001328,-0.652565,0.757688,0.485907,0.662623,0.569815,0.020949,-0.033409,-0.087434,-1.053549,-5.544894,-2.867648,-1.406624,0.021971,0.042231,-0.043173,0.813968,-0.282655,0.507504,-0.124361,0.768596,0.627529,-0.56744,-0.573902,0.590462,0.010344,-0.01716,-0.044081,-1.068799,-5.552537,-2.866689,-0.87128,0.068029,0.025804,-0.080536,0.635062,0.269493,-0.723925,0.422879,0.662971,0.617772,0.646427,-0.698457,0.307065,0.03789,-0.01831,0.011502,0.293439,0.536322,0.459595,0.05648
318,0.135162,-0.024364,0.290323,-0.670163,-0.172552,-0.721909,-0.508804,-0.601362,0.615998,-0.539592,0.780343,0.31612,0.075867,-0.056124,0.04262,0.242103,0.705248,0.301398,0.099062,-0.20998,-0.00523,0.272752,-0.941091,0.189431,0.280101,0.085355,-0.668161,0.73906,0.328333,0.719179,0.612243,0.067127,-0.054484,-0.073887,-0.763836,-6.041981,-3.505347,-1.406589,0.02284,0.041288,-0.044705,0.882778,-0.119531,0.454328,-0.20116,0.777771,0.595488,-0.424543,-0.617077,0.662554,0.033469,-0.032973,-0.032918,-1.35601,-6.788265,-4.097566,-0.861646,0.069482,0.02501,-0.079966,0.653625,0.24186,-0.71713,0.425793,0.66585,0.612653,0.625677,-0.705795,0.332234,0.038087,-0.022385,0.017309,0.318321,0.87337,0.667116,-0.053742
319,0.138395,-0.026653,0.292138,-0.692296,-0.110051,-0.713204,-0.524113,-0.602714,0.601676,-0.495217,0.790473,0.360471,0.091548,-0.076003,0.062043,0.489395,1.15382,0.59266,0.076533,-0.206452,-0.007336,0.270028,-0.97148,0.046607,0.232476,0.142609,-0.667974,0.730347,0.190549,0.7426,0.641949,0.098894,-0.049264,-0.070625,0.649903,-1.271612,0.393875,-1.406347,0.024617,0.040206,-0.046104,0.92175,0.023264,0.387085,-0.261866,0.773567,0.577078,-0.286011,-0.633286,0.719128,0.057163,-0.030978,-0.032767,0.033051,-1.415363,0.722121,-0.865728,0.071155,0.023825,-0.079033,0.683278,0.181366,-0.707273,0.440987,0.669529,0.597712,0.581945,-0.720303,0.377495,0.045775,-0.037877,0.031098,0.574595,1.232876,0.65249,-0.098157
320,0.140322,-0.028327,0.29357,-0.700952,-0.072779,-0.709517,-0.530259,-0.61215,0.586574,-0.476155,0.787478,0.391385,0.107266,-0.095713,0.081735,0.656137,1.479792,0.768362,0.069627,-0.2043,-0.008396,0.268803,-0.979375,0.001144,0.202026,0.150484,-0.662406,0.73383,0.135896,0.749083,0.648282,0.100793,-0.053523,-0.054437,-0.305068,-2.005836,-0.271795,-1.406794,0.025648,0.03969,-0.046712,0.933865,0.059659,0.352612,-0.267735,0.770306,0.578745,-0.237092,-0.634877,0.735335,0.050456,-0.026694,-0.027173,-0.37915,-2.44774,0.453771,-0.863278,0.072044,0.023052,-0.078379,0.695355,0.148351,-0.703187,0.445812,0.678404,0.583968,0.563677,-0.719555,0.405595,0.045935,-0.047329,0.041291,0.801505,1.641474,0.831711,-0.117098
321,0.144327,-0.03238,0.297399,-0.715336,0.034756,-0.697949,-0.559567,-0.626782,0.542218,-0.417732,0.778372,0.468682,0.108741,-0.110156,0.107305,1.025435,2.119313,1.099442,0.042609,-0.199507,-0.010385,0.267281,-0.981993,-0.118225,0.147325,0.188627,-0.645284,0.740245,0.008791,0.754842,0.655744,0.149457,-0.050703,-0.031949,-0.264763,-1.809668,-0.290786,-1.407297,0.028069,0.038668,-0.047512,0.944977,0.172045,0.278241,-0.308442,0.751978,0.582573,-0.109003,-0.636339,0.763668,0.074612,-0.025105,-0.015773,-0.875603,-4.831858,-2.758826,-0.860829,0.074041,0.021044,-0.07649,0.722136,0.044484,-0.690318,0.473458,0.695781,0.540116,0.504337,-0.716874,0.481387,0.054382,-0.054676,0.054075,0.694097,1.871204,0.975384,-0.140612
322,0.148808,-0.037142,0.301963,-0.725635,0.12231,-0.677155,-0.580382,-0.637473,0.506712,-0.368795,0.760543,0.534408,0.125189,-0.130198,0.125888,0.615791,1.7143,0.578779,-0.040276,-0.193329,-0.012414,0.266686,-0.964411,-0.240548,0.10972,0.239797,-0.621842,0.745482,-0.109875,0.745554,0.657221,0.1528,-0.045202,-0.002964,-0.255015,-1.7978,-0.490702,-1.407181,0.0311,0.037662,-0.047827,0.934084,0.28136,0.219823,-0.357029,0.729192,0.583788,0.003962,-0.623791,0.78158,0.084337,-0.028382,0.001667,-0.28502,-1.60018,-0.58634,-0.859033,0.076318,0.018631,-0.074165,0.743281,-0.044652,-0.667486,0.49407,0.709341,0.502721,0.451028,-0.703448,0.549302,0.054792,-0.064755,0.063218,0.762409,1.973859,0.660205,-0.219971
323,0.151223,-0.039812,0.304643,-0.723485,0.149591,-0.673971,-0.589101,-0.642802,0.48963,-0.359091,0.75109,0.554027,0.110723,-0.125096,0.131636,0.502903,0.717613,1.11388,-0.070005,-0.190404,-0.013181,0.266956,-0.948684,-0.301114,0.09654,0.268703,-0.607246,0.747653,-0.165303,0.735596,0.656838,0.154937,-0.042353,0.023592,-0.276049,-1.711583,-0.625983,-1.407459,0.032677,0.037235,-0.047709,0.919308,0.343498,0.192043,-0.388363,0.712994,0.583792,0.063605,-0.611267,0.788863,0.077625,-0.020067,0.013236,-0.269052,-1.72769,-0.620939,-0.856747,0.077483,0.017343,-0.072883,0.746021,-0.071554,-0.662066,0.501127,0.715067,0.487391,0.438547,-0.695384,0.569312,0.055308,-0.062388,0.065946,0.175065,1.128817,0.225955,-0.255732
324,0.155559,-0.04425,0.309785,-0.709516,0.198597,-0.676159,-0.613316,-0.64659,0.453582,-0.346241,0.736274,0.581416,0.112303,-0.09533,0.123438,-2.611818,2.031206,5.814753,-0.047196,-0.184115,-0.014167,0.26859,-0.918093,-0.386436,0.08811,0.315919,-0.579592,0.751134,-0.238033,0.717923,0.654056,0.156551,-0.019956,0.052559,-0.122279,-0.202388,0.288598,-1.407195,0.035706,0.036763,-0.046931,0.889763,0.425505,0.165123,-0.435836,0.684658,0.584199,0.135527,-0.591766,0.794634,0.078391,-0.009109,0.027444,-0.163523,-0.548447,-0.008098,-0.855441,0.07974,0.015024,-0.070211,0.737031,-0.121412,-0.664863,0.525312,0.721863,0.450511,0.425243,-0.681301,0.595815,0.056302,-0.047401,0.062118,-2.709204,1.963189,5.75353,-0.271408
325,0.15953,-0.046919,0.314087,-0.667307,0.250799,-0.701318,-0.665139,-0.624384,0.409521,-0.33436,0.739437,0.58435,0.097208,-0.046199,0.095109,0.910453,-1.355489,2.709152,-0.039257,-0.17849,-0.014807,0.271265,-0.877028,-0.472968,0.08434,0.365074,-0.542264,0.756706,-0.311049,0.69503,0.648109,0.142406,-0.015503,0.081273,-0.321279,-1.41261,-1.039469,-1.407435,0.038584,0.036436,-0.045573,0.850379,0.507036,0.140601,-0.483621,0.647923,0.588478,0.207281,-0.568427,0.796193,0.070694,-0.000487,0.038536,-0.625391,-4.755081,-3.569934,-0.857237,0.081726,0.013692,-0.068058,0.7014,-0.180956,-0.689414,0.581572,0.704495,0.406767,0.412082,-0.68625,0.599372,0.048552,-0.022905,0.047712,0.918134,-1.332102,2.685356,-0.271898
326,0.16279,-0.047524,0.316849,-0.613518,0.264285,-0.744174,-0.699313,-0.619596,0.356419,-0.366134,0.738749,0.565882,0.065216,0.007468,0.050961,0.827249,-1.91735,2.856852,0.022575,-0.172959,-0.014982,0.274373,-0.835513,-0.542645,0.086295,0.401605,-0.496157,0.769724,-0.373808,0.678446,0.632331,0.140856,-0.002485,0.073646,-0.928072,-4.353897,-3.120855,-1.407668,0.041305,0.03637,-0.044011,0.810675,0.571856,0.125636,-0.520237,0.605091,0.602675,0.268622,-0.553934,0.788034,0.062859,-0.001459,0.037305,-0.803084,-1.074796,-0.698772,-0.861645,0.08333,0.013394,-0.066688,0.652071,-0.200997,-0.731028,0.615648,0.703107,0.355834,0.442469,-0.682085,0.582219,0.040395,-0.001818,0.029474,-0.028801,-0.340627,0.780727,-0.232871
327,0.164034,-0.047365,0.317806,-0.58399,0.268668,-0.76604,-0.715938,-0.61526,0.32994,-0.381949,0.740783,0.552614,0.064843,0.017371,0.040928,0.81859,-2.073637,3.007583,0.032156,-0.17067,-0.015009,0.275651,-0.819408,-0.566872,0.08496,0.41119,-0.478278,0.775956,-0.39819,0.671464,0.624855,0.110168,-0.006629,0.070614,-0.689261,-0.127367,0.020829,-1.40738,0.042508,0.036365,-0.043332,0.791575,0.599972,0.115933,-0.533594,0.586201,0.609627,0.297799,-0.544427,0.784164,0.054635,0.002332,0.031332,-0.748652,-1.169757,-0.489363,-0.859686,0.083952,0.013471,-0.066205,0.623793,-0.208782,-0.753187,0.632923,0.700335,0.330059,0.458572,-0.682598,0.569008,0.024597,0.008761,0.020621,-0.008948,-0.558792,1.034526,-0.203969
328,0.165863,-0.046213,0.318805,-0.534612,0.276183,-0.798723,-0.740563,-0.608422,0.285237,-0.406525,0.743651,0.530799,0.032487,0.043107,0.007209,0.039201,-0.587176,1.189201,0.036575,-0.167193,-0.014521,0.277753,-0.786593,-0.612703,0.076535,0.426847,-0.450214,0.784247,-0.445051,0.650315,0.615535,0.060551,0.034662,0.038015,-0.217895,-0.405169,-0.001115,-1.407487,0.044266,0.036596,-0.042265,0.761094,0.641608,0.095259,-0.549105,0.55914,0.621165,0.345281,-0.525072,0.777868,0.038283,0.011956,0.022397,-0.390946,-1.231494,-0.812389,-0.857726,0.084866,0.014029,-0.065685,0.57459,-0.222347,-0.787659,0.659119,0.696236,0.284283,0.485187,-0.682507,0.546603,0.016263,0.022043,0.004146,-0.724608,0.826127,-0.714865,-0.185027
329,0.166512,-0.044386,0.3188,-0.540086,0.282933,-0.792655,-0.745295,-0.598297,0.294191,-0.390342,0.749296,0.534991,0.000945,0.0502,-0.005415,-0.207416,0.168126,-0.02509,0.086177,-0.16564,-0.013158,0.279155,-0.764641,-0.639774,0.077486,0.443025,-0.434715,0.784019,-0.466936,0.634619,0.615705,0.014031,0.041955,0.029452,0.032007,0.010717,-0.029793,-1.407654,0.04506,0.037274,-0.041563,0.73927,0.667643,0.087932,-0.564753,0.543558,0.620965,0.366787,-0.508721,0.77889,0.015012,0.015462,0.017966,-0.01387,0.101112,-0.202294,-0.854951,0.085214,0.014956,-0.065682,0.57977,-0.228649,-0.782038,0.665454,0.686715,0.29256,0.470144,-0.690029,0.550293,0.000461,0.025024,-0.00281,-1.002162,1.492072,-1.807507,-0.155308
330,0.165868,-0.042821,0.318591,-0.558304,0.283937,-0.779565,-0.739521,-0.596231,0.312395,-0.375412,0.750561,0.54383,-0.030254,0.032604,-0.004154,0.064551,0.085906,-0.171201,0.176975,-0.165642,-0.011509,0.280222,-0.736695,-0.671253,0.081792,0.460417,-0.40951,0.787561,-0.494218,0.618689,0.610603,-0.016973,0.048821,0.018897,-0.344114,0.165866,0.014092,-1.407572,0.045076,0.038084,-0.041035,0.710197,0.699202,0.082067,-0.583213,0.519043,0.624865,0.394311,-0.49164,0.776407,-0.0085,0.024482,0.009539,-0.81655,-0.93001,-0.819192,-0.857073,0.084904,0.015748,-0.065785,0.597754,-0.227352,-0.768765,0.659831,0.684159,0.310721,0.455315,-0.692991,0.558973,-0.015142,0.016122,-0.002281,0.077009,-0.029568,0.038266,-0.051456
331,0.165241,-0.042441,0.318595,-0.562566,0.282983,-0.776843,-0.736738,-0.597967,0.315632,-0.374515,0.749541,0.545852,-0.030275,0.006909,0.008409,-0.011833,0.202598,-0.382593,0.219614,-0.166126,-0.010667,0.280551,-0.727986,-0.680363,0.08446,0.463841,-0.398241,0.791322,-0.503821,0.616096,0.605354,-0.031845,0.044511,0.01497,-0.237954,0.119449,-0.065734,-1.407363,0.044833,0.038524,-0.040854,0.70144,0.707981,0.082119,-0.586394,0.507774,0.631115,0.405119,-0.490844,0.771329,-0.015928,0.022013,0.007208,-0.321386,-0.124661,-0.246449,-0.854461,0.084579,0.015951,-0.065783,0.601843,-0.225811,-0.766024,0.656744,0.685699,0.313852,0.45439,-0.691972,0.560983,-0.015175,0.003004,0.003699,-0.011696,0.204155,-0.386397,0.014351
332,0.164125,-0.042697,0.318873,-0.563876,0.28125,-0.776523,-0.734643,-0.600374,0.315946,-0.37665,0.74827,0.546126,-0.015529,-0.013392,0.005909,0.035294,-0.018463,-0.032694,0.246394,-0.167814,-0.009254,0.280976,-0.70836,-0.69899,0.098131,0.476609,-0.371297,0.796817,-0.519626,0.612076,0.595999,-0.061417,0.036467,0.007888,-0.277259,0.477671,-3.337093,-1.407817,0.044,0.039234,-0.04064,0.68231,0.725884,0.086862,-0.596891,0.484536,0.639488,0.422106,-0.488176,0.763878,-0.022945,0.012043,0.006111,-0.48374,-4.384624,-3.272838,-0.859849,0.084021,0.015824,-0.065643,0.602929,-0.223897,-0.765732,0.654342,0.687884,0.314087,0.456412,-0.690423,0.56125,-0.007809,-0.007198,0.002397,0.040565,-0.026387,-0.023048,0.098609
333,0.163728,-0.043198,0.319109,-0.561001,0.281175,-0.77863,-0.736011,-0.59994,0.313578,-0.37827,0.748647,0.544488,-0.015557,-0.037619,0.020185,0.149664,-0.398531,0.525544,0.23954,-0.168763,-0.008755,0.28117,-0.704763,-0.701581,0.105282,0.481252,-0.363934,0.797422,-0.52024,0.613536,0.593958,-0.04549,0.022734,0.010986,0.012027,0.124652,-0.186287,-1.407379,0.04352,0.039488,-0.040544,0.675792,0.730905,0.095302,-0.603864,0.474855,0.640203,0.422673,-0.490194,0.762271,-0.022751,0.010868,0.004919,0.066541,0.006169,-0.032575,-0.862952,0.083829,0.015586,-0.065535,0.600693,-0.224081,-0.767433,0.655498,0.687592,0.31231,0.457699,-0.690654,0.559917,-0.00786,-0.013703,0.005448,0.793479,-1.580487,2.200011,0.108079
334,0.162935,-0.044369,0.31975,-0.552543,0.286688,-0.782657,-0.740924,-0.599031,0.303587,-0.38112,0.747276,0.544383,-0.01553,-0.024583,0.014079,0.829274,-1.450264,2.078626,0.209806,-0.170723,-0.008271,0.281464,-0.699745,-0.705768,0.110632,0.486964,-0.358101,0.796595,-0.5217,0.612168,0.59409,-0.045428,0.014378,0.000531,0.030349,0.03376,-0.070425,-1.407703,0.04254,0.039737,-0.040389,0.669871,0.735849,0.098986,-0.60956,0.468924,0.639176,0.42392,-0.488503,0.762662,-0.022273,0.001361,0.003992,-0.003493,0.028055,-0.06558,-0.876342,0.083431,0.014982,-0.065227,0.594687,-0.230609,-0.770172,0.659906,0.687198,0.303781,0.459206,-0.688896,0.560848,-0.01546,-0.017731,0.011434,-0.103657,0.109856,-0.129787,0.089301
335,0.161727,-0.045381,0.320641,-0.5467,0.302038,-0.780985,-0.74547,-0.600312,0.289606,-0.380689,0.740151,0.554327,-0.045828,-0.02822,0.031301,0.151122,0.391596,0.313582,0.190127,-0.172202,-0.008213,0.281736,-0.694799,-0.709927,0.1151,0.491623,-0.352194,0.796367,-0.523937,0.610787,0.593542,-0.029654,0.002785,0.00639,-0.004093,0.030385,-0.05851,-1.407285,0.041795,0.03976,-0.040267,0.664207,0.740578,0.101845,-0.614131,0.462898,0.639192,0.426228,-0.487103,0.762272,-0.014395,-0.004213,0.00719,-0.051256,0.142165,-0.216773,-0.876995,0.082838,0.014469,-0.064798,0.588452,-0.245914,-0.770226,0.665128,0.688863,0.28822,0.459704,-0.681903,0.568927,-0.015168,-0.013979,0.015729,0.313334,0.522039,0.419853,0.057133
336,0.159984,-0.046199,0.321918,-0.546741,0.329528,-0.76976,-0.748997,-0.60342,0.273605,-0.373655,0.725727,0.577693,-0.06075,-0.021386,0.039178,0.246118,0.668173,0.368186,0.202652,-0.172927,-0.008338,0.282131,-0.677263,-0.726084,0.118774,0.501427,-0.337562,0.79659,-0.537432,0.599964,0.592514,-0.0148,0.002473,0.004496,-0.005538,-0.037083,-0.032305,-1.40751,0.041426,0.039701,-0.040073,0.646283,0.756517,0.099995,-0.623763,0.448238,0.640313,0.439587,-0.476197,0.761577,-0.006983,-0.004887,0.005604,-0.098703,-0.377092,-0.341131,-0.86981,0.081972,0.014056,-0.064165,0.591691,-0.273149,-0.758479,0.668383,0.692258,0.272106,0.450738,-0.667958,0.592171,-0.022677,-0.005336,0.015163,0.401233,0.950798,0.343803,0.045213
337,0.159032,-0.046493,0.322616,-0.544112,0.347019,-0.763915,-0.751975,-0.605525,0.26047,-0.371512,0.715737,0.591377,-0.045136,-0.020115,0.040409,0.348185,0.851038,0.495169,0.234246,-0.173035,-0.008469,0.28234,-0.672815,-0.73003,0.119867,0.503686,-0.333527,0.796865,-0.540896,0.59743,0.591923,9.7e-05,0.004963,0.006064,-0.660627,-4.42051,-3.247803,-1.407417,0.041367,0.039625,-0.039972,0.64584,0.756748,0.101102,-0.624162,0.447084,0.640731,0.439671,-0.476914,0.761079,-0.006967,-0.003884,0.00682,-0.036611,0.011322,-0.023668,-0.868667,0.08149,0.01391,-0.063814,0.590993,-0.290031,-0.752733,0.671215,0.694376,0.259444,0.447433,-0.658576,0.605045,-0.022582,-0.004377,0.016224,0.420284,0.923484,0.589884,0.06693
338,0.157161,-0.046679,0.323679,-0.540986,0.361874,-0.759228,-0.744073,-0.626722,0.2314,-0.391421,0.689654,0.609257,-0.04538,-0.000322,0.020883,0.481565,-0.169297,0.863648,0.261937,-0.172924,-0.008332,0.283129,-0.659745,-0.741847,0.119966,0.509007,-0.323867,0.797468,-0.551902,0.588115,0.59109,0.001164,0.004953,0.027573,-0.038195,-0.056912,0.00326,-1.407687,0.041422,0.03968,-0.039601,0.628589,0.771815,0.095793,-0.631401,0.434514,0.642284,0.454101,-0.464216,0.760456,0.000587,0.003135,0.014604,-0.063047,-0.024546,-0.223017,-0.87079,0.080573,0.013818,-0.063274,0.592058,-0.306591,-0.745297,0.66063,0.714301,0.230958,0.461557,-0.629107,0.62545,-0.01498,-0.000364,0.010192,0.172311,0.364848,0.331315,0.127348
339,0.155864,-0.046746,0.32446,-0.53423,0.376803,-0.756745,-0.743103,-0.636069,0.207814,-0.40238,0.672889,0.620756,-0.029967,-0.001414,0.019463,0.109284,0.214806,0.26219,0.245292,-0.172778,-0.008328,0.28453,-0.65514,-0.745572,0.122089,0.510706,-0.318128,0.798691,-0.555804,0.586537,0.588999,0.002916,-0.015053,0.046177,-0.118351,0.116812,-0.167209,-1.407859,0.041495,0.039698,-0.038899,0.623698,0.7757,0.096383,-0.633219,0.429102,0.64413,0.458294,-0.462774,0.758818,0.001027,-0.001003,0.020242,-0.067415,-0.025111,0.036045,-0.873566,0.079901,0.013785,-0.062874,0.584862,-0.322449,-0.744286,0.659651,0.723041,0.20511,0.472012,-0.610931,0.635583,-0.007287,-0.00107,0.009305,0.110801,0.115056,0.471858,0.128164
340,0.155195,-0.046583,0.324837,-0.527556,0.386554,-0.756509,-0.748057,-0.633406,0.19794,-0.402013,0.669853,0.624267,-0.014974,0.00468,0.005363,-0.092218,0.070743,0.00789,0.255437,-0.172224,-0.008766,0.286621,-0.637305,-0.760761,0.122781,0.5159,-0.303019,0.801224,-0.571519,0.574918,0.585405,0.017844,-0.005474,0.055903,-0.105565,-0.08139,0.045335,-1.40816,0.041766,0.039469,-0.037863,0.605865,0.790244,0.091876,-0.638748,0.414339,0.648323,0.474265,-0.451482,0.7558,0.009329,-0.008312,0.031976,-0.154453,-0.151454,-0.035725,-0.872586,0.079561,0.01387,-0.062674,0.579209,-0.332863,-0.744121,0.665162,0.720686,0.195368,0.471248,-0.608121,0.638837,0.000153,0.001471,0.001682,-0.404789,0.308542,-0.30143,0.133226
341,0.155034,-0.046572,0.324866,-0.524989,0.387796,-0.757658,-0.750063,-0.631501,0.196432,-0.40164,0.670931,0.62335,-0.015447,-0.010371,0.009206,-0.384638,0.310615,-0.278481,0.25047,-0.171906,-0.009075,0.287872,-0.632819,-0.764485,0.122859,0.51614,-0.298379,0.80281,-0.576267,0.572401,0.583213,0.018698,-0.015643,0.064873,-0.13654,-0.033736,0.05417,-1.408045,0.041932,0.039317,-0.037212,0.601387,0.793804,0.090591,-0.639176,0.409986,0.650664,0.479359,-0.449206,0.753941,0.00932,-0.007547,0.032774,-0.136032,-0.031167,0.053022,-0.872096,0.079482,0.013886,-0.062655,0.576345,-0.334121,-0.74578,0.667472,0.718998,0.193706,0.471493,-0.609429,0.637408,-7.9e-05,-0.000673,-0.000752,-1.195865,1.448765,-1.774447,0.133553
342,0.154941,-0.046797,0.324847,-0.551814,0.386225,-0.739172,-0.743751,-0.628865,0.226572,-0.376652,0.674303,0.635196,-0.00033,-0.013733,0.005335,-0.036776,0.025762,-0.044823,0.224625,-0.171523,-0.009489,0.290402,-0.622569,-0.772767,0.12341,0.523331,-0.294044,0.799748,-0.580933,0.563448,0.587287,0.003049,-0.001541,0.061312,0.076086,-0.154697,-0.02184,-1.40751,0.042124,0.039113,-0.035943,0.591369,0.801574,0.088087,-0.645801,0.405343,0.647022,0.482931,-0.439516,0.757365,0.001487,-0.000637,0.030819,0.053292,-0.150862,-0.026774,-0.874219,0.079429,0.01377,-0.062669,0.603218,-0.328908,-0.726599,0.660999,0.715965,0.224663,0.446326,-0.615802,0.649291,-0.000138,-0.006619,0.002952,-0.018735,-0.009055,0.006014,0.108896
343,0.154956,-0.047221,0.325056,-0.577213,0.38461,-0.720378,-0.733934,-0.631095,0.25106,-0.357355,0.673145,0.647456,-0.00014,-0.012043,0.00725,-0.045945,0.196667,-0.371653,0.238007,-0.170995,-0.009358,0.292538,-0.607616,-0.78434,0.124923,0.533611,-0.286815,0.79557,-0.587389,0.551042,0.592614,0.002094,0.007436,0.050296,-0.651575,-4.502238,-3.266664,-1.407925,0.042387,0.039184,-0.034884,0.580616,0.809549,0.086682,-0.653864,0.400205,0.642103,0.485124,-0.429494,0.761701,0.008378,0.003956,0.024706,0.010679,-0.125309,0.028764,-0.874872,0.079436,0.013551,-0.062571,0.627668,-0.324279,-0.707725,0.650863,0.717357,0.248547,0.427093,-0.616637,0.661323,-9.3e-05,-0.006194,0.00343,-0.05028,0.171769,-0.368075,0.105467
344,0.154943,-0.047535,0.32528,-0.588833,0.383465,-0.711531,-0.725786,-0.638257,0.25658,-0.355024,0.667023,0.65503,-0.0001,-0.022468,0.016335,0.136479,0.493987,-0.549803,0.240341,-0.170862,-0.009142,0.293448,-0.601607,-0.789077,0.124169,0.536311,-0.283974,0.794772,-0.591105,0.545721,0.593841,0.001193,0.018385,0.041828,0.147944,-0.187529,-0.277831,-1.407783,0.042454,0.039288,-0.034426,0.57071,0.816958,0.082873,-0.6573,0.394007,0.642429,0.492185,-0.421113,0.76185,0.001002,0.003253,0.024512,0.185116,-0.610274,-0.355382,-0.875199,0.079429,0.01339,-0.062456,0.639132,-0.321167,-0.698827,0.641603,0.723689,0.254203,0.424093,-0.610839,0.668595,-5.7e-05,-0.011255,0.008143,0.160185,0.522968,-0.535332,0.108569
345,0.154939,-0.048531,0.326032,-0.604023,0.384751,-0.697975,-0.713778,-0.650738,0.25891,-0.353838,0.654105,0.66856,-1.2e-05,-0.032463,0.025911,0.119591,0.573806,-0.015204,0.238469,-0.171027,-0.008745,0.295258,-0.595111,-0.793421,0.127736,0.540361,-0.27757,0.794292,-0.593989,0.542708,0.593724,-0.012619,0.004833,0.048133,-0.034221,0.071546,-0.180979,-1.407497,0.042372,0.039495,-0.033504,0.563077,0.822062,0.084598,-0.661847,0.387285,0.641847,0.494874,-0.417401,0.762151,-0.006342,0.002364,0.024015,-0.062292,0.075753,-0.178439,-0.875035,0.079427,0.012915,-0.062101,0.653756,-0.319267,-0.686054,0.628127,0.734539,0.256725,0.42197,-0.598765,0.68075,-5.8e-05,-0.011217,0.008185,0.206055,0.681793,0.069974,0.109876
346,0.154999,-0.049606,0.326945,-0.606857,0.393289,-0.69072,-0.714309,-0.650971,0.256848,-0.347875,0.648766,0.67684,0.000108,-0.020616,0.01844,-0.01983,0.022227,0.182251,0.241698,-0.171318,-0.008853,0.297178,-0.579399,-0.804628,0.129852,0.550711,-0.269201,0.790051,-0.599999,0.530273,0.598895,-0.010899,-0.02276,0.057927,0.392565,-0.317399,-0.290873,-1.407837,0.042235,0.039458,-0.03258,0.548729,0.831907,0.08262,-0.669645,0.378223,0.639158,0.500471,-0.40605,0.764624,-0.006352,-6.6e-05,0.021131,-0.020966,0.047957,-0.205879,-0.879608,0.079457,0.012368,-0.06164,0.658074,-0.329199,-0.677174,0.628663,0.73519,0.253529,0.414391,-0.592555,0.690766,7.3e-05,-0.015416,0.01388,-0.089022,0.094143,-0.019697,0.112162
347,0.154967,-0.050008,0.327321,-0.607357,0.397831,-0.687673,-0.715027,-0.650973,0.25484,-0.345524,0.645986,0.680693,-0.015386,-0.009236,0.010495,0.005162,0.106631,-0.009906,0.242551,-0.171515,-0.009103,0.298136,-0.571519,-0.810179,0.130257,0.555328,-0.265162,0.788184,-0.603299,0.523811,0.601262,-0.011762,-0.011491,0.049918,0.193663,-0.183891,-0.157267,-1.40779,0.042132,0.039321,-0.032082,0.539962,0.837821,0.080597,-0.675051,0.373876,0.63602,0.502738,-0.397835,0.767451,-0.005483,-0.011637,0.028639,0.268638,-0.218558,-0.20465,-0.881567,0.079447,0.012156,-0.061441,0.658952,-0.333629,-0.674146,0.629542,0.735119,0.251549,0.411653,-0.590162,0.694442,6.4e-05,-0.010103,0.00945,-0.063567,0.059855,-0.012561,0.113631
348,0.154759,-0.050623,0.327879,-0.604269,0.404973,-0.686222,-0.717435,-0.651204,0.24737,-0.345948,0.641292,0.684903,-0.015449,-0.009684,0.009982,0.017681,0.021232,0.01969,0.237869,-0.171763,-0.009844,0.300133,-0.561883,-0.815862,0.136557,0.567523,-0.260254,0.781102,-0.601011,0.517409,0.609046,-0.011818,-0.016849,0.043813,0.2757,-0.175054,-0.280076,-1.407748,0.042008,0.038958,-0.031075,0.529556,0.844074,0.084309,-0.685821,0.367529,0.628148,0.499218,-0.390461,0.773512,0.001802,-0.013911,0.025348,0.390763,-0.12099,-0.453651,-0.883037,0.079343,0.011849,-0.061161,0.656657,-0.340945,-0.672723,0.632048,0.735438,0.244224,0.411479,-0.585565,0.698424,1e-05,-0.005205,0.004555,0.083031,-0.140054,0.16716,0.113305
349,0.154503,-0.050827,0.328072,-0.604723,0.404845,-0.685898,-0.717391,-0.650936,0.248202,-0.345247,0.641645,0.684926,-0.015495,0.000713,0.000858,-0.000981,0.014721,-0.02955,0.237841,-0.171738,-0.010936,0.301531,-0.558868,-0.817996,0.13616,0.568736,-0.258755,0.780717,-0.602675,0.514781,0.609628,0.001782,-0.018131,0.020691,-0.069623,0.020462,-0.037083,-1.407584,0.042015,0.038432,-0.030369,0.525544,0.846714,0.082931,-0.687753,0.365443,0.627252,0.500796,-0.386685,0.774387,0.000861,-0.009482,0.009887,-0.085748,-0.095034,0.155988,-0.888262,0.079215,0.011743,-0.061061,0.657029,-0.340401,-0.672636,0.632046,0.73505,0.245394,0.410889,-0.586368,0.698098,-5e-06,-9e-06,-8e-06,-0.000294,-0.001638,-0.001467,0.109386
350,0.154263,-0.050687,0.328043,-0.603449,0.405303,-0.68675,-0.718125,-0.650593,0.246977,-0.34595,0.641703,0.684516,5.9e-05,0.000522,0.000592,0.0,0.0,0.0,0.227948,-0.171523,-0.011451,0.302122,-0.554306,-0.821069,0.136317,0.573672,-0.25839,0.777219,-0.602216,0.510047,0.614045,0.016412,-0.019114,0.018238,0.148517,-0.129845,-0.112306,-1.407929,0.042117,0.038153,-0.030073,0.521697,0.849179,0.082013,-0.691454,0.364563,0.623687,0.499723,-0.382084,0.777359,0.000437,-0.004084,0.005662,0.266766,-0.054773,-0.308604,-0.890875,0.079089,0.011814,-0.061075,0.655859,-0.340971,-0.673487,0.632788,0.734806,0.244209,0.411614,-0.586342,0.697692,2.9e-05,0.000263,0.000301,0.000556,-0.000225,-0.00058,0.104977
351,0.154136,-0.050652,0.328037,-0.602538,0.405637,-0.687351,-0.7187,-0.650252,0.246199,-0.346341,0.641837,0.684193,4e-06,3.5e-05,4e-05,0.0,0.0,0.0,0.224411,-0.171455,-0.011703,0.30239,-0.551131,-0.823069,0.137124,0.577509,-0.257797,0.77457,-0.601467,0.50711,0.617202,-0.012894,-0.021315,0.018588,0.247989,-0.164703,-0.220918,-1.407693,0.042162,0.038027,-0.029942,0.518761,0.850978,0.081993,-0.694487,0.363537,0.620908,0.498572,-0.379046,0.779582,0.000867,-0.01032,0.008971,0.416449,-0.241238,-0.219618,-0.891364,0.079026,0.011832,-0.061077,0.655008,-0.341411,-0.674093,0.633399,0.734534,0.243443,0.41203,-0.586428,0.697375,-0.007745,0.000364,0.000437,0.005436,-0.073881,0.148032,0.098445
352,0.15389,-0.050728,0.328093,-0.603257,0.402708,-0.688442,-0.716038,-0.653626,0.24502,-0.350568,0.640257,0.68352,-2.7e-05,-0.000231,-0.000262,2e-06,-1e-06,-2e-06,0.220618,-0.171697,-0.012751,0.303342,-0.542395,-0.83016,0.128971,0.583962,-0.262334,0.768182,-0.603185,0.493012,0.626873,-0.01115,-0.04063,0.038016,0.384241,-0.289592,-0.331873,-1.407954,0.042041,0.0375,-0.029484,0.51194,0.856036,0.071536,-0.699398,0.367014,0.613304,0.498756,-0.364008,0.7866,-0.006025,-0.014736,0.014976,0.450144,-0.429803,-0.224511,-0.891528,0.078903,0.011794,-0.06105,0.655404,-0.338405,-0.675223,0.630339,0.737577,0.242183,0.416073,-0.584347,0.696721,-1.9e-05,-0.000145,-0.000161,0.000168,-3.1e-05,-0.000228,0.090444
353,0.153821,-0.050765,0.328145,-0.609376,0.398762,-0.685344,-0.710958,-0.65745,0.24954,-0.35032,0.638815,0.684995,0.015563,-0.000119,-0.000172,0.000977,-0.014705,0.029542,0.221295,-0.172074,-0.01405,0.304949,-0.530067,-0.838273,0.12774,0.596612,-0.261797,0.758584,-0.601779,0.479363,0.638698,-0.011113,-0.035594,0.04353,0.529726,-0.481207,-0.22606,-1.407873,0.041857,0.03686,-0.028701,0.500228,0.863272,0.067314,-0.710189,0.364562,0.602266,0.495379,-0.349076,0.795451,0.001756,-0.017618,0.021288,0.0638,-0.131233,-0.183805,-0.891691,0.078862,0.011773,-0.061026,0.661041,-0.333676,-0.672074,0.624734,0.740857,0.246653,0.415609,-0.582915,0.698196,7.1e-05,-0.004699,0.005129,-0.032602,0.008328,-0.014517,0.088974
354,0.153835,-0.050764,0.328177,-0.613485,0.400557,-0.680614,-0.709722,-0.657606,0.252627,-0.345628,0.637529,0.688568,7.8e-05,0.000677,0.000769,0.047519,0.124766,0.038489,0.210034,-0.172263,-0.014673,0.305765,-0.523825,-0.842253,0.12731,0.603015,-0.261247,0.753695,-0.600871,0.47263,0.644544,-0.011103,-0.034116,0.045136,0.521996,-0.378486,-0.394674,-1.407609,0.041758,0.036534,-0.028277,0.493968,0.867037,0.065126,-0.715807,0.363002,0.596531,0.493573,-0.341285,0.799943,-0.005999,-0.01093,0.019129,0.052846,-0.219914,0.013891,-0.890385,0.078875,0.011774,-0.061009,0.665309,-0.334816,-0.667278,0.623374,0.740966,0.249745,0.410812,-0.582122,0.701687,4.9e-05,0.000431,0.000489,0.04272,0.184144,0.020303,0.085382
355,0.153823,-0.050871,0.32826,-0.630733,0.397075,-0.666748,-0.70016,-0.661674,0.268207,-0.333893,0.635501,0.696191,-0.000129,-0.011787,0.007542,-0.376013,0.695861,-0.727724,0.188108,-0.172695,-0.014859,0.307382,-0.511122,-0.848895,0.134616,0.620537,-0.256242,0.741085,-0.593955,0.463385,0.657537,-0.013363,0.016968,0.039744,0.523728,-0.466581,-0.053665,-1.407684,0.041542,0.036402,-0.027488,0.479589,0.874741,0.069431,-0.731627,0.354927,0.582021,0.484475,-0.329928,0.810203,-0.006706,0.008907,0.020341,0.497161,-0.365976,-0.304349,-0.890385,0.078869,0.011725,-0.060963,0.68175,-0.329221,-0.653321,0.61325,0.744124,0.264957,0.398923,-0.581284,0.709202,-6.9e-05,-0.005919,0.003743,-0.413286,0.739235,-0.776822,0.05452
356,0.153764,-0.051082,0.328428,-0.643662,0.392399,-0.657091,-0.688993,-0.670875,0.274202,-0.332435,0.628733,0.702999,3e-05,-0.010403,0.009113,3.645926,-1.407594,-3.85833,0.179971,-0.173449,-0.014015,0.309262,-0.517074,-0.841316,0.15752,0.635001,-0.25381,0.729581,-0.573166,0.478328,0.665242,-0.013139,0.024523,0.0473,0.084119,0.466378,-0.568555,-1.407818,0.041165,0.036833,-0.026539,0.480623,0.872021,0.092628,-0.745052,0.350353,0.567582,0.462491,-0.341806,0.818089,-0.013478,0.006403,0.028107,0.10402,1.689821,-1.904491,-0.894304,0.078839,0.01162,-0.060886,0.692123,-0.327009,-0.643451,0.605383,0.748449,0.270804,0.393035,-0.576964,0.715984,-2e-06,8e-06,8e-06,0.048406,0.189338,-0.122692,0.035252
357,0.153743,-0.051391,0.328737,-0.646384,0.388471,-0.656753,-0.685096,-0.674415,0.275281,-0.335188,0.62739,0.702893,3.3e-05,-0.010368,0.009153,0.068316,-0.117015,0.054568,0.162848,-0.174171,-0.013441,0.311249,-0.529897,-0.831305,0.167731,0.635669,-0.25858,0.727321,-0.560576,0.493068,0.665208,-0.027631,0.022783,0.046219,0.024503,0.532331,-0.594791,-1.407752,0.04081,0.03713,-0.025534,0.491918,0.86413,0.106278,-0.744892,0.354528,0.565194,0.450723,-0.357194,0.818083,-0.006134,0.006315,0.027088,0.119303,1.796276,-1.989162,-0.890875,0.078829,0.011462,-0.060728,0.696133,-0.318707,-0.643292,0.59679,0.75497,0.271776,0.399049,-0.573102,0.71576,9e-06,-0.005196,0.004562,0.068174,-0.1193,0.053117,0.015004
358,0.153683,-0.051608,0.328899,-0.645834,0.388747,-0.65713,-0.685749,-0.673741,0.275307,-0.334913,0.627942,0.70253,-0.000119,-0.011676,0.007668,-0.03567,0.012004,-0.018842,0.157273,-0.174454,-0.012881,0.312099,-0.529217,-0.83016,0.175373,0.638831,-0.253981,0.72617,-0.55762,0.497375,0.664486,0.000728,0.036755,0.038193,0.187731,1.865118,-2.102832,-1.407684,0.040658,0.037418,-0.025093,0.49015,0.864175,0.113808,-0.747717,0.349763,0.564432,0.447962,-0.361753,0.817595,0.00035,0.018438,0.019192,0.187722,1.856543,-2.095963,-0.893487,0.0788,0.01136,-0.060647,0.695624,-0.319014,-0.643689,0.597482,0.754412,0.2718,0.3989,-0.573664,0.715393,-7.9e-05,-0.005973,0.00368,-0.030761,-0.063363,0.133599,0.005206
359,0.153391,-0.052014,0.32924,-0.643527,0.391575,-0.657714,-0.687644,-0.673171,0.271954,-0.335469,0.626793,0.703291,-0.015487,-0.009652,0.009993,-0.035648,0.028637,-0.047488,0.162804,-0.174816,-0.011954,0.313533,-0.524697,-0.830418,0.187327,0.647565,-0.246671,0.720935,-0.551798,0.500619,0.666906,-0.013168,0.013027,0.034194,0.033763,0.036582,-0.178785,-1.407694,0.040483,0.037898,-0.024367,0.483859,0.866124,0.125335,-0.755744,0.341321,0.558883,0.441283,-0.365142,0.819719,-0.00662,0.006034,0.016617,0.042365,-0.076141,-0.011589,-0.903121,0.078659,0.011157,-0.060485,0.69366,-0.322242,-0.644201,0.599494,0.754061,0.268324,0.399302,-0.57232,0.716244,-0.007747,-0.004809,0.005018,-0.046875,0.015725,-0.052698,-0.002305
360,0.153111,-0.052324,0.329531,-0.642166,0.393978,-0.657609,-0.688733,-0.673176,0.269173,-0.335846,0.625278,0.704459,-0.015603,-0.01056,0.008957,-0.023078,0.052677,-0.03616,0.183064,-0.175116,-0.011966,0.31487,-0.516853,-0.835319,0.187343,0.655984,-0.246001,0.713514,-0.549264,0.492722,0.674831,-0.012444,-0.003825,0.036311,0.254113,-0.194887,-0.165319,-1.407652,0.040327,0.03789,-0.023692,0.476512,0.870463,0.123408,-0.762622,0.339412,0.550642,0.437427,-0.356501,0.825568,-0.006252,-0.002176,0.017891,0.277851,-0.203873,-0.167676,-0.910633,0.078519,0.011001,-0.060332,0.692641,-0.324877,-0.643972,0.600585,0.754196,0.265491,0.39943,-0.57065,0.717504,-7.1e-05,-0.000568,-0.000643,0.000533,-0.070405,0.158351,0.01631
