frame,MLTx,MLTy,MLTz,MLTR1,MLTR2,MLTR3,MLTR4,MLTR5,MLTR6,MLTR7,MLTR8,MLTR9,MLTTVx,MLTTVy,MLTTVz,MLTRVx,MLTRVy,MLTRVz,MLGA,MRTx,MRTy,MRTz,MRTR1,MRTR2,MRTR3,MRTR4,MRTR5,MRTR6,MRTR7,MRTR8,MRTR9,MRTTVx,MRTTVy,MRTTVz,MRTRVx,MRTRVy,MRTRVz,MRGA,SLTx,SLTy,SLTz,SLTR1,SLTR2,SLTR3,SLTR4,SLTR5,SLTR6,SLTR7,SLTR8,SLTR9,SLTTVx,SLTTVy,SLTTVz,SLTRVx,SLTRVy,SLTRVz,SLGA,SRTx,SRTy,SRTz,SRTR1,SRTR2,SRTR3,SRTR4,SRTR5,SRTR6,SRTR7,SRTR8,SRTR9,SRTTVx,SRTTVy,SRTTVz,SRTRVx,SRTRVy,SRTRVz,SRGA
986,0.111537,0.005086,0.290159,-0.668096,-0.315984,-0.673682,-0.225486,-0.776846,0.58791,-0.708291,0.545075,0.448602,0.02272,-0.027733,-0.030522,0.200614,-0.21741,0.839151,-1.914143,-0.227065,-0.00057,0.30052,-0.616418,0.494412,0.612843,-0.698227,-0.70299,-0.134975,0.364871,-0.511702,0.777749,-0.000181,0.02222,-0.01612,0.055019,0.084599,0.112063,0.219191,0.012499,0.053366,-0.00773,0.63671,-0.46471,0.61534,0.670675,0.727534,-0.144528,-0.380518,0.504716,0.774898,-0.007333,0.011224,-0.007708,0.053837,0.148871,0.111596,0.104218,0.058434,0.053243,-0.061286,0.658069,0.352866,-0.665153,0.176504,0.786481,0.591855,0.731976,-0.506884,0.455277,0.011315,-0.014112,-0.015559,0.288851,0.407977,0.252842,-1.028913
987,0.111922,0.004543,0.289523,-0.661402,-0.318476,-0.679092,-0.215277,-0.786714,0.57854,-0.717684,0.529233,0.452625,0.022346,-0.029476,-0.032726,1.3393,-0.632676,-0.57394,-1.914261,-0.227273,-0.000205,0.300274,-0.614067,0.494687,0.614977,-0.696759,-0.705779,-0.127813,0.371589,-0.507574,0.777273,-0.000177,0.0222,-0.016133,0.05556,0.078497,0.107674,0.225695,0.012394,0.053541,-0.007854,0.634132,-0.46502,0.617764,0.669201,0.730306,-0.137195,-0.387358,0.500408,0.774302,-0.007314,0.005486,-0.003877,0.028379,0.120964,0.070872,0.109443,0.058622,0.052976,-0.061598,0.65151,0.350436,-0.672851,0.17224,0.795429,0.581055,0.738829,-0.494455,0.457871,0.011223,-0.014609,-0.01622,0.359717,0.476348,0.325134,-1.027607
988,0.112754,0.003382,0.288255,-0.649023,-0.30974,-0.694892,-0.216611,-0.800364,0.55899,-0.728506,0.5137,0.453232,0.022488,-0.029509,-0.033141,0.142995,-0.191247,0.57656,-1.914204,-0.227722,0.000731,0.299644,-0.60617,0.498755,0.619511,-0.695831,-0.709808,-0.10921,0.386032,-0.497877,0.776505,-0.01459,0.034226,-0.022743,-0.515092,-0.26501,0.514283,0.240516,0.012175,0.054004,-0.008167,0.626783,-0.467445,0.623407,0.668063,0.734169,-0.121184,-0.40104,0.492432,0.772448,-0.007196,0.011799,-0.00708,0.063194,0.133972,0.112745,0.126262,0.059037,0.052394,-0.062234,0.639696,0.345245,-0.686727,0.167097,0.809612,0.562677,0.750244,-0.474692,0.460216,0.01129,-0.014636,-0.01644,0.158535,0.365632,-0.027954,-1.025484
989,0.113673,0.002307,0.287013,-0.637973,-0.308071,-0.705782,-0.204297,-0.815972,0.540762,-0.741702,0.48956,0.458515,0.023129,-0.027549,-0.031171,0.363225,0.484713,0.325108,-1.914138,-0.228201,0.0018,0.298949,-0.593762,0.503437,0.627685,-0.697623,-0.710788,-0.089647,0.401771,-0.491726,0.772431,-0.014484,0.023076,-0.014727,-0.02739,0.538854,0.642288,0.258145,0.011925,0.054558,-0.00853,0.615712,-0.474402,0.629158,0.66943,0.736101,-0.100084,-0.415644,0.482801,0.770806,-0.007231,0.011517,-0.007376,0.006416,0.475925,0.607117,0.149286,0.059504,0.051842,-0.062872,0.626248,0.343591,-0.699826,0.155719,0.824432,0.544116,0.763913,-0.449728,0.462796,0.011558,-0.013865,-0.015714,0.026964,0.145291,-0.181536,-1.016013
990,0.114764,0.001247,0.285816,-0.627024,-0.305094,-0.716802,-0.201545,-0.825287,0.527497,-0.751728,0.475596,0.456882,0.037488,-0.039473,-0.023629,-0.011589,0.154324,-0.121012,-1.914596,-0.228729,0.003012,0.298186,-0.585998,0.505621,0.633202,-0.692098,-0.718693,-0.066436,0.422228,-0.477782,0.770267,-0.014183,0.035881,-0.020899,-1.035867,0.566008,-0.665228,0.275313,0.011665,0.055149,-0.008906,0.60719,-0.477723,0.634902,0.664934,0.742932,-0.076903,-0.43495,0.468863,0.768755,-0.007187,0.012159,-0.006649,-3.493186,0.881992,-3.624923,0.172147,0.060044,0.051316,-0.063473,0.616738,0.338006,-0.710904,0.152547,0.834674,0.529194,0.772245,-0.434821,0.463214,0.011881,-0.01287,-0.014687,-0.007543,-0.01633,0.041057,-1.018299
991,0.115323,0.00076,0.285282,-0.622225,-0.302035,-0.722258,-0.205158,-0.82745,0.522695,-0.754734,0.473783,0.453799,0.024105,-0.024508,-0.027988,0.149456,-1.66584,2.172391,-1.914489,-0.228994,0.003683,0.297793,-0.577418,0.512511,0.635541,-0.694561,-0.717487,-0.052265,0.429936,-0.472222,0.769431,-0.014122,0.036051,-0.020699,0.013474,0.272089,0.746067,0.286266,0.011533,0.055484,-0.009102,0.599306,-0.48371,0.637852,0.66626,0.743097,-0.062476,-0.443766,0.462418,0.767619,-0.007038,0.018059,-0.010301,-0.086904,0.584716,0.734525,0.18472,0.060338,0.051057,-0.06375,0.612681,0.335342,-0.715658,0.155758,0.836525,0.525323,0.77483,-0.433325,0.460291,0.012108,-0.012154,-0.013885,0.142636,-1.667377,2.157643,-1.017646
992,0.116576,-0.000194,0.284121,-0.61115,-0.30428,-0.730723,-0.200912,-0.833318,0.514964,-0.764861,0.461906,0.449063,0.039164,-0.02521,-0.028319,0.002714,-0.01029,0.042015,-1.915359,-0.229573,0.005084,0.297013,-0.564482,0.51809,0.6426,-0.692273,-0.721102,-0.026556,0.450334,-0.460473,0.764871,-0.01403,0.03622,-0.020483,0.015027,0.223947,0.41395,0.316239,0.011249,0.056172,-0.009483,0.58569,-0.489668,0.645903,0.664229,0.746648,-0.036263,-0.464506,0.450267,0.762557,-0.006997,0.018115,-0.010224,-0.289453,0.272207,0.328801,0.218522,0.060935,0.050595,-0.064306,0.601027,0.336795,-0.7248,0.151643,0.842346,0.517162,0.78471,-0.420739,0.4552,0.012212,-0.011968,-0.013809,0.000914,0.026954,-0.018153,-1.019279
993,0.1179,-0.000892,0.28294,-0.604157,-0.304111,-0.736584,-0.199512,-0.837178,0.509215,-0.770763,0.454977,0.446036,0.039612,-0.024012,-0.027143,0.048595,-0.617018,0.834039,-1.915229,-0.230151,0.006378,0.296298,-0.546176,0.527323,0.650856,-0.694973,-0.71899,-0.000496,0.468387,-0.453239,0.758322,-0.01404,0.024571,-0.013047,-0.04468,0.112461,0.659295,0.344864,0.010955,0.056838,-0.009851,0.567462,-0.499594,0.654516,0.667253,0.744763,-0.010026,-0.482451,0.442417,0.75598,-0.006964,0.018156,-0.010164,-0.127927,0.028151,0.817936,0.259671,0.061612,0.050241,-0.06491,0.594749,0.336713,-0.729997,0.1496,0.84584,0.512029,0.789869,-0.413736,0.45269,0.020284,-0.005799,-0.0168,0.189655,-1.71785,2.237155,-1.019115
994,0.118634,-0.001154,0.282317,-0.599304,-0.305477,-0.739976,-0.196464,-0.839965,0.505798,-0.775322,0.448881,0.444306,0.040658,-0.011177,-0.033204,0.037481,-0.028179,0.057791,-1.914933,-0.230425,0.006995,0.295938,-0.538911,0.528361,0.656049,-0.694271,-0.719606,0.009413,0.47775,-0.451045,0.753775,-0.013985,0.036016,-0.020656,0.036727,0.086441,0.588171,0.357107,0.010818,0.057142,-0.010028,0.560065,-0.500908,0.659861,0.66665,0.74537,-8e-06,-0.491837,0.439902,0.751386,-0.007034,0.012083,-0.006729,-0.003611,0.109516,0.570749,0.277796,0.061993,0.0501,-0.065232,0.5892,0.33736,-0.734186,0.146907,0.848786,0.507916,0.794519,-0.407122,0.450545,0.020362,-0.005534,-0.01656,0.036884,-0.023239,0.052132,-1.024831
995,0.120001,-0.001605,0.281067,-0.587927,-0.297887,-0.752098,-0.203542,-0.845363,0.493868,-0.782185,0.443808,0.437321,0.025406,-0.020982,-0.02458,0.154054,-1.671171,2.167921,-1.914774,-0.230849,0.008137,0.295221,-0.520879,0.535586,0.664699,-0.696367,-0.71692,0.032141,0.494406,-0.446784,0.745526,-0.014204,0.023449,-0.014234,0.006493,0.083982,0.571384,0.372949,0.010606,0.057718,-0.010388,0.54223,-0.508782,0.668675,0.668992,0.742919,0.022784,-0.508364,0.434984,0.743205,-0.007065,0.017452,-0.010907,0.054797,0.180567,0.440378,0.306535,0.062667,0.049885,-0.065846,0.580137,0.330432,-0.744482,0.152603,0.853737,0.497839,0.800095,-0.402426,0.444859,0.013166,-0.00419,-0.015407,0.035751,-0.006332,0.01985,-1.027443
996,0.121277,-0.00214,0.279992,-0.578924,-0.294702,-0.760291,-0.208689,-0.847819,0.487466,-0.787531,0.441232,0.430274,0.026835,-0.006375,-0.028471,0.026508,-0.026654,0.018407,-1.91517,-0.231059,0.009221,0.294511,-0.501079,0.540074,0.676189,-0.697572,-0.71444,0.053871,0.512822,-0.445354,0.73385,6.9e-05,0.022775,-0.015308,-0.080714,0.270827,0.723175,0.389145,0.010495,0.058251,-0.010738,0.52399,-0.513627,0.679426,0.669994,0.741088,0.043526,-0.525871,0.432405,0.73245,-0.007064,0.011765,-0.007059,-0.507702,0.694871,0.407447,0.327926,0.063295,0.049615,-0.066377,0.569488,0.325758,-0.754694,0.15898,0.857136,0.489941,0.806478,-0.398997,0.43634,0.020486,-0.009863,-0.011248,0.011958,-0.120573,0.198472,-1.024668
997,0.122243,-0.002586,0.279203,-0.563362,-0.296363,-0.771257,-0.205832,-0.853704,0.478324,-0.799487,0.428584,0.420909,0.027804,-0.002325,-0.023508,0.028177,-0.025797,0.021488,-1.915149,-0.23104,0.010146,0.293834,-0.468275,0.543506,0.696643,-0.710429,-0.700331,0.069006,0.525974,-0.463263,0.713163,-2.7e-05,0.022285,-0.015816,0.264296,1.331418,0.447073,0.399933,0.010505,0.058722,-0.011082,0.492667,-0.518682,0.698746,0.683159,0.72791,0.058653,-0.539047,0.448458,0.71296,0.007019,0.010455,-0.008892,1.448535,1.948725,-0.785413,0.346868,0.063797,0.049381,-0.066794,0.553919,0.326579,-0.765845,0.155858,0.86292,0.480703,0.817851,-0.385634,0.427088,0.013968,-0.000925,-0.011473,0.048319,0.00223,0.027463,-1.020748
998,0.122626,-0.002793,0.278929,-0.554107,-0.293236,-0.779117,-0.211259,-0.855753,0.472259,-0.80453,0.426638,0.413205,0.012906,-0.010108,-0.012035,-0.056543,-0.200884,0.112878,-1.914656,-0.230949,0.010526,0.293509,-0.450948,0.539967,0.710685,-0.717211,-0.693112,0.071688,0.53186,-0.478039,0.698904,0.013877,0.02003,-0.018616,0.308233,1.015593,0.481622,0.403323,0.010546,0.058915,-0.011241,0.473942,-0.515537,0.713861,0.690405,0.720748,0.062141,-0.546551,0.463403,0.697523,-0.000251,0.004418,-0.005262,1.197835,2.470379,-0.577854,0.3534,0.063983,0.04928,-0.066928,0.54509,0.322881,-0.773708,0.161189,0.865284,0.474658,0.822736,-0.383445,0.419613,0.01388,-0.005782,-0.006578,-0.062687,-0.228621,0.135808,-1.020095
999,0.123229,-0.003136,0.278611,-0.528578,-0.302621,-0.79314,-0.201324,-0.862976,0.463371,-0.824034,0.404978,0.396217,-0.000668,-0.003024,-0.003837,-0.008822,-0.202926,0.095819,-1.915444,-0.230328,0.011069,0.292882,-0.404787,0.528919,0.745912,-0.734342,-0.674046,0.079606,0.545392,-0.516172,0.660285,0.027762,0.006588,-0.013588,1.026546,2.581064,-0.062052,0.410182,0.01085,0.059191,-0.011558,0.429647,-0.507037,0.747205,0.707867,0.702874,0.069928,-0.560648,0.498878,0.660903,0.006913,0.004256,-0.005562,-0.17597,0.856018,1.195552,0.363197,0.064289,0.049103,-0.067094,0.51905,0.331265,-0.78794,0.151004,0.871804,0.465997,0.841299,-0.360858,0.402487,0.007091,-0.002256,-0.002502,0.102053,-0.338747,0.232151,-1.016013
1000,0.123461,-0.003145,0.278693,-0.499056,-0.314826,-0.807386,-0.192229,-0.868263,0.457317,-0.844383,0.383817,0.373803,0.000856,0.003891,0.004933,-0.240963,-0.592346,0.061756,-1.915401,-0.229133,0.011378,0.292358,-0.353943,0.509188,0.784503,-0.753251,-0.652335,0.083706,0.554824,-0.561916,0.613421,0.027937,0.007615,-0.012509,0.081921,0.945361,1.290252,0.426196,0.011448,0.059344,-0.011821,0.376742,-0.48697,0.787987,0.72781,0.681838,0.0734,-0.573024,0.545853,0.611299,0.020935,-0.002857,-0.003753,0.929045,2.565686,-0.101659,0.37675,0.064405,0.049094,-0.067058,0.490045,0.340856,-0.802291,0.14129,0.877149,0.458961,0.86017,-0.338267,0.381684,0.000591,0.002664,0.003372,-0.382065,-0.779306,-0.042632,-1.011278
1001,0.123442,-0.003097,0.278935,-0.48359,-0.321761,-0.814037,-0.187798,-0.870206,0.455462,-0.854332,0.373527,0.361415,-0.01294,0.010078,0.012018,-0.270559,-0.663715,0.041075,-1.9144,-0.228342,0.011361,0.292106,-0.325559,0.488321,0.809658,-0.761636,-0.642799,0.081577,0.560691,-0.590694,0.580146,0.041484,-0.007836,-0.009741,0.790301,2.537408,-0.19829,0.43652,0.011824,0.059348,-0.01194,0.34887,-0.468903,0.811429,0.736402,0.672688,0.072115,-0.579655,0.57238,0.579982,0.020878,0.002535,-0.007909,0.856759,2.472518,-0.194032,0.387038,0.0644,0.049114,-0.066943,0.474323,0.347007,-0.809075,0.136778,0.878829,0.457111,0.86966,-0.327482,0.369386,0.000584,-0.001804,0.008783,-0.449553,-0.828176,-0.104524,-1.011114
1002,0.123175,-0.002832,0.279815,-0.454275,-0.32811,-0.828265,-0.190205,-0.872565,0.449916,-0.869777,0.36233,0.335011,-0.011263,0.017573,0.02137,-0.284914,-0.82208,0.172459,-1.914885,-0.22677,0.010942,0.291553,-0.279959,0.426263,0.860183,-0.767231,-0.637861,0.066518,0.57738,-0.641845,0.504511,0.040272,-0.014677,-0.017314,-0.357745,1.063616,0.529818,0.453071,0.012612,0.059151,-0.012202,0.299583,-0.406724,0.863032,0.742853,0.667064,0.056503,-0.59868,0.62418,0.501977,0.013029,-0.007074,-0.008165,-0.183405,1.878886,0.167935,0.414144,0.064265,0.049242,-0.066517,0.445586,0.35152,-0.823338,0.138765,0.88145,0.451429,0.884418,-0.315401,0.343983,-0.005807,0.00359,0.015178,-0.406454,-0.841813,-0.086703,-1.007032
1003,0.122789,-0.002595,0.281174,-0.423874,-0.342158,-0.838632,-0.174878,-0.877576,0.446374,-0.888172,0.336285,0.313194,-0.011295,-0.000417,0.042576,0.055873,-0.93924,-0.173074,-1.913948,-0.225175,0.010295,0.290805,-0.240243,0.380314,0.893104,-0.766787,-0.638474,0.065748,0.595528,-0.669474,0.443863,0.054182,-0.017785,-0.021346,-0.406491,1.772473,-0.293911,0.458019,0.013418,0.058818,-0.012587,0.258247,-0.363014,0.89528,0.742711,0.667238,0.05631,-0.617807,0.650394,0.441927,0.020007,-0.008432,-0.009951,-0.40458,1.763307,-0.068153,0.427044,0.064074,0.049372,-0.065831,0.414556,0.363532,-0.834258,0.123703,0.885723,0.447427,0.901576,-0.288684,0.322211,-0.00529,0.00594,0.018002,1.389319,-0.989867,-0.175482,-1.006869
1004,0.122191,-0.002613,0.282982,-0.402534,-0.344729,-0.848041,-0.163014,-0.884598,0.436903,-0.900293,0.314535,0.300945,-0.010771,0.00182,0.045053,0.058754,-0.299541,0.286152,-1.914396,-0.223316,0.009779,0.29008,-0.193288,0.342465,0.919428,-0.781947,-0.619726,0.066572,0.592832,-0.706477,0.386398,0.055194,-0.012844,-0.016108,-0.400597,1.817368,0.019381,0.469093,0.014366,0.058543,-0.012969,0.210512,-0.325975,0.921642,0.758483,0.649248,0.056387,-0.616755,0.68718,0.383922,0.027632,-0.006307,-0.007942,-0.383113,1.775934,-0.013522,0.437984,0.063777,0.049367,-0.064921,0.39176,0.366623,-0.843866,0.111508,0.891499,0.439084,0.913284,-0.266113,0.308372,-0.013038,-0.003866,0.02718,0.329943,-0.425139,0.16815,-1.00197
1005,0.121844,-0.002785,0.28399,-0.393034,-0.340807,-0.854061,-0.163281,-0.888169,0.429496,-0.904442,0.308678,0.294501,-0.026212,-0.008593,0.053105,-0.103285,-0.200855,0.286621,-1.914421,-0.222142,0.009567,0.289741,-0.170835,0.327478,0.929282,-0.792111,-0.606497,0.068235,0.586164,-0.724818,0.36182,0.069722,-0.012215,-0.016021,-0.197603,1.353163,-0.283154,0.475271,0.014906,0.058441,-0.013125,0.186234,-0.313103,0.931279,0.769311,0.636049,0.06,-0.611126,0.70527,0.359328,0.027786,-0.005592,-0.00721,0.125165,1.651685,0.286262,0.444679,0.06361,0.049288,-0.064416,0.382542,0.36213,-0.850013,0.111497,0.895172,0.431547,0.917185,-0.259859,0.302065,-0.005724,-0.004917,0.02617,-0.101862,-0.327723,0.47837,-1.0005
1006,0.121141,-0.003402,0.286102,-0.375993,-0.341902,-0.861265,-0.15082,-0.89448,0.420868,-0.913817,0.28856,0.285829,-0.026653,-0.010621,0.050364,-0.102783,-0.199247,0.287739,-1.914305,-0.21959,0.009169,0.289202,-0.129437,0.300403,0.944985,-0.804253,-0.589188,0.077259,0.580142,-0.750352,0.316655,0.070385,-0.008782,-0.01247,-0.183628,1.108303,0.054374,0.488524,0.016202,0.05824,-0.013405,0.143929,-0.286326,0.947259,0.782073,0.619421,0.068401,-0.606337,0.730982,0.31308,0.035166,-0.004689,-0.006589,-0.208591,1.32453,0.18995,0.463784,0.06326,0.048986,-0.063353,0.365567,0.362323,-0.857368,0.098809,0.900813,0.422813,0.925525,-0.239283,0.293506,-0.006375,-0.012197,0.027978,-0.137917,-0.195499,0.302237,-1.00148
1007,0.120336,-0.004366,0.288138,-0.359985,-0.339074,-0.869186,-0.144506,-0.900125,0.410931,-0.921269,0.273949,0.276119,-0.028513,-0.027519,0.051271,-0.137967,-0.163095,0.24978,-1.913752,-0.216788,0.0088,0.28872,-0.097375,0.270947,0.957652,-0.818092,-0.569698,0.078119,0.566858,-0.776149,0.275911,0.070553,-0.008158,-0.012042,-0.067333,0.726634,0.010218,0.495386,0.017604,0.058059,-0.013641,0.11011,-0.257525,0.959976,0.796597,0.600476,0.069714,-0.594396,0.757039,0.271262,0.035239,-0.004465,-0.006484,0.012707,0.92844,-0.107079,0.477174,0.062859,0.048515,-0.062329,0.349766,0.358597,-0.865488,0.092329,0.906149,0.412757,0.932276,-0.224279,0.283831,-0.006968,-0.014778,0.024784,-0.13877,-0.173795,0.275716,-1.003929
1008,0.11994,-0.004871,0.289023,-0.357762,-0.333364,-0.872307,-0.142259,-0.903762,0.403669,-0.922486,0.268921,0.276997,-0.013693,-0.019957,0.039595,-0.04471,-0.082968,0.37323,-1.913351,-0.215423,0.008619,0.288489,-0.086137,0.253132,0.963585,-0.820113,-0.567102,0.075784,0.56574,-0.784007,0.255216,0.070665,-0.00764,-0.011594,-0.104481,0.712613,-0.002766,0.496615,0.018313,0.057965,-0.013762,0.098152,-0.239723,0.965866,0.798689,0.597973,0.06725,-0.593684,0.764827,0.250156,0.035356,-0.003804,-0.005817,-0.096807,0.660833,-0.027533,0.482562,0.062656,0.04826,-0.061882,0.348081,0.352693,-0.868588,0.089847,0.909714,0.405397,0.933148,-0.219151,0.284966,-0.014662,-0.015385,0.023676,-0.079807,-0.039931,0.334867,-1.003929
1009,0.119216,-0.005868,0.290395,-0.346094,-0.326339,-0.87964,-0.127553,-0.912497,0.388654,-0.929076,0.247112,0.275283,-0.015361,-0.027128,0.030973,4.79301,-2.256263,-1.201338,-1.91354,-0.212825,0.008316,0.28806,-0.070059,0.223466,0.972186,-0.827668,-0.556962,0.068497,0.556864,-0.800096,0.222736,0.056584,-0.006081,-0.009437,5.294298,1.006109,1.122813,0.494148,0.019591,0.057816,-0.013972,0.083034,-0.210751,0.974006,0.803155,0.592761,0.05979,-0.589954,0.777313,0.218485,0.035409,-0.003607,-0.005722,-0.105681,0.831857,-0.196345,0.483542,0.062295,0.047768,-0.061188,0.339118,0.342913,-0.876018,0.080261,0.917256,0.390126,0.937313,-0.202609,0.283536,-0.007805,-0.014018,0.014959,-0.089133,-0.116681,0.279775,-1.00148
1010,0.118493,-0.006727,0.291259,-0.341828,-0.318122,-0.884306,-0.120989,-0.918245,0.37704,-0.931534,0.236264,0.276497,-0.015709,-0.019802,0.018351,-0.023482,0.014544,0.190605,-1.913947,-0.210482,0.008076,0.287737,-0.060285,0.20168,0.97759,-0.829007,-0.555551,0.063607,0.556003,-0.806814,0.19944,0.057121,-0.015901,-0.000236,-0.076011,0.382009,-0.072628,0.493612,0.020762,0.057699,-0.014138,0.070713,-0.189493,0.979331,0.807989,0.586608,0.055163,-0.584937,0.787389,0.19459,0.028457,-0.002057,-0.003744,-0.05146,0.503445,-0.238453,0.481746,0.061932,0.047332,-0.060756,0.333139,0.33645,-0.880805,0.06819,0.923124,0.378405,0.940408,-0.186124,0.284586,-0.008062,-0.010732,0.008194,-0.03052,-0.087675,0.326798,-1.005562
1011,0.117887,-0.007302,0.291682,-0.334894,-0.31489,-0.888108,-0.113627,-0.922144,0.369745,-0.93498,0.225125,0.27415,-0.015669,-0.010844,0.007671,1.438934,-0.692218,-0.335177,-1.913971,-0.208383,0.007916,0.287557,-0.047917,0.187584,0.981075,-0.831057,-0.552302,0.065128,0.554124,-0.81241,0.181108,0.057121,-0.00238,-0.005626,-0.04711,0.388872,0.208715,0.493502,0.021833,0.057614,-0.014227,0.058697,-0.175854,0.982664,0.810133,0.58356,0.05604,-0.583299,0.7928,0.176719,0.028576,-0.001135,-0.002789,-0.057465,0.436737,0.244494,0.481093,0.061628,0.047038,-0.060544,0.326899,0.332396,-0.884674,0.062528,0.926446,0.371196,0.942988,-0.176661,0.282071,-0.007999,-0.005725,0.00337,4.862131,-2.146066,-1.408134,-1.011768
1012,0.117619,-0.007453,0.291794,-0.334749,-0.310808,-0.889599,-0.11453,-0.92363,0.365735,-0.934922,0.224696,0.274698,-0.014834,0.001406,0.000925,0.014096,-0.068968,0.154082,-1.914186,-0.207458,0.007842,0.287516,-0.04175,0.183598,0.98211,-0.833902,-0.547762,0.067067,0.550326,-0.81638,0.174721,0.042986,-0.000615,-0.00296,-0.048651,0.407493,0.181949,0.492967,0.022296,0.057576,-0.014249,0.052512,-0.172124,0.983673,0.813153,0.579158,0.057932,-0.579675,0.796836,0.170376,0.021514,-0.000204,-0.001398,-0.060775,0.466265,0.226125,0.480766,0.061499,0.046958,-0.060493,0.326595,0.328852,-0.88611,0.061641,0.928113,0.367159,0.943151,-0.174533,0.282846,-0.007792,-0.005197,0.004114,-0.032636,-0.066008,0.128496,-1.01291
1013,0.117157,-0.007548,0.291946,-0.329954,-0.309847,-0.891723,-0.110744,-0.925381,0.36246,-0.937086,0.218728,0.272133,-0.014644,0.002229,0.001899,0.000722,-0.09774,0.134492,-1.914202,-0.205843,0.007633,0.287498,-0.034844,0.180843,0.98289,-0.836619,-0.543181,0.070398,0.54666,-0.820045,0.168972,0.028625,-0.000675,-0.002328,0.001111,-0.007956,0.075494,0.49403,0.023104,0.057474,-0.014255,0.04467,-0.169363,0.98454,0.81602,0.574705,0.061838,-0.576293,0.800643,0.163876,0.014317,-0.000332,-0.001186,0.007599,-0.050436,0.04344,0.481583,0.061262,0.046905,-0.060416,0.321593,0.327769,-0.888338,0.057972,0.9296,0.36398,0.945101,-0.168552,0.279951,6.2e-05,0.000279,0.000342,-0.001112,-0.000848,-0.000561,-1.003603
1014,0.116697,-0.00753,0.292089,-0.326782,-0.310715,-0.892589,-0.111903,-0.925059,0.362927,-0.938062,0.218862,0.268637,0.000328,0.001381,0.001651,-0.003578,-0.007882,-0.00536,-1.914558,-0.204556,0.00732,0.28758,-0.033756,0.170741,0.984733,-0.839648,-0.539188,0.064823,0.542065,-0.824821,0.16031,0.028704,-4.8e-05,-0.001672,0.00462,-0.025811,0.053584,0.492948,0.023736,0.057317,-0.014214,0.043661,-0.159247,0.986272,0.819183,0.5708,0.055899,-0.571867,0.805497,0.155374,0.014528,-0.005869,0.002787,-0.0308,-0.017996,0.027325,0.481909,0.061026,0.046913,-0.060346,0.318118,0.328556,-0.889297,0.059265,0.929301,0.364535,0.946196,-0.168669,0.276156,-0.007182,0.001717,0.001671,0.00824,0.011169,0.002792,-1.006052
1015,0.116461,-0.007475,0.292158,-0.324649,-0.3126,-0.892709,-0.112437,-0.924369,0.364516,-0.938741,0.219097,0.266062,-0.014191,0.004124,0.004149,-0.005744,-0.0126,-0.013276,-1.914038,-0.204055,0.007108,0.287679,-0.035243,0.165896,0.985509,-0.839487,-0.539887,0.060978,0.542222,-0.825346,0.157041,0.014685,-0.011895,0.006242,-0.034114,-0.000523,0.013459,0.491987,0.023992,0.057216,-0.014166,0.045038,-0.154436,0.986975,0.818991,0.57144,0.052043,-0.572035,0.80598,0.152218,0.014508,-0.006079,0.002543,-0.033831,-0.023131,0.049469,0.481419,0.060908,0.04694,-0.060312,0.315849,0.33036,-0.889438,0.059835,0.928624,0.366163,0.94692,-0.168872,0.273538,-0.007094,0.002084,0.002108,0.01025,0.013994,0.004735,-1.006052
1016,0.115946,-0.007317,0.292367,-0.318638,-0.318569,-0.892765,-0.113921,-0.922144,0.369653,-0.940626,0.21988,0.258653,-0.013806,0.005699,0.006015,-0.179549,-0.395653,-0.273719,-1.913835,-0.203296,0.006567,0.287963,-0.039291,0.15973,0.986374,-0.842168,-0.536498,0.053448,0.537773,-0.828758,0.154344,0.01479,-0.011141,0.007077,0.014524,-0.326773,-0.260066,0.490398,0.024377,0.05694,-0.014024,0.047467,-0.147684,0.987894,0.821696,0.568109,0.045448,-0.567944,0.809592,0.148318,0.0074,-0.005515,0.003587,0.037268,-0.485633,-0.371,0.47848,0.060655,0.047016,-0.060211,0.311309,0.334429,-0.889518,0.060946,0.927078,0.369879,0.948352,-0.169359,0.268226,-0.00731,-0.00314,0.006553,-0.231212,-0.405966,-0.343499,-1.007032
1017,0.115379,-0.007261,0.292643,-0.315597,-0.319602,-0.893475,-0.115171,-0.921719,0.370327,-0.941502,0.220168,0.255198,-0.029673,-0.005788,0.012856,-0.037339,0.045746,-0.075795,-1.914175,-0.202737,0.005882,0.288356,-0.045276,0.159452,0.986162,-0.841369,-0.538217,0.048512,0.538561,-0.827696,0.157271,0.015168,-0.022977,0.014215,-0.059032,-0.068121,-0.063943,0.488489,0.024657,0.056597,-0.013828,0.055248,-0.147817,0.987469,0.820863,0.569766,0.039363,-0.568446,0.808403,0.152816,0.007583,-0.011442,0.007148,-0.065093,-0.037911,-0.037123,0.476847,0.060368,0.047051,-0.060065,0.306553,0.336776,-0.890284,0.062593,0.926159,0.371899,0.949792,-0.169732,0.262837,-0.014848,-0.002924,0.006404,-0.029435,0.059645,-0.066389,-1.008012
1018,0.114683,-0.007299,0.292992,-0.3125,-0.320565,-0.894219,-0.116746,-0.921252,0.370995,-0.942345,0.220725,0.251583,-0.029455,-0.00486,0.01393,-0.03669,0.030422,-0.051374,-1.914105,-0.202418,0.005166,0.288852,-0.059941,0.161264,0.985085,-0.840589,-0.540317,0.03742,0.538367,-0.825977,0.16669,0.015252,-0.022407,0.014862,-0.047205,-0.155082,-0.128551,0.482331,0.024817,0.05624,-0.013579,0.070214,-0.149198,0.98631,0.819953,0.571738,0.028115,-0.568107,0.806755,0.162479,0.007623,-0.011161,0.007472,-0.055162,-0.106681,-0.092125,0.471949,0.06003,0.047032,-0.059898,0.303457,0.337484,-0.891076,0.064153,0.925816,0.372488,0.950682,-0.170199,0.259295,-0.007473,-0.003783,0.00577,-0.030902,-0.073714,0.123018,-1.008501
1019,0.114284,-0.007382,0.293192,-0.312305,-0.320423,-0.894338,-0.117314,-0.921197,0.370953,-0.942339,0.221161,0.251222,-0.02902,0.005505,0.00492,-0.000386,-0.082694,0.105167,-1.914299,-0.202313,0.004815,0.289158,-0.068258,0.163775,0.984129,-0.840089,-0.541446,0.031954,0.53817,-0.824746,0.173291,0.001113,-0.02011,0.018284,-0.031033,-0.280335,-0.226167,0.477533,0.024868,0.056069,-0.013437,0.0778,-0.151157,0.985442,0.819398,0.572756,0.023165,-0.56792,0.805668,0.168418,0.000517,-0.010334,0.008824,-0.020076,-0.355025,-0.317649,0.467703,0.059831,0.046989,-0.059792,0.30341,0.337382,-0.891131,0.064702,0.925764,0.372523,0.95066,-0.170686,0.259057,-0.007481,-0.003801,0.005744,-0.035683,0.033251,-0.044765,-1.009808
1020,0.113495,-0.007652,0.293597,-0.310606,-0.318736,-0.895532,-0.119214,-0.921614,0.369308,-0.942664,0.22186,0.249379,-0.02987,-0.006422,0.012023,-0.03519,-0.064874,0.089475,-1.915088,-0.202128,0.004232,0.289843,-0.084674,0.169336,0.98191,-0.839056,-0.54356,0.021502,0.537472,-0.822235,0.186858,0.015417,-0.005783,0.013056,0.036629,-0.528431,-0.341807,0.469502,0.024955,0.055771,-0.013093,0.093089,-0.155657,0.983414,0.818209,0.574761,0.013524,-0.567333,0.80338,0.180864,0.000693,-0.008693,0.010662,-0.000424,-0.517145,-0.400786,0.456763,0.059437,0.046857,-0.059594,0.301804,0.33558,-0.892356,0.066585,0.926296,0.370863,0.951041,-0.171346,0.257216,-0.00757,-0.004131,0.005346,-0.035808,0.017012,-0.022665,-1.010135
1021,0.112697,-0.007971,0.293974,-0.309017,-0.317143,-0.896646,-0.121122,-0.921974,0.367785,-0.942945,0.222645,0.247612,-0.01547,-0.009553,0.009116,-0.035773,0.032348,-0.045382,-1.914634,-0.201956,0.003798,0.290604,-0.095458,0.173269,0.980233,-0.837972,-0.545449,0.014928,0.537373,-0.820166,0.196015,0.015582,-0.004225,0.014771,-0.012005,-0.170003,-0.075742,0.461614,0.025041,0.055561,-0.01272,0.105889,-0.159816,0.981451,0.817061,0.576522,0.005726,-0.566743,0.801299,0.191627,0.000602,-0.001893,0.008055,-0.009583,-0.192004,-0.132536,0.447618,0.059038,0.046703,-0.059407,0.300219,0.333798,-0.893558,0.068507,0.926807,0.369235,0.951406,-0.172066,0.255377,-0.015117,-0.003857,0.00524,-0.035359,-0.064205,0.089129,-1.011768
1022,0.112328,-0.008134,0.294128,-0.307079,-0.315176,-0.898004,-0.122489,-0.922642,0.365651,-0.943404,0.222666,0.245839,-0.014847,0.001481,0.000906,-0.000984,0.014715,-0.029553,-1.914781,-0.201844,0.003663,0.290952,-0.100763,0.175449,0.979314,-0.837541,-0.546186,0.011793,0.537083,-0.819214,0.200734,0.001242,-0.003633,0.016274,0.00699,-0.309628,-0.21879,0.457469,0.025103,0.055489,-0.012537,0.11006,-0.161429,0.980727,0.816561,0.577248,0.00338,-0.566669,0.800452,0.195348,0.000619,-0.001721,0.008239,0.029279,-0.465635,-0.33349,0.44223,0.058847,0.046614,-0.059323,0.298432,0.331758,-0.894915,0.069899,0.927528,0.367157,0.951867,-0.172125,0.253615,-0.007828,-0.0051,0.004186,-0.035906,0.033632,-0.047134,-1.012421
1023,0.111592,-0.00845,0.294463,-0.301039,-0.3127,-0.90091,-0.119882,-0.924815,0.360997,-0.945689,0.217061,0.242043,-0.015491,-0.00951,0.009147,-0.032129,0.030931,-0.046345,-1.914589,-0.201544,0.003494,0.291631,-0.105739,0.178199,0.978292,-0.836825,-0.54733,0.009367,0.53725,-0.817858,0.20575,0.015665,-0.003301,0.015749,-0.030409,-0.033988,0.024646,0.451545,0.025248,0.055405,-0.012196,0.116372,-0.164375,0.979509,0.815776,0.578366,0.000138,-0.566538,0.799045,0.201398,0.000651,-0.001411,0.008567,-0.038084,0.017992,0.02225,0.432432,0.058479,0.046458,-0.059161,0.292526,0.328947,-0.897898,0.067198,0.929578,0.362445,0.953893,-0.166362,0.249821,-0.015117,-0.003769,0.005326,-0.023086,-0.06599,0.082604,-1.012421
1024,0.110905,-0.008757,0.294827,-0.298818,-0.314081,-0.901169,-0.11576,-0.925396,0.36085,-0.946908,0.212533,0.241292,-0.029986,-0.006492,0.011842,-0.033105,0.045667,-0.07589,-1.914479,-0.201184,0.003404,0.292227,-0.108768,0.177755,0.978041,-0.836342,-0.548107,0.006724,0.537402,-0.817434,0.207035,0.00083,0.008017,0.008831,0.001577,-0.017028,0.023195,0.447987,0.025427,0.055359,-0.011899,0.119014,-0.163675,0.979308,0.815251,0.579101,-0.002289,-0.566744,0.798656,0.202358,0.007783,-0.001977,0.007494,-0.033666,-0.011962,0.041228,0.425901,0.058147,0.046305,-0.058985,0.29024,0.33021,-0.898176,0.063025,0.929945,0.362256,0.954875,-0.161749,0.249096,-0.007748,-0.004713,0.004629,0.006389,-0.094671,0.108862,-1.014053
1025,0.110222,-0.009072,0.295133,-0.299136,-0.314401,-0.900952,-0.116777,-0.925011,0.36151,-0.946683,0.213737,0.241115,-0.015598,-0.00977,0.008815,-0.035743,0.032429,-0.045358,-1.914805,-0.200713,0.003352,0.292718,-0.11146,0.178096,0.977676,-0.83609,-0.548511,0.004717,0.537246,-0.817089,0.208796,0.015073,0.006814,0.006606,0.471321,1.550266,-2.166054,0.446732,0.025664,0.055333,-0.011646,0.120961,-0.16673,0.978554,0.814966,0.579503,-0.002001,-0.566742,0.797732,0.205977,0.007713,-0.00262,0.006768,-0.023485,-0.084208,-0.012006,0.422472,0.057789,0.046144,-0.058821,0.290591,0.330604,-0.897918,0.064083,0.929581,0.363002,0.954698,-0.163027,0.248942,-0.007807,-0.004896,0.004405,-0.035989,0.032533,-0.045317,-1.01291
1026,0.109874,-0.009213,0.295251,-0.299567,-0.314866,-0.900647,-0.117087,-0.924715,0.362166,-0.946507,0.214333,0.241272,-0.015036,0.000899,0.000162,-0.000984,0.014715,-0.029553,-1.91514,-0.200491,0.003329,0.292937,-0.113693,0.18008,0.977055,-0.835978,-0.548687,0.003968,0.536954,-0.816538,0.211681,0.000656,0.006485,0.007113,0.025818,-0.227458,0.115399,0.445858,0.02578,0.055322,-0.011536,0.124185,-0.16574,0.978318,0.814824,0.579683,-0.005226,-0.566249,0.797807,0.207038,0.007676,-0.002956,0.006395,-0.018536,-0.120849,-0.036731,0.421002,0.057615,0.046075,-0.058762,0.290995,0.33109,-0.897608,0.064407,0.929302,0.363661,0.954553,-0.163636,0.249098,-0.007537,0.000398,3.2e-05,-0.001197,0.014782,-0.029504,-1.010461
1027,0.109282,-0.0094,0.295394,-0.298394,-0.313709,-0.90144,-0.118186,-0.925038,0.360985,-0.946743,0.214637,0.240075,-0.015021,0.000997,0.000266,-0.000984,0.014715,-0.029553,-1.915272,-0.199991,0.003243,0.293387,-0.121223,0.184093,0.9754,-0.835551,-0.549352,-4.2e-05,0.535982,-0.815199,0.219171,0.0154,-0.005502,0.01323,-0.012064,-0.160665,-0.067613,0.441676,0.026019,0.055284,-0.01132,0.131817,-0.169605,0.976656,0.814399,0.580232,-0.009155,-0.565134,0.796595,0.214611,0.007657,-0.003109,0.006216,-0.004566,-0.213686,-0.106247,0.418226,0.057324,0.04598,-0.058692,0.289878,0.329846,-0.898427,0.065512,0.929693,0.362462,0.954818,-0.163928,0.247888,-0.007935,-0.00534,0.003867,-0.035882,0.033076,-0.046158,-1.012257
1028,0.108823,-0.009432,0.295409,-0.298829,-0.314311,-0.901085,-0.118116,-0.924772,0.361686,-0.946614,0.2149,0.240349,-0.015029,0.00099,0.000247,-0.000984,0.014715,-0.029553,-1.915058,-0.19957,0.002972,0.293837,-0.134409,0.18948,0.972637,-0.834743,-0.550521,-0.007989,0.534112,-0.81318,0.230923,0.015167,-0.007853,0.010648,0.025308,-0.412677,-0.286157,0.433321,0.026235,0.05515,-0.011086,0.143931,-0.174171,0.974139,0.813531,0.581292,-0.016269,-0.563426,0.794835,0.22536,0.000427,-0.003557,0.006167,0.055908,-0.623646,-0.444071,0.409898,0.057095,0.045963,-0.058684,0.290283,0.330475,-0.898065,0.065452,0.929421,0.363169,0.954699,-0.164202,0.248165,-0.007545,0.000386,1e-06,-0.001093,0.014765,-0.029555,-1.012747
1029,0.10865,-0.009428,0.295387,-0.299078,-0.314645,-0.900886,-0.11798,-0.924646,0.362052,-0.946551,0.214954,0.240545,-0.015162,0.00049,-0.000353,-0.000984,0.014715,-0.029553,-1.915379,-0.199413,0.002804,0.294082,-0.140873,0.190608,0.971501,-0.830964,-0.556152,-0.01126,0.538333,-0.809075,0.235497,0.000906,-0.006756,0.01274,-0.475082,-0.293191,-0.324862,0.425669,0.026319,0.05506,-0.010963,0.151414,-0.17542,0.972779,0.80958,0.58666,-0.02022,-0.567145,0.790605,0.230845,0.000443,-0.003412,0.006325,-0.476542,-0.319907,-0.344629,0.40255,0.057008,0.045967,-0.058694,0.290513,0.330821,-0.897863,0.065321,0.929287,0.363534,0.954638,-0.164261,0.248361,-0.000236,-0.000895,-0.00106,-0.000303,0.016088,-0.023908,-1.0134
1030,0.108397,-0.009433,0.295366,-0.29946,-0.315142,-0.900586,-0.117813,-0.924449,0.362609,-0.946451,0.215073,0.240833,-8.3e-05,-0.000314,-0.000374,0.0,0.0,0.0,-1.914694,-0.199163,0.002473,0.294566,-0.153806,0.192787,0.969107,-0.823275,-0.567309,-0.017686,0.546565,-0.80077,0.244738,0.000878,-0.00704,0.012426,-1.585069,-0.362872,-0.680432,0.413152,0.026443,0.054897,-0.010726,0.162945,-0.177039,0.97062,0.802459,0.59614,-0.02598,-0.574026,0.783117,0.239205,0.000213,-0.003575,0.005952,-5.307189,-0.476843,-1.814282,0.384588,0.056875,0.045962,-0.058707,0.290879,0.331355,-0.897548,0.065157,0.929073,0.364109,0.954538,-0.164393,0.248658,-0.007411,0.000894,0.000601,-0.001042,0.014735,-0.029537,-1.01291
1031,0.108227,-0.009438,0.295381,-0.297867,-0.313531,-0.901676,-0.118496,-0.925086,0.360757,-0.94687,0.214687,0.239527,-1e-06,-3e-06,-3e-06,-0.0,-9e-06,1.4e-05,-1.914835,-0.198986,0.002212,0.294951,-0.162919,0.194822,0.967209,-0.819054,-0.573222,-0.022383,0.550268,-0.796054,0.251726,0.000748,-0.008387,0.010959,-0.002482,-0.224909,-0.153198,0.401911,0.026533,0.054769,-0.010532,0.173352,-0.178749,0.968502,0.796899,0.6033,-0.031291,-0.578704,0.777224,0.247029,0.000326,-0.004664,0.004964,0.009217,-0.295364,-0.23922,0.370382,0.05679,0.04596,-0.058699,0.289353,0.329625,-0.898677,0.065837,0.929762,0.362225,0.954955,-0.163977,0.247328,-0.007368,0.001066,0.000803,-0.001042,0.017882,-0.03424,-1.014053
1032,0.108183,-0.009455,0.295422,-0.297855,-0.31351,-0.901686,-0.118603,-0.925071,0.360761,-0.94686,0.214781,0.23948,2.6e-05,9.8e-05,0.000117,-0.0,-0.0,0.0,-1.914982,-0.198808,0.002042,0.295177,-0.170869,0.197846,0.965221,-0.818428,-0.573912,-0.027126,0.548799,-0.794814,0.258756,0.00011,0.00115,0.001249,0.060628,-0.417485,-0.300985,0.390976,0.026622,0.054682,-0.010413,0.179772,-0.18102,0.966908,0.796288,0.603903,-0.03499,-0.577585,0.776229,0.25271,5.3e-05,0.000603,0.000653,0.065825,-0.45246,-0.326167,0.355849,0.056769,0.045952,-0.058677,0.289374,0.329639,-0.898665,0.065934,0.929738,0.362268,0.954942,-0.164083,0.247307,1.7e-05,6.6e-05,7.7e-05,-2.4e-05,6.6e-05,-9.1e-05,-1.015033
1033,0.108184,-0.009449,0.295429,-0.297935,-0.313593,-0.901631,-0.118572,-0.925038,0.360857,-0.946839,0.214805,0.239543,1.9e-05,7.2e-05,8.6e-05,0.0,0.0,0.0,-1.914863,-0.198707,0.001997,0.295228,-0.171941,0.196979,0.965208,-0.814947,-0.578852,-0.026923,0.553625,-0.791437,0.258826,3.7e-05,0.000391,0.000425,0.000888,-0.006103,-0.004399,0.384318,0.026672,0.05466,-0.010387,0.183031,-0.180768,0.966344,0.792529,0.608756,-0.036233,-0.581718,0.772488,0.254686,0.00719,5e-05,-0.000401,-0.000882,0.006108,0.044851,0.348664,0.05677,0.045955,-0.058673,0.289449,0.329727,-0.898609,0.065905,0.929703,0.362364,0.954921,-0.164109,0.247371,1e-05,3.8e-05,4.7e-05,-1.4e-05,2.3e-05,-2.1e-05,-1.01585
1034,0.108204,-0.009418,0.295468,-0.298028,-0.313685,-0.901569,-0.118538,-0.925,0.360963,-0.946814,0.214832,0.239618,0.000326,0.00123,0.001468,0.0,0.0,0.0,-1.915332,-0.198513,0.001972,0.295217,-0.178261,0.198328,0.963784,-0.811388,-0.583688,-0.029843,0.556854,-0.787539,0.263742,-3.2e-05,-0.00034,-0.00037,0.001218,-0.008325,-0.006,0.370913,0.026769,0.054646,-0.010394,0.189397,-0.181897,0.964904,0.788777,0.613428,-0.039187,-0.584772,0.768517,0.259657,0.007155,-0.000345,-0.000833,-0.000547,0.003971,0.043186,0.331355,0.056779,0.045969,-0.058656,0.289536,0.329823,-0.898546,0.065872,0.929663,0.362471,0.954897,-0.164137,0.247445,0.00019,0.000714,0.000854,0.000212,-0.016037,0.023939,-1.016176
1035,0.108192,-0.009384,0.295522,-0.297721,-0.317377,-0.900377,-0.118406,-0.923572,0.364646,-0.946928,0.215562,0.238512,0.000315,0.001192,0.001421,-0.041006,-0.090826,-0.060441,-1.915167,-0.198291,0.001942,0.295156,-0.183299,0.200983,0.962288,-0.811359,-0.583586,-0.032542,0.555266,-0.786945,0.268813,-5.8e-05,-0.00062,-0.000674,0.001992,-0.013499,-0.009731,0.353813,0.026875,0.05463,-0.010425,0.194586,-0.184371,0.963401,0.78874,0.613293,-0.041939,-0.583116,0.768034,0.26476,-4.4e-05,-0.000464,-0.000508,0.008904,-0.100492,0.17241,0.310618,0.056773,0.045987,-0.058628,0.288986,0.333529,-0.897354,0.065846,0.928203,0.3662,0.955065,-0.164914,0.246275,0.000197,0.000751,0.000896,-0.048772,-0.109033,-0.07199,-1.016503
1036,0.108176,-0.009359,0.295551,-0.297693,-0.317357,-0.900394,-0.118415,-0.92358,0.364622,-0.946935,0.215554,0.238488,0.000285,0.001074,0.001281,-0.000599,-0.001328,-0.000884,-1.915215,-0.198163,0.001923,0.295126,-0.189764,0.201947,0.960832,-0.807715,-0.588433,-0.035727,0.558408,-0.783078,0.273555,0.014296,-0.000843,-0.001835,0.026133,-0.177976,-0.088093,0.345146,0.026938,0.05462,-0.010441,0.200754,-0.185015,0.962011,0.784913,0.617972,-0.044948,-0.58618,0.76412,0.269282,-3.7e-05,-0.000427,-0.000467,0.030361,-0.202605,-0.145833,0.299514,0.056765,0.046,-0.058613,0.288893,0.33356,-0.897372,0.065822,0.928201,0.366209,0.955095,-0.164862,0.246195,-0.007199,0.001697,0.001551,0.005123,0.024873,-0.022723,-1.016503
1037,0.108124,-0.009294,0.295625,-0.29773,-0.317422,-0.900358,-0.118395,-0.923555,0.364692,-0.946926,0.215567,0.238513,0.000399,0.001504,0.001793,-0.0,-0.0,-0.0,-1.915362,-0.197918,0.001876,0.295074,-0.196189,0.202865,0.959347,-0.804024,-0.593269,-0.038852,0.561515,-0.779182,0.278279,-0.000142,-0.001534,-0.001668,0.001246,-0.002459,-0.037242,0.324737,0.027066,0.054598,-0.010465,0.207585,-0.185858,0.960397,0.781016,0.622638,-0.048319,-0.589,0.760116,0.274408,-1.4e-05,-0.000186,-0.000205,-0.00247,0.01757,0.01274,0.273714,0.056739,0.046032,-0.058577,0.289025,0.333541,-0.897337,0.065767,0.928209,0.366199,0.955059,-0.164856,0.246339,0.000247,0.000937,0.001117,5.7e-05,0.000253,0.00017,-1.015033
1038,0.108029,-0.009217,0.295709,-0.297805,-0.317546,-0.90029,-0.118358,-0.923507,0.364827,-0.946907,0.215593,0.238565,0.00036,0.001357,0.001616,-0.0,-0.0,-0.0,-1.916111,-0.197683,0.001859,0.295025,-0.204118,0.205791,0.957067,-0.803706,-0.593363,-0.043703,0.55915,-0.778346,0.285291,-1.4e-05,-0.000153,-0.000166,0.010416,-0.06985,-0.050362,0.299422,0.027183,0.054586,-0.010493,0.215617,-0.188491,0.958112,0.780677,0.622666,-0.053188,-0.586559,0.759445,0.281408,-2e-06,-4e-05,-4.6e-05,0.004953,-0.033174,-0.023878,0.242852,0.056692,0.046071,-0.058534,0.289096,0.333666,-0.897268,0.065733,0.928159,0.366332,0.95504,-0.164885,0.246394,0.000218,0.000821,0.000979,-5.3e-05,1.8e-05,6e-06,-1.015686
1039,0.10796,-0.00919,0.295769,-0.297937,-0.317701,-0.900192,-0.118354,-0.923432,0.365017,-0.946866,0.215683,0.238647,-0.01518,-0.008009,0.010866,-0.0372,0.143264,-0.210532,-1.915472,-0.197555,0.001861,0.295003,-0.20792,0.205656,0.956277,-0.800102,-0.598101,-0.045216,0.562912,-0.774745,0.287684,-2e-06,-1.9e-05,-2.1e-05,0.006356,-0.042519,-0.030659,0.28558,0.027242,0.054587,-0.010504,0.2194,-0.188191,0.957312,0.776879,0.627265,-0.054738,-0.590188,0.755726,0.283824,6e-06,2e-05,1.9e-05,0.003568,-0.023114,-0.016582,0.225543,0.056663,0.046088,-0.058508,0.289105,0.333699,-0.897252,0.065751,0.928142,0.366373,0.955036,-0.164916,0.24639,0.000258,0.000979,0.001168,-4.7e-05,8e-06,3e-06,-1.015686
1040,0.107841,-0.009144,0.295879,-0.298001,-0.317797,-0.900137,-0.118425,-0.923371,0.365147,-0.946837,0.215802,0.238655,-0.000474,-0.010198,0.009207,-0.034718,0.017847,-0.015745,-1.915606,-0.197363,0.001865,0.294964,-0.211567,0.20589,0.955427,-0.796574,-0.602703,-0.046391,0.566551,-0.771109,0.2903,-1.8e-05,-0.0002,-0.000217,0.000244,-0.001623,-0.001171,0.265244,0.027344,0.05459,-0.010523,0.222768,-0.188247,0.956523,0.773195,0.631713,-0.055749,-0.593753,0.751998,0.286277,-8e-06,-0.000114,-0.000125,-0.001701,0.013073,0.009649,0.193375,0.056598,0.046113,-0.058451,0.289264,0.333917,-0.89712,0.065786,0.928035,0.366636,0.954985,-0.165072,0.24648,-0.007173,0.00178,0.001645,-0.001004,0.014734,-0.02957,-1.015686
