frame,MLTx,MLTy,MLTz,MLTR1,MLTR2,MLTR3,MLTR4,MLTR5,MLTR6,MLTR7,MLTR8,MLTR9,MLTTVx,MLTTVy,MLTTVz,MLTRVx,MLTRVy,MLTRVz,MLGA,MRTx,MRTy,MRTz,MRTR1,MRTR2,MRTR3,MRTR4,MRTR5,MRTR6,MRTR7,MRTR8,MRTR9,MRTTVx,MRTTVy,MRTTVz,MRTRVx,MRTRVy,MRTRVz,MRGA,SLTx,SLTy,SLTz,SLTR1,SLTR2,SLTR3,SLTR4,SLTR5,SLTR6,SLTR7,SLTR8,SLTR9,SLTTVx,SLTTVy,SLTTVz,SLTRVx,SLTRVy,SLTRVz,SLGA,SRTx,SRTy,SRTz,SRTR1,SRTR2,SRTR3,SRTR4,SRTR5,SRTR6,SRTR7,SRTR8,SRTR9,SRTTVx,SRTTVy,SRTTVz,SRTRVx,SRTRVy,SRTRVz,SRGA
179,0.101472,0.025875,0.375153,-0.167348,-0.475316,-0.863779,0.083715,-0.879813,0.467859,-0.982141,0.006569,0.188106,1e-06,2e-06,2e-06,0.0,0.0,0.0,0.520323,-0.164373,0.041735,0.325248,-0.564709,0.786588,0.249749,-0.581723,-0.593922,0.555687,0.586135,0.167526,0.792618,0.011817,0.009861,-0.009765,0.02534,0.08943,-0.114195,-1.403193,0.037478,0.04193,-0.014122,0.402474,-0.886015,0.230195,0.718835,0.461586,0.51982,-0.566824,-0.043741,0.822676,0.006424,-0.00116,-0.00144,0.000655,0.001196,0.005537,-0.799922,0.066231,0.037681,-0.052242,-0.188914,-0.449149,-0.873256,0.223742,-0.885565,0.407077,-0.956164,-0.118482,0.267789,-0.000434,-0.005313,0.00441,-0.034725,0.017467,-0.016141,0.516796
180,0.101376,0.025877,0.375178,-0.167462,-0.475532,-0.863638,0.083698,-0.879696,0.468083,-0.982123,0.006687,0.188196,7.6e-05,0.000283,0.00018,0.0,0.0,0.0,0.519978,-0.163778,0.041939,0.324803,-0.564556,0.786526,0.25029,-0.582254,-0.59431,0.554716,0.585755,0.166445,0.793127,0.024756,0.004477,-0.014988,0.038696,-0.025,0.052684,-1.403537,0.03777,0.042042,-0.014336,0.40242,-0.885863,0.230878,0.719325,0.461978,0.518794,-0.566241,-0.042697,0.823132,0.006023,0.001611,-0.007441,0.036588,-0.009933,0.023205,-0.800412,0.066183,0.037681,-0.05223,-0.188989,-0.449383,-0.873119,0.223732,-0.885462,0.407308,-0.956151,-0.118368,0.267884,-0.006217,0.001362,0.000916,-0.000975,0.01472,-0.029553,0.516469
181,0.101353,0.025964,0.375257,-0.167479,-0.475548,-0.863626,0.083649,-0.879686,0.468109,-0.982124,0.006742,0.188187,0.00083,0.003092,0.001959,0.0,0.0,0.0,0.51873,-0.16324,0.041908,0.324243,-0.562981,0.787097,0.252038,-0.581636,-0.593864,0.555841,0.587882,0.165342,0.791783,0.012119,0.001145,-0.016492,0.03584,-0.009241,0.023899,-1.403293,0.038044,0.042024,-0.014618,0.40079,-0.886122,0.232707,0.718654,0.461615,0.520045,-0.568245,-0.041193,0.821827,0.006596,-0.005718,-0.004964,0.010183,-0.001495,0.005038,-0.798942,0.06617,0.037721,-0.052193,-0.189003,-0.449402,-0.873106,0.223685,-0.885459,0.407339,-0.95616,-0.118313,0.267879,0.000505,0.001886,0.001197,0.00065,-0.013688,0.025352,0.515653
182,0.101369,0.025996,0.375336,-0.167453,-0.475435,-0.863694,0.083504,-0.879747,0.46802,-0.98214,0.006835,0.188097,0.001136,0.004232,0.00268,0.000645,-0.013686,0.025354,0.515541,-0.162968,0.041845,0.323925,-0.562928,0.787013,0.252415,-0.5818,-0.594126,0.555388,0.587769,0.164797,0.79198,0.012223,-0.001474,-0.018537,0.034699,0.007173,0.000215,-1.403308,0.03818,0.041996,-0.014774,0.400798,-0.886029,0.233048,0.718897,0.461839,0.519509,-0.567931,-0.040681,0.822069,0.006115,-0.000569,-0.009145,0.038087,-0.010453,0.022941,-0.799432,0.066178,0.037739,-0.052158,-0.188992,-0.449288,-0.873167,0.223567,-0.885526,0.407258,-0.95619,-0.118243,0.267803,0.000524,0.001957,0.001239,0.000644,-0.013697,0.025352,0.51451
183,0.101407,0.025979,0.375581,-0.167518,-0.475282,-0.863765,0.082924,-0.879827,0.467976,-0.982179,0.007353,0.187878,0.000194,-0.006683,0.01131,-0.034728,0.01747,-0.016139,0.512852,-0.162631,0.041706,0.323162,-0.562845,0.78691,0.252921,-0.582401,-0.594573,0.554279,0.587252,0.163681,0.792595,-0.000466,-0.00394,-0.019405,0.034599,0.005519,-0.005747,-1.403196,0.038353,0.041923,-0.015159,0.400778,-0.885906,0.233552,0.719523,0.462162,0.518355,-0.567153,-0.0397,0.822654,0.00619,-0.002287,-0.010508,0.034644,0.007041,-1.7e-05,-0.799922,0.066199,0.037733,-0.052028,-0.189085,-0.449135,-0.873226,0.222971,-0.885677,0.407257,-0.956311,-0.117698,0.267612,0.000109,-0.003285,0.005692,-0.034726,0.017472,-0.016149,0.509284
184,0.101413,0.025908,0.375968,-0.16773,-0.475231,-0.863752,0.08198,-0.879846,0.468105,-0.982221,0.00829,0.187615,0.001509,0.005627,0.00355,0.0,0.0,0.0,0.512611,-0.16245,0.04155,0.322274,-0.561039,0.786689,0.257578,-0.581298,-0.595834,0.554084,0.590068,0.160142,0.791225,0.01248,-0.007229,-0.023166,-0.296928,0.230519,0.155701,-1.403441,0.038439,0.04185,-0.015599,0.400482,-0.884868,0.237954,0.719186,0.464462,0.516764,-0.567788,-0.035821,0.822393,-0.000163,-0.003461,-0.010906,-0.58533,0.452426,0.051729,-0.800412,0.066201,0.037696,-0.051836,-0.189298,-0.44911,-0.873192,0.222051,-0.885814,0.407463,-0.956482,-0.116761,0.267408,0.000778,0.002924,0.001844,-2e-06,-9e-06,-1.3e-05,0.508141
185,0.101396,0.025854,0.376225,-0.167901,-0.475257,-0.863704,0.081351,-0.879826,0.468252,-0.982244,0.008942,0.187466,0.001256,-0.002723,0.013805,-0.034076,0.003811,0.00923,0.511729,-0.162403,0.04147,0.321812,-0.561077,0.786464,0.258182,-0.581493,-0.596349,0.553325,0.589839,0.159336,0.791559,-0.001394,0.0049,-0.028992,0.064378,0.014116,-0.008841,-1.403266,0.038468,0.0418,-0.015831,0.399342,-0.88512,0.238932,0.718833,0.464047,0.517628,-0.569039,-0.034958,0.821567,-0.000159,-0.003528,-0.010982,0.049172,0.018436,-0.028071,-0.799922,0.066192,0.037667,-0.051714,-0.189456,-0.449163,-0.873131,0.221465,-0.885869,0.407661,-0.956587,-0.116134,0.267308,0.000606,-0.001421,0.006865,-0.03408,0.003809,0.009202,0.507488
186,0.101412,0.025734,0.376836,-0.168238,-0.475175,-0.863684,0.079846,-0.879855,0.468457,-0.98231,0.010435,0.187045,0.000876,-0.011545,0.023763,-0.068816,0.021235,-0.006933,0.508462,-0.162454,0.041342,0.320974,-0.557973,0.788244,0.25948,-0.580915,-0.594179,0.556258,0.593343,0.158649,0.789074,-0.000551,-0.001587,-0.017721,0.027712,0.009863,-0.001976,-1.403431,0.038442,0.041728,-0.016269,0.395937,-0.886245,0.240419,0.717986,0.462,0.520625,-0.572476,-0.033517,0.819235,-0.000268,-0.000595,-0.008702,0.057343,6.5e-05,-0.005742,-0.799758,0.0662,0.037607,-0.051403,-0.189802,-0.449116,-0.87308,0.219971,-0.886091,0.407988,-0.956863,-0.114616,0.266974,0.000461,-0.005656,0.011954,-0.068821,0.021229,-0.006952,0.504549
187,0.101457,0.025592,0.37748,-0.168578,-0.475044,-0.86369,0.078232,-0.879907,0.468632,-0.982381,0.012017,0.186576,0.000653,-0.012374,0.02324,-0.068822,0.021211,-0.006946,0.507206,-0.162456,0.041347,0.320384,-0.556462,0.788918,0.260674,-0.580622,-0.593525,0.557261,0.595046,0.157748,0.787971,-0.00063,0.000566,-0.016047,0.034292,0.005753,-0.005553,-1.403417,0.038441,0.041735,-0.016555,0.394418,-0.886589,0.241645,0.717721,0.46143,0.521495,-0.573854,-0.032253,0.818321,0.006629,-0.005221,-0.004704,0.005427,0.015983,-0.018656,-0.801718,0.066224,0.03754,-0.051078,-0.190154,-0.449024,-0.873051,0.218396,-0.886341,0.408292,-0.957154,-0.113032,0.266606,0.000313,-0.006202,0.011611,-0.06882,0.021217,-0.006965,0.503079
188,0.101452,0.025517,0.378095,-0.168893,-0.474948,-0.863681,0.076775,-0.879939,0.468814,-0.982441,0.013455,0.186159,0.001486,-0.001854,0.014319,-0.034068,0.003842,0.009246,0.503845,-0.162431,0.041094,0.319795,-0.556694,0.788053,0.262784,-0.58,-0.595067,0.556263,0.595436,0.156261,0.787973,0.000509,-0.013936,-0.011111,-0.001949,0.017059,-0.023143,-1.403357,0.038453,0.04162,-0.01684,0.394973,-0.885786,0.243679,0.717416,0.463074,0.520457,-0.573855,-0.030747,0.818379,0.000269,-0.007097,-0.005658,-0.003989,0.033646,-0.04699,-0.802861,0.06622,0.037504,-0.050781,-0.190467,-0.448977,-0.873006,0.217024,-0.886541,0.408589,-0.957403,-0.111641,0.266296,0.000664,-0.001187,0.006999,-0.034069,0.00384,0.009222,0.49916
189,0.101414,0.025507,0.378357,-0.169043,-0.47496,-0.863645,0.076194,-0.879923,0.468937,-0.982461,0.01405,0.186013,0.001249,-0.002741,0.013761,-0.034758,0.01735,-0.016203,0.505259,-0.162378,0.040889,0.319553,-0.556776,0.787717,0.263616,-0.579661,-0.595643,0.556,0.595689,0.155768,0.78788,0.000463,-0.01264,-0.010103,-0.00195,0.017063,-0.02314,-1.403131,0.03848,0.041518,-0.016967,0.395174,-0.885473,0.244488,0.717204,0.463707,0.520185,-0.573981,-0.030216,0.81831,0.000233,-0.006151,-0.004917,-0.002122,0.016683,-0.023693,-0.803024,0.066203,0.037501,-0.050644,-0.19061,-0.448984,-0.872972,0.21643,-0.886615,0.408744,-0.95751,-0.111027,0.266171,0.000802,-0.00067,0.007317,-0.034067,0.003849,0.009222,0.498344
190,0.101325,0.025572,0.378805,-0.170438,-0.477466,-0.861988,0.075928,-0.878543,0.471561,-0.982239,0.01551,0.187067,0.002124,0.007922,0.004916,0.000698,-0.013476,0.025465,0.511883,-0.162185,0.040444,0.319244,-0.556812,0.787445,0.264353,-0.57922,-0.59608,0.555991,0.596085,0.155472,0.787638,0.000347,-0.00937,-0.007518,-0.001952,0.017059,-0.023143,-1.403352,0.038577,0.041282,-0.017132,0.395336,-0.885182,0.245278,0.716829,0.464287,0.520184,-0.574337,-0.029826,0.818074,0.000176,-0.00454,-0.003645,-0.002068,0.016814,-0.023522,-0.803188,0.066157,0.037527,-0.050418,-0.191579,-0.451757,-0.871327,0.216228,-0.885386,0.411504,-0.957361,-0.10957,0.267303,-0.005672,-0.000358,0.007568,-0.035015,0.017767,-0.018865,0.503406
191,0.101306,0.025716,0.379057,-0.170456,-0.477334,-0.862057,0.075552,-0.878609,0.471498,-0.982264,0.015827,0.186905,0.001328,0.004953,0.003066,0.0,0.0,0.0,0.504163,-0.162065,0.04009,0.318937,-0.556859,0.787182,0.265036,-0.578892,-0.59652,0.555862,0.59636,0.155118,0.7875,-0.000721,0.003028,-0.014192,0.034595,0.005594,-0.005702,-1.403555,0.038637,0.041106,-0.017279,0.395483,-0.88493,0.245948,0.716572,0.464791,0.520088,-0.574557,-0.029446,0.817934,0.000164,-0.00426,-0.003431,-0.002046,0.016903,-0.023407,-0.802698,0.066148,0.037602,-0.05029,-0.191614,-0.451612,-0.871395,0.215855,-0.885499,0.411456,-0.957439,-0.109254,0.267156,0.000668,0.002513,0.001558,-1.1e-05,-7e-06,1.9e-05,0.503732
192,0.10132,0.025806,0.379112,-0.170363,-0.477153,-0.862175,0.075522,-0.878708,0.471318,-0.982283,0.015769,0.186812,0.001224,0.004565,0.002824,0.0007,-0.013467,0.02547,0.501129,-0.161993,0.039971,0.318835,-0.556861,0.787111,0.265243,-0.578794,-0.596642,0.555832,0.596453,0.155009,0.787451,0.000176,-0.004685,-0.003777,-0.0,0.0,0.0,-1.403492,0.038673,0.041046,-0.017337,0.395511,-0.884864,0.24614,0.716519,0.464925,0.520043,-0.574605,-0.029319,0.817905,8.8e-05,-0.002237,-0.001806,-6.4e-05,-0.000142,-0.000207,-0.802698,0.066156,0.037647,-0.050261,-0.191553,-0.451416,-0.87151,0.21582,-0.885592,0.411274,-0.957459,-0.109309,0.267063,0.000879,0.006987,-0.003394,0.034752,-0.017341,0.016215,0.498181
193,0.101323,0.026038,0.379175,-0.170307,-0.477138,-0.862195,0.075696,-0.878719,0.471269,-0.982279,0.015583,0.186846,0.001071,0.003993,0.002466,0.0,0.0,0.0,0.496348,-0.161941,0.039939,0.318855,-0.557197,0.787788,0.262513,-0.579406,-0.59519,0.556751,0.595544,0.157126,0.78772,0.000956,-0.009293,0.009151,-0.036548,0.011454,-0.017446,-1.403452,0.038703,0.041025,-0.017337,0.395569,-0.885605,0.243366,0.716882,0.463361,0.520938,-0.574112,-0.031602,0.818166,-4.6e-05,0.001274,0.001027,0.000867,0.003832,-0.002912,-0.803514,0.066156,0.037763,-0.050231,-0.191495,-0.451375,-0.871543,0.215985,-0.885589,0.411193,-0.957433,-0.109499,0.267076,0.000609,0.002281,0.001409,0.000693,-0.013468,0.025461,0.491812
194,0.101359,0.026124,0.379182,-0.170056,-0.476695,-0.86249,0.075724,-0.878964,0.470808,-0.982321,0.015339,0.186648,2.4e-05,9.1e-05,5.6e-05,0.004818,-0.09299,0.17575,0.486249,-0.161959,0.040137,0.319015,-0.557466,0.788713,0.259143,-0.580414,-0.59333,0.557685,0.594308,0.159487,0.788178,-0.000271,0.007206,0.005798,0.001954,-0.017057,0.023144,-1.403039,0.03869,0.041124,-0.017251,0.395483,-0.88655,0.240046,0.717502,0.46137,0.521849,-0.573396,-0.034149,0.818566,-0.000147,0.003884,0.003125,0.002149,-0.016242,0.022419,-0.800575,0.066176,0.037811,-0.050224,-0.191362,-0.451017,-0.871759,0.216022,-0.885747,0.410834,-0.957452,-0.109701,0.266928,-3.1e-05,-0.000111,-6.9e-05,0.0,1e-06,5e-06,0.482015
195,0.101517,0.026064,0.37912,-0.169918,-0.476426,-0.862666,0.075733,-0.879112,0.47053,-0.982344,0.015206,0.186536,0.012144,-0.003564,-0.002335,0.000984,-0.014715,0.029553,0.447156,-0.161959,0.04041,0.319246,-0.55776,0.789515,0.25605,-0.581261,-0.591649,0.558588,0.593203,0.161731,0.788553,-0.000284,0.007512,0.006029,0.001954,-0.017057,0.023144,-1.403106,0.03869,0.041263,-0.017133,0.395456,-0.887387,0.236976,0.718021,0.459572,0.522722,-0.572765,-0.03656,0.818904,-0.000141,0.003686,0.002959,0.002013,-0.016705,0.022796,-0.800411,0.06625,0.03778,-0.050256,-0.191239,-0.450621,-0.87199,0.216004,-0.885929,0.410452,-0.95748,-0.109859,0.26676,0.006014,-0.002001,-0.001306,0.000988,-0.014719,0.029563,0.449683
196,0.101665,0.026095,0.378998,-0.169672,-0.476073,-0.862909,0.075981,-0.87931,0.470121,-0.982368,0.014788,0.186444,0.000534,0.009398,-0.009615,0.034763,-0.017332,0.016212,0.411916,-0.161944,0.040537,0.319371,-0.557769,0.78947,0.256167,-0.581171,-0.591716,0.558612,0.593283,0.161705,0.788499,0.012563,0.00879,0.005903,0.003999,-0.032261,0.05239,-1.402866,0.038693,0.041327,-0.017069,0.395491,-0.887334,0.237116,0.717937,0.459678,0.522744,-0.572846,-0.036507,0.818849,-0.000151,0.003924,0.003144,0.001943,-0.017029,0.023044,-0.800085,0.066327,0.037788,-0.050315,-0.19106,-0.450223,-0.872235,0.216209,-0.886083,0.410011,-0.95747,-0.110249,0.266638,0.006044,-0.001897,-0.001241,0.000993,-0.014719,0.029577,0.418168
197,0.101914,0.026188,0.378729,-0.168104,-0.473121,-0.864837,0.076002,-0.880923,0.467087,-0.982638,0.013372,0.185125,-0.000796,-0.002991,-0.001849,-0.040416,-0.352633,0.717283,0.317883,-0.161952,0.040809,0.319651,-0.557788,0.78942,0.256283,-0.581029,-0.591776,0.558695,0.593405,0.161731,0.788402,-0.000333,0.00876,0.007,0.001954,-0.017052,0.023147,-1.403447,0.038693,0.041467,-0.016927,0.395512,-0.887305,0.23719,0.717831,0.459733,0.522841,-0.572964,-0.036527,0.818766,-0.000174,0.004452,0.003556,0.001912,-0.017069,0.0231,-0.800248,0.066453,0.037842,-0.050451,-0.190202,-0.447736,-0.873701,0.216354,-0.887184,0.407546,-0.957608,-0.111513,0.265614,0.006462,0.003141,-0.005814,-0.094285,-1.25028,2.521922,0.317091
198,0.102199,0.026087,0.378489,-0.164542,-0.46569,-0.869542,0.074572,-0.8849,0.459743,-0.983355,0.011377,0.181416,-0.000439,0.005756,-0.011866,0.034071,-0.003877,-0.009062,0.164439,-0.161941,0.041082,0.319929,-0.557794,0.789391,0.256357,-0.580912,-0.591803,0.558787,0.593512,0.161773,0.788312,-0.000292,0.007662,0.006105,-0.011532,0.100614,-0.136613,-1.402891,0.038699,0.041601,-0.01679,0.395504,-0.887314,0.237167,0.717764,0.459709,0.522953,-0.573052,-0.0366,0.8187,-0.00014,0.003568,0.002842,2e-06,-2.5e-05,-2.9e-05,-0.799922,0.066591,0.03779,-0.050566,-0.187721,-0.438917,-0.878698,0.21451,-0.891327,0.399399,-0.958512,-0.113514,0.261473,0.005619,-0.003508,-0.002244,-0.000203,0.003022,-0.003503,0.152658
199,0.10237,0.026011,0.378394,-0.161118,-0.458409,-0.87404,0.07292,-0.888711,0.452601,-0.984049,0.009751,0.177707,-0.000836,-0.003155,-0.001955,-0.132699,-1.221866,2.475129,0.074823,-0.161926,0.041205,0.320038,-0.557806,0.789337,0.256498,-0.580825,-0.591891,0.558786,0.593587,0.16172,0.788267,-0.000265,0.006927,0.005512,-0.011533,0.10061,-0.136616,-1.402869,0.038706,0.041666,-0.016732,0.39553,-0.887271,0.237288,0.717704,0.459798,0.522958,-0.57311,-0.036543,0.818662,-0.000125,0.003165,0.002517,0.001938,-0.017075,0.023133,-0.800248,0.06668,0.037749,-0.050621,-0.186238,-0.433585,-0.881657,0.213323,-0.893794,0.394492,-0.959066,-0.114608,0.258952,0.006157,0.002221,-0.006415,0.035399,-0.027138,0.036843,0.034925
200,0.10255,0.025996,0.378289,-0.158279,-0.452516,-0.877623,0.071819,-0.891739,0.446782,-0.984594,0.008243,0.17474,0.000113,0.000429,0.000266,0.004756,-0.093305,0.175585,-0.011535,-0.161867,0.041391,0.320167,-0.55782,0.78923,0.256797,-0.580694,-0.592079,0.558722,0.593702,0.161552,0.788215,-0.000139,0.003625,0.00288,0.0,0.0,0.0,-1.402945,0.038736,0.041763,-0.016665,0.395612,-0.887124,0.2377,0.717566,0.460101,0.522881,-0.573227,-0.036293,0.818591,-7.9e-05,0.001995,0.001584,0.001954,-0.017072,0.023139,-0.800085,0.066769,0.037736,-0.050677,-0.183781,-0.424896,-0.886389,0.211461,-0.897725,0.386486,-0.959952,-0.116408,0.254833,0.000111,0.000419,0.000256,1e-06,0.00127,-0.002376,-0.146981
201,0.102594,0.026131,0.378199,-0.157393,-0.450958,-0.878584,0.07197,-0.892536,0.445166,-0.984726,0.007389,0.174032,-8.2e-05,-0.00031,-0.000192,0.0,0.0,0.0,-0.051878,-0.161764,0.041479,0.32024,-0.557828,0.789112,0.257139,-0.580515,-0.59228,0.558695,0.593869,0.161389,0.788122,-7.7e-05,0.001975,0.001568,-0.013501,0.117658,-0.159766,-1.402754,0.038787,0.041807,-0.016628,0.395661,-0.887011,0.23804,0.717431,0.460335,0.522861,-0.573362,-0.036098,0.818506,-3.8e-05,0.000925,0.000732,-0.013489,0.117641,-0.159783,-0.799758,0.066792,0.037809,-0.050719,-0.183131,-0.423095,-0.887385,0.211542,-0.898465,0.384721,-0.960058,-0.117265,0.254039,0.00619,-0.001352,-0.000908,0.001059,-0.014729,0.029491,-0.202173
202,0.102683,0.026245,0.378037,-0.155825,-0.447921,-0.880415,0.071823,-0.894072,0.442097,-0.984988,0.006206,0.17259,-0.000429,-0.001624,-0.001007,-0.000684,0.013543,-0.02543,-0.119231,-0.161667,0.041495,0.320269,-0.557832,0.789017,0.257422,-0.58035,-0.592439,0.558698,0.594027,0.161271,0.788027,-3e-06,8.6e-05,6.8e-05,0.0,0.0,0.0,-1.402395,0.038836,0.041816,-0.016613,0.3957,-0.886918,0.238321,0.717302,0.460525,0.52287,-0.573496,-0.035951,0.818418,1e-06,-5.2e-05,-4.4e-05,-1.8e-05,6e-06,-1.4e-05,-0.797962,0.066837,0.037869,-0.050798,-0.18207,-0.419764,-0.889183,0.211293,-0.899875,0.381547,-0.960315,-0.11841,0.252534,-2e-05,-8.1e-05,-5.1e-05,-7.4e-05,0.001686,-0.003118,-0.249854
203,0.102705,0.026314,0.377953,-0.155753,-0.447914,-0.880432,0.072102,-0.894077,0.44204,-0.984979,0.005919,0.17265,-0.00021,-0.000795,-0.000493,-0.0,-0.0,0.0,-0.156508,-0.161608,0.04149,0.320272,-0.556238,0.789994,0.257877,-0.579681,-0.591081,0.560827,0.596172,0.161472,0.786364,-0.0,1e-06,1e-06,-0.01494,0.009464,0.00825,-1.402572,0.038865,0.041812,-0.016613,0.393888,-0.887563,0.238922,0.716323,0.459296,0.525288,-0.575962,-0.035759,0.816693,2e-06,-5.6e-05,-4.7e-05,0.012103,0.002044,0.006888,-0.798452,0.066847,0.037901,-0.050842,-0.182014,-0.419791,-0.889182,0.211571,-0.899827,0.381508,-0.960264,-0.118686,0.252597,0.000287,0.004791,-0.004746,0.034808,-0.017127,0.01584,-0.277286
204,0.10274,0.026374,0.377827,-0.155601,-0.447785,-0.880524,0.072439,-0.894144,0.44185,-0.984979,0.005519,0.172666,-0.000443,-0.00168,-0.001042,0.0,0.0,0.0,-0.223692,-0.161493,0.041496,0.320278,-0.553004,0.792069,0.258465,-0.5785,-0.588154,0.565108,0.600313,0.161988,0.783101,-2.1e-05,0.00052,0.000412,-0.008023,0.005079,0.004428,-1.402184,0.038923,0.041812,-0.016611,0.390241,-0.888965,0.239693,0.714812,0.456607,0.529673,-0.580306,-0.035365,0.813629,-1.3e-05,0.000327,0.000257,0.023434,-0.004578,0.001254,-0.797309,0.066865,0.037932,-0.050904,-0.181887,-0.419644,-0.889278,0.211898,-0.899842,0.38129,-0.960216,-0.119085,0.252591,-0.000237,-0.000908,-0.000564,4.6e-05,-8e-06,-4e-06,-0.32856
205,0.102781,0.02633,0.377753,-0.153306,-0.442927,-0.883379,0.071422,-0.896566,0.437083,-0.985416,0.004459,0.170186,-0.000498,-0.00189,-0.001173,-0.012074,-0.110455,0.222508,-0.317981,-0.161361,0.041581,0.320334,-0.546589,0.796587,0.258227,-0.581658,-0.582878,0.567329,0.603125,0.158892,0.781574,-0.000125,0.003124,0.002478,0.001773,-0.016927,0.023255,-1.400856,0.038989,0.041851,-0.016587,0.383063,-0.892055,0.239791,0.717072,0.450815,0.531575,-0.582296,-0.031679,0.812359,-4.5e-05,0.001093,0.000866,0.006033,-0.002585,-0.001581,-0.795676,0.066886,0.03791,-0.050941,-0.18046,-0.41458,-0.891939,0.210788,-0.90206,0.376637,-0.96073,-0.120042,0.250174,0.005935,-0.002345,-0.00152,-0.036158,-0.424586,0.847655,-0.385711
206,0.102856,0.026286,0.377713,-0.15463,-0.439307,-0.884954,0.065536,-0.898306,0.434424,-0.985616,0.009718,0.168801,0.012126,-0.003663,-0.002406,0.000982,-0.014739,0.029602,-0.407524,-0.161295,0.041637,0.320397,-0.537072,0.803093,0.258044,-0.588593,-0.575797,0.567406,0.604932,0.151844,0.781578,0.013714,-0.00686,0.009913,-0.029083,-0.01324,0.045412,-1.362469,0.039017,0.041882,-0.016559,0.372436,-0.896447,0.240151,0.722436,0.442478,0.531317,-0.58256,-0.024388,0.812421,-7.1e-05,0.001677,0.001328,0.012453,0.024308,0.034267,-0.792084,0.066919,0.037888,-0.050961,-0.18227,-0.410859,-0.893292,0.204857,-0.904442,0.374188,-0.96167,-0.114794,0.24902,0.005987,-0.002124,-0.001386,0.000842,-0.01132,0.023202,-0.430453
207,0.103071,0.026162,0.377645,-0.154383,-0.432518,-0.888335,0.058921,-0.901534,0.428645,-0.986073,0.014365,0.165775,-0.000585,-0.002226,-0.001383,-0.003579,0.001727,0.000668,-0.576532,-0.161265,0.041749,0.320656,-0.517886,0.815639,0.257914,-0.601905,-0.561554,0.567716,0.608531,0.137745,0.781396,-0.000319,0.007862,0.006218,1.427358,3.120525,4.341649,-1.111263,0.039037,0.04193,-0.01643,0.356426,-0.902752,0.240827,0.730004,0.429946,0.531262,-0.583141,-0.013551,0.812257,0.000364,-0.001913,0.006722,-0.034695,-0.006665,0.005031,-0.692313,0.067031,0.037826,-0.050995,-0.183109,-0.403959,-0.896262,0.198158,-0.90813,0.368824,-0.962914,-0.110067,0.246334,0.005909,-0.002434,-0.001579,-0.011421,0.005129,0.005303,-0.557983
208,0.103265,0.026056,0.377623,-0.15263,-0.428895,-0.890392,0.058097,-0.903273,0.425082,-0.986397,0.013678,0.163896,-2e-05,-7.7e-05,-4.8e-05,-0.0,-0.0,0.0,-0.694496,-0.161292,0.042195,0.321021,-0.473659,0.842189,0.257598,-0.631089,-0.528466,0.567789,0.614909,0.105311,0.781448,-0.000584,0.014357,0.011307,0.431322,0.907987,1.342873,-0.574249,0.039024,0.042146,-0.016252,0.303937,-0.921127,0.243201,0.753595,0.388631,0.530149,-0.582851,0.022144,0.812276,-0.00018,0.007122,0.005535,1.419956,3.114744,4.35354,-0.511714,0.067127,0.037769,-0.051009,-0.181965,-0.400067,-0.898239,0.19723,-0.909775,0.36525,-0.963321,-0.110697,0.244453,0.006253,-0.001117,-0.000763,0.001237,-0.014654,0.029211,-0.659223
209,0.103469,0.026065,0.377592,-0.152427,-0.428512,-0.890611,0.058122,-0.903458,0.424686,-0.986427,0.013496,0.163729,0.012647,-0.001695,-0.001187,0.000984,-0.014715,0.029553,-0.801181,-0.161391,0.042947,0.321605,-0.422974,0.868818,0.257371,-0.661359,-0.490042,0.5678,0.619965,0.068856,0.781514,-0.000861,0.021191,0.016573,0.015754,-0.007967,0.082249,0.017972,0.038975,0.042519,-0.015963,0.247231,-0.937244,0.245864,0.775982,0.343473,0.529034,-0.580282,0.059992,0.812202,-0.006858,0.01081,0.009027,0.042066,0.066111,0.135878,-0.39888,0.067225,0.037775,-0.051023,-0.181831,-0.399678,-0.89844,0.197253,-0.909925,0.364866,-0.963342,-0.110876,0.24429,0.000104,0.000402,0.000248,0.000177,-7.2e-05,-3.9e-05,-0.660366
210,0.103578,0.026068,0.377592,-0.15489,-0.42745,-0.890697,0.052752,-0.903859,0.424534,-0.986342,0.019296,0.163659,0.012609,-0.001836,-0.001275,0.000984,-0.014715,0.029553,-0.829222,-0.161472,0.043326,0.32198,-0.391919,0.883199,0.257588,-0.678155,-0.466425,0.567881,0.622185,0.046767,0.781385,-0.012572,0.00931,0.024693,-0.006302,0.202443,-0.033157,0.172416,0.038939,0.042718,-0.015775,0.213951,-0.944943,0.2476,0.787573,0.316812,0.528543,-0.577886,0.081921,0.811994,-0.000489,0.011485,0.008962,0.147768,0.258399,0.494001,-0.359527,0.067284,0.037778,-0.051022,-0.184397,-0.398886,-0.898268,0.191954,-0.910957,0.365116,-0.963924,-0.1051,0.244545,0.006304,-0.000919,-0.000639,0.001323,-0.015047,0.0299,-0.660203
211,0.103721,0.026025,0.377621,-0.154839,-0.427273,-0.89079,0.052601,-0.90394,0.424378,-0.986358,0.019379,0.163553,0.012522,-0.002169,-0.001482,0.000984,-0.014715,0.029553,-0.861289,-0.161707,0.043927,0.322747,-0.246712,0.935621,0.252464,-0.743554,-0.349717,0.569876,0.621785,-0.048302,0.781609,-0.013511,0.019072,0.015846,1.128531,1.486676,6.392732,0.349735,0.038822,0.043023,-0.015383,0.06715,-0.965193,0.252772,0.826491,0.195732,0.527825,-0.558929,0.17347,0.810867,-0.006263,0.003761,0.011614,0.53965,1.268695,1.739381,-0.300253,0.067351,0.037757,-0.051006,-0.184377,-0.39872,-0.898346,0.191813,-0.911039,0.364986,-0.963956,-0.10502,0.244454,1.3e-05,5.3e-05,3e-05,0.0002,-0.000108,-5.4e-05,-0.660203
212,0.103787,0.025971,0.37768,-0.154903,-0.427288,-0.890773,0.052401,-0.903929,0.424427,-0.986358,0.019593,0.163524,4.2e-05,0.00016,9.9e-05,0.0,0.0,0.0,-0.896199,-0.162054,0.044489,0.323489,-0.100213,0.964025,0.24618,-0.787904,-0.227863,0.572031,0.607669,-0.137853,0.782047,-0.013468,0.019153,0.015789,0.125327,0.268088,0.409345,0.43661,0.038649,0.043303,-0.015013,-0.088403,-0.963778,0.251624,0.845931,0.060733,0.529821,-0.525912,0.259695,0.809922,-0.000433,0.010146,0.007828,0.421027,0.937015,1.354274,-0.097282,0.067389,0.03773,-0.050978,-0.184427,-0.398722,-0.898335,0.191622,-0.911061,0.365031,-0.963985,-0.104819,0.244428,1.9e-05,7.2e-05,4.2e-05,0.000146,-5.2e-05,-3.5e-05,-0.660366
213,0.103787,0.025947,0.377711,-0.154943,-0.427314,-0.890753,0.052303,-0.903914,0.42447,-0.986357,0.019705,0.163517,8e-06,3.2e-05,2e-05,0.0,0.0,0.0,-0.918074,-0.162294,0.04492,0.323753,-0.073335,0.967405,0.242367,-0.795606,-0.203166,0.570673,0.601401,-0.152195,0.78423,-0.013482,0.020275,0.016587,0.149022,0.233324,0.417934,0.474878,0.038529,0.043516,-0.014883,-0.11542,-0.96156,0.249156,0.848479,0.034985,0.528071,-0.516489,0.272354,0.811826,-0.007268,0.015424,0.004282,0.443014,0.923981,1.327105,0.04576,0.067389,0.037718,-0.050962,-0.18446,-0.398754,-0.898314,0.191529,-0.91106,0.365083,-0.963997,-0.104711,0.244427,-4e-06,-9e-06,-5e-06,0.000113,-5.2e-05,-3.9e-05,-0.660693
214,0.103761,0.025871,0.377769,-0.15508,-0.427468,-0.890655,0.052096,-0.903836,0.424663,-0.986347,0.019982,0.163549,-0.000104,-0.000398,-0.000247,0.0,0.0,0.0,-0.943673,-0.162837,0.045882,0.324202,-0.004682,0.970146,0.242459,-0.808438,-0.146254,0.570063,0.588507,-0.194564,0.784645,-0.013321,0.017676,0.014493,1.364865,3.334891,4.311617,0.51725,0.038256,0.044003,-0.014653,-0.177805,-0.951156,0.25236,0.849231,-0.018746,0.527686,-0.497182,0.308138,0.811085,-0.013511,0.014203,0.003851,0.158331,0.270502,0.396883,0.353563,0.067375,0.03768,-0.050933,-0.184568,-0.398929,-0.898214,0.191337,-0.911014,0.365297,-0.964014,-0.104439,0.244474,-7e-05,-0.000271,-0.000167,7.8e-05,-2.7e-05,-3.8e-05,-0.661672
215,0.103738,0.025794,0.37786,-0.155164,-0.427485,-0.890632,0.051794,-0.903821,0.424733,-0.986349,0.0203,0.163494,0.000299,0.001147,0.000712,0.0,0.0,0.0,-0.945073,-0.163485,0.04672,0.324611,0.067063,0.967365,0.244333,-0.819073,-0.086333,0.567097,0.569595,-0.239374,0.786209,-0.013165,0.015108,0.012459,0.396427,1.040295,1.16321,0.53566,0.037932,0.044425,-0.014447,-0.25126,-0.932917,0.257941,0.847206,-0.083096,0.524724,-0.46809,0.350372,0.811252,-0.013378,0.01283,0.002541,1.368229,3.137237,4.345384,0.49187,0.067364,0.037638,-0.05089,-0.184647,-0.398957,-0.898185,0.191044,-0.911038,0.365392,-0.964057,-0.104125,0.244438,0.000197,0.000767,0.000477,5.5e-05,-2.5e-05,-1e-05,-0.661183
216,0.10373,0.025771,0.377904,-0.155216,-0.427525,-0.890604,0.051672,-0.903799,0.424794,-0.986347,0.020441,0.163488,-0.000531,-0.009478,0.009559,-0.0348,0.017198,-0.016276,-0.944484,-0.1638,0.047108,0.324749,0.11211,0.962778,0.245929,-0.822566,-0.048806,0.566513,0.557284,-0.267015,0.78613,-0.01304,0.012274,0.010293,0.112278,0.405402,0.235981,0.53581,0.037614,0.044796,-0.014316,-0.342049,-0.901361,0.265611,0.835839,-0.162681,0.524315,-0.429388,0.40135,0.809038,-0.006991,0.011076,0.000674,1.409382,3.129406,4.396891,0.512445,0.067356,0.037626,-0.050851,-0.184715,-0.399026,-0.89814,0.190857,-0.911033,0.365502,-0.964081,-0.103903,0.244439,-0.000354,-0.005076,0.00457,-0.034768,0.017171,-0.016284,-0.66004
217,0.103698,0.025775,0.377965,-0.155271,-0.427573,-0.890571,0.051552,-0.903773,0.424864,-0.986345,0.020584,0.163484,0.000157,0.000603,0.000374,0.0,0.0,0.0,-0.952693,-0.164484,0.047723,0.324978,0.1901,0.949704,0.24883,-0.824531,0.016999,0.565502,0.532587,-0.313863,0.785942,-0.026456,0.019883,0.001031,0.045521,0.027036,0.017207,0.536547,0.037427,0.044934,-0.014257,-0.369238,-0.88968,0.268574,0.830967,-0.186666,0.524069,-0.41612,0.416682,0.808219,-0.013225,0.009697,0.000377,0.046073,0.022224,0.01238,0.51669,0.067344,0.037631,-0.050836,-0.184736,-0.39906,-0.898121,0.190813,-0.911024,0.365545,-0.964086,-0.103845,0.244445,9.2e-05,0.000355,0.000221,2.9e-05,-1.3e-05,-1.1e-05,-0.660366
218,0.103669,0.025786,0.37803,-0.157845,-0.426677,-0.890549,0.046076,-0.904044,0.424917,-0.986204,0.026562,0.163471,-0.000618,-0.00981,0.009354,-0.034799,0.017198,-0.016276,-0.985261,-0.165214,0.048132,0.325105,0.222329,0.941916,0.251703,-0.824186,0.043797,0.564564,0.520465,-0.334153,0.785698,-0.012743,0.005496,0.005151,0.125161,0.279139,0.384967,0.536645,0.037067,0.045135,-0.014196,-0.398415,-0.875656,0.27293,0.825195,-0.212309,0.523428,-0.400398,0.433762,0.807174,-0.013135,0.007743,-0.001129,0.43931,1.069161,1.133022,0.520609,0.06733,0.037641,-0.050807,-0.187381,-0.398461,-0.89784,0.185438,-0.911944,0.366019,-0.964624,-0.097909,0.24477,0.000116,0.000444,0.000278,0.000214,-0.000318,0.00044,-0.660529
219,0.103642,0.025804,0.378099,-0.157882,-0.426691,-0.890536,0.045951,-0.904033,0.424952,-0.986204,0.026696,0.163449,0.000189,0.000726,0.00045,-0.0,0.0,0.0,-1.018656,-0.166022,0.048652,0.32508,0.320708,0.909979,0.262824,-0.816921,0.125464,0.56288,0.478827,-0.396369,0.78325,-0.025241,0.004409,0.005365,1.497367,3.253801,4.422631,0.537322,0.036673,0.045385,-0.014212,-0.48253,-0.82702,0.288447,0.802876,-0.286013,0.523054,-0.350077,0.483976,0.802005,-0.013119,0.00837,-0.000658,0.622162,1.237857,1.67606,0.521589,0.067316,0.037646,-0.050768,-0.18742,-0.398489,-0.897819,0.185299,-0.911948,0.366078,-0.964643,-0.097754,0.244757,0.00013,0.000503,0.000311,0.000127,-4.9e-05,-1.9e-05,-0.662815
220,0.103643,0.025787,0.378135,-0.160436,-0.425757,-0.890526,0.040497,-0.904281,0.424978,-0.986028,0.032642,0.163433,0.000164,0.00063,0.000391,-0.0,0.0,0.0,-1.045557,-0.166452,0.048915,0.325096,0.365938,0.887555,0.27987,-0.814668,0.160291,0.557277,0.44929,-0.433043,0.78133,-0.025225,0.004709,0.005576,0.495359,2.300202,-1.607108,0.537494,0.036443,0.045525,-0.014203,-0.52679,-0.792612,0.307012,0.791113,-0.325106,0.518116,-0.310854,0.515821,0.798309,-0.012603,0.002327,0.002824,0.496562,2.276108,-1.602938,0.522079,0.067317,0.037638,-0.050751,-0.190061,-0.397862,-0.897542,0.179918,-0.912838,0.366544,-0.965145,-0.091818,0.245077,-0.000313,-0.004923,0.004669,-0.034491,0.016788,-0.015728,-0.667061
221,0.10367,0.02578,0.3782,-0.165529,-0.423867,-0.890496,0.029639,-0.904671,0.425045,-0.985566,0.044484,0.163424,0.000392,0.001503,0.000931,-0.016736,0.098994,-0.1734,-1.138251,-0.167272,0.04938,0.325079,0.411617,0.854779,0.316094,-0.816538,0.192037,0.544354,0.404081,-0.483239,0.776571,-0.012577,0.001763,0.002338,0.023648,-0.042854,0.084356,0.537957,0.036043,0.045756,-0.014206,-0.562517,-0.750942,0.345918,0.786106,-0.356156,0.505162,-0.256147,0.556091,0.790664,-0.013022,0.006694,-0.001898,0.196496,0.593062,-0.405946,0.522569,0.06733,0.037633,-0.050719,-0.195323,-0.396585,-0.896977,0.169203,-0.914506,0.36749,-0.966032,-0.079992,0.245728,0.000207,0.000793,0.000498,-0.0162,0.098158,-0.171951,-0.670327
222,0.103759,0.026011,0.378262,-0.177761,-0.418448,-0.890701,0.002966,-0.905329,0.424668,-0.983861,0.073362,0.163285,0.001661,0.006381,0.003947,-0.442332,0.197703,0.106657,-1.309231,-0.167801,0.049555,0.324847,0.499843,0.797494,0.337863,-0.79686,0.27081,0.54001,0.338529,-0.540148,0.770391,-0.013324,0.00493,-0.011188,0.558788,0.759692,1.637215,0.538251,0.035773,0.045856,-0.014313,-0.634445,-0.67776,0.371645,0.751263,-0.42754,0.502804,-0.181887,0.598205,0.780427,-0.006262,-0.003391,-0.002103,1.861987,3.025337,4.538269,0.523875,0.067373,0.037743,-0.050692,-0.208018,-0.392633,-0.895861,0.142928,-0.918267,0.369265,-0.967625,-0.05123,0.247134,0.000871,0.003339,0.002072,-0.445775,0.201481,0.105213,-0.684207
223,0.103784,0.026191,0.378361,-0.180152,-0.417265,-0.890775,-0.002392,-0.905392,0.424536,-0.983425,0.079125,0.163223,0.002367,0.009093,0.005616,0.000691,-0.013522,0.025441,-1.358051,-0.168096,0.049456,0.324654,0.533113,0.773094,0.34367,-0.785744,0.302056,0.539725,0.31278,-0.558737,0.768013,-0.01229,-0.011514,-0.007542,0.003021,-0.047621,0.15314,0.538789,0.035629,0.045818,-0.014407,-0.66291,-0.645799,0.378804,0.733096,-0.457133,0.503586,-0.152051,0.611532,0.776471,-0.006578,-0.000569,-0.007814,0.232452,0.182492,0.494973,0.524691,0.067383,0.037824,-0.050647,-0.210605,-0.391736,-0.895649,0.137485,-0.918961,0.369603,-0.967854,-0.045298,0.247395,0.00121,0.004642,0.002875,-0.002924,0.079024,-0.149634,-0.691391
224,0.10383,0.0265,0.378668,-0.182486,-0.415872,-0.890951,-0.008063,-0.905493,0.424252,-0.982962,0.085115,0.162999,-0.010591,0.002045,0.016794,-0.035092,0.018392,-0.020388,-1.376675,-0.168676,0.048957,0.324163,0.54804,0.756871,0.356075,-0.78363,0.31596,0.534815,0.291592,-0.573077,0.765781,-0.012227,-0.017071,-0.011744,0.121381,0.675893,-0.559778,0.538809,0.03534,0.045568,-0.014652,-0.674543,-0.627568,0.388778,0.726653,-0.471515,0.499647,-0.130248,0.619541,0.774082,-0.006081,-0.009453,-0.006534,-0.007509,0.038947,-0.074709,0.525508,0.067413,0.037989,-0.050493,-0.21305,-0.390565,-0.895582,0.131895,-0.919733,0.369721,-0.968097,-0.039354,0.247463,0.001388,0.005347,0.003292,0.001552,-0.013887,0.025263,-0.705598
225,0.103896,0.026817,0.379128,-0.182297,-0.415324,-0.891246,-0.008744,-0.905703,0.42379,-0.982991,0.085559,0.162588,0.003618,0.013918,0.008522,0.001392,-0.027001,0.050905,-1.456915,-0.168911,0.048181,0.32371,0.571386,0.737385,0.360242,-0.775325,0.341389,0.53128,0.268057,-0.583791,0.766288,0.000323,-0.017673,-0.013304,0.398331,-0.185127,-0.224796,0.53905,0.035213,0.045167,-0.014888,-0.692954,-0.601934,0.396849,0.713462,-0.493216,0.497702,-0.103851,0.628022,0.771233,0.000637,-0.014776,-0.00311,0.467774,-0.163449,-0.201332,0.525671,0.067441,0.038141,-0.050261,-0.212965,-0.390041,-0.895831,0.131217,-0.919975,0.369359,-0.968208,-0.038888,0.247102,0.001306,0.001332,0.008498,-0.033527,0.003452,0.009002,-0.704781
226,0.103979,0.027207,0.379689,-0.18217,-0.414825,-0.891504,-0.009541,-0.905876,0.423402,-0.983007,0.086147,0.162179,0.003262,0.005142,0.018455,-0.033404,-0.00979,0.034635,-1.537809,-0.168927,0.047222,0.323277,0.583703,0.725336,0.364924,-0.772128,0.35709,0.525584,0.250181,-0.58946,0.76799,0.013869,-0.029975,-0.007698,-0.00203,0.008191,-0.054098,0.539245,0.0352,0.044696,-0.015102,-0.701245,-0.589116,0.401491,0.707906,-0.508731,0.489959,-0.084392,0.6278,0.773784,0.00018,-0.009484,-0.007177,-0.004583,0.017509,-0.061853,0.525835,0.067481,0.038336,-0.049987,-0.212907,-0.389528,-0.896067,0.130458,-0.920216,0.369029,-0.968323,-0.038331,0.246738,0.001679,0.002781,0.009356,-0.033013,-0.009957,0.034508,-0.705108
227,0.103989,0.027368,0.380006,-0.182064,-0.414456,-0.891698,-0.010088,-0.906008,0.423107,-0.983022,0.086538,0.161884,0.003068,0.004399,0.017979,-0.034103,0.003699,0.009176,-1.544382,-0.168846,0.046898,0.323013,0.579934,0.727139,0.367337,-0.776175,0.356515,0.519983,0.246411,-0.587582,0.770644,0.012936,-0.016813,-0.013823,0.137144,-0.069201,-0.094032,0.539186,0.035241,0.044519,-0.015239,-0.697861,-0.591537,0.403823,0.711636,-0.508897,0.484351,-0.081008,0.625385,0.776099,0.000162,-0.008565,-0.006507,0.142112,-0.068517,-0.134407,0.524692,0.067487,0.038419,-0.049826,-0.212859,-0.389142,-0.896247,0.129913,-0.920396,0.368773,-0.968407,-0.037938,0.246468,0.001584,0.00242,0.009125,-0.033775,0.003574,0.009077,-0.706087
228,0.104028,0.027515,0.380646,-0.182047,-0.413918,-0.89195,-0.011396,-0.906148,0.422773,-0.983011,0.087639,0.161358,0.002312,0.001496,0.016186,-0.0341,0.003711,0.009182,-1.544302,-0.168666,0.046287,0.322472,0.577529,0.727618,0.370167,-0.778902,0.355627,0.516503,0.243451,-0.587528,0.771625,-0.00063,-0.00448,-0.01957,0.037152,0.003497,-0.007359,0.538894,0.035336,0.044208,-0.015508,-0.695296,-0.592699,0.406535,0.71444,-0.508307,0.48083,-0.078343,0.624764,0.776872,0.000169,-0.00878,-0.006719,-0.022406,0.040606,-0.042796,0.524365,0.067509,0.038505,-0.049499,-0.212906,-0.38856,-0.896488,0.128607,-0.920686,0.368505,-0.968571,-0.036838,0.245991,0.001179,0.000875,0.00817,-0.033877,0.003617,0.009111,-0.701842
229,0.103994,0.027497,0.381267,-0.182326,-0.41379,-0.891953,-0.012809,-0.906071,0.422898,-0.982942,0.089039,0.161014,0.001341,-0.002248,0.013913,-0.034096,0.003726,0.00919,-1.529057,-0.168571,0.045834,0.321923,0.577356,0.727757,0.370164,-0.776745,0.350126,0.523463,0.250625,-0.590656,0.766926,-0.000678,-0.001882,-0.017639,-0.118962,-0.115624,0.208797,0.53913,0.035384,0.043977,-0.015793,-0.695207,-0.592738,0.406629,0.713733,-0.502126,0.488316,-0.085264,0.629706,0.772139,-0.000331,-0.000845,-0.008744,-0.091957,-0.143113,0.212899,0.524365,0.067494,0.038499,-0.049181,-0.213197,-0.38846,-0.896462,0.127193,-0.920784,0.36875,-0.968694,-0.035408,0.245717,0.000604,-0.001346,0.006825,-0.033946,0.003671,0.009127,-0.69629
230,0.103959,0.027411,0.381502,-0.182559,-0.413905,-0.891852,-0.013419,-0.905951,0.423135,-0.98289,0.089724,0.160949,-0.01141,0.006071,0.003826,-0.000984,0.014715,-0.029553,-1.520963,-0.168487,0.045683,0.321678,0.57558,0.728536,0.371395,-0.776426,0.344628,0.527568,0.255637,-0.592929,0.763511,0.000202,-0.010823,-0.008347,-0.485973,-0.053981,-0.235593,0.539099,0.03542,0.043907,-0.015911,-0.694046,-0.593503,0.407497,0.714488,-0.498371,0.491052,-0.088356,0.631965,0.769943,-0.00043,0.000499,-0.007788,-2.602131,-2.574818,-3.942,0.524365,0.067482,0.038458,-0.049062,-0.213397,-0.388585,-0.89636,0.126595,-0.920757,0.369023,-0.968728,-0.034726,0.24568,0.000105,-0.003274,0.005664,-0.034693,0.017077,-0.016374,-0.692861
231,0.103817,0.027156,0.381832,-0.183112,-0.414362,-0.891527,-0.014398,-0.905621,0.42381,-0.982772,0.09095,0.160977,-0.012705,0.0011,0.000839,-0.000984,0.014715,-0.029553,-1.520809,-0.168242,0.045659,0.321346,0.559902,0.743005,0.366667,-0.779868,0.323385,0.535875,0.278879,-0.586917,0.760011,0.011829,0.008247,-0.010908,-0.196511,0.007485,0.033322,0.538755,0.035548,0.043884,-0.016085,-0.681388,-0.611415,0.402344,0.723001,-0.476699,0.500027,-0.113927,0.631608,0.766871,0.00592,0.004389,-0.005247,-0.202833,0.013598,0.033134,0.524202,0.067411,0.038332,-0.048896,-0.213862,-0.38912,-0.896017,0.125653,-0.920577,0.369794,-0.968748,-0.033503,0.24577,-0.000654,-0.006202,0.003911,-0.035475,0.030423,-0.041889,-0.692044
232,0.103578,0.02686,0.382001,-0.183722,-0.415047,-0.891082,-0.015033,-0.905209,0.424667,-0.982648,0.091927,0.16118,-0.001621,-0.013633,0.007081,-0.034821,0.017107,-0.016326,-1.523105,-0.167869,0.046352,0.320872,0.517215,0.776078,0.360807,-0.792847,0.275951,0.543303,0.32143,-0.568039,0.757547,0.010765,0.025102,-0.014078,0.005203,0.004423,0.102746,0.539134,0.03573,0.044223,-0.016316,-0.64689,-0.652431,0.3948,0.745659,-0.432699,0.506719,-0.159769,0.622177,0.766399,0.005867,0.006975,-0.003238,-0.006133,0.131071,-0.082856,0.523222,0.067286,0.038179,-0.048815,-0.214355,-0.389914,-0.895554,0.125061,-0.920276,0.370744,-0.968716,-0.032528,0.246029,-0.000868,-0.007025,0.003418,-0.034769,0.017083,-0.016344,-0.69531
233,0.103211,0.026599,0.382032,-0.18435,-0.415922,-0.890545,-0.015281,-0.904741,0.425656,-0.982526,0.092589,0.161545,-0.001584,-0.006052,-0.003644,-0.000738,0.013328,-0.025542,-1.530293,-0.167497,0.047048,0.320645,0.519049,0.774495,0.361576,-0.788981,0.271647,0.551045,0.327907,-0.572263,0.751568,0.011589,0.017554,-0.003695,-0.448249,0.374894,0.176135,0.539326,0.035921,0.044581,-0.016433,-0.647422,-0.651604,0.395293,0.744121,-0.428358,0.512632,-0.164706,0.626035,0.762201,0.005799,0.008967,-0.001705,-0.396016,0.35414,0.162361,0.523385,0.067108,0.038052,-0.048797,-0.214814,-0.390843,-0.895039,0.124845,-0.919904,0.371738,-0.968642,-0.031887,0.246402,-0.00748,-0.007424,0.003266,-0.031415,-0.046829,0.104842,-0.698903
234,0.103042,0.026475,0.382039,-0.184599,-0.416264,-0.890333,-0.015397,-0.904555,0.426046,-0.982477,0.092868,0.161683,-0.002022,-0.015118,0.006184,-0.034815,0.017131,-0.016314,-1.548589,-0.167349,0.047422,0.320556,0.51081,0.778628,0.364423,-0.791936,0.261458,0.551735,0.333672,-0.571404,0.749683,0.010621,0.029277,-0.010826,-0.017668,0.007849,0.134405,0.539357,0.03599,0.044761,-0.016471,-0.640905,-0.656233,0.398244,0.748272,-0.418353,0.514847,-0.171253,0.627963,0.759166,0.005804,0.008421,-0.002123,-0.041206,0.042923,0.087282,0.523548,0.067017,0.037987,-0.048801,-0.215007,-0.391249,-0.894816,0.124775,-0.91974,0.372166,-0.968608,-0.031632,0.246568,-0.006927,-0.001592,-0.00087,0.003396,-0.06392,0.12118,-0.702985
