frame,MLTx,MLTy,MLTz,MLTR1,MLTR2,MLTR3,MLTR4,MLTR5,MLTR6,MLTR7,MLTR8,MLTR9,MLTTVx,MLTTVy,MLTTVz,MLTRVx,MLTRVy,MLTRVz,MLGA,MRTx,MRTy,MRTz,MRTR1,MRTR2,MRTR3,MRTR4,MRTR5,MRTR6,MRTR7,MRTR8,MRTR9,MRTTVx,MRTTVy,MRTTVz,MRTRVx,MRTRVy,MRTRVz,MRGA,SLTx,SLTy,SLTz,SLTR1,SLTR2,SLTR3,SLTR4,SLTR5,SLTR6,SLTR7,SLTR8,SLTR9,SLTTVx,SLTTVy,SLTTVz,SLTRVx,SLTRVy,SLTRVz,SLGA,SRTx,SRTy,SRTz,SRTR1,SRTR2,SRTR3,SRTR4,SRTR5,SRTR6,SRTR7,SRTR8,SRTR9,SRTTVx,SRTTVy,SRTTVz,SRTRVx,SRTRVy,SRTRVz,SRGA
572,0.16674,-0.061969,0.307927,-0.915844,-0.317109,-0.246406,0.250137,-0.930492,0.26756,-0.312985,0.183796,0.931819,0.016271,0.014194,-0.004322,0.037548,-0.039102,0.074406,-0.98491,-0.12574,-0.041277,0.288716,-0.377658,-0.710625,0.593615,0.925415,-0.30988,0.217981,0.029508,0.632547,0.773871,-0.033831,0.011742,-0.071963,0.262459,0.840235,0.09028,-1.405118,0.063891,0.033735,-0.011641,0.448271,0.688037,0.570663,-0.893764,0.356023,0.272824,-0.015456,-0.632338,0.774538,-0.016859,0.005783,-0.036064,0.336412,0.842607,0.034786,-0.961089,0.085954,0.018527,-0.05043,0.902466,0.344619,-0.258441,-0.279199,0.924843,0.258284,0.328027,-0.160936,0.930858,0.000144,0.001788,0.002378,-0.000483,-0.000914,-0.000297,-0.988743
573,0.166943,-0.061758,0.308033,-0.91592,-0.316385,-0.247056,0.249435,-0.93082,0.267074,-0.313323,0.183382,0.931787,0.000261,0.003204,0.00426,0.0,0.0,0.0,-0.985512,-0.127109,-0.040613,0.285731,-0.399697,-0.675794,0.619303,0.914514,-0.33931,0.22015,0.061848,0.655196,0.752832,-0.033933,0.011763,-0.072552,0.562207,0.874762,0.383725,-1.405598,0.063207,0.034066,-0.013135,0.47,0.651965,0.595014,-0.88125,0.384772,0.274497,-0.049982,-0.65337,0.755387,-0.016914,0.005823,-0.036324,0.657529,0.865421,0.316779,-0.975296,0.086062,0.018639,-0.050378,0.902559,0.343855,-0.259131,-0.278481,0.925209,0.257752,0.32838,-0.160474,0.930813,0.00015,0.001856,0.002466,0.000923,-0.013163,0.025434,-0.988253
574,0.16713,-0.061551,0.308064,-0.916209,-0.316439,-0.24591,0.2491,-0.93038,0.268912,-0.312743,0.185511,0.93156,-2.6e-05,0.012463,-0.006392,0.035713,-0.011317,0.019181,-0.986365,-0.128664,-0.040204,0.282951,-0.425613,-0.637741,0.641975,0.899474,-0.37529,0.223693,0.098788,0.673439,0.732519,-0.034301,0.014054,-0.069938,1.842345,3.084491,-0.219594,-1.40594,0.062443,0.03426,-0.014505,0.495055,0.615788,0.612963,-0.864567,0.419174,0.277156,-0.086269,-0.667156,0.739905,-0.024318,0.000699,-0.030657,3.541296,1.542636,3.931303,-0.988849,0.086156,0.01874,-0.050357,0.902856,0.343961,-0.257955,-0.27813,0.924783,0.259652,0.327863,-0.162683,0.930612,9.1e-05,0.001138,0.001509,0.00325,-0.002203,0.001322,-0.988417
575,0.167193,-0.06146,0.308063,-0.916214,-0.316373,-0.245976,0.249085,-0.93044,0.268718,-0.312741,0.185322,0.931598,0.000137,0.001694,0.002248,0.0,0.0,0.0,-0.986653,-0.129536,-0.040025,0.281704,-0.433009,-0.623399,0.651051,0.894115,-0.388217,0.223117,0.114187,0.679501,0.72464,-0.048995,0.003395,-0.058643,-0.035684,0.484503,-0.010143,-1.405861,0.062013,0.034352,-0.015135,0.502382,0.598137,0.624373,-0.858213,0.432868,0.275855,-0.105272,-0.67443,0.730794,-0.02519,0.007607,-0.032821,0.204221,0.569406,0.317215,-0.994237,0.086187,0.018789,-0.050361,0.90286,0.343877,-0.258051,-0.278115,0.924858,0.259401,0.327863,-0.162435,0.930655,-1.2e-05,0.00624,-0.003189,0.030333,0.078663,-0.157873,-0.98858
576,0.167305,-0.061262,0.308049,-0.917309,-0.314535,-0.244248,0.248171,-0.931203,0.266914,-0.310256,0.184613,0.93257,0.016226,0.00129,0.001452,0.011061,0.007731,0.040664,-0.986623,-0.131251,-0.039901,0.279635,-0.445901,-0.598363,0.665677,0.88457,-0.407879,0.226065,0.136792,0.690383,0.710298,-0.032265,-0.002611,-0.046472,-0.15965,0.429955,-0.082363,-1.405685,0.061137,0.034416,-0.016191,0.514666,0.572529,0.638222,-0.847554,0.452156,0.277858,-0.129494,-0.683933,0.717959,-0.016107,-0.001186,-0.023023,-0.167254,0.435655,-0.081801,-1.002402,0.086243,0.018888,-0.050368,0.9041,0.342085,-0.256083,-0.277325,0.925648,0.25742,0.325103,-0.161715,0.931748,0.008112,0.000634,0.000709,-0.006406,-0.016748,0.042666,-0.98858
577,0.167406,-0.061072,0.308042,-0.91734,-0.314205,-0.244557,0.247934,-0.931403,0.266437,-0.310355,0.184164,0.932626,0.016258,0.001772,0.002086,0.000986,-0.01471,0.029556,-0.98659,-0.132944,-0.040079,0.278057,-0.460899,-0.560654,0.687918,0.867859,-0.446478,0.217744,0.185623,0.698069,0.691453,-0.047277,-0.011361,-0.032495,4.58915,3.701596,2.101661,-1.405493,0.060291,0.034325,-0.016983,0.528258,0.535717,0.658749,-0.830212,0.488548,0.268452,-0.178016,-0.688714,0.702839,-0.023714,-0.005327,-0.015869,4.491096,3.780405,2.157662,-1.004851,0.086293,0.018982,-0.050374,0.904082,0.341738,-0.256611,-0.276992,0.92584,0.257089,0.325438,-0.16135,0.931694,0.008132,0.00092,0.001087,0.000564,-0.015591,0.029193,-0.98858
578,0.167456,-0.060967,0.308042,-0.917357,-0.314018,-0.244731,0.247795,-0.931514,0.266179,-0.310413,0.183922,0.932654,0.016255,0.001774,0.002086,0.000984,-0.014714,0.029553,-0.986715,-0.133898,-0.040227,0.277426,-0.462965,-0.543866,0.699903,0.861344,-0.462151,0.210799,0.209379,0.701125,0.681504,-0.047572,-0.008994,-0.029204,0.303614,1.04086,-0.751575,-1.405636,0.05985,0.034258,-0.017277,0.532955,0.517767,0.669234,-0.821766,0.505206,0.263562,-0.201637,-0.690421,0.694736,-0.023754,-0.004582,-0.014695,1.018167,0.741578,0.982612,-1.009913,0.086312,0.019034,-0.050374,0.904097,0.341576,-0.256773,-0.276884,0.925942,0.256838,0.325487,-0.16111,0.931719,1.1e-05,0.006553,-0.002777,0.035745,-0.01152,0.018835,-0.988254
579,0.167582,-0.060756,0.308062,-0.917645,-0.314052,-0.243606,0.24745,-0.931085,0.267992,-0.309839,0.186026,0.932428,0.000193,0.002431,0.003216,-0.0,0.0,-0.0,-0.987467,-0.135783,-0.040632,0.276467,-0.473105,-0.511266,0.717475,0.845639,-0.491768,0.207348,0.247398,0.705456,0.664071,-0.063791,-0.008446,-0.025944,-0.06963,0.438519,-0.361428,-1.405697,0.058896,0.034054,-0.017766,0.540711,0.483644,0.688272,-0.805299,0.534108,0.257334,-0.243153,-0.693409,0.678276,-0.023281,-0.008762,-0.008737,-0.017732,0.443323,-0.28571,-1.005505,0.086381,0.019139,-0.050365,0.904394,0.341632,-0.255652,-0.276501,0.925546,0.258671,0.324988,-0.163252,0.93152,0.008153,0.001254,0.001525,0.004254,-0.029474,0.056038,-0.98858
580,0.167805,-0.060525,0.308071,-0.917718,-0.313321,-0.244271,0.246794,-0.931449,0.267334,-0.310145,0.185436,0.932443,0.016082,0.012728,-0.00633,0.036698,-0.026032,0.048734,-0.988647,-0.137851,-0.04104,0.275672,-0.47774,-0.472309,0.740729,0.826143,-0.528121,0.19624,0.29909,0.706285,0.641538,-0.064157,-0.005564,-0.022002,1.265433,2.522123,-1.948811,-1.40518,0.057862,0.033848,-0.018165,0.546546,0.44509,0.709352,-0.784199,0.569202,0.247063,-0.2938,-0.691305,0.660134,-0.024096,-0.002132,-0.011351,1.116685,0.785488,0.75203,-1.004688,0.086487,0.01925,-0.050356,0.904477,0.340927,-0.256297,-0.275894,0.92591,0.258015,0.325272,-0.162658,0.931525,0.000116,0.001468,0.001936,0.00095,-0.013222,0.025506,-0.989233
581,0.168135,-0.060307,0.308061,-0.91804,-0.313031,-0.243434,0.246116,-0.93115,0.268994,-0.309734,0.187417,0.932184,0.016219,0.001652,0.0019,0.000984,-0.014715,0.029553,-0.988442,-0.140145,-0.041273,0.274955,-0.476151,-0.437551,0.762772,0.810626,-0.554466,0.188114,0.3412,0.708434,0.617711,-0.063172,-0.01412,-0.010379,-0.403823,0.948114,-0.272759,-1.40508,0.056715,0.033735,-0.018528,0.542289,0.411893,0.732301,-0.768527,0.595402,0.234222,-0.33954,-0.68981,0.639432,-0.032206,-0.001479,-0.009177,-0.054552,0.369554,-0.388154,-1.000279,0.086652,0.019365,-0.050363,0.904816,0.340654,-0.255463,-0.275192,0.925661,0.259654,0.324925,-0.164637,0.931298,0.008125,0.001021,0.001201,0.002205,-0.015522,0.029982,-0.98956
582,0.16833,-0.060197,0.308048,-0.918082,-0.312609,-0.243815,0.24573,-0.931356,0.268634,-0.309913,0.187098,0.932188,0.016242,0.002006,0.00236,0.001831,-0.027865,0.055183,-0.98852,-0.141316,-0.041334,0.274615,-0.474017,-0.422698,0.772415,0.802594,-0.568087,0.181805,0.362525,0.706638,0.607538,-0.064519,-0.002318,-0.017642,1.110967,0.85285,0.731746,-1.404644,0.056105,0.033701,-0.0187,0.539564,0.39571,0.743157,-0.760554,0.607693,0.228616,-0.361146,-0.688565,0.628848,-0.03226,-0.001061,-0.008639,1.11389,0.861662,0.748201,-0.999136,0.086755,0.019419,-0.05037,0.90487,0.34021,-0.255863,-0.274799,0.925885,0.259272,0.325106,-0.164296,0.931295,0.008117,0.000953,0.001108,0.002011,-0.027997,0.055165,-0.98956
583,0.168814,-0.059971,0.307977,-0.918391,-0.312427,-0.242884,0.245202,-0.931033,0.270232,-0.309417,0.189006,0.931968,0.015977,0.011822,-0.007558,0.0367,-0.025994,0.048753,-0.98778,-0.143654,-0.041386,0.27397,-0.466347,-0.398685,0.78966,0.788779,-0.59139,0.167389,0.400825,0.701422,0.589246,-0.048686,0.000194,-0.01675,0.361612,0.402993,-0.097541,-1.404299,0.054954,0.033676,-0.019014,0.532051,0.371507,0.760857,-0.746194,0.630397,0.213991,-0.400143,-0.681602,0.61262,-0.032312,-0.000602,-0.008089,1.319436,0.570161,0.547208,-0.996687,0.086991,0.019529,-0.050402,0.905189,0.340083,-0.254902,-0.274273,0.925581,0.260907,0.324663,-0.166257,0.931102,0.008101,0.000796,0.000893,0.001491,-0.01503,0.029709,-0.989233
584,0.169345,-0.059778,0.307896,-0.9187,-0.31224,-0.241952,0.244657,-0.930697,0.27188,-0.308932,0.190963,0.93173,0.000125,0.001695,0.002232,-0.005005,0.077774,-0.151176,-0.988746,-0.146092,-0.041283,0.273375,-0.460202,-0.370162,0.806962,0.77211,-0.615439,0.158161,0.438645,0.696306,0.567989,-0.06482,0.001679,-0.012261,4.29419,1.36028,3.092453,-1.404833,0.053742,0.033725,-0.019316,0.523396,0.347042,0.778214,-0.732641,0.64962,0.203049,-0.435077,-0.676428,0.594266,-0.032389,0.000593,-0.006456,-0.274451,0.747342,-0.151287,-1.003872,0.087263,0.019629,-0.050446,0.905518,0.3399,-0.253975,-0.273683,0.925291,0.262553,0.324243,-0.168238,0.930893,6.2e-05,0.000798,0.001043,-0.000893,0.075096,-0.149339,-0.989233
585,0.169634,-0.059682,0.307845,-0.919803,-0.310218,-0.240358,0.243497,-0.931491,0.270193,-0.306565,0.190378,0.932631,0.015935,0.011533,-0.007962,0.043848,-0.009722,0.056883,-0.989007,-0.147303,-0.041165,0.273106,-0.458686,-0.35863,0.813009,0.764339,-0.625773,0.155331,0.453605,0.693105,0.560099,-0.048917,0.004277,-0.010984,1.264599,0.587509,0.81739,-1.404533,0.05313,0.033783,-0.019452,0.523112,0.332705,0.78464,-0.721792,0.66249,0.200302,-0.453175,-0.671128,0.586701,-0.032433,0.001304,-0.005411,4.380289,1.345868,2.77735,-1.004525,0.087401,0.019672,-0.050469,0.906765,0.337941,-0.252133,-0.272665,0.926116,0.260694,0.321604,-0.16764,0.931915,0.008089,0.000702,0.000759,-0.010796,0.060848,-0.107855,-0.989397
586,0.170152,-0.059521,0.307771,-0.920938,-0.307817,-0.239096,0.241967,-0.932454,0.26824,-0.304368,0.189556,0.933518,0.016137,0.000991,0.000974,0.031759,0.055394,0.064625,-0.990293,-0.149704,-0.04087,0.272645,-0.453433,-0.338158,0.824645,0.754468,-0.638128,0.153311,0.474931,0.692102,0.543413,-0.064883,0.00379,-0.009525,-0.264039,0.71566,0.072927,-1.40461,0.051935,0.033933,-0.019678,0.51813,0.313882,0.795624,-0.710438,0.675915,0.195999,-0.476254,-0.666795,0.573206,-0.032454,0.002348,-0.004042,-0.017691,0.316745,-0.393685,-1.003382,0.08766,0.019757,-0.050509,0.907928,0.335701,-0.250938,-0.271273,0.927076,0.258728,0.319494,-0.166834,0.932785,0.008081,0.000639,0.000669,0.028255,0.055987,0.073424,-0.98956
587,0.170659,-0.059381,0.30774,-0.922269,-0.306226,-0.235991,0.2408,-0.932582,0.268844,-0.30126,0.191494,0.93413,0.016133,0.001031,0.001014,0.005358,-0.004726,0.034554,-0.990407,-0.152086,-0.040618,0.272273,-0.449792,-0.317178,0.834911,0.739667,-0.65614,0.149355,0.500987,0.685127,0.528656,-0.04895,0.006552,-0.007999,4.441646,1.350554,2.940968,-1.404799,0.050739,0.034057,-0.019866,0.512206,0.294994,0.806612,-0.699047,0.68882,0.191986,-0.498976,-0.662196,0.559032,-0.032448,0.002605,-0.0038,-0.295038,0.7339,0.115995,-1.000769,0.087914,0.019827,-0.050524,0.909427,0.333992,-0.247769,-0.269921,0.927315,0.259285,0.316359,-0.168923,0.933477,5.5e-05,0.000773,0.001007,-0.01067,-0.011865,0.007281,-0.989886
588,0.171216,-0.059211,0.307727,-0.920737,-0.311556,-0.234992,0.245802,-0.930745,0.270678,-0.301903,0.191844,0.933851,0.015929,0.012034,-0.007345,0.036706,-0.025875,0.048811,-0.991898,-0.15447,-0.040392,0.272061,-0.446514,-0.303736,0.841642,0.731017,-0.666165,0.147552,0.516391,0.681513,0.518404,-0.064902,0.007062,-0.005182,-0.019093,0.228239,-0.21852,-1.404234,0.049553,0.03417,-0.019974,0.510377,0.277396,0.813981,-0.685782,0.702399,0.190624,-0.518862,-0.655504,0.548721,-0.031906,-0.00197,0.00162,-0.022596,0.098748,-0.088976,-0.994074,0.088198,0.019912,-0.05053,0.907657,0.339305,-0.247043,-0.274778,0.925313,0.261326,0.317262,-0.169312,0.933101,0.007965,0.006037,-0.003657,0.037241,-0.027066,0.048541,-0.990539
589,0.171494,-0.059135,0.307718,-0.92079,-0.311073,-0.235425,0.245322,-0.930959,0.270377,-0.302131,0.191586,0.93383,0.016121,0.001027,0.000987,0.000984,-0.014714,0.029553,-0.992511,-0.155573,-0.040314,0.271997,-0.446542,-0.296816,0.844092,0.724355,-0.673643,0.146455,0.525682,0.677187,0.514722,-0.047849,-0.003198,0.00191,-0.029608,0.173526,-0.240816,-1.404209,0.049019,0.034212,-0.020004,0.510257,0.270517,0.816368,-0.678771,0.709578,0.189124,-0.528116,-0.650629,0.545687,-0.023924,-0.00152,0.001115,-0.009741,0.139018,-0.261646,-0.994564,0.088325,0.01995,-0.050535,0.907711,0.338865,-0.247446,-0.274357,0.925523,0.261026,0.31747,-0.169048,0.933078,0.007965,0.006047,-0.003645,0.036922,-0.026143,0.048333,-0.990703
590,0.172023,-0.058973,0.307645,-0.922169,-0.308974,-0.232777,0.243634,-0.931297,0.27074,-0.299288,0.193334,0.934385,0.015838,0.010956,-0.008782,0.117446,0.160212,0.14222,-0.994294,-0.157611,-0.04027,0.271991,-0.44459,-0.287897,0.848202,0.71451,-0.684983,0.142153,0.540611,0.669604,0.509149,-0.047853,-0.002403,0.002922,4.679832,0.834731,2.728437,-1.404319,0.047976,0.034236,-0.02001,0.50632,0.264768,0.820693,-0.673012,0.716351,0.184104,-0.53916,-0.645552,0.540895,-0.031903,-0.001619,0.001961,-0.001632,0.044968,-0.125521,-1.000769,0.088596,0.020029,-0.050566,0.908889,0.33739,-0.245126,-0.273072,0.925726,0.261651,0.315198,-0.170875,0.933515,0.008038,0.000218,8.9e-05,0.135729,0.25869,0.141155,-0.991029
591,0.172561,-0.058765,0.307477,-0.922466,-0.308782,-0.23185,0.243144,-0.93098,0.272266,-0.298771,0.195162,0.934171,0.015791,0.010405,-0.009519,0.036726,-0.025776,0.04886,-0.995962,-0.159441,-0.040363,0.272102,-0.44135,-0.278981,0.85286,0.704472,-0.696353,0.136909,0.556226,0.661586,0.502771,-0.046824,-0.013373,0.01116,-0.043143,0.056909,-0.105326,-1.40368,0.047061,0.034194,-0.019957,0.504468,0.253396,0.82541,-0.658478,0.731258,0.177952,-0.558496,-0.633286,0.535752,-0.015957,-0.000403,0.00155,-0.001283,0.018104,-0.063177,-1.005505,0.088865,0.020133,-0.05065,0.909507,0.336658,-0.243838,-0.272143,0.925642,0.262915,0.314219,-0.172765,0.933497,0.007895,0.00516,-0.004822,0.03661,-0.028934,0.048953,-0.992499
592,0.172871,-0.05865,0.307364,-0.920874,-0.314454,-0.230553,0.248529,-0.928998,0.274168,-0.29925,0.19556,0.933934,0.015785,0.010398,-0.009537,0.036709,-0.025803,0.048845,-0.996634,-0.16029,-0.040411,0.272162,-0.44025,-0.272015,0.855675,0.697304,-0.703872,0.135144,0.566051,0.656499,0.498455,-0.047849,-0.00239,0.002711,-0.010121,0.054982,-0.081326,-1.403077,0.046637,0.034167,-0.019922,0.503132,0.246362,0.828349,-0.651087,0.738345,0.175871,-0.56828,-0.627815,0.531888,-0.023929,-0.001135,0.001477,0.00139,0.029683,-0.093418,-1.002729,0.08902,0.02019,-0.050707,0.907723,0.342322,-0.242598,-0.277462,0.923486,0.264929,0.314727,-0.17317,0.933251,0.008012,-0.000109,-0.00035,0.004765,-0.017445,0.030837,-0.992989
593,0.173513,-0.058379,0.30707,-0.921193,-0.314048,-0.22983,0.247898,-0.928822,0.275332,-0.298791,0.197045,0.933769,0.015767,0.01031,-0.009669,0.036667,-0.025754,0.048837,-0.999687,-0.16169,-0.040478,0.272246,-0.433011,-0.266089,0.861214,0.691269,-0.711127,0.127981,0.578896,0.651077,0.490757,-0.031897,-0.002446,0.000458,-0.003769,0.032358,-0.05947,-1.40241,0.045919,0.034134,-0.019876,0.495841,0.241022,0.834295,-0.645188,0.745292,0.16814,-0.581268,-0.621648,0.525051,-0.015952,-0.001302,0.000134,-0.003225,0.017556,-0.059562,-0.994891,0.08934,0.020325,-0.050855,0.908058,0.341951,-0.241867,-0.276828,0.923339,0.266101,0.314319,-0.17468,0.933107,0.007887,0.005144,-0.004859,0.041541,-0.028904,0.050672,-0.994459
594,0.174239,-0.058062,0.306781,-0.921714,-0.314276,-0.227417,0.247524,-0.927878,0.278829,-0.297497,0.201094,0.933319,0.031783,0.010369,-0.010038,0.03722,-0.040161,0.078214,-1.004106,-0.16286,-0.040597,0.272274,-0.425593,-0.25312,0.868788,0.676981,-0.726069,0.120226,0.600876,0.639633,0.47925,-0.031905,-0.002091,0.00092,2.286771,1.970226,-1.235731,-1.400698,0.045333,0.034072,-0.019865,0.488798,0.228291,0.841996,-0.630907,0.759086,0.160445,-0.60252,-0.609647,0.51507,-0.015949,-0.001061,0.000469,2.321032,1.934323,-1.245948,-1.000279,0.089697,0.020483,-0.050999,0.908587,0.342256,-0.239433,-0.27642,0.922437,0.269629,0.313145,-0.178797,0.932722,0.007887,0.005251,-0.004725,0.041838,-0.029028,0.050914,-0.996255
595,0.175035,-0.057713,0.306464,-0.920152,-0.319368,-0.226647,0.252493,-0.926234,0.279839,-0.298154,0.20066,0.933202,0.032028,-0.000209,-0.00117,0.001969,-0.029429,0.059106,-1.008062,-0.163852,-0.040666,0.272335,-0.417286,-0.245166,0.875076,0.67069,-0.732777,0.114655,0.613623,0.635052,0.469083,-0.031905,-0.001575,0.001632,-0.060205,0.158274,0.024505,-1.39913,0.04485,0.034038,-0.019836,0.479914,0.221053,0.849009,-0.624396,0.765868,0.153542,-0.616288,-0.603805,0.505575,-0.007494,-0.005932,0.004545,-0.115178,0.186338,0.062829,-0.99587,0.090096,0.020661,-0.051161,0.90685,0.347301,-0.238755,-0.281336,0.920655,0.270634,0.313803,-0.178254,0.932605,0.007878,0.005241,-0.004754,0.038772,-0.027102,0.049851,-0.999194
596,0.175439,-0.057533,0.306296,-0.920402,-0.319549,-0.225375,0.252407,-0.925743,0.281536,-0.297458,0.202632,0.932998,0.01574,0.010508,-0.009457,0.036714,-0.025714,0.048888,-1.01026,-0.164233,-0.040704,0.272383,-0.413285,-0.241717,0.877929,0.663458,-0.740238,0.108646,0.624107,0.627671,0.46517,-0.015951,-0.000464,0.001287,0.077158,0.171328,-0.206041,-1.398483,0.044653,0.034019,-0.019811,0.476077,0.217572,0.852063,-0.617086,0.772964,0.147412,-0.626542,-0.595976,0.502251,-0.007979,-0.000168,0.000753,0.296574,0.568645,-0.691029,-0.99587,0.090304,0.020748,-0.051242,0.907106,0.347499,-0.23749,-0.281202,0.920186,0.272362,0.313181,-0.180279,0.932424,0.01588,0.005204,-0.005037,0.040181,-0.042036,0.079575,-1.0005
597,0.176283,-0.057171,0.305958,-0.920906,-0.319845,-0.22288,0.252176,-0.924773,0.284911,-0.296094,0.206563,0.93257,0.03173,0.010477,-0.009998,0.037699,-0.040398,0.078456,-1.015971,-0.164908,-0.040793,0.272502,-0.40645,-0.237069,0.882377,0.652776,-0.751004,0.099046,0.639671,0.616545,0.458864,-0.015947,-7.1e-05,0.001851,4.874449,0.562619,2.506641,-1.39757,0.044315,0.033974,-0.019752,0.467829,0.215948,0.857031,-0.611119,0.779563,0.137163,-0.63849,-0.587917,0.496672,-0.007977,7.5e-05,0.001105,-0.019,0.115576,-0.191385,-1.001749,0.09072,0.020928,-0.051411,0.90762,0.347861,-0.234983,-0.280928,0.919258,0.275759,0.311937,-0.184271,0.932061,0.007868,0.005271,-0.004729,0.039907,-0.027702,0.050331,-1.003113
598,0.177163,-0.056835,0.305654,-0.919527,-0.325343,-0.220607,0.257117,-0.922356,0.288308,-0.296133,0.208784,0.932063,0.03173,0.010941,-0.009432,0.037697,-0.040361,0.078471,-1.026818,-0.165475,-0.040888,0.272636,-0.397541,-0.233048,0.887491,0.641838,-0.761777,0.087597,0.656127,0.604739,0.451277,-0.014998,-0.011405,0.009697,0.425938,0.115279,0.122967,-1.396615,0.044032,0.033931,-0.019687,0.460244,0.210128,0.862566,-0.596107,0.793138,0.124853,-0.657899,-0.571645,0.490295,-0.007972,8e-06,0.001,1.569275,0.31961,0.529893,-1.005505,0.091159,0.021096,-0.051564,0.90607,0.353356,-0.232755,-0.28577,0.916708,0.27925,0.312044,-0.186506,0.931581,0.007872,0.005558,-0.004365,0.041601,-0.028778,0.051285,-1.008502
599,0.177603,-0.0567,0.305525,-0.920838,-0.323734,-0.217484,0.256028,-0.922482,0.288875,-0.292998,0.210721,0.932618,0.031996,-5e-05,-0.001086,0.049744,0.085129,0.117393,-1.032633,-0.165781,-0.040958,0.272699,-0.392332,-0.232369,0.889984,0.638552,-0.765171,0.081841,0.662437,0.600699,0.447438,-0.015009,-0.011961,0.008862,0.217635,0.53589,-0.648824,-1.395947,0.043879,0.033897,-0.019654,0.456011,0.209292,0.865014,-0.592469,0.796668,0.119578,-0.664103,-0.567023,0.487289,-0.007985,-0.000354,0.000447,0.849513,1.712425,-2.029325,-1.007137,0.09138,0.021168,-0.051631,0.907346,0.352115,-0.229644,-0.284965,0.916791,0.279799,0.309058,-0.188434,0.932188,0.007856,0.005296,-0.004714,0.098828,0.210369,-0.053689,-1.011767
600,0.17851,-0.05647,0.305335,-0.920305,-0.32691,-0.214973,0.259733,-0.921404,0.289007,-0.291411,0.210539,0.933156,0.015708,0.011055,-0.008817,0.125324,0.065754,-0.021322,-1.049962,-0.166418,-0.041059,0.27285,-0.387512,-0.225946,0.893742,0.622231,-0.779392,0.07288,0.680566,0.584637,0.441467,-0.031899,-0.000627,0.002893,0.002838,0.044159,-0.074746,-1.391115,0.043566,0.033841,-0.019578,0.450318,0.20333,0.869407,-0.576121,0.810069,0.108954,-0.682127,-0.549948,0.481932,-0.007974,0.000235,0.001314,0.017906,0.05881,-0.080699,-1.006321,0.091827,0.021278,-0.051723,0.906819,0.354956,-0.227344,-0.288211,0.91569,0.280079,0.307593,-0.188458,0.932667,0.00802,0.000314,0.000146,0.461193,-0.279411,-1.437492,-1.018299
601,0.179419,-0.056331,0.305246,-0.922762,-0.322732,-0.210714,0.256774,-0.922493,0.288179,-0.286238,0.21221,0.934378,0.016006,0.00038,-5.5e-05,0.17736,0.407221,0.246199,-1.06135,-0.167074,-0.040974,0.273075,-0.390778,-0.219424,0.893945,0.608633,-0.790114,0.072247,0.690927,0.57259,0.441161,-0.01587,0.004226,0.008157,-0.000208,-0.000137,-0.004921,-1.390878,0.043232,0.033877,-0.019475,0.453279,0.196658,0.869403,-0.562072,0.820065,0.107548,-0.691818,-0.537417,0.482254,-0.007941,0.002117,0.004097,-0.001981,-0.000264,-0.004877,-1.007301,0.0923,0.021353,-0.05177,0.908795,0.351955,-0.224091,-0.285949,0.916492,0.279774,0.303846,-0.190178,0.933546,0.008005,0.00018,-5.5e-05,0.284235,0.567234,0.237789,-1.025157
602,0.18045,-0.056253,0.305207,-0.922261,-0.325606,-0.208471,0.259972,-0.92141,0.288775,-0.284966,0.212529,0.934695,0.031994,0.000487,-0.000518,0.007747,-0.01552,0.066252,-1.071192,-0.167873,-0.040736,0.273486,-0.393491,-0.21486,0.893863,0.599178,-0.797308,0.072244,0.697627,0.564279,0.441326,-0.031739,0.005883,0.012415,-0.002256,0.015067,-0.034168,-1.387698,0.042845,0.033994,-0.019275,0.455761,0.191959,0.869156,-0.552284,0.82676,0.107006,-0.698043,-0.52879,0.48282,-0.007905,0.003605,0.00627,0.000212,-0.015479,0.019216,-1.017425,0.092798,0.021391,-0.051789,0.90901,0.353714,-0.220423,-0.288555,0.91575,0.279528,0.300726,-0.19049,0.934493,0.015999,0.000311,-0.000188,-0.007953,-0.037336,0.071692,-1.029729
603,0.180954,-0.056225,0.305191,-0.923564,-0.323792,-0.205508,0.25855,-0.921515,0.289712,-0.282035,0.214831,0.935057,0.031986,0.000353,-0.000718,0.127765,0.274256,0.215146,-1.073686,-0.168288,-0.040621,0.273722,-0.395938,-0.21029,0.893869,0.589766,-0.804303,0.072146,0.704239,0.556002,0.441329,-0.031714,0.005972,0.012498,0.131121,0.025832,0.031686,-1.38502,0.042632,0.034055,-0.019149,0.457927,0.187347,0.869024,-0.542679,0.833181,0.106341,-0.704132,-0.520298,0.483206,-0.007898,0.003555,0.006178,0.448624,0.034603,0.215506,-1.019221,0.093055,0.021406,-0.051796,0.909745,0.352932,-0.218638,-0.287597,0.915538,0.281207,0.299418,-0.192947,0.934408,0.008,0.000137,-0.000133,0.236189,0.471126,0.206024,-1.030219
604,0.182045,-0.056147,0.305166,-0.923079,-0.326453,-0.203467,0.261494,-0.920498,0.290302,-0.280912,0.215167,0.935318,0.031987,0.000587,-0.000464,0.006833,-0.017604,0.065186,-1.078424,-0.169154,-0.040293,0.274288,-0.40753,-0.207931,0.8892,0.584317,-0.807623,0.079073,0.70218,0.552059,0.449486,-0.031604,0.008535,0.016148,0.054382,0.041789,-0.199995,-1.381068,0.042187,0.034221,-0.018863,0.469261,0.184562,0.863557,-0.53655,0.836291,0.112829,-0.701361,-0.516288,0.491465,-0.015811,0.004344,0.0082,0.048703,0.066708,-0.19722,-1.021181,0.093601,0.021445,-0.05181,0.909849,0.354606,-0.215471,-0.289974,0.91482,0.281101,0.296797,-0.193278,0.935175,0.015993,0.000313,-0.000223,-0.007503,-0.0412,0.068891,-1.031199
605,0.18305,-0.056059,0.305068,-0.923741,-0.32813,-0.197684,0.263973,-0.919237,0.292052,-0.276399,0.217999,0.936006,0.015983,5.6e-05,-0.000568,0.013609,0.032707,0.050035,-1.080684,-0.170037,-0.039966,0.274943,-0.426108,-0.211531,0.87959,0.584096,-0.806741,0.089078,0.691266,0.551986,0.466183,-0.01563,0.010001,0.016366,-0.106975,-0.822607,0.181923,-1.379489,0.041745,0.034386,-0.018533,0.486912,0.186171,0.853379,-0.535776,0.835283,0.123474,-0.689826,-0.517341,0.506455,-0.007827,0.005034,0.008249,-0.072878,-0.988557,0.16,-1.019548,0.094109,0.021489,-0.051858,0.910501,0.356432,-0.209623,-0.292466,0.913473,0.282893,0.292318,-0.196267,0.935964,0.015805,0.005388,-0.004983,0.026139,-0.010515,0.104149,-1.031526
606,0.183551,-0.055991,0.305,-0.924859,-0.325782,-0.19633,0.262414,-0.92018,0.290479,-0.274141,0.217532,0.936778,0.015621,0.010789,-0.009285,0.182744,0.332913,0.233486,-1.081059,-0.170473,-0.039785,0.275274,-0.431415,-0.216123,0.875879,0.585051,-0.806011,0.089416,0.687157,0.55128,0.473042,-0.031498,0.008972,0.016576,0.06744,-0.004255,-0.52067,-1.379187,0.041528,0.034478,-0.018365,0.492775,0.191624,0.848794,-0.536753,0.8347,0.123174,-0.684886,-0.51629,0.514173,-0.01576,0.004538,0.00838,0.065209,0.01916,-0.52456,-1.020854,0.094366,0.021523,-0.051893,0.911085,0.355004,-0.209513,-0.291341,0.914115,0.28198,0.291623,-0.195868,0.936264,0.007812,0.005389,-0.004668,0.265624,0.458839,0.224937,-1.032342
607,0.184542,-0.055864,0.304851,-0.924315,-0.328665,-0.194078,0.265672,-0.919106,0.290918,-0.272842,0.217742,0.937108,0.031591,0.010982,-0.009733,0.126766,0.17982,0.191937,-1.086352,-0.171318,-0.039476,0.27589,-0.442693,-0.225369,0.867884,0.587718,-0.803872,0.091171,0.677649,0.550715,0.487206,-0.015597,0.008789,0.014447,0.031995,-0.049149,-0.215632,-1.379948,0.041111,0.034631,-0.01806,0.504183,0.20045,0.840011,-0.539414,0.832702,0.125056,-0.674411,-0.516165,0.52796,-0.015754,0.003661,0.007049,0.003208,-0.026802,-0.232007,-1.019874,0.094849,0.021582,-0.051965,0.910654,0.357671,-0.20683,-0.294496,0.913021,0.282247,0.289792,-0.196119,0.93678,0.007992,8.8e-05,-0.000243,0.147905,0.409195,-0.016799,-1.034628
608,0.18546,-0.055677,0.304713,-0.924839,-0.328318,-0.192157,0.264619,-0.918149,0.294875,-0.27209,0.222267,0.936264,0.031964,0.000605,-0.000605,0.001984,-0.02938,0.059129,-1.093228,-0.171952,-0.039278,0.276539,-0.462342,-0.229503,0.856481,0.589863,-0.800739,0.103985,0.662506,0.553571,0.504488,-0.015579,0.008349,0.013726,-0.930989,-1.622146,1.538779,-1.380755,0.040788,0.034733,-0.017731,0.522444,0.203554,0.82802,-0.54116,0.8296,0.137505,-0.658936,-0.51993,0.543575,-0.007803,0.004167,0.006863,-0.9228,-1.604879,1.523372,-1.021997,0.095308,0.021679,-0.052037,0.911592,0.356683,-0.204388,-0.292898,0.9124,0.285894,0.288458,-0.200754,0.936209,0.007803,0.005544,-0.004483,0.040203,-0.030729,0.049878,-1.036261
609,0.185888,-0.055573,0.304643,-0.924032,-0.331265,-0.19098,0.268307,-0.917613,0.293204,-0.271223,0.220095,0.937029,0.015591,0.011043,-0.009009,0.04657,-0.003744,0.057056,-1.095534,-0.17214,-0.039224,0.276892,-0.468268,-0.23127,0.852778,0.591309,-0.799125,0.108108,0.657035,0.555169,0.509858,0.000262,0.008606,0.012355,-0.004157,0.062911,-0.154253,-1.380907,0.040699,0.034758,-0.017566,0.529238,0.205023,0.82333,-0.542215,0.828097,0.142326,-0.652617,-0.521747,0.549426,0.00013,0.004621,0.006647,-0.041241,0.054403,-0.072613,-1.02314,0.095528,0.021728,-0.052068,0.910726,0.359645,-0.203057,-0.296693,0.911727,0.284121,0.287316,-0.19851,0.937039,0.007993,0.000205,-0.000105,-0.001018,-0.016771,0.03381,-1.036098
610,0.186626,-0.055408,0.304517,-0.925374,-0.328944,-0.188476,0.266443,-0.917996,0.293706,-0.268481,0.221973,0.937375,0.015578,0.01099,-0.009096,0.038512,-0.020662,0.051485,-1.100942,-0.172339,-0.039262,0.277658,-0.475884,-0.23793,0.846708,0.593338,-0.797424,0.109535,0.649696,0.554808,0.519563,0.001133,-0.002352,0.020712,0.014609,-0.136396,-0.080202,-1.383142,0.040594,0.034741,-0.017179,0.536354,0.211064,0.817176,-0.544352,0.826434,0.14383,-0.644984,-0.521975,0.558154,-0.007357,-0.001336,0.010975,0.026661,-0.157519,-0.106561,-1.028202,0.095897,0.021811,-0.052131,0.912172,0.357346,-0.20061,-0.294753,0.912193,0.284648,0.284713,-0.200517,0.937406,0.00799,0.000165,-0.000161,-0.00719,-0.027751,0.033829,-1.034955
611,0.187223,-0.055302,0.30449,-0.924727,-0.332256,-0.185825,0.270118,-0.916663,0.294512,-0.26704,0.222556,0.937649,1.9e-05,0.001015,0.001331,0.006495,0.016336,0.008451,-1.109168,-0.172242,-0.039459,0.278509,-0.488084,-0.244856,0.837742,0.592787,-0.797431,0.112432,0.641099,0.551785,0.533281,0.001124,-0.002533,0.020398,0.108541,-0.394921,-0.2146,-1.384435,0.040642,0.034643,-0.016754,0.548017,0.216205,0.808042,-0.543508,0.826341,0.147507,-0.635827,-0.520014,0.570358,0.000532,-0.001734,0.009535,0.224656,-0.688565,-0.198387,-1.029671,0.096202,0.021866,-0.05215,0.91144,0.360689,-0.197937,-0.298419,0.910744,0.285465,0.283234,-0.201116,0.937725,0.007999,0.000778,0.000639,-0.002431,-0.021744,0.043988,-1.036098
612,0.187679,-0.055258,0.304527,-0.925884,-0.329636,-0.184728,0.268178,-0.917681,0.293111,-0.264988,0.222251,0.938303,0.015985,0.001157,0.000765,0.001907,-0.012387,0.030758,-1.122315,-0.17212,-0.039698,0.279349,-0.498651,-0.254809,0.8285,0.592644,-0.797668,0.111507,0.633056,0.546927,0.5477,0.001981,-0.013726,0.028423,0.067281,-0.439505,-0.031078,-1.387665,0.040703,0.034526,-0.016339,0.55863,0.226508,0.797888,-0.543491,0.826647,0.145844,-0.626538,-0.515118,0.584895,0.000533,-0.001689,0.009574,0.140822,-0.438368,-0.274914,-1.030488,0.096424,0.021889,-0.052131,0.912683,0.35809,-0.196927,-0.296461,0.911822,0.284059,0.281281,-0.200874,0.938365,1e-05,0.000544,0.000703,-0.007439,-0.011304,0.002055,-1.037894
613,0.18786,-0.055249,0.304564,-0.926936,-0.327601,-0.183066,0.266887,-0.918437,0.291921,-0.262614,0.222136,0.938998,0.015985,0.00125,0.000882,0.075043,0.172412,0.126383,-1.13179,-0.172057,-0.039855,0.279785,-0.501999,-0.261606,0.824349,0.592965,-0.797909,0.108018,0.630102,0.543363,0.554609,0.001084,-0.003697,0.018676,0.164413,-0.596102,-0.141796,-1.388678,0.040735,0.034446,-0.016113,0.561775,0.23212,0.794058,-0.543944,0.826824,0.143127,-0.623324,-0.512328,0.590749,0.000527,-0.001809,0.009392,0.142339,-0.501931,-0.325664,-1.032121,0.096514,0.021893,-0.052112,0.913485,0.356712,-0.195705,-0.295626,0.912385,0.283119,0.279551,-0.200769,0.938904,1e-05,0.000596,0.000775,0.119532,0.272455,0.111059,-1.03871
614,0.188208,-0.055238,0.304596,-0.928038,-0.325208,-0.18174,0.265184,-0.919336,0.29064,-0.260443,0.221929,0.939651,1e-06,9.1e-05,0.00012,0.003975,0.010074,0.005212,-1.15314,-0.172052,-0.0402,0.280576,-0.513359,-0.270968,0.814267,0.592391,-0.798344,0.107948,0.621434,0.538121,0.569305,-0.014761,-0.005334,0.018012,0.051181,-0.287503,0.020231,-1.388875,0.040744,0.034274,-0.015719,0.57349,0.242627,0.782457,-0.543538,0.827312,0.141842,-0.612922,-0.506641,0.606333,0.000512,-0.002405,0.008536,0.051824,-0.30489,0.038781,-1.040775,0.096688,0.0219,-0.052094,0.915034,0.35377,-0.193802,-0.293581,0.913553,0.281478,0.276627,-0.200665,0.939792,-1e-06,2.5e-05,2.8e-05,-0.009916,-0.010549,0.009606,-1.040017
615,0.188568,-0.055228,0.304608,-0.930096,-0.321187,-0.178341,0.262663,-0.920821,0.288218,-0.255633,0.221621,0.941044,0.01597,0.000426,-0.000214,0.055002,0.122517,0.100559,-1.184556,-0.172052,-0.040462,0.281319,-0.52844,-0.278795,0.801883,0.590422,-0.799339,0.111321,0.610579,0.532627,0.585974,0.001061,-0.004385,0.017638,0.061855,-0.320074,0.038566,-1.389515,0.040737,0.034142,-0.015348,0.58814,0.249558,0.769292,-0.541343,0.828167,0.145211,-0.600864,-0.501856,0.622175,0.000518,-0.002195,0.008815,0.073491,-0.343376,0.014858,-1.042898,0.096874,0.021904,-0.05209,0.917114,0.350147,-0.190519,-0.291361,0.914996,0.279088,0.272047,-0.200445,0.941175,0.007984,0.000197,-0.000134,0.053722,0.121688,0.102898,-1.040833
616,0.188772,-0.055238,0.304602,-0.931131,-0.31907,-0.176736,0.261272,-0.921597,0.286997,-0.253292,0.221446,0.941718,-3e-06,-0.000245,-0.000322,0.166608,0.42399,0.219372,-1.197081,-0.172103,-0.040545,0.281674,-0.535758,-0.28387,0.795218,0.589179,-0.800241,0.111426,0.605384,0.528581,0.594958,0.001066,-0.004218,0.017854,0.117665,-0.492655,-0.048945,-1.390323,0.040712,0.0341,-0.015171,0.595122,0.253491,0.762608,-0.53994,0.828978,0.145805,-0.595225,-0.498535,0.630213,0.00052,-0.00209,0.008953,0.171202,-0.672395,-0.100423,-1.042572,0.096976,0.0219,-0.052092,0.917481,0.349169,-0.190546,-0.290459,0.915367,0.278812,0.271772,-0.200458,0.941252,0.007983,-2.4e-05,-0.000425,0.188189,0.469513,0.287881,-1.042139
617,0.189299,-0.055236,0.304596,-0.930316,-0.322176,-0.175388,0.265007,-0.920932,0.285706,-0.252409,0.219713,0.942361,0.015968,0.000319,-0.000373,0.294649,-0.481052,-1.529038,-1.226007,-0.172287,-0.040718,0.2824,-0.549134,-0.291247,0.783337,0.585712,-0.802659,0.112311,0.596708,0.520851,0.610341,0.001075,-0.003934,0.018215,0.111846,-0.503951,0.156384,-1.391613,0.04062,0.034013,-0.014808,0.60809,0.260672,0.74985,-0.536465,0.831179,0.1461,-0.585176,-0.491111,0.645274,-0.007375,-0.002232,0.009572,0.143164,-0.471847,-0.097486,-1.039469,0.097234,0.0219,-0.052096,0.918111,0.349202,-0.187428,-0.291812,0.915634,0.27651,0.268174,-0.199174,0.942556,0.008083,4.9e-05,-0.000155,0.953181,-1.598432,-5.173646,-1.043609
618,0.189946,-0.055238,0.304593,-0.932421,-0.317662,-0.172419,0.261887,-0.922594,0.283211,-0.247877,0.219307,0.943657,0.015969,0.000338,-0.000364,0.00569,-0.002647,0.035797,-1.258983,-0.17259,-0.040876,0.283121,-0.566753,-0.301975,0.766547,0.581508,-0.805654,0.112712,0.584223,0.510014,0.631215,0.001082,-0.003733,0.018457,0.202983,-0.703514,0.027973,-1.392885,0.040474,0.033935,-0.014456,0.624766,0.269475,0.732836,-0.532031,0.833876,0.146945,-0.571497,-0.481699,0.664347,-0.007366,-0.002024,0.009838,0.233143,-0.710155,-0.264962,-1.030978,0.097557,0.021899,-0.052097,0.919774,0.34643,-0.184395,-0.290404,0.916847,0.273962,0.263971,-0.198435,0.943897,0.007983,0.000169,-0.000194,-0.010501,-0.02863,0.039202,-1.044752
619,0.190655,-0.055268,0.304602,-0.934485,-0.313209,-0.169365,0.258806,-0.924191,0.280825,-0.243318,0.218977,0.944919,0.015969,0.000279,-0.000457,0.015444,0.022532,0.048819,-1.286531,-0.173026,-0.041,0.283832,-0.582701,-0.318536,0.747653,0.586158,-0.801903,0.11534,0.563515,0.505853,0.653013,-0.014702,-0.004343,0.019204,0.159053,-0.985686,0.064854,-1.394289,0.040251,0.033871,-0.014085,0.640898,0.285237,0.712663,-0.536466,0.830474,0.150055,-0.549047,-0.47849,0.685269,-0.007365,-0.002166,0.009616,0.095348,-0.91097,0.117615,-1.029508,0.097918,0.021884,-0.052093,0.922005,0.34211,-0.181289,-0.28743,0.918514,0.271505,0.259401,-0.198221,0.945208,0.007985,0.000141,-0.00024,-0.002657,-0.007223,0.051964,-1.044752
620,0.191015,-0.055289,0.304607,-0.935385,-0.3105,-0.169384,0.257063,-0.925779,0.277174,-0.24171,0.216102,0.945993,0.01597,0.000343,-0.000383,0.055361,0.120378,0.100488,-1.299002,-0.173326,-0.04105,0.284202,-0.589895,-0.325551,0.73894,0.587925,-0.800386,0.116874,0.554107,0.503796,0.662584,-0.014681,-0.003876,0.019821,0.180971,-0.615816,0.045696,-1.395571,0.040101,0.033845,-0.013901,0.648143,0.292889,0.70294,-0.538372,0.829075,0.150958,-0.538577,-0.476286,0.695043,-0.007354,-0.001911,0.009955,0.208197,-0.649112,0.023538,-1.026896,0.098098,0.021873,-0.052091,0.922842,0.339705,-0.181553,-0.285965,0.920029,0.267899,0.258041,-0.195311,0.946185,0.007984,0.000182,-0.000189,0.051308,0.127179,0.099531,-1.044915
621,0.191773,-0.055351,0.304656,-0.937409,-0.30602,-0.166318,0.253893,-0.927323,0.274923,-0.237195,0.215863,0.94719,0.015971,0.000392,-0.000337,0.063739,0.148046,0.113682,-1.340658,-0.173996,-0.041143,0.284995,-0.613287,-0.33997,0.712945,0.593416,-0.793953,0.132027,0.521909,0.504472,0.687737,-0.014653,-0.003495,0.02028,-0.07416,-0.710209,0.148674,-1.397479,0.039771,0.033801,-0.013511,0.670428,0.306216,0.675838,-0.543363,0.822886,0.166171,-0.505254,-0.478632,0.718073,-0.007335,-0.001604,0.010351,-0.574914,-1.366319,0.423532,-1.020691,0.098471,0.021842,-0.052066,0.92497,0.335501,-0.178515,-0.282987,0.921579,0.265724,0.253667,-0.195269,0.947376,0.007985,0.000202,-0.000174,0.086254,0.197124,0.12851,-1.052263
622,0.192461,-0.055459,0.304733,-0.939372,-0.301721,-0.163066,0.250887,-0.92875,0.272859,-0.232605,0.215774,0.948348,0.015973,0.000412,-0.000327,0.024762,0.047198,0.061526,-1.379485,-0.174838,-0.041164,0.285688,-0.633533,-0.349132,0.690459,0.592653,-0.792588,0.143183,0.498035,0.500354,0.708145,-0.014652,-0.003978,0.019547,0.048298,-0.380724,0.169357,-1.398849,0.03935,0.033791,-0.013163,0.689861,0.315006,0.651814,-0.542255,0.821367,0.176959,-0.479636,-0.475527,0.737443,-0.015632,0.00336,0.006193,0.019354,-0.491939,0.243288,-1.006647,0.098815,0.021788,-0.052027,0.927308,0.330946,-0.174851,-0.279818,0.923212,0.263403,0.248597,-0.195329,0.948707,0.007986,0.000213,-0.000168,0.011071,0.028352,0.070995,-1.055203
623,0.192787,-0.055509,0.304786,-0.941233,-0.297848,-0.159412,0.248396,-0.93004,0.270735,-0.227726,0.215592,0.949573,0.015975,0.001489,0.001077,0.176502,0.427424,0.290189,-1.403358,-0.175357,-0.041141,0.286002,-0.641603,-0.355335,0.679761,0.592595,-0.792232,0.145372,0.487659,0.496542,0.717982,-0.031228,0.006368,0.011831,0.154319,-0.522428,0.327574,-1.399671,0.039097,0.033799,-0.013003,0.697479,0.320747,0.640815,-0.542169,0.820937,0.179206,-0.468589,-0.472422,0.746485,-0.015217,-0.002357,0.010048,0.121996,-0.433581,0.115303,-1.001912,0.098978,0.021761,-0.052005,0.928544,0.328523,-0.17285,-0.278132,0.924066,0.26219,0.24586,-0.195379,0.949409,0.007986,0.000213,-0.000168,0.185716,0.486346,0.309687,-1.055366
624,0.193369,-0.055648,0.304913,-0.942991,-0.293285,-0.157471,0.245362,-0.932104,0.266367,-0.223726,0.212903,0.951129,0.016453,-0.010176,0.008542,0.051761,0.22166,0.126429,-1.454354,-0.176502,-0.041062,0.286383,-0.65276,-0.36717,0.662633,0.593984,-0.790875,0.147078,0.470858,0.490064,0.73348,-0.031338,0.002856,0.006951,0.106419,-0.34434,0.206057,-1.401807,0.038524,0.033843,-0.012807,0.708291,0.332219,0.622859,-0.543512,0.819684,0.180861,-0.450463,-0.466634,0.76114,-0.015694,0.001021,0.002939,0.090385,-0.314687,0.18084,-1.003055,0.099269,0.021698,-0.05194,0.930958,0.323213,-0.169847,-0.27475,0.926494,0.257138,0.240473,-0.192719,0.951331,0.007985,0.000227,-0.000155,0.133538,0.307672,0.162738,-1.057325
625,0.193855,-0.055778,0.305022,-0.9447,-0.288873,-0.155369,0.242489,-0.934097,0.261981,-0.219633,0.210172,0.952689,-0.0,0.0,0.0,0.163533,0.429037,0.220936,-1.494887,-0.17761,-0.040981,0.286567,-0.665908,-0.373888,0.645575,0.591836,-0.791508,0.152248,0.454872,0.48393,0.747507,-0.015663,0.001338,0.003321,0.165282,-0.397675,-0.038016,-1.403303,0.037965,0.033884,-0.012714,0.720737,0.337115,0.605715,-0.540752,0.820136,0.186985,-0.433733,-0.462308,0.773399,-0.01571,0.000435,0.00211,0.257597,-0.678156,0.082982,-1.003545,0.099518,0.021629,-0.051883,0.932514,0.319387,-0.168545,-0.272196,0.928336,0.253179,0.237329,-0.190216,0.952623,-2e-06,-2e-06,-1.2e-05,0.253899,0.588244,0.206303,-1.057489
626,0.194232,-0.055882,0.305155,-0.944783,-0.288343,-0.155848,0.241789,-0.934193,0.262286,-0.220044,0.210475,0.952527,0.015977,0.001446,0.000986,0.001019,-0.014623,0.0296,-1.535966,-0.17861,-0.040961,0.286707,-0.671415,-0.379885,0.636303,0.595794,-0.787227,0.158861,0.441391,0.486246,0.754057,-0.015665,0.001156,0.003046,0.015474,-0.096768,0.134617,-1.404039,0.037458,0.033892,-0.012646,0.726106,0.343763,0.595479,-0.544729,0.816074,0.193114,-0.41957,-0.464596,0.779814,-0.007837,0.00056,0.001517,0.000478,-0.067583,0.143846,-1.003872,0.0997,0.021575,-0.051819,0.933214,0.317733,-0.167796,-0.270784,0.928843,0.252834,0.23619,-0.190511,0.952847,-5e-06,0.000646,0.000837,-0.001672,-0.004281,-0.002142,-1.061408
