frame,MLTx,MLTy,MLTz,MLTR1,MLTR2,MLTR3,MLTR4,MLTR5,MLTR6,MLTR7,MLTR8,MLTR9,MLTTVx,MLTTVy,MLTTVz,MLTRVx,MLTRVy,MLTRVz,MLGA,MRTx,MRTy,MRTz,MRTR1,MRTR2,MRTR3,MRTR4,MRTR5,MRTR6,MRTR7,MRTR8,MRTR9,MRTTVx,MRTTVy,MRTTVz,MRTRVx,MRTRVy,MRTRVz,MRGA,SLTx,SLTy,SLTz,SLTR1,SLTR2,SLTR3,SLTR4,SLTR5,SLTR6,SLTR7,SLTR8,SLTR9,SLTTVx,SLTTVy,SLTTVz,SLTRVx,SLTRVy,SLTRVz,SLGA,SRTx,SRTy,SRTz,SRTR1,SRTR2,SRTR3,SRTR4,SRTR5,SRTR6,SRTR7,SRTR8,SRTR9,SRTTVx,SRTTVy,SRTTVz,SRTRVx,SRTRVy,SRTRVz,SRGA
203,0.062135,0.017178,0.39184,-0.059675,-0.001498,-0.998239,0.162175,-0.986713,-0.008267,-0.984892,-0.162388,0.060367,0.000305,0.000772,0.000503,0.014184,0.053566,0.025135,-0.0716,-0.116587,0.049306,0.34196,0.396707,0.063245,0.915759,-0.459144,0.877473,0.138426,-0.795268,-0.47546,0.375965,-0.001821,0.011286,-0.007708,-0.419432,-0.07577,-0.167137,-0.300325,0.031617,0.042423,-0.013839,-0.229817,-0.18972,0.954562,0.486341,-0.871958,-0.056213,0.843004,0.451325,0.29266,-0.000809,0.005536,-0.003973,-5.026019,-0.756756,-2.057384,-0.458155,0.068591,0.031216,-0.047334,-0.075954,0.038849,-0.996354,0.223446,-0.973164,-0.054978,-0.971752,-0.226807,0.065235,0.000221,0.00056,0.000366,0.020886,0.054676,0.025074,-0.336234
204,0.062077,0.017248,0.391874,-0.062449,-0.000766,-0.99807,0.162806,-0.986598,-0.009482,-0.984612,-0.163091,0.06298,0.000274,0.000694,0.000452,0.001462,0.005518,0.00259,0.101289,-0.116744,0.049462,0.341847,0.393239,0.081927,0.915774,-0.499769,0.855018,0.138238,-0.772142,-0.512139,0.375997,-0.012284,-0.002012,-0.000168,-1.520459,-0.214002,-0.652673,-0.329606,0.031542,0.042506,-0.013898,-0.226229,-0.208099,0.951585,0.526055,-0.848298,-0.060448,0.819808,0.486911,0.301381,-0.00084,0.005672,-0.003864,-5.022042,-0.754705,-2.05616,-0.482811,0.068558,0.031254,-0.047316,-0.078752,0.039357,-0.996116,0.224154,-0.972934,-0.056163,-0.971366,-0.227706,0.067798,0.00013,0.000334,0.000218,0.001582,-0.017121,-0.008619,-0.173924
205,0.062038,0.017275,0.391903,-0.066103,-0.002495,-0.997832,0.157533,-0.987467,-0.00802,-0.985227,-0.157726,0.06691,0.000307,0.000776,0.000506,0.004148,0.020179,0.002067,0.196309,-0.116834,0.049551,0.341777,0.391702,0.08888,0.915785,-0.514635,0.846171,0.138123,-0.763097,-0.525509,0.376013,-0.014095,0.009251,-0.007888,0.030657,0.007747,-0.010781,-0.33631,0.031497,0.042547,-0.01393,-0.224468,-0.215642,0.950322,0.542077,-0.838028,-0.062121,0.809793,0.501204,0.305005,-7e-06,4e-06,7e-06,-0.010334,0.004178,-0.001908,-0.493915,0.068538,0.031266,-0.047302,-0.082422,0.037361,-0.995896,0.218947,-0.974203,-0.054668,-0.972249,-0.222555,0.072115,0.000182,0.000459,0.000303,0.004893,-0.005817,-0.022276,-0.062723
206,0.061972,0.017348,0.391949,-0.077443,-0.020031,-0.996818,0.158694,-0.987285,0.007458,-0.9842,-0.157594,0.080878,0.000503,0.001273,0.000829,0.026868,0.154151,-0.010534,0.343571,-0.117092,0.049743,0.341619,0.388605,0.100521,0.9159,-0.539039,0.830918,0.137639,-0.747661,-0.547318,0.37591,-0.014088,0.009262,-0.007877,0.034252,0.008257,-0.009326,-0.350476,0.031369,0.042643,-0.01401,-0.221244,-0.227053,0.948418,0.565807,-0.821987,-0.064796,0.7943,0.522286,0.310327,-0.007048,0.004635,-0.003929,0.03614,0.01173,-0.007402,-0.509591,0.068505,0.031301,-0.047279,-0.092202,0.019106,-0.995557,0.220229,-0.974664,-0.039101,-0.97108,-0.222856,0.085658,0.000372,0.00094,0.000614,-0.010467,0.497088,-0.543429,0.15674
207,0.061999,0.017395,0.391968,-0.09009,-0.041774,-0.99508,0.15979,-0.98677,0.026905,-0.982929,-0.156536,0.096812,0.012779,-0.002916,-0.001775,0.093424,0.397873,0.14043,0.434954,-0.117393,0.049974,0.34142,0.385266,0.112002,0.915979,-0.562827,0.815069,0.137191,-0.731675,-0.568531,0.375882,3.2e-05,-0.000173,-0.000119,-1.518986,-0.227506,-0.623332,-0.365749,0.031213,0.042761,-0.014112,-0.218001,-0.237642,0.946573,0.587488,-0.806441,-0.067159,0.779316,0.54146,0.315417,-0.006929,0.00442,-0.004093,-5.025622,-0.735349,-2.086472,-0.524451,0.068515,0.031328,-0.047267,-0.101889,-0.004036,-0.994787,0.221403,-0.975002,-0.018722,-0.969844,-0.222156,0.100235,0.000128,0.00034,0.000223,0.11412,0.671508,0.264645,0.32346
208,0.062101,0.017483,0.39199,-0.103505,-0.064044,-0.992588,0.15495,-0.986768,0.047457,-0.982367,-0.148818,0.113295,0.001252,0.003172,0.002063,0.059906,0.169652,0.248377,0.489411,-0.117694,0.050204,0.341222,0.378088,0.126348,0.917102,-0.591311,0.795131,0.134358,-0.712686,-0.593247,0.374165,1e-06,-4e-06,-3e-06,-0.040933,-0.005638,-0.017207,-0.383982,0.031062,0.042876,-0.014211,-0.210315,-0.252447,0.944477,0.616193,-0.784258,-0.07241,0.758994,0.566752,0.320498,-4e-06,1.6e-05,1.8e-05,-0.041187,-0.004112,-0.010147,-0.541433,0.068568,0.031366,-0.047261,-0.115018,-0.027129,-0.992992,0.217075,-0.976153,0.001525,-0.969354,-0.215379,0.118164,0.000425,0.001089,0.000707,0.068897,0.286692,0.306123,0.428619
209,0.062154,0.017554,0.392,-0.110504,-0.076744,-0.990931,0.155444,-0.986068,0.05898,-0.981518,-0.14743,0.122128,0.001415,0.003586,0.002331,0.008925,0.103059,0.023916,0.507843,-0.117874,0.05033,0.341127,0.375393,0.13316,0.917246,-0.60518,0.784707,0.133883,-0.702384,-0.605521,0.373984,-0.001831,0.011448,-0.007575,0.02409,-0.008829,0.01488,-0.397158,0.030972,0.042939,-0.014258,-0.207597,-0.259105,0.943275,0.629641,-0.773367,-0.073862,0.748635,0.578591,0.323691,-0.000919,0.00573,-0.003777,0.025889,-0.003757,0.017791,-0.55172,0.068595,0.031401,-0.047256,-0.122042,-0.039937,-0.99172,0.217854,-0.975901,0.012491,-0.96832,-0.214526,0.1278,0.006789,-0.000423,-0.000216,-0.037343,0.284841,-0.376527,0.462583
210,0.062371,0.017664,0.392049,-0.123026,-0.101539,-0.987218,0.144104,-0.986027,0.083404,-0.981742,-0.131883,0.137169,0.001491,0.003786,0.002457,-0.006195,-0.05042,0.134263,0.517789,-0.118296,0.050549,0.340922,0.364958,0.145598,0.919564,-0.628677,0.766984,0.128196,-0.687055,-0.625073,0.370273,-0.014053,0.009275,-0.007857,-5.047625,-0.700351,-2.055694,-0.419138,0.030767,0.043045,-0.014358,-0.197602,-0.269212,0.942591,0.647115,-0.758092,-0.080859,0.736339,0.593987,0.324012,-0.007026,0.004637,-0.003922,0.035044,0.008276,-0.004682,-0.575397,0.068704,0.031458,-0.04723,-0.132882,-0.0658,-0.988944,0.206967,-0.977638,0.037238,-0.969281,-0.199731,0.143529,0.006554,-0.004544,0.005075,-0.098763,0.20113,-0.420894,0.504059
211,0.062613,0.017744,0.392114,-0.124178,-0.101963,-0.98703,0.137428,-0.986878,0.084604,-0.982553,-0.12502,0.13779,0.001378,0.003505,0.002272,0.007289,-0.139212,0.291694,0.518542,-0.118741,0.050797,0.340715,0.361466,0.152289,0.91986,-0.641879,0.756143,0.127171,-0.676603,-0.636593,0.369892,-0.014095,0.009583,-0.007642,-0.102881,-0.010901,-0.064595,-0.434788,0.030544,0.043169,-0.014462,-0.193239,-0.277813,0.940998,0.664098,-0.743024,-0.082989,0.72224,0.608879,0.328076,-0.007056,0.004831,-0.003786,-0.426227,-0.061982,-0.196211,-0.594992,0.068825,0.031499,-0.047197,-0.13371,-0.066329,-0.988798,0.200344,-0.978965,0.038577,-0.970558,-0.192942,0.144186,0.000802,0.002042,0.001323,-0.008306,-0.071675,0.151657,0.51255
212,0.062713,0.017786,0.392142,-0.124089,-0.101515,-0.987088,0.137088,-0.986958,0.084215,-0.982612,-0.124749,0.137617,0.001349,0.003435,0.002225,0.014732,-0.184481,0.384362,0.519263,-0.119006,0.050928,0.340598,0.358735,0.153988,0.920645,-0.650648,0.748387,0.128478,-0.669637,-0.645294,0.367485,-0.014046,0.009358,-0.007795,-0.009606,0.008958,-0.02109,-0.440034,0.030416,0.043232,-0.014517,-0.190369,-0.279237,0.941161,0.672878,-0.735191,-0.082024,0.714838,0.617672,0.32785,-0.006117,-0.001035,-0.000102,-0.462466,-0.06824,-0.226238,-0.60136,0.068875,0.03152,-0.047183,-0.133647,-0.065908,-0.988834,0.200005,-0.979048,0.038224,-0.970636,-0.192664,0.144029,0.000454,0.00116,0.000751,0.007824,-0.090796,0.188428,0.513693
213,0.062863,0.017798,0.392151,-0.12288,-0.095254,-0.987863,0.130785,-0.988246,0.078969,-0.983624,-0.119383,0.135124,0.000266,0.000678,0.000439,-0.000107,9e-06,1.5e-05,0.519548,-0.119535,0.051292,0.340327,0.351493,0.163,0.921886,-0.667996,0.733526,0.12512,-0.656245,-0.659994,0.365531,-0.014209,0.010363,-0.0071,-0.119022,0.100622,-0.228038,-0.456988,0.030147,0.043415,-0.014657,-0.183063,-0.288292,0.93988,0.689129,-0.719462,-0.086459,0.701133,0.631871,0.330377,-0.007129,0.005335,-0.003435,-0.428088,-0.062504,-0.191994,-0.615403,0.068952,0.031531,-0.047176,-0.132747,-0.059147,-0.989382,0.193657,-0.980525,0.032634,-0.972046,-0.187269,0.141616,0.000126,0.000324,0.00021,-0.000295,-0.000301,5.6e-05,0.515163
214,0.063063,0.017781,0.39213,-0.125511,-0.100619,-0.987,0.125158,-0.988492,0.084802,-0.98402,-0.11277,0.137889,0.012651,-0.00317,-0.001946,-0.000952,-0.004886,0.00954,0.519246,-0.120123,0.051798,0.340018,0.344737,0.166959,0.923728,-0.680537,0.722173,0.123572,-0.646863,-0.671434,0.361398,-0.014451,0.011854,-0.00607,-0.099741,0.320622,0.251523,-0.472856,0.029858,0.043662,-0.01481,-0.176208,-0.294504,0.939264,0.700895,-0.707518,-0.090351,0.691155,0.642405,0.331087,-0.007139,0.005438,-0.003362,-0.153906,0.463351,0.322362,-0.633365,0.069046,0.031519,-0.047183,-0.135007,-0.064592,-0.988736,0.1881,-0.981397,0.038428,-0.972826,-0.180794,0.144645,0.006333,-0.001563,-0.000957,-0.02252,0.102776,-0.210512,0.515979
215,0.063453,0.017782,0.392096,-0.128806,-0.107705,-0.985827,0.119595,-0.988507,0.092318,-0.984282,-0.105883,0.141435,0.01383,-0.000138,1.3e-05,-0.011435,-0.025055,0.055616,0.519437,-0.120806,0.05225,0.339694,0.337218,0.173714,0.925256,-0.693226,0.710725,0.11934,-0.637266,-0.681866,0.358907,-0.014069,0.00984,-0.007448,-0.007047,0.002571,-0.025553,-0.479072,0.029511,0.043897,-0.014971,-0.168146,-0.298849,0.939369,0.712758,-0.69514,-0.093567,0.680956,0.653811,0.329892,-0.013137,0.003909,-0.003812,-0.10524,0.002684,-0.093833,-0.644469,0.069239,0.031516,-0.047207,-0.137892,-0.072156,-0.987814,0.182717,-0.982077,0.046231,-0.973447,-0.174116,0.148605,0.006736,-0.000528,-0.000293,-0.042799,-0.01263,0.039008,0.515653
216,0.063774,0.017794,0.39207,-0.132199,-0.117482,-0.984259,0.119935,-0.987543,0.101711,-0.983787,-0.104463,0.145869,0.026586,-0.002998,-0.00174,-0.069347,0.334614,-0.682214,0.519351,-0.121201,0.05244,0.339526,0.334104,0.177913,0.925588,-0.70147,0.702775,0.118245,-0.629833,-0.688994,0.358415,-0.026201,0.007457,-0.007894,0.032266,0.02298,-0.038855,-0.481535,0.029318,0.043993,-0.015055,-0.164996,-0.302973,0.938607,0.720607,-0.686801,-0.095019,0.673424,0.660689,0.331644,-0.006987,0.004695,-0.003866,0.035967,0.01139,-0.008718,-0.648061,0.069395,0.031523,-0.047219,-0.140411,-0.081365,-0.986743,0.183106,-0.981559,0.054881,-0.973013,-0.172973,0.15272,0.007257,0.000678,0.000495,-0.231828,1.182819,-2.403763,0.515489
217,0.064693,0.017906,0.39204,-0.138391,-0.132336,-0.98152,0.114724,-0.986496,0.116777,-0.983549,-0.096286,0.152927,0.029526,0.011786,-0.008116,0.043372,-0.144307,0.273498,0.519179,-0.121973,0.052767,0.33915,0.327451,0.187954,0.925981,-0.721447,0.682515,0.116711,-0.610442,-0.706491,0.357903,-0.025809,0.005351,-0.009339,0.028647,0.022433,-0.04031,-0.484014,0.028932,0.044159,-0.015241,-0.158261,-0.312744,0.936559,0.739746,-0.665809,-0.09733,0.65401,0.677412,0.336723,-0.00676,0.003445,-0.004723,0.021586,0.026834,-0.037046,-0.65345,0.069852,0.03157,-0.047234,-0.145922,-0.097754,-0.984454,0.178109,-0.981441,0.071054,-0.97313,-0.164972,0.160624,0.014227,0.000974,0.000706,0.003075,-0.039981,0.080151,0.515163
218,0.065989,0.018197,0.392054,-0.147968,-0.152707,-0.977155,0.104166,-0.984912,0.138092,-0.983319,-0.08117,0.16286,0.030611,0.007815,0.005155,-0.068154,0.312701,-0.636191,0.519018,-0.122772,0.053095,0.338744,0.317669,0.197887,0.927318,-0.741156,0.661738,0.112807,-0.591689,-0.723362,0.355691,-0.013634,0.007605,-0.008971,-1.503053,-0.179426,-0.599409,-0.484943,0.028528,0.04432,-0.015446,-0.148595,-0.321854,0.935055,0.757054,-0.645366,-0.101832,0.636228,0.692757,0.339559,-0.012823,0.002539,-0.004709,-5.090148,-0.569493,-2.029269,-0.654756,0.070498,0.031714,-0.047234,-0.153863,-0.11792,-0.981029,0.167761,-0.981555,0.091672,-0.973745,-0.150474,0.170808,0.022163,0.007185,-0.003213,-0.197595,1.139684,-2.341189,0.515326
219,0.066753,0.018457,0.392057,-0.154078,-0.165992,-0.974039,0.099351,-0.983389,0.151815,-0.982871,-0.073181,0.169224,0.045248,0.01731,-0.004583,-0.198352,1.128873,-2.320714,0.51845,-0.123177,0.053292,0.338535,0.313572,0.203567,0.927483,-0.752455,0.648986,0.112079,-0.579473,-0.73328,0.355491,-0.02577,0.005331,-0.009352,-0.431234,-0.016664,-0.239409,-0.484426,0.02833,0.04442,-0.01555,-0.144283,-0.327762,0.933677,0.7687,-0.631289,-0.102822,0.623121,0.702883,0.343035,-0.006891,0.004307,-0.004122,-1.519955,-0.209799,-0.608236,-0.655246,0.070875,0.031841,-0.047229,-0.158522,-0.129806,-0.978785,0.16293,-0.981168,0.103734,-0.973819,-0.143029,0.176686,0.016426,0.010488,-0.001165,0.032545,0.010384,-0.050045,0.515326
220,0.068434,0.019174,0.392137,-0.167733,-0.195008,-0.966376,0.090629,-0.979136,0.181798,-0.981461,-0.056853,0.183112,0.047265,0.023341,-0.000872,-0.22347,1.304153,-2.671123,0.518365,-0.123912,0.053645,0.338105,0.291253,0.218022,0.931466,-0.783073,0.613559,0.101365,-0.549747,-0.759192,0.348236,-0.013488,0.006875,-0.009465,-5.132514,-0.438959,-2.100146,-0.489684,0.027963,0.044593,-0.015762,-0.122612,-0.340282,0.932295,0.793314,-0.598052,-0.113951,0.596336,0.725631,0.343279,-0.012748,0.001921,-0.005178,-0.008404,0.047528,-0.085827,-0.656716,0.071715,0.032197,-0.04719,-0.170097,-0.159646,-0.972409,0.154376,-0.978922,0.133711,-0.97326,-0.127372,0.191157,0.023889,0.012352,-2e-05,-0.01476,0.071637,-0.15309,0.515
221,0.070353,0.020077,0.392293,-0.178743,-0.223486,-0.958201,0.082656,-0.973828,0.211657,-0.980207,-0.041098,0.193732,0.048884,0.028607,0.002257,-5.275391,1.328399,0.715511,0.517599,-0.124392,0.053871,0.337612,0.266001,0.226924,0.936878,-0.799057,0.595476,0.082762,-0.539413,-0.770907,0.338524,-0.012636,0.001747,-0.012994,0.021344,0.150438,-0.213313,-0.512612,0.027716,0.044717,-0.016006,-0.09539,-0.350617,0.931647,0.809062,-0.572558,-0.132639,0.579928,0.741109,0.338287,-0.006309,0.000848,-0.006509,0.046071,0.076112,-0.075259,-0.674841,0.072674,0.032647,-0.047112,-0.178522,-0.192631,-0.964895,0.152464,-0.974219,0.166284,-0.972051,-0.117426,0.203289,0.024539,0.014561,0.001263,0.023066,0.156754,-0.339907,0.515489
222,0.072564,0.02107,0.392544,-0.191187,-0.246107,-0.950223,0.075357,-0.96888,0.235722,-0.978431,-0.02624,0.204968,0.061985,0.028388,0.001861,0.014649,0.231232,-0.504137,0.518128,-0.124551,0.053793,0.337021,0.25417,0.236961,0.937677,-0.810195,0.581568,0.072768,-0.52837,-0.778483,0.338603,0.000699,-0.003266,-0.017659,-1.514478,-0.116488,-0.604446,-0.513567,0.027631,0.044684,-0.016297,-0.083844,-0.36008,0.929145,0.817106,-0.55854,-0.142722,0.570356,0.747244,0.341054,0.000408,-0.001776,-0.008849,-5.153772,-0.261484,-2.031464,-0.683332,0.073758,0.033139,-0.046989,-0.190587,-0.214539,-0.95794,0.13939,-0.971853,0.189922,-0.971723,-0.09733,0.215127,0.03123,0.014826,0.001299,0.014914,0.217871,-0.47721,0.515653
223,0.073759,0.021521,0.392666,-0.196266,-0.25409,-0.947081,0.071411,-0.966982,0.244575,-0.977714,-0.019321,0.209112,0.062258,0.029845,0.002626,0.015813,0.21892,-0.478108,0.517123,-0.124517,0.053601,0.336715,0.248079,0.243734,0.937572,-0.813916,0.577229,0.065424,-0.52553,-0.77963,0.340378,0.001088,-0.005624,-0.019325,0.077075,-0.089756,-0.112241,-0.51311,0.027648,0.044587,-0.01645,-0.077318,-0.366977,0.92701,0.820479,-0.551658,-0.149954,0.566423,0.748999,0.34375,0.001435,-0.008677,-0.006019,0.047433,-0.083565,-0.12811,-0.684149,0.074373,0.033373,-0.046923,-0.195289,-0.223521,-0.954934,0.13555,-0.970488,0.199442,-0.971333,-0.090492,0.219824,0.03045,0.009449,0.005705,-0.01259,0.16302,-0.340773,0.515489
224,0.076516,0.022396,0.392873,-0.206724,-0.265041,-0.941841,0.05739,-0.964239,0.258691,-0.97647,-0.000251,0.215717,0.072857,0.016117,0.009426,-0.053944,0.160723,-0.301314,0.517136,-0.124243,0.053048,0.335988,0.232057,0.276429,0.932592,-0.83374,0.550303,0.044467,-0.501179,-0.788193,0.356979,0.015869,-0.020009,-0.015196,0.197161,-0.856099,-0.710625,-0.516519,0.027779,0.044318,-0.016807,-0.06228,-0.394893,0.916613,0.836304,-0.521887,-0.168015,0.544716,0.756104,0.362754,0.008074,-0.010828,-0.008171,-1.334195,-0.720892,-1.11779,-0.685292,0.07575,0.033821,-0.046819,-0.204982,-0.235451,-0.950023,0.121667,-0.969235,0.213961,-0.971173,-0.071729,0.227322,0.03707,0.013438,0.000199,-0.118809,0.169482,-0.263326,0.514509
225,0.079732,0.023271,0.392936,-0.212577,-0.269546,-0.939255,0.048168,-0.962925,0.265381,-0.975704,0.0115,0.218851,0.086158,0.024926,-0.001096,-0.435968,0.148872,0.047986,0.514424,-0.123679,0.052406,0.335155,0.211117,0.320105,0.923555,-0.84973,0.527026,0.011698,-0.483229,-0.787631,0.382085,0.014792,-0.012088,-0.025303,0.350583,-0.743228,-0.837672,-0.540742,0.028056,0.043998,-0.017223,-0.042676,-0.437784,0.898066,0.846197,-0.493723,-0.200467,0.531157,0.751386,0.391521,0.007472,-0.006536,-0.013013,0.451869,-1.088734,-1.107162,-0.698028,0.077352,0.034254,-0.046784,-0.210435,-0.240703,-0.947511,0.112954,-0.968709,0.221002,-0.971059,-0.060519,0.231038,0.049077,0.010431,-0.00188,-1.540971,0.465853,0.307442,0.513693
226,0.081476,0.023705,0.392914,-0.21438,-0.269233,-0.938936,0.043204,-0.962936,0.266194,-0.97554,0.016828,0.219237,0.085555,0.024267,-0.001637,-5.158684,1.500878,1.124983,0.507636,-0.123342,0.052043,0.334766,0.196322,0.350106,0.915902,-0.859261,0.511351,-0.011159,-0.472472,-0.785235,0.400049,0.014802,-0.011925,-0.025274,0.522557,-1.157565,-1.353682,-0.564019,0.028231,0.043804,-0.017427,-0.029062,-0.465067,0.884798,0.851602,-0.474998,-0.221697,0.523382,0.747053,0.409856,0.008398,-0.01246,-0.00947,0.407486,-1.047653,-1.101666,-0.712071,0.078257,0.034482,-0.046794,-0.211896,-0.240807,-0.947159,0.109246,-0.968929,0.221901,-0.971166,-0.056453,0.231619,0.042676,0.012173,-0.001067,-5.1607,1.489347,1.124735,0.509611
227,0.085208,0.024599,0.392805,-0.215953,-0.268878,-0.938677,0.03881,-0.962943,0.266844,-0.975376,0.021524,0.219557,0.084857,0.024562,-0.001752,0.036893,-0.056967,0.092238,0.503455,-0.122505,0.051078,0.333999,0.171828,0.411857,0.894897,-0.870676,0.48842,-0.057479,-0.460946,-0.769794,0.441372,0.02966,-0.025423,-0.020726,-0.623117,-2.649142,0.165965,-0.632865,0.028637,0.04334,-0.017801,-0.005982,-0.52268,0.852507,0.853816,-0.446449,-0.267731,0.520539,0.726283,0.448944,0.014714,-0.012053,-0.009909,0.429834,-1.026492,-1.531781,-0.760732,0.080055,0.034913,-0.046846,-0.214076,-0.240396,-0.946773,0.103148,-0.969388,0.222815,-0.971355,-0.049958,0.232319,0.048427,0.010297,-0.002173,0.038734,-0.072176,0.122094,0.501283
228,0.088944,0.025408,0.392587,-0.224413,-0.273352,-0.935394,0.024044,-0.961116,0.275044,-0.973931,0.039566,0.223427,0.096777,0.030283,-0.014066,0.051675,0.02312,-0.083634,0.496954,-0.121726,0.049973,0.333272,0.155403,0.469972,0.868889,-0.880493,0.464635,-0.093705,-0.447921,-0.751068,0.484899,0.017262,-0.026407,-0.020405,0.198707,-0.911263,-1.435259,-0.716567,0.029045,0.042762,-0.018184,0.004883,-0.579362,0.815055,0.856973,-0.417613,-0.301984,0.515336,0.699956,0.494458,0.008637,-0.013228,-0.01024,0.220996,-0.991237,-1.506019,-0.794533,0.081956,0.035325,-0.04695,-0.222138,-0.245359,-0.943638,0.088384,-0.968901,0.231121,-0.971,-0.032062,0.236916,0.054029,0.008478,-0.003454,-0.038619,0.322025,-0.655682,0.493772
229,0.092635,0.02611,0.392356,-0.237277,-0.293626,-0.926028,0.028881,-0.954942,0.295337,-0.970731,0.04369,0.236222,0.094214,0.01702,-0.006774,0.040319,0.23817,-0.284781,0.481833,-0.120779,0.048962,0.332659,0.150342,0.52714,0.836368,-0.890063,0.440378,-0.117427,-0.430379,-0.727418,0.534321,0.043156,-0.029037,-0.009292,-1.090587,-2.709401,0.266466,-0.753792,0.02952,0.04225,-0.018496,0.005459,-0.630745,0.77597,0.861788,-0.390646,-0.323598,0.507238,0.670489,0.541436,0.021527,-0.014289,-0.00452,-1.081377,-2.651753,0.285419,-0.817884,0.083803,0.035684,-0.047067,-0.233646,-0.266709,-0.935027,0.093263,-0.963357,0.251485,-0.967838,-0.028445,0.249958,0.047201,0.008802,-0.003281,0.040172,0.136417,-0.053147,0.479402
230,0.094457,0.0264,0.392264,-0.239453,-0.29841,-0.923937,0.030277,-0.953433,0.300033,-0.970151,0.044235,0.23849,0.093466,0.01558,-0.007692,0.025298,0.118872,-0.259686,0.471696,-0.120052,0.048586,0.332398,0.143159,0.553118,0.820706,-0.894707,0.426799,-0.131435,-0.423127,-0.716161,0.554924,0.030162,-0.027222,-0.006739,0.274285,-1.274682,-0.946613,-0.755432,0.029858,0.042074,-0.018621,0.009128,-0.653369,0.756984,0.864039,-0.375899,-0.334866,0.503341,0.657121,0.561105,0.020388,-0.006769,-0.006966,0.168209,-1.0605,-1.078597,-0.814618,0.084684,0.035823,-0.04711,-0.235406,-0.271528,-0.933196,0.094532,-0.962024,0.25607,-0.967288,-0.027937,0.252135,0.046194,0.002252,0.000473,-0.013274,0.12142,-0.276562,0.468462
231,0.097672,0.026775,0.39216,-0.242648,-0.305456,-0.920795,0.032414,-0.951164,0.306932,-0.969284,0.045003,0.241848,0.079174,0.005375,0.001653,-0.010597,0.150215,-0.305801,0.45128,-0.118362,0.047985,0.332075,0.132297,0.59253,0.794605,-0.903655,0.401498,-0.148796,-0.407336,-0.699099,0.587538,0.041889,-0.020053,-0.002896,0.155121,-0.833763,-0.089505,-0.76705,0.030698,0.041772,-0.018788,0.016968,-0.69114,0.72252,0.869064,-0.347128,-0.352461,0.494407,0.633897,0.594756,0.026218,-0.00299,-0.004913,0.257616,-1.095508,-0.215465,-0.796656,0.086327,0.03602,-0.047169,-0.237961,-0.278932,-0.93036,0.096669,-0.959921,0.263069,-0.966451,-0.027337,0.255388,0.039551,0.002544,0.000688,-0.004322,0.061805,-0.127664,0.441192
232,0.100677,0.026964,0.392197,-0.247013,-0.307995,-0.918787,0.033664,-0.950304,0.309452,-0.968133,0.045885,0.246253,0.065902,0.00536,0.001778,0.007794,0.142944,-0.157128,0.44151,-0.116532,0.04731,0.332016,0.128228,0.626165,0.769069,-0.905984,0.389392,-0.165832,-0.403441,-0.676278,0.616236,0.054015,-0.014943,-0.000548,0.170505,-0.811388,-0.242363,-0.779181,0.031608,0.041435,-0.018817,0.016566,-0.720465,0.693293,0.868324,-0.333407,-0.367223,0.49572,0.608086,0.620074,0.027996,-0.013576,0.003141,0.239527,-1.257914,-0.394408,-0.799432,0.08781,0.036112,-0.047151,-0.242383,-0.281847,-0.928338,0.098032,-0.959089,0.265588,-0.965214,-0.026633,0.260097,0.039186,0.001876,0.000258,0.007004,0.117016,-0.10056,0.421924
233,0.101949,0.027048,0.39224,-0.24959,-0.306735,-0.918511,0.033979,-0.950701,0.308194,-0.967458,0.046087,0.248855,0.053378,0.007177,0.003013,0.122187,0.369811,0.357791,0.440721,-0.115603,0.046956,0.332055,0.129501,0.641932,0.75574,-0.905225,0.387605,-0.173966,-0.404738,-0.662385,0.630314,0.041313,-0.015406,0.000429,0.218749,-1.010083,-0.18109,-0.796373,0.032093,0.041251,-0.018799,0.01315,-0.73457,0.678405,0.866126,-0.330657,-0.374821,0.499651,0.592513,0.631882,0.027815,-0.012282,0.004083,0.227394,-1.133715,-0.50787,-0.799758,0.088475,0.036155,-0.047129,-0.242767,-0.281999,-0.928191,0.098019,-0.959049,0.265737,-0.965119,-0.026468,0.260467,0.032939,0.002881,0.00093,0.128445,0.585366,0.089247,0.416699
234,0.104245,0.027274,0.39233,-0.25653,-0.301344,-0.918384,0.034644,-0.952417,0.302776,-0.965609,0.046223,0.255909,0.05304,0.006734,0.002692,0.026649,0.106082,0.041221,0.441177,-0.11357,0.046203,0.332308,0.127407,0.675438,0.72632,-0.905995,0.377273,-0.19176,-0.403675,-0.634453,0.659074,0.055161,-0.020869,0.010946,0.180944,-0.921487,-0.309315,-0.851172,0.033084,0.040885,-0.01868,0.010545,-0.763705,0.645478,0.863696,-0.318337,-0.390755,0.503901,0.561618,0.656253,0.021386,-0.011886,0.005039,0.244167,-1.096683,-0.503053,-0.814781,0.089622,0.036266,-0.047086,-0.252664,-0.275809,-0.92741,0.099143,-0.960845,0.258742,-0.962461,-0.026572,0.270116,0.026409,0.002926,0.001058,0.009436,0.086203,0.000769,0.412943
235,0.106057,0.027521,0.392439,-0.271665,-0.293195,-0.916668,0.036517,-0.954923,0.294551,-0.961374,0.046903,0.27127,0.040145,0.007041,0.003081,0.105386,0.439573,0.134027,0.439414,-0.111488,0.045569,0.332798,0.12501,0.716375,0.686419,-0.915222,0.350386,-0.19883,-0.383078,-0.604264,0.698556,0.0542,-0.015121,0.015214,-3.442773,-0.370626,-4.317898,-0.875679,0.034127,0.040557,-0.018437,0.002361,-0.797455,0.603373,0.86958,-0.2963,-0.395012,0.493784,0.525614,0.692752,0.027099,-0.007605,0.007528,0.307962,-1.260129,-0.562508,-0.820006,0.090518,0.036387,-0.047033,-0.266694,-0.269319,-0.925386,0.10084,-0.96269,0.251114,-0.958491,-0.026345,0.283902,0.02001,0.003263,0.001366,0.20237,0.738971,0.276103,0.411637
236,0.106707,0.027655,0.392521,-0.278397,-0.293933,-0.914409,0.037727,-0.954638,0.295321,-0.959392,0.048078,0.277999,0.027805,0.009024,0.004441,0.053538,0.327791,-0.039074,0.438544,-0.110514,0.045355,0.333101,0.131477,0.732803,0.667611,-0.917611,0.344798,-0.197585,-0.37512,-0.587545,0.716896,0.053495,-0.011377,0.01801,0.179567,-1.624395,-0.070298,-0.882982,0.034654,0.040441,-0.018278,-0.003399,-0.813472,0.581593,0.873793,-0.285239,-0.393857,0.486285,0.506853,0.711776,0.026684,-0.005427,0.009155,0.150445,-1.558063,-0.009008,-0.817884,0.090863,0.036455,-0.046992,-0.274543,-0.270057,-0.922873,0.102179,-0.962511,0.251259,-0.95613,-0.025317,0.291844,0.013951,0.004711,0.002303,0.039793,0.443278,-0.164753,0.41082
237,0.107723,0.027905,0.392693,-0.290069,-0.291921,-0.911421,0.039713,-0.955197,0.293245,-0.955834,0.049223,0.289804,0.026989,0.006026,0.00275,0.047476,0.233996,-0.002285,0.436828,-0.108645,0.04509,0.333798,0.128357,0.762365,0.634283,-0.926492,0.320323,-0.197335,-0.353751,-0.563282,0.746617,0.038161,0.00207,0.013386,0.233846,-1.09687,0.278563,-0.892192,0.035555,0.040312,-0.017941,-0.004698,-0.838607,0.544716,0.882206,-0.259955,-0.3926,0.470839,0.478708,0.741045,0.018955,0.001581,0.007062,-0.006365,-1.137793,-0.152462,-0.811189,0.091372,0.036584,-0.046904,-0.286282,-0.268906,-0.919636,0.104113,-0.962856,0.249134,-0.952471,-0.024424,0.303646,0.007358,0.003996,0.002043,0.050959,0.271476,-0.020281,0.408371
238,0.108294,0.02811,0.392827,-0.299158,-0.291214,-0.908704,0.041464,-0.955364,0.292458,-0.952943,0.050168,0.299015,0.001613,0.006597,0.003631,0.024091,0.18211,-0.10076,0.437504,-0.107185,0.045032,0.334508,0.1277,0.784664,0.606618,-0.932673,0.303056,-0.195477,-0.337358,-0.541796,0.769747,0.025064,0.00236,0.015004,0.334646,-1.214977,0.179717,-0.893076,0.036309,0.040284,-0.017577,-0.009167,-0.85671,0.515715,0.888617,-0.243484,-0.388682,0.458556,0.454711,0.76352,0.018745,0.002527,0.00777,0.135981,-0.777405,0.506472,-0.800085,0.091667,0.036688,-0.046837,-0.295458,-0.268791,-0.916763,0.105824,-0.962907,0.248215,-0.949476,-0.023678,0.312943,0.006792,0.001746,0.000805,0.023358,0.08144,0.076868,0.406901
239,0.108477,0.028235,0.392892,-0.302501,-0.291687,-0.907445,0.042284,-0.955198,0.292883,-0.951847,0.050583,0.302415,0.000459,0.00188,0.001033,0.000418,0.001511,0.000731,0.438671,-0.106184,0.044888,0.335159,0.138403,0.798137,0.586356,-0.933,0.303677,-0.192939,-0.332203,-0.521366,0.785928,0.025512,0.000278,0.013432,0.123503,-0.672213,0.58286,-0.893614,0.036808,0.040219,-0.017246,-0.022565,-0.869477,0.493457,0.888912,-0.24333,-0.388103,0.45752,0.429882,0.77838,0.007545,-0.006983,0.01014,0.049999,-0.489543,0.375889,-0.799432,0.09176,0.036754,-0.046802,-0.298582,-0.269716,-0.915478,0.106565,-0.962658,0.24886,-0.948415,-0.023253,0.316175,0.000216,0.000893,0.000485,-0.005264,-0.014346,-0.006674,0.408044
240,0.108455,0.028262,0.392908,-0.302562,-0.291819,-0.907382,0.042322,-0.955157,0.293013,-0.951826,0.050608,0.302477,6.3e-05,0.000258,0.000142,6e-06,2.2e-05,1.1e-05,0.439611,-0.105789,0.044811,0.335468,0.137174,0.8063,0.575374,-0.933898,0.298905,-0.196023,-0.330182,-0.511461,0.793253,0.01298,-0.002026,0.013139,0.243313,-0.826827,0.13824,-0.894266,0.037015,0.04018,-0.017087,-0.024018,-0.875516,0.482591,0.889406,-0.239136,-0.389576,0.456484,0.419863,0.784433,0.006464,-0.000944,0.006601,0.278377,-0.899252,0.082715,-0.801718,0.091749,0.036768,-0.046795,-0.298502,-0.269912,-0.915446,0.106587,-0.962604,0.249061,-0.948438,-0.023229,0.316109,-0.006121,0.000997,0.000692,-0.001099,0.012219,-0.030874,0.408697
241,0.108232,0.028286,0.392927,-0.302408,-0.291479,-0.907543,0.042224,-0.955263,0.292678,-0.95188,0.050544,0.30232,-0.012384,0.001414,0.001072,-0.000984,0.014715,-0.029553,0.441792,-0.105074,0.044683,0.336137,0.135389,0.820002,0.55611,-0.937356,0.287861,-0.196047,-0.320986,-0.495758,0.80688,0.014543,-0.01137,0.02225,0.13011,-0.638697,0.297252,-0.894231,0.037358,0.040117,-0.016768,-0.024583,-0.886775,0.461545,0.892632,-0.227344,-0.389256,0.450113,0.402422,0.797153,0.006255,-2.3e-05,0.007286,0.229008,-0.682926,0.043245,-0.794207,0.091641,0.036775,-0.046788,-0.298336,-0.269553,-0.915607,0.106507,-0.962703,0.248714,-0.948499,-0.023319,0.315918,-0.006262,0.00042,0.000379,0.005664,-0.073428,0.148527,0.41082
242,0.107914,0.028319,0.392942,-0.30247,-0.291619,-0.907477,0.04229,-0.955221,0.292808,-0.951857,0.050545,0.302391,-0.012309,0.001727,0.001243,-0.000984,0.014715,-0.029553,0.4435,-0.104463,0.044583,0.336814,0.127424,0.83148,0.540736,-0.941565,0.272806,-0.197399,-0.311784,-0.485027,0.816947,0.014286,-0.010233,0.023088,0.108443,-0.425743,-0.037472,-0.895081,0.037673,0.040068,-0.016425,-0.020007,-0.895783,0.44404,0.896398,-0.21277,-0.388843,0.442797,0.390258,0.807235,0.006084,0.000703,0.00782,0.2317,-0.669683,0.052293,-0.798126,0.091481,0.036788,-0.046782,-0.298381,-0.269705,-0.915547,0.106592,-0.962659,0.248845,-0.948475,-0.023339,0.315988,-0.00617,0.000799,0.000589,0.005498,-0.073313,0.148605,0.413106
243,0.10776,0.028347,0.392972,-0.302521,-0.291714,-0.90743,0.042293,-0.955189,0.292909,-0.95184,0.050589,0.302436,0.0001,0.000404,0.000222,0.0,0.0,0.0,0.44347,-0.104193,0.044575,0.337209,0.124866,0.835457,0.535174,-0.944497,0.265303,-0.193579,-0.303842,-0.482347,0.821514,0.011451,0.004651,0.018053,0.020336,-0.292942,0.362104,-0.894888,0.037811,0.040053,-0.016229,-0.018038,-0.899493,0.436561,0.899659,-0.2051,-0.385418,0.436219,0.385804,0.812937,0.006785,-0.003596,0.012657,-0.057892,-0.106107,0.189541,-0.788818,0.091399,0.036801,-0.046768,-0.298432,-0.269829,-0.915494,0.106608,-0.962626,0.248968,-0.948457,-0.023299,0.316044,-0.006031,0.001368,0.000903,-0.00066,0.014634,-0.029669,0.413759
244,0.107485,0.028396,0.393006,-0.302466,-0.291586,-0.90749,0.042257,-0.95523,0.292783,-0.95186,0.050565,0.302379,-0.012196,0.002186,0.001495,-0.000984,0.014715,-0.029553,0.445636,-0.103689,0.044575,0.338124,0.123417,0.842542,0.524292,-0.946966,0.257967,-0.191423,-0.296662,-0.473919,0.829009,0.01082,0.007316,0.01997,0.069808,-0.297517,0.115829,-0.893682,0.038066,0.040056,-0.015764,-0.01884,-0.904905,0.425195,0.902434,-0.198465,-0.38239,0.430413,0.376507,0.820357,0.005362,0.003801,0.010082,0.068961,-0.292908,0.119827,-0.784572,0.091266,0.036826,-0.046751,-0.298374,-0.269677,-0.915557,0.106577,-0.962668,0.24882,-0.948479,-0.023336,0.315977,-2e-06,-1e-06,7e-06,0.000224,-6e-05,-6.1e-05,0.415556
245,0.107319,0.028418,0.393022,-0.30236,-0.291353,-0.907599,0.04219,-0.955303,0.292553,-0.951897,0.050521,0.302271,-4.5e-05,-0.000182,-0.0001,0.0,0.0,0.0,0.446443,-0.103253,0.044551,0.339134,0.12442,0.850054,0.511781,-0.946108,0.257085,-0.196778,-0.298974,-0.460783,0.835558,0.012538,-0.002711,0.028546,0.231024,-0.553607,-0.336247,-0.895635,0.038276,0.040044,-0.015276,-0.022242,-0.90989,0.41425,0.901035,-0.197775,-0.386031,0.433174,0.364668,0.824242,0.006292,-0.001521,0.014146,-0.007646,-0.216809,0.151678,-0.797146,0.091179,0.036838,-0.046742,-0.298292,-0.269457,-0.915649,0.106524,-0.962728,0.248609,-0.948511,-0.023381,0.315878,-2.9e-05,-0.000114,-5.7e-05,0.000152,-3.4e-05,-4.7e-05,0.418168
246,0.107257,0.028437,0.393034,-0.302362,-0.291355,-0.907598,0.04219,-0.955303,0.292555,-0.951896,0.050522,0.302272,6.3e-05,0.000252,0.000139,0.0,0.0,0.0,0.448272,-0.1029,0.044635,0.340191,0.115327,0.855968,0.503994,-0.948755,0.245225,-0.199154,-0.29418,-0.456273,0.839724,0.012019,-0.000564,0.030044,0.07354,-0.276529,-0.136508,-0.893359,0.038456,0.040089,-0.014739,-0.014356,-0.915146,0.402867,0.902784,-0.185072,-0.388237,0.429852,0.358129,0.828836,0.00595,-0.000101,0.015148,0.137124,-0.382936,-0.214608,-0.797799,0.091147,0.036847,-0.046736,-0.298292,-0.26946,-0.915648,0.10653,-0.962727,0.248611,-0.948511,-0.023385,0.315879,4e-05,0.000165,9.4e-05,9.6e-05,-4.1e-05,-3.8e-05,0.419801
247,0.107266,0.028435,0.393033,-0.302295,-0.29121,-0.907667,0.042148,-0.955348,0.292412,-0.951919,0.050494,0.302204,1e-06,3e-06,2e-06,0.0,0.0,0.0,0.448435,-0.102729,0.044653,0.340744,0.114787,0.858852,0.499189,-0.948596,0.243986,-0.201421,-0.294905,-0.451485,0.842054,-0.000283,-0.003667,0.02915,0.105226,-0.319045,-0.206478,-0.892068,0.038545,0.040101,-0.01445,-0.014648,-0.917422,0.397645,0.902215,-0.183563,-0.39027,0.431036,0.353044,0.830402,-0.000162,-0.001823,0.014576,0.13998,-0.379048,-0.250217,-0.797636,0.091152,0.036846,-0.046736,-0.298235,-0.269309,-0.915711,0.10649,-0.962769,0.248466,-0.948533,-0.023413,0.31581,-2e-06,-3e-06,1e-06,8.2e-05,-3.6e-05,-2.1e-05,0.420291
248,0.10733,0.028424,0.393025,-0.302171,-0.290941,-0.907795,0.04207,-0.955433,0.292147,-0.951962,0.050443,0.302077,0.0,0.0,0.0,0.0,0.0,0.0,0.448486,-0.102491,0.04454,0.341755,0.114107,0.861813,0.494216,-0.948816,0.242025,-0.202743,-0.294458,-0.446867,0.84467,0.012921,-0.004578,0.027066,-0.04938,-0.06353,0.015984,-0.89264,0.038659,0.04005,-0.013952,-0.01465,-0.920054,0.391516,0.901979,-0.181147,-0.391941,0.431529,0.347398,0.832524,0.00033,-0.003949,0.013024,-0.072269,-0.000288,-0.012907,-0.798452,0.091184,0.036841,-0.04674,-0.298129,-0.269029,-0.915828,0.106416,-0.962846,0.248199,-0.948574,-0.023464,0.315681,1e-06,-2e-06,-2e-06,5.8e-05,-8e-06,-2.6e-05,0.420944
727,0.082516,0.030535,0.411811,-0.178929,-0.007031,-0.98386,-0.228264,-0.972381,0.048409,-0.956809,0.233244,0.173608,0.000179,0.000545,0.000274,0.0,2e-06,1e-06,0.275345,-0.102881,0.05785,0.363844,0.282187,0.007274,0.959327,-0.840163,0.484488,0.243581,-0.463338,-0.874716,0.141604,-0.024269,0.001281,-0.011824,0.029759,0.040595,-0.061814,-0.301878,0.038468,0.0467,-0.0029,-0.110363,-0.135982,0.984544,0.876033,-0.481204,0.031738,0.469451,0.865997,0.172231,-0.012139,0.000683,-0.00588,0.029937,0.041007,-0.062329,-0.466156,0.078777,0.037896,-0.037348,-0.19413,0.025298,-0.980649,-0.166059,-0.986087,0.007435,-0.966818,0.164289,0.19563,0.000102,0.000302,0.00015,-0.000582,-0.00042,-0.000176,0.070686
728,0.082599,0.030523,0.411802,-0.181136,-0.005226,-0.983467,-0.227858,-0.972541,0.047081,-0.956488,0.232619,0.176197,2.9e-05,8.9e-05,4.5e-05,0.131009,0.529594,0.230022,0.342664,-0.10322,0.05793,0.363634,0.284325,0.009022,0.958681,-0.842158,0.480102,0.245368,-0.458381,-0.877117,0.14288,-0.012839,0.004848,-0.010722,0.031809,0.025365,-0.03258,-0.302266,0.038304,0.046737,-0.003002,-0.112633,-0.137723,0.984045,0.878265,-0.476979,0.033769,0.464718,0.868057,0.174681,-0.012402,0.00181,-0.005228,0.032811,0.029144,-0.041532,-0.466972,0.078819,0.037891,-0.037352,-0.194067,0.025371,-0.980659,-0.166083,-0.986083,0.007355,-0.966826,0.164299,0.19558,0.005942,-0.00143,-0.00091,0.000543,-0.014773,0.029595,0.163435
729,0.082723,0.030492,0.411782,-0.188973,-0.00594,-0.981987,-0.226922,-0.972639,0.049498,-0.955184,0.23219,0.183678,-1e-06,-2e-06,-1e-06,0.095826,0.388438,0.168527,0.440082,-0.104044,0.058187,0.36315,0.282599,0.010428,0.959177,-0.844679,0.476456,0.243805,-0.454792,-0.879089,0.142231,-0.026625,0.01383,-0.01904,0.065834,0.035625,-0.04071,-0.302913,0.037902,0.046861,-0.003236,-0.110801,-0.139118,0.984057,0.880452,-0.473033,0.032262,0.461004,0.869991,0.174899,-0.012397,0.001823,-0.005213,0.032241,0.025736,-0.03738,-0.468605,0.078876,0.037876,-0.037361,-0.202476,0.024417,-0.978982,-0.165018,-0.986244,0.009531,-0.965283,0.16348,0.20372,-1e-06,-7e-06,-8e-06,0.130193,0.506073,0.225821,0.330644
730,0.082975,0.030438,0.411747,-0.196001,-0.006816,-0.980603,-0.220419,-0.974068,0.050774,-0.955282,0.226098,0.190637,0.01236,-0.001394,-0.001081,0.050769,0.188649,0.117905,0.480729,-0.104999,0.058468,0.362659,0.281068,0.011843,0.95961,-0.847087,0.472887,0.242394,-0.451242,-0.880998,0.141721,-0.027007,0.015638,-0.017977,0.068065,0.020412,-0.016322,-0.313887,0.03742,0.047,-0.003487,-0.109174,-0.140519,0.98404,0.882526,-0.469246,0.030904,0.457415,0.871815,0.175241,-0.012471,0.002198,-0.004991,0.03231,0.026177,-0.037533,-0.47334,0.079005,0.037845,-0.037381,-0.211075,0.024217,-0.977169,-0.158167,-0.987364,0.009696,-0.964587,0.156603,0.212239,0.006218,-0.000588,-0.00049,0.05477,0.211628,0.133085,0.425843
731,0.083112,0.030452,0.411739,-0.203474,-0.007114,-0.979078,-0.219586,-0.974156,0.052659,-0.953902,0.225709,0.197873,0.012802,-3.1e-05,-0.000397,0.08348,0.307887,0.20048,0.492112,-0.105542,0.058616,0.362417,0.283122,0.011942,0.959005,-0.846178,0.473672,0.244034,-0.451668,-0.880576,0.142989,-0.02513,0.005214,-0.009533,0.032005,0.025026,-0.036931,-0.319885,0.037138,0.04708,-0.003615,-0.111338,-0.140607,0.983784,0.881899,-0.470309,0.032588,0.458101,0.871228,0.176365,-0.012573,0.002676,-0.004712,0.033109,0.02871,-0.042289,-0.479219,0.079069,0.03785,-0.037385,-0.21816,0.023056,-0.97564,-0.157389,-0.987465,0.011857,-0.963137,0.156141,0.219054,0.00029,0.000888,0.000443,0.108857,0.476272,0.21745,0.45001
732,0.083326,0.03049,0.411751,-0.213913,-0.001833,-0.976874,-0.218489,-0.974562,0.049619,-0.951855,0.224046,0.209289,0.012382,-0.001307,-0.001039,0.032639,0.118227,0.086699,0.513403,-0.106738,0.058955,0.361956,0.285909,0.013781,0.958153,-0.847495,0.470159,0.246246,-0.447423,-0.882432,0.14488,-0.037217,0.004812,-0.008803,0.029979,0.040426,-0.066759,-0.325348,0.036555,0.047246,-0.003843,-0.114248,-0.142429,0.983189,0.883544,-0.467036,0.035012,0.454199,0.872691,0.179201,-0.012813,0.003821,-0.004043,0.032873,0.028284,-0.040997,-0.487547,0.079178,0.037875,-0.037376,-0.22993,0.028303,-0.972795,-0.156162,-0.987697,0.008173,-0.960596,0.153793,0.231521,0.000315,0.000974,0.000485,0.039307,0.009188,0.225013,0.48626
733,0.083748,0.030459,0.411723,-0.220013,0.009029,-0.975478,-0.217908,-0.975132,0.040067,-0.95059,0.221363,0.217724,0.012139,-0.002041,-0.001408,0.060399,0.239619,0.140191,0.515694,-0.108075,0.059326,0.361503,0.287978,0.01392,0.957532,-0.846224,0.471649,0.247765,-0.448505,-0.881634,0.146382,-0.03724,0.005198,-0.008577,0.014834,0.143742,-0.233633,-0.335966,0.035895,0.047431,-0.004065,-0.116602,-0.142572,0.982892,0.882558,-0.468768,0.036702,0.455516,0.871739,0.180487,-0.019646,0.008356,-0.008161,0.069581,0.0111,-0.007558,-0.494242,0.079389,0.037861,-0.03739,-0.235823,0.038202,-0.971044,-0.155774,-0.987791,-0.00103,-0.959229,0.151021,0.238895,0.006083,-0.000985,-0.000692,0.076887,0.331006,0.181398,0.502426
734,0.084007,0.030428,0.411699,-0.218833,0.01059,-0.975728,-0.21823,-0.975131,0.038306,-0.95079,0.221296,0.216918,0.012563,-0.000722,-0.000746,0.003054,-0.022724,0.057468,0.51564,-0.108717,0.059474,0.361281,0.28656,0.013793,0.957958,-0.846238,0.472307,0.24646,-0.449384,-0.881284,0.145795,-0.03674,0.003039,-0.009822,0.030016,0.040215,-0.066876,-0.342408,0.035563,0.047513,-0.004177,-0.114893,-0.14243,0.983113,0.882365,-0.469251,0.035135,0.456323,0.871502,0.179589,-0.012483,0.002478,-0.004811,0.032366,0.025658,-0.038517,-0.50061,0.079522,0.037842,-0.037404,-0.235146,0.040112,-0.971131,-0.155989,-0.987753,-0.003028,-0.95936,0.150774,0.238523,0.006267,-0.000411,-0.000407,-0.000877,-0.049803,0.045152,0.504549
735,0.084518,0.030377,0.411657,-0.218226,0.011322,-0.975856,-0.218393,-0.975127,0.03747,-0.950893,0.221277,0.216486,0.012318,-0.001466,-0.00112,0.000984,-0.014714,0.029554,0.515435,-0.110131,0.059748,0.360813,0.283926,0.01358,0.958745,-0.846178,0.47369,0.244,-0.451164,-0.880544,0.144761,-0.036726,0.003198,-0.009727,0.030042,0.040066,-0.06696,-0.34518,0.034857,0.047649,-0.004411,-0.112154,-0.142223,0.983459,0.881892,-0.470324,0.032555,0.457915,0.870957,0.178174,-0.019292,0.006999,-0.00893,0.066307,0.034547,-0.046151,-0.509428,0.079769,0.037819,-0.037423,-0.234395,0.040702,-0.971288,-0.156185,-0.98772,-0.003699,-0.959512,0.150834,0.237873,0.006259,-0.000426,-0.000414,0.000272,-0.015289,0.029443,0.506345
