frame,MLTx,MLTy,MLTz,MLTR1,MLTR2,MLTR3,MLTR4,MLTR5,MLTR6,MLTR7,MLTR8,MLTR9,MLTTVx,MLTTVy,MLTTVz,MLTRVx,MLTRVy,MLTRVz,MLGA,MRTx,MRTy,MRTz,MRTR1,MRTR2,MRTR3,MRTR4,MRTR5,MRTR6,MRTR7,MRTR8,MRTR9,MRTTVx,MRTTVy,MRTTVz,MRTRVx,MRTRVy,MRTRVz,MRGA,SLTx,SLTy,SLTz,SLTR1,SLTR2,SLTR3,SLTR4,SLTR5,SLTR6,SLTR7,SLTR8,SLTR9,SLTTVx,SLTTVy,SLTTVz,SLTRVx,SLTRVy,SLTRVz,SLGA,SRTx,SRTy,SRTz,SRTR1,SRTR2,SRTR3,SRTR4,SRTR5,SRTR6,SRTR7,SRTR8,SRTR9,SRTTVx,SRTTVy,SRTTVz,SRTRVx,SRTRVy,SRTRVz,SRGA
450,0.145245,-0.062783,0.324665,-0.792106,-0.190524,-0.579926,0.126896,-0.980682,0.14877,-0.596083,0.044482,0.801706,-0.000414,-0.002871,-0.003538,0.049646,0.121758,0.055982,-0.26294,-0.164306,-0.055589,0.309754,-0.548108,0.519557,0.65546,-0.300265,-0.853566,0.425676,0.781316,0.035861,0.622994,0.015818,0.000386,-0.001227,0.002045,-0.015205,0.029245,-0.847914,0.044734,0.026401,-0.002315,0.545874,-0.534614,0.645141,0.350446,0.845077,0.403772,-0.761056,0.005679,0.64866,-0.0,-0.000224,-0.000288,-9e-06,2.1e-05,-1.3e-05,-0.809229,0.075114,0.019229,-0.043047,0.775295,0.273898,-0.569118,-0.238286,0.961333,0.138047,0.584923,0.028586,0.810583,-0.000207,-0.001457,-0.001794,0.012992,0.059597,0.040916,-0.373465
451,0.145341,-0.062818,0.324507,-0.796501,-0.195622,-0.572157,0.137884,-0.980051,0.143041,-0.587735,0.035277,0.808301,-0.000159,0.00892,-0.010924,0.138842,0.240275,0.134867,-0.437288,-0.164084,-0.05556,0.309682,-0.546182,0.520875,0.656022,-0.29979,-0.852745,0.427651,0.782845,0.036261,0.621049,0.015819,0.000487,-0.001103,-0.024441,0.015167,0.046849,-0.474653,0.044845,0.026416,-0.00235,0.543719,-0.535918,0.645879,0.349861,0.844254,0.405995,-0.762866,0.005221,0.646534,0.0,-0.00018,-0.000233,-0.008081,0.015203,0.010886,-0.653123,0.075161,0.019206,-0.043124,0.778388,0.279856,-0.561953,-0.249114,0.959339,0.132697,0.576241,0.036701,0.816454,-0.000104,-0.000733,-0.000905,0.143223,0.33723,0.148182,-0.484339
452,0.145506,-0.062802,0.324448,-0.802752,-0.195072,-0.563544,0.137372,-0.980059,0.143473,-0.579297,0.037994,0.814247,0.015935,-0.000749,-0.000722,0.07245,0.160224,0.110008,-0.693993,-0.163881,-0.055441,0.309559,-0.540288,0.524057,0.658365,-0.297777,-0.85075,0.432998,0.787683,0.037248,0.614841,0.01582,0.000982,-0.000476,-0.107226,0.110099,0.101935,-0.181215,0.044947,0.026471,-0.00241,0.537942,-0.538698,0.648399,0.347914,0.842488,0.411302,-0.767836,0.004331,0.64063,3e-06,0.000151,0.00019,-0.154665,0.177942,0.103253,-0.545515,0.075238,0.019218,-0.043158,0.784651,0.280016,-0.553093,-0.248573,0.959425,0.133091,0.567919,0.033054,0.822419,4e-05,0.000261,0.000318,0.114368,0.258521,0.120948,-0.639628
453,0.145786,-0.062765,0.324463,-0.812752,-0.193405,-0.549612,0.136177,-0.980227,0.143464,-0.565481,0.04199,0.823708,0.000206,0.001442,0.001778,-0.343353,0.941464,-0.207897,-1.001561,-0.163836,-0.055212,0.309493,-0.539064,0.526842,0.657145,-0.284932,-0.848193,0.446449,0.793256,0.052769,0.606484,-0.000936,0.012585,-0.006298,-0.510059,-0.331032,0.726775,0.016022,0.044975,0.026584,-0.002446,0.536577,-0.540891,0.647704,0.335442,0.841027,0.424443,-0.774314,-0.01048,0.632714,-2.8e-05,0.000565,0.000713,-1.35233,-1.505422,1.75354,-0.307764,0.075384,0.019236,-0.043151,0.793437,0.27964,-0.540608,-0.247507,0.959691,0.133158,0.556054,0.028152,0.830668,0.008102,0.00046,0.000627,-1.627488,1.956435,-1.186736,-0.86252
454,0.145947,-0.062707,0.324487,-0.816649,-0.193094,-0.543915,0.136239,-0.980237,0.14334,-0.559829,0.043189,0.827498,0.000376,0.002641,0.003255,0.040075,0.359004,-0.110943,-1.161707,-0.163912,-0.055138,0.309477,-0.543772,0.526455,0.653566,-0.267786,-0.846812,0.459493,0.796018,0.07419,0.600595,6e-06,0.001396,0.00178,-1.451559,-1.347977,1.879096,0.094907,0.044937,0.026626,-0.002455,0.541497,-0.539337,0.644899,0.319014,0.841543,0.435928,-0.777823,-0.030322,0.62775,1.2e-05,0.0008,0.00101,-1.599934,-0.178146,-0.633749,-0.185459,0.075464,0.019263,-0.043141,0.798518,0.279485,-0.533155,-0.247339,0.959799,0.132691,0.548808,0.025914,0.835545,0.008179,0.001147,0.001506,-0.066806,0.384167,0.041716,-0.951676
455,0.14636,-0.062539,0.324583,-0.824433,-0.193239,-0.531991,0.13703,-0.980096,0.14355,-0.548117,0.045682,0.83517,0.016509,0.013518,-0.005081,0.247196,0.583289,0.137008,-1.422587,-0.164259,-0.055097,0.3095,-0.568066,0.512752,0.643722,-0.209465,-0.846412,0.489536,0.796562,0.142613,0.587379,-0.015807,-0.00028,0.001362,-1.607994,-0.189809,-0.627567,0.221789,0.04477,0.026649,-0.002441,0.566013,-0.529221,0.632102,0.263166,0.84262,0.469824,-0.781263,-0.099579,0.616207,-0.007802,-0.000127,0.000627,-4.15551,-2.031806,-2.831906,0.013102,0.075665,0.019343,-0.04309,0.804685,0.281427,-0.522762,-0.248275,0.959336,0.134288,0.539297,0.021729,0.841834,0.008219,0.001468,0.001894,-0.027174,-0.028253,0.023832,-0.941226
456,0.14683,-0.06234,0.324798,-0.828633,-0.192035,-0.525866,0.132978,-0.979959,0.148221,-0.542761,0.053124,0.838222,0.016639,0.00448,0.005668,0.004034,-0.00723,0.033082,-1.578632,-0.164637,-0.055065,0.3096,-0.606232,0.482156,0.632455,-0.124498,-0.842888,0.523425,0.786207,0.237974,0.570185,-0.015801,0.00024,0.002014,-4.149554,-2.595528,-2.548978,0.329271,0.044575,0.026665,-0.002392,0.604102,-0.50107,0.619667,0.178722,0.84297,0.507403,-0.776607,-0.195775,0.598793,-0.007795,6.2e-05,0.000893,-4.19376,-2.55415,-2.519773,0.179005,0.0759,0.019447,-0.042984,0.810373,0.279803,-0.514786,-0.243968,0.959955,0.137713,0.532704,0.013992,0.846185,0.008398,0.002827,0.00355,-0.006645,-0.050482,0.054799,-0.965883
457,0.147085,-0.062233,0.324933,-0.830837,-0.192634,-0.522157,0.133147,-0.979743,0.149486,-0.539343,0.054908,0.84031,0.016721,0.005152,0.006476,0.04425,0.174863,-0.070299,-1.637608,-0.164862,-0.055055,0.309638,-0.621647,0.467472,0.628504,-0.084874,-0.837757,0.539346,0.779426,0.281353,0.559642,-0.015801,-2.3e-05,0.001675,-0.854249,-0.381004,0.781796,0.384945,0.044468,0.02667,-0.002373,0.618944,-0.485398,0.617491,0.13819,0.841213,0.522746,-0.773182,-0.23822,0.587741,-0.007806,7.6e-05,0.000937,-4.109197,-2.370148,-2.571767,0.247914,0.076028,0.019501,-0.042917,0.812237,0.280761,-0.511315,-0.244191,0.959703,0.139066,0.529755,0.011904,0.848066,0.008345,0.002486,0.003118,0.067802,0.114955,0.122866,-0.975027
458,0.147575,-0.061988,0.325236,-0.836805,-0.189023,-0.51388,0.12683,-0.979912,0.153812,-0.531591,0.063764,0.844613,0.016873,0.006431,0.008006,0.051221,0.091457,0.110136,-1.704657,-0.165609,-0.055097,0.309665,-0.632128,0.454751,0.627381,-0.032672,-0.824484,0.564883,0.774923,0.336009,0.535216,-0.031622,-0.002332,0.000407,-1.521226,-0.44143,-0.446491,0.449955,0.044106,0.026652,-0.002357,0.629665,-0.476641,0.61346,0.091197,0.829551,0.550932,-0.771494,-0.290958,0.565808,-0.015831,-0.001343,1e-06,-0.606294,0.666146,0.5062,0.372341,0.076272,0.019619,-0.04277,0.818438,0.277958,-0.502888,-0.238063,0.96059,0.143499,0.522957,0.002274,0.852355,0.00844,0.003277,0.004071,0.080502,0.141425,0.136757,-0.973068
459,0.147978,-0.061746,0.325518,-0.845232,-0.178997,-0.503575,0.114332,-0.980994,0.156688,-0.521,0.075079,0.850264,0.000824,0.006081,0.007409,0.034495,0.068422,0.063208,-1.733906,-0.166549,-0.055238,0.309536,-0.647871,0.445988,0.617535,-0.002429,-0.811775,0.583908,0.762511,0.376234,0.5262,-0.031684,-0.006137,-0.004482,-0.344821,-0.269911,0.942085,0.450286,0.04363,0.026586,-0.002415,0.647346,-0.465483,0.603547,0.056083,0.818795,0.571339,-0.76013,-0.336005,0.55615,-0.01635,0.001573,-0.007457,-0.669375,-1.291622,2.530572,0.420349,0.07648,0.019747,-0.042622,0.828073,0.268881,-0.491932,-0.22582,0.96312,0.146298,0.513127,-0.010057,0.858253,0.008309,0.002393,0.002979,0.011377,0.101191,-0.086625,-0.980906
460,0.148315,-0.06156,0.325762,-0.855944,-0.16317,-0.490695,0.096291,-0.98261,0.158672,-0.506989,0.088761,0.857386,0.016448,0.003578,0.004476,-2.119,1.717313,-1.027653,-1.753956,-0.16751,-0.055431,0.309189,-0.685316,0.424901,0.591432,0.019229,-0.801177,0.598063,0.728804,0.420698,0.540112,-0.015932,-0.007787,-0.008297,-0.240249,-1.964071,2.387306,0.439445,0.043138,0.026486,-0.002592,0.684413,-0.447115,0.575903,0.034745,0.808994,0.586788,-0.728265,-0.381596,0.569221,-0.007991,-0.004037,-0.004312,-0.211903,-1.969334,2.360454,0.412184,0.076643,0.01984,-0.042498,0.839229,0.254504,-0.480541,-0.20958,0.966824,0.146033,0.501765,-0.021843,0.864727,0.00035,0.002316,0.002895,-2.657262,1.016598,4.84288,-0.97715
461,0.148433,-0.061488,0.32585,-0.860373,-0.157219,-0.484857,0.090258,-0.983204,0.158541,-0.50057,0.092831,0.86072,0.000548,0.004086,0.004961,0.055875,0.665692,0.157318,-1.758811,-0.168093,-0.055463,0.308923,-0.707424,0.404594,0.579523,0.034048,-0.799358,0.599834,0.706808,0.443556,0.550947,-0.03268,0.001879,-0.016711,-0.048858,-0.651464,-0.105802,0.435002,0.042858,0.026467,-0.002721,0.707214,-0.428366,0.562449,0.020686,0.807742,0.589172,-0.706696,-0.405037,0.580108,-0.016339,0.00084,-0.008458,-0.717692,-1.294344,-0.963571,0.408918,0.076708,0.019877,-0.042453,0.84374,0.25003,-0.474958,-0.202485,0.967767,0.149752,0.497092,-0.03018,0.867172,0.008143,0.001226,0.001543,-0.651273,0.551538,-0.583491,-0.974211
462,0.148635,-0.061397,0.325946,-0.867216,-0.142875,-0.477042,0.073388,-0.984169,0.161238,-0.491449,0.10499,0.864571,0.000219,0.001645,0.001995,0.030147,0.129976,0.095207,-1.763772,-0.169631,-0.055435,0.308207,-0.748185,0.354905,0.560583,0.065821,-0.800906,0.595106,0.661105,0.481697,0.575127,-0.033654,0.010075,-0.028736,0.065019,-0.728323,-0.14159,0.422891,0.04209,0.02648,-0.003072,0.749619,-0.380445,0.541601,-0.011277,0.81083,0.585172,-0.661772,-0.444764,0.603523,-0.024307,-0.00093,-0.009972,-0.622011,-1.426928,-0.915582,0.394222,0.076809,0.019925,-0.042402,0.853364,0.235659,-0.465008,-0.18553,0.970881,0.15155,0.487182,-0.043054,0.872238,0.000115,0.006018,-0.003564,0.013267,0.224169,0.035059,-0.972904
463,0.148783,-0.061366,0.325985,-0.87433,-0.129026,-0.467916,0.056287,-0.984474,0.166176,-0.481005,0.119109,0.868605,8e-05,0.000602,0.00073,0.010077,0.024492,0.011229,-1.765337,-0.171558,-0.055357,0.307199,-0.779265,0.30067,0.549851,0.103268,-0.803651,0.586016,0.619051,0.513061,0.594481,-0.048737,-0.002643,-0.021208,0.210394,-0.305481,0.119416,0.411706,0.041132,0.026521,-0.003582,0.783063,-0.326999,0.529039,-0.049524,0.81514,0.577142,-0.619966,-0.478139,0.622112,-0.032705,0.003862,-0.014376,0.196137,-0.235307,-0.065603,0.378546,0.076883,0.01994,-0.042384,0.86198,0.22253,-0.455487,-0.168464,0.973181,0.156645,0.47813,-0.058292,0.876351,3.6e-05,0.000297,0.000354,-0.013814,0.06594,-0.171597,-0.972904
464,0.148856,-0.061351,0.325987,-0.878298,-0.122362,-0.46224,0.049875,-0.984878,0.16583,-0.47445,0.122739,0.871699,5.3e-05,0.000402,0.000487,0.053384,0.126813,0.05837,-1.764632,-0.17259,-0.055249,0.306695,-0.790961,0.274762,0.546697,0.123912,-0.802913,0.583018,0.600122,0.528536,0.600305,-0.049613,0.008426,-0.029546,-0.728985,-1.113237,-0.98469,0.408269,0.040616,0.02657,-0.003832,0.795273,-0.303006,0.525097,-0.068945,0.815316,0.574895,-0.602317,-0.493402,0.627509,-0.032712,0.004038,-0.013993,-2.886016,-3.34978,-3.299685,0.372505,0.076913,0.019947,-0.042383,0.866415,0.216625,-0.449885,-0.162325,0.974247,0.156497,0.472201,-0.062564,0.879267,2.9e-05,0.000242,0.00029,0.072067,0.163987,0.080891,-0.970781
465,0.148964,-0.06133,0.32598,-0.886061,-0.106212,-0.451287,0.031908,-0.985072,0.169074,-0.461408,0.135536,0.876789,6.6e-05,0.000496,0.000601,-0.125511,0.253321,-0.058963,-1.766271,-0.175043,-0.054995,0.305631,-0.804985,0.235229,0.544664,0.159552,-0.798242,0.580764,0.572384,0.554107,0.604322,-0.06551,0.008845,-0.027736,0.038726,0.028519,-0.132301,0.388393,0.039395,0.026695,-0.004368,0.811367,-0.263022,0.522017,-0.106425,0.811648,0.574369,-0.574767,-0.52158,0.630552,-0.032748,0.004176,-0.014164,-0.02479,-0.008545,-0.218487,0.353726,0.076973,0.019955,-0.042389,0.875787,0.201318,-0.438709,-0.14446,0.976532,0.159735,0.460571,-0.076518,0.884317,3.9e-05,0.000302,0.000358,-0.607629,0.596398,-0.364152,-0.966046
466,0.149145,-0.061287,0.325968,-0.89443,-0.082102,-0.43966,0.007582,-0.985655,0.168517,-0.446077,0.147488,0.882774,0.000175,0.001328,0.001609,-0.160385,0.207272,0.527631,-1.772902,-0.177593,-0.05465,0.304648,-0.818277,0.196899,0.540041,0.194424,-0.789166,0.582538,0.541898,0.581421,0.606761,-0.065447,0.011497,-0.024564,0.046372,0.133515,-0.263689,0.354931,0.038096,0.026868,-0.004873,0.8261,-0.225444,0.516461,-0.141556,0.804081,0.577419,-0.545453,-0.550115,0.632339,-0.032702,0.005859,-0.012111,0.052093,0.142853,-0.268232,0.319109,0.077064,0.019975,-0.042397,0.886729,0.178489,-0.42644,-0.120479,0.979805,0.159581,0.446312,-0.090128,0.890326,8.5e-05,0.000648,0.000782,-0.187658,0.157529,0.526715,-0.965393
467,0.149351,-0.061227,0.325961,-0.904634,-0.061824,-0.421736,-0.011018,-0.98571,0.168008,-0.424972,0.156703,0.891555,0.000132,0.001007,0.001219,0.056033,0.713484,0.732156,-1.785867,-0.180279,-0.054236,0.303827,-0.824681,0.15035,0.545241,0.239922,-0.779831,0.578131,0.513141,0.607393,0.606319,-0.081227,0.013293,-0.021105,-0.020543,-0.017115,-0.225271,0.327952,0.036783,0.02707,-0.005276,0.834629,-0.179367,0.520788,-0.187355,0.796669,0.574644,-0.517968,-0.577187,0.631318,-0.03227,0.001691,-0.006339,-0.256664,-0.129719,-0.601899,0.273061,0.077167,0.020007,-0.0424,0.897671,0.161268,-0.410094,-0.102929,0.981619,0.160713,0.428475,-0.102057,0.897771,0.008001,0.000187,0.000279,-0.689626,0.440161,1.40186,-0.97519
468,0.149473,-0.06118,0.325953,-0.909387,-0.048904,-0.413122,-0.022815,-0.985717,0.166777,-0.414247,0.161144,0.895801,0.000177,0.001352,0.001636,0.196246,0.574591,0.056783,-1.793123,-0.181609,-0.054002,0.303463,-0.831063,0.123674,0.542246,0.2615,-0.773415,0.577392,0.491822,0.621483,0.609699,-0.064548,0.003998,-0.012061,0.033979,0.002942,-0.171977,0.328368,0.036112,0.027191,-0.005461,0.842171,-0.152861,0.517088,-0.20912,0.791325,0.574519,-0.497007,-0.591977,0.634465,-0.040548,0.007476,-0.00952,-0.002213,-0.037244,-0.250673,0.262447,0.077228,0.020029,-0.042404,0.904256,0.147909,-0.400552,-0.090389,0.983135,0.158978,0.417311,-0.107551,0.902376,0.008015,0.000334,0.000446,0.299538,0.754449,0.200413,-0.974047
469,0.149713,-0.061123,0.325909,-0.920847,-0.019183,-0.389509,-0.050862,-0.984359,0.168588,-0.385507,0.175073,0.905959,5e-06,4e-05,4.9e-05,-1.939403,1.821456,-1.185919,-1.822232,-0.184154,-0.053532,0.302824,-0.845195,0.063265,0.530692,0.30863,-0.752703,0.58148,0.437291,0.655164,0.615954,-0.065197,0.015993,-0.019344,-0.771361,-0.98376,-1.146959,0.327684,0.03484,0.027423,-0.005776,0.858328,-0.094811,0.504265,-0.255607,0.773143,0.580443,-0.444902,-0.627104,0.639376,-0.032286,0.002803,-0.004857,-2.883233,-3.270736,-3.490844,0.258691,0.077348,0.020061,-0.042423,0.918539,0.118086,-0.377281,-0.061785,0.985499,0.158029,0.390472,-0.121845,0.912515,0.00791,-0.000443,-0.000499,0.163363,0.497124,0.089662,-0.980742
470,0.14991,-0.061114,0.325808,-0.93102,0.017013,-0.364632,-0.08277,-0.982742,0.165342,-0.35437,0.18409,0.91682,-0.000177,-0.001365,-0.001653,0.137076,0.506701,-0.204101,-1.846169,-0.186528,-0.053145,0.302396,-0.850706,0.018504,0.525308,0.341803,-0.739552,0.579799,0.400279,0.672759,0.622122,-0.048403,0.008448,-0.007946,-0.67775,-1.105673,-1.209979,0.322307,0.033646,0.027617,-0.005997,0.86549,-0.051038,0.498318,-0.289313,0.761172,0.580442,-0.408931,-0.646537,0.644022,-0.032587,0.009335,-0.007792,-2.585381,-3.416837,-3.664353,0.25167,0.077447,0.020067,-0.042472,0.932936,0.084197,-0.350056,-0.029958,0.987052,0.157569,0.358791,-0.136515,0.92338,0.007804,-0.001251,-0.001478,0.144508,0.520213,-0.173631,-0.98858
471,0.149931,-0.061091,0.325737,-0.936477,0.035449,-0.348999,-0.097878,-0.981784,0.162764,-0.335708,0.186533,0.923327,-0.000226,0.008608,-0.011274,0.278512,0.739326,-0.101283,-1.860579,-0.187639,-0.052931,0.302251,-0.854909,-0.003453,0.518758,0.355592,-0.731783,0.581362,0.378675,0.681473,0.626149,-0.048262,0.010109,-0.005844,-2.750647,-3.336751,-3.542041,0.321622,0.033091,0.027723,-0.006071,0.870404,-0.032463,0.491265,-0.300326,0.755667,0.58204,-0.390127,-0.654151,0.647986,-0.02411,0.005189,-0.002719,0.106122,-0.265927,0.045417,0.24971,0.077457,0.020077,-0.042508,0.939966,0.067197,-0.334585,-0.015197,0.987691,0.155672,0.340927,-0.141241,0.929418,-0.000117,0.004308,-0.005639,0.307186,0.775733,-0.095053,-0.993642
472,0.149904,-0.06102,0.325628,-0.945589,0.074317,-0.316835,-0.131156,-0.978045,0.161857,-0.296675,0.194506,0.934975,-9e-06,-7.3e-05,-8.9e-05,0.305531,0.860223,-0.042444,-1.884008,-0.189609,-0.052484,0.302134,-0.858817,-0.040972,0.510634,0.381063,-0.717044,0.583587,0.343306,0.69582,0.630745,-0.047937,0.013503,-0.001534,-0.043482,-0.068642,-0.137788,0.320644,0.032088,0.027949,-0.006133,0.875889,0.010055,0.482405,-0.330902,0.740155,0.585382,-0.351169,-0.67236,0.651621,-0.023947,0.006892,-0.00056,-0.052009,-0.050472,-0.141846,0.247587,0.077444,0.02011,-0.042566,0.952695,0.030045,-0.302437,0.018265,0.987643,0.155651,0.303377,-0.153812,0.940373,-5e-06,3e-06,-3e-06,0.381728,0.962518,-0.03099,-0.996745
473,0.149702,-0.060922,0.325551,-0.950629,0.12378,-0.284656,-0.1741,-0.971852,0.158636,-0.255827,0.200202,0.945779,-0.015828,0.000872,0.000961,0.123719,0.825857,0.339929,-1.913452,-0.191407,-0.051863,0.302055,-0.862961,-0.050932,0.502688,0.384144,-0.712163,0.58753,0.329148,0.700175,0.633467,-0.047703,0.015299,0.000678,0.032041,0.020705,-0.044537,0.321226,0.031207,0.028255,-0.006171,0.880188,0.019562,0.474221,-0.334003,0.735403,0.589596,-0.33721,-0.677346,0.653826,-0.024178,0.012884,-0.004157,0.072282,0.018303,-0.030964,0.247424,0.077348,0.020159,-0.042605,0.962791,-0.018308,-0.269626,0.061534,0.986346,0.152753,0.263148,-0.16366,0.950772,5e-06,0.005148,-0.004613,-0.087591,1.23603,1.373765,-0.999194
474,0.149346,-0.060827,0.325517,-0.953216,0.173518,-0.247619,-0.216057,-0.963804,0.15612,-0.210383,0.202093,0.956517,3e-05,0.000226,0.000274,-0.222219,0.816946,1.408132,-1.915431,-0.193004,-0.051168,0.301901,-0.868549,-0.06067,0.491868,0.385029,-0.707224,0.592892,0.312973,0.704406,0.636964,-0.04772,0.014255,-0.000813,-0.521709,-1.735928,2.016009,0.31599,0.03042,0.028602,-0.006241,0.884498,0.029139,0.465632,-0.336607,0.73093,0.593664,-0.323046,-0.68183,0.656315,-0.01627,0.012385,-0.00542,0.073432,-0.000353,-0.001803,0.244811,0.077171,0.020206,-0.042622,0.970731,-0.062767,-0.231817,0.099508,0.983609,0.150365,0.21858,-0.169032,0.961066,1e-05,0.000177,0.000213,0.258459,0.700713,-0.069585,-0.997725
475,0.149169,-0.060773,0.3255,-0.953341,0.195863,-0.229838,-0.23425,-0.959995,0.153323,-0.189429,0.199758,0.961374,-0.015816,0.000952,0.001046,0.130417,0.842351,0.138251,-1.915473,-0.193643,-0.05081,0.301783,-0.869166,-0.063537,0.490414,0.38718,-0.704091,0.595216,0.308561,0.70729,0.63592,-0.032509,0.024779,-0.010919,-0.290693,0.408566,0.223156,0.311677,0.030083,0.028783,-0.006296,0.886741,0.033883,0.461021,-0.337582,0.728777,0.595753,-0.315796,-0.683912,0.657675,-0.015922,0.007268,-0.000766,0.035758,0.009614,-0.022695,0.240239,0.077082,0.020234,-0.042629,0.972715,-0.089704,-0.213958,0.123092,0.981265,0.148207,0.196656,-0.170499,0.965533,9e-06,3.4e-05,4.4e-05,-0.065312,1.038587,1.522347,-0.994295
476,0.148789,-0.060667,0.325447,-0.950372,0.244936,-0.191951,-0.27505,-0.949691,0.149691,-0.144449,0.194747,0.970173,-0.015822,0.000899,0.000975,0.268201,0.856083,-0.165531,-1.916266,-0.194746,-0.049999,0.301485,-0.872974,-0.060898,0.483942,0.38134,-0.703562,0.599595,0.305058,0.708044,0.63677,-0.032422,0.024984,-0.010716,-0.288142,0.394801,0.250096,0.30564,0.029532,0.029188,-0.006446,0.890209,0.030884,0.454503,-0.331578,0.728074,0.599969,-0.312382,-0.684801,0.658379,-0.008351,0.012102,-0.00637,0.076907,-0.003783,0.000909,0.230932,0.076893,0.020287,-0.042656,0.974578,-0.138748,-0.17591,0.165126,0.975492,0.145418,0.151423,-0.170769,0.973605,-0.007924,0.005577,-0.004153,0.344064,0.968136,0.421462,-0.999031
477,0.148385,-0.060486,0.325306,-0.943132,0.292583,-0.157935,-0.315168,-0.938036,0.143974,-0.104853,0.185192,0.977106,-5.6e-05,0.009813,-0.009816,0.2633,0.680216,-0.27901,-1.916721,-0.195533,-0.049258,0.301089,-0.876079,-0.061243,0.478254,0.379336,-0.699544,0.605539,0.298568,0.711986,0.63545,-0.016818,0.022775,-0.014671,-0.003727,0.073722,0.057159,0.3047,0.029133,0.029562,-0.006639,0.892902,0.028701,0.449334,-0.329108,0.722652,0.607832,-0.307267,-0.690615,0.654703,-0.008398,0.011428,-0.00727,0.00669,0.082175,0.055795,0.22636,0.076684,0.020378,-0.042725,0.972216,-0.186968,-0.140841,0.206523,0.968358,0.140106,0.110189,-0.1653,0.980068,-5e-05,0.004881,-0.004934,0.259853,0.665925,-0.282623,-1.004419
478,0.148218,-0.060374,0.325213,-0.937049,0.317787,-0.144897,-0.33766,-0.930352,0.142838,-0.08825,0.182371,0.979275,-3.6e-05,-0.000265,-0.000321,-0.66081,1.213862,5.170182,-1.916945,-0.195844,-0.048934,0.300866,-0.877095,-0.056565,0.476965,0.376382,-0.697571,0.609644,0.299327,0.714298,0.632491,-0.016329,0.010986,-0.007347,-0.24199,0.311482,0.182056,0.304377,0.028977,0.029729,-0.006752,0.893804,0.025244,0.447745,-0.32636,0.72138,0.610818,-0.307575,-0.692078,0.653011,-0.008455,0.010822,-0.008065,-0.403848,0.445978,0.266612,0.226033,0.076601,0.020434,-0.042773,0.969891,-0.207348,-0.127737,0.224518,0.964485,0.139137,0.094351,-0.163627,0.981999,-0.007943,0.005429,-0.004334,0.181957,0.434383,-0.234953,-1.003113
479,0.147982,-0.060244,0.324945,-0.92502,0.358777,-0.12515,-0.374421,-0.916801,0.138765,-0.063804,0.174767,0.982554,-0.000471,0.006721,-0.013568,0.2863,0.536807,0.188683,-1.916913,-0.196278,-0.048341,0.300407,-0.876317,-0.054995,0.478577,0.378412,-0.693076,0.613502,0.299044,0.71878,0.627528,-0.000571,0.01082,-0.008595,0.000836,0.02818,0.042509,0.30477,0.028753,0.030027,-0.006987,0.892824,0.022019,0.449865,-0.328037,0.716209,0.615982,-0.308635,-0.697537,0.646672,-0.000279,0.005391,-0.004315,0.058344,-0.002743,0.030731,0.225543,0.076484,0.020501,-0.042896,0.961027,-0.253879,-0.109408,0.267558,0.953744,0.137055,0.069552,-0.160987,0.984502,-0.000312,-0.00224,-0.002713,0.207809,0.6188,0.518695,-0.998214
480,0.148108,-0.060349,0.324574,-0.909978,0.399862,-0.109979,-0.412219,-0.901222,0.133588,-0.044569,0.166394,0.985065,0.015075,-0.006477,-0.007744,0.331284,0.527485,0.258693,-1.916968,-0.196554,-0.047829,0.300001,-0.876924,-0.050843,0.477924,0.37797,-0.68689,0.620689,0.297817,0.724992,0.620931,-0.000566,0.010842,-0.008567,-0.131631,0.176136,0.135318,0.303707,0.028622,0.030274,-0.007185,0.893346,0.018799,0.448974,-0.327834,0.710599,0.622553,-0.307337,-0.703346,0.640974,-0.000276,0.005422,-0.004278,-0.265908,0.294076,0.193231,0.22489,0.076541,0.020454,-0.043083,0.950559,-0.295771,-0.09463,0.306509,0.942539,0.132933,0.049875,-0.155366,0.986596,-0.000435,0.00194,-0.008516,0.111872,0.164231,0.219416,-1.00148
481,0.148202,-0.060373,0.324383,-0.904723,0.413837,-0.101292,-0.424521,-0.895856,0.13113,-0.035354,0.161116,0.986316,-0.000599,0.005784,-0.014725,0.284167,0.4773,0.0245,-1.917452,-0.19661,-0.047658,0.29987,-0.876399,-0.053801,0.478562,0.381474,-0.683789,0.621968,0.294866,0.727708,0.619159,-0.000563,0.010865,-0.008537,-0.137257,0.266487,-0.042005,0.302921,0.028588,0.030364,-0.007253,0.893003,0.021612,0.44953,-0.331268,0.707689,0.624049,-0.304641,-0.706193,0.639128,-0.008143,0.005493,-0.003683,-0.214719,0.250993,0.135187,0.224237,0.076593,0.020432,-0.043182,0.946693,-0.31087,-0.084443,0.319774,0.938574,0.129702,0.038936,-0.149791,0.98795,0.007548,-0.003129,-0.003745,0.35328,0.535361,0.217497,-1.006542
482,0.148487,-0.060343,0.323932,-0.88964,0.449937,-0.078383,-0.456567,-0.880821,0.125191,-0.011609,0.146596,0.989142,-0.000704,-0.005252,-0.006407,0.153205,0.394102,0.119904,-1.917914,-0.196639,-0.047525,0.29979,-0.876848,-0.061793,0.476771,0.387305,-0.678023,0.624671,0.285755,0.732464,0.617822,-0.000517,0.011294,-0.007979,0.035473,-0.010663,0.018281,0.30251,0.028573,0.03043,-0.007294,0.893639,0.028876,0.447854,-0.33708,0.702013,0.627338,-0.296284,-0.711578,0.63708,3.4e-05,0.000278,0.000361,0.013207,-0.007627,-0.003906,0.223584,0.076736,0.020453,-0.043409,0.935371,-0.348413,-0.060721,0.35342,0.927231,0.123833,0.013158,-0.13729,0.990443,0.00759,0.002263,-0.008071,0.058406,0.610738,-0.009511,-1.008175
483,0.148897,-0.060225,0.323294,-0.873115,0.483563,-0.062302,-0.487588,-0.86567,0.113335,0.001955,0.128725,0.991692,0.014991,0.01328,-0.027292,0.193463,0.261727,-0.044766,-1.917933,-0.196609,-0.047514,0.299869,-0.875344,-0.0725,0.478026,0.396486,-0.673153,0.624178,0.277624,0.735981,0.617349,0.000165,0.001581,0.002056,-1.6e-05,-2e-05,-2e-05,0.299376,0.028588,0.030438,-0.007259,0.892662,0.039803,0.448965,-0.346507,0.697623,0.6271,-0.288248,-0.715358,0.636533,9.2e-05,0.000863,0.001118,0.000283,-0.000811,-0.001236,0.220808,0.07694,0.020511,-0.043729,0.922302,-0.383931,-0.044217,0.38646,0.915444,0.112295,-0.002635,-0.120658,0.99269,0.007487,0.006579,-0.013721,0.148274,0.193534,-0.046467,-1.004256
484,0.14933,-0.059891,0.322427,-0.853054,0.519794,-0.046469,-0.521675,-0.846678,0.10471,0.016141,0.112912,0.993488,0.015076,0.013937,-0.026523,0.41342,0.502452,0.36031,-1.918093,-0.196545,-0.047465,0.300083,-0.872761,-0.088538,0.480041,0.410284,-0.665539,0.623424,0.265379,0.741154,0.616544,0.000341,0.003271,0.004249,-0.000174,-0.000226,-0.000224,0.304212,0.028619,0.03046,-0.007155,0.890904,0.055998,0.450725,-0.36059,0.690591,0.626943,-0.276159,-0.721074,0.635443,0.000181,0.001734,0.002245,-0.001267,-0.002651,-0.003393,0.221298,0.07715,0.02067,-0.044156,0.906594,-0.420895,-0.030536,0.421656,0.900547,0.105924,-0.017084,-0.108906,0.993904,-0.000457,0.006837,-0.013479,0.063712,0.100618,0.018793,-1.007685
485,0.149585,-0.059626,0.321868,-0.846012,0.53169,-0.040179,-0.532823,-0.839953,0.102715,0.021913,0.107639,0.993963,0.014884,0.012488,-0.028323,0.275099,0.388128,0.014833,-1.918229,-0.196537,-0.047441,0.300199,-0.872556,-0.101285,0.477889,0.417756,-0.661452,0.622812,0.254109,0.743196,0.618831,0.000282,0.002708,0.003515,-0.242555,-0.220487,-0.485788,0.308791,0.028624,0.030478,-0.007097,0.891354,0.067307,0.448281,-0.366971,0.687694,0.626424,-0.266117,-0.722873,0.637679,6e-05,0.00184,0.002545,-2.66565,-3.452534,-3.396086,0.225217,0.077284,0.02081,-0.044442,0.900538,-0.434165,-0.023012,0.434099,0.894929,0.103234,-0.024227,-0.102956,0.99439,0.007438,0.006176,-0.014244,0.311501,0.43194,0.008869,-1.01438
486,0.150255,-0.059012,0.320508,-0.826185,0.56288,-0.025083,-0.562366,-0.820925,0.098986,0.03615,0.09518,0.994817,0.014581,0.010171,-0.031239,0.26626,0.298853,0.335427,-1.917682,-0.196498,-0.047394,0.300394,-0.869584,-0.122044,0.478456,0.433864,-0.651115,0.622692,0.23662,0.74921,0.618513,0.000218,0.002093,0.002713,-0.001926,-0.002511,-0.002493,0.315813,0.028644,0.030502,-0.006992,0.889074,0.089734,0.44888,-0.384968,0.677136,0.627124,-0.247679,-0.730365,0.636569,0.000109,0.00102,0.001314,-0.001044,-0.001452,-0.002656,0.235014,0.077613,0.021115,-0.045108,0.884245,-0.466955,-0.007848,0.465317,0.879461,0.100132,-0.039855,-0.092193,0.994942,0.007267,0.009968,-0.020572,0.362941,0.429812,0.701379,-1.017319
487,0.150975,-0.05847,0.319073,-0.811701,0.584022,-0.01025,-0.582203,-0.807409,0.095405,0.048448,0.082676,0.995412,0.014441,0.009037,-0.032726,0.280155,0.305804,0.241174,-1.917867,-0.196503,-0.047359,0.300491,-0.866654,-0.139987,0.478858,0.446861,-0.644236,0.620652,0.222697,0.752039,0.620248,9.6e-05,0.000924,0.001197,-0.071126,-0.092982,-0.092783,0.322085,0.028641,0.030519,-0.006943,0.886956,0.107731,0.449113,-0.398236,0.670892,0.625548,-0.233916,-0.733687,0.637954,5.3e-05,0.000499,0.00064,-0.247806,-0.307193,-0.309668,0.243832,0.077973,0.021385,-0.045827,0.871994,-0.489469,0.006689,0.486599,0.86821,0.097114,-0.053341,-0.081428,0.99525,0.007183,0.009316,-0.021424,0.4053,0.445382,0.360702,-1.022871
488,0.151806,-0.057973,0.31751,-0.801654,0.597823,0.001857,-0.594865,-0.797902,0.097256,0.060617,0.076112,0.995269,0.030037,0.016606,-0.045408,0.286758,0.254206,0.202572,-1.918063,-0.196477,-0.047352,0.300516,-0.86409,-0.150552,0.480286,0.455758,-0.638581,0.620027,0.214434,0.754831,0.619767,-2.8e-05,-0.000266,-0.000345,-1e-06,-2e-06,-2e-06,0.327744,0.028654,0.030523,-0.00693,0.884881,0.118504,0.450491,-0.407484,0.665514,0.625337,-0.225703,-0.736917,0.637189,-1.8e-05,-0.000209,-0.000275,0.001024,0.00097,0.000462,0.251506,0.078394,0.021637,-0.04662,0.863298,-0.504347,0.018669,0.500341,0.860116,0.099291,-0.066134,-0.076377,0.994883,0.015029,0.008219,-0.022817,0.348391,0.326412,0.194077,-1.024014
489,0.152228,-0.05775,0.316747,-0.794102,0.607814,0.002943,-0.60468,-0.790394,0.098034,0.062897,0.075308,0.995188,0.014246,0.007341,-0.035006,0.073294,-0.00896,0.017967,-1.917494,-0.196455,-0.047376,0.3005,-0.862568,-0.155888,0.481319,0.46047,-0.635629,0.619578,0.210433,0.756245,0.619415,-6.7e-05,-0.000645,-0.000836,-0.012093,0.097326,-0.173042,0.329718,0.028665,0.030511,-0.006939,0.883697,0.123873,0.451369,-0.41221,0.662787,0.625136,-0.221724,-0.73849,0.636765,-4.3e-05,-0.000448,-0.000582,0.001048,0.000627,0.000113,0.255752,0.0786,0.021745,-0.04699,0.856569,-0.515625,0.020456,0.511409,0.853523,0.099793,-0.068915,-0.075018,0.994797,0.007163,0.003829,-0.017312,0.063313,-0.035314,0.014334,-1.018952
490,0.152974,-0.05737,0.315247,-0.783312,0.621525,0.013226,-0.617599,-0.780361,0.097879,0.072126,0.067722,0.995107,0.014179,0.006666,-0.035976,0.131531,0.08297,0.062201,-1.917661,-0.196363,-0.047431,0.300457,-0.856966,-0.166394,0.487764,0.472865,-0.629814,0.616171,0.205744,0.758882,0.617763,0.016209,-0.011739,0.006388,-0.034042,-0.002364,0.009985,0.333119,0.028705,0.030486,-0.006965,0.878663,0.134719,0.45804,-0.425103,0.657475,0.622103,-0.217341,-0.741334,0.634969,-4.6e-05,-0.000483,-0.000629,0.000749,0.000155,0.000436,0.259834,0.078967,0.021929,-0.047722,0.84744,-0.530001,0.030717,0.524986,0.845216,0.099987,-0.078955,-0.068607,0.994514,0.00713,0.003508,-0.017773,0.150927,0.103625,0.078825,-1.022871
491,0.153604,-0.057149,0.313925,-0.774041,0.632927,0.017572,-0.628599,-0.771408,0.098817,0.077058,0.06465,0.994942,0.014212,0.006791,-0.035939,0.072522,-0.009968,0.017165,-1.917834,-0.196245,-0.047494,0.300453,-0.849553,-0.181523,0.495279,0.48939,-0.621183,0.612016,0.197624,0.762541,0.615905,-2.4e-05,-0.00023,-0.000298,0.0,0.0,-0.0,0.340559,0.02877,0.030449,-0.006966,0.872169,0.150247,0.465559,-0.442106,0.649496,0.618624,-0.209433,-0.745372,0.632895,-8e-06,-0.000116,-0.000156,-0.000327,-0.003452,0.005547,0.268652,0.079288,0.022045,-0.048401,0.839314,-0.542521,0.034949,0.5371,0.837439,0.101088,-0.08411,-0.066073,0.994263,0.007135,0.003474,-0.017875,0.068788,-0.119943,0.191381,-1.022381
492,0.153919,-0.05709,0.313298,-0.768902,0.639062,0.020867,-0.634509,-0.766564,0.098738,0.080048,0.061878,0.994882,0.01433,-0.003078,-0.026199,0.057513,0.020561,0.039467,-1.917663,-0.196161,-0.04754,0.300471,-0.84311,-0.191407,0.502514,0.501872,-0.615209,0.607928,0.193842,0.764977,0.614084,-5e-06,-5.2e-05,-6.8e-05,0.010927,0.044229,-0.05923,0.342534,0.028812,0.030426,-0.006957,0.866398,0.160492,0.472859,-0.454963,0.644012,0.615025,-0.20582,-0.74799,0.630989,0.007868,-5.4e-05,-0.000587,0.042093,0.141314,-0.177954,0.272408,0.079445,0.022077,-0.04872,0.834906,-0.549055,0.038337,0.543403,0.833367,0.101053,-0.087432,-0.063538,0.994141,0.007102,0.003171,-0.01829,0.082182,-0.001874,0.034871,-1.021892
493,0.154511,-0.057096,0.312099,-0.762145,0.646997,0.023975,-0.642614,-0.760382,0.094011,0.079999,0.055433,0.995266,0.014194,0.006376,-0.036662,0.10818,-0.053063,0.21751,-1.917428,-0.195937,-0.047694,0.300631,-0.834172,-0.205916,0.511613,0.519162,-0.605726,0.60291,0.18679,0.768787,0.611506,3.4e-05,0.000336,0.000436,-0.072461,-0.075965,-0.108279,0.345907,0.028924,0.03035,-0.006875,0.858381,0.17545,0.482076,-0.472803,0.63524,0.610676,-0.199091,-0.752121,0.628232,2.2e-05,0.000174,0.000217,-0.073762,-0.082846,-0.101011,0.276816,0.079746,0.022074,-0.049328,0.829069,-0.557603,0.0415,0.552161,0.828149,0.096368,-0.088103,-0.056981,0.994479,0.007114,0.003155,-0.018379,0.083542,-0.091883,0.21905,-1.015033
494,0.154984,-0.057207,0.31098,-0.753545,0.656669,0.031637,-0.652458,-0.752815,0.086831,0.081769,0.043966,0.995695,0.014216,-0.004519,-0.028297,0.114463,0.126351,0.05976,-1.917714,-0.195707,-0.048015,0.300879,-0.823306,-0.230114,0.518852,0.542139,-0.588989,0.599259,0.168728,0.77494,0.608984,0.016308,-0.010933,0.007416,-0.292405,-0.301668,-0.291401,0.350707,0.029033,0.030194,-0.006754,0.84892,0.199803,0.489297,-0.496286,0.619721,0.607984,-0.181751,-0.758962,0.625253,0.000277,-0.005437,0.004265,-0.911731,-0.995654,-1.028605,0.283021,0.079983,0.022019,-0.049887,0.821565,-0.567986,0.049204,0.562774,0.821767,0.089347,-0.091182,-0.045714,0.994784,0.007121,-0.002296,-0.014201,0.088477,0.084769,0.063391,-1.018626
495,0.155198,-0.057269,0.310342,-0.747402,0.663537,0.033969,-0.659719,-0.747151,0.080671,0.079834,0.037053,0.996133,-0.001833,-0.004855,-0.028827,0.299286,0.438366,0.177572,-1.917327,-0.195582,-0.048195,0.300978,-0.818592,-0.237006,0.52319,0.549838,-0.586215,0.594949,0.166717,0.774975,0.609493,0.01623,-0.011756,0.006346,0.000439,-0.024924,-0.027419,0.351576,0.029095,0.030105,-0.006703,0.844545,0.207487,0.493651,-0.504539,0.617175,0.603766,-0.179396,-0.758975,0.625918,0.000234,-0.005974,0.00356,-0.010997,0.027731,-0.09072,0.285797,0.080086,0.021989,-0.05018,0.817005,-0.574515,0.049336,0.569713,0.817457,0.084788,-0.089042,-0.041165,0.995176,0.007034,-0.003097,-0.015267,0.029971,-0.001665,0.019666,-1.021565
496,0.155567,-0.057335,0.309002,-0.74108,0.670385,0.037807,-0.666809,-0.741331,0.075937,0.079852,0.030226,0.996362,0.013995,-0.006796,-0.031492,0.191739,0.250514,0.122031,-1.91773,-0.195414,-0.048515,0.301197,-0.804493,-0.264941,0.53159,0.575136,-0.570434,0.586309,0.148903,0.777739,0.610584,-1e-06,-1.2e-05,-1.6e-05,-0.041029,-0.131183,-0.118288,0.352201,0.029185,0.029939,-0.006593,0.831976,0.236112,0.502061,-0.530705,0.602526,0.596081,-0.161763,-0.762372,0.626593,0.000294,-0.005406,0.004294,-0.29873,-0.317426,-0.338769,0.287757,0.080269,0.021958,-0.050864,0.810924,-0.582625,0.054289,0.57813,0.812068,0.079428,-0.090363,-0.033024,0.99536,0.006956,0.001549,-0.020645,0.31218,0.273164,0.334195,-1.026464
497,0.155929,-0.057326,0.307463,-0.73418,0.677652,0.042592,-0.674665,-0.735069,0.066877,0.077537,0.019515,0.996812,0.013821,0.002464,-0.04233,0.229659,0.256542,0.118465,-1.917893,-0.195359,-0.048832,0.301479,-0.790099,-0.301803,0.533526,0.600879,-0.552707,0.577403,0.121607,0.777157,0.617334,0.000595,-0.010679,0.008775,0.033674,-0.068828,-0.067579,0.364378,0.029212,0.029789,-0.006458,0.819271,0.273786,0.503822,-0.557501,0.585844,0.5882,-0.13412,-0.762776,0.6326,0.000307,-0.005311,0.00442,0.016244,-0.075968,-0.077128,0.298371,0.08045,0.021959,-0.051629,0.804812,-0.590573,0.059153,0.586765,0.806682,0.070483,-0.089343,-0.022016,0.995757,-0.001036,0.001782,-0.02045,0.300861,0.373256,0.13403,-1.021565
498,0.156261,-0.057044,0.305795,-0.723053,0.689089,0.048948,-0.686585,-0.724583,0.059604,0.077434,0.008627,0.996974,-0.001969,0.00485,-0.039391,0.185516,0.201941,0.067939,-1.917681,-0.195424,-0.049137,0.301751,-0.78048,-0.329362,0.531379,0.617076,-0.541406,0.57099,0.100604,0.773949,0.625095,0.000593,-0.010684,0.008769,-0.009355,-0.07207,-0.081565,0.364185,0.02918,0.029633,-0.006319,0.810736,0.301883,0.501569,-0.574467,0.57515,0.582399,-0.112661,-0.760308,0.639717,0.0003,-0.005337,0.00439,-0.114538,-0.104748,-0.138543,0.304902,0.080622,0.022096,-0.052468,0.794787,-0.60331,0.065808,0.600082,0.797433,0.063246,-0.090634,-0.010776,0.995825,0.007071,0.00788,-0.023923,0.259566,0.219644,0.189076,-1.023524
499,0.15643,-0.056754,0.304907,-0.718732,0.693619,0.048611,-0.691275,-0.720268,0.05767,0.075904,0.006977,0.997104,-0.0018,0.017419,-0.045747,0.131188,0.021379,0.502428,-1.917237,-0.195497,-0.049291,0.301913,-0.775164,-0.343048,0.530499,0.625302,-0.535424,0.567673,0.09027,0.772181,0.628848,-0.015073,-0.0097,0.011078,0.04557,-0.085023,-0.119673,0.363291,0.02915,0.029554,-0.006241,0.806038,0.315581,0.500708,-0.582976,0.569371,0.579615,-0.102173,-0.759094,0.642911,7e-05,0.000666,0.000865,0.055047,-0.128955,-0.096273,0.305066,0.080706,0.022234,-0.052913,0.791029,-0.608235,0.06574,0.605203,0.793708,0.061278,-0.089449,-0.008687,0.995953,0.007155,0.008454,-0.023225,0.174189,0.053967,1.704628,-1.020748
500,0.156881,-0.055903,0.302985,-0.713384,0.69898,0.050559,-0.696602,-0.715083,0.058082,0.077635,0.00534,0.996981,-0.001579,0.019412,-0.043231,0.106127,-0.023538,0.030539,-1.917233,-0.19566,-0.049577,0.302302,-0.758338,-0.379306,0.530135,0.649335,-0.509599,0.564453,0.057003,0.772746,0.632043,0.000777,-0.008848,0.011145,-2.956539,-3.120478,-3.518785,0.364899,0.029062,0.029414,-0.006051,0.792734,0.348132,0.500376,-0.605148,0.548117,0.577375,-0.073262,-0.760507,0.645183,-0.007735,0.001429,0.002369,-0.027654,0.003177,-0.011567,0.305719,0.080926,0.022647,-0.053855,0.786066,-0.614442,0.067526,0.611343,0.788925,0.062092,-0.091425,-0.007527,0.995783,0.007175,0.01432,-0.026971,0.147504,-0.04142,0.049964,-1.016993
501,0.157567,-0.054835,0.301036,-0.711233,0.700698,0.056702,-0.697669,-0.713391,0.065593,0.087292,0.006215,0.996177,0.030493,0.029941,-0.052365,0.137214,-0.048222,0.082996,-1.91735,-0.195856,-0.049787,0.302723,-0.743934,-0.408131,0.529135,0.667386,-0.491545,0.559386,0.03272,0.769784,0.637357,0.000913,-0.007493,0.012893,0.077058,-0.304844,-0.222084,0.365716,0.028964,0.029305,-0.005837,0.777868,0.381047,0.499722,-0.626844,0.52687,0.573997,-0.044569,-0.759743,0.648693,0.000426,-0.004045,0.006064,0.004592,-0.579234,-0.516614,0.307188,0.081274,0.023201,-0.054864,0.784048,-0.616316,0.073629,0.612457,0.787442,0.069504,-0.100815,-0.0094,0.99486,0.015289,0.015067,-0.026055,0.148094,-0.055099,0.080447,-1.021728
502,0.158583,-0.053554,0.299005,-0.709005,0.702586,0.061085,-0.69913,-0.711533,0.070071,0.093573,0.006094,0.995607,0.030581,0.042505,-0.058777,-2.184646,1.456661,-0.001197,-1.917435,-0.196123,-0.04995,0.303158,-0.732714,-0.432503,0.525417,0.680347,-0.477482,0.555943,0.011345,0.765345,0.643413,-0.014843,-0.007381,0.014049,-0.788777,-1.256991,-1.055012,0.367367,0.028831,0.029222,-0.005613,0.767652,0.405965,0.495884,-0.640449,0.51384,0.570781,-0.023088,-0.755751,0.654451,-0.007434,-0.003638,0.007093,-0.785892,-1.291382,-1.055265,0.309148,0.08177,0.023825,-0.055858,0.782194,-0.61833,0.076415,0.61424,0.785866,0.071577,-0.10431,-0.00905,0.994503,0.015336,0.015655,-0.025342,0.148152,-0.054956,0.08126,-1.021075
503,0.159241,-0.052855,0.29796,-0.707699,0.703723,0.063102,-0.700059,-0.710409,0.07217,0.096492,0.006018,0.995329,0.030565,0.042704,-0.058591,-0.033871,0.065144,0.105914,-1.916456,-0.196273,-0.050011,0.303378,-0.729208,-0.43897,0.524931,0.684162,-0.473838,0.554377,0.006288,0.763934,0.645158,-0.014771,-0.006689,0.014934,0.001722,-0.031456,-0.048897,0.367766,0.028761,0.029192,-0.005511,0.764025,0.413491,0.495266,-0.644951,0.510148,0.569022,-0.017374,-0.75417,0.656448,-0.007383,-0.003321,0.007505,-0.023963,-0.019559,-0.04868,0.309964,0.082099,0.024176,-0.056378,0.780889,-0.619535,0.07992,0.614935,0.784902,0.076044,-0.109841,-0.010236,0.993896,0.023391,0.016056,-0.02487,-0.633689,0.393164,0.153226,-1.019769
504,0.160825,-0.051338,0.295886,-0.706015,0.704934,0.06823,-0.700177,-0.709163,0.08253,0.107438,0.009611,0.994179,0.046798,0.033871,-0.047532,-0.073771,0.145251,-0.031905,-1.916946,-0.196577,-0.050105,0.303785,-0.717066,-0.462918,0.52107,0.696722,-0.459439,0.550843,-0.014699,0.758602,0.651283,-0.015386,0.003621,0.005669,0.028399,-0.020324,-0.051057,0.373899,0.02861,0.029146,-0.005306,0.752862,0.437945,0.491327,-0.658165,0.496344,0.566092,0.00405,-0.749564,0.661919,-0.007685,0.00188,0.00293,-0.011122,-0.001523,-0.048336,0.313883,0.082885,0.024936,-0.057422,0.779268,-0.620912,0.084901,0.615048,0.783733,0.086473,-0.120232,-0.015167,0.992629,0.023393,0.02233,-0.028109,-0.590645,0.385557,0.170143,-1.021402
