frame,MLTx,MLTy,MLTz,MLTR1,MLTR2,MLTR3,MLTR4,MLTR5,MLTR6,MLTR7,MLTR8,MLTR9,MLTTVx,MLTTVy,MLTTVz,MLTRVx,MLTRVy,MLTRVz,MLGA,MRTx,MRTy,MRTz,MRTR1,MRTR2,MRTR3,MRTR4,MRTR5,MRTR6,MRTR7,MRTR8,MRTR9,MRTTVx,MRTTVy,MRTTVz,MRTRVx,MRTRVy,MRTRVz,MRGA,SLTx,SLTy,SLTz,SLTR1,SLTR2,SLTR3,SLTR4,SLTR5,SLTR6,SLTR7,SLTR8,SLTR9,SLTTVx,SLTTVy,SLTTVz,SLTRVx,SLTRVy,SLTRVz,SLGA,SRTx,SRTy,SRTz,SRTR1,SRTR2,SRTR3,SRTR4,SRTR5,SRTR6,SRTR7,SRTR8,SRTR9,SRTTVx,SRTTVy,SRTTVz,SRTRVx,SRTRVy,SRTRVz,SRGA
143,0.15757,0.027179,0.404716,-0.565316,0.499307,-0.656624,-0.704778,-0.705959,0.069871,-0.427966,0.501649,0.751812,1e-05,0.010291,-0.009375,0.035702,-0.011678,0.018985,0.336376,-0.203831,0.032683,0.398147,0.637932,0.679558,0.362263,-0.750819,0.653299,0.096979,-0.171552,-0.334722,0.926496,-0.001505,0.013051,-0.022094,0.026655,0.052456,0.043164,-1.402164,-0.008702,0.035073,0.015992,-0.522878,-0.766129,0.373688,0.836835,-0.54478,0.054032,0.162182,0.340968,0.925978,-0.000726,0.006703,-0.010963,0.040438,0.03579,0.038929,-0.691497,0.115989,0.038404,-0.039895,-0.605116,0.436852,-0.665577,-0.61721,-0.785475,0.045595,-0.502877,0.438392,0.744934,8e-06,0.005158,-0.004686,0.035714,-0.011701,0.018973,0.263859
144,0.157734,0.027291,0.404603,-0.566707,0.498958,-0.65569,-0.704682,-0.705857,0.071837,-0.426281,0.50214,0.752441,1e-06,1.2e-05,6e-06,-0.0,0.0,-0.0,0.332975,-0.203883,0.033414,0.397234,0.640266,0.673392,0.369587,-0.748116,0.655683,0.101671,-0.17466,-0.342444,0.923087,-0.001615,0.026689,-0.029652,-0.174801,0.369558,0.270309,-1.403879,-0.008728,0.035428,0.015546,-0.525268,-0.761294,0.380162,0.834975,-0.547242,0.057802,0.164036,0.347788,0.923111,-0.000815,0.013125,-0.014937,-0.34441,0.599472,0.328258,-0.69166,0.116071,0.03846,-0.039951,-0.606486,0.436324,-0.664676,-0.617173,-0.785387,0.047578,-0.501269,0.439076,0.745614,0.006031,-0.000361,-0.000383,0.002045,-0.015483,0.030548,0.258633
145,0.157797,0.027317,0.40457,-0.56651,0.499051,-0.65579,-0.704755,-0.705808,0.071614,-0.426424,0.502117,0.752375,0.0,0.0,0.0,-0.0,0.0,-0.0,0.332987,-0.203892,0.033883,0.396629,0.642114,0.668635,0.374979,-0.746039,0.657437,0.105531,-0.176758,-0.348359,0.920471,-0.00195,0.022929,-0.031443,-0.11808,0.297882,0.200012,-1.404037,-0.008732,0.035673,0.015249,-0.527743,-0.756343,0.386563,0.833204,-0.549417,0.062526,0.165094,0.355084,0.92014,-0.001149,0.016786,-0.020234,-0.14949,0.378666,0.261444,-0.693293,0.116102,0.038473,-0.039967,-0.606291,0.436444,-0.664775,-0.617246,-0.785344,0.047342,-0.501415,0.439033,0.745541,3e-06,-8e-06,-9e-06,0.000156,-8.9e-05,0.000147,0.25749
146,0.157905,0.027333,0.404531,-0.566229,0.499186,-0.655931,-0.704877,-0.705714,0.071328,-0.426596,0.502114,0.75228,-6e-06,-7.2e-05,-3.5e-05,0.0,0.0,0.0,0.332684,-0.203936,0.034768,0.395248,0.647009,0.655659,0.389206,-0.74061,0.661644,0.116862,-0.181695,-0.364691,0.913154,-0.002321,0.018734,-0.033425,-0.281063,0.526557,0.326557,-1.404752,-0.008753,0.036119,0.01456,-0.533541,-0.745025,0.400337,0.829021,-0.55442,0.073086,0.167505,0.370882,0.913448,-0.001177,0.008965,-0.016912,-0.292142,0.555152,0.359779,-0.700151,0.116156,0.038481,-0.039987,-0.606023,0.436614,-0.664908,-0.617372,-0.785262,0.047052,-0.501584,0.439011,0.74544,-8e-06,0.004995,-0.004763,0.035699,-0.011667,0.01899,0.256511
147,0.157959,0.027323,0.404535,-0.56612,0.49924,-0.655982,-0.704954,-0.705644,0.071267,-0.426613,0.502159,0.75224,-0.0,-0.0,-0.0,0.0,0.0,0.0,0.333882,-0.203912,0.035476,0.393904,0.650826,0.648319,0.395094,-0.73643,0.665486,0.121377,-0.185043,-0.370776,0.910026,-0.002026,0.007116,-0.024887,-0.17171,0.329455,0.196871,-1.404922,-0.008743,0.036477,0.013874,-0.538414,-0.737919,0.406921,0.82536,-0.559189,0.07802,0.169973,0.377863,0.910124,-0.001003,0.003423,-0.012513,-0.247811,0.420306,0.225328,-0.709949,0.116183,0.038476,-0.039985,-0.605921,0.436682,-0.664957,-0.617455,-0.7852,0.046989,-0.501605,0.439053,0.745401,1e-06,4e-06,-2e-06,-2.1e-05,-1.3e-05,-1.5e-05,0.256674
148,0.157959,0.027323,0.404535,-0.56612,0.49924,-0.655982,-0.704954,-0.705644,0.071267,-0.426613,0.502159,0.75224,-0.0,-0.0,-0.0,0.0,0.0,0.0,0.334645,-0.203828,0.035695,0.393257,0.651394,0.646731,0.396757,-0.735549,0.666414,0.121627,-0.18655,-0.371881,0.909267,0.00965,0.004276,-0.027128,-0.069255,0.173082,0.148811,-1.405176,-0.008703,0.036581,0.013575,-0.53914,-0.736393,0.40872,0.824632,-0.560202,0.078448,0.171197,0.379338,0.909281,0.00482,0.001861,-0.013703,-0.204714,0.43054,0.012498,-0.715664,0.116183,0.038476,-0.039985,-0.605921,0.436682,-0.664956,-0.617455,-0.7852,0.046989,-0.501605,0.439053,0.745401,-1e-06,3e-06,-2e-06,-2.1e-05,-2.3e-05,-1.4e-05,0.257
149,0.157959,0.027323,0.404535,-0.567978,0.49868,-0.654802,-0.704748,-0.705582,0.073868,-0.424479,0.502802,0.753017,-0.0,-0.0,-0.0,-3.5e-05,2.6e-05,-3.3e-05,0.336458,-0.203671,0.035798,0.392075,0.650201,0.644164,0.402844,-0.735166,0.667108,0.12013,-0.192161,-0.375082,0.906781,-0.002745,-0.001017,-0.028934,-0.023696,0.132201,0.056151,-1.405519,-0.008621,0.036644,0.012973,-0.538207,-0.733329,0.415403,0.824178,-0.561007,0.077456,0.176244,0.384054,0.906332,0.004563,-0.00113,-0.015198,-0.038927,0.132811,0.099066,-0.722522,0.116183,0.038476,-0.039985,-0.607763,0.435875,-0.663804,-0.617317,-0.785145,0.049649,-0.499543,0.439953,0.746255,0.0,2e-06,-2e-06,0.00377,-0.002849,0.003551,0.25847
150,0.157959,0.027323,0.404535,-0.567978,0.49868,-0.654802,-0.704748,-0.705582,0.073868,-0.424479,0.502802,0.753017,-0.0,-0.0,-0.0,-0.0,0.0,-0.0,0.333624,-0.203488,0.03574,0.391044,0.651626,0.633763,0.416797,-0.731684,0.669938,0.125519,-0.200485,-0.387558,0.899704,0.009504,0.002205,-0.028225,-0.117993,0.178436,0.347508,-1.405843,-0.008535,0.036603,0.012452,-0.540188,-0.723562,0.429714,0.821528,-0.564112,0.08287,0.182445,0.397788,0.899153,-0.001155,0.00172,-0.013385,-0.179167,0.337721,0.176269,-0.728237,0.116183,0.038476,-0.039985,-0.607726,0.43589,-0.663828,-0.61732,-0.785147,0.049596,-0.499584,0.439935,0.746238,-1e-06,2e-06,-2e-06,4.8e-05,-7.2e-05,6.4e-05,0.258307
151,0.157961,0.027338,0.404542,-0.567943,0.498699,-0.654818,-0.70477,-0.705563,0.073842,-0.424491,0.50281,0.753006,1.1e-05,0.000118,5.7e-05,0.0,0.0,0.0,0.330966,-0.203497,0.036046,0.390017,0.65484,0.619174,0.433359,-0.726341,0.673906,0.134961,-0.209288,-0.403927,0.890452,-0.014216,0.019479,-0.03214,-0.185064,0.394228,0.224263,-1.405923,-0.008536,0.036751,0.011925,-0.544825,-0.709738,0.446583,0.817093,-0.569036,0.092493,0.188477,0.415292,0.889948,-0.007073,0.009936,-0.015971,-0.195538,0.405556,0.230725,-0.737381,0.116184,0.038484,-0.039981,-0.607692,0.435914,-0.663843,-0.617343,-0.78513,0.049568,-0.499596,0.439942,0.746226,4e-06,6.3e-05,2.9e-05,-8e-06,-1e-05,8e-06,0.256021
152,0.157962,0.027354,0.40455,-0.567907,0.498718,-0.654835,-0.704792,-0.705544,0.073815,-0.424502,0.502818,0.752994,4.9e-05,0.000553,0.000265,0.0,0.0,0.0,0.329746,-0.203552,0.036411,0.389453,0.658061,0.611556,0.439257,-0.722879,0.676233,0.141735,-0.211175,-0.411573,0.886496,-0.001983,0.022495,-0.031444,-0.305188,0.471227,0.534687,-1.405945,-0.008563,0.036923,0.011654,-0.548345,-0.703805,0.451636,0.814571,-0.571713,0.098069,0.189185,0.421665,0.886795,-0.000935,0.01169,-0.015499,0.051161,0.06988,0.097812,-0.744403,0.116185,0.038491,-0.039978,-0.607659,0.435937,-0.663859,-0.617366,-0.785113,0.049541,-0.499608,0.439948,0.746214,2.9e-05,0.000345,0.000166,4e-06,1e-06,1.5e-05,0.254714
153,0.157955,0.027371,0.404569,-0.567889,0.49873,-0.654841,-0.704816,-0.70552,0.073819,-0.424488,0.50284,0.752988,2.1e-05,0.000236,0.000113,0.0,0.0,0.0,0.32896,-0.203676,0.037531,0.38828,0.664862,0.599684,0.445341,-0.716335,0.680713,0.153065,-0.212181,-0.421539,0.88156,-0.001421,0.028737,-0.028231,-0.260729,0.466961,0.340337,-1.406116,-0.008625,0.037481,0.011066,-0.556667,-0.69293,0.458223,0.809052,-0.577406,0.109708,0.188561,0.431798,0.882039,-0.00089,0.019607,-0.018595,-0.234877,0.488396,0.385215,-0.75469,0.116181,0.038501,-0.039968,-0.607641,0.435952,-0.663865,-0.617393,-0.785092,0.049545,-0.499596,0.439972,0.746208,1e-05,0.000122,5.6e-05,-3e-06,9e-06,2e-06,0.253081
154,0.15793,0.027388,0.404578,-0.567792,0.498784,-0.654884,-0.704876,-0.705468,0.073745,-0.424517,0.50286,0.752958,9e-06,0.000101,4.9e-05,0.0,0.0,0.0,0.327528,-0.203724,0.038889,0.38713,0.683887,0.58188,0.44012,-0.700212,0.692757,0.172408,-0.205422,-0.426821,0.880619,-0.001255,0.045411,-0.033957,0.208868,0.124816,0.653158,-1.406631,-0.00865,0.038151,0.010492,-0.578295,-0.676801,0.455537,0.795544,-0.591554,0.131043,0.180785,0.438181,0.880518,-0.000448,0.017035,-0.012729,0.600637,0.21317,1.726378,-0.762365,0.116168,0.038509,-0.039963,-0.607551,0.436017,-0.663905,-0.617457,-0.785047,0.04947,-0.499627,0.439989,0.746178,4e-06,3.7e-05,1.9e-05,-1e-06,-1e-05,8e-06,0.252265
155,0.157902,0.027382,0.404587,-0.567867,0.498748,-0.654847,-0.704842,-0.705494,0.073819,-0.424473,0.502859,0.752983,0.0,1e-06,1e-06,0.0,0.0,0.0,0.32623,-0.203684,0.039665,0.386622,0.690752,0.568155,0.447272,-0.691863,0.698955,0.180887,-0.210707,-0.435118,0.875293,-0.000539,0.038589,-0.023148,-0.321945,0.530387,0.415037,-1.406329,-0.00863,0.03853,0.010239,-0.586299,-0.665773,0.461517,0.788711,-0.59916,0.137624,0.184896,0.444693,0.87639,-0.000281,0.018945,-0.011753,-0.084728,0.2333,0.214204,-0.762365,0.116155,0.038506,-0.039959,-0.607622,0.435972,-0.66387,-0.617423,-0.785069,0.049545,-0.499584,0.439993,0.746204,-1e-06,-1.8e-05,-8e-06,-1.2e-05,-4e-06,-1e-05,0.250959
156,0.157857,0.027385,0.40459,-0.567968,0.498697,-0.654797,-0.704781,-0.705547,0.073895,-0.424439,0.502834,0.753019,0.0,0.0,0.0,0.0,0.0,0.0,0.325628,-0.203586,0.041155,0.385843,0.715475,0.519664,0.466944,-0.659621,0.722531,0.206841,-0.23078,-0.456652,0.859111,0.000172,0.031764,-0.012365,-0.500692,0.646625,0.692017,-1.406127,-0.00858,0.039276,0.00985,-0.616456,-0.621303,0.483697,0.761306,-0.627116,0.164736,0.200984,0.469794,0.859591,0.000118,0.016153,-0.006059,-0.714275,1.017272,0.69057,-0.761222,0.116132,0.038507,-0.039957,-0.607718,0.435909,-0.663823,-0.617357,-0.785115,0.049622,-0.499548,0.439973,0.74624,-0.006023,0.000345,0.000371,-0.00096,0.014748,-0.029535,0.249326
157,0.157849,0.027393,0.404594,-0.567971,0.498696,-0.654795,-0.70478,-0.705548,0.073896,-0.424438,0.502833,0.75302,2.4e-05,0.000265,0.000127,0.0,0.0,0.0,0.324512,-0.203488,0.042746,0.385501,0.727823,0.490858,0.478877,-0.645112,0.726756,0.235776,-0.233197,-0.481152,0.84497,0.001779,0.035253,0.00346,-0.342525,0.376901,0.544745,-1.406784,-0.008533,0.040075,0.009659,-0.632721,-0.593231,0.497734,0.748204,-0.634028,0.195444,0.199634,0.496068,0.845021,0.000795,0.023903,-0.002194,-0.381861,0.453772,0.643931,-0.757629,0.116128,0.038511,-0.039956,-0.60772,0.435908,-0.663822,-0.617356,-0.785116,0.049623,-0.499546,0.439972,0.746242,2e-05,0.000163,7.8e-05,1.6e-05,2.2e-05,1.3e-05,0.248019
158,0.157843,0.027411,0.404635,-0.567944,0.498716,-0.654803,-0.704831,-0.705492,0.073933,-0.424387,0.502892,0.75301,0.00012,0.001343,0.000644,0.0,0.0,0.0,0.322768,-0.203232,0.04447,0.385773,0.739149,0.469985,0.482457,-0.631849,0.731749,0.25543,-0.233907,-0.494233,0.837188,0.014476,0.046182,0.007847,-0.323165,0.392062,0.396498,-1.4069,-0.00841,0.04092,0.009788,-0.64637,-0.5753,0.501233,0.736794,-0.641349,0.21402,0.19834,0.507642,0.838427,0.001604,0.018559,0.00912,-0.439678,0.450772,0.608626,-0.758772,0.116125,0.038518,-0.039936,-0.607696,0.435931,-0.663828,-0.617415,-0.785067,0.049659,-0.499503,0.440036,0.746234,7.7e-05,0.000862,0.000415,-8e-06,-2e-05,-1e-05,0.24606
159,0.157838,0.027443,0.404662,-0.569866,0.498123,-0.653584,-0.704588,-0.70545,0.076604,-0.42221,0.503538,0.753801,0.00018,0.002017,0.000967,-0.0,0.0,-0.0,0.321285,-0.203169,0.045171,0.386137,0.743098,0.460457,0.485568,-0.626955,0.732535,0.265056,-0.234571,-0.501972,0.832385,0.003279,0.038074,0.018575,-0.395987,0.446999,0.399882,-1.407475,-0.008373,0.041293,0.009975,-0.651694,-0.566043,0.504865,0.732274,-0.643005,0.224317,0.197658,0.515886,0.833542,0.001638,0.019124,0.009329,-0.582986,0.661338,0.468952,-0.762202,0.116122,0.038534,-0.039923,-0.609572,0.435095,-0.662656,-0.617242,-0.785029,0.05235,-0.497427,0.44093,0.747091,0.000115,0.001289,0.000618,0.001209,-0.000898,0.001139,0.24459
160,0.1578,0.027533,0.404706,-0.569774,0.498176,-0.653624,-0.704646,-0.705399,0.076531,-0.422237,0.503556,0.753773,0.000146,0.001636,0.000783,0.0,0.0,0.0,0.320588,-0.203019,0.046334,0.387065,0.746235,0.451311,0.489329,-0.623012,0.732235,0.274994,-0.235122,-0.510636,0.826941,0.015121,0.02494,0.025061,-0.057627,0.070818,-0.074702,-1.407058,-0.008301,0.041892,0.010443,-0.656455,-0.556108,0.509715,0.728194,-0.643575,0.235678,0.196978,0.525884,0.827433,0.001756,0.013131,0.013268,0.009601,-0.077613,0.072731,-0.761222,0.116104,0.038581,-0.039899,-0.609475,0.435164,-0.6627,-0.617305,-0.784985,0.052262,-0.497468,0.440941,0.747058,8.8e-05,0.000981,0.00047,9e-06,-1.3e-05,8e-06,0.241814
161,0.157761,0.027607,0.404732,-0.569598,0.498271,-0.653704,-0.704744,-0.705318,0.076377,-0.422311,0.503575,0.753719,0.000126,0.001402,0.000671,0.0,0.0,0.0,0.321536,-0.20275,0.047019,0.387974,0.751559,0.438687,0.49265,-0.614073,0.737876,0.279977,-0.241625,-0.513494,0.823288,0.002788,0.002734,0.029009,-0.266597,0.361145,0.03043,-1.406987,-0.008159,0.042261,0.010915,-0.662926,-0.54564,0.512646,0.720708,-0.650518,0.239595,0.202753,0.528302,0.824492,0.001342,0.000915,0.014284,-0.362603,0.452128,0.063567,-0.764651,0.116084,0.038618,-0.039886,-0.609309,0.435281,-0.662775,-0.617409,-0.784914,0.052106,-0.497541,0.440952,0.747002,7.5e-05,0.000844,0.000404,2e-06,-1.1e-05,-1.2e-05,0.241488
162,0.157762,0.027615,0.404736,-0.569581,0.498281,-0.653712,-0.704755,-0.705309,0.076364,-0.422316,0.503579,0.753713,1.6e-05,0.000183,8.8e-05,0.0,0.0,0.0,0.321978,-0.202695,0.047071,0.388361,0.755746,0.428464,0.495235,-0.606223,0.743558,0.282043,-0.248329,-0.513915,0.821028,0.001698,0.005,0.016212,-0.197164,0.268819,-0.029089,-1.407386,-0.008132,0.042292,0.011105,-0.668491,-0.535825,0.515762,0.71369,-0.65725,0.242213,0.209201,0.530012,0.821779,0.000737,0.001322,0.007543,-0.270782,0.276538,0.160226,-0.764814,0.116085,0.038624,-0.039883,-0.609293,0.435293,-0.662783,-0.617421,-0.784905,0.052093,-0.497547,0.440956,0.746997,4e-06,4.2e-05,2.2e-05,3e-06,-1e-06,-1.8e-05,0.242141
163,0.157788,0.027613,0.404723,-0.569524,0.498307,-0.653741,-0.704778,-0.705293,0.076303,-0.422355,0.503576,0.753694,0.01204,-0.000783,-0.00079,0.000984,-0.014715,0.029553,0.322111,-0.202733,0.046641,0.38891,0.754967,0.415042,0.507697,-0.59885,0.75166,0.27626,-0.267892,-0.513125,0.815353,0.000178,-0.013051,0.007678,2.768923,1.540591,4.489055,-1.40719,-0.00815,0.042099,0.01138,-0.666004,-0.526201,0.528725,0.711068,-0.662047,0.236803,0.225434,0.533671,0.815091,4.8e-05,-0.006896,0.003661,-0.02879,-0.004494,-0.021229,-0.765141,0.116093,0.038622,-0.03989,-0.609258,0.435314,-0.662801,-0.617431,-0.784901,0.052047,-0.497577,0.440944,0.746983,-5e-06,-7.3e-05,-3.6e-05,1.1e-05,1e-05,-8e-06,0.242957
164,0.157834,0.027625,0.404717,-0.569391,0.498373,-0.653808,-0.704847,-0.705236,0.076185,-0.422419,0.50359,0.753649,1.1e-05,0.000117,5.6e-05,0.0,0.0,0.0,0.321776,-0.202737,0.045877,0.389109,0.750085,0.411045,0.518079,-0.598512,0.755007,0.267735,-0.282033,-0.511418,0.811648,-0.000636,-0.022705,0.003102,-0.024935,-0.0658,0.131549,-1.407169,-0.008152,0.041703,0.011484,-0.66414,-0.517857,0.539204,0.707109,-0.66928,0.228167,0.242721,0.532811,0.810677,-0.000393,-0.012166,0.001164,-0.042628,0.019556,-0.041349,-0.763018,0.116121,0.038627,-0.039894,-0.609113,0.435408,-0.662873,-0.617516,-0.784842,0.051912,-0.497648,0.440955,0.746929,8e-06,6.3e-05,2.9e-05,1e-05,8e-06,-7e-06,0.243284
165,0.157853,0.02764,0.404724,-0.569315,0.498412,-0.653844,-0.704893,-0.705196,0.076128,-0.422444,0.503608,0.753623,0.012126,0.000191,-0.000324,0.000984,-0.014715,0.029553,0.32017,-0.202762,0.04548,0.389014,0.746362,0.407196,0.526427,-0.597192,0.758741,0.260016,-0.294469,-0.508957,0.808773,-0.001432,-0.016927,-0.008058,0.001458,0.018136,-0.029014,-1.407206,-0.008164,0.041508,0.011443,-0.660717,-0.513622,0.547398,0.705921,-0.673094,0.220495,0.255199,0.532105,0.807302,-0.000792,-0.009345,-0.004446,0.036957,-0.02371,0.089423,-0.763508,0.11613,0.038634,-0.039891,-0.609042,0.435456,-0.662907,-0.617566,-0.784807,0.051854,-0.497674,0.44097,0.746903,0.006067,0.000135,-0.000144,0.001,-0.014714,0.029551,0.242467
166,0.15785,0.027704,0.404755,-0.569194,0.498477,-0.6539,-0.704969,-0.705131,0.076036,-0.422482,0.503634,0.753584,0.000229,0.002562,0.001225,0.0,0.0,0.0,0.318523,-0.20283,0.044761,0.388387,0.746845,0.373948,0.549889,-0.574211,0.779581,0.249939,-0.336143,-0.502889,0.796225,-0.002716,-0.016822,-0.022022,1.256774,2.105301,-1.11471,-1.406815,-0.0082,0.041134,0.011122,-0.665088,-0.481019,0.571208,0.685612,-0.696479,0.211783,0.295963,0.532481,0.793012,-0.001405,-0.009027,-0.011305,1.263204,2.075688,-1.110202,-0.757466,0.116128,0.038663,-0.039877,-0.608927,0.435536,-0.662959,-0.617646,-0.78475,0.051761,-0.497713,0.440993,0.746864,0.000137,0.00154,0.000735,0.000946,-0.011893,0.026209,0.240508
167,0.157852,0.027831,0.404816,-0.568932,0.498617,-0.654021,-0.705131,-0.704991,0.075836,-0.422564,0.503692,0.753499,0.000276,0.003083,0.001472,0.0,0.0,0.0,0.318355,-0.203026,0.044091,0.387325,0.746162,0.320572,0.583496,-0.543017,0.800002,0.255075,-0.385951,-0.50758,0.770239,-0.003604,-0.01187,-0.033758,2.814346,2.117026,4.550346,-1.406903,-0.008299,0.040793,0.010588,-0.668928,-0.430073,0.606277,0.659374,-0.719855,0.21687,0.343162,0.544834,0.76511,-0.001832,-0.00638,-0.017039,2.770077,2.145248,4.579772,-0.748975,0.11613,0.038728,-0.039846,-0.608681,0.435708,-0.663072,-0.61782,-0.784627,0.051559,-0.4978,0.441042,0.746777,0.000171,0.001918,0.000915,9e-06,-8e-06,-2.7e-05,0.238875
168,0.15789,0.027964,0.404867,-0.568575,0.498803,-0.65419,-0.705339,-0.704814,0.075547,-0.422698,0.503756,0.753382,0.000217,0.002431,0.001159,0.0,0.0,0.0,0.319775,-0.20319,0.043418,0.386018,0.74149,0.254352,0.620877,-0.498064,0.828586,0.255561,-0.450363,-0.499054,0.740257,0.00776,-0.016763,-0.037212,0.678516,1.089672,1.330469,-1.406958,-0.008384,0.04046,0.009948,-0.672121,-0.364365,0.644585,0.618667,-0.754654,0.218511,0.406821,0.54565,0.73264,-0.001967,-0.00813,-0.018007,2.988125,2.26648,4.276547,-0.747016,0.116149,0.038798,-0.039818,-0.608344,0.435937,-0.66323,-0.618041,-0.784471,0.051266,-0.497937,0.441091,0.746657,0.000107,0.001203,0.000573,1.5e-05,-1.7e-05,-3.5e-05,0.239202
169,0.157911,0.028002,0.404863,-0.568454,0.498862,-0.65425,-0.705389,-0.704777,0.075418,-0.422776,0.503748,0.753343,3.7e-05,0.000412,0.000197,0.0,0.0,0.0,0.320472,-0.203198,0.043077,0.385296,0.736991,0.219344,0.639315,-0.470372,0.845593,0.2523,-0.486169,-0.486936,0.725531,0.007265,-0.007639,-0.046881,3.56256,2.788111,3.314546,-1.406865,-0.008388,0.040285,0.00959,-0.671304,-0.332262,0.662534,0.596254,-0.773063,0.216455,0.440261,0.540347,0.717073,-0.001863,-0.014203,-0.014109,0.689649,2.846828,-1.567045,-0.751261,0.116159,0.038819,-0.039819,-0.60823,0.436012,-0.663286,-0.618093,-0.784439,0.051135,-0.498012,0.441075,0.746615,1.3e-05,0.000171,8e-05,-8e-06,-3.2e-05,-5.8e-05,0.240345
170,0.157981,0.028011,0.404812,-0.568276,0.498943,-0.654343,-0.705439,-0.704751,0.07519,-0.422933,0.503704,0.753284,-0.000203,0.007947,-0.01049,0.03476,0.000226,-0.007242,0.322261,-0.203047,0.042284,0.383764,0.727913,0.16069,0.666567,-0.42028,0.872587,0.248776,-0.542559,-0.461437,0.701832,0.007596,-0.019406,-0.038954,0.011564,0.906177,0.077475,-1.406615,-0.008316,0.039895,0.008833,-0.670786,-0.27086,0.690419,0.546734,-0.809611,0.213566,0.501125,0.520733,0.691165,0.003876,-0.009671,-0.019419,3.293519,2.290238,3.743351,-0.750935,0.116195,0.038823,-0.03984,-0.608057,0.436118,-0.663375,-0.618155,-0.784404,0.050923,-0.498146,0.441033,0.746551,-4.1e-05,-0.00046,-0.000219,1.6e-05,-9e-06,-2.9e-05,0.242304
171,0.158038,0.028035,0.404692,-0.568109,0.499006,-0.654439,-0.705399,-0.704829,0.074838,-0.423223,0.503533,0.753236,-0.000194,0.008052,-0.010438,0.035702,-0.011664,0.018993,0.325784,-0.202491,0.041512,0.382309,0.713454,0.09582,0.694115,-0.355027,0.903388,0.240375,-0.6049,-0.41805,0.677639,0.019832,-0.016647,-0.038656,1.055299,2.883677,-1.512002,-1.406598,-0.008047,0.039501,0.008102,-0.666552,-0.205166,0.716669,0.485548,-0.848968,0.208553,0.565642,0.486989,0.665499,0.010029,-0.008547,-0.019431,3.972911,2.068445,3.768795,-0.753384,0.116223,0.038832,-0.039901,-0.607898,0.4362,-0.663466,-0.618097,-0.784472,0.050572,-0.498412,0.440829,0.746494,0.005976,-0.000828,-0.000604,0.001006,-0.014721,0.029546,0.244427
172,0.158045,0.028079,0.404616,-0.568018,0.499039,-0.654494,-0.705349,-0.704904,0.074598,-0.423428,0.503395,0.753213,-0.000172,0.008302,-0.010318,0.035702,-0.011668,0.018991,0.326804,-0.20205,0.041177,0.381641,0.704428,0.062317,0.707029,-0.319932,0.917,0.238093,-0.634374,-0.394003,0.664977,0.020175,-0.013387,-0.037088,1.024743,1.135293,0.95412,-1.406401,-0.00782,0.039321,0.007751,-0.65865,-0.169933,0.733009,0.453567,-0.866951,0.206571,0.60038,0.468527,0.648094,0.016345,-0.012465,-0.014821,3.880708,2.344128,3.668915,-0.752404,0.116226,0.038852,-0.03994,-0.607827,0.436233,-0.663511,-0.618022,-0.784547,0.050346,-0.498593,0.440666,0.74647,-8.7e-05,-0.001012,-0.000485,-0.00092,0.01191,-0.026236,0.24655
173,0.158061,0.028235,0.404433,-0.567529,0.496977,-0.656484,-0.704884,-0.705288,0.075367,-0.424854,0.504896,0.751403,-3.5e-05,0.009845,-0.009578,-0.129059,-0.531641,-0.211278,0.33087,-0.200788,0.040696,0.380286,0.673988,-0.007599,0.738697,-0.253272,0.936891,0.240878,-0.694736,-0.349436,0.628569,0.044782,-0.006785,-0.035488,-0.031324,1.074257,0.296106,-1.40629,-0.007198,0.039072,0.00707,-0.637111,-0.096422,0.764717,0.389265,-0.896571,0.211263,0.665253,0.432276,0.608749,0.01649,-0.002403,-0.016826,0.692562,1.681124,1.012904,-0.753547,0.116234,0.038927,-0.040033,-0.607636,0.43632,-0.663627,-0.61782,-0.784743,0.049742,-0.499074,0.440228,0.746407,-6e-06,-0.000105,-5.2e-05,1e-05,8e-06,-2.2e-05,0.250795
174,0.15806,0.028431,0.404227,-0.567004,0.494922,-0.658486,-0.704391,-0.705708,0.076038,-0.426367,0.506327,0.749581,-1.1e-05,-0.000121,-5.8e-05,-0.062111,-0.196147,-0.087042,0.329983,-0.199064,0.040773,0.379092,0.635581,-0.062194,0.769519,-0.207465,0.946254,0.247982,-0.744361,-0.317189,0.587521,0.045986,0.007545,-0.028004,-0.449792,1.346326,0.111882,-1.406413,-0.006337,0.039097,0.006466,-0.605925,-0.038261,0.7946,0.345038,-0.912641,0.219165,0.7168,0.406965,0.566194,0.023031,0.004199,-0.013805,0.05843,1.025936,0.087675,-0.754364,0.116233,0.039025,-0.040136,-0.606357,0.432869,-0.667049,-0.617131,-0.785175,0.051457,-0.501477,0.442858,0.743233,-2e-06,-5.8e-05,-2.9e-05,-0.124306,-0.362915,-0.151312,0.252755
175,0.158032,0.028667,0.403998,-0.566886,0.494934,-0.65858,-0.704087,-0.706087,0.075341,-0.427027,0.505788,0.749569,-0.0,-1e-06,-0.0,-1.6e-05,-4.9e-05,-2.2e-05,0.328384,-0.196974,0.041227,0.378019,0.595478,-0.108096,0.796061,-0.167053,0.952515,0.254445,-0.78649,-0.284372,0.548114,0.046346,0.012634,-0.025301,4.064318,2.381893,2.857512,-1.406584,-0.005274,0.039337,0.005924,-0.569958,0.01318,0.821567,0.308064,-0.923508,0.228533,0.761737,0.38335,0.5223,0.023367,0.006648,-0.012569,4.084144,2.351229,2.833805,-0.752731,0.116219,0.039148,-0.040254,-0.606107,0.432317,-0.667634,-0.616623,-0.785598,0.051095,-0.502403,0.442648,0.742732,0.0,0.005066,-0.004716,0.036859,-0.008729,0.020074,0.250795
176,0.158032,0.028804,0.403871,-0.568331,0.492271,-0.659329,-0.703428,-0.706357,0.07888,-0.426191,0.508005,0.748545,-1.1e-05,0.010104,-0.009443,0.031782,-0.024094,0.013457,0.327104,-0.195899,0.041541,0.377494,0.572823,-0.128279,0.809574,-0.152326,0.953744,0.259044,-0.806053,-0.271551,0.525739,0.058365,0.01375,-0.025529,0.891715,1.625863,0.869312,-1.406716,-0.004758,0.039493,0.005674,-0.551001,0.034895,0.833774,0.293516,-0.92718,0.232775,0.781182,0.372985,0.500636,0.029395,0.007478,-0.012539,3.982886,2.715044,2.952069,-0.75714,0.116219,0.039212,-0.040314,-0.607158,0.429315,-0.668615,-0.616026,-0.785814,0.054834,-0.501866,0.445178,0.741583,0.0,0.005061,-0.004717,0.044488,-0.000545,0.022404,0.249652
177,0.158033,0.029069,0.403634,-0.567671,0.490264,-0.66139,-0.702943,-0.706788,0.079339,-0.427866,0.509344,0.746677,1e-06,1.2e-05,6e-06,-0.027478,-0.086923,-0.03881,0.321258,-0.193668,0.04237,0.376429,0.527671,-0.166376,0.832991,-0.120524,0.955976,0.267426,-0.841452,-0.241307,0.483314,0.057961,0.027878,-0.032298,1.034415,1.560749,0.778932,-1.406567,-0.003642,0.039905,0.005146,-0.510296,0.079,0.856362,0.262823,-0.933805,0.242757,0.818853,0.34895,0.455754,0.029462,0.009214,-0.011616,4.101008,2.757099,2.979615,-0.760732,0.11622,0.039349,-0.040435,-0.606204,0.427571,-0.670595,-0.615545,-0.786167,0.05518,-0.503607,0.446232,0.739767,-1e-06,0.005056,-0.004717,0.007153,-0.106139,-0.024478,0.245407
178,0.158033,0.029335,0.403397,-0.569301,0.489769,-0.660354,-0.702462,-0.707065,0.081109,-0.426487,0.509436,0.747403,-5e-06,0.010165,-0.009404,0.035305,-0.011496,0.01857,0.311413,-0.19143,0.043053,0.375417,0.487936,-0.195314,0.850742,-0.097559,0.956266,0.275629,-0.867958,-0.21725,0.446446,0.046926,0.004854,-0.01506,-0.315291,0.895748,0.022008,-1.406502,-0.002519,0.04026,0.004636,-0.473977,0.11379,0.873153,0.23881,-0.937837,0.251854,0.847534,0.327891,0.417339,0.029142,0.007299,-0.01254,-0.397728,1.185768,-0.014123,-0.761059,0.11622,0.039482,-0.040554,-0.607893,0.426912,-0.669485,-0.615019,-0.786452,0.05694,-0.50221,0.44636,0.740638,0.0,0.005074,-0.004706,0.03998,-0.012887,0.02334,0.236099
179,0.158033,0.029434,0.403305,-0.569122,0.489842,-0.660455,-0.702419,-0.707152,0.080727,-0.426797,0.509246,0.747355,-8e-06,0.010125,-0.009421,0.035693,-0.011771,0.018945,0.305216,-0.190518,0.043255,0.375051,0.479349,-0.204363,0.853494,-0.09496,0.954654,0.282052,-0.873009,-0.216001,0.437106,0.046432,0.017209,-0.022775,-0.147959,0.615734,-0.113847,-1.40657,-0.002046,0.04036,0.004445,-0.465786,0.124557,0.876087,0.236518,-0.9365,0.258895,0.852703,0.3278,0.406748,0.023229,0.008649,-0.011395,-0.123461,0.577245,-0.152916,-0.763834,0.11622,0.039532,-0.0406,-0.607691,0.427033,-0.669591,-0.614964,-0.786527,0.056504,-0.502523,0.446112,0.740576,-1e-06,0.005055,-0.004716,0.036166,-0.011958,0.019747,0.229078
180,0.158016,0.029541,0.403218,-0.568844,0.489967,-0.660601,-0.702436,-0.707186,0.080269,-0.427138,0.509078,0.747275,8.6e-05,0.000972,0.000464,-0.0,-0.0,-0.0,0.298766,-0.188944,0.043538,0.374778,0.480394,-0.207452,0.85216,-0.097647,0.952861,0.28715,-0.872139,-0.220904,0.436393,0.036016,0.004995,0.000168,-0.004765,0.037642,-0.057927,-1.406455,-0.001259,0.040492,0.004303,-0.467714,0.126968,0.874712,0.239034,-0.934582,0.263471,0.850943,0.332316,0.406768,0.018034,0.002835,0.000235,0.001518,0.029981,-0.077745,-0.764978,0.116211,0.039583,-0.040644,-0.607419,0.427201,-0.669731,-0.614973,-0.786553,0.056038,-0.502841,0.445905,0.740485,5.2e-05,0.000552,0.000263,-8.8e-05,3.9e-05,0.000171,0.216341
181,0.15799,0.029559,0.403217,-0.570623,0.489452,-0.659449,-0.702251,-0.707082,0.082774,-0.425067,0.509719,0.748019,0.00012,0.001346,0.000642,-0.0,0.0,-0.0,0.300365,-0.187705,0.043497,0.374861,0.476109,-0.210846,0.85373,-0.093542,0.953109,0.287691,-0.87493,-0.216576,0.432961,0.023844,-0.000569,-0.001972,-0.04488,0.079431,0.124456,-1.40675,-0.000648,0.040489,0.004355,-0.463886,0.130586,0.876217,0.235217,-0.935419,0.263938,0.854097,0.328539,0.403212,0.012217,-0.005951,0.003122,-0.110716,0.219535,-0.048812,-0.772652,0.116198,0.039591,-0.040646,-0.609169,0.426458,-0.668614,-0.614864,-0.786453,0.058578,-0.500853,0.446791,0.741297,7.2e-05,0.000784,0.000374,0.003269,-0.013841,0.028599,0.212912
182,0.157964,0.029568,0.403233,-0.570662,0.489435,-0.659428,-0.702239,-0.707088,0.082822,-0.425034,0.509727,0.748032,2.4e-05,0.000273,0.00013,-0.0,-0.0,-0.0,0.304238,-0.187225,0.043145,0.374908,0.473839,-0.212375,0.854613,-0.094601,0.95252,0.289291,-0.876045,-0.217666,0.43015,-0.000156,-0.004201,-0.002247,-0.001906,0.004283,0.002569,-1.406295,-0.000398,0.040315,0.004378,-0.461693,0.132599,0.877072,0.236306,-0.934646,0.265695,0.854984,0.329927,0.400186,-0.000101,-0.002722,-0.001466,-0.004573,0.081554,-0.182465,-0.777061,0.116186,0.039599,-0.040636,-0.609183,0.426448,-0.668608,-0.614858,-0.786457,0.058596,-0.500843,0.446795,0.741302,1.4e-05,0.000158,7.5e-05,-2.7e-05,-3.2e-05,9.3e-05,0.215688
183,0.157974,0.029576,0.403236,-0.570624,0.489454,-0.659446,-0.702263,-0.707068,0.082793,-0.425047,0.509735,0.748019,2.4e-05,0.000268,0.000128,-0.0,-0.0,-0.0,0.306098,-0.187284,0.043061,0.374835,0.473408,-0.211758,0.855005,-0.094928,0.952684,0.288645,-0.876243,-0.217553,0.429805,-0.000178,-0.004766,-0.002552,-2.4e-05,5.3e-05,3.2e-05,-1.406426,-0.000423,0.040273,0.004341,-0.461318,0.13191,0.877373,0.236605,-0.934783,0.264947,0.855103,0.329816,0.400022,-9.4e-05,-0.002528,-0.00136,0.000117,-0.003761,-0.002643,-0.777714,0.116191,0.039603,-0.040634,-0.609146,0.426473,-0.668625,-0.614884,-0.786439,0.058567,-0.500856,0.446803,0.741288,1.3e-05,0.000155,7.5e-05,-4e-05,1e-06,6.6e-05,0.218464
184,0.157973,0.029591,0.403211,-0.570479,0.489525,-0.659519,-0.702317,-0.707034,0.082625,-0.425152,0.509714,0.747974,-0.000141,-0.001583,-0.000756,-0.000929,0.012041,-0.026167,0.307261,-0.18786,0.043126,0.374446,0.474583,-0.208651,0.855118,-0.094471,0.953742,0.28528,-0.875658,-0.21592,0.431817,-0.024894,0.00086,-0.012206,0.032773,0.028094,-0.068786,-1.406491,-0.000707,0.040307,0.004153,-0.462223,0.128454,0.87741,0.236193,-0.935875,0.26144,0.854729,0.328081,0.402243,-0.01275,0.005648,-0.010466,0.057234,0.035354,-0.040648,-0.777387,0.116191,0.039614,-0.040645,-0.608992,0.426574,-0.668702,-0.61495,-0.7864,0.058385,-0.500962,0.446775,0.741233,3e-06,-1.3e-05,-6e-06,-2e-06,4.9e-05,7.9e-05,0.22173
185,0.157991,0.029643,0.403161,-0.570342,0.489584,-0.659593,-0.702319,-0.707059,0.082389,-0.425332,0.509622,0.747934,-0.0,-0.0,-0.0,-0.0,-0.0,-0.0,0.305921,-0.189168,0.043441,0.373531,0.473054,-0.206109,0.856581,-0.093552,0.954933,0.281574,-0.876582,-0.213084,0.431349,-0.038333,0.01591,-0.031966,0.099539,0.039119,-0.084771,-1.406083,-0.00137,0.040467,0.003691,-0.460137,0.126226,0.878828,0.235374,-0.937082,0.25783,0.856079,0.32549,0.401476,-0.019165,0.007664,-0.016123,0.098559,0.039328,-0.084796,-0.777877,0.116199,0.039636,-0.040672,-0.608877,0.426639,-0.668764,-0.614932,-0.786431,0.058162,-0.501124,0.446659,0.741195,4e-06,1e-06,-2e-06,-1.8e-05,1.1e-05,5.9e-05,0.22173
186,0.157991,0.029681,0.403126,-0.570273,0.489612,-0.659632,-0.702302,-0.707093,0.082242,-0.425452,0.509549,0.747916,-0.0,-0.0,-0.0,-0.0,-0.0,-0.0,0.305758,-0.190134,0.043691,0.372881,0.473656,-0.206139,0.856241,-0.092326,0.955173,0.281164,-0.876387,-0.211978,0.432289,-0.051058,0.022803,-0.041756,0.133857,0.042242,-0.09659,-1.406448,-0.001815,0.040582,0.003396,-0.460883,0.126325,0.878423,0.234256,-0.937393,0.257713,0.855984,0.324552,0.402437,-0.025255,0.005349,-0.016952,0.097891,0.056974,-0.118528,-0.779347,0.116199,0.039655,-0.04069,-0.608811,0.426675,-0.668802,-0.614909,-0.786461,0.058015,-0.501233,0.446573,0.741173,5e-06,-0.0,-2e-06,-1.2e-05,3.7e-05,5.6e-05,0.22124
187,0.157964,0.029781,0.403035,-0.570155,0.489654,-0.659703,-0.702222,-0.707211,0.081906,-0.425741,0.509345,0.74789,-0.0,-0.0,-0.0,-0.0,-0.0,-0.0,0.30706,-0.192441,0.044326,0.371269,0.474236,-0.209232,0.855168,-0.089094,0.954887,0.283172,-0.876409,-0.210227,0.433098,-0.075963,0.026296,-0.052552,0.104183,0.190441,-0.066084,-1.406241,-0.003007,0.040914,0.002562,-0.461883,0.129175,0.877483,0.23109,-0.937639,0.25967,0.856306,0.322715,0.403229,-0.037974,0.012689,-0.026492,0.099373,0.207633,-0.065975,-0.779674,0.116186,0.039705,-0.040735,-0.608698,0.426732,-0.668869,-0.614808,-0.786564,0.05768,-0.501495,0.446336,0.741138,4e-06,-2e-06,-1e-06,3e-06,1.7e-05,6.4e-05,0.22173
188,0.157928,0.029897,0.402932,-0.570029,0.489697,-0.65978,-0.702123,-0.707353,0.081526,-0.426072,0.509106,0.747864,1.2e-05,0.010329,-0.009316,0.03569,-0.011811,0.018926,0.30972,-0.195234,0.045126,0.369238,0.462991,-0.219148,0.858839,-0.086668,0.953047,0.290042,-0.882633,-0.208453,0.421153,-0.076329,0.022078,-0.054887,-0.045369,0.546384,0.15625,-1.406108,-0.004375,0.041302,0.001565,-0.452608,0.139799,0.880682,0.228814,-0.936357,0.26623,0.861852,0.32201,0.391814,-0.038167,0.010381,-0.027762,-0.164536,0.748594,0.302483,-0.78147,0.116168,0.039759,-0.040783,-0.608589,0.426783,-0.668935,-0.614689,-0.786683,0.05733,-0.501772,0.446077,0.741106,1.4e-05,0.000123,5.9e-05,-1.3e-05,8e-06,4.5e-05,0.224016
189,0.157928,0.029981,0.402843,-0.57175,0.489191,-0.658665,-0.701839,-0.707372,0.083781,-0.424232,0.509567,0.748596,-1e-06,-1e-05,-5e-06,-0.0,0.0,-0.0,0.314384,-0.198174,0.045819,0.366949,0.448313,-0.229416,0.86393,-0.084266,0.951282,0.296473,-0.890394,-0.205433,0.406027,-0.065604,0.023938,-0.069204,-0.005587,0.565822,0.142901,-1.406128,-0.005819,0.041649,0.000451,-0.43963,0.151643,0.885285,0.226472,-0.935082,0.272637,0.869157,0.320352,0.376747,-0.032555,0.006304,-0.030492,-0.071043,0.587594,0.398977,-0.773632,0.116167,0.039805,-0.040831,-0.610252,0.42607,-0.667874,-0.614454,-0.7867,0.059566,-0.500038,0.446728,0.741886,-0.0,0.005067,-0.004702,0.035947,-0.012016,0.019215,0.228751
190,0.157928,0.030041,0.402787,-0.571762,0.489171,-0.65867,-0.701737,-0.707489,0.083639,-0.424383,0.509423,0.748609,-5e-06,0.010142,-0.009402,0.035689,-0.011823,0.018921,0.313138,-0.199454,0.04598,0.365787,0.441809,-0.233611,0.866153,-0.077465,0.951888,0.296381,-0.894249,-0.197756,0.401341,-0.065706,0.007989,-0.063816,0.103754,0.228677,-0.093908,-1.406303,-0.006488,0.041742,-0.000153,-0.432105,0.158393,0.887804,0.219877,-0.936242,0.274052,0.874607,0.313626,0.369727,-0.026842,0.003416,-0.032588,0.144568,0.067834,0.079409,-0.767753,0.116167,0.039831,-0.040855,-0.610272,0.426043,-0.667873,-0.614341,-0.786797,0.059451,-0.500152,0.446583,0.741896,2e-06,4e-06,2e-06,1.9e-05,-1.7e-05,6.6e-05,0.230221
191,0.157937,0.030185,0.402653,-0.573467,0.48866,-0.657566,-0.701373,-0.707598,0.085752,-0.422682,0.509763,0.749339,0.000137,0.011729,-0.008641,0.036613,-0.023927,0.045058,0.310025,-0.201593,0.046068,0.363268,0.427044,-0.244292,0.870601,-0.063599,0.952244,0.29853,-0.902464,-0.182557,0.389993,-0.042284,0.00387,-0.068163,0.071283,0.288829,0.024034,-1.406655,-0.007567,0.041778,-0.001416,-0.419311,0.170203,0.891744,0.206177,-0.938747,0.276121,0.88412,0.299638,0.358535,-0.027165,0.001522,-0.033859,0.050506,0.265077,0.204837,-0.764814,0.116172,0.039899,-0.040925,-0.611949,0.425307,-0.666806,-0.614005,-0.786895,0.061589,-0.498513,0.447112,0.74268,2e-06,8e-06,4e-06,0.000308,-0.000293,0.000351,0.228425
192,0.157918,0.030346,0.402495,-0.573224,0.488752,-0.65771,-0.701268,-0.707775,0.085149,-0.423188,0.509428,0.749281,-1.4e-05,-0.000162,-7.8e-05,0.0,0.0,0.0,0.310396,-0.202852,0.045919,0.36072,0.421931,-0.245527,0.872744,-0.059916,0.952906,0.297177,-0.905112,-0.17738,0.386227,-0.018034,-0.007886,-0.062464,0.129142,0.051013,-0.075827,-1.407195,-0.0082,0.041704,-0.002672,-0.414039,0.172533,0.893757,0.202595,-0.939777,0.27527,0.887426,0.295044,0.35415,-0.008953,-0.003674,-0.031031,0.158635,-0.088414,0.071097,-0.769223,0.116163,0.039988,-0.041005,-0.611682,0.425449,-0.666961,-0.613872,-0.78705,0.06094,-0.499005,0.446705,0.742595,-8e-06,0.004974,-0.004746,0.035677,-0.011854,0.018948,0.226955
193,0.157918,0.03043,0.402417,-0.572951,0.488877,-0.657855,-0.701308,-0.707786,0.084733,-0.42349,0.509295,0.749202,-0.0,-2e-06,-1e-06,0.0,0.0,0.0,0.310524,-0.20306,0.04574,0.359576,0.418154,-0.245051,0.874693,-0.058651,0.953563,0.295317,-0.906942,-0.174492,0.383238,-0.005874,-0.007019,-0.062993,0.131525,0.10683,-0.088076,-1.407352,-0.008315,0.041609,-0.003269,-0.410138,0.172401,0.89558,0.201331,-0.94063,0.273274,0.889523,0.292388,0.351079,-0.002755,-0.009329,-0.027565,0.148808,0.104599,-0.106146,-0.771836,0.116163,0.040029,-0.041044,-0.611423,0.425607,-0.667098,-0.613901,-0.787059,0.060523,-0.499287,0.446538,0.742506,1e-06,0.005081,-0.004693,0.035677,-0.011841,0.018936,0.226955
194,0.157892,0.030622,0.402243,-0.571629,0.491816,-0.656812,-0.705127,-0.703748,0.086637,-0.418917,0.512046,0.749897,-0.0,-0.0,-0.0,-0.327073,0.043379,0.372621,0.314507,-0.202692,0.04504,0.357345,0.402103,-0.23052,0.886096,-0.05987,0.959029,0.276792,-0.914076,-0.164069,0.370688,0.031437,-0.02878,-0.049468,0.184956,0.601696,-0.832781,-1.407327,-0.008153,0.04127,-0.004369,-0.393874,0.161575,0.904851,0.201969,-0.945156,0.256687,0.8967,0.283854,0.339639,0.009676,-0.014127,-0.024156,0.083564,0.039309,-0.084331,-0.778857,0.116149,0.040125,-0.041131,-0.610739,0.428331,-0.66598,-0.617811,-0.783844,0.062429,-0.495284,0.449577,0.743352,-3e-06,0.005076,-0.00469,-1.060171,0.134632,1.279575,0.229731
195,0.15783,0.0309,0.402005,-0.564562,0.501376,-0.655695,-0.71694,-0.691477,0.088477,-0.408343,0.519418,0.750659,1e-06,0.010173,-0.009371,0.026877,-0.010705,0.028969,0.317109,-0.201054,0.044076,0.355531,0.383312,-0.213391,0.898625,-0.06299,0.964575,0.256048,-0.921885,-0.154493,0.355138,0.05687,-0.021297,-0.047019,0.187853,0.552413,-0.744797,-1.407056,-0.007358,0.040783,-0.005288,-0.372568,0.146998,0.916288,0.204937,-0.949964,0.235729,0.905092,0.275607,0.323801,0.028446,-0.010748,-0.023586,0.064026,0.065627,-0.103111,-0.783919,0.116118,0.040261,-0.041246,-0.604632,0.439017,-0.664591,-0.631497,-0.772725,0.064076,-0.485417,0.45843,0.744453,-0.005989,0.005436,-0.00431,0.007473,0.00513,0.024673,0.233976
196,0.157794,0.031093,0.401832,-0.560319,0.507562,-0.654575,-0.72463,-0.683151,0.090485,-0.400557,0.524391,0.751395,2e-06,0.010176,-0.009365,-0.109257,0.037114,0.085556,0.310866,-0.199777,0.043574,0.354726,0.38088,-0.206622,0.901238,-0.063296,0.966535,0.248469,-0.922869,-0.151432,0.353899,0.069616,-0.018147,-0.046105,0.506712,1.619578,-2.288949,-1.407182,-0.006703,0.040519,-0.005705,-0.369289,0.140313,0.91866,0.205159,-0.951836,0.227851,0.906385,0.272615,0.322716,0.035053,-0.014303,-0.018846,0.03622,0.115491,-0.266682,-0.787675,0.1161,0.040357,-0.041333,-0.601215,0.445588,-0.663317,-0.640079,-0.765473,0.065942,-0.478369,0.464221,0.745426,9e-06,0.005086,-0.004682,-0.462755,0.161861,0.232439,0.23316
197,0.157724,0.031609,0.401377,-0.549872,0.520205,-0.653508,-0.739725,-0.66661,0.091702,-0.387254,0.53319,0.752176,6e-06,0.010206,-0.009341,0.026901,-0.010722,0.028961,0.302145,-0.196471,0.042757,0.353227,0.375603,-0.185241,0.908075,-0.070159,0.971266,0.227277,-0.924528,-0.148853,0.350649,0.095642,-0.022528,-0.035871,-0.183851,0.223996,-1.172582,-1.407542,-0.005059,0.040111,-0.006458,-0.358925,0.119304,0.925709,0.211577,-0.955579,0.205188,0.909069,0.269506,0.31774,0.053981,-0.011306,-0.01843,-0.882746,0.848048,-2.99333,-0.792737,0.116065,0.040619,-0.041564,-0.592274,0.459495,-0.661872,-0.657206,-0.750734,0.066912,-0.466144,0.474617,0.746623,1.3e-05,0.005097,-0.004672,0.028779,-0.011881,0.029034,0.220423
198,0.157616,0.032266,0.400778,-0.549756,0.525079,-0.649697,-0.745595,-0.659114,0.098131,-0.37602,0.537703,0.75466,-2.9e-05,0.019908,-0.018897,0.071334,-0.024012,0.037657,0.302791,-0.192153,0.041868,0.351768,0.37645,-0.153351,0.913652,-0.094018,0.974731,0.202466,-0.92206,-0.161936,0.351348,0.108673,-0.022325,-0.037002,-0.061042,-0.052506,-1.35976,-1.407808,-0.002905,0.039675,-0.007182,-0.354145,0.088803,0.930964,0.234892,-0.955122,0.180462,0.90521,0.282586,0.317392,0.06055,-0.010505,-0.018574,-1.00568,1.306925,-2.904476,-0.800901,0.116012,0.040941,-0.041856,-0.592881,0.464278,-0.657979,-0.664077,-0.744055,0.073361,-0.455513,0.480444,0.749453,-0.005998,0.00512,-0.004448,0.033575,0.083909,-0.187417,0.215525
199,0.157527,0.032999,0.400099,-0.545641,0.530885,-0.648446,-0.751922,-0.651748,0.099042,-0.369372,0.540959,0.755616,2.4e-05,0.020449,-0.01861,0.071334,-0.024143,0.037608,0.304216,-0.187571,0.040802,0.350596,0.368165,-0.137099,0.919592,-0.097059,0.977941,0.184781,-0.925075,-0.157123,0.345559,0.122641,-0.0282,-0.026899,0.002104,0.082588,-0.132049,-1.407819,-0.000573,0.039131,-0.007783,-0.344482,0.070895,0.936111,0.237973,-0.957981,0.160123,0.90813,0.277929,0.313136,0.06135,-0.013915,-0.013416,-0.017497,0.123539,-0.09509,-0.812985,0.115967,0.041306,-0.042197,-0.58948,0.470526,-0.656595,-0.671254,-0.73751,0.074129,-0.449366,0.48444,0.75059,2.7e-05,0.010242,-0.009294,0.072516,-0.024645,0.037033,0.216178
