frame,MLTx,MLTy,MLTz,MLTR1,MLTR2,MLTR3,MLTR4,MLTR5,MLTR6,MLTR7,MLTR8,MLTR9,MLTTVx,MLTTVy,MLTTVz,MLTRVx,MLTRVy,MLTRVz,MLGA,MRTx,MRTy,MRTz,MRTR1,MRTR2,MRTR3,MRTR4,MRTR5,MRTR6,MRTR7,MRTR8,MRTR9,MRTTVx,MRTTVy,MRTTVz,MRTRVx,MRTRVy,MRTRVz,MRGA,SLTx,SLTy,SLTz,SLTR1,SLTR2,SLTR3,SLTR4,SLTR5,SLTR6,SLTR7,SLTR8,SLTR9,SLTTVx,SLTTVy,SLTTVz,SLTRVx,SLTRVy,SLTRVz,SLGA,SRTx,SRTy,SRTz,SRTR1,SRTR2,SRTR3,SRTR4,SRTR5,SRTR6,SRTR7,SRTR8,SRTR9,SRTTVx,SRTTVy,SRTTVz,SRTRVx,SRTRVy,SRTRVz,SRGA
99,0.164432,-0.009026,0.363003,-0.823662,0.370691,-0.429201,-0.431326,-0.900816,0.049601,-0.367224,0.225513,0.902395,0.0,0.0,0.0,0.0,0.0,0.0,0.510301,-0.187141,-0.033212,0.31089,-0.774884,-0.437923,0.455817,0.631656,-0.513186,0.58102,-0.019552,0.738683,0.673668,1.4e-05,0.00021,0.00024,-0.024227,0.198251,-0.343966,0.040003,0.034168,0.026687,-0.014475,0.827207,0.341979,0.445844,-0.558753,0.584448,0.5884,-0.059352,-0.735846,0.674542,-0.00033,0.005483,-0.004199,0.011876,0.186478,-0.325436,-0.058419,0.081054,0.037706,-0.036537,0.864668,-0.345332,-0.36482,0.39504,0.916055,0.069171,0.310309,-0.203929,0.928504,5e-06,-4e-06,-6e-06,-5.2e-05,3e-05,0.000111,0.505529
100,0.164442,-0.009026,0.363002,-0.823648,0.370709,-0.429212,-0.431344,-0.900808,0.049591,-0.367234,0.225516,0.902391,0.0,0.0,0.0,0.0,0.0,0.0,0.510409,-0.18736,-0.03284,0.31056,-0.765042,-0.439261,0.470907,0.643727,-0.506453,0.573634,-0.012525,0.74253,0.669594,-0.000728,0.009922,-0.009594,0.012202,0.187369,-0.325897,-0.126931,0.034058,0.026867,-0.014637,0.81778,0.344468,0.46106,-0.571636,0.57918,0.58119,-0.066836,-0.738844,0.670552,-0.007944,0.004698,-0.004523,0.00995,0.202613,-0.35508,-0.208483,0.081059,0.037706,-0.036537,0.864656,-0.34535,-0.364832,0.395059,0.916048,0.069162,0.310319,-0.203932,0.9285,7e-06,-4e-06,-6e-06,-4.7e-05,4.1e-05,0.000109,0.505202
101,0.164432,-0.009026,0.363003,-0.82358,0.370796,-0.429268,-0.431434,-0.900767,0.04954,-0.367282,0.225534,0.902367,0.0,0.0,0.0,0.0,0.0,0.0,0.510046,-0.187515,-0.03263,0.310308,-0.760256,-0.439852,0.478051,0.649434,-0.503401,0.569874,-0.009057,0.744255,0.667732,-0.000892,0.007471,-0.012396,0.022559,0.102557,-0.178862,-0.248669,0.033987,0.026973,-0.014755,0.813285,0.345594,0.468114,-0.577586,0.576874,0.577589,-0.070431,-0.740121,0.668774,-0.000439,0.003758,-0.006168,0.010258,0.202066,-0.350587,-0.303682,0.081054,0.037706,-0.036537,0.864594,-0.34544,-0.364892,0.395154,0.91601,0.069118,0.310369,-0.203948,0.92848,5e-06,-3e-06,-6e-06,-4.7e-05,2.6e-05,0.000109,0.504712
102,0.164432,-0.009018,0.362996,-0.823488,0.370912,-0.429344,-0.431543,-0.90072,0.049448,-0.367358,0.225534,0.902336,0.0,0.0,0.0,0.005863,-0.089675,0.177432,0.509789,-0.187912,-0.032335,0.309684,-0.746586,-0.449675,0.4903,0.665056,-0.490436,0.563123,-0.011828,0.747051,0.664559,-0.016302,0.003442,-0.015886,0.02053,0.118031,-0.207951,-0.592065,0.033788,0.027127,-0.015068,0.800878,0.357024,0.480756,-0.594935,0.565768,0.570928,-0.068161,-0.743262,0.665517,-0.008478,0.007021,-0.012343,0.044893,0.206562,-0.361647,-0.573764,0.081054,0.03771,-0.03654,0.864586,-0.345452,-0.364901,0.395158,0.916011,0.069088,0.310387,-0.203927,0.928478,7e-06,-3e-06,-7e-06,-4.3e-05,2.6e-05,0.000109,0.504386
103,0.164431,-0.009025,0.36299,-0.8235,0.370897,-0.429334,-0.431528,-0.900727,0.049457,-0.36735,0.225531,0.90234,-2.8e-05,-0.00038,-0.000291,0.0,0.0,0.0,0.509362,-0.188381,-0.032114,0.308835,-0.742444,-0.451324,0.49505,0.669703,-0.487764,0.559927,-0.010313,0.747807,0.663733,-0.017192,0.011134,-0.028089,0.044484,0.055453,-0.137416,-1.056774,0.033554,0.027234,-0.015489,0.797027,0.359148,0.485551,-0.599902,0.563651,0.567815,-0.069751,-0.743847,0.664699,-0.008292,-0.000389,-0.010382,-0.025603,-0.050635,-0.044566,-0.843684,0.081053,0.037707,-0.036542,0.864523,-0.345545,-0.364962,0.395256,0.915972,0.069043,0.310438,-0.203943,0.928458,-1.3e-05,-0.000252,-0.000195,-4.3e-05,1.6e-05,0.000102,0.503732
104,0.164442,-0.009025,0.36299,-0.823404,0.371019,-0.429413,-0.431654,-0.90067,0.049386,-0.367416,0.225555,0.902307,-0.0,-6e-06,-4e-06,0.0,0.0,0.0,0.509533,-0.188666,-0.032036,0.308329,-0.742226,-0.452611,0.494201,0.669921,-0.487421,0.559965,-0.011635,0.747255,0.664333,-0.016726,-0.002189,-0.022447,0.015044,0.117615,-0.216713,-1.352177,0.033411,0.027279,-0.015743,0.797014,0.360457,0.484601,-0.600084,0.563381,0.567891,-0.068314,-0.743419,0.665327,-0.008668,0.004427,-0.015364,0.043649,0.073846,-0.165882,-0.846296,0.081059,0.037706,-0.036543,0.864437,-0.345672,-0.365046,0.395389,0.915919,0.068982,0.310508,-0.203966,0.928429,4e-06,2e-06,-1e-06,-4.3e-05,1.5e-05,8.8e-05,0.503569
105,0.164431,-0.009025,0.36299,-0.823418,0.371001,-0.429402,-0.431636,-0.900678,0.049396,-0.367407,0.225552,0.902311,-0.0,-0.0,-0.0,0.0,0.0,0.0,0.509228,-0.189251,-0.031588,0.30713,-0.749275,-0.456411,0.479862,0.661773,-0.491757,0.565832,-0.021339,0.742086,0.669862,-0.002071,0.01102,-0.029437,0.027121,-0.165747,0.160909,-1.406684,0.033119,0.027482,-0.016335,0.803803,0.363327,0.471055,-0.592007,0.566458,0.573282,-0.058545,-0.739674,0.670413,-0.00101,0.005633,-0.01456,-0.395113,-1.905511,1.943952,-0.817884,0.081054,0.037706,-0.036543,0.864449,-0.345654,-0.365034,0.395371,0.915927,0.06899,0.310498,-0.203963,0.928433,1e-06,2e-06,2e-06,-5.2e-05,9e-06,8.6e-05,0.503406
106,0.164421,-0.009024,0.362991,-0.823349,0.371088,-0.429458,-0.431726,-0.900638,0.049345,-0.367455,0.225569,0.902287,-0.0,-0.0,-0.0,0.0,0.0,0.0,0.507718,-0.189801,-0.030807,0.305805,-0.76988,-0.458831,0.443565,0.636412,-0.50197,0.58561,-0.045075,0.733707,0.677868,-0.017777,0.023078,-0.035492,-0.161094,-0.58638,0.843498,-1.407399,0.032837,0.027884,-0.017024,0.824405,0.363555,0.433801,-0.565019,0.573703,0.592973,-0.033294,-0.733956,0.678379,-0.008866,0.011557,-0.017715,-0.186591,-0.6185,0.891098,-0.818374,0.081048,0.037707,-0.036543,0.864388,-0.345745,-0.365094,0.395465,0.915889,0.068947,0.310548,-0.203979,0.928413,0.0,1e-06,2e-06,-3.8e-05,1.2e-05,8.8e-05,0.502589
107,0.164411,-0.009024,0.362992,-0.823281,0.371176,-0.429514,-0.431816,-0.900598,0.049294,-0.367503,0.225586,0.902264,-0.0,-0.0,-0.0,0.0,0.0,0.0,0.505392,-0.190671,-0.029613,0.304332,-0.790051,-0.455014,0.410821,0.60948,-0.512188,0.605087,-0.063914,0.728999,0.681424,-0.033319,0.036654,-0.03977,-0.025217,-0.123021,0.473869,-1.407442,0.032414,0.028465,-0.017748,0.843499,0.357269,0.401082,-0.53695,0.580207,0.612408,-0.013916,-0.731927,0.68124,-0.009059,0.018448,-0.020274,-0.062148,-0.244312,0.644293,-0.83111,0.081043,0.037707,-0.036542,0.864326,-0.345835,-0.365154,0.39556,0.915851,0.068903,0.310598,-0.203995,0.928393,0.0,-0.0,1e-06,-4.8e-05,5e-06,8.2e-05,0.49965
108,0.16439,-0.009031,0.362999,-0.823317,0.37113,-0.429483,-0.431778,-0.900613,0.049345,-0.367465,0.2256,0.902275,-0.0,-0.0,-0.0,0.0,0.0,0.0,0.504982,-0.191194,-0.028905,0.303556,-0.801168,-0.448625,0.396051,0.593896,-0.515847,0.617352,-0.071652,0.730371,0.679182,-0.033277,0.036817,-0.0396,-0.162837,-0.076,0.687395,-1.407923,0.032159,0.028807,-0.018118,0.85318,0.350273,0.386512,-0.521576,0.582026,0.623862,-0.006438,-0.733862,0.679266,-0.016613,0.018455,-0.019728,-0.404447,-0.103368,0.943076,-0.832743,0.081033,0.037703,-0.036538,0.864359,-0.345788,-0.365121,0.395519,0.915866,0.06895,0.31056,-0.20401,0.928402,-1e-06,1e-06,-0.0,-5.3e-05,-3e-06,7.8e-05,0.498834
109,0.164328,-0.009029,0.363003,-0.823235,0.371234,-0.429552,-0.431886,-0.900565,0.049284,-0.367523,0.225622,0.902246,-0.0,-0.0,-0.0,0.0,0.0,0.0,0.504711,-0.19223,-0.027575,0.302125,-0.823643,-0.436201,0.362399,0.559719,-0.523426,0.642397,-0.089489,0.732486,0.674774,-0.017956,0.038605,-0.038601,-0.09882,-0.149274,0.678585,-1.407814,0.031629,0.029483,-0.018852,0.874055,0.334381,0.352442,-0.485702,0.585102,0.649421,0.010939,-0.738812,0.673822,-0.016498,0.019483,-0.018537,-0.088519,-0.162853,0.717128,-0.839765,0.081002,0.037704,-0.036537,0.864285,-0.345896,-0.365194,0.395633,0.91582,0.068897,0.310621,-0.20403,0.928378,0.0,0.0,1e-06,-4.8e-05,9e-06,7.2e-05,0.497201
110,0.164235,-0.009033,0.363002,-0.823287,0.371167,-0.42951,-0.431817,-0.900596,0.049323,-0.367488,0.225609,0.902264,-1e-06,-8e-06,-6e-06,0.0,0.0,0.0,0.507427,-0.193364,-0.02611,0.300876,-0.842888,-0.420965,0.335142,0.527975,-0.527727,0.665342,-0.102161,0.738275,0.666616,-0.032629,0.042842,-0.032581,-0.243017,-0.04649,0.723521,-1.407781,0.031067,0.030212,-0.019481,0.890856,0.317454,0.324955,-0.453719,0.586111,0.671277,0.02264,-0.74545,0.666175,-0.016008,0.01586,-0.012182,-0.41452,0.159328,0.556212,-0.839275,0.080955,0.037702,-0.036537,0.864331,-0.345828,-0.365149,0.395561,0.915849,0.068931,0.310583,-0.204019,0.928393,-1e-06,3e-06,4e-06,-3.8e-05,3e-06,6.3e-05,0.498017
111,0.164183,-0.009038,0.362999,-0.823285,0.371169,-0.429512,-0.431819,-0.900595,0.049322,-0.36749,0.22561,0.902263,-2.4e-05,-0.000323,-0.000247,0.0,0.0,0.0,0.508076,-0.193957,-0.025335,0.300359,-0.848736,-0.415408,0.327221,0.518021,-0.529603,0.671646,-0.104641,0.74007,0.664236,-0.016658,0.034778,-0.021848,-0.097256,-0.094042,0.495276,-1.407626,0.030758,0.030613,-0.019755,0.896295,0.310444,0.316668,-0.442767,0.586652,0.678082,0.024733,-0.747972,0.663268,-0.008292,0.017576,-0.010685,-0.03147,-0.115293,0.482954,-0.835029,0.080929,0.0377,-0.036538,0.864329,-0.34583,-0.365151,0.395564,0.915848,0.06893,0.310585,-0.204019,0.928392,-1.7e-05,-0.000206,-0.000155,-3.5e-05,3e-06,5.8e-05,0.49965
112,0.164099,-0.009064,0.362994,-0.823275,0.371182,-0.42952,-0.431842,-0.900583,0.049338,-0.367485,0.225636,0.902258,-9.4e-05,-0.001253,-0.000958,0.0,0.0,0.0,0.509798,-0.195106,-0.0238,0.299625,-0.857989,-0.406815,0.313603,0.501512,-0.532252,0.682002,-0.109452,0.742928,0.660259,-0.016101,0.040034,-0.015687,-0.049481,-0.033675,0.295511,-1.407802,0.030184,0.031379,-0.020124,0.9043,0.300853,0.302863,-0.425905,0.587554,0.688029,0.029047,-0.751176,0.65946,-0.008011,0.020298,-0.007494,-0.009913,-0.043296,0.283294,-0.836172,0.080888,0.037689,-0.03654,0.864319,-0.345846,-0.36516,0.395589,0.915836,0.068948,0.310581,-0.204047,0.928387,-5.4e-05,-0.000699,-0.000533,-1.3e-05,-4e-06,4e-05,0.50112
113,0.164045,-0.009082,0.362969,-0.823135,0.371359,-0.429636,-0.432015,-0.900507,0.049211,-0.367596,0.225649,0.90221,-6.8e-05,-0.0009,-0.000688,0.0,0.0,0.0,0.510711,-0.196106,-0.022317,0.299314,-0.866642,-0.403663,0.293222,0.483773,-0.536881,0.691127,-0.120464,0.74131,0.66016,-0.029992,0.034174,-0.000422,-0.302623,-1.781277,2.135434,-1.407488,0.029684,0.03212,-0.020279,0.911999,0.29681,0.283124,-0.408269,0.590102,0.696488,0.039652,-0.750788,0.659351,-0.014963,0.017348,0.000114,-0.295767,-1.775646,2.122049,-0.839275,0.080861,0.037679,-0.036553,0.864193,-0.34603,-0.365283,0.395775,0.915764,0.068835,0.310695,-0.204057,0.928347,-4.2e-05,-0.000566,-0.000432,-6e-06,-5e-06,2.4e-05,0.503896
114,0.164033,-0.009103,0.362954,-0.823019,0.371505,-0.42973,-0.432166,-0.900439,0.049125,-0.367676,0.225678,0.90217,-7.5e-05,-0.000994,-0.00076,0.0,0.0,0.0,0.511337,-0.196574,-0.021568,0.299348,-0.869957,-0.402962,0.284231,0.476464,-0.539055,0.694504,-0.125545,0.740111,0.660558,-0.029536,0.03825,0.004267,-0.072388,-0.53083,0.673743,-1.407617,0.029461,0.032478,-0.020267,0.915126,0.295605,0.274154,-0.400669,0.591249,0.69992,0.044806,-0.75036,0.659507,-0.014729,0.019518,0.00261,-0.206566,-1.821458,2.092179,-0.840581,0.080855,0.037668,-0.036561,0.86409,-0.346182,-0.365384,0.395934,0.915701,0.068761,0.310779,-0.204083,0.928313,-4.7e-05,-0.000619,-0.000473,0.005858,-0.089655,0.177454,0.504875
115,0.164008,-0.009157,0.3629,-0.822816,0.371763,-0.429898,-0.432423,-0.900325,0.04895,-0.367831,0.225706,0.9021,-0.000135,-0.001795,-0.001373,0.0,0.0,0.0,0.512067,-0.197508,-0.020133,0.299828,-0.86771,-0.410371,0.280477,0.477779,-0.533584,0.697818,-0.135611,0.740015,0.658674,-0.028253,0.033408,0.019486,-0.072327,0.040253,0.08288,-1.407465,0.028994,0.033198,-0.020032,0.913872,0.303526,0.269644,-0.402202,0.586182,0.703294,0.055408,-0.751173,0.657774,-0.00664,0.016862,0.009469,-0.084986,0.036037,0.118027,-0.839112,0.080842,0.037641,-0.036588,0.863907,-0.346449,-0.365562,0.396207,0.915594,0.068606,0.310938,-0.204108,0.928254,-7e-05,-0.000946,-0.000725,4e-06,-8e-06,1.7e-05,0.506018
116,0.163992,-0.009225,0.362835,-0.822621,0.372008,-0.430057,-0.432667,-0.900218,0.048783,-0.367978,0.225733,0.902033,-0.000118,-0.00157,-0.001202,0.0,0.0,0.0,0.511414,-0.198295,-0.018872,0.300862,-0.857991,-0.433413,0.275675,0.487518,-0.51864,0.702334,-0.160342,0.737527,0.655902,-0.01214,0.027929,0.032828,-0.158087,-0.285062,-0.414398,-1.406807,0.028604,0.033821,-0.019532,0.907611,0.325773,0.26479,-0.412326,0.573171,0.708139,0.078922,-0.751895,0.654541,-0.006235,0.014476,0.016964,-1.520975,-3.877288,-3.663334,-0.833886,0.080834,0.037606,-0.036621,0.863734,-0.346702,-0.365732,0.396465,0.915493,0.068457,0.311091,-0.204129,0.928198,-7.1e-05,-0.000946,-0.000725,-8e-06,-3e-06,1.4e-05,0.506345
117,0.163985,-0.009324,0.362772,-0.822456,0.372219,-0.43019,-0.432893,-0.900114,0.048684,-0.368081,0.225798,0.901975,-0.000159,-0.002106,-0.001614,0.0,0.0,0.0,0.511938,-0.198745,-0.017666,0.302281,-0.845702,-0.461478,0.267988,0.4976,-0.500956,0.708077,-0.191444,0.732743,0.652918,-0.01151,0.033548,0.038726,-0.035416,-0.074291,0.139728,-1.406566,0.028369,0.034433,-0.01881,0.897984,0.356883,0.257406,-0.425614,0.555956,0.713978,0.1117,-0.750697,0.651134,-0.00572,0.017244,0.019915,-0.025277,-0.116467,0.136177,-0.828988,0.080831,0.037558,-0.036652,0.863586,-0.34692,-0.365874,0.396702,0.915397,0.068376,0.311199,-0.204191,0.928148,-9.7e-05,-0.001289,-0.000989,-1.1e-05,-9e-06,1.3e-05,0.506345
118,0.163982,-0.009365,0.362728,-0.822448,0.372228,-0.430198,-0.432893,-0.900115,0.048654,-0.368099,0.225777,0.901973,-0.000236,-0.003126,-0.002398,-0.000849,0.012995,-0.02571,0.511893,-0.198957,-0.016982,0.303051,-0.840122,-0.469559,0.271479,0.504384,-0.492735,0.709043,-0.19811,0.733193,0.650419,-0.011824,0.046079,0.031869,-1.492554,-3.857611,-3.666952,-1.406556,0.028264,0.034773,-0.018419,0.895643,0.360249,0.260853,-0.429969,0.551229,0.715033,0.1138,-0.752573,0.648601,-0.005642,0.017882,0.020482,0.010618,0.047919,-0.067361,-0.826375,0.080829,0.03754,-0.036672,0.863568,-0.346945,-0.365893,0.39672,0.915392,0.068339,0.311226,-0.204172,0.928144,-7.6e-05,-0.001031,-0.000791,-4e-06,1e-06,1.9e-05,0.506345
119,0.163965,-0.009441,0.36267,-0.822263,0.372462,-0.430349,-0.433135,-0.900006,0.048517,-0.368227,0.225824,0.901909,-0.0001,-0.001325,-0.001017,0.0,0.0,0.0,0.510406,-0.199286,-0.015415,0.304589,-0.818991,-0.488938,0.300309,0.534619,-0.46057,0.708514,-0.207071,0.741421,0.638184,-0.011373,0.049817,0.035378,-0.969299,-0.334694,-1.323722,-1.405895,0.028099,0.035556,-0.017651,0.875209,0.387691,0.289315,-0.467215,0.522461,0.713262,0.12537,-0.759427,0.638398,-0.005601,0.019405,0.021809,-1.56963,-2.061501,-5.509381,-0.824742,0.080821,0.037497,-0.036704,0.863414,-0.347172,-0.366043,0.396958,0.915297,0.068228,0.311351,-0.204213,0.928093,-5.5e-05,-0.000757,-0.000582,4e-06,3e-06,1.6e-05,0.506182
120,0.163921,-0.009488,0.362635,-0.822237,0.372495,-0.430371,-0.433169,-0.899991,0.048498,-0.368246,0.225831,0.901899,-2.3e-05,-0.00031,-0.000238,0.0,0.0,0.0,0.509413,-0.199559,-0.013761,0.306209,-0.785966,-0.51479,0.342404,0.576354,-0.410046,0.706833,-0.222477,0.753527,0.618517,-0.010697,0.039904,0.044132,-0.842295,-1.107822,-0.686801,-1.405442,0.027963,0.03639,-0.01684,0.846305,0.415805,0.332976,-0.514401,0.475488,0.713653,0.138415,-0.775252,0.616299,0.001821,0.020038,0.02165,-2.217772,-3.617656,-3.311144,-0.834539,0.080798,0.037472,-0.036723,0.86339,-0.347206,-0.366066,0.396995,0.915282,0.068211,0.311371,-0.204219,0.928085,-0.006891,9.8e-05,0.000239,-0.000983,0.014723,-0.029543,0.504386
121,0.163889,-0.009501,0.362625,-0.822219,0.372517,-0.430385,-0.433192,-0.899981,0.048485,-0.368258,0.225835,0.901893,-2.7e-05,-0.000351,-0.00027,0.0,0.0,0.0,0.50944,-0.199623,-0.012884,0.307073,-0.765111,-0.529639,0.366168,0.598211,-0.374708,0.708287,-0.236965,0.761617,0.603034,-0.010542,0.041201,0.045146,-1.265359,-0.231535,-1.283448,-1.405838,0.027929,0.036813,-0.016425,0.829739,0.431513,0.354017,-0.5376,0.44734,0.714753,0.150059,-0.783379,0.603157,-0.005252,0.020952,0.022976,-0.231334,0.66367,-0.493064,-0.839928,0.080782,0.037467,-0.036727,0.863374,-0.34723,-0.366082,0.39702,0.915272,0.0682,0.311384,-0.204224,0.928079,-1.5e-05,-0.000204,-0.000154,3e-06,-6e-06,5e-06,0.504059
122,0.163796,-0.009498,0.36263,-0.822095,0.372674,-0.430487,-0.433354,-0.899908,0.048393,-0.368346,0.225867,0.901849,-0.0,-0.0,-0.0,0.0,0.0,0.0,0.509912,-0.199642,-0.011234,0.308765,-0.734394,-0.537873,0.413944,0.634122,-0.326714,0.700772,-0.240759,0.777796,0.580458,0.004131,0.041954,0.044297,-0.012782,1.930261,-2.347279,-1.405249,0.027917,0.03767,-0.015543,0.798711,0.445838,0.404089,-0.581413,0.398868,0.709127,0.154977,-0.801331,0.577797,0.002051,0.021019,0.022208,0.086743,1.870522,-2.346159,-0.840744,0.080736,0.037469,-0.036724,0.863262,-0.347392,-0.36619,0.39719,0.915204,0.068121,0.311475,-0.204254,0.928042,2e-06,2.5e-05,2.4e-05,1.7e-05,1.9e-05,4e-06,0.503569
123,0.163672,-0.009493,0.362637,-0.821929,0.372882,-0.430623,-0.433569,-0.89981,0.04827,-0.368462,0.22591,0.901791,-1.8e-05,-0.000233,-0.000179,0.0,0.0,0.0,0.510284,-0.199511,-0.00955,0.310544,-0.691043,-0.557418,0.460149,0.674955,-0.270211,0.686554,-0.257489,0.785703,0.562346,-0.010179,0.044331,0.046887,-0.281876,0.180663,-1.080216,-1.404774,0.027986,0.038495,-0.014672,0.758735,0.470184,0.450828,-0.62892,0.348517,0.694978,0.169646,-0.81084,0.560141,0.002151,0.02243,0.023276,-0.787002,-0.560402,-1.835701,-0.853318,0.080674,0.037472,-0.03672,0.863114,-0.347608,-0.366335,0.397417,0.915113,0.068015,0.311596,-0.204293,0.927993,-1.3e-05,-0.000146,-0.000109,1e-06,-8e-06,0.0,0.504059
124,0.163587,-0.009525,0.362614,-0.821686,0.37319,-0.430822,-0.433886,-0.899668,0.04809,-0.368632,0.225972,0.901706,-0.000128,-0.001668,-0.001281,0.0,0.0,0.0,0.512472,-0.199352,-0.007846,0.312398,-0.643497,-0.563179,0.518394,0.721224,-0.219605,0.65692,-0.255311,0.797296,0.546807,0.018625,0.044112,0.044042,-0.052194,0.645088,-1.031122,-1.40323,0.028054,0.039336,-0.013762,0.713073,0.482487,0.508657,-0.681027,0.304368,0.666004,0.166519,-0.821319,0.545624,0.002167,0.022845,0.023289,-0.081494,0.65462,-1.029392,-0.86834,0.080631,0.037459,-0.036729,0.862896,-0.347925,-0.366547,0.397751,0.91498,0.067859,0.311773,-0.20435,0.92792,-7.6e-05,-0.000987,-0.000757,-0.000849,0.012995,-0.025709,0.505202
125,0.163563,-0.009544,0.362575,-0.821589,0.37331,-0.430902,-0.433992,-0.899623,0.047972,-0.368724,0.225951,0.901674,-0.00019,-0.002485,-0.00191,-0.000849,0.012996,-0.025709,0.51362,-0.199231,-0.007082,0.313244,-0.619476,-0.562179,0.547901,0.742983,-0.194929,0.640244,-0.252351,0.804387,0.537721,0.018353,0.041995,0.041534,-0.86101,1.409327,-4.248251,-1.399842,0.028123,0.039752,-0.013298,0.689239,0.483932,0.539219,-0.70619,0.282303,0.649307,0.161997,-0.82832,0.536323,0.009142,0.020831,0.020653,-0.905769,1.406016,-4.237624,-0.871443,0.08062,0.037451,-0.036748,0.862799,-0.348065,-0.366643,0.397882,0.914931,0.067742,0.311875,-0.204328,0.927891,-5.1e-05,-0.000674,-0.000517,1.3e-05,-2e-06,4e-06,0.506998
126,0.163574,-0.009638,0.362451,-0.821243,0.373742,-0.431186,-0.4344,-0.899444,0.047622,-0.369012,0.225946,0.901557,0.013427,-0.004969,-0.004146,0.000135,-0.001716,0.003846,0.515181,-0.198997,-0.005733,0.31475,-0.589508,-0.563126,0.579104,0.765109,-0.15974,0.62372,-0.257985,0.811455,0.524259,0.002966,0.031762,0.031623,-0.086586,0.529817,-0.88065,-1.39178,0.028234,0.040415,-0.012556,0.660174,0.48859,0.57048,-0.732299,0.249756,0.633529,0.167055,-0.836002,0.522677,0.001467,0.015893,0.015826,-0.22166,-1.044313,1.06124,-0.876995,0.08062,0.037407,-0.036807,0.862502,-0.348494,-0.366933,0.398301,0.914772,0.067433,0.312161,-0.204311,0.927799,-0.000167,-0.002193,-0.001688,-0.00084,0.013002,-0.025704,0.509284
127,0.16358,-0.009796,0.362278,-0.821088,0.373934,-0.431316,-0.43456,-0.899378,0.047414,-0.369169,0.225893,0.901506,-0.00042,-0.005482,-0.004225,-0.000849,0.013001,-0.025706,0.516489,-0.198807,-0.004752,0.315614,-0.583391,-0.567102,0.581413,0.764587,-0.142333,0.628556,-0.272967,0.81193,0.515871,0.001699,0.018404,0.018154,-0.209666,0.102757,-0.048591,-1.393529,0.028336,0.040929,-0.0121,0.654066,0.492971,0.573739,-0.734312,0.23169,0.638047,0.181609,-0.838629,0.513535,0.000557,0.014331,0.004586,-0.255119,-1.174417,1.664369,-0.879771,0.080628,0.037324,-0.036897,0.862362,-0.348694,-0.367073,0.39848,0.914709,0.067236,0.31232,-0.204253,0.927758,-0.000211,-0.002785,-0.002145,-0.000851,0.013001,-0.025699,0.510917
128,0.163582,-0.009914,0.362186,-0.82103,0.374008,-0.431362,-0.434636,-0.899344,0.047371,-0.369209,0.225907,0.901487,-0.000435,-0.005677,-0.00438,0.0,0.0,0.0,0.517225,-0.198757,-0.004392,0.315781,-0.589858,-0.562363,0.579488,0.758176,-0.139051,0.636999,-0.276904,0.815782,0.507629,0.000375,0.020388,0.000996,-0.574543,0.782264,-0.018915,-1.396051,0.028362,0.041107,-0.012005,0.658805,0.489638,0.571165,-0.729197,0.228849,0.644902,0.185058,-0.841357,0.507809,0.000419,0.004644,0.004565,-0.324454,-0.093618,0.581186,-0.88173,0.080629,0.037268,-0.03694,0.862299,-0.348786,-0.367133,0.398576,0.91467,0.067191,0.31237,-0.20427,0.927737,-0.00024,-0.003166,-0.00244,0.005009,-0.07672,0.151702,0.511734
129,0.16357,-0.010207,0.361972,-0.82102,0.37402,-0.431369,-0.434658,-0.899332,0.047387,-0.369203,0.225933,0.901483,-0.000572,-0.007462,-0.005773,-0.000849,0.013001,-0.025707,0.51791,-0.198742,-0.004159,0.315235,-0.605601,-0.547139,0.577822,0.744029,-0.132105,0.654906,-0.281229,0.827197,0.486331,-0.00239,0.006682,-0.03158,-0.479384,0.423918,0.529252,-1.401245,0.028372,0.041249,-0.012253,0.67307,0.471251,0.569998,-0.715315,0.219014,0.663593,0.187881,-0.854373,0.484505,-0.001296,0.002218,-0.016894,-0.707054,0.719739,0.451399,-0.881077,0.080623,0.037117,-0.037051,0.862302,-0.348783,-0.367129,0.398582,0.914665,0.067217,0.312357,-0.204292,0.927737,-0.000285,-0.003769,-0.002916,-0.00084,0.013004,-0.0257,0.513367
130,0.163534,-0.010532,0.361696,-0.821106,0.37391,-0.431301,-0.434525,-0.899395,0.047405,-0.369168,0.225865,0.901514,-0.000793,0.001405,-0.016068,0.034837,0.001223,-0.006753,0.518228,-0.198853,-0.004445,0.313296,-0.64227,-0.521739,0.561489,0.712972,-0.138123,0.687406,-0.280283,0.842462,0.459959,-0.005363,-0.008902,-0.066549,2.536676,3.041344,5.508148,-1.406121,0.028314,0.041122,-0.013177,0.701396,0.446472,0.555612,-0.687129,0.216339,0.693578,0.189463,-0.86825,0.458523,-0.002758,-0.005235,-0.03405,0.36028,1.738245,1.318306,-0.8832,0.080606,0.036959,-0.03718,0.86244,-0.348581,-0.366998,0.398361,0.914756,0.067292,0.312257,-0.204233,0.927784,-0.000347,-0.004574,-0.003549,-0.000862,0.013002,-0.025705,0.51402
131,0.16349,-0.010843,0.361454,-0.821094,0.373925,-0.431312,-0.434541,-0.899388,0.047396,-0.369177,0.225868,0.901509,-0.000622,-0.008076,-0.006286,-0.000849,0.013002,-0.025706,0.518793,-0.198635,-0.005503,0.310151,-0.795277,-0.338724,0.502785,0.598223,-0.305054,0.740949,-0.096601,0.890442,0.444571,0.006693,-0.033334,-0.093397,0.42358,1.81118,2.522542,-1.406441,0.028417,0.040598,-0.014765,0.835092,0.24355,0.493257,-0.550106,0.372442,0.747442,-0.00167,-0.895527,0.445002,0.010205,-0.017518,-0.047902,3.084681,4.574529,6.716127,-0.883527,0.080583,0.036797,-0.037311,0.862368,-0.348685,-0.367068,0.398462,0.914717,0.067216,0.312327,-0.204228,0.927761,-0.000307,-0.004023,-0.003128,-0.000844,0.012999,-0.025701,0.51402
132,0.163478,-0.010987,0.361329,-0.8211,0.373916,-0.431308,-0.434523,-0.899398,0.047377,-0.369185,0.225843,0.901512,-0.000561,-0.007275,-0.005671,0.0,0.0,0.0,0.51884,-0.19834,-0.006145,0.308171,-0.851971,-0.265595,0.451217,0.521733,-0.360632,0.773094,-0.041536,0.894382,0.445218,0.020242,-0.02676,-0.108109,2.867878,4.264067,6.916265,-1.406149,0.028559,0.040262,-0.015762,0.880388,0.168418,0.443341,-0.471243,0.415824,0.77783,-0.053351,-0.893714,0.445452,0.009909,-0.014297,-0.054905,1.951651,4.112853,4.610266,-0.886302,0.080577,0.036723,-0.037375,0.862373,-0.348676,-0.367064,0.398445,0.914726,0.067196,0.312334,-0.204203,0.927764,-0.000278,-0.003669,-0.00286,5e-06,-0.0,4e-06,0.513856
133,0.163414,-0.011253,0.361084,-0.821051,0.373974,-0.431351,-0.434555,-0.899388,0.047271,-0.369257,0.225786,0.901497,-0.000585,-0.007567,-0.005914,-0.000849,0.013005,-0.025704,0.519087,-0.197337,-0.007325,0.304021,-0.932937,-0.127364,0.336747,0.356828,-0.449358,0.818953,0.048189,0.884334,0.464214,0.035503,-0.037882,-0.103172,2.192819,3.812935,5.161742,-1.405125,0.029052,0.039653,-0.017861,0.944941,0.01897,0.32669,-0.294318,0.485671,0.823104,-0.14305,-0.873935,0.464514,0.017584,-0.013603,-0.055831,1.149872,-0.538235,5.091503,-0.882057,0.080545,0.036595,-0.037494,0.862318,-0.348752,-0.36712,0.398501,0.91471,0.067085,0.312413,-0.204147,0.92775,-0.000274,-0.003596,-0.002807,-0.000845,0.013001,-0.0257,0.513693
134,0.163247,-0.011446,0.360807,-0.819965,0.374384,-0.433058,-0.434468,-0.899555,0.044834,-0.371759,0.22444,0.900805,-0.014406,-0.006664,-0.004906,-0.001832,0.027726,-0.055254,0.520171,-0.196013,-0.008757,0.299684,-0.96977,0.034987,0.241484,0.187515,-0.525738,0.829682,0.157205,0.84982,0.502948,0.036308,-0.050756,-0.099536,2.709262,4.476507,5.043921,-1.402902,0.029705,0.03895,-0.019997,0.961956,-0.14358,0.232431,-0.120541,0.540422,0.832714,-0.245173,-0.829052,0.502556,0.01801,-0.019659,-0.053621,1.362234,0.209199,2.704766,-0.889895,0.080467,0.036498,-0.037633,0.86136,-0.349233,-0.36891,0.3986,0.914844,0.064634,0.314923,-0.202721,0.927214,-0.00031,0.001786,-0.007215,0.03535,-0.011497,0.018805,0.514673
135,0.163151,-0.011531,0.360626,-0.818928,0.374729,-0.434718,-0.434314,-0.899744,0.042461,-0.374209,0.223105,0.900122,-0.000676,-0.008646,-0.006785,0.005003,-0.076821,0.151652,0.520389,-0.19557,-0.00963,0.297817,-0.971454,0.105614,0.212403,0.119253,-0.556105,0.822472,0.206205,0.824172,0.527335,0.021995,-0.048878,-0.097687,2.341313,4.439061,1.797385,-1.403004,0.02994,0.038493,-0.020975,0.954968,-0.219973,0.199114,-0.042107,0.563813,0.824827,-0.293703,-0.796069,0.529162,0.011094,-0.024651,-0.049133,1.701879,-1.408892,1.299612,-0.889242,0.080414,0.036459,-0.037721,0.860539,-0.349506,-0.370563,0.398478,0.915059,0.062304,0.317311,-0.201276,0.926715,-0.00038,0.000906,-0.007909,0.033254,0.002691,-0.00747,0.515653
136,0.16287,-0.01168,0.360139,-0.813583,0.3786,-0.44135,-0.438303,-0.898029,0.037495,-0.381142,0.223474,0.897116,-0.000946,-0.000355,-0.017554,-0.083634,-0.169174,-0.089181,0.519742,-0.194966,-0.011539,0.29416,-0.948586,0.229647,0.217803,0.025675,-0.629744,0.776335,0.316634,0.74171,0.591162,0.008414,-0.055136,-0.085441,2.687074,1.927532,-1.215923,-1.403517,0.030248,0.037532,-0.022817,0.915984,-0.345264,0.204363,0.061769,0.624647,0.77846,-0.396429,-0.700434,0.593493,0.004036,-0.021739,-0.046045,3.581367,5.611691,2.4817,-0.89757,0.080273,0.036382,-0.037959,0.855761,-0.354081,-0.377223,0.403155,0.913336,0.057287,0.324248,-0.201104,0.924348,-0.007376,-0.005458,-0.004138,-0.189933,-0.228851,-0.171273,0.516469
137,0.162512,-0.011952,0.359478,-0.809756,0.379462,-0.447604,-0.437029,-0.898983,0.028382,-0.390616,0.21812,0.894354,-0.015274,-0.005289,-0.021195,0.089147,-0.109366,0.141849,0.518613,-0.194717,-0.013488,0.291013,-0.880141,0.399684,0.256118,-0.113725,-0.701159,0.703829,0.46199,0.58983,0.662215,-0.005871,-0.048949,-0.079212,4.441849,4.297064,3.727604,-1.404356,0.03038,0.036553,-0.024395,0.83012,-0.50035,0.246067,0.202017,0.681214,0.703657,-0.5197,-0.534411,0.666569,0.004704,-0.024435,-0.040008,3.941436,4.95517,1.479759,-0.904101,0.0801,0.036253,-0.038285,0.852465,-0.354687,-0.384056,0.402235,0.914251,0.04848,0.333929,-0.195808,0.922035,-0.000647,-0.008176,-0.006466,0.178714,-0.142118,0.043433,0.515979
138,0.162177,-0.012412,0.358625,-0.807082,0.380785,-0.451294,-0.437038,-0.899138,0.02281,-0.39609,0.215163,0.892661,-0.015759,-0.010749,-0.025642,0.038826,-0.061361,0.115108,0.518523,-0.194942,-0.015304,0.288081,-0.805667,0.502301,0.313982,-0.230104,-0.753661,0.615615,0.546867,0.423096,0.722349,-0.005216,-0.040234,-0.070463,4.811924,5.848191,2.060097,-1.405279,0.030267,0.035634,-0.025876,0.746145,-0.593238,0.302219,0.323514,0.719795,0.614193,-0.581898,-0.360505,0.728992,-0.002255,-0.0262,-0.031786,3.999228,3.147073,3.041513,-0.910469,0.079933,0.036026,-0.038709,0.85011,-0.356153,-0.3879,0.402638,0.914353,0.042891,0.339402,-0.192646,0.920702,-0.000921,-0.011473,-0.009143,-0.000971,-0.046986,0.098244,0.515489
139,0.162034,-0.012708,0.358104,-0.806498,0.381477,-0.451754,-0.437513,-0.898931,0.021868,-0.396755,0.214804,0.892453,-0.002081,-0.013976,-0.028603,0.033149,0.027352,-0.0581,0.517103,-0.195164,-0.01603,0.286896,-0.769733,0.537101,0.345001,-0.282919,-0.771369,0.569984,0.573223,0.34045,0.745233,-0.004432,-0.030975,-0.059753,2.627673,1.90576,-2.765216,-1.405618,0.030156,0.035259,-0.026484,0.702622,-0.628456,0.333713,0.382258,0.728936,0.567917,-0.600167,-0.271466,0.752398,-0.00969,-0.015233,-0.029103,2.657594,0.921634,0.043597,-0.908183,0.079856,0.035879,-0.038969,0.849527,-0.356968,-0.388429,0.403294,0.914107,0.041971,0.340083,-0.192306,0.920522,-0.00103,-0.007048,-0.01434,0.039243,-0.075625,0.144446,0.514836
140,0.161695,-0.013327,0.356918,-0.805054,0.383181,-0.452886,-0.438692,-0.898409,0.019572,-0.39838,0.213951,0.891933,-0.016374,-0.005737,-0.03932,0.073632,-0.060535,0.108152,0.511427,-0.195645,-0.017389,0.285158,-0.722289,0.564074,0.400139,-0.33708,-0.792223,0.508619,0.6048,0.231784,0.761812,-0.00305,-0.03224,-0.040197,0.284329,0.443486,-1.056639,-1.40654,0.029921,0.034603,-0.027342,0.65551,-0.646696,0.389986,0.436923,0.745975,0.502611,-0.615957,-0.159073,0.771551,-0.001467,-0.01546,-0.01926,0.336047,0.429504,-0.833803,-0.905734,0.079685,0.035561,-0.039575,0.848254,-0.358698,-0.389614,0.404607,0.913625,0.03977,0.341695,-0.191376,0.920118,-0.008181,-0.003045,-0.019794,0.073615,-0.060519,0.108227,0.509937
141,0.161263,-0.013869,0.355538,-0.803604,0.382865,-0.455719,-0.438867,-0.898334,0.019049,-0.4011,0.214826,0.890503,-0.01658,-0.007369,-0.040881,-0.049884,-0.140122,-0.152436,0.50366,-0.195999,-0.018642,0.283951,-0.675023,0.592576,0.439532,-0.356042,-0.783305,0.50951,0.647052,0.186696,0.739142,-0.002183,-0.022599,-0.028535,1.73673,4.13276,4.020243,-1.406612,0.029744,0.033964,-0.027953,0.611858,-0.66364,0.43036,0.448466,0.739255,0.502374,-0.651542,-0.11438,0.74994,-0.001008,-0.010945,-0.01372,1.678658,3.237082,4.001242,-0.907204,0.079475,0.035291,-0.040251,0.846999,-0.358838,-0.392207,0.405037,0.91347,0.038954,0.344291,-0.191853,0.919051,-0.001264,-0.009546,-0.016581,-0.145318,-0.323243,0.001084,0.50161
142,0.160971,-0.014111,0.35479,-0.803298,0.383179,-0.455994,-0.438755,-0.898413,0.017863,-0.401832,0.213937,0.890387,-0.01667,-0.019228,-0.033141,0.029626,0.052977,-0.114382,0.500066,-0.196242,-0.018981,0.283604,-0.642017,0.619356,0.451887,-0.37269,-0.767086,0.522124,0.670816,0.166023,0.722707,-0.01638,-0.012557,-0.014905,-0.819867,1.086296,-0.379469,-1.406701,0.029621,0.033779,-0.028146,0.570456,-0.691028,0.443914,0.468012,0.717641,0.515708,-0.67494,-0.086432,0.732792,-0.008188,-0.005956,-0.006984,-0.773243,0.199006,2.500575,-0.912919,0.079329,0.035175,-0.040627,0.84665,-0.35878,-0.393012,0.404865,0.913579,0.03818,0.34535,-0.191442,0.918739,-0.008305,-0.003921,-0.020684,0.083605,-0.048507,0.111164,0.496058
143,0.160244,-0.014484,0.35317,-0.796333,0.392413,-0.460337,-0.448842,-0.893475,0.014692,-0.404548,0.217824,0.888212,-0.016995,0.00054,-0.052397,-0.202668,-0.511859,-0.122484,0.48956,-0.196699,-0.019089,0.283615,-0.530681,0.691378,0.490271,-0.441509,-0.719156,0.536486,0.724153,0.067379,0.68624,-0.014624,0.005389,0.00783,2.52079,6.378713,1.910031,-1.406718,0.029392,0.033711,-0.02816,0.456511,-0.748263,0.481352,0.527652,0.663298,0.530677,-0.716366,0.011726,0.697625,0.000581,-0.002353,0.008132,0.503683,1.677404,0.795552,-0.904591,0.078966,0.034981,-0.04143,0.84075,-0.369728,-0.395524,0.415634,0.9089,0.033875,0.346968,-0.192874,0.91783,-0.008423,-0.004777,-0.021524,0.070974,-0.057656,0.107629,0.485281
144,0.159214,-0.014751,0.351208,-0.779796,0.41321,-0.470341,-0.469892,-0.882701,0.003456,-0.412777,0.223185,0.88308,-0.031525,-0.002535,-0.055049,0.401613,-1.056416,0.365947,0.463686,-0.197001,-0.018889,0.284625,-0.398234,0.730117,0.555275,-0.529519,-0.67718,0.510852,0.749493,-0.091499,0.655554,0.002365,0.007205,0.031209,0.930651,1.77786,0.076914,-1.406649,0.029236,0.033817,-0.027657,0.315245,-0.772719,0.550931,0.61193,0.609238,0.50435,-0.725369,0.178138,0.66491,-0.006206,0.004909,0.01747,3.441843,4.283494,2.572655,-0.90802,0.078468,0.034856,-0.042391,0.826911,-0.390503,-0.404629,0.437506,0.89882,0.026657,0.353279,-0.19907,0.914091,-0.008699,-0.001737,-0.028019,0.035803,-0.050565,0.232077,0.461114
145,0.1586,-0.01482,0.350156,-0.767716,0.424431,-0.480121,-0.480776,-0.876804,-0.006449,-0.422759,0.225346,0.877793,-0.03183,-0.004888,-0.057233,1.863175,-1.965881,0.973237,0.449272,-0.197163,-0.018848,0.28537,-0.331796,0.732862,0.593984,-0.577525,-0.655572,0.486442,0.7463,-0.182551,0.63998,-0.012086,-0.002515,0.041976,1.462286,3.61223,-1.972992,-1.407012,0.029161,0.03385,-0.027278,0.249703,-0.769301,0.588067,0.657338,0.580604,0.480421,-0.711023,0.266596,0.650669,0.001578,-0.000879,0.020766,3.620449,3.688108,2.713034,-0.911939,0.07815,0.034819,-0.042932,0.815482,-0.401135,-0.417227,0.449226,0.89321,0.019263,0.364945,-0.203138,0.908597,-0.015855,0.003241,-0.0327,0.00095,-0.247809,-0.00724,0.441682
146,0.156972,-0.014918,0.347626,-0.736866,0.438403,-0.514662,-0.490871,-0.870357,-0.038693,-0.463991,0.22357,0.857179,-0.046747,-0.009779,-0.061713,1.92897,-2.265793,1.526345,0.421826,-0.197378,-0.019228,0.287279,-0.221616,0.714119,0.664012,-0.657545,-0.612181,0.439093,0.72033,-0.34019,0.604366,-0.011413,-0.012326,0.051489,3.802088,3.651666,2.156407,-1.407439,0.029058,0.033679,-0.026334,0.147228,-0.736417,0.660313,0.728204,0.532482,0.431487,-0.669359,0.417315,0.614658,-0.005459,-0.011601,0.029763,3.494862,3.518721,1.952293,-0.920757,0.077359,0.034774,-0.044167,0.788233,-0.415746,-0.453698,0.461372,0.887133,-0.01136,0.407214,-0.200369,0.891082,-0.016275,-0.000134,-0.035826,0.644657,-1.104771,0.826268,0.401676
147,0.155145,-0.015086,0.344838,-0.69025,0.457026,-0.561005,-0.50264,-0.860516,-0.08268,-0.519688,0.224339,0.824392,-0.047636,-0.004548,-0.07594,1.891174,-2.475589,1.702744,0.413118,-0.197574,-0.019952,0.28964,-0.128132,0.700528,0.702021,-0.704974,-0.562111,0.432408,0.69768,-0.440365,0.564964,0.004821,-0.017376,0.065825,2.967791,2.356484,4.41775,-1.407486,0.02895,0.033309,-0.025144,0.057714,-0.709728,0.702107,0.770556,0.478823,0.420679,-0.634752,0.516735,0.57452,-0.005179,-0.008449,0.03375,0.332236,2.508746,0.082408,-0.941658,0.07641,0.034686,-0.045611,0.744258,-0.43737,-0.504763,0.47707,0.877045,-0.056522,0.467422,-0.19874,0.861404,-0.023795,-0.00266,-0.038278,1.883226,-2.438256,1.695943,0.371957
148,0.152864,-0.015387,0.341785,-0.628831,0.473237,-0.616979,-0.509697,-0.850056,-0.13261,-0.586446,0.230488,0.776519,-0.062849,-0.008582,-0.080272,0.057977,-1.375444,0.950314,0.415854,-0.197917,-0.020698,0.292605,-0.012484,0.680916,0.732249,-0.735988,-0.501868,0.454295,0.676837,-0.534091,0.506459,-0.009132,-0.022335,0.081922,-1.067611,0.121461,2.080024,-1.407533,0.028783,0.032939,-0.023666,-0.058771,-0.676397,0.734187,0.796905,0.411162,0.44259,-0.601237,0.61109,0.51486,-0.004638,-0.011118,0.041074,0.039506,2.714532,0.504476,-0.957497,0.075269,0.034536,-0.047138,0.687142,-0.456489,-0.565201,0.487961,0.866347,-0.106472,0.538264,-0.202635,0.818053,-0.031396,-0.004539,-0.040314,0.03895,-1.370026,0.936082,0.367385
149,0.151529,-0.015578,0.340237,-0.598558,0.476102,-0.644283,-0.515528,-0.844469,-0.145174,-0.612456,0.244653,0.751711,-0.06321,-0.009124,-0.081302,-0.441058,-1.83587,0.546018,0.431693,-0.198027,-0.021097,0.294224,0.042454,0.669474,0.741616,-0.74283,-0.475126,0.471586,0.668013,-0.571736,0.476171,0.006087,-0.020763,0.082546,-0.87555,-0.029416,2.243162,-1.40743,0.028725,0.032734,-0.022822,-0.114065,-0.658723,0.743688,0.799671,0.383308,0.462168,-0.589503,0.647424,0.483041,0.003015,-0.010224,0.041569,-0.854124,-0.041871,2.215065,-0.965662,0.074626,0.034441,-0.047884,0.660699,-0.461767,-0.591816,0.494488,0.860905,-0.119682,0.564763,-0.213573,0.797137,-0.038653,-0.003914,-0.039943,-0.302542,-1.538789,0.687046,0.374406
150,0.148652,-0.01615,0.3372,-0.557382,0.46056,-0.690837,-0.514368,-0.844654,-0.148178,-0.651076,0.272174,0.708554,-0.07847,-0.020242,-0.07405,-0.479871,-2.160356,0.482801,0.477859,-0.198137,-0.021901,0.29754,0.149871,0.639779,0.753799,-0.759965,-0.413022,0.501797,0.632178,-0.648848,0.423333,0.00613,-0.019996,0.082815,-0.407823,1.356988,0.26435,-1.406821,0.02867,0.032338,-0.021157,-0.217142,-0.616869,0.756519,0.809643,0.319108,0.492592,-0.545276,0.719474,0.430152,0.00302,-0.009932,0.041566,-0.387695,1.341607,0.24134,-0.967295,0.073192,0.034157,-0.049407,0.622806,-0.448115,-0.64133,0.493478,0.861096,-0.122448,0.607118,-0.240221,0.75743,-0.031924,-0.005029,-0.041608,-0.280074,-1.841968,0.40122,0.42568
151,0.145689,-0.016817,0.33435,-0.525791,0.435518,-0.730694,-0.515556,-0.846367,-0.133554,-0.675952,0.305945,0.670457,-0.064212,-0.016309,-0.071653,-0.51278,-1.701028,0.166855,0.511559,-0.198099,-0.022694,0.300866,0.213109,0.61677,0.75774,-0.769049,-0.372321,0.519495,0.602256,-0.694201,0.394,0.006139,-0.019516,0.082739,0.063183,0.528866,0.185907,-1.407216,0.028688,0.031951,-0.019521,-0.277466,-0.586282,0.761107,0.813798,0.277637,0.510539,-0.510631,0.761045,0.40008,-0.004497,-0.009808,0.041817,1.019543,1.104989,0.538963,-0.979215,0.071705,0.033813,-0.050842,0.592675,-0.423904,-0.684865,0.493552,0.863095,-0.107107,0.636508,-0.274536,0.720754,-0.039258,-0.007761,-0.03538,-0.755048,-0.898285,0.007437,0.480382
152,0.142774,-0.017581,0.33187,-0.495647,0.413949,-0.763561,-0.517219,-0.846886,-0.123451,-0.697142,0.333221,0.634811,-0.078925,-0.021835,-0.059099,-0.221239,-1.449109,0.428809,0.519896,-0.197871,-0.023653,0.304027,0.239554,0.60362,0.760426,-0.778996,-0.34782,0.521652,0.579063,-0.718067,0.385911,0.005654,-0.024028,0.07703,-0.152581,0.130578,-0.13905,-1.407144,0.028803,0.031479,-0.017931,-0.301239,-0.570441,0.764101,0.821544,0.251526,0.511662,-0.484065,0.781876,0.392873,0.00277,-0.012132,0.038416,-0.058827,0.065764,0.059348,-0.976275,0.070253,0.033432,-0.052088,0.564131,-0.403214,-0.720537,0.494416,0.86387,-0.09633,0.661292,-0.301903,0.686692,-0.032137,-0.011147,-0.029699,-0.251894,-1.36841,0.235035,0.508631
153,0.1414,-0.018019,0.330759,-0.476516,0.408933,-0.778301,-0.524317,-0.842744,-0.121846,-0.705148,0.349501,0.616962,-0.064577,-0.021443,-0.059193,-0.231917,-1.616271,0.394072,0.520437,-0.197753,-0.024237,0.305519,0.249447,0.597478,0.762094,-0.783426,-0.337932,0.521516,0.56881,-0.727863,0.382797,0.005291,-0.027593,0.072784,-0.154145,0.144695,-0.164292,-1.406945,0.028864,0.031181,-0.017153,-0.310079,-0.563144,0.765975,0.824746,0.241434,0.511373,-0.47291,0.790302,0.389587,0.002571,-0.014074,0.036099,-0.15956,0.137896,-0.168839,-0.976602,0.06956,0.033213,-0.052642,0.546363,-0.399903,-0.73591,0.501634,0.859866,-0.094833,0.670708,-0.317345,0.670404,-0.039531,-0.015204,-0.024367,-0.12419,-1.039902,0.433441,0.513693
154,0.138753,-0.018998,0.32877,-0.446649,0.406273,-0.797177,-0.530835,-0.837509,-0.129474,-0.719697,0.36483,0.59073,-0.079251,-0.026376,-0.045854,-0.030402,-0.659218,0.441321,0.521211,-0.197532,-0.025463,0.308181,0.262749,0.589413,0.763902,-0.787906,-0.325765,0.522509,0.55649,-0.739888,0.377819,0.004663,-0.033878,0.065452,-0.166347,0.024363,-0.007242,-1.407331,0.028973,0.030582,-0.015844,-0.322132,-0.553641,0.767926,0.827754,0.228918,0.512268,-0.459405,0.800672,0.384538,0.002242,-0.017422,0.032196,-0.148884,0.051444,-0.02262,-0.980848,0.068242,0.032723,-0.053644,0.51663,-0.3968,-0.75871,0.508753,0.854998,-0.100731,0.688667,-0.333955,0.643592,-0.032314,-0.013808,-0.023436,-0.02381,-0.663274,0.478185,0.517775
