frame,MLTx,MLTy,MLTz,MLTR1,MLTR2,MLTR3,MLTR4,MLTR5,MLTR6,MLTR7,MLTR8,MLTR9,MLTTVx,MLTTVy,MLTTVz,MLTRVx,MLTRVy,MLTRVz,MLGA,MRTx,MRTy,MRTz,MRTR1,MRTR2,MRTR3,MRTR4,MRTR5,MRTR6,MRTR7,MRTR8,MRTR9,MRTTVx,MRTTVy,MRTTVz,MRTRVx,MRTRVy,MRTRVz,MRGA,SLTx,SLTy,SLTz,SLTR1,SLTR2,SLTR3,SLTR4,SLTR5,SLTR6,SLTR7,SLTR8,SLTR9,SLTTVx,SLTTVy,SLTTVz,SLTRVx,SLTRVy,SLTRVz,SLGA,SRTx,SRTy,SRTz,SRTR1,SRTR2,SRTR3,SRTR4,SRTR5,SRTR6,SRTR7,SRTR8,SRTR9,SRTTVx,SRTTVy,SRTTVz,SRTRVx,SRTRVy,SRTRVz,SRGA
338,0.140104,-0.010407,0.386117,0.734694,-0.479255,-0.480193,0.619079,0.763094,0.185475,0.276634,-0.432944,0.85794,6.7e-05,0.000462,0.000317,-0.0,-0.0,-0.0,0.114756,-0.246357,-0.004214,0.364442,-0.169784,0.90782,0.383442,-0.985254,-0.148165,-0.085174,-0.020277,-0.393383,0.919076,-0.00507,0.008313,-0.044752,-0.198864,0.552175,0.28278,-1.408917,0.006685,0.045596,-0.012084,0.291925,-0.879533,0.375766,0.954882,0.29043,-0.062036,-0.054571,0.376922,0.924635,-0.002475,0.009333,-0.02692,0.105092,0.052068,0.037884,-0.69196,0.084422,0.047302,-0.033124,-0.714579,0.429547,-0.552146,-0.596285,-0.786736,0.159653,-0.365815,0.443322,0.818317,4.5e-05,0.000306,0.000209,-6.6e-05,4.1e-05,0.000119,-0.067361
339,0.140104,-0.0104,0.38611,0.734652,-0.4773,-0.482199,0.618537,0.763209,0.186805,0.277948,-0.434897,0.856526,0.0,0.0,0.0,-0.118654,-0.315703,-0.13583,0.113982,-0.246473,-0.003542,0.362423,-0.159904,0.907315,0.388847,-0.987047,-0.142124,-0.073982,-0.01164,-0.396774,0.917768,-0.004967,0.018894,-0.053756,-0.613882,-0.285947,0.338727,-1.408532,0.006625,0.045934,-0.013112,0.28079,-0.879801,0.383543,0.957578,0.283792,-0.050054,-0.064809,0.381328,0.922164,-0.002405,0.009727,-0.026677,-2.082031,-1.501464,1.087828,-0.690491,0.084422,0.047307,-0.033127,-0.71439,0.42861,-0.553117,-0.596133,-0.786715,0.160323,-0.36643,0.444265,0.81753,2e-06,-4e-06,-5e-06,-0.228841,-0.53336,-0.195036,-0.068015
340,0.140103,-0.010407,0.386105,0.734667,-0.477289,-0.482188,0.618523,0.763218,0.186816,0.277941,-0.434894,0.85653,-6.7e-05,-0.000462,-0.000317,-0.001735,-0.004615,-0.001986,0.113159,-0.246561,-0.003118,0.361302,-0.15297,0.905711,0.395323,-0.988194,-0.137425,-0.06724,-0.006361,-0.402073,0.915511,-0.004922,0.019111,-0.053627,-0.111988,0.356852,0.46284,-1.409111,0.006581,0.046145,-0.013673,0.27427,-0.87979,0.388258,0.959079,0.279766,-0.043557,-0.0703,0.384317,0.920519,-0.002541,0.009058,-0.027198,-0.248113,0.682285,0.353442,-0.689021,0.084422,0.047304,-0.033129,-0.71426,0.427412,-0.554211,-0.595836,-0.786773,0.16114,-0.367165,0.445315,0.816629,-3.7e-05,-0.000261,-0.000179,0.009,0.014462,0.001881,-0.069157
341,0.140103,-0.010407,0.386105,0.734667,-0.477289,-0.482188,0.618523,0.763218,0.186816,0.277941,-0.434894,0.85653,-0.0,-0.0,-0.0,-0.0,-1e-06,-0.0,0.112268,-0.246702,-0.002398,0.359123,-0.141636,0.903838,0.403742,-0.989902,-0.129644,-0.056755,0.001243,-0.408833,0.912534,-0.005613,0.016184,-0.056012,-0.089635,0.37996,0.221743,-1.408763,0.006511,0.046509,-0.014759,0.262207,-0.879683,0.396741,0.961769,0.271888,-0.032786,-0.079027,0.39017,0.917344,-0.002714,0.013372,-0.032448,-0.150076,0.508863,0.308651,-0.695063,0.084422,0.047303,-0.03313,-0.714303,0.42752,-0.554073,-0.595827,-0.7868,0.16104,-0.367097,0.445163,0.816742,1e-06,4e-06,3e-06,9.4e-05,0.000445,0.000269,-0.070791
342,0.140094,-0.010399,0.386111,0.734669,-0.477288,-0.482185,0.618521,0.763219,0.186817,0.277939,-0.434893,0.856531,0.0,3e-06,2e-06,-0.0,-0.0,-0.0,0.111562,-0.246791,-0.001713,0.356974,-0.126914,0.902249,0.412107,-0.991822,-0.120386,-0.041597,0.012259,-0.415144,0.909598,-0.004857,0.019478,-0.053517,-0.205442,0.44115,0.338096,-1.408714,0.006465,0.046843,-0.01584,0.247654,-0.880512,0.404185,0.964637,0.26295,-0.018225,-0.090233,0.394406,0.914495,-0.002485,0.009341,-0.027071,-0.327958,0.251426,0.569028,-0.697675,0.084417,0.047307,-0.033127,-0.714303,0.427527,-0.554068,-0.595831,-0.786797,0.161039,-0.367091,0.445162,0.816746,-0.0,-4e-06,-3e-06,-8.6e-05,2.6e-05,0.000137,-0.071607
343,0.140095,-0.010392,0.386116,0.734655,-0.477299,-0.482197,0.618535,0.76321,0.186807,0.277946,-0.434896,0.856527,3e-05,0.000205,0.00014,-0.0,-0.0,-0.0,0.111753,-0.246842,-0.001362,0.355957,-0.119481,0.902302,0.414205,-0.992657,-0.115949,-0.03348,0.017986,-0.416292,0.908978,-0.00493,0.009118,-0.044536,-0.358063,0.339496,0.338508,-1.409173,0.006437,0.047027,-0.016368,0.239976,-0.88159,0.406459,0.965995,0.258366,-0.009946,-0.096247,0.395025,0.913614,-0.002405,0.004663,-0.022185,-0.441722,0.43996,0.380109,-0.69245,0.084418,0.047311,-0.033124,-0.714287,0.42754,-0.554078,-0.595847,-0.786788,0.161027,-0.367096,0.445166,0.816741,1.8e-05,0.000126,8.5e-05,-7.5e-05,1.7e-05,0.000114,-0.07177
344,0.140087,-0.010384,0.386134,0.734653,-0.477303,-0.482195,0.618545,0.763197,0.186827,0.277928,-0.434915,0.856524,9.5e-05,0.000653,0.000447,-0.0,-0.0,-0.0,0.111028,-0.24689,-0.000639,0.353924,-0.108644,0.902434,0.416895,-0.993814,-0.107838,-0.025282,0.022297,-0.41819,0.90801,-0.004791,0.009749,-0.044128,0.05374,0.004335,0.207646,-1.408732,0.006417,0.047378,-0.017347,0.228489,-0.882973,0.410061,0.968202,0.250166,-0.000812,-0.101866,0.397208,0.912057,0.004518,0.009535,-0.027214,0.103136,-0.028013,0.258769,-0.69196,0.084414,0.047313,-0.033116,-0.714284,0.427548,-0.554076,-0.595862,-0.786772,0.161047,-0.367077,0.445186,0.816738,1e-06,-0.004496,0.005123,-0.035683,0.012636,-0.018443,-0.072097
345,0.140081,-0.010354,0.386154,0.734611,-0.477336,-0.482226,0.618586,0.763171,0.186798,0.277947,-0.434924,0.856513,6e-05,0.000413,0.000283,-0.0,-0.0,-0.0,0.111434,-0.246873,-6e-06,0.351904,-0.096193,0.898538,0.428216,-0.994905,-0.099434,-0.014578,0.029619,-0.428558,0.902953,0.0082,0.005694,-0.047971,-0.107382,0.34835,0.221401,-1.408779,0.00642,0.047708,-0.018372,0.215792,-0.881209,0.420598,0.97022,0.242043,0.009333,-0.110027,0.406059,0.907198,-0.002534,0.009187,-0.027311,-0.133465,0.448095,0.259198,-0.698655,0.084411,0.04733,-0.033105,-0.71424,0.427584,-0.554105,-0.595905,-0.786747,0.161013,-0.367094,0.445196,0.816725,3.4e-05,0.000237,0.000163,-3.4e-05,1e-05,5e-05,-0.072423
346,0.140114,-0.010328,0.38616,0.735834,-0.476894,-0.480797,0.618161,0.762915,0.189231,0.275655,-0.435856,0.85678,4e-06,2.7e-05,1.9e-05,-0.0,-0.0,-0.0,0.117127,-0.246821,0.0006,0.349698,-0.076341,0.890053,0.44941,-0.996094,-0.087792,0.004921,0.043948,-0.44839,0.892681,-0.005783,0.015672,-0.056954,-0.377181,0.788256,0.709158,-1.408557,0.006452,0.048009,-0.01947,0.195942,-0.876348,0.440022,0.97252,0.231198,0.027388,-0.125734,0.422565,0.897568,0.003861,0.006709,-0.02962,-0.150471,0.476172,0.333771,-0.702247,0.084428,0.047344,-0.033102,-0.715552,0.427125,-0.552764,-0.595693,-0.786401,0.163466,-0.364874,0.446247,0.817147,-3e-06,-1.8e-05,-1.3e-05,0.000247,-0.000178,0.000252,-0.070464
347,0.140144,-0.01033,0.386145,0.735787,-0.476925,-0.480838,0.618198,0.762899,0.189178,0.275697,-0.435851,0.856769,-0.000209,-0.001442,-0.000987,-0.001002,0.011711,-0.026314,0.122161,-0.246773,0.000937,0.348568,-0.065623,0.885512,0.45995,-0.996582,-0.081004,0.014016,0.049769,-0.458564,0.88719,0.007917,0.024617,-0.067595,-0.200711,0.51259,0.608215,-1.408288,0.00647,0.048173,-0.020032,0.183334,-0.873029,0.451893,0.973845,0.224049,0.037759,-0.134211,0.433152,0.891272,0.003858,0.006688,-0.029679,-0.356432,0.816182,0.490596,-0.703391,0.084443,0.047345,-0.033107,-0.715502,0.427158,-0.552803,-0.595727,-0.786388,0.163407,-0.364917,0.446238,0.817132,-0.000107,-0.000741,-0.000507,-0.00099,0.011691,-0.026261,-0.065075
348,0.140255,-0.01025,0.386038,0.739706,-0.472165,-0.479522,0.613248,0.766363,0.191275,0.276259,-0.434962,0.857039,-4e-06,-2.9e-05,-2e-05,0.00058,-0.000231,-0.001036,0.129331,-0.246615,0.001684,0.346073,-0.037892,0.875073,0.482498,-0.99726,-0.063499,0.037084,0.063153,-0.480862,0.874441,-0.006309,0.023584,-0.068164,-0.376246,0.728863,0.908524,-1.408659,0.006555,0.048549,-0.021277,0.15499,-0.867478,0.472715,0.976572,0.206837,0.059376,-0.149282,0.452437,0.879212,0.00363,0.005692,-0.030588,-0.172097,0.416355,0.540663,-0.707636,0.084498,0.047381,-0.033163,-0.719303,0.422233,-0.551653,-0.590795,-0.789555,0.166019,-0.365462,0.445332,0.817383,6.9e-05,0.004987,-0.004786,0.038787,-0.013204,0.016065,-0.053318
349,0.140419,-0.010016,0.385777,0.742013,-0.466058,-0.481926,0.608289,0.770225,0.191597,0.280978,-0.434734,0.855619,0.013579,0.0088,-0.010593,0.042184,-0.032317,0.035536,0.131364,-0.246411,0.002429,0.343289,-0.01419,0.862864,0.505227,-0.997744,-0.04503,0.049109,0.065159,-0.504467,0.860889,0.006716,0.01948,-0.072239,0.396618,0.828728,0.338574,-1.408481,0.006649,0.048915,-0.022641,0.127465,-0.85979,0.494482,0.97934,0.18801,0.074456,-0.156984,0.474776,0.865992,0.003444,0.009926,-0.035957,-0.318161,0.561695,0.839296,-0.710412,0.084575,0.047495,-0.03329,-0.721125,0.41583,-0.554133,-0.585683,-0.793152,0.166988,-0.370073,0.444965,0.815506,7.4e-05,0.005013,-0.004769,0.066239,-0.008061,-0.017295,-0.04793
350,0.140512,-0.009875,0.385627,0.74174,-0.466222,-0.482186,0.608391,0.770299,0.190974,0.281474,-0.434427,0.855613,0.013436,-0.001203,-0.001046,0.000971,-0.01475,0.029538,0.13264,-0.246261,0.002798,0.341936,-0.001726,0.858906,0.512121,-0.997744,-0.035501,0.056401,0.066642,-0.511939,0.856353,0.006808,0.019862,-0.072031,-0.034507,0.123298,0.578262,-1.408577,0.006729,0.049112,-0.023374,0.113904,-0.856359,0.50366,0.980777,0.177769,0.080449,-0.158429,0.484816,0.860147,0.003431,0.009861,-0.036072,0.031471,0.030741,0.545506,-0.712535,0.084626,0.047569,-0.033369,-0.720845,0.416096,-0.554297,-0.585731,-0.793274,0.166234,-0.370541,0.444498,0.815548,0.006721,-0.000597,-0.000524,0.00215,-0.012413,0.030509,-0.04597
351,0.140678,-0.009596,0.385335,0.748059,-0.455099,-0.483051,0.598212,0.777549,0.193733,0.286503,-0.43332,0.854504,0.000141,0.010022,-0.009528,0.034569,-0.015467,0.017279,0.128112,-0.245938,0.003578,0.339044,0.035336,0.843947,0.535253,-0.997439,-0.003128,0.070995,0.061561,-0.537443,0.840969,0.006657,0.019196,-0.072854,-0.225584,0.429033,0.759386,-1.408255,0.006885,0.049487,-0.024766,0.076599,-0.847802,0.524751,0.984845,0.146469,0.09288,-0.155604,0.509684,0.846173,0.003384,0.009633,-0.036394,-0.201349,0.783505,0.79389,-0.711555,0.084709,0.047705,-0.033511,-0.726551,0.404536,-0.555404,-0.575463,-0.799931,0.17015,-0.375453,0.443237,0.813986,0.006718,-0.000598,-0.000524,0.010116,-0.001269,0.032833,-0.04597
352,0.140772,-0.009356,0.38508,0.750355,-0.44678,-0.487239,0.592402,0.781528,0.195567,0.292488,-0.434825,0.851707,-0.0,-1e-06,-1e-06,-0.037907,-0.101527,-0.044157,0.117696,-0.245722,0.004268,0.336295,0.074674,0.820076,0.567354,-0.995622,0.029756,0.088234,0.055398,-0.57248,0.817961,0.006643,0.019132,-0.073177,-0.323059,1.163917,1.162566,-1.408258,0.006995,0.049838,-0.026168,0.034683,-0.830982,0.555216,0.987535,0.113839,0.108691,-0.153526,0.544526,0.824572,0.003236,0.003979,-0.032528,0.480959,0.924664,2.110586,-0.716617,0.084756,0.047829,-0.033642,-0.728056,0.396107,-0.559493,-0.569739,-0.803512,0.172522,-0.381223,0.444371,0.81068,7.5e-05,0.005021,-0.004758,-0.004865,-0.126272,-0.032496,-0.057074
353,0.140783,-0.00913,0.384841,0.752711,-0.436218,-0.493138,0.585758,0.785657,0.199004,0.299697,-0.438105,0.84751,-7.9e-05,0.00849,-0.010572,-0.139,-0.465587,-0.210381,0.109492,-0.245474,0.004761,0.333712,0.118998,0.793872,0.596321,-0.991652,0.06565,0.110682,0.048585,-0.605501,0.794274,0.007077,0.010806,-0.06281,-0.473152,0.991961,0.592082,-1.408883,0.007118,0.050083,-0.027468,-0.014968,-0.811501,0.584158,0.988334,0.076547,0.131663,-0.15156,0.579315,0.800888,0.003645,0.00566,-0.031172,-0.45975,1.352135,0.456728,-0.730823,0.084762,0.047941,-0.033756,-0.729731,0.386766,-0.563829,-0.563509,-0.807234,0.175582,-0.387234,0.445851,0.807011,6.7e-05,0.00496,-0.004798,-0.152419,-0.437204,-0.392199,-0.066381
354,0.140783,-0.009054,0.384746,0.75249,-0.434267,-0.495193,0.585204,0.785808,0.200036,0.301327,-0.439769,0.846069,-0.000116,-0.000815,-0.000558,-0.040733,-0.109065,-0.047592,0.102144,-0.24541,0.004955,0.332568,0.146764,0.778689,0.609996,-0.988273,0.089986,0.123094,0.040791,-0.621877,0.781964,-0.006057,0.014834,-0.059002,-0.456722,1.115592,0.571985,-1.408397,0.007154,0.050177,-0.028043,-0.044816,-0.800879,0.597146,0.98828,0.051768,0.143601,-0.14592,0.596583,0.789173,0.003889,0.001606,-0.025808,-0.010749,0.765261,0.646714,-0.740294,0.084762,0.04798,-0.033809,-0.728907,0.38306,-0.567413,-0.562705,-0.807298,0.177853,-0.389943,0.448925,0.803996,-6e-05,-0.000436,-0.000299,-0.018625,-0.071089,-0.040064,-0.075526
355,0.140765,-0.008914,0.384485,0.754874,-0.419186,-0.504474,0.576965,0.790174,0.206658,0.31106,-0.446539,0.83897,-0.000157,0.007944,-0.010943,-0.045707,-0.229787,-0.076445,0.094588,-0.245444,0.005135,0.330772,0.186891,0.748876,0.635805,-0.981939,0.124326,0.14238,0.027358,-0.651861,0.757754,-0.004918,-0.000584,-0.036767,-0.380226,0.789631,0.24546,-1.409052,0.007138,0.050268,-0.028941,-0.08997,-0.777304,0.622658,0.986532,0.016194,0.162763,-0.136599,0.628916,0.765378,-0.002402,-0.00022,-0.018309,-0.40462,0.993882,0.483526,-0.75695,0.084753,0.048045,-0.03393,-0.72985,0.367852,-0.576197,-0.554963,-0.810996,0.185203,-0.399167,0.454939,0.79605,-0.000207,-0.001474,-0.001011,-0.117499,-0.20492,-0.339517,-0.089732
356,0.140755,-0.008691,0.38411,0.759427,-0.394959,-0.517033,0.562321,0.798154,0.216138,0.326367,-0.454384,0.828882,-0.000213,0.007544,-0.011214,0.668304,-0.967178,-1.617223,0.084257,-0.245536,0.005101,0.329691,0.214107,0.725684,0.653859,-0.976673,0.150529,0.152924,0.012296,-0.672249,0.740131,-0.003145,-0.003173,-0.021042,-0.0509,0.791768,0.599552,-1.408413,0.007089,0.050247,-0.029504,-0.120083,-0.758791,0.640168,0.984966,-0.010402,0.172431,-0.12418,0.651251,0.748632,-0.001581,-0.001703,-0.010628,1.048638,0.487889,1.135005,-0.770503,0.084748,0.048159,-0.034123,-0.731854,0.345644,-0.587298,-0.542473,-0.817103,0.195104,-0.412447,0.461381,0.785502,2.3e-05,0.00346,-0.005744,2.666699,-1.819753,-4.855205,-0.101979
357,0.140759,-0.008552,0.383861,0.759572,-0.38803,-0.522043,0.559616,0.798914,0.220313,0.33064,-0.459,0.824635,-0.000346,0.006617,-0.011849,-0.069505,-0.190652,-0.276825,0.080009,-0.245538,0.00501,0.329349,0.222598,0.718978,0.658416,-0.974836,0.16031,0.154692,0.005405,-0.677173,0.73571,-0.002371,0.00012,-0.018097,-0.099452,0.311422,-0.030477,-1.408299,0.007088,0.050201,-0.029676,-0.131202,-0.75236,0.645553,0.984254,-0.02106,0.175495,-0.11844,0.658414,0.743278,-0.001253,-0.005431,-0.004898,-0.112164,0.23778,0.154702,-0.778668,0.08475,0.048229,-0.034247,-0.731468,0.335709,-0.593508,-0.538419,-0.818443,0.200634,-0.418399,0.466314,0.779418,-0.000215,0.002986,-0.006147,-0.049599,-0.255358,-0.131871,-0.109
358,0.140741,-0.008234,0.383268,0.763948,-0.360494,-0.535232,0.543168,0.807028,0.23162,0.347504,-0.467213,0.813007,-0.000661,0.00441,-0.013364,-0.229573,-0.692185,-0.313026,0.076792,-0.245441,0.004668,0.32909,0.240851,0.707138,0.664783,-0.970412,0.184838,0.155138,-0.01346,-0.683357,0.729866,0.012736,-0.005967,-0.005751,-0.014084,0.101554,-0.131337,-1.408133,0.007131,0.050033,-0.02981,-0.151081,-0.743375,0.651588,0.983408,-0.046074,0.175454,-0.100407,0.667285,0.738002,-0.000617,-0.007789,0.002066,-0.021123,0.010938,-0.051644,-0.785199,0.084741,0.048392,-0.034541,-0.734072,0.309368,-0.604507,-0.522768,-0.825619,0.212287,-0.433417,0.471851,0.767792,-0.000214,0.00747,-0.011262,-0.220546,-0.71565,-0.493147,-0.118308
359,0.140696,-0.007914,0.382455,0.767888,-0.32888,-0.549756,0.522421,0.818148,0.240171,0.369844,-0.471216,0.800749,-0.001058,0.010676,-0.025457,-0.138633,-0.454842,-0.402573,0.068507,-0.245209,0.004224,0.329228,0.259668,0.691153,0.674442,-0.964837,0.214161,0.152177,-0.039573,-0.691099,0.721581,0.01322,-0.01417,0.005052,-0.068467,0.157098,-0.127297,-1.407798,0.007249,0.04982,-0.029739,-0.17202,-0.730383,0.661021,0.982193,-0.075714,0.171941,-0.075534,0.678827,0.730402,-0.00023,-0.006131,0.003566,-0.052831,0.172819,-0.197556,-0.784383,0.084719,0.048556,-0.034951,-0.73495,0.275776,-0.619512,-0.50207,-0.835379,0.223755,-0.455821,0.475488,0.752421,-0.000544,0.005161,-0.012853,-0.15052,-0.467655,-0.410804,-0.125493
360,0.140669,-0.00778,0.381957,0.769334,-0.308786,-0.559305,0.509163,0.825126,0.244726,0.384977,-0.472665,0.792722,-0.001377,0.008456,-0.026996,2.877251,-2.097273,-4.696068,0.06237,-0.245028,0.003967,0.329373,0.265874,0.682622,0.680682,-0.962775,0.222892,0.152701,-0.047799,-0.696789,0.715586,0.01354,-0.012837,0.006261,-0.10172,0.136485,0.105468,-1.407739,0.00734,0.049692,-0.029666,-0.179217,-0.722975,0.667223,0.981447,-0.084425,0.172138,-0.068121,0.685695,0.724693,0.006817,-0.00625,0.003286,-0.095118,0.265887,-0.036432,-0.784546,0.084706,0.04862,-0.035189,-0.733423,0.261152,-0.627606,-0.494113,-0.838869,0.228362,-0.466842,0.477594,0.744285,-0.000737,0.003785,-0.013808,-0.225382,-0.710036,-0.537514,-0.132841
361,0.140563,-0.007531,0.380823,0.766665,-0.273433,-0.580951,0.486994,0.837292,0.248498,0.417529,-0.47309,0.775811,-0.001687,0.015338,-0.038685,-0.069229,-0.447615,-0.405759,0.048465,-0.244513,0.003411,0.329649,0.278186,0.66593,0.692201,-0.958422,0.239491,0.15494,-0.06293,-0.707347,0.703962,0.027359,-0.014373,0.004512,1.013484,0.590538,0.964673,-1.40786,0.007593,0.049419,-0.029523,-0.193079,-0.708711,0.678563,0.979591,-0.099861,0.174436,-0.055863,0.698395,0.713529,0.006636,-0.006248,0.003226,3.689344,1.111884,3.832199,-0.774912,0.084653,0.048741,-0.035752,-0.728449,0.219456,-0.649,-0.466728,-0.852437,0.235616,-0.501524,0.474541,0.723383,-0.007724,0.002515,-0.014594,-0.082811,-0.42317,-0.784599,-0.150966
362,0.140363,-0.007359,0.379637,0.76186,-0.242155,-0.600813,0.471085,0.843739,0.257206,0.443703,-0.478684,0.757639,-0.002158,0.003091,-0.0308,-0.173498,-0.393655,-0.626983,0.038801,-0.243797,0.002945,0.329822,0.302225,0.639373,0.707004,-0.948883,0.272134,0.159682,-0.090667,-0.719915,0.688015,0.027381,-0.014386,0.004488,0.067703,0.588357,0.486061,-1.40781,0.007946,0.049188,-0.029435,-0.220077,-0.687314,0.692217,0.975038,-0.133593,0.177348,-0.029418,0.713969,0.699558,0.013512,-0.007082,0.002273,3.597459,1.537262,3.973609,-0.771156,0.084553,0.048831,-0.036349,-0.720623,0.188239,-0.667284,-0.451365,-0.857924,0.245426,-0.526281,0.478048,0.703205,-0.007772,0.002221,-0.014824,-0.238068,-0.505557,-0.715676,-0.169908
363,0.140075,-0.007294,0.378497,0.75906,-0.207352,-0.617153,0.4497,0.852443,0.266612,0.469866,-0.479646,0.741076,-0.015933,-0.006766,-0.021077,-0.149556,-0.200907,-0.601286,0.037672,-0.24297,0.00269,0.329843,0.328759,0.608415,0.722316,-0.937069,0.304979,0.169774,-0.117394,-0.733427,0.669453,0.027625,-0.003045,-0.003508,-0.274178,0.602102,0.262525,-1.408018,0.008364,0.049056,-0.029422,-0.252418,-0.659876,0.707705,0.967611,-0.169387,0.18718,-0.00364,0.732032,0.68126,0.006918,-0.000761,-0.000891,-0.340757,0.934774,0.251796,-0.776218,0.084414,0.048865,-0.036924,-0.714673,0.152591,-0.682611,-0.430327,-0.86528,0.257114,-0.551417,0.477498,0.684057,-0.001128,0.001125,-0.015723,-0.117584,-0.248263,-0.576799,-0.177256
364,0.139915,-0.007342,0.377945,0.75607,-0.190679,-0.626135,0.439876,0.856408,0.270269,0.483757,-0.479522,0.732164,-0.01599,0.00196,-0.031498,-0.193249,-0.393883,-0.661034,0.038799,-0.24258,0.002634,0.32978,0.343825,0.589211,0.731168,-0.929503,0.323871,0.176257,-0.133366,-0.740952,0.658078,0.027382,-0.004121,-0.004494,0.782167,1.199002,1.291512,-1.408054,0.00857,0.049029,-0.029452,-0.269661,-0.643609,0.716274,0.962891,-0.188759,0.192897,0.011053,0.741712,0.670627,0.013669,-0.002119,-0.002328,0.853768,1.120522,1.25802,-0.773769,0.084328,0.04884,-0.037207,-0.710657,0.13618,-0.690232,-0.420437,-0.868833,0.26146,-0.564091,0.476008,0.674697,-0.007993,0.000858,-0.015833,-0.220689,-0.416623,-0.680034,-0.177909
365,0.139687,-0.007516,0.376806,0.746286,-0.165892,-0.644656,0.427719,0.861571,0.273356,0.509146,-0.479523,0.714741,-0.00305,-0.011793,-0.024976,-0.160353,-0.212253,-0.598781,0.041798,-0.241821,0.002573,0.329593,0.367332,0.553641,0.747355,-0.915722,0.355685,0.186749,-0.162874,-0.753652,0.636666,0.027338,-0.004323,-0.004696,0.101021,0.645663,0.521307,-1.407897,0.008939,0.048999,-0.029545,-0.29903,-0.611275,0.73275,0.953463,-0.222449,0.203529,0.038588,0.759512,0.649347,0.006716,-0.001582,-0.001653,0.887998,1.11436,1.152773,-0.76936,0.084215,0.048758,-0.037767,-0.697848,0.111197,-0.707561,-0.408585,-0.873174,0.265752,-0.588273,0.474554,0.654777,-0.001346,-0.000306,-0.0168,-0.132195,-0.368369,-0.398565,-0.17448
366,0.139464,-0.007691,0.375598,0.736579,-0.137985,-0.662161,0.414874,0.865355,0.281093,0.533306,-0.481584,0.695477,-0.002958,-0.01107,-0.024577,-0.161474,-0.593616,-0.517282,0.040809,-0.240924,0.002533,0.32931,0.397461,0.503695,0.767012,-0.892023,0.407913,0.194515,-0.215379,-0.762126,0.610442,0.013387,-0.003446,-0.003526,1.118926,1.03979,1.095418,-1.408255,0.009382,0.048976,-0.029682,-0.333283,-0.568576,0.752092,0.938972,-0.272219,0.210302,0.085162,0.776284,0.624603,0.013691,-0.002061,-0.002294,0.958995,1.410297,1.039675,-0.759562,0.084104,0.048666,-0.038361,-0.686809,0.084789,-0.721875,-0.396238,-0.876289,0.274064,-0.609334,0.474265,0.63544,-0.008196,-0.000277,-0.016741,1.002349,-2.146391,1.057836,-0.176276
367,0.139337,-0.007796,0.375024,0.734245,-0.123192,-0.667649,0.405721,0.868105,0.285931,0.543456,-0.480664,0.688219,-0.002986,-0.011198,-0.024725,-0.224186,-0.435121,-0.452016,0.040884,-0.240483,0.002477,0.329218,0.415828,0.472465,0.777081,-0.876582,0.435634,0.204355,-0.242475,-0.766734,0.594297,0.013386,-0.003461,-0.003545,-0.395076,1.189103,0.386217,-1.408407,0.009602,0.048952,-0.029731,-0.358477,-0.540521,0.761137,0.926241,-0.307679,0.217738,0.116494,0.783051,0.610949,0.006811,-0.001196,-0.00131,1.004748,1.284579,1.253021,-0.755317,0.084041,0.048614,-0.038648,-0.682657,0.069699,-0.727406,-0.387438,-0.878529,0.279424,-0.619573,0.472575,0.626738,-0.001416,-0.005249,-0.012106,-0.390239,-0.723363,-0.730609,-0.176603
368,0.139089,-0.0081,0.374056,0.72828,-0.097449,-0.678348,0.389818,0.873014,0.29302,0.562752,-0.477707,0.674636,-0.002635,-0.008735,-0.023047,-0.111729,-0.293123,-0.322444,0.041593,-0.239724,0.002341,0.329099,0.436491,0.420338,0.795477,-0.855018,0.468806,0.221585,-0.280312,-0.777382,0.562997,0.027599,-0.00317,-0.0037,-0.323546,0.801016,0.134953,-1.408716,0.009986,0.048879,-0.029795,-0.388229,-0.489393,0.780879,0.908749,-0.344109,0.236142,0.153142,0.8013,0.578329,0.00692,-0.000841,-0.000988,-0.355168,0.836663,0.370228,-0.753521,0.083921,0.048459,-0.03914,-0.674529,0.043282,-0.736977,-0.371838,-0.882324,0.288512,-0.637766,0.468646,0.611247,-0.001295,-0.004304,-0.011475,0.16562,-0.937101,0.186217,-0.176766
369,0.138826,-0.008473,0.373373,0.722074,-0.070065,-0.688291,0.366963,0.882172,0.295097,0.585622,-0.465568,0.663567,-0.002277,-0.015205,-0.011096,-0.071078,-0.046024,-0.282302,0.043319,-0.238993,0.002267,0.32905,0.451977,0.366537,0.81324,-0.832704,0.50012,0.237525,-0.320203,-0.784992,0.530209,0.027764,-0.002387,-0.003005,1.053173,1.142427,0.974908,-1.408536,0.010347,0.048844,-0.029818,-0.409131,-0.441595,0.798501,0.893027,-0.373487,0.251014,0.187384,0.815782,0.547161,0.007015,-0.000362,-0.00056,-0.418669,0.963954,0.44517,-0.752541,0.083783,0.04827,-0.039496,-0.665838,0.015147,-0.745942,-0.348668,-0.890221,0.293149,-0.659613,0.455276,0.598024,-0.000959,-0.001977,-0.009817,0.017957,-0.150402,-0.013378,-0.174153
370,0.138533,-0.008747,0.372861,0.710241,-0.051801,-0.702082,0.356724,0.88626,0.295404,0.606046,-0.460189,0.648816,-0.015059,0.000442,-0.016302,-0.235411,-0.523629,-0.279949,0.043447,-0.238408,0.002194,0.32902,0.459669,0.316922,0.829612,-0.815422,0.520545,0.25309,-0.352197,-0.793207,0.496632,0.014028,-0.011109,0.00776,-0.515189,1.184882,0.3531,-1.408246,0.010655,0.048804,-0.029837,-0.425983,-0.392519,0.815147,0.876679,-0.401698,0.264708,0.223541,0.827384,0.515231,0.007033,-0.005553,0.00386,-0.491192,1.145114,0.329931,-0.754337,0.083641,0.048126,-0.039751,-0.653238,-0.001177,-0.757151,-0.338181,-0.894254,0.293158,-0.677431,0.447557,0.583763,-0.000821,-0.005521,-0.004046,-0.283596,-0.472895,-0.464357,-0.173337
371,0.138367,-0.008802,0.372659,0.703967,-0.049734,-0.708521,0.357389,0.886868,0.292764,0.612934,-0.459247,0.642986,-0.014865,-0.007147,-0.005091,-0.010299,-0.332016,0.020076,0.042925,-0.238124,0.002168,0.329015,0.461936,0.295738,0.83615,-0.806984,0.531123,0.258107,-0.368325,-0.794347,0.482921,0.014018,-0.000542,-0.000921,0.104004,0.945503,0.339239,-1.408609,0.010792,0.048793,-0.029837,-0.431791,-0.371173,0.822062,0.869694,-0.412969,0.270348,0.239141,0.831677,0.501123,0.007009,-0.000161,-0.000368,0.990723,1.330995,1.192214,-0.754011,0.083558,0.0481,-0.039857,-0.645647,-0.004615,-0.763621,-0.338668,-0.89453,0.291752,-0.684429,0.446983,0.575988,-0.000474,0.001294,-0.007444,0.281518,-0.664538,0.352965,-0.1735
372,0.137934,-0.008667,0.372259,0.694169,-0.032949,-0.719089,0.346523,0.890888,0.29362,0.630094,-0.452957,0.630744,-0.01408,0.007008,-0.0115,-0.084469,-0.214279,-0.143363,0.042676,-0.237616,0.002138,0.329013,0.464453,0.253095,0.848657,-0.78975,0.551839,0.267774,-0.401111,-0.7949,0.455091,0.014178,0.000234,-0.000222,-0.315789,0.844498,0.151773,-1.408727,0.011046,0.048777,-0.029839,-0.440668,-0.330073,0.834783,0.855295,-0.43673,0.278813,0.272546,0.83685,0.474762,0.006976,-0.000517,-0.000711,-0.304082,0.79237,0.328138,-0.764298,0.083341,0.048164,-0.040053,-0.634144,-0.021098,-0.772926,-0.327807,-0.89801,0.29346,-0.700287,0.439467,0.562552,-0.006937,0.004146,-0.005273,-0.102983,-0.252426,-0.138836,-0.173827
373,0.137492,-0.008326,0.371772,0.683657,-0.013936,-0.729701,0.335594,0.893854,0.297275,0.647258,-0.448096,0.61668,-0.013778,0.017854,-0.020324,-0.167459,-0.467285,-0.205705,0.043255,-0.237354,0.002161,0.329053,0.467947,0.207549,0.859034,-0.770507,0.57174,0.28172,-0.433239,-0.79397,0.426356,0.000469,0.002239,0.002033,-0.286224,0.830799,0.31551,-1.40835,0.011182,0.048787,-0.02982,-0.450877,-0.285396,0.845729,0.838885,-0.459178,0.292276,0.304926,0.841251,0.446447,0.007232,0.000757,0.000444,-0.344162,1.20689,0.379118,-0.771483,0.083126,0.048332,-0.040286,-0.622865,-0.038502,-0.781381,-0.316996,-0.900701,0.297069,-0.715228,0.432729,0.54881,-0.006977,0.003859,-0.005485,-0.261268,-0.471006,-0.462172,-0.173663
374,0.137291,-0.008137,0.371497,0.678637,-0.004372,-0.734492,0.330223,0.89504,0.299711,0.65525,-0.445931,0.60977,-0.014126,0.006704,-0.011728,-0.186758,-0.410196,-0.233765,0.042673,-0.237309,0.002223,0.329107,0.469732,0.186016,0.862984,-0.763152,0.576839,0.291187,-0.444204,-0.795588,0.411807,0.000735,0.003509,0.003183,-0.350147,0.875655,0.368039,-1.40883,0.011204,0.048816,-0.029795,-0.455747,-0.26481,0.849805,0.832189,-0.465528,0.301235,0.315839,0.844487,0.432535,0.007219,0.000701,0.000395,-0.381045,1.057541,0.254176,-0.776055,0.083021,0.048436,-0.040429,-0.616519,-0.048695,-0.785832,-0.311872,-0.901342,0.300529,-0.722937,0.430361,0.540508,-8.7e-05,0.008257,-0.010723,-0.242374,-0.604397,-0.230323,-0.1735
375,0.136822,-0.007604,0.370824,0.664013,0.017722,-0.747542,0.320006,0.896814,0.305439,0.674998,-0.44205,0.59076,-0.013877,0.017127,-0.020851,-0.219026,-0.575847,-0.267887,0.042209,-0.237116,0.002335,0.329204,0.468013,0.147943,0.871245,-0.752737,0.583103,0.30547,-0.463398,-0.798955,0.383141,0.01454,0.002039,0.001405,-0.364832,0.915951,0.433007,-1.408326,0.011296,0.048875,-0.029744,-0.459578,-0.227567,0.858487,0.822577,-0.473552,0.314826,0.334894,0.850859,0.404825,0.000274,0.001252,0.001116,-0.155876,0.387526,0.254721,-0.781117,0.082786,0.048699,-0.040762,-0.600008,-0.070214,-0.796906,-0.302127,-0.902482,0.306993,-0.740748,0.424965,0.520283,-0.006866,0.008945,-0.010137,-0.332695,-0.739912,-0.479668,-0.174643
376,0.136212,-0.00689,0.369983,0.641605,0.044395,-0.765778,0.306517,0.900319,0.30894,0.702367,-0.432993,0.564999,-0.013723,0.026828,-0.030488,1.230768,-1.888558,-0.516528,0.042011,-0.236831,0.002369,0.329253,0.470333,0.109476,0.875667,-0.734156,0.599021,0.319567,-0.490125,-0.793303,0.360986,0.014329,0.001055,0.000508,0.234357,0.615961,0.550416,-1.408036,0.011444,0.048893,-0.029718,-0.467727,-0.187845,0.863681,0.806007,-0.491673,0.329558,0.362743,0.850277,0.381374,0.007162,0.000477,0.00019,0.233052,0.621631,0.554717,-0.787812,0.082481,0.049053,-0.041178,-0.576428,-0.094851,-0.811623,-0.290091,-0.904791,0.311766,-0.763921,0.415156,0.494031,-0.013784,0.008931,-0.010048,4.737391,-4.184022,-1.513159,-0.175133
377,0.135866,-0.006549,0.369533,0.630467,0.055684,-0.774246,0.302695,0.900833,0.311204,0.714016,-0.430628,0.552058,-0.014136,0.01538,-0.022132,-0.28808,-0.685187,-0.346744,0.041128,-0.236655,0.002381,0.329286,0.469297,0.092996,0.878125,-0.727102,0.604858,0.32466,-0.501514,-0.790952,0.350346,0.000471,0.002271,0.002055,-0.055626,0.577509,0.159522,-1.408281,0.011526,0.048898,-0.029703,-0.469181,-0.172503,0.866089,0.799931,-0.498518,0.334049,0.374137,0.849542,0.371885,0.000239,-0.00407,0.005461,1.119542,1.327566,0.864407,-0.788955,0.082309,0.049229,-0.041406,-0.562797,-0.107143,-0.819621,-0.285147,-0.905531,0.31417,-0.775854,0.410527,0.479079,-0.007035,0.007802,-0.010972,-0.268391,-0.789151,-0.162577,-0.175133
378,0.135083,-0.005987,0.368645,0.605796,0.083249,-0.791281,0.291084,0.902384,0.317721,0.73974,-0.422902,0.523417,-0.027965,0.015094,-0.022224,-0.165581,-0.436608,-0.26393,0.03884,-0.236406,0.002515,0.329399,0.466472,0.068382,0.881884,-0.716723,0.613376,0.331678,-0.518807,-0.786858,0.334,0.000825,0.003996,0.003611,-0.158666,0.466782,0.066617,-1.408296,0.011656,0.048966,-0.029652,-0.46997,-0.147775,0.870223,0.790524,-0.509059,0.340483,0.39268,0.847951,0.356062,0.007352,0.001443,0.001056,-0.28372,0.695399,0.252043,-0.797446,0.081928,0.049504,-0.041842,-0.534926,-0.13502,-0.83404,-0.274197,-0.905976,0.322527,-0.799168,0.401219,0.447608,-0.00716,0.007025,-0.011551,-0.235958,-0.725703,-0.134688,-0.177093
379,0.13431,-0.005672,0.367939,0.585159,0.114687,-0.802796,0.273497,0.904046,0.328438,0.762709,-0.411889,0.498648,-0.028293,0.004438,-0.013324,-0.133646,-0.478453,-0.106158,0.036218,-0.236283,0.002606,0.329642,0.465334,0.046433,0.883912,-0.705792,0.621978,0.33902,-0.534592,-0.78166,0.321064,0.000958,-0.006078,0.012722,-0.182896,0.459231,0.035715,-1.40815,0.011718,0.049011,-0.029531,-0.472186,-0.126109,0.872431,0.780747,-0.519304,0.347499,0.409235,0.845233,0.343667,0.000584,0.002841,0.002547,-0.265344,0.571672,0.400413,-0.806754,0.081536,0.04967,-0.042208,-0.511822,-0.166049,-0.842891,-0.257431,-0.906412,0.334881,-0.819613,0.388386,0.421175,-0.00734,0.001589,-0.007177,-0.06003,-0.557823,-0.14368,-0.181991
380,0.133517,-0.005432,0.367455,0.564953,0.143618,-0.812556,0.256034,0.905627,0.338019,0.78372,-0.399181,0.475882,-0.014278,0.005827,-0.012413,0.202117,-0.717532,-0.326202,0.036364,-0.236171,0.002659,0.330002,0.46526,0.029852,0.884666,-0.69467,0.631605,0.344155,-0.549045,-0.774697,0.313461,0.001375,-0.004041,0.014546,-0.088208,0.137885,0.098101,-1.408216,0.011774,0.049037,-0.029352,-0.474319,-0.108435,0.873649,0.771013,-0.530165,0.352793,0.424923,0.840931,0.335072,0.000725,0.003522,0.003152,-0.064923,0.238639,-0.046161,-0.809529,0.081133,0.049786,-0.042453,-0.490238,-0.193339,-0.849874,-0.240988,-0.907006,0.345346,-0.83761,0.374111,0.398056,-0.013859,0.003945,-0.00537,1.077547,-1.248454,-0.967119,-0.183134
381,0.13312,-0.005366,0.36733,0.557073,0.150244,-0.816787,0.258145,0.903461,0.342185,0.788659,-0.401654,0.46553,-0.027822,-0.001244,-0.000727,-0.344113,-0.746877,-0.214972,0.037639,-0.236102,0.002671,0.330216,0.46429,0.021647,0.885414,-0.687649,0.638731,0.345101,-0.558629,-0.769095,0.310305,0.001439,-0.003724,0.014823,-0.07202,0.174546,-0.114955,-1.408229,0.011808,0.049044,-0.029244,-0.474686,-0.100019,0.874453,0.764983,-0.538236,0.353698,0.435286,0.836838,0.332006,0.000759,0.0037,0.003302,-0.014301,0.032393,0.057063,-0.809366,0.08094,0.04982,-0.042521,-0.482662,-0.198803,-0.852944,-0.242759,-0.905367,0.348393,-0.841489,0.375216,0.388725,-0.007155,-0.00154,-0.001089,-0.070224,-0.220185,0.044437,-0.182808
382,0.132331,-0.005336,0.367283,0.544526,0.164227,-0.822536,0.250948,0.903834,0.346525,0.799673,-0.395306,0.451977,-0.027333,0.001733,0.001486,-0.273322,-0.613378,-0.150393,0.04846,-0.235959,0.002577,0.330686,0.462115,-0.00044,0.886815,-0.672819,0.65116,0.351055,-0.578168,-0.75888,0.299476,0.001338,-0.004207,0.014377,-0.092679,0.147331,0.103799,-1.408646,0.011881,0.048997,-0.029002,-0.475589,-0.077834,0.876216,0.752089,-0.552619,0.359127,0.456262,0.829791,0.321358,0.000671,-0.002079,0.007191,-0.073915,0.112115,0.082319,-0.813285,0.080535,0.049833,-0.042545,-0.468897,-0.21242,-0.857328,-0.235946,-0.905251,0.353339,-0.851154,0.367963,0.37435,-0.013637,0.001026,0.000873,-0.232435,-0.541734,-0.115549,-0.17546
383,0.131475,-0.005269,0.367378,0.53724,0.172526,-0.825623,0.242522,0.905929,0.347054,0.807169,-0.386893,0.445892,-0.013381,0.002534,0.001984,-0.019347,-0.023016,-0.047986,0.061639,-0.235615,0.002336,0.331181,0.459472,-0.030933,0.887649,-0.649406,0.66998,0.359627,-0.606382,-0.741632,0.286609,0.014658,-0.007871,0.010621,-0.081405,0.120717,0.091202,-1.408176,0.012053,0.04888,-0.028751,-0.47733,-0.046921,0.87747,0.73143,-0.574633,0.367159,0.486996,0.817064,0.308609,0.007321,-0.003956,0.005262,-0.041762,0.051055,0.049027,-0.813448,0.080122,0.049864,-0.0425,-0.45973,-0.221941,-0.859877,-0.227843,-0.906378,0.355759,-0.858332,0.359471,0.366122,-0.013422,0.002293,0.001816,0.007386,-0.081253,0.140358,-0.155048
384,0.130619,-0.005168,0.367423,0.528312,0.18295,-0.829132,0.234111,0.907278,0.349301,0.815506,-0.378872,0.437531,-0.027232,0.002365,0.001933,-0.053809,-0.480427,-0.125875,0.061186,-0.23502,0.00199,0.331653,0.452212,-0.077588,0.888525,-0.613077,0.696397,0.372964,-0.648244,-0.713285,0.266211,0.014669,-0.018627,0.019131,-0.192286,0.509839,0.114686,-1.408556,0.01234,0.048714,-0.028528,-0.476983,-0.000993,0.878911,0.699161,-0.606402,0.378748,0.532597,0.795157,0.289938,0.007366,-0.003682,0.005499,0.162244,0.76763,0.556591,-0.818347,0.079695,0.049922,-0.042473,-0.451896,-0.230133,-0.861874,-0.2196,-0.907721,0.357515,-0.864618,0.350828,0.359658,-0.013646,0.001027,0.000869,1.152333,-1.025892,-1.034256,-0.1477
385,0.130218,-0.005145,0.367442,0.52291,0.185524,-0.83198,0.230453,0.90892,0.34746,0.82002,-0.373649,0.433568,-0.013737,0.000506,0.000458,1.352222,-0.715912,-0.602493,0.060195,-0.234746,0.001765,0.331905,0.447319,-0.099295,0.88884,-0.596828,0.706923,0.379462,-0.666554,-0.70009,0.255818,0.014671,-0.007812,0.010662,-0.11401,0.309496,0.246597,-1.408625,0.012482,0.048594,-0.028395,-0.475025,0.022377,0.879687,0.684403,-0.618968,0.385318,0.553121,0.785096,0.278711,0.007222,-0.009826,0.009064,-0.049518,0.382238,0.23814,-0.819327,0.079485,0.049934,-0.042462,-0.444701,-0.233505,-0.864705,-0.217424,-0.9084,0.357121,-0.868888,0.34682,0.353197,-0.013765,0.00069,0.000594,4.581012,-1.93381,-2.483692,-0.1477
386,0.129288,-0.005063,0.367498,0.508441,0.197978,-0.838056,0.22354,0.909511,0.350415,0.830968,-0.365746,0.419224,-0.027153,0.00285,0.002276,-0.125708,-0.224872,-0.182793,0.057403,-0.234067,0.001199,0.33245,0.434599,-0.145023,0.888867,-0.568325,0.721362,0.395698,-0.699098,-0.676943,0.229943,0.028295,-0.010075,0.008148,-0.067192,0.46997,0.349045,-1.408816,0.012811,0.04832,-0.028128,-0.469127,0.068299,0.880485,0.658281,-0.637582,0.400192,0.588714,0.767348,0.254147,0.007216,-0.004504,0.0048,1.193045,1.298585,0.803004,-0.822756,0.079034,0.049972,-0.042437,-0.429379,-0.245677,-0.869066,-0.209033,-0.909122,0.360277,-0.8786,0.336359,0.339003,-0.013577,0.001424,0.001151,-0.198253,-0.45975,-0.079195,-0.150313
387,0.128407,-0.004982,0.367525,0.488029,0.216091,-0.845682,0.212619,0.910262,0.355228,0.845952,-0.353434,0.399346,-0.014002,-0.000902,-0.000612,-0.20373,-0.493552,-0.087878,0.049256,-0.233258,0.000565,0.33297,0.417426,-0.192103,0.888168,-0.531105,0.741404,0.4101,-0.737769,-0.642647,0.206316,0.028278,-0.02118,0.01636,1.225965,1.124196,0.685412,-1.409114,0.013216,0.048002,-0.027869,-0.459695,0.114488,0.880665,0.627523,-0.659823,0.413336,0.628406,0.742647,0.231474,0.014082,-0.010756,0.008002,-0.386308,0.832312,0.323623,-0.822266,0.078574,0.050019,-0.042418,-0.407273,-0.263299,-0.874529,-0.198662,-0.909075,0.366217,-0.891437,0.322886,0.317935,-0.007003,-0.000469,-0.000303,-0.211043,-0.504838,-0.092338,-0.157171
388,0.12802,-0.004979,0.367492,0.476042,0.227223,-0.849588,0.204899,0.910812,0.358343,0.854651,-0.344943,0.388088,-0.014239,-0.002163,-0.00156,4.55001,-2.47149,-1.97841,0.037965,-0.23281,0.00018,0.33329,0.411857,-0.205069,0.88787,-0.523527,0.744145,0.414851,-0.746265,-0.635416,0.197984,0.028447,-0.031377,0.025395,-0.194618,0.312218,-0.001663,-1.408772,0.013445,0.047809,-0.027711,-0.455099,0.132332,0.880552,0.616269,-0.666981,0.418745,0.642725,0.733228,0.221991,0.007245,-0.009788,0.009114,-0.128813,0.192274,0.110218,-0.818347,0.078386,0.050022,-0.042433,-0.395758,-0.271718,-0.877236,-0.196664,-0.90799,0.369967,-0.897049,0.318938,0.305907,-0.013796,0.004469,-0.005024,-0.122006,-0.405071,-0.0568,-0.165989
389,0.12729,-0.005019,0.367288,0.450454,0.247316,-0.857887,0.200989,0.908123,0.367271,0.869344,-0.338168,0.360432,-0.028111,0.006253,-0.012108,-0.31274,-0.812923,-0.256137,0.016692,-0.231871,-0.000648,0.334066,0.395066,-0.237481,0.887422,-0.49567,0.758121,0.423672,-0.773854,-0.60694,0.180658,0.014915,-0.017713,0.01995,4.743136,2.579781,1.170635,-1.409093,0.013919,0.047389,-0.027321,-0.444159,0.163672,0.880871,0.594616,-0.681586,0.426464,0.670189,0.713198,0.20541,0.014309,-0.009708,0.00893,-0.182607,0.354233,0.050477,-0.816224,0.078027,0.05,-0.04253,-0.368767,-0.291907,-0.882496,-0.187771,-0.906442,0.378291,-0.910358,0.305209,0.279454,-0.007445,-0.002833,-0.002089,-0.383228,-0.898758,-0.284535,-0.196034
390,0.126584,-0.004936,0.366859,0.428833,0.264222,-0.863906,0.195126,0.90662,0.374083,0.881547,-0.329313,0.338311,-0.028248,0.005641,-0.012591,-0.189985,-0.557616,-0.13239,0.008315,-0.230912,-0.001339,0.334624,0.376654,-0.262988,0.888234,-0.47758,0.766378,0.429555,-0.794134,-0.585658,0.161924,0.028114,-0.011367,0.00695,0.194716,0.753811,0.471319,-1.408966,0.014406,0.047043,-0.027029,-0.42895,0.192703,0.882534,0.573963,-0.696276,0.431004,0.697544,0.691421,0.188063,0.01402,-0.00577,0.003385,0.123952,0.871923,0.55123,-0.819163,0.077673,0.050039,-0.042747,-0.345042,-0.308763,-0.886346,-0.182822,-0.904144,0.386133,-0.920609,0.295275,0.255519,-0.007319,0.002091,-0.006855,-0.268294,-0.726807,-0.176723,-0.216609
391,0.125722,-0.004603,0.36611,0.408141,0.282825,-0.86803,0.181778,0.906598,0.3808,0.894151,-0.313555,0.319693,-0.028367,0.013499,-0.023627,-0.110642,-0.480385,-0.071056,0.007006,-0.229785,-0.001762,0.33487,0.354824,-0.292573,0.887971,-0.459043,0.772794,0.438181,-0.814833,-0.56272,0.138766,0.027814,-0.001847,-0.00273,-0.171835,0.501143,0.156558,-1.409076,0.014959,0.046833,-0.026904,-0.411347,0.226272,0.882946,0.556324,-0.705006,0.439851,0.722008,0.672136,0.164122,0.013887,-0.006538,0.002685,-0.237199,0.503043,0.369327,-0.817694,0.077242,0.050204,-0.043116,-0.323215,-0.326512,-0.888212,-0.170067,-0.903268,0.393932,-0.930918,0.27838,0.236421,-0.007438,0.005658,-0.012638,-0.180021,-0.530264,-0.279283,-0.223304
392,0.125206,-0.004341,0.365598,0.399359,0.289825,-0.869804,0.177173,0.906447,0.383321,0.899035,-0.307544,0.311736,-0.028689,0.01187,-0.024877,-0.090624,-0.33556,-0.222045,0.00488,-0.229268,-0.001983,0.334911,0.3431,-0.308464,0.8872,-0.452137,0.773579,0.44394,-0.823659,-0.553057,0.124812,0.027326,-0.01581,0.002982,-0.325437,0.838296,0.307465,-1.409214,0.015218,0.046732,-0.026883,-0.402681,0.241901,0.882797,0.549393,-0.707535,0.444477,0.73213,0.663985,0.152013,0.013698,-0.001994,-0.002343,-0.079555,0.300512,0.03018,-0.820307,0.076985,0.050336,-0.043371,-0.313775,-0.333147,-0.889133,-0.165781,-0.902819,0.396779,-0.934912,0.2719,0.228052,-0.014198,0.010773,-0.017237,-0.097546,-0.519978,-0.09809,-0.224773
