frame,MLTx,MLTy,MLTz,MLTR1,MLTR2,MLTR3,MLTR4,MLTR5,MLTR6,MLTR7,MLTR8,MLTR9,MLTTVx,MLTTVy,MLTTVz,MLTRVx,MLTRVy,MLTRVz,MLGA,MRTx,MRTy,MRTz,MRTR1,MRTR2,MRTR3,MRTR4,MRTR5,MRTR6,MRTR7,MRTR8,MRTR9,MRTTVx,MRTTVy,MRTTVz,MRTRVx,MRTRVy,MRTRVz,MRGA,SLTx,SLTy,SLTz,SLTR1,SLTR2,SLTR3,SLTR4,SLTR5,SLTR6,SLTR7,SLTR8,SLTR9,SLTTVx,SLTTVy,SLTTVz,SLTRVx,SLTRVy,SLTRVz,SLGA,SRTx,SRTy,SRTz,SRTR1,SRTR2,SRTR3,SRTR4,SRTR5,SRTR6,SRTR7,SRTR8,SRTR9,SRTTVx,SRTTVy,SRTTVz,SRTRVx,SRTRVy,SRTRVz,SRGA
885,0.0397,0.05797,0.398787,-0.467963,-0.291375,-0.83436,0.427159,-0.901043,0.075021,-0.773071,-0.320943,0.547159,0.003836,0.007825,0.004157,-0.00278,-0.013113,0.027705,-1.27627,-0.115633,0.072662,0.355905,0.879153,-0.323007,0.350352,0.140157,0.877828,0.457939,-0.456568,-0.35309,0.81654,0.000236,-0.001163,-0.000647,-0.601686,-0.655342,-1.529617,-0.133255,0.032564,0.052547,-0.004964,-0.834025,0.249553,0.492061,-0.021426,-0.905836,0.423085,0.551309,0.342321,0.760837,0.00017,-0.000807,-0.000455,-0.059252,-0.050353,-0.144003,-0.479219,0.057773,0.051277,-0.041735,-0.474734,-0.164053,-0.864704,0.23329,-0.970787,0.0561,-0.848647,-0.175094,0.499138,0.002756,0.008883,-0.002548,-0.003682,-0.033106,0.061232,-0.744624
886,0.039894,0.058434,0.398881,-0.4795,-0.271499,-0.834514,0.389642,-0.917917,0.074687,-0.785696,-0.289019,0.546971,0.004984,0.010175,0.005384,-1.383314,0.110431,0.932548,-1.404897,-0.115774,0.072681,0.355769,0.89334,-0.280666,0.350944,0.098075,0.883767,0.457462,-0.439666,-0.373899,0.816552,-0.010551,-0.006175,-0.002565,-0.004807,0.030605,-0.054121,0.075,0.032497,0.052566,-0.005033,-0.84691,0.200902,0.49232,0.025747,-0.909297,0.415349,0.53111,0.364439,0.764921,-0.000631,0.004065,-0.004725,0.030434,-0.004817,0.020898,-0.393981,0.057872,0.051514,-0.041686,-0.481729,-0.143117,-0.864553,0.194877,-0.979364,0.053537,-0.854376,-0.142692,0.499679,0.002567,0.005378,0.00275,-4.610553,0.393633,3.049482,-0.743481
887,0.040032,0.058695,0.398974,-0.482624,-0.265164,-0.83475,0.37855,-0.922592,0.074139,-0.789192,-0.279891,0.546684,0.006226,0.012723,0.006713,-1.382831,0.096067,0.957371,-1.443649,-0.115877,0.072588,0.355674,0.900541,-0.259619,0.348733,0.077885,0.885337,0.458307,-0.428859,-0.385238,0.817027,0.001381,-0.006823,-0.003803,-0.002759,0.015401,-0.024874,0.127871,0.03244,0.052521,-0.005079,-0.853063,0.179519,0.489953,0.04592,-0.909487,0.413187,0.519781,0.374974,0.767607,-0.004991,-0.004464,-0.002054,-0.006554,0.020451,-0.031193,-0.354465,0.05794,0.051641,-0.041641,-0.483517,-0.136301,-0.864657,0.183131,-0.981694,0.052342,-0.855963,-0.133037,0.499626,0.002881,0.006028,0.003084,-4.610456,0.390728,3.047945,-0.742338
888,0.040385,0.059153,0.399169,-0.491655,-0.247107,-0.83502,0.345294,-0.935596,0.073501,-0.798793,-0.251891,0.546358,0.006036,0.012361,0.006486,-4.617547,0.39307,3.047157,-1.492554,-0.116058,0.072087,0.355363,0.909786,-0.226957,0.347521,0.046189,0.887268,0.458863,-0.413626,-0.401131,0.817233,-0.008234,-0.017804,-0.00909,-0.004415,0.031119,-0.053211,0.182465,0.032352,0.052281,-0.005229,-0.86035,0.146413,0.48822,0.0774,-0.909217,0.409061,0.503791,0.389725,0.770914,-0.00392,-0.00983,-0.005066,-0.00855,0.051936,-0.075581,-0.062012,0.058119,0.051875,-0.041541,-0.488151,-0.118942,-0.864615,0.152069,-0.987107,0.049936,-0.859408,-0.107105,0.499945,0.008806,0.004474,0.002219,-0.008498,-0.027643,0.059099,-0.741358
889,0.040675,0.059771,0.399438,-0.503476,-0.226028,-0.833948,0.300821,-0.950634,0.075977,-0.809327,-0.212343,0.547656,0.007944,0.016296,0.008494,-0.002221,-0.026557,0.053196,-1.50846,-0.116266,0.071329,0.354859,0.921715,-0.176019,0.345617,-0.001397,0.889415,0.457026,-0.388997,-0.42151,0.819069,-0.007057,-0.023905,-0.012597,-0.561599,-0.822301,-1.271627,0.236025,0.032247,0.051902,-0.005481,-0.86904,0.096386,0.48526,0.122782,-0.908136,0.400266,0.479263,0.407429,0.777372,-0.003517,-0.012393,-0.00648,-1.940528,-2.45693,-4.617275,0.080215,0.058261,0.05218,-0.041409,-0.496417,-0.09277,-0.863112,0.099521,-0.993799,0.049577,-0.86236,-0.061287,0.502571,0.003903,0.007999,0.004175,-0.007742,-0.027768,0.055724,-0.742828
890,0.040826,0.060046,0.399613,-0.509396,-0.215834,-0.833053,0.277974,-0.957401,0.078011,-0.813771,-0.191567,0.548732,0.007723,0.015857,0.008236,-4.606095,0.404587,3.085777,-1.511398,-0.116416,0.070987,0.354525,0.925937,-0.152042,0.34571,-0.023224,0.89056,0.4542,-0.378093,-0.428399,0.820599,-0.006988,-0.024399,-0.012927,0.032742,-0.076741,-0.246016,0.252277,0.032173,0.051727,-0.00565,-0.871945,0.070827,0.484452,0.145268,-0.907498,0.394137,0.467555,0.414041,0.781,-0.004343,-0.00698,-0.010539,-0.03599,-0.252294,-0.522516,0.117118,0.058338,0.05232,-0.04132,-0.499557,-0.084836,-0.862116,0.081584,-0.995377,0.050676,-0.86243,-0.045019,0.504169,0.003724,0.007642,0.003976,-0.006801,-0.028522,0.057371,-0.742828
891,0.041092,0.060549,0.399883,-0.520174,-0.199852,-0.830376,0.237521,-0.967724,0.084054,-0.819728,-0.153268,0.55189,0.005674,0.011668,0.006024,-0.123346,-0.000877,0.107838,-1.506557,-0.116736,0.070385,0.353677,0.929648,-0.135658,0.342553,-0.034106,0.893898,0.446897,-0.367998,-0.426971,0.825916,-0.008223,-0.01672,-0.022777,0.320241,-0.224978,-0.058424,0.28903,0.032014,0.051423,-0.00607,-0.874915,0.054674,0.48118,0.155309,-0.909445,0.38573,0.458696,0.412213,0.787196,-0.005079,-0.002539,-0.015118,0.473057,-0.205708,-0.234801,0.170024,0.058476,0.05258,-0.04118,-0.50768,-0.063931,-0.85917,0.033868,-0.997953,0.054245,-0.86088,-0.001559,0.508805,0.002885,0.005926,0.003064,-0.406508,-0.067662,0.482477,-0.740869
892,0.041386,0.061107,0.400094,-0.537593,-0.177404,-0.824359,0.174034,-0.979905,0.09732,-0.824391,-0.090934,0.558693,0.00923,0.025517,-0.001256,-0.08181,0.090446,-0.10597,-1.49397,-0.116995,0.06986,0.35261,0.935553,-0.128822,0.328842,-0.030131,0.898421,0.438025,-0.353038,-0.419544,0.836188,-0.007592,-0.020188,-0.024924,0.341867,-0.478571,0.029258,0.314848,0.031881,0.051154,-0.006613,-0.882454,0.047993,0.467943,0.150186,-0.913971,0.376961,0.445779,0.402929,0.79933,-0.003741,-0.010293,-0.012572,0.384192,-0.514212,0.020737,0.219991,0.058617,0.052845,-0.041077,-0.520479,-0.038372,-0.853011,-0.031588,-0.99744,0.064143,-0.853289,0.06033,0.517935,0.003554,0.007307,0.003759,-0.41321,0.481112,-0.578281,-0.739072
893,0.041698,0.061928,0.400299,-0.555679,-0.150873,-0.817621,0.103893,-0.988283,0.111691,-0.824202,-0.0227,0.565864,0.00986,0.026836,-0.000641,-0.0125,-0.032256,0.073996,-1.468939,-0.117209,0.069412,0.351245,0.941437,-0.121682,0.314454,-0.025125,0.904524,0.425603,-0.337401,-0.408428,0.848062,-0.008513,-0.014056,-0.035774,0.264414,-0.232388,0.011782,0.315912,0.031776,0.050942,-0.007267,-0.889959,0.040714,0.454217,0.14391,-0.920041,0.364434,0.432737,0.389698,0.812941,-0.004213,-0.007142,-0.01794,0.108557,-0.961419,0.406582,0.236484,0.058771,0.053252,-0.040977,-0.533354,-0.009231,-0.845841,-0.102452,-0.991874,0.075427,-0.839664,0.126887,0.528074,0.005142,0.013847,-9.1e-05,-0.484225,0.149374,0.163528,-0.740215
894,0.041863,0.062339,0.400357,-0.563987,-0.141156,-0.813658,0.074681,-0.989958,0.119911,-0.821714,0.007031,0.56988,0.009516,0.026138,-0.001023,-1.66389,0.610603,0.415894,-1.449183,-0.11737,0.069213,0.350526,0.943097,-0.117833,0.310926,-0.024095,0.908248,0.417659,-0.332795,-0.401239,0.853298,-0.010349,-0.003124,-0.043719,0.491159,-0.296431,-0.069549,0.316148,0.031698,0.050831,-0.007639,-0.891769,0.037528,0.45093,0.141935,-0.923058,0.357514,0.429651,0.382823,0.817829,-0.004066,-0.007979,-0.018492,0.610378,-0.358979,-0.179852,0.23877,0.058858,0.053465,-0.040943,-0.539115,0.001586,-0.842229,-0.130291,-0.988116,0.081539,-0.832092,0.153693,0.532916,0.004514,0.012785,-0.00084,-5.619189,2.142429,1.213228,-0.74593
895,0.042213,0.063127,0.400434,-0.580877,-0.117977,-0.805425,0.012044,-0.990574,0.136346,-0.813199,0.069639,0.577828,0.008844,0.024778,-0.001758,-0.725181,0.481623,-0.234298,-1.388406,-0.117807,0.068769,0.348912,0.946395,-0.101376,0.306679,-0.033518,0.913345,0.405725,-0.322422,-0.39413,0.860563,-0.007997,-0.017247,-0.038026,0.272984,-0.061556,-0.193206,0.316156,0.031479,0.050613,-0.008448,-0.894808,0.020754,0.445967,0.149694,-0.927145,0.343501,0.420605,0.374126,0.82651,-0.010721,-0.003909,-0.022874,0.369651,-0.191711,-0.060538,0.240403,0.059033,0.053861,-0.040904,-0.551396,0.028188,-0.833766,-0.193791,-0.976417,0.095149,-0.811422,0.214041,0.543855,0.003285,0.006776,0.003377,-2.534024,1.848176,-1.128847,-0.744951
896,0.042526,0.063754,0.400523,-0.597405,-0.090795,-0.796812,-0.053514,-0.986838,0.152504,-0.799431,0.133853,0.585679,0.005679,0.011766,0.005896,-0.048545,0.098994,-0.139844,-1.362902,-0.118193,0.068398,0.347176,0.947075,-0.095707,0.306399,-0.034923,0.917956,0.395057,-0.320259,-0.384732,0.865608,-0.008024,-0.017485,-0.038449,0.459518,-0.174408,-0.291079,0.309731,0.03129,0.050427,-0.009301,-0.894823,0.016504,0.446115,0.149774,-0.930297,0.334834,0.420546,0.366433,0.82998,0.000837,-0.001741,-0.022672,0.072061,0.058731,-0.024381,0.236647,0.059192,0.054181,-0.040861,-0.562929,0.057846,-0.824477,-0.258531,-0.959813,0.109176,-0.785029,0.274611,0.555262,0.003783,0.011057,-0.001558,-0.116344,0.101404,-0.076156,-0.756381
897,0.04266,0.063976,0.400579,-0.60711,-0.079215,-0.790688,-0.084755,-0.982885,0.163481,-0.789354,0.166358,0.590993,0.004694,0.009734,0.004867,-2.481088,1.997712,-1.311406,-1.338887,-0.118316,0.068236,0.346345,0.947072,-0.093357,0.307133,-0.035971,0.919714,0.390853,-0.320152,-0.3811,0.867253,0.0018,-0.004453,-0.046091,0.172397,0.000268,-0.072838,0.304946,0.031221,0.05034,-0.00973,-0.894957,0.012433,0.445978,0.150371,-0.932718,0.327756,0.420048,0.36039,0.832873,-0.004893,-0.003279,-0.023175,0.14034,0.029981,-0.092752,0.231911,0.05926,0.054295,-0.040832,-0.568466,0.07152,-0.819591,-0.287527,-0.950663,0.11647,-0.770826,0.301864,0.560985,0.002222,0.00471,0.002302,-4.413239,1.055642,2.963437,-0.761116
898,0.042865,0.06418,0.400678,-0.623955,-0.057098,-0.7794,-0.134247,-0.974668,0.178807,-0.769094,0.216265,0.601458,0.002431,0.005049,0.002517,-1.223136,0.65424,0.774126,-1.294347,-0.118525,0.067699,0.344663,0.946115,-0.091527,0.310613,-0.037922,0.921135,0.387305,-0.322753,-0.378103,0.867601,-0.007554,-0.020433,-0.040717,0.061298,0.066675,-0.083857,0.296215,0.031119,0.050079,-0.010572,-0.893323,0.010765,0.449285,0.151863,-0.933676,0.324322,0.422978,0.357954,0.83244,-0.003703,-0.010468,-0.020504,0.057245,0.08482,-0.105206,0.221624,0.059365,0.054402,-0.04078,-0.582885,0.095105,-0.806968,-0.335859,-0.932517,0.132695,-0.739893,0.348374,0.575493,0.001099,0.002281,0.00114,-1.206265,0.702782,0.808502,-0.758667
899,0.043171,0.064262,0.400679,-0.635074,-0.020541,-0.772207,-0.195658,-0.962769,0.186454,-0.746501,0.26952,0.608376,0.012958,-6.8e-05,-0.000402,-1.292818,0.43194,0.940961,-1.283506,-0.118771,0.067098,0.342976,0.945093,-0.089517,0.31429,-0.040126,0.922516,0.38378,-0.325478,-0.37521,0.867839,-0.007752,-0.019777,-0.040649,0.06127,0.066799,-0.083755,0.266544,0.030997,0.049775,-0.011418,-0.89164,0.008714,0.45266,0.153555,-0.934731,0.320463,0.425909,0.355246,0.832106,-0.004778,-0.004213,-0.024059,0.095733,0.076435,-0.086564,0.201376,0.059511,0.054439,-0.040781,-0.587095,0.132683,-0.798569,-0.392839,-0.909233,0.137739,-0.70781,0.394575,0.585929,0.001551,0.006534,-0.003868,-4.341237,1.248487,3.129356,-0.769608
900,0.043431,0.064474,0.400523,-0.644508,0.008901,-0.764576,-0.235393,-0.953676,0.187255,-0.726693,0.300646,0.617702,0.013354,0.007254,-0.01093,0.088201,0.178187,-0.066831,-1.276904,-0.119043,0.066682,0.341349,0.944193,-0.087864,0.317444,-0.041756,0.923894,0.380277,-0.327882,-0.372204,0.868228,-0.008744,-0.014886,-0.037838,0.061257,0.06692,-0.083656,0.217782,0.030859,0.049553,-0.01225,-0.89015,0.006968,0.455614,0.154734,-0.935845,0.316622,0.428591,0.35234,0.831965,-0.004381,-0.007261,-0.018797,0.061544,0.067152,-0.083007,0.149613,0.059642,0.054545,-0.040854,-0.590598,0.164362,-0.790049,-0.431545,-0.89161,0.137108,-0.681881,0.421918,0.597513,0.000241,0.00049,0.000242,0.047572,0.211724,-0.109805,-0.782507
901,0.043519,0.064622,0.400361,-0.64869,0.018214,-0.760864,-0.24447,-0.951718,0.185576,-0.719945,0.306362,0.622774,0.012529,0.005541,-0.011779,0.249186,0.387018,0.263962,-1.272443,-0.119158,0.066545,0.340569,0.943798,-0.087197,0.318801,-0.042333,0.924569,0.378568,-0.328947,-0.370682,0.868477,-0.009253,-0.012319,-0.036311,0.06367,0.050346,-0.060202,0.194132,0.030802,0.049483,-0.012641,-0.889516,0.006277,0.456859,0.15508,-0.936399,0.314811,0.429779,0.350879,0.831969,-0.004632,-0.006001,-0.018048,0.063892,0.050521,-0.059649,0.117935,0.059692,0.054622,-0.040939,-0.592413,0.172788,-0.786886,-0.439886,-0.887656,0.136256,-0.674941,0.42686,0.601866,0.006185,0.002589,-0.00598,0.338195,0.542394,0.338282,-0.786916
902,0.04372,0.065074,0.399838,-0.650376,0.026204,-0.75919,-0.257451,-0.947858,0.187765,-0.71388,0.317534,0.624159,0.013848,0.014781,-0.021326,-0.046979,-0.0324,0.149757,-1.256542,-0.119316,0.066323,0.339128,0.943026,-0.085914,0.32142,-0.043473,0.925818,0.375372,-0.331009,-0.367855,0.868895,0.001781,-0.006352,-0.033733,0.065706,0.035202,-0.030904,0.167496,0.030723,0.049372,-0.013362,-0.888287,0.004943,0.459261,0.155792,-0.937415,0.311417,0.432058,0.348177,0.831924,0.000874,-0.002963,-0.016725,0.065842,0.035331,-0.030527,0.069927,0.059791,0.054846,-0.041201,-0.593085,0.181876,-0.784328,-0.451765,-0.881523,0.137196,-0.666451,0.435701,0.604984,0.006872,0.007263,-0.010726,-0.047654,-0.037449,0.14575,-0.790019
903,0.043872,0.065784,0.399107,-0.652187,0.027001,-0.757607,-0.2598,-0.946804,0.189836,-0.711373,0.320596,0.625455,0.00271,0.018581,-0.019035,-1.106949,1.567652,-1.884145,-1.243578,-0.11947,0.066196,0.337929,0.941553,-0.084655,0.326041,-0.045171,0.927274,0.371559,-0.334965,-0.364468,0.868806,-0.011543,-0.000499,-0.028933,0.066097,0.033684,-0.036802,0.157352,0.030648,0.049302,-0.013966,-0.886057,0.003577,0.463561,0.156988,-0.93857,0.307311,0.436184,0.345069,0.831065,-0.005819,0.000114,-0.014225,0.065468,0.031549,-0.035317,0.046087,0.059866,0.055199,-0.041568,-0.594143,0.183203,-0.783217,-0.454011,-0.88016,0.13853,-0.663978,0.437896,0.606118,0.001338,0.00921,-0.009566,-1.102952,1.567065,-1.887345,-0.789692
904,0.043905,0.066157,0.398667,-0.651721,0.026742,-0.758017,-0.25875,-0.947263,0.188978,-0.712181,0.319259,0.625219,0.001396,0.01583,-0.020387,0.065198,-0.045949,0.02694,-1.23619,-0.119524,0.066201,0.337425,0.941372,-0.084456,0.326614,-0.045167,0.927727,0.370426,-0.335475,-0.363359,0.869074,-0.000217,0.004253,-0.026954,0.068142,0.018479,-0.007555,0.152543,0.03062,0.049307,-0.014216,-0.88579,0.003371,0.464072,0.156834,-0.938967,0.306175,0.436781,0.34399,0.831199,-0.000157,0.002477,-0.013245,0.068132,0.018264,-0.007186,0.038902,0.059884,0.055384,-0.041778,-0.594395,0.182514,-0.783187,-0.452891,-0.880747,0.138469,-0.664518,0.437004,0.60617,0.001355,0.01248,-0.014988,0.099967,-0.056574,0.014685,-0.790019
905,0.044004,0.066935,0.397666,-0.647956,0.022234,-0.761383,-0.256507,-0.947557,0.190554,-0.716415,0.318738,0.62063,0.001102,0.015199,-0.020666,0.029432,-0.100532,-0.034827,-1.233226,-0.119534,0.066245,0.336663,0.939299,-0.083522,0.332768,-0.047066,0.929222,0.366422,-0.340997,-0.359741,0.86843,0.00055,-0.001387,-0.015822,0.257817,0.710462,-0.385411,0.143757,0.030615,0.04933,-0.014591,-0.883168,0.002423,0.469048,0.157955,-0.940044,0.302269,0.441659,0.341043,0.829835,0.000279,-0.000652,-0.007886,0.778013,2.36324,-1.297176,0.025512,0.059932,0.055769,-0.04228,-0.59132,0.177191,-0.786729,-0.450807,-0.881527,0.140293,-0.668665,0.437621,0.601143,0.001652,0.013089,-0.014658,0.067028,-0.032929,-0.167276,-0.791652
906,0.044113,0.06793,0.396607,-0.645353,0.020579,-0.763637,-0.263682,-0.944196,0.197325,-0.716164,0.328671,0.61572,0.004168,0.028013,-0.028324,-1.285816,0.132839,0.767801,-1.231697,-0.119428,0.06622,0.33619,0.937293,-0.082701,0.338577,-0.048971,0.9304,0.363168,-0.346221,-0.356875,0.867545,-0.000312,0.003221,-0.012787,0.040109,0.0282,-0.014053,0.142684,0.030668,0.049317,-0.014827,-0.879849,0.001334,0.47525,0.159695,-0.94102,0.298291,0.447618,0.338346,0.827743,0.006653,-0.002778,-0.002408,0.019118,0.063115,-0.027216,0.01947,0.059983,0.056258,-0.042809,-0.589422,0.174569,-0.788737,-0.455979,-0.877856,0.146459,-0.666831,0.445974,0.597027,0.001915,0.013688,-0.014352,-4.285308,0.705644,3.277391,-0.793611
907,0.044092,0.068851,0.39557,-0.643293,0.035587,-0.764822,-0.287882,-0.936858,0.198477,-0.70867,0.347808,0.613875,-1.5e-05,0.012832,-0.021772,0.060367,-0.040637,-0.00297,-1.225471,-0.119342,0.066117,0.335992,0.93497,-0.083699,0.344698,-0.050429,0.930376,0.36303,-0.352256,-0.356705,0.865182,0.000643,-0.003423,-0.002277,-0.123885,0.076926,0.069184,0.142361,0.030711,0.049267,-0.014931,-0.876728,0.002133,0.480981,0.161155,-0.940887,0.297924,0.453185,0.338711,0.824559,0.000281,-0.00147,-0.00098,-0.137214,0.081098,0.076606,0.017184,0.059978,0.056732,-0.043326,-0.583907,0.189447,-0.789405,-0.479754,-0.864951,0.147288,-0.654894,0.464723,0.59594,0.000971,0.011632,-0.015319,0.10865,-0.039221,0.022124,-0.794264
908,0.044059,0.069161,0.39507,-0.642917,0.035167,-0.765158,-0.286678,-0.937386,0.197727,-0.709499,0.346427,0.613699,-0.001246,0.010266,-0.023052,0.064571,-0.032614,0.001393,-1.200627,-0.119312,0.066053,0.33596,0.93402,-0.083328,0.347353,-0.051426,0.930763,0.361897,-0.354631,-0.355782,0.864592,0.000475,-0.002525,-0.00168,-0.001811,0.001125,0.001011,0.14205,0.030726,0.049238,-0.014945,-0.875348,0.001867,0.483489,0.161928,-0.941109,0.296802,0.45557,0.338096,0.823496,0.000235,-0.001229,-0.00082,0.009555,0.008098,-0.026791,0.016205,0.059963,0.05689,-0.043574,-0.583699,0.189139,-0.789633,-0.478599,-0.865739,0.146413,-0.655925,0.46338,0.595853,-0.000776,0.004776,-0.011703,0.068334,-0.028268,0.002934,-0.792142
909,0.043939,0.069354,0.394056,-0.643807,0.029058,-0.764666,-0.273616,-0.941952,0.194506,-0.71383,0.334408,0.615342,-0.004908,0.002661,-0.02691,0.227497,0.218834,0.08412,-1.169924,-0.119293,0.066,0.335957,0.932599,-0.084562,0.350855,-0.052166,0.93022,0.363186,-0.358253,-0.356908,0.862633,4e-06,-1.9e-05,-1.2e-05,-0.018303,0.11727,-0.159576,0.142239,0.030735,0.049212,-0.014946,-0.873572,0.003119,0.486683,0.162687,-0.940586,0.298041,0.458698,0.339538,0.821163,-2.5e-05,0.00014,9.4e-05,0.011559,-0.006627,-0.004377,0.014735,0.059904,0.056994,-0.044088,-0.585592,0.182695,-0.789749,-0.466471,-0.872737,0.143991,-0.662937,0.452715,0.59629,-0.002595,0.000996,-0.013621,0.278529,0.305868,0.130302,-0.789529
910,0.043727,0.069266,0.393322,-0.64391,0.028058,-0.764616,-0.271868,-0.942501,0.194295,-0.714404,0.332943,0.61547,-0.00457,-0.003046,-0.015712,0.032195,-0.009195,-0.011837,-1.175889,-0.11928,0.065976,0.335963,0.932481,-0.084302,0.351232,-0.052558,0.930219,0.363131,-0.358504,-0.356972,0.862502,0.000197,-0.001045,-0.000696,-0.0,0.0,0.0,0.142305,0.03074,0.049207,-0.014939,-0.873348,0.002694,0.487088,0.163167,-0.940592,0.29776,0.458954,0.339525,0.821025,0.000128,-0.000676,-0.000451,-0.002279,0.016688,-0.023437,0.013755,0.059793,0.056937,-0.044457,-0.586161,0.182361,-0.789404,-0.464859,-0.873704,0.143339,-0.663566,0.450981,0.596904,-0.002389,-0.00177,-0.00798,0.030602,0.001943,-0.038698,-0.794591
911,0.043607,0.069283,0.393056,-0.646301,0.039193,-0.762105,-0.282124,-0.940192,0.190834,-0.708246,0.33829,0.619656,-0.00275,0.000734,-0.01379,-1.041213,0.66848,1.215636,-1.180527,-0.119261,0.065974,0.335948,0.932333,-0.084,0.351697,-0.052993,0.930249,0.362991,-0.358825,-0.356966,0.862371,0.000126,-0.000671,-0.000447,-0.0,0.0,0.0,0.141908,0.03075,0.049204,-0.014947,-0.873114,0.002378,0.487508,0.16358,-0.940585,0.297555,0.459251,0.339547,0.82085,7.7e-05,-0.000402,-0.000268,-0.017008,0.116402,-0.160417,0.013592,0.059735,0.056937,-0.044588,-0.586662,0.18836,-0.78762,-0.469205,-0.871758,0.141008,-0.660055,0.45228,0.599807,-0.001269,0.000558,-0.006794,0.278414,0.462582,0.250694,-0.796714
912,0.043247,0.069456,0.392771,-0.647383,0.102535,-0.755266,-0.36246,-0.913102,0.186653,-0.669697,0.394457,0.629236,-0.013246,-0.000582,5e-06,-4.169814,1.313577,3.642443,-1.181562,-0.119249,0.065909,0.335905,0.931944,-0.083169,0.352923,-0.054195,0.930305,0.362668,-0.359657,-0.357013,0.862004,0.000349,-0.001858,-0.001238,-0.0,0.0,0.0,0.141739,0.030756,0.049173,-0.014968,-0.872497,0.001516,0.488615,0.164725,-0.940543,0.297059,0.460014,0.33967,0.820372,-0.005714,-0.002209,-0.000907,-0.00211,0.015188,-0.029298,0.013102,0.059549,0.057026,-0.04474,-0.575528,0.255024,-0.777,-0.545879,-0.82727,0.132811,-0.608919,0.500584,0.61533,-0.006503,-1.9e-05,0.000136,-4.180905,1.289026,3.632066,-0.79704
913,0.04293,0.069514,0.392788,-0.643685,0.164743,-0.747378,-0.435047,-0.882185,0.180158,-0.62885,0.4409,0.640454,-0.000168,-0.000346,-0.000177,-0.115196,0.741673,0.477296,-1.187011,-0.119289,0.065782,0.335826,0.931515,-0.082222,0.354275,-0.055546,0.93037,0.362298,-0.360562,-0.357066,0.861604,0.00062,-0.003299,-0.0022,-0.0,0.0,0.0,0.142467,0.030735,0.049113,-0.015005,-0.871815,0.000536,0.489833,0.166009,-0.940495,0.296494,0.460845,0.339805,0.819849,-0.005491,-0.003403,-0.001703,-0.021518,0.148535,-0.212836,0.013102,0.059391,0.057055,-0.044732,-0.558861,0.31388,-0.767562,-0.611619,-0.781067,0.125917,-0.559995,0.539827,0.628483,-0.005483,0.002064,0.001216,-1.34919,0.384516,1.154763,-0.796877
914,0.042845,0.06953,0.392863,-0.639528,0.201047,-0.742044,-0.479707,-0.858597,0.180736,-0.59999,0.471295,0.646467,-0.010264,0.005575,0.003164,-4.039419,1.820774,3.597891,-1.192436,-0.119294,0.06571,0.335757,0.931368,-0.081911,0.354734,-0.055976,0.93041,0.36213,-0.360877,-0.357035,0.861485,0.00086,-0.004577,-0.003055,-0.002462,0.016875,-0.023228,0.142502,0.030733,0.049077,-0.01504,-0.871591,0.000225,0.490233,0.166397,-0.940497,0.296271,0.461129,0.3398,0.819692,0.00036,-0.001913,-0.001277,-3.8e-05,-2.4e-05,-2.8e-05,0.013265,0.059353,0.057062,-0.044695,-0.549421,0.345232,-0.760887,-0.646599,-0.752435,0.125499,-0.529193,0.560941,0.636631,0.00054,0.001111,0.000576,-0.772719,0.762076,-0.446142,-0.797204
915,0.042801,0.069699,0.392953,-0.631015,0.256045,-0.732329,-0.545262,-0.817847,0.183812,-0.55109,0.514977,0.656601,0.001621,0.003335,0.001709,-1.186178,0.480355,0.964231,-1.190042,-0.119299,0.065548,0.33563,0.931143,-0.081426,0.355435,-0.056652,0.930461,0.361894,-0.361353,-0.357013,0.861295,0.00084,-0.004474,-0.002991,-0.002462,0.016877,-0.023227,0.142109,0.03073,0.048995,-0.015104,-0.871235,-0.000276,0.490865,0.167033,-0.940489,0.295936,0.461572,0.339821,0.819434,0.000406,-0.002155,-0.001439,-2.3e-05,-1.8e-05,-2.4e-05,0.013429,0.059328,0.05715,-0.044648,-0.52973,0.40185,-0.746928,-0.706055,-0.69689,0.125813,-0.469969,0.59402,0.652892,0.001019,0.002127,0.001091,-4.062796,1.147878,3.503988,-0.811573
916,0.04287,0.069996,0.393074,-0.613259,0.321186,-0.721663,-0.620049,-0.761733,0.187815,-0.488634,0.562243,0.667193,0.003877,0.007978,0.004076,-0.360892,0.196254,0.202201,-1.185884,-0.119256,0.065367,0.33552,0.930897,-0.080908,0.356197,-0.057409,0.930485,0.361713,-0.361868,-0.357069,0.861055,0.000976,-0.005195,-0.003479,-0.002462,0.016876,-0.023227,0.14234,0.030752,0.048903,-0.01516,-0.870838,-0.000824,0.491567,0.167772,-0.940451,0.29564,0.462052,0.339926,0.81912,0.00049,-0.002601,-0.001743,-0.00249,0.016866,-0.023238,0.013265,0.059361,0.057297,-0.044588,-0.499106,0.462512,-0.732785,-0.769301,-0.625718,0.129042,-0.398834,0.628138,0.668111,0.002028,0.004174,0.002134,-0.385951,0.14809,0.179657,-0.808471
917,0.043114,0.070355,0.393266,-0.57921,0.394485,-0.713402,-0.705032,-0.68171,0.19538,-0.408545,0.615644,0.67387,0.00509,0.01049,0.005335,-4.060052,1.195029,3.685657,-1.158976,-0.119199,0.065161,0.33538,0.930553,-0.080198,0.357254,-0.05844,0.93053,0.361432,-0.362588,-0.357113,0.860734,0.000936,-0.00498,-0.003342,-0.0,0.0,0.0,0.142062,0.030781,0.048799,-0.015231,-0.870298,-0.001559,0.492521,0.168751,-0.94041,0.295211,0.462712,0.340035,0.818701,0.000553,-0.002935,-0.001969,-0.002485,0.016883,-0.023244,0.013102,0.059482,0.057474,-0.044493,-0.454205,0.523939,-0.720544,-0.833704,-0.535086,0.136453,-0.31406,0.662698,0.67985,0.002663,0.005487,0.002788,-0.388893,0.177331,0.213729,-0.799163
918,0.043294,0.070577,0.393355,-0.561384,0.427237,-0.708775,-0.741585,-0.639822,0.201623,-0.366657,0.638271,0.676904,0.005361,0.011061,0.00561,-4.396302,1.738568,3.157714,-1.133106,-0.119189,0.065058,0.335311,0.930392,-0.079857,0.35775,-0.05893,0.930552,0.361297,-0.362923,-0.357134,0.860585,0.000803,-0.004274,-0.00287,-0.0,0.0,0.0,0.141224,0.030786,0.048748,-0.015264,-0.870045,-0.001911,0.492968,0.169216,-0.940391,0.295005,0.463019,0.340086,0.818506,0.000558,-0.002967,-0.001993,-0.002478,0.016878,-0.023242,0.013102,0.059571,0.057582,-0.04445,-0.42859,0.551856,-0.715376,-0.861926,-0.48715,0.140593,-0.270909,0.676859,0.684447,0.008361,0.003923,0.001823,-1.216393,0.412693,1.038712,-0.794428
919,0.043707,0.071111,0.39344,-0.519346,0.487352,-0.702006,-0.805049,-0.55458,0.210498,-0.286093,0.673863,0.68124,0.01926,0.019573,-0.004544,-0.461983,0.299573,0.130604,-1.081612,-0.119148,0.06484,0.335176,0.930188,-0.079426,0.358378,-0.059559,0.930569,0.361148,-0.363345,-0.357185,0.860385,0.00103,-0.005482,-0.003689,-0.0,0.0,0.0,0.136257,0.030806,0.04864,-0.015331,-0.869723,-0.002357,0.493533,0.169817,-0.940358,0.294766,0.463404,0.340176,0.818252,0.000616,-0.003268,-0.002198,-0.00247,0.016869,-0.023237,0.007713,0.059781,0.057857,-0.044404,-0.374548,0.60518,-0.702474,-0.909819,-0.385914,0.152636,-0.178722,0.696294,0.695148,0.009657,0.009843,-0.00225,-0.466194,0.304992,0.118366,-0.779078
920,0.04415,0.071863,0.393519,-0.460609,0.550687,-0.696152,-0.865461,-0.452741,0.214417,-0.196534,0.700569,0.686006,0.008014,0.01662,0.008328,-0.355782,0.082002,0.401718,-0.984876,-0.119017,0.064532,0.334984,0.92888,-0.078405,0.361976,-0.061488,0.930982,0.359758,-0.366363,-0.356335,0.859457,0.001745,-0.00927,-0.006257,-0.002462,0.016874,-0.023229,0.117294,0.030871,0.048492,-0.015423,-0.867831,-0.003447,0.496846,0.171531,-0.940573,0.293085,0.46631,0.339573,0.81685,0.006858,-0.003711,-0.003083,-0.001233,-0.000732,0.007349,-0.00388,0.059999,0.058224,-0.044369,-0.304788,0.655006,-0.691426,-0.948514,-0.274428,0.158143,-0.086163,0.704028,0.704925,0.010398,0.011428,-0.001474,-1.162809,0.392206,1.095271,-0.753115
921,0.04438,0.072355,0.393553,-0.43395,0.574789,-0.693794,-0.887046,-0.407307,0.217306,-0.157149,0.709012,0.687483,0.019102,0.013003,0.00613,-0.376611,0.172594,0.27933,-0.90536,-0.118912,0.064374,0.334859,0.926817,-0.077536,0.367409,-0.063574,0.931779,0.357322,-0.371211,-0.354438,0.85816,0.001667,-0.008844,-0.00598,-0.0023,0.017383,-0.02351,0.107861,0.030924,0.048409,-0.015489,-0.864905,-0.004438,0.501915,0.173295,-0.941112,0.290303,0.471071,0.338064,0.814741,0.006796,-0.003348,-0.002844,-0.002529,-0.004588,0.00951,-0.01629,0.06011,0.058474,-0.044349,-0.273901,0.673026,-0.687032,-0.960655,-0.225642,0.161945,-0.04603,0.704358,0.70835,0.005086,0.013759,-0.000147,-1.227919,0.455473,1.11547,-0.73499
922,0.044868,0.073482,0.39347,-0.398167,0.608767,-0.68623,-0.91228,-0.341088,0.226665,-0.09559,0.715527,0.692034,0.010643,0.028537,0.000165,-3.770682,1.302157,3.723761,-0.73988,-0.118821,0.064042,0.33462,0.920329,-0.092161,0.380121,-0.051412,0.934771,0.351415,-0.388865,-0.34285,0.855044,-0.010497,-0.009763,-0.005456,0.004013,0.034058,-0.039686,0.089721,0.030974,0.04824,-0.015611,-0.857493,0.010018,0.514396,0.160566,-0.944662,0.286059,0.488797,0.327889,0.808433,0.000861,-0.004532,-0.003077,0.01739,0.073228,-0.056079,-0.041764,0.060358,0.059033,-0.044388,-0.236114,0.697313,-0.676759,-0.971658,-0.161252,0.172851,0.011403,0.698392,0.715624,0.006286,0.019459,-0.004338,0.044067,0.022462,-0.065306,-0.687962
923,0.045386,0.074921,0.393216,-0.364825,0.63728,-0.678839,-0.930528,-0.274724,0.242106,-0.031757,0.719213,0.694083,0.013245,0.040367,-0.007992,-0.220703,0.207897,-0.377814,-0.583421,-0.118762,0.063783,0.334398,0.917571,-0.091657,0.38685,-0.053114,0.935941,0.348032,-0.395117,-0.339781,0.853402,0.001389,-0.007362,-0.005008,0.016356,-0.09394,0.133935,0.081839,0.030999,0.048111,-0.015721,-0.853693,0.00928,0.520692,0.161932,-0.945546,0.282345,0.494959,0.325353,0.805704,-0.000306,0.002435,-0.005902,0.037785,0.021413,-0.010737,-0.058909,0.060616,0.059748,-0.044512,-0.193982,0.719563,-0.666782,-0.977851,-0.08737,0.190193,0.078599,0.688908,0.720574,0.005666,0.014996,0.0004,-0.810737,0.619491,-0.393232,-0.647956
924,0.046115,0.076575,0.392904,-0.310063,0.663111,-0.681315,-0.950055,-0.189234,0.24811,0.035975,0.723392,0.689519,0.015153,0.044427,-0.006079,-3.870847,1.30352,3.778005,-0.543511,-0.118652,0.063545,0.334218,0.917442,-0.091436,0.38721,-0.053431,0.935967,0.347914,-0.395375,-0.33977,0.853287,0.001309,-0.006929,-0.004725,-0.002465,0.016878,-0.023226,0.08065,0.031054,0.047992,-0.015811,-0.853605,0.009143,0.52084,0.162107,-0.945537,0.282274,0.495055,0.325382,0.805634,0.0006,-0.003159,-0.002156,-0.002641,0.016665,-0.023315,-0.065604,0.060978,0.060571,-0.04467,-0.139635,0.732736,-0.666032,-0.979967,-0.005798,0.199073,0.142006,0.680488,0.718867,0.01279,0.019833,-0.00441,-0.333833,0.018452,0.208042,-0.628524
925,0.046611,0.077397,0.392683,-0.30351,0.665492,-0.681944,-0.951519,-0.174067,0.253543,0.050397,0.725009,0.686913,0.036049,0.035251,-0.011383,-0.072121,-0.217767,-0.150239,-0.541175,-0.118575,0.06343,0.334146,0.917255,-0.091084,0.387734,-0.053944,0.935986,0.347785,-0.395739,-0.339814,0.8531,0.001036,-0.005476,-0.003739,0.0,0.0,0.0,0.080805,0.031093,0.047932,-0.015849,-0.853313,0.008764,0.521325,0.162614,-0.945513,0.282065,0.495392,0.325464,0.805393,0.000602,-0.003169,-0.002166,-0.019582,0.133273,-0.183647,-0.06642,0.06122,0.060989,-0.044776,-0.128136,0.735125,-0.665711,-0.978675,0.014935,0.204868,0.160546,0.677766,0.717535,0.012767,0.019846,-0.004424,-0.138449,-0.391362,-0.003182,-0.617094
926,0.047795,0.079109,0.391975,-0.29533,0.666196,-0.684842,-0.952493,-0.149387,0.265355,0.074833,0.729847,0.679522,0.035934,0.041761,-0.022026,-0.06981,-0.307186,-0.182831,-0.534479,-0.118434,0.063227,0.333985,0.916925,-0.09048,0.388655,-0.054803,0.936041,0.347502,-0.396386,-0.339824,0.852796,0.001031,-0.00544,-0.003722,0.0,0.0,0.0,0.083728,0.031164,0.047831,-0.015928,-0.852813,0.008137,0.522151,0.163429,-0.945494,0.281658,0.495983,0.325536,0.805,0.000605,-0.003182,-0.00218,-0.002542,0.016856,-0.023329,-0.065604,0.061816,0.06185,-0.045122,-0.120062,0.734111,-0.668329,-0.975212,0.038825,0.217838,0.185865,0.677917,0.711253,0.012509,0.022606,-0.00999,-0.11327,-0.257112,-0.448184,-0.606807
927,0.04905,0.080757,0.390944,-0.291289,0.660451,-0.692099,-0.951521,-0.125242,0.280882,0.099184,0.739544,0.665781,0.032279,0.034381,-0.025491,-0.290178,-0.554705,-0.59286,-0.529891,-0.118415,0.063032,0.333842,0.916626,-0.089874,0.3895,-0.055634,0.936098,0.347217,-0.396963,-0.33983,0.852525,0.00071,-0.003748,-0.00257,0.0,0.0,0.0,0.085044,0.031174,0.047729,-0.016003,-0.852355,0.007511,0.522908,0.164214,-0.945478,0.281252,0.496512,0.325596,0.80465,0.000344,-0.001802,-0.001235,-6.3e-05,-2.8e-05,-6.3e-05,-0.063481,0.06246,0.062696,-0.045643,-0.116338,0.728352,-0.675253,-0.970359,0.061643,0.233671,0.21182,0.682423,0.699592,0.015985,0.016826,-0.012941,-0.384677,-0.684381,-0.655558,-0.602398
928,0.049716,0.081558,0.390262,-0.296646,0.652726,-0.697133,-0.949305,-0.121955,0.289689,0.104432,0.746917,0.656686,0.032337,0.040983,-0.035933,-0.28342,-0.717044,-0.433057,-0.530515,-0.11841,0.062958,0.333793,0.916561,-0.089737,0.389686,-0.055822,0.936109,0.347158,-0.397089,-0.339836,0.852465,0.000559,-0.002951,-0.002024,0.0,0.0,0.0,0.087294,0.031176,0.047694,-0.016027,-0.852254,0.007369,0.523075,0.164393,-0.945473,0.281166,0.496625,0.325615,0.804572,0.000323,-0.001691,-0.00116,-5.2e-05,-2e-05,-5.3e-05,-0.062338,0.062769,0.063068,-0.045956,-0.12196,0.722627,-0.680393,-0.968162,0.064368,0.241905,0.218602,0.688233,0.69177,0.016055,0.020201,-0.018128,-0.094159,-0.423222,-0.266247,-0.601092
929,0.051015,0.083042,0.388579,-0.313444,0.635985,-0.70521,-0.943248,-0.122641,0.308568,0.110141,0.761117,0.639216,0.030047,0.042638,-0.048559,-0.132251,-0.421253,-0.501213,-0.530509,-0.118384,0.062867,0.333729,0.916282,-0.089183,0.390469,-0.056594,0.936151,0.346917,-0.397624,-0.339865,0.852203,0.000319,-0.001684,-0.001156,0.0,0.0,0.0,0.096664,0.031189,0.047648,-0.016059,-0.851828,0.006797,0.523776,0.165124,-0.94545,0.280814,0.497113,0.325694,0.804239,0.000178,-0.000934,-0.000642,-4.6e-05,-2.2e-05,-3e-05,-0.055153,0.063417,0.063812,-0.046787,-0.142499,0.708895,-0.690767,-0.963051,0.06183,0.262122,0.228528,0.702597,0.673892,0.014939,0.021073,-0.024424,-0.303644,-0.681769,-0.650046,-0.600928
930,0.052248,0.084446,0.386487,-0.331187,0.61566,-0.715068,-0.936842,-0.124162,0.326928,0.112897,0.777416,0.618793,0.024684,0.031193,-0.05378,0.574273,-2.341323,1.288268,-0.537696,-0.118385,0.062778,0.333669,0.914918,-0.088142,0.393887,-0.058357,0.936593,0.34543,-0.400504,-0.33892,0.85123,0.000313,-0.001654,-0.001137,4.9e-05,0.000153,-8.5e-05,0.098156,0.031188,0.047606,-0.016087,-0.849878,0.005679,0.526948,0.166689,-0.945702,0.279034,0.499922,0.324981,0.802785,0.00022,-0.001158,-0.000797,-0.001434,-0.004171,0.002336,-0.049275,0.064053,0.064538,-0.047848,-0.164597,0.694936,-0.699978,-0.957688,0.057266,0.28205,0.236092,0.716786,0.656107,0.018666,0.018937,-0.032313,-0.383464,-0.666106,-0.601376,-0.603378
931,0.053245,0.085726,0.383993,-0.338192,0.609109,-0.717396,-0.932239,-0.11252,0.343863,0.129143,0.784321,0.606787,0.021903,0.031444,-0.067006,-4.048921,1.655861,2.642421,-0.542871,-0.118368,0.062735,0.33365,0.913811,-0.087635,0.396561,-0.059386,0.936982,0.344196,-0.402878,-0.337975,0.850485,3.3e-05,-0.000172,-0.000118,1e-06,4e-06,-2e-06,0.096961,0.031197,0.047582,-0.016098,-0.848364,0.005125,0.529387,0.167542,-0.945959,0.277651,0.502202,0.324244,0.801659,5e-06,-2e-05,-1.3e-05,-0.001524,-0.004537,0.002525,-0.048948,0.06456,0.065189,-0.049115,-0.173448,0.687412,-0.705251,-0.952111,0.066041,0.298531,0.251789,0.723258,0.643039,0.010734,0.015147,-0.033795,-4.068143,1.632691,2.628403,-0.606807
932,0.053628,0.086362,0.382607,-0.343247,0.608277,-0.715699,-0.930005,-0.113401,0.349574,0.131898,0.78484,0.605522,0.020621,0.02863,-0.068271,0.141734,0.003025,-0.323147,-0.550049,-0.11838,0.062749,0.33365,0.913814,-0.087642,0.396552,-0.059365,0.936991,0.344176,-0.402873,-0.33795,0.850498,-0.000196,0.001033,0.00071,0.0,0.0,-0.0,0.096947,0.031192,0.047587,-0.016099,-0.848391,0.00514,0.529343,0.167509,-0.945964,0.277655,0.502167,0.32423,0.801687,-0.000143,0.000753,0.000516,-0.00022,-0.000613,0.000314,-0.048785,0.064742,0.065492,-0.049784,-0.178048,0.687336,-0.704178,-0.950036,0.066376,0.305001,0.256379,0.723299,0.641176,0.004816,0.015711,-0.03327,0.198306,0.089724,-0.312584,-0.610563
933,0.054387,0.08738,0.379878,-0.331805,0.615541,-0.714885,-0.929702,-0.084864,0.358365,0.160327,0.782773,0.601323,0.018692,0.024352,-0.070234,-3.922335,1.734438,3.041595,-0.573832,-0.118376,0.062779,0.33367,0.912716,-0.087169,0.399177,-0.060331,0.937385,0.342932,-0.405217,-0.336978,0.849769,-0.000154,0.000811,0.000558,0.0,0.0,-0.0,0.103933,0.031193,0.047606,-0.016087,-0.846889,0.004618,0.531748,0.168302,-0.94623,0.276265,0.504432,0.323461,0.800575,-8.4e-05,0.000446,0.000306,-0.000145,-0.000389,0.000196,-0.044703,0.065112,0.065988,-0.051124,-0.167954,0.691951,-0.702135,-0.945478,0.088541,0.313419,0.279039,0.716493,0.639354,0.009327,0.012033,-0.035199,-0.148261,-0.419162,-0.365991,-0.622319
934,0.055002,0.088189,0.377348,-0.312474,0.625724,-0.714755,-0.932598,-0.058949,0.35603,0.181026,0.777053,0.602864,0.017709,0.01587,-0.060796,0.161106,-0.10097,0.052996,-0.587127,-0.118387,0.062837,0.333709,0.91268,-0.087099,0.399274,-0.060428,0.93739,0.342901,-0.405284,-0.336982,0.849736,-0.000239,0.001262,0.000867,0.0,0.0,0.0,0.110178,0.031188,0.047634,-0.016068,-0.846901,0.004632,0.531729,0.168285,-0.94623,0.276275,0.504418,0.32346,0.800584,-0.000178,0.000936,0.000644,-1.1e-05,-8e-06,-1.3e-05,-0.036538,0.06542,0.066387,-0.052402,-0.143956,0.698899,-0.700581,-0.942138,0.119785,0.313089,0.302737,0.705117,0.641216,0.008674,0.007444,-0.030651,0.139142,0.038842,-0.111135,-0.636526
935,0.055234,0.088474,0.376276,-0.304953,0.62822,-0.715814,-0.9339,-0.049899,0.353996,0.187042,0.775671,0.602807,0.007427,0.020404,-0.058173,0.160112,-0.195276,0.188262,-0.59111,-0.118389,0.062844,0.333714,0.912601,-0.086944,0.399488,-0.060641,0.937402,0.342832,-0.40543,-0.33699,0.849663,-2.8e-05,0.000147,0.000101,0.0,0.0,0.0,0.113326,0.031186,0.047641,-0.016063,-0.846718,0.004388,0.532023,0.168594,-0.946219,0.276122,0.504623,0.323494,0.800442,-8e-06,4e-05,2.7e-05,-1.4e-05,-1.3e-05,-7e-06,-0.033436,0.065542,0.066534,-0.052962,-0.136062,0.699888,-0.701172,-0.941526,0.128857,0.311324,0.308243,0.702532,0.64143,0.007971,0.002756,-0.026199,0.133737,-0.063275,0.014197,-0.640445
936,0.055814,0.088917,0.374372,-0.297479,0.633638,-0.714181,-0.935237,-0.042961,0.351365,0.192321,0.771666,0.606276,0.017648,0.00314,-0.039975,0.178593,0.066645,0.097689,-0.608551,-0.118453,0.062841,0.333707,0.911843,-0.088116,0.400959,-0.061071,0.936579,0.344997,-0.407071,-0.338965,0.848092,-0.0,0.0,0.0,-0.002909,0.001871,0.001672,0.122333,0.031154,0.047639,-0.016067,-0.845788,0.005648,0.533487,0.1693,-0.945421,0.278416,0.505943,0.325801,0.79867,-0.000948,0.005815,-0.0036,0.050422,-0.01551,0.013296,-0.022985,0.065817,0.066746,-0.053908,-0.127989,0.703484,-0.69909,-0.941233,0.135992,0.309167,0.312565,0.697578,0.644738,0.009182,0.002293,-0.019626,0.224271,0.173202,0.125934,-0.649589
937,0.056788,0.08905,0.372995,-0.301955,0.648637,-0.698669,-0.93169,-0.045492,0.360354,0.202325,0.75895,0.61894,0.019644,0.001276,-0.027274,0.186032,0.479052,-0.100115,-0.61119,-0.118704,0.062796,0.333656,0.91017,-0.092811,0.403692,-0.060746,0.934001,0.351975,-0.410854,-0.344768,0.843918,-0.011824,-0.003001,-0.000873,-0.248987,0.174191,0.11283,0.121763,0.031029,0.047616,-0.016093,-0.844125,0.00994,0.536053,0.169883,-0.94335,0.285007,0.508519,0.331648,0.794617,-0.005905,-0.001535,-0.000458,-0.303374,0.20648,0.139132,-0.01776,0.066309,0.066815,-0.054621,-0.130573,0.717998,-0.683686,-0.938608,0.132577,0.31849,0.319317,0.683301,0.656609,0.015262,-0.00106,-0.014674,0.136024,0.959629,-0.291072,-0.657753
938,0.057446,0.089096,0.372447,-0.305132,0.654383,-0.691898,-0.930217,-0.049158,0.363663,0.204336,0.753769,0.624585,0.030825,-0.007566,-0.018448,0.065382,0.102134,-0.066101,-0.611593,-0.118894,0.062778,0.333606,0.909564,-0.094258,0.404722,-0.060756,0.933175,0.354157,-0.412196,-0.346604,0.84251,-0.011807,-0.003099,-0.000941,-0.093891,0.074382,0.023637,0.118778,0.030938,0.047608,-0.016118,-0.84334,0.011839,0.53725,0.170151,-0.942436,0.287858,0.509732,0.334175,0.79278,-0.00588,-0.001668,-0.000547,-0.086949,0.07153,0.022346,-0.01825,0.06662,0.066837,-0.05489,-0.131742,0.724881,-0.676158,-0.938431,0.128551,0.320657,0.319359,0.676772,0.663316,0.01691,0.002663,-0.012754,0.055931,0.079197,-0.079609,-0.658896
939,0.058996,0.089331,0.371594,-0.304608,0.659584,-0.687175,-0.930857,-0.053241,0.361446,0.202191,0.748942,0.631056,0.048163,0.010235,-0.023202,0.07483,-0.007873,0.005339,-0.656265,-0.119318,0.062781,0.333421,0.907272,-0.100557,0.408334,-0.060238,0.92977,0.363089,-0.417302,-0.353896,0.836947,-0.013133,0.005546,-0.010196,-0.262756,0.214618,0.137029,0.116351,0.030726,0.04761,-0.016204,-0.84115,0.017405,0.54052,0.170727,-0.939823,0.295946,0.513144,0.341217,0.787561,-0.005691,-0.002693,-0.001252,-0.452208,0.299915,0.220315,-0.021026,0.067401,0.066949,-0.055325,-0.130552,0.72962,-0.671274,-0.939714,0.124777,0.318382,0.316058,0.672372,0.669344,0.022956,-0.000619,-0.007757,0.02148,0.00783,-0.043548,-0.673103
