frame,MLTx,MLTy,MLTz,MLTR1,MLTR2,MLTR3,MLTR4,MLTR5,MLTR6,MLTR7,MLTR8,MLTR9,MLTTVx,MLTTVy,MLTTVz,MLTRVx,MLTRVy,MLTRVz,MLGA,MRTx,MRTy,MRTz,MRTR1,MRTR2,MRTR3,MRTR4,MRTR5,MRTR6,MRTR7,MRTR8,MRTR9,MRTTVx,MRTTVy,MRTTVz,MRTRVx,MRTRVy,MRTRVz,MRGA,SLTx,SLTy,SLTz,SLTR1,SLTR2,SLTR3,SLTR4,SLTR5,SLTR6,SLTR7,SLTR8,SLTR9,SLTTVx,SLTTVy,SLTTVz,SLTRVx,SLTRVy,SLTRVz,SLGA,SRTx,SRTy,SRTz,SRTR1,SRTR2,SRTR3,SRTR4,SRTR5,SRTR6,SRTR7,SRTR8,SRTR9,SRTTVx,SRTTVy,SRTTVz,SRTRVx,SRTRVy,SRTRVz,SRGA
417,0.069403,0.029715,0.366818,0.12446,0.052341,-0.990866,-0.618923,-0.776396,-0.118806,-0.775686,0.627988,-0.063003,0.012255,-0.004048,-0.002588,-0.017039,0.328894,0.22539,0.215847,-0.115654,0.056422,0.323315,0.290274,-0.002291,0.956937,-0.675428,0.70782,0.206696,-0.678146,-0.706327,0.202692,-0.01205,-0.003683,-0.00141,-1.591141,-0.310334,-0.388314,-0.604985,0.031979,0.046219,-0.023152,-0.12769,-0.125872,0.983793,0.721653,-0.692235,0.005097,0.680375,0.710609,0.179227,-0.000888,0.005658,-0.003629,-5.250232,-1.134891,-1.10039,-0.70407,0.072259,0.037418,-0.059919,0.109087,0.102998,-0.988681,-0.57073,-0.807848,-0.147132,-0.813858,0.58032,-0.029342,-0.000139,-0.000369,-0.000261,-0.024731,0.431702,0.246085,0.028557
418,0.069426,0.029614,0.366929,0.11807,0.069024,-0.990626,-0.618749,-0.775105,-0.127807,-0.776816,0.62795,-0.047576,0.000643,0.001702,0.001195,-0.011419,0.216783,0.123448,0.322925,-0.115895,0.056547,0.323231,0.290599,0.001124,0.95684,-0.683362,0.700119,0.20684,-0.670004,-0.713967,0.203001,-0.002011,0.012088,-0.006769,-0.106209,-0.038596,-0.010944,-0.611619,0.031855,0.046277,-0.023196,-0.127884,-0.129785,0.98326,0.730442,-0.682956,0.004856,0.670894,0.718836,0.18214,-0.00101,0.006063,-0.003368,-0.106927,-0.03848,-0.011248,-0.70456,0.072275,0.037365,-0.059865,0.101345,0.119971,-0.98759,-0.570702,-0.806107,-0.15649,-0.814879,0.579479,-0.013228,0.000375,0.000997,0.0007,-0.001124,0.153872,0.087103,0.162129
419,0.069449,0.029637,0.36697,0.111756,0.085619,-0.990063,-0.618382,-0.773866,-0.136778,-0.778034,0.627413,-0.032308,0.000212,0.000561,0.000394,-0.021416,0.404194,0.230146,0.389805,-0.116221,0.056736,0.323072,0.290622,0.006286,0.956813,-0.695173,0.688421,0.206749,-0.657725,-0.725234,0.203218,-0.012288,-0.002422,-0.000453,-0.014894,0.012429,-0.031974,-0.615641,0.031696,0.046373,-0.023275,-0.127776,-0.134903,0.982585,0.741722,-0.670692,0.004372,0.658423,0.729363,0.185759,-0.007109,0.004636,-0.003755,-0.007815,0.001201,-0.01886,-0.70505,0.072288,0.037381,-0.059842,0.094622,0.134811,-0.986342,-0.570513,-0.804603,-0.164702,-0.815819,0.578306,0.000778,0.000128,0.000333,0.000234,-0.039054,0.565272,0.322618,0.284433
420,0.069584,0.02953,0.366958,0.107695,0.096786,-0.989484,-0.618215,-0.772885,-0.142939,-0.778734,0.626984,-0.022171,-0.001711,-0.011597,0.008015,-0.050059,0.324453,0.158408,0.41257,-0.116585,0.057044,0.322851,0.290772,0.009668,0.956739,-0.702488,0.680958,0.206739,-0.649835,-0.732213,0.203573,-0.001937,0.011768,-0.007002,0.036576,-0.007815,0.019295,-0.626914,0.03151,0.046521,-0.023384,-0.127779,-0.138249,0.982119,0.74872,-0.662873,0.004103,0.650454,0.735857,0.188211,-0.007133,0.0048,-0.003629,0.052975,-0.109909,0.148818,-0.706356,0.072357,0.037333,-0.05985,0.089825,0.145815,-0.985225,-0.570428,-0.803369,-0.170907,-0.81642,0.577352,0.011014,0.006055,-0.002222,-0.001436,-0.025817,0.310147,0.443983,0.343054
421,0.069706,0.029401,0.366967,0.106565,0.099604,-0.989327,-0.618313,-0.772529,-0.144432,-0.77881,0.626978,-0.019508,-0.000608,-0.001615,-0.001133,-0.003023,0.056615,0.032213,0.423985,-0.116795,0.057223,0.322732,0.293443,0.011182,0.955907,-0.705524,0.677186,0.208779,-0.645331,-0.735683,0.205384,-0.001938,0.011793,-0.00698,0.019039,0.110684,-0.138694,-0.634925,0.031411,0.046608,-0.023441,-0.130728,-0.139774,0.981515,0.751918,-0.659226,0.00627,0.646164,0.738839,0.191278,-0.00713,0.00481,-0.00362,0.036241,0.009122,-0.009767,-0.707499,0.072413,0.037267,-0.05984,0.088061,0.149469,-0.984836,-0.570561,-0.802855,-0.172867,-0.816519,0.577132,0.014581,0.005469,-0.007304,0.003072,-0.029207,0.032043,0.029279,0.359383
422,0.070054,0.02914,0.366985,0.104587,0.105362,-0.988942,-0.618478,-0.77178,-0.147687,-0.778944,0.626951,-0.014325,0.010829,-0.014936,0.005922,-0.033515,0.017915,0.021835,0.452888,-0.117287,0.057558,0.322461,0.303359,0.015885,0.952739,-0.714465,0.665277,0.216519,-0.630747,-0.74639,0.21195,-0.026333,0.006246,-0.008429,-0.010172,0.012441,-0.048265,-0.651582,0.031168,0.046783,-0.023576,-0.140832,-0.144582,0.979419,0.761602,-0.647895,0.013869,0.632556,0.747881,0.201358,-0.006987,0.004103,-0.004155,-0.108873,-0.000828,-0.072616,-0.707826,0.07259,0.037132,-0.059834,0.08584,0.154842,-0.984202,-0.570784,-0.802023,-0.175962,-0.8166,0.576872,0.019536,0.005408,-0.007485,0.002943,-0.028934,-0.01541,0.002568,0.396777
423,0.070563,0.028859,0.367015,0.106711,0.109601,-0.988254,-0.618279,-0.771039,-0.152326,-0.778817,0.627132,-0.013286,0.025129,-0.006504,-0.004075,0.00195,-0.029084,0.059303,0.468512,-0.11788,0.057879,0.322179,0.308945,0.019365,0.950878,-0.72038,0.65745,0.220786,-0.621237,-0.753217,0.215851,-0.014183,0.009387,-0.007418,0.034548,0.007239,-0.010044,-0.664991,0.030868,0.046939,-0.02372,-0.146407,-0.148101,0.978074,0.767916,-0.640296,0.017994,0.623593,0.753714,0.207474,-0.007087,0.004683,-0.003709,0.035863,0.009768,-0.011648,-0.704887,0.072835,0.036993,-0.059818,0.087807,0.158908,-0.98338,-0.57068,-0.801109,-0.180411,-0.816464,0.577037,0.020343,0.00629,-0.001605,-0.001013,0.001202,-0.020823,0.02229,0.428129
424,0.070886,0.028708,0.367025,0.106931,0.109811,-0.988206,-0.618408,-0.770874,-0.15263,-0.778684,0.627297,-0.013294,0.01173,-0.012571,0.007581,-0.03249,-0.008776,0.039816,0.469849,-0.118161,0.058034,0.322038,0.310893,0.021163,0.950204,-0.723449,0.65357,0.222267,-0.616682,-0.75654,0.217287,-0.014138,0.009191,-0.007565,0.034552,0.007206,-0.010064,-0.674033,0.030727,0.047017,-0.02379,-0.148382,-0.149904,0.977502,0.771057,-0.636467,0.01944,0.619235,0.756596,0.210025,-0.007058,0.00455,-0.003808,0.035786,0.009468,-0.011426,-0.714684,0.073001,0.036917,-0.059819,0.088044,0.159053,-0.983335,-0.57081,-0.800959,-0.180663,-0.816347,0.577205,0.02027,0.006288,-0.001608,-0.001017,0.000489,-0.015708,0.028531,0.436457
425,0.07159,0.02842,0.366992,0.105909,0.112794,-0.987981,-0.618567,-0.770412,-0.154317,-0.778697,0.627332,-0.010594,0.025156,-0.006443,-0.004046,-0.000937,0.02344,0.0891,0.474225,-0.11881,0.058409,0.321767,0.315681,0.023794,0.948562,-0.732793,0.641096,0.227913,-0.603064,-0.767065,0.218606,-0.026792,0.009062,-0.006289,-1.595095,-0.217862,-0.227064,-0.692231,0.030413,0.047198,-0.023926,-0.1535,-0.151457,0.976472,0.77712,-0.62887,0.02462,0.610345,0.762615,0.214232,-0.00712,0.004933,-0.003517,-0.071551,0.157879,0.451561,-0.722032,0.073344,0.036775,-0.059828,0.086695,0.162165,-0.982947,-0.5711,-0.800356,-0.182411,-0.816289,0.577175,0.023225,0.006287,-0.001612,-0.001022,0.000164,0.039255,0.059894,0.442335
426,0.072333,0.028196,0.366909,0.106497,0.113177,-0.987874,-0.618561,-0.770282,-0.154985,-0.778622,0.627422,-0.010798,0.025396,-0.005787,-0.003595,-0.00079,0.068575,-0.113946,0.486645,-0.119457,0.058719,0.321507,0.319785,0.025739,0.947136,-0.734917,0.637576,0.230927,-0.5983,-0.769933,0.221593,-0.013979,0.008544,-0.008052,0.034552,0.007105,-0.010118,-0.69343,0.030078,0.047363,-0.024053,-0.157533,-0.154504,0.975351,0.783273,-0.621039,0.028131,0.601386,0.768399,0.218853,-0.006966,0.004165,-0.004098,0.034015,0.02506,-0.037728,-0.723175,0.07372,0.036661,-0.059871,0.087517,0.162427,-0.982831,-0.571059,-0.800227,-0.1831,-0.816229,0.577279,0.022722,0.006443,-0.001192,-0.000731,0.000896,-0.016332,0.028662,0.457031
427,0.073173,0.028045,0.366805,0.107496,0.113683,-0.987707,-0.618392,-0.770212,-0.156005,-0.778621,0.627416,-0.011266,0.012895,-0.002343,-0.001416,0.000984,-0.014715,0.029553,0.489896,-0.120095,0.059041,0.321243,0.3243,0.029628,0.945486,-0.740542,0.629756,0.234392,-0.58886,-0.776209,0.224962,-0.014179,0.009739,-0.00714,-0.008415,-0.017597,-0.002891,-0.698667,0.02976,0.04752,-0.024188,-0.16218,-0.158438,0.973958,0.789109,-0.613439,0.031609,0.592456,0.773686,0.224513,-0.00709,0.004881,-0.003553,-0.091699,-0.194112,0.171062,-0.728564,0.074145,0.036585,-0.059923,0.08838,0.162921,-0.982672,-0.570925,-0.800116,-0.184003,-0.81623,0.577295,0.022301,0.012776,-0.00267,-0.001659,0.001737,-0.029504,0.059118,0.466502
428,0.073622,0.027977,0.366764,0.107953,0.113927,-0.987629,-0.61832,-0.770173,-0.156482,-0.778615,0.627419,-0.011471,0.026152,-0.003668,-0.002126,0.002373,-0.04363,0.084182,0.494355,-0.120415,0.059203,0.321124,0.323561,0.033518,0.945609,-0.747716,0.62139,0.233943,-0.580129,-0.78277,0.224911,-0.01418,0.009802,-0.007091,-0.435758,-0.109404,-0.122083,-0.708046,0.0296,0.047602,-0.024247,-0.161288,-0.162115,0.973501,0.795556,-0.605083,0.031043,0.584016,0.779482,0.226564,-0.007083,0.004895,-0.003535,-1.547636,-0.414161,-0.388885,-0.7284,0.074364,0.036549,-0.059946,0.088783,0.163169,-0.982594,-0.57087,-0.800056,-0.184438,-0.816226,0.577309,0.022117,0.01288,-0.002381,-0.001459,0.001778,-0.029469,0.059115,0.469768
429,0.07465,0.027826,0.366675,0.109611,0.114725,-0.987355,-0.618085,-0.770022,-0.158142,-0.778572,0.627457,-0.012266,0.038701,-0.006886,-0.00418,0.002953,-0.044144,0.08866,0.509882,-0.12112,0.059473,0.320913,0.324954,0.037566,0.944979,-0.754041,0.613281,0.235037,-0.571088,-0.788962,0.226406,-0.014162,0.009817,-0.007079,0.034582,0.006883,-0.010259,-0.737495,0.029257,0.047739,-0.024352,-0.162636,-0.166261,0.972577,0.802013,-0.596439,0.032153,0.574737,0.78525,0.230345,-0.007079,0.004903,-0.003534,0.03557,0.008006,-0.010256,-0.725461,0.074864,0.036478,-0.059987,0.090346,0.164031,-0.982308,-0.570675,-0.799822,-0.186045,-0.81619,0.577388,0.021348,0.013233,-0.001375,-0.000764,0.002257,-0.043649,0.08417,0.487403
430,0.075906,0.027707,0.366561,0.111834,0.115743,-0.986986,-0.617695,-0.769883,-0.160328,-0.778568,0.62744,-0.013378,0.039446,-0.004688,-0.002669,0.003365,-0.058349,0.113732,0.50779,-0.121854,0.059633,0.320742,0.324002,0.039698,0.945219,-0.75745,0.609401,0.234166,-0.5671,-0.791862,0.226308,-0.014143,0.009822,-0.007076,0.034587,0.00681,-0.010301,-0.750807,0.028881,0.047817,-0.024438,-0.16154,-0.16835,0.9724,0.805101,-0.592316,0.0312,0.570716,0.787921,0.231221,-0.012281,-0.002035,-0.000189,-0.00333,0.030555,-0.058318,-0.729707,0.075501,0.036414,-0.060047,0.09253,0.165184,-0.981912,-0.570321,-0.799559,-0.188251,-0.816193,0.577424,0.020224,0.013307,-0.001126,-0.000603,0.001902,-0.02945,0.059097,0.495568
431,0.076643,0.027657,0.3665,0.112993,0.116278,-0.986791,-0.617469,-0.769826,-0.16147,-0.778581,0.627411,-0.01396,0.039589,-0.004204,-0.002347,9.1e-05,0.053911,-0.084362,0.506274,-0.122256,0.059667,0.32068,0.323612,0.039839,0.945346,-0.757426,0.609604,0.233715,-0.567354,-0.791699,0.226242,-0.026419,0.007818,-0.007257,0.032545,0.021977,-0.039568,-0.756489,0.028684,0.047835,-0.024469,-0.161156,-0.168478,0.972441,0.804996,-0.592481,0.030757,0.570971,0.787769,0.231105,-0.006139,-0.001012,-8.4e-05,-0.001421,0.015245,-0.02909,-0.731176,0.075869,0.03639,-0.060077,0.093809,0.165851,-0.981678,-0.570098,-0.799414,-0.189537,-0.816202,0.577433,0.019559,0.019983,-0.001572,-0.000825,0.003328,-0.058368,0.113759,0.495078
432,0.078418,0.027597,0.36636,0.113511,0.116647,-0.986688,-0.617263,-0.769863,-0.162078,-0.77867,0.627296,-0.014159,0.054075,0.005549,-0.011521,0.018498,0.141419,-0.25589,0.504504,-0.123111,0.059637,0.320607,0.321862,0.042096,0.945846,-0.761368,0.605229,0.232271,-0.563052,-0.794935,0.225642,-0.024572,-0.003988,-0.000356,-1.572261,-0.354684,-0.432595,-0.784702,0.028256,0.047824,-0.024509,-0.159386,-0.170107,0.972449,0.807453,-0.589203,0.029275,0.567991,0.789874,0.231264,-0.006083,-0.001174,-0.000114,-5.227225,-1.254025,-1.277746,-0.735912,0.076752,0.036356,-0.060143,0.094444,0.166317,-0.981538,-0.569897,-0.799379,-0.190286,-0.816269,0.577348,0.019287,0.026675,-0.001852,-0.000959,-0.060452,0.37558,-0.654608,0.493282
433,0.080741,0.027555,0.366188,0.114429,0.120098,-0.986168,-0.602883,-0.780549,-0.165066,-0.789727,0.61328,-0.015686,0.080139,0.002604,-0.01332,0.040822,-0.121858,0.217549,0.504803,-0.123965,0.05948,0.320569,0.319424,0.048215,0.94638,-0.762438,0.606038,0.226585,-0.56299,-0.793979,0.229134,-0.024225,-0.006042,-0.001927,0.040904,-0.098069,-0.198463,-0.824186,0.027819,0.047748,-0.024525,-0.156549,-0.176718,0.971731,0.808647,-0.587829,0.023374,0.567081,0.789447,0.234926,-0.012108,-0.00305,-0.000972,0.044081,-0.107831,-0.206334,-0.738851,0.077903,0.036335,-0.060229,0.094726,0.169587,-0.980951,-0.554928,-0.809089,-0.193462,-0.826486,0.562684,0.017467,0.033202,-0.002473,-0.001355,0.006449,-0.089352,0.17728,0.493119
434,0.083754,0.02747,0.365917,0.109879,0.120366,-0.986653,-0.593947,-0.787941,-0.162323,-0.797107,0.603702,-0.013861,0.080366,0.004146,-0.012385,0.04878,-0.083002,0.15298,0.504039,-0.124656,0.059194,0.320502,0.297723,0.069794,0.952093,-0.772079,0.60408,0.19727,-0.561717,-0.793897,0.232518,-0.009821,-0.017852,0.00365,0.251222,1.43717,-2.705301,-0.859595,0.027477,0.047612,-0.024559,-0.136519,-0.197307,0.970789,0.813061,-0.582164,-0.003983,0.565945,0.788767,0.239899,-0.005738,-0.003464,-0.001957,0.187588,-0.605876,-0.551646,-0.739341,0.07938,0.036295,-0.060362,0.090185,0.169578,-0.981381,-0.545531,-0.816004,-0.191134,-0.833223,0.552612,0.018919,0.040301,0.00241,-0.006004,0.123997,0.348989,-0.572141,0.492955
435,0.085328,0.027424,0.365778,0.108618,0.119965,-0.986842,-0.594081,-0.788062,-0.161242,-0.797178,0.603624,-0.013102,0.080711,0.005678,-0.011398,0.041016,-0.135777,0.242581,0.50392,-0.124929,0.059011,0.320419,0.287528,0.088586,0.953662,-0.778526,0.601499,0.178971,-0.558104,-0.794008,0.240696,-0.009336,-0.020868,0.001351,0.218048,-0.714423,-0.930581,-0.883635,0.027336,0.047517,-0.024597,-0.122583,-0.214391,0.969024,0.816647,-0.576626,-0.024268,0.563967,0.788377,0.245766,-0.004643,-0.01063,0.000535,0.209761,-0.683265,-0.888608,-0.742117,0.080196,0.036268,-0.060434,0.088838,0.169074,-0.981591,-0.545634,-0.816207,-0.189969,-0.8333,0.552466,0.019743,0.045914,-0.004526,-0.002759,0.008017,-0.122925,0.242208,0.492955
436,0.088853,0.027341,0.365432,0.104135,0.119254,-0.98741,-0.589799,-0.791944,-0.157902,-0.800942,0.598666,-0.010905,0.092006,-0.007483,-0.004505,0.0072,-0.116285,0.230157,0.499701,-0.125328,0.058495,0.320149,0.272103,0.139422,0.95211,-0.794169,0.591172,0.140518,-0.543582,-0.794533,0.270368,0.001887,-0.01147,-0.008757,0.360021,-1.126998,-1.191328,-0.943608,0.027136,0.047264,-0.024728,-0.10637,-0.262614,0.95902,0.825508,-0.560968,-0.062052,0.554276,0.785078,0.276461,-0.005148,-0.007181,-0.00481,0.266654,-0.758839,-1.19473,-0.74473,0.081955,0.036234,-0.060608,0.084409,0.1681,-0.982149,-0.54106,-0.819965,-0.186842,-0.836736,0.547173,0.021739,0.04664,0.001906,-0.006429,0.042015,-0.139027,0.252577,0.491159
437,0.092459,0.027317,0.365085,0.093637,0.116684,-0.988768,-0.581514,-0.799666,-0.149492,-0.808251,0.588832,-0.005796,0.09322,0.004939,-0.012147,-0.014227,0.257239,-0.449519,0.488115,-0.125256,0.057758,0.319817,0.253588,0.209548,0.944338,-0.816371,0.569953,0.092874,-0.519056,-0.794732,0.314395,0.002718,-0.016532,-0.012689,-0.098406,-1.252649,-1.445189,-1.060936,0.027171,0.046898,-0.024891,-0.087147,-0.331647,0.939369,0.838511,-0.533544,-0.110579,0.537869,0.778036,0.324586,0.002239,-0.014245,-0.00294,-1.162981,-1.745122,-1.865771,-0.734279,0.083757,0.036217,-0.060779,0.074792,0.165306,-0.983401,-0.532113,-0.827414,-0.179555,-0.843363,0.53671,0.026077,0.045933,-0.003505,-0.002242,-0.17895,1.234326,-2.161423,0.481035
438,0.09422,0.027337,0.364924,0.087347,0.114813,-0.989562,-0.577466,-0.803551,-0.144257,-0.811843,0.583893,-0.002656,0.092304,-0.004843,-0.002968,0.00735,-0.128288,0.251024,0.482055,-0.125028,0.057288,0.31962,0.246187,0.253481,0.935484,-0.828367,0.55605,0.067452,-0.503359,-0.791836,0.345671,0.015592,-0.017604,-0.014909,0.432204,-1.511641,-1.237154,-1.115731,0.027286,0.046658,-0.024994,-0.079437,-0.375422,0.923443,0.845918,-0.515469,-0.136794,0.527362,0.770291,0.358524,0.00783,-0.009118,-0.007715,0.457915,-1.603701,-1.322617,-0.764488,0.084638,0.03623,-0.060864,0.067801,0.162642,-0.984352,-0.527858,-0.831375,-0.173724,-0.846621,0.531377,0.029484,0.04021,0.003772,-0.005307,0.040734,-0.120254,0.217062,0.474013
439,0.097496,0.027442,0.364689,0.065995,0.106001,-0.992197,-0.575257,-0.808397,-0.124681,-0.815395,0.578861,0.008862,0.079367,-0.002274,-0.001414,-0.050292,0.304384,-0.51827,0.470899,-0.124272,0.056327,0.319257,0.237477,0.345663,0.907807,-0.844974,0.534454,0.017664,-0.479345,-0.771691,0.417833,0.017055,-0.026967,-0.006198,0.402286,-1.64507,-1.27491,-1.205481,0.027659,0.046177,-0.025181,-0.072524,-0.462338,0.883732,0.853384,-0.487371,-0.184943,0.516212,0.74075,0.429898,0.014678,-0.01232,-0.00291,0.420182,-2.024898,-1.302391,-0.826212,0.086282,0.036285,-0.06098,0.047835,0.153068,-0.987056,-0.525024,-0.836814,-0.155213,-0.849741,0.525653,0.040335,0.040277,0.004588,-0.004825,-0.145381,1.226061,-2.165168,0.459317
440,0.100327,0.027605,0.364572,0.045204,0.097729,-0.994208,-0.567499,-0.81649,-0.106115,-0.822196,0.568884,0.019789,0.06746,0.011164,-0.008328,-0.02017,0.400059,-0.703766,0.461099,-0.123247,0.0556,0.319052,0.217913,0.441015,0.870639,-0.869172,0.49339,-0.032246,-0.444032,-0.750251,0.489717,0.016103,-0.020788,-0.001455,0.406338,-1.636165,-1.343158,-1.268293,0.028164,0.045807,-0.025288,-0.05662,-0.549572,0.833524,0.867745,-0.439984,-0.231152,0.493773,0.710199,0.501801,0.01428,-0.009541,-0.00079,0.036724,-1.751835,-1.373616,-0.810862,0.087677,0.036362,-0.061036,0.02971,0.14478,-0.989017,-0.516387,-0.844964,-0.139205,-0.855839,0.514852,0.049659,0.027076,0.001807,0.001172,0.001965,0.004887,0.007504,0.446581
441,0.102398,0.027677,0.364628,0.033037,0.092285,-0.995207,-0.568352,-0.817299,-0.094708,-0.822171,0.568638,0.026687,0.040678,0.003466,0.002271,-0.003279,0.139415,-0.23135,0.449604,-0.122161,0.05521,0.319143,0.208867,0.524165,0.825601,-0.890465,0.450892,-0.06085,-0.404388,-0.723108,0.559865,0.026877,-0.008752,0.006531,0.498758,-1.899275,-0.940029,-1.306523,0.028714,0.045597,-0.025254,-0.052127,-0.627448,0.776911,0.882599,-0.392928,-0.258119,0.467227,0.672246,0.574267,0.013374,-0.004014,0.00352,0.420242,-1.643638,-0.742897,-0.787022,0.088748,0.036403,-0.06101,0.01547,0.13729,-0.990409,-0.51729,-0.846567,-0.125431,-0.855669,0.51427,0.057922,0.026656,0.000568,0.000304,-0.006263,0.222476,-0.372272,0.430415
442,0.103205,0.027682,0.364712,0.026856,0.089948,-0.995607,-0.563874,-0.820987,-0.089435,-0.825466,0.563683,0.02991,0.040454,0.002808,0.001804,-0.003336,0.139365,-0.231378,0.445194,-0.12154,0.055087,0.319307,0.199786,0.56427,0.801047,-0.900862,0.427293,-0.076168,-0.385485,-0.707116,0.592665,0.038827,-0.003796,0.008995,0.150138,-2.004159,-1.060298,-1.311101,0.029034,0.045535,-0.025168,-0.04609,-0.664719,0.74567,0.889353,-0.367225,-0.272388,0.45489,0.65061,0.608095,0.019327,-0.001461,0.004794,0.126304,-1.917661,-0.995703,-0.806127,0.089152,0.036406,-0.060968,0.009457,0.134596,-0.990855,-0.512525,-0.850191,-0.12038,-0.858619,0.508977,0.060943,0.019755,-0.004112,0.005075,-0.038901,0.157159,-0.247045,0.422904
443,0.104502,0.027679,0.364859,0.015288,0.085013,-0.996285,-0.559637,-0.824944,-0.079033,-0.828625,0.558657,0.036204,0.027099,0.002567,0.001641,-0.004416,0.153985,-0.260983,0.439744,-0.120172,0.054825,0.319851,0.182399,0.636212,0.749638,-0.915167,0.388547,-0.106929,-0.359502,-0.667331,0.652143,0.039884,-0.010895,0.019605,0.509375,-2.224887,-0.757902,-1.319297,0.029703,0.045411,-0.024901,-0.035029,-0.72714,0.685594,0.897379,-0.324826,-0.29866,0.439866,0.604776,0.663899,0.013708,-0.00647,0.009671,0.123625,-1.849162,-0.752266,-0.803841,0.089806,0.036405,-0.060894,-0.001762,0.12899,-0.991643,-0.507935,-0.854313,-0.110223,-0.861392,0.503497,0.067024,0.013029,-0.004452,0.004856,-0.040505,0.186439,-0.302061,0.414249
444,0.105391,0.027657,0.364947,0.005331,0.080614,-0.996754,-0.555154,-0.828775,-0.070051,-0.831746,0.553622,0.041575,0.013587,0.001497,0.000954,-0.00597,0.182954,-0.315578,0.430679,-0.118822,0.054355,0.320699,0.164883,0.693682,0.70115,-0.928078,0.349745,-0.127609,-0.333925,-0.630546,0.700549,0.028865,-0.022016,0.028522,-3.400257,-1.118459,-4.015343,-1.352674,0.030382,0.045183,-0.024478,-0.027347,-0.778205,0.627414,0.903375,-0.28796,-0.317792,0.427977,0.558099,0.710886,0.019654,-0.003863,0.010994,0.563785,-1.884205,-0.379507,-0.810046,0.090261,0.036396,-0.060849,-0.011634,0.123887,-0.992227,-0.50313,-0.858257,-0.101261,-0.864132,0.498042,0.072316,0.006759,0.000613,0.000369,-0.006718,0.182966,-0.315558,0.404452
445,0.105693,0.027599,0.364989,0.001336,0.078724,-0.996918,-0.555374,-0.82894,-0.066256,-0.831611,0.553649,0.043854,0.012297,-0.011011,0.008381,-0.040714,0.200478,-0.331662,0.426963,-0.11814,0.054068,0.321264,0.155733,0.720884,0.675326,-0.933572,0.330799,-0.137659,-0.322804,-0.609926,0.723637,0.040724,-0.016631,0.031298,-0.664205,-1.409396,-1.407772,-1.376186,0.030734,0.04503,-0.024185,-0.018405,-0.803372,0.595191,0.908031,-0.262602,-0.326373,0.418498,0.534446,0.73432,0.020292,-0.008008,0.015847,-0.675738,-1.461893,-1.441327,-0.814455,0.090407,0.036372,-0.060831,-0.015249,0.121897,-0.992424,-0.503282,-0.858577,-0.097724,-0.863987,0.49798,0.074441,0.006587,-4.1e-05,-6.5e-05,-0.003159,0.084041,-0.142997,0.39939
446,0.106169,0.027319,0.365072,-0.003322,0.077065,-0.997043,-0.545927,-0.835458,-0.062809,-0.837831,0.544004,0.046088,0.011483,-0.014244,0.006226,0.020759,-0.306288,0.560161,0.419326,-0.116756,0.053361,0.322607,0.136756,0.771898,0.620856,-0.940693,0.297623,-0.162637,-0.310466,-0.562758,0.766014,0.042196,-0.025816,0.040343,0.542195,-1.919701,-0.589084,-1.397333,0.03141,0.04469,-0.023527,-0.006935,-0.844713,0.535173,0.910404,-0.226724,-0.346062,0.41366,0.484824,0.770603,0.01377,-0.007467,0.01698,0.265543,-1.703212,-0.70031,-0.803841,0.090646,0.036233,-0.060789,-0.022458,0.118364,-0.992715,-0.49352,-0.864859,-0.091954,-0.869444,0.48786,0.077838,0.005652,-0.007472,0.00287,-0.038667,0.116564,-0.184345,0.388776
447,0.106469,0.026933,0.365239,-0.005688,0.080323,-0.996776,-0.526663,-0.847543,-0.065345,-0.850059,0.524489,0.048365,0.011734,-0.013307,0.006854,0.01081,0.006467,0.011728,0.411952,-0.11544,0.052737,0.3242,0.117505,0.812888,0.570436,-0.946272,0.265921,-0.183819,-0.301237,-0.519205,0.799716,0.028285,-0.020235,0.046065,0.561506,-1.789171,-0.143486,-1.404563,0.032065,0.044372,-0.022752,0.00575,-0.878367,0.47795,0.911467,-0.191998,-0.363817,0.411331,0.437728,0.799499,0.014065,-0.009848,0.023216,0.122671,-1.306824,-0.441005,-0.801065,0.090794,0.036033,-0.06071,-0.022487,0.123088,-0.99214,-0.473549,-0.875313,-0.097861,-0.880479,0.467627,0.077971,0.005849,-0.00672,0.003378,0.465966,0.028904,-0.02144,0.378978
448,0.106594,0.026628,0.365485,-0.012133,0.084191,-0.996399,-0.517794,-0.852953,-0.065819,-0.855415,0.515022,0.055182,0.000269,0.001063,0.000709,5.500948,0.49073,-0.461463,0.406533,-0.11449,0.052421,0.32593,0.099472,0.842898,0.528792,-0.951717,0.235716,-0.196485,-0.290361,-0.484772,0.824955,0.026765,-0.012635,0.051796,0.066268,-1.012862,-0.404318,-1.404424,0.032551,0.044207,-0.021876,0.01712,-0.903669,0.427888,0.913161,-0.160172,-0.374807,0.407237,0.397148,0.822453,0.012453,-0.000808,0.022038,-0.420993,-1.082779,-1.352195,-0.790777,0.09086,0.035874,-0.060586,-0.028932,0.126902,-0.991492,-0.469518,-0.877399,-0.098599,-0.882448,0.462671,0.084968,-0.000244,-0.004714,0.004748,-0.036049,0.008879,-0.021174,0.368691
449,0.106604,0.026494,0.365597,-0.015763,0.089019,-0.995928,-0.518525,-0.852335,-0.068031,-0.854908,0.515226,0.060833,-0.000714,-0.010345,0.008888,-0.040671,0.10128,0.031684,0.403538,-0.114071,0.052321,0.326865,0.092704,0.85586,0.508823,-0.953371,0.223727,-0.202394,-0.287149,-0.467408,0.836025,0.024453,0.000732,0.045826,0.321883,-1.007577,0.072975,-1.404304,0.032761,0.044154,-0.021403,0.021404,-0.913907,0.405358,0.91349,-0.146893,-0.379417,0.406296,0.378412,0.831701,0.013051,-0.004872,0.026945,0.381703,-1.253747,0.133054,-0.79388,0.090866,0.035813,-0.060532,-0.033536,0.131406,-0.99076,-0.465071,-0.879502,-0.100908,-0.884637,0.457391,0.090608,7.2e-05,0.000295,0.000198,-0.009098,0.146249,-0.145473,0.363956
450,0.106537,0.026251,0.365802,-0.024232,0.101326,-0.994581,-0.52012,-0.850859,-0.074065,-0.85373,0.515376,0.074557,0.0,0.0,0.0,-0.015775,0.228602,0.130116,0.400963,-0.113278,0.052192,0.3288,0.07785,0.879867,0.46879,-0.955922,0.199441,-0.215338,-0.283037,-0.432467,0.855994,0.025789,-0.0082,0.054896,0.449568,-1.232972,-0.133933,-1.404375,0.033156,0.044096,-0.020437,0.029707,-0.931514,0.362489,0.913478,-0.121928,-0.388187,0.405799,0.342658,0.847296,0.011925,0.001515,0.023666,0.189069,-0.932028,0.271082,-0.783593,0.090832,0.035688,-0.060426,-0.042562,0.142785,-0.988837,-0.466852,-0.877878,-0.106669,-0.88331,0.457101,0.104024,-0.000422,-0.005417,0.004283,-0.053947,0.282897,0.135105,0.357587
451,0.106379,0.026073,0.36598,-0.031887,0.110829,-0.993351,-0.516383,-0.852725,-0.078617,-0.855735,0.510301,0.085657,7.1e-05,0.000281,0.000187,-0.00663,0.098402,0.055921,0.39913,-0.112391,0.052044,0.330787,0.061702,0.89838,0.434853,-0.957559,0.176228,-0.227943,-0.281465,-0.403461,0.870552,0.026094,-0.01005,0.053343,0.393952,-1.081361,-0.050301,-1.404162,0.033598,0.044031,-0.019436,0.040682,-0.945138,0.324125,0.912206,-0.097233,-0.398025,0.407704,0.311862,0.858206,0.011961,0.001126,0.023273,0.064001,-0.616032,0.227844,-0.79192,0.090753,0.035598,-0.060337,-0.051025,0.152105,-0.987045,-0.463106,-0.879254,-0.111554,-0.884832,0.451415,0.115305,-0.006702,-0.004123,0.005173,-0.041342,0.088918,-0.01364,0.354648
452,0.106299,0.026012,0.366059,-0.036043,0.115452,-0.992682,-0.511935,-0.855187,-0.080926,-0.858234,0.505124,0.091162,-0.012642,0.002276,0.001569,-0.012741,0.191343,0.070759,0.398746,-0.11187,0.05194,0.33176,0.052925,0.903676,0.424924,-0.957868,0.166276,-0.23404,-0.282192,-0.395769,0.873841,0.026334,-0.011375,0.052293,0.083861,-0.791935,-0.301628,-1.404463,0.033868,0.043978,-0.018928,0.047511,-0.949058,0.311496,0.910979,-0.08674,-0.403227,0.409705,0.302924,0.860451,0.013152,-0.005777,0.02606,0.125114,-0.869875,-0.355725,-0.791757,0.090718,0.035567,-0.060298,-0.05515,0.156001,-0.986215,-0.458495,-0.881382,-0.113779,-0.886983,0.4459,0.120134,-0.000409,-0.005362,0.004325,-0.049292,0.223411,0.100124,0.353832
453,0.10615,0.025922,0.366188,-0.042471,0.122157,-0.991625,-0.507804,-0.857358,-0.083921,-0.860383,0.499831,0.099679,-0.000568,-0.009753,0.009294,-0.056328,0.390613,-0.033044,0.393472,-0.110772,0.051677,0.333668,0.040059,0.905529,0.422378,-0.955604,0.158269,-0.248406,-0.291813,-0.394812,0.87111,0.02648,-0.012344,0.051465,-1.74488,1.53351,-4.664126,-1.404798,0.034417,0.043845,-0.017975,0.058497,-0.950196,0.306111,0.905718,-0.078438,-0.416559,0.419823,0.301618,0.856022,0.013282,-0.006428,0.025605,-1.699636,1.61008,-4.645189,-0.791757,0.090638,0.035524,-0.060238,-0.06115,0.161252,-0.985016,-0.454162,-0.883281,-0.116403,-0.888817,0.44024,0.127248,-0.006149,0.001814,0.001236,-0.032253,0.514455,0.286697,0.350403
454,0.106033,0.025883,0.36627,-0.044204,0.12135,-0.991648,-0.502898,-0.860343,-0.082918,-0.863172,0.494877,0.100291,-0.012589,0.002494,0.001713,-0.000989,0.014784,-0.029514,0.389872,-0.109519,0.051426,0.335361,0.038053,0.905517,0.42259,-0.955209,0.157213,-0.250585,-0.293367,-0.395263,0.870383,0.025659,-0.006593,0.039787,-0.11492,0.066774,-0.119577,-1.404484,0.035033,0.043728,-0.017139,0.061965,-0.949976,0.306111,0.905153,-0.075741,-0.418281,0.420542,0.302996,0.855182,0.018926,-0.001988,0.020147,-0.111648,-0.065161,0.111608,-0.795186,0.090585,0.035503,-0.060193,-0.06357,0.161187,-0.984874,-0.449186,-0.885876,-0.115992,-0.891173,0.435018,0.128718,4.4e-05,0.000171,0.000117,-0.000279,-0.004091,-0.002341,0.344851
455,0.105998,0.025888,0.366297,-0.04467,0.121083,-0.99166,-0.502931,-0.860368,-0.082451,-0.863128,0.494898,0.100564,-0.012505,0.002825,0.001933,-0.000984,0.014716,-0.029553,0.38799,-0.108866,0.051349,0.336098,0.035647,0.904084,0.425856,-0.954583,0.156986,-0.253101,-0.295696,-0.398627,0.868057,0.03823,-0.005621,0.039117,-0.114799,0.053683,-0.08867,-1.404729,0.035354,0.043688,-0.016772,0.064788,-0.94876,0.309283,0.904153,-0.075339,-0.42051,0.422264,0.306883,0.852944,0.012944,-0.004006,0.019346,-0.123151,0.048938,-0.090485,-0.791267,0.090567,0.035504,-0.060179,-0.063996,0.160861,-0.984899,-0.449217,-0.885924,-0.115507,-0.891127,0.435041,0.128957,9.8e-05,0.000388,0.00026,-0.000341,-0.000601,-0.000264,0.342238
456,0.105919,0.025969,0.366351,-0.04561,0.120518,-0.991686,-0.502908,-0.860473,-0.081495,-0.863091,0.494856,0.10109,0.000577,0.002263,0.001508,-0.0,0.0,0.0,0.384661,-0.107552,0.051069,0.337455,0.02587,0.900043,0.435024,-0.952859,0.153855,-0.261388,-0.302197,-0.408883,0.86102,0.027215,-0.013974,0.034429,0.463201,0.740023,-0.414161,-1.404639,0.036015,0.043555,-0.016088,0.075196,-0.945522,0.316753,0.901279,-0.07147,-0.427301,0.426661,0.317615,0.846805,0.019847,-0.006376,0.01694,1.864475,1.932252,-0.552907,-0.795023,0.090523,0.035544,-0.060153,-0.064914,0.16022,-0.984944,-0.449185,-0.886067,-0.114532,-0.891077,0.434987,0.129486,0.000312,0.001225,0.000818,-0.000253,-1.9e-05,4.1e-05,0.337503
457,0.10584,0.026079,0.366437,-0.046623,0.119914,-0.991712,-0.502904,-0.860572,-0.080468,-0.863038,0.494831,0.101662,-0.012048,0.004589,0.003106,-0.000984,0.014715,-0.029553,0.383591,-0.106239,0.050577,0.338373,0.015831,0.897112,0.44151,-0.952209,0.148291,-0.266912,-0.304915,-0.41731,0.856004,0.027905,-0.014683,0.018248,-0.085194,0.09314,-0.146224,-1.404331,0.036669,0.043316,-0.015618,0.086529,-0.942668,0.322317,0.899273,-0.065327,-0.43248,0.428741,0.327274,0.842063,0.020144,-0.006424,0.009091,-0.085256,0.05786,-0.092204,-0.798942,0.090488,0.035598,-0.060111,-0.065866,0.159571,-0.984986,-0.449171,-0.886202,-0.113532,-0.891014,0.434949,0.130046,0.000419,0.001651,0.001099,0.000361,-0.0142,0.025088,0.33489
458,0.105821,0.026194,0.366526,-0.047217,0.119565,-0.991726,-0.50291,-0.860624,-0.079868,-0.863001,0.494825,0.102001,0.000643,0.00252,0.001675,-0.0,0.0,0.0,0.379995,-0.104817,0.050017,0.338822,0.007076,0.895439,0.445119,-0.952529,0.141576,-0.269406,-0.304237,-0.423205,0.853347,0.027927,-0.012106,0.004384,-0.051259,0.102513,-0.150019,-1.404505,0.03738,0.043034,-0.015389,0.09565,-0.940992,0.324629,0.898986,-0.058368,-0.434069,0.427404,0.333355,0.840356,0.020119,-0.004912,0.002311,-0.049442,0.086696,-0.120115,-0.800738,0.090474,0.035658,-0.060065,-0.066457,0.159171,-0.985011,-0.449171,-0.886281,-0.112913,-0.89097,0.434935,0.130394,0.000389,0.001533,0.001022,-0.000123,1e-06,1.3e-05,0.331787
459,0.105816,0.026246,0.366572,-0.048219,0.119111,-0.991732,-0.49782,-0.863606,-0.079571,-0.865891,0.489715,0.102172,0.0007,0.002742,0.001822,1e-05,1e-06,-1e-06,0.379482,-0.10403,0.049773,0.338911,0.00357,0.894337,0.44737,-0.952193,0.139757,-0.271533,-0.305342,-0.426134,0.851492,0.040839,-0.01206,0.003053,-0.04922,0.087086,-0.120914,-1.404249,0.037784,0.042904,-0.015345,0.099575,-0.939956,0.326443,0.898237,-0.05623,-0.435898,0.428081,0.336628,0.838705,0.020506,-0.006435,0.001213,-0.052718,0.084177,-0.120312,-0.802534,0.090471,0.035684,-0.060041,-0.067427,0.158651,-0.985029,-0.443885,-0.888956,-0.112793,-0.893542,0.429635,0.130363,0.0004,0.001571,0.001045,0.000182,-0.013572,0.024928,0.330318
460,0.105809,0.026337,0.366633,-0.048827,0.118745,-0.991746,-0.497802,-0.863673,-0.078955,-0.865867,0.489686,0.102516,0.000496,0.001942,0.001289,-0.0,0.0,0.0,0.377738,-0.102412,0.04931,0.3389,6.5e-05,0.89434,0.447379,-0.951474,0.137782,-0.275041,-0.307594,-0.426773,0.850361,0.041754,-0.015348,0.000634,-0.032407,-0.02399,0.043206,-1.40415,0.038579,0.042673,-0.015355,0.103054,-0.939797,0.325821,0.896863,-0.053857,-0.439016,0.430134,0.337459,0.83732,0.020994,-0.008193,-8e-05,-0.053189,0.090718,-0.117002,-0.801881,0.090468,0.03573,-0.060011,-0.068015,0.158251,-0.985053,-0.443865,-0.889044,-0.112179,-0.893508,0.429601,0.130711,0.000327,0.001285,0.000854,0.000333,-0.01419,0.025097,0.327052
461,0.105781,0.026416,0.366698,-0.049256,0.118489,-0.991756,-0.497812,-0.863707,-0.07852,-0.865836,0.489689,0.102762,0.000651,0.002548,0.00169,0.00054,-0.014181,0.025084,0.37706,-0.100876,0.04881,0.338847,-0.002707,0.898587,0.438777,-0.949932,0.134842,-0.281745,-0.312307,-0.418698,0.852654,0.041624,-0.014136,0.00144,0.067205,-0.159915,-0.058134,-1.404854,0.039349,0.042414,-0.015388,0.104587,-0.942943,0.316099,0.894035,-0.050076,-0.445188,0.435616,0.329165,0.837787,0.014685,-0.008523,0.000338,0.067504,-0.148014,-0.087866,-0.800411,0.090454,0.035768,-0.05998,-0.068444,0.157957,-0.98507,-0.443873,-0.889097,-0.111727,-0.893471,0.429599,0.130967,0.000191,0.000753,0.000501,-0.000138,-1.3e-05,2.6e-05,0.325093
462,0.105762,0.026457,0.366725,-0.049481,0.118351,-0.991761,-0.497806,-0.863731,-0.078289,-0.865826,0.489679,0.102888,0.000657,0.002572,0.001705,0.00054,-0.014181,0.025084,0.377024,-0.100106,0.048608,0.338835,-0.004586,0.901758,0.432207,-0.948647,0.132848,-0.286974,-0.316166,-0.412459,0.854271,0.029046,-0.015448,0.001859,0.197438,-0.324811,-0.221492,-1.404084,0.039723,0.042317,-0.015396,0.105221,-0.944822,0.310224,0.892255,-0.048047,-0.448966,0.439098,0.32404,0.837967,0.019618,-0.000691,-0.002628,0.392114,-0.471634,-0.517545,-0.801881,0.090444,0.035788,-0.059966,-0.06866,0.157805,-0.98508,-0.443864,-0.88913,-0.111497,-0.893459,0.429587,0.131092,-0.006123,0.001886,0.001279,-0.001099,0.014695,-0.029532,0.324766
463,0.105704,0.026542,0.366782,-0.050101,0.11797,-0.991776,-0.497788,-0.863799,-0.077654,-0.8658,0.489652,0.103236,0.000554,0.002166,0.001435,-0.0,0.0,0.0,0.377018,-0.098817,0.048557,0.338871,-0.004101,0.908007,0.418925,-0.948964,0.12864,-0.28784,-0.315218,-0.399865,0.860586,0.027129,-0.007328,0.007719,0.031648,-0.025413,-0.208969,-1.404255,0.040396,0.042272,-0.015383,0.102944,-0.949943,0.294974,0.891836,-0.043177,-0.450292,0.440488,0.309424,0.842749,0.013489,-0.003352,0.004065,0.005243,0.026117,-0.171972,-0.801881,0.090415,0.035832,-0.059937,-0.069237,0.1574,-0.985104,-0.443839,-0.889219,-0.110885,-0.893427,0.42955,0.131427,0.000314,0.001235,0.000819,-0.003258,0.083669,-0.148032,0.324766
464,0.105632,0.026608,0.366825,-0.050413,0.117771,-0.991783,-0.49778,-0.863833,-0.077329,-0.865787,0.48964,0.103407,-0.012262,0.003668,0.002486,-0.000984,0.014715,-0.029553,0.376286,-0.097831,0.048818,0.338981,-0.00315,0.913045,0.407836,-0.949651,0.125105,-0.287132,-0.313155,-0.389352,0.866142,0.023621,0.009493,0.004055,0.041951,-0.094552,0.046484,-1.404611,0.04088,0.042399,-0.01533,0.100375,-0.953641,0.283711,0.892529,-0.039706,-0.449236,0.439675,0.298312,0.847168,0.011853,0.004589,0.001897,0.019097,-0.037871,0.051328,-0.804657,0.090384,0.035864,-0.059916,-0.069533,0.157186,-0.985117,-0.443827,-0.889265,-0.110564,-0.89341,0.429534,0.131597,2.1e-05,9.1e-05,6.2e-05,-5.8e-05,-5e-06,1e-05,0.324439
465,0.105566,0.026619,0.366833,-0.050942,0.117447,-0.991794,-0.497764,-0.86389,-0.076787,-0.865764,0.489617,0.103703,-6e-05,-0.000233,-0.000154,0.0,0.0,0.0,0.375137,-0.097076,0.049155,0.339298,0.00084,0.919385,0.393347,-0.949851,0.123799,-0.287039,-0.312569,-0.374534,0.872862,0.024573,0.002871,0.015086,0.243916,-0.496526,-0.031053,-1.404753,0.041258,0.042571,-0.015174,0.094052,-0.957938,0.271124,0.893261,-0.039048,-0.447837,0.439587,0.284305,0.852017,0.004992,0.005956,0.003586,0.41622,-0.574071,-0.355635,-0.793717,0.090347,0.035873,-0.059909,-0.070043,0.156826,-0.985138,-0.443803,-0.889344,-0.110022,-0.893382,0.429501,0.131892,-0.006365,0.000917,0.000636,-0.001024,0.014713,-0.029534,0.323296
466,0.105535,0.026617,0.366832,-0.05115,0.117318,-0.991799,-0.497757,-0.863913,-0.076573,-0.865755,0.489608,0.103819,-4.5e-05,-0.000177,-0.000117,-0.003717,0.097863,-0.173113,0.373675,-0.096781,0.049315,0.339506,0.004997,0.921975,0.387206,-0.950764,0.124434,-0.283723,-0.309746,-0.367882,0.876689,0.012001,0.001159,0.015249,0.049207,-0.222342,0.133017,-1.405253,0.041409,0.042654,-0.015069,0.089294,-0.960424,0.26384,0.89421,-0.03936,-0.445913,0.43865,0.275746,0.855306,0.004847,0.006489,0.003972,0.06534,-0.098929,0.000241,-0.790451,0.090331,0.035871,-0.059911,-0.07012,0.156769,-0.985142,-0.443799,-0.889356,-0.109938,-0.893377,0.429497,0.131935,-3.4e-05,-0.000126,-8.1e-05,-3.7e-05,2e-06,1.6e-05,0.322806
467,0.105489,0.026633,0.366831,-0.052057,0.116871,-0.991805,-0.492604,-0.866882,-0.076348,-0.868643,0.484443,0.103932,-0.0,-0.0,-0.0,0.0,0.0,-0.0,0.373165,-0.096237,0.049718,0.340069,-0.000179,0.926175,0.377082,-0.95149,0.115929,-0.284886,-0.307542,-0.360004,0.880725,0.008444,0.017753,0.011365,0.052178,-0.194972,0.209161,-1.405131,0.041683,0.042848,-0.014788,0.092951,-0.963128,0.252474,0.894406,-0.030649,-0.446203,0.437489,0.26729,0.858579,0.011483,0.004454,0.009686,-0.027572,-0.052178,0.072872,-0.796493,0.090308,0.035879,-0.059911,-0.071121,0.156177,-0.985164,-0.438447,-0.892029,-0.10976,-0.895937,0.424136,0.131918,0.000426,0.005396,-0.004299,0.034489,-0.017217,0.016071,0.321174
468,0.105468,0.02663,0.366829,-0.052499,0.116601,-0.991813,-0.492589,-0.866929,-0.075899,-0.868624,0.484423,0.104184,-0.000163,-0.000637,-0.000422,0.0,0.0,0.0,0.372538,-0.095886,0.050037,0.340768,-0.002373,0.928522,0.371259,-0.951437,0.112258,-0.286531,-0.307698,-0.355075,0.88267,0.01052,0.006739,0.019178,-0.022582,-0.050431,0.049755,-1.404813,0.041853,0.043014,-0.014444,0.094077,-0.964611,0.246319,0.89399,-0.027023,-0.44727,0.438098,0.262285,0.859811,-0.000947,0.00226,0.009485,-0.045881,-0.007173,0.041621,-0.798942,0.090298,0.035878,-0.059911,-0.071425,0.155967,-0.985175,-0.438438,-0.892072,-0.109441,-0.895918,0.424122,0.132098,-0.000127,-0.000504,-0.000332,-0.000136,2e-06,-6e-06,0.319377
469,0.105468,0.02663,0.366829,-0.052627,0.116524,-0.991815,-0.492585,-0.866943,-0.075769,-0.868618,0.484416,0.104257,-3e-06,-1.1e-05,-7e-06,0.0,0.0,0.0,0.372436,-0.095804,0.050113,0.341128,-0.007792,0.931021,0.36487,-0.951988,0.104833,-0.287511,-0.305892,-0.350762,0.885019,-0.001809,0.004251,0.018767,0.202729,-0.330098,-0.198691,-1.404822,0.041902,0.043056,-0.014256,0.098085,-0.965685,0.240481,0.894708,-0.020237,-0.44619,0.435746,0.258925,0.862022,-0.000846,0.001856,0.009184,0.357064,-0.52585,-0.342885,-0.799432,0.090297,0.035876,-0.059913,-0.07167,0.155798,-0.985185,-0.438426,-0.89211,-0.109184,-0.895904,0.424106,0.132243,2e-06,1e-06,2e-06,-0.000112,8e-06,8e-06,0.318398
470,0.105475,0.026613,0.366829,-0.053026,0.116292,-0.991821,-0.492593,-0.866973,-0.075371,-0.868589,0.484419,0.104491,-1.7e-05,-6.5e-05,-4.3e-05,0.0,0.0,0.0,0.372295,-0.095737,0.050079,0.341942,-0.008923,0.934403,0.356095,-0.951763,0.10136,-0.289496,-0.306561,-0.342675,0.887951,0.001064,-0.00971,0.024516,0.041924,-0.150611,-0.125271,-1.404979,0.041933,0.04305,-0.013847,0.098082,-0.968274,0.229834,0.893532,-0.015997,-0.448714,0.438155,0.249375,0.863615,-0.000648,0.001079,0.008615,0.09606,-0.176474,-0.119958,-0.798942,0.090301,0.035868,-0.059912,-0.072053,0.155541,-0.985197,-0.438431,-0.892156,-0.108787,-0.895871,0.424103,0.132477,-7e-06,-3.2e-05,-2.1e-05,-7.9e-05,-7e-06,1.9e-05,0.318234
471,0.105465,0.026614,0.366831,-0.053429,0.116047,-0.991828,-0.492579,-0.867017,-0.074962,-0.868571,0.484401,0.104721,-0.0,-0.0,-0.0,0.0,0.0,0.0,0.372406,-0.095747,0.049776,0.342768,-0.017276,0.937861,0.346569,-0.951023,0.091656,-0.295107,-0.308485,-0.335872,0.889882,-0.000316,-0.001553,0.014585,0.026241,-0.088531,-0.054288,-1.404991,0.041928,0.042899,-0.013429,0.10495,-0.970215,0.218326,0.891428,-0.005539,-0.453127,0.440841,0.242178,0.864296,-0.005164,-0.007928,0.010765,-0.036768,-0.033874,-0.079977,-0.800248,0.090296,0.035869,-0.059912,-0.072441,0.155272,-0.985211,-0.438411,-0.892216,-0.10838,-0.89585,0.424076,0.132705,1e-06,5e-06,4e-06,-6.4e-05,8e-06,5.7e-05,0.318234
