frame,MLTx,MLTy,MLTz,MLTR1,MLTR2,MLTR3,MLTR4,MLTR5,MLTR6,MLTR7,MLTR8,MLTR9,MLTTVx,MLTTVy,MLTTVz,MLTRVx,MLTRVy,MLTRVz,MLGA,MRTx,MRTy,MRTz,MRTR1,MRTR2,MRTR3,MRTR4,MRTR5,MRTR6,MRTR7,MRTR8,MRTR9,MRTTVx,MRTTVy,MRTTVz,MRTRVx,MRTRVy,MRTRVz,MRGA,SLTx,SLTy,SLTz,SLTR1,SLTR2,SLTR3,SLTR4,SLTR5,SLTR6,SLTR7,SLTR8,SLTR9,SLTTVx,SLTTVy,SLTTVz,SLTRVx,SLTRVy,SLTRVz,SLGA,SRTx,SRTy,SRTz,SRTR1,SRTR2,SRTR3,SRTR4,SRTR5,SRTR6,SRTR7,SRTR8,SRTR9,SRTTVx,SRTTVy,SRTTVz,SRTRVx,SRTRVy,SRTRVz,SRGA
625,0.163275,-0.035456,0.308776,-0.369845,-0.178903,-0.911731,-0.059393,-0.974726,0.215299,-0.92675,0.133994,0.351009,-0.0,-1e-06,-1e-06,-7.9e-05,-0.000284,-0.000161,-1.917585,-0.129768,-0.030789,0.310814,0.278206,-0.820806,0.49887,0.879937,0.425929,0.210307,-0.38546,0.381485,0.840091,-0.017079,0.011405,-0.047602,-0.280256,0.516009,0.062399,-1.40952,0.061737,0.02655,-0.013279,-0.230927,0.859423,0.456139,-0.885351,-0.380037,0.267814,0.403515,-0.341998,0.848652,-0.009204,0.011078,-0.02807,0.199504,0.058512,0.108605,-0.948843,0.080696,0.024579,-0.063376,0.467013,0.158313,-0.869962,-0.014292,0.985065,0.171587,0.884134,-0.0677,0.462301,1e-06,5e-06,5e-06,0.00249,0.005636,0.002822,-1.07937
626,0.163298,-0.035457,0.308775,-0.369822,-0.178863,-0.911749,-0.059408,-0.974734,0.215258,-0.926758,0.133988,0.35099,-0.0,-0.0,-0.0,-1e-06,-4e-06,-2e-06,-1.917446,-0.130007,-0.030497,0.309715,0.275069,-0.820575,0.500984,0.882539,0.422118,0.207063,-0.381737,0.3862,0.839636,-0.001461,0.008295,-0.053531,0.084552,0.124667,-0.183954,-1.410094,0.061612,0.0267,-0.013824,-0.225691,0.859021,0.459506,-0.887356,-0.375939,0.266964,0.402074,-0.347494,0.847103,-0.008873,0.008075,-0.031603,0.134799,0.131717,-0.224171,-0.956027,0.080708,0.024579,-0.063377,0.467036,0.158244,-0.869962,-0.014279,0.985077,0.171518,0.884122,-0.067683,0.462326,0.0,3e-06,4e-06,0.000282,0.000883,0.000501,-1.079696
627,0.163333,-0.035468,0.308793,-0.369795,-0.17881,-0.91177,-0.059477,-0.974738,0.215223,-0.926764,0.134033,0.350956,0.000101,-0.01086,0.008553,-0.035639,0.012649,-0.018475,-1.917674,-0.130744,-0.0299,0.306734,0.257205,-0.818785,0.513252,0.881418,0.416405,0.222807,-0.39648,0.3961,0.828114,-0.017994,0.015697,-0.085407,-0.366818,0.570427,0.289277,-1.409851,0.061248,0.027001,-0.015297,-0.208685,0.857288,0.470645,-0.885429,-0.369972,0.281309,0.415289,-0.358018,0.836275,-0.009585,0.012702,-0.047567,-0.580515,0.871048,0.248376,-0.961253,0.080725,0.024577,-0.063371,0.467014,0.15817,-0.869987,-0.014222,0.985088,0.171462,0.884134,-0.067702,0.4623,4e-06,6.2e-05,7e-05,-8.4e-05,9e-06,6.6e-05,-1.07937
628,0.16338,-0.035456,0.308791,-0.369728,-0.1787,-0.911818,-0.059493,-0.974764,0.215102,-0.92679,0.133992,0.350904,0.0,1e-06,1e-06,-0.0,-0.0,-0.0,-1.917604,-0.131824,-0.029318,0.30288,0.230296,-0.816697,0.529113,0.879092,0.407674,0.246846,-0.417598,0.409305,0.811137,-0.033491,0.014121,-0.10731,-0.316856,0.576624,0.252011,-1.410192,0.060713,0.027291,-0.017217,-0.180296,0.855091,0.48612,-0.881502,-0.359739,0.305846,0.436403,-0.373373,0.818623,-0.016593,0.00611,-0.054741,-0.426574,0.699511,0.296209,-0.958477,0.080749,0.02458,-0.063369,0.466968,0.158067,-0.870031,-0.014173,0.985105,0.171367,0.88416,-0.067692,0.462253,-1e-06,-6e-06,-1e-05,-6.3e-05,-5e-06,6.7e-05,-1.078717
629,0.163391,-0.035456,0.308791,-0.369717,-0.17868,-0.911827,-0.059501,-0.974768,0.215082,-0.926794,0.133989,0.350894,0.0,0.0,0.0,-0.0,-0.0,-0.0,-1.917722,-0.132543,-0.029078,0.300621,0.218271,-0.813236,0.539441,0.876629,0.406173,0.257835,-0.429065,0.417621,0.800849,-0.048148,0.006178,-0.115337,-0.485794,0.784621,0.285169,-1.410308,0.060359,0.027416,-0.018341,-0.168845,0.851987,0.495588,-0.878938,-0.357693,0.315473,0.446048,-0.382325,0.809239,-0.017081,0.009221,-0.062106,-0.486847,0.808401,0.413728,-0.956354,0.080754,0.02458,-0.063369,0.466958,0.158046,-0.87004,-0.014164,0.985108,0.171347,0.884165,-0.067689,0.462243,2e-06,-4e-06,-1e-05,-5.8e-05,1e-06,7.3e-05,-1.080186
630,0.163449,-0.035477,0.308813,-0.3696,-0.178484,-0.911913,-0.059648,-0.974797,0.214909,-0.926831,0.134039,0.350777,2e-06,2e-05,2.3e-05,-0.0,-0.0,-0.0,-1.918066,-0.134344,-0.028853,0.29565,0.193076,-0.81563,0.545399,0.874431,0.395069,0.281469,-0.44529,0.423581,0.78877,-0.049072,0.008934,-0.135727,-1.321845,-1.472798,1.639695,-1.410275,0.059459,0.027524,-0.020823,-0.142992,0.852405,0.502949,-0.875604,-0.345846,0.337203,0.461377,-0.392167,0.795823,-0.031375,-0.002279,-0.064045,-0.45462,0.687017,0.369872,-0.959783,0.080783,0.024569,-0.063357,0.466863,0.157839,-0.870129,-0.013997,0.985138,0.171191,0.884218,-0.067744,0.462134,2e-06,4e-06,-0.0,-5.6e-05,1.6e-05,3.2e-05,-1.080023
631,0.163488,-0.035473,0.308897,-0.369602,-0.178466,-0.911915,-0.059776,-0.974782,0.214938,-0.926823,0.134167,0.350751,0.000156,0.001803,0.002114,-0.0,-0.0,-0.0,-1.917853,-0.136402,-0.028756,0.290655,0.164477,-0.817264,0.552285,0.8716,0.382444,0.30657,-0.461975,0.431962,0.7745,-0.06392,0.000562,-0.124065,-0.533384,0.760947,0.492152,-1.410613,0.058437,0.027558,-0.023347,-0.115067,0.854974,0.505745,-0.871514,-0.331202,0.361618,0.476678,-0.399153,0.783232,-0.02419,0.000797,-0.062459,-0.188709,0.429334,0.300008,-0.958967,0.080803,0.024568,-0.063319,0.466866,0.15782,-0.870131,-0.01387,0.985132,0.171236,0.884219,-0.067875,0.462114,9.5e-05,0.001085,0.001272,0.00074,-0.014333,0.024987,-1.079206
632,0.163475,-0.035377,0.309057,-0.36942,-0.17819,-0.912043,-0.059953,-0.974828,0.214682,-0.926884,0.134203,0.350576,0.000297,0.003418,0.004004,-0.0,-0.0,-0.0,-1.917797,-0.138735,-0.02871,0.286054,0.144028,-0.816443,0.559168,0.867753,0.375699,0.325252,-0.475811,0.439387,0.761844,-0.063664,-0.004413,-0.110042,-0.276586,0.476168,0.267754,-1.410658,0.057248,0.027574,-0.025702,-0.092617,0.853522,0.512758,-0.866163,-0.323059,0.381304,0.491103,-0.408817,0.769211,-0.031775,-0.002015,-0.054715,-0.294816,0.494774,0.271182,-0.958803,0.080796,0.024615,-0.06324,0.466715,0.157528,-0.870265,-0.013664,0.985175,0.171001,0.884301,-0.067917,0.461948,0.00018,0.002079,0.002435,0.000748,-0.014334,0.02498,-1.080023
633,0.163459,-0.035305,0.309158,-0.369298,-0.178007,-0.912128,-0.060047,-0.974861,0.214503,-0.926926,0.134201,0.350463,0.000357,0.004113,0.004812,0.000776,-0.014354,0.024979,-1.917832,-0.140042,-0.028716,0.283947,0.13274,-0.819454,0.557554,0.865077,0.370229,0.338389,-0.483884,0.438426,0.757299,-0.064449,0.002214,-0.102177,-0.330243,0.233983,0.443916,-1.410211,0.056643,0.027562,-0.026689,-0.082144,0.855725,0.510868,-0.863059,-0.317414,0.392907,0.498377,-0.408634,0.764615,-0.031518,-0.004683,-0.047242,-1.481441,-1.372175,2.001447,-0.959783,0.080794,0.02465,-0.063192,0.466612,0.157331,-0.870355,-0.013548,0.985207,0.170829,0.884357,-0.067919,0.461841,0.000178,0.00209,0.002446,0.000755,-0.014327,0.024945,-1.080023
634,0.163437,-0.035186,0.309346,-0.369083,-0.177684,-0.912278,-0.060243,-0.974917,0.214199,-0.927,0.13423,0.35026,0.000303,0.00349,0.004078,-0.0,-0.0,-0.0,-1.917174,-0.14256,-0.028603,0.28065,0.116607,-0.82153,0.558107,0.86243,0.36233,0.353363,-0.492664,0.441143,0.750026,-0.064544,0.004648,-0.077071,-0.222059,0.349324,0.263049,-1.410256,0.055337,0.027613,-0.028424,-0.065291,0.857577,0.510194,-0.859456,-0.308115,0.407919,0.507021,-0.411857,0.757167,-0.032258,0.002935,-0.037661,-0.276342,0.387043,0.278749,-0.953415,0.080778,0.024715,-0.063091,0.466434,0.156993,-0.870512,-0.01332,0.985259,0.17055,0.884455,-0.067955,0.461649,0.000152,0.001779,0.00208,-2e-06,1.9e-05,-3.9e-05,-1.081002
635,0.163425,-0.035092,0.309519,-0.368901,-0.177403,-0.912407,-0.060447,-0.974959,0.213947,-0.927059,0.134292,0.350078,0.00027,0.003106,0.003624,0.000776,-0.014349,0.024981,-1.917842,-0.145285,-0.028565,0.278362,0.104148,-0.824959,0.555506,0.860437,0.354744,0.365704,-0.498885,0.440914,0.746037,-0.078657,-0.006573,-0.044247,-0.156611,-0.043224,0.240239,-1.4103,0.054004,0.027632,-0.029555,-0.052263,0.860178,0.507308,-0.856455,-0.299859,0.4202,0.513568,-0.412526,0.752375,-0.032182,0.003605,-0.025452,-0.314737,-0.563717,0.69057,-0.958477,0.080772,0.024762,-0.063004,0.466282,0.156697,-0.870647,-0.01309,0.985301,0.170322,0.884539,-0.068021,0.461479,0.000126,0.001488,0.001738,0.000791,-0.014355,0.024991,-1.081003
636,0.163417,-0.035068,0.309579,-0.368854,-0.17733,-0.91244,-0.060524,-0.974967,0.21389,-0.927073,0.134332,0.350026,0.000139,0.001601,0.001867,-0.0,-0.0,-0.0,-1.918127,-0.146658,-0.028621,0.277645,0.099289,-0.826512,0.554086,0.859304,0.351873,0.371101,-0.501812,0.440309,0.74443,-0.063592,0.000894,-0.036527,-0.105021,0.056151,0.316284,-1.410328,0.053312,0.027602,-0.029916,-0.04791,0.861589,0.505339,-0.855177,-0.296796,0.424951,0.516116,-0.411795,0.751031,-0.038976,-0.00486,-0.012671,-0.216134,0.229264,0.153349,-0.962886,0.080768,0.024776,-0.062972,0.466243,0.15662,-0.870682,-0.013008,0.98531,0.170274,0.88456,-0.068064,0.461431,0.000123,-0.004575,0.005275,-0.035627,0.012641,-0.018477,-1.079859
637,0.163409,-0.035044,0.309639,-0.368807,-0.177257,-0.912473,-0.0606,-0.974974,0.213834,-0.927086,0.134373,0.349974,3.5e-05,0.000407,0.000474,0.0,0.0,0.0,-1.91788,-0.149418,-0.028791,0.277018,0.091663,-0.83252,0.546351,0.85989,0.342748,0.378217,-0.50225,0.436167,0.74657,-0.077455,-0.011212,-0.004399,-0.02358,0.079624,-0.15358,-1.409949,0.051938,0.027523,-0.030239,-0.03986,0.866951,0.496794,-0.855125,-0.286792,0.431867,0.516885,-0.407607,0.752784,-0.038751,-0.004826,-0.001074,8.2e-05,-0.096683,0.053458,-0.964519,0.080764,0.024788,-0.062942,0.466204,0.156544,-0.870716,-0.012926,0.985319,0.170227,0.884582,-0.068105,0.461383,1.4e-05,0.00017,0.000199,8e-06,4e-06,5e-06,-1.07937
638,0.163397,-0.035072,0.309639,-0.36886,-0.177335,-0.912436,-0.060619,-0.974951,0.213933,-0.927064,0.134436,0.350009,-4e-06,-4.6e-05,-5.3e-05,0.0,0.0,0.0,-1.917787,-0.152344,-0.029055,0.277034,0.086334,-0.835505,0.542651,0.855762,0.340964,0.389036,-0.510174,0.431831,0.743712,-0.077724,-0.005788,0.002727,-0.415885,0.470648,0.145436,-1.409899,0.050498,0.027399,-0.030224,-0.036749,0.869882,0.491888,-0.851351,-0.285009,0.440421,0.523307,-0.402585,0.751048,-0.03888,-0.002463,0.002015,-0.017577,0.097514,-0.13355,-0.97007,0.080757,0.024772,-0.062944,0.466248,0.156627,-0.870677,-0.012919,0.985302,0.170329,0.884559,-0.068167,0.461418,-5e-06,-5.7e-05,-6.5e-05,0.0,-1.5e-05,2e-05,-1.079533
639,0.163409,-0.035072,0.309639,-0.368848,-0.177315,-0.912445,-0.060627,-0.974955,0.213912,-0.927068,0.134434,0.349999,7.2e-05,0.000826,0.000962,0.0,0.0,0.0,-1.917456,-0.155196,-0.029142,0.277215,0.080483,-0.839233,0.537775,0.855248,0.335121,0.395196,-0.511982,0.429167,0.744012,-0.062247,-0.001795,0.0058,-0.014711,0.067257,-0.112243,-1.410243,0.049073,0.027355,-0.030126,-0.028897,0.872703,0.487394,-0.849457,-0.278445,0.448206,0.526864,-0.401069,0.749371,-0.031134,-0.000771,0.003133,0.013723,0.056359,-0.127054,-0.964029,0.080763,0.024769,-0.062948,0.466238,0.156606,-0.870686,-0.01291,0.985305,0.170309,0.884564,-0.068164,0.461409,4.9e-05,0.000558,0.000648,-9e-06,-2e-06,1.4e-05,-1.077573
640,0.163421,-0.035067,0.309645,-0.368825,-0.177278,-0.912461,-0.060641,-0.974963,0.213874,-0.927076,0.134428,0.349979,6.2e-05,0.000715,0.000833,0.0,0.0,0.0,-1.917963,-0.156478,-0.029075,0.277266,0.078704,-0.840931,0.53538,0.853737,0.334024,0.399368,-0.514769,0.426687,0.743515,-0.062232,-0.001345,0.006286,-0.023427,0.062063,-0.080423,-1.410076,0.048402,0.027394,-0.030097,-0.02724,0.874128,0.484929,-0.847716,-0.277282,0.452207,0.529749,-0.398764,0.748566,-0.031657,0.004781,-0.001021,0.041955,0.055086,-0.100332,-0.964355,0.080769,0.024772,-0.062944,0.46622,0.156567,-0.870703,-0.012892,0.985312,0.170272,0.884574,-0.06816,0.46139,5e-05,0.000561,0.000654,-1.1e-05,6e-06,-7e-06,-1.077573
641,0.163433,-0.035064,0.309664,-0.371038,-0.175519,-0.911904,-0.060563,-0.97531,0.212306,-0.926196,0.134214,0.352385,3.8e-05,0.000442,0.000515,0.000245,0.000886,0.000501,-1.91783,-0.159046,-0.028758,0.27717,0.065522,-0.845461,0.529993,0.850902,0.324652,0.412916,-0.52125,0.424969,0.739975,-0.063186,0.008375,-0.004047,-0.334117,0.336091,0.197849,-1.40997,0.047094,0.027557,-0.030136,-0.015564,0.878036,0.478341,-0.844557,-0.267633,0.463784,0.535238,-0.396768,0.745716,-0.031595,0.004154,-0.002023,-0.481126,0.433388,0.239314,-0.966968,0.080775,0.024775,-0.062933,0.468522,0.154895,-0.869766,-0.0128,0.985596,0.168628,0.883358,-0.067873,0.463757,2.5e-05,0.000281,0.000326,-0.004373,-0.009486,-0.004656,-1.077574
642,0.163435,-0.035063,0.309696,-0.371101,-0.175609,-0.911861,-0.060578,-0.975285,0.212418,-0.92617,0.134279,0.352429,2.5e-05,0.00029,0.000338,0.0,0.0,0.0,-1.918071,-0.161366,-0.028095,0.276696,0.059573,-0.847462,0.527494,0.848308,0.321381,0.420738,-0.52616,0.423467,0.737356,-0.064094,0.018296,-0.014074,-0.0058,0.110414,-0.028489,-1.410405,0.045958,0.027883,-0.030366,-0.008212,0.879416,0.475983,-0.840821,-0.263716,0.47273,0.54125,-0.396334,0.741597,-0.032547,0.014692,-0.011082,0.068166,0.08867,-0.020262,-0.965335,0.080776,0.024776,-0.062916,0.468489,0.155046,-0.869757,-0.012786,0.985566,0.168803,0.883376,-0.067962,0.463709,1.4e-05,0.000168,0.000197,-6e-06,-0.000215,-0.00016,-1.076594
643,0.163436,-0.035062,0.309729,-0.37101,-0.175467,-0.911926,-0.06068,-0.975307,0.212291,-0.926199,0.13431,0.352339,8.9e-05,0.001021,0.00119,0.0,0.0,0.0,-1.918027,-0.162477,-0.027615,0.276274,0.053513,-0.847214,0.528541,0.846116,0.319439,0.42659,-0.530316,0.425433,0.733236,-0.049509,0.028456,-0.02553,-0.143619,0.27567,0.124986,-1.410072,0.045397,0.028122,-0.030568,-0.002962,0.879109,0.476609,-0.838621,-0.261798,0.477677,0.544706,-0.39828,0.738015,-0.032503,0.013944,-0.012169,-0.241056,0.356612,0.167464,-0.965662,0.080777,0.024775,-0.062902,0.468412,0.154898,-0.869825,-0.012672,0.985587,0.168689,0.883419,-0.067994,0.463623,5.5e-05,0.000658,0.000767,6.2e-05,-5.4e-05,-4.4e-05,-1.07594
644,0.163429,-0.035074,0.309828,-0.371077,-0.175554,-0.911882,-0.060817,-0.975264,0.212447,-0.926164,0.134504,0.352359,0.000145,0.001676,0.001951,0.0,0.0,0.0,-1.91799,-0.164625,-0.026319,0.274996,0.036526,-0.846456,0.531196,0.840537,0.313403,0.441825,-0.540508,0.431404,0.722222,-0.05133,0.047829,-0.045932,-0.188899,0.372318,0.251295,-1.410161,0.044324,0.028764,-0.031198,0.013975,0.877854,0.478722,-0.832088,-0.255277,0.492404,0.554466,-0.40522,0.726885,-0.025166,0.017946,-0.01941,-0.331497,0.375805,0.465625,-0.962069,0.080773,0.024768,-0.062853,0.468468,0.154992,-0.869778,-0.012555,0.985559,0.168862,0.883391,-0.068186,0.463649,8.4e-05,0.000988,0.001148,0.000825,-0.014351,0.024958,-1.074798
645,0.163423,-0.035068,0.309946,-0.370957,-0.175359,-0.911968,-0.061062,-0.975278,0.212312,-0.926196,0.134657,0.352216,0.000125,0.001436,0.001671,0.0,0.0,0.0,-1.917808,-0.16659,-0.024788,0.273234,0.016648,-0.84587,0.533122,0.834415,0.305398,0.458713,-0.550844,0.43826,0.710185,-0.035741,0.045214,-0.051506,-0.18241,0.350499,0.279038,-1.409678,0.043321,0.029547,-0.032096,0.034404,0.876578,0.480027,-0.824907,-0.246255,0.508809,0.56422,-0.413483,0.714623,-0.017848,0.022351,-0.026062,-0.181964,0.356267,0.278827,-0.95815,0.080771,0.024773,-0.062792,0.468368,0.154788,-0.869868,-0.012299,0.985581,0.168756,0.883447,-0.068342,0.463518,7.4e-05,0.00088,0.001024,0.005403,-0.098911,0.172444,-1.076104
646,0.163427,-0.035044,0.310005,-0.370899,-0.175266,-0.91201,-0.061146,-0.975289,0.212235,-0.926214,0.134695,0.352155,0.000163,0.001877,0.002183,0.0,0.0,0.0,-1.917943,-0.167453,-0.024013,0.27226,0.007429,-0.846119,0.532934,0.831833,0.300884,0.466322,-0.554923,0.440899,0.705359,-0.051174,0.043623,-0.052012,-0.145585,0.225984,0.394412,-1.409546,0.042909,0.029916,-0.032566,0.043332,0.876492,0.479461,-0.821993,-0.241495,0.515759,0.567846,-0.416463,0.710006,-0.017834,0.021574,-0.027181,-0.259818,0.429832,0.291558,-0.951292,0.080772,0.024783,-0.062764,0.468329,0.154708,-0.869903,-0.012216,0.98559,0.168705,0.883469,-0.068383,0.46347,5.1e-05,0.000615,0.000713,3.1e-05,-0.0,-1e-06,-1.074798
647,0.163455,-0.035018,0.310083,-0.370804,-0.175111,-0.912078,-0.061277,-0.97531,0.212105,-0.926243,0.13475,0.352057,0.000108,0.001246,0.001448,0.0,0.0,0.0,-1.91799,-0.168994,-0.022616,0.270343,-0.010545,-0.843894,0.536398,0.826973,0.294078,0.479133,-0.562064,0.449688,0.694066,-0.034736,0.032487,-0.045822,-0.27904,0.430574,0.283594,-1.410126,0.042145,0.030604,-0.033514,0.060266,0.874043,0.482094,-0.817044,-0.234254,0.526843,0.573416,-0.425643,0.700014,-0.017347,0.015786,-0.023513,0.084562,0.107588,0.044722,-0.954068,0.080786,0.024798,-0.062724,0.468242,0.154528,-0.869982,-0.012064,0.985615,0.168574,0.883517,-0.068438,0.46337,6.9e-05,0.000814,0.000944,0.000793,-0.014337,0.024982,-1.07692
648,0.163456,-0.035017,0.310116,-0.37079,-0.175085,-0.912088,-0.061336,-0.975308,0.212097,-0.926245,0.134799,0.352034,6e-06,6.6e-05,7.7e-05,0.0,0.0,0.0,-1.917643,-0.170231,-0.021645,0.268985,-0.019977,-0.844465,0.53523,0.824753,0.288553,0.486265,-0.565048,0.452196,0.690002,-0.033709,0.026306,-0.030883,-0.005139,0.118916,0.053607,-1.409652,0.041514,0.031095,-0.034227,0.071542,0.873902,0.480807,-0.813625,-0.227709,0.534941,0.57697,-0.429467,0.694739,-0.008658,0.007876,-0.011808,-0.034281,0.118804,0.069801,-0.95815,0.080787,0.024801,-0.062705,0.46823,0.154501,-0.869993,-0.012005,0.985615,0.168573,0.883524,-0.068487,0.46335,-2e-06,-9e-06,-8e-06,1.2e-05,4e-06,-1.9e-05,-1.07741
649,0.163478,-0.035035,0.310095,-0.3708,-0.175095,-0.912082,-0.061332,-0.975306,0.212108,-0.926241,0.134801,0.352043,0.015215,-0.001323,-0.001748,0.000984,-0.014715,0.029553,-1.918019,-0.171177,-0.0211,0.268425,-0.026522,-0.843335,0.536726,0.826542,0.283356,0.486284,-0.562147,0.457572,0.688826,-0.016338,0.010093,-0.007892,0.021074,0.118049,-0.173846,-1.409883,0.041028,0.031375,-0.034522,0.078066,0.87264,0.482083,-0.815457,-0.222291,0.534429,0.573527,-0.434839,0.694248,-0.008152,0.005323,-0.003535,0.030669,0.108768,-0.181464,-0.959293,0.080792,0.024792,-0.062714,0.468249,0.154534,-0.869977,-0.012021,0.98561,0.168603,0.883514,-0.06849,0.463368,-5.2e-05,-0.000595,-0.000692,8e-06,-1.4e-05,1e-05,-1.077737
650,0.163511,-0.035047,0.31008,-0.370788,-0.175068,-0.912092,-0.061341,-0.975311,0.212081,-0.926245,0.134797,0.352032,-5.2e-05,-0.000606,-0.000705,0.0,0.0,0.0,-1.917659,-0.171632,-0.021056,0.268447,-0.032946,-0.841843,0.538708,0.827185,0.279426,0.487463,-0.560852,0.462717,0.686441,-0.030844,6.3e-05,0.00345,-0.033381,0.161226,-0.207703,-1.409973,0.040813,0.031397,-0.034512,0.084602,0.871093,0.483776,-0.815784,-0.218228,0.535605,0.572135,-0.43997,0.692161,-0.007689,0.000805,0.00199,0.005958,0.017847,-0.025179,-0.960763,0.080814,0.024785,-0.062724,0.468229,0.154485,-0.869997,-0.011999,0.985618,0.168558,0.883525,-0.068484,0.463349,-3.4e-05,-0.000392,-0.000457,8e-06,-0.0,1.4e-05,-1.0779
651,0.163773,-0.035072,0.310047,-0.372714,-0.172821,-0.911736,-0.061428,-0.975753,0.210009,-0.925464,0.134488,0.354198,0.015289,-0.000483,-0.000777,0.100468,0.347588,0.234041,-1.917517,-0.172373,-0.021154,0.268911,-0.036468,-0.839951,0.541428,0.828386,0.277506,0.48652,-0.558853,0.467297,0.684967,-0.0144,-0.005571,0.017563,-0.036694,0.010557,-0.023026,-1.409527,0.040436,0.03135,-0.034286,0.087857,0.869215,0.486565,-0.817123,-0.21648,0.53427,0.569727,-0.444523,0.691237,-0.007199,-0.002517,0.009176,-0.050238,0.122053,-0.18847,-0.963049,0.08094,0.024771,-0.062742,0.468742,0.15343,-0.869907,-0.011762,0.985796,0.167532,0.883256,-0.068297,0.463888,2e-06,-1e-06,-4e-06,0.207237,0.633331,0.344071,-1.075124
652,0.164462,-0.035069,0.310007,-0.381261,-0.172242,-0.908305,-0.072049,-0.973965,0.214877,-0.921198,0.147574,0.360059,0.030588,-0.000814,-0.001406,-0.034723,0.00322,0.080686,-1.917735,-0.172886,-0.021276,0.269741,-0.043284,-0.838941,0.54249,0.831928,0.270266,0.484546,-0.553065,0.473328,0.685523,-0.014296,-0.002111,0.02232,0.052328,0.007561,-0.239957,-1.409709,0.04018,0.031291,-0.033869,0.094923,0.868035,0.487344,-0.820455,-0.209033,0.532126,0.563775,-0.450355,0.692341,0.000548,-0.000857,0.010636,0.10503,-0.138991,-0.096853,-0.965825,0.081278,0.024773,-0.06276,0.47865,0.152353,-0.864685,-0.001733,0.984991,0.172591,0.878003,-0.081112,0.47173,0.00765,-0.00019,-0.000343,-0.145367,0.014731,0.070753,-1.075124
653,0.165001,-0.03509,0.309975,-0.388645,-0.172589,-0.905104,-0.071297,-0.973722,0.216229,-0.918158,0.148775,0.367257,0.030552,-0.001241,-0.001924,-0.033898,0.278586,-0.274168,-1.917515,-0.173009,-0.021342,0.270266,-0.050805,-0.838666,0.542264,0.835661,0.261494,0.482933,-0.546752,0.478726,0.686838,-0.014209,0.000805,0.02632,0.119552,-0.007712,0.045789,-1.409803,0.040118,0.031255,-0.03361,0.10193,0.867488,0.486902,-0.824078,-0.200533,0.529794,0.55723,-0.455247,0.694438,0.000593,0.000908,0.013061,0.31355,0.137768,0.30801,-0.967295,0.081536,0.024764,-0.062775,0.485192,0.152362,-0.86103,-0.002417,0.984931,0.172924,0.874403,-0.08182,0.478249,0.015306,-0.00075,-0.001117,-0.559828,1.486834,-2.175312,-1.07692
654,0.166721,-0.035022,0.309831,-0.409513,-0.161743,-0.897877,-0.092599,-0.971707,0.217217,-0.907102,0.172291,0.38407,0.061052,0.009693,-0.011006,-0.085867,0.703146,-0.580507,-1.917308,-0.173036,-0.021495,0.271494,-0.049143,-0.839889,0.54052,0.839242,0.258561,0.478281,-0.541396,0.478175,0.691449,0.00209,-0.008959,0.034577,0.161206,-0.241425,-0.166662,-1.409683,0.040099,0.031187,-0.032992,0.101221,0.86841,0.485404,-0.827232,-0.197576,0.525975,0.552666,-0.454782,0.698377,0.001029,-0.004327,0.017509,0.306827,-0.239869,-0.402017,-0.97154,0.082396,0.024793,-0.062844,0.505364,0.143182,-0.850944,0.018708,0.984087,0.176695,0.862703,-0.105215,0.494643,0.022987,-0.000431,-0.00093,-0.533118,1.683799,-2.012565,-1.077247
655,0.169597,-0.034735,0.309469,-0.43416,-0.160934,-0.88637,-0.089396,-0.97136,0.220092,-0.895868,0.174987,0.408445,0.091578,0.009442,-0.012185,0.167505,0.515833,0.29163,-1.917516,-0.172915,-0.021814,0.272754,-0.056957,-0.839859,0.5398,0.841936,0.250039,0.478078,-0.536414,0.482751,0.692152,0.002047,-0.010331,0.032575,-0.067532,-0.010921,0.011163,-1.410016,0.04016,0.031033,-0.032355,0.107805,0.868319,0.484147,-0.830104,-0.189367,0.524468,0.547087,-0.458433,0.700381,0.000999,-0.005313,0.016095,-0.086698,-0.000521,0.016292,-0.976765,0.083823,0.024937,-0.063024,0.528157,0.145603,-0.836569,0.014865,0.983452,0.180552,0.849015,-0.107796,0.517253,0.04579,0.004708,-0.006147,0.237806,0.744458,0.364103,-1.094719
656,0.173249,-0.034322,0.309015,-0.459136,-0.160928,-0.873694,-0.085078,-0.970971,0.223494,-0.883731,0.17714,0.433207,0.106816,0.010533,-0.011747,0.100789,0.44646,0.004655,-1.917606,-0.172691,-0.022169,0.273966,-0.064204,-0.837291,0.542966,0.849009,0.239979,0.470667,-0.524303,0.492242,0.694743,0.017439,-0.009244,0.032339,0.101912,-0.043297,0.077374,-1.409917,0.040266,0.030852,-0.031752,0.115067,0.865658,0.487231,-0.837151,-0.179527,0.516668,0.534729,-0.467338,0.704029,0.001005,-0.004989,0.016482,0.295425,0.123727,0.285737,-0.979541,0.085643,0.025142,-0.063251,0.552225,0.146605,-0.820703,0.010361,0.983133,0.182593,0.83363,-0.109336,0.541392,0.045775,0.00542,-0.005547,0.057234,0.605513,-0.148612,-1.099944
657,0.175287,-0.034119,0.308811,-0.473316,-0.156996,-0.866816,-0.088573,-0.970522,0.224083,-0.875859,0.183027,0.44654,0.106768,0.011035,-0.011442,-0.577143,2.101261,-2.019058,-1.918022,-0.172552,-0.022322,0.274566,-0.059677,-0.837296,0.543475,0.850901,0.241862,0.466266,-0.521771,0.49131,0.697304,0.002027,-0.010692,0.031933,0.00297,-0.181579,0.130376,-1.409818,0.040341,0.030778,-0.031448,0.110335,0.865886,0.48792,-0.83949,-0.181609,0.512127,0.532055,-0.46611,0.706865,0.008682,-0.005151,0.015427,-0.053787,-0.051352,-0.019241,-0.980195,0.086662,0.025244,-0.063353,0.563344,0.142395,-0.813859,0.014389,0.983196,0.181982,0.826096,-0.114229,0.551829,0.053394,0.005585,-0.005701,0.266551,0.85746,0.318193,-1.105659
658,0.179672,-0.033812,0.308499,-0.496685,-0.155625,-0.853892,-0.089837,-0.969293,0.22885,-0.862672,0.190564,0.468519,0.106997,0.00162,-0.00182,-0.158933,0.841586,-0.622701,-1.917536,-0.172268,-0.022659,0.2756,-0.058029,-0.837575,0.543224,0.854685,0.239375,0.460594,-0.515741,0.492054,0.701254,0.001971,-0.01275,0.029077,0.016609,-0.082417,-0.038279,-1.409709,0.040484,0.030607,-0.030918,0.108805,0.866256,0.487608,-0.843274,-0.179297,0.506695,0.526354,-0.466318,0.710983,0.000964,-0.006479,0.014397,-0.019716,-0.063072,-0.027563,-0.973336,0.088854,0.0254,-0.063513,0.586852,0.143604,-0.796857,0.014818,0.982076,0.187897,0.809557,-0.122076,0.574206,0.061027,0.006481,-0.005239,-0.665866,1.899451,-2.073485,-1.105496
659,0.184264,-0.033531,0.308329,-0.519933,-0.154066,-0.840225,-0.091239,-0.96796,0.233883,-0.848695,0.19845,0.490267,0.12186,0.014439,-0.009334,0.214661,0.688292,0.263179,-1.917845,-0.171926,-0.022848,0.276527,-0.062434,-0.833957,0.548279,0.859975,0.233702,0.453609,-0.506345,0.500862,0.701866,0.016476,-0.000269,0.021088,0.322387,0.180058,0.311892,-1.409974,0.040649,0.030511,-0.030465,0.112864,0.862787,0.492808,-0.848491,-0.174396,0.499649,0.517034,-0.474535,0.712384,0.008217,-0.000434,0.010116,1.007699,0.863426,0.988392,-0.967131,0.091145,0.025536,-0.063595,0.607193,0.145929,-0.781037,0.015361,0.980649,0.195166,0.794404,-0.130501,0.593203,0.06112,0.00198,-0.000252,0.007751,0.151172,-0.048507,-1.106476
660,0.1885,-0.033298,0.308284,-0.542445,-0.16031,-0.824681,-0.091284,-0.964568,0.247482,-0.834464,0.209719,0.509621,0.106889,0.004848,0.000717,0.019598,0.553199,-0.114135,-1.917823,-0.171522,-0.022961,0.277374,-0.063196,-0.833922,0.548244,0.863021,0.230078,0.449658,-0.501038,0.502599,0.704428,0.016432,-0.00138,0.019529,0.03227,-0.085202,-0.013758,-1.409956,0.040857,0.030455,-0.030032,0.114029,0.862722,0.492652,-0.851692,-0.170414,0.495558,0.511484,-0.476096,0.715342,0.0082,-0.000714,0.009728,-0.001193,-0.066666,-0.003616,-0.967784,0.093269,0.025656,-0.063622,0.628184,0.153087,-0.762855,0.014171,0.978039,0.207938,0.777935,-0.141434,0.612219,0.053445,0.00198,-0.000227,-0.131569,1.175177,-0.746655,-1.098638
661,0.19047,-0.033203,0.308283,-0.553248,-0.169462,-0.815625,-0.087286,-0.961911,0.258997,-0.827765,0.214687,0.518403,0.106851,0.004987,0.000608,-0.263285,0.673328,-0.904371,-1.917741,-0.171295,-0.022984,0.277753,-0.060745,-0.833239,0.549558,0.864161,0.231501,0.446729,-0.499378,0.503078,0.705264,0.016429,-0.001073,0.019907,0.255256,0.477723,-0.541683,-1.4096,0.04097,0.030443,-0.029844,0.111776,0.862261,0.493974,-0.85287,-0.171883,0.493018,0.510016,-0.476404,0.716185,0.008198,-0.000596,0.009871,0.2634,0.548115,-0.596785,-0.969254,0.094253,0.025704,-0.063622,0.637976,0.161782,-0.752869,0.009384,0.975975,0.217676,0.769998,-0.145937,0.621131,0.045839,0.001821,-0.00017,-0.900332,1.593361,-2.298752,-1.093413
662,0.193961,-0.033064,0.308294,-0.567586,-0.183594,-0.802611,-0.079909,-0.95794,0.275568,-0.818744,0.220767,0.530046,0.076284,0.003731,0.000289,-0.007242,0.126323,-0.195928,-1.917921,-0.170797,-0.022988,0.278505,-0.061524,-0.833192,0.549543,0.86735,0.227671,0.442498,-0.493722,0.504905,0.707935,0.016409,-0.000949,0.020002,0.070113,-0.137336,-0.016812,-1.409793,0.041207,0.030441,-0.029483,0.112767,0.86196,0.494275,-0.856005,-0.168307,0.488802,0.504518,-0.478223,0.718862,7.8e-05,0.004752,0.006296,0.170257,-0.176698,-0.090419,-0.977418,0.095982,0.025773,-0.063615,0.649808,0.177851,-0.738997,0.000268,0.972186,0.234207,0.760097,-0.152388,0.631687,0.038139,0.002084,0.000344,-0.014564,0.199813,-0.346153,-1.098148
663,0.196661,-0.032934,0.308278,-0.572032,-0.189642,-0.798036,-0.075895,-0.956501,0.281634,-0.816023,0.2219,0.533754,0.076273,0.002817,-0.001036,-0.00752,0.125931,-0.196145,-1.917698,-0.170309,-0.023047,0.279253,-0.062305,-0.833149,0.54952,0.870457,0.223868,0.438317,-0.488124,0.506678,0.710546,0.016385,-0.001174,0.019641,0.029782,-0.082472,-0.011419,-1.409894,0.041463,0.030411,-0.029094,0.113191,0.862046,0.494028,-0.859311,-0.164668,0.484219,0.49877,-0.479333,0.722127,0.008181,-0.000556,0.009854,0.005658,-0.068463,-0.004125,-0.980848,0.097389,0.025843,-0.063621,0.65348,0.184796,-0.734039,-0.004712,0.970715,0.240185,0.756928,-0.153497,0.635214,0.038136,0.001339,-0.00065,-0.006055,0.125191,-0.197613,-1.092433
664,0.19784,-0.032897,0.308252,-0.572571,-0.190182,-0.797521,-0.075519,-0.956361,0.282211,-0.81568,0.222045,0.534219,0.06102,0.002133,-0.001061,-0.002316,0.040893,-0.053742,-1.917564,-0.170044,-0.023076,0.279701,-0.059923,-0.832542,0.550704,0.87152,0.225211,0.435509,-0.486529,0.50708,0.711353,0.016396,0.000226,0.021448,-0.01016,-0.05655,0.043903,-1.409773,0.041583,0.030394,-0.028889,0.110656,0.861593,0.495391,-0.860616,-0.166236,0.481357,0.497086,-0.479607,0.723106,0.008188,0.00016,0.010781,-0.04287,-0.042509,0.052686,-0.980194,0.097933,0.025859,-0.063635,0.653929,0.185456,-0.733473,-0.005213,0.970571,0.240758,0.756537,-0.153614,0.635651,0.022885,0.0007,-0.000553,-0.001974,0.055141,-0.084507,-1.095372
665,0.19959,-0.03284,0.308212,-0.572249,-0.193211,-0.797023,-0.075949,-0.955195,0.286018,-0.815866,0.22444,0.532932,0.045761,0.001805,-0.000661,-0.000114,-0.050269,0.083002,-1.917421,-0.169591,-0.023165,0.280684,-0.056883,-0.835061,0.5472,0.875866,0.221185,0.428801,-0.479036,0.504702,0.718097,0.0173,-0.009018,0.03195,0.04059,-0.132678,-0.038899,-1.409476,0.041816,0.030351,-0.028396,0.107686,0.86404,0.491769,-0.865149,-0.162261,0.47454,0.489817,-0.476555,0.73005,0.000529,0.000863,0.012475,0.054111,-0.124823,-0.053975,-0.976276,0.098837,0.025887,-0.063657,0.653281,0.188703,-0.733222,-0.005234,0.969544,0.24486,0.757097,-0.156125,0.634372,0.015255,0.000583,-0.000272,0.021648,-0.117235,0.234045,-1.09227
666,0.200667,-0.032812,0.30821,-0.574034,-0.194808,-0.795349,-0.076244,-0.954359,0.288717,-0.814582,0.226611,0.533976,0.015253,0.000651,-0.000184,0.000984,-0.014716,0.029552,-1.917849,-0.169263,-0.023398,0.281829,-0.051841,-0.8383,0.542731,0.88083,0.217567,0.420399,-0.470436,0.50089,0.726403,0.001075,0.001621,0.024724,0.38409,-0.438391,-0.279838,-1.409689,0.041986,0.030234,-0.027817,0.104399,0.866595,0.487968,-0.869323,-0.158815,0.468032,0.483091,-0.473064,0.736771,0.000968,-0.005017,0.016077,-0.079408,-0.024207,-0.008689,-0.979868,0.099386,0.025901,-0.063659,0.654882,0.190326,-0.731371,-0.005283,0.968897,0.247408,0.755712,-0.158159,0.635519,0.007626,0.000327,-0.000111,0.009672,-0.116352,0.204013,-1.09227
667,0.201022,-0.032805,0.308211,-0.573639,-0.194136,-0.795798,-0.076704,-0.954515,0.288079,-0.814818,0.22653,0.533651,0.015252,0.000662,-0.000179,0.000984,-0.014715,0.029553,-1.917882,-0.169179,-0.023596,0.282449,-0.047796,-0.839678,0.540968,0.882061,0.218514,0.417317,-0.468562,0.498157,0.729488,0.001973,-0.00988,0.032313,0.345407,-0.425147,-0.295207,-1.409852,0.042028,0.030136,-0.027498,0.100021,0.868118,0.486174,-0.870821,-0.159991,0.464835,0.481316,-0.469865,0.739974,0.000966,-0.004929,0.016167,0.285513,-0.387601,-0.276633,-0.974643,0.099564,0.025905,-0.063658,0.654564,0.189601,-0.731844,-0.004765,0.969056,0.246794,0.75599,-0.158055,0.635213,0.007626,0.000331,-0.000105,0.001604,-0.015052,0.029641,-1.092596
668,0.201502,-0.032767,0.308225,-0.573942,-0.194067,-0.795596,-0.077403,-0.954315,0.288555,-0.814538,0.227431,0.533695,0.015233,0.001273,0.000522,0.007337,-0.114448,0.201515,-1.917737,-0.169159,-0.024029,0.283718,-0.037514,-0.84292,0.536721,0.885345,0.220903,0.409023,-0.463291,0.491575,0.737278,-0.013325,-0.01069,0.032801,0.157216,-0.223622,-0.185579,-1.40993,0.042043,0.029923,-0.026875,0.08856,0.87187,0.481662,-0.875219,-0.162752,0.455523,0.475549,-0.461901,0.748665,0.000962,-0.005142,0.015851,0.215821,-0.291582,-0.193188,-0.97399,0.099804,0.025923,-0.063653,0.654896,0.189679,-0.731526,-0.004215,0.96889,0.247453,0.755706,-0.158973,0.635322,-1.1e-05,0.000388,0.000438,0.000368,-0.000247,2.1e-05,-1.093739
669,0.201696,-0.032743,0.308288,-0.574635,-0.194653,-0.794953,-0.077739,-0.953937,0.28971,-0.814017,0.228513,0.534027,-2.8e-05,0.000935,0.001085,-0.0,-0.0,-0.0,-1.917058,-0.169356,-0.024552,0.284927,-0.023109,-0.847296,0.530609,0.890265,0.223901,0.396522,-0.454748,0.4826,0.748442,-0.01336,-0.01349,0.029122,0.413605,-0.467842,-0.398649,-1.409795,0.041945,0.029667,-0.026264,0.075435,0.875992,0.476389,-0.880063,-0.166134,0.444845,0.468825,-0.45281,0.758396,0.000946,-0.006268,0.014371,-0.006992,-0.099937,-0.066792,-0.977745,0.099907,0.025935,-0.063621,0.655469,0.190318,-0.730848,-0.003997,0.968587,0.248642,0.755211,-0.160056,0.635639,-2.1e-05,0.000695,0.000801,0.000417,-0.000417,0.000319,-1.095209
670,0.20172,-0.032735,0.308438,-0.574038,-0.193771,-0.795599,-0.078518,-0.954101,0.28896,-0.814364,0.228578,0.533471,-9.5e-05,0.003127,0.003627,0.000921,-0.014443,0.024922,-1.917808,-0.169749,-0.025166,0.286037,-0.011468,-0.852472,0.522638,0.893691,0.225578,0.387769,-0.448445,0.472585,0.758566,-0.013388,-0.015346,0.026694,0.099921,-0.152603,-0.167429,-1.409005,0.041743,0.029355,-0.025698,0.061613,0.881695,0.467778,-0.884799,-0.168631,0.434387,0.461879,-0.440654,0.769734,-0.006716,-0.007774,0.013222,0.036823,-0.110559,-0.15129,-0.983134,0.099919,0.025935,-0.063551,0.654946,0.189281,-0.731585,-0.003081,0.968782,0.247893,0.755669,-0.160102,0.635083,0.000257,-0.004244,0.005638,-0.029296,-0.089609,0.152196,-1.095046
671,0.201711,-0.032744,0.308555,-0.57365,-0.193205,-0.796017,-0.079065,-0.954193,0.288508,-0.814585,0.228674,0.533092,-0.000104,0.003414,0.003957,0.000921,-0.014438,0.024925,-1.917715,-0.170055,-0.025499,0.286569,-0.004545,-0.857755,0.51403,0.895544,0.225094,0.383754,-0.444868,0.463148,0.766452,-0.0134,-0.015874,0.025997,-0.623324,-2.371848,1.335944,-1.409927,0.041596,0.029194,-0.025442,0.054967,0.88521,0.461932,-0.886942,-0.169196,0.429774,0.458597,-0.433331,0.77583,-0.006722,-0.008002,0.012926,0.40442,-0.528541,-0.186535,-0.983624,0.099914,0.025932,-0.063491,0.654637,0.188679,-0.732017,-0.002491,0.968883,0.247504,0.755938,-0.160202,0.634737,-4.6e-05,0.001396,0.001618,9.1e-05,-2.5e-05,-6.5e-05,-1.095699
672,0.201716,-0.032786,0.308886,-0.572693,-0.191815,-0.797041,-0.080501,-0.954389,0.287458,-0.815118,0.229021,0.532127,0.000462,-0.00664,0.013413,-0.035775,0.010098,-0.019737,-1.917233,-0.170872,-0.026089,0.287751,0.009558,-0.865975,0.499986,0.90001,0.225211,0.37309,-0.435703,0.447505,0.780874,-0.028622,-0.012404,0.031915,0.223748,-0.372059,-0.084677,-1.409428,0.041193,0.02889,-0.024864,0.040558,0.894431,0.445362,-0.891531,-0.168856,0.420308,0.451139,-0.414101,0.790564,-0.006251,-0.011652,0.019403,0.238674,-0.406151,-0.139427,-0.988196,0.099917,0.025915,-0.063329,0.653864,0.187167,-0.733095,-0.000953,0.969122,0.246578,0.75661,-0.16053,0.633853,-8.5e-05,0.002624,0.003033,0.001,-0.014442,0.024896,-1.094392
673,0.201743,-0.032772,0.309297,-0.571964,-0.190762,-0.797818,-0.081735,-0.954496,0.286755,-0.815508,0.229455,0.531342,0.000422,-0.005328,0.014916,-0.028508,-0.103744,0.177341,-1.917479,-0.172037,-0.026597,0.289188,0.013204,-0.873223,0.487134,0.907269,0.215126,0.361272,-0.420286,0.438279,0.79444,-0.043805,-0.009181,0.037372,0.355082,-0.484522,-0.202101,-1.409564,0.040616,0.028634,-0.02415,0.03752,0.900741,0.432731,-0.898438,-0.159178,0.409232,0.437493,-0.404137,0.803287,-0.013851,-0.009667,0.02263,0.282921,-0.379832,-0.378523,-0.989175,0.09993,0.025922,-0.063124,0.653349,0.186174,-0.733807,0.000255,0.969236,0.246131,0.757056,-0.160996,0.633202,-9e-05,0.002718,0.003139,5.2e-05,-8e-06,-3.4e-05,-1.097005
674,0.201779,-0.032762,0.309511,-0.571606,-0.190241,-0.798198,-0.082359,-0.954544,0.286417,-0.815696,0.229687,0.530953,0.000418,-0.005215,0.015039,-0.034855,-0.004324,0.005198,-1.91759,-0.172713,-0.026824,0.290005,0.018525,-0.875436,0.482971,0.908927,0.215857,0.356639,-0.416493,0.433469,0.799063,-0.04374,-0.007596,0.039243,0.112154,-0.244444,-0.032111,-1.409748,0.040278,0.02852,-0.023741,0.030743,0.903249,0.428013,-0.900912,-0.160426,0.403261,0.43291,-0.398,0.808816,-0.013827,-0.008737,0.023747,0.051536,-0.241721,-0.028906,-0.989339,0.099948,0.025928,-0.063015,0.653009,0.185505,-0.734279,0.00099,0.969328,0.245768,0.757349,-0.161216,0.632796,0.007525,0.003104,0.003102,0.007403,-0.114085,0.201692,-1.098148
675,0.201865,-0.032768,0.309972,-0.570754,-0.189003,-0.799101,-0.08382,-0.954662,0.285599,-0.816144,0.230217,0.530034,-0.000177,0.005715,0.006572,0.000919,-0.014378,0.02496,-1.916904,-0.174234,-0.027213,0.291713,0.019164,-0.880565,0.473529,0.914192,0.207065,0.348297,-0.404778,0.42732,0.808342,-0.043603,-0.005312,0.041808,0.477631,-0.12014,0.128451,-1.409659,0.039517,0.028326,-0.022886,0.030477,0.907595,0.418739,-0.905643,-0.152193,0.395787,0.422944,-0.39129,0.817318,-0.021836,-0.002809,0.020742,1.202939,0.078485,1.161155,-0.990318,0.099991,0.025922,-0.06278,0.652338,0.184198,-0.735204,0.002541,0.969481,0.245149,0.757923,-0.161788,0.631962,0.000208,-0.002761,0.007332,-0.029375,-0.089176,0.152479,-1.099128
676,0.201966,-0.032852,0.310516,-0.570023,-0.187959,-0.799869,-0.085391,-0.954665,0.285122,-0.816493,0.231056,0.52913,0.000386,-0.004242,0.016121,-0.034855,-0.004327,0.005197,-1.917573,-0.17585,-0.027423,0.293427,0.01765,-0.882391,0.470178,0.918282,0.200197,0.341486,-0.395478,0.426829,0.81319,-0.043455,-0.003835,0.043307,2.583592,1.850348,4.402328,-1.40965,0.038726,0.028223,-0.022045,0.026089,0.9095,0.414882,-0.909286,-0.15085,0.387869,0.415352,-0.387366,0.823061,-0.021771,-0.002212,0.021329,-0.05783,-0.000744,-0.115569,-0.985093,0.100042,0.025879,-0.062517,0.651757,0.183086,-0.735996,0.004133,0.969553,0.244845,0.758415,-0.162621,0.631156,0.000192,-0.002315,0.007837,-0.034837,-0.00434,0.005171,-1.099454
677,0.202103,-0.032958,0.311078,-0.569351,-0.187003,-0.800571,-0.086969,-0.954627,0.284773,-0.816796,0.231988,0.528255,0.015607,-0.00379,0.015666,-0.03387,-0.019044,0.034749,-1.917161,-0.177307,-0.027423,0.294929,0.022539,-0.886841,0.461516,0.921205,0.197641,0.335043,-0.388377,0.418706,0.8208,-0.028935,0.00722,0.033359,-0.088827,-0.891794,0.258947,-1.409825,0.037975,0.028221,-0.02127,0.027089,0.912901,0.40728,-0.913107,-0.143213,0.38174,0.406819,-0.382231,0.829697,-0.021744,-0.00252,0.020781,-0.739573,-2.403082,1.179731,-0.970887,0.100105,0.025829,-0.062232,0.651222,0.182068,-0.736723,0.005738,0.969584,0.244688,0.758865,-0.163573,0.630369,0.000193,-0.002377,0.007757,-0.034826,-0.004345,0.005197,-1.096515
678,0.202176,-0.033012,0.311343,-0.571002,-0.184719,-0.799925,-0.087831,-0.955026,0.283164,-0.815549,0.23217,0.530098,0.000407,-0.004936,0.015301,-0.021347,0.039215,0.029606,-1.917402,-0.177994,-0.027351,0.295604,0.021902,-0.887635,0.460018,0.923372,0.194223,0.331053,-0.383232,0.418624,0.823256,-0.02893,0.006037,0.031788,0.166201,-0.10181,-0.347949,-1.409304,0.037621,0.028261,-0.020917,0.027471,0.914011,0.404757,-0.915313,-0.139756,0.377716,0.401804,-0.380856,0.832767,-0.014495,0.00298,0.015879,0.192604,-0.118087,-0.354289,-0.968927,0.100147,0.025802,-0.062092,0.653073,0.179774,-0.735646,0.006702,0.970004,0.242994,0.757264,-0.163623,0.632279,0.000197,-0.00251,0.0076,-0.037704,0.014205,0.020898,-1.097169
679,0.202382,-0.033122,0.311911,-0.572397,-0.182068,-0.799536,-0.089455,-0.955359,0.281527,-0.814393,0.232888,0.531558,0.015596,-0.003714,0.015722,-0.027897,0.000295,0.045563,-1.917527,-0.179267,-0.027087,0.296726,0.02824,-0.889883,0.455305,0.924496,0.196334,0.32664,-0.380103,0.412813,0.827629,-0.028938,0.003668,0.0287,0.031045,-0.05783,-0.075516,-1.409595,0.036995,0.028394,-0.020365,0.020574,0.916318,0.39992,-0.916853,-0.142221,0.373031,0.398692,-0.374343,0.837204,-0.014872,0.007398,0.010297,0.04115,-0.053831,-0.057047,-0.973173,0.100244,0.025748,-0.061815,0.654569,0.177201,-0.734941,0.008508,0.970353,0.241538,0.755954,-0.164356,0.633655,0.000189,-0.002335,0.007792,-0.045464,-0.009579,0.007824,-1.097985
680,0.202631,-0.033214,0.312433,-0.577836,-0.175938,-0.796992,-0.091121,-0.956483,0.277143,-0.810354,0.232979,0.537655,0.00042,-0.0054,0.014741,-0.011741,0.070731,0.047058,-1.917041,-0.180384,-0.02668,0.297559,0.020323,-0.891236,0.453075,0.926784,0.186648,0.325834,-0.374991,0.414393,0.829171,-0.029697,0.012828,0.018006,0.068545,0.047115,0.113019,-1.409773,0.036437,0.028594,-0.019944,0.028361,0.917179,0.397463,-0.918687,-0.132796,0.371991,0.393964,-0.375694,0.838835,-0.014877,0.0062,0.00877,0.214579,0.187904,0.387029,-0.981174,0.100369,0.025706,-0.061557,0.660008,0.171469,-0.731427,0.010545,0.971393,0.237239,0.751183,-0.164293,0.63932,0.000193,-0.002471,0.007627,-0.023409,0.067802,0.052282,-1.097985
