frame,MLTx,MLTy,MLTz,MLTR1,MLTR2,MLTR3,MLTR4,MLTR5,MLTR6,MLTR7,MLTR8,MLTR9,MLTTVx,MLTTVy,MLTTVz,MLTRVx,MLTRVy,MLTRVz,MLGA,MRTx,MRTy,MRTz,MRTR1,MRTR2,MRTR3,MRTR4,MRTR5,MRTR6,MRTR7,MRTR8,MRTR9,MRTTVx,MRTTVy,MRTTVz,MRTRVx,MRTRVy,MRTRVz,MRGA,SLTx,SLTy,SLTz,SLTR1,SLTR2,SLTR3,SLTR4,SLTR5,SLTR6,SLTR7,SLTR8,SLTR9,SLTTVx,SLTTVy,SLTTVz,SLTRVx,SLTRVy,SLTRVz,SLGA,SRTx,SRTy,SRTz,SRTR1,SRTR2,SRTR3,SRTR4,SRTR5,SRTR6,SRTR7,SRTR8,SRTR9,SRTTVx,SRTTVy,SRTTVz,SRTRVx,SRTRVy,SRTRVz,SRGA
1004,0.13584,0.010722,0.391,-0.571671,0.653514,-0.496143,-0.816492,-0.512816,0.265204,-0.08041,0.555892,0.827373,0.000262,0.018738,-0.019689,0.11194,0.040148,0.066085,-0.346253,-0.163526,0.025685,0.312236,-0.591874,0.639177,0.49105,-0.506968,-0.768743,0.38981,0.627387,-0.019023,0.778387,6.7e-05,-0.002463,-0.002192,-0.0,0.0,0.0,0.486598,0.040461,0.070697,-0.003974,0.50582,-0.622881,0.596796,0.51021,0.773866,0.375256,-0.695579,0.11468,0.709237,4.2e-05,-0.001472,-0.001313,-0.013212,0.116023,-0.160934,0.473255,0.06954,0.059457,-0.011353,0.638385,-0.630265,-0.441848,0.761332,0.601529,0.24194,0.113298,-0.490844,0.863848,-6e-06,0.004154,-0.005242,0.072377,0.066085,0.026244,-0.452007
1005,0.135889,0.011276,0.390438,-0.582378,0.643338,-0.496988,-0.807602,-0.527781,0.263055,-0.092349,0.553764,0.827553,0.000434,0.019827,-0.019024,0.093278,-0.038932,-0.000932,-0.398156,-0.163509,0.025645,0.312092,-0.591892,0.638777,0.491548,-0.506771,-0.769066,0.389429,0.627529,-0.019397,0.778263,8e-05,-0.002936,-0.002616,-0.0,0.0,0.0,0.485906,0.04047,0.070679,-0.004044,0.505813,-0.622441,0.597259,0.510069,0.774164,0.374832,-0.695688,0.115048,0.709071,-0.000455,0.004164,-0.005142,0.03463,0.005417,-0.005782,0.472602,0.069564,0.059738,-0.011643,0.648086,-0.619193,-0.443376,0.751231,0.615362,0.238702,0.125034,-0.487778,0.863966,0.000229,0.009923,-0.009508,0.090945,-0.039849,-0.002201,-0.508343
1006,0.13592,0.012064,0.389497,-0.603899,0.620613,-0.500191,-0.788554,-0.556709,0.261208,-0.115607,0.551397,0.826211,-0.000194,0.024341,-0.031703,-0.014852,-0.372097,0.059164,-0.497465,-0.163539,0.02564,0.311838,-0.591926,0.638204,0.49225,-0.506614,-0.769525,0.388726,0.627624,-0.020078,0.77817,0.00014,-0.005156,-0.004602,-0.0,0.0,0.0,0.485838,0.040455,0.070678,-0.00417,0.505813,-0.621813,0.597914,0.510005,0.774568,0.374083,-0.695735,0.115723,0.708915,7.8e-05,-0.002719,-0.002428,1.2e-05,2.2e-05,4.3e-05,0.472112,0.069581,0.060132,-0.012096,0.667488,-0.595501,-0.447031,0.729825,0.642288,0.234137,0.147694,-0.482539,0.863332,-5.3e-05,0.012338,-0.015755,-0.085338,-0.466359,-0.249605,-0.568597
1007,0.135997,0.012511,0.388826,-0.610211,0.613591,-0.501191,-0.782333,-0.566498,0.258857,-0.124338,0.549291,0.826346,0.012299,0.030037,-0.043972,0.97719,-0.575446,-1.116693,-0.54074,-0.163566,0.025626,0.311628,-0.590268,0.638918,0.493314,-0.506094,-0.768936,0.390564,0.629602,-0.01992,0.776575,-0.000792,0.003693,-0.014432,0.011956,0.022506,0.008441,0.48635,0.040441,0.070675,-0.004272,0.503834,-0.622437,0.598935,0.509161,0.774111,0.376172,-0.697785,0.115426,0.706945,-0.000386,0.001667,-0.007374,0.038992,0.004858,-0.00496,0.472112,0.06962,0.060366,-0.012443,0.673022,-0.587525,-0.449282,0.722912,0.650932,0.231697,0.156325,-0.480729,0.862821,0.006119,0.014714,-0.022167,1.006043,-0.5686,-1.122369,-0.60599
1008,0.135942,0.013343,0.387268,-0.622999,0.596827,-0.505682,-0.768682,-0.586929,0.254192,-0.144322,0.546326,0.825062,-0.014107,0.02662,-0.045381,0.977394,-0.437049,-1.377619,-0.580883,-0.163745,0.025625,0.310896,-0.58696,0.640299,0.495466,-0.505437,-0.76778,0.393676,0.633211,-0.020151,0.773628,-0.015042,0.007521,-0.027543,0.034417,0.050741,-0.020195,0.486599,0.040357,0.070678,-0.004615,0.500171,-0.623556,0.600838,0.508072,0.773206,0.379493,-0.701206,0.115458,0.703547,-0.000298,-0.001524,-0.01025,0.025604,0.031524,-0.019573,0.472602,0.069597,0.060773,-0.013205,0.683713,-0.570875,-0.454574,0.708392,0.668809,0.225553,0.175261,-0.47623,0.861676,-0.00081,0.007523,-0.0186,2.902118,-1.428966,-4.529772,-0.654487
1009,0.135649,0.014232,0.385484,-0.637768,0.57163,-0.516272,-0.751959,-0.607265,0.256436,-0.16614,0.551047,0.817784,-0.001755,0.022896,-0.047872,-0.092314,-0.414125,-0.159726,-0.595017,-0.163937,0.025633,0.309862,-0.581943,0.642501,0.498524,-0.504449,-0.765934,0.39851,0.638605,-0.020369,0.769176,-0.000512,-0.007417,-0.024536,-0.405294,0.353879,0.248951,0.487199,0.040255,0.070683,-0.005143,0.496595,-0.624371,0.602954,0.507418,0.772425,0.38195,-0.704216,0.116276,0.700399,-0.007452,0.001293,-0.016029,0.08212,0.017951,-0.046095,0.473255,0.069445,0.061215,-0.014098,0.697101,-0.544661,-0.466254,0.689033,0.688701,0.225664,0.198199,-0.478575,0.855383,-0.007071,0.017254,-0.028002,-0.168031,-0.564595,-0.22375,-0.674572
1010,0.135631,0.014695,0.38448,-0.642774,0.559681,-0.52311,-0.745976,-0.612667,0.261021,-0.17361,0.557306,0.811971,0.010571,0.019011,-0.050488,-0.261728,-0.709573,-0.264045,-0.604236,-0.16404,0.025602,0.309239,-0.580277,0.642931,0.49991,-0.504183,-0.765556,0.399571,0.640329,-0.020984,0.767725,-0.014929,0.001717,-0.032922,-0.021145,0.09288,0.015347,0.487885,0.040209,0.070667,-0.005443,0.493063,-0.625442,0.604739,0.5062,0.771576,0.385269,-0.707565,0.116157,0.697034,-0.000716,0.001072,-0.016888,-0.035783,0.092355,0.057744,0.473908,0.069432,0.061449,-0.014598,0.70104,-0.533692,-0.472984,0.682729,0.693857,0.229002,0.205967,-0.48346,0.850789,-0.001108,0.009797,-0.024924,0.0491,-0.201065,-0.077281,-0.682084
1011,0.135762,0.015185,0.382339,-0.643431,0.547244,-0.535317,-0.743065,-0.614604,0.26474,-0.183337,0.567434,0.802766,0.00867,0.006899,-0.057927,-0.096705,-0.422475,-0.163292,-0.620151,-0.164217,0.025398,0.308019,-0.575234,0.644525,0.50367,-0.502654,-0.7642,0.404068,0.646054,-0.02154,0.762899,-0.001414,-0.00036,-0.03623,-0.0201,0.094161,0.021176,0.489704,0.040116,0.07056,-0.006063,0.487538,-0.626466,0.608149,0.50416,0.770677,0.389716,-0.712831,0.116603,0.691574,-0.000189,-0.006028,-0.014483,-0.045491,0.100137,0.000151,0.474398,0.0695,0.061709,-0.015659,0.701007,-0.521014,-0.486961,0.679279,0.695761,0.233444,0.217181,-0.494429,0.841647,-0.002139,0.003255,-0.028945,-0.197053,-0.529698,-0.269969,-0.695637
1012,0.13567,0.015178,0.380019,-0.645168,0.533559,-0.546917,-0.738838,-0.618055,0.268511,-0.193961,0.576651,0.793649,-0.005489,-0.0006,-0.062527,-0.18172,-0.526266,-0.285028,-0.608998,-0.164418,0.025191,0.306684,-0.57015,0.646106,0.507413,-0.501229,-0.762843,0.408378,0.651642,-0.022297,0.758108,-0.014909,-0.002208,-0.036846,-0.022037,0.109519,-0.007716,0.493898,0.040014,0.070454,-0.006747,0.481988,-0.62748,0.611519,0.502272,0.769751,0.39396,-0.71792,0.117265,0.686176,-0.007432,-0.001195,-0.0185,0.011377,0.087466,-0.025064,0.477664,0.069456,0.061706,-0.016842,0.701734,-0.508314,-0.499184,0.674707,0.699157,0.236534,0.228774,-0.502788,0.833586,-0.002787,-0.000825,-0.031585,-0.273741,-0.635517,-0.314156,-0.698903
1013,0.135628,0.015104,0.378828,-0.647946,0.52652,-0.550443,-0.735668,-0.619899,0.272928,-0.196717,0.581129,0.789695,-0.005868,-0.011426,-0.053884,-0.178863,-0.446727,-0.272556,-0.598206,-0.164542,0.025097,0.30597,-0.566735,0.647349,0.509649,-0.500241,-0.761783,0.411558,0.655369,-0.022509,0.754883,-0.014913,-0.002961,-0.037645,-0.170782,0.223163,0.088831,0.496649,0.039958,0.070408,-0.007089,0.478963,-0.6281,0.613257,0.501221,0.769204,0.39636,-0.720674,0.117536,0.683237,-0.000177,-0.007075,-0.015603,-0.316356,0.298002,0.1645,0.48093,0.069437,0.061667,-0.017422,0.703923,-0.501355,-0.503125,0.671341,0.70094,0.240799,0.231935,-0.507272,0.829988,0.003571,-0.001725,-0.032355,-0.294072,-0.567354,-0.49736,-0.694167
1014,0.135645,0.014731,0.37649,-0.651324,0.517076,-0.555387,-0.731361,-0.62287,0.277697,-0.201539,0.586414,0.784556,-0.006584,-0.015858,-0.057089,-0.035094,-0.19742,-0.184073,-0.596441,-0.164843,0.02493,0.304533,-0.561604,0.648782,0.513492,-0.498838,-0.760531,0.415555,0.66083,-0.023579,0.750074,-0.000428,-0.01384,-0.031155,-0.034323,0.089462,-0.009533,0.500052,0.039802,0.070326,-0.007813,0.47268,-0.629293,0.616897,0.499057,0.768119,0.401165,-0.726301,0.118245,0.677128,-0.007459,-0.001439,-0.018877,0.033464,0.071902,-0.037733,0.486318,0.069445,0.061483,-0.018589,0.706667,-0.491356,-0.509107,0.666463,0.703866,0.245761,0.237587,-0.512972,0.82487,0.003147,-0.008729,-0.029165,-0.07919,-0.372521,-0.004226,-0.686819
1015,0.135342,0.014162,0.374324,-0.650541,0.5158,-0.557487,-0.732053,-0.62136,0.279254,-0.201557,0.589132,0.782512,-0.005907,-0.011347,-0.054629,0.007145,-0.142924,-0.125758,-0.606905,-0.165216,0.024752,0.303084,-0.556451,0.649984,0.517565,-0.49724,-0.759467,0.4194,0.666369,-0.024787,0.745118,-0.015026,-0.00228,-0.037426,-0.054636,0.135237,0.014915,0.500604,0.039621,0.070237,-0.008524,0.467443,-0.629779,0.620382,0.497195,0.767551,0.404552,-0.730953,0.119346,0.67191,-0.007492,-0.00105,-0.018615,-0.108494,0.175991,0.049461,0.489257,0.069291,0.061183,-0.019682,0.705834,-0.490227,-0.511347,0.667235,0.702522,0.247507,0.237898,-0.515887,0.82296,-0.009398,-0.005228,-0.026901,-0.02519,-0.157825,-0.197633,-0.690411
1016,0.134658,0.014265,0.372196,-0.665976,0.507491,-0.546785,-0.722681,-0.620707,0.304017,-0.184285,0.596985,0.780816,-0.016646,0.012359,-0.055006,-0.457727,0.237334,-0.671832,-0.622119,-0.165541,0.024541,0.301812,-0.551247,0.651501,0.521214,-0.495592,-0.758142,0.423726,0.671898,-0.025542,0.740111,-0.001541,0.002005,-0.034821,-0.09765,0.139327,0.098832,0.500457,0.039459,0.070125,-0.009167,0.462102,-0.630593,0.623549,0.495194,0.766776,0.408457,-0.735692,0.120029,0.666594,-0.000261,-0.004936,-0.013889,-0.248088,0.250163,0.127012,0.49089,0.068952,0.061212,-0.020754,0.719748,-0.480001,-0.501558,0.657824,0.702439,0.271745,0.221876,-0.525525,0.821336,-0.014873,0.001834,-0.02232,-1.503452,1.39959,-1.894921,-0.699719
1017,0.134214,0.014608,0.371205,-0.675436,0.501823,-0.540374,-0.7169,-0.61858,0.321535,-0.172076,0.603945,0.778247,-0.02837,0.021209,-0.049015,-1.540238,1.345605,-2.121968,-0.64326,-0.16568,0.024446,0.301278,-0.549505,0.651734,0.522761,-0.494938,-0.757925,0.424878,0.673803,-0.026072,0.738358,-0.014221,-0.008475,-0.025233,-0.014854,0.072947,-0.027844,0.500174,0.039389,0.070075,-0.009449,0.459615,-0.630863,0.625111,0.494178,0.766498,0.410205,-0.73793,0.12038,0.664053,-0.000285,-0.003943,-0.012976,0.022336,0.034913,-0.016783,0.491217,0.068723,0.061383,-0.021274,0.728471,-0.473416,-0.495183,0.651991,0.701004,0.288964,0.210325,-0.533357,0.819324,-0.014046,0.011215,-0.024095,-1.577056,1.275378,-2.127256,-0.709027
1018,0.133335,0.016001,0.369477,-0.682739,0.498955,-0.533813,-0.715622,-0.604202,0.350424,-0.146841,0.620633,0.770246,-0.011966,0.049082,-0.046584,-0.104541,-0.159007,-0.697732,-0.64947,-0.165887,0.024349,0.300303,-0.54422,0.653699,0.525827,-0.493343,-0.756221,0.429739,0.679238,-0.026354,0.733352,-0.015302,0.007722,-0.028191,-0.357045,0.354192,0.242296,0.5001,0.039286,0.07002,-0.009937,0.455934,-0.631387,0.627275,0.493006,0.765951,0.412631,-0.740991,0.121118,0.6605,-0.000342,-0.001274,-0.010461,0.051131,0.011088,-0.037822,0.491217,0.068282,0.062072,-0.022143,0.735807,-0.46869,-0.488791,0.651027,0.688278,0.320057,0.186417,-0.553717,0.81157,-0.005795,0.025485,-0.022655,-0.055818,-0.127678,-0.683877,-0.725192
1019,0.132646,0.018107,0.367997,-0.696103,0.480924,-0.533103,-0.704918,-0.598759,0.380198,-0.135493,0.639851,0.756479,-0.023245,0.05933,-0.039453,-0.227734,-0.420586,-0.618575,-0.652468,-0.165979,0.02436,0.299569,-0.540646,0.654786,0.528156,-0.492284,-0.755261,0.432633,0.682849,-0.026916,0.729969,-0.00079,0.001407,-0.017155,0.008788,0.041202,-0.012738,0.500184,0.039235,0.070026,-0.010302,0.450125,-0.633005,0.629834,0.490633,0.764643,0.417851,-0.7461,0.120932,0.654758,-0.000394,0.001466,-0.007834,0.046049,0.000936,-0.008223,0.491217,0.067953,0.063097,-0.022848,0.746789,-0.451001,-0.488777,0.641108,0.683645,0.348724,0.176875,-0.573782,0.799679,-0.004978,0.030034,-0.019577,-0.485624,-0.780894,-0.706838,-0.728295
1020,0.132388,0.01902,0.367384,-0.70309,0.470489,-0.533245,-0.697658,-0.601648,0.388928,-0.13697,0.644886,0.751923,-0.010893,0.046263,-0.032423,-0.083357,-0.157068,-0.469086,-0.656363,-0.165991,0.024393,0.299324,-0.538844,0.655314,0.529341,-0.491613,-0.754797,0.434203,0.684754,-0.027079,0.728177,0.00013,-0.007465,-0.007247,-0.024497,0.034876,-0.00776,0.500223,0.039229,0.070046,-0.010435,0.448252,-0.633309,0.630863,0.489868,0.764364,0.419257,-0.747729,0.121107,0.652865,-0.000416,0.002594,-0.006745,0.044189,0.001439,-0.008105,0.491054,0.067812,0.063604,-0.023174,0.753595,-0.438066,-0.490093,0.632365,0.68669,0.358567,0.179466,-0.580132,0.794504,-0.005385,0.023363,-0.016048,-0.003636,-0.082997,-0.451615,-0.730744
1021,0.131769,0.020677,0.366075,-0.712146,0.452431,-0.536843,-0.688251,-0.60085,0.406523,-0.137758,0.658422,0.739954,-0.024472,0.042833,-0.034397,-3.245737,1.741489,3.619784,-0.663525,-0.165979,0.024505,0.299012,-0.535213,0.656236,0.531876,-0.489977,-0.753988,0.437445,0.68876,-0.027297,0.724381,0.012708,0.01043,-0.009713,0.007741,-0.003223,0.067144,0.499855,0.03923,0.070095,-0.01059,0.444387,-0.633775,0.633125,0.487856,0.763962,0.422323,-0.751342,0.121199,0.648687,2.6e-05,-0.001103,-0.001074,-0.005259,0.007197,0.007152,0.491054,0.067518,0.064412,-0.023796,0.762896,-0.417415,-0.493713,0.619543,0.690292,0.373715,0.184812,-0.590982,0.785228,-0.005935,0.019936,-0.018265,-0.005863,-0.15555,-0.29185,-0.736949
1022,0.13139,0.02202,0.364534,-0.715182,0.442222,-0.541293,-0.685788,-0.593657,0.420996,-0.134284,0.67175,0.728524,-0.000777,0.028583,-0.044132,-0.1625,-0.445485,-0.205601,-0.646123,-0.165959,0.024498,0.298976,-0.53514,0.654673,0.533872,-0.488818,-0.755313,0.436455,0.68964,-0.028216,0.723507,1e-06,-3.6e-05,-3.5e-05,-7e-06,5e-06,4e-06,0.499954,0.039245,0.070099,-0.010608,0.444449,-0.631972,0.634882,0.487065,0.765296,0.420819,-0.751819,0.122197,0.647947,-0.0,0.000141,0.000136,-0.012343,0.118821,-0.159145,0.49089,0.067318,0.065118,-0.024567,0.763161,-0.410356,-0.49919,0.620821,0.67998,0.390137,0.179344,-0.607646,0.773693,-0.000384,0.014164,-0.022142,-0.254562,-0.569548,-0.23015,-0.734663
1023,0.131635,0.022336,0.362594,-0.715638,0.426669,-0.553047,-0.683276,-0.592044,0.427304,-0.144226,0.683147,0.715917,0.007736,-0.005982,-0.051682,-0.100904,-0.284708,-0.17349,-0.626957,-0.165954,0.024339,0.299129,-0.535112,0.653688,0.535107,-0.487666,-0.756162,0.436273,0.690478,-0.028313,0.722705,-1.1e-05,0.000634,0.000617,-0.0,0.0,0.0,0.499637,0.039247,0.070023,-0.010529,0.444377,-0.630875,0.636023,0.48598,0.766191,0.420445,-0.752564,0.122258,0.64707,0.000478,-0.005513,0.003912,-0.049938,0.131603,-0.175578,0.490727,0.06744,0.065305,-0.025523,0.762515,-0.395187,-0.512247,0.618194,0.678554,0.396735,0.190803,-0.619185,0.76171,0.003969,0.001548,-0.030702,-0.095297,-0.337211,-0.184871,-0.715395
1024,0.13192,0.022143,0.361399,-0.711762,0.421593,-0.561872,-0.686494,-0.587025,0.429068,-0.148061,0.690589,0.707948,0.018926,-0.017217,-0.059632,-0.292186,-0.546519,-0.314631,-0.631546,-0.165947,0.024269,0.299199,-0.536902,0.652526,0.534731,-0.488037,-0.757151,0.434138,0.688825,-0.028691,0.724266,-6e-06,0.000347,0.000337,0.095119,-0.074807,-0.06464,0.499927,0.039251,0.06999,-0.010492,0.446214,-0.629864,0.635738,0.486634,0.766948,0.418302,-0.751052,0.12272,0.648736,-5e-06,0.000208,0.000204,0.122929,-0.096308,-0.083026,0.490727,0.067585,0.065207,-0.026139,0.758231,-0.39204,-0.520949,0.62207,0.67426,0.397996,0.195226,-0.62584,0.755122,0.009319,-0.009651,-0.030521,-0.401444,-0.634751,-0.349336,-0.713599
1025,0.132622,0.021318,0.358669,-0.699869,0.410593,-0.584501,-0.694532,-0.582361,0.422437,-0.166075,0.701093,0.69348,0.016922,-0.02996,-0.069047,0.719385,-2.231293,1.587005,-0.697719,-0.166002,0.02415,0.299201,-0.536904,0.651973,0.535402,-0.487471,-0.757622,0.433952,0.689224,-0.028814,0.72388,2.5e-05,-0.001419,-0.00138,2e-05,-1.6e-05,-1.4e-05,0.499705,0.039223,0.069932,-0.010489,0.446255,-0.629214,0.636353,0.486076,0.767471,0.417991,-0.751389,0.122785,0.648333,1.2e-05,-0.000775,-0.000754,-0.001809,0.001108,0.000855,0.49089,0.067935,0.064786,-0.027509,0.746387,-0.383664,-0.54379,0.630212,0.670043,0.392267,0.213864,-0.635486,0.741901,0.008363,-0.015801,-0.035092,0.603725,-2.319051,1.546368,-0.732704
1026,0.133553,0.020168,0.355652,-0.693539,0.413463,-0.589997,-0.700941,-0.576536,0.419834,-0.165712,0.704209,0.690404,0.029647,-0.02597,-0.083478,0.124204,-0.025012,-0.028952,-0.818562,-0.166238,0.023988,0.298983,-0.536926,0.650659,0.536977,-0.48658,-0.758722,0.433028,0.689837,-0.029587,0.723265,-0.013545,-0.007592,-0.00609,-0.003956,0.032549,-0.052179,0.499353,0.03911,0.069859,-0.010591,0.44619,-0.62781,0.637784,0.485349,0.768504,0.416938,-0.751897,0.123514,0.647606,5.9e-05,-0.003438,-0.003347,-0.002035,0.017336,-0.022972,0.490727,0.068398,0.0642,-0.029025,0.740245,-0.386242,-0.550321,0.637104,0.664462,0.390626,0.214792,-0.639771,0.73794,0.014792,-0.013437,-0.042058,0.161346,0.012841,-0.015361,-0.80896
1027,0.134002,0.019694,0.354055,-0.697903,0.411273,-0.586371,-0.69703,-0.578285,0.423919,-0.16388,0.704059,0.690992,0.030183,-0.023657,-0.08234,-0.091729,-0.330788,-0.170284,-0.861969,-0.166385,0.023888,0.298787,-0.535134,0.650794,0.5386,-0.485396,-0.758602,0.434566,0.69206,-0.029693,0.721134,-0.014496,0.002808,-0.014544,-0.218511,0.219762,0.13689,0.499194,0.039037,0.069807,-0.010683,0.44551,-0.627141,0.638916,0.484593,0.768991,0.416918,-0.752787,0.123873,0.646502,-0.007242,0.001233,-0.007436,-0.502222,0.425311,0.308054,0.4904,0.068609,0.063962,-0.029799,0.744126,-0.385187,-0.545808,0.63339,0.666513,0.393161,0.212348,-0.638271,0.739944,0.008487,-0.011973,-0.041201,-0.298741,-0.510333,-0.300568,-0.845374
1028,0.134586,0.019033,0.350936,-0.699591,0.410957,-0.584578,-0.694784,-0.582406,0.421959,-0.16619,0.700841,0.693707,0.005229,-0.014924,-0.076635,0.138398,0.011758,-0.050813,-0.975485,-0.166672,0.023719,0.298328,-0.533353,0.650537,0.540673,-0.484187,-0.7588,0.435568,0.694277,-0.030285,0.718975,-0.01449,0.001342,-0.016009,-0.180471,0.190184,0.111445,0.499412,0.038888,0.069718,-0.010924,0.442804,-0.62693,0.641001,0.482915,0.769115,0.418634,-0.755458,0.124177,0.643321,-0.007237,0.000545,-0.008122,-0.258964,0.244741,0.156034,0.4904,0.068911,0.063612,-0.031397,0.745891,-0.383216,-0.544784,0.630485,0.66997,0.391953,0.214787,-0.635833,0.741337,0.002689,-0.007323,-0.038221,0.140006,0.014883,-0.047236,-0.924897
1029,0.135189,0.018853,0.347719,-0.701407,0.408918,-0.583832,-0.692347,-0.585625,0.42151,-0.168676,0.699354,0.694607,0.019284,-0.002693,-0.084887,0.058229,-0.282826,0.071014,-1.044322,-0.167129,0.023441,0.297875,-0.534132,0.650541,0.539899,-0.483965,-0.758832,0.435758,0.693834,-0.029349,0.719442,-0.013553,-0.011085,-0.009592,-0.003993,0.032611,-0.052124,0.499449,0.038664,0.069582,-0.011149,0.443128,-0.627353,0.640363,0.482499,0.768941,0.419431,-0.755533,0.123113,0.643437,-0.006766,-0.005821,-0.005063,-0.000453,0.034549,-0.057202,0.4904,0.069205,0.063526,-0.032972,0.747478,-0.381551,-0.543776,0.627964,0.67283,0.3911,0.216645,-0.633811,0.742527,0.009711,-0.001244,-0.042365,-0.018579,-0.261776,-0.128092,-0.978293
1030,0.135638,0.018849,0.346009,-0.701912,0.4069,-0.584634,-0.691329,-0.586848,0.421479,-0.170724,0.699508,0.693951,0.019281,-0.003152,-0.085585,0.035817,-0.313911,0.051726,-1.065485,-0.167421,0.023298,0.297608,-0.53802,0.646518,0.54087,-0.479019,-0.762386,0.435019,0.694267,-0.025842,0.719158,-0.014506,-0.000235,-0.017626,0.032577,0.020435,-0.035124,0.49939,0.038519,0.069507,-0.011279,0.447148,-0.623401,0.641427,0.477819,0.772696,0.417886,-0.756139,0.11963,0.643382,-0.013617,-0.006767,-0.005353,-0.007999,0.065592,-0.104481,0.490237,0.06943,0.063527,-0.033825,0.747771,-0.379641,-0.544711,0.626907,0.673928,0.390907,0.218692,-0.633792,0.741943,0.016264,-0.002305,-0.043396,-0.048977,-0.420106,0.043458,-0.979109
1031,0.136629,0.018587,0.342572,-0.700237,0.402426,-0.589716,-0.691148,-0.589157,0.418544,-0.178137,0.70016,0.691426,0.032263,-0.006991,-0.08943,0.146714,-0.180534,0.168572,-1.134007,-0.168054,0.02305,0.296973,-0.537045,0.647581,0.540568,-0.478462,-0.76152,0.437143,0.695405,-0.024682,0.718098,-0.01452,-0.001949,-0.019381,0.032262,0.020648,-0.034925,0.499563,0.038202,0.069383,-0.011595,0.44609,-0.624467,0.641127,0.476993,0.772021,0.420072,-0.757285,0.118423,0.642257,-0.006778,-0.007458,-0.006722,0.000537,0.046203,-0.079014,0.490237,0.069921,0.0634,-0.035539,0.745926,-0.374897,-0.550495,0.626363,0.675841,0.388468,0.226412,-0.634578,0.738949,0.009296,-0.008888,-0.040457,0.129069,-0.012844,-0.066691,-0.989233
1032,0.137357,0.017928,0.339347,-0.700443,0.395476,-0.594157,-0.689311,-0.590759,0.419316,-0.184309,0.702772,0.687145,0.00517,-0.017791,-0.081805,-0.018335,-0.183111,-0.203753,-1.218743,-0.168805,0.022777,0.296266,-0.534294,0.649787,0.540646,-0.477408,-0.759689,0.441461,0.698241,-0.023047,0.715396,-0.014547,-0.003672,-0.021171,0.013502,-0.058071,0.120936,0.499441,0.037821,0.069247,-0.011956,0.44304,-0.626585,0.641175,0.475316,0.770574,0.424604,-0.760124,0.116644,0.639221,-0.007263,-0.001912,-0.010647,0.04364,-0.077839,0.103743,0.4904,0.070298,0.06307,-0.037184,0.745386,-0.368799,-0.555324,0.62464,0.677374,0.388572,0.232858,-0.636514,0.735272,0.002621,-0.009014,-0.041004,-0.042649,-0.205808,-0.213117,-1.000827
1033,0.137533,0.016612,0.336224,-0.69646,0.388497,-0.603372,-0.689251,-0.596228,0.411603,-0.19898,0.702055,0.683778,-0.01056,-0.049271,-0.074134,0.069602,-0.039392,0.015941,-1.266823,-0.16946,0.022422,0.295548,-0.530791,0.65067,0.543029,-0.475738,-0.758929,0.44456,0.70204,-0.023181,0.711663,-0.014585,-0.004944,-0.022534,-0.018591,0.07769,-0.023476,0.500081,0.037499,0.069071,-0.012306,0.439296,-0.627119,0.643226,0.473326,0.770144,0.427597,-0.763531,0.116614,0.635153,-0.006824,-0.008498,-0.007846,-0.037996,0.079577,-0.048602,0.49089,0.070392,0.062442,-0.038709,0.74106,-0.362319,-0.56529,0.624061,0.682314,0.380781,0.247741,-0.634958,0.731745,0.001394,-0.025693,-0.037937,0.10875,-0.062701,0.085942,-1.004256
1034,0.137409,0.015492,0.334692,-0.689041,0.387767,-0.612294,-0.693982,-0.596565,0.403076,-0.208122,0.702173,0.680929,0.001187,-0.069611,-0.074468,0.302314,-0.543813,0.558954,-1.29394,-0.169755,0.022179,0.295162,-0.530831,0.649871,0.543946,-0.475358,-0.759595,0.443829,0.702269,-0.02378,0.711418,-0.014609,-0.005299,-0.022946,0.030102,0.038221,-0.057632,0.500326,0.037352,0.068949,-0.0125,0.439425,-0.626194,0.644038,0.473177,0.770794,0.42659,-0.763549,0.117291,0.635007,-0.006839,-0.00869,-0.008068,0.003338,0.043656,-0.080276,0.491217,0.070326,0.061896,-0.039469,0.734303,-0.362987,-0.573619,0.628568,0.682664,0.372655,0.25632,-0.6342,0.729444,-0.005956,-0.029096,-0.041122,0.959053,-1.803262,1.855577,-1.008012
1035,0.137044,0.01271,0.331522,-0.690076,0.382525,-0.614423,-0.692036,-0.597337,0.405272,-0.211138,0.704394,0.6777,-0.013614,-0.076016,-0.082001,-0.032169,0.054652,-0.278641,-1.332205,-0.170239,0.02162,0.294402,-0.527196,0.650136,0.547156,-0.472972,-0.75936,0.44677,0.706603,-0.024063,0.707104,-0.014655,-0.007311,-0.025097,-0.064606,0.131506,-0.01484,0.500612,0.03711,0.068671,-0.012878,0.435572,-0.625981,0.646856,0.470503,0.770953,0.429251,-0.767399,0.117379,0.630332,-0.006868,-0.009121,-0.008567,-0.120623,0.143658,0.005873,0.491707,0.070149,0.060502,-0.041056,0.734252,-0.357971,-0.576827,0.627082,0.683147,0.374269,0.26008,-0.636526,0.726079,-2.7e-05,-0.039004,-0.041812,-0.032154,-0.075322,-0.089145,-1.020095
1036,0.136514,0.009771,0.328393,-0.695038,0.372666,-0.614888,-0.68683,-0.59709,0.414392,-0.211854,0.709876,0.671729,-0.026366,-0.067735,-0.077189,-0.246624,-0.343263,-0.29715,-1.542118,-0.17051,0.02115,0.293665,-0.525384,0.650406,0.548576,-0.472094,-0.759119,0.448105,0.708536,-0.024362,0.705157,1.5e-05,-0.014876,-0.015141,0.005514,-0.082656,0.114526,0.500611,0.036969,0.068432,-0.013257,0.433451,-0.625998,0.648264,0.469414,0.770893,0.43055,-0.769266,0.117682,0.627996,-0.000428,-0.001271,-0.010821,0.050256,-0.005505,-0.014516,0.49187,0.069885,0.059007,-0.042642,0.738249,-0.349287,-0.577049,0.621997,0.683496,0.382035,0.260972,-0.640961,0.721846,-0.013325,-0.039531,-0.034593,-0.290151,-0.246574,-0.506265,-1.020585
1037,0.135947,0.008529,0.327042,-0.699766,0.365737,-0.613685,-0.680797,-0.601766,0.417571,-0.215708,0.70954,0.670858,-0.038772,-0.056946,-0.068644,-0.00259,0.0954,-0.262958,-1.702851,-0.17055,0.021009,0.293324,-0.523519,0.651053,0.54959,-0.471383,-0.758563,0.449793,0.710387,-0.024403,0.703291,-0.000883,-0.000838,-0.019959,-0.366988,0.334125,0.279207,0.500383,0.036949,0.068354,-0.013428,0.433539,-0.625581,0.648607,0.46955,0.771158,0.429926,-0.769133,0.118164,0.628069,1.6e-05,-0.006635,-0.006768,-0.000826,0.032658,-0.047647,0.49187,0.069604,0.058369,-0.043332,0.742428,-0.339973,-0.57725,0.615132,0.68725,0.386393,0.265352,-0.641954,0.719362,-0.012388,-0.028705,-0.034468,0.043374,0.00836,-0.053126,-1.024667
1038,0.134278,0.006667,0.324672,-0.704921,0.357711,-0.612515,-0.675381,-0.602397,0.425382,-0.215942,0.713095,0.667002,-0.037145,-0.043986,-0.058398,-0.089694,-0.146273,-0.145684,-1.74567,-0.170515,0.020795,0.292698,-0.522679,0.648662,0.553205,-0.470623,-0.760511,0.447293,0.711508,-0.027367,0.702048,0.01296,0.001412,-0.019014,0.172633,0.740457,-0.652363,0.500259,0.036961,0.068248,-0.013739,0.430837,-0.624351,0.651586,0.468371,0.771878,0.429922,-0.771367,0.119958,0.624981,-1.5e-05,-0.005838,-0.005991,0.499448,2.114824,-1.750969,0.49138,0.068788,0.057453,-0.044502,0.746806,-0.332305,-0.576066,0.609649,0.68818,0.393365,0.26572,-0.644966,0.716526,-0.018488,-0.021788,-0.028972,-0.190589,-0.255459,-0.204625,-1.073491
1039,0.132759,0.004287,0.322655,-0.702394,0.357465,-0.615553,-0.677273,-0.601748,0.423287,-0.218229,0.713766,0.665538,-0.025539,-0.073319,-0.04992,-0.033463,-0.059562,0.094477,-1.730933,-0.170418,0.020236,0.292172,-0.519958,0.647099,0.557581,-0.468438,-0.761769,0.447446,0.714934,-0.029343,0.698478,0.000907,-0.026317,-0.007908,-0.04004,0.049106,-0.063642,0.501387,0.037014,0.067991,-0.013994,0.427507,-0.621729,0.65627,0.466149,0.773605,0.42923,-0.774559,0.122421,0.62054,0.006948,-0.006574,-0.007431,0.008156,0.011219,-0.00678,0.49187,0.068009,0.056275,-0.045514,0.744525,-0.331918,-0.579234,0.611311,0.687646,0.391715,0.268291,-0.645734,0.714875,-0.019639,-0.035636,-0.024035,-0.033684,-0.05482,0.088909,-1.058468
1040,0.131099,0.001305,0.32102,-0.696949,0.358711,-0.620994,-0.681364,-0.601338,0.417261,-0.222891,0.713485,0.664294,-0.053813,-0.077367,-0.036835,-0.070838,0.080966,-0.122462,-1.749791,-0.170281,0.019218,0.291556,-0.51602,0.637838,0.571731,-0.463637,-0.769124,0.439798,0.720891,-0.038924,0.691855,0.014826,-0.034966,-0.018327,0.004337,0.238036,-0.212435,0.502171,0.037078,0.067492,-0.014292,0.422868,-0.611161,0.669076,0.462534,0.780486,0.420598,-0.779258,0.131613,0.612726,0.000465,-0.018173,-0.009218,0.117186,0.749951,-0.657175,0.493176,0.067203,0.054804,-0.046326,0.739115,-0.334281,-0.584776,0.61576,0.687229,0.385428,0.273034,-0.644958,0.713779,-0.026844,-0.0386,-0.018287,-0.093184,0.179674,-0.299258,-1.057652
1041,0.130174,-6.5e-05,0.32036,-0.697358,0.360351,-0.619584,-0.681183,-0.602141,0.416398,-0.222165,0.711978,0.66615,-0.053469,-0.07349,-0.033722,-0.001394,0.282091,-0.231726,-1.749227,-0.17015,0.018439,0.291067,-0.512735,0.629884,0.583386,-0.459596,-0.775227,0.433276,0.725805,-0.046748,0.68621,0.014868,-0.04356,-0.02746,0.106629,0.69457,-0.601063,0.503138,0.037143,0.067114,-0.014524,0.419143,-0.602493,0.679206,0.459563,0.785965,0.413594,-0.783019,0.138783,0.606315,0.000439,-0.022733,-0.014054,0.435984,2.29997,-2.016071,0.493666,0.066725,0.054088,-0.046677,0.739652,-0.335576,-0.583354,0.615475,0.687918,0.384653,0.27222,-0.64355,0.715359,-0.026603,-0.036237,-0.01633,0.020988,0.187272,-0.025968,-1.058469
1042,0.128228,-0.002876,0.319224,-0.700561,0.366378,-0.612395,-0.679721,-0.603949,0.416169,-0.216514,0.707352,0.672906,-0.053508,-0.078527,-0.020739,0.149888,0.409476,0.087053,-1.750809,-0.169819,0.016338,0.28957,-0.512217,0.619532,0.594816,-0.453854,-0.783132,0.425035,0.729775,-0.053018,0.681528,0.014977,-0.059917,-0.045454,-0.033785,0.200824,-0.300958,0.504394,0.037309,0.066075,-0.01526,0.41814,-0.590788,0.69002,0.45519,0.793634,0.403665,-0.786104,0.145302,0.600771,4e-05,-0.025269,-0.026855,-0.006902,0.096585,-0.142125,0.495299,0.065752,0.052684,-0.047252,0.743455,-0.339679,-0.5761,0.613512,0.689303,0.38531,0.266226,-0.639906,0.720863,-0.026416,-0.033318,-0.014027,0.368563,0.576369,0.194007,-1.066306
1043,0.126153,-0.005283,0.318257,-0.704115,0.36566,-0.608736,-0.677246,-0.603589,0.420703,-0.212722,0.708031,0.673402,-0.051427,-0.047129,-0.028831,-0.04034,0.137024,-0.227283,-1.743187,-0.169457,0.01385,0.287259,-0.511932,0.613602,0.601172,-0.448687,-0.787691,0.422085,0.733164,-0.05442,0.67777,0.01419,-0.06206,-0.06899,-0.012955,0.124092,-0.153834,0.504114,0.037494,0.064807,-0.016434,0.417357,-0.584243,0.69604,0.45033,0.798245,0.400007,-0.789313,0.146502,0.596256,0.007117,-0.031829,-0.035351,-0.013993,0.125052,-0.153629,0.495952,0.064713,0.051464,-0.047736,0.74659,-0.339739,-0.571996,0.61149,0.68912,0.388834,0.262072,-0.64007,0.722237,-0.018458,-0.023901,-0.014559,-0.039837,0.013068,-0.030975,-1.067286
1044,0.125231,-0.006175,0.317852,-0.706509,0.367829,-0.604642,-0.675854,-0.604187,0.42208,-0.20919,0.706394,0.676221,-0.050631,-0.041936,-0.023918,0.164235,0.277783,0.118151,-1.739601,-0.169223,0.012584,0.285802,-0.509502,0.611359,0.605507,-0.445799,-0.789348,0.422051,0.73661,-0.055656,0.673922,-0.000848,-0.056022,-0.081998,-0.004168,0.274159,-0.338754,0.503769,0.037612,0.064193,-0.017133,0.414484,-0.581855,0.699747,0.447536,0.799827,0.399983,-0.79241,0.147376,0.591917,0.007156,-0.034038,-0.038263,-0.004567,0.134498,-0.182299,0.495952,0.064251,0.051014,-0.047943,0.749383,-0.34016,-0.568079,0.609561,0.689452,0.391267,0.25857,-0.639488,0.724012,-0.025504,-0.02634,-0.007653,0.296917,0.480054,0.14754,-1.055529
1045,0.12363,-0.007816,0.317236,-0.726002,0.371065,-0.579031,-0.661866,-0.605714,0.441606,-0.185965,0.703384,0.686072,-0.035101,-0.036018,-0.018002,-0.898232,1.980528,-2.0837,-1.740477,-0.168734,0.010128,0.282556,-0.501656,0.611791,0.611592,-0.440496,-0.789034,0.428162,0.745132,-0.055372,0.664512,0.013469,-0.058259,-0.088262,-0.084012,0.224407,-0.078377,0.503666,0.03785,0.062954,-0.018767,0.405914,-0.58133,0.705186,0.441485,0.800339,0.405646,-0.800202,0.146672,0.581517,0.007232,-0.035615,-0.041217,-0.106151,0.227627,-0.102739,0.495462,0.063445,0.050194,-0.048251,0.766717,-0.341475,-0.543633,0.596783,0.691229,0.407492,0.236627,-0.636863,0.733765,-0.017794,-0.023559,-0.004877,-0.161898,0.175638,-0.190715,-1.057652
1046,0.122002,-0.009476,0.31673,-0.736816,0.379267,-0.559735,-0.653922,-0.610177,0.447261,-0.170995,0.695099,0.698302,-0.036104,-0.047894,-0.010983,0.197055,0.567034,-0.15406,-1.744357,-0.168293,0.007711,0.279045,-0.495272,0.615483,0.613088,-0.43661,-0.786381,0.436933,0.751657,-0.052043,0.657394,0.013582,-0.059859,-0.092724,-0.315854,-0.397407,0.676958,0.502597,0.038071,0.06174,-0.020526,0.399692,-0.583619,0.706848,0.436883,0.799192,0.412825,-0.80584,0.143807,0.574404,0.007251,-0.03583,-0.042794,-0.788425,-1.627018,1.849947,0.495299,0.062634,0.049379,-0.048496,0.779483,-0.345874,-0.52228,0.586765,0.695078,0.415419,0.219343,-0.630268,0.744748,-0.024902,-0.017153,-0.008491,0.422982,0.618648,0.107855,-1.062224
1047,0.120522,-0.011391,0.316245,-0.740126,0.386967,-0.550014,-0.651944,-0.613561,0.445515,-0.164151,0.687833,0.707084,-0.036855,-0.049863,-0.013451,0.27309,0.437055,0.230341,-1.739409,-0.167844,0.005291,0.275522,-0.498181,0.61869,0.607478,-0.431456,-0.784505,0.445344,0.752714,-0.041007,0.656965,0.013688,-0.057063,-0.092079,-0.043127,0.077005,0.055462,0.502262,0.0383,0.060501,-0.02233,0.402606,-0.588293,0.701297,0.430718,0.797771,0.421951,-0.807706,0.132181,0.574576,0.006889,-0.028566,-0.046067,-0.022576,0.071034,0.034498,0.494646,0.061895,0.048426,-0.048733,0.783473,-0.352208,-0.511974,0.584266,0.698118,0.413839,0.211661,-0.623361,0.752741,-0.018682,-0.030461,-0.002571,0.247746,0.594423,0.076596,-1.061081
1048,0.119867,-0.012419,0.316029,-0.741038,0.390983,-0.545932,-0.651689,-0.614786,0.444199,-0.16104,0.684457,0.711064,-0.037357,-0.059992,-0.004432,0.139757,0.316585,0.164503,-1.737234,-0.167611,0.004106,0.273808,-0.507466,0.61591,0.602598,-0.41769,-0.787419,0.453254,0.754288,-0.022453,0.656056,0.014684,-0.066539,-0.083456,-0.399588,-0.118921,-0.263454,0.501736,0.038411,0.059931,-0.02316,0.412093,-0.586679,0.697127,0.416785,0.80175,0.428352,-0.810227,0.114032,0.574915,0.00692,-0.027295,-0.045152,-1.05332,-0.674709,-1.032706,0.494156,0.061567,0.047914,-0.048847,0.784564,-0.356639,-0.507214,0.584126,0.699507,0.411686,0.207977,-0.619271,0.757131,-0.011243,-0.02588,-0.007567,0.297932,0.525516,0.073332,-1.062061
1049,0.118787,-0.014381,0.315393,-0.7424,0.396974,-0.539722,-0.651325,-0.616475,0.442388,-0.15619,0.679467,0.716908,-0.022861,-0.052368,-0.016274,-0.045542,0.140606,-0.141446,-1.734849,-0.167258,0.0017,0.270633,-0.527723,0.60457,0.596654,-0.384958,-0.796283,0.466555,0.757821,0.015773,0.652166,0.000981,-0.073238,-0.07076,-0.276447,0.129581,0.299796,0.501783,0.038593,0.058725,-0.024758,0.434656,-0.575995,0.692317,0.383419,0.813936,0.436459,-0.8149,0.075738,0.57463,5.9e-05,-0.030698,-0.038868,-0.410787,0.358668,0.208102,0.493993,0.061023,0.046932,-0.049158,0.786043,-0.363229,-0.500199,0.584162,0.701145,0.408839,0.20221,-0.613562,0.763315,-0.011149,-0.020698,-0.01229,-0.050569,-0.012795,0.034737,-1.069572
1050,0.118196,-0.015665,0.31435,-0.74318,0.396787,-0.538785,-0.650653,-0.616459,0.443398,-0.155285,0.67959,0.716987,-0.020687,-0.024978,-0.027536,0.000414,-0.028849,0.041804,-1.747739,-0.167128,-0.000925,0.267902,-0.558143,0.583521,0.589891,-0.348892,-0.809982,0.471315,0.753513,0.056527,0.654895,0.000914,-0.068355,-0.066554,-0.051985,-0.110357,0.08637,0.501594,0.038658,0.057412,-0.026125,0.466057,-0.557475,0.68703,0.347645,0.829451,0.437209,-0.813592,0.035079,0.580375,0.000494,-0.033874,-0.032859,-0.124632,-0.036127,-0.145222,0.493666,0.060724,0.046272,-0.049683,0.786893,-0.362545,-0.499358,0.583355,0.70092,0.410372,0.201232,-0.614223,0.763043,-0.002859,-0.012753,-0.013757,-0.001947,0.043,-0.075741,-1.072675
1051,0.118043,-0.016095,0.313762,-0.742529,0.396928,-0.539577,-0.651258,-0.616269,0.442773,-0.155857,0.67968,0.716778,-0.005485,-0.024272,-0.026361,-0.001436,0.045068,-0.07377,-1.744877,-0.167236,-0.002369,0.266632,-0.580018,0.569809,0.582141,-0.327111,-0.81731,0.474276,0.746753,0.083954,0.659679,-0.013123,-0.07897,-0.057195,-0.770291,-2.224662,1.395785,0.501334,0.038609,0.056718,-0.026739,0.487409,-0.544754,0.682403,0.327103,0.838526,0.435749,-0.809589,0.010829,0.586896,-0.006972,-0.033493,-0.03201,-3.26814,-2.571253,-3.726129,0.493666,0.060643,0.04606,-0.049966,0.786287,-0.362762,-0.500156,0.583969,0.700744,0.409801,0.201821,-0.614297,0.762828,-0.002714,-0.012078,-0.013106,0.002544,-0.059467,0.094578,-1.070552
1052,0.118003,-0.016957,0.312659,-0.741331,0.388591,-0.54724,-0.64907,-0.622621,0.437062,-0.169968,0.678719,0.714478,0.009253,-0.025921,-0.027853,0.550328,-0.845662,0.320633,-1.703596,-0.167668,-0.005002,0.26451,-0.616783,0.55188,0.561247,-0.294715,-0.82298,0.485573,0.730636,0.133397,0.669506,-0.013368,-0.070654,-0.047653,-0.086654,-0.10712,0.065491,0.479094,0.038399,0.055396,-0.027817,0.528987,-0.531192,0.661821,0.293298,0.84625,0.444788,-0.796334,-0.041176,0.603453,-0.00712,-0.029081,-0.026877,-0.329589,-0.368935,-0.18085,0.483216,0.060617,0.045629,-0.050525,0.784872,-0.355354,-0.50764,0.581196,0.706286,0.40419,0.214909,-0.612276,0.760875,-0.002712,-0.012059,-0.013227,1.839442,-2.646694,0.737421,-1.061571
1053,0.11823,-0.017916,0.311619,-0.73497,0.379542,-0.561971,-0.650358,-0.629261,0.425484,-0.191228,0.677727,0.710032,0.009721,-0.024073,-0.026074,0.275257,-0.524293,0.506645,-1.703404,-0.168194,-0.007287,0.262903,-0.640525,0.536357,0.549582,-0.269416,-0.827025,0.493335,0.719914,0.167257,0.673507,-0.01352,-0.058223,-0.031714,-0.056584,-0.130509,0.161485,0.451299,0.038136,0.054236,-0.028643,0.554443,-0.517736,0.651568,0.267345,0.852234,0.449692,-0.788111,-0.075136,0.610929,-0.0072,-0.023191,-0.019366,-0.022611,-0.120648,0.156333,0.445332,0.06073,0.045149,-0.051046,0.778103,-0.347486,-0.523266,0.581867,0.71254,0.392066,0.236611,-0.609539,0.756621,-0.002456,-0.010925,-0.012105,0.912616,-1.793428,1.753096,-1.058632
1054,0.118372,-0.018721,0.310659,-0.72844,0.378539,-0.571077,-0.654837,-0.629829,0.417705,-0.200662,0.677762,0.70739,0.010176,-0.022235,-0.024244,-0.000402,0.030265,-0.044077,-1.743488,-0.168845,-0.008913,0.261999,-0.647796,0.530432,0.546803,-0.260045,-0.828519,0.49585,0.716853,0.178354,0.673924,-0.014461,-0.031052,-0.017972,-0.031238,-0.040128,0.043306,0.447709,0.037812,0.053396,-0.029115,0.562267,-0.512566,0.648946,0.257954,0.854296,0.451261,-0.785694,-0.086331,0.612561,-0.007206,-0.014934,-0.00815,-0.044362,0.080851,-0.113464,0.42688,0.060803,0.044754,-0.051517,0.771205,-0.347751,-0.533207,0.586841,0.712965,0.383792,0.246695,-0.608891,0.753917,0.005082,-0.011203,-0.012217,-0.004092,0.037469,-0.050441,-1.073981
1055,0.118368,-0.019132,0.310171,-0.727232,0.378307,-0.572767,-0.655611,-0.630013,0.416208,-0.202496,0.67772,0.706907,-0.00516,-0.022801,-0.025607,0.918674,-1.910134,1.929687,-1.742981,-0.169095,-0.009329,0.26182,-0.651975,0.527583,0.544588,-0.255476,-0.82898,0.497452,0.714707,0.184538,0.674539,-0.014393,-0.022175,-0.005636,-0.040431,0.04471,-0.069229,0.447712,0.037682,0.05317,-0.02922,0.566847,-0.510264,0.646772,0.25338,0.855016,0.452487,-0.783889,-0.092611,0.613954,-0.007637,-0.004567,-0.005504,-0.003119,0.037757,-0.05409,0.423941,0.060806,0.044546,-0.051764,0.771821,-0.347497,-0.532481,0.586206,0.713254,0.384226,0.246278,-0.608697,0.75421,-0.002576,-0.01145,-0.012858,-0.001976,0.046195,-0.07487,-1.061571
1056,0.118356,-0.02005,0.309143,-0.727479,0.376193,-0.573846,-0.655201,-0.629247,0.41801,-0.202939,0.679608,0.704965,-0.004862,-0.021442,-0.024321,-0.001086,0.029926,-0.049251,-1.733809,-0.169391,-0.009426,0.262004,-0.670375,0.511604,0.537448,-0.2383,-0.834272,0.49713,0.703542,0.204551,0.680479,0.000101,0.007836,0.010944,-0.270315,-2.213814,1.743617,0.451202,0.037528,0.053106,-0.02914,0.584883,-0.494865,0.642666,0.235633,0.861815,0.449166,-0.776136,-0.111276,0.620668,-0.007545,0.003904,0.006325,0.333611,-0.279123,-0.245129,0.422961,0.060799,0.044082,-0.052283,0.77019,-0.345624,-0.536049,0.587159,0.712449,0.384265,0.249097,-0.610704,0.751658,-0.002536,-0.011257,-0.012765,0.006071,-0.054916,0.097077,-1.053243
1057,0.118289,-0.020794,0.308284,-0.727275,0.374178,-0.57542,-0.655197,-0.628287,0.419458,-0.203678,0.681607,0.702819,-0.003459,-0.006552,-0.028412,0.037241,-0.09024,0.136963,-1.736043,-0.169465,-0.00884,0.26281,-0.688196,0.503141,0.522711,-0.230191,-0.834556,0.500462,0.688889,0.223463,0.689464,0.000237,0.018652,0.025856,0.153572,-0.186216,-0.044303,0.461801,0.037497,0.053399,-0.028738,0.605956,-0.489808,0.626821,0.228199,0.861873,0.452879,-0.762064,-0.131385,0.634031,0.000121,0.010276,0.014255,0.270029,-0.26779,-0.126595,0.432922,0.060764,0.043701,-0.052715,0.769952,-0.343677,-0.537642,0.587096,0.711626,0.385882,0.249982,-0.612758,0.74969,-0.002003,-0.00887,-0.010146,0.003836,0.049661,-0.071979,-1.05406
1058,0.118207,-0.02116,0.307865,-0.726594,0.37227,-0.577514,-0.655636,-0.627088,0.420564,-0.20469,0.683753,0.700436,-0.004178,-0.018343,-0.021064,-0.12661,-0.230346,0.027368,-1.728429,-0.169412,-0.00843,0.263442,-0.696743,0.499165,0.515145,-0.22901,-0.835258,0.499832,0.680642,0.229657,0.695591,0.000288,0.023578,0.0325,0.360154,-0.378279,-0.197857,0.464024,0.037518,0.053602,-0.028423,0.61432,-0.4878,0.62021,0.226723,0.861992,0.453393,-0.755782,-0.137912,0.640135,0.007713,0.012694,0.016657,-0.003259,-0.144651,0.158519,0.438147,0.060726,0.043533,-0.052915,0.76909,-0.342667,-0.539516,0.587799,0.710695,0.386529,0.250981,-0.614403,0.748008,-0.002052,-0.009073,-0.010416,-0.253015,-0.35686,-0.034538,-1.052917
