frame,MLTx,MLTy,MLTz,MLTR1,MLTR2,MLTR3,MLTR4,MLTR5,MLTR6,MLTR7,MLTR8,MLTR9,MLTTVx,MLTTVy,MLTTVz,MLTRVx,MLTRVy,MLTRVz,MLGA,MRTx,MRTy,MRTz,MRTR1,MRTR2,MRTR3,MRTR4,MRTR5,MRTR6,MRTR7,MRTR8,MRTR9,MRTTVx,MRTTVy,MRTTVz,MRTRVx,MRTRVy,MRTRVz,MRGA,SLTx,SLTy,SLTz,SLTR1,SLTR2,SLTR3,SLTR4,SLTR5,SLTR6,SLTR7,SLTR8,SLTR9,SLTTVx,SLTTVy,SLTTVz,SLTRVx,SLTRVy,SLTRVz,SLGA,SRTx,SRTy,SRTz,SRTR1,SRTR2,SRTR3,SRTR4,SRTR5,SRTR6,SRTR7,SRTR8,SRTR9,SRTTVx,SRTTVy,SRTTVz,SRTRVx,SRTRVy,SRTRVz,SRGA
1133,0.038055,0.03349,0.343047,0.802384,-0.075492,-0.592053,0.479943,0.671325,0.564756,0.353832,-0.737207,0.575636,-0.015015,-0.00729,0.01023,-0.033301,0.037734,-0.042966,-1.89312,-0.22008,0.024179,0.320898,0.59265,0.599345,0.538092,-0.792489,0.315036,0.522157,0.142692,-0.736629,0.660968,0.012948,-0.003271,-0.003451,0.00119,-0.013744,0.030321,0.276297,0.019815,0.059799,-0.033896,-0.511401,-0.685675,0.517993,0.81855,-0.205172,0.536544,-0.261617,0.698393,0.666185,0.006443,-0.001863,-0.001929,0.012594,-0.021263,0.027087,0.182461,0.033404,0.069255,-0.054663,-0.75425,0.020043,-0.65628,-0.492842,-0.677716,0.545717,-0.433834,0.73505,0.521046,-0.007548,-0.003711,0.005065,-0.032643,0.038211,-0.041144,-1.059025
1134,0.037323,0.03309,0.343628,0.802563,-0.069035,-0.592597,0.4741,0.676808,0.563145,0.361204,-0.732822,0.576655,-0.029501,-0.013425,0.021465,-0.022549,-0.074177,0.107688,-1.89323,-0.219521,0.024099,0.320657,0.596518,0.595228,0.538387,-0.78968,0.315952,0.525846,0.142148,-0.739566,0.657799,0.025925,0.005525,-0.014014,-0.074734,0.163903,0.19287,0.282146,0.020085,0.059761,-0.034007,-0.515002,-0.682914,0.518073,0.816289,-0.20626,0.539561,-0.261616,0.700774,0.66368,0.006335,-0.002606,-0.002572,-0.240929,0.330123,0.232304,0.190299,0.033043,0.069057,-0.054377,-0.754201,0.013669,-0.6565,-0.486579,-0.682981,0.544771,-0.440932,0.730307,0.521756,-0.007362,-0.003306,0.005421,0.116703,-0.628781,0.836698,-1.064414
1135,0.03688,0.032782,0.344019,0.802224,-0.067223,-0.593264,0.472041,0.679875,0.561177,0.364628,-0.73015,0.577889,-0.016783,-0.017725,0.018872,-0.048083,0.087787,-0.036717,-1.89297,-0.219255,0.024066,0.320509,0.598503,0.593192,0.538432,-0.788228,0.316502,0.52769,0.141858,-0.740964,0.656286,0.012523,0.005826,-0.013109,-0.097534,0.214068,0.189491,0.282074,0.020228,0.059743,-0.034083,-0.51733,-0.681156,0.518068,0.814852,-0.207085,0.541415,-0.261504,0.70224,0.662173,0.006331,-0.002655,-0.002619,-0.236891,0.311754,0.255547,0.192258,0.032817,0.068904,-0.05418,-0.753588,0.012004,-0.657236,-0.484314,-0.686167,0.542783,-0.444459,0.727344,0.522901,-0.014798,-0.006755,0.010709,-0.07139,0.09018,-0.074921,-1.06376
1136,0.035915,0.032095,0.344919,0.799703,-0.070635,-0.596264,0.476176,0.679565,0.55805,0.364792,-0.730111,0.577834,-0.016655,-0.01738,0.019188,-0.065592,0.06186,-0.05556,-1.893023,-0.218692,0.024055,0.320063,0.603972,0.587021,0.539088,-0.784262,0.31783,0.532777,0.140657,-0.745294,0.651626,0.025554,0.002951,-0.016257,-0.136699,0.267814,0.270023,0.281973,0.0205,0.059743,-0.034301,-0.523237,-0.676234,0.518584,0.81127,-0.20897,0.546051,-0.26089,0.706426,0.65795,0.006157,0.002164,-0.007217,-0.34136,0.492722,0.371622,0.193565,0.032335,0.068561,-0.05373,-0.75097,0.015398,-0.660156,-0.488289,-0.685971,0.539459,-0.444542,0.727465,0.522663,-0.015723,-0.012018,0.015004,-0.1094,0.096584,-0.107668,-1.067843
1137,0.034972,0.031382,0.345866,0.799487,-0.071666,-0.596431,0.475286,0.682696,0.554979,0.366418,-0.727083,0.580617,-0.029026,-0.012168,0.022572,-0.049093,0.103839,-0.068059,-1.893374,-0.21822,0.024203,0.31943,0.610895,0.578778,0.540199,-0.779243,0.319524,0.539091,0.138643,-0.750989,0.64549,-0.001357,0.00289,-0.015006,-0.16863,0.343894,0.246108,0.281428,0.020747,0.059808,-0.034612,-0.531289,-0.66911,0.519637,0.8064,-0.211378,0.552302,-0.25971,0.712467,0.651873,0.005985,0.000954,-0.008267,-0.380951,0.556438,0.42121,0.193564,0.031867,0.068202,-0.053259,-0.750835,0.016598,-0.66028,-0.48697,-0.689277,0.53643,-0.446213,0.724307,0.525616,-0.008052,-0.008077,0.01015,-0.073066,0.072827,-0.048446,-1.068659
1138,0.033933,0.030769,0.346849,0.796204,-0.068455,-0.60118,0.473441,0.689216,0.548459,0.375813,-0.721221,0.58192,-0.031109,-0.023111,0.030811,0.071043,-0.387446,0.550418,-1.893528,-0.217833,0.024425,0.318601,0.618073,0.567702,0.543775,-0.77432,0.320856,0.545356,0.134354,-0.758826,0.637177,0.011644,-0.000272,-0.018435,-0.086085,0.191715,0.174448,0.283225,0.020935,0.059922,-0.035024,-0.54097,-0.65825,0.523505,0.801004,-0.21348,0.5593,-0.256401,0.721895,0.642747,0.005752,-0.000699,-0.009712,-0.139609,0.290979,0.218326,0.194381,0.03136,0.067905,-0.052777,-0.748876,0.013199,-0.662577,-0.482913,-0.69557,0.531955,-0.453848,0.718336,0.52727,-0.01448,-0.005927,0.01144,-0.088454,0.072015,-0.091578,-1.069312
1139,0.033411,0.030497,0.347304,0.794213,-0.071509,-0.603454,0.476401,0.689785,0.54517,0.376286,-0.720376,0.582661,-0.029106,-0.012139,0.022598,-0.044362,0.090458,-0.050923,-1.8931,-0.217638,0.024523,0.318161,0.620444,0.559937,0.5491,-0.773228,0.320417,0.547161,0.129658,-0.764752,0.631035,0.011417,-0.001877,-0.019849,-0.164442,0.577006,0.122789,0.280356,0.021037,0.059976,-0.035253,-0.543932,-0.651839,0.528433,0.800227,-0.213423,0.560434,-0.252533,0.727705,0.637708,0.005722,0.005198,-0.013373,-0.163895,1.135457,-0.226755,0.195198,0.031088,0.06776,-0.052538,-0.744953,0.016571,-0.66691,-0.487028,-0.696691,0.526711,-0.455903,0.717179,0.527073,-0.014528,-0.005991,0.011384,-0.062268,0.042186,-0.025998,-1.069639
1140,0.032213,0.029936,0.348254,0.791045,-0.070211,-0.607752,0.47703,0.692802,0.540776,0.382104,-0.717605,0.582294,-0.029595,-0.012943,0.021895,-0.065583,0.078034,-0.084276,-1.89341,-0.217191,0.024689,0.317252,0.621791,0.548193,0.559332,-0.773699,0.319831,0.546839,0.120104,-0.773449,0.622266,0.011393,0.010135,-0.026993,-0.014176,0.015839,0.316453,0.263127,0.02126,0.060052,-0.035708,-0.547989,-0.639345,0.539393,0.800174,-0.212735,0.560771,-0.243778,0.738905,0.628164,0.005701,-0.001145,-0.010135,-0.063866,0.175938,0.13916,0.185237,0.030489,0.067481,-0.052062,-0.741382,0.015176,-0.670911,-0.487191,-0.699714,0.522536,-0.461516,0.71426,0.52615,-0.014841,-0.006526,0.010919,-0.08063,0.071647,-0.097992,-1.070945
1141,0.031042,0.029266,0.349155,0.792043,-0.061649,-0.607382,0.467141,0.701761,0.53785,0.392098,-0.709654,0.585386,-0.030654,-0.014817,0.020259,0.035536,0.028434,-0.186734,-1.893404,-0.216623,0.024731,0.316397,0.616086,0.540718,0.572759,-0.779304,0.313406,0.542583,0.113109,-0.781296,0.613715,0.024883,-0.002182,-0.020891,-0.084486,0.401378,0.068848,0.244016,0.021539,0.060076,-0.036138,-0.543143,-0.63224,0.552509,0.805264,-0.205881,0.556023,-0.237789,0.746917,0.620943,0.005679,0.004816,-0.013748,-0.067192,0.85149,-0.215546,0.162213,0.029917,0.067154,-0.051618,-0.742027,0.007141,-0.670331,-0.47701,-0.708206,0.520485,-0.471016,0.705969,0.528914,-0.015108,-0.006984,0.010525,0.924115,-0.830387,-1.076552,-1.072251
1142,0.030484,0.028946,0.349581,0.792439,-0.062233,-0.606804,0.464819,0.705817,0.534543,0.394045,-0.705568,0.589006,-0.032224,-0.024734,0.029424,0.040289,0.309151,0.028621,-1.893832,-0.216267,0.024711,0.316001,0.615034,0.536654,0.577691,-0.780786,0.313023,0.54067,0.108554,-0.784244,0.610771,0.011539,-0.001345,-0.01951,-0.217344,0.329129,0.465389,0.238072,0.021722,0.060066,-0.036336,-0.541785,-0.628958,0.557565,0.807457,-0.205259,0.553064,-0.233409,0.749853,0.619063,0.01254,-0.000551,-0.009994,0.075655,-0.114711,0.158195,0.151762,0.029613,0.06698,-0.051392,-0.742536,0.006702,-0.669771,-0.473669,-0.712256,0.518002,-0.473577,0.701886,0.532051,-0.016143,-0.012399,0.014704,0.062686,0.335291,0.037882,-1.072252
1143,0.029291,0.028362,0.35042,0.797148,-0.055263,-0.601287,0.451885,0.71512,0.533268,0.399536,-0.696735,0.595784,-0.03035,-0.013998,0.020964,0.153677,0.405335,0.113059,-1.893673,-0.215393,0.024573,0.315341,0.611022,0.533414,0.584904,-0.784861,0.312718,0.534914,0.101658,-0.786569,0.608964,0.025501,-0.010651,-0.01078,0.002647,-0.013485,0.035146,0.227294,0.022163,0.059992,-0.036677,-0.540177,-0.623571,0.565124,0.810402,-0.204437,0.549047,-0.226837,0.754562,0.615776,0.01278,-0.005202,-0.005296,0.00259,-0.024517,0.03923,0.136576,0.029028,0.066693,-0.05098,-0.747127,-0.00138,-0.664679,-0.460202,-0.720471,0.518781,-0.479598,0.693482,0.537649,-0.015275,-0.007164,0.010354,0.32727,0.584931,0.210601,-1.071925
1144,0.028254,0.027996,0.351111,0.801139,-0.040925,-0.597116,0.434311,0.72624,0.532844,0.410851,-0.686163,0.600342,-0.029676,-0.012601,0.022175,0.044828,0.030078,-0.15504,-1.894376,-0.214489,0.024275,0.314961,0.610112,0.532128,0.587021,-0.785873,0.312965,0.533282,0.099296,-0.787341,0.608356,0.025965,-0.007579,-0.008104,0.002687,-0.013605,0.035117,0.221881,0.022605,0.059844,-0.036866,-0.53942,-0.62229,0.567257,0.811506,-0.204433,0.547415,-0.224685,0.75562,0.615267,0.013037,-0.003441,-0.003759,0.001793,-0.035591,0.061265,0.127432,0.028508,0.066508,-0.050637,-0.751093,-0.014011,-0.660046,-0.442455,-0.731341,0.519011,-0.489991,0.681867,0.543106,-0.013833,-0.000881,0.006911,0.25528,-0.206387,-0.366203,-1.072578
1145,0.027364,0.027802,0.35164,0.80387,-0.036017,-0.593751,0.425522,0.732332,0.531595,0.41468,-0.679941,0.604771,-0.014886,-0.006343,0.011046,0.394241,-0.031147,-0.226939,-1.894663,-0.213374,0.024014,0.314722,0.603691,0.527824,0.597452,-0.791722,0.30997,0.526336,0.091867,-0.791409,0.604231,0.039883,-0.004686,-0.006276,0.007225,-0.041176,0.082795,0.214822,0.023157,0.059712,-0.036986,-0.53377,-0.617247,0.578009,0.817094,-0.2004,0.540552,-0.217821,0.760819,0.611316,0.019946,-0.002358,-0.003174,0.004487,-0.025955,0.059418,0.121553,0.028053,0.066407,-0.050363,-0.75376,-0.019744,-0.656851,-0.433219,-0.736662,0.519277,-0.494131,0.675971,0.546714,-0.007449,-0.003158,0.005547,0.441845,0.007187,-0.209944,-1.072088
1146,0.026871,0.027721,0.351889,0.804888,-0.031042,-0.592652,0.420594,0.734404,0.532658,0.417714,-0.677954,0.604913,-0.015614,-0.007674,0.009879,0.056719,-0.02419,-0.156321,-1.894459,-0.212631,0.023898,0.314672,0.597402,0.523676,0.607343,-0.79727,0.307156,0.519567,0.084791,-0.795251,0.600209,0.040206,-0.002283,-0.004166,0.009753,-0.030834,0.071298,0.209662,0.023513,0.059653,-0.037011,-0.528285,-0.612383,0.588134,0.822355,-0.196654,0.533909,-0.211298,0.765711,0.607485,0.020205,-0.006885,0.001662,0.009608,0.13471,-0.112829,0.115675,0.027824,0.066373,-0.050245,-0.754762,-0.023813,-0.655564,-0.428685,-0.738534,0.520379,-0.496549,0.673794,0.54721,-0.013908,-0.000997,0.006808,0.935202,-0.852061,-1.100339,-1.073558
1147,0.026022,0.027522,0.352364,0.806179,-0.02876,-0.59101,0.41658,0.73695,0.532294,0.419238,-0.675289,0.606837,-0.030349,-0.01361,0.021266,-0.066487,0.076677,-0.085238,-1.895297,-0.211153,0.023601,0.314619,0.592002,0.519199,0.616407,-0.802023,0.305279,0.51332,0.077601,-0.798896,0.596327,0.04005,-0.00364,-0.005424,0.016063,-0.161439,0.249095,0.208096,0.024269,0.059512,-0.037032,-0.523742,-0.60732,0.597373,0.826924,-0.193973,0.527797,-0.204668,0.770412,0.6038,0.020108,-0.007809,0.000816,-0.033673,-0.021284,0.056031,0.106857,0.027394,0.066274,-0.050008,-0.755983,-0.026579,-0.65405,-0.424228,-0.741048,0.520458,-0.498516,0.670925,0.548945,-0.007864,-0.003899,0.004896,-0.039643,0.032432,-0.045266,-1.070782
1148,0.025205,0.026998,0.352955,0.807768,-0.012464,-0.589407,0.399894,0.746221,0.532175,0.432195,-0.665556,0.608497,-0.018092,-0.019122,0.017739,0.919835,-0.808444,-1.057518,-1.895052,-0.209737,0.023117,0.314615,0.591572,0.517794,0.617999,-0.802472,0.305054,0.512751,0.076239,-0.799893,0.595166,0.04018,-0.016355,0.000975,-0.029846,-0.030296,0.071563,0.207141,0.024992,0.05927,-0.037035,-0.523679,-0.605976,0.598792,0.827244,-0.193786,0.527364,-0.203532,0.771517,0.602772,0.020082,-0.008266,0.000382,-0.031382,-0.035234,0.076394,0.105714,0.026981,0.066014,-0.049711,-0.757059,-0.041373,-0.652035,-0.408431,-0.748978,0.521742,-0.509946,0.661301,0.550123,-0.008059,-0.004455,0.004519,3.203335,-2.899393,-3.414221,-1.069312
1149,0.024742,0.026703,0.35329,0.809511,-0.007765,-0.587092,0.391667,0.752101,0.530012,0.436434,-0.658982,0.612613,-0.018232,-0.019332,0.017557,1.174561,-0.411639,-0.866214,-1.895481,-0.209054,0.022863,0.314616,0.59225,0.51775,0.617386,-0.801921,0.305137,0.513565,0.076772,-0.799889,0.595102,0.040267,-0.015904,0.001353,-0.029953,-0.030757,0.071973,0.203202,0.025333,0.059141,-0.037036,-0.524365,-0.606048,0.598119,0.826671,-0.193969,0.528194,-0.204095,0.771415,0.602713,0.02013,-0.007994,0.000612,-0.030391,-0.031636,0.072347,0.103591,0.026749,0.065866,-0.049543,-0.758267,-0.0481,-0.650166,-0.399608,-0.753677,0.521807,-0.515115,0.655481,0.552268,-0.015148,-0.006835,0.01073,3.457276,-2.511439,-3.04673,-1.070129
1150,0.023917,0.026024,0.354069,0.812339,0.018514,-0.58293,0.361114,0.768927,0.52756,0.456991,-0.639082,0.618676,-0.0177,-0.018272,0.018495,0.083272,0.217297,0.021219,-1.896707,-0.207655,0.022371,0.314737,0.60098,0.500888,0.622837,-0.797258,0.321962,0.510542,0.054446,-0.804002,0.592013,0.040645,-0.01312,0.00379,0.279822,0.223055,0.366368,0.196468,0.026017,0.058898,-0.036979,-0.535178,-0.590928,0.603645,0.824704,-0.210792,0.524813,-0.182883,0.778697,0.600152,0.013588,-0.006246,0.002532,1.013003,0.832975,1.037661,0.095427,0.026336,0.065526,-0.049155,-0.760607,-0.074244,-0.644953,-0.366846,-0.770484,0.521323,-0.535632,0.63312,0.5588,-0.009969,-0.014651,0.013378,0.150843,0.232384,-0.027044,-1.071272
1151,0.02308,0.024947,0.355044,0.816124,0.040247,-0.576513,0.330505,0.785865,0.522642,0.473085,-0.617128,0.628786,-0.018111,-0.018932,0.017933,0.242349,0.447942,0.153045,-1.897723,-0.206422,0.021773,0.314959,0.608046,0.488388,0.625898,-0.792823,0.334477,0.509402,0.038681,-0.806565,0.589762,0.027095,-0.013809,0.003922,-0.03204,-0.015806,0.042588,0.188378,0.026629,0.058608,-0.036866,-0.544367,-0.57936,0.606634,0.822016,-0.224295,0.523431,-0.16719,0.783602,0.598342,0.013747,-0.01221,0.00611,-0.068856,-0.00262,0.027132,0.086119,0.02593,0.064997,-0.048678,-0.763376,-0.097265,-0.638589,-0.335155,-0.785476,0.520286,-0.552202,0.611201,0.567014,-0.010321,-0.015236,0.01288,0.529967,0.36293,-0.098723,-1.069639
1152,0.022501,0.024585,0.3555,0.819512,0.045942,-0.571256,0.316671,0.794524,0.518095,0.476664,-0.60554,0.637291,-0.032749,-0.024443,0.029705,0.351803,0.550345,0.110417,-1.897668,-0.205883,0.021416,0.315077,0.608467,0.488268,0.625582,-0.792463,0.334027,0.510256,0.039423,-0.806823,0.589359,0.026975,-0.015148,0.002719,-0.033552,0.000796,0.01909,0.182917,0.026899,0.058433,-0.036805,-0.544791,-0.57931,0.606301,0.821576,-0.223906,0.524287,-0.16797,0.783751,0.597929,0.013521,-0.007256,0.001624,-0.032501,-0.016358,0.042195,0.079261,0.025634,0.064807,-0.048444,-0.767097,-0.10263,-0.633268,-0.320467,-0.793834,0.516843,-0.555753,0.599411,0.576058,-0.015504,-0.0071,0.010378,0.77439,0.55083,0.006804,-1.070455
1153,0.02122,0.023983,0.356436,0.828056,0.053751,-0.558102,0.288267,0.812978,0.505906,0.479891,-0.579865,0.658398,-0.030891,-0.0139,0.021,0.563367,0.427494,-0.297563,-1.897778,-0.20486,0.020801,0.315188,0.605779,0.48632,0.629695,-0.794619,0.331936,0.508265,0.037407,-0.80886,0.586694,0.026986,-0.01555,0.002339,-0.03197,-0.015571,0.042051,0.173298,0.02742,0.058118,-0.036749,-0.542462,-0.577039,0.610541,0.823472,-0.221446,0.522355,-0.166217,0.786121,0.595302,0.013307,-0.002238,-0.002817,0.001357,-0.017545,0.03869,0.067667,0.025005,0.064509,-0.04798,-0.77642,-0.108823,-0.620748,-0.291781,-0.810978,0.507127,-0.5586,0.574866,0.597907,-0.01659,-0.012684,0.014599,3.577936,-1.877607,-3.322277,-1.070618
1154,0.020023,0.023187,0.357205,0.837453,0.055693,-0.543706,0.267221,0.826097,0.496114,0.475745,-0.560827,0.677618,-0.035264,-0.028544,0.026087,0.176599,0.583878,-0.091416,-1.898143,-0.20397,0.02042,0.315087,0.606415,0.483222,0.631465,-0.794183,0.331088,0.509498,0.036376,-0.811058,0.583716,0.012953,-0.005855,-0.006048,-0.017119,0.027757,0.025545,0.17232,0.027871,0.057926,-0.036795,-0.543712,-0.573981,0.612309,0.82276,-0.220527,0.523864,-0.165657,0.788614,0.592151,0.01326,-0.002871,-0.003395,0.006117,-0.000428,0.048909,0.059666,0.024385,0.064105,-0.047576,-0.787372,-0.110997,-0.606403,-0.268033,-0.824181,0.498882,-0.55516,0.555342,0.619186,-0.01772,-0.014398,0.012949,0.138785,0.554634,-0.099241,-1.066046
1155,0.018721,0.022692,0.357791,0.846017,0.061753,-0.52961,0.243833,0.838552,0.487184,0.473142,-0.541375,0.695037,-0.030616,-0.006054,0.009859,0.220956,0.511507,-0.077035,-1.89757,-0.20332,0.020181,0.31475,0.608267,0.480963,0.631408,-0.792774,0.331207,0.51161,0.036182,-0.812349,0.58193,0.012676,-0.008824,-0.008733,-0.064302,0.098056,0.078411,0.171943,0.028196,0.057809,-0.036961,-0.545651,-0.572279,0.612177,0.821476,-0.22087,0.52573,-0.165652,0.789754,0.590632,0.006328,-0.004555,-0.004508,-0.084415,0.123379,0.096803,0.058523,0.023743,0.063855,-0.047291,-0.796458,-0.117329,-0.5932,-0.24373,-0.835489,0.492496,-0.553397,0.536833,0.636836,-0.015178,-0.002769,0.005172,0.286908,0.571027,-0.016043,-1.063597
1156,0.018131,0.022553,0.357953,0.847919,0.071634,-0.525307,0.227737,0.84558,0.482807,0.477723,-0.529098,0.70133,-0.031574,-0.007672,0.008408,0.250835,0.448168,0.115306,-1.897408,-0.203108,0.020076,0.314494,0.609579,0.478689,0.631872,-0.791787,0.331052,0.513237,0.035739,-0.813752,0.579994,-0.001108,-0.011084,-0.009962,-0.050835,0.104467,0.006602,0.17131,0.028307,0.057755,-0.037091,-0.547492,-0.569971,0.612686,0.820303,-0.220846,0.527569,-0.16539,0.791428,0.588461,-0.000564,-0.005704,-0.005137,-0.027324,0.088853,-0.00256,0.057707,0.02345,0.063788,-0.047207,-0.79802,-0.127796,-0.588924,-0.227063,-0.841469,0.490278,-0.558217,0.524974,0.642491,-0.009318,-0.006161,0.00287,0.398824,0.678665,0.03304,-1.06523
1157,0.017209,0.022319,0.357913,0.845767,0.098846,-0.52436,0.196254,0.856221,0.477852,0.495152,-0.507177,0.705423,-0.018613,-0.00522,-0.0061,0.010268,0.053886,-0.075424,-1.897878,-0.202859,0.019908,0.31384,0.614687,0.469723,0.633649,-0.787897,0.330136,0.519771,0.034193,-0.819321,0.572194,-0.001537,-0.000373,-0.018272,-0.138543,0.260537,0.187219,0.169522,0.028431,0.057667,-0.037415,-0.553368,-0.562474,0.614333,0.816504,-0.220533,0.533559,-0.164633,0.796861,0.581298,0.005978,-0.000718,-0.010034,-0.222644,0.351065,0.255382,0.054931,0.022985,0.063673,-0.04722,-0.795183,-0.153749,-0.586554,-0.195035,-0.851067,0.48749,-0.574147,0.502042,0.646767,-0.009062,-0.002161,-0.002644,-0.019848,0.106012,-0.242822,-1.069965
1158,0.016516,0.022304,0.35761,0.845672,0.119078,-0.520292,0.172745,0.861302,0.477797,0.503975,-0.494082,0.708463,-0.0163,0.005906,-0.014345,0.054517,-0.015905,-0.073115,-1.897725,-0.202814,0.01988,0.313149,0.62005,0.460905,0.634898,-0.783755,0.329622,0.526318,0.032534,-0.824512,0.564788,0.012142,0.000494,-0.018352,-0.031075,0.088021,0.098081,0.172646,0.028453,0.057649,-0.037771,-0.560705,-0.553635,0.615708,0.811717,-0.220716,0.54074,-0.163476,0.802977,0.573152,0.006083,0.000257,-0.009167,0.023059,0.050391,0.074433,0.055421,0.022629,0.063661,-0.047376,-0.794405,-0.174171,-0.581879,-0.171351,-0.854826,0.489806,-0.582716,0.488811,0.649234,-0.0082,0.002876,-0.007239,0.052772,-0.021269,-0.073573,-1.071435
1159,0.016154,0.022337,0.357431,0.843562,0.134497,-0.51996,0.156812,0.864304,0.477871,0.512629,-0.484813,0.708657,-0.01781,-0.003702,-0.00481,-0.000523,0.028384,-0.055462,-1.897774,-0.202862,0.019861,0.312823,0.622463,0.456417,0.635778,-0.781879,0.329131,0.529406,0.031601,-0.827196,0.560902,-0.001447,0.000564,-0.017483,-0.04033,0.113982,0.077063,0.173969,0.028429,0.05764,-0.037927,-0.563662,-0.549684,0.616548,0.809793,-0.220586,0.543669,-0.162844,0.805722,0.569466,-0.00073,0.000113,-0.008894,-0.021079,0.127146,0.053849,0.05738,0.022454,0.063676,-0.047466,-0.791579,-0.189532,-0.58093,-0.155322,-0.857052,0.49126,-0.590997,0.479102,0.648986,-0.007922,0.003373,-0.006804,0.036054,-0.096798,0.130461,-1.067516
1160,0.015491,0.02232,0.35722,0.846959,0.168061,-0.504442,0.118329,0.865397,0.486887,0.517318,-0.472268,0.713703,-0.016836,-0.001949,-0.00327,0.242777,-0.197861,-0.424364,-1.898351,-0.202918,0.019706,0.312182,0.621406,0.450179,0.641237,-0.782883,0.327433,0.528976,0.027398,-0.831272,0.555067,-0.001594,-0.00087,-0.018836,0.032755,0.005684,-0.005634,0.171633,0.028401,0.057565,-0.038246,-0.56365,-0.54338,0.622121,0.810602,-0.219064,0.543078,-0.158813,0.8104,0.563941,-0.000824,-0.000823,-0.009769,0.051495,0.000973,-0.036142,0.058033,0.022121,0.063665,-0.047573,-0.794882,-0.222399,-0.564535,-0.117983,-0.855994,0.503341,-0.595182,0.466703,0.654175,-0.008292,-0.000772,-0.001434,0.803233,-0.749234,-1.304882,-1.064577
1161,0.014951,0.022227,0.35713,0.855038,0.174858,-0.48824,0.105282,0.863351,0.49347,0.506749,-0.473552,0.720403,-0.014824,0.001574,-0.00012,0.053403,0.186111,-0.161945,-1.899008,-0.202879,0.019329,0.311641,0.617773,0.445376,0.648065,-0.785909,0.325261,0.52582,0.022628,-0.834701,0.550115,-0.001268,-0.012676,-0.011633,-0.000797,0.048397,-0.063353,0.16766,0.02842,0.057375,-0.038524,-0.560763,-0.538329,0.629082,0.813444,-0.216476,0.539856,-0.15444,0.814455,0.559293,-0.000621,-0.006298,-0.00578,0.003724,0.036259,-0.061419,0.055257,0.021848,0.063613,-0.047623,-0.803763,-0.229495,-0.548904,-0.105135,-0.8533,0.51071,-0.585585,0.468199,0.661723,-0.00208,-0.007093,0.002724,0.018816,0.092114,0.038953,-1.064414
1162,0.014484,0.022158,0.357173,0.855317,0.187882,-0.482886,0.084302,0.869104,0.487364,0.510183,-0.457788,0.728128,-0.015196,0.000961,-0.000684,0.191865,0.279714,0.086411,-1.899131,-0.202658,0.018829,0.311219,0.610112,0.441199,0.658101,-0.792042,0.322255,0.518416,0.015889,-0.838073,0.5452,0.012515,-0.011441,-0.011374,0.095406,0.538694,-0.618539,0.161535,0.028526,0.057126,-0.038733,-0.554374,-0.53366,0.638651,0.818895,-0.212756,0.533053,-0.148592,0.818499,0.554958,0.006232,-0.00596,-0.005904,0.324793,1.668233,-1.908036,0.047909,0.021624,0.063588,-0.047599,-0.803418,-0.243213,-0.543475,-0.083352,-0.857839,0.507113,-0.589551,0.452724,0.668931,-0.001062,-0.001822,-0.001644,0.357166,0.334498,0.372181,-1.061148
1163,0.014288,0.022115,0.357199,0.857428,0.187215,-0.479388,0.079304,0.872335,0.482404,0.507436,-0.451872,0.733721,-0.016792,-0.008783,0.008751,0.339824,0.53686,0.204492,-1.899439,-0.202434,0.018571,0.311007,0.607393,0.439594,0.661681,-0.794178,0.321274,0.515751,0.013385,-0.839292,0.543391,0.012534,-0.011414,-0.011376,0.00053,0.001631,0.005687,0.160096,0.028638,0.056998,-0.038838,-0.551496,-0.531412,0.643003,0.821325,-0.211132,0.52995,-0.145863,0.82038,0.5529,0.006251,-0.005944,-0.005909,0.008622,-0.12272,0.176101,0.04497,0.021514,0.063563,-0.047584,-0.805695,-0.242909,-0.54023,-0.07772,-0.860805,0.502963,-0.587208,0.447222,0.674668,-0.008348,-0.004302,0.004458,0.469896,0.642411,0.244893,-1.063434
1164,0.013888,0.022164,0.357294,0.85953,0.193219,-0.473202,0.063733,0.878093,0.474197,0.506072,-0.437981,0.743028,-0.012935,0.004868,0.002833,0.331579,0.444857,0.212122,-1.898921,-0.201775,0.017953,0.310527,0.600215,0.430386,0.674167,-0.799741,0.322574,0.506254,-0.00033,-0.843544,0.536932,0.012653,-0.026051,-0.006812,-0.009052,-0.027695,0.079018,0.162233,0.028968,0.056699,-0.039076,-0.545887,-0.521442,0.655823,0.827273,-0.211413,0.520503,-0.132762,0.826681,0.546783,0.013001,-0.007155,-0.007492,0.06158,0.175089,-0.134707,0.043664,0.021317,0.063583,-0.04754,-0.807892,-0.248938,-0.53417,-0.06143,-0.865895,0.496438,-0.586119,0.433883,0.684258,-0.007429,-0.002712,0.00589,0.2887,0.490723,0.226077,-1.065883
1165,0.013425,0.02227,0.357473,0.858081,0.20797,-0.469564,0.043097,0.881985,0.469273,0.510678,-0.423165,0.748443,1.3e-05,2.2e-05,1.9e-05,0.110685,0.043302,0.252406,-1.899451,-0.200886,0.017258,0.309943,0.593883,0.421489,0.685304,-0.804352,0.324705,0.497512,-0.013563,-0.847202,0.530968,0.012135,-0.016694,-0.01645,0.01218,-0.082562,0.127231,0.166547,0.029417,0.056343,-0.039369,-0.54116,-0.511899,0.667161,0.832298,-0.212739,0.511879,-0.120099,0.832286,0.541178,0.006067,-0.008471,-0.008354,0.009596,-0.094097,0.139612,0.047093,0.021083,0.063641,-0.047447,-0.806811,-0.262243,-0.529417,-0.040392,-0.869509,0.492261,-0.589426,0.418546,0.690938,1.4e-05,3.8e-05,3.4e-05,0.105611,0.039204,0.253016,-1.06572
1166,0.013316,0.022203,0.357566,0.856886,0.212957,-0.469512,0.03807,0.882112,0.469468,0.513075,-0.420415,0.748353,-0.002068,-0.01054,0.008721,-0.0306,0.025827,-0.011904,-1.900148,-0.200402,0.016943,0.309602,0.5947,0.416666,0.687541,-0.803605,0.329344,0.495667,-0.020649,-0.847791,0.529799,0.025903,-0.016612,-0.017286,0.000996,0.003123,0.011499,0.169965,0.029649,0.05619,-0.039535,-0.542733,-0.507305,0.669389,0.832244,-0.217422,0.509997,-0.113184,0.833887,0.540203,0.006117,-0.008141,-0.008074,0.007884,-0.104892,0.151996,0.050195,0.021028,0.063607,-0.0474,-0.80546,-0.266969,-0.529112,-0.035601,-0.869385,0.49285,-0.591578,0.415808,0.690751,-0.001029,-0.005251,0.004379,-0.046977,0.011449,-0.01675,-1.065557
1167,0.013173,0.022035,0.357784,0.85421,0.222426,-0.469997,0.028669,0.882403,0.469589,0.518115,-0.414874,0.747972,0.000716,0.001222,0.001104,0.000184,-0.014205,0.025071,-1.899921,-0.199464,0.016301,0.308893,0.596779,0.417022,0.68552,-0.802077,0.330626,0.497284,-0.020013,-0.847117,0.530901,0.025951,-0.01715,-0.017923,0.000956,0.003009,0.011639,0.172045,0.030118,0.055868,-0.03989,-0.544741,-0.507985,0.667238,0.830845,-0.218941,0.511625,-0.113812,0.833075,0.541323,0.006122,-0.008469,-0.008439,-0.001488,0.017761,-0.017764,0.055094,0.020955,0.063521,-0.047293,-0.80224,-0.276478,-0.529121,-0.026211,-0.869133,0.493881,-0.596425,0.410081,0.690007,-0.001023,-0.005235,0.004392,-0.02999,-0.075637,0.160377,-1.06523
1168,0.013038,0.021995,0.357871,0.84687,0.24663,-0.471199,0.003877,0.883125,0.469092,0.530769,-0.399389,0.747529,-0.000507,-0.000865,-0.000782,0.022345,-0.118963,0.13963,-1.899466,-0.198507,0.015665,0.308239,0.597368,0.412235,0.687899,-0.80145,0.334698,0.495569,-0.026688,-0.847855,0.529426,0.026654,-0.026727,-0.008682,-0.035075,0.0183,-0.006089,0.171096,0.030596,0.05555,-0.040224,-0.546027,-0.503349,0.669695,0.830874,-0.223039,0.509804,-0.107241,0.8348,0.540006,0.013152,-0.007262,-0.007792,0.002104,-0.014227,0.03508,0.055421,0.020891,0.063506,-0.047245,-0.793753,-0.300462,-0.528846,-0.001309,-0.868623,0.49547,-0.608238,0.393974,0.689079,-0.000355,-0.000587,-0.000537,0.07207,-0.071972,-0.110815,-1.066536
1169,0.013096,0.02201,0.357796,0.840911,0.269645,-0.469261,-0.021937,0.883353,0.468166,0.539717,-0.383722,0.749326,-0.000272,-0.000463,-0.000418,0.025096,-0.015622,-0.030557,-1.899769,-0.197466,0.015131,0.307658,0.601056,0.404114,0.689503,-0.798236,0.343946,0.494422,-0.038095,-0.848053,0.528411,0.026542,-0.012451,-0.013682,0.002502,-0.013701,0.035066,0.171286,0.031116,0.055275,-0.040514,-0.550871,-0.495865,0.67131,0.829051,-0.232612,0.508492,-0.095989,0.836665,0.539237,0.013268,-0.00641,-0.007033,8.4e-05,6.7e-05,0.014389,0.055094,0.020914,0.063514,-0.047283,-0.787008,-0.3229,-0.525691,0.024435,-0.867739,0.496417,-0.616457,0.37784,0.690809,-0.000211,-0.000343,-0.00032,0.220421,-0.245922,-0.374683,-1.067843
1170,0.013128,0.021983,0.357776,0.838891,0.277763,-0.46814,-0.03235,0.883964,0.466403,0.542327,-0.376458,0.751125,-0.000544,-0.000928,-0.000839,0.041803,0.00631,-0.018405,-1.899391,-0.196948,0.01489,0.307393,0.595984,0.401479,0.69542,-0.801826,0.342377,0.48968,-0.042238,-0.849935,0.525061,0.026598,-0.012233,-0.013517,0.003386,0.017559,-0.005185,0.170774,0.031376,0.055157,-0.040645,-0.546319,-0.492596,0.677409,0.832501,-0.230454,0.503817,-0.092066,0.839189,0.535988,0.013355,-0.005567,-0.006249,0.009607,0.030501,-0.016406,0.055094,0.020935,0.063499,-0.047293,-0.784695,-0.330935,-0.524151,0.035121,-0.867944,0.495417,-0.618885,0.370343,0.692695,-0.00036,-0.000598,-0.000553,0.06667,-0.060926,-0.099041,-1.068169
1171,0.013173,0.022004,0.357785,0.832248,0.301805,-0.465105,-0.063351,0.885167,0.460909,0.549766,-0.354496,0.756384,0.002479,0.011239,-0.008092,0.120466,-0.067929,-0.086031,-1.899603,-0.195912,0.014494,0.306941,0.59529,0.400611,0.696514,-0.802282,0.342422,0.488902,-0.043381,-0.850325,0.524336,0.026901,-0.009311,-0.010786,0.002487,-0.013701,0.035067,0.170378,0.031904,0.054953,-0.040878,-0.545833,-0.491691,0.678458,0.832934,-0.23044,0.503108,-0.09103,0.839724,0.535328,0.013468,-0.004535,-0.005299,0.002006,-0.015376,0.036653,0.054441,0.020956,0.063507,-0.047291,-0.777299,-0.354467,-0.519766,0.066513,-0.867838,0.492374,-0.625604,0.348152,0.698147,0.001256,0.005666,-0.00402,0.079974,-0.101573,-0.093643,-1.061964
1172,0.01314,0.022019,0.357767,0.819448,0.333297,-0.46633,-0.099112,0.883732,0.457347,0.563525,-0.328963,0.757793,-0.002132,-0.010646,0.008628,0.741148,-0.734264,-1.269324,-1.899509,-0.194959,0.014194,0.3066,0.59884,0.392567,0.698049,-0.798948,0.351685,0.487784,-0.054748,-0.850286,0.523335,0.027227,-0.005722,-0.00738,3.860262,2.682048,2.927293,0.167074,0.03237,0.054802,-0.041048,-0.547686,-0.487423,0.680043,0.832377,-0.235068,0.501886,-0.084774,0.840929,0.534463,0.013655,-0.002435,-0.003295,-0.007669,0.082354,-0.100582,0.052971,0.020941,0.06352,-0.047302,-0.763457,-0.384085,-0.51924,0.100668,-0.864896,0.491752,-0.637964,0.323161,0.698976,8.3e-05,-0.000194,7.1e-05,2.56101,-2.515943,-4.196666,-1.061638
1173,0.01311,0.022012,0.357799,0.814545,0.341883,-0.468697,-0.108602,0.883513,0.455612,0.568854,-0.320635,0.75738,0.000506,0.000863,0.00078,0.001962,-0.001952,-0.002933,-1.899788,-0.194475,0.014108,0.306525,0.599955,0.388206,0.699529,-0.797668,0.356129,0.486654,-0.060944,-0.850433,0.52241,0.027505,-0.002212,-0.004011,0.031394,0.131391,-0.12841,0.166973,0.032611,0.054756,-0.041089,-0.552388,-0.480189,0.681384,0.830321,-0.244685,0.500694,-0.073703,0.842346,0.533872,0.006849,-0.001037,-0.001484,0.102393,0.581112,-0.660377,0.051502,0.020924,0.06351,-0.047285,-0.757294,-0.393962,-0.520863,0.111791,-0.863984,0.490951,-0.643433,0.313567,0.698332,0.000336,0.000597,0.000525,0.004152,-0.003969,-0.011939,-1.061964
1174,0.013123,0.021999,0.357883,0.79117,0.382978,-0.476889,-0.152773,0.878751,0.452138,0.591243,-0.285333,0.75435,0.000304,0.000519,0.000468,0.646603,-0.942021,-1.360328,-1.900347,-0.193671,0.014013,0.306545,0.608552,0.368733,0.702632,-0.788565,0.378847,0.484328,-0.088356,-0.849257,0.520403,0.013951,0.001564,0.00056,0.308458,1.767656,-2.022265,0.168696,0.033024,0.054709,-0.041079,-0.564203,-0.462417,0.683991,0.824316,-0.268667,0.498318,-0.046665,0.844978,0.53276,0.006989,0.000916,0.000403,0.30719,1.764958,-2.022695,0.051339,0.020933,0.063506,-0.04724,-0.732012,-0.433368,-0.525689,0.155349,-0.857455,0.490547,-0.663342,0.277421,0.694991,0.00015,0.000248,0.00023,0.588914,-0.985246,-1.400737,-1.068659
1175,0.013268,0.021839,0.357869,0.763411,0.423232,-0.487979,-0.196269,0.871738,0.448914,0.614436,-0.247452,0.749175,-0.002672,-0.011575,0.007791,-0.038196,0.066802,-0.239204,-1.900517,-0.193165,0.01389,0.306616,0.62556,0.339369,0.702491,-0.769604,0.415527,0.484748,-0.12817,-0.84429,0.520202,7e-06,0.000101,9.8e-05,0.002853,0.001969,0.002113,0.164994,0.033277,0.054654,-0.041037,-0.584744,-0.435461,0.684431,0.811194,-0.307521,0.497387,-0.006116,0.846051,0.533065,0.007196,-0.005791,0.003245,-0.02529,0.003258,0.019477,0.050032,0.021007,0.063432,-0.047249,-0.70073,-0.473469,-0.53367,0.19891,-0.848034,0.491194,-0.685135,0.238042,0.688421,0.006025,-0.003163,-0.002101,0.083409,-0.087172,-0.096993,-1.074211
1176,0.013451,0.021427,0.35794,0.740184,0.449929,-0.499737,-0.22368,0.865618,0.447934,0.6332,-0.220326,0.741985,0.009743,-0.017376,0.004121,-0.231404,-0.263995,-0.130981,-1.900592,-0.193004,0.013797,0.306683,0.635192,0.320612,0.70266,-0.75711,0.437805,0.484815,-0.152977,-0.840328,0.519914,7.7e-05,0.001093,0.001055,0.000255,0.000176,0.000189,0.155467,0.033358,0.054606,-0.041005,-0.596969,-0.418287,0.68459,0.802039,-0.331374,0.496914,0.019003,0.84571,0.533302,5.6e-05,0.000612,0.000586,-0.000657,-0.000965,-0.000546,0.039418,0.021097,0.063221,-0.047211,-0.676216,-0.498807,-0.542146,0.226332,-0.840981,0.491451,-0.701074,0.209622,0.681581,0.004828,-0.008735,0.001996,-0.319823,-0.328053,-0.157392,-1.086621
1177,0.01359,0.02114,0.357965,0.728707,0.465945,-0.501923,-0.243079,0.86116,0.446418,0.639336,-0.203875,0.741425,0.009034,-0.018608,0.003006,0.040478,-0.047441,-0.121449,-1.900497,-0.19301,0.013782,0.306753,0.638636,0.313011,0.702965,-0.752128,0.446476,0.48466,-0.162943,-0.838619,0.519644,0.000643,-0.009848,0.009139,-0.044729,0.130599,-0.176139,0.153021,0.033355,0.054603,-0.040973,-0.601578,-0.411304,0.684786,0.798284,-0.340749,0.49662,0.029078,0.84541,0.533324,9.5e-05,0.001198,0.00115,0.008706,0.00536,0.006324,0.03501,0.021164,0.063086,-0.047198,-0.663209,-0.514857,-0.543208,0.245453,-0.835274,0.492004,-0.70704,0.19297,0.680335,0.004728,-0.008918,0.001829,0.233963,-0.197849,-0.355167,-1.097235
1178,0.013962,0.020514,0.358101,0.702042,0.491509,-0.515365,-0.273893,0.854363,0.441608,0.65649,-0.169479,0.735067,0.012332,-0.005965,-0.003828,0.239738,-0.258005,-0.34857,-1.900412,-0.193114,0.013738,0.3069,0.64681,0.293876,0.703751,-0.739265,0.467929,0.484214,-0.187807,-0.833807,0.518997,0.000636,-0.00994,0.009051,-0.003088,0.018601,0.030294,0.152379,0.033303,0.054582,-0.040899,-0.612294,-0.393539,0.685727,0.788755,-0.363727,0.495546,0.054401,0.844291,0.533114,-0.00689,0.00025,0.000716,0.103852,0.086694,0.04834,0.03109,0.021342,0.06277,-0.047133,-0.635166,-0.538383,-0.553811,0.274768,-0.827621,0.489433,-0.721849,0.158701,0.673607,0.00512,-0.00859,0.002394,2.811446,-2.420899,-4.063019,-1.114217
1179,0.014424,0.019962,0.358255,0.675089,0.517009,-0.526309,-0.305315,0.845229,0.438569,0.670756,-0.136021,0.729117,0.01095,-0.015387,0.005918,0.265944,-0.714288,0.389982,-1.900166,-0.193283,0.013569,0.307029,0.656109,0.270672,0.704449,-0.72286,0.49318,0.483923,-0.217246,-0.82705,0.518321,0.000585,-0.01062,0.008398,-0.036221,0.0136,-0.016388,0.140154,0.033223,0.054497,-0.040835,-0.624875,-0.371889,0.68646,0.776131,-0.391131,0.494606,0.084558,0.841851,0.533043,0.000264,-0.005887,0.003642,-0.036389,0.012631,-0.016604,0.024722,0.021573,0.062497,-0.047061,-0.606874,-0.564819,-0.55918,0.307431,-0.815605,0.490177,-0.732932,0.125566,0.668612,0.005511,-0.007645,0.003008,0.682819,-0.808918,-1.492615,-1.12728
1180,0.014955,0.019373,0.358518,0.634233,0.555487,-0.537799,-0.355405,0.827209,0.435184,0.685822,-0.085557,0.722741,0.024546,-0.019218,0.004007,0.392447,-0.958404,0.128067,-1.899946,-0.193494,0.013296,0.307299,0.663141,0.25111,0.70511,-0.708723,0.513315,0.483895,-0.241252,-0.820919,0.517449,0.000644,-0.009764,0.009226,3.86051,2.687802,2.843247,0.108856,0.033113,0.05436,-0.0407,-0.632597,-0.357232,0.687172,0.767443,-0.408482,0.494139,0.104175,0.839956,0.53256,-0.006574,-0.004591,0.005367,-0.039367,0.027671,-0.04653,-0.006793,0.021839,0.062198,-0.046925,-0.563081,-0.600644,-0.567597,0.356537,-0.796187,0.488842,-0.745534,0.072888,0.662469,0.005847,-0.007027,0.00348,1.649926,-2.789588,0.478896,-1.132832
1181,0.015326,0.019036,0.358618,0.613303,0.57427,-0.542326,-0.377689,0.816247,0.437108,0.692927,-0.063958,0.718184,0.011296,-0.01483,0.006419,-0.154012,-0.203656,-0.121951,-1.89992,-0.193626,0.013134,0.307503,0.667099,0.239285,0.705487,-0.699974,0.525149,0.48393,-0.255513,-0.816938,0.516902,0.00073,-0.008573,0.010374,1.134225,0.816463,0.841174,0.102629,0.033047,0.054274,-0.040596,-0.640075,-0.342757,0.687619,0.758332,-0.425619,0.49374,0.12343,0.837475,0.532352,0.00036,-0.004168,0.005308,1.14762,0.822368,0.847503,-0.024265,0.02203,0.06203,-0.046875,-0.54018,-0.61851,-0.570658,0.378163,-0.784187,0.491978,-0.751796,0.049955,0.657499,0.012153,-0.009789,0.001802,-0.137931,-0.209548,-0.365207,-1.133322
1182,0.016193,0.018387,0.358821,0.585606,0.593889,-0.55173,-0.392063,0.803245,0.448391,0.708741,-0.047001,0.703921,0.012238,-0.013211,0.007875,-0.38002,-0.449476,-0.234818,-1.900091,-0.193852,0.012729,0.308011,0.674368,0.21543,0.706264,-0.681991,0.548089,0.484171,-0.283624,-0.808432,0.515615,0.000788,-0.007766,0.011153,0.316698,0.237823,0.263565,0.106508,0.032934,0.054072,-0.040341,-0.650833,-0.319968,0.688503,0.743681,-0.451211,0.493301,0.15282,0.833083,0.531617,0.000401,-0.003881,0.005574,0.320379,0.238093,0.264761,-0.03096,0.022462,0.061703,-0.046775,-0.511728,-0.636633,-0.576916,0.391039,-0.770502,0.503403,-0.764998,0.032009,0.643236,0.012767,-0.008746,0.002744,-0.552202,-0.637094,-0.283888,-1.137404
1183,0.016876,0.017981,0.358877,0.550099,0.621817,-0.557476,-0.41678,0.782893,0.461892,0.722972,-0.02251,0.69053,0.026639,-0.008559,-0.004682,0.094526,-0.402101,-0.589256,-1.899714,-0.194008,0.012203,0.308622,0.680758,0.19132,0.707076,-0.663398,0.570074,0.484617,-0.311209,-0.799207,0.514083,-0.012488,-0.018272,0.020629,0.03251,0.098003,0.038047,0.093355,0.03286,0.053818,-0.040048,-0.660559,-0.297286,0.689406,0.728578,-0.475458,0.493065,0.181202,0.827985,0.530665,0.000678,-0.009036,0.009945,1.114611,0.819883,0.849096,-0.040431,0.022799,0.0615,-0.046741,-0.473752,-0.663196,-0.579421,0.412798,-0.748415,0.519107,-0.777917,0.006744,0.628329,0.006874,-0.001764,-0.000837,0.753905,-1.03179,-1.278829,-1.137405
1184,0.017176,0.017869,0.358905,0.538218,0.629441,-0.56051,-0.419447,0.776882,0.469563,0.730342,-0.018401,0.682853,0.014709,-0.001827,-0.000135,-0.426773,-0.489742,-0.423987,-1.900146,-0.19405,0.011945,0.308923,0.684855,0.175127,0.707316,-0.650236,0.58475,0.484969,-0.329517,-0.792262,0.513422,-0.012529,-0.018769,0.020157,3.835222,2.722967,2.775822,0.099118,0.03284,0.053688,-0.039891,-0.665479,-0.285367,0.689711,0.720268,-0.487942,0.493077,0.195831,0.82491,0.530257,0.000702,-0.008977,0.00999,-0.069208,0.010705,-0.008266,-0.043697,0.022951,0.061439,-0.046732,-0.462806,-0.669854,-0.580607,0.415676,-0.74249,0.525281,-0.782957,0.001759,0.622071,0.00616,-0.006524,0.003985,-0.068315,-0.077312,-0.038569,-1.141813
1185,0.017645,0.017855,0.358857,0.526116,0.6373,-0.563112,-0.422448,0.770537,0.477266,0.737405,-0.013999,0.675325,0.01402,-0.003023,-0.00122,-0.256118,-0.350268,-0.153976,-1.900057,-0.194005,0.011447,0.309576,0.692691,0.138351,0.707835,-0.619346,0.616798,0.4857,-0.370249,-0.774996,0.512016,0.015273,-0.017802,0.019203,3.839564,2.816033,2.669881,0.115419,0.032857,0.053432,-0.039557,-0.679676,-0.247407,0.690528,0.692401,-0.527137,0.492653,0.242117,0.812967,0.529587,0.007424,-0.008934,0.009768,3.82135,2.823965,2.674707,-0.028674,0.023188,0.061436,-0.046752,-0.449605,-0.677539,-0.582062,0.417765,-0.735479,0.533425,-0.78951,-0.003334,0.613727,0.000604,0.001069,0.000952,-0.429693,-0.394847,-0.426168,-1.14263
1186,0.017885,0.018051,0.358777,0.520164,0.641753,-0.563585,-0.421446,0.766814,0.484099,0.74219,-0.015084,0.670041,0.001497,0.002649,0.002382,-0.103192,-0.134646,-0.073752,-1.899736,-0.193864,0.010822,0.310409,0.697564,0.109419,0.708112,-0.594504,0.639833,0.486942,-0.400653,-0.760774,0.510453,0.002094,-0.026944,0.030006,-0.001596,0.096449,0.050126,0.116979,0.032928,0.053117,-0.039143,-0.689063,-0.218328,0.691031,0.670203,-0.554756,0.493023,0.275713,0.802856,0.528586,0.001058,-0.013365,0.015085,-0.001646,0.094829,0.049601,-0.01757,0.023312,0.06153,-0.046795,-0.442425,-0.682073,-0.582267,0.415521,-0.731278,0.5409,-0.794733,-0.002637,0.606952,0.000878,0.001553,0.001393,-0.10799,-0.162187,-0.054016,-1.143446
1187,0.017958,0.018138,0.358804,0.519012,0.645635,-0.560202,-0.421593,0.763476,0.489219,0.742912,-0.018531,0.669152,0.001981,0.003507,0.003151,-0.066488,-0.086814,-0.047572,-1.899694,-0.193767,0.010456,0.310905,0.699769,0.092809,0.708308,-0.579977,0.652501,0.48765,-0.417776,-0.752151,0.509505,0.001633,-0.01475,0.02307,0.034802,0.083177,0.066578,0.11515,0.03297,0.05295,-0.038914,-0.693544,-0.202545,0.691354,0.657868,-0.569175,0.493201,0.293606,0.796877,0.527997,0.000808,-0.007297,0.011609,1.117128,0.825288,0.841494,-0.019203,0.023347,0.061571,-0.046784,-0.441421,-0.685829,-0.578606,0.415156,-0.727761,0.5459,-0.795482,0.00076,0.605975,0.001018,0.001807,0.00162,-0.080925,-0.115512,-0.054954,-1.138221
