frame,MLTx,MLTy,MLTz,MLTR1,MLTR2,MLTR3,MLTR4,MLTR5,MLTR6,MLTR7,MLTR8,MLTR9,MLTTVx,MLTTVy,MLTTVz,MLTRVx,MLTRVy,MLTRVz,MLGA,MRTx,MRTy,MRTz,MRTR1,MRTR2,MRTR3,MRTR4,MRTR5,MRTR6,MRTR7,MRTR8,MRTR9,MRTTVx,MRTTVy,MRTTVz,MRTRVx,MRTRVy,MRTRVz,MRGA,SLTx,SLTy,SLTz,SLTR1,SLTR2,SLTR3,SLTR4,SLTR5,SLTR6,SLTR7,SLTR8,SLTR9,SLTTVx,SLTTVy,SLTTVz,SLTRVx,SLTRVy,SLTRVz,SLGA,SRTx,SRTy,SRTz,SRTR1,SRTR2,SRTR3,SRTR4,SRTR5,SRTR6,SRTR7,SRTR8,SRTR9,SRTTVx,SRTTVy,SRTTVz,SRTRVx,SRTRVy,SRTRVz,SRGA
501,0.093979,0.028813,0.392955,-0.456642,-0.839015,-0.295934,-0.248019,-0.199447,0.947987,-0.853835,0.507333,-0.116641,-0.001095,-0.003764,-0.002118,0.000326,0.000477,0.00016,0.042556,-0.165278,0.051773,0.341469,0.566879,-0.675883,0.47098,-0.062746,0.534496,0.842799,-0.822061,-0.506455,0.259966,8e-06,-0.000254,-0.000166,-4e-06,3e-06,3e-06,-1.405625,0.037175,0.046977,-0.006031,-0.410739,0.768838,0.490083,0.012963,-0.532539,0.846305,0.91166,0.353964,0.208768,-0.000489,0.005724,-0.003786,0.036629,-0.011185,0.015269,-0.783756,0.062781,0.038806,-0.043465,-0.415578,-0.856608,-0.305803,-0.15065,-0.266741,0.95192,-0.896994,0.441667,-0.018196,-0.00111,-0.007441,0.003314,-0.036272,-0.059896,0.135096,-0.223564
502,0.094102,0.028574,0.392805,-0.457209,-0.837872,-0.298289,-0.247359,-0.202414,0.947531,-0.853723,0.508047,-0.114332,0.010396,-0.008768,-0.005181,0.028912,0.028214,0.017646,0.126576,-0.165337,0.051829,0.341442,0.566795,-0.675846,0.471135,-0.062714,0.534676,0.842688,-0.822122,-0.506315,0.260047,-0.001022,0.012692,-0.00676,0.03651,-0.011167,0.01771,-1.405812,0.037146,0.047,-0.006042,-0.410654,0.768766,0.490266,0.012938,-0.532729,0.846186,0.911698,0.353833,0.208822,-2.4e-05,0.000775,0.00051,-0.000156,-0.000267,-0.000106,-0.784246,0.062839,0.038687,-0.043533,-0.416417,-0.855374,-0.30811,-0.149669,-0.269772,0.951221,-0.896769,0.442219,-0.015685,0.005121,-0.004657,-0.002746,0.015548,0.032274,0.013136,-0.095217
503,0.094334,0.028422,0.392465,-0.458197,-0.836757,-0.299897,-0.245895,-0.204954,0.947366,-0.853615,0.508865,-0.111466,-0.001087,0.003483,-0.013052,0.07455,0.024232,0.035427,0.207727,-0.165514,0.051853,0.341437,0.567785,-0.676515,0.468978,-0.060794,0.533566,0.843532,-0.821584,-0.506592,0.261205,-0.012197,-0.000705,0.000487,-0.002045,0.015205,-0.029245,-1.406013,0.037062,0.04702,-0.006045,-0.411659,0.7696,0.48811,0.01125,-0.531265,0.84713,0.911268,0.35422,0.210041,-0.0,0.0,2e-06,-0.000493,0.000372,-0.001366,-0.784082,0.062958,0.038606,-0.043706,-0.41762,-0.854262,-0.309562,-0.148042,-0.272169,0.950792,-0.896479,0.442898,-0.012804,0.004916,-0.005393,-0.00317,0.024077,0.040161,0.017212,0.018596
504,0.094395,0.028346,0.392251,-0.462976,-0.834091,-0.299986,-0.246827,-0.203788,0.947375,-0.850759,0.513695,-0.111147,0.010451,-0.001403,-0.016055,0.035406,-0.018818,0.020161,0.245529,-0.16559,0.051892,0.341412,0.570039,-0.67801,0.464058,-0.056588,0.530937,0.845481,-0.820324,-0.507352,0.263676,-0.013177,0.010881,-0.006996,0.034615,0.003765,-0.011019,-1.405936,0.037019,0.047039,-0.006058,-0.413894,0.771457,0.483263,0.007665,-0.527897,0.849273,0.910292,0.355214,0.21258,-0.006588,0.005439,-0.003497,0.032333,0.00674,-0.018465,-0.785226,0.062985,0.038572,-0.043811,-0.422652,-0.851973,-0.30904,-0.149208,-0.270927,0.950965,-0.893925,0.448038,-0.012613,-0.001326,-0.004605,-0.002611,-0.009316,0.009421,-0.028547,0.072809
505,0.094499,0.02815,0.391888,-0.467185,-0.826307,-0.314643,-0.25652,-0.213936,0.94255,-0.845573,0.522087,-0.111619,-0.001072,0.003535,-0.013037,-1.014889,-0.00473,2.577497,0.320793,-0.165832,0.052056,0.341345,0.56979,-0.680335,0.460951,-0.055006,0.527945,0.847457,-0.820605,-0.507359,0.262788,-0.012205,-0.000292,0.000756,-0.002847,0.015942,-0.02867,-1.406229,0.036903,0.047121,-0.006091,-0.413336,0.773719,0.480116,0.006843,-0.524611,0.851314,0.910552,0.355164,0.211545,-0.006103,-0.000109,0.000405,0.00759,0.011216,-0.034766,-0.785552,0.063039,0.038465,-0.043997,-0.428925,-0.844624,-0.320362,-0.156295,-0.279904,0.947219,-0.889715,0.456357,-0.011952,-0.001132,-0.003941,-0.00224,0.115891,0.129302,0.018787,0.179927
506,0.094438,0.027825,0.391725,-0.481937,-0.810642,-0.332629,-0.278986,-0.217952,0.93522,-0.830031,0.544526,-0.120698,-0.0024,-0.008291,-0.004728,-0.0185,0.054511,-0.025067,0.370523,-0.166061,0.05224,0.341189,0.562451,-0.690097,0.455419,-0.044988,0.52431,0.8503,-0.826255,-0.49786,0.263252,-0.013132,0.009887,-0.007642,-0.030031,0.063317,0.034768,-1.406867,0.036784,0.047214,-0.006168,-0.404717,0.781994,0.474013,-0.002115,-0.519162,0.854672,0.914438,0.344898,0.211768,-0.006565,0.00489,-0.00385,-0.017052,0.059674,0.023191,-0.784899,0.06301,0.038311,-0.04408,-0.445953,-0.828454,-0.338804,-0.181312,-0.287065,0.940594,-0.876499,0.48089,-0.022191,-0.001143,-0.003985,-0.002267,-0.058384,0.242254,-0.217972,0.268104
507,0.094264,0.027272,0.391591,-0.484263,-0.804237,-0.344583,-0.292863,-0.222175,0.929968,-0.823876,0.552267,-0.127505,-0.004073,-0.021296,0.002895,-0.035587,0.030309,-0.041925,0.388922,-0.16628,0.052429,0.341012,0.556556,-0.6973,0.451673,-0.040984,0.519816,0.853255,-0.83044,-0.492506,0.260133,-0.00091,0.00957,-0.008791,-0.135397,0.146566,0.141179,-1.406862,0.036679,0.047307,-0.006252,-0.398457,0.787504,0.470179,-0.005567,-0.514699,0.857352,0.917169,0.339001,0.20947,-0.000467,0.005232,-0.004097,-0.303831,0.255287,0.241345,-0.782613,0.062923,0.038032,-0.044148,-0.449801,-0.821663,-0.350067,-0.195161,-0.29206,0.936275,-0.871545,0.489457,-0.028987,-0.002048,-0.010713,0.001414,-0.030724,0.030389,-0.051705,0.317418
508,0.094185,0.027053,0.3915,-0.488485,-0.800143,-0.348137,-0.298094,-0.221999,0.928347,-0.819494,0.558258,-0.129635,-0.002448,-0.008438,-0.004843,-0.006244,0.088343,-0.177535,0.404352,-0.166409,0.052502,0.340889,0.556455,-0.697244,0.451885,-0.040766,0.520167,0.853052,-0.830519,-0.492217,0.26043,-0.01306,0.007691,-0.009076,0.03195,0.006212,-0.009805,-1.407059,0.036614,0.047346,-0.006313,-0.397623,0.787991,0.470069,-0.005418,-0.514317,0.857582,0.917532,0.338448,0.208773,-0.006531,0.003989,-0.00444,0.050643,-0.002495,-0.019821,-0.782776,0.062884,0.037924,-0.044193,-0.4545,-0.817741,-0.353167,-0.20057,-0.29235,0.935041,-0.867871,0.495812,-0.031142,-0.007558,-0.003654,-0.001986,0.000181,0.02751,-0.058217,0.332931
509,0.093836,0.02686,0.39153,-0.491237,-0.794834,-0.356329,-0.30795,-0.224238,0.924584,-0.814187,0.564912,-0.134166,-0.012413,0.002074,0.001401,-0.107305,0.021067,0.195916,0.465977,-0.166641,0.052649,0.340595,0.557359,-0.6979,0.449753,-0.038145,0.519465,0.853601,-0.830038,-0.492028,0.262314,-0.013068,0.008042,-0.008843,0.034461,0.00387,-0.011634,-1.407426,0.036499,0.047414,-0.006463,-0.398603,0.788693,0.468056,-0.007949,-0.513304,0.858169,0.917088,0.338349,0.210874,5.5e-05,-0.001747,-0.001141,-0.000207,-0.000633,-0.001119,-0.789471,0.062709,0.037811,-0.044188,-0.458421,-0.81234,-0.360489,-0.210288,-0.294957,0.932082,-0.863497,0.503093,-0.035611,-0.006548,-0.003778,0.005499,-0.418314,0.045669,0.779128,0.392368
510,0.093447,0.026745,0.391721,-0.489543,-0.78127,-0.387311,-0.34044,-0.237728,0.909702,-0.802194,0.578168,-0.149109,-0.001511,-0.005166,-0.002971,-0.102992,0.006979,0.203216,0.489471,-0.166849,0.052873,0.340282,0.558218,-0.698552,0.447669,-0.035422,0.51887,0.85408,-0.829582,-0.49173,0.264308,-0.012086,-0.004244,-0.001843,0.015319,0.001303,0.012523,-1.407334,0.036394,0.047531,-0.006622,-0.399485,0.789472,0.465988,-0.010517,-0.512223,0.858787,0.916679,0.338171,0.212928,-0.000442,0.004605,-0.004504,0.105976,-0.12061,0.253007,-0.792737,0.062516,0.037775,-0.04408,-0.460365,-0.797071,-0.390821,-0.24293,-0.310328,0.919065,-0.853843,0.518048,-0.050768,-0.007229,-0.00608,0.004176,-0.398567,0.01945,0.75007,0.459317
511,0.09331,0.026468,0.391653,-0.487758,-0.777358,-0.397305,-0.348105,-0.244225,0.905069,-0.799993,0.580727,-0.150979,-0.003984,-0.013606,-0.007842,0.005725,0.116025,0.252036,0.479019,-0.166927,0.053008,0.340139,0.55824,-0.698549,0.447647,-0.034951,0.519131,0.853941,-0.829587,-0.491459,0.264794,-0.013096,0.009325,-0.007994,0.034461,0.003817,-0.011667,-1.407298,0.036355,0.04759,-0.006693,-0.399503,0.789462,0.465989,-0.010995,-0.512406,0.858672,0.916665,0.337919,0.213388,-0.000449,0.004909,-0.004303,0.035914,-0.011317,0.016341,-0.795839,0.062452,0.037651,-0.044105,-0.459527,-0.792706,-0.400564,-0.250368,-0.317096,0.914748,-0.852144,0.52064,-0.052754,-0.002237,-0.007643,-0.004396,-0.212896,0.140856,0.842786,0.4634
512,0.093218,0.025994,0.391151,-0.491919,-0.771194,-0.40413,-0.348994,-0.250642,0.902969,-0.79705,0.586187,-0.145338,-0.00387,-0.013203,-0.007657,0.123253,0.138019,0.031885,0.48578,-0.167049,0.053225,0.339916,0.558054,-0.698481,0.447985,-0.034435,0.519777,0.853569,-0.829734,-0.490873,0.26542,-0.013081,0.008935,-0.008245,0.034461,0.003792,-0.011683,-1.407721,0.036294,0.047702,-0.006803,-0.399322,0.789353,0.466328,-0.011622,-0.512959,0.858333,0.916736,0.337332,0.21401,-0.000444,0.004686,-0.004449,0.034468,0.004808,-0.006081,-0.798615,0.062401,0.037398,-0.044366,-0.464836,-0.786349,-0.406916,-0.250782,-0.323833,0.912271,-0.849137,0.526104,-0.046673,-0.00161,-0.001884,-0.008674,0.160583,0.226062,-0.133377,0.460297
513,0.092705,0.025586,0.390909,-0.493035,-0.760199,-0.423154,-0.359824,-0.264706,0.894667,-0.791529,0.59431,-0.142495,-0.016115,-0.01029,-0.00581,0.048296,0.103608,0.049835,0.512786,-0.167128,0.053363,0.339752,0.556576,-0.700047,0.447379,-0.034823,0.518231,0.854493,-0.830709,-0.490277,0.263467,2.9e-05,-0.001079,-0.000709,-0.000185,0.00017,0.000134,-1.407572,0.03625,0.047773,-0.006888,-0.397588,0.790652,0.46561,-0.010907,-0.511478,0.859226,0.917499,0.33654,0.211982,2e-05,-0.000619,-0.000405,0.005261,-0.002604,-0.002871,-0.79486,0.062149,0.037192,-0.044488,-0.46859,-0.774276,-0.425346,-0.261119,-0.338571,0.903983,-0.843942,0.534664,-0.043527,-0.008161,-0.005508,-0.003111,-0.06001,0.084262,0.196612,0.490833
514,0.092293,0.024891,0.390643,-0.491762,-0.744648,-0.451347,-0.374267,-0.287308,0.881675,-0.785607,0.603426,-0.136843,-0.005499,-0.018581,-0.010901,-0.564151,0.362422,2.723346,0.503207,-0.167128,0.053462,0.33967,0.556438,-0.700017,0.447598,-0.034668,0.518536,0.854314,-0.830808,-0.489997,0.263674,1.1e-05,-0.000403,-0.000265,-0.0,0.0,0.0,-1.40773,0.03625,0.047823,-0.006929,-0.397478,0.790571,0.46584,-0.011153,-0.51179,0.859037,0.917543,0.336253,0.212242,8e-06,-0.000219,-0.000143,-6.5e-05,-0.000331,-0.000127,-0.795676,0.061941,0.036854,-0.044615,-0.470543,-0.759385,-0.449358,-0.273695,-0.358531,0.892493,-0.838856,0.542944,-0.039136,-0.002777,-0.0094,-0.005506,0.51773,0.557232,0.170068,0.499487
515,0.092153,0.024561,0.390427,-0.495245,-0.741726,-0.452349,-0.371327,-0.290049,0.88202,-0.784811,0.605709,-0.131209,-0.00534,-0.018019,-0.010609,0.144279,0.169573,0.014547,0.508194,-0.16713,0.053475,0.339633,0.557448,-0.700748,0.445191,-0.032574,0.517231,0.855187,-0.830216,-0.49033,0.264916,2.3e-05,-0.000843,-0.000555,0.005824,-0.009115,0.019586,-1.40768,0.03625,0.047827,-0.006944,-0.398469,0.791452,0.463492,-0.0129,-0.51013,0.86,0.91709,0.336704,0.21348,1.9e-05,-0.000614,-0.000403,0.070231,-0.10906,0.235248,-0.796003,0.06187,0.036685,-0.044726,-0.474717,-0.754588,-0.453032,-0.271569,-0.364033,0.890915,-0.837193,0.545963,-0.03211,-0.008813,-0.007608,-0.004388,0.120504,0.184203,-0.02625,0.497527
516,0.091712,0.023991,0.390267,-0.497848,-0.737292,-0.45672,-0.372343,-0.293956,0.880296,-0.782678,0.609228,-0.127605,-0.01642,-0.018221,0.004675,-0.037843,0.045862,-0.064697,0.51926,-0.167115,0.053484,0.33957,0.557449,-0.700757,0.445176,-0.032432,0.517297,0.855152,-0.830221,-0.490248,0.265052,1.9e-05,-0.000722,-0.000475,-0.0,0.0,0.0,-1.40739,0.036257,0.047835,-0.006979,-0.398486,0.79146,0.463464,-0.013077,-0.510169,0.859974,0.91708,0.336627,0.213645,1.2e-05,-0.000419,-0.000276,-0.000125,-0.000104,-0.00017,-0.796329,0.06165,0.036389,-0.044818,-0.47802,-0.750201,-0.456831,-0.272825,-0.36756,0.889081,-0.834902,0.549634,-0.028973,-0.001526,-0.005138,-0.003036,-0.024467,0.00031,-0.021124,0.512877
517,0.0912,0.023539,0.390337,-0.488722,-0.731357,-0.475725,-0.390483,-0.304295,0.868849,-0.779597,0.611299,-0.136269,-0.014258,-0.003613,-0.001988,0.001775,-0.060908,0.129114,0.502588,-0.167138,0.053546,0.339522,0.557137,-0.703096,0.441866,-0.030963,0.514008,0.857188,-0.830487,-0.490356,0.26402,0.0,-1e-06,-0.0,-0.028563,0.026233,0.020742,-1.407043,0.036245,0.047865,-0.007003,-0.397877,0.793778,0.460009,-0.013612,-0.506458,0.862156,0.917337,0.336771,0.212312,-0.0,2.9e-05,1.9e-05,-0.00746,0.020676,0.010891,-0.796819,0.061394,0.036163,-0.044783,-0.470955,-0.742709,-0.476007,-0.291115,-0.378517,0.878621,-0.832737,0.552365,-0.037949,-0.007558,-0.006864,0.003669,-0.053182,-0.047409,0.165105,0.510101
518,0.091044,0.023416,0.390404,-0.4864,-0.730553,-0.479325,-0.393613,-0.306608,0.866621,-0.779479,0.611103,-0.137818,-0.012815,0.001223,0.000882,-0.000984,0.014715,-0.029553,0.49683,-0.167187,0.05358,0.339491,0.557113,-0.703077,0.441926,-0.030891,0.514114,0.857127,-0.830505,-0.490271,0.264118,-0.012169,-0.000912,0.000343,-0.002536,0.015656,-0.028889,-1.407288,0.036221,0.047882,-0.007018,-0.397877,0.793704,0.460139,-0.013874,-0.506695,0.862013,0.917333,0.336591,0.212614,-0.006083,-0.000448,0.000178,0.00552,0.011974,-0.033202,-0.796003,0.061309,0.03609,-0.044751,-0.468983,-0.741578,-0.479703,-0.294198,-0.380951,0.87654,-0.832767,0.55221,-0.039512,-0.006297,0.000987,0.00067,0.001512,0.013775,-0.034136,0.49867
519,0.090883,0.023403,0.390548,-0.485595,-0.728987,-0.482515,-0.393966,-0.310285,0.865151,-0.779803,0.611114,-0.135917,-0.011806,0.004585,0.002878,0.005283,-0.073051,0.148817,0.499425,-0.167303,0.053598,0.339376,0.556888,-0.702986,0.442354,-0.030889,0.51455,0.856865,-0.830656,-0.489945,0.264248,5.1e-05,-0.001924,-0.001267,-0.0,0.0,0.0,-1.40738,0.036163,0.047893,-0.007075,-0.397686,0.793542,0.460583,-0.014015,-0.507181,0.861724,0.917414,0.336241,0.212821,-0.000443,0.004618,-0.00449,0.03655,-0.01177,0.017381,-0.794207,0.061234,0.036087,-0.044676,-0.46866,-0.739813,-0.482736,-0.294271,-0.384505,0.874962,-0.832923,0.552115,-0.037504,0.000416,0.001394,0.000832,-0.003991,-0.003925,-0.001909,0.492629
520,0.090816,0.023535,0.390639,-0.487572,-0.724465,-0.487309,-0.391574,-0.31746,0.863632,-0.779772,0.612802,-0.128285,0.001427,0.004747,0.002815,0.314804,0.20507,0.343879,0.493556,-0.167441,0.05361,0.33918,0.556597,-0.702875,0.442897,-0.030802,0.51515,0.856508,-0.830854,-0.489476,0.264496,-0.013007,0.006253,-0.010005,0.03446,0.003718,-0.01173,-1.40732,0.036099,0.047902,-0.007166,-0.397412,0.793387,0.461086,-0.014211,-0.50773,0.861398,0.91753,0.335777,0.213053,-0.006494,0.002896,-0.005152,0.034363,0.003563,-0.011769,-0.79437,0.061195,0.036152,-0.044631,-0.470321,-0.736324,-0.486441,-0.29228,-0.390132,0.873137,-0.832688,0.552832,-0.031726,0.000723,0.002408,0.001434,0.388572,0.387663,0.203867,0.488546
521,0.09101,0.023743,0.390714,-0.48872,-0.721439,-0.490637,-0.389991,-0.322453,0.862498,-0.779845,0.613762,-0.123149,0.001597,0.005323,0.00315,0.094361,0.080422,0.068444,0.494169,-0.16779,0.053486,0.338796,0.55591,-0.702589,0.444212,-0.030967,0.516386,0.855757,-0.831307,-0.488584,0.264721,-0.012862,4.7e-05,-0.014118,0.032583,0.020242,-0.035258,-1.40748,0.035919,0.047844,-0.007361,-0.396705,0.79298,0.462393,-0.014319,-0.50901,0.860641,0.917834,0.3348,0.213281,-0.00642,-0.000236,-0.007225,0.032516,0.020135,-0.035277,-0.796003,0.061295,0.036263,-0.044589,-0.472923,-0.7321,-0.490276,-0.289521,-0.396419,0.871222,-0.832177,0.553967,-0.024483,0.000806,0.002689,0.00159,0.08077,0.072573,0.063135,0.48577
522,0.0912,0.023795,0.39072,-0.489566,-0.722202,-0.488667,-0.388001,-0.3215,0.863751,-0.780305,0.613365,-0.122205,0.013463,0.001,0.000429,0.00235,-0.013352,0.030177,0.490993,-0.168072,0.053411,0.338542,0.556911,-0.700799,0.445781,-0.030234,0.519123,0.854126,-0.830665,-0.488256,0.267329,-0.012831,-0.001708,-0.015294,0.048179,0.020662,-0.071566,-1.407718,0.035783,0.047807,-0.007482,-0.398048,0.79131,0.464096,-0.015811,-0.511744,0.858992,0.917228,0.334582,0.216209,-0.012516,-0.000751,-0.007099,0.02307,0.027686,-0.065333,-0.796492,0.061386,0.036293,-0.044584,-0.473627,-0.733009,-0.488235,-0.287573,-0.395261,0.872392,-0.832453,0.553592,-0.023587,0.006814,0.000773,0.00037,-0.012218,-0.036496,0.051906,0.484301
523,0.091879,0.024072,0.390554,-0.491418,-0.724558,-0.48329,-0.381899,-0.319496,0.867207,-0.782146,0.611631,-0.119095,0.026375,0.00028,-0.000169,0.992168,0.154069,-2.48896,0.476077,-0.168902,0.05342,0.337862,0.55985,-0.697834,0.446752,-0.026387,0.523747,0.851426,-0.828821,-0.48757,0.274216,-0.025052,-0.00297,-0.015223,0.065015,0.003396,-0.089971,-1.407999,0.035372,0.047807,-0.007826,-0.401465,0.788873,0.4653,-0.02063,-0.515699,0.85652,0.915641,0.334264,0.22331,-0.012967,0.003861,-0.011602,0.069779,0.001493,-0.058036,-0.797309,0.061719,0.036428,-0.044669,-0.473833,-0.734917,-0.485159,-0.283589,-0.394238,0.874158,-0.833702,0.55179,-0.021611,0.013548,0.004971,-0.004884,0.03489,-0.049054,0.080714,0.471238
524,0.092899,0.024717,0.390095,-0.494001,-0.727823,-0.475692,-0.372812,-0.316997,0.872065,-0.784892,0.609051,-0.114146,0.028773,0.023164,-0.017225,0.072298,-0.077328,0.116966,0.464772,-0.170145,0.053615,0.337018,0.565536,-0.69054,0.450905,-0.027607,0.530444,0.847231,-0.824916,-0.490707,0.280326,-0.038156,0.005119,-0.024058,-0.153292,-0.373356,-0.245193,-1.407804,0.034756,0.047904,-0.008242,-0.407774,0.782959,0.469781,-0.020989,-0.522401,0.852441,0.912841,0.337743,0.229455,-0.019053,0.002701,-0.011923,-0.711493,-1.358031,-0.568163,-0.789961,0.062217,0.036732,-0.044885,-0.476539,-0.73976,-0.475042,-0.272142,-0.389677,0.879823,-0.835971,0.548549,-0.015623,0.014139,0.00708,-0.003652,0.028819,0.026312,-0.068308,0.455235
525,0.093569,0.025219,0.389753,-0.496374,-0.728012,-0.472924,-0.366783,-0.317932,0.874277,-0.78623,0.608335,-0.108615,0.029613,0.026254,-0.015407,0.132557,0.07813,-0.029867,0.456166,-0.170981,0.053693,0.336519,0.569957,-0.684976,0.453815,-0.030213,0.534328,0.844698,-0.821779,-0.494279,0.28325,-0.050354,0.001175,-0.025793,-0.153878,-0.35976,-0.278162,-1.407717,0.034342,0.047949,-0.008489,-0.412978,0.778286,0.47299,-0.019263,-0.526695,0.849836,0.910537,0.341852,0.232506,-0.019034,0.000499,-0.013411,-0.713521,-1.356611,-0.575186,-0.786205,0.062545,0.036974,-0.045056,-0.478511,-0.740304,-0.472203,-0.265859,-0.390378,0.881432,-0.836866,0.547315,-0.010017,0.021088,0.012167,-0.008375,0.157999,0.076554,0.047385,0.446254
526,0.095408,0.026525,0.388792,-0.495858,-0.735911,-0.461091,-0.350137,-0.316514,0.881586,-0.7941,0.599503,-0.100144,0.056675,0.044878,-0.035271,0.141173,-0.064796,0.050417,0.444675,-0.172898,0.053805,0.335212,0.60985,-0.641343,0.465567,-0.057602,0.549894,0.833206,-0.791129,-0.53413,0.297796,-0.052091,0.014865,-0.047054,0.332242,-0.760574,-0.681098,-1.407663,0.033365,0.048012,-0.009147,-0.458649,0.743026,0.487393,0.004725,-0.546438,0.837485,0.888604,0.386415,0.247112,-0.026034,0.006889,-0.023847,0.436516,-0.820348,-0.740397,-0.796819,0.063471,0.037634,-0.045538,-0.476452,-0.748722,-0.460877,-0.248834,-0.387932,0.887462,-0.843252,0.537516,-0.001476,0.027808,0.016873,-0.013322,0.104845,-0.036805,0.007841,0.426006
527,0.097696,0.028186,0.387589,-0.499612,-0.740919,-0.448856,-0.334281,-0.313169,0.888906,-0.798559,0.595074,-0.090647,0.057315,0.048607,-0.033066,1.141495,0.178703,-2.507692,0.433424,-0.174966,0.053835,0.333349,0.648514,-0.589617,0.481427,-0.076385,0.578717,0.811903,-0.758118,-0.56255,0.329634,-0.051425,-0.008654,-0.048076,0.840619,-0.711507,-0.589702,-1.40725,0.032331,0.048031,-0.010076,-0.504959,0.699221,0.506069,0.016844,-0.578215,0.81571,0.862979,0.420424,0.280197,-0.025696,-0.004892,-0.024383,0.731536,-0.667369,-0.529015,-0.813638,0.064588,0.038446,-0.046128,-0.477916,-0.7537,-0.451143,-0.235058,-0.385131,0.892424,-0.84637,0.532549,0.006897,0.034731,0.022715,-0.017593,0.136572,-0.067755,0.068261,0.411147
528,0.099023,0.029003,0.386964,-0.498656,-0.741964,-0.448193,-0.33111,-0.314853,0.889498,-0.800475,0.592878,-0.088104,0.069166,0.045525,-0.035049,0.139302,-0.065595,0.061212,0.42087,-0.175995,0.053706,0.33229,0.661097,-0.569276,0.48874,-0.08227,0.592324,0.801447,-0.746548,-0.569315,0.344106,-0.051603,-0.013795,-0.051832,0.364146,-0.987253,-0.409948,-1.406808,0.031835,0.047971,-0.010586,-0.520758,0.681062,0.514747,0.019162,-0.593481,0.804619,0.853488,0.428876,0.29601,-0.026155,-0.001574,-0.029849,-0.076745,-1.928444,-1.037061,-0.821802,0.065275,0.038877,-0.046449,-0.477629,-0.755628,-0.448214,-0.229442,-0.38518,0.893863,-0.848071,0.529775,0.0106,0.040918,0.02217,-0.018014,0.138293,-0.09512,0.124343,0.400696
529,0.102128,0.030582,0.385665,-0.49968,-0.748934,-0.435273,-0.315437,-0.310721,0.896618,-0.80614,0.586256,-0.080433,0.068074,0.036226,-0.025353,0.162832,-0.169248,-0.002455,0.390295,-0.17801,0.053169,0.329821,0.687789,-0.520548,0.505932,-0.101139,0.621304,0.776973,-0.719635,-0.584896,0.374012,-0.040556,-0.013307,-0.068472,-2.049843,-4.880058,-2.625672,-1.406533,0.030824,0.047704,-0.011814,-0.550979,0.64168,0.533542,0.028133,-0.624696,0.78036,0.834043,0.444973,0.326142,-0.026415,-0.006774,-0.033792,0.883281,-0.552813,-1.113514,-0.828334,0.066797,0.039657,-0.047092,-0.476923,-0.763126,-0.436099,-0.214336,-0.380208,0.899722,-0.85241,0.522571,0.017765,0.040443,0.021519,-0.018361,1.120809,0.134196,-2.472155,0.367221
530,0.105139,0.032162,0.384649,-0.498412,-0.751479,-0.432332,-0.307656,-0.312958,0.898542,-0.809922,0.581789,-0.074671,0.082445,0.051914,-0.031613,0.141674,-0.091208,0.117348,0.362813,-0.179811,0.052603,0.327096,0.714516,-0.465066,0.522659,-0.115236,0.658482,0.743678,-0.690901,-0.591002,0.416215,-0.041043,-0.018097,-0.072717,0.993834,-0.802683,-1.206295,-1.406167,0.029923,0.047415,-0.013179,-0.589484,0.589602,0.552157,0.037043,-0.663099,0.747614,0.806929,0.46116,0.369046,-0.026705,-0.009473,-0.036113,0.272483,0.248968,-2.756975,-0.825068,0.068357,0.040466,-0.047624,-0.475231,-0.765928,-0.433022,-0.20544,-0.381951,0.901058,-0.85554,0.517172,0.024162,0.041329,0.02628,-0.015673,0.1399,-0.091975,0.126069,0.325256
531,0.108526,0.033745,0.383771,-0.502191,-0.75573,-0.420382,-0.288884,-0.311635,0.905208,-0.81448,0.57697,-0.061288,0.092198,0.028242,-0.015575,1.520507,0.555667,-2.12097,0.321856,-0.181786,0.051534,0.324063,0.75259,-0.387138,0.532657,-0.152649,0.684153,0.713139,-0.641432,-0.617514,0.455089,-0.054364,-0.032193,-0.083307,0.000667,-1.606403,-1.804559,-1.406071,0.028941,0.046896,-0.014684,-0.640149,0.520141,0.565386,0.066399,-0.695726,0.71523,0.765375,0.495396,0.410832,-0.020908,-0.016345,-0.042024,-2.181769,-3.395121,-5.141822,-0.841887,0.070018,0.041257,-0.048052,-0.475499,-0.77166,-0.422421,-0.189601,-0.379,0.905765,-0.85904,0.510782,0.033906,0.040479,0.020691,-0.011432,0.200867,-0.045959,-0.129104,0.280024
532,0.110195,0.034381,0.383404,-0.507441,-0.760413,-0.405366,-0.272805,-0.304512,0.912591,-0.816759,0.574618,-0.052412,0.079675,0.030242,-0.014231,1.123664,0.252302,-2.450394,0.30165,-0.182678,0.050756,0.322378,0.775081,-0.336557,0.534761,-0.178834,0.694721,0.696645,-0.60693,-0.635157,0.477573,-0.042412,-0.038825,-0.090039,0.798384,-1.245809,-0.832416,-1.406139,0.02849,0.046511,-0.015523,-0.671342,0.473581,0.570105,0.090696,-0.710943,0.697375,0.735576,0.519884,0.434335,-0.020859,-0.026239,-0.042097,0.244758,-2.189498,-1.549146,-0.849072,0.070858,0.041574,-0.048235,-0.480706,-0.776034,-0.408278,-0.172234,-0.372973,0.911715,-0.8598,0.508587,0.045631,0.039656,0.014271,-0.007652,0.074876,-0.055548,0.034678,0.252428
533,0.113288,0.035714,0.382752,-0.515077,-0.765655,-0.385375,-0.251758,-0.294682,0.92182,-0.818723,0.572783,-0.04049,0.080401,0.043483,-0.021694,0.103311,0.02231,-0.074793,0.245728,-0.184139,0.0489,0.318491,0.809678,-0.239861,0.535611,-0.225093,0.715762,0.661023,-0.542927,-0.655467,0.524839,-0.030883,-0.050572,-0.102225,0.631958,-1.077775,-0.730757,-1.405709,0.027755,0.045585,-0.017463,-0.723225,0.383496,0.574348,0.130288,-0.740951,0.658798,0.678211,0.55129,0.485909,-0.021757,-0.026651,-0.051615,0.167134,-1.875603,-1.707116,-0.853481,0.072403,0.042231,-0.048561,-0.486758,-0.783756,-0.385736,-0.149355,-0.360407,0.92076,-0.860673,0.505799,0.058373,0.039954,0.016836,-0.006256,0.064366,0.022175,-0.055295,0.18303
534,0.116268,0.037239,0.38213,-0.514228,-0.770753,-0.376238,-0.239466,-0.292255,0.925859,-0.822932,0.567158,-0.033808,0.079772,0.04369,-0.021662,0.158976,-0.114598,-0.067189,0.185626,-0.184831,0.046778,0.314121,0.848859,-0.0712,0.523794,-0.33105,0.700689,0.631962,-0.413068,-0.709748,0.570523,-0.006382,-0.06375,-0.117584,0.789199,-1.355589,-0.979525,-1.405335,0.027399,0.044531,-0.019638,-0.792121,0.22572,0.567092,0.235626,-0.743997,0.625258,0.563049,0.628902,0.53615,-0.003497,-0.026841,-0.062927,-0.313422,-2.235373,-1.458082,-0.85838,0.073894,0.042998,-0.04887,-0.484825,-0.78916,-0.377055,-0.137094,-0.357212,0.923907,-0.863799,0.499625,0.064996,0.039608,0.016725,-0.006368,0.259964,-0.535479,0.140711,0.110855
535,0.119097,0.038569,0.381387,-0.509108,-0.781225,-0.361305,-0.218492,-0.288772,0.932118,-0.8319,0.554464,-0.023219,0.064861,0.027361,-0.015749,0.071231,-0.025029,0.031177,0.076067,-0.184871,0.044373,0.309224,0.865122,0.060107,0.497939,-0.394792,0.693667,0.602411,-0.310274,-0.717806,0.623175,-0.006653,-0.066483,-0.123647,0.609632,-1.177045,-0.410193,-1.40511,0.027378,0.043316,-0.022095,-0.833198,0.096973,0.544404,0.298421,-0.749979,0.590317,0.465537,0.654314,0.595943,-0.003284,-0.03351,-0.061991,0.120144,-1.868309,-1.361909,-0.867851,0.075316,0.043679,-0.049238,-0.477582,-0.800054,-0.363079,-0.11581,-0.352323,0.928685,-0.87092,0.485571,0.075609,0.032479,0.013808,-0.007853,0.071298,-0.136283,0.244479,-0.014062
536,0.120382,0.039174,0.381008,-0.509559,-0.780524,-0.362183,-0.215047,-0.292094,0.931884,-0.83252,0.553708,-0.018553,0.064517,0.026665,-0.016142,0.091317,-0.003019,0.043211,0.031033,-0.18495,0.043135,0.306815,0.865493,0.113106,0.487976,-0.423419,0.685385,0.592366,-0.268531,-0.719439,0.640438,-0.006628,-0.062887,-0.122526,-2.237535,-4.11075,-3.322931,-1.405387,0.027338,0.042686,-0.023308,-0.843212,0.048783,0.535361,0.323819,-0.748835,0.578261,0.429107,0.660958,0.61563,0.003237,-0.031815,-0.062038,0.202429,-0.916641,-0.165795,-0.868014,0.075958,0.043979,-0.049429,-0.478193,-0.799242,-0.364065,-0.112043,-0.355628,0.927887,-0.871078,0.4845,0.08051,0.032619,0.018785,-0.012432,0.105672,-0.134465,0.254534,-0.084277
537,0.122666,0.040565,0.380048,-0.50993,-0.775091,-0.373162,-0.211299,-0.307696,0.927711,-0.833251,0.552882,-0.006402,0.052388,0.045045,-0.034914,0.324035,0.057572,0.313074,-0.009552,-0.184484,0.040899,0.301902,0.857959,0.241656,0.453321,-0.489424,0.652123,0.578907,-0.156797,-0.71884,0.677161,0.006589,-0.059101,-0.124013,-1.725689,-4.144605,-3.85796,-1.405112,0.027565,0.041563,-0.025767,-0.8612,-0.076955,0.502405,0.393474,-0.726646,0.563172,0.321732,0.682687,0.656067,0.0096,-0.0237,-0.065985,0.722693,-1.350911,-0.216265,-0.873402,0.077106,0.044671,-0.0499,-0.479655,-0.793528,-0.374489,-0.107462,-0.370452,0.922613,-0.870851,0.48278,0.092415,0.025835,0.0168,-0.013341,0.325327,0.130227,0.29292,-0.181272
538,0.124512,0.041973,0.378729,-0.515753,-0.765143,-0.385486,-0.20311,-0.327966,0.922581,-0.831696,0.555073,0.014228,0.049694,0.02501,-0.031216,0.375567,0.185996,0.3249,-0.032071,-0.183987,0.038944,0.296987,0.853527,0.306184,0.421584,-0.51014,0.654981,0.557395,-0.106533,-0.691197,0.714675,0.007144,-0.046991,-0.116511,0.704235,-0.744739,0.119685,-1.405941,0.027811,0.040584,-0.028197,-0.86916,-0.147454,0.472035,0.417048,-0.731514,0.539404,0.265763,0.66569,0.697299,0.009955,-0.017198,-0.061789,1.01463,-0.972893,-0.021043,-0.870627,0.078016,0.045374,-0.050544,-0.48695,-0.783699,-0.385608,-0.098485,-0.389405,0.915785,-0.867858,0.483919,0.112438,0.018736,0.012664,-0.015393,0.540702,0.346854,0.383592,-0.209684
539,0.125191,0.04247,0.378078,-0.51897,-0.760811,-0.389719,-0.199088,-0.335847,0.920621,-0.830664,0.55631,0.023318,0.024713,0.023563,-0.031332,0.362967,0.219163,0.236026,-0.054118,-0.183747,0.038186,0.294884,0.854021,0.317575,0.412051,-0.510815,0.661149,0.549439,-0.099008,-0.680107,0.726303,0.007491,-0.038873,-0.110259,0.414845,0.387633,-2.868326,-1.405697,0.027936,0.040165,-0.029341,-0.873209,-0.157671,0.461134,0.414522,-0.737871,0.53265,0.256275,0.656266,0.709674,0.003816,-0.018837,-0.054558,0.295847,0.435411,-2.831316,-0.871116,0.078379,0.045638,-0.050884,-0.491104,-0.77919,-0.389459,-0.093884,-0.397139,0.912943,-0.866026,0.484915,0.121883,0.018352,0.010829,-0.016375,0.429613,0.352445,0.155316,-0.224054
540,0.126327,0.043228,0.376849,-0.527194,-0.750443,-0.398682,-0.190453,-0.352935,0.916044,-0.827496,0.559797,0.043644,0.023603,0.010239,-0.024059,0.320717,0.228593,0.217203,-0.092111,-0.183163,0.03686,0.290818,0.845352,0.35816,0.39635,-0.53014,0.652664,0.541217,-0.0659,-0.668083,0.74107,0.021378,-0.028371,-0.103621,-1.847802,-3.403932,-3.819853,-1.40601,0.028229,0.039506,-0.03137,-0.872491,-0.199056,0.446245,0.434406,-0.734126,0.521871,0.223719,0.64918,0.72699,0.010603,-0.01366,-0.05128,-1.893176,-3.388721,-3.791974,-0.858706,0.078955,0.046017,-0.051515,-0.501163,-0.768748,-0.397317,-0.084156,-0.413665,0.906531,-0.861251,0.487756,0.142619,0.011777,0.004889,-0.012178,0.28804,0.218516,0.205153,-0.256385
541,0.127054,0.043801,0.375859,-0.536799,-0.734769,-0.414736,-0.186535,-0.376085,0.9076,-0.822189,0.565476,0.065345,0.011529,0.011482,-0.023036,0.600884,0.554515,0.358927,-0.098913,-0.182318,0.036112,0.28691,0.843018,0.374719,0.385873,-0.534457,0.663155,0.523942,-0.060619,-0.64839,0.7588,0.022788,-0.025788,-0.084386,0.387285,-0.2439,-0.062371,-1.40613,0.02863,0.039139,-0.033267,-0.873366,-0.216813,0.436144,0.436941,-0.744417,0.5049,0.215205,0.631533,0.744884,0.011124,-0.006431,-0.045033,0.555579,-0.331999,-0.114061,-0.860176,0.079314,0.046296,-0.052003,-0.512009,-0.754212,-0.411107,-0.080101,-0.434592,0.897057,-0.855236,0.492232,0.162102,0.011783,0.004963,-0.012117,0.647826,0.62814,0.419064,-0.269938
542,0.127257,0.043868,0.375487,-0.540005,-0.72656,-0.424912,-0.188359,-0.387763,0.902293,-0.819668,0.568182,0.073075,0.010516,-0.001713,-0.015783,-0.45616,-0.111578,2.630437,-0.117671,-0.18179,0.035854,0.285357,0.841603,0.381432,0.38237,-0.536652,0.669186,0.513935,-0.0609,-0.638203,0.767367,0.036669,-0.017811,-0.078077,0.520915,-0.340253,-0.112481,-1.40649,0.028902,0.039,-0.034082,-0.873463,-0.223331,0.432649,0.437206,-0.750822,0.495092,0.214273,0.621601,0.753457,0.01166,-0.00817,-0.037737,0.646292,-0.286079,-0.333057,-0.859523,0.079416,0.046335,-0.052192,-0.51817,-0.745939,-0.418417,-0.078812,-0.445492,0.891809,-0.851637,0.495086,0.172052,0.005217,-0.00115,-0.008062,0.544828,0.51117,0.310388,-0.276633
543,0.127485,0.043544,0.374852,-0.539329,-0.71771,-0.440525,-0.178555,-0.413809,0.892666,-0.822302,0.560991,0.095584,0.008769,-0.018976,-0.010834,0.686477,0.082469,0.213463,-0.177687,-0.180411,0.035512,0.282471,0.841772,0.399221,0.363365,-0.537234,0.684131,0.493233,-0.052735,-0.6109,0.789863,0.036555,0.005225,-0.074385,0.1673,-2.612775,1.491192,-1.406651,0.029578,0.038829,-0.035495,-0.876655,-0.240749,0.416551,0.435251,-0.765791,0.473413,0.205017,0.596325,0.776121,0.018693,-0.002964,-0.033455,0.769446,-0.507894,-0.205145,-0.8574,0.079528,0.04619,-0.052505,-0.519386,-0.735112,-0.435714,-0.071293,-0.470828,0.879339,-0.85156,0.48778,0.192133,-0.001455,-0.003159,-0.009128,3.036962,-4.270233,-0.197049,-0.310924
544,0.12754,0.042701,0.374465,-0.545882,-0.700153,-0.460264,-0.179108,-0.439159,0.880359,-0.817841,0.563879,0.114906,-0.004571,-0.032335,-0.003466,0.416287,0.541496,0.471982,-0.236794,-0.178715,0.035369,0.280236,0.829779,0.447611,0.333322,-0.557765,0.681642,0.473494,-0.016306,-0.579371,0.814817,0.052193,-0.005149,-0.048729,0.722831,-0.882234,-0.661439,-1.406892,0.030415,0.038758,-0.036633,-0.877007,-0.287844,0.38471,0.451628,-0.767114,0.455595,0.163976,0.573307,0.802763,0.01913,-0.002624,-0.0239,-1.330607,-3.274476,-4.463409,-0.8574,0.079561,0.045775,-0.052701,-0.527659,-0.718426,-0.453253,-0.069678,-0.495176,0.865993,-0.846593,0.488531,0.211226,-0.002058,-0.011243,-0.00624,-0.062899,0.091079,2.887488,-0.351747
545,0.127365,0.041468,0.374135,-0.554864,-0.670197,-0.492957,-0.184352,-0.478794,0.858337,-0.810594,0.567971,0.142734,-0.005666,-0.038145,-0.006853,0.191625,0.293874,2.819568,-0.295001,-0.176915,0.035261,0.278852,0.825906,0.492441,0.274541,-0.562063,0.682363,0.467333,0.04176,-0.540901,0.839968,0.039788,-0.00443,-0.027782,0.030534,-2.97676,1.68235,-1.40671,0.031339,0.038701,-0.037351,-0.882654,-0.336125,0.328544,0.458699,-0.768507,0.446084,0.102549,0.544441,0.832506,0.026778,-0.00077,-0.012999,0.619766,-0.669618,0.122845,-0.862952,0.079477,0.045153,-0.052869,-0.54185,-0.688719,-0.481729,-0.072228,-0.532885,0.843098,-0.837365,0.491628,0.238999,-0.002823,-0.019055,-0.003412,0.99438,1.370599,0.161165,-0.395999
546,0.127266,0.040737,0.373908,-0.554001,-0.659292,-0.508393,-0.175774,-0.504306,0.84543,-0.813085,0.55855,0.164139,-0.006453,-0.042311,-0.009304,1.157414,1.199708,0.432546,-0.320256,-0.176047,0.035195,0.278498,0.81841,0.514703,0.255493,-0.571281,0.681861,0.456769,0.059862,-0.52043,0.851723,0.040766,-0.008638,-0.012965,0.847056,-0.955929,-0.085277,-1.406648,0.031773,0.038668,-0.037537,-0.881635,-0.35813,0.307345,0.465154,-0.769398,0.437787,0.079686,0.528931,0.844915,0.020029,0.002368,-0.009073,0.35714,-0.880408,-0.142431,-0.867197,0.079426,0.044775,-0.052984,-0.542396,-0.675931,-0.498922,-0.064668,-0.558515,0.826969,-0.83763,0.480809,0.259225,-0.003289,-0.021553,-0.004866,1.149223,1.213505,0.407961,-0.418369
547,0.127193,0.038691,0.373307,-0.552524,-0.641553,-0.53214,-0.155591,-0.54786,0.821957,-0.818183,0.537743,0.203555,0.002232,-0.070437,-0.01126,0.619699,-0.152618,2.49904,-0.351645,-0.174275,0.035119,0.278323,0.804873,0.553518,0.213982,-0.585146,0.680739,0.440603,0.097204,-0.480538,0.871491,0.04178,-0.009676,0.005243,0.562617,-0.793986,0.079292,-1.406453,0.032676,0.038632,-0.037623,-0.877244,-0.400267,0.265004,0.478638,-0.771525,0.41911,0.036702,0.494503,0.868399,0.020924,-0.004199,0.003279,0.592425,-0.795928,0.070901,-0.864748,0.07939,0.043791,-0.053273,-0.545861,-0.657378,-0.519508,-0.041672,-0.597962,0.800439,-0.836838,0.458578,0.29901,0.001325,-0.030208,-0.010145,1.827594,-0.090837,-0.173487,-0.449068
548,0.127406,0.035861,0.372583,-0.565698,-0.608312,-0.556765,-0.152307,-0.586514,0.795472,-0.809746,0.535551,0.239839,0.013258,-0.079562,-0.017428,0.706225,0.82231,0.387269,-0.373025,-0.172552,0.034995,0.278552,0.789373,0.58418,0.188718,-0.60214,0.67731,0.422626,0.118077,-0.447982,0.886134,0.054602,0.007482,0.00279,0.537789,-0.665247,0.036128,-1.406794,0.033517,0.038576,-0.0375,-0.868793,-0.433132,0.239986,0.495042,-0.770945,0.400719,0.011452,0.466946,0.884211,0.020926,-0.002632,0.004913,0.625183,-0.843961,-0.406023,-0.861809,0.079491,0.042371,-0.053637,-0.562973,-0.622795,-0.543311,-0.039056,-0.636602,0.770202,-0.825551,0.454823,0.334066,0.000331,-0.039913,-0.008651,0.937073,0.900469,0.77973,-0.470459
549,0.12753,0.034229,0.372307,-0.571993,-0.585157,-0.574857,-0.154796,-0.611249,0.776134,-0.804834,0.533654,0.259772,0.00089,-0.078974,-0.017148,1.014172,0.901919,1.007193,-0.364625,-0.171701,0.034962,0.278712,0.779331,0.600088,0.180358,-0.613081,0.671172,0.416645,0.127993,-0.436036,0.890704,0.041821,-0.005423,0.009666,0.184381,-0.335456,-0.026071,-1.406771,0.033948,0.03857,-0.037417,-0.861947,-0.451376,0.23088,0.506997,-0.767212,0.392858,-0.000193,0.455679,0.890143,0.020926,-0.00207,0.005497,0.103052,-0.623934,-0.172819,-0.855604,0.079557,0.041549,-0.053779,-0.571663,-0.600558,-0.559044,-0.041727,-0.659193,0.750814,-0.819425,0.452541,0.351777,0.006354,-0.045677,-0.004864,0.659846,0.48693,1.333559,-0.474868
550,0.127695,0.030668,0.37199,-0.57878,-0.555254,-0.597287,-0.140811,-0.653403,0.74378,-0.80254,0.515278,0.300741,-0.000163,-0.101588,-0.001167,4.026987,-3.307333,-1.045355,-0.222178,-0.170192,0.034495,0.279292,0.757646,0.628013,0.17766,-0.636449,0.651002,0.413597,0.143135,-0.427226,0.892667,0.043658,-0.028231,0.024053,-0.394303,-0.711116,-1.419866,-1.406952,0.034702,0.038348,-0.03713,-0.846515,-0.481291,0.22753,0.532122,-0.75205,0.38893,-0.016074,0.450309,0.892727,0.014399,-0.00815,0.0092,-1.076859,-2.289732,-4.887738,-0.854298,0.079639,0.039773,-0.053946,-0.587225,-0.565858,-0.578766,-0.030585,-0.699012,0.714453,-0.808845,0.437247,0.393171,-5.5e-05,-0.0507,-0.000522,0.985639,1.036201,0.72979,-0.427514
551,0.127976,0.026774,0.371992,-0.589794,-0.53597,-0.604089,-0.121019,-0.680955,0.722237,-0.797725,0.499742,0.337519,0.013715,-0.09724,0.000702,0.397796,0.555147,0.325879,-0.041788,-0.168888,0.033795,0.280299,0.745983,0.6408,0.181318,-0.648528,0.63748,0.41589,0.149978,-0.428647,0.89086,0.029998,-0.021006,0.033041,-0.114948,0.099774,-0.098044,-1.407116,0.035359,0.037986,-0.036638,-0.836473,-0.497102,0.230655,0.547507,-0.740077,0.39054,-0.023435,0.452961,0.891222,0.021352,-0.003851,0.013215,-0.06342,-0.055273,0.107191,-0.848419,0.079773,0.037812,-0.053953,-0.59746,-0.549602,-0.583933,-0.006572,-0.724807,0.688919,-0.801871,0.41544,0.429431,0.006605,-0.054016,0.004676,0.43855,0.555557,0.52841,-0.306679
552,0.128323,0.022672,0.372398,-0.609035,-0.521878,-0.597298,-0.106516,-0.692453,0.713537,-0.785226,0.498837,0.36689,0.0017,-0.102192,0.012837,0.253658,0.478383,0.219038,0.070218,-0.167864,0.033154,0.281802,0.726253,0.660321,0.191113,-0.668496,0.613966,0.419633,0.158842,-0.433351,0.887039,0.017218,-0.02684,0.047451,-0.262431,-0.034496,-0.054751,-1.40766,0.035865,0.037673,-0.035908,-0.820186,-0.519378,0.239876,0.571251,-0.720713,0.39274,-0.031099,0.459149,0.887814,0.008581,-0.012909,0.024252,-0.597953,-0.659097,-1.378448,-0.854134,0.079945,0.035801,-0.053759,-0.616524,-0.538002,-0.574848,0.007522,-0.734109,0.678988,-0.787299,0.414289,0.456643,0.000932,-0.050599,0.006731,0.499401,0.68294,0.363293,-0.184701
553,0.128456,0.02071,0.372629,-0.618357,-0.514363,-0.594232,-0.102838,-0.696674,0.709959,-0.778397,0.500755,0.378643,0.002515,-0.0902,0.004708,0.243379,0.401524,0.235123,0.105822,-0.167547,0.032617,0.282787,0.720031,0.666515,0.193146,-0.673215,0.603744,0.426859,0.166992,-0.438221,0.883142,0.018146,-0.036478,0.056527,-0.446273,0.125628,0.144806,-1.407922,0.036028,0.037413,-0.035421,-0.814653,-0.527383,0.241258,0.578658,-0.711452,0.398734,-0.038642,0.464437,0.884762,0.002219,-0.01842,0.028754,-0.687238,0.219207,0.158932,-0.852665,0.080017,0.034816,-0.05364,-0.62617,-0.531215,-0.570718,0.011168,-0.738021,0.674684,-0.779605,0.416094,0.468059,0.007316,-0.051544,0.005933,0.407462,0.598096,0.319133,-0.121017
554,0.128561,0.017387,0.372707,-0.636257,-0.49622,-0.590752,-0.095611,-0.709132,0.698543,-0.764765,0.501549,0.404488,-0.009421,-0.076472,-0.002337,0.374141,0.611818,0.071099,0.132583,-0.167227,0.031415,0.285214,0.710092,0.672407,0.208876,-0.683912,0.588482,0.431146,0.166094,-0.449854,0.877443,0.00531,-0.038854,0.074429,0.330884,2.365252,-1.285893,-1.407844,0.0362,0.036798,-0.034202,-0.806219,-0.534228,0.254183,0.590378,-0.698717,0.404039,-0.038247,0.475809,0.878716,0.008963,-0.013094,0.033555,-0.161708,-0.037532,0.041737,-0.85789,0.080074,0.033112,-0.053593,-0.645003,-0.514762,-0.564792,0.018288,-0.749268,0.662013,-0.763961,0.416672,0.492694,0.00178,-0.038533,-0.00146,0.508808,0.703654,0.184585,-0.050639
555,0.128284,0.015028,0.372352,-0.651814,-0.483223,-0.584534,-0.081133,-0.721923,0.68718,-0.753242,0.495937,0.432088,-0.007115,-0.047241,-0.015206,0.438037,0.541098,0.14787,0.16997,-0.167017,0.030669,0.288096,0.708317,0.668421,0.226918,-0.68785,0.581729,0.434037,0.157225,-0.464364,0.871498,0.004177,-0.016316,0.078121,-0.220587,0.233506,-0.043208,-1.408316,0.036306,0.036416,-0.032763,-0.802059,-0.530355,0.274634,0.596717,-0.692288,0.40579,-0.025087,0.489346,0.871728,0.002027,-0.007364,0.039888,-0.109099,0.789864,-0.32228,-0.85544,0.079933,0.031914,-0.053771,-0.660801,-0.503559,-0.556568,0.032557,-0.760069,0.649024,-0.749853,0.410756,0.51865,-0.010072,-0.023229,-0.007249,0.592892,0.704149,0.155332,0.005043
