frame,MLTx,MLTy,MLTz,MLTR1,MLTR2,MLTR3,MLTR4,MLTR5,MLTR6,MLTR7,MLTR8,MLTR9,MLTTVx,MLTTVy,MLTTVz,MLTRVx,MLTRVy,MLTRVz,MLGA,MRTx,MRTy,MRTz,MRTR1,MRTR2,MRTR3,MRTR4,MRTR5,MRTR6,MRTR7,MRTR8,MRTR9,MRTTVx,MRTTVy,MRTTVz,MRTRVx,MRTRVy,MRTRVz,MRGA,SLTx,SLTy,SLTz,SLTR1,SLTR2,SLTR3,SLTR4,SLTR5,SLTR6,SLTR7,SLTR8,SLTR9,SLTTVx,SLTTVy,SLTTVz,SLTRVx,SLTRVy,SLTRVz,SLGA,SRTx,SRTy,SRTz,SRTR1,SRTR2,SRTR3,SRTR4,SRTR5,SRTR6,SRTR7,SRTR8,SRTR9,SRTTVx,SRTTVy,SRTTVz,SRTRVx,SRTRVy,SRTRVz,SRGA
184,0.147899,-0.017116,0.285293,-0.277437,-0.465362,-0.840543,-0.166628,-0.838318,0.519066,-0.945856,0.28464,0.156088,0.042578,-0.022848,-0.02824,0.001874,-0.01182,0.040951,-1.905553,-0.151148,-0.034794,0.323238,-0.636074,0.244522,0.731854,0.08592,-0.92003,0.382226,0.767569,0.305702,0.563246,-0.03594,0.102087,0.073162,-0.371136,0.58307,0.645816,-1.309691,0.052137,0.027503,-0.018607,0.592872,-0.250075,0.765483,-0.078581,0.928059,0.364049,-0.801453,-0.275987,0.530569,-0.026102,0.05578,0.032505,-0.514438,0.876293,0.790363,-0.935943,0.07388,0.030393,-0.082445,0.275098,0.519001,-0.809294,0.034969,0.835815,0.547895,0.960779,-0.179025,0.211782,0.021291,-0.011549,-0.014299,-0.00124,0.005727,0.017248,-1.031526
185,0.149454,-0.018333,0.284718,-0.2695,-0.465883,-0.842834,-0.15904,-0.841663,0.516026,-0.949459,0.273688,0.153787,0.043228,-0.040182,-0.006009,-0.065107,-0.093243,0.171403,-1.90821,-0.15307,-0.030955,0.325298,-0.614375,0.284423,0.735961,0.081651,-0.904747,0.41797,0.78549,0.316529,0.531674,-0.051701,0.10798,0.03844,-0.566748,0.974208,0.857721,-1.299685,0.051162,0.02946,-0.017535,0.569518,-0.289519,0.769302,-0.076724,0.913105,0.400437,-0.818389,-0.287081,0.497817,-0.032748,0.046837,0.022534,-0.720452,1.187559,0.893679,-0.942148,0.074673,0.029779,-0.082746,0.267424,0.518743,-0.812027,0.027258,0.838311,0.54451,0.963192,-0.167749,0.210045,0.021747,-0.014027,-0.006471,-0.031565,-0.106962,0.188968,-1.021401
186,0.151333,-0.019577,0.284455,-0.263115,-0.463546,-0.846133,-0.157317,-0.844679,0.511606,-0.951542,0.268293,0.150381,0.059423,-0.024706,-0.008747,0.388781,-0.282437,0.002272,-1.913728,-0.155588,-0.026635,0.326173,-0.577279,0.330024,0.746876,0.082973,-0.886144,0.455849,0.812984,0.324711,0.4832,-0.067059,0.113092,0.004074,-0.644795,1.202822,0.916738,-1.199999,0.049933,0.031586,-0.017084,0.531466,-0.333252,0.778772,-0.08029,0.895404,0.437955,-0.843266,-0.295285,0.44912,-0.033039,0.050917,0.006148,-0.724854,1.261147,0.925647,-0.93578,0.075607,0.029152,-0.082876,0.26182,0.515618,-0.815835,0.026031,0.841242,0.54003,0.964764,-0.162627,0.206832,0.022044,-0.017678,-8.2e-05,1.352554,-0.835215,-0.236875,-1.023034
187,0.153339,-0.020571,0.284435,-0.260908,-0.465567,-0.845707,-0.141742,-0.848077,0.510537,-0.954593,0.253649,0.156336,0.060222,-0.030352,0.006197,0.394906,1.377388,-2.250647,-1.914098,-0.158386,-0.023435,0.32582,-0.540007,0.367605,0.757132,0.089157,-0.869433,0.48587,0.83754,0.329417,0.435745,-0.078839,0.068957,-0.020318,-0.506032,1.011931,0.614578,-1.09384,0.048513,0.033261,-0.017226,0.491,-0.371541,0.787956,-0.088581,0.87851,0.469437,-0.866643,-0.300292,0.398437,-0.039386,0.033162,-0.011443,-0.707204,1.368324,0.597619,-0.849236,0.076609,0.028657,-0.082892,0.257915,0.515387,-0.817224,0.01072,0.844262,0.535823,0.966107,-0.146957,0.212222,0.022529,-0.009185,-0.000495,0.087678,-0.073608,0.03539,-1.021075
188,0.154381,-0.021104,0.284594,-0.263501,-0.464123,-0.845696,-0.13627,-0.849975,0.508867,-0.954675,0.249902,0.16178,0.060623,-0.02769,0.009505,-0.009358,0.243553,0.02519,-1.913923,-0.159778,-0.022302,0.325314,-0.524498,0.380618,0.761592,0.092477,-0.863653,0.495464,0.84697,0.329823,0.416799,-0.07829,0.05804,-0.03143,-0.369439,0.904084,0.286037,-1.093942,0.047816,0.033827,-0.01748,0.47483,-0.384361,0.791708,-0.092325,0.872871,0.479136,-0.875221,-0.300603,0.378979,-0.031293,0.022645,-0.013104,-0.540445,1.099825,0.385302,-0.853808,0.077131,0.028389,-0.082814,0.261765,0.516308,-0.815416,0.00405,0.844281,0.535884,0.965122,-0.143578,0.218912,0.03032,-0.013764,0.00482,0.00633,0.165769,0.220988,-1.014707
189,0.156424,-0.02218,0.285367,-0.26918,-0.461701,-0.845233,-0.12595,-0.853209,0.506106,-0.9545,0.243261,0.172572,0.046362,-0.019165,0.020238,-0.007274,0.128276,0.181713,-1.91492,-0.16193,-0.020842,0.323765,-0.506894,0.393831,0.766777,0.111917,-0.851834,0.511652,0.855284,0.344674,0.386721,-0.047444,0.026029,-0.047205,-4.597352,-2.048292,-1.737905,-1.097306,0.046711,0.034575,-0.018271,0.456077,-0.397515,0.796224,-0.111048,0.862282,0.494102,-0.882984,-0.313768,0.349124,-0.023567,0.011595,-0.025054,-4.665287,-1.964122,-1.689036,-0.896916,0.078158,0.027845,-0.082435,0.268074,0.514378,-0.814586,-0.006488,0.846479,0.532382,0.963376,-0.137433,0.230256,0.023175,-0.015105,0.014224,-0.057911,0.142117,0.17037,-1.016176
190,0.158108,-0.023267,0.286658,-0.28554,-0.449776,-0.846294,-0.120457,-0.859206,0.497219,-0.950428,0.244473,0.192217,0.031618,-0.03636,0.042943,0.08412,0.709325,0.261602,-1.914324,-0.163256,-0.020357,0.32157,-0.484422,0.411766,0.771865,0.128132,-0.839293,0.528302,0.865941,0.354304,0.352813,-0.031698,-0.000723,-0.056485,-0.400324,0.808623,0.368912,-1.095739,0.04606,0.034808,-0.019356,0.433749,-0.413806,0.80039,-0.130051,0.850249,0.51006,-0.891598,-0.32533,0.314979,-0.008987,0.00455,-0.033678,-0.52774,1.00638,0.557379,-0.931044,0.079006,0.027311,-0.081794,0.284058,0.50541,-0.814782,-0.011826,0.85157,0.524106,0.958733,-0.139241,0.247873,0.023442,-0.012831,0.017058,0.111036,0.632792,0.481733,-1.021565
191,0.158841,-0.023899,0.28749,-0.293216,-0.445929,-0.845705,-0.109487,-0.863098,0.492997,-0.949408,0.237698,0.205308,0.031915,-0.03375,0.0462,1.589493,0.043473,0.252661,-1.914862,-0.163512,-0.020311,0.320227,-0.464674,0.421778,0.778571,0.135009,-0.83514,0.533148,0.875644,0.352324,0.330118,-0.003388,0.005804,-0.072499,-0.451526,1.356,-0.194805,-1.095242,0.045922,0.034825,-0.020002,0.416286,-0.423535,0.804564,-0.13586,0.845973,0.515628,-0.899026,-0.323957,0.294625,-0.001659,0.002634,-0.036479,-0.33219,0.736727,0.4043,-0.943781,0.079372,0.026994,-0.08138,0.292094,0.502761,-0.813579,-0.021278,0.853883,0.520028,0.956152,-0.134586,0.260111,0.015845,-0.016777,0.023048,4.694324,-2.179641,-0.957069,-1.021402
192,0.159778,-0.025266,0.289643,-0.305838,-0.440107,-0.844283,-0.084047,-0.870825,0.484325,-0.948002,0.219627,0.230397,0.01728,-0.038274,0.062663,1.474253,0.110214,-0.299799,-1.913995,-0.163265,-0.020546,0.317304,-0.419447,0.415803,0.806947,0.1742,-0.835442,0.521176,0.891364,0.358653,0.27695,-0.003247,-0.005733,-0.085203,-1.781382,0.536362,-0.917464,-1.041796,0.046043,0.034703,-0.02152,0.366464,-0.415839,0.832335,-0.175446,0.847637,0.500729,-0.913741,-0.329529,0.237671,-0.001567,-0.003635,-0.043389,-1.842409,0.614664,-0.93581,-0.947046,0.079846,0.026311,-0.08031,0.306406,0.497099,-0.811792,-0.047085,0.859683,0.508653,0.950735,-0.117631,0.286818,0.00094,-0.018143,0.032465,4.864621,-1.657999,-0.891255,-1.020748
193,0.160215,-0.026683,0.292427,-0.326048,-0.430212,-0.841817,-0.063699,-0.878449,0.473542,-0.942815,0.20855,0.260064,0.002768,-0.029674,0.073268,0.131429,1.015848,0.168073,-1.914097,-0.163274,-0.021175,0.314016,-0.377395,0.400197,0.835108,0.218302,-0.837842,0.500298,0.900352,0.370613,0.22776,0.01247,-0.018774,-0.081652,-0.271052,0.88931,-0.261496,-0.940003,0.046034,0.034381,-0.023148,0.324257,-0.398628,0.857876,-0.218584,0.85076,0.477941,-0.920367,-0.342494,0.188731,-0.001096,-0.009818,-0.04051,-0.384231,1.041836,-0.155076,-0.88271,0.080071,0.025597,-0.078926,0.326297,0.490113,-0.808281,-0.068921,0.865142,0.496768,0.94275,-0.106386,0.316072,0.009031,-0.020641,0.040381,0.092327,0.979281,0.385272,-1.023198
194,0.160317,-0.028063,0.295841,-0.346129,-0.416487,-0.840701,-0.044846,-0.887712,0.458178,-0.9367,0.196803,0.289636,-0.011665,-0.031678,0.092359,0.543442,0.955299,-0.147395,-1.914629,-0.162647,-0.021847,0.31092,-0.366984,0.379363,0.849351,0.245358,-0.841161,0.481852,0.89767,0.38475,0.214522,0.028332,-0.025957,-0.0719,-0.010481,0.324025,-0.572114,-0.928157,0.046353,0.034028,-0.024736,0.313201,-0.37743,0.871465,-0.2447,0.854577,0.45806,-0.91762,-0.356712,0.175297,0.014206,-0.013017,-0.035989,-0.001323,0.309299,-0.585913,-0.900345,0.080123,0.024895,-0.077192,0.348571,0.478438,-0.805974,-0.087579,0.872769,0.480212,0.933181,-0.096802,0.346122,-0.005836,-0.015437,0.04669,0.60589,1.038178,-0.107968,-1.024504
195,0.160243,-0.028757,0.297822,-0.35979,-0.406381,-0.839911,-0.046417,-0.891274,0.451053,-0.931447,0.20177,0.302859,0.004102,-0.038758,0.105016,0.0366,1.02834,-0.088028,-1.913607,-0.162091,-0.022383,0.309478,-0.360278,0.366654,0.857762,0.260095,-0.843477,0.469927,0.896226,0.391942,0.20742,0.028482,-0.02759,-0.07431,-4.727157,-2.134023,-1.903373,-0.895711,0.04662,0.033773,-0.025426,0.304773,-0.366705,0.878999,-0.25355,0.858363,0.446009,-0.918054,-0.358802,0.168628,0.014273,-0.013581,-0.036908,0.016071,0.445979,-0.73439,-0.901325,0.080085,0.024562,-0.076242,0.362988,0.469612,-0.8048,-0.086044,0.876913,0.472883,0.927812,-0.102402,0.358716,-0.005595,-0.012885,0.049627,0.18043,1.221007,0.036921,-1.022708
196,0.160027,-0.029731,0.301919,-0.387384,-0.391618,-0.834634,-0.047232,-0.895693,0.442126,-0.920242,0.211176,0.329523,-0.010512,-0.008387,0.09754,0.163697,1.077057,-0.015561,-1.889735,-0.160931,-0.023895,0.306931,-0.343905,0.350649,0.871072,0.279264,-0.8474,0.451507,0.896868,0.398094,0.192384,0.030688,-0.045514,-0.054418,-0.06073,0.319289,-0.393442,-0.859344,0.047188,0.033033,-0.026695,0.290457,-0.348165,0.891299,-0.276743,0.861086,0.426548,-0.915995,-0.370555,0.153756,0.01487,-0.017204,-0.031287,-0.040699,0.421395,-0.539384,-0.898712,0.079983,0.024066,-0.074187,0.390807,0.458556,-0.798119,-0.084655,0.881306,0.464899,0.91657,-0.114121,0.38324,0.002387,-0.009493,0.053154,-0.120919,0.580438,-0.288762,-1.030219
197,0.159759,-0.030099,0.305908,-0.404709,-0.386843,-0.828619,-0.04793,-0.895913,0.441605,-0.912702,0.218913,0.345078,-0.010082,-0.004231,0.101246,0.101529,0.889917,-0.106435,-1.871759,-0.159314,-0.025429,0.304983,-0.332256,0.318716,0.887704,0.326726,-0.843923,0.425415,0.885126,0.430981,0.175128,0.045918,-0.038529,-0.049133,-0.481743,0.061118,-0.532233,-0.859419,0.048002,0.032243,-0.027695,0.278493,-0.315409,0.90717,-0.322665,0.858914,0.397685,-0.904615,-0.403464,0.13743,0.030478,-0.018102,-0.024069,-1.577886,-0.146687,-1.252507,-0.916674,0.079849,0.023885,-0.072189,0.408011,0.455692,-0.79112,-0.083602,0.881536,0.464655,0.90914,-0.123445,0.397773,-0.005081,-0.007654,0.054799,-0.190741,0.314964,-0.28021,-1.032016
198,0.159515,-0.030311,0.307981,-0.409599,-0.384194,-0.827447,-0.049778,-0.896249,0.440717,-0.910414,0.222178,0.349013,-0.010052,-0.015493,0.108696,-0.062916,0.419633,0.01873,-1.807848,-0.158326,-0.026133,0.304064,-0.319189,0.288068,0.902843,0.362115,-0.843232,0.397197,0.876096,0.453351,0.163681,0.046068,-0.0358,-0.046459,-4.864403,-2.191706,-1.748705,-0.85521,0.048496,0.03189,-0.028156,0.263138,-0.287047,0.921065,-0.352378,0.860153,0.368734,-0.898102,-0.421592,0.12519,0.030558,-0.017204,-0.023284,0.184568,0.102698,-1.556165,-0.927125,0.079724,0.023783,-0.071109,0.414877,0.452825,-0.789193,-0.082146,0.882461,0.463156,0.906161,-0.127323,0.40331,-0.005069,-0.007619,0.054514,-0.048983,0.439803,0.020069,-1.02924
199,0.15886,-0.030459,0.311716,-0.417058,-0.376018,-0.827478,-0.053867,-0.898598,0.435422,-0.906781,0.226632,0.355547,-0.010513,0.013138,0.077464,-0.007034,0.288052,-0.01476,-1.652076,-0.156401,-0.027491,0.302454,-0.302054,0.234435,0.92401,0.398744,-0.84927,0.345944,0.866184,0.472641,0.161864,0.047368,-0.04131,-0.032563,0.245811,-0.31022,-1.217345,-0.833596,0.049459,0.031212,-0.028967,0.248703,-0.230973,0.940637,-0.391172,0.864476,0.315697,-0.886075,-0.446466,0.124648,0.02314,-0.014392,-0.019559,0.322467,-0.419802,-1.216031,-0.934147,0.079401,0.023713,-0.069259,0.423241,0.44546,-0.788943,-0.078088,0.885477,0.458074,0.902645,-0.132269,0.409556,-0.012824,0.001825,0.043865,-0.01955,0.344667,-0.017938,-0.972414
200,0.157987,-0.029841,0.314531,-0.422876,-0.370287,-0.827109,-0.055692,-0.900377,0.431498,-0.903966,0.228988,0.36116,-0.040841,0.02259,0.066661,0.07806,0.281429,0.191483,-1.646421,-0.154363,-0.028717,0.301281,-0.300626,0.1731,0.937898,0.413796,-0.862265,0.291899,0.85959,0.475632,0.186392,0.062608,-0.031398,-0.023224,-0.217227,-0.517304,-1.473441,-0.832434,0.050472,0.03059,-0.029563,0.249389,-0.168095,0.953702,-0.402338,0.877815,0.259929,-0.880867,-0.448535,0.151286,0.031305,-0.015526,-0.011417,-1.242555,-1.062649,-1.821376,-0.945577,0.078975,0.024018,-0.067849,0.428814,0.441127,-0.788368,-0.076008,0.887198,0.455084,0.900189,-0.135224,0.413971,-0.013006,0.015873,0.028069,0.222355,0.525827,0.124736,-0.979599
201,0.156565,-0.028683,0.316651,-0.425494,-0.36948,-0.826126,-0.056017,-0.900369,0.431472,-0.902714,0.230321,0.363438,-0.026379,0.035723,0.039225,0.001988,-0.026054,0.041892,-1.601064,-0.152002,-0.030066,0.300872,-0.317891,0.092505,0.9436,0.458862,-0.85583,0.238609,0.830001,0.508716,0.228407,0.049621,-0.045033,0.004816,-4.922077,-2.197474,-2.766146,-0.827213,0.051634,0.029931,-0.029779,0.267419,-0.092326,0.959147,-0.44033,0.873679,0.206867,-0.857085,-0.477662,0.192984,0.024226,-0.016577,-0.001251,0.318175,-0.893767,-1.41817,-0.968601,0.078275,0.024587,-0.066784,0.432454,0.439938,-0.787043,-0.075826,0.887539,0.454449,0.898461,-0.136849,0.417179,-0.020718,0.018384,0.020261,-0.01021,-0.028676,0.003036,-0.990213
202,0.155802,-0.027971,0.317203,-0.42509,-0.369163,-0.826476,-0.055849,-0.900631,0.430948,-0.902915,0.229803,0.363266,-0.041943,0.040591,0.02402,0.034873,-0.012135,0.004472,-1.558908,-0.15104,-0.030728,0.300931,-0.333345,0.054989,0.941195,0.475669,-0.852048,0.218371,0.81434,0.52042,0.256666,0.048474,-0.030469,0.000696,0.356663,-1.245816,-1.65414,-0.779984,0.052158,0.029573,-0.029747,0.28427,-0.051573,0.957355,-0.461718,0.867765,0.183845,-0.840241,-0.494291,0.222867,0.024198,-0.01476,0.000876,0.339634,-1.195054,-1.617163,-0.968274,0.077884,0.02496,-0.066482,0.431947,0.43966,-0.787476,-0.075927,0.887759,0.454002,0.898696,-0.136314,0.416847,-0.021035,0.020025,0.011735,0.035607,-0.030156,0.027142,-0.983845
203,0.15418,-0.026585,0.317664,-0.424029,-0.372681,-0.825442,-0.054028,-0.899392,0.433759,-0.903526,0.228981,0.362265,-0.043115,0.02768,0.009793,0.000605,-0.065396,-0.058529,-1.538579,-0.149431,-0.031918,0.301473,-0.362998,-0.021454,0.931538,0.520658,-0.833704,0.183811,0.77311,0.55176,0.31261,0.032839,-0.020275,0.014812,-5.002175,-2.568548,-2.160779,-0.625925,0.052951,0.02898,-0.029487,0.316343,0.02246,0.948378,-0.500393,0.853278,0.146704,-0.805936,-0.520971,0.281167,0.01697,-0.015145,0.012115,-0.179391,-2.710983,1.048416,-0.897079,0.077073,0.02566,-0.066244,0.430246,0.443097,-0.786481,-0.077673,0.886183,0.456777,0.899363,-0.135439,0.415694,-0.021647,0.018474,-0.000209,0.041938,-0.080827,-0.042299,-0.985478
204,0.152685,-0.025584,0.317596,-0.419759,-0.376579,-0.825855,-0.053068,-0.898146,0.436451,-0.905578,0.227494,0.358053,-0.044037,0.028909,-0.00921,0.05007,-0.019168,-0.073086,-1.537915,-0.148322,-0.032443,0.302488,-0.397399,-0.08621,0.913583,0.555599,-0.814892,0.164909,0.730724,0.573226,0.370564,0.032244,-0.008272,0.029236,-4.867795,-2.138361,-2.452631,-0.433635,0.0535,0.028716,-0.028998,0.353236,0.085272,0.931639,-0.535071,0.835294,0.126422,-0.767412,-0.54315,0.340683,0.008457,-0.004167,0.015533,-0.307952,-3.06936,1.535558,-0.722685,0.076325,0.026157,-0.066275,0.425338,0.446648,-0.787141,-0.078646,0.884687,0.459502,0.90161,-0.133538,0.411418,-0.014586,0.013929,-0.005171,0.07846,-0.021205,-0.005237,-0.995928
205,0.15206,-0.024918,0.317283,-0.415445,-0.380204,-0.826376,-0.052423,-0.896957,0.438968,-0.907607,0.226156,0.353738,-0.029168,0.037797,-0.01993,0.034607,-0.151841,-0.084868,-1.538519,-0.147979,-0.0325,0.303072,-0.415849,-0.121839,0.90123,0.582766,-0.796417,0.16136,0.698589,0.592457,0.401036,0.01562,0.005099,0.025686,-5.296171,-3.980356,-0.662014,-0.346704,0.053683,0.028682,-0.02869,0.371272,0.119743,0.92077,-0.562991,0.817604,0.120682,-0.738375,-0.563191,0.370968,0.008348,-0.002452,0.01757,0.235543,-1.230752,-0.485142,-0.633365,0.076007,0.02648,-0.066434,0.420882,0.449671,-0.787815,-0.079294,0.883397,0.461866,0.903642,-0.131922,0.407463,-0.014592,0.018784,-0.010068,0.02752,-0.083295,-0.242217,-0.999684
206,0.151066,-0.023103,0.316283,-0.406233,-0.386874,-0.827858,-0.050046,-0.895191,0.442833,-0.91191,0.2218,0.34533,-0.028974,0.048641,-0.028481,-0.130951,-0.56913,-0.29991,-1.47145,-0.147561,-0.032456,0.304266,-0.448944,-0.188302,0.873489,0.621364,-0.768219,0.153883,0.642591,0.612072,0.460768,0.00144,-0.005662,0.036097,0.29313,-1.829273,-0.368879,-0.201466,0.053898,0.028716,-0.028071,0.409996,0.187175,0.892674,-0.606396,0.787021,0.11349,-0.681312,-0.587845,0.436177,0.000682,-0.00261,0.018294,0.277659,-1.794687,-0.33885,-0.466809,0.075508,0.027376,-0.066938,0.413051,0.454015,-0.789467,-0.082221,0.881923,0.464167,0.906988,-0.126814,0.401609,-0.007042,0.023965,-0.014614,0.131782,-0.102792,0.03763,-0.998704
207,0.150616,-0.021581,0.315043,-0.389701,-0.399134,-0.829982,-0.038116,-0.893459,0.447493,-0.919684,0.206514,0.334006,-0.014957,0.030402,-0.027862,-0.052994,-0.345667,-0.161487,-1.318016,-0.147467,-0.032463,0.305708,-0.473662,-0.271723,0.837736,0.677982,-0.719547,0.150085,0.562579,0.639396,0.523966,9.1e-05,0.0085,0.031376,-0.076903,-1.86513,-0.309223,-0.062873,0.053945,0.028712,-0.027375,0.437629,0.267883,0.858323,-0.663125,0.740837,0.106889,-0.607244,-0.615953,0.501852,0.000593,-0.001069,0.020099,-5.358653,-4.028412,-1.144968,-0.325236,0.075278,0.028137,-0.067544,0.394035,0.465321,-0.792598,-0.093756,0.878219,0.468977,0.9143,-0.110483,0.389675,-0.007496,0.014887,-0.014253,-0.175673,-0.438556,-0.443393,-0.955432
208,0.150478,-0.021007,0.314465,-0.380834,-0.406657,-0.830447,-0.032523,-0.891669,0.451487,-0.923614,0.19945,0.32739,-0.000276,0.028411,-0.030001,-0.119617,-0.479627,-0.235949,-1.299854,-0.147431,-0.032435,0.306329,-0.486168,-0.314653,0.815246,0.702879,-0.695041,0.151041,0.51969,0.64684,0.558017,0.000238,0.005797,0.028106,0.083483,-2.391858,0.337071,-0.049854,0.053963,0.028733,-0.02704,0.452533,0.31139,0.835613,-0.689883,0.715999,0.106797,-0.565043,-0.624805,0.538836,0.00068,-0.002449,0.018384,-1.114267,-3.113415,1.531491,-0.273473,0.075204,0.028433,-0.067845,0.384764,0.471563,-0.793463,-0.099563,0.875831,0.472235,0.917628,-0.102699,0.383939,-0.007513,0.014678,-0.014476,-0.25426,-0.676309,-0.352418,-0.946778
209,0.150242,-0.019792,0.313501,-0.36892,-0.405244,-0.836493,-0.033309,-0.893624,0.447548,-0.928421,0.193471,0.317224,0.0004,0.023581,-0.015004,0.036679,-0.126294,0.036949,-1.293326,-0.147165,-0.032647,0.307519,-0.501855,-0.387601,0.773239,0.738796,-0.656888,0.150371,0.450255,0.647213,0.615019,0.001694,-0.01045,0.030157,-0.003822,-1.56064,-0.030474,-0.021097,0.054094,0.028643,-0.026451,0.472774,0.383248,0.793476,-0.726143,0.679567,0.104425,-0.499199,-0.625548,0.599574,0.008414,-0.004798,0.014617,-4.064311,-2.036673,-2.955198,-0.229384,0.075084,0.02903,-0.068346,0.372086,0.469848,-0.800496,-0.0986,0.877547,0.469241,0.922945,-0.095669,0.37285,0.000217,0.016882,-0.01211,0.101301,-0.121307,0.088688,-0.970292
210,0.150477,-0.019387,0.313134,-0.358436,-0.405151,-0.841084,-0.035942,-0.894281,0.446029,-0.932432,0.190602,0.307031,-0.000272,-0.002198,-0.00236,-0.018292,-0.183006,0.180457,-1.29671,-0.146684,-0.032742,0.308541,-0.486507,-0.478994,0.730662,0.802397,-0.575708,0.157015,0.346029,0.663266,0.66348,0.015554,0.004074,0.023968,-3.77062,-2.260194,-3.132396,-0.001426,0.054336,0.02858,-0.025926,0.463686,0.47589,0.747343,-0.791951,0.600817,0.108777,-0.397251,-0.642298,0.655473,0.007727,0.002094,0.012005,-3.795407,-2.214239,-3.103117,-0.202768,0.075203,0.029251,-0.068524,0.362087,0.468855,-0.805646,-0.096089,0.878464,0.468046,0.927177,-0.09206,0.363133,0.007236,-0.001769,-0.001904,0.036605,-0.499073,0.773105,-0.997888
211,0.151068,-0.019668,0.313193,-0.3561,-0.401884,-0.84364,-0.037871,-0.895863,0.442684,-0.933254,0.190083,0.304851,0.029685,-0.011054,0.008251,-0.032858,-0.030359,0.065983,-1.328063,-0.14558,-0.032203,0.309228,-0.458094,-0.566179,0.68526,0.854257,-0.493369,0.163602,0.246015,0.661039,0.708779,0.02945,0.016368,0.015117,-0.952691,-1.706082,-0.358165,0.071545,0.054877,0.028844,-0.025587,0.439141,0.56284,0.70026,-0.846858,0.519572,0.113464,-0.299974,-0.642849,0.704812,0.021656,0.01422,0.002941,-4.080827,-2.944536,-2.949266,-0.143167,0.075486,0.029104,-0.068509,0.36065,0.46505,-0.808492,-0.094356,0.880573,0.464422,0.927916,-0.091208,0.361458,0.00745,2.3e-05,7e-06,0.000694,-0.009894,0.027454,-1.020095
634,0.144499,0.038882,0.30375,-0.332523,-0.451658,-0.827937,-0.411757,-0.720278,0.558237,-0.848069,0.527094,0.05457,0.073602,-0.045518,-0.04142,0.370968,-0.520511,0.098599,-1.910181,-0.13232,0.009888,0.319359,-0.369296,0.604614,0.705729,-0.157286,-0.789024,0.593832,0.916318,0.107544,0.385564,-0.099525,0.130833,0.130904,0.059872,-0.734912,1.060523,-1.402498,0.061593,0.04981,-0.020613,0.314863,-0.602054,0.73375,0.149127,0.79485,0.588195,-0.937347,-0.075779,0.340052,-0.049899,0.065088,0.065368,0.064069,-0.22878,0.385497,-1.006974,0.072158,0.058426,-0.073186,0.331299,0.511034,-0.793147,0.290707,0.74444,0.60108,0.897624,-0.429711,0.098071,0.036759,-0.022294,-0.020382,4.529518,-3.385427,-0.178629,-1.05063
635,0.147744,0.036774,0.302089,-0.299032,-0.466225,-0.832622,-0.382807,-0.740652,0.552146,-0.873742,0.48442,0.044045,0.087071,-0.051519,-0.047865,1.387568,-0.935673,0.017214,-1.910487,-0.136855,0.014212,0.324157,-0.378753,0.617941,0.688975,-0.164984,-0.777497,0.606806,0.911099,0.115387,0.395534,-0.135586,0.111351,0.111458,0.038552,-0.298201,0.407866,-1.402229,0.0593,0.052045,-0.018137,0.326067,-0.617993,0.715377,0.156826,0.781611,0.603729,-0.932247,-0.084667,0.351775,-0.06716,0.049331,0.059171,-0.01155,-0.177309,0.216797,-1.006484,0.073803,0.057356,-0.074024,0.296529,0.521803,-0.799869,0.259852,0.761856,0.593338,0.918991,-0.38379,0.090321,0.049818,-0.032861,-0.021696,4.593375,-3.189344,0.024825,-1.049814
636,0.151288,0.034414,0.300301,-0.266239,-0.475945,-0.838235,-0.347624,-0.763694,0.543969,-0.898729,0.436805,0.038923,0.087857,-0.063745,-0.042357,-0.016386,-0.127701,0.233332,-1.911795,-0.142546,0.017734,0.327867,-0.389222,0.636557,0.665803,-0.174951,-0.760629,0.625116,0.904818,0.12603,0.406553,-0.144103,0.093057,0.074933,-0.074043,-0.064,0.454467,-1.402306,0.056402,0.053867,-0.016224,0.337758,-0.637226,0.692721,0.165649,0.764728,0.622696,-0.926541,-0.095572,0.363848,-0.071981,0.044962,0.03622,-0.126964,-0.01067,0.474271,-1.005341,0.075575,0.056174,-0.074926,0.262619,0.528184,-0.807497,0.221275,0.781602,0.583211,0.939184,-0.331841,0.088389,0.043899,-0.032248,-0.021574,0.003977,-2.9e-05,0.051009,-1.042793
637,0.153006,0.033247,0.299526,-0.260147,-0.474934,-0.840718,-0.345555,-0.767238,0.540287,-0.901314,0.431656,0.036529,0.088723,-0.071003,-0.031566,-0.065768,0.018467,0.061812,-1.912288,-0.145231,0.019129,0.329206,-0.389392,0.645036,0.657491,-0.177287,-0.752872,0.633788,0.90429,0.12942,0.406662,-0.127704,0.075389,0.057359,-0.259245,0.300307,0.36945,-1.402086,0.055106,0.05455,-0.015566,0.339091,-0.645093,0.684742,0.167744,0.757662,0.630722,-0.925677,-0.099011,0.365126,-0.069905,0.030756,0.032294,-0.301309,0.249252,0.534387,-1.009097,0.076466,0.055559,-0.075337,0.256737,0.526424,-0.810532,0.219179,0.785079,0.579318,0.9413,-0.326384,0.086178,0.044407,-0.035313,-0.01567,-0.067346,0.024458,0.056373,-1.037567
638,0.156272,0.031162,0.298324,-0.261084,-0.464788,-0.846081,-0.347255,-0.772584,0.531506,-0.900388,0.433149,0.041367,0.090968,-0.049218,-0.02989,0.149428,0.345971,0.632602,-1.91229,-0.149876,0.020938,0.330596,-0.374582,0.661693,0.649494,-0.173547,-0.738048,0.651997,0.911228,0.130679,0.390447,-0.109384,0.03109,0.018451,-0.377676,0.388127,0.575961,-1.401667,0.052735,0.0555,-0.014836,0.322988,-0.662252,0.676091,0.161697,0.742491,0.650046,-0.932487,-0.100636,0.3469,-0.054536,0.013115,0.007312,-0.407733,0.418741,0.598108,-1.017261,0.078064,0.054529,-0.075931,0.257935,0.518518,-0.815234,0.220968,0.789762,0.57223,0.940553,-0.32774,0.089131,0.0387,-0.029822,-0.010752,-0.078696,0.027264,0.057568,-1.030546
639,0.159165,0.028877,0.297446,-0.250462,-0.457014,-0.853494,-0.327202,-0.789756,0.518842,-0.910864,0.40978,0.049334,0.064722,-0.058124,-0.020347,0.118849,0.537316,0.417859,-1.912768,-0.153963,0.021544,0.330401,-0.348802,0.683775,0.640921,-0.164726,-0.717851,0.67638,0.922993,0.129489,0.362188,-0.094739,0.009803,-0.017384,-0.448082,0.446557,0.788652,-1.388977,0.050692,0.055789,-0.014945,0.296993,-0.683775,0.666518,0.151153,0.722876,0.674241,-0.94284,-0.099498,0.318044,-0.047244,0.002919,-0.010228,-0.487591,0.482838,0.815999,-1.01122,0.079521,0.053395,-0.076369,0.248926,0.509243,-0.823836,0.199787,0.805318,0.558163,0.947691,-0.303534,0.098725,0.025551,-0.034445,-0.006101,0.089722,0.598851,0.426428,-1.029076
640,0.161213,0.026407,0.297246,-0.241489,-0.452538,-0.858451,-0.302366,-0.805501,0.509622,-0.921812,0.383193,0.05876,0.052615,-0.069499,0.005599,0.053429,0.569985,0.413021,-1.913064,-0.156296,0.022217,0.329078,-0.334253,0.695959,0.635536,-0.161462,-0.706532,0.688967,0.928917,0.126802,0.347704,-0.043238,0.023397,-0.045355,-0.081444,0.358392,-0.145146,-1.258552,0.049543,0.056089,-0.015611,0.281646,-0.696313,0.660169,0.147126,0.711225,0.687395,-0.948171,-0.096474,0.302759,-0.021593,0.011294,-0.022939,-0.263493,1.352923,-1.747492,-0.96011,0.080569,0.052128,-0.076488,0.241034,0.503728,-0.829553,0.174068,0.818456,0.547566,0.954778,-0.276381,0.109592,0.02636,-0.034274,0.003221,0.007259,0.513826,0.360588,-1.022055
641,0.162104,0.025132,0.297434,-0.240753,-0.447956,-0.861057,-0.300639,-0.809099,0.504923,-0.92257,0.380982,0.061195,0.039577,-0.064315,0.010861,-0.074568,0.234347,0.114416,-1.913132,-0.157058,0.022523,0.328167,-0.327445,0.698187,0.636636,-0.159125,-0.704802,0.69128,0.931733,0.124176,0.341053,-0.042929,0.016754,-0.050815,-0.054597,0.08538,0.368965,-1.207978,0.049162,0.056239,-0.016068,0.274846,-0.697685,0.661584,0.144682,0.710259,0.688911,-0.95054,-0.093625,0.296154,-0.014766,0.007985,-0.026293,-0.16787,0.454319,-0.122387,-0.913572,0.081,0.051515,-0.076398,0.242281,0.497703,-0.832821,0.17187,0.822802,0.541716,0.954861,-0.274385,0.113809,0.026698,-0.0317,0.005728,-0.081898,0.231903,0.14662,-1.020259
642,0.163407,0.022346,0.298275,-0.241914,-0.42708,-0.871278,-0.29374,-0.823575,0.485194,-0.924484,0.373831,0.074872,0.026664,-0.069512,0.02476,0.025288,0.619403,0.37058,-1.912818,-0.158278,0.022806,0.326045,-0.309054,0.703945,0.639483,-0.151106,-0.700101,0.697825,0.939297,0.118154,0.321907,-0.028212,-0.003842,-0.052108,-0.547775,0.897559,-0.00435,-1.130168,0.048547,0.056378,-0.017137,0.258421,-0.702285,0.663335,0.137649,0.706422,0.694277,-0.956175,-0.088109,0.279223,-0.014599,0.003061,-0.030445,-0.432933,1.52352,-1.87903,-0.884669,0.081652,0.050153,-0.075988,0.245049,0.478704,-0.843085,0.164654,0.836417,0.522775,0.955426,-0.266923,0.126142,0.01334,-0.034529,0.012573,0.056744,0.77546,0.492268,-1.01536
643,0.16413,0.019605,0.299501,-0.239943,-0.413003,-0.878579,-0.270385,-0.840768,0.469012,-0.932092,0.350601,0.091164,0.013535,-0.074801,0.038759,-0.09184,0.363686,0.143909,-1.912661,-0.158927,0.022701,0.323783,-0.299,0.705942,0.642056,-0.14116,-0.69805,0.70195,0.944074,0.118365,0.307532,-0.014881,-0.006207,-0.055697,-1.09845,-0.954359,-0.494764,-1.098495,0.048218,0.056314,-0.018277,0.244298,-0.705544,0.665226,0.126991,0.703381,0.699376,-0.961348,-0.086379,0.261432,-0.007847,0.002836,-0.03164,-3.49509,-3.827042,-1.483316,-0.877811,0.082024,0.048759,-0.075371,0.246988,0.463027,-0.851235,0.140326,0.852101,0.504214,0.958803,-0.243985,0.145484,0.006763,-0.037297,0.019466,-0.092448,0.485171,-0.053793,-1.020748
644,0.164355,0.018192,0.300303,-0.239339,-0.404679,-0.882608,-0.264611,-0.847425,0.460243,-0.933903,0.3442,0.096842,0.013838,-0.071742,0.041902,-0.113221,0.342346,0.123773,-1.912596,-0.159191,0.022769,0.322656,-0.291704,0.704158,0.64735,-0.130831,-0.699692,0.702316,0.947828,0.119292,0.295387,-0.016143,0.009054,-0.060299,-0.285554,0.774997,-0.514262,-1.09843,0.048087,0.056332,-0.018847,0.239342,-0.702918,0.669791,0.116333,0.705633,0.698962,-0.96394,-0.089372,0.25066,-0.00752,-0.001294,-0.026371,-0.726227,1.849303,-2.092862,-0.89414,0.082136,0.048052,-0.074971,0.247507,0.454914,-0.855448,0.13452,0.858234,0.495316,0.959501,-0.237669,0.151223,-3e-06,-0.03535,0.021586,-0.129396,0.365479,0.086543,-1.022055
645,0.164206,0.015041,0.302201,-0.22912,-0.381118,-0.895711,-0.257936,-0.863516,0.433339,-0.938334,0.330792,0.100663,-0.014055,-0.084031,0.049419,-0.1098,0.365174,0.299312,-1.912365,-0.159426,0.022974,0.320568,-0.283032,0.698137,0.657639,-0.10715,-0.704296,0.701727,0.953404,0.12727,0.27329,-0.001952,0.003271,-0.049378,-0.10177,0.244696,0.154102,-1.063016,0.047964,0.056431,-0.019899,0.229325,-0.696372,0.680054,0.092009,0.711055,0.69709,-0.96899,-0.097289,0.227135,-0.000934,0.001395,-0.024882,-0.118807,0.384513,-0.014779,-0.92141,0.082073,0.046493,-0.074014,0.240482,0.43121,-0.869611,0.12788,0.87402,0.468759,0.962192,-0.223934,0.155043,-0.00706,-0.042157,0.024569,-0.084133,0.446978,0.368433,-1.009155
646,0.163898,0.011491,0.304158,-0.215999,-0.3604,-0.90747,-0.238794,-0.881676,0.406936,-0.946491,0.30504,0.105512,-0.000259,-0.097605,0.05499,4.858162,-2.035286,-0.167382,-1.912189,-0.159664,0.023277,0.318634,-0.284292,0.689804,0.665838,-0.062927,-0.706317,0.705045,0.956966,0.157674,0.243344,-0.015519,0.006746,-0.045349,-0.363583,0.631348,0.168204,-1.012202,0.047857,0.056573,-0.02085,0.232119,-0.687255,0.688331,0.048684,0.714981,0.697446,-0.971467,-0.12838,0.199418,-0.007738,0.003486,-0.022557,-0.56942,0.67998,0.249054,-0.905081,0.08192,0.044756,-0.073054,0.23327,0.408771,-0.88232,0.113499,0.889705,0.4422,0.965764,-0.203295,0.161147,-0.000168,-0.043069,0.023694,-0.065406,0.343983,0.523452,-1.015523
647,0.163304,0.00801,0.306344,-0.212736,-0.339607,-0.916218,-0.221394,-0.896529,0.383656,-0.951449,0.28488,0.116681,-0.028057,-0.091601,0.061797,1.39934,-0.265826,0.247677,-1.912065,-0.160266,0.024147,0.316663,-0.271729,0.686086,0.674862,-0.031408,-0.707092,0.706376,0.962139,0.169886,0.212812,-0.00448,0.036227,-0.056113,-0.271427,0.604931,0.186426,-1.013718,0.047546,0.057001,-0.021853,0.218495,-0.683342,0.696637,0.016692,0.716398,0.697491,-0.975694,-0.14077,0.167935,-0.008368,0.011744,-0.024193,-0.519642,1.002195,-0.08285,-0.930881,0.081627,0.042974,-0.071952,0.231146,0.388583,-0.891949,0.092509,0.903845,0.417738,0.96851,-0.179072,0.172972,-0.007088,-0.045833,0.030581,4.980257,-1.668456,-0.10977,-1.012747
648,0.162733,0.006256,0.307541,-0.211808,-0.323045,-0.922402,-0.222053,-0.90321,0.367255,-0.951504,0.283006,0.120726,-0.042275,-0.102415,0.070515,-0.112769,0.404049,0.658438,-1.911307,-0.160299,0.024726,0.315678,-0.262861,0.681626,0.682849,-0.013253,-0.710117,0.703912,0.965009,0.175125,0.194812,-0.003454,0.025491,-0.047944,-0.533753,0.924621,0.13949,-1.015863,0.047529,0.057298,-0.022346,0.210624,-0.677694,0.704533,-0.00023,0.720666,0.693282,-0.977567,-0.146184,0.151633,0.004967,0.013898,-0.023584,-0.331545,0.449961,-0.085668,-0.94574,0.081348,0.042104,-0.071355,0.231454,0.372985,-0.898504,0.091881,0.911074,0.401871,0.968496,-0.17557,0.176601,-0.014103,-0.045531,0.031267,-0.003986,0.656092,0.708785,-1.01536
649,0.161411,0.002642,0.3102,-0.216592,-0.291374,-0.931791,-0.22138,-0.914909,0.337497,-0.950578,0.279736,0.13482,-0.027885,-0.084713,0.06912,-0.092866,0.464778,0.524712,-1.91102,-0.159871,0.025662,0.313822,-0.251271,0.663224,0.704973,0.032956,-0.721954,0.691108,0.967605,0.196055,0.158639,0.011076,0.012734,-0.042895,-0.264816,0.734464,-0.193589,-1.013295,0.047737,0.057779,-0.023268,0.197115,-0.659761,0.725162,-0.046458,0.732558,0.679117,-0.979278,-0.167554,0.113747,0.005558,0.006553,-0.02128,-0.376145,0.836121,-0.116725,-0.966805,0.080681,0.040283,-0.070033,0.240915,0.342003,-0.908291,0.091711,0.923646,0.37211,0.966202,-0.172947,0.191155,-0.021057,-0.042034,0.035014,-0.038708,0.50888,0.74909,-1.015686
650,0.159509,-2.4e-05,0.313173,-0.22147,-0.26745,-0.937799,-0.201741,-0.928292,0.312325,-0.953812,0.25869,0.152803,-0.069325,-0.067339,0.087045,-0.080802,0.53499,0.513568,-1.910896,-0.158924,0.025555,0.31228,-0.221711,0.642468,0.733533,0.062765,-0.741192,0.668303,0.973301,0.193404,0.123061,0.041475,-0.026953,-0.027925,-0.114319,0.560263,-0.617642,-0.962119,0.048199,0.057748,-0.024038,0.166158,-0.638434,0.751527,-0.074794,0.751767,0.655173,-0.983258,-0.165072,0.077161,0.020206,-0.007414,-0.017419,-0.040285,0.503861,-0.648365,-0.962069,0.079744,0.038932,-0.068564,0.248535,0.319266,-0.914493,0.072405,0.935352,0.346226,0.965912,-0.152263,0.209351,-0.027554,-0.027936,0.039595,0.038826,0.715274,0.657737,-1.015033
651,0.158179,-0.0012,0.314849,-0.221533,-0.250605,-0.942425,-0.201802,-0.933717,0.29567,-0.953784,0.25599,0.157452,-0.069147,-0.063993,0.09029,-0.101719,0.382325,0.706301,-1.910669,-0.158074,0.025032,0.311691,-0.201594,0.627583,0.751991,0.074501,-0.755606,0.650725,0.976816,0.186419,0.104603,0.056279,-0.040329,-0.023663,-0.359062,1.00874,-1.474595,-0.926149,0.048618,0.057493,-0.024333,0.14635,-0.623144,0.768291,-0.084619,0.765921,0.63734,-0.985606,-0.158287,0.059362,0.020847,-0.014895,-0.015301,-0.818475,1.853836,-3.13479,-0.946067,0.07908,0.038347,-0.067723,0.250944,0.302811,-0.919419,0.0729,0.941202,0.329883,0.965252,-0.149808,0.214114,-0.041668,-0.025635,0.042018,-0.011046,0.218948,1.375452,-1.015196
652,0.155535,-0.002838,0.318181,-0.228751,-0.229948,-0.945961,-0.19222,-0.941904,0.275389,-0.954051,0.245109,0.172441,-0.067567,-0.015748,0.080082,0.00796,0.4599,0.567572,-1.910427,-0.156505,0.022986,0.310715,-0.205881,0.588572,0.781785,0.127765,-0.775797,0.617858,0.970388,0.226352,0.083519,0.031273,-0.062637,-0.023866,-1.199598,-0.72703,-1.313881,-0.87706,0.0494,0.056506,-0.024807,0.145768,-0.586239,0.796916,-0.131908,0.786811,0.602933,-0.980485,-0.193008,0.037362,0.015633,-0.031338,-0.011949,-0.179818,0.769354,-1.051917,-0.922879,0.077756,0.037502,-0.066062,0.26044,0.283418,-0.922953,0.063925,0.948784,0.309388,0.96337,-0.139577,0.228984,-0.033723,-0.006776,0.041163,0.101975,0.660565,0.732086,-1.0134
653,0.152399,-0.00239,0.32161,-0.247087,-0.230069,-0.941308,-0.18168,-0.943181,0.27816,-0.951518,0.240027,0.192423,-0.078933,0.026581,0.082085,0.035919,0.53771,0.225368,-1.91095,-0.155036,0.020203,0.309759,-0.210403,0.537613,0.816513,0.168937,-0.802558,0.572097,0.963099,0.257635,0.076991,0.060401,-0.079492,-0.024816,0.414321,-0.41023,-1.451311,-0.880807,0.050136,0.055097,-0.025294,0.152493,-0.533757,0.831774,-0.17492,0.813754,0.554262,-0.972701,-0.230015,0.030727,0.022818,-0.034605,-0.016013,0.280661,-0.031964,-1.43314,-0.938555,0.076222,0.037699,-0.064379,0.277363,0.286128,-0.917169,0.053382,0.948559,0.312064,0.95928,-0.135515,0.247821,-0.046581,0.00898,0.046458,-0.141302,-0.017952,0.098944,-1.015033
654,0.149618,-0.001599,0.324684,-0.252512,-0.231951,-0.939405,-0.184435,-0.941508,0.281989,-0.949556,0.244748,0.196134,-0.05081,0.019003,0.073622,-0.106159,0.029499,-0.04636,-1.910492,-0.152529,0.017034,0.308884,-0.221718,0.467092,0.855954,0.191079,-0.839885,0.507953,0.956411,0.275592,0.09587,0.062324,-0.088608,-0.016036,0.152303,-1.108292,-1.840915,-0.834833,0.051413,0.05347,-0.025752,0.164562,-0.46152,0.871732,-0.192055,0.851874,0.487262,-0.967488,-0.247606,0.051549,0.03115,-0.04432,-0.008046,0.133571,-1.093053,-1.817975,-0.940025,0.074794,0.038137,-0.062781,0.28407,0.287032,-0.914831,0.056122,0.947524,0.314717,0.957159,-0.140743,0.253054,-0.032441,0.010489,0.037841,-0.111984,-0.100753,0.104146,-1.021075
655,0.14855,-0.001074,0.326079,-0.252181,-0.23177,-0.939539,-0.186134,-0.941149,0.282071,-0.949313,0.246296,0.195372,-0.050337,0.030727,0.065507,-0.071034,-0.00309,-0.006189,-1.912138,-0.151525,0.015383,0.308522,-0.233576,0.433278,0.870462,0.187028,-0.858405,0.477594,0.954402,0.273813,0.118353,0.047613,-0.075757,-0.021225,0.657255,-1.040498,-1.809902,-0.817698,0.051884,0.052698,-0.02592,0.175961,-0.430325,0.885357,-0.186464,0.868538,0.459209,-0.966575,-0.24589,0.072589,0.024368,-0.043261,-0.006516,0.742569,-1.418224,-1.084341,-0.935453,0.074274,0.038382,-0.062106,0.283615,0.286996,-0.914983,0.057832,0.947307,0.315061,0.957192,-0.142271,0.252073,-0.025192,0.020552,0.028384,-0.036283,-0.006716,-0.015706,-1.025974
656,0.146985,0.000743,0.328149,-0.260737,-0.236855,-0.935928,-0.184511,-0.939345,0.289065,-0.947307,0.248348,0.202387,-0.035403,0.05274,0.047911,-0.003594,0.078783,-0.139561,-1.913038,-0.150327,0.012257,0.307923,-0.258269,0.377308,0.889341,0.181628,-0.885115,0.428389,0.949097,0.271698,0.158929,0.035237,-0.085513,-0.011198,0.312156,-0.615558,-1.390735,-0.818923,0.052514,0.051076,-0.026238,0.20373,-0.370682,0.906138,-0.176877,0.896384,0.406459,-0.962916,-0.243083,0.117056,0.01761,-0.042634,-0.005499,0.298529,-0.589065,-1.382194,-0.960273,0.073458,0.039315,-0.06102,0.291388,0.292908,-0.910657,0.055991,0.945113,0.321907,0.954964,-0.144788,0.258995,-0.017739,0.026382,0.024,-0.009184,0.059287,-0.14044,-1.032179
657,0.14598,0.002568,0.329658,-0.264249,-0.240855,-0.93392,-0.183088,-0.938184,0.293702,-0.946605,0.248894,0.204982,-0.023208,0.036345,0.032482,-0.00015,-0.016048,0.014403,-1.912639,-0.149365,0.009273,0.30755,-0.295235,0.306322,0.904983,0.224392,-0.898405,0.377426,0.928996,0.314118,0.195345,0.007005,-0.07839,-0.001631,0.178716,-0.83465,-1.326832,-0.803253,0.052986,0.049628,-0.02643,0.240258,-0.303463,0.922055,-0.21667,0.909148,0.355673,-0.946218,-0.285235,0.152679,0.002902,-0.033584,-0.004739,-1.209659,-1.328221,-1.536843,-0.985256,0.07297,0.040217,-0.060268,0.294166,0.297335,-0.908326,0.054435,0.943621,0.326519,0.954202,-0.145496,0.261396,-0.004662,0.017883,0.015976,-0.001952,0.056895,-0.09922,-1.032505
658,0.145876,0.003325,0.330114,-0.26551,-0.242258,-0.933199,-0.182267,-0.937853,0.295267,-0.946409,0.248783,0.206018,-0.009565,0.042691,0.019818,0.032648,0.043995,-0.083305,-1.913331,-0.149279,0.008044,0.307418,-0.311273,0.277395,0.908929,0.240534,-0.90223,0.357851,0.91969,0.329673,0.212953,-0.009752,-0.051805,-0.011799,0.251308,-0.712447,-0.952858,-0.77979,0.053046,0.049001,-0.026497,0.25773,-0.273905,0.92658,-0.231905,0.91341,0.334516,-0.937974,-0.301093,0.171893,0.00212,-0.025376,-0.006161,-0.050097,-1.154388,-1.21614,-0.982644,0.072908,0.040592,-0.060036,0.295178,0.298831,-0.907507,0.053578,0.943158,0.327997,0.953938,-0.14544,0.262389,0.002041,0.020196,0.00887,0.03816,-0.064006,0.095926,-1.033812
659,0.146047,0.004845,0.330709,-0.270258,-0.247297,-0.930511,-0.179336,-0.936611,0.300948,-0.945619,0.24851,0.209939,0.003621,0.036763,0.014271,0.033042,0.044532,-0.078134,-1.914169,-0.149862,0.006416,0.307135,-0.337504,0.238574,0.910585,0.26107,-0.905601,0.334159,0.904742,0.35021,0.242192,-0.025818,-0.030912,-0.008635,-4.855062,-2.459529,-1.647102,-0.769615,0.052758,0.048152,-0.026644,0.283724,-0.23628,0.929339,-0.246048,0.918779,0.308713,-0.926801,-0.316251,0.202544,-0.012939,-0.014927,-0.003785,0.207316,-0.990861,-0.00663,-0.965008,0.072988,0.041362,-0.059735,0.299055,0.304222,-0.904441,0.050428,0.941454,0.333346,0.952902,-0.145298,0.266205,0.008637,0.017393,0.006229,0.034556,0.028026,-0.046229,-1.037567
660,0.146706,0.00556,0.331208,-0.268087,-0.249037,-0.930674,-0.179447,-0.936203,0.30215,-0.946218,0.248313,0.207456,0.015001,-0.001108,0.016776,-0.034367,-0.017128,0.035457,-1.913727,-0.150783,0.005499,0.307089,-0.347212,0.211739,0.913565,0.279282,-0.906552,0.316384,0.895591,0.364731,0.254461,-0.026595,-0.019982,0.002232,0.181179,-0.501042,-0.497321,-0.750803,0.052298,0.047689,-0.026672,0.294321,-0.209548,0.932451,-0.269046,0.91804,0.291232,-0.917054,-0.336588,0.21382,-0.02038,-0.009864,0.002037,-0.047751,0.139178,-0.290507,-0.952925,0.073315,0.041745,-0.059477,0.296615,0.305865,-0.90469,0.050453,0.940981,0.334676,0.953663,-0.144915,0.263678,0.01443,0.004094,0.003451,0.009501,-0.033296,0.090416,-1.039364
