frame,MLTx,MLTy,MLTz,MLTR1,MLTR2,MLTR3,MLTR4,MLTR5,MLTR6,MLTR7,MLTR8,MLTR9,MLTTVx,MLTTVy,MLTTVz,MLTRVx,MLTRVy,MLTRVz,MLGA,MRTx,MRTy,MRTz,MRTR1,MRTR2,MRTR3,MRTR4,MRTR5,MRTR6,MRTR7,MRTR8,MRTR9,MRTTVx,MRTTVy,MRTTVz,MRTRVx,MRTRVy,MRTRVz,MRGA,SLTx,SLTy,SLTz,SLTR1,SLTR2,SLTR3,SLTR4,SLTR5,SLTR6,SLTR7,SLTR8,SLTR9,SLTTVx,SLTTVy,SLTTVz,SLTRVx,SLTRVy,SLTRVz,SLGA,SRTx,SRTy,SRTz,SRTR1,SRTR2,SRTR3,SRTR4,SRTR5,SRTR6,SRTR7,SRTR8,SRTR9,SRTTVx,SRTTVy,SRTTVz,SRTRVx,SRTRVy,SRTRVz,SRGA
276,0.125977,-0.020865,0.305983,-0.186768,0.026507,-0.982069,-0.35289,-0.934714,0.041829,-0.91662,0.354336,0.185152,0.013192,0.016622,-0.043319,-0.021582,-1.594766,-0.932229,0.522572,-0.193406,-0.026237,0.308605,-0.493252,0.732352,0.469419,-0.436806,-0.675082,0.594474,0.752869,0.087262,0.652255,-0.000122,-0.001458,-0.001639,-2.39992,-3.765694,-3.635463,-1.404153,0.031035,0.030173,-0.015619,0.403299,-0.788374,0.464559,0.525096,0.615159,0.588092,-0.749414,0.006761,0.662065,0.007407,-0.000896,-0.001507,0.120248,-1.101051,0.569741,-0.91896,0.061821,0.03178,-0.06503,0.259074,-0.03104,-0.965358,0.316429,0.947051,0.054469,0.912553,-0.319579,0.255178,0.013853,0.001941,-0.018244,-0.032978,-1.435412,-0.565261,-0.13555
277,0.12648,-0.020642,0.305186,-0.175295,0.001906,-0.984537,-0.35018,-0.934713,0.060486,-0.919932,0.35536,0.165744,0.028251,0.015686,-0.043945,0.010118,-1.086825,-0.816476,0.522558,-0.193311,-0.0262,0.308516,-0.51785,0.721294,0.459954,-0.425371,-0.683483,0.593165,0.742857,0.110614,0.660145,0.014283,0.009565,-0.010981,0.066365,-0.918431,0.654074,-1.404099,0.031078,0.030186,-0.015661,0.433853,-0.777418,0.455401,0.510799,0.628604,0.586463,-0.742195,-0.02182,0.669827,-0.000118,-0.000998,-0.001097,-0.361661,-2.20202,1.967539,-0.92239,0.062067,0.031891,-0.065429,0.245659,-0.005593,-0.969339,0.312239,0.947143,0.073665,0.917691,-0.320763,0.234421,0.014167,0.007917,-0.021896,0.01772,-1.17641,-0.863491,0.017453
278,0.127909,-0.019979,0.303617,-0.161521,-0.043403,-0.985937,-0.344257,-0.933789,0.097451,-0.924693,0.355205,0.137113,0.059096,0.01762,-0.040846,0.005507,-0.110395,-1.077222,0.521955,-0.193023,-0.026113,0.308266,-0.588382,0.67909,0.438902,-0.382379,-0.711849,0.589059,0.713186,0.177912,0.677921,0.014265,0.009364,-0.011214,-0.384623,-1.485664,-1.133096,-1.404058,0.031227,0.030232,-0.015792,0.508174,-0.744771,0.43252,0.471897,0.660885,0.583561,-0.720466,-0.092445,0.687299,0.007134,0.004669,-0.005617,-0.363474,-1.504377,-1.157038,-0.927941,0.062769,0.032217,-0.066221,0.228655,0.040157,-0.972678,0.303615,0.946371,0.110444,0.92495,-0.320574,0.2042,0.022115,0.009462,-0.019922,-0.106252,0.799033,-2.580508,0.327542
279,0.129926,-0.019145,0.302068,-0.156822,-0.074623,-0.984827,-0.332883,-0.934793,0.123786,-0.929658,0.347332,0.122982,0.059681,0.021083,-0.036999,0.06054,-0.514566,-0.365504,0.521087,-0.192746,-0.025991,0.307869,-0.651803,0.631275,0.42028,-0.341598,-0.739045,0.580566,0.677913,0.234054,0.696789,0.013988,0.006,-0.015013,-1.94258,-3.864938,-3.75928,-1.403877,0.03136,0.030295,-0.015979,0.572588,-0.707901,0.413544,0.438091,0.690554,0.575509,-0.692978,-0.148359,0.705528,-0.000268,-0.003157,-0.003552,0.400972,-0.673381,-0.285017,-0.924023,0.06376,0.032624,-0.066984,0.225264,0.069576,-0.971809,0.290282,0.947354,0.135112,0.930049,-0.312535,0.193208,0.029929,0.010878,-0.018131,0.115639,0.020739,-0.100468,0.4892
280,0.130993,-0.018745,0.301423,-0.158705,-0.079809,-0.984118,-0.330554,-0.934905,0.129071,-0.930167,0.345883,0.123219,0.059972,0.022931,-0.034932,0.0876,-0.046767,-0.298408,0.521163,-0.192629,-0.025999,0.307616,-0.680086,0.606559,0.411778,-0.319903,-0.750785,0.577856,0.660506,0.2605,0.704084,0.013806,0.003722,-0.017596,-2.03714,-3.689245,-3.999875,-1.404181,0.031425,0.030295,-0.01611,0.607044,-0.684197,0.404191,0.415184,0.706757,0.572813,-0.677582,-0.17991,0.713101,0.006989,0.001606,-0.009056,-2.055606,-3.680857,-3.990335,-0.924676,0.064332,0.03284,-0.067333,0.225673,0.076315,-0.971209,0.287295,0.947377,0.141199,0.930877,-0.310889,0.191872,0.03005,0.011682,-0.017245,0.090003,-0.022439,-0.276845,0.505529
281,0.133679,-0.018137,0.300331,-0.164849,-0.08426,-0.982736,-0.32676,-0.935407,0.13496,-0.930431,0.343466,0.127893,0.074523,0.001786,-0.017132,0.03317,0.124881,-0.170527,0.520104,-0.192539,-0.025988,0.306793,-0.745353,0.543253,0.386413,-0.265172,-0.77326,0.575922,0.612599,0.326115,0.719886,0.013317,-0.002411,-0.024595,-0.309622,-1.427804,-1.289687,-1.40427,0.031469,0.030304,-0.016517,0.679644,-0.628604,0.378075,0.362324,0.735825,0.572085,-0.637812,-0.251829,0.727857,0.006636,-0.001481,-0.0126,-0.249696,-1.462159,-1.316835,-0.918471,0.065648,0.033144,-0.067871,0.231647,0.080565,-0.969457,0.283168,0.947825,0.146429,0.930674,-0.308439,0.196747,0.044901,0.005703,-0.013376,0.069389,-0.008685,0.047165,0.51353
282,0.137072,-0.017999,0.299568,-0.168709,-0.08274,-0.98221,-0.324978,-0.936076,0.13462,-0.930358,0.342007,0.132259,0.089554,0.001493,-0.017495,0.03475,0.140464,-0.155836,0.510891,-0.192579,-0.025938,0.30558,-0.80115,0.477589,0.360637,-0.213809,-0.791119,0.573018,0.559974,0.381363,0.735428,-0.001991,-0.006091,-0.027858,0.200808,-0.839597,-0.305536,-1.404385,0.03145,0.030329,-0.017115,0.74231,-0.570202,0.351915,0.313212,0.75957,0.570045,-0.592345,-0.312926,0.742431,-0.00132,0.002086,-0.018496,-0.031676,-1.543638,-1.393171,-0.914062,0.06734,0.033216,-0.068248,0.235743,0.078891,-0.968607,0.281506,0.948424,0.14576,0.930149,-0.307031,0.201376,0.04472,-0.004368,-0.004198,-0.006834,0.00864,0.004196,0.510101
283,0.140753,-0.018403,0.299305,-0.174153,-0.074623,-0.98191,-0.32544,-0.936727,0.128856,-0.929187,0.342081,0.140072,0.104393,-0.019344,0.000289,-0.016878,0.035284,0.2684,0.492756,-0.192589,-0.025933,0.304149,-0.850533,0.405511,0.334882,-0.157708,-0.803966,0.573324,0.502787,0.434305,0.747294,0.012267,0.002717,-0.039923,-0.77056,-2.5081,1.753109,-1.404408,0.031439,0.030325,-0.01783,0.799942,-0.50262,0.327816,0.257657,0.781063,0.568816,-0.541944,-0.370557,0.754309,-0.001124,-0.00474,-0.015967,-0.486211,-1.187927,-1.031021,-0.911286,0.069174,0.033021,-0.068388,0.241683,0.071142,-0.967743,0.282287,0.94902,0.140263,0.928387,-0.30708,0.209279,0.044872,-0.003383,-0.003268,0.007264,0.143757,0.090431,0.493608
284,0.14269,-0.018815,0.29939,-0.177248,-0.068868,-0.981777,-0.326542,-0.936916,0.124621,-0.92821,0.34276,0.144802,0.104404,-0.029287,0.00957,-0.053715,0.185575,0.101481,0.478999,-0.192563,-0.02597,0.303391,-0.875436,0.359493,0.323061,-0.121655,-0.810625,0.572731,0.46887,0.461631,0.752941,0.012129,0.00094,-0.042082,-0.385512,-1.351466,-1.10986,-1.404331,0.031452,0.030308,-0.018207,0.829785,-0.462037,0.313013,0.224888,0.79015,0.570165,-0.510764,-0.402722,0.759562,-0.001478,0.000244,-0.020545,-1.766807,-3.673222,-4.471488,-0.909979,0.070143,0.032819,-0.068349,0.244855,0.06537,-0.967353,0.28372,0.949219,0.13596,0.927118,-0.307748,0.213874,0.044746,-0.013941,0.005433,-0.060277,0.207112,0.077124,0.478912
285,0.146634,-0.019957,0.299826,-0.182779,-0.053013,-0.981747,-0.330191,-0.937227,0.112029,-0.925838,0.344701,0.155024,0.104736,-0.02824,0.010254,0.14531,-1.387449,2.602599,0.43739,-0.192401,-0.026173,0.301646,-0.919174,0.260033,0.295794,-0.046126,-0.816763,0.575069,0.392283,0.514614,0.762332,0.011778,-0.003603,-0.047673,-0.772292,-2.559029,1.640834,-1.403913,0.031529,0.030211,-0.019057,0.884169,-0.367906,0.287907,0.149205,0.806393,0.572247,-0.442699,-0.463006,0.767881,-0.001722,-0.002113,-0.023437,-1.633924,-3.755903,-4.377348,-0.899202,0.072116,0.03225,-0.068128,0.253398,0.051455,-0.965991,0.287849,0.94934,0.126076,0.923542,-0.310007,0.22575,0.044789,-0.019178,0.00967,-0.099495,0.224061,0.061272,0.434824
286,0.150378,-0.021557,0.300595,-0.191928,-0.036245,-0.980763,-0.335022,-0.93686,0.10013,-0.922234,0.347835,0.168888,0.104765,-0.050604,0.025983,-0.114614,0.182083,0.27957,0.367773,-0.192052,-0.026494,0.299781,-0.952503,0.152239,0.263731,0.030762,-0.813279,0.581003,0.304134,0.561323,0.769599,0.012153,-0.017831,-0.043551,-0.408368,-1.229304,-0.985252,-1.404428,0.031702,0.030056,-0.01999,0.929391,-0.269009,0.252716,0.076925,0.810831,0.580203,-0.36099,-0.519795,0.774272,0.005828,-0.003216,-0.025742,-0.330198,-1.137772,0.45728,-0.900835,0.073988,0.03146,-0.067748,0.260807,0.033083,-0.964823,0.29396,0.949231,0.112011,0.919547,-0.312833,0.237841,0.044913,-0.019244,0.009382,-0.093883,0.289304,0.095858,0.358241
287,0.152132,-0.022473,0.301116,-0.197212,-0.024734,-0.980072,-0.338071,-0.936636,0.091611,-0.919998,0.349425,0.177575,0.090144,-0.047878,0.02892,-0.086805,0.496585,0.470245,0.313711,-0.191796,-0.026683,0.298859,-0.9654,0.091379,0.24422,0.071404,-0.807844,0.584999,0.251962,0.582077,0.773023,0.012182,-0.017817,-0.043755,-0.60999,-1.856683,-0.60727,-1.40435,0.031834,0.029957,-0.020473,0.950225,-0.206307,0.23347,0.032405,0.810733,0.584517,-0.309873,-0.547857,0.777065,0.005765,-0.003404,-0.025851,-2.209912,-5.719062,-2.644429,-0.900672,0.07487,0.030998,-0.067492,0.265344,0.023117,-0.963875,0.297509,0.948964,0.10466,0.917104,-0.314532,0.244925,0.044994,-0.024444,0.013804,-0.050414,0.860949,0.421082,0.301252
288,0.155428,-0.024489,0.302409,-0.204054,-0.002637,-0.97898,-0.345157,-0.935576,0.074409,-0.915858,0.353083,0.191217,0.075526,-0.046105,0.030684,-0.091119,0.514158,0.4042,0.089029,-0.191188,-0.027032,0.297033,-0.977468,-0.020506,0.210064,0.144474,-0.790076,0.595685,0.154982,0.612633,0.774935,0.011942,-0.002926,-0.047821,-1.244702,-3.754473,-4.293709,-1.404425,0.032137,0.02977,-0.021393,0.974886,-0.101082,0.198438,-0.038365,0.801505,0.596755,-0.219371,-0.589382,0.777499,0.013891,-0.007186,-0.020602,-0.38934,-1.179662,-0.918374,-0.888588,0.076524,0.029991,-0.066845,0.272979,0.001088,-0.962018,0.305899,0.947999,0.087873,0.912089,-0.318268,0.258451,0.045297,-0.028732,0.019216,-0.089883,0.733689,0.546277,0.087668
289,0.158136,-0.026553,0.303971,-0.212103,0.022211,-0.977018,-0.336558,-0.940231,0.051635,-0.917218,0.339742,0.208118,0.061052,-0.053079,0.043599,-0.130318,0.508645,0.365167,-0.110644,-0.19043,-0.02738,0.295523,-0.9768,-0.092258,0.193238,0.192125,-0.775289,0.601621,0.095541,0.6249,0.774748,0.028174,-0.009536,-0.035594,-1.084657,-3.483625,-4.203205,-1.405416,0.03251,0.029595,-0.022156,0.982907,-0.02994,0.181651,-0.087379,0.792603,0.603444,-0.162044,-0.609002,0.776439,0.006559,-0.004439,-0.016874,-0.040595,-0.459882,-0.045561,-0.889242,0.077884,0.028958,-0.066072,0.28223,-0.024134,-0.959042,0.298759,0.952182,0.063958,0.91164,-0.304574,0.275945,0.030486,-0.026703,0.021561,-0.116855,0.64668,0.439794,-0.205275
290,0.159862,-0.028525,0.305691,-0.219979,0.059589,-0.973706,-0.334009,-0.942388,0.017732,-0.916285,0.329048,0.228422,0.031064,-0.050618,0.046637,-0.063097,0.54438,0.821409,-0.23993,-0.189519,-0.027928,0.294517,-0.971141,-0.149226,0.186035,0.232872,-0.760196,0.606471,0.052146,0.632473,0.772737,0.029333,-0.014959,-0.020667,-1.025758,-3.450589,-4.089504,-1.405436,0.032955,0.029326,-0.022661,0.984299,0.027095,0.174414,-0.129414,0.782739,0.608745,-0.120027,-0.621758,0.773956,0.014722,-0.007277,-0.010113,0.015284,-0.016562,-0.014257,-0.887609,0.078758,0.027973,-0.065212,0.291024,-0.060579,-0.954795,0.298432,0.953945,0.030438,0.908979,-0.2938,0.295699,0.023089,-0.025695,0.022771,0.090138,0.541074,1.376356,-0.353543
291,0.16048,-0.029532,0.306624,-0.225007,0.081195,-0.970992,-0.333141,-0.942861,-0.001699,-0.915374,0.322988,0.240409,0.031113,-0.050728,0.046502,-0.044792,0.764666,0.913827,-0.30893,-0.18901,-0.028213,0.294192,-0.967645,-0.174145,0.182557,0.250092,-0.755257,0.605784,0.033603,0.632054,0.774107,0.029606,-0.01191,-0.016989,0.243537,-0.264339,-0.435528,-1.405852,0.033209,0.029181,-0.022827,0.983668,0.055606,0.171182,-0.15009,0.778351,0.609625,-0.099341,-0.625361,0.773985,0.007178,-0.005968,-0.007957,0.086308,-1.361635,-1.572852,-0.887935,0.079061,0.02749,-0.064762,0.295884,-0.079995,-0.951867,0.298587,0.954298,0.012615,0.907357,-0.287948,0.306248,0.015614,-0.024879,0.02379,0.444239,-0.642576,2.729344,-0.407756
292,0.161123,-0.031385,0.308413,-0.233062,0.118572,-0.96523,-0.330855,-0.94298,-0.036007,-0.914178,0.310806,0.260205,0.015963,-0.038903,0.039246,-0.082611,0.491004,0.716052,-0.424565,-0.187882,-0.028686,0.293782,-0.957974,-0.229228,0.172426,0.286516,-0.742384,0.605564,-0.009598,0.629801,0.776609,0.030665,-0.018388,-0.00318,-0.939656,-3.401229,-4.303864,-1.405704,0.033784,0.028944,-0.023042,0.981106,0.108001,0.16052,-0.184481,0.772207,0.607999,-0.058291,-0.626124,0.777541,0.015061,-0.003303,-0.005295,0.02197,-0.06593,0.005406,-0.885976,0.079395,0.026541,-0.063846,0.30595,-0.119615,-0.944503,0.299214,0.953886,-0.02388,0.903805,-0.275302,0.327632,0.000356,-0.024934,0.023906,-0.116044,0.778396,0.575527,-0.507036
293,0.161091,-0.03331,0.310208,-0.242947,0.153856,-0.957784,-0.323721,-0.94358,-0.069516,-0.914145,0.29297,0.280239,-0.014634,-0.039478,0.038938,-0.074728,0.779588,0.799345,-0.465793,-0.186604,-0.029063,0.293708,-0.945569,-0.281891,0.162567,0.321333,-0.731484,0.601341,-0.049404,0.621198,0.782008,0.04577,-0.000859,-0.004688,0.092031,-0.501464,-0.411496,-1.406018,0.034434,0.028747,-0.023081,0.974329,0.167091,0.150869,-0.224669,0.764329,0.604419,-0.014321,-0.6228,0.782249,0.022929,-0.000139,-0.002013,0.086261,-0.498945,-0.417975,-0.879934,0.079385,0.025566,-0.062932,0.31545,-0.153643,-0.936421,0.294538,0.95392,-0.057293,0.902074,-0.257739,0.346168,-0.007353,-0.019842,0.019351,-0.092653,0.6837,0.737131,-0.56876
294,0.160658,-0.035336,0.311892,-0.248302,0.17842,-0.952133,-0.316835,-0.943768,-0.094282,-0.915112,0.278031,0.292055,-0.014965,-0.053952,0.043348,-0.141575,0.454589,0.548749,-0.473835,-0.185335,-0.029385,0.293849,-0.928091,-0.341275,0.148898,0.35944,-0.717561,0.596527,-0.095564,0.607576,0.788404,0.031293,-0.010435,0.006558,0.180462,-0.500654,-0.03308,-1.406494,0.035058,0.028595,-0.023007,0.963944,0.227657,0.13778,-0.264085,0.754764,0.600491,0.032715,-0.615226,0.787671,0.015681,-0.005022,0.003499,0.100783,-1.131551,0.258204,-0.879281,0.079174,0.024576,-0.062103,0.32141,-0.177862,-0.930085,0.289312,0.953682,-0.082396,0.901661,-0.242602,0.35798,-0.00752,-0.027127,0.021509,-0.148735,0.332749,0.704645,-0.587865
295,0.160317,-0.036425,0.312727,-0.249831,0.187889,-0.949909,-0.310578,-0.94469,-0.105229,-0.916837,0.268491,0.29555,-0.015119,-0.055111,0.042021,-0.145742,0.451084,0.544268,-0.473628,-0.184714,-0.029542,0.293984,-0.919149,-0.366762,0.143672,0.376315,-0.710483,0.594588,-0.114835,0.601039,0.79084,0.031373,-0.0093,0.007941,-0.089926,-1.173175,-1.388666,-1.406171,0.035368,0.028517,-0.02294,0.958389,0.252997,0.132217,-0.280658,0.750471,0.59835,0.052156,-0.61056,0.790249,0.01549,-0.004266,0.00437,-0.61092,-3.612087,-4.299024,-0.880424,0.079003,0.024031,-0.061685,0.322831,-0.186964,-0.927805,0.283767,0.954317,-0.093569,0.902915,-0.233074,0.361137,-0.00761,-0.027849,0.020683,-0.153286,0.465416,0.548756,-0.591131
296,0.159462,-0.038739,0.314338,-0.251569,0.200833,-0.946797,-0.29721,-0.946977,-0.121957,-0.92078,0.250461,0.299098,-0.015588,-0.058818,0.037752,-0.15966,0.093679,0.306817,-0.472004,-0.183567,-0.029905,0.294362,-0.903641,-0.408232,0.129502,0.400971,-0.700643,0.590132,-0.149034,0.585704,0.796619,0.031448,-0.008277,0.009161,0.319059,-0.34505,-0.187429,-1.406196,0.035931,0.02834,-0.022752,0.947608,0.296549,0.118726,-0.306959,0.742524,0.595342,0.088391,-0.600596,0.794651,0.015768,-0.003605,0.005225,0.404431,-0.460528,-0.253523,-0.881567,0.078576,0.022878,-0.060876,0.326025,-0.201049,-0.923734,0.271766,0.95581,-0.112112,0.905455,-0.214488,0.366256,-0.015481,-0.029067,0.019358,-0.15495,0.122323,0.277945,-0.591294
297,0.158393,-0.041306,0.315927,-0.257997,0.214105,-0.942148,-0.294544,-0.946124,-0.134408,-0.919851,0.242555,0.308333,-0.031399,-0.060981,0.035345,-0.165497,0.404212,0.211451,-0.470237,-0.18276,-0.030357,0.294791,-0.893736,-0.431484,0.122675,0.416085,-0.695613,0.585602,-0.166214,0.574957,0.801037,0.016795,-0.021098,0.016485,0.052599,-0.106478,-0.085847,-1.40627,0.036352,0.02812,-0.022532,0.940055,0.322301,0.11143,-0.323602,0.739981,0.589668,0.107595,-0.59038,0.799921,0.00805,-0.00488,0.004276,0.079511,-0.124357,-0.082464,-0.878138,0.078048,0.021594,-0.060082,0.331741,-0.213445,-0.918906,0.269918,0.95482,-0.124342,0.903931,-0.20678,0.374365,-0.00803,-0.03645,0.02131,-0.19293,0.571573,0.311094,-0.590641
298,0.157868,-0.042549,0.316585,-0.263401,0.220517,-0.939169,-0.292784,-0.945855,-0.140028,-0.918874,0.23781,0.314872,-0.031781,-0.063673,0.032185,-0.159463,0.687928,0.330034,-0.469446,-0.182456,-0.030612,0.294961,-0.887255,-0.44583,0.118351,0.425256,-0.691603,0.58376,-0.177284,0.568832,0.803034,0.016034,-0.010872,0.007193,-0.067996,-1.122917,-1.424589,-1.406286,0.036504,0.027989,-0.022443,0.935952,0.335401,0.10723,-0.33169,0.737531,0.588243,0.118211,-0.586134,0.801543,0.008146,-0.01099,0.007582,-0.530729,-3.403526,-4.56214,-0.877321,0.077786,0.020976,-0.059749,0.336167,-0.218775,-0.916039,0.268373,0.954572,-0.12949,0.902755,-0.20231,0.379609,-0.0159,-0.031737,0.016231,-0.178986,0.107662,0.046417,-0.590314
299,0.156832,-0.045061,0.317853,-0.264876,0.243095,-0.933162,-0.287651,-0.943538,-0.164206,-0.920068,0.224622,0.321009,-0.016484,-0.063945,0.031702,-0.164423,0.318808,0.199838,-0.470194,-0.182021,-0.030903,0.295207,-0.877605,-0.467171,0.107483,0.436322,-0.685933,0.582283,-0.19719,0.558497,0.805643,4.6e-05,0.000859,0.001064,-0.051127,-0.819851,0.342726,-1.406277,0.036722,0.027836,-0.022321,0.928089,0.358793,0.09958,-0.346006,0.732187,0.586669,0.137582,-0.578937,0.80368,0.000397,-0.005042,0.004725,0.364953,-0.338125,-0.213627,-0.872423,0.077261,0.019714,-0.059122,0.339598,-0.242801,-0.908691,0.265363,0.951592,-0.155092,0.90236,-0.188464,0.387589,-0.016063,-0.026727,0.011404,-0.133211,0.390187,0.179874,-0.590968
300,0.15591,-0.047279,0.318982,-0.264353,0.272006,-0.925298,-0.294344,-0.936359,-0.191222,-0.918101,0.221461,0.328744,-0.031857,-0.049736,0.027039,-0.125677,0.273661,0.183361,-0.470994,-0.181856,-0.030892,0.295257,-0.866357,-0.489707,0.098002,0.448537,-0.67699,0.583466,-0.218285,0.550063,0.806006,7.3e-05,0.001389,0.001719,0.015246,-0.01437,-0.010129,-1.406064,0.03681,0.027842,-0.022297,0.919405,0.38356,0.087027,-0.358179,0.725123,0.588135,0.16248,-0.571906,0.804066,4.6e-05,0.000741,0.000916,-0.009177,0.005536,-0.012441,-0.864748,0.076811,0.018614,-0.058572,0.339686,-0.271445,-0.900516,0.274131,0.944451,-0.181282,0.899702,-0.185281,0.395228,-0.008202,-0.025374,0.012914,-0.026581,0.165463,0.637735,-0.591621
301,0.155218,-0.048988,0.319921,-0.269505,0.290959,-0.918017,-0.295961,-0.932128,-0.208604,-0.916075,0.21511,0.338468,-0.016138,-0.037012,0.020558,1.42871,0.580535,-0.136897,-0.473002,-0.181855,-0.030669,0.295367,-0.858696,-0.505129,0.086466,0.453482,-0.670652,0.586953,-0.237411,0.543859,0.804808,0.000258,0.0049,0.006057,2e-06,-9e-06,-1e-05,-1.406727,0.03681,0.027947,-0.022249,0.913552,0.39962,0.075666,-0.363674,0.719304,0.591896,0.182106,-0.568246,0.802453,0.000168,0.003066,0.003793,0.004036,-0.005455,0.024912,-0.860992,0.076447,0.01772,-0.058084,0.344581,-0.290298,-0.892742,0.277869,0.93991,-0.198384,0.896689,-0.179706,0.40454,-0.008076,-0.018351,0.010461,1.448062,0.59559,-0.129457,-0.592111
302,0.154885,-0.049674,0.320396,-0.27221,0.296185,-0.915545,-0.299023,-0.930354,-0.212128,-0.914277,0.215651,0.342957,-0.015728,-0.033113,0.025137,-0.10037,0.161916,0.19472,-0.473455,-0.181893,-0.030521,0.295554,-0.856219,-0.510261,0.080704,0.453911,-0.668768,0.588768,-0.245369,0.541388,0.804087,0.000419,0.00795,0.009811,0.001117,-0.016603,0.025654,-1.406299,0.036791,0.028018,-0.022159,0.911668,0.404934,0.069924,-0.364232,0.717506,0.593733,0.190251,-0.566756,0.801617,0.000226,0.004259,0.005258,0.003332,-0.009254,0.02664,-0.85887,0.076292,0.017397,-0.05787,0.347485,-0.295266,-0.889984,0.280611,0.938376,-0.201759,0.894712,-0.179632,0.408926,-0.007922,-0.011523,0.007824,-0.064733,0.223489,0.251137,-0.592274
303,0.15436,-0.050611,0.321234,-0.277117,0.303073,-0.91181,-0.302357,-0.928222,-0.216693,-0.911697,0.21526,0.349997,0.000232,-0.019492,0.019777,-0.070348,0.119804,0.01122,-0.472733,-0.182052,-0.03014,0.296121,-0.853323,-0.51548,0.078177,0.456353,-0.666223,0.589766,-0.250849,0.539585,0.803609,-0.014688,0.010926,0.014711,-0.000283,0.000114,-0.004759,-1.406272,0.036717,0.028205,-0.021881,0.909437,0.410321,0.067531,-0.366899,0.715314,0.594736,0.195727,-0.565652,0.801079,0.000666,0.000248,0.011227,-0.044474,0.088422,-0.13534,-0.860502,0.076023,0.01692,-0.057446,0.352442,-0.302141,-0.885716,0.28445,0.936254,-0.206193,0.891555,-0.179271,0.415919,-0.007711,-0.00955,0.01014,-0.072522,0.134479,-0.020484,-0.592927
304,0.154056,-0.051192,0.32196,-0.28097,0.314867,-0.90662,-0.304094,-0.925157,-0.227122,-0.909935,0.211485,0.356819,0.000354,-0.018392,0.021069,1.092145,-0.995034,2.255159,-0.472938,-0.182115,-0.029717,0.296762,-0.846394,-0.527613,0.072341,0.46271,-0.661597,0.590019,-0.262369,0.533524,0.803976,0.000697,0.013202,0.016121,0.393196,-0.407146,-0.210917,-1.406213,0.03668,0.028416,-0.02156,0.90486,0.421121,0.062319,-0.371996,0.710999,0.59674,0.206991,-0.563149,0.80001,0.00033,0.006342,0.007752,-0.031003,-0.172207,-0.027476,-0.864421,0.075866,0.016629,-0.057075,0.358188,-0.311745,-0.880065,0.287324,0.933668,-0.213791,0.888338,-0.176286,0.424001,-0.00764,-0.008894,0.010904,-0.071202,0.171952,-0.001274,-0.59407
305,0.154027,-0.05142,0.322253,-0.285229,0.318252,-0.904105,-0.30556,-0.924213,-0.22899,-0.908113,0.210542,0.361982,0.000266,-0.019142,0.020185,-0.069989,0.129747,0.015859,-0.472286,-0.182091,-0.02951,0.297045,-0.846628,-0.527627,0.069444,0.460914,-0.662019,0.59095,-0.264755,0.532986,0.803551,0.000623,0.011847,0.014429,0.010261,-0.036471,0.044661,-1.406463,0.036693,0.028529,-0.021407,0.904172,0.423109,0.058747,-0.371822,0.711843,0.595841,0.210287,-0.560587,0.80095,0.000292,0.005673,0.006914,-0.008757,-0.008873,0.013971,-0.867197,0.075852,0.016516,-0.05692,0.360698,-0.317068,-0.877133,0.288751,0.932199,-0.218233,0.886859,-0.174557,0.427796,0.00013,-0.004122,0.005832,-0.03525,0.073798,0.010189,-0.59456
306,0.154168,-0.051779,0.322758,-0.293656,0.325023,-0.898983,-0.308236,-0.922358,-0.232847,-0.904506,0.208312,0.372159,0.000308,-0.008066,0.011858,-0.030965,0.367182,0.160332,-0.472108,-0.182034,-0.029146,0.29755,-0.837334,-0.54261,0.066602,0.470833,-0.654127,0.591918,-0.276554,0.527674,0.803082,0.000479,0.009193,0.011146,-0.001219,-0.041581,-0.01146,-1.406237,0.036721,0.028716,-0.021149,0.896726,0.439016,0.056087,-0.38254,0.705089,0.597086,0.222584,-0.556878,0.800213,0.000243,0.004686,0.005685,-0.007556,-0.100062,-0.096681,-0.867524,0.075922,0.016329,-0.056659,0.368161,-0.322718,-0.871957,0.291605,0.930588,-0.221295,0.882849,-0.172795,0.436712,0.000149,-0.004001,0.005965,-0.0308,0.445444,0.200346,-0.594723
307,0.154449,-0.05198,0.323114,-0.29824,0.328,-0.896389,-0.309644,-0.921534,-0.234237,-0.902518,0.207289,0.377517,0.015883,-0.009022,0.010707,-0.034364,0.019498,0.021886,-0.471433,-0.181948,-0.028817,0.297958,-0.831026,-0.552547,0.063868,0.476881,-0.648911,0.592817,-0.285062,0.523799,0.802644,0.000397,0.007687,0.009284,0.001762,-0.015082,0.024492,-1.406327,0.036764,0.028881,-0.020944,0.891614,0.449629,0.053439,-0.389161,0.700623,0.598063,0.231466,-0.554039,0.799664,0.000192,0.003757,0.00454,0.002393,-0.012754,0.025268,-0.866381,0.076057,0.016233,-0.056484,0.373346,-0.326101,-0.868486,0.293273,0.929657,-0.222997,0.880114,-0.171448,0.442721,0.000142,0.001303,0.001526,0.000105,-0.024212,-0.012493,-0.594887
308,0.154585,-0.052015,0.323248,-0.300631,0.329356,-0.895093,-0.310129,-0.921211,-0.234864,-0.901555,0.206571,0.380201,0.000305,0.00267,0.00313,-0.005561,0.110206,-0.167109,-0.471105,-0.181917,-0.028654,0.298153,-0.827865,-0.557564,0.061275,0.479168,-0.646425,0.593689,-0.290361,0.521556,0.802205,0.00043,0.008357,0.010075,0.001762,-0.015082,0.024492,-1.406429,0.03678,0.028963,-0.020846,0.889057,0.454963,0.050853,-0.39168,0.698443,0.598969,0.236991,-0.552435,0.799156,0.000211,0.004157,0.005013,0.002665,-0.012242,0.024598,-0.868014,0.076131,0.016211,-0.056414,0.375604,-0.327299,-0.867061,0.29382,0.929355,-0.223534,0.878971,-0.1708,0.445237,0.00015,0.001366,0.001597,-0.005788,0.070724,-0.187208,-0.594887
309,0.154795,-0.051977,0.323404,-0.303665,0.330008,-0.893827,-0.310285,-0.921187,-0.234754,-0.900481,0.205639,0.383241,0.000237,0.002092,0.002449,4e-06,0.000221,0.000111,-0.46884,-0.181842,-0.028315,0.298588,-0.824952,-0.562468,0.055443,0.479397,-0.644622,0.595461,-0.298143,0.518514,0.801322,0.00047,0.00922,0.01107,0.001762,-0.015081,0.024492,-1.406617,0.036817,0.029127,-0.020635,0.886697,0.46015,0.04506,-0.392075,0.696689,0.60075,0.245042,-0.55035,0.798166,0.00024,0.004818,0.005783,-0.00908,0.092594,-0.145607,-0.872423,0.076236,0.016231,-0.056336,0.37833,-0.327628,-0.865751,0.293911,0.929389,-0.223273,0.87777,-0.169983,0.44791,0.000137,0.001245,0.001457,-0.000112,-0.006845,-0.003454,-0.593744
310,0.154874,-0.051884,0.32348,-0.305366,0.328181,-0.893921,-0.309625,-0.921917,-0.23275,-0.900131,0.205292,0.384248,0.000166,0.001467,0.001716,-0.005872,0.089357,-0.177592,-0.461614,-0.181827,-0.028016,0.299141,-0.824873,-0.562556,0.055742,0.479521,-0.644296,0.595716,-0.298164,0.518827,0.801112,0.000492,0.009705,0.0116,0.001762,-0.015073,0.024497,-1.406707,0.036825,0.029277,-0.020358,0.886651,0.460205,0.045391,-0.392223,0.696394,0.600995,0.244971,-0.550677,0.797962,0.00025,0.005093,0.006089,0.001833,-0.014488,0.025217,-0.873239,0.076275,0.016278,-0.056297,0.379823,-0.325814,-0.865781,0.29312,0.930082,-0.221418,0.87739,-0.169678,0.448769,9.3e-05,0.00085,0.000993,-7.2e-05,-0.000129,-4.4e-05,-0.590804
311,0.154852,-0.051864,0.323488,-0.307084,0.326333,-0.894009,-0.308977,-0.922645,-0.230715,-0.899767,0.204968,0.385272,0.0,4e-06,4e-06,-0.005871,0.089362,-0.17759,-0.451619,-0.181784,-0.027898,0.299715,-0.822312,-0.566339,0.055268,0.483256,-0.64401,0.592999,-0.299203,0.515052,0.803157,0.001116,-0.003436,0.017328,0.093256,-0.122563,-0.075632,-1.406278,0.036846,0.029345,-0.020069,0.884817,0.463763,0.044964,-0.395594,0.696742,0.598376,0.246176,-0.547241,0.799952,0.000544,-0.001799,0.008568,0.137964,-0.153915,-0.091054,-0.874709,0.076264,0.016289,-0.056292,0.381476,-0.323907,-0.86577,0.292305,0.930807,-0.219443,0.876944,-0.169357,0.44976,-8e-06,-5.7e-05,-6.8e-05,-6e-05,-1.9e-05,8e-06,-0.584599
312,0.154839,-0.051875,0.323475,-0.307637,0.325738,-0.894036,-0.308776,-0.922878,-0.230056,-0.899647,0.204872,0.385604,-0.000125,-0.001107,-0.001295,0.0,0.0,0.0,-0.448157,-0.181757,-0.027918,0.299979,-0.821026,-0.568225,0.055022,0.485083,-0.643798,0.591736,-0.299775,0.513237,0.804106,0.001045,-0.004818,0.015672,0.074038,-0.104832,-0.063266,-1.406238,0.03686,0.029334,-0.01993,0.883654,0.466006,0.044656,-0.397623,0.696776,0.596991,0.247086,-0.545289,0.801004,0.000507,-0.002546,0.007671,0.070121,-0.105649,-0.066438,-0.876179,0.076258,0.016284,-0.056297,0.382106,-0.32318,-0.865764,0.292003,0.93108,-0.218685,0.876771,-0.169245,0.450141,-7.6e-05,-0.000662,-0.000773,-6.2e-05,-2e-06,-9e-06,-0.58166
313,0.154837,-0.051876,0.323441,-0.308873,0.324402,-0.894095,-0.308275,-0.923407,-0.2286,-0.899393,0.204609,0.386333,-2.6e-05,-0.000233,-0.000273,0.0,0.0,0.0,-0.444119,-0.181694,-0.028139,0.300387,-0.818606,-0.571808,0.05394,0.488257,-0.643601,0.589336,-0.301234,0.50949,0.805941,0.00081,-0.009513,0.010089,0.070807,-0.088603,-0.086791,-1.406362,0.036892,0.02923,-0.019725,0.881675,0.469832,0.043635,-0.4008,0.696898,0.59472,0.24901,-0.541839,0.802747,0.000395,-0.004792,0.005,0.102428,-0.112304,-0.099496,-0.877648,0.076257,0.016281,-0.056317,0.383295,-0.321802,-0.865752,0.291384,0.931604,-0.217275,0.876457,-0.168986,0.450847,-1.6e-05,-0.000143,-0.000166,-4e-05,-3e-06,-1.2e-05,-0.577578
314,0.154873,-0.051841,0.323419,-0.310076,0.323096,-0.894152,-0.307736,-0.923932,-0.227199,-0.899163,0.204306,0.38703,8e-06,7.2e-05,8.4e-05,0.0,0.0,0.0,-0.434738,-0.181628,-0.028414,0.300618,-0.816173,-0.575379,0.052837,0.49148,-0.643478,0.586786,-0.30259,0.505611,0.807873,-2.1e-05,-0.000412,-0.000489,0.107573,-0.100465,-0.069233,-1.406086,0.036924,0.029087,-0.019609,0.879648,0.473715,0.042568,-0.404085,0.697134,0.592215,0.250866,-0.538142,0.804654,0.000338,-0.005983,0.003587,0.100622,-0.111961,-0.099726,-0.880097,0.076274,0.016298,-0.056329,0.384452,-0.320454,-0.865739,0.290728,0.932123,-0.215922,0.876169,-0.168683,0.451522,5e-06,4.7e-05,5.6e-05,-3.3e-05,0.0,1.8e-05,-0.572679
315,0.154896,-0.051832,0.323397,-0.310538,0.322593,-0.894173,-0.307517,-0.924136,-0.226664,-0.899077,0.204178,0.387295,-9.3e-05,-0.000823,-0.000963,0.0,0.0,0.0,-0.426383,-0.1816,-0.028545,0.300669,-0.814938,-0.577174,0.052322,0.493159,-0.643443,0.585414,-0.303187,0.503606,0.808902,0.000682,-0.012091,0.00703,0.112837,-0.128134,-0.113816,-1.405835,0.036938,0.029024,-0.019588,0.878732,0.47545,0.042135,-0.405601,0.697259,0.59103,0.251626,-0.536447,0.805547,-3.7e-05,-0.000674,-0.000801,0.215424,-0.179942,-0.110279,-0.879771,0.076286,0.016305,-0.056337,0.384898,-0.319935,-0.865733,0.290464,0.932325,-0.215406,0.876061,-0.168555,0.451779,-6.3e-05,-0.000558,-0.000654,-4.1e-05,3e-06,1.6e-05,-0.568434
316,0.154942,-0.051808,0.323361,-0.311448,0.321601,-0.894214,-0.307083,-0.924538,-0.225611,-0.89891,0.203926,0.387817,-0.0,-4e-06,-5e-06,0.0,0.0,0.0,-0.410039,-0.181535,-0.028714,0.300736,-0.814878,-0.577237,0.052561,0.493189,-0.643089,0.585779,-0.303299,0.503987,0.808623,0.000728,-0.011182,0.00811,-0.036394,0.011326,-0.017783,-1.405785,0.036971,0.028931,-0.019557,0.878357,0.476129,0.042298,-0.406169,0.696774,0.591213,0.252021,-0.536476,0.805405,0.000363,-0.005574,0.004075,-0.038549,0.013667,-0.016034,-0.878628,0.076309,0.016314,-0.056358,0.385773,-0.318911,-0.865721,0.289943,0.932721,-0.214391,0.875848,-0.168304,0.452285,2e-06,6e-06,7e-06,-3.6e-05,-2e-06,1.6e-05,-0.557167
317,0.154955,-0.051774,0.323353,-0.312377,0.32059,-0.894253,-0.306666,-0.92494,-0.224527,-0.898729,0.203695,0.388357,7.1e-05,0.000627,0.000734,0.0,0.0,0.0,-0.399172,-0.181469,-0.028802,0.300852,-0.813512,-0.579167,0.052496,0.495188,-0.642778,0.584431,-0.303709,0.502166,0.809601,6.1e-05,0.00124,0.001472,0.204186,-0.191335,-0.131497,-1.405932,0.037003,0.028885,-0.019501,0.877761,0.477206,0.042529,-0.407364,0.696669,0.590512,0.252167,-0.535654,0.805906,0.007985,-0.004677,0.0045,0.297108,-0.178979,-0.278181,-0.880424,0.076315,0.016331,-0.056363,0.386666,-0.317868,-0.865706,0.289436,0.933118,-0.213344,0.875622,-0.168073,0.452807,4.6e-05,0.000417,0.000489,-3.4e-05,1.1e-05,2.8e-05,-0.547206
318,0.154943,-0.051766,0.323347,-0.312785,0.320145,-0.894269,-0.306489,-0.925115,-0.224047,-0.898647,0.203601,0.388596,1e-06,9e-06,1.1e-05,0.0,0.0,0.0,-0.394031,-0.181441,-0.028865,0.300919,-0.813384,-0.579305,0.052955,0.495449,-0.6424,0.584626,-0.303627,0.502491,0.80943,0.00077,-0.010347,0.009101,-0.033443,0.00854,-0.019695,-1.405699,0.037017,0.028859,-0.019469,0.877155,0.478308,0.042649,-0.408474,0.696484,0.589965,0.252481,-0.534911,0.806301,2.3e-05,0.00051,0.000605,-0.012289,0.002953,-0.003442,-0.881077,0.076309,0.016336,-0.056364,0.387059,-0.317409,-0.865699,0.289219,0.933291,-0.21288,0.87552,-0.16798,0.45304,-1e-06,-4e-06,-5e-06,-3.3e-05,-6e-06,3.1e-05,-0.542797
319,0.154954,-0.051772,0.32334,-0.313188,0.319709,-0.894284,-0.306339,-0.925281,-0.223567,-0.898557,0.203532,0.388839,-3e-06,-2.3e-05,-2.7e-05,0.0,0.0,0.0,-0.3866,-0.181338,-0.029036,0.301062,-0.810956,-0.582812,0.051691,0.498672,-0.642474,0.581797,-0.304841,0.498322,0.811548,8e-06,0.000167,0.000198,0.147587,-0.138591,-0.095069,-1.405782,0.037069,0.028775,-0.019396,0.875558,0.481314,0.041644,-0.411051,0.696894,0.587686,0.253839,-0.531671,0.808016,2e-06,0.000105,0.000123,0.273832,-0.218921,-0.125368,-0.879607,0.076315,0.016333,-0.056368,0.387446,-0.316959,-0.865691,0.28903,0.933457,-0.212413,0.875412,-0.167912,0.453275,0.0,-1.1e-05,-1.5e-05,-3.2e-05,-5e-06,2.5e-05,-0.535939
320,0.154977,-0.051765,0.323332,-0.313748,0.319099,-0.894306,-0.306105,-0.925518,-0.222905,-0.898441,0.203413,0.389171,-0.0,-0.0,-0.0,0.0,0.0,0.0,-0.378673,-0.181255,-0.02924,0.30123,-0.809717,-0.584581,0.05114,0.500219,-0.64226,0.580704,-0.305598,0.496523,0.812366,1e-06,1.5e-05,1.7e-05,0.029049,-0.027303,-0.018701,-1.405735,0.037111,0.028669,-0.019308,0.874153,0.483927,0.040849,-0.413236,0.69699,0.586037,0.255128,-0.529167,0.809253,0.000363,-0.005578,0.004069,-0.027182,-0.012191,-0.04351,-0.878628,0.076327,0.016336,-0.056372,0.387985,-0.31633,-0.86568,0.288742,0.933691,-0.211773,0.875268,-0.167793,0.453596,1e-06,1e-06,1e-06,-0.005881,0.089447,-0.177513,-0.530387
321,0.155024,-0.051744,0.323309,-0.31425,0.318548,-0.894326,-0.305844,-0.925743,-0.22233,-0.898354,0.203255,0.389454,-0.0,-0.0,-0.0,0.0,0.0,0.0,-0.36997,-0.181115,-0.02935,0.301425,-0.809736,-0.584555,0.051124,0.500021,-0.642007,0.581154,-0.305868,0.49688,0.812045,0.000102,0.002114,0.002507,6e-06,-6e-06,-4e-06,-1.405754,0.03718,0.028611,-0.019215,0.874141,0.483945,0.040924,-0.413085,0.696536,0.586684,0.255417,-0.529749,0.808781,0.007653,0.001526,0.001166,0.001092,-0.013716,0.030612,-0.880587,0.07635,0.016347,-0.056384,0.388468,-0.315762,-0.865671,0.288433,0.933912,-0.21122,0.875156,-0.167636,0.453871,2e-06,0.0,-1e-06,-3.4e-05,5e-06,2.8e-05,-0.523529
322,0.155047,-0.051727,0.32328,-0.314497,0.318274,-0.894337,-0.305679,-0.925862,-0.222059,-0.898323,0.203141,0.389584,-3.5e-05,-0.000311,-0.000364,-0.005864,0.089469,-0.177536,-0.368397,-0.181027,-0.02937,0.301556,-0.809691,-0.584601,0.051309,0.500065,-0.641778,0.581369,-0.305914,0.497123,0.811879,0.000899,-0.007754,0.012176,-0.034661,-0.003636,0.006786,-1.405914,0.037224,0.028604,-0.019154,0.874119,0.483967,0.041117,-0.41314,0.696333,0.586886,0.255402,-0.529995,0.808625,0.007653,0.001563,0.001206,0.001966,-0.014213,0.03051,-0.881077,0.076361,0.016356,-0.056398,0.388705,-0.315479,-0.865667,0.288245,0.934028,-0.210963,0.875112,-0.167522,0.453996,-1.8e-05,-0.000171,-0.000202,-0.00588,0.089477,-0.17751,-0.521079
323,0.155105,-0.051683,0.323236,-0.314743,0.317994,-0.89435,-0.305441,-0.925999,-0.221815,-0.898318,0.202955,0.389694,-0.0,-0.0,-0.0,0.0,0.0,0.0,-0.365848,-0.180826,-0.029331,0.30189,-0.808376,-0.586443,0.051026,0.501858,-0.6415,0.580129,-0.306455,0.495309,0.812784,0.001055,-0.004462,0.016062,-0.034237,-0.004045,0.006509,-1.405782,0.037325,0.028619,-0.018992,0.873022,0.485967,0.040826,-0.414984,0.696306,0.585616,0.256163,-0.528198,0.809559,0.007743,0.003581,0.003586,-0.002778,-0.027233,0.053598,-0.88271,0.07639,0.016377,-0.05642,0.388941,-0.315191,-0.865666,0.287986,0.934159,-0.210738,0.875093,-0.167335,0.454103,2e-06,3e-06,5e-06,-2.9e-05,1e-05,2e-05,-0.518467
324,0.155152,-0.05163,0.323186,-0.314993,0.317708,-0.894364,-0.305178,-0.926144,-0.221573,-0.898319,0.202745,0.389799,-0.0,-0.0,-0.0,0.0,0.0,0.0,-0.364526,-0.180559,-0.029213,0.302392,-0.807116,-0.588217,0.050559,0.50347,-0.641261,0.578995,-0.30713,0.493512,0.813622,0.000405,0.008726,0.010284,-0.010079,0.087476,-0.145486,-1.40569,0.037458,0.028678,-0.018733,0.871973,0.487884,0.040371,-0.416621,0.69624,0.58453,0.257075,-0.526514,0.810367,0.000203,0.004506,0.005307,-0.016302,0.090585,-0.145199,-0.883853,0.076414,0.016404,-0.056445,0.389181,-0.314896,-0.865666,0.287702,0.934296,-0.210518,0.87508,-0.167124,0.454206,1e-06,1e-06,-0.0,-2.3e-05,-1e-05,1.7e-05,-0.516997
325,0.155175,-0.051599,0.323157,-0.315112,0.31757,-0.894371,-0.305036,-0.926217,-0.221464,-0.898326,0.202628,0.389845,-0.0,-0.0,-0.0,0.0,0.0,0.0,-0.364019,-0.18044,-0.029176,0.302698,-0.805933,-0.589903,0.049768,0.504919,-0.641283,0.577708,-0.307855,0.491466,0.814585,0.000449,0.009764,0.011486,0.011441,-0.037193,0.044162,-1.405891,0.037518,0.028692,-0.018584,0.870978,0.489724,0.039575,-0.418122,0.696509,0.583136,0.258012,-0.524446,0.811409,0.00057,-0.001066,0.00938,-0.059822,0.09853,-0.17186,-0.885159,0.076425,0.016419,-0.056459,0.389295,-0.314754,-0.865666,0.28755,0.934365,-0.21042,0.875078,-0.167007,0.454251,1e-06,0.0,-2e-06,-1.1e-05,-1.7e-05,3.1e-05,-0.516344
326,0.155233,-0.051547,0.323107,-0.315345,0.317301,-0.894384,-0.304779,-0.926355,-0.221243,-0.898331,0.202421,0.389941,-0.0,-0.0,-0.0,0.0,0.0,0.0,-0.363885,-0.180094,-0.029109,0.303388,-0.803709,-0.59291,0.050006,0.508714,-0.641336,0.574309,-0.307424,0.487764,0.81697,0.016357,-0.000332,0.019531,0.249874,-0.284943,-0.144948,-1.405774,0.037685,0.028732,-0.01824,0.869834,0.491686,0.0404,-0.420803,0.6967,0.580975,0.25751,-0.522353,0.812917,0.00061,-5.1e-05,0.010541,0.466388,-0.396061,-0.161973,-0.886956,0.076454,0.016445,-0.056485,0.389519,-0.314477,-0.865666,0.287273,0.934495,-0.210219,0.87507,-0.166798,0.454345,3e-06,-1e-06,-2e-06,-1.5e-05,-7e-06,2.6e-05,-0.515691
737,0.130604,-0.025081,0.30082,-0.692445,0.49058,-0.529054,-0.649044,-0.74378,0.159701,-0.314298,0.453349,0.834097,0.015187,0.008039,-0.011413,-0.505191,-0.678832,-0.342172,0.423854,-0.176791,-0.020862,0.309168,-0.743899,0.611561,0.269443,-0.251856,-0.629861,0.734696,0.61995,0.4779,0.622204,-0.014635,0.005441,0.007241,-0.166405,-0.047967,-0.027533,-1.404523,0.039349,0.032851,-0.015348,0.668877,-0.696031,0.261041,0.33367,0.594908,0.731264,-0.664278,-0.402025,0.630166,-0.007343,0.002719,0.003615,-0.250627,-0.335196,-0.251147,-0.828987,0.064134,0.029678,-0.06762,0.74487,-0.471991,-0.471584,0.610192,0.767791,0.19535,0.269875,-0.433267,0.85991,0.000191,0.010119,-0.009406,-0.513303,-0.617746,-0.600204,-0.25165
738,0.131086,-0.02467,0.300181,-0.693272,0.47019,-0.546206,-0.645617,-0.741969,0.180644,-0.319474,0.477287,0.818633,0.014714,0.005589,-0.014371,-0.350437,-0.493996,-0.232657,0.468823,-0.177329,-0.020606,0.309465,-0.795724,0.548687,0.256433,-0.202538,-0.639931,0.741216,0.571788,0.537165,0.619981,-0.014602,0.005858,0.007667,-1.454098,-4.112773,-3.447012,-1.403948,0.03908,0.032981,-0.015196,0.723824,-0.644108,0.247392,0.289696,0.609111,0.738281,-0.626222,-0.462717,0.627485,-0.007326,0.002897,0.003784,-0.022868,-0.080679,-0.124638,-0.827518,0.064376,0.029886,-0.067938,0.74636,-0.450676,-0.48973,0.605045,0.765994,0.217193,0.277247,-0.458414,0.844387,0.007462,0.007892,-0.011845,-0.403428,-0.596406,-0.29943,0.051418
739,0.131834,-0.024214,0.299344,-0.693168,0.453427,-0.560329,-0.643141,-0.740044,0.196663,-0.324639,0.496123,0.805294,0.014832,0.015475,-0.02408,-0.392711,-0.587979,-0.298395,0.456463,-0.17782,-0.020286,0.309811,-0.853919,0.461656,0.240184,-0.140231,-0.64841,0.748221,0.502226,0.604646,0.61809,-0.01451,0.007947,0.009903,-1.359514,-4.358076,-3.347914,-1.404402,0.038834,0.033139,-0.015025,0.792246,-0.565024,0.230418,0.229078,0.625392,0.745927,-0.565569,-0.538174,0.624899,-0.00727,0.004141,0.005095,-0.105528,-0.405861,-0.350261,-0.851685,0.064749,0.030109,-0.068354,0.746704,-0.435069,-0.503137,0.601573,0.764461,0.231752,0.2838,-0.475724,0.832552,0.014828,0.001566,-0.008453,-0.018126,-0.007995,-0.186166,0.341911
740,0.132268,-0.024003,0.298914,-0.692398,0.451899,-0.56251,-0.64318,-0.73986,0.197225,-0.326197,0.497789,0.803635,0.029482,0.002334,-0.017878,0.008303,-0.063835,0.030917,0.447812,-0.17805,-0.020057,0.309988,-0.884963,0.404559,0.230572,-0.100771,-0.649606,0.753519,0.455732,0.64308,0.61532,0.000346,0.01025,0.011114,-0.753943,-1.168576,-0.901774,-1.404542,0.038713,0.033249,-0.014939,0.832983,-0.507638,0.220096,0.187645,0.6334,0.750728,-0.520507,-0.584044,0.622867,-0.00725,0.004287,0.005595,-1.989193,-4.251908,-3.518173,-0.861156,0.064961,0.030219,-0.068571,0.746282,-0.431723,-0.506632,0.601009,0.764187,0.234106,0.286093,-0.4792,0.829769,0.007386,0.007523,-0.012316,0.114222,-0.104809,0.213045,0.38747
741,0.13325,-0.023743,0.297928,-0.690666,0.45085,-0.565472,-0.643651,-0.739697,0.1963,-0.328923,0.49898,0.801783,0.029236,0.010241,-0.030033,0.071867,-0.045139,0.068647,0.427277,-0.178615,-0.019565,0.310267,-0.929402,0.302541,0.211355,-0.03534,-0.64276,0.765209,0.368524,0.703324,0.607774,-0.014476,0.007624,0.009487,-0.945835,-0.994927,-0.575433,-1.404361,0.038436,0.033503,-0.014793,0.889489,-0.410689,0.200354,0.121449,0.635158,0.762773,-0.44052,-0.654147,0.614844,-0.007726,0.009183,0.000748,-1.31451,-4.239533,-3.372549,-0.867851,0.065442,0.030349,-0.069048,0.74476,-0.431294,-0.509231,0.60159,0.764188,0.232606,0.288827,-0.479584,0.828599,0.006901,0.000255,-0.010314,0.039673,-0.008577,0.02723,0.392205
