frame,MLTx,MLTy,MLTz,MLTR1,MLTR2,MLTR3,MLTR4,MLTR5,MLTR6,MLTR7,MLTR8,MLTR9,MLTTVx,MLTTVy,MLTTVz,MLTRVx,MLTRVy,MLTRVz,MLGA,MRTx,MRTy,MRTz,MRTR1,MRTR2,MRTR3,MRTR4,MRTR5,MRTR6,MRTR7,MRTR8,MRTR9,MRTTVx,MRTTVy,MRTTVz,MRTRVx,MRTRVy,MRTRVz,MRGA,SLTx,SLTy,SLTz,SLTR1,SLTR2,SLTR3,SLTR4,SLTR5,SLTR6,SLTR7,SLTR8,SLTR9,SLTTVx,SLTTVy,SLTTVz,SLTRVx,SLTRVy,SLTRVz,SLGA,SRTx,SRTy,SRTz,SRTR1,SRTR2,SRTR3,SRTR4,SRTR5,SRTR6,SRTR7,SRTR8,SRTR9,SRTTVx,SRTTVy,SRTTVz,SRTRVx,SRTRVy,SRTRVz,SRGA
50,0.172742,-0.017694,0.342128,-0.745466,0.30409,-0.593173,-0.428732,-0.900105,0.077279,-0.509496,0.311537,0.802113,-0.0,-0.0,-0.0,0.0,0.0,0.0,0.516441,-0.19156,-0.05679,0.295794,0.409571,-0.768854,0.491025,0.676534,0.616966,0.401981,-0.612521,0.168513,0.772194,-0.001695,0.016996,-0.023611,-1.152955,-0.26298,-0.788024,-1.404318,0.031433,0.025682,-0.008909,-0.363537,0.785889,0.500217,-0.689636,-0.588024,0.422644,0.626292,-0.191321,0.755747,0.007176,0.008292,-0.012661,-0.455454,0.561435,0.625979,-0.883853,0.088721,0.04182,-0.033937,0.788444,-0.199899,-0.581717,0.296049,0.9523,0.074011,0.539176,-0.23057,0.810015,-1e-06,1e-06,2e-06,-3.9e-05,1.2e-05,6.6e-05,0.512713
51,0.172742,-0.017694,0.342128,-0.745466,0.30409,-0.593173,-0.428732,-0.900105,0.077279,-0.509496,0.311537,0.802113,-0.0,-0.0,-0.0,0.0,0.0,0.0,0.516061,-0.191591,-0.056482,0.295355,0.404718,-0.771792,0.49044,0.672898,0.614426,0.411853,-0.619709,0.164293,0.767354,-0.001715,0.016793,-0.023904,-0.205989,0.240834,0.394293,-1.405977,0.031417,0.025843,-0.009139,-0.361564,0.786731,0.500325,-0.681665,-0.589173,0.433828,0.636084,-0.184198,0.749311,-0.000836,0.008504,-0.011796,-0.235935,0.283961,0.45163,-0.888915,0.088721,0.04182,-0.033937,0.788367,-0.200008,-0.581784,0.29615,0.952275,0.073931,0.539233,-0.23058,0.809975,0.0,0.0,1e-06,-3.9e-05,2.3e-05,6.5e-05,0.512713
52,0.172743,-0.01768,0.342127,-0.745442,0.304114,-0.593191,-0.428743,-0.900103,0.077237,-0.509522,0.311518,0.802104,0.0,2e-06,2e-06,0.0,0.0,0.0,0.516447,-0.191633,-0.055751,0.294419,0.402294,-0.769964,0.495284,0.657189,0.619417,0.42937,-0.637888,0.153721,0.754541,-0.001636,0.017643,-0.02274,-0.186099,0.293535,0.19566,-1.406518,0.031395,0.026206,-0.009609,-0.358742,0.784969,0.505101,-0.665683,-0.594475,0.45107,0.654346,-0.174419,0.735804,-0.000782,0.009077,-0.011009,-0.177369,0.209882,0.419346,-0.883363,0.088721,0.041828,-0.033937,0.788346,-0.200036,-0.581802,0.296162,0.952275,0.073889,0.539256,-0.230558,0.809966,-0.0,-5e-06,-3e-06,-3e-05,1.5e-05,6.4e-05,0.51304
53,0.172721,-0.017688,0.342134,-0.745391,0.304167,-0.593228,-0.428809,-0.900073,0.077213,-0.509541,0.311552,0.802078,0.0,0.0,0.0,0.0,0.0,0.0,0.516387,-0.19169,-0.054927,0.293436,0.398241,-0.769534,0.499213,0.64008,0.622861,0.449751,-0.657533,0.141386,0.739948,-0.002282,0.02831,-0.031561,-0.331784,0.488792,0.341967,-1.406887,0.031367,0.026614,-0.010096,-0.35564,0.784227,0.508436,-0.648492,-0.598798,0.469998,0.673036,-0.162567,0.721522,-0.000792,0.008952,-0.011188,-0.53529,0.557237,0.606649,-0.878138,0.088711,0.041824,-0.033934,0.788303,-0.200096,-0.58184,0.296233,0.952254,0.073866,0.53928,-0.230589,0.809941,2e-06,-3e-06,-3e-06,-1.3e-05,1.2e-05,7.3e-05,0.51304
54,0.172711,-0.017687,0.342135,-0.745406,0.30415,-0.593218,-0.428793,-0.90008,0.077227,-0.509533,0.311549,0.802085,0.0,0.0,0.0,0.0,0.0,0.0,0.51625,-0.191714,-0.054509,0.292935,0.398532,-0.769436,0.499131,0.631942,0.624686,0.45864,-0.665189,0.133598,0.734533,-0.001642,0.017601,-0.022827,-0.199935,0.300252,0.200214,-1.406385,0.031355,0.026827,-0.01035,-0.354869,0.784386,0.50873,-0.639858,-0.600507,0.479554,0.681652,-0.155336,0.714997,-0.001101,0.014436,-0.015386,-0.182062,0.309173,0.260704,-0.877811,0.088705,0.041824,-0.033933,0.788316,-0.200078,-0.581829,0.296216,0.952259,0.07388,0.539271,-0.230587,0.809947,2e-06,-2e-06,-1e-06,-3.8e-05,1.2e-05,5.2e-05,0.512877
55,0.172711,-0.017687,0.342135,-0.745314,0.304246,-0.593284,-0.428888,-0.900041,0.077146,-0.509587,0.311567,0.802043,0.0,0.0,0.0,0.0,0.0,0.0,0.516708,-0.191789,-0.053615,0.291872,0.396885,-0.768545,0.501809,0.614814,0.628437,0.476449,-0.68202,0.120382,0.721263,-0.002272,0.028443,-0.031412,-1.040484,-0.544244,-0.733676,-1.406619,0.031318,0.02727,-0.010879,-0.352258,0.783914,0.511264,-0.623592,-0.603945,0.496368,0.697886,-0.143971,0.701588,-0.000756,0.008435,-0.012071,-3.131208,-2.167999,-3.681958,-0.872913,0.088705,0.041824,-0.033933,0.788239,-0.200186,-0.581896,0.296317,0.952233,0.0738,0.539328,-0.230598,0.809906,2e-06,-2e-06,-2e-06,-2.6e-05,1.9e-05,5.8e-05,0.513203
56,0.172711,-0.017687,0.342135,-0.745314,0.304246,-0.593284,-0.428888,-0.900041,0.077146,-0.509587,0.311567,0.802043,0.0,0.0,0.0,0.0,0.0,0.0,0.516921,-0.191885,-0.052708,0.290684,0.390679,-0.768398,0.50688,0.600778,0.629936,0.492118,-0.697927,0.11322,0.707066,-0.001808,0.015888,-0.025279,-0.39702,0.437435,0.526164,-1.406425,0.03127,0.02773,-0.011473,-0.348296,0.782697,0.515824,-0.608546,-0.607354,0.510677,0.712993,-0.136035,0.687846,-0.001196,0.013437,-0.016817,-0.38547,0.570843,0.411947,-0.872423,0.088705,0.041824,-0.033933,0.788239,-0.200186,-0.581896,0.296317,0.952233,0.0738,0.539328,-0.230598,0.809906,2e-06,-2e-06,-2e-06,-2.6e-05,1.6e-05,5.8e-05,0.513203
57,0.172711,-0.017687,0.342135,-0.745221,0.304342,-0.593351,-0.428984,-0.900003,0.077064,-0.509642,0.311584,0.802002,0.0,0.0,0.0,0.0,0.0,0.0,0.51662,-0.191918,-0.052261,0.290045,0.391001,-0.766699,0.509198,0.592001,0.63301,0.498766,-0.705214,0.107383,0.700718,-0.002486,0.026231,-0.03457,-0.293743,0.420346,0.341019,-1.406581,0.031253,0.02795,-0.011789,-0.348082,0.781195,0.518239,-0.599514,-0.610487,0.517578,0.720708,-0.130531,0.680837,-0.001294,0.012406,-0.018274,-0.470353,0.587181,0.397842,-0.873239,0.088705,0.041824,-0.033933,0.788162,-0.200295,-0.581964,0.296418,0.952208,0.07372,0.539385,-0.230608,0.809865,2e-06,-2e-06,-1e-06,-1.8e-05,2.3e-05,6.5e-05,0.51353
58,0.1727,-0.017687,0.342135,-0.745236,0.304326,-0.593341,-0.428968,-0.900009,0.077078,-0.509633,0.311581,0.802008,0.0,0.0,0.0,0.0,0.0,0.0,0.516436,-0.191986,-0.051392,0.288727,0.393848,-0.762531,0.513246,0.574781,0.639948,0.509929,-0.717773,0.095121,0.68965,-0.002616,0.024906,-0.036488,-0.087504,0.19746,0.166756,-1.406683,0.03122,0.028376,-0.012433,-0.350025,0.777389,0.522635,-0.581888,-0.617672,0.529043,0.73409,-0.118937,0.668554,-0.000946,0.007331,-0.013526,-0.192607,0.278816,0.190842,-0.866708,0.0887,0.041824,-0.033933,0.788174,-0.200277,-0.581953,0.296401,0.952212,0.073734,0.539376,-0.230606,0.809871,2e-06,-2e-06,-1e-06,-2.3e-05,1.7e-05,6e-05,0.513203
59,0.172668,-0.01768,0.342143,-0.745176,0.304386,-0.593386,-0.429029,-0.899985,0.077026,-0.50967,0.311594,0.80198,4.2e-05,0.000805,0.00072,0.0,0.0,0.0,0.51675,-0.191984,-0.050627,0.28738,0.394415,-0.759601,0.517141,0.561391,0.644611,0.518894,-0.727993,0.086606,0.679991,0.01326,0.02355,-0.039638,-0.169439,0.276777,0.258348,-1.406728,0.031215,0.028764,-0.013107,-0.351583,0.774252,0.526233,-0.568956,-0.623116,0.536669,0.743422,-0.11072,0.659593,-0.001361,0.011734,-0.019289,-0.40161,0.494197,0.343836,-0.865401,0.088684,0.041825,-0.033931,0.788123,-0.200346,-0.581998,0.296466,0.952196,0.073682,0.539415,-0.230613,0.809844,2.9e-05,0.000542,0.000484,-3.1e-05,5e-06,4.8e-05,0.513367
60,0.172647,-0.017681,0.342156,-0.745111,0.304453,-0.593433,-0.429109,-0.89995,0.07699,-0.509698,0.31163,0.801949,2.2e-05,0.00042,0.000376,0.0,0.0,0.0,0.516929,-0.191923,-0.050019,0.286,0.401885,-0.755164,0.517887,0.544842,0.651663,0.527651,-0.736446,0.071054,0.672652,0.013657,0.010285,-0.0346,-0.959873,-0.691536,-0.975461,-1.406655,0.031245,0.029079,-0.013808,-0.356839,0.771027,0.52743,-0.553144,-0.629374,0.545819,0.752792,-0.096976,0.651074,-0.001365,0.010707,-0.020939,-2.968229,-2.600647,-3.733795,-0.863442,0.088674,0.041826,-0.033924,0.788069,-0.200422,-0.582045,0.296552,0.952172,0.073648,0.539447,-0.230646,0.809813,1.5e-05,0.000273,0.000244,-2.4e-05,1.3e-05,4.2e-05,0.513367
61,0.172647,-0.017675,0.342162,-0.745005,0.304563,-0.59351,-0.429219,-0.899905,0.076897,-0.509761,0.31165,0.801901,2.2e-05,0.000426,0.000381,0.0,0.0,0.0,0.51682,-0.191834,-0.049749,0.285202,0.399895,-0.754907,0.519798,0.539858,0.652201,0.532091,-0.741185,0.068779,0.667666,0.012814,0.018939,-0.046387,-0.231518,0.307572,0.231882,-1.406454,0.031291,0.02921,-0.014185,-0.357501,0.769704,0.528911,-0.547644,-0.631525,0.548872,0.756491,-0.093433,0.647295,0.006453,0.009774,-0.022752,-0.529438,0.15862,-0.006685,-0.861809,0.088674,0.041829,-0.03392,0.787981,-0.200547,-0.582122,0.296667,0.952143,0.073556,0.539513,-0.230657,0.809766,1.4e-05,0.000272,0.000244,-2.4e-05,-5e-06,4.4e-05,0.51353
62,0.172648,-0.017668,0.342168,-0.744992,0.304577,-0.593519,-0.429233,-0.8999,0.076885,-0.509769,0.311652,0.801895,0.0,4e-06,3e-06,0.0,0.0,0.0,0.516864,-0.191673,-0.049267,0.283499,0.395898,-0.7544,0.523581,0.529774,0.653248,0.54087,-0.750547,0.064192,0.657588,-0.002912,0.004568,-0.041894,-0.249846,0.373813,0.192428,-1.407136,0.031376,0.02946,-0.015051,-0.35283,0.769191,0.53278,-0.536824,-0.632773,0.558046,0.766374,-0.089113,0.636182,0.006279,0.00789,-0.025556,-0.344872,0.461867,0.306284,-0.863605,0.088674,0.041834,-0.033917,0.78797,-0.200562,-0.582132,0.296682,0.95214,0.073545,0.539521,-0.230659,0.80976,0.0,-1.1e-05,-1e-05,-2.2e-05,1e-05,4.7e-05,0.513693
63,0.172648,-0.017668,0.342168,-0.744992,0.304577,-0.593519,-0.429233,-0.8999,0.076885,-0.509769,0.311652,0.801895,0.0,0.0,0.0,0.0,0.0,0.0,0.516943,-0.191381,-0.048706,0.281416,0.389658,-0.755007,0.527373,0.519431,0.652931,0.551187,-0.760966,0.060102,0.645895,0.012295,0.013448,-0.054814,-0.106225,0.178335,0.117296,-1.406862,0.031516,0.029735,-0.016091,-0.345392,0.76987,0.53666,-0.525672,-0.632433,0.568942,0.777414,-0.085599,0.623137,-0.002176,0.012058,-0.031225,-0.102851,0.124839,0.043767,-0.866381,0.088674,0.041833,-0.033917,0.787969,-0.200562,-0.582132,0.296682,0.952139,0.073545,0.539521,-0.230659,0.80976,4e-06,-7e-06,-8e-06,-1.4e-05,2.8e-05,5e-05,0.513693
64,0.172659,-0.017662,0.342173,-0.744963,0.304607,-0.59354,-0.429263,-0.899888,0.07686,-0.509785,0.311658,0.801882,2.2e-05,0.00042,0.000376,0.0,0.0,0.0,0.516765,-0.191242,-0.048362,0.280271,0.380945,-0.758169,0.5292,0.517949,0.649007,0.557184,-0.76636,0.062789,0.639228,0.01227,0.013165,-0.055401,-0.083957,0.204057,0.147605,-1.406949,0.031585,0.029906,-0.016666,-0.336489,0.772721,0.538216,-0.523827,-0.628548,0.574918,0.782546,-0.088479,0.616272,0.005839,0.011973,-0.032037,-0.01763,0.190525,0.170055,-0.86785,0.088679,0.041836,-0.033915,0.787946,-0.200597,-0.582152,0.296714,0.952131,0.07352,0.539538,-0.230662,0.809748,1.8e-05,0.000273,0.000242,-2.2e-05,1.7e-05,3.9e-05,0.513693
65,0.172649,-0.017649,0.342185,-0.744859,0.304715,-0.593615,-0.42937,-0.899844,0.076769,-0.509847,0.311678,0.801835,9e-06,0.000169,0.000151,0.0,0.0,0.0,0.517015,-0.190935,-0.047451,0.277889,0.368321,-0.76408,0.529635,0.512022,0.642112,0.57049,-0.776435,0.062015,0.627029,0.011734,0.025256,-0.062503,-0.037883,0.180362,0.158758,-1.406836,0.031738,0.030353,-0.017858,-0.323559,0.778209,0.538238,-0.517254,-0.62179,0.588068,0.792311,-0.088131,0.603717,-0.00213,0.01259,-0.030695,-0.002468,0.189863,0.128856,-0.861809,0.088674,0.041843,-0.033908,0.787858,-0.200719,-0.582228,0.296828,0.952103,0.07343,0.539603,-0.230674,0.809702,7e-06,0.000112,0.0001,-2e-05,1.3e-05,3.3e-05,0.513693
66,0.172651,-0.017609,0.34222,-0.744779,0.304798,-0.593673,-0.429453,-0.899811,0.076698,-0.509895,0.311693,0.801799,5.5e-05,0.001057,0.000945,0.0,0.0,0.0,0.51704,-0.190806,-0.046311,0.275571,0.354272,-0.774195,0.524505,0.506407,0.630249,0.588449,-0.786575,0.05811,0.614642,-0.004556,0.040762,-0.06322,-0.351559,0.547778,0.431959,-1.40709,0.031809,0.030912,-0.019026,-0.311498,0.787203,0.53224,-0.51171,-0.610921,0.604092,0.8007,-0.084179,0.593121,-0.001936,0.014711,-0.027669,0.011609,0.164933,0.141953,-0.85936,0.088675,0.041862,-0.033892,0.787791,-0.200814,-0.582286,0.296916,0.952081,0.073361,0.539652,-0.230683,0.809666,3.5e-05,0.00067,0.000597,-1.5e-05,-9e-06,2.6e-05,0.51353
67,0.172653,-0.017571,0.342268,-0.744695,0.304885,-0.593733,-0.429552,-0.899767,0.076646,-0.509932,0.311732,0.80176,6e-05,0.001145,0.001023,0.0,0.0,0.0,0.517263,-0.190921,-0.045011,0.27343,0.339311,-0.781826,0.523075,0.505392,0.620403,0.599678,-0.793774,0.061858,0.604945,-0.003773,0.031378,-0.052594,-0.353082,0.517596,0.389717,-1.406368,0.031751,0.031567,-0.020097,-0.29627,0.794286,0.530407,-0.510158,-0.601086,0.615168,0.807441,-0.088335,0.583296,-0.001849,0.015716,-0.026251,0.050047,0.115435,0.114981,-0.860176,0.088677,0.041881,-0.033867,0.787721,-0.200913,-0.582346,0.297023,0.952051,0.07331,0.539695,-0.230718,0.809628,0.007187,0.000602,0.000342,0.000969,-0.014706,0.029568,0.513856
68,0.172654,-0.017558,0.34228,-0.744668,0.304913,-0.593752,-0.42958,-0.899756,0.076622,-0.509948,0.311737,0.801748,1.7e-05,0.000326,0.000291,0.0,0.0,0.0,0.517448,-0.191077,-0.044406,0.27242,0.333131,-0.785669,0.521286,0.50519,0.615435,0.604943,-0.796508,0.062805,0.601243,-0.003754,0.031635,-0.052291,-0.178995,0.32828,0.260619,-1.406057,0.031673,0.031871,-0.020601,-0.288866,0.798234,0.528561,-0.509044,-0.595648,0.62135,0.81082,-0.089574,0.578399,-0.009871,0.015771,-0.025594,-0.307985,0.449704,0.294859,-0.863278,0.088677,0.041889,-0.03386,0.787699,-0.200945,-0.582365,0.297052,0.952044,0.073287,0.539711,-0.230721,0.809616,9e-06,0.000157,0.00014,-1.8e-05,5e-06,1.1e-05,0.51402
69,0.172665,-0.017552,0.342285,-0.744547,0.305039,-0.593839,-0.429706,-0.899705,0.076515,-0.510019,0.31176,0.801693,0.0,1e-06,1e-06,0.0,0.0,0.0,0.517673,-0.191686,-0.043381,0.270453,0.312614,-0.798642,0.514232,0.500965,0.598469,0.625143,-0.807396,0.063182,0.586501,-0.019347,0.018911,-0.045484,-0.494767,0.572006,0.575173,-1.397293,0.031382,0.03238,-0.021562,-0.270081,0.80989,0.520705,-0.504264,-0.579682,0.640066,0.820227,-0.089704,0.56496,-0.009614,0.009707,-0.022347,-0.334751,0.48072,0.290003,-0.864095,0.088683,0.041892,-0.033857,0.787598,-0.201088,-0.582452,0.297185,0.952011,0.073181,0.539785,-0.230734,0.809563,-1e-06,-2.5e-05,-2.5e-05,-1.6e-05,-6e-06,1.3e-05,0.51451
70,0.172664,-0.017557,0.342267,-0.744564,0.305022,-0.593828,-0.429675,-0.89972,0.076509,-0.510021,0.311734,0.801703,-2e-06,-3.3e-05,-2.9e-05,0.0,0.0,0.0,0.517827,-0.192516,-0.042589,0.268785,0.275295,-0.81846,0.504309,0.505589,0.569327,0.648213,-0.817985,0.077547,0.569869,-0.035228,0.020874,-0.041477,-0.317474,0.428969,0.47839,-1.363203,0.030966,0.032784,-0.022422,-0.230245,0.828876,0.509852,-0.506075,-0.549496,0.664786,0.831188,-0.10496,0.545993,-0.009552,0.010506,-0.021208,-0.375588,0.594646,0.636091,-0.849725,0.088682,0.041889,-0.033868,0.787611,-0.201069,-0.582441,0.297153,0.952021,0.073174,0.539783,-0.230707,0.809571,-0.0,-1.5e-05,-1.5e-05,-9e-06,-7e-06,5e-06,0.51451
71,0.172675,-0.017557,0.342266,-0.744548,0.305038,-0.593838,-0.429691,-0.899714,0.076495,-0.51003,0.311736,0.801696,-0.0,-0.0,-0.0,0.0,0.0,0.0,0.518046,-0.193584,-0.042093,0.267359,0.189649,-0.847839,0.49517,0.534994,0.512002,0.671989,-0.82349,0.138531,0.550032,-0.034097,-0.001789,-0.025875,-0.328551,0.286273,0.569258,-1.248512,0.030432,0.033042,-0.02314,-0.143337,0.855108,0.49824,-0.532693,-0.490951,0.68935,0.834081,-0.1666,0.525882,-0.017326,0.004748,-0.016882,-0.31751,0.527663,0.527402,-0.794696,0.088688,0.041889,-0.033868,0.787599,-0.201087,-0.582451,0.297171,0.952016,0.073161,0.539792,-0.230709,0.809565,-1e-06,2e-06,3e-06,-0.0,4e-06,9e-06,0.514999
72,0.172696,-0.017557,0.342265,-0.744518,0.305071,-0.593859,-0.429723,-0.899701,0.076467,-0.510047,0.311742,0.801683,-0.0,-0.0,-0.0,0.0,0.0,0.0,0.518373,-0.194113,-0.042021,0.266722,0.137787,-0.8594,0.492379,0.553676,0.478913,0.68119,-0.82138,0.179833,0.541164,-0.034306,-0.003388,-0.028468,0.338247,1.677144,1.374454,-1.219959,0.030155,0.033081,-0.023463,-0.092356,0.86473,0.49367,-0.550578,-0.457451,0.698284,0.829658,-0.207313,0.51835,-0.017134,-0.001723,-0.014264,0.473486,1.620686,1.338969,-0.768243,0.088698,0.041889,-0.033868,0.787574,-0.201125,-0.582473,0.297205,0.952008,0.073134,0.53981,-0.230712,0.809552,-1e-06,2e-06,1e-06,-6e-06,1e-06,4e-06,0.514836
73,0.172728,-0.017564,0.342258,-0.744486,0.305107,-0.593881,-0.429758,-0.899687,0.076438,-0.510064,0.311747,0.80167,-4e-06,-7e-05,-6.3e-05,0.0,0.0,0.0,0.518029,-0.195082,-0.042432,0.26551,-0.007865,-0.880143,0.474635,0.613874,0.370314,0.697109,-0.789295,0.297948,0.536753,-0.018386,-0.020455,-0.030965,2.474719,2.481832,5.451307,-1.215279,0.029672,0.032882,-0.02406,0.05379,0.879772,0.472341,-0.60547,-0.347414,0.716036,0.794048,-0.324504,0.513988,-0.009141,-0.010455,-0.015847,2.499465,2.460582,5.432745,-0.780817,0.088714,0.041885,-0.033872,0.787547,-0.201165,-0.582495,0.297242,0.951999,0.073105,0.539828,-0.230716,0.809539,-2e-06,-3.8e-05,-3.4e-05,2e-06,7e-06,2e-06,0.515326
74,0.172728,-0.017571,0.342252,-0.744407,0.305189,-0.593938,-0.42984,-0.899654,0.076368,-0.510111,0.311762,0.801634,-1.1e-05,-0.000219,-0.000196,0.0,0.0,0.0,0.518294,-0.19602,-0.043271,0.264284,-0.216195,-0.863087,0.456435,0.675401,0.205245,0.708267,-0.704692,0.462475,0.537949,-0.018079,-0.032787,-0.025056,3.430002,3.830443,6.414986,-1.234582,0.029202,0.03246,-0.024681,0.260538,0.85522,0.448014,-0.660926,-0.18027,0.728476,0.703771,-0.4859,0.518271,-0.008992,-0.016324,-0.01273,3.467103,3.817941,6.406631,-0.817394,0.088714,0.041882,-0.033875,0.787481,-0.201258,-0.582552,0.297328,0.951977,0.073036,0.539877,-0.230724,0.809504,-7e-06,-0.000114,-0.000102,-8e-06,-1.8e-05,-5e-06,0.515489
75,0.172727,-0.017591,0.342235,-0.744354,0.305243,-0.593976,-0.429894,-0.899632,0.076322,-0.510142,0.311772,0.801611,-4e-05,-0.00078,-0.000697,0.0,0.0,0.0,0.518356,-0.196407,-0.043761,0.263645,-0.312729,-0.83765,0.44781,0.687525,0.125521,0.715183,-0.654879,0.532581,0.536054,-0.018939,-0.023503,-0.036473,2.523389,4.501317,3.739614,-1.272107,0.029009,0.032217,-0.024997,0.355333,0.826881,0.435896,-0.67052,-0.099425,0.735198,0.651261,-0.553517,0.519112,-0.009517,-0.011769,-0.018591,2.43102,4.526689,3.777447,-0.838132,0.088714,0.041873,-0.033883,0.787437,-0.201319,-0.582589,0.297386,0.951962,0.072991,0.539909,-0.23073,0.809481,-2.6e-05,-0.000497,-0.000443,5e-06,-6e-06,5e-06,0.515326
76,0.172721,-0.017688,0.342134,-0.744373,0.305223,-0.593963,-0.42986,-0.899648,0.076318,-0.510143,0.311745,0.801621,-0.000192,-0.003707,-0.003317,-0.000829,0.013676,-0.025354,0.517604,-0.197115,-0.044988,0.26216,-0.477565,-0.772101,0.419266,0.678065,-0.02061,0.734668,-0.557986,0.636099,0.532817,-0.019539,-0.027216,-0.043109,2.325561,4.414165,3.814517,-1.401724,0.028661,0.031613,-0.025723,0.513607,0.757448,0.403086,-0.655124,0.042809,0.754306,0.554092,-0.65149,0.51821,-0.001408,-0.01981,-0.018826,0.464372,0.974688,2.099088,-0.903611,0.088711,0.041829,-0.033929,0.787442,-0.201312,-0.582586,0.297365,0.95197,0.072975,0.539914,-0.230704,0.809485,-7.7e-05,-0.001503,-0.001345,6e-06,3e-06,6e-06,0.515326
77,0.172722,-0.017876,0.341952,-0.746358,0.30061,-0.593825,-0.424314,-0.902265,0.076466,-0.511878,0.308659,0.801709,-0.000285,-0.005492,-0.004923,0.984537,-0.126777,-1.329199,0.516243,-0.197245,-0.04599,0.260562,-0.619464,-0.692427,0.369865,0.622995,-0.147167,0.768214,-0.476712,0.707162,0.522045,0.013433,-0.023255,-0.039416,0.088085,1.266172,2.53345,-1.404757,0.028582,0.031101,-0.026538,0.652987,0.671374,0.350519,-0.596044,0.17001,0.784746,0.467266,-0.721355,0.511183,-0.001481,-0.011252,-0.018843,1.640038,3.500617,6.440818,-0.940515,0.088711,0.041734,-0.034021,0.788422,-0.197833,-0.582453,0.293178,0.95326,0.073073,0.540773,-0.228375,0.809572,-0.000211,-0.003364,-0.00304,3.282337,-0.410979,-4.454626,0.51402
78,0.172715,-0.01802,0.341822,-0.748234,0.29607,-0.593746,-0.41885,-0.904807,0.076562,-0.513631,0.305603,0.801759,-0.000397,-0.007641,-0.006858,0.007145,0.012648,-0.036121,0.51483,-0.19714,-0.046422,0.259816,-0.688751,-0.63767,0.344952,0.583538,-0.205476,0.785619,-0.429211,0.743175,0.513159,0.013766,-0.020689,-0.035431,1.298644,4.84422,3.863643,-1.404929,0.028629,0.030889,-0.026904,0.716433,0.618054,0.323622,-0.555416,0.224583,0.80067,0.422178,-0.753373,0.504176,-0.001276,-0.01069,-0.017641,0.177847,1.62688,1.738628,-0.938555,0.088708,0.041668,-0.03408,0.789954,-0.191724,-0.582419,0.285755,0.955514,0.073038,0.542507,-0.224126,0.8096,-0.000191,-0.00373,-0.003348,0.088292,0.002232,-0.146099,0.513203
79,0.172688,-0.018311,0.341533,-0.750132,0.291462,-0.59363,-0.413289,-0.907352,0.076663,-0.515359,0.30248,0.801834,-0.00045,-0.008632,-0.007771,-0.000829,0.013678,-0.025354,0.507727,-0.196542,-0.047159,0.258538,-0.773949,-0.553159,0.308237,0.518118,-0.273588,0.810331,-0.36293,0.787539,0.497924,0.01359,-0.006744,-0.039386,1.720982,5.945652,4.604506,-1.405736,0.028933,0.030507,-0.027552,0.798191,0.530972,0.284531,-0.486847,0.290413,0.823795,0.354781,-0.79607,0.490307,0.015109,-0.008756,-0.016112,1.170908,4.683849,3.852385,-0.937576,0.088694,0.041518,-0.034228,0.791204,-0.18683,-0.582314,0.279821,0.957267,0.073069,0.543779,-0.220756,0.809672,-0.000224,-0.004406,-0.003967,-0.001277,0.013751,-0.025085,0.506345
80,0.172658,-0.018607,0.34117,-0.75024,0.291339,-0.593554,-0.413075,-0.907453,0.076616,-0.515373,0.302295,0.801895,-0.000483,-0.009234,-0.008342,-0.000829,0.013683,-0.025351,0.499932,-0.195606,-0.047642,0.257287,-0.855442,-0.432785,0.284441,0.451741,-0.355378,0.818273,-0.251969,0.829007,0.499121,0.03043,-0.003427,-0.03526,0.21359,0.221932,0.634973,-1.405878,0.029405,0.030263,-0.028193,0.879555,0.399774,0.257995,-0.41346,0.373883,0.830217,0.23544,-0.836893,0.494142,0.015306,-0.001621,-0.017388,0.243279,0.204099,0.614994,-0.942148,0.088679,0.041369,-0.034411,0.79129,-0.186705,-0.582237,0.279611,0.957332,0.073021,0.543761,-0.220581,0.809732,-0.00024,-0.004729,-0.004271,-0.001019,0.013727,-0.025095,0.496384
81,0.172626,-0.01886,0.340748,-0.75021,0.291359,-0.593582,-0.412909,-0.907555,0.076301,-0.515549,0.301969,0.801904,-0.000491,-0.009355,-0.008481,-0.000828,0.013692,-0.025346,0.488864,-0.194385,-0.048151,0.256346,-0.884921,-0.372016,0.280196,0.42388,-0.394606,0.815197,-0.19158,0.840607,0.506499,0.031509,-0.011213,-0.021581,0.428309,0.163852,0.084911,-1.406352,0.029993,0.030016,-0.028648,0.906219,0.338546,0.253284,-0.384505,0.410738,0.826709,0.175846,-0.846569,0.502391,0.024163,-0.010868,-0.006864,2.071263,4.103657,2.536403,-0.949169,0.088663,0.041241,-0.034623,0.791262,-0.186736,-0.582265,0.279445,0.957404,0.072703,0.543887,-0.220238,0.80974,-0.000348,0.000586,-0.008692,0.040476,-0.092339,0.168788,0.483484
82,0.172605,-0.018978,0.340531,-0.750148,0.291419,-0.593632,-0.412862,-0.907595,0.07608,-0.515678,0.301791,0.801888,-0.000682,0.001725,-0.016904,0.034877,0.002108,-0.00631,0.481954,-0.193805,-0.048353,0.255955,-0.892873,-0.352891,0.279709,0.415351,-0.406075,0.813954,-0.172525,0.843362,0.508762,0.031659,-0.010248,-0.020034,1.644804,4.463566,2.791972,-1.406274,0.030295,0.029911,-0.02885,0.911536,0.324503,0.252581,-0.378325,0.421071,0.824359,0.161152,-0.846992,0.506589,0.015898,-0.004891,-0.009604,0.111196,0.015363,0.046358,-0.950966,0.088653,0.041177,-0.03473,0.791217,-0.186796,-0.582307,0.279403,0.957431,0.072511,0.543975,-0.22007,0.809727,-0.00023,-0.004519,-0.004102,0.004789,-0.08083,0.149716,0.474993
83,0.172582,-0.01923,0.340052,-0.749946,0.291621,-0.593788,-0.412822,-0.90766,0.075528,-0.516004,0.301402,0.801825,-0.000737,0.000699,-0.01787,0.034877,0.00211,-0.006309,0.45871,-0.192708,-0.048599,0.255488,-0.903711,-0.328727,0.274292,0.400149,-0.421379,0.81379,-0.150792,0.845586,0.511966,0.016177,-0.00227,-0.005174,0.002677,-0.015736,0.028857,-1.406723,0.030837,0.029778,-0.0291,0.923002,0.295139,0.246899,-0.360316,0.43772,0.823755,0.135049,-0.84929,0.51036,0.016324,-0.001198,-0.003327,-0.024001,0.089585,-0.13852,-0.952109,0.088641,0.041057,-0.034964,0.791111,-0.186936,-0.582406,0.279279,0.957504,0.072026,0.544192,-0.219635,0.809699,0.006916,-0.005458,-0.005171,9.6e-05,-0.001001,0.00433,0.45099
84,0.172557,-0.019536,0.33955,-0.749934,0.29162,-0.593803,-0.412607,-0.907785,0.075187,-0.516191,0.301025,0.801846,-0.00084,-0.00121,-0.019656,0.034877,0.002112,-0.006308,0.43127,-0.19152,-0.048572,0.25548,-0.903933,-0.328575,0.273743,0.399606,-0.421565,0.81396,-0.150905,0.845552,0.51199,0.033147,0.002711,0.002069,-0.007731,0.077283,-0.108283,-1.406472,0.031426,0.029794,-0.029108,0.923146,0.295223,0.246258,-0.359792,0.437736,0.823975,0.13546,-0.849252,0.510314,0.016613,0.001627,0.001487,-0.009418,0.072505,-0.111306,-0.948843,0.088629,0.040902,-0.035216,0.791035,-0.187034,-0.582478,0.279144,0.957574,0.071614,0.544373,-0.219245,0.809684,-0.000327,-0.006322,-0.005787,-0.0017,0.027441,-0.050585,0.415719
85,0.172497,-0.019945,0.339022,-0.748536,0.292353,-0.595205,-0.412506,-0.908036,0.072674,-0.518295,0.299556,0.801039,-0.015098,-0.012569,-0.011173,-0.001811,0.028442,-0.05488,0.400628,-0.19038,-0.048478,0.25588,-0.903494,-0.328157,0.275685,0.400953,-0.420593,0.813801,-0.149962,0.846198,0.511199,0.033619,0.007592,0.010361,-0.006056,0.061618,-0.084154,-1.406174,0.031996,0.029834,-0.02891,0.92272,0.295009,0.248106,-0.361171,0.436755,0.823893,0.134694,-0.849832,0.509551,0.008965,-0.001436,0.010535,-0.031925,-0.037396,0.058323,-0.950149,0.088604,0.040701,-0.035485,0.789743,-0.188003,-0.583917,0.279054,0.95779,0.06904,0.546291,-0.217468,0.808871,-0.000353,-0.006802,-0.006258,-0.002896,0.02858,-0.051551,0.374406
86,0.172451,-0.02018,0.338765,-0.748803,0.29206,-0.595012,-0.41218,-0.90817,0.072853,-0.518168,0.299436,0.801166,-0.015139,-0.013088,-0.011682,-0.002638,0.042173,-0.080204,0.387773,-0.189888,-0.04839,0.256218,-0.903371,-0.328003,0.27627,0.401321,-0.420168,0.813839,-0.149721,0.846468,0.510821,0.018076,-0.001223,0.023865,-0.030897,-0.034144,0.060342,-1.406373,0.032267,0.029884,-0.028733,0.922554,0.294904,0.248846,-0.361699,0.436272,0.823917,0.134412,-0.850116,0.509151,0.00906,-0.000355,0.012358,-0.03174,-0.036813,0.058676,-0.949006,0.088581,0.040584,-0.035613,0.789959,-0.187686,-0.583726,0.278725,0.957873,0.069215,0.546145,-0.217376,0.808994,-0.000331,-0.006352,-0.005855,-0.001038,0.013884,-0.025411,0.353995
87,0.172306,-0.020646,0.338309,-0.74777,0.292398,-0.596144,-0.411809,-0.908496,0.07086,-0.51995,0.298115,0.800504,-0.00063,-0.011687,-0.010831,-0.000827,0.013731,-0.025325,0.373446,-0.188843,-0.048193,0.257123,-0.895667,-0.347678,0.277295,0.412005,-0.414614,0.811346,-0.165985,0.841363,0.514219,0.034146,0.014082,0.021173,0.048978,-0.157517,0.075879,-1.406154,0.032777,0.029978,-0.028287,0.915544,0.314954,0.250166,-0.372866,0.431359,0.821523,0.15083,-0.845419,0.512363,0.009179,0.001115,0.014782,-0.047534,-0.20411,-0.050132,-0.946067,0.088503,0.040347,-0.035844,0.789019,-0.188143,-0.58485,0.278305,0.958136,0.067234,0.547717,-0.215816,0.808349,-0.007542,-0.005932,-0.005302,-0.00336,0.042834,-0.080719,0.322643
88,0.172058,-0.021022,0.337966,-0.744783,0.291407,-0.600355,-0.410973,-0.909055,0.068506,-0.524871,0.297384,0.797559,-0.000472,-0.008622,-0.00802,-0.001042,0.013285,-0.025555,0.373976,-0.187944,-0.047976,0.258314,-0.87488,-0.397379,0.276887,0.436297,-0.398881,0.806519,-0.208942,0.826896,0.521967,0.018463,0.004006,0.032331,0.115417,-0.204466,-0.060729,-1.40633,0.033233,0.030095,-0.027688,0.89665,0.365306,0.250139,-0.397731,0.416425,0.817556,0.194494,-0.83255,0.518682,0.00927,0.002393,0.016828,0.110189,-0.331743,-0.110889,-0.949169,0.088379,0.040155,-0.036019,0.785924,-0.187578,-0.589183,0.277419,0.958555,0.06488,0.552594,-0.214441,0.80539,-0.007455,-0.004072,-0.003593,-0.001269,0.039245,-0.055229,0.312029
89,0.171899,-0.02117,0.337847,-0.741545,0.290669,-0.604704,-0.410386,-0.909506,0.065984,-0.529885,0.296725,0.794483,-0.014863,-0.006853,-0.006,-0.034652,-0.079112,-0.092856,0.379224,-0.187505,-0.047927,0.259028,-0.858557,-0.43204,0.276066,0.452321,-0.385154,0.80436,-0.240101,0.815988,0.525716,0.018555,0.005398,0.03452,-0.358385,-1.495836,-0.868655,-1.40615,0.033445,0.030117,-0.027345,0.883839,0.395556,0.249724,-0.412105,0.405798,0.815779,0.221349,-0.823931,0.521671,0.017779,-0.003088,0.020316,0.092611,-0.240461,-0.036901,-0.952272,0.088305,0.040081,-0.036079,0.782625,-0.187429,-0.593605,0.276898,0.958877,0.062308,0.557516,-0.213132,0.80234,-0.000175,-0.003237,-0.003012,-0.0119,-0.139494,-0.047678,0.313172
90,0.171628,-0.021376,0.337704,-0.736276,0.293216,-0.609891,-0.41006,-0.91024,0.057333,-0.537426,0.291934,0.791186,-0.014691,-0.003525,-0.00291,0.514534,-0.469074,0.402677,0.395739,-0.186603,-0.047876,0.260468,-0.824922,-0.494466,0.273858,0.480552,-0.358763,0.800183,-0.296368,0.792299,0.53319,0.034879,0.006309,0.034288,0.309435,-0.863971,-0.442002,-1.406595,0.033897,0.030147,-0.026609,0.851125,0.462579,0.248203,-0.442194,0.376919,0.813877,0.28293,-0.802465,0.525355,0.009589,-0.002693,0.021502,-0.503085,-1.440165,-0.866144,-0.939698,0.088169,0.039981,-0.036155,0.779276,-0.189578,-0.597317,0.27632,0.959433,0.055988,0.562472,-0.20868,0.800048,-0.007335,-0.001599,-0.001298,-0.005041,0.021517,-0.032711,0.328195
91,0.171352,-0.021486,0.337651,-0.730865,0.295888,-0.615087,-0.409747,-0.910888,0.048604,-0.54499,0.287179,0.787744,-0.014553,-0.000966,-0.000527,0.514221,-0.469649,0.402406,0.412597,-0.18569,-0.047895,0.261918,-0.792293,-0.545989,0.272322,0.502416,-0.330871,0.798772,-0.345012,0.770353,0.536084,0.018259,0.003702,0.031136,-0.477516,-1.267488,-1.007107,-1.406991,0.034347,0.030145,-0.025889,0.821998,0.512949,0.247386,-0.464886,0.353488,0.811742,0.328935,-0.782258,0.52903,0.009119,0.00171,0.015356,-0.056604,-0.050124,0.050038,-0.904918,0.088031,0.03992,-0.036179,0.774407,-0.192997,-0.602531,0.276036,0.959983,0.047284,0.569295,-0.202938,0.796692,-0.007283,-0.000604,-0.000373,-0.005818,0.019189,-0.03318,0.351219
