frame,MLTx,MLTy,MLTz,MLTR1,MLTR2,MLTR3,MLTR4,MLTR5,MLTR6,MLTR7,MLTR8,MLTR9,MLTTVx,MLTTVy,MLTTVz,MLTRVx,MLTRVy,MLTRVz,MLGA,MRTx,MRTy,MRTz,MRTR1,MRTR2,MRTR3,MRTR4,MRTR5,MRTR6,MRTR7,MRTR8,MRTR9,MRTTVx,MRTTVy,MRTTVz,MRTRVx,MRTRVy,MRTRVz,MRGA,SLTx,SLTy,SLTz,SLTR1,SLTR2,SLTR3,SLTR4,SLTR5,SLTR6,SLTR7,SLTR8,SLTR9,SLTTVx,SLTTVy,SLTTVz,SLTRVx,SLTRVy,SLTRVz,SLGA,SRTx,SRTy,SRTz,SRTR1,SRTR2,SRTR3,SRTR4,SRTR5,SRTR6,SRTR7,SRTR8,SRTR9,SRTTVx,SRTTVy,SRTTVz,SRTRVx,SRTRVy,SRTRVz,SRGA
1140,0.218793,0.017181,0.363812,-0.78209,0.040313,-0.621897,-0.317826,-0.884191,0.342294,-0.535108,0.465305,0.705108,-0.080184,0.023913,-0.02781,-0.434112,-0.588692,-0.829431,-0.991019,-0.173051,0.01902,0.36704,-0.692627,0.273055,0.667608,-0.02826,-0.93505,0.353294,0.72157,0.225498,0.654485,-0.014432,0.014472,-0.020913,-0.454702,0.64433,0.343953,0.164508,0.040857,0.053973,0.001932,0.662604,-0.308876,0.682313,0.041374,0.924706,0.378426,-0.747826,-0.222517,0.625493,-0.007206,0.007047,-0.010577,-0.480044,0.67125,0.361682,-0.086505,0.110276,0.04706,-0.043094,0.824043,0.062722,-0.563043,0.188869,0.90658,0.377411,0.534116,-0.417345,0.735215,-0.03401,0.017797,-0.01819,-0.352916,-0.898083,-0.545003,-0.838843
1141,0.215758,0.018424,0.362255,-0.761204,0.031619,-0.647776,-0.336336,-0.873257,0.352522,-0.553586,0.486168,0.676173,-0.080894,0.0373,-0.050564,-0.332173,-0.658445,-0.471894,-0.766059,-0.173384,0.01947,0.366299,-0.678477,0.257536,0.687993,0.016879,-0.930735,0.365214,0.73523,0.259084,0.626238,-0.013599,0.004242,-0.011911,-0.254597,0.463888,0.183802,0.306248,0.040695,0.05419,0.001561,0.647813,-0.293952,0.702801,-0.004275,0.921137,0.389213,-0.761786,-0.255142,0.595469,-0.000821,0.007114,-0.010996,-0.197086,0.708984,-0.073784,0.114016,0.108757,0.047691,-0.043853,0.803972,0.07041,-0.590482,0.207572,0.897281,0.389614,0.557261,-0.435807,0.706775,-0.039972,0.012889,-0.021181,-0.527141,-0.83088,-0.612653,-0.781038
1142,0.212549,0.01952,0.360216,-0.729371,0.019172,-0.683883,-0.354666,-0.865406,0.353917,-0.584148,0.500658,0.638858,-0.092769,0.024652,-0.058521,-0.295025,-0.737448,-0.135551,-0.783416,-0.173638,0.019793,0.365693,-0.672804,0.238337,0.700373,0.061036,-0.925487,0.373741,0.73809,0.293907,0.607211,-0.000833,0.005054,-0.012332,-0.132721,0.295789,-0.028367,0.363521,0.040569,0.054348,0.001262,0.642547,-0.275095,0.715161,-0.048406,0.916894,0.396185,-0.764715,-0.289185,0.57583,-0.00041,0.002324,-0.006291,-0.174394,0.367083,-0.014754,0.259508,0.107187,0.048244,-0.044841,0.773886,0.080401,-0.628199,0.226036,0.891517,0.392559,0.591613,-0.445792,0.67176,-0.039465,0.007091,-0.025118,-0.822739,-1.056578,0.160101,-0.819901
1143,0.211045,0.019848,0.359078,-0.713838,0.010021,-0.700271,-0.359844,-0.863071,0.354389,-0.599949,0.504948,0.620576,-0.079249,0.017157,-0.064275,-0.281585,-0.878402,-0.020315,-0.873448,-0.173749,0.019844,0.36544,-0.669624,0.235448,0.704385,0.069084,-0.924471,0.374852,0.740265,0.299381,0.601865,-0.012784,-0.008938,-0.004849,-0.225658,0.408135,-0.056867,0.355359,0.040512,0.054385,0.001132,0.639911,-0.27147,0.718899,-0.056247,0.916465,0.396141,-0.766387,-0.293931,0.571187,-0.000413,0.001152,-0.007052,-0.293344,0.50502,0.060296,0.283348,0.10637,0.048432,-0.04545,0.757997,0.088524,-0.646221,0.231641,0.889629,0.393576,0.609738,-0.448022,0.653831,-0.039527,0.007815,-0.032607,-0.276295,-0.8598,-0.029822,-0.84717
1144,0.208327,0.020349,0.356428,-0.688264,-0.005225,-0.725473,-0.369436,-0.858096,0.356595,-0.623537,0.51345,0.589574,-0.053833,0.023813,-0.077041,-0.250712,-1.063253,0.191311,-1.038316,-0.173814,0.019708,0.365027,-0.666875,0.231094,0.708424,0.072667,-0.925907,0.370606,0.742399,0.298342,0.599749,-1.8e-05,-0.008276,-0.005385,-0.014163,0.109998,-0.198853,0.34855,0.040475,0.054312,0.000923,0.636728,-0.267653,0.723144,-0.059636,0.917921,0.392254,-0.768778,-0.292884,0.568505,-2e-06,-0.003955,-0.00257,0.000847,0.009378,-0.028063,0.280245,0.105031,0.048662,-0.046755,0.733796,0.100411,-0.671907,0.241029,0.886202,0.395664,0.635175,-0.452286,0.62609,-0.032959,0.005532,-0.034583,0.072399,-0.539755,0.403971,-0.975027
1145,0.205922,0.021203,0.353866,-0.668621,-0.011093,-0.743551,-0.376876,-0.856917,0.35161,-0.640236,0.51533,0.569702,-0.066905,0.024472,-0.060114,0.05074,-0.468636,0.29239,-1.021679,-0.174032,0.019946,0.364693,-0.672515,0.235829,0.701498,0.06938,-0.923516,0.377144,0.737613,0.302013,0.603802,-0.013595,0.010233,-0.00802,0.0344,0.005068,-0.010799,0.38223,0.040371,0.054411,0.000754,0.642455,-0.27222,0.716343,-0.05679,0.915296,0.398757,-0.764215,-0.296864,0.572577,-0.000402,0.005584,-0.004176,0.037267,-0.006968,0.013403,0.303596,0.103836,0.049062,-0.04806,0.713985,0.106096,-0.692074,0.248857,0.885455,0.392477,0.654441,-0.452451,0.605799,-0.026893,0.012202,-0.030329,0.069315,-0.350263,0.130137,-1.017319
1146,0.203682,0.022439,0.351595,-0.648699,-0.02658,-0.760611,-0.381395,-0.853499,0.355034,-0.657815,0.520433,0.544478,-0.054286,0.033136,-0.054631,-0.205223,-0.797942,-0.089192,-0.754407,-0.174533,0.02052,0.364304,-0.688199,0.21322,0.693478,0.102655,-0.917513,0.384142,0.719028,0.33529,0.608639,-0.014383,0.0225,-0.015648,-0.19001,-0.551881,0.575616,0.410758,0.040131,0.054698,0.000564,0.657389,-0.248598,0.711363,-0.091186,0.910834,0.402574,-0.748013,-0.329515,0.576104,-0.007188,0.011572,-0.007606,-0.275539,-0.208984,-0.276043,0.33952,0.102711,0.049675,-0.049198,0.69438,0.11802,-0.709863,0.25372,0.882957,0.394984,0.673395,-0.454375,0.583164,-0.027119,0.016923,-0.027031,-0.381003,-1.027754,-0.208283,-0.921468
1147,0.202649,0.023193,0.350619,-0.637938,-0.037122,-0.769222,-0.383369,-0.850978,0.358937,-0.667127,0.523918,0.529603,-0.041605,0.041516,-0.049267,-0.181216,-0.802484,-0.023668,-0.550654,-0.174953,0.020866,0.364021,-0.691879,0.200921,0.693487,0.118103,-0.915974,0.383375,0.713096,0.346903,0.60911,-0.027139,0.019021,-0.01696,0.066762,0.023755,-0.047071,0.428146,0.039916,0.054884,0.000426,0.663054,-0.237595,0.709864,-0.106009,0.908932,0.403241,-0.741027,-0.342623,0.577483,-0.007182,0.010405,-0.008355,0.070696,-0.004884,0.006395,0.361401,0.10219,0.050043,-0.049693,0.68281,0.128036,-0.719289,0.255787,0.880318,0.399515,0.684355,-0.456778,0.56834,-0.026947,0.015183,-0.02022,-0.329205,-0.937021,-0.160164,-0.805858
1148,0.200732,0.02501,0.348903,-0.615358,-0.048887,-0.786759,-0.407123,-0.834951,0.370243,-0.674245,0.548196,0.494875,-0.041782,0.050303,-0.042942,-0.462957,-1.046391,-0.131334,-0.181474,-0.176118,0.021827,0.363065,-0.70199,0.183357,0.688173,0.14052,-0.911537,0.386378,0.699004,0.367708,0.613227,-0.04066,0.024885,-0.027778,0.031553,-0.131673,0.119169,0.468105,0.039338,0.055368,-4.5e-05,0.673713,-0.2201,0.705454,-0.128725,0.90507,0.405313,-0.727695,-0.363875,0.581425,-0.013948,0.012626,-0.01422,-0.148437,-0.588311,0.651144,0.409735,0.101232,0.050952,-0.050551,0.660935,0.13645,-0.737932,0.280299,0.867275,0.411419,0.696128,-0.478763,0.534966,-0.020898,0.026174,-0.020719,-0.806882,-1.059534,-0.011183,-0.519936
1149,0.19931,0.027021,0.347211,-0.589097,-0.06983,-0.805067,-0.426401,-0.819419,0.383022,-0.685707,0.569002,0.453949,-0.015705,0.049931,-0.044151,-0.412686,-1.288245,-0.24927,0.008805,-0.177996,0.02305,0.361479,-0.715924,0.146346,0.682661,0.18853,-0.900837,0.391002,0.67307,0.408448,0.61645,-0.067704,0.036692,-0.049353,-1.04504,-0.744914,-0.943752,0.498943,0.03841,0.055982,-0.000826,0.688438,-0.184824,0.701349,-0.175669,0.895704,0.408476,-0.703699,-0.404416,0.584169,-0.027396,0.018243,-0.025201,-3.851238,-2.731117,-2.811109,0.463457,0.10051,0.051972,-0.051386,0.633942,0.154382,-0.757814,0.300497,0.853712,0.425296,0.712613,-0.497334,0.494813,-0.014581,0.030636,-0.025765,-0.474643,-1.478167,-0.342963,-0.312231
1150,0.198949,0.027947,0.346296,-0.573429,-0.088006,-0.814542,-0.429222,-0.814586,0.390114,-0.69714,0.573428,0.430352,-0.015509,0.045298,-0.047343,-0.365417,-1.227966,-0.218498,0.070585,-0.179265,0.023737,0.360367,-0.720501,0.140071,0.679153,0.200307,-0.895496,0.397362,0.664726,0.422165,0.616262,-0.068537,0.040022,-0.062748,0.057339,-0.000543,0.131155,0.502244,0.037796,0.05632,-0.001352,0.693263,-0.176912,0.698633,-0.189827,0.890344,0.413826,-0.695235,-0.41951,0.58366,-0.034248,0.020396,-0.031088,-0.651244,-1.595685,1.964803,0.477827,0.100329,0.052445,-0.051836,0.616585,0.171645,-0.768348,0.303422,0.848741,0.433095,0.726468,-0.500174,0.471241,-0.00126,0.02259,-0.023963,-0.382139,-1.327716,-0.24662,-0.225523
1151,0.198496,0.029587,0.344321,-0.53895,-0.113481,-0.834686,-0.451065,-0.79798,0.399676,-0.710754,0.59204,0.379927,-0.015249,0.038727,-0.051867,-0.271887,-1.083344,-0.174051,0.183769,-0.181892,0.025077,0.357609,-0.742339,0.1383,0.655589,0.212545,-0.879211,0.426319,0.636277,0.455641,0.62242,-0.069582,0.036993,-0.080378,-0.728545,-1.835347,2.298537,0.496303,0.036488,0.056993,-0.002712,0.714506,-0.174665,0.677474,-0.203984,0.874254,0.440533,-0.669231,-0.452957,0.589032,-0.028046,0.012239,-0.036935,-1.335375,-1.031011,-0.147013,0.484359,0.100103,0.053271,-0.052819,0.580511,0.194129,-0.790771,0.326297,0.834313,0.444355,0.746013,-0.51598,0.420984,-0.007581,0.019221,-0.026019,-0.399947,-1.288844,-0.306742,-0.067785
1152,0.198045,0.030941,0.342135,-0.505936,-0.136133,-0.851788,-0.467531,-0.786574,0.403347,-0.724279,0.602471,0.335374,-0.001486,0.018955,-0.050482,-0.152345,-0.932394,0.123804,0.306747,-0.184558,0.026439,0.354265,-0.753144,0.147024,0.641209,0.222202,-0.860448,0.458464,0.620063,0.487581,0.614532,-0.070563,0.041589,-0.093082,-0.50116,0.253612,0.325696,0.494424,0.035155,0.057661,-0.00438,0.727673,-0.18355,0.660909,-0.21345,0.855096,0.472493,-0.651867,-0.484891,0.583051,-0.03482,0.015115,-0.042481,-3.926913,-1.946466,-2.412377,0.480603,0.099877,0.05395,-0.053886,0.546756,0.213491,-0.809616,0.343359,0.824731,0.449356,0.76365,-0.523678,0.377623,-0.000994,0.015115,-0.029193,-0.280152,-1.231535,-0.036097,0.113795
1153,0.197687,0.031648,0.339902,-0.480489,-0.151194,-0.863896,-0.486387,-0.773734,0.405876,-0.7292,0.615391,0.299311,-0.014081,0.009095,-0.057165,-0.150586,-0.930524,0.046188,0.360089,-0.187158,0.027617,0.350832,-0.752377,0.147888,0.641911,0.247063,-0.839857,0.483252,0.61151,0.521992,0.594511,-0.070379,0.024038,-0.089516,-0.415889,0.624175,0.904472,0.502422,0.033829,0.058272,-0.006134,0.727059,-0.183236,0.661671,-0.241043,0.834258,0.495894,-0.64287,-0.520036,0.562387,-0.035147,0.011952,-0.044742,-0.524954,0.737181,0.983893,0.483869,0.099697,0.054319,-0.055021,0.520631,0.225324,-0.823512,0.363267,0.814422,0.452497,0.772644,-0.534739,0.34216,-0.006985,0.004219,-0.028804,-0.279154,-1.019151,-0.243971,0.239038
1154,0.197374,0.031834,0.338758,-0.472641,-0.150522,-0.868331,-0.501509,-0.764273,0.405399,-0.724082,0.627268,0.286823,-0.014063,0.007651,-0.058331,-0.524564,-0.499155,0.096736,0.374706,-0.1885,0.027943,0.349092,-0.751356,0.140566,0.644746,0.270943,-0.825051,0.495797,0.602568,0.547029,0.580977,-0.070215,0.007502,-0.085364,-4.171606,-1.957859,-2.260444,0.515979,0.033158,0.058444,-0.007003,0.72542,-0.179788,0.66441,-0.260688,0.821608,0.506953,-0.637029,-0.540958,0.549143,-0.035341,0.009505,-0.04655,-0.404454,0.409243,0.743282,0.494973,0.099541,0.054408,-0.055596,0.513037,0.224012,-0.828619,0.378939,0.807075,0.452807,0.770193,-0.546303,0.329173,-0.013431,0.0032,-0.029339,-1.65575,-0.295047,0.456055,0.27235
1155,0.196376,0.031842,0.336649,-0.469874,-0.140198,-0.871555,-0.522944,-0.751217,0.40271,-0.710608,0.645169,0.28075,-0.02647,-0.005671,-0.051714,-0.016432,-0.103739,0.273029,0.416279,-0.191124,0.02769,0.345706,-0.745885,0.140346,0.651114,0.301871,-0.800025,0.518428,0.594587,0.583059,0.553509,-0.057625,-0.028718,-0.080787,-0.610843,0.743586,0.870619,0.52513,0.031842,0.058338,-0.008693,0.720555,-0.175496,0.670821,-0.297723,0.79542,0.527888,-0.626227,-0.580091,0.520895,-0.035476,-0.009246,-0.044244,-0.313873,0.441244,0.585892,0.5162,0.099046,0.05441,-0.056658,0.511358,0.214201,-0.832244,0.402006,0.796317,0.451961,0.759541,-0.565681,0.321093,-0.01964,-0.003449,-0.026017,-0.308341,0.082407,0.361694,0.329501
1156,0.195049,0.031154,0.33473,-0.464965,-0.129867,-0.875779,-0.541473,-0.740909,0.397283,-0.699894,0.659091,0.275271,-0.038968,-0.02342,-0.048598,-1.375144,0.538378,0.615989,0.448832,-0.193016,0.026348,0.342369,-0.74951,0.120633,0.650903,0.341021,-0.772245,0.535981,0.568238,0.623536,0.536816,-0.032331,-0.045507,-0.080031,-0.465,0.013623,-0.114962,0.522738,0.030886,0.05766,-0.01037,0.723863,-0.159143,0.671338,-0.337321,0.767177,0.545576,-0.60186,-0.621379,0.501649,-0.022613,-0.023472,-0.040037,-1.222933,-0.710545,-0.646017,0.520446,0.098373,0.054067,-0.057635,0.507905,0.203224,-0.837097,0.421777,0.788645,0.447373,0.751089,-0.580292,0.314841,-0.01945,-0.011991,-0.02449,-1.39583,0.543577,0.618206,0.387959
1157,0.194293,0.030608,0.333812,-0.461555,-0.120223,-0.878954,-0.556139,-0.732709,0.392198,-0.6906,0.669988,0.272422,-0.0516,-0.036279,-0.041694,-4.821002,2.074946,1.617981,0.463181,-0.193599,0.025543,0.340786,-0.746771,0.092588,0.658599,0.375883,-0.758033,0.532947,0.549505,0.64542,0.530414,-0.019404,-0.042528,-0.079497,-3.320337,-1.159625,-5.040283,0.517479,0.030589,0.057246,-0.01117,0.722877,-0.135967,0.677467,-0.366688,0.755514,0.542897,-0.585652,-0.640867,0.496286,-0.016158,-0.021443,-0.039385,0.027928,-0.160297,0.061887,0.51816,0.097995,0.053792,-0.058096,0.505645,0.193773,-0.840698,0.436727,0.782887,0.443121,0.744037,-0.591218,0.311237,-0.02591,-0.018483,-0.021111,-4.824665,2.064409,1.611994,0.407881
1158,0.192274,0.02936,0.332019,-0.429064,-0.081817,-0.899586,-0.61351,-0.704547,0.356637,-0.662453,0.705025,0.253224,-0.065647,-0.026901,-0.051085,-0.041629,-0.612338,1.017957,0.478392,-0.194278,0.023671,0.337836,-0.725636,0.020733,0.687761,0.460735,-0.727585,0.508209,0.511836,0.685615,0.517513,-0.019171,-0.053272,-0.072687,-1.064466,-0.573643,-1.249697,0.493727,0.030242,0.056292,-0.012674,0.701647,-0.058905,0.710085,-0.457113,0.72725,0.51201,-0.54657,-0.683839,0.483347,-0.009545,-0.0267,-0.03637,-1.072595,-0.591546,-1.256022,0.502811,0.096985,0.053166,-0.058994,0.479714,0.151289,-0.864282,0.500906,0.761514,0.411324,0.720393,-0.630243,0.289528,-0.03277,-0.01363,-0.025652,-0.052328,-0.657637,1.054281,0.444948
1159,0.189863,0.027853,0.330026,-0.398894,-0.043072,-0.916009,-0.66586,-0.673202,0.321559,-0.630021,0.738254,0.241,-0.066278,-0.032099,-0.055951,0.156019,-0.270245,0.696741,0.441135,-0.194269,0.021372,0.33544,-0.685413,-0.018728,0.727907,0.519728,-0.712583,0.471212,0.510712,0.701304,0.497202,0.009131,-0.059687,-0.047485,0.262067,-0.002564,-0.752144,0.385884,0.030241,0.055139,-0.013875,0.661232,-0.021078,0.749884,-0.515418,0.713549,0.474542,-0.545083,-0.700287,0.460958,0.010952,-0.023912,-0.027908,0.350857,0.296454,-1.329325,0.418552,0.09583,0.052439,-0.059947,0.456185,0.110245,-0.883029,0.55871,0.736859,0.380633,0.692631,-0.666996,0.274549,-0.032841,-0.022756,-0.024851,0.153673,-0.139735,0.710293,0.43613
1160,0.186219,0.026739,0.32802,-0.38755,-0.016111,-0.921733,-0.684784,-0.664346,0.299477,-0.616699,0.747269,0.247585,-0.132677,-0.038322,-0.042452,-1.243399,0.887298,1.085632,0.356283,-0.192522,0.020154,0.334115,-0.642036,-0.067481,0.763693,0.577404,-0.697732,0.423921,0.505033,0.713207,0.485943,0.064499,-0.007235,-0.02711,0.038839,-0.442343,-1.005733,0.111695,0.031092,0.054473,-0.014573,0.618206,0.028444,0.7855,-0.571519,0.702338,0.424365,-0.539616,-0.711274,0.450446,0.032633,-0.007493,-0.008217,-0.703604,-1.059904,-1.928852,0.162839,0.094008,0.05186,-0.060986,0.447422,0.084632,-0.890308,0.57879,0.73151,0.360406,0.681773,-0.676556,0.278309,-0.066601,-0.01358,-0.025078,-4.988369,1.656588,1.528178,0.349913
1161,0.183179,0.025972,0.327203,-0.382163,0.00122,-0.924119,-0.702,-0.650709,0.28939,-0.600511,0.759322,0.250686,-0.172837,-0.051065,-0.034972,-4.878065,2.045177,1.954244,0.335037,-0.190953,0.020292,0.333861,-0.619903,-0.100173,0.778253,0.607148,-0.689392,0.395024,0.497709,0.717507,0.487168,0.092836,0.003187,-0.003921,0.576168,-0.372631,-1.207267,0.01193,0.031901,0.054534,-0.014714,0.596273,0.061552,0.800417,-0.601039,0.695191,0.394286,-0.532174,-0.716184,0.451519,0.046567,0.003716,-0.000337,0.54158,-0.354051,-1.163993,0.001182,0.092503,0.051487,-0.061394,0.444053,0.06831,-0.893392,0.595207,0.722807,0.351109,0.669735,-0.687664,0.280306,-0.086369,-0.025947,-0.01776,-0.009858,0.08217,0.050709,0.296843
1162,0.176678,0.023115,0.325971,-0.364062,0.036993,-0.930664,-0.75947,-0.590198,0.273577,-0.53871,0.806363,0.244125,-0.148352,-0.096804,-0.023691,-5.359373,1.240599,1.855357,0.324295,-0.187224,0.02147,0.334259,-0.590615,-0.158785,0.791172,0.657024,-0.663708,0.357414,0.469076,0.731102,0.495297,0.094103,0.038478,0.023586,0.087926,0.080703,-0.898257,-0.09713,0.033731,0.055111,-0.014521,0.569057,0.122826,0.813072,-0.649999,0.672822,0.353285,-0.503661,-0.729536,0.462711,0.047146,0.020399,0.012646,-0.116688,-0.367109,-0.484304,-0.215505,0.089188,0.050055,-0.06201,0.431274,0.026788,-0.901822,0.663729,0.66763,0.337243,0.611118,-0.74401,0.270151,-0.07425,-0.049203,-0.012297,-5.376391,1.185738,1.825185,0.250959
1163,0.171529,0.019988,0.324401,-0.341165,0.044343,-0.938981,-0.780395,-0.570204,0.256561,-0.523617,0.82025,0.23031,-0.124459,-0.075821,-0.043217,-0.024551,-0.297294,0.373067,0.288578,-0.183665,0.023282,0.335813,-0.578841,-0.206722,0.788797,0.698965,-0.623842,0.349574,0.420527,0.753938,0.504576,0.081481,0.051333,0.050396,-0.429498,-0.017323,-0.837622,-0.13838,0.035518,0.056027,-0.013742,0.558693,0.170256,0.811711,-0.692552,0.634256,0.343643,-0.456326,-0.754143,0.472265,0.047361,0.026896,0.025626,-1.463376,-0.875643,-0.939226,-0.295844,0.08666,0.048512,-0.062786,0.410346,0.016819,-0.911774,0.689044,0.649215,0.322081,0.597355,-0.760418,0.254814,-0.055529,-0.032843,-0.026098,0.019821,-0.422755,0.559435,0.207687
1164,0.169222,0.018698,0.323409,-0.330768,0.043779,-0.94272,-0.783247,-0.569954,0.24829,-0.526033,0.820454,0.223988,-0.111923,-0.06179,-0.049955,0.011482,-0.325579,0.420486,0.257504,-0.181999,0.024307,0.337036,-0.573423,-0.211442,0.791498,0.706886,-0.615893,0.347737,0.414652,0.759154,0.501608,0.068744,0.048733,0.065262,-0.09778,0.266939,-0.385825,-0.150414,0.036325,0.056531,-0.013154,0.553488,0.17537,0.814184,-0.700819,0.626267,0.341528,-0.450002,-0.759628,0.469533,0.040969,0.025836,0.033246,-0.119868,0.361732,-0.481664,-0.317071,0.085544,0.047878,-0.063266,0.400631,0.016344,-0.916093,0.692329,0.649505,0.314361,0.600145,-0.76018,0.248896,-0.055855,-0.030485,-0.024516,0.014752,-0.326761,0.41956,0.183356
1165,0.16549,0.015885,0.321451,-0.31264,0.040065,-0.94905,-0.788219,-0.568483,0.235604,-0.529698,0.821669,0.210494,-0.073506,-0.084698,-0.05486,-0.030047,-0.218861,0.274564,0.123482,-0.179543,0.026304,0.339811,-0.562055,-0.209733,0.800061,0.714762,-0.609745,0.342433,0.416699,0.764571,0.491585,0.055691,0.047676,0.080318,-0.121953,0.156885,-0.218436,-0.234439,0.03759,0.057566,-0.011734,0.541196,0.173445,0.822814,-0.70896,0.620306,0.335552,-0.452197,-0.764942,0.458673,0.020985,0.029703,0.036839,-0.08257,0.170653,-0.25767,-0.364916,0.083623,0.046474,-0.064247,0.382193,0.018388,-0.923898,0.698399,0.648953,0.301825,0.605117,-0.760606,0.235183,-0.043505,-0.042262,-0.027112,-0.01371,-0.295438,0.422866,0.050601
1166,0.161702,0.012442,0.31929,-0.287543,0.042195,-0.956861,-0.79514,-0.567437,0.213867,-0.533584,0.822282,0.197907,-0.129891,-0.078756,-0.050632,0.064276,0.288608,0.276749,-0.09241,-0.178124,0.028235,0.343028,-0.540665,-0.209771,0.814658,0.726497,-0.604521,0.326634,0.424618,0.768698,0.478189,0.029203,0.04826,0.080997,-0.034198,0.18218,-0.334962,-0.462196,0.038311,0.058548,-0.010113,0.519294,0.173897,0.836715,-0.720282,0.615973,0.319012,-0.459919,-0.768332,0.445127,0.014941,0.018319,0.044355,0.036297,0.727323,-1.03348,-0.530166,0.081792,0.044759,-0.065328,0.357804,0.015542,-0.933667,0.706731,0.649006,0.28164,0.610333,-0.760624,0.221233,-0.058018,-0.040149,-0.026026,0.106248,0.259918,0.580302,-0.173597
1167,0.156027,0.01018,0.31806,-0.250436,0.061102,-0.966227,-0.803768,-0.569433,0.172264,-0.539372,0.819687,0.192923,-0.156455,-0.044191,-0.020407,0.109382,-0.216702,0.96718,-0.235423,-0.177221,0.030008,0.346417,-0.489383,-0.217373,0.844538,0.749772,-0.599318,0.280348,0.445799,0.770669,0.455188,0.016084,0.056841,0.086276,-0.038898,0.20292,-0.634966,-0.644686,0.038773,0.059447,-0.008393,0.466868,0.182418,0.865307,-0.742304,0.612662,0.271346,-0.480643,-0.769004,0.421442,0.007995,0.028855,0.043434,-0.066915,0.21528,-0.585444,-0.739014,0.078917,0.043545,-0.066011,0.324761,-0.009804,-0.945744,0.717877,0.653588,0.239738,0.615777,-0.756786,0.219298,-0.085092,-0.026793,-0.005221,0.208219,-1.310114,2.667234,-0.357789
1168,0.153122,0.009528,0.317947,-0.241494,0.071977,-0.967753,-0.806047,-0.570159,0.158681,-0.540059,0.818284,0.196913,-0.141182,-0.025652,-0.004003,0.044367,0.034796,0.487548,-0.292398,-0.176977,0.030996,0.348224,-0.478142,-0.220622,0.850117,0.750524,-0.605246,0.265188,0.456601,0.765096,0.45388,0.003241,0.057727,0.086841,-0.006854,0.160742,-0.850826,-0.726422,0.038894,0.059925,-0.007518,0.456307,0.185302,0.870313,-0.742002,0.619088,0.257221,-0.491137,-0.763147,0.419989,0.001955,0.023851,0.04786,-0.004261,0.084823,-0.877125,-0.816414,0.077458,0.043201,-0.066084,0.316835,-0.022,-0.948225,0.721155,0.654953,0.225767,0.616076,-0.755348,0.223378,-0.063599,-0.017761,0.002624,0.006354,-0.054869,0.635756,-0.401877
1169,0.148959,0.009794,0.318575,-0.24371,0.076829,-0.966824,-0.806851,-0.569182,0.1581,-0.537857,0.818517,0.20191,-0.094005,0.029219,0.027507,-0.059223,0.192001,-0.320445,-0.667277,-0.176956,0.032315,0.352046,-0.452199,-0.237587,0.859686,0.764561,-0.599494,0.236618,0.459704,0.764568,0.451633,0.00544,0.018546,0.10551,-0.113782,0.233398,-1.111922,-1.081429,0.038904,0.060612,-0.005605,0.430842,0.202585,0.879394,-0.755107,0.614537,0.228379,-0.494154,-0.762432,0.417742,-0.00404,0.014254,0.04879,-0.018606,0.041827,-1.015669,-0.965662,0.075356,0.043294,-0.065799,0.318915,-0.02609,-0.947423,0.722355,0.653842,0.225149,0.613592,-0.75618,0.227366,-0.046794,0.016527,0.015596,-0.216226,1.247942,-1.908956,-0.602724
1170,0.144526,0.01217,0.320687,-0.239786,0.075552,-0.967905,-0.807622,-0.56877,0.155627,-0.538467,0.818924,0.198607,-0.11451,0.075088,0.068198,-0.001435,-0.105729,0.091309,-0.899573,-0.176845,0.033236,0.356059,-0.429658,-0.254683,0.866327,0.771014,-0.602755,0.205321,0.470406,0.756478,0.454228,0.005369,0.018442,0.103945,-0.120075,0.065539,-0.777417,-1.210418,0.038958,0.061059,-0.003636,0.408802,0.220627,0.885552,-0.760292,0.619069,0.196742,-0.504812,-0.753708,0.420818,0.002618,0.009455,0.052156,-0.073332,-0.043705,-0.819426,-0.937412,0.073195,0.044433,-0.064787,0.315443,-0.024986,-0.948615,0.723213,0.653536,0.223277,0.614376,-0.756482,0.224223,-0.057141,0.03906,0.035594,-0.00032,-0.107536,0.092481,-0.830678
1171,0.142416,0.013601,0.322209,-0.237988,0.076341,-0.968287,-0.811429,-0.563511,0.154953,-0.533523,0.822477,0.197261,-0.112171,0.075731,0.085656,-0.04039,-0.105214,0.099397,-0.90505,-0.176702,0.033598,0.357973,-0.430036,-0.261596,0.864076,0.768947,-0.607531,0.198897,0.473438,0.75028,0.461301,0.005309,0.01667,0.102149,-0.131994,0.051965,-0.758649,-1.222129,0.039031,0.061255,-0.00264,0.409081,0.227909,0.883577,-0.758132,0.623775,0.190106,-0.507826,-0.747637,0.42796,0.00883,0.00875,0.050897,-0.131394,-0.097995,-0.530899,-0.953252,0.072094,0.045193,-0.063992,0.313683,-0.02593,-0.949173,0.727641,0.648784,0.222747,0.610033,-0.76053,0.22238,-0.049247,0.033324,0.047871,-0.085768,0.008366,-0.051518,-0.886034
1172,0.138982,0.016762,0.3262,-0.234031,0.07395,-0.969436,-0.816543,-0.556161,0.154642,-0.527444,0.827685,0.191751,-0.079706,0.086873,0.110039,-0.072342,-0.058341,0.046529,-0.930656,-0.176475,0.033734,0.361976,-0.427101,-0.269886,0.862982,0.765422,-0.615908,0.186333,0.481741,0.740458,0.46852,0.005957,-0.004303,0.103179,-0.07152,-0.312443,-0.563123,-1.24668,0.039145,0.06134,-0.000633,0.40598,0.234169,0.88337,-0.754041,0.631959,0.179019,-0.516334,-0.738776,0.433136,0.0029,-0.003327,0.05087,-0.075192,-0.302906,-0.598887,-0.965825,0.070367,0.046783,-0.061992,0.309499,-0.023813,-0.950601,0.733562,0.642081,0.222751,0.605058,-0.766266,0.216192,-0.040002,0.038619,0.059823,-0.101019,-0.027686,0.039164,-0.921141
1173,0.136166,0.020108,0.330947,-0.236785,0.073402,-0.968809,-0.818114,-0.552895,0.158009,-0.523765,0.829919,0.192177,-0.063247,0.076311,0.132007,-0.141262,-0.037021,0.045249,-0.98423,-0.176138,0.033582,0.365794,-0.423004,-0.269232,0.865201,0.763111,-0.620611,0.180104,0.488969,0.736758,0.466861,0.005093,0.002696,0.091639,-0.158842,-0.079202,-0.19091,-1.23267,0.039315,0.061257,0.001311,0.401625,0.235336,0.88505,-0.751655,0.636797,0.171767,-0.523174,-0.734238,0.432645,0.002477,0.001011,0.045611,-0.168006,-0.061093,-0.181427,-0.960273,0.068932,0.048509,-0.059558,0.312102,-0.023117,-0.949767,0.735276,0.638954,0.226066,0.601632,-0.768897,0.216416,-0.031554,0.03904,0.066834,-0.140566,-0.037897,0.046836,-0.964576
1174,0.133786,0.023167,0.335959,-0.235706,0.084812,-0.96814,-0.821438,-0.549704,0.151779,-0.519033,0.830936,0.200443,-0.049651,0.060136,0.132046,-0.133618,0.162033,0.185483,-0.932945,-0.175713,0.033739,0.368716,-0.425485,-0.264782,0.865358,0.756485,-0.62879,0.17969,0.497059,0.731409,0.46673,0.003361,0.004448,0.062242,-0.149712,0.079966,-0.147486,-1.133251,0.039526,0.061355,0.002761,0.404074,0.230713,0.885152,-0.744715,0.644868,0.17188,-0.531152,-0.728639,0.432391,0.007386,0.007612,0.026392,-0.106925,-0.038503,0.108435,-0.929738,0.067766,0.050045,-0.057076,0.31238,-0.034905,-0.949315,0.739206,0.63659,0.219836,0.596651,-0.770411,0.22466,-0.031276,0.036384,0.06272,-0.098721,0.18012,0.185479,-0.959514
1175,0.132909,0.024216,0.338421,-0.232933,0.096572,-0.967709,-0.824152,-0.547821,0.143654,-0.515977,0.830881,0.208401,-0.037708,0.040691,0.131984,-0.116329,0.430889,0.334346,-0.936854,-0.17546,0.033743,0.369776,-0.427072,-0.26223,0.865353,0.753995,-0.631425,0.180905,0.499479,0.730052,0.466271,0.014795,0.003134,0.045569,1.332802,0.273467,0.822504,-1.077159,0.039647,0.061367,0.003281,0.403908,0.230552,0.88527,-0.746081,0.643002,0.172945,-0.529358,-0.730338,0.431724,0.007352,0.000509,0.022156,-0.103753,-0.02345,0.050916,-0.896753,0.067324,0.050588,-0.055836,0.310872,-0.04608,-0.949333,0.742594,0.635189,0.21234,0.593221,-0.77098,0.231681,-0.012157,0.025098,0.061391,-0.036478,0.558987,0.481391,-0.950044
1176,0.132133,0.025827,0.34327,-0.244368,0.123468,-0.961813,-0.827718,-0.543242,0.140508,-0.504853,0.830292,0.236146,0.002267,0.047321,0.117536,-0.002164,0.913567,0.515265,-1.03219,-0.17515,0.033426,0.371224,-0.42533,-0.26224,0.866208,0.756104,-0.628868,0.181012,0.497771,0.732253,0.464643,0.002444,-0.014107,0.036341,-0.105761,0.002829,-0.00487,-1.03601,0.039807,0.061205,0.004024,0.403662,0.227982,0.886047,-0.744454,0.644805,0.173246,-0.531831,-0.729554,0.430005,0.000788,-0.002807,0.013202,-0.070609,-0.009345,0.015839,-0.874056,0.06692,0.051399,-0.053368,0.324937,-0.070478,-0.943105,0.746862,0.630889,0.210177,0.580182,-0.772665,0.257636,0.001044,0.023505,0.058682,-0.019925,0.854889,0.501376,-0.985968
1177,0.132282,0.027352,0.348055,-0.277875,0.157596,-0.947626,-0.825381,-0.543836,0.151529,-0.491134,0.824062,0.282376,0.014276,0.032635,0.120371,-0.043082,0.910903,0.482207,-0.990397,-0.174988,0.033134,0.372339,-0.428716,-0.262001,0.86461,0.753266,-0.63194,0.182144,0.499173,0.729689,0.467166,0.013907,-0.006308,0.025126,-0.065799,-0.017031,0.012733,-1.032474,0.039884,0.06104,0.004576,0.407127,0.227942,0.884471,-0.741585,0.647789,0.17441,-0.533196,-0.726918,0.432771,0.001197,-0.008662,0.017232,-0.115286,0.030947,-0.022745,-0.891691,0.06699,0.052155,-0.051017,0.361169,-0.101417,-0.926968,0.743559,0.631216,0.220648,0.56274,-0.768947,0.303385,0.007115,0.016516,0.060364,-0.058297,0.970253,0.520301,-1.005399
1178,0.13271,0.02777,0.350294,-0.284711,0.181149,-0.941366,-0.827729,-0.541766,0.146033,-0.4832,0.820547,0.305363,0.037821,0.018145,0.108788,0.017725,1.154768,0.695774,-0.907839,-0.174744,0.032963,0.372825,-0.430929,-0.259292,0.864326,0.749918,-0.635559,0.183358,0.502303,0.727505,0.467216,0.013898,-0.009526,0.02327,-0.068982,-0.008872,0.017512,-1.010199,0.040006,0.060955,0.00482,0.40925,0.224971,0.884252,-0.738184,0.651247,0.175957,-0.536281,-0.724752,0.432593,0.006928,-0.005032,0.011473,-0.071165,-0.005023,0.019494,-0.895283,0.067213,0.052392,-0.049841,0.370118,-0.12424,-0.920638,0.746612,0.629488,0.215206,0.552795,-0.767012,0.325744,0.018718,0.008293,0.053843,-0.019919,1.063159,0.653706,-0.97519
1179,0.134097,0.027544,0.35424,-0.290429,0.225129,-0.930061,-0.833402,-0.53709,0.130181,-0.469866,0.812642,0.34477,0.045851,-0.009286,0.088414,-0.044757,0.848928,0.43575,-0.935245,-0.174217,0.032422,0.373725,-0.431809,-0.267138,0.861492,0.751597,-0.634505,0.180107,0.499025,0.725594,0.473656,0.013901,-0.014687,0.02032,0.067678,-0.348711,-0.212221,-0.940696,0.040269,0.060684,0.005269,0.410303,0.231291,0.882131,-0.739736,0.650114,0.173614,-0.533331,-0.723779,0.437837,0.006929,-0.007097,0.010291,0.177042,-0.60642,-0.323434,-0.884669,0.067891,0.052299,-0.047889,0.380036,-0.168649,-0.909466,0.754015,0.625988,0.198997,0.535754,-0.761378,0.365062,0.029119,-0.006185,0.043039,0.002392,1.131786,0.409898,-0.931918
1180,0.136598,0.026885,0.357258,-0.299262,0.262898,-0.917263,-0.837446,-0.533071,0.120379,-0.456954,0.803856,0.380834,0.068966,-0.016335,0.066897,-0.059009,0.674761,0.163165,-0.935595,-0.173964,0.03188,0.374333,-0.432124,-0.269745,0.860522,0.752756,-0.633264,0.179634,0.497,0.725717,0.475593,0.000818,-0.010057,0.009055,-0.032565,0.000121,-0.024207,-0.906051,0.040401,0.060411,0.005577,0.410898,0.235751,0.880672,-0.740984,0.649133,0.171954,-0.531135,-0.72322,0.441415,0.006537,-0.00511,0.004035,-0.031213,-0.082986,0.194059,-0.88369,0.0691,0.05197,-0.046403,0.392036,-0.205708,-0.896655,0.759326,0.62261,0.189155,0.519356,-0.75501,0.400285,0.034316,-0.008913,0.032904,-0.002983,0.905002,0.303085,-0.950697
1181,0.137991,0.0265,0.358312,-0.302286,0.280085,-0.911165,-0.839084,-0.531709,0.114872,-0.451932,0.798919,0.396879,0.066968,-0.028394,0.058649,-0.007185,0.813991,0.405892,-0.92779,-0.173893,0.03168,0.374492,-0.433892,-0.267138,0.860445,0.74924,-0.63729,0.180093,0.500764,0.723148,0.475558,0.00082,-0.010738,0.008669,-0.036359,0.009875,-0.018582,-0.89001,0.040436,0.060307,0.005654,0.412568,0.232844,0.880664,-0.737377,0.653007,0.172789,-0.534847,-0.720669,0.441104,0.006543,-0.005394,0.003876,-0.036651,-0.000548,0.013265,-0.887772,0.069853,0.051769,-0.045822,0.3968,-0.222296,-0.89058,0.761552,0.621373,0.184211,0.512433,-0.751318,0.415851,0.03326,-0.015347,0.028499,0.015815,0.867391,0.434195,-0.947104
1182,0.140626,0.025317,0.359823,-0.31081,0.30553,-0.900052,-0.840751,-0.530031,0.11035,-0.442961,0.790636,0.422736,0.063926,-0.040273,0.034921,-0.047674,0.606364,-0.02287,-0.973458,-0.173505,0.031632,0.374637,-0.435826,-0.26666,0.859616,0.748583,-0.637552,0.181891,0.500069,0.723093,0.476372,0.024557,0.004307,0.000706,0.004089,-0.030411,0.058491,-0.829547,0.040621,0.060268,0.005724,0.414449,0.232305,0.879924,-0.736817,0.653156,0.174607,-0.534165,-0.720708,0.441866,0.006131,0.002408,0.000931,0.001914,-0.015153,0.029257,-0.887772,0.071147,0.051196,-0.045079,0.407161,-0.247303,-0.879238,0.763864,0.619953,0.179359,0.500731,-0.744646,0.441327,0.025653,-0.014388,0.013495,0.004534,0.663095,0.030872,-0.949717
1183,0.143048,0.024283,0.360891,-0.319938,0.324899,-0.890015,-0.841218,-0.529565,0.10902,-0.43551,0.783171,0.443849,0.065253,-0.013754,0.021096,0.013746,0.500796,-0.000673,-1.005109,-0.172959,0.031885,0.374797,-0.438155,-0.266077,0.858612,0.747563,-0.638186,0.183852,0.499561,0.722748,0.477428,0.024517,0.007664,0.002618,0.004089,-0.030411,0.058491,-0.769039,0.040893,0.060392,0.005804,0.416792,0.231684,0.87898,-0.735847,0.653709,0.176615,-0.533678,-0.720407,0.442945,0.006116,0.004361,0.002044,0.003784,-0.029003,0.054461,-0.873566,0.072332,0.050642,-0.044575,0.417403,-0.265075,-0.8692,0.764524,0.619466,0.178222,0.491198,-0.738915,0.461224,0.032566,-0.007135,0.010332,0.082914,0.60606,0.282609,-0.990866
1184,0.14503,0.024029,0.361696,-0.327814,0.351871,-0.876795,-0.84159,-0.530425,0.101724,-0.428881,0.77081,0.471105,0.040111,0.001214,0.015731,0.130195,0.808001,0.155641,-0.989892,-0.172377,0.031897,0.375174,-0.439713,-0.265681,0.857938,0.747319,-0.637969,0.185589,0.498558,0.723084,0.477967,0.013056,-0.001662,0.012968,-0.032612,-0.019097,0.03591,-0.764731,0.041194,0.0604,0.005992,0.418404,0.231251,0.878327,-0.735647,0.653452,0.178391,-0.532692,-0.720779,0.443526,0.006524,-0.000727,0.006534,-0.032628,-0.0191,0.03586,-0.888588,0.073351,0.050496,-0.044162,0.42776,-0.290878,-0.855809,0.765072,0.620703,0.171437,0.481336,-0.72809,0.488055,0.026255,-0.005791,0.011318,0.180652,0.955365,0.437447,-0.98907
1185,0.145849,0.023869,0.362057,-0.331562,0.367824,-0.868802,-0.841917,-0.530885,0.096481,-0.425341,0.76299,0.486783,0.03932,-0.013676,0.021567,0.157082,0.946775,0.402731,-1.015162,-0.17206,0.031793,0.375515,-0.440631,-0.265454,0.857537,0.747386,-0.637532,0.186816,0.497645,0.723553,0.478208,0.013031,0.001136,0.014557,-0.030824,-0.032842,0.061175,-0.76407,0.041353,0.060345,0.006161,0.419329,0.231009,0.87795,-0.735766,0.652985,0.179603,-0.531799,-0.721279,0.443784,0.006507,0.000698,0.007343,-0.030837,-0.032872,0.061158,-0.89757,0.073776,0.050423,-0.043972,0.432927,-0.306159,-0.847844,0.765617,0.621357,0.166566,0.475819,-0.721235,0.503403,0.019621,-0.00705,0.010611,0.105579,0.834623,0.349322,-0.992662
1186,0.146869,0.023368,0.362881,-0.341473,0.385837,-0.857071,-0.841181,-0.53223,0.09548,-0.418902,0.753076,0.507371,0.01377,-0.011431,0.023565,0.001713,0.489684,-0.161438,-1.044295,-0.171528,0.031614,0.37622,-0.442167,-0.265079,0.856862,0.747659,-0.636561,0.189022,0.49587,0.724544,0.478551,0.013024,4e-05,0.013922,-0.032612,-0.019148,0.035884,-0.728271,0.041614,0.060261,0.006512,0.420849,0.230616,0.877326,-0.736135,0.651978,0.18174,-0.530085,-0.722316,0.444149,0.006929,-0.005297,0.011328,-0.069049,-0.009412,0.017181,-0.901815,0.07428,0.050169,-0.043574,0.443724,-0.324627,-0.835299,0.765155,0.622462,0.164552,0.466524,-0.712149,0.524592,0.013286,-0.006041,0.011414,0.009183,0.507422,-0.112471,-1.011768
1187,0.147282,0.023172,0.363989,-0.353085,0.390241,-0.850346,-0.83907,-0.534113,0.103226,-0.413467,0.749461,0.517088,0.002093,-0.001482,0.030312,-0.059224,0.150138,-0.129211,-1.006809,-0.170935,0.03144,0.376868,-0.443699,-0.264705,0.856186,0.747862,-0.635683,0.191164,0.494193,0.725451,0.478912,0.013891,-0.012338,0.021689,-0.069055,-0.00954,0.017156,-0.708965,0.04191,0.060183,0.006835,0.422406,0.230213,0.876683,-0.736411,0.651074,0.18385,-0.528462,-0.723259,0.444549,0.006507,-0.001086,0.00632,-0.0326,-0.019171,0.035825,-0.903285,0.07449,0.050057,-0.043029,0.455341,-0.32783,-0.827762,0.762327,0.62384,0.172278,0.459914,-0.709471,0.533974,0.001077,-0.000358,0.015398,-0.076859,0.219574,-0.316013,-1.014053
1188,0.147301,0.023056,0.364652,-0.357757,0.392518,-0.84734,-0.838428,-0.534512,0.106327,-0.410741,0.747984,0.521381,0.001922,-0.002847,0.029393,0.003094,0.359882,-0.012812,-0.983134,-0.17064,0.031355,0.377166,-0.444318,-0.264555,0.855911,0.747998,-0.635245,0.192084,0.49343,0.725889,0.479035,0.013016,-0.001094,0.013268,-0.032611,-0.019205,0.035855,-0.708188,0.042058,0.060134,0.006986,0.423016,0.230056,0.87643,-0.736609,0.650594,0.184753,-0.527697,-0.72374,0.444673,0.0065,-0.000677,0.006553,-0.032598,-0.019201,0.035822,-0.901652,0.074504,0.050012,-0.042707,0.459809,-0.328022,-0.825213,0.761265,0.624066,0.176111,0.45722,-0.709183,0.536663,0.000934,-0.001501,0.014642,0.10641,0.607351,0.109435,-1.00197
1189,0.147169,0.022601,0.36586,-0.355829,0.395094,-0.846954,-0.839628,-0.533083,0.104012,-0.409967,0.747645,0.522476,-0.011433,-0.006609,0.027207,-0.066868,0.026726,-0.008232,-0.967552,-0.170216,0.031353,0.377733,-0.445714,-0.266895,0.854458,0.748243,-0.634948,0.192114,0.491797,0.725296,0.481606,-0.00016,0.012483,0.007012,0.001971,-0.014017,0.025107,-0.706882,0.042275,0.060127,0.007271,0.424555,0.232462,0.87505,-0.736867,0.650301,0.184755,-0.526098,-0.723235,0.447382,-9.1e-05,0.00642,0.003599,-0.001492,-0.006738,0.029014,-0.897733,0.07444,0.049788,-0.042084,0.458462,-0.332243,-0.824273,0.762835,0.622967,0.173188,0.455954,-0.708185,0.539053,-0.005817,-0.003942,0.013192,-0.082479,0.016503,-0.052505,-0.980416
1190,0.146677,0.022605,0.366951,-0.359671,0.390849,-0.847301,-0.834052,-0.541753,0.104081,-0.417908,0.743641,0.521898,-0.023331,0.001014,0.032347,-0.07143,0.029552,-0.044342,-0.937917,-0.169671,0.03184,0.378364,-0.448604,-0.274186,0.850628,0.747945,-0.636064,0.189562,0.489618,0.721597,0.48932,0.025004,0.012072,0.019698,0.120731,-0.412852,-0.115015,-0.70612,0.042538,0.060359,0.007576,0.427551,0.238294,0.872018,-0.736424,0.651271,0.183097,-0.52429,-0.720458,0.453937,0.006373,0.006279,0.010413,0.227343,-0.634437,-0.272928,-0.896263,0.074197,0.049775,-0.041548,0.461845,-0.327251,-0.824381,0.756232,0.630963,0.173195,0.463476,-0.703414,0.538886,-0.005267,0.000339,0.015932,-0.069939,0.013444,-0.016432,-0.966863
1191,0.146071,0.022737,0.368171,-0.359265,0.391063,-0.847375,-0.835266,-0.539703,0.104996,-0.415831,0.745017,0.521595,-0.02328,0.000974,0.032234,-0.066397,-0.066584,0.129695,-0.901067,-0.169017,0.032583,0.379259,-0.451615,-0.278752,0.847545,0.747527,-0.636709,0.189046,0.487486,0.719281,0.494829,0.012532,0.022004,0.025936,0.099954,-0.358313,-0.088679,-0.706287,0.04287,0.060722,0.008018,0.430827,0.24327,0.869026,-0.73598,0.65198,0.182357,-0.522226,-0.718151,0.459932,0.006243,0.011668,0.013328,0.18355,-0.54002,-0.187278,-0.895936,0.073895,0.049849,-0.040933,0.46162,-0.327444,-0.82443,0.757518,0.629118,0.174283,0.461597,-0.704974,0.538459,-0.005284,6.7e-05,0.015719,-0.0696,0.014769,-0.015338,-0.942369
1192,0.145688,0.022687,0.368801,-0.359353,0.393751,-0.846092,-0.836011,-0.538678,0.104321,-0.414255,0.744339,0.523812,-0.023595,-0.001658,0.030528,-0.066288,0.063186,-0.058882,-0.878306,-0.168689,0.033021,0.379806,-0.45242,-0.278553,0.847181,0.747524,-0.636403,0.190086,0.486743,0.719628,0.495055,0.012441,0.024073,0.026966,-0.027141,-0.050886,0.084027,-0.706287,0.043034,0.060945,0.008294,0.431757,0.244325,0.868268,-0.73607,0.65181,0.182605,-0.521331,-0.717947,0.461264,0.01228,0.012942,0.013539,-0.047726,0.038491,-0.023327,-0.896426,0.073704,0.04983,-0.040614,0.461817,-0.330436,-0.823125,0.758471,0.628228,0.173346,0.459832,-0.704372,0.540753,-0.011735,-0.00019,0.015681,-0.0781,0.024078,-0.044807,-0.926856
1193,0.144725,0.022822,0.369979,-0.361249,0.398843,-0.842893,-0.836704,-0.537639,0.104133,-0.411198,0.742373,0.528986,-0.022837,0.012627,0.023992,0.046597,0.288925,0.120873,-0.792158,-0.168248,0.033775,0.380778,-0.453635,-0.280913,0.845751,0.747835,-0.636069,0.189984,0.485132,0.719009,0.497529,0.012524,0.01555,0.022144,-0.030633,-0.033276,0.060937,-0.692194,0.043259,0.061352,0.008801,0.433126,0.246487,0.866974,-0.736373,0.651449,0.182667,-0.519765,-0.717535,0.463666,0.006253,0.007567,0.010952,-0.034219,-0.025469,0.065131,-0.892181,0.073221,0.049884,-0.040028,0.464069,-0.334307,-0.820291,0.759136,0.627294,0.17382,0.456455,-0.703377,0.544893,-0.011521,0.001198,0.016522,0.071236,0.446706,0.171972,-0.881135
1194,0.14397,0.022998,0.371153,-0.36207,0.401486,-0.841284,-0.837575,-0.536205,0.104517,-0.408696,0.741981,0.531468,-0.010217,0.001663,0.032181,0.023469,0.325081,0.151485,-0.726791,-0.168029,0.034182,0.381583,-0.45449,-0.280717,0.845356,0.748126,-0.635305,0.191386,0.48388,0.71976,0.497662,0.000538,0.00727,0.018443,-0.032864,-0.017595,0.031957,-0.678997,0.043368,0.061557,0.009199,0.433957,0.246205,0.866639,-0.736724,0.650661,0.184056,-0.518573,-0.718346,0.463745,0.000269,0.003024,0.008888,-0.034566,-0.003993,0.006676,-0.879281,0.072836,0.049978,-0.039432,0.465067,-0.33666,-0.818762,0.760147,0.625905,0.174412,0.45375,-0.703492,0.546999,-0.005114,0.000916,0.016157,0.080506,0.443392,0.203871,-0.821044
