frame,MLTx,MLTy,MLTz,MLTR1,MLTR2,MLTR3,MLTR4,MLTR5,MLTR6,MLTR7,MLTR8,MLTR9,MLTTVx,MLTTVy,MLTTVz,MLTRVx,MLTRVy,MLTRVz,MLGA,MRTx,MRTy,MRTz,MRTR1,MRTR2,MRTR3,MRTR4,MRTR5,MRTR6,MRTR7,MRTR8,MRTR9,MRTTVx,MRTTVy,MRTTVz,MRTRVx,MRTRVy,MRTRVz,MRGA,SLTx,SLTy,SLTz,SLTR1,SLTR2,SLTR3,SLTR4,SLTR5,SLTR6,SLTR7,SLTR8,SLTR9,SLTTVx,SLTTVy,SLTTVz,SLTRVx,SLTRVy,SLTRVz,SLGA,SRTx,SRTy,SRTz,SRTR1,SRTR2,SRTR3,SRTR4,SRTR5,SRTR6,SRTR7,SRTR8,SRTR9,SRTTVx,SRTTVy,SRTTVz,SRTRVx,SRTRVy,SRTRVz,SRGA
104,0.081422,0.019309,0.424531,-0.460322,0.276361,-0.843666,-0.432504,-0.899697,-0.058795,-0.774726,0.337475,0.53473,1.5e-05,-0.007099,0.011241,-0.034907,0.016951,-0.016305,0.471733,-0.081827,-0.015891,0.37615,0.363084,-0.374077,0.853363,0.797996,0.597613,-0.077425,-0.481477,0.709532,0.5144,0.022372,0.02487,0.016317,-1.251551,-1.336266,-0.93203,-1.403357,0.038585,0.035864,-0.02095,-0.361022,0.398095,0.843316,-0.824251,-0.559204,-0.088883,0.436202,-0.727193,0.530016,0.00433,0.010961,0.00789,0.172924,-1.840333,-0.311975,-0.799758,0.086647,0.039911,-0.049805,-0.509709,0.25218,-0.822557,-0.371495,-0.926865,-0.053957,-0.776007,0.278074,0.566115,-0.000152,-0.004011,0.005392,-0.034928,0.016958,-0.016311,0.453602
105,0.081418,0.019051,0.424913,-0.461295,0.275765,-0.843329,-0.433022,-0.899541,-0.057349,-0.773857,0.338377,0.535418,1.9e-05,-0.00709,0.01125,-0.033339,0.006349,0.010447,0.467957,-0.081227,-0.015136,0.376692,0.400937,-0.39749,0.825374,0.77909,0.621884,-0.078823,-0.482462,0.675114,0.557955,0.023848,0.018967,0.011514,0.161606,-1.302095,-0.046018,-1.403785,0.038886,0.036259,-0.020666,-0.399029,0.420639,0.814762,-0.803104,-0.589127,-0.08917,0.44249,-0.689921,0.572897,0.005077,0.008044,0.005515,0.059709,-0.744952,0.142408,-0.804167,0.086645,0.039779,-0.04961,-0.510639,0.251508,-0.822186,-0.371984,-0.926754,-0.052466,-0.775161,0.279048,0.566794,-0.000236,-0.004274,0.005261,-0.034942,0.01692,-0.016332,0.449683
106,0.081414,0.018842,0.425219,-0.461956,0.275412,-0.843083,-0.433506,-0.899372,-0.056329,-0.773191,0.339112,0.535915,-0.000122,-0.007519,0.01104,-0.033338,0.006354,0.010449,0.465671,-0.080762,-0.014775,0.377156,0.420122,-0.407981,0.81058,0.762725,0.642684,-0.071702,-0.492224,0.648858,0.580139,0.013065,0.002004,0.017182,0.03726,-0.531093,0.459673,-1.403785,0.039124,0.036443,-0.020439,-0.419125,0.432493,0.7983,-0.787455,-0.610825,-0.082506,0.451938,-0.663206,0.596581,0.005703,0.005641,0.00358,0.061136,-0.447215,0.30109,-0.808413,0.086643,0.039675,-0.049457,-0.511264,0.251108,-0.82192,-0.37244,-0.926629,-0.051427,-0.774529,0.279823,0.567275,5.1e-05,0.000173,8.6e-05,-1.4e-05,-4e-06,-5e-06,0.445438
107,0.081402,0.018754,0.425342,-0.462274,0.275219,-0.842972,-0.433674,-0.899321,-0.055858,-0.772907,0.339406,0.536139,0.000205,0.000625,0.000311,0.0,0.0,0.0,0.46532,-0.080505,-0.014681,0.377402,0.42676,-0.414346,0.803856,0.758101,0.648527,-0.068044,-0.493666,0.638935,0.589846,0.02509,0.014083,0.007576,0.071578,-0.507871,0.530231,-1.403544,0.039248,0.036483,-0.020313,-0.425374,0.439045,0.791388,-0.783135,-0.616846,-0.078725,0.453602,-0.653252,0.606222,0.006713,0.00029,0.008018,0.022574,-0.39422,0.302976,-0.80482,0.086638,0.03963,-0.049391,-0.511564,0.250902,-0.821796,-0.372617,-0.926585,-0.050942,-0.774246,0.280155,0.567498,-0.000266,-0.004375,0.005214,-0.034941,0.016899,-0.016342,0.444295
108,0.081329,0.018647,0.425546,-0.464552,0.276663,-0.841245,-0.433964,-0.899164,-0.056131,-0.771375,0.338645,0.538819,-0.011754,0.003757,0.00227,0.009056,0.070775,-0.00813,0.464951,-0.079625,-0.014643,0.377915,0.44318,-0.423291,0.790194,0.751903,0.655448,-0.070449,-0.48867,0.625875,0.607737,0.014618,-0.003819,0.012536,0.198316,-0.43207,0.034906,-1.403359,0.039691,0.036512,-0.020056,-0.440589,0.448708,0.777522,-0.777387,-0.62385,-0.080489,0.448941,-0.639899,0.623682,0.014972,-0.005144,0.011473,0.563358,-0.23065,-0.450527,-0.80776,0.086605,0.039575,-0.04929,-0.514031,0.252359,-0.819808,-0.372947,-0.926431,-0.051337,-0.772451,0.279356,0.570331,0.000145,0.000452,0.000226,0.006888,0.040909,0.015956,0.442662
109,0.081194,0.018632,0.425643,-0.466794,0.274739,-0.840635,-0.434086,-0.899299,-0.052933,-0.76995,0.339852,0.540096,4.4e-05,0.000134,6.7e-05,2e-06,1e-05,4e-06,0.465927,-0.078867,-0.014868,0.378646,0.467016,-0.427986,0.773767,0.742102,0.665487,-0.079662,-0.481426,0.611928,0.627404,0.013712,-0.000494,0.015168,0.130525,-0.847787,-0.112972,-1.403414,0.040079,0.036387,-0.019695,-0.463035,0.454066,0.761197,-0.768081,-0.634144,-0.088946,0.442322,-0.625847,0.642391,0.006833,-0.000206,0.007605,0.157649,-0.976311,-0.160184,-0.811352,0.086534,0.039569,-0.04924,-0.515957,0.250096,-0.819291,-0.372922,-0.926619,-0.048007,-0.771178,0.280762,0.571362,-0.005989,0.001547,0.000972,-0.001153,0.013185,-0.029927,0.442825
110,0.081111,0.018652,0.425645,-0.466956,0.274585,-0.840595,-0.433975,-0.899362,-0.052768,-0.769914,0.33981,0.540174,-0.012118,0.00265,0.001719,-0.000984,0.014715,-0.029553,0.465465,-0.078547,-0.015009,0.379133,0.480911,-0.430387,0.763861,0.734084,0.67401,-0.082252,-0.480056,0.600807,0.639093,0.014792,-0.007644,0.026868,-0.026335,-0.780458,-0.206793,-1.403131,0.040234,0.036316,-0.019464,-0.476653,0.456979,0.75098,-0.760442,-0.642937,-0.091426,0.441053,-0.614656,0.653964,0.007345,-0.003677,0.013531,-0.241554,-0.997491,-0.535119,-0.813148,0.086497,0.039578,-0.04924,-0.516083,0.249942,-0.81926,-0.372811,-0.926671,-0.047863,-0.771148,0.280728,0.57142,-8.4e-05,-0.000252,-0.000124,-2.8e-05,-0.000228,-5.8e-05,0.443478
111,0.080936,0.018694,0.425649,-0.467402,0.274154,-0.840488,-0.433685,-0.89953,-0.0523,-0.769807,0.339716,0.540387,-0.012202,0.002397,0.001593,-0.000984,0.014715,-0.029553,0.466119,-0.077945,-0.015477,0.380448,0.503576,-0.445807,0.740039,0.731757,0.675428,-0.090901,-0.459955,0.587838,0.665395,0.016405,-0.016731,0.037035,0.079186,-0.891254,-0.175293,-1.403671,0.040539,0.036084,-0.018792,-0.498611,0.473442,0.726112,-0.757925,-0.644605,-0.100159,0.420636,-0.600279,0.680242,0.008174,-0.008339,0.018527,0.093064,-0.945589,-0.196696,-0.808249,0.086404,0.0396,-0.049237,-0.516509,0.249461,-0.819138,-0.372482,-0.926828,-0.047389,-0.771022,0.280637,0.571635,-0.006112,0.001168,0.000783,-0.000987,0.014714,-0.029556,0.443968
112,0.080817,0.018729,0.425649,-0.467724,0.273835,-0.840412,-0.433462,-0.899657,-0.051963,-0.769736,0.339637,0.540536,-1e-06,-2e-06,-1e-06,0.0,0.0,0.0,0.465546,-0.077482,-0.016623,0.382098,0.518214,-0.456809,0.723029,0.729227,0.677689,-0.094333,-0.447552,0.576685,0.683371,0.005923,-0.034334,0.042343,-0.062145,-0.384432,-0.043499,-1.403412,0.040767,0.035531,-0.017978,-0.51283,0.484982,0.708376,-0.755361,-0.647023,-0.103868,0.407963,-0.588347,0.69815,0.00288,-0.016971,0.021317,-0.056669,-0.415432,-0.025719,-0.805637,0.086345,0.039616,-0.049238,-0.516805,0.24912,-0.819054,-0.372238,-0.926942,-0.047061,-0.770941,0.280562,0.571781,3e-06,1.3e-05,1.1e-05,-3e-06,-6e-06,-3e-06,0.443968
113,0.080788,0.018729,0.425649,-0.467793,0.273772,-0.840395,-0.433424,-0.899679,-0.051888,-0.769716,0.339629,0.540571,-0.000136,-0.000412,-0.000205,0.0,0.0,0.0,0.4604,-0.077363,-0.018056,0.383797,0.518958,-0.455585,0.723268,0.72874,0.678031,-0.095636,-0.447484,0.577252,0.682937,0.006004,-0.03465,0.042144,1.608693,1.358079,-1.540973,-1.403502,0.04083,0.034798,-0.017115,-0.513518,0.484484,0.708218,-0.754859,-0.647528,-0.10437,0.408026,-0.588202,0.698235,0.002949,-0.017354,0.021012,1.578558,1.469204,-1.493034,-0.805474,0.086331,0.039617,-0.049237,-0.516869,0.249052,-0.819035,-0.372196,-0.926963,-0.046989,-0.770918,0.280555,0.571815,-9.1e-05,-0.000264,-0.000127,-8e-06,-6e-06,-7e-06,0.440702
114,0.080792,0.018711,0.42564,-0.467805,0.273757,-0.840393,-0.433417,-0.899684,-0.051872,-0.769713,0.339629,0.540575,-0.000561,-0.0017,-0.000846,-0.001596,0.010524,-0.026781,0.456469,-0.077336,-0.018765,0.384605,0.513367,-0.454826,0.727722,0.732738,0.673701,-0.095685,-0.447396,0.582896,0.678183,-0.00736,-0.038741,0.040755,1.107263,0.476315,1.058823,-1.402872,0.040846,0.034459,-0.016726,-0.509774,0.482571,0.712218,-0.757464,-0.644275,-0.105625,0.407893,-0.593324,0.693965,0.003042,-0.017622,0.020832,4.355619,0.329833,3.522027,-0.807106,0.086334,0.039611,-0.04924,-0.516866,0.249053,-0.819036,-0.372198,-0.926962,-0.04699,-0.77092,0.280556,0.571812,-3.7e-05,-0.000105,-5e-05,-8e-06,-7e-06,-1.1e-05,0.43662
115,0.080786,0.018684,0.425582,-0.46783,0.273692,-0.8404,-0.43331,-0.899736,-0.051866,-0.769758,0.339544,0.540565,-0.000638,-0.001935,-0.000964,0.0,0.0,0.0,0.446255,-0.077593,-0.020341,0.386065,0.505177,-0.458323,0.731252,0.744741,0.659631,-0.100905,-0.436748,0.596118,0.673616,-0.021745,-0.036117,0.027307,-0.107468,0.106807,-0.303195,-1.402704,0.040722,0.033672,-0.015989,-0.499154,0.486036,0.717365,-0.770242,-0.628128,-0.110371,0.396953,-0.607637,0.687899,-0.003137,-0.021519,0.018716,-0.107934,-0.005346,-0.096052,-0.811679,0.08633,0.039597,-0.04927,-0.5169,0.24897,-0.81904,-0.372078,-0.927011,-0.046971,-0.770954,0.280467,0.571809,-0.000373,-0.00113,-0.000561,-0.001593,0.010533,-0.026778,0.42568
116,0.080745,0.018614,0.425559,-0.468014,0.273515,-0.840355,-0.433228,-0.899787,-0.051646,-0.769691,0.339549,0.540655,-0.000637,-0.00193,-0.000962,0.0,0.0,0.0,0.437674,-0.077958,-0.021704,0.387364,0.497268,-0.46674,0.731348,0.755908,0.646783,-0.101038,-0.426495,0.603635,0.673492,0.00449,-0.026051,0.031644,0.258731,-0.048244,0.264967,-1.402522,0.040532,0.032978,-0.015349,-0.491346,0.493805,0.71745,-0.780448,-0.615287,-0.111001,0.386625,-0.614473,0.687708,-0.004679,-0.014346,0.015692,1.121473,-0.161799,1.053896,-0.812332,0.086309,0.03956,-0.049282,-0.51707,0.24878,-0.818991,-0.371984,-0.92706,-0.046755,-0.770886,0.280476,0.571897,-0.000398,-0.001208,-0.0006,0.0,6e-06,3e-06,0.415392
117,0.080714,0.018574,0.425551,-0.468139,0.273398,-0.840323,-0.433181,-0.899819,-0.051496,-0.769642,0.339559,0.54072,-0.000628,-0.001903,-0.000949,0.0,0.0,0.0,0.436747,-0.07813,-0.022169,0.387968,0.495124,-0.469237,0.731205,0.758544,0.643799,-0.100333,-0.424296,0.604891,0.673752,0.003337,-0.021819,0.034972,-0.103918,-0.008661,-0.043267,-1.402673,0.040449,0.03273,-0.015039,-0.48887,0.496437,0.717325,-0.783246,-0.611837,-0.110365,0.384097,-0.615796,0.687941,0.00158,-0.010666,0.017683,-0.104454,-0.008711,-0.04353,-0.812332,0.086293,0.039539,-0.049287,-0.517186,0.248655,-0.818955,-0.371929,-0.927089,-0.046607,-0.770835,0.280489,0.57196,-0.000325,-0.000985,-0.00049,-5e-06,-6e-06,-1e-06,0.41131
118,0.080647,0.018549,0.42554,-0.468322,0.273224,-0.840278,-0.43308,-0.899879,-0.051294,-0.769588,0.33954,0.540809,-4e-05,-0.000121,-6.1e-05,0.0,0.0,0.0,0.439109,-0.078636,-0.022774,0.388987,0.487368,-0.477676,0.730951,0.768337,0.632302,-0.098929,-0.415543,0.610406,0.674234,-0.013986,-0.00508,0.015153,-0.018649,-0.068676,0.168243,-1.402658,0.0402,0.032435,-0.014531,-0.480835,0.504429,0.71718,-0.792519,-0.599961,-0.109364,0.375114,-0.620965,0.688252,-0.006145,-0.007331,0.01251,-0.038784,0.001333,-0.018834,-0.817067,0.086259,0.039524,-0.049293,-0.517354,0.248468,-0.818906,-0.371817,-0.927144,-0.04641,-0.770776,0.280473,0.572047,-3e-06,-1.4e-05,-5e-06,2e-06,1.8e-05,6e-06,0.410004
119,0.080542,0.018584,0.425561,-0.468626,0.272939,-0.840201,-0.432912,-0.899979,-0.050962,-0.769497,0.339506,0.54096,-0.000436,-0.008459,0.010577,-0.034911,0.01695,-0.016298,0.44322,-0.079119,-0.023311,0.389873,0.485036,-0.480387,0.730725,0.770794,0.629507,-0.09763,-0.413711,0.61117,0.674668,-0.012401,-0.014094,0.025441,-0.063569,-0.066228,0.136047,-1.402379,0.039963,0.032172,-0.014097,-0.478356,0.507065,0.716979,-0.794919,-0.596998,-0.108145,0.373199,-0.621673,0.688654,-0.00617,-0.007227,0.012589,-0.071449,0.006014,-0.049556,-0.812495,0.086206,0.039544,-0.049287,-0.517621,0.248169,-0.818828,-0.371616,-0.92724,-0.046111,-0.770694,0.280422,0.572182,-0.005783,0.002174,0.001285,-0.000988,0.01472,-0.029546,0.412453
120,0.080305,0.018661,0.425619,-0.469289,0.272329,-0.840029,-0.432569,-0.900184,-0.050235,-0.769284,0.339452,0.541295,-0.011938,0.00322,0.002003,-0.000984,0.014715,-0.029553,0.449807,-0.07939,-0.023593,0.390768,0.483386,-0.483801,0.729566,0.770737,0.63035,-0.0925,-0.415744,0.607599,0.676642,0.000424,-0.00782,0.02854,-0.068939,-0.009231,-0.019862,-1.402595,0.039818,0.032025,-0.013647,-0.476476,0.510485,0.715804,-0.795028,-0.59778,-0.102897,0.375366,-0.618112,0.690678,-0.000713,0.001058,0.00948,-0.031249,-0.019072,0.028216,-0.809066,0.086089,0.039583,-0.049253,-0.518247,0.247505,-0.818632,-0.371247,-0.927424,-0.045374,-0.77045,0.2804,0.572521,-0.005972,0.0016,0.001001,-0.000994,0.014712,-0.029558,0.418332
121,0.080146,0.018716,0.425641,-0.469789,0.271847,-0.839907,-0.432269,-0.900359,-0.049693,-0.769148,0.339377,0.541536,-0.011949,0.003184,0.001985,-0.000984,0.014715,-0.029553,0.452436,-0.07949,-0.023619,0.391173,0.48147,-0.487793,0.728173,0.770659,0.631297,-0.086507,-0.418106,0.60341,0.678931,-0.015059,-0.000933,0.01832,-0.035322,-0.005225,0.001507,-1.402586,0.039773,0.03201,-0.01344,-0.474358,0.514408,0.7144,-0.795091,-0.598709,-0.096832,0.377907,-0.613946,0.693004,-0.000583,0.00058,0.009101,-0.029183,-0.006915,-0.001416,-0.80531,0.086014,0.039609,-0.049242,-0.518691,0.247006,-0.818502,-0.370926,-0.927577,-0.044864,-0.770307,0.280333,0.572747,-0.005976,0.001595,0.000998,-0.001004,0.014705,-0.029566,0.421434
122,0.07976,0.018821,0.425696,-0.470551,0.271156,-0.839703,-0.431831,-0.900612,-0.0489,-0.768928,0.339257,0.541924,-0.011998,0.003038,0.001912,-0.000984,0.014715,-0.029553,0.459187,-0.07961,-0.023411,0.391754,0.477235,-0.496143,0.725314,0.771076,0.632298,-0.07467,-0.422172,0.595505,0.68338,-0.003086,0.011604,0.008953,-0.002265,-0.0234,0.058083,-1.402923,0.039708,0.032112,-0.013144,-0.469737,0.522524,0.711558,-0.795751,-0.59963,-0.084986,0.382265,-0.606145,0.697467,-0.000563,0.000531,0.009045,-0.041845,-0.014751,0.011406,-0.805474,0.085825,0.03966,-0.049216,-0.519379,0.246279,-0.818285,-0.370452,-0.927803,-0.044109,-0.770071,0.280226,0.573116,-4e-06,-8e-06,0.0,-2.4e-05,-6e-06,1e-05,0.429435
123,0.079334,0.018914,0.425767,-0.471531,0.270265,-0.839441,-0.431314,-0.900917,-0.047844,-0.768616,0.339161,0.542426,-0.011995,0.003047,0.001916,-0.000984,0.014715,-0.029553,0.468654,-0.079572,-0.022983,0.392053,0.47402,-0.501257,0.723905,0.773008,0.630536,-0.069409,-0.422257,0.593089,0.685425,-0.002693,0.010116,0.007777,0.008304,-0.081863,0.212307,-1.402472,0.039725,0.032333,-0.012989,-0.46629,0.527455,0.710186,-0.797722,-0.597716,-0.07984,0.382378,-0.60376,0.699471,-0.00135,0.005051,0.003883,0.00937,-0.081197,0.21115,-0.80678,0.085603,0.039709,-0.049179,-0.520319,0.245285,-0.817987,-0.369854,-0.928092,-0.043039,-0.769724,0.280142,0.573623,-0.005996,0.001527,0.000966,-0.001007,0.014737,-0.029532,0.439723
124,0.079136,0.018964,0.425799,-0.471826,0.270015,-0.839355,-0.431155,-0.901009,-0.047546,-0.768524,0.339117,0.542584,-0.011992,0.003056,0.001921,-0.000984,0.014715,-0.029553,0.473022,-0.079473,-0.022677,0.392125,0.468232,-0.50676,0.72384,0.775037,0.628924,-0.060882,-0.424981,0.590121,0.686303,0.011058,0.012677,0.008004,-0.066422,0.204308,0.165011,-1.402684,0.03977,0.032482,-0.012955,-0.460784,0.532962,0.709668,-0.799756,-0.596032,-0.071657,0.384795,-0.60058,0.700882,-0.002114,0.009472,-0.001342,-0.09376,0.269597,0.430382,-0.802044,0.085509,0.039733,-0.049163,-0.520576,0.245031,-0.817899,-0.369689,-0.92817,-0.042767,-0.76963,0.280105,0.573768,-0.005994,0.001531,0.000966,-0.001013,0.014712,-0.029528,0.446091
125,0.078792,0.019044,0.425851,-0.470923,0.272176,-0.839165,-0.436099,-0.898665,-0.046807,-0.766288,0.343573,0.542944,-0.01199,0.003065,0.001925,-0.000984,0.014715,-0.029553,0.481718,-0.079414,-0.022227,0.392319,0.463414,-0.514007,0.721828,0.778248,0.625578,-0.054008,-0.424387,0.58741,0.688991,-0.002137,0.008001,0.006119,0.008303,-0.081939,0.212278,-1.402763,0.039805,0.032707,-0.012859,-0.455204,0.539567,0.708276,-0.802969,-0.592497,-0.064697,0.384744,-0.598175,0.702964,-0.000982,0.003663,0.002801,0.010545,-0.084147,0.209716,-0.800248,0.085337,0.039772,-0.049138,-0.519811,0.247259,-0.817715,-0.374769,-0.926174,-0.041819,-0.767687,0.284716,0.5741,-0.005993,0.001539,0.000971,-0.000823,0.014785,-0.029588,0.458501
126,0.078591,0.019087,0.425879,-0.471337,0.271806,-0.839052,-0.435873,-0.898797,-0.046371,-0.766162,0.343521,0.543155,-0.01199,0.003065,0.001926,-0.000984,0.014715,-0.029553,0.486347,-0.079573,-0.022156,0.392596,0.46091,-0.517547,0.720902,0.78004,0.623606,-0.050864,-0.423818,0.586401,0.690199,-0.012874,-0.008889,0.012109,-0.029783,-0.055785,0.132803,-1.402698,0.039728,0.032756,-0.012717,-0.452508,0.543049,0.707342,-0.804782,-0.590364,-0.061602,0.384137,-0.597132,0.704181,0.000327,-0.002791,0.006466,-0.026646,-0.08142,0.188805,-0.798289,0.085236,0.039794,-0.049124,-0.520195,0.246858,-0.817592,-0.374513,-0.926297,-0.041394,-0.767552,0.284666,0.574306,1e-06,6e-06,9e-06,8.2e-05,1.9e-05,-4.5e-05,0.466666
127,0.078569,0.01907,0.425894,-0.471418,0.271745,-0.839026,-0.435874,-0.898802,-0.046267,-0.766111,0.343555,0.543204,-0.000265,-0.000787,-0.000393,0.0,0.0,0.0,0.48864,-0.079573,-0.022427,0.392987,0.466151,-0.52089,0.715101,0.780155,0.623157,-0.054481,-0.417832,0.583916,0.695933,0.001641,-0.009266,0.010114,-0.019421,-0.062678,-0.048299,-1.40275,0.039723,0.03262,-0.012521,-0.457804,0.546855,0.700974,-0.804823,-0.589896,-0.065429,0.377722,-0.594114,0.710178,0.000867,-0.00483,0.004908,-0.026971,-0.090557,0.155015,-0.798942,0.085217,0.03979,-0.049114,-0.520305,0.246756,-0.817553,-0.374485,-0.926314,-0.041253,-0.767491,0.284698,0.574373,-0.000212,-0.00062,-0.000303,5e-05,-1.4e-05,-6.1e-05,0.471401
128,0.078596,0.019063,0.425889,-0.471364,0.271793,-0.839041,-0.435903,-0.898785,-0.046324,-0.766128,0.343562,0.543176,-5e-06,-1.4e-05,-7e-06,0.0,0.0,0.0,0.489807,-0.079523,-0.022657,0.393261,0.470043,-0.522371,0.711463,0.780082,0.622946,-0.057836,-0.413587,0.582816,0.699382,0.001324,-0.008074,0.011025,0.003087,-0.126777,0.122316,-1.402924,0.03975,0.032497,-0.012384,-0.461665,0.548465,0.697173,-0.80464,-0.589755,-0.068869,0.373389,-0.592768,0.713586,0.000663,-0.004068,0.005489,-0.019922,-0.060704,0.151191,-0.798942,0.085235,0.039783,-0.049118,-0.520238,0.246825,-0.817575,-0.374528,-0.926293,-0.041327,-0.767515,0.284705,0.574336,-1e-06,3e-06,4e-06,5e-05,5e-06,-4.2e-05,0.472544
1016,0.064672,0.019771,0.397281,-0.60649,-0.241333,-0.757611,-0.240198,-0.852716,0.463844,-0.757218,0.463589,0.460145,0.053418,0.024337,-0.047596,-1.120104,0.644542,0.923514,0.237817,-0.086343,0.008776,0.383169,0.217812,0.44451,0.868885,-0.867062,0.496783,-0.03666,-0.448189,-0.74594,0.492507,-0.007138,-0.027598,-0.001165,0.071186,-0.642609,-0.426965,-1.406575,0.03634,0.048229,-0.017426,-0.253764,-0.424929,0.868929,0.845595,-0.53364,-0.014015,0.469651,0.731206,0.494737,-0.003614,-0.013635,-0.000467,0.085379,-0.768827,-0.241789,-0.769876,0.078251,0.040128,-0.063403,-0.616353,-0.276169,-0.737454,-0.162177,-0.871893,0.46206,-0.770589,0.40439,0.492606,0.026598,0.011881,-0.024004,-4.070976,2.542679,2.477084,0.137145
1017,0.066969,0.020719,0.395364,-0.614902,-0.226216,-0.755491,-0.260245,-0.846124,0.465101,-0.743692,0.482882,0.462358,0.053755,0.025738,-0.046665,0.081661,0.075021,-0.20845,0.216891,-0.086866,0.007913,0.383167,0.228396,0.45911,0.858513,-0.867141,0.496776,-0.034838,-0.442743,-0.737062,0.510473,-0.023936,-0.012619,-0.005836,0.040194,-0.493515,-0.044999,-1.406224,0.036089,0.047777,-0.017436,-0.264668,-0.440359,0.857924,0.84573,-0.533454,-0.012907,0.463347,0.722156,0.513613,-0.004748,-0.009388,0.0024,-0.049222,-0.806956,0.261432,-0.76759,0.079399,0.0406,-0.064363,-0.626009,-0.26039,-0.735057,-0.184312,-0.866492,0.463918,-0.757721,0.425896,0.494439,0.033084,0.011117,-0.024455,-0.048676,0.30868,-0.555556,0.109712
1018,0.069302,0.021616,0.393547,-0.623613,-0.225354,-0.748577,-0.262309,-0.841739,0.471849,-0.735669,0.490886,0.466744,0.066266,0.023302,-0.048124,-0.237185,0.171234,0.262365,0.213849,-0.087338,0.007384,0.383207,0.241362,0.477961,0.844564,-0.86592,0.498908,-0.034744,-0.438243,-0.72353,0.533208,-0.009917,-0.017238,0.005828,0.025607,-0.359268,-0.009634,-1.406031,0.035852,0.04752,-0.017417,-0.277964,-0.459657,0.843474,0.844496,-0.53539,-0.013464,0.457777,0.708569,0.536999,-0.004989,-0.008509,0.002997,0.043019,-0.497839,0.140482,-0.777224,0.080561,0.04105,-0.065271,-0.634484,-0.260684,-0.727649,-0.185815,-0.862357,0.470968,-0.750268,0.43403,0.498713,0.026392,0.008223,-0.018405,-1.154348,0.754934,0.770376,0.095669
1019,0.070405,0.021988,0.392767,-0.627739,-0.224607,-0.745346,-0.263608,-0.839587,0.474949,-0.731683,0.494898,0.468767,0.052889,0.017128,-0.036297,-4.019061,2.595636,2.576193,0.221409,-0.08749,0.007158,0.383208,0.247379,0.487183,0.837525,-0.864979,0.500483,-0.035502,-0.436747,-0.716262,0.544135,-0.011519,-0.008148,-0.004175,0.077316,-0.466866,0.182895,-1.406219,0.035771,0.047405,-0.017412,-0.284296,-0.468677,0.836371,0.8435,-0.536941,-0.014167,0.455722,0.701452,0.547979,0.001697,-0.00805,0.002623,0.038025,-0.464057,0.162375,-0.781306,0.081117,0.041238,-0.065665,-0.637034,-0.263525,-0.724389,-0.182518,-0.861456,0.473897,-0.748914,0.434103,0.500679,0.032678,0.00695,-0.019193,0.103979,-0.048953,0.021436,0.097302
1020,0.072807,0.02259,0.391237,-0.635583,-0.212839,-0.742146,-0.278596,-0.83328,0.477496,-0.719258,0.510507,0.471251,0.064981,0.013563,-0.038504,-1.291708,1.083659,0.282611,0.221697,-0.08799,0.006889,0.383022,0.244937,0.505077,0.827583,-0.876819,0.479614,-0.033062,-0.413901,-0.718168,0.559271,-0.013578,0.002725,-0.01297,0.068536,-0.404845,0.177951,-1.406311,0.035522,0.047266,-0.017502,-0.28235,-0.486036,0.82707,0.856179,-0.516554,-0.01127,0.432705,0.704939,0.561984,-0.006014,-0.003111,-0.001429,-0.038067,-0.477047,0.093398,-0.782123,0.082315,0.041542,-0.066428,-0.646253,-0.249469,-0.721194,-0.201642,-0.855645,0.476666,-0.736,0.45347,0.502659,0.032363,0.006563,-0.019497,-4.559686,3.898801,0.481643,0.103997
1021,0.075382,0.022931,0.38985,-0.646935,-0.195222,-0.737163,-0.298126,-0.825011,0.480051,-0.701084,0.530568,0.47645,0.063815,0.003646,-0.029065,0.258575,0.323477,0.165368,0.221152,-0.088503,0.007026,0.38268,0.245229,0.526214,0.814219,-0.884942,0.464425,-0.033478,-0.396042,-0.712979,0.578511,-0.001676,0.009458,-0.009748,0.238333,-1.017039,-0.01935,-1.406315,0.035261,0.047332,-0.017679,-0.283529,-0.50554,0.814886,0.864793,-0.502016,-0.010549,0.414419,0.701717,0.579524,-0.000875,0.004868,-0.004776,0.23113,-0.989163,-0.006606,-0.780653,0.083626,0.041717,-0.067136,-0.658721,-0.23307,-0.715376,-0.222834,-0.847717,0.481373,-0.718631,0.476501,0.506473,0.031936,0.001828,-0.014572,0.383626,0.452529,0.226458,0.103017
1022,0.077734,0.023236,0.388685,-0.658307,-0.182072,-0.730429,-0.311552,-0.81743,0.484475,-0.68447,0.546722,0.48231,0.064216,0.0052,-0.028119,0.077828,0.019637,0.024378,0.224832,-0.088743,0.007409,0.382291,0.239594,0.559722,0.793283,-0.898275,0.437761,-0.037425,-0.368491,-0.704314,0.606646,-0.001523,0.008862,-0.010149,0.109917,-0.869682,-0.263865,-1.406921,0.03514,0.047526,-0.017866,-0.278913,-0.540597,0.793701,0.879334,-0.475962,-0.015178,0.385977,0.693695,0.608118,-0.000752,0.004385,-0.005107,-0.091963,-1.195363,-0.444383,-0.785226,0.084802,0.041868,-0.067719,-0.671585,-0.219456,-0.70768,-0.236442,-0.841712,0.485401,-0.702188,0.493314,0.513393,0.032143,0.002646,-0.014072,0.056902,-0.010047,0.020042,0.106446
1023,0.078906,0.023375,0.388148,-0.666925,-0.168084,-0.725951,-0.322735,-0.812973,0.484654,-0.670816,0.557723,0.488854,0.064705,0.00685,-0.027106,-0.185384,0.398707,0.360382,0.222796,-0.088799,0.00757,0.382064,0.240936,0.579296,0.778689,-0.899704,0.434155,-0.044457,-0.364103,-0.690598,0.624794,-0.013945,0.004207,-0.011954,0.350728,-1.397992,-0.240571,-1.40633,0.035116,0.047611,-0.017977,-0.280688,-0.558782,0.780369,0.881076,-0.472489,-0.021414,0.380681,0.681554,0.624952,-0.000447,0.003201,-0.005912,0.252584,-0.943606,-0.237349,-0.781633,0.085363,0.041933,-0.067979,-0.680638,-0.206912,-0.702792,-0.247426,-0.838001,0.486346,-0.689572,0.504916,0.519181,0.032137,0.002723,-0.014024,-1.002521,1.038314,0.935255,0.106446
1024,0.081352,0.0236,0.38712,-0.685885,-0.128814,-0.71625,-0.354635,-0.800298,0.483457,-0.634641,0.585759,0.504127,0.05225,0.010179,-0.02501,0.311256,0.715318,0.338018,0.220158,-0.088937,0.007614,0.381539,0.249374,0.618186,0.745419,-0.900025,0.432016,-0.057026,-0.357574,-0.657444,0.663152,0.000536,0.000738,-0.015693,0.33214,-1.313217,-0.1789,-1.406453,0.03504,0.04764,-0.018241,-0.290384,-0.599923,0.745498,0.88173,-0.470442,-0.035129,0.371789,0.647128,0.665579,0.000336,0.000101,-0.00803,0.347744,-1.351832,-0.200393,-0.78196,0.086591,0.042046,-0.068493,-0.700987,-0.170557,-0.692478,-0.280539,-0.826757,0.487617,-0.655678,0.53608,0.531698,0.032429,0.003834,-0.013351,-0.230603,0.421845,0.279613,0.102691
1025,0.083687,0.023716,0.386292,-0.703341,-0.074183,-0.707003,-0.396867,-0.784171,0.477017,-0.588928,0.61618,0.522985,0.051345,0.000615,-0.015413,-3.590764,3.253535,2.920285,0.220469,-0.088692,0.007228,0.381175,0.270447,0.663886,0.697213,-0.897226,0.436339,-0.067285,-0.349206,-0.60819,0.712758,0.015978,-0.009257,-0.007732,0.367418,-1.463437,-0.039243,-1.40631,0.035158,0.047446,-0.018422,-0.312023,-0.6451,0.697486,0.879069,-0.474506,-0.045613,0.360386,0.598907,0.715144,0.001654,-0.006522,-0.004485,0.463682,-1.820778,-0.028519,-0.78147,0.08776,0.042108,-0.06891,-0.721628,-0.120057,-0.68179,-0.319355,-0.816064,0.481716,-0.614218,0.565353,0.550555,0.025737,0.000449,-0.007662,0.465111,0.701515,0.315255,0.102528
1026,0.084809,0.023664,0.385961,-0.712053,-0.056007,-0.699921,-0.403151,-0.783541,0.472762,-0.574014,0.618872,0.53622,0.050809,-0.000933,-0.016384,0.385736,0.737938,0.089501,0.219,-0.088577,0.007021,0.381014,0.282475,0.686947,0.669554,-0.894941,0.439983,-0.073679,-0.345537,-0.579259,0.738192,0.002758,-0.010854,-0.007465,0.46786,-1.781251,-0.009924,-1.406334,0.035221,0.047339,-0.018506,-0.324416,-0.666986,0.670733,0.87675,-0.478185,-0.051453,0.355053,0.571374,0.739911,0.001416,-0.005589,-0.003859,0.516187,-1.902983,-0.297763,-0.778531,0.088298,0.042087,-0.069067,-0.73166,-0.099334,-0.674392,-0.330583,-0.813494,0.478478,-0.596143,0.573026,0.562364,0.024907,-0.005659,-0.003684,0.460929,0.98307,0.194947,0.102201
1027,0.086762,0.02331,0.385541,-0.727059,0.001165,-0.686606,-0.436022,-0.773279,0.460322,-0.529502,0.634053,0.563588,0.04937,-0.012611,-0.008114,0.383631,0.821143,0.109783,0.204585,-0.088427,0.006555,0.380896,0.287811,0.741006,0.606684,-0.906791,0.414591,-0.076012,-0.30819,-0.529187,0.79047,0.003754,-0.01763,0.004102,-1.636136,-3.643973,1.130041,-1.405949,0.035297,0.047104,-0.018573,-0.329369,-0.719825,0.611037,0.88934,-0.453887,-0.055313,0.317157,0.525202,0.789666,0.008241,-0.007012,0.002579,-0.520248,-1.747477,-1.165042,-0.77951,0.089299,0.041914,-0.069286,-0.750461,-0.042532,-0.659543,-0.36447,-0.805835,0.466679,-0.551332,0.590609,0.589247,0.024651,-0.006436,-0.004179,0.524859,1.070753,0.19703,0.091097
1028,0.088605,0.022885,0.38531,-0.742769,0.064537,-0.666465,-0.466603,-0.763773,0.445987,-0.479326,0.642156,0.598255,0.049032,-0.020964,0.002216,0.511673,1.070727,0.201658,0.180232,-0.088162,0.006324,0.380909,0.294314,0.787182,0.541956,-0.915896,0.394254,-0.07505,-0.273094,-0.475276,0.836299,0.000948,-0.003717,-0.002569,0.58747,-1.891021,0.592107,-1.405708,0.035431,0.046983,-0.018564,-0.337426,-0.768291,0.54394,0.899955,-0.432751,-0.052966,0.276084,0.47165,0.83745,0.006766,0.000243,-0.000542,0.651273,-2.075256,0.558765,-0.783103,0.09022,0.041702,-0.069407,-0.769504,0.018748,-0.638366,-0.396114,-0.798081,0.454048,-0.500955,0.602257,0.621553,0.025014,-0.005257,-0.003462,0.60684,1.275357,0.111296,0.064971
1029,0.090301,0.022326,0.38523,-0.756284,0.126835,-0.641867,-0.494632,-0.753008,0.433924,-0.427358,0.645497,0.633029,0.037209,-0.008919,-0.005793,0.15168,1.226917,0.253429,0.1313,-0.088151,0.006207,0.380806,0.285008,0.82082,0.49499,-0.92433,0.372035,-0.084481,-0.253833,-0.434489,0.86409,0.000553,-0.002167,-0.0015,0.439357,-1.426528,0.806572,-1.40578,0.035437,0.046923,-0.018616,-0.329126,-0.803475,0.496087,0.909334,-0.411291,-0.062845,0.254531,0.430426,0.865994,0.000255,-0.000998,-0.000686,0.436706,-1.432699,0.811068,-0.785226,0.091074,0.04142,-0.069443,-0.786531,0.080314,-0.612305,-0.425107,-0.789607,0.442496,-0.447942,0.608333,0.655193,0.024354,-0.011128,0.000667,-0.468787,1.974242,1.106532,0.015004
1030,0.091053,0.022016,0.385229,-0.761172,0.16204,-0.628018,-0.512103,-0.744366,0.428535,-0.397093,0.647594,0.650359,0.036455,-0.018745,0.003649,-0.578018,1.862326,0.838682,0.113202,-0.088202,0.006031,0.380985,0.27448,0.836535,0.474195,-0.930113,0.356092,-0.089566,-0.244105,-0.417523,0.875186,0.001,-0.006803,0.011583,0.412082,-1.478026,0.691055,-1.405735,0.035413,0.04683,-0.018536,-0.318235,-0.819112,0.477264,0.916107,-0.395218,-0.067448,0.243871,0.415761,0.876166,-0.000353,0.001373,0.00096,-0.008809,-0.890538,0.640368,-0.784246,0.09145,0.041267,-0.069448,-0.793257,0.113788,-0.598159,-0.44252,-0.782518,0.437996,-0.418232,0.612142,0.671091,0.018293,-0.009428,0.001828,-2.999755,3.495529,3.57441,-0.015042
1031,0.09228,0.021699,0.385197,-0.765614,0.22087,-0.604233,-0.538697,-0.733549,0.414348,-0.35077,0.642451,0.681355,0.025687,-0.002993,-0.00205,0.543454,0.843189,0.086408,0.107496,-0.088245,0.005699,0.381317,0.26198,0.859767,0.43836,-0.939307,0.331403,-0.088363,-0.221553,-0.389687,0.893824,-0.01011,-0.016887,0.006013,0.326337,-0.960868,0.567743,-1.405547,0.035391,0.046688,-0.018354,-0.306094,-0.84351,0.441357,0.926316,-0.370858,-0.066346,0.219644,0.388529,0.894874,0.001563,-0.007611,0.002886,0.434211,-1.154112,0.483246,-0.777551,0.092056,0.0411,-0.069463,-0.800799,0.172819,-0.573457,-0.47155,-0.772247,0.425764,-0.369271,0.611365,0.699907,0.012999,-0.000987,-0.00074,0.994031,-0.793957,2.049986,-0.044597
1032,0.09331,0.021623,0.385118,-0.765129,0.254854,-0.591331,-0.553546,-0.729489,0.401751,-0.328035,0.6344,0.699969,0.025751,-0.002713,-0.001886,-0.273037,1.056301,1.35123,0.103329,-0.087941,0.004875,0.381368,0.257741,0.869557,0.421227,-0.943126,0.32113,-0.085569,-0.209979,-0.37631,0.90231,0.004932,-0.022229,0.000884,0.18264,-0.614518,0.524716,-1.405306,0.035537,0.046279,-0.018326,-0.302122,-0.853442,0.424686,0.930478,-0.360851,-0.063218,0.207202,0.376061,0.90313,0.009975,-0.015163,0.005088,0.236867,-0.688078,0.262039,-0.784083,0.092572,0.041065,-0.069502,-0.804372,0.202139,-0.558681,-0.482088,-0.771653,0.414899,-0.347241,0.603067,0.718145,0.019012,-0.00305,-0.002065,0.004919,0.30357,-0.400986,-0.051456
1033,0.093791,0.021532,0.385056,-0.762041,0.274428,-0.586539,-0.56702,-0.720265,0.399596,-0.31186,0.636744,0.705214,0.02506,-0.005067,-0.003345,0.201848,0.72242,-0.163205,0.087828,-0.087856,0.004464,0.381512,0.251391,0.872907,0.418125,-0.946606,0.311806,-0.081541,-0.201847,-0.376399,0.904126,0.005331,-0.026679,0.014122,-0.04935,-0.154031,0.286923,-1.405605,0.035583,0.046063,-0.018268,-0.295926,-0.857542,0.420772,0.934187,-0.35173,-0.059827,0.199302,0.375376,0.905191,0.001645,-0.007927,0.002656,-0.029456,-0.129971,0.324977,-0.779674,0.092823,0.041023,-0.06953,-0.799975,0.226795,-0.55552,-0.501658,-0.760745,0.411832,-0.329208,0.608136,0.722351,0.012499,-0.002628,-0.001752,-0.024455,0.87402,0.090914,-0.059783
1034,0.094724,0.021193,0.384884,-0.751952,0.316998,-0.578035,-0.601026,-0.689929,0.403408,-0.269994,0.650361,0.710043,0.023975,-0.008866,-0.005702,-0.296517,0.365376,0.032737,0.016579,-0.087881,0.00399,0.381697,0.216868,0.882729,0.416833,-0.958523,0.273422,-0.080055,-0.18489,-0.383293,0.904857,0.001186,-0.004658,-0.003245,0.128794,0.092851,-0.055838,-1.405432,0.035571,0.045819,-0.018167,-0.262281,-0.868626,0.420353,0.947585,-0.314192,-0.058004,0.182456,0.383107,0.905504,0.000466,-0.001863,-0.001295,0.464046,0.60031,-0.726612,-0.787022,0.0933,0.040854,-0.069616,-0.79284,0.271053,-0.545832,-0.537431,-0.733274,0.416504,-0.28735,0.623569,0.727042,0.011956,-0.004527,-0.002929,-0.310088,0.348043,0.024863,-0.130325
1035,0.095405,0.021063,0.384739,-0.753282,0.324148,-0.572311,-0.602429,-0.689269,0.402441,-0.263094,0.647523,0.715208,0.012687,-0.001999,-0.001348,0.04127,0.038986,0.055333,-0.007117,-0.087844,0.003704,0.381623,0.191449,0.884537,0.425361,-0.964012,0.25089,-0.087568,-0.184395,-0.394401,0.900172,0.001363,-0.00535,-0.003735,2.041344,1.695058,-0.829673,-1.405455,0.035589,0.045676,-0.018204,-0.237475,-0.871473,0.429115,0.954188,-0.292047,-0.065053,0.182014,0.394008,0.900903,0.000664,-0.002628,-0.001843,2.03605,1.682265,-0.82514,-0.786695,0.093633,0.040781,-0.069694,-0.794518,0.277929,-0.539903,-0.538729,-0.73288,0.415521,-0.280199,0.621,0.732014,0.006389,-0.000839,-0.00059,0.030535,0.026099,0.049932,-0.190579
1036,0.095644,0.021085,0.384703,-0.750674,0.331041,-0.571791,-0.607443,-0.68623,0.400091,-0.259005,0.647254,0.716942,0.012974,-0.000984,-0.000721,0.166883,0.222475,0.150512,-0.007514,-0.087825,0.003771,0.381544,0.175198,0.884157,0.433086,-0.965589,0.240173,-0.099438,-0.192132,-0.401873,0.895235,-0.002171,0.011407,-0.008406,0.201208,0.155006,-0.090206,-1.405856,0.035603,0.045693,-0.018249,-0.221116,-0.871586,0.437544,0.956388,-0.281595,-0.077621,0.190863,0.401299,0.895839,-0.000288,0.001124,0.000786,0.603192,0.551095,-0.368059,-0.787838,0.093757,0.040792,-0.069712,-0.792364,0.284183,-0.539813,-0.543841,-0.729965,0.41399,-0.276396,0.621603,0.732948,0.006518,-0.000387,-0.000308,0.236679,0.282715,0.164198,-0.19907
1037,0.096055,0.021182,0.384654,-0.742231,0.351614,-0.570532,-0.624585,-0.671566,0.398578,-0.242086,0.651742,0.718786,0.013369,0.000435,0.000154,0.056067,0.059643,0.065181,-0.008483,-0.088003,0.004411,0.381406,0.124287,0.882888,0.452827,-0.966382,0.211235,-0.146354,-0.225,-0.420523,0.878862,-0.003721,0.0175,-0.004163,0.494369,-0.219171,-0.423707,-1.406696,0.035515,0.046008,-0.018315,-0.171561,-0.871292,0.459799,0.959471,-0.253682,-0.122713,0.223561,0.420111,0.879503,-0.002061,0.00952,-0.001552,2.131009,1.734936,-0.949317,-0.787348,0.093958,0.04084,-0.069736,-0.785379,0.305795,-0.538209,-0.56198,-0.716769,0.412818,-0.259534,0.626681,0.734787,0.006799,0.000626,0.000319,0.062936,0.060067,0.070805,-0.204785
1038,0.096349,0.021291,0.384754,-0.729018,0.386561,-0.564932,-0.652874,-0.640719,0.403989,-0.204895,0.662862,0.720181,0.01394,0.002489,0.001416,-0.280206,0.186397,0.38802,-0.012412,-0.088093,0.004761,0.381223,0.089019,0.888068,0.451,-0.961666,0.194572,-0.193063,-0.259292,-0.41764,0.870751,-0.001574,0.009066,-0.01003,0.539005,-0.577867,-1.149175,-1.407568,0.035463,0.046213,-0.018399,-0.135925,-0.878141,0.458685,0.956338,-0.237208,-0.170731,0.25873,0.415451,0.872042,-0.000719,0.004274,-0.005204,0.514205,-0.566394,-1.130542,-0.781796,0.094105,0.040894,-0.069687,-0.774505,0.341089,-0.532728,-0.591787,-0.688188,0.419743,-0.223448,0.640355,0.734858,0.000859,0.003035,0.001867,-0.945703,0.654264,1.23254,-0.207398
1039,0.096605,0.021625,0.384911,-0.721989,0.40407,-0.561699,-0.666382,-0.624637,0.407106,-0.185466,0.667727,0.720951,0.002979,0.010565,0.006495,0.000816,-0.012992,0.025713,-0.016491,-0.088092,0.004989,0.380997,0.051567,0.901755,0.429151,-0.960583,0.162373,-0.225496,-0.273064,-0.401739,0.874016,-0.000438,0.00172,0.001197,0.385141,-0.371769,-1.291054,-1.407812,0.035466,0.046316,-0.018519,-0.098454,-0.894429,0.436235,0.957154,-0.205073,-0.204448,0.272324,0.397416,0.876298,-0.000236,0.000958,0.000661,0.418413,-0.432898,-1.319289,-0.778531,0.094236,0.041053,-0.069614,-0.768385,0.359334,-0.529587,-0.606556,-0.67284,0.423527,-0.20414,0.646656,0.734956,0.001579,0.005615,0.003447,0.005053,-0.016331,0.024548,-0.21099
1040,0.096704,0.021892,0.385028,-0.716249,0.414929,-0.561131,-0.674722,-0.617132,0.404809,-0.177439,0.668033,0.722686,0.00374,0.013276,0.008142,-3.023488,2.314048,4.094844,-0.013506,-0.08807,0.005124,0.380963,0.032097,0.909174,0.415166,-0.959205,0.144804,-0.242673,-0.280765,-0.391582,0.876183,-0.000725,0.002848,0.00198,0.525764,-0.73433,-1.247728,-1.407709,0.035477,0.046382,-0.018537,-0.080019,-0.901885,0.4245,0.957022,-0.188605,-0.220307,0.278754,0.388627,0.878216,-0.000438,0.001738,0.001208,0.328135,-0.370366,-1.034342,-0.78,0.094284,0.041184,-0.069557,-0.765612,0.365955,-0.529068,-0.611382,-0.669768,0.421451,-0.200121,0.646131,0.736522,0.001778,0.006327,0.003876,0.102747,0.116912,0.085325,-0.21197
1041,0.096784,0.022461,0.385377,-0.708592,0.432281,-0.557742,-0.68636,-0.605774,0.402393,-0.163042,0.667404,0.726647,0.003878,0.013775,0.008401,0.067597,0.250805,0.232181,0.00074,-0.087915,0.005268,0.381129,0.027625,0.924669,0.379758,-0.959341,0.131336,-0.249701,-0.280776,-0.358581,0.890196,0.011913,0.006983,0.003437,-1.900988,-2.050469,0.055606,-1.408259,0.03555,0.046452,-0.018455,-0.07394,-0.917931,0.389788,0.957274,-0.174901,-0.230294,0.279568,0.356106,0.891644,0.000418,-0.003086,0.006023,0.697805,-0.609192,0.956989,-0.777388,0.094325,0.041469,-0.069382,-0.757197,0.387167,-0.526072,-0.627246,-0.655709,0.420246,-0.182245,0.648186,0.73935,-0.004286,0.008178,0.005053,-0.650668,1.029112,1.365965,-0.205765
1042,0.09691,0.022938,0.385679,-0.706327,0.438985,-0.555373,-0.690114,-0.601827,0.401893,-0.15694,0.66659,0.728734,0.003299,0.011735,0.007123,0.003787,-0.00895,0.027657,0.008767,-0.087834,0.005346,0.381196,0.056491,0.934415,0.351666,-0.961634,0.14569,-0.232311,-0.268355,-0.326226,0.906325,0.012562,0.004428,0.001662,0.273735,-0.388344,0.574779,-1.40775,0.035594,0.046498,-0.018417,-0.103067,-0.927993,0.358056,0.959023,-0.188222,-0.21177,0.263915,0.321558,0.909367,0.006288,0.002183,0.00081,0.248137,-0.300867,0.611452,-0.782286,0.094391,0.041718,-0.069224,-0.754953,0.395231,-0.523294,-0.631888,-0.651851,0.419293,-0.175393,0.64721,0.741859,0.007924,0.004785,0.002831,-0.011946,-0.044364,0.05301,-0.196131
1043,0.096983,0.023124,0.385803,-0.707253,0.441283,-0.552366,-0.689727,-0.602288,0.401868,-0.154471,0.664653,0.731029,0.002763,0.009835,0.005958,0.011613,0.001727,0.032795,0.011502,-0.087771,0.005419,0.381251,0.067934,0.936485,0.344053,-0.958739,0.156751,-0.237027,-0.275963,-0.314933,0.908033,-0.001068,0.004175,0.002896,2.505273,0.848552,-0.094626,-1.408017,0.035628,0.046527,-0.018395,-0.114981,-0.929485,0.350479,0.956499,-0.198823,-0.213491,0.26812,0.310686,0.911912,0.005975,0.003395,0.001647,0.288561,-0.70833,0.16664,-0.776408,0.094429,0.041818,-0.069158,-0.75593,0.397446,-0.520196,-0.63145,-0.652342,0.41919,-0.172741,0.645356,0.744093,0.001342,0.004795,0.002902,-0.011667,-0.025712,0.028147,-0.192702
1044,0.097107,0.023377,0.385978,-0.69557,0.46666,-0.546312,-0.706507,-0.582538,0.401832,-0.129869,0.664893,0.73558,0.001387,0.004943,0.002986,0.017286,0.039771,0.025841,0.020193,-0.087743,0.005526,0.381466,0.080946,0.942367,0.324627,-0.951204,0.170398,-0.257116,-0.297689,-0.289162,0.909741,0.011911,0.006937,0.003397,2.754085,0.49416,-0.410717,-1.408225,0.03564,0.046587,-0.018283,-0.127963,-0.934553,0.332017,0.948305,-0.213322,-0.234968,0.290416,0.284786,0.913539,0.005943,0.003511,0.001729,2.828489,0.339122,-0.477847,-0.778531,0.094492,0.041949,-0.069068,-0.745785,0.42357,-0.51419,-0.649533,-0.633824,0.419967,-0.148021,0.647189,0.74782,0.000635,0.002283,0.001378,-0.01073,0.004202,0.022693,-0.182741
1045,0.097287,0.02352,0.386005,-0.690577,0.483606,-0.537842,-0.71459,-0.571184,0.403833,-0.111058,0.662611,0.740702,0.000591,0.002112,0.001274,0.201275,0.275355,0.132551,0.022834,-0.087833,0.004898,0.382018,0.090693,0.953569,0.287181,-0.946243,0.172487,-0.273505,-0.310429,-0.24814,0.917564,-0.009273,-0.023093,0.018036,0.324029,-1.262103,-0.391793,-1.408545,0.035598,0.046285,-0.018011,-0.137174,-0.94535,0.295798,0.943437,-0.215685,-0.251804,0.301842,0.244526,0.921465,-0.004612,-0.011679,0.008919,-0.45428,-1.299131,0.059145,-0.782449,0.094576,0.042014,-0.069053,-0.741946,0.439188,-0.506586,-0.657876,-0.622594,0.423763,-0.129286,0.64768,0.750862,0.000379,0.001353,0.00081,0.443662,0.521374,0.221585,-0.175393
