frame,MLTx,MLTy,MLTz,MLTR1,MLTR2,MLTR3,MLTR4,MLTR5,MLTR6,MLTR7,MLTR8,MLTR9,MLTTVx,MLTTVy,MLTTVz,MLTRVx,MLTRVy,MLTRVz,MLGA,MRTx,MRTy,MRTz,MRTR1,MRTR2,MRTR3,MRTR4,MRTR5,MRTR6,MRTR7,MRTR8,MRTR9,MRTTVx,MRTTVy,MRTTVz,MRTRVx,MRTRVy,MRTRVz,MRGA,SLTx,SLTy,SLTz,SLTR1,SLTR2,SLTR3,SLTR4,SLTR5,SLTR6,SLTR7,SLTR8,SLTR9,SLTTVx,SLTTVy,SLTTVz,SLTRVx,SLTRVy,SLTRVz,SLGA,SRTx,SRTy,SRTz,SRTR1,SRTR2,SRTR3,SRTR4,SRTR5,SRTR6,SRTR7,SRTR8,SRTR9,SRTTVx,SRTTVy,SRTTVz,SRTRVx,SRTRVy,SRTRVz,SRGA
661,0.091754,-0.01077,0.406322,-0.17744,0.616321,-0.767274,-0.808763,-0.535484,-0.243167,-0.560519,0.576627,0.59443,-0.002015,-0.006923,-0.004533,-0.011364,0.083893,-0.211384,0.406721,-0.066473,0.011635,0.408606,-0.215026,-0.971999,-0.094729,0.877029,-0.149649,-0.456464,0.42975,-0.179992,0.884749,0.010144,0.006665,0.018431,-0.08184,-0.073214,0.002514,-1.407144,0.046567,0.040488,-0.013549,0.24987,0.966345,-0.061154,-0.840641,0.185157,-0.508958,-0.480506,0.178582,0.858615,-0.00137,0.002381,0.009215,-0.647796,-0.589014,-0.330288,-0.964682,0.083651,0.033868,-0.049711,0.107316,-0.638077,-0.762457,0.860428,0.443842,-0.250332,0.498141,-0.629175,0.596651,-0.000855,-0.002952,-0.001932,0.000171,7.8e-05,-0.000166,0.348933
662,0.09169,-0.010992,0.406176,-0.175738,0.616737,-0.767331,-0.807992,-0.535587,-0.245493,-0.562167,0.576086,0.593397,-0.001533,-0.005264,-0.003454,0.0,-0.0,0.0,0.410997,-0.06661,0.011794,0.409427,-0.215349,-0.971675,-0.097283,0.878726,-0.149489,-0.453241,0.426104,-0.181852,0.886131,-0.015307,0.00209,0.017913,-0.035534,0.003714,-0.026648,-1.406598,0.046507,0.040571,-0.013137,0.25037,0.966045,-0.063797,-0.842603,0.184977,-0.505768,-0.476794,0.180385,0.860306,-0.001606,0.003105,0.009624,-0.032642,-0.010646,0.002962,-0.968111,0.083617,0.033751,-0.049789,0.105759,-0.638274,-0.762509,0.859639,0.444124,-0.252534,0.499835,-0.628775,0.595656,-0.000763,-0.002628,-0.001724,-0.001417,0.000813,-0.001734,0.355465
663,0.091661,-0.011085,0.406103,-0.17601,0.61665,-0.767338,-0.807938,-0.535759,-0.245294,-0.562158,0.576019,0.593471,-0.001514,-0.005199,-0.003415,-0.001438,0.010618,-0.026753,0.412501,-0.066705,0.011853,0.409804,-0.21507,-0.971512,-0.099515,0.878385,-0.148028,-0.454381,0.426948,-0.183897,0.885303,-0.002711,0.004762,0.018361,-0.024702,-0.018942,-0.000668,-1.406909,0.046451,0.040607,-0.012932,0.250248,0.965912,-0.066241,-0.842174,0.183418,-0.507049,-0.477615,0.182675,0.859367,-0.001383,0.002429,0.009212,-0.046608,-0.000651,0.008261,-0.966315,0.083604,0.033707,-0.049823,0.106034,-0.63822,-0.762516,0.85961,0.444294,-0.252334,0.499826,-0.628711,0.59573,-0.000633,-0.00218,-0.001431,-0.000122,0.000153,-0.000309,0.357424
664,0.091627,-0.011199,0.406016,-0.174145,0.61711,-0.767395,-0.807169,-0.535785,-0.247757,-0.563843,0.575502,0.592372,-0.000645,-0.002215,-0.001457,0.0,-0.0,0.0,0.41509,-0.066967,0.011694,0.410674,-0.219485,-0.970032,-0.104192,0.877265,-0.149633,-0.456016,0.427008,-0.190256,0.883929,0.000538,-0.008789,0.025855,0.051541,-0.114166,-0.065871,-1.406272,0.046318,0.040537,-0.012503,0.254899,0.964397,-0.070443,-0.840955,0.185133,-0.508447,-0.477304,0.188843,0.858206,-0.005855,-0.006283,0.01237,0.082102,-0.126457,-0.10763,-0.966641,0.083585,0.033645,-0.04987,0.104149,-0.638473,-0.762564,0.858832,0.444399,-0.254786,0.501556,-0.628379,0.594625,-0.000294,-0.001015,-0.000667,-0.000701,0.000405,-0.000866,0.36167
665,0.091612,-0.011249,0.405983,-0.174432,0.617024,-0.767398,-0.807129,-0.535949,-0.247534,-0.563812,0.575442,0.592461,-7.7e-05,-0.000265,-0.000174,0.0,0.0,0.0,0.418372,-0.067123,0.011386,0.411485,-0.219007,-0.969632,-0.108824,0.876878,-0.146809,-0.457675,0.428048,-0.194422,0.882519,0.000973,-0.010129,0.025065,-0.053324,-0.02485,-0.02696,-1.406801,0.046241,0.04038,-0.012099,0.254747,0.964063,-0.075401,-0.840422,0.182157,-0.5104,-0.478323,0.193392,0.856624,0.000541,-0.005277,0.012411,-0.084267,0.000858,-0.014515,-0.966152,0.083578,0.03362,-0.049887,0.104454,-0.638418,-0.762569,0.858812,0.44457,-0.254554,0.501527,-0.628315,0.594718,-9e-06,-3.6e-05,-2.3e-05,2.9e-05,2.1e-05,-4.8e-05,0.365425
666,0.091618,-0.011228,0.405997,-0.174656,0.616958,-0.767401,-0.807098,-0.536076,-0.247361,-0.563787,0.575395,0.59253,0.000458,0.001571,0.001034,0.001438,-0.010619,0.026752,0.422954,-0.067189,0.0111,0.412359,-0.218546,-0.96943,-0.111508,0.877275,-0.145277,-0.457403,0.427468,-0.196551,0.882328,0.000695,-0.009266,0.02557,-0.067803,-0.0125,-0.021624,-1.406825,0.046209,0.040234,-0.011664,0.254439,0.963949,-0.077858,-0.840988,0.180794,-0.509953,-0.477493,0.195229,0.85667,-0.000589,-0.0,0.007751,-0.038175,-0.00743,0.004315,-0.966478,0.083581,0.03363,-0.04988,0.104706,-0.638371,-0.762573,0.858793,0.444715,-0.254366,0.501508,-0.628259,0.594793,3.6e-05,0.000123,8.1e-05,1.4e-05,1.1e-05,-2.5e-05,0.370161
667,0.091618,-0.011228,0.405997,-0.174656,0.616958,-0.767401,-0.807098,-0.536076,-0.247361,-0.563787,0.575395,0.59253,7e-06,2.3e-05,1.5e-05,0.0,0.0,0.0,0.424876,-0.067194,0.010971,0.412772,-0.217927,-0.96928,-0.114004,0.878946,-0.144278,-0.454501,0.424337,-0.198015,0.883511,-0.000659,-0.001517,0.014606,-0.028359,-0.07279,0.16114,-1.406586,0.046206,0.04017,-0.011452,0.253835,0.963897,-0.080426,-0.842961,0.179677,-0.507082,-0.474324,0.196512,0.858137,0.000367,-0.004742,0.012723,-0.064586,-0.008219,-0.019034,-0.966641,0.083582,0.033635,-0.049877,0.104685,-0.638375,-0.762573,0.858794,0.444703,-0.254382,0.50151,-0.628263,0.594787,6e-06,2e-05,1.3e-05,1.7e-05,0.0,-2.2e-05,0.373263
668,0.091589,-0.011252,0.405969,-0.17479,0.616916,-0.767404,-0.807064,-0.536168,-0.247271,-0.563794,0.575354,0.592564,-0.000437,-0.001499,-0.000987,0.0,0.0,0.0,0.427007,-0.06708,0.010729,0.413482,-0.223029,-0.96779,-0.11676,0.880106,-0.148546,-0.450868,0.419255,-0.202084,0.885015,0.012748,-0.00149,0.013541,-0.032335,-0.016266,0.005,-1.4064,0.046257,0.040053,-0.011099,0.259185,0.962271,-0.082808,-0.844162,0.184043,-0.503504,-0.469267,0.200405,0.860014,0.00734,-0.005561,0.011707,-0.065793,-0.016428,-0.018969,-0.967131,0.083568,0.033626,-0.049889,0.104803,-0.638352,-0.762576,0.858772,0.444788,-0.254309,0.501524,-0.628227,0.594814,-5.7e-05,-0.000194,-0.000127,1.6e-05,-3e-06,-1e-05,0.377999
669,0.091575,-0.011258,0.405953,-0.174982,0.616856,-0.767408,-0.807022,-0.536293,-0.247136,-0.563794,0.575302,0.592613,-1.7e-05,-5.8e-05,-3.8e-05,0.0,0.0,0.0,0.42843,-0.066768,0.010566,0.414059,-0.234636,-0.96498,-0.117264,0.87892,-0.159201,-0.449543,0.4154,-0.207314,0.885623,0.002204,-0.013934,0.022856,-0.06872,-0.00223,-0.048542,-1.406531,0.046419,0.039971,-0.010812,0.27077,0.959092,-0.082608,-0.842722,0.194686,-0.501911,-0.465297,0.205518,0.860964,0.006192,-0.000233,0.007071,-0.031385,-0.026394,0.031518,-0.954721,0.08356,0.033619,-0.049899,0.105021,-0.638308,-0.762582,0.858742,0.444931,-0.254159,0.501529,-0.62817,0.594869,-2e-06,-6e-06,-4e-06,8e-06,6e-06,3e-06,0.379958
670,0.091585,-0.011253,0.405944,-0.174941,0.616861,-0.767413,-0.807013,-0.536288,-0.247179,-0.56382,0.575302,0.592589,-0.0,-1e-06,-0.0,0.0,0.0,0.0,0.429998,-0.066511,0.010517,0.414415,-0.234947,-0.964868,-0.117562,0.879237,-0.159532,-0.448805,0.414552,-0.207579,0.885958,0.011947,0.000959,0.014966,-0.031462,-0.026642,0.031864,-1.406405,0.04654,0.039936,-0.010639,0.271,0.959003,-0.082895,-0.843103,0.194927,-0.501179,-0.464473,0.205709,0.861363,0.00705,-0.00466,0.012231,-0.072357,0.053647,-0.205351,-0.956844,0.083565,0.033622,-0.049904,0.10498,-0.63831,-0.762587,0.858732,0.444926,-0.254202,0.501555,-0.628172,0.594846,5e-06,1.8e-05,1.3e-05,-5e-06,-4e-06,-1.7e-05,0.381591
671,0.091582,-0.011245,0.405912,-0.174931,0.616849,-0.767425,-0.806969,-0.536333,-0.247224,-0.563886,0.575272,0.592556,-0.00019,-0.000652,-0.000429,0.0,0.0,0.0,0.43358,-0.066001,0.010472,0.41511,-0.241425,-0.9632,-0.118118,0.878824,-0.165526,-0.447442,0.411702,-0.210599,0.886574,0.011435,0.002494,0.015852,-0.031453,-0.026674,0.031845,-1.405989,0.0468,0.039912,-0.010287,0.277481,0.957133,-0.083071,-0.842601,0.200911,-0.499657,-0.461548,0.208641,0.86223,0.00572,0.001194,0.007889,-0.031297,-0.026493,0.031522,-0.955864,0.083564,0.033627,-0.049919,0.104972,-0.638297,-0.762599,0.858693,0.444976,-0.254246,0.501623,-0.62815,0.594812,-0.000124,-0.000421,-0.000277,7e-06,1e-05,5e-06,0.385673
672,0.091574,-0.011253,0.405859,-0.17511,0.616777,-0.767443,-0.806884,-0.536502,-0.247135,-0.563952,0.575192,0.59257,-0.000225,-0.000771,-0.000508,0.0,0.0,0.0,0.435116,-0.065507,0.010441,0.415825,-0.247039,-0.96143,-0.120897,0.879625,-0.170299,-0.444063,0.406631,-0.214818,0.887901,0.011711,0.001608,0.015333,-0.031444,-0.026705,0.031827,-1.405993,0.047046,0.0399,-0.009927,0.283208,0.955236,-0.08553,-0.843481,0.205643,-0.496234,-0.456432,0.21268,0.863964,-0.000209,-0.001201,0.007032,-0.032264,-0.010241,0.00299,-0.956844,0.08356,0.033623,-0.049946,0.105158,-0.638243,-0.762617,0.858627,0.445154,-0.254158,0.501698,-0.628077,0.594825,0.000147,0.004283,-0.005323,0.035231,-0.01549,0.017011,0.389592
673,0.091563,-0.011298,0.405768,-0.175086,0.616758,-0.767463,-0.806812,-0.536574,-0.247214,-0.564062,0.575146,0.59251,-0.000638,-0.002187,-0.001441,0.0,0.0,0.0,0.43609,-0.065121,0.010308,0.416355,-0.264131,-0.956811,-0.12141,0.877049,-0.186041,-0.44284,0.401433,-0.222228,0.888442,0.01367,-0.004361,0.011884,-0.03237,-0.017103,0.005932,-1.405885,0.047236,0.039844,-0.009657,0.300197,0.95008,-0.085018,-0.840497,0.221317,-0.494553,-0.451049,0.21992,0.864978,0.006844,-0.002261,0.005895,-0.03235,-0.018046,0.007964,-0.954231,0.083555,0.033602,-0.04999,0.105136,-0.638222,-0.762638,0.858562,0.445233,-0.254238,0.501812,-0.628043,0.594764,-0.000117,0.003374,-0.005923,0.035239,-0.015494,0.017022,0.392042
674,0.091533,-0.011353,0.405707,-0.175284,0.616691,-0.767472,-0.806754,-0.536719,-0.247087,-0.564083,0.575082,0.592552,-0.001251,-0.00429,-0.002829,-0.001435,0.010631,-0.026748,0.436703,-0.064911,0.010185,0.416558,-0.269995,-0.955144,-0.121628,0.876149,-0.191462,-0.442311,0.399497,-0.224766,0.888677,0.015967,-0.014928,0.021249,-0.066618,-0.01852,-0.018481,-1.405774,0.04734,0.039785,-0.009559,0.30603,0.94823,-0.084881,-0.839451,0.226712,-0.493886,-0.449074,0.222397,0.865373,0.007103,-0.003039,0.005447,-0.03238,-0.01809,0.007887,-0.954884,0.083541,0.033578,-0.050018,0.105318,-0.638181,-0.762648,0.858523,0.445372,-0.254128,0.501842,-0.627987,0.594799,-0.000521,-0.001792,-0.001182,-8e-06,3e-06,-4e-06,0.392368
675,0.091464,-0.011513,0.40559,-0.175811,0.616532,-0.767479,-0.806665,-0.537035,-0.246692,-0.564047,0.574958,0.592707,-0.001491,-0.005108,-0.003375,-0.001435,0.010631,-0.026748,0.437792,-0.064226,0.00994,0.417014,-0.27623,-0.95329,-0.122173,0.875445,-0.197255,-0.441158,0.396773,-0.227599,0.889175,0.014424,-0.006593,0.010601,-0.032184,-0.016672,0.004808,-1.405886,0.047684,0.039656,-0.009329,0.312207,0.946197,-0.08507,-0.838665,0.232442,-0.492555,-0.446281,0.225125,0.866112,0.013399,-0.001727,0.005669,-0.030038,-0.031575,0.033546,-0.957824,0.083506,0.033497,-0.050077,0.10586,-0.638079,-0.762658,0.858469,0.445699,-0.253736,0.50182,-0.627858,0.594953,-0.000657,-0.002256,-0.001489,-8e-06,2e-05,3e-06,0.394001
676,0.09141,-0.011705,0.405475,-0.174165,0.616935,-0.767531,-0.805891,-0.537151,-0.248957,-0.565662,0.574417,0.591691,-0.001501,-0.005139,-0.003401,-0.001425,0.010625,-0.026737,0.437711,-0.063335,0.009741,0.417375,-0.282883,-0.951273,-0.122672,0.87448,-0.20339,-0.440286,0.394212,-0.230608,0.88954,0.027443,-0.005221,0.01033,-0.030104,-0.031965,0.034009,-1.405595,0.048125,0.039556,-0.009148,0.318785,0.943991,-0.085181,-0.837581,0.2385,-0.491502,-0.443658,0.22803,0.8667,0.013826,-0.00295,0.00496,-0.030769,-0.021633,0.006573,-0.959456,0.083478,0.033398,-0.050137,0.104166,-0.638305,-0.762702,0.857689,0.445891,-0.256027,0.503506,-0.627493,0.593914,-0.000748,-0.002564,-0.001697,-0.004803,0.012301,-0.030335,0.395308
677,0.091376,-0.011789,0.405431,-0.174291,0.616903,-0.767527,-0.805889,-0.537205,-0.248848,-0.565627,0.5744,0.591741,-0.001019,-0.003488,-0.00231,0.0,-0.0,0.0,0.437376,-0.062836,0.0097,0.417554,-0.283655,-0.951014,-0.122898,0.874484,-0.204096,-0.439951,0.393647,-0.231051,0.889674,0.026586,-0.002623,0.011834,-0.030085,-0.032012,0.033985,-1.405267,0.048376,0.039529,-0.009062,0.319555,0.943714,-0.085361,-0.837588,0.239193,-0.491154,-0.443091,0.228448,0.866879,0.013277,-0.001289,0.005916,-0.030033,-0.031801,0.033611,-0.964029,0.083461,0.033355,-0.050159,0.104304,-0.638287,-0.762699,0.857704,0.445935,-0.255897,0.50345,-0.627479,0.593975,-0.007047,-0.000194,-0.000127,-0.00147,0.014968,-0.030047,0.395471
678,0.091318,-0.011875,0.405362,-0.174636,0.6168,-0.767532,-0.805825,-0.537417,-0.248597,-0.565611,0.574314,0.591841,-0.000485,-0.001659,-0.0011,0.0,0.0,0.0,0.436476,-0.061945,0.009713,0.417905,-0.285169,-0.950511,-0.123286,0.874435,-0.205472,-0.439408,0.392663,-0.231896,0.88989,0.024507,0.007245,0.002056,0.004089,-0.030411,0.058491,-1.40547,0.048812,0.039535,-0.008887,0.321015,0.943191,-0.085662,-0.837551,0.240505,-0.490576,-0.442105,0.229229,0.867177,0.007031,-0.002717,0.005625,-0.032061,-0.016745,0.004446,-0.967784,0.083436,0.033308,-0.050196,0.104806,-0.638192,-0.762709,0.857656,0.446237,-0.255532,0.503428,-0.627361,0.594118,-0.000325,-0.001118,-0.000739,-2.2e-05,1.2e-05,-7e-06,0.394818
679,0.091294,-0.011923,0.40533,-0.174947,0.616709,-0.767535,-0.805782,-0.537594,-0.248357,-0.565576,0.574247,0.591939,-0.000521,-0.00178,-0.001181,-0.001436,0.010631,-0.026748,0.43725,-0.061191,0.009567,0.418295,-0.285689,-0.950287,-0.123804,0.874778,-0.205983,-0.438484,0.391517,-0.232357,0.890274,0.014886,-0.00778,0.00992,-0.032765,-0.006958,-0.022356,-1.405139,0.049202,0.039471,-0.008688,0.321644,0.942933,-0.086144,-0.83791,0.241084,-0.489678,-0.440966,0.229683,0.867636,0.007223,-0.003263,0.005309,-0.032043,-0.016882,0.004477,-0.965661,0.08342,0.033288,-0.05021,0.104983,-0.638162,-0.762709,0.857643,0.446337,-0.255402,0.503413,-0.62732,0.594174,-3.5e-05,-0.000122,-8e-05,-1.2e-05,4e-06,-1e-06,0.395471
680,0.091289,-0.011938,0.405321,-0.174988,0.616696,-0.767536,-0.805776,-0.537617,-0.248325,-0.565572,0.574238,0.591951,-0.000339,-0.001157,-0.000768,0.0,0.0,0.0,0.437504,-0.060845,0.009438,0.418473,-0.28575,-0.949953,-0.126209,0.876038,-0.205698,-0.436096,0.388643,-0.233964,0.891112,0.015061,-0.008264,0.00964,-0.027658,-0.086369,0.190869,-1.405596,0.049374,0.039406,-0.008599,0.321684,0.94269,-0.088621,-0.839412,0.240629,-0.487323,-0.43807,0.231154,0.868712,0.007659,-0.004525,0.004579,-0.028765,-0.013918,0.006546,-0.968764,0.083418,0.033281,-0.050215,0.105047,-0.63815,-0.76271,0.857639,0.446373,-0.255354,0.503408,-0.627306,0.594193,-0.000213,-0.000727,-0.000482,-0.001445,0.010633,-0.026743,0.395471
681,0.091291,-0.011938,0.405333,-0.175127,0.616659,-0.767533,-0.805772,-0.537679,-0.248205,-0.565535,0.57422,0.592005,7e-05,0.000238,0.000158,0.0,0.0,0.0,0.436993,-0.060178,0.009101,0.418787,-0.28602,-0.949515,-0.12886,0.877481,-0.205651,-0.433207,0.385171,-0.235765,0.892144,0.015737,-0.010162,0.008536,-0.032699,-0.007109,-0.022424,-1.405357,0.049708,0.039238,-0.008442,0.322272,0.942242,-0.09121,-0.840976,0.24073,-0.484569,-0.434624,0.232869,0.869984,0.007735,-0.004708,0.004475,-0.02914,-0.014377,0.006254,-0.972356,0.083418,0.033279,-0.05021,0.105188,-0.638129,-0.762709,0.857641,0.446436,-0.255234,0.503374,-0.627284,0.594246,5.3e-05,0.000184,0.000122,-1.2e-05,6e-06,-7e-06,0.395307
682,0.09129,-0.011931,0.405313,-0.175114,0.616654,-0.767541,-0.805743,-0.537706,-0.24824,-0.565579,0.574202,0.59198,-2.6e-05,-9e-05,-6e-05,0.0,0.0,0.0,0.437141,-0.059484,0.008774,0.419232,-0.28595,-0.948246,-0.138034,0.882087,-0.204344,-0.424381,0.374546,-0.241898,0.895022,0.014532,-0.006614,0.010601,-0.03211,-0.017264,0.004498,-1.405508,0.050058,0.039067,-0.008224,0.32274,0.941144,-0.100432,-0.84621,0.239384,-0.476048,-0.423988,0.238626,0.873665,0.013402,-0.001498,0.0058,-0.023803,-0.026642,0.037502,-0.976275,0.083418,0.033283,-0.050219,0.105176,-0.638121,-0.762717,0.857616,0.446465,-0.255269,0.503419,-0.627271,0.594221,-1.1e-05,-3.6e-05,-2.3e-05,2e-06,2e-06,9e-06,0.395307
683,0.091299,-0.01197,0.405287,-0.175169,0.616634,-0.767545,-0.805736,-0.537738,-0.248194,-0.565573,0.574192,0.591995,-0.000497,-0.001701,-0.001129,-0.001435,0.010631,-0.026748,0.436799,-0.058865,0.00841,0.419767,-0.286925,-0.948106,-0.136969,0.886177,-0.208542,-0.413683,0.363987,-0.238863,0.900178,0.016571,-0.016189,0.020574,-0.351543,0.223562,0.0756,-1.405452,0.050365,0.038891,-0.007958,0.323729,0.940854,-0.09996,-0.850562,0.24312,-0.466299,-0.414417,0.235977,0.87896,0.00741,-0.003717,0.00505,-0.480198,0.365561,0.156228,-0.978562,0.083424,0.033267,-0.05023,0.105212,-0.638112,-0.76272,0.857614,0.446486,-0.25524,0.503416,-0.627266,0.594229,0.006559,-0.001488,-0.000985,0.00098,-0.014718,0.029552,0.395144
684,0.091305,-0.011994,0.405284,-0.175203,0.616627,-0.767542,-0.805746,-0.537741,-0.248154,-0.565548,0.574197,0.592014,-0.000256,-0.000874,-0.00058,0.0,0.0,0.0,0.4369,-0.058653,0.008215,0.419977,-0.287346,-0.948204,-0.135397,0.888432,-0.21117,-0.407467,0.358107,-0.236163,0.903244,0.00295,-0.012226,0.008427,-0.382491,0.303192,0.064385,-1.405602,0.050475,0.038796,-0.007847,0.324093,0.940881,-0.098521,-0.853098,0.245657,-0.460298,-0.408883,0.233228,0.88228,0.007416,-0.003724,0.005047,-0.575155,0.448,0.18811,-0.975296,0.083425,0.033253,-0.050233,0.105268,-0.638104,-0.762719,0.857623,0.4465,-0.255184,0.503388,-0.627263,0.594255,-0.00016,-0.000545,-0.000362,-3e-06,0.0,0.0,0.395307
685,0.09132,-0.012042,0.405239,-0.175259,0.6166,-0.767551,-0.805723,-0.537791,-0.24812,-0.565562,0.574179,0.592017,-0.000659,-0.002253,-0.001496,-0.001435,0.010631,-0.026748,0.436964,-0.058257,0.007855,0.420383,-0.289243,-0.948933,-0.125917,0.891222,-0.219086,-0.397062,0.349538,-0.225855,0.909217,0.002186,-0.010025,0.009713,-0.252824,0.183102,0.047707,-1.405981,0.05067,0.038613,-0.007651,0.325312,0.941506,-0.087969,-0.856607,0.254014,-0.449111,-0.400495,0.221456,0.889134,0.00114,-0.005164,0.004758,-0.349599,0.20075,0.26811,-0.976929,0.083434,0.033232,-0.050253,0.105304,-0.638088,-0.762727,0.857607,0.44654,-0.255166,0.503407,-0.627251,0.594252,-0.000173,-0.000593,-0.000395,-6e-06,-9e-06,-7e-06,0.395144
686,0.091297,-0.012099,0.405152,-0.171786,0.617554,-0.767569,-0.808809,-0.533181,-0.248029,-0.562219,0.577438,0.592032,-0.000776,-0.002653,-0.001763,-0.0,-0.0,0.0,0.437188,-0.057859,0.007672,0.420747,-0.286571,-0.95118,-0.114562,0.896819,-0.224405,-0.381172,0.337192,-0.210759,0.917467,0.013825,-0.004483,0.011856,-0.261918,0.176097,0.079838,-1.406175,0.05087,0.038516,-0.007467,0.321931,0.943681,-0.076323,-0.863222,0.259459,-0.433045,-0.388853,0.205295,0.898134,-0.000236,0.000646,0.000372,-0.225968,0.126353,0.262921,-0.97203,0.083422,0.033201,-0.050298,0.101756,-0.638665,-0.762726,0.860189,0.441624,-0.255033,0.499719,-0.630138,0.594311,-0.00041,-0.001406,-0.000934,0.000105,5.3e-05,-0.000143,0.395144
687,0.091283,-0.012142,0.405112,-0.171914,0.617512,-0.767574,-0.808776,-0.53327,-0.247942,-0.562226,0.577401,0.592061,-0.000766,-0.002618,-0.001741,-0.0,-0.0,0.0,0.436673,-0.057704,0.007588,0.420885,-0.282819,-0.953424,-0.104819,0.900457,-0.226409,-0.371282,0.330589,-0.198173,0.92266,0.014273,-0.00575,0.011119,-0.631613,0.485263,0.200001,-1.406178,0.050946,0.038477,-0.007396,0.317685,0.945733,-0.068291,-0.866963,0.260548,-0.424839,-0.383992,0.194171,0.902688,7.4e-05,-0.000232,-0.000142,-0.639209,0.471012,0.397958,-0.973336,0.083415,0.03318,-0.050318,0.10189,-0.638636,-0.762732,0.860165,0.44172,-0.254946,0.499732,-0.6301,0.59434,-0.000445,-0.001524,-0.001013,-0.001329,0.010676,-0.026843,0.395471
688,0.09126,-0.01222,0.40506,-0.168482,0.618453,-0.767577,-0.811889,-0.528602,-0.247766,-0.558773,0.580672,0.592132,-0.000636,-0.002173,-0.001446,-0.001434,0.010635,-0.026746,0.435578,-0.057563,0.007352,0.421009,-0.277444,-0.957454,-0.079363,0.908538,-0.234749,-0.345523,0.312517,-0.166746,0.93509,0.001372,-0.003901,-0.002278,-0.923667,0.72948,0.417814,-1.406186,0.051021,0.038361,-0.007327,0.310783,0.94952,-0.042714,-0.8766,0.268965,-0.399035,-0.367404,0.161456,0.915939,0.000703,-0.002011,-0.001185,-1.062292,0.845279,0.463673,-0.979215,0.083403,0.03314,-0.050345,0.098345,-0.639212,-0.762716,0.862769,0.436722,-0.254759,0.49594,-0.632994,0.594442,-0.000109,-0.000375,-0.000248,0.000188,7.4e-05,-0.000211,0.394164
689,0.091234,-0.012238,0.405048,-0.168593,0.618425,-0.767576,-0.811874,-0.528664,-0.247683,-0.558761,0.580646,0.592168,-4.5e-05,-0.000154,-0.000102,0.0,0.0,0.0,0.434669,-0.0575,0.007247,0.421003,-0.283171,-0.957537,-0.054124,0.913316,-0.252142,-0.319707,0.292818,-0.138742,0.945977,0.000196,-0.000556,-0.000325,-0.464777,0.313465,0.333858,-1.406251,0.051055,0.038301,-0.007335,0.314726,0.949044,-0.016171,-0.882838,0.286428,-0.37223,-0.348631,0.131427,0.927999,0.006226,0.001618,0.000398,-0.528814,0.288622,0.570431,-0.979052,0.083389,0.033128,-0.050353,0.098485,-0.63919,-0.762716,0.862756,0.436806,-0.25466,0.495935,-0.632958,0.594485,-9e-06,-3.2e-05,-2.1e-05,0.000153,4.7e-05,-0.000113,0.392695
690,0.091177,-0.012218,0.405061,-0.168717,0.618399,-0.767569,-0.811857,-0.528732,-0.247594,-0.558749,0.580612,0.592214,0.000218,0.000743,0.000495,0.0,0.0,0.0,0.434439,-0.057476,0.007237,0.420984,-0.269745,-0.962279,-0.035334,0.921399,-0.247405,-0.299581,0.279855,-0.112141,0.953399,0.000352,-0.001001,-0.000585,-0.459618,0.235098,0.513969,-1.406528,0.051066,0.0383,-0.007342,0.300061,0.953919,0.001391,-0.892292,0.28119,-0.353193,-0.337308,0.104738,0.935548,0.000207,-0.000609,-0.000352,-0.580043,0.333943,0.543629,-0.987379,0.083361,0.033137,-0.050347,0.098615,-0.639177,-0.76271,0.862744,0.436881,-0.254572,0.49593,-0.632919,0.59453,0.000154,0.000522,0.000347,0.000105,3.1e-05,-8e-05,0.392368
691,0.091171,-0.012202,0.405072,-0.168843,0.618364,-0.767569,-0.81184,-0.528803,-0.247498,-0.558735,0.580584,0.592254,0.000219,0.000748,0.000498,0.0,0.0,0.0,0.433241,-0.057464,0.007208,0.420955,-0.259435,-0.96535,-0.028028,0.92586,-0.240482,-0.291353,0.27482,-0.100307,0.956178,0.000826,-0.002348,-0.001373,-0.327744,0.709801,-1.283481,-1.406577,0.051071,0.038288,-0.007355,0.291218,0.95662,0.008361,-0.897019,0.27609,-0.345152,-0.332488,0.093015,0.938509,0.000716,-0.001419,-0.001035,-0.27736,1.822765,-4.812454,-0.992441,0.083358,0.033146,-0.050341,0.098746,-0.639156,-0.76271,0.862734,0.436956,-0.254476,0.495921,-0.632888,0.59457,0.000146,0.000496,0.000329,8.8e-05,1.7e-05,-7.1e-05,0.392042
692,0.091153,-0.012191,0.405079,-0.165207,0.619349,-0.767567,-0.814953,-0.524001,-0.247479,-0.555285,0.583874,0.592265,0.0,1e-06,1e-06,-0.0,-0.0,0.0,0.433176,-0.057387,0.007153,0.420837,-0.252588,-0.967528,-0.008918,0.929961,-0.240336,-0.278109,0.26723,-0.077309,0.960455,0.01357,9.6e-05,-0.001047,-0.505412,0.38381,0.153788,-1.406331,0.051104,0.038261,-0.007413,0.281469,0.959223,0.025795,-0.902074,0.273673,-0.333713,-0.327165,0.070661,0.942321,0.000547,-0.001569,-0.000915,-0.629457,0.435546,0.380159,-1.002075,0.08335,0.033154,-0.050336,0.095013,-0.639749,-0.762688,0.865321,0.431837,-0.254429,0.492128,-0.635796,0.594619,-0.006611,0.001329,0.000878,-0.000803,0.014773,-0.029722,0.391062
693,0.091109,-0.012197,0.405075,-0.165488,0.619276,-0.767565,-0.814916,-0.524159,-0.247267,-0.555255,0.583809,0.592356,-7.3e-05,-0.000247,-0.000165,0.0,0.0,0.0,0.433237,-0.057303,0.00709,0.420795,-0.252608,-0.967405,0.017571,0.929388,-0.247767,-0.273464,0.269199,-0.051518,0.961634,0.00103,-0.002923,-0.001713,-0.328559,0.194903,0.254403,-1.407047,0.051151,0.038228,-0.007435,0.279834,0.958559,0.053438,-0.901898,0.281554,-0.327574,-0.329045,0.043471,0.943312,0.000295,-0.000854,-0.000495,-0.406827,0.294731,0.1031,-1.002239,0.083328,0.03315,-0.050338,0.095306,-0.639705,-0.762687,0.865299,0.432007,-0.254218,0.492111,-0.635724,0.59471,-3.6e-05,-0.000128,-8.7e-05,0.000135,4.2e-05,-0.0001,0.390899
694,0.091092,-0.012186,0.405082,-0.165516,0.619272,-0.767563,-0.814912,-0.524174,-0.247248,-0.555253,0.583801,0.592367,0.000133,0.000453,0.000302,0.0,0.0,0.0,0.433914,-0.057237,0.007052,0.420745,-0.243181,-0.969392,0.033651,0.93226,-0.243276,-0.267662,0.267938,-0.032486,0.962817,0.001296,-0.003675,-0.002155,-0.49281,0.687382,0.194248,-1.406928,0.051179,0.038211,-0.007459,0.269733,0.960631,0.066562,-0.90495,0.276509,-0.32343,-0.329102,0.027004,0.943907,0.000622,-0.001776,-0.001062,1.387285,2.3956,0.321642,-1.004688,0.083318,0.033154,-0.050335,0.095336,-0.639704,-0.762685,0.865295,0.432025,-0.254199,0.492112,-0.635714,0.59472,0.000108,0.000364,0.000242,0.000102,5.3e-05,-8.5e-05,0.390899
695,0.091054,-0.012171,0.405092,-0.165592,0.619257,-0.767558,-0.814902,-0.524216,-0.247194,-0.555245,0.583779,0.592395,1e-06,2e-06,1e-06,0.0,0.0,0.0,0.434013,-0.056781,0.006905,0.420683,-0.237392,-0.969499,0.060892,0.937151,-0.245175,-0.248134,0.25577,-0.000608,0.966666,0.014701,-0.003037,-0.002899,-0.64537,0.538718,0.032352,-1.407494,0.051411,0.038137,-0.00749,0.262081,0.960287,0.095713,-0.911342,0.2789,-0.302768,-0.317439,-0.007878,0.948245,0.00742,-0.001723,-0.001573,-0.674195,0.549425,0.03958,-0.99587,0.0833,0.033164,-0.050329,0.095417,-0.639696,-0.762681,0.865288,0.432072,-0.254146,0.49211,-0.635689,0.594748,-2e-06,-7e-06,-3e-06,7.2e-05,3.4e-05,-4.4e-05,0.391552
696,0.091018,-0.012186,0.405082,-0.165727,0.619224,-0.767556,-0.814884,-0.524291,-0.247094,-0.555231,0.583747,0.59244,-0.000101,-0.000346,-0.00023,0.0,0.0,0.0,0.433881,-0.056303,0.006656,0.420493,-0.224692,-0.969963,0.093141,0.943319,-0.240578,-0.228481,0.244286,0.037755,0.968897,0.01573,-0.005864,-0.004584,-0.542114,0.479924,-0.022164,-1.40763,0.051639,0.038017,-0.007582,0.247752,0.960509,0.126649,-0.918668,0.274425,-0.284146,-0.307681,-0.045951,0.950379,0.007905,-0.003048,-0.002366,-0.833135,0.715459,0.07401,-0.993095,0.083282,0.033156,-0.050334,0.095556,-0.639678,-0.762679,0.865277,0.432151,-0.254046,0.492101,-0.635654,0.594794,-6.3e-05,-0.000213,-0.000142,4.2e-05,1.2e-05,-5.1e-05,0.391878
697,0.09097,-0.012169,0.405094,-0.16597,0.619163,-0.767552,-0.814851,-0.524427,-0.246912,-0.555205,0.583689,0.592521,1e-05,3.4e-05,2.2e-05,0.0,0.0,0.0,0.433235,-0.055686,0.006413,0.420339,-0.206596,-0.971319,0.117683,0.951601,-0.227532,-0.206441,0.227534,0.070569,0.971139,0.028097,-0.002122,-0.003527,-0.675671,0.647293,-0.13531,-1.407781,0.051949,0.037889,-0.007662,0.227968,0.962135,0.149414,-0.928685,0.260965,-0.263514,-0.292528,-0.078686,0.953013,0.008834,-0.007515,0.002796,-0.75181,0.755074,-0.370022,-0.991462,0.083258,0.033164,-0.050329,0.095806,-0.639644,-0.762677,0.865259,0.432293,-0.253865,0.492083,-0.635592,0.594874,6e-06,2.1e-05,1.6e-05,4.4e-05,6e-06,-2.6e-05,0.391388
698,0.090943,-0.012156,0.405103,-0.166022,0.619153,-0.767549,-0.814844,-0.524455,-0.246876,-0.5552,0.583674,0.592541,1.2e-05,4e-05,2.7e-05,0.0,0.0,0.0,0.433001,-0.05529,0.006303,0.420267,-0.198265,-0.971698,0.128394,0.955342,-0.220952,-0.196053,0.2191,0.085021,0.97192,0.015925,-0.006258,-0.004857,-0.747212,0.729764,-0.138838,-1.40786,0.052152,0.037836,-0.007698,0.218985,0.962659,0.159159,-0.933192,0.25427,-0.253966,-0.284952,-0.092911,0.954027,0.007995,-0.003214,-0.002489,-0.288251,0.421828,-0.4754,-0.993748,0.083245,0.033171,-0.050324,0.095859,-0.639639,-0.762674,0.865255,0.432323,-0.253829,0.49208,-0.635576,0.594894,3e-06,1.3e-05,1e-05,3.3e-05,5e-06,-3e-05,0.391225
699,0.090894,-0.012183,0.405096,-0.166219,0.619109,-0.767541,-0.814833,-0.524548,-0.246716,-0.555158,0.583638,0.592617,-0.000341,-0.001162,-0.000774,0.0,0.0,0.0,0.433012,-0.054462,0.006084,0.420085,-0.178963,-0.973124,0.144891,0.961686,-0.204189,-0.182758,0.207634,0.107865,0.972171,0.016295,-0.00716,-0.005425,-0.447921,0.567773,-0.41554,-1.407975,0.052572,0.037724,-0.00779,0.198496,0.964274,0.175425,-0.941206,0.237463,-0.240292,-0.273365,-0.117414,0.954716,0.008171,-0.003639,-0.002763,-0.500368,0.611648,-0.394773,-0.989665,0.083221,0.033159,-0.050326,0.09606,-0.639616,-0.762667,0.865254,0.432418,-0.25367,0.492044,-0.635534,0.594969,-0.000226,-0.000767,-0.000509,9e-06,9e-06,-3.6e-05,0.391225
700,0.090898,-0.0122,0.405073,-0.166097,0.619138,-0.767545,-0.814834,-0.524496,-0.246822,-0.555193,0.583654,0.592568,-3.4e-05,-0.000116,-7.8e-05,0.0,0.0,0.0,0.43234,-0.053472,0.005916,0.419881,-0.161601,-0.974198,0.157527,0.966447,-0.1886,-0.174192,0.199588,0.125325,0.971762,0.028931,-0.00398,-0.004723,-0.225052,0.308971,-0.267624,-1.407912,0.053049,0.037645,-0.007888,0.181104,0.965539,0.186906,-0.946866,0.222549,-0.232196,-0.26579,-0.134923,0.954541,0.014619,-0.002408,-0.002627,-0.348049,0.42576,-0.250448,-0.987216,0.083222,0.033148,-0.050339,0.095936,-0.639631,-0.762671,0.865249,0.432367,-0.253775,0.492077,-0.635554,0.59492,-1.4e-05,-4.3e-05,-2.8e-05,1.7e-05,-4e-06,-1.1e-05,0.390735
701,0.090906,-0.012209,0.405067,-0.162424,0.620109,-0.767547,-0.817926,-0.519661,-0.246823,-0.551727,0.586934,0.592565,-2e-05,-6.7e-05,-4.4e-05,-0.0,-0.0,0.0,0.431805,-0.053004,0.005765,0.419754,-0.165878,-0.971928,0.166827,0.965963,-0.194264,-0.170617,0.198422,0.134077,0.970832,0.017653,-0.010658,-0.007585,-0.533191,0.610523,-0.203617,-1.407936,0.053286,0.037577,-0.007948,0.184307,0.963318,0.195058,-0.946182,0.227613,-0.230065,-0.266024,-0.142158,0.953426,0.015026,-0.003474,-0.003278,-0.077929,0.182659,-0.193031,-0.986236,0.083226,0.033144,-0.050342,0.092165,-0.640208,-0.762652,0.867814,0.427211,-0.253749,0.488266,-0.638454,0.594956,-3e-06,-1.3e-05,-1e-05,9.8e-05,5.9e-05,-0.000218,0.390245
702,0.0909,-0.01223,0.405053,-0.162487,0.620092,-0.767547,-0.817918,-0.519696,-0.246775,-0.55172,0.58692,0.592584,-0.000225,-0.000764,-0.000509,-0.0,-0.0,0.0,0.431158,-0.052352,0.005255,0.419406,-0.174526,-0.967782,0.181466,0.963266,-0.20608,-0.171994,0.204047,0.146007,0.967941,0.006629,-0.018047,-0.010927,0.118922,0.031884,1.238418,-1.408035,0.053622,0.037321,-0.008123,0.190244,0.958654,0.211631,-0.943784,0.237947,-0.229459,-0.270329,-0.156081,0.950031,0.009654,-0.007183,-0.005064,0.7826,-0.625714,5.022924,-0.966968,0.083223,0.033135,-0.050348,0.092234,-0.640197,-0.762653,0.867807,0.427254,-0.2537,0.488265,-0.638436,0.594975,-0.00017,-0.000581,-0.000386,0.000106,3.3e-05,-9.7e-05,0.388449
703,0.090926,-0.01225,0.40504,-0.162456,0.620096,-0.767551,-0.817923,-0.51968,-0.246795,-0.551724,0.586931,0.592571,-7.3e-05,-0.000249,-0.000166,0.0,0.0,0.0,0.431351,-0.051955,0.004658,0.419016,-0.170236,-0.967436,0.187293,0.964459,-0.202627,-0.1694,0.202026,0.153022,0.967282,0.005788,-0.01572,-0.009583,-0.355791,0.353824,0.074112,-1.408373,0.053826,0.037009,-0.008327,0.186829,0.958364,0.215945,-0.944646,0.235603,-0.228329,-0.2697,-0.161333,0.949332,0.002869,-0.007784,-0.004752,-0.520628,0.508604,0.147704,-0.967131,0.083236,0.033123,-0.050356,0.092206,-0.640197,-0.762656,0.867808,0.427241,-0.25372,0.488269,-0.638445,0.594962,-4.1e-05,-0.000138,-9.1e-05,7.9e-05,1.9e-05,-6e-05,0.387633
704,0.090961,-0.01231,0.405,-0.16248,0.620081,-0.767558,-0.81792,-0.519696,-0.24677,-0.55172,0.586932,0.592573,-0.000436,-0.001486,-0.00099,0.0,0.0,0.0,0.431049,-0.051785,0.004294,0.418625,-0.165375,-0.968095,0.18824,0.965189,-0.198154,-0.170523,0.202569,0.154712,0.966899,0.003239,-0.008788,-0.005383,-0.000616,0.009855,-0.027074,-1.408149,0.053913,0.036821,-0.008525,0.182062,0.958845,0.217871,-0.945702,0.231425,-0.228229,-0.269257,-0.16449,0.948917,0.00054,0.000513,-0.007604,0.036253,0.009397,-0.003339,-0.966968,0.083254,0.033096,-0.050374,0.092234,-0.640184,-0.762664,0.867805,0.42726,-0.253695,0.488268,-0.638445,0.594963,-0.000278,-0.000947,-0.000632,4.6e-05,1.9e-05,-4.3e-05,0.387959
705,0.090975,-0.012328,0.404975,-0.162477,0.620074,-0.767565,-0.817906,-0.519712,-0.246783,-0.551742,0.586926,0.592559,-0.000271,-0.000924,-0.000616,0.0,0.0,0.0,0.431195,-0.051758,0.004261,0.41845,-0.165141,-0.967697,0.19048,0.965505,-0.198108,-0.168778,0.201247,0.157262,0.966763,0.000401,0.002834,-0.014096,0.002462,0.041616,0.009142,-1.408455,0.053927,0.036801,-0.008609,0.181704,0.958361,0.220289,-0.946179,0.231404,-0.226267,-0.267821,-0.167319,0.948828,0.00095,-0.002559,-0.001572,-0.013285,0.012664,0.002794,-0.967948,0.08326,0.033085,-0.050388,0.092233,-0.640176,-0.76267,0.867792,0.427279,-0.253708,0.488291,-0.63844,0.59495,-0.000162,-0.000554,-0.000371,4e-05,1.1e-05,-3.3e-05,0.387959
706,0.090963,-0.012364,0.404939,-0.162585,0.620039,-0.76757,-0.817877,-0.51979,-0.246712,-0.551752,0.586893,0.592582,0.000367,0.008814,-0.010487,0.035233,-0.015521,0.01701,0.430763,-0.052144,0.004214,0.417987,-0.163559,-0.967004,0.195302,0.96542,-0.197694,-0.169751,0.202943,0.162007,0.965625,-0.024912,-0.003662,-0.015622,-0.098013,0.498779,0.073585,-1.408084,0.053742,0.036786,-0.008837,0.179691,0.958053,0.223258,-0.945755,0.230691,-0.228752,-0.27066,-0.170043,0.947537,-0.006112,-0.000234,-0.007455,0.140064,1.192289,0.166829,-0.975459,0.083254,0.033063,-0.050402,0.092362,-0.640155,-0.762672,0.867784,0.427354,-0.253612,0.488282,-0.638411,0.594988,-0.000117,-0.000402,-0.000268,2.9e-05,1.4e-05,-1.7e-05,0.38747
707,0.090969,-0.012366,0.404914,-0.162713,0.619992,-0.76758,-0.817831,-0.519897,-0.246637,-0.551782,0.586847,0.592599,-2e-06,-7e-06,-5e-06,0.0,0.0,0.0,0.430656,-0.053078,0.004311,0.417291,-0.161586,-0.966662,0.198612,0.965716,-0.19639,-0.16958,0.203113,0.165623,0.964975,-0.02642,0.000466,-0.013085,-0.065876,0.124483,0.002074,-1.408101,0.053287,0.036826,-0.009179,0.177612,0.957371,0.227801,-0.946329,0.229672,-0.2274,-0.270026,-0.175186,0.946781,-0.0132,0.000226,-0.006535,-0.121876,0.177907,0.024392,-0.982644,0.083257,0.033065,-0.050419,0.092477,-0.640121,-0.762687,0.867738,0.427475,-0.253564,0.488341,-0.638364,0.594989,1.1e-05,3.3e-05,2.2e-05,-0.009876,0.073414,-0.184598,0.387469
708,0.09098,-0.012354,0.404897,-0.162511,0.620037,-0.767587,-0.817828,-0.519818,-0.246816,-0.551847,0.586871,0.592515,-0.0,-0.0,-0.0,0.0,0.0,0.0,0.430818,-0.053644,0.004399,0.416993,-0.160063,-0.966769,0.199323,0.965782,-0.195189,-0.170588,0.204003,0.16642,0.96465,-0.039688,-0.001038,-0.012777,0.026106,0.049475,-0.062266,-1.408415,0.052999,0.036873,-0.009338,0.17605,0.957462,0.228631,-0.946398,0.228524,-0.228268,-0.270805,-0.17619,0.946372,-0.014665,0.006222,-0.010763,0.074972,0.014733,0.013257,-0.984767,0.083263,0.033071,-0.050427,0.092271,-0.640144,-0.762693,0.867726,0.427394,-0.253742,0.488403,-0.638396,0.594906,0.000293,0.004778,-0.004997,0.035246,-0.015537,0.016969,0.387306
709,0.090972,-0.012344,0.404903,-0.162514,0.620037,-0.767586,-0.817828,-0.519819,-0.246815,-0.551847,0.586869,0.592518,0.0,1e-06,1e-06,0.0,0.0,0.0,0.43085,-0.055079,0.004526,0.416278,-0.154233,-0.965128,0.211497,0.965516,-0.192728,-0.174839,0.209675,0.178458,0.961277,-0.038902,-0.00312,-0.014061,-0.053056,0.127126,-0.031919,-1.408509,0.052293,0.036944,-0.009681,0.169584,0.955761,0.240336,-0.945881,0.226314,-0.232573,-0.276676,-0.187888,0.942416,-0.019359,-0.001791,-0.00715,-0.088306,0.156823,-0.019521,-0.970887,0.083259,0.033077,-0.050424,0.092275,-0.640144,-0.762692,0.867725,0.427396,-0.253741,0.488403,-0.638393,0.594908,-2e-06,2e-06,1e-06,1.4e-05,-1.7e-05,-3.3e-05,0.38747
710,0.090973,-0.012352,0.404923,-0.162671,0.620004,-0.76758,-0.817837,-0.519874,-0.246669,-0.551786,0.586856,0.592586,1.9e-05,6.5e-05,4.3e-05,-0.009902,0.073415,-0.184577,0.4301,-0.056593,0.004474,0.415701,-0.144189,-0.962917,0.228018,0.96489,-0.187995,-0.183241,0.219471,0.194808,0.9559,-0.038706,-0.003607,-0.014365,0.015556,0.164866,-0.268394,-1.408239,0.051506,0.03692,-0.009983,0.158171,0.953514,0.256501,-0.944931,0.221544,-0.240877,-0.286506,-0.204276,0.936047,-0.019352,-0.001787,-0.007147,0.039642,0.122208,-0.285512,-0.960926,0.08326,0.033073,-0.050414,0.092288,-0.640152,-0.762684,0.86775,0.427367,-0.253706,0.488357,-0.638406,0.594932,9e-06,3.5e-05,2.3e-05,1.4e-05,1e-06,-2.2e-05,0.387143
711,0.090943,-0.012353,0.404935,-0.16276,0.619989,-0.767573,-0.81784,-0.519906,-0.246592,-0.551756,0.586843,0.592628,-8.1e-05,-0.000276,-0.000184,0.0,0.0,0.0,0.429842,-0.058109,0.004289,0.41527,-0.136105,-0.958402,0.250863,0.963853,-0.186706,-0.189899,0.228985,0.217159,0.948826,-0.03918,-0.002197,-0.013507,0.447234,0.930092,-0.406985,-1.408014,0.050763,0.036826,-0.010195,0.149111,0.948951,0.27795,-0.943606,0.220582,-0.24688,-0.295588,-0.225463,0.928328,-0.018647,-0.005689,-0.001664,1.749595,2.241665,-0.318746,-0.962723,0.083245,0.033073,-0.050408,0.092526,-0.640122,-0.76268,0.867747,0.427484,-0.253518,0.488316,-0.638357,0.595018,-4.8e-05,-0.000159,-0.000107,4e-06,-2e-06,-2.2e-05,0.38698
712,0.090904,-0.012345,0.40494,-0.162714,0.620009,-0.767567,-0.817845,-0.519878,-0.246632,-0.551761,0.586848,0.592618,-0.013226,0.002684,0.001776,-0.000984,0.014715,-0.029553,0.430096,-0.058871,0.004136,0.415132,-0.138879,-0.95434,0.26446,0.962261,-0.193209,-0.191464,0.233969,0.229094,0.944795,-0.037414,-0.011042,-0.003126,-0.338985,0.661864,0.21175,-1.408292,0.050382,0.036752,-0.010268,0.150045,0.945107,0.290271,-0.941215,0.226422,-0.250692,-0.302655,-0.235593,0.923523,-0.019636,-0.000924,-0.006625,0.539562,0.149925,1.170827,-0.9606,0.08323,0.033075,-0.050406,0.092453,-0.640139,-0.762675,0.867751,0.427441,-0.253576,0.488323,-0.638369,0.594999,-1e-06,-2e-06,1e-06,1e-05,8e-06,-7e-06,0.38698
713,0.090816,-0.012326,0.404964,-0.162928,0.619969,-0.767553,-0.817832,-0.519978,-0.246466,-0.551718,0.5868,0.592705,1.9e-05,6.5e-05,4.3e-05,0.0,0.0,0.0,0.429774,-0.060397,0.003607,0.415055,-0.134193,-0.94767,0.289666,0.960392,-0.196466,-0.19744,0.244163,0.252893,0.936105,-0.037113,-0.011938,-0.003684,1.662582,2.421891,-0.542734,-1.40808,0.049618,0.03649,-0.010306,0.14501,0.938128,0.314463,-0.93966,0.230106,-0.253159,-0.309856,-0.258778,0.914889,-0.01758,-0.010711,0.003183,-0.460583,0.605504,-0.302767,-0.95815,0.083181,0.033086,-0.050393,0.092695,-0.64012,-0.762661,0.867747,0.427558,-0.253393,0.488284,-0.638309,0.595095,9e-06,3.5e-05,2.6e-05,1e-05,-4e-06,-6e-06,0.386816
714,0.090717,-0.012297,0.405045,-0.163297,0.619909,-0.767523,-0.817857,-0.520097,-0.246132,-0.551571,0.586758,0.592883,0.00053,0.001802,0.001201,0.0,0.0,0.0,0.42798,-0.06178,0.002874,0.415187,-0.135409,-0.938873,0.316504,0.956085,-0.207679,-0.206654,0.259899,0.275805,0.925336,-0.035427,-0.020721,0.00674,1.764063,2.345116,-0.852041,-1.408103,0.048927,0.036125,-0.010244,0.14448,0.928567,0.341888,-0.934545,0.2416,-0.261253,-0.325191,-0.281764,0.902695,-0.018614,-0.005854,-0.001747,-0.22806,0.404443,-0.359704,-0.955048,0.083131,0.033097,-0.050355,0.093069,-0.6401,-0.762632,0.867785,0.427676,-0.253061,0.488144,-0.63825,0.595273,0.000312,0.001067,0.000713,0.001445,-0.010639,0.02674,0.385673
715,0.090686,-0.012282,0.405104,-0.163358,0.619919,-0.767503,-0.817907,-0.520061,-0.246041,-0.551479,0.58678,0.592948,4e-05,-0.007424,0.011414,-0.03523,0.015539,-0.017001,0.427706,-0.062434,0.002602,0.415275,-0.137564,-0.933304,0.331679,0.953105,-0.215914,-0.211906,0.269536,0.288151,0.918794,-0.025559,-0.005558,-0.000992,1.622445,-0.680864,4.550749,-1.408457,0.048611,0.035987,-0.010203,0.139398,0.92322,0.358095,-0.931627,0.244835,-0.26856,-0.335614,-0.296175,0.894227,-0.012948,-0.002296,-0.000172,-0.151764,0.769367,-0.497778,-0.950802,0.083115,0.033108,-0.050329,0.093132,-0.64011,-0.762616,0.867819,0.427657,-0.252978,0.488073,-0.638253,0.595329,-0.006429,0.001973,0.001308,-0.000978,0.014711,-0.029556,0.38502
716,0.090672,-0.012262,0.405204,-0.163361,0.619957,-0.767471,-0.818009,-0.519942,-0.245955,-0.551327,0.586846,0.593024,0.000529,0.001798,0.001197,0.0,0.0,0.0,0.42676,-0.063563,0.002257,0.415445,-0.140477,-0.920291,0.365133,0.946326,-0.233278,-0.223565,0.291074,0.315289,0.903179,-0.026259,-0.003393,0.000324,-0.110524,0.455359,-0.01171,-1.408607,0.048023,0.035806,-0.010114,0.144273,0.908489,0.392215,-0.922381,0.266994,-0.279151,-0.358325,-0.321498,0.876493,-0.013148,-0.001667,0.000208,-0.119726,0.433909,-0.011073,-0.945577,0.083109,0.033119,-0.050279,0.093111,-0.640152,-0.762584,0.867909,0.427516,-0.252907,0.487916,-0.638306,0.5954,0.000359,0.001228,0.000818,0.001444,-0.010626,0.026745,0.383387
