frame,MLTx,MLTy,MLTz,MLTR1,MLTR2,MLTR3,MLTR4,MLTR5,MLTR6,MLTR7,MLTR8,MLTR9,MLTTVx,MLTTVy,MLTTVz,MLTRVx,MLTRVy,MLTRVz,MLGA,MRTx,MRTy,MRTz,MRTR1,MRTR2,MRTR3,MRTR4,MRTR5,MRTR6,MRTR7,MRTR8,MRTR9,MRTTVx,MRTTVy,MRTTVz,MRTRVx,MRTRVy,MRTRVz,MRGA,SLTx,SLTy,SLTz,SLTR1,SLTR2,SLTR3,SLTR4,SLTR5,SLTR6,SLTR7,SLTR8,SLTR9,SLTTVx,SLTTVy,SLTTVz,SLTRVx,SLTRVy,SLTRVz,SLGA,SRTx,SRTy,SRTz,SRTR1,SRTR2,SRTR3,SRTR4,SRTR5,SRTR6,SRTR7,SRTR8,SRTR9,SRTTVx,SRTTVy,SRTTVz,SRTRVx,SRTRVy,SRTRVz,SRGA
805,0.129706,-0.00333,0.298529,-0.325199,-0.314679,-0.891778,-0.483346,-0.755229,0.442695,-0.812405,0.57539,0.094614,-0.042639,-0.103518,-0.034309,0.319704,0.881976,-1.680467,-1.904965,-0.2012,-0.016691,0.238081,-0.346314,0.65167,0.674821,-0.054815,-0.732059,0.678984,0.936893,0.197333,0.288368,0.087494,-0.023296,-0.09978,0.493108,-1.033449,1.910989,0.385843,0.021604,0.049212,-0.041274,0.240732,-0.613088,0.752443,0.037819,0.780578,0.623912,-0.969854,-0.121739,0.211096,0.043709,-0.012146,-0.050702,0.044512,0.41976,-0.365691,0.319599,0.066369,0.052483,-0.057601,0.311608,0.274195,-0.909789,0.425056,0.8161,0.391543,0.849839,-0.50872,0.137755,-0.021432,-0.052213,-0.017586,5.223457,-1.516131,-2.169117,-1.066143
806,0.128851,-0.005448,0.297863,-0.345725,-0.334836,-0.876587,-0.444429,-0.764329,0.467178,-0.826005,0.55151,0.116532,-0.043553,-0.106269,-0.038309,1.427455,0.734652,-1.356243,-1.905019,-0.199367,-0.017145,0.23613,-0.347823,0.659259,0.666624,-0.061445,-0.725416,0.685514,0.935923,0.196649,0.291959,0.088023,-0.02218,-0.099485,0.195428,-0.165014,0.414289,0.410502,0.022519,0.048983,-0.042252,0.242439,-0.621042,0.745338,0.043429,0.774435,0.631161,-0.969194,-0.120649,0.214725,0.044287,-0.016977,-0.046099,0.045319,0.220114,-0.257066,0.337724,0.065942,0.051425,-0.05794,0.330965,0.297669,-0.895463,0.388515,0.821797,0.416777,0.859951,-0.48584,0.156337,-0.021722,-0.053177,-0.019147,-0.134713,1.128338,-1.387879,-1.066633
807,0.127099,-0.009642,0.29618,-0.398074,-0.352089,-0.847122,-0.410964,-0.757148,0.507748,-0.81968,0.550693,0.157763,-0.045211,-0.110516,-0.045333,-0.048708,1.095982,-0.96503,-1.905211,-0.195432,-0.018227,0.232565,-0.356246,0.66724,0.654119,-0.072628,-0.717598,0.692612,0.931956,0.198395,0.303252,0.090299,-0.042597,-0.082678,0.090933,-0.243497,0.322427,0.439522,0.024525,0.048439,-0.044083,0.252785,-0.631113,0.733344,0.054693,0.766071,0.640424,-0.965974,-0.121781,0.228169,0.052915,-0.014924,-0.044712,0.244446,-0.640148,0.943191,0.384425,0.065066,0.049317,-0.058777,0.381522,0.320223,-0.86712,0.350653,0.817821,0.4563,0.855267,-0.478147,0.19973,-0.022608,-0.055557,-0.022938,-0.000658,1.369709,-1.022663,-1.048834
808,0.125049,-0.013798,0.294187,-0.434579,-0.32637,-0.839445,-0.40874,-0.759076,0.506663,-0.802028,0.563704,0.197527,-0.060891,-0.099295,-0.056465,0.166393,1.135118,0.271733,-1.905496,-0.191534,-0.019587,0.229405,-0.378058,0.667167,0.641835,-0.088543,-0.716063,0.692349,0.921957,0.20408,0.32895,0.092049,-0.034987,-0.071914,0.290789,-0.610813,0.34522,0.4481,0.026438,0.047762,-0.045652,0.27493,-0.63278,0.723879,0.070035,0.764073,0.641316,-0.958909,-0.125621,0.254383,0.046001,-0.017741,-0.03637,0.825402,-2.080416,2.278147,0.411858,0.064051,0.04723,-0.059774,0.420985,0.300723,-0.855766,0.34734,0.818087,0.458353,0.837929,-0.490202,0.23995,-0.030816,-0.056184,-0.025242,0.112555,1.277397,-0.452411,-1.045079
809,0.123845,-0.015775,0.293122,-0.443926,-0.299323,-0.844619,-0.412841,-0.768265,0.489188,-0.794769,0.566225,0.218536,-0.061142,-0.097671,-0.055874,0.444521,1.60235,0.366633,-1.904994,-0.189914,-0.020282,0.228177,-0.391225,0.667889,0.633134,-0.098231,-0.714238,0.692928,0.915475,0.208058,0.34421,0.092779,-0.031503,-0.066667,0.315472,-0.441586,-0.063183,0.438838,0.027283,0.047399,-0.046297,0.28926,-0.63574,0.715655,0.07985,0.761034,0.643777,-0.953914,-0.129074,0.2709,0.038747,-0.021596,-0.028954,0.388528,-0.669369,0.022943,0.412347,0.063426,0.046198,-0.060335,0.431042,0.273328,-0.859938,0.352057,0.826544,0.439181,0.830818,-0.492052,0.260048,-0.030579,-0.049143,-0.028238,0.24328,0.971025,0.728509,-1.046222
810,0.121773,-0.019603,0.291148,-0.460091,-0.24945,-0.852136,-0.403242,-0.796346,0.450777,-0.790476,0.551323,0.266868,-0.046109,-0.094851,-0.054209,0.576643,1.638736,0.598377,-1.906238,-0.186944,-0.021474,0.225751,-0.406214,0.667669,0.623858,-0.10236,-0.711569,0.695073,0.908484,0.217651,0.356579,0.061819,-0.025988,-0.055299,0.022509,0.004422,-0.01664,0.430122,0.028756,0.04681,-0.047497,0.305606,-0.636548,0.708104,0.083618,0.758752,0.645989,-0.948479,-0.138208,0.285106,0.030644,-0.006658,-0.030467,0.037573,-0.126844,0.206159,0.401407,0.062383,0.044277,-0.061329,0.451241,0.223922,-0.863851,0.341138,0.851205,0.398841,0.824624,-0.474666,0.307711,-0.022963,-0.047302,-0.026878,0.708819,1.920794,0.810548,-1.047038
811,0.119694,-0.023329,0.289426,-0.494223,-0.193131,-0.847637,-0.395408,-0.818398,0.416953,-0.773622,0.541467,0.329165,-0.060718,-0.095424,-0.03565,0.713236,1.858389,0.924471,-1.908134,-0.185589,-0.021791,0.224743,-0.381938,0.656042,0.65094,-0.080965,-0.725277,0.683632,0.921059,0.207578,0.32928,-0.000111,-0.001228,-0.002338,-0.137935,0.352845,-0.287865,0.421137,0.029472,0.046606,-0.048092,0.279587,-0.622589,0.730898,0.06394,0.771641,0.632835,-0.957988,-0.130199,0.255549,0.008083,0.00037,-0.000105,-0.549887,1.738175,-2.320916,0.389977,0.061347,0.042405,-0.062208,0.488875,0.171592,-0.85531,0.332449,0.869827,0.364524,0.806522,-0.462554,0.368192,-0.029922,-0.041593,-0.021133,0.550867,1.489115,0.75297,-1.042793
812,0.117282,-0.026257,0.28813,-0.532347,-0.13604,-0.83555,-0.395303,-0.832847,0.387393,-0.74793,0.536689,0.390631,-0.041777,-0.060414,-0.036003,0.697086,1.65124,0.742437,-1.909876,-0.185523,-0.021345,0.22563,-0.354821,0.638353,0.68308,-0.057928,-0.744123,0.665477,0.933525,0.195755,0.300122,-0.014506,0.017423,0.034503,-0.023407,0.195959,-0.247995,0.425875,0.029517,0.046819,-0.047669,0.250554,-0.600556,0.759311,0.043761,0.790554,0.610826,-0.967112,-0.119817,0.224357,-0.007191,0.009423,0.018597,0.004839,0.186777,-0.294214,0.386711,0.060116,0.040897,-0.062881,0.532,0.116268,-0.838723,0.331915,0.882621,0.332885,0.778979,-0.455479,0.430963,-0.020724,-0.029655,-0.017237,0.65304,1.597144,0.712841,-1.046875
813,0.116384,-0.027368,0.28761,-0.547778,-0.109731,-0.829423,-0.403187,-0.834037,0.376555,-0.732415,0.540814,0.413662,-0.055526,-0.050762,-0.024672,-0.028248,1.21396,0.546277,-1.911639,-0.185533,-0.021105,0.226394,-0.361013,0.636092,0.681943,-0.055988,-0.744622,0.665085,0.931274,0.201125,0.303546,0.002455,0.007971,0.044283,0.165068,-0.140693,-0.199298,0.430576,0.029508,0.046961,-0.047256,0.256395,-0.599017,0.758577,0.041648,0.79093,0.610488,-0.965674,-0.124933,0.227738,0.001262,0.004509,0.023141,0.404445,-0.61072,0.210918,0.391446,0.059687,0.040357,-0.063137,0.549657,0.090327,-0.830492,0.339557,0.884152,0.320897,0.763268,-0.458383,0.455309,-0.019997,-0.026128,-0.012781,-0.921636,1.835748,1.138072,-1.050631
814,0.115091,-0.029127,0.286899,-0.566075,-0.07458,-0.821001,-0.402054,-0.844457,0.35386,-0.718992,0.530487,0.449067,-0.037,-0.029715,-0.019076,0.301247,0.732683,0.254816,-1.911748,-0.185266,-0.021015,0.228099,-0.413949,0.642995,0.644357,-0.070037,-0.728143,0.681789,0.908067,0.236288,0.345609,0.003039,-0.004685,0.049419,0.409599,-0.926156,0.479404,0.433202,0.029643,0.047025,-0.046377,0.312161,-0.611137,0.727369,0.05333,0.775693,0.628852,-0.94853,-0.157513,0.274734,0.009504,-0.002218,0.024187,0.840102,-2.089401,1.935815,0.398304,0.059034,0.039471,-0.063491,0.570042,0.057176,-0.819622,0.338779,0.892467,0.297877,0.748518,-0.447473,0.489374,-0.010931,-0.020909,-0.00555,0.350422,0.886114,0.356705,-1.058795
815,0.11407,-0.030104,0.28665,-0.554589,-0.045009,-0.830933,-0.419744,-0.847072,0.325969,-0.717848,0.52961,0.451923,-0.032776,-0.003374,-0.006817,0.045436,-0.048461,0.178724,-1.911219,-0.184627,-0.020877,0.230226,-0.468877,0.650515,0.597475,-0.104614,-0.71247,0.693813,0.877586,0.26199,0.401332,0.019602,0.002937,0.061088,0.435893,-0.844994,0.003626,0.43086,0.029956,0.047088,-0.045324,0.370736,-0.625647,0.686381,0.085923,0.758983,0.645415,-0.924755,-0.180303,0.335139,0.009442,0.007643,0.027448,0.637915,-1.138223,0.067671,0.396345,0.058521,0.038968,-0.063628,0.56118,0.025505,-0.827299,0.356752,0.894459,0.269571,0.746862,-0.446419,0.492854,-0.008765,-0.007533,0.000868,-0.006836,-0.13888,0.139199,-1.06696
816,0.113794,-0.030035,0.286532,-0.547951,-0.031943,-0.835928,-0.437446,-0.840816,0.318812,-0.712369,0.540403,0.447797,-0.015161,0.012028,-0.008081,-0.221789,-0.333356,0.858641,-1.911575,-0.18431,-0.020623,0.231454,-0.491393,0.645413,0.584778,-0.112126,-0.712618,0.692486,0.864259,0.2739,0.421777,0.019084,0.017952,0.059183,0.401344,-0.588189,-0.337245,0.430489,0.030108,0.047203,-0.044731,0.394936,-0.624168,0.674121,0.093984,0.75737,0.646186,-0.913888,-0.191846,0.357775,0.001858,0.002778,0.033484,0.55038,-1.169333,0.167037,0.396345,0.058377,0.038995,-0.06368,0.557295,0.014652,-0.830185,0.372621,0.889094,0.265829,0.742007,-0.45749,0.490028,-0.007493,0.006451,-0.003374,-4.587392,1.646127,2.613987,-1.072675
817,0.113915,-0.029492,0.286227,-0.531124,-0.044192,-0.846168,-0.442122,-0.837459,0.321187,-0.72217,0.544751,0.426313,0.001154,0.013415,-0.005072,-0.162762,-0.705455,0.174543,-1.911288,-0.18372,-0.020084,0.234018,-0.511457,0.624317,0.59045,-0.104421,-0.727075,0.678522,0.853537,0.284593,0.436286,0.01922,0.021794,0.06484,0.359511,-0.793576,0.270735,0.433961,0.030411,0.047481,-0.043422,0.414984,-0.602126,0.682079,0.08736,0.772585,0.628872,-0.905624,-0.201385,0.373212,0.001954,0.00476,0.036419,0.388917,-0.373258,-0.553467,0.397488,0.058434,0.039283,-0.063818,0.537919,0.022914,-0.842684,0.379844,0.885813,0.266556,0.752569,-0.463474,0.467792,0.008294,0.005661,-0.0034,-0.19657,-0.837489,0.086096,-1.062714
818,0.114213,-0.029211,0.285999,-0.503682,-0.060452,-0.861797,-0.450757,-0.83261,0.321791,-0.736374,0.550614,0.393198,0.015216,-0.002907,-0.002847,-0.304357,-0.718129,-0.211651,-1.912042,-0.183254,-0.019601,0.236744,-0.519062,0.608945,0.599793,-0.102844,-0.741017,0.663514,0.849132,0.281953,0.446474,0.003771,0.007865,0.068678,0.273137,-0.372987,-0.195589,0.435426,0.030643,0.047733,-0.042072,0.422694,-0.586946,0.690523,0.088185,0.784961,0.613236,-0.901971,-0.198318,0.383559,0.001838,0.003864,0.034243,0.5166,-0.658862,-0.258288,0.40206,0.058581,0.039438,-0.063913,0.510283,0.035098,-0.859289,0.388563,0.881959,0.266769,0.767221,-0.470015,0.436411,2e-05,4.6e-05,6.2e-05,-0.394475,-0.905886,-0.343303,-1.06598
819,0.114322,-0.02916,0.285954,-0.497247,-0.069043,-0.864884,-0.452657,-0.829772,0.326424,-0.739581,0.553891,0.382429,7.8e-05,0.000313,0.000426,-0.231044,-0.579536,-0.12953,-1.911368,-0.183014,-0.01939,0.237911,-0.524466,0.604728,0.599359,-0.104987,-0.744394,0.659385,0.845546,0.282139,0.453113,0.002868,0.017761,0.057738,0.217256,-0.303171,-0.098616,0.435102,0.030771,0.047842,-0.041452,0.429184,-0.582566,0.69023,0.091378,0.788275,0.608499,-0.898582,-0.198086,0.391548,0.009666,0.002966,0.031645,0.208615,-0.220611,-0.271066,0.402387,0.058641,0.039464,-0.063943,0.502536,0.044118,-0.863429,0.390698,0.879314,0.272324,0.77124,-0.474193,0.42465,0.000369,0.005875,-0.003672,-0.261586,-0.840768,-0.025925,-1.070062
820,0.114204,-0.029288,0.286,-0.48978,-0.071085,-0.868969,-0.456278,-0.828394,0.324878,-0.74234,0.555695,0.374382,-0.015801,0.000583,-0.000316,0.001101,-0.093516,0.137314,-1.910598,-0.182234,-0.018704,0.23982,-0.532062,0.596524,0.600883,-0.107736,-0.751492,0.650835,0.840446,0.280797,0.46332,0.018199,0.012858,0.047055,0.053525,-0.147921,0.039117,0.4372,0.031143,0.04818,-0.040503,0.437458,-0.574419,0.691862,0.095477,0.794707,0.599437,-0.894155,-0.196172,0.402494,0.008702,0.012276,0.019848,0.060024,-0.143981,0.07135,0.403203,0.058583,0.039403,-0.063916,0.494692,0.045704,-0.867864,0.394264,0.878137,0.27098,0.774489,-0.476219,0.416388,-0.007917,0.000234,-0.000235,0.015296,-0.070367,0.151661,-1.049978
821,0.113797,-0.029775,0.286099,-0.48439,-0.065158,-0.872448,-0.465047,-0.825493,0.319788,-0.740441,0.560709,0.370649,-0.001089,-0.004315,-0.005886,0.002767,-0.106656,0.167858,-1.909513,-0.181239,-0.017626,0.241383,-0.55041,0.589385,0.591325,-0.120244,-0.756732,0.64252,0.826839,0.281804,0.486607,0.032477,0.039661,0.035752,0.434816,-0.489711,-0.115829,0.454016,0.031659,0.048726,-0.039703,0.45653,-0.569685,0.683402,0.108842,0.798111,0.592597,-0.883025,-0.196156,0.426367,0.016211,0.0198,0.017803,0.461868,-0.503336,-0.142355,0.417573,0.05838,0.039163,-0.063862,0.489991,0.03904,-0.870852,0.403193,0.875568,0.266111,0.772879,-0.481514,0.41328,-0.008727,-0.007355,0.001093,-0.033073,-0.059425,0.097926,-1.048998
822,0.113684,-0.030097,0.285954,-0.479565,-0.056653,-0.875701,-0.477913,-0.820076,0.314716,-0.735381,0.569503,0.367298,-0.001238,-0.004894,-0.006693,0.002373,-0.091137,0.143577,-1.909317,-0.180417,-0.0164,0.242798,-0.582066,0.585423,0.564332,-0.138601,-0.755178,0.640648,0.801935,0.293945,0.519961,0.017135,0.024585,0.038502,0.593508,-0.883502,0.023071,0.456165,0.032063,0.049333,-0.039003,0.489442,-0.570426,0.65959,0.126368,0.794791,0.59358,-0.86283,-0.207172,0.461087,0.008166,0.018137,0.015567,0.216834,-0.829203,0.698814,0.42884,0.058324,0.039003,-0.063934,0.485888,0.030045,-0.873503,0.416447,0.870711,0.261599,0.768429,-0.490876,0.410556,-0.000537,-0.002127,-0.002905,0.003374,-0.107115,0.16822,-1.053407
823,0.113636,-0.03018,0.285803,-0.478161,-0.050024,-0.876872,-0.48855,-0.814517,0.312814,-0.729287,0.578031,0.366127,-0.001559,-0.006158,-0.008432,-0.036879,-0.077142,0.15996,-1.909554,-0.180042,-0.015852,0.243494,-0.591032,0.585062,0.555315,-0.146114,-0.754574,0.639689,0.79401,0.296201,0.530731,0.017056,0.02446,0.038014,0.385305,-0.424904,-0.171506,0.456455,0.032251,0.049606,-0.038657,0.499977,-0.570862,0.651258,0.134301,0.794008,0.592885,-0.855561,-0.208965,0.473654,0.0085,0.012089,0.018767,0.565083,-0.666352,-0.133655,0.43031,0.0583,0.038961,-0.064008,0.484858,0.023214,-0.874283,0.427498,0.865799,0.26007,0.762991,-0.499852,0.409866,-0.000783,-0.003108,-0.004254,-0.131734,0.06247,0.030863,-1.05406
824,0.113387,-0.03038,0.285446,-0.476208,-0.043209,-0.878296,-0.494763,-0.812534,0.308172,-0.726375,0.581353,0.366653,-0.001488,-0.005852,-0.00804,0.000209,0.016795,-0.023482,-1.909824,-0.17945,-0.014906,0.244979,-0.604544,0.579641,0.546382,-0.14986,-0.756319,0.636754,0.783072,0.302335,0.543373,0.001325,0.024136,0.038574,-0.043618,-0.581749,-0.347533,0.470647,0.032552,0.050077,-0.037918,0.51444,-0.566961,0.643355,0.13879,0.795403,0.589975,-0.846219,-0.214215,0.487876,0.008443,0.012204,0.018693,-0.574184,-1.426912,-1.028796,0.44027,0.058174,0.038858,-0.064192,0.483331,0.015986,-0.875291,0.433977,0.863958,0.255419,0.760298,-0.503308,0.41064,-0.008465,-0.001856,-0.003122,-0.004005,-0.087305,0.107623,-1.0521
825,0.11315,-0.030374,0.285192,-0.471223,-0.035483,-0.881326,-0.510835,-0.803577,0.305423,-0.718471,0.594175,0.361639,-0.016111,-0.000405,-0.001721,-0.026715,-0.041854,-0.064988,-1.91016,-0.179347,-0.014148,0.246274,-0.604803,0.577036,0.548847,-0.149241,-0.758986,0.63372,0.78299,0.300639,0.544431,-0.014628,0.01712,0.028657,0.005146,-0.039248,0.037573,0.480365,0.03261,0.050468,-0.037253,0.515352,-0.563521,0.645643,0.138349,0.798221,0.586261,-0.845737,-0.212806,0.489328,0.000433,0.008454,0.013348,-0.023405,0.094845,-0.097766,0.456599,0.05806,0.038855,-0.064327,0.478731,0.00802,-0.877924,0.450761,0.855857,0.253618,0.753411,-0.517149,0.406111,-0.000302,-0.001206,-0.00166,-0.018456,-0.138399,0.108486,-1.049814
826,0.112763,-0.030548,0.285243,-0.469119,-0.03182,-0.882587,-0.521456,-0.796571,0.305827,-0.712198,0.603736,0.358196,-0.000555,-0.002165,-0.002983,-0.148377,-0.445614,-0.044657,-1.90977,-0.179581,-0.013759,0.247184,-0.60747,0.57315,0.549974,-0.149446,-0.762353,0.629618,0.780886,0.29956,0.548036,-0.014913,0.011303,0.019316,0.035475,-0.049814,-0.009506,0.482803,0.032488,0.050669,-0.036787,0.518213,-0.559716,0.646662,0.139313,0.801253,0.58188,-0.843828,-0.211449,0.493195,-0.007489,0.005353,0.009189,0.006507,-0.029561,0.008136,0.46509,0.057862,0.038771,-0.064298,0.477581,0.002723,-0.878583,0.461741,0.84998,0.253628,0.747469,-0.526806,0.404677,-0.000274,-0.001081,-0.001485,-0.229703,-0.595344,-0.1344,-1.050631
827,0.112497,-0.030689,0.28526,-0.46896,-0.020393,-0.883009,-0.54078,-0.783807,0.305246,-0.697757,0.620685,0.357649,-0.01644,-0.001612,-0.003407,-1.465571,0.425862,0.704811,-1.90959,-0.179714,-0.0137,0.247561,-0.610078,0.572429,0.547834,-0.15088,-0.762579,0.629002,0.778575,0.300362,0.550878,-0.015029,0.008964,0.015603,0.030688,-0.046962,-0.004362,0.484547,0.032427,0.050694,-0.036605,0.521076,-0.55933,0.644692,0.140864,0.801342,0.581385,-0.841806,-0.212132,0.496349,0.000588,-0.00183,0.009938,-0.045488,0.109426,-0.157559,0.466887,0.057736,0.038709,-0.064286,0.477341,-0.004472,-0.878706,0.47705,0.841109,0.254868,0.737948,-0.540846,0.403629,-0.008216,-0.000794,-0.001685,-0.000428,-0.059076,0.127585,-1.05406
828,0.112333,-0.030718,0.284963,-0.462812,-0.016035,-0.886337,-0.569368,-0.760962,0.31101,-0.678887,0.648609,0.344159,-0.001439,-0.005576,-0.007705,-1.767986,-0.146426,0.121373,-1.90924,-0.180121,-0.013747,0.248243,-0.616408,0.571954,0.541204,-0.154755,-0.761785,0.629022,0.772811,0.30326,0.557369,-0.014375,-0.005037,0.019247,0.050416,-0.232123,0.096051,0.483831,0.032223,0.050672,-0.036273,0.527676,-0.559879,0.638822,0.144544,0.80026,0.581971,-0.837057,-0.214754,0.503206,-0.007206,-0.002613,0.009481,0.065702,-0.702663,0.605207,0.469336,0.057648,0.038691,-0.064431,0.472541,-0.014206,-0.881193,0.511627,0.818553,0.261165,0.717594,-0.574254,0.394068,-0.000748,-0.002906,-0.004012,-1.776354,-0.125674,0.12529,-1.057815
829,0.112405,-0.030612,0.284322,-0.464057,-0.033768,-0.885187,-0.566688,-0.756724,0.325892,-0.680276,0.652897,0.333132,-0.002092,-0.008104,-0.011236,-0.117926,-0.236597,-0.217096,-1.910143,-0.180467,-0.014099,0.248997,-0.622075,0.567816,0.539072,-0.15614,-0.764535,0.625333,0.76798,0.304118,0.563545,0.001105,-0.005529,0.016869,0.189019,-0.202148,-0.163276,0.4827,0.032044,0.050494,-0.035898,0.533437,-0.556672,0.636835,0.146359,0.802294,0.578707,-0.83308,-0.215498,0.509448,-0.006861,-0.009039,0.012214,0.259232,-0.253462,-0.278281,0.46754,0.057685,0.038748,-0.064745,0.471705,0.005833,-0.881736,0.509499,0.814341,0.277955,0.719655,-0.580357,0.381156,-0.000621,0.001965,-0.009081,-0.083926,-0.293689,-0.183872,-1.063367
830,0.112401,-0.030637,0.284059,-0.463366,-0.045142,-0.885042,-0.565627,-0.753746,0.334521,-0.681628,0.655663,0.324832,-0.001081,0.004647,-0.017189,-0.238182,-0.624776,-0.400383,-1.909944,-0.180567,-0.014342,0.249396,-0.623513,0.566,0.539321,-0.155691,-0.765798,0.623897,0.766904,0.304327,0.564894,0.001839,-0.017586,0.023607,-0.028181,-0.029262,-0.042702,0.482856,0.031994,0.050376,-0.035703,0.535637,-0.554291,0.637066,0.146451,0.803961,0.576367,-0.831651,-0.215424,0.511808,0.000534,-0.002861,0.008284,-0.030873,-0.018633,-0.006214,0.467213,0.057681,0.038726,-0.064881,0.471025,0.014996,-0.881991,0.508455,0.812432,0.285352,0.720837,-0.582862,0.375051,-0.00085,-0.003316,-0.004603,-0.032796,-0.090207,-0.08771,-1.069572
831,0.112316,-0.030608,0.283881,-0.459671,-0.055786,-0.886361,-0.574248,-0.742656,0.344489,-0.676914,0.66741,0.310449,0.000677,0.011447,-0.007743,-0.232436,-0.627348,-0.368232,-1.909755,-0.180663,-0.014605,0.250071,-0.626479,0.562534,0.53951,-0.155471,-0.768344,0.620814,0.76453,0.30434,0.568097,0.000362,0.006379,0.009835,0.012725,-0.027201,0.01455,0.483759,0.031946,0.050234,-0.035362,0.538683,-0.551057,0.637303,0.146495,0.806177,0.573252,-0.829674,-0.215439,0.515,0.000539,-0.00279,0.008374,-0.053245,0.005361,0.014456,0.46803,0.057636,0.038734,-0.064989,0.466485,0.025506,-0.88416,0.517636,0.802671,0.296261,0.717247,-0.595875,0.361231,0.000409,0.005969,-0.003532,-0.19228,-0.558987,-0.32646,-1.072348
832,0.1121,-0.030545,0.284039,-0.456744,-0.052346,-0.888082,-0.588394,-0.730957,0.345639,-0.666682,0.680473,0.30417,-0.015227,0.003153,0.003166,-0.003963,0.007745,-0.03322,-1.909444,-0.180485,-0.014506,0.250587,-0.626196,0.562277,0.540106,-0.154708,-0.768465,0.620855,0.764916,0.30451,0.567486,0.015916,0.007552,0.010046,-0.008357,0.08783,-0.105646,0.483492,0.032029,0.050282,-0.035105,0.538214,-0.550988,0.637759,0.14566,0.806132,0.573527,-0.830124,-0.215784,0.514129,0.000565,-0.002326,0.009063,-0.034861,-0.003283,0.007274,0.468193,0.057535,0.03877,-0.064903,0.463122,0.023533,-0.885981,0.532518,0.791701,0.299387,0.708478,-0.610454,0.354123,-0.007879,-0.003856,0.005858,-0.018866,0.063996,-0.031487,-1.070552
833,0.111886,-0.030627,0.284157,-0.456912,-0.052385,-0.887994,-0.588571,-0.730695,0.345891,-0.66641,0.680752,0.30414,-0.000609,-0.01116,0.008143,-0.034995,0.016762,-0.016364,-1.910237,-0.180361,-0.014414,0.250773,-0.625647,0.56166,0.541383,-0.153837,-0.769077,0.620314,0.765541,0.304105,0.56686,0.000314,0.005665,0.008686,-0.010411,0.103026,-0.134897,0.484853,0.032097,0.050334,-0.035005,0.537534,-0.550205,0.639007,0.144845,0.806781,0.57282,-0.830708,-0.215353,0.513367,0.000146,0.002766,0.004239,-0.010005,0.10357,-0.13442,0.468356,0.057424,0.038737,-0.064841,0.463449,0.023287,-0.885817,0.532634,0.791589,0.299477,0.708177,-0.610609,0.354458,-0.007761,0.00102,0.000809,0.00202,0.020994,-0.026756,-1.071205
834,0.111516,-0.030798,0.284388,-0.45422,-0.051621,-0.889418,-0.590129,-0.730467,0.343711,-0.666875,0.681054,0.30244,-0.015217,0.003212,0.003232,-0.000984,0.014714,-0.029553,-1.909236,-0.180139,-0.014424,0.250984,-0.622102,0.558061,0.549134,-0.149141,-0.772892,0.616707,0.769348,0.301054,0.563323,0.000802,-0.010927,0.008489,-0.04862,0.133483,-0.174349,0.489251,0.032208,0.050338,-0.034896,0.533563,-0.545885,0.646002,0.140848,0.810498,0.568554,-0.833949,-0.212371,0.509339,1.9e-05,0.000426,0.000649,0.000176,-0.002731,0.003804,0.471949,0.057244,0.038644,-0.064727,0.460853,0.022174,-0.887198,0.534251,0.791322,0.297294,0.708652,-0.610996,0.352837,0.00021,0.000819,0.001142,-0.000135,0.000456,-0.000328,-1.07692
835,0.111264,-0.030727,0.284537,-0.454665,-0.049018,-0.889338,-0.59444,-0.726872,0.343905,-0.662734,0.685078,0.302456,0.000452,0.001726,0.002395,-0.011943,0.004618,0.004062,-1.909203,-0.17989,-0.014643,0.251153,-0.622856,0.552706,0.553677,-0.147265,-0.777792,0.610971,0.7691,0.298314,0.565117,0.016276,-0.011249,0.006431,0.348892,-0.346539,-0.279845,0.490272,0.032327,0.050225,-0.034815,0.532565,-0.541683,0.650349,0.138941,0.813908,0.564135,-0.834907,-0.210078,0.50872,-1e-06,3.4e-05,4.5e-05,-0.003949,0.001776,0.003869,0.474888,0.057112,0.038681,-0.064651,0.461502,0.019626,-0.886921,0.538791,0.788049,0.297794,0.704782,-0.615298,0.353112,-0.00751,0.00199,0.002147,-0.040602,0.014635,0.00891,-1.077574
836,0.111029,-0.030812,0.284684,-0.454442,-0.051818,-0.889293,-0.594537,-0.725774,0.346048,-0.662799,0.686039,0.300126,5e-06,2e-05,2.8e-05,-0.126621,-0.288695,-0.181118,-1.909402,-0.179752,-0.014815,0.251218,-0.624329,0.551055,0.553663,-0.147436,-0.779047,0.60933,0.767872,0.298099,0.566897,-5e-06,-9.3e-05,-0.000143,0.088821,-0.079845,-0.067765,0.489296,0.032401,0.050132,-0.034784,0.535717,-0.538648,0.65028,0.14021,0.816166,0.560548,-0.832675,-0.209119,0.512758,0.007753,0.000159,-0.000544,0.113878,-0.114723,-0.055081,0.475704,0.056995,0.038641,-0.064573,0.461514,0.02107,-0.886882,0.53895,0.787421,0.299165,0.704653,-0.616054,0.352051,-0.008103,-0.004683,0.0047,-0.268905,-0.457398,-0.349838,-1.078063
837,0.110942,-0.030866,0.284727,-0.454586,-0.051847,-0.889218,-0.594601,-0.725639,0.346222,-0.662643,0.68618,0.300147,-0.01556,0.001902,0.001398,-0.003163,0.009749,-0.032667,-1.90882,-0.17972,-0.014769,0.25119,-0.62427,0.550999,0.553785,-0.147463,-0.779143,0.6092,0.767915,0.29795,0.566918,0.015517,0.000479,-0.000837,0.003343,-0.016372,0.028254,0.489344,0.032412,0.050155,-0.034798,0.535765,-0.538449,0.650406,0.140215,0.816328,0.56031,-0.832643,-0.208998,0.512859,-0.000379,0.005954,-0.003494,0.012917,0.114797,-0.134996,0.475704,0.056958,0.038613,-0.064554,0.461132,0.022633,-0.887042,0.539045,0.786923,0.300303,0.70483,-0.616636,0.350675,-2e-05,-7.4e-05,-0.0001,0.008781,0.013826,0.00825,-1.07839
838,0.110829,-0.030856,0.284785,-0.455063,-0.049218,-0.889123,-0.598858,-0.722038,0.346412,-0.658471,0.690157,0.300209,8.5e-05,0.000324,0.00045,-0.0,-1e-06,-1e-06,-1.908858,-0.179697,-0.014566,0.251081,-0.621031,0.55411,0.554323,-0.146542,-0.776745,0.612476,0.770711,0.298438,0.562852,2.3e-05,0.000427,0.000653,-0.058697,0.162154,-0.122327,0.48975,0.032429,0.05025,-0.034853,0.532157,-0.541598,0.650752,0.138706,0.814011,0.564045,-0.835205,-0.209897,0.508304,1.9e-05,0.000335,0.000511,-0.04597,0.046659,0.039749,0.476031,0.056901,0.038617,-0.064526,0.461857,0.019848,-0.886731,0.543527,0.783705,0.30064,0.700903,-0.620815,0.351171,6e-05,0.00023,0.00032,0.000438,0.000252,0.000487,-1.07937
839,0.110612,-0.030903,0.284826,-0.455599,-0.049385,-0.88884,-0.598743,-0.721875,0.346951,-0.658206,0.690316,0.300426,-0.000189,-0.000715,-0.000992,-0.0,-0.0,-0.0,-1.908617,-0.179716,-0.014578,0.25116,-0.619137,0.555311,0.55524,-0.145318,-0.775755,0.61402,0.772464,0.298777,0.560263,7.4e-05,0.001398,0.002139,-0.01072,0.009665,0.00821,0.487492,0.032419,0.050248,-0.034817,0.53,-0.542608,0.651671,0.137287,0.813249,0.565488,-0.83681,-0.210243,0.505515,0.000423,-0.005059,0.004862,-0.022414,0.006891,-0.021665,0.474888,0.056787,0.038595,-0.064503,0.462395,0.020078,-0.886446,0.543403,0.783575,0.301202,0.700644,-0.620972,0.35141,-0.000108,-0.000406,-0.00056,8.3e-05,-3.3e-05,-4.2e-05,-1.075777
840,0.110543,-0.030886,0.284827,-0.455863,-0.046701,-0.888849,-0.602994,-0.718333,0.346939,-0.654133,0.694184,0.300411,-3e-06,-1e-05,-1.4e-05,-0.442102,0.172563,0.149421,-1.908501,-0.179694,-0.01465,0.251313,-0.620635,0.553617,0.555257,-0.145545,-0.777071,0.6123,0.771218,0.298503,0.562123,0.000173,0.003264,0.00499,0.047842,-0.058986,-0.012392,0.487349,0.03243,0.05021,-0.034744,0.531848,-0.540766,0.651697,0.138024,0.814627,0.563321,-0.835516,-0.209651,0.507896,8.9e-05,0.001717,0.002626,0.031994,-0.049089,-0.004076,0.474071,0.056752,0.038602,-0.064505,0.462803,0.01766,-0.886284,0.547491,0.78063,0.301446,0.697183,-0.624744,0.351609,-3e-06,-1e-05,1e-06,-1.49018,0.588211,0.49478,-1.075124
841,0.110587,-0.030698,0.284666,-0.456115,-0.044092,-0.888853,-0.606806,-0.715184,0.3468,-0.650424,0.697595,0.300561,0.016072,0.008823,-0.010133,-0.406186,0.140855,0.195322,-1.908498,-0.179655,-0.014748,0.251766,-0.62219,0.551999,0.555128,-0.145498,-0.778169,0.610915,0.769974,0.29864,0.563752,0.000311,0.005898,0.008994,0.056171,-0.066508,-0.018709,0.4871,0.03245,0.050158,-0.034521,0.533494,-0.539244,0.651612,0.138161,0.815618,0.561852,-0.834442,-0.209718,0.50963,0.000531,-0.002929,0.008107,0.015428,-0.053618,-0.035461,0.473255,0.056768,0.038694,-0.064581,0.46327,0.015085,-0.886088,0.551525,0.777728,0.301592,0.693685,-0.628418,0.351978,-7.8e-05,-0.000299,-0.000402,-1.490085,0.587921,0.495022,-1.074144
842,0.110645,-0.030616,0.284413,-0.455216,-0.04679,-0.889176,-0.60654,-0.71479,0.348074,-0.651301,0.697826,0.298114,-0.00054,-0.002044,-0.00284,-6.1e-05,-0.000139,-8.7e-05,-1.908425,-0.179641,-0.014721,0.25226,-0.623704,0.550315,0.555101,-0.145535,-0.779386,0.609353,0.768742,0.298577,0.565464,0.000316,0.006016,0.009142,0.006534,-0.021695,0.019267,0.486634,0.032457,0.050175,-0.034269,0.535164,-0.537599,0.651602,0.138367,0.816725,0.560191,-0.833338,-0.209634,0.511468,0.000528,-0.002964,0.008038,-0.050756,0.005111,0.014207,0.473092,0.056803,0.038736,-0.064705,0.462191,0.017487,-0.886607,0.551678,0.777104,0.302919,0.694283,-0.629128,0.349523,-0.000382,-0.001453,-0.00202,0.002429,0.019942,-0.021616,-1.069572
843,0.11061,-0.030671,0.284371,-0.455309,-0.046811,-0.889128,-0.606535,-0.714748,0.348169,-0.651241,0.697868,0.298149,-0.000502,-0.0019,-0.002641,-1e-06,-2e-06,-2e-06,-1.908425,-0.179633,-0.014646,0.25245,-0.623699,0.55031,0.555112,-0.145446,-0.77936,0.609407,0.768763,0.298655,0.565395,0.000277,0.005288,0.008024,0.001841,-0.017454,0.022856,0.486491,0.032461,0.050215,-0.034171,0.53505,-0.537695,0.651617,0.13818,0.81662,0.560389,-0.833443,-0.209796,0.511231,0.000126,0.002562,0.003887,-0.003385,0.002497,0.002077,0.472928,0.056785,0.038711,-0.064732,0.46228,0.017476,-0.886561,0.551655,0.777101,0.302968,0.694242,-0.629132,0.349597,-0.000255,-0.000976,-0.001357,0.000472,0.000564,0.000328,-1.067776
844,0.110589,-0.030725,0.284348,-0.454596,-0.049476,-0.889348,-0.606625,-0.713906,0.349736,-0.651656,0.698549,0.295636,-5.5e-05,-0.000208,-0.000289,-0.00418,-0.009505,-0.005972,-1.908489,-0.179681,-0.014444,0.252761,-0.625006,0.54833,0.555601,-0.145611,-0.781035,0.607219,0.76767,0.297925,0.567262,-0.015214,0.004668,0.00862,0.324443,-0.295943,-0.25483,0.488827,0.032443,0.050314,-0.034019,0.534819,-0.537418,0.652035,0.137899,0.816837,0.560142,-0.833637,-0.209659,0.510969,0.000117,0.002331,0.003528,5.3e-05,0.000146,0.000136,0.473418,0.056774,0.038681,-0.064747,0.461308,0.020312,-0.887006,0.551803,0.776296,0.304755,0.69477,-0.630039,0.346904,-1.5e-05,-6.4e-05,-8.8e-05,0.008922,0.012557,0.007363,-1.069409
845,0.11057,-0.030664,0.2842,-0.455013,-0.046875,-0.889276,-0.610547,-0.710529,0.34979,-0.647694,0.702159,0.295791,0.000165,0.009412,-0.010573,0.034931,-0.01694,0.016264,-1.908514,-0.179727,-0.014401,0.253227,-0.626493,0.546575,0.555656,-0.145627,-0.782324,0.605554,0.766455,0.297769,0.568984,0.001107,-0.005145,0.017188,-0.010475,-0.026303,-0.012191,0.488314,0.032414,0.050338,-0.03379,0.538176,-0.533948,0.652124,0.139071,0.81938,0.556124,-0.831279,-0.208601,0.515227,0.000553,-0.002477,0.008738,-0.035451,-0.010708,0.000722,0.475051,0.056766,0.038711,-0.064812,0.461996,0.017508,-0.886708,0.555939,0.773273,0.304925,0.691007,-0.63383,0.347516,-0.000289,-0.001102,-0.001534,0.000101,0.015995,-0.023943,-1.070879
846,0.110474,-0.030669,0.28408,-0.455177,-0.046962,-0.889187,-0.610361,-0.710626,0.349917,-0.647753,0.702056,0.295907,-0.000358,-0.00135,-0.00188,-0.0,-0.0,-0.0,-1.908274,-0.17962,-0.014408,0.2539,-0.632647,0.543257,0.551924,-0.148435,-0.784414,0.602159,0.760844,0.298346,0.576168,0.000444,0.008592,0.012898,0.110506,-0.136169,-0.030935,0.479708,0.032467,0.050331,-0.03346,0.544603,-0.531523,0.64876,0.142208,0.820858,0.553144,-0.826549,-0.208985,0.522628,0.008312,-0.001628,0.009214,0.127633,-0.214694,-0.03158,0.469663,0.056718,0.038716,-0.06488,0.462105,0.017598,-0.88665,0.555725,0.773404,0.304984,0.691106,-0.633668,0.347614,-7.5e-05,-0.000292,-0.000404,8.6e-05,-1.7e-05,-2e-05,-1.076594
847,0.110378,-0.030668,0.284075,-0.454888,-0.049767,-0.889182,-0.610211,-0.709806,0.35184,-0.648098,0.702696,0.293624,-0.000247,-0.000932,-0.001298,-0.07807,-0.177065,-0.111378,-1.908251,-0.17955,-0.014335,0.254171,-0.632852,0.543561,0.551389,-0.148621,-0.784066,0.602566,0.760637,0.298703,0.576255,0.000412,0.008025,0.012021,0.003618,-0.019017,0.021535,0.473665,0.032503,0.050368,-0.033314,0.54502,-0.531685,0.648277,0.142286,0.82065,0.553433,-0.82626,-0.209391,0.522922,0.000585,-0.001751,0.009793,-0.050138,0.006754,0.013979,0.463947,0.056669,0.038712,-0.06488,0.461802,0.019883,-0.886759,0.555646,0.772783,0.306694,0.691371,-0.634357,0.345825,-0.007897,0.000513,8.4e-05,-0.126807,-0.238236,-0.221731,-1.077247
848,0.110142,-0.03068,0.284128,-0.45581,-0.044498,-0.888989,-0.618493,-0.70241,0.352218,-0.639548,0.710432,0.293755,-9.4e-05,-0.000354,-0.000494,-0.000339,9e-05,8.3e-05,-1.908337,-0.179299,-0.013913,0.254535,-0.630223,0.547571,0.550433,-0.148628,-0.780806,0.606783,0.762814,0.29991,0.57274,0.000335,0.006683,0.00997,-0.203119,0.167023,0.178591,0.435925,0.032628,0.050582,-0.033127,0.542638,-0.535218,0.647367,0.141782,0.818011,0.557454,-0.827913,-0.210711,0.519768,0.0075,0.009486,0.000997,-0.290032,0.233129,0.303084,0.432432,0.056552,0.038706,-0.064854,0.462931,0.015223,-0.886262,0.564395,0.765908,0.307962,0.683484,-0.642769,0.345971,-0.008159,-0.004847,0.004455,-0.035158,0.034013,-0.043379,-1.07839
849,0.109712,-0.030801,0.284175,-0.456705,-0.044749,-0.888517,-0.618335,-0.702092,0.353129,-0.639062,0.710731,0.294089,-0.015951,0.000503,-0.000585,-0.000984,0.014715,-0.029553,-1.908333,-0.178767,-0.013535,0.254487,-0.618903,0.555847,0.554963,-0.143924,-0.774719,0.615654,0.772911,0.300458,0.558744,0.014672,0.012584,-0.007546,-0.380103,0.347364,0.363564,0.410269,0.032894,0.05078,-0.033138,0.530503,-0.542424,0.651415,0.135875,0.812943,0.56627,-0.836722,-0.211896,0.50497,0.007321,0.006034,-0.004164,-0.485571,0.419101,0.427396,0.39014,0.056343,0.038646,-0.064829,0.463782,0.015534,-0.885813,0.56425,0.765658,0.308849,0.683028,-0.643059,0.346333,-0.000589,-0.006584,0.002676,-0.034707,0.016935,-0.016277,-1.07692
850,0.10948,-0.030853,0.284191,-0.454351,-0.044248,-0.889749,-0.619356,-0.702192,0.351135,-0.639753,0.710663,0.292747,-0.001173,-0.013144,0.005374,-0.035292,0.032451,-0.04056,-1.908208,-0.178598,-0.013504,0.254423,-0.613331,0.560035,0.556936,-0.141382,-0.771485,0.620287,0.777804,0.300995,0.55162,0.015366,-0.000864,-0.002858,-0.385718,0.223054,0.490629,0.403533,0.032973,0.050795,-0.033171,0.52472,-0.545794,0.653281,0.132866,0.810519,0.570442,-0.840841,-0.212523,0.497813,-4.7e-05,-0.000989,-0.00148,-0.389464,0.382443,0.289381,0.378546,0.056221,0.038625,-0.064823,0.461436,0.014782,-0.887049,0.565282,0.765715,0.306815,0.683763,-0.643009,0.344973,-0.007911,0.000502,5.9e-05,-0.001301,0.017045,-0.032972,-1.076757
851,0.109134,-0.03087,0.284105,-0.45505,-0.041745,-0.889512,-0.623258,-0.698516,0.351564,-0.635455,0.714424,0.292952,-0.016377,-0.001038,-0.002755,-0.001357,0.030171,-0.053875,-1.907744,-0.178429,-0.0137,0.25441,-0.613864,0.560776,0.555601,-0.141945,-0.770646,0.621201,0.777281,0.301762,0.551939,0.016131,-0.013063,0.003688,-0.023959,-0.104746,0.147941,0.372476,0.033057,0.050696,-0.033186,0.524408,-0.547585,0.652032,0.1331,0.80908,0.572428,-0.840999,-0.2134,0.497171,-2e-05,-0.000438,-0.000657,0.00594,-0.004771,-0.003995,0.341316,0.056048,0.038613,-0.064862,0.462367,0.012366,-0.886601,0.569422,0.762329,0.30759,0.679686,-0.64707,0.345435,-0.0082,-0.000564,-0.001436,-0.00108,0.03005,-0.053891,-1.076757
852,0.108919,-0.030991,0.283904,-0.455761,-0.039203,-0.889264,-0.627152,-0.694803,0.351995,-0.631103,0.718176,0.293188,-0.00111,-0.004107,-0.005745,0.002194,-0.091218,0.143528,-1.90786,-0.17842,-0.013862,0.254484,-0.615027,0.558681,0.556425,-0.141631,-0.772355,0.619145,0.776419,0.301281,0.553413,-0.015441,-0.000516,0.000807,0.00089,0.01258,-0.031465,0.360603,0.033073,0.050607,-0.033153,0.525841,-0.545433,0.652681,0.133226,0.810678,0.570133,-0.840084,-0.212846,0.498953,0.0,2.1e-05,2.9e-05,-0.026309,0.127757,-0.151578,0.315516,0.055941,0.038554,-0.064961,0.463353,0.009935,-0.886117,0.573511,0.758929,0.3084,0.675564,-0.651097,0.345955,-0.000508,-0.00189,-0.002641,0.000297,-0.000118,-9.4e-05,-1.074798
853,0.108729,-0.031065,0.283786,-0.45628,-0.03936,-0.888991,-0.626919,-0.694772,0.352472,-0.630959,0.718198,0.293445,-0.000361,-0.001332,-0.001865,-0.0,-0.0,-0.0,-1.908018,-0.178526,-0.013811,0.254478,-0.607561,0.568107,0.555081,-0.150871,-0.768565,0.621674,0.780541,0.293245,0.55193,0.0,8e-06,1.2e-05,2.986199,3.523802,3.125142,0.295987,0.033014,0.050633,-0.033155,0.521486,-0.551154,0.651368,0.137316,0.807647,0.573454,-0.842138,-0.209605,0.496859,-0.008106,0.005704,-0.003081,-0.055409,0.135504,0.093512,0.290043,0.055844,0.038511,-0.065028,0.463749,0.010114,-0.885908,0.573315,0.758923,0.308779,0.675459,-0.651101,0.346151,-0.000194,-0.000721,-0.001007,0.000188,-7.9e-05,-8e-05,-1.076104
854,0.108635,-0.031058,0.283788,-0.456595,-0.039455,-0.888825,-0.626777,-0.694754,0.35276,-0.630871,0.718211,0.293602,-1.6e-05,-5.9e-05,-8.2e-05,-0.0,-0.0,-0.0,-1.907987,-0.178769,-0.013865,0.254478,-0.603,0.577297,0.550555,-0.162216,-0.764347,0.624014,0.781798,0.286244,0.553822,-0.014719,-0.013352,0.006401,-0.039788,0.028884,-0.044446,0.154354,0.032899,0.050612,-0.033156,0.513078,-0.564022,0.647016,0.152696,0.801751,0.577822,-0.84465,-0.197672,0.497485,-0.007751,-0.000866,-0.000505,0.023276,-0.107671,0.114317,0.182924,0.055797,0.038513,-0.065029,0.464054,0.010243,-0.885746,0.573168,0.758917,0.309067,0.675374,-0.651106,0.346308,-0.007759,0.0011,0.000881,-0.000825,0.014665,-0.029614,-1.075614
855,0.108452,-0.031062,0.283892,-0.456926,-0.039543,-0.88865,-0.626748,-0.694602,0.35311,-0.63066,0.718353,0.293708,0.000136,0.000499,0.000699,-0.0,-0.0,-0.0,-1.908186,-0.179276,-0.014162,0.254385,-0.587637,0.599314,0.543597,-0.181536,-0.752251,0.633322,0.789202,0.272726,0.550131,-0.015684,-0.005124,-0.006105,-0.397594,0.388156,0.247867,-0.176781,0.032645,0.050465,-0.033192,0.498595,-0.584249,0.640354,0.171085,0.790523,0.588049,-0.849783,-0.183644,0.494108,-0.00784,-0.002494,-0.002946,0.030775,-0.093695,0.097025,-0.127818,0.055706,0.038514,-0.064974,0.464377,0.010368,-0.885576,0.573141,0.758791,0.309426,0.675176,-0.651251,0.346422,7.9e-05,0.000289,0.000407,0.000111,-4e-05,-2.4e-05,-1.075124
856,0.108325,-0.031101,0.283987,-0.456406,-0.042249,-0.888793,-0.626873,-0.693617,0.354819,-0.630912,0.719154,0.291196,0.000189,0.000695,0.000972,-0.035031,-0.078491,-0.049261,-1.908143,-0.179785,-0.01426,0.254176,-0.569197,0.618285,0.54197,-0.198061,-0.742757,0.639546,0.798672,0.255907,0.544517,-0.015577,-0.002769,-0.002604,-0.058307,-0.029586,0.220963,-0.509215,0.032397,0.050408,-0.033308,0.477144,-0.603256,0.639073,0.184875,0.779819,0.598083,-0.859159,-0.167223,0.483612,-0.007804,-0.001103,-0.000832,0.192699,-1.379362,2.412582,-0.422557,0.055643,0.038494,-0.064926,0.463634,0.013136,-0.885928,0.573356,0.757865,0.311291,0.675504,-0.652278,0.343841,0.000121,0.00045,0.000632,-0.037053,-0.086308,-0.054395,-1.075124
857,0.108325,-0.031089,0.283968,-0.456523,-0.042285,-0.888731,-0.626787,-0.693648,0.354911,-0.630913,0.719122,0.291272,-0.000232,-0.00085,-0.00119,-0.000435,-0.000975,-0.000612,-1.90786,-0.180258,-0.014324,0.254222,-0.560314,0.625655,0.542767,-0.199668,-0.737888,0.644661,0.804524,0.252052,0.537656,-0.03092,-0.000988,0.001578,-0.335694,0.33,0.194039,-0.950724,0.032171,0.050378,-0.033294,0.469397,-0.609383,0.638997,0.186922,0.775853,0.602586,-0.862974,-0.16341,0.478091,-0.015085,-0.006329,0.004474,-0.441784,0.421037,0.240682,-0.570335,0.055644,0.038504,-0.06493,0.463734,0.01318,-0.885875,0.573233,0.757934,0.31135,0.675539,-0.652197,0.343925,-4e-06,-9e-06,-1.4e-05,0.003389,0.116469,-0.161945,-1.075777
858,0.108291,-0.031118,0.283908,-0.45644,-0.042276,-0.888774,-0.626804,-0.69367,0.354838,-0.630956,0.719101,0.29123,-0.000448,-0.001645,-0.002305,-0.0,-0.0,-0.0,-1.908028,-0.181435,-0.014771,0.254603,-0.526939,0.636881,0.562769,-0.194906,-0.734956,0.64945,0.827877,0.231732,0.510669,-0.030816,0.001144,0.0047,-0.668941,1.044693,-0.059817,-1.398175,0.031572,0.050148,-0.033102,0.434461,-0.617025,0.656142,0.181924,0.77359,0.60701,-0.882126,-0.144355,0.448347,-0.015057,-0.005112,0.006292,-0.395552,2.091751,-1.998039,-0.862952,0.055627,0.038489,-0.06496,0.463705,0.013054,-0.885893,0.573229,0.757992,0.311216,0.675562,-0.652133,0.344002,-0.000271,-0.000998,-0.001398,-0.000262,0.015675,-0.024176,-1.075777
859,0.108249,-0.031139,0.283876,-0.456467,-0.04229,-0.88876,-0.626791,-0.693667,0.354867,-0.63095,0.719103,0.29124,-9e-06,-3.1e-05,-4.4e-05,-0.0,-0.0,-0.0,-1.908082,-0.182846,-0.014446,0.25491,-0.455875,0.652962,0.604822,-0.197048,-0.736618,0.646915,0.868487,0.174914,0.463679,-0.046684,0.01677,0.004607,-0.181335,1.055463,0.200115,-1.403523,0.030872,0.050305,-0.03295,0.357451,-0.626564,0.692564,0.182816,0.774154,0.606022,-0.915863,-0.090011,0.391268,-0.023338,0.008479,0.002462,0.39337,2.193908,0.49166,-0.898223,0.055605,0.038475,-0.064982,0.463731,0.013068,-0.885878,0.573216,0.75799,0.311243,0.675555,-0.652134,0.344013,7e-06,2.5e-05,3.7e-05,-1.6e-05,4e-06,6e-06,-1.07692
