frame,MLTx,MLTy,MLTz,MLTR1,MLTR2,MLTR3,MLTR4,MLTR5,MLTR6,MLTR7,MLTR8,MLTR9,MLTTVx,MLTTVy,MLTTVz,MLTRVx,MLTRVy,MLTRVz,MLGA,MRTx,MRTy,MRTz,MRTR1,MRTR2,MRTR3,MRTR4,MRTR5,MRTR6,MRTR7,MRTR8,MRTR9,MRTTVx,MRTTVy,MRTTVz,MRTRVx,MRTRVy,MRTRVz,MRGA,SLTx,SLTy,SLTz,SLTR1,SLTR2,SLTR3,SLTR4,SLTR5,SLTR6,SLTR7,SLTR8,SLTR9,SLTTVx,SLTTVy,SLTTVz,SLTRVx,SLTRVy,SLTRVz,SLGA,SRTx,SRTy,SRTz,SRTR1,SRTR2,SRTR3,SRTR4,SRTR5,SRTR6,SRTR7,SRTR8,SRTR9,SRTTVx,SRTTVy,SRTTVz,SRTRVx,SRTRVy,SRTRVz,SRGA
1913,0.096182,0.100849,0.321586,0.043347,0.896055,-0.441872,-0.758152,0.317571,0.569496,0.650569,0.309209,0.693669,-0.005057,-0.061644,0.059124,2.501516,-0.771031,-5.502292,-0.869926,-0.122822,0.078541,0.321514,0.779239,0.303938,0.548086,-0.491298,0.8391,0.233392,-0.389928,-0.451528,0.80246,0.004608,-0.026598,-0.003682,0.547115,1.813335,1.246822,0.500444,0.03262,0.061733,-0.019819,-0.684808,-0.383157,0.61986,0.582695,-0.798721,0.150032,0.43761,0.463933,0.770235,0.001212,-0.006905,-0.004901,3.533968,3.728902,5.043231,0.489911,0.084736,0.073619,-0.079083,0.255032,0.89915,-0.355648,-0.787708,0.406512,0.462884,0.560778,0.162097,0.811942,-0.001649,-0.024718,0.026478,0.550485,0.299247,-0.179861,-0.794591
1914,0.096095,0.09972,0.322714,0.018789,0.901505,-0.432412,-0.775741,0.286025,0.562484,0.630736,0.323753,0.705254,-0.00669,-0.07342,0.065799,2.757587,-2.56919,-3.586488,-0.891007,-0.122617,0.078166,0.321271,0.787309,0.213663,0.578345,-0.410983,0.88101,0.234196,-0.460464,-0.422348,0.780678,0.01534,-0.017631,-0.013595,0.831519,2.469815,0.942719,0.494956,0.032715,0.061557,-0.019926,-0.697751,-0.298826,0.651034,0.510614,-0.844896,0.159445,0.50241,0.44368,0.742112,0.007683,-0.009218,-0.00712,3.279295,3.117218,5.475005,0.489094,0.084696,0.073085,-0.078541,0.228883,0.90925,-0.347671,-0.808318,0.376535,0.452594,0.542432,0.177438,0.821147,-0.002327,-0.030145,0.030097,0.773242,0.373557,0.174978,-0.801122
1915,0.095866,0.096983,0.325268,-0.059255,0.913441,-0.40269,-0.816372,0.187847,0.546098,0.574543,0.35997,0.735085,-0.007619,-0.083178,0.07426,3.08604,-2.030097,-3.738705,-0.926055,-0.12206,0.077106,0.320643,0.761112,0.0421,0.647245,-0.2489,0.940371,0.2317,-0.599836,-0.337508,0.72536,0.019111,-0.039121,-0.013921,4.2461,3.451362,4.867763,0.476809,0.032993,0.061032,-0.020242,-0.677066,-0.126208,0.725019,0.355918,-0.918459,0.172496,0.64413,0.374838,0.666777,0.008666,-0.014062,-0.010615,4.048551,3.922445,4.622583,0.471949,0.084578,0.071668,-0.077216,0.145526,0.932549,-0.330412,-0.861131,0.283821,0.421778,0.487107,0.223149,0.844351,-0.003853,-0.041529,0.037182,3.044284,-2.031767,-3.737993,-0.804225
1916,0.095547,0.093588,0.328209,-0.131954,0.916944,-0.376626,-0.846865,0.09323,0.523545,0.515335,0.386897,0.764701,-0.007917,-0.084475,0.074171,0.980871,0.822091,-0.133548,-0.957302,-0.121023,0.075909,0.319726,0.702081,-0.107396,0.703946,-0.080313,0.970241,0.228287,-0.70838,-0.216687,0.671646,0.04214,-0.029324,-0.024815,1.676903,2.307194,1.854954,0.473289,0.03352,0.060415,-0.020708,-0.624772,0.03088,0.780196,0.184977,-0.964918,0.186319,0.758579,0.260725,0.597142,0.021141,-0.015009,-0.012654,1.760004,2.234357,1.812,0.456273,0.084421,0.069976,-0.075741,0.069851,0.946055,-0.316384,-0.901545,0.19563,0.385934,0.427009,0.258277,0.866576,-0.004011,-0.042309,0.037028,0.841096,0.76955,-0.154455,-0.812063
1917,0.095395,0.091764,0.329706,-0.182909,0.914261,-0.361547,-0.858822,0.030451,0.511341,0.478732,0.402897,0.780074,-0.008419,-0.086269,0.073402,1.528866,0.239778,-1.12931,-0.999992,-0.120188,0.075382,0.319201,0.664697,-0.18704,0.723315,0.033368,0.974555,0.221503,-0.747159,-0.122874,0.653084,0.042202,-0.028721,-0.02458,5.387751,2.935291,4.074524,0.485053,0.033903,0.060166,-0.020956,-0.594427,0.106807,0.797024,0.083769,-0.977523,0.193471,0.799774,0.18177,0.572119,0.020129,-0.008028,-0.01544,5.396027,2.804025,4.266988,0.459375,0.084349,0.069099,-0.075019,0.018098,0.950384,-0.31055,-0.919579,0.137748,0.367964,0.392485,0.278916,0.876447,-0.005135,-0.049105,0.040011,2.705809,-2.009172,-4.762757,-0.819411
1918,0.095096,0.087815,0.332877,-0.310733,0.892297,-0.32756,-0.866808,-0.12456,0.482806,0.390387,0.432846,0.81257,-0.009621,-0.097207,0.081655,1.526334,0.051559,-1.566791,-1.130153,-0.118099,0.074344,0.318291,0.561416,-0.337161,0.755728,0.282212,0.936434,0.208284,-0.778606,0.096749,0.6199,0.066464,-0.024829,-0.024699,1.496175,1.398407,0.77427,0.506732,0.034984,0.059625,-0.021432,-0.497938,0.271528,0.823607,-0.179515,-0.96142,0.208431,0.848428,-0.044064,0.527471,0.033245,-0.012536,-0.012424,1.503543,1.401764,0.780428,0.485502,0.084195,0.067088,-0.073409,-0.115602,0.947294,-0.298779,-0.945916,-0.0132,0.324139,0.303112,0.320092,0.897587,-0.004864,-0.04868,0.040783,1.589898,0.059038,-1.550739,-0.82137
1919,0.094928,0.083527,0.33613,-0.471523,0.83265,-0.290528,-0.835703,-0.316635,0.44868,0.282184,0.453321,0.845517,-0.001765,-0.118401,0.083544,1.561786,-0.454879,-1.471617,-1.266904,-0.115309,0.072734,0.317654,0.501446,-0.398545,0.767922,0.393122,0.89556,0.208232,-0.771328,0.197952,0.604757,0.071407,-0.049438,-0.012536,-0.079512,0.514263,-0.43368,0.508039,0.03632,0.058856,-0.02174,-0.442219,0.3384,0.830618,-0.293257,-0.929744,0.222655,0.847609,-0.145123,0.510389,0.035684,-0.02475,-0.006287,0.897328,0.171075,0.967455,0.501014,0.084119,0.065038,-0.071836,-0.282261,0.914253,-0.290634,-0.938414,-0.200204,0.281595,0.199263,0.352219,0.914458,-0.00022,-0.053352,0.038197,2.899461,-1.333906,-5.04659,-0.828229
1920,0.094802,0.079206,0.339054,-0.593927,0.760424,-0.262774,-0.78314,-0.471514,0.405385,0.185098,0.44561,0.875898,-0.00138,-0.111455,0.074505,1.766205,0.820097,-1.567294,-1.403755,-0.112064,0.070784,0.317167,0.490873,-0.430635,0.757356,0.421913,0.877999,0.225925,-0.762854,0.209161,0.611694,0.084206,-0.046534,-0.012262,0.218974,0.04572,0.348913,0.508031,0.037938,0.057879,-0.021988,-0.435987,0.369257,0.820709,-0.319501,-0.91605,0.242424,0.841328,-0.156524,0.517364,0.047948,-0.02208,-0.005829,3.363869,-0.601646,4.785092,0.500851,0.084051,0.062836,-0.070342,-0.421842,0.857994,-0.293077,-0.901625,-0.362928,0.235274,0.095498,0.363494,0.926688,-0.000911,-0.056064,0.03693,2.693509,-1.169238,-5.204314,-0.819085
1921,0.094734,0.076995,0.340543,-0.644113,0.723489,-0.248451,-0.751625,-0.538112,0.381403,0.143043,0.431506,0.890712,-0.012528,-0.108203,0.077125,1.881002,0.695973,-1.527941,-1.493176,-0.110377,0.06989,0.317046,0.479968,-0.450358,0.752861,0.446819,0.863952,0.232107,-0.755559,0.225536,0.614921,0.083183,-0.039701,-0.007307,-0.055373,-0.067659,0.142706,0.509258,0.038785,0.057416,-0.02206,-0.426947,0.39078,0.815479,-0.345897,-0.903796,0.252006,0.835506,-0.174479,0.521043,0.041629,-0.020114,-0.003889,0.070281,-0.587914,0.925989,0.501667,0.084015,0.061684,-0.069573,-0.47957,0.828461,-0.289246,-0.876137,-0.433677,0.210494,0.048946,0.354366,0.933824,-0.006343,-0.054276,0.038476,1.846523,0.659591,-1.528467,-0.826922
1922,0.094621,0.072562,0.34341,-0.737043,0.641161,-0.213831,-0.672229,-0.662438,0.330538,0.071191,0.386563,0.919526,-0.001546,-0.10669,0.064317,1.480925,0.747894,-1.86699,-1.553014,-0.10719,0.068278,0.317077,0.475195,-0.457113,0.751818,0.457461,0.858179,0.232792,-0.752192,0.233862,0.615938,0.084351,-0.043574,0.005186,-0.047229,-0.202261,0.186356,0.520693,0.04041,0.056591,-0.022051,-0.423114,0.397673,0.814143,-0.356707,-0.899085,0.25378,0.832906,-0.183033,0.522269,0.036133,-0.023044,0.002304,-0.084136,-0.046929,-0.014275,0.511302,0.083962,0.059517,-0.068158,-0.586179,0.761427,-0.276805,-0.809499,-0.564457,0.16155,-0.033236,0.318771,0.947248,-0.001733,-0.059465,0.035462,2.720626,-0.432618,-5.651442,-0.841129
1923,0.094518,0.068344,0.345765,-0.81953,0.544764,-0.177902,-0.573008,-0.773312,0.271338,0.011257,0.323626,0.946133,-0.000993,-0.098952,0.055213,1.638423,0.742776,-1.723906,-1.690224,-0.104182,0.066539,0.317311,0.461495,-0.472104,0.751087,0.487031,0.842405,0.230407,-0.742065,0.260044,0.61772,0.072298,-0.043223,0.006713,0.014894,-0.116313,-0.025114,0.522874,0.041891,0.055743,-0.021933,-0.410795,0.413957,0.812333,-0.387373,-0.885809,0.255506,0.825341,-0.209716,0.524242,0.036184,-0.021823,0.00315,0.419962,-0.173076,0.34119,0.517996,0.083908,0.057399,-0.066981,-0.68713,0.677343,-0.262788,-0.718886,-0.686206,0.111008,-0.105137,0.265192,0.958445,-0.000767,-0.050029,0.027102,2.612217,-0.330045,-5.638306,-0.82284
1924,0.094517,0.066537,0.346789,-0.851086,0.499564,-0.161659,-0.524936,-0.817033,0.238477,-0.011891,0.287199,0.957811,0.00105,-0.085772,0.049079,1.711683,1.215984,-0.440999,-1.783302,-0.102797,0.065686,0.317483,0.460234,-0.476372,0.749163,0.496383,0.837632,0.227837,-0.736627,0.267593,0.620998,0.084418,-0.039174,0.008258,0.14531,-0.344741,-0.202711,0.523047,0.042637,0.055285,-0.021841,-0.409412,0.418769,0.810563,-0.39713,-0.881651,0.254907,0.821382,-0.217537,0.527264,0.042168,-0.01943,0.004203,0.218928,-0.433828,-0.283397,0.518976,0.083905,0.056485,-0.06647,-0.728349,0.63544,-0.256363,-0.671771,-0.735931,0.084425,-0.135019,0.233708,0.962885,0.000409,-0.043132,0.024389,1.673997,0.812118,-1.763818,-0.813043
1925,0.09454,0.063289,0.348628,-0.895645,0.422828,-0.138139,-0.442418,-0.879093,0.177295,-0.04536,0.219377,0.974599,0.001789,-0.077071,0.040162,2.0462,-0.201656,-5.273496,-1.856045,-0.099932,0.063995,0.317943,0.451842,-0.49063,0.745059,0.524617,0.821569,0.223013,-0.722093,0.290701,0.627644,0.074506,-0.050858,0.016542,0.089855,-0.126175,-0.010398,0.523108,0.044041,0.054461,-0.021615,-0.403848,0.433193,0.80576,-0.427093,-0.86818,0.252692,0.80901,-0.242086,0.535627,0.036031,-0.019298,0.004999,0.401135,-0.063921,0.22513,0.519793,0.083917,0.054892,-0.065559,-0.783695,0.570577,-0.245485,-0.594757,-0.80328,0.031674,-0.179121,0.170826,0.968882,-0.005872,-0.04347,0.024408,1.683072,-0.249671,-1.283954,-0.823004
1926,0.094461,0.060455,0.349951,-0.93075,0.344282,-0.123368,-0.360146,-0.921556,0.144917,-0.062643,0.178877,0.981889,-0.007801,-0.053563,0.025575,1.06349,-0.393851,-5.678552,-1.904284,-0.097342,0.062206,0.318481,0.430576,-0.512367,0.743019,0.570486,0.792365,0.215956,-0.699924,0.33152,0.632506,0.06022,-0.040573,0.01,-0.043994,-0.0807,-0.050956,0.522842,0.045364,0.05355,-0.021339,-0.385044,0.456658,0.802,-0.47583,-0.842825,0.251456,0.790775,-0.284794,0.541817,0.030086,-0.020229,0.004999,-0.087908,-0.032226,-0.015409,0.519956,0.083881,0.053432,-0.06488,-0.832177,0.498921,-0.241985,-0.515661,-0.856765,0.006872,-0.203896,0.130501,0.970255,0.001341,-0.033755,0.015817,0.395522,0.242392,-0.411168,-0.823657
1927,0.094523,0.058776,0.35091,-0.951472,0.28272,-0.12172,-0.298189,-0.944734,0.136138,-0.075323,0.165469,0.983348,-0.00372,-0.03324,0.023744,-0.038008,0.171548,-0.341608,-1.910167,-0.095188,0.060593,0.318989,0.394971,-0.537839,0.744794,0.632353,0.747189,0.204381,-0.666917,0.390904,0.634255,0.059303,-0.035538,0.013932,4.103887,1.041905,3.506112,0.521932,0.04642,0.052751,-0.021095,-0.354558,0.482388,0.800993,-0.537437,-0.806138,0.247591,0.765146,-0.342698,0.545076,0.02352,-0.019259,0.006566,0.018848,0.093496,-0.095805,0.519629,0.083906,0.052573,-0.064407,-0.864446,0.436351,-0.249658,-0.452333,-0.891817,0.007499,-0.219377,0.119411,0.968304,-0.001762,-0.016219,0.012147,-0.075012,-0.011125,-0.536235,-0.811736
1928,0.09453,0.058292,0.351219,-0.95877,0.25576,-0.124066,-0.271284,-0.953652,0.130095,-0.083852,0.158064,0.983876,-0.001569,-0.012179,0.007216,0.140506,0.004526,-0.471417,-1.910247,-0.094277,0.059914,0.319253,0.385937,-0.539417,0.74838,0.648951,0.735253,0.195447,-0.656156,0.410888,0.632845,0.034215,-0.038784,0.014622,0.05045,0.088507,-0.25915,0.521003,0.046885,0.052412,-0.020964,-0.342295,0.487481,0.80324,-0.560566,-0.792023,0.241792,0.754055,-0.367505,0.544371,0.023189,-0.017775,0.007747,0.239721,0.577047,-0.622275,0.51865,0.083912,0.05234,-0.064247,-0.874541,0.412356,-0.255224,-0.427756,-0.903878,0.005372,-0.228476,0.113871,0.966866,-0.001331,-0.011645,0.00748,0.749262,-0.582044,-5.462546,-0.807491
1929,0.094394,0.05775,0.351548,-0.968597,0.207448,-0.137222,-0.222504,-0.969259,0.104887,-0.110041,0.131861,0.985155,-0.001823,-0.013017,0.006685,0.701779,-0.036634,0.367328,-1.910663,-0.09261,0.05869,0.319904,0.39459,-0.535443,0.74672,0.651472,0.736054,0.183691,-0.648473,0.414636,0.638297,0.032726,-0.032637,0.019565,0.050166,-0.115706,-0.349135,0.516242,0.047732,0.051783,-0.020635,-0.350591,0.482671,0.802567,-0.564126,-0.792886,0.230417,0.74756,-0.371967,0.550266,0.016275,-0.016035,0.009981,0.043209,-0.112346,-0.346546,0.514731,0.083844,0.052063,-0.064074,-0.889759,0.364718,-0.274421,-0.376477,-0.926365,-0.010524,-0.258053,0.09395,0.961551,-0.00033,-0.001037,-0.000662,1.026077,-0.640358,0.466749,-0.809124
1930,0.09416,0.057591,0.351548,-0.974735,0.163398,-0.152439,-0.176289,-0.981474,0.074858,-0.136172,0.09963,0.985676,-0.001456,-0.004804,-0.003102,0.741039,-0.126837,-1.158856,-1.911281,-0.091185,0.057833,0.320648,0.411225,-0.531087,0.740832,0.650744,0.740093,0.169494,-0.638813,0.413037,0.648985,0.028928,-0.015494,0.016965,0.137582,-0.282438,-0.204464,0.5095,0.048434,0.05136,-0.020269,-0.367488,0.476988,0.798395,-0.564648,-0.796566,0.215997,0.739002,-0.371436,0.562059,0.014305,-0.007217,0.008884,0.167953,-0.32493,-0.24122,0.508689,0.083728,0.051985,-0.064068,-0.899028,0.325194,-0.293251,-0.329685,-0.943424,-0.035462,-0.288193,0.064799,0.955377,-0.000816,-0.002882,-0.001909,1.453383,-0.319689,-4.963151,-0.815819
1931,0.094049,0.057457,0.351439,-0.976514,0.14498,-0.159523,-0.155771,-0.986134,0.056983,-0.147837,0.080306,0.98576,-0.001423,0.002302,-0.013614,1.764773,-0.159817,-4.867036,-1.911889,-0.090636,0.057542,0.321038,0.417549,-0.530999,0.73735,0.65486,0.738349,0.161037,-0.630453,0.416266,0.655069,0.028036,-0.012219,0.019599,0.296927,-0.393657,-0.510757,0.505929,0.048709,0.051213,-0.020076,-0.372625,0.476908,0.796057,-0.569492,-0.794825,0.209597,0.732685,-0.375248,0.567767,0.014005,-0.006101,0.009785,0.353702,-0.516646,-0.380289,0.50428,0.083674,0.051919,-0.064116,-0.901003,0.311028,-0.302413,-0.311265,-0.949072,-0.048732,-0.302169,0.050223,0.95193,-0.001456,-0.004786,-0.003086,0.335259,-0.173573,0.567907,-0.816309
1932,0.093777,0.057175,0.351155,-0.978741,0.121899,-0.16508,-0.128815,-0.991153,0.031519,-0.158561,0.051955,0.985995,-0.014607,-0.006139,-0.003974,0.290618,-0.163096,0.523219,-1.912432,-0.089739,0.056997,0.321908,0.41831,-0.539818,0.730482,0.666437,0.72878,0.157083,-0.617679,0.421768,0.663662,0.015203,-0.013339,0.02041,-0.114669,-0.167158,-0.07258,0.499027,0.04915,0.050951,-0.019644,-0.376537,0.4847,0.789484,-0.582621,-0.786471,0.204974,0.720257,-0.38279,0.578532,0.007383,-0.006087,0.010621,-1.001498,-2.140042,1.519587,0.496442,0.083541,0.051776,-0.064265,-0.907639,0.283775,-0.309293,-0.275435,-0.958672,-0.071296,-0.316743,0.020479,0.94829,-0.001273,-0.004182,-0.002707,0.392049,-0.143569,0.448015,-0.818921
1933,0.093449,0.057058,0.350966,-0.979147,0.110608,-0.170533,-0.115426,-0.993133,0.018282,-0.166122,0.03744,0.985407,-0.001534,-0.005018,-0.003267,0.046597,-0.182236,0.322274,-1.912288,-0.089219,0.056723,0.322766,0.426076,-0.545728,0.721548,0.666053,0.728902,0.158143,-0.612774,0.413873,0.673113,0.013117,-0.006,0.026265,-0.021999,-0.080303,-0.037806,0.479898,0.049428,0.050798,-0.019205,-0.385813,0.490713,0.781248,-0.581857,-0.786581,0.206716,0.715953,-0.374821,0.588998,0.006431,-0.002597,0.013445,-0.052571,-0.037839,-0.013062,0.479297,0.083369,0.051708,-0.064365,-0.908534,0.273479,-0.315868,-0.260849,-0.961848,-0.082488,-0.326376,0.00745,0.94521,-0.006584,-0.000687,-0.000435,-0.010277,-0.211117,0.30147,-0.821697
1934,0.093214,0.05691,0.35095,-0.979606,0.098032,-0.175518,-0.102784,-0.994529,0.017882,-0.171587,0.035429,0.984546,-0.002477,-0.015076,0.005331,-0.034997,-0.185839,0.29031,-1.911845,-0.088997,0.057067,0.323789,0.430439,-0.550074,0.715635,0.666939,0.727995,0.158586,-0.60875,0.409693,0.679292,0.00764,0.016198,0.027448,-0.00645,-0.085442,0.057505,0.470123,0.049538,0.050959,-0.018709,-0.391041,0.494708,0.776112,-0.582687,-0.78581,0.207305,0.712433,-0.371166,0.595545,-0.002427,0.006873,0.013588,-0.029585,-0.045962,0.046323,0.461171,0.083253,0.051641,-0.064375,-0.909894,0.261312,-0.322192,-0.248767,-0.965228,-0.080305,-0.331974,0.007082,0.943261,-0.000385,-0.001248,-0.000807,-0.000678,-0.2237,0.330876,-0.823003
1935,0.093153,0.056712,0.350957,-0.980224,0.086917,-0.17791,-0.090997,-0.99573,0.01461,-0.174661,0.030395,0.984173,-0.003121,-0.017174,0.003962,-0.000385,-0.172349,0.257027,-1.912336,-0.089019,0.057435,0.324347,0.43292,-0.555483,0.709937,0.667679,0.726658,0.161577,-0.606175,0.404738,0.684545,-0.005483,0.01604,0.028881,-0.321651,-0.677046,0.498967,0.469018,0.049533,0.05114,-0.018438,-0.393985,0.497899,0.772574,-0.583315,-0.785039,0.208463,0.710295,-0.368523,0.599726,-0.004134,0.014388,0.011323,-0.002378,-0.037355,0.075712,0.457252,0.083225,0.051549,-0.064367,-0.911802,0.250617,-0.325278,-0.236853,-0.968083,-0.081946,-0.335434,0.002324,0.94206,-0.001626,-0.008781,0.001859,0.057907,-0.191768,-0.19841,-0.823493
1936,0.093129,0.056265,0.350847,-0.981256,0.069433,-0.179894,-0.071655,-0.9974,0.005599,-0.177818,0.018291,0.983907,-0.002407,-0.007852,-0.005139,0.225995,0.01124,0.066834,-1.912053,-0.089321,0.058384,0.325444,0.44027,-0.563781,0.698789,0.660422,0.730539,0.173464,-0.608838,0.385813,0.693057,-0.019367,0.018846,0.032435,-0.0382,-0.046854,0.031994,0.459628,0.049384,0.051622,-0.017879,-0.403518,0.508097,0.760927,-0.57425,-0.788087,0.221708,0.712327,-0.347499,0.609782,-0.003847,0.011858,0.01731,-0.051123,-0.110893,0.109302,0.448435,0.083212,0.05132,-0.064419,-0.914819,0.233919,-0.329219,-0.217106,-0.972217,-0.087502,-0.340541,-0.008573,0.940189,0.004818,-0.005114,-0.003342,0.349865,0.025436,-0.225136,-0.820391
1937,0.093257,0.056015,0.350706,-0.981021,0.070694,-0.18068,-0.071835,-0.997402,-0.000505,-0.179026,0.012388,0.98378,0.010949,-0.006008,-0.003934,0.024146,-0.112765,0.20337,-1.91232,-0.089887,0.059392,0.326832,0.468179,-0.56271,0.681291,0.628306,0.754057,0.191213,-0.621914,0.339226,0.705699,-0.021006,0.024963,0.036747,-1.173808,-0.538915,-0.935298,0.455415,0.049094,0.052135,-0.017171,-0.432813,0.505301,0.746554,-0.538855,-0.808922,0.235114,0.722708,-0.300524,0.622396,-0.010617,0.012809,0.018641,-1.174682,-0.528528,-0.964856,0.437168,0.083268,0.051187,-0.064495,-0.914359,0.235259,-0.329545,-0.216129,-0.971819,-0.094097,-0.342395,-0.014814,0.939439,-0.000603,-0.001971,-0.001292,-0.017331,-0.009334,-0.004842,-0.815166
1938,0.093313,0.055881,0.350629,-0.98125,0.067716,-0.180575,-0.068271,-0.997647,-0.003426,-0.179162,0.008875,0.983793,0.010152,-0.008629,-0.005658,0.027285,-0.094956,0.180622,-1.91283,-0.090276,0.059857,0.327612,0.488659,-0.556454,0.671984,0.603646,0.771663,0.200203,-0.630558,0.308491,0.712105,-0.021532,0.027066,0.038106,-0.323772,-0.398403,0.030316,0.454109,0.048907,0.052358,-0.016795,-0.453651,0.497217,0.739578,-0.511788,-0.824748,0.240549,0.729571,-0.269382,0.628617,-0.009564,0.00765,0.022595,-1.169652,-0.483417,-1.035591,0.433902,0.083299,0.051127,-0.064529,-0.915017,0.232372,-0.329767,-0.212235,-0.972456,-0.096349,-0.343073,-0.018173,0.939132,-0.000858,-0.002806,-0.001843,-0.006391,-0.00347,-0.000896,-0.815166
1939,0.093308,0.055518,0.35039,-0.98139,0.06708,-0.180051,-0.06656,-0.997726,-0.00921,-0.179039,0.002855,0.983851,-0.001466,0.002217,-0.01378,0.093878,0.028808,0.012981,-1.912282,-0.090969,0.060909,0.329105,0.526139,-0.548748,0.64965,0.560685,0.798151,0.220274,-0.640049,0.249027,0.726764,-0.009082,0.029267,0.037742,-0.073278,-0.499055,0.552493,0.445149,0.048554,0.052891,-0.016043,-0.49285,0.486366,0.721489,-0.464265,-0.848283,0.2547,0.735905,-0.209433,0.643879,-0.004452,0.014196,0.018566,-0.308009,-0.980625,0.902109,0.424758,0.083301,0.050943,-0.064644,-0.915258,0.231899,-0.329429,-0.209781,-0.972443,-0.101706,-0.343937,-0.02398,0.938686,0.004591,-0.00593,-0.0039,0.045258,0.025795,0.023284,-0.815982
1940,0.093301,0.055317,0.350235,-0.981385,0.063371,-0.18142,-0.062714,-0.997971,-0.009639,-0.180442,0.001832,0.983598,-0.000878,-0.002871,-0.001895,-0.000628,-0.110991,0.165017,-1.911576,-0.091387,0.061542,0.330604,0.529724,-0.556591,0.639992,0.557813,0.796962,0.231581,-0.639607,0.235004,0.731806,-0.003988,0.008206,0.037537,-0.32754,0.165955,0.45462,0.443902,0.048345,0.053227,-0.015296,-0.500228,0.493199,0.711706,-0.460739,-0.847523,0.263483,0.733137,-0.196109,0.651191,-0.002114,0.004445,0.019038,-0.04165,-0.171757,0.214528,0.418226,0.083294,0.050834,-0.064733,-0.915579,0.228112,-0.331177,-0.205895,-0.973326,-0.101198,-0.345429,-0.024467,0.938125,-0.000474,-0.00155,-0.001024,-0.000649,-0.00024,0.001395,-0.816798
1941,0.093254,0.055258,0.350197,-0.981219,0.064254,-0.182008,-0.063585,-0.997914,-0.009794,-0.181038,0.001876,0.983488,-0.001064,-0.003478,-0.002297,-0.000646,-0.110997,0.165045,-1.911647,-0.091581,0.061604,0.331244,0.539502,-0.550657,0.636951,0.544991,0.80495,0.234465,-0.642496,0.221314,0.733541,-0.002471,0.002829,0.03349,-0.369823,-0.24949,-0.194366,0.445453,0.04824,0.053266,-0.014946,-0.507457,0.488017,0.710158,-0.446847,-0.853721,0.267369,0.736759,-0.181654,0.651296,-0.00114,0.000992,0.016442,-0.352632,-0.265659,-0.211281,0.417899,0.083272,0.050809,-0.064749,-0.915179,0.229015,-0.331658,-0.206736,-0.973118,-0.101485,-0.345985,-0.024312,0.937924,-0.000592,-0.001934,-0.001276,-0.000357,0.015932,-0.022634,-0.816798
1942,0.093064,0.05509,0.350051,-0.980494,0.066066,-0.185235,-0.065817,-0.997787,-0.007769,-0.18412,0.004485,0.982907,-0.001987,-0.006481,-0.004289,-0.016726,-0.103959,0.135002,-1.911406,-0.091785,0.061724,0.332333,0.542901,-0.550871,0.633869,0.540961,0.806661,0.237893,-0.643043,0.214422,0.735107,-0.000971,-0.002514,0.029469,-0.067066,-0.022711,0.005281,0.445708,0.048139,0.053323,-0.014416,-0.511387,0.487894,0.707418,-0.442339,-0.855218,0.270066,0.736762,-0.174811,0.653162,-0.001656,0.004376,0.011014,-0.010506,-0.143378,0.187772,0.419696,0.083179,0.050732,-0.064818,-0.913605,0.230821,-0.334732,-0.209294,-0.972771,-0.099555,-0.348597,-0.020897,0.937038,-0.00091,-0.002977,-0.001968,0.008865,0.021147,-0.01855,-0.816798
1943,0.092842,0.055032,0.349933,-0.980138,0.06201,-0.188491,-0.062073,-0.99804,-0.005841,-0.187265,0.005891,0.982305,-0.000975,-0.003173,-0.002103,-0.043442,-0.135108,0.1487,-1.911198,-0.091661,0.061672,0.333273,0.543257,-0.550825,0.633605,0.53946,0.80722,0.239402,-0.644004,0.212423,0.734846,0.012939,-0.00636,0.025195,-0.086474,0.093674,-0.150031,0.44664,0.048196,0.053299,-0.013943,-0.511756,0.487966,0.707102,-0.440754,-0.855598,0.271451,0.737455,-0.172742,0.65293,-0.000754,0.001149,0.008636,-0.030035,-0.027723,0.026687,0.420022,0.083066,0.050696,-0.064881,-0.9133,0.22694,-0.338201,-0.20601,-0.973723,-0.097065,-0.351342,-0.018976,0.936054,-0.006558,-0.000462,-0.000315,-0.025612,0.017042,-0.061051,-0.817288
1944,0.092531,0.055023,0.349857,-0.979131,0.064645,-0.192794,-0.064398,-0.99788,-0.007816,-0.191673,0.004675,0.981461,-0.0133,-0.001488,-0.001015,-0.000891,0.030801,-0.053466,-1.91123,-0.09127,0.06148,0.333969,0.543501,-0.550817,0.633402,0.538154,0.807681,0.240783,-0.644892,0.210678,0.73457,0.012208,-0.000752,0.013631,-0.031481,-0.026585,0.031876,0.448621,0.048392,0.053199,-0.013593,-0.511995,0.487829,0.707023,-0.439198,-0.856035,0.272595,0.738217,-0.170956,0.65254,0.006226,-0.00086,0.006459,-0.030955,-0.026383,0.032332,0.422472,0.082912,0.050694,-0.064917,-0.911156,0.229874,-0.341979,-0.208061,-0.97302,-0.099702,-0.355672,-0.019692,0.934402,-0.006642,-0.000722,-0.000489,-0.000433,0.032584,-0.052587,-0.817288
1945,0.092322,0.05501,0.349825,-0.978871,0.065871,-0.193694,-0.0656,-0.997799,-0.008082,-0.192583,0.004706,0.981283,-0.01315,-0.000984,-0.000683,-0.001709,-0.096347,0.135449,-1.910904,-0.091071,0.061392,0.334223,0.546821,-0.547771,0.633186,0.532975,0.810915,0.241428,-0.646389,0.206127,0.734545,0.00085,-0.006047,0.011238,-0.036227,0.0052,-0.020781,0.448258,0.048491,0.053156,-0.01347,-0.515054,0.484525,0.707074,-0.433758,-0.858819,0.272546,0.739305,-0.166323,0.652506,0.00645,-0.001648,0.005891,-0.031712,-0.026658,0.033234,0.422961,0.082816,0.050688,-0.064933,-0.910658,0.23092,-0.342604,-0.209014,-0.972776,-0.100095,-0.356391,-0.019544,0.934132,-0.006533,-0.000365,-0.000253,-0.001009,0.014936,-0.029106,-0.816962
1946,0.091999,0.054807,0.349759,-0.976798,0.062983,-0.204805,-0.062272,-0.997993,-0.01017,-0.20382,0.002734,0.979018,-0.003114,-0.017046,0.003972,-0.047494,-0.105781,0.144864,-1.911181,-0.090708,0.061421,0.334621,0.550045,-0.545468,0.632381,0.528153,0.813698,0.24266,-0.647617,0.201189,0.734833,0.012548,-0.00199,0.01273,-0.034171,-0.010053,0.008437,0.446844,0.048679,0.053161,-0.013267,-0.518147,0.481999,0.70654,-0.428591,-0.861203,0.273199,0.740157,-0.161259,0.652811,0.006264,-0.000984,0.006366,-0.033832,-0.009937,0.008965,0.422145,0.082646,0.050587,-0.064966,-0.907009,0.228441,-0.353763,-0.205588,-0.973366,-0.101442,-0.367514,-0.01928,0.929817,-0.001595,-0.00865,0.001907,-0.024475,-0.082119,0.156705,-0.819901
1947,0.091736,0.054575,0.349616,-0.975675,0.062025,-0.210371,-0.060812,-0.998057,-0.012477,-0.209523,0.000535,0.977817,-0.002128,-0.006841,-0.004564,-0.000642,-0.09494,0.141113,-1.911197,-0.090172,0.061691,0.334978,0.558306,-0.539556,0.63021,0.519379,0.819593,0.241759,-0.647653,0.193004,0.736992,0.009729,0.010956,0.006437,-0.013727,0.082284,-0.109194,0.446915,0.048945,0.053288,-0.013093,-0.526152,0.475502,0.705025,-0.419572,-0.86628,0.271138,0.739677,-0.153149,0.655303,0.004891,0.005368,0.003131,-0.000259,-0.027266,0.057323,0.421329,0.082515,0.050474,-0.065036,-0.905208,0.227622,-0.358865,-0.203697,-0.973528,-0.103682,-0.372966,-0.020754,0.927612,-0.007018,-0.001876,-0.001267,-0.001065,-0.079046,0.112419,-0.822024
1948,0.091579,0.054522,0.349546,-0.975138,0.064566,-0.21209,-0.063285,-0.997896,-0.013067,-0.211275,0.000592,0.97744,-0.001524,-0.004889,-0.003266,-0.000759,-0.111036,0.165019,-1.911124,-0.089942,0.06185,0.335131,0.561405,-0.536866,0.629755,0.514825,0.822314,0.242256,-0.648615,0.188868,0.737218,0.009821,0.01059,0.006167,-1.039353,-0.433411,-1.169601,0.446543,0.04906,0.053369,-0.013016,-0.528126,0.473559,0.704857,-0.416227,-0.867869,0.271213,0.74016,-0.150146,0.655452,0.006145,-0.000629,0.006629,-3.511938,-1.365577,-4.041321,0.421002,0.082434,0.05044,-0.065075,-0.903969,0.230253,-0.360307,-0.206087,-0.972916,-0.104693,-0.374655,-0.020385,0.926939,-0.000756,-0.002431,-0.001618,-0.000741,-0.110924,0.165443,-0.821044
1949,0.091283,0.054373,0.349388,-0.974387,0.064109,-0.215652,-0.06255,-0.997926,-0.014286,-0.214909,-0.000518,0.976648,-0.002195,-0.007019,-0.004699,-0.000669,-0.094962,0.141098,-1.910838,-0.089623,0.062113,0.335449,0.574544,-0.526177,0.62692,0.495887,0.833087,0.244941,-0.651877,0.170798,0.738748,0.009991,0.009926,0.005677,-0.006375,-0.018495,0.019324,0.445759,0.049215,0.053498,-0.012859,-0.541437,0.460768,0.703233,-0.39475,-0.877837,0.271243,0.742305,-0.130741,0.657182,0.006041,-0.00024,0.006885,-0.125769,-0.062108,-0.078866,0.420022,0.082289,0.050373,-0.065149,-0.902743,0.229771,-0.363673,-0.205063,-0.97302,-0.105733,-0.378156,-0.020874,0.925505,-0.001031,-0.003305,-0.002209,-0.000352,-0.094778,0.141717,-0.8248
1950,0.091102,0.054133,0.349227,-0.973834,0.062749,-0.218528,-0.060947,-0.998011,-0.015214,-0.217838,-0.001583,0.975997,-0.002152,-0.00687,-0.004612,0.000114,0.016091,-0.02391,-1.910976,-0.089414,0.062475,0.335753,0.584402,-0.519016,0.623769,0.482129,0.84032,0.247684,-0.653446,0.156627,0.7405,-0.002848,0.00993,0.007065,0.00271,-0.016537,0.023442,0.441327,0.049329,0.053679,-0.012708,-0.550979,0.452896,0.700933,-0.3802,-0.883921,0.272268,0.742879,-0.116481,0.659213,0.004512,0.006603,0.003992,0.00545,-0.030711,0.053194,0.416756,0.082197,0.050252,-0.065231,-0.901855,0.228624,-0.366587,-0.203464,-0.973278,-0.106442,-0.381127,-0.021408,0.924274,-0.000991,-0.00317,-0.002124,-0.000627,-0.094913,0.141626,-0.827576
1951,0.091018,0.053933,0.349012,-0.973361,0.060952,-0.221131,-0.058867,-0.99812,-0.016241,-0.220495,-0.002875,0.975398,-0.002059,-0.006566,-0.004419,0.002287,-0.094767,0.127983,-1.910476,-0.08937,0.062933,0.336175,0.585058,-0.521829,0.620801,0.482992,0.839052,0.250287,-0.65222,0.15405,0.742119,-0.001487,0.002102,0.016954,-0.030764,-0.028081,0.025988,0.434946,0.049352,0.053904,-0.012505,-0.552168,0.455709,0.698168,-0.380903,-0.882784,0.274963,0.741635,-0.114109,0.661026,0.004014,0.008286,0.005172,0.005448,-0.031105,0.052832,0.410878,0.082156,0.050153,-0.065337,-0.901258,0.226832,-0.369159,-0.201204,-0.97368,-0.107067,-0.38373,-0.022219,0.923177,-0.000435,0.002111,-0.006277,0.066214,-0.113203,0.008885,-0.828555
1952,0.090993,0.053847,0.348896,-0.97299,0.062686,-0.222275,-0.060528,-0.998012,-0.016742,-0.221673,-0.002922,0.97513,-0.002167,-0.006908,-0.004655,-0.000688,-0.095004,0.141069,-1.907816,-0.089371,0.063111,0.336421,0.588165,-0.518826,0.620381,0.478154,0.841678,0.250759,-0.652994,0.149786,0.742311,-0.003907,0.013599,0.009605,0.002709,-0.016524,0.023452,0.432987,0.049351,0.053996,-0.012374,-0.555052,0.452479,0.697982,-0.375835,-0.884992,0.274838,0.742067,-0.109777,0.661274,0.005087,0.002999,0.00915,-0.028469,-0.043065,0.056016,0.407286,0.082143,0.050108,-0.065396,-0.900455,0.228517,-0.370078,-0.202683,-0.973288,-0.10783,-0.384835,-0.022088,0.92272,-0.000315,0.002502,-0.006017,0.034141,-0.004203,-0.008854,-0.828882
1953,0.090944,0.053661,0.348702,-0.97277,0.059661,-0.224063,-0.057246,-0.998193,-0.01749,-0.223492,-0.004269,0.97471,-0.001835,-0.005846,-0.003949,-0.000694,-0.095025,0.141055,-1.905463,-0.089495,0.063516,0.336983,0.588265,-0.519505,0.619719,0.478215,0.841399,0.25158,-0.652861,0.149001,0.742587,-0.002193,0.00457,0.018613,-0.030769,-0.028061,0.026004,0.428402,0.049289,0.054201,-0.012097,-0.555263,0.453175,0.697362,-0.375864,-0.884725,0.275655,0.741895,-0.109053,0.661588,-0.002281,0.007917,0.005561,0.003061,-0.016375,0.023799,0.401897,0.082117,0.050011,-0.065496,-0.900331,0.225701,-0.372103,-0.199476,-0.973922,-0.108089,-0.386796,-0.02309,0.921875,-0.000895,-0.002861,-0.001931,-0.00052,-0.09488,0.141659,-0.826759
1954,0.090862,0.053569,0.348535,-0.972428,0.061204,-0.225132,-0.058696,-0.998099,-0.018049,-0.2246,-0.00442,0.974455,-0.001474,-0.004694,-0.003176,0.00012,0.016108,-0.023899,-1.901216,-0.089479,0.063746,0.337697,0.588459,-0.519978,0.619137,0.477697,0.841341,0.252753,-0.653065,0.147664,0.742675,-0.002115,0.004296,0.018362,-0.030775,-0.028035,0.026025,0.427342,0.049295,0.05432,-0.011731,-0.55556,0.453672,0.696802,-0.375234,-0.884638,0.276793,0.741991,-0.107688,0.661703,-0.001062,0.002127,0.009167,-0.030525,-0.027946,0.026234,0.397978,0.082077,0.049967,-0.065578,-0.899576,0.22726,-0.372981,-0.200809,-0.973561,-0.108874,-0.387863,-0.023043,0.921428,9.2e-05,0.003792,-0.00515,0.033759,-0.02042,0.014803,-0.826922
1955,0.090796,0.053526,0.348482,-0.972267,0.061926,-0.225627,-0.059387,-0.998054,-0.018253,-0.22511,-0.004432,0.974337,-0.001235,-0.003928,-0.00266,0.000121,0.016109,-0.023898,-1.897026,-0.089444,0.063708,0.33808,0.589309,-0.521663,0.616907,0.477351,0.840804,0.255182,-0.652551,0.144741,0.743701,0.001091,-0.009928,0.023788,-0.077451,-0.02364,-0.006108,0.4269,0.049311,0.05431,-0.011546,-0.556798,0.455382,0.694696,-0.374723,-0.884098,0.279197,0.741321,-0.104862,0.662906,-0.00072,0.000933,0.008325,-0.075105,0.029118,-0.095181,0.397488,0.082044,0.049945,-0.065605,-0.899227,0.227979,-0.373383,-0.201447,-0.973394,-0.109183,-0.388341,-0.022964,0.921228,-0.006497,-9.7e-05,-9.8e-05,-0.001063,0.014691,-0.029296,-0.826596
1956,0.090679,0.0534,0.348397,-0.97198,0.056872,-0.228179,-0.054694,-0.99836,-0.016084,-0.227511,-0.003232,0.973784,-0.013194,-0.000795,-0.000611,1.259979,0.119594,-5.435175,-1.884121,-0.089296,0.06358,0.338837,0.594637,-0.5177,0.61513,0.471676,0.844155,0.254674,-0.65185,0.139339,0.745345,0.013149,-0.007556,0.024076,0.274962,-0.398848,-0.291533,0.425706,0.049381,0.054242,-0.011169,-0.559978,0.452117,0.694272,-0.368438,-0.886452,0.280096,0.742076,-0.098949,0.662971,0.000564,-0.00507,0.01181,-0.066724,-0.022896,0.005201,0.395855,0.08199,0.049881,-0.065648,-0.898043,0.228724,-0.375771,-0.203032,-0.973286,-0.1072,-0.390252,-0.019977,0.920491,-0.000349,-0.001119,-0.000757,0.004989,0.003122,0.002553,-0.826269
1957,0.09062,0.05336,0.348381,-0.971636,0.058499,-0.229231,-0.056283,-0.998266,-0.016419,-0.228586,-0.003132,0.973533,-2.1e-05,-6.5e-05,-4.4e-05,-0.0,-0.0,-0.0,-1.884351,-0.089011,0.063397,0.339599,0.601032,-0.511144,0.614397,0.460636,0.84969,0.256466,-0.653887,0.129497,0.745336,0.013831,-0.009938,0.022423,-0.067485,-0.022063,0.010686,0.422027,0.049523,0.054155,-0.010785,-0.567847,0.443872,0.6932,-0.357257,-0.891594,0.278255,0.741563,-0.089644,0.664866,0.005719,0.000672,0.007446,-0.035027,-0.023795,0.035125,0.392753,0.081954,0.049857,-0.065659,-0.898505,0.224687,-0.377098,-0.198756,-0.974202,-0.106887,-0.391386,-0.021089,0.919984,2.9e-05,9e-05,6.3e-05,-0.000753,-0.111093,0.165233,-0.826106
1958,0.090504,0.053392,0.348403,-0.971367,0.059713,-0.230056,-0.057466,-0.998194,-0.016681,-0.22943,-0.003065,0.973334,-0.012026,0.002922,0.001908,-0.000984,0.014715,-0.029553,-1.883018,-0.08869,0.063133,0.340258,0.609245,-0.503243,0.612828,0.449659,0.855729,0.255866,-0.653936,0.120297,0.746832,0.012231,-0.001321,0.01306,-0.030926,-0.027669,0.03088,0.410871,0.049684,0.05402,-0.010452,-0.575566,0.435286,0.692278,-0.345931,-0.896685,0.276201,0.740982,-0.080509,0.666681,0.001481,-0.008243,0.009619,-0.079127,0.000428,-0.012596,0.384098,0.081901,0.049875,-0.065647,-0.897912,0.225917,-0.377774,-0.199881,-0.973922,-0.107341,-0.392173,-0.020873,0.919653,6.8e-05,0.00022,0.000151,-0.000875,-0.111159,0.165086,-0.826106
1959,0.090454,0.053378,0.348416,-0.971213,0.060429,-0.230517,-0.058175,-0.998151,-0.016789,-0.229898,-0.002978,0.973224,-1.3e-05,-4.2e-05,-2.9e-05,-0.0,-0.0,-0.0,-1.879817,-0.088545,0.062987,0.340512,0.611274,-0.502348,0.61154,0.44943,0.856299,0.254357,-0.652199,0.119979,0.748401,0.001111,-0.006924,0.010536,0.021363,-0.058567,-0.07129,0.405474,0.04976,0.053948,-0.010319,-0.577698,0.434271,0.691139,-0.345892,-0.897185,0.274619,0.739339,-0.080413,0.668513,0.000592,-0.003618,0.005155,0.009382,-0.047496,-0.063207,0.377403,0.081872,0.04987,-0.065639,-0.897586,0.226605,-0.378136,-0.200529,-0.973766,-0.107549,-0.392588,-0.020707,0.91948,-1e-06,-4e-06,-1e-06,-2.5e-05,-1.3e-05,0.000131,-0.825943
1960,0.090449,0.053394,0.348427,-0.970917,0.061803,-0.231399,-0.059511,-0.998067,-0.017099,-0.230801,-0.002915,0.97301,0.000418,0.001323,0.000898,-0.0,-0.0,-0.0,-1.881938,-0.08838,0.062839,0.340762,0.615194,-0.500305,0.60928,0.449327,0.857462,0.250597,-0.648576,0.120214,0.751506,-0.000493,0.0017,0.001168,0.028361,-0.044596,0.001204,0.3908,0.049843,0.053872,-0.010195,-0.581793,0.431872,0.689204,-0.346136,-0.898283,0.270695,0.736007,-0.08107,0.672101,-0.000183,0.000615,0.00042,0.00012,-0.018058,0.020201,0.362707,0.081869,0.049876,-0.065635,-0.896943,0.227967,-0.378843,-0.20177,-0.973452,-0.108063,-0.393421,-0.020487,0.919129,0.000236,0.000754,0.000512,-2.3e-05,-2.1e-05,8.1e-05,-0.826433
1961,0.090517,0.053455,0.348468,-0.970564,0.063454,-0.232433,-0.061114,-0.997964,-0.017477,-0.231862,-0.002844,0.972758,0.000679,0.002153,0.001459,-0.0,-0.0,-0.0,-1.883487,-0.088421,0.062744,0.340715,0.620057,-0.495493,0.608282,0.444345,0.860704,0.248354,-0.647381,0.116902,0.753057,0.000927,-0.003198,-0.002198,0.006974,0.00568,-0.032022,0.352464,0.049821,0.053829,-0.010216,-0.586276,0.426725,0.68861,-0.341162,-0.901022,0.267892,0.73477,-0.077869,0.67383,0.000355,-0.001226,-0.000842,-0.011589,0.008966,0.005989,0.330049,0.081903,0.049907,-0.065614,-0.896178,0.229598,-0.379668,-0.203254,-0.973074,-0.108686,-0.3944,-0.020233,0.918715,0.000365,0.00116,0.000783,-1.3e-05,-1.6e-05,5.2e-05,-0.826596
1962,0.090509,0.053485,0.3485,-0.970312,0.064601,-0.233165,-0.062236,-0.99789,-0.017713,-0.232611,-0.002763,0.97258,0.000634,0.002011,0.001362,-0.000845,-0.111152,0.164941,-1.882532,-0.088484,0.062713,0.340644,0.622974,-0.491588,0.60847,0.439162,0.863425,0.248128,-0.648121,0.113243,0.752979,-0.011077,-0.005777,-0.002644,-0.001904,0.01505,-0.029368,0.319723,0.049795,0.05381,-0.010254,-0.58866,0.422675,0.689074,-0.335761,-0.903249,0.267216,0.735352,-0.074065,0.673625,-0.000673,0.003866,-0.004992,0.031877,-0.000502,0.024852,0.299024,0.081899,0.049923,-0.065597,-0.895697,0.23061,-0.380191,-0.204185,-0.972839,-0.109045,-0.395012,-0.020042,0.918456,0.000364,0.001158,0.000784,-0.000118,-0.016121,0.023946,-0.82529
1963,0.090431,0.053509,0.348597,-0.969854,0.066691,-0.23448,-0.06431,-0.997754,-0.01801,-0.233949,-0.002478,0.97226,0.000475,0.001506,0.001019,-0.000842,-0.111121,0.164961,-1.852574,-0.08862,0.062539,0.340453,0.624858,-0.489634,0.608113,0.438832,0.864409,0.245269,-0.64653,0.114202,0.754202,-0.010185,-0.008889,-0.004792,0.016939,0.007596,-0.071797,0.1938,0.049726,0.053726,-0.010348,-0.590563,0.420517,0.688766,-0.335781,-0.904154,0.264112,0.733815,-0.0753,0.675162,0.000788,-0.002717,-0.001871,0.000527,0.009197,-0.030815,0.17231,0.081861,0.049936,-0.065548,-0.894717,0.232672,-0.38124,-0.206136,-0.972358,-0.109662,-0.396217,-0.019529,0.917948,0.000286,0.000914,0.00062,1.9e-05,-1.3e-05,3.3e-05,-0.819901
1964,0.090431,0.053608,0.348722,-0.969336,0.066742,-0.236599,-0.064944,-0.997753,-0.015606,-0.235904,0.000148,0.97179,0.001552,0.004918,0.003326,-0.008199,-0.021224,0.020423,-1.818633,-0.088655,0.062364,0.340342,0.626757,-0.488351,0.607191,0.438851,0.865056,0.242943,-0.644676,0.1148,0.755696,0.000614,-0.002125,-0.001466,0.003623,-0.004004,-0.003171,0.123184,0.049707,0.053628,-0.010411,-0.592394,0.419081,0.688069,-0.335955,-0.904757,0.261817,0.732258,-0.076061,0.676766,0.000416,-0.001431,-0.000986,-0.013357,0.011983,0.008267,0.048373,0.081859,0.049978,-0.065491,-0.893754,0.23276,-0.383438,-0.207257,-0.972396,-0.107184,-0.397803,-0.016326,0.917325,0.000792,0.002519,0.001705,0.012911,-0.007635,0.031003,-0.809287
1965,0.090437,0.05372,0.348797,-0.970271,0.065172,-0.233181,-0.064656,-0.997843,-0.01008,-0.232129,0.005208,0.972685,-0.010167,0.008765,0.005853,-0.051555,0.054347,-0.019579,-1.75443,-0.088654,0.062327,0.340317,0.629639,-0.484527,0.607272,0.433644,0.867694,0.242884,-0.645395,0.111006,0.755649,0.000614,-0.002125,-0.001467,-0.304635,-0.104588,-0.399527,0.094687,0.049707,0.05361,-0.010423,-0.594726,0.415195,0.688413,-0.330673,-0.906858,0.261271,0.732772,-0.072255,0.676626,0.000266,-0.000919,-0.000634,-0.307773,-0.102273,-0.404228,-0.001757,0.081863,0.050037,-0.065451,-0.895494,0.231158,-0.380335,-0.207962,-0.972842,-0.101625,-0.393499,-0.011909,0.919247,-0.005053,0.00449,0.003001,-0.021149,0.071261,-0.005122,-0.801612
1966,0.090363,0.053988,0.349023,-0.973416,0.060805,-0.220927,-0.063353,-0.997968,0.004227,-0.219011,0.018028,0.975569,0.002241,0.007096,0.004781,-0.415255,0.01363,-0.130442,-1.459609,-0.088581,0.062309,0.340286,0.639187,-0.470466,0.608352,0.417972,0.876463,0.23884,-0.646361,0.102188,0.756067,0.000151,-0.000524,-0.000362,0.000844,0.001415,-0.001173,0.008272,0.049744,0.0536,-0.010439,-0.602964,0.400184,0.690135,-0.314707,-0.914244,0.25518,0.733071,-0.063326,0.677197,7.1e-05,-0.000235,-0.000164,-0.004026,0.003566,0.004885,-0.093853,0.081826,0.050171,-0.065338,-0.90146,0.227208,-0.368435,-0.20915,-0.973841,-0.08882,-0.378978,-0.00301,0.9254,-0.00495,0.004796,0.003196,-0.928113,0.489475,-0.34386,-0.722743
1967,0.090289,0.054367,0.349277,-0.975033,0.055814,-0.215038,-0.060323,-0.998063,0.014222,-0.212616,0.026762,0.976783,0.003139,0.009931,0.006668,-0.224538,-0.157642,-0.072273,-1.030898,-0.088597,0.062323,0.340331,0.646862,-0.449017,0.616396,0.395976,0.888471,0.231851,-0.652561,0.094652,0.75171,-0.000793,0.002744,0.001894,-0.070835,-0.162832,0.074157,-0.167524,0.049737,0.053603,-0.010419,-0.607758,0.377932,0.698424,-0.292738,-0.924177,0.245355,0.738196,-0.055339,0.672311,-0.006212,-0.000581,0.000268,-0.313153,-0.107772,-0.401807,-0.234773,0.081791,0.050352,-0.065217,-0.904687,0.222152,-0.363579,-0.208058,-0.974998,-0.078031,-0.371824,0.005052,0.928289,0.001653,0.005237,0.003516,-0.395252,-0.270198,-0.146763,-0.574802
