frame,MLTx,MLTy,MLTz,MLTR1,MLTR2,MLTR3,MLTR4,MLTR5,MLTR6,MLTR7,MLTR8,MLTR9,MLTTVx,MLTTVy,MLTTVz,MLTRVx,MLTRVy,MLTRVz,MLGA,MRTx,MRTy,MRTz,MRTR1,MRTR2,MRTR3,MRTR4,MRTR5,MRTR6,MRTR7,MRTR8,MRTR9,MRTTVx,MRTTVy,MRTTVz,MRTRVx,MRTRVy,MRTRVz,MRGA,SLTx,SLTy,SLTz,SLTR1,SLTR2,SLTR3,SLTR4,SLTR5,SLTR6,SLTR7,SLTR8,SLTR9,SLTTVx,SLTTVy,SLTTVz,SLTRVx,SLTRVy,SLTRVz,SLGA,SRTx,SRTy,SRTz,SRTR1,SRTR2,SRTR3,SRTR4,SRTR5,SRTR6,SRTR7,SRTR8,SRTR9,SRTTVx,SRTTVy,SRTTVz,SRTRVx,SRTRVy,SRTRVz,SRGA
291,0.131606,-0.006052,0.309328,0.073684,0.596672,-0.799124,-0.96333,0.249857,0.097667,0.257844,0.761886,0.5942,-7.9e-05,-0.000431,-0.000454,-0.21149,1.250626,-0.090485,-1.831108,-0.195101,-0.013718,0.299985,0.224669,0.850366,0.475807,-0.531155,-0.302369,0.791442,0.816584,-0.431597,0.383115,0.030001,0.005727,0.00445,1.20197,0.920772,0.46227,0.533305,0.03145,0.037656,-0.020874,-0.078047,-0.887228,0.45468,0.483394,0.365194,0.795589,-0.871915,0.281883,0.400379,0.015003,0.002986,0.002379,1.208794,0.921066,0.467862,0.523385,0.064585,0.037205,-0.063287,0.138684,-0.640907,-0.754986,0.952565,-0.122206,0.278718,-0.270896,-0.757828,0.593558,7e-06,5.6e-05,6.5e-05,-1.45197,0.721292,0.502139,-1.083942
292,0.131695,-0.005819,0.309336,0.10788,0.612155,-0.783373,-0.940386,0.31846,0.119285,0.322354,0.723048,0.610996,0.000743,0.004065,0.004279,-1.343283,0.513669,0.565657,-1.756948,-0.194414,-0.013503,0.300242,0.260424,0.837798,0.479859,-0.549229,-0.280073,0.787299,0.793648,-0.469625,0.386571,0.01524,0.005904,0.005609,0.147746,-0.120802,-0.059419,0.528756,0.031776,0.037763,-0.020745,-0.114014,-0.880774,0.459605,0.506498,0.346451,0.789576,-0.854669,0.322812,0.40661,0.00766,0.00347,0.003413,0.287809,-0.06443,-0.09169,0.522732,0.064624,0.037316,-0.063281,0.10587,-0.660794,-0.743062,0.935475,-0.187185,0.299746,-0.337161,-0.726851,0.598338,0.000397,0.002184,0.00231,-0.41204,0.352003,-0.179479,-1.065327
293,0.131853,-0.005351,0.309384,0.153496,0.620037,-0.76944,-0.906255,0.398693,0.140421,0.39364,0.674989,0.62407,0.001724,0.018394,-0.000484,-2.461481,2.116933,-1.065903,-1.693367,-0.193795,-0.013362,0.300512,0.291878,0.82337,0.486682,-0.575735,-0.254942,0.776832,0.763313,-0.507962,0.398989,0.030407,-0.006467,0.011297,3.203516,3.817347,1.899936,0.52225,0.032092,0.037843,-0.020607,-0.143646,-0.872546,0.466936,0.533229,0.329238,0.779274,-0.833685,0.360924,0.417973,0.007601,0.002891,0.002744,0.119693,-0.140002,-0.043242,0.522079,0.064709,0.037552,-0.063255,0.056832,-0.67196,-0.738403,0.907306,-0.273863,0.319052,-0.416611,-0.68809,0.594109,0.000884,0.009333,-0.000152,-4.340031,1.078763,3.06951,-1.056019
294,0.131878,-0.005034,0.309449,0.175596,0.624047,-0.76143,-0.887169,0.435553,0.152305,0.426465,0.648003,0.631068,0.00205,0.020191,0.001388,-0.396308,0.390275,-0.131565,-1.639195,-0.193485,-0.013331,0.300649,0.305324,0.81859,0.486497,-0.586945,-0.240384,0.773075,0.749377,-0.522601,0.406429,0.015131,0.004962,0.004521,1.358846,0.690018,0.559509,0.521687,0.032252,0.037854,-0.020537,-0.161013,-0.869372,0.46719,0.548184,0.314856,0.774829,-0.820712,0.380863,0.425879,0.007825,-0.003338,0.005705,2.729414,4.184221,2.187307,0.521099,0.064722,0.037718,-0.063222,0.034486,-0.680136,-0.732273,0.889617,-0.312985,0.332598,-0.455402,-0.662913,0.594267,0.001059,0.010284,0.00091,-0.383384,0.384074,-0.127201,-1.050141
295,0.131889,-0.004179,0.309646,0.222527,0.630484,-0.743651,-0.840746,0.510265,0.180962,0.493272,0.584174,0.644555,0.002726,0.0239,0.005219,-4.229347,1.172904,3.358253,-1.488805,-0.192929,-0.013455,0.300981,0.317569,0.81394,0.486459,-0.604149,-0.221591,0.765399,0.73037,-0.53797,0.420728,0.015573,-0.007677,0.010933,0.253265,-0.255932,-0.139228,0.510863,0.03253,0.037797,-0.020372,-0.173699,-0.866789,0.467445,0.570021,0.298572,0.765461,-0.803059,0.399413,0.442227,0.007747,-0.00428,0.004987,0.327247,-0.293203,-0.202932,0.514894,0.064726,0.038137,-0.063126,-0.009881,-0.691996,-0.721833,0.849946,-0.386094,0.3585,-0.526776,-0.609977,0.591974,0.001337,0.011819,0.002492,-0.399512,0.299592,-0.010525,-1.019605
296,0.131993,-0.003276,0.309862,0.27411,0.618477,-0.736475,-0.788189,0.583242,0.196365,0.550646,0.525893,0.64827,0.002722,0.023905,0.005162,-0.13341,-0.01953,-0.073753,-1.382879,-0.19252,-0.013706,0.301273,0.320008,0.809422,0.492363,-0.624532,-0.210426,0.752074,0.711934,-0.54917,0.437522,0.000674,-0.009937,0.00944,0.437191,-0.38787,-0.311434,0.489852,0.03274,0.037673,-0.020224,-0.177492,-0.862773,0.473411,0.590934,0.291234,0.752316,-0.786951,0.413285,0.45815,0.007419,0.000787,0.000365,0.452582,-0.445095,-0.278951,0.492033,0.064779,0.038592,-0.063013,-0.06683,-0.685351,-0.725138,0.80181,-0.469431,0.369777,-0.59383,-0.556711,0.580894,0.00131,0.011677,0.002315,-0.395489,0.164642,-0.047541,-1.004256
297,0.132065,-0.002837,0.309964,0.291701,0.612108,-0.735037,-0.768356,0.607618,0.201003,0.569291,0.505382,0.648479,0.002722,0.023927,0.005155,0.008048,0.033423,-0.112503,-1.358454,-0.192377,-0.013865,0.301426,0.32561,0.804247,0.497149,-0.636237,-0.202433,0.744417,0.698911,-0.559691,0.44512,0.000632,-0.010489,0.008827,1.192783,0.908211,0.463962,0.481614,0.032812,0.037598,-0.020151,-0.178668,-0.859806,0.478341,0.601926,0.289056,0.744399,-0.778307,0.420926,0.465895,0.007403,0.00056,0.000112,0.458562,-0.511131,-0.174464,0.479297,0.064815,0.038812,-0.062962,-0.084719,-0.681106,-0.727266,0.784331,-0.495744,0.372911,-0.61453,-0.538825,0.576211,0.001084,0.005975,0.006206,-0.014298,0.218292,-0.29519,-1.006052
298,0.132204,-0.002035,0.310191,0.300031,0.607304,-0.735669,-0.75481,0.622691,0.20613,0.582902,0.492695,0.646145,0.002349,0.021901,0.003009,0.029122,-0.045015,0.03224,-1.321049,-0.19219,-0.014196,0.301706,0.321104,0.805237,0.498476,-0.650673,-0.194719,0.733923,0.687627,-0.561009,0.460762,0.000667,-0.01007,0.009296,0.160503,-0.167143,-0.113238,0.465055,0.032905,0.037425,-0.020011,-0.177435,-0.85927,0.47976,0.620335,0.2808,0.732349,-0.764003,0.427557,0.483212,0.000278,-0.005687,0.003927,0.135609,-0.261066,0.031008,0.457416,0.064886,0.039218,-0.062843,-0.093147,-0.677636,-0.729473,0.772136,-0.511719,0.376761,-0.628593,-0.528159,0.570892,0.008362,0.01044,0.001112,0.059674,-0.035639,0.06943,-1.014707
299,0.132397,-0.001411,0.310351,0.322451,0.596642,-0.734907,-0.727898,0.652596,0.210369,0.604709,0.466367,0.645644,0.001919,0.019562,0.00057,-1.193049,0.329123,1.095308,-1.316695,-0.192262,-0.014566,0.301947,0.311926,0.808596,0.498864,-0.663566,-0.190232,0.723482,0.679501,-0.557705,0.476558,0.000553,-0.01152,0.007686,0.216472,-0.199973,-0.172582,0.439787,0.032869,0.037237,-0.019886,-0.167925,-0.861074,0.47995,0.633358,0.278846,0.721873,-0.755418,0.425202,0.498543,0.00027,-0.005789,0.003816,0.181383,-0.186149,-0.161799,0.42688,0.064982,0.039532,-0.062761,-0.115346,-0.670326,-0.733046,0.749632,-0.54293,0.37852,-0.651725,-0.505855,0.565123,0.000694,0.004004,0.004037,-4.078658,1.206312,3.541049,-1.027117
300,0.132415,-0.001147,0.310402,0.330658,0.590193,-0.736466,-0.716053,0.665205,0.211521,0.614325,0.456681,0.643486,-0.013222,0.007268,0.007207,-4.143363,1.036519,3.431054,-1.313221,-0.192376,-0.01472,0.302061,0.303829,0.81135,0.499391,-0.670417,-0.190212,0.717144,0.67645,-0.553695,0.48549,-0.014147,-0.010973,0.00933,0.509061,-0.432919,-0.383008,0.429627,0.032817,0.037163,-0.019834,-0.161203,-0.86218,0.480269,0.638543,0.279935,0.716867,-0.752512,0.422234,0.505413,0.000298,-0.00542,0.004227,0.042056,-0.086086,-0.088506,0.412348,0.064998,0.039671,-0.062736,-0.121791,-0.666084,-0.735866,0.741729,-0.553724,0.378453,-0.659548,-0.499721,0.561492,0.000824,0.00904,-0.000478,-0.072672,-0.238161,-0.094747,-1.035608
301,0.132437,-0.000796,0.310382,0.339309,0.585712,-0.736108,-0.699743,0.680124,0.218548,0.628226,0.440209,0.641541,0.000195,0.001084,0.00111,-4.265626,0.804824,3.283244,-1.30248,-0.192672,-0.014958,0.30228,0.296335,0.813444,0.500486,-0.681747,-0.186692,0.707319,0.668417,-0.551818,0.498577,-0.014174,-0.011199,0.009076,0.173478,-0.150948,-0.176693,0.40511,0.032675,0.037045,-0.019724,-0.151856,-0.863333,0.481243,0.65145,0.278747,0.705628,-0.743338,0.420659,0.520089,0.000284,-0.005581,0.004049,0.253489,-0.234696,-0.197222,0.382955,0.065003,0.039846,-0.062739,-0.132764,-0.663039,-0.736717,0.726867,-0.570456,0.382417,-0.673822,-0.484725,0.557677,9.7e-05,0.000531,0.000546,0.017418,0.005885,0.001664,-1.038874
302,0.132446,-0.000657,0.310203,0.338796,0.581321,-0.739816,-0.691267,0.687198,0.223341,0.637809,0.435027,0.635593,4.1e-05,0.009132,-0.010129,-0.054966,-0.315965,0.058581,-1.304763,-0.192983,-0.015127,0.302452,0.285964,0.816505,0.501534,-0.690259,-0.187366,0.698835,0.664202,-0.547043,0.509356,4e-05,0.000498,0.000554,0.293492,-0.248342,-0.180844,0.378693,0.032509,0.036956,-0.019635,-0.141372,-0.86459,0.48218,0.659209,0.281159,0.697418,-0.73855,0.416453,0.530198,1.7e-05,0.000257,0.000291,0.344502,-0.272715,-0.197969,0.347521,0.065008,0.039916,-0.062828,-0.133419,-0.657112,-0.74189,0.714578,-0.582483,0.387414,-0.686714,-0.47845,0.547273,-0.000287,-0.00161,-0.001648,-0.11689,-0.237244,-0.15747,-1.047691
303,0.132432,-0.000641,0.309868,0.342335,0.573667,-0.74415,-0.674442,0.701438,0.230402,0.65372,0.422304,0.627962,-0.001001,-0.00556,-0.005708,-0.203035,-0.39764,-0.293933,-1.302107,-0.193347,-0.015164,0.302653,0.277515,0.818741,0.502633,-0.697129,-0.188235,0.691746,0.660614,-0.543386,0.517865,-0.014455,0.003599,0.005015,0.281233,-0.239383,-0.178896,0.346551,0.032332,0.036932,-0.019541,-0.132963,-0.865379,0.483156,0.665471,0.283309,0.690568,-0.734485,0.413346,0.538214,-0.006977,-0.004128,0.006174,0.38974,-0.29975,-0.283188,0.308985,0.065001,0.039928,-0.062999,-0.138583,-0.650186,-0.747028,0.699017,-0.598557,0.391285,-0.701547,-0.46796,0.537441,-0.000263,0.002959,-0.00671,-0.16196,-0.455673,-0.280647,-1.056999
304,0.132393,-0.000641,0.309663,0.343149,0.571803,-0.745209,-0.67033,0.70482,0.232073,0.657508,0.419196,0.626087,-0.00123,-0.006824,-0.007015,-0.035873,-0.056416,-0.071273,-1.298892,-0.193494,-0.015113,0.302767,0.275335,0.819202,0.503081,-0.698886,-0.188618,0.689867,0.659673,-0.542557,0.519929,-0.014334,0.005022,0.006588,0.072813,-0.06255,-0.050267,0.334926,0.032258,0.036956,-0.019486,-0.129768,-0.865647,0.483543,0.667833,0.284159,0.687933,-0.732911,0.412198,0.541232,0.000188,0.002343,0.002607,0.045871,-0.067497,-0.014027,0.289063,0.064982,0.039928,-0.063101,-0.137185,-0.648357,-0.748874,0.694583,-0.601972,0.393933,-0.706211,-0.466114,0.532919,-0.000384,0.002287,-0.007404,0.029767,-0.045626,-0.044547,-1.062387
305,0.132316,-0.000652,0.309124,0.345559,0.56616,-0.748396,-0.657722,0.714953,0.237098,0.668871,0.409608,0.620371,-0.001654,-0.009154,-0.009441,-0.474945,-0.074597,0.148085,-1.295043,-0.193656,-0.01495,0.303145,0.269071,0.821003,0.503533,-0.703872,-0.189083,0.684651,0.656961,-0.539662,0.526338,0.000712,0.008666,0.00959,0.028748,-0.0386,0.00746,0.321646,0.032172,0.037038,-0.019296,-0.123231,-0.866407,0.483892,0.672578,0.285621,0.682685,-0.729694,0.409583,0.547529,0.000368,0.004552,0.005043,-0.017911,-0.01432,0.024413,0.26212,0.064943,0.039923,-0.06337,-0.140199,-0.643431,-0.752556,0.68313,-0.61304,0.39688,-0.716712,-0.458451,0.525495,-0.000638,0.000881,-0.00887,-1.38109,0.07793,0.859424,-1.075451
306,0.132237,-0.000597,0.30849,0.343697,0.564469,-0.750529,-0.653882,0.71747,0.240097,0.673579,0.407541,0.616627,-0.00106,0.003051,-0.016437,0.007303,-0.056093,-0.044089,-1.293581,-0.193605,-0.014742,0.30385,0.262989,0.823028,0.50344,-0.708372,-0.189401,0.679904,0.654591,-0.536453,0.532533,0.001692,0.002663,0.023315,0.007544,0.044393,-0.16792,0.315348,0.032196,0.037139,-0.018954,-0.117005,-0.867442,0.483584,0.67693,0.286633,0.677943,-0.726687,0.406675,0.55366,0.000569,0.007074,0.007789,0.021769,-0.061626,0.025447,0.247587,0.064903,0.03994,-0.063683,-0.137751,-0.641493,-0.754658,0.678659,-0.616087,0.399822,-0.721419,-0.45708,0.520222,-0.000534,0.001448,-0.008294,0.015887,-0.057059,-0.047964,-1.082799
307,0.132196,-0.000527,0.308165,0.344465,0.562361,-0.751758,-0.6498,0.720752,0.241349,0.677125,0.404663,0.614635,-0.00101,0.003335,-0.016156,-0.082986,-0.239976,-0.165063,-1.291948,-0.193529,-0.014647,0.304301,0.260929,0.823595,0.503586,-0.709682,-0.189837,0.678415,0.654,-0.535426,0.53429,0.001807,0.004133,0.024882,-0.010326,-0.037733,0.01739,0.315055,0.032236,0.037188,-0.018718,-0.114843,-0.867609,0.483803,0.678068,0.287456,0.676455,-0.72597,0.405738,0.555286,0.00091,0.002289,0.012685,-0.051765,-0.016148,0.032218,0.244648,0.064882,0.039975,-0.063852,-0.139685,-0.639613,-0.755898,0.67514,-0.619946,0.399814,-0.724343,-0.454489,0.518425,-0.000494,0.001678,-0.008063,-0.179599,-0.370556,-0.244733,-1.086228
308,0.132176,-0.000435,0.30754,0.348571,0.557685,-0.753347,-0.641627,0.727864,0.241871,0.682786,0.398371,0.612479,-0.001534,-0.008453,-0.008795,-0.085003,-0.156544,-0.137759,-1.292276,-0.193386,-0.014448,0.305368,0.276189,0.818272,0.504125,-0.716498,-0.174158,0.675451,0.640143,-0.548772,0.537522,0.001983,0.006438,0.027276,0.036811,0.18404,-0.059487,0.312534,0.032307,0.037289,-0.018192,-0.130771,-0.864943,0.484531,0.687231,0.27317,0.673119,-0.71457,0.42101,0.558693,0.001004,0.003568,0.014028,0.198257,0.330681,0.307809,0.240239,0.064872,0.040026,-0.064167,-0.143543,-0.635534,-0.758611,0.66778,-0.627937,0.399704,-0.730385,-0.449211,0.514533,-0.000532,0.001463,-0.008301,-0.106136,-0.251449,-0.171628,-1.09276
309,0.132122,-0.000306,0.306863,0.347379,0.554188,-0.756472,-0.633266,0.733592,0.246554,0.691145,0.392717,0.606728,-0.001016,0.003322,-0.016218,-0.212884,-0.504647,-0.341132,-1.288596,-0.193157,-0.014348,0.306724,0.286725,0.814648,0.504113,-0.721417,-0.162481,0.67312,0.629894,-0.557687,0.540446,0.002223,0.009675,0.030616,-0.020298,0.068209,-0.114333,0.315487,0.032415,0.037338,-0.017529,-0.141889,-0.86306,0.484761,0.694103,0.262405,0.670346,-0.705753,0.431589,0.561821,0.001391,-0.00054,0.01959,-0.003071,0.077904,0.117961,0.239913,0.064845,0.040086,-0.064504,-0.144086,-0.632125,-0.761351,0.659834,-0.634747,0.402136,-0.737466,-0.444424,0.508556,-0.000494,0.001678,-0.008089,0.031652,-0.02741,-0.031056,-1.096189
310,0.132066,-0.000171,0.306279,0.348673,0.550611,-0.758485,-0.624986,0.73965,0.249564,0.69799,0.386348,0.602969,-0.000928,0.003817,-0.015722,-0.032761,-0.137557,-0.098533,-1.280447,-0.192877,-0.01442,0.308189,0.291755,0.811084,0.506966,-0.725737,-0.157384,0.669679,0.622577,-0.564312,0.542045,0.017405,-0.001561,0.037448,0.003572,-0.095778,0.025418,0.313818,0.032556,0.037309,-0.016782,-0.147563,-0.860344,0.487886,0.699141,0.258183,0.66674,-0.69959,0.439488,0.563403,0.001344,-0.000973,0.019031,-0.020101,0.03774,-0.195007,0.240239,0.064817,0.040153,-0.064795,-0.142947,-0.628781,-0.764329,0.65128,-0.641259,0.405733,-0.745251,-0.439794,0.501179,-0.000444,0.001963,-0.007799,-0.037805,-0.154608,-0.114162,-1.094066
311,0.132059,-9e-05,0.305965,0.349301,0.548842,-0.759479,-0.620867,0.742615,0.251035,0.701342,0.383173,0.601103,-0.000825,0.004388,-0.015133,-0.018079,-0.107641,-0.078804,-1.276718,-0.192688,-0.014499,0.308982,0.29409,0.808775,0.509299,-0.728052,-0.155519,0.667599,0.618764,-0.568134,0.542419,0.002759,-0.001473,0.038463,0.002011,-0.079668,-0.002973,0.313026,0.032649,0.037275,-0.016402,-0.150268,-0.858497,0.490306,0.701721,0.256733,0.664586,-0.696423,0.443925,0.563847,0.001367,-0.000587,0.0194,0.021993,-0.091183,-0.006212,0.238933,0.064813,0.040191,-0.064948,-0.143691,-0.627166,-0.765515,0.647386,-0.644635,0.406615,-0.748494,-0.437157,0.498647,-0.000371,0.00236,-0.007389,-0.040292,-0.167852,-0.087242,-1.096025
312,0.132026,4.6e-05,0.305398,0.347977,0.545664,-0.76237,-0.612217,0.748102,0.255941,0.709554,0.377002,0.59534,-0.000778,0.004656,-0.014868,-0.057409,-0.187401,-0.132179,-1.26828,-0.192286,-0.014699,0.31047,0.285031,0.808459,0.514919,-0.734548,-0.160735,0.659194,0.61533,-0.567127,0.547356,0.002632,-0.002845,0.036848,0.311774,-0.333036,-0.217555,0.309826,0.032858,0.037171,-0.015624,-0.142411,-0.856612,0.495917,0.706245,0.263096,0.657264,-0.693495,0.443841,0.567511,0.00129,-0.00143,0.01841,0.460675,-0.414891,-0.263462,0.236647,0.064797,0.040261,-0.065237,-0.142443,-0.624006,-0.768326,0.638728,-0.650937,0.410251,-0.756131,-0.432314,0.491292,-0.000347,0.002493,-0.007256,-0.091622,-0.24315,-0.169395,-1.105659
313,0.131981,0.000135,0.305001,0.347898,0.545468,-0.762547,-0.61278,0.747854,0.255318,0.709106,0.377777,0.595382,-0.000803,-0.00439,-0.004629,-0.000405,0.016106,-0.023896,-1.257618,-0.191913,-0.014892,0.311873,0.276526,0.809444,0.518001,-0.740344,-0.164085,0.651845,0.612271,-0.564755,0.553208,0.002507,-0.004266,0.035215,0.103104,-0.167379,-0.064417,0.295627,0.033045,0.037075,-0.014922,-0.132693,-0.856511,0.498778,0.71218,0.267598,0.648991,-0.689341,0.441336,0.574482,0.00122,-0.002271,0.017457,0.088797,-0.16364,-0.057909,0.223747,0.064773,0.040305,-0.065443,-0.142056,-0.623864,-0.768513,0.639533,-0.650434,0.409794,-0.755523,-0.433277,0.49138,-0.000369,-0.002062,-0.002174,0.001361,0.01906,-0.021995,-1.111701
314,0.131972,0.000138,0.304885,0.351134,0.543113,-0.762745,-0.608398,0.751537,0.254984,0.711277,0.37385,0.595272,-0.000672,-0.003676,-0.003879,-0.114199,0.054199,0.064958,-1.257228,-0.191726,-0.014977,0.312503,0.272243,0.809877,0.519592,-0.743328,-0.165735,0.64802,0.610579,-0.56365,0.556196,0.01699,-0.005613,0.032725,0.013418,-0.090047,-0.005186,0.289831,0.033132,0.037036,-0.014618,-0.128015,-0.856311,0.500342,0.715072,0.269885,0.644851,-0.687228,0.440331,0.577775,0.001174,-0.002836,0.016838,-0.035863,-0.060193,-0.01835,0.214603,0.06477,0.04031,-0.065497,-0.145188,-0.622055,-0.769393,0.636075,-0.65432,0.408989,-0.757844,-0.430012,0.490673,-0.000284,-0.001569,-0.001665,-1.279894,0.420421,0.991884,-1.113824
315,0.131963,0.000118,0.304805,0.348683,0.542517,-0.764292,-0.607911,0.751561,0.256071,0.712898,0.374666,0.592814,-2.2e-05,-0.000121,-0.000128,-0.004522,-0.009221,-0.006164,-1.255764,-0.191262,-0.015129,0.313637,0.263742,0.810774,0.522569,-0.749361,-0.168752,0.640246,0.606939,-0.561458,0.562364,0.016802,-0.007801,0.030348,0.247357,-0.290216,-0.144888,0.284068,0.03337,0.036959,-0.014038,-0.12054,-0.85566,0.503305,0.719476,0.274023,0.638174,-0.683977,0.439041,0.582596,0.008373,-0.004032,0.01503,0.354352,-0.351148,-0.176334,0.203499,0.064765,0.040295,-0.065543,-0.142682,-0.621113,-0.770622,0.634941,-0.654709,0.410127,-0.759269,-0.430782,0.487786,1.7e-05,8.7e-05,9.2e-05,0.01278,0.009865,0.00474,-1.115783
316,0.131948,0.000117,0.304892,0.346205,0.54229,-0.765578,-0.607357,0.751491,0.257588,0.714579,0.375133,0.59049,-0.000225,-0.010148,0.00909,-0.040418,0.005549,-0.023691,-1.25354,-0.19071,-0.015265,0.314465,0.259833,0.806232,0.531478,-0.752535,-0.175688,0.634632,0.6047,-0.565854,0.560366,0.015801,-0.002098,0.016492,-0.013081,0.136222,-0.157634,0.280055,0.033646,0.036895,-0.013619,-0.116404,-0.850943,0.512195,0.721899,0.281698,0.632065,-0.682137,0.443328,0.581505,0.007871,-0.001284,0.00799,-0.028402,0.157229,-0.163175,0.194518,0.064758,0.0403,-0.065501,-0.140037,-0.620631,-0.771495,0.634137,-0.654622,0.411508,-0.760433,-0.431608,0.485236,0.000167,0.000919,0.000971,0.012919,0.009194,0.004304,-1.117416
317,0.131913,0.000143,0.304964,0.346234,0.542023,-0.765754,-0.607211,0.751662,0.25743,0.714688,0.375176,0.590331,-8.5e-05,-0.009379,0.0099,-0.035171,0.01627,-0.016528,-1.252017,-0.190359,-0.015347,0.314771,0.257295,0.805496,0.533823,-0.754372,-0.177666,0.631895,0.603499,-0.566283,0.561226,0.015656,-0.004061,0.014444,-0.018583,0.063478,-0.148296,0.280176,0.033804,0.036857,-0.013477,-0.113966,-0.849882,0.5145,0.723506,0.283905,0.629234,-0.680845,0.443956,0.582539,0.007784,-0.002522,0.006703,-0.026572,-0.037341,0.03148,0.193212,0.064745,0.040312,-0.065466,-0.140259,-0.620369,-0.771665,0.634148,-0.654823,0.411172,-0.760383,-0.431679,0.485251,0.00028,0.001543,0.001627,0.003554,-0.011946,0.026418,-1.119376
318,0.131921,0.000238,0.305078,0.346283,0.541627,-0.766012,-0.607061,0.751883,0.25714,0.714793,0.375305,0.590122,0.000517,0.002823,0.002975,-0.0,-0.0,-0.0,-1.247357,-0.189611,-0.015531,0.315104,0.256674,0.803784,0.536694,-0.754538,-0.180217,0.630975,0.603558,-0.567907,0.55952,0.029911,-0.008558,0.008731,-0.030561,-0.033435,0.065591,0.279764,0.034184,0.036765,-0.013304,-0.11376,-0.848094,0.517489,0.723006,0.286576,0.628598,-0.681411,0.445657,0.580576,0.007308,0.000494,-2.7e-05,-0.010492,0.08902,-0.137649,0.192722,0.064744,0.040357,-0.065404,-0.140356,-0.620029,-0.771921,0.634072,-0.655077,0.410885,-0.760428,-0.431784,0.485087,0.000307,0.001685,0.001775,0.000157,-0.015907,0.024122,-1.121335
319,0.131902,0.000354,0.305244,0.348886,0.540924,-0.765327,-0.607131,0.75254,0.255046,0.713464,0.375006,0.591919,0.000572,0.003124,0.003287,0.000463,0.000949,0.000634,-1.243549,-0.188724,-0.015611,0.315073,0.25647,0.803267,0.537565,-0.75458,-0.181009,0.630697,0.603592,-0.568387,0.558996,0.029052,-0.001208,-0.003374,-0.007842,0.073171,-0.11086,0.278389,0.034628,0.036721,-0.013316,-0.113722,-0.847645,0.518231,0.72289,0.287226,0.628435,-0.68154,0.446091,0.580091,0.014502,-0.000958,-0.002067,0.004567,-0.029786,0.059106,0.191579,0.064735,0.040417,-0.065319,-0.143223,-0.619623,-0.771721,0.634614,-0.655849,0.408811,-0.759441,-0.431194,0.487154,0.000332,0.001824,0.00192,-0.007165,-0.024073,0.019395,-1.122152
320,0.13187,0.000449,0.305417,0.348929,0.540576,-0.765553,-0.60692,0.752773,0.254857,0.713622,0.375037,0.591708,0.000643,0.003514,0.003691,0.000385,-0.016142,0.023872,-1.240988,-0.18773,-0.015715,0.314817,0.255853,0.801544,0.540424,-0.755441,-0.182891,0.629121,0.602777,-0.570215,0.558012,0.028838,-0.004935,-0.007267,0.002356,-0.015398,0.033954,0.275281,0.035114,0.036672,-0.013439,-0.113333,-0.845817,0.521294,0.72343,0.289387,0.62682,-0.681031,0.448159,0.579092,0.007112,-0.002868,-0.003524,-0.011523,0.102415,-0.1625,0.189456,0.064718,0.040462,-0.065235,-0.14317,-0.619309,-0.771983,0.63442,-0.656109,0.408694,-0.759613,-0.431249,0.486837,-0.006858,0.002323,0.002299,-0.001119,0.014539,-0.029644,-1.122152
321,0.131847,0.000457,0.305529,0.348961,0.540413,-0.765653,-0.606732,0.752932,0.254836,0.713766,0.374953,0.591587,0.000746,0.004073,0.004276,0.000385,-0.016138,0.023875,-1.240533,-0.187255,-0.015827,0.314664,0.254505,0.798314,0.545814,-0.756965,-0.186655,0.626177,0.601437,-0.573517,0.556071,0.028767,-0.006403,-0.008812,0.00891,0.243789,-0.328518,0.272105,0.035362,0.036615,-0.013518,-0.112555,-0.842737,0.526427,0.72424,0.293144,0.624133,-0.680299,0.451509,0.577349,0.014384,-0.003232,-0.004453,0.071391,0.558148,-0.675463,0.187333,0.064707,0.040466,-0.065179,-0.143201,-0.619157,-0.772099,0.634258,-0.656291,0.408653,-0.759743,-0.431191,0.486686,0.000313,0.001733,0.001819,-1.4e-05,-2.9e-05,-2.1e-05,-1.123132
322,0.131809,0.000421,0.305904,0.349068,0.540085,-0.765837,-0.606087,0.753399,0.254991,0.714261,0.374489,0.591283,0.000704,-0.005053,0.014422,-0.032045,-0.110977,0.172289,-1.236177,-0.186433,-0.016152,0.314248,0.252361,0.793871,0.55324,-0.75894,-0.192143,0.622114,0.599854,-0.577857,0.553281,0.014017,-0.009961,-0.011466,-0.011697,0.103418,-0.164623,0.249118,0.035779,0.036454,-0.013725,-0.111064,-0.838078,0.534124,0.725263,0.299095,0.620109,-0.679454,0.456253,0.574608,0.006989,-0.005402,-0.006188,-0.000192,-0.003871,0.009792,0.170351,0.064688,0.040449,-0.064998,-0.143294,-0.618957,-0.772242,0.633687,-0.656748,0.408804,-0.760201,-0.430781,0.486334,0.000575,0.003172,0.003323,0.000397,-0.016116,0.023876,-1.123132
323,0.131843,0.000322,0.306435,0.349269,0.539499,-0.766158,-0.605065,0.754165,0.255153,0.715028,0.373794,0.590796,0.000804,-0.004499,0.014986,-0.034717,0.000282,0.007445,-1.233858,-0.185902,-0.016606,0.313522,0.250507,0.791148,0.557962,-0.760177,-0.195988,0.619397,0.599066,-0.580294,0.551581,-0.001009,-0.017956,-0.018798,-0.017244,0.148735,-0.24288,0.232883,0.03605,0.036236,-0.014079,-0.109659,-0.835267,0.538797,0.725805,0.303064,0.617542,-0.679103,0.458781,0.573007,0.006498,-0.003067,-0.013687,0.035024,0.003204,-0.002003,0.143734,0.064705,0.040402,-0.06473,-0.143516,-0.618301,-0.772726,0.632732,-0.657703,0.408749,-0.760954,-0.430267,0.48561,0.000617,0.003425,0.003579,0.0004,-0.016088,0.023885,-1.123948
324,0.131873,0.000262,0.306742,0.349395,0.539108,-0.766375,-0.604454,0.754636,0.255207,0.715483,0.373407,0.59049,0.00097,-0.003587,0.015927,-0.034717,0.000284,0.007446,-1.234643,-0.185768,-0.016845,0.312976,0.249318,0.789455,0.560886,-0.761109,-0.198231,0.617536,0.598381,-0.581836,0.5507,-0.001808,-0.00927,-0.029614,0.020897,0.12209,-0.200718,0.224384,0.036112,0.036115,-0.014338,-0.108765,-0.833543,0.541642,0.726288,0.305396,0.615823,-0.67873,0.460368,0.572176,-0.000584,-0.010648,-0.011198,-0.017193,0.148972,-0.242668,0.132468,0.064719,0.040368,-0.064581,-0.143644,-0.617958,-0.772977,0.632182,-0.658233,0.408747,-0.761388,-0.429948,0.485213,0.000482,-0.001759,0.008001,-0.034716,0.000276,0.007425,-1.124601
325,0.131983,0.000196,0.307367,0.352155,0.538442,-0.76558,-0.603683,0.755739,0.253766,0.714777,0.37214,0.592142,0.001694,0.009301,0.009665,0.010478,0.004834,0.037757,-1.235237,-0.185768,-0.017261,0.311679,0.247283,0.786619,0.565751,-0.76306,-0.201598,0.614029,0.596742,-0.584514,0.549641,-0.002021,-0.012895,-0.033659,0.031178,0.033456,-0.055951,0.206335,0.036116,0.035901,-0.015001,-0.107086,-0.830379,0.54681,0.727646,0.309331,0.612247,-0.677542,0.463447,0.571097,-0.001006,-0.006671,-0.017062,0.031175,0.033548,-0.055854,0.106668,0.064775,0.040333,-0.064262,-0.146816,-0.617613,-0.772656,0.631932,-0.659501,0.407087,-0.76099,-0.428499,0.487115,0.000639,-0.000883,0.008897,-0.043531,0.001683,0.01053,-1.126071
326,0.132128,0.000259,0.308007,0.357484,0.537144,-0.76402,-0.603193,0.757336,0.250142,0.712536,0.370768,0.595693,0.001871,0.010306,0.010664,0.045047,0.076761,0.085224,-1.235318,-0.186085,-0.017507,0.310126,0.247068,0.787712,0.564321,-0.763771,-0.199943,0.613686,0.595922,-0.583609,0.551489,-0.017436,-0.002295,-0.041519,0.065525,0.036837,-0.067475,0.20511,0.035957,0.035768,-0.015795,-0.10671,-0.8314,0.54533,0.728625,0.307805,0.61185,-0.676548,0.462632,0.572933,-0.008699,-0.001217,-0.020827,0.066239,0.041827,-0.073316,0.095401,0.064847,0.040365,-0.063942,-0.152353,-0.616928,-0.772132,0.632309,-0.661282,0.403596,-0.759587,-0.426737,0.490838,0.000745,-0.000293,0.009486,0.005633,0.097125,0.072891,-1.126561
327,0.132269,0.000343,0.30858,0.357694,0.536441,-0.764416,-0.602319,0.758057,0.250066,0.71317,0.370314,0.595217,0.001043,-0.003134,0.016308,-0.034708,0.000298,0.007458,-1.234448,-0.186633,-0.017578,0.308483,0.249484,0.788947,0.561527,-0.762948,-0.196823,0.615716,0.595966,-0.583004,0.552081,-0.017464,-0.001658,-0.041086,0.00889,0.088011,-0.031748,0.205389,0.035689,0.035731,-0.016604,-0.108989,-0.832933,0.542534,0.728167,0.304636,0.613977,-0.676677,0.461973,0.573313,-0.008705,-0.000828,-0.02053,0.012926,0.092346,-0.031816,0.093441,0.064913,0.040414,-0.063656,-0.152457,-0.61627,-0.772636,0.631377,-0.66218,0.403583,-0.760341,-0.426296,0.490053,0.000505,-0.001604,0.008116,-0.035856,-0.001761,0.006134,-1.126887
328,0.132324,0.000391,0.308791,0.357794,0.535974,-0.764697,-0.601947,0.758421,0.249861,0.713434,0.370248,0.594942,0.001352,0.007481,0.007699,0.000408,-0.015997,0.023969,-1.23474,-0.186918,-0.017544,0.307689,0.24522,0.791755,0.559449,-0.762045,-0.199156,0.616083,0.598888,-0.578382,0.553779,-0.003253,0.012168,-0.047537,0.103156,0.010592,-0.020368,0.205792,0.035541,0.035739,-0.017003,-0.104364,-0.834929,0.540371,0.726964,0.306745,0.614353,-0.678698,0.456947,0.57495,-0.008629,0.000679,-0.018944,0.077928,0.018036,-0.048554,0.092951,0.064946,0.040437,-0.063544,-0.152545,-0.615811,-0.772984,0.631067,-0.662619,0.403348,-0.760581,-0.426276,0.489697,0.000405,-0.002156,0.00754,-0.034542,-0.000154,0.007071,-1.127051
329,0.132356,0.000487,0.309079,0.357902,0.535415,-0.765038,-0.601505,0.75885,0.249618,0.713751,0.370176,0.594606,0.000656,0.003633,0.00373,0.0,0.0,0.0,-1.233871,-0.187512,-0.017357,0.306256,0.233493,0.796644,0.557522,-0.758062,-0.209795,0.617463,0.608563,-0.567796,0.554186,-0.017096,0.00549,-0.033562,0.056134,0.03175,-0.036092,0.212878,0.035249,0.035832,-0.017728,-0.0921,-0.837757,0.538219,0.721192,0.316573,0.616168,-0.686585,0.444909,0.575027,-0.001142,0.002894,-0.017155,0.084256,0.003922,-0.015763,0.094911,0.064963,0.04049,-0.063394,-0.152645,-0.615274,-0.773392,0.630735,-0.663114,0.403053,-0.760836,-0.426282,0.489296,0.000296,0.001669,0.001715,0.000255,-0.000133,-0.000171,-1.126234
330,0.132355,0.000542,0.309136,0.357963,0.534899,-0.76537,-0.601328,0.759122,0.249221,0.71387,0.370368,0.594344,4.1e-05,0.000226,0.000232,0.0,0.0,0.0,-1.235235,-0.188096,-0.017179,0.305176,0.204331,0.803553,0.559054,-0.751827,-0.236778,0.615326,0.626554,-0.547038,0.555015,-0.016216,-0.001453,-0.020908,-0.052534,-0.058022,-0.143375,0.23344,0.034963,0.035924,-0.018265,-0.062443,-0.839834,0.539238,0.710917,0.341786,0.614636,-0.700497,0.421733,0.575711,-0.008393,0.00507,-0.014267,-0.871296,-1.009616,-0.97019,0.113852,0.064963,0.040518,-0.063366,-0.152699,-0.614789,-0.773767,0.63067,-0.663419,0.402653,-0.760879,-0.426508,0.489033,0.000225,0.005704,-0.003891,0.035308,-0.016355,0.016416,-1.127051
331,0.132345,0.000552,0.309131,0.357957,0.534905,-0.765368,-0.60135,0.759107,0.249213,0.713855,0.370388,0.59435,1e-06,4e-06,4e-06,0.0,0.0,0.0,-1.236086,-0.188368,-0.017117,0.304773,0.199226,0.804309,0.559811,-0.751072,-0.241467,0.614425,0.629105,-0.543864,0.55525,-0.016087,0.0007,-0.018562,0.032414,0.018205,-0.036439,0.237697,0.034821,0.035953,-0.018476,-0.056807,-0.839767,0.539966,0.709223,0.346715,0.613832,-0.702691,0.417826,0.575887,-0.008026,0.000369,-0.009238,0.03143,0.03363,-0.061427,0.124956,0.064957,0.040521,-0.063371,-0.152689,-0.614796,-0.773764,0.630694,-0.663399,0.402648,-0.760861,-0.426528,0.489042,-2.2e-05,-0.000113,-0.000113,0.000148,-7.5e-05,-9e-05,-1.129337
332,0.13234,0.000519,0.309112,0.357996,0.534617,-0.765552,-0.601232,0.759269,0.249005,0.713935,0.370473,0.5942,-9.4e-05,-0.000522,-0.000536,0.0,0.0,0.0,-1.237799,-0.188873,-0.017014,0.304217,0.199296,0.805326,0.558321,-0.751408,-0.239993,0.614593,0.628682,-0.543011,0.556563,-0.015732,0.006196,-0.012511,0.032617,0.018401,-0.036251,0.232929,0.034569,0.036003,-0.018756,-0.056748,-0.840749,0.538442,0.709812,0.345287,0.613956,-0.7021,0.417033,0.57718,-0.007845,0.00325,-0.006074,0.033104,0.019917,-0.03725,0.129202,0.064954,0.040502,-0.063382,-0.152724,-0.614525,-0.773972,0.630638,-0.663581,0.402436,-0.760901,-0.426635,0.488888,-7.7e-05,-0.000426,-0.000436,0.000107,-5.1e-05,-5.3e-05,-1.130153
333,0.132336,0.000495,0.309087,0.358017,0.534439,-0.765666,-0.601171,0.759362,0.248869,0.713975,0.370538,0.594111,-0.000113,-0.000628,-0.000645,0.0,0.0,0.0,-1.237382,-0.18913,-0.016856,0.304057,0.19543,0.809481,0.553661,-0.749232,-0.240907,0.616888,0.632485,-0.536382,0.558678,-0.014688,0.00117,0.002387,-0.00948,0.006921,-0.036748,0.232595,0.034434,0.036081,-0.018844,-0.052315,-0.844089,0.533643,0.707561,0.345767,0.61628,-0.704712,0.409826,0.579156,-0.007316,0.000921,0.001577,-0.00839,0.009605,-0.039813,0.126589,0.064952,0.040489,-0.063396,-0.152743,-0.614359,-0.7741,0.630616,-0.663686,0.402298,-0.760915,-0.426712,0.488798,-6.1e-05,-0.000335,-0.000343,6.7e-05,-4.8e-05,-3.3e-05,-1.130643
334,0.13231,0.000473,0.309064,0.358029,0.534304,-0.765755,-0.601125,0.759431,0.248767,0.714008,0.370591,0.594039,-0.000168,-0.000931,-0.000957,0.0,0.0,0.0,-1.237859,-0.18914,-0.016685,0.304248,0.19071,0.810762,0.553432,-0.747758,-0.245142,0.617007,0.635667,-0.532507,0.558773,0.015172,0.006031,0.005584,0.003755,-0.030633,0.053522,0.235842,0.034424,0.036163,-0.018751,-0.047433,-0.844518,0.53342,0.705415,0.349767,0.616483,-0.707205,0.405524,0.579146,0.00019,0.002802,0.003105,0.002376,-0.015049,0.024063,0.129202,0.064939,0.040479,-0.063407,-0.152752,-0.614231,-0.7742,0.630599,-0.663764,0.402195,-0.760927,-0.426774,0.488725,-0.000112,-0.00062,-0.000637,-0.000365,0.015964,-0.024007,-1.13048
335,0.132297,0.000461,0.309052,0.358049,0.534111,-0.76588,-0.601059,0.759532,0.248619,0.714053,0.370663,0.593939,-0.000184,-0.001019,-0.001047,0.002823,-0.110344,0.165456,-1.237733,-0.18903,-0.016589,0.304408,0.190742,0.810773,0.553404,-0.747685,-0.245161,0.617089,0.635744,-0.532482,0.55871,0.015269,0.00757,0.007274,-0.008085,0.075791,-0.114061,0.235827,0.034479,0.036214,-0.018668,-0.047505,-0.844619,0.533254,0.705347,0.349642,0.616632,-0.707268,0.405422,0.57914,0.000263,0.003929,0.004343,0.002015,-0.01512,0.024495,0.130508,0.064933,0.040473,-0.063412,-0.152757,-0.614167,-0.77425,0.63059,-0.663804,0.402143,-0.760933,-0.426804,0.488688,-0.000124,-0.000686,-0.000704,-0.000366,0.015967,-0.02399,-1.13048
336,0.132276,0.000402,0.308991,0.358068,0.533938,-0.765991,-0.600999,0.759622,0.248488,0.714094,0.370728,0.59385,-0.000451,-0.002495,-0.002564,-0.000409,0.015989,-0.023975,-1.238163,-0.188651,-0.016237,0.3048,0.191069,0.811195,0.552673,-0.747534,-0.244511,0.617529,0.635822,-0.532138,0.558948,0.015365,0.009429,0.009284,0.003763,-0.030624,0.05353,0.238762,0.034669,0.03639,-0.018472,-0.047775,-0.845059,0.532533,0.705316,0.348971,0.617046,-0.707279,0.405084,0.579362,0.00771,0.00517,0.005139,0.003956,-0.030433,0.053711,0.132304,0.064922,0.040445,-0.063441,-0.152792,-0.613869,-0.774479,0.630547,-0.663992,0.401899,-0.760962,-0.426939,0.488526,-0.000142,-0.000788,-0.00081,2.9e-05,-1.1e-05,-1.5e-05,-1.131133
337,0.132251,0.000323,0.30891,0.35808,0.533819,-0.766069,-0.600959,0.759684,0.248398,0.714122,0.370772,0.593789,-0.000312,-0.001722,-0.001772,0.0,0.0,0.0,-1.238441,-0.188171,-0.015827,0.305231,0.191446,0.811665,0.551851,-0.747384,-0.243757,0.618007,0.635884,-0.531766,0.559231,0.015469,0.011584,0.011595,0.005487,-0.046041,0.077815,0.2407,0.034909,0.036598,-0.018254,-0.048057,-0.845488,0.531826,0.705303,0.348294,0.617445,-0.707274,0.404772,0.579587,0.007713,0.005507,0.005478,0.003897,-0.030504,0.053672,0.13508,0.064909,0.040403,-0.063485,-0.1528,-0.613775,-0.774553,0.630534,-0.664052,0.401822,-0.760971,-0.426984,0.488473,-0.000187,-0.001049,-0.00108,2.2e-05,-1.5e-05,-1e-06,-1.13097
338,0.132231,0.000276,0.308861,0.358072,0.533861,-0.766044,-0.600974,0.759662,0.24843,0.714114,0.370759,0.593807,-0.000436,-0.002409,-0.00248,0.0,0.0,0.0,-1.238873,-0.187891,-0.015614,0.305459,0.191677,0.811957,0.551341,-0.747285,-0.243297,0.618308,0.63593,-0.531532,0.559402,0.015435,0.01139,0.011351,0.003767,-0.030622,0.05353,0.241238,0.035049,0.036706,-0.018137,-0.048252,-0.845812,0.531293,0.705287,0.347797,0.617743,-0.707277,0.404521,0.579758,0.007734,0.00604,0.006043,0.005597,-0.04593,0.077918,0.136713,0.0649,0.04038,-0.063508,-0.152792,-0.613813,-0.774524,0.63054,-0.664026,0.401855,-0.760968,-0.426968,0.488492,-0.000255,-0.001411,-0.001451,-0.000396,0.015982,-0.023988,-1.13097
339,0.132226,0.000192,0.30876,0.358073,0.533847,-0.766052,-0.600988,0.759658,0.248404,0.714101,0.370784,0.593807,-0.000449,-0.002479,-0.002554,-0.000409,0.015989,-0.023974,-1.240939,-0.187276,-0.015139,0.305963,0.192235,0.812681,0.550079,-0.747049,-0.242158,0.61904,0.636039,-0.530945,0.559836,0.015461,0.012583,0.012578,0.00377,-0.030621,0.053531,0.240938,0.035357,0.036944,-0.017885,-0.048705,-0.846586,0.530017,0.705254,0.346613,0.618446,-0.707279,0.403918,0.580176,0.007753,0.006749,0.006779,0.005569,-0.045961,0.077886,0.137529,0.064897,0.040339,-0.063558,-0.152795,-0.613783,-0.774546,0.630556,-0.664033,0.401818,-0.760954,-0.426999,0.488486,-0.000155,-0.00086,-0.000885,1.1e-05,2e-06,-1.3e-05,-1.131623
340,0.132207,0.000145,0.308711,0.35805,0.534013,-0.765948,-0.601045,0.759571,0.248534,0.714064,0.370724,0.593888,-0.000238,-0.001313,-0.001354,0.0,0.0,0.0,-1.244015,-0.186717,-0.01462,0.306485,0.192564,0.813042,0.549431,-0.74694,-0.241535,0.619415,0.636066,-0.530677,0.560058,0.015498,0.014024,0.014059,0.005502,-0.046037,0.077816,0.239415,0.035642,0.037207,-0.017621,-0.048993,-0.847003,0.529325,0.705255,0.345934,0.618824,-0.707258,0.403628,0.580405,0.007746,0.007065,0.007076,0.005575,-0.045988,0.077861,0.13704,0.064887,0.040313,-0.063585,-0.152769,-0.613956,-0.774414,0.630582,-0.663921,0.401962,-0.760938,-0.426924,0.488577,-0.000125,-0.000694,-0.000715,-0.000402,0.015984,-0.023975,-1.132276
341,0.132185,0.000147,0.308713,0.35807,0.533805,-0.766083,-0.600974,0.759679,0.248376,0.714114,0.370803,0.593779,9e-06,4.9e-05,5.1e-05,0.0,0.0,0.0,-1.245433,-0.18618,-0.014068,0.307026,0.193075,0.813718,0.548248,-0.746768,-0.240433,0.620052,0.636113,-0.53014,0.560513,0.015458,0.014239,0.014201,0.005508,-0.046038,0.077815,0.23487,0.03591,0.037484,-0.017349,-0.049405,-0.847725,0.528129,0.705276,0.344801,0.619433,-0.707208,0.40308,0.580846,0.007722,0.007136,0.007107,0.005563,-0.04599,0.077835,0.133774,0.064876,0.040313,-0.063585,-0.152789,-0.61376,-0.774566,0.630553,-0.664045,0.401803,-0.760958,-0.427014,0.488467,1.2e-05,6.9e-05,7.2e-05,7e-06,-2e-06,-3e-06,-1.131296
342,0.132177,0.00016,0.308726,0.358069,0.53379,-0.766095,-0.600969,0.759686,0.248365,0.714119,0.37081,0.593769,3.5e-05,0.000191,0.000197,0.0,0.0,0.0,-1.247568,-0.185925,-0.013814,0.307281,0.193237,0.813901,0.54792,-0.746713,-0.24012,0.620239,0.636128,-0.530001,0.560627,0.01536,0.012946,0.012771,0.00551,-0.046038,0.077815,0.233845,0.036038,0.037614,-0.017219,-0.049538,-0.847923,0.527798,0.705276,0.344479,0.619612,-0.707199,0.402938,0.580956,0.007668,0.006397,0.006295,0.005555,-0.046015,0.077858,0.131161,0.064872,0.04032,-0.063578,-0.152788,-0.613745,-0.774578,0.630551,-0.664053,0.401792,-0.76096,-0.427022,0.488457,2.4e-05,0.000133,0.000136,2e-06,-6e-06,-4e-06,-1.131786
343,0.132157,0.000146,0.30877,0.35807,0.533833,-0.766064,-0.600907,0.759704,0.248459,0.71417,0.37071,0.593769,-0.000437,-0.011303,0.007892,-0.035124,0.016279,-0.016522,-1.252326,-0.185475,-0.013392,0.307684,0.188595,0.81518,0.547636,-0.745245,-0.244228,0.620401,0.639241,-0.526138,0.560726,0.015107,0.009084,0.008579,0.00378,-0.030622,0.05353,0.233458,0.036263,0.037829,-0.017012,-0.044746,-0.848415,0.527436,0.703148,0.34829,0.619899,-0.709632,0.398604,0.580978,0.007539,0.004383,0.004113,0.003946,-0.030495,0.053542,0.129039,0.064863,0.040314,-0.063555,-0.152789,-0.613787,-0.774545,0.630477,-0.664074,0.401875,-0.761021,-0.426931,0.488441,-0.000221,-0.005659,0.003938,-0.035121,0.016289,-0.01653,-1.132113
344,0.132133,0.000119,0.308771,0.358088,0.533689,-0.766156,-0.60082,0.759799,0.248379,0.714234,0.370723,0.593684,-2.7e-05,-0.000151,-0.000156,0.0,0.0,0.0,-1.253368,-0.185102,-0.01315,0.307899,0.188748,0.815309,0.547391,-0.745218,-0.243961,0.620538,0.639226,-0.526062,0.560813,0.014787,0.00355,0.002651,0.002045,-0.015205,0.029245,0.231734,0.03645,0.037954,-0.016901,-0.044883,-0.848561,0.52719,0.703171,0.348015,0.620028,-0.709602,0.398534,0.581063,0.007376,0.001526,0.001053,0.002103,-0.015136,0.029317,0.128059,0.06485,0.0403,-0.063555,-0.152807,-0.613651,-0.774649,0.630417,-0.664183,0.401789,-0.761068,-0.426956,0.488348,-1.8e-05,-9.4e-05,-9.8e-05,-3e-06,-6e-06,-8e-06,-1.132603
345,0.132123,0.000126,0.308778,0.358085,0.533692,-0.766155,-0.600821,0.759797,0.248383,0.714235,0.370723,0.593683,0.000187,0.001031,0.001063,0.0,0.0,0.0,-1.253752,-0.184969,-0.013103,0.307923,0.18877,0.815298,0.547399,-0.745233,-0.24394,0.620528,0.639202,-0.526089,0.560817,0.014643,0.000905,-0.000172,0.002045,-0.015205,0.029245,0.229843,0.036511,0.037978,-0.016888,-0.044901,-0.848541,0.527219,0.70319,0.348015,0.620006,-0.709581,0.398574,0.58106,3e-06,0.000115,0.000116,4.1e-05,6.7e-05,5.2e-05,0.126589,0.064845,0.040301,-0.063554,-0.152803,-0.613653,-0.774648,0.630417,-0.664181,0.401792,-0.761068,-0.426956,0.488347,0.000111,0.000613,0.000631,0.000407,-0.015994,0.023972,-1.132276
346,0.132093,0.000121,0.308817,0.358095,0.533617,-0.766203,-0.600739,0.759866,0.248372,0.7143,0.37069,0.593626,0.000146,0.000807,0.000831,0.0,0.0,0.0,-1.252848,-0.184858,-0.013142,0.307752,0.17883,0.816963,0.548254,-0.742542,-0.253376,0.619972,0.645175,-0.518985,0.560595,-0.000273,-0.005141,-0.005487,-0.001738,0.015423,-0.02428,0.229203,0.036572,0.037959,-0.016973,-0.034804,-0.848583,0.527915,0.698964,0.356883,0.619743,-0.714308,0.390564,0.580709,-0.000152,-0.002865,-0.003057,-0.001462,0.01563,-0.024206,0.123323,0.06483,0.0403,-0.063533,-0.152813,-0.613583,-0.774701,0.630346,-0.66426,0.401773,-0.761125,-0.426934,0.488277,7.9e-05,0.000443,0.000458,5e-06,4e-06,0.0,-1.132276
