frame,MLTx,MLTy,MLTz,MLTR1,MLTR2,MLTR3,MLTR4,MLTR5,MLTR6,MLTR7,MLTR8,MLTR9,MLTTVx,MLTTVy,MLTTVz,MLTRVx,MLTRVy,MLTRVz,MLGA,MRTx,MRTy,MRTz,MRTR1,MRTR2,MRTR3,MRTR4,MRTR5,MRTR6,MRTR7,MRTR8,MRTR9,MRTTVx,MRTTVy,MRTTVz,MRTRVx,MRTRVy,MRTRVz,MRGA,SLTx,SLTy,SLTz,SLTR1,SLTR2,SLTR3,SLTR4,SLTR5,SLTR6,SLTR7,SLTR8,SLTR9,SLTTVx,SLTTVy,SLTTVz,SLTRVx,SLTRVy,SLTRVz,SLGA,SRTx,SRTy,SRTz,SRTR1,SRTR2,SRTR3,SRTR4,SRTR5,SRTR6,SRTR7,SRTR8,SRTR9,SRTTVx,SRTTVy,SRTTVz,SRTRVx,SRTRVy,SRTRVz,SRGA
478,0.105192,0.026653,0.366893,-0.055868,0.114632,-0.991859,-0.487446,-0.870067,-0.073154,-0.871307,0.479243,0.10572,0.0,0.0,0.0,0.0,0.0,0.0,0.3679,-0.096084,0.045541,0.34537,-0.033125,0.946613,0.320652,-0.949004,0.07093,-0.307075,-0.313356,-0.315662,0.895561,-0.000441,0.001743,0.001232,9.2e-05,-0.000123,-8.8e-05,-1.404591,0.041762,0.04077,-0.01213,0.116444,-0.974878,0.189872,0.88699,0.016061,-0.461508,0.446865,0.222155,0.866578,0.000758,-0.004394,0.004775,-0.039298,0.009208,-0.018019,-0.808413,0.09016,0.035889,-0.05988,-0.074789,0.153707,-0.985281,-0.433075,-0.895013,-0.106752,-0.898249,0.418717,0.133503,0.0,-8e-06,-5e-06,-7.8e-05,-7e-06,3.6e-05,0.312356
479,0.105078,0.026673,0.366907,-0.056241,0.114387,-0.991866,-0.487434,-0.870107,-0.07276,-0.871289,0.47923,0.105926,-0.012631,0.002232,0.001532,-0.000984,0.014715,-0.029553,0.368242,-0.096039,0.045451,0.345669,-0.033626,0.946609,0.320613,-0.949251,0.070204,-0.306477,-0.312553,-0.315837,0.895779,0.000898,-0.006295,0.011312,-0.033754,-0.010554,0.003113,-1.404579,0.041784,0.040727,-0.011985,0.116927,-0.974833,0.189808,0.887314,0.016696,-0.460862,0.446095,0.222307,0.866936,-0.000556,0.002177,0.001536,-0.016164,0.106848,-0.166904,-0.808576,0.090108,0.035898,-0.059874,-0.075125,0.153454,-0.985295,-0.433059,-0.895065,-0.106382,-0.898229,0.418699,0.133696,1e-06,-4e-06,-1e-06,-5.8e-05,1.2e-05,3e-05,0.312356
480,0.105039,0.026672,0.366907,-0.056341,0.114319,-0.991868,-0.48743,-0.870118,-0.072653,-0.871284,0.479227,0.10598,-2.7e-05,-0.000107,-7.1e-05,0.0,0.0,0.0,0.367387,-0.095995,0.045393,0.345837,-0.034002,0.946595,0.320613,-0.949394,0.069712,-0.306146,-0.312077,-0.315987,0.895892,0.001063,-0.006947,0.010853,-0.036086,0.004912,-0.021089,-1.404506,0.041806,0.040699,-0.011894,0.11729,-0.974802,0.189745,0.887506,0.017155,-0.460476,0.445618,0.222409,0.867155,0.000502,-0.003377,0.005493,-0.036097,0.004894,-0.02106,-0.808903,0.090083,0.035898,-0.059874,-0.07524,0.153366,-0.9853,-0.433054,-0.895083,-0.106254,-0.898221,0.418694,0.133762,-1.1e-05,-5.4e-05,-3.3e-05,-5e-05,1.3e-05,1e-05,0.312029
481,0.104989,0.026665,0.366914,-0.056478,0.114234,-0.99187,-0.487449,-0.870119,-0.072509,-0.871265,0.479244,0.106061,-9e-06,-3.4e-05,-2.3e-05,0.0,0.0,0.0,0.367202,-0.095859,0.045279,0.34618,-0.033928,0.946661,0.320427,-0.949691,0.06942,-0.305291,-0.311181,-0.315855,0.896251,0.001067,-0.006962,0.010843,-0.03608,0.004884,-0.021107,-1.404292,0.041873,0.040644,-0.011727,0.117192,-0.974847,0.189573,0.887919,0.017352,-0.459671,0.44482,0.222195,0.86762,0.006679,-0.002079,0.005724,-0.034027,-0.010326,0.008154,-0.810209,0.090058,0.035894,-0.05987,-0.075372,0.153272,-0.985305,-0.433072,-0.895091,-0.10611,-0.898202,0.41871,0.133843,-3e-06,-1.5e-05,-9e-06,-3.5e-05,-8e-06,1.7e-05,0.311376
482,0.105,0.026671,0.366918,-0.056567,0.114181,-0.991871,-0.487445,-0.870129,-0.072421,-0.871261,0.47924,0.106112,1e-06,4e-06,3e-06,0.0,0.0,0.0,0.366827,-0.095765,0.04523,0.346501,-0.033767,0.946728,0.320246,-0.949939,0.06926,-0.304554,-0.31044,-0.315688,0.896566,0.000821,-0.005994,0.011523,-0.033751,-0.010564,0.003109,-1.404326,0.04192,0.04062,-0.011566,0.117004,-0.974901,0.189413,0.88828,0.017436,-0.458969,0.444147,0.221953,0.868026,-0.000572,0.002241,0.001575,7e-06,-2.8e-05,-9e-06,-0.811189,0.090064,0.035897,-0.059868,-0.075457,0.153214,-0.985307,-0.433067,-0.895104,-0.106023,-0.898197,0.418704,0.133894,-0.0,0.0,1e-06,-2.6e-05,-1.8e-05,4e-06,0.31105
483,0.105002,0.026678,0.366923,-0.056676,0.114115,-0.991872,-0.487441,-0.87014,-0.07231,-0.871256,0.479235,0.106174,8e-06,2.9e-05,1.9e-05,0.0,0.0,0.0,0.36599,-0.095745,0.045246,0.346615,-0.033734,0.946746,0.320197,-0.950011,0.069203,-0.304342,-0.310224,-0.315647,0.896656,-0.001011,0.003981,0.002795,0.0,-0.0,-0.0,-1.404544,0.04193,0.040627,-0.011504,0.116958,-0.974916,0.189362,0.888396,0.017475,-0.458744,0.443928,0.221882,0.868156,-0.000586,0.002292,0.001609,0.00233,-0.015424,0.024231,-0.811515,0.090065,0.035901,-0.059865,-0.075561,0.153141,-0.98531,-0.433062,-0.895119,-0.105913,-0.898191,0.418697,0.133956,2e-06,8e-06,6e-06,-2.4e-05,-8e-06,-1.5e-05,0.310886
484,0.105008,0.026662,0.366912,-0.056819,0.114028,-0.991874,-0.487435,-0.870155,-0.072166,-0.87125,0.479228,0.106258,-2.3e-05,-9.1e-05,-6e-05,0.0,0.0,0.0,0.364883,-0.095785,0.04536,0.346731,-0.033965,0.946725,0.320232,-0.950034,0.068976,-0.304323,-0.310129,-0.315758,0.896649,-0.000957,0.003769,0.002642,0.002321,-0.015417,0.024235,-1.404651,0.04191,0.040683,-0.011447,0.117213,-0.974885,0.189364,0.888413,0.017717,-0.458702,0.443827,0.221999,0.868178,-0.000344,0.001344,0.000943,-0.016019,0.106367,-0.167272,-0.809719,0.090067,0.035893,-0.059871,-0.075699,0.153046,-0.985314,-0.433053,-0.89514,-0.105769,-0.898183,0.418688,0.134039,-1.1e-05,-5e-05,-3.3e-05,-1.8e-05,1.1e-05,1.3e-05,0.309743
485,0.105001,0.026679,0.366912,-0.056804,0.11403,-0.991875,-0.487413,-0.870167,-0.072177,-0.871264,0.479207,0.106243,0.000164,0.000636,0.000422,0.0,0.0,0.0,0.363511,-0.095899,0.045424,0.346787,-0.03321,0.945981,0.322503,-0.950558,0.069871,-0.302475,-0.3086,-0.317792,0.896458,-0.000187,0.000736,0.000515,-0.000175,0.000234,0.000166,-1.404431,0.041852,0.04072,-0.011415,0.116786,-0.974448,0.19186,0.889286,0.016591,-0.457049,0.442187,0.223996,0.868501,-0.006233,-0.001054,-6e-05,0.001807,0.010047,-0.032822,-0.809556,0.090064,0.0359,-0.059872,-0.075684,0.153049,-0.985315,-0.433031,-0.89515,-0.105781,-0.898195,0.418666,0.134023,0.00011,0.000431,0.000285,-2.1e-05,-7e-06,-1.1e-05,0.3086
486,0.105,0.026671,0.366918,-0.056949,0.113948,-0.991876,-0.48743,-0.870169,-0.072033,-0.871244,0.479222,0.106331,2e-06,9e-06,6e-06,0.0,0.0,0.0,0.362962,-0.095986,0.045421,0.346782,-0.033392,0.945964,0.322532,-0.950548,0.069721,-0.302542,-0.308612,-0.317874,0.896425,-1.1e-05,4.4e-05,3.1e-05,-3e-06,3e-06,2e-06,-1.404842,0.041809,0.040718,-0.011418,0.116978,-0.974435,0.19181,0.889242,0.016769,-0.457127,0.442224,0.224039,0.868471,-0.00613,-0.001454,-0.000339,-0.001481,0.014474,-0.029768,-0.809556,0.090064,0.035897,-0.059868,-0.075823,0.152958,-0.985318,-0.433047,-0.895159,-0.105638,-0.898176,0.418679,0.134112,-2e-06,1e-06,1e-06,-1.9e-05,-8e-06,-3e-05,0.30762
487,0.104998,0.026664,0.366913,-0.057094,0.113859,-0.991878,-0.487425,-0.870185,-0.071886,-0.871238,0.479215,0.106415,-6.2e-05,-0.00024,-0.000159,0.0,0.0,0.0,0.360947,-0.096082,0.045377,0.346763,-0.032818,0.946524,0.320946,-0.951258,0.06902,-0.300462,-0.306478,-0.316353,0.897694,4.4e-05,-0.000175,-0.000123,-0.0,0.0,0.0,-1.404509,0.041761,0.040693,-0.01143,0.116163,-0.974836,0.190262,0.890267,0.017261,-0.455109,0.440373,0.222251,0.86987,3.3e-05,-0.000133,-9.1e-05,0.001561,0.00102,0.000157,-0.809393,0.090063,0.035894,-0.05987,-0.075963,0.15286,-0.985323,-0.433038,-0.89518,-0.105491,-0.898168,0.41867,0.134195,-3.9e-05,-0.000155,-0.000103,-1.3e-05,2.1e-05,8e-06,0.306151
488,0.104998,0.026664,0.366913,-0.057094,0.113859,-0.991878,-0.487425,-0.870185,-0.071886,-0.871238,0.479215,0.106415,0.000368,0.001427,0.000945,0.000537,-0.014177,0.025086,0.359499,-0.096084,0.045384,0.346768,-0.031287,0.947664,0.317719,-0.95267,0.067975,-0.296199,-0.302227,-0.31314,0.900258,-0.0,1e-06,1e-06,-0.0,-0.0,0.0,-1.404864,0.04176,0.040696,-0.011428,0.11415,-0.975667,0.187197,0.892336,0.017866,-0.451017,0.436698,0.218526,0.872662,3e-06,-9e-06,-5e-06,0.003071,0.002035,0.000322,-0.808086,0.090062,0.03589,-0.059873,-0.075981,0.152847,-0.985323,-0.433037,-0.895183,-0.105472,-0.898167,0.418669,0.134205,1e-06,5e-06,3e-06,-1e-05,-1e-06,2e-05,0.303702
489,0.104981,0.026674,0.36692,-0.057244,0.113764,-0.99188,-0.487419,-0.8702,-0.071731,-0.871231,0.479209,0.106499,2.8e-05,0.000107,7.1e-05,0.0,0.0,0.0,0.358407,-0.096048,0.045351,0.346777,-0.031926,0.948421,0.315387,-0.95218,0.067151,-0.297955,-0.303698,-0.31101,0.900502,0.000116,-0.000458,-0.000321,0.00734,-0.009821,-0.006958,-1.40461,0.041778,0.04068,-0.011423,0.114462,-0.976147,0.184484,0.891439,0.018965,-0.452741,0.438444,0.216278,0.872347,6.3e-05,-0.000251,-0.000177,-0.008976,0.012219,0.007892,-0.799432,0.090054,0.035899,-0.059867,-0.076106,0.152756,-0.985328,-0.43303,-0.895202,-0.105337,-0.89816,0.418661,0.134279,1.3e-05,5e-05,3.3e-05,-1e-05,9e-06,1.1e-05,0.301415
490,0.104979,0.026667,0.366916,-0.057262,0.113753,-0.99188,-0.487418,-0.870202,-0.071713,-0.87123,0.479208,0.106509,-0.000193,-0.000747,-0.000495,0.0,0.0,0.0,0.35808,-0.096048,0.045314,0.346752,-0.032054,0.948408,0.315416,-0.95218,0.067041,-0.297981,-0.303686,-0.311076,0.900483,0.000384,-0.001517,-0.001063,0.000107,-0.000144,-0.000102,-1.40438,0.041778,0.040662,-0.011435,0.114566,-0.976094,0.184698,0.891501,0.018992,-0.452619,0.438292,0.216513,0.872365,0.000207,-0.000822,-0.000577,-0.002908,0.003952,0.002647,-0.798615,0.090054,0.035897,-0.059868,-0.076124,0.152744,-0.985329,-0.43303,-0.895205,-0.105318,-0.898158,0.41866,0.134289,-0.000111,-0.000432,-0.000286,-6e-06,-9e-06,1e-06,0.300762
491,0.104979,0.026667,0.366916,-0.057262,0.113753,-0.99188,-0.487418,-0.870202,-0.071713,-0.87123,0.479208,0.106509,-0.0,-0.0,-0.0,0.0,0.0,0.0,0.357671,-0.096047,0.045318,0.346719,-0.032829,0.949135,0.313139,-0.95164,0.066149,-0.2999,-0.30529,-0.309034,0.900644,-7.5e-05,0.000297,0.000208,0.000242,-0.000324,-0.000229,-1.404412,0.041779,0.040661,-0.011453,0.114983,-0.976508,0.182233,0.890615,0.020087,-0.454313,0.43998,0.214537,0.872003,-5.3e-05,0.00021,0.000147,-0.004216,0.005626,0.003812,-0.797146,0.090053,0.035895,-0.059869,-0.076124,0.152744,-0.985328,-0.43303,-0.895205,-0.105318,-0.898158,0.418659,0.134289,0.0,2e-06,2e-06,-5e-06,-1.8e-05,9e-06,0.299946
492,0.104989,0.026665,0.366914,-0.057369,0.113689,-0.991881,-0.487414,-0.870214,-0.071606,-0.871225,0.479203,0.106571,-0.0,-0.0,-0.0,0.0,0.0,0.0,0.356396,-0.096086,0.045316,0.346722,-0.03305,0.949113,0.313183,-0.951638,0.065958,-0.299946,-0.305271,-0.309143,0.900613,-1e-06,4e-06,2e-06,0.0,-0.0,-0.0,-1.404613,0.041759,0.040662,-0.011451,0.115199,-0.976469,0.182307,0.890622,0.020255,-0.454291,0.439909,0.2147,0.871999,-2e-06,6e-06,5e-06,-5.3e-05,0.000147,9.9e-05,-0.798615,0.090058,0.035895,-0.05987,-0.076227,0.152674,-0.985332,-0.433023,-0.89522,-0.105212,-0.898153,0.418652,0.134351,0.0,0.0,1e-06,-2e-06,-2e-05,5e-06,0.298803
493,0.104988,0.026666,0.366903,-0.05737,0.113682,-0.991882,-0.487391,-0.870227,-0.071601,-0.871238,0.479181,0.106567,-9e-06,-3.4e-05,-2.3e-05,0.0,0.0,0.0,0.356661,-0.096119,0.045294,0.346711,-0.033188,0.9491,0.313208,-0.951637,0.065838,-0.299976,-0.305259,-0.309209,0.900594,0.000123,-0.000486,-0.000341,0.0,-0.0,-0.0,-1.40473,0.041743,0.040652,-0.011456,0.115339,-0.976452,0.182312,0.890612,0.020377,-0.454305,0.439892,0.214769,0.871991,7.9e-05,-0.00031,-0.000216,9e-06,2.1e-05,2.6e-05,-0.798452,0.090057,0.035895,-0.059875,-0.076228,0.152666,-0.985332,-0.433,-0.895232,-0.105209,-0.898164,0.418629,0.134346,-5e-06,-1.7e-05,-1.1e-05,-6e-06,-4e-06,1.1e-05,0.298313
494,0.104987,0.026658,0.36691,-0.057388,0.113678,-0.991882,-0.487413,-0.870216,-0.071587,-0.871225,0.479202,0.106582,-0.0,-0.0,-0.0,0.0,0.0,0.0,0.355768,-0.096189,0.045265,0.346687,-0.034187,0.949805,0.310954,-0.951107,0.064723,-0.301895,-0.306798,-0.307266,0.900737,-0.012193,-0.003189,-0.000881,-0.001967,0.015101,-0.029319,-1.404716,0.041712,0.040638,-0.011468,0.115957,-0.976842,0.179815,0.889724,0.021679,-0.455983,0.441525,0.212861,0.871633,7.2e-05,-0.000283,-0.000198,-0.002724,0.003635,0.002484,-0.798942,0.090057,0.035891,-0.059872,-0.076245,0.152661,-0.985332,-0.433022,-0.895223,-0.105193,-0.898152,0.418651,0.134362,-1e-06,4e-06,3e-06,-5e-06,-2e-05,4e-06,0.29766
495,0.104978,0.026668,0.366904,-0.057518,0.11359,-0.991884,-0.487386,-0.870242,-0.07145,-0.871231,0.479175,0.106651,-0.0,-0.0,-0.0,0.0,0.0,0.0,0.354479,-0.09629,0.045197,0.346663,-0.036705,0.951938,0.304068,-0.949528,0.061712,-0.307444,-0.311359,-0.301203,0.901219,0.000535,-0.00212,-0.001487,0.118362,-0.146441,-0.138892,-1.404747,0.041657,0.040606,-0.011477,0.117332,-0.977975,0.172614,0.887227,0.02514,-0.460646,0.446161,0.207196,0.870636,-0.006045,-0.0018,-0.000583,0.163105,-0.206569,-0.185473,-0.800411,0.090053,0.035896,-0.059875,-0.076369,0.152566,-0.985337,-0.432991,-0.895254,-0.105059,-0.898156,0.41862,0.134429,-2e-06,3e-06,2e-06,-5e-06,-3.1e-05,4e-06,0.29668
496,0.104978,0.026668,0.366904,-0.057518,0.11359,-0.991884,-0.487386,-0.870242,-0.07145,-0.871231,0.479175,0.106651,-0.0,-0.0,-0.0,0.0,0.0,0.0,0.353413,-0.096282,0.04517,0.346632,-0.036145,0.954475,0.296078,-0.949913,0.059296,-0.306731,-0.310251,-0.293535,0.904127,8.4e-05,-0.000332,-0.000233,0.099563,-0.133634,-0.094596,-1.404482,0.041661,0.040588,-0.011496,0.115565,-0.979588,0.164472,0.887649,0.027537,-0.459695,0.445783,0.199118,0.872713,4.2e-05,-0.000164,-0.000113,0.140309,-0.177047,-0.126136,-0.801391,0.090053,0.035896,-0.059875,-0.076369,0.152566,-0.985337,-0.432991,-0.895254,-0.105059,-0.898156,0.41862,0.13443,-4e-06,2e-06,2e-06,-2e-06,-4.1e-05,1.3e-05,0.295047
497,0.104978,0.026668,0.366904,-0.057645,0.113512,-0.991886,-0.487381,-0.870256,-0.071321,-0.871226,0.479169,0.106724,-0.0,-0.0,-0.0,0.0,0.0,0.0,0.352977,-0.096253,0.045166,0.34665,-0.041362,0.955511,0.292026,-0.950454,0.052582,-0.306277,-0.307927,-0.291428,0.905602,0.001768,-0.009743,0.008889,0.142896,-0.335188,0.016705,-1.404767,0.041671,0.040586,-0.011493,0.120118,-0.9797,0.160496,0.888354,0.033904,-0.457906,0.443169,0.19758,0.874393,-8e-06,3.6e-05,2.4e-05,0.303757,-0.432575,-0.291673,-0.801391,0.090053,0.035896,-0.059875,-0.076492,0.15248,-0.985341,-0.432984,-0.895272,-0.10493,-0.898149,0.418611,0.134502,-2e-06,2e-06,1e-06,-3e-06,-3.6e-05,1.9e-05,0.294067
498,0.104971,0.026677,0.36691,-0.058445,0.113088,-0.991887,-0.482214,-0.87314,-0.071189,-0.874041,0.473996,0.106798,1e-06,6e-06,4e-06,3e-06,0.0,-0.0,0.352825,-0.096065,0.045229,0.346685,-0.046153,0.955342,0.291861,-0.950774,0.047698,-0.306085,-0.306252,-0.292822,0.90572,-0.000241,0.000953,0.000669,-0.04351,0.045618,-0.135187,-1.404483,0.04177,0.040617,-0.01147,0.124681,-0.979452,0.158514,0.888156,0.038955,-0.457887,0.442304,0.197875,0.874764,0.005997,0.001992,0.000716,-0.152057,0.137008,-0.425242,-0.801065,0.090049,0.0359,-0.059872,-0.077262,0.152001,-0.985355,-0.427629,-0.897838,-0.10497,-0.900645,0.413256,0.134369,-2e-06,-2e-06,2e-06,-0.000268,0.000558,-0.000108,0.293088
499,0.104961,0.026679,0.366911,-0.058465,0.113074,-0.991888,-0.482213,-0.873142,-0.071167,-0.87404,0.473996,0.106808,0.0,0.0,0.0,0.0,0.0,-0.0,0.351195,-0.095821,0.045304,0.346721,-0.046147,0.955327,0.291912,-0.950787,0.047707,-0.306044,-0.306213,-0.29287,0.905718,-0.00025,0.000986,0.000691,0.0,-0.0,-0.0,-1.404596,0.041892,0.040655,-0.011452,0.124821,-0.97942,0.158605,0.888184,0.039055,-0.457824,0.442208,0.198016,0.87478,0.005995,0.001999,0.00072,-0.013914,0.09116,-0.137727,-0.801065,0.090044,0.035901,-0.059871,-0.077285,0.151988,-0.985355,-0.427635,-0.897838,-0.104947,-0.900641,0.413262,0.134385,1e-06,-3e-06,-1e-06,-0.000129,-1e-06,6e-06,0.291128
500,0.104952,0.02668,0.366913,-0.058485,0.11306,-0.991888,-0.482213,-0.873144,-0.071145,-0.874039,0.473995,0.10682,0.0,0.0,0.0,0.0,0.0,0.0,0.351259,-0.095655,0.045341,0.346729,-0.046463,0.956036,0.289532,-0.950255,0.047148,-0.307778,-0.307812,-0.290631,0.905897,0.012304,0.002756,0.000575,0.264772,-0.365567,-0.219076,-1.404503,0.04197,0.040675,-0.011447,0.124399,-0.979473,0.158607,0.888219,0.038679,-0.457788,0.442256,0.197826,0.874799,0.006159,0.001353,0.000266,0.002073,-0.015313,0.029435,-0.801391,0.090039,0.035902,-0.059871,-0.077304,0.151972,-0.985356,-0.427636,-0.89784,-0.104925,-0.900638,0.413263,0.134396,2e-06,-3e-06,0.0,-0.000103,2.3e-05,1.5e-05,0.289658
501,0.10495,0.026673,0.366908,-0.058504,0.113048,-0.991888,-0.482212,-0.873146,-0.071126,-0.874038,0.473994,0.10683,-0.0,-1e-06,-1e-06,0.0,0.0,0.0,0.349603,-0.095245,0.045417,0.346748,-0.051089,0.955847,0.289377,-0.950554,0.042421,-0.307544,-0.306149,-0.291982,0.906026,0.012445,0.002207,0.000187,0.002111,-0.015293,0.029183,-1.404448,0.042179,0.040714,-0.011437,0.129298,-0.97938,0.15523,0.887523,0.044482,-0.45861,0.442249,0.197068,0.874974,0.006232,0.001064,6e-05,-0.000102,-0.011967,0.031687,-0.802045,0.090038,0.035898,-0.059873,-0.077322,0.15196,-0.985357,-0.427638,-0.897841,-0.104906,-0.900636,0.413264,0.134406,2e-06,5e-06,5e-06,-6.9e-05,7e-06,3.8e-05,0.288189
502,0.104942,0.026674,0.36692,-0.05865,0.112963,-0.991889,-0.482229,-0.873149,-0.070979,-0.874019,0.47401,0.106918,6.2e-05,0.00024,0.000159,0.0,0.0,0.0,0.348373,-0.094737,0.045483,0.346774,-0.056445,0.956289,0.286911,-0.950291,0.03676,-0.309079,-0.306017,-0.291297,0.906291,0.012627,0.001506,-0.000307,0.01868,-0.037283,0.01358,-1.404449,0.042429,0.040747,-0.011423,0.134245,-0.979278,0.151631,0.886736,0.050407,-0.459518,0.442353,0.196144,0.875128,0.012489,0.002042,5.9e-05,0.003965,-0.014654,0.033047,-0.806127,0.090034,0.035898,-0.059867,-0.077462,0.151866,-0.98536,-0.427654,-0.897851,-0.104759,-0.900616,0.413279,0.134495,4.6e-05,0.000184,0.000123,-5.7e-05,-4e-06,2.3e-05,0.286719
503,0.104932,0.026675,0.366921,-0.05867,0.112948,-0.99189,-0.482228,-0.873151,-0.070957,-0.874018,0.474009,0.106929,0.0,0.0,0.0,0.0,0.0,0.0,0.346691,-0.094123,0.045507,0.346819,-0.055751,0.957094,0.284349,-0.949841,0.037018,-0.310428,-0.307538,-0.288596,0.90664,0.025017,0.003975,5.5e-05,0.056119,-0.099232,0.009693,-1.404457,0.042741,0.040759,-0.011401,0.13311,-0.979799,0.149245,0.886112,0.050201,-0.460743,0.443944,0.193577,0.874894,0.012525,0.001921,-2.9e-05,0.046907,-0.086906,0.017944,-0.807106,0.09003,0.0359,-0.059866,-0.077481,0.15185,-0.985361,-0.427654,-0.897853,-0.104737,-0.900615,0.413279,0.134506,0.0,-5e-06,-3e-06,-4.6e-05,2.1e-05,4e-05,0.285576
504,0.10493,0.026668,0.366917,-0.058689,0.112937,-0.99189,-0.482227,-0.873153,-0.070938,-0.874017,0.474009,0.10694,-1e-05,-4e-05,-2.7e-05,0.0,0.0,0.0,0.34617,-0.093797,0.045524,0.346842,-0.055051,0.957168,0.284236,-0.949894,0.037601,-0.310194,-0.307499,-0.288274,0.906756,0.012652,0.001446,-0.000355,0.002806,-0.016211,0.028532,-1.404341,0.042899,0.040766,-0.011389,0.132427,-0.97988,0.149318,0.886249,0.049594,-0.460546,0.443875,0.193322,0.874986,0.006371,0.000547,-0.000312,-0.004899,-0.005948,0.035554,-0.807596,0.090029,0.035896,-0.059869,-0.077499,0.151838,-0.985362,-0.427653,-0.897856,-0.104719,-0.900614,0.413278,0.134517,-6e-06,-2e-05,-1.2e-05,-3.9e-05,-0.0,2.3e-05,0.284433
505,0.104911,0.026672,0.366919,-0.058856,0.11283,-0.991892,-0.482221,-0.87317,-0.070765,-0.874009,0.474002,0.107035,-0.0,-0.0,-0.0,0.0,0.0,0.0,0.346102,-0.093053,0.04549,0.346904,-0.060076,0.957622,0.281679,-0.949696,0.032142,-0.311413,-0.307167,-0.287422,0.907139,0.025408,0.002565,-0.00095,0.002,-0.01534,0.034014,-1.404829,0.043266,0.040751,-0.011356,0.13698,-0.979756,0.145995,0.885689,0.055136,-0.460991,0.443609,0.192453,0.875312,0.012568,0.001796,-0.000128,-0.00037,-0.024235,0.062894,-0.808739,0.090019,0.035898,-0.059868,-0.07766,0.151721,-0.985367,-0.427644,-0.89788,-0.104546,-0.900604,0.413268,0.134611,0.0,2e-06,3e-06,-3.3e-05,-4e-06,5.3e-05,0.283943
506,0.104875,0.026686,0.366928,-0.058919,0.112785,-0.991894,-0.482219,-0.873177,-0.070695,-0.874006,0.474,0.107068,-0.012629,0.002241,0.001537,-0.000984,0.014715,-0.029553,0.346036,-0.092184,0.04538,0.346984,-0.070603,0.957669,0.279067,-0.949668,0.021152,-0.312439,-0.305,-0.288283,0.907596,0.027865,-0.009486,0.006306,-1.574805,1.713952,-5.004518,-1.404414,0.043699,0.040701,-0.011319,0.141346,-0.979647,0.142519,0.885135,0.06059,-0.461371,0.443345,0.191362,0.875685,0.006583,-0.000204,-0.000851,-0.00678,-0.003364,0.037235,-0.80727,0.090001,0.035905,-0.059863,-0.077719,0.151672,-0.98537,-0.427642,-0.897889,-0.104477,-0.9006,0.413266,0.134644,-0.006317,0.001115,0.000767,-0.001013,0.01472,-0.029544,0.283453
507,0.104856,0.026689,0.366931,-0.059087,0.112678,-0.991896,-0.482213,-0.873195,-0.070522,-0.873998,0.473993,0.107163,0.0,0.0,0.0,0.0,0.0,0.0,0.346152,-0.091695,0.045272,0.347046,-0.070675,0.958378,0.276603,-0.949244,0.020673,-0.313755,-0.306297,-0.285943,0.9079,0.028,-0.009893,0.006011,0.051091,-0.122392,-0.066248,-1.404356,0.043933,0.04065,-0.011291,0.146576,-0.979305,0.139554,0.884578,0.066617,-0.461609,0.442759,0.191107,0.876037,0.01288,0.000704,-0.00091,0.146754,-0.204679,-0.097779,-0.80678,0.089992,0.035906,-0.059862,-0.07788,0.151555,-0.985375,-0.427632,-0.897914,-0.104305,-0.900591,0.413255,0.134739,-0.0,-4e-06,0.0,-2.7e-05,2.3e-05,2.6e-05,0.283127
508,0.10478,0.026702,0.36694,-0.059249,0.112565,-0.991899,-0.482207,-0.873212,-0.070346,-0.87399,0.473989,0.107251,0.0,0.0,0.0,0.0,0.0,0.0,0.34593,-0.090629,0.044978,0.347203,-0.076242,0.959386,0.271583,-0.948565,0.014236,-0.316158,-0.307061,-0.282924,0.908587,0.028073,-0.009936,0.005966,0.07159,-0.161221,-0.058391,-1.404549,0.044477,0.040497,-0.011211,0.15128,-0.979443,0.13343,0.883246,0.073328,-0.463141,0.443836,0.187916,0.876182,0.014152,-0.005402,0.002657,0.101353,-0.187622,-0.110884,-0.805474,0.089954,0.035913,-0.059857,-0.078035,0.151432,-0.985382,-0.427624,-0.897938,-0.104129,-0.900581,0.413248,0.134826,-1e-06,-1e-06,1e-06,-2.6e-05,3.1e-05,2.7e-05,0.282964
509,0.104683,0.026704,0.366953,-0.059488,0.112408,-0.991902,-0.482222,-0.873224,-0.070092,-0.873965,0.474003,0.107387,-0.000165,-0.000636,-0.000422,0.0,0.0,0.0,0.34446,-0.089547,0.044532,0.347408,-0.081759,0.960366,0.266466,-0.947937,0.007724,-0.318261,-0.307575,-0.279821,0.909374,0.016181,-0.014171,0.004362,0.000501,-0.055744,-0.023772,-1.404668,0.045028,0.040272,-0.011106,0.155956,-0.979578,0.126898,0.881891,0.08022,-0.464577,0.444909,0.184364,0.876393,0.008118,-0.007199,0.002079,-0.028171,-0.017111,0.001466,-0.8058,0.089906,0.035915,-0.059849,-0.078264,0.151261,-0.98539,-0.427635,-0.897962,-0.103876,-0.900556,0.413258,0.134962,-0.000111,-0.000427,-0.00028,-2.6e-05,2.8e-05,4e-06,0.281984
510,0.104577,0.026707,0.366968,-0.059748,0.112237,-0.991906,-0.482236,-0.873239,-0.069815,-0.87394,0.474017,0.107533,-2e-05,-7.7e-05,-5.1e-05,0.0,0.0,0.0,0.342991,-0.088457,0.044072,0.347578,-0.092172,0.960875,0.261179,-0.947278,-0.003689,-0.320289,-0.306651,-0.278139,0.910202,0.028753,-0.011888,0.004546,-0.069629,0.032286,-0.126349,-1.404291,0.045562,0.040046,-0.011023,0.165231,-0.978905,0.120171,0.880597,0.091562,-0.464934,0.444123,0.182644,0.877151,0.014303,-0.005689,0.002437,-0.18577,0.16552,-0.433401,-0.804821,0.089852,0.035915,-0.059843,-0.078512,0.151074,-0.985399,-0.427645,-0.897989,-0.103601,-0.90053,0.413268,0.135109,-1.2e-05,-4.8e-05,-2.8e-05,-2.1e-05,1.2e-05,3e-06,0.280514
511,0.104528,0.026707,0.36698,-0.059867,0.112162,-0.991908,-0.482255,-0.873238,-0.06969,-0.873921,0.474036,0.107603,-0.012629,0.002247,0.001539,-0.000984,0.014715,-0.029553,0.342668,-0.087992,0.043831,0.34767,-0.092524,0.962178,0.25621,-0.946307,-0.004836,-0.323129,-0.309525,-0.273561,0.910616,0.01631,-0.014347,0.004218,0.071766,-0.13548,-0.114644,-1.404314,0.045789,0.039929,-0.01098,0.164872,-0.979528,0.115506,0.879272,0.092908,-0.46717,0.446875,0.178584,0.87659,0.008218,-0.007409,0.001923,0.135168,-0.217259,-0.169879,-0.804004,0.089828,0.035915,-0.059837,-0.078626,0.150992,-0.985402,-0.427663,-0.897996,-0.103476,-0.900512,0.413284,0.135179,-0.006312,0.001131,0.000777,-0.001001,0.014738,-0.029536,0.279698
512,0.104481,0.026716,0.366986,-0.059968,0.112092,-0.99191,-0.482251,-0.873249,-0.06958,-0.873916,0.474033,0.107658,-0.0,-0.0,-0.0,0.0,0.0,0.0,0.341383,-0.087159,0.04331,0.347838,-0.097621,0.963063,0.25094,-0.945541,-0.010986,-0.325217,-0.310297,-0.270233,0.911347,0.028873,-0.011954,0.004471,-0.018714,-0.030998,-0.001345,-1.404571,0.046222,0.03966,-0.010891,0.169124,-0.979565,0.108852,0.877777,0.099476,-0.468626,0.448222,0.174804,0.876664,0.014435,-0.005981,0.002217,-0.04744,0.006685,0.023194,-0.80531,0.089804,0.03592,-0.059834,-0.078723,0.150916,-0.985407,-0.427658,-0.898011,-0.103366,-0.900506,0.413279,0.135234,-1e-06,2e-06,4e-06,-1.3e-05,-4e-06,1.2e-05,0.278555
513,0.104443,0.026714,0.366997,-0.060067,0.112031,-0.991911,-0.48227,-0.873247,-0.069477,-0.873899,0.474052,0.107717,-0.012628,0.002251,0.001541,-0.000984,0.014715,-0.029553,0.339689,-0.086452,0.042875,0.347995,-0.103293,0.963794,0.245811,-0.944633,-0.017578,-0.327557,-0.311218,-0.267247,0.911913,0.015833,-0.012365,0.005615,0.029428,-0.092525,-0.04915,-1.404579,0.046571,0.039443,-0.010818,0.173856,-0.97936,0.10308,0.876368,0.106125,-0.469803,0.449168,0.172015,0.876731,0.007997,-0.006474,0.002585,0.032115,-0.082826,-0.077531,-0.808086,0.08979,0.035918,-0.059829,-0.078799,0.150864,-0.985408,-0.427678,-0.898011,-0.103285,-0.90049,0.413298,0.135283,-3e-06,1e-06,5e-06,-7e-06,-1.9e-05,1.4e-05,0.276432
514,0.104431,0.026709,0.366994,-0.060106,0.112005,-0.991911,-0.482269,-0.873251,-0.069436,-0.873897,0.47405,0.107739,-0.000317,-0.001219,-0.000808,0.0,0.0,0.0,0.33896,-0.086178,0.042662,0.348068,-0.10306,0.963853,0.245679,-0.944816,-0.017547,-0.327031,-0.310741,-0.267037,0.912138,0.01603,-0.013008,0.005152,-0.035235,0.002763,-0.017582,-1.404659,0.046708,0.03934,-0.010779,0.173593,-0.979413,0.103026,0.876652,0.106014,-0.469298,0.448714,0.171785,0.877008,0.00172,-0.007621,0.002492,-0.044357,0.015001,-0.014086,-0.807923,0.08978,0.035919,-0.059828,-0.078855,0.150821,-0.98541,-0.427674,-0.898019,-0.103222,-0.900486,0.413295,0.135315,-0.000188,-0.000717,-0.000469,-0.000541,0.014169,-0.025069,0.275452
515,0.104391,0.026709,0.366993,-0.060206,0.111938,-0.991913,-0.482265,-0.873261,-0.069329,-0.873892,0.474047,0.107793,-1e-05,-4e-05,-2.7e-05,0.0,0.0,0.0,0.33848,-0.085761,0.042267,0.348155,-0.109504,0.963769,0.243205,-0.944314,-0.024394,-0.328041,-0.310057,-0.266795,0.912441,0.001226,-0.004297,-0.003084,0.001494,-0.00192,-0.001337,-1.404355,0.046916,0.039143,-0.010736,0.179533,-0.978701,0.099559,0.875759,0.112904,-0.469358,0.448121,0.171454,0.877376,0.000614,-0.002161,-0.001561,-0.009055,0.011964,0.007925,-0.808249,0.089759,0.035916,-0.05983,-0.07895,0.150747,-0.985414,-0.427669,-0.898034,-0.103116,-0.90048,0.41329,0.13537,-5e-06,-1.8e-05,-9e-06,-9e-06,1e-06,1.2e-05,0.273329
516,0.10434,0.026703,0.36699,-0.060344,0.111844,-0.991915,-0.48226,-0.873276,-0.069182,-0.873885,0.474043,0.107869,-3e-06,-1e-05,-6e-06,0.0,0.0,0.0,0.337317,-0.085499,0.042045,0.348151,-0.110383,0.96426,0.240851,-0.943771,-0.025614,-0.329508,-0.311396,-0.264892,0.91254,0.001022,-0.003575,-0.002569,-0.002157,0.014954,-0.024539,-1.404537,0.047053,0.039028,-0.010735,0.179995,-0.978858,0.097146,0.874994,0.114205,-0.47047,0.449428,0.169684,0.877051,0.006612,4.3e-05,-0.00071,-0.002129,-0.009847,0.033084,-0.809392,0.089734,0.035913,-0.059832,-0.079082,0.150646,-0.985419,-0.427661,-0.898055,-0.102969,-0.900472,0.413283,0.135445,2e-06,1.1e-05,1e-05,-8e-06,1.4e-05,1.7e-05,0.272023
517,0.104264,0.026708,0.367006,-0.060524,0.111727,-0.991917,-0.482277,-0.873282,-0.06899,-0.873863,0.47406,0.107972,-0.012527,0.002646,0.001802,-0.000984,0.014715,-0.029553,0.335483,-0.085399,0.041877,0.348156,-0.110831,0.9642,0.240889,-0.943825,-0.026096,-0.329314,-0.311071,-0.265067,0.9126,0.002833,-0.01305,0.006581,-0.03587,0.003899,-0.02166,-1.4046,0.047102,0.038946,-0.010737,0.180426,-0.978774,0.097188,0.875078,0.114621,-0.470211,0.449091,0.169886,0.877185,0.000376,-0.001314,-0.000948,-0.002366,0.015113,-0.024062,-0.809556,0.0897,0.035914,-0.059825,-0.079236,0.150533,-0.985424,-0.427676,-0.898067,-0.1028,-0.900452,0.413297,0.135538,6.9e-05,0.000268,0.000178,-6e-06,-7e-06,-6e-06,0.270063
518,0.104216,0.026709,0.367018,-0.06077,0.111573,-0.991919,-0.48229,-0.873294,-0.068736,-0.873838,0.474072,0.108115,1e-06,5e-06,3e-06,0.0,0.0,0.0,0.334607,-0.085402,0.041813,0.348148,-0.111176,0.964147,0.240939,-0.943823,-0.026423,-0.329294,-0.310953,-0.265225,0.912594,0.00061,-0.002131,-0.001534,-0.002308,0.015143,-0.024408,-1.404428,0.047101,0.038911,-0.010737,0.180762,-0.978713,0.097183,0.875081,0.11494,-0.470127,0.448949,0.170024,0.877231,-0.006071,-0.00195,-0.000669,-0.002043,0.015106,-0.029008,-0.809719,0.089676,0.035915,-0.059819,-0.079471,0.150365,-0.98543,-0.427686,-0.898091,-0.102547,-0.900426,0.413305,0.135681,-1e-06,3e-06,4e-06,-5e-06,-1.4e-05,-1.3e-05,0.269247
519,0.104108,0.026696,0.367045,-0.061064,0.111394,-0.991921,-0.482347,-0.873287,-0.06843,-0.873786,0.474129,0.108291,-2e-05,-7.7e-05,-5.1e-05,0.0,0.0,0.0,0.333943,-0.085432,0.041734,0.348144,-0.111466,0.964107,0.240965,-0.943832,-0.026713,-0.329245,-0.310822,-0.265342,0.912604,0.000137,-0.00048,-0.000346,0.0,-0.0,-0.0,-1.404541,0.047087,0.038869,-0.010741,0.181064,-0.978658,0.097169,0.875088,0.115232,-0.470044,0.448816,0.17014,0.877277,5.1e-05,-0.00018,-0.000129,1.8e-05,-8.7e-05,0.000143,-0.809066,0.089618,0.03591,-0.059804,-0.079773,0.150152,-0.985439,-0.427739,-0.898103,-0.102218,-0.900374,0.413357,0.13587,-0.006327,0.001088,0.000748,-0.000985,0.014709,-0.029561,0.267614
520,0.103963,0.026706,0.367065,-0.061405,0.111166,-0.991926,-0.482358,-0.87331,-0.068066,-0.873756,0.474141,0.108482,-0.0,-0.0,-0.0,0.0,0.0,0.0,0.332376,-0.085419,0.041759,0.34816,-0.110935,0.96357,0.243347,-0.944471,-0.025915,-0.327471,-0.309068,-0.267373,0.912607,-0.000407,0.001424,0.001025,-0.270267,0.348867,0.242264,-1.404618,0.047094,0.03888,-0.010734,0.181134,-0.97856,0.098027,0.875398,0.115004,-0.469522,0.448182,0.170859,0.877461,-0.000235,0.000829,0.000595,-0.406304,0.527736,0.354967,-0.809229,0.089545,0.035915,-0.059795,-0.080099,0.149904,-0.98545,-0.427744,-0.898142,-0.101855,-0.900343,0.413362,0.13606,-0.0,8e-06,9e-06,-7e-06,2e-06,-7e-06,0.266145
521,0.103887,0.026711,0.36708,-0.061585,0.111049,-0.991928,-0.482374,-0.873316,-0.067875,-0.873734,0.474158,0.108584,-0.0,-0.0,-0.0,0.0,0.0,0.0,0.332005,-0.085416,0.041782,0.348176,-0.110682,0.962587,0.247323,-0.944403,-0.024249,-0.327794,-0.309366,-0.271063,0.911417,-0.000498,0.00174,0.001252,0.59234,0.576856,0.087065,-1.404659,0.047095,0.038892,-0.010726,0.181059,-0.978008,0.103517,0.87639,0.112686,-0.468233,0.44627,0.1755,0.87752,0.006134,0.001748,0.000479,2.124481,1.755731,0.097697,-0.809719,0.089507,0.035917,-0.059787,-0.080271,0.149776,-0.985455,-0.427758,-0.898157,-0.101664,-0.900321,0.413376,0.136164,-0.006314,0.001138,0.000781,-0.000985,0.014712,-0.029557,0.265002
522,0.103725,0.026724,0.367113,-0.061965,0.1108,-0.991932,-0.482406,-0.873329,-0.06747,-0.873689,0.474191,0.108801,-0.0,-0.0,-0.0,0.0,0.0,0.0,0.331248,-0.085468,0.041792,0.348188,-0.104667,0.958986,0.263406,-0.948921,-0.01694,-0.314955,-0.297416,-0.284122,0.911417,-2.9e-05,0.0001,7.2e-05,-0.279097,0.359385,0.249632,-1.404448,0.047068,0.038901,-0.010717,0.177977,-0.97661,0.120645,0.882689,0.104251,-0.458248,0.434952,0.18805,0.880598,-0.006203,-0.001489,-0.000338,-0.373368,0.493922,0.300849,-0.80629,0.089426,0.035924,-0.05977,-0.080635,0.149504,-0.985467,-0.427784,-0.89819,-0.10126,-0.900276,0.413402,0.136381,-1e-06,2e-06,5e-06,2e-06,-1e-05,1.6e-05,0.263205
523,0.103574,0.026688,0.367149,-0.062412,0.110533,-0.991934,-0.482502,-0.873311,-0.067009,-0.873603,0.474286,0.109072,-0.012741,0.001844,0.001267,-0.000984,0.014715,-0.029553,0.330365,-0.08566,0.04173,0.348167,-0.095515,0.952062,0.290596,-0.953179,-0.003242,-0.302278,-0.286698,-0.307058,0.907404,0.000422,-0.001479,-0.001064,-0.405643,0.456982,0.520648,-1.404732,0.046971,0.038873,-0.010725,0.173407,-0.973454,0.149388,0.88928,0.089585,-0.448502,0.423213,0.210621,0.881208,-0.006176,-0.001576,-0.0004,-0.551116,0.656843,0.645846,-0.803514,0.089355,0.035905,-0.059753,-0.081045,0.149225,-0.985476,-0.427877,-0.898195,-0.10082,-0.900195,0.413492,0.136644,-7.1e-05,-0.000268,-0.000175,-4e-06,3e-06,-1.1e-05,0.262226
524,0.103456,0.026605,0.367201,-0.062865,0.110294,-0.991932,-0.482688,-0.873243,-0.066559,-0.873467,0.474468,0.109369,-0.012742,0.00185,0.00127,-0.000984,0.014715,-0.029553,0.330532,-0.085865,0.04165,0.348135,-0.081312,0.940094,0.331065,-0.956031,0.020417,-0.29244,-0.281551,-0.341467,0.896656,0.000148,-0.000521,-0.000375,0.057767,1.168712,0.622368,-1.404377,0.04687,0.038829,-0.010744,0.165528,-0.967341,0.191963,0.894592,0.065353,-0.442078,0.415095,0.244905,0.876194,-0.006106,-0.001796,-0.000626,1.470454,2.393251,0.674514,-0.810372,0.089296,0.035863,-0.059727,-0.081482,0.148958,-0.985479,-0.428062,-0.898158,-0.100366,-0.900067,0.413669,0.136947,-6.6e-05,-0.00025,-0.000164,-1e-06,-7e-06,-1e-06,0.261572
525,0.103402,0.02655,0.367248,-0.063107,0.110182,-0.991929,-0.482838,-0.873178,-0.066326,-0.873367,0.474614,0.109538,-0.000909,-0.010913,0.008528,-0.034693,0.017634,-0.016036,0.329664,-0.086042,0.041526,0.348129,-0.074682,0.931439,0.35614,-0.95759,0.032756,-0.286151,-0.278077,-0.363575,0.889016,-0.011837,-0.004994,-0.002124,-0.663625,0.784053,0.735924,-1.404567,0.046785,0.038771,-0.010745,0.163186,-0.961998,0.218928,0.897168,0.052381,-0.438572,0.410438,0.267984,0.871621,-0.005837,-0.002786,-0.001269,-0.737859,0.926222,0.814745,-0.809882,0.089264,0.035836,-0.059704,-0.081736,0.148816,-0.98548,-0.428212,-0.898116,-0.100107,-0.899974,0.413812,0.137133,-0.00045,-0.005431,0.004283,-0.034694,0.017633,-0.016039,0.260919
526,0.103219,0.026427,0.367392,-0.064453,0.109468,-0.991921,-0.478064,-0.875852,-0.065648,-0.87589,0.46983,0.110018,-0.012631,0.002287,0.001559,-0.000984,0.014715,-0.029553,0.329244,-0.086583,0.040838,0.348062,-0.083835,0.903569,0.42015,-0.955703,0.046541,-0.290514,-0.281921,-0.427025,0.859088,-0.022097,-0.015738,-0.008406,-0.566474,1.401635,-0.013583,-1.405014,0.046508,0.038433,-0.010775,0.18161,-0.941274,0.284638,0.895391,0.038614,-0.443602,0.406561,0.335425,0.849821,-0.010967,-0.008173,-0.004413,-0.64451,1.475819,0.051816,-0.809066,0.089178,0.035774,-0.059632,-0.083018,0.148029,-0.985491,-0.423258,-0.900516,-0.09961,-0.902197,0.408848,0.137413,-0.000436,-0.005377,0.004322,-0.03489,0.017794,-0.01605,0.25945
527,0.102925,0.026217,0.367656,-0.065468,0.10901,-0.991905,-0.478796,-0.875524,-0.064672,-0.875413,0.470547,0.110747,-0.00083,-0.010593,0.008748,-0.03469,0.017642,-0.016034,0.328429,-0.087114,0.039821,0.347968,-0.070624,0.876713,0.475793,-0.955843,0.076988,-0.283499,-0.285061,-0.475901,0.831938,-0.019392,-0.028787,-0.001848,-0.492007,1.383337,-0.119722,-1.404623,0.046251,0.03793,-0.010825,0.176263,-0.922063,0.344571,0.897854,0.007122,-0.440234,0.40347,0.386972,0.829134,-0.003352,-0.013309,-0.000881,-0.02632,1.193397,1.247495,-0.812495,0.089027,0.035674,-0.059503,-0.084005,0.1475,-0.985487,-0.423979,-0.900287,-0.098607,-0.901767,0.409543,0.138165,-0.006731,-0.00413,0.005172,-0.035799,0.032349,-0.045589,0.259286
528,0.102702,0.026051,0.367866,-0.066346,0.108604,-0.991891,-0.479374,-0.875271,-0.063824,-0.87503,0.471113,0.111367,-0.014257,-0.018714,0.019183,-0.070361,0.050004,-0.061621,0.32734,-0.087455,0.039272,0.347912,-0.059367,0.861097,0.504955,-0.955992,0.096608,-0.276913,-0.28713,-0.500248,0.816805,-0.019303,-0.029298,-0.002235,0.019667,1.2242,0.970314,-1.404552,0.046074,0.037643,-0.010854,0.170294,-0.910378,0.377109,0.899715,-0.012431,-0.436299,0.401885,0.41359,0.816964,-0.009619,-0.014761,-0.001204,-0.012069,1.293752,1.042381,-0.813638,0.088915,0.035587,-0.059394,-0.084873,0.147035,-0.985482,-0.424586,-0.900097,-0.097729,-0.9014,0.410128,0.138822,-0.00713,-0.009346,0.009604,-0.070462,0.049983,-0.061648,0.25847
529,0.10211,0.025575,0.368441,-0.068627,0.107584,-0.991848,-0.48098,-0.874546,-0.061635,-0.873969,0.472691,0.112998,-0.026954,-0.016512,0.020698,-0.07134,0.064728,-0.091175,0.322608,-0.08821,0.038236,0.347899,-0.040226,0.830103,0.55615,-0.956187,0.129594,-0.262385,-0.289803,-0.543374,0.787796,-0.020675,-0.024679,0.001104,-0.711912,1.746883,-0.591492,-1.404928,0.045707,0.037126,-0.010867,0.157369,-0.887312,0.433487,0.903259,-0.048111,-0.426388,0.399195,0.458652,0.793902,-0.004193,-0.010542,0.001126,-0.713158,1.781645,-0.435271,-0.820006,0.088629,0.035356,-0.059114,-0.08701,0.145915,-0.985463,-0.426168,-0.899581,-0.095571,-0.900449,0.411658,0.140457,-0.006721,-0.004028,0.005247,-0.035752,0.032354,-0.045588,0.253571
530,0.101329,0.024818,0.36928,-0.075057,0.111124,-0.990991,-0.483745,-0.873042,-0.061313,-0.871904,0.474642,0.120517,-0.027054,-0.016695,0.0206,-0.07577,0.206058,-0.012658,0.315535,-0.088891,0.037317,0.348164,-0.023128,0.795228,0.605862,-0.949397,0.172436,-0.262384,-0.313071,-0.582263,0.750213,-0.020327,-0.029235,0.013901,2.755072,0.193213,3.63508,-1.404359,0.04536,0.036652,-0.010738,0.149908,-0.858718,0.49003,0.898317,-0.088727,-0.430294,0.41298,0.504707,0.758101,-0.010221,-0.014345,0.007162,2.7261,0.213453,3.660633,-0.827191,0.088239,0.034978,-0.058694,-0.093592,0.148943,-0.984406,-0.429008,-0.898277,-0.095124,-0.898438,0.413416,0.147969,-0.013988,-0.013741,0.014636,-0.111738,0.269469,-0.003342,0.243937
531,0.100372,0.023724,0.370432,-0.088035,0.128098,-0.987869,-0.483061,-0.872753,-0.070176,-0.871053,0.47086,0.139942,-0.027936,-0.02712,0.029542,0.013019,0.11256,1.070854,0.312377,-0.089592,0.036608,0.348589,-0.017948,0.755973,0.65435,-0.946312,0.198445,-0.255044,-0.322609,-0.624737,0.710978,-0.023832,-0.013409,0.009323,-0.531403,1.519953,-0.221495,-1.40432,0.045018,0.036304,-0.010528,0.149419,-0.826374,0.542935,0.897022,-0.117707,-0.426022,0.415961,0.550681,0.723689,-0.005598,-0.005521,0.004787,-0.603792,1.863509,-0.11537,-0.827191,0.087761,0.034435,-0.058122,-0.108107,0.163936,-0.980528,-0.428394,-0.897718,-0.102859,-0.897101,0.408933,0.167278,-0.014393,-0.018892,0.019164,0.272407,-0.493952,2.663014,0.235446
532,0.099887,0.02301,0.371135,-0.092823,0.143008,-0.985382,-0.485748,-0.870358,-0.080611,-0.869055,0.470982,0.151482,-0.028882,-0.037849,0.038298,-0.151226,0.671579,0.214404,0.311926,-0.089982,0.036315,0.348825,-0.011706,0.737064,0.675715,-0.943913,0.214882,-0.250574,-0.329845,-0.641666,0.692336,-0.024228,-0.01195,0.010384,3.234375,0.080195,3.529155,-1.404207,0.044823,0.036158,-0.01041,0.150463,-0.810102,0.566652,0.89703,-0.129065,-0.422703,0.415567,0.571906,0.707266,-0.011022,-0.011623,0.00915,-0.635511,1.720058,-0.165827,-0.828171,0.087519,0.034082,-0.057774,-0.113098,0.179406,-0.977251,-0.43132,-0.894919,-0.114375,-0.895081,0.408573,0.178595,-0.014464,-0.018947,0.019148,-0.148128,0.820201,0.348068,0.233976
533,0.098972,0.021284,0.372882,-0.10299,0.182959,-0.977735,-0.492425,-0.863392,-0.109747,-0.864126,0.469926,0.180231,-0.016383,-0.048082,0.04747,-0.188149,0.808783,0.496539,0.311645,-0.090592,0.036107,0.349265,-0.016893,0.707206,0.706799,-0.941247,0.227237,-0.249702,-0.337153,-0.670369,0.660905,-0.014956,0.006219,0.005981,-0.281703,1.020525,-0.292475,-1.404374,0.044514,0.036047,-0.010188,0.155836,-0.784088,0.600766,0.893942,-0.146787,-0.423463,0.420217,0.603041,0.678055,-0.001284,0.004782,0.00348,-0.33461,1.149595,-0.159713,-0.831437,0.087056,0.033219,-0.056906,-0.12566,0.218046,-0.967814,-0.438722,-0.887185,-0.142918,-0.889793,0.406643,0.207145,-0.01493,-0.027881,0.02915,-0.233348,1.078826,0.599165,0.23267
534,0.098179,0.019194,0.37506,-0.114071,0.225732,-0.967511,-0.500921,-0.854037,-0.140253,-0.857815,0.468363,0.211699,-0.016485,-0.055688,0.058509,0.471694,-0.36005,3.094392,0.312361,-0.090868,0.036496,0.349626,-0.023697,0.683704,0.729369,-0.940549,0.232038,-0.247911,-0.338681,-0.69273,0.636619,-0.003483,0.013155,0.009499,-0.200194,0.712891,0.018247,-1.404315,0.044372,0.03624,-0.010007,0.165888,-0.763108,0.624616,0.893674,-0.151455,-0.422383,0.416925,0.628272,0.656846,-0.001896,0.007121,0.005147,-0.25509,0.934329,-0.032806,-0.836009,0.086659,0.032175,-0.055822,-0.141322,0.257212,-0.955965,-0.448357,-0.877571,-0.169838,-0.882611,0.404612,0.239343,-0.008108,-0.027259,0.029654,-0.229574,1.028082,0.605624,0.232833
