frame,MLTx,MLTy,MLTz,MLTR1,MLTR2,MLTR3,MLTR4,MLTR5,MLTR6,MLTR7,MLTR8,MLTR9,MLTTVx,MLTTVy,MLTTVz,MLTRVx,MLTRVy,MLTRVz,MLGA,MRTx,MRTy,MRTz,MRTR1,MRTR2,MRTR3,MRTR4,MRTR5,MRTR6,MRTR7,MRTR8,MRTR9,MRTTVx,MRTTVy,MRTTVz,MRTRVx,MRTRVy,MRTRVz,MRGA,SLTx,SLTy,SLTz,SLTR1,SLTR2,SLTR3,SLTR4,SLTR5,SLTR6,SLTR7,SLTR8,SLTR9,SLTTVx,SLTTVy,SLTTVz,SLTRVx,SLTRVy,SLTRVz,SLGA,SRTx,SRTy,SRTz,SRTR1,SRTR2,SRTR3,SRTR4,SRTR5,SRTR6,SRTR7,SRTR8,SRTR9,SRTTVx,SRTTVy,SRTTVz,SRTRVx,SRTRVy,SRTRVz,SRGA
57,0.172271,-0.002577,0.38334,-0.611524,0.405546,-0.679423,-0.683577,-0.703205,0.195443,-0.397758,0.583449,0.708098,-0.013318,-0.00106,-0.000294,-0.000984,0.014715,-0.029553,0.515452,-0.195576,-0.03537,0.338321,-0.029316,-0.835914,0.54807,0.996673,0.016914,0.079318,-0.075551,0.549612,0.831914,-0.015874,0.022009,-0.016001,0.572795,-0.767208,-0.417229,-0.262876,0.029734,0.026783,-0.012435,0.017773,0.891818,0.452043,-0.991342,0.074544,-0.108087,-0.130091,-0.446208,0.885422,-0.007934,0.010973,-0.008028,0.559921,-0.738798,-0.407024,-0.278372,0.08744,0.036974,-0.033366,0.698345,-0.295275,-0.652016,0.557805,0.795337,0.23726,0.448516,-0.529388,0.720125,-4.7e-05,-0.000923,-0.000601,-0.000858,0.012108,-0.026146,0.523817
58,0.172239,-0.002606,0.38331,-0.610715,0.40595,-0.67991,-0.684123,-0.702861,0.194768,-0.398063,0.583582,0.707817,-0.000108,-0.002204,-0.001445,0.0,0.0,0.0,0.514263,-0.195878,-0.03484,0.337789,-0.028038,-0.844196,0.535292,0.996867,0.015648,0.077107,-0.07345,0.536829,0.840407,-0.017432,0.038165,-0.038758,0.398319,-0.520328,-0.204767,-0.460545,0.029584,0.027056,-0.012694,0.018959,0.899387,0.43674,-0.99088,0.075186,-0.111819,-0.133406,-0.430637,0.89261,-0.008726,0.018861,-0.019589,0.407193,-0.518935,-0.209321,-0.422557,0.087419,0.036959,-0.033381,0.697649,-0.295776,-0.652534,0.558414,0.795098,0.236625,0.448841,-0.529466,0.719865,-5.9e-05,-0.001208,-0.000787,3.3e-05,-1e-06,-7e-06,0.523817
59,0.172237,-0.002825,0.38313,-0.608276,0.407156,-0.681373,-0.685761,-0.701823,0.192739,-0.398979,0.583988,0.706966,-0.00046,-0.009406,-0.006178,0.005241,-0.071505,0.154221,0.494625,-0.196709,-0.033036,0.33596,-0.060317,-0.859893,0.50689,0.995852,-0.017582,0.088902,-0.067474,0.511223,0.856716,-0.033675,0.071657,-0.062715,-0.242336,-0.703675,0.597518,-0.809351,0.029167,0.027947,-0.013619,0.056934,0.908803,0.413322,-0.988562,0.109224,-0.103987,-0.139649,-0.402674,0.904627,-0.016816,0.035835,-0.031332,-0.328228,-0.693881,0.641098,-0.717297,0.087419,0.036861,-0.033464,0.695586,-0.297249,-0.654066,0.560207,0.794393,0.234747,0.449808,-0.5297,0.71909,0.006282,-3.6e-05,-0.008247,0.035883,-0.013095,0.023004,0.51157
60,0.172287,-0.003346,0.382676,-0.606654,0.407945,-0.682347,-0.686767,-0.701244,0.191264,-0.399718,0.584134,0.706429,-0.00108,-0.007501,-0.021041,0.033971,0.013755,-0.032678,0.4732,-0.198083,-0.030015,0.333616,-0.100333,-0.873385,0.476575,0.99035,-0.041965,0.131832,-0.095028,0.486294,0.868534,-0.033595,0.086723,-0.067052,-1.71555,-1.782389,2.113553,-1.047749,0.028492,0.029423,-0.014767,0.100571,0.91494,0.390857,-0.988364,0.13693,-0.066218,-0.114105,-0.37965,0.918065,-0.016749,0.043548,-0.033317,-0.17839,0.008745,1.025732,-0.826701,0.087443,0.036599,-0.033691,0.694064,-0.29832,-0.655194,0.561438,0.793969,0.233239,0.450624,-0.529734,0.718553,-0.000553,-0.004128,-0.010767,0.034007,0.013767,-0.03268,0.480055
61,0.172259,-0.003682,0.382406,-0.60665,0.407944,-0.682351,-0.686727,-0.701304,0.191187,-0.399793,0.584062,0.706445,-0.00095,-0.019393,-0.012852,-0.001775,0.024252,-0.052259,0.468999,-0.198778,-0.028195,0.33215,-0.126212,-0.87893,0.459938,0.985834,-0.059804,0.156488,-0.10989,0.474273,0.873415,-0.034173,0.095514,-0.07762,-0.450371,-0.574267,1.428099,-1.157757,0.028145,0.030335,-0.015492,0.130708,0.916244,0.378696,-0.986647,0.157654,-0.040894,-0.097172,-0.368294,0.924616,-0.017076,0.047479,-0.039045,-1.70113,-1.634128,2.16679,-0.796819,0.08743,0.036436,-0.033823,0.694029,-0.298341,-0.655221,0.561419,0.794013,0.233134,0.4507,-0.529656,0.718563,-0.007132,-0.009868,-0.006337,0.003382,-0.044729,0.098507,0.468135
62,0.17208,-0.004424,0.381856,-0.609675,0.404039,-0.681978,-0.682086,-0.705707,0.191596,-0.403113,0.581473,0.706694,-0.001003,-0.020213,-0.013493,-0.001774,0.024258,-0.052257,0.463092,-0.199972,-0.024253,0.328913,-0.153185,-0.880472,0.448659,0.977095,-0.067346,0.201701,-0.147196,0.470381,0.870022,-0.033744,0.097291,-0.075647,-2.739877,-0.909692,-3.404277,-1.399713,0.027547,0.032301,-0.017115,0.16438,0.912971,0.373446,-0.984456,0.17558,0.004084,-0.061841,-0.368312,0.927642,-0.009775,0.053892,-0.042715,-0.463622,0.504243,1.307864,-0.849562,0.08734,0.036059,-0.034102,0.69641,-0.294014,-0.654651,0.556126,0.797664,0.233357,0.453582,-0.526581,0.719009,-0.007168,-0.010178,-0.006592,0.002979,-0.045034,0.09853,0.455562
63,0.171674,-0.005177,0.3814,-0.612658,0.40014,-0.681603,-0.67752,-0.709947,0.192131,-0.406267,0.57901,0.70691,-0.01429,-0.01801,-0.011708,0.003371,-0.044725,0.098511,0.450187,-0.201289,-0.020054,0.326142,-0.157057,-0.882342,0.443618,0.967835,-0.048336,0.246767,-0.196102,0.469209,0.860959,-0.04676,0.109413,-0.062528,-2.782112,-1.056304,-3.487134,-1.405585,0.026893,0.034384,-0.018518,0.169485,0.913767,0.369192,-0.985457,0.16176,0.052032,-0.012176,-0.372642,0.927894,-0.023279,0.055327,-0.030634,-0.534528,0.534639,1.363284,-0.866381,0.087141,0.035676,-0.034335,0.698831,-0.289638,-0.65402,0.550856,0.801186,0.233787,0.456279,-0.52365,0.719443,-0.007129,-0.008838,-0.005736,-0.003215,0.038778,-0.081672,0.439886
64,0.171112,-0.005771,0.381028,-0.61628,0.395884,-0.680823,-0.672446,-0.714475,0.193167,-0.409199,0.576366,0.707379,-0.014093,-0.01321,-0.008534,-0.002764,0.038968,-0.081811,0.440116,-0.203472,-0.016056,0.324419,-0.138747,-0.888308,0.437778,0.960692,-0.013589,0.277165,-0.240093,0.460137,0.854689,-0.058623,0.09828,-0.034197,-2.526051,-1.502971,-3.87799,-1.406406,0.025805,0.036386,-0.019392,0.154217,0.920126,0.359977,-0.987473,0.131233,0.087602,0.033364,-0.368977,0.928838,-0.036514,0.049282,-0.016495,-0.131846,0.000685,0.967388,-0.852175,0.08686,0.035372,-0.034525,0.701617,-0.284964,-0.65309,0.545193,0.804834,0.234529,0.458798,-0.520611,0.720047,-0.007001,-0.00585,-0.003749,-0.002179,0.026906,-0.055412,0.421924
65,0.170811,-0.005969,0.380915,-0.616846,0.395609,-0.68047,-0.672067,-0.714703,0.19364,-0.408967,0.576273,0.707589,-0.013895,-0.009133,-0.005792,-0.001875,0.02684,-0.055682,0.439662,-0.204675,-0.014358,0.323973,-0.138205,-0.892057,0.430262,0.955268,-0.005562,0.295578,-0.261113,0.452981,0.852345,-0.071595,0.079017,-0.014077,-0.468711,0.430916,0.793632,-1.406842,0.025183,0.037275,-0.019624,0.149973,0.924859,0.34949,-0.987068,0.119823,0.106481,0.056603,-0.36094,0.930869,-0.035739,0.039842,-0.006672,-0.372412,0.377304,0.762278,-0.853971,0.086709,0.035268,-0.034585,0.70213,-0.284606,-0.652695,0.544755,0.804994,0.234998,0.458534,-0.520559,0.720252,-0.006925,-0.004233,-0.002662,-0.002113,0.026927,-0.055461,0.416535
66,0.170199,-0.006235,0.380875,-0.617683,0.39522,-0.679938,-0.671606,-0.714907,0.19449,-0.408464,0.576288,0.707868,-0.026992,-0.002896,-0.001187,-0.00286,0.041548,-0.085239,0.448795,-0.207249,-0.011511,0.323596,-0.140935,-0.900823,0.410667,0.943686,0.003004,0.330728,-0.298991,0.435279,0.849117,-0.070555,0.067816,-0.006245,-0.750954,-0.285699,1.097637,-1.407264,0.023897,0.038709,-0.019802,0.157302,0.930557,0.330633,-0.98283,0.11482,0.144433,0.09644,-0.347676,0.932641,-0.035258,0.034007,-0.002975,-0.848906,-0.285359,1.139088,-0.850378,0.086398,0.035132,-0.034607,0.702899,-0.284089,-0.652093,0.544208,0.805114,0.235855,0.458006,-0.520656,0.720518,-0.013476,-0.001087,-0.000341,-0.003018,0.041593,-0.085081,0.416535
67,0.169697,-0.006434,0.381024,-0.617761,0.39523,-0.67986,-0.671805,-0.714596,0.194941,-0.408017,0.576666,0.707817,-0.013268,-0.010767,0.009356,-0.036727,0.02538,-0.049049,0.462361,-0.209772,-0.009299,0.323532,-0.171902,-0.897699,0.405683,0.929811,-0.011986,0.367753,-0.325058,0.441548,0.836203,-0.055729,0.053537,-0.002141,-0.5395,0.33339,0.772877,-1.407662,0.022637,0.03982,-0.019829,0.188482,0.924162,0.332263,-0.974197,0.133175,0.182217,0.124149,-0.358035,0.925417,-0.027875,0.026678,-0.001116,-0.546349,0.346074,0.777882,-0.839928,0.086152,0.035041,-0.034533,0.702943,-0.284114,-0.652035,0.544451,0.804829,0.236268,0.45765,-0.521084,0.720435,-0.006725,-0.000251,3.1e-05,-0.001077,0.014763,-0.02945,0.431231
68,0.169526,-0.006558,0.381115,-0.617276,0.395505,-0.68014,-0.672304,-0.714167,0.194795,-0.40793,0.577008,0.707589,0.000142,-0.010906,0.008877,-0.035743,0.010671,-0.019492,0.464607,-0.21075,-0.008371,0.323529,-0.191698,-0.893894,0.405213,0.921626,-0.022178,0.387361,-0.337036,0.448829,0.82754,-0.041223,0.040129,0.003016,-0.828039,0.547503,1.09793,-1.406917,0.022163,0.040271,-0.01983,0.205865,0.919502,0.334864,-0.969196,0.144308,0.199581,0.135192,-0.365636,0.920886,-0.027762,0.0201,0.001949,-0.541599,0.398717,0.710703,-0.835192,0.086062,0.034981,-0.034486,0.702536,-0.284445,-0.652328,0.545003,0.804488,0.236157,0.457617,-0.52143,0.720205,-0.006725,-0.000186,7.3e-05,0.005114,-0.068728,0.150959,0.437763
69,0.169315,-0.006899,0.381318,-0.614374,0.396454,-0.682213,-0.673907,-0.713337,0.192275,-0.409662,0.577381,0.706282,-0.013366,-0.012188,0.008393,-0.036728,0.025383,-0.049047,0.463498,-0.212371,-0.006658,0.323264,-0.226418,-0.886436,0.403682,0.906428,-0.04022,0.420363,-0.356106,0.462195,0.812051,-0.042105,0.04493,-0.011338,-0.602105,0.437249,0.778026,-1.407128,0.021338,0.041147,-0.019957,0.240938,0.90844,0.34159,-0.957873,0.1659,0.234424,0.15629,-0.383682,0.910142,-0.021087,0.022184,-0.005911,-0.669968,0.487631,0.795391,-0.842214,0.085962,0.034815,-0.034382,0.699882,-0.285806,-0.654582,0.546857,0.803954,0.233676,0.459468,-0.521509,0.718968,-9e-05,-0.001482,-0.001,0.00471,-0.081689,0.178736,0.442172
70,0.169191,-0.007398,0.381532,-0.604345,0.399267,-0.68949,-0.678013,-0.712194,0.181794,-0.417721,0.576851,0.701982,-0.000132,-0.015513,0.00575,1.395857,-1.595956,1.934036,0.456485,-0.213389,-0.005064,0.322753,-0.259892,-0.878145,0.401633,0.889862,-0.056464,0.452649,-0.374489,0.476136,0.79556,-0.028224,0.041021,-0.015807,-0.566321,0.368871,0.775343,-1.406625,0.020839,0.041927,-0.020207,0.272858,0.897355,0.346845,-0.945873,0.184383,0.267069,0.175704,-0.400944,0.899094,-0.006965,0.014155,-0.004914,-0.827538,0.5676,0.861676,-0.852175,0.085895,0.03457,-0.034271,0.692678,-0.289216,-0.660719,0.550881,0.803447,0.225835,0.465538,-0.520409,0.715854,-0.006766,-0.007339,0.003354,-0.040339,0.029313,-0.053567,0.436293
71,0.16909,-0.008044,0.381682,-0.590917,0.403774,-0.698448,-0.684186,-0.709534,0.168592,-0.426771,0.576987,0.696405,-0.000335,-0.018925,0.003419,-0.024205,-0.143109,0.315751,0.452488,-0.213614,-0.003839,0.321932,-0.293387,-0.864155,0.408842,0.872216,-0.067066,0.484433,-0.390837,0.499804,0.772855,0.012979,0.030119,-0.028277,-0.604894,0.473986,0.670424,-1.406332,0.020717,0.042561,-0.020618,0.303601,0.881327,0.362061,-0.932892,0.19769,0.301047,0.193745,-0.429163,0.882202,0.006439,0.014601,-0.014569,-0.612811,0.471972,0.677162,-0.85642,0.085845,0.034251,-0.034194,0.678803,-0.296171,-0.671944,0.55855,0.802281,0.210632,0.476705,-0.518292,0.710017,-0.006895,-0.009373,0.001964,-0.036513,-0.039948,0.099028,0.428782
72,0.16902,-0.008382,0.381686,-0.582552,0.406822,-0.703686,-0.688148,-0.707564,0.16055,-0.431869,0.57726,0.693027,-0.000437,-0.02061,0.002259,-0.023178,-0.144023,0.317107,0.449219,-0.213489,-0.003226,0.321242,-0.306767,-0.855931,0.416255,0.865949,-0.069672,0.495189,-0.394461,0.513432,0.762005,0.011949,0.035726,-0.041671,-0.404547,0.326857,0.559608,-1.406194,0.020775,0.042858,-0.020943,0.314513,0.872929,0.372929,-0.928404,0.200987,0.31252,0.197854,-0.444521,0.873644,0.005913,0.017295,-0.021371,-0.476007,0.332081,0.757267,-0.856094,0.08581,0.034082,-0.034192,0.67126,-0.300363,-0.677636,0.563151,0.801089,0.202769,0.481943,-0.517722,0.70689,-0.000329,-0.005527,-0.003773,0.009498,-0.151221,0.33269,0.426496
73,0.168892,-0.009048,0.381269,-0.569478,0.412715,-0.71092,-0.695575,-0.702787,0.149118,-0.437381,0.578901,0.688185,-0.001187,-0.019944,-0.013707,0.010626,-0.141526,0.309121,0.411349,-0.213396,-0.001829,0.319272,-0.342774,-0.844466,0.411551,0.850417,-0.092993,0.517762,-0.39853,0.528519,0.749469,-0.003861,0.037052,-0.058463,-0.245392,0.11903,0.600798,-1.406678,0.020828,0.043559,-0.02192,0.349327,0.858254,0.375992,-0.914963,0.225928,0.334363,0.202021,-0.460821,0.864193,0.005137,0.018121,-0.029962,-0.386796,0.29313,0.541586,-0.860992,0.085747,0.033757,-0.034389,0.659648,-0.308032,-0.68555,0.571767,0.797694,0.191745,0.487796,-0.51846,0.70232,-0.000708,-0.005407,-0.011899,0.04457,-0.150079,0.326254,0.40037
74,0.168796,-0.009988,0.380399,-0.557887,0.418292,-0.716826,-0.70242,-0.697976,0.13931,-0.441367,0.580709,0.684104,-0.001816,-0.03028,-0.021021,0.00972,-0.129669,0.282869,0.359682,-0.21314,-0.000923,0.31653,-0.410529,-0.817627,0.403663,0.834682,-0.158935,0.527239,-0.366412,0.554398,0.747161,0.007689,0.017693,-0.078093,0.732279,1.022065,1.659982,-1.406845,0.020949,0.044023,-0.023243,0.409582,0.828047,0.382856,-0.895876,0.285876,0.340117,0.172184,-0.482298,0.858918,0.003856,0.002116,-0.03612,0.754988,1.326224,1.952764,-0.864911,0.085699,0.033293,-0.034819,0.649353,-0.315203,-0.692088,0.57974,0.794156,0.182254,0.492179,-0.519579,0.698424,-0.000934,-0.015784,-0.010952,0.009849,-0.129627,0.282885,0.327379
75,0.168623,-0.010519,0.379824,-0.553083,0.418184,-0.720602,-0.704783,-0.696063,0.136925,-0.443643,0.583076,0.68061,-0.01571,-0.022394,-0.031755,-0.121047,-0.486413,0.113116,0.350557,-0.213038,-0.000822,0.315053,-0.500008,-0.7605,0.414272,0.811027,-0.243707,0.531766,-0.302819,0.602822,0.738085,-0.00714,9.7e-05,-0.075904,2.092612,4.207219,5.182498,-1.407355,0.021005,0.044086,-0.024043,0.491912,0.764529,0.416552,-0.864537,0.372361,0.337522,0.102938,-0.526156,0.844133,-0.003729,-0.000586,-0.038801,2.081831,4.187603,5.203861,-0.867361,0.085617,0.033021,-0.035106,0.645153,-0.317214,-0.695091,0.582613,0.792803,0.178951,0.494305,-0.52042,0.696293,-0.001023,-0.017174,-0.011991,-0.305867,-0.748416,-0.002701,0.301905
76,0.168054,-0.011521,0.378314,-0.540792,0.415627,-0.73133,-0.708586,-0.693576,0.129731,-0.452647,0.587848,0.670502,-0.016629,-0.022492,-0.048732,0.030805,-0.638977,0.230681,0.312181,-0.213295,-0.001153,0.312204,-0.652641,-0.619208,0.436615,0.738214,-0.390405,0.550053,-0.169322,0.682072,0.711317,-0.006829,-0.023314,-0.061667,2.096688,3.788194,4.738311,-1.407728,0.020878,0.04392,-0.025439,0.620406,0.618626,0.482076,-0.783846,0.509549,0.354887,-0.026099,-0.598047,0.801035,-0.003434,-0.011153,-0.03043,1.765703,3.877746,5.12373,-0.877485,0.085339,0.032538,-0.035836,0.633768,-0.315883,-0.706083,0.586936,0.790938,0.172979,0.503827,-0.524055,0.686675,-0.008317,-0.011705,-0.024672,1.160718,-2.312407,1.776874,0.258797
77,0.167252,-0.01272,0.376403,-0.515076,0.413925,-0.750605,-0.71474,-0.690748,0.109477,-0.472531,0.592359,0.652574,-0.017378,-0.031551,-0.055786,1.41474,-1.747409,2.006901,0.277015,-0.213323,-0.002847,0.310152,-0.750779,-0.505146,0.425617,0.655903,-0.494841,0.569964,-0.076361,0.707706,0.702271,0.007146,-0.051866,-0.053488,0.916108,1.145302,1.785521,-1.407924,0.020857,0.043075,-0.02649,0.710547,0.491523,0.503514,-0.693003,0.612833,0.379712,-0.121933,-0.618741,0.776074,0.003394,-0.026399,-0.02727,3.205292,4.035903,5.36187,-0.890058,0.084932,0.031929,-0.036803,0.609747,-0.315733,-0.726994,0.594183,0.789128,0.155637,0.524552,-0.526867,0.668771,-0.015409,-0.020775,-0.022939,-0.024233,-0.3573,0.288611,0.195603
78,0.165881,-0.01399,0.374014,-0.479045,0.410815,-0.775753,-0.723243,-0.685503,0.08353,-0.496877,0.600559,0.626474,-0.045579,-0.037498,-0.060226,0.037223,-0.49379,0.468604,0.300372,-0.212904,-0.005026,0.30817,-0.856082,-0.309498,0.413914,0.507578,-0.653558,0.561392,0.097839,0.691073,0.716037,0.008082,-0.059041,-0.042387,3.585781,4.10391,5.648108,-1.408205,0.021064,0.041973,-0.0275,0.792012,0.2994,0.532047,-0.539547,0.751054,0.380533,-0.285665,-0.588452,0.756385,0.01106,-0.030296,-0.022314,3.720639,4.233397,5.558545,-0.900019,0.08424,0.031279,-0.038021,0.572668,-0.318229,-0.7555,0.60509,0.785858,0.127642,0.553097,-0.530242,0.642592,-0.022779,-0.019217,-0.030433,0.066084,-0.415401,0.486156,0.189888
79,0.164914,-0.014634,0.372699,-0.459195,0.407668,-0.789299,-0.728215,-0.681582,0.071558,-0.508236,0.607129,0.610834,-0.05994,-0.029363,-0.071245,-0.000542,-0.635353,0.509301,0.309293,-0.212537,-0.006117,0.307318,-0.883412,-0.177707,0.433583,0.41278,-0.732726,0.54098,0.222666,0.6571,0.720071,0.022857,-0.057577,-0.042013,4.422175,5.936758,3.590294,-1.407845,0.021241,0.041425,-0.027927,0.805219,0.167371,0.568865,-0.433417,0.820837,0.371988,-0.404686,-0.546087,0.733496,0.004269,-0.02806,-0.01982,4.173184,3.829277,5.406707,-0.906877,0.083779,0.030966,-0.038653,0.553786,-0.317901,-0.769584,0.610969,0.783084,0.11617,0.565718,-0.534525,0.627888,-0.022974,-0.02009,-0.031316,-0.052344,-0.676083,0.517962,0.204094
80,0.162696,-0.016088,0.369818,-0.418749,0.396811,-0.816844,-0.739023,-0.671607,0.052533,-0.52724,0.625169,0.575507,-0.061356,-0.038204,-0.079144,-0.031779,-0.863444,0.620762,0.311197,-0.212353,-0.008297,0.306112,-0.88768,0.006041,0.460411,0.258932,-0.82009,0.510235,0.381769,0.57213,0.725798,-0.004749,-0.047545,-0.030712,3.14776,3.219347,4.035396,-1.407737,0.021344,0.040324,-0.028541,0.786347,-0.013249,0.617642,-0.267186,0.894137,0.359346,-0.557018,-0.447596,0.699562,-0.002089,-0.028785,-0.010727,1.45928,1.677295,0.758698,-0.896426,0.08267,0.030247,-0.040088,0.513704,-0.312629,-0.79898,0.624025,0.77525,0.097873,0.588812,-0.548862,0.593338,-0.030701,-0.020188,-0.040347,-0.052878,-0.907958,0.563581,0.216178
81,0.160068,-0.017938,0.366572,-0.379831,0.374243,-0.846,-0.748985,-0.661119,0.043754,-0.542468,0.649792,0.532471,-0.076987,-0.046117,-0.08667,-0.172115,-1.325793,0.301439,0.338858,-0.212517,-0.009994,0.305059,-0.862652,0.20751,0.461262,0.058871,-0.864428,0.499233,0.503399,0.457558,0.732867,-0.003751,-0.040072,-0.023153,2.666172,2.870381,4.071057,-1.407382,0.021258,0.039487,-0.029063,0.742597,-0.211427,0.635489,-0.063771,0.92223,0.381345,-0.666694,-0.323712,0.671363,-0.001957,-0.014248,-0.015404,1.049055,1.16006,1.562227,-0.892017,0.081391,0.029346,-0.041679,0.47451,-0.297803,-0.828343,0.635792,0.766764,0.088544,0.608776,-0.568669,0.553178,-0.031421,-0.023251,-0.043545,-0.096183,-1.001209,0.268937,0.238875
82,0.158683,-0.018889,0.364988,-0.362602,0.361389,-0.859048,-0.752673,-0.657082,0.041214,-0.549127,0.661075,0.511338,-0.077691,-0.047508,-0.088708,-0.209623,-1.509998,0.212044,0.347605,-0.212477,-0.010597,0.304673,-0.849629,0.271146,0.452329,-0.010628,-0.866196,0.499526,0.528309,0.419264,0.738221,0.011762,-0.033995,-0.017391,2.831372,3.0809,4.186166,-1.406985,0.021276,0.039162,-0.029273,0.725086,-0.275136,0.631307,0.00472,0.918685,0.39496,-0.688641,-0.283401,0.667425,-0.001413,-0.010323,-0.011227,0.963522,0.851134,1.243145,-0.892018,0.080641,0.028829,-0.042535,0.454854,-0.287173,-0.842993,0.640553,0.763121,0.08566,0.618707,-0.578945,0.531058,-0.038812,-0.02416,-0.044628,-0.178652,-1.427701,0.247046,0.254878
83,0.155635,-0.020722,0.361508,-0.342837,0.328486,-0.880117,-0.757992,-0.65012,0.05256,-0.554498,0.684731,0.472972,-0.078792,-0.046052,-0.089572,-1.293218,-0.181283,-2.2043,0.379457,-0.212148,-0.011488,0.304429,-0.792148,0.399679,0.46125,-0.143351,-0.856326,0.496076,0.594238,0.326343,0.735013,0.013918,-0.018888,-0.001034,3.168584,4.872754,2.435534,-1.406623,0.021445,0.038699,-0.029407,0.652488,-0.401051,0.642975,0.138614,0.897326,0.419035,-0.745013,-0.18429,0.641086,0.007165,-0.008817,5.9e-05,3.172828,4.868114,2.444543,-0.891038,0.079145,0.02792,-0.044249,0.42983,-0.258916,-0.864989,0.646466,0.757049,0.094636,0.630338,-0.599864,0.492783,-0.046382,-0.017558,-0.048943,-0.085035,-1.086807,0.111632,0.288352
84,0.152383,-0.02203,0.357721,-0.367012,0.286404,-0.885054,-0.755275,-0.647127,0.103725,-0.542586,0.706168,0.454921,-0.093637,-0.029674,-0.095518,-0.412567,-0.194782,-1.184291,0.433326,-0.211216,-0.012145,0.304486,-0.721667,0.493163,0.485776,-0.247536,-0.839088,0.484346,0.647369,0.228673,0.72697,0.029291,-0.014351,0.00319,3.491431,3.65551,5.093643,-1.40476,0.021902,0.038385,-0.02937,0.572307,-0.480615,0.664434,0.236313,0.872535,0.427596,-0.785251,-0.087702,0.612934,0.014848,-0.012659,0.005738,2.764977,3.053836,3.851871,-0.892507,0.077524,0.027252,-0.046147,0.447948,-0.21035,-0.868962,0.641626,0.752484,0.148602,0.622622,-0.624114,0.47204,-0.046645,-0.009155,-0.051844,-1.303531,0.820911,-3.080939,0.346973
85,0.148761,-0.022585,0.353817,-0.394572,0.229417,-0.88979,-0.74216,-0.650494,0.161328,-0.541309,0.723735,0.428041,-0.093523,0.000882,-0.107144,-0.244512,-1.018273,-1.505847,0.496565,-0.209656,-0.013352,0.30519,-0.643166,0.573503,0.507369,-0.352938,-0.809949,0.468349,0.680342,0.121441,0.722669,0.060176,-0.045108,0.028955,3.03186,2.727068,3.472466,-1.404191,0.022671,0.037797,-0.029023,0.481879,-0.55342,0.679351,0.340746,0.832634,0.436591,-0.807269,0.021102,0.589804,0.022646,-0.016152,0.011675,0.670689,0.016761,-0.206855,-0.892344,0.075677,0.026956,-0.048141,0.467928,-0.151507,-0.870682,0.625393,0.752872,0.205096,0.624439,-0.64049,0.447041,-0.046639,0.000727,-0.053265,-0.22637,-0.976887,-1.48923,0.440376
86,0.147094,-0.02265,0.351745,-0.401382,0.198869,-0.894086,-0.73467,-0.652819,0.184551,-0.546483,0.730684,0.409249,-0.07941,-0.007711,-0.097365,-0.235789,-1.311858,-1.15995,0.507652,-0.208609,-0.014008,0.305745,-0.626501,0.587763,0.511881,-0.377575,-0.803313,0.460499,0.682643,0.094496,0.724522,0.060714,-0.027645,0.027677,0.433849,-0.147676,-0.385886,-1.404403,0.023177,0.037472,-0.028765,0.459309,-0.569244,0.681906,0.369598,0.820537,0.436022,-0.807732,0.051762,0.587272,0.022959,-0.013954,0.014047,0.855803,0.863504,0.875231,-0.896753,0.074903,0.026927,-0.0491,0.47013,-0.122503,-0.874054,0.617193,0.753548,0.226358,0.630912,-0.645878,0.429873,-0.03956,-0.003505,-0.048291,-0.26418,-1.329247,-1.153023,0.473197
87,0.144528,-0.022798,0.347905,-0.38373,0.150564,-0.911113,-0.738849,-0.641896,0.205045,-0.553497,0.751669,0.358696,-0.0653,-0.005225,-0.096607,-5.313733,-0.368827,0.980628,0.500487,-0.206772,-0.014698,0.307103,-0.598969,0.62374,0.502171,-0.420994,-0.778634,0.465216,0.681926,0.066461,0.728301,0.03275,-0.015642,0.042127,0.079747,0.78622,-0.778432,-1.40474,0.024123,0.037105,-0.02808,0.432152,-0.603458,0.670135,0.410022,0.79334,0.449992,-0.803197,0.080305,0.590275,0.023484,-0.002278,0.016546,0.550315,2.241984,-1.977639,-0.903121,0.073586,0.026856,-0.051057,0.446651,-0.073871,-0.891653,0.617272,0.746861,0.247331,0.64767,-0.660863,0.379185,-0.025372,-0.003092,-0.048704,-0.2139,-1.253648,-0.839748,0.490832
88,0.142281,-0.022882,0.344447,-0.357609,0.121254,-0.925991,-0.768986,-0.600836,0.218242,-0.529468,0.789967,0.309262,-0.049704,-0.003633,-0.077762,-5.334303,-0.017967,1.13328,0.49503,-0.204972,-0.015339,0.308799,-0.551639,0.639884,0.53501,-0.445578,-0.768221,0.459598,0.705779,0.014346,0.70819,0.032923,-0.013603,0.044129,0.411791,1.160284,1.295776,-1.404626,0.025024,0.036794,-0.027221,0.379479,-0.609538,0.69603,0.432717,0.781879,0.448799,-0.817772,0.130874,0.560464,0.01667,-0.012435,0.026006,2.267502,3.239129,3.907446,-0.901488,0.072473,0.026799,-0.05277,0.417088,-0.048709,-0.907559,0.652759,0.710878,0.261836,0.63241,-0.701626,0.328294,-0.031984,-0.001215,-0.038274,-0.32504,-1.061622,-0.547089,0.48626
89,0.141339,-0.022823,0.343019,-0.350955,0.108736,-0.930082,-0.774895,-0.591344,0.223207,-0.525299,0.798916,0.292954,-0.034578,0.001076,-0.073783,-0.016886,-0.597954,-0.221782,0.495141,-0.204489,-0.015861,0.309845,-0.515419,0.65714,0.550002,-0.467023,-0.753443,0.462761,0.719132,-0.019165,0.694511,0.019011,-0.035998,0.061046,2.500491,3.537455,4.234923,-1.404419,0.025279,0.036533,-0.026678,0.340201,-0.62161,0.705595,0.4518,0.766119,0.457096,-0.824705,0.163284,0.541478,0.009528,-0.017909,0.030535,2.537095,3.487236,4.22808,-0.908183,0.071978,0.026828,-0.05352,0.407393,-0.035443,-0.912564,0.663807,0.697759,0.269241,0.627208,-0.715454,0.307789,-0.024288,0.006915,-0.040303,0.039181,-0.578741,-0.233018,0.482995
90,0.139944,-0.022493,0.340388,-0.339955,0.080236,-0.937037,-0.786229,-0.570946,0.236297,-0.515622,0.816956,0.258348,-0.032846,0.013871,-0.062327,-0.123362,-0.986735,-0.396819,0.497837,-0.203781,-0.017109,0.31221,-0.458928,0.675782,0.576797,-0.494664,-0.733525,0.466027,0.738594,-0.072288,0.670161,0.019259,-0.033728,0.063335,-0.167122,0.994508,-0.135743,-1.404559,0.025618,0.035934,-0.025543,0.277874,-0.633755,0.7219,0.476539,0.743451,0.469244,-0.834083,0.213623,0.508595,0.009723,-0.016155,0.03206,3.058898,5.312154,1.686143,-0.911776,0.071286,0.026981,-0.054818,0.393588,-0.012356,-0.919204,0.677519,0.679724,0.280965,0.621334,-0.733363,0.275903,-0.009065,0.006834,-0.031217,-0.046146,-0.605142,-0.155452,0.484301
91,0.139581,-0.021685,0.338449,-0.330978,0.065446,-0.94139,-0.797809,-0.552162,0.242054,-0.503554,0.831082,0.236141,-0.001081,0.030105,-0.047048,0.04194,-0.399002,-0.143645,0.497371,-0.203001,-0.018473,0.314413,-0.417563,0.67492,0.60837,-0.513601,-0.727537,0.454794,0.750076,-0.123392,0.649634,0.003212,-0.03091,0.047121,-0.272097,0.628575,-0.636327,-1.405165,0.026024,0.035255,-0.024395,0.229764,-0.625587,0.745552,0.497005,0.73405,0.462769,-0.836775,0.264216,0.479579,0.009041,-0.021781,0.026441,-0.238548,0.851573,-0.695365,-0.920104,0.071084,0.027375,-0.055825,0.381893,0.003595,-0.924199,0.691447,0.66241,0.288293,0.613235,-0.749132,0.250484,-0.00042,0.015603,-0.023,0.044267,-0.505817,-0.008865,0.484954
92,0.139567,-0.021032,0.337693,-0.32796,0.057776,-0.942947,-0.803049,-0.542745,0.245992,-0.497167,0.837836,0.225572,1.1e-05,0.027943,-0.030196,-0.001565,-0.432707,-0.155552,0.497412,-0.202882,-0.0193,0.315286,-0.390188,0.678524,0.622374,-0.528324,-0.718503,0.452284,0.754543,-0.153181,0.638015,0.002444,-0.037945,0.039722,0.648547,1.495042,0.300855,-1.405094,0.026085,0.034835,-0.023935,0.20038,-0.624556,0.754835,0.510359,0.724211,0.463737,-0.83629,0.292313,0.463865,0.001123,-0.019536,0.019254,0.629716,1.512407,0.342742,-0.91994,0.071077,0.027702,-0.056209,0.377919,0.010288,-0.925781,0.697872,0.653928,0.29215,0.6084,-0.756486,0.239952,0.000219,0.019807,-0.019014,0.010403,-0.524214,-0.179561,0.484627
93,0.139614,-0.01937,0.336492,-0.30832,0.043885,-0.950293,-0.813936,-0.529226,0.239584,-0.49203,0.847292,0.200076,0.001486,0.037564,-0.021047,0.097203,-0.792926,0.848819,0.497847,-0.202967,-0.020993,0.316876,-0.329553,0.6865,0.648154,-0.567751,-0.692515,0.444991,0.754746,-0.222192,0.617133,0.002332,-0.038948,0.038711,0.036718,0.681922,-0.168003,-1.405134,0.026039,0.034005,-0.023182,0.136333,-0.62483,0.768765,0.547114,0.694421,0.46738,-0.82588,0.356883,0.436526,-0.005958,-0.02474,0.02402,3.23363,3.014468,2.941573,-0.92141,0.071101,0.028521,-0.056793,0.359476,0.022099,-0.932892,0.710222,0.641974,0.288881,0.605276,-0.766407,0.215078,0.000766,0.018783,-0.010525,0.034114,-0.331901,-0.09751,0.486587
94,0.139568,-0.017877,0.335698,-0.276922,0.02775,-0.960515,-0.81892,-0.529732,0.22074,-0.502353,0.847678,0.170618,0.001679,0.038775,-0.019882,0.076395,-0.289802,0.179626,0.501958,-0.202684,-0.022409,0.318424,-0.291942,0.686084,0.666371,-0.580666,-0.680675,0.446589,0.760335,-0.25741,0.596233,0.017376,-0.036374,0.040586,-0.278948,0.529104,-0.111375,-1.405441,0.026175,0.033275,-0.022402,0.095314,-0.618783,0.779757,0.559013,0.681417,0.472413,-0.823661,0.390867,0.410857,0.00866,-0.018159,0.020338,-0.098543,0.739926,0.137439,-0.923206,0.071082,0.029313,-0.057197,0.323427,0.03325,-0.945668,0.716738,0.643883,0.26777,0.617803,-0.7644,0.184418,0.00089,0.019603,-0.009736,0.108976,-0.191333,0.211081,0.48822
95,0.139535,-0.016649,0.335063,-0.242476,0.008864,-0.97014,-0.824292,-0.529207,0.201133,-0.511329,0.848437,0.136836,0.015292,0.02329,-0.015611,-0.048249,-0.896983,0.274502,0.499576,-0.201953,-0.023247,0.319565,-0.267025,0.680739,0.682117,-0.573569,-0.680969,0.455228,0.774716,-0.270525,0.571397,0.016068,-0.003012,0.015846,-0.412036,0.598986,-0.038319,-1.405339,0.02654,0.032844,-0.021821,0.069285,-0.609422,0.789812,0.550866,0.683437,0.479018,-0.831712,0.401892,0.383062,0.008245,-0.006958,0.012159,-0.602174,0.868757,-0.128342,-0.925165,0.071061,0.02992,-0.057492,0.288653,0.044139,-0.956415,0.722906,0.644927,0.247942,0.627762,-0.762967,0.154252,0.00066,0.01811,-0.011138,0.104884,-0.448306,0.538767,0.494915
96,0.139638,-0.016122,0.3347,-0.229862,-0.00213,-0.973244,-0.819463,-0.539034,0.194667,-0.524748,0.842286,0.123371,0.000708,0.02315,-0.015781,0.079001,-0.551763,0.426403,0.489489,-0.201779,-0.023303,0.319944,-0.258769,0.677809,0.68819,-0.566747,-0.683381,0.460134,0.782492,-0.271798,0.560086,0.015732,0.009229,0.008751,-0.39745,0.642266,-0.135531,-1.404875,0.026627,0.03281,-0.021637,0.060918,-0.605247,0.793702,0.543886,0.686888,0.48205,-0.836944,0.402318,0.37103,0.00075,-0.00042,0.009479,-0.636154,0.107949,0.703404,-0.923533,0.071113,0.030185,-0.057672,0.274163,0.05579,-0.960063,0.717033,0.653409,0.242732,0.640856,-0.754945,0.139137,0.00052,0.017209,-0.011984,0.558356,-0.68554,0.370083,0.48773
97,0.139623,-0.015265,0.333985,-0.206664,-0.030622,-0.977956,-0.80526,-0.562395,0.187725,-0.555497,0.826342,0.092787,-0.01418,0.020833,-0.017994,0.016178,-0.526804,0.174341,0.482726,-0.201471,-0.02314,0.320276,-0.244248,0.675381,0.69584,-0.555953,-0.685368,0.470236,0.794789,-0.272835,0.541973,0.029976,0.004673,0.003109,-0.260665,0.454103,-0.068583,-1.405451,0.026776,0.0329,-0.021455,0.044518,-0.600569,0.798332,0.530898,0.691164,0.490344,-0.846264,0.402005,0.34961,0.007586,0.002102,0.001744,-0.320292,0.552551,-0.08675,-0.924022,0.071117,0.030625,-0.058033,0.246483,0.080402,-0.965806,0.69975,0.674715,0.234752,0.670519,-0.733685,0.110045,5.2e-05,0.009513,-0.009833,0.017994,-0.537983,0.172895,0.470421
98,0.139217,-0.014595,0.333207,-0.190566,-0.058883,-0.97993,-0.788607,-0.585276,0.188474,-0.584399,0.808769,0.066319,-0.014967,0.015636,-0.022896,0.172684,-0.511315,0.15469,0.486742,-0.200266,-0.023147,0.320343,-0.203232,0.679099,0.705346,-0.564684,-0.669706,0.482245,0.800108,-0.301128,0.518664,0.04441,0.001957,-0.000645,-0.504099,0.727615,0.389189,-1.404815,0.027356,0.032899,-0.021424,0.00446,-0.59959,0.800294,0.536744,0.676684,0.503988,-0.843732,0.427306,0.324844,0.015044,-0.004812,0.004001,0.047965,0.64961,0.343616,-0.922063,0.070914,0.030966,-0.058417,0.226296,0.106095,-0.968263,0.679849,0.694677,0.235007,0.697563,-0.711454,0.085074,-0.000321,0.00706,-0.012137,0.528456,-0.575985,0.171327,0.470584
99,0.13856,-0.01413,0.332064,-0.172665,-0.089218,-0.980954,-0.770979,-0.607549,0.190908,-0.612804,0.789369,0.03734,-0.030764,0.00763,-0.030586,0.007895,-0.579536,0.037533,0.48409,-0.198492,-0.023362,0.320633,-0.175904,0.681074,0.710765,-0.562455,-0.662001,0.49531,0.808078,-0.313487,0.498597,0.059885,-0.006281,0.00959,-0.299126,0.365815,0.162233,-1.40449,0.028276,0.032782,-0.021283,-0.026065,-0.598511,0.80069,0.530057,0.670821,0.518689,-0.847561,0.437931,0.29976,0.029947,-0.003077,0.004839,-0.273379,0.335493,0.140122,-0.926145,0.070581,0.031209,-0.058993,0.203787,0.133124,-0.969921,0.658804,0.714191,0.236444,0.724186,-0.687173,0.05784,-0.01543,0.00338,-0.015704,0.016644,-0.539614,0.060295,0.470095
100,0.13808,-0.014055,0.331398,-0.163464,-0.103134,-0.981167,-0.760027,-0.620911,0.191834,-0.628806,0.777199,0.024334,-0.031418,0.003709,-0.034386,0.50983,-0.605155,0.064414,0.484973,-0.197322,-0.023395,0.320688,-0.166146,0.681316,0.712878,-0.557631,-0.661055,0.501985,0.813457,-0.314961,0.488827,0.059089,0.001875,-0.001805,-0.389844,0.527256,0.255805,-1.404345,0.028812,0.032771,-0.021247,-0.033824,-0.597759,0.800961,0.525323,0.671148,0.523063,-0.850229,0.438456,0.291315,0.029851,-0.00406,0.00378,-0.130757,0.170737,0.003371,-0.926635,0.070353,0.031245,-0.059312,0.192899,0.145386,-0.970387,0.64627,0.725326,0.237139,0.738325,-0.672876,0.045956,-0.008634,0.000455,-0.018467,1.664794,-0.854551,0.027934,0.469115
101,0.136714,-0.014211,0.330135,-0.154503,-0.125178,-0.980054,-0.740011,-0.64256,0.198678,-0.654429,0.756101,0.007866,-0.03213,-0.00907,-0.027902,0.284068,1.075408,-2.212801,0.506958,-0.194545,-0.02333,0.320408,-0.156249,0.68122,0.715205,-0.55314,-0.660154,0.508102,0.818456,-0.317058,0.479028,0.072923,0.00934,-0.01499,-0.091112,0.171264,0.093561,-1.404516,0.030223,0.032804,-0.02138,-0.045821,-0.59649,0.801311,0.518577,0.671397,0.529437,-0.853801,0.439801,0.278562,0.03672,-0.001117,-0.003652,-0.134387,0.192081,0.081599,-0.925329,0.069669,0.031163,-0.059955,0.177723,0.165235,-0.970108,0.623063,0.744152,0.240893,0.761712,-0.647251,0.029301,-0.023348,-0.004621,-0.014072,0.047314,-0.072194,0.006254,0.484791
102,0.135155,-0.014744,0.329283,-0.167031,-0.134473,-0.976762,-0.724468,-0.655214,0.214038,-0.66857,0.743549,0.013236,-0.046934,-0.018181,-0.018038,0.000199,-0.009246,0.002596,0.519429,-0.191959,-0.02324,0.320098,-0.146507,0.679037,0.71933,-0.548172,-0.660947,0.512436,0.823571,-0.320079,0.468127,0.044219,0.000835,-0.002191,-0.067132,0.216935,-0.215388,-1.404215,0.031526,0.032844,-0.021548,-0.056234,-0.59319,0.803095,0.5128,0.673006,0.533009,-0.856664,0.4418,0.266342,0.02948,0.000482,-0.001582,-0.007807,0.037085,-0.022098,-0.922063,0.068894,0.030895,-0.060389,0.191463,0.176408,-0.965515,0.604271,0.753991,0.257588,0.773432,-0.632752,0.037763,-0.016209,-0.009542,-0.009362,0.000641,-0.028312,0.066106,0.510101
103,0.134431,-0.015199,0.328978,-0.170197,-0.137621,-0.975776,-0.715705,-0.663374,0.218341,-0.677149,0.735698,0.015624,-0.032918,-0.030259,-0.010665,1.583014,-0.373964,-0.005074,0.52089,-0.190953,-0.023208,0.320045,-0.141659,0.677582,0.721669,-0.545456,-0.661696,0.514363,0.826212,-0.32161,0.462389,0.04427,0.001668,-0.001372,-0.077083,0.145773,-0.025576,-1.404073,0.032029,0.032859,-0.021575,-0.060983,-0.590948,0.804401,0.510019,0.674303,0.534037,-0.857998,0.442826,0.260274,0.02952,0.001106,-0.000963,-0.069108,0.209933,-0.181168,-0.920593,0.068527,0.030671,-0.060545,0.194299,0.179602,-0.96436,0.595552,0.759577,0.261455,0.779464,-0.625127,0.040623,-0.016313,-0.009632,-0.009443,5.38734,-1.169417,-0.189426,0.515816
104,0.133356,-0.016133,0.328443,-0.162096,-0.143974,-0.976238,-0.688656,-0.692038,0.216352,-0.706549,0.70754,0.014244,-0.018107,-0.028617,-0.009078,0.450385,-0.159429,0.087787,0.520033,-0.189049,-0.022916,0.320002,-0.134292,0.675707,0.724829,-0.541729,-0.66244,0.517336,0.829877,-0.32402,0.454069,0.043901,0.017193,-0.005131,-0.01461,0.088925,-0.002625,-1.404035,0.032981,0.032996,-0.021599,-0.068426,-0.588069,0.805911,0.505967,0.675754,0.536054,-0.859834,0.444444,0.251304,0.022274,0.003155,0.00164,-0.03805,0.097791,-0.056322,-0.921083,0.067983,0.030199,-0.060818,0.185091,0.18481,-0.965186,0.563623,0.784602,0.258317,0.805027,-0.591814,0.041059,-0.008902,-0.008997,-0.008903,1.625398,-0.348944,-0.033831,0.518755
105,0.132921,-0.016998,0.32789,-0.156478,-0.141679,-0.97749,-0.681884,-0.700458,0.210629,-0.714346,0.699668,0.014216,-0.003282,-0.018734,-0.018532,0.04409,0.356205,0.104267,0.51899,-0.187703,-0.022592,0.32012,-0.132473,0.671809,0.728776,-0.528649,-0.66974,0.521451,0.838557,-0.317017,0.442928,0.03043,-0.004547,0.012872,-0.238416,0.322677,0.057157,-1.404205,0.03366,0.03317,-0.021543,-0.069786,-0.583632,0.809013,0.49359,0.684556,0.536424,-0.866889,0.436756,0.240303,0.007535,0.003006,0.002545,-0.281496,0.422302,0.107309,-0.915695,0.067761,0.029766,-0.061087,0.179157,0.183058,-0.966639,0.555598,0.792034,0.252966,0.811919,-0.582383,0.040192,-0.008766,-0.008054,-0.00805,0.092962,0.577287,0.223439,0.518429
106,0.132816,-0.017348,0.327543,-0.153825,-0.140919,-0.978021,-0.682464,-0.70061,0.208233,-0.714371,0.699669,0.012818,-0.003179,-0.018099,-0.017969,0.003841,-0.065938,0.124979,0.520783,-0.187318,-0.022508,0.320253,-0.129073,0.669876,0.731162,-0.520633,-0.673213,0.525032,0.84408,-0.313726,0.434704,0.015065,0.006189,0.005307,-1.417943,-0.528258,-0.699196,-1.404152,0.033858,0.03321,-0.021472,-0.074999,-0.581305,0.810221,0.486211,0.688065,0.538669,-0.870616,0.434338,0.231033,0.007611,0.00384,0.003144,-4.292617,-2.512804,-2.318013,-0.916674,0.067708,0.029591,-0.061261,0.177557,0.180432,-0.967428,0.556274,0.79253,0.249907,0.811807,-0.582528,0.040349,-0.001603,-0.009183,-0.009107,-0.008039,0.017222,-0.063711,0.519572
107,0.132648,-0.017814,0.326686,-0.140577,-0.137188,-0.980542,-0.684748,-0.701823,0.196308,-0.714931,0.699189,0.005942,-0.002665,-0.006124,-0.025517,0.01092,-0.106749,0.183782,0.520215,-0.186912,-0.022171,0.320587,-0.128807,0.667177,0.733672,-0.501967,-0.681822,0.532054,0.855353,-0.30057,0.421772,0.000565,0.009452,0.009731,-0.076935,0.084275,0.087288,-1.404203,0.034066,0.033374,-0.021311,-0.07478,-0.578093,0.812536,0.466162,0.70004,0.540958,-0.881532,0.419227,0.217136,-3.5e-05,0.01047,0.000932,-0.027543,0.132246,-0.096032,-0.901652,0.067622,0.02935,-0.061697,0.164962,0.174895,-0.970668,0.559026,0.794224,0.238109,0.812573,-0.581909,0.033246,-0.001309,-0.003002,-0.012695,0.008462,-0.111411,0.191944,0.521041
108,0.132554,-0.018388,0.326067,-0.127778,-0.133537,-0.982795,-0.687031,-0.702729,0.184753,-0.715158,0.698982,-0.000726,-0.002339,-0.013227,-0.013307,-0.000643,0.014405,-0.024951,0.508898,-0.187024,-0.021639,0.320803,-0.117857,0.66426,0.738146,-0.490458,-0.685177,0.538439,0.863555,-0.29939,0.405588,-0.014217,0.007277,0.008553,-0.367878,0.579754,0.128623,-1.403844,0.034016,0.033647,-0.021196,-0.083779,-0.573832,0.814676,0.455438,0.705115,0.543497,-0.886316,0.416568,0.202271,-0.007449,0.008966,-7.8e-05,-0.357177,0.608296,0.171597,-0.906714,0.067575,0.029059,-0.062011,0.153031,0.169386,-0.973595,0.561728,0.795649,0.22672,0.813044,-0.581592,0.02661,-0.001135,-0.006476,-0.006514,-0.000959,0.01819,-0.031242,0.51353
109,0.132468,-0.018898,0.325729,-0.133663,-0.132158,-0.982199,-0.686177,-0.702734,0.18788,-0.714895,0.699237,0.004469,-0.001473,-0.008309,-0.008395,0.00486,0.052243,-0.003273,0.507394,-0.187678,-0.021418,0.32096,-0.106077,0.668302,0.736282,-0.484334,-0.681314,0.548786,0.868509,-0.299217,0.394998,-0.029187,0.00164,0.003834,-0.199379,0.251896,0.170517,-1.404302,0.033695,0.033765,-0.02111,-0.096789,-0.577076,0.810934,0.446388,0.703052,0.553583,-0.889588,0.415573,0.189552,-0.007596,0.006326,-0.002788,-0.227309,0.20117,0.428949,-0.902468,0.067532,0.028802,-0.062182,0.159269,0.168645,-0.972723,0.560699,0.795512,0.229728,0.812556,-0.581994,0.032141,-0.000685,-0.003897,-0.003935,-0.003645,0.021274,-0.015623,0.500303
110,0.132395,-0.018989,0.325621,-0.139555,-0.133862,-0.981148,-0.685041,-0.702396,0.193214,-0.714852,0.699255,0.007544,-0.015151,0.007203,-0.01246,0.033778,0.014748,-0.0369,0.514767,-0.188088,-0.021335,0.320944,-0.10109,0.667555,0.73766,-0.481857,-0.681443,0.550802,0.870473,-0.30059,0.389597,-0.014641,2.5e-05,0.001096,-0.189389,0.355197,-0.048258,-1.404007,0.033479,0.033807,-0.021118,-0.101893,-0.575711,0.811278,0.443598,0.703658,0.555054,-0.890414,0.416438,0.183686,-0.007335,-0.000209,0.000333,-0.209395,0.380382,-0.033813,-0.898713,0.067501,0.028753,-0.062232,0.164683,0.171423,-0.971335,0.559434,0.794827,0.235121,0.812349,-0.582119,0.034994,-0.000352,-0.00201,-0.002034,-0.003445,-0.012231,0.002939,0.503896
111,0.13247,-0.019009,0.32547,-0.14466,-0.135357,-0.980203,-0.683811,-0.702305,0.197845,-0.715008,0.69906,0.010258,0.014503,-0.001878,-0.001676,0.000984,-0.014714,0.029553,0.519397,-0.188767,-0.021133,0.320877,-0.101159,0.666865,0.738274,-0.482226,-0.681848,0.549977,0.870261,-0.301202,0.389597,-0.014617,0.000339,0.001407,0.009957,-0.084834,0.142216,-1.403921,0.033145,0.033903,-0.021157,-0.102013,-0.574841,0.81188,0.444126,0.703967,0.554239,-0.890137,0.417118,0.183488,-0.007626,0.005639,-0.003496,0.037071,-0.000316,-0.014062,-0.906551,0.067527,0.028747,-0.062311,0.169402,0.173743,-0.970111,0.558018,0.794448,0.239724,0.812353,-0.581949,0.037629,0.000169,0.005435,-0.004262,0.034727,-0.016091,0.019154,0.514836
