frame,MLTx,MLTy,MLTz,MLTR1,MLTR2,MLTR3,MLTR4,MLTR5,MLTR6,MLTR7,MLTR8,MLTR9,MLTTVx,MLTTVy,MLTTVz,MLTRVx,MLTRVy,MLTRVz,MLGA,MRTx,MRTy,MRTz,MRTR1,MRTR2,MRTR3,MRTR4,MRTR5,MRTR6,MRTR7,MRTR8,MRTR9,MRTTVx,MRTTVy,MRTTVz,MRTRVx,MRTRVy,MRTRVz,MRGA,SLTx,SLTy,SLTz,SLTR1,SLTR2,SLTR3,SLTR4,SLTR5,SLTR6,SLTR7,SLTR8,SLTR9,SLTTVx,SLTTVy,SLTTVz,SLTRVx,SLTRVy,SLTRVz,SLGA,SRTx,SRTy,SRTz,SRTR1,SRTR2,SRTR3,SRTR4,SRTR5,SRTR6,SRTR7,SRTR8,SRTR9,SRTTVx,SRTTVy,SRTTVz,SRTRVx,SRTRVy,SRTRVz,SRGA
764,0.114637,-0.034126,0.282921,-0.373419,-0.286163,-0.882448,0.426876,-0.897535,0.110358,-0.823144,-0.335138,0.458413,0.002348,0.009318,0.013194,-0.067246,-0.190723,-0.319884,0.521912,-0.205481,0.012412,0.298216,-0.858858,0.283953,0.426292,-0.498057,-0.268032,-0.82464,-0.118799,-0.920892,0.37109,0.000211,0.001858,0.001908,-0.053309,0.179699,0.135271,-1.152843,0.023285,0.059863,-0.008897,0.869949,-0.248621,0.42588,0.485269,0.277918,-0.82902,0.087752,0.927873,0.362423,0.000127,0.001135,0.001165,-0.043272,0.3474,-0.047698,-0.985746,0.059995,0.033613,-0.064933,0.365591,0.306776,-0.878766,-0.475028,0.873406,0.10728,0.800431,0.378219,0.465036,0.001206,0.004819,0.006829,-0.056278,-0.172254,-0.303506,0.517449
765,0.114321,-0.033549,0.28356,-0.357651,-0.311748,-0.880309,0.436164,-0.88926,0.137654,-0.825292,-0.334347,0.455117,-0.012465,0.014433,0.019127,-0.136082,-0.339634,-0.652406,0.522555,-0.205535,0.012478,0.298302,-0.856805,0.280603,0.432595,-0.503472,-0.273415,-0.819569,-0.110597,-0.920332,0.374994,0.000148,0.001307,0.001341,-0.085588,0.289941,0.218215,-1.152332,0.023258,0.059897,-0.008853,0.86858,-0.24536,0.430541,0.489005,0.283672,-0.824865,0.080257,0.926999,0.366374,-0.0069,0.001101,0.001525,-0.134895,0.624342,0.264796,-0.987379,0.059846,0.033889,-0.06463,0.350843,0.330634,-0.876122,-0.483949,0.864986,0.132634,0.801687,0.377465,0.463484,-0.006255,0.007167,0.009503,-0.018151,0.089855,-0.380707,0.519408
766,0.114173,-0.033231,0.283885,-0.350681,-0.324694,-0.878431,0.438452,-0.88574,0.152299,-0.827076,-0.331345,0.454072,-0.01231,0.014979,0.019832,-0.189009,-0.401872,-0.775083,0.522305,-0.205574,0.012518,0.298332,-0.856177,0.278987,0.434877,-0.505038,-0.273529,-0.818568,-0.108322,-0.920787,0.374541,0.000177,0.001553,0.001594,-0.020811,0.07049,0.053054,-1.152034,0.023238,0.059917,-0.008839,0.867455,-0.242535,0.434391,0.491628,0.283985,-0.823197,0.076294,0.927647,0.365581,9.6e-05,0.000844,0.000868,-0.025416,0.055359,0.04422,-0.988032,0.059768,0.034055,-0.064459,0.343059,0.34343,-0.874279,-0.486253,0.861274,0.14752,0.803658,0.374514,0.462462,-0.006146,0.007562,0.010027,-0.099277,0.241566,-0.591816,0.520061
767,0.113992,-0.032604,0.284595,-0.335391,-0.341963,-0.87785,0.442831,-0.879658,0.173419,-0.831093,-0.330158,0.447556,-0.012239,0.015147,0.019934,-0.174565,-0.428984,-0.708323,0.522887,-0.205634,0.012553,0.298357,-0.854335,0.277257,0.439581,-0.509142,-0.275994,-0.815191,-0.103601,-0.920572,0.376401,2.3e-05,0.0002,0.000205,-0.02722,0.091407,0.068891,-1.150348,0.023208,0.059936,-0.008824,0.865714,-0.240719,0.438851,0.495402,0.286825,-0.819942,0.071502,0.927245,0.367562,7e-06,6.6e-05,6.8e-05,-0.028806,0.110054,0.067246,-0.989175,0.059674,0.034377,-0.064092,0.326362,0.36018,-0.873931,-0.490629,0.854807,0.169077,0.807941,0.373596,0.455692,-0.006123,0.007603,0.010012,-0.136844,-0.345859,-0.662108,0.521041
768,0.114019,-0.032126,0.285287,-0.322661,-0.356111,-0.876996,0.445805,-0.874496,0.191016,-0.83455,-0.3289,0.442016,0.003041,0.012045,0.016676,-0.168094,-0.390495,-0.645279,0.523077,-0.205621,0.012643,0.298361,-0.851463,0.278952,0.444058,-0.515105,-0.285309,-0.808208,-0.097667,-0.917214,0.386059,0.000179,0.001576,0.001616,-0.046952,0.156685,0.118273,-1.149045,0.023215,0.059978,-0.008826,0.862987,-0.242556,0.443192,0.500917,0.296478,-0.813131,0.065833,0.923724,0.377358,-3.4e-05,0.006911,-0.002564,-0.012818,0.185752,0.165058,-0.996034,0.059686,0.034614,-0.063749,0.313446,0.373332,-0.87314,-0.493507,0.849597,0.186103,0.811295,0.372568,0.450545,0.001456,0.005813,0.008052,-0.000535,0.152722,-0.310265,0.521041
769,0.11411,-0.03166,0.285911,-0.312408,-0.366717,-0.876337,0.447775,-0.870419,0.204551,-0.837403,-0.328049,0.437226,0.002779,0.011036,0.015188,-0.1085,-0.150603,-0.529211,0.523442,-0.205596,0.012822,0.298472,-0.849934,0.276627,0.44842,-0.518579,-0.287875,-0.80507,-0.092527,-0.917113,0.387562,0.000202,0.016207,-0.002688,0.030044,-0.006036,0.058345,-1.148369,0.023227,0.060065,-0.008773,0.861351,-0.239664,0.447921,0.504449,0.299339,-0.809892,0.060022,0.923556,0.378735,0.00011,0.008176,-0.00127,0.033081,-0.023581,0.017574,-0.988849,0.059731,0.034843,-0.063442,0.301847,0.383374,-0.872875,-0.495339,0.845363,0.199998,0.814571,0.372001,0.44507,0.001419,0.005669,0.007805,-0.213783,-0.544966,-0.497887,0.521041
770,0.114165,-0.03144,0.286214,-0.307195,-0.370858,-0.876437,0.448346,-0.868731,0.21039,-0.83903,-0.327863,0.434237,0.002898,0.011525,0.015816,-0.079724,-0.182592,-0.280675,0.5234,-0.205557,0.012912,0.298533,-0.848378,0.273681,0.453151,-0.521893,-0.28802,-0.802873,-0.088128,-0.917948,0.386611,0.000468,0.004127,0.004222,-0.053764,0.169859,0.163972,-1.147589,0.023246,0.06011,-0.008742,0.859827,-0.237166,0.452158,0.507481,0.299491,-0.80794,0.056198,0.924152,0.377868,0.000199,0.001763,0.001802,-0.06693,0.236821,0.189605,-0.990155,0.059759,0.034956,-0.063286,0.295357,0.387621,-0.873219,-0.495845,0.843454,0.206694,0.81664,0.371933,0.44132,0.001393,0.005579,0.007657,-0.10662,-0.237892,-0.347633,0.521205
771,0.114279,-0.030995,0.286858,-0.294766,-0.384712,-0.874732,0.449284,-0.863685,0.228394,-0.842992,-0.325209,0.428521,0.002938,0.011723,0.015992,-0.062054,-0.118232,-0.240612,0.523177,-0.205567,0.013035,0.298631,-0.845435,0.275431,0.457567,-0.527647,-0.297353,-0.795678,-0.082013,-0.914443,0.396145,0.000357,0.003149,0.003218,-0.009133,0.012043,0.046128,-1.148332,0.023242,0.060173,-0.008692,0.856855,-0.238485,0.457081,0.513172,0.309373,-0.800588,0.04952,0.92055,0.387472,0.000154,0.001349,0.00138,-0.031149,0.134446,-0.166322,-0.986073,0.059815,0.035174,-0.062971,0.281873,0.400773,-0.871738,-0.496596,0.838351,0.224851,0.820937,0.369523,0.435331,0.001516,0.006094,0.008312,-0.079237,-0.18733,-0.277994,0.521694
772,0.11429,-0.03053,0.287518,-0.279677,-0.400541,-0.872579,0.450121,-0.857455,0.249266,-0.84769,-0.322561,0.421192,0.003159,0.012624,0.017117,-0.092858,-0.093168,-0.459168,0.52341,-0.205533,0.013193,0.298733,-0.84229,0.274689,0.463772,-0.533995,-0.307029,-0.787729,-0.072911,-0.911461,0.404704,0.00028,0.00247,0.00252,-0.028352,0.096609,0.072787,-1.150098,0.023259,0.060254,-0.008639,0.853651,-0.2381,0.463236,0.519237,0.31922,-0.792774,0.040885,0.917282,0.396133,0.00019,0.001673,0.001707,-0.029961,0.112545,0.103557,-0.990155,0.059822,0.035409,-0.062637,0.266015,0.415722,-0.869718,-0.497271,0.832094,0.245641,0.825806,0.367142,0.428076,0.001545,0.006215,0.008427,-0.104805,-0.252177,-0.318036,0.523164
773,0.114238,-0.030277,0.287904,-0.272187,-0.409264,-0.870897,0.450559,-0.853908,0.260403,-0.849901,-0.321011,0.417908,-0.012037,0.015634,0.020034,-0.064785,0.015923,-0.429743,0.523194,-0.205519,0.013223,0.298763,-0.841055,0.271687,0.467766,-0.536703,-0.309928,-0.784748,-0.067155,-0.911376,0.40589,9.4e-05,0.00083,0.000847,-0.05722,0.196428,0.147949,-1.150301,0.023266,0.060273,-0.008619,0.852455,-0.235185,0.466911,0.521601,0.322201,-0.790011,0.035359,0.916992,0.397334,4.3e-05,0.000389,0.000396,-0.074411,0.361796,0.026974,-0.989502,0.059801,0.035533,-0.062447,0.257479,0.424087,-0.868247,-0.49756,0.828452,0.257098,0.828334,0.365808,0.424319,0.001722,0.006942,0.009382,-0.037886,-0.080756,-0.214651,0.52398
774,0.114019,-0.029728,0.288775,-0.256963,-0.42575,-0.867613,0.451315,-0.846698,0.281758,-0.854246,-0.318643,0.410801,-0.011643,0.017086,0.021839,-0.053139,0.057994,-0.403395,0.522828,-0.205536,0.013186,0.298697,-0.836571,0.267874,0.477896,-0.545349,-0.322477,-0.773652,-0.05206,-0.908139,0.415255,-0.000214,-0.001892,-0.001931,-0.140762,0.467563,0.355715,-1.151524,0.023258,0.060255,-0.008651,0.84839,-0.232288,0.475683,0.528926,0.33517,-0.779677,0.021675,0.913073,0.407219,-0.000144,-0.001279,-0.001306,-0.176647,0.633539,0.198614,-0.992604,0.059691,0.035807,-0.062012,0.241258,0.439719,-0.865124,-0.498128,0.821172,0.278465,0.832863,0.363761,0.417151,0.001944,0.007822,0.010497,-0.020617,0.089111,-0.348743,0.524307
775,0.113682,-0.029157,0.289729,-0.246737,-0.437149,-0.864908,0.451787,-0.84145,0.296348,-0.857019,-0.317098,0.406196,-0.011087,0.019153,0.02442,-0.017465,0.146857,-0.31399,0.52279,-0.205547,0.013162,0.298572,-0.832344,0.263356,0.487686,-0.553061,-0.335023,-0.76277,-0.036429,-0.904906,0.423889,-0.000345,-0.003048,-0.003114,-0.171318,0.703123,0.244771,-1.153161,0.023252,0.060243,-0.008714,0.844145,-0.228171,0.485134,0.536071,0.348031,-0.769091,0.006643,0.909292,0.416104,-0.000273,0.004766,-0.004755,0.000981,0.202661,-0.105859,-0.994727,0.059522,0.036091,-0.061538,0.230513,0.450578,-0.862463,-0.498565,0.815843,0.29297,0.835641,0.362461,0.412705,-0.005921,0.003741,0.015949,-0.014946,0.133277,-0.15217,0.523817
776,0.113334,-0.028601,0.290826,-0.23896,-0.444007,-0.863597,0.451306,-0.838236,0.306029,-0.859481,-0.316073,0.401767,0.003839,0.006496,0.031438,-0.075008,-0.126399,-0.037526,0.523282,-0.205607,0.012986,0.298423,-0.829317,0.255811,0.496775,-0.558457,-0.346033,-0.75387,-0.019887,-0.902914,0.429202,-0.000504,-0.004437,-0.004541,-0.126108,0.463314,0.112886,-1.152287,0.023222,0.060153,-0.008791,0.840297,-0.219541,0.495682,0.542004,0.359464,-0.759615,-0.011414,0.906965,0.421049,-0.000262,-0.002346,-0.002399,-0.118559,0.494699,0.150764,-0.994564,0.059343,0.036376,-0.060989,0.222989,0.457179,-0.860965,-0.498136,0.812623,0.302493,0.837935,0.361426,0.408944,-0.005693,0.004586,0.016966,-0.083755,-0.035524,-0.22004,0.524307
777,0.113164,-0.028333,0.291419,-0.236321,-0.445592,-0.863507,0.450801,-0.837513,0.308744,-0.860479,-0.31576,0.399874,-0.011279,0.009399,0.034093,-0.043307,-0.038091,0.012638,0.523394,-0.205618,0.012882,0.298316,-0.828029,0.253057,0.500321,-0.560582,-0.351319,-0.749838,-0.01292,-0.901644,0.432128,-0.000601,-0.005284,-0.005414,-0.051233,0.28015,-0.073485,-1.15084,0.023217,0.060105,-0.00884,0.838587,-0.216666,0.499826,0.544444,0.364891,-0.755271,-0.01874,0.905488,0.423956,-0.000324,-0.002886,-0.002955,-0.051073,0.206734,0.102832,-0.9864,0.059264,0.036508,-0.060694,0.219938,0.458662,-0.860962,-0.49758,0.811876,0.305402,0.839071,0.361228,0.406783,-0.005378,0.010187,0.012863,0.013346,-0.001573,0.026318,0.524144
778,0.11282,-0.027885,0.29267,-0.233672,-0.446461,-0.863779,0.449539,-0.837315,0.31111,-0.861864,-0.315056,0.397438,-0.011186,0.009645,0.034182,-0.210223,-0.495039,-0.270557,0.523425,-0.205627,0.012701,0.298145,-0.823644,0.24798,0.510008,-0.567173,-0.363883,-0.738808,0.003427,-0.898056,0.439711,-0.000206,-0.016233,0.002648,-0.081203,0.277072,-0.102962,-1.144992,0.023212,0.060016,-0.008931,0.834008,-0.211601,0.509562,0.550638,0.377811,-0.744348,-0.035013,0.901379,0.431613,-0.000244,-0.002181,-0.002236,-0.048119,0.294752,-0.087161,-0.982644,0.059092,0.036733,-0.060067,0.220473,0.458993,-0.860648,-0.496849,0.812153,0.305852,0.839363,0.360181,0.407108,-0.005671,0.004596,0.016806,-0.035602,-0.012741,0.02871,0.524307
779,0.112359,-0.027651,0.294052,-0.231046,-0.446651,-0.864388,0.447555,-0.837624,0.313132,-0.863605,-0.313965,0.39451,-0.011333,0.00894,0.033047,-0.210065,-0.495578,-0.269715,0.523526,-0.205667,0.01253,0.297971,-0.820608,0.242803,0.51734,-0.571332,-0.374129,-0.730439,0.017248,-0.895249,0.445078,-0.000561,-0.00492,-0.005058,-0.047809,0.27049,-0.080017,-1.138559,0.023192,0.059928,-0.009014,0.83096,-0.206549,0.516567,0.554209,0.388339,-0.736236,-0.048535,0.89807,0.437166,-0.000288,-0.002576,-0.002646,-0.05913,0.198914,0.120425,-0.974969,0.058862,0.036852,-0.059374,0.217841,0.459036,-0.861295,-0.494865,0.812586,0.307914,0.841221,0.359149,0.404175,-0.006075,-0.001419,0.020209,-0.069046,0.02174,-0.010841,0.524634
780,0.112082,-0.027604,0.294781,-0.231144,-0.446665,-0.864354,0.44662,-0.837972,0.313536,-0.864063,-0.313017,0.394261,-0.011482,0.008291,0.032107,-0.037668,-0.006048,-0.001351,0.523106,-0.205677,0.012453,0.297877,-0.818656,0.240918,0.5213,-0.573907,-0.378979,-0.725906,0.023724,-0.893715,0.447856,-0.000517,-0.004533,-0.004664,-0.089082,0.359154,0.269623,-1.134964,0.023187,0.059885,-0.009066,0.829502,-0.204898,0.519559,0.555854,0.393348,-0.732326,-0.054315,0.896266,0.440177,-0.000259,-0.002325,-0.002388,-0.079856,0.43007,0.367963,-0.973989,0.058724,0.036876,-0.059008,0.214989,0.459393,-0.861822,-0.493452,0.812624,0.310073,0.842783,0.358606,0.401393,-0.006018,-0.001206,0.020428,-0.060143,0.016604,0.018768,0.52447
781,0.111458,-0.027597,0.296338,-0.231771,-0.449502,-0.862714,0.44464,-0.837733,0.31697,-0.864914,-0.309581,0.395107,-0.011903,-0.00215,0.040959,-0.069622,0.002685,0.01116,0.523251,-0.205699,0.012249,0.297681,-0.816094,0.236687,0.527219,-0.577101,-0.384206,-0.720606,0.033046,-0.892606,0.449472,-0.000539,-0.004715,-0.004862,-0.105003,0.431662,0.323867,-1.125561,0.023176,0.059782,-0.009164,0.827008,-0.200917,0.52506,0.558625,0.398668,-0.727324,-0.063193,0.894816,0.441939,-0.00027,-0.002403,-0.002476,-0.100984,0.53222,0.470563,-0.971377,0.058412,0.036882,-0.058235,0.215691,0.462235,-0.860125,-0.49157,0.8125,0.313371,0.843703,0.355221,0.402469,-0.013686,-0.000374,0.020875,-0.071522,0.033226,-0.042076,0.524144
782,0.110716,-0.027669,0.297979,-0.221262,-0.453825,-0.86321,0.451369,-0.832274,0.321802,-0.864194,-0.317866,0.390072,-0.012056,-0.002838,0.039879,-0.234584,-0.469466,-0.312403,0.523715,-0.205618,0.01205,0.297441,-0.811925,0.240582,0.531873,-0.582529,-0.394637,-0.710532,0.039993,-0.887,0.459886,-0.000665,-0.005826,-0.00602,-0.012305,0.059341,0.00893,-1.108943,0.023216,0.059687,-0.00928,0.822238,-0.204075,0.531297,0.564649,0.409567,-0.716536,-0.071375,0.889161,0.451993,0.006714,-0.00288,-0.00337,-0.001139,0.026818,-0.000876,-0.955537,0.058051,0.036848,-0.057428,0.207682,0.465633,-0.860263,-0.498475,0.807063,0.316498,0.841659,0.363089,0.399719,-0.005904,-0.000835,0.020698,0.063243,-0.03932,-0.044066,0.52447
783,0.109948,-0.02771,0.299532,-0.216469,-0.459264,-0.861547,0.453908,-0.828622,0.327604,-0.864084,-0.319583,0.388911,-0.026707,0.009937,0.032546,-0.117629,-0.094777,-0.325769,0.523256,-0.205565,0.011857,0.297251,-0.806059,0.235332,0.543027,-0.589638,-0.399448,-0.701927,0.052755,-0.886247,0.46005,0.013532,-0.004805,-0.005765,-0.131135,0.540056,0.44576,-1.087514,0.023237,0.059587,-0.009378,0.817353,-0.200273,0.540206,0.570292,0.414442,-0.709226,-0.081846,0.887765,0.45296,-0.000291,-0.002598,-0.002688,-0.024214,0.091473,0.008404,-0.946067,0.057663,0.036823,-0.056632,0.200611,0.470928,-0.859058,-0.500434,0.803107,0.323393,0.842211,0.365026,0.39678,-0.00603,-0.001372,0.019922,-0.210134,-0.31357,-0.209386,0.524307
784,0.109512,-0.02768,0.3003,-0.208709,-0.465795,-0.859954,0.462494,-0.821773,0.332806,-0.861447,-0.327692,0.388013,-0.01186,-0.002225,0.040354,1.325364,-0.632643,-0.682549,0.523183,-0.205534,0.011749,0.297152,-0.803629,0.23341,0.547441,-0.592462,-0.401813,-0.69819,0.058031,-0.885684,0.4605,-0.000617,-0.005407,-0.005604,-0.081352,0.351568,0.22771,-1.076121,0.023259,0.059536,-0.009425,0.814184,-0.197759,0.545888,0.573861,0.416986,-0.704844,-0.088238,0.887138,0.452989,-0.000274,-0.002434,-0.002524,-0.091475,0.473208,0.353978,-0.943617,0.057434,0.03684,-0.056239,0.191678,0.477227,-0.85762,-0.508078,0.795871,0.329311,0.839711,0.372616,0.395019,-0.005966,-0.00114,0.020145,1.358672,-0.613377,-0.669759,0.524144
785,0.108528,-0.027469,0.301775,-0.198442,-0.477063,-0.856199,0.470217,-0.8128,0.343837,-0.859704,-0.333781,0.386687,-0.026136,0.01174,0.03445,-0.076664,0.002269,-0.233023,0.523406,-0.205535,0.011545,0.296954,-0.797011,0.229757,0.558549,-0.599942,-0.408554,-0.687814,0.071185,-0.883547,0.462753,-0.000513,-0.004492,-0.004665,-0.093985,0.309178,0.246865,-1.04524,0.023258,0.059431,-0.009527,0.807317,-0.194125,0.557273,0.581314,0.424113,-0.694407,-0.101545,0.884558,0.455241,-0.000296,-0.002632,-0.00273,-0.150663,0.399137,0.334312,-0.929085,0.056952,0.03694,-0.055515,0.180584,0.487914,-0.854007,-0.515843,0.786266,0.340134,0.837433,0.379111,0.393674,-0.013153,0.005638,0.016956,-0.066175,-0.086003,-0.08112,0.524307
786,0.107499,-0.02699,0.303222,-0.190629,-0.484329,-0.853892,0.468166,-0.809392,0.35451,-0.862596,-0.331588,0.382107,-0.025506,0.013782,0.036695,-0.171155,-0.359072,-0.217043,0.523221,-0.205537,0.011337,0.296869,-0.792239,0.224716,0.567319,-0.604984,-0.411378,-0.681687,0.081208,-0.883527,0.461139,3.6e-05,-0.014136,0.004769,-2.377686,-0.945582,1.155021,-1.018661,0.023257,0.059328,-0.009576,0.802934,-0.187506,0.565808,0.585606,0.425209,-0.690117,-0.111186,0.885459,0.451219,-0.000149,-0.001325,-0.001378,-0.077942,0.382281,0.313461,-0.926309,0.056437,0.037178,-0.054794,0.174088,0.494713,-0.851441,-0.514085,0.783122,0.349907,0.839886,0.376798,0.390657,-0.012777,0.006897,0.018376,-0.294419,-0.4568,-0.531171,0.524634
787,0.106925,-0.026616,0.303961,-0.187948,-0.486823,-0.853067,0.467553,-0.808156,0.35812,-0.863518,-0.330948,0.380573,-0.025086,0.015143,0.038198,-0.04879,-0.03339,-0.022354,0.523542,-0.205521,0.011232,0.296831,-0.791095,0.223157,0.569527,-0.606158,-0.411639,-0.680485,0.083594,-0.883798,0.46019,-0.000369,-0.00323,-0.003361,-0.011849,0.061284,0.009952,-1.00374,0.023265,0.059275,-0.009587,0.800826,-0.187006,0.568952,0.587774,0.427651,-0.686757,-0.114885,0.884388,0.452392,-0.000156,-0.001386,-0.001442,-0.013004,0.024492,-0.003863,-0.925819,0.056159,0.037353,-0.054437,0.169285,0.497082,-0.851029,-0.513022,0.781728,0.354554,0.841516,0.376576,0.387349,-0.020115,0.008712,0.020005,-0.026306,0.120719,-0.20229,0.52447
788,0.105822,-0.025699,0.305263,-0.177468,-0.497342,-0.849236,0.465897,-0.802555,0.372582,-0.866638,-0.328924,0.375199,-0.024056,0.026965,0.030527,-0.048159,-0.027847,-0.224162,0.52321,-0.205499,0.011048,0.296769,-0.786326,0.222253,0.576443,-0.611264,-0.415971,-0.673245,0.091157,-0.881995,0.462211,-0.000326,-0.002855,-0.002975,-0.083343,0.366916,0.238812,-0.97955,0.023276,0.059183,-0.009619,0.797028,-0.187175,0.574204,0.591738,0.432193,-0.680481,-0.120798,0.882141,0.455229,4.7e-05,-0.006828,0.002634,-0.123226,0.544454,0.44553,-0.925002,0.055598,0.037819,-0.05377,0.158273,0.507058,-0.847254,-0.511119,0.776235,0.369075,0.844811,0.374633,0.382024,-0.019571,0.01465,0.016183,-0.027914,0.00556,-0.237455,0.52447
789,0.10483,-0.024613,0.306421,-0.162206,-0.513548,-0.842617,0.458436,-0.795385,0.396448,-0.873598,-0.321348,0.365498,-0.024041,0.026496,0.029647,-1.682266,0.700625,-0.534615,0.523276,-0.205455,0.010959,0.296687,-0.784593,0.222397,0.578744,-0.613084,-0.418017,-0.670316,0.09385,-0.88099,0.463585,-0.000205,-0.001797,-0.001874,-0.001889,0.008088,0.006056,-0.960994,0.023298,0.059137,-0.009661,0.7945,-0.186465,0.577926,0.594286,0.434438,-0.676821,-0.12487,0.881189,0.455975,0.006918,-0.001249,-0.001699,0.003383,-0.025432,0.009989,-0.927288,0.055093,0.038374,-0.053177,0.142825,0.522342,-0.840689,-0.504012,0.769401,0.392421,0.851805,0.36767,0.373156,-0.012046,0.013235,0.014794,-1.748797,0.68956,-0.633986,0.524307
790,0.104422,-0.024092,0.306911,-0.154911,-0.522671,-0.838369,0.45223,-0.791992,0.410132,-0.878154,-0.314958,0.360104,-0.009469,0.022459,0.025721,-0.232193,-0.335386,-0.687223,0.522967,-0.205438,0.01093,0.296642,-0.783199,0.221271,0.581059,-0.614554,-0.418033,-0.668959,0.09588,-0.881265,0.462647,-0.000171,-0.001496,-0.00156,-0.003079,0.013166,0.009858,-0.952413,0.023306,0.059122,-0.009684,0.793046,-0.185377,0.580269,0.595796,0.434477,-0.675466,-0.126898,0.881399,0.455008,-9.7e-05,-0.000873,-0.000911,-0.002708,-0.007549,-0.017128,-0.932024,0.054893,0.038629,-0.052939,0.135834,0.530893,-0.836481,-0.497409,0.766727,0.405849,0.856815,0.360945,0.368219,-0.011986,0.01753,0.009156,-0.330487,-0.552944,-0.810807,0.524307
791,0.103826,-0.023083,0.30767,-0.144279,-0.539849,-0.829333,0.430031,-0.789023,0.438733,-0.891034,-0.292674,0.347028,-0.010267,0.019312,0.021799,-0.253097,-0.390379,-0.632839,0.523003,-0.205425,0.010905,0.296556,-0.780252,0.219302,0.585753,-0.617687,-0.417957,-0.666114,0.099735,-0.88179,0.460827,-9e-05,-0.00079,-0.000825,-0.003691,0.015714,0.01177,-0.937844,0.023313,0.059108,-0.009729,0.79001,-0.183496,0.584989,0.598985,0.434514,-0.672616,-0.130764,0.881774,0.453182,-4.6e-05,-0.000419,-0.000438,-0.004189,-0.007077,-0.018491,-0.937086,0.054596,0.039136,-0.052557,0.123959,0.54747,-0.827592,-0.475246,0.764902,0.434816,0.871077,0.339411,0.354999,-0.01244,0.015642,0.006823,-0.351064,-0.560277,-0.76748,0.52398
792,0.103491,-0.022059,0.308108,-0.144747,-0.55331,-0.82033,0.388517,-0.794255,0.467104,-0.909825,-0.250418,0.330962,-0.010392,0.027042,0.009488,-1.653688,0.205843,-0.199775,0.52237,-0.205451,0.01088,0.296502,-0.777375,0.217153,0.59036,-0.620658,-0.41799,-0.663326,0.103714,-0.882304,0.458962,-0.00016,-0.001406,-0.001468,-0.023176,0.109028,0.045718,-0.92119,0.0233,0.059099,-0.009752,0.787157,-0.181632,0.589399,0.601913,0.434601,-0.669941,-0.134471,0.882117,0.451426,-5e-06,-5.3e-05,-5.5e-05,-0.025577,0.104211,0.075711,-0.939862,0.054428,0.039646,-0.052332,0.123596,0.560912,-0.818596,-0.435904,0.77176,0.463004,0.891465,0.299604,0.339891,0.002127,0.012194,0.00346,-4.852722,1.898806,1.053481,0.523654
793,0.1034,-0.021046,0.308227,-0.138288,-0.56659,-0.812341,0.366835,-0.791183,0.489319,-0.919782,-0.22963,0.318272,-0.011604,0.022517,0.004125,-0.208408,-0.328897,-0.639705,0.522035,-0.205463,0.010869,0.296491,-0.775753,0.216411,0.59276,-0.622381,-0.417949,-0.661736,0.105527,-0.882505,0.458162,-1.5e-05,-0.000127,-0.000133,-0.003633,0.015358,0.011506,-0.89998,0.023294,0.059091,-0.00976,0.785447,-0.180777,0.591939,0.603688,0.43469,-0.668284,-0.1365,0.882249,0.450559,-6e-06,-5.8e-05,-5.9e-05,-0.005139,-0.000125,-0.011496,-0.940025,0.054383,0.040148,-0.052269,0.11715,0.573378,-0.810871,-0.413013,0.770664,0.485278,0.903158,0.27805,0.327096,0.002054,0.015771,-0.002741,-0.224071,-0.510245,-0.65074,0.522511
794,0.103407,-0.020586,0.308189,-0.137069,-0.571573,-0.80905,0.362025,-0.78916,0.496121,-0.92187,-0.224189,0.316105,0.002978,0.019125,0.001142,-0.07927,-0.060336,-0.440343,0.521845,-0.205453,0.010853,0.296489,-0.774293,0.215328,0.595059,-0.623853,-0.418019,-0.660304,0.107552,-0.882736,0.457245,-2e-05,-0.000175,-0.000183,-0.030123,0.127144,0.095251,-0.893571,0.023299,0.059084,-0.009761,0.784084,-0.179946,0.593995,0.605068,0.434749,-0.666997,-0.138215,0.88239,0.44976,-7e-06,-6.7e-05,-7.1e-05,-0.030239,0.131977,0.100967,-0.939698,0.054382,0.040393,-0.052287,0.113666,0.57905,-0.807328,-0.407739,0.768198,0.493578,0.905995,0.273076,0.32342,0.001445,0.009388,0.000381,-0.052649,-0.027988,-0.421421,0.521858
795,0.10332,-0.01976,0.30806,-0.137776,-0.573009,-0.807913,0.358369,-0.789265,0.498603,-0.923191,-0.220129,0.315101,0.002166,0.016166,-0.00232,0.031219,0.06853,-0.129986,0.521209,-0.205434,0.010835,0.296468,-0.772223,0.216054,0.597481,-0.62601,-0.419891,-0.657067,0.109901,-0.881669,0.458742,-3.3e-05,-0.000286,-0.000299,-0.061168,-0.029161,0.032161,-0.881351,0.023308,0.059075,-0.009771,0.781962,-0.180555,0.596601,0.607212,0.436868,-0.663656,-0.14081,0.881218,0.451249,-1.5e-05,-0.000136,-0.000141,-0.060631,-0.04575,0.011327,-0.938718,0.054338,0.040799,-0.052351,0.114471,0.58035,-0.80628,-0.40442,0.768542,0.495768,0.90738,0.269326,0.322681,0.000986,0.007723,-0.001573,0.043343,0.105638,-0.148106,0.520551
796,0.103202,-0.019292,0.308022,-0.136823,-0.56966,-0.810439,0.358769,-0.791084,0.495421,-0.923178,-0.222273,0.313629,-0.013244,0.016378,-0.003064,0.033816,-0.002658,-0.013441,0.519625,-0.205414,0.010822,0.296453,-0.769579,0.213286,0.601872,-0.628488,-0.420148,-0.654533,0.114255,-0.882218,0.456619,-9.2e-05,-0.00081,-0.000846,-0.003133,0.013202,0.009891,-0.863068,0.023318,0.05907,-0.009776,0.779173,-0.177803,0.601061,0.609753,0.437179,-0.661117,-0.145222,0.881623,0.449054,-6e-05,-0.000529,-0.000551,-0.003837,-0.007449,-0.018002,-0.935289,0.054284,0.041032,-0.052371,0.113983,0.577003,-0.808748,-0.40494,0.770346,0.492534,0.90721,0.271354,0.321458,0.000455,0.001651,0.001919,-0.001124,-0.010191,0.019785,0.519572
797,0.103063,-0.019187,0.308086,-0.138894,-0.566548,-0.812266,0.359334,-0.793146,0.491702,-0.922647,-0.222882,0.314759,-0.014085,0.005,0.004817,0.08596,0.087538,0.247057,0.517543,-0.205395,0.010809,0.296439,-0.767666,0.213671,0.604174,-0.63036,-0.422102,-0.651468,0.116803,-0.881191,0.457954,-5.4e-05,-0.000477,-0.000499,-0.004473,0.018154,0.013733,-0.845595,0.023328,0.059063,-0.009785,0.777257,-0.178275,0.603397,0.611591,0.439262,-0.658031,-0.14774,0.880492,0.450451,-3.2e-05,-0.00029,-0.000304,-0.00056,-2.7e-05,-0.017578,-0.934473,0.054215,0.041087,-0.052344,0.11572,0.574221,-0.81048,-0.405532,0.772171,0.489177,0.906725,0.272068,0.322221,-0.007004,0.002644,0.002579,0.139381,0.265643,0.150252,0.517939
798,0.102492,-0.01914,0.308386,-0.146191,-0.558506,-0.816545,0.355026,-0.800043,0.483591,-0.923178,-0.218509,0.316264,-0.01503,-0.006719,0.012293,0.039215,-1.364689,2.338228,0.518207,-0.20534,0.010738,0.296346,-0.764891,0.211057,0.608596,-0.632933,-0.422301,-0.648839,0.121045,-0.881722,0.455825,-0.00056,0.009578,-0.009522,-0.074529,0.451624,0.365177,-0.820632,0.023356,0.059025,-0.009826,0.775996,-0.176996,0.605393,0.612696,0.439444,-0.656879,-0.149772,0.880659,0.449452,-0.000159,-0.001414,-0.001479,0.000585,-0.007521,-0.008511,-0.93382,0.05393,0.041115,-0.052197,0.124866,0.568666,-0.813034,-0.402063,0.778151,0.482519,0.907057,0.266641,0.325805,-0.007078,0.002371,0.002261,-0.003024,0.041168,-0.015738,0.516142
799,0.101733,-0.019218,0.30883,-0.1552,-0.557859,-0.815323,0.351238,-0.802552,0.482196,-0.923145,-0.210848,0.321516,-0.014684,-0.005458,0.013735,-0.030683,0.026876,-0.015144,0.518135,-0.205359,0.010624,0.296154,-0.76317,0.211053,0.610754,-0.634493,-0.424235,-0.646047,0.123727,-0.880794,0.456898,-0.000558,-0.004895,-0.005126,-0.004142,0.02821,-0.01482,-0.791665,0.023346,0.058974,-0.009924,0.772732,-0.175745,0.609915,0.615611,0.441581,-0.652709,-0.154617,0.87984,0.449414,-0.000284,-0.002524,-0.002642,-0.003333,0.007846,-0.041596,-0.937902,0.053544,0.04107,-0.051975,0.133439,0.566169,-0.813415,-0.397928,0.782297,0.479231,0.907659,0.259733,0.329683,-0.007353,-0.002747,0.006859,-0.052581,0.000113,-0.031209,0.516306
800,0.100809,-0.019291,0.30944,-0.155493,-0.558905,-0.814551,0.350216,-0.802206,0.483516,-0.923484,-0.209396,0.321494,-0.028824,-0.000695,0.018195,-0.03364,-0.071667,0.119229,0.518458,-0.205348,0.010483,0.295946,-0.759042,0.206954,0.617265,-0.638164,-0.424545,-0.642217,0.130116,-0.881612,0.453534,-0.000529,-0.004641,-0.004869,-0.032369,0.147566,0.074645,-0.716203,0.023351,0.058902,-0.010029,0.768549,-0.171973,0.616244,0.61927,0.441942,-0.648992,-0.160735,0.880404,0.446152,-0.000232,-0.00206,-0.00216,-0.036862,0.155921,0.116685,-0.915368,0.053092,0.041031,-0.05168,0.133399,0.567364,-0.812589,-0.396772,0.781916,0.480811,0.908172,0.258273,0.329421,-0.007027,-0.001586,0.008195,-0.035662,0.016383,-0.021509,0.516306
801,0.100299,-0.019332,0.309783,-0.15556,-0.559047,-0.81444,0.349574,-0.802276,0.483863,-0.923715,-0.208748,0.321249,-0.014198,-0.003729,0.015693,-0.033035,-0.071232,0.124262,0.518925,-0.205338,0.01041,0.295838,-0.75773,0.205431,0.619383,-0.639274,-0.424674,-0.641026,0.132317,-0.881904,0.452328,-0.000491,-0.004301,-0.004517,-0.010057,0.042579,0.031918,-0.664637,0.023357,0.058864,-0.010084,0.767,-0.170234,0.618652,0.620515,0.442192,-0.647632,-0.163314,0.880617,0.444794,-0.000286,-0.002539,-0.002667,-0.014503,0.03704,-0.024824,-0.896263,0.052832,0.041014,-0.051504,0.133447,0.567513,-0.812477,-0.396138,0.782015,0.481171,0.908441,0.257642,0.329171,-0.014379,-0.000197,0.009274,-0.036206,0.031734,-0.050693,0.516796
802,0.09923,-0.019433,0.310584,-0.155255,-0.557293,-0.8157,0.347792,-0.803679,0.482819,-0.92444,-0.208047,0.319617,-0.028431,0.000656,0.019665,-0.036318,0.032016,-0.050478,0.519162,-0.205391,0.010191,0.295653,-0.752281,0.19961,0.627869,-0.643822,-0.425409,-0.635968,0.141115,-0.88288,0.447742,-0.000193,-0.016178,0.002591,-0.070737,0.161662,0.094352,-0.597225,0.02333,0.058758,-0.01018,0.761384,-0.164705,0.627029,0.625083,0.443026,-0.642649,-0.171943,0.881249,0.440267,-0.000289,-0.00256,-0.002693,-0.0439,0.174296,0.084016,-0.822292,0.052303,0.04096,-0.051107,0.133216,0.565582,-0.81386,-0.394409,0.783607,0.48,0.909227,0.25705,0.32746,-0.014221,0.00035,0.009876,-0.036367,0.034891,-0.055383,0.516632
803,0.098149,-0.019584,0.311451,-0.155179,-0.556332,-0.81637,0.345936,-0.804654,0.482526,-0.925148,-0.206848,0.318342,-0.028522,0.000331,0.019228,-0.036301,0.03211,-0.050449,0.519066,-0.205416,0.009993,0.295534,-0.748241,0.194983,0.63412,-0.64701,-0.426125,-0.632241,0.147892,-0.883562,0.444194,-0.000366,-0.003193,-0.003365,-0.012303,0.052515,0.03934,-0.582724,0.023317,0.058654,-0.010238,0.757105,-0.159939,0.633411,0.628267,0.444037,-0.638835,-0.179084,0.881617,0.436667,-0.000206,-0.00181,-0.001907,-0.017651,0.04122,-0.025042,-0.784409,0.051763,0.040888,-0.050671,0.133198,0.564637,-0.81452,-0.392611,0.784669,0.47974,0.910007,0.25589,0.326199,-0.014719,-0.005459,0.013656,-0.071063,0.0514,-0.069422,0.517122
804,0.097652,-0.019675,0.311876,-0.154893,-0.554735,-0.81751,0.344843,-0.805803,0.481389,-0.925604,-0.206665,0.317132,-0.02934,-0.010666,0.027536,-0.068242,-0.052936,0.103887,0.519363,-0.205413,0.009932,0.29547,-0.746848,0.193502,0.636213,-0.648118,-0.426306,-0.630983,0.150078,-0.883799,0.442989,-0.00038,-0.003314,-0.003495,-0.003549,0.025805,-0.016625,-0.581992,0.023319,0.058625,-0.010269,0.75579,-0.158478,0.635346,0.629225,0.444356,-0.637669,-0.181264,0.881721,0.435558,-0.000134,-0.001195,-0.001259,-0.002715,-0.018113,-0.02664,-0.778204,0.051515,0.040846,-0.050461,0.13302,0.563134,-0.815588,-0.39161,0.785804,0.478699,0.910465,0.255716,0.325056,-0.014297,9.4e-05,0.009535,-0.036336,0.033911,-0.053486,0.517122
805,0.096719,-0.01983,0.312619,-0.153819,-0.549532,-0.821219,0.342608,-0.809208,0.477257,-0.926614,-0.207268,0.313773,-0.028899,-0.000948,0.017685,-0.036229,0.031179,-0.04867,0.519796,-0.205422,0.009857,0.295375,-0.745427,0.192069,0.63831,-0.649257,-0.426456,-0.62971,0.152215,-0.884037,0.441783,-0.000185,-0.001617,-0.001707,-7.3e-05,0.000312,0.000234,-0.582494,0.023314,0.058585,-0.010318,0.754528,-0.157154,0.637172,0.630165,0.444591,-0.636576,-0.183241,0.881839,0.43449,-0.000126,-0.001115,-0.001178,0.001022,-0.006758,-0.006054,-0.774285,0.051048,0.040766,-0.050084,0.132236,0.557732,-0.819419,-0.389482,0.789423,0.474462,0.911491,0.256408,0.321616,-0.007152,-0.001988,0.007663,-0.035363,0.018729,-0.022922,0.517775
806,0.095996,-0.019831,0.313067,-0.150979,-0.549242,-0.821939,0.340852,-0.8094,0.478189,-0.927732,-0.207287,0.31044,-0.013839,0.005656,0.005376,-0.001055,-0.001079,-0.005414,0.520475,-0.205472,0.009791,0.295309,-0.745192,0.19256,0.638436,-0.64959,-0.426347,-0.62944,0.151941,-0.883983,0.441984,-0.00014,-0.001217,-0.001286,-0.0,0.0,0.0,-0.583456,0.023289,0.058552,-0.010352,0.754352,-0.157727,0.637238,0.630486,0.444461,-0.636349,-0.182858,0.881802,0.434725,-7.8e-05,-0.000692,-0.00073,0.001084,-0.001194,0.000607,-0.774122,0.050682,0.040765,-0.049854,0.129328,0.557405,-0.820105,-0.387691,0.789642,0.475562,0.912671,0.256445,0.318223,-0.007074,0.002341,0.002146,0.005971,0.024093,-0.026209,0.518429
807,0.095535,-0.019692,0.313176,-0.148371,-0.550459,-0.8216,0.340087,-0.808521,0.480216,-0.928436,-0.207487,0.308192,8.2e-05,0.000274,0.000313,-0.002866,-0.005833,-0.003446,0.521428,-0.205485,0.009782,0.295285,-0.744709,0.193532,0.638706,-0.650272,-0.426099,-0.628904,0.151389,-0.883892,0.442356,-7e-06,-5.8e-05,-6.1e-05,-0.0,0.0,0.0,-0.584499,0.023283,0.058547,-0.010364,0.753899,-0.158756,0.637519,0.631203,0.44421,-0.635813,-0.182253,0.881745,0.435097,2e-06,1.9e-05,2.1e-05,0.00076,-0.00073,0.000485,-0.775102,0.050452,0.040833,-0.049793,0.126542,0.558511,-0.819787,-0.386816,0.78879,0.477684,0.913432,0.25666,0.315856,1.6e-05,6.3e-05,8.2e-05,0.01198,0.012042,0.006866,0.519898
808,0.095435,-0.019645,0.313143,-0.145682,-0.551126,-0.821633,0.339343,-0.807944,0.481711,-0.929137,-0.20796,0.305751,-0.000266,-0.000884,-0.00101,-0.120451,-0.245115,-0.144871,0.521375,-0.205495,0.009789,0.295292,-0.744582,0.193789,0.638776,-0.65045,-0.42604,-0.62876,0.151247,-0.883864,0.44246,3e-06,2.4e-05,2.5e-05,-0.0,0.0,0.0,-0.584345,0.023278,0.058551,-0.010359,0.75378,-0.159032,0.637591,0.631392,0.444146,-0.63567,-0.182092,0.881727,0.4352,6e-06,4.7e-05,5.1e-05,0.000621,-0.000604,0.000404,-0.775102,0.050396,0.040862,-0.049811,0.125037,0.558819,-0.819808,-0.38645,0.788467,0.478514,0.913795,0.256984,0.314543,-0.007601,0.000553,9.3e-05,-0.220144,-0.374686,-0.258952,0.520061
809,0.095417,-0.019568,0.31298,-0.142885,-0.551513,-0.821865,0.338825,-0.807464,0.482879,-0.929764,-0.208793,0.303268,0.000385,0.009444,-0.01011,0.033885,-0.019359,0.014976,0.521481,-0.205504,0.009792,0.295311,-0.744452,0.19405,0.638848,-0.650628,-0.426003,-0.628601,0.15112,-0.883825,0.442581,4.7e-05,0.000411,0.000434,-0.0,0.0,0.0,-0.584282,0.023273,0.058553,-0.01035,0.753656,-0.15932,0.637666,0.631586,0.444098,-0.635512,-0.181937,0.881699,0.435322,3.1e-05,0.000273,0.000288,0.010739,-0.117903,0.160418,-0.775101,0.050387,0.040898,-0.049896,0.121061,0.559271,-0.820096,-0.385616,0.787782,0.48031,0.914682,0.258096,0.311034,0.000169,0.00464,-0.005146,0.044172,-0.005778,0.022932,0.519898
810,0.095557,-0.019522,0.312824,-0.142737,-0.551095,-0.822172,0.33911,-0.807626,0.482407,-0.929683,-0.20927,0.303188,-0.000204,-0.000679,-0.000777,-0.0,-0.0,-0.0,0.521463,-0.205487,0.009846,0.295368,-0.74429,0.194367,0.638941,-0.650853,-0.425928,-0.628419,0.150948,-0.883792,0.442706,0.000138,0.001201,0.001267,-0.0,0.0,0.0,-0.584123,0.023282,0.05858,-0.010322,0.753503,-0.159657,0.637763,0.631823,0.44402,-0.63533,-0.181745,0.881677,0.435446,8.5e-05,0.00075,0.000792,0.000294,-0.00026,0.000217,-0.774938,0.050456,0.040919,-0.049977,0.121087,0.55882,-0.820401,-0.385974,0.78795,0.479748,0.914528,0.258562,0.3111,-0.000114,-0.00039,-0.000448,-9.5e-05,0.000482,0.000277,0.520225
811,0.095774,-0.019527,0.312709,-0.142556,-0.550336,-0.822711,0.339205,-0.808025,0.481671,-0.929676,-0.209724,0.302894,-7.2e-05,-0.000241,-0.000276,-0.0,-0.0,-0.0,0.521556,-0.205458,0.009909,0.295448,-0.745639,0.19593,0.636888,-0.649814,-0.425742,-0.629619,0.14874,-0.883539,0.443958,0.01428,0.001009,0.000271,0.002419,-0.016782,0.028064,-0.584844,0.023291,0.058612,-0.01028,0.754996,-0.161229,0.635597,0.630702,0.443784,-0.636608,-0.179428,0.88151,0.436743,9.4e-05,0.000828,0.000874,0.001146,0.007527,0.011185,-0.774775,0.050558,0.040916,-0.050034,0.120963,0.558072,-0.820928,-0.386078,0.788337,0.479028,0.9145,0.258998,0.310819,-3.6e-05,-0.00013,-0.000153,-0.000216,0.00014,9.5e-05,0.520388
812,0.095852,-0.01952,0.312675,-0.142488,-0.550054,-0.822911,0.339242,-0.808172,0.481398,-0.929673,-0.209894,0.302785,-1.1e-05,-3.6e-05,-4.1e-05,-0.0,-0.0,-0.0,0.521328,-0.205433,0.009939,0.295478,-0.745631,0.195933,0.636895,-0.649823,-0.425739,-0.629612,0.148741,-0.883539,0.443956,0.00013,0.001133,0.001195,5e-06,-2.3e-05,-1.7e-05,-0.584919,0.023309,0.058628,-0.010265,0.754899,-0.161233,0.635712,0.630806,0.443753,-0.636526,-0.179471,0.881525,0.436696,6.3e-05,0.000549,0.000579,6.8e-05,0.001302,0.001681,-0.775265,0.050603,0.040919,-0.050052,0.120913,0.557766,-0.821143,-0.386113,0.788497,0.478736,0.914492,0.259169,0.310701,8e-06,2.3e-05,2.2e-05,-0.000177,0.00011,5.2e-05,0.520388
813,0.095957,-0.019452,0.312588,-0.142348,-0.549633,-0.823217,0.339453,-0.808352,0.480947,-0.929618,-0.210304,0.302671,-0.000289,-0.000966,-0.001105,-0.0,-0.0,-0.0,0.522054,-0.205405,0.010013,0.295541,-0.745431,0.196321,0.63701,-0.650103,-0.425622,-0.6294,0.148512,-0.88351,0.444092,0.000205,0.001791,0.001887,0.0,-0.0,-0.0,-0.584976,0.023323,0.058663,-0.010236,0.754711,-0.161603,0.635841,0.63109,0.443651,-0.636316,-0.179261,0.881508,0.436815,5.7e-05,0.000509,0.000535,-1.2e-05,4.9e-05,-1e-06,-0.775428,0.050656,0.040953,-0.050088,0.120807,0.557333,-0.821453,-0.386301,0.788679,0.478285,0.914427,0.259548,0.310576,5e-06,1.3e-05,1.6e-05,-0.000128,5.5e-05,6.8e-05,0.520878
814,0.095983,-0.019346,0.31246,-0.139514,-0.549853,-0.823555,0.338917,-0.807969,0.481968,-0.930246,-0.211198,0.300107,0.000629,0.010277,-0.009158,-0.066861,-0.226013,-0.107712,0.522576,-0.205387,0.010065,0.295609,-0.74533,0.196513,0.637069,-0.650239,-0.425599,-0.629277,0.148426,-0.883479,0.444182,0.000144,0.001263,0.00133,0.0,-0.0,-0.0,-0.585477,0.023332,0.058691,-0.0102,0.754609,-0.161815,0.635908,0.631239,0.443631,-0.636182,-0.179165,0.881479,0.436913,8.5e-05,0.000751,0.00079,-2.7e-05,1.5e-05,8e-06,-0.775591,0.050669,0.041004,-0.050154,0.11874,0.557278,-0.821791,-0.38591,0.788479,0.478929,0.914862,0.260269,0.308684,-0.000142,-0.00048,-0.000549,-0.178309,-0.322764,-0.191161,0.521531
815,0.095972,-0.019284,0.312373,-0.13945,-0.549817,-0.823589,0.339154,-0.807927,0.481871,-0.930169,-0.211449,0.300168,0.000382,0.009453,-0.010101,0.032815,-0.005886,-0.010546,0.522553,-0.205373,0.01008,0.295639,-0.745286,0.196592,0.637096,-0.650295,-0.425602,-0.629216,0.148401,-0.88346,0.444228,8e-05,0.0007,0.000737,0.0,-0.0,-0.0,-0.585822,0.023339,0.058699,-0.010184,0.754568,-0.161896,0.635936,0.631295,0.443637,-0.636122,-0.17914,0.881462,0.436959,4.2e-05,0.000376,0.000395,-7e-06,2.8e-05,5e-06,-0.775918,0.050664,0.041037,-0.050196,0.117739,0.557394,-0.821856,-0.385902,0.788248,0.479315,0.914994,0.260723,0.307907,-7.4e-05,-0.000256,-0.000293,0.010125,0.011592,0.006792,0.521858
816,0.095931,-0.019103,0.312262,-0.139322,-0.549771,-0.823642,0.33963,-0.807829,0.481701,-0.930015,-0.211945,0.300297,0.001043,0.01166,-0.007574,0.034691,-0.017727,0.015938,0.521825,-0.205359,0.010059,0.29569,-0.745267,0.196612,0.637113,-0.650299,-0.42571,-0.629138,0.14848,-0.883403,0.444314,1.3e-05,0.000112,0.000118,0.0,-0.0,-0.0,-0.585901,0.023346,0.058689,-0.010158,0.75455,-0.161916,0.635953,0.631296,0.443747,-0.636045,-0.179216,0.881403,0.437046,0.000154,-0.005887,0.003615,-0.036152,0.014674,-0.015814,-0.776081,0.050642,0.041122,-0.050256,0.117778,0.55733,-0.821894,-0.386461,0.788132,0.479055,0.914754,0.261208,0.308211,0.000132,0.000432,0.000495,-0.002621,0.10313,-0.17004,0.522021
817,0.095826,-0.018903,0.312262,-0.139166,-0.549528,-0.82383,0.339933,-0.80788,0.481401,-0.929928,-0.212375,0.300262,0.0005,0.001668,0.001907,-0.0,-0.0,-0.0,0.521799,-0.20537,0.009988,0.295704,-0.745214,0.196706,0.637145,-0.650348,-0.425825,-0.62901,0.148533,-0.883327,0.444449,-2.9e-05,-0.000251,-0.000264,0.0,-0.0,-0.0,-0.58615,0.02334,0.058653,-0.010152,0.754501,-0.162012,0.635987,0.63134,0.443866,-0.635918,-0.179267,0.881326,0.437181,-1.9e-05,-0.000168,-0.000177,9e-06,2.4e-05,5e-06,-0.776081,0.050595,0.041225,-0.050261,0.117655,0.557166,-0.822023,-0.386794,0.788112,0.478819,0.914629,0.261618,0.308234,0.000355,0.001181,0.001352,0.000282,-0.014798,0.02472,0.521694
818,0.095748,-0.018837,0.312299,-0.139146,-0.549561,-0.823812,0.339983,-0.807846,0.481422,-0.929913,-0.212417,0.300281,-0.014138,0.004592,0.004158,-0.000596,-0.000179,-0.004883,0.522014,-0.205371,0.009959,0.295702,-0.745245,0.196639,0.63713,-0.650296,-0.425887,-0.629022,0.148606,-0.883312,0.444454,-0.000151,-0.001317,-0.001387,-0.001496,0.017018,-0.023208,-0.585927,0.02334,0.05864,-0.01015,0.754521,-0.161962,0.635976,0.631299,0.443921,-0.63592,-0.179328,0.881307,0.437194,-9e-06,-7.5e-05,-8e-05,-3e-06,3e-06,-1.3e-05,-0.776408,0.050556,0.041258,-0.050242,0.117618,0.557094,-0.822077,-0.386829,0.788138,0.478749,0.914619,0.261694,0.308199,0.000178,0.000594,0.00068,-9.3e-05,6.8e-05,2.2e-05,0.521858
