frame,MLTx,MLTy,MLTz,MLTR1,MLTR2,MLTR3,MLTR4,MLTR5,MLTR6,MLTR7,MLTR8,MLTR9,MLTTVx,MLTTVy,MLTTVz,MLTRVx,MLTRVy,MLTRVz,MLGA,MRTx,MRTy,MRTz,MRTR1,MRTR2,MRTR3,MRTR4,MRTR5,MRTR6,MRTR7,MRTR8,MRTR9,MRTTVx,MRTTVy,MRTTVz,MRTRVx,MRTRVy,MRTRVz,MRGA,SLTx,SLTy,SLTz,SLTR1,SLTR2,SLTR3,SLTR4,SLTR5,SLTR6,SLTR7,SLTR8,SLTR9,SLTTVx,SLTTVy,SLTTVz,SLTRVx,SLTRVy,SLTRVz,SLGA,SRTx,SRTy,SRTz,SRTR1,SRTR2,SRTR3,SRTR4,SRTR5,SRTR6,SRTR7,SRTR8,SRTR9,SRTTVx,SRTTVy,SRTTVz,SRTRVx,SRTRVy,SRTRVz,SRGA
2947,0.212482,-0.029135,0.27515,-0.968485,-0.185325,-0.166544,0.158548,-0.974029,0.161563,-0.190955,0.130289,0.972927,-0.076614,-0.02864,-0.009085,-0.077075,-1.16495,-0.950643,-1.912666,-0.162538,0.023237,0.299146,-0.834443,0.102995,0.541375,0.009735,-0.979397,0.201545,0.552019,0.17333,0.815534,-0.108791,-0.029196,-0.017644,-0.379715,0.411791,0.156705,-0.039811,0.043156,0.063408,-0.02539,0.824446,-0.057365,0.563025,-0.064311,0.978909,0.193909,-0.562274,-0.196076,0.803368,-0.047034,-0.020095,-0.00549,-0.56563,0.431142,0.432006,-0.216648,0.106971,0.033132,-0.085543,0.965793,0.191463,-0.174882,-0.162675,0.97255,0.166377,0.201937,-0.132237,0.97043,-0.038716,-0.008413,-0.008128,1.676357,-2.032347,-0.269381,-0.992173
2948,0.209327,-0.03014,0.274728,-0.958962,-0.186896,-0.213326,0.155845,-0.97569,0.153992,-0.235727,0.114653,0.965046,-0.076997,-0.027567,-0.008078,0.057157,-0.916236,-0.708857,-1.897796,-0.166279,0.021576,0.298423,-0.826101,0.11006,0.552662,0.013962,-0.976366,0.215517,0.564348,0.185628,0.804312,-0.094694,-0.049235,-0.020582,-0.433494,0.448273,0.162863,-0.053838,0.04128,0.062591,-0.025744,0.816211,-0.064718,0.574117,-0.068753,0.975765,0.207738,-0.573649,-0.209031,0.79198,-0.047321,-0.024968,-0.010568,-0.606884,0.599599,0.274596,-0.232813,0.105394,0.032629,-0.085755,0.955323,0.194176,-0.222827,-0.160688,0.973978,0.15983,0.248064,-0.116884,0.961666,-0.04632,-0.014676,-0.004572,1.294817,-2.219212,-0.471925,-0.996092
2949,0.206116,-0.031195,0.274381,-0.949322,-0.184416,-0.254605,0.147999,-0.976689,0.155397,-0.276147,0.110063,0.954807,-0.077345,-0.027113,-0.007945,-0.723848,-0.311607,-0.669765,-1.894002,-0.169592,0.019367,0.297358,-0.815582,0.117693,0.566537,0.020015,-0.972694,0.231084,0.579278,0.199669,0.79021,-0.068012,-0.057255,-0.031917,-0.319396,0.331501,0.109931,-0.071174,0.039644,0.061518,-0.026261,0.805582,-0.073448,0.587912,-0.074794,0.971741,0.223886,-0.587743,-0.224331,0.777324,-0.040875,-0.02958,-0.016187,-0.464685,0.498576,0.164766,-0.24849,0.103789,0.032102,-0.085928,0.945329,0.191517,-0.263955,-0.152951,0.975226,0.159809,0.288023,-0.1107,0.951203,-0.04651,-0.014418,-0.004492,-0.932926,-0.258429,0.377201,-0.992499
2950,0.204392,-0.031694,0.274196,-0.94378,-0.185814,-0.273493,0.146792,-0.976647,0.156797,-0.295066,0.10806,0.949361,-0.07753,-0.026646,-0.007555,1.136113,-2.279269,-0.308733,-1.895706,-0.170962,0.018225,0.296741,-0.809096,0.121339,0.575007,0.022982,-0.971091,0.23746,0.588202,0.2052,0.78216,-0.068456,-0.059607,-0.034699,-0.314597,0.329284,0.107149,-0.08893,0.038903,0.060895,-0.026595,0.79867,-0.077537,0.596752,-0.078135,0.969908,0.230593,-0.596675,-0.230795,0.768578,-0.034209,-0.030285,-0.017775,-0.287974,0.300685,0.094025,-0.260736,0.102927,0.031852,-0.086022,0.940218,0.19303,-0.280583,-0.151477,0.97491,0.163109,0.305028,-0.110857,0.945868,-0.046591,-0.014135,-0.004237,-0.674402,-0.384847,-1.228631,-0.991846
2951,0.20094,-0.032566,0.273822,-0.93067,-0.196241,-0.308851,0.152029,-0.975112,0.161291,-0.331658,0.103392,0.937731,-0.077889,-0.025126,-0.00593,-0.618418,-0.718246,-0.968657,-1.907912,-0.173327,0.015795,0.295207,-0.792754,0.126694,0.596222,0.030362,-0.968659,0.246398,0.609737,0.213286,0.763278,-0.055451,-0.064104,-0.041552,-0.55637,0.68985,0.150612,-0.13731,0.037742,0.059702,-0.027348,0.783,-0.082137,0.616574,-0.085477,0.967631,0.237452,-0.61612,-0.238628,0.750634,-0.02812,-0.026594,-0.024728,-0.114074,0.154738,0.014095,-0.299763,0.1012,0.031414,-0.08621,0.926544,0.202509,-0.317023,-0.156399,0.97382,0.16496,0.34213,-0.103261,0.93396,-0.047107,-0.007476,-0.007099,0.112612,-0.703976,-0.750364,-0.99005
2952,0.197628,-0.033343,0.273551,-0.915001,-0.199092,-0.350971,0.15096,-0.975544,0.159677,-0.37304,0.093363,0.923121,-0.094001,-0.0225,-0.001597,0.969511,-2.44644,0.017082,-1.917619,-0.174937,0.013348,0.293307,-0.770838,0.125065,0.624627,0.041894,-0.968386,0.245777,0.636573,0.215475,0.740411,-0.043043,-0.057106,-0.056139,-0.172534,0.607249,-0.178827,-0.180412,0.036932,0.058475,-0.028292,0.759563,-0.083056,0.645108,-0.096945,0.966278,0.238551,-0.643168,-0.243735,0.725897,-0.014061,-0.034453,-0.025075,-0.019503,1.255154,-0.657266,-0.345157,0.09955,0.031022,-0.086352,0.910813,0.206565,-0.357418,-0.155845,0.973793,0.165647,0.382269,-0.095171,0.919136,-0.039096,-0.010909,-0.000781,-0.611126,-0.503084,-1.056591,-0.992989
2953,0.196015,-0.033671,0.273517,-0.908175,-0.199541,-0.368031,0.149579,-0.97574,0.159777,-0.389855,0.090297,0.916453,-0.078893,-0.007695,-0.005843,-1.896069,0.300872,4.506109,-1.918049,-0.175539,0.012067,0.2922,-0.755935,0.124908,0.642613,0.049505,-0.967834,0.246537,0.653673,0.21803,0.724595,-0.029275,-0.058502,-0.05959,-0.390641,0.753743,-0.107932,-0.197117,0.036636,0.05786,-0.028826,0.745021,-0.0828,0.661882,-0.104215,0.965632,0.238103,-0.65885,-0.24637,0.710787,-0.014596,-0.028912,-0.029367,-0.372001,1.517554,-0.176223,-0.364589,0.098738,0.03085,-0.08637,0.901273,0.212918,-0.37732,-0.160299,0.972983,0.166152,0.402503,-0.089265,0.911055,-0.039189,-0.009816,0.00064,1.211044,-2.017614,0.071847,-0.993642
2954,0.192832,-0.034224,0.273673,-0.889643,-0.208479,-0.406347,0.156293,-0.974991,0.157913,-0.428,0.07723,0.900488,-0.078527,-0.015045,0.00734,-0.392793,-0.402899,-0.704714,-1.917923,-0.176411,0.009638,0.289919,-0.734483,0.127783,0.666481,0.062825,-0.965014,0.254428,0.676583,0.228593,0.699888,-0.015547,-0.05993,-0.063872,-0.34479,0.607027,-0.062593,-0.215992,0.036184,0.056616,-0.029987,0.722395,-0.087236,0.685954,-0.117898,0.961945,0.246496,-0.681354,-0.258941,0.68462,-0.014858,-0.030773,-0.032134,-0.414117,0.707372,-0.056579,-0.391859,0.097117,0.030571,-0.086293,0.883769,0.216124,-0.41502,-0.161529,0.97333,0.162896,0.439157,-0.076924,0.89511,-0.039264,-0.007356,0.003972,-0.463335,-0.4383,-0.73229,-0.982212
2955,0.189901,-0.034859,0.274078,-0.868894,-0.204808,-0.45069,0.155439,-0.977235,0.144296,-0.468903,0.055571,0.881515,-0.062829,-0.014106,0.007415,-0.130771,-0.348167,-0.174666,-1.91783,-0.176882,0.007148,0.287262,-0.712635,0.133438,0.688721,0.076597,-0.960997,0.265615,0.69818,0.241881,0.673721,-0.015898,-0.062542,-0.068489,-0.593354,0.929281,0.160243,-0.242097,0.035949,0.055395,-0.031289,0.70159,-0.092176,0.706594,-0.131428,0.957847,0.255449,-0.700355,-0.272086,0.659902,-0.000752,-0.031101,-0.034642,-0.365075,0.753869,-0.195577,-0.413739,0.095675,0.030265,-0.086086,0.862333,0.212838,-0.459434,-0.160894,0.975516,0.149929,0.480097,-0.055369,0.875465,-0.039109,-0.012975,0.007792,0.155503,-0.926778,0.157475,-0.982702
2956,0.187113,-0.035614,0.274596,-0.854929,-0.19421,-0.481064,0.144369,-0.97972,0.138844,-0.497211,0.049486,0.866233,-0.062508,-0.023878,0.017265,-0.083421,-0.47739,0.49849,-1.915263,-0.176918,0.004811,0.284619,-0.690897,0.138604,0.709536,0.088826,-0.957661,0.273729,0.718286,0.251978,0.648409,-0.001624,-0.060692,-0.06946,-0.374166,0.677925,-0.00306,-0.265337,0.035925,0.054198,-0.032641,0.678441,-0.099772,0.727847,-0.143971,0.953468,0.264898,-0.720409,-0.284507,0.632508,0.006437,-0.030035,-0.035001,-0.473412,0.771671,0.118661,-0.441009,0.094281,0.02989,-0.085831,0.848066,0.202957,-0.48948,-0.150377,0.977944,0.144951,0.508104,-0.049322,0.859882,-0.039177,-0.012038,0.00894,0.064811,-0.556262,0.567379,-0.984824
2957,0.185759,-0.035995,0.27488,-0.850372,-0.186203,-0.49218,0.134665,-0.981161,0.13842,-0.507625,0.051654,0.860045,-0.078411,-0.023935,0.017791,-0.235521,-0.526572,0.365404,-1.913168,-0.176839,0.003624,0.283256,-0.678607,0.142245,0.72059,0.094836,-0.95581,0.278148,0.729147,0.25692,0.634192,-0.001644,-0.060415,-0.070051,-0.419987,0.749889,0.046346,-0.27132,0.035964,0.053604,-0.033322,0.666295,-0.103562,0.738461,-0.14996,0.951468,0.268739,-0.730453,-0.2898,0.618428,-0.000788,-0.03015,-0.034935,-0.569842,0.928203,0.173291,-0.450317,0.093611,0.0297,-0.085688,0.843921,0.194455,-0.499982,-0.140644,0.979592,0.143591,0.517701,-0.05086,0.854048,-0.031489,-0.006144,0.004836,-0.259223,-0.72386,0.545885,-0.985478
2958,0.183288,-0.03674,0.275488,-0.839856,-0.166343,-0.516737,0.116316,-0.984928,0.127907,-0.529181,0.047519,0.847193,-0.063008,-0.010744,0.011511,2.79135,-1.233458,-4.019272,-1.90609,-0.176543,0.00122,0.280589,-0.655043,0.150996,0.740345,0.1065,-0.951519,0.28845,0.74881,0.267611,0.606242,0.013757,-0.070482,-0.064043,-0.612361,1.065316,0.066603,-0.287112,0.036106,0.052405,-0.034658,0.643495,-0.112359,0.757158,-0.161452,0.94699,0.277744,-0.748229,-0.300971,0.591243,0.006517,-0.029213,-0.035419,-0.275498,0.56626,-0.050064,-0.467136,0.092369,0.029322,-0.085384,0.834076,0.170077,-0.524775,-0.116713,0.984157,0.133456,0.53916,-0.050065,0.840713,-0.031333,-0.010909,0.009947,-0.079182,-0.509537,0.677362,-0.990703
2959,0.181004,-0.037516,0.27614,-0.826678,-0.157234,-0.540302,0.106358,-0.986519,0.124258,-0.551529,0.045444,0.832934,-0.062807,-0.022979,0.017885,-0.14812,-0.460778,0.443305,-1.901538,-0.176052,-0.001522,0.277938,-0.635872,0.154596,0.756146,0.118372,-0.948528,0.293625,0.763398,0.276027,0.583862,0.013864,-0.071281,-0.066976,-0.296883,0.569453,-0.078673,-0.291397,0.036347,0.051068,-0.035957,0.62357,-0.118372,0.772753,-0.173105,0.943026,0.284141,-0.762361,-0.310949,0.567552,0.006952,-0.035879,-0.033742,-0.440534,0.749057,0.061508,-0.476443,0.091245,0.02895,-0.085061,0.819795,0.166149,-0.548023,-0.112844,0.98509,0.129853,0.561427,-0.044611,0.826322,-0.023641,-0.005799,0.004748,-0.114655,-0.617441,0.633323,-0.992336
2960,0.180039,-0.037916,0.276458,-0.8183,-0.161415,-0.551703,0.109596,-0.985967,0.125817,-0.563252,0.042686,0.825198,-0.046992,-0.022789,0.017455,-0.267221,-0.625536,0.382698,-1.899803,-0.175783,-0.002957,0.27673,-0.627087,0.155821,0.763199,0.12415,-0.947192,0.295546,0.769716,0.279895,0.573637,0.013935,-0.071181,-0.067829,-0.275759,0.647575,-0.270843,-0.291058,0.036487,0.050319,-0.036584,0.614291,-0.120152,0.779878,-0.179083,0.94132,0.286084,-0.768489,-0.315402,0.556727,0.007392,-0.041688,-0.030566,-0.351897,0.608693,-0.07641,-0.478076,0.090739,0.028741,-0.084896,0.811454,0.169656,-0.559248,-0.115704,0.984631,0.130818,0.572847,-0.041445,0.818613,-0.031445,-0.011458,0.008975,-0.340116,-0.694495,0.3074,-0.993969
2961,0.178145,-0.03887,0.277191,-0.805379,-0.164496,-0.569518,0.111968,-0.985644,0.126255,-0.58111,0.038113,0.812949,-0.047112,-0.022948,0.017071,-0.208574,-0.446061,0.259596,-1.896366,-0.175277,-0.006211,0.274391,-0.609736,0.158971,0.776493,0.135879,-0.944133,0.300138,0.781571,0.288321,0.553065,0.014933,-0.081132,-0.060381,-0.24045,0.467578,-0.188777,-0.291387,0.036739,0.048692,-0.03776,0.596508,-0.12436,0.792913,-0.190847,0.937609,0.290629,-0.779586,-0.324688,0.535558,0.007899,-0.046469,-0.026601,-0.284177,0.49421,-0.193933,-0.478893,0.089792,0.028264,-0.084529,0.798323,0.172624,-0.576957,-0.118047,0.984307,0.131163,0.590545,-0.036602,0.806173,-0.02343,-0.017192,0.012458,-0.303122,-0.504483,0.203909,-0.998214
2962,0.176357,-0.039967,0.278001,-0.798768,-0.165638,-0.578428,0.116862,-0.985759,0.12081,-0.589209,0.029102,0.807473,-0.046987,-0.034481,0.024557,0.194291,-0.295511,-0.040488,-1.897041,-0.174686,-0.009788,0.272408,-0.595363,0.162195,0.786909,0.146639,-0.940948,0.305036,0.790642,0.296801,0.535403,0.016828,-0.10151,-0.043814,-0.267745,0.331691,-0.098129,-0.291862,0.03704,0.046872,-0.038776,0.581819,-0.128126,0.803162,-0.201757,0.933909,0.295138,-0.787896,-0.333761,0.517516,0.008437,-0.050656,-0.02179,-0.241862,0.299456,-0.122382,-0.479546,0.08888,0.027708,-0.084117,0.791413,0.173557,-0.586124,-0.122694,0.984434,0.125832,0.59884,-0.027671,0.800389,-0.023511,-0.017295,0.012235,0.198464,-0.292598,-0.041417,-0.998704
2963,0.174699,-0.041237,0.278932,-0.791508,-0.160589,-0.589721,0.116441,-0.986809,0.112348,-0.599,0.020449,0.800504,-0.047099,-0.033794,0.025402,-0.093488,-0.233302,0.362437,-1.898387,-0.174002,-0.013728,0.27091,-0.581452,0.163266,0.797025,0.158169,-0.938203,0.307718,0.798719,0.304789,0.518666,0.018015,-0.10749,-0.030636,-0.281469,0.305039,-0.11875,-0.288599,0.037376,0.044938,-0.03952,0.567878,-0.129804,0.812812,-0.213011,0.930671,0.297447,-0.795072,-0.342053,0.500858,0.008608,-0.047713,-0.018731,-0.242764,0.302938,-0.105577,-0.478239,0.088069,0.027084,-0.083663,0.784124,0.168816,-0.597201,-0.122744,0.985468,0.117408,0.608344,-0.018759,0.793451,-0.023568,-0.016938,0.012674,-0.103335,-0.124107,0.192339,-0.98809
2964,0.173912,-0.041983,0.279481,-0.788832,-0.153334,-0.595212,0.110228,-0.98797,0.108339,-0.603684,0.020037,0.796989,-0.031009,-0.045221,0.032694,-0.133738,-0.129733,0.205133,-1.898081,-0.17367,-0.01578,0.270384,-0.576792,0.162323,0.800596,0.163867,-0.937068,0.308196,0.800942,0.308758,0.512858,0.019061,-0.115271,-0.018751,-0.246007,0.18608,-0.192503,-0.279809,0.037542,0.043912,-0.039791,0.563037,-0.129264,0.816259,-0.218593,0.929221,0.297933,-0.796998,-0.346176,0.49493,0.001492,-0.052163,-0.012767,-0.182942,0.165871,-0.256048,-0.4753,0.08767,0.026715,-0.083391,0.781421,0.161419,-0.602763,-0.116472,0.986716,0.113247,0.613037,-0.018288,0.789841,-0.023614,-0.01703,0.012507,-0.097291,-0.228396,0.361883,-0.984498
2965,0.172381,-0.043637,0.280577,-0.781456,-0.147297,-0.606363,0.108784,-0.989012,0.099966,-0.613454,0.012333,0.789651,-0.031286,-0.047011,0.030032,-0.133774,-0.128038,0.206129,-1.897177,-0.1731,-0.020003,0.269756,-0.566458,0.163027,0.807799,0.175778,-0.933698,0.311839,0.805766,0.318438,0.4992,0.004031,-0.109109,-0.009866,-0.319115,0.31391,-0.137402,-0.259954,0.037834,0.041756,-0.040114,0.552658,-0.129981,0.823209,-0.230652,0.925325,0.300952,-0.800854,-0.356198,0.481408,0.002028,-0.054207,-0.004473,-0.317926,0.311761,-0.139363,-0.456522,0.086904,0.025891,-0.082838,0.773987,0.155373,-0.613842,-0.115108,0.987799,0.104888,0.62265,-0.010524,0.782429,-0.015786,-0.018217,0.01054,-0.095209,-0.227949,0.369918,-0.991356
2966,0.171011,-0.045399,0.281708,-0.774222,-0.143427,-0.616485,0.106238,-0.98961,0.096728,-0.622992,0.009566,0.782187,-0.031447,-0.046992,0.029968,-0.170402,-0.277665,0.315681,-1.891375,-0.172622,-0.024304,0.269701,-0.559056,0.164446,0.812653,0.176501,-0.933987,0.310562,0.810757,0.316854,0.492076,0.005107,-0.113474,0.006886,-0.251757,0.051129,-0.076887,-0.255456,0.03807,0.039686,-0.040144,0.545439,-0.131841,0.827716,-0.230854,0.925721,0.299576,-0.805731,-0.354482,0.474488,0.010319,-0.055817,0.003908,-0.258631,0.129607,-0.189602,-0.446887,0.086219,0.025009,-0.082274,0.766605,0.151643,-0.623954,-0.112614,0.988404,0.101857,0.632166,-0.007818,0.774793,-0.015717,-0.023183,0.015462,-0.162695,-0.394571,0.510416,-0.9876
2967,0.170396,-0.04628,0.282272,-0.771442,-0.141025,-0.620511,0.105118,-0.989972,0.094222,-0.626618,0.007628,0.779306,-0.031515,-0.046877,0.03009,-0.126447,-0.229166,0.374379,-1.886914,-0.172481,-0.026373,0.269852,-0.554575,0.168542,0.814881,0.171258,-0.935115,0.310103,0.814946,0.311324,0.488675,0.004335,-0.098608,0.003716,0.189955,0.193247,0.1833,-0.253337,0.038141,0.038649,-0.040072,0.54136,-0.135105,0.829864,-0.227323,0.926726,0.299168,-0.809476,-0.350605,0.47098,0.002641,-0.054528,0.006425,4.23775,1.861351,2.485143,-0.444601,0.085912,0.024568,-0.081994,0.76385,0.149252,-0.627897,-0.111583,0.988782,0.099292,0.635674,-0.005781,0.771935,-0.015794,-0.023718,0.014668,-0.114445,-0.205329,0.348202,-0.981395
2968,0.169255,-0.048049,0.283345,-0.767183,-0.133239,-0.627474,0.098318,-0.991049,0.090147,-0.632915,0.007626,0.7742,-0.031702,-0.047368,0.029295,-0.125818,-0.225666,0.376434,-1.876643,-0.172367,-0.03035,0.270458,-0.549262,0.167379,0.818711,0.176934,-0.93415,0.309823,0.817323,0.314827,0.48242,0.004513,-0.091105,0.014002,-0.21162,0.006445,-0.01232,-0.249606,0.038198,0.036654,-0.039779,0.535612,-0.135148,0.833579,-0.231334,0.925868,0.298753,-0.81216,-0.352851,0.464641,-0.00517,-0.051688,0.011102,-0.251897,0.049012,-0.083409,-0.441009,0.085353,0.023702,-0.081467,0.759684,0.141524,-0.634704,-0.104979,0.989918,0.095077,0.641762,-0.005598,0.766883,-0.007931,-0.018396,0.010019,-0.064476,-0.241831,0.368818,-0.979273
2969,0.168347,-0.049709,0.284262,-0.76352,-0.127487,-0.633111,0.093395,-0.991806,0.087,-0.638067,0.007449,0.769962,-0.016006,-0.037933,0.018301,-0.092455,-0.235536,0.404179,-1.853218,-0.172303,-0.033984,0.271351,-0.545923,0.16391,0.821641,0.187081,-0.931991,0.310366,0.817296,0.322948,0.477069,0.005491,-0.097488,0.028768,-0.260714,0.126452,-0.196137,-0.234523,0.038234,0.034767,-0.039315,0.531918,-0.13171,0.83649,-0.241775,0.923087,0.299087,-0.811546,-0.361332,0.459162,0.002733,-0.048446,0.014813,-0.261426,0.126359,-0.196671,-0.431375,0.084882,0.022852,-0.080992,0.755972,0.135642,-0.640395,-0.099916,0.990742,0.091901,0.646932,-0.005489,0.762526,-0.015978,-0.024242,0.013821,-0.135029,-0.107743,0.185314,-0.981559
2970,0.167952,-0.050547,0.284733,-0.760369,-0.125623,-0.637262,0.093962,-0.992065,0.083368,-0.641733,0.003662,0.766936,-0.015987,-0.037187,0.019351,-0.103333,-0.033871,0.061468,-1.836431,-0.172267,-0.035688,0.271857,-0.545828,0.160104,0.822453,0.191789,-0.931565,0.308767,0.816265,0.326075,0.476706,-0.011114,-0.083991,0.025662,-0.217494,0.101523,-0.192646,-0.223874,0.038256,0.033946,-0.039072,0.531867,-0.127775,0.837132,-0.246165,0.922533,0.297209,-0.810258,-0.364149,0.459212,0.002761,-0.047287,0.016455,-0.268323,0.119166,-0.16748,-0.423537,0.084684,0.022431,-0.080759,0.752706,0.133501,-0.644678,-0.100337,0.991047,0.088076,0.650665,-0.00161,0.759363,-0.015973,-0.023796,0.014444,-0.131042,-0.21931,0.380034,-0.979762
2971,0.167098,-0.052233,0.285642,-0.7533,-0.120963,-0.646492,0.095634,-0.992632,0.074211,-0.64977,-0.00578,0.760126,-0.01595,-0.048595,0.027079,0.334187,-0.637554,0.663045,-1.80811,-0.172126,-0.038667,0.272969,-0.544852,0.155381,0.824005,0.200156,-0.930099,0.307874,0.814905,0.332485,0.474602,0.004061,-0.064546,0.027821,-0.171176,-0.036813,0.053156,-0.205085,0.038319,0.03247,-0.038532,0.530464,-0.123147,0.838714,-0.254458,0.920634,0.296112,-0.808615,-0.370495,0.457027,0.009951,-0.031886,0.013616,-0.189209,0.065089,-0.078457,-0.402962,0.084269,0.021606,-0.080314,0.7467,0.130715,-0.652189,-0.102496,0.9914,0.081352,0.657215,0.006101,0.753677,-0.008017,-0.024633,0.013066,-0.13435,-0.117512,0.21016,-0.974537
2972,0.166261,-0.053963,0.28652,-0.745227,-0.119003,-0.656142,0.102169,-0.992697,0.063921,-0.658031,-0.019262,0.752762,-0.032356,-0.049531,0.025857,0.012078,-0.355969,0.495088,-1.779571,-0.171848,-0.040865,0.274103,-0.544577,0.151408,0.824926,0.206607,-0.928965,0.307035,0.813475,0.337454,0.473546,0.019278,-0.048113,0.025661,-0.145454,0.043588,-0.067078,-0.204113,0.038454,0.031345,-0.037948,0.52995,-0.119221,0.839606,-0.260972,0.919092,0.295231,-0.806873,-0.375572,0.455959,0.002099,-0.029508,0.017957,-0.186592,0.060651,-0.086197,-0.394961,0.083833,0.02071,-0.079856,0.737399,0.126833,-0.663441,-0.108711,0.991692,0.068757,0.66665,0.021422,0.745062,-0.016199,-0.024834,0.012846,0.020798,-0.366111,0.505249,-0.971435
2973,0.165363,-0.055717,0.28749,-0.736708,-0.129933,-0.663645,0.119563,-0.990924,0.061204,-0.664659,-0.034104,0.746386,-0.032186,-0.04602,0.030869,0.085658,-0.356411,-0.273096,-1.758686,-0.171412,-0.042356,0.275114,-0.543143,0.14999,0.82613,0.211577,-0.927639,0.307661,0.813154,0.34171,0.471039,0.001782,-0.021106,0.018039,-0.071111,0.006436,-0.011629,-0.203803,0.038671,0.030601,-0.03745,0.528362,-0.11791,0.840791,-0.265894,0.917511,0.295759,-0.806309,-0.379829,0.453426,0.008848,-0.01041,0.008347,-0.071074,0.00655,-0.006827,-0.393491,0.083401,0.019857,-0.0794,0.729703,0.136338,-0.670032,-0.124685,0.990021,0.065661,0.672299,0.03563,0.739421,-0.016087,-0.022966,0.015539,3.306278,-0.859684,-4.127728,-0.967352
2974,0.164832,-0.056453,0.288014,-0.734747,-0.129441,-0.665911,0.120476,-0.990911,0.059605,-0.666661,-0.036278,0.744495,-0.032085,-0.044231,0.03343,-0.135431,-0.119886,0.210804,-1.753919,-0.171149,-0.042766,0.275479,-0.542897,0.149775,0.82633,0.212923,-0.92719,0.308085,0.812966,0.34302,0.470411,0.017787,-0.019276,0.018964,-0.069067,-0.00882,0.017588,-0.203996,0.038804,0.030385,-0.037255,0.52807,-0.117679,0.841007,-0.267315,0.91697,0.296156,-0.80603,-0.381205,0.452767,0.000452,-0.004537,0.005588,-0.036571,0.010782,-0.018152,-0.393328,0.083117,0.019458,-0.07912,0.726629,0.137362,-0.673157,-0.127087,0.989772,0.064786,0.675172,0.038474,0.736655,-0.016047,-0.021973,0.016942,-0.126028,-0.102745,0.22015,-0.968822
2975,0.163515,-0.057832,0.289128,-0.725675,-0.128536,-0.675958,0.123342,-0.990774,0.055906,-0.676006,-0.042652,0.735679,-0.032194,-0.031888,0.026933,-0.1811,-0.183666,-0.023824,-1.745082,-0.170384,-0.043176,0.27601,-0.544831,0.14817,0.825346,0.213726,-0.927143,0.30767,0.811461,0.343844,0.472403,0.016923,-0.007927,0.01109,-0.028609,-0.01522,0.004083,-0.20538,0.039187,0.030181,-0.036979,0.530096,-0.115766,0.839997,-0.268079,0.916943,0.295546,-0.804444,-0.381854,0.455033,0.00846,-0.003694,0.005931,-0.042073,-0.008673,0.041916,-0.394471,0.082471,0.018782,-0.07857,0.717704,0.136232,-0.68289,-0.13001,0.989647,0.060789,0.684102,0.045154,0.727986,-0.024245,-0.015664,0.013963,-0.208161,-0.418079,0.260948,-0.972741
2976,0.161855,-0.059086,0.290238,-0.715504,-0.125294,-0.687314,0.12614,-0.990776,0.049222,-0.686254,-0.051331,0.725567,-0.032258,-0.031393,0.027539,-0.238987,-0.518499,0.248747,-1.736803,-0.169461,-0.043213,0.276163,-0.546683,0.146546,0.824411,0.213514,-0.927545,0.306604,0.810272,0.343459,0.474719,0.031962,0.002415,-7e-05,0.005438,-0.032895,0.056852,-0.204919,0.039636,0.030161,-0.036893,0.531803,-0.114075,0.839149,-0.267947,0.917315,0.29451,-0.803361,-0.381469,0.457265,0.016429,-0.004221,0.004235,-0.041757,-0.006707,0.048357,-0.394308,0.081641,0.018157,-0.078012,0.708149,0.132842,-0.693452,-0.133041,0.989653,0.053723,0.693414,0.054213,0.718496,-0.024291,-0.015423,0.01424,-0.352177,-0.593779,-0.050988,-0.97617
2977,0.160052,-0.06018,0.291211,-0.707586,-0.115327,-0.697185,0.122674,-0.991648,0.039456,-0.695034,-0.057472,0.716695,-0.065061,-0.030968,0.028097,0.361218,-0.701571,0.817028,-1.728936,-0.168524,-0.04317,0.276174,-0.548949,0.145353,0.823116,0.212643,-0.928001,0.305829,0.808971,0.342736,0.477454,0.015969,0.000789,-0.000676,0.002478,-0.016001,0.02872,-0.205803,0.040117,0.030184,-0.036887,0.534027,-0.112863,0.837899,-0.267078,0.917782,0.293843,-0.802174,-0.380705,0.459978,0.015968,0.000715,-0.000801,-0.001929,-0.021602,0.063969,-0.394798,0.080752,0.017612,-0.077523,0.699479,0.124,-0.703812,-0.1297,0.990503,0.045608,0.702784,0.059382,0.70892,-0.024367,-0.01587,0.013474,1.467465,-1.716213,1.810207,-0.977803
2978,0.159037,-0.060729,0.291657,-0.704516,-0.111965,-0.700832,0.123426,-0.991747,0.034291,-0.698013,-0.06221,0.713396,-0.048979,-0.032877,0.02518,-0.078735,-0.203236,0.364194,-1.722209,-0.168029,-0.04322,0.276172,-0.54737,0.144367,0.824339,0.21314,-0.928403,0.304258,0.809907,0.342065,0.476345,0.031914,0.000238,-0.003347,0.007019,-0.001514,0.017034,-0.205806,0.040359,0.030161,-0.036884,0.532279,-0.111997,0.839127,-0.267583,0.918135,0.292277,-0.803167,-0.380109,0.458736,0.007981,0.000153,-0.00072,0.016992,0.03209,-0.0263,-0.394634,0.080239,0.017341,-0.077296,0.696268,0.119966,-0.707685,-0.130519,0.990657,0.039522,0.705815,0.064848,0.705421,-0.024512,-0.010764,0.008714,-0.003307,-0.250409,0.435801,-0.976987
2979,0.156851,-0.061818,0.292499,-0.698084,-0.099021,-0.709167,0.119083,-0.992641,0.021306,-0.705192,-0.06946,0.705625,-0.065536,-0.032586,0.025331,-0.100461,-0.07893,0.15072,-1.688486,-0.167042,-0.043432,0.276206,-0.543948,0.142119,0.826991,0.214587,-0.929145,0.300957,0.811825,0.340992,0.473843,0.015956,-0.000409,-0.002479,0.002045,-0.015204,0.029244,-0.205348,0.040858,0.030053,-0.036872,0.528672,-0.10993,0.841676,-0.268974,0.918782,0.288948,-0.805082,-0.379148,0.456166,0.016427,-0.005561,0.002193,-0.033637,-0.023694,0.045126,-0.394471,0.079152,0.016795,-0.076877,0.689859,0.106798,-0.716021,-0.126207,0.991654,0.026314,0.712856,0.072214,0.697581,-0.02461,-0.010988,0.008288,-0.063278,-0.208526,0.394598,-0.973067
2980,0.154609,-0.062815,0.293264,-0.692713,-0.088,-0.715856,0.115203,-0.993272,0.01055,-0.711108,-0.075059,0.699084,-0.049388,-0.02236,0.015723,-0.063897,-0.104737,0.199432,-1.660169,-0.166172,-0.04382,0.276382,-0.535598,0.135891,0.833462,0.218709,-0.930896,0.292462,0.816257,0.338762,0.46779,0.016906,-0.011413,0.005841,-0.034415,-0.004786,0.010948,-0.202514,0.041293,0.029862,-0.036788,0.51984,-0.104097,0.847897,-0.272929,0.920289,0.280315,-0.80949,-0.377136,0.449992,0.008449,-0.00583,0.002725,-0.049055,0.093575,-0.150823,-0.393328,0.078025,0.016292,-0.076492,0.684534,0.095834,-0.722653,-0.122439,0.992352,0.01562,0.718624,0.077789,0.691033,-0.032853,-0.010554,0.008753,-0.060418,-0.195971,0.369824,-0.96327
2981,0.153476,-0.063258,0.293632,-0.691357,-0.082666,-0.7178,0.110695,-0.99381,0.007762,-0.71314,-0.073995,0.697125,-0.049334,-0.021363,0.017077,-0.057495,-0.21115,0.400645,-1.644556,-0.165851,-0.044065,0.276536,-0.5321,0.129773,0.836672,0.22136,-0.932417,0.28554,0.817826,0.336983,0.466333,0.016925,-0.010715,0.006857,-0.025234,0.134158,-0.221832,-0.199679,0.041453,0.029738,-0.036713,0.516234,-0.098037,0.850817,-0.275341,0.921689,0.273267,-0.810979,-0.375335,0.448814,0.008461,-0.005368,0.003401,0.013379,0.169014,-0.183313,-0.391695,0.077439,0.01606,-0.076304,0.683166,0.090343,-0.724652,-0.117812,0.992953,0.012725,0.720696,0.076679,0.688996,-0.024682,-0.010692,0.008561,-0.058071,-0.210984,0.400979,-0.958371
2982,0.151329,-0.063997,0.294268,-0.688945,-0.073373,-0.721122,0.102898,-0.994674,0.002826,-0.716633,-0.072171,0.693726,-0.049406,-0.02095,0.017482,-0.068615,-0.023671,0.049977,-1.596812,-0.165329,-0.044551,0.276886,-0.533975,0.120725,0.836832,0.224216,-0.934025,0.277953,0.815824,0.335905,0.470598,0.016944,-0.010309,0.007437,0.209005,-0.379015,-0.470351,-0.175631,0.041714,0.0295,-0.036541,0.516354,-0.091005,0.851525,-0.278237,0.922564,0.267316,-0.809914,-0.374956,0.451049,0.008467,-0.005136,0.003736,-0.052661,0.101198,-0.157578,-0.381898,0.076403,0.015703,-0.075995,0.680843,0.081237,-0.727909,-0.110242,0.993873,0.007806,0.724084,0.074932,0.685628,-0.024687,-0.010285,0.00906,-0.063288,-0.11672,0.226014,-0.951676
2983,0.149661,-0.064372,0.294612,-0.68714,-0.066663,-0.723492,0.097628,-0.995208,-0.001098,-0.719099,-0.071312,0.691258,-0.033013,-0.010574,0.008383,-0.031996,-0.050667,0.098233,-1.567832,-0.165088,-0.044985,0.277179,-0.536492,0.112269,0.836399,0.226415,-0.935553,0.270945,0.813563,0.334597,0.475418,0.000945,-0.011573,0.007503,0.102982,-0.252476,-0.189318,-0.157289,0.04184,0.02928,-0.03639,0.519286,-0.08092,0.85076,-0.280262,0.924326,0.258983,-0.807338,-0.372922,0.457311,0.000465,-0.005844,0.003661,0.15627,-0.262495,-0.430702,-0.358221,0.075544,0.015508,-0.075817,0.679029,0.074379,-0.730333,-0.104882,0.994477,0.003765,0.72658,0.074042,0.68308,-0.024714,0.000341,0.000121,0.001669,-0.035195,0.061927,-0.95086
2984,0.148409,-0.064412,0.294605,-0.683969,-0.063335,-0.726788,0.094875,-0.995472,-0.002609,-0.722482,-0.070667,0.687788,-0.033148,-0.000846,-0.001862,-0.194409,-0.54629,-0.164038,-1.555708,-0.165068,-0.045447,0.277365,-0.538041,0.106463,0.836163,0.228292,-0.936439,0.266265,0.812015,0.334022,0.47846,-2.2e-05,-0.002151,-0.003169,0.000907,0.077469,-0.186223,-0.155344,0.041851,0.029047,-0.036291,0.521151,-0.074298,0.850223,-0.281988,0.925265,0.253702,-0.805532,-0.37197,0.461253,0.000458,-0.006869,0.002151,-0.04861,0.036826,-0.036583,-0.351526,0.074919,0.015485,-0.075814,0.677789,0.069941,-0.731921,-0.101969,0.994787,0.000632,0.72815,0.074205,0.681388,-0.008336,-0.000541,-0.000923,0.004508,-0.078032,0.146429,-0.954453
2985,0.147946,-0.064439,0.294539,-0.683376,-0.061269,-0.727523,0.093572,-0.99559,-0.004123,-0.723213,-0.070825,0.687003,-0.01688,-0.002489,-0.003985,0.001347,-0.070769,0.117644,-1.556516,-0.165127,-0.045654,0.277418,-0.540669,0.101768,0.835052,0.228681,-0.937422,0.262446,0.810159,0.332734,0.482486,-2.3e-05,-0.00218,-0.003214,0.179624,-0.341643,-0.221374,-0.146111,0.041821,0.028943,-0.036265,0.522485,-0.07093,0.849692,-0.28254,0.925828,0.251021,-0.804475,-0.371227,0.463691,-0.007557,-0.007286,0.002505,0.266739,-0.516242,-0.428243,-0.347444,0.074693,0.015474,-0.075844,0.67508,0.069028,-0.734507,-0.100815,0.994904,0.000842,0.730823,0.073481,0.678599,-0.00844,-0.00125,-0.001977,0.010837,-0.049187,0.127895,-0.959351
2986,0.147322,-0.064538,0.294345,-0.682485,-0.058183,-0.728611,0.09164,-0.995758,-0.006395,-0.724301,-0.07107,0.685831,-0.016993,-0.003151,-0.004988,0.003776,-0.064605,0.120815,-1.561607,-0.165318,-0.045931,0.277404,-0.542979,0.096732,0.834151,0.229382,-0.93841,0.258273,0.808416,0.33146,0.486272,-3.8e-05,-0.003298,-0.004869,0.034263,-0.053968,-0.069161,-0.119829,0.041726,0.028805,-0.036272,0.525537,-0.064263,0.84834,-0.283044,0.927135,0.245574,-0.802307,-0.369176,0.469054,-2e-05,-0.001681,-0.00248,0.010572,-0.016067,-0.045781,-0.325726,0.074363,0.015422,-0.075944,0.67436,0.0658,-0.735464,-0.098874,0.995098,-0.00163,0.731753,0.073818,0.67756,-0.008496,-0.001596,-0.002511,0.003932,-0.064072,0.121137,-0.967679
2987,0.146964,-0.064612,0.294229,-0.68222,-0.05729,-0.72893,0.09107,-0.995806,-0.007042,-0.724622,-0.071124,0.685486,-0.000223,-0.001499,-0.002212,-0.0,-0.0,-0.0,-1.563674,-0.165449,-0.046089,0.277259,-0.548547,0.087739,0.831498,0.229207,-0.940532,0.250593,0.804702,0.327943,0.494743,-4.1e-05,-0.00346,-0.005116,0.271546,-0.507946,-0.362791,-0.09924,0.04166,0.028727,-0.036342,0.529289,-0.057275,0.846505,-0.282949,0.928686,0.239754,-0.79987,-0.366418,0.475337,-1.9e-05,-0.001721,-0.002543,0.027911,-0.047901,-0.066189,-0.306294,0.074183,0.015382,-0.076006,0.674102,0.064903,-0.73578,-0.098309,0.995153,-0.002286,0.732066,0.073875,0.677215,-0.008336,-0.000481,-0.00088,0.003738,-0.064582,0.12088,-0.969965
2988,0.146925,-0.064625,0.294209,-0.682217,-0.057282,-0.728934,0.091065,-0.995806,-0.007048,-0.724626,-0.071125,0.685482,-0.000147,-0.000991,-0.001462,-0.0,-0.0,-0.0,-1.564471,-0.165486,-0.046151,0.277173,-0.549839,0.085394,0.830889,0.229233,-0.941067,0.248551,0.803814,0.327029,0.496788,-3.7e-05,-0.003024,-0.004475,0.059795,-0.114472,-0.07404,-0.085698,0.041642,0.028694,-0.036389,0.531854,-0.05268,0.845195,-0.282783,0.929724,0.235895,-0.798226,-0.364469,0.47958,-2.1e-05,-0.001782,-0.002637,0.052478,-0.094273,-0.096044,-0.294047,0.074164,0.015376,-0.076016,0.674098,0.064893,-0.735784,-0.098302,0.995153,-0.002292,0.73207,0.073875,0.677211,-6.9e-05,-0.000471,-0.00069,-0.000845,0.013447,-0.025445,-0.971435
2989,0.147003,-0.064605,0.294241,-0.682191,-0.057182,-0.728965,0.091001,-0.995811,-0.007121,-0.724658,-0.071131,0.685448,0.01656,0.000173,0.00061,0.000984,-0.014715,0.029553,-1.566637,-0.165547,-0.04631,0.276963,-0.554216,0.082006,0.828318,0.228878,-0.941691,0.246508,0.800907,0.326106,0.502062,-4.9e-05,-0.003904,-0.005789,0.018889,-0.025525,-0.05005,-0.056901,0.041611,0.028617,-0.03649,0.53617,-0.049139,0.842678,-0.282418,0.930327,0.233944,-0.795462,-0.363422,0.484936,-2.2e-05,-0.002031,-0.003011,0.008991,-0.011002,-0.042688,-0.266451,0.074196,0.015384,-0.076003,0.674085,0.064835,-0.735802,-0.098264,0.995157,-0.002335,0.732088,0.073877,0.677191,3.3e-05,0.000224,0.000334,-2e-05,-7e-06,2.8e-05,-0.972414
2990,0.147189,-0.064592,0.294245,-0.682079,-0.056766,-0.729103,0.090755,-0.995832,-0.007442,-0.724795,-0.071183,0.685298,0.016477,-0.000373,-0.000201,0.000984,-0.014715,0.029553,-1.56739,-0.165633,-0.046467,0.276741,-0.555285,0.079428,0.827853,0.229113,-0.94223,0.244218,0.8001,0.325189,0.50394,-4.8e-05,-0.0037,-0.005498,0.000307,-0.000591,-0.000382,-0.032359,0.041568,0.028537,-0.036603,0.536938,-0.046673,0.842329,-0.282683,0.930791,0.231769,-0.79485,-0.362558,0.486583,-0.00805,-0.002387,-0.002577,-0.009498,0.039965,-0.047889,-0.239345,0.07429,0.015393,-0.075997,0.673969,0.064398,-0.735947,-0.098009,0.995181,-0.002673,0.732229,0.073931,0.677033,6.3e-05,0.000419,0.000616,-2.3e-05,0.0,1.7e-05,-0.973558
2991,0.147265,-0.064581,0.294262,-0.682065,-0.056706,-0.729121,0.090716,-0.995835,-0.007486,-0.724813,-0.071186,0.685278,0.000195,0.001324,0.001953,-0.00476,0.079322,-0.150367,-1.56728,-0.165646,-0.046541,0.276632,-0.555255,0.079394,0.827876,0.22914,-0.942233,0.244184,0.800113,0.32519,0.503919,-5e-05,-0.003823,-0.005686,-0.001825,0.014917,-0.024588,-0.021758,0.041562,0.028499,-0.036659,0.536852,-0.046723,0.842381,-0.282716,0.930773,0.231801,-0.794896,-0.362598,0.486478,-1.7e-05,-0.001678,-0.002495,0.012102,-0.101454,0.170727,-0.227098,0.074334,0.015397,-0.07599,0.673949,0.064314,-0.735972,-0.097956,0.995186,-0.002734,0.732254,0.073935,0.677005,9.8e-05,0.000663,0.000977,-0.004764,0.079335,-0.150349,-0.973884
2992,0.147428,-0.064578,0.294288,-0.68197,-0.056344,-0.729238,0.090466,-0.995855,-0.007732,-0.724933,-0.071182,0.685151,5.8e-05,0.000396,0.000584,-0.0,-0.0,-0.0,-1.567855,-0.16566,-0.046685,0.2764,-0.555205,0.079341,0.827915,0.229162,-0.942245,0.244114,0.800141,0.325167,0.503889,-5.5e-05,-0.004167,-0.006211,-0.001831,0.014928,-0.024581,-0.008509,0.041555,0.028427,-0.036774,0.53679,-0.046691,0.842422,-0.282727,0.930785,0.231742,-0.794935,-0.362572,0.486435,-2.2e-05,-0.001912,-0.002848,0.000228,8.5e-05,0.000168,-0.207993,0.074415,0.015401,-0.075974,0.673856,0.063952,-0.736089,-0.097708,0.99521,-0.002983,0.732373,0.073932,0.676877,0.008232,-0.000218,-0.000156,0.000979,-0.014707,0.02957,-0.974537
2993,0.147466,-0.064579,0.294307,-0.681947,-0.05625,-0.729267,0.090388,-0.995862,-0.007782,-0.724965,-0.071161,0.68512,1.3e-05,8.9e-05,0.000132,-0.0,-0.0,-0.0,-1.569752,-0.165649,-0.04684,0.276186,-0.55527,0.07941,0.827865,0.229127,-0.942231,0.2442,0.800106,0.325189,0.503929,-5.3e-05,-0.004007,-0.005984,-0.001831,0.014927,-0.024581,-0.003073,0.04156,0.02835,-0.036881,0.536858,-0.046761,0.842375,-0.282686,0.930776,0.231828,-0.794903,-0.362587,0.486476,-2.1e-05,-0.001806,-0.002697,0.000181,5.7e-05,9.1e-05,-0.198686,0.074434,0.015401,-0.075964,0.673832,0.063859,-0.736118,-0.097631,0.995217,-0.003034,0.732405,0.073912,0.676845,5e-06,3.7e-05,5.2e-05,-2.1e-05,3e-06,1.5e-05,-0.975517
2994,0.147455,-0.064568,0.294322,-0.681942,-0.056234,-0.729273,0.090377,-0.995863,-0.007794,-0.724971,-0.071162,0.685113,2.9e-05,0.000195,0.000287,-0.0,-0.0,-0.0,-1.570993,-0.165651,-0.046959,0.27599,-0.555391,0.079537,0.827771,0.229001,-0.942231,0.244321,0.800058,0.325161,0.504024,0.016046,-0.001833,-0.004688,0.002045,-0.015205,0.029245,-0.000769,0.041553,0.028287,-0.036983,0.536959,-0.046857,0.842305,-0.282581,0.930785,0.23192,-0.794873,-0.362552,0.486552,-1.8e-05,-0.001512,-0.00226,-0.001704,0.014944,-0.024505,-0.19444,0.074429,0.015406,-0.075957,0.673827,0.063843,-0.736124,-0.097621,0.995218,-0.003046,0.732411,0.073914,0.676838,1.6e-05,0.000114,0.000167,-2.3e-05,3e-06,1.9e-05,-0.976007
2995,0.147456,-0.064571,0.294336,-0.681942,-0.056228,-0.729273,0.090354,-0.995865,-0.00778,-0.724974,-0.071136,0.685113,6.5e-05,0.00044,0.000649,-0.0,-0.0,-0.0,-1.572246,-0.165652,-0.047017,0.275902,-0.556717,0.077244,0.827098,0.229009,-0.942743,0.242328,0.799135,0.32423,0.506084,-3.6e-05,-0.0027,-0.004043,0.004794,-0.009222,-0.005963,-0.000149,0.041559,0.028259,-0.037027,0.538339,-0.04431,0.841562,-0.282514,0.93134,0.229758,-0.793962,-0.361442,0.488858,-1.7e-05,-0.001542,-0.002308,-0.010745,0.027515,-0.01724,-0.193134,0.074429,0.015404,-0.075951,0.673827,0.063837,-0.736125,-0.097598,0.99522,-0.003032,0.732414,0.073888,0.676838,4.1e-05,0.000283,0.000416,-2.1e-05,4e-06,1.9e-05,-0.97617
2996,0.147486,-0.064597,0.294445,-0.685766,-0.053946,-0.725852,0.089788,-0.995887,-0.010888,-0.721428,-0.07258,0.688695,0.000246,0.001676,0.002469,0.140771,0.363431,0.186951,-1.578089,-0.165677,-0.047136,0.275728,-0.557854,0.074753,0.82656,0.229185,-0.943264,0.240126,0.798292,0.323302,0.508005,-3.8e-05,-0.002794,-0.004191,0.010792,-0.020791,-0.013442,0.001339,0.041546,0.028202,-0.037111,0.539404,-0.041743,0.841011,-0.282635,0.931852,0.227527,-0.793195,-0.360429,0.490847,-1.5e-05,-0.00137,-0.002053,-0.001789,-0.001963,-0.002224,-0.190521,0.074444,0.015388,-0.075901,0.67621,0.062436,-0.734057,-0.097212,0.995251,-0.0049,0.730266,0.074673,0.679068,9.2e-05,0.000622,0.000915,0.185938,0.482496,0.249092,-0.97666
2997,0.147624,-0.064671,0.294744,-0.691197,-0.049504,-0.721,0.088053,-0.995972,-0.016103,-0.716441,-0.074563,0.693672,0.016873,-0.00799,0.013059,0.034901,0.162815,0.12812,-1.587846,-0.165775,-0.047273,0.275534,-0.560823,0.073583,0.824654,0.228913,-0.943365,0.239991,0.796289,0.32328,0.511152,-4.6e-05,-0.003256,-0.004893,0.054716,-0.105642,-0.06829,0.001359,0.041497,0.028131,-0.03721,0.542228,-0.040631,0.839247,-0.282375,0.931923,0.227556,-0.791361,-0.36037,0.493841,-2.1e-05,-0.001662,-0.002498,0.055297,-0.105694,-0.069996,-0.189541,0.074513,0.015352,-0.075751,0.683455,0.057044,-0.727759,-0.095406,0.99537,-0.011578,0.72373,0.077346,0.685733,0.008441,-0.00394,0.00661,0.026485,0.14359,0.119317,-0.977476
2998,0.147819,-0.064777,0.294994,-0.697341,-0.046143,-0.715285,0.085715,-0.996117,-0.019379,-0.710748,-0.074774,0.699481,0.00062,-0.006132,0.015451,0.055737,0.128727,0.296839,-1.592205,-0.165837,-0.047354,0.27542,-0.562019,0.07115,0.824053,0.229052,-0.943872,0.237853,0.795406,0.322345,0.513113,-5.8e-05,-0.004082,-0.006141,0.032533,-0.051506,-0.067522,0.001377,0.041466,0.028094,-0.037263,0.543457,-0.037939,0.838578,-0.282458,0.932461,0.225239,-0.790488,-0.359271,0.496037,-2.4e-05,-0.001879,-0.002825,0.024653,-0.053031,-0.035538,-0.189541,0.074604,0.015303,-0.075637,0.689746,0.054081,-0.722027,-0.093359,0.995525,-0.014619,0.718006,0.077491,0.691708,0.008458,-0.00382,0.006778,0.084428,0.297675,0.170751,-0.979273
2999,0.148498,-0.065119,0.295678,-0.717792,-0.039619,-0.695162,0.076998,-0.996757,-0.022772,-0.691114,-0.06983,0.719383,0.017228,-0.015912,0.025816,-1.538135,2.010814,-1.086398,-1.601669,-0.166008,-0.047513,0.2752,-0.566608,0.071084,0.82091,0.228522,-0.943565,0.239575,0.7923,0.323258,0.517327,-6.3e-05,-0.004179,-0.006299,0.001655,0.005817,-0.028186,0.001396,0.041381,0.028012,-0.037376,0.548111,-0.037725,0.835553,-0.281998,0.932155,0.227073,-0.787433,-0.360086,0.500286,-2.7e-05,-0.002091,-0.003148,-0.010546,0.033651,-0.019905,-0.189378,0.07495,0.015127,-0.075284,0.709817,0.047025,-0.702814,-0.084527,0.996245,-0.018712,0.699295,0.072689,0.711126,0.008634,-0.007853,0.013023,-1.499318,2.068099,-1.047836,-0.9876
3000,0.149597,-0.0656,0.29669,-0.753818,-0.041597,-0.6558,0.065529,-0.997763,-0.012117,-0.652893,-0.052064,0.755676,0.017553,-0.003031,0.020188,0.374569,1.236187,0.444157,-1.611042,-0.166227,-0.047661,0.275004,-0.570983,0.070788,0.817899,0.228183,-0.943265,0.241075,0.789255,0.324197,0.521379,-5.2e-05,-0.003284,-0.004959,0.000216,-0.000426,-0.00027,0.00126,0.041271,0.027938,-0.037474,0.552441,-0.03735,0.832714,-0.281714,0.931846,0.228692,-0.784503,-0.360926,0.504268,-0.008086,-0.00233,-0.002542,-0.006581,0.04135,-0.053932,-0.189542,0.075493,0.014887,-0.074785,0.745181,0.050598,-0.664938,-0.07318,0.997299,-0.006122,0.662833,0.053222,0.746872,0.016998,-0.006924,0.014498,0.227636,0.761445,0.45693,-0.989397
3001,0.151072,-0.065775,0.297549,-0.780437,-0.047909,-0.623432,0.065389,-0.997832,-0.005261,-0.620859,-0.04482,0.782657,0.050572,0.008141,0.012482,0.131038,0.594846,-0.19345,-1.609993,-0.166447,-0.047779,0.274853,-0.576493,0.064948,0.814511,0.228139,-0.94433,0.236913,0.785255,0.322325,0.52853,-3.1e-05,-0.001879,-0.002842,0.089467,-0.175068,-0.113069,0.001705,0.041161,0.027877,-0.037554,0.55753,-0.031551,0.829556,-0.281583,0.932849,0.224726,-0.780941,-0.358881,0.511208,-1.7e-05,-0.001074,-0.001622,0.129926,-0.244042,-0.158091,-0.188399,0.076219,0.014795,-0.074354,0.774225,0.055083,-0.630507,-0.072222,0.997387,-0.001549,0.628775,0.046736,0.776181,0.025256,0.003953,0.006055,0.122632,0.582491,-0.212726,-1.009808
