frame,MLTx,MLTy,MLTz,MLTR1,MLTR2,MLTR3,MLTR4,MLTR5,MLTR6,MLTR7,MLTR8,MLTR9,MLTTVx,MLTTVy,MLTTVz,MLTRVx,MLTRVy,MLTRVz,MLGA,MRTx,MRTy,MRTz,MRTR1,MRTR2,MRTR3,MRTR4,MRTR5,MRTR6,MRTR7,MRTR8,MRTR9,MRTTVx,MRTTVy,MRTTVz,MRTRVx,MRTRVy,MRTRVz,MRGA,SLTx,SLTy,SLTz,SLTR1,SLTR2,SLTR3,SLTR4,SLTR5,SLTR6,SLTR7,SLTR8,SLTR9,SLTTVx,SLTTVy,SLTTVz,SLTRVx,SLTRVy,SLTRVz,SLGA,SRTx,SRTy,SRTz,SRTR1,SRTR2,SRTR3,SRTR4,SRTR5,SRTR6,SRTR7,SRTR8,SRTR9,SRTTVx,SRTTVy,SRTTVz,SRTRVx,SRTRVy,SRTRVz,SRGA
20,0.152923,-0.055849,0.311622,-0.27983,0.354157,-0.892364,-0.826971,-0.561026,0.036607,-0.487335,0.747761,0.450982,-1e-06,-1.2e-05,-1.5e-05,0.0,0.0,0.0,-0.045378,-0.172219,-0.043927,0.304331,-0.412788,-0.213219,0.885514,0.71961,-0.672249,0.173712,0.55874,0.70919,0.429793,-0.063021,0.011548,-0.0016,6.625688,1.53038,4.542539,-0.080946,0.042705,0.022033,-0.022845,0.433718,0.271013,0.859325,-0.710461,0.689434,0.14115,-0.554195,-0.671737,0.491565,-0.031571,0.005426,-0.001039,6.036352,0.702168,6.160192,-0.318868,0.074479,0.011942,-0.06405,0.384176,-0.375199,-0.843584,0.77382,0.629237,0.07254,0.503598,-0.68065,0.532074,-5e-06,0.005288,-0.004455,0.035651,-0.012386,0.018664,-0.270102
21,0.153461,-0.055462,0.311276,-0.278037,0.354378,-0.892836,-0.826756,-0.561474,0.034543,-0.488725,0.74732,0.450208,0.015886,0.020808,-0.018208,0.072267,-0.039469,0.06686,-0.038806,-0.175865,-0.042979,0.304204,-0.480237,-0.030588,0.8766,0.506401,-0.8256,0.24875,0.716688,0.563406,0.410846,-0.110847,0.038188,-0.008576,1.692762,1.303213,2.392254,0.012326,0.040899,0.022493,-0.022912,0.500288,0.085554,0.861621,-0.489373,0.848864,0.199859,-0.714301,-0.521641,0.466544,-0.055427,0.019356,-0.003764,6.03014,2.381774,5.172812,-0.233467,0.074736,0.012124,-0.064212,0.382547,-0.375572,-0.844157,0.77376,0.629535,0.07056,0.504927,-0.680169,0.53143,0.015899,0.010139,-0.00942,0.073279,-0.054193,0.096429,-0.269612
22,0.153869,-0.055113,0.311,-0.284605,0.353766,-0.891008,-0.826188,-0.561895,0.040745,-0.485893,0.747295,0.453306,0.015967,0.021632,-0.01717,0.063769,-0.028732,0.049158,-0.034738,-0.178169,-0.042125,0.304002,-0.499576,0.053205,0.86463,0.423758,-0.855446,0.297616,0.756079,0.515007,0.403701,-0.126773,0.050777,-0.013962,4.114755,1.203965,6.242072,0.049891,0.039753,0.022916,-0.02301,0.516799,0.004898,0.856092,-0.409314,0.879698,0.242058,-0.751918,-0.475506,0.456631,-0.063404,0.025244,-0.007133,0.262697,0.65975,1.99627,-0.176642,0.074945,0.012301,-0.064355,0.388926,-0.374311,-0.841799,0.772607,0.630231,0.076722,0.50181,-0.68022,0.534309,0.015945,0.010619,-0.008823,0.048187,-0.022157,0.043049,-0.266183
23,0.15488,-0.054075,0.310274,-0.315604,0.343481,-0.884568,-0.819005,-0.569343,0.071074,-0.478825,0.746468,0.462103,0.01616,0.023725,-0.014537,0.013101,-0.043203,-0.237347,-0.03055,-0.183443,-0.040241,0.303505,-0.47908,0.187288,0.857553,0.284688,-0.890924,0.353753,0.830843,0.413377,0.372401,-0.140854,0.038639,-0.006715,1.373326,1.334956,2.186006,0.059643,0.037122,0.023872,-0.02325,0.49493,-0.1339,0.858554,-0.264014,0.918171,0.295394,-0.827853,-0.372869,0.419079,-0.070351,0.019237,-0.003305,4.981782,3.503665,3.411901,-0.119,0.07545,0.012818,-0.06472,0.418212,-0.360977,-0.833542,0.762313,0.638473,0.105976,0.493939,-0.679741,0.542195,0.016041,0.017161,-0.011716,-0.01142,-0.010891,-0.306187,-0.261937
24,0.155734,-0.052795,0.309369,-0.337101,0.32961,-0.881911,-0.812434,-0.575151,0.095523,-0.475335,0.748283,0.46277,0.015993,0.033726,-0.024213,-0.224096,0.439412,-0.975647,-0.007432,-0.18908,-0.039303,0.303282,-0.432616,0.310518,0.846412,0.156286,-0.89869,0.409713,0.888402,0.309144,0.339168,-0.140414,0.01913,-0.009887,4.734169,3.326677,3.663892,0.065916,0.034252,0.024368,-0.02335,0.447134,-0.256948,0.856766,-0.133632,0.927912,0.348025,-0.884428,-0.270105,0.380565,-0.070137,0.009019,-0.005506,4.791728,3.222363,3.622065,-0.10708,0.075878,0.013457,-0.065165,0.43718,-0.344945,-0.830593,0.753357,0.644894,0.128702,0.491249,-0.682,0.541802,0.008037,0.017047,-0.011887,-0.900702,1.514362,-2.635969,-0.251976
25,0.156105,-0.052184,0.30892,-0.343216,0.31754,-0.883978,-0.808652,-0.578626,0.106057,-0.477396,0.750834,0.456475,0.015936,0.033475,-0.024545,0.004478,-0.318367,-0.471003,0.003736,-0.191883,-0.039255,0.303153,-0.391623,0.37728,0.839215,0.072009,-0.896621,0.436828,0.91773,0.231034,0.322889,-0.139687,-0.008337,-0.000403,1.346964,1.815772,2.010532,0.098931,0.032951,0.024403,-0.023409,0.408169,-0.319203,0.855281,-0.054036,0.926787,0.371678,-0.911305,-0.197923,0.361037,-0.070041,0.001246,-0.004416,4.365345,3.296133,3.173481,-0.092874,0.076063,0.013763,-0.065389,0.443293,-0.333529,-0.832014,0.748458,0.648491,0.138814,0.493256,-0.684263,0.537104,0.007949,0.010893,-0.008533,-0.0819,-0.353191,-0.762312,-0.242832
26,0.156707,-0.051251,0.308109,-0.355767,0.298783,-0.885553,-0.801692,-0.584542,0.124794,-0.479922,0.753965,0.448597,0.015566,0.01943,-0.02005,0.012553,-0.046977,-0.41945,0.015472,-0.196449,-0.04002,0.303364,-0.293362,0.476375,0.828853,-0.067369,-0.875063,0.479228,0.953933,0.084158,0.287736,-0.10794,-0.029173,0.014885,4.174684,3.575073,2.730073,0.188311,0.030609,0.024011,-0.023328,0.307359,-0.419633,0.854071,0.08802,0.906206,0.413572,-0.947513,-0.051939,0.315466,-0.05403,-0.014778,0.007318,-0.144256,1.242231,1.336746,0.015552,0.076365,0.014239,-0.065791,0.454256,-0.312691,-0.83419,0.739262,0.654836,0.157102,0.497134,-0.68805,0.528624,0.007846,0.010152,-0.009479,0.035058,-0.030588,-0.385761,-0.221768
27,0.157034,-0.050722,0.307589,-0.364763,0.283375,-0.886957,-0.796605,-0.588125,0.139645,-0.481624,0.757138,0.441371,-1.6e-05,-0.000144,-0.000182,-0.03792,-0.039904,-0.246231,0.020998,-0.200682,-0.040736,0.304149,-0.244135,0.535749,0.808308,-0.116003,-0.843593,0.524241,0.963025,0.033555,0.267058,-0.107951,0.004778,0.012258,0.048107,0.833873,0.995485,0.201068,0.028525,0.023625,-0.022963,0.254895,-0.480504,0.839132,0.141089,0.876991,0.459325,-0.95662,0.001313,0.291335,-0.053588,-0.002767,0.010664,4.325143,2.605603,2.816192,0.068457,0.076534,0.014505,-0.066065,0.462274,-0.296815,-0.835585,0.732482,0.658914,0.171175,0.499772,-0.691181,0.52201,-2.4e-05,0.005268,-0.004489,0.008268,0.067564,-0.393978,-0.210827
28,0.157,-0.050544,0.30748,-0.363094,0.277569,-0.889474,-0.795059,-0.590042,0.140365,-0.485423,0.757803,0.436034,-0.015725,0.001205,0.001563,0.257777,-0.408251,0.634477,0.022467,-0.204149,-0.040028,0.304992,-0.225534,0.599596,0.767861,-0.184756,-0.800097,0.570652,0.956783,-0.01391,0.290236,-0.074637,0.022398,0.031603,1.454607,-0.832905,3.555513,0.272706,0.026742,0.023957,-0.022557,0.232016,-0.545528,0.805337,0.209455,0.836526,0.506312,-0.949893,0.05121,0.30835,-0.037368,0.017366,0.012283,4.400296,2.545057,2.613353,0.123976,0.076523,0.014594,-0.066121,0.461299,-0.291375,-0.838034,0.730422,0.660912,0.172272,0.503671,-0.691589,0.517705,4.6e-05,0.000369,0.000467,0.869006,-1.27736,2.052446,-0.205112
29,0.156893,-0.050604,0.307539,-0.362333,0.277525,-0.889798,-0.794965,-0.59037,0.139521,-0.486147,0.757564,0.435643,1e-06,8e-06,1.1e-05,-1.4e-05,-6e-05,-3e-05,0.022806,-0.205468,-0.039279,0.305605,-0.230631,0.629499,0.741978,-0.204429,-0.776769,0.595628,0.951558,-0.015094,0.306875,-0.058358,0.041642,0.032139,0.232443,-1.996006,3.423061,0.337008,0.026076,0.024322,-0.022252,0.235271,-0.577291,0.781909,0.230601,0.814675,0.532097,-0.944176,0.055122,0.324793,-0.036819,0.021829,0.017785,0.088657,-0.495311,0.817644,0.184557,0.076464,0.014565,-0.06609,0.459848,-0.2918,-0.838684,0.73058,0.661189,0.17053,0.504768,-0.691144,0.51723,-0.007873,-0.00504,0.004793,-0.039131,0.035138,-0.050593,-0.203969
30,0.156538,-0.050892,0.307794,-0.361001,0.277608,-0.890313,-0.795432,-0.589979,0.138508,-0.486374,0.757838,0.434912,-0.0,-3e-06,-4e-06,0.005545,-0.094146,0.175111,0.024696,-0.207553,-0.037471,0.30745,-0.236545,0.673989,0.69984,-0.234153,-0.738498,0.632239,0.943227,-0.015156,0.331596,-0.055567,0.045127,0.057006,3.940278,2.874536,2.897511,0.437947,0.025033,0.025229,-0.021333,0.244471,-0.625284,0.741116,0.256581,0.77878,0.572422,-0.935093,0.050216,0.350825,-0.027759,0.023128,0.029254,0.068358,-0.62364,1.058089,0.335764,0.076286,0.014421,-0.065963,0.458739,-0.292043,-0.839207,0.731143,0.660776,0.169718,0.504963,-0.691437,0.516649,-0.007879,-0.005022,0.004813,-0.038287,0.028161,-0.048292,-0.202499
31,0.156231,-0.051144,0.308029,-0.360173,0.277783,-0.890594,-0.796131,-0.589117,0.13816,-0.485845,0.758444,0.434447,0.000122,-0.009946,0.009719,-0.030086,-0.081514,0.156599,0.033718,-0.20938,-0.036131,0.310055,-0.220811,0.709509,0.669201,-0.274403,-0.703514,0.655518,0.936144,-0.03977,0.349164,-0.039366,0.020624,0.0689,0.118584,-0.688454,0.743517,0.482486,0.024132,0.025929,-0.020035,0.222496,-0.663854,0.713996,0.300696,0.743378,0.597469,-0.927402,0.081761,0.365017,-0.027284,0.011187,0.035924,0.262854,-0.861406,0.639597,0.42737,0.076133,0.014297,-0.065852,0.457934,-0.292326,-0.839548,0.731959,0.659937,0.169463,0.50451,-0.692118,0.516179,-0.007824,-0.004497,0.005477,-0.036654,0.013764,-0.022255,-0.194335
32,0.156111,-0.051203,0.308054,-0.35889,0.278006,-0.891042,-0.796626,-0.588689,0.13713,-0.485985,0.758694,0.433853,-8.9e-05,-0.00079,-0.001003,0.005552,-0.093967,0.175208,0.041064,-0.211177,-0.036026,0.312894,-0.200136,0.723979,0.660144,-0.299291,-0.686644,0.662479,0.933135,-0.065891,0.353244,-0.05515,0.001774,0.068083,0.221575,-0.582841,0.012062,0.500221,0.023242,0.026008,-0.018599,0.200233,-0.679447,0.705874,0.324796,0.725757,0.606452,-0.924345,0.107833,0.366002,-0.027456,-0.004575,0.038346,-0.085321,-0.217372,0.455389,0.470479,0.076073,0.014267,-0.065831,0.456724,-0.29269,-0.84008,0.732603,0.659461,0.168531,0.504673,-0.692418,0.515617,-5.9e-05,-0.000521,-0.00066,-0.000558,0.000126,0.000349,-0.183721
33,0.156122,-0.05119,0.30802,-0.358305,0.278103,-0.891248,-0.796777,-0.588609,0.136597,-0.48617,0.758721,0.433599,-0.000116,-0.001029,-0.001308,-0.0,-0.0,-0.0,0.043401,-0.211986,-0.036108,0.314169,-0.186282,0.731318,0.656097,-0.315795,-0.676816,0.664926,0.930542,-0.08424,0.356171,-0.040162,-0.000794,0.064149,0.241438,-0.387304,0.16423,0.511159,0.022801,0.025963,-0.01791,0.187628,-0.686734,0.702275,0.341833,0.715932,0.608761,-0.920839,0.125841,0.369077,-0.020182,-0.000717,0.03176,0.35252,-0.491411,0.10247,0.484359,0.076078,0.014273,-0.065848,0.456032,-0.292889,-0.840386,0.732872,0.659322,0.167905,0.504908,-0.692466,0.515322,-6.4e-05,-0.00057,-0.000724,-0.000453,0.000101,0.000283,-0.178822
34,0.156261,-0.051186,0.307958,-0.35749,0.278245,-0.89153,-0.796989,-0.588493,0.135853,-0.486422,0.758759,0.43325,-3e-05,-0.000266,-0.000338,-0.0,-0.0,-0.0,0.042615,-0.213147,-0.035873,0.316334,-0.176613,0.743116,0.645428,-0.340435,-0.661281,0.66839,0.923701,-0.102606,0.368932,-0.025858,0.018301,0.042894,0.250116,-1.7594,2.393276,0.53136,0.02222,0.026077,-0.016831,0.178319,-0.698287,0.693251,0.366661,0.700956,0.611735,-0.913105,0.145104,0.381029,-0.013032,0.008946,0.0213,0.274109,-1.781493,2.368231,0.511791,0.076148,0.014273,-0.065882,0.455254,-0.293121,-0.840727,0.733169,0.659174,0.167189,0.505179,-0.692509,0.514999,-1.5e-05,-0.000143,-0.000184,-0.000303,6.5e-05,0.000205,-0.175883
35,0.156345,-0.051152,0.307934,-0.357246,0.278285,-0.891615,-0.797016,-0.588514,0.1356,-0.486556,0.758727,0.433154,0.000127,0.001135,0.001442,0.000804,-0.013623,0.025384,0.041591,-0.213571,-0.035058,0.317589,-0.17313,0.753998,0.633644,-0.35804,-0.647421,0.672746,0.91768,-0.111337,0.381223,-0.011902,0.022385,0.025729,0.331753,0.288859,0.224891,0.529406,0.022013,0.02648,-0.016208,0.175709,-0.710194,0.681726,0.383996,0.68709,0.61681,-0.906462,0.153401,0.393439,0.001506,0.01037,0.0116,1.027805,1.113424,0.715137,0.518813,0.076189,0.014288,-0.065897,0.455038,-0.293186,-0.840821,0.733216,0.659181,0.166954,0.505305,-0.692474,0.514921,6e-06,4.3e-05,5.2e-05,-0.00021,3.7e-05,0.000133,-0.175393
36,0.156322,-0.051137,0.307936,-0.357256,0.27828,-0.891613,-0.797,-0.588537,0.135598,-0.486576,0.758711,0.43316,4.7e-05,0.000424,0.000538,-0.0,-0.0,-0.0,0.042294,-0.213685,-0.034718,0.318054,-0.162692,0.75869,0.630802,-0.371203,-0.639311,0.673368,0.91434,-0.12555,0.384816,-0.012501,0.01819,0.020949,0.016028,-0.048439,0.086287,0.532475,0.021955,0.026647,-0.015979,0.164579,-0.714786,0.6797,0.397146,0.678792,0.617669,-0.902877,0.168285,0.39559,-0.006101,0.003726,0.014851,0.053546,-0.356429,0.857043,0.519793,0.076178,0.014297,-0.065893,0.455027,-0.293188,-0.840827,0.733209,0.659194,0.166934,0.505325,-0.692461,0.514919,3.7e-05,0.000332,0.000421,-0.000178,3.3e-05,0.000101,-0.17572
37,0.156158,-0.051154,0.307998,-0.35704,0.278315,-0.891689,-0.797134,-0.588386,0.135472,-0.486516,0.758816,0.433044,3.2e-05,0.000285,0.000362,-0.0,-0.0,-0.0,0.042193,-0.213918,-0.034051,0.318918,-0.123452,0.77392,0.621128,-0.406108,-0.610398,0.680019,0.905549,-0.169259,0.388839,-0.012228,0.019803,0.022575,0.016211,-0.144684,0.265106,0.534626,0.021836,0.026969,-0.01556,0.124523,-0.729565,0.672479,0.431471,0.650133,0.625426,-0.89349,0.212276,0.395743,-0.006197,0.009675,0.011121,0.151194,-1.321132,2.446876,0.520609,0.076096,0.01429,-0.065861,0.45482,-0.293247,-0.840918,0.733369,0.659043,0.166828,0.505279,-0.69258,0.514804,-0.007862,-0.004844,0.005031,-0.03675,0.027205,-0.048091,-0.175393
38,0.155886,-0.051185,0.30806,-0.356949,0.278324,-0.891722,-0.797239,-0.588244,0.135466,-0.486411,0.758923,0.432976,-0.015815,0.000523,0.000672,-0.000984,0.014715,-0.029553,0.044446,-0.21407,-0.033564,0.320006,-0.09719,0.787101,0.609112,-0.428254,-0.58542,0.688342,0.898484,-0.194935,0.39318,0.003,0.007267,0.02845,-0.032407,-0.026567,0.052456,0.5344,0.021755,0.027223,-0.01502,0.097834,-0.743784,0.66122,0.453625,0.624702,0.635587,-0.885805,0.237764,0.398516,-0.005815,-0.001102,0.019627,-0.064408,-0.137814,0.236239,0.521262,0.075966,0.014274,-0.065829,0.45471,-0.293274,-0.840968,0.733498,0.658901,0.16682,0.505191,-0.692703,0.514725,-1.4e-05,-0.000111,-0.000139,0.005479,-0.093965,0.175269,-0.174413
39,0.155778,-0.051216,0.308072,-0.356687,0.278367,-0.891813,-0.797361,-0.588122,0.135277,-0.486402,0.759002,0.432847,-5.8e-05,-0.000514,-0.000653,-0.0,-0.0,-0.0,0.04472,-0.214059,-0.03362,0.320636,-0.088001,0.789906,0.606873,-0.434359,-0.578586,0.690293,0.896486,-0.203837,0.393226,0.002871,-0.006659,0.033596,3.283073,3.82665,2.164227,0.535491,0.021763,0.027204,-0.014678,0.089972,-0.746377,0.659413,0.458578,0.618783,0.637819,-0.884087,0.245006,0.397945,0.001462,-0.00335,0.016457,3.273284,3.834772,2.166387,0.521589,0.075906,0.01426,-0.065823,0.454483,-0.293337,-0.841069,0.733637,0.658784,0.166669,0.505193,-0.692788,0.514609,-4e-05,-0.000342,-0.000431,-6.2e-05,2.9e-05,3.7e-05,-0.173434
40,0.155623,-0.051223,0.30808,-0.356188,0.278444,-0.891989,-0.797534,-0.587982,0.134866,-0.486486,0.759081,0.432614,-0.0,-3e-06,-4e-06,0.0,0.0,0.0,0.044772,-0.214111,-0.034135,0.322165,-0.08819,0.790908,0.605539,-0.437292,-0.576829,0.689912,0.89504,-0.204938,0.395936,0.002748,-0.007458,0.032635,0.249656,-0.439949,-0.24781,0.535802,0.021741,0.026953,-0.013946,0.08645,-0.747849,0.658215,0.461494,0.615589,0.638806,-0.88292,0.248537,0.398346,0.001392,-0.00344,0.016642,-0.09659,0.101029,-0.157382,0.521752,0.075829,0.014255,-0.06582,0.454008,-0.293466,-0.84128,0.733857,0.658637,0.166282,0.505301,-0.692873,0.514389,0.0,7e-06,1.3e-05,-3.2e-05,1.8e-05,3.7e-05,-0.172781
41,0.155612,-0.051246,0.3081,-0.353212,0.278779,-0.893067,-0.798077,-0.587879,0.132072,-0.487765,0.759038,0.431247,-4.6e-05,-0.000402,-0.000511,0.0,-0.0,0.0,0.045039,-0.214102,-0.034404,0.323356,-0.093706,0.793677,0.601072,-0.444049,-0.573563,0.688317,0.891152,-0.203394,0.405391,0.002464,-0.009356,0.030506,0.19374,-0.363891,-0.200529,0.534654,0.02174,0.026812,-0.013341,0.092727,-0.750916,0.653854,0.468764,0.612278,0.63669,-0.878442,0.247465,0.408777,0.001186,-0.004854,0.015068,0.439213,-0.618935,-0.358582,0.522242,0.075823,0.014245,-0.065809,0.451161,-0.294106,-0.842587,0.734654,0.658435,0.163541,0.506691,-0.692794,0.513127,-3.1e-05,-0.000271,-0.000341,-0.000621,0.000845,-0.001248,-0.172454
42,0.155658,-0.051275,0.308097,-0.353192,0.278788,-0.893072,-0.79811,-0.587833,0.132074,-0.487725,0.75907,0.431236,-4e-06,-3.2e-05,-4.1e-05,0.0,0.0,0.0,0.046915,-0.214076,-0.034523,0.324188,-0.08743,0.796464,0.598325,-0.462714,-0.56426,0.683696,0.882241,-0.21807,0.417085,0.001829,-0.000589,0.01963,0.058048,-0.128301,-0.067927,0.535696,0.021754,0.026748,-0.012915,0.088303,-0.753563,0.651418,0.488058,0.602824,0.631191,-0.868332,0.262194,0.421013,-0.006586,0.000115,0.010601,0.017281,-0.106352,-0.065394,0.521752,0.075846,0.014229,-0.065812,0.451154,-0.294116,-0.842588,0.734688,0.658391,0.163561,0.506647,-0.692831,0.51312,0.0,-4e-06,-5e-06,-2.4e-05,3.1e-05,-2.3e-05,-0.169351
43,0.15568,-0.051287,0.308082,-0.353186,0.278791,-0.893073,-0.798112,-0.587832,0.132069,-0.487726,0.75907,0.431235,-0.000127,-0.001112,-0.001413,-0.000804,0.01361,-0.02539,0.046612,-0.214176,-0.034544,0.324582,-0.095049,0.797598,0.595647,-0.46612,-0.564258,0.68138,0.879667,-0.213871,0.424628,-0.013243,-0.000545,0.020328,0.200653,-0.313271,-0.214195,0.53504,0.021709,0.026737,-0.012718,0.094663,-0.75516,0.648669,0.490739,0.602323,0.629589,-0.866148,0.258729,0.427604,0.000867,-0.000519,0.009569,0.3193,-0.446624,-0.257176,0.521262,0.075857,0.014225,-0.065816,0.45113,-0.294124,-0.842598,0.734699,0.658385,0.163539,0.506653,-0.692834,0.51311,0.0,-2e-06,-2e-06,-1.2e-05,3e-06,3e-06,-0.169188
44,0.155703,-0.051293,0.308074,-0.353021,0.27882,-0.893129,-0.798165,-0.587792,0.131926,-0.487759,0.75909,0.431162,-1e-06,-8e-06,-1.1e-05,0.0,0.0,0.0,0.046648,-0.214282,-0.034507,0.325374,-0.10546,0.802226,0.587624,-0.470707,-0.56069,0.681173,0.876044,-0.205762,0.435973,0.00191,-3.2e-05,0.020157,0.104154,-0.203316,-0.078122,0.533604,0.021649,0.026753,-0.012332,0.105343,-0.760463,0.640779,0.49541,0.598843,0.62925,-0.862247,0.251161,0.439825,-0.006588,8e-06,0.010443,0.180422,-0.267415,-0.191816,0.521099,0.075869,0.01422,-0.065824,0.450992,-0.294165,-0.842657,0.73476,0.658347,0.163421,0.506688,-0.692852,0.51305,2e-06,8e-06,1.1e-05,-5e-06,-3e-06,6e-06,-0.168861
45,0.155667,-0.051305,0.308076,-0.352987,0.278826,-0.893141,-0.798189,-0.587764,0.131909,-0.487745,0.75911,0.431143,-1e-06,-1e-05,-1.2e-05,0.0,0.0,0.0,0.047853,-0.214343,-0.034685,0.326142,-0.111035,0.807049,0.579943,-0.478118,-0.554852,0.680791,0.871336,-0.202695,0.446712,0.001515,-0.002718,0.017258,0.130441,-0.227827,-0.126391,0.536093,0.02162,0.026668,-0.011937,0.110655,-0.76591,0.633352,0.502672,0.592877,0.62914,-0.857365,0.248751,0.450607,-0.00658,-0.006458,0.013611,0.151233,-0.260632,-0.215733,0.521099,0.075851,0.014214,-0.065823,0.450959,-0.294174,-0.842672,0.734787,0.658319,0.163407,0.506677,-0.692875,0.513031,0.0,4e-06,7e-06,-9e-06,5e-06,-2e-05,-0.168535
46,0.155644,-0.051323,0.308104,-0.352781,0.278864,-0.893211,-0.798294,-0.587654,0.131765,-0.487723,0.759181,0.431043,3e-06,3e-05,3.8e-05,0.0,0.0,0.0,0.047735,-0.214446,-0.03485,0.326577,-0.111312,0.80874,0.577529,-0.483079,-0.551785,0.67978,0.86856,-0.204333,0.451348,0.001789,-0.013876,0.025511,0.029313,-0.126168,-0.090556,0.534717,0.021568,0.026589,-0.011723,0.111396,-0.767729,0.631017,0.507849,0.589774,0.627897,-0.854212,0.250516,0.455589,-0.006788,-0.00136,0.008959,0.052677,-0.124154,-0.110879,0.521099,0.075839,0.014205,-0.065808,0.450764,-0.294233,-0.842755,0.734912,0.658211,0.163279,0.506669,-0.692952,0.512934,2e-06,1.9e-05,2.6e-05,7e-06,-2e-06,1e-05,-0.168208
47,0.155597,-0.051401,0.308172,-0.352752,0.278882,-0.893216,-0.798433,-0.587445,0.131847,-0.487515,0.759335,0.431006,3.2e-05,-0.010682,0.008784,-0.035634,0.012506,-0.018582,0.048733,-0.214479,-0.035194,0.327241,-0.126259,0.808927,0.574183,-0.489,-0.554248,0.673514,0.863206,-0.196746,0.46479,0.000983,-0.006328,0.013397,0.272703,-0.424075,-0.241271,0.534087,0.021552,0.026416,-0.011385,0.124896,-0.768509,0.627529,0.513041,0.591385,0.622135,-0.849228,0.244246,0.468138,0.000414,-0.003607,0.006229,0.443594,-0.577464,-0.361663,0.521099,0.075816,0.01417,-0.065777,0.450722,-0.294257,-0.84277,0.735054,0.658034,0.163359,0.506502,-0.693111,0.512885,-3e-06,0.0,1e-06,-1e-06,1e-06,-9e-06,-0.167229
48,0.155585,-0.051454,0.308205,-0.353059,0.281603,-0.892241,-0.798637,-0.587457,0.130552,-0.486958,0.758318,0.433419,-1.1e-05,-9.5e-05,-0.000121,0.000116,0.000472,0.000249,0.04902,-0.214491,-0.035138,0.327574,-0.138653,0.807588,0.573209,-0.494543,-0.55782,0.666482,0.858147,-0.192073,0.475977,0.000948,0.006446,0.00683,0.356196,-0.501631,-0.262097,0.532912,0.021545,0.026433,-0.011222,0.136625,-0.767502,0.626316,0.517955,0.594284,0.615262,-0.844425,0.240344,0.478726,-0.007183,0.008893,-0.000288,0.013986,-0.010398,-0.022946,0.521916,0.075809,0.01414,-0.065757,0.45118,-0.296967,-0.841573,0.735385,0.657983,0.162068,0.505612,-0.692003,0.515253,-7e-06,-5.7e-05,-7.1e-05,-0.003339,-0.007523,-0.003212,-0.166902
49,0.155585,-0.05147,0.308219,-0.353091,0.281601,-0.892229,-0.798653,-0.587425,0.1306,-0.486909,0.758344,0.433429,-0.0,-2e-06,-2e-06,2e-06,8e-06,4e-06,0.048954,-0.214556,-0.034844,0.327694,-0.141162,0.807421,0.572831,-0.496043,-0.558328,0.66494,0.856875,-0.191291,0.478578,0.001207,0.021197,0.002346,0.089679,-0.108559,0.027352,0.530155,0.021512,0.026569,-0.011167,0.141448,-0.767159,0.625667,0.520433,0.595261,0.61222,-0.842105,0.239021,0.483453,-0.006747,0.005303,0.005945,-0.001792,0.052551,-0.206424,0.522242,0.075809,0.014132,-0.065751,0.451198,-0.296898,-0.841588,0.7354,0.657944,0.162156,0.505574,-0.692069,0.515202,0.0,5e-06,4e-06,-0.000412,-0.001219,-0.000602,-0.166575
50,0.155538,-0.051457,0.308235,-0.353004,0.281613,-0.89226,-0.798681,-0.587404,0.130527,-0.486928,0.758356,0.433388,0.000125,0.001093,0.001388,0.000805,-0.013596,0.025398,0.048562,-0.21452,-0.034169,0.327865,-0.141238,0.807495,0.572709,-0.496872,-0.558078,0.664531,0.856382,-0.191712,0.479291,0.001315,0.008954,0.009431,-0.010296,0.080594,-0.149392,0.528319,0.021531,0.026922,-0.011072,0.141126,-0.767302,0.625564,0.520875,0.594905,0.612189,-0.841886,0.239445,0.483625,0.000656,0.00448,0.004718,-0.010504,0.083929,-0.14716,0.522405,0.075786,0.014136,-0.065746,0.451134,-0.296901,-0.841621,0.735424,0.657929,0.16211,0.505597,-0.692082,0.515162,-0.0,0.0,2e-06,8.7e-05,-3.2e-05,-6.7e-05,-0.166575
51,0.155397,-0.051446,0.30825,-0.35326,0.281561,-0.892175,-0.798598,-0.587467,0.13075,-0.486878,0.758326,0.433496,2e-06,1.4e-05,1.7e-05,0.0,0.0,0.0,0.048547,-0.214264,-0.033937,0.328189,-0.136452,0.808608,0.572297,-0.494223,-0.55613,0.668129,0.858681,-0.192682,0.474766,0.016182,-0.004985,0.014077,-0.135426,0.121704,0.12658,0.532575,0.021654,0.027043,-0.010911,0.136497,-0.768358,0.625295,0.51826,0.59332,0.615935,-0.844259,0.239992,0.479196,0.000434,0.003002,0.003147,-0.141293,0.177439,0.123345,0.522405,0.075721,0.014144,-0.065735,0.451337,-0.296833,-0.841536,0.735333,0.657987,0.162287,0.505548,-0.692055,0.515246,-1e-06,-3e-06,-1e-06,6.6e-05,-1.1e-05,-3.4e-05,-0.166575
52,0.155218,-0.051449,0.308246,-0.353508,0.281508,-0.892093,-0.798517,-0.587528,0.130967,-0.48683,0.758299,0.433597,-4.4e-05,-0.000378,-0.000481,0.0,0.0,0.0,0.0505,-0.213906,-0.033856,0.328589,-0.136547,0.810197,0.570023,-0.493875,-0.554372,0.669846,0.858866,-0.191065,0.475085,0.015997,0.006916,0.006558,-0.008297,0.065324,-0.120178,0.532411,0.021832,0.027075,-0.010713,0.136128,-0.770225,0.623074,0.518057,0.591429,0.617922,-0.844444,0.238671,0.47953,0.000712,-0.001581,0.008317,-0.031227,-2.4e-05,0.00433,0.522732,0.075626,0.014143,-0.065736,0.451594,-0.296748,-0.841428,0.735218,0.65806,0.162511,0.505486,-0.692023,0.515351,-2.7e-05,-0.000247,-0.000312,0.005602,-0.093817,0.175257,-0.166412
53,0.155145,-0.051456,0.308236,-0.353686,0.281473,-0.892034,-0.798459,-0.587572,0.131122,-0.486795,0.758278,0.433674,-3.4e-05,-0.000293,-0.000372,0.0,0.0,0.0,0.05388,-0.213758,-0.03371,0.32878,-0.136521,0.810517,0.569574,-0.493904,-0.553982,0.670147,0.858854,-0.190836,0.4752,0.001409,0.009778,0.01022,0.003498,-0.027277,0.050649,0.532522,0.021912,0.027147,-0.010618,0.136096,-0.770492,0.622752,0.518092,0.591146,0.618164,-0.844428,0.238513,0.479638,0.000706,0.004944,0.005161,0.004274,-0.026793,0.050454,0.522732,0.07559,0.014138,-0.065742,0.451764,-0.296695,-0.841356,0.735143,0.658108,0.162658,0.505444,-0.692,0.515423,-1.6e-05,-0.000146,-0.000185,3e-05,-1.2e-05,-2.7e-05,-0.163799
54,0.155071,-0.05148,0.308206,-0.353647,0.281475,-0.892048,-0.798471,-0.587563,0.131091,-0.486804,0.758284,0.433653,-5.8e-05,-0.000503,-0.00064,0.0,0.0,0.0,0.058023,-0.213519,-0.033207,0.329282,-0.139293,0.813704,0.564335,-0.495487,-0.550582,0.671777,0.857499,-0.187062,0.479131,0.002109,0.014745,0.015331,0.009475,0.053175,-0.165543,0.528576,0.02203,0.02739,-0.010377,0.13886,-0.774194,0.617528,0.519914,0.587714,0.619904,-0.842856,0.234982,0.484124,0.008598,0.007834,0.007795,0.005992,-0.067087,0.090845,0.522895,0.075553,0.014127,-0.065757,0.451727,-0.296701,-0.841374,0.735157,0.658099,0.162629,0.505456,-0.692006,0.515403,-3.4e-05,-0.000306,-0.000386,2.9e-05,5e-06,-1.2e-05,-0.156941
55,0.15508,-0.051508,0.308171,-0.353725,0.281463,-0.892021,-0.798447,-0.587582,0.131157,-0.486788,0.758274,0.433688,-3.7e-05,-0.000322,-0.000409,0.0,0.0,0.0,0.057948,-0.212959,-0.032615,0.329932,-0.146669,0.813727,0.562429,-0.499175,-0.55165,0.668162,0.854133,-0.183767,0.486363,0.017134,0.015604,0.015414,0.009145,0.030084,-0.107588,0.525687,0.022305,0.02769,-0.010047,0.146392,-0.774402,0.615524,0.523604,0.588576,0.615967,-0.839289,0.232119,0.491643,0.008573,0.007896,0.007797,-0.019409,-0.035793,0.081278,0.522732,0.075557,0.014112,-0.065775,0.451801,-0.29668,-0.841341,0.735125,0.65812,0.162691,0.505437,-0.691995,0.515436,-2e-05,-0.000174,-0.000222,1.4e-05,-1.5e-05,-8e-06,-0.154818
56,0.155079,-0.051519,0.308157,-0.353934,0.284188,-0.891074,-0.798603,-0.58769,0.129715,-0.486379,0.75717,0.436069,-2.1e-05,-0.00018,-0.000229,0.012997,0.052582,0.02772,0.057778,-0.212694,-0.032358,0.330245,-0.149118,0.813676,0.561859,-0.500323,-0.552087,0.666941,0.85304,-0.182673,0.488688,0.016828,0.013628,0.013325,0.017029,0.019261,-0.113966,0.524621,0.022432,0.027823,-0.009893,0.148729,-0.774423,0.614936,0.524682,0.588902,0.614737,-0.838205,0.231217,0.493913,0.001035,0.00745,0.007662,0.005258,-0.049393,0.03585,0.522732,0.075556,0.014106,-0.065782,0.452198,-0.299523,-0.84012,0.735357,0.658245,0.161129,0.504743,-0.69065,0.517913,-1.2e-05,-0.000102,-0.00013,0.008973,0.054129,0.030721,-0.154165
57,0.155066,-0.051524,0.308151,-0.353977,0.28418,-0.891059,-0.798589,-0.5877,0.129752,-0.48637,0.757165,0.436087,-0.0,-0.0,-0.0,3e-06,1.1e-05,6e-06,0.057531,-0.212165,-0.031948,0.330673,-0.149081,0.813962,0.561455,-0.500372,-0.551727,0.667203,0.853018,-0.182484,0.488798,0.030986,0.008611,0.007393,0.005846,-0.044052,0.083813,0.522497,0.022698,0.028036,-0.009664,0.148467,-0.77467,0.614688,0.524422,0.588655,0.615196,-0.838414,0.23102,0.493649,0.008082,0.004618,0.004365,0.003219,-0.027156,0.055605,0.521752,0.07555,0.014104,-0.065785,0.452179,-0.299334,-0.840198,0.73539,0.658169,0.16129,0.504713,-0.690805,0.517737,2e-06,1.8e-05,2.3e-05,-0.000541,-0.001545,-0.000729,-0.154002
58,0.155066,-0.051524,0.308151,-0.353977,0.28418,-0.891059,-0.798589,-0.5877,0.129752,-0.48637,0.757165,0.436087,-0.0,-0.0,-0.0,0.0,0.0,0.0,0.05793,-0.21141,-0.031778,0.33087,-0.149062,0.813784,0.561718,-0.500228,-0.551964,0.667114,0.853106,-0.18256,0.488616,0.03011,0.00249,0.001089,0.004089,-0.030411,0.058491,0.525822,0.02307,0.028125,-0.00956,0.148409,-0.774558,0.614844,0.524315,0.588781,0.615166,-0.838491,0.231076,0.493493,0.000212,0.00159,0.001612,0.000472,0.000503,0.000416,0.522242,0.07555,0.014105,-0.065785,0.452177,-0.299318,-0.840204,0.735387,0.65817,0.161298,0.504718,-0.690811,0.517724,-1e-06,5e-06,1e-05,9.5e-05,-3.6e-05,-7.3e-05,-0.153675
59,0.155066,-0.051545,0.308157,-0.354029,0.284175,-0.891041,-0.798599,-0.587672,0.129817,-0.486317,0.757189,0.436106,-1.1e-05,-9.5e-05,-0.000121,0.0,0.0,0.0,0.057972,-0.21101,-0.03178,0.330833,-0.149125,0.81261,0.563398,-0.499876,-0.553446,0.666149,0.853301,-0.183303,0.487997,-0.000333,-0.002479,-0.002535,-0.012091,0.094071,-0.1748,0.527531,0.023288,0.028129,-0.009575,0.148502,-0.773334,0.61636,0.523999,0.590116,0.614156,-0.838672,0.231769,0.49286,0.007164,-0.002073,-0.002496,0.000603,-0.00122,0.004167,0.522732,0.07555,0.014094,-0.065782,0.452228,-0.299305,-0.840181,0.73539,0.65815,0.161366,0.504669,-0.690835,0.51774,-9e-06,-5.5e-05,-6.6e-05,6.9e-05,-2.1e-05,-2.6e-05,-0.153512
60,0.155066,-0.051545,0.308157,-0.354029,0.284175,-0.891041,-0.798599,-0.587672,0.129817,-0.486317,0.757189,0.436106,-0.0,-1e-06,-2e-06,0.0,0.0,0.0,0.058333,-0.210967,-0.03188,0.330728,-0.149169,0.811885,0.564431,-0.499645,-0.554364,0.66556,0.853429,-0.183747,0.487606,-0.000752,-0.005594,-0.005726,-0.001752,0.013631,-0.025328,0.521464,0.023309,0.02808,-0.009627,0.148581,-0.772459,0.617437,0.523751,0.591076,0.613443,-0.838812,0.232237,0.4924,-0.000394,-0.002942,-0.003017,-0.011834,0.094343,-0.174583,0.522732,0.07555,0.014094,-0.065782,0.452229,-0.299304,-0.840181,0.735389,0.658152,0.161365,0.50467,-0.690834,0.51774,-2e-06,5e-06,9e-06,5.7e-05,-7e-06,-1.7e-05,-0.153186
61,0.155076,-0.051554,0.308129,-0.35405,0.28417,-0.891033,-0.798579,-0.587698,0.129825,-0.486334,0.757171,0.436119,-0.000102,-0.000884,-0.001124,0.0,0.0,0.0,0.058017,-0.211315,-0.031956,0.3304,-0.149312,0.810316,0.566644,-0.499546,-0.556265,0.664046,0.853462,-0.184925,0.487102,-0.015783,0.006921,-0.011901,0.034265,0.002748,-0.011988,0.499748,0.023146,0.028024,-0.009795,0.148784,-0.770754,0.619516,0.523616,0.592859,0.611836,-0.838861,0.233358,0.491787,-0.007914,0.003258,-0.006155,0.034417,0.002937,-0.011829,0.507383,0.075555,0.014092,-0.065793,0.45225,-0.299297,-0.840173,0.735365,0.658177,0.16137,0.504685,-0.690814,0.517753,-7.1e-05,-0.000606,-0.000769,-0.00076,0.013592,-0.025412,-0.153022
62,0.155061,-0.051597,0.308108,-0.354067,0.28417,-0.891027,-0.7986,-0.587662,0.12986,-0.486287,0.757199,0.436121,-0.000133,-0.001146,-0.001459,0.0,0.0,0.0,0.059146,-0.211749,-0.031232,0.329861,-0.152119,0.812012,0.563461,-0.502925,-0.554256,0.663174,0.850981,-0.18351,0.491953,-0.015119,0.025072,-0.013009,0.124532,-0.096042,-0.012434,0.495554,0.022915,0.028381,-0.010084,0.151544,-0.772734,0.616373,0.527175,0.59067,0.610897,-0.836134,0.232359,0.496878,-0.00752,0.012771,-0.006257,0.112445,-0.085216,-0.012932,0.49187,0.075548,0.01407,-0.065804,0.452266,-0.299294,-0.840165,0.735385,0.658145,0.161409,0.504642,-0.690845,0.517753,-7.7e-05,-0.000659,-0.000839,-0.000788,0.013593,-0.025433,-0.152859
63,0.155024,-0.051608,0.30811,-0.354172,0.284151,-0.890991,-0.798579,-0.587668,0.129962,-0.486245,0.757201,0.436164,-1.5e-05,-0.000128,-0.000163,0.0,0.0,0.0,0.058867,-0.211756,-0.030682,0.329537,-0.152502,0.815815,0.557835,-0.504767,-0.549453,0.665768,0.849822,-0.181063,0.494855,-0.000647,0.035426,-0.022831,0.109659,-0.038783,0.051016,0.494573,0.022912,0.028647,-0.010233,0.15179,-0.776905,0.611045,0.528795,0.586127,0.613865,-0.835066,0.229939,0.499792,-7.1e-05,0.012791,-0.0066,0.065565,-0.027112,0.055925,0.488768,0.075529,0.014062,-0.065806,0.452366,-0.299265,-0.840122,0.735355,0.658155,0.161508,0.504597,-0.690848,0.517793,-4e-06,-3.8e-05,-4.9e-05,2.5e-05,1.3e-05,-1.4e-05,-0.152696
64,0.154965,-0.051606,0.308113,-0.354287,0.284128,-0.890953,-0.798541,-0.587696,0.130062,-0.486222,0.757188,0.436213,-0.015809,0.000699,0.000875,-0.000984,0.014715,-0.029553,0.059231,-0.211673,-0.030008,0.329159,-0.150299,0.817868,0.555422,-0.505439,-0.546291,0.667856,0.849812,-0.181374,0.494759,0.000146,0.001069,0.001095,-0.016773,0.02317,0.013831,0.491538,0.022955,0.029004,-0.010424,0.149233,-0.77908,0.608904,0.529248,0.583099,0.616353,-0.83524,0.230281,0.499344,-7.5e-05,0.006097,-0.003607,0.038644,0.002711,0.027453,0.486318,0.075506,0.014063,-0.065804,0.452453,-0.299237,-0.840085,0.735315,0.65818,0.161584,0.504576,-0.690836,0.517829,2e-06,1.1e-05,1.4e-05,1.2e-05,6e-06,-8e-06,-0.152043
65,0.154893,-0.051624,0.308124,-0.354338,0.284118,-0.890936,-0.798551,-0.587669,0.130129,-0.48617,0.757213,0.436228,-0.015857,0.000293,0.000355,-0.000984,0.014715,-0.029553,0.062805,-0.21158,-0.030003,0.329189,-0.157502,0.816011,0.556158,-0.49764,-0.551927,0.669078,0.853114,-0.172404,0.492277,0.000218,0.001598,0.001637,-0.000556,0.000769,0.000459,0.472788,0.022995,0.029003,-0.010412,0.156543,-0.777298,0.609345,0.52173,0.588929,0.617219,-0.838624,0.221292,0.497733,0.000152,0.001113,0.001144,0.011694,-0.019988,0.021676,0.471785,0.07547,0.014055,-0.065798,0.452501,-0.299222,-0.840064,0.735321,0.658157,0.161652,0.504524,-0.690865,0.517841,-3.2e-05,-0.000269,-0.000338,1.5e-05,2e-05,-2e-05,-0.14992
66,0.154832,-0.051694,0.308152,-0.354624,0.284077,-0.890835,-0.79855,-0.587598,0.130449,-0.485962,0.757283,0.436337,-7.5e-05,-0.00064,-0.000815,0.0,0.0,0.0,0.064492,-0.211332,-0.029718,0.329322,-0.171971,0.813459,0.55561,-0.488117,-0.560162,0.669249,0.855837,-0.157127,0.492663,0.000518,0.017277,-0.002022,0.030574,-0.035363,0.035815,0.444797,0.023118,0.029134,-0.01035,0.171108,-0.775019,0.608331,0.512397,0.597368,0.616928,-0.841529,0.206146,0.499332,0.000424,0.003143,0.003218,-0.095257,-0.005364,-0.248899,0.44174,0.075433,0.014021,-0.065783,0.452795,-0.299145,-0.839933,0.735288,0.658109,0.161994,0.504308,-0.690943,0.517947,-4.9e-05,-0.000413,-0.000521,9e-06,-2.1e-05,-5e-06,-0.146327
67,0.154808,-0.051722,0.308167,-0.354737,0.284061,-0.890795,-0.798553,-0.587566,0.130579,-0.485875,0.757314,0.436381,-1.4e-05,-0.000121,-0.000154,0.0,0.0,0.0,0.065175,-0.211132,-0.029504,0.329339,-0.179078,0.810215,0.558099,-0.485885,-0.565987,0.665964,0.855659,-0.152924,0.494293,0.015507,0.004955,0.004324,0.165175,-0.240634,-0.105478,0.429164,0.023219,0.029245,-0.010337,0.177039,-0.772008,0.610459,0.509703,0.602517,0.614145,-0.841937,0.202425,0.500164,0.007808,0.002884,0.002579,0.368506,-0.44687,-0.185236,0.422308,0.075421,0.014005,-0.065777,0.452903,-0.299117,-0.839885,0.735282,0.658084,0.162126,0.504221,-0.690979,0.517984,-7e-06,-5.8e-05,-7e-05,5e-06,-3e-06,-1.4e-05,-0.145348
68,0.154735,-0.051743,0.308157,-0.354813,0.284045,-0.89077,-0.798541,-0.587565,0.130656,-0.485839,0.757321,0.436409,-7e-06,-6.2e-05,-7.8e-05,0.0,0.0,0.0,0.066496,-0.210644,-0.029078,0.329352,-0.188406,0.805455,0.561905,-0.484986,-0.573719,0.659978,0.854177,-0.149178,0.497987,0.015462,0.004791,0.004139,0.124641,-0.195675,-0.045293,0.392967,0.023463,0.029466,-0.010329,0.18747,-0.766949,0.613712,0.509295,0.610142,0.606913,-0.839923,0.198783,0.504987,0.007514,0.00753,-0.002522,0.214917,-0.253789,-0.083178,0.378546,0.075385,0.013994,-0.065783,0.452975,-0.299094,-0.839854,0.735263,0.658086,0.162202,0.504183,-0.690987,0.518009,-1e-06,-1.2e-05,-1.2e-05,1e-05,1.1e-05,-2e-06,-0.143551
69,0.154626,-0.05176,0.308135,-0.355101,0.28399,-0.890673,-0.798448,-0.587636,0.130906,-0.485782,0.757286,0.436532,-2.9e-05,-0.000243,-0.00031,0.0,0.0,0.0,0.068208,-0.209907,-0.028543,0.329122,-0.195585,0.804499,0.560821,-0.489871,-0.575447,0.654844,0.849773,-0.147655,0.505911,0.029658,0.01399,-0.006894,0.1074,-0.146031,0.047303,0.360146,0.023826,0.02973,-0.01044,0.195356,-0.766089,0.612325,0.514415,0.611616,0.601084,-0.834992,0.197564,0.513571,0.007418,0.006917,-0.003161,0.07213,-0.102896,-0.001026,0.330866,0.07533,0.013986,-0.065793,0.453248,-0.299009,-0.839737,0.735142,0.658162,0.162438,0.504113,-0.690951,0.518125,-1.2e-05,-0.000108,-0.000135,7e-06,2e-06,-1e-06,-0.140775
70,0.1546,-0.051791,0.308129,-0.3551,0.283992,-0.890673,-0.798474,-0.587596,0.130927,-0.485739,0.757317,0.436526,-0.000149,-0.001267,-0.001615,-0.000804,0.013583,-0.025405,0.06831,-0.209465,-0.028371,0.329009,-0.20027,0.802725,0.561707,-0.492471,-0.578002,0.650631,0.847181,-0.147324,0.510336,0.014972,0.001313,0.000577,0.054224,-0.086308,-0.013534,0.334368,0.024054,0.029825,-0.010495,0.20021,-0.764331,0.612954,0.517001,0.613846,0.596575,-0.832241,0.197458,0.518058,0.014663,0.005759,-0.004723,0.062016,-0.200895,0.248231,0.305882,0.075317,0.013973,-0.065793,0.453228,-0.299017,-0.839745,0.735178,0.65812,0.162447,0.504079,-0.690988,0.518109,-1e-05,-9.1e-05,-0.000112,2e-06,-8e-06,1e-06,-0.140122
71,0.154597,-0.051827,0.308101,-0.355077,0.283997,-0.89068,-0.798495,-0.58757,0.130918,-0.485723,0.757335,0.436514,-9.1e-05,-0.000773,-0.000986,0.0,0.0,0.0,0.068566,-0.208619,-0.028558,0.328935,-0.218266,0.791282,0.571161,-0.488721,-0.595115,0.637906,0.844928,-0.140892,0.515858,0.014425,-0.003003,-0.003825,0.250404,-0.353147,-0.182326,0.228294,0.024482,0.029733,-0.010531,0.217343,-0.752722,0.621426,0.512597,0.629809,0.583596,-0.830666,0.1917,0.522727,0.007189,-0.001697,-0.002122,0.341456,-0.434993,-0.207977,0.200886,0.075316,0.013954,-0.065809,0.453225,-0.299019,-0.839745,0.735193,0.658101,0.162458,0.50406,-0.691005,0.518105,-5.5e-05,-0.00048,-0.00061,7e-06,1.5e-05,1e-06,-0.139143
72,0.154626,-0.051874,0.308023,-0.355055,0.284001,-0.890688,-0.798489,-0.587585,0.130887,-0.485748,0.757322,0.436508,-0.000195,-0.00166,-0.002117,0.0,0.0,0.0,0.069315,-0.20806,-0.028747,0.329022,-0.242431,0.777076,0.580837,-0.476542,-0.61677,0.626447,0.845328,-0.125892,0.519071,0.014956,0.001201,0.000443,0.11679,-0.169296,-0.063483,0.154068,0.024761,0.029629,-0.010497,0.243019,-0.738157,0.629337,0.500944,0.65108,0.570219,-0.83066,0.176689,0.528,0.007494,0.000735,0.000356,0.09491,-0.159379,-0.047627,0.076295,0.07533,0.013931,-0.065846,0.453204,-0.299026,-0.839755,0.735189,0.658114,0.162426,0.504085,-0.690991,0.518101,-0.000113,-0.000971,-0.001237,-0.000797,0.013585,-0.025404,-0.138653
73,0.154643,-0.051943,0.307953,-0.355246,0.283971,-0.890621,-0.798441,-0.587611,0.131061,-0.485687,0.757312,0.436592,-0.000155,-0.001322,-0.001687,0.0,0.0,0.0,0.068588,-0.207738,-0.028474,0.3289,-0.267916,0.770536,0.578348,-0.471951,-0.628196,0.618519,0.840228,-0.108202,0.531199,-0.000216,0.012305,-0.007103,0.19043,-0.217366,-0.106257,0.091247,0.024922,0.02976,-0.01055,0.268221,-0.732375,0.625847,0.496213,0.661873,0.561869,-0.825729,0.159848,0.540942,-7.4e-05,0.006431,-0.003269,0.268826,-0.325321,-0.13592,-0.00535,0.075339,0.013895,-0.065884,0.453386,-0.298976,-0.839674,0.735124,0.658145,0.162593,0.504016,-0.690982,0.518179,-7.6e-05,-0.000669,-0.000855,4e-06,1e-05,-7e-06,-0.138
74,0.154641,-0.051957,0.307918,-0.355172,0.283983,-0.890647,-0.798452,-0.587613,0.130986,-0.485724,0.757307,0.436561,-0.000172,-0.001463,-0.001868,-0.000804,0.013583,-0.025405,0.068701,-0.207733,-0.028274,0.328749,-0.272748,0.769445,0.577541,-0.474506,-0.629692,0.615033,0.837234,-0.107258,0.536094,-0.000395,0.010861,-0.00857,0.205082,-0.236719,-0.118108,0.027358,0.024925,0.029867,-0.010624,0.273017,-0.731442,0.624863,0.498662,0.663065,0.558283,-0.822676,0.159175,0.54577,-0.000404,0.010767,-0.008666,0.295337,-0.308534,-0.134546,-0.062991,0.075337,0.013889,-0.0659,0.453316,-0.298995,-0.839705,0.735141,0.658144,0.16252,0.504055,-0.690975,0.518151,-7.9e-05,-0.000678,-0.000866,-0.000802,0.013571,-0.025401,-0.138326
75,0.15459,-0.051973,0.30788,-0.355349,0.283948,-0.890587,-0.798381,-0.587677,0.131129,-0.48571,0.75727,0.43664,-4.2e-05,-0.000357,-0.000456,0.0,0.0,0.0,0.068107,-0.207996,-0.027764,0.328222,-0.325589,0.732382,0.597996,-0.432793,-0.67765,0.594487,0.841017,-0.066164,0.53682,-0.016036,0.017994,-0.020147,0.121411,-0.136957,-1.119433,-0.237195,0.0248,0.030122,-0.010874,0.324592,-0.696661,0.639767,0.457979,0.707574,0.538138,-0.827583,0.118325,0.54873,-0.007937,0.00884,-0.010441,-2.965971,-3.715702,-3.257489,-0.273963,0.075312,0.013879,-0.065921,0.453484,-0.298942,-0.839633,0.735053,0.658209,0.162652,0.504031,-0.690936,0.518226,-2.5e-05,-0.000222,-0.000284,3e-06,1.6e-05,-1.1e-05,-0.13849
76,0.154494,-0.051983,0.307885,-0.355431,0.28393,-0.890561,-0.798367,-0.587677,0.131212,-0.485673,0.757277,0.43667,-0.0,-1e-06,-1e-06,0.0,0.0,0.0,0.068421,-0.208386,-0.027107,0.327201,-0.388252,0.696709,0.603198,-0.384355,-0.717221,0.581205,0.838029,-0.007057,0.545454,-0.002297,0.023558,-0.034891,-0.026609,-0.618146,-0.199609,-0.538436,0.0246,0.030447,-0.011374,0.389149,-0.659657,0.642973,0.410167,0.749065,0.520253,-0.824818,0.061271,0.562068,-0.008445,0.011681,-0.017329,-3.016177,-3.6424,-3.037641,-0.558088,0.075264,0.013875,-0.065918,0.453561,-0.298916,-0.839601,0.735032,0.658213,0.162733,0.503993,-0.690943,0.518253,1e-06,2.6e-05,3.5e-05,3e-06,-8e-06,1.5e-05,-0.138489
