frame,MLTx,MLTy,MLTz,MLTR1,MLTR2,MLTR3,MLTR4,MLTR5,MLTR6,MLTR7,MLTR8,MLTR9,MLTTVx,MLTTVy,MLTTVz,MLTRVx,MLTRVy,MLTRVz,MLGA,MRTx,MRTy,MRTz,MRTR1,MRTR2,MRTR3,MRTR4,MRTR5,MRTR6,MRTR7,MRTR8,MRTR9,MRTTVx,MRTTVy,MRTTVz,MRTRVx,MRTRVy,MRTRVz,MRGA,SLTx,SLTy,SLTz,SLTR1,SLTR2,SLTR3,SLTR4,SLTR5,SLTR6,SLTR7,SLTR8,SLTR9,SLTTVx,SLTTVy,SLTTVz,SLTRVx,SLTRVy,SLTRVz,SLGA,SRTx,SRTy,SRTz,SRTR1,SRTR2,SRTR3,SRTR4,SRTR5,SRTR6,SRTR7,SRTR8,SRTR9,SRTTVx,SRTTVy,SRTTVz,SRTRVx,SRTRVy,SRTRVz,SRGA
414,0.152432,-0.053226,0.330109,-0.652019,0.363675,-0.665325,-0.654047,-0.713648,0.250798,-0.382794,0.598223,0.704006,0.0,1e-06,1e-06,0.0,0.0,0.0,0.149002,-0.171413,-0.01749,0.32785,-0.589366,-0.794044,0.14877,0.65852,-0.365698,0.657686,-0.467077,0.486582,0.7382,-0.001739,0.019608,-0.019045,-0.266022,0.206999,0.191778,-1.407759,0.042178,0.035123,-0.017208,0.553339,0.826461,0.103809,-0.757666,0.447623,0.474947,0.346058,-0.341459,0.873869,-0.00087,0.009637,-0.00968,-0.405857,0.262689,0.190904,-0.911122,0.078173,0.010544,-0.060042,0.698928,-0.293478,-0.652203,0.561572,0.789899,0.246365,0.442872,-0.538451,0.716891,0.0,-2e-06,-2e-06,-1.9e-05,-2e-06,1.2e-05,-0.015858
415,0.15242,-0.053226,0.33011,-0.654179,0.359799,-0.665312,-0.649796,-0.717516,0.250813,-0.386322,0.595943,0.704013,0.0,0.0,0.0,0.0,-0.0,-0.0,0.148754,-0.171757,-0.016797,0.326947,-0.593242,-0.79071,0.151103,0.655327,-0.365504,0.660974,-0.466656,0.492132,0.73478,-0.001766,0.016456,-0.022091,-0.082776,0.097102,0.082612,-1.407604,0.042006,0.035462,-0.017652,0.557378,0.823251,0.107639,-0.754415,0.448053,0.479693,0.34668,-0.348575,0.870808,-0.000871,0.00836,-0.010912,-0.114266,0.105437,0.123309,-0.910796,0.078168,0.010544,-0.060042,0.70062,-0.289358,-0.652228,0.556877,0.793243,0.246275,0.446114,-0.535757,0.716899,-0.0,-0.0,-2e-06,-0.000137,3.8e-05,0.000144,-0.015695
416,0.152409,-0.053219,0.330117,-0.654294,0.35974,-0.665231,-0.649708,-0.717563,0.250907,-0.386275,0.595922,0.704056,7.2e-05,0.000605,0.000688,0.0,0.0,0.0,0.147329,-0.171866,-0.016198,0.326522,-0.595005,-0.789487,0.150563,0.653994,-0.366873,0.661536,-0.46628,0.493075,0.734386,-0.015232,0.013547,-0.004625,0.035588,-0.00909,0.014274,-1.408068,0.041957,0.03575,-0.017884,0.559619,0.821733,0.10761,-0.752972,0.449903,0.480229,0.346206,-0.349773,0.870516,-0.0004,0.007055,-0.002666,0.048551,-0.015028,0.018376,-0.911612,0.078162,0.010546,-0.06004,0.700724,-0.28929,-0.652147,0.556788,0.793277,0.246368,0.446062,-0.535744,0.716942,5.7e-05,0.00048,0.000546,-9.2e-05,1.9e-05,0.000108,-0.017165
417,0.152398,-0.053213,0.330124,-0.654184,0.359797,-0.665308,-0.649792,-0.717518,0.250817,-0.38632,0.595942,0.704015,4.5e-05,0.00038,0.000432,0.0,0.0,0.0,0.147183,-0.171889,-0.016104,0.326571,-0.594786,-0.789535,0.151181,0.654351,-0.366442,0.661422,-0.46606,0.493321,0.734361,4.1e-05,0.003768,0.003651,-0.01241,0.099452,-0.171773,-1.407753,0.04194,0.035805,-0.017857,0.559281,0.821896,0.108122,-0.753351,0.44949,0.48002,0.345927,-0.349921,0.870568,2.7e-05,0.002106,0.002044,-0.010858,0.098261,-0.172742,-0.911286,0.078157,0.01055,-0.060035,0.700622,-0.289362,-0.652225,0.55688,0.79324,0.246279,0.446108,-0.53576,0.716901,2.9e-05,0.000244,0.000279,-8.1e-05,2.5e-05,8.3e-05,-0.017981
418,0.152362,-0.053217,0.33012,-0.654256,0.35976,-0.665257,-0.649737,-0.717547,0.250876,-0.38629,0.595929,0.704042,-1e-05,-8.6e-05,-9.8e-05,0.0,0.0,0.0,0.147613,-0.171779,-0.016041,0.32708,-0.594406,-0.789614,0.152257,0.654512,-0.36521,0.661944,-0.466318,0.494108,0.733667,0.00012,0.01144,0.011049,-0.008806,0.070523,-0.122056,-1.407922,0.041995,0.035831,-0.017608,0.558702,0.822162,0.109091,-0.753609,0.448334,0.480696,0.346301,-0.350778,0.870074,5.7e-05,0.006022,0.005816,-0.00888,0.070112,-0.122798,-0.911776,0.078139,0.010549,-0.060036,0.700687,-0.289319,-0.652173,0.556825,0.793261,0.246337,0.446074,-0.535752,0.716928,-6e-06,-5.5e-05,-6.3e-05,-5.4e-05,1.8e-05,5.3e-05,-0.018308
419,0.152327,-0.053221,0.330115,-0.654329,0.359724,-0.665205,-0.649682,-0.717577,0.250935,-0.38626,0.595915,0.70407,-0.0,-1e-06,-1e-06,0.0,0.0,0.0,0.148908,-0.171874,-0.015723,0.327595,-0.594091,-0.789686,0.153113,0.654788,-0.364369,0.662134,-0.466333,0.494616,0.733316,-0.014278,0.009401,0.01029,-0.000248,0.000826,-0.004337,-1.407853,0.041953,0.035997,-0.017344,0.558234,0.822377,0.109861,-0.753918,0.44751,0.48098,0.346383,-0.351326,0.86982,4.7e-05,0.005166,0.004969,0.001718,-0.014663,0.024423,-0.911939,0.078121,0.010547,-0.060039,0.700754,-0.289275,-0.652121,0.556767,0.793284,0.246395,0.446041,-0.535742,0.716956,1e-06,5e-06,6e-06,-3.3e-05,8e-06,4.6e-05,-0.017818
420,0.152327,-0.053215,0.330122,-0.654312,0.359732,-0.665217,-0.649695,-0.71757,0.250921,-0.386267,0.595918,0.704064,3e-06,2.8e-05,3.1e-05,0.0,0.0,0.0,0.15069,-0.171939,-0.01549,0.327768,-0.594318,-0.790017,0.150498,0.653551,-0.365557,0.662701,-0.467774,0.493205,0.733348,0.000117,0.010914,0.010474,0.003592,-0.028765,0.049814,-1.407665,0.041915,0.036112,-0.017259,0.558847,0.8223,0.107292,-0.752804,0.448787,0.481534,0.347814,-0.349874,0.869834,4.7e-05,0.004939,0.004743,-0.009688,0.088653,-0.149756,-0.909163,0.078121,0.01055,-0.060036,0.700739,-0.289286,-0.652133,0.556781,0.793278,0.246382,0.446048,-0.535745,0.71695,1e-06,1.4e-05,1.8e-05,-2.8e-05,1.3e-05,3.7e-05,-0.016675
421,0.152325,-0.053233,0.330102,-0.654249,0.359765,-0.665262,-0.649743,-0.717544,0.250869,-0.386293,0.59593,0.70404,-0.000114,-0.000949,-0.001079,0.0,0.0,0.0,0.152225,-0.171889,-0.015106,0.328218,-0.594117,-0.790058,0.151076,0.653774,-0.365042,0.662765,-0.467719,0.493521,0.73317,0.015308,-0.000789,0.01687,-0.045006,0.079924,-0.136105,-1.407961,0.041935,0.036309,-0.017036,0.558607,0.822405,0.107738,-0.752998,0.448369,0.481621,0.34778,-0.350164,0.869731,4.6e-05,0.004994,0.004773,0.001746,-0.014453,0.024584,-0.907694,0.07812,0.010543,-0.060043,0.700679,-0.289328,-0.652178,0.556834,0.793256,0.246331,0.446075,-0.535754,0.716926,-7.6e-05,-0.000629,-0.000713,-2.2e-05,3e-06,2.7e-05,-0.014225
422,0.152334,-0.053249,0.330068,-0.654282,0.359746,-0.665239,-0.649707,-0.717574,0.250879,-0.386297,0.595905,0.704058,0.015455,-0.001464,-0.001672,0.000984,-0.014715,0.029553,0.153393,-0.171807,-0.015058,0.328597,-0.593372,-0.790212,0.153184,0.654564,-0.363128,0.663036,-0.46756,0.494688,0.732485,3.8e-05,0.003768,0.003592,-0.0,0.0,0.0,-1.407796,0.041981,0.036344,-0.016836,0.557478,0.822906,0.109736,-0.753863,0.446419,0.482078,0.347717,-0.351474,0.869228,0.007612,-0.003563,0.005402,-0.034483,-0.005039,0.010687,-0.90704,0.078119,0.010534,-0.060061,0.700727,-0.289293,-0.652142,0.55678,0.793287,0.246355,0.446067,-0.535727,0.716951,-5.9e-05,-0.000498,-0.000568,-2e-05,-2e-06,1.7e-05,-0.013082
423,0.152334,-0.053249,0.330068,-0.654282,0.359746,-0.665239,-0.649707,-0.717574,0.250879,-0.386297,0.595905,0.704058,-1e-06,-1.1e-05,-1.3e-05,0.0,0.0,0.0,0.153976,-0.171749,-0.015201,0.328782,-0.591713,-0.791411,0.153413,0.656323,-0.362611,0.661579,-0.467199,0.493147,0.733753,0.000872,-0.009099,0.010172,0.13605,-0.106925,-0.098463,-1.407925,0.04201,0.036278,-0.016746,0.556353,0.823673,0.10969,-0.754891,0.445837,0.481008,0.347289,-0.350415,0.869826,0.007607,-0.004187,0.004808,0.295936,-0.217347,-0.074985,-0.903774,0.078125,0.010532,-0.060063,0.70071,-0.289305,-0.652155,0.556795,0.793281,0.24634,0.446075,-0.53573,0.716944,2e-06,1.6e-05,1.7e-05,-1.4e-05,6e-06,1.2e-05,-0.011939
424,0.152346,-0.053241,0.330061,-0.654251,0.35976,-0.665262,-0.64972,-0.717577,0.250836,-0.386328,0.595893,0.704051,-0.0,-0.0,-0.0,0.0,0.0,0.0,0.156445,-0.171547,-0.015482,0.329149,-0.590385,-0.792535,0.152721,0.65732,-0.362496,0.660651,-0.467478,0.49142,0.734733,2.9e-05,0.003094,0.002946,0.006665,-0.017625,0.022689,-1.407704,0.042111,0.036125,-0.016567,0.554504,0.825097,0.108347,-0.756311,0.445348,0.479226,0.347156,-0.347677,0.870977,5e-06,0.001239,0.001175,-0.018412,0.004737,-0.004422,-0.903448,0.078131,0.010536,-0.060067,0.70068,-0.289325,-0.652178,0.55681,0.793284,0.246296,0.446104,-0.535715,0.716937,-2e-06,8e-06,1.1e-05,-1.6e-05,-6e-06,-8e-06,-0.010633
425,0.152333,-0.053239,0.330048,-0.654161,0.359804,-0.665326,-0.649778,-0.717556,0.250744,-0.386383,0.595891,0.704023,-3.2e-05,-0.000268,-0.000305,0.0,0.0,0.0,0.158168,-0.171611,-0.015465,0.32917,-0.590101,-0.792597,0.153497,0.657721,-0.361899,0.660579,-0.467273,0.491761,0.734636,-8e-06,-0.000816,-0.000777,1e-06,-1e-06,-1e-06,-1.407837,0.042079,0.036135,-0.016547,0.554126,0.825249,0.109123,-0.756606,0.44464,0.479418,0.347119,-0.348221,0.870775,-8e-06,-0.000564,-0.000537,-0.000468,0.00046,0.000443,-0.904428,0.078125,0.010538,-0.060072,0.700597,-0.28938,-0.652243,0.556871,0.793269,0.246206,0.446158,-0.535707,0.71691,-2.6e-05,-0.000171,-0.000192,-7e-06,-6e-06,-5e-06,-0.00753
426,0.152343,-0.053265,0.330034,-0.654204,0.359784,-0.665295,-0.649756,-0.717558,0.250797,-0.386347,0.595901,0.704034,-1.6e-05,-0.00013,-0.000148,0.0,0.0,0.0,0.160967,-0.171841,-0.015495,0.329077,-0.589942,-0.793018,0.151929,0.657055,-0.362301,0.661022,-0.468408,0.490786,0.734565,-1.4e-05,-0.001393,-0.001327,0.0,-0.0,-0.0,-1.408221,0.041964,0.036117,-0.016597,0.554233,0.825391,0.107492,-0.756007,0.445146,0.479893,0.348249,-0.347237,0.870716,-7e-06,-0.000751,-0.000711,0.000273,0.001254,-0.000301,-0.905244,0.078129,0.010525,-0.06008,0.700637,-0.289355,-0.652212,0.556849,0.793269,0.246258,0.446124,-0.535721,0.71692,-9e-06,-6.4e-05,-7.3e-05,6e-06,8e-06,1e-06,-0.004591
427,0.152366,-0.053272,0.330026,-0.654183,0.359794,-0.665311,-0.649772,-0.717549,0.25078,-0.386356,0.595905,0.704026,-4e-06,-3.5e-05,-3.9e-05,0.0,0.0,0.0,0.161487,-0.17204,-0.015437,0.329037,-0.58034,-0.799989,0.152363,0.661626,-0.354252,0.660825,-0.47394,0.485315,0.734652,-0.014342,0.000487,0.001703,-0.844081,-3.636863,-4.089317,-1.408084,0.041864,0.036141,-0.016622,0.546055,0.831063,0.105628,-0.759827,0.43821,0.480243,0.352825,-0.342498,0.870752,-0.007255,0.000573,0.000889,-0.850459,-3.641994,-4.079862,-0.905244,0.07814,0.010521,-0.060084,0.700617,-0.289368,-0.652227,0.556866,0.793262,0.246241,0.446133,-0.535724,0.716912,1e-06,2e-06,-0.0,-2e-06,-7e-06,1e-06,-0.002958
428,0.152375,-0.053282,0.329999,-0.6542,0.359783,-0.665299,-0.649748,-0.717573,0.250777,-0.386368,0.595884,0.704038,-3.9e-05,-0.000325,-0.00037,0.0,0.0,0.0,0.163567,-0.172372,-0.015322,0.328977,-0.58013,-0.800418,0.150899,0.66112,-0.354678,0.661103,-0.474901,0.484294,0.734706,-2e-05,-0.001737,-0.001654,-0.014178,0.113269,-0.197007,-1.407854,0.041698,0.036207,-0.016644,0.544755,0.832173,0.103577,-0.75992,0.437635,0.48062,0.354631,-0.34053,0.870789,-0.007177,-0.000591,6.1e-05,-0.001949,0.015723,-0.029073,-0.907204,0.078145,0.010516,-0.060097,0.700633,-0.289354,-0.652216,0.556839,0.793282,0.246238,0.446142,-0.535701,0.716924,-2.3e-05,-0.000195,-0.000222,-7e-06,-1.7e-05,6e-06,0.000471
429,0.152339,-0.053292,0.329988,-0.654289,0.359739,-0.665236,-0.64968,-0.717608,0.250849,-0.386331,0.595868,0.704071,-9e-06,-7.6e-05,-8.6e-05,0.0,0.0,0.0,0.1635,-0.172533,-0.015541,0.329051,-0.580037,-0.800818,0.149128,0.660039,-0.354927,0.662048,-0.476513,0.483448,0.734218,-9e-06,-0.000758,-0.000722,-0.00035,-0.001438,0.001367,-1.407726,0.041618,0.036092,-0.016612,0.544877,0.832306,0.101852,-0.759054,0.437977,0.481677,0.356294,-0.339766,0.870409,-0.007184,-0.000711,-5.6e-05,-0.001745,0.016328,-0.027805,-0.907204,0.078127,0.010511,-0.060103,0.700715,-0.289298,-0.652152,0.556766,0.793311,0.246309,0.446103,-0.535689,0.716957,-4e-06,-3.7e-05,-4.3e-05,-1.7e-05,-1.1e-05,0.0,0.002104
430,0.15234,-0.053294,0.330001,-0.654173,0.3598,-0.665317,-0.64978,-0.717545,0.250771,-0.38636,0.595907,0.704022,1.7e-05,0.00014,0.000159,0.0,0.0,0.0,0.164472,-0.172833,-0.015621,0.329044,-0.564239,-0.812482,0.146625,0.666941,-0.344042,0.660877,-0.485788,0.471703,0.735778,-0.01437,-0.001417,-0.00012,-0.099242,-1.180968,-1.31749,-1.407844,0.041473,0.036053,-0.016616,0.531432,0.841701,0.095489,-0.764762,0.42824,0.481402,0.364304,-0.328859,0.871282,-9.9e-05,-0.000314,-0.000601,-0.602596,-3.793164,-4.137519,-0.908347,0.078127,0.01051,-0.060096,0.700608,-0.289374,-0.652234,0.556874,0.793259,0.246233,0.446137,-0.535725,0.716909,9e-06,9.4e-05,0.000108,-2e-06,-4e-06,1e-06,0.002267
431,0.152364,-0.053281,0.33,-0.654219,0.359774,-0.665286,-0.649733,-0.71758,0.250792,-0.38636,0.595881,0.704045,6e-06,4.7e-05,5.3e-05,0.0,0.0,0.0,0.165785,-0.172932,-0.015628,0.329018,-0.559325,-0.81583,0.146862,0.669111,-0.339919,0.660817,-0.488481,0.468903,0.735785,-5e-06,-0.00037,-0.000353,-0.004442,-0.03105,-0.033937,-1.407713,0.041418,0.036048,-0.01663,0.52468,0.846108,0.093864,-0.767803,0.422712,0.481448,0.36768,-0.324675,0.871433,-0.007178,-0.000443,0.000205,-0.036749,-0.078302,-0.142899,-0.909163,0.07814,0.010517,-0.060097,0.700651,-0.289343,-0.652202,0.556824,0.793288,0.246252,0.446133,-0.535699,0.716931,0.00776,0.004787,-0.00503,0.036653,-0.026705,0.0484,0.00341
432,0.152351,-0.053292,0.329987,-0.65427,0.359748,-0.66525,-0.649694,-0.717601,0.250834,-0.386339,0.595871,0.704064,-8e-06,-6.5e-05,-7.4e-05,0.0,0.0,0.0,0.167662,-0.173229,-0.015575,0.328952,-0.55871,-0.815953,0.148511,0.670049,-0.338732,0.660476,-0.487901,0.469549,0.735758,-0.014373,-0.001544,-0.000247,-0.002044,0.015205,-0.029246,-1.408009,0.041275,0.036077,-0.01666,0.523813,0.846471,0.095423,-0.768632,0.42139,0.481283,0.367182,-0.325448,0.871355,-0.007186,-0.000919,-0.000256,-0.01463,0.114655,-0.200764,-0.907203,0.078133,0.010511,-0.060103,0.700698,-0.289311,-0.652166,0.556782,0.793305,0.246294,0.446111,-0.535692,0.71695,-2e-06,-3.4e-05,-3.8e-05,-2e-06,8e-06,-1e-06,0.006023
433,0.152338,-0.053297,0.329981,-0.654305,0.359731,-0.665225,-0.649668,-0.717615,0.250862,-0.386324,0.595865,0.704077,-0.0,-0.0,-0.0,0.0,0.0,0.0,0.170058,-0.1734,-0.015697,0.328907,-0.558246,-0.816042,0.14976,0.670608,-0.337693,0.660441,-0.487665,0.470143,0.735535,-8e-06,-0.000562,-0.000536,0.0,-0.0,-0.0,-1.407533,0.041184,0.036013,-0.016685,0.523165,0.846741,0.096572,-0.769173,0.420341,0.481338,0.366975,-0.3261,0.871198,-3e-06,-0.00034,-0.000319,0.012407,-0.098611,0.172551,-0.909816,0.078127,0.010508,-0.060106,0.70073,-0.289289,-0.652141,0.556754,0.793316,0.246322,0.446096,-0.535687,0.716963,-1e-06,8e-06,1.2e-05,-6e-06,-2e-06,-8e-06,0.008962
434,0.152351,-0.053286,0.329994,-0.654254,0.359757,-0.665261,-0.649707,-0.717594,0.25082,-0.386346,0.595874,0.704058,7.6e-05,0.000637,0.000725,0.0,0.0,0.0,0.171259,-0.173367,-0.015683,0.328917,-0.558237,-0.816042,0.14979,0.670621,-0.33767,0.660439,-0.487656,0.470159,0.735531,1.3e-05,0.000868,0.000828,0.0,-0.0,-0.0,-1.407887,0.041201,0.036018,-0.016682,0.52316,0.846741,0.096601,-0.769181,0.420325,0.481337,0.366964,-0.32612,0.871195,1e-05,0.00064,0.000613,2.7e-05,0.000208,0.000385,-0.909326,0.078133,0.010513,-0.060101,0.700683,-0.289321,-0.652177,0.556796,0.793299,0.246281,0.446118,-0.535694,0.716944,0.007817,2.6e-05,2.7e-05,0.000992,-0.014713,0.029555,0.010268
435,0.152351,-0.053279,0.329987,-0.654241,0.359761,-0.665271,-0.649706,-0.717605,0.250792,-0.386369,0.595858,0.704059,0.0,0.0,0.0,0.0,0.0,0.0,0.174531,-0.173345,-0.015697,0.328917,-0.558201,-0.816416,0.147878,0.6697,-0.338291,0.661057,-0.488961,0.469061,0.735365,0.000825,-0.011478,0.007908,-0.037638,0.005551,-0.013775,-1.407592,0.041211,0.03602,-0.016681,0.52345,0.846789,0.094591,-0.768348,0.421122,0.481972,0.368294,-0.324968,0.871065,0.007177,-9.4e-05,-0.000704,-0.000707,-0.026285,0.04196,-0.908183,0.078133,0.010518,-0.060103,0.700671,-0.289328,-0.652187,0.556793,0.79331,0.246252,0.446139,-0.535676,0.716945,-0.0,-4e-06,-7e-06,-4e-06,-4e-06,-4e-06,0.014514
436,0.152338,-0.053296,0.329968,-0.654196,0.359784,-0.665303,-0.64974,-0.717587,0.250755,-0.386387,0.595866,0.704042,-7e-06,-5.7e-05,-6.5e-05,0.0,0.0,0.0,0.175063,-0.173144,-0.015909,0.329109,-0.551882,-0.820786,0.147402,0.673006,-0.334166,0.659796,-0.491592,0.464362,0.736592,0.015203,-0.010298,0.007809,-0.274001,-1.102131,-1.212593,-1.407817,0.041312,0.035909,-0.016582,0.517646,0.850579,0.092502,-0.771298,0.417115,0.480742,0.370326,-0.320201,0.871968,0.007593,-0.005137,0.00389,-0.306279,-1.137055,-1.208624,-0.909163,0.078126,0.010509,-0.060113,0.700629,-0.289356,-0.652219,0.55683,0.793295,0.246216,0.446159,-0.535682,0.716928,-2e-06,-1.6e-05,-1.9e-05,-2e-06,-7e-06,-1e-06,0.0168
437,0.152338,-0.053296,0.329968,-0.654196,0.359784,-0.665303,-0.64974,-0.717587,0.250755,-0.386387,0.595866,0.704042,-0.0,-1e-06,-1e-06,0.0,0.0,0.0,0.175402,-0.173104,-0.016014,0.329189,-0.547269,-0.824358,0.144646,0.673503,-0.331327,0.66072,-0.496048,0.460046,0.736313,0.0,2e-06,2e-06,-3.8e-05,-0.000481,0.000375,-1.407972,0.041333,0.035857,-0.016542,0.51308,0.853778,0.088381,-0.772034,0.414037,0.48222,0.375116,-0.315651,0.871579,0.0076,-0.005214,0.003845,-0.035867,0.003628,0.007813,-0.909163,0.078126,0.010509,-0.060113,0.700629,-0.289356,-0.652219,0.55683,0.793295,0.246216,0.446158,-0.535682,0.716928,-0.0,9e-06,1.1e-05,-5e-06,5e-06,-1.2e-05,0.01729
438,0.152373,-0.053291,0.329972,-0.654124,0.359821,-0.665354,-0.649795,-0.717558,0.250696,-0.386417,0.59588,0.704015,1e-06,6e-06,7e-06,0.0,0.0,0.0,0.179122,-0.173165,-0.016123,0.329176,-0.537607,-0.831118,0.142173,0.676149,-0.324349,0.661479,-0.502969,0.45279,0.736116,-1.8e-05,-0.001254,-0.001197,-0.000108,-0.000432,0.000409,-1.407771,0.041302,0.035804,-0.016547,0.503907,0.859726,0.083347,-0.77472,0.407186,0.483742,0.381948,-0.308332,0.871232,-1.3e-05,-0.000942,-0.000894,0.000739,0.003038,0.001,-0.908673,0.078144,0.010512,-0.06011,0.700562,-0.289402,-0.652271,0.556889,0.793271,0.246158,0.44619,-0.535692,0.716901,0.007767,-0.000397,-0.000455,0.000986,-0.014714,0.029549,0.020392
439,0.15236,-0.053302,0.32996,-0.654175,0.359795,-0.665318,-0.649756,-0.717579,0.250738,-0.386396,0.59587,0.704034,-4.6e-05,-0.000386,-0.000439,0.0,0.0,0.0,0.180043,-0.173428,-0.016075,0.329145,-0.535858,-0.832225,0.142299,0.678235,-0.324084,0.65947,-0.502029,0.45094,0.737891,1.4e-05,0.000934,0.000891,0.123438,-0.086073,-0.058332,-1.407456,0.04117,0.035823,-0.016567,0.502497,0.860572,0.08314,-0.776284,0.406754,0.481594,0.380629,-0.30654,0.872441,-0.007176,0.000403,0.001001,0.168821,-0.097094,-0.09862,-0.906224,0.078138,0.010507,-0.060116,0.70061,-0.289369,-0.652234,0.556848,0.793288,0.246199,0.446168,-0.535685,0.71692,-3e-05,-0.000249,-0.000282,1e-06,-1e-06,-4e-06,0.023495
440,0.152348,-0.053315,0.329961,-0.654223,0.359772,-0.665283,-0.649731,-0.717582,0.250795,-0.386358,0.59588,0.704046,-0.0,-1e-06,-1e-06,0.0,0.0,0.0,0.178679,-0.173689,-0.01588,0.329056,-0.535345,-0.83232,0.143671,0.679155,-0.323223,0.658946,-0.501334,0.451384,0.738092,-0.000814,0.011839,-0.007566,0.036474,-0.010379,0.018305,-1.407855,0.04104,0.035923,-0.01661,0.501424,0.861081,0.084328,-0.777311,0.405541,0.48096,0.379947,-0.306714,0.872677,-0.000405,0.005959,-0.003741,0.034518,-0.009272,0.018833,-0.909979,0.078132,0.010499,-0.060117,0.700654,-0.289341,-0.6522,0.556821,0.793289,0.246255,0.446131,-0.535699,0.716932,-0.0,1e-05,1.3e-05,-4e-06,4e-06,-1.5e-05,0.023985
441,0.152349,-0.053304,0.329974,-0.65419,0.359789,-0.665306,-0.649755,-0.717569,0.250768,-0.386371,0.595886,0.704034,0.00013,0.001085,0.001236,0.0,0.0,0.0,0.178725,-0.173686,-0.0159,0.329093,-0.535287,-0.83233,0.14383,0.679175,-0.323049,0.659011,-0.501368,0.451491,0.738004,0.00085,-0.009528,0.009771,-0.034656,-0.003952,0.00663,-1.407864,0.041041,0.035915,-0.016596,0.501352,0.861108,0.084483,-0.777342,0.405387,0.481039,0.379979,-0.306842,0.872618,0.0,5.2e-05,5.1e-05,-0.000235,0.000429,0.000572,-0.910306,0.078132,0.010503,-0.060113,0.700624,-0.289362,-0.652222,0.556848,0.793278,0.246229,0.446145,-0.535703,0.71692,7.6e-05,0.000645,0.000736,0.000872,-0.012611,0.025891,0.023658
442,0.152338,-0.053303,0.329975,-0.654209,0.35978,-0.665293,-0.649741,-0.717576,0.250783,-0.386364,0.595882,0.704041,-0.000117,-0.000978,-0.001113,0.0,0.0,0.0,0.178886,-0.173622,-0.015923,0.329264,-0.530269,-0.835495,0.144059,0.680993,-0.318675,0.659264,-0.504229,0.44874,0.737732,5.2e-05,0.003295,0.003141,-0.006449,-0.029512,-0.033024,-1.407763,0.041068,0.035896,-0.01651,0.496469,0.864036,0.083419,-0.779092,0.401149,0.481762,0.382796,-0.304171,0.872322,2.5e-05,0.001654,0.001578,-0.07458,-0.337384,-0.366678,-0.908673,0.078127,0.010509,-0.060106,0.700626,-0.28936,-0.652221,0.556846,0.793279,0.246231,0.446144,-0.535703,0.716921,-1e-06,-6e-06,-8e-06,-1e-06,-5e-06,-6e-06,0.023985
443,0.152301,-0.053321,0.32997,-0.656429,0.35585,-0.66522,-0.645414,-0.721436,0.250884,-0.389826,0.593584,0.704074,-5e-06,-4.2e-05,-4.8e-05,0.0,-0.0,-0.0,0.177273,-0.173493,-0.015853,0.329305,-0.529742,-0.835573,0.145544,0.681679,-0.317504,0.65912,-0.503857,0.449427,0.737568,-1.1e-05,-0.000737,-0.000702,-0.01236,0.098698,-0.172211,-1.407674,0.041138,0.035942,-0.016479,0.495688,0.864369,0.084608,-0.779717,0.39999,0.481713,0.382536,-0.30475,0.872234,-1e-05,-0.000609,-0.00058,7e-06,0.000278,0.00032,-0.908836,0.078108,0.010497,-0.060112,0.702385,-0.28517,-0.652175,0.552064,0.796612,0.246239,0.449311,-0.532997,0.71696,-2e-06,-9e-06,-1.2e-05,-0.000104,2.7e-05,0.000119,0.022842
444,0.152289,-0.053326,0.329965,-0.656464,0.355832,-0.665195,-0.645388,-0.721449,0.250913,-0.389811,0.593578,0.704087,-4e-06,-3.3e-05,-3.8e-05,0.0,-0.0,-0.0,0.177927,-0.173501,-0.01592,0.329313,-0.529473,-0.835614,0.146281,0.681949,-0.316853,0.659154,-0.503775,0.44981,0.737391,0.000819,-0.011698,0.007703,-0.036448,0.010336,-0.01833,-1.408109,0.041134,0.03591,-0.01648,0.495319,0.864516,0.085263,-0.779987,0.399371,0.481791,0.382464,-0.305144,0.872127,-1e-05,-0.000644,-0.000613,1e-05,0.00017,0.000296,-0.908836,0.078102,0.010494,-0.060115,0.702416,-0.28515,-0.65215,0.552037,0.796622,0.246267,0.449294,-0.532993,0.716973,-2e-06,-1e-05,-1.2e-05,-9.7e-05,2.5e-05,9.4e-05,0.022352
445,0.152324,-0.05332,0.329956,-0.656395,0.355865,-0.665245,-0.645429,-0.721438,0.250839,-0.389858,0.593572,0.704067,-0.0,-0.0,-0.0,0.0,0.0,0.0,0.17995,-0.173618,-0.015909,0.329363,-0.524731,-0.839067,0.143582,0.682549,-0.314069,0.659864,-0.507907,0.445307,0.737289,3e-06,0.000195,0.000186,0.0,-0.0,-0.0,-1.408108,0.041076,0.03591,-0.016455,0.490972,0.867358,0.081451,-0.780733,0.396592,0.482877,0.386524,-0.300671,0.871891,-0.007179,-0.000159,0.000462,-0.001905,0.0158,-0.029204,-0.90851,0.07812,0.010497,-0.060119,0.702352,-0.285195,-0.6522,0.552084,0.796612,0.246194,0.449338,-0.532984,0.716953,-3e-06,6e-06,9e-06,-6.9e-05,-3e-06,6.6e-05,0.023495
446,0.152345,-0.053339,0.329934,-0.656407,0.355859,-0.665237,-0.64542,-0.721443,0.250849,-0.389853,0.59357,0.704071,-8.1e-05,-0.000677,-0.000771,0.0,0.0,0.0,0.180609,-0.173857,-0.015943,0.329308,-0.519307,-0.842233,0.144762,0.684973,-0.30909,0.659704,-0.510218,0.442805,0.737201,-0.014384,-0.001735,-0.000436,-0.002045,0.015205,-0.029245,-1.407408,0.040961,0.035894,-0.016482,0.485427,0.870498,0.081204,-0.783064,0.391597,0.483178,0.388806,-0.298135,0.871748,-1.3e-05,-0.000805,-0.00076,6e-05,0.000265,0.000236,-0.910959,0.07813,0.010489,-0.060129,0.702361,-0.285188,-0.652192,0.552077,0.796614,0.246203,0.449332,-0.532984,0.716957,-4.6e-05,-0.000368,-0.000416,-4.5e-05,2.2e-05,4.6e-05,0.024801
447,0.152329,-0.053365,0.329889,-0.65651,0.355804,-0.665164,-0.64533,-0.7215,0.250916,-0.389829,0.593534,0.704116,-0.000139,-0.001161,-0.001323,0.0,0.0,0.0,0.180511,-0.174006,-0.015868,0.329407,-0.517523,-0.843306,0.144905,0.686944,-0.308664,0.657851,-0.509384,0.441054,0.738826,4.8e-05,0.00282,0.002685,-0.003234,0.092232,-0.176581,-1.407673,0.040881,0.035925,-0.016437,0.48367,0.871522,0.080691,-0.784751,0.390986,0.480932,0.387594,-0.295935,0.873036,3e-05,0.001829,0.001742,-0.014291,0.00169,-0.007429,-0.913572,0.078122,0.010476,-0.060151,0.702456,-0.285122,-0.652119,0.551981,0.796661,0.246269,0.449302,-0.53295,0.717001,-7.9e-05,-0.000658,-0.000749,-0.000913,0.012595,-0.025868,0.025128
448,0.152329,-0.053363,0.329875,-0.656514,0.3558,-0.665163,-0.645316,-0.721518,0.250901,-0.389845,0.593515,0.704123,-3.4e-05,-0.000282,-0.000322,0.0,0.0,0.0,0.180867,-0.174006,-0.015808,0.329449,-0.517332,-0.843333,0.145426,0.68719,-0.308254,0.657787,-0.509246,0.441289,0.738779,3.2e-05,0.001897,0.001805,0.000133,-9.4e-05,-6.4e-05,-1.407883,0.040881,0.035959,-0.016413,0.483322,0.871653,0.081363,-0.78498,0.390358,0.481068,0.387563,-0.296379,0.872899,1.7e-05,0.001158,0.001103,-0.004439,0.00188,1.2e-05,-0.913735,0.078122,0.010475,-0.06016,0.702459,-0.285118,-0.652118,0.551966,0.796676,0.246253,0.449315,-0.53293,0.717007,-2.3e-05,-0.000187,-0.000213,-2.1e-05,1.4e-05,3.3e-05,0.025291
449,0.152307,-0.053343,0.329883,-0.656394,0.355861,-0.665249,-0.645398,-0.721485,0.250784,-0.389912,0.593517,0.704083,3.8e-05,0.000318,0.000362,0.0,0.0,0.0,0.18113,-0.173852,-0.015791,0.329509,-0.512182,-0.846395,0.145862,0.689135,-0.303789,0.65783,-0.51182,0.43851,0.738656,2.2e-05,0.001325,0.00126,-0.0,-1e-06,-1e-06,-1.407661,0.040958,0.035968,-0.016383,0.478163,0.874576,0.080463,-0.786859,0.385896,0.481597,0.390143,-0.293596,0.87269,1.3e-05,0.000802,0.000764,0.00063,0.002211,-0.0006,-0.914225,0.078111,0.010485,-0.060156,0.702348,-0.285195,-0.652204,0.552053,0.796651,0.246138,0.449382,-0.532926,0.716969,3.1e-05,0.000255,0.000289,-2.5e-05,-2e-06,1.4e-05,0.025781
450,0.152305,-0.053362,0.329876,-0.656439,0.355839,-0.665216,-0.645374,-0.721488,0.250839,-0.389876,0.593528,0.704095,-1.4e-05,-0.000121,-0.000137,0.0,0.0,0.0,0.180958,-0.173721,-0.015698,0.329587,-0.506967,-0.849433,0.146422,0.69116,-0.299255,0.657782,-0.514279,0.435742,0.738586,0.014395,0.00317,0.001796,-0.010311,0.083457,-0.142986,-1.407467,0.041018,0.036012,-0.016345,0.472977,0.877471,0.079594,-0.788782,0.38145,0.481993,0.392574,-0.290754,0.872551,2.5e-05,0.001587,0.00151,0.001927,-0.013727,0.025224,-0.914062,0.07811,0.010476,-0.060158,0.702389,-0.285168,-0.652171,0.552029,0.79665,0.246193,0.449346,-0.532941,0.71698,-7e-06,-7e-05,-8e-05,-4e-06,1.8e-05,1.7e-05,0.026108
451,0.152317,-0.053363,0.329876,-0.656421,0.355849,-0.665229,-0.645388,-0.72148,0.250824,-0.389884,0.593531,0.704088,-0.0,-2e-06,-2e-06,0.0,0.0,0.0,0.181005,-0.173678,-0.015664,0.329615,-0.506683,-0.849467,0.147207,0.6915,-0.298618,0.657715,-0.514103,0.436114,0.73849,1.4e-05,0.000872,0.000828,0.0,-0.0,-0.0,-1.407805,0.041045,0.036033,-0.016327,0.472519,0.877643,0.080417,-0.789148,0.380711,0.481978,0.392389,-0.291205,0.872484,0.000421,-0.005002,0.004658,-0.036447,0.010599,-0.017976,-0.914388,0.078116,0.010476,-0.060159,0.702372,-0.285181,-0.652184,0.552045,0.796644,0.246178,0.449354,-0.532943,0.716973,1e-06,6e-06,8e-06,-1.4e-05,1e-06,1.1e-05,0.026108
452,0.152329,-0.053355,0.329868,-0.656389,0.355863,-0.665252,-0.645401,-0.721484,0.25078,-0.389914,0.593518,0.704081,-0.0,-0.0,-0.0,0.0,0.0,0.0,0.184539,-0.173673,-0.015878,0.32978,-0.506119,-0.849537,0.148731,0.691812,-0.297075,0.658087,-0.51424,0.437031,0.737851,0.000835,-0.010459,0.008884,-0.036447,0.010335,-0.018332,-1.407549,0.041048,0.035925,-0.016246,0.471732,0.877939,0.081801,-0.789501,0.379252,0.48255,0.392626,-0.292216,0.872039,0.000414,-0.005238,0.004434,-0.036438,0.010485,-0.018092,-0.915532,0.078122,0.01048,-0.060163,0.702343,-0.285199,-0.652207,0.552058,0.796648,0.246134,0.449383,-0.532927,0.716967,-3e-06,2e-06,5e-06,-6e-06,8e-06,9e-06,0.028557
453,0.152315,-0.053364,0.329842,-0.656444,0.355833,-0.665214,-0.645348,-0.721521,0.250808,-0.38991,0.59349,0.704107,-7.3e-05,-0.000608,-0.000693,0.0,0.0,0.0,0.184779,-0.173646,-0.015991,0.330011,-0.504811,-0.850883,0.145449,0.691924,-0.298258,0.657433,-0.515374,0.433588,0.73909,1.9e-05,0.001224,0.001162,0.23437,-0.167271,-0.11262,-1.407669,0.041061,0.035868,-0.016131,0.471697,0.878259,0.0785,-0.788915,0.380589,0.482457,0.393846,-0.289503,0.872394,8e-06,0.000724,0.000685,0.393509,-0.243967,-0.127312,-0.916348,0.078115,0.010476,-0.060174,0.702393,-0.285163,-0.652169,0.552001,0.79668,0.24616,0.449375,-0.5329,0.716992,-5.7e-05,-0.000465,-0.000527,0.0,1.3e-05,8e-06,0.031333
454,0.152301,-0.053381,0.329823,-0.656511,0.355799,-0.665166,-0.645297,-0.721548,0.250863,-0.389882,0.593478,0.704133,-4e-06,-3.7e-05,-4.2e-05,0.0,0.0,0.0,0.183515,-0.173412,-0.016123,0.330063,-0.501236,-0.852953,0.145687,0.695641,-0.297226,0.653967,-0.513863,0.430209,0.74211,0.015175,-0.011346,0.006825,0.416228,-0.327472,-0.206032,-1.407516,0.041173,0.035809,-0.016105,0.468778,0.879835,0.07833,-0.791347,0.378917,0.479782,0.392448,-0.286898,0.873883,0.007582,-0.00596,0.003137,-0.050612,0.00054,0.008208,-0.916021,0.078108,0.010466,-0.060186,0.702455,-0.28512,-0.652121,0.551946,0.796701,0.246215,0.449346,-0.532891,0.717017,1e-06,6e-06,8e-06,-8e-06,-2e-06,2e-06,0.03117
455,0.152301,-0.053373,0.329816,-0.656499,0.355803,-0.665176,-0.645296,-0.721559,0.250835,-0.389905,0.593462,0.704133,-0.0,-1e-06,-1e-06,0.0,0.0,0.0,0.183766,-0.173329,-0.016205,0.330148,-0.499778,-0.853943,0.144896,0.697039,-0.297384,0.652406,-0.513391,0.428129,0.743639,0.015207,-0.009379,0.008692,0.261212,-0.305896,0.047104,-1.407742,0.041214,0.035762,-0.016068,0.466762,0.881039,0.076825,-0.793201,0.378639,0.476931,0.391106,-0.283551,0.875576,8e-06,0.000684,0.000647,0.461131,-0.290761,-0.154097,-0.915531,0.078108,0.01047,-0.060189,0.702443,-0.285127,-0.652131,0.551945,0.796711,0.246186,0.449366,-0.532872,0.717018,3e-06,1.7e-05,1.5e-05,-1e-05,4e-06,-1.6e-05,0.03117
456,0.152314,-0.053355,0.329822,-0.656435,0.355835,-0.665222,-0.645334,-0.72155,0.250764,-0.38995,0.593455,0.704115,1e-06,5e-06,6e-06,0.0,0.0,0.0,0.184029,-0.173151,-0.016379,0.330322,-0.499756,-0.853942,0.144981,0.696733,-0.29704,0.652889,-0.513827,0.428371,0.743198,0.0,1.7e-05,1.6e-05,6.1e-05,-4.3e-05,-2.9e-05,-1.407443,0.041309,0.035675,-0.015975,0.465916,0.881523,0.076406,-0.793588,0.378121,0.476698,0.391329,-0.282736,0.875739,0.007596,-0.005214,0.003846,-0.038015,-0.002877,0.01171,-0.916348,0.078115,0.01048,-0.060185,0.702384,-0.285166,-0.652178,0.551984,0.796705,0.246117,0.449409,-0.532861,0.717,-1e-06,-2e-06,-5e-06,-1e-06,-4e-06,-3e-06,0.031006
457,0.152301,-0.053373,0.329816,-0.656499,0.355803,-0.665176,-0.645296,-0.721559,0.250835,-0.389905,0.593462,0.704133,-2.1e-05,-0.000172,-0.000196,0.0,0.0,0.0,0.182958,-0.172929,-0.0166,0.330489,-0.499278,-0.853635,0.148389,0.697863,-0.294847,0.652676,-0.512759,0.430494,0.742708,0.015203,-0.010375,0.007745,-0.022039,-0.10305,0.183422,-1.407569,0.041414,0.035568,-0.015895,0.464863,0.881773,0.079857,-0.794704,0.37579,0.476683,0.390317,-0.285055,0.87544,-3e-06,-8e-06,-1e-05,-0.000288,-0.000552,0.001519,-0.917001,0.078108,0.010471,-0.060188,0.702443,-0.285127,-0.652131,0.551944,0.796711,0.246186,0.449366,-0.532872,0.717018,-1.2e-05,-0.000103,-0.000117,-1.1e-05,-2e-06,-1.1e-05,0.03068
458,0.152301,-0.053373,0.329816,-0.656499,0.355803,-0.665176,-0.645296,-0.721559,0.250835,-0.389905,0.593462,0.704133,-0.0,-3e-06,-3e-06,0.0,0.0,0.0,0.183025,-0.17288,-0.016674,0.330557,-0.49769,-0.854642,0.147929,0.699428,-0.29475,0.651042,-0.512172,0.428557,0.744232,0.0,2.2e-05,2.1e-05,0.448343,-0.321597,-0.215344,-1.407403,0.041444,0.035527,-0.015858,0.464942,0.881742,0.079747,-0.794534,0.375821,0.476942,0.390569,-0.285112,0.875309,0.000418,-0.005442,0.004241,-0.036417,0.010497,-0.017562,-0.918144,0.078108,0.01047,-0.060189,0.702443,-0.285127,-0.652131,0.551944,0.796711,0.246186,0.449366,-0.532872,0.717018,-0.0,7e-06,8e-06,-4e-06,2e-06,-7e-06,0.03019
459,0.152326,-0.053347,0.329814,-0.656403,0.355849,-0.665246,-0.645347,-0.721553,0.250721,-0.389981,0.593442,0.704108,9e-06,7.5e-05,8.6e-05,0.0,0.0,0.0,0.183422,-0.172768,-0.016733,0.33059,-0.497632,-0.854646,0.148102,0.699405,-0.294533,0.651165,-0.512261,0.428698,0.74409,-0.0,-1.1e-05,-1.1e-05,9.6e-05,-6.9e-05,-4.6e-05,-1.407517,0.0415,0.035497,-0.015842,0.463356,0.882644,0.078995,-0.795921,0.375315,0.475024,0.389629,-0.282979,0.876419,-1e-06,-3e-06,-4e-06,-0.003492,0.001784,0.000465,-0.91994,0.078121,0.010484,-0.060189,0.702355,-0.285184,-0.652201,0.551998,0.796709,0.246073,0.449439,-0.532844,0.716994,4e-06,4e-05,4.5e-05,-4e-06,-1e-05,-5e-06,0.030353
460,0.152313,-0.053366,0.329809,-0.658563,0.351924,-0.665199,-0.641025,-0.725371,0.250791,-0.393444,0.59113,0.704127,-7.3e-05,-0.000609,-0.000695,0.099259,-0.037422,-0.105067,0.180783,-0.172656,-0.016951,0.330713,-0.49434,-0.856664,0.147464,0.702598,-0.294035,0.647945,-0.511082,0.42499,0.747022,-7e-06,-0.000577,-0.000548,0.381015,-0.273783,-0.182975,-1.407783,0.041556,0.035392,-0.015783,0.461674,0.883576,0.07841,-0.797204,0.374525,0.473493,0.389001,-0.281109,0.877299,-7e-06,-0.000431,-0.000413,-0.004396,0.002212,0.000434,-0.919287,0.078114,0.010475,-0.060191,0.703996,-0.281126,-0.652194,0.547363,0.79991,0.246041,0.452528,-0.530199,0.717012,-4.9e-05,-0.000406,-0.000464,0.334884,-0.126241,-0.353242,0.029373
461,0.15229,-0.053357,0.329803,-0.658587,0.35191,-0.665183,-0.640995,-0.725397,0.250794,-0.393451,0.591107,0.704142,-2.2e-05,0.010331,-0.009194,0.035671,-0.011992,0.018847,0.179008,-0.172497,-0.017193,0.330909,-0.492713,-0.857665,0.147092,0.703913,-0.293606,0.646711,-0.510846,0.423261,0.748164,0.015221,-0.010216,0.007895,0.346546,-0.279009,-0.17195,-1.407797,0.04163,0.03527,-0.015685,0.459879,0.884591,0.077518,-0.798522,0.373784,0.471856,0.388424,-0.278897,0.878261,-2e-06,9.2e-05,8.4e-05,0.444243,-0.320225,-0.214227,-0.919614,0.078102,0.010475,-0.060192,0.704073,-0.280995,-0.652167,0.547209,0.800007,0.246068,0.452595,-0.530122,0.717026,-1e-06,5e-06,6e-06,-0.000109,2.5e-05,0.000107,0.026434
462,0.152291,-0.053346,0.329816,-0.658555,0.351927,-0.665206,-0.64102,-0.725384,0.250767,-0.393464,0.591113,0.70413,8.9e-05,0.000743,0.000847,0.0,0.0,0.0,0.179068,-0.172379,-0.017319,0.331006,-0.492608,-0.857676,0.147377,0.703817,-0.293196,0.647002,-0.51108,0.423523,0.747856,0.000842,-0.011129,0.00826,-0.030881,0.006142,-0.021104,-1.407329,0.041695,0.035208,-0.015636,0.45846,0.885379,0.076916,-0.799682,0.373226,0.47033,0.387713,-0.277136,0.879131,0.007184,9.1e-05,-0.000533,-0.013505,-0.010854,0.024758,-0.919614,0.078103,0.010482,-0.060191,0.70403,-0.281024,-0.6522,0.547236,0.800006,0.246013,0.452629,-0.530109,0.717015,6.9e-05,0.000586,0.000669,-8.5e-05,3.1e-05,8.8e-05,0.025128
463,0.152302,-0.05336,0.329816,-0.658565,0.351923,-0.665198,-0.641023,-0.725372,0.250793,-0.393442,0.59113,0.704128,-8.5e-05,-0.00071,-0.00081,0.0,0.0,0.0,0.179184,-0.172146,-0.017631,0.331101,-0.489368,-0.859666,0.146574,0.706862,-0.292734,0.643884,-0.509995,0.419784,0.750699,-3.5e-05,-0.002989,-0.002841,0.158043,-0.202509,0.103031,-1.407609,0.041811,0.035051,-0.015583,0.455699,0.886935,0.075383,-0.801985,0.372353,0.467089,0.386209,-0.273309,0.88099,-2.1e-05,-0.001632,-0.001553,0.168598,-0.208049,0.101692,-0.921083,0.078109,0.010479,-0.060186,0.704039,-0.281022,-0.652192,0.547244,0.799992,0.24604,0.452606,-0.53013,0.717013,-5.8e-05,-0.000484,-0.000554,-6.8e-05,2.2e-05,4.1e-05,0.025128
464,0.15229,-0.053357,0.329803,-0.658587,0.35191,-0.665183,-0.640995,-0.725397,0.250794,-0.393451,0.591107,0.704142,-1e-06,-9e-06,-1e-05,0.0,0.0,0.0,0.178511,-0.171834,-0.017959,0.331031,-0.499607,-0.85379,0.146383,0.703002,-0.301043,0.644279,-0.505374,0.425866,0.750398,0.014352,-0.003557,-0.004631,0.004037,-0.006572,0.03931,-1.407357,0.041957,0.034888,-0.015617,0.465509,0.881613,0.077835,-0.798449,0.380396,0.466667,0.381811,-0.279385,0.881001,0.000403,-0.00761,0.002185,-0.016802,0.107752,0.096006,-0.920593,0.078102,0.010478,-0.060195,0.704058,-0.281008,-0.652177,0.547215,0.800012,0.24604,0.452611,-0.530108,0.717027,1e-06,2e-06,0.0,-3.9e-05,1e-05,3.6e-05,0.024638
465,0.15229,-0.053365,0.32981,-0.6586,0.351905,-0.665173,-0.640996,-0.725386,0.250822,-0.393428,0.591123,0.704141,-0.0,-0.0,-0.0,0.0,0.0,0.0,0.179047,-0.171669,-0.018063,0.330987,-0.509603,-0.847821,0.146613,0.699419,-0.309109,0.644359,-0.500333,0.431976,0.750284,0.01436,-0.00334,-0.004429,0.000256,-0.001066,0.004212,-1.407505,0.042044,0.034833,-0.015641,0.475474,0.876027,0.080613,-0.794913,0.388569,0.465968,0.376877,-0.285637,0.88112,-1.3e-05,-0.001541,-0.001465,-0.001096,-0.002749,0.002368,-0.921083,0.078102,0.010475,-0.060192,0.70407,-0.281002,-0.652167,0.547217,0.800002,0.246068,0.452589,-0.530127,0.717026,0.0,5e-06,6e-06,-3.2e-05,-1e-05,4.5e-05,0.024638
466,0.152303,-0.053354,0.329823,-0.658549,0.351932,-0.665209,-0.641036,-0.725366,0.25078,-0.393449,0.591132,0.704122,4.5e-05,0.000372,0.000424,0.0,0.0,0.0,0.179416,-0.171421,-0.018248,0.330818,-0.512998,-0.845826,0.146295,0.699301,-0.31313,0.642543,-0.497018,0.432991,0.751901,-4.9e-05,-0.005054,-0.004826,0.000132,-9.6e-05,-6.3e-05,-1.407395,0.042174,0.034741,-0.015727,0.478877,0.874125,0.081122,-0.794533,0.392257,0.463521,0.373354,-0.286424,0.882364,-2.2e-05,-0.002632,-0.002515,-0.00411,0.001753,0.000181,-0.923043,0.078109,0.01048,-0.060186,0.704023,-0.281036,-0.652204,0.547261,0.799985,0.246027,0.452611,-0.530134,0.717007,2.2e-05,0.000204,0.000233,-1.8e-05,1e-06,3.6e-05,0.024801
467,0.15229,-0.053365,0.32981,-0.6586,0.351905,-0.665173,-0.640996,-0.725386,0.250822,-0.393428,0.591123,0.704141,-0.000118,-0.000987,-0.001125,0.0,0.0,0.0,0.178593,-0.171043,-0.018413,0.330641,-0.52806,-0.836547,0.146058,0.693494,-0.325704,0.642587,-0.489311,0.441666,0.751911,-3.5e-05,-0.004086,-0.003908,-0.012221,0.120165,-0.187896,-1.407465,0.042363,0.034658,-0.015815,0.493968,0.865343,0.084715,-0.788779,0.404996,0.462389,0.365816,-0.295227,0.88262,0.007199,-0.001348,-0.001915,0.007984,0.010621,0.065001,-0.926309,0.078103,0.010477,-0.060189,0.704069,-0.281003,-0.652167,0.547219,0.8,0.246068,0.452588,-0.530128,0.717026,-0.00784,-0.00018,-0.000203,-0.001872,0.027323,-0.055429,0.024475
468,0.152267,-0.053373,0.329832,-0.658646,0.351885,-0.665138,-0.640983,-0.725372,0.250896,-0.393373,0.591152,0.704148,1e-05,8.6e-05,9.8e-05,0.0,0.0,0.0,0.17627,-0.170746,-0.018621,0.330544,-0.546025,-0.824933,0.146061,0.687377,-0.341642,0.64088,-0.478088,0.451372,0.753365,-3e-05,-0.003853,-0.003691,0.141722,-0.089402,-0.093758,-1.407456,0.042511,0.034554,-0.015864,0.512136,0.854208,0.089695,-0.782317,0.420813,0.459233,0.354536,-0.30536,0.883775,0.007204,-0.001211,-0.001787,0.212162,-0.15923,-0.050635,-0.918144,0.078091,0.01047,-0.060181,0.704112,-0.280978,-0.652132,0.547207,0.799986,0.246142,0.452537,-0.530163,0.717033,6e-06,5.4e-05,6.4e-05,-1.7e-05,3e-06,8e-06,0.023331
469,0.152257,-0.053361,0.329846,-0.658632,0.351892,-0.665148,-0.640993,-0.725367,0.250884,-0.393379,0.591155,0.704143,5.6e-05,0.000465,0.00053,0.0,0.0,0.0,0.176116,-0.170657,-0.018736,0.330511,-0.54598,-0.824941,0.146188,0.68736,-0.341473,0.640989,-0.478164,0.451487,0.753248,-3e-05,-0.003955,-0.003791,-1.3e-05,0.012819,-0.025918,-1.407834,0.042556,0.034499,-0.015878,0.511626,0.85452,0.089623,-0.782638,0.420445,0.459024,0.354564,-0.304991,0.883891,0.007638,-0.006944,0.00218,-0.049196,0.012712,-0.016971,-0.918144,0.078086,0.010476,-0.060175,0.704099,-0.280987,-0.652142,0.547219,0.799982,0.246131,0.452542,-0.530165,0.717028,4.2e-05,0.000355,0.000404,-2.6e-05,-9e-06,2e-06,0.021699
470,0.152269,-0.053348,0.329845,-0.658585,0.351915,-0.665182,-0.641019,-0.725364,0.250827,-0.393416,0.591145,0.70413,0.0,2e-06,2e-06,0.0,0.0,0.0,0.176135,-0.170344,-0.019158,0.330549,-0.559692,-0.816801,0.139903,0.67965,-0.356011,0.641301,-0.473296,0.455042,0.754183,-2.8e-05,-0.004086,-0.003924,0.197185,-0.148349,-0.090656,-1.407687,0.042712,0.034286,-0.015861,0.526803,0.845493,0.087283,-0.774624,0.435285,0.458784,0.349905,-0.3093,0.88425,0.00764,-0.007539,0.001604,0.281104,-0.210905,-0.111205,-0.918144,0.078092,0.010483,-0.060174,0.704055,-0.281016,-0.652177,0.547246,0.799981,0.246074,0.452578,-0.530151,0.717016,0.0,-1.1e-05,-1.3e-05,3e-06,1.6e-05,1.6e-05,0.021046
471,0.152257,-0.053361,0.329846,-0.658632,0.351892,-0.665148,-0.640993,-0.725367,0.250884,-0.393379,0.591155,0.704143,-1e-06,-8e-06,-9e-06,0.0,0.0,0.0,0.174168,-0.170187,-0.019408,0.330665,-0.572661,-0.807863,0.139314,0.674527,-0.367924,0.639983,-0.465034,0.461479,0.75541,0.000873,-0.010881,0.008503,-0.013151,0.10361,0.092968,-1.407598,0.042791,0.034159,-0.015812,0.538993,0.837492,0.089959,-0.770043,0.44665,0.455561,0.341348,-0.314817,0.885646,1e-06,0.000112,0.000111,0.056112,0.333824,0.372926,-0.916348,0.078086,0.010477,-0.060174,0.704099,-0.280987,-0.652142,0.547219,0.799981,0.246131,0.452542,-0.530165,0.717028,1e-06,-3e-06,-2e-06,-3e-06,3e-06,1.7e-05,0.019902
