frame,MLTx,MLTy,MLTz,MLTR1,MLTR2,MLTR3,MLTR4,MLTR5,MLTR6,MLTR7,MLTR8,MLTR9,MLTTVx,MLTTVy,MLTTVz,MLTRVx,MLTRVy,MLTRVz,MLGA,MRTx,MRTy,MRTz,MRTR1,MRTR2,MRTR3,MRTR4,MRTR5,MRTR6,MRTR7,MRTR8,MRTR9,MRTTVx,MRTTVy,MRTTVz,MRTRVx,MRTRVy,MRTRVz,MRGA,SLTx,SLTy,SLTz,SLTR1,SLTR2,SLTR3,SLTR4,SLTR5,SLTR6,SLTR7,SLTR8,SLTR9,SLTTVx,SLTTVy,SLTTVz,SLTRVx,SLTRVy,SLTRVz,SLGA,SRTx,SRTy,SRTz,SRTR1,SRTR2,SRTR3,SRTR4,SRTR5,SRTR6,SRTR7,SRTR8,SRTR9,SRTTVx,SRTTVy,SRTTVz,SRTRVx,SRTRVy,SRTRVz,SRGA
855,0.203171,0.249326,0.3425,-0.898871,0.039253,-0.436503,-0.353056,-0.655054,0.668003,-0.258597,0.754508,0.603218,0.038554,0.069661,-0.034536,-0.059764,1.482735,-2.073864,-1.915108,-0.198247,-0.011803,0.319407,-0.764864,0.47352,0.436753,-0.185658,-0.811135,0.554549,0.617808,0.342472,0.707736,-1e-05,-0.000111,-0.00011,-0.0,0.0,0.0,0.498191,0.028761,0.037962,-0.021433,0.687454,-0.370606,0.624544,0.090562,0.89702,0.43261,-0.720558,-0.24084,0.650223,-6e-06,-7.7e-05,-7.5e-05,-5.2e-05,-3e-05,-3.8e-05,0.49089,0.103509,0.161972,-0.053806,0.901623,0.059319,-0.428434,0.267074,0.702796,0.659354,0.340214,-0.708913,0.617815,0.01911,0.036937,-0.020209,-0.391296,-0.216276,0.035731,-1.013727
856,0.203733,0.250625,0.342004,-0.904093,0.042236,-0.425296,-0.348192,-0.649934,0.675515,-0.246762,0.758759,0.602844,0.022196,0.096588,-0.030128,-0.32141,-0.603693,-0.171051,-1.915531,-0.198249,-0.011784,0.319382,-0.764798,0.473302,0.437106,-0.185415,-0.811325,0.554353,0.617963,0.342326,0.707671,-7e-05,-0.000767,-0.000762,-0.0,0.0,0.0,0.499439,0.02876,0.037973,-0.021444,0.687331,-0.370335,0.624841,0.090352,0.897167,0.43235,-0.720701,-0.240712,0.650112,-4.6e-05,-0.000517,-0.000514,-4.7e-05,-2.2e-05,-4.6e-05,0.490564,0.103811,0.162482,-0.054076,0.908331,0.056763,-0.41438,0.261035,0.697168,0.667695,0.326793,-0.714656,0.618442,0.011407,0.045709,-0.015485,-0.147276,0.090586,0.241109,-1.015196
857,0.204818,0.253917,0.340911,-0.904641,0.065766,-0.421123,-0.361352,-0.642421,0.67579,-0.224973,0.763437,0.605457,0.032019,0.058194,-0.022466,0.088568,-0.066117,0.023167,-1.912487,-0.198265,-0.011765,0.319315,-0.760475,0.479066,0.438367,-0.189537,-0.80931,0.555902,0.622035,0.339059,0.705673,-5e-06,-5.7e-05,-5.6e-05,-0.000219,0.00021,0.000144,0.499769,0.028752,0.03798,-0.02148,0.68285,-0.375991,0.626375,0.094182,0.895544,0.434891,-0.724462,-0.237972,0.646933,1e-06,-0.0,-0.0,0.005428,-0.004373,-0.002672,0.492686,0.10435,0.164129,-0.054627,0.911308,0.036105,-0.410138,0.274064,0.690196,0.669715,0.307256,-0.722721,0.619086,0.01616,0.028015,-0.01142,0.100473,-0.069463,0.015744,-1.011441
858,0.205956,0.255761,0.340395,-0.902664,0.066217,-0.425275,-0.365479,-0.639871,0.675989,-0.22624,0.765536,0.602326,0.025948,0.049224,-0.01099,-0.123553,-0.185057,-0.166173,-1.912843,-0.198286,-0.011706,0.319317,-0.760448,0.478958,0.438531,-0.189464,-0.809425,0.55576,0.62209,0.338938,0.705683,1e-06,1.1e-05,1.1e-05,-0.0,0.0,0.0,0.496694,0.028742,0.038011,-0.021478,0.682832,-0.375821,0.626496,0.094145,0.895654,0.434672,-0.724483,-0.237827,0.646963,0.0,-3e-06,-3e-06,-0.01161,0.103522,-0.169461,0.49187,0.104927,0.165009,-0.054896,0.909483,0.034217,-0.414327,0.278913,0.688825,0.669124,0.308295,-0.724119,0.616931,0.012129,0.032022,-0.007519,-0.233097,-0.299872,-0.212952,-1.016503
859,0.206394,0.256875,0.340157,-0.903297,0.07282,-0.422844,-0.367528,-0.639959,0.674794,-0.220344,0.764854,0.60537,0.026862,0.03901,-0.006201,0.07703,-0.125201,0.195087,-1.912976,-0.19824,-0.011713,0.319351,-0.760363,0.47872,0.438939,-0.189091,-0.809582,0.555658,0.622308,0.3389,0.705509,0.014535,0.001367,0.000447,0.002045,-0.015205,0.029245,0.494949,0.028764,0.038004,-0.021464,0.682684,-0.375519,0.626839,0.093789,0.895781,0.434488,-0.724669,-0.237827,0.646755,0.007276,0.000779,0.000317,0.001955,-0.015278,0.029147,0.489421,0.105145,0.165571,-0.055016,0.910925,0.029058,-0.411544,0.280174,0.688656,0.668771,0.302846,-0.724505,0.619173,0.009555,0.025767,-0.005315,0.135128,-0.098512,0.181534,-1.019605
860,0.207386,0.257934,0.339947,-0.904182,0.083129,-0.419034,-0.371578,-0.637124,0.675259,-0.209721,0.766156,0.607494,0.023303,0.015415,-0.003554,0.039951,-0.072561,0.133697,-1.912334,-0.197944,-0.01165,0.319365,-0.760307,0.478663,0.439098,-0.189024,-0.809656,0.555572,0.622396,0.338803,0.705478,0.014524,0.001286,0.000362,0.002045,-0.015205,0.029245,0.497297,0.028912,0.038037,-0.021455,0.682605,-0.375435,0.626975,0.093733,0.895838,0.434381,-0.724751,-0.237742,0.646694,0.007266,0.000689,0.000223,0.001987,-0.015251,0.029173,0.488604,0.105641,0.166128,-0.05512,0.912949,0.018811,-0.407636,0.284638,0.686445,0.669158,0.292408,-0.726937,0.621336,0.014014,0.014254,-0.003865,0.08613,-0.101437,0.191045,-1.024178
861,0.208263,0.258884,0.339737,-0.904103,0.095726,-0.416507,-0.377721,-0.63501,0.67384,-0.198861,0.766424,0.610798,0.023297,0.014518,-0.003626,0.040704,-0.070442,0.132938,-1.912737,-0.197708,-0.011495,0.319447,-0.760283,0.47867,0.439132,-0.189083,-0.809696,0.555494,0.622408,0.338697,0.705518,0.014599,0.002203,0.001267,-0.009588,0.088509,-0.140045,0.496233,0.02903,0.038116,-0.021413,0.682577,-0.375434,0.627006,0.0938,0.895867,0.434307,-0.724768,-0.237635,0.646714,0.0073,0.001126,0.000653,-0.009629,0.088468,-0.140082,0.489421,0.106079,0.166602,-0.055225,0.914346,0.006164,-0.404885,0.29108,0.685093,0.667771,0.2815,-0.728428,0.624618,0.01088,0.013454,-0.003975,0.074132,-0.065249,0.136788,-1.020095
862,0.209379,0.259267,0.339612,-0.908264,0.090918,-0.408455,-0.369106,-0.63404,0.679505,-0.19607,0.767818,0.60995,0.029857,0.012223,-0.003818,0.143317,1.712512,-1.939679,-1.912082,-0.197548,-0.011405,0.31954,-0.760133,0.47827,0.439826,-0.18852,-0.809997,0.555246,0.622761,0.338543,0.70528,0.000248,0.00277,0.002744,-0.0,0.0,0.0,0.493904,0.02911,0.038158,-0.021369,0.682311,-0.374915,0.627606,0.093267,0.896112,0.433917,-0.725088,-0.237531,0.646394,0.000108,0.0012,0.001188,-0.011659,0.103694,-0.16932,0.486482,0.106635,0.166791,-0.055288,0.916622,0.011313,-0.399592,0.284877,0.682769,0.672807,0.280442,-0.730545,0.622619,0.018958,-0.000609,0.000184,-0.107948,-0.197389,0.029745,-1.022055
863,0.210061,0.25936,0.33959,-0.907602,0.086972,-0.410781,-0.369079,-0.631849,0.681557,-0.199149,0.770083,0.606085,0.035899,0.013782,-0.003439,-0.140368,-0.123721,-0.118087,-1.912424,-0.197471,-0.01135,0.319547,-0.76006,0.478062,0.440179,-0.188288,-0.810184,0.555053,0.622921,0.338391,0.705211,0.000131,0.001468,0.001454,-0.0,0.0,0.0,0.495167,0.029149,0.03819,-0.021362,0.682187,-0.374667,0.627888,0.09308,0.89625,0.433672,-0.725228,-0.237401,0.646285,0.007264,0.000757,0.000285,-0.009623,0.088497,-0.140058,0.486155,0.106974,0.166833,-0.0553,0.916636,0.014722,-0.399449,0.283339,0.680956,0.67529,0.281949,-0.732176,0.620018,0.018893,-9.2e-05,0.000279,-0.226259,-0.286953,-0.07262,-1.022055
864,0.211369,0.260212,0.33955,-0.91152,0.087471,-0.401902,-0.362317,-0.633386,0.683755,-0.19362,0.768762,0.609544,0.033406,0.028491,-0.001105,0.247759,1.768409,-1.802031,-1.912446,-0.197476,-0.01125,0.319603,-0.759963,0.477744,0.440692,-0.187916,-0.810449,0.554792,0.623152,0.338206,0.705096,0.00013,0.001456,0.001442,-0.011638,0.103737,-0.169276,0.495761,0.029146,0.038239,-0.021334,0.682053,-0.374366,0.628214,0.092845,0.896411,0.433389,-0.725384,-0.237268,0.646158,7.6e-05,0.000852,0.000843,-1.6e-05,-8e-06,-1.8e-05,0.487624,0.107632,0.167237,-0.055323,0.919436,0.015696,-0.392925,0.277735,0.681453,0.677115,0.278388,-0.731693,0.622193,0.016666,0.014529,-0.000531,0.058179,-0.126733,0.199709,-1.021238
865,0.213017,0.261432,0.339365,-0.919825,0.089817,-0.381969,-0.347864,-0.637173,0.68773,-0.18047,0.765351,0.617815,0.042919,0.04768,-0.010023,0.181213,0.41606,-0.312663,-1.91298,-0.197506,-0.011195,0.319631,-0.759908,0.477553,0.440992,-0.1877,-0.810608,0.554633,0.623284,0.338095,0.705034,0.000174,0.001954,0.001933,-0.0,0.0,0.0,0.492565,0.029131,0.038263,-0.021324,0.681906,-0.374035,0.62857,0.092563,0.896581,0.4331,-0.725559,-0.237151,0.646005,0.000101,0.001147,0.001135,-0.009948,0.088713,-0.144766,0.485665,0.10843,0.167845,-0.055407,0.927831,0.014704,-0.372708,0.2627,0.683598,0.680942,0.264795,-0.72971,0.630401,0.022428,0.017352,-0.002964,0.073915,-0.001264,0.161691,-1.019605
866,0.213909,0.262346,0.339192,-0.921832,0.092364,-0.376483,-0.344795,-0.639363,0.687244,-0.176089,0.763216,0.621708,0.046604,0.062214,-0.013619,0.199519,0.544099,-0.390846,-1.913178,-0.197502,-0.011189,0.31968,-0.75705,0.482001,0.441068,-0.192388,-0.80949,0.55466,0.625329,0.334442,0.704965,0.000117,0.00131,0.001295,0.0,0.0,0.0,0.491752,0.029133,0.038269,-0.021297,0.679086,-0.37851,0.628945,0.097202,0.895628,0.434053,-0.727594,-0.233624,0.645,6.9e-05,0.000792,0.000783,0.000611,-0.00056,-0.000458,0.484359,0.108894,0.168309,-0.055494,0.930717,0.012327,-0.365529,0.258234,0.685597,0.68064,0.258996,-0.727876,0.634914,0.023321,0.031128,-0.006839,0.326992,2.026001,-1.897013,-1.020422
867,0.215613,0.265545,0.33842,-0.92425,0.093097,-0.370324,-0.339671,-0.643648,0.685794,-0.173366,0.759516,0.626983,0.041237,0.088293,-0.021116,0.154127,0.395299,-0.491908,-1.912948,-0.197486,-0.011156,0.319741,-0.757002,0.481859,0.441306,-0.192165,-0.809581,0.554603,0.625456,0.334426,0.70486,0.014501,0.001294,0.000359,0.002045,-0.015205,0.029245,0.490911,0.029136,0.038285,-0.021267,0.678998,-0.378308,0.629161,0.096972,0.895713,0.433929,-0.727706,-0.233626,0.644873,0.000326,-0.004676,0.004968,-0.036379,0.012545,-0.017205,0.483216,0.109748,0.169898,-0.055877,0.933123,0.011231,-0.359379,0.253142,0.689289,0.678821,0.25534,-0.724398,0.640349,0.01961,0.050677,-0.012612,0.242843,1.834715,-2.025733,-1.020585
868,0.217134,0.269452,0.337464,-0.928159,0.084051,-0.362631,-0.327944,-0.645692,0.689571,-0.175037,0.758848,0.627327,0.039489,0.089065,-0.020126,-0.283276,-0.595363,-0.348528,-1.913637,-0.197403,-0.011078,0.319827,-0.756971,0.481799,0.441426,-0.192061,-0.809623,0.554579,0.625525,0.334413,0.704804,0.000316,0.003553,0.00351,0.001687,-0.015029,0.02453,0.488226,0.029183,0.038319,-0.021228,0.67895,-0.37823,0.62926,0.096873,0.895745,0.433884,-0.727765,-0.233627,0.644806,0.000127,0.001443,0.001425,-5.2e-05,-1.5e-05,-5.4e-05,0.480766,0.110509,0.171849,-0.056356,0.936186,0.018303,-0.351027,0.241984,0.690764,0.681387,0.254949,-0.722847,0.642255,0.0216,0.051726,-0.011864,0.025017,-0.330736,0.031355,-1.022381
869,0.218795,0.27302,0.336682,-0.933749,0.065173,-0.352008,-0.309044,-0.643195,0.700545,-0.179594,0.762837,0.62117,0.043746,0.090032,-0.018973,-0.29646,-0.617192,-0.365967,-1.91397,-0.197244,-0.010989,0.32005,-0.754085,0.486308,0.441419,-0.196716,-0.808367,0.554779,0.627561,0.330905,0.704651,0.014799,0.004808,0.003818,0.003732,-0.030228,0.053779,0.486726,0.029257,0.038367,-0.021121,0.676113,-0.382773,0.629567,0.101461,0.894693,0.435005,-0.729778,-0.230236,0.64375,0.000231,0.002653,0.002612,0.002793,-0.01598,0.023817,0.477664,0.111338,0.173634,-0.056748,0.939421,0.038489,-0.340594,0.223107,0.685692,0.692856,0.26021,-0.726873,0.635567,0.023107,0.038445,-0.007628,-0.377501,-0.673646,-0.517458,-1.024667
870,0.219647,0.274548,0.336374,-0.934665,0.055383,-0.351253,-0.303132,-0.640636,0.705456,-0.184795,0.765771,0.616013,0.039612,0.076028,-0.015215,-0.346454,-0.619092,-0.412389,-1.914077,-0.197169,-0.010923,0.320168,-0.754073,0.486311,0.441438,-0.196645,-0.808335,0.554851,0.627598,0.330979,0.704583,0.014906,0.006079,0.005065,-0.007918,0.073431,-0.115544,0.487205,0.029294,0.038395,-0.021059,0.676143,-0.382851,0.629488,0.101444,0.894627,0.435144,-0.729753,-0.230361,0.643734,0.000263,0.003024,0.002976,0.001763,-0.015196,0.024353,0.477174,0.111766,0.174403,-0.056903,0.939147,0.048374,-0.34009,0.21746,0.682678,0.697611,0.265918,-0.729115,0.630616,0.023938,0.032052,-0.005567,-0.077217,-0.163131,-0.170147,-1.022708
871,0.221323,0.277091,0.335911,-0.934631,0.045369,-0.352777,-0.298802,-0.638324,0.709388,-0.191842,0.768369,0.610601,0.035265,0.061982,-0.011393,-0.025979,-0.186159,-0.015938,-1.913507,-0.19705,-0.010786,0.320425,-0.754066,0.486365,0.44139,-0.196553,-0.808223,0.555046,0.627635,0.331173,0.704459,0.000373,0.004266,0.004194,0.0,0.0,0.0,0.488798,0.029359,0.038468,-0.020926,0.676109,-0.382829,0.629537,0.101243,0.894586,0.435276,-0.729812,-0.230557,0.643597,0.000192,0.002222,0.002184,-0.011699,0.103573,-0.169411,0.478154,0.112589,0.17566,-0.057133,0.937878,0.060807,-0.341592,0.211838,0.679364,0.702558,0.274787,-0.731277,0.624279,0.021801,0.025024,-0.003681,-0.14798,-0.268756,-0.083766,-1.021728
872,0.222742,0.278754,0.335683,-0.936122,0.05489,-0.347431,-0.299912,-0.640784,0.706698,-0.182676,0.765684,0.616754,0.034067,0.035372,-0.004127,0.180861,0.444192,-0.354782,-1.913404,-0.196926,-0.010788,0.320632,-0.753923,0.486002,0.442033,-0.19581,-0.80838,0.55508,0.628039,0.331321,0.704028,0.00071,-0.008774,0.010494,-0.036331,0.012534,-0.017155,0.489438,0.029421,0.038476,-0.020822,0.675876,-0.382392,0.630053,0.100542,0.894718,0.435167,-0.730124,-0.230772,0.643165,0.000115,0.001363,0.001336,-4.2e-05,-2.2e-05,-4.7e-05,0.479133,0.113315,0.176521,-0.057253,0.94009,0.052221,-0.336899,0.212834,0.682077,0.699622,0.266327,-0.729412,0.6301,0.017039,0.017721,-0.002085,0.414324,1.771282,-1.730725,-1.021238
873,0.223402,0.279283,0.335644,-0.936687,0.053807,-0.346074,-0.298137,-0.641171,0.707097,-0.182683,0.765438,0.617056,0.036578,0.022473,-0.000388,0.037012,-0.121565,0.21475,-1.913598,-0.196856,-0.010795,0.320706,-0.75392,0.486043,0.441993,-0.195755,-0.808302,0.555213,0.62806,0.331452,0.703948,0.000149,0.001716,0.001684,0.0,0.0,0.0,0.490165,0.029457,0.038469,-0.020781,0.675875,-0.382429,0.630032,0.100438,0.894659,0.435311,-0.73014,-0.230937,0.643088,0.007251,0.00087,0.000386,0.002027,-0.015216,0.029188,0.47946,0.113645,0.17679,-0.057274,0.940818,0.053321,-0.334689,0.210453,0.682156,0.700266,0.265649,-0.729259,0.630563,0.018291,0.011271,-0.000215,0.055597,-0.121547,0.234007,-1.018789
874,0.224982,0.280022,0.33569,-0.937376,0.043968,-0.345597,-0.292653,-0.637722,0.712487,-0.187905,0.768952,0.61109,0.044814,0.010776,0.00386,-0.230816,-0.405483,-0.079728,-1.914023,-0.196758,-0.010717,0.320835,-0.753944,0.486172,0.44181,-0.195849,-0.808174,0.555367,0.628002,0.331575,0.703942,0.000273,0.003156,0.003094,0.0,0.0,0.0,0.490165,0.029505,0.038505,-0.02072,0.675929,-0.382584,0.629879,0.100505,0.894562,0.435497,-0.73008,-0.231059,0.643112,0.000138,0.001629,0.001594,-1.8e-05,-7e-06,-2.8e-05,0.48044,0.114432,0.177165,-0.057252,0.940403,0.061494,-0.334453,0.206407,0.678401,0.7051,0.270253,-0.732112,0.625278,0.021011,0.011882,7.8e-05,-0.320377,-0.495295,-0.147393,-1.022871
875,0.226536,0.280967,0.33569,-0.939258,0.034853,-0.341505,-0.285616,-0.631365,0.720954,-0.189321,0.774657,0.603401,0.04168,0.024133,0.000416,-0.350401,-0.614504,-0.282412,-1.913727,-0.196673,-0.010584,0.320946,-0.755377,0.484628,0.44106,-0.196238,-0.809366,0.55349,0.626156,0.330931,0.705887,0.000256,0.002971,0.002909,0.001108,-0.001069,-0.000731,0.492889,0.029548,0.038571,-0.020664,0.677527,-0.381065,0.629083,0.101214,0.895485,0.433429,-0.728499,-0.229988,0.645285,0.000154,0.001809,0.001771,-0.010272,0.007735,0.004558,0.481583,0.11521,0.177632,-0.057251,0.941203,0.069605,-0.330589,0.200737,0.671851,0.712965,0.271733,-0.737407,0.618377,0.018062,0.011352,-7.5e-05,-0.030827,-0.2683,0.070442,-1.025974
876,0.228096,0.281533,0.335777,-0.937309,0.021624,-0.347894,-0.284184,-0.62548,0.726627,-0.200725,0.779911,0.592854,0.039125,0.00921,0.003582,-0.291582,-0.479491,-0.2043,-1.913614,-0.196587,-0.010421,0.321057,-0.755411,0.484762,0.440854,-0.19646,-0.809292,0.553519,0.626045,0.330914,0.705994,0.000271,0.003158,0.003088,0.0,-0.0,-0.0,0.498056,0.029591,0.038651,-0.02061,0.677523,-0.381281,0.628957,0.101373,0.895388,0.433593,-0.728481,-0.23001,0.645297,0.007288,0.001372,0.000875,0.001873,-0.014988,0.029405,0.485992,0.115975,0.177923,-0.057211,0.937776,0.082786,-0.337227,0.199662,0.666006,0.718727,0.284096,-0.741337,0.608036,0.021129,-0.002122,0.003544,-0.051233,-0.185318,0.099631,-1.023688
877,0.228896,0.281296,0.335936,-0.935904,0.019584,-0.351775,-0.286445,-0.623763,0.727214,-0.204021,0.781341,0.589838,0.045947,-0.019043,0.0106,-0.077193,-0.28857,0.239648,-1.913684,-0.196562,-0.010346,0.321086,-0.753995,0.486388,0.441485,-0.196241,-0.808075,0.555372,0.627818,0.331498,0.704142,0.000195,0.002276,0.002224,-0.01493,0.014394,0.009845,0.500332,0.029603,0.038691,-0.020593,0.675884,-0.38299,0.629681,0.100775,0.894376,0.435815,-0.730085,-0.231105,0.64309,0.000115,0.001344,0.001311,0.008223,-0.002719,-0.000177,0.488604,0.116387,0.177816,-0.057131,0.936044,0.087244,-0.340894,0.200646,0.663514,0.720756,0.289069,-0.743059,0.603574,0.020325,-0.010752,0.004924,-0.057775,-0.112118,0.10494,-1.020258
878,0.230594,0.279154,0.336412,-0.93312,0.01131,-0.35945,-0.289284,-0.617535,0.731394,-0.212543,0.786446,0.579961,0.037901,-0.077685,0.012,-0.142844,-0.113286,0.067584,-1.913224,-0.196549,-0.010231,0.321098,-0.754005,0.4864,0.441455,-0.196376,-0.808125,0.555251,0.627764,0.331359,0.704256,2.4e-05,0.000277,0.000271,-4e-06,4e-06,2e-06,0.506031,0.02961,0.038752,-0.020584,0.676042,-0.382871,0.629584,0.101042,0.894508,0.435482,-0.729902,-0.23079,0.643411,-0.007157,0.000132,0.000593,-0.001231,0.014532,-0.029666,0.494809,0.11723,0.176802,-0.056888,0.932323,0.094961,-0.348933,0.204269,0.657932,0.724843,0.298407,-0.747065,0.594008,0.021971,-0.0389,0.006124,-0.103741,-0.117489,0.114699,-1.020748
879,0.231987,0.275227,0.336929,-0.92964,0.005945,-0.368482,-0.293912,-0.615294,0.731437,-0.221223,0.788266,0.574216,0.031585,-0.122635,0.015812,-0.080027,-0.028785,0.21337,-1.913454,-0.196653,-0.010282,0.321025,-0.753877,0.485936,0.442185,-0.195806,-0.808493,0.554918,0.628096,0.331145,0.704061,-0.000338,-0.003929,-0.00384,-0.001691,0.015008,-0.024542,0.507019,0.029559,0.038729,-0.020617,0.675801,-0.382292,0.630194,0.100534,0.8948,0.434999,-0.730195,-0.230617,0.64314,-0.000183,-0.002137,-0.002087,-0.001726,0.014979,-0.02456,0.498402,0.117943,0.174801,-0.056627,0.928248,0.100042,-0.358254,0.209012,0.65642,0.724862,0.307682,-0.747732,0.588411,0.016048,-0.062233,0.007731,-0.046243,-0.008422,0.231614,-1.022871
880,0.232437,0.272676,0.337202,-0.927771,0.006373,-0.373155,-0.297388,-0.616852,0.728715,-0.224385,0.787044,0.574665,0.016455,-0.135732,0.012841,-0.007412,0.146832,0.221999,-1.913111,-0.196739,-0.010376,0.320896,-0.749463,0.491661,0.443358,-0.199911,-0.806368,0.556544,0.632073,0.327858,0.702037,-0.000617,-0.007143,-0.006989,2.439388,3.099616,3.861338,0.507632,0.029516,0.038688,-0.020677,0.673988,-0.383561,0.631363,0.099535,0.894004,0.436862,-0.732005,-0.231597,0.640725,-0.00032,-0.003728,-0.003646,0.011364,0.007053,-0.028484,0.499055,0.118161,0.173578,-0.056495,0.92648,0.09963,-0.362914,0.212017,0.658554,0.722048,0.310936,-0.745908,0.589015,0.009991,-0.075042,0.008201,0.031354,0.225178,0.276518,-1.02581
881,0.232918,0.265762,0.337697,-0.916802,-0.008582,-0.399307,-0.307934,-0.621616,0.720237,-0.253259,0.783285,0.56776,0.00763,-0.205638,0.012041,1.752059,-5.268936,-1.050861,-1.912684,-0.196914,-0.010489,0.320465,-0.743603,0.499014,0.445006,-0.204117,-0.803094,0.55974,0.637626,0.324763,0.698445,-0.015531,0.003388,-0.014849,-0.170109,0.213853,0.097723,0.507486,0.029433,0.038621,-0.020895,0.665743,-0.394579,0.633318,0.108132,0.890804,0.441332,-0.738303,-0.225332,0.635714,-0.000348,-0.004037,-0.003961,-0.330773,0.317393,0.177063,0.499708,0.118397,0.170176,-0.056243,0.915729,0.107729,-0.387082,0.224003,0.662893,0.714419,0.333558,-0.740922,0.582899,0.004141,-0.103783,0.005836,0.11325,0.355978,0.448762,-1.024178
882,0.232871,0.256966,0.337955,-0.894532,-0.03425,-0.445742,-0.330348,-0.621233,0.710571,-0.300137,0.78292,0.54496,-0.016583,-0.22676,-0.000181,-0.21435,0.129083,0.317165,-1.911754,-0.197044,-0.010357,0.320013,-0.742178,0.500513,0.445701,-0.204394,-0.802265,0.560827,0.639195,0.324505,0.697129,-0.015185,0.007411,-0.010907,-0.088922,0.121817,0.069689,0.5067,0.029367,0.038678,-0.02113,0.663923,-0.396285,0.634164,0.10811,0.889995,0.442968,-0.739944,-0.225537,0.63373,-0.000434,0.003395,-0.006218,-0.145603,0.170737,0.106099,0.500035,0.118385,0.165777,-0.056111,0.889481,0.134522,-0.436721,0.244926,0.666479,0.704141,0.385788,-0.733285,0.559873,-0.003302,-0.120239,0.002033,-0.423701,-1.216133,1.982715,-1.003929
883,0.231655,0.246708,0.337974,-0.866939,-0.015526,-0.498219,-0.385494,-0.612838,0.68978,-0.314962,0.790076,0.525934,-0.04328,-0.289391,-0.002013,-0.063582,0.419258,0.529334,-1.910446,-0.197154,-0.010102,0.319524,-0.740739,0.501945,0.446484,-0.204775,-0.801577,0.561672,0.640741,0.323992,0.695948,-0.000963,0.00588,-0.013343,0.010375,0.025942,0.008766,0.509614,0.029308,0.038811,-0.021369,0.662041,-0.397967,0.635077,0.108237,0.889258,0.444414,-0.74161,-0.225481,0.6318,-0.007624,0.003249,-0.005904,0.032961,0.009095,-0.006104,0.501994,0.11777,0.16057,-0.056099,0.864818,0.112285,-0.489368,0.300914,0.664314,0.684205,0.40192,-0.738971,0.540723,-0.021108,-0.146419,-0.001363,0.022539,0.440251,0.613651,-1.001154
884,0.230738,0.240407,0.337877,-0.850726,-0.009426,-0.525568,-0.413132,-0.606278,0.679501,-0.32399,0.795208,0.512543,-0.052144,-0.336819,-0.007001,-0.242307,0.370224,0.162903,-1.90923,-0.197217,-0.009985,0.31924,-0.737853,0.505133,0.447667,-0.204612,-0.79932,0.564938,0.644116,0.324608,0.692538,-0.015363,0.005399,-0.012899,-0.079864,0.112924,0.06391,0.509933,0.029275,0.038872,-0.021516,0.659047,-0.400957,0.63631,0.107532,0.887584,0.447918,-0.744374,-0.226775,0.628076,-0.007681,0.002593,-0.00655,-0.061098,0.099055,0.055519,0.50379,0.117324,0.157575,-0.056139,0.849765,0.103157,-0.516968,0.329649,0.661289,0.673815,0.411374,-0.743003,0.527936,-0.022026,-0.169364,-0.003576,-0.430793,-1.089106,2.114265,-1.001317
885,0.229111,0.225151,0.337458,-0.824629,-0.052198,-0.5633,-0.42321,-0.603889,0.675413,-0.374405,0.795424,0.476602,-0.050438,-0.413506,-0.0153,0.107911,-2.235719,0.377309,-1.909542,-0.197376,-0.009817,0.318551,-0.732071,0.511555,0.449862,-0.204379,-0.794762,0.571417,0.650754,0.325731,0.685771,-0.001306,0.002032,-0.01717,-0.194504,0.22377,0.14563,0.513089,0.029196,0.038958,-0.021858,0.653257,-0.406867,0.638525,0.106373,0.884297,0.454645,-0.749626,-0.229078,0.620953,-0.000653,0.000899,-0.008696,-0.221683,0.245895,0.159598,0.507383,0.116511,0.149976,-0.056344,0.820783,0.139446,-0.553956,0.34042,0.659335,0.670366,0.458723,-0.738803,0.493701,-0.020717,-0.208693,-0.008014,2.55997,-3.630835,-3.115905,-0.994132
886,0.226896,0.20816,0.336493,-0.786853,-0.098793,-0.609218,-0.433996,-0.613303,0.659908,-0.437855,0.783771,0.440469,-0.06947,-0.444722,-0.031651,-0.26848,-0.071462,0.421565,-1.909432,-0.197601,-0.009659,0.317854,-0.727773,0.516467,0.45122,-0.204575,-0.791345,0.576069,0.655496,0.326289,0.680972,-0.001237,0.002844,-0.016389,-0.01015,0.045661,0.022575,0.51388,0.029084,0.039032,-0.022204,0.648377,-0.412095,0.640144,0.105716,0.881423,0.460344,-0.753943,-0.230803,0.615059,-0.000608,0.001424,-0.008188,0.034183,0.012974,0.002596,0.509832,0.115416,0.141477,-0.056823,0.776973,0.183489,-0.602198,0.349683,0.669643,0.655209,0.523481,-0.719659,0.456132,-0.0311,-0.21726,-0.018435,-0.309953,-1.552072,2.609727,-0.999684
887,0.225578,0.199298,0.335638,-0.764785,-0.103224,-0.635998,-0.455139,-0.612175,0.646577,-0.455138,0.784087,0.421999,-0.06787,-0.457847,-0.049852,-0.451028,-2.051098,2.246438,-1.908711,-0.197721,-0.009511,0.317532,-0.72491,0.519812,0.451987,-0.204658,-0.788933,0.579339,0.658636,0.326811,0.677685,-0.000986,0.005656,-0.013601,-0.357677,0.366718,0.280731,0.512496,0.029024,0.039099,-0.022365,0.647061,-0.413713,0.640431,0.10598,0.880628,0.461802,-0.755036,-0.230941,0.613666,-0.007678,0.002713,-0.006453,0.057151,0.000802,-0.046523,0.509342,0.114779,0.137241,-0.057218,0.757251,0.183166,-0.626913,0.369321,0.671584,0.642321,0.538677,-0.71793,0.440911,-0.037132,-0.230377,-0.025082,0.53021,-2.822651,1.433452,-0.998378
888,0.22277,0.181287,0.33315,-0.727977,-0.138728,-0.671453,-0.463826,-0.621608,0.631221,-0.504048,0.771123,0.389013,-0.085461,-0.463333,-0.074712,-0.259361,-0.736311,0.362387,-1.909585,-0.197993,-0.009204,0.317045,-0.724922,0.519541,0.45228,-0.205331,-0.789608,0.578181,0.658413,0.325615,0.678477,-0.000786,0.007873,-0.011397,0.036215,-0.012685,0.017076,0.511279,0.028888,0.039254,-0.022615,0.645697,-0.414751,0.641136,0.106355,0.880295,0.462351,-0.75615,-0.23035,0.612515,-0.000398,0.003793,-0.005837,0.0388,-0.001567,-0.010178,0.508036,0.113365,0.128025,-0.058484,0.71517,0.21388,-0.665422,0.378733,0.681568,0.626118,0.587445,-0.699798,0.406434,-0.046256,-0.233738,-0.037831,-0.280853,-0.592273,0.191813,-0.992499
889,0.21804,0.164666,0.330073,-0.714679,-0.134965,-0.68634,-0.470721,-0.633016,0.614559,-0.516525,0.762454,0.389733,-0.13154,-0.405651,-0.084865,0.308111,-0.111939,0.756001,-1.909416,-0.198141,-0.009054,0.31664,-0.724742,0.518833,0.45338,-0.205115,-0.790518,0.577012,0.658678,0.324536,0.678736,-0.000998,0.005551,-0.013718,0.034642,0.002454,-0.007393,0.511455,0.028814,0.039338,-0.022808,0.645386,-0.413845,0.642034,0.106331,0.881007,0.460997,-0.756418,-0.229253,0.612595,-0.000521,0.002472,-0.007159,0.034308,0.002101,-0.007806,0.50624,0.111028,0.119629,-0.060042,0.702459,0.209494,-0.680193,0.384011,0.693092,0.610048,0.599238,-0.689736,0.40642,-0.070636,-0.196831,-0.044831,0.554965,0.090911,0.898795,-0.978783
890,0.215345,0.15673,0.328257,-0.710349,-0.126823,-0.692362,-0.474781,-0.639875,0.604247,-0.51878,0.758103,0.395189,-0.130791,-0.41483,-0.095992,0.338653,-0.023364,0.802341,-1.909216,-0.198188,-0.0091,0.316452,-0.724664,0.518563,0.453813,-0.204944,-0.790826,0.576651,0.658817,0.324219,0.678753,-0.000632,-0.006907,-0.006904,-0.00167,0.015269,-0.024382,0.513271,0.02879,0.039316,-0.022908,0.645243,-0.413498,0.642402,0.106225,0.881256,0.460547,-0.756555,-0.228926,0.612548,-0.000316,-0.003524,-0.003521,-0.002002,0.015025,-0.024697,0.507546,0.109676,0.115697,-0.060931,0.699181,0.201076,-0.686085,0.387378,0.700014,0.599931,0.600901,-0.685235,0.411545,-0.070271,-0.201697,-0.050539,0.405252,0.031623,0.846846,-0.982375
891,0.210409,0.140174,0.323991,-0.688705,-0.154285,-0.708468,-0.464811,-0.656002,0.59463,-0.555647,0.739018,0.380966,-0.129552,-0.418438,-0.114374,1.013304,-1.416137,-0.421456,-1.90962,-0.198375,-0.009397,0.316049,-0.7239,0.520558,0.452746,-0.205116,-0.788848,0.579293,0.659603,0.325829,0.677217,-0.015278,-0.009601,-0.008722,-0.004125,0.030358,-0.052994,0.513783,0.028703,0.039172,-0.023106,0.644674,-0.415762,0.64151,0.106002,0.879682,0.463596,-0.757071,-0.230867,0.61118,-0.000709,0.000442,-0.009207,0.041552,0.00091,-0.014169,0.509669,0.107208,0.107416,-0.06306,0.675305,0.222607,-0.703142,0.377393,0.714805,0.588751,0.63367,-0.662947,0.398701,-0.069283,-0.210304,-0.057322,3.790258,-3.665798,-2.105371,-0.99103
892,0.204318,0.126192,0.319899,-0.691125,-0.166395,-0.703353,-0.442201,-0.672434,0.593517,-0.570862,0.721422,0.392037,-0.165192,-0.312378,-0.106679,0.128791,0.294307,0.065825,-1.910433,-0.198735,-0.009891,0.315557,-0.725385,0.521492,0.449281,-0.206105,-0.787187,0.581198,0.65766,0.328337,0.677895,-0.015804,-0.014834,-0.014052,-0.00549,0.045343,-0.077575,0.505874,0.028523,0.038931,-0.023345,0.646755,-0.417183,0.638486,0.106716,0.878406,0.465848,-0.755194,-0.233153,0.612633,-0.0079,-0.007498,-0.007098,-0.004217,0.050011,-0.083011,0.50624,0.104183,0.100303,-0.065152,0.675375,0.236896,-0.698389,0.351618,0.728995,0.587308,0.648253,-0.642219,0.409048,-0.082405,-0.154312,-0.052084,0.209321,0.37056,0.151479,-1.005726
893,0.198565,0.113881,0.315512,-0.697033,-0.1465,-0.701945,-0.442437,-0.68252,0.581711,-0.563451,0.716219,0.411801,-0.135449,-0.319282,-0.111201,0.32474,0.363874,0.53721,-1.90995,-0.199427,-0.010751,0.314799,-0.725796,0.520834,0.449381,-0.205054,-0.787245,0.581491,0.657536,0.329241,0.677577,-0.01662,-0.022516,-0.021996,-0.007036,0.061021,-0.102388,0.489503,0.028189,0.038516,-0.023711,0.647147,-0.416538,0.63851,0.105669,0.878465,0.465975,-0.755005,-0.234083,0.612512,-0.008369,-0.011996,-0.011733,0.004442,-0.043861,0.065078,0.49236,0.101338,0.09432,-0.067268,0.68341,0.219398,-0.696285,0.350653,0.737892,0.576678,0.640306,-0.638263,0.42735,-0.067671,-0.153411,-0.058144,0.059661,0.035746,0.268595,-1.016829
894,0.195993,0.107833,0.313366,-0.695369,-0.147674,-0.703349,-0.436701,-0.690471,0.57664,-0.569937,0.708312,0.416524,-0.130146,-0.317045,-0.102403,0.655167,0.225958,0.246384,-1.910239,-0.19984,-0.011229,0.314364,-0.725582,0.520066,0.450615,-0.204034,-0.787864,0.581012,0.65809,0.328976,0.677168,-0.016924,-0.025048,-0.024695,0.004439,-0.04437,0.065875,0.47595,0.027965,0.038259,-0.023945,0.64668,-0.415462,0.639683,0.10462,0.879029,0.465147,-0.755551,-0.233878,0.611916,-0.008482,-0.012841,-0.012658,0.004293,-0.044357,0.065676,0.479297,0.100003,0.091167,-0.068397,0.681484,0.220276,-0.697894,0.344668,0.744637,0.571593,0.645587,-0.630074,0.431536,-0.070611,-0.152295,-0.053666,1.2009,-0.655746,-0.70053,-1.020422
895,0.189992,0.097262,0.309737,-0.701821,-0.149502,-0.696521,-0.409942,-0.714895,0.566431,-0.581755,0.68325,0.441314,-0.165492,-0.252082,-0.09535,0.619599,1.004104,0.443816,-1.909443,-0.200654,-0.012278,0.31342,-0.727999,0.514897,0.452648,-0.202094,-0.791963,0.576096,0.656016,0.327271,0.68,-0.0315,-0.024326,-0.023345,0.067825,0.000114,-0.184609,0.445601,0.027557,0.037726,-0.024426,0.648863,-0.409823,0.641109,0.10362,0.882304,0.459131,-0.753816,-0.231481,0.61496,-0.01574,-0.012211,-0.011704,0.046241,0.01586,-0.175085,0.443209,0.096954,0.085743,-0.070264,0.687449,0.223232,-0.691072,0.31479,0.765949,0.56056,0.654461,-0.602899,0.45628,-0.082629,-0.124654,-0.046655,0.611433,1.004489,0.444667,-1.030546
896,0.183535,0.086683,0.306338,-0.709213,-0.127325,-0.693434,-0.404122,-0.73255,0.547748,-0.57684,0.668858,0.468948,-0.151941,-0.265219,-0.084384,0.552254,0.839411,0.617115,-1.910479,-0.201513,-0.013258,0.312764,-0.738544,0.506337,0.44516,-0.204861,-0.797474,0.567451,0.643244,0.327254,0.692102,-0.015919,-0.028458,-0.009006,0.28418,-0.264648,-0.319633,0.410029,0.027132,0.037235,-0.024762,0.659943,-0.402924,0.634134,0.107687,0.886045,0.450916,-0.743557,-0.229291,0.62813,-0.015418,-0.008312,-0.007766,0.469003,-0.486755,-0.247417,0.399121,0.093839,0.080678,-0.071884,0.697053,0.2028,-0.68774,0.307108,0.782289,0.541948,0.647919,-0.588978,0.483016,-0.081341,-0.138776,-0.038792,0.417656,0.749662,0.462457,-1.024994
897,0.180751,0.0817,0.304954,-0.712026,-0.119413,-0.691957,-0.401684,-0.739028,0.540795,-0.575072,0.663154,0.479108,-0.132007,-0.26174,-0.070856,0.362298,0.561966,0.498507,-1.910771,-0.201901,-0.013535,0.312527,-0.743197,0.502012,0.442304,-0.206424,-0.800748,0.56225,0.637356,0.325929,0.698148,-0.015818,-0.011769,-0.011418,0.231614,-0.29641,-0.039294,0.397684,0.026938,0.037086,-0.024885,0.665407,-0.398319,0.631327,0.110059,0.888845,0.444792,-0.738322,-0.226485,0.635283,-0.015165,-0.005647,-0.005014,0.261079,-0.301576,-0.11921,0.377567,0.092382,0.078072,-0.072623,0.701355,0.193752,-0.685973,0.304121,0.789028,0.533801,0.644678,-0.583003,0.494466,-0.07176,-0.131102,-0.035274,0.463219,0.600307,0.451742,-1.022708
898,0.176053,0.071859,0.302829,-0.717927,-0.100296,-0.688888,-0.398654,-0.752036,0.52487,-0.569823,0.651569,0.500787,-0.10124,-0.244015,-0.047915,0.290381,0.654511,0.476892,-1.910354,-0.202544,-0.01378,0.312249,-0.75385,0.491833,0.435663,-0.209911,-0.808478,0.549758,0.623552,0.322366,0.712128,-0.000609,-0.005664,-0.005927,0.240131,-0.222618,-0.1898,0.381293,0.026611,0.036964,-0.025023,0.676995,-0.389077,0.624737,0.115481,0.894483,0.431929,-0.726871,-0.220269,0.650491,-0.007512,-0.002045,-0.001702,0.287116,-0.352244,-0.078801,0.347521,0.090021,0.073138,-0.0737,0.709381,0.175606,-0.682598,0.299797,0.801313,0.517705,0.637887,-0.571891,0.51579,-0.050375,-0.127484,-0.020275,0.297781,0.604156,0.668088,-1.01536
899,0.172555,0.06206,0.30174,-0.715556,-0.071638,-0.694905,-0.40931,-0.76313,0.50007,-0.565242,0.642346,0.517611,-0.092062,-0.242725,-0.018094,0.377036,0.808525,0.657058,-1.91061,-0.202866,-0.013925,0.312115,-0.76748,0.463914,0.442436,-0.187717,-0.822412,0.536968,0.613927,0.328477,0.717677,-0.000526,-0.004849,-0.005083,0.045302,0.260702,-0.987557,0.372277,0.026451,0.0369,-0.02508,0.689628,-0.36039,0.628117,0.096095,0.905241,0.413889,-0.717759,-0.225071,0.658911,-0.000273,-0.002004,-0.002054,-0.03751,0.99023,-3.117852,0.324171,0.088268,0.068235,-0.074259,0.710188,0.147638,-0.688356,0.309379,0.812843,0.493528,0.632389,-0.563461,0.531595,-0.045824,-0.126352,-0.004913,0.070725,0.510155,0.421925,-1.009318
900,0.168781,0.053274,0.302061,-0.722007,-0.050282,-0.69009,-0.416798,-0.764513,0.491702,-0.551413,0.6427,0.531891,-0.093298,-0.209355,0.025727,-0.066331,0.559245,0.067751,-1.91159,-0.202585,-0.014144,0.311836,-0.767467,0.431798,0.473852,-0.150561,-0.839753,0.521613,0.624105,0.328435,0.708863,0.013766,-0.007837,-0.009088,0.169945,0.513356,-0.368805,0.371426,0.026592,0.036795,-0.025215,0.683819,-0.323166,0.654182,0.060678,0.918649,0.390386,-0.727124,-0.227259,0.647798,0.00688,-0.004013,-0.00465,0.202088,0.54207,-0.414375,0.319925,0.08638,0.063806,-0.074135,0.71959,0.125215,-0.683016,0.316993,0.815904,0.483544,0.617822,-0.564465,0.547424,-0.040116,-0.096916,0.010929,0.068558,0.494263,0.340114,-1.0134
901,0.167148,0.049552,0.30277,-0.724955,-0.046125,-0.687283,-0.41562,-0.7664,0.489759,-0.548427,0.640756,0.537296,-0.080474,-0.189303,0.042825,-0.083852,0.452278,0.126746,-1.911088,-0.202253,-0.014312,0.311624,-0.763655,0.417744,0.492253,-0.129151,-0.845766,0.517624,0.633514,0.331186,0.69917,0.013554,-0.009949,-0.011332,-0.089711,0.679355,-0.047868,0.363589,0.026753,0.036717,-0.025314,0.67784,-0.305823,0.668584,0.0403,0.923468,0.381552,-0.734104,-0.231687,0.638288,0.01412,-0.004666,-0.005782,0.181597,2.236844,-1.365833,0.316822,0.085589,0.062006,-0.073806,0.722863,0.122024,-0.68013,0.315468,0.817438,0.481948,0.614774,-0.562943,0.552401,-0.040139,-0.093774,0.022193,0.235723,0.4884,0.349987,-1.015196
902,0.164616,0.042498,0.30513,-0.725243,-0.051222,-0.686618,-0.404049,-0.775823,0.484577,-0.556617,0.628924,0.542824,-0.054548,-0.178183,0.070068,-0.124706,0.290623,0.370842,-1.910601,-0.201216,-0.014718,0.311041,-0.759784,0.39729,0.514664,-0.099026,-0.852946,0.512456,0.643518,0.337892,0.686714,0.041996,-0.002839,-0.02556,-0.078124,-0.041103,0.442204,0.350811,0.027276,0.036512,-0.025608,0.669291,-0.282742,0.687098,0.011027,0.928441,0.371313,-0.742917,-0.24094,0.624516,0.020986,-0.001613,-0.013004,-0.051609,-0.082838,0.442946,0.295921,0.084264,0.058358,-0.072575,0.722706,0.126951,-0.679395,0.303152,0.825159,0.476665,0.621123,-0.550449,0.557862,-0.027195,-0.087706,0.036271,-0.075019,0.329398,0.398945,-1.017972
903,0.162377,0.035335,0.308383,-0.724805,-0.049214,-0.687228,-0.403621,-0.778063,0.481332,-0.557498,0.626309,0.544941,-0.068396,-0.191477,0.094878,-0.227387,0.297108,0.303447,-1.910628,-0.199511,-0.015065,0.310068,-0.745187,0.400846,0.532927,-0.091542,-0.85298,0.51379,0.66145,0.333581,0.671618,0.056362,-0.00676,-0.030816,-0.224054,0.825501,-0.040101,0.350795,0.028108,0.036341,-0.026082,0.653365,-0.282882,0.702204,0.004121,0.928878,0.370363,-0.757031,-0.239088,0.608062,0.020845,-0.003552,-0.015165,0.138563,2.106441,-1.226754,0.289063,0.083172,0.054871,-0.070963,0.722461,0.125176,-0.679985,0.302185,0.827405,0.473375,0.621879,-0.547477,0.559942,-0.027555,-0.08985,0.043767,-0.065655,0.403551,0.412065,-1.023198
904,0.161194,0.031488,0.310338,-0.727779,-0.050576,-0.683978,-0.395417,-0.783922,0.478627,-0.559492,0.618851,0.55138,-0.06905,-0.201105,0.104778,1.187174,-0.096349,-0.389561,-1.911031,-0.198555,-0.015265,0.30946,-0.739001,0.40552,0.537979,-0.09071,-0.851054,0.517119,0.668468,0.332843,0.665003,0.056177,-0.009547,-0.033936,-0.391276,0.361656,0.327869,0.353886,0.028586,0.036244,-0.026383,0.646024,-0.286678,0.707438,0.002651,0.927631,0.373487,-0.763312,-0.239406,0.600032,0.021021,-0.010245,-0.012358,-0.422573,0.275019,0.480508,0.290043,0.082582,0.052961,-0.069982,0.724886,0.12731,-0.677001,0.294726,0.830967,0.471836,0.622636,-0.541558,0.564835,-0.02784,-0.106064,0.05626,3.505186,-2.309052,-2.719243,-1.022545
905,0.158574,0.023167,0.31502,-0.750745,-0.046246,-0.659005,-0.366113,-0.801242,0.473227,-0.548978,0.596598,0.585423,-0.05651,-0.215507,0.129168,0.231877,1.129781,0.547649,-1.911282,-0.196751,-0.015856,0.308235,-0.733563,0.412373,0.540208,-0.089685,-0.846545,0.524645,0.674569,0.335894,0.657263,0.041677,-0.009618,-0.033389,-0.064971,0.064936,0.121627,0.392113,0.029493,0.035941,-0.027004,0.639449,-0.294483,0.7102,6.8e-05,0.923759,0.382973,-0.768833,-0.244843,0.590717,0.021063,-0.01093,-0.013246,-0.09649,0.183808,-0.097607,0.322864,0.081247,0.048726,-0.067601,0.748227,0.126187,-0.651331,0.261901,0.845831,0.464732,0.60956,-0.518309,0.599825,-0.028252,-0.107354,0.064976,0.345723,1.216133,0.621987,-1.027443
906,0.156512,0.01592,0.320001,-0.772876,-0.047097,-0.632843,-0.329933,-0.822064,0.464034,-0.541135,0.567491,0.620608,-0.041695,-0.151488,0.116243,0.354056,1.030786,0.168396,-1.914553,-0.195206,-0.016833,0.307326,-0.726234,0.441959,0.526544,-0.120586,-0.835854,0.535481,0.677675,0.324836,0.659622,0.042797,-0.033502,-0.019142,0.691662,0.327519,1.673017,0.385468,0.030265,0.035462,-0.027462,0.635119,-0.324345,0.701016,0.027465,0.916474,0.399149,-0.771925,-0.234254,0.590978,0.013927,-0.016768,-0.008952,2.409571,1.048639,5.557296,0.338867,0.08023,0.045149,-0.065162,0.769341,0.130121,-0.625445,0.223961,0.861964,0.454816,0.598292,-0.489984,0.634003,-0.020847,-0.075139,0.058678,0.201463,0.470377,-0.295767,-1.023851
907,0.155311,0.011041,0.324133,-0.78286,-0.078126,-0.617311,-0.286093,-0.835834,0.468512,-0.551602,0.543481,0.632764,-0.027471,-0.112165,0.098115,-0.27347,0.403718,-0.320961,-1.915402,-0.194006,-0.018592,0.306642,-0.709915,0.476668,0.518459,-0.163532,-0.827485,0.537084,0.685908,0.295901,0.664707,0.028414,-0.049562,-0.015747,0.891903,0.755522,1.136912,0.378753,0.030871,0.034592,-0.027803,0.621007,-0.360618,0.69592,0.070074,0.909863,0.408949,-0.780666,-0.205194,0.590301,0.014236,-0.024595,-0.007623,2.909905,2.800967,3.727118,0.331355,0.079626,0.042709,-0.063076,0.776148,0.160376,-0.609813,0.179092,0.871216,0.457065,0.604581,-0.463962,0.647471,-0.013681,-0.049747,0.045714,-0.2808,0.218472,-0.179621,-1.020912
908,0.154732,0.009194,0.325774,-0.772882,-0.086267,-0.628694,-0.280811,-0.841967,0.460661,-0.568122,0.532684,0.627305,-0.041237,-0.07961,0.073572,-0.18362,-0.023538,-0.041618,-1.915606,-0.193524,-0.019541,0.306403,-0.70852,0.484355,0.513217,-0.175865,-0.825392,0.536408,0.684296,0.289191,0.669307,0.02881,-0.046035,-0.012017,0.346915,0.052264,0.38217,0.377355,0.031111,0.034107,-0.027933,0.61994,-0.369999,0.691935,0.083412,0.90792,0.41076,-0.780203,-0.196931,0.593718,0.00695,-0.023625,-0.006186,0.948221,0.730953,1.085874,0.328253,0.079341,0.041783,-0.062238,0.765355,0.167396,-0.621457,0.173355,0.876281,0.449532,0.619821,-0.451784,0.641647,-0.013804,-0.040127,0.03642,-0.010186,-0.663674,0.529361,-1.021565
909,0.153663,0.006881,0.327539,-0.763835,-0.103753,-0.637053,-0.26943,-0.845659,0.460695,-0.585582,0.523662,0.618789,-0.014705,-0.038006,0.020477,3.30954,-2.678834,-3.444237,-1.915153,-0.192919,-0.020835,0.305813,-0.70234,0.503495,0.503193,-0.205719,-0.820185,0.533769,0.682333,0.270739,0.678959,0.013324,-0.018991,-0.02223,0.091112,-0.159291,0.100465,0.360043,0.031419,0.033446,-0.028229,0.615515,-0.390835,0.684389,0.113873,0.903367,0.413473,-0.779854,-0.176566,0.600541,0.006945,-0.015197,-0.0072,0.013451,-0.001221,-0.094611,0.318619,0.078798,0.04063,-0.061319,0.755492,0.179748,-0.630016,0.166769,0.877189,0.450252,0.633576,-0.445229,0.632733,-0.007407,-0.019112,0.010152,-0.248148,-0.130883,-0.078367,-1.023361
