frame,MLTx,MLTy,MLTz,MLTR1,MLTR2,MLTR3,MLTR4,MLTR5,MLTR6,MLTR7,MLTR8,MLTR9,MLTTVx,MLTTVy,MLTTVz,MLTRVx,MLTRVy,MLTRVz,MLGA,MRTx,MRTy,MRTz,MRTR1,MRTR2,MRTR3,MRTR4,MRTR5,MRTR6,MRTR7,MRTR8,MRTR9,MRTTVx,MRTTVy,MRTTVz,MRTRVx,MRTRVy,MRTRVz,MRGA,SLTx,SLTy,SLTz,SLTR1,SLTR2,SLTR3,SLTR4,SLTR5,SLTR6,SLTR7,SLTR8,SLTR9,SLTTVx,SLTTVy,SLTTVz,SLTRVx,SLTRVy,SLTRVz,SLGA,SRTx,SRTy,SRTz,SRTR1,SRTR2,SRTR3,SRTR4,SRTR5,SRTR6,SRTR7,SRTR8,SRTR9,SRTTVx,SRTTVy,SRTTVz,SRTRVx,SRTRVy,SRTRVz,SRGA
165,0.053254,0.001091,0.356796,-0.567601,0.270845,-0.777507,-0.269678,-0.953382,-0.135307,-0.777208,0.132532,0.615151,0.041571,-0.009017,-0.004973,0.026366,-0.05429,0.094151,-1.91573,-0.116128,0.02715,0.314498,0.78143,0.457364,0.424474,-0.590756,0.761082,0.267762,-0.201567,-0.460575,0.864352,-0.001844,0.011764,-0.007196,-2.819523,-0.98667,-4.186219,0.19845,0.036841,0.037191,-0.023376,-0.702914,-0.50564,0.500238,0.663876,-0.718838,0.20625,0.255303,0.477073,0.840964,-1.1e-05,3.6e-05,3e-05,-0.631055,0.827565,0.607656,-0.061032,0.063268,0.024148,-0.061616,-0.424424,0.356306,-0.832411,-0.305307,-0.921799,-0.238899,-0.852438,0.152747,0.500017,0.014084,-0.002496,-0.001219,0.076679,-0.072178,0.107895,-0.737113
166,0.05462,0.000986,0.356484,-0.571733,0.251961,-0.780821,-0.212917,-0.964613,-0.155433,-0.791647,0.077064,0.606121,0.042438,0.000428,-0.014856,0.428764,0.013584,-0.199913,-1.917108,-0.116435,0.026907,0.314363,0.761681,0.47299,0.442847,-0.623063,0.721982,0.30078,-0.178409,-0.505616,0.84403,-0.010401,-0.020122,0.001406,-3.384794,-0.923223,-3.701079,0.384771,0.03669,0.037087,-0.023442,-0.679963,-0.521095,0.515858,0.697087,-0.677599,0.234368,0.227417,0.518959,0.823991,-0.006099,-0.004311,-0.003014,-0.643687,0.516983,0.736874,0.201866,0.063951,0.024094,-0.061767,-0.429066,0.338287,-0.837534,-0.247425,-0.935774,-0.251212,-0.868725,0.099441,0.485209,0.014473,0.002119,-0.006253,1.337098,0.202473,-0.974983,-0.736786
167,0.055269,0.000984,0.35628,-0.572413,0.247789,-0.781658,-0.190494,-0.967328,-0.167215,-0.796845,0.05287,0.601888,0.042237,1.5e-05,-0.015244,0.571904,-0.559188,0.776215,-1.917,-0.11669,0.026656,0.314229,0.760796,0.468789,0.448797,-0.626267,0.711393,0.318816,-0.17076,-0.52421,0.834211,-0.011666,-0.011665,-0.008802,-0.669637,0.475715,0.80928,0.441949,0.036563,0.03696,-0.023504,-0.6762,-0.519548,0.522324,0.704837,-0.662542,0.25346,0.214377,0.539543,0.814208,-0.011543,-0.013114,-0.001184,-0.897103,0.560979,1.055809,0.308331,0.064275,0.024093,-0.061868,-0.430841,0.333502,-0.838541,-0.223479,-0.939693,-0.258908,-0.874318,0.075848,0.479389,0.014372,0.001844,-0.006515,1.775859,-1.473293,1.675288,-0.752299
168,0.056438,0.000956,0.355817,-0.578546,0.231154,-0.782239,-0.146544,-0.97283,-0.179158,-0.801683,0.010686,0.597676,0.02782,0.001708,-0.014747,0.051275,-0.057262,0.08899,-1.91692,-0.117178,0.026098,0.313758,0.776655,0.432626,0.457858,-0.606927,0.708198,0.360598,-0.169217,-0.558489,0.811985,-0.012694,-0.004644,-0.020366,-0.913698,0.608094,1.201134,0.498876,0.036323,0.036683,-0.023731,-0.692784,-0.486505,0.532318,0.690342,-0.66084,0.294477,0.208512,0.571491,0.793674,-0.005356,-0.00866,-0.006997,-0.894895,0.565338,1.095375,0.436841,0.064855,0.024079,-0.062093,-0.437348,0.317704,-0.841302,-0.178373,-0.947575,-0.26511,-0.881424,0.034121,0.47109,0.013062,-0.004862,-0.003348,0.165977,-0.181232,0.210923,-0.767648
169,0.057367,0.000979,0.355315,-0.586229,0.216757,-0.780639,-0.106844,-0.975788,-0.190775,-0.802364,-0.028709,0.596167,0.028144,0.002532,-0.014038,0.225092,-0.151701,0.209366,-1.917295,-0.117594,0.025355,0.31315,0.794794,0.400348,0.456088,-0.585198,0.704281,0.401828,-0.161334,-0.586773,0.793431,-0.010201,-0.020563,-0.017063,-0.981706,0.619283,1.151791,0.5071,0.03611,0.03631,-0.024042,-0.713791,-0.455097,0.53234,0.672142,-0.658716,0.338108,0.19679,0.599147,0.776076,-0.005029,-0.010664,-0.008874,-0.752148,0.408385,0.975249,0.483216,0.065329,0.024086,-0.062354,-0.44616,0.303999,-0.841739,-0.137842,-0.952659,-0.270996,-0.884273,-0.004881,0.466943,0.007284,0.003023,-0.005951,0.693361,-0.499566,0.507686,-0.768465
170,0.058066,0.001058,0.354953,-0.588177,0.203469,-0.782747,-0.071541,-0.977105,-0.200301,-0.804853,-0.062075,0.590242,0.013328,-0.004178,-0.002752,0.011498,-0.012022,0.021629,-1.917619,-0.118102,0.024405,0.312419,0.811866,0.370168,0.451488,-0.56253,0.702561,0.435777,-0.1569,-0.60823,0.778012,-0.011625,-0.01143,-0.026827,-0.506164,0.300273,0.66565,0.506116,0.035857,0.035828,-0.024407,-0.734121,-0.424176,0.530226,0.65209,-0.658136,0.376343,0.189326,0.622037,0.759753,-0.004842,-0.011956,-0.010136,-0.684889,0.33452,0.879537,0.493503,0.065679,0.02413,-0.062538,-0.448175,0.29098,-0.845262,-0.101524,-0.955991,-0.275268,-0.888161,-0.037554,0.457993,0.007281,0.003046,-0.005927,0.144897,-0.000905,-0.046439,-0.780548
171,0.058276,0.001051,0.354879,-0.584926,0.208111,-0.783962,-0.071212,-0.975941,-0.206008,-0.807249,-0.064938,0.58665,0.013561,-0.003613,-0.002254,0.000985,-0.014715,0.029554,-1.917359,-0.118379,0.024033,0.311997,0.81882,0.358371,0.448436,-0.552915,0.701938,0.44889,-0.154927,-0.615954,0.772309,-0.011724,-0.011039,-0.026537,-0.322907,0.151818,0.508261,0.50078,0.035715,0.035636,-0.02463,-0.742606,-0.41201,0.527999,0.643311,-0.658062,0.391285,0.186243,0.630238,0.753732,-0.00585,-0.005525,-0.013261,-0.256631,0.109989,0.480712,0.493176,0.065788,0.024124,-0.062577,-0.44448,0.295485,-0.845651,-0.100302,-0.954509,-0.280803,-0.890155,-0.039991,0.453898,0.006796,-0.001779,-0.001109,-0.006225,-0.01159,0.027115,-0.784957
172,0.058459,0.000993,0.354867,-0.584143,0.207846,-0.784616,-0.065851,-0.97558,-0.209474,-0.808271,-0.070961,0.584543,-0.000157,-0.00038,-0.000336,0.0,0.0,0.0,-1.917385,-0.118735,0.023609,0.311157,0.828432,0.343629,0.44228,-0.539288,0.702137,0.464873,-0.151832,-0.624059,0.766394,0.000811,-0.003562,-0.021505,-0.110555,-0.074017,0.439854,0.475047,0.035538,0.035416,-0.02505,-0.753591,-0.39837,0.522878,0.631564,-0.659366,0.407876,0.182282,0.637602,0.748488,-0.006247,-0.003303,-0.011251,-0.145489,0.084767,0.236007,0.475378,0.065886,0.024096,-0.062582,-0.443615,0.295235,-0.846192,-0.094595,-0.954332,-0.283374,-0.89121,-0.045664,0.451284,0.00668,-0.002055,-0.001352,0.002104,-0.109926,0.20552,-0.789039
173,0.058388,0.000689,0.354858,-0.583295,0.211266,-0.784333,-0.059535,-0.974079,-0.218168,-0.809372,-0.080831,0.58173,-0.003612,-0.016101,0.003935,0.073283,0.232195,0.32539,-1.917283,-0.118747,0.023754,0.310282,0.83062,0.342504,0.439036,-0.536064,0.704738,0.464666,-0.151293,-0.621739,0.768385,0.011875,0.014124,-0.02503,0.070377,0.002156,0.021082,0.450747,0.035527,0.035482,-0.025486,-0.756319,-0.397531,0.519567,0.628353,-0.662466,0.407811,0.182078,0.634907,0.750826,-0.000926,0.006764,-0.011872,0.0726,-0.003844,0.009965,0.442066,0.065854,0.023955,-0.062583,-0.4415,0.298003,-0.846328,-0.087076,-0.953013,-0.290143,-0.893025,-0.054403,0.446704,-0.001451,-0.00352,-0.003117,0.129432,0.528925,0.276277,-0.791162
174,0.058289,0.000426,0.354815,-0.581685,0.212093,-0.785305,-0.053578,-0.973275,-0.223242,-0.810946,-0.088053,0.578482,-0.004741,-0.018831,0.001506,-0.029129,-0.056399,0.137074,-1.917339,-0.118681,0.024026,0.309841,0.830249,0.342481,0.439755,-0.536306,0.70533,0.463485,-0.152474,-0.621078,0.768685,0.011504,0.016304,-0.022987,0.05429,0.116517,-0.140823,0.442629,0.035561,0.035617,-0.025708,-0.755933,-0.39754,0.520121,0.628486,-0.663065,0.406631,0.183222,0.634275,0.751082,-0.001135,0.008,-0.010714,0.071502,-0.017772,0.035508,0.428677,0.065806,0.023826,-0.062603,-0.440948,0.299409,-0.84612,-0.080274,-0.952095,-0.295076,-0.893935,-0.062192,0.443859,-0.002462,-0.009643,0.000553,-0.040247,0.025197,-0.055876,-0.792305
175,0.058002,-0.00022,0.35493,-0.585593,0.2192,-0.780434,-0.055689,-0.971321,-0.231097,-0.807983,-0.092148,0.581978,-0.00347,-0.015739,0.004239,0.151461,0.493637,0.42913,-1.916394,-0.118207,0.024902,0.308915,0.829172,0.342397,0.441849,-0.537083,0.706667,0.46054,-0.155588,-0.619603,0.769252,0.024706,0.020012,-0.021344,0.058542,0.085289,-0.087735,0.422542,0.035792,0.036058,-0.026167,-0.754577,-0.397482,0.52213,0.629177,-0.664262,0.403597,0.186409,0.633057,0.751324,0.00471,0.014918,-0.014245,0.091585,0.091452,-0.099639,0.405163,0.065658,0.023491,-0.062556,-0.44309,0.305466,-0.842829,-0.081328,-0.949977,-0.301544,-0.89278,-0.065066,0.445768,-0.008396,-0.005724,0.003554,-0.017257,0.067003,-0.03378,-0.788059
176,0.057397,-0.000572,0.35536,-0.596556,0.223561,-0.770835,-0.058435,-0.969943,-0.236153,-0.799722,-0.09612,0.592649,-0.014762,-0.0065,0.011493,0.089974,0.311662,0.326496,-1.916972,-0.117354,0.025867,0.307952,0.827312,0.341782,0.445792,-0.538447,0.708227,0.456535,-0.160719,-0.618158,0.769359,0.02464,0.020231,-0.021145,0.058374,0.085908,-0.087304,0.401895,0.036218,0.036542,-0.026647,-0.752334,-0.396783,0.525886,0.630311,-0.665684,0.399463,0.191574,0.632002,0.750914,0.005578,0.009176,-0.010537,0.054806,0.098586,-0.116568,0.377893,0.065358,0.023308,-0.062347,-0.456733,0.311009,-0.833467,-0.083337,-0.947735,-0.307981,-0.885691,-0.071207,0.45878,-0.00728,-0.002995,0.005979,0.116435,0.517618,0.224403,-0.790509
177,0.057025,-0.00089,0.355861,-0.612211,0.222385,-0.758807,-0.065493,-0.970571,-0.231677,-0.78724,-0.092423,0.609704,0.000556,0.001334,0.001187,0.051724,0.109955,0.263566,-1.916638,-0.116341,0.026651,0.307223,0.827126,0.338717,0.448469,-0.537554,0.709238,0.456016,-0.164643,-0.618681,0.768108,0.024056,0.023363,-0.018187,0.071223,-0.041318,0.101276,0.38791,0.036735,0.036937,-0.027023,-0.752041,-0.393601,0.528688,0.629506,-0.666633,0.399151,0.195335,0.632991,0.749109,0.012024,0.011787,-0.009011,0.091038,-0.058502,0.094637,0.355196,0.065168,0.02315,-0.062089,-0.474746,0.310394,-0.823572,-0.090882,-0.948034,-0.304913,-0.875417,-0.069908,0.478284,-0.00709,-0.002521,0.006401,0.004385,0.074608,0.366979,-0.787569
178,0.056981,-0.001008,0.356054,-0.620822,0.223298,-0.751508,-0.07104,-0.97063,-0.229791,-0.779979,-0.089557,0.619387,-0.000171,-0.007756,0.011349,0.040243,0.083593,0.481579,-1.917033,-0.115797,0.026956,0.306992,0.826505,0.337984,0.450163,-0.53778,0.710009,0.454549,-0.167022,-0.618197,0.767984,0.02563,0.01302,-0.009727,0.040537,-0.038171,0.077917,0.381048,0.036997,0.037085,-0.027135,-0.751236,-0.392957,0.53031,0.629716,-0.667422,0.397498,0.197741,0.63256,0.748843,0.019571,0.007529,-0.004866,0.042332,-0.043203,0.084252,0.347848,0.065146,0.023097,-0.062001,-0.484156,0.311008,-0.817842,-0.096445,-0.94797,-0.303398,-0.869649,-0.068016,0.488961,0.000456,0.001115,0.000996,-0.044501,0.402084,0.221783,-0.789529
179,0.057008,-0.001052,0.356289,-0.63279,0.232606,-0.738591,-0.081958,-0.968548,-0.234881,-0.769212,-0.088394,0.632872,0.001397,0.003354,0.002979,0.106622,0.18707,0.561691,-1.916642,-0.114711,0.027294,0.306866,0.823207,0.334228,0.458927,-0.540102,0.709778,0.452148,-0.175643,-0.620495,0.764198,0.026676,0.005646,0.001534,0.058325,0.162965,-0.088245,0.354213,0.037541,0.037254,-0.027204,-0.74747,-0.388937,0.538531,0.631677,-0.667055,0.394994,0.205603,0.635424,0.744286,0.013279,0.003178,0.001084,0.211343,0.675433,-0.484169,0.322048,0.065159,0.023069,-0.061876,-0.49707,0.32059,-0.806313,-0.106487,-0.944757,-0.309989,-0.86115,-0.068224,0.503749,0.000525,0.001274,0.001133,0.097079,0.421887,0.396723,-0.786916
180,0.057085,-0.000939,0.356296,-0.645572,0.240065,-0.725018,-0.093113,-0.966941,-0.237333,-0.757225,-0.086014,0.647487,0.014325,-0.001904,-0.000725,0.058581,-0.024064,0.501187,-1.91693,-0.1137,0.027488,0.307109,0.822052,0.332991,0.461885,-0.540801,0.71009,0.450822,-0.178886,-0.620802,0.763196,0.025707,0.010741,0.00635,0.006519,-0.047204,0.08178,0.307424,0.038042,0.037349,-0.027092,-0.745941,-0.387657,0.541564,0.632404,-0.667311,0.393395,0.208889,0.635937,0.742931,0.012883,0.005226,0.003019,0.002387,-0.035738,0.061677,0.271591,0.065193,0.02313,-0.061868,-0.511948,0.328256,-0.793823,-0.116892,-0.942133,-0.314198,-0.851025,-0.068062,0.520694,0.000104,0.000254,0.000226,0.035342,0.059583,0.420401,-0.787733
181,0.057135,-0.000906,0.356274,-0.65159,0.240376,-0.719511,-0.098506,-0.967219,-0.233998,-0.751365,-0.081902,0.654805,0.015238,0.007637,-0.010487,-0.483255,0.283064,-0.016614,-1.915743,-0.113304,0.027569,0.307347,0.822584,0.332713,0.461138,-0.540189,0.710141,0.451475,-0.178288,-0.620892,0.763262,0.026995,0.002097,0.016405,-0.046782,0.076271,-0.098464,0.287099,0.038245,0.03739,-0.026973,-0.746711,-0.387401,0.540686,0.631731,-0.667471,0.394204,0.208178,0.635926,0.743141,0.006706,0.000296,0.008436,-0.03248,-0.025236,0.03314,0.244322,0.065219,0.023144,-0.061875,-0.518331,0.329331,-0.789222,-0.122482,-0.941948,-0.31262,-0.846363,-0.065376,0.528578,0.000201,0.000452,0.000378,-1.808895,1.288503,-1.357022,-0.780711
182,0.057207,-0.000807,0.356282,-0.662675,0.241855,-0.708811,-0.108439,-0.967404,-0.228784,-0.740219,-0.075055,0.668184,0.000565,0.001358,0.001204,-1.81808,1.430299,-1.255538,-1.916006,-0.112632,0.027751,0.307966,0.822757,0.334381,0.459622,-0.540336,0.710664,0.450474,-0.177033,-0.619397,0.764768,0.026363,0.005232,0.019325,-0.018488,0.038744,-0.092799,0.266035,0.03859,0.037485,-0.026654,-0.74682,-0.389288,0.539179,0.631907,-0.668066,0.392913,0.207252,0.634147,0.744918,0.01314,0.0028,0.009824,-0.046538,0.055102,-0.08181,0.198927,0.06526,0.023195,-0.061876,-0.529147,0.33197,-0.780895,-0.132524,-0.941331,-0.310374,-0.838117,-0.060746,0.542097,0.00034,0.000817,0.000725,0.080504,0.166263,0.327678,-0.78757
183,0.057131,-0.000788,0.356402,-0.669414,0.252422,-0.698723,-0.12793,-0.965595,-0.226345,-0.730989,-0.062452,0.679545,-0.013227,0.004526,0.003051,-0.01003,0.106166,0.183887,-1.915463,-0.11192,0.027974,0.308697,0.820883,0.337947,0.460363,-0.542897,0.711567,0.445947,-0.177897,-0.616421,0.766968,0.013004,0.002488,0.018604,0.028584,-0.07257,-0.007876,0.261265,0.038931,0.0376,-0.026297,-0.744568,-0.392722,0.539802,0.634101,-0.668833,0.388043,0.208644,0.631214,0.747018,0.006358,0.001946,0.009951,0.028332,-0.0953,0.010864,0.182108,0.065227,0.023203,-0.061816,-0.538327,0.341073,-0.770631,-0.152827,-0.938788,-0.308739,-0.828762,-0.04843,0.5575,-0.006543,0.00243,0.001676,-0.56959,0.519853,-0.275332,-0.7861
184,0.057022,-0.000779,0.356471,-0.675694,0.254913,-0.691739,-0.131691,-0.964929,-0.227026,-0.724514,-0.062629,0.686429,-0.013119,0.004786,0.00328,0.101239,0.311598,0.351838,-1.915627,-0.111625,0.028023,0.309053,0.820692,0.339821,0.459324,-0.543451,0.712097,0.444424,-0.177083,-0.614778,0.768474,0.015034,-0.00987,0.025147,0.027571,-0.093279,-0.051301,0.263502,0.039087,0.037633,-0.026111,-0.744438,-0.394434,0.538732,0.634452,-0.669283,0.386689,0.208041,0.629666,0.74849,0.006512,0.001117,0.009162,0.0781,-0.113587,-0.042816,0.180475,0.065172,0.023207,-0.061783,-0.544702,0.343152,-0.76521,-0.156444,-0.938013,-0.309282,-0.823908,-0.048754,0.564622,0.00029,0.000695,0.000618,0.133749,0.539931,0.307042,-0.782181
185,0.056872,-0.000769,0.356497,-0.68114,0.268328,-0.681244,-0.155913,-0.962212,-0.223184,-0.714544,-0.046146,0.698086,-0.000188,-0.000452,-0.0004,0.028117,0.007997,0.229893,-1.915956,-0.111059,0.02789,0.309804,0.819627,0.341393,0.460058,-0.544937,0.712014,0.442734,-0.177444,-0.614005,0.769009,0.013542,-0.000386,0.015856,-0.027651,-0.027963,0.030071,0.260854,0.03937,0.037566,-0.025731,-0.743119,-0.396093,0.539336,0.635869,-0.66904,0.384778,0.208429,0.628884,0.74904,0.006771,-0.000255,0.007859,-0.049457,-0.015018,0.03949,0.179985,0.065098,0.023214,-0.061768,-0.551728,0.356715,-0.753889,-0.180776,-0.933578,-0.309438,-0.814196,-0.03444,0.579566,-0.000159,-0.000376,-0.000326,0.028501,-0.014867,0.227001,-0.782181
186,0.056702,-0.000644,0.356485,-0.686333,0.275855,-0.672975,-0.171685,-0.960551,-0.218719,-0.705911,-0.034925,0.707457,-0.01225,0.014202,-0.006594,0.051567,0.071864,0.026084,-1.915712,-0.110421,0.027704,0.310548,0.817709,0.346872,0.459372,-0.547861,0.71348,0.436725,-0.177285,-0.609218,0.772843,0.026835,0.002352,0.016466,0.04436,-0.098552,0.012657,0.251742,0.039695,0.037469,-0.025355,-0.740896,-0.401539,0.538366,0.638259,-0.670448,0.378316,0.209039,0.62391,0.753019,0.013409,0.00117,0.008218,0.003617,-0.074605,0.029665,0.172147,0.065012,0.023271,-0.061771,-0.557362,0.364283,-0.746086,-0.197018,-0.93097,-0.307373,-0.806555,-0.024326,0.590657,1.3e-05,3.1e-05,3.3e-05,0.021811,0.043446,0.023569,-0.779895
187,0.05653,-0.000539,0.356362,-0.689141,0.28221,-0.667448,-0.183802,-0.958973,-0.215776,-0.700106,-0.02638,0.71357,-0.000995,-0.002379,-0.00211,0.009304,0.038262,0.02022,-1.915957,-0.109811,0.027495,0.311316,0.814168,0.354031,0.460199,-0.552541,0.715579,0.427291,-0.17905,-0.602608,0.777604,0.015314,-0.011324,0.023726,0.129894,-0.173972,-0.118272,0.251732,0.039994,0.037368,-0.024982,-0.736897,-0.407932,0.539048,0.641976,-0.6721,0.368982,0.211774,0.617958,0.757152,0.006664,0.000238,0.008294,0.238102,-0.236361,-0.136756,0.164799,0.064923,0.023333,-0.061832,-0.560463,0.370458,-0.740703,-0.20925,-0.9287,-0.306153,-0.801308,-0.016595,0.59802,-0.000612,-0.001468,-0.001296,0.006939,0.022056,-0.024069,-0.779568
188,0.056496,-0.000576,0.356288,-0.687688,0.285858,-0.667395,-0.189128,-0.957993,-0.215528,-0.700119,-0.022356,0.713695,-0.00163,-0.003897,-0.003458,-0.000459,0.014142,-0.025115,-1.915556,-0.109621,0.027426,0.311673,0.812817,0.355667,0.461326,-0.554138,0.71592,0.424645,-0.180253,-0.601241,0.778384,4.4e-05,-0.002236,0.015996,0.027622,-0.057834,-0.037133,0.250824,0.040095,0.037331,-0.0248,-0.735165,-0.40997,0.539865,0.643505,-0.67247,0.365628,0.213147,0.616204,0.758195,0.006676,0.000175,0.008232,0.000105,-0.062911,0.005183,0.164799,0.064907,0.023317,-0.061867,-0.558609,0.373849,-0.740399,-0.214409,-0.927405,-0.306508,-0.801238,-0.01247,0.598214,-0.0007,-0.001681,-0.001487,-0.00142,-0.009647,-0.00626,-0.780874
189,0.056447,-0.000704,0.356201,-0.687814,0.29563,-0.662992,-0.200879,-0.955133,-0.217576,-0.696717,-0.016846,0.717167,-0.000888,-0.002122,-0.001885,0.024756,0.101063,0.053405,-1.915438,-0.109354,0.02734,0.312422,0.812842,0.357557,0.459818,-0.554625,0.715948,0.423962,-0.178628,-0.600087,0.779647,-0.00029,-0.000597,0.017483,-0.03087,-0.01189,0.00162,0.249667,0.040229,0.037285,-0.024427,-0.735251,-0.41176,0.538385,0.643913,-0.672335,0.365159,0.211617,0.615157,0.759473,0.006476,0.001129,0.0091,-0.045651,-0.031281,0.063251,0.162513,0.06488,0.023246,-0.061916,-0.558782,0.383402,-0.735367,-0.225603,-0.923551,-0.310089,-0.798038,-0.007372,0.60256,-0.000492,-0.001176,-0.001042,0.028236,0.127174,0.032946,-0.783977
190,0.056417,-0.000705,0.356225,-0.689409,0.301633,-0.658618,-0.207153,-0.953277,-0.219824,-0.693298,-0.015496,0.720503,0.000629,0.001502,0.001334,0.077969,0.301249,0.191751,-1.915139,-0.10925,0.027364,0.313062,0.81222,0.359703,0.459242,-0.555812,0.715849,0.422573,-0.17776,-0.598924,0.78074,-0.000124,-0.001425,0.016686,-0.033507,-0.009815,0.003357,0.250105,0.04028,0.0373,-0.024105,-0.734559,-0.413781,0.53778,0.644925,-0.672121,0.363762,0.210935,0.614033,0.760571,-0.001063,0.005208,0.004791,-0.00573,-0.010959,0.027599,0.163329,0.064862,0.02324,-0.061909,-0.559782,0.388568,-0.731886,-0.231148,-0.921402,-0.31239,-0.795747,-0.005696,0.605601,9.3e-05,0.000224,0.0002,0.111857,0.519425,0.292947,-0.78512
191,0.05638,-0.000718,0.356226,-0.688914,0.308956,-0.655736,-0.21893,-0.951025,-0.218157,-0.690169,-0.007122,0.723632,-0.000727,-0.001736,-0.001542,0.003573,0.030488,-0.01648,-1.91505,-0.109371,0.027444,0.313607,0.811547,0.361881,0.458721,-0.556999,0.715923,0.420881,-0.177112,-0.597524,0.781959,4e-05,-0.002228,0.015918,-0.024208,-0.01716,-0.00275,0.239728,0.04022,0.037338,-0.023834,-0.73376,-0.416008,0.537151,0.645953,-0.672202,0.361784,0.21057,0.612438,0.761957,-1.6e-05,-0.000989,0.008074,-0.046708,-0.003486,0.006206,0.157777,0.064848,0.023243,-0.0619,-0.560248,0.39643,-0.7273,-0.243064,-0.918063,-0.313174,-0.791859,0.001325,0.610701,-0.000152,-0.000363,-0.00032,0.001687,-0.009412,-0.009576,-0.78561
192,0.056377,-0.000752,0.356196,-0.687194,0.312835,-0.655701,-0.22442,-0.949776,-0.21802,-0.690122,-0.003066,0.723705,-0.000761,-0.001816,-0.001614,6.5e-05,0.000289,0.000161,-1.915411,-0.109431,0.027522,0.313832,0.811008,0.363904,0.458073,-0.557886,0.716442,0.418817,-0.176785,-0.595671,0.783445,-0.001902,0.009433,0.008633,0.415498,-0.343273,-0.247922,0.230251,0.04019,0.037375,-0.023717,-0.73371,-0.415948,0.537267,0.646089,-0.671865,0.362168,0.210328,0.612849,0.761693,-0.000976,0.004788,0.004382,-0.002351,-0.0131,0.026089,0.149286,0.064846,0.023224,-0.061917,-0.558161,0.400002,-0.726947,-0.248344,-0.916497,-0.313619,-0.791694,0.005483,0.610892,-0.000413,-0.000989,-0.000877,-0.001252,-0.0071,-0.005469,-0.785937
193,0.056471,-0.000854,0.356114,-0.688863,0.313788,-0.653491,-0.224685,-0.949457,-0.219136,-0.68837,-0.004523,0.725364,0.01326,-0.004477,-0.003003,0.001011,-0.014605,0.029611,-1.915312,-0.109533,0.027633,0.31424,0.810161,0.366107,0.457817,-0.55921,0.716589,0.416796,-0.176485,-0.594145,0.784671,0.000522,-0.004611,0.013707,0.024745,-0.055971,-0.034923,0.211956,0.040138,0.037437,-0.023507,-0.732212,-0.420087,0.536088,0.647743,-0.672754,0.357534,0.21046,0.609038,0.764707,0.000281,-0.002441,0.006733,0.003208,-0.042617,-0.026016,0.125609,0.064886,0.023172,-0.06196,-0.560087,0.40089,-0.724975,-0.248379,-0.916118,-0.314698,-0.790322,0.00381,0.612679,-0.00019,-0.000457,-0.000407,-0.000544,-0.00406,-0.002734,-0.786916
194,0.056534,-0.000854,0.356091,-0.689152,0.31331,-0.653415,-0.224311,-0.949614,-0.218837,-0.688203,-0.00464,0.725522,0.013649,-0.003548,-0.002177,-0.003134,0.079015,-0.145823,-1.915246,-0.109709,0.02765,0.314547,0.80902,0.368455,0.457951,-0.56088,0.716577,0.414566,-0.176417,-0.592708,0.785772,0.001064,-0.007304,0.011244,-0.033289,0.004567,-0.021898,0.175831,0.04005,0.037448,-0.023358,-0.730977,-0.422321,0.536019,0.649113,-0.672651,0.355234,0.21053,0.607606,0.765827,-0.007076,0.000865,0.001724,-0.018238,0.024971,-0.022979,0.087399,0.064918,0.023171,-0.061972,-0.560302,0.400527,-0.725009,-0.248128,-0.916276,-0.314434,-0.790249,0.003717,0.612773,4.5e-05,0.000104,9.4e-05,-1.4e-05,-8.1e-05,-3.9e-05,-0.787733
195,0.056532,-0.000898,0.35608,-0.689288,0.313111,-0.653367,-0.224206,-0.949679,-0.218661,-0.688101,-0.004628,0.725619,-0.000845,-0.002019,-0.001796,-0.000597,0.01358,-0.025413,-1.915381,-0.109806,0.027657,0.31466,0.80851,0.370459,0.457234,-0.561703,0.717162,0.412434,-0.17613,-0.59075,0.787309,-0.014242,0.00225,0.003909,0.016385,-0.013974,-0.016243,0.168518,0.040007,0.037447,-0.0233,-0.730298,-0.424379,0.535319,0.649856,-0.673165,0.352895,0.210597,0.605599,0.767397,-0.000387,0.001912,0.001743,-0.011701,0.00444,0.000703,0.069601,0.064924,0.023153,-0.061973,-0.560517,0.400254,-0.724994,-0.248005,-0.916396,-0.314183,-0.790135,0.003698,0.612921,-0.000201,-0.000479,-0.000426,-1.3e-05,-2.3e-05,-9e-06,-0.788549
196,0.056538,-0.001026,0.355983,-0.688935,0.318378,-0.65119,-0.230272,-0.947935,-0.219923,-0.686452,-0.001965,0.727191,-0.001381,-0.003302,-0.002941,0.000372,0.017481,-0.023352,-1.91536,-0.109903,0.027713,0.314843,0.808032,0.372448,0.456462,-0.562497,0.717729,0.410359,-0.175786,-0.588808,0.788839,-0.000735,0.003676,0.003338,0.00119,-0.000946,-0.000782,0.159151,0.039954,0.037474,-0.023209,-0.729775,-0.426231,0.534559,0.650472,-0.6736,0.350923,0.210506,0.603811,0.768829,-0.000426,0.002108,0.001915,-0.009169,-0.008969,0.028662,0.050659,0.064927,0.023089,-0.062022,-0.560274,0.405464,-0.722282,-0.253739,-0.91409,-0.316313,-0.788485,0.006049,0.615023,-0.000525,-0.001257,-0.001117,-0.001559,-0.014523,-0.010669,-0.789039
197,0.056517,-0.001096,0.355908,-0.689125,0.318069,-0.651141,-0.230035,-0.948038,-0.219723,-0.686341,-0.002034,0.727295,-0.000502,-0.001199,-0.001069,0.0,1e-06,0.0,-1.915038,-0.109935,0.027748,0.315078,0.806976,0.376418,0.455072,-0.564173,0.718832,0.406107,-0.175261,-0.584929,0.791837,-0.000944,0.00472,0.004279,0.016579,0.072437,-0.159237,0.147256,0.039938,0.037488,-0.023094,-0.72865,-0.430203,0.53291,0.651712,-0.674751,0.346381,0.210568,0.599695,0.772027,-0.000413,0.002046,0.001857,0.005685,-0.00945,-0.010902,0.03433,0.064914,0.023048,-0.062064,-0.560393,0.405035,-0.722429,-0.25348,-0.91428,-0.315971,-0.788483,0.006053,0.615025,-0.000232,-0.000558,-0.000499,-5.4e-05,-0.000361,-0.000255,-0.789366
198,0.056419,-0.001092,0.355919,-0.689353,0.317707,-0.651076,-0.229798,-0.948159,-0.21945,-0.686191,-0.002065,0.727437,-3e-06,-8e-06,-7e-06,0.0,0.0,0.0,-1.914866,-0.109909,0.027748,0.315301,0.806481,0.378404,0.4543,-0.565018,0.719248,0.404191,-0.174812,-0.583134,0.793258,-0.000719,0.003595,0.003254,0.007521,-0.02049,0.020198,0.143541,0.039951,0.03749,-0.02298,-0.728,-0.432139,0.532231,0.652489,-0.674998,0.344434,0.210412,0.598023,0.773365,0.000688,-0.004448,0.004896,-0.052715,0.016695,-0.013968,0.024532,0.064865,0.02305,-0.062059,-0.560649,0.404686,-0.722426,-0.253294,-0.914435,-0.315672,-0.788361,0.006005,0.615183,-0.006784,0.001882,0.001184,-0.000985,0.014715,-0.029563,-0.789202
199,0.056337,-0.001087,0.355958,-0.687669,0.321478,-0.651006,-0.235244,-0.946886,-0.219177,-0.686038,0.002017,0.727581,0.000198,0.000473,0.000421,-0.008743,-0.002943,0.009771,-1.915128,-0.109908,0.027726,0.315415,0.806342,0.378502,0.454467,-0.565241,0.719003,0.404316,-0.174734,-0.583373,0.793099,0.00131,-0.008536,0.010115,-0.036365,0.007,-0.019884,0.140914,0.03995,0.037485,-0.022925,-0.72789,-0.432092,0.53242,0.652655,-0.674697,0.344708,0.210277,0.598397,0.773113,-0.00036,0.00178,0.00161,-0.003371,0.002523,0.001992,0.021103,0.064824,0.023053,-0.062039,-0.558758,0.408342,-0.721834,-0.258645,-0.912773,-0.316143,-0.787966,0.010051,0.615636,0.000126,0.000295,0.000266,-0.009622,-0.004342,0.007893,-0.789856
200,0.056205,-0.001079,0.356025,-0.687956,0.321064,-0.650907,-0.235038,-0.947026,-0.218791,-0.685821,0.002063,0.727786,6.5e-05,0.000155,0.000138,0.0,0.0,0.0,-1.914319,-0.109869,0.027647,0.315661,0.806056,0.378705,0.454804,-0.565715,0.718446,0.404643,-0.174517,-0.583928,0.792739,0.001491,-0.00944,0.009298,-0.036438,0.007045,-0.019845,0.139593,0.03997,0.037447,-0.022801,-0.727572,-0.432235,0.532738,0.653101,-0.674105,0.345022,0.209991,0.59896,0.772754,0.006406,0.002379,0.001225,0.002194,-0.015,0.029602,0.017674,0.064759,0.023059,-0.062004,-0.559078,0.407927,-0.721821,-0.258505,-0.912958,-0.315723,-0.787785,0.01008,0.615866,3.9e-05,9.4e-05,8.7e-05,7.6e-05,2.4e-05,-0.000143,-0.789366
201,0.056052,-0.001029,0.356044,-0.686303,0.324705,-0.650846,-0.240323,-0.945765,-0.218505,-0.685647,0.006042,0.727927,0.0,0.0,0.0,-0.0,-0.0,0.0,-1.914796,-0.109784,0.027492,0.315859,0.805109,0.38092,0.454632,-0.567146,0.718429,0.402666,-0.174241,-0.582509,0.793843,-0.000125,0.000624,0.000564,0.000233,-0.000187,-0.000153,0.133922,0.040013,0.037366,-0.022698,-0.726472,-0.434423,0.53246,0.654346,-0.673996,0.342869,0.209926,0.597498,0.773903,0.000893,-0.005467,0.003975,-0.042039,0.010821,-0.017189,0.012612,0.064683,0.023084,-0.061994,-0.557222,0.411443,-0.72126,-0.263695,-0.911327,-0.316145,-0.78738,0.014029,0.616307,-1e-06,-5e-06,0.0,-0.000164,-0.000471,-0.000907,-0.790508
202,0.055987,-0.001018,0.356037,-0.686391,0.324554,-0.650828,-0.2402,-0.945817,-0.218415,-0.685603,0.006,0.72797,-0.013699,0.003458,0.002091,-0.000984,0.014715,-0.029553,-1.91474,-0.109743,0.027428,0.315945,0.804448,0.382959,0.454089,-0.568149,0.718823,0.400543,-0.174021,-0.580685,0.795226,-0.000155,0.000772,0.000697,0.01876,-0.015022,-0.012337,0.130027,0.040033,0.037333,-0.022656,-0.725699,-0.436552,0.531772,0.65517,-0.674431,0.340432,0.210028,0.595453,0.77545,-8.4e-05,0.000409,0.00037,-0.022737,0.113321,-0.165524,0.00853,0.064655,0.023088,-0.061999,-0.557306,0.41131,-0.721271,-0.263596,-0.911387,-0.316053,-0.787354,0.013986,0.616342,-5.4e-05,-0.00013,-0.000112,0.00012,5e-06,-0.000242,-0.790835
203,0.055889,-0.001023,0.356067,-0.684625,0.328376,-0.650771,-0.245681,-0.94446,-0.218191,-0.685429,0.010088,0.728088,0.000115,0.000274,0.000245,-3.596502,-1.205837,4.023798,-1.914267,-0.109742,0.027348,0.316075,0.803908,0.384963,0.453351,-0.569032,0.719226,0.398561,-0.173633,-0.578859,0.796641,-0.000163,0.000814,0.000735,0.000859,-0.000688,-0.000565,0.123152,0.040034,0.037292,-0.022592,-0.725106,-0.438422,0.531042,0.655878,-0.674694,0.338543,0.209866,0.593779,0.776776,-9.4e-05,0.00046,0.000414,-0.010436,0.006794,0.004562,3.9e-05,0.064601,0.023086,-0.061984,-0.557512,0.411058,-0.721256,-0.263502,-0.911501,-0.315802,-0.787239,0.013989,0.616488,8.3e-05,0.000196,0.000176,0.000115,5.9e-05,-9.6e-05,-0.790998
204,0.055813,-0.00106,0.356138,-0.684809,0.328165,-0.650684,-0.245669,-0.944532,-0.217892,-0.685249,0.010223,0.728255,2e-06,4e-06,3e-06,-0.0,-0.0,0.0,-1.914751,-0.109756,0.027353,0.316161,0.803378,0.386929,0.452616,-0.569849,0.719771,0.396404,-0.173401,-0.576869,0.798133,-0.000307,0.001531,0.00138,0.000143,-0.000115,-9.4e-05,0.107751,0.040027,0.037293,-0.022551,-0.724523,-0.440309,0.530277,0.656507,-0.675166,0.336376,0.209915,0.591843,0.778239,-0.00019,0.000943,0.000851,-0.004652,0.003297,0.002388,-0.0158,0.064563,0.023068,-0.061948,-0.555552,0.414764,-0.720646,-0.268978,-0.909747,-0.316243,-0.786773,0.018149,0.616974,-0.006809,0.001836,0.001143,-0.000827,0.014753,-0.029773,-0.791325
205,0.055764,-0.001094,0.356173,-0.682983,0.332062,-0.650626,-0.251235,-0.943113,-0.217691,-0.685056,0.014361,0.728368,-0.0017,-0.011378,0.008127,-0.034691,0.019737,-0.01403,-1.914735,-0.109752,0.027383,0.316213,0.802889,0.388855,0.451832,-0.570592,0.720398,0.394189,-0.173217,-0.574789,0.799673,-0.000553,0.00276,0.002488,0.013903,-0.025582,0.016038,0.097924,0.04003,0.037305,-0.022527,-0.723937,-0.44234,0.529385,0.657097,-0.675832,0.333876,0.210089,0.589563,0.779921,-0.000178,0.000884,0.000796,-0.013196,0.006395,0.002467,-0.026414,0.06454,0.023057,-0.061932,-0.553497,0.418543,-0.720042,-0.274411,-0.907924,-0.316814,-0.786344,0.022231,0.617386,-0.00026,-0.000617,-0.000546,-0.003255,-0.002194,0.000902,-0.791162
206,0.055664,-0.001123,0.356223,-0.684522,0.333226,-0.64841,-0.251717,-0.942723,-0.218822,-0.68334,0.013006,0.730002,-0.013779,0.00328,0.001928,-0.000756,0.015618,-0.029077,-1.913025,-0.109761,0.027479,0.316312,0.802752,0.388919,0.452019,-0.57076,0.720294,0.394137,-0.1733,-0.574876,0.799593,-0.00063,0.003144,0.002832,-0.016452,0.112833,-0.162934,0.07536,0.040025,0.037354,-0.022477,-0.723928,-0.442187,0.529526,0.65712,-0.675687,0.334124,0.210049,0.589844,0.779719,-0.000378,0.00188,0.001693,0.001877,-0.015757,0.024256,-0.053357,0.064488,0.023037,-0.061905,-0.555354,0.419702,-0.717935,-0.2747,-0.907427,-0.317985,-0.784934,0.020623,0.619235,-0.0069,0.00162,0.000949,-0.001981,0.005886,-0.035739,-0.791815
207,0.055542,-0.001137,0.356258,-0.682759,0.336969,-0.648334,-0.257148,-0.941325,-0.218529,-0.683085,0.017089,0.730157,-4e-06,-9e-06,-8e-06,0.0,0.0,0.0,-1.910986,-0.109802,0.027633,0.316451,0.802441,0.389068,0.452445,-0.571131,0.720092,0.393968,-0.173522,-0.575029,0.799434,-0.000866,0.004323,0.003887,0.0,-0.0,-0.0,0.03739,0.040004,0.037432,-0.022406,-0.723474,-0.442328,0.530028,0.657538,-0.675405,0.333871,0.210303,0.590061,0.779486,-0.000455,0.002265,0.002039,0.000132,0.00012,0.000228,-0.09418,0.064427,0.023029,-0.061888,-0.55333,0.423251,-0.717414,-0.28,-0.905674,-0.318359,-0.78449,0.024718,0.619648,-0.006801,0.001853,0.001157,-0.00097,0.014347,-0.03017,-0.791815
208,0.055478,-0.001153,0.356307,-0.682893,0.336811,-0.648276,-0.257121,-0.941379,-0.218323,-0.682962,0.017168,0.730271,8.8e-05,0.00021,0.000187,0.0,0.0,0.0,-1.887464,-0.109854,0.027836,0.316649,0.801573,0.39117,0.45217,-0.572316,0.720482,0.391528,-0.173626,-0.573112,0.800787,-0.001093,0.005458,0.004897,0.111897,-0.089962,-0.073732,-0.015392,0.039979,0.037531,-0.022309,-0.722567,-0.444189,0.529709,0.658398,-0.675762,0.331445,0.210733,0.588251,0.780737,-0.000661,0.003288,0.002951,0.158561,-0.138725,-0.074434,-0.149699,0.064395,0.023021,-0.061863,-0.553482,0.423092,-0.71739,-0.280001,-0.905747,-0.318152,-0.784382,0.024778,0.619781,5.7e-05,0.000138,0.000127,0.000142,4.7e-05,-0.000122,-0.791978
209,0.05548,-0.001154,0.35632,-0.682894,0.336819,-0.64827,-0.257144,-0.941376,-0.21831,-0.682952,0.01719,0.730279,4.7e-05,0.000113,0.0001,0.0,0.0,0.0,-1.854263,-0.109907,0.027945,0.316764,0.801499,0.391216,0.452262,-0.572411,0.720419,0.391506,-0.173654,-0.573161,0.800746,-0.001288,0.006439,0.005771,0.004019,-0.017664,0.022532,-0.052464,0.039952,0.037585,-0.022253,-0.722371,-0.444499,0.529716,0.658613,-0.675696,0.331153,0.21073,0.588094,0.780856,-0.000611,0.003039,0.002725,-0.009663,-0.008801,0.028371,-0.181867,0.064396,0.023021,-0.061857,-0.553485,0.423097,-0.717385,-0.280021,-0.905744,-0.318142,-0.784373,0.024796,0.619792,2.6e-05,6.3e-05,5.9e-05,0.00012,4e-05,-9.3e-05,-0.787243
210,0.055521,-0.00122,0.356333,-0.682999,0.336712,-0.648215,-0.257153,-0.941413,-0.218142,-0.682844,0.017273,0.730379,-0.000289,-0.000685,-0.000611,-0.004179,0.093523,-0.175485,-1.75087,-0.110039,0.028128,0.317033,0.798,0.400981,0.44989,-0.579949,0.713567,0.392958,-0.164452,-0.574996,0.801373,-0.014535,0.003994,0.005389,-0.022852,-0.043832,0.011375,-0.140795,0.039891,0.037679,-0.022116,-0.718485,-0.453923,0.527003,0.665721,-0.668272,0.332003,0.201478,0.589377,0.78233,-0.000765,0.003815,0.003413,-0.07311,-0.228195,0.170213,-0.259756,0.064417,0.022989,-0.061849,-0.553606,0.422993,-0.717353,-0.280053,-0.905791,-0.31798,-0.784276,0.024861,0.619912,-0.000161,-0.000385,-0.000341,-0.00408,0.093569,-0.175547,-0.763076
211,0.055671,-0.001286,0.356259,-0.682832,0.336957,-0.648264,-0.257291,-0.941325,-0.218356,-0.682959,0.017265,0.730271,0.013353,-0.0043,-0.002838,0.000984,-0.014715,0.029553,-1.430702,-0.110196,0.028394,0.317297,0.795497,0.412655,0.443725,-0.586561,0.707783,0.393604,-0.15263,-0.5739,0.804491,-0.001521,0.007628,0.006799,0.173649,-0.25382,0.08467,-0.243628,0.039808,0.03781,-0.021986,-0.715842,-0.46508,0.520836,0.67187,-0.661901,0.33238,0.190159,0.587866,0.78629,-0.000746,0.003733,0.003333,0.247476,-0.196023,-0.126164,-0.352832,0.064486,0.022956,-0.061886,-0.553435,0.423206,-0.71736,-0.280137,-0.905692,-0.318189,-0.784367,0.024862,0.619797,-0.000155,-0.000371,-0.000332,6.3e-05,2e-05,-4.2e-05,-0.674082
212,0.055808,-0.001273,0.356184,-0.679174,0.339992,-0.650517,-0.262494,-0.940115,-0.217374,-0.684626,0.022692,0.728559,0.013593,-0.003729,-0.002331,-0.040435,-0.17862,-0.056723,-1.170631,-0.110277,0.028543,0.317424,0.795749,0.417738,0.438485,-0.588276,0.70479,0.396403,-0.14444,-0.573912,0.805994,-0.001482,0.007441,0.006623,-0.016636,-0.076997,0.062798,-0.311739,0.039773,0.037883,-0.021924,-0.716054,-0.470651,0.515512,0.673818,-0.65891,0.334372,0.182304,0.58679,0.788949,-0.00164,0.009195,-0.000654,-0.231857,-0.738478,0.542703,-0.408024,0.064554,0.022962,-0.061925,-0.5495,0.426214,-0.718603,-0.285313,-0.904116,-0.318072,-0.785268,0.030246,0.618416,0.00747,0.003401,-0.005608,-0.021539,-0.272462,-0.086551,-0.590151
213,0.056304,-0.001004,0.355893,-0.669442,0.350125,-0.655213,-0.278114,-0.93592,-0.216053,-0.688044,0.037146,0.724736,0.016219,0.009903,-0.008452,0.009243,-0.152819,0.014654,-0.549573,-0.110505,0.028762,0.317617,0.794907,0.427692,0.430342,-0.592672,0.698687,0.400637,-0.130317,-0.574056,0.808295,-0.014183,0.002413,0.003939,-0.002609,0.013609,-0.028154,-0.477342,0.039658,0.037999,-0.021822,-0.715491,-0.480495,0.507144,0.678054,-0.652457,0.338441,0.168271,0.586023,0.792629,-0.007097,0.001224,0.00199,-0.003667,-0.011073,0.00278,-0.55319,0.064794,0.023084,-0.062068,-0.538288,0.435596,-0.721457,-0.300645,-0.898992,-0.318471,-0.78731,0.045474,0.614876,0.008059,0.004817,-0.00435,-0.001379,-0.171798,-0.027629,-0.456743
214,0.0572,-0.000489,0.355392,-0.656123,0.361452,-0.662496,-0.304974,-0.929932,-0.205403,-0.689508,0.066818,0.721209,0.031646,0.018088,-0.018453,-3.066162,0.70745,-0.441567,-0.156832,-0.110926,0.029053,0.317619,0.790888,0.442498,0.422708,-0.601429,0.689088,0.404197,-0.113414,-0.574458,0.810554,-0.015876,0.012994,-0.004332,0.036194,-0.009846,0.015251,-0.629565,0.039453,0.038136,-0.021816,-0.711204,-0.495042,0.499121,0.686434,-0.642196,0.341161,0.151645,0.585249,0.796546,-0.007896,0.006286,-0.002344,0.029778,-0.000932,-0.00125,-0.711745,0.065243,0.023343,-0.062317,-0.522423,0.446654,-0.726342,-0.326036,-0.891735,-0.313858,-0.787892,0.072847,0.611489,0.015701,0.008852,-0.009492,-3.655966,-1.4989,3.925585,-0.371179
215,0.05898,0.000315,0.354505,-0.629363,0.381868,-0.676849,-0.356877,-0.915666,-0.184844,-0.689576,0.124737,0.71341,0.061381,0.024815,-0.028846,-1.011253,-0.541167,-0.507031,0.049595,-0.111492,0.029618,0.317402,0.789302,0.452496,0.415019,-0.605767,0.683612,0.407007,-0.100528,-0.573224,0.813125,-0.01591,0.013322,-0.004046,0.036785,-0.008337,0.014122,-0.772357,0.039159,0.038425,-0.02193,-0.709672,-0.50493,0.491335,0.690629,-0.636437,0.343479,0.139272,0.583088,0.800381,-0.007942,0.00662,-0.00205,0.038498,-0.002435,0.011737,-0.738034,0.06612,0.023741,-0.062758,-0.494286,0.466936,-0.733247,-0.381406,-0.874458,-0.299751,-0.781159,0.131502,0.610324,0.030732,0.012478,-0.014417,-3.030901,0.651654,-0.409907,-0.31517
