frame,MLTx,MLTy,MLTz,MLTR1,MLTR2,MLTR3,MLTR4,MLTR5,MLTR6,MLTR7,MLTR8,MLTR9,MLTTVx,MLTTVy,MLTTVz,MLTRVx,MLTRVy,MLTRVz,MLGA,MRTx,MRTy,MRTz,MRTR1,MRTR2,MRTR3,MRTR4,MRTR5,MRTR6,MRTR7,MRTR8,MRTR9,MRTTVx,MRTTVy,MRTTVz,MRTRVx,MRTRVy,MRTRVz,MRGA,SLTx,SLTy,SLTz,SLTR1,SLTR2,SLTR3,SLTR4,SLTR5,SLTR6,SLTR7,SLTR8,SLTR9,SLTTVx,SLTTVy,SLTTVz,SLTRVx,SLTRVy,SLTRVz,SLGA,SRTx,SRTy,SRTz,SRTR1,SRTR2,SRTR3,SRTR4,SRTR5,SRTR6,SRTR7,SRTR8,SRTR9,SRTTVx,SRTTVy,SRTTVz,SRTRVx,SRTRVy,SRTRVz,SRGA
655,0.100289,0.010916,0.376482,-0.638756,-0.520979,-0.566232,-0.033841,-0.716205,0.697049,-0.767894,0.465051,0.440561,-0.001897,-0.007034,-0.004792,-0.0,-0.0,-0.0,0.450121,-0.170461,0.039107,0.337992,0.55726,-0.611578,0.561626,0.312555,0.781035,0.540581,-0.769944,-0.124941,0.625651,-0.012607,-0.001804,-0.000289,-0.426258,-1.852392,1.963095,-1.406902,0.034443,0.040617,-0.007756,-0.389118,0.711833,0.584705,-0.438171,-0.70135,0.562239,0.810304,-0.037424,0.584813,-0.0063,-0.001108,-0.000284,-0.001351,0.01516,-0.032278,-0.832743,0.065645,0.030221,-0.051565,-0.62382,-0.564191,-0.540865,0.109299,-0.748201,0.654406,-0.773887,0.349116,0.528409,-0.001215,-0.004502,-0.003063,-0.001026,0.013454,-0.02554,0.082769
656,0.100289,0.010916,0.376482,-0.638756,-0.520979,-0.566232,-0.033841,-0.716205,0.697049,-0.767894,0.465051,0.440561,-0.001897,-0.007034,-0.004792,-0.0,-0.0,-0.0,0.450121,-0.170461,0.039107,0.337992,0.55726,-0.611578,0.561626,0.312555,0.781035,0.540581,-0.769944,-0.124941,0.625651,-0.012607,-0.001804,-0.000289,-0.426258,-1.852392,1.963095,-1.406902,0.034382,0.0406,-0.007757,-0.389812,0.713045,0.582762,-0.438389,-0.700201,0.563499,0.809852,-0.035818,0.585538,-0.006303,-0.001064,-0.000254,-0.004117,0.031907,-0.055373,-0.836989,0.065645,0.030221,-0.051565,-0.62382,-0.564191,-0.540865,0.109299,-0.748201,0.654406,-0.773887,0.349116,0.528409,-0.001215,-0.004502,-0.003063,-0.001026,0.013454,-0.02554,0.082769
657,0.099898,0.010222,0.376007,-0.65137,-0.507494,-0.564103,-0.037985,-0.720722,0.692163,-0.757023,0.47291,0.450889,-0.004694,-0.017323,-0.011888,0.04186,1.677465,-2.304543,0.503617,-0.170792,0.039013,0.337952,0.556838,-0.614651,0.558684,0.312732,0.778156,0.544616,-0.770178,-0.127776,0.62479,-0.012606,-0.002361,-0.000686,-0.027796,0.043784,-0.007933,-1.406658,0.034278,0.040574,-0.007773,-0.388827,0.716355,0.579351,-0.437785,-0.696964,0.567964,0.810652,-0.032791,0.584608,-0.006298,-0.001504,-0.000569,-0.015648,0.059574,-0.036571,-0.844337,0.065447,0.029868,-0.051806,-0.63694,-0.552309,-0.53783,0.104688,-0.753158,0.649455,-0.763771,0.35736,0.537536,-0.002427,-0.009069,-0.006213,0.123258,1.729648,-2.282278,0.440866
658,0.099662,0.009592,0.375707,-0.658926,-0.502741,-0.559566,-0.032397,-0.724249,0.688756,-0.750714,0.472589,0.461643,-0.003246,-0.011946,-0.008243,0.453576,0.459063,0.186574,0.52002,-0.170963,0.038959,0.337892,0.556573,-0.618445,0.554746,0.313629,0.774624,0.549116,-0.770004,-0.130865,0.624365,1.4e-05,-0.001374,-0.000976,-0.001657,0.00169,0.001482,-1.407209,0.034187,0.040544,-0.007805,-0.388008,0.720015,0.575349,-0.437821,-0.693317,0.572384,0.811025,-0.02981,0.58425,-0.000429,0.004945,-0.004377,0.050765,-0.015174,0.007042,-0.846949,0.065326,0.029541,-0.051964,-0.643958,-0.549849,-0.531961,0.110185,-0.754725,0.646721,-0.757084,0.357847,0.546596,-0.001641,-0.006051,-0.004172,0.007337,0.052308,-0.033104,0.498017
659,0.099545,0.009293,0.375709,-0.658388,-0.499193,-0.563363,-0.034259,-0.727836,0.684874,-0.751104,0.470831,0.462805,-0.003017,-0.018656,0.003375,0.099588,0.162488,0.020868,0.520894,-0.171031,0.038932,0.337843,0.555495,-0.621123,0.552831,0.313939,0.772199,0.552345,-0.770655,-0.132493,0.623218,3e-05,-0.002985,-0.002121,-0.015282,0.031052,-0.012678,-1.407263,0.034154,0.040534,-0.007827,-0.38642,0.722442,0.573371,-0.437363,-0.690851,0.575706,0.812029,-0.028307,0.582928,1.1e-05,-0.000921,-0.000652,0.013548,0.002802,-0.002639,-0.847929,0.065267,0.029389,-0.051971,-0.645424,-0.54489,-0.535278,0.109108,-0.759369,0.641446,-0.755991,0.355601,0.549567,-0.001434,-0.009066,0.001872,0.126358,0.180042,0.05321,0.508141
660,0.099333,0.008665,0.376007,-0.665582,-0.486404,-0.566088,-0.044254,-0.731454,0.680432,-0.744208,0.478538,0.466029,-0.001269,-0.012221,0.007827,0.033134,0.083319,0.01497,0.520655,-0.171117,0.038854,0.337758,0.553276,-0.626347,0.54915,0.314397,0.767403,0.558732,-0.772062,-0.135698,0.620782,2.3e-05,-0.002365,-0.001682,-0.058386,0.064958,0.048446,-1.407503,0.03411,0.040492,-0.007871,-0.383436,0.727034,0.569558,-0.436452,-0.68613,0.582009,0.813932,-0.025422,0.580403,1.4e-05,-0.001207,-0.000855,-0.03659,0.053977,0.03829,-0.851195,0.065159,0.029069,-0.051826,-0.654402,-0.532786,-0.53656,0.099234,-0.763972,0.637571,-0.749607,0.363983,0.552815,-0.000985,-0.011166,0.008559,-0.009422,0.100169,-0.002755,0.51451
661,0.098969,0.008153,0.376641,-0.669306,-0.483511,-0.564174,-0.04328,-0.732679,0.679176,-0.740918,0.479593,0.470169,-0.014082,-0.016537,0.021109,-0.03473,0.083531,-0.045974,0.521904,-0.171153,0.03872,0.33769,0.549463,-0.629256,0.549653,0.318576,0.765845,0.558501,-0.773067,-0.130982,0.620544,-0.012605,-0.004003,-0.00186,-0.001995,0.015278,-0.029169,-1.408225,0.034098,0.04043,-0.007903,-0.379155,0.729095,0.569789,-0.440476,-0.683736,0.581794,0.81377,-0.030389,0.580391,1.6e-05,-0.001602,-0.001137,0.002285,-0.000936,-0.001348,-0.851358,0.064988,0.028822,-0.051515,-0.658296,-0.530352,-0.534202,0.100278,-0.765118,0.636032,-0.746049,0.365129,0.556857,1.9e-05,-0.003679,0.005608,-0.01438,-0.047519,0.175231,0.516469
662,0.098649,0.007787,0.377255,-0.672288,-0.476859,-0.566285,-0.044065,-0.737826,0.673531,-0.738166,0.47835,0.47573,0.000247,-0.006664,0.011688,0.035656,0.072036,0.041156,0.522829,-0.171388,0.038565,0.33761,0.51551,-0.657019,0.550061,0.342381,0.746297,0.570745,-0.786133,-0.105072,0.608948,-0.012612,-0.004169,-0.001982,-0.424269,0.677226,0.455772,-1.408767,0.03398,0.04035,-0.007944,-0.342502,0.748388,0.567984,-0.459481,-0.660747,0.59354,0.819492,-0.05769,0.570177,7e-06,-0.001274,-0.0009,0.133077,0.366935,0.61432,-0.847929,0.064819,0.028635,-0.051198,-0.662164,-0.524063,-0.535626,0.09959,-0.769983,0.630243,-0.742711,0.363981,0.562047,-0.006521,-0.002533,0.006384,0.021725,0.006481,0.157423,0.518919
663,0.098468,0.007698,0.377499,-0.670338,-0.471991,-0.57264,-0.047686,-0.742706,0.667896,-0.739713,0.475607,0.476077,-0.012722,-0.003982,0.013505,0.124306,-0.325665,0.691397,0.523255,-0.171522,0.038564,0.337584,0.501643,-0.66677,0.551146,0.349299,0.738883,0.576174,-0.792024,-0.095685,0.602831,4e-06,-0.000466,-0.000332,-0.333314,0.372137,0.277432,-1.408736,0.033908,0.040342,-0.007962,-0.325507,0.755574,0.568464,-0.464062,-0.651478,0.600185,0.823827,-0.068438,0.562694,-0.006324,-0.000416,0.000206,-0.496063,0.520159,0.340792,-0.846133,0.064734,0.028591,-0.051076,-0.661553,-0.519121,-0.541164,0.096414,-0.774542,0.62513,-0.743673,0.361381,0.562451,-0.005847,0.003584,0.002471,0.364876,-1.343025,2.374178,0.519572
664,0.098132,0.007632,0.377942,-0.667019,-0.468674,-0.579202,-0.052418,-0.74597,0.663892,-0.74239,0.473769,0.473737,-0.01264,-0.003689,0.013705,-0.029139,-0.070155,0.15761,0.523744,-0.171771,0.038801,0.33757,0.494503,-0.673823,0.549019,0.353685,0.732888,0.581133,-0.794557,-0.092349,0.600011,-2.7e-05,0.003619,0.002578,-0.003573,-0.010097,0.02831,-1.408658,0.033784,0.040458,-0.007971,-0.315886,0.761489,0.565994,-0.466797,-0.644079,0.606021,0.826024,-0.07277,0.558916,-0.006331,0.001163,0.001328,0.025953,0.001649,-0.04343,-0.838785,0.064566,0.02856,-0.050853,-0.65891,-0.514863,-0.548409,0.091225,-0.778365,0.621148,-0.746669,0.359252,0.559841,0.000442,0.001635,0.001133,-0.002345,0.001816,-0.006629,0.521531
665,0.097947,0.007416,0.378183,-0.663782,-0.46519,-0.585694,-0.057202,-0.749228,0.659816,-0.744935,0.472052,0.47145,-0.001385,-0.012561,0.007626,-0.035745,0.029681,-0.042246,0.523719,-0.172162,0.039048,0.337563,0.49145,-0.682858,0.54053,0.355084,0.723728,0.591665,-0.795824,-0.097985,0.597434,-0.012647,0.002117,0.00249,-0.14293,0.167169,0.092528,-1.409183,0.033593,0.040587,-0.007971,-0.312107,0.769546,0.557124,-0.465809,-0.635047,0.616228,0.828016,-0.067184,0.556663,-0.006751,0.007039,-0.002391,-0.15824,0.18049,0.169089,-0.842214,0.064471,0.028464,-0.050724,-0.656607,-0.510661,-0.55506,0.086427,-0.782021,0.617228,-0.749264,0.357304,0.557616,-0.00057,-0.005818,0.004134,-0.029377,-0.069236,0.156502,0.521858
666,0.097922,0.007305,0.378229,-0.661856,-0.463137,-0.589488,-0.05986,-0.751214,0.657317,-0.746439,0.470908,0.470213,-0.014256,-0.009507,0.009696,-0.035875,0.031539,-0.046022,0.523407,-0.172446,0.03922,0.337553,0.488917,-0.68801,0.536278,0.355596,0.718455,0.597753,-0.797151,-0.100691,0.595209,-0.0135,0.015174,-0.004021,-0.199507,0.250041,0.208998,-1.408981,0.033456,0.040665,-0.007976,-0.30971,0.773736,0.55264,-0.465296,-0.630201,0.621566,0.829203,-0.064636,0.555196,-0.013061,0.007252,-0.001748,-0.425911,0.36023,0.450067,-0.84499,0.064462,0.028403,-0.050705,-0.655265,-0.508227,-0.558866,0.083815,-0.784177,0.61485,-0.750734,0.356048,0.556441,-0.00031,-0.001106,-0.000762,0.00568,-0.086642,0.174106,0.521041
667,0.097888,0.007222,0.378172,-0.663425,-0.458365,-0.591451,-0.059968,-0.755345,0.652557,-0.745036,0.468957,0.474371,0.000177,0.008195,-0.010639,0.089658,-0.057078,0.216839,0.523135,-0.173183,0.039797,0.337534,0.479887,-0.701201,0.527273,0.356031,0.704829,0.613509,-0.802419,-0.105811,0.58719,-0.026081,0.01781,-0.001184,-0.355326,0.380325,0.358214,-1.409133,0.033088,0.040953,-0.007986,-0.298653,0.784737,0.543133,-0.461815,-0.61687,0.637336,0.835184,-0.060484,0.546633,-0.006735,0.00913,-0.000908,-0.571501,0.413713,0.61852,-0.843194,0.06444,0.028353,-0.050728,-0.657737,-0.503613,-0.560138,0.084062,-0.788062,0.609827,-0.748541,0.35402,0.560673,-0.000373,-0.001346,-0.000927,0.03099,0.038609,0.019731,0.520061
668,0.098014,0.007173,0.378016,-0.663452,-0.455135,-0.59391,-0.060893,-0.758294,0.649042,-0.744937,0.467336,0.476123,0.000569,0.009617,-0.009657,0.044381,-0.007354,0.020863,0.521957,-0.174226,0.040735,0.337307,0.466188,-0.720164,0.513832,0.346388,0.682916,0.643098,-0.81461,-0.120916,0.567144,-0.026813,0.028526,-0.009352,-0.885158,0.327788,0.488344,-1.408578,0.032576,0.041411,-0.00809,-0.282113,0.800385,0.528957,-0.447718,-0.597468,0.665266,0.848504,-0.049143,0.5269,-0.019602,0.014316,-0.004321,-3.312523,-3.236956,-2.374591,-0.838458,0.064501,0.028323,-0.050809,-0.658316,-0.500191,-0.562518,0.083019,-0.79098,0.606182,-0.748148,0.352359,0.562241,0.006431,-0.00156,-0.001059,-0.014378,-0.022768,0.027596,0.519245
669,0.09829,0.007414,0.377889,-0.664229,-0.452927,-0.594728,-0.060352,-0.760508,0.646496,-0.744288,0.465874,0.478564,0.00182,0.014165,-0.006514,0.037088,-0.014619,0.017494,0.522197,-0.175444,0.041883,0.336699,0.492157,-0.716834,0.493885,0.315463,0.675546,0.666374,-0.811924,-0.171257,0.557954,-0.027521,0.033304,-0.021659,-2.99358,-3.505132,-2.454126,-1.408976,0.031968,0.041991,-0.008379,-0.304172,0.804358,0.510379,-0.416833,-0.594134,0.687934,0.856579,-0.003492,0.516002,-0.013363,0.010447,-0.00733,-0.409958,0.210619,0.609147,-0.826375,0.064638,0.028444,-0.050878,-0.65934,-0.498095,-0.563178,0.083523,-0.792952,0.603531,-0.74719,0.350895,0.564428,0.000976,0.007312,-0.003102,0.021787,-0.026103,0.013117,0.519082
670,0.098494,0.007612,0.377831,-0.663837,-0.452588,-0.595424,-0.060512,-0.761042,0.645852,-0.744625,0.46533,0.478568,0.015501,0.014099,-0.006527,0.03676,-0.044371,0.071812,0.522439,-0.175969,0.042507,0.336271,0.516216,-0.705609,0.485416,0.290611,0.677344,0.675784,-0.806266,-0.206895,0.554069,-0.014927,0.032611,-0.023074,-3.13291,-3.547566,-2.387886,-1.40882,0.03169,0.042314,-0.008602,-0.33084,0.79835,0.503171,-0.392897,-0.601316,0.695737,0.858007,0.032484,0.512609,-0.014136,0.021475,-0.015215,-0.175201,-0.439929,0.155856,-0.826702,0.064734,0.028537,-0.050906,-0.659,-0.497773,-0.563862,0.083319,-0.793373,0.603006,-0.747514,0.350401,0.564307,0.007335,0.001747,0.001218,-0.000294,-0.029763,0.054328,0.518918
671,0.099098,0.008239,0.377543,-0.658326,-0.460428,-0.595532,-0.050602,-0.762305,0.645215,-0.750236,0.455466,0.479294,0.028746,0.012643,-0.007511,0.006918,0.082405,-0.1351,0.520949,-0.176971,0.043838,0.335105,0.588635,-0.664523,0.460336,0.221783,0.680224,0.6986,-0.778092,-0.308287,0.547171,-0.014928,0.023571,-0.029393,-1.300045,-0.886266,0.065312,-1.408992,0.03119,0.042991,-0.009177,-0.41542,0.771144,0.482454,-0.322542,-0.620799,0.714544,0.850524,0.141224,0.506619,-0.013989,0.016775,-0.018624,-2.819664,-3.872666,-2.540374,-0.834376,0.065032,0.028855,-0.051046,-0.652568,-0.504848,-0.56505,0.09315,-0.793508,0.601388,-0.751982,0.339812,0.564845,0.008094,0.008338,-0.002388,-0.078384,0.435308,-0.701985,0.518102
672,0.09994,0.009291,0.377145,-0.661896,-0.47083,-0.583316,-0.03721,-0.756583,0.652816,-0.747872,0.454384,0.483993,0.032168,0.040753,-0.020715,0.099342,-0.067032,0.096812,0.517333,-0.177382,0.045057,0.333606,0.671664,-0.592333,0.444971,0.134661,0.688096,0.712968,-0.729328,-0.418204,0.54134,-0.003173,0.033748,-0.038725,-1.060356,-1.152685,-0.297216,-1.408765,0.03098,0.043586,-0.009931,-0.511158,0.718298,0.471979,-0.237913,-0.645932,0.725374,0.825902,0.258491,0.501066,-0.001444,0.016398,-0.019755,-2.957871,-4.018533,-2.751424,-0.843357,0.06545,0.029364,-0.051245,-0.653964,-0.516396,-0.55287,0.106606,-0.786412,0.608432,-0.748976,0.338954,0.569336,0.008813,0.011115,-0.000501,-0.000143,0.177262,-0.320755,0.515163
673,0.100415,0.009958,0.376944,-0.666411,-0.482344,-0.568582,-0.022946,-0.748976,0.662178,-0.744426,0.454926,0.488773,0.019608,0.044962,-0.017865,0.001335,0.444072,-0.775198,0.515694,-0.177484,0.045733,0.332796,0.720986,-0.535929,0.439261,0.078524,0.692871,0.716726,-0.689358,-0.481576,0.541048,-0.003195,0.03097,-0.040656,-2.964669,-4.181068,-2.860634,-1.408933,0.030929,0.043927,-0.010333,-0.568468,0.675878,0.469075,-0.187236,-0.661486,0.726208,0.801115,0.324999,0.502583,-0.001597,0.015511,-0.020277,-0.768777,-1.745633,-1.012557,-0.846623,0.065693,0.029697,-0.051345,-0.655536,-0.528589,-0.539319,0.120232,-0.778121,0.616499,-0.745531,0.339294,0.573639,0.01619,0.016984,-0.004593,-0.258961,1.4276,-2.357387,0.513367
674,0.101528,0.011413,0.376624,-0.671836,-0.488786,-0.556569,-0.013361,-0.743298,0.668806,-0.739767,0.45737,0.493544,0.045899,0.034747,-0.008731,0.059962,0.025427,-0.067125,0.518461,-0.177589,0.04684,0.330771,0.801624,-0.415024,0.430285,-0.018261,0.70226,0.711639,-0.598515,-0.577793,0.554795,0.00843,0.030044,-0.057939,0.314709,-0.778322,-0.520531,-1.409228,0.030872,0.04449,-0.011332,-0.6745,0.573216,0.465265,-0.090387,-0.689582,0.718544,0.73272,0.442604,0.516935,-0.002053,0.014259,-0.029012,-0.206133,-1.760921,-1.265541,-0.85838,0.06624,0.030429,-0.051508,-0.659315,-0.536572,-0.526681,0.130039,-0.77132,0.623019,-0.740535,0.342277,0.578319,0.010143,0.020182,-0.002467,0.028751,0.245488,-0.46278,0.514346
675,0.102988,0.012721,0.376429,-0.674681,-0.492072,-0.550196,-0.007884,-0.740573,0.671908,-0.737251,0.45827,0.496463,0.044497,0.022822,-0.000802,-0.28821,1.363006,-2.172366,0.513301,-0.177425,0.048141,0.328452,0.851502,-0.309361,0.423357,-0.096677,0.700751,0.706778,-0.516378,-0.642352,0.566216,0.00845,0.032549,-0.056104,-0.527563,-1.26116,-0.907809,-1.408864,0.030953,0.045123,-0.012503,-0.746224,0.479222,0.462054,-0.01457,-0.705686,0.708374,0.665534,0.521874,0.533582,0.003882,0.021229,-0.0322,-2.229758,-4.049605,-3.141325,-0.865728,0.066973,0.031097,-0.051602,-0.660398,-0.53915,-0.522676,0.134118,-0.769548,0.624345,-0.73884,0.342216,0.580518,0.022255,0.011403,-0.000427,0.039488,-0.087666,0.157573,0.514836
676,0.104643,0.013535,0.376379,-0.672983,-0.496866,-0.547962,-0.0018,-0.739737,0.672873,-0.738841,0.454434,0.497625,0.043243,0.011211,0.007347,0.004511,-0.070499,0.139895,0.491898,-0.177104,0.049745,0.326071,0.886595,-0.18814,0.422544,-0.190436,0.683812,0.704322,-0.422558,-0.704668,0.56987,0.007673,0.044884,-0.062777,-2.357699,-4.312198,-3.395791,-1.407795,0.031113,0.045919,-0.013691,-0.80385,0.371945,0.464198,0.077509,-0.708238,0.701705,0.589759,0.600046,0.540488,0.003859,0.022663,-0.03125,-0.553769,-1.218512,-1.152205,-0.870953,0.067801,0.031508,-0.05163,-0.658794,-0.545228,-0.518378,0.141561,-0.766567,0.626366,-0.738884,0.339264,0.582192,0.021949,0.010662,-0.000977,0.040474,-0.091213,0.162488,0.495078
677,0.105556,0.013815,0.376429,-0.674197,-0.497745,-0.545666,-0.000564,-0.738494,0.674239,-0.737735,0.455494,0.498296,0.042875,0.01015,0.006589,0.004509,-0.070512,0.139885,0.483912,-0.177029,0.050654,0.324843,0.898419,-0.127137,0.420322,-0.234646,0.669823,0.704423,-0.372222,-0.731322,0.571386,-0.004809,0.046019,-0.060904,-0.510983,-1.079184,-1.078993,-1.407137,0.031152,0.046354,-0.014284,-0.828635,0.314425,0.46314,0.124026,-0.703666,0.699621,0.545875,0.637173,0.544086,0.003874,0.02306,-0.03095,0.141825,-0.054078,-0.211201,-0.870463,0.068257,0.031649,-0.051604,-0.659696,-0.546351,-0.516042,0.142762,-0.765254,0.627697,-0.737847,0.340419,0.582834,0.021357,0.004748,0.003052,0.005595,-0.074877,0.14623,0.481851
678,0.107431,0.014096,0.376556,-0.674888,-0.490752,-0.55112,-0.008707,-0.741515,0.670858,-0.737053,0.45816,0.49686,0.054505,0.003697,0.00216,0.004716,-0.072046,0.143826,0.467844,-0.176909,0.052307,0.322639,0.906146,-0.086254,0.414065,-0.260535,0.657088,0.707312,-0.334218,-0.748686,0.57239,-0.004791,0.049046,-0.058507,-0.14096,-0.260653,-0.117277,-1.407236,0.031213,0.047213,-0.015434,-0.846739,0.270957,0.457836,0.156135,-0.69612,0.70074,0.508581,0.664829,0.547126,-0.002355,0.02464,-0.029192,-0.115864,-0.263526,-0.12613,-0.865401,0.069176,0.031794,-0.051537,-0.66167,-0.539238,-0.520973,0.134751,-0.769029,0.624847,-0.737586,0.343242,0.581507,0.027338,0.002189,0.001274,0.006099,-0.085593,0.17047,0.464053
679,0.109419,0.014331,0.376554,-0.680907,-0.475999,-0.556628,-0.020174,-0.747565,0.663861,-0.731269,0.463847,0.500119,0.054729,0.012983,-0.007703,0.074207,-0.052227,0.17807,0.437869,-0.176888,0.053913,0.320676,0.912511,0.045635,0.406489,-0.348992,0.604757,0.715827,-0.214303,-0.795104,0.567228,-0.004767,0.052823,-0.055513,-2.480371,-5.818759,-0.979941,-1.406394,0.031223,0.048015,-0.016415,-0.879924,0.143978,0.452773,0.253358,-0.663982,0.703517,0.401924,0.733755,0.547776,-0.002416,0.02648,-0.027575,-2.577367,-5.776215,-0.938489,-0.850542,0.070205,0.031913,-0.051537,-0.669931,-0.524757,-0.525186,0.123534,-0.776324,0.618109,-0.732073,0.349212,0.584909,0.027335,0.006375,-0.003961,0.038221,-0.075749,0.170396,0.430415
680,0.110429,0.014519,0.376444,-0.682656,-0.471242,-0.558531,-0.020199,-0.751881,0.658968,-0.729636,0.461713,0.50446,0.054207,0.011177,-0.008921,0.157552,0.035962,0.220958,0.417052,-0.176932,0.054626,0.319746,0.912126,0.076806,0.402639,-0.36733,0.588538,0.720157,-0.182799,-0.804857,0.564493,-0.003224,0.027689,-0.042621,-0.410284,0.321586,0.322515,-1.406549,0.031202,0.048366,-0.016861,-0.886902,0.110624,0.448514,0.275735,-0.652211,0.706109,0.370638,0.749922,0.547945,-0.001561,0.013716,-0.021445,-0.134047,-0.266578,-0.183156,-0.854461,0.070691,0.032005,-0.051588,-0.672261,-0.520372,-0.526571,0.123661,-0.78022,0.613159,-0.729912,0.347086,0.588861,0.027046,0.00533,-0.004664,0.165589,0.051072,0.230138,0.408697
681,0.112435,0.015126,0.375895,-0.690545,-0.460094,-0.558127,-0.016079,-0.761699,0.647709,-0.722276,0.456816,0.519291,0.054115,0.019287,-0.019511,0.39047,0.231763,0.341815,0.346568,-0.1774,0.055537,0.318379,0.909605,0.117669,0.398451,-0.391709,0.561848,0.728578,-0.139278,-0.818928,0.556616,-0.014832,0.022934,-0.029333,-2.425459,-3.785635,-2.859102,-1.406523,0.030979,0.048805,-0.017547,-0.892435,0.076688,0.44461,0.301423,-0.631916,0.71402,0.335713,0.771233,0.540829,-0.007372,0.01198,-0.014295,-0.636101,0.066256,0.101446,-0.851848,0.071693,0.032304,-0.051859,-0.680814,-0.510747,-0.525003,0.127712,-0.788567,0.601539,-0.721235,0.342488,0.602096,0.02697,0.009209,-0.010074,0.524907,0.36081,0.367595,0.339952
682,0.11475,0.015946,0.374829,-0.695314,-0.449122,-0.561135,-0.013735,-0.772314,0.635071,-0.717734,0.449836,0.531537,0.066297,0.023129,-0.032968,0.254664,0.03383,0.275191,0.186524,-0.17796,0.056396,0.317184,0.908162,0.17291,0.381228,-0.411665,0.532823,0.739301,-0.076434,-0.828546,0.554557,-0.014873,0.016875,-0.033913,-1.897829,-5.727794,-0.910552,-1.406871,0.030694,0.049264,-0.01814,-0.902336,0.024021,0.430361,0.32895,-0.606816,0.723578,0.278531,0.794479,0.539651,-0.007015,0.003105,-0.013071,0.065311,0.032558,-0.048744,-0.850215,0.072871,0.032724,-0.052398,-0.687725,-0.499485,-0.526828,0.130215,-0.798789,0.587348,-0.714197,0.335334,0.614388,0.033112,0.011338,-0.01667,0.210941,0.004249,0.265737,0.186296
683,0.116068,0.016504,0.374088,-0.691707,-0.452892,-0.562561,-0.003061,-0.777134,0.629305,-0.721335,0.437576,0.53687,0.066177,0.023167,-0.032939,1.216412,-0.879276,-0.771576,0.051428,-0.178345,0.056459,0.316663,0.906992,0.188802,0.376445,-0.41652,0.532631,0.736716,-0.062552,-0.825214,0.561224,-0.026576,0.004202,-0.026723,0.517263,-0.371004,-0.432389,-1.407258,0.030505,0.049297,-0.018405,-0.906135,0.004945,0.422957,0.334003,-0.605176,0.722635,0.259538,0.796075,0.54672,-0.007038,0.002104,-0.013843,0.182325,-0.187559,0.018686,-0.852991,0.073504,0.032991,-0.052758,-0.684399,-0.501975,-0.528789,0.139148,-0.801852,0.581094,-0.715706,0.32412,0.618635,0.039721,0.015735,-0.021763,3.482753,-3.295137,-2.78823,0.047009
684,0.118745,0.017867,0.37265,-0.689995,-0.455587,-0.562489,0.010716,-0.783462,0.621324,-0.7229,0.423246,0.546174,0.067276,0.029725,-0.028635,0.31706,0.18817,0.16439,-0.183748,-0.178893,0.056348,0.315997,0.899785,0.231028,0.37014,-0.43507,0.536425,0.723116,-0.032623,-0.811962,0.58268,-0.000152,-0.011989,-0.009203,0.601053,-0.637632,-0.337372,-1.407686,0.030222,0.049232,-0.018757,-0.908041,-0.039235,0.417037,0.35101,-0.61458,0.706457,0.228585,0.787877,0.571837,-5.4e-05,-0.005805,-0.004455,0.673482,-0.669512,-0.375657,-0.846786,0.07484,0.033659,-0.053485,-0.68121,-0.505855,-0.529208,0.154094,-0.805757,0.571847,-0.715686,0.308,0.62684,0.033936,0.020043,-0.018866,0.470403,0.170875,0.399522,-0.225523
685,0.121197,0.019295,0.37146,-0.695843,-0.4519,-0.558242,0.016869,-0.787355,0.616246,-0.717154,0.419952,0.5562,0.054996,0.035623,-0.024632,0.238411,0.120384,0.094144,-0.381822,-0.178949,0.055693,0.315485,0.895565,0.284822,0.341807,-0.444776,0.564284,0.69548,0.004086,-0.775221,0.631569,-0.000268,-0.020436,-0.015784,1.089235,-3.011934,1.437657,-1.408382,0.030194,0.048921,-0.019001,-0.916238,-0.09211,0.389901,0.353458,-0.644021,0.678456,0.188612,0.759441,0.622634,-0.000139,-0.010418,-0.008047,1.210359,-3.064268,1.373222,-0.847276,0.07607,0.03437,-0.054083,-0.687457,-0.502699,-0.524114,0.160371,-0.808964,0.565558,-0.708296,0.304744,0.636746,0.033983,0.017263,-0.012791,0.260648,0.128451,0.139162,-0.410042
686,0.123154,0.020839,0.370624,-0.701711,-0.441964,-0.558851,0.02063,-0.796667,0.604042,-0.711313,0.41288,0.56885,0.04235,0.031469,-0.011473,0.244026,0.183754,0.097933,-0.491449,-0.178672,0.054292,0.315125,0.885204,0.355121,0.300491,-0.462208,0.599951,0.65296,0.050485,-0.71733,0.694804,0.013724,-0.045948,-0.004525,1.501687,-3.963989,1.35385,-1.408702,0.030333,0.048215,-0.019184,-0.922971,-0.162215,0.349011,0.360374,-0.682593,0.635763,0.135103,0.712566,0.688473,0.00684,-0.023081,-0.002359,1.715819,-4.057109,1.268121,-0.850705,0.077054,0.035144,-0.054506,-0.694448,-0.493482,-0.523657,0.164134,-0.817218,0.552461,-0.700572,0.297705,0.648513,0.021437,0.020918,-0.01025,0.307067,0.117177,0.281577,-0.521896
687,0.123954,0.021431,0.370373,-0.707904,-0.438593,-0.553673,0.025005,-0.798965,0.600835,-0.705009,0.41203,0.577253,0.041176,0.018084,-0.004486,0.433138,0.462487,0.185364,-0.551548,-0.178334,0.053339,0.315059,0.879259,0.397382,0.262648,-0.468956,0.626419,0.622586,0.081769,-0.671077,0.736772,0.013796,-0.044981,-0.003826,2.205049,-2.78093,-0.378712,-1.408764,0.030491,0.047774,-0.01922,-0.928028,-0.200739,0.313791,0.358869,-0.707641,0.60865,0.099872,0.677455,0.728751,0.013142,-0.022903,-0.002744,1.699709,-4.48891,1.407886,-0.852828,0.077445,0.035441,-0.054625,-0.699167,-0.492449,-0.518322,0.167953,-0.81781,0.550434,-0.69495,0.297792,0.654494,0.020528,0.008659,-0.00252,0.107974,0.114658,0.017776,-0.562882
688,0.125224,0.021971,0.370211,-0.712736,-0.430227,-0.554037,0.026035,-0.805543,0.591941,-0.700086,0.408005,0.586037,0.026909,0.004342,0.002435,0.4211,0.42167,0.326791,-0.684074,-0.177669,0.050968,0.31528,0.86403,0.466183,0.190044,-0.486223,0.675425,0.554367,0.128986,-0.571978,0.80998,0.003589,-0.080754,0.017692,2.787313,-0.580813,-1.651924,-1.409018,0.030834,0.046548,-0.019111,-0.93139,-0.275969,0.237385,0.362554,-0.761721,0.536967,0.032635,0.586191,0.809514,0.001781,-0.040391,0.00881,2.731348,-0.5829,-1.654701,-0.859359,0.078088,0.035732,-0.05471,-0.704961,-0.48462,-0.517852,0.168918,-0.823859,0.541038,-0.688836,0.293936,0.66265,0.013521,0.00248,0.001392,0.021185,-0.003838,0.111673,-0.660203
689,0.125992,0.021925,0.370322,-0.717896,-0.422061,-0.553656,0.026339,-0.811204,0.584146,-0.694782,0.405295,0.594173,0.012994,-0.000178,-0.000302,0.184024,0.18972,0.136058,-0.729498,-0.177679,0.047583,0.315908,0.880172,0.453207,0.141037,-0.462119,0.750961,0.471632,0.106724,-0.480865,0.870196,0.003482,-0.088483,0.011635,2.86704,0.816348,0.647233,-1.408215,0.030828,0.044901,-0.018792,-0.946136,-0.263066,0.188736,0.321714,-0.82942,0.456685,0.036403,0.492805,0.869377,0.002065,-0.050677,0.008903,3.177861,0.572106,5.033273,-0.860666,0.078483,0.03572,-0.054654,-0.712088,-0.476061,-0.516037,0.169649,-0.829893,0.531502,-0.681284,0.290932,0.671721,0.006501,-7.1e-05,-0.000154,0.279091,0.28741,0.184134,-0.728132
690,0.12612,0.021804,0.370382,-0.72371,-0.41514,-0.551314,0.028032,-0.815905,0.577482,-0.688658,0.402988,0.602809,-0.00034,-0.001794,-0.001155,0.55929,0.639515,0.300408,-0.730674,-0.177728,0.045623,0.316154,0.901645,0.414812,0.122306,-0.424471,0.795356,0.432627,0.081045,-0.442517,0.893014,0.004157,-0.105558,0.014442,2.493244,1.016137,1.242976,-1.408219,0.030804,0.043931,-0.018667,-0.959911,-0.222299,0.170743,0.274961,-0.865128,0.419463,0.054469,0.449595,0.891569,-0.004828,-0.048012,0.003306,2.54783,0.389397,6.171197,-0.856094,0.078557,0.035658,-0.054619,-0.717084,-0.471232,-0.513547,0.170875,-0.833184,0.525933,-0.675716,0.289386,0.677984,0.006271,-0.001273,-0.000923,0.206039,0.223965,0.157491,-0.738746
691,0.125998,0.021575,0.370342,-0.73331,-0.406712,-0.544874,0.037563,-0.824412,0.564717,-0.677968,0.394147,0.620512,-0.001081,-0.00569,-0.003671,0.462236,0.615408,0.096002,-0.718182,-0.178128,0.040987,0.31663,0.951129,0.29785,0.081422,-0.306085,0.875836,0.373037,0.038597,-0.380109,0.924062,-0.021149,-0.128214,0.014682,2.143149,1.346352,1.363407,-1.407756,0.030616,0.041673,-0.018432,-0.98589,-0.102037,0.132696,0.144667,-0.918186,0.368788,0.08421,0.382782,0.919992,-0.010558,-0.064366,0.007122,1.32179,-1.49028,1.34661,-0.856257,0.078501,0.035539,-0.054636,-0.727228,-0.463963,-0.505841,0.180175,-0.840144,0.511559,-0.662325,0.28088,0.694572,-0.000632,-0.003327,-0.002147,0.142513,0.201851,0.08315,-0.744298
692,0.125612,0.021373,0.370158,-0.737411,-0.405883,-0.539935,0.046183,-0.827794,0.559102,-0.67297,0.387853,0.629848,-0.014097,-0.005468,-0.003355,0.03847,0.058407,-0.006826,-0.602026,-0.178549,0.036531,0.316853,0.973584,0.226934,0.025004,-0.222518,0.919432,0.324136,0.049338,-0.321431,0.945574,0.002254,-0.090497,-0.007136,1.963151,1.150785,0.522137,-1.406301,0.030393,0.039366,-0.01832,-0.996951,-0.022581,0.074689,0.045648,-0.945101,0.323574,0.063282,0.325997,0.94325,0.001132,-0.045183,-0.003498,1.460268,-0.970831,2.315671,-0.859523,0.078307,0.035435,-0.054736,-0.732607,-0.462303,-0.499561,0.188836,-0.843183,0.50337,-0.653932,0.274437,0.705021,-0.007196,-0.003521,-0.002182,-0.02876,0.024562,-0.046023,-0.707231
693,0.124947,0.021182,0.370032,-0.739512,-0.405626,-0.537248,0.048279,-0.828012,0.558602,-0.670514,0.387656,0.632583,-0.0266,-0.002423,-0.001219,0.002864,-0.065728,0.11548,-0.41311,-0.178392,0.034211,0.316688,0.99227,0.123749,0.00883,-0.120995,0.950754,0.285238,0.025648,-0.284266,0.958331,0.014254,-0.042783,-0.002691,0.854477,-0.260962,0.935211,-1.407341,0.030466,0.038158,-0.018429,-0.994808,0.081833,0.060485,-0.060942,-0.955115,0.289899,0.081493,0.284708,0.955143,0.000992,-0.02679,0.003172,0.497398,2.034956,0.696105,-0.860176,0.077968,0.035333,-0.054804,-0.734117,-0.462721,-0.496952,0.190592,-0.842859,0.503251,-0.651726,0.27473,0.706948,-0.0133,-0.001216,-0.000604,-0.001348,-0.071717,0.11178,-0.587212
694,0.124548,0.021161,0.369989,-0.739572,-0.405839,-0.537004,0.048551,-0.827912,0.558728,-0.670428,0.387648,0.632679,-0.026242,-0.000512,1.5e-05,-0.001967,0.029431,-0.059106,-0.327118,-0.178259,0.033289,0.316817,0.99733,0.072604,0.007295,-0.071554,0.955862,0.284854,0.012447,-0.284715,0.95846,0.015127,-0.049367,0.008822,-0.207293,0.126603,2.547079,-1.408033,0.030538,0.037686,-0.018361,-0.989519,0.132169,0.058157,-0.109932,-0.95067,0.290069,0.093626,0.280635,0.955237,0.007548,-0.02404,0.004949,-0.348617,0.155931,2.58403,-0.864421,0.077768,0.035319,-0.054827,-0.734078,-0.463014,-0.496736,0.190889,-0.842704,0.503398,-0.651682,0.274712,0.706995,-0.0131,-0.000155,8.4e-05,-0.001307,0.027402,-0.061328,-0.522549
695,0.123672,0.021258,0.369841,-0.74062,-0.40717,-0.534546,0.050179,-0.82683,0.560184,-0.669149,0.388563,0.63347,-0.013599,-0.002628,-0.00154,-0.000984,0.014715,-0.029553,-0.188402,-0.177494,0.032337,0.317255,0.999951,-0.000439,0.009431,-0.002577,0.94417,0.329348,-0.010315,-0.329363,0.944075,0.027177,-0.0013,0.013885,-1.48226,0.174536,1.419184,-1.408436,0.03091,0.037192,-0.018162,-0.977337,0.203036,0.059896,-0.171628,-0.92564,0.337244,0.123916,0.319322,0.939509,0.013559,0.000579,0.007961,-1.763185,0.61054,2.653937,-0.86981,0.077336,0.035373,-0.054899,-0.734702,-0.46464,-0.494289,0.192573,-0.841493,0.50478,-0.650482,0.275676,0.707724,-0.01297,0.004537,-0.004718,0.033992,0.025216,-0.067512,-0.402204
696,0.122881,0.021315,0.369523,-0.742707,-0.413028,-0.527105,0.054611,-0.821905,0.566976,-0.666485,0.392821,0.633653,-0.026775,0.005001,-0.012127,0.023734,0.037519,-0.086164,-0.157669,-0.176402,0.032697,0.318134,0.998561,-0.050784,0.016971,0.04052,0.922624,0.383478,-0.036396,-0.382179,0.923297,0.027243,0.010694,0.023787,-1.71134,1.001269,2.090394,-1.408749,0.031447,0.037381,-0.017721,-0.966699,0.247213,0.066158,-0.202778,-0.897654,0.391276,0.156116,0.364831,0.917891,0.01403,-5.1e-05,0.01589,-1.568716,0.356459,0.49993,-0.88271,0.076947,0.035405,-0.055049,-0.735333,-0.471187,-0.4871,0.196974,-0.836316,0.511639,-0.648448,0.28028,0.707783,-0.007031,0.001534,-0.006761,0.031495,0.065064,-0.091804,-0.342929
697,0.122564,0.021216,0.369333,-0.742575,-0.416354,-0.524668,0.056129,-0.819285,0.570608,-0.666506,0.394784,0.632409,-0.01532,-0.011045,-0.007058,-0.009912,0.034103,-0.084428,-0.171296,-0.175966,0.03279,0.318611,0.997189,-0.071748,0.021374,0.056822,0.910275,0.410005,-0.050136,-0.407551,0.91173,0.027185,0.009296,0.022565,-1.703176,0.489055,0.366716,-1.40869,0.031676,0.037445,-0.017462,-0.959158,0.273991,0.070304,-0.220621,-0.880167,0.420274,0.17703,0.387599,0.904669,0.014005,-0.000648,0.015364,-1.385337,0.420987,0.273864,-0.892344,0.076784,0.035365,-0.055144,-0.73454,-0.474637,-0.484942,0.198499,-0.833696,0.515313,-0.648881,0.282258,0.706599,-0.007306,0.000185,-0.007648,0.053868,0.017051,-0.03403,-0.335581
698,0.122056,0.020615,0.368909,-0.73869,-0.433874,-0.515884,0.075421,-0.813744,0.576285,-0.668916,0.387323,0.634476,-0.004855,-0.031919,-0.00522,-0.037131,0.057425,-0.092708,-0.20691,-0.175119,0.033015,0.31971,0.991677,-0.1239,0.034869,0.095789,0.890762,0.444186,-0.08735,-0.436994,0.895136,0.014031,0.010936,0.024837,-0.290959,2.51882,5.149369,-1.408523,0.03211,0.037568,-0.016899,-0.942231,0.324401,0.083444,-0.252517,-0.8516,0.45936,0.220079,0.411752,0.884321,0.006809,0.005441,0.012565,-0.147261,2.480957,5.146131,-0.895283,0.076527,0.035078,-0.055353,-0.72801,-0.491958,-0.477469,0.217681,-0.826298,0.519467,-0.650088,0.274241,0.708643,-0.008466,-0.009417,-0.006108,0.004155,-0.056145,0.098194,-0.350114
699,0.121739,0.019556,0.368365,-0.738845,-0.438137,-0.512044,0.082178,-0.812753,0.57676,-0.667948,0.384598,0.637148,-0.00535,-0.026291,-0.01745,0.100503,0.138566,0.007353,-0.275857,-0.174289,0.033164,0.320653,0.98566,-0.16204,0.047003,0.12341,0.881923,0.454879,-0.116408,-0.442352,0.889178,0.027831,-0.004267,0.028109,0.204868,2.428578,-1.144013,-1.40875,0.032525,0.037649,-0.016421,-0.927245,0.362493,0.093885,-0.279518,-0.83689,0.47062,0.249168,0.410138,0.877326,0.01392,-0.002205,0.013961,0.281383,2.412767,-1.148505,-0.894304,0.076368,0.034542,-0.055623,-0.727165,-0.496605,-0.473932,0.224422,-0.824442,0.519545,-0.64874,0.271434,0.710956,-0.00287,-0.014145,-0.009381,0.146232,0.094562,0.173796,-0.382609
700,0.12137,0.018438,0.367692,-0.744661,-0.431625,-0.509141,0.083985,-0.817347,0.569967,-0.661233,0.382205,0.645537,-0.018413,-0.025366,-0.016886,0.155497,0.128225,0.15645,-0.323594,-0.173688,0.033039,0.321756,0.969602,-0.231216,0.080017,0.169693,0.870782,0.461386,-0.177583,-0.433492,0.88341,0.0017,-0.003483,0.03079,-0.11063,1.667281,0.998981,-1.408827,0.032824,0.037583,-0.015885,-0.896515,0.42495,0.12521,-0.320759,-0.817597,0.478172,0.30557,0.388526,0.869295,0.006874,0.004405,0.011598,0.317549,5.102883,3.619271,-0.888262,0.076187,0.033975,-0.055964,-0.733632,-0.490877,-0.469917,0.226429,-0.82858,0.512038,-0.640712,0.269245,0.719022,-0.002764,-0.013558,-0.009083,0.158845,0.213251,0.051432,-0.428493
701,0.121149,0.017944,0.367349,-0.750671,-0.42572,-0.505274,0.086547,-0.821546,0.563511,-0.654071,0.379806,0.654191,-0.005447,-0.026522,-0.017876,0.427562,0.507937,0.167593,-0.326013,-0.173472,0.033038,0.32237,0.965502,-0.247065,0.082197,0.182132,0.866122,0.465397,-0.187396,-0.43406,0.8811,0.014732,-8e-05,0.032428,-0.437555,-2.178013,1.074924,-1.408989,0.032928,0.037578,-0.015582,-0.887769,0.441359,0.130636,-0.33174,-0.810273,0.48312,0.319081,0.385562,0.865752,0.000843,0.000305,0.016997,-0.073557,0.27515,-0.149036,-0.872259,0.076071,0.033726,-0.056137,-0.738907,-0.486758,-0.46592,0.228531,-0.83153,0.50629,-0.633868,0.267624,0.725663,-0.009105,-0.012149,-0.008119,0.425035,0.553643,0.169021,-0.438781
702,0.120753,0.016978,0.36671,-0.7555,-0.416139,-0.506056,0.087516,-0.829598,0.551435,-0.648359,0.372834,0.663817,-0.005321,-0.02575,-0.01752,0.19218,0.022228,0.177,-0.322067,-0.173395,0.033066,0.323748,0.963505,-0.25386,0.084876,0.185093,0.86064,0.474314,-0.194674,-0.440974,0.876075,0.002526,-0.009392,0.042606,-0.135055,0.217208,-0.303637,-1.408953,0.032971,0.037596,-0.014896,-0.884685,0.447674,0.130073,-0.334287,-0.803658,0.492326,0.324936,0.392073,0.860636,0.000829,0.001083,0.017564,-0.065289,0.206004,-0.297994,-0.847439,0.075873,0.033243,-0.056457,-0.746084,-0.476681,-0.4649,0.229543,-0.839535,0.492433,-0.625034,0.260682,0.735782,-0.002584,-0.012561,-0.008537,0.349353,-0.408546,0.66062,-0.445476
703,0.120481,0.015974,0.366072,-0.755106,-0.410572,-0.511167,0.086331,-0.835156,0.543169,-0.648977,0.366527,0.666719,-0.005288,-0.02548,-0.0175,0.232771,-0.473186,0.530008,-0.322793,-0.173321,0.032607,0.325486,0.955524,-0.279472,0.094138,0.204082,0.856824,0.473431,-0.214177,-0.43281,0.875595,0.003359,-0.023116,0.048256,0.449512,0.88829,0.971142,-1.409053,0.033007,0.037385,-0.014038,-0.873451,0.46667,0.13893,-0.347432,-0.797242,0.493655,0.341136,0.382915,0.858488,0.001654,-0.011419,0.02423,0.456804,0.053438,-0.533388,-0.849725,0.075737,0.032741,-0.056776,-0.746943,-0.471061,-0.469229,0.228188,-0.844483,0.484538,-0.624503,0.25485,0.738272,-0.002548,-0.012422,-0.00853,0.725393,-1.719332,1.919323,-0.444822
704,0.120306,0.015513,0.365767,-0.754453,-0.41037,-0.512292,0.086266,-0.835723,0.542306,-0.649743,0.365457,0.666559,-0.004957,-0.023821,-0.016434,-0.001875,0.04164,-0.075748,-0.324759,-0.173263,0.032217,0.326337,0.951812,-0.289959,0.099849,0.21307,0.859188,0.465115,-0.221855,-0.421062,0.879403,0.003358,-0.024248,0.047346,1.122072,2.459636,4.487062,-1.408969,0.033038,0.037177,-0.013578,-0.865588,0.479439,0.144552,-0.360309,-0.796771,0.485111,0.347756,0.367823,0.862422,0.001587,-0.012434,0.023585,1.287506,2.410279,4.469435,-0.850215,0.075649,0.032507,-0.05693,-0.746065,-0.470437,-0.471248,0.227661,-0.845279,0.483397,-0.625745,0.253361,0.737733,-0.002368,-0.011421,-0.007872,-0.008393,0.026641,-0.057422,-0.445312
705,0.119882,0.014779,0.36525,-0.754257,-0.403854,-0.51773,0.07951,-0.838889,0.538438,-0.650832,0.365453,0.665499,-0.003904,-0.018641,-0.012955,0.003283,-0.067796,0.123878,-0.328533,-0.173078,0.030808,0.328165,0.940461,-0.318021,0.11995,0.233337,0.860476,0.452846,-0.248416,-0.397495,0.883261,0.003362,-0.035239,0.038758,0.231756,0.028174,-0.313109,-1.408864,0.03313,0.0365,-0.012668,-0.847047,0.505717,0.163587,-0.382385,-0.793575,0.473306,0.369179,0.338359,0.865574,0.002072,-0.023732,0.022867,0.348669,0.006836,-0.331867,-0.846296,0.075436,0.032134,-0.057193,-0.747055,-0.463859,-0.476175,0.221121,-0.848915,0.480048,-0.626907,0.25333,0.736756,-0.0084,-0.008195,-0.005648,-0.002973,0.044914,-0.084559,-0.448578
706,0.119419,0.014182,0.364872,-0.75474,-0.397721,-0.521757,0.072933,-0.841258,0.535665,-0.651041,0.366725,0.664595,-0.016157,-0.013023,-0.009034,0.002296,-0.053071,0.09433,-0.329185,-0.172811,0.028692,0.329687,0.922885,-0.35564,0.147633,0.259353,0.857289,0.444664,-0.285869,-0.371637,0.883192,0.004225,-0.060129,0.036019,0.045738,0.35048,0.112406,-1.409114,0.033263,0.035456,-0.011902,-0.821235,0.538119,0.189735,-0.407286,-0.785723,0.465569,0.399612,0.305065,0.864433,0.001663,-0.024341,0.014169,0.22953,0.944968,1.028221,-0.832417,0.075209,0.031833,-0.057383,-0.748567,-0.457656,-0.479788,0.214658,-0.851899,0.47769,-0.62735,0.254593,0.735944,-0.001442,-0.006866,-0.004794,-0.000969,0.015323,-0.028262,-0.449395
707,0.119065,0.013648,0.364597,-0.754574,-0.397322,-0.522301,0.072342,-0.841431,0.535474,-0.651299,0.36676,0.664322,-0.00257,-0.012124,-0.008517,-0.00067,0.013825,-0.025279,-0.326392,-0.172764,0.026344,0.330726,0.913905,-0.373579,0.158771,0.274423,0.856655,0.436771,-0.300333,-0.355128,0.885183,-0.009724,-0.059783,0.02081,0.940957,2.642644,4.339213,-1.409204,0.033287,0.034257,-0.011371,-0.808953,0.552668,0.20038,-0.421049,-0.782569,0.458587,0.410258,0.286606,0.865762,-0.004933,-0.030593,0.009998,0.913614,2.638771,4.339315,-0.835846,0.075027,0.031567,-0.05752,-0.748472,-0.457193,-0.480377,0.214055,-0.852153,0.477509,-0.627669,0.254575,0.735677,-0.001311,-0.006209,-0.004355,0.004383,-0.081968,0.148471,-0.449395
708,0.118975,0.013293,0.364494,-0.754352,-0.396716,-0.523082,0.071466,-0.841688,0.535188,-0.651653,0.366827,0.663938,-0.002726,-0.012839,-0.009042,-0.000671,0.013817,-0.025283,-0.308474,-0.17286,0.025046,0.331146,0.908593,-0.385372,0.161056,0.28351,0.852026,0.440008,-0.307937,-0.353643,0.883162,-0.009774,-0.062733,0.01852,-0.084727,0.401228,0.135952,-1.409093,0.033247,0.033651,-0.011178,-0.801247,0.563315,0.20169,-0.429218,-0.77599,0.462179,0.416863,0.283751,0.863545,-0.00498,-0.031571,0.009273,0.642315,2.395534,4.697302,-0.839764,0.074984,0.031402,-0.057569,-0.74839,-0.456598,-0.481069,0.21328,-0.852462,0.477303,-0.62803,0.254607,0.735358,-0.00131,-0.006188,-0.004352,0.004324,-0.081893,0.148644,-0.446292
709,0.118937,0.012432,0.364314,-0.755032,-0.396616,-0.522176,0.070647,-0.840936,0.536476,-0.650954,0.368656,0.66361,-0.003416,-0.016086,-0.011391,-0.001351,0.027588,-0.05059,-0.264435,-0.173139,0.022778,0.331737,0.898435,-0.404031,0.171945,0.296737,0.84713,0.440741,-0.324865,-0.344448,0.880728,-0.010715,-0.051994,0.010254,-0.114645,0.081552,-0.129246,-1.409093,0.033108,0.032499,-0.010884,-0.785908,0.580807,0.212159,-0.442148,-0.767709,0.463817,0.432264,0.270712,0.860152,0.001229,-0.025679,0.004842,-0.128509,0.183401,-0.256326,-0.842704,0.074966,0.030969,-0.057655,-0.748976,-0.456573,-0.480182,0.212434,-0.851906,0.478671,-0.627619,0.256507,0.735049,-0.001952,-0.013194,-0.00118,-0.031158,-0.052698,0.107514,-0.417553
