frame,MLTx,MLTy,MLTz,MLTR1,MLTR2,MLTR3,MLTR4,MLTR5,MLTR6,MLTR7,MLTR8,MLTR9,MLTTVx,MLTTVy,MLTTVz,MLTRVx,MLTRVy,MLTRVz,MLGA,MRTx,MRTy,MRTz,MRTR1,MRTR2,MRTR3,MRTR4,MRTR5,MRTR6,MRTR7,MRTR8,MRTR9,MRTTVx,MRTTVy,MRTTVz,MRTRVx,MRTRVy,MRTRVz,MRGA,SLTx,SLTy,SLTz,SLTR1,SLTR2,SLTR3,SLTR4,SLTR5,SLTR6,SLTR7,SLTR8,SLTR9,SLTTVx,SLTTVy,SLTTVz,SLTRVx,SLTRVy,SLTRVz,SLGA,SRTx,SRTy,SRTz,SRTR1,SRTR2,SRTR3,SRTR4,SRTR5,SRTR6,SRTR7,SRTR8,SRTR9,SRTTVx,SRTTVy,SRTTVz,SRTRVx,SRTRVy,SRTRVz,SRGA
2227,0.173722,-0.007094,0.310774,-0.870264,0.492489,0.011864,-0.433547,-0.776997,0.456381,0.235062,0.391412,0.889702,-0.028387,-0.035133,0.023393,0.187262,0.323981,0.061023,-1.83454,-0.201717,0.024362,0.331251,-0.998185,-0.018418,-0.057267,-0.043925,-0.42974,0.901847,-0.039954,0.902728,0.428194,0.039382,-0.048279,0.009629,0.991378,0.925575,-2.604579,-0.625542,0.026948,0.0557,-0.00433,0.997609,-0.02688,-0.063658,0.069054,0.42146,0.904213,0.002524,-0.906448,0.422309,0.026257,-0.024483,0.004115,1.106549,0.879873,0.612208,-0.837315,0.085343,0.039012,-0.062769,0.892113,-0.45111,0.02513,0.389331,0.795778,0.46385,-0.229245,-0.404023,0.885556,-0.014213,-0.017758,0.011516,0.340543,0.519418,-0.100978,-1.012257
2228,0.172748,-0.008709,0.311653,-0.866897,0.498533,0.000266,-0.448468,-0.779965,0.436467,0.218877,0.377628,0.899731,-0.02863,-0.052168,0.025485,0.330258,0.451802,0.120477,-1.815614,-0.19947,0.02198,0.331851,-0.99944,0.02649,-0.020224,-0.030311,-0.463006,0.885799,0.015367,0.885863,0.463545,0.066911,-0.072695,0.022172,1.037319,0.83023,0.702087,-0.521393,0.028062,0.054522,-0.004031,0.997314,-0.069486,-0.023142,0.052508,0.458111,0.887342,-0.051056,-0.886174,0.460529,0.033248,-0.036894,0.010765,1.2302,4.558202,1.861306,-0.771999,0.084856,0.038216,-0.062325,0.889406,-0.456922,0.01336,0.404099,0.799574,0.444281,-0.213684,-0.389747,0.895787,-0.014336,-0.026283,0.012551,0.612802,0.569626,0.045879,-1.001153
2229,0.171685,-0.011157,0.312618,-0.860617,0.50896,-0.018528,-0.472604,-0.784416,0.401632,0.190949,0.35377,0.915648,-0.029028,-0.069796,0.026957,1.010085,0.181748,0.370095,-1.786778,-0.196612,0.018486,0.332905,-0.997257,0.072109,0.01649,-0.022655,-0.508562,0.860689,0.071711,0.857844,0.508748,0.081383,-0.102405,0.031364,1.441632,4.134896,2.421085,-0.459273,0.029517,0.052758,-0.003487,0.993301,-0.114807,0.013096,0.046921,0.504317,0.862242,-0.105596,-0.855852,0.506326,0.040529,-0.051538,0.015519,1.532605,4.132703,2.369049,-0.684802,0.084325,0.037,-0.061842,0.884261,-0.466959,-0.005456,0.427725,0.805167,0.410799,-0.187434,-0.365587,0.911709,-0.014574,-0.035778,0.012588,1.734908,-1.871203,1.080347,-0.984988
2230,0.171159,-0.012615,0.313132,-0.858422,0.512254,-0.02744,-0.482442,-0.787857,0.382757,0.175516,0.341164,0.923487,-0.029154,-0.083722,0.032227,0.626607,0.695601,0.083326,-1.771779,-0.195041,0.016323,0.333535,-0.994988,0.092115,0.038797,-0.016624,-0.534269,0.845112,0.099833,0.840098,0.533041,0.082053,-0.119404,0.034671,1.359971,1.092444,-2.188356,-0.429112,0.030272,0.051728,-0.003179,0.990081,-0.136587,0.03288,0.044845,0.529064,0.847395,-0.133139,-0.837516,0.529942,0.041034,-0.059396,0.017526,1.830426,0.946678,-0.048785,-0.655083,0.084062,0.036276,-0.061588,0.882224,-0.470588,-0.015047,0.438236,0.80905,0.391645,-0.17213,-0.352113,0.919992,-0.014692,-0.036614,0.011718,0.601677,-0.058142,-0.020449,-0.972088
2231,0.170233,-0.015957,0.314126,-0.858924,0.510646,-0.039199,-0.489864,-0.796692,0.35396,0.150584,0.322587,0.934499,-0.015215,-0.090855,0.024393,0.155148,0.366477,-0.346096,-1.761871,-0.191637,0.011095,0.334724,-0.986585,0.133632,0.093725,-0.005071,-0.598449,0.801104,0.164387,0.789698,0.590946,0.083099,-0.146608,0.02946,1.982055,1.328,-2.559871,-0.361368,0.031975,0.049136,-0.002573,0.980062,-0.178426,0.087419,0.03614,0.59272,0.804597,-0.195377,-0.785396,0.58735,0.048212,-0.074134,0.013519,2.048389,0.891295,0.098946,-0.58944,0.083594,0.03461,-0.061085,0.881813,-0.470897,-0.025702,0.447399,0.818087,0.36134,-0.149127,-0.330134,0.932079,-0.014973,-0.045664,0.012144,0.514702,-0.095736,-0.142936,-0.96474
2232,0.169527,-0.019878,0.315068,-0.859055,0.508801,-0.056495,-0.498456,-0.806062,0.319028,0.117849,0.301585,0.946143,-0.015778,-0.096175,0.018614,0.721395,0.024893,-0.085832,-1.752133,-0.187951,0.004794,0.335842,-0.976533,0.148363,0.156087,0.01897,-0.662307,0.748949,0.215723,0.734135,0.643718,0.09874,-0.168726,0.026924,2.539809,4.303535,1.867925,-0.30231,0.033812,0.045991,-0.002015,0.970672,-0.186709,0.151442,0.009506,0.65926,0.751854,-0.240218,-0.728365,0.6417,0.049271,-0.084746,0.013076,2.068312,1.265431,-3.224226,-0.523471,0.083247,0.03269,-0.060623,0.882588,-0.468289,-0.041738,0.454674,0.827589,0.329193,-0.119616,-0.309519,0.943339,-0.007857,-0.054259,0.01279,0.822996,0.1111,0.005425,-0.968985
2233,0.169044,-0.023747,0.315931,-0.858241,0.507931,-0.073988,-0.50666,-0.815063,0.280964,0.08347,0.277984,0.956967,-0.000985,-0.09476,0.019529,0.301881,0.432455,-0.283902,-1.752461,-0.18422,-0.002185,0.336819,-0.96586,0.148027,0.212588,0.043233,-0.716689,0.696004,0.256601,0.681237,0.685518,0.101423,-0.189244,0.026065,1.129839,0.33573,-0.968565,-0.294389,0.035676,0.042507,-0.001527,0.959413,-0.190031,0.208361,-0.009681,0.71623,0.697796,-0.281838,-0.671492,0.685321,0.043365,-0.089767,0.008768,1.730727,0.943124,-0.08374,-0.495058,0.082994,0.030669,-0.060185,0.881772,-0.46782,-0.060176,0.464032,0.837525,0.288486,-0.08456,-0.282302,0.95559,-0.000509,-0.047461,0.009684,0.25985,0.42734,-0.282112,-0.975354
2234,0.168901,-0.025723,0.316374,-0.858659,0.507051,-0.075171,-0.507459,-0.820009,0.264657,0.073618,0.26476,0.961514,-0.000948,-0.107116,0.02632,0.650115,0.048126,-0.151229,-1.750883,-0.182495,-0.005783,0.337136,-0.961895,0.137563,0.236275,0.058615,-0.740026,0.66997,0.268221,0.658109,0.70343,0.087852,-0.183063,0.013799,1.059287,0.002721,-1.385595,-0.267476,0.036576,0.040636,-0.001361,0.955872,-0.179312,0.232713,-0.02463,0.740426,0.671686,-0.292748,-0.647778,0.703336,0.043845,-0.092281,0.006185,1.038308,-0.003798,-1.382082,-0.483954,0.082922,0.029683,-0.059961,0.882253,-0.466769,-0.061288,0.464664,0.842484,0.272594,-0.075604,-0.268975,0.960174,-0.000489,-0.053639,0.013076,0.684385,0.004121,-0.132099,-0.978293
2235,0.168866,-0.029806,0.317176,-0.852067,0.517528,-0.078688,-0.520919,-0.823256,0.225532,0.052996,0.23251,0.971163,0.0139,-0.109932,0.022602,0.903935,0.169734,-0.06333,-1.739967,-0.179442,-0.012876,0.337447,-0.954424,0.127707,0.269735,0.071993,-0.778326,0.623666,0.290787,0.614493,0.733283,0.075045,-0.174584,0.002363,1.265348,-0.188475,-1.454749,-0.176172,0.038074,0.037144,-0.001215,0.948783,-0.170845,0.265746,-0.036008,0.777206,0.628214,-0.313867,-0.605608,0.731249,0.030379,-0.087831,0.001218,1.014115,-0.123634,-1.193702,-0.412597,0.0829,0.027685,-0.059567,0.876363,-0.477207,-0.065258,0.478293,0.846268,0.23466,-0.056755,-0.23686,0.969884,-0.000686,-0.049687,0.007023,2.229395,-1.349759,0.602012,-0.97568
2236,0.168981,-0.033788,0.317963,-0.845383,0.528528,-0.077654,-0.533372,-0.82678,0.178664,0.031275,0.191795,0.98095,-0.001098,-0.096009,0.017345,0.693143,0.893638,-0.219439,-1.680346,-0.177214,-0.01923,0.337332,-0.946682,0.121616,0.298319,0.080535,-0.80702,0.584951,0.313076,0.57763,0.753784,0.046488,-0.149219,-0.011133,0.733773,-0.161005,-0.963621,-0.094643,0.039198,0.033947,-0.001278,0.941642,-0.16319,0.294411,-0.043855,0.807696,0.587965,-0.333745,-0.566565,0.753404,0.023212,-0.074469,-0.005459,1.010959,-0.202458,-1.189112,-0.334054,0.082962,0.025682,-0.059177,0.870162,-0.488446,-0.065099,0.491425,0.850453,0.187699,-0.036318,-0.195319,0.980066,0.007006,-0.048072,0.00843,0.836274,0.890699,-0.262705,-0.96474
2237,0.169051,-0.03572,0.318339,-0.843212,0.532762,-0.07213,-0.53714,-0.828915,0.156049,0.024393,0.169658,0.985215,-0.000926,-0.10693,0.025656,2.248687,-1.22912,0.265886,-1.623211,-0.176396,-0.021993,0.337066,-0.946057,0.10199,0.307516,0.095302,-0.819323,0.565298,0.310796,0.563978,0.764982,0.046217,-0.135229,-0.017734,0.951157,-0.213149,-1.172099,-0.070598,0.039606,0.032556,-0.001413,0.941731,-0.144291,0.303844,-0.058149,0.819879,0.569575,-0.3313,-0.554055,0.763715,0.015872,-0.068034,-0.00869,0.514198,-0.0611,-0.909385,-0.29666,0.082997,0.024722,-0.058991,0.868384,-0.492543,-0.057521,0.494763,0.852742,0.16745,-0.033426,-0.173871,0.9842,0.007028,-0.048219,0.008173,0.415219,0.884624,-0.453879,-0.944982
2238,0.169339,-0.039679,0.319064,-0.837956,0.542735,-0.057564,-0.545532,-0.829481,0.1197,0.018255,0.131025,0.991224,-0.000976,-0.108286,0.023705,0.576546,0.81277,-0.335633,-1.502725,-0.175478,-0.026702,0.336009,-0.946187,0.083968,0.312522,0.103826,-0.835686,0.539242,0.307636,0.542563,0.781568,0.016154,-0.110692,-0.031638,0.635333,-0.213031,-0.712576,-0.046939,0.040082,0.030149,-0.00195,0.942758,-0.125047,0.309143,-0.066818,0.837399,0.542491,-0.326713,-0.532094,0.78111,0.008081,-0.055181,-0.015678,0.709669,-0.232292,-0.728077,-0.255184,0.083141,0.022705,-0.058616,0.862948,-0.503361,-0.044116,0.504577,0.853801,0.128154,-0.026841,-0.13285,0.990772,-0.000504,-0.054169,0.01182,0.595789,0.845716,-0.334588,-0.895505
2239,0.169825,-0.043503,0.319933,-0.836906,0.545228,-0.048575,-0.547388,-0.832682,0.083535,0.006135,0.095816,0.995394,0.014804,-0.09043,0.022332,0.357066,0.644421,-0.332024,-1.251072,-0.175327,-0.030236,0.334422,-0.94927,0.064932,0.307671,0.11158,-0.844981,0.522963,0.295124,0.530679,0.794446,-0.015422,-0.072117,-0.050659,0.583269,-0.236886,-0.459076,-0.007839,0.040163,0.028404,-0.00273,0.946548,-0.10662,0.304428,-0.074169,0.846559,0.527101,-0.313916,-0.521506,0.793401,6.1e-05,-0.041133,-0.021296,0.548472,-0.250713,-0.474281,-0.220077,0.083378,0.020815,-0.058203,0.861567,-0.506416,-0.035252,0.507383,0.856839,0.091583,-0.016174,-0.096791,0.995172,0.007377,-0.045308,0.011054,0.446197,0.711703,-0.290721,-0.82529
2240,0.170438,-0.04689,0.320973,-0.839449,0.542062,-0.039233,-0.54346,-0.838057,0.047776,-0.005941,0.060747,0.998149,0.01534,-0.084798,0.028529,0.574948,0.735306,-0.29203,-0.913866,-0.175846,-0.032759,0.332514,-0.951537,0.056465,0.30229,0.113634,-0.848622,0.516586,0.286893,0.525828,0.800662,-0.016269,-0.053197,-0.052446,0.104945,-0.056975,-0.045424,0.000416,0.039904,0.027132,-0.003687,0.949344,-0.097115,0.298853,-0.076435,0.851115,0.519384,-0.304799,-0.515917,0.800578,-0.015508,-0.026765,-0.025756,0.057419,0.071245,-0.24978,-0.19689,0.083684,0.01912,-0.057685,0.863975,-0.502829,-0.026624,0.5035,0.862102,0.057163,-0.00579,-0.062792,0.998009,0.015421,-0.042048,0.014479,0.625458,0.709015,-0.222769,-0.712619
2241,0.170842,-0.048514,0.321529,-0.841067,0.539752,-0.036322,-0.540827,-0.840529,0.031443,-0.012515,0.045412,0.998903,0.030985,-0.084508,0.028396,0.492531,0.566323,-0.118096,-0.764459,-0.176341,-0.033765,0.331518,-0.952708,0.05583,0.2987,0.112665,-0.847774,0.518189,0.283356,0.527263,0.800978,-0.032004,-0.040856,-0.058811,0.035363,0.007123,-0.017172,0.008793,0.039662,0.026628,-0.004179,0.950493,-0.096638,0.295333,-0.07557,0.849992,0.521345,-0.301413,-0.517854,0.800609,-0.008143,-0.025362,-0.025214,-0.030138,0.113365,-0.179017,-0.189868,0.083881,0.018312,-0.057403,0.865455,-0.500446,-0.023248,0.500986,0.86452,0.040223,-3.1e-05,-0.046458,0.998919,0.007737,-0.041743,0.01495,0.722284,0.672577,-0.109203,-0.669021
2242,0.171885,-0.051981,0.322832,-0.837793,0.544644,-0.038858,-0.54475,-0.838528,-0.009397,-0.036663,0.012612,0.999261,0.03154,-0.09443,0.037807,0.667519,0.448193,0.254734,-0.443877,-0.177616,-0.035531,0.329746,-0.95439,0.054762,0.293482,0.111363,-0.846532,0.520496,0.278143,0.529368,0.801417,-0.046252,-0.043616,-0.041542,-0.002742,0.02013,-0.039353,0.03808,0.039013,0.025727,-0.00509,0.952144,-0.095894,0.290216,-0.074183,0.848616,0.523781,-0.29651,-0.520245,0.800891,-0.023087,-0.021449,-0.020383,-0.000523,0.026976,-0.038779,-0.159986,0.084402,0.016586,-0.05675,0.862693,-0.505064,-0.025885,0.505227,0.862986,-0.000283,0.022482,-0.012834,0.999664,0.015647,-0.041723,0.01466,1.081278,0.457714,0.324872,-0.612685
2243,0.173121,-0.055272,0.324215,-0.827654,0.559455,-0.045216,-0.557204,-0.828597,-0.054057,-0.066683,-0.020248,0.997583,0.03188,-0.07935,0.033936,0.940675,0.284632,0.508113,-0.150369,-0.179311,-0.037133,0.328208,-0.955934,0.057771,0.287824,0.107863,-0.84249,0.527741,0.274177,0.535456,0.798734,-0.046571,-0.039898,-0.038383,-0.039069,0.041168,-0.025665,0.05408,0.038183,0.024946,-0.00584,0.953502,-0.099216,0.284584,-0.070731,0.844219,0.53131,-0.292967,-0.526735,0.797947,-0.023242,-0.019554,-0.018746,-0.008272,0.039165,-0.02863,-0.12994,0.08502,0.01493,-0.056062,0.85352,-0.52004,-0.032544,0.518592,0.853892,-0.043916,0.050627,0.020606,0.998504,0.015794,-0.034423,0.012452,0.817746,-0.570985,0.376971,-0.461478
2244,0.173729,-0.056548,0.324747,-0.821986,0.567734,-0.045417,-0.564574,-0.82266,-0.066775,-0.074255,-0.02996,0.996803,0.031933,-0.065717,0.028542,0.471433,0.175648,0.613565,-0.051354,-0.18032,-0.037855,0.327525,-0.956711,0.060714,0.284621,0.1055,-0.838859,0.533966,0.272377,0.5408,0.795745,-0.061646,-0.03592,-0.033273,-0.637098,-0.270745,0.440897,0.058298,0.037684,0.02458,-0.006187,0.95421,-0.100999,0.281568,-0.068888,0.841783,0.535401,-0.291095,-0.530282,0.796281,-0.023282,-0.017768,-0.017017,-1.087784,-1.83399,1.826456,-0.121939,0.085324,0.014285,-0.055796,0.848133,-0.528798,-0.032267,0.526616,0.848148,-0.057616,0.057835,0.031874,0.997816,0.015838,-0.027285,0.010131,0.683994,0.28825,0.669047,-0.365137
2245,0.174942,-0.058275,0.325367,-0.810934,0.58309,-0.049372,-0.579684,-0.811923,-0.068696,-0.079137,-0.02782,0.996489,0.031558,-0.030065,0.006356,-0.051021,-0.254667,0.531289,0.160643,-0.182581,-0.039131,0.326326,-0.958258,0.06454,0.27851,0.101853,-0.832925,0.543871,0.268283,0.549452,0.791195,-0.061844,-0.03012,-0.027627,-1.11585,-1.811935,1.843708,0.074281,0.036554,0.02394,-0.006789,0.955043,-0.104523,0.277428,-0.066592,0.83624,0.544303,-0.288889,-0.538307,0.791685,-0.030908,-0.015224,-0.01395,0.025577,0.022804,-0.042727,-0.105447,0.08593,0.013408,-0.055478,0.837653,-0.545012,-0.03604,0.542598,0.837879,-0.059532,0.062643,0.030312,0.997575,0.015765,-0.01498,0.003214,-0.07953,-0.27301,0.524576,-0.152532
2246,0.176449,-0.058915,0.325237,-0.819856,0.567061,-0.079519,-0.563617,-0.823614,-0.062983,-0.100192,-0.007531,0.994953,0.047018,-0.006379,-0.008996,-0.426536,-0.59565,-1.205927,0.367493,-0.185167,-0.040173,0.325338,-0.959677,0.068237,0.272681,0.098361,-0.826957,0.553535,0.264472,0.557946,0.78652,-0.077102,-0.024932,-0.02132,-0.511321,0.322257,0.148554,0.088124,0.03529,0.023428,-0.007276,0.957097,-0.108702,0.268603,-0.061548,0.829552,0.555026,-0.283153,-0.547746,0.787272,-0.03095,-0.012153,-0.010849,0.015221,0.0006,-0.003537,-0.084382,0.086666,0.013079,-0.055529,0.843167,-0.533699,-0.065059,0.530956,0.845586,-0.055388,0.084573,0.012158,0.996342,0.023474,-0.003562,-0.00497,-0.729681,-0.871176,0.2126,0.137472
2247,0.17724,-0.058773,0.324818,-0.833447,0.542505,-0.105353,-0.539865,-0.839946,-0.054855,-0.117217,0.010476,0.993065,0.046433,0.014109,-0.02764,-0.911293,-1.038892,-1.363037,0.426549,-0.186423,-0.040558,0.324907,-0.961386,0.069818,0.266181,0.094586,-0.824226,0.558245,0.259577,0.561775,0.785425,-0.077198,-0.023336,-0.019787,-0.488288,-0.424915,0.578824,0.093101,0.034638,0.023228,-0.007498,0.958302,-0.110877,0.263365,-0.058403,0.826199,0.560342,-0.279721,-0.552359,0.785273,-0.031328,-0.005952,-0.014392,-1.054206,-1.827483,1.844745,-0.076055,0.087073,0.013147,-0.055735,0.858052,-0.505636,-0.089874,0.503262,0.862741,-0.049037,0.102333,-0.003153,0.994744,0.015497,0.00745,-0.013251,-0.312728,-0.549483,-5.345877,0.268431
2248,0.178872,-0.058018,0.323307,-0.856747,0.490715,-0.158837,-0.492489,-0.869752,-0.03094,-0.15227,0.051101,0.987031,0.029784,0.029287,-0.052205,-1.012479,-1.397341,0.032838,0.47764,-0.189084,-0.041137,0.324021,-0.964542,0.074877,0.253069,0.085839,-0.817465,0.569487,0.250728,0.570919,0.781697,-0.077328,-0.019999,-0.016524,-0.198261,-0.079719,0.161888,0.099365,0.033308,0.022939,-0.00794,0.961219,-0.116763,0.249848,-0.049485,0.818226,0.572762,-0.27131,-0.562914,0.780716,-0.031348,-0.00415,-0.012583,-0.307793,-0.605547,0.651921,-0.063645,0.087896,0.013529,-0.056469,0.880801,-0.451212,-0.143511,0.452635,0.891359,-0.024462,0.138958,-0.043412,0.989345,0.022796,0.014671,-0.026354,-0.521215,-1.063655,-1.262679,0.403635
2249,0.180558,-0.056769,0.320954,-0.886003,0.41101,-0.214743,-0.423084,-0.906004,0.011285,-0.188821,0.100336,0.976886,0.04508,0.036492,-0.065905,-1.204855,-1.007434,-1.051877,0.51114,-0.191751,-0.041428,0.323039,-0.967547,0.082249,0.238912,0.074868,-0.809447,0.582344,0.2425,0.581224,0.776683,-0.062884,-0.007208,-0.024378,-0.643483,-2.026893,1.800683,0.097796,0.031969,0.02279,-0.008427,0.963193,-0.12419,0.2384,-0.040347,0.810038,0.584987,-0.265764,-0.573074,0.775212,-0.031747,0.001573,-0.0167,0.000492,0.040813,0.083239,-0.058909,0.088733,0.01415,-0.057642,0.906907,-0.370771,-0.200117,0.38165,0.924143,0.017365,0.178499,-0.092124,0.979617,0.014679,0.023235,-0.037591,-1.64552,0.252999,-5.123546,0.472381
2250,0.182138,-0.05456,0.31764,-0.909714,0.32099,-0.263497,-0.351561,-0.932978,0.077002,-0.219992,0.162279,0.961923,0.043936,0.067077,-0.09427,-1.04276,-1.934472,-1.293722,0.520122,-0.194322,-0.041374,0.321908,-0.969401,0.093227,0.227069,0.063031,-0.799185,0.597715,0.238413,0.593616,0.768533,-0.063484,0.00565,-0.031018,-1.042407,-1.746863,2.026983,0.086771,0.030684,0.022812,-0.00899,0.964877,-0.13381,0.226067,-0.029211,0.800565,0.598533,-0.261071,-0.584114,0.768538,-0.031722,0.002883,-0.015398,-0.555596,0.366473,0.295581,-0.064951,0.089523,0.015241,-0.05929,0.927604,-0.280093,-0.247181,0.30803,0.947844,0.081908,0.211348,-0.152117,0.9655,0.014322,0.033919,-0.046417,-0.262263,-1.473162,-5.297188,0.506508
2251,0.182862,-0.05308,0.315687,-0.918362,0.275365,-0.284307,-0.318009,-0.940994,0.115643,-0.234547,0.196265,0.9521,0.027431,0.088962,-0.110721,-0.961667,-2.030592,-1.812242,0.520989,-0.195525,-0.041255,0.321311,-0.969969,0.098666,0.2223,0.057668,-0.794325,0.604695,0.237461,0.599225,0.764464,-0.048256,0.006284,-0.031433,-0.345613,0.290311,0.056769,0.08009,0.030077,0.022873,-0.009287,0.965692,-0.140229,0.218574,-0.022174,0.794073,0.607416,-0.258741,-0.591424,0.763721,-0.031714,0.003307,-0.014991,-0.485369,0.288896,0.232518,-0.073115,0.089891,0.01597,-0.060263,0.934523,-0.234631,-0.267606,0.273888,0.954273,0.119775,0.227267,-0.185227,0.956054,0.021992,0.039028,-0.051427,0.072926,-2.339717,-5.307706,0.51255
2252,0.184248,-0.049511,0.311258,-0.925777,0.199458,-0.321245,-0.270065,-0.943416,0.19236,-0.263551,0.264585,0.927665,0.026877,0.099774,-0.119601,-2.857424,0.479526,-1.735186,0.520973,-0.197776,-0.040822,0.320038,-0.97057,0.113124,0.212577,0.045091,-0.78146,0.622271,0.237735,0.613394,0.753056,-0.06341,0.008231,-0.028503,-0.643993,0.391999,0.32038,0.077743,0.028957,0.023088,-0.009924,0.965811,-0.153787,0.208706,-0.010359,0.781512,0.623803,-0.259039,-0.604638,0.7532,-0.024317,0.00963,-0.018862,-0.088387,0.09076,0.186776,-0.083729,0.090584,0.017751,-0.062474,0.938432,-0.157332,-0.307556,0.223826,0.955046,0.194391,0.263147,-0.251262,0.931461,0.013514,0.050177,-0.059438,-1.18893,-1.412947,-0.841671,0.517286
2253,0.185412,-0.045497,0.306503,-0.926927,0.130894,-0.351736,-0.233759,-0.934594,0.268073,-0.292491,0.330537,0.897341,0.026304,0.111267,-0.127618,-1.545375,-1.599095,-1.201543,0.519966,-0.199588,-0.040098,0.318778,-0.970913,0.126304,0.203388,0.032982,-0.770523,0.636506,0.23833,0.624534,0.743652,-0.032974,0.023711,-0.033868,-0.559801,0.305565,0.404733,0.079418,0.028027,0.023449,-0.01057,0.965479,-0.167436,0.199533,0.001583,0.769789,0.638296,-0.260473,-0.615946,0.74348,-0.016449,0.012056,-0.016672,-0.470811,0.286189,0.393311,-0.082913,0.091165,0.019753,-0.064849,0.937913,-0.089462,-0.335134,0.18658,0.944606,0.270011,0.292414,-0.315777,0.90265,0.005599,0.049662,-0.059865,-1.400311,-1.455188,-1.039339,0.517449
2254,0.185792,-0.043453,0.304146,-0.927804,0.101967,-0.358926,-0.2192,-0.927423,0.303,-0.300829,0.359669,0.88327,0.02663,0.10216,-0.116984,-1.353452,-1.353459,-1.115166,0.515135,-0.200304,-0.039674,0.318204,-0.970312,0.131768,0.202789,0.029824,-0.766595,0.641386,0.241192,0.628219,0.739615,-0.032792,0.025332,-0.032071,-0.443048,0.235921,0.358705,0.079622,0.027681,0.023652,-0.010844,0.964616,-0.17285,0.199089,0.004479,0.765749,0.643122,-0.263617,-0.619475,0.739429,-0.016355,0.012895,-0.015743,-0.472552,0.365356,0.21544,-0.082586,0.091355,0.020776,-0.066035,0.937441,-0.059903,-0.342952,0.171629,0.93658,0.305548,0.302899,-0.345294,0.88827,0.005591,0.050687,-0.058636,-1.258151,-1.178394,-1.109448,0.515653
2255,0.185986,-0.039175,0.299586,-0.928703,0.069846,-0.364249,-0.21061,-0.907753,0.362767,-0.304157,0.413525,0.858203,-0.004565,0.106407,-0.110397,-1.094354,-0.716798,-0.531466,0.493538,-0.201322,-0.038899,0.31723,-0.969867,0.142196,0.197812,0.021947,-0.757344,0.652597,0.243828,0.637086,0.731117,-0.016773,0.016803,-0.021805,-0.135674,0.122127,0.060008,0.076179,0.027173,0.024038,-0.011324,0.963461,-0.184438,0.194226,0.012262,0.754753,0.655893,-0.267564,-0.629547,0.729438,-0.008373,0.008387,-0.010899,-0.158511,0.153576,0.085901,-0.083566,0.091465,0.02287,-0.06828,0.936838,-0.026017,-0.348793,0.161533,0.916691,0.365492,0.310227,-0.398749,0.862993,-0.002157,0.053219,-0.055072,-2.873027,1.217118,3.806762,0.495241
2256,0.185435,-0.034958,0.295499,-0.926782,0.079597,-0.367129,-0.235804,-0.884082,0.403443,-0.291309,0.460371,0.838584,-0.019923,0.111318,-0.103533,-2.597489,1.680035,3.819519,0.489452,-0.201689,-0.03832,0.316528,-0.967955,0.151687,0.200112,0.019558,-0.748631,0.662648,0.251543,0.645128,0.721387,-0.001286,0.018898,-0.020316,-0.362825,0.225391,0.203641,0.052822,0.026977,0.024333,-0.011683,0.961337,-0.19306,0.196362,0.014255,0.747012,0.664657,-0.275004,-0.636161,0.720882,-0.000394,0.003973,-0.005925,-0.616316,0.332262,0.200285,-0.098752,0.091194,0.025015,-0.07037,0.935367,-0.030867,-0.352328,0.183021,0.894674,0.407506,0.302641,-0.445651,0.842498,-0.009683,0.050579,-0.04705,-0.62663,-0.495593,-1.027119,0.475157
2257,0.184327,-0.031197,0.291965,-0.92564,0.074626,-0.371035,-0.244416,-0.866431,0.43535,-0.287839,0.493567,0.820711,-0.019001,0.089711,-0.086296,-0.894072,-0.692032,-0.64631,0.462746,-0.201576,-0.038034,0.31614,-0.966606,0.158,0.201745,0.018251,-0.742519,0.669526,0.2568,0.650642,0.71455,0.014454,0.008148,-0.012521,-0.197646,0.12084,0.11248,-0.053625,0.027033,0.024487,-0.01188,0.959571,-0.199968,0.19808,0.015508,0.740238,0.672165,-0.281038,-0.641919,0.713412,0.007245,0.004164,-0.006158,-0.210572,0.123001,0.112056,-0.176152,0.09064,0.026909,-0.072137,0.934149,-0.032721,-0.355376,0.197271,0.87717,0.437784,0.297401,-0.479062,0.825863,-0.017154,0.045061,-0.042549,-0.758085,-0.316718,-0.221861,0.465849
2258,0.183742,-0.029486,0.290378,-0.924095,0.088628,-0.371806,-0.26147,-0.856163,0.445635,-0.277684,0.508911,0.814818,-0.033929,0.080511,-0.075009,-0.588708,-0.14185,-0.170368,0.392716,-0.201387,-0.038026,0.316059,-0.966215,0.159494,0.20244,0.018233,-0.740903,0.671315,0.258274,0.652116,0.712673,0.015033,-0.001892,-0.003039,-0.082895,0.033422,0.062218,-0.135014,0.027122,0.024492,-0.01192,0.95905,-0.201703,0.19884,0.015511,0.738385,0.674201,-0.282809,-0.643509,0.711277,-8.7e-05,-0.00085,-0.000968,-0.064852,0.059578,0.008786,-0.244897,0.090353,0.027765,-0.072939,0.932992,-0.044971,-0.357074,0.214095,0.866865,0.45023,0.289288,-0.496509,0.818406,-0.016914,0.040177,-0.037587,-1.219805,0.269355,0.704855,0.420617
2259,0.182419,-0.026507,0.28792,-0.922717,0.092499,-0.374275,-0.270294,-0.84751,0.456772,-0.273806,0.522516,0.807486,-0.032802,0.066135,-0.048633,-0.119226,-0.071928,-0.427153,0.05396,-0.20075,-0.038124,0.316145,-0.966169,0.159469,0.202679,0.018511,-0.740667,0.671569,0.258427,0.652391,0.712366,0.015931,-0.009096,0.009661,-0.034337,-0.003304,0.011711,-0.296012,0.02744,0.024442,-0.011885,0.959036,-0.201604,0.199011,0.015339,0.738439,0.674145,-0.282867,-0.643477,0.711282,0.007747,0.001132,0.00083,-0.006591,0.063608,-0.122409,-0.385817,0.089703,0.029231,-0.074173,0.931816,-0.049475,-0.359541,0.223506,0.858743,0.46109,0.285941,-0.510011,0.811248,-0.024215,0.038614,-0.028111,-0.298233,-0.20466,-0.504878,0.166537
2260,0.180555,-0.024239,0.286959,-0.921745,0.0989,-0.375033,-0.272848,-0.852617,0.445613,-0.274544,0.512941,0.813353,-0.046338,0.04876,-0.003308,0.415699,0.228106,0.04594,-0.600895,-0.200035,-0.038389,0.316382,-0.966604,0.155804,0.203452,0.020658,-0.743651,0.668199,0.256621,0.649882,0.715306,0.015343,0.000932,0.000148,0.104613,0.014934,-0.189031,-0.59218,0.027798,0.024309,-0.011759,0.959647,-0.19803,0.199652,0.013491,0.741589,0.670717,-0.280882,-0.640959,0.714336,0.015553,-0.004895,0.003964,0.099284,-0.09924,-0.01517,-0.622425,0.088764,0.030378,-0.074705,0.931113,-0.054511,-0.360633,0.225297,0.863534,0.451164,0.286825,-0.501334,0.81633,-0.03081,0.024439,-0.001276,0.662294,0.232105,0.156529,-0.151226
2261,0.179453,-0.023196,0.287118,-0.92346,0.102365,-0.36985,-0.270708,-0.856925,0.438599,-0.27089,0.505018,0.819513,-0.060985,0.06007,0.011325,0.550123,0.399132,0.069106,-0.983049,-0.199637,-0.038542,0.316513,-0.967472,0.150712,0.203163,0.022431,-0.748536,0.662665,0.253163,0.645469,0.720515,0.015848,-0.009979,0.008637,0.328437,-0.212612,-0.129545,-0.754599,0.027998,0.024238,-0.011696,0.960592,-0.193458,0.199591,0.011982,0.746206,0.665606,-0.277703,-0.636985,0.719118,0.015543,-0.004984,0.003852,0.480666,-0.29373,-0.137345,-0.770366,0.088219,0.030888,-0.07464,0.932906,-0.057819,-0.355446,0.223027,0.867718,0.444212,0.282744,-0.493682,0.822394,-0.030324,0.024996,0.010436,0.751028,0.676069,-0.042368,-0.301127
2262,0.176916,-0.020929,0.288931,-0.926791,0.123074,-0.354905,-0.27663,-0.862847,0.423017,-0.253016,0.490068,0.834172,-0.073498,0.052888,0.067757,0.475077,0.5238,0.216644,-1.706502,-0.198931,-0.038859,0.316784,-0.96958,0.141588,0.199644,0.023445,-0.757877,0.651925,0.24483,0.636589,0.731216,0.015773,-0.01079,0.007703,0.086186,-0.072838,-0.035118,-1.028063,0.028357,0.024077,-0.011555,0.963358,-0.183251,0.195853,0.011021,0.756637,0.653741,-0.267989,-0.627629,0.730933,0.007879,-0.005444,0.003783,-0.025948,-0.045315,-0.030476,-0.988359,0.086955,0.032015,-0.073766,0.937034,-0.078694,-0.340254,0.228926,0.874174,0.428264,0.26374,-0.479192,0.837147,-0.029124,0.02777,0.03534,0.567132,0.780299,0.636665,-0.598969
2263,0.174463,-0.018843,0.29251,-0.922354,0.180653,-0.341573,-0.317566,-0.858058,0.40356,-0.21904,0.480468,0.849234,-0.056049,0.049586,0.10415,-1.277368,2.759978,4.914517,-1.913533,-0.19835,-0.039427,0.317122,-0.971948,0.13105,0.19528,0.024778,-0.768326,0.639528,0.235072,0.626254,0.743243,0.015621,-0.012448,0.005808,0.58477,-0.358959,-0.227262,-1.249403,0.028648,0.023794,-0.011385,0.965852,-0.174057,0.19192,0.010154,0.765598,0.643238,-0.258894,-0.619324,0.741222,0.007795,-0.006317,0.002787,0.499333,-0.336916,-0.223336,-0.954721,0.085744,0.033052,-0.072023,0.935778,-0.130652,-0.327487,0.265397,0.872488,0.410277,0.232125,-0.470842,0.851131,-0.03562,0.025285,0.053007,0.296948,0.346111,0.048626,-0.894361
2264,0.17258,-0.017326,0.297227,-0.918261,0.22173,-0.328143,-0.344704,-0.855491,0.386377,-0.193913,0.467627,0.86241,-0.039314,0.038208,0.129604,0.251028,0.736076,0.443455,-1.915468,-0.197879,-0.040118,0.317516,-0.973137,0.12482,0.193429,0.026488,-0.773604,0.633063,0.229881,0.621017,0.749237,0.016217,-0.022871,0.014854,0.170039,-0.130412,-0.098781,-1.346587,0.028882,0.023446,-0.011191,0.967541,-0.166804,0.189837,0.008364,0.771935,0.635645,-0.252571,-0.613426,0.748275,0.008101,-0.011447,0.007405,0.171416,-0.131578,-0.099552,-0.978725,0.084777,0.033842,-0.069615,0.932689,-0.178124,-0.313626,0.298096,0.87021,0.392265,0.203049,-0.459352,0.864734,-0.01958,0.013977,0.069489,0.019883,1.217925,1.667055,-1.10272
2265,0.171774,-0.016764,0.299953,-0.916725,0.234106,-0.323813,-0.352059,-0.856565,0.377257,-0.187911,0.459546,0.868063,-0.038657,0.030242,0.139565,0.152293,0.585149,0.562298,-1.915551,-0.197708,-0.040438,0.317705,-0.97369,0.121614,0.19269,0.027549,-0.776277,0.629737,0.227391,0.618317,0.752223,0.015686,-0.012087,0.006207,0.402086,-0.254706,-0.156189,-1.360273,0.028962,0.02329,-0.011099,0.968018,-0.164485,0.189432,0.007434,0.773551,0.63369,-0.250768,-0.612016,0.750034,0.007824,-0.006163,0.002962,0.416004,-0.280187,-0.180818,-0.991625,0.08436,0.034145,-0.068194,0.931655,-0.191384,-0.308851,0.30594,0.871755,0.382679,0.196004,-0.451015,0.870727,-0.019372,0.015614,0.070418,0.138208,0.583628,0.566402,-1.085248
2266,0.170575,-0.015995,0.305864,-0.915189,0.246612,-0.318838,-0.357886,-0.861122,0.361051,-0.184384,0.444226,0.876751,-0.022758,0.012788,0.15716,0.159572,0.348442,0.084201,-1.915924,-0.197406,-0.041089,0.317982,-0.973856,0.116364,0.195079,0.031624,-0.780649,0.624116,0.226138,0.613815,0.756278,0.000157,-0.014704,0.004179,0.045542,-0.023098,-0.075179,-1.365527,0.029119,0.022964,-0.010954,0.9687,-0.158006,0.191452,0.003355,0.779522,0.626366,-0.248211,-0.606118,0.755653,6.7e-05,-0.007415,0.002012,-0.018865,-0.006353,-0.069382,-0.991951,0.08377,0.034532,-0.065288,0.930517,-0.204107,-0.304098,0.312047,0.876514,0.366536,0.191734,-0.435962,0.879303,-0.01142,0.007005,0.079351,0.23888,0.396692,0.13755,-1.068103
2267,0.169812,-0.015696,0.312158,-0.910534,0.266233,-0.316376,-0.371936,-0.861687,0.345154,-0.179596,0.43161,0.884017,-0.007776,-7.8e-05,0.159594,0.316967,0.378676,0.339461,-1.914603,-0.197211,-0.041688,0.318056,-0.974843,0.109685,0.194014,0.034182,-0.786285,0.616864,0.221438,0.607833,0.762475,-0.00061,-0.00618,-0.007059,0.148005,-0.073013,-0.08282,-1.365665,0.029217,0.022674,-0.010914,0.969913,-0.151698,0.190411,0.001167,0.78502,0.619469,-0.243449,-0.600609,0.761577,0.007636,-0.008307,0.000509,0.165134,-0.108705,-0.093355,-0.988196,0.083392,0.034698,-0.062189,0.92679,-0.222752,-0.302391,0.325843,0.877277,0.352434,0.186776,-0.425165,0.885634,-0.004053,0.005524,0.075812,-0.036197,0.111994,0.228356,-1.076267
2268,0.169606,-0.01568,0.315083,-0.909972,0.272792,-0.312381,-0.375312,-0.862197,0.340191,-0.175404,0.42646,0.887352,-0.007838,-0.001504,0.156625,0.156956,0.265482,0.271482,-1.914556,-0.19717,-0.041954,0.318031,-0.97505,0.107919,0.193964,0.035076,-0.787603,0.61513,0.220379,0.606444,0.763886,-5.7e-05,-0.016918,0.001631,0.098684,-0.066866,-0.069672,-1.365591,0.029237,0.02253,-0.010931,0.970203,-0.149815,0.190422,0.000179,0.786365,0.617761,-0.242291,-0.59932,0.762961,-4.3e-05,-0.008596,0.000658,0.087308,-0.063075,-0.068443,-0.983787,0.083281,0.034709,-0.060662,0.926474,-0.230308,-0.297664,0.329587,0.878344,0.346243,0.181709,-0.418891,0.889669,-0.004026,-0.001121,0.077995,0.267864,0.463675,0.114365,-1.079043
2269,0.169482,-0.015721,0.320915,-0.906892,0.294179,-0.301747,-0.388127,-0.862038,0.325913,-0.163116,0.412313,0.896336,0.006288,0.004539,0.140189,0.505584,0.590716,0.249814,-1.914006,-0.19722,-0.042459,0.317754,-0.974718,0.106964,0.196153,0.037277,-0.787437,0.615214,0.22149,0.60683,0.763258,-0.001034,-0.010435,-0.011981,-0.015674,0.121575,-0.225321,-1.362019,0.029213,0.022282,-0.011066,0.969926,-0.148758,0.19265,-0.002174,0.786175,0.617999,-0.243389,-0.599833,0.762208,-0.000527,-0.005341,-0.006131,-0.017862,0.124169,-0.222983,-0.98493,0.083214,0.034691,-0.057735,0.924188,-0.250929,-0.287941,0.342427,0.8783,0.333664,0.169173,-0.406967,0.89764,-0.004253,0.001952,0.069991,0.041107,0.17162,0.221287,-1.070552
2270,0.169639,-0.015698,0.326086,-0.903979,0.313249,-0.291104,-0.399486,-0.861528,0.313293,-0.151534,0.399107,0.904311,0.005463,0.006278,0.120565,0.174294,0.342548,0.06889,-1.913041,-0.197313,-0.042813,0.317335,-0.974432,0.106126,0.198016,0.039069,-0.78757,0.614932,0.222438,0.606806,0.763001,-0.016177,-0.008322,-0.008628,-0.003809,0.028866,-0.054557,-1.359054,0.029171,0.022101,-0.01128,0.969672,-0.148029,0.19448,-0.003852,0.786365,0.61775,-0.244378,-0.599764,0.761946,-0.000424,-0.00431,-0.004968,-0.001439,0.014918,-0.023756,-0.98542,0.083293,0.034709,-0.055135,0.921938,-0.271368,-0.276385,0.354422,0.878871,0.319328,0.156251,-0.392357,0.906444,0.002645,0.003036,0.060199,0.238225,0.271523,0.291371,-1.069246
2271,0.169781,-0.015632,0.328331,-0.903366,0.320614,-0.284924,-0.402614,-0.862948,0.305278,-0.146878,0.390089,0.909002,0.019517,0.000334,0.113655,0.360698,0.360856,0.339705,-1.906519,-0.197342,-0.042999,0.317136,-0.974871,0.105951,0.195942,0.038081,-0.787066,0.615639,0.220673,0.60749,0.762969,-0.000929,-0.009313,-0.010757,-0.003528,0.027319,-0.050623,-1.358126,0.029151,0.02201,-0.011376,0.970113,-0.147903,0.192364,-0.002832,0.785807,0.618464,-0.242634,-0.600525,0.761904,-0.000402,-0.004093,-0.004722,-0.000514,0.01829,-0.027213,-0.986726,0.083358,0.034747,-0.054008,0.921655,-0.278057,-0.270617,0.357278,0.880204,0.312396,0.151335,-0.384607,0.910589,0.002336,0.005094,0.052263,0.610476,0.622873,0.185911,-1.06451
2272,0.170003,-0.015356,0.332123,-0.899727,0.333927,-0.281121,-0.410676,-0.865853,0.285682,-0.146897,0.372066,0.916524,0.004028,0.011807,0.085982,0.632997,0.447342,0.38986,-1.823361,-0.197376,-0.043341,0.316884,-0.974643,0.105302,0.197417,0.039547,-0.787012,0.615615,0.221422,0.607674,0.762607,-2.6e-05,-0.016501,0.002022,-0.038156,0.025082,-0.043101,-1.358018,0.029134,0.021839,-0.01151,0.969902,-0.147296,0.19389,-0.004282,0.785842,0.618412,-0.243457,-0.600629,0.761559,-0.000309,-0.00313,-0.003622,-0.001554,0.014411,-0.024516,-0.988359,0.083474,0.034881,-0.052101,0.918579,-0.290948,-0.267509,0.365368,0.883213,0.294008,0.150727,-0.367809,0.917604,0.001932,0.005607,0.042713,0.260832,-0.052612,0.326089,-1.05357
2273,0.170133,-0.014968,0.334972,-0.895833,0.34482,-0.280405,-0.418143,-0.867742,0.268608,-0.149587,0.357444,0.921892,0.003055,0.009903,0.064796,0.279535,0.248709,0.216495,-1.654467,-0.197412,-0.043615,0.316758,-0.975029,0.104999,0.195663,0.038918,-0.786349,0.616501,0.219819,0.608584,0.762344,-0.000341,-0.0034,-0.003946,0.0,-0.0,0.0,-1.355232,0.029116,0.021694,-0.011574,0.970286,-0.147026,0.192163,-0.003683,0.785136,0.619312,-0.241929,-0.601618,0.761265,-0.000184,-0.001852,-0.002151,-0.001465,0.014771,-0.025331,-0.986889,0.083539,0.035077,-0.050668,0.9151,-0.302929,-0.266129,0.373381,0.885789,0.275615,0.152242,-0.351583,0.923694,0.001431,0.004156,0.031661,0.402429,0.341628,0.246087,-0.979763
2274,0.170221,-0.014429,0.337032,-0.894462,0.351527,-0.276424,-0.422005,-0.868065,0.261431,-0.146945,0.35005,0.925148,0.002423,0.013349,0.048972,0.191515,0.161545,0.162703,-1.62635,-0.197421,-0.043825,0.316817,-0.975184,0.103072,0.195917,0.040136,-0.787657,0.614751,0.218906,0.607223,0.76369,0.00052,-0.011046,0.008341,-0.032055,0.008845,-0.019484,-1.354171,0.02911,0.021592,-0.01155,0.970539,-0.145067,0.192376,-0.004798,0.78664,0.617393,-0.240894,-0.600127,0.762769,-5e-06,-5e-05,-5.5e-05,-0.016465,0.003481,-0.000765,-0.988196,0.083583,0.035339,-0.049638,0.913965,-0.309716,-0.262189,0.377397,0.886205,0.268722,0.149126,-0.344552,0.926846,0.001063,0.011626,0.019763,0.337167,0.22313,0.205046,-0.964576
2275,0.170243,-0.014074,0.337892,-0.893866,0.353535,-0.275791,-0.423453,-0.867864,0.25975,-0.14641,0.348522,0.92581,0.002193,0.0233,0.039381,0.116592,0.067359,0.139073,-1.609856,-0.197414,-0.043934,0.316929,-0.975385,0.10128,0.19585,0.041034,-0.789004,0.612962,0.217834,0.605777,0.765144,0.015487,0.00099,0.000185,0.05174,-0.044669,0.009873,-1.353804,0.029108,0.021536,-0.011495,0.9708,-0.143351,0.192343,-0.005589,0.788076,0.615552,-0.239822,-0.598653,0.764263,0.0003,-0.005099,0.004664,0.008736,-0.023126,-0.044302,-0.988522,0.083593,0.035507,-0.04921,0.913445,-0.311946,-0.261355,0.378943,0.886141,0.266748,0.148387,-0.342698,0.927651,-0.006008,0.005956,0.023918,0.120347,0.12165,0.100409,-0.974374
2276,0.170249,-0.013248,0.339376,-0.89318,0.356635,-0.274018,-0.42577,-0.866814,0.259472,-0.143878,0.347975,0.926412,0.00203,0.020688,0.036684,-0.030296,-0.042388,0.082718,-1.540625,-0.197364,-0.044329,0.317342,-0.976616,0.096357,0.192164,0.041479,-0.792289,0.60868,0.212129,0.60229,0.769487,0.000652,-0.009732,0.009867,0.125634,-0.084948,-0.080939,-1.353426,0.029133,0.021351,-0.01129,0.972178,-0.138798,0.188689,-0.005745,0.791166,0.611573,-0.23417,-0.595643,0.768357,0.000346,-0.004609,0.005233,0.222655,-0.132445,-0.109803,-0.988849,0.083596,0.035924,-0.048457,0.912826,-0.315253,-0.259542,0.381444,0.885178,0.266381,0.145764,-0.342161,0.928265,0.000974,0.0101,0.018124,-0.045924,-0.056071,0.078678,-0.979599
2277,0.170273,-0.012323,0.340756,-0.892981,0.360023,-0.270212,-0.427796,-0.865568,0.260299,-0.139066,0.347584,0.927294,0.002089,0.021889,0.037406,-0.031142,-0.028335,0.057568,-1.501556,-0.19734,-0.044998,0.317915,-0.977261,0.091261,0.191372,0.043901,-0.795593,0.604184,0.208623,0.598726,0.773218,0.00112,-0.021302,0.017604,0.203016,-0.141854,-0.142959,-1.355831,0.029152,0.021007,-0.010991,0.97302,-0.133781,0.187971,-0.008068,0.794497,0.607213,-0.230576,-0.592348,0.771983,0.000548,-0.010675,0.008775,0.250526,-0.158056,-0.147038,-0.990155,0.083607,0.036373,-0.047786,0.912772,-0.318539,-0.25569,0.383389,0.884074,0.267255,0.140918,-0.341972,0.929083,0.000973,0.016938,0.014911,-0.007153,-0.069199,0.099835,-0.976007
2278,0.170262,-0.011807,0.341509,-0.892123,0.362346,-0.269941,-0.429615,-0.86533,0.258082,-0.138967,0.345756,0.927992,-0.011959,0.02383,0.039279,0.055163,0.038354,0.086857,-1.494421,-0.197318,-0.045413,0.318259,-0.97769,0.087884,0.190762,0.045447,-0.797845,0.601092,0.206256,0.596235,0.775774,0.00112,-0.021298,0.017609,0.257851,-0.175017,-0.164191,-1.356101,0.029163,0.020807,-0.010826,0.973538,-0.13071,0.187449,-0.009441,0.796561,0.604483,-0.228327,-0.590258,0.774249,0.000547,-0.010665,0.008784,0.426806,-0.24576,-0.193913,-0.992278,0.083607,0.036628,-0.047413,0.912053,-0.32074,-0.255507,0.385129,0.883965,0.265103,0.140831,-0.340192,0.92975,0.001066,0.011718,0.019291,0.07197,0.034579,0.122065,-0.983681
2279,0.170168,-0.010859,0.343054,-0.890026,0.368643,-0.26833,-0.434149,-0.865028,0.251422,-0.138324,0.339804,0.930283,0.002309,0.025723,0.040155,0.378109,0.271683,0.242509,-1.457461,-0.197286,-0.046239,0.318967,-0.978866,0.079853,0.188243,0.048342,-0.803753,0.592939,0.199881,0.589403,0.782633,0.001191,-0.02059,0.018433,0.429511,-0.278442,-0.230289,-1.355007,0.029179,0.020392,-0.010474,0.974959,-0.123184,0.185147,-0.012031,0.80213,0.597028,-0.222057,-0.584305,0.780562,0.000592,-0.010195,0.009331,0.455811,-0.312741,-0.262701,-0.985256,0.083554,0.0371,-0.046642,0.910312,-0.326122,-0.254903,0.389391,0.883564,0.260169,0.140376,-0.336092,0.931308,-0.005902,0.013202,0.020556,0.408042,0.314818,0.235778,-0.991519
2280,0.170014,-0.010007,0.344944,-0.888126,0.374654,-0.266291,-0.438425,-0.864511,0.245715,-0.137052,0.334503,0.93239,-0.011306,0.019532,0.052631,0.045923,0.057669,0.10374,-1.41722,-0.197321,-0.046932,0.319677,-0.979886,0.07385,0.185367,0.049962,-0.808208,0.586718,0.194379,0.58408,0.787991,0.001356,-0.018933,0.020355,0.068482,-0.062256,-0.090268,-1.353061,0.029161,0.020044,-0.010121,0.976477,-0.115914,0.181812,-0.013782,0.807931,0.589115,-0.215179,-0.577763,0.787328,0.00069,-0.009224,0.010459,0.055459,-0.167109,0.10246,-0.98395,0.083482,0.037525,-0.045704,0.9086,-0.33327,-0.251744,0.394104,0.883686,0.252548,0.138296,-0.328678,0.93426,0.001329,0.009451,0.025878,0.034828,0.051966,0.112751,-0.995602
2281,0.169808,-0.009395,0.347174,-0.886288,0.382815,-0.260751,-0.443145,-0.864635,0.236646,-0.133764,0.324806,0.936288,0.003046,0.010911,0.062228,0.148843,0.163,0.168343,-1.378925,-0.197377,-0.047346,0.320377,-0.981048,0.066112,0.182112,0.052277,-0.814391,0.5779,0.187752,0.576381,0.795234,0.001092,-0.005348,0.014943,0.097359,-0.081264,-0.043124,-1.344224,0.029133,0.01983,-0.009771,0.97796,-0.108126,0.178611,-0.015967,0.814223,0.580331,-0.208178,-0.570393,0.794551,0.000528,-0.002734,0.007405,0.064916,-0.064962,-0.076022,-0.978562,0.083374,0.037835,-0.044591,0.907097,-0.341229,-0.246448,0.398806,0.884008,0.243891,0.13464,-0.319518,0.937965,-0.005506,0.005541,0.031382,0.215097,0.227855,0.160173,-0.995928
