frame,MLTx,MLTy,MLTz,MLTR1,MLTR2,MLTR3,MLTR4,MLTR5,MLTR6,MLTR7,MLTR8,MLTR9,MLTTVx,MLTTVy,MLTTVz,MLTRVx,MLTRVy,MLTRVz,MLGA,MRTx,MRTy,MRTz,MRTR1,MRTR2,MRTR3,MRTR4,MRTR5,MRTR6,MRTR7,MRTR8,MRTR9,MRTTVx,MRTTVy,MRTTVz,MRTRVx,MRTRVy,MRTRVz,MRGA,SLTx,SLTy,SLTz,SLTR1,SLTR2,SLTR3,SLTR4,SLTR5,SLTR6,SLTR7,SLTR8,SLTR9,SLTTVx,SLTTVy,SLTTVz,SLTRVx,SLTRVy,SLTRVz,SLGA,SRTx,SRTy,SRTz,SRTR1,SRTR2,SRTR3,SRTR4,SRTR5,SRTR6,SRTR7,SRTR8,SRTR9,SRTTVx,SRTTVy,SRTTVz,SRTRVx,SRTRVy,SRTRVz,SRGA
1560,0.089981,0.057617,0.408248,-0.345237,0.246988,-0.905457,-0.562642,-0.826611,-0.011013,-0.750759,0.505335,0.425471,0.008859,0.069521,-0.0521,0.087793,-0.366346,-1.104708,0.262528,-0.126631,0.067098,0.372826,0.272961,-0.711233,0.647789,0.215763,0.701363,0.679316,-0.937807,-0.044769,0.344059,-0.073544,0.028088,-0.022593,0.114438,-0.056633,0.099311,0.471277,0.028639,0.052357,0.002217,-0.241369,0.702802,0.669186,-0.187568,-0.710357,0.678387,0.952133,0.038223,0.303281,-0.031121,0.014885,-0.011207,0.119876,-0.095795,0.168385,0.471459,0.083049,0.05433,-0.039931,-0.379768,0.289068,-0.878757,-0.477932,-0.874637,-0.081167,-0.792057,0.389162,0.470314,0.004398,0.034525,-0.026165,0.060269,-0.534985,-1.216656,0.188092
1561,0.090334,0.060401,0.406191,-0.352468,0.207928,-0.912456,-0.547286,-0.836672,0.020692,-0.758694,0.506406,0.409834,-0.001535,0.074202,-0.049246,0.102121,-0.262372,-0.874273,0.16441,-0.129141,0.068385,0.372121,0.286012,-0.711523,0.641813,0.214595,0.700239,0.680844,-0.934194,-0.05611,0.35213,-0.052204,0.041417,-0.017483,0.099888,-0.003761,-0.015611,0.42761,0.027356,0.05301,0.001856,-0.254848,0.703112,0.663841,-0.186493,-0.709358,0.679727,0.948826,0.049425,0.311904,-0.02617,0.021164,-0.008472,0.081656,0.010779,-0.007375,0.425901,0.083227,0.055743,-0.040981,-0.383183,0.24921,-0.889417,-0.46092,-0.886049,-0.04969,-0.800451,0.39091,0.454385,-0.000717,0.037146,-0.024614,0.10905,-0.21726,-0.851605,0.104814
1562,0.090366,0.061792,0.405246,-0.347307,0.194817,-0.917317,-0.545951,-0.837305,0.028821,-0.762034,0.510573,0.398306,-0.001566,0.073872,-0.049238,0.076282,-0.507693,-0.776734,0.077281,-0.130207,0.069297,0.371774,0.307291,-0.703579,0.640734,0.196318,0.705595,0.680829,-0.931479,-0.082545,0.354114,-0.052526,0.044822,-0.015812,0.009277,-0.091512,-0.060548,0.398555,0.026862,0.053434,0.001695,-0.275751,0.695443,0.663565,-0.168302,-0.714598,0.678987,0.946379,0.075552,0.314096,-0.020646,0.023225,-0.007841,-0.954865,-1.232018,-0.430926,0.397325,0.083245,0.056388,-0.04142,-0.37743,0.239492,-0.894532,-0.460041,-0.886839,-0.043327,-0.803683,0.395169,0.444896,-0.000834,0.036662,-0.024743,0.162333,-0.121521,-0.363997,0.021209
1563,0.089963,0.064153,0.403752,-0.33207,0.183148,-0.925328,-0.542708,-0.839419,0.028559,-0.771101,0.511434,0.379295,-0.015779,0.052195,-0.030652,0.062752,-0.340898,-0.338449,-0.041539,-0.131692,0.071355,0.37114,0.340482,-0.689211,0.639572,0.167397,0.713676,0.680131,-0.925606,-0.123647,0.357532,-0.019384,0.054723,-0.013189,0.082482,-0.066661,0.063628,0.342899,0.026087,0.054481,0.001374,-0.30935,0.680985,0.663747,-0.139087,-0.72288,0.67683,0.940721,0.117058,0.318339,-0.015366,0.027081,-0.006326,-0.000285,-0.018532,-0.171477,0.332172,0.083049,0.057606,-0.042187,-0.361083,0.22893,-0.903996,-0.456241,-0.888823,-0.042852,-0.813303,0.396967,0.425386,-0.008051,0.025495,-0.015575,0.036244,-0.550912,-0.265288,-0.165269
1564,0.089065,0.065822,0.40279,-0.328495,0.177243,-0.92775,-0.538463,-0.842108,0.029719,-0.775598,0.509097,0.373224,-0.029258,0.039688,-0.021792,0.097903,-0.022717,-0.04752,-0.064138,-0.132282,0.073657,0.370574,0.374648,-0.668022,0.642944,0.131541,0.724628,0.676421,-0.918207,-0.168008,0.358515,-0.008212,0.056609,-0.01301,0.001319,-0.03645,-0.132402,0.180176,0.025785,0.055617,0.0011,-0.343105,0.659991,0.668348,-0.103678,-0.733803,0.671403,0.933557,0.161069,0.320198,-0.004026,0.027817,-0.006716,-0.994126,-0.941132,-0.890958,0.189129,0.082596,0.058463,-0.042679,-0.356709,0.222925,-0.907228,-0.451617,-0.891249,-0.04143,-0.817802,0.394941,0.418593,-0.01468,0.019621,-0.010978,0.104223,0.015091,-0.028241,-0.234178
1565,0.087619,0.066815,0.402516,-0.329507,0.172641,-0.928259,-0.535962,-0.843569,0.033305,-0.776898,0.508267,0.371648,-0.042454,0.021638,-0.001976,0.030149,0.039247,-0.103116,-0.050992,-0.132096,0.075886,0.370065,0.373204,-0.659256,0.652757,0.125975,0.732982,0.668432,-0.919572,-0.166404,0.355752,0.013743,0.060504,-0.012564,0.117245,-0.081582,0.165139,0.044763,0.025871,0.056752,0.000841,-0.341476,0.650813,0.678111,-0.098166,-0.742229,0.662916,0.934749,0.159802,0.317342,0.006825,0.030637,-0.006097,0.119537,-0.086125,0.176022,-0.015964,0.081872,0.058954,-0.042818,-0.357436,0.218562,-0.908002,-0.448964,-0.892734,-0.038151,-0.818944,0.394024,0.417222,-0.021246,0.010738,-0.001003,0.030954,0.04591,-0.099446,-0.242016
1566,0.086765,0.06704,0.402627,-0.331618,0.171264,-0.927763,-0.535199,-0.843965,0.035448,-0.776523,0.508076,0.372691,-0.043877,0.010531,0.006755,-0.003938,0.058854,-0.118215,-0.038914,-0.131775,0.077041,0.369884,0.372686,-0.651475,0.660815,0.119168,0.739719,0.662229,-0.920688,-0.167239,0.352459,0.013313,0.062511,-0.011625,-0.095446,1.363691,-2.145949,-0.024814,0.026032,0.057327,0.00075,-0.341824,0.644521,0.683921,-0.092731,-0.747339,0.657939,0.935177,0.161479,0.315225,0.013055,0.026066,-0.001992,0.085266,-0.095566,0.187425,-0.104304,0.081461,0.059063,-0.042765,-0.359345,0.217052,-0.907611,-0.448176,-0.893212,-0.036165,-0.81854,0.393774,0.41825,-0.021988,0.005105,0.003334,-0.00417,0.059826,-0.117553,-0.23728
1567,0.084899,0.067048,0.403252,-0.336523,0.168574,-0.926488,-0.534695,-0.844054,0.040581,-0.774753,0.508831,0.375334,-0.057476,-0.007947,0.026393,-0.073036,0.112723,-0.178012,-0.035625,-0.130802,0.079235,0.369497,0.372279,-0.631253,0.680381,0.092445,0.754548,0.64965,-0.923918,-0.178162,0.338375,0.037421,0.04941,-0.00595,-0.318404,1.550049,-2.077962,-0.269779,0.026498,0.05842,0.000561,-0.341257,0.623448,0.703459,-0.066916,-0.762599,0.643399,0.937584,0.172492,0.301961,0.017954,0.029992,-0.007097,-0.574253,0.367905,-0.464563,-0.308581,0.08055,0.059073,-0.042467,-0.363797,0.213888,-0.906588,-0.447599,-0.893688,-0.031232,-0.816888,0.394426,0.420858,-0.023382,-0.005687,0.01221,-0.07304,0.111351,-0.17394,-0.228953
1568,0.083032,0.066614,0.404222,-0.344171,0.166482,-0.924054,-0.5302,-0.846667,0.044881,-0.774473,0.505169,0.380819,-0.04706,-0.011858,0.024228,1.46727,0.07555,-0.785599,-0.046937,-0.129379,0.08131,0.369106,0.375193,-0.601793,0.705029,0.059273,0.774513,0.629722,-0.925463,-0.193724,0.325348,0.046453,0.061281,-0.01419,-0.101475,1.276238,-1.976098,-0.546943,0.027216,0.059469,0.000366,-0.342441,0.594076,0.727878,-0.034299,-0.782106,0.622199,0.938912,0.188101,0.288202,0.01868,0.023841,-0.003392,0.082141,-0.079017,0.158551,-0.570825,0.079614,0.058863,-0.041984,-0.370533,0.213203,-0.904018,-0.448101,-0.893572,-0.027076,-0.813579,0.395059,0.426634,-0.023998,-0.010622,0.016875,-0.100899,0.144462,-0.149725,-0.231728
1569,0.082155,0.066327,0.40477,-0.348744,0.165924,-0.922438,-0.525784,-0.84936,0.045945,-0.775431,0.500816,0.384599,-0.036791,-0.023103,0.032363,-0.056779,0.334031,-0.01613,-0.056931,-0.128501,0.08229,0.368919,0.376237,-0.584189,0.719138,0.0388,0.785323,0.617815,-0.926125,-0.20381,0.317202,0.046741,0.058132,-0.015616,0.082508,-0.110969,0.167489,-0.708308,0.027672,0.059986,0.000269,-0.341662,0.574806,0.743548,-0.013522,-0.794083,0.607658,0.939725,0.197559,0.279081,0.023406,0.028915,-0.007906,0.08569,-0.122904,0.188652,-0.722032,0.079153,0.058715,-0.041705,-0.375394,0.209077,-0.902975,-0.438055,-0.898573,-0.025946,-0.816815,0.385813,0.428906,-0.023247,-0.004955,0.012564,0.007224,0.366427,0.210233,-0.236301
1570,0.080407,0.065799,0.405849,-0.359614,0.160519,-0.919215,-0.506704,-0.860774,0.047861,-0.783113,0.482777,0.392028,-0.046524,-0.009707,0.025216,0.391894,0.105411,-0.327672,-0.092151,-0.126501,0.083918,0.368576,0.366716,-0.560321,0.742664,0.025133,0.803858,0.594235,-0.930394,-0.198549,0.307909,0.061934,0.03012,-0.003056,0.110263,-0.066313,-0.081657,-1.00158,0.028648,0.060794,0.000101,-0.33135,0.55057,0.766211,-0.001215,-0.812335,0.583188,0.943506,0.192309,0.269836,0.024778,0.019251,-0.005817,0.133478,0.040278,-0.263352,-0.918961,0.078266,0.058444,-0.041153,-0.38637,0.20323,-0.899674,-0.418055,-0.90806,-0.025588,-0.82216,0.366227,0.435809,-0.023279,-0.004862,0.012636,0.385276,0.053935,-0.354092,-0.255895
1571,0.07886,0.06535,0.406893,-0.369098,0.158731,-0.91576,-0.487514,-0.871922,0.045304,-0.790828,0.462966,0.40035,-0.034635,-0.009637,0.024687,-0.033122,0.255214,-0.032737,-0.133452,-0.124022,0.084989,0.368452,0.362498,-0.541395,0.758603,0.021582,0.818529,0.574002,-0.93213,-0.191026,0.307419,0.072707,0.031009,-0.003246,0.090696,0.003642,-0.152022,-1.306512,0.029885,0.061321,3.6e-05,-0.326957,0.531222,0.781602,0.001077,-0.826848,0.562424,0.945038,0.18473,0.269772,0.037372,0.009316,0.001985,0.001493,0.15504,-0.313456,-0.870137,0.077504,0.058219,-0.040642,-0.395219,0.199769,-0.896601,-0.397688,-0.91706,-0.029028,-0.828037,0.345095,0.441885,-0.017219,-0.004503,0.012505,-0.024399,0.306218,-0.010226,-0.281695
1572,0.077555,0.065203,0.407812,-0.379157,0.152778,-0.912658,-0.46747,-0.882776,0.046373,-0.798122,0.444028,0.407267,-0.020779,0.002362,0.015645,1.483486,-0.016127,-0.711412,-0.194672,-0.121121,0.085716,0.368735,0.36405,-0.513372,0.777115,0.019066,0.838212,0.54495,-0.931581,-0.182931,0.313935,0.073856,0.022457,0.005861,0.405322,-0.361541,-0.674639,-1.404053,0.031307,0.061678,0.000166,-0.325786,0.505071,0.799228,0.003173,-0.844758,0.535137,0.945437,0.176877,0.273607,0.042404,0.011842,0.00284,0.198493,-0.114408,-0.443116,-0.926309,0.076845,0.058138,-0.04018,-0.404743,0.193578,-0.893705,-0.378296,-0.925227,-0.029083,-0.832511,0.326314,0.447709,-0.016011,0.002563,0.008607,5.003867,-0.215811,-2.356523,-0.315823
1573,0.077003,0.065289,0.408153,-0.385688,0.145082,-0.911175,-0.446462,-0.89357,0.046644,-0.806958,0.42461,0.41055,-0.020664,0.002665,0.015773,0.421324,0.022456,-0.248395,-0.258946,-0.119646,0.085993,0.368939,0.36496,-0.503143,0.783353,0.018001,0.844956,0.534471,-0.931247,-0.180332,0.316421,0.075892,0.010126,0.013212,0.248953,-0.194191,-0.6139,-1.405328,0.032072,0.061828,0.000272,-0.327515,0.493699,0.805601,0.003208,-0.852041,0.523464,0.94484,0.174027,0.277473,0.036874,0.011348,0.002942,0.424486,-0.384957,-0.684792,-0.927942,0.07657,0.058184,-0.040009,-0.410539,0.184573,-0.892966,-0.35511,-0.934346,-0.029866,-0.839853,0.304841,0.449129,-0.015198,0.007851,0.004195,1.523131,-0.067857,-0.784645,-0.348155
1574,0.076176,0.065537,0.40867,-0.397363,0.122629,-0.909456,-0.392735,-0.918398,0.047702,-0.828905,0.375973,0.414232,-0.01886,0.014226,0.007117,0.134825,0.01012,-0.094849,-0.347081,-0.116472,0.086487,0.369464,0.373662,-0.482649,0.792097,0.01899,0.857667,0.51379,-0.92778,-0.17634,0.32862,0.075543,0.01161,0.013942,0.390217,-0.412213,-0.73241,-1.40575,0.03366,0.062073,0.000534,-0.335112,0.473782,0.814389,0.001647,-0.864072,0.503363,0.942176,0.170024,0.288781,0.043181,0.006716,0.007019,0.065431,0.017157,-0.420884,-0.927615,0.076155,0.058304,-0.039747,-0.419837,0.160586,-0.893279,-0.298728,-0.953831,-0.031071,-0.857028,0.253803,0.448426,-0.004701,0.000284,0.007166,0.418116,-0.011372,-0.230998,-0.426044
1575,0.075611,0.065903,0.409142,-0.403398,0.121312,-0.906972,-0.38197,-0.922995,0.046376,-0.831009,0.364988,0.419803,-0.006513,0.015097,0.006819,0.119795,0.524742,0.255424,-0.359816,-0.113264,0.086902,0.370128,0.381814,-0.464963,0.798761,0.01916,0.867946,0.496222,-0.92446,-0.173582,0.339272,0.087942,0.003963,0.022873,0.173742,-0.271624,-0.372001,-1.40589,0.035259,0.062283,0.000863,-0.34412,0.454937,0.821348,0.000153,-0.874747,0.484578,0.938925,0.166878,0.300949,0.037633,0.006319,0.007175,0.275865,-0.264916,-0.625289,-0.929901,0.075867,0.058483,-0.039512,-0.423938,0.156588,-0.892051,-0.287455,-0.957278,-0.031428,-0.858863,0.243101,0.450838,-0.00924,0.004292,0.00911,-0.039895,0.008541,-0.029142,-0.461641
1576,0.075397,0.066151,0.409371,-0.407585,0.121482,-0.905076,-0.381952,-0.922916,0.048071,-0.828968,0.365132,0.423695,-0.007541,0.005625,0.016324,-0.008756,0.131857,0.035732,-0.37782,-0.11172,0.087009,0.370498,0.38402,-0.455725,0.803016,0.018019,0.873148,0.487053,-0.923572,-0.172002,0.342481,0.077462,0.000737,0.022047,0.16294,0.229187,-1.072226,-1.406061,0.036035,0.06234,0.001049,-0.346524,0.446329,0.825052,0.00069,-0.879426,0.476033,0.93804,0.165526,0.304434,0.037748,0.005544,0.006847,0.295904,1.214851,-2.717763,-0.925982,0.075761,0.058613,-0.039399,-0.43008,0.158142,-0.888831,-0.287498,-0.957272,-0.031207,-0.855789,0.242115,0.457169,-0.00296,0.008353,0.003744,0.024418,0.102167,0.052745,-0.4685
1577,0.075089,0.066407,0.409872,-0.426393,0.130837,-0.895051,-0.382323,-0.922809,0.047181,-0.819263,0.362148,0.444617,-0.009071,0.001374,0.014578,0.095696,0.582951,0.258453,-0.506757,-0.108621,0.086904,0.371389,0.382818,-0.441014,0.811756,0.025255,0.883276,0.468101,-0.9239,-0.158149,0.348224,0.077998,-0.001064,0.021308,0.278696,-0.425869,-0.401068,-1.40591,0.037554,0.062294,0.001484,-0.343409,0.432006,0.833931,-0.00673,-0.889038,0.457782,0.939161,0.151594,0.308211,0.03898,-0.000535,0.010599,0.13081,0.582693,-0.955782,-0.916838,0.075611,0.058752,-0.039144,-0.448798,0.163876,-0.878477,-0.287936,-0.957132,-0.031448,-0.845974,0.238831,0.476745,-0.005336,-0.004783,0.011762,0.119267,0.836285,0.368329,-0.531203
1578,0.074879,0.066198,0.410565,-0.460062,0.140289,-0.87676,-0.387421,-0.920186,0.055994,-0.79836,0.365256,0.478787,0.000749,-0.011135,0.022232,-0.247631,1.162185,-0.512555,-0.608503,-0.105707,0.08672,0.372434,0.387358,-0.425647,0.817783,0.040849,0.894007,0.446113,-0.921453,-0.138872,0.362633,0.076798,0.004368,0.023864,0.221757,-0.348802,-0.460055,-1.406547,0.039072,0.062189,0.002022,-0.34939,0.414853,0.840132,-0.024051,-0.900317,0.434569,0.936668,0.131628,0.324539,0.038349,0.002336,0.011951,0.209451,-0.336786,-0.449288,-0.914225,0.075501,0.058646,-0.038803,-0.482693,0.169246,-0.85928,-0.293294,-0.955733,-0.023488,-0.825218,0.240684,0.510965,-0.005054,-0.004056,0.012061,-0.953171,2.310677,-1.941382,-0.611216
1579,0.074731,0.066059,0.41103,-0.478425,0.142409,-0.86653,-0.386231,-0.920305,0.061936,-0.788062,0.364131,0.496381,-0.009669,-0.006875,0.024618,0.096558,0.942069,-0.035728,-0.678611,-0.10421,0.086619,0.373088,0.399717,-0.411635,0.819008,0.042588,0.900787,0.432092,-0.916094,-0.137325,0.376533,0.078145,-0.003369,0.033413,0.395409,-0.657207,-0.695826,-1.406047,0.039767,0.062139,0.002323,-0.3598,0.40273,0.841636,-0.025844,-0.906003,0.422481,0.932671,0.130257,0.336388,0.039124,-0.001956,0.016531,0.252167,-0.450026,-0.552394,-0.913246,0.07543,0.058574,-0.038572,-0.501064,0.167793,-0.848987,-0.292036,-0.956262,-0.016638,-0.814646,0.239598,0.528151,-0.005475,-0.008461,0.01697,0.075854,0.884571,0.149182,-0.655304
1580,0.074415,0.065557,0.412264,-0.501064,0.153729,-0.851673,-0.383206,-0.92176,0.05901,-0.77535,0.355738,0.521834,-0.009905,-0.014132,0.0351,0.150904,0.698901,0.097475,-0.835326,-0.101556,0.086471,0.374539,0.423138,-0.385778,0.81983,0.04485,0.912557,0.406403,-0.90543,-0.134718,0.402381,0.065327,0.002551,0.03676,0.358019,-0.61753,-0.667359,-1.406315,0.041125,0.062056,0.003057,-0.384443,0.375812,0.843189,-0.029645,-0.917939,0.395611,0.922672,0.127094,0.364036,0.033647,-0.003894,0.022511,0.502228,-0.95298,-0.68024,-0.917491,0.075272,0.058324,-0.03796,-0.524832,0.175757,-0.832862,-0.288925,-0.957144,-0.019916,-0.80067,0.230182,0.55312,0.000226,-0.009246,0.016343,0.501265,0.592216,0.707332,-0.765035
1581,0.074233,0.0648,0.413799,-0.512619,0.166968,-0.842252,-0.38094,-0.923299,0.048754,-0.768878,0.345626,0.537956,0.000774,-0.024316,0.043793,0.027198,0.728425,0.095296,-0.954324,-0.099138,0.086337,0.376352,0.447619,-0.368262,0.814869,0.041164,0.918702,0.392717,-0.893783,-0.14179,0.425335,0.054524,-0.002408,0.048171,-0.211469,-0.762949,-0.539863,-1.406216,0.042339,0.061989,0.003959,-0.408998,0.358515,0.839158,-0.026971,-0.923937,0.38159,0.912136,0.133436,0.387558,0.027216,-0.001069,0.024096,-1.066566,-1.521657,-1.013293,-0.916511,0.075176,0.057948,-0.037196,-0.536993,0.186551,-0.8227,-0.286579,-0.957584,-0.03008,-0.793416,0.219616,0.567677,0.000284,-0.012376,0.021815,0.014047,0.838372,-0.114491,-0.808144
1582,0.074129,0.063854,0.415579,-0.519422,0.182039,-0.83493,-0.383293,-0.922863,0.037178,-0.763117,0.339102,0.550171,0.000492,-0.025128,0.043568,-0.02128,0.45786,0.149655,-1.033141,-0.097169,0.086298,0.378299,0.470636,-0.342957,0.812941,0.006287,0.922564,0.385706,-0.882839,-0.175993,0.435298,0.055185,-0.007989,0.058728,0.00584,-0.357102,-0.058596,-1.406435,0.043323,0.061975,0.004929,-0.432545,0.33276,0.837958,0.008152,-0.927919,0.372691,0.901575,0.168037,0.398654,0.021001,0.000623,0.025144,0.085812,-0.340548,-0.26559,-0.91896,0.075127,0.057481,-0.036303,-0.545831,0.200591,-0.813529,-0.289093,-0.956385,-0.041851,-0.786443,0.212342,0.580014,-0.00026,-0.017183,0.026648,-0.017456,0.61047,0.2224,-0.816635
1583,0.074132,0.06332,0.416471,-0.520673,0.188569,-0.832698,-0.386005,-0.921908,0.032528,-0.760895,0.338122,0.55384,-0.000423,-0.034275,0.053398,-0.118187,0.135666,0.224865,-1.044703,-0.096342,0.086284,0.379301,0.478654,-0.333303,0.812275,-0.006281,0.923739,0.382884,-0.878525,-0.187959,0.439008,0.042084,0.000901,0.050183,-0.022866,-0.173243,-0.188482,-1.406172,0.04374,0.061969,0.005435,-0.440951,0.323019,0.837388,0.020455,-0.929132,0.36918,0.897297,0.179919,0.403094,0.020877,0.000943,0.025284,0.015616,-0.309252,-0.040803,-0.922553,0.075128,0.057216,-0.035861,-0.548483,0.207296,-0.810058,-0.291883,-0.955306,-0.046833,-0.783562,0.210755,0.584476,0.000245,-0.012504,0.021833,-0.105146,0.177628,0.013634,-0.816799
1584,0.074214,0.062136,0.41836,-0.523314,0.198476,-0.828732,-0.391793,-0.91964,0.027091,-0.756112,0.338616,0.560055,0.011455,-0.028031,0.041896,-0.117998,0.107585,0.020937,-1.101393,-0.095189,0.086228,0.381201,0.484359,-0.32626,0.811753,-0.010297,0.92559,0.378299,-0.875359,-0.191189,0.44391,0.02085,-0.004703,0.048737,-0.123836,0.003938,-0.149485,-1.406104,0.044331,0.061947,0.006406,-0.446977,0.315697,0.836986,0.024259,-0.931033,0.364125,0.894216,0.18306,0.408492,0.01038,-0.002296,0.024372,-0.158178,0.052522,-0.118314,-0.924186,0.07517,0.056613,-0.034896,-0.551868,0.216458,-0.805348,-0.298093,-0.953124,-0.051907,-0.778833,0.211423,0.590524,0.005707,-0.013992,0.020956,-0.132724,0.058138,-0.003256,-0.817942
1585,0.074289,0.061089,0.420138,-0.518292,0.204579,-0.830401,-0.396624,-0.917716,0.021398,-0.757056,0.340188,0.557822,0.001011,-0.023844,0.044333,-0.013918,-0.06314,0.175196,-1.214708,-0.09463,0.086223,0.382866,0.48842,-0.321429,0.811247,-0.01388,0.926626,0.375642,-0.873054,-0.194334,0.447073,0.008385,0.001943,0.039075,-0.088917,-0.064265,0.027696,-1.406092,0.044606,0.061947,0.007225,-0.450882,0.311009,0.836646,0.027691,-0.932006,0.361381,0.892153,0.186108,0.411613,0.004171,0.00095,0.019515,-0.124817,0.066177,-0.124302,-0.926962,0.075206,0.056096,-0.034024,-0.547269,0.222718,-0.806779,-0.303064,-0.951262,-0.057024,-0.780159,0.213298,0.588095,0.000335,-0.012314,0.022011,0.310917,-0.366901,0.636541,-0.818105
1586,0.074294,0.060645,0.420992,-0.51812,0.20582,-0.830202,-0.399142,-0.916615,0.021793,-0.755851,0.342399,0.558103,0.001122,-0.023561,0.044486,-0.127189,-0.017166,0.146065,-1.258192,-0.09449,0.086283,0.383627,0.492716,-0.317954,0.810017,-0.014429,0.927662,0.373052,-0.870631,-0.195105,0.45144,0.005947,0.013333,0.030938,0.153339,-0.385888,-0.154602,-1.406258,0.044677,0.061971,0.007608,-0.453966,0.308697,0.835834,0.028541,-0.932546,0.359917,0.890561,0.187246,0.414534,0.004051,0.00134,0.019662,0.265762,-0.591057,-0.308049,-0.929085,0.075209,0.055875,-0.033597,-0.547168,0.223962,-0.806503,-0.305626,-0.950467,-0.056589,-0.779229,0.215525,0.588514,0.000737,-0.011222,0.022455,-0.135073,0.054505,-0.009551,-0.818105
1587,0.074322,0.059956,0.422579,-0.513263,0.211826,-0.831707,-0.40421,-0.914503,0.01647,-0.756477,0.344369,0.556039,0.002217,-0.013923,0.03485,-0.09283,-0.036041,0.161542,-1.285979,-0.094434,0.086427,0.384964,0.499509,-0.311886,0.808214,-0.021399,0.928138,0.371532,-0.866614,-0.202494,0.455894,-0.003573,0.006975,0.028618,-0.048602,-0.062417,0.014177,-1.405853,0.044707,0.06205,0.00828,-0.462203,0.301482,0.833952,0.034981,-0.933503,0.356857,0.886083,0.194113,0.420921,-0.001704,0.003109,0.014149,-0.077602,-0.010939,0.012653,-0.929085,0.075223,0.055537,-0.032816,-0.542902,0.23055,-0.807528,-0.310889,-0.948436,-0.061769,-0.780131,0.217517,0.586584,0.001131,-0.006827,0.017476,-0.096395,-0.033118,0.157041,-0.818268
1588,0.074347,0.059477,0.423857,-0.514495,0.210321,-0.831328,-0.402217,-0.915366,0.01728,-0.756701,0.342997,0.556583,0.002463,-0.006587,0.024275,-0.067047,0.026876,-0.004179,-1.30422,-0.094569,0.086604,0.386098,0.50775,-0.304886,0.805745,-0.021603,0.930402,0.365811,-0.861814,-0.202771,0.464784,-0.002832,0.004379,0.027448,0.0191,-0.166755,-0.051686,-1.406086,0.044642,0.062135,0.008839,-0.470302,0.294757,0.831825,0.034951,-0.935611,0.351295,0.881812,0.194288,0.429718,-0.001359,0.001912,0.013612,0.048757,-0.201173,-0.107352,-0.927778,0.075237,0.055291,-0.032155,-0.543972,0.228969,-0.807258,-0.308957,-0.949116,-0.061014,-0.780153,0.216218,0.587034,0.000685,-0.00807,0.017019,-0.101422,0.046334,-0.019439,-0.820717
1589,0.074397,0.059065,0.424907,-0.51512,0.20563,-0.832114,-0.39899,-0.916713,0.020395,-0.757981,0.34225,0.555299,0.001634,-0.008869,0.023423,0.346322,0.014904,-0.28117,-1.308077,-0.094724,0.086747,0.387033,0.517516,-0.29358,0.803728,-0.032958,0.931683,0.361683,-0.85563,-0.213304,0.471446,-0.001641,0.000179,0.025665,0.091769,-0.267726,-0.148615,-1.405989,0.044561,0.062215,0.009315,-0.479722,0.283993,0.830189,0.046289,-0.936661,0.347163,0.876198,0.204971,0.436192,-0.000797,-6.6e-05,0.012773,0.170651,-0.380213,-0.217838,-0.928268,0.075262,0.055086,-0.03163,-0.543958,0.224513,-0.808519,-0.306065,-0.950244,-0.057953,-0.781302,0.215935,0.585609,0.000747,-0.004554,0.011657,1.334816,-0.007245,-0.9239,-0.819411
1590,0.074417,0.058921,0.425355,-0.515524,0.20574,-0.831836,-0.399908,-0.916296,0.021147,-0.757222,0.343298,0.555687,0.001686,-0.008732,0.02348,-0.067077,0.026787,-0.004217,-1.310681,-0.094743,0.086809,0.387479,0.519716,-0.291896,0.802922,-0.033304,0.932106,0.36056,-0.854284,-0.21377,0.473671,0.009155,0.001727,0.025844,-0.006496,-0.128226,-0.021958,-1.406055,0.044551,0.062245,0.009548,-0.482634,0.281712,0.829278,0.046415,-0.937299,0.34542,0.87459,0.205203,0.439296,0.004615,0.000671,0.012846,-0.02675,-0.099905,-0.004556,-0.928921,0.075272,0.055008,-0.031398,-0.544553,0.224355,-0.808162,-0.306547,-0.950134,-0.057211,-0.780698,0.216586,0.586174,0.000795,-0.00445,0.011707,-0.066827,0.029047,-0.003261,-0.818432
1591,0.074442,0.058818,0.426064,-0.515884,0.200804,-0.832818,-0.395744,-0.918038,0.023726,-0.759159,0.341568,0.554108,0.002893,0.001275,0.013853,-0.03358,0.005089,0.00999,-1.31113,-0.09474,0.086878,0.388347,0.525963,-0.285667,0.801092,-0.039342,0.932645,0.358552,-0.850199,-0.21975,0.478262,-0.000867,-0.002564,0.024497,-0.04134,-0.062399,-0.019332,-1.405998,0.044554,0.062278,0.009972,-0.488986,0.275498,0.827642,0.052316,-0.937844,0.34309,0.870721,0.211065,0.44418,0.004853,-0.000194,0.012482,-0.061949,-0.035302,0.002004,-0.929411,0.075283,0.054954,-0.031044,-0.544352,0.219423,-0.80965,-0.302187,-0.951675,-0.054743,-0.782536,0.214866,0.584353,0.001432,0.00063,0.006925,-0.029758,0.021183,0.017277,-0.819411
1592,0.074355,0.059047,0.426616,-0.5169,0.197112,-0.83307,-0.396299,-0.917657,0.028704,-0.758178,0.344732,0.553492,-0.007369,0.005933,0.016328,-0.081209,-0.146662,-0.090847,-1.311647,-0.09459,0.086987,0.389233,0.532349,-0.27972,0.798969,-0.045161,0.93302,0.356886,-0.845929,-0.225726,0.483027,0.006953,0.01222,0.017198,-0.396847,-0.264367,-0.211894,-1.405887,0.04463,0.062327,0.010422,-0.495427,0.269704,0.825718,0.057955,-0.938196,0.341215,0.866713,0.216901,0.449177,0.00346,0.006117,0.0086,-0.42311,-0.234643,-0.196516,-0.929248,0.075239,0.055067,-0.030769,-0.54521,0.215839,-0.810036,-0.302716,-0.951775,-0.049857,-0.781734,0.218029,0.584255,-0.003679,0.003008,0.008181,-0.086521,-0.177027,-0.100058,-0.820717
1593,0.074275,0.059236,0.426868,-0.517366,0.193683,-0.833585,-0.396539,-0.917413,0.032889,-0.757734,0.347318,0.552481,-0.007107,0.006623,0.016571,-0.20787,-0.076986,-0.264624,-1.31131,-0.094474,0.087078,0.389684,0.538109,-0.273354,0.797312,-0.050352,0.933755,0.35426,-0.841987,-0.23044,0.487667,0.006752,0.012873,0.017428,-4.243714,-2.293515,-2.820559,-1.406034,0.044685,0.062367,0.01064,-0.498748,0.267312,0.824496,0.057906,-0.938852,0.339415,0.86481,0.217026,0.452772,-0.000751,-0.000232,0.012637,0.236445,-0.47572,-0.27257,-0.925655,0.075204,0.055153,-0.030652,-0.545057,0.213253,-0.810823,-0.30294,-0.951864,-0.046704,-0.781754,0.220174,0.583423,-0.003728,0.002757,0.008071,-1.452881,0.923589,-2.247499,-0.820391
1594,0.074108,0.059528,0.427318,-0.516289,0.188467,-0.835446,-0.397102,-0.916952,0.038485,-0.758174,0.351387,0.549295,0.002709,0.000746,0.013608,-0.058174,-0.082768,-0.027486,-1.312718,-0.094192,0.087217,0.390593,0.546114,-0.26548,0.794526,-0.055782,0.934745,0.350818,-0.836479,-0.23558,0.49464,0.00955,6.5e-05,0.025062,0.069518,-0.233194,-0.119149,-1.40575,0.044824,0.062446,0.011094,-0.508998,0.255919,0.821842,0.068529,-0.9397,0.335062,0.858034,0.226866,0.460768,0.00345,0.006065,0.008537,0.161149,-0.327598,-0.118281,-0.924186,0.075116,0.055311,-0.030422,-0.543459,0.207255,-0.813447,-0.303436,-0.952018,-0.039838,-0.782674,0.225179,0.580271,-0.004069,0.001894,0.007755,-0.055508,-0.05849,-0.05033,-0.815329
1595,0.073858,0.059753,0.427766,-0.519256,0.183053,-0.834811,-0.397245,-0.916541,0.04605,-0.756069,0.355303,0.549678,-0.008689,0.002195,0.014906,-0.034144,0.021267,-0.018925,-1.31069,-0.093905,0.087232,0.39152,0.555333,-0.253863,0.791928,-0.067207,0.935374,0.347119,-0.829546,-0.245677,0.501358,0.007837,0.008852,0.015762,-0.364113,-0.293092,-0.274791,-1.405929,0.044968,0.062452,0.011562,-0.518681,0.244187,0.819354,0.079187,-0.940505,0.33042,0.851292,0.236265,0.468485,-0.000306,-0.001799,0.011982,-1.33892,-0.687683,-0.890675,-0.923859,0.074995,0.055423,-0.030198,-0.545982,0.201675,-0.81316,-0.303549,-0.952265,-0.032362,-0.780872,0.229165,0.581138,-0.004416,0.000921,0.007393,-0.029227,0.045006,-0.035661,-0.816635
1596,0.073567,0.05992,0.428185,-0.520664,0.178841,-0.834847,-0.397215,-0.91627,0.051382,-0.755115,0.358139,0.549149,-0.009625,-0.000389,0.013956,-0.03673,0.028425,-0.047154,-1.311571,-0.093682,0.087031,0.392491,0.561071,-0.246921,0.790076,-0.074043,0.935595,0.345127,-0.825094,-0.251837,0.50563,0.002289,-0.016588,0.031656,-0.088838,-0.041378,-0.029901,-1.405706,0.045078,0.062361,0.012032,-0.524659,0.237002,0.817656,0.086341,-0.940699,0.328069,0.846922,0.242722,0.473084,0.000101,-0.00327,0.011422,-0.076785,-0.000458,-0.015228,-0.918144,0.074847,0.055509,-0.029983,-0.546912,0.197331,-0.813601,-0.30349,-0.952452,-0.026999,-0.780244,0.232154,0.580795,-0.00485,-0.000278,0.006954,-0.03054,0.050199,-0.037322,-0.820064
1597,0.07337,0.060021,0.428378,-0.523435,0.176562,-0.833598,-0.39686,-0.91621,0.055074,-0.753382,0.359425,0.550687,-0.009418,0.000158,0.014155,-0.033826,0.022375,-0.01845,-1.311932,-0.093588,0.086876,0.392951,0.564592,-0.241701,0.789182,-0.080267,0.93547,0.344075,-0.822106,-0.25731,0.507736,0.000762,-0.008388,0.02214,-0.053702,-0.038697,-0.03902,-1.405741,0.045128,0.062284,0.012267,-0.528217,0.231861,0.816839,0.09252,-0.940551,0.326806,0.844053,0.248198,0.475363,0.005463,-0.002502,0.011539,-0.100119,-0.046456,-0.018036,-0.914388,0.074754,0.055553,-0.029894,-0.549515,0.194816,-0.812453,-0.303097,-0.952671,-0.023434,-0.778566,0.233375,0.582555,-0.010042,0.001816,0.00811,-0.041914,0.119678,-0.226656,-0.82284
1598,0.072938,0.060355,0.428729,-0.526391,0.16744,-0.833619,-0.395521,-0.91609,0.065684,-0.752023,0.364076,0.549488,-0.019445,0.005257,0.016794,-0.163839,-0.412384,-0.238178,-1.307423,-0.093426,0.086585,0.393796,0.571745,-0.232716,0.786729,-0.086589,0.936375,0.340055,-0.816506,-0.26226,0.514199,-0.000971,0.00053,0.012882,0.123045,-0.25206,-0.141998,-1.406036,0.04521,0.062135,0.012692,-0.534597,0.223858,0.814919,0.098949,-0.941066,0.323422,0.839294,0.253536,0.48094,0.0058,-0.003692,0.01109,0.229247,-0.470939,-0.257467,-0.914715,0.07453,0.055721,-0.029713,-0.552653,0.186512,-0.812272,-0.301656,-0.953318,-0.013658,-0.776902,0.237479,0.583117,-0.009722,0.002639,0.008408,-0.223478,-0.624233,-0.325744,-0.832801
1599,0.072534,0.06081,0.429034,-0.526348,0.157318,-0.835616,-0.393776,-0.916084,0.075506,-0.752967,0.368587,0.545171,-0.007381,0.012226,0.005214,-0.142197,-0.48582,-0.209812,-1.306661,-0.093332,0.086369,0.39449,0.578275,-0.225477,0.78406,-0.098254,0.934726,0.341418,-0.810568,-0.274193,0.517359,0.001605,-0.011345,0.021036,-0.451974,-0.189632,-0.283641,-1.405558,0.045257,0.062027,0.013044,-0.542,0.216085,0.812122,0.109969,-0.93983,0.323456,0.833151,0.264622,0.485626,-0.000241,-0.000609,0.006098,-1.354294,-0.570572,-0.86168,-0.910959,0.074334,0.05594,-0.029564,-0.551876,0.177136,-0.814895,-0.299861,-0.953973,-0.004292,-0.778148,0.241986,0.579591,-0.004385,0.000926,0.007383,-0.036156,0.013801,-0.021841,-0.834434
1600,0.072347,0.061003,0.429171,-0.525894,0.154288,-0.836467,-0.393166,-0.916126,0.078142,-0.753604,0.369767,0.54349,-0.007467,0.01196,0.005112,-0.032501,-0.108897,-0.05051,-1.308829,-0.093304,0.086288,0.394772,0.583094,-0.221656,0.781576,-0.103378,0.933913,0.34213,-0.80647,-0.280019,0.520633,-0.00028,-0.001889,0.011956,-1.383883,-0.737525,-0.676752,-1.405607,0.045271,0.061983,0.013189,-0.546529,0.212926,0.809918,0.11403,-0.939206,0.323863,0.829639,0.269356,0.489024,0.00117,-0.006589,0.010042,-4.624127,-2.427634,-2.189625,-0.912755,0.074238,0.056041,-0.029493,-0.549541,0.172473,-0.817469,-0.299132,-0.954211,-0.000233,-0.780079,0.244403,0.575971,-0.003812,0.005789,0.002496,-0.037023,-0.012553,-0.225488,-0.836883
1601,0.071883,0.061341,0.429525,-0.524906,0.148414,-0.838148,-0.392225,-0.916068,0.083364,-0.754781,0.372311,0.540108,-0.018688,0.013732,0.006547,-0.005897,4.8e-05,-0.040255,-1.309146,-0.093302,0.086197,0.395222,0.589467,-0.214536,0.778777,-0.114148,0.932209,0.343352,-0.800363,-0.291026,0.524009,-8.7e-05,-0.002563,0.011699,-0.032175,-0.014059,0.000989,-1.40531,0.045273,0.061934,0.013417,-0.553503,0.205042,0.807211,0.126531,-0.937266,0.324839,0.823178,0.281937,0.492836,-3.2e-05,-0.001362,0.00582,-0.041474,0.003477,0.006926,-0.914715,0.074011,0.056212,-0.029316,-0.548003,0.166936,-0.819649,-0.298149,-0.954506,0.004936,-0.781536,0.247083,0.572844,-0.004696,6.3e-05,0.007067,-0.028908,0.055062,-0.035948,-0.841292
1602,0.07125,0.061467,0.43,-0.526764,0.147031,-0.837225,-0.391907,-0.915993,0.085652,-0.753649,0.373045,0.54118,-0.020926,0.001072,0.015277,-0.036075,0.048908,-0.074243,-1.308345,-0.093346,0.086244,0.395573,0.601723,-0.203591,0.772316,-0.13378,0.927532,0.348886,-0.788112,-0.313001,0.529879,-0.002278,0.007965,0.002999,0.009123,-0.015129,-0.008414,-1.404671,0.045251,0.061958,0.013592,-0.566174,0.194155,0.801093,0.14638,-0.932734,0.329513,0.811183,0.303825,0.49967,-0.001165,0.004039,0.001524,-0.006815,0.015422,-0.000376,-0.917001,0.073696,0.056281,-0.029081,-0.549932,0.16558,-0.818631,-0.297809,-0.954599,0.006977,-0.78031,0.247633,0.574276,-0.010383,0.000767,0.00773,-0.034452,0.03848,-0.047392,-0.843088
1603,0.07046,0.061473,0.430702,-0.52909,0.145482,-0.836029,-0.39189,-0.91572,0.088599,-0.752026,0.374322,0.542556,-0.031656,-0.002431,0.028124,-0.069734,0.071725,-0.092482,-1.306269,-0.093356,0.086427,0.395886,0.618218,-0.193354,0.761848,-0.15039,0.922179,0.356233,-0.772195,-0.334565,0.540041,-0.002908,0.010164,0.003809,-0.654619,-1.822461,2.262092,-1.402441,0.045248,0.062042,0.013746,-0.581358,0.182354,0.79295,0.164103,-0.928255,0.333783,0.796927,0.324173,0.509724,-0.000373,-0.000162,0.006266,-0.03884,-0.002979,0.000373,-0.917328,0.073303,0.056279,-0.028737,-0.552065,0.163725,-0.817568,-0.297771,-0.954585,0.009906,-0.778817,0.248917,0.575745,-0.010045,0.00166,0.008058,-0.034727,0.037499,-0.047818,-0.848313
1604,0.069945,0.061459,0.431166,-0.530439,0.144664,-0.835316,-0.392018,-0.915497,0.090325,-0.751008,0.375186,0.543369,-0.031632,-0.00237,0.028161,-0.069704,0.071805,-0.092442,-1.303015,-0.093327,0.086532,0.396047,0.628416,-0.186734,0.755126,-0.157607,0.919972,0.358812,-0.762466,-0.344265,0.547714,0.007473,0.012768,0.004446,0.242697,-0.463712,-0.120022,-1.401884,0.045258,0.062094,0.013827,-0.592392,0.179141,0.78548,0.171013,-0.924787,0.339885,0.78729,0.335672,0.517201,-0.000346,-0.000253,0.006229,0.191128,-0.690214,0.122063,-0.918471,0.073046,0.056273,-0.028505,-0.553315,0.162719,-0.816923,-0.297899,-0.954525,0.011645,-0.77788,0.249804,0.576627,-0.010007,0.001761,0.008097,-0.026371,-0.029982,0.108057,-0.84913
1605,0.06889,0.061214,0.432226,-0.533148,0.143259,-0.833832,-0.392756,-0.914822,0.093889,-0.748699,0.377366,0.545043,-0.032465,-0.004512,0.027444,-0.071093,0.083325,-0.118808,-1.292538,-0.093261,0.086728,0.396409,0.636749,-0.176538,0.750584,-0.175305,0.914711,0.364012,-0.751609,-0.363147,0.550519,-0.000858,0.000123,0.012671,-0.02037,-0.105957,0.177099,-1.401986,0.045294,0.062197,0.014005,-0.601955,0.167511,0.780762,0.188772,-0.920185,0.342963,0.775897,0.353834,0.522288,-0.001544,0.005355,0.001995,0.012734,-0.103079,0.203011,-0.91945,0.07252,0.056155,-0.027974,-0.555838,0.160945,-0.81556,-0.298666,-0.954235,0.015241,-0.775784,0.252051,0.578469,-0.010791,-0.003592,0.012846,-0.068726,0.057234,-0.062849,-0.855498
1606,0.067832,0.060836,0.433449,-0.532528,0.144745,-0.833971,-0.394084,-0.914353,0.092881,-0.748443,0.377931,0.545002,-0.031847,-0.002858,0.028079,-0.06959,0.072089,-0.092292,-1.287138,-0.093179,0.086913,0.396824,0.645937,-0.163559,0.745658,-0.1931,0.909914,0.367019,-0.739304,-0.380854,0.555196,0.009327,0.003332,0.013529,-0.38836,-0.3047,-0.070355,-1.402878,0.045335,0.06229,0.014217,-0.611493,0.154774,0.775963,0.206465,-0.915495,0.345309,0.763836,0.371364,0.527864,0.00465,0.001687,0.006774,-0.398519,-0.29611,-0.067539,-0.923043,0.07199,0.055962,-0.027363,-0.555352,0.162507,-0.815582,-0.300038,-0.95382,0.014253,-0.775602,0.252621,0.578464,-0.011322,-0.008253,0.017864,-0.10706,0.090857,-0.108409,-0.852886
1607,0.067277,0.060638,0.434111,-0.530619,0.146807,-0.834827,-0.394867,-0.91429,0.090135,-0.749388,0.377286,0.544151,-0.0318,-0.002717,0.028154,-0.066537,0.069115,-0.087102,-1.285944,-0.093153,0.087045,0.39704,0.65051,-0.155261,0.743453,-0.202474,0.907913,0.366923,-0.732756,-0.389024,0.558204,-0.001509,0.002381,0.013481,0.029067,-0.196906,0.118803,-1.401921,0.045349,0.062353,0.01432,-0.616097,0.146385,0.773947,0.216002,-0.913512,0.344729,0.757473,0.379561,0.531193,-0.000859,0.001526,0.006866,0.003297,-0.129004,-0.081346,-0.923696,0.071721,0.05587,-0.027046,-0.553577,0.16489,-0.81631,-0.300841,-0.953606,0.011391,-0.77656,0.251885,0.5775,-0.011136,-0.007754,0.018053,-0.070541,0.044482,-0.022538,-0.855662
1608,0.066273,0.060132,0.435365,-0.530403,0.148409,-0.834681,-0.397202,-0.913296,0.089953,-0.748307,0.379059,0.544405,-0.02211,-0.008508,0.025314,-0.057849,-0.019426,0.120425,-1.280488,-0.093044,0.087359,0.397518,0.655633,-0.141284,0.741738,-0.222985,0.902205,0.369104,-0.722152,-0.407218,0.559047,0.008332,0.006694,0.014731,-0.031421,-0.026748,0.031848,-1.391769,0.045403,0.062512,0.014564,-0.621397,0.132568,0.772198,0.236604,-0.907816,0.346248,0.746915,0.397863,0.532748,0.004127,0.003451,0.007404,-0.031526,-0.024305,0.03392,-0.922553,0.071208,0.055616,-0.026403,-0.553732,0.166259,-0.815927,-0.303203,-0.952854,0.011609,-0.77553,0.25382,0.578037,-0.011929,-0.009743,0.017392,-0.105083,0.089219,-0.105569,-0.858764
1609,0.06542,0.059593,0.436477,-0.525273,0.154158,-0.836881,-0.40038,-0.912554,0.08314,-0.750234,0.378545,0.542106,-0.011928,-0.01306,0.022899,-0.069097,0.054024,-0.059597,-1.286469,-0.092916,0.087669,0.397973,0.658794,-0.130109,0.740981,-0.239002,0.897619,0.370261,-0.7141,-0.420859,0.559287,0.008571,0.005793,0.014377,-0.031428,-0.026746,0.031851,-1.374918,0.045466,0.062669,0.014792,-0.624614,0.121448,0.771431,0.252653,-0.903279,0.346773,0.738933,0.411504,0.533517,0.004271,0.002913,0.007194,-0.030368,-0.026031,0.032933,-0.920757,0.070777,0.055347,-0.025846,-0.549125,0.172796,-0.817681,-0.306597,-0.951827,0.004754,-0.77747,0.253309,0.575651,-0.011253,-0.004679,0.012544,-0.060383,-0.01632,0.116634,-0.861377
1610,0.0648,0.059158,0.437351,-0.523514,0.15688,-0.837476,-0.402823,-0.911673,0.080967,-0.750158,0.379542,0.541514,-0.010972,-0.003992,0.01279,-0.035043,0.03437,-0.04457,-1.286278,-0.092733,0.087976,0.398359,0.663704,-0.120207,0.738267,-0.25372,0.892211,0.373523,-0.704404,-0.435072,0.560706,0.007148,0.013533,0.004606,-0.363286,-0.214557,-0.224289,-1.356266,0.045554,0.062821,0.014985,-0.629582,0.11194,0.768826,0.267053,-0.898091,0.349446,0.729594,0.425323,0.535529,0.0047,0.00142,0.006638,-1.262964,-0.655198,-0.911514,-0.920104,0.070467,0.055126,-0.025406,-0.547693,0.17569,-0.818024,-0.309158,-0.951006,0.00274,-0.777465,0.254399,0.575176,-0.005989,-0.006538,0.011475,-0.058351,-0.021635,0.123263,-0.86301
1611,0.064624,0.059019,0.437665,-0.523832,0.157004,-0.837254,-0.403451,-0.911352,0.081459,-0.749599,0.380262,0.541784,-0.010328,-0.002369,0.013363,-0.033419,0.023377,-0.017979,-1.284872,-0.092659,0.088094,0.398521,0.670419,-0.120155,0.732184,-0.255913,0.888705,0.380323,-0.697215,-0.442201,0.564103,0.00991,0.001072,0.012644,-0.031934,-0.028016,0.033336,-1.34234,0.04559,0.062883,0.015062,-0.636697,0.111696,0.762981,0.269972,-0.894542,0.356243,0.72231,0.432803,0.539397,0.005087,5.8e-05,0.006148,-0.035347,-0.019495,0.015616,-0.91945,0.070377,0.055052,-0.02525,-0.548035,0.175742,-0.817784,-0.309798,-0.950796,0.003283,-0.77697,0.255147,0.575514,-0.00597,-0.006493,0.011494,-0.069149,0.054076,-0.059696,-0.862846
1612,0.06453,0.058961,0.438025,-0.526689,0.1549,-0.835853,-0.403509,-0.910968,0.085376,-0.747561,0.382043,0.543344,0.000304,-0.005872,0.011269,-1.290347,1.252003,-2.143857,-1.283249,-0.092487,0.088284,0.39878,0.677854,-0.10735,0.727311,-0.274213,0.880878,0.38574,-0.682913,-0.460778,0.566724,0.000119,-0.003308,0.011343,-4.053008,-2.143504,-3.129303,-1.315522,0.045676,0.062977,0.015192,-0.643622,0.102908,0.758393,0.283381,-0.888446,0.36105,0.710946,0.447294,0.542661,0.004038,0.005106,0.001693,0.006186,-0.024441,0.050969,-0.915531,0.07033,0.055024,-0.02507,-0.548905,0.175097,-0.817338,-0.310061,-0.950705,0.004562,-0.776249,0.255929,0.576138,0.000992,0.002514,0.00088,-0.009647,0.064721,-0.157003,-0.863826
1613,0.064695,0.059043,0.438074,-0.527797,0.157336,-0.834698,-0.403803,-0.911007,0.08355,-0.74662,0.38095,0.545402,0.011962,-0.000139,-0.000926,0.004346,-0.004011,0.033753,-1.279426,-0.09222,0.088423,0.399047,0.681361,-0.105245,0.724336,-0.277806,0.878273,0.389095,-0.677951,-0.466207,0.568241,0.010751,-0.001887,0.011574,-0.022122,-0.110794,0.186564,-1.306889,0.045809,0.063049,0.015326,-0.647934,0.096872,0.75551,0.29232,-0.884302,0.364083,0.70337,0.456753,0.544652,0.005239,-0.000497,0.005942,-0.034924,-0.036429,0.044794,-0.913408,0.070405,0.055067,-0.025039,-0.552187,0.175595,-0.815018,-0.310151,-0.950672,0.005311,-0.773883,0.255711,0.57941,0.000763,0.001922,0.000667,-0.002508,-0.026331,0.020432,-0.862846
1614,0.064845,0.059063,0.438061,-0.527505,0.157598,-0.834833,-0.403969,-0.910963,0.083222,-0.746736,0.380946,0.545245,0.011598,-0.001045,-0.001242,-0.010252,0.061106,-0.15397,-1.277166,-0.09204,0.088484,0.399195,0.681808,-0.105572,0.723867,-0.277612,0.878065,0.389702,-0.677581,-0.466524,0.568422,0.010649,-0.001549,0.011696,-0.0314,-0.026838,0.031801,-1.306384,0.045904,0.063078,0.015404,-0.648454,0.097282,0.755011,0.292078,-0.884099,0.36477,0.702991,0.457059,0.544884,0.005345,-0.000861,0.005812,-0.030432,-0.02585,0.031537,-0.914225,0.07048,0.055078,-0.025045,-0.551694,0.175872,-0.815292,-0.310394,-0.950594,0.00498,-0.774137,0.25581,0.579027,0.005885,-0.000304,-0.000548,-0.000465,-0.019697,0.027586,-0.864153
