frame,MLTx,MLTy,MLTz,MLTR1,MLTR2,MLTR3,MLTR4,MLTR5,MLTR6,MLTR7,MLTR8,MLTR9,MLTTVx,MLTTVy,MLTTVz,MLTRVx,MLTRVy,MLTRVz,MLGA,MRTx,MRTy,MRTz,MRTR1,MRTR2,MRTR3,MRTR4,MRTR5,MRTR6,MRTR7,MRTR8,MRTR9,MRTTVx,MRTTVy,MRTTVz,MRTRVx,MRTRVy,MRTRVz,MRGA,SLTx,SLTy,SLTz,SLTR1,SLTR2,SLTR3,SLTR4,SLTR5,SLTR6,SLTR7,SLTR8,SLTR9,SLTTVx,SLTTVy,SLTTVz,SLTRVx,SLTRVy,SLTRVz,SLGA,SRTx,SRTy,SRTz,SRTR1,SRTR2,SRTR3,SRTR4,SRTR5,SRTR6,SRTR7,SRTR8,SRTR9,SRTTVx,SRTTVy,SRTTVz,SRTRVx,SRTRVy,SRTRVz,SRGA
384,0.12434,-0.012931,0.298975,0.040043,-0.550641,-0.833808,0.557586,-0.680151,0.475882,-0.829205,-0.483297,0.280837,-0.000191,-0.000909,-0.001056,0.627989,0.39007,0.029329,-0.342494,-0.179185,-0.005121,0.283198,-0.28332,-0.927045,0.245577,0.600045,0.028263,0.799425,-0.747672,0.375013,0.547918,-0.000124,-0.003264,-0.003914,-0.000213,0.000146,0.000121,-1.369621,0.039502,0.041409,-0.029005,0.10813,0.956924,0.269449,-0.584894,-0.157928,0.795585,0.803869,-0.243626,0.542623,-6.7e-05,-0.001863,-0.002233,0.004099,0.015412,-0.024803,-0.920104,0.061264,0.034089,-0.068595,0.090521,0.48268,-0.871105,-0.680621,0.668529,0.299706,0.727021,0.565763,0.389038,-0.000135,-0.000622,-0.000736,1.589278,-0.184376,-0.303413,-0.397795
385,0.124497,-0.012972,0.298871,0.036711,-0.559488,-0.828052,0.578373,-0.663835,0.474109,-0.814994,-0.495639,0.300258,0.014404,-0.003497,-0.003501,0.176529,0.497658,0.124455,-0.605666,-0.17919,-0.005191,0.283067,-0.288779,-0.925238,0.246031,0.600349,0.025043,0.799305,-0.74533,0.379686,0.547891,-6.8e-05,-0.001781,-0.002138,-0.0,0.0,0.0,-1.363013,0.039499,0.041372,-0.029073,0.113817,0.95614,0.269889,-0.585832,-0.154811,0.795508,0.8024,-0.248652,0.542518,-3e-05,-0.000834,-0.000997,0.00031,-0.000376,-0.000461,-0.918307,0.061336,0.034068,-0.068648,0.092233,0.492144,-0.865613,-0.700001,0.650299,0.295141,0.708159,0.578709,0.404481,-0.00026,-0.001264,-0.001458,0.273473,0.797434,0.033925,-0.571536
386,0.124641,-0.013037,0.298785,0.037924,-0.562469,-0.825976,0.587813,-0.655884,0.473565,-0.808156,-0.502786,0.306785,0.014171,-0.004622,-0.004814,0.069421,0.247748,-0.037422,-0.794259,-0.17918,-0.005219,0.283033,-0.28877,-0.925182,0.246256,0.600392,0.025221,0.799266,-0.745299,0.379814,0.547845,-3.7e-05,-0.000967,-0.001161,-0.0,0.0,0.0,-1.358093,0.039504,0.041358,-0.029091,0.11381,0.956078,0.270113,-0.585844,-0.154998,0.795463,0.802392,-0.248776,0.542472,-1.8e-05,-0.000499,-0.000597,-5e-05,-0.000306,-0.000236,-0.918961,0.061409,0.034036,-0.06869,0.091861,0.495376,-0.863807,-0.70894,0.641702,0.292611,0.69926,0.585508,0.410139,-0.00039,-0.001882,-0.00218,0.060163,0.262079,-0.103926,-0.686493
387,0.124915,-0.013133,0.298668,0.030789,-0.564835,-0.824656,0.59985,-0.649515,0.467207,-0.799559,-0.508359,0.319849,-0.000149,-0.000714,-0.000832,0.066913,0.266042,-0.064674,-1.274022,-0.179181,-0.005252,0.282992,-0.288747,-0.925078,0.24667,0.600473,0.025552,0.799195,-0.745242,0.380043,0.547762,-1.6e-05,-0.000426,-0.000512,-0.0,0.0,0.0,-1.344779,0.039504,0.041342,-0.02911,0.113794,0.955963,0.270525,-0.58586,-0.155344,0.795383,0.802382,-0.249,0.542384,-7e-06,-0.000203,-0.000243,-7e-05,-0.000207,-0.000138,-0.91945,0.06155,0.033981,-0.068757,0.0984,0.498372,-0.86136,-0.719037,0.63399,0.284678,0.687969,0.591338,0.420733,0.007333,-0.001155,-0.001064,0.055913,0.243647,-0.040726,-0.962617
388,0.125139,-0.013134,0.298643,0.016617,-0.561885,-0.827076,0.604412,-0.653303,0.455909,-0.796519,-0.506778,0.329788,0.014874,-0.001272,-0.000927,0.106861,0.33207,0.02514,-1.785402,-0.179192,-0.005258,0.282986,-0.28871,-0.924924,0.247292,0.600595,0.026051,0.799087,-0.745159,0.380385,0.547638,-0.0,-2e-06,-2e-06,-0.0,0.0,0.0,-1.331417,0.039498,0.041339,-0.029112,0.113778,0.955791,0.271142,-0.585887,-0.155859,0.795263,0.802365,-0.249342,0.542252,2e-06,3.3e-05,3.9e-05,-7e-05,-0.000128,-0.000105,-0.919777,0.061656,0.033981,-0.068768,0.112398,0.496227,-0.860885,-0.721362,0.636585,0.272756,0.683376,0.590353,0.42951,4.9e-05,0.000233,0.000268,0.135367,0.405889,0.043194,-0.961964
389,0.125327,-0.013093,0.298682,0.008576,-0.565774,-0.824543,0.606913,-0.652386,0.453895,-0.794732,-0.503622,0.338812,0.00034,0.001643,0.001911,0.040586,0.204388,-0.1046,-1.913008,-0.179192,-0.005258,0.282986,-0.28867,-0.924743,0.248013,0.600735,0.026628,0.798963,-0.745061,0.380785,0.547493,-0.0,-0.0,-0.0,-0.012206,0.11569,-0.161301,-1.294077,0.039498,0.04134,-0.029111,0.113767,0.955629,0.271715,-0.585911,-0.156334,0.795152,0.802349,-0.249664,0.542128,0.0,1e-05,1.1e-05,-2.6e-05,-9.6e-05,-7e-05,-0.915695,0.061756,0.034,-0.068751,0.119934,0.501003,-0.857094,-0.723376,0.635393,0.270188,0.679957,0.587597,0.438618,0.00022,0.001068,0.001241,0.031851,0.194679,-0.10992,-0.982538
390,0.125406,-0.013024,0.298718,0.005914,-0.567111,-0.823648,0.607804,-0.652015,0.453235,-0.794072,-0.502598,0.341866,0.015357,0.001096,0.00182,0.020621,0.143401,-0.104995,-1.915022,-0.179193,-0.005264,0.282979,-0.294123,-0.92294,0.248322,0.600944,0.023318,0.798909,-0.742751,0.385361,0.547431,-2.6e-05,-0.000691,-0.00083,0.0,0.0,0.0,-1.251985,0.039498,0.041339,-0.029113,0.119472,0.954809,0.27215,-0.586733,-0.153227,0.79515,0.800917,-0.254678,0.541912,-1.7e-05,-0.00046,-0.000549,0.000151,-0.000191,-0.000302,-0.905081,0.061795,0.034035,-0.068732,0.12233,0.502739,-0.855738,-0.724104,0.63487,0.269468,0.678755,0.586679,0.441699,0.0077,0.000654,0.001031,-0.002401,0.105414,-0.128047,-0.981559
391,0.125577,-0.012868,0.298809,-0.000856,-0.566667,-0.823974,0.600175,-0.659363,0.452772,-0.799866,-0.493443,0.341694,0.000615,0.002983,0.003464,0.002776,-0.109047,0.166314,-1.915849,-0.179217,-0.005306,0.282914,-0.299521,-0.920949,0.249263,0.601285,0.020503,0.79873,-0.740308,0.390268,0.547264,-0.000825,0.009806,-0.0096,0.03643,-0.012535,0.016944,-1.0867,0.039486,0.041315,-0.029141,0.12515,0.953813,0.273085,-0.587569,-0.150534,0.795048,0.799437,-0.259957,0.541592,-4.4e-05,-0.00116,-0.00139,-0.001722,0.016493,-0.023653,-0.852175,0.061881,0.034113,-0.068686,0.128628,0.502855,-0.854745,-0.71686,0.642714,0.270237,0.685247,0.577974,0.443148,0.000364,0.001767,0.002056,0.000347,-0.019685,0.023787,-0.985804
392,0.125677,-0.012619,0.298879,-0.01433,-0.564879,-0.825076,0.584688,-0.674116,0.451308,-0.811113,-0.475249,0.34097,0.000745,0.003617,0.004192,-0.002923,-0.013993,0.025466,-1.916264,-0.179267,-0.005348,0.282788,-0.315751,-0.915223,0.250316,0.601883,0.01061,0.798472,-0.733024,0.403925,0.547159,-0.000104,-0.002709,-0.00326,-0.011899,0.116681,-0.160622,-0.75018,0.039461,0.0413,-0.029205,0.142191,0.951189,0.273898,-0.589988,-0.140741,0.79505,0.794792,-0.274646,0.541179,-5e-05,-0.001293,-0.001546,0.004085,0.010304,0.006501,-0.711418,0.061931,0.034232,-0.06865,0.142144,0.502069,-0.853065,-0.702292,0.658483,0.270527,0.697552,0.560648,0.446199,0.000347,0.001681,0.001959,-0.035655,0.000998,0.04075,-0.984824
393,0.125724,-0.012494,0.298883,-0.01758,-0.566875,-0.823644,0.580829,-0.676307,0.453009,-0.813814,-0.469734,0.342177,0.000619,0.003009,0.003486,0.000392,-0.015813,0.024092,-1.91658,-0.179306,-0.005364,0.282676,-0.315706,-0.915097,0.250834,0.602115,0.010964,0.798293,-0.732854,0.404203,0.547183,-0.000153,-0.003983,-0.004797,-0.013966,0.132512,-0.184632,-0.576639,0.039447,0.041294,-0.029259,0.142164,0.95105,0.274393,-0.590154,-0.141113,0.794861,0.794674,-0.274935,0.541205,-0.000452,0.003817,-0.006103,0.034614,0.003744,-0.006819,-0.640387,0.061955,0.034301,-0.068648,0.144949,0.504268,-0.851295,-0.698981,0.66114,0.272614,0.700296,0.555524,0.448305,0.000479,0.006768,-0.002662,0.036649,-0.020483,0.018833,-0.99005
394,0.12575,-0.012347,0.298864,-0.01815,-0.566248,-0.824063,0.576239,-0.67947,0.454136,-0.817057,-0.465917,0.339657,0.000134,0.00065,0.000753,-0.000361,2.7e-05,3.4e-05,-1.916852,-0.179392,-0.005383,0.282321,-0.321029,-0.912967,0.251838,0.602802,0.007982,0.797809,-0.729965,0.409072,0.547425,-0.000984,0.005684,-0.014583,0.034662,0.004223,-0.006431,-0.30514,0.039399,0.04128,-0.029433,0.147779,0.949858,0.275553,-0.591369,-0.138457,0.794425,0.792744,-0.280353,0.541256,-0.000112,-0.00298,-0.00359,-0.001643,0.016331,-0.023843,-0.536697,0.061968,0.034378,-0.068654,0.145572,0.503619,-0.851573,-0.694914,0.664713,0.274318,0.704202,0.551838,0.446736,6.5e-05,0.000317,0.000372,0.002523,0.002146,0.00376,-0.995275
395,0.125793,-0.012197,0.298788,-0.022005,-0.568064,-0.822718,0.567642,-0.684508,0.457387,-0.822955,-0.456244,0.338548,0.000535,0.01148,-0.007719,0.034953,-0.016718,0.016286,-1.917293,-0.179525,-0.005245,0.281788,-0.330875,-0.90599,0.263999,0.606504,0.010023,0.794976,-0.722454,0.424288,0.545805,-0.001017,0.004872,-0.015583,0.033204,0.017198,-0.024611,-0.080532,0.039332,0.041348,-0.029701,0.158742,0.944466,0.287723,-0.594646,-0.141176,0.791495,0.788159,-0.296737,0.539212,-0.000501,0.002422,-0.007797,0.030218,0.041808,-0.060294,-0.40035,0.061989,0.034449,-0.06869,0.148946,0.505829,-0.849677,-0.687438,0.670624,0.278729,0.710804,0.542586,0.447613,0.0,-8e-06,-5e-06,0.004393,0.003428,0.00415,-0.996745
396,0.125796,-0.012068,0.298668,-0.032626,-0.566989,-0.823106,0.550811,-0.697395,0.458497,-0.833952,-0.437718,0.336086,-1.3e-05,-6.5e-05,-7.5e-05,-0.409773,0.22723,0.166632,-1.917261,-0.179842,-0.005035,0.281198,-0.354798,-0.88763,0.293635,0.61508,0.014785,0.788284,-0.703586,0.4614,0.540314,-0.015041,-0.00697,-0.00714,0.49031,1.266457,0.943156,0.026312,0.039179,0.041453,-0.029996,0.1801,0.931153,0.317045,-0.601435,-0.150805,0.784559,0.778356,-0.331981,0.532868,-0.007876,0.002576,-0.006953,-0.013703,0.42497,-0.605802,-0.229384,0.061991,0.034511,-0.068751,0.158454,0.50551,-0.848145,-0.673106,0.68376,0.281781,0.722371,0.526243,0.448606,-4e-05,9.4e-05,-0.000189,-4.548443,2.53379,1.85784,-1.000174
397,0.125811,-0.012012,0.298639,-0.035964,-0.566541,-0.823276,0.546798,-0.70071,0.458246,-0.836448,-0.432987,0.336013,0.000199,0.000968,0.001121,0.002725,-0.109393,0.166088,-1.917374,-0.180037,-0.004977,0.280913,-0.364578,-0.881491,0.30008,0.617339,0.012306,0.786558,-0.696564,0.473114,0.539281,-0.015818,0.004044,-0.015302,-0.007875,0.388143,-0.544981,0.061711,0.039082,0.04148,-0.030134,0.196525,0.926528,0.320816,-0.604564,-0.143092,0.783598,0.771932,-0.347951,0.532024,-0.007901,0.002002,-0.007653,0.059788,-0.070409,0.159362,-0.168314,0.061998,0.03454,-0.068773,0.16285,0.505473,-0.847334,-0.66824,0.688344,0.282198,0.725902,0.520268,0.449874,2e-06,-5e-06,4e-06,0.001948,-0.000891,0.001678,-1.00295
398,0.125847,-0.011976,0.298619,-0.042654,-0.565326,-0.823791,0.538529,-0.707514,0.457583,-0.841475,-0.423421,0.335652,9e-06,4.4e-05,5.1e-05,-0.0,-0.0,-0.0,-1.916039,-0.1805,-0.005005,0.280385,-0.38375,-0.868678,0.313249,0.621787,0.007578,0.783108,-0.682146,0.496376,0.536797,-0.015853,0.003559,-0.015931,0.045873,-0.092781,0.125565,0.112387,0.03885,0.041467,-0.030405,0.217617,0.916218,0.336432,-0.610148,-0.141338,0.779578,0.761814,-0.374923,0.528271,-0.000161,-0.003965,-0.004816,0.002791,0.021937,-0.01093,-0.08177,0.062016,0.034562,-0.068779,0.169612,0.504579,-0.84654,-0.66042,0.695772,0.282393,0.731488,0.511175,0.451245,5e-06,1.5e-05,2.3e-05,0.000975,-0.000859,-9.9e-05,-1.002623
399,0.125965,-0.011997,0.298583,-0.056027,-0.563358,-0.824339,0.521613,-0.720516,0.456889,-0.851272,-0.403693,0.335254,0.014746,-0.001706,-0.001447,-0.010087,-0.008578,0.034056,-1.916068,-0.181055,-0.005204,0.279946,-0.412885,-0.851321,0.323684,0.625191,-0.006628,0.780402,-0.661694,0.525641,0.534533,-0.015157,-0.008363,-0.008935,0.044373,0.149715,0.0256,0.144716,0.038573,0.041371,-0.030628,0.249348,0.904342,0.346396,-0.616085,-0.127841,0.777235,0.74717,-0.407211,0.525275,-0.007574,-0.004256,-0.004532,0.158748,0.420956,0.21775,-0.023312,0.06207,0.034551,-0.068797,0.182948,0.503654,-0.844311,-0.644519,0.709947,0.283845,0.742376,0.492246,0.454499,-1.5e-05,-9.7e-05,-0.000102,-0.035851,0.016518,0.017189,-0.997724
400,0.12601,-0.011954,0.298525,-0.066005,-0.562131,-0.824438,0.508883,-0.729674,0.456712,-0.858221,-0.388705,0.335251,-0.000206,-0.001003,-0.001162,-0.003322,0.00184,0.001351,-1.916283,-0.181359,-0.005417,0.279793,-0.425549,-0.843472,0.327803,0.628164,-0.014739,0.777899,-0.650756,0.537999,0.535665,-0.014472,-0.020456,-0.002127,-0.021254,0.045335,-0.070485,0.154434,0.038426,0.041273,-0.030702,0.263255,0.898873,0.350317,-0.620763,-0.120134,0.774738,0.738477,-0.421418,0.526362,-0.007595,-0.004512,-0.004849,0.034163,0.154887,0.005433,-0.003554,0.062098,0.034575,-0.068824,0.19284,0.503164,-0.842399,-0.632557,0.720057,0.285286,0.750122,0.477851,0.457136,0.000144,0.005121,-0.004561,0.025263,0.000326,-0.00044,-0.994622
401,0.12606,-0.011867,0.298469,-0.08917,-0.558432,-0.824772,0.478403,-0.750306,0.456226,-0.873492,-0.353204,0.335092,0.014795,-0.001456,-0.001158,-0.0101,-0.008583,0.034057,-1.916479,-0.182044,-0.005865,0.279514,-0.458771,-0.818978,0.344668,0.636423,-0.032333,0.770619,-0.619387,0.573912,0.535582,-0.015262,-0.009382,-0.010259,0.032992,0.080993,-0.083083,0.15992,0.038078,0.041043,-0.030841,0.30036,0.880452,0.36686,-0.632187,-0.104243,0.767771,0.714228,-0.462532,0.5253,-0.0076,-0.004195,-0.004474,0.035093,0.180189,-0.030397,0.020287,0.062117,0.034616,-0.068854,0.215836,0.501248,-0.837952,-0.603864,0.742907,0.288853,0.767308,0.443664,0.463032,1.7e-05,5.3e-05,8.1e-05,-0.034762,0.014516,0.018339,-0.999194
402,0.126035,-0.011695,0.298367,-0.112058,-0.553558,-0.825265,0.447275,-0.769704,0.455493,-0.887212,-0.317396,0.334876,0.0148,-0.001416,-0.001112,-0.409494,0.211843,0.196117,-1.915572,-0.182939,-0.006266,0.279145,-0.490252,-0.792686,0.362345,0.644837,-0.050357,0.762616,-0.58564,0.608512,0.535351,-0.03013,-0.009262,-0.008898,0.021326,0.042146,-0.115238,0.156281,0.037636,0.04084,-0.031029,0.336173,0.859934,0.384057,-0.643758,-0.087838,0.76017,0.687431,-0.50279,0.524061,-0.015063,-0.00477,-0.004575,0.001288,-0.041132,0.017864,0.022899,0.062105,0.034703,-0.068905,0.23837,0.498131,-0.833692,-0.574793,0.764302,0.292325,0.78281,0.409519,0.468509,0.000275,0.005788,-0.003805,-1.347032,0.769507,0.558951,-0.992009
403,0.126054,-0.011554,0.29828,-0.125001,-0.550255,-0.825615,0.42924,-0.780222,0.454949,-0.894345,-0.29684,0.334752,6e-06,2.9e-05,3.4e-05,-0.410677,0.226301,0.166513,-1.915473,-0.183395,-0.006432,0.27893,-0.515813,-0.775062,0.364974,0.645654,-0.071864,0.760197,-0.562312,0.62873,0.536998,-0.015372,-0.01013,-0.011277,2.037194,4.277809,2.910575,0.155187,0.037402,0.04076,-0.031133,0.359401,0.84944,0.386369,-0.64818,-0.070623,0.758204,0.671336,-0.522937,0.525209,-0.01508,-0.004824,-0.004659,0.036975,0.043212,0.167592,0.02192,0.06212,0.034773,-0.068949,0.251332,0.495794,-0.831276,-0.557664,0.776142,0.294303,0.791102,0.389605,0.471555,0.000264,0.005716,-0.003888,-1.347759,0.767279,0.558963,-0.997398
404,0.126097,-0.011343,0.298131,-0.14426,-0.544836,-0.826068,0.401766,-0.79514,0.454212,-0.904132,-0.26569,0.334636,0.014766,-0.001543,-0.00126,-1.4e-05,-0.014166,0.029958,-1.915129,-0.184327,-0.006776,0.278582,-0.560818,-0.741031,0.369252,0.645248,-0.111929,0.755686,-0.517941,0.662981,0.540421,-0.030165,-0.008232,-0.007732,0.183918,0.420177,0.184425,0.150578,0.036954,0.040582,-0.031308,0.413591,0.822747,0.389909,-0.655338,-0.028276,0.754806,0.632039,-0.567703,0.527482,-0.007689,-0.003819,-0.004424,2.010798,4.219621,2.954998,0.017021,0.062135,0.034874,-0.06902,0.270891,0.491808,-0.827491,-0.531138,0.793297,0.297609,0.802813,0.358892,0.476115,3e-06,-1.2e-05,6e-06,-0.007849,0.001148,0.006808,-0.999357
405,0.126116,-0.011265,0.298001,-0.159751,-0.540512,-0.826058,0.383841,-0.804961,0.452412,-0.909281,-0.244136,0.337096,-0.000247,-0.001209,-0.0014,0.000848,0.011216,0.007505,-1.915042,-0.18522,-0.007002,0.278375,-0.602195,-0.705917,0.372872,0.643729,-0.153311,0.749695,-0.471291,0.692366,0.546239,-0.015069,-0.003511,-0.003141,2.164322,4.129935,2.96241,0.146019,0.03649,0.040463,-0.031425,0.457481,0.797648,0.393024,-0.661699,0.01011,0.749701,0.594024,-0.603038,0.532428,-0.014973,-0.002059,-0.001277,0.134422,0.07447,-0.034073,0.013102,0.062151,0.034919,-0.069086,0.286542,0.488625,-0.824098,-0.51396,0.804317,0.298191,0.80854,0.338109,0.481605,-0.000137,-0.000701,-0.000796,-0.0194,0.00627,-0.023505,-1.003113
406,0.126084,-0.011236,0.297986,-0.183777,-0.533714,-0.825482,0.361996,-0.817506,0.447902,-0.91366,-0.21585,0.344473,-0.0,-0.0,-0.0,0.212688,0.477673,0.312654,-1.915465,-0.185994,-0.007073,0.278336,-0.63782,-0.672731,0.37498,0.639848,-0.192071,0.744068,-0.427725,0.715344,0.552446,-0.014312,-0.013288,0.006556,0.127929,0.077677,-0.051987,0.142187,0.036102,0.040435,-0.031444,0.503286,0.768855,0.394416,-0.664854,0.052982,0.745092,0.55197,-0.637224,0.537841,-0.007429,-5.8e-05,0.000587,0.293797,0.301099,0.175033,0.006244,0.062135,0.034931,-0.069096,0.307831,0.484225,-0.819002,-0.492103,0.817751,0.298523,0.814293,0.311139,0.490018,8e-06,1.1e-05,2.8e-05,-0.012533,-0.019887,-0.007091,-1.002133
407,0.126061,-0.011268,0.298012,-0.193529,-0.533527,-0.823372,0.353288,-0.820829,0.448777,-0.915042,-0.203379,0.348372,-0.0,-0.0,-0.0,0.033968,0.085407,0.056108,-1.915208,-0.186395,-0.007097,0.278372,-0.650222,-0.659931,0.376422,0.639289,-0.207784,0.740317,-0.409519,0.722829,0.556484,-0.02912,-0.012239,0.009064,0.365439,-0.091935,-0.196241,0.142458,0.035913,0.040423,-0.031427,0.518812,0.757968,0.39537,-0.66571,0.068049,0.743101,0.536342,-0.648731,0.539892,-0.007431,-1.2e-05,0.000617,1.062041,0.929418,0.635786,0.005101,0.062123,0.034915,-0.069083,0.319555,0.484341,-0.81443,-0.484376,0.82221,0.298914,0.814409,0.298971,0.497345,6e-06,4e-06,1.9e-05,-0.000568,0.106604,0.080473,-1.002296
408,0.125975,-0.011388,0.298074,-0.20509,-0.533714,-0.820447,0.35609,-0.821499,0.445321,-0.911416,-0.200164,0.359557,-0.000149,-0.000729,-0.000844,0.072751,0.278287,-0.055657,-1.914423,-0.187064,-0.00713,0.278418,-0.67726,-0.630971,0.3784,0.633205,-0.238235,0.736362,-0.373617,0.739093,0.560371,-0.014941,-0.001145,-0.000234,0.08455,0.105006,0.037663,0.143001,0.035562,0.040406,-0.031394,0.549527,0.735071,0.3971,-0.66694,0.099689,0.738412,0.503199,-0.67062,0.54503,-0.007466,-0.000623,-0.000139,0.034859,0.120866,0.051374,0.005101,0.06208,0.034856,-0.06905,0.330088,0.485649,-0.809435,-0.486523,0.822357,0.294997,0.80891,0.296434,0.507729,-0.000357,-0.006184,0.003347,0.049636,0.20757,0.109725,-1.007359
409,0.125975,-0.011472,0.298056,-0.223077,-0.527413,-0.819827,0.337733,-0.83074,0.442471,-0.914152,-0.177528,0.364469,0.000325,0.010469,-0.008885,-4.488897,2.444901,2.041205,-1.915175,-0.187679,-0.007144,0.278451,-0.707654,-0.595722,0.37991,0.62534,-0.278071,0.729082,-0.327793,0.754246,0.568794,-0.01488,-0.0002,0.00093,0.313289,-0.15956,-0.175765,0.143984,0.03526,0.040398,-0.03138,0.586739,0.705305,0.397845,-0.665617,0.140259,0.732994,0.461183,-0.694889,0.551759,-0.00743,-0.000102,0.00051,0.525959,-0.157202,-0.18159,0.006081,0.062081,0.03481,-0.069057,0.345082,0.481934,-0.805392,-0.473165,0.830408,0.294169,0.810575,0.279571,0.514594,-0.00012,-0.000597,-0.000686,-0.015208,-0.019916,-0.006227,-1.011931
410,0.125995,-0.011475,0.298023,-0.226259,-0.526305,-0.819668,0.332906,-0.832593,0.442645,-0.915136,-0.172072,0.364616,-0.000203,-0.000992,-0.001151,9.6e-05,0.000288,0.000191,-1.915215,-0.187945,-0.007154,0.278493,-0.729004,-0.568982,0.380531,0.61679,-0.305267,0.725475,-0.295697,0.764284,0.572971,6.5e-05,0.000952,0.001185,0.692746,0.007671,-0.007607,0.143979,0.035122,0.040391,-0.031361,0.613016,0.682543,0.397927,-0.661463,0.167944,0.730932,0.432063,-0.711287,0.554429,-0.007395,0.000548,0.001292,0.670048,1.200555,0.902803,0.006244,0.06209,0.034813,-0.069076,0.351073,0.480053,-0.803925,-0.463811,0.835,0.296064,0.813404,0.268929,0.5158,-0.000124,-0.000621,-0.000712,-0.001932,-0.010207,-0.00282,-1.012911
411,0.126047,-0.011498,0.297871,-0.229198,-0.524402,-0.820071,0.328038,-0.834819,0.442086,-0.916157,-0.167044,0.364388,8.4e-05,0.009297,-0.010245,0.035068,-0.016493,0.016429,-1.91488,-0.188394,-0.007187,0.278652,-0.768806,-0.513318,0.381356,0.595834,-0.358894,0.718408,-0.230936,0.780173,0.581258,0.000136,0.001949,0.002426,0.38361,-0.123899,-0.104464,0.144446,0.034897,0.040375,-0.031281,0.661836,0.635489,0.39765,-0.651583,0.225356,0.72433,0.370691,-0.73849,0.563222,-0.007346,0.001059,0.001947,0.682641,0.047336,0.024482,0.006734,0.062117,0.034797,-0.069148,0.35403,0.478388,-0.803621,-0.459101,0.837512,0.296309,0.814793,0.264041,0.516133,-0.000269,-0.00133,-0.00154,0.004439,-0.110634,0.164741,-1.009155
412,0.126008,-0.011544,0.297738,-0.235372,-0.521667,-0.820066,0.318254,-0.838613,0.442057,-0.918034,-0.156298,0.364434,-0.000367,-0.001789,-0.002078,-0.122367,0.065962,0.054379,-1.914022,-0.188707,-0.00734,0.278981,-0.797018,-0.467862,0.381915,0.577572,-0.406146,0.708089,-0.17517,0.785517,0.593415,-0.014048,-0.008717,0.01219,0.437116,-0.16372,-0.203166,0.154135,0.034746,0.040302,-0.03112,0.697979,0.595837,0.397245,-0.642237,0.275437,0.715308,0.316791,-0.754395,0.574917,0.000145,0.001907,0.002413,0.824813,-0.17824,0.149597,0.010816,0.062097,0.034777,-0.06922,0.360143,0.4762,-0.802203,-0.449929,0.841948,0.297802,0.817226,0.253684,0.517478,-0.000216,-0.001074,-0.001242,-0.411642,0.226509,0.178074,-1.013237
413,0.12595,-0.011617,0.297669,-0.241357,-0.518322,-0.820448,0.308149,-0.842613,0.44161,-0.919917,-0.145596,0.364117,-0.000225,-0.001097,-0.001275,-0.0,0.0,0.0,-1.913994,-0.188789,-0.00756,0.279421,-0.812902,-0.440328,0.381172,0.565213,-0.439338,0.698176,-0.13894,0.783533,0.605504,0.000993,-0.006243,0.0141,0.25891,-0.199672,-0.154381,0.194487,0.034699,0.040188,-0.030904,0.718162,0.57223,0.395973,-0.636792,0.31096,0.705548,0.280604,-0.758851,0.587712,0.000493,-0.003215,0.006957,0.327471,-0.220441,-0.17263,0.047883,0.062068,0.03474,-0.069255,0.36636,0.473382,-0.801054,-0.440134,0.846671,0.299046,0.819793,0.243013,0.518538,-0.007544,2.1e-05,-0.000236,0.000659,0.013281,-0.029368,-1.016829
414,0.125921,-0.011648,0.297631,-0.244348,-0.516676,-0.820601,0.303103,-0.844536,0.441428,-0.9208,-0.140228,0.363993,-0.000334,-0.001626,-0.001891,-1.360521,0.731869,0.603485,-1.913818,-0.188755,-0.007711,0.27974,-0.8172,-0.433,0.380377,0.562083,-0.453538,0.691592,-0.125915,0.779504,0.6135,0.001097,-0.004762,0.015927,0.421533,-0.32797,-0.260087,0.208148,0.034716,0.040109,-0.03074,0.723941,0.565558,0.395035,-0.636032,0.325432,0.699682,0.267154,-0.757784,0.595307,0.000558,-0.002244,0.008151,0.490875,-0.35793,-0.285597,0.071723,0.062053,0.034725,-0.069273,0.368461,0.472198,-0.800789,-0.43669,0.848358,0.299317,0.820693,0.23941,0.518791,-0.000279,-0.000914,-0.001298,-4.539016,2.43102,2.004996,-1.019115
415,0.125936,-0.011685,0.29759,-0.250239,-0.513109,-0.821063,0.29292,-0.848415,0.440863,-0.922504,-0.129553,0.363634,-4.1e-05,-0.0002,-0.000233,-0.122516,0.065784,0.05426,-1.913318,-0.188717,-0.008036,0.280632,-0.833064,-0.403488,0.378408,0.546029,-0.49126,0.678564,-0.086848,0.772405,0.629055,0.00144,0.000144,0.021946,1.040761,0.787363,0.813018,0.215517,0.034735,0.039943,-0.030307,0.743942,0.540821,0.392507,-0.627878,0.364664,0.687596,0.228733,-0.757979,0.610859,0.000906,-0.005657,0.01466,2.612806,3.351561,3.140336,0.09736,0.06206,0.034705,-0.069296,0.375393,0.468767,-0.799585,-0.425547,0.853545,0.300614,0.8234,0.227413,0.519898,-9e-06,-5.8e-05,-6e-05,-0.412637,0.226048,0.177741,-1.017483
416,0.125942,-0.011706,0.29755,-0.262297,-0.506975,-0.82111,0.272753,-0.855146,0.440797,-0.925318,-0.107716,0.363608,-0.00019,-0.000924,-0.001076,-0.008351,-0.103861,0.170716,-1.913141,-0.188664,-0.008034,0.281793,-0.849125,-0.369832,0.377096,0.526211,-0.53263,0.662828,-0.043216,0.76171,0.64637,0.002546,-0.004308,0.038064,0.987748,0.771115,0.86017,0.214972,0.034761,0.039943,-0.029737,0.765755,0.51099,0.390521,-0.616312,0.409524,0.672643,0.183786,-0.755763,0.628525,0.000851,0.003831,0.015418,2.583359,3.246054,3.329882,0.102095,0.062064,0.034697,-0.069314,0.387672,0.463544,-0.796766,-0.406066,0.861854,0.303837,0.827538,0.20575,0.522346,-9.4e-05,-0.000481,-0.00055,-0.005927,-0.107163,0.173384,-1.014053
417,0.125927,-0.011722,0.297531,-0.267349,-0.501533,-0.822821,0.262106,-0.859548,0.438691,-0.926941,-0.097765,0.362283,-0.000142,-0.000693,-0.000806,-0.000298,0.000159,0.000132,-1.913809,-0.188609,-0.007958,0.282485,-0.856192,-0.347698,0.382143,0.516337,-0.555411,0.651804,-0.01331,0.75581,0.654551,0.002079,0.0095,0.033185,2.513172,3.156237,3.590467,0.216253,0.034789,0.039981,-0.029373,0.776557,0.49079,0.395074,-0.611118,0.4342,0.661818,0.153272,-0.755377,0.637112,0.000931,0.005148,0.016976,2.468573,3.153764,3.610523,0.102585,0.062056,0.034688,-0.069324,0.393284,0.458349,-0.797021,-0.395486,0.866915,0.303394,0.830011,0.195891,0.522214,-8.2e-05,-0.000414,-0.000472,0.000485,0.000192,-0.00052,-1.015686
418,0.125895,-0.011724,0.297559,-0.282074,-0.485191,-0.827689,0.22983,-0.871764,0.432638,-0.931113,-0.067595,0.358448,0.000236,0.00115,0.001338,-1.367817,0.675123,0.65567,-1.913263,-0.188467,-0.007805,0.284024,-0.859347,-0.325952,0.394043,0.510667,-0.584544,0.630446,0.025918,0.743396,0.668247,0.017611,-0.000151,0.041609,0.590229,-0.036015,-0.47659,0.229349,0.034854,0.040063,-0.028613,0.785119,0.467607,0.406116,-0.609175,0.464709,0.642611,0.111763,-0.751923,0.649707,0.001399,4.5e-05,0.02154,0.766961,1.478481,-1.986942,0.113852,0.06204,0.034684,-0.069313,0.408784,0.443286,-0.797742,-0.364932,0.880584,0.302318,0.836492,0.167538,0.521738,6.3e-05,0.000748,0.000683,-4.557282,2.213776,2.218297,-1.022545
419,0.125884,-0.011723,0.29756,-0.296319,-0.476648,-0.827676,0.20393,-0.878176,0.432657,-0.932703,-0.039997,0.358457,-1.4e-05,-6.9e-05,-8e-05,-4.574178,2.391094,1.981027,-1.913178,-0.188218,-0.007822,0.285645,-0.86027,-0.308136,0.406178,0.506617,-0.604531,0.614667,0.057225,0.734933,0.67562,0.002678,-0.001726,0.040606,0.482611,-0.444881,-0.145309,0.250487,0.034985,0.040061,-0.027795,0.789131,0.449543,0.418547,-0.609099,0.484897,0.627592,0.079177,-0.75019,0.656464,0.001311,-0.001023,0.02012,-0.023833,0.00817,-0.006315,0.13704,0.062035,0.034688,-0.069309,0.42127,0.436972,-0.794724,-0.343483,0.88787,0.306114,0.839375,0.144017,0.524125,-8e-06,-4.8e-05,-4.5e-05,0.005443,-0.112288,0.167226,-1.022381
420,0.125895,-0.011732,0.297564,-0.307473,-0.469377,-0.827763,0.183012,-0.882822,0.432554,-0.933418,-0.017914,0.35838,4.6e-05,0.000223,0.00026,-0.123516,0.064544,0.053476,-1.912645,-0.187992,-0.008107,0.287212,-0.855429,-0.311187,0.413999,0.514079,-0.60595,0.607027,0.063036,0.732478,0.677765,0.0024,-0.005661,0.035743,0.046174,-0.084075,-0.048773,0.255649,0.035099,0.039924,-0.027004,0.783164,0.452942,0.426024,-0.617506,0.486011,0.618449,0.073069,-0.747419,0.660321,0.001487,-0.008634,0.021613,0.011162,-0.209422,0.126294,0.154675,0.06204,0.034683,-0.069307,0.435508,0.429087,-0.791338,-0.318301,0.895697,0.310499,0.842031,0.116659,0.526662,3.1e-05,0.000124,0.000154,-0.122012,0.063414,0.054876,-1.019605
421,0.125896,-0.011738,0.297589,-0.310195,-0.467427,-0.82785,0.177692,-0.883955,0.43246,-0.933542,-0.01238,0.358291,5.3e-05,0.000259,0.000301,-4.575136,2.39,1.980106,-1.912802,-0.187915,-0.008282,0.28786,-0.854077,-0.312618,0.415709,0.516228,-0.605994,0.605156,0.063805,0.731834,0.678388,0.002246,-0.007937,0.032996,-0.021113,-0.03921,-0.01236,0.255644,0.035138,0.039835,-0.026666,0.781535,0.45419,0.427683,-0.619654,0.485671,0.616565,0.072324,-0.746883,0.661009,0.001085,-0.004176,0.01625,-0.069492,-0.020813,0.004872,0.156961,0.062041,0.03468,-0.069294,0.435479,0.428926,-0.791442,-0.318191,0.895774,0.31039,0.842087,0.116662,0.526571,3.5e-05,0.000156,0.000187,0.001824,-0.001064,-0.000378,-1.019442
422,0.125901,-0.011764,0.29767,-0.314261,-0.462065,-0.829326,0.172171,-0.886827,0.428796,-0.933212,-0.007464,0.359286,0.000157,0.000762,0.000886,0.00043,0.000966,0.000631,-1.905838,-0.187831,-0.008388,0.288972,-0.845069,-0.332893,0.418369,0.532115,-0.598212,0.599108,0.051894,0.729317,0.682105,0.001581,0.003109,0.024746,0.043524,-0.110527,-0.051417,0.255549,0.035179,0.039778,-0.026124,0.769014,0.472262,0.430796,-0.633755,0.475249,0.610322,0.083496,-0.742365,0.664771,0.000767,0.001412,0.01221,-0.026033,-0.05932,-0.286299,0.157778,0.062043,0.034667,-0.069254,0.44298,0.422156,-0.790918,-0.307235,0.900261,0.308441,0.842243,0.106365,0.528499,8e-05,0.000394,0.000462,-0.004912,-0.008717,-0.005196,-1.020585
423,0.125911,-0.011793,0.297826,-0.324599,-0.455627,-0.828906,0.162325,-0.89018,0.425678,-0.931425,0.004183,0.363948,0.000396,0.001928,0.002241,0.078763,0.17701,0.115646,-1.887736,-0.187873,-0.008081,0.289764,-0.809865,-0.406203,0.423214,0.586471,-0.55366,0.591139,-0.004791,0.727447,0.686048,0.00085,0.013071,0.015236,0.151709,-0.495912,-0.701784,0.254848,0.035158,0.039928,-0.025724,0.721969,0.536132,0.437404,-0.677806,0.420943,0.602814,0.139066,-0.731688,0.667301,-0.00698,0.006196,0.007781,-0.346254,-1.35811,-1.505601,0.158104,0.062048,0.034652,-0.069177,0.453118,0.416755,-0.788034,-0.297306,0.904028,0.307148,0.840411,0.095113,0.533535,0.000208,0.001014,0.001182,0.097668,0.202427,0.13029,-1.01487
424,0.125904,-0.011829,0.297926,-0.327044,-0.454273,-0.828688,0.162576,-0.890871,0.424135,-0.930523,0.004545,0.366243,-0.000195,-0.009835,0.009625,-0.012677,0.066811,0.016427,-1.870434,-0.187903,-0.007815,0.29003,-0.781098,-0.454169,0.428496,0.622694,-0.517621,0.586732,-0.043697,0.725678,0.686546,0.000767,0.011792,0.013709,-2.000658,-1.647389,-6.330699,0.252621,0.035143,0.040063,-0.025589,0.689109,0.57515,0.440829,-0.703346,0.384404,0.597944,0.174451,-0.722104,0.669426,0.000391,0.006148,0.007144,-0.25971,-1.330008,-1.354068,0.156471,0.062045,0.034635,-0.069125,0.45611,0.415341,-0.787054,-0.297333,0.904707,0.305119,0.838782,0.094849,0.53614,-9.8e-05,-0.004912,0.00482,-0.0397,0.029251,-0.004182,-1.011114
425,0.125899,-0.011919,0.298104,-0.33952,-0.447076,-0.827584,0.158766,-0.89445,0.418,-0.92669,0.011077,0.375699,0.000148,0.000722,0.000839,0.026031,0.058454,0.038128,-1.84429,-0.187992,-0.007313,0.290448,-0.709843,-0.549081,0.441163,0.69207,-0.427852,0.581305,-0.12954,0.718631,0.68312,0.000544,0.008375,0.009692,-2.374599,-2.548085,-4.516385,0.247972,0.035098,0.040321,-0.025372,0.597298,0.658424,0.457943,-0.758994,0.27955,0.588029,0.259155,-0.698805,0.666715,0.000212,0.004073,0.004613,-2.370585,-2.487761,-4.563343,0.151409,0.062043,0.034592,-0.069034,0.468751,0.409128,-0.78287,-0.292655,0.908147,0.299368,0.833441,0.088782,0.545428,6e-05,0.000307,0.00036,-0.016669,-0.000455,0.006198,-1.005236
426,0.125967,-0.012032,0.298244,-0.352265,-0.440416,-0.825826,0.155143,-0.897645,0.412475,-0.922523,0.017721,0.385569,0.000167,0.000815,0.000946,0.042733,0.21118,-0.099766,-1.820181,-0.188067,-0.007115,0.290699,-0.654246,-0.608495,0.449097,0.731934,-0.360428,0.578185,-0.189134,0.707739,0.680586,0.000201,0.003093,0.003571,-2.561216,-3.169102,-4.026742,0.229136,0.035061,0.040421,-0.025245,0.534902,0.704124,0.466998,-0.784869,0.20945,0.583191,0.312826,-0.678482,0.664681,0.000114,0.001589,0.001866,-0.236292,-0.176167,-0.50318,0.137856,0.062076,0.034534,-0.068966,0.481058,0.403585,-0.778267,-0.288133,0.911204,0.294423,0.827986,0.08261,0.554629,-0.000164,-0.005232,0.004448,-0.007381,0.100344,0.042475,-0.997398
427,0.126065,-0.012128,0.298326,-0.357272,-0.437962,-0.82498,0.155832,-0.898833,0.409619,-0.920474,0.018326,0.390408,3e-06,1.7e-05,1.9e-05,0.004442,0.009924,0.006462,-1.808117,-0.188032,-0.007066,0.290738,-0.594864,-0.663228,0.454155,0.76381,-0.29067,0.576229,-0.249415,0.690489,0.678882,-7.1e-05,-0.001094,-0.001262,-2.532096,-3.194144,-3.806128,0.215685,0.035079,0.040447,-0.025225,0.463413,0.749191,0.473244,-0.804425,0.131663,0.579279,0.371682,-0.649135,0.663682,-9.6e-05,-0.000617,-0.000899,-2.536331,-3.192173,-3.795085,0.111893,0.062126,0.034487,-0.068924,0.485896,0.40171,-0.77623,-0.288235,0.912083,0.291589,0.825121,0.082055,0.558964,-8e-06,-3.4e-05,-4.2e-05,-0.016773,-0.021307,-0.01089,-0.998541
428,0.12614,-0.012176,0.298336,-0.359589,-0.436371,-0.824816,0.15608,-0.899604,0.407828,-0.919527,0.01845,0.392628,-5.4e-05,-0.000264,-0.000306,0.011212,0.025069,0.016318,-1.801399,-0.187968,-0.007071,0.290695,-0.569987,-0.683583,0.455873,0.774563,-0.2622,0.575533,-0.273178,0.681997,0.678319,-0.0001,-0.001536,-0.001773,-0.081582,0.025039,-0.267029,0.214091,0.03511,0.040442,-0.025249,0.434048,0.765354,0.475219,-0.809919,0.100518,0.577864,0.394503,-0.63571,0.663505,0.007281,-0.001069,-0.001769,-0.230132,-0.307812,-0.317534,0.106668,0.062163,0.034462,-0.068919,0.488219,0.400334,-0.775483,-0.288207,0.912688,0.289718,0.823758,0.082054,0.560971,-3.5e-05,-0.000167,-0.000196,-0.009994,-0.005641,-0.000596,-1.00246
429,0.126271,-0.012221,0.298335,-0.359433,-0.435961,-0.8251,0.155853,-0.899803,0.407475,-0.919626,0.018401,0.392397,-0.0,-2e-06,-3e-06,2e-06,5e-06,3e-06,-1.783508,-0.187899,-0.007153,0.290547,-0.510384,-0.727934,0.457834,0.794545,-0.195775,0.574721,-0.328084,0.658002,0.677685,-0.000202,-0.003132,-0.003621,-0.229581,-0.288194,-0.339825,0.21352,0.035145,0.040399,-0.025325,0.367563,0.797712,0.478071,-0.817313,0.031806,0.575315,0.44373,-0.602198,0.663671,-0.000118,-0.001949,-0.002238,-0.770202,-0.950162,-1.166448,0.102259,0.062228,0.034439,-0.068921,0.487851,0.400028,-0.775872,-0.28786,0.912823,0.289637,0.824097,0.082043,0.560474,-0.0,1e-06,-2e-06,0.000545,-0.00137,-0.001382,-1.006216
430,0.12635,-0.012224,0.298335,-0.359097,-0.435254,-0.82562,0.155582,-0.90015,0.406811,-0.919804,0.018169,0.391991,3e-06,1.7e-05,1.9e-05,0.0,0.0,0.0,-1.76515,-0.187902,-0.007299,0.290299,-0.471001,-0.754737,0.456642,0.803411,-0.153485,0.575245,-0.363477,0.63875,0.678046,-0.000332,-0.005126,-0.005937,-0.069837,-0.069423,-0.1248,0.211089,0.035143,0.040324,-0.025451,0.323607,0.816984,0.477299,-0.818218,-0.011708,0.574788,0.475181,-0.57654,0.664682,-0.000161,-0.002638,-0.003029,-0.067773,-0.063464,-0.125603,0.101116,0.062268,0.034438,-0.068921,0.48764,0.399287,-0.776386,-0.287528,0.913124,0.289017,0.824338,0.082297,0.560082,-0.0,4e-06,1e-06,0.000831,-0.000329,-0.000618,-1.006869
431,0.126373,-0.01222,0.29834,-0.358907,-0.434866,-0.825907,0.155433,-0.90034,0.406448,-0.919904,0.018039,0.391764,9e-06,4.4e-05,5.2e-05,0.0,0.0,0.0,-1.754725,-0.187908,-0.007376,0.290194,-0.470861,-0.754664,0.456907,0.803533,-0.153299,0.575124,-0.363388,0.638881,0.67797,-0.000287,-0.004427,-0.005133,-0.001697,0.016416,-0.023623,0.204458,0.03514,0.040284,-0.025504,0.323521,0.816855,0.477577,-0.818307,-0.011879,0.574657,0.475085,-0.576719,0.664596,-0.000121,-0.001965,-0.002262,0.002148,0.003156,0.002571,0.09638,0.06228,0.034439,-0.068918,0.487527,0.398875,-0.776669,-0.28734,0.913292,0.288674,0.824471,0.082432,0.559867,2e-06,1.5e-05,1.5e-05,0.000703,-0.000258,-0.000502,-1.006869
432,0.126361,-0.012216,0.298328,-0.358801,-0.434669,-0.826057,0.15538,-0.900437,0.406254,-0.919954,0.017946,0.391649,-0.000143,-0.000699,-0.000812,0.0,0.0,0.0,-1.722244,-0.187913,-0.007471,0.290099,-0.469224,-0.755791,0.456728,0.804974,-0.153633,0.573017,-0.362321,0.637467,0.67987,-5.1e-05,-0.000789,-0.000916,0.001269,-0.000889,-0.00071,0.191781,0.035137,0.04023,-0.025559,0.321736,0.817648,0.477427,-0.819863,-0.011641,0.572439,0.473612,-0.5756,0.666615,-2e-05,-0.000345,-0.000396,-0.010356,0.007071,0.005596,0.081684,0.062274,0.034443,-0.068922,0.487453,0.398674,-0.776819,-0.287281,0.91337,0.288485,0.824535,0.082542,0.559757,-9.5e-05,-0.000475,-0.000555,0.000477,-0.000196,-0.000353,-1.006542
433,0.126318,-0.012214,0.298345,-0.358604,-0.4343,-0.826336,0.155212,-0.900617,0.405919,-0.920059,0.017841,0.391407,0.000197,0.000968,0.001123,0.0,0.0,0.0,-1.710873,-0.187866,-0.007488,0.290139,-0.469145,-0.755735,0.456902,0.805004,-0.153442,0.573026,-0.362356,0.63758,0.679745,4.4e-05,0.000675,0.000783,0.0,-0.0,-0.0,0.18887,0.035161,0.040222,-0.025538,0.321813,0.817508,0.477615,-0.819788,-0.011788,0.572544,0.473689,-0.575796,0.66639,3.3e-05,0.0005,0.000579,0.000797,0.001402,0.00157,0.072866,0.062251,0.03444,-0.068919,0.487331,0.398281,-0.777097,-0.28708,0.913532,0.288174,0.824677,0.082653,0.55953,-0.007279,0.001341,0.001292,-0.000256,-0.001249,-0.005741,-1.007522
434,0.126274,-0.012213,0.298361,-0.358407,-0.433931,-0.826615,0.155044,-0.900797,0.405584,-0.920165,0.017736,0.391164,2e-06,1e-05,1.2e-05,0.0,0.0,0.0,-1.706455,-0.187725,-0.00747,0.290275,-0.467646,-0.75689,0.456526,0.806276,-0.153828,0.57113,-0.361467,0.636114,0.681589,0.015526,-0.008409,0.010061,-0.030867,-0.019972,0.035064,0.188356,0.035226,0.040234,-0.025474,0.320085,0.818388,0.477268,-0.821211,-0.011519,0.570507,0.472394,-0.574549,0.668383,7.6e-05,0.001203,0.001394,-0.012429,0.006653,0.004832,0.070254,0.06223,0.034443,-0.068908,0.487211,0.397884,-0.777375,-0.286872,0.913695,0.287863,0.82482,0.082758,0.559304,-0.007394,0.000767,0.000626,0.002008,-0.094761,0.13637,-1.009318
435,0.126274,-0.012221,0.298367,-0.358361,-0.433831,-0.826688,0.154982,-0.900845,0.405501,-0.920193,0.017727,0.391097,0.0,0.0,0.0,0.0,0.0,0.0,-1.703486,-0.187631,-0.007453,0.290352,-0.467681,-0.756879,0.456508,0.80622,-0.153793,0.571218,-0.361547,0.636135,0.681527,0.000172,0.002698,0.003126,2.6e-05,-1.8e-05,-1.4e-05,0.188502,0.035279,0.040241,-0.025431,0.320218,0.818352,0.47724,-0.82106,-0.011553,0.570725,0.472567,-0.574599,0.668217,0.000101,0.001621,0.001873,0.000129,-0.014549,0.025293,0.069927,0.06223,0.034439,-0.068905,0.487183,0.397779,-0.777446,-0.286804,0.913739,0.287789,0.82486,0.082769,0.559243,0.0,-6e-06,-9e-06,0.000181,-8.9e-05,-0.000122,-1.009645
436,0.126274,-0.012213,0.298361,-0.358239,-0.433599,-0.826863,0.154916,-0.900959,0.405273,-0.920252,0.017623,0.390963,0.0,0.0,0.0,0.0,0.0,0.0,-1.703246,-0.187388,-0.007466,0.290523,-0.467706,-0.756817,0.456585,0.806102,-0.153563,0.571447,-0.361777,0.636264,0.681284,0.014887,0.003051,0.002391,0.003746,-0.031603,0.052881,0.18785,0.035401,0.040236,-0.025344,0.320303,0.818273,0.477318,-0.820889,-0.011731,0.570965,0.472805,-0.574708,0.667955,0.007441,0.001506,0.001173,0.004168,-0.031046,0.053537,0.069437,0.06223,0.034443,-0.068908,0.487109,0.397529,-0.77762,-0.286708,0.913839,0.287568,0.824937,0.082873,0.559114,3e-06,-2e-06,-7e-06,0.000114,-4.2e-05,-9.8e-05,-1.010624
437,0.126272,-0.012224,0.298348,-0.358199,-0.43352,-0.826921,0.154886,-0.900997,0.405199,-0.920273,0.017596,0.390916,-3e-06,-1.7e-05,-2e-05,0.0,0.0,0.0,-1.699496,-0.187147,-0.007446,0.290652,-0.467609,-0.756696,0.456886,0.806127,-0.153242,0.571497,-0.361846,0.636486,0.68104,0.014854,0.002599,0.001861,0.002045,-0.015205,0.029245,0.185227,0.035515,0.040245,-0.025279,0.320243,0.818112,0.477636,-0.820862,-0.012045,0.570998,0.472894,-0.574931,0.6677,0.0004,-0.004403,0.005362,-0.034343,-0.003199,0.007212,0.067804,0.062229,0.034437,-0.068915,0.487085,0.397445,-0.777678,-0.286669,0.913873,0.287499,0.824965,0.0829,0.559069,-0.0,0.0,-2e-06,8.9e-05,-2.7e-05,-9.1e-05,-1.010951
438,0.126273,-0.012218,0.298354,-0.358134,-0.433393,-0.827016,0.154837,-0.901059,0.40508,-0.920306,0.017553,0.390839,2.4e-05,0.000117,0.000136,0.0,0.0,0.0,-1.691388,-0.187055,-0.007431,0.29071,-0.465941,-0.75778,0.456793,0.807572,-0.153476,0.569392,-0.36078,0.635138,0.682862,0.000743,-0.009805,0.009573,-0.03105,0.113942,-0.189573,0.183283,0.035567,0.040255,-0.025248,0.318286,0.818952,0.477504,-0.82248,-0.011914,0.568668,0.471401,-0.573737,0.66978,0.00037,-0.00491,0.004775,-0.059898,0.1278,-0.180003,0.065518,0.062229,0.03444,-0.068912,0.487048,0.397307,-0.777772,-0.286603,0.913929,0.287386,0.82501,0.082941,0.558997,1.4e-05,6.6e-05,7.4e-05,8.4e-05,-4.5e-05,-6.3e-05,-1.011114
439,0.126276,-0.012201,0.298374,-0.358054,-0.433234,-0.827134,0.154776,-0.901136,0.404931,-0.920348,0.0175,0.390743,5.7e-05,0.000279,0.000324,0.0,0.0,0.0,-1.688024,-0.18685,-0.007382,0.290813,-0.466024,-0.757764,0.456734,0.807488,-0.153491,0.569506,-0.360859,0.635153,0.682806,0.000138,0.002249,0.002597,4e-06,-3e-06,-2e-06,0.178171,0.03567,0.040278,-0.025198,0.318506,0.818879,0.477482,-0.822243,-0.011972,0.56901,0.471667,-0.57384,0.669505,7e-05,0.001162,0.001337,-0.000589,0.000695,0.000618,0.060946,0.062231,0.034449,-0.068902,0.487001,0.397136,-0.777889,-0.286521,0.913999,0.287246,0.825066,0.082993,0.558906,3.6e-05,0.000169,0.000196,6.9e-05,-1.2e-05,-5.6e-05,-1.011441
