frame,MLTx,MLTy,MLTz,MLTR1,MLTR2,MLTR3,MLTR4,MLTR5,MLTR6,MLTR7,MLTR8,MLTR9,MLTTVx,MLTTVy,MLTTVz,MLTRVx,MLTRVy,MLTRVz,MLGA,MRTx,MRTy,MRTz,MRTR1,MRTR2,MRTR3,MRTR4,MRTR5,MRTR6,MRTR7,MRTR8,MRTR9,MRTTVx,MRTTVy,MRTTVz,MRTRVx,MRTRVy,MRTRVz,MRGA,SLTx,SLTy,SLTz,SLTR1,SLTR2,SLTR3,SLTR4,SLTR5,SLTR6,SLTR7,SLTR8,SLTR9,SLTTVx,SLTTVy,SLTTVz,SLTRVx,SLTRVy,SLTRVz,SLGA,SRTx,SRTy,SRTz,SRTR1,SRTR2,SRTR3,SRTR4,SRTR5,SRTR6,SRTR7,SRTR8,SRTR9,SRTTVx,SRTTVy,SRTTVz,SRTRVx,SRTRVy,SRTRVz,SRGA
1271,0.123521,0.016851,0.355384,0.203745,0.977903,-0.047317,-0.973362,0.207559,0.097255,0.104666,0.025026,0.994206,0.000692,0.003469,0.002526,0.0,0.0,0.0,-1.669565,-0.123129,0.029701,0.342928,0.564648,0.783202,0.260306,-0.824351,0.520702,0.221921,0.037566,-0.340881,0.939283,0.000546,0.00056,-0.080899,-0.361177,0.699995,0.402032,-1.410033,0.058043,0.034087,-0.005215,-0.648124,-0.702351,0.294339,0.757846,-0.632852,0.158639,0.074853,0.325882,0.942442,-0.006049,-0.001,-0.040713,-0.011245,0.212648,0.283463,-0.883526,0.077315,0.032923,-0.062012,0.113618,0.993216,0.024725,-0.97636,0.107015,0.187798,0.183879,-0.045477,0.981895,0.000373,0.001871,0.001362,2e-05,3e-06,-7e-06,-0.952983
1272,0.123528,0.016937,0.355446,0.203924,0.9778,-0.048651,-0.973572,0.207803,0.094589,0.102338,0.026862,0.9944,0.000783,0.003925,0.002856,0.001813,-0.000862,0.000168,-1.673185,-0.12321,0.029678,0.341321,0.571614,0.775579,0.267817,-0.819613,0.525295,0.228547,0.035863,-0.351127,0.935568,0.000784,-0.000992,-0.082396,-0.434903,0.69813,0.64641,-1.409947,0.058003,0.034074,-0.00602,-0.653143,-0.6943,0.302242,0.753236,-0.636656,0.165235,0.077701,0.335582,0.9388,-0.005919,-0.001905,-0.041561,-0.154543,0.373933,0.380831,-0.885813,0.077318,0.032965,-0.061982,0.113691,0.993241,0.023347,-0.976821,0.10746,0.185126,0.181366,-0.043853,0.982436,0.00047,0.002363,0.001719,0.000342,-0.01432,0.025088,-0.953309
1273,0.123426,0.01713,0.355587,0.203947,0.977793,-0.048695,-0.973566,0.20783,0.09459,0.102349,0.026902,0.994398,-0.012295,0.005605,0.004124,-0.000984,0.014715,-0.029553,-1.677451,-0.123436,0.029541,0.337997,0.582456,0.763114,0.27999,-0.812122,0.532729,0.23789,0.031654,-0.366911,0.929644,-0.011874,-0.004636,-0.084558,0.003052,0.17932,0.244775,-1.409759,0.057895,0.034001,-0.007685,-0.662536,-0.678519,0.317265,0.744329,-0.643778,0.177546,0.08378,0.353781,0.931567,-0.00582,-0.002749,-0.042585,0.022768,0.278406,0.066034,-0.896263,0.077272,0.033061,-0.061911,0.113716,0.993239,0.02333,-0.976806,0.107485,0.185189,0.181429,-0.043848,0.982425,0.000382,0.00192,0.001397,-0.000142,5.8e-05,-7e-06,-0.953473
1274,0.123298,0.017298,0.355709,0.204097,0.977755,-0.048836,-0.973532,0.207994,0.094582,0.102374,0.027024,0.994392,-0.012451,0.00479,0.003528,-0.000984,0.014715,-0.029553,-1.677593,-0.123758,0.029357,0.334767,0.591348,0.75316,0.288182,-0.805826,0.539525,0.243908,0.027484,-0.37741,0.925564,-0.010898,-0.012206,-0.074631,-0.110162,0.275285,0.291644,-1.4101,0.05774,0.033905,-0.009278,-0.66899,-0.668503,0.324893,0.737921,-0.649713,0.182603,0.089017,0.361905,0.927954,-0.005395,-0.00613,-0.037312,-0.313112,0.484763,0.398251,-0.908183,0.077209,0.033148,-0.061848,0.113873,0.993225,0.023162,-0.976785,0.10767,0.185194,0.181446,-0.043713,0.982428,0.000423,0.002121,0.001539,0.000573,-0.014437,0.024937,-0.953309
1275,0.123234,0.017378,0.355768,0.203987,0.977781,-0.04877,-0.973556,0.207877,0.094592,0.102368,0.02697,0.994394,0.000736,0.003675,0.002664,-0.003932,0.099646,-0.172088,-1.678892,-0.123938,0.029238,0.333359,0.595284,0.748324,0.292642,-0.802985,0.542216,0.247285,0.025634,-0.383137,0.923261,-0.011373,-0.00944,-0.072797,-0.225954,0.411416,0.392356,-1.409677,0.057646,0.033841,-0.010016,-0.671637,-0.663635,0.329379,0.735198,-0.65195,0.185589,0.091575,0.366807,0.925778,0.00079,-0.003357,-0.036024,-0.24645,0.530194,0.296627,-0.912266,0.077172,0.033188,-0.061819,0.113859,0.993226,0.023155,-0.976786,0.107657,0.185196,0.181449,-0.043704,0.982428,-0.006107,0.002983,0.00219,-0.000402,0.00029,-0.004621,-0.953146
1276,0.123079,0.017497,0.35588,0.20387,0.977809,-0.048709,-0.973575,0.207757,0.094657,0.102415,0.026909,0.994391,-0.012767,0.003167,0.002346,-0.000984,0.014715,-0.029553,-1.681044,-0.12429,0.028987,0.330779,0.60145,0.739148,0.303167,-0.798499,0.545662,0.254141,0.021674,-0.395864,0.917979,-0.01125,-0.011456,-0.058205,-0.140308,0.352142,0.11662,-1.409356,0.057467,0.033705,-0.011339,-0.676211,-0.652857,0.341343,0.730298,-0.655016,0.193949,0.096964,0.380433,0.91971,-0.005645,-0.005325,-0.028773,-0.138864,0.350928,0.116064,-0.915205,0.0771,0.033251,-0.06176,0.113653,0.993246,0.02331,-0.976801,0.107424,0.185251,0.181496,-0.043823,0.982414,0.000157,0.00079,0.000575,-1.2e-05,1e-05,-1e-06,-0.952819
1277,0.122898,0.017541,0.355925,0.203539,0.977888,-0.048498,-0.973645,0.207407,0.094713,0.102417,0.026727,0.994396,8e-06,3.9e-05,2.8e-05,0.0,0.0,0.0,-1.686949,-0.12472,0.028687,0.328693,0.604504,0.732702,0.312592,-0.796331,0.547789,0.256354,0.015845,-0.404818,0.914185,-0.01082,-0.015435,-0.044944,-0.035026,0.17865,-0.000153,-1.409484,0.057256,0.033561,-0.012365,-0.677895,-0.645966,0.350977,0.727802,-0.657059,0.196411,0.103738,0.388588,0.915553,-0.006249,-0.001662,-0.026,0.002085,0.174194,0.02744,-0.921736,0.077005,0.033274,-0.061737,0.113315,0.993279,0.023567,-0.976837,0.107044,0.185281,0.181513,-0.044016,0.982402,-1.5e-05,-7.4e-05,-5e-05,-1e-05,7e-06,4e-06,-0.95282
1278,0.122658,0.017525,0.355964,0.203085,0.977938,-0.049391,-0.973977,0.206973,0.092205,0.100134,0.028165,0.994589,-1.8e-05,-9e-05,-6.5e-05,0.0,-0.0,0.0,-1.691442,-0.12502,0.028343,0.327165,0.604812,0.731304,0.315258,-0.796146,0.548387,0.255651,0.013323,-0.406535,0.913463,0.000606,-0.002833,-0.036374,0.062839,0.03647,-0.029524,-1.409292,0.057103,0.033379,-0.013136,-0.677868,-0.644547,0.353629,0.727429,-0.657707,0.195622,0.106497,0.389846,0.9147,-0.005503,-0.007407,-0.013847,0.042457,0.041664,-0.086981,-0.931207,0.076884,0.033263,-0.06172,0.112784,0.993359,0.022716,-0.977338,0.106786,0.182773,0.179133,-0.042815,0.982892,-0.006547,0.000776,0.00059,-0.001458,0.014942,-0.029581,-0.953309
1279,0.122548,0.017507,0.355988,0.202809,0.978005,-0.049196,-0.97403,0.206682,0.092307,0.100185,0.027982,0.994589,-0.000788,-0.011938,0.007728,-0.035069,0.016187,-0.016728,-1.693571,-0.125201,0.028228,0.326608,0.604854,0.730069,0.31803,-0.796135,0.548066,0.256374,0.012117,-0.409184,0.912296,-0.013439,0.001369,-0.031473,0.055579,0.044523,-0.028268,-1.409236,0.057019,0.033318,-0.013419,-0.677497,-0.64338,0.356452,0.727561,-0.657324,0.196413,0.107936,0.392411,0.913434,-0.005942,-0.004606,-0.01157,0.042653,0.030776,-0.055861,-0.93284,0.07683,0.033261,-0.061709,0.112531,0.993383,0.022924,-0.977359,0.106497,0.18283,0.179179,-0.042979,0.982876,-0.006672,0.000157,0.000142,-0.001058,0.01475,-0.029554,-0.952493
1280,0.122411,0.017508,0.356026,0.196711,0.97926,-0.048986,-0.975292,0.200591,0.092411,0.100069,0.028381,0.994589,-0.013628,-0.009122,0.009816,-0.039966,0.130492,-0.218433,-1.696154,-0.125808,0.027938,0.32584,0.60623,0.727777,0.320649,-0.79507,0.547705,0.260417,0.013151,-0.41373,0.91023,-0.012991,-0.002377,-0.017564,0.030022,0.025964,-0.031663,-1.409619,0.056715,0.033177,-0.013806,-0.678325,-0.641033,0.359097,0.726871,-0.656872,0.200442,0.10739,0.396982,0.911521,-0.005693,-0.00673,-0.004823,0.013212,0.019702,-0.059937,-0.936433,0.076765,0.033257,-0.061693,0.106502,0.994032,0.023601,-0.978063,0.100459,0.182481,0.179021,-0.042518,0.982925,1.2e-05,5.3e-05,4.2e-05,-0.001044,-0.001363,0.000336,-0.952983
1281,0.122305,0.017519,0.35606,0.196616,0.979282,-0.048928,-0.975307,0.200493,0.092473,0.100115,0.028321,0.994586,-0.013051,0.001759,0.001322,-0.000984,0.014715,-0.029553,-1.699216,-0.126423,0.027817,0.325607,0.605886,0.72853,0.319589,-0.795298,0.546879,0.261452,0.014945,-0.413498,0.910307,-0.013097,-0.002186,-0.000311,-0.017164,0.125936,-0.193744,-1.409245,0.056408,0.033114,-0.013931,-0.678158,-0.64193,0.357806,0.727293,-0.656148,0.201277,0.105568,0.396728,0.911845,-0.006624,-0.000537,0.000317,-0.00239,0.014709,-0.032134,-0.939208,0.076712,0.03326,-0.061672,0.106293,0.99405,0.023766,-0.978071,0.10022,0.18257,0.179102,-0.042651,0.982904,3e-06,1.9e-05,1.6e-05,-1.5e-05,5e-06,0.000112,-0.953799
1282,0.122243,0.017505,0.356062,0.196448,0.979322,-0.048811,-0.97534,0.200314,0.092514,0.100127,0.028217,0.994588,-0.000179,-0.000879,-0.000636,0.0,0.0,0.0,-1.700061,-0.127146,0.027881,0.325587,0.605498,0.728098,0.321304,-0.795563,0.545189,0.264163,0.016412,-0.416486,0.908919,-0.026667,-0.001033,0.002137,-0.009986,0.023324,-0.027352,-1.409498,0.05604,0.033155,-0.013933,-0.677467,-0.641595,0.359711,0.728108,-0.654349,0.204168,0.104384,0.400226,0.910451,-0.013364,-0.000293,0.001266,0.014505,0.009522,-0.03622,-0.939372,0.076677,0.033254,-0.06167,0.106116,0.994065,0.023913,-0.978086,0.100018,0.182597,0.179122,-0.042765,0.982896,-0.0001,-0.0005,-0.00036,9e-06,3e-05,7.6e-05,-0.954942
1283,0.122241,0.01749,0.356063,0.196536,0.979241,-0.050073,-0.975559,0.200447,0.089882,0.097801,0.029967,0.994768,-6.8e-05,-0.000337,-0.000244,0.223615,-0.106804,0.02063,-1.705537,-0.127686,0.027861,0.325619,0.606496,0.728969,0.317424,-0.794682,0.544842,0.267509,0.021306,-0.415414,0.909308,-0.0266,-0.001438,0.00179,-0.004282,0.030393,-0.058329,-1.409309,0.05579,0.033151,-0.013915,-0.678909,-0.64231,0.355695,0.727465,-0.65403,0.207458,0.099384,0.399601,0.911285,-0.013383,-0.000151,0.00138,0.006416,0.017035,-0.040528,-0.940025,0.076676,0.033245,-0.06167,0.106101,0.994088,0.023035,-0.978399,0.100238,0.180795,0.177417,-0.04172,0.98325,-5.2e-05,-0.000254,-0.000196,2.484643,-1.186107,0.231749,-0.954942
1284,0.122255,0.017492,0.356101,0.196474,0.979256,-0.05001,-0.975565,0.200382,0.089964,0.097868,0.029896,0.994764,0.000138,0.00068,0.000492,0.0,-0.0,0.0,-1.717839,-0.1286,0.027933,0.325639,0.605247,0.731273,0.314495,-0.795576,0.54388,0.266808,0.023309,-0.412612,0.910533,-0.026575,-0.001481,0.001736,-0.000658,0.026226,-0.061629,-1.409328,0.055312,0.03319,-0.0139,-0.678024,-0.644913,0.35266,0.728583,-0.653113,0.206418,0.097205,0.396899,0.9127,-0.013295,-0.000699,0.000916,-0.01756,0.040627,-0.059491,-0.941005,0.076682,0.033245,-0.061652,0.10605,0.9941,0.022714,-0.978526,0.100274,0.180086,0.176746,-0.041324,0.983387,9e-05,0.000435,0.000315,-0.000173,0.000104,3.2e-05,-0.954779
1285,0.122233,0.017486,0.356196,0.196461,0.979261,-0.049965,-0.975547,0.200371,0.090173,0.098063,0.029811,0.994747,-0.013476,-0.008368,0.010362,-0.036049,0.030917,-0.046274,-1.711977,-0.129658,0.02789,0.32544,0.601006,0.734028,0.316205,-0.798834,0.540755,0.263405,0.02161,-0.41183,0.910929,-0.027047,0.002001,-0.012482,0.031754,0.036364,-0.064449,-1.409372,0.054781,0.03318,-0.01399,-0.674052,-0.64829,0.354081,0.732049,-0.65035,0.202847,0.098773,0.395934,0.91295,-0.013482,0.000706,-0.006466,0.01887,0.047228,-0.062146,-0.940515,0.076677,0.033247,-0.061607,0.106072,0.994098,0.022732,-0.978491,0.100285,0.180267,0.176923,-0.041364,0.983354,9.9e-05,0.000493,0.000358,-2.1e-05,8e-06,2.9e-05,-0.954942
1286,0.122209,0.017502,0.356232,0.196446,0.979265,-0.04995,-0.975545,0.200356,0.090227,0.098112,0.029786,0.994743,0.000255,0.001253,0.000906,0.0,0.0,0.0,-1.711154,-0.130256,0.027856,0.325159,0.599808,0.734476,0.317438,-0.799761,0.539858,0.26243,0.020631,-0.412209,0.910781,-0.026547,-0.001776,-0.015631,0.030271,0.038157,-0.063095,-1.409483,0.054492,0.033165,-0.014123,-0.672883,-0.648858,0.355262,0.732995,-0.649564,0.20195,0.099729,0.396294,0.91269,-0.013207,-0.001352,-0.008182,0.028113,0.039909,-0.062824,-0.941005,0.076659,0.033251,-0.061586,0.106029,0.994101,0.022777,-0.978482,0.100231,0.180344,0.176998,-0.041409,0.983339,0.000156,0.000772,0.000559,-1.5e-05,1.7e-05,2.2e-05,-0.954942
1287,0.122113,0.01746,0.356337,0.196324,0.979296,-0.049822,-0.975543,0.200231,0.090524,0.098374,0.029615,0.994722,-0.000511,-0.010541,0.008743,-0.035064,0.016206,-0.01672,-1.701403,-0.131592,0.027554,0.324328,0.600056,0.734405,0.317133,-0.799489,0.538614,0.265794,0.023643,-0.413962,0.909912,-0.038732,-0.011479,-0.022319,0.017107,0.080582,-0.107759,-1.409357,0.053843,0.033023,-0.014527,-0.673272,-0.648579,0.355032,0.73303,-0.648358,0.205662,0.0968,0.398716,0.91195,-0.019306,-0.006105,-0.011441,0.039554,0.06808,-0.110955,-0.941005,0.076612,0.033236,-0.061536,0.105927,0.994109,0.022902,-0.978448,0.100098,0.180603,0.177247,-0.041539,0.983288,3.6e-05,0.000184,0.000133,1.8e-05,-7e-06,1.3e-05,-0.954942
1288,0.122049,0.017276,0.356437,0.196043,0.979305,-0.050733,-0.975792,0.199973,0.088389,0.096454,0.03096,0.994869,-0.000883,-0.012364,0.007427,-0.03505,0.016193,-0.016722,-1.673723,-0.133104,0.027177,0.323335,0.60008,0.732627,0.321175,-0.79947,0.537131,0.268837,0.023698,-0.419018,0.907594,-0.038596,-0.013559,-0.024191,-0.049214,0.1325,-0.047005,-1.409356,0.053092,0.032831,-0.015028,-0.672644,-0.647052,0.358988,0.733545,-0.646851,0.208555,0.097266,0.403617,0.909742,-0.019204,-0.007385,-0.012575,-0.206982,-0.002329,0.054431,-0.941658,0.07658,0.033146,-0.061484,0.10557,0.994168,0.021995,-0.978858,0.099997,0.178428,0.175188,-0.040367,0.983706,-0.000508,-0.006496,0.00349,-0.040983,0.033176,-0.042011,-0.954452
1289,0.122048,0.017147,0.356504,0.195868,0.97935,-0.050537,-0.975798,0.19979,0.088739,0.096753,0.030716,0.994848,-0.000815,-0.012031,0.007669,-0.035066,0.016192,-0.016728,-1.657813,-0.133889,0.026928,0.322803,0.59845,0.733224,0.322848,-0.800728,0.535898,0.267549,0.022416,-0.419552,0.907379,-0.051499,-0.018359,-0.02685,0.020821,0.102087,-0.168147,-1.409267,0.052685,0.032704,-0.0153,-0.67113,-0.647725,0.360604,0.734735,-0.645941,0.20718,0.098733,0.403994,0.909417,-0.01988,-0.002573,-0.017168,0.074784,0.051624,-0.100065,-0.938882,0.07658,0.033079,-0.061452,0.10541,0.99418,0.022228,-0.978811,0.099783,0.178804,0.175545,-0.040605,0.983633,-0.000149,-0.000719,-0.000518,-0.000745,0.000354,-4.2e-05,-0.952493
1290,0.122102,0.016775,0.356725,0.191501,0.980161,-0.05154,-0.977408,0.195263,0.080735,0.088952,0.033697,0.995479,-0.000663,-0.011292,0.008209,0.091458,0.312958,0.150855,-1.662973,-0.135509,0.026379,0.321591,0.596145,0.73466,0.323847,-0.80245,0.533774,0.266634,0.022283,-0.41975,0.907291,-0.03838,-0.017499,-0.027792,0.040884,-0.042829,0.047392,-1.408941,0.051871,0.032423,-0.015911,-0.668822,-0.649623,0.361478,0.736805,-0.64396,0.205988,0.098963,0.404109,0.909341,-0.019826,-0.003697,-0.018222,0.060615,0.076504,-0.121875,-0.936759,0.076606,0.032891,-0.061343,0.099848,0.99479,0.020544,-0.980684,0.0949,0.171032,0.168191,-0.037224,0.98505,0.0062,-0.006516,0.003449,0.175772,0.493506,0.196813,-0.953146
1291,0.122155,0.016196,0.357117,0.190759,0.980289,-0.051861,-0.977629,0.19452,0.079852,0.088122,0.03425,0.995534,-0.000828,-0.012115,0.007622,-0.035052,0.016187,-0.016731,-1.644122,-0.136888,0.025869,0.320429,0.599252,0.7291,0.330608,-0.800267,0.536548,0.267626,0.016993,-0.425869,0.90455,-0.038625,-0.016845,-0.027428,-0.008978,0.128124,-0.107584,-1.408695,0.051181,0.032166,-0.016494,-0.67074,-0.643616,0.368597,0.73426,-0.64639,0.207463,0.104731,0.4098,0.906142,-0.019317,-0.008202,-0.013495,0.017532,0.092706,-0.084387,-0.938555,0.076633,0.032604,-0.061145,0.100183,0.994738,0.021408,-0.980903,0.095139,0.169639,0.16671,-0.037994,0.985273,0.005821,-0.012429,0.007368,-0.071411,0.029195,-0.028842,-0.952819
1292,0.122151,0.015452,0.35766,0.19182,0.980241,-0.048766,-0.977364,0.195345,0.081073,0.088751,0.030892,0.995588,-0.001229,-0.022149,0.016771,-0.070015,0.032527,-0.033376,-1.631216,-0.138239,0.025329,0.319322,0.604046,0.721629,0.338187,-0.796749,0.54017,0.270814,0.011997,-0.433944,0.900784,-0.039066,-0.014334,-0.025448,-0.077453,0.204416,-0.013493,-1.408835,0.050507,0.03189,-0.017052,-0.67375,-0.635947,0.376339,0.730651,-0.649461,0.210589,0.110494,0.416857,0.90223,-0.01283,-0.006676,-0.013005,-0.087173,0.108911,0.201288,-0.935779,0.076631,0.032234,-0.060878,0.101549,0.99453,0.02442,-0.980612,0.095932,0.170866,0.167589,-0.041298,0.98499,-0.000628,-0.011108,0.008361,-0.073079,0.026011,-0.03296,-0.951513
1293,0.122117,0.01504,0.357965,0.191809,0.980196,-0.049711,-0.977472,0.195372,0.079691,0.087579,0.032088,0.995654,-0.001357,-0.022783,0.016325,0.675605,-0.323814,0.031188,-1.628193,-0.138831,0.024985,0.318923,0.60529,0.720572,0.338218,-0.795771,0.540044,0.273925,0.013978,-0.435856,0.899832,-0.024583,-0.022608,-0.016676,-0.081373,0.158729,-0.033094,-1.40896,0.050206,0.03172,-0.017256,-0.674924,-0.634579,0.376544,0.729824,-0.649318,0.213871,0.108779,0.419158,0.901372,-0.019641,-0.006346,-0.012025,-0.050131,0.176438,-0.032591,-0.940352,0.076615,0.03203,-0.060725,0.101446,0.994555,0.023813,-0.980706,0.095956,0.170314,0.167102,-0.040632,0.985101,-0.000718,-0.011548,0.008035,2.415385,-1.154842,0.183851,-0.950697
1294,0.122027,0.014189,0.358593,0.191699,0.980123,-0.051527,-0.977696,0.195327,0.077012,0.0853,0.034396,0.995775,-0.001511,-0.023545,0.015797,-0.00371,0.014119,-0.052895,-1.619822,-0.139906,0.024319,0.31839,0.612977,0.714343,0.337586,-0.78992,0.548023,0.275013,0.010686,-0.436143,0.899738,-0.025464,-0.015167,-0.010295,-0.006203,0.046776,-0.082091,-1.408791,0.049669,0.031378,-0.01753,-0.681819,-0.627236,0.376425,0.722863,-0.656633,0.215175,0.112208,0.418814,0.901112,-0.012728,-0.00752,-0.005071,-0.006208,0.060546,-0.108306,-0.940188,0.07657,0.031606,-0.06041,0.101189,0.994632,0.021589,-0.981276,0.096208,0.166856,0.163883,-0.038069,0.985744,-0.007189,-0.010244,0.00903,0.167501,-0.067479,-0.043166,-0.947104
1295,0.121928,0.013392,0.359162,0.190788,0.980166,-0.05404,-0.978291,0.194422,0.071541,0.080384,0.037999,0.996053,-0.001325,-0.022635,0.016478,2.413986,-1.157942,0.183443,-1.646422,-0.140908,0.023904,0.318156,0.608928,0.715217,0.343021,-0.79309,0.544879,0.27212,0.006963,-0.438649,0.898556,-0.026226,-0.00812,-0.00418,-0.006187,0.046751,-0.082138,-1.408779,0.049169,0.031167,-0.01765,-0.677498,-0.628806,0.381573,0.72629,-0.653871,0.212024,0.116177,0.420779,0.899692,-0.013176,-0.003388,-0.001483,-0.007611,0.026203,-0.057627,-0.94427,0.07652,0.031204,-0.060128,0.100016,0.994774,0.020481,-0.981839,0.095338,0.16402,0.16121,-0.036514,0.986244,-0.000414,-0.006014,0.003864,-0.036895,0.016755,-0.017298,-0.954126
1296,0.121855,0.013022,0.359424,0.190001,0.980359,-0.053296,-0.978363,0.193621,0.072724,0.081371,0.037106,0.996006,-0.000721,-0.011603,0.008037,-0.035115,0.015934,-0.016873,-1.648611,-0.141413,0.023789,0.318151,0.610984,0.711803,0.346449,-0.791542,0.548222,0.269907,0.00143,-0.440035,0.897904,-0.026686,-0.00352,-0.00017,0.168231,0.164659,0.388115,-1.408821,0.048917,0.031106,-0.017656,-0.678461,-0.62558,0.385148,0.724509,-0.656529,0.209891,0.121557,0.421447,0.898668,-0.013384,-0.001388,0.00025,0.552448,0.600727,1.284709,-0.940841,0.076483,0.031014,-0.059994,0.099289,0.994857,0.020014,-0.982142,0.09475,0.162534,0.159802,-0.035795,0.986499,-0.000659,-0.011257,0.008288,-0.071973,0.032648,-0.034112,-0.952656
1297,0.121804,0.012306,0.359966,0.189798,0.980364,-0.053926,-0.978426,0.193455,0.072321,0.08109,0.037818,0.996003,-0.001111,-0.021589,0.017268,-0.068436,0.03091,-0.033637,-1.640527,-0.142583,0.023646,0.318299,0.617029,0.703694,0.352252,-0.786841,0.552345,0.27519,-0.001682,-0.447853,0.894029,-0.041742,0.010147,-0.004388,-0.053402,0.148885,0.016176,-1.408923,0.048347,0.031035,-0.017576,-0.683076,-0.616649,0.391344,0.719486,-0.660225,0.215504,0.125485,0.428772,0.894655,-0.013513,2.8e-05,0.001485,-0.136352,0.20228,0.065661,-0.941658,0.076457,0.03066,-0.059726,0.099037,0.994895,0.019367,-0.982235,0.094622,0.162052,0.159392,-0.035072,0.986592,0.0063,-0.006223,0.003695,-0.034421,0.001292,0.012617,-0.947431
1298,0.121755,0.011691,0.360497,0.18371,0.981489,-0.054544,-0.979644,0.187406,0.071744,0.080402,0.039034,0.996011,-0.000432,-0.010193,0.009079,-0.03513,0.015849,-0.01692,-1.635482,-0.143633,0.023724,0.318466,0.616747,0.702564,0.354989,-0.787061,0.551376,0.276501,-0.00224,-0.450815,0.892538,-0.013879,0.004264,0.00514,-0.082003,0.109768,0.07827,-1.408937,0.047796,0.03108,-0.017491,-0.682451,-0.615555,0.394147,0.719915,-0.659332,0.216801,0.126422,0.431709,0.893109,-0.006957,0.002274,0.002713,-0.089736,0.117434,0.081325,-0.943454,0.076433,0.030345,-0.059454,0.092803,0.995495,0.019365,-0.982955,0.088499,0.161138,0.158699,-0.033989,0.986741,-0.000217,-0.005064,0.004564,-0.036265,0.016102,-0.016925,-0.9489
1299,0.121656,0.011162,0.361015,0.182081,0.981616,-0.057622,-0.979876,0.186046,0.072122,0.081284,0.042111,0.995814,-0.000388,-0.009975,0.009246,-0.04103,0.002182,-0.024302,-1.637009,-0.144529,0.023896,0.318723,0.617843,0.701545,0.3551,-0.786202,0.550911,0.279852,-6.9e-05,-0.452969,0.891449,-0.014051,0.006551,0.007101,-0.003162,0.003196,-0.002327,-1.409137,0.047364,0.031163,-0.017367,-0.683592,-0.614102,0.394435,0.719157,-0.658957,0.220424,0.124553,0.434342,0.892095,-0.013706,0.002531,0.003628,0.015293,0.004858,-0.038129,-0.944924,0.076383,0.030089,-0.059201,0.090822,0.995734,0.016259,-0.98303,0.087027,0.161483,0.15938,-0.030649,0.986741,-0.00044,-0.010192,0.00909,-0.066949,0.037906,-0.048398,-0.957228
1300,0.121665,0.010907,0.36125,0.182395,0.981556,-0.057656,-0.979746,0.186399,0.072976,0.082143,0.041958,0.99575,-0.000438,-0.010226,0.009068,-0.030653,-0.080362,0.157097,-1.634854,-0.144943,0.024008,0.318863,0.618396,0.702006,0.353222,-0.785761,0.550679,0.281541,0.002363,-0.452536,0.891666,-0.027426,0.005625,0.007688,-0.00208,0.014153,-0.034782,-1.409091,0.047141,0.031224,-0.017291,-0.684291,-0.614567,0.392495,0.71891,-0.658708,0.221971,0.122124,0.434062,0.892566,-0.013729,0.002915,0.003949,0.002485,0.013822,-0.03849,-0.94623,0.076388,0.029959,-0.059079,0.091078,0.995708,0.016409,-0.982879,0.087231,0.16229,0.160162,-0.030909,0.986606,0.006097,-0.011326,0.008248,-0.066967,0.021971,-0.004882,-0.953146
1301,0.121791,0.010377,0.361681,0.183343,0.981364,-0.057934,-0.979425,0.187439,0.074601,0.083834,0.041845,0.995614,-0.0005,-0.010545,0.008845,-0.035149,0.01575,-0.016974,-1.632472,-0.145624,0.024391,0.319157,0.619187,0.702423,0.351,-0.785125,0.550777,0.283121,0.004778,-0.451768,0.892046,-0.01434,0.010575,0.010527,0.002073,-0.017469,0.018052,-1.408725,0.046806,0.031409,-0.01715,-0.68523,-0.614887,0.390348,0.718426,-0.658704,0.22354,0.119673,0.433613,0.893116,-0.007799,0.010725,0.001243,0.036534,-0.010708,0.011639,-0.945414,0.076446,0.029702,-0.05887,0.092149,0.995616,0.015988,-0.982517,0.088305,0.163897,0.161767,-0.030812,0.986347,-0.000257,-0.005266,0.004425,-0.0351,0.015894,-0.016631,-0.948084
1302,0.122004,0.009914,0.361988,0.178778,0.982028,-0.060859,-0.980577,0.182939,0.070532,0.080168,0.045847,0.99574,0.012463,-0.013448,0.006699,-0.034125,0.000967,0.01256,-1.619296,-0.146132,0.024798,0.319545,0.62172,0.69949,0.352378,-0.783104,0.55093,0.288373,0.006805,-0.456116,0.889817,-0.014165,0.008894,0.009029,-0.134439,0.181976,0.132908,-1.408989,0.046546,0.031624,-0.016946,-0.68698,-0.612074,0.391692,0.717047,-0.658425,0.22873,0.1179,0.437995,0.891211,-0.007088,0.004433,0.004513,-0.169151,0.22256,0.142425,-0.944924,0.076558,0.029459,-0.058706,0.087302,0.99609,0.013486,-0.983602,0.084047,0.159566,0.157809,-0.027195,0.987094,0.006211,-0.0068,0.003291,-0.040098,0.003787,0.012555,-0.942532
1303,0.122208,0.009672,0.362108,0.173632,0.982782,-0.063529,-0.981855,0.177774,0.065787,0.075725,0.049732,0.995901,0.012258,-0.014504,0.005936,-0.014742,0.005132,-0.010962,-1.624426,-0.146337,0.024964,0.31972,0.621499,0.69959,0.352569,-0.78328,0.550711,0.288312,0.006763,-0.456226,0.889761,-0.00079,0.009626,0.008262,9e-05,-0.013658,0.025672,-1.408835,0.046443,0.031704,-0.01686,-0.687033,-0.611686,0.392206,0.716953,-0.658434,0.229001,0.118165,0.438525,0.890916,-0.007061,0.004188,0.00429,0.014342,-0.012349,-0.008347,-0.944597,0.07666,0.02934,-0.058645,0.081893,0.996577,0.011279,-0.984823,0.079179,0.154445,0.153024,-0.023756,0.987936,0.006121,-0.007275,0.002946,-0.024254,0.007904,-0.010809,-0.944492
1304,0.122847,0.009021,0.362227,0.174277,0.982505,-0.065998,-0.982012,0.178385,0.061659,0.072129,0.052844,0.996008,0.024627,-0.020608,0.001451,-0.033902,-5.8e-05,0.016749,-1.633292,-0.146682,0.025248,0.320023,0.626581,0.694248,0.354129,-0.779242,0.555464,0.290129,0.003936,-0.458616,0.888549,-0.000568,0.007001,0.005989,-0.000144,0.000197,0.000149,-1.408939,0.046271,0.03185,-0.016705,-0.691213,-0.605753,0.394064,0.71241,-0.662664,0.230967,0.121223,0.440383,0.889588,-0.006983,0.003389,0.003589,-0.009583,0.106874,-0.171143,-0.942801,0.076967,0.029033,-0.058585,0.082363,0.996563,0.008768,-0.985366,0.080114,0.150443,0.149223,-0.02103,0.988579,0.005765,-0.009118,0.001604,-0.036206,0.001859,0.012693,-0.949554
1305,0.123572,0.008441,0.362173,0.175096,0.98234,-0.066292,-0.981809,0.179262,0.062347,0.072904,0.052949,0.995946,0.025202,-0.009809,-0.007246,0.001272,-0.015674,0.033791,-1.631079,-0.146934,0.025485,0.320211,0.62734,0.694609,0.352071,-0.778613,0.555463,0.291816,0.006355,-0.45807,0.888816,-0.000396,0.004923,0.004201,-9e-06,-1.2e-05,7e-06,-1.408673,0.046145,0.03197,-0.016611,-0.692146,-0.606033,0.391989,0.711926,-0.662584,0.232682,0.118713,0.440118,0.890057,-0.006872,0.002126,0.0025,0.002802,0.002671,-0.008977,-0.936433,0.077342,0.028723,-0.058613,0.083182,0.996498,0.008419,-0.985173,0.080959,0.151258,0.150047,-0.020876,0.988457,0.012593,-0.004946,-0.003664,0.001268,-0.015616,0.033997,-0.953473
1306,0.124507,0.00793,0.361969,0.171498,0.982889,-0.067542,-0.982433,0.175766,0.062476,0.073058,0.05442,0.995855,0.024736,-0.020625,0.001395,-0.029105,-0.095117,0.191396,-1.640075,-0.147042,0.025706,0.320435,0.630735,0.691299,0.352518,-0.775839,0.556364,0.297431,0.0087,-0.461969,0.886776,-0.000551,0.006875,0.005853,-0.006436,-0.004738,0.032407,-1.408856,0.046091,0.032074,-0.016504,-0.695001,-0.602145,0.392929,0.709454,-0.663099,0.238691,0.116825,0.444656,0.888049,-0.000263,0.003232,0.002756,0.019106,-0.025842,0.02692,-0.936106,0.07779,0.028477,-0.058715,0.07928,0.996823,0.007621,-0.985497,0.077224,0.1511,0.150031,-0.01949,0.988488,0.012549,-0.005295,-0.003936,0.000902,-0.016164,0.034161,-0.962127
1307,0.125019,0.007705,0.361851,0.172755,0.982618,-0.068271,-0.982199,0.177074,0.062446,0.073228,0.055047,0.995808,0.025402,-0.009113,-0.006778,0.001969,-0.029429,0.059106,-1.646755,-0.147053,0.02585,0.320583,0.63216,0.689436,0.353614,-0.774679,0.556914,0.299422,0.008713,-0.464088,0.885669,-0.00068,0.008487,0.007215,-0.004102,-0.007934,0.029994,-1.408993,0.046086,0.032144,-0.016438,-0.696081,-0.600101,0.394142,0.708353,-0.663541,0.240723,0.117071,0.446755,0.886963,-0.000344,0.004243,0.003609,0.019995,-0.028374,0.0255,-0.936596,0.078045,0.028358,-0.058771,0.080486,0.996732,0.006788,-0.985378,0.078539,0.151197,0.15017,-0.018858,0.98848,0.012655,-0.004811,-0.003591,0.001231,-0.015733,0.034041,-0.965556
1308,0.125979,0.007375,0.361654,0.170243,0.983147,-0.066969,-0.982754,0.1744,0.061241,0.071669,0.054166,0.99597,0.025789,-0.007251,-0.005437,0.001625,-0.01482,0.034244,-1.651365,-0.147251,0.026199,0.32091,0.632343,0.68941,0.353338,-0.774528,0.557079,0.299506,0.008858,-0.463928,0.885751,-0.014108,0.009374,0.009288,0.002045,-0.017464,0.018058,-1.409281,0.045992,0.032316,-0.01627,-0.696257,-0.600192,0.393693,0.708208,-0.663741,0.240598,0.116905,0.446335,0.887196,-0.000382,0.004739,0.004018,0.002232,-0.017204,0.022442,-0.937902,0.078534,0.028188,-0.058874,0.078256,0.996898,0.008289,-0.985786,0.076139,0.14976,0.148665,-0.01989,0.988686,0.013006,-0.003054,-0.002315,-0.002036,-0.038087,0.060937,-0.957392
1309,0.126937,0.007168,0.361484,0.169147,0.983579,-0.063296,-0.983164,0.172915,0.05882,0.068581,0.051059,0.996351,0.026101,-0.005686,-0.004307,0.006208,-0.003762,0.040112,-1.667293,-0.147558,0.026647,0.32129,0.631706,0.689651,0.354006,-0.775051,0.556504,0.299221,0.008566,-0.464261,0.88558,-0.014234,0.011324,0.010888,0.002042,-0.017469,0.018054,-1.408994,0.045844,0.032535,-0.016085,-0.695691,-0.600513,0.394204,0.708722,-0.663295,0.240316,0.117161,0.446567,0.887046,-0.000496,0.006207,0.00524,0.001716,-0.016534,0.022925,-0.938229,0.079013,0.028085,-0.058959,0.077483,0.996917,0.012256,-0.986275,0.074847,0.147167,0.145796,-0.023491,0.989035,0.013191,-0.002118,-0.001639,-0.005795,-0.045456,0.070519,-0.958208
1310,0.12741,0.007075,0.361425,0.165822,0.984257,-0.061536,-0.983844,0.16941,0.057646,0.06695,0.04976,0.996528,0.026244,-0.004944,-0.003772,0.012933,-0.002901,0.073182,-1.668815,-0.147753,0.026834,0.321491,0.631266,0.689819,0.354463,-0.775411,0.556066,0.299103,0.008436,-0.464537,0.885436,-0.014153,0.010493,0.010163,-3e-06,-0.001131,-0.005595,-1.4088,0.045741,0.032636,-0.015978,-0.695153,-0.600798,0.394717,0.709217,-0.66283,0.24014,0.117355,0.446875,0.886865,-0.000486,0.00613,0.005164,0.003798,-0.032828,0.046708,-0.939535,0.07926,0.028036,-0.05899,0.07428,0.997134,0.014326,-0.986743,0.071412,0.14573,0.144289,-0.024961,0.98922,0.013131,-0.002442,-0.001878,-0.001478,-0.035138,0.077639,-0.958698
1311,0.12848,0.006857,0.361257,0.163628,0.984693,-0.060429,-0.984318,0.167077,0.056341,0.065364,0.049038,0.996669,0.026055,-0.006045,-0.004595,0.001838,-0.014267,0.034538,-1.671771,-0.148208,0.027161,0.321823,0.630539,0.690116,0.355178,-0.776005,0.555372,0.29885,0.008201,-0.464926,0.885234,-0.013924,0.007915,0.00796,-7e-06,-0.001131,-0.005594,-1.408209,0.045513,0.032804,-0.015808,-0.694414,-0.60122,0.395377,0.709897,-0.662206,0.23985,0.117619,0.447232,0.88665,-0.006964,0.003907,0.003945,-0.000207,-0.00127,-0.005986,-0.941331,0.079776,0.027934,-0.059069,0.072162,0.997272,0.015487,-0.987105,0.069185,0.144346,0.142881,-0.025703,0.989405,0.013102,-0.002636,-0.002031,-0.003618,-0.041726,0.060983,-0.958861
1312,0.129567,0.006602,0.361087,0.15995,0.985221,-0.061661,-0.984933,0.163473,0.056179,0.065222,0.050522,0.996605,0.026019,-0.006353,-0.00484,0.001969,-0.029429,0.059107,-1.670498,-0.148703,0.027491,0.32212,0.631132,0.690572,0.353234,-0.775492,0.555209,0.300482,0.0106,-0.464444,0.885462,-0.013883,0.007747,0.007786,-1.1e-05,-0.001132,-0.005595,-1.408251,0.045266,0.032968,-0.015661,-0.695192,-0.601568,0.393474,0.709534,-0.661988,0.241518,0.115186,0.447085,0.887043,-0.006944,0.003839,0.003873,8.9e-05,-0.000884,-0.006066,-0.936269,0.080329,0.027805,-0.059155,0.068332,0.997557,0.014445,-0.987408,0.065552,0.143965,0.142667,-0.024101,0.989476,0.012958,-0.003487,-0.002665,0.00059,-0.016798,0.033157,-0.956412
1313,0.130128,0.006415,0.360982,0.161259,0.98496,-0.062411,-0.98471,0.164828,0.056126,0.065361,0.051182,0.996562,0.025657,-0.008467,-0.006403,0.001251,-0.015689,0.033783,-1.671443,-0.148946,0.027667,0.322277,0.633089,0.689135,0.352537,-0.773858,0.555544,0.304055,0.012897,-0.466175,0.884521,-0.013931,0.008589,0.008471,-0.011526,0.014724,0.006362,-1.40868,0.045145,0.03305,-0.015587,-0.696967,-0.599757,0.3931,0.708135,-0.66205,0.245425,0.113057,0.449421,0.886136,-0.006989,0.004521,0.004432,0.008627,0.001629,0.005313,-0.936923,0.08061,0.027715,-0.059205,0.069595,0.997482,0.013558,-0.987308,0.066928,0.144022,0.142752,-0.023409,0.98948,0.019524,-0.004775,-0.003663,0.002936,-0.04436,0.088043,-0.953146
1314,0.131199,0.006059,0.360736,0.159132,0.985374,-0.061324,-0.985156,0.162566,0.054882,0.063844,0.050456,0.996698,0.038998,-0.010063,-0.0077,0.003324,-0.027687,0.064778,-1.678056,-0.149306,0.027966,0.322611,0.636716,0.685575,0.352946,-0.770921,0.559654,0.303978,0.010079,-0.466504,0.884384,-0.013815,0.00734,0.0074,-0.014018,0.111614,-0.16882,-1.408623,0.044964,0.033206,-0.015414,-0.700146,-0.59577,0.393514,0.704534,-0.66591,0.245345,0.115876,0.449022,0.885974,-0.006904,0.003555,0.003612,0.00057,-0.001979,-0.006352,-0.937249,0.08114,0.027535,-0.059329,0.067529,0.997604,0.014995,-0.987668,0.064714,0.142557,0.141245,-0.024437,0.989672,0.012885,-0.004043,-0.003092,-0.003526,-0.041932,0.062389,-0.952166
1315,0.13216,0.005784,0.360525,0.16368,0.98486,-0.057486,-0.98458,0.166757,0.052596,0.061176,0.046767,0.997044,0.026035,-0.00664,-0.005102,0.075629,0.170713,0.132698,-1.688996,-0.149496,0.028251,0.322889,0.636391,0.685707,0.353274,-0.77119,0.559324,0.303901,0.01,-0.466705,0.884279,-0.000629,0.008561,0.00709,0.002027,-0.016335,0.023653,-1.408398,0.044864,0.033346,-0.015276,-0.699695,-0.596022,0.393933,0.704957,-0.665517,0.245199,0.116025,0.44927,0.885829,-0.000316,0.004229,0.003506,0.001866,-0.016462,0.023264,-0.936269,0.081625,0.027393,-0.059438,0.071874,0.997252,0.017922,-0.987651,0.068651,0.140819,0.139202,-0.027822,0.989872,0.006448,-0.002031,-0.001564,0.110968,0.257493,0.143913,-0.959188
1316,0.13292,0.00564,0.360411,0.160628,0.985456,-0.055852,-0.985179,0.163551,0.051416,0.059596,0.04554,0.997197,0.013257,-0.001941,-0.00154,0.001918,-0.012362,0.030802,-1.696629,-0.149663,0.028395,0.32314,0.636021,0.687847,0.349763,-0.77145,0.558893,0.304034,0.012857,-0.464063,0.885631,0.000826,-0.005884,0.012175,-0.008634,-0.042124,-0.021611,-1.408608,0.04478,0.033427,-0.015151,-0.699917,-0.598212,0.390201,0.705234,-0.665258,0.245104,0.11296,0.446736,0.887505,-0.000184,0.002483,0.002055,-0.00263,0.090493,-0.193375,-0.935943,0.082009,0.027316,-0.059499,0.06956,0.99737,0.020327,-0.988057,0.066073,0.139196,0.137487,-0.029766,0.990055,0.006644,-0.00089,-0.000723,-0.005374,-0.029508,0.03205,-0.957392
1317,0.13326,0.005597,0.360376,0.162768,0.985216,-0.053859,-0.984908,0.16552,0.050303,0.058265,0.043634,0.997361,0.013345,-0.001423,-0.001161,0.011483,0.011795,0.043623,-1.698648,-0.149686,0.028454,0.32328,0.636064,0.687844,0.349692,-0.771411,0.558849,0.304212,0.013033,-0.464121,0.885598,-0.000495,0.006789,0.005603,0.002403,-0.016848,0.023266,-1.408539,0.044769,0.033451,-0.015079,-0.699896,-0.598199,0.39026,0.705292,-0.665071,0.245441,0.112728,0.447031,0.887386,-0.000251,0.003387,0.002798,-0.004274,-0.010457,0.024631,-0.935943,0.082174,0.027296,-0.059515,0.07178,0.997171,0.022266,-0.988064,0.068039,0.138194,0.136288,-0.03192,0.990154,0.006691,-0.00061,-0.000517,0.003586,-0.006556,0.052535,-0.954452
1318,0.133907,0.005582,0.360334,0.165673,0.984815,-0.052316,-0.984502,0.168281,0.049077,0.056922,0.042151,0.997502,0.01364,0.000366,0.000155,0.00383,-0.007488,0.033389,-1.705128,-0.149887,0.028652,0.323564,0.638431,0.686076,0.34885,-0.769496,0.562481,0.302366,0.01043,-0.462343,0.886563,-0.013689,0.006286,0.006458,0.000299,-0.00156,-0.005917,-1.408504,0.044679,0.033545,-0.014942,-0.702035,-0.596121,0.389596,0.702777,-0.668363,0.24371,0.115111,0.444893,0.888154,-0.000252,0.00342,0.00282,-0.018875,0.102424,-0.138265,-0.93529,0.082503,0.027287,-0.059537,0.074926,0.996912,0.023458,-0.98799,0.071027,0.13722,0.13513,-0.033458,0.990262,0.006855,0.000384,0.000213,-0.004379,-0.042871,0.061092,-0.954616
1319,0.134659,0.005504,0.360281,0.162868,0.985417,-0.049727,-0.984912,0.165394,0.050634,0.05791,0.039505,0.997553,0.026607,-0.003319,-0.00269,0.005882,-0.019428,0.064416,-1.705584,-0.150277,0.028842,0.323757,0.638054,0.686262,0.349175,-0.76981,0.562129,0.30222,0.010326,-0.462496,0.886484,-0.000382,0.005365,0.004406,0.0,-0.0,-0.0,-1.407986,0.044473,0.033645,-0.01484,-0.70167,-0.596324,0.389943,0.703122,-0.668037,0.243607,0.115228,0.44511,0.88803,-0.006795,0.002527,0.002721,-6.7e-05,-0.000933,-0.005289,-0.935943,0.082875,0.027255,-0.059558,0.072257,0.997038,0.026332,-0.988023,0.067946,0.138537,0.136338,-0.036027,0.990006,0.006609,-0.001108,-0.000889,-0.004198,-0.028234,0.038177,-0.954779
1320,0.135027,0.005437,0.360253,0.164902,0.985181,-0.047652,-0.984648,0.167266,0.049606,0.056629,0.037516,0.997703,0.026503,-0.003971,-0.003177,0.009507,-0.010122,0.069355,-1.710726,-0.150516,0.028872,0.323869,0.637695,0.686422,0.349516,-0.770108,0.561731,0.302201,0.010309,-0.462741,0.886356,-0.013432,0.003018,0.003751,-0.002045,0.015205,-0.029245,-1.408023,0.044359,0.033662,-0.014783,-0.701334,-0.596523,0.390243,0.703451,-0.667702,0.243578,0.115266,0.445346,0.887907,-0.00674,0.001783,0.002106,2.5e-05,-0.001027,-0.005364,-0.93529,0.083059,0.027223,-0.059572,0.074465,0.996822,0.028282,-0.988013,0.069902,0.137633,0.135219,-0.038192,0.990079,0.006557,-0.001432,-0.00113,-0.003476,-0.009395,0.019622,-0.953636
1321,0.135845,0.00535,0.360155,0.162334,0.985671,-0.046309,-0.985162,0.164577,0.048379,0.055098,0.036543,0.997825,0.026671,-0.00294,-0.002427,0.054857,0.104724,0.117279,-1.717821,-0.150939,0.028977,0.324046,0.638205,0.686711,0.348013,-0.76972,0.564406,0.298179,0.007547,-0.459037,0.888308,-0.013535,0.00467,0.005093,0.1309,-0.183653,-0.142705,-1.408068,0.044143,0.033711,-0.014697,-0.702236,-0.59626,0.389022,0.702132,-0.670428,0.239865,0.117789,0.441587,0.889452,-0.006773,0.002358,0.002572,0.176158,-0.226621,-0.15655,-0.932514,0.083467,0.027176,-0.059623,0.071578,0.996999,0.029454,-0.988393,0.066931,0.136374,0.133993,-0.038873,0.990219,0.006656,-0.000833,-0.000691,0.073499,0.164092,0.068915,-0.955759
1322,0.136593,0.005273,0.360052,0.165196,0.985269,-0.04472,-0.984761,0.167306,0.047168,0.053743,0.035022,0.997954,0.026659,-0.003024,-0.0025,-0.00029,0.072683,-0.111783,-1.722485,-0.15161,0.029178,0.324134,0.639632,0.687445,0.34392,-0.768468,0.564391,0.301419,0.012307,-0.457955,0.888813,-0.013364,0.00244,0.003255,0.013745,-0.113932,0.157778,-1.408132,0.043817,0.033814,-0.014652,-0.703693,-0.597268,0.384819,0.7015,-0.669998,0.242896,0.112754,0.440875,0.890457,-0.013227,0.000339,0.001548,-0.00235,0.037607,-0.060447,-0.932024,0.083842,0.027137,-0.059675,0.075135,0.99669,0.031016,-0.988313,0.070294,0.135255,0.132627,-0.040816,0.990325,0.006646,-0.0009,-0.000744,-0.005364,-0.030355,0.036031,-0.956249
1323,0.137383,0.005208,0.359945,0.164014,0.985631,-0.04094,-0.985114,0.165847,0.04491,0.050843,0.03174,0.998216,0.026641,-0.003147,-0.002603,0.060012,0.046614,-0.385124,-1.726946,-0.152179,0.029261,0.324282,0.639855,0.688016,0.342361,-0.768239,0.563836,0.303037,0.014662,-0.457781,0.888867,-0.013406,0.003264,0.003918,-0.002045,0.015205,-0.029245,-1.408,0.043532,0.033851,-0.014581,-0.70418,-0.597705,0.383247,0.70138,-0.669528,0.244536,0.110434,0.440999,0.890686,-0.006708,0.001652,0.001985,0.000378,-0.000568,-0.005412,-0.93333,0.084236,0.027105,-0.059728,0.074376,0.996619,0.03488,-0.988706,0.069132,0.132964,0.130103,-0.044376,0.990506,0.013298,-0.00165,-0.001376,0.123195,0.017352,-1.551465,-0.956412
1324,0.137778,0.005136,0.359875,0.164768,0.985487,-0.041365,-0.984987,0.16662,0.044825,0.050855,0.032134,0.998203,0.013025,-0.003501,-0.002728,0.001534,-0.013276,0.030318,-1.727727,-0.152442,0.029331,0.324339,0.643375,0.684439,0.342933,-0.765348,0.567886,0.302792,0.011694,-0.458134,0.888729,-0.013331,0.002203,0.003047,-0.00192,0.015315,-0.028923,-1.407939,0.043396,0.033891,-0.014549,-0.707128,-0.593666,0.384097,0.69793,-0.673145,0.244474,0.113417,0.440947,0.890337,-0.006688,0.001421,0.001795,-0.000779,0.015069,-0.028158,-0.933983,0.084439,0.027072,-0.059761,0.07489,0.996598,0.034375,-0.988671,0.069709,0.132923,0.130074,-0.04394,0.990529,0.013167,-0.0026,-0.002076,-0.003711,-0.028058,0.034838,-0.958861
1325,0.138449,0.005002,0.359768,0.167232,0.985191,-0.03845,-0.984508,0.168984,0.046477,0.05207,0.028857,0.99824,0.013133,-0.002838,-0.002244,0.001132,-0.014326,0.02976,-1.733253,-0.153019,0.029385,0.324437,0.646691,0.683644,0.338251,-0.762396,0.568039,0.309867,0.018892,-0.459131,0.888091,-0.013214,0.000514,0.001663,-0.016565,0.002866,-0.016337,-1.407549,0.043107,0.03392,-0.014498,-0.710688,-0.59224,0.379702,0.695426,-0.672983,0.251943,0.106322,0.443108,0.89014,-0.006614,0.00034,0.00091,-0.02617,-0.045141,0.002808,-0.932514,0.084775,0.027002,-0.059817,0.0776,0.996297,0.037003,-0.988258,0.071969,0.134777,0.131615,-0.047027,0.990184,0.006542,-0.0016,-0.001268,-3.7e-05,-0.022298,0.029042,-0.959025
1326,0.13902,0.004921,0.359601,0.162619,0.985934,-0.039171,-0.985298,0.164402,0.046176,0.051756,0.02986,0.998227,-0.000472,-0.003139,-0.002322,-0.000738,0.013752,-0.025316,-1.73229,-0.153378,0.029464,0.324586,0.650556,0.679925,0.338334,-0.759164,0.572338,0.309891,0.01625,-0.459309,0.888051,-0.0003,0.00486,0.003953,0.170274,0.137815,0.465371,-1.407984,0.042923,0.033953,-0.014428,-0.71384,-0.588209,0.380054,0.691775,-0.676729,0.251961,0.108987,0.442772,0.889985,-0.000156,0.002475,0.002022,0.171291,0.141465,0.469477,-0.933657,0.085065,0.026964,-0.059899,0.072862,0.99667,0.036601,-0.98867,0.067351,0.134143,0.131231,-0.04596,0.990285,0.006677,0.003707,-0.005676,0.03624,-0.029436,0.046159,-0.959188
