frame,MLTx,MLTy,MLTz,MLTR1,MLTR2,MLTR3,MLTR4,MLTR5,MLTR6,MLTR7,MLTR8,MLTR9,MLTTVx,MLTTVy,MLTTVz,MLTRVx,MLTRVy,MLTRVz,MLGA,MRTx,MRTy,MRTz,MRTR1,MRTR2,MRTR3,MRTR4,MRTR5,MRTR6,MRTR7,MRTR8,MRTR9,MRTTVx,MRTTVy,MRTTVz,MRTRVx,MRTRVy,MRTRVz,MRGA,SLTx,SLTy,SLTz,SLTR1,SLTR2,SLTR3,SLTR4,SLTR5,SLTR6,SLTR7,SLTR8,SLTR9,SLTTVx,SLTTVy,SLTTVz,SLTRVx,SLTRVy,SLTRVz,SLGA,SRTx,SRTy,SRTz,SRTR1,SRTR2,SRTR3,SRTR4,SRTR5,SRTR6,SRTR7,SRTR8,SRTR9,SRTTVx,SRTTVy,SRTTVz,SRTRVx,SRTRVy,SRTRVz,SRGA
830,0.163289,0.241568,0.314649,-0.725972,-0.439031,-0.529398,-0.31045,-0.477729,0.821807,-0.612809,0.761506,0.211186,-0.002519,-0.062826,0.023517,-0.351747,-0.050176,0.122524,-1.909508,-0.197898,-0.009545,0.306192,-0.854297,0.275461,0.440781,0.041823,-0.808684,0.586699,0.51913,0.5193,0.678745,-0.000129,-0.001387,-0.001476,0.0,0.0,0.0,0.23293,0.028517,0.039714,-0.028035,0.760191,-0.248558,0.600272,-0.080535,0.880748,0.466687,-0.644688,-0.403114,0.649519,-7.6e-05,-0.000845,-0.000899,0.000367,-0.000424,-0.00024,0.127079,0.083144,0.158847,-0.067293,0.683978,0.528291,-0.503071,0.214199,0.513773,0.830755,0.697346,-0.675976,0.23825,-0.001403,-0.032854,0.011201,-0.734628,-0.378228,0.518185,-1.035118
831,0.163068,0.23783,0.315483,-0.720181,-0.444107,-0.533061,-0.315808,-0.474325,0.821738,-0.616892,0.760697,0.202018,-0.013296,-0.114731,0.020978,2.682825,-4.311471,-1.220406,-1.910157,-0.19797,-0.009631,0.30612,-0.85247,0.280268,0.441289,0.037496,-0.809027,0.586518,0.52246,0.516179,0.678571,-0.000209,-0.002236,-0.002381,0.0,0.0,0.0,0.232529,0.028481,0.039673,-0.02807,0.758019,-0.253181,0.601087,-0.076209,0.880892,0.467141,-0.647764,-0.39991,0.648438,-0.007387,-0.001226,-0.000843,-0.003502,0.030543,-0.053608,0.126916,0.083037,0.157003,-0.066873,0.680667,0.528585,-0.507237,0.223112,0.509924,0.830781,0.697791,-0.678656,0.229155,-0.003163,-0.058522,0.009887,-0.282371,0.050337,0.019011,-1.029729
832,0.162849,0.235292,0.315921,-0.71682,-0.447071,-0.535109,-0.315247,-0.476777,0.820534,-0.621077,0.757422,0.201498,-0.014458,-0.132761,0.022847,2.801995,-4.237119,-0.810528,-1.909416,-0.198019,-0.009676,0.306059,-0.85234,0.28009,0.441654,0.037805,-0.80913,0.586357,0.52265,0.516115,0.678473,-0.014777,-0.002429,-0.001663,-0.002045,0.015205,-0.029245,0.230669,0.028462,0.03965,-0.0281,0.757858,-0.25296,0.601382,-0.076468,0.88098,0.466932,-0.647922,-0.399855,0.648315,-0.00015,-0.001618,-0.001724,-6.4e-05,-0.000114,-0.000124,0.126099,0.082927,0.155729,-0.066659,0.676756,0.532317,-0.508566,0.221722,0.511348,0.830278,0.702026,-0.674656,0.228032,-0.004064,-0.074452,0.012237,-0.07152,0.381292,0.492178,-1.028423
833,0.162242,0.2286,0.31695,-0.712244,-0.436253,-0.549943,-0.330751,-0.482507,0.811026,-0.618282,0.760085,0.200063,-0.010825,-0.190249,0.02722,-1.537825,-0.721001,2.534324,-1.908732,-0.198122,-0.009858,0.305886,-0.848616,0.289693,0.442628,0.029086,-0.809752,0.585994,0.529235,0.50979,0.67815,-0.000491,-0.005228,-0.005581,0.000134,0.018053,-0.021381,0.214695,0.028406,0.039565,-0.028181,0.753451,-0.262216,0.602954,-0.067763,0.881185,0.46789,-0.654003,-0.39339,0.64616,-0.000201,-0.002167,-0.002314,0.022059,0.024573,0.029599,0.115485,0.082623,0.152405,-0.066146,0.671943,0.526404,-0.520951,0.230626,0.519713,0.822623,0.703778,-0.672901,0.227814,-0.009492,-0.102171,0.015187,-0.227895,0.364739,0.463831,-1.027607
834,0.161619,0.219468,0.318217,-0.692859,-0.426588,-0.58139,-0.362704,-0.490725,0.792217,-0.622396,0.760297,0.186008,-0.014211,-0.246617,0.033951,-0.651588,0.403772,0.912296,-1.908388,-0.198173,-0.010035,0.305684,-0.846664,0.294413,0.443252,0.024819,-0.810083,0.585733,0.532573,0.506546,0.677968,-0.00044,-0.004672,-0.004997,0.0,0.0,0.0,0.199774,0.02838,0.039473,-0.028285,0.751143,-0.266712,0.603861,-0.063486,0.881322,0.468231,-0.657079,-0.390045,0.645066,-0.000235,-0.002534,-0.00271,-0.001502,0.01521,-0.024506,0.095237,0.082319,0.147952,-0.065528,0.655138,0.513281,-0.554378,0.262403,0.533513,0.804057,0.708476,-0.672239,0.214838,-0.007138,-0.123743,0.016712,-0.198446,0.813608,0.673474,-1.030056
835,0.161014,0.208424,0.319614,-0.663868,-0.435831,-0.607764,-0.376241,-0.507744,0.774991,-0.645533,0.743699,0.17386,-0.019128,-0.328151,0.04124,2.964478,-3.212115,-0.636734,-1.908153,-0.198202,-0.010201,0.305462,-0.844748,0.299206,0.443697,0.020365,-0.810372,0.585505,0.535798,0.503261,0.677873,-0.000446,-0.004726,-0.005065,0.0,0.0,0.0,0.197286,0.028365,0.039387,-0.028399,0.748887,-0.271308,0.604615,-0.059054,0.881404,0.468657,-0.660061,-0.386676,0.64405,-0.000261,-0.0028,-0.003,-0.001527,0.015224,-0.024484,0.084297,0.082015,0.142387,-0.064812,0.627835,0.515,-0.583608,0.280203,0.549985,0.786767,0.72616,-0.657488,0.200995,-0.009566,-0.164503,0.020343,-0.653296,0.524185,0.934504,-1.02777
836,0.160632,0.201553,0.32041,-0.649799,-0.442129,-0.618328,-0.383364,-0.511844,0.768779,-0.655583,0.737145,0.163875,-0.021068,-0.357475,0.041076,1.613875,-4.820247,0.990602,-1.90805,-0.198246,-0.010283,0.305331,-0.84284,0.304025,0.444051,0.015835,-0.810613,0.585311,0.538952,0.49997,0.677808,-0.000543,-0.005738,-0.006157,-0.001648,0.015696,-0.024111,0.192618,0.028343,0.039349,-0.028462,0.746661,-0.275976,0.605255,-0.054522,0.881427,0.469162,-0.662966,-0.383305,0.64308,-0.000248,-0.00266,-0.002854,-0.000625,0.014449,-0.024866,0.081848,0.081826,0.138969,-0.064412,0.615588,0.518258,-0.593683,0.285112,0.555847,0.780861,0.734685,-0.649955,0.194411,-0.010599,-0.179947,0.019929,-0.440932,0.953992,0.016369,-1.021565
837,0.159779,0.187034,0.32206,-0.641949,-0.432613,-0.633083,-0.394343,-0.52186,0.756391,-0.656811,0.735753,0.165204,-0.021522,-0.365676,0.042336,-0.264634,1.106948,0.216659,-1.908717,-0.198493,-0.010527,0.305023,-0.834954,0.323196,0.445406,-0.002235,-0.811207,0.584698,0.551329,0.48679,0.677447,-0.015489,-0.009391,-0.009186,0.061124,0.13385,0.023623,0.17254,0.028226,0.039233,-0.028609,0.737564,-0.294399,0.607723,-0.036638,0.88119,0.471339,-0.674282,-0.369908,0.639148,-0.0077,-0.004274,-0.004137,0.216583,0.327273,0.287624,0.062579,0.081397,0.131684,-0.063599,0.604522,0.512083,-0.610182,0.29387,0.568601,0.76833,0.7404,-0.643787,0.193246,-0.010864,-0.184305,0.020446,-0.044688,1.052239,0.518047,-1.015523
838,0.158863,0.171989,0.323696,-0.622464,-0.423353,-0.658298,-0.3981,-0.55294,0.731946,-0.673102,0.718205,0.176474,-0.022961,-0.383104,0.038621,-0.159642,-1.520576,2.228142,-1.908337,-0.199007,-0.010829,0.304395,-0.812612,0.37279,0.447973,-0.048738,-0.809296,0.585319,0.581755,0.453332,0.675214,-0.031097,-0.00309,-0.021665,0.091952,0.14014,0.013903,0.139378,0.027981,0.039084,-0.028907,0.712149,-0.342226,0.612963,0.008762,0.877397,0.479684,-0.701973,-0.336236,0.627836,-0.008016,-0.007394,-0.007532,0.743428,1.033206,1.057369,0.024696,0.08095,0.124326,-0.062791,0.5914,0.498172,-0.634089,0.295511,0.597745,0.745234,0.750279,-0.628112,0.20629,-0.011833,-0.199365,0.020919,-0.116471,1.478279,0.717924,-1.01585
839,0.158399,0.164409,0.324439,-0.61961,-0.415431,-0.665992,-0.399278,-0.56372,0.723027,-0.675036,0.714427,0.18425,-0.02448,-0.407066,0.039938,-0.064123,1.295297,0.242004,-1.908256,-0.199362,-0.010946,0.303955,-0.802063,0.393164,0.449564,-0.067206,-0.807243,0.586324,0.594427,0.439558,0.673281,-0.031389,-0.005684,-0.02454,-0.039614,0.176704,-0.021665,0.131417,0.027798,0.039025,-0.029134,0.700179,-0.361938,0.615426,0.0271,0.874832,0.483665,-0.713452,-0.321975,0.622348,-0.008349,-0.002625,-0.012481,-0.007002,0.224875,0.114667,0.00804,0.08071,0.120401,-0.062402,0.585692,0.492351,-0.643858,0.294759,0.610594,0.735044,0.755037,-0.620293,0.212495,-0.012273,-0.204527,0.019415,0.184757,0.965976,0.416354,-1.015686
840,0.157573,0.148518,0.325913,-0.610233,-0.410089,-0.677855,-0.390334,-0.588961,0.707627,-0.688667,0.696915,0.200181,-0.014463,-0.399468,0.034461,-0.392403,0.549603,0.821026,-1.909239,-0.200253,-0.011223,0.3029,-0.783087,0.42529,0.453755,-0.09398,-0.802033,0.589783,0.61573,0.418671,0.667424,-0.017065,-0.007934,-0.028063,0.35473,1.437795,1.354746,0.110545,0.02734,0.03888,-0.029676,0.680082,-0.390772,0.620309,0.052605,0.869935,0.490352,-0.731245,-0.300848,0.612184,-0.008546,-0.004177,-0.014234,0.371092,1.438794,1.361472,-0.023965,0.080292,0.112434,-0.061671,0.578693,0.485136,-0.655557,0.282563,0.634768,0.719184,0.76503,-0.601424,0.230255,-0.007456,-0.206394,0.019628,-0.684545,-0.710303,2.534064,-1.013564
841,0.156704,0.132642,0.327442,-0.607099,-0.407752,-0.682066,-0.369813,-0.614772,0.69661,-0.702609,0.675654,0.22329,-0.03373,-0.395723,0.038591,0.07081,1.088776,0.454898,-1.909544,-0.201202,-0.01171,0.3019,-0.75144,0.470552,0.462504,-0.13226,-0.794052,0.59323,0.647332,0.384013,0.6583,-0.017162,-0.008036,-0.028366,2.331941,3.578507,3.935568,0.09627,0.026865,0.038632,-0.030181,0.644662,-0.433148,0.629914,0.088105,0.860598,0.501605,-0.759373,-0.267867,0.592957,-0.008579,-0.004164,-0.014222,2.267808,3.614789,3.970142,-0.045356,0.07985,0.104331,-0.0609,0.575555,0.483085,-0.65982,0.260187,0.656753,0.707798,0.775266,-0.579054,0.252305,-0.016851,-0.198206,0.019061,-0.002146,1.042286,0.399201,-1.010951
842,0.155229,0.118034,0.328766,-0.62179,-0.369254,-0.690706,-0.382369,-0.626564,0.679105,-0.682765,0.686823,0.249265,-0.033229,-0.364896,0.030723,0.166173,1.193008,0.73891,-1.908801,-0.202097,-0.012199,0.301056,-0.729784,0.489987,0.476781,-0.139556,-0.789338,0.597832,0.670176,0.369133,0.643792,-0.031533,-0.004128,-0.023334,-0.446657,0.430046,0.423777,0.076248,0.026429,0.038383,-0.030601,0.619904,-0.449914,0.64288,0.096019,0.856629,0.506917,-0.77878,-0.252511,0.574228,-0.0084,-0.0021,-0.012124,-0.031228,0.018887,0.16606,-0.070992,0.079125,0.097158,-0.060252,0.594825,0.447705,-0.667639,0.27153,0.669826,0.691089,0.756606,-0.592362,0.276864,-0.021576,-0.175608,0.012864,-0.021142,0.79221,0.62364,-1.015686
843,0.154543,0.111208,0.329178,-0.618391,-0.351546,-0.702889,-0.393645,-0.635572,0.664126,-0.679444,0.687814,0.255528,-0.033226,-0.343908,0.016264,1.12329,-0.466605,0.409966,-1.908463,-0.202517,-0.012301,0.300689,-0.718981,0.496432,0.486428,-0.139798,-0.78874,0.598565,0.681703,0.361729,0.635842,-0.016449,-0.000514,-0.020226,-0.072336,2.241991,-1.539355,0.066109,0.026207,0.038326,-0.030798,0.607561,-0.455337,0.650796,0.096385,0.855573,0.508629,-0.788402,-0.246297,0.563701,-0.008196,-3.4e-05,-0.009852,-0.003441,2.181052,-1.563295,-0.084709,0.078782,0.093747,-0.060036,0.595919,0.427007,-0.680105,0.283195,0.680754,0.675554,0.751451,-0.595179,0.284748,-0.016838,-0.177928,0.011241,3.822744,-3.090672,-0.031354,-1.020748
844,0.153424,0.097188,0.329838,-0.615997,-0.339647,-0.710797,-0.382067,-0.660284,0.646546,-0.688164,0.670263,0.277856,-0.023721,-0.361326,0.017712,-0.025777,0.760701,0.600499,-1.909077,-0.203318,-0.01216,0.300075,-0.705764,0.503536,0.498336,-0.134993,-0.786002,0.603251,0.696326,0.357846,0.622044,-0.015824,0.005287,-0.013797,-0.227391,0.178452,0.317951,0.083635,0.025812,0.038395,-0.0311,0.591015,-0.460571,0.66225,0.089971,0.853491,0.51328,-0.801627,-0.243773,0.545865,-0.0152,0.003251,-0.005785,-0.300569,0.258188,0.335524,-0.089444,0.078219,0.086743,-0.059706,0.594439,0.416509,-0.687867,0.268194,0.703742,0.657889,0.758098,-0.575557,0.306627,-0.017414,-0.180838,0.008882,0.009528,0.818932,0.602807,-1.016829
845,0.152203,0.08398,0.330541,-0.640954,-0.348229,-0.684076,-0.327966,-0.681538,0.654152,-0.693226,0.644066,0.323485,-0.032876,-0.318694,0.014392,0.138047,1.058854,0.342606,-1.911206,-0.204104,-0.011992,0.299783,-0.68607,0.510538,0.518313,-0.12446,-0.784168,0.607884,0.717641,0.351898,0.60085,-0.029825,-0.003074,-0.001784,-0.047333,2.0742,-1.754791,0.082851,0.025425,0.038487,-0.031245,0.569542,-0.465485,0.677455,0.07973,0.851592,0.518106,-0.818086,-0.24107,0.52213,-0.007694,0.004533,-0.004782,-0.374491,0.295229,0.445142,-0.073605,0.077609,0.080099,-0.059368,0.61675,0.428578,-0.660257,0.211544,0.717684,0.663459,0.7582,-0.548862,0.351969,-0.016346,-0.158819,0.007519,0.274201,0.984941,0.52559,-1.027607
846,0.151646,0.077892,0.330816,-0.650113,-0.349274,-0.674838,-0.309172,-0.689712,0.654739,-0.693323,0.634727,0.341251,-0.032299,-0.301756,0.009831,0.351677,0.550512,0.100459,-1.910961,-0.204469,-0.012075,0.299695,-0.672889,0.513962,0.532028,-0.116187,-0.783596,0.610255,0.731374,0.348172,0.586286,-0.01538,-0.005488,-0.005328,-0.319537,0.849438,-0.236972,0.083743,0.025238,0.038452,-0.031281,0.553322,-0.465413,0.690815,0.070436,0.852515,0.517935,-0.829983,-0.237926,0.504497,-0.007671,-0.002562,-0.002443,-0.24917,2.195215,-1.618812,-0.074912,0.07733,0.077049,-0.059228,0.625956,0.429537,-0.650904,0.192207,0.723924,0.662563,0.7558,-0.539844,0.370585,-0.0105,-0.157507,0.007749,1.263133,0.075785,-0.319132,-1.029076
847,0.150323,0.065977,0.331442,-0.678151,-0.327364,-0.658019,-0.294364,-0.699423,0.651252,-0.672591,0.63575,0.378775,-0.032328,-0.303433,0.021584,0.400055,2.897965,-2.200129,-1.912139,-0.20518,-0.012783,0.29937,-0.628734,0.51979,0.578362,-0.090614,-0.787556,0.609491,0.773073,0.330145,0.541503,-0.01653,-0.029336,-0.011587,-0.506742,2.506263,-1.844819,0.07721,0.024878,0.038112,-0.031427,0.502587,-0.463042,0.730066,0.045636,0.857502,0.512451,-0.86332,-0.224234,0.452101,-0.008326,-0.015162,-0.006331,-0.579976,2.557222,-1.775312,-0.077687,0.076668,0.071089,-0.058922,0.653222,0.411696,-0.635456,0.178125,0.732146,0.657443,0.735914,-0.542648,0.404921,-0.021898,-0.144896,0.00801,0.297997,1.461125,0.185965,-1.024014
848,0.149079,0.05482,0.332562,-0.718639,-0.279198,-0.636908,-0.288516,-0.713656,0.638298,-0.631855,0.642809,0.433107,-0.017464,-0.268021,0.0292,0.465943,1.522911,0.312891,-1.912675,-0.20574,-0.0146,0.298281,-0.565331,0.51085,0.64763,-0.057646,-0.807581,0.586876,0.82351,0.293804,0.485153,-0.01977,-0.054901,-0.041093,0.74015,3.539357,-1.850321,-0.003317,0.02461,0.037268,-0.031914,0.43518,-0.44143,0.784702,0.014301,0.874837,0.484204,-0.900229,-0.199494,0.387025,-0.002583,-0.028373,-0.021945,-0.526535,2.726679,-2.459132,-0.132716,0.076049,0.065578,-0.058383,0.699721,0.370851,-0.610622,0.168962,0.744563,0.645814,0.694148,-0.555062,0.458327,-0.008666,-0.133534,0.014923,0.452754,1.627631,0.147535,-1.032995
849,0.14876,0.04984,0.333068,-0.735975,-0.253602,-0.627752,-0.286882,-0.723069,0.628364,-0.612351,0.642864,0.460194,-0.016567,-0.251516,0.024805,0.519196,1.605078,0.173961,-1.912868,-0.205864,-0.015803,0.29715,-0.549393,0.499927,0.6695,-0.042374,-0.816794,0.575313,0.835128,0.287076,0.469053,-0.006722,-0.069091,-0.058886,-0.134742,0.679086,-0.859984,-0.058643,0.024544,0.036679,-0.032457,0.411607,-0.429871,0.803611,0.004961,0.882813,0.469697,-0.911347,-0.189344,0.365505,-0.003651,-0.029563,-0.034083,0.049257,2.100685,-2.839685,-0.187092,0.075881,0.063089,-0.058123,0.71986,0.34763,-0.600794,0.166721,0.753617,0.635818,0.673799,-0.557865,0.484541,-0.008303,-0.125903,0.012292,0.522628,1.500594,0.310471,-1.037404
850,0.147955,0.040352,0.333795,-0.748304,-0.268786,-0.606498,-0.233528,-0.749028,0.619995,-0.620003,0.605911,0.498493,-0.029084,-0.2385,0.017284,0.224014,0.902184,-0.151625,-1.912937,-0.205455,-0.018124,0.293943,-0.52055,0.525519,0.67294,-0.092776,-0.818191,0.567354,0.849383,0.232245,0.473787,0.021407,-0.055279,-0.088758,0.545278,0.404433,-0.551967,-0.127415,0.024724,0.035484,-0.034064,0.381509,-0.451933,0.806353,0.054289,0.881781,0.468522,-0.922769,-0.134969,0.360942,0.010619,-0.028773,-0.045614,4.019369,1.397435,3.878759,-0.271513,0.075494,0.058351,-0.057743,0.730428,0.361986,-0.579171,0.111682,0.773278,0.624153,0.673796,-0.520582,0.524397,-0.014529,-0.119331,0.008594,1.235746,0.095219,-0.812522,-1.038384
851,0.146517,0.031762,0.334592,-0.762451,-0.270348,-0.587899,-0.206752,-0.759173,0.617157,-0.61222,0.592434,0.523675,-0.040453,-0.210025,0.021297,1.273103,0.157631,-1.02012,-1.913664,-0.204092,-0.019725,0.290645,-0.4999,0.577075,0.645814,-0.188261,-0.800148,0.569434,0.845962,0.162357,0.507791,0.05369,-0.040821,-0.074906,0.250347,-2.002112,2.032984,-0.186816,0.025397,0.034625,-0.035798,0.360528,-0.503651,0.785082,0.148237,0.861928,0.484876,-0.920893,-0.058433,0.385409,0.019117,-0.014771,-0.040998,0.737461,-0.223137,0.09985,-0.344994,0.074766,0.053941,-0.057351,0.743704,0.365407,-0.559804,0.085266,0.778704,0.621569,0.663048,-0.509996,0.547968,-0.020171,-0.104734,0.010971,3.180127,-2.70531,-3.110722,-1.039037
852,0.145143,0.024597,0.335072,-0.771337,-0.276351,-0.573336,-0.180637,-0.768761,0.613473,-0.609336,0.577101,0.543775,-0.026128,-0.16837,0.00234,0.281026,0.738806,0.143095,-1.913393,-0.201784,-0.020625,0.288194,-0.514854,0.591998,0.620045,-0.222489,-0.790662,0.570339,0.828515,0.154948,0.537976,0.072044,-0.032519,-0.044833,0.237324,-0.461215,0.214529,-0.150227,0.026542,0.034158,-0.037051,0.379171,-0.524032,0.762639,0.181757,0.850307,0.493904,-0.907299,-0.048659,0.417658,0.03613,-0.01564,-0.021676,0.292793,-0.614782,0.339238,-0.358221,0.074075,0.050351,-0.057098,0.75092,0.373528,-0.544604,0.056671,0.785178,0.61667,0.657955,-0.493933,0.568439,-0.012966,-0.083436,0.001767,0.298076,0.880522,0.033085,-1.038384
853,0.144756,0.021244,0.335106,-0.773787,-0.283837,-0.566335,-0.165147,-0.772743,0.612834,-0.610618,0.568082,0.551775,-0.013739,-0.18347,0.00644,0.038632,0.638219,-0.146803,-1.912862,-0.200388,-0.02125,0.287443,-0.515059,0.599305,0.612813,-0.226744,-0.784633,0.57695,0.827232,0.157462,0.539217,0.073228,-0.03964,-0.0321,-0.111594,-0.030499,0.44097,-0.106036,0.027241,0.033854,-0.037424,0.380616,-0.53186,0.756475,0.184779,0.845292,0.501335,-0.906083,-0.051035,0.420009,0.036736,-0.019016,-0.015084,-0.164424,0.478868,0.022127,-0.331931,0.073878,0.048692,-0.057073,0.752614,0.380359,-0.537492,0.040719,0.787838,0.614534,0.6572,-0.484393,0.57745,-0.013333,-0.085453,-0.000167,0.170012,0.610254,0.055572,-1.0392
854,0.144026,0.014111,0.33478,-0.780232,-0.291848,-0.553271,-0.143897,-0.777065,0.612728,-0.607783,0.558044,0.56499,-0.028458,-0.180911,-0.010347,0.002468,0.574922,-0.237334,-1.912476,-0.197266,-0.022889,0.286522,-0.497091,0.598339,0.628397,-0.217464,-0.786908,0.577426,0.840593,0.149631,0.520459,0.075057,-0.043478,-0.015484,-0.433669,0.851086,-0.116566,0.001502,0.028775,0.033058,-0.037878,0.362582,-0.529327,0.767037,0.176847,0.847168,0.501029,-0.915018,-0.046016,0.400778,0.045232,-0.021009,-0.007351,-0.089496,-0.103372,0.295603,-0.24849,0.073526,0.045206,-0.057215,0.757218,0.389275,-0.524484,0.019191,0.789387,0.613594,0.652879,-0.474691,0.590268,-0.014054,-0.084725,-0.009055,0.212578,0.598793,0.032243,-1.041649
855,0.14303,0.008005,0.334452,-0.793508,-0.292856,-0.533504,-0.116634,-0.787228,0.605508,-0.596332,0.543061,0.591185,-0.02557,-0.147518,-0.001606,0.61121,1.049898,0.166057,-1.912851,-0.194334,-0.024383,0.285977,-0.47597,0.581138,0.660093,-0.199333,-0.802222,0.562708,0.857131,0.135528,0.496812,0.075888,-0.039675,-0.011197,-0.179751,0.296996,-0.204938,0.076069,0.03027,0.032301,-0.038149,0.335121,-0.506762,0.794283,0.16053,0.861416,0.481863,-0.928398,-0.033976,0.370029,0.037694,-0.014035,-0.009421,-0.127352,0.176128,-0.038068,-0.142024,0.073015,0.042034,-0.057419,0.768518,0.393766,-0.504308,-0.008943,0.794729,0.606898,0.639764,-0.461902,0.614285,-0.012639,-0.068185,-0.004861,0.339203,0.756534,-0.012867,-1.046059
856,0.142574,0.00557,0.334407,-0.802415,-0.287345,-0.523076,-0.106674,-0.793332,0.599347,-0.586196,0.537078,0.606588,-0.023178,-0.110988,-0.006332,0.474429,0.904413,-0.069282,-1.913118,-0.192958,-0.025005,0.285719,-0.470709,0.577236,0.66725,-0.193841,-0.805358,0.560141,0.861281,0.133602,0.490111,0.075685,-0.02642,-0.01687,-0.170732,0.30869,-0.162119,0.114685,0.030958,0.031986,-0.038273,0.329533,-0.501633,0.799857,0.155942,0.86446,0.477902,-0.931176,-0.032753,0.363094,0.030222,-0.013081,-0.007774,-0.210527,0.357647,-0.154177,-0.094833,0.072785,0.040791,-0.057449,0.778528,0.388109,-0.493217,-0.019675,0.800574,0.598909,0.6273,-0.456564,0.630906,-0.00475,-0.060847,0.001089,0.638168,1.068448,0.033643,-1.046385
857,0.142063,0.001674,0.33468,-0.815616,-0.285346,-0.503381,-0.082475,-0.80378,0.589158,-0.571709,0.522395,0.632676,-0.006462,-0.090738,0.010589,0.343528,0.718672,-0.078666,-1.912842,-0.190081,-0.025743,0.285044,-0.465367,0.568352,0.678528,-0.186596,-0.81227,0.55257,0.865767,0.129827,0.483172,0.07576,-0.010192,-0.018917,-0.015044,0.157201,-0.21004,0.172131,0.032368,0.031614,-0.038605,0.323147,-0.491355,0.808792,0.150344,0.870446,0.468742,-0.934329,-0.029875,0.355154,0.037904,-0.004946,-0.009312,-0.024828,0.263717,-0.377575,-0.000778,0.072523,0.038836,-0.057319,0.791128,0.387749,-0.473039,-0.044229,0.807624,0.588037,0.610048,-0.44429,0.656084,-0.003213,-0.049818,0.01037,0.247633,0.728584,-0.083291,-1.048345
858,0.141869,-0.001567,0.335133,-0.814944,-0.30523,-0.492693,-0.059017,-0.802009,0.594365,-0.575551,0.513828,0.636199,-0.005542,-0.075087,0.006084,-0.067035,0.032105,-0.261994,-1.912979,-0.18714,-0.025604,0.284295,-0.464153,0.566248,0.681113,-0.185416,-0.813947,0.550495,0.866671,0.128518,0.4819,0.075726,0.008441,-0.017744,0.020585,-0.133045,0.192516,0.256897,0.033866,0.03167,-0.03899,0.321455,-0.488472,0.811209,0.149425,0.872111,0.465932,-0.93506,-0.028562,0.353335,0.037553,0.009897,-0.012856,0.009504,-0.430196,0.544077,0.086583,0.072427,0.037203,-0.057069,0.788208,0.406521,-0.462025,-0.067217,0.803139,0.591986,0.611726,-0.435552,0.660367,-0.00271,-0.037064,0.003454,-0.097568,0.008829,-0.273896,-1.055039
859,0.142204,-0.004681,0.335404,-0.808473,-0.320549,-0.493625,-0.04928,-0.798913,0.599401,-0.585498,0.509321,0.630724,0.008354,-0.077528,0.003636,-0.139328,0.000565,0.031225,-1.911265,-0.184437,-0.024792,0.283407,-0.482546,0.569715,0.665255,-0.179764,-0.807691,0.561475,0.857789,0.150637,0.491295,0.059172,0.034584,-0.028021,0.057963,-0.50561,0.657544,0.354116,0.035224,0.032069,-0.039427,0.341584,-0.494438,0.799281,0.141652,0.867803,0.476289,-0.929114,-0.049473,0.366466,0.029928,0.011704,-0.009992,-0.08715,-1.684673,2.150928,0.214766,0.072593,0.035688,-0.056924,0.779606,0.421312,-0.463368,-0.076809,0.798624,0.596908,0.621542,-0.429762,0.654973,0.011211,-0.039084,0.001501,-0.127224,-0.025805,0.085135,-1.048671
860,0.142564,-0.006156,0.335354,-0.808757,-0.317335,-0.495233,-0.052306,-0.799877,0.597856,-0.584843,0.509815,0.630931,0.022445,-0.069857,-0.007928,0.198827,0.141308,0.399384,-1.910239,-0.183331,-0.024261,0.282983,-0.497272,0.575172,0.649529,-0.178711,-0.800409,0.572137,0.849572,0.167711,0.499962,0.059841,0.024103,-0.019131,-0.076347,-1.81414,2.330758,0.392505,0.035777,0.032341,-0.039639,0.357163,-0.501173,0.7882,0.138072,0.862917,0.486116,-0.92378,-0.064794,0.3774,0.021944,0.0178,-0.012787,0.098476,-0.002944,0.014738,0.278776,0.072768,0.034952,-0.05694,0.779576,0.419377,-0.465168,-0.073793,0.799048,0.596721,0.621943,-0.430864,0.653866,0.004054,-0.039955,0.000659,0.417049,0.437907,0.25145,-1.050304
861,0.142971,-0.008401,0.334783,-0.815582,-0.306184,-0.491043,-0.052045,-0.806348,0.589124,-0.575319,0.506412,0.642325,-0.004626,-0.041915,-0.019663,0.477404,0.424808,0.335764,-1.90864,-0.18155,-0.0232,0.282113,-0.505139,0.587952,0.631774,-0.184588,-0.788599,0.586492,0.843661,0.178906,0.506054,0.028306,0.033169,-0.027387,0.072043,-0.122029,0.27914,0.45015,0.036664,0.032866,-0.040055,0.367721,-0.518161,0.772197,0.14132,0.85187,0.504326,-0.919135,-0.076325,0.386477,0.022202,0.011393,-0.009856,-0.045791,-0.216993,0.24197,0.368912,0.07298,0.03381,-0.057229,0.787526,0.409327,-0.460709,-0.074851,0.805559,0.587767,0.611717,-0.428398,0.665038,0.00472,-0.021779,-0.010597,0.506947,0.572802,0.205483,-1.051121
862,0.142946,-0.009725,0.334046,-0.821194,-0.30199,-0.48424,-0.043206,-0.813225,0.580319,-0.568027,0.497848,0.655377,-0.00344,-0.024143,-0.022136,0.362973,-0.166457,-0.300501,-1.908394,-0.180503,-0.022537,0.281571,-0.514588,0.586752,0.625229,-0.181077,-0.787003,0.58972,0.838705,0.189513,0.510412,0.014537,0.011791,-0.008645,0.038461,-0.027234,0.046561,0.484224,0.037209,0.033211,-0.040345,0.378458,-0.518348,0.766866,0.137613,0.850793,0.507162,-0.915331,-0.086408,0.39332,0.007284,0.005947,-0.004276,0.039264,-0.027306,0.046758,0.441087,0.072965,0.033129,-0.057609,0.794545,0.404098,-0.453212,-0.084211,0.812512,0.576828,0.601336,-0.420151,0.679608,-0.001679,-0.011843,-0.010862,0.283304,-0.213171,-0.324435,-1.055039
863,0.142866,-0.010247,0.333622,-0.821595,-0.300196,-0.484674,-0.043139,-0.815009,0.577816,-0.567452,0.496009,0.657267,-0.003623,-0.025364,-0.023368,0.006786,0.05126,-0.070454,-1.90782,-0.180411,-0.022343,0.281458,-0.532232,0.579424,0.617242,-0.166821,-0.786467,0.594621,0.830628,0.212781,0.514435,-0.000692,0.012514,-0.00633,-0.056233,-0.105176,-0.054408,0.484899,0.037261,0.033307,-0.040404,0.397546,-0.512998,0.760782,0.122934,0.851419,0.509875,-0.909309,-0.109172,0.401543,-0.000329,0.006472,-0.002899,-0.272899,-0.318791,-0.235932,0.455783,0.072926,0.032874,-0.057815,0.795056,0.402538,-0.453704,-0.084248,0.814066,0.574627,0.600654,-0.418638,0.681142,-0.001785,-0.012569,-0.011582,-0.043684,0.023808,-0.086289,-1.056019
864,0.142714,-0.011312,0.332635,-0.81425,-0.301441,-0.496161,-0.044438,-0.819806,0.57089,-0.577835,0.487267,0.654755,-0.004099,-0.028558,-0.02659,-0.001898,0.042883,-0.074381,-1.908123,-0.180764,-0.021909,0.281511,-0.570534,0.566555,0.594557,-0.141706,-0.780892,0.608326,0.809634,0.262107,0.525029,-0.00043,0.017679,0.000362,0.029849,-0.040512,0.039324,0.471124,0.037084,0.033524,-0.040386,0.439697,-0.504778,0.742876,0.095638,0.848733,0.5201,-0.893039,-0.15764,0.421461,-0.000206,0.009061,0.000468,0.026859,-0.022705,0.026663,0.455946,0.072853,0.032359,-0.058293,0.787811,0.403062,-0.465717,-0.083124,0.818799,0.568029,0.61028,-0.408787,0.678564,-0.002083,-0.014609,-0.0136,-0.000588,-0.036606,0.062751,-1.055039
865,0.142573,-0.012624,0.331603,-0.804469,-0.294533,-0.515873,-0.055603,-0.827316,0.558953,-0.590422,0.478707,0.649822,-0.00482,-0.042831,-0.021593,0.149985,-0.562756,0.661177,-1.907102,-0.181368,-0.021227,0.281704,-0.597313,0.553786,0.580112,-0.123036,-0.777927,0.616138,0.793226,0.295955,0.532039,-0.015513,0.020066,0.004762,0.010162,-0.04059,-0.01196,0.460405,0.036788,0.033859,-0.040289,0.468964,-0.495076,0.731417,0.0758,0.847633,0.525139,-0.879957,-0.19083,0.435037,-0.007747,0.010322,0.002762,-0.038039,-0.22623,0.117727,0.439454,0.072783,0.03171,-0.058809,0.780054,0.395381,-0.484961,-0.073078,0.827321,0.556955,0.621428,-0.399015,0.674249,-0.002276,-0.015984,-0.015054,0.607295,-1.731116,1.931033,-1.056836
866,0.142501,-0.014346,0.330279,-0.797251,-0.291083,-0.528874,-0.063996,-0.830423,0.55342,-0.599291,0.475419,0.644092,-0.006405,-0.053662,-0.032415,-0.029631,-0.112654,0.201905,-1.906893,-0.182092,-0.02016,0.281911,-0.619728,0.53197,0.577007,-0.093806,-0.780041,0.618604,0.779929,0.328569,0.532556,-0.015944,0.035823,0.002502,-3.214518,-3.359113,-2.814729,0.467304,0.036432,0.034376,-0.04019,0.489718,-0.477996,0.729175,0.051144,0.850632,0.523266,-0.870379,-0.21896,0.441017,-0.007986,0.017833,0.001163,-0.109279,0.12832,0.177637,0.439454,0.072751,0.030881,-0.059441,0.77358,0.390929,-0.498745,-0.064747,0.831681,0.551465,0.630381,-0.39431,0.668684,-0.003274,-0.027466,-0.016799,-0.024188,-0.105606,0.198662,-1.049977
867,0.142416,-0.01529,0.329472,-0.796328,-0.289798,-0.530966,-0.065888,-0.831029,0.552287,-0.600312,0.475142,0.643345,0.007527,-0.048534,-0.046816,0.002278,-0.042089,0.077003,-1.906356,-0.182446,-0.019666,0.282105,-0.632155,0.516993,0.577139,-0.075739,-0.782399,0.618101,0.771885,0.346372,0.532995,-0.015135,0.025386,0.011443,-0.04998,-0.119826,-0.042678,0.472624,0.036243,0.034647,-0.040087,0.505944,-0.460486,0.729364,0.029008,0.85418,0.519167,-0.862077,-0.241512,0.445526,-0.007569,0.012871,0.005956,-0.040837,-0.12631,-0.047952,0.445659,0.072703,0.030372,-0.059872,0.772889,0.389428,-0.500985,-0.062804,0.832596,0.550306,0.631424,-0.393863,0.667963,0.003708,-0.024821,-0.023938,0.003372,-0.041541,0.0762,-1.05161
868,0.142098,-0.017384,0.327545,-0.788245,-0.287803,-0.543953,-0.074661,-0.832686,0.548665,-0.609872,0.473449,0.635555,-0.007752,-0.052796,-0.052016,0.383548,-2.08315,2.121956,-1.906125,-0.18315,-0.01911,0.282979,-0.663766,0.473736,0.578775,-0.023252,-0.786407,0.617218,0.748368,0.395632,0.532245,-0.013551,0.004474,0.02922,-0.323053,-0.311958,-0.263687,0.478121,0.035902,0.034923,-0.03967,0.538786,-0.419791,0.7304,-0.020967,0.860052,0.509773,-0.842181,-0.289973,0.454582,-0.006769,0.001974,0.01437,-3.244422,-3.41085,-2.931756,0.455619,0.07255,0.029361,-0.0608,0.767288,0.386835,-0.511494,-0.055621,0.834723,0.547852,0.638885,-0.391911,0.661989,-0.003875,-0.02662,-0.026197,-0.430629,-0.4803,0.001674,-1.047365
869,0.14179,-0.019353,0.325615,-0.773387,-0.288405,-0.564571,-0.088292,-0.832889,0.546326,-0.626829,0.472723,0.619391,-0.007184,-0.048431,-0.048677,-0.138043,-0.246799,0.121319,-1.906229,-0.183425,-0.018978,0.284158,-0.681527,0.450968,0.576316,-0.000837,-0.787903,0.615745,0.732602,0.418594,0.536596,0.001674,0.005881,0.029543,-0.022584,-0.612343,0.619484,0.482476,0.035754,0.034995,-0.039056,0.558904,-0.396854,0.728102,-0.044218,0.862531,0.504067,-0.828052,-0.31392,0.464524,0.000822,0.003051,0.014915,-0.046083,-0.648904,0.702039,0.463621,0.072388,0.028322,-0.061819,0.751332,0.385377,-0.535708,-0.040246,0.83702,0.545688,0.658695,-0.388433,0.644391,-0.003549,-0.024128,-0.024241,-0.079558,-0.201772,0.129593,-1.046712
870,0.141433,-0.021165,0.323776,-0.763924,-0.289383,-0.576822,-0.098388,-0.831181,0.547201,-0.636847,0.475128,0.607211,-0.00691,-0.046074,-0.047184,-0.151104,-0.277817,0.13708,-1.906162,-0.183435,-0.018849,0.285569,-0.718278,0.403566,0.566747,0.040083,-0.789101,0.612901,0.695453,0.462439,0.549871,0.002597,-0.001406,0.042253,0.376469,-0.536363,-0.346008,0.474937,0.035748,0.035056,-0.038371,0.598396,-0.354477,0.718517,-0.084483,0.863885,0.496552,-0.796733,-0.357838,0.486998,0.000935,0.005195,0.017483,-0.029586,-0.217916,-0.103987,0.463784,0.072212,0.027433,-0.06272,0.742721,0.384917,-0.547907,-0.03053,0.836876,0.54654,0.668903,-0.389199,0.633317,-0.003488,-0.023465,-0.024016,-0.194864,-0.404163,0.262791,-1.037894
871,0.141341,-0.022101,0.322857,-0.758471,-0.289161,-0.584083,-0.104447,-0.830708,0.546798,-0.642374,0.476092,0.600599,0.00776,-0.047348,-0.048841,-0.366637,-0.491447,0.024923,-1.906094,-0.183382,-0.018687,0.286313,-0.745905,0.372597,0.552076,0.063484,-0.785207,0.615917,0.663905,0.493991,0.561308,0.002001,0.012049,0.036893,0.336186,-1.178856,0.219036,0.46139,0.035775,0.035131,-0.037997,0.629282,-0.326628,0.705207,-0.108533,0.86157,0.495899,-0.76956,-0.388599,0.506721,0.000987,0.006311,0.018793,-0.35309,-2.25553,1.798068,0.453497,0.072164,0.026949,-0.063196,0.738154,0.383191,-0.555241,-0.024604,0.837771,0.545465,0.674183,-0.388976,0.627832,0.003921,-0.023606,-0.024349,-0.514919,-0.597029,-0.021251,-1.037894
872,0.141336,-0.024166,0.321196,-0.745489,-0.28152,-0.604185,-0.13038,-0.827366,0.546296,-0.652751,0.486377,0.580845,-0.007145,-0.056804,-0.039844,-0.370163,-0.571322,0.461365,-1.905165,-0.183193,-0.017979,0.287635,-0.795487,0.30545,0.523347,0.11341,-0.773205,0.623881,0.596205,0.555251,0.579741,0.001348,0.02488,0.030558,-0.828681,-1.817721,-0.161699,0.446012,0.03587,0.035483,-0.03733,0.687241,-0.26504,0.676352,-0.158248,0.854081,0.495481,-0.708982,-0.447546,0.545018,0.000712,0.012695,0.015654,-3.057287,-5.446821,-0.887833,0.42688,0.072164,0.02594,-0.064009,0.726611,0.374895,-0.575751,0.001601,0.83708,0.547078,0.687046,-0.398435,0.607631,0.003882,-0.028806,-0.020277,-0.53602,-0.889035,1.190055,-1.033485
873,0.141557,-0.026495,0.319463,-0.727242,-0.28437,-0.624739,-0.157957,-0.81642,0.55541,-0.66709,0.502949,0.5496,0.007414,-0.06023,-0.044355,-0.593297,-0.80533,0.055099,-1.905374,-0.182918,-0.016968,0.288801,-0.822443,0.253372,0.509296,0.152544,-0.76413,0.626714,0.548981,0.5928,0.589128,0.016272,0.024301,0.028249,-2.80616,-3.578334,-3.198791,0.446895,0.036008,0.036003,-0.036729,0.719607,-0.217011,0.659599,-0.197486,0.846721,0.494027,-0.665706,-0.485767,0.566449,0.008068,0.012075,0.014151,-2.850437,-3.545364,-3.171246,0.418553,0.072269,0.024779,-0.064873,0.709471,0.374563,-0.596953,0.030083,0.830192,0.556665,0.704092,-0.412895,0.577729,0.003719,-0.030238,-0.022308,-0.823766,-1.11398,0.120426,-1.029729
874,0.141755,-0.027588,0.31859,-0.716276,-0.291821,-0.633904,-0.166422,-0.810758,0.561201,-0.676826,0.50783,0.532957,0.007917,-0.057314,-0.041697,-0.697487,-0.926267,-0.010682,-1.905368,-0.182939,-0.016578,0.289342,-0.831103,0.235359,0.50385,0.166461,-0.759028,0.629365,0.531596,0.606635,0.590984,0.001819,0.009845,0.033449,-0.107158,-0.135157,-0.029581,0.447796,0.035997,0.036198,-0.036466,0.730453,-0.199141,0.653284,-0.213226,0.842234,0.495152,-0.648824,-0.500982,0.572751,-0.006964,0.010236,0.012987,-0.245234,-0.462691,-0.073221,0.418716,0.072367,0.024225,-0.065316,0.698366,0.380125,-0.606456,0.03877,0.825978,0.562367,0.71469,-0.41625,0.562097,0.004128,-0.022941,-0.024805,-0.749953,-1.060166,-0.02857,-1.032016
875,0.142079,-0.029354,0.317108,-0.706415,-0.283696,-0.64849,-0.198925,-0.799703,0.566459,-0.678427,0.529505,0.509302,0.009687,-0.046204,-0.030251,-0.524232,-0.716538,0.145672,-1.905643,-0.183107,-0.015883,0.290181,-0.843554,0.201993,0.497601,0.193271,-0.750124,0.632373,0.502046,0.62935,0.59307,0.00011,0.026888,0.010798,0.039714,-0.044478,0.064791,0.451678,0.035914,0.036544,-0.036034,0.745623,-0.167439,0.644987,-0.240813,0.834796,0.495099,-0.621332,-0.524479,0.582122,0.000382,0.007459,0.008934,-0.0096,0.086972,-0.116492,0.421982,0.072527,0.023327,-0.066074,0.690008,0.371099,-0.621428,0.071986,0.819121,0.569085,0.720212,-0.437408,0.538486,0.005102,-0.016726,-0.018362,-0.578174,-0.625424,0.044249,-1.035934
876,0.142432,-0.030893,0.31607,-0.698537,-0.259628,-0.666847,-0.24283,-0.7906,0.5621,-0.672281,0.554898,0.490054,0.01081,-0.039298,-0.023023,-0.246072,-0.490607,0.293101,-1.905825,-0.183121,-0.015417,0.29066,-0.845727,0.188756,0.499107,0.207379,-0.745372,0.63352,0.492652,0.639044,0.590575,0.000419,0.008024,0.009576,-0.005779,-0.01321,0.025512,0.465896,0.035906,0.036787,-0.03579,0.748247,-0.154505,0.645177,-0.255108,0.830717,0.4948,-0.612409,-0.534823,0.582166,0.000187,0.00369,0.004396,-0.002021,0.081434,-0.152543,0.434065,0.072703,0.022557,-0.066593,0.685364,0.347013,-0.640201,0.117143,0.815166,0.567257,0.718716,-0.463773,0.518035,0.005534,-0.018915,-0.01071,-0.321545,-0.471862,0.10704,-1.035934
877,0.142684,-0.031646,0.315697,-0.690544,-0.262109,-0.674161,-0.249736,-0.788352,0.562232,-0.677988,0.556931,0.479779,0.01136,-0.035922,-0.019401,-0.42312,-0.715911,0.203337,-1.904683,-0.18309,-0.01539,0.290819,-0.845056,0.188369,0.500389,0.208575,-0.745413,0.633079,0.4933,0.639111,0.589963,0.000928,-0.007068,0.012936,-0.046774,0.106759,-0.158195,0.473941,0.035922,0.036806,-0.035712,0.747535,-0.15392,0.646141,-0.256008,0.830855,0.494103,-0.612902,-0.534777,0.581689,7.5e-05,0.001561,0.001855,0.005214,-0.000667,3.4e-05,0.443373,0.07283,0.022179,-0.066781,0.678219,0.347404,-0.647554,0.123885,0.814531,0.566737,0.72434,-0.464595,0.509393,0.005655,-0.023103,-0.005114,-0.489264,-0.647402,-0.014157,-1.036751
878,0.142928,-0.032925,0.31521,-0.679739,-0.259704,-0.685969,-0.2607,-0.788638,0.556828,-0.684751,0.55765,0.469223,-0.002432,-0.026106,-0.008691,-0.039582,-0.168749,0.269837,-1.905388,-0.182975,-0.015485,0.290825,-0.845215,0.18285,0.502164,0.214593,-0.744261,0.632423,0.490431,0.642055,0.589157,-0.000192,-0.003701,-0.004413,-0.001744,0.015999,-0.023904,0.490661,0.03598,0.036759,-0.035701,0.747688,-0.148217,0.647297,-0.261935,0.829906,0.492589,-0.610206,-0.537853,0.581688,0.007015,0.003958,-0.006592,0.039805,-0.026251,0.047691,0.463131,0.072956,0.021532,-0.067033,0.667084,0.345155,-0.660201,0.135316,0.815319,0.562977,0.732589,-0.464889,0.497181,0.006446,-0.013059,-0.004276,-0.000162,-0.150354,0.315504,-1.036587
879,0.143113,-0.033763,0.315249,-0.678666,-0.243228,-0.693035,-0.281862,-0.785107,0.551482,-0.677403,0.569912,0.465137,-0.000766,-0.014933,0.003936,-0.134184,-0.000532,0.222972,-1.905594,-0.182921,-0.015582,0.290381,-0.844495,0.182445,0.503521,0.215492,-0.744778,0.631508,0.491277,0.641572,0.588979,-0.01537,-0.008515,-0.008933,-0.003789,0.031217,-0.053141,0.500494,0.036012,0.036708,-0.035926,0.7468,-0.147669,0.648446,-0.262581,0.830348,0.491501,-0.611016,-0.537323,0.581328,-0.000225,-0.004471,-0.005349,-0.000801,0.016729,-0.023016,0.481093,0.073048,0.021107,-0.067021,0.668593,0.328413,-0.667178,0.156752,0.814792,0.558159,0.726918,-0.477763,0.493285,0.007238,-0.007791,0.001676,-0.373083,0.096682,0.56734,-1.036751
880,0.143544,-0.034034,0.315274,-0.676022,-0.223205,-0.702295,-0.317841,-0.771529,0.551084,-0.66401,0.596038,0.451507,-0.000168,-0.001142,-0.001297,-0.770784,-0.463048,0.278139,-1.905266,-0.182982,-0.015971,0.29016,-0.843615,0.181928,0.505181,0.217114,-0.744744,0.630992,0.492074,0.641759,0.588108,0.000497,-0.015384,0.002993,-0.036409,0.012225,-0.017213,0.493074,0.035975,0.036502,-0.036058,0.74569,-0.146923,0.649891,-0.264071,0.830339,0.490715,-0.611728,-0.537539,0.580378,0.00024,-0.007915,0.001231,-0.037519,0.02872,-0.040535,0.485012,0.073265,0.020975,-0.066995,0.670032,0.30659,-0.676061,0.19372,0.806952,0.557942,0.716609,-0.504806,0.481292,0.007528,-0.000961,-0.00101,-1.252292,0.695241,0.897058,-1.0392
881,0.143716,-0.034116,0.315183,-0.673831,-0.215895,-0.706673,-0.335296,-0.762922,0.552719,-0.657632,0.609649,0.442577,0.014524,-0.005579,-0.006184,-0.364046,-0.501925,-0.034179,-1.905098,-0.182994,-0.016207,0.290266,-0.843649,0.18246,0.504932,0.21365,-0.748532,0.627684,0.493534,0.637186,0.591846,0.001378,-0.023382,0.01485,0.128841,-0.174182,-0.182106,0.489833,0.035969,0.036383,-0.036014,0.745493,-0.148184,0.649831,-0.259835,0.83322,0.488088,-0.613779,-0.532715,0.582656,0.000349,-0.005744,0.003833,0.288904,-0.288382,-0.235575,0.479787,0.073347,0.020946,-0.067028,0.668423,0.299567,-0.680786,0.212861,0.799973,0.561009,0.712671,-0.519904,0.470954,-0.000291,-0.002014,-0.002307,-0.609223,-0.62069,-0.083539,-1.039364
882,0.143719,-0.034311,0.314741,-0.665551,-0.222988,-0.712295,-0.344889,-0.754481,0.558375,-0.6611,0.617564,0.426132,-0.001193,-0.008145,-0.009291,-0.125168,-0.250411,0.057021,-1.904299,-0.18288,-0.01671,0.290863,-0.843598,0.187078,0.503324,0.198457,-0.76218,0.616142,0.499939,0.619421,0.605179,0.001679,-0.01763,0.021751,0.377884,-0.435507,-0.339348,0.498023,0.036025,0.036129,-0.035719,0.745243,-0.153372,0.648912,-0.242126,0.844513,0.477672,-0.621278,-0.513101,0.592233,0.008316,-0.00863,0.010467,0.600038,-0.640079,-0.443121,0.481093,0.073354,0.020852,-0.067245,0.658711,0.306902,-0.686957,0.223455,0.792033,0.568112,0.718447,-0.527726,0.453142,-0.000534,0.001217,-0.009092,-0.054906,-0.248628,0.087089,-1.04067
883,0.14363,-0.0341,0.314227,-0.664883,-0.23614,-0.708671,-0.34236,-0.746895,0.570009,-0.663083,0.6219,0.416641,-0.01544,0.009225,-0.010593,-0.087089,0.35961,-0.755884,-1.904143,-0.182709,-0.017635,0.291724,-0.842473,0.189275,0.504386,0.185494,-0.776918,0.601602,0.506782,0.600149,0.618754,0.002147,-0.033713,0.023938,0.334405,-0.334586,-0.052616,0.498611,0.036111,0.035699,-0.035282,0.743909,-0.154491,0.650177,-0.226791,0.856811,0.463076,-0.628621,-0.491941,0.602353,0.000715,-0.01114,0.008092,1.349783,0.485005,0.598807,0.485828,0.073314,0.020935,-0.067504,0.654529,0.318787,-0.685539,0.222842,0.785125,0.577857,0.722448,-0.530992,0.442848,-6.4e-05,0.004426,-0.005424,0.015792,-0.068881,-0.006794,-1.046875
884,0.14354,-0.033863,0.314009,-0.666031,-0.242201,-0.70554,-0.33984,-0.743474,0.575957,-0.663225,0.623675,0.413751,-0.015145,0.011201,-0.008335,-0.505407,0.997275,-2.602943,-1.904325,-0.182675,-0.018266,0.292078,-0.840544,0.203233,0.502169,0.167423,-0.783967,0.597745,0.51621,0.586243,0.624266,0.001273,-0.025567,0.012266,0.276953,-0.271245,-0.242919,0.496987,0.036128,0.035385,-0.035095,0.741353,-0.169193,0.649437,-0.207684,0.862358,0.461741,-0.638171,-0.477191,0.604173,0.000622,-0.012894,0.005991,0.551536,-0.157457,0.168379,0.485992,0.073268,0.021055,-0.067619,0.65617,0.322783,-0.682092,0.219936,0.78285,0.582042,0.72185,-0.531935,0.442691,0.000118,0.010553,-0.008906,0.102242,-0.008725,0.054326,-1.048344
