frame,MLTx,MLTy,MLTz,MLTR1,MLTR2,MLTR3,MLTR4,MLTR5,MLTR6,MLTR7,MLTR8,MLTR9,MLTTVx,MLTTVy,MLTTVz,MLTRVx,MLTRVy,MLTRVz,MLGA,MRTx,MRTy,MRTz,MRTR1,MRTR2,MRTR3,MRTR4,MRTR5,MRTR6,MRTR7,MRTR8,MRTR9,MRTTVx,MRTTVy,MRTTVz,MRTRVx,MRTRVy,MRTRVz,MRGA,SLTx,SLTy,SLTz,SLTR1,SLTR2,SLTR3,SLTR4,SLTR5,SLTR6,SLTR7,SLTR8,SLTR9,SLTTVx,SLTTVy,SLTTVz,SLTRVx,SLTRVy,SLTRVz,SLGA,SRTx,SRTy,SRTz,SRTR1,SRTR2,SRTR3,SRTR4,SRTR5,SRTR6,SRTR7,SRTR8,SRTR9,SRTTVx,SRTTVy,SRTTVz,SRTRVx,SRTRVy,SRTRVz,SRGA
300,0.149134,-0.048397,0.343399,-0.553562,0.559472,-0.616932,-0.721298,-0.692336,0.019268,-0.415663,0.454959,0.787568,-1.8e-05,-0.000143,-0.000148,0.000401,-0.000322,0.000318,0.345913,-0.171636,-0.018361,0.335535,-0.672424,-0.738753,-0.045624,0.582175,-0.566099,0.583556,-0.456076,0.36677,0.810763,0.000849,-0.011293,0.008142,0.587005,-0.164051,0.244848,-1.407128,0.041704,0.035291,-0.013832,0.743436,0.668792,0.004412,-0.614366,0.680299,0.399683,0.264303,-0.29985,0.916642,0.000425,-0.00572,0.004015,0.090269,1.126575,1.124833,-0.900509,0.075866,0.01406,-0.053339,0.661694,-0.457273,-0.594189,0.605079,0.793665,0.063036,0.442763,-0.401243,0.80185,-0.007604,0.000405,0.00043,-0.004598,0.016945,-0.032061,0.258143
301,0.149031,-0.048427,0.343428,-0.556753,0.556254,-0.616971,-0.7173,-0.696478,0.019267,-0.418303,0.452584,0.787538,0.000153,0.001212,0.001257,0.000913,-0.012237,0.026076,0.356275,-0.171927,-0.018737,0.335899,-0.728723,-0.683902,-0.035109,0.548986,-0.614231,0.566806,-0.408278,0.394635,0.823065,-0.013475,-0.009348,0.011177,0.636046,0.613426,1.064559,-1.407174,0.041563,0.035099,-0.013655,0.79014,0.612155,0.030712,-0.574668,0.722465,0.384447,0.213152,-0.321417,0.922635,0.000283,-0.003943,0.005497,0.234848,3.629257,4.122112,-0.901488,0.075814,0.014042,-0.053328,0.664411,-0.453572,-0.593994,0.600474,0.797162,0.062948,0.444959,-0.398501,0.802002,-0.007596,0.000477,0.000504,-0.001492,0.01446,-0.02941,0.270227
302,0.149022,-0.048393,0.343433,-0.556445,0.556414,-0.617104,-0.717459,-0.69632,0.01901,-0.418439,0.452629,0.78744,8e-06,6.5e-05,6.8e-05,0.006301,-0.08446,0.179958,0.361511,-0.172238,-0.019291,0.336407,-0.757242,-0.651887,-0.04024,0.523201,-0.642491,0.559821,-0.389832,0.40369,0.827604,0.001679,-0.022574,0.016315,0.043144,-0.061099,0.221489,-1.407179,0.041403,0.034834,-0.013396,0.815431,0.577851,0.034049,-0.545872,0.748068,0.377381,0.192599,-0.326314,0.925431,-0.006754,-0.006427,0.003985,0.022965,0.165427,0.513435,-0.911449,0.07581,0.014063,-0.053321,0.664226,-0.45371,-0.594096,0.600603,0.797079,0.062772,0.445061,-0.398511,0.801941,3e-06,2.7e-05,2.8e-05,-0.000158,1.5e-05,0.000218,0.281167
303,0.149033,-0.048408,0.343433,-0.556333,0.556475,-0.617151,-0.717537,-0.696242,0.018951,-0.418455,0.452676,0.787405,-4.2e-05,-0.000331,-0.000343,0.0,0.0,0.0,0.360404,-0.172403,-0.019695,0.336692,-0.78362,-0.620505,-0.030087,0.505414,-0.665111,0.549653,-0.360079,0.416297,0.834807,0.000837,-0.011274,0.008173,0.352851,1.047157,1.664903,-1.406594,0.041325,0.034633,-0.01326,0.832875,0.551146,0.050561,-0.528368,0.764594,0.369083,0.16476,-0.334115,0.928019,-0.006482,-0.011307,0.00864,1.244316,4.765979,3.099737,-0.911939,0.075816,0.014057,-0.05332,0.664015,-0.453872,-0.594208,0.600787,0.796952,0.062633,0.445128,-0.398581,0.801869,-2.8e-05,-0.000226,-0.000237,-0.000126,6e-06,0.000174,0.283127
304,0.149045,-0.04841,0.343446,-0.556308,0.556489,-0.61716,-0.717563,-0.696215,0.018954,-0.418443,0.4527,0.787398,2.2e-05,0.000173,0.000179,0.0,0.0,0.0,0.356347,-0.172774,-0.020295,0.337276,-0.807507,-0.589454,-0.021662,0.488554,-0.689141,0.535102,-0.329321,0.42226,0.844457,-0.013518,-0.010282,0.010313,0.162848,-0.200182,0.042079,-1.40676,0.041141,0.034324,-0.012963,0.854996,0.5141,0.068422,-0.502469,0.788426,0.354837,0.128476,-0.337764,0.93242,0.000434,-0.00479,0.004899,0.156361,-0.229552,0.052302,-0.915205,0.075822,0.014054,-0.053315,0.66399,-0.453894,-0.594218,0.600821,0.796925,0.062636,0.445118,-0.398609,0.80186,1.4e-05,0.000109,0.000113,-9.3e-05,4e-06,0.000117,0.281821
305,0.149015,-0.048371,0.343486,-0.559425,0.553277,-0.617231,-0.713529,-0.700352,0.018834,-0.421169,0.450256,0.787345,8.9e-05,0.000703,0.000729,0.0,-0.0,-0.0,0.356748,-0.172647,-0.020729,0.337536,-0.821733,-0.569346,-0.024365,0.470997,-0.702802,0.533072,-0.319583,0.427286,0.845669,0.014357,-0.00114,-0.002273,-0.025485,0.773904,1.605933,-1.406432,0.041193,0.034105,-0.012826,0.866221,0.494656,0.070536,-0.485225,0.799083,0.354995,0.119236,-0.34173,0.932202,0.000208,-0.006299,0.00334,-0.186839,2.944548,4.666115,-0.916674,0.075807,0.014073,-0.053295,0.666586,-0.450235,-0.594097,0.596202,0.800408,0.062361,0.447443,-0.395771,0.801972,5.5e-05,0.000434,0.00045,-0.000179,-2.4e-05,0.000205,0.280514
306,0.149019,-0.048364,0.343538,-0.559132,0.553439,-0.617351,-0.71374,-0.700141,0.018686,-0.421203,0.450384,0.787254,4.3e-05,0.000341,0.000354,0.0,0.0,0.0,0.358002,-0.172395,-0.020883,0.337498,-0.838395,-0.544961,-0.010108,0.457781,-0.714301,0.529287,-0.294599,0.439813,0.848315,0.014355,-0.001728,-0.002825,0.002104,-0.015059,0.029156,-1.406581,0.041319,0.034027,-0.012846,0.878421,0.469223,0.090582,-0.46891,0.809732,0.352784,0.092187,-0.352368,0.931309,-9e-06,-0.001415,-0.001311,-0.001923,-0.012059,0.00546,-0.921083,0.075809,0.014078,-0.053268,0.666322,-0.450443,-0.594234,0.596456,0.80023,0.062222,0.447497,-0.395895,0.801881,2.2e-05,0.000181,0.000189,-0.000112,9e-06,0.000145,0.280351
307,0.149019,-0.048356,0.343531,-0.559118,0.553445,-0.617359,-0.713736,-0.700146,0.018656,-0.421227,0.45037,0.787249,1e-06,4e-06,4e-06,0.0,0.0,0.0,0.358536,-0.172256,-0.020915,0.337442,-0.841542,-0.540093,-0.009879,0.453737,-0.716881,0.529281,-0.291876,0.441613,0.848322,-2.4e-05,-0.001963,-0.001826,-0.000442,0.023693,0.037975,-1.406207,0.041394,0.034009,-0.012876,0.880983,0.464152,0.09182,-0.464619,0.811977,0.353301,0.089429,-0.353914,0.930992,-4e-06,-0.001004,-0.000932,0.000913,0.020673,0.039948,-0.920104,0.075809,0.014082,-0.053271,0.666308,-0.450453,-0.594242,0.596456,0.800232,0.062192,0.447517,-0.395879,0.801877,-3e-06,-2.7e-05,-2.8e-05,-7.2e-05,2.4e-05,0.000135,0.281004
308,0.149006,-0.048368,0.343519,-0.558928,0.553547,-0.617439,-0.71385,-0.700033,0.018522,-0.421287,0.450419,0.787189,-2e-05,-0.00016,-0.000166,0.0,0.0,0.0,0.35868,-0.171966,-0.020972,0.337336,-0.8526,-0.5225,-0.007614,0.438474,-0.723478,0.533155,-0.283001,0.451889,0.845913,-2.5e-05,-0.002184,-0.002034,-0.047692,0.056311,0.058839,-1.406145,0.041539,0.033982,-0.012928,0.889576,0.446117,0.098145,-0.449699,0.817619,0.359541,0.080152,-0.363975,0.927953,0.007188,-0.001083,-0.001619,-0.02563,0.089899,0.184183,-0.916021,0.075802,0.014076,-0.053278,0.666138,-0.450585,-0.594333,0.596596,0.800138,0.062062,0.447585,-0.395918,0.80182,-1.1e-05,-8.6e-05,-8.7e-05,-5e-05,1.3e-05,9.4e-05,0.281494
309,0.149005,-0.048366,0.343506,-0.560046,0.550825,-0.618858,-0.709949,-0.704057,0.015735,-0.426354,0.447481,0.786136,-0.0,-0.0,-0.0,0.0,-0.0,0.0,0.362057,-0.171806,-0.021067,0.337219,-0.860917,-0.508715,-0.004643,0.428079,-0.729548,0.53333,-0.273609,0.457808,0.845821,-0.014416,-0.002557,-0.001157,-0.002055,0.015212,-0.029241,-1.406226,0.041625,0.033933,-0.012988,0.895851,0.432024,0.103944,-0.438755,0.823015,0.360747,0.070303,-0.368782,0.926852,-5e-06,-0.001204,-0.001123,-0.009949,0.092063,-0.175186,-0.917981,0.075802,0.014076,-0.053285,0.6669,-0.447688,-0.595667,0.592251,0.80358,0.059125,0.452197,-0.392215,0.801052,-0.0,6e-06,1.1e-05,-0.000474,0.00028,-7.3e-05,0.283943
310,0.149017,-0.048351,0.343491,-0.559629,0.551048,-0.619037,-0.710174,-0.703837,0.0154,-0.426526,0.447553,0.786001,-0.0,-0.0,-0.0,0.0,-0.0,0.0,0.361194,-0.171897,-0.021059,0.337136,-0.863602,-0.504154,-0.003528,0.424754,-0.731551,0.533246,-0.270324,0.45965,0.845878,-2.4e-05,-0.002121,-0.001979,-0.000527,0.079569,0.126219,-1.406188,0.041573,0.033938,-0.013029,0.89773,0.427595,0.106032,-0.435428,0.824642,0.361062,0.06695,-0.370306,0.926493,-0.000432,0.004174,-0.005451,0.029791,0.277888,0.415425,-0.913245,0.075808,0.014084,-0.053292,0.666531,-0.44797,-0.595867,0.592527,0.803401,0.058802,0.452379,-0.392261,0.800927,-1e-06,3e-06,8e-06,-0.00015,4.5e-05,0.000135,0.28574
311,0.149003,-0.048377,0.34348,-0.55861,0.551602,-0.619464,-0.710795,-0.703225,0.014696,-0.426828,0.447832,0.785679,-7.6e-05,-0.000599,-0.00062,0.0,0.0,0.0,0.35868,-0.172048,-0.021001,0.336991,-0.874848,-0.484385,-0.001859,0.408856,-0.740719,0.533017,-0.258454,0.466161,0.846026,-1.1e-05,-0.000919,-0.000857,-2.5e-05,0.007159,0.011362,-1.406591,0.041498,0.033965,-0.013103,0.906458,0.407178,0.111971,-0.418756,0.832441,0.362883,0.054549,-0.375827,0.925082,5e-06,-0.000508,-0.000468,-0.008756,0.113838,-0.136318,-0.907204,0.075801,0.014072,-0.053297,0.665628,-0.448669,-0.59635,0.593272,0.8029,0.058124,0.452732,-0.392487,0.800616,-5.4e-05,-0.005484,0.004274,-0.029426,-0.07244,0.161238,0.284433
312,0.148956,-0.048378,0.343464,-0.557852,0.552011,-0.619782,-0.711235,-0.702792,0.014138,-0.427087,0.448007,0.785438,-2e-06,-1.4e-05,-1.5e-05,0.0,0.0,0.0,0.359133,-0.172264,-0.021049,0.336979,-0.890053,-0.455848,-5e-05,0.386053,-0.754088,0.531271,-0.241089,0.473416,0.847123,-0.0144,-0.000798,0.000478,0.037722,0.066674,0.079222,-1.406256,0.041396,0.033941,-0.013109,0.918056,0.378003,0.119526,-0.394751,0.8437,0.363788,0.036668,-0.38116,0.923781,1e-05,-0.000118,-0.000102,0.007252,0.344,0.22494,-0.90704,0.075777,0.01407,-0.053307,0.664956,-0.449186,-0.596711,0.593803,0.802546,0.057583,0.453023,-0.39262,0.800387,2e-06,1.2e-05,1.4e-05,-3.6e-05,4e-06,8e-05,0.284107
313,0.148898,-0.048381,0.343461,-0.55748,0.552214,-0.619936,-0.711457,-0.702572,0.013872,-0.427203,0.448101,0.785321,-0.0,-1e-06,-1e-06,0.006303,-0.084455,0.17996,0.355984,-0.172527,-0.021133,0.337065,-0.90381,-0.427924,1.7e-05,0.363371,-0.767716,0.527738,-0.224674,0.477522,0.849328,0.000842,-0.010717,0.0087,0.029791,0.838498,1.359895,-1.406441,0.041258,0.033904,-0.013068,0.928091,0.350782,0.124892,-0.371782,0.854443,0.36291,0.020589,-0.383246,0.923416,-0.000198,0.000118,4.4e-05,0.047378,2.860622,4.66173,-0.90851,0.075748,0.014068,-0.053308,0.664626,-0.449442,-0.596886,0.594071,0.802367,0.057327,0.453156,-0.392694,0.800275,1e-06,1.1e-05,1.2e-05,0.00627,-0.084456,0.180009,0.28231
314,0.148876,-0.048397,0.34349,-0.560559,0.549008,-0.620007,-0.707429,-0.706629,0.013803,-0.429847,0.445662,0.785267,9.5e-05,0.000747,0.000775,3.426485,-0.076282,-4.339796,0.355458,-0.172661,-0.021227,0.337144,-0.909778,-0.415082,-0.001324,0.352747,-0.775101,0.524139,-0.217434,0.476907,0.851555,0.00084,-0.010715,0.008703,0.326608,-0.244679,-0.181832,-1.406538,0.041191,0.033857,-0.013028,0.933666,0.334823,0.127125,-0.357947,0.860631,0.362198,0.011864,-0.383676,0.923391,-0.00719,-0.000255,0.000377,0.59475,-0.371198,-0.221165,-0.912755,0.075737,0.014059,-0.053295,0.664466,-0.449571,-0.596966,0.594238,0.802247,0.057263,0.453171,-0.39279,0.800219,6.2e-05,0.000511,0.00053,-2.6e-05,-1e-05,5.2e-05,0.280841
315,0.148807,-0.048421,0.343509,-0.558583,0.549531,-0.621327,-0.707614,-0.706491,0.011216,-0.43211,0.445237,0.784265,-0.000112,-0.000879,-0.000911,0.049332,-0.039467,0.039625,0.356922,-0.1729,-0.021489,0.337172,-0.926342,-0.376658,-0.003149,0.320376,-0.792567,0.518778,-0.196723,0.480033,0.854828,-8.8e-05,-0.00614,-0.005737,0.462219,-0.312858,-0.235041,-1.406686,0.041072,0.033731,-0.013002,0.946176,0.295118,0.132873,-0.323514,0.874363,0.361701,-0.009435,-0.385219,0.922776,-3.6e-05,-0.003329,-0.003103,0.429716,-0.300447,-0.236077,-0.90802,0.075703,0.014051,-0.053281,0.665379,-0.446585,-0.59819,0.589792,0.805712,0.054526,0.457618,-0.389088,0.799496,-7.8e-05,-0.000597,-0.000616,0.177652,-0.142159,0.142933,0.280351
316,0.148772,-0.048418,0.343498,-0.557664,0.550032,-0.621708,-0.708149,-0.705964,0.010542,-0.432418,0.445453,0.783972,-5e-05,-0.00039,-0.000405,0.0,-0.0,0.0,0.356302,-0.172803,-0.021775,0.336953,-0.93802,-0.346477,-0.00802,0.292828,-0.805046,0.515836,-0.183993,0.481953,0.856581,0.014337,-0.005208,-0.006098,0.092752,-0.066576,-0.037856,-1.407246,0.041115,0.033583,-0.013117,0.95513,0.264822,0.132647,-0.295384,0.884604,0.360864,-0.021775,-0.383853,0.923136,-2.3e-05,-0.002677,-0.002503,0.092394,-0.068875,-0.052948,-0.909,0.075685,0.014051,-0.053288,0.664564,-0.447217,-0.598622,0.590439,0.805281,0.053872,0.457967,-0.389252,0.799216,-3.4e-05,-0.000254,-0.000261,-0.000183,9e-05,3.3e-05,0.281004
317,0.148745,-0.048455,0.343475,-0.554288,0.551309,-0.623593,-0.709123,-0.705031,0.006921,-0.435154,0.445351,0.782515,-0.000122,-0.000957,-0.000993,0.0,-0.0,0.0,0.352947,-0.172582,-0.022166,0.336962,-0.954752,-0.297191,-0.010808,0.250495,-0.823626,0.50875,-0.158888,0.483399,0.860781,0.000765,-0.016231,0.003529,0.243968,2.668904,4.686347,-1.407162,0.04123,0.033398,-0.013116,0.965788,0.219578,0.137979,-0.255455,0.89716,0.360339,-0.044667,-0.383259,0.922559,-1.9e-05,-0.002222,-0.002083,0.594758,0.459936,1.217042,-0.906877,0.075672,0.014033,-0.053299,0.661515,-0.448961,-0.600691,0.59172,0.804573,0.050291,0.460721,-0.388709,0.797897,-7.9e-05,-0.000611,-0.000631,0.005901,-0.084114,0.17977,0.277738
318,0.14873,-0.048484,0.343444,-0.553411,0.551785,-0.623951,-0.70964,-0.704516,0.006296,-0.435428,0.445575,0.782235,-0.000158,-0.001242,-0.001289,0.006307,-0.084427,0.179973,0.353051,-0.172558,-0.022467,0.337016,-0.960008,-0.27966,-0.012909,0.235278,-0.831306,0.503496,-0.150323,0.480677,0.863838,0.000768,-0.01603,0.003714,0.242043,0.634832,1.281388,-1.407057,0.041242,0.033246,-0.01309,0.969622,0.20152,0.138643,-0.238707,0.903294,0.35648,-0.053398,-0.378746,0.923958,0.000395,-0.008316,0.001574,0.437202,-0.282123,-0.199341,-0.910469,0.075665,0.014019,-0.053314,0.66085,-0.449475,-0.601038,0.592253,0.804212,0.049776,0.46099,-0.388861,0.797667,-0.000118,-0.000929,-0.000962,-7.7e-05,4.6e-05,4.2e-05,0.276269
319,0.14869,-0.048517,0.343395,-0.552473,0.552292,-0.624333,-0.71018,-0.703978,0.005607,-0.43574,0.445796,0.781936,-5.9e-05,-0.000463,-0.000481,0.0,0.0,0.0,0.353317,-0.172455,-0.023212,0.33724,-0.968423,-0.248397,-0.021145,0.206822,-0.848291,0.487403,-0.13778,0.467953,0.872869,0.000765,-0.016392,0.003367,0.541272,-0.469215,-0.12131,-1.407184,0.041294,0.032874,-0.012978,0.977165,0.162366,0.137053,-0.200826,0.916425,0.34617,-0.069393,-0.36579,0.928106,0.008042,-0.013516,0.00546,0.087344,-0.096701,-0.113078,-0.918144,0.075644,0.014,-0.053342,0.65991,-0.450198,-0.60153,0.59299,0.803715,0.049024,0.461388,-0.389053,0.797343,-3.1e-05,-0.000242,-0.00025,-2.2e-05,1e-06,4.6e-05,0.276105
320,0.148686,-0.048554,0.343357,-0.55221,0.552434,-0.62444,-0.710334,-0.703824,0.005419,-0.435822,0.445863,0.781852,-0.000182,-0.001424,-0.001479,-0.000914,0.012234,-0.026078,0.35265,-0.172559,-0.023836,0.337326,-0.975497,-0.218787,-0.023028,0.182091,-0.862161,0.47271,-0.12204,0.457211,0.880867,-0.014559,-0.006634,-0.005031,0.165103,-0.175096,0.05007,-1.406956,0.041248,0.032551,-0.012931,0.981217,0.134088,0.138678,-0.173694,0.926867,0.332785,-0.083914,-0.350623,0.932749,0.000392,-0.00823,0.001646,0.063208,-0.174389,0.073408,-0.922226,0.075642,0.013984,-0.053358,0.659677,-0.450378,-0.601652,0.593176,0.803589,0.048843,0.461483,-0.389106,0.797263,-8.6e-05,-0.000672,-0.000698,-0.000932,0.012226,-0.026047,0.275942
321,0.148684,-0.048566,0.343344,-0.552245,0.552415,-0.624426,-0.710313,-0.703845,0.005445,-0.435811,0.445854,0.781863,-9.7e-05,-0.000762,-0.000791,0.0,0.0,0.0,0.350626,-0.172699,-0.023982,0.337257,-0.978417,-0.205501,-0.021489,0.172089,-0.868502,0.464784,-0.112937,0.451315,0.885112,-8.8e-05,-0.006052,-0.005717,0.50682,-0.113119,0.180637,-1.407352,0.041173,0.032479,-0.012965,0.982372,0.120049,0.143291,-0.161649,0.93052,0.328637,-0.093883,-0.346007,0.933522,-0.007289,-0.003013,-0.002229,-0.05708,0.740615,1.559645,-0.926309,0.075642,0.013976,-0.053366,0.659708,-0.450354,-0.601635,0.593152,0.803605,0.048868,0.46147,-0.389099,0.797274,-5e-05,-0.000385,-0.000399,-1.9e-05,5e-06,2.4e-05,0.275126
322,0.148648,-0.048574,0.343321,-0.552347,0.55236,-0.624385,-0.710242,-0.703916,0.005497,-0.435798,0.44581,0.781895,-3.7e-05,-0.000289,-0.000301,0.0,0.0,0.0,0.351394,-0.172813,-0.024184,0.337019,-0.982226,-0.187102,-0.014727,0.159193,-0.872658,0.461583,-0.097971,0.451272,0.886915,-0.000911,0.005857,-0.013314,0.036497,-0.00796,0.022179,-1.407219,0.041116,0.03237,-0.013085,0.982986,0.103301,0.151875,-0.148491,0.93361,0.326068,-0.108109,-0.343073,0.933065,-2.9e-05,-0.00278,-0.002628,0.004365,-0.078544,0.167057,-0.929084,0.075623,0.013972,-0.053378,0.659798,-0.450285,-0.601588,0.593069,0.803664,0.048917,0.461449,-0.389059,0.797306,-1.5e-05,-0.000128,-0.000132,-1.3e-05,1.5e-05,1.9e-05,0.273493
323,0.148626,-0.048567,0.343328,-0.555631,0.549068,-0.624375,-0.706048,-0.708122,0.005513,-0.438423,0.443215,0.781903,-0.015201,0.000924,0.000968,-0.000982,0.014714,-0.029556,0.350701,-0.172847,-0.024196,0.336996,-0.982195,-0.187654,-0.008432,0.162738,-0.873042,0.459617,-0.092367,0.4503,0.88801,1.6e-05,0.001048,0.000992,0.000782,0.001652,-0.000848,-1.407077,0.041099,0.032361,-0.013106,0.981897,0.104538,0.157952,-0.151474,0.934046,0.32344,-0.113723,-0.34151,0.932972,1.7e-05,0.000862,0.000818,-0.012608,0.093389,-0.173454,-0.927942,0.075618,0.013975,-0.053374,0.662528,-0.446533,-0.601384,0.588282,0.807184,0.048753,0.463658,-0.386084,0.79747,0.0,9e-06,1e-05,-0.000374,-0.000405,1.7e-05,0.273656
324,0.148614,-0.048566,0.343329,-0.555651,0.549057,-0.624366,-0.706036,-0.708134,0.005527,-0.438416,0.44321,0.78191,0.0,0.0,0.0,0.0,-0.0,-0.0,0.351015,-0.172788,-0.024218,0.33707,-0.982103,-0.188167,-0.007673,0.163513,-0.872781,0.459838,-0.091979,0.450593,0.887901,0.014516,0.002364,0.001009,-0.008497,0.064845,-0.120421,-1.407597,0.041123,0.032351,-0.013067,0.981756,0.105046,0.158487,-0.15216,0.933887,0.323574,-0.11402,-0.341787,0.932834,0.000426,-0.004901,0.004789,-0.036693,0.00929,-0.0169,-0.929574,0.075607,0.013976,-0.053373,0.662562,-0.446506,-0.601367,0.588256,0.807201,0.048783,0.463642,-0.38608,0.797481,0.0,3e-06,6e-06,-0.000143,-4e-05,0.000139,0.273493
325,0.148557,-0.048554,0.343313,-0.555744,0.549005,-0.624329,-0.705958,-0.708212,0.005552,-0.438425,0.44315,0.781939,-0.015217,0.000799,0.000836,-0.000984,0.014715,-0.029553,0.351031,-0.172532,-0.024373,0.33727,-0.98189,-0.189335,-0.005942,0.165254,-0.872064,0.460575,-0.091141,0.451493,0.88753,0.000853,-0.009887,0.0095,-0.036444,0.009711,-0.018676,-1.406758,0.041256,0.032284,-0.012965,0.98135,0.106444,0.160064,-0.154094,0.933418,0.324014,-0.114918,-0.342636,0.932413,0.007249,0.000739,7.9e-05,-0.010183,0.078607,-0.144925,-0.9348,0.075583,0.013982,-0.053382,0.662623,-0.446458,-0.601335,0.588185,0.807253,0.048792,0.463646,-0.386027,0.797505,-1e-05,-7.6e-05,-7.6e-05,-8.2e-05,1e-05,0.000107,0.273329
326,0.148557,-0.04854,0.343312,-0.555589,0.549088,-0.624394,-0.706038,-0.708134,0.005422,-0.438493,0.443171,0.781889,0.015202,-0.000913,-0.000955,0.000984,-0.014715,0.029553,0.353106,-0.172363,-0.024452,0.337309,-0.981769,-0.190056,0.000585,0.169016,-0.87227,0.458817,-0.085447,0.450793,0.888452,-3e-06,-0.000236,-0.000223,2.1e-05,4.4e-05,-2.3e-05,-1.407141,0.041341,0.032241,-0.012942,0.980129,0.107969,0.166399,-0.157447,0.933706,0.321562,-0.120649,-0.341371,0.932153,0.007243,0.000101,-0.000525,-0.000399,-0.020222,0.032117,-0.935126,0.075572,0.01399,-0.053381,0.66252,-0.446539,-0.601389,0.588257,0.807206,0.048693,0.463702,-0.386031,0.79747,-0.0,3e-06,6e-06,-5.3e-05,9e-06,6.8e-05,0.274636
327,0.148579,-0.048524,0.343283,-0.555524,0.549118,-0.624425,-0.706039,-0.708133,0.005317,-0.438573,0.443136,0.781864,-0.0,-2e-06,-2e-06,0.0,0.0,0.0,0.352469,-0.172147,-0.024449,0.337279,-0.982794,-0.184641,0.00391,0.165797,-0.87342,0.457802,-0.07987,0.450808,0.888963,-3e-06,-0.000218,-0.000206,0.0,0.0,0.0,-1.406954,0.041449,0.032242,-0.012957,0.979988,0.102905,0.170389,-0.153951,0.934451,0.32109,-0.126179,-0.340897,0.931594,0.007246,0.000106,-0.000523,0.003235,-0.017324,0.030077,-0.936923,0.075589,0.013997,-0.053396,0.662443,-0.446593,-0.601434,0.58828,0.807196,0.048574,0.463782,-0.385989,0.797444,8e-06,0.005102,-0.004667,0.035649,-0.012011,0.018884,0.275126
328,0.148579,-0.048524,0.343283,-0.555524,0.549118,-0.624425,-0.706039,-0.708133,0.005317,-0.438573,0.443136,0.781864,-0.0,-0.0,-0.0,0.0,0.0,0.0,0.352159,-0.172103,-0.024475,0.337265,-0.982966,-0.183438,0.010924,0.167891,-0.873015,0.45781,-0.073198,0.45208,0.888892,-7e-06,-0.000551,-0.000522,-0.094363,0.148741,0.023924,-1.406804,0.041471,0.03223,-0.012964,0.97876,0.102855,0.177336,-0.156265,0.934232,0.320608,-0.132697,-0.34151,0.930462,-2e-06,-0.000338,-0.000321,-0.067153,0.335981,-0.043537,-0.939045,0.075589,0.013997,-0.053396,0.662443,-0.446593,-0.601433,0.58828,0.807196,0.048574,0.463782,-0.385989,0.797444,-1e-06,3e-06,5e-06,-3.9e-05,-1.3e-05,4.9e-05,0.275126
329,0.148581,-0.048512,0.343296,-0.555488,0.549138,-0.62444,-0.70606,-0.708112,0.005291,-0.438584,0.443145,0.781853,9.6e-05,0.000752,0.000781,0.0,0.0,0.0,0.350867,-0.172101,-0.024545,0.337255,-0.9851,-0.1704,0.02308,0.161952,-0.875203,0.455768,-0.056216,0.452932,0.889694,-0.014505,-0.001365,-5.4e-05,0.092,0.219958,-0.134685,-1.406409,0.041472,0.032194,-0.012969,0.977333,0.090902,0.191197,-0.14958,0.935611,0.319778,-0.149817,-0.341129,0.928,-0.007249,-0.000695,-3.9e-05,0.117328,0.220406,-0.140968,-0.938719,0.07559,0.014002,-0.053392,0.662411,-0.446618,-0.60145,0.588306,0.807178,0.048549,0.463795,-0.385996,0.797433,6.3e-05,0.000501,0.000522,-4.1e-05,-9e-06,3.2e-05,0.274146
330,0.148569,-0.048518,0.34329,-0.558768,0.545818,-0.624424,-0.701833,-0.712302,0.005318,-0.441188,0.44053,0.781865,-2.6e-05,-0.000203,-0.000211,0.0,-0.0,-0.0,0.348344,-0.172263,-0.024754,0.33734,-0.988693,-0.146739,0.030749,0.144531,-0.879667,0.453023,-0.038176,0.452532,0.890854,-1.1e-05,-0.000822,-0.000779,0.012563,-0.09284,0.17494,-1.406861,0.041391,0.032089,-0.012927,0.977006,0.068279,0.201977,-0.131674,0.938312,0.319736,-0.167686,-0.33898,0.925728,-0.006827,-0.006071,0.004302,-0.038182,0.016039,-0.046133,-0.923369,0.075584,0.014001,-0.053392,0.665148,-0.442828,-0.601233,0.583479,0.810683,0.048411,0.465972,-0.383007,0.797605,-1.3e-05,-0.000115,-0.000119,-0.00013,-1e-06,0.000148,0.272186
331,0.148569,-0.048525,0.343297,-0.558782,0.545812,-0.624417,-0.701837,-0.712298,0.005348,-0.441164,0.440544,0.781871,-0.0,-3e-06,-3e-06,0.0,0.0,-0.0,0.346599,-0.172368,-0.0248,0.337392,-0.989266,-0.142462,0.032393,0.141588,-0.881674,0.450043,-0.034302,0.44998,0.892303,1.1e-05,0.000772,0.000732,0.054787,-0.038956,-0.024675,-1.406451,0.041338,0.032063,-0.012904,0.976893,0.06408,0.203893,-0.127803,0.939783,0.316974,-0.171304,-0.335709,0.926258,1.1e-05,0.000567,0.00054,0.044693,-0.042321,-0.028175,-0.919124,0.075584,0.013997,-0.053389,0.665159,-0.442822,-0.601225,0.583485,0.810677,0.048441,0.465949,-0.383027,0.797609,1e-06,1e-06,-1e-06,-0.000103,4e-06,0.000128,0.2699
332,0.148536,-0.048519,0.343319,-0.558822,0.545793,-0.624398,-0.701825,-0.712309,0.005396,-0.441131,0.440551,0.781886,6.9e-05,0.00054,0.000561,0.0,0.0,0.0,0.344053,-0.17245,-0.024873,0.337443,-0.98967,-0.138957,0.035142,0.139803,-0.883438,0.447131,-0.029834,0.447603,0.893658,0.000829,-0.01165,0.007833,0.342931,0.647646,-0.39524,-1.40659,0.041297,0.032032,-0.012874,0.976484,0.060974,0.206783,-0.125324,0.941001,0.314342,-0.175416,-0.332865,0.926514,0.000415,-0.005885,0.003862,0.354589,0.733543,-0.428822,-0.920593,0.075567,0.013999,-0.053379,0.665191,-0.442801,-0.601204,0.583475,0.810682,0.048488,0.465915,-0.383042,0.797622,4.7e-05,0.000357,0.000369,-6.1e-05,1.5e-05,8.4e-05,0.266635
333,0.148493,-0.04849,0.343334,-0.558836,0.545785,-0.624392,-0.701805,-0.712329,0.005385,-0.441145,0.440529,0.781891,0.000101,0.00079,0.00082,0.0,0.0,0.0,0.34264,-0.172375,-0.025026,0.337533,-0.99283,-0.111604,0.042703,0.118833,-0.888966,0.442213,-0.010135,0.44426,0.895764,0.000861,-0.009392,0.009974,0.214223,2.45544,4.945867,-1.406554,0.041335,0.031954,-0.012837,0.975266,0.040589,0.217272,-0.10877,0.943866,0.311906,-0.192416,-0.327825,0.924936,4e-06,2e-05,1.7e-05,0.012555,0.062413,-0.030751,-0.920267,0.075546,0.014014,-0.053372,0.665203,-0.442793,-0.601197,0.583455,0.810697,0.048477,0.465924,-0.383019,0.797628,5.6e-05,0.000431,0.000449,-3.9e-05,1.8e-05,5.9e-05,0.263859
334,0.148437,-0.048474,0.34335,-0.55878,0.545819,-0.624413,-0.70184,-0.712295,0.005344,-0.441162,0.440541,0.781874,1.6e-05,0.000128,0.000133,0.0,0.0,0.0,0.343294,-0.172216,-0.025368,0.337835,-0.994612,-0.088346,0.054169,0.10295,-0.897742,0.428247,0.012054,0.43163,0.901894,0.000839,-0.011101,0.008357,1.600145,2.040111,-0.759345,-1.4063,0.041414,0.031784,-0.012678,0.972604,0.011821,0.232164,-0.083958,0.949158,0.303397,-0.216774,-0.314577,0.924147,0.000432,-0.005598,0.004118,1.543349,2.062823,-0.745218,-0.919614,0.075518,0.014023,-0.053362,0.665152,-0.442836,-0.601222,0.583497,0.810668,0.048437,0.465942,-0.38303,0.797612,5e-06,4.9e-05,5.3e-05,-3e-05,-1.9e-05,4.4e-05,0.263369
335,0.148392,-0.048479,0.34336,-0.558876,0.545769,-0.624371,-0.701795,-0.712339,0.005431,-0.441111,0.440534,0.781907,-0.015198,0.00093,0.00097,-0.000984,0.014715,-0.029553,0.344172,-0.172197,-0.025613,0.338027,-0.995179,-0.076234,0.06162,0.095168,-0.899881,0.425549,0.024267,0.429461,0.902684,0.000844,-0.010734,0.008707,1.081018,2.330748,-1.030333,-1.40632,0.041424,0.03166,-0.012583,0.970788,0.001896,0.239927,-0.076051,0.950839,0.300202,-0.227563,-0.30968,0.923208,0.000427,-0.005369,0.00434,1.045512,2.339746,-1.020475,-0.923369,0.075501,0.01402,-0.053358,0.665219,-0.442787,-0.601184,0.583457,0.810693,0.048509,0.465897,-0.383034,0.797636,-1e-06,-1.4e-05,-1.4e-05,-3.2e-05,7e-06,3.7e-05,0.263532
336,0.148346,-0.048461,0.343349,-0.55893,0.545738,-0.624351,-0.701739,-0.712394,0.00543,-0.441132,0.440483,0.781924,0.0,0.0,0.0,0.0,0.0,0.0,0.349436,-0.172143,-0.026112,0.338531,-0.99506,-0.073431,0.066739,0.094535,-0.904287,0.416247,0.031043,0.420596,0.906641,0.000863,-0.009358,0.010014,0.004335,-0.01923,-0.036884,-1.406233,0.041451,0.031413,-0.012336,0.969297,-0.000108,0.245892,-0.073512,0.954137,0.290201,-0.234646,-0.299367,0.924834,0.00043,-0.004506,0.005168,-0.021654,-0.102709,0.142764,-0.922716,0.075472,0.014029,-0.053363,0.665285,-0.442734,-0.60115,0.583379,0.810749,0.048519,0.465901,-0.382978,0.797661,3e-06,-6e-06,-6e-06,-2.7e-05,1.2e-05,4.2e-05,0.266308
337,0.148349,-0.048391,0.343332,-0.564867,0.537238,-0.626375,-0.693108,-0.720782,0.006753,-0.447156,0.437288,0.780293,9.1e-05,0.01078,-0.008737,3.497294,-0.049484,-4.293548,0.352423,-0.171944,-0.026532,0.338911,-0.99523,-0.062348,0.07498,0.087684,-0.907458,0.410809,0.043685,0.415506,0.908465,0.015376,-0.01006,0.00811,-0.021765,-0.098162,0.186076,-1.406355,0.041545,0.031206,-0.012143,0.966774,-0.009957,0.255437,-0.065765,0.95592,0.286167,-0.247026,-0.293458,0.923504,-2e-06,-3e-05,-3.2e-05,-0.009468,-0.003104,0.00382,-0.922716,0.075474,0.01406,-0.053369,0.667316,-0.437122,-0.603003,0.578327,0.814288,0.049725,0.469282,-0.381915,0.796187,4.9e-05,0.000366,0.000377,0.002075,0.004328,0.001668,0.272839
338,0.148353,-0.048344,0.343337,-0.564755,0.537297,-0.626426,-0.693139,-0.720753,0.006613,-0.44725,0.437263,0.780254,0.000108,0.000842,0.000873,-1e-06,-2e-06,-1e-06,0.352098,-0.171814,-0.026676,0.339005,-0.995224,-0.050926,0.08323,0.08052,-0.909528,0.407688,0.056195,0.41251,0.909143,-4e-06,-0.000318,-0.000301,1.151503,2.472417,-0.66835,-1.40603,0.041616,0.03113,-0.012093,0.964849,-0.020296,0.262019,-0.057465,0.956593,0.285703,-0.256445,-0.290717,0.921802,0.007667,-0.005256,0.003841,0.068776,0.691854,1.538597,-0.921247,0.075476,0.014087,-0.05337,0.669861,-0.433436,-0.602841,0.573523,0.8177,0.049366,0.471546,-0.378812,0.796332,6.9e-05,0.000521,0.000538,-3.9e-05,0.000508,0.000498,0.273656
339,0.148347,-0.048285,0.343367,-0.567085,0.532303,-0.62858,-0.688974,-0.724724,0.007766,-0.450715,0.436814,0.778509,0.0001,0.000775,0.000804,-0.002667,-0.006242,-0.002835,0.355674,-0.171527,-0.027003,0.339239,-0.994814,-0.019299,0.09982,0.057393,-0.916442,0.395948,0.085094,0.399652,0.912634,0.000853,-0.010619,0.008825,0.028806,0.202845,0.42676,-1.406066,0.041759,0.030969,-0.011981,0.957548,-0.04898,0.284081,-0.032783,0.960564,0.276119,-0.286403,-0.27371,0.91818,0.000412,-0.005296,0.004424,0.08959,0.700451,1.508344,-0.909816,0.075473,0.014117,-0.053354,0.671446,-0.42796,-0.604987,0.568745,0.820962,0.050485,0.475066,-0.377982,0.794632,6e-05,0.000462,0.000478,0.008517,0.015555,0.004768,0.275615
340,0.14844,-0.048135,0.343434,-0.569565,0.529309,-0.628866,-0.685003,-0.728486,0.007166,-0.453625,0.434194,0.778285,0.015661,0.012845,-0.006605,0.036654,-0.026755,0.048371,0.357622,-0.171434,-0.027471,0.339641,-0.992455,0.017671,0.121294,0.029688,-0.925039,0.378622,0.120144,0.379349,0.917345,0.000859,-0.010166,0.009258,1.212288,2.124853,-0.981125,-1.405737,0.041805,0.03073,-0.011777,0.94774,-0.083455,0.307934,-0.000886,0.96449,0.264118,-0.319041,-0.250588,0.914011,0.000436,-0.005057,0.004634,1.19206,2.113958,-0.970942,-0.909,0.075513,0.014183,-0.053323,0.673559,-0.424717,-0.604923,0.564245,0.824112,0.049655,0.477435,-0.374771,0.794733,0.000241,0.001885,0.001952,-0.0001,0.000523,0.000633,0.281167
341,0.148652,-0.047953,0.343517,-0.574835,0.523082,-0.629281,-0.676836,-0.736087,0.006328,-0.459188,0.428904,0.777956,0.015616,0.002496,0.00257,0.001898,-0.02697,0.055619,0.359237,-0.171745,-0.028001,0.340048,-0.988495,0.056718,0.140181,-0.001846,-0.931147,0.364548,0.152453,0.360029,0.920326,-0.013728,-0.013109,0.007718,0.459024,0.745492,0.229377,-1.405644,0.041655,0.030475,-0.011572,0.936538,-0.118783,0.329828,0.03254,0.96624,0.255579,-0.349052,-0.228627,0.908786,0.000848,-0.011811,0.007697,1.338317,2.78334,0.554816,-0.91047,0.07562,0.014282,-0.053281,0.677828,-0.417751,-0.605006,0.555041,0.83041,0.048458,0.48216,-0.36865,0.794744,0.000163,0.001285,0.001326,-0.000742,-0.000414,0.000433,0.281494
342,0.148701,-0.047931,0.343539,-0.57562,0.520493,-0.63071,-0.6728,-0.739797,0.003433,-0.464101,0.425666,0.776817,5.7e-05,0.000445,0.00046,0.00443,-0.003523,0.003607,0.360532,-0.171831,-0.02835,0.340264,-0.987834,0.062487,0.142374,-0.007098,-0.932559,0.360856,0.156567,0.355382,0.921441,0.000825,-0.012414,0.007133,0.011249,-0.105797,0.143376,-1.405888,0.041607,0.030297,-0.011466,0.934635,-0.124359,0.333154,0.03872,0.966877,0.252286,-0.353493,-0.222896,0.908493,-0.006445,-0.011998,0.008148,-0.063746,-0.073367,0.106391,-0.911613,0.07565,0.014298,-0.053264,0.678216,-0.41508,-0.606408,0.55065,0.833504,0.045332,0.486627,-0.364664,0.79386,2.2e-05,0.000184,0.000188,0.04838,-0.039503,0.040545,0.283617
343,0.148708,-0.047962,0.343507,-0.573271,0.512794,-0.639099,-0.665075,-0.746752,-0.002684,-0.477918,0.422869,0.769937,-0.00024,-0.001885,-0.00195,0.553517,-0.516789,0.588522,0.370033,-0.17174,-0.029001,0.340721,-0.986024,0.068146,0.152002,-0.010124,-0.935046,0.354288,0.167515,0.347717,0.922439,0.000833,-0.011927,0.007598,1.092101,2.296118,-1.085179,-1.405887,0.041653,0.029967,-0.011236,0.930787,-0.12889,0.342084,0.0433,0.968065,0.246928,-0.362987,-0.215026,0.906644,0.000411,-0.005993,0.003758,1.07418,2.29653,-1.076322,-0.914715,0.075654,0.014283,-0.053279,0.675164,-0.407398,-0.614963,0.542226,0.839313,0.039283,0.500143,-0.359971,0.787576,-0.000128,-0.001015,-0.001052,0.624518,-0.529215,0.645517,0.292924
344,0.148749,-0.048032,0.343495,-0.573007,0.496258,-0.652255,-0.649689,-0.760143,-0.007671,-0.498907,0.418746,0.758796,-0.00016,-0.001254,-0.001298,-0.04632,-0.212495,0.121755,0.364915,-0.171622,-0.029572,0.341124,-0.978294,0.110757,0.175116,-0.045187,-0.938623,0.341877,0.203466,0.326409,0.922996,0.000847,-0.010909,0.008567,1.034907,2.104558,4.986769,-1.405831,0.041711,0.029683,-0.01104,0.915669,-0.161758,0.367944,0.074701,0.967981,0.239649,-0.394929,-0.191954,0.898434,0.000849,-0.0107,0.008759,0.290969,0.768506,-0.380699,-0.923206,0.075674,0.014245,-0.053288,0.672887,-0.390667,-0.628173,0.525153,0.850339,0.0337,0.520995,-0.352564,0.777343,-9.2e-05,-0.000724,-0.000751,-0.040596,-0.171195,0.097039,0.299456
345,0.148724,-0.048034,0.343463,-0.562962,0.49238,-0.663838,-0.651717,-0.758379,-0.009901,-0.507623,0.426444,0.74866,-0.015306,-4.1e-05,-3e-05,-0.264073,-0.736819,-0.151737,0.353446,-0.171644,-0.029821,0.341359,-0.974391,0.127402,0.18526,-0.058795,-0.93947,0.337451,0.218267,0.317762,0.922632,0.000864,-0.009522,0.009885,0.0784,0.12617,0.065657,-1.405082,0.0417,0.029553,-0.01092,0.907005,-0.182317,0.379606,0.094266,0.966449,0.238933,-0.410431,-0.180929,0.893761,0.000435,-0.004649,0.005043,0.084617,0.127104,0.060874,-0.926309,0.075667,0.014243,-0.053306,0.663573,-0.389955,-0.638439,0.527794,0.848838,0.030107,0.530191,-0.356942,0.769082,-7.6e-05,-0.000603,-0.000627,-0.302577,-0.936555,0.00591,0.290965
346,0.148679,-0.04814,0.343219,-0.556222,0.460801,-0.69161,-0.622626,-0.782233,-0.020515,-0.549769,0.418626,0.722865,-0.000835,-0.006546,-0.006789,-0.107168,-0.955212,0.299634,0.375345,-0.172024,-0.030215,0.34183,-0.965439,0.159875,0.205813,-0.085921,-0.940652,0.328215,0.247288,0.298993,0.921583,-0.013738,-0.010588,0.01012,-0.007736,0.086688,-0.075848,-1.405242,0.041516,0.029365,-0.010684,0.891204,-0.211168,0.40145,0.122655,0.964245,0.234915,-0.436703,-0.160117,0.885241,-0.006869,-0.005286,0.005067,0.082829,0.142127,0.030935,-0.927452,0.07564,0.014199,-0.053418,0.65333,-0.358014,-0.667072,0.495649,0.868305,0.019424,0.572268,-0.343324,0.744739,0.007185,0.001329,-0.00859,0.085492,-1.108684,-0.182988,0.291455
347,0.148839,-0.048381,0.342893,-0.554176,0.420774,-0.71825,-0.583722,-0.811547,-0.025125,-0.592783,0.404807,0.696252,-0.00079,-0.00621,-0.006458,3.758655,-0.863945,-3.465059,0.393279,-0.172722,-0.030547,0.342131,-0.955518,0.19048,0.225152,-0.112408,-0.940877,0.319451,0.273893,0.279699,0.920117,-0.029192,-0.000998,0.001522,-0.002935,0.032197,-0.055017,-1.405056,0.041178,0.029198,-0.010535,0.874865,-0.238228,0.421731,0.150208,0.961201,0.231363,-0.460485,-0.139064,0.876706,-0.014595,-0.000522,0.000743,0.007003,0.033522,-0.01672,-0.928595,0.07572,0.014075,-0.053585,0.645533,-0.321948,-0.692558,0.457708,0.889002,0.013362,0.611383,-0.325615,0.721238,0.007249,-0.003249,-0.003387,-0.034499,-0.678468,0.807876,0.324603
348,0.148875,-0.048463,0.342808,-0.553332,0.410527,-0.724801,-0.576158,-0.816998,-0.022967,-0.600908,0.404377,0.689504,-0.000455,-0.00358,-0.003726,-1.804601,0.662959,-1.386132,0.398208,-0.173128,-0.030681,0.342267,-0.949786,0.20494,0.236427,-0.124983,-0.941077,0.314146,0.288073,0.268571,0.919102,-0.028361,-0.011437,0.010534,0.309868,0.738376,-0.357861,-1.405064,0.040974,0.029135,-0.01047,0.866763,-0.251318,0.430766,0.163806,0.959289,0.230069,-0.47105,-0.128853,0.872644,-0.014597,-0.00049,0.000772,0.103984,0.17925,0.408239,-0.930228,0.075737,0.014027,-0.053634,0.64332,-0.308798,-0.700558,0.444043,0.895913,0.012855,0.62367,-0.319348,0.713478,-0.000212,-0.00169,-0.001763,-0.184457,-1.054795,0.376538,0.334074
349,0.148675,-0.048446,0.342721,-0.553983,0.392096,-0.734444,-0.557445,-0.829888,-0.022648,-0.617704,0.396373,0.679233,-2e-05,-0.000154,-0.00016,-0.471991,-0.077704,-0.411377,0.416647,-0.173903,-0.031015,0.342586,-0.937704,0.239875,0.251321,-0.157681,-0.938293,0.307696,0.310802,0.248604,0.917312,-0.013778,-0.010936,0.009774,1.44384,2.023972,4.759867,-1.404716,0.040576,0.028964,-0.010307,0.849683,-0.277106,0.448609,0.191125,0.954774,0.227765,-0.491436,-0.107787,0.864217,-0.00689,-0.00548,0.004881,0.350335,0.784557,-0.366848,-0.929574,0.075636,0.014031,-0.053683,0.642174,-0.289833,-0.709653,0.423994,0.905558,0.013835,0.638623,-0.309774,0.704414,-0.007561,0.00564,-0.004116,-1.386015,0.737356,-1.941128,0.353832
350,0.148431,-0.048191,0.342613,-0.554762,0.375976,-0.742245,-0.537836,-0.842664,-0.024929,-0.634152,0.384904,0.670617,0.000202,0.001572,0.001636,-0.051355,-0.227185,0.094818,0.44217,-0.174513,-0.031741,0.343102,-0.920158,0.277206,0.276511,-0.192863,-0.935372,0.296339,0.341945,0.219009,0.913768,-0.01303,-0.023626,0.016667,-0.031152,0.10949,-0.054387,-1.404652,0.040271,0.028607,-0.01005,0.82207,-0.314614,0.474572,0.232505,0.946307,0.224593,-0.519751,-0.074291,0.851081,-0.006522,-0.012046,0.008119,0.074885,0.294429,-0.054343,-0.920593,0.075514,0.01416,-0.053735,0.641051,-0.272818,-0.717372,0.402665,0.915271,0.011746,0.653386,-0.296391,0.69659,0.000147,0.006173,-0.003548,-0.046062,-0.31309,0.255099,0.387796
351,0.148484,-0.047947,0.342492,-0.556124,0.366975,-0.745722,-0.530202,-0.847575,-0.02177,-0.639359,0.382816,0.666858,9.4e-05,0.000731,0.000761,0.001309,-0.102499,0.171618,0.444357,-0.174561,-0.032678,0.343928,-0.889619,0.334531,0.310901,-0.251031,-0.926779,0.27928,0.382683,0.169994,0.90803,0.016312,-0.01836,0.019246,0.276439,0.678637,-0.308429,-1.404732,0.040242,0.028122,-0.009638,0.78011,-0.36455,0.508458,0.291637,0.930891,0.219973,-0.553511,-0.023318,0.832515,0.008151,-0.00909,0.009704,0.306994,0.72423,-0.342588,-0.915368,0.075541,0.014286,-0.053791,0.64101,-0.263693,-0.720812,0.39432,0.918858,0.014521,0.658495,-0.293539,0.692977,4.7e-05,0.000357,0.000373,0.016074,-0.064929,0.191815,0.406248
352,0.14853,-0.047881,0.342426,-0.557055,0.366636,-0.745194,-0.530725,-0.847287,-0.020204,-0.638114,0.383777,0.667498,1e-06,1.1e-05,1.1e-05,-7.2e-05,-0.000257,-0.000119,0.444748,-0.17424,-0.033237,0.34444,-0.878275,0.352209,0.323379,-0.26957,-0.923217,0.273745,0.396069,0.152816,0.90534,0.017124,-0.029853,0.027289,1.710744,1.586928,4.946734,-1.404588,0.040396,0.027858,-0.009388,0.767483,-0.374499,0.520307,0.305254,0.927194,0.217095,-0.563728,-0.00779,0.825923,0.008555,-0.01478,0.013779,-0.001006,0.214068,-0.13022,-0.915042,0.075564,0.01432,-0.053823,0.641985,-0.263464,-0.720028,0.394856,0.918604,0.015933,0.657223,-0.294536,0.693761,6e-06,0.005079,-0.004693,0.037856,-0.005838,0.025688,0.408697
353,0.148539,-0.047714,0.342226,-0.56326,0.349427,-0.748788,-0.509756,-0.860114,-0.017995,-0.649636,0.371124,0.663525,-4e-06,0.010057,-0.009486,-0.007048,-0.283473,-0.137027,0.460461,-0.173246,-0.03466,0.345487,-0.867698,0.350544,0.352437,-0.266979,-0.926613,0.264661,0.420437,0.13512,0.897128,0.031756,-0.034007,0.022126,-0.106631,0.24078,-0.377244,-1.404587,0.040888,0.027154,-0.008856,0.749463,-0.373605,0.546556,0.309968,0.927499,0.20896,-0.584999,0.012807,0.810932,0.016269,-0.022688,0.015132,-0.042446,0.394187,-0.501797,-0.920267,0.075568,0.014398,-0.053921,0.64609,-0.246208,-0.722459,0.372308,0.927958,0.016713,0.666297,-0.279776,0.69121,-8e-06,-9.9e-05,-0.000104,-0.024867,-0.439317,-0.294085,0.418005
354,0.148741,-0.047427,0.34206,-0.564168,0.339501,-0.752661,-0.499209,-0.866305,-0.016643,-0.656989,0.365919,0.659163,0.015503,0.00157,0.001624,-0.04648,-0.185043,-0.04955,0.468102,-0.171985,-0.03601,0.346323,-0.860467,0.35461,0.36584,-0.267396,-0.925416,0.268399,0.434812,0.132688,0.890615,0.031868,-0.033602,0.022487,0.412592,0.662517,1.148971,-1.401141,0.041519,0.026474,-0.008443,0.740437,-0.373923,0.55851,0.30801,0.927343,0.212517,-0.597395,0.014671,0.801812,0.008101,-0.01225,0.00676,1.850174,1.798864,4.374635,-0.913245,0.075663,0.014542,-0.054012,0.64525,-0.235608,-0.726732,0.360802,0.932467,0.018041,0.673404,-0.273847,0.686683,0.000208,0.006655,-0.003055,-0.029581,-0.248892,-0.056335,0.438579
355,0.14885,-0.04731,0.342048,-0.562743,0.337742,-0.754517,-0.499048,-0.866416,-0.015695,-0.658333,0.367283,0.65706,0.000364,0.012981,-0.006447,-0.088136,-0.45709,-0.188009,0.462084,-0.171707,-0.036494,0.346653,-0.860285,0.353671,0.367176,-0.265313,-0.925505,0.270155,0.43645,0.134558,0.889533,0.016371,-0.022121,0.015673,-0.096544,0.176127,-0.365431,-1.400595,0.041663,0.026225,-0.008278,0.739426,-0.37424,0.559636,0.307226,0.927232,0.214132,-0.599049,0.0136,0.800596,0.000819,-0.011459,0.008069,-0.083446,0.189052,-0.407378,-0.916348,0.075724,0.014598,-0.054014,0.644656,-0.235418,-0.727321,0.36079,0.932474,0.017962,0.673979,-0.273989,0.686061,0.000214,0.001655,0.001716,-0.138961,-0.515589,-0.208001,0.43809
