frame,MLTx,MLTy,MLTz,MLTR1,MLTR2,MLTR3,MLTR4,MLTR5,MLTR6,MLTR7,MLTR8,MLTR9,MLTTVx,MLTTVy,MLTTVz,MLTRVx,MLTRVy,MLTRVz,MLGA,MRTx,MRTy,MRTz,MRTR1,MRTR2,MRTR3,MRTR4,MRTR5,MRTR6,MRTR7,MRTR8,MRTR9,MRTTVx,MRTTVy,MRTTVz,MRTRVx,MRTRVy,MRTRVz,MRGA,SLTx,SLTy,SLTz,SLTR1,SLTR2,SLTR3,SLTR4,SLTR5,SLTR6,SLTR7,SLTR8,SLTR9,SLTTVx,SLTTVy,SLTTVz,SLTRVx,SLTRVy,SLTRVz,SLGA,SRTx,SRTy,SRTz,SRTR1,SRTR2,SRTR3,SRTR4,SRTR5,SRTR6,SRTR7,SRTR8,SRTR9,SRTTVx,SRTTVy,SRTTVz,SRTRVx,SRTRVy,SRTRVz,SRGA
1220,0.081307,0.034174,0.403342,-0.232693,0.643693,-0.729081,-0.881487,-0.456262,-0.121564,-0.41062,0.613586,0.674485,6.4e-05,0.000191,0.0001,0.0,0.0,0.0,-0.69201,-0.064022,0.076653,0.388283,0.24453,0.965289,0.091731,-0.967744,0.248897,-0.038158,-0.059956,-0.080665,0.994868,-0.001647,0.015233,-0.033618,0.465583,0.783738,0.048722,-1.406165,0.058846,0.05678,0.009666,-0.240781,-0.96418,0.111268,0.964934,-0.250149,-0.079539,0.104523,0.088214,0.990602,-0.006297,0.006116,-0.017244,1.582421,2.340739,-0.001537,-0.874709,0.078647,0.04195,-0.042182,-0.263624,0.687692,-0.676446,-0.872314,-0.469313,-0.137158,-0.411788,0.553916,0.723606,3.4e-05,0.0001,5.1e-05,-7.1e-05,-1.4e-05,7.1e-05,-0.725682
1221,0.081362,0.034131,0.403395,-0.232598,0.643744,-0.729066,-0.881584,-0.456085,-0.121526,-0.410466,0.613664,0.674508,0.000145,0.000434,0.000227,0.0,0.0,0.0,-0.692023,-0.064322,0.077219,0.386911,0.268764,0.954432,0.129681,-0.959734,0.276793,-0.047224,-0.081288,-0.112977,0.990198,-0.001428,0.014646,-0.033863,1.304848,2.461061,0.252506,-1.406526,0.058696,0.057064,0.00898,-0.263084,-0.953351,0.148012,0.95668,-0.277618,-0.087693,0.124693,0.11853,0.985089,-0.00615,0.005721,-0.017382,-0.318907,0.203295,0.375311,-0.872912,0.078674,0.041928,-0.042156,-0.263528,0.687746,-0.67643,-0.872416,-0.469139,-0.137105,-0.411633,0.553997,0.723632,0.006024,-0.001225,-0.000803,0.00094,-0.014709,0.029605,-0.725682
1222,0.081429,0.034117,0.403474,-0.232414,0.643815,-0.729062,-0.881709,-0.455839,-0.121536,-0.4103,0.613772,0.67451,-0.000167,-0.007512,0.010755,-0.033437,0.006039,0.010319,-0.692224,-0.064608,0.07755,0.385624,0.276779,0.94792,0.157588,-0.956137,0.288044,-0.052602,-0.095585,-0.137318,0.985835,0.001634,0.002955,-0.02583,1.370059,2.501286,-0.031003,-1.406407,0.058552,0.057235,0.008324,-0.269895,-0.946262,0.17817,0.952646,-0.289331,-0.093552,0.140075,0.144484,0.979542,0.000841,0.001457,-0.012946,1.379667,2.46692,-0.038753,-0.875689,0.078707,0.041921,-0.042122,-0.263349,0.687815,-0.676429,-0.872537,-0.468913,-0.137108,-0.411492,0.554102,0.723632,0.000216,0.000652,0.00034,-2.2e-05,-1.5e-05,3.1e-05,-0.725682
1223,0.081474,0.034115,0.403516,-0.232277,0.643856,-0.729069,-0.881781,-0.45569,-0.121572,-0.410224,0.613839,0.674496,0.000592,0.00178,0.000929,0.0,0.0,0.0,-0.692073,-0.064736,0.07764,0.385083,0.283667,0.942335,0.177562,-0.952142,0.298786,-0.06392,-0.113626,-0.152126,0.981738,0.001052,0.004477,-0.025108,1.500909,0.368845,5.577025,-1.406651,0.058489,0.057275,0.008061,-0.270246,-0.942138,0.198346,0.94992,-0.294486,-0.104541,0.156902,0.160161,0.97454,-0.005007,0.000882,-0.012919,1.683146,2.480168,0.018243,-0.876342,0.07873,0.041922,-0.0421,-0.263191,0.687865,-0.67644,-0.872618,-0.46875,-0.137146,-0.41142,0.554178,0.723615,0.000439,0.001322,0.000689,-2.8e-05,-1.4e-05,1.4e-05,-0.725682
1224,0.081608,0.034133,0.4036,-0.231828,0.643959,-0.729121,-0.881949,-0.455309,-0.121781,-0.410118,0.614014,0.674402,0.000928,0.002793,0.001456,0.0,0.0,0.0,-0.6923,-0.065052,0.07758,0.384206,0.294825,0.93113,0.21463,-0.945224,0.317134,-0.076888,-0.140011,-0.181384,0.973324,-0.020779,-0.002023,-0.027024,0.144959,0.813388,0.41357,-1.407114,0.058331,0.057248,0.007614,-0.284835,-0.929146,0.235701,0.940512,-0.318397,-0.118571,0.185217,0.187906,0.964564,-0.010395,-0.000958,-0.013482,0.068607,0.936124,0.448302,-0.885159,0.078796,0.041927,-0.042055,-0.262761,0.687986,-0.676484,-0.872808,-0.468353,-0.137298,-0.411293,0.554365,0.723544,0.006479,0.000158,-8.2e-05,0.001999,-0.027053,0.055601,-0.725519
1225,0.081774,0.034166,0.403679,-0.231393,0.644053,-0.729176,-0.882103,-0.454954,-0.121995,-0.410033,0.614178,0.674304,0.000892,0.002691,0.001401,0.0,0.0,0.0,-0.693594,-0.065384,0.077113,0.383629,0.297578,0.924179,0.23944,-0.941375,0.325814,-0.087134,-0.158895,-0.200644,0.966622,-0.005311,-0.01815,-0.008207,0.415919,0.662605,0.08689,-1.406806,0.058168,0.057019,0.007328,-0.28683,-0.92181,0.260756,0.936348,-0.327285,-0.127025,0.202435,0.207724,0.957011,-0.002522,-0.009412,-0.004286,1.431756,2.398237,-0.226506,-0.890548,0.07888,0.041945,-0.042014,-0.262329,0.688095,-0.676541,-0.872975,-0.467987,-0.137483,-0.411213,0.554538,0.723457,0.006479,0.000172,-7.7e-05,0.000982,-0.014718,0.029569,-0.725682
1226,0.081981,0.034254,0.403753,-0.230877,0.644141,-0.729262,-0.882239,-0.454606,-0.122308,-0.410031,0.614343,0.674155,0.013019,0.000538,-5e-05,0.000984,-0.014715,0.029553,-0.694499,-0.065647,0.076379,0.38331,0.301621,0.914829,0.268523,-0.934857,0.339108,-0.104791,-0.187284,-0.220581,0.957148,-0.005578,-0.017561,-0.00796,0.3987,0.9314,-0.443915,-1.406641,0.058037,0.056664,0.007168,-0.290579,-0.912549,0.28778,0.929007,-0.341086,-0.143541,0.229146,0.22564,0.946877,-0.002829,-0.008659,-0.003909,-0.027067,0.111364,-0.227767,-0.894467,0.078979,0.041989,-0.041977,-0.261841,0.688198,-0.676624,-0.873121,-0.467635,-0.137752,-0.411214,0.554706,0.723327,0.000709,0.002142,0.00111,3e-06,3e-06,1.2e-05,-0.726009
1227,0.08209,0.034308,0.403801,-0.234396,0.642817,-0.729308,-0.879614,-0.45962,-0.122481,-0.413653,0.612,0.674073,0.001472,0.004454,0.002314,0.0,0.0,-0.0,-0.69472,-0.06578,0.075991,0.383185,0.302726,0.911365,0.27886,-0.93248,0.34374,-0.110708,-0.197111,-0.22767,0.953507,-0.002805,-0.028623,0.000305,-0.0669,0.244992,-0.44847,-1.406473,0.057967,0.056453,0.007104,-0.289955,-0.908598,0.300624,0.926212,-0.345495,-0.150874,0.240948,0.234695,0.941733,-0.001423,-0.01425,0.000193,-0.076554,0.229739,-0.448848,-0.893487,0.079037,0.042014,-0.041954,-0.265315,0.686788,-0.676705,-0.870373,-0.472557,-0.138352,-0.4148,0.552279,0.723138,0.000878,0.002656,0.001376,0.000434,-0.012177,0.025797,-0.726336
1228,0.082336,0.034451,0.403914,-0.233805,0.642925,-0.729403,-0.879778,-0.459211,-0.122832,-0.413639,0.612193,0.673906,0.013925,0.003334,0.001393,0.002008,-0.027044,0.055582,-0.69514,-0.066059,0.075321,0.382874,0.312748,0.900452,0.30227,-0.923452,0.362759,-0.124804,-0.222404,-0.241238,0.944565,-0.006045,-0.016484,-0.007483,0.452146,0.13107,0.968791,-1.406609,0.057831,0.056123,0.00695,-0.297782,-0.89792,0.324135,0.917015,-0.363431,-0.164319,0.265346,0.248306,0.93163,-0.003211,-0.007531,-0.003439,1.605598,-0.284827,4.471268,-0.895773,0.079155,0.042084,-0.041898,-0.264772,0.68691,-0.676793,-0.870548,-0.47215,-0.138636,-0.414778,0.552474,0.723,0.00096,0.002916,0.001507,-9.3e-05,-2.4e-05,9.2e-05,-0.727152
1229,0.08257,0.034624,0.404086,-0.233203,0.643057,-0.729479,-0.879989,-0.458725,-0.123133,-0.41353,0.612418,0.673769,0.002481,0.00754,0.003896,0.001025,-0.012324,0.026031,-0.696287,-0.066407,0.074849,0.382608,0.32099,0.883018,0.342396,-0.91242,0.385257,-0.137841,-0.254008,-0.269281,0.928887,-0.018774,-0.015179,-0.006179,-0.529059,0.886088,-0.361992,-1.406408,0.057656,0.055877,0.006812,-0.304898,-0.880268,0.363544,0.90464,-0.387027,-0.178425,0.297764,0.274475,0.91433,-0.009462,-0.007398,-0.002987,-0.510407,0.851861,-0.376817,-0.892671,0.079277,0.042172,-0.041811,-0.264127,0.687073,-0.676879,-0.87079,-0.471618,-0.138926,-0.414681,0.552726,0.722863,0.001253,0.00382,0.001971,0.000963,-0.012332,0.026098,-0.728458
1230,0.08268,0.034713,0.404218,-0.232991,0.643131,-0.729481,-0.880122,-0.458464,-0.123162,-0.413368,0.612535,0.673762,0.002637,0.008023,0.004139,0.0,0.0,0.0,-0.696533,-0.06664,0.074649,0.382485,0.319505,0.876559,0.359934,-0.909315,0.390499,-0.143497,-0.266717,-0.282553,0.921352,-0.008157,-0.010932,-0.004754,0.221134,1.154033,-0.545472,-1.406096,0.057539,0.055778,0.006751,-0.30318,-0.87293,0.382196,0.901562,-0.392662,-0.181663,0.308653,0.289496,0.906048,-0.004137,-0.00532,-0.002294,0.285415,1.195812,-0.567541,-0.887446,0.079333,0.042218,-0.041745,-0.263916,0.687153,-0.67688,-0.87093,-0.471357,-0.138934,-0.414522,0.552849,0.722861,0.00136,0.004154,0.002139,-5.4e-05,-1.8e-05,4e-05,-0.728621
1231,0.082899,0.034841,0.404609,-0.236185,0.642,-0.729451,-0.877855,-0.462793,-0.123147,-0.416359,0.610467,0.673797,0.003284,0.010014,0.005144,0.001032,-0.012299,0.026043,-0.696002,-0.067192,0.074339,0.382256,0.319068,0.859889,0.398469,-0.901506,0.405099,-0.152041,-0.292536,-0.311797,0.903918,-0.020301,-0.011172,-0.004192,-0.095689,0.951787,-0.32972,-1.406061,0.057271,0.055627,0.006638,-0.301009,-0.856421,0.419447,0.893162,-0.407311,-0.19068,0.334147,0.317238,0.887526,-0.006248,0.002174,-0.005468,0.634947,1.311352,1.009814,-0.88222,0.079442,0.042281,-0.04155,-0.267091,0.685935,-0.676871,-0.86855,-0.475628,-0.13927,-0.41747,0.550699,0.722805,0.001658,0.005078,0.002606,0.000821,-0.012306,0.026135,-0.728458
1232,0.083162,0.034843,0.405119,-0.239172,0.640977,-0.729377,-0.875802,-0.466699,-0.123022,-0.418964,0.608568,0.6739,0.002445,0.000459,0.014822,-0.033465,0.005954,0.010277,-0.696258,-0.06777,0.074191,0.382033,0.32517,0.845096,0.424345,-0.891554,0.423586,-0.160128,-0.315456,-0.327324,0.890623,-0.012429,0.00418,-0.011019,1.258648,2.92375,-0.889853,-1.406221,0.056978,0.05555,0.00653,-0.307243,-0.842156,0.44314,0.883074,-0.425855,-0.197045,0.354656,0.330785,0.874528,-0.010665,-0.004208,-0.001397,-0.452703,0.764585,-0.479699,-0.875199,0.079573,0.042283,-0.0413,-0.270063,0.684822,-0.676818,-0.866381,-0.479508,-0.139477,-0.420057,0.548716,0.722814,0.007162,-0.001129,0.006535,-0.032931,-0.008711,0.03988,-0.728295
1233,0.083474,0.034758,0.405714,-0.242307,0.639976,-0.729221,-0.873837,-0.470476,-0.12261,-0.421255,0.606713,0.674144,0.013155,-0.012858,0.022236,0.295698,0.070384,-0.31129,-0.695751,-0.068529,0.074123,0.381726,0.33502,0.828619,0.448491,-0.880261,0.445023,-0.164406,-0.336216,-0.340756,0.877899,-0.023703,0.001669,-0.011575,-0.19375,0.596517,-0.40965,-1.406343,0.056611,0.055517,0.006382,-0.315531,-0.82423,0.470194,0.871145,-0.448067,-0.200848,0.376224,0.346234,0.859404,-0.010459,-0.004781,-0.001683,0.216906,1.355424,-0.398964,-0.876178,0.079726,0.042247,-0.041004,-0.272836,0.683862,-0.676677,-0.86456,-0.482819,-0.139355,-0.422013,0.547008,0.72297,0.001144,3e-05,0.007298,1.197173,0.208667,-1.111435,-0.728458
1234,0.083684,0.034687,0.406,-0.241789,0.640222,-0.729177,-0.874288,-0.469658,-0.122529,-0.420617,0.607087,0.674206,0.014107,-0.002888,0.012735,-0.032488,-0.008782,0.03982,-0.696321,-0.068937,0.074081,0.381565,0.338124,0.821253,0.459572,-0.876424,0.452708,-0.163919,-0.343072,-0.348392,0.872231,-0.021059,-0.009153,-0.003183,-0.30417,0.573542,-0.412814,-1.406053,0.056397,0.055501,0.006294,-0.317489,-0.816756,0.481778,0.867451,-0.455388,-0.200373,0.383052,0.354303,0.853076,-0.011725,0.00049,-0.005943,-0.342222,0.63691,-0.343771,-0.875689,0.07983,0.042208,-0.040858,-0.272683,0.68398,-0.676619,-0.864778,-0.482472,-0.139208,-0.421666,0.547166,0.723053,0.007041,-0.001456,0.006355,-0.032903,-0.008747,0.039936,-0.728295
1235,0.084146,0.034494,0.406556,-0.244499,0.639284,-0.729096,-0.872422,-0.473153,-0.122379,-0.422913,0.605362,0.674321,0.013985,-0.003217,0.012557,-0.032496,-0.008808,0.039807,-0.696823,-0.06985,0.074036,0.381175,0.345636,0.805659,0.481084,-0.867632,0.469674,-0.16296,-0.357653,-0.362096,0.860717,-0.023787,0.001954,-0.011421,-0.226328,0.543207,-0.395385,-1.40572,0.055942,0.055474,0.006101,-0.323976,-0.800873,0.503627,0.858759,-0.472307,-0.198639,0.396952,0.36814,0.840774,-0.011834,0.000813,-0.005773,-0.244366,0.477379,-0.168659,-0.872913,0.080066,0.04211,-0.040575,-0.275343,0.682977,-0.676555,-0.862839,-0.485891,-0.139348,-0.423904,0.54539,0.723086,0.006984,-0.001601,0.006274,-0.033182,-0.008711,0.039785,-0.728295
1236,0.084651,0.034315,0.407062,-0.243269,0.644016,-0.725334,-0.873166,-0.470985,-0.125406,-0.42209,0.602027,0.677813,0.013819,-0.00368,0.012313,0.035024,0.185601,0.127209,-0.696509,-0.070858,0.07405,0.380747,0.353602,0.789631,0.501438,-0.856436,0.488877,-0.165682,-0.37639,-0.371861,0.848477,-0.023891,0.002298,-0.01124,-0.25779,0.503231,-0.185454,-1.405804,0.055438,0.055481,0.005887,-0.330734,-0.785085,0.523694,0.847405,-0.491291,-0.201337,0.415353,0.377192,0.827772,-0.011896,0.001008,-0.005674,-0.351889,0.609507,-0.075722,-0.873239,0.080314,0.042022,-0.040326,-0.274146,0.687156,-0.6728,-0.863706,-0.483586,-0.14197,-0.422913,0.542181,0.726074,0.006872,-0.001934,0.0061,0.06646,0.281026,0.172365,-0.728132
1237,0.084919,0.034238,0.407299,-0.242658,0.64636,-0.723451,-0.873513,-0.469931,-0.126937,-0.421725,0.600336,0.679538,0.013765,-0.003822,0.012237,0.017081,0.134337,0.104043,-0.696872,-0.071434,0.074078,0.380496,0.350343,0.786973,0.507864,-0.856823,0.488305,-0.16537,-0.37855,-0.378207,0.844703,-0.03486,-0.001005,-0.012188,-0.140388,0.391091,-0.31093,-1.405892,0.055163,0.055496,0.005767,-0.327599,-0.781928,0.530345,0.847814,-0.491027,-0.200256,0.417,0.384031,0.82379,-0.017313,-0.000825,-0.006237,-0.194972,0.447591,-0.276018,-0.8703,0.080448,0.041983,-0.040208,-0.273562,0.68971,-0.67042,-0.864104,-0.482374,-0.143658,-0.422476,0.540014,0.727941,0.006836,-0.002027,0.006052,0.028857,0.168855,0.119888,-0.728132
1238,0.085498,0.034158,0.4077,-0.244831,0.645412,-0.723565,-0.871551,-0.473419,-0.127453,-0.424512,0.598616,0.67932,0.013946,-0.003196,0.012539,-0.032512,-0.00886,0.03978,-0.696815,-0.072564,0.074196,0.379971,0.357105,0.777563,0.517556,-0.849767,0.500484,-0.165367,-0.388036,-0.381729,0.838793,-0.023512,0.001321,-0.011711,0.003513,0.214163,-0.04386,-1.406018,0.054583,0.055557,0.005502,-0.333284,-0.772551,0.540449,0.841018,-0.502699,-0.199951,0.426156,0.387887,0.817272,-0.017462,-0.000353,-0.005991,0.168778,0.257219,0.073584,-0.867524,0.080737,0.041942,-0.040008,-0.275742,0.688692,-0.670573,-0.862048,-0.485803,-0.144452,-0.42525,0.538235,0.727643,0.007433,0.00339,0.001502,0.000795,-0.029453,0.054564,-0.728621
1239,0.086118,0.034169,0.407981,-0.246848,0.644404,-0.723778,-0.869435,-0.477068,-0.128297,-0.427668,0.596806,0.678933,0.014445,0.005502,0.002363,0.002084,-0.026781,0.055702,-0.697327,-0.073858,0.074321,0.379338,0.358795,0.771077,0.52602,-0.846771,0.506001,-0.163936,-0.393001,-0.387573,0.833787,-0.034213,-0.002688,-0.013001,-0.12978,0.224099,0.057117,-1.405997,0.053954,0.055619,0.005193,-0.334627,-0.766478,0.548211,0.837917,-0.508197,-0.19907,0.431183,0.392742,0.812302,-0.017156,-0.001185,-0.006401,-0.230437,0.357795,0.192209,-0.868014,0.081042,0.041944,-0.039863,-0.277803,0.687619,-0.670823,-0.859855,-0.489358,-0.145525,-0.428339,0.536383,0.727198,0.012554,-0.003984,0.004866,-0.033179,-0.011607,0.043309,-0.728948
1240,0.086422,0.034214,0.408082,-0.24611,0.64457,-0.723882,-0.869687,-0.476505,-0.128688,-0.427583,0.597076,0.678749,0.014649,0.00619,0.002699,-0.00551,0.056461,-0.124771,-0.697217,-0.074488,0.074383,0.378994,0.360758,0.768157,0.528942,-0.84462,0.509621,-0.16382,-0.395828,-0.388625,0.831958,-0.033955,-0.003408,-0.013354,-0.101648,0.273996,-0.150567,-1.405951,0.053625,0.055653,0.005014,-0.336454,-0.763204,0.55165,0.835837,-0.511874,-0.198393,0.43379,0.39434,0.810137,-0.018076,0.003218,-0.01107,-0.087462,0.226055,0.045278,-0.869157,0.081189,0.041965,-0.039814,-0.276948,0.687841,-0.67095,-0.860162,-0.488692,-0.145947,-0.428276,0.536706,0.726997,0.007249,0.002867,0.001226,0.001806,-0.026835,0.055956,-0.729111
1241,0.086985,0.034393,0.408231,-0.2449,0.644805,-0.724083,-0.870026,-0.475687,-0.129417,-0.427589,0.597474,0.678396,0.014666,0.006337,0.002756,-0.005512,0.056432,-0.124785,-0.69714,-0.075786,0.074501,0.378256,0.357178,0.76747,0.532357,-0.845332,0.508045,-0.16504,-0.397549,-0.392038,0.829532,-0.025142,0.009658,-0.021247,0.063771,0.030026,-0.010707,-1.405911,0.052985,0.055709,0.004653,-0.332571,-0.762404,0.555099,0.836634,-0.510163,-0.199442,0.435247,0.398087,0.807518,-0.017961,0.00294,-0.011195,0.075475,0.028225,-0.053998,-0.870627,0.081474,0.042054,-0.03974,-0.275716,0.68813,-0.67116,-0.860548,-0.487808,-0.146624,-0.428294,0.53714,0.726665,0.007269,0.00297,0.001273,0.00192,-0.026803,0.055887,-0.728948
1242,0.087478,0.034627,0.408345,-0.247476,0.643563,-0.724312,-0.867473,-0.480099,-0.130259,-0.431271,0.595283,0.67799,0.014658,0.006401,0.002772,0.002084,-0.02677,0.055707,-0.69708,-0.076982,0.074444,0.377561,0.359215,0.764422,0.535364,-0.842764,0.512127,-0.165556,-0.401156,-0.39268,0.82749,-0.032491,-0.007732,-0.015505,0.026461,0.05884,-0.089348,-1.405786,0.052377,0.055688,0.004299,-0.334421,-0.759403,0.558094,0.834017,-0.514229,-0.199956,0.438836,0.398591,0.805324,-0.016231,-0.003876,-0.007737,0.03298,0.050702,-0.096034,-0.872423,0.081726,0.042173,-0.039682,-0.278371,0.686814,-0.671412,-0.857876,-0.492152,-0.147762,-0.431922,0.534856,0.726202,0.007303,0.003126,0.001342,0.001719,-0.026766,0.055849,-0.728785
1243,0.087913,0.034877,0.4085,-0.246536,0.643745,-0.724471,-0.867722,-0.479488,-0.130849,-0.43131,0.595579,0.677706,0.002931,0.009425,0.004652,0.0011,-0.012052,0.026155,-0.696879,-0.078114,0.074226,0.376877,0.359043,0.762521,0.538182,-0.839694,0.515642,-0.170177,-0.407699,-0.39177,0.824718,-0.031817,-0.009872,-0.016586,0.024809,0.072675,-0.114583,-1.405998,0.051819,0.055577,0.003967,-0.334127,-0.757534,0.560803,0.830735,-0.517765,-0.204446,0.445239,0.397568,0.802309,-0.015829,-0.005144,-0.008378,0.025577,0.056365,-0.089455,-0.871116,0.081948,0.042297,-0.039605,-0.277408,0.687039,-0.671581,-0.858164,-0.491483,-0.148316,-0.43197,0.535183,0.725934,0.007334,0.003271,0.001406,0.001932,-0.026818,0.055872,-0.728458
1244,0.088108,0.034996,0.408597,-0.249955,0.642362,-0.724527,-0.864999,-0.484326,-0.131058,-0.434791,0.593156,0.677606,0.003052,0.009832,0.004844,0.361471,0.053137,-0.310877,-0.697068,-0.078614,0.074116,0.376556,0.357663,0.762809,0.538692,-0.83987,0.514962,-0.171364,-0.408549,-0.392104,0.824139,-0.020982,-0.006221,-0.015468,0.029078,0.042899,-0.060573,-1.405961,0.051557,0.055521,0.003796,-0.332671,-0.757833,0.561264,0.830856,-0.517072,-0.205701,0.446101,0.3979,0.801666,-0.01594,-0.00484,-0.008227,0.026734,0.057884,-0.089844,-0.868504,0.082046,0.042355,-0.039557,-0.280456,0.685713,-0.671669,-0.855589,-0.495779,-0.148894,-0.435098,0.532915,0.725733,0.007408,0.003533,0.00153,1.224864,0.189713,-1.072047,-0.728132
1245,0.088443,0.035187,0.408877,-0.249444,0.642543,-0.724542,-0.865323,-0.483725,-0.131141,-0.434441,0.59345,0.677573,0.002232,0.000148,0.014496,-0.033567,0.005635,0.010121,-0.697295,-0.07966,0.07388,0.375848,0.355151,0.761905,0.541627,-0.840397,0.513977,-0.171739,-0.409654,-0.395149,0.822133,-0.02057,-0.007599,-0.016178,0.010597,0.064287,-0.046278,-1.405731,0.051034,0.055404,0.003442,-0.330083,-0.756716,0.564292,0.831385,-0.51616,-0.205853,0.447037,0.401196,0.799498,-0.015722,-0.00558,-0.008609,0.021173,0.075077,-0.116632,-0.873566,0.082214,0.042455,-0.039415,-0.280271,0.685772,-0.671686,-0.85567,-0.495616,-0.148968,-0.435057,0.532991,0.725703,0.001123,0.00011,0.00726,-0.033776,0.005595,0.010297,-0.728295
1246,0.088737,0.035273,0.409247,-0.248824,0.642814,-0.724515,-0.865823,-0.482838,-0.131109,-0.4338,0.593878,0.677609,0.001641,-0.001747,0.013555,-0.034681,0.017638,-0.016057,-0.696879,-0.080714,0.073624,0.375068,0.355029,0.758573,0.546363,-0.837501,0.517774,-0.174457,-0.415652,-0.3966,0.818416,-0.03353,-0.001669,-0.026222,-0.091982,0.248135,0.027164,-1.405634,0.050511,0.055274,0.003056,-0.329671,-0.753898,0.56829,0.828227,-0.519876,-0.209209,0.453163,0.401703,0.795787,-0.010166,-0.004207,-0.008285,-0.210267,0.319647,0.138281,-0.875199,0.082362,0.042503,-0.039233,-0.279635,0.686059,-0.671659,-0.856189,-0.494744,-0.14889,-0.434447,0.533433,0.725744,0.007365,0.003467,0.00148,0.001967,-0.026774,0.055846,-0.727968
1247,0.088918,0.035266,0.409454,-0.25223,0.641505,-0.724497,-0.863274,-0.487387,-0.131085,-0.436897,0.591577,0.677632,0.01457,0.00641,0.002707,0.002099,-0.026717,0.055728,-0.697655,-0.081261,0.073467,0.374675,0.356002,0.756464,0.548649,-0.834233,0.521836,-0.177976,-0.42136,-0.395296,0.816125,-0.03076,-0.013654,-0.018554,0.022261,0.0756,-0.112592,-1.405797,0.050237,0.055201,0.002857,-0.330594,-0.751267,0.57123,0.824907,-0.524072,-0.211839,0.458514,0.401179,0.792981,-0.016675,-0.001116,-0.013237,0.068296,0.040258,-0.07653,-0.873892,0.082447,0.042493,-0.039127,-0.283076,0.684649,-0.671656,-0.853515,-0.499253,-0.149189,-0.437469,0.531037,0.725685,0.006797,-0.001899,0.00606,-0.033467,-0.008877,0.03938,-0.727968
1248,0.089281,0.03519,0.409903,-0.25141,0.641891,-0.724441,-0.864,-0.486131,-0.130967,-0.435935,0.59219,0.677716,0.002577,0.008409,0.004087,0.001121,-0.011972,0.026191,-0.697402,-0.082459,0.073069,0.373905,0.355371,0.75187,0.555332,-0.831846,0.525364,-0.17877,-0.426585,-0.39937,0.811413,-0.02024,-0.009054,-0.016972,-0.02772,0.110754,-0.015311,-1.405823,0.049628,0.054992,0.002463,-0.329579,-0.746573,0.577932,0.82249,-0.527591,-0.2125,0.463559,0.405308,0.787932,-0.010101,-0.004556,-0.008479,-0.018928,0.088768,-0.028321,-0.875199,0.082633,0.042455,-0.038903,-0.282237,0.68506,-0.671591,-0.854282,-0.498002,-0.148976,-0.436512,0.531682,0.725789,0.006646,-0.00237,0.005825,-0.032757,-0.009149,0.039822,-0.728295
1249,0.089672,0.035105,0.410303,-0.254455,0.640743,-0.724394,-0.861775,-0.490093,-0.130859,-0.438558,0.590168,0.677787,0.013045,-0.005544,0.011268,-0.033732,0.0028,0.013438,-0.697917,-0.083608,0.072754,0.373204,0.356138,0.75062,0.556531,-0.829353,0.528315,-0.181635,-0.430785,-0.397821,0.809955,-0.032555,-0.008373,-0.015871,0.94987,-0.243451,1.252832,-1.406008,0.049075,0.054835,0.002121,-0.325905,-0.747577,0.578716,0.82299,-0.525596,-0.215489,0.465266,0.406049,0.786543,-0.016033,-0.004939,-0.008306,0.026026,0.070794,-0.115883,-0.874546,0.082825,0.04242,-0.038705,-0.285245,0.683828,-0.671575,-0.851945,-0.501917,-0.149218,-0.439115,0.529582,0.725754,0.007143,0.002824,0.001146,0.001812,-0.026677,0.055913,-0.728295
1250,0.090072,0.035104,0.410635,-0.253527,0.643199,-0.72254,-0.86231,-0.488698,-0.132538,-0.438045,0.58865,0.679437,0.014387,0.006001,0.002466,0.030775,0.060168,0.093972,-0.698333,-0.084665,0.072675,0.372582,0.353772,0.751104,0.557386,-0.829457,0.527346,-0.183961,-0.432528,-0.398195,0.80884,-0.033953,-0.003909,-0.013558,0.029458,0.04282,-0.065455,-1.405673,0.04854,0.054789,0.001802,-0.3279,-0.745976,0.579654,0.819871,-0.529543,-0.2177,0.469351,0.403859,0.785242,-0.011324,-0.000729,-0.006511,0.029215,0.042361,-0.060906,-0.871933,0.083024,0.042411,-0.038537,-0.284362,0.686282,-0.669443,-0.852568,-0.50038,-0.150819,-0.438481,0.527859,0.727391,0.000848,-0.000732,0.006824,-0.001961,0.100538,0.051613,-0.728785
1251,0.090269,0.035138,0.410764,-0.253001,0.643353,-0.722587,-0.862558,-0.488208,-0.132738,-0.437863,0.588888,0.679348,0.002466,0.008133,0.003921,0.001554,-0.010646,0.026774,-0.699022,-0.08515,0.072637,0.372337,0.352522,0.751385,0.557799,-0.829609,0.526733,-0.185028,-0.433256,-0.398477,0.808312,-0.022817,-0.000973,-0.012807,0.029259,0.042351,-0.060867,-1.405679,0.048283,0.054772,0.001677,-0.326576,-0.746269,0.580026,0.81998,-0.528911,-0.218824,0.470084,0.404147,0.784656,-0.011457,-0.000309,-0.006294,0.029195,0.042345,-0.060886,-0.873239,0.083127,0.042429,-0.038473,-0.283828,0.686436,-0.669512,-0.852828,-0.499888,-0.150982,-0.438321,0.528126,0.727294,0.007027,0.002485,0.000973,-0.001327,-0.037982,0.050427,-0.728785
1252,0.090676,0.035305,0.41095,-0.255535,0.642148,-0.722768,-0.860068,-0.492386,-0.133459,-0.441271,0.586726,0.679014,0.014066,0.005045,0.001986,0.000984,-0.014714,0.029553,-0.698826,-0.086067,0.072551,0.371899,0.346781,0.751137,0.561719,-0.828907,0.525695,-0.191029,-0.439192,-0.400315,0.80419,-0.023177,0.000201,-0.012194,0.031545,0.027457,-0.036298,-1.405743,0.047833,0.05473,0.001463,-0.320662,-0.745982,0.583682,0.818998,-0.527931,-0.224789,0.475833,0.405954,0.780245,-0.011481,-0.000233,-0.006252,0.026294,0.039035,-0.059634,-0.873566,0.083326,0.042514,-0.038378,-0.286343,0.685086,-0.669823,-0.850245,-0.503968,-0.151981,-0.44169,0.525996,0.726799,0.007251,0.003251,0.001335,0.001808,-0.026895,0.05585,-0.729112
1253,0.091133,0.035569,0.411074,-0.256637,0.642303,-0.72224,-0.860704,-0.491778,-0.131584,-0.439387,0.587065,0.679942,0.014612,0.006945,0.002882,0.002086,-0.026595,0.055741,-0.699285,-0.086903,0.072377,0.371536,0.343651,0.748522,0.567107,-0.824674,0.529433,-0.198865,-0.449506,-0.400283,0.798487,-0.020652,-0.011327,-0.004337,-0.004089,0.030411,-0.058491,-1.405507,0.047406,0.054646,0.001278,-0.31725,-0.743329,0.588909,0.814398,-0.531725,-0.232429,0.485909,0.405868,0.774056,-0.010305,-0.005715,-0.002181,-0.007475,0.026798,-0.057133,-0.874219,0.083554,0.042642,-0.038318,-0.287488,0.685169,-0.669248,-0.850865,-0.503517,-0.149992,-0.439748,0.526319,0.727742,0.007304,0.003471,0.001432,0.00609,-0.029431,0.059116,-0.728948
1254,0.091377,0.035693,0.411125,-0.259882,0.640878,-0.722345,-0.857903,-0.496547,-0.131967,-0.442937,0.584607,0.679756,0.002526,0.00843,0.004028,0.001215,-0.011892,0.026146,-0.699185,-0.087298,0.072212,0.371386,0.338733,0.748137,0.570562,-0.823985,0.528637,-0.203776,-0.454472,-0.402053,0.794777,-0.02017,-0.012997,-0.00521,-0.017657,0.15253,-0.25467,-1.405341,0.047208,0.054567,0.001205,-0.312143,-0.742914,0.592152,0.813473,-0.530968,-0.237344,0.490741,0.407615,0.770079,-0.010066,-0.006547,-0.002615,-0.024292,0.145344,-0.251882,-0.871933,0.083682,0.04271,-0.03829,-0.290629,0.683678,-0.669415,-0.847949,-0.508159,-0.150846,-0.4433,0.523791,0.72741,0.001248,0.004172,0.001986,0.000737,-0.011947,0.026221,-0.729275
1255,0.091904,0.035949,0.411231,-0.26205,0.64119,-0.721284,-0.859154,-0.49535,-0.128279,-0.439221,0.58528,0.681587,0.014485,0.006668,0.002725,0.001728,-0.026335,0.055413,-0.698997,-0.08809,0.07174,0.371109,0.332582,0.7456,0.577461,-0.819709,0.53134,-0.213749,-0.466591,-0.403202,0.787137,-0.019538,-0.015287,-0.006416,-0.00596,0.045696,-0.083248,-1.403594,0.046819,0.054338,0.00107,-0.305738,-0.740304,0.598727,0.808713,-0.533801,-0.247059,0.5025,0.408663,0.761897,-0.009744,-0.007715,-0.003233,-0.028036,0.141308,-0.250276,-0.869157,0.083939,0.042834,-0.038239,-0.292862,0.683848,-0.668268,-0.849158,-0.507277,-0.146968,-0.439501,0.524424,0.729257,0.00722,0.003258,0.00132,0.005609,-0.02906,0.058648,-0.729275
1256,0.092415,0.036211,0.411361,-0.266055,0.639964,-0.720906,-0.857055,-0.499296,-0.127008,-0.440903,0.583268,0.682225,0.014629,0.007254,0.002986,0.002598,-0.026181,0.054589,-0.69926,-0.088859,0.071111,0.370822,0.33156,0.741832,0.582877,-0.81312,0.538028,-0.222025,-0.478699,-0.40127,0.780827,-0.019066,-0.017114,-0.007392,-0.021843,0.147778,-0.252681,-1.402606,0.046434,0.054024,0.000927,-0.304637,-0.736453,0.604013,0.8017,-0.540663,-0.254871,0.514268,0.406594,0.755121,-0.009455,-0.008816,-0.003818,-0.010792,0.040022,-0.081234,-0.86883,0.084195,0.042964,-0.038174,-0.296828,0.682489,-0.667907,-0.846929,-0.511258,-0.146032,-0.441138,0.522324,0.729776,0.007315,0.003631,0.001487,0.00751,-0.027802,0.055249,-0.729765
1257,0.092906,0.036441,0.411529,-0.264407,0.640334,-0.721184,-0.857523,-0.498226,-0.128052,-0.440987,0.583776,0.681735,0.002083,-4.1e-05,0.014248,-0.033653,0.00536,0.009985,-0.699075,-0.089633,0.07046,0.370503,0.330618,0.738101,0.588124,-0.806284,0.544804,-0.230281,-0.490771,-0.398991,0.774476,-0.019152,-0.017057,-0.007385,-0.005629,0.044993,-0.08214,-1.401764,0.046048,0.053695,0.000765,-0.303322,-0.732718,0.609195,0.794528,-0.54741,-0.262804,0.526041,0.404309,0.748207,-0.009527,-0.00869,-0.003763,-0.007418,0.040466,-0.079083,-0.866544,0.084445,0.043082,-0.038094,-0.295112,0.682932,-0.668215,-0.847441,-0.510108,-0.147078,-0.441306,0.522869,0.729284,0.007298,0.003631,0.001477,0.00202,-0.026705,0.056031,-0.730254
1258,0.093141,0.036547,0.411625,-0.267752,0.64041,-0.719882,-0.858542,-0.497633,-0.123445,-0.436967,0.584198,0.683958,0.013764,-0.002653,0.01255,-1.825374,1.288002,-1.613099,-0.699271,-0.090009,0.070139,0.370334,0.325129,0.737953,0.591361,-0.805604,0.543658,-0.235312,-0.495529,-0.400827,0.770488,-0.019113,-0.017315,-0.007533,0.042131,0.097929,-0.10423,-1.401137,0.04586,0.053534,0.000681,-0.297693,-0.732555,0.61216,0.793627,-0.546296,-0.267798,0.530598,0.406106,0.744004,-0.0095,-0.008844,-0.003853,0.166073,0.233009,-0.158652,-0.867197,0.084558,0.043136,-0.038046,-0.296345,0.683,-0.6676,-0.848063,-0.509676,-0.14498,-0.439282,0.523202,0.730267,0.001457,0.004956,0.002327,0.002229,-0.01274,0.027352,-0.729928
1259,0.093572,0.036722,0.411864,-0.274008,0.639107,-0.718684,-0.85692,-0.501433,-0.119272,-0.436266,0.582377,0.685957,0.014537,0.007176,0.002905,0.002121,-0.0266,0.055783,-0.698958,-0.090789,0.069586,0.369939,0.324951,0.734066,0.596276,-0.798084,0.551144,-0.243383,-0.507674,-0.397718,0.764166,-0.032832,-0.008739,-0.016153,0.04196,0.072778,-0.096769,-1.397548,0.045476,0.053253,0.000486,-0.297257,-0.728618,0.617052,0.785728,-0.553846,-0.275472,0.542466,0.402949,0.73713,-0.004009,-0.007084,-0.003337,0.041513,0.079866,-0.074394,-0.868014,0.084773,0.04322,-0.037922,-0.304697,0.681272,-0.665602,-0.846583,-0.513925,-0.138479,-0.436412,0.521294,0.733346,0.007256,0.003556,0.00143,0.005454,-0.029,0.058794,-0.729928
1260,0.093986,0.036866,0.412175,-0.288123,0.637555,-0.714531,-0.856809,-0.504803,-0.105,-0.42729,0.581169,0.692599,0.013833,-0.002271,0.012697,1.159452,0.083037,-0.928087,-0.698975,-0.091616,0.06915,0.369502,0.318084,0.734294,0.599689,-0.797429,0.549355,-0.249502,-0.513022,-0.399773,0.759509,-0.0197,-0.015684,-0.00671,-0.006336,0.045303,-0.083058,-1.395175,0.045065,0.053039,0.000269,-0.290294,-0.728822,0.620118,0.784799,-0.55212,-0.28152,0.547558,0.404945,0.732256,-0.009858,-0.007788,-0.003312,-0.010066,0.0417,-0.081724,-0.862952,0.084981,0.043295,-0.037771,-0.317738,0.679561,-0.66124,-0.846993,-0.516887,-0.124214,-0.426198,0.520599,0.739818,0.007272,0.003749,0.001522,3.964732,0.541431,-3.761301,-0.729928
1261,0.094188,0.036937,0.412362,-0.290606,0.63783,-0.713279,-0.858041,-0.503566,-0.100788,-0.423115,0.581938,0.694514,0.014961,0.008767,0.003618,0.002127,-0.026573,0.055795,-0.697862,-0.092059,0.068917,0.369298,0.317076,0.732228,0.602741,-0.793163,0.553184,-0.254584,-0.520211,-0.398274,0.755394,-0.021889,-0.005056,-0.015039,0.029854,0.042131,-0.061384,-1.394879,0.044848,0.052925,0.000168,-0.28928,-0.726675,0.623104,0.780233,-0.556109,-0.286317,0.554574,0.403341,0.727848,-0.009797,-0.008065,-0.003465,-0.008833,0.042766,-0.08242,-0.85936,0.085076,0.043326,-0.03768,-0.321179,0.67917,-0.659978,-0.847248,-0.517428,-0.12016,-0.4231,0.520573,0.741612,0.007162,-0.000258,0.006749,-0.020279,-0.094514,0.224643,-0.729928
1262,0.094614,0.037029,0.412774,-0.293037,0.636952,-0.713069,-0.856668,-0.506045,-0.100052,-0.424217,0.58075,0.694836,0.013932,-0.001816,0.012883,-0.032699,-0.009455,0.039489,-0.698164,-0.093003,0.068304,0.368912,0.3124,0.728123,0.61011,-0.784082,0.560254,-0.266954,-0.536557,-0.395899,0.74514,-0.030558,-0.020405,-0.008437,0.535644,0.639075,-0.350837,-1.393097,0.044367,0.052619,-2.9e-05,-0.28463,-0.722674,0.629862,0.77089,-0.563106,-0.297722,0.569836,0.400814,0.71738,-0.015202,-0.010468,-0.00435,1.798347,1.983254,-0.906139,-0.857237,0.08529,0.043379,-0.037475,-0.32354,0.678215,-0.659806,-0.845783,-0.519925,-0.119696,-0.424229,0.519327,0.74184,0.001566,0.005431,0.002516,0.010177,-0.094471,0.208847,-0.729438
1263,0.095046,0.037057,0.413199,-0.295732,0.635631,-0.713134,-0.85441,-0.509824,-0.100173,-0.426886,0.578893,0.694751,0.013806,-0.002186,0.012697,-0.040678,0.072006,-0.141781,-0.698303,-0.094054,0.067592,0.368575,0.310113,0.722931,0.617408,-0.772037,0.5705,-0.280039,-0.555041,-0.390731,0.734249,-0.030807,-0.019865,-0.008169,1.798039,2.081234,-1.083503,-1.388651,0.043831,0.052254,-0.000202,-0.281924,-0.717445,0.637016,0.758278,-0.573398,-0.310205,0.58782,0.395582,0.705678,-0.015399,-0.009943,-0.004075,1.791619,2.075282,-1.082608,-0.852011,0.085517,0.043392,-0.037253,-0.326136,0.676855,-0.659925,-0.84347,-0.523565,-0.120152,-0.42684,0.517442,0.741661,0.006893,-0.001111,0.006332,-0.041561,0.072215,-0.141854,-0.729438
1264,0.095585,0.037024,0.413621,-0.295011,0.635977,-0.713125,-0.855105,-0.508694,-0.09999,-0.425995,0.579506,0.694787,0.013595,-0.002851,0.012377,-0.032716,-0.009513,0.039461,-0.698996,-0.095182,0.066839,0.368264,0.305768,0.720798,0.62205,-0.765189,0.574843,-0.289785,-0.566813,-0.38829,0.72651,-0.019781,-0.016329,-0.007129,0.002035,0.041434,-0.073289,-1.386933,0.043267,0.051876,-0.000358,-0.276817,-0.715185,0.64178,0.750718,-0.577862,-0.32015,0.599827,0.393173,0.696865,-0.009899,-0.008123,-0.00352,-0.002356,0.037038,-0.072089,-0.860013,0.085781,0.043377,-0.037046,-0.325444,0.67721,-0.659902,-0.844178,-0.522488,-0.119869,-0.425968,0.518064,0.741727,0.006759,-0.001539,0.006126,-0.04097,0.071729,-0.141647,-0.729764
1265,0.095881,0.037013,0.413818,-0.298175,0.634441,-0.713178,-0.852473,-0.513073,-0.100089,-0.42905,0.57733,0.694719,0.013467,-0.003263,0.012182,-0.029849,-0.009129,0.036652,-0.698871,-0.095752,0.066462,0.368119,0.300537,0.719455,0.626141,-0.76051,0.576978,-0.297749,-0.575835,-0.387611,0.719746,-0.031028,-0.019618,-0.008068,0.028401,0.213503,-0.300845,-1.384753,0.042981,0.051689,-0.00043,-0.27136,-0.713808,0.645632,0.745654,-0.580061,-0.327914,0.608574,0.392435,0.689659,-0.015505,-0.009834,-0.004028,0.023575,0.208839,-0.299543,-0.862789,0.085934,0.043371,-0.036943,-0.328546,0.675607,-0.660008,-0.841453,-0.526758,-0.120341,-0.428968,0.515829,0.741556,0.006708,-0.001702,0.00605,-0.031034,-0.008761,0.036258,-0.729764
1266,0.096572,0.037009,0.414162,-0.29889,0.634766,-0.712588,-0.853548,-0.511708,-0.097884,-0.426407,0.578181,0.695637,0.013647,-0.002544,0.012499,-0.032747,-0.009572,0.039418,-0.698855,-0.096936,0.065841,0.367847,0.296458,0.715758,0.632294,-0.753614,0.582035,-0.305343,-0.586911,-0.386889,0.711136,-0.032173,-0.015584,-0.005893,-0.008478,0.060707,-0.112174,-1.368556,0.04239,0.051374,-0.000568,-0.267032,-0.710044,0.65156,0.738454,-0.585171,-0.335052,0.619176,0.391678,0.680594,-0.01613,-0.007625,-0.002835,-0.009302,0.054056,-0.115376,-0.85838,0.086279,0.043367,-0.036772,-0.329284,0.675873,-0.659368,-0.842531,-0.525569,-0.117971,-0.426277,0.516692,0.742506,0.006817,-0.001279,0.006238,-0.029336,-0.011973,0.042517,-0.729928
1267,0.097375,0.03711,0.414357,-0.302525,0.633413,-0.712259,-0.851594,-0.515208,-0.096543,-0.427744,0.576559,0.696162,0.02613,0.005276,0.001417,-0.001242,-0.038094,0.081348,-0.699375,-0.098025,0.065428,0.367709,0.291576,0.71192,0.638862,-0.750901,0.584123,-0.30803,-0.592804,-0.390807,0.704072,-0.022239,-0.007444,-0.002328,-0.050488,0.177072,-0.198586,-1.352408,0.041855,0.051167,-0.000638,-0.262058,-0.70589,0.658061,0.735557,-0.587521,-0.337304,0.624724,0.395648,0.673187,-0.016816,-0.005045,-0.001435,-0.0361,0.070959,-0.073988,-0.852011,0.086671,0.043415,-0.036675,-0.332963,0.674383,-0.659047,-0.840441,-0.529152,-0.116858,-0.427543,0.514981,0.742968,0.007258,0.003916,0.001525,-0.008855,-0.018806,0.045647,-0.730091
1268,0.097787,0.037213,0.41442,-0.303316,0.633575,-0.711777,-0.852268,-0.514418,-0.09479,-0.425838,0.577084,0.696895,0.026535,0.00683,0.002115,-1.799323,1.205316,-1.559186,-0.698758,-0.098539,0.065277,0.367677,0.289909,0.70871,0.643175,-0.746714,0.587888,-0.311031,-0.59888,-0.390993,0.698807,-0.034103,-0.008289,-0.001928,0.091188,0.337154,-0.041822,-1.344289,0.04159,0.051089,-0.000655,-0.260049,-0.702941,0.662002,0.731213,-0.591122,-0.340442,0.630635,0.395533,0.667721,-0.017108,-0.003925,-0.000827,0.093078,0.360427,-0.03458,-0.853154,0.086886,0.043465,-0.036644,-0.333011,0.67459,-0.65881,-0.841048,-0.528394,-0.115922,-0.426311,0.515487,0.743324,0.013273,0.00344,0.001054,-1.798475,1.205085,-1.558648,-0.730091
1269,0.098666,0.037453,0.414495,-0.306305,0.632263,-0.711664,-0.850273,-0.517824,-0.09416,-0.427678,0.575479,0.697096,0.026085,0.005431,0.001462,0.003136,-0.041154,0.085407,-0.697721,-0.099518,0.06507,0.367629,0.286186,0.702416,0.65169,-0.738244,0.595242,-0.317202,-0.611051,-0.391215,0.688063,-0.022923,-0.004784,-0.000883,-0.142506,0.227552,0.073791,-1.327666,0.041108,0.050992,-0.000676,-0.256005,-0.696789,0.670034,0.722321,-0.598523,-0.346441,0.642427,0.395289,0.65653,-0.011498,-0.002256,-0.00035,-0.201548,0.302923,0.147873,-0.847439,0.087326,0.043589,-0.036605,-0.33661,0.673115,-0.658489,-0.839024,-0.531851,-0.114766,-0.427469,0.513857,0.743787,0.013041,0.002719,0.00072,0.005472,-0.042878,0.087743,-0.729601
1270,0.099608,0.037658,0.414561,-0.310973,0.630867,-0.710878,-0.848664,-0.520988,-0.091177,-0.4275,0.574157,0.698294,0.02592,0.005048,0.001273,0.003132,-0.041152,0.085406,-0.697111,-0.100438,0.064992,0.367623,0.28505,0.695201,0.659874,-0.732231,0.602215,-0.317974,-0.61877,-0.39342,0.679858,-0.023522,-0.002337,0.000445,-0.085473,0.22869,-0.164004,-1.31873,0.040639,0.050951,-0.000679,-0.25436,-0.688895,0.678766,0.716514,-0.605625,-0.346157,0.649544,0.398297,0.64765,-0.011795,-0.001045,0.000305,-0.071528,0.188845,-0.20109,-0.841561,0.087797,0.043692,-0.036572,-0.341235,0.671543,-0.657714,-0.837274,-0.535181,-0.11204,-0.427236,0.512455,0.744888,0.012957,0.002511,0.000614,0.005973,-0.043257,0.088232,-0.729112
1271,0.100642,0.037845,0.414604,-0.315377,0.629484,-0.710164,-0.847093,-0.524019,-0.088374,-0.427385,0.572919,0.699381,0.025951,0.005394,0.001414,0.002736,-0.04088,0.085039,-0.698734,-0.101237,0.064932,0.36766,0.281867,0.684802,0.672004,-0.721721,0.612862,-0.321643,-0.632431,-0.395204,0.666115,-0.023436,-0.00262,0.000288,-0.125092,0.290939,-0.118875,-1.312355,0.040248,0.050925,-0.000659,-0.250801,-0.678526,0.690434,0.705693,-0.616374,-0.349399,0.662642,0.399605,0.633418,-0.01176,-0.001152,0.000243,-0.14111,0.287565,-0.074054,-0.84597,0.088295,0.04378,-0.036552,-0.345742,0.669956,-0.656978,-0.835528,-0.538449,-0.10938,-0.42703,0.511106,0.745932,0.012975,0.002687,0.000687,0.003098,-0.041252,0.085383,-0.729438
1272,0.101164,0.037943,0.414627,-0.315691,0.62972,-0.709815,-0.847858,-0.523012,-0.086985,-0.425633,0.573577,0.69991,0.025941,0.005473,0.001442,0.003117,-0.041145,0.085398,-0.698404,-0.101623,0.064886,0.367664,0.279428,0.678896,0.678978,-0.713793,0.619872,-0.325872,-0.642433,-0.39445,0.656926,-0.02318,-0.003637,-0.000264,-0.105832,0.298157,-0.135367,-1.299272,0.040059,0.050905,-0.000656,-0.248227,-0.672634,0.697098,0.697516,-0.623467,-0.353212,0.6722,0.398561,0.623935,-0.01166,-0.00155,2.7e-05,0.007287,0.525199,-0.171498,-0.842867,0.088556,0.043829,-0.036541,-0.346046,0.670163,-0.656607,-0.836294,-0.537556,-0.10791,-0.42528,0.511775,0.746473,0.01297,0.002731,0.000702,0.007692,-0.04429,0.089545,-0.729601
1273,0.102218,0.038139,0.414682,-0.320013,0.628314,-0.709125,-0.846299,-0.525985,-0.084201,-0.425503,0.572403,0.700949,0.025932,0.005682,0.00152,-0.001273,-0.038154,0.08132,-0.698663,-0.102328,0.064849,0.367717,0.28109,0.664386,0.692511,-0.702693,0.633979,-0.322842,-0.653852,-0.396715,0.644173,-0.012591,0.002329,0.00211,0.857015,-0.015537,1.171976,-1.269558,0.039704,0.050877,-0.000635,-0.245597,-0.660791,0.70925,0.689915,-0.633121,-0.350961,0.680954,0.403128,0.611382,-0.011994,-0.000153,0.000779,-0.385246,0.650795,0.138801,-0.835846,0.089082,0.043927,-0.036513,-0.350319,0.668597,-0.655937,-0.834602,-0.540679,-0.105376,-0.425106,0.510531,0.747423,0.012972,0.002858,0.000751,-0.045393,-0.008386,0.040798,-0.729601
1274,0.103216,0.038382,0.414761,-0.32455,0.626816,-0.708388,-0.844654,-0.529083,-0.081252,-0.42533,0.571191,0.702041,0.026351,0.007537,0.002327,-0.045781,-0.008004,0.039905,-0.697594,-0.102934,0.064931,0.367814,0.283103,0.653319,0.702153,-0.696367,0.643452,-0.317767,-0.65973,-0.399821,0.63621,-0.012855,0.003499,0.002734,-0.298193,0.551469,0.091117,-1.240604,0.039396,0.05092,-0.000585,-0.250901,-0.647967,0.719157,0.680242,-0.646583,-0.345254,0.688708,0.402576,0.603003,-0.012296,0.001153,0.001479,-0.320964,0.568586,0.077726,-0.828824,0.089601,0.044051,-0.036474,-0.354673,0.666969,-0.655255,-0.832863,-0.543853,-0.102768,-0.424906,0.509289,0.748384,0.013204,0.00388,0.001196,-0.045016,-0.008771,0.041098,-0.729928
