frame,MLTx,MLTy,MLTz,MLTR1,MLTR2,MLTR3,MLTR4,MLTR5,MLTR6,MLTR7,MLTR8,MLTR9,MLTTVx,MLTTVy,MLTTVz,MLTRVx,MLTRVy,MLTRVz,MLGA,MRTx,MRTy,MRTz,MRTR1,MRTR2,MRTR3,MRTR4,MRTR5,MRTR6,MRTR7,MRTR8,MRTR9,MRTTVx,MRTTVy,MRTTVz,MRTRVx,MRTRVy,MRTRVz,MRGA,SLTx,SLTy,SLTz,SLTR1,SLTR2,SLTR3,SLTR4,SLTR5,SLTR6,SLTR7,SLTR8,SLTR9,SLTTVx,SLTTVy,SLTTVz,SLTRVx,SLTRVy,SLTRVz,SLGA,SRTx,SRTy,SRTz,SRTR1,SRTR2,SRTR3,SRTR4,SRTR5,SRTR6,SRTR7,SRTR8,SRTR9,SRTTVx,SRTTVy,SRTTVz,SRTRVx,SRTRVy,SRTRVz,SRGA
562,0.12543,-0.012319,0.297342,-0.515547,-0.263781,-0.815277,-0.168453,-0.901685,0.398196,-0.839522,0.342948,0.421446,0.000286,0.010262,-0.009137,0.034973,-0.016469,0.016468,0.079255,-0.191411,-0.007758,0.307507,-0.551572,0.662199,0.5072,-0.070548,-0.642796,0.762738,0.831784,0.384084,0.400596,-0.000284,-0.003959,-0.004142,-0.00593,0.085666,-0.126935,-1.40233,0.033389,0.040093,-0.016848,0.66356,-0.561891,0.493929,-0.049404,0.625872,0.778359,-0.746489,-0.54089,0.387544,-0.000116,-0.001628,-0.001704,0.027102,-0.136862,0.227625,-0.945577,0.061808,0.034386,-0.069414,0.649184,0.241478,-0.721281,0.031175,0.939024,0.342434,0.759991,-0.244789,0.602072,-0.007547,7e-05,-0.000194,0.002056,0.013502,-0.026708,-0.191396
563,0.125457,-0.011967,0.296962,-0.531051,-0.228661,-0.815931,-0.231242,-0.887258,0.39909,-0.814542,0.400895,0.419323,0.000267,0.019051,-0.019993,0.034979,-0.058507,-0.015951,0.232193,-0.191346,-0.007874,0.30735,-0.562541,0.656224,0.5029,-0.072497,-0.644959,0.760727,0.824245,0.39065,0.409727,-0.000199,-0.00278,-0.002912,0.131102,-0.12952,-0.093711,-1.402379,0.033422,0.040032,-0.016929,0.673046,-0.55401,0.489981,-0.047794,0.628531,0.776315,-0.738054,-0.545914,0.396551,-0.000112,-0.001564,-0.001641,0.161041,-0.14212,-0.141733,-0.953905,0.061822,0.034564,-0.069595,0.666549,0.207753,-0.715926,0.093599,0.929457,0.35686,0.739561,-0.304874,0.600083,0.000187,0.009719,-0.009767,0.03061,-0.054809,0.035621,-0.028105
564,0.125339,-0.011108,0.295854,-0.531031,-0.222852,-0.81755,-0.249911,-0.880709,0.402331,-0.809028,0.418237,0.413013,-0.000346,0.024969,-0.034219,0.039275,-0.169421,-0.064328,0.427181,-0.191237,-0.007888,0.307342,-0.578191,0.644442,0.50038,-0.070136,-0.65015,0.756518,0.813562,0.401501,0.420449,-0.000558,0.01159,-0.007612,0.175624,-0.20584,-0.117096,-1.402609,0.033476,0.040018,-0.016933,0.686267,-0.539468,0.487863,-0.051086,0.633335,0.772189,-0.725553,-0.554851,0.407078,1.5e-05,0.000224,0.000231,0.121858,-0.306944,-0.204205,-0.9477,0.061764,0.034994,-0.070139,0.667142,0.20178,-0.71708,0.111754,0.924611,0.364149,0.736499,-0.323076,0.594297,2e-05,0.017748,-0.021512,0.085138,-0.191633,-0.055693,0.237079
565,0.125444,-0.009773,0.293978,-0.51761,-0.244328,-0.820017,-0.245809,-0.875516,0.415959,-0.81893,0.417172,0.394143,0.014395,0.041003,-0.057223,-0.187292,-0.81285,-0.435771,0.518116,-0.191161,-0.007882,0.307343,-0.593064,0.634918,0.495121,-0.068455,-0.65235,0.754776,0.80294,0.412931,0.429695,0.014581,0.001701,0.000755,0.072533,-0.09858,0.004364,-1.402718,0.033508,0.040024,-0.016937,0.699435,-0.526813,0.482969,-0.053222,0.635498,0.770265,-0.712712,-0.564455,0.416452,2.2e-05,0.000339,0.000349,0.041128,-0.060626,-0.043829,-0.952598,0.06181,0.035656,-0.071067,0.654483,0.220095,-0.723332,0.105738,0.920645,0.375806,0.748646,-0.322443,0.579274,-0.000486,0.015262,-0.024457,-0.26935,-0.901251,-0.566348,0.444295
566,0.12565,-0.009012,0.292814,-0.508021,-0.261486,-0.820722,-0.2431,-0.870563,0.427779,-0.825721,0.41716,0.379723,0.013289,0.026865,-0.052725,-0.250693,-0.715171,-0.675877,0.522721,-0.191127,-0.007858,0.307366,-0.601209,0.629215,0.492571,-0.067919,-0.654296,0.753138,0.796911,0.41854,0.435453,8.3e-05,0.001173,0.001229,0.238158,-0.250662,-0.179987,-1.402644,0.033531,0.040039,-0.016923,0.705806,-0.5206,0.480428,-0.054305,0.636426,0.769422,-0.706319,-0.569154,0.420922,5.1e-05,0.000774,0.000807,0.376776,-0.367935,-0.270136,-0.951619,0.061914,0.036028,-0.071628,0.644113,0.236075,-0.727589,0.101458,0.916413,0.387159,0.758171,-0.323194,0.566322,0.006954,0.019152,-0.030215,-0.357996,-1.056691,-0.846459,0.488057
567,0.126017,-0.007623,0.290259,-0.483263,-0.311928,-0.818048,-0.237013,-0.852889,0.465164,-0.842206,0.419069,0.339261,0.012847,0.042654,-0.076775,-0.509327,-1.241006,-1.264021,0.52374,-0.191103,-0.007827,0.307397,-0.610382,0.624379,0.487418,-0.069009,-0.654795,0.752605,0.789819,0.424948,0.442118,4.7e-05,0.000665,0.000697,0.18262,-0.234408,-0.16511,-1.402967,0.033543,0.040056,-0.016906,0.714029,-0.513921,0.475444,-0.053275,0.637241,0.76882,-0.698086,-0.574289,0.42763,2.6e-05,0.000409,0.000426,0.256242,-0.388431,-0.275969,-0.947536,0.062098,0.036735,-0.072914,0.616807,0.283852,-0.734149,0.08939,0.901415,0.423626,0.782021,-0.326922,0.530626,0.006205,0.015555,-0.034583,-0.441923,-1.016825,-1.10102,0.514673
568,0.126246,-0.006207,0.287241,-0.464616,-0.370555,-0.80428,-0.238202,-0.822483,0.516481,-0.852319,0.432003,0.294878,-0.002942,0.039431,-0.08156,-0.456613,-0.791891,-1.492594,0.523863,-0.191083,-0.007828,0.307364,-0.619273,0.619244,0.482731,-0.069774,-0.65565,0.751791,0.782805,0.431096,0.448594,-6.1e-05,-0.000868,-0.000909,0.144258,-0.141666,-0.102576,-1.402693,0.033553,0.040057,-0.01692,0.722035,-0.506801,0.470974,-0.052649,0.638518,0.767803,-0.689849,-0.579178,0.43435,-4.3e-05,-0.000579,-0.000609,0.212236,-0.184138,-0.139881,-0.945087,0.062218,0.037442,-0.074424,0.590689,0.343552,-0.730108,0.082378,0.874428,0.47811,0.802683,-0.342559,0.488214,-0.001769,0.013464,-0.037557,-0.689687,-1.192857,-1.548756,0.519408
569,0.126306,-0.005495,0.285617,-0.465629,-0.391835,-0.793537,-0.257636,-0.797815,0.545056,-0.846093,0.458721,0.271528,-0.003318,0.037706,-0.08387,-0.657326,-0.816383,-1.533376,0.523291,-0.191109,-0.007854,0.30731,-0.619216,0.619186,0.482879,-0.069717,-0.655758,0.751702,0.782855,0.431014,0.448584,-0.000158,-0.002232,-0.002338,0.001792,-0.00176,-0.001275,-1.40268,0.03354,0.040048,-0.016944,0.722271,-0.506285,0.471169,-0.052787,0.638921,0.767458,-0.689592,-0.579184,0.434749,-6.3e-05,-0.000901,-0.000947,-0.015857,0.008166,0.006073,-0.944434,0.062248,0.037797,-0.075237,0.588645,0.365167,-0.721213,0.096959,0.853826,0.511448,0.802555,-0.370989,0.467194,-0.001691,0.018318,-0.042564,-1.018236,-0.8055,-1.603553,0.520878
570,0.126377,-0.004232,0.282384,-0.470591,-0.430209,-0.770396,-0.291214,-0.748471,0.595783,-0.83235,0.505252,0.227906,-0.003822,0.026519,-0.076372,-0.916763,-0.543943,-1.219122,0.522223,-0.19124,-0.00798,0.307141,-0.622069,0.621621,0.476035,-0.074227,-0.651949,0.754577,0.780176,0.433275,0.451068,-0.000332,-0.004652,-0.004882,0.015707,-0.1347,0.208429,-1.402836,0.03348,0.039987,-0.017025,0.725097,-0.507958,0.464985,-0.048204,0.636123,0.77008,-0.686956,-0.580797,0.436766,-0.000191,-0.002625,-0.002746,0.174065,-1.474558,2.288969,-0.949169,0.062277,0.038412,-0.076833,0.586196,0.405266,-0.701521,0.12143,0.812164,0.570652,0.801017,-0.4197,0.426876,-0.001957,0.01313,-0.038343,-4.774902,2.349721,0.126698,0.520551
571,0.126523,-0.00343,0.279662,-0.472207,-0.459427,-0.752325,-0.308187,-0.713575,0.62913,-0.825297,0.529505,0.196307,0.011025,0.016384,-0.066898,-0.372569,-0.57041,-0.894658,0.520611,-0.191506,-0.008158,0.306764,-0.625949,0.624894,0.46657,-0.080652,-0.646806,0.758334,0.776428,0.436255,0.454647,-0.015746,0.001729,-0.016966,0.048307,-0.116511,0.172067,-1.403291,0.033348,0.039898,-0.017207,0.729761,-0.510425,0.454878,-0.040486,0.631887,0.774001,-0.682502,-0.583252,0.440462,-0.000368,-0.005145,-0.005411,0.055864,-0.460763,0.717925,-0.944434,0.062348,0.038825,-0.078237,0.58225,0.437058,-0.685539,0.134116,0.780025,0.611206,0.80187,-0.447817,0.395553,0.005293,0.002384,-0.02972,-0.594109,-0.854043,-0.88837,0.518918
572,0.12663,-0.003165,0.27752,-0.480879,-0.470594,-0.739825,-0.325404,-0.687752,0.648908,-0.813596,0.553371,0.178519,-0.003763,9.2e-05,-0.044309,-0.114477,-0.124417,-0.390664,0.517039,-0.191924,-0.008403,0.306085,-0.63173,0.62583,0.457433,-0.082658,-0.640983,0.763048,0.771522,0.443435,0.45605,-0.016203,-0.00407,-0.023156,-0.327881,0.270567,0.417206,-1.403166,0.03314,0.039782,-0.017532,0.736569,-0.508018,0.446523,-0.037574,0.62843,0.776957,-0.675317,-0.589061,0.443794,-0.007831,-0.00793,-0.007869,0.16986,-1.446179,2.231621,-0.944434,0.062408,0.038958,-0.079306,0.586773,0.450828,-0.672645,0.148345,0.756774,0.63662,0.796047,-0.473335,0.377177,0.005535,-0.000891,-0.023007,-0.242531,-0.11835,-0.382474,0.515163
573,0.126666,-0.003223,0.276799,-0.481782,-0.476164,-0.735662,-0.32355,-0.68355,0.654253,-0.8138,0.553821,0.17618,0.011322,-0.009234,-0.033411,-0.017264,0.041373,-0.218623,0.515199,-0.192251,-0.008582,0.305618,-0.638212,0.624328,0.450435,-0.08384,-0.637842,0.765547,0.766044,0.450023,0.458823,-0.016532,-0.00809,-0.027487,0.029357,-6.7e-05,0.006797,-1.403092,0.032976,0.039694,-0.017771,0.74175,-0.507424,0.438551,-0.035578,0.623202,0.78125,-0.669732,-0.595096,0.444207,-0.008307,-0.004729,-0.01446,0.063721,-0.090642,0.128817,-0.94574,0.062418,0.03893,-0.079691,0.586359,0.457129,-0.668741,0.14541,0.752747,0.642049,0.796893,-0.473713,0.374909,-0.001757,-0.004008,-0.016273,0.047603,0.12555,-0.229584,0.51304
574,0.126788,-0.003648,0.275928,-0.486319,-0.477493,-0.731806,-0.320782,-0.681485,0.657761,-0.812191,0.555223,0.179164,0.012471,-0.012896,-0.015921,0.000761,0.002373,0.006346,0.502279,-0.193314,-0.009003,0.304219,-0.657905,0.618633,0.42947,-0.08272,-0.626048,0.775342,0.749332,0.473788,0.462481,-0.03191,-0.017444,-0.036745,-0.002419,0.051525,-0.14618,-1.403336,0.03245,0.03949,-0.018464,0.760066,-0.497838,0.41768,-0.034379,0.611033,0.790858,-0.648936,-0.615464,0.44731,-0.016219,-0.003148,-0.022394,0.033425,-0.161557,-0.025251,-0.949006,0.062483,0.038711,-0.080143,0.590553,0.458364,-0.66419,0.141872,0.751251,0.644588,0.79443,-0.474894,0.378624,0.006335,-0.006059,-0.007465,-0.002808,0.010451,0.011467,0.499324
575,0.127189,-0.004248,0.275881,-0.489317,-0.475841,-0.730883,-0.319775,-0.681816,0.657909,-0.810784,0.556234,0.182377,0.014419,-0.012772,0.006621,0.589527,1.335027,-2.293659,0.487344,-0.195062,-0.009213,0.302203,-0.68789,0.599496,0.409149,-0.071855,-0.617051,0.783593,0.723076,0.508862,0.466993,-0.048386,-0.001909,-0.059714,-0.014147,0.038639,0.067033,-1.402998,0.031582,0.039379,-0.019464,0.786228,-0.472566,0.398153,-0.043591,0.600306,0.798581,-0.616396,-0.645223,0.451378,-0.03147,-0.001117,-0.029521,-0.093122,-0.017593,0.032135,-0.943944,0.062678,0.038409,-0.080177,0.592188,0.455462,-0.66473,0.14288,0.752509,0.642895,0.79303,-0.475692,0.380551,-0.000519,-0.011572,0.007479,-0.073013,0.059879,-0.014855,0.484137
576,0.127415,-0.00447,0.276127,-0.490776,-0.470908,-0.733096,-0.320291,-0.684988,0.654353,-0.809697,0.556528,0.186266,0.015349,-0.008324,0.012354,0.114198,0.210394,0.200496,0.474968,-0.196264,-0.009244,0.300969,-0.712655,0.579676,0.395081,-0.060799,-0.61196,0.788507,0.699734,0.537173,0.47083,-0.063395,-0.004527,-0.061973,-2.232405,-4.876905,-1.709624,-1.403195,0.030986,0.039362,-0.020083,0.804103,-0.452531,0.385529,-0.050555,0.594104,0.802797,-0.592336,-0.665022,0.454843,-0.031944,0.003073,-0.035252,-0.117774,-1.675656,2.234862,-0.934963,0.062791,0.038299,-0.080054,0.595471,0.452285,-0.663965,0.141874,0.754277,0.641042,0.790749,-0.475922,0.384984,0.007743,-0.003834,0.006596,0.182862,0.172402,0.421936,0.471564
577,0.127754,-0.004916,0.277059,-0.494748,-0.458361,-0.73836,-0.311426,-0.699701,0.642965,-0.810731,0.548617,0.204355,0.016141,-0.013538,0.027979,0.257232,0.619694,0.221956,0.438401,-0.199153,-0.008995,0.298147,-0.765733,0.527094,0.368532,-0.032333,-0.603672,0.796535,0.643271,0.597342,0.478798,-0.079648,0.015877,-0.080157,-0.006332,-0.570628,-0.028267,-1.403435,0.029547,0.039474,-0.021492,0.849061,-0.386886,0.359739,-0.079778,0.57924,0.811243,-0.522234,-0.717495,0.460945,-0.039837,0.007359,-0.040665,-0.414788,-1.510456,-0.660272,-0.9219,0.062961,0.038083,-0.079587,0.600788,0.440059,-0.667383,0.134507,0.767297,0.627025,0.78801,-0.466477,0.401792,0.000793,-0.005211,0.015658,0.41029,0.673828,0.501107,0.432211
578,0.127931,-0.005546,0.278583,-0.507335,-0.435235,-0.743792,-0.30065,-0.7195,0.62602,-0.806998,0.541762,0.235105,0.001916,-0.017876,0.04396,0.519669,1.087449,0.521691,0.351042,-0.202416,-0.008409,0.294915,-0.811831,0.477589,0.335902,-0.017942,-0.595244,0.803303,0.584602,0.645505,0.491351,-0.094967,0.014341,-0.082107,0.137046,-0.264747,0.081076,-1.40341,0.027921,0.039765,-0.023111,0.885539,-0.328471,0.32852,-0.092488,0.568351,0.81757,-0.455263,-0.754375,0.472918,-0.040298,0.012784,-0.045418,0.077507,-0.672219,0.096861,-0.925166,0.063056,0.037772,-0.078828,0.61475,0.418935,-0.668263,0.12606,0.784193,0.607576,0.778583,-0.457748,0.429272,0.00079,-0.014221,0.026373,0.272017,0.6551,0.46273,0.351219
579,0.127929,-0.006505,0.280674,-0.527574,-0.406697,-0.745862,-0.28812,-0.740296,0.607388,-0.79853,0.535843,0.274317,-0.012645,-0.023836,0.057759,0.454905,1.046517,0.451806,0.157825,-0.20575,-0.007734,0.291649,-0.858601,0.419353,0.294855,-0.007651,-0.585391,0.810674,0.513635,0.693247,0.505422,-0.080578,0.015773,-0.08246,0.168458,-0.497183,0.413771,-1.403161,0.026218,0.040103,-0.024779,0.92094,-0.261421,0.289011,-0.100769,0.556649,0.824612,-0.376449,-0.788542,0.486298,-0.040226,0.007888,-0.041205,0.176234,-0.49615,0.410622,-0.920593,0.063062,0.037297,-0.077784,0.637531,0.390805,-0.663946,0.116086,0.803226,0.584253,0.761628,-0.449554,0.466714,0.000874,-0.018278,0.032239,0.444085,1.155931,0.542939,0.154781
580,0.127859,-0.007093,0.2819,-0.539735,-0.387556,-0.74735,-0.282326,-0.753024,0.594322,-0.792439,0.532252,0.297952,-0.012808,-0.033638,0.067384,0.603808,1.346815,0.689991,0.050625,-0.20734,-0.007421,0.290077,-0.884714,0.377415,0.273552,0.001958,-0.58363,0.811977,0.467211,0.718412,0.515229,-0.080509,0.018128,-0.080274,-0.220998,-1.82292,-0.371635,-1.403342,0.025452,0.040249,-0.02554,0.938415,-0.216484,0.269278,-0.109226,0.553519,0.825642,-0.327789,-0.804207,0.495785,-0.040392,0.00862,-0.040297,-1.343284,-5.026338,-2.448224,-0.917654,0.063027,0.037008,-0.077173,0.650207,0.373736,-0.661476,0.112176,0.813875,0.570107,0.751429,-0.44489,0.487263,0.001353,-0.011396,0.029802,0.412511,0.558918,1.293598,0.00292
581,0.127561,-0.008228,0.284603,-0.561699,-0.349845,-0.749765,-0.267103,-0.781028,0.564467,-0.782369,0.517757,0.346197,0.00298,-0.03055,0.071544,0.679457,1.496474,0.557085,-0.120191,-0.210425,-0.006819,0.287266,-0.922211,0.316597,0.222001,-0.002832,-0.579381,0.815011,0.387809,0.750569,0.534895,-0.079155,0.003698,-0.055895,0.400659,-2.475318,2.346513,-1.402942,0.023908,0.040546,-0.026966,0.963699,-0.147987,0.222223,-0.106642,0.549694,0.82853,-0.244767,-0.822152,0.513958,-0.032311,0.007386,-0.032303,0.067873,-1.946753,-0.571552,-0.914062,0.062873,0.036439,-0.075823,0.674689,0.337216,-0.656566,0.101605,0.838633,0.535136,0.731074,-0.427761,0.531554,-0.005689,-0.008588,0.032832,0.505753,1.121615,0.485124,-0.230749
582,0.127191,-0.009149,0.287534,-0.580337,-0.296062,-0.758684,-0.267111,-0.810874,0.520679,-0.768634,0.505187,0.392448,-0.011011,-0.024675,0.077738,0.823007,1.300405,1.185669,-0.344834,-0.212951,-0.00629,0.285255,-0.94851,0.261107,0.179288,-0.006001,-0.580449,0.814234,0.317861,0.770888,0.551869,-0.048361,0.01348,-0.046119,0.266139,-1.088335,1.066202,-1.403087,0.022633,0.040801,-0.027981,0.979991,-0.086545,0.179238,-0.102661,0.551706,0.827696,-0.17052,-0.829536,0.531782,-0.031438,0.007459,-0.021846,0.327528,-2.581101,2.5716,-0.913245,0.062693,0.035977,-0.07436,0.697934,0.285315,-0.656873,0.108295,0.86462,0.490616,0.707926,-0.413554,0.57255,0.002107,-0.007574,0.034158,0.780832,0.83979,1.449407,-0.398938
583,0.127025,-0.009468,0.288907,-0.587483,-0.270333,-0.762777,-0.270126,-0.82301,0.499658,-0.762122,0.499919,0.411435,-0.010275,-0.012078,0.071186,0.633662,1.112178,0.781245,-0.452232,-0.214022,-0.006,0.284523,-0.958122,0.240223,0.155841,-0.01381,-0.582031,0.813009,0.287213,0.776491,0.560744,-0.047166,0.008708,-0.030564,0.350083,-1.156064,1.261061,-1.403344,0.022114,0.040938,-0.028342,0.985185,-0.06416,0.159035,-0.09734,0.554288,0.826612,-0.141187,-0.829847,0.539832,-0.030874,0.004907,-0.014278,0.404781,-0.607354,0.328855,-0.90998,0.06261,0.035814,-0.073669,0.708272,0.258174,-0.657034,0.114849,0.876184,0.468091,0.696533,-0.406996,0.590926,-0.005224,-0.006279,0.03532,0.685563,1.269564,0.849356,-0.483686
584,0.126522,-0.009854,0.291609,-0.597321,-0.216599,-0.772229,-0.278184,-0.847133,0.452716,-0.7515,0.485504,0.446722,-0.009853,-0.001129,0.062338,0.62621,1.003661,0.779167,-0.620673,-0.215566,-0.005465,0.283782,-0.970165,0.21707,0.107945,-0.042013,-0.58867,0.80724,0.239993,0.778332,0.580057,-0.03031,0.008965,-0.009479,0.604749,-0.984755,0.484752,-1.403228,0.021319,0.041212,-0.028736,0.993348,-0.039159,0.108282,-0.067333,0.565302,0.822131,-0.093406,-0.823953,0.558905,-0.014984,0.005451,-0.003546,0.648399,-1.057343,0.443728,-0.901652,0.06236,0.035622,-0.072308,0.722945,0.20499,-0.659795,0.130861,0.897059,0.42209,0.678399,-0.391488,0.621699,-0.004914,-0.000326,0.03147,0.737909,1.046003,1.032885,-0.636852
585,0.125822,-0.009931,0.294108,-0.606186,-0.180123,-0.774687,-0.283121,-0.861362,0.421747,-0.742503,0.475207,0.472118,-0.024609,0.000382,0.063033,0.219753,0.376391,0.467033,-0.709118,-0.21627,-0.004833,0.283722,-0.984566,0.167217,0.051575,-0.06026,-0.600127,0.79759,0.165564,0.781946,0.600843,-0.01386,0.018968,0.002011,0.692769,-1.525357,0.881361,-1.403109,0.020961,0.041527,-0.028767,0.998444,0.013801,0.054006,-0.051982,0.580331,0.812719,-0.020125,-0.814263,0.580146,0.000516,0.009636,0.000911,0.767088,-3.051605,2.169137,-0.898549,0.062015,0.035584,-0.071058,0.735512,0.167241,-0.656545,0.141234,0.909917,0.390003,0.662626,-0.379579,0.645635,-0.012332,0.000272,0.031631,0.223649,0.510234,0.350506,-0.736133
586,0.124889,-0.009804,0.296358,-0.614889,-0.158371,-0.772577,-0.285465,-0.868516,0.405168,-0.734402,0.46987,0.489798,-0.024558,0.009073,0.05158,0.2506,0.37601,0.456391,-0.713367,-0.216353,-0.003993,0.283984,-0.98851,0.150936,-0.007504,-0.099601,-0.612566,0.784077,0.114999,0.775611,0.620537,0.001899,0.024788,0.008393,0.707602,-2.620768,2.552441,-1.403418,0.020915,0.04195,-0.028632,0.99947,0.032427,-0.002472,-0.017504,0.600448,0.799472,0.027409,-0.799005,0.600698,0.008336,0.012273,0.003766,0.895462,-0.988639,0.331734,-0.89561,0.061549,0.035649,-0.069924,0.744086,0.147826,-0.651522,0.146651,0.915286,0.375158,0.651788,-0.374697,0.659373,-0.019868,5.7e-05,0.030846,0.178424,0.490502,0.273505,-0.77222
587,0.124373,-0.009688,0.2974,-0.615277,-0.155518,-0.772848,-0.287056,-0.868861,0.4033,-0.733457,0.470181,0.490915,-0.024615,0.00856,0.050761,-0.045135,-0.077494,0.191945,-0.683227,-0.216006,-0.003549,0.284151,-0.98949,0.140526,-0.033954,-0.115053,-0.622234,0.774287,0.088933,0.769864,0.631872,0.031421,0.024566,0.006909,0.747505,-2.71016,2.561372,-1.403804,0.02109,0.042185,-0.02854,0.998546,0.04388,-0.031291,-0.002226,0.61369,0.789543,0.053848,-0.788326,0.612896,0.015754,0.012564,0.003786,0.786274,-2.711204,2.544,-0.897406,0.061291,0.035706,-0.069403,0.74553,0.143493,-0.65084,0.148722,0.916104,0.372335,0.649665,-0.374382,0.661643,-0.012402,0.004006,0.025085,-0.104188,-0.012057,-0.030405,-0.769281
588,0.123213,-0.009356,0.299285,-0.612584,-0.155109,-0.775066,-0.285415,-0.871006,0.399823,-0.736346,0.466329,0.490263,-0.024955,0.006465,0.047954,4.215568,-2.320141,-2.539201,-0.566139,-0.214893,-0.002772,0.284524,-0.98905,0.128151,-0.073138,-0.138612,-0.635363,0.759628,0.052132,0.761272,0.646228,0.031406,0.012427,0.01359,0.578448,-0.844507,0.487193,-1.403333,0.021648,0.042581,-0.028344,0.99582,0.057473,-0.07099,0.018882,0.630896,0.775637,0.089365,-0.773735,0.627174,0.01571,0.006267,0.006842,0.665626,-0.839618,0.483426,-0.894794,0.060711,0.035873,-0.06846,0.744086,0.139791,-0.653294,0.152776,0.916349,0.370086,0.65038,-0.375184,0.660485,-0.019973,0.003506,0.02403,-0.075898,0.023844,-0.061244,-0.712292
589,0.121866,-0.008905,0.300989,-0.60762,-0.152281,-0.779522,-0.289705,-0.87135,0.395971,-0.738784,0.466616,0.486308,-0.039292,0.017776,0.039119,-0.03685,0.013175,-0.03267,-0.487336,-0.213431,-0.002105,0.284794,-0.987034,0.117852,-0.108926,-0.159639,-0.64678,0.745737,0.018688,0.753296,0.657312,0.03099,0.010485,0.011149,0.394066,-2.253354,2.131748,-1.403516,0.022367,0.042914,-0.028209,0.992308,0.068121,-0.103358,0.035052,0.646165,0.762392,0.118721,-0.760151,0.638807,0.022663,0.010507,0.000867,0.661408,-0.586334,0.207083,-0.892507,0.060042,0.036094,-0.067606,0.739002,0.139943,-0.659007,0.152483,0.918058,0.365947,0.656219,-0.370924,0.657108,-0.012641,0.002362,0.022837,-0.067259,-0.091476,0.138439,-0.642404
590,0.121162,-0.008724,0.301783,-0.604654,-0.15052,-0.782165,-0.292203,-0.871611,0.393553,-0.740234,0.466697,0.484019,-0.025587,0.002834,0.043341,-0.070871,0.015521,-0.019456,-0.458092,-0.212702,-0.001769,0.284873,-0.986099,0.115199,-0.1197,-0.166065,-0.650258,0.741296,0.008812,0.750712,0.660468,0.030566,0.021216,0.002611,0.517604,-0.434817,0.042488,-1.403286,0.022732,0.04308,-0.028165,0.990609,0.070692,-0.117023,0.043173,0.650402,0.758362,0.129722,-0.756293,0.641242,0.022623,0.010511,0.000834,0.546947,-0.619528,0.214334,-0.888425,0.059676,0.036192,-0.067192,0.736743,0.137866,-0.661968,0.155295,0.918324,0.364093,0.658097,-0.371044,0.655159,-0.012855,0.001262,0.021522,-0.069304,0.016858,-0.024979,-0.614155
591,0.119717,-0.0085,0.303348,-0.598397,-0.150595,-0.786948,-0.292288,-0.873472,0.389341,-0.745271,0.463179,0.47965,-0.040771,0.001604,0.041116,-0.069407,-0.078535,0.117456,-0.430749,-0.211282,-0.00093,0.285069,-0.982484,0.114356,-0.147104,-0.186074,-0.650747,0.736097,-0.010302,0.750418,0.66078,0.030703,0.023195,0.004829,-0.018278,-1.916232,2.146339,-1.403272,0.02343,0.043486,-0.028074,0.987241,0.072842,-0.14159,0.059563,0.655723,0.752647,0.147668,-0.751478,0.643018,0.015397,0.011905,0.002752,0.024511,-0.069775,0.119071,-0.891854,0.058979,0.0363,-0.066436,0.731673,0.137351,-0.667673,0.155759,0.919887,0.359925,0.663621,-0.367344,0.651663,-0.020466,0.00056,0.020314,-0.068261,-0.063096,0.090906,-0.579374
592,0.118369,-0.008396,0.30473,-0.593903,-0.151544,-0.790164,-0.291493,-0.87486,0.386812,-0.749168,0.460241,0.476396,-0.0267,-0.002745,0.036674,0.324269,-0.269232,-0.113677,-0.41994,-0.210202,0.000102,0.285156,-0.978468,0.114457,-0.171732,-0.204604,-0.649758,0.732043,-0.026553,0.75126,0.659369,0.030134,0.033636,-0.004072,0.016889,-1.934041,2.159359,-1.403451,0.023982,0.044011,-0.028021,0.983414,0.072247,-0.166359,0.078327,0.658118,0.748829,0.163584,-0.74944,0.641544,0.015237,0.011225,0.001907,0.040553,-0.04621,0.091205,-0.89512,0.058289,0.036358,-0.065732,0.727871,0.137399,-0.671806,0.155859,0.920925,0.357215,0.667765,-0.364714,0.648901,-0.020368,0.005132,0.015042,1.311574,-0.734651,-0.664597,-0.562882
593,0.117126,-0.0084,0.306035,-0.590558,-0.149071,-0.793136,-0.295764,-0.874442,0.384508,-0.750141,0.461836,0.47331,-0.026623,0.005939,0.025708,-0.033788,-0.093241,0.139843,-0.419676,-0.209561,0.001258,0.285138,-0.974127,0.1142,-0.195002,-0.221857,-0.649192,0.727505,-0.042273,0.751788,0.657945,0.015512,0.020585,0.002322,0.039563,-0.048528,0.069598,-1.403399,0.024309,0.044595,-0.02803,0.978628,0.07205,-0.192599,0.097763,0.660972,0.744015,0.180909,-0.746943,0.639802,0.007638,0.016247,-0.002389,0.075216,-0.050948,0.079293,-0.897406,0.057668,0.036353,-0.065075,0.725247,0.134833,-0.675156,0.160004,0.920777,0.35576,0.669637,-0.366042,0.646217,-0.021012,-0.002102,0.017175,-0.069316,-0.046204,0.069131,-0.558146
594,0.116592,-0.008474,0.306632,-0.588987,-0.147868,-0.794528,-0.297867,-0.874198,0.383439,-0.750546,0.462684,0.471839,-0.027682,-0.007196,0.03157,-0.069042,-0.060275,0.099628,-0.418956,-0.209461,0.001749,0.285093,-0.971541,0.113906,-0.207664,-0.231148,-0.648719,0.72503,-0.050894,0.752241,0.656815,0.000404,0.030508,-0.006351,0.003873,-1.793133,1.934309,-1.403546,0.024364,0.044839,-0.028047,0.976631,0.072014,-0.202495,0.105014,0.662158,0.741969,0.187515,-0.745895,0.639122,0.007553,0.008824,-0.000565,0.039255,-0.035246,0.061291,-0.893977,0.057401,0.036322,-0.064778,0.724034,0.133406,-0.676739,0.162275,0.920634,0.355102,0.670402,-0.366924,0.644922,-0.013824,-0.003438,0.015981,-0.068047,-0.076262,0.123192,-0.55733
595,0.115751,-0.008715,0.307628,-0.585899,-0.145455,-0.797252,-0.301905,-0.873783,0.38122,-0.751352,0.464227,0.469032,-0.01336,-0.001562,0.017978,-0.0331,-0.091567,0.14566,-0.412288,-0.209587,0.00235,0.284936,-0.96838,0.113319,-0.22224,-0.241668,-0.648326,0.721945,-0.061041,0.752669,0.655459,-0.01458,0.013605,-0.004374,0.034008,-0.00111,-0.01211,-1.403571,0.024307,0.045148,-0.028125,0.972849,0.072268,-0.219866,0.11759,0.663895,0.738522,0.19934,-0.744325,0.637372,-4.9e-05,0.006467,-0.002937,0.035804,-0.008591,0.012876,-0.889405,0.056975,0.0362,-0.064274,0.721716,0.130609,-0.679754,0.166655,0.92036,0.353782,0.671826,-0.368615,0.642472,-0.007077,-0.006646,0.01274,-0.06753,-0.074739,0.129056,-0.552921
596,0.115242,-0.009114,0.308342,-0.583023,-0.143122,-0.799778,-0.305645,-0.873429,0.379045,-0.752079,0.465615,0.466484,0.000123,-0.007947,0.011611,-0.03243,-0.090339,0.151197,-0.408824,-0.210068,0.002633,0.284724,-0.965456,0.112488,-0.235018,-0.250714,-0.647658,0.719455,-0.070052,0.753369,0.653751,-0.014845,-0.002085,-0.001716,-0.003506,0.031936,-0.051921,-1.403915,0.024067,0.045294,-0.028233,0.969828,0.072759,-0.232676,0.126697,0.66498,0.736036,0.208278,-0.743308,0.635698,-0.007505,0.005142,-0.004115,0.03405,0.009535,-0.021131,-0.88418,0.056716,0.036003,-0.063914,0.719541,0.127897,-0.682569,0.170745,0.920138,0.352405,0.673131,-0.370116,0.64024,-0.007214,-0.002982,0.006584,-0.035212,0.016043,-0.021801,-0.549655
597,0.115082,-0.009341,0.308605,-0.581805,-0.142108,-0.800846,-0.307266,-0.873263,0.378116,-0.752364,0.466234,0.465405,-0.014889,-0.007999,0.010922,-0.033394,-0.075482,0.121733,-0.40696,-0.210437,0.002768,0.284601,-0.965598,0.112284,-0.234529,-0.250179,-0.648065,0.719275,-0.069997,0.75305,0.654125,-0.014804,-0.001766,-0.001353,-0.002045,0.015205,-0.029245,-1.403594,0.023888,0.045354,-0.028295,0.969958,0.072932,-0.232079,0.126054,0.665259,0.735893,0.208063,-0.743041,0.636081,-0.007498,0.005179,-0.004071,0.033704,0.002676,-0.013885,-0.886956,0.056642,0.035893,-0.063786,0.718599,0.126698,-0.683785,0.172523,0.920046,0.351781,0.673684,-0.370758,0.639286,-0.000156,-0.004842,0.004863,-0.032124,-0.090345,0.151048,-0.547859
598,0.115003,-0.00974,0.308897,-0.579842,-0.140453,-0.80256,-0.309743,-0.87308,0.376515,-0.752865,0.467076,0.463747,-5.5e-05,-0.00023,-0.000251,0.0,0.0,0.0,-0.406978,-0.21112,0.002985,0.284352,-0.966528,0.10618,-0.233541,-0.245281,-0.650262,0.718979,-0.074291,0.752049,0.654803,-0.029692,0.009401,-0.008601,0.03055,0.032472,-0.06603,-1.403516,0.023534,0.045465,-0.028425,0.969766,0.079056,-0.230872,0.120794,0.66653,0.735626,0.212038,-0.741273,0.63683,-0.014845,0.004659,-0.004339,0.030246,0.033482,-0.065129,-0.895283,0.056595,0.035683,-0.063636,0.717073,0.124725,-0.685747,0.175355,0.91993,0.350683,0.674578,-0.371715,0.637786,-0.0004,-0.005899,0.003707,-0.03215,-0.090078,0.151237,-0.546389
599,0.115034,-0.009907,0.308976,-0.57918,-0.140734,-0.802988,-0.305518,-0.875738,0.373783,-0.755096,0.461985,0.465217,-5.6e-05,-0.000235,-0.000257,0.00013,0.000215,0.000135,-0.407369,-0.211681,0.003218,0.284243,-0.967231,0.100179,-0.233281,-0.240998,-0.652231,0.718643,-0.078929,0.751175,0.655263,-0.014303,0.00184,0.00282,-0.000617,-0.001982,-0.006158,-1.403687,0.023258,0.045573,-0.02849,0.969356,0.085048,-0.230467,0.116243,0.667682,0.735314,0.216415,-0.739572,0.637335,-0.00732,0.006383,-0.002678,0.033787,0.000869,-0.012961,-0.898059,0.05661,0.035597,-0.0636,0.716519,0.124889,-0.686295,0.171579,0.922063,0.346929,0.676135,-0.366336,0.639248,-4.3e-05,-0.000172,-0.000188,-0.004316,-0.004594,-0.002406,-0.546552
600,0.115113,-0.009894,0.308963,-0.578538,-0.140248,-0.803536,-0.305945,-0.875885,0.373088,-0.755415,0.461853,0.464829,0.014565,-0.001875,-0.001417,0.000984,-0.014714,0.029553,-0.407331,-0.211994,0.003465,0.284201,-0.967832,0.094286,-0.233247,-0.23695,-0.654085,0.718305,-0.083605,0.750335,0.655647,-0.014228,0.002329,0.003382,-0.002045,0.015205,-0.029245,-1.403839,0.023102,0.045693,-0.028507,0.968863,0.090928,-0.230293,0.111947,0.668744,0.735016,0.22084,-0.737911,0.637743,-0.007051,0.00159,0.002192,-0.000842,-0.001319,-0.005572,-0.89414,0.056644,0.035603,-0.063606,0.716013,0.124374,-0.686916,0.172115,0.92217,0.346376,0.676535,-0.366239,0.63888,-2e-06,-6e-06,-9e-06,4.2e-05,-0.000161,-0.000131,-0.546389
601,0.115123,-0.009885,0.308943,-0.578312,-0.140089,-0.803726,-0.306064,-0.875951,0.372836,-0.75554,0.461778,0.464702,-9e-06,-3.9e-05,-4.2e-05,0.0,0.0,0.0,-0.408161,-0.212092,0.003585,0.284282,-0.967842,0.094236,-0.233226,-0.236893,-0.654165,0.718251,-0.083651,0.750271,0.655713,0.000431,0.01635,-0.001886,0.036055,-0.015198,0.015511,-1.403881,0.023048,0.045756,-0.028469,0.968866,0.090968,-0.230263,0.111872,0.668829,0.73495,0.220864,-0.737828,0.63783,0.000247,0.008399,-0.000677,0.03588,-0.014637,0.015998,-0.893487,0.056654,0.035607,-0.063617,0.715828,0.12417,-0.687147,0.17229,0.922229,0.346132,0.676687,-0.36616,0.638764,-4e-06,-2.3e-05,-2.6e-05,8.9e-05,-6.1e-05,-9.8e-05,-0.546716
602,0.115101,-0.009882,0.308945,-0.578144,-0.139971,-0.803868,-0.306182,-0.875981,0.372669,-0.755621,0.461756,0.464591,-0.0,-0.0,-0.0,0.0,0.0,0.0,-0.407883,-0.212084,0.003863,0.284622,-0.967604,0.094301,-0.234185,-0.237654,-0.654107,0.718053,-0.084236,0.750313,0.65559,0.001225,0.008652,0.01003,-0.008385,0.101516,-0.136179,-1.40357,0.023051,0.045895,-0.0283,0.968648,0.09086,-0.231225,0.112647,0.668914,0.734754,0.221429,-0.737765,0.637708,0.000639,0.00454,0.005265,-0.00849,0.101891,-0.135853,-0.895937,0.056644,0.035608,-0.063616,0.715698,0.12403,-0.687307,0.172437,0.922256,0.345988,0.676787,-0.366141,0.63867,1e-06,2e-06,1e-06,0.000107,-2.1e-05,-9.3e-05,-0.546879
603,0.115075,-0.009905,0.308934,-0.577834,-0.139744,-0.80413,-0.306424,-0.876026,0.372364,-0.75576,0.461739,0.464382,-4.1e-05,-0.000175,-0.000191,0.0,0.0,0.0,-0.407543,-0.211961,0.004161,0.285151,-0.967896,0.092625,-0.233647,-0.23597,-0.655819,0.717045,-0.085581,0.749029,0.656883,0.001539,0.010922,0.012604,0.00312,-0.034535,0.046038,-1.40369,0.023114,0.046046,-0.028033,0.968622,0.09259,-0.230644,0.110638,0.67035,0.73375,0.22255,-0.736245,0.639072,0.000775,0.005547,0.0064,-0.001826,-0.034606,0.045966,-0.897569,0.05663,0.035597,-0.063622,0.71546,0.123764,-0.687603,0.172727,0.922298,0.345732,0.676964,-0.366126,0.63849,-2.3e-05,-9.8e-05,-0.00011,7.5e-05,-3.2e-05,-6.3e-05,-0.546716
604,0.115074,-0.009911,0.308928,-0.57765,-0.139608,-0.804286,-0.306556,-0.87606,0.372174,-0.755848,0.461715,0.464264,-2.5e-05,-0.000105,-0.000114,0.0,0.0,0.0,-0.407806,-0.21182,0.004268,0.285457,-0.968116,0.090983,-0.23338,-0.234507,-0.657516,0.71597,-0.087077,0.747744,0.658149,0.016018,0.010725,0.011671,0.063699,-0.080511,0.048689,-1.403769,0.023178,0.046097,-0.027891,0.968545,0.093963,-0.23041,0.109101,0.671855,0.732602,0.22364,-0.734697,0.640471,0.000773,0.005563,0.006402,0.073379,-0.080707,0.006043,-0.898059,0.05663,0.035593,-0.063625,0.715319,0.123604,-0.687779,0.17289,0.922328,0.34557,0.677072,-0.366103,0.638389,-1.4e-05,-6.3e-05,-6.9e-05,6.9e-05,-1.9e-05,-4.9e-05,-0.546716
605,0.115081,-0.009933,0.30892,-0.577379,-0.1394,-0.804516,-0.306774,-0.8761,0.371901,-0.755967,0.461702,0.464083,-0.000668,-0.011284,0.00797,-0.034918,0.016998,-0.016232,-0.407938,-0.211459,0.004444,0.286001,-0.968455,0.086121,-0.233815,-0.231013,-0.662789,0.712234,-0.092398,0.74366,0.662039,0.001579,-0.002032,0.018378,0.405963,-0.233701,-0.192529,-1.403699,0.023365,0.046192,-0.027602,0.968105,0.097863,-0.230639,0.105572,0.675501,0.729762,0.227214,-0.730835,0.643624,0.000781,-0.001012,0.009189,0.541022,-0.223768,-0.182027,-0.898876,0.056633,0.035582,-0.063629,0.715112,0.123361,-0.688038,0.173153,0.922365,0.345341,0.677224,-0.366093,0.638234,-0.00033,-0.005625,0.004004,-0.034875,0.016984,-0.016278,-0.546716
606,0.115083,-0.009918,0.30892,-0.577252,-0.139312,-0.804623,-0.306843,-0.876135,0.371763,-0.756036,0.461663,0.46401,8.9e-05,0.000376,0.000411,0.0,0.0,0.0,-0.40866,-0.211033,0.004547,0.286583,-0.968595,0.082998,-0.234364,-0.228961,-0.665968,0.709928,-0.095923,0.741176,0.66432,0.016101,-0.001679,0.018044,0.38482,-0.253016,-0.128729,-1.403586,0.023578,0.046242,-0.027314,0.967654,0.101163,-0.231106,0.102882,0.678197,0.727643,0.230346,-0.727883,0.645852,0.00804,-0.000855,0.008997,0.536408,-0.239264,-0.113945,-0.898386,0.056634,0.035589,-0.063629,0.715014,0.123255,-0.688158,0.173245,0.922395,0.345215,0.677303,-0.366055,0.638172,5.6e-05,0.000254,0.00028,5.7e-05,-1e-06,-4.5e-05,-0.547206
607,0.115072,-0.009925,0.308927,-0.577181,-0.139258,-0.804683,-0.306915,-0.876136,0.371701,-0.756061,0.461677,0.463955,0.0,0.0,0.0,0.0,0.0,0.0,-0.407817,-0.210686,0.004591,0.287159,-0.968881,0.083062,-0.233158,-0.228203,-0.66532,0.710779,-0.094852,0.74175,0.663832,0.001466,-0.002733,0.017495,-0.034548,-0.002117,0.007493,-1.403437,0.023751,0.046267,-0.027029,0.967813,0.102351,-0.229912,0.101115,0.678435,0.727667,0.230458,-0.727494,0.64625,0.007943,-0.001492,0.008247,-0.046423,0.102513,-0.121496,-0.896753,0.056629,0.035587,-0.063625,0.71496,0.123191,-0.688226,0.173327,0.922397,0.345168,0.677339,-0.36607,0.638124,-3e-06,-1e-06,-0.0,3.7e-05,-1.2e-05,-5.5e-05,-0.546879
608,0.115072,-0.009925,0.308927,-0.577181,-0.139258,-0.804683,-0.306915,-0.876136,0.371701,-0.756061,0.461677,0.463955,0.0,0.0,0.0,0.0,0.0,0.0,-0.408275,-0.210551,0.004616,0.287444,-0.969223,0.083001,-0.231752,-0.227168,-0.665031,0.711381,-0.093842,0.742017,0.663678,0.015901,-0.002934,0.016545,-0.042542,0.100893,-0.122874,-1.40383,0.023813,0.046279,-0.026888,0.968115,0.102385,-0.228623,0.100282,0.677935,0.728249,0.229554,-0.727956,0.646052,0.00064,0.004797,0.005438,0.001837,-0.032546,0.047754,-0.897569,0.056629,0.035587,-0.063625,0.71496,0.123191,-0.688226,0.173327,0.922397,0.345168,0.677339,-0.36607,0.638124,-2e-06,-0.0,-0.0,3.5e-05,-1.3e-05,-5.7e-05,-0.546879
609,0.115083,-0.009927,0.308926,-0.577067,-0.13917,-0.80478,-0.306998,-0.876158,0.371581,-0.756114,0.461662,0.463883,0.0,0.0,0.0,0.0,0.0,0.0,-0.408721,-0.210327,0.00465,0.287999,-0.969857,0.081239,-0.229717,-0.224353,-0.666319,0.711069,-0.094063,0.741058,0.664717,0.015718,-0.004183,0.015094,-0.013796,-0.027291,0.028186,-1.403246,0.023925,0.046298,-0.026608,0.968458,0.10407,-0.226402,0.097204,0.678825,0.727837,0.229433,-0.726887,0.647298,0.000536,0.004055,0.00458,-0.009439,0.086504,-0.14952,-0.899529,0.056634,0.035586,-0.063625,0.714873,0.123088,-0.688335,0.173431,0.922416,0.345065,0.677405,-0.366056,0.638062,-1e-06,-0.0,0.0,3.7e-05,-1.1e-05,-5.5e-05,-0.547042
610,0.115083,-0.009918,0.30892,-0.577053,-0.139165,-0.80479,-0.306985,-0.876172,0.371559,-0.75613,0.461637,0.463882,0.0,0.0,0.0,0.0,0.0,0.0,-0.408538,-0.210084,0.004604,0.288428,-0.970498,0.076172,-0.228741,-0.219634,-0.671364,0.707789,-0.098418,0.73704,0.668543,0.001046,-0.005778,0.013984,0.027235,-0.035127,-0.020791,-1.403433,0.024053,0.046274,-0.026387,0.968154,0.109098,-0.225331,0.091664,0.683079,0.724569,0.232968,-0.722149,0.651325,0.000504,-0.002978,0.006886,-0.008108,-0.039901,-0.025988,-0.900672,0.056634,0.03559,-0.063628,0.714862,0.123082,-0.688347,0.173422,0.922427,0.34504,0.677419,-0.366031,0.638063,-1e-06,-1e-06,1e-06,4.1e-05,-9e-06,-5.3e-05,-0.547206
611,0.115094,-0.00992,0.308919,-0.577038,-0.139151,-0.804804,-0.306998,-0.876175,0.37154,-0.756137,0.461635,0.463874,0.0,0.0,0.0,0.0,0.0,0.0,-0.407894,-0.209949,0.004571,0.288616,-0.970579,0.074561,-0.228929,-0.21849,-0.672938,0.706647,-0.100131,0.73577,0.669686,0.001004,-0.006087,0.013629,0.002246,-0.021793,-0.00935,-1.403238,0.02412,0.046259,-0.026299,0.967927,0.110804,-0.225473,0.090176,0.684443,0.723468,0.234487,-0.720596,0.652499,0.000459,-0.003316,0.006501,-0.024192,-0.028788,-0.016439,-0.900509,0.05664,0.035589,-0.063629,0.71485,0.123065,-0.688362,0.173438,0.92243,0.345024,0.677427,-0.366029,0.638055,-1e-06,0.0,0.0,4.4e-05,-1.1e-05,-4.9e-05,-0.547206
612,0.115094,-0.00992,0.308919,-0.577038,-0.139151,-0.804804,-0.306998,-0.876175,0.37154,-0.756137,0.461635,0.463874,0.0,0.0,0.0,0.0,0.0,0.0,-0.407819,-0.209746,0.004583,0.288943,-0.970703,0.072959,-0.22892,-0.217219,-0.674397,0.705648,-0.101663,0.734596,0.670743,0.000641,0.004854,0.005454,0.001737,-0.017212,0.023049,-1.403178,0.024222,0.046263,-0.02613,0.967735,0.112564,-0.225424,0.088615,0.685455,0.722701,0.235868,-0.71936,0.653365,0.000304,0.002344,0.00263,-0.004829,-0.015542,0.02439,-0.902631,0.05664,0.035589,-0.063629,0.71485,0.123065,-0.688362,0.173438,0.92243,0.345024,0.677427,-0.366029,0.638055,-1e-06,0.0,0.0,4.4e-05,-1.1e-05,-4.9e-05,-0.547042
613,0.115082,-0.009924,0.308914,-0.577068,-0.139176,-0.804778,-0.306975,-0.876169,0.371573,-0.756123,0.461639,0.463892,-0.0,-1e-06,-1e-06,0.0,0.0,0.0,-0.407326,-0.209667,0.004747,0.28917,-0.971078,0.072812,-0.227373,-0.216,-0.674374,0.706044,-0.100689,0.734633,0.67085,0.000616,0.004673,0.00524,0.0,-0.0,-0.0,-1.403146,0.024261,0.046343,-0.026019,0.968087,0.112643,-0.223872,0.087502,0.68515,0.723127,0.234841,-0.719639,0.653428,0.000357,0.002743,0.003073,0.000756,-0.015316,0.024741,-0.902795,0.056634,0.035587,-0.063632,0.714873,0.123095,-0.688334,0.173408,0.922425,0.345052,0.677411,-0.366032,0.638071,1e-06,4e-06,7e-06,3.8e-05,-8e-06,-3.7e-05,-0.546879
614,0.11508,-0.00993,0.308907,-0.576884,-0.13904,-0.804934,-0.307107,-0.876203,0.371384,-0.75621,0.461615,0.463773,-0.0,-2e-06,-2e-06,0.0,0.0,0.0,-0.40775,-0.209646,0.004937,0.289337,-0.97169,0.072523,-0.224837,-0.213949,-0.674488,0.70656,-0.09917,0.734557,0.67116,0.000544,0.00413,0.004623,-0.008589,0.100686,-0.136781,-1.403446,0.024271,0.046438,-0.025936,0.968615,0.112886,-0.22145,0.085616,0.68488,0.723608,0.233352,-0.719858,0.65372,0.000223,0.001719,0.001921,-0.000393,0.001192,0.001072,-0.903774,0.056633,0.035584,-0.063635,0.714731,0.122935,-0.688509,0.173572,0.922455,0.344889,0.677518,-0.366009,0.637969,-0.0,6e-06,6e-06,3e-05,1e-06,-3.7e-05,-0.546879
615,0.11509,-0.009937,0.3089,-0.576783,-0.138963,-0.805019,-0.30718,-0.876222,0.371278,-0.756257,0.461601,0.46371,-2.4e-05,-0.000103,-0.000112,0.0,0.0,0.0,-0.407804,-0.209646,0.005061,0.289414,-0.971813,0.072454,-0.224326,-0.213519,-0.674577,0.706605,-0.098891,0.734482,0.671282,0.000358,0.016407,-0.002045,0.036093,-0.014948,0.015663,-1.403658,0.024271,0.0465,-0.025897,0.968753,0.112951,-0.220813,0.0851,0.684868,0.72368,0.232968,-0.719859,0.653856,0.000184,0.008265,-0.000955,0.035763,-0.013961,0.016526,-0.902468,0.056638,0.03558,-0.063639,0.714655,0.122845,-0.688604,0.173662,0.922472,0.344799,0.677576,-0.365997,0.637915,-1.4e-05,-5.6e-05,-6.1e-05,3.3e-05,-2.1e-05,-1.4e-05,-0.546879
616,0.115087,-0.009949,0.308887,-0.576713,-0.138911,-0.805078,-0.307231,-0.876235,0.371206,-0.75629,0.461592,0.463665,-7.8e-05,-0.000327,-0.000358,0.0,0.0,0.0,-0.407219,-0.209509,0.005386,0.289619,-0.971858,0.072451,-0.224132,-0.213348,-0.674775,0.706467,-0.098817,0.7343,0.671492,0.000789,0.006027,0.006723,0.001456,-0.01707,0.023172,-1.403547,0.02434,0.046659,-0.025798,0.968806,0.11292,-0.220597,0.084908,0.685028,0.723551,0.232818,-0.719711,0.654072,0.000369,0.002843,0.003169,0.001229,-0.016398,0.023754,-0.903774,0.056636,0.035575,-0.063645,0.714601,0.122785,-0.688672,0.173724,0.922484,0.344736,0.677617,-0.365988,0.637877,-4.1e-05,-0.000171,-0.000187,2.6e-05,-9e-06,-3e-06,-0.546716
617,0.115073,-0.009959,0.308875,-0.576657,-0.138874,-0.805124,-0.307269,-0.876245,0.371152,-0.756317,0.461586,0.463628,-2.9e-05,-0.000122,-0.000134,0.0,0.0,0.0,-0.407271,-0.209339,0.005689,0.289843,-0.9722,0.072325,-0.222683,-0.212189,-0.674943,0.706656,-0.097951,0.734159,0.671774,0.00081,0.006223,0.006922,0.0,-0.0,-0.0,-1.403436,0.024425,0.046812,-0.025685,0.969117,0.11304,-0.219165,0.083774,0.684975,0.723733,0.231933,-0.719743,0.654351,0.000484,0.003735,0.004151,-0.008719,0.101199,-0.136305,-0.904591,0.05663,0.035569,-0.063651,0.714558,0.12274,-0.688724,0.17377,0.922492,0.344689,0.67765,-0.365981,0.637845,-1.4e-05,-6.2e-05,-6.8e-05,8e-06,-3e-06,-1.3e-05,-0.546553
