frame,MLTx,MLTy,MLTz,MLTR1,MLTR2,MLTR3,MLTR4,MLTR5,MLTR6,MLTR7,MLTR8,MLTR9,MLTTVx,MLTTVy,MLTTVz,MLTRVx,MLTRVy,MLTRVz,MLGA,MRTx,MRTy,MRTz,MRTR1,MRTR2,MRTR3,MRTR4,MRTR5,MRTR6,MRTR7,MRTR8,MRTR9,MRTTVx,MRTTVy,MRTTVz,MRTRVx,MRTRVy,MRTRVz,MRGA,SLTx,SLTy,SLTz,SLTR1,SLTR2,SLTR3,SLTR4,SLTR5,SLTR6,SLTR7,SLTR8,SLTR9,SLTTVx,SLTTVy,SLTTVz,SLTRVx,SLTRVy,SLTRVz,SLGA,SRTx,SRTy,SRTz,SRTR1,SRTR2,SRTR3,SRTR4,SRTR5,SRTR6,SRTR7,SRTR8,SRTR9,SRTTVx,SRTTVy,SRTTVz,SRTRVx,SRTRVy,SRTRVz,SRGA
786,0.149898,-0.042079,0.344857,-0.525608,-0.137484,-0.839571,-0.034267,-0.982631,0.1823,-0.849402,0.124753,0.512817,0.015115,0.000158,0.000101,0.054757,0.021952,0.027517,-0.408243,-0.17102,-0.03574,0.332647,-0.870231,0.330914,0.364945,-0.148015,-0.882073,0.447184,0.470977,0.334722,0.816092,3.5e-05,0.002423,0.002479,-0.193019,0.152343,0.092636,-0.639935,0.042495,0.026228,-0.0147,0.796404,-0.263704,0.544242,0.100478,0.945114,0.310907,-0.596359,-0.192923,0.779189,0.007469,0.00179,0.001163,-0.309619,0.215784,0.199251,-0.712888,0.076728,0.016481,-0.052519,0.523024,0.202676,-0.827869,-0.10666,0.979244,0.17235,0.845617,-0.001843,0.533785,0.007589,0.000283,0.000255,0.440464,-0.174862,-0.000447,-0.49087
787,0.150165,-0.04206,0.344773,-0.529688,-0.137907,-0.836934,-0.022774,-0.984024,0.176494,-0.847247,0.112712,0.51913,0.014782,-0.002565,-0.00262,0.135962,0.376304,0.180573,-0.512544,-0.17089,-0.035622,0.332637,-0.873102,0.321814,0.366226,-0.137195,-0.882876,0.449045,0.468934,0.341415,0.814494,2.6e-05,0.001869,0.001911,-0.329236,0.341863,-0.023747,-0.350892,0.04256,0.02629,-0.014701,0.799662,-0.254184,0.543994,0.089766,0.946404,0.310258,-0.593701,-0.199269,0.779621,0.007461,0.001453,0.000813,-0.54835,0.4121,0.281841,-0.634182,0.076862,0.016498,-0.052554,0.526001,0.204193,-0.825607,-0.118251,0.97888,0.166762,0.842222,0.009912,0.539037,0.007472,0.004398,-0.005396,0.248526,0.436554,0.480718,-0.542144
788,0.151031,-0.041707,0.344344,-0.544823,-0.132405,-0.828059,-0.02169,-0.984898,0.17169,-0.837612,0.111659,0.534757,0.030051,0.019515,-0.019688,0.159158,0.308701,0.191788,-0.720492,-0.170737,-0.035343,0.33233,-0.875939,0.306388,0.372623,-0.1152,-0.882781,0.455368,0.46956,0.355565,0.808053,-0.000899,0.007955,-0.011551,-0.452672,0.377063,0.254606,-0.048475,0.042638,0.026431,-0.014839,0.802013,-0.237523,0.548049,0.066931,0.947492,0.312693,-0.593544,-0.214102,0.775799,0.007002,0.004327,-0.00609,0.018168,-0.004425,0.062586,-0.517756,0.077289,0.016661,-0.052767,0.542356,0.200604,-0.815847,-0.119338,0.979623,0.161541,0.831629,0.009749,0.555245,0.007552,0.005159,-0.004653,0.069076,0.492945,0.028698,-0.700699
789,0.15192,-0.040992,0.343794,-0.573071,-0.129928,-0.809168,-0.023215,-0.98438,0.174437,-0.818484,0.118905,0.562114,0.015342,0.023037,-0.01611,0.279797,0.673265,0.193292,-0.813566,-0.170726,-0.034915,0.331535,-0.874247,0.303986,0.378517,-0.105437,-0.879832,0.46337,0.474984,0.364809,0.800729,-0.001835,0.013122,-0.025968,-0.270034,0.262797,0.17675,0.107706,0.042643,0.026648,-0.015232,0.798892,-0.234895,0.55371,0.055739,0.94554,0.320697,-0.598885,-0.225339,0.768477,-0.000908,0.006316,-0.01324,-0.413957,0.369653,0.24354,-0.437417,0.077738,0.017015,-0.053045,0.569541,0.202513,-0.796624,-0.11774,0.979279,0.164769,0.813486,-4.8e-05,0.581583,0.015124,0.005578,-0.004287,0.319789,0.925108,0.247958,-0.805858
790,0.152832,-0.04049,0.343294,-0.609577,-0.114006,-0.784516,-0.029597,-0.98564,0.166163,-0.791438,0.124643,0.598429,0.029764,0.017852,-0.02139,0.414278,1.014709,0.349701,-0.850996,-0.170916,-0.034293,0.330231,-0.874387,0.301004,0.380574,-0.097733,-0.877369,0.469688,0.476375,0.373117,0.796062,-0.002757,0.019511,-0.039167,0.036557,-0.030487,0.220497,0.33802,0.042547,0.026964,-0.015895,0.798313,-0.232293,0.55564,0.046984,0.943829,0.327075,-0.600407,-0.235002,0.764385,-0.001361,0.009557,-0.019783,0.090416,-0.06932,0.198725,-0.240978,0.07819,0.017277,-0.053285,0.606884,0.192135,-0.771216,-0.111438,0.981325,0.156788,0.786938,-0.009209,0.616962,0.007479,0.004707,-0.005115,0.394191,1.203164,0.203568,-0.854192
791,0.153236,-0.040325,0.343104,-0.627906,-0.102954,-0.771479,-0.032136,-0.986935,0.157793,-0.776867,0.123993,0.617358,0.014959,-0.000803,-0.000907,0.447457,1.407683,0.265055,-0.897908,-0.171099,-0.033876,0.329352,-0.874428,0.306048,0.376434,-0.101521,-0.874029,0.475081,0.475506,0.376824,0.794834,-0.003669,0.026591,-0.051663,-0.248848,0.271446,0.223725,0.401923,0.042457,0.027165,-0.016312,0.799851,-0.236729,0.55154,0.050229,0.942108,0.331525,-0.598092,-0.237468,0.765437,-0.00926,0.012715,-0.025756,-0.289535,0.270098,0.239217,-0.096956,0.078403,0.017362,-0.053392,0.626013,0.183961,-0.757803,-0.10895,0.982877,0.148598,0.772164,-0.010462,0.635336,0.007485,-0.000434,-0.000498,0.42502,1.364749,0.251372,-0.883748
792,0.154176,-0.040072,0.342733,-0.656519,-0.078864,-0.750206,-0.053234,-0.987193,0.150292,-0.751637,0.138697,0.64485,0.029793,-0.002655,-0.002888,-1.045375,0.936544,1.029066,-0.971444,-0.171467,-0.033211,0.327209,-0.876099,0.307227,0.371557,-0.105838,-0.874284,0.473667,0.471465,0.375268,0.797971,-0.017861,0.006198,-0.05182,0.101842,0.027071,-0.049136,0.44804,0.042278,0.02751,-0.017379,0.801465,-0.239731,0.547888,0.054492,0.941601,0.332289,-0.595552,-0.236463,0.767725,-0.001886,0.008246,-0.031137,0.144142,0.014962,-0.030161,0.212153,0.078862,0.01749,-0.053575,0.658144,0.164172,-0.734774,-0.089225,0.986066,0.140399,0.747586,-0.026843,0.663621,0.007317,0.004021,-0.005863,-3.878723,1.614683,3.5548,-0.940083
793,0.155193,-0.039851,0.342373,-0.680472,-0.048409,-0.731204,-0.086014,-0.985638,0.145227,-0.72689,0.161771,0.667449,0.014768,0.008193,-0.011458,0.301988,0.941131,0.064103,-1.024536,-0.172011,-0.033052,0.325007,-0.882712,0.284754,0.3738,-0.084809,-0.878813,0.469499,0.463296,0.382374,0.799381,-0.018016,0.00078,-0.057821,-1.967184,-2.555898,-4.495496,0.501717,0.042006,0.027588,-0.018481,0.806462,-0.222271,0.547916,0.039579,0.944869,0.325046,-0.589958,-0.240451,0.770799,-0.008976,0.000183,-0.029115,0.07851,0.134063,-0.258368,0.428676,0.079376,0.017596,-0.053752,0.684267,0.137279,-0.716192,-0.054504,0.989001,0.137497,0.727191,-0.05505,0.684223,0.014941,0.004356,-0.005551,0.014841,0.415675,-0.049773,-0.991193
794,0.155549,-0.039693,0.342162,-0.68935,-0.028679,-0.723892,-0.111007,-0.983231,0.14459,-0.715045,0.180059,0.675512,0.029757,0.007835,-0.01196,-0.998181,0.703338,1.219334,-1.075649,-0.172429,-0.033081,0.323853,-0.888188,0.266339,0.374402,-0.068656,-0.882493,0.465217,0.455424,0.387162,0.801597,-0.033063,-0.00236,-0.060022,0.088802,0.029236,-0.143317,0.511734,0.041802,0.027575,-0.019057,0.814165,-0.198746,0.545559,0.01929,0.948333,0.316688,-0.580313,-0.247313,0.775933,-0.009024,-0.00132,-0.03081,0.024748,-0.001316,-0.214088,0.471459,0.079559,0.017677,-0.053863,0.697056,0.118521,-0.707152,-0.029942,0.990194,0.136445,0.71639,-0.073936,0.69377,0.014884,0.003883,-0.006024,-1.004753,0.718327,1.230637,-1.006869
795,0.156131,-0.039358,0.341598,-0.705945,0.042507,-0.707022,-0.196821,-0.970652,0.138089,-0.679528,0.23658,0.694477,0.01449,0.016458,-0.022722,-3.625037,1.598042,4.199319,-1.207901,-0.173384,-0.033306,0.32133,-0.889951,0.2586,0.375638,-0.066619,-0.888424,0.454091,0.452267,0.378771,0.807372,-0.03253,-0.018937,-0.058184,0.275393,-0.090032,-0.256408,0.509113,0.041324,0.027468,-0.02032,0.815677,-0.19127,0.545972,0.019076,0.952141,0.305062,-0.578192,-0.238417,0.780288,-0.009152,-0.004124,-0.034093,0.40042,-0.180673,-0.248259,0.500525,0.079845,0.017841,-0.054135,0.721305,0.055285,-0.690407,0.05157,0.989755,0.133133,0.690694,-0.131634,0.711065,0.00724,0.002633,-0.007209,-0.239447,0.484802,0.14715,-1.031199
796,0.156527,-0.03925,0.340925,-0.722887,0.096747,-0.684193,-0.253606,-0.958191,0.13238,-0.641886,0.269086,0.718055,-0.000919,0.001955,-0.017576,0.381692,1.074832,0.096862,-1.233315,-0.174395,-0.033716,0.318817,-0.899055,0.23739,0.367882,-0.056786,-0.896231,0.439862,0.435252,0.374273,0.818742,-0.018487,-0.005873,-0.066334,0.533738,-0.309511,-0.293752,0.501937,0.040813,0.027248,-0.021585,0.826241,-0.171897,0.536446,0.011646,0.957311,0.288821,-0.563194,-0.232389,0.792973,-0.016738,-0.003829,-0.033444,0.727686,-0.525192,-0.256154,0.494156,0.080049,0.017903,-0.05447,0.745313,-0.000243,-0.666714,0.115684,0.984878,0.128964,0.656601,-0.173246,0.73407,-0.000466,0.000777,-0.008997,0.109218,0.530154,0.129439,-1.030546
797,0.156386,-0.039301,0.340479,-0.743824,0.122956,-0.657003,-0.277886,-0.95084,0.136581,-0.606991,0.284005,0.742247,-0.000505,-0.004873,-0.004894,-0.599402,1.184679,-0.289706,-1.247173,-0.175507,-0.034017,0.316297,-0.906325,0.227066,0.35638,-0.059756,-0.903612,0.424087,0.41946,0.362781,0.832049,-0.032905,-0.016406,-0.056758,0.429691,-0.299365,-0.158162,0.501726,0.040263,0.027099,-0.02285,0.835585,-0.163244,0.524546,0.017143,0.962113,0.272111,-0.549093,-0.218379,0.806725,-0.016811,-0.002635,-0.032454,0.571845,-0.313565,-0.343221,0.491054,0.079984,0.017872,-0.054706,0.76847,-0.024395,-0.63942,0.139558,0.981606,0.130273,0.624481,-0.189347,0.75774,-0.000243,-0.002419,-0.002396,-3.312981,1.65899,4.064238,-1.029403
798,0.156393,-0.039382,0.340456,-0.750698,0.148755,-0.643715,-0.306564,-0.941504,0.139862,-0.584326,0.302143,0.753193,-0.000169,-0.012468,0.007038,-0.197037,0.79363,0.066549,-1.251454,-0.176157,-0.034233,0.315088,-0.909302,0.220046,0.353185,-0.059312,-0.908473,0.413632,0.413017,0.354895,0.838647,-0.033026,-0.01643,-0.05712,0.681509,-0.511607,-0.263294,0.505862,0.039938,0.026992,-0.023454,0.83862,-0.157671,0.521397,0.018245,0.964784,0.262407,-0.54441,-0.210547,0.811964,-0.016893,-0.003377,-0.033452,0.238938,-0.046873,-0.209044,0.493666,0.079981,0.01783,-0.054726,0.780041,-0.04849,-0.623847,0.169983,0.975921,0.136687,0.602197,-0.212664,0.7695,-0.000101,-0.001069,-0.00107,-0.916874,0.979225,1.281683,-1.029239
799,0.156504,-0.039632,0.34063,-0.759215,0.216234,-0.613906,-0.378362,-0.914077,0.145871,-0.528675,0.342752,0.776563,-1e-06,-1.3e-05,-1.3e-05,-3.188364,1.544925,3.99303,-1.240822,-0.177255,-0.034941,0.312787,-0.915807,0.204199,0.345818,-0.057325,-0.918595,0.390935,0.398643,0.337944,0.852491,-0.032451,-0.026537,-0.048442,0.429863,-0.244222,-0.35124,0.505067,0.039395,0.02665,-0.024591,0.847207,-0.142479,0.5118,0.02028,0.971337,0.236839,-0.530875,-0.190272,0.825813,-0.009009,-0.007987,-0.029277,0.68248,-0.512755,-0.257975,0.496932,0.080037,0.017703,-0.054635,0.79719,-0.109599,-0.593696,0.239801,0.959965,0.144781,0.55406,-0.257787,0.791557,3.6e-05,-0.005073,0.00468,0.245852,1.057323,-0.088447,-1.031852
800,0.156469,-0.039604,0.340585,-0.753664,0.291492,-0.589126,-0.456524,-0.876954,0.150032,-0.471971,0.381656,0.794739,-5.1e-05,0.01036,-0.009157,-0.789154,0.901697,1.020772,-1.176799,-0.178019,-0.035931,0.3111,-0.924959,0.188915,0.329777,-0.05863,-0.928108,0.367575,0.37667,0.320424,0.869086,-0.017173,-0.019355,-0.042077,0.761366,-0.605312,-0.313401,0.504229,0.039007,0.026146,-0.025452,0.858294,-0.131122,0.496122,0.025091,0.97637,0.214641,-0.512544,-0.171777,0.841303,-0.015761,-0.014902,-0.015857,0.502153,-0.412404,-0.221474,0.496279,0.080019,0.017715,-0.054651,0.80184,-0.184657,-0.568289,0.322435,0.934418,0.151321,0.503077,-0.304572,0.808794,-2.1e-05,0.00523,-0.004537,0.027122,1.015807,0.142549,-1.017972
801,0.156537,-0.039493,0.340505,-0.754674,0.33098,-0.566538,-0.499245,-0.849921,0.168405,-0.42484,0.409516,0.807363,-3e-06,0.010827,-0.008687,-2.568971,2.502621,-0.458946,-1.149835,-0.178427,-0.036455,0.310543,-0.930918,0.181758,0.316776,-0.060457,-0.931947,0.357424,0.361352,0.313358,0.87812,-0.016312,-0.026468,-0.0294,0.453526,-1.304768,0.054993,0.503654,0.038791,0.025863,-0.025761,0.866894,-0.125313,0.482482,0.028697,0.978827,0.202664,-0.497663,-0.161843,0.852136,-0.00812,-0.01292,-0.014321,0.523665,-1.44961,0.047745,0.495789,0.080054,0.017771,-0.054691,0.806139,-0.228087,-0.545998,0.372289,0.912713,0.168387,0.459934,-0.339013,0.820688,0.007567,-5.1e-05,-8.2e-05,-3.415067,1.650684,4.569146,-1.003113
802,0.156868,-0.039255,0.340182,-0.760868,0.413736,-0.499948,-0.572041,-0.791372,0.215572,-0.305514,0.449493,0.839431,-0.000307,0.007905,-0.011624,-3.120926,2.583043,3.656722,-1.053401,-0.178844,-0.037385,0.309668,-0.943516,0.160932,0.289599,-0.062342,-0.944582,0.322198,0.326588,0.285749,0.900861,-0.000749,-0.017578,-0.02059,1.164292,-1.051185,-0.288413,0.502759,0.038583,0.025401,-0.026195,0.883503,-0.110032,0.455318,0.036091,0.98512,0.168032,-0.467032,-0.132024,0.874328,-0.00035,-0.008593,-0.010057,0.870476,-0.823862,-0.138666,0.494483,0.08022,0.017896,-0.054846,0.824194,-0.30471,-0.477342,0.44761,0.866872,0.219492,0.346913,-0.394567,0.850862,0.0073,0.003317,-0.006542,-1.675584,2.614941,-1.475225,-0.977966
803,0.15681,-0.038736,0.339722,-0.745506,0.491704,-0.449992,-0.631544,-0.736943,0.240914,-0.212238,0.463177,0.860494,0.000124,0.022993,-0.01602,-0.860574,1.292012,0.767555,-1.014252,-0.178835,-0.037799,0.30902,-0.957587,0.126247,0.258998,-0.047195,-0.955333,0.291625,0.285451,0.266882,0.92041,-0.015759,-0.010835,-0.011436,0.746553,-0.787201,0.081376,0.502889,0.038587,0.02519,-0.026524,0.903872,-0.07962,0.420327,0.026088,0.990958,0.131611,-0.427006,-0.107994,0.897776,-0.00784,-0.004975,-0.005199,0.731206,-0.772123,0.086584,0.494319,0.08019,0.01815,-0.05509,0.81732,-0.388178,-0.425799,0.517815,0.818953,0.24735,0.252694,-0.422649,0.870351,8e-05,0.011691,-0.007822,-0.910865,1.225475,0.772784,-0.9618
804,0.156842,-0.038381,0.339608,-0.713206,0.559651,-0.422105,-0.685657,-0.682187,0.253906,-0.144974,0.469807,0.870799,0.000626,0.017008,-0.002473,-4.009697,4.362932,3.081254,-1.009153,-0.178894,-0.03787,0.308764,-0.963907,0.110866,0.24204,-0.04071,-0.959702,0.277936,0.264313,0.25792,0.929235,-0.001088,0.0035,-0.017209,0.828955,-0.759408,-0.039226,0.502844,0.038558,0.025157,-0.026641,0.912366,-0.067852,0.403713,0.021366,0.992717,0.118561,-0.408818,-0.099546,0.90717,-0.000124,-0.003283,-0.003874,0.517556,-0.632839,0.24761,0.493993,0.080205,0.01831,-0.05515,0.795171,-0.453297,-0.402771,0.574455,0.775814,0.260983,0.194173,-0.4389,0.877304,0.00044,0.008521,-0.001237,-3.173187,2.401976,5.418608,-0.973068
805,0.156886,-0.037978,0.339661,-0.651803,0.661397,-0.37115,-0.757713,-0.589026,0.280874,-0.032042,0.463474,0.885546,0.000382,0.003743,0.003751,-3.891749,4.018111,3.283308,-1.009855,-0.178957,-0.037916,0.308457,-0.971603,0.075893,0.224097,-0.01477,-0.964608,0.263148,0.23736,0.252278,0.938019,-0.00012,-0.002767,-0.003271,0.536774,-0.564448,0.095565,0.502382,0.038526,0.025136,-0.0268,0.923687,-0.036313,0.381421,-0.001897,0.995052,0.099328,-0.383142,-0.092471,0.919048,-3.8e-05,-0.001309,-0.00155,-0.028047,-0.061917,0.141563,0.49334,0.080229,0.018535,-0.055114,0.74733,-0.564868,-0.349888,0.659721,0.693529,0.289455,0.079154,-0.447147,0.890951,0.000119,0.001386,0.001393,-0.69248,0.972885,0.772963,-1.003766
806,0.156598,-0.037945,0.339521,-0.607135,0.715403,-0.345877,-0.794315,-0.534069,0.289494,0.023133,0.449605,0.892943,-0.000421,0.006775,-0.012746,-0.035653,0.315654,-0.403284,-1.035069,-0.179067,-0.037618,0.308273,-0.973816,0.052855,0.221086,0.007829,-0.96405,0.265479,0.228396,0.260201,0.93808,-0.015998,0.012497,-0.005264,-0.004906,0.03232,0.007571,0.497068,0.038471,0.025285,-0.026892,0.927235,-0.013701,0.374228,-0.024525,0.994963,0.097192,-0.373675,-0.099298,0.922228,-0.007973,0.006523,-0.002308,0.013655,0.023877,0.005959,0.49089,0.080086,0.018557,-0.055172,0.707453,-0.628482,-0.323293,0.706555,0.639903,0.302164,0.016971,-0.442191,0.896759,-0.007666,-0.001342,-0.001255,-0.205404,0.410332,-0.115246,-1.011604
807,0.156612,-0.03817,0.339353,-0.551863,0.780298,-0.294325,-0.824798,-0.458447,0.330918,0.123963,0.424407,0.896961,-0.000773,-0.007503,-0.007541,-2.341344,2.863288,-0.05868,-1.036855,-0.179307,-0.037186,0.308291,-0.971516,0.057227,0.229945,0.008562,-0.961123,0.275868,0.238015,0.269914,0.93293,0.000232,0.005241,0.006181,-0.400055,0.374429,0.013163,0.491543,0.038352,0.025495,-0.026882,0.923952,-0.015988,0.382173,-0.026677,0.993999,0.10608,-0.381576,-0.108208,0.917981,0.000144,0.003172,0.003743,-0.492025,0.43054,0.093632,0.483052,0.080093,0.018451,-0.055256,0.660999,-0.698377,-0.274498,0.745762,0.570846,0.343472,-0.083176,-0.431745,0.898152,0.007192,-0.009355,0.000167,-2.451673,2.869872,4.745985,-1.02679
808,0.156749,-0.038367,0.339139,-0.492272,0.831397,-0.25786,-0.847801,-0.390724,0.358524,0.197931,0.394069,0.89753,0.01382,-0.011796,-0.012034,-2.164797,2.897738,-0.14611,-1.000523,-0.179309,-0.036968,0.308356,-0.970494,0.058631,0.233872,0.00935,-0.959936,0.279943,0.242137,0.273804,0.930733,-0.000516,0.016515,-0.001861,-0.149407,0.211862,-0.07079,0.491876,0.038351,0.025606,-0.026847,0.921899,-0.017624,0.387027,-0.027976,0.993329,0.111872,-0.386417,-0.113963,0.915256,-0.000233,0.008809,-0.000279,-0.196548,0.144403,0.160175,0.481256,0.080157,0.018357,-0.055353,0.611357,-0.754301,-0.239311,0.775286,0.510272,0.372227,-0.158657,-0.413099,0.896758,-0.000589,-0.005617,-0.005639,-1.259805,1.758645,1.113403,-1.019605
809,0.156379,-0.03845,0.338441,-0.403236,0.888283,-0.219999,-0.873073,-0.301345,0.383285,0.274667,0.345523,0.897329,-0.016007,0.001591,-0.017874,-0.620487,0.797,0.748729,-0.952493,-0.179341,-0.036615,0.308551,-0.968344,0.064795,0.241045,0.008312,-0.956645,0.291023,0.25067,0.28374,0.925483,0.000259,0.005884,0.006913,-0.319093,0.305654,0.001514,0.49272,0.038335,0.025792,-0.026747,0.918693,-0.022113,0.39435,-0.028713,0.99205,0.122521,-0.393925,-0.123882,0.910755,-0.007522,0.002584,0.003692,-0.450037,0.320499,0.203656,0.480603,0.079975,0.0183,-0.055725,0.526141,-0.826586,-0.199823,0.813889,0.421345,0.400065,-0.246493,-0.373125,0.894436,-0.008018,0.000745,-0.008945,-0.697698,0.724934,0.760152,-0.975027
810,0.15579,-0.038531,0.337894,-0.401891,0.893485,-0.200533,-0.869227,-0.303294,0.390421,0.28851,0.330103,0.898788,-0.001037,-0.009808,-0.009956,-0.013047,0.191249,-0.38111,-1.048203,-0.179589,-0.036589,0.308651,-0.96934,0.064189,0.237172,0.00843,-0.955847,0.29363,0.246768,0.286553,0.925665,0.00073,-0.011568,0.007691,-0.048764,0.109209,-0.190465,0.491617,0.038211,0.02582,-0.026687,0.920147,-0.022664,0.390916,-0.029009,0.991634,0.125772,-0.390496,-0.127069,0.911792,-0.007671,-0.000819,-0.000304,0.004119,0.013978,-0.03135,0.48044,0.079681,0.018263,-0.055994,0.525377,-0.831367,-0.181127,0.80945,0.42274,0.407529,-0.262237,-0.36072,0.895048,-0.000525,-0.010366,-0.000665,-0.030246,0.117695,-0.231929,-0.991356
811,0.15612,-0.039523,0.337544,-0.399271,0.896764,-0.190898,-0.870842,-0.30574,0.384875,0.287269,0.318794,0.903257,0.013098,-0.029817,-0.010864,0.29863,0.398758,0.103997,-1.160635,-0.179857,-0.036706,0.308553,-0.969004,0.062378,0.239021,0.010683,-0.955938,0.293262,0.248002,0.286654,0.925304,-0.015438,-0.003675,-0.003015,-0.002045,0.015205,-0.029245,0.492097,0.038084,0.025754,-0.02673,0.919553,-0.020448,0.392431,-0.031295,0.991662,0.125003,-0.391716,-0.127228,0.911246,-0.007726,-0.002002,-0.001696,-0.014137,0.113659,-0.201439,0.480113,0.079842,0.017795,-0.056154,0.524551,-0.83377,-0.172254,0.809834,0.426207,0.403132,-0.262704,-0.350961,0.898783,0.006562,-0.014825,-0.005342,0.398225,0.408204,0.373285,-1.053406
812,0.156116,-0.040047,0.337288,-0.396603,0.897579,-0.192621,-0.87301,-0.303825,0.381467,0.284361,0.318333,0.90434,-0.002033,-0.019347,-0.019843,0.036472,0.066907,-0.032074,-1.190991,-0.180047,-0.03673,0.308445,-0.968346,0.062459,0.241652,0.01191,-0.95535,0.295126,0.250513,0.288591,0.924025,-0.015459,-0.004032,-0.003441,-0.057684,0.068663,-0.027926,0.492253,0.037988,0.025743,-0.026791,0.918451,-0.020171,0.395019,-0.03282,0.991368,0.126933,-0.39417,-0.129547,0.909861,-7.1e-05,-0.001593,-0.001865,-0.057546,0.132623,-0.147045,0.480276,0.079844,0.017514,-0.056286,0.520891,-0.835973,-0.172686,0.813222,0.424479,0.398105,-0.259503,-0.347801,0.900939,-0.00856,-0.015026,-0.005451,-0.046213,-0.012484,0.073962,-1.056672
813,0.156086,-0.040826,0.336381,-0.391076,0.900263,-0.191397,-0.877182,-0.301561,0.373609,0.27911,0.312878,0.907872,0.01256,-0.024546,-0.025522,0.176177,0.121348,0.217619,-1.198347,-0.180527,-0.03673,0.308309,-0.967856,0.059908,0.244247,0.015001,-0.955564,0.294289,0.252242,0.288425,0.923606,-8.2e-05,-0.001707,-0.002009,-1e-05,7e-06,5e-06,0.489751,0.037748,0.025738,-0.026864,0.917686,-0.017173,0.396932,-0.035685,0.991464,0.125396,-0.395698,-0.129239,0.909241,-0.007665,-0.000624,-7.9e-05,-0.012859,0.11277,-0.20203,0.479133,0.079824,0.017128,-0.056736,0.51643,-0.838874,-0.172012,0.817348,0.422961,0.391209,-0.255421,-0.342626,0.904083,-0.001288,-0.006919,-0.017088,0.289156,0.285973,0.038792,-1.050794
814,0.156832,-0.041872,0.335106,-0.38232,0.90521,-0.185664,-0.882639,-0.298212,0.363304,0.27397,0.301645,0.913224,0.027118,-0.031575,-0.033311,0.444649,0.508573,0.184905,-1.197027,-0.180795,-0.036803,0.308422,-0.967123,0.059715,0.24718,0.016701,-0.954857,0.296484,0.254943,0.290797,0.92212,4.6e-05,0.000955,0.001123,-0.053574,0.039485,0.026437,0.489451,0.037608,0.025698,-0.026811,0.916453,-0.016535,0.399799,-0.037791,0.991103,0.127616,-0.398353,-0.132063,0.907675,2.6e-05,0.000569,0.000675,-0.031988,0.024893,0.019264,0.477011,0.080192,0.016609,-0.057369,0.509135,-0.844271,-0.16729,0.822922,0.42057,0.381992,-0.252148,-0.332152,0.908897,0.005997,-0.015626,-0.016425,0.498472,0.484143,0.402056,-1.048998
815,0.157136,-0.042536,0.33451,-0.371935,0.910297,-0.181849,-0.88736,-0.291079,0.357543,0.272995,0.293215,0.916256,0.012083,-0.03051,-0.032262,0.479854,0.563928,0.174381,-1.199747,-0.180876,-0.036755,0.308422,-0.966951,0.058862,0.248059,0.017735,-0.95493,0.296191,0.255529,0.290734,0.921977,-0.000712,0.011566,-0.007693,0.035651,-0.010209,0.018485,0.489578,0.037568,0.02572,-0.026806,0.916204,-0.0155,0.400411,-0.038747,0.991142,0.127025,-0.398834,-0.131896,0.907487,2e-05,0.000425,0.000504,-0.00307,0.092245,-0.175477,0.477174,0.080348,0.016271,-0.057673,0.499511,-0.850699,-0.163704,0.828714,0.414163,0.376433,-0.25243,-0.323697,0.911865,0.006059,-0.015229,-0.016102,0.062774,0.020563,0.199214,-1.05504
816,0.157709,-0.043704,0.333568,-0.364744,0.915985,-0.167267,-0.890421,-0.290539,0.350299,0.27272,0.275566,0.921799,0.013066,-0.032754,-0.014811,0.19372,0.31833,0.05003,-1.279936,-0.180977,-0.036601,0.30834,-0.965448,0.061994,0.253095,0.017954,-0.952987,0.302369,0.261155,0.296395,0.918592,3.5e-05,0.000715,0.000841,-0.169703,0.125909,0.084311,0.489581,0.037517,0.025797,-0.026847,0.914005,-0.017427,0.405328,-0.040022,0.990331,0.132827,-0.403724,-0.137627,0.904469,2.7e-05,0.000546,0.000645,-0.296528,0.217041,0.13943,0.4775,0.080633,0.015675,-0.058164,0.491889,-0.857988,-0.14799,0.832685,0.41394,0.367816,-0.254323,-0.304154,0.918046,0.01416,-0.01104,-0.011894,0.243666,0.363119,0.129434,-1.085738
817,0.158532,-0.044903,0.333158,-0.350259,0.92482,-0.148565,-0.89884,-0.287185,0.331031,0.263909,0.248331,0.932046,0.013559,-0.028766,-0.010724,0.433254,0.533983,0.198022,-1.360406,-0.180986,-0.036511,0.308415,-0.965242,0.065217,0.253074,0.016453,-0.951111,0.308304,0.262021,0.301677,0.916624,0.000143,0.002919,0.00343,-0.27081,0.188015,0.160482,0.489509,0.037513,0.025843,-0.026816,0.91391,-0.020298,0.405408,-0.039458,0.989577,0.138494,-0.403994,-0.142568,0.903583,5.3e-05,0.001119,0.001313,-0.455564,0.337732,0.206621,0.477337,0.081045,0.015076,-0.058369,0.478817,-0.868285,-0.12967,0.841715,0.412062,0.348882,-0.249497,-0.276196,0.928151,0.014457,-0.019808,-0.001141,0.518016,0.666674,0.228539,-1.105496
818,0.158719,-0.046194,0.333122,-0.337818,0.932554,-0.127544,-0.905914,-0.285321,0.312863,0.255785,0.220073,0.941365,-0.01649,-0.022822,-0.004129,0.442222,0.665907,-0.034288,-1.418745,-0.180955,-0.036396,0.30858,-0.965943,0.06583,0.250224,0.015356,-0.950633,0.309832,0.259482,0.303047,0.916895,0.000234,0.004775,0.005603,-0.342898,-0.695069,0.349372,0.489503,0.037528,0.0259,-0.026734,0.914656,-0.021968,0.403633,-0.038553,0.98923,0.1412,-0.402388,-0.144711,0.903958,0.000119,0.002489,0.002919,-0.378752,-0.770841,0.377748,0.4775,0.08115,0.014426,-0.058391,0.466858,-0.877517,-0.109568,0.84944,0.410524,0.331544,-0.245955,-0.247856,0.937055,-0.000553,-0.011228,-0.00195,0.431886,0.559614,0.253965,-1.071695
819,0.158709,-0.046583,0.333007,-0.336971,0.933562,-0.1223,-0.906536,-0.286559,0.309916,0.254694,0.214139,0.943028,-0.00107,-0.022022,-0.00345,0.198359,0.276873,0.072141,-1.413169,-0.180963,-0.03631,0.308681,-0.966586,0.066191,0.247632,0.014553,-0.950182,0.311249,0.257113,0.304376,0.917121,0.000203,0.004159,0.004876,-7.6e-05,-0.000148,7.1e-05,0.489825,0.037524,0.025944,-0.026681,0.915778,-0.022817,0.401035,-0.037936,0.989009,0.142899,-0.399889,-0.146077,0.904847,0.000121,0.002506,0.00294,0.00551,-0.008389,0.022018,0.4775,0.081139,0.014225,-0.058449,0.465292,-0.879082,-0.103522,0.850387,0.41149,0.327897,-0.24565,-0.240602,0.939023,-0.000516,-0.010848,-0.001554,0.197967,0.275323,0.069515,-1.075287
820,0.158827,-0.047181,0.332419,-0.337445,0.933454,-0.121821,-0.906299,-0.287101,0.310109,0.254912,0.213888,0.943027,-0.001554,-0.015722,-0.0171,-0.001674,0.025633,-0.051599,-1.400665,-0.180975,-0.036096,0.30895,-0.967165,0.066268,0.245341,0.014111,-0.949738,0.312622,0.254943,0.305742,0.917273,0.00029,0.005938,0.006944,0.001773,-0.014284,0.024964,0.490204,0.037518,0.026053,-0.026546,0.916673,-0.023252,0.398959,-0.037737,0.988809,0.144336,-0.397851,-0.147364,0.905537,0.000143,0.00301,0.00352,0.001912,-0.013888,0.024554,0.477664,0.081199,0.013942,-0.058726,0.465381,-0.879074,-0.103184,0.85022,0.411581,0.328215,-0.246056,-0.240475,0.93895,-0.000777,-0.00794,-0.008635,0.000438,-0.068926,0.119754,-1.075451
821,0.159009,-0.047434,0.331464,-0.338926,0.931604,-0.131482,-0.906011,-0.28546,0.312456,0.253968,0.223863,0.940964,0.013974,-0.00324,-0.024196,-0.240569,-0.406888,0.059076,-1.403671,-0.181035,-0.035895,0.309175,-0.96696,0.065266,0.246415,0.015375,-0.949803,0.312365,0.255648,0.305758,0.917071,0.000182,0.003723,0.004344,0.001773,-0.014285,0.024964,0.490884,0.037488,0.026155,-0.026431,0.916326,-0.022058,0.399823,-0.038972,0.988828,0.143871,-0.398531,-0.147415,0.90523,8.1e-05,0.001732,0.002022,-0.012317,0.098572,-0.172439,0.478317,0.081284,0.013803,-0.059208,0.46634,-0.877502,-0.111874,0.850453,0.409935,0.32967,-0.243425,-0.248882,0.937443,0.00692,0.00321,-0.017062,-0.405303,-0.489494,-0.143822,-1.073655
822,0.1592,-0.047398,0.330901,-0.339715,0.930987,-0.133797,-0.905739,-0.285422,0.313278,0.253886,0.226451,0.940366,0.013986,-0.00322,-0.024217,-0.001774,-0.040476,-0.021558,-1.416518,-0.181044,-0.035841,0.309222,-0.966795,0.064473,0.247269,0.016375,-0.949855,0.312155,0.256211,0.305764,0.916912,0.000117,0.0024,0.002799,-0.012235,0.098588,-0.172283,0.490221,0.037484,0.026184,-0.026404,0.916093,-0.021266,0.4004,-0.039789,0.988842,0.143554,-0.398985,-0.14744,0.905025,6e-05,0.001279,0.001493,0.001681,-0.014293,0.024836,0.47848,0.08138,0.01382,-0.059476,0.467973,-0.876167,-0.11546,0.849545,0.410017,0.331899,-0.243459,-0.253408,0.936221,0.006997,-0.001719,-0.012229,0.026388,-0.024583,-0.039387,-1.074308
823,0.159533,-0.047317,0.32969,-0.337787,0.931384,-0.135898,-0.907169,-0.283601,0.310782,0.251332,0.2271,0.940896,0.013705,0.005024,-0.035805,0.070638,-0.012455,0.015955,-1.482618,-0.181025,-0.035793,0.309373,-0.966904,0.065782,0.246496,0.015868,-0.948636,0.315867,0.255829,0.309248,0.915849,0.000887,-0.007929,0.011938,-0.35452,0.248773,0.141023,0.482817,0.037493,0.026209,-0.026337,0.916665,-0.021686,0.399067,-0.040087,0.988501,0.145798,-0.39764,-0.149645,0.905256,8.2e-05,0.001749,0.002036,-0.569534,0.403442,0.279868,0.473908,0.081546,0.013865,-0.060084,0.466371,-0.87678,-0.117274,0.851247,0.408777,0.329057,-0.240571,-0.253292,0.936999,-0.000811,0.002792,-0.017519,0.077456,-0.086064,0.162228,-1.079696
824,0.159872,-0.046789,0.328259,-0.338175,0.93139,-0.134886,-0.906431,-0.283758,0.312786,0.253467,0.226881,0.940375,-0.001291,0.020796,-0.038886,-0.061574,-0.087878,-0.081513,-1.512172,-0.180986,-0.035624,0.309519,-0.967587,0.066382,0.24364,0.014719,-0.948188,0.317266,0.253294,0.310492,0.916134,0.00017,0.003511,0.004084,-5.8e-05,4.3e-05,2.9e-05,0.478604,0.037513,0.026287,-0.026263,0.917341,-0.02365,0.397398,-0.039102,0.988054,0.149062,-0.396177,-0.15228,0.905457,8.6e-05,0.001802,0.002096,0.004514,0.000126,-0.00222,0.467866,0.08172,0.014116,-0.060807,0.466409,-0.876923,-0.116047,0.850616,0.408632,0.330864,-0.242721,-0.25303,0.936515,0.007123,0.010746,-0.01914,-0.23428,-0.032514,-0.099725,-1.079696
825,0.160092,-0.046236,0.327415,-0.339308,0.932484,-0.124051,-0.90333,-0.286136,0.31952,0.262869,0.219313,0.93959,0.01412,0.032147,-0.047124,-1.563034,2.026955,-0.996908,-1.502362,-0.180975,-0.035498,0.309554,-0.968824,0.067045,0.238486,0.013073,-0.947323,0.319909,0.24859,0.312976,0.916577,-0.000573,0.014395,-0.004414,0.035594,-0.012458,0.018882,0.478344,0.037518,0.026348,-0.02624,0.91936,-0.025177,0.392609,-0.037893,0.987643,0.152066,-0.391587,-0.15468,0.907046,9.9e-05,0.002039,0.002371,-0.00867,0.086174,-0.1481,0.465417,0.081825,0.014389,-0.061225,0.467513,-0.8774,-0.1077,0.847687,0.410422,0.336124,-0.250713,-0.248438,0.935639,0.007092,0.01613,-0.0235,0.16167,-0.038067,0.054552,-1.077737
826,0.160685,-0.044762,0.325307,-0.322635,0.941718,-0.095487,-0.9,-0.273909,0.339035,0.293517,0.19415,0.936045,0.013888,0.053033,-0.06529,0.051687,0.201926,-0.142134,-1.503024,-0.181005,-0.035261,0.309705,-0.968088,0.070425,0.240494,0.011648,-0.945835,0.324337,0.251527,0.316706,0.914491,0.000216,0.004455,0.005168,-0.16633,0.12421,0.083152,0.478138,0.037503,0.026468,-0.026171,0.918361,-0.027764,0.394766,-0.037295,0.987024,0.156178,-0.39398,-0.158151,0.90541,0.000115,0.002424,0.002814,-0.309293,0.21306,0.167533,0.463947,0.08211,0.015105,-0.062247,0.45176,-0.888745,-0.077742,0.844911,0.39824,0.357112,-0.286421,-0.227014,0.93082,0.006985,0.020822,-0.028636,-1.544787,2.067183,-0.988502,-1.075777
827,0.161369,-0.042647,0.32323,-0.323248,0.942965,-0.079837,-0.896445,-0.278031,0.345046,0.303566,0.18193,0.935295,0.030351,0.053964,-0.043696,-1.516398,1.984964,-0.884863,-1.574921,-0.181102,-0.035066,0.309892,-0.966882,0.075126,0.243896,0.010092,-0.943506,0.331101,0.256207,0.322509,0.911158,0.000226,0.004655,0.00539,-0.385991,0.275245,0.218821,0.478772,0.037455,0.026567,-0.026075,0.916809,-0.031252,0.398099,-0.036869,0.986049,0.162316,-0.397619,-0.16349,0.902867,-0.000272,0.007557,-0.001798,-0.379617,0.302666,0.232762,0.464111,0.082456,0.016163,-0.063332,0.452119,-0.889667,-0.063874,0.84136,0.401602,0.3617,-0.296141,-0.217273,0.930103,0.0075,0.032471,-0.025984,0.220796,0.092668,-0.217829,-1.079043
828,0.162608,-0.040624,0.321775,-0.289839,0.955255,-0.05938,-0.901738,-0.251701,0.351406,0.321092,0.154207,0.934423,0.04583,0.045696,-0.032447,-0.389219,1.255468,1.343967,-1.656789,-0.181221,-0.034736,0.309919,-0.965216,0.081344,0.248459,0.008046,-0.94049,0.339628,0.262514,0.329718,0.906772,0.000161,0.003304,0.003819,-0.303849,0.226834,0.152066,0.478396,0.037395,0.026735,-0.026059,0.91405,-0.037184,0.403892,-0.03619,0.98434,0.172523,-0.403982,-0.172312,0.89839,-0.000279,0.007358,-0.002031,-0.410958,0.304169,0.253436,0.463131,0.083071,0.017187,-0.064054,0.42216,-0.905541,-0.042123,0.848686,0.378468,0.369448,-0.318608,-0.191716,0.928295,0.023069,0.017703,-0.011994,-1.81487,3.967074,4.492202,-1.091453
829,0.16338,-0.040028,0.321419,-0.287458,0.956388,-0.052296,-0.901152,-0.251494,0.353054,0.324857,0.147423,0.934217,0.046067,0.02554,-0.013574,0.162793,0.014735,0.199067,-1.693912,-0.181249,-0.034559,0.309905,-0.964426,0.084762,0.250377,0.006639,-0.938948,0.3439,0.265453,0.333228,0.904631,-0.00058,0.014156,-0.004713,-0.135324,0.10423,0.129835,0.47885,0.037381,0.026819,-0.026063,0.912646,-0.040715,0.406717,-0.035496,0.983373,0.178092,-0.407206,-0.176972,0.896026,5.8e-05,0.001167,0.00135,-0.186077,0.14056,0.096942,0.462968,0.083457,0.017494,-0.064237,0.418273,-0.907672,-0.034327,0.848458,0.376935,0.371535,-0.324293,-0.184528,0.927783,0.015364,0.018353,-0.010805,0.220767,0.038912,0.177983,-1.111865
830,0.164692,-0.038674,0.32092,-0.282866,0.958194,-0.043541,-0.898996,-0.248964,0.36027,0.334715,0.139858,0.931897,0.031003,0.04234,-0.015395,-0.115938,-0.131974,-0.127192,-1.760363,-0.181445,-0.034231,0.309794,-0.962332,0.093005,0.255459,0.003637,-0.934993,0.354555,0.273037,0.342017,0.899076,-0.000665,0.012359,-0.00679,-0.113915,0.10105,0.093295,0.481588,0.037289,0.026984,-0.026118,0.909573,-0.048088,0.412751,-0.034207,0.981245,0.189703,-0.414132,-0.186667,0.890869,-0.000356,0.005665,-0.003984,-0.142791,0.125132,0.113203,0.464274,0.08413,0.018178,-0.064494,0.412799,-0.910456,-0.025809,0.846928,0.373262,0.378665,-0.335124,-0.178171,0.925173,0.015532,0.021361,-0.007499,-0.131403,-0.157059,-0.127044,-1.09031
831,0.166299,-0.036333,0.319682,-0.284992,0.958136,-0.028301,-0.886137,-0.252035,0.388858,0.365796,0.134706,0.92091,0.045372,0.072014,-0.044696,-0.418791,-0.15806,0.169946,-1.794628,-0.181926,-0.033817,0.309551,-0.959663,0.102656,0.261725,0.000471,-0.930182,0.367008,0.282334,0.352203,0.892246,-0.015891,0.011129,-0.006958,-0.348625,0.289077,0.180748,0.482681,0.037043,0.027196,-0.026241,0.905895,-0.056236,0.41975,-0.033092,0.978714,0.202542,-0.422206,-0.197372,0.884751,-0.007945,0.005515,-0.003531,-0.393241,0.319394,0.19659,0.46705,0.084917,0.019332,-0.065085,0.414076,-0.910185,-0.010116,0.833316,0.374588,0.40653,-0.366228,-0.176764,0.91358,0.030374,0.030435,-0.018383,-1.067709,0.591536,1.023731,-1.091127
832,0.167453,-0.035029,0.318786,-0.293712,0.955727,-0.019093,-0.875998,-0.261053,0.405525,0.382947,0.134643,0.91392,0.075299,0.068629,-0.049074,-2.099842,1.346438,-1.36508,-1.811693,-0.182255,-0.033455,0.309332,-0.957841,0.109196,0.265721,-0.001744,-0.926957,0.375075,0.288472,0.358666,0.887697,-0.016584,0.02247,-0.014927,-0.300036,0.268677,0.192833,0.482715,0.036891,0.027359,-0.026341,0.90337,-0.061871,0.424373,-0.032305,0.976909,0.211195,-0.427641,-0.204496,0.880512,-0.008281,0.011405,-0.00726,-0.516232,0.424359,0.290419,0.46754,0.085483,0.019989,-0.065527,0.420954,-0.907078,-0.00244,0.823379,0.38098,0.420595,-0.380583,-0.17906,0.907244,0.030071,0.034101,-0.024643,-0.10138,-0.392044,-0.144523,-1.0908
833,0.170176,-0.032065,0.316446,-0.332954,0.942569,-0.02739,-0.861872,-0.292352,0.414342,0.382948,0.160389,0.909755,0.059023,0.086666,-0.07007,0.075576,-2.626494,-5.309764,-1.905517,-0.183228,-0.032445,0.308647,-0.952173,0.129306,0.276834,-0.008496,-0.916711,0.399378,0.306615,0.377766,0.87358,-0.032435,0.032773,-0.022872,-0.489633,0.436803,0.29444,0.466262,0.036403,0.027869,-0.026686,0.895452,-0.080045,0.4379,-0.029654,0.97079,0.238091,-0.444167,-0.226185,0.866923,-0.01621,0.01639,-0.011416,-0.631084,0.539905,0.361843,0.459702,0.086872,0.021499,-0.066713,0.458655,-0.888565,-0.009277,0.80329,0.410129,0.431878,-0.379947,-0.205535,0.901884,0.029582,0.043319,-0.03541,0.097319,-2.596041,-5.335387,-1.102883
834,0.17271,-0.027746,0.313154,-0.406062,0.911716,-0.062716,-0.842885,-0.347065,0.411172,0.353606,0.218687,0.909487,0.057939,0.136883,-0.096721,-0.185969,-0.547766,-0.493713,-1.909631,-0.184623,-0.031009,0.30768,-0.943599,0.157365,0.291288,-0.017708,-0.902368,0.430526,0.331783,0.40089,0.853856,-0.047418,0.033373,-0.021022,-0.691697,0.507718,0.5399,0.420512,0.035711,0.028585,-0.027172,0.884153,-0.104934,0.45526,-0.02574,0.962029,0.271729,-0.466487,-0.251969,0.84788,-0.016475,0.022425,-0.014989,-0.896383,0.661846,0.691252,0.414797,0.088095,0.023546,-0.068304,0.527941,-0.848215,-0.042528,0.777233,0.462364,0.426764,-0.342324,-0.25836,0.903362,0.036537,0.067882,-0.049166,-0.370416,-0.779703,-0.615763,-1.10468
835,0.175079,-0.02219,0.309282,-0.479653,0.872017,-0.097794,-0.820333,-0.405998,0.402729,0.312075,0.272307,0.910211,0.056625,0.159615,-0.112371,1.591617,-3.241051,-0.889107,-1.91042,-0.186109,-0.028987,0.306557,-0.927754,0.200842,0.314526,-0.036266,-0.887187,0.459911,0.372576,0.415026,0.829942,-0.048268,0.060494,-0.031883,-0.569884,0.841208,1.008982,0.362557,0.03498,0.029557,-0.027724,0.864535,-0.141477,0.482247,-0.014031,0.95239,0.304557,-0.502376,-0.270067,0.82139,-0.024266,0.030828,-0.015111,0.903575,4.027919,4.938906,0.353236,0.089302,0.02637,-0.070259,0.596075,-0.799505,-0.07405,0.746135,0.517485,0.418915,-0.296605,-0.304956,0.905,0.028614,0.074686,-0.05189,0.479558,-2.793622,-5.571263,-1.088677
836,0.176115,-0.019218,0.307109,-0.525194,0.842059,-0.123103,-0.80641,-0.44616,0.388093,0.272522,0.302046,0.913524,0.041393,0.14491,-0.107451,1.968469,-3.223678,-0.554134,-1.905859,-0.186931,-0.027756,0.306002,-0.915465,0.223349,0.334708,-0.042191,-0.88034,0.472394,0.401313,0.418058,0.814886,-0.032808,0.064552,-0.028417,-0.165037,2.763215,-0.645736,0.341746,0.034569,0.030167,-0.028008,0.849855,-0.162157,0.501449,-0.007687,0.947572,0.319449,-0.52696,-0.275339,0.804052,-0.023932,0.032066,-0.013846,-0.653883,1.236418,0.403634,0.312414,0.089805,0.027816,-0.071299,0.635404,-0.76588,-0.098425,0.728613,0.552455,0.404865,-0.255703,-0.328967,0.909063,0.020799,0.072688,-0.053464,1.580449,-2.619277,0.224346,-1.083452
837,0.177469,-0.013718,0.302644,-0.624217,0.758621,-0.186799,-0.764338,-0.543375,0.347135,0.162613,0.358518,0.919266,0.040538,0.137504,-0.115116,2.825833,-4.285609,-4.529884,-1.898644,-0.188879,-0.024931,0.304984,-0.894045,0.256899,0.366985,-0.044829,-0.866262,0.497508,0.446833,0.42802,0.785495,-0.062685,0.081795,-0.027482,-0.637542,1.105364,0.393689,0.357896,0.033588,0.031596,-0.028529,0.821555,-0.190368,0.537408,-0.009755,0.937776,0.347104,-0.570046,-0.290408,0.768577,-0.023498,0.03564,-0.009824,-0.329087,2.642626,-0.679599,0.286777,0.090503,0.030627,-0.073564,0.724468,-0.670074,-0.161695,0.675317,0.642938,0.361355,-0.138174,-0.370986,0.9183,0.012811,0.073669,-0.062061,0.815083,-0.923587,-0.619873,-1.075124
838,0.178527,-0.007817,0.298165,-0.68351,0.693376,-0.228232,-0.725861,-0.612347,0.313256,0.078292,0.378912,0.92213,0.025525,0.160191,-0.109293,0.893758,-1.094457,-2.140734,-1.91074,-0.191314,-0.021881,0.304033,-0.874449,0.284245,0.39311,-0.041514,-0.851078,0.523333,0.484414,0.44095,0.755493,-0.061533,0.070349,-0.01991,-0.296829,2.820353,-1.396464,0.35881,0.032371,0.033134,-0.028997,0.798788,-0.213969,0.562275,-0.015995,0.926731,0.375384,-0.601399,-0.308846,0.736839,-0.031065,0.040675,-0.014067,-0.893369,0.672335,0.574936,0.30033,0.091037,0.033545,-0.075832,0.777272,-0.595307,-0.203608,0.627311,0.708461,0.323362,-0.048251,-0.379066,0.92411,0.012977,0.080377,-0.054499,2.544991,-4.007879,-5.091847,-1.071695
839,0.178889,-0.004618,0.296232,-0.718654,0.651018,-0.244452,-0.69465,-0.655527,0.296173,0.033459,0.381842,0.923637,0.011087,0.170377,-0.097123,3.11185,-3.742497,-4.751359,-1.911461,-0.19258,-0.020448,0.30361,-0.866928,0.292123,0.403847,-0.036668,-0.845279,0.533003,0.498149,0.446898,0.742962,-0.061269,0.070287,-0.020099,-0.574579,0.674827,0.009926,0.343845,0.031738,0.033852,-0.029207,0.787873,-0.21965,0.575333,-0.023558,0.922797,0.384564,-0.615385,-0.316541,0.721873,-0.038021,0.035738,-0.008814,-0.752391,0.784015,0.093566,0.293799,0.091223,0.035129,-0.076816,0.805347,-0.551172,-0.218227,0.592759,0.744343,0.307552,-0.007078,-0.377043,0.926168,0.005622,0.084988,-0.048777,0.76375,-0.570885,-0.417543,-1.068919
840,0.179144,0.002628,0.292721,-0.789934,0.538862,-0.292708,-0.609044,-0.745126,0.271709,-0.070713,0.392229,0.91716,-0.003319,0.197226,-0.086428,1.781157,-2.917842,-1.363275,-1.912414,-0.195041,-0.017358,0.302898,-0.84421,0.316827,0.432344,-0.030934,-0.833914,0.550967,0.536151,0.451358,0.713219,-0.060152,0.076614,-0.01326,-0.717116,0.758199,0.146389,0.325754,0.030529,0.035355,-0.029566,0.761308,-0.238383,0.602978,-0.031591,0.91522,0.401712,-0.64762,-0.324875,0.689234,-0.030333,0.044096,-0.010402,-0.451798,0.587578,0.054473,0.2631,0.091358,0.038671,-0.078548,0.861532,-0.432686,-0.265599,0.498304,0.820833,0.279149,0.097229,-0.372845,0.922784,0.005656,0.098774,-0.043303,0.554146,-1.679427,-2.235765,-1.04165
