frame,MLTx,MLTy,MLTz,MLTR1,MLTR2,MLTR3,MLTR4,MLTR5,MLTR6,MLTR7,MLTR8,MLTR9,MLTTVx,MLTTVy,MLTTVz,MLTRVx,MLTRVy,MLTRVz,MLGA,MRTx,MRTy,MRTz,MRTR1,MRTR2,MRTR3,MRTR4,MRTR5,MRTR6,MRTR7,MRTR8,MRTR9,MRTTVx,MRTTVy,MRTTVz,MRTRVx,MRTRVy,MRTRVz,MRGA,SLTx,SLTy,SLTz,SLTR1,SLTR2,SLTR3,SLTR4,SLTR5,SLTR6,SLTR7,SLTR8,SLTR9,SLTTVx,SLTTVy,SLTTVz,SLTRVx,SLTRVy,SLTRVz,SLGA,SRTx,SRTy,SRTz,SRTR1,SRTR2,SRTR3,SRTR4,SRTR5,SRTR6,SRTR7,SRTR8,SRTR9,SRTTVx,SRTTVy,SRTTVz,SRTRVx,SRTRVy,SRTRVz,SRGA
2016,0.134392,-0.001043,0.341959,-0.766771,-0.201969,-0.609357,-0.000267,-0.949131,0.314836,-0.640995,0.241815,0.728476,-4e-06,-2.3e-05,-2e-05,0.0,0.0,0.0,-0.183609,-0.155655,0.037116,0.348168,0.270451,0.962671,-0.01063,-0.59089,0.174819,0.787542,0.759646,-0.207926,0.616092,0.013563,-0.008736,0.008609,-0.332069,0.243362,0.192406,-1.403961,0.041832,0.03963,-0.002672,-0.46183,-0.886867,0.013346,0.583151,-0.292265,0.757967,-0.668316,0.357835,0.652155,0.006813,-0.005012,0.003865,-0.438037,0.336046,0.260805,-0.864748,0.082691,0.024221,-0.068839,-0.790275,-0.260791,-0.554483,0.134939,-0.956762,0.257674,-0.597708,0.128812,0.791296,-0.0,-3e-06,-1e-06,2e-06,5e-06,-3e-06,-0.33852
2017,0.13433,-0.001055,0.341989,-0.766828,-0.202093,-0.609244,-0.000203,-0.94908,0.31499,-0.640927,0.241913,0.728504,1e-06,6e-06,5e-06,-0.004403,0.099443,-0.172193,-0.183576,-0.155,0.036643,0.348567,0.281989,0.959296,-0.01497,-0.58645,0.184815,0.788578,0.758875,-0.214803,0.61468,0.013643,-0.009791,0.007907,-0.034528,-0.005239,0.01089,-1.403718,0.042164,0.039392,-0.002468,-0.474233,-0.880346,0.009611,0.575123,-0.30151,0.760476,-0.666584,0.366171,0.649294,0.007385,-0.010531,0.007919,-0.066544,0.005712,-0.012815,-0.864258,0.08266,0.024216,-0.068824,-0.790281,-0.260812,-0.554465,0.13491,-0.956746,0.257751,-0.597707,0.128893,0.791284,-0.0,-0.0,2e-06,2e-06,8e-06,-5e-06,-0.338684
2018,0.134308,-0.00106,0.341985,-0.766801,-0.202041,-0.609295,-0.000253,-0.949094,0.314949,-0.640959,0.241903,0.728479,-6e-06,-3.7e-05,-3.2e-05,0.0,0.0,0.0,-0.183842,-0.154231,0.035968,0.349045,0.312437,0.949734,-0.019484,-0.575927,0.205816,0.791127,0.754961,-0.237154,0.611273,0.014845,-0.021478,0.015588,-0.129647,0.052843,0.027405,-1.403783,0.042548,0.039058,-0.002233,-0.502035,-0.864822,0.006546,0.560673,-0.319693,0.763833,-0.658487,0.387141,0.645379,0.013692,-0.010253,0.007606,-0.125203,0.045972,0.063384,-0.859523,0.082649,0.024213,-0.068826,-0.790292,-0.260868,-0.554423,0.134959,-0.956729,0.257788,-0.597682,0.128903,0.791302,-2e-06,-1.4e-05,-1.2e-05,1e-06,1.6e-05,-7e-06,-0.33901
2019,0.134319,-0.001053,0.341978,-0.766787,-0.202013,-0.609322,-0.000263,-0.949107,0.314908,-0.640976,0.241873,0.728474,-0.0,-1e-06,-0.0,0.0,0.0,0.0,-0.183823,-0.153868,0.035678,0.3493,0.323726,0.945858,-0.023338,-0.571598,0.21529,0.791744,0.753479,-0.244162,0.610342,0.014779,-0.020191,0.016463,-0.110483,1.317132,1.004258,-1.403853,0.04273,0.038911,-0.002107,-0.511164,-0.859477,0.003113,0.55506,-0.327346,0.76469,-0.656215,0.392611,0.644389,0.006689,-0.004108,0.004222,-0.161285,4.362772,3.392758,-0.859523,0.082654,0.024217,-0.06883,-0.790283,-0.260838,-0.55445,0.134947,-0.956742,0.257747,-0.597696,0.128871,0.791296,0.006909,-0.000667,-0.00056,0.000995,-0.01472,0.029557,-0.339173
2020,0.134338,-0.001062,0.34197,-0.76678,-0.201991,-0.609338,-0.000282,-0.949113,0.314891,-0.640985,0.241869,0.728468,-0.0,-1e-06,-1e-06,0.0,0.0,0.0,-0.183648,-0.153166,0.035249,0.349738,0.346168,0.937848,-0.024513,-0.564719,0.229285,0.792751,0.748648,-0.261766,0.608989,0.013617,-0.008594,0.008729,-0.03477,0.004825,0.018661,-1.40411,0.043086,0.03869,-0.001881,-0.533001,-0.846108,0.003071,0.544967,-0.340518,0.766196,-0.647239,0.410058,0.642598,0.006806,-0.004288,0.00437,-0.033219,0.002335,0.017097,-0.861319,0.082664,0.024212,-0.068833,-0.79028,-0.260814,-0.554465,0.134927,-0.956748,0.257731,-0.597704,0.128867,0.791291,0.0,7e-06,6e-06,-7e-06,-1.7e-05,-4e-06,-0.339173
2021,0.134348,-0.001071,0.341976,-0.76678,-0.201982,-0.609341,-0.000305,-0.949108,0.314904,-0.640984,0.241894,0.72846,-0.0,-0.0,-0.0,0.0,0.0,0.0,-0.183713,-0.152517,0.034866,0.350082,0.373854,0.927145,-0.025015,-0.556442,0.245911,0.79362,0.741466,-0.283949,0.607836,0.013699,-0.009594,0.008062,-0.034439,-0.005874,0.010458,-1.404137,0.0434,0.038507,-0.001714,-0.557862,-0.829924,0.003845,0.53355,-0.355088,0.767617,-0.635699,0.430276,0.640897,0.006845,-0.004724,0.004081,-0.033309,-0.008082,0.009094,-0.860339,0.082669,0.024208,-0.068831,-0.790281,-0.260805,-0.554467,0.134905,-0.956747,0.257747,-0.597708,0.128892,0.791284,-2e-06,3e-06,4e-06,-3e-06,-2e-06,-9e-06,-0.339173
2022,0.134348,-0.001071,0.341976,-0.76678,-0.201982,-0.609341,-0.000305,-0.949108,0.314904,-0.640984,0.241894,0.72846,-0.0,-0.0,-0.0,0.0,0.0,0.0,-0.183683,-0.152215,0.034705,0.350207,0.37939,0.924883,-0.025405,-0.554433,0.249363,0.793949,0.740151,-0.288298,0.607391,0.013742,-0.010108,0.007718,-0.034437,-0.005934,0.010419,-1.403949,0.043562,0.038419,-0.001645,-0.562799,-0.826585,0.003685,0.530867,-0.358028,0.768111,-0.63359,0.434249,0.640305,0.006873,-0.005106,0.00382,-0.033971,-0.007988,0.008906,-0.859849,0.082669,0.024208,-0.068831,-0.790281,-0.260805,-0.554467,0.134905,-0.956747,0.257747,-0.597708,0.128892,0.791284,-1e-06,2e-06,4e-06,6e-06,-1e-06,-3e-06,-0.339173
2023,0.134339,-0.001063,0.341982,-0.766732,-0.201881,-0.609435,-0.0004,-0.949134,0.314826,-0.641041,0.241876,0.728415,2.7e-05,0.000161,0.000137,0.0,0.0,0.0,-0.183752,-0.151693,0.034438,0.350406,0.390386,0.920285,-0.025797,-0.550618,0.255968,0.794503,0.737264,-0.297119,0.606651,0.013724,-0.009647,0.00803,-0.034435,-0.005993,0.010387,-1.404096,0.043818,0.038287,-0.00155,-0.572573,-0.819844,0.003799,0.525847,-0.363685,0.768906,-0.629002,0.442253,0.639349,0.006264,0.000839,3.7e-05,0.002428,-0.016858,0.028025,-0.864748,0.082665,0.024212,-0.068827,-0.790254,-0.260695,-0.554559,0.134807,-0.956781,0.257675,-0.597766,0.12887,0.791243,1.7e-05,0.00012,0.000103,6e-06,-1.1e-05,-2e-06,-0.3395
2024,0.134339,-0.001055,0.341976,-0.766725,-0.201871,-0.609447,-0.000393,-0.949144,0.314798,-0.64105,0.241848,0.728417,0.0,0.0,0.0,0.0,0.0,0.0,-0.183765,-0.151292,0.034267,0.350645,0.40672,0.913172,-0.026179,-0.545225,0.265756,0.795007,0.732408,-0.310223,0.605973,0.013633,-0.008266,0.00896,-0.034433,-0.006041,0.01036,-1.404035,0.044018,0.038201,-0.001432,-0.587074,-0.809521,0.004152,0.518595,-0.372143,0.769784,-0.621612,0.454074,0.63829,-8.1e-05,0.001139,0.000765,0.00065,-0.001578,-0.001037,-0.862788,0.082665,0.024216,-0.06883,-0.790249,-0.260684,-0.554571,0.134813,-0.956788,0.257647,-0.597771,0.128842,0.791244,-1e-06,-3e-06,-3e-06,5e-06,4e-06,-4e-06,-0.339173
2025,0.134329,-0.001062,0.341983,-0.766739,-0.201899,-0.60942,-0.000383,-0.94913,0.31484,-0.641033,0.241879,0.728422,0.0,0.0,0.0,0.0,0.0,0.0,-0.183611,-0.151158,0.034193,0.350794,0.412122,0.910745,-0.026262,-0.543271,0.268895,0.79529,0.730833,-0.314637,0.605599,-0.000253,0.003528,0.002369,-0.0,2e-06,2e-06,-1.403983,0.044091,0.038158,-0.001355,-0.591845,-0.80604,0.004301,0.51604,-0.374799,0.770212,-0.61921,0.458066,0.637772,-0.000138,0.001896,0.001273,0.000555,-0.001437,-0.000948,-0.864422,0.082659,0.024212,-0.068827,-0.790257,-0.260715,-0.554544,0.134824,-0.956775,0.257688,-0.597757,0.128873,0.79125,0.0,-2e-06,-3e-06,5e-06,-2e-06,-2e-06,-0.339337
2026,0.134319,-0.001054,0.34199,-0.766739,-0.201902,-0.609419,-0.000381,-0.949129,0.314842,-0.641033,0.241879,0.728422,5e-06,2.7e-05,2.3e-05,0.0,0.0,0.0,-0.184092,-0.150973,0.03403,0.351162,0.417469,0.908203,-0.029648,-0.539685,0.274184,0.795925,0.730448,-0.317418,0.604611,0.000874,-0.00672,0.011048,-0.036475,0.00911,-0.018917,-1.403993,0.044183,0.038079,-0.00117,-0.596687,-0.802472,0.001132,0.511484,-0.379232,0.771081,-0.618342,0.460674,0.636735,0.000427,-0.003266,0.005588,-0.03601,0.009667,-0.021668,-0.864911,0.082655,0.024216,-0.068823,-0.790257,-0.260718,-0.554543,0.134827,-0.956774,0.25769,-0.597757,0.128874,0.79125,2e-06,9e-06,7e-06,4e-06,-3e-06,-2e-06,-0.3395
2027,0.134297,-0.001041,0.341961,-0.766746,-0.201941,-0.609398,-0.000299,-0.949139,0.314812,-0.641025,0.241808,0.728452,-7.3e-05,-0.000437,-0.000371,0.0,0.0,0.0,-0.1844,-0.150886,0.033881,0.351465,0.433497,0.900661,-0.029686,-0.534061,0.283428,0.796481,0.725211,-0.330553,0.603877,-0.000198,0.002739,0.001833,-0.0,8e-06,6e-06,-1.404082,0.044226,0.038007,-0.001017,-0.610802,-0.791781,0.001833,0.504123,-0.387107,0.772014,-0.610557,0.472473,0.635601,0.000478,-0.003967,0.005123,-0.035773,0.00793,-0.019644,-0.865728,0.082644,0.024224,-0.068837,-0.790257,-0.260758,-0.554524,0.134907,-0.956773,0.257652,-0.597739,0.128803,0.791275,-4.8e-05,-0.000284,-0.000241,4e-06,-5e-06,3e-06,-0.339664
2028,0.134277,-0.001031,0.341956,-0.766753,-0.201968,-0.60938,-0.000258,-0.949139,0.314813,-0.641017,0.241787,0.728467,-0.0,-0.0,-0.0,0.0,0.0,0.0,-0.18382,-0.150882,0.033887,0.351643,0.444077,0.895383,-0.032798,-0.529221,0.291785,0.796694,0.72234,-0.337564,0.603439,-0.000198,0.00274,0.001832,-0.0,0.0,0.0,-1.40412,0.044228,0.038012,-0.000932,-0.620203,-0.78444,-0.000825,0.4977,-0.39431,0.772537,-0.606334,0.478719,0.634968,-0.000135,0.001849,0.00124,0.002197,-0.015891,0.023545,-0.871606,0.082633,0.024228,-0.06884,-0.790259,-0.260786,-0.554508,0.134946,-0.956768,0.25765,-0.597727,0.128782,0.791287,1e-06,5e-06,4e-06,5e-06,0.0,-1e-06,-0.339337
2029,0.134276,-0.001029,0.341944,-0.766752,-0.201973,-0.609379,-0.000237,-0.949144,0.314797,-0.641017,0.241762,0.728474,-1.2e-05,-7.1e-05,-6.1e-05,0.0,0.0,0.0,-0.183882,-0.150866,0.033925,0.351667,0.449326,0.892647,-0.035763,-0.526351,0.296993,0.79667,0.721184,-0.340266,0.603305,-8.8e-05,0.001211,0.00081,-0.0,-0.0,0.0,-1.404154,0.044236,0.038031,-0.000914,-0.624912,-0.780686,-0.003576,0.493799,-0.398809,0.772731,-0.604686,0.481124,0.634723,-4.5e-05,0.000626,0.000422,0.000566,0.001675,-0.003886,-0.874545,0.082633,0.024229,-0.068846,-0.790258,-0.260792,-0.554507,0.134966,-0.956769,0.257633,-0.597724,0.128757,0.791294,-6e-06,-3.6e-05,-3.1e-05,8e-06,1.7e-05,-7e-06,-0.339337
2030,0.134273,-0.001033,0.341915,-0.766759,-0.201999,-0.609362,-0.000181,-0.94915,0.314778,-0.64101,0.241715,0.728497,-5.6e-05,-0.000337,-0.000286,0.0,0.0,0.0,-0.184031,-0.150857,0.033932,0.351683,0.45987,0.887259,-0.035815,-0.522761,0.303237,0.796682,0.717128,-0.348765,0.603285,-0.0,3e-06,2e-06,-1.3e-05,0.000289,0.000219,-1.403925,0.044241,0.038034,-0.000907,-0.634105,-0.77324,-0.003122,0.489025,-0.404152,0.77299,-0.598969,0.48863,0.634409,6e-06,-7.7e-05,-4.7e-05,0.000965,-0.000754,-0.000297,-0.877975,0.082632,0.024227,-0.068861,-0.79026,-0.260819,-0.554491,0.135021,-0.956768,0.257609,-0.597709,0.12871,0.791313,-2.8e-05,-0.000167,-0.000142,2e-06,-1.3e-05,1e-06,-0.339337
2031,0.134259,-0.001042,0.34188,-0.766779,-0.202059,-0.609317,-9.4e-05,-0.949148,0.314785,-0.640986,0.241674,0.728532,-0.000232,-0.001382,-0.001173,-0.000637,0.014415,-0.024947,-0.184542,-0.150824,0.033887,0.351697,0.480694,0.876027,-0.03874,-0.514168,0.317498,0.796719,0.709625,-0.364162,0.60306,1.3e-05,-0.000181,-0.000121,-0.064244,1.321215,1.000067,-1.403689,0.044257,0.038009,-0.000902,-0.650952,-0.7591,-0.00522,0.478417,-0.415577,0.77357,-0.589387,0.50106,0.633688,-0.000138,4.4e-05,-0.00019,-0.220022,4.398446,3.340326,-0.871933,0.082625,0.024225,-0.068876,-0.790266,-0.260867,-0.554461,0.135093,-0.956761,0.257598,-0.597686,0.128667,0.791337,0.0,-3e-06,-2e-06,4e-06,1.4e-05,-4e-06,-0.339337
2032,0.134248,-0.001049,0.341888,-0.766793,-0.202087,-0.60929,-8.5e-05,-0.949134,0.314826,-0.640968,0.241704,0.728537,-3e-06,-1.7e-05,-1.5e-05,0.0,0.0,0.0,-0.184576,-0.150832,0.033869,0.351709,0.480686,0.876034,-0.038685,-0.514152,0.317434,0.796754,0.709642,-0.364202,0.603016,0.0,-3e-06,-2e-06,-0.0,0.0,0.0,-1.404009,0.044253,0.038,-0.000896,-0.652284,-0.757957,-0.00508,0.477697,-0.416282,0.773637,-0.588499,0.502205,0.633608,3e-06,-8e-06,-0.0,0.000335,-0.000833,-0.000873,-0.874546,0.082619,0.024218,-0.068875,-0.790278,-0.260914,-0.554421,0.135119,-0.956743,0.257649,-0.597664,0.128702,0.791348,2e-06,1.3e-05,1.1e-05,1e-06,-2e-06,-1e-06,-0.3395
2033,0.134188,-0.001055,0.341923,-0.766844,-0.202196,-0.60919,-3.5e-05,-0.949087,0.314969,-0.640908,0.241799,0.728558,0.000202,0.001203,0.001021,0.0,0.0,0.0,-0.184866,-0.150822,0.033875,0.351736,0.490967,0.870175,-0.0417,-0.509073,0.32554,0.796745,0.706247,-0.371043,0.602831,-8.1e-05,0.001115,0.000745,-0.0,0.0,0.0,-1.403806,0.044258,0.038001,-0.000884,-0.661271,-0.750107,-0.007644,0.471067,-0.423165,0.773968,-0.583794,0.508202,0.633178,-4.3e-05,0.000618,0.000417,0.000567,-0.000709,-0.000911,-0.876341,0.082588,0.024213,-0.068859,-0.790307,-0.261032,-0.554324,0.135175,-0.956698,0.25779,-0.597613,0.128802,0.79137,-0.006971,-0.004082,0.005398,-0.035654,0.015344,-0.021907,-0.339663
2034,0.134073,-0.00106,0.341945,-0.766936,-0.202417,-0.609,0.000133,-0.949018,0.315177,-0.640798,0.241886,0.728626,0.0,0.0,0.0,0.0,0.0,0.0,-0.184925,-0.150837,0.033844,0.351798,0.516424,0.855167,-0.044585,-0.497833,0.342311,0.796818,0.696007,-0.390377,0.602531,-2.1e-05,0.000288,0.000192,-0.022176,0.396327,0.299691,-1.40409,0.044251,0.037988,-0.000851,-0.68284,-0.730506,-0.009474,0.456832,-0.437071,0.774772,-0.570117,0.524718,0.632168,0.000578,-0.005419,0.00414,-0.116134,1.348958,0.982947,-0.882383,0.082532,0.024214,-0.068846,-0.790356,-0.261272,-0.554141,0.135352,-0.956619,0.257987,-0.597507,0.128898,0.791434,-2e-06,-4e-06,-3e-06,-2e-06,-1e-06,-7e-06,-0.339827
2035,0.133936,-0.001078,0.34197,-0.767009,-0.202596,-0.608849,0.000244,-0.948953,0.315372,-0.64071,0.241991,0.728668,-0.0,-0.0,-0.0,0.0,0.0,0.0,-0.185518,-0.150831,0.033694,0.351896,0.536489,0.84274,-0.044276,-0.489416,0.353577,0.797113,0.686722,-0.407033,0.602164,0.001196,-0.01116,0.008085,-0.109879,1.330639,0.979414,-1.404377,0.044253,0.037917,-0.000805,-0.698996,-0.715076,-0.008333,0.446887,-0.445875,0.775555,-0.558297,0.538386,0.631224,-0.000161,0.00015,-0.000101,-0.25112,4.39823,3.335232,-0.891201,0.082463,0.024204,-0.068834,-0.790395,-0.261465,-0.553995,0.135472,-0.956552,0.258176,-0.597429,0.12901,0.791475,-1e-06,4e-06,5e-06,-7e-06,-5e-06,-9e-06,-0.34048
2036,0.133863,-0.001095,0.341995,-0.76708,-0.202753,-0.608707,0.000338,-0.948893,0.315552,-0.640625,0.242094,0.728709,-0.013818,0.001356,0.001136,-0.000984,0.014715,-0.029553,-0.185701,-0.150821,0.033603,0.351952,0.541454,0.83956,-0.044248,-0.487151,0.356332,0.797274,0.684428,-0.411188,0.601952,0.0012,-0.011217,0.008048,-0.023233,-0.094764,0.150156,-1.40406,0.044258,0.037871,-0.000777,-0.704449,-0.70971,-0.007877,0.443409,-0.448734,0.775903,-0.554201,0.543091,0.630802,6e-06,-4.4e-05,-2.4e-05,0.000638,-0.001328,-0.000887,-0.891364,0.082432,0.024195,-0.068822,-0.790431,-0.261616,-0.553871,0.135557,-0.956496,0.258338,-0.597361,0.129117,0.791509,-1e-06,2e-06,5e-06,-4e-06,1e-06,-1e-05,-0.340643
2037,0.133767,-0.00116,0.34206,-0.767113,-0.202795,-0.608651,0.00023,-0.948824,0.31576,-0.640585,0.242331,0.728665,-0.0,-0.0,-0.0,0.0,0.0,0.0,-0.185884,-0.150769,0.03338,0.352115,0.566025,0.823205,-0.044052,-0.476011,0.370127,0.797718,0.67226,-0.431595,0.601378,0.0,-0.0,-0.0,-0.243456,4.408634,3.323549,-1.404271,0.044285,0.037755,-0.000693,-0.721014,-0.692885,-0.006975,0.432325,-0.457697,0.776922,-0.54151,0.557156,0.629558,0.000604,-0.005577,0.004055,-0.035152,0.007582,-0.019726,-0.895447,0.082379,0.024163,-0.068789,-0.790458,-0.261685,-0.5538,0.135478,-0.956444,0.258571,-0.597344,0.129362,0.791482,-0.000185,-0.005465,0.004234,-0.035301,0.015058,-0.017284,-0.340806
2038,0.133712,-0.001237,0.342128,-0.767174,-0.202879,-0.608547,0.000146,-0.948737,0.316021,-0.640513,0.242601,0.728638,-0.0,-0.0,-0.0,0.0,0.0,0.0,-0.186007,-0.150759,0.033116,0.352337,0.593132,0.803918,-0.04361,-0.464321,0.385959,0.797105,0.656874,-0.45355,0.602222,-0.000116,0.001599,0.001068,0.004016,-0.006541,0.031031,-1.404303,0.04429,0.03762,-0.000584,-0.747572,-0.66416,-0.005173,0.414988,-0.473158,0.777113,-0.518575,0.578802,0.629338,0.000599,-0.005503,0.004112,-0.048254,0.041407,0.004921,-0.89561,0.082351,0.024125,-0.068755,-0.790499,-0.261779,-0.553698,0.135408,-0.956381,0.258843,-0.597306,0.12964,0.791465,-2e-06,-0.0,2e-06,6e-06,3e-06,-3e-06,-0.341133
2039,0.133711,-0.001278,0.34216,-0.767162,-0.202822,-0.608581,1.4e-05,-0.948719,0.316076,-0.640527,0.24272,0.728587,-0.0,-0.0,-0.0,0.0,0.0,0.0,-0.185647,-0.150765,0.032995,0.352445,0.605614,0.794551,-0.043724,-0.459194,0.393959,0.79616,0.649036,-0.463087,0.603462,0.001088,-0.009661,0.009099,-0.02039,-0.004135,-0.028245,-1.404547,0.044286,0.037564,-0.000533,-0.757867,-0.65239,-0.004813,0.408316,-0.480059,0.776415,-0.508837,0.586454,0.630203,-5.4e-05,0.000847,0.000579,-0.003977,-0.030598,0.011757,-0.890874,0.082351,0.024105,-0.068739,-0.790497,-0.26172,-0.553729,0.13528,-0.956381,0.258909,-0.597338,0.129759,0.791422,-0.000185,-0.005465,0.004235,-0.030881,-0.084255,0.154978,-0.341133
2040,0.13372,-0.00133,0.342209,-0.767199,-0.202856,-0.608523,-6.6e-05,-0.948664,0.316241,-0.640483,0.242906,0.728563,6.1e-05,0.000363,0.000308,0.0,0.0,0.0,-0.185758,-0.150795,0.032947,0.352591,0.63801,0.76876,-0.044075,-0.442061,0.412683,0.796372,0.629587,-0.489575,0.603158,-0.000202,0.002788,0.00186,-0.073072,1.320374,1.000028,-1.404842,0.044271,0.037536,-0.000457,-0.783883,-0.620896,-0.003817,0.387877,-0.494479,0.777844,-0.484847,0.608259,0.628445,-0.000115,0.001506,0.001003,-0.079712,1.335958,1.006437,-0.892344,0.082355,0.024078,-0.068715,-0.790524,-0.26176,-0.55367,0.135209,-0.956344,0.259083,-0.597317,0.12995,0.791406,3.8e-05,0.000238,0.000204,8e-06,-1.4e-05,6e-06,-0.341296
2041,0.133733,-0.001325,0.342225,-0.767185,-0.202817,-0.608553,-0.000118,-0.948667,0.31623,-0.6405,0.242926,0.728543,0.000227,0.001341,0.001138,0.000639,-0.014386,0.024964,-0.187176,-0.150846,0.033011,0.352684,0.657293,0.752333,-0.044199,-0.433766,0.425772,0.79404,0.615357,-0.503689,0.606215,-0.000122,0.001681,0.001121,0.111028,-0.058791,-0.039398,-1.404819,0.044246,0.037572,-0.000408,-0.799935,-0.600077,-0.003139,0.376445,-0.505881,0.776126,-0.467324,0.61967,0.630569,-0.005755,-0.005146,0.004872,0.107895,0.026478,-0.038948,-0.890875,0.082361,0.024078,-0.068708,-0.790522,-0.261735,-0.553686,0.135172,-0.956348,0.259087,-0.597329,0.129971,0.791394,-2e-06,-5e-06,-3e-06,1.1e-05,8e-06,-2e-06,-0.34146
2042,0.133681,-0.001338,0.342254,-0.767235,-0.202922,-0.608455,-7e-05,-0.94862,0.31637,-0.640439,0.24302,0.728564,5.2e-05,0.000309,0.000262,0.0,0.0,0.0,-0.188184,-0.150903,0.033025,0.352733,0.673356,0.73798,-0.044368,-0.425547,0.436106,0.792878,0.603612,-0.515935,0.607723,-2.9e-05,0.000403,0.000269,0.016031,-0.012468,-0.008733,-1.405061,0.044217,0.03758,-0.000382,-0.812378,-0.583123,-0.002685,0.366624,-0.514332,0.775273,-0.45346,0.628831,0.631619,0.000592,-0.0054,0.00418,-0.042436,-0.003413,-0.02967,-0.896753,0.082336,0.024074,-0.068691,-0.790547,-0.261834,-0.553603,0.135212,-0.956308,0.259215,-0.597287,0.130067,0.791409,2.7e-05,0.00016,0.000136,-2e-06,3e-06,-5e-06,-0.342276
2043,0.133639,-0.001367,0.342283,-0.767245,-0.202929,-0.608441,-0.000129,-0.948593,0.316454,-0.640428,0.243123,0.72854,1e-06,5e-06,4e-06,0.0,0.0,0.0,-0.188353,-0.150957,0.032995,0.352753,0.682029,0.729984,-0.044175,-0.420417,0.44094,0.792941,0.597438,-0.523152,0.607654,-0.0,5e-06,3e-06,2.2e-05,0.003028,0.00233,-1.405213,0.04419,0.037565,-0.000373,-0.819157,-0.573564,-0.002133,0.36057,-0.517847,0.775771,-0.446059,0.63471,0.631009,1.1e-05,-6.1e-05,-3.3e-05,-0.005943,0.035439,0.026882,-0.898549,0.082314,0.02406,-0.068676,-0.790555,-0.261843,-0.553589,0.135158,-0.956291,0.259304,-0.59729,0.130172,0.791391,-2e-06,-8e-06,-8e-06,3e-06,-8e-06,3e-06,-0.342603
2044,0.133575,-0.001428,0.342351,-0.767346,-0.20311,-0.608253,-0.000107,-0.948487,0.316771,-0.640307,0.243385,0.728558,0.0,1e-06,1e-06,0.0,0.0,0.0,-0.189013,-0.151039,0.032859,0.352798,0.690486,0.721828,-0.046758,-0.41352,0.4471,0.793119,0.592514,-0.529207,0.607232,-0.012442,-0.003024,-0.000973,-0.004934,0.016554,-0.03606,-1.405206,0.044154,0.037499,-0.000349,-0.825894,-0.563806,-0.004481,0.352468,-0.522485,0.776385,-0.440072,0.639633,0.630241,2.4e-05,-0.000292,-0.000189,-0.002372,-0.045843,0.05872,-0.901162,0.082283,0.02403,-0.068642,-0.790617,-0.262043,-0.553405,0.135196,-0.956199,0.259624,-0.597198,0.130445,0.791415,-1e-06,-9e-06,-8e-06,-3e-06,1e-06,-0.0,-0.342766
2045,0.13354,-0.001497,0.342399,-0.767336,-0.203048,-0.608286,-0.000294,-0.94845,0.31688,-0.640318,0.243579,0.728484,-1e-06,-6e-06,-5e-06,0.004419,-0.099175,0.172347,-0.18983,-0.15115,0.032714,0.352817,0.707353,0.705318,-0.046575,-0.402799,0.456506,0.793278,0.579868,-0.543251,0.607038,0.000156,-0.002184,-0.001457,-0.001927,0.015252,-0.024332,-1.405444,0.044094,0.037425,-0.00034,-0.838986,-0.544139,-0.003558,0.340095,-0.529459,0.777179,-0.424777,0.650833,0.629269,-0.006257,-0.000977,-0.000126,-0.000782,0.015374,-0.029147,-0.901978,0.082265,0.023995,-0.068619,-0.790645,-0.262093,-0.553341,0.135117,-0.956155,0.259824,-0.597179,0.130663,0.791393,-1e-06,0.0,1e-06,-1.7e-05,2e-06,-1.2e-05,-0.343419
2046,0.13354,-0.001497,0.342399,-0.767384,-0.203153,-0.608191,-0.000197,-0.948423,0.316961,-0.640261,0.243598,0.728528,-0.0,-0.0,-0.0,0.0,0.0,0.0,-0.190276,-0.151175,0.032672,0.352826,0.705848,0.70682,-0.046649,-0.404828,0.456712,0.792125,0.58029,-0.541121,0.608535,4.1e-05,-0.000579,-0.000386,0.069287,-0.057959,-0.040795,-1.405615,0.044082,0.0374,-0.000338,-0.837973,-0.545698,-0.003676,0.341898,-0.530244,0.775852,-0.42533,0.648887,0.630903,2.5e-05,-0.000322,-0.000212,0.075972,-0.071357,-0.051022,-0.902305,0.082265,0.023995,-0.068619,-0.790645,-0.262093,-0.553341,0.135117,-0.956155,0.259824,-0.597179,0.130663,0.791393,-1e-06,2e-06,4e-06,-5e-06,-1e-05,-1e-06,-0.343746
2047,0.133552,-0.001483,0.342398,-0.767363,-0.20311,-0.608232,-0.00022,-0.948441,0.316908,-0.640287,0.243564,0.728516,1e-06,4e-06,3e-06,0.0,0.0,0.0,-0.193956,-0.151172,0.032641,0.352829,0.72239,0.689899,-0.046723,-0.393826,0.466188,0.792151,0.56736,-0.554706,0.608495,1.1e-05,-0.000155,-0.000104,-2e-06,0.000275,0.000212,-1.405517,0.044083,0.037385,-0.000337,-0.850485,-0.525988,-0.003101,0.329323,-0.53707,0.776596,-0.410146,0.659463,0.62999,1.2e-05,-6.7e-05,-3.9e-05,-3.1e-05,0.000421,0.000447,-0.904428,0.082271,0.024002,-0.068619,-0.790632,-0.262046,-0.553381,0.135091,-0.956173,0.259773,-0.597202,0.130628,0.791382,-0.0,-4e-06,-3e-06,6e-06,0.0,2e-06,-0.345379
2048,0.133562,-0.001483,0.342385,-0.767355,-0.203097,-0.608245,-0.000216,-0.948451,0.316879,-0.640296,0.243537,0.728518,-0.0,-2e-06,-2e-06,0.0,0.0,0.0,-0.195597,-0.15119,0.032552,0.352923,0.738495,0.672657,-0.046366,-0.382711,0.474959,0.792389,0.554081,-0.568272,0.608213,-4.8e-05,0.000678,0.000452,-0.006919,0.118245,0.090761,-1.405652,0.044074,0.03734,-0.000289,-0.862593,-0.505893,-0.002134,0.316724,-0.543322,0.777487,-0.394484,0.669979,0.628895,0.000568,-0.005118,0.004367,-0.059909,0.407265,0.285379,-0.907367,0.082276,0.024002,-0.068626,-0.790627,-0.262031,-0.553395,0.135094,-0.956181,0.259742,-0.597207,0.130599,0.791382,1e-06,4e-06,1e-06,-5e-06,-2e-06,-4e-06,-0.346848
2049,0.133592,-0.001502,0.342395,-0.766133,-0.207601,-0.608266,0.005337,-0.948432,0.316891,-0.641735,0.239787,0.728495,-0.0,-0.0,-0.0,0.0,-0.0,-0.0,-0.196233,-0.151159,0.03226,0.353137,0.751378,0.658249,-0.046164,-0.375195,0.483896,0.790574,0.541771,-0.577523,0.610585,3e-06,-4e-05,-2.7e-05,0.354849,-0.297538,-0.208764,-1.405311,0.044089,0.037195,-0.000182,-0.873006,-0.487706,-0.001353,0.306149,-0.550168,0.776908,-0.379648,0.677832,0.629611,6e-06,-3.3e-05,-1.9e-05,0.516497,-0.31914,-0.211337,-0.897569,0.082291,0.023992,-0.068621,-0.788904,-0.266369,-0.553784,0.140607,-0.955508,0.259294,-0.598213,0.126692,0.791257,-2e-06,3e-06,3e-06,-0.000518,0.000463,-0.000259,-0.347501
2050,0.133625,-0.00149,0.342391,-0.766098,-0.207521,-0.608337,0.00528,-0.948459,0.31681,-0.641777,0.239748,0.728471,7e-06,4.4e-05,3.7e-05,0.0,-0.0,-0.0,-0.196555,-0.151135,0.032126,0.353245,0.749971,0.659829,-0.046492,-0.376861,0.484157,0.789622,0.542564,-0.575498,0.611792,0.001097,-0.009868,0.008978,0.051137,-0.156386,0.10689,-1.405551,0.044102,0.037126,-0.000129,-0.871308,-0.490732,-0.001848,0.308946,-0.55146,0.774883,-0.381279,0.674591,0.632101,0.000541,-0.004847,0.004549,0.019548,-0.15718,0.103329,-0.900019,0.082307,0.023998,-0.068623,-0.788887,-0.266282,-0.553849,0.140544,-0.955537,0.259221,-0.59825,0.126656,0.791235,3e-06,2.2e-05,1.7e-05,-0.00014,0.000112,7.7e-05,-0.347991
2051,0.133666,-0.001495,0.342388,-0.76607,-0.207448,-0.608397,0.005214,-0.948478,0.316754,-0.641811,0.239736,0.728445,0.0,0.0,0.0,0.0,0.0,0.0,-0.198041,-0.151105,0.031935,0.353397,0.762629,0.645143,-0.046678,-0.369038,0.493406,0.787588,0.530163,-0.584218,0.614394,-2e-06,3.5e-05,2.3e-05,0.081939,-0.068726,-0.048106,-1.405312,0.044116,0.037033,-5.2e-05,-0.880676,-0.473715,-0.001546,0.299199,-0.558761,0.773475,-0.367271,0.680719,0.633823,0.000597,-0.005549,0.004086,0.053539,-0.074164,-0.078097,-0.89659,0.082328,0.023996,-0.068624,-0.788875,-0.266199,-0.553907,0.14047,-0.955561,0.25917,-0.598284,0.126645,0.791212,0.0,-2e-06,-3e-06,-6.4e-05,3.5e-05,8.2e-05,-0.348971
2052,0.133677,-0.001496,0.342387,-0.766063,-0.207429,-0.608412,0.005198,-0.948483,0.31674,-0.641819,0.239733,0.728439,8.4e-05,0.000498,0.000423,0.0,0.0,0.0,-0.19816,-0.151131,0.031815,0.353483,0.773932,0.631574,-0.046218,-0.360329,0.499385,0.787853,0.519677,-0.59388,0.614089,-0.0,0.0,0.0,-0.255409,4.354074,3.39377,-1.405401,0.044104,0.036973,-8e-06,-0.886009,-0.463666,-0.0008,0.292959,-0.561143,0.77414,-0.359391,0.685661,0.633013,3e-06,-7e-06,-2e-06,-0.001631,0.000804,0.000503,-0.896753,0.082333,0.023994,-0.068626,-0.788872,-0.266177,-0.553921,0.14045,-0.955568,0.259157,-0.598292,0.126643,0.791206,5.8e-05,0.000337,0.000286,-5e-05,3.2e-05,5.2e-05,-0.349298
2053,0.133677,-0.001496,0.342387,-0.766063,-0.207429,-0.608412,0.005198,-0.948483,0.31674,-0.641819,0.239733,0.728439,1e-06,7e-06,6e-06,0.0,0.0,0.0,-0.198892,-0.151143,0.031747,0.353522,0.777636,0.627031,-0.045893,-0.357485,0.501205,0.787992,0.516102,-0.597149,0.613934,3e-06,-4.1e-05,-2.7e-05,-5.5e-05,0.000952,0.000742,-1.405217,0.044098,0.036939,1.1e-05,-0.891425,-0.453166,-0.000201,0.286453,-0.563826,0.774625,-0.351147,0.690463,0.63242,7e-06,-2.4e-05,-1.2e-05,0.000842,0.003528,0.002839,-0.896916,0.082333,0.023996,-0.068625,-0.788873,-0.266176,-0.553921,0.140449,-0.955568,0.259157,-0.598291,0.126644,0.791206,0.0,0.0,-0.0,-3.4e-05,1.6e-05,5.1e-05,-0.349461
2054,0.133665,-0.001509,0.342389,-0.766037,-0.207368,-0.608466,0.005124,-0.948493,0.316712,-0.641851,0.239747,0.728406,-3e-06,-1.9e-05,-1.7e-05,0.0,0.0,0.0,-0.198968,-0.151116,0.031569,0.353612,0.787294,0.614921,-0.045078,-0.350902,0.507155,0.787144,0.505886,-0.604664,0.61508,0.000104,-0.00146,-0.000974,0.023947,0.091612,0.073741,-1.405056,0.044111,0.036853,5.8e-05,-0.898319,-0.439341,0.000943,0.278831,-0.568464,0.774015,-0.339521,0.695576,0.633165,0.000656,-0.006404,0.003517,-0.048631,0.389934,0.241547,-0.895283,0.082327,0.023989,-0.068624,-0.788859,-0.266107,-0.553973,0.140373,-0.955585,0.259135,-0.598327,0.126658,0.791177,-0.0,-6e-06,-5e-06,-1.7e-05,1.8e-05,3.2e-05,-0.349788
2055,0.133695,-0.001511,0.342374,-0.766016,-0.207318,-0.60851,0.005096,-0.948512,0.316654,-0.641877,0.239713,0.728395,0.013825,-0.001362,-0.001139,0.000984,-0.014715,0.029553,-0.198471,-0.15107,0.031175,0.353688,0.78826,0.613717,-0.044596,-0.351994,0.509349,0.785237,0.50362,-0.604041,0.617547,0.001596,-0.016897,0.004298,-0.019153,0.007589,-0.054935,-1.405334,0.044133,0.036668,9.8e-05,-0.898994,-0.437957,0.001418,0.279357,-0.570936,0.772004,-0.337295,0.694424,0.635615,0.00082,-0.008729,0.001962,-0.04429,0.003435,-0.061031,-0.897569,0.082337,0.023988,-0.068631,-0.788851,-0.266072,-0.554001,0.140358,-0.955599,0.259091,-0.598341,0.126626,0.791171,1e-06,8e-06,5e-06,-3.4e-05,-1.3e-05,1.7e-05,-0.349788
2056,0.133768,-0.001518,0.342368,-0.764727,-0.211721,-0.608615,0.010597,-0.9485,0.316556,-0.643344,0.235887,0.728349,-0.0,-0.0,-0.0,0.0,-0.0,-0.0,-0.19816,-0.151065,0.030787,0.353664,0.792839,0.607824,-0.044128,-0.350148,0.513777,0.783176,0.497691,-0.606241,0.620193,0.000306,-0.00432,-0.002892,0.016114,-0.013631,-0.009483,-1.405203,0.044136,0.036461,8.4e-05,-0.902195,-0.431322,0.002068,0.276577,-0.57482,0.770121,-0.330982,0.695371,0.637894,-0.006159,-0.002703,-0.001284,-0.009252,-0.001044,-0.043452,-0.897406,0.082379,0.023984,-0.068634,-0.787079,-0.270278,-0.554486,0.14579,-0.954938,0.258528,-0.599375,0.122643,0.791016,-0.0,3e-06,4e-06,-0.000189,0.000135,7.3e-05,-0.349787
2057,0.133809,-0.001522,0.342365,-0.764699,-0.211647,-0.608675,0.010531,-0.948519,0.3165,-0.643378,0.235875,0.728323,-0.0,-0.0,-0.0,0.0,-0.0,-0.0,-0.198156,-0.151159,0.030664,0.353649,0.791509,0.609575,-0.043854,-0.352351,0.513965,0.782063,0.498253,-0.60432,0.621614,-0.012352,-0.005055,-0.002337,0.006146,0.021505,-0.059813,-1.405376,0.044094,0.036398,7.4e-05,-0.901207,-0.433382,0.002271,0.278661,-0.575437,0.768908,-0.331924,0.693579,0.639354,0.000101,-0.0014,-0.000935,-0.017242,-0.006681,-0.007498,-0.897733,0.0824,0.023982,-0.068636,-0.787067,-0.270196,-0.554543,0.145719,-0.954963,0.258477,-0.599408,0.122631,0.790993,-1e-06,3e-06,-1e-06,-0.000114,3.9e-05,0.000116,-0.349624
2058,0.133872,-0.00152,0.342353,-0.764651,-0.211527,-0.608778,0.010439,-0.948557,0.316389,-0.643437,0.235829,0.728286,-0.0,-0.0,-0.0,0.0,0.0,0.0,-0.198146,-0.151401,0.030583,0.353627,0.802153,0.595557,-0.043059,-0.343701,0.51967,0.782142,0.487161,-0.613342,0.621569,4e-06,-5.2e-05,-3.5e-05,-0.237963,4.322526,3.435117,-1.404915,0.043969,0.036352,6e-05,-0.906224,-0.422784,0.003389,0.272381,-0.577672,0.769482,-0.323367,0.698247,0.638658,-0.006321,-0.000432,0.00024,-0.002131,0.016471,-0.028252,-0.902305,0.082431,0.023983,-0.068642,-0.787043,-0.270062,-0.554641,0.145617,-0.955007,0.258372,-0.599464,0.122584,0.790958,-1e-06,2e-06,-2e-06,-6.6e-05,1.5e-05,8.4e-05,-0.349624
2059,0.133903,-0.001523,0.342351,-0.76463,-0.211472,-0.608823,0.01039,-0.948572,0.316347,-0.643462,0.23582,0.728267,-0.0,-0.0,-0.0,0.0,0.0,0.0,-0.198164,-0.151668,0.030477,0.353685,0.805587,0.590976,-0.042048,-0.341205,0.520972,0.782369,0.483238,-0.616657,0.621352,-0.012554,-0.002271,-0.000475,-0.002045,0.015205,-0.029245,-1.4055,0.04384,0.036305,9.3e-05,-0.911104,-0.41215,0.00462,0.2662,-0.579832,0.77002,-0.314685,0.702798,0.638002,5.4e-05,-0.00075,-0.000497,7e-05,0.000646,0.000516,-0.900345,0.082446,0.023982,-0.068643,-0.787034,-0.27,-0.554685,0.145563,-0.955026,0.258333,-0.599489,0.122575,0.79094,-1e-06,2e-06,-2e-06,-5.3e-05,4e-06,5.8e-05,-0.349624
2060,0.133913,-0.001524,0.34235,-0.764623,-0.211453,-0.608838,0.010373,-0.948577,0.316333,-0.643471,0.235817,0.72826,-0.0,-0.0,-0.0,0.0,0.0,0.0,-0.198176,-0.151765,0.030402,0.353725,0.812496,0.58147,-0.041653,-0.335204,0.524637,0.782514,0.475822,-0.622553,0.621195,-0.012627,-0.001233,0.000221,-0.00826,0.131969,0.063447,-1.405175,0.043791,0.036266,0.000111,-0.915832,-0.401525,0.005253,0.25965,-0.58215,0.770508,-0.30632,0.70702,0.637408,6e-06,-5.4e-05,-3e-05,-0.02168,0.394286,0.311794,-0.89708,0.082452,0.023981,-0.068643,-0.787031,-0.269979,-0.554699,0.145545,-0.955032,0.25832,-0.599497,0.122572,0.790934,-0.0,1e-06,-3e-06,-3.6e-05,6e-06,5.1e-05,-0.349624
2061,0.133912,-0.001539,0.34235,-0.764637,-0.211479,-0.608812,0.01038,-0.948564,0.316372,-0.643454,0.235847,0.728265,-0.000117,-0.000695,-0.00059,0.0,0.0,0.0,-0.198205,-0.15191,0.030236,0.353873,0.815845,0.576842,-0.040539,-0.332612,0.525645,0.782944,0.471901,-0.625996,0.620726,0.001134,-0.010563,0.00854,-0.036461,0.008989,-0.019002,-1.405039,0.043714,0.036186,0.000183,-0.918168,-0.396136,0.006493,0.256841,-0.582671,0.771055,-0.301659,0.709627,0.636734,-0.00634,-0.000204,0.000392,-0.001856,0.015272,-0.029209,-0.893487,0.082451,0.023976,-0.068642,-0.78704,-0.270005,-0.554674,0.145551,-0.95502,0.258359,-0.599483,0.122605,0.790939,-7.9e-05,-0.000465,-0.000397,-3.1e-05,1.1e-05,2e-05,-0.349787
2062,0.133902,-0.00153,0.342345,-0.764637,-0.211487,-0.608809,0.010404,-0.948568,0.316358,-0.643454,0.235823,0.728273,-0.0,-0.0,-0.0,0.0,0.0,0.0,-0.198331,-0.151937,0.029941,0.354079,0.817949,0.573902,-0.039844,-0.331629,0.527166,0.782338,0.468944,-0.627416,0.621534,0.001242,-0.01216,0.007476,-0.024963,-0.000859,-0.02581,-1.405151,0.0437,0.036043,0.000288,-0.919583,-0.392826,0.007241,0.25559,-0.584122,0.770372,-0.298393,0.710272,0.637552,5e-05,-0.000742,-0.000495,-0.009384,-0.010082,-0.00958,-0.888752,0.082446,0.023978,-0.068646,-0.787039,-0.270013,-0.554672,0.145573,-0.955021,0.258344,-0.59948,0.122581,0.790946,-0.0,6e-06,1e-06,-3e-05,-2.4e-05,2.3e-05,-0.349787
2063,0.133903,-0.001531,0.342357,-0.764637,-0.211482,-0.608811,0.010383,-0.948563,0.316374,-0.643454,0.235847,0.728265,8.5e-05,0.000502,0.000426,0.0,0.0,0.0,-0.198423,-0.151918,0.029761,0.354192,0.823447,0.566,-0.039639,-0.327323,0.531138,0.781464,0.462311,-0.631225,0.622645,0.001213,-0.011739,0.007761,-0.024824,-0.000999,-0.025897,-1.405397,0.043709,0.035955,0.000341,-0.923309,-0.383981,0.007614,0.25054,-0.587177,0.769709,-0.291083,0.712587,0.638349,0.00062,-0.006049,0.003763,-0.048016,-0.00286,-0.03024,-0.888915,0.082446,0.023976,-0.068641,-0.78704,-0.270008,-0.554673,0.145553,-0.955019,0.258361,-0.599483,0.122606,0.79094,6.5e-05,0.000399,0.000336,-2.5e-05,-1.7e-05,2.3e-05,-0.349787
2064,0.133904,-0.001525,0.342363,-0.76463,-0.211466,-0.608825,0.010369,-0.948567,0.316362,-0.643462,0.235845,0.728259,2e-06,1.2e-05,1e-05,0.0,0.0,0.0,-0.19868,-0.151878,0.029366,0.354444,0.829748,0.556732,-0.039489,-0.323581,0.53769,0.778537,0.45361,-0.633906,0.626311,-0.011479,-0.012293,0.008443,0.314043,-0.27842,-0.256623,-1.404957,0.043734,0.035752,0.000468,-0.928179,-0.372044,0.008145,0.243984,-0.591874,0.768216,-0.28099,0.715029,0.640138,0.000588,-0.005593,0.00407,0.3557,-0.344339,-0.264657,-0.881404,0.082447,0.023981,-0.068637,-0.787037,-0.26999,-0.554686,0.145538,-0.955025,0.25835,-0.599492,0.122603,0.790934,-1e-06,-2e-06,-4e-06,-1.5e-05,1e-06,1.3e-05,-0.349951
2065,0.133901,-0.001546,0.342358,-0.764698,-0.211612,-0.60869,0.010486,-0.948522,0.316494,-0.64338,0.235897,0.728314,-0.000192,-0.001135,-0.000963,0.0,0.0,0.0,-0.198591,-0.151859,0.029006,0.354732,0.841491,0.538835,-0.039251,-0.312476,0.544879,0.778074,0.439567,-0.643149,0.6269,0.001062,-0.009503,0.009272,-0.048023,0.37598,0.313883,-1.405064,0.043739,0.035569,0.00061,-0.935085,-0.354315,0.008639,0.233436,-0.597362,0.767245,-0.266686,0.719457,0.641294,-2.3e-05,6.4e-05,3.6e-05,-0.089838,1.30213,1.043917,-0.883526,0.082446,0.023973,-0.068637,-0.787075,-0.270149,-0.554555,0.145661,-0.954972,0.258474,-0.599412,0.122662,0.790985,-0.000112,-0.000665,-0.000565,-0.000655,0.014378,-0.024964,-0.349787
2066,0.133891,-0.001545,0.342358,-0.764658,-0.211525,-0.60877,0.010406,-0.948545,0.316427,-0.643429,0.235881,0.728276,-0.0,-0.0,-0.0,0.0,0.0,0.0,-0.198214,-0.151814,0.028661,0.354969,0.843288,0.536222,-0.036369,-0.315706,0.549186,0.77373,0.433788,-0.641664,0.632423,0.001267,-0.012523,0.007254,0.0876,-0.09798,-0.09226,-1.405344,0.043762,0.035399,0.000736,-0.93646,-0.35058,0.011584,0.234987,-0.602485,0.762752,-0.260426,0.71701,0.646585,0.000641,-0.00637,0.003557,0.063199,-0.098733,-0.094934,-0.886139,0.08244,0.023971,-0.068639,-0.787052,-0.270054,-0.554632,0.145578,-0.955002,0.258413,-0.599461,0.122643,0.790951,0.0,6e-06,5e-06,-1.2e-05,-5e-06,1e-05,-0.349951
2067,0.133891,-0.001545,0.342358,-0.764658,-0.211525,-0.60877,0.010406,-0.948545,0.316427,-0.643429,0.235881,0.728276,-0.0,-0.0,-0.0,0.0,0.0,0.0,-0.198067,-0.151795,0.028474,0.355078,0.84853,0.528067,-0.03368,-0.31287,0.552239,0.772709,0.425559,-0.645787,0.633816,6.4e-05,-0.000943,-0.000632,0.045951,0.124742,0.011404,-1.405327,0.043771,0.035303,0.00079,-0.939601,-0.341967,0.014429,0.231829,-0.604833,0.76186,-0.251804,0.71919,0.64758,0.000624,-0.00612,0.003723,-0.002911,0.426129,0.231324,-0.886139,0.08244,0.023971,-0.068639,-0.787053,-0.270054,-0.554632,0.145577,-0.955002,0.258413,-0.599461,0.122643,0.790951,-2e-06,4e-06,3e-06,-1.3e-05,-9e-06,8e-06,-0.349624
2068,0.133902,-0.001556,0.342376,-0.764659,-0.211511,-0.608774,0.010361,-0.948536,0.316455,-0.643429,0.23593,0.728261,1.4e-05,8.4e-05,7.1e-05,0.0,0.0,0.0,-0.198736,-0.15177,0.028031,0.355347,0.857571,0.513395,-0.031437,-0.306844,0.5599,0.769606,0.41162,-0.650985,0.637692,0.001183,-0.011298,0.008085,0.323439,-0.301173,-0.230601,-1.405646,0.043784,0.035079,0.000922,-0.945801,-0.324289,0.017179,0.223063,-0.610303,0.760113,-0.236012,0.722748,0.649563,0.000593,-0.005612,0.004069,0.472836,-0.328958,-0.224871,-0.88173,0.082446,0.023966,-0.06863,-0.787055,-0.270039,-0.554636,0.145534,-0.954999,0.258446,-0.599468,0.122692,0.790938,-0.000175,-0.005412,0.004279,-0.035298,0.015039,-0.017284,-0.349787
2069,0.133901,-0.001562,0.34237,-0.764665,-0.211526,-0.60876,0.010375,-0.948532,0.316467,-0.64342,0.235933,0.728267,-1e-06,-5e-06,-4e-06,0.0,0.0,0.0,-0.198118,-0.151723,0.027586,0.355671,0.86455,0.501849,-0.026307,-0.303964,0.564116,0.767667,0.398991,-0.656315,0.64025,0.001164,-0.011013,0.008284,0.014969,-0.122198,0.131709,-1.405455,0.043807,0.034857,0.001085,-0.949509,-0.312939,0.022362,0.220414,-0.614648,0.75738,-0.223269,0.724069,0.65259,0.000583,-0.005484,0.004159,-0.025642,-0.121004,0.134953,-0.879281,0.082445,0.023962,-0.068633,-0.787059,-0.270056,-0.554622,0.145549,-0.954994,0.258456,-0.59946,0.122696,0.790944,-1e-06,1e-06,0.0,-7e-06,1e-06,5e-06,-0.349951
2070,0.1339,-0.001561,0.342358,-0.764665,-0.211531,-0.608759,0.010396,-0.948537,0.316452,-0.643421,0.235908,0.728275,-5e-06,-3.2e-05,-2.7e-05,0.0,0.0,0.0,-0.198107,-0.151728,0.02736,0.355851,0.868306,0.495293,-0.026846,-0.300617,0.568744,0.765568,0.393342,-0.657293,0.642737,0.001159,-0.01094,0.008337,0.042439,-0.148765,0.113297,-1.40552,0.043805,0.034745,0.001175,-0.951879,-0.305688,0.021879,0.216011,-0.618561,0.75546,-0.217402,0.723833,0.654828,0.000583,-0.005464,0.004176,-0.002362,-0.143991,0.1111,-0.876505,0.082445,0.023963,-0.068639,-0.787058,-0.270061,-0.554621,0.145569,-0.954996,0.258439,-0.599456,0.122671,0.79095,-1e-06,-1e-05,-8e-06,-6e-06,-1e-06,5e-06,-0.349951
2071,0.133909,-0.001569,0.342352,-0.764665,-0.211528,-0.60876,0.010394,-0.948537,0.316449,-0.643421,0.235908,0.728275,-1e-06,-7e-06,-6e-06,0.0,0.0,0.0,-0.198194,-0.151778,0.026915,0.356172,0.875802,0.48216,-0.021999,-0.298012,0.57627,0.760944,0.378458,-0.66048,0.648382,0.001162,-0.011,0.008304,0.309038,-0.100525,-0.388893,-1.405651,0.04378,0.034522,0.001335,-0.956558,-0.290276,0.027095,0.210886,-0.624766,0.751793,-0.2013,0.724849,0.658841,0.000583,-0.005496,0.004156,0.409553,-0.106231,-0.40323,-0.876505,0.082449,0.023959,-0.068643,-0.787058,-0.270058,-0.554622,0.145566,-0.954997,0.258437,-0.599456,0.122671,0.79095,0.0,6e-06,6e-06,-9e-06,-1e-06,1e-06,-0.349787
2072,0.133908,-0.001575,0.342346,-0.764672,-0.211544,-0.608746,0.010408,-0.948533,0.316461,-0.643412,0.235911,0.728281,-0.0,-1e-06,-1e-06,0.0,0.0,0.0,-0.198291,-0.151818,0.026653,0.356378,0.883296,0.468387,-0.019839,-0.290962,0.581137,0.759971,0.366364,-0.666089,0.64959,-0.0,7e-06,5e-06,0.009821,-0.008477,-0.005727,-1.405318,0.04376,0.034396,0.001436,-0.960581,-0.276443,0.029357,0.203826,-0.628541,0.750593,-0.189044,0.72699,0.660111,2e-06,-3e-06,-1e-06,-0.013692,-0.007523,-0.006229,-0.877158,0.082449,0.023956,-0.068646,-0.787062,-0.270074,-0.554609,0.14558,-0.954992,0.258448,-0.599448,0.122674,0.790956,0.0,9e-06,8e-06,-3e-06,-8e-06,3e-06,-0.349787
2073,0.133908,-0.001567,0.34234,-0.764664,-0.211534,-0.608759,0.010415,-0.948542,0.316434,-0.643421,0.235883,0.728283,-0.0,-0.0,-0.0,0.0,0.0,0.0,-0.198378,-0.151869,0.026584,0.356407,0.888785,0.458023,-0.016329,-0.286554,0.583394,0.759916,0.356454,-0.671293,0.649747,8.1e-05,-0.001204,-0.000808,-0.000217,0.010203,0.008724,-1.405396,0.043734,0.03436,0.001455,-0.963658,-0.265081,0.033061,0.198965,-0.62964,0.750976,-0.178253,0.730262,0.6595,-0.006296,-0.001348,-0.000379,-0.002356,0.051047,0.002325,-0.877975,0.082449,0.02396,-0.068649,-0.787057,-0.270063,-0.554621,0.145586,-0.954998,0.25842,-0.599453,0.122646,0.790957,-1e-06,4e-06,2e-06,3e-06,-1.7e-05,7e-06,-0.349787
