frame,MLTx,MLTy,MLTz,MLTR1,MLTR2,MLTR3,MLTR4,MLTR5,MLTR6,MLTR7,MLTR8,MLTR9,MLTTVx,MLTTVy,MLTTVz,MLTRVx,MLTRVy,MLTRVz,MLGA,MRTx,MRTy,MRTz,MRTR1,MRTR2,MRTR3,MRTR4,MRTR5,MRTR6,MRTR7,MRTR8,MRTR9,MRTTVx,MRTTVy,MRTTVz,MRTRVx,MRTRVy,MRTRVz,MRGA,SLTx,SLTy,SLTz,SLTR1,SLTR2,SLTR3,SLTR4,SLTR5,SLTR6,SLTR7,SLTR8,SLTR9,SLTTVx,SLTTVy,SLTTVz,SLTRVx,SLTRVy,SLTRVz,SLGA,SRTx,SRTy,SRTz,SRTR1,SRTR2,SRTR3,SRTR4,SRTR5,SRTR6,SRTR7,SRTR8,SRTR9,SRTTVx,SRTTVy,SRTTVz,SRTRVx,SRTRVy,SRTRVz,SRGA
3137,0.231772,-0.044439,0.299405,-0.981762,-0.168759,0.087797,0.181578,-0.968732,0.168998,0.057755,0.182061,0.981604,-0.09751,0.01668,0.032662,0.024137,0.08112,4.680766,-1.069004,-0.12006,0.040912,0.305187,-0.775927,-0.511143,0.369679,0.553258,-0.832911,0.009918,0.303803,0.212879,0.928574,-0.001348,0.009078,-0.009401,-0.079219,0.08459,0.296002,0.392882,0.066078,0.074099,-0.005398,0.766138,0.527263,0.367457,-0.568732,0.822503,0.005581,-0.299292,-0.21326,0.930023,0.000305,-0.001729,-0.001569,-0.057275,0.404712,0.077373,0.344582,0.118588,0.028566,-0.057046,0.973136,0.210057,0.094238,-0.223585,0.959874,0.169263,-0.054902,-0.185786,0.981054,-0.048301,0.002723,0.020404,-0.624237,-1.245862,-0.581262,-0.947757
3138,0.228134,-0.043941,0.300773,-0.989432,-0.13391,0.056023,0.142018,-0.972466,0.184697,0.03098,0.190862,0.981142,-0.096216,0.007613,0.042524,-0.155047,0.28062,4.718567,-1.043154,-0.120301,0.041129,0.304829,-0.774667,-0.50176,0.384863,0.548434,-0.836032,0.014242,0.315573,0.222748,0.922312,-0.01422,0.005851,-0.010599,-0.203786,0.218251,0.17709,0.387183,0.065962,0.074207,-0.005578,0.765099,0.518127,0.382317,-0.563921,0.825774,0.009416,-0.310829,-0.222801,0.923982,-0.0005,0.003565,-0.005584,-0.279967,0.167864,0.396845,0.342786,0.116769,0.028818,-0.056367,0.982396,0.176449,0.061343,-0.184926,0.965068,0.185592,-0.026453,-0.193669,0.980709,-0.048604,0.00915,0.016951,-0.509807,-0.903283,-0.670489,-0.949227
3139,0.226245,-0.043612,0.301444,-0.993152,-0.11124,0.036329,0.116057,-0.975327,0.187722,0.015787,0.190784,0.981519,-0.096806,0.01835,0.033343,0.404007,-0.150012,4.495658,-1.034966,-0.120487,0.041236,0.304605,-0.77213,-0.498322,0.394312,0.546875,-0.837069,0.013297,0.324398,0.226545,0.918318,-0.014105,0.005196,-0.011195,1.177632,2.53549,-0.423474,0.378267,0.065865,0.074262,-0.005695,0.762957,0.514915,0.390843,-0.562405,0.826816,0.008575,-0.31874,-0.226354,0.920417,-0.007028,0.002488,-0.005694,1.083262,2.59741,-0.382593,0.336418,0.115789,0.028988,-0.056012,0.987772,0.150188,0.041806,-0.155424,0.969599,0.188996,-0.01215,-0.193182,0.981087,-0.048317,0.009237,0.016854,0.468759,-0.19643,4.484602,-0.950207
3140,0.222435,-0.042926,0.302764,-0.995762,-0.091885,-0.007854,0.088835,-0.978974,0.183552,-0.023315,0.182184,0.983002,-0.096129,0.017667,0.031488,-0.361435,-0.632189,0.640176,-1.027603,-0.121031,0.041479,0.304058,-0.767488,-0.491753,0.411256,0.544163,-0.838842,0.012766,0.339652,0.234218,0.910846,-0.013709,0.002896,-0.0133,-0.175867,0.522061,0.170516,0.354351,0.065597,0.074384,-0.005962,0.758133,0.508647,0.408057,-0.559815,0.828585,0.007245,-0.334425,-0.233929,0.912927,-0.007773,0.007475,-0.009984,0.025109,1.090883,0.294547,0.311434,0.113919,0.029328,-0.055359,0.991444,0.130506,-0.002129,-0.127876,0.97447,0.18454,0.026159,-0.182689,0.982822,-0.048026,0.009054,0.016129,0.01122,-0.431962,4.262171,-0.956412
3141,0.218673,-0.042557,0.30408,-0.995058,-0.08261,-0.055504,0.070487,-0.978806,0.192204,-0.068967,0.187438,0.979866,-0.094531,0.003448,0.034924,-1.206479,-0.031382,3.793252,-1.027053,-0.121768,0.041871,0.303391,-0.762531,-0.483608,0.429722,0.541076,-0.840816,0.014142,0.355422,0.243916,0.902243,-0.015656,0.015623,-0.019362,0.196284,0.938227,0.03092,0.331363,0.065224,0.074578,-0.006304,0.753378,0.499946,0.427169,-0.556644,0.830696,0.009507,-0.350095,-0.244944,0.90412,-0.007808,0.007742,-0.009733,0.200564,1.033793,0.029665,0.277959,0.112001,0.029522,-0.054685,0.991403,0.121117,-0.049493,-0.109483,0.975061,0.19305,0.071641,-0.185971,0.979939,-0.04726,0.001493,0.017265,-1.305792,-0.149796,3.783383,-0.960657
3142,0.216753,-0.042561,0.304761,-0.994004,-0.077163,-0.077764,0.060656,-0.978855,0.195281,-0.089952,0.189483,0.977769,-0.09418,0.001257,0.031805,1.403878,-1.999796,0.870932,-1.026742,-0.12224,0.042151,0.302988,-0.760657,-0.478629,0.438528,0.539224,-0.841958,0.016632,0.362204,0.24973,0.897946,-0.028617,0.013012,-0.020022,-0.184227,0.248986,0.154167,0.320831,0.065009,0.074709,-0.00649,0.751522,0.494998,0.436108,-0.554836,0.831873,0.011914,-0.356889,-0.250922,0.899814,-0.014352,0.006818,-0.009711,-0.312788,0.221366,0.436759,0.263263,0.111112,0.029525,-0.054369,0.99039,0.119169,-0.070181,-0.103265,0.974766,0.197906,0.091995,-0.188757,0.977704,-0.047101,0.000376,0.015663,-0.536857,-0.606773,-1.168248,-0.966536
3143,0.213195,-0.042938,0.305954,-0.990528,-0.069199,-0.118787,0.045012,-0.979762,0.194968,-0.128642,0.187854,0.97375,-0.092717,-0.017359,0.030114,0.004285,-0.922621,-0.495536,-1.023549,-0.123337,0.042813,0.302133,-0.755874,-0.465036,0.460855,0.534571,-0.844725,0.024641,0.378772,0.265581,0.886488,-0.028475,0.012379,-0.020608,-0.502751,0.444594,0.578508,0.311022,0.06445,0.075046,-0.006923,0.746714,0.482689,0.457633,-0.550618,0.834559,0.018185,-0.373145,-0.26556,0.888954,-0.015132,0.012224,-0.013598,-0.076754,0.26638,0.136442,0.243342,0.109326,0.029348,-0.053759,0.987891,0.108095,-0.111286,-0.084576,0.976587,0.197797,0.130062,-0.18599,0.973904,-0.046292,-0.009175,0.014553,-0.742951,-0.177176,4.216319,-0.972088
3144,0.20994,-0.043784,0.306935,-0.982305,-0.068048,-0.174621,0.035307,-0.982301,0.183875,-0.182821,0.174534,0.967544,-0.076784,-0.02293,0.021585,1.387503,-2.426068,0.010852,-1.004566,-0.124814,0.043555,0.301093,-0.751422,-0.451624,0.481033,0.530488,-0.846983,0.033713,0.39313,0.281093,0.875385,-0.042881,0.020026,-0.029592,-0.333491,0.414476,0.290873,0.285314,0.063716,0.075417,-0.007438,0.742729,0.468356,0.478533,-0.546258,0.837131,0.028516,-0.38724,-0.282582,0.877605,-0.021397,0.009817,-0.014955,-0.51684,0.570569,0.3872,0.217215,0.107692,0.028932,-0.053265,0.980385,0.106306,-0.16596,-0.074683,0.979643,0.186331,0.18239,-0.170282,0.968367,-0.037924,-0.016624,0.015507,0.593815,-1.319464,4.944635,-0.970618
3145,0.208469,-0.044304,0.30738,-0.976366,-0.072322,-0.203773,0.035329,-0.983129,0.179389,-0.212095,0.168034,0.962708,-0.076759,-0.024573,0.019402,1.246159,-2.747747,-0.470034,-0.991101,-0.12567,0.043885,0.300531,-0.745,-0.445792,0.496221,0.529817,-0.847374,0.034411,0.406066,0.289113,0.866826,-0.042733,0.019301,-0.030275,0.870984,2.788275,-0.464782,0.275483,0.063288,0.075581,-0.007719,0.737832,0.463045,0.491114,-0.545578,0.837522,0.030001,-0.397427,-0.290077,0.870578,-0.021293,0.009279,-0.01545,-0.01283,0.125821,0.054371,0.201866,0.106928,0.028662,-0.053036,0.974687,0.109072,-0.195161,-0.073437,0.980678,0.181321,0.211167,-0.162399,0.963864,-0.038053,-0.017874,0.013841,-0.082911,-1.064902,-0.793716,-0.967516
3146,0.205478,-0.045594,0.308286,-0.962475,-0.078935,-0.259723,0.035335,-0.985098,0.168243,-0.267936,0.152844,0.95125,-0.076198,-0.037951,0.024528,1.081745,-2.642279,-0.574573,-0.941574,-0.127648,0.044389,0.299327,-0.733225,-0.441978,0.516747,0.532936,-0.845462,0.033289,0.423082,0.300367,0.854778,-0.055198,0.013839,-0.033697,-0.092463,0.343928,-0.121121,0.250926,0.062283,0.075843,-0.008331,0.724836,0.457727,0.514876,-0.548402,0.835708,0.029087,-0.416972,-0.303443,0.85677,-0.027557,0.006758,-0.01696,-0.067694,0.316434,-0.13595,0.170841,0.105433,0.028019,-0.052589,0.961106,0.115278,-0.250969,-0.07359,0.982761,0.169597,0.266194,-0.144532,0.953021,-0.03812,-0.018672,0.012698,-0.125584,-0.96738,-0.993224,-0.954126
3147,0.202654,-0.047094,0.309238,-0.94944,-0.080751,-0.303459,0.032724,-0.986565,0.159967,-0.311119,0.142043,0.93971,-0.076457,-0.037973,0.024203,0.485729,-2.077644,1.136901,-0.860704,-0.129876,0.044627,0.298109,-0.720283,-0.44584,0.531424,0.540124,-0.841125,0.026626,0.436011,0.306783,0.845956,-0.066287,-0.002026,-0.029114,0.022032,0.343274,-0.461459,0.225871,0.061169,0.075961,-0.008941,0.711868,0.461495,0.5294,-0.555427,0.831267,0.022223,-0.429818,-0.309864,0.84808,-0.033102,-0.001174,-0.014667,0.040071,0.320095,-0.474363,0.13459,0.104021,0.027264,-0.052119,0.948078,0.118847,-0.294995,-0.073216,0.984201,0.161205,0.309493,-0.131237,0.941801,-0.038233,-0.019355,0.011723,-2.055608,0.707758,4.109827,-0.916406
3148,0.199953,-0.048643,0.310342,-0.938474,-0.08205,-0.335529,0.034033,-0.988624,0.14641,-0.342558,0.126079,0.931013,-0.076219,-0.045916,0.036058,1.454801,-1.776631,0.123542,-0.808263,-0.132348,0.044667,0.296854,-0.708739,-0.4523,0.541393,0.548646,-0.835771,0.02021,0.444213,0.311934,0.839783,-0.06626,-0.002864,-0.030103,0.03982,0.218696,-0.307296,0.208087,0.059958,0.075979,-0.00956,0.700416,0.467744,0.539102,-0.563738,0.825799,0.015932,-0.437738,-0.315072,0.842089,-0.033082,-0.00164,-0.015199,0.035394,0.332048,-0.470674,0.106014,0.102671,0.026488,-0.051578,0.936675,0.119944,-0.329017,-0.073603,0.985958,0.149892,0.342376,-0.116184,0.932351,-0.03056,-0.017246,0.013663,-0.082406,0.089174,-0.683652,-0.866112
3149,0.198634,-0.049364,0.31097,-0.933802,-0.085882,-0.347397,0.038245,-0.989173,0.141585,-0.354635,0.119026,0.927413,-0.060675,-0.043336,0.038139,1.221439,-2.035327,0.045662,-0.782244,-0.133718,0.044593,0.29622,-0.702767,-0.456515,0.545622,0.553146,-0.832895,0.015797,0.4481,0.313493,0.837133,-0.079122,-0.006885,-0.032355,0.020469,0.375443,-0.514005,0.202277,0.059248,0.075945,-0.009885,0.694157,0.472114,0.543372,-0.568354,0.822706,0.011256,-0.441721,-0.316641,0.839415,-0.039524,-0.00356,-0.016243,0.021653,0.373662,-0.516241,0.095564,0.102005,0.026125,-0.051267,0.9327,0.122633,-0.339161,-0.077679,0.98665,0.14313,0.352186,-0.107151,0.929775,-0.038479,-0.016421,0.015098,-0.323252,-0.279177,-0.653711,-0.846681
3150,0.196211,-0.050692,0.312246,-0.931723,-0.091377,-0.351551,0.044786,-0.989362,0.13831,-0.359291,0.113229,0.926346,-0.045668,-0.030221,0.031252,-0.110277,0.073184,-0.148628,-0.761674,-0.136771,0.044132,0.294975,-0.691311,-0.466457,0.551813,0.562067,-0.827035,0.00526,0.454766,0.314388,0.833194,-0.077535,-0.021101,-0.028181,0.027093,0.234879,-0.401905,0.194042,0.05778,0.07573,-0.010487,0.682909,0.481808,0.549086,-0.576879,0.816828,0.000732,-0.448157,-0.317256,0.835765,-0.039546,-0.004293,-0.01709,0.055229,0.214333,-0.358623,0.081194,0.100788,0.025456,-0.050625,0.929352,0.128483,-0.346115,-0.084469,0.98662,0.139441,0.359401,-0.100354,0.92777,-0.030719,-0.015,0.016258,-0.119814,0.179933,-0.326942,-0.818431
3151,0.194078,-0.051593,0.313627,-0.934527,-0.092997,-0.343592,0.043811,-0.987988,0.148095,-0.352075,0.123455,0.927809,-0.061509,-0.020712,0.043597,-0.153756,0.116037,-0.152041,-0.75983,-0.139944,0.043322,0.293807,-0.682364,-0.473013,0.557342,0.568951,-0.822331,-0.001123,0.459689,0.316937,0.829518,-0.07773,-0.022804,-0.030198,0.017436,0.135237,-0.224491,0.184319,0.056165,0.075317,-0.011082,0.673561,0.488266,0.554897,-0.583917,0.811793,-0.005528,-0.453161,-0.320291,0.8319,-0.045406,-0.012353,-0.015149,0.013977,0.151383,-0.253445,0.069764,0.099728,0.02499,-0.049954,0.932115,0.130081,-0.337992,-0.083367,0.985273,0.149287,0.352434,-0.110975,0.929232,-0.023158,-0.004597,0.01754,-0.230766,0.230693,-0.163615,-0.81043
3152,0.19301,-0.051696,0.314412,-0.938292,-0.095999,-0.332323,0.04576,-0.986733,0.155681,-0.341692,0.13098,0.930655,-0.061948,-0.003658,0.042442,0.115226,0.26578,0.013644,-0.761876,-0.141653,0.042796,0.293205,-0.67817,-0.476141,0.559792,0.572223,-0.820048,-0.004071,0.461828,0.318173,0.827855,-0.091009,-0.025764,-0.031679,0.015454,0.15035,-0.253778,0.179299,0.055315,0.075055,-0.011381,0.669324,0.491314,0.557328,-0.587139,0.809441,-0.00844,-0.455272,-0.32158,0.830248,-0.045439,-0.013281,-0.016156,0.014985,0.150488,-0.254026,0.062416,0.099194,0.024929,-0.049565,0.935437,0.13374,-0.327215,-0.08546,0.983769,0.157778,0.343006,-0.119627,0.931684,-0.023143,-0.001316,0.021476,0.232367,0.42732,0.049595,-0.810267
3153,0.191149,-0.0513,0.316082,-0.945298,-0.099141,-0.310853,0.045208,-0.983342,0.175972,-0.321945,0.152409,0.934425,-0.046468,0.016432,0.043808,-0.039193,0.006036,-0.008451,-0.7664,-0.145268,0.041393,0.292056,-0.670647,-0.48284,0.563107,0.579686,-0.81476,-0.008025,0.463496,0.321659,0.825573,-0.090031,-0.040139,-0.027926,-0.021096,0.161154,-0.271303,0.173316,0.053507,0.074359,-0.011958,0.661695,0.49789,0.560592,-0.594493,0.804004,-0.012367,-0.456876,-0.325086,0.827998,-0.051554,-0.021413,-0.014419,-0.024871,0.195784,-0.323562,0.050169,0.098258,0.025121,-0.048728,0.942521,0.136525,-0.304983,-0.08465,0.980506,0.177316,0.323246,-0.141307,0.935704,-0.015422,0.008697,0.022135,-0.044272,0.076828,-0.153016,-0.813859
3154,0.18971,-0.050358,0.317817,-0.95361,-0.085021,-0.288869,0.0282,-0.980332,0.195259,-0.298603,0.178154,0.937617,-0.046162,0.022468,0.050411,-0.573676,0.717177,-0.294577,-0.788282,-0.149156,0.03959,0.290855,-0.663318,-0.486267,0.568811,0.58329,-0.812105,-0.013851,0.469484,0.323214,0.821572,-0.103747,-0.047397,-0.034172,-0.001904,0.212229,-0.308181,0.171316,0.051568,0.073466,-0.012551,0.654325,0.50121,0.566256,-0.598044,0.801256,-0.018159,-0.462818,-0.326764,0.824028,-0.051848,-0.023598,-0.016912,0.060144,0.192703,-0.19906,0.045434,0.097538,0.025594,-0.047857,0.951042,0.122451,-0.283768,-0.067451,0.978265,0.196077,0.301611,-0.167337,0.938631,-0.015526,0.016696,0.020611,-1.767055,2.088153,-0.406482,-0.825616
3155,0.188452,-0.049155,0.319553,-0.959726,-0.080365,-0.269282,0.022348,-0.977054,0.21175,-0.278927,0.197298,0.939841,-0.030716,0.034392,0.041682,-1.633017,2.086302,-1.030747,-0.794833,-0.153532,0.037441,0.289403,-0.673598,-0.466735,0.573075,0.558677,-0.829141,-0.01841,0.48458,0.308359,0.818511,-0.118009,-0.054004,-0.040204,0.921748,0.197508,0.983808,0.167257,0.049424,0.072416,-0.013258,0.66231,0.48564,0.570524,-0.578381,0.81545,-0.022693,-0.476255,-0.314951,0.820966,-0.058292,-0.033828,-0.01751,-0.058965,0.260774,-0.404545,0.042494,0.096903,0.026199,-0.046976,0.956867,0.117455,-0.265722,-0.061066,0.975512,0.211297,0.284033,-0.185957,0.940608,-0.015391,0.01706,0.020714,0.011002,-0.035366,0.048456,-0.834434
3156,0.187947,-0.048543,0.320355,-0.962082,-0.082868,-0.259954,0.024616,-0.975268,0.219587,-0.270525,0.204959,0.940657,-0.030635,0.032615,0.039295,-1.633182,2.100106,-1.056256,-0.798421,-0.155702,0.036336,0.288647,-0.679341,-0.454779,0.575903,0.543423,-0.839146,-0.02143,0.493847,0.298981,0.816448,-0.117433,-0.067761,-0.035895,3.119508,0.121401,4.124182,0.163182,0.0483,0.071846,-0.013654,0.668229,0.473908,0.57348,-0.563418,0.825765,-0.025885,-0.485828,-0.305813,0.818809,-0.059228,-0.028526,-0.021818,-0.009703,0.120568,-0.233225,0.038902,0.096651,0.026511,-0.046568,0.959087,0.120033,-0.256403,-0.063274,0.973643,0.219122,0.275947,-0.193934,0.941404,-0.007572,0.016702,0.019791,0.011888,-0.049968,0.078011,-0.837373
3157,0.187374,-0.047466,0.321894,-0.965215,-0.078756,-0.249406,0.020135,-0.973165,0.229166,-0.259561,0.216265,0.941215,-0.015041,0.029872,0.034929,0.001259,-0.036595,0.072222,-0.801819,-0.160201,0.034008,0.286997,-0.689548,-0.437697,0.577007,0.521746,-0.852747,-0.023156,0.503024,0.285644,0.81562,-0.10655,-0.055661,-0.045178,0.930212,0.04961,1.146279,0.158316,0.046047,0.070674,-0.01448,0.680644,0.454326,0.574726,-0.538675,0.842057,-0.027704,-0.496539,-0.290734,0.817876,-0.059947,-0.028329,-0.022394,3.122597,0.061404,4.131454,0.031717,0.096358,0.027054,-0.045792,0.962859,0.116676,-0.243492,-0.059363,0.971225,0.230643,0.263397,-0.207622,0.942079,0.000397,0.00956,0.0215,-0.027588,-0.048272,0.085041,-0.841455
3158,0.187132,-0.046619,0.323359,-0.970004,-0.06167,-0.235233,0.003783,-0.971058,0.238754,-0.241943,0.230773,0.942462,0.000811,0.016396,0.039464,0.031558,0.038339,0.089233,-0.80391,-0.164662,0.031859,0.285195,-0.699049,-0.430308,0.571103,0.513118,-0.858086,-0.018266,0.498775,0.280825,0.819893,-0.108048,-0.053412,-0.044197,-0.029133,0.047397,-0.150538,0.155958,0.043858,0.069608,-0.015369,0.690992,0.445898,0.568949,-0.528696,0.848502,-0.022886,-0.49296,-0.284988,0.822053,-0.053962,-0.027052,-0.022348,-0.217142,-0.598307,0.521661,0.027635,0.096231,0.02749,-0.045045,0.968249,0.099729,-0.22923,-0.043034,0.969782,0.240144,0.246253,-0.222654,0.943283,0.000378,0.008068,0.019591,0.02873,0.017516,0.094433,-0.843742
3159,0.187078,-0.046311,0.324149,-0.972592,-0.049418,-0.227305,-0.007519,-0.970025,0.242831,-0.231282,0.23794,0.943356,0.000791,0.015073,0.037798,-0.106688,0.135109,0.545905,-0.803512,-0.166759,0.030915,0.284343,-0.706873,-0.423502,0.566541,0.505301,-0.862787,-0.014286,0.495724,0.276718,0.823133,-0.108755,-0.050273,-0.041549,-1.465209,-2.145438,0.989101,0.155238,0.04281,0.06913,-0.015801,0.697295,0.439538,0.566202,-0.52101,0.853297,-0.020769,-0.492267,-0.280515,0.824004,-0.047491,-0.024617,-0.020806,0.27981,0.072228,0.245622,0.025675,0.096204,0.027637,-0.044682,0.971146,0.089269,-0.221146,-0.033504,0.969173,0.244089,0.236118,-0.229637,0.9442,0.000506,0.007753,0.019251,-1.267389,1.350463,5.319497,-0.844231
3160,0.18717,-0.04597,0.325695,-0.976437,-0.028703,-0.213993,-0.023158,-0.971527,0.235733,-0.213452,0.235164,0.948242,0.00075,0.013052,0.035256,0.061346,0.82955,1.852833,-0.801266,-0.17064,0.0292,0.282767,-0.711526,-0.422682,0.561304,0.499996,-0.865803,-0.017967,0.494449,0.268408,0.826644,-0.110849,-0.034703,-0.045596,0.183894,-0.124079,-0.351839,0.15832,0.040788,0.06824,-0.016621,0.70355,0.438046,0.559582,-0.515637,0.856519,-0.022192,-0.489014,-0.272929,0.828476,-0.055399,-0.017283,-0.022642,0.244757,-0.186023,-0.398965,0.025186,0.096251,0.027809,-0.043891,0.975384,0.069819,-0.209167,-0.01836,0.97097,0.238493,0.219746,-0.228782,0.94835,0.008417,0.001217,0.021832,-0.776215,1.78703,5.569448,-0.843742
3161,0.187407,-0.045903,0.327325,-0.979989,-0.011196,-0.19885,-0.034295,-0.974065,0.223593,-0.194978,0.225946,0.954442,0.001505,-0.010668,0.049996,0.401111,0.519548,0.268423,-0.789567,-0.174253,0.027643,0.281244,-0.722962,-0.405205,0.559578,0.478461,-0.8779,-0.017345,0.499172,0.255717,0.827828,-0.084178,-0.029324,-0.043463,0.955495,0.014389,1.255466,0.161689,0.039013,0.067471,-0.017368,0.714587,0.422531,0.557523,-0.496006,0.868036,-0.022121,-0.493297,-0.260728,0.829866,-0.048496,-0.02066,-0.017791,3.085382,-0.020998,4.40769,0.028778,0.096369,0.027852,-0.043081,0.979729,0.05057,-0.193835,-0.005545,0.974087,0.226102,0.200246,-0.220444,0.954622,0.008198,-0.000362,0.019861,0.453245,0.536437,0.337305,-0.840802
3162,0.18774,-0.046193,0.328905,-0.982989,0.007492,-0.183633,-0.046408,-0.976954,0.208277,-0.176619,0.21324,0.960917,0.001423,-0.016127,0.043847,0.545596,0.686252,0.312923,-0.738358,-0.177506,0.026329,0.279853,-0.732962,-0.390149,0.557263,0.45802,-0.88869,-0.019552,0.503766,0.241409,0.82934,-0.084803,-0.024026,-0.038527,-0.15463,-0.607708,0.612943,0.161911,0.037387,0.06681,-0.018067,0.724885,0.406906,0.55585,-0.474673,0.879806,-0.025034,-0.499226,-0.2457,0.830905,-0.035058,-0.017761,-0.016206,-0.624887,-1.935933,2.119547,0.030574,0.096535,0.027713,-0.042285,0.983281,0.032301,-0.179204,0.00643,0.977367,0.211448,0.181978,-0.209066,0.960819,0.008352,-0.00828,0.021352,0.176618,0.28959,0.176155,-0.817288
3163,0.187996,-0.046492,0.329719,-0.984184,0.013146,-0.176787,-0.049403,-0.978126,0.201993,-0.169041,0.207509,0.963531,0.001395,-0.018131,0.041608,0.359826,0.506012,0.195118,-0.707901,-0.178973,0.025739,0.279235,-0.73267,-0.388464,0.558822,0.455362,-0.89001,-0.021458,0.506596,0.239245,0.828242,-0.070377,-0.032662,-0.029719,-0.005091,0.022968,-0.081815,0.161846,0.036648,0.066516,-0.018381,0.72531,0.404702,0.556903,-0.471587,0.881425,-0.026339,-0.501528,-0.243524,0.830159,-0.035158,-0.016062,-0.014496,-0.016161,0.132799,-0.213974,0.030574,0.096663,0.027563,-0.041877,0.98483,0.025982,-0.171559,0.009752,0.978874,0.204227,0.173241,-0.202802,0.963772,0.008347,-0.008695,0.02087,0.55537,0.663724,0.297318,-0.798183
3164,0.18861,-0.047182,0.331258,-0.98602,0.035876,-0.162855,-0.066998,-0.979572,0.189527,-0.151503,0.197737,0.96849,0.016712,-0.019467,0.039415,0.44008,0.575808,0.261476,-0.641404,-0.181556,0.024704,0.278062,-0.739445,-0.382455,0.554022,0.44923,-0.893221,-0.016824,0.502211,0.236936,0.83157,-0.05677,-0.027309,-0.025548,-0.025944,0.099025,-0.175523,0.164734,0.035351,0.065996,-0.01897,0.7323,0.398736,0.552036,-0.465471,0.884798,-0.021623,-0.497063,-0.241122,0.833539,-0.028362,-0.013568,-0.012622,-0.04317,-0.044543,-0.028349,0.03237,0.096958,0.027219,-0.041122,0.987391,0.003677,-0.158253,0.027205,0.980913,0.192532,0.155941,-0.194409,0.968445,0.008328,-0.009879,0.019539,0.052417,0.177101,0.101412,-0.752299
3165,0.189313,-0.047857,0.332699,-0.986959,0.057224,-0.150607,-0.084195,-0.980234,0.178952,-0.136163,0.189221,0.972462,0.016704,-0.020113,0.038653,0.162498,0.284192,0.125063,-0.573892,-0.183497,0.024063,0.277134,-0.74032,-0.384236,0.551617,0.451593,-0.89206,-0.015089,0.498786,0.238431,0.833203,-0.04281,-0.02034,-0.019275,0.000516,-0.025828,-0.001186,0.170099,0.034375,0.065671,-0.019438,0.732979,0.400648,0.549746,-0.467946,0.88353,-0.01999,-0.493727,-0.242599,0.835091,-0.021691,-0.003392,-0.012075,0.028348,0.070799,-0.118146,0.038412,0.097322,0.026869,-0.040378,0.989336,-0.018883,-0.144416,0.045078,0.982572,0.18033,0.138494,-0.184917,0.972945,0.008326,-0.010121,0.019246,0.124851,0.249774,0.124329,-0.701189
3166,0.190037,-0.048469,0.33408,-0.987274,0.078662,-0.138376,-0.101748,-0.980475,0.16819,-0.121217,0.180025,0.976178,0.016269,-0.009486,0.029729,0.346666,0.432608,0.21573,-0.502403,-0.185008,0.023644,0.276393,-0.745436,-0.377251,0.549543,0.443475,-0.896149,-0.013423,0.498457,0.234189,0.834602,-0.029343,-0.002335,-0.02057,0.028904,0.052931,-0.087038,0.172844,0.033615,0.065455,-0.019807,0.738284,0.393706,0.54766,-0.459868,0.887798,-0.018293,-0.493414,-0.238345,0.8365,-0.014324,-0.006875,-0.006568,-0.003896,0.051853,-0.082804,0.043311,0.097678,0.026564,-0.0397,0.990251,-0.039582,-0.133549,0.062377,0.983279,0.171088,0.124545,-0.177751,0.976161,0.008329,-0.009621,0.019753,0.307499,0.448375,0.227359,-0.648119
3167,0.190416,-0.04872,0.334784,-0.987492,0.081661,-0.135039,-0.103818,-0.980673,0.165755,-0.117666,0.177593,0.977058,0.016267,-0.008552,0.030699,0.039783,0.107702,0.067792,-0.473938,-0.185572,0.023529,0.276096,-0.748741,-0.369566,0.550273,0.433844,-0.900836,-0.014479,0.501981,0.228368,0.834103,-0.015186,0.001309,-0.017646,0.944963,-0.004646,1.347269,0.173561,0.033327,0.065395,-0.019958,0.740994,0.387444,0.548464,-0.451943,0.891835,-0.019417,-0.496663,-0.233486,0.835948,-0.014238,-0.005486,-0.00518,3.041263,-0.032776,4.523138,0.044944,0.097867,0.026437,-0.03935,0.990709,-0.043534,-0.128837,0.064968,0.983786,0.16716,0.119472,-0.173977,0.977475,0.00811,-0.003931,0.015708,0.007711,0.066493,0.099865,-0.622483
3168,0.191074,-0.049065,0.336103,-0.987158,0.094451,-0.12901,-0.114802,-0.980355,0.160297,-0.110108,0.172926,0.978775,0.016255,-0.006128,0.033217,0.326361,0.400827,0.230639,-0.411433,-0.18632,0.023582,0.275621,-0.750429,-0.370165,0.547564,0.434957,-0.90033,-0.012329,0.498479,0.229393,0.83592,-0.014909,0.006871,-0.011387,0.032634,0.019311,-0.035662,0.17573,0.032953,0.06542,-0.020196,0.743366,0.386744,0.545743,-0.451471,0.892118,-0.017247,-0.493538,-0.233567,0.837774,-0.007419,0.003967,-0.005072,0.035956,0.003584,-0.015323,0.047393,0.098196,0.026261,-0.038694,0.990641,-0.05516,-0.124848,0.075429,0.983579,0.163952,0.113755,-0.171835,0.978535,0.00833,-0.008345,0.021068,-0.1268,-0.12405,0.201066,-0.577415
3169,0.191691,-0.049241,0.337311,-0.984726,0.114807,-0.131068,-0.135593,-0.977383,0.162199,-0.108258,0.177345,0.978191,0.000466,0.003569,0.023977,-0.758301,0.880868,5.437805,-0.348999,-0.186627,0.023826,0.275343,-0.751342,-0.370384,0.546163,0.435188,-0.900228,-0.011609,0.496898,0.22944,0.836847,-0.014731,0.01008,-0.007754,0.032635,0.019295,-0.035669,0.175426,0.0328,0.065545,-0.020332,0.744252,0.386991,0.544358,-0.451718,0.892007,-0.016545,-0.491974,-0.233583,0.838689,-0.000307,0.00593,-0.003419,0.036398,-0.013882,0.015134,0.049352,0.098511,0.026172,-0.038084,0.989572,-0.07084,-0.125403,0.091133,0.98219,0.164305,0.111531,-0.17402,0.978405,0.008093,-0.003313,0.016287,-0.072851,-0.013701,0.010351,-0.526794
3170,0.191875,-0.049233,0.337872,-0.983681,0.122221,-0.132209,-0.143231,-0.976184,0.162859,-0.107933,0.17898,0.977929,0.015762,0.005433,0.025197,-0.246358,0.154105,1.862124,-0.335345,-0.186654,0.023948,0.27527,-0.751152,-0.37056,0.546304,0.435194,-0.90022,-0.012033,0.49718,0.229187,0.836749,-6e-06,-0.000101,-0.000115,0.0,-0.0,-0.0,0.174238,0.032781,0.06561,-0.020371,0.744035,0.387191,0.544512,-0.451739,0.891988,-0.017007,-0.492284,-0.233323,0.838579,-0.00029,0.006244,-0.003066,0.036165,-0.014243,0.015369,0.048373,0.098597,0.026173,-0.037807,0.988556,-0.08217,-0.126501,0.10266,0.980921,0.165083,0.110523,-0.176181,0.978132,0.000579,-0.002585,0.017434,-0.801511,0.900634,5.41082,-0.508506
3171,0.192024,-0.049166,0.338962,-0.980456,0.14339,-0.134877,-0.164843,-0.972591,0.163912,-0.106458,0.182757,0.977392,0.000454,0.004394,0.024714,-0.780304,0.902682,5.407454,-0.281294,-0.186522,0.024052,0.275208,-0.750591,-0.370979,0.546791,0.435535,-0.900047,-0.012573,0.497729,0.229189,0.836422,0.014017,0.000232,-0.000859,0.002045,-0.015205,0.029245,0.173315,0.032842,0.065666,-0.020397,0.743445,0.387628,0.545007,-0.452105,0.891791,-0.017557,-0.492838,-0.233348,0.838247,6e-06,6.3e-05,7.2e-05,-0.000147,2.1e-05,-0.000209,0.04674,0.098677,0.026212,-0.037249,0.986182,-0.103518,-0.129337,0.124483,0.978194,0.166249,0.109307,-0.180052,0.977564,0.000352,0.002272,0.012465,-0.7815,0.910515,5.402947,-0.473235
3172,0.191909,-0.049013,0.340212,-0.977211,0.163864,-0.135101,-0.185535,-0.968299,0.167168,-0.102211,0.188215,0.976809,-0.014803,0.010377,0.03157,-0.034168,-0.013081,0.028317,-0.209219,-0.186215,0.024058,0.275237,-0.750294,-0.371097,0.547118,0.435759,-0.899938,-0.012616,0.49798,0.229425,0.836208,0.014059,0.001044,5.6e-05,0.002045,-0.015205,0.029245,0.174595,0.033001,0.06567,-0.020382,0.743158,0.387732,0.545324,-0.452317,0.891683,-0.017589,-0.493076,-0.233588,0.83804,0.007033,0.000574,8.2e-05,0.001951,-0.015206,0.029097,0.04674,0.098626,0.026276,-0.036646,0.983556,-0.12579,-0.12959,0.146978,0.97449,0.169602,0.10495,-0.18586,0.976954,0.000432,0.000135,0.020147,-0.066849,-0.020725,0.035124,-0.42784
3173,0.191785,-0.048872,0.340964,-0.975918,0.16933,-0.137686,-0.191748,-0.966598,0.169978,-0.103092,0.192069,0.975966,-0.014782,0.01341,0.034625,-0.043154,-0.022946,0.023973,-0.16218,-0.186078,0.024055,0.275222,-0.750088,-0.371212,0.547322,0.43591,-0.899864,-0.012706,0.498158,0.229531,0.836073,-3.7e-05,-0.000702,-0.000797,0.0,-0.0,-0.0,0.175116,0.033069,0.065672,-0.020386,0.74295,0.387846,0.545527,-0.452468,0.891605,-0.017679,-0.493252,-0.233699,0.837906,0.006984,-0.000362,-0.000981,0.001957,-0.015206,0.029124,0.04723,0.098563,0.026343,-0.036272,0.982471,-0.131224,-0.1324,0.153223,0.972994,0.172638,0.106171,-0.189899,0.976045,0.000432,0.002027,0.022069,-0.056608,-0.010186,0.029352,-0.396325
3174,0.191472,-0.048563,0.342659,-0.973275,0.181442,-0.140925,-0.204803,-0.963214,0.173913,-0.102977,0.197895,0.974813,0.00093,0.00605,0.045925,-0.306549,0.265435,1.651954,-0.074223,-0.185817,0.024025,0.275166,-0.749801,-0.371341,0.547627,0.436099,-0.899771,-0.012819,0.498425,0.229687,0.835871,0.013928,-0.00149,-0.002827,0.000374,0.003189,0.007126,0.175019,0.0332,0.065657,-0.020413,0.742658,0.387976,0.545832,-0.452659,0.891506,-0.017791,-0.493515,-0.233863,0.837705,0.006964,-0.000754,-0.001427,0.000312,0.003189,0.00704,0.047883,0.098401,0.026505,-0.035424,0.980591,-0.141582,-0.135625,0.164537,0.970439,0.176562,0.106618,-0.195451,0.9749,-0.007234,0.008263,0.018817,-0.794479,0.872788,5.616155,-0.331825
3175,0.191072,-0.048367,0.344379,-0.972505,0.182651,-0.144634,-0.207192,-0.961964,0.177957,-0.105421,0.202797,0.973543,-0.014238,0.003337,0.043565,-0.081134,-0.106603,0.180148,-0.011422,-0.185705,0.023948,0.275084,-0.7494,-0.371627,0.547983,0.436449,-0.899599,-0.013003,0.498722,0.229901,0.835635,-7.9e-05,-0.00153,-0.001737,0.0,0.0,0.0,0.175116,0.033256,0.065616,-0.020457,0.742251,0.388258,0.546186,-0.453009,0.891324,-0.017974,-0.493807,-0.234086,0.83747,-3.8e-05,-0.000786,-0.000894,-7.2e-05,-2.4e-05,-3.8e-05,0.048209,0.098201,0.026612,-0.03454,0.979627,-0.144533,-0.139427,0.168682,0.968959,0.180731,0.108978,-0.200568,0.973599,-0.007146,0.001606,0.021723,-0.056812,-0.083871,0.1782,-0.270591
3176,0.190626,-0.048258,0.34593,-0.971726,0.185265,-0.146529,-0.210383,-0.960913,0.17988,-0.106269,0.205385,0.972908,0.000947,-0.000489,0.038809,-0.063906,-0.08947,0.192165,0.053267,-0.185741,0.023848,0.274974,-0.748919,-0.37204,0.548359,0.436903,-0.899374,-0.013283,0.499046,0.230111,0.835383,-0.000138,-0.002665,-0.00303,0.0,0.0,0.0,0.174224,0.033238,0.065568,-0.020511,0.741761,0.388666,0.54656,-0.45346,0.891089,-0.018253,-0.494128,-0.234304,0.83722,-7.1e-05,-0.001397,-0.001587,-3.2e-05,9e-06,-3.9e-05,0.048046,0.097978,0.026672,-0.033774,0.979027,-0.147024,-0.141025,0.171663,0.968118,0.182421,0.109709,-0.202804,0.973053,-0.007129,-0.000238,0.019753,-0.069886,0.009268,-0.018367,-0.203152
3177,0.190379,-0.048222,0.346581,-0.971343,0.186541,-0.147447,-0.211924,-0.960427,0.180667,-0.106704,0.206499,0.972625,-0.0142,-0.003509,0.036356,-0.064885,-0.07451,0.162727,0.071813,-0.185796,0.023795,0.274918,-0.748715,-0.372232,0.548507,0.437106,-0.899273,-0.01341,0.499174,0.230196,0.835284,-0.014143,-0.002448,-0.001647,-0.002045,0.015205,-0.029245,0.173696,0.033215,0.06554,-0.02054,0.74157,0.388838,0.546697,-0.453646,0.890992,-0.018368,-0.494245,-0.234387,0.837128,-6.7e-05,-0.00133,-0.001512,-2.7e-05,-3e-06,-3.2e-05,0.047556,0.09786,0.026693,-0.033445,0.978696,-0.148325,-0.141956,0.173231,0.967691,0.183205,0.110196,-0.203894,0.97277,0.000229,0.003268,0.013108,-0.033827,-0.015052,0.03162,-0.167229
3178,0.189892,-0.048204,0.347636,-0.970426,0.189563,-0.149618,-0.215497,-0.959416,0.181803,-0.107878,0.208427,0.972084,-0.014632,0.001338,0.021552,-0.035873,0.011737,-0.023675,0.12013,-0.185948,0.023735,0.274831,-0.748339,-0.372608,0.548766,0.437472,-0.899092,-0.013697,0.499418,0.2303,0.835109,-0.014102,-0.001592,-0.000676,-0.002045,0.015205,-0.029245,0.173856,0.033139,0.06551,-0.020584,0.741186,0.389209,0.546954,-0.454009,0.890801,-0.018654,-0.494488,-0.234496,0.836954,-4.8e-05,-0.000935,-0.001062,-1.7e-05,1.2e-05,-2.7e-05,0.047067,0.097622,0.026701,-0.03292,0.977911,-0.151368,-0.144139,0.176825,0.966822,0.184358,0.111451,-0.205773,0.972232,-0.007335,0.000332,0.010445,-0.029884,-0.071156,0.156758,-0.106811
3179,0.189499,-0.048204,0.348299,-0.969407,0.192859,-0.151987,-0.219309,-0.958471,0.182233,-0.109325,0.209744,0.971639,0.000477,-0.002464,0.017063,-0.029004,-0.085587,0.186708,0.161582,-0.186054,0.023728,0.274831,-0.748172,-0.37279,0.548869,0.437656,-0.899,-0.013813,0.499506,0.230363,0.835039,5.8e-05,0.001091,0.001242,0.0,0.0,0.0,0.173444,0.033081,0.065502,-0.020588,0.741,0.389407,0.547066,-0.45421,0.890696,-0.01878,-0.494583,-0.234567,0.836878,3.7e-05,0.000708,0.000809,0.001653,-0.018395,0.022103,0.047067,0.097414,0.026701,-0.03258,0.977042,-0.154673,-0.146503,0.180644,0.966024,0.184836,0.112937,-0.207057,0.971787,-0.007549,0.003368,0.00369,-4.1e-05,0.002688,-0.003541,-0.037902
3180,0.189357,-0.048201,0.348514,-0.968897,0.194488,-0.153159,-0.221172,-0.958041,0.182243,-0.110085,0.210201,0.971455,4.1e-05,0.005809,0.005795,0.000853,-0.011965,0.026204,0.179696,-0.186095,0.023739,0.274847,-0.748139,-0.372835,0.548884,0.437699,-0.898979,-0.01384,0.499518,0.230373,0.835029,5.1e-05,0.000956,0.001088,0.0,0.0,0.0,0.173159,0.03306,0.065509,-0.020579,0.740966,0.389451,0.54708,-0.454252,0.890674,-0.018807,-0.494594,-0.234577,0.836868,3.5e-05,0.000662,0.000755,-1.4e-05,1.4e-05,-1.5e-05,0.046577,0.097343,0.026699,-0.032469,0.976575,-0.15642,-0.147757,0.182638,0.965644,0.18486,0.113765,-0.207515,0.971593,-0.007338,-0.002786,0.007306,-0.029896,-0.070829,0.157033,-0.010306
3181,0.189225,-0.048171,0.34874,-0.967909,0.197601,-0.155409,-0.224693,-0.957285,0.181904,-0.111624,0.210734,0.971163,2e-05,0.002718,0.002707,0.006741,-0.094471,0.207081,0.216619,-0.186148,0.023749,0.274864,-0.747993,-0.372978,0.548985,0.437849,-0.898904,-0.013933,0.499605,0.230432,0.834961,1.4e-05,0.000272,0.00031,0.0,0.0,0.0,0.173218,0.033035,0.065517,-0.020567,0.740817,0.389593,0.547181,-0.454401,0.890596,-0.0189,-0.49468,-0.234639,0.8368,8e-06,0.000171,0.000196,-1.4e-05,-1.3e-05,-1e-05,0.046413,0.097278,0.026713,-0.032357,0.975754,-0.159442,-0.149931,0.186052,0.965049,0.184563,0.115264,-0.207983,0.971316,0.000211,-0.004394,0.005376,-0.035678,0.009004,-0.020413,0.044559
3182,0.189248,-0.048158,0.348751,-0.96698,0.200474,-0.157496,-0.227911,-0.956644,0.181276,-0.113125,0.21093,0.970947,-5e-06,-0.000634,-0.000632,-0.0,-0.0,-0.0,0.244513,-0.186147,0.023755,0.27487,-0.747909,-0.373048,0.549052,0.437926,-0.898866,-0.013981,0.499663,0.230469,0.834916,1e-06,2e-05,2.3e-05,0.0,0.0,0.0,0.174902,0.033035,0.06552,-0.020563,0.740732,0.389661,0.547247,-0.454477,0.890556,-0.018947,-0.494738,-0.234677,0.836756,-0.0,-1e-06,0.0,-1.3e-05,-9e-06,-1.3e-05,0.047393,0.097289,0.026721,-0.032349,0.974914,-0.162478,-0.152125,0.189444,0.964511,0.183922,0.116843,-0.208128,0.971097,0.007548,-0.000421,-0.00074,0.001047,-0.014737,0.029478,0.090444
3183,0.189327,-0.048182,0.348724,-0.96604,0.203339,-0.159581,-0.23112,-0.955994,0.180643,-0.114627,0.211131,0.970727,-6e-06,-0.000857,-0.000854,-0.0,-0.0,-0.0,0.282466,-0.186147,0.023755,0.27487,-0.747909,-0.373048,0.549052,0.437926,-0.898866,-0.013981,0.499663,0.230469,0.834916,3e-06,5.3e-05,6e-05,0.0,0.0,0.0,0.175803,0.033035,0.06552,-0.020564,0.740732,0.389661,0.547247,-0.454478,0.890556,-0.018947,-0.494737,-0.234677,0.836756,2e-06,3.4e-05,4e-05,-3e-06,1.4e-05,-9e-06,0.048373,0.097328,0.026706,-0.032366,0.974132,-0.165253,-0.154135,0.192544,0.96401,0.18333,0.118292,-0.208265,0.970892,-4e-06,-0.000697,-0.000696,6.3e-05,-8e-06,-5.4e-05,0.137145
3184,0.189362,-0.048195,0.348724,-0.964403,0.211697,-0.158609,-0.238926,-0.954481,0.178472,-0.112409,0.209745,0.971287,-7e-06,-0.001074,-0.001071,0.188952,0.224827,0.096175,0.30733,-0.186137,0.023776,0.274878,-0.747866,-0.37308,0.549089,0.43795,-0.898853,-0.014026,0.499707,0.230465,0.834891,3.6e-05,0.000669,0.000761,0.0,0.0,0.0,0.176132,0.03304,0.065529,-0.020561,0.740688,0.389693,0.547284,-0.454502,0.890543,-0.018992,-0.494781,-0.234675,0.836731,2.7e-05,0.000518,0.000589,-6e-06,-9e-06,-7e-06,0.049026,0.097345,0.0267,-0.032366,0.972778,-0.173176,-0.153982,0.200177,0.962729,0.181879,0.116746,-0.207752,0.971189,-3e-06,-0.000635,-0.000633,0.325088,0.29367,0.270711,0.167027
3185,0.189385,-0.048196,0.348737,-0.959641,0.23115,-0.160326,-0.258487,-0.949464,0.17797,-0.109895,0.211936,0.971099,0.0,1e-06,1e-06,0.005925,-0.082457,0.1809,0.359439,-0.186135,0.023811,0.274918,-0.747854,-0.373091,0.5491,0.437962,-0.898847,-0.014033,0.499715,0.230471,0.834884,3.4e-05,0.000642,0.00073,0.0,0.0,0.0,0.176492,0.033041,0.065548,-0.02054,0.740675,0.389703,0.547294,-0.454514,0.890536,-0.018999,-0.49479,-0.234681,0.836724,1.7e-05,0.000322,0.000367,-3e-06,1.4e-05,-2e-06,0.049353,0.097357,0.026696,-0.032362,0.968813,-0.193382,-0.154932,0.220242,0.958548,0.180772,0.113552,-0.209257,0.971244,-4e-06,-1e-06,-4e-06,-0.001812,-0.002748,-0.000724,0.239692
3186,0.189373,-0.048208,0.348725,-0.955855,0.245094,-0.162223,-0.272628,-0.945613,0.17738,-0.108739,0.213465,0.970894,-2e-06,-0.000253,-0.000253,-0.018321,-0.056038,0.32575,0.403719,-0.186164,0.023857,0.274972,-0.747823,-0.373129,0.549115,0.437999,-0.898829,-0.014057,0.499728,0.230481,0.834873,4.1e-05,0.000763,0.000868,0.0,0.0,0.0,0.176338,0.033026,0.065571,-0.020512,0.740644,0.389741,0.547309,-0.454551,0.890517,-0.019023,-0.494802,-0.234691,0.836713,-0.006989,0.000328,0.000938,-0.002044,0.015216,-0.029249,0.049842,0.097351,0.02669,-0.032368,0.965613,-0.207304,-0.156891,0.234377,0.955284,0.180273,0.112504,-0.210846,0.971023,-4e-06,-0.000157,-0.000157,-0.081099,0.088642,0.487291,0.309743
3187,0.189362,-0.048215,0.348719,-0.955298,0.246555,-0.16329,-0.274267,-0.945201,0.177045,-0.109504,0.213603,0.970778,-1e-06,-0.000132,-0.000131,0.005886,-0.082506,0.180877,0.42228,-0.186163,0.02388,0.274999,-0.74788,-0.373082,0.54907,0.437947,-0.898855,-0.014024,0.499689,0.230456,0.834903,7e-05,0.001322,0.001503,0.0,0.0,0.0,0.176131,0.033027,0.065581,-0.020501,0.740687,0.389706,0.547276,-0.454512,0.890537,-0.018998,-0.494774,-0.234672,0.836736,1.1e-05,0.000201,0.000229,-1.3e-05,-1.3e-05,-3e-06,0.049842,0.097346,0.026687,-0.032371,0.965089,-0.208923,-0.157965,0.236171,0.954904,0.179943,0.113248,-0.210968,0.97091,-1e-06,-8.8e-05,-8.8e-05,0.00615,-0.08268,0.180108,0.338646
3188,0.189373,-0.048187,0.348717,-0.951092,0.260902,-0.165532,-0.288866,-0.940985,0.176285,-0.108589,0.215149,0.970539,3e-06,0.000481,0.00048,-0.914818,0.974241,5.363711,0.45867,-0.186172,0.023897,0.275019,-0.747809,-0.373145,0.549123,0.438015,-0.898821,-0.014067,0.499735,0.230486,0.834868,7e-06,0.000127,0.000145,0.0,0.0,0.0,0.178019,0.033022,0.065592,-0.020488,0.740629,0.389757,0.547317,-0.454566,0.890509,-0.019033,-0.494809,-0.234696,0.836708,1e-06,2.8e-05,3.1e-05,-6e-06,3e-06,-4e-06,0.050496,0.097351,0.0267,-0.032373,0.962727,-0.217838,-0.160319,0.245413,0.95271,0.179202,0.113701,-0.211867,0.970661,0.0,0.000318,0.000318,0.006318,-0.082749,0.180219,0.394165
3189,0.189371,-0.048142,0.348675,-0.946761,0.274952,-0.167602,-0.303132,-0.936639,0.175468,-0.107561,0.216584,0.970335,0.0,0.0,0.0,-0.0,1e-06,3e-06,0.500575,-0.186215,0.023891,0.275015,-0.747636,-0.373306,0.549249,0.438186,-0.898736,-0.014173,0.499843,0.230558,0.834783,-2e-06,-3.8e-05,-4.3e-05,0.0,0.0,0.0,0.180335,0.033001,0.065588,-0.020491,0.740453,0.389916,0.547442,-0.454737,0.890419,-0.019138,-0.494916,-0.234772,0.836624,-2e-06,-3.3e-05,-3.7e-05,1.4e-05,2e-06,-1e-06,0.052782,0.09735,0.026724,-0.032393,0.957642,-0.23776,-0.162448,0.265504,0.947444,0.178481,0.111475,-0.214052,0.970439,-1e-06,-5e-06,-6e-06,0.006449,-0.082842,0.179975,0.450663
3190,0.189368,-0.048093,0.348606,-0.946156,0.276385,-0.168657,-0.304721,-0.936226,0.174922,-0.108381,0.216547,0.970251,0.014682,0.010069,-0.01011,0.036726,-0.023748,0.049857,0.517262,-0.186268,0.023884,0.275012,-0.747546,-0.373403,0.549306,0.438285,-0.898687,-0.014235,0.499892,0.230593,0.834744,-3e-06,-6.3e-05,-7.1e-05,0.0,0.0,0.0,0.182762,0.032975,0.065585,-0.020493,0.740361,0.390012,0.547499,-0.454835,0.890368,-0.0192,-0.494964,-0.234807,0.836585,-0.007014,-0.000158,0.000385,-0.002043,0.015209,-0.029241,0.054578,0.097343,0.026744,-0.032424,0.957116,-0.239164,-0.163487,0.267062,0.947102,0.177974,0.112274,-0.214002,0.970358,-2e-06,-0.000203,-0.000203,0.006111,-0.082727,0.180056,0.481688
3191,0.189462,-0.047984,0.348359,-0.945022,0.279044,-0.170623,-0.307645,-0.935502,0.17367,-0.109984,0.21626,0.970135,-1.9e-05,-0.002937,-0.002929,-0.000853,0.011983,-0.026196,0.51908,-0.186458,0.023863,0.275004,-0.748883,-0.373206,0.547617,0.438582,-0.89857,-0.0124,0.497624,0.23137,0.835884,-2e-06,-4.2e-05,-4.8e-05,-0.0,-0.0,0.0,0.186928,0.032879,0.065574,-0.020498,0.741705,0.389828,0.545808,-0.455128,0.890256,-0.017361,-0.492677,-0.235536,0.837729,-1e-06,-6e-06,-4e-06,0.000265,0.000341,-0.000166,0.05964,0.097396,0.026807,-0.032547,0.956086,-0.241884,-0.165499,0.270044,0.946495,0.176699,0.113903,-0.213631,0.97025,-0.000217,0.003993,-0.005774,0.041764,-0.091822,0.20055,0.507162
3192,0.189701,-0.047861,0.348002,-0.943735,0.282022,-0.172836,-0.310905,-0.934709,0.172128,-0.111836,0.215822,0.970021,-2.3e-05,-0.003802,-0.003797,0.005031,-0.070843,0.154534,0.519508,-0.186743,0.023886,0.275007,-0.751603,-0.372728,0.544205,0.439039,-0.898389,-0.00874,0.493094,0.232839,0.838157,-0.0,-0.0,-0.0,-0.000345,-0.000446,0.000219,0.19246,0.032742,0.065585,-0.020496,0.74449,0.389351,0.542346,-0.455564,0.890098,-0.013639,-0.488052,-0.23692,0.840044,-0.007013,-0.000109,0.000441,-0.001337,0.016,-0.029676,0.065518,0.097515,0.026866,-0.032727,0.954939,-0.244872,-0.167711,0.273304,0.945842,0.175177,0.115732,-0.213119,0.970146,-7e-06,-0.001926,-0.001929,0.00515,-0.070916,0.154184,0.512223
