frame,MLTx,MLTy,MLTz,MLTR1,MLTR2,MLTR3,MLTR4,MLTR5,MLTR6,MLTR7,MLTR8,MLTR9,MLTTVx,MLTTVy,MLTTVz,MLTRVx,MLTRVy,MLTRVz,MLGA,MRTx,MRTy,MRTz,MRTR1,MRTR2,MRTR3,MRTR4,MRTR5,MRTR6,MRTR7,MRTR8,MRTR9,MRTTVx,MRTTVy,MRTTVz,MRTRVx,MRTRVy,MRTRVz,MRGA,SLTx,SLTy,SLTz,SLTR1,SLTR2,SLTR3,SLTR4,SLTR5,SLTR6,SLTR7,SLTR8,SLTR9,SLTTVx,SLTTVy,SLTTVz,SLTRVx,SLTRVy,SLTRVz,SLGA,SRTx,SRTy,SRTz,SRTR1,SRTR2,SRTR3,SRTR4,SRTR5,SRTR6,SRTR7,SRTR8,SRTR9,SRTTVx,SRTTVy,SRTTVz,SRTRVx,SRTRVy,SRTRVz,SRGA
2219,0.083038,0.054712,0.420609,-0.627127,0.240146,-0.741004,-0.231349,-0.965764,-0.117262,-0.743019,0.097586,0.662138,-0.0,-1e-06,-0.0,-1.885518,0.644432,-2.003475,0.202991,-0.098653,0.075086,0.38069,0.499605,0.704472,0.504089,-0.830926,0.554129,0.049361,-0.245167,-0.444409,0.861543,0.000133,-0.00051,-0.000235,-0.001387,0.002084,0.001326,0.427184,0.041214,0.056014,0.005518,-0.457405,-0.714648,0.529205,0.84715,-0.531142,0.014948,0.270401,0.455153,0.848361,-0.005375,-0.001622,-0.000442,0.008818,0.000329,-0.036944,0.352093,0.079448,0.051572,-0.033352,-0.648879,0.242609,-0.721176,-0.182162,-0.969774,-0.162339,-0.738764,0.026032,0.67346,4.6e-05,1.7e-05,-1.9e-05,-1.878641,0.66855,-1.995325,-0.010633
2220,0.083021,0.054716,0.420612,-0.628532,0.238399,-0.740377,-0.231538,-0.966041,-0.114574,-0.741772,0.099108,0.66331,-0.0,-0.0,-0.0,-0.00188,-0.007756,-0.003583,0.254063,-0.098653,0.075052,0.380685,0.49939,0.704542,0.504204,-0.831049,0.553952,0.049286,-0.245191,-0.444519,0.86148,0.000285,-0.001093,-0.000504,-2.4e-05,3.6e-05,2.3e-05,0.441872,0.041214,0.055998,0.005516,-0.457149,-0.714818,0.529196,0.847277,-0.530945,0.014745,0.270435,0.455117,0.84837,0.000182,-0.000701,-0.000323,0.001443,-0.00274,-0.002336,0.378057,0.079439,0.051574,-0.033351,-0.649068,0.239119,-0.722171,-0.18208,-0.970552,-0.157713,-0.738618,0.029126,0.673494,-1e-06,2e-06,4e-06,0.00916,0.016848,0.014019,0.063991
2221,0.08308,0.054723,0.42057,-0.625984,0.231046,-0.744854,-0.231184,-0.967129,-0.105775,-0.744034,0.10569,0.65975,-0.000224,-0.000673,-0.000266,-0.128265,-0.570619,-0.252616,0.323523,-0.098654,0.074962,0.380614,0.502904,0.701766,0.504583,-0.828083,0.558407,0.048933,-0.248038,-0.443329,0.861278,0.000846,-0.003242,-0.001498,-0.0,0.0,0.0,0.463833,0.041213,0.055955,0.005482,-0.460692,-0.712167,0.529698,0.844437,-0.535457,0.014518,0.273291,0.453985,0.848061,0.000508,-0.001948,-0.000901,-0.00253,0.014313,-0.02574,0.41741,0.079469,0.051578,-0.033371,-0.647829,0.233328,-0.725173,-0.181859,-0.971783,-0.150213,-0.73976,0.034567,0.671982,0.005359,-0.00191,-0.001089,0.000739,-0.021789,0.028851,0.185316
2222,0.083237,0.054732,0.420462,-0.615566,0.222538,-0.756044,-0.229343,-0.968348,-0.098369,-0.753243,0.112557,0.648062,-7e-06,-2.2e-05,-9e-06,-0.173212,-0.77096,-0.341557,0.381397,-0.098623,0.074846,0.380541,0.502625,0.701845,0.50475,-0.828219,0.55822,0.048766,-0.248149,-0.443439,0.861189,0.000986,-0.003781,-0.001749,-0.00209,0.014414,-0.024865,0.475747,0.041228,0.055898,0.005445,-0.4604,-0.712248,0.529843,0.844568,-0.535255,0.014353,0.273378,0.454097,0.847973,0.000415,-0.00159,-0.000737,-0.000356,-8e-06,-0.000556,0.43978,0.079547,0.051581,-0.033426,-0.637154,0.225954,-0.736871,-0.179846,-0.973255,-0.14293,-0.749459,0.041455,0.66075,0.005512,-0.001452,-0.00091,-0.070821,-0.332752,-0.111045,0.274472
2223,0.083383,0.054758,0.420424,-0.602712,0.209593,-0.76997,-0.227601,-0.969941,-0.085935,-0.764092,0.123185,0.633259,0.000199,0.000601,0.000237,-0.126213,-0.563301,-0.249646,0.430371,-0.098574,0.074759,0.380499,0.502345,0.70193,0.504911,-0.828369,0.558007,0.048643,-0.248214,-0.443573,0.861102,0.000552,-0.002115,-0.00098,-0.0,0.0,0.0,0.482916,0.041254,0.055849,0.005422,-0.460078,-0.712339,0.53,0.844727,-0.535007,0.014214,0.273429,0.454246,0.847877,0.000273,-0.001046,-0.000485,-0.00024,5e-06,-0.000377,0.453333,0.07962,0.051594,-0.033445,-0.6224,0.213374,-0.753053,-0.177635,-0.975525,-0.129595,-0.762275,0.053108,0.64507,0.000129,0.000381,0.000148,-0.163687,-0.732289,-0.324629,0.348933
2224,0.083422,0.054772,0.420417,-0.593768,0.20234,-0.778809,-0.226426,-0.970752,-0.079648,-0.771412,0.128791,0.623188,0.000401,0.00121,0.000478,-0.129275,-0.577426,-0.255929,0.453625,-0.098567,0.074736,0.380478,0.502287,0.701945,0.504949,-0.828393,0.557976,0.048596,-0.248251,-0.44359,0.861082,0.000254,-0.000973,-0.000451,-0.0,0.0,0.0,0.486647,0.041258,0.055835,0.005411,-0.460012,-0.712355,0.530036,0.844753,-0.534968,0.014166,0.273461,0.454266,0.847856,0.000109,-0.000411,-0.000188,-0.000189,1.6e-05,-0.000314,0.458396,0.079639,0.0516,-0.033449,-0.613101,0.206961,-0.762413,-0.176332,-0.976577,-0.123299,-0.770074,0.058843,0.635234,0.000263,0.000789,0.000311,-0.164452,-0.734773,-0.325944,0.383224
2225,0.08343,0.054817,0.420395,-0.574506,0.179272,-0.798655,-0.218153,-0.973944,-0.061758,-0.788207,0.138519,0.599642,1.1e-05,3.5e-05,1.4e-05,-0.232752,-1.045175,-0.464152,0.487422,-0.098576,0.07471,0.380427,0.502783,0.700225,0.506839,-0.828087,0.55827,0.050406,-0.248272,-0.445932,0.859865,-0.001557,0.00863,-0.009379,0.033617,0.010922,-0.002924,0.488523,0.041253,0.055824,0.005391,-0.460481,-0.710614,0.531962,0.844538,-0.535253,0.016045,0.273333,0.456651,0.846615,0.000104,-0.000394,-0.000181,0.002747,-0.003797,-0.00208,0.4646,0.079644,0.051625,-0.033459,-0.594624,0.187104,-0.781929,-0.167891,-0.98,-0.106826,-0.786278,0.067757,0.614145,0.000512,0.004942,-0.004804,-0.121839,-0.762304,-0.322905,0.440702
2226,0.083435,0.054858,0.420309,-0.553734,0.154765,-0.818212,-0.204344,-0.977769,-0.046719,-0.806569,0.141128,0.57407,0.000571,0.008525,-0.010144,-0.186746,-1.010291,-0.42444,0.503739,-0.098591,0.074674,0.380372,0.50324,0.698512,0.508746,-0.827799,0.558531,0.0522,-0.248303,-0.448288,0.85863,0.000613,-0.002348,-0.001089,-0.000707,0.001067,0.000679,0.491763,0.041245,0.05581,0.00536,-0.460905,-0.708853,0.533941,0.844331,-0.535522,0.017886,0.273258,0.459067,0.845332,0.000359,-0.001369,-0.000633,0.005279,0.004785,-0.029489,0.468356,0.079647,0.051644,-0.033497,-0.572183,0.164146,-0.80353,-0.153603,-0.983876,-0.091608,-0.805612,0.071008,0.588172,-0.000294,-0.00091,-0.00036,-0.252918,-1.127122,-0.499686,0.474993
2227,0.083459,0.05492,0.420241,-0.542816,0.142723,-0.827663,-0.197582,-0.97948,-0.039384,-0.81563,0.141969,0.560909,0.00102,0.009881,-0.009608,-0.154081,-0.865851,-0.360615,0.50956,-0.098644,0.074655,0.380316,0.50778,0.693808,0.510667,-0.8242,0.563663,0.053956,-0.25103,-0.449164,0.857379,-0.001599,0.008795,-0.009302,-0.03608,0.115984,0.109063,0.493732,0.041223,0.055796,0.005335,-0.465329,-0.70457,0.535769,0.841052,-0.5406,0.019553,0.275861,0.459708,0.844137,0.000384,-0.001474,-0.000684,-0.060385,0.209559,0.252557,0.470479,0.079657,0.051672,-0.033532,-0.560138,0.152706,-0.814202,-0.146601,-0.985622,-0.084,-0.815324,0.072311,0.574471,1e-05,9e-06,3e-06,-0.253028,-1.136123,-0.504888,0.487077
2228,0.083616,0.055101,0.420021,-0.516968,0.125303,-0.846811,-0.190651,-0.981219,-0.028864,-0.833885,0.146362,0.532204,0.012054,0.007041,-0.011391,-0.11104,-0.82001,-0.08748,0.520416,-0.098896,0.074549,0.380142,0.5122,0.687495,0.514774,-0.820527,0.568684,0.057155,-0.254076,-0.452528,0.854709,-0.009657,-0.007538,-0.002881,-0.114035,0.195964,0.051867,0.493043,0.041095,0.055751,0.005246,-0.4698,-0.698342,0.540005,0.837614,-0.54578,0.022907,0.278727,0.463078,0.841349,-0.004925,-0.00339,-0.001261,-0.163212,0.253027,0.116078,0.473255,0.079732,0.051764,-0.033642,-0.533263,0.137136,-0.834759,-0.139355,-0.987532,-0.073211,-0.834391,0.077287,0.545725,0.005521,-0.001429,-0.0009,-0.195004,-0.901623,-0.36661,0.507815
2229,0.084145,0.055377,0.419492,-0.49153,0.110731,-0.863818,-0.185165,-0.982476,-0.02064,-0.85036,0.14966,0.504497,0.012392,0.014903,-0.02177,-0.08239,-0.891423,-0.097113,0.520888,-0.099448,0.074376,0.379844,0.506662,0.685563,0.52277,-0.821335,0.56808,0.051265,-0.262449,-0.456207,0.850211,-0.02218,-0.001446,-0.012817,0.531692,0.606969,-0.401585,0.482904,0.040824,0.055663,0.005101,-0.464592,-0.69586,0.547661,0.83805,-0.545292,0.018084,0.286052,0.46737,0.836504,-0.011119,-0.000602,-0.006347,1.736749,1.860955,-1.196594,0.468193,0.080002,0.051908,-0.033909,-0.507478,0.125067,-0.852539,-0.133806,-0.988845,-0.065414,-0.851211,0.080878,0.518552,0.006166,0.007333,-0.010938,-0.100889,-0.979806,-0.136989,0.515163
2230,0.085074,0.055778,0.418553,-0.473655,0.104195,-0.874551,-0.185515,-0.982486,-0.01664,-0.860383,0.154224,0.48578,0.033759,0.007216,-0.026097,0.024,-0.317498,0.013327,0.520102,-0.100286,0.074233,0.379384,0.507959,0.677258,0.53225,-0.815061,0.577723,0.042959,-0.279019,-0.456491,0.844765,-0.022216,-0.00137,-0.012779,0.288446,0.060221,0.391261,0.46886,0.040406,0.055587,0.004869,-0.464789,-0.687726,0.557676,0.832003,-0.554691,0.009379,0.302887,0.468348,0.830005,-0.01092,-0.001383,-0.006704,0.921253,0.10099,1.3567,0.454966,0.080454,0.052106,-0.034368,-0.488593,0.119302,-0.864316,-0.134084,-0.989107,-0.06073,-0.862147,0.086219,0.499267,0.011757,0.009573,-0.017112,0.070988,-0.362828,0.170489,0.516632
2231,0.085633,0.056005,0.417962,-0.467009,0.104051,-0.878135,-0.185402,-0.982486,-0.017876,-0.864039,0.154324,0.479215,0.033216,0.005593,-0.026716,0.043876,-0.222308,0.05595,0.519427,-0.100794,0.074197,0.379106,0.508965,0.672133,0.537757,-0.811528,0.582904,0.03973,-0.287378,-0.457473,0.841425,-0.022109,-0.00182,-0.012988,0.097937,0.068411,0.075991,0.462563,0.040144,0.055569,0.004725,-0.466004,-0.682323,0.563271,0.828204,-0.560389,0.006356,0.311314,0.469465,0.826247,-0.011053,-0.000893,-0.00647,0.115234,0.031579,0.06548,0.445332,0.080734,0.05222,-0.034663,-0.482152,0.119812,-0.867855,-0.134006,-0.989032,-0.062092,-0.865777,0.086359,0.49292,0.011414,0.008535,-0.01751,0.090111,-0.2643,0.212063,0.516632
2232,0.086945,0.056584,0.416498,-0.46326,0.109791,-0.879421,-0.190264,-0.981464,-0.022364,-0.865004,0.156819,0.476658,0.034458,0.023197,-0.046592,0.008418,-0.109056,0.196376,0.512718,-0.101927,0.074227,0.378521,0.512964,0.66565,0.542006,-0.807448,0.588402,0.041766,-0.291742,-0.459905,0.838593,-0.035534,0.007985,-0.021147,0.045181,0.080115,-0.051247,0.454457,0.039591,0.05558,0.00444,-0.470124,-0.675872,0.567609,0.824333,-0.566036,0.008758,0.315368,0.472016,0.823251,-0.011328,0.000195,-0.005953,0.049233,-0.074595,0.137949,0.432759,0.081389,0.052504,-0.035387,-0.479265,0.126062,-0.868569,-0.138916,-0.988051,-0.066751,-0.866606,0.088667,0.491051,0.016766,0.006673,-0.018539,-0.335596,-0.093591,0.351799,0.514346
2233,0.088643,0.057134,0.41486,-0.460124,0.118026,-0.88,-0.206048,-0.978244,-0.023526,-0.863064,0.170344,0.47553,0.044089,0.009375,-0.039181,0.102301,-0.098727,0.134606,0.49839,-0.103204,0.07431,0.37798,0.514781,0.661515,0.545335,-0.804549,0.592409,0.041063,-0.296525,-0.460721,0.836464,-0.034069,-0.000355,-0.011637,0.028795,0.042963,-0.065202,0.443572,0.03894,0.055623,0.004161,-0.471836,-0.671936,0.570852,0.821518,-0.570127,0.00794,0.320123,0.472712,0.821014,-0.017039,-0.000133,-0.005778,0.037807,0.030189,-0.072514,0.420839,0.082251,0.052787,-0.036224,-0.476534,0.13463,-0.868786,-0.155027,-0.985587,-0.067697,-0.865379,0.102425,0.490537,0.022035,0.004572,-0.019658,0.107257,-0.103281,0.141279,0.496548
2234,0.089626,0.057344,0.414029,-0.462331,0.120674,-0.878483,-0.211404,-0.977113,-0.023024,-0.860586,0.174913,0.478356,0.056119,0.016746,-0.050267,0.191435,0.141862,0.313756,0.493299,-0.103863,0.074286,0.377746,0.520155,0.659316,0.542893,-0.801535,0.596268,0.044038,-0.29531,-0.458885,0.837902,-0.031663,-0.012683,-0.004023,-0.053561,0.010292,-0.080478,0.438376,0.038621,0.055619,0.004047,-0.477455,-0.669947,0.568512,0.818703,-0.57411,0.011029,0.319,0.470709,0.8226,-0.01695,-0.000488,-0.005939,-0.131003,-0.139369,0.046267,0.41496,0.082742,0.05289,-0.03664,-0.478307,0.136684,-0.86749,-0.160383,-0.984796,-0.066737,-0.863423,0.10721,0.492956,0.028063,0.008291,-0.025189,0.215455,0.235041,0.367161,0.489363
2235,0.091823,0.05766,0.412416,-0.46549,0.137052,-0.874403,-0.239293,-0.970616,-0.024805,-0.851536,0.197515,0.485698,0.066807,0.0063,-0.041529,-1.272711,0.32796,1.052215,0.483311,-0.105223,0.074097,0.377317,0.521675,0.660853,0.539556,-0.802626,0.594484,0.04811,-0.289601,-0.458992,0.839834,-0.031455,-0.013695,-0.004496,-0.008249,0.060241,-0.112474,0.42546,0.037953,0.055527,0.003838,-0.479139,-0.671562,0.56518,0.819922,-0.572274,0.015109,0.313292,0.470644,0.824828,-0.022185,-0.002821,-0.006709,0.030104,0.076262,-0.124207,0.402713,0.083838,0.053044,-0.037449,-0.48223,0.152431,-0.86268,-0.188113,-0.979792,-0.06797,-0.855609,0.129504,0.501159,0.033417,0.003129,-0.02081,-1.264456,0.452247,1.116766,0.477443
2236,0.094271,0.057958,0.410855,-0.475197,0.153782,-0.866363,-0.255577,-0.966264,-0.031393,-0.841377,0.206307,0.49955,0.06727,0.008146,-0.040674,-0.347795,0.668623,-0.376364,0.480217,-0.106456,0.073856,0.376996,0.521884,0.662171,0.537734,-0.80379,0.592715,0.050436,-0.285963,-0.459381,0.840867,-0.020871,-0.009661,-0.003246,-0.006202,0.045056,-0.083218,0.398234,0.037321,0.055401,0.003671,-0.479289,-0.672924,0.563431,0.821179,-0.570408,0.017288,0.309752,0.470964,0.825981,-0.017065,-3.3e-05,-0.005714,0.031935,0.04369,-0.068384,0.37822,0.085063,0.053192,-0.038229,-0.493539,0.169433,-0.85306,-0.205271,-0.975823,-0.075056,-0.845152,0.138065,0.516386,0.033696,0.004188,-0.020326,-0.396989,0.675462,-0.45748,0.468298
2237,0.096907,0.058286,0.409333,-0.492437,0.184371,-0.850623,-0.284029,-0.957825,-0.043241,-0.822113,0.220073,0.525096,0.067836,0.010509,-0.0396,0.114816,0.770558,0.49456,0.477611,-0.107615,0.073605,0.376798,0.518605,0.66332,0.539487,-0.805521,0.590524,0.048483,-0.287053,-0.460548,0.839857,-0.032517,-0.009397,-0.002459,-0.006134,0.045616,-0.087736,0.368594,0.036747,0.055273,0.003571,-0.475879,-0.673976,0.565061,0.822769,-0.568171,0.015227,0.310789,0.472161,0.824907,-0.010706,-0.003703,-0.001069,-0.004263,0.030446,-0.058753,0.339193,0.08633,0.053352,-0.038964,-0.510737,0.196457,-0.836989,-0.233671,-0.968613,-0.084763,-0.827371,0.152289,0.540613,0.034019,0.005529,-0.019732,-1.252541,0.439588,0.942844,0.462746
2238,0.098194,0.058447,0.408685,-0.504188,0.196998,-0.840851,-0.29562,-0.954166,-0.046351,-0.810821,0.224952,0.540364,0.067781,0.003645,-0.02892,0.226246,0.887668,0.478849,0.475891,-0.108106,0.073487,0.376732,0.516779,0.665633,0.538389,-0.806565,0.589312,0.045813,-0.287415,-0.45876,0.840711,-0.021406,-0.007479,-0.002212,0.033114,-0.017477,-0.123698,0.356041,0.036488,0.055213,0.003538,-0.473978,-0.676402,0.563758,0.823675,-0.566928,0.012297,0.311293,0.470182,0.825847,-0.010727,-0.003631,-0.001037,0.020344,-0.000805,-0.116099,0.320742,0.086997,0.053432,-0.039305,-0.523295,0.208563,-0.826234,-0.245993,-0.96528,-0.087863,-0.815873,0.157269,0.556431,0.034383,0.006905,-0.019139,0.275993,1.054229,0.372446,0.460297
2239,0.100842,0.058759,0.407525,-0.522248,0.235509,-0.819657,-0.333794,-0.940862,-0.057721,-0.784134,0.243153,0.570997,0.068516,0.006848,-0.027531,-4.335779,0.472179,3.369435,0.46426,-0.108889,0.073191,0.376673,0.525594,0.659138,0.537847,-0.797743,0.601426,0.042728,-0.295953,-0.452352,0.841221,-0.010275,-0.005674,-0.002019,3.113864,0.021381,4.471056,0.332905,0.0361,0.055069,0.00351,-0.479216,-0.672302,0.564235,0.818356,-0.574616,0.010375,0.317244,0.466718,0.825548,-0.010588,-0.004286,-0.001347,0.240736,-0.334322,-0.313565,0.289716,0.088296,0.053585,-0.039874,-0.544639,0.242652,-0.802799,-0.279549,-0.955013,-0.099007,-0.790708,0.170499,0.58797,0.028831,0.004921,-0.012901,0.273293,1.223874,0.384381,0.452622
2240,0.103177,0.058845,0.406734,-0.542979,0.274744,-0.793558,-0.365761,-0.927975,-0.071083,-0.755262,0.251308,0.605352,0.056811,0.000388,-0.01613,0.134893,1.373269,0.345381,0.450419,-0.109515,0.072808,0.376563,0.527233,0.656882,0.539002,-0.795493,0.604474,0.041665,-0.299087,-0.451567,0.840534,-0.020521,-0.011628,-0.004173,-0.006158,0.045018,-0.083244,0.315804,0.03579,0.054884,0.003458,-0.484681,-0.667799,0.564913,0.812835,-0.582424,0.008892,0.323081,0.463492,0.825101,-0.004782,-0.004464,-0.001768,-0.006228,0.03237,-0.05298,0.2631,0.089516,0.053635,-0.04029,-0.565592,0.282055,-0.774951,-0.317693,-0.941688,-0.110876,-0.761036,0.183485,0.622219,0.028433,0.000204,-0.008095,0.120813,1.308241,0.314467,0.434007
2241,0.104231,0.058768,0.406476,-0.552048,0.293301,-0.780553,-0.381462,-0.921204,-0.07643,-0.740784,0.255188,0.621406,0.055558,-0.011261,-0.007475,0.186711,1.099981,0.281575,0.445152,-0.109815,0.0726,0.376475,0.526069,0.657317,0.539608,-0.796152,0.603647,0.041065,-0.299383,-0.452042,0.840173,-0.009295,-0.010201,-0.004169,-0.004143,0.029862,-0.053967,0.309049,0.03564,0.054778,0.003418,-0.483483,-0.668188,0.56548,0.813454,-0.581569,0.008301,0.323319,0.464006,0.824719,-0.010244,-0.005929,-0.002131,-0.004512,0.030759,-0.058542,0.253139,0.090023,0.053604,-0.040414,-0.575507,0.299827,-0.760851,-0.333964,-0.935419,-0.116008,-0.746497,0.187333,0.638472,0.028235,-0.00047,-0.008362,0.227069,1.24778,0.160879,0.425516
2242,0.106052,0.058331,0.406231,-0.566042,0.335741,-0.75294,-0.41314,-0.905849,-0.093406,-0.712712,0.257774,0.652396,0.042896,-0.022126,0.002074,1.844177,-0.187167,1.9532,0.444162,-0.110377,0.072077,0.376277,0.523416,0.658301,0.540987,-0.797672,0.601723,0.039769,-0.299983,-0.453176,0.839348,-0.019369,-0.017155,-0.006817,-0.00828,0.059726,-0.107934,0.298249,0.035358,0.054524,0.003318,-0.480754,-0.669086,0.566743,0.814851,-0.579628,0.00692,0.32387,0.465139,0.823864,-0.00426,-0.006926,-0.00295,-0.004292,0.029862,-0.054102,0.235994,0.09094,0.053395,-0.040539,-0.59333,0.339118,-0.730039,-0.366881,-0.921177,-0.129728,-0.716489,0.190866,0.670978,0.022033,-0.005315,-0.00334,0.226968,1.278301,0.333554,0.416045
2243,0.107522,0.057664,0.406069,-0.576657,0.369763,-0.728552,-0.433349,-0.894351,-0.110983,-0.691906,0.251253,0.676879,0.031227,-0.015296,-0.007961,0.162025,0.813576,0.255723,0.437121,-0.110922,0.071275,0.375957,0.518668,0.659336,0.54429,-0.799575,0.599429,0.036018,-0.303148,-0.454714,0.837377,-0.017827,-0.024597,-0.010418,-0.00816,0.059843,-0.108013,0.271822,0.035083,0.05413,0.003161,-0.475798,-0.669972,0.56987,0.816527,-0.577297,0.003033,0.326953,0.466758,0.821728,-0.008835,-0.012636,-0.00536,-0.012171,0.055819,-0.105385,0.21346,0.09168,0.053064,-0.040614,-0.603807,0.372788,-0.704589,-0.387636,-0.909673,-0.149105,-0.69653,0.183093,0.693773,0.015593,-0.007761,-0.00405,0.202185,1.12935,0.180862,0.411147
2244,0.108428,0.056748,0.40586,-0.586963,0.389706,-0.709681,-0.437846,-0.890061,-0.126699,-0.680311,0.235873,0.69395,0.017344,-0.031545,-0.000685,0.137377,0.855273,0.214623,0.422028,-0.111394,0.070116,0.375453,0.520288,0.652722,0.550678,-0.791261,0.610968,0.02362,-0.321663,-0.448842,0.833629,-0.016102,-0.033171,-0.014664,1.909417,1.555795,-1.527308,0.232028,0.034848,0.053568,0.002917,-0.4793,-0.661916,0.576313,0.807829,-0.589394,-0.005096,0.343049,0.46312,0.817212,-0.008063,-0.016506,-0.007283,0.275963,-0.375566,-0.377735,0.166759,0.092137,0.052623,-0.040717,-0.614078,0.390518,-0.685859,-0.39237,-0.905064,-0.164025,-0.684801,0.168386,0.709008,0.008894,-0.011333,-0.005246,0.068795,0.247624,0.141705,0.39792
2245,0.108668,0.056238,0.405672,-0.587223,0.394577,-0.706769,-0.437143,-0.889424,-0.133422,-0.680538,0.230114,0.695659,0.016487,-0.028105,-0.012754,0.303688,0.495484,0.420866,0.404441,-0.111559,0.069509,0.375155,0.524458,0.646497,0.554056,-0.784229,0.620129,0.018948,-0.331975,-0.44526,0.831504,-0.015711,-0.035311,-0.015784,0.011623,-0.027918,0.031594,0.214957,0.034765,0.05325,0.002762,-0.481352,-0.6574,0.579762,0.801039,-0.598458,-0.01353,0.355858,0.457899,0.814673,-0.00219,-0.016897,-0.007866,0.002156,-0.022228,0.068732,0.142592,0.092261,0.052365,-0.040807,-0.614859,0.39486,-0.682665,-0.391643,-0.904225,-0.17027,-0.684516,0.16267,0.710615,0.0027,-0.012787,-0.005586,0.609271,-0.402267,0.515707,0.383714
2246,0.10864,0.05496,0.405176,-0.575519,0.40347,-0.711362,-0.434886,-0.887605,-0.151667,-0.691891,0.221566,0.687184,-0.008926,-0.03608,-0.01516,1.851918,-1.266769,1.71775,0.366361,-0.111718,0.068096,0.37444,0.525604,0.639359,0.561206,-0.775982,0.630646,0.00849,-0.349134,-0.440755,0.826864,-0.003092,-0.040321,-0.019192,0.329664,0.025632,0.421646,0.197968,0.034679,0.052532,0.002399,-0.482308,-0.650192,0.58705,0.792713,-0.609145,-0.023388,0.372806,0.454082,0.809212,-0.001458,-0.020535,-0.009773,0.326886,0.022847,0.429451,0.104382,0.092254,0.051719,-0.041059,-0.604892,0.405254,-0.685473,-0.389933,-0.90129,-0.188751,-0.694303,0.153115,0.703206,-0.004591,-0.018658,-0.007852,1.842129,-1.26482,1.701786,0.333747
2247,0.108144,0.05318,0.40427,-0.553295,0.412106,-0.723933,-0.428787,-0.885943,-0.176688,-0.713495,0.212134,0.667796,-0.013385,-0.046675,-0.033653,0.054654,-0.488511,0.340579,0.338844,-0.111702,0.066286,0.373561,0.531413,0.630679,0.565541,-0.767483,0.640985,0.006559,-0.359014,-0.438324,0.82392,-0.0007,-0.052069,-0.025435,0.000652,0.002024,0.038241,0.194749,0.034686,0.051654,0.001973,-0.488287,-0.64138,0.591782,0.784339,-0.619842,-0.024623,0.382605,0.452135,0.805721,-0.000244,-0.026484,-0.012935,0.017289,0.076764,-0.116902,0.093768,0.092014,0.050858,-0.041495,-0.583228,0.415924,-0.697747,-0.383933,-0.898114,-0.214443,-0.715849,0.142819,0.683492,-0.007036,-0.024779,-0.017429,0.164649,-0.561873,0.167363,0.295537
2248,0.107864,0.052059,0.403497,-0.537644,0.414675,-0.734187,-0.418387,-0.887129,-0.194746,-0.731412,0.201948,0.651369,-0.017297,-0.062192,-0.04078,5.888207,-0.638753,-1.467803,0.317428,-0.111655,0.065245,0.372984,0.536998,0.622617,0.569186,-0.759777,0.650106,0.005881,-0.367024,-0.436399,0.821409,-0.001463,-0.046744,-0.036811,0.908341,0.113023,1.478767,0.186103,0.034709,0.051131,0.001689,-0.492729,-0.634661,0.595333,0.778028,-0.627721,-0.025251,0.389729,0.450745,0.803081,0.000486,-0.029845,-0.014799,3.047752,0.190273,4.633327,0.088216,0.091878,0.050314,-0.041874,-0.566765,0.421,-0.708191,-0.379232,-0.896415,-0.229394,-0.731408,0.138557,0.667714,-0.002854,-0.028204,-0.026198,0.035467,-0.423469,0.283114,0.26941
2249,0.107253,0.049292,0.400998,-0.505972,0.413676,-0.756908,-0.402351,-0.88934,-0.217164,-0.76236,0.194143,0.617367,-0.013405,-0.079725,-0.078197,0.003979,-1.043728,0.350164,0.265448,-0.11157,0.062922,0.371504,0.55179,0.59605,0.583304,-0.735408,0.677566,0.003501,-0.393813,-0.431651,0.81145,0.001145,-0.059755,-0.044306,-0.108749,0.384882,0.176827,0.158957,0.03475,0.049977,0.000953,-0.508739,-0.607925,0.609599,0.753232,-0.657208,-0.026796,0.416924,0.445538,0.792256,0.000663,-0.030239,-0.022326,-0.056186,0.557263,0.377653,0.06013,0.091575,0.048954,-0.043101,-0.537203,0.421577,-0.730536,-0.357724,-0.898249,-0.255306,-0.763835,0.124179,0.633351,-0.006966,-0.041094,-0.039603,-0.004111,-1.145446,0.521545,0.207523
2250,0.106592,0.045733,0.397257,-0.477112,0.413915,-0.775296,-0.388403,-0.890602,-0.236523,-0.787793,0.187759,0.586648,-0.020401,-0.100073,-0.104682,0.10355,-0.859947,0.587783,0.184195,-0.111498,0.060569,0.369554,0.568149,0.561833,0.601284,-0.707115,0.70701,0.007716,-0.421472,-0.430271,0.79818,0.002595,-0.067427,-0.049439,-0.053109,0.587407,0.95902,0.122835,0.034786,0.048799,-2.3e-05,-0.524741,-0.57535,0.627389,0.726457,-0.686849,-0.022277,0.443739,0.444082,0.778386,0.000402,-0.028326,-0.028858,0.959677,0.123762,1.668172,0.018164,0.091246,0.04718,-0.044962,-0.507937,0.423287,-0.750218,-0.343747,-0.898187,-0.274039,-0.789833,0.11869,0.601726,-0.010047,-0.046122,-0.05741,0.120242,-0.8658,0.386315,0.114448
2251,0.105511,0.041849,0.392569,-0.463457,0.411595,-0.784756,-0.365501,-0.895499,-0.253891,-0.806679,0.168643,0.566441,-0.035967,-0.104333,-0.124957,4.516061,1.129751,-2.769383,0.116633,-0.111315,0.058533,0.36706,0.583369,0.522782,0.621587,-0.673826,0.738759,0.011252,-0.454033,-0.426067,0.782421,-0.000489,-0.049338,-0.069199,-0.146949,0.389116,0.478556,0.095164,0.03488,0.047767,-0.001265,-0.54041,-0.535063,0.649356,0.693807,-0.719985,-0.015857,0.476011,0.441959,0.760318,0.005643,-0.023814,-0.03455,-0.192365,0.545951,0.602897,-0.024291,0.090693,0.045183,-0.047353,-0.49285,0.423286,-0.760215,-0.322647,-0.900313,-0.292119,-0.808082,0.10131,0.580292,-0.018338,-0.053411,-0.063182,4.525591,1.19726,-2.715946,0.010595
2252,0.104703,0.039764,0.389867,-0.455584,0.415376,-0.78737,-0.365004,-0.893829,-0.26041,-0.811381,0.168232,0.559809,-0.038186,-0.111494,-0.131378,0.175817,-0.143673,0.171718,0.097551,-0.111186,0.057675,0.36558,0.593344,0.497152,0.633067,-0.651384,0.758556,0.014994,-0.473487,-0.421897,0.773095,0.011069,-0.046829,-0.069362,0.861853,0.46018,1.831743,0.089784,0.034938,0.047346,-0.001979,-0.547527,-0.513824,0.660453,0.676609,-0.736246,-0.011869,0.492355,0.440369,0.750773,-0.001195,-0.0191,-0.03894,-0.007121,0.728855,0.618658,-0.040131,0.09032,0.044215,-0.048604,-0.486477,0.426598,-0.762465,-0.320814,-0.89895,-0.298272,-0.812661,0.099508,0.574177,-0.018679,-0.050996,-0.070262,0.212561,-0.136475,0.23556,-0.027289
2253,0.102973,0.035721,0.384457,-0.449692,0.41944,-0.788602,-0.361228,-0.892831,-0.268958,-0.816346,0.163389,0.553994,-0.03992,-0.114872,-0.138895,0.171463,-0.044039,-0.000591,0.090628,-0.11105,0.056573,0.362423,0.604428,0.457582,0.652133,-0.621945,0.782534,0.027544,-0.498451,-0.422819,0.756725,-0.005227,-0.023332,-0.085015,3.451502,0.740729,4.417573,0.09011,0.035017,0.046762,-0.003586,-0.559331,-0.473433,0.680447,0.648287,-0.761388,0.003146,0.516595,0.442885,0.732789,0.003404,-0.011054,-0.042613,-0.221048,0.60823,0.492174,-0.052867,0.089433,0.042139,-0.051368,-0.480723,0.431592,-0.763304,-0.317359,-0.897107,-0.307377,-0.817427,0.094478,0.568229,-0.025565,-0.051421,-0.073227,0.205329,-0.045811,-0.013195,-0.064356
2254,0.101194,0.031806,0.378992,-0.445465,0.418166,-0.79167,-0.352339,-0.894722,-0.274408,-0.822526,0.156171,0.54689,-0.049014,-0.097236,-0.134037,0.173674,-0.045887,-0.17924,0.09081,-0.110908,0.056329,0.358973,0.606451,0.424759,0.672153,-0.603838,0.795959,0.041988,-0.517912,-0.431873,0.73832,0.012304,0.013974,-0.094984,-0.048041,0.505572,0.313247,0.087537,0.035083,0.046615,-0.005314,-0.564079,-0.43677,0.700746,0.626746,-0.778992,0.018971,0.537589,0.449891,0.713158,0.001108,0.000987,-0.043247,-0.148658,0.693185,0.171035,-0.05597,0.088539,0.040144,-0.054119,-0.476246,0.430692,-0.766611,-0.308413,-0.898262,-0.313058,-0.82345,0.08734,0.560625,-0.023994,-0.043503,-0.07144,0.237524,-0.07022,-0.152683,-0.074316
2255,0.100322,0.030116,0.376411,-0.434045,0.428448,-0.792517,-0.362375,-0.888372,-0.281871,-0.824282,0.164304,0.541839,-0.045143,-0.073832,-0.137456,-1.097805,-0.47168,0.799706,0.075788,-0.110787,0.056538,0.357278,0.60378,0.41432,0.681014,-0.601436,0.797421,0.048256,-0.523798,-0.439248,0.729767,-0.00088,0.018368,-0.091587,0.008922,0.416558,0.250061,0.085727,0.035149,0.046715,-0.006165,-0.561269,-0.425933,0.709618,0.624662,-0.780474,0.02561,0.542931,0.457646,0.70412,0.006374,0.005243,-0.041335,-0.038463,0.429748,0.274864,-0.058909,0.088097,0.039276,-0.055417,-0.466112,0.440889,-0.767043,-0.31732,-0.892611,-0.320237,-0.825861,0.094132,0.555961,-0.022931,-0.041898,-0.064177,-4.169221,-1.560231,2.920039,-0.079052
2256,0.098664,0.02768,0.371722,-0.424146,0.436268,-0.79361,-0.375117,-0.882206,-0.284556,-0.823748,0.176454,0.538823,-0.036869,-0.040969,-0.120134,0.204253,-0.035383,-0.037483,0.066074,-0.110433,0.057445,0.354121,0.599822,0.392141,0.697446,-0.595478,0.800937,0.061963,-0.535044,-0.452977,0.713024,0.009585,0.025275,-0.073947,-0.202193,0.673203,0.48564,0.082303,0.035321,0.047149,-0.007726,-0.557504,-0.405665,0.724309,0.619544,-0.784053,0.037739,0.552588,0.469781,0.688441,0.004686,0.013376,-0.036522,0.060011,0.251516,0.225813,-0.064624,0.087259,0.038023,-0.057783,-0.456125,0.450022,-0.767742,-0.332124,-0.886464,-0.322294,-0.825617,0.107979,0.553801,-0.024725,-0.02338,-0.054045,0.173192,-0.004892,-0.079946,-0.106974
2257,0.096913,0.026793,0.367855,-0.42627,0.434386,-0.793503,-0.397828,-0.877773,-0.266871,-0.811916,0.201373,0.547968,-0.040065,-0.010481,-0.08607,0.150405,0.046493,-0.168544,0.076434,-0.109866,0.058779,0.351594,0.605228,0.37609,0.701603,-0.588474,0.804861,0.076362,-0.536712,-0.459568,0.707531,0.017455,0.04622,-0.062028,0.085249,0.170001,0.280559,0.075355,0.035599,0.047798,-0.009006,-0.562793,-0.387974,0.72989,0.613344,-0.78796,0.054087,0.55414,0.478114,0.68142,0.00966,0.01794,-0.026858,0.01786,0.232668,0.296007,-0.069849,0.0864,0.037552,-0.059704,-0.458039,0.448196,-0.767671,-0.355068,-0.883951,-0.304229,-0.814939,0.133227,0.564024,-0.019592,-0.003955,-0.042139,-0.017392,0.039284,-0.126934,-0.0993
2258,0.095995,0.026997,0.366353,-0.430476,0.43164,-0.792731,-0.413394,-0.87497,-0.252001,-0.80186,0.218687,0.556078,-0.045692,0.024429,-0.078819,-5.853324,-0.174703,1.146345,0.075871,-0.10943,0.059677,0.350628,0.614613,0.366285,0.698626,-0.583373,0.807138,0.090207,-0.531597,-0.463466,0.708849,0.028606,0.049392,-0.046256,0.039451,0.133828,0.329352,0.068425,0.03581,0.048238,-0.009504,-0.572536,-0.378707,0.727174,0.608947,-0.790302,0.067866,0.548986,0.481666,0.683089,0.008376,0.023798,-0.023174,-0.125715,0.082403,0.461271,-0.076055,0.085922,0.037635,-0.060498,-0.462877,0.443883,-0.767276,-0.364586,-0.884317,-0.291649,-0.807974,0.144741,0.571163,-0.029277,0.009191,-0.033507,0.172072,-0.059722,0.007206,-0.097503
2259,0.093942,0.028688,0.364481,-0.445174,0.41769,-0.792087,-0.428776,-0.875948,-0.220996,-0.785587,0.24072,0.570031,-0.058271,0.065468,-0.035207,-1.532067,1.194611,-1.853228,0.070464,-0.108293,0.061816,0.349373,0.634102,0.345499,0.691763,-0.57138,0.812069,0.118334,-0.521651,-0.470733,0.711445,0.025619,0.059829,-0.0248,-0.172621,0.311283,0.73695,0.055816,0.036392,0.049316,-0.010156,-0.593018,-0.360261,0.720097,0.598419,-0.795554,0.094801,0.538723,0.487139,0.687365,0.019543,0.026384,-0.007799,0.091815,-0.056192,0.242102,-0.089608,0.084875,0.038479,-0.061472,-0.475548,0.430542,-0.767128,-0.38501,-0.885952,-0.258561,-0.790961,0.172394,0.587076,-0.028392,0.035116,-0.015972,-1.50953,1.207395,-1.825407,-0.102239
2260,0.09153,0.032053,0.364207,-0.451075,0.419309,-0.787881,-0.472159,-0.8612,-0.188077,-0.756831,0.286641,0.587428,-0.071454,0.093226,0.015036,-4.446017,-0.759355,2.729365,0.06625,-0.106817,0.064381,0.34902,0.648332,0.332042,0.685131,-0.562966,0.814838,0.137992,-0.513247,-0.47559,0.714321,0.03625,0.060735,0.004115,-0.163762,0.072399,0.283786,0.045714,0.037109,0.050575,-0.010344,-0.6077,-0.345732,0.71496,0.590623,-0.798588,0.115844,0.530909,0.492671,0.6895,0.017942,0.031342,0.002639,-1.288914,-0.130275,-0.546303,-0.108713,0.083718,0.040092,-0.061621,-0.483495,0.429413,-0.762782,-0.423838,-0.877288,-0.225222,-0.765893,0.214403,0.606167,-0.029067,0.046643,0.007605,-1.94371,1.426334,-2.033713,-0.109097
2261,0.089059,0.036071,0.365484,-0.467974,0.414742,-0.780407,-0.504612,-0.85031,-0.149367,-0.724961,0.323382,0.608179,-0.075319,0.104525,0.052931,-4.797657,-0.050469,2.123339,0.064217,-0.105197,0.066949,0.34958,0.656748,0.325087,0.680435,-0.560396,0.814096,0.152112,-0.505295,-0.481623,0.715946,0.047639,0.057018,0.029696,-0.064747,-0.035532,0.355789,0.021018,0.037932,0.05189,-0.010068,-0.616468,-0.338762,0.710779,0.588838,-0.797638,0.130547,0.52272,0.499012,0.691194,0.022634,0.034826,0.011416,-0.019909,-0.125991,0.525046,-0.127491,0.082468,0.04215,-0.060978,-0.499831,0.423615,-0.755458,-0.456497,-0.870093,-0.185865,-0.736055,0.251964,0.628279,-0.030414,0.057939,0.02247,-1.610011,1.65902,-2.445638,-0.11269
2262,0.087761,0.038229,0.366704,-0.478611,0.411948,-0.77542,-0.518174,-0.845418,-0.129372,-0.708259,0.339366,0.619053,-0.070807,0.108736,0.070311,-1.318408,0.285615,0.144133,0.062596,-0.104324,0.068257,0.350189,0.662676,0.322813,0.675753,-0.559468,0.81315,0.160363,-0.498535,-0.484739,0.718578,0.045042,0.066327,0.035095,-1.15099,-2.134702,1.841108,-0.003561,0.03837,0.052541,-0.009766,-0.620568,-0.336697,0.708188,0.588617,-0.796717,0.137005,0.518097,0.501872,0.692603,0.0224,0.033731,0.017871,0.045048,-0.269239,0.430677,-0.151005,0.081819,0.043232,-0.060371,-0.509061,0.421765,-0.750313,-0.473875,-0.865043,-0.16475,-0.718539,0.271686,0.640224,-0.03497,0.056127,0.036314,-4.345232,-0.218883,2.543077,-0.114159
2263,0.08509,0.042682,0.370172,-0.49824,0.410595,-0.763684,-0.546573,-0.832432,-0.091033,-0.67248,0.371537,0.640124,-0.063507,0.110688,0.099605,-1.351944,0.433905,0.063498,0.058286,-0.10245,0.071226,0.35189,0.678045,0.319008,0.662179,-0.553472,0.814319,0.174605,-0.484358,-0.485291,0.727842,0.039445,0.085216,0.045529,0.027281,-0.205256,0.333831,-0.046194,0.03931,0.054017,-0.008919,-0.638768,-0.333572,0.693328,0.582931,-0.797957,0.153148,0.50216,0.501989,0.704159,0.026448,0.038636,0.027064,-0.011217,-0.194723,0.305361,-0.197053,0.080485,0.04547,-0.058639,-0.528232,0.41894,-0.738551,-0.502532,-0.85536,-0.125775,-0.68442,0.304708,0.662359,-0.031652,0.05608,0.050311,-4.2974,-0.029421,2.714985,-0.121344
2264,0.082599,0.047086,0.374345,-0.510863,0.414201,-0.753327,-0.571148,-0.818429,-0.062746,-0.641905,0.397686,0.655615,-0.069658,0.117319,0.115428,-0.490268,0.372148,-0.348676,0.082064,-0.100551,0.074538,0.354111,0.682895,0.332348,0.650531,-0.567901,0.801575,0.186815,-0.460201,-0.497432,0.735282,0.048724,0.088574,0.059411,-0.010209,-0.232717,0.359133,-0.110026,0.040272,0.055716,-0.007785,-0.643921,-0.347047,0.681852,0.597434,-0.784812,0.164748,0.477951,0.513446,0.712695,0.024172,0.04497,0.030072,-0.010073,-0.230326,0.358916,-0.253388,0.079247,0.047685,-0.056548,-0.540573,0.421903,-0.727858,-0.528435,-0.843476,-0.096459,-0.654627,0.332482,0.678909,-0.028748,0.057838,0.057283,-1.380801,0.387055,0.274618,-0.108444
2265,0.081397,0.049382,0.376638,-0.524054,0.410124,-0.746466,-0.57506,-0.816847,-0.045145,-0.627618,0.405089,0.66485,-0.067716,0.112464,0.125524,-1.756827,1.884109,-2.395796,0.085445,-0.099684,0.07623,0.355321,0.683746,0.337694,0.646874,-0.573677,0.796522,0.190738,-0.451679,-0.501939,0.7375,0.049652,0.079711,0.067662,-0.040037,-0.209103,0.324269,-0.143137,0.040685,0.056539,-0.007201,-0.644551,-0.352553,0.678424,0.603403,-0.779495,0.168198,0.46953,0.517775,0.715156,0.017749,0.045398,0.0304,-0.020749,-0.103645,0.176081,-0.28278,0.078647,0.048841,-0.055402,-0.551273,0.418098,-0.722004,-0.532546,-0.842491,-0.081255,-0.642255,0.339706,0.6871,-0.027066,0.061069,0.058196,-0.109465,0.371599,-0.621151,-0.093585
2266,0.079066,0.053954,0.381571,-0.556592,0.394719,-0.731058,-0.571002,-0.820886,-0.008559,-0.602808,0.412177,0.683198,-0.050209,0.119139,0.124952,-1.742853,1.783998,-2.154061,0.119823,-0.098128,0.079231,0.358041,0.689128,0.341661,0.639032,-0.577596,0.791423,0.199917,-0.438289,-0.507301,0.741897,0.039095,0.067497,0.074109,-0.078052,-0.189036,0.274032,-0.223511,0.041464,0.058057,-0.005836,-0.650208,-0.356678,0.670827,0.607546,-0.774266,0.177195,0.456197,0.522772,0.720133,0.019288,0.034651,0.037544,-0.091737,-0.093768,0.132711,-0.355608,0.077478,0.051133,-0.052929,-0.58306,0.400086,-0.707086,-0.527775,-0.848204,-0.044734,-0.617652,0.3471,0.70571,-0.025717,0.054699,0.067173,-0.173193,0.406733,-0.645987,-0.070561
2267,0.077181,0.058077,0.386848,-0.584101,0.375449,-0.719659,-0.56351,-0.825666,0.026539,-0.583514,0.420565,0.69474,-0.049717,0.100884,0.139764,-0.366327,-0.084408,-0.727135,0.148343,-0.096864,0.081574,0.361064,0.698324,0.338895,0.630465,-0.574041,0.79121,0.210708,-0.428283,-0.509482,0.746234,0.029331,0.054002,0.079932,-0.116077,-0.169174,0.223691,-0.319489,0.042099,0.059237,-0.004325,-0.659893,-0.35417,0.662648,0.604413,-0.774135,0.188143,0.446346,0.524668,0.724912,0.019948,0.029078,0.040664,-0.127539,-0.089633,0.110708,-0.435784,0.076539,0.053212,-0.05029,-0.611982,0.37953,-0.693855,-0.519789,-0.854248,-0.008808,-0.596067,0.355268,0.72006,-0.019153,0.049164,0.069166,-0.38123,-0.17096,-0.730509,-0.014552
2268,0.075696,0.061433,0.392562,-0.604111,0.354939,-0.713522,-0.548481,-0.834704,0.049082,-0.577413,0.420558,0.699822,-0.027042,0.083433,0.140477,1.281331,-1.267824,1.176931,0.15937,-0.095642,0.083632,0.364344,0.70607,0.336307,0.62318,-0.571137,0.790608,0.220627,-0.419363,-0.512123,0.749485,0.029563,0.047656,0.088735,-0.166514,-0.072517,0.060348,-0.415188,0.042712,0.060264,-0.00269,-0.668153,-0.351763,0.655616,0.601822,-0.773633,0.198246,0.43747,0.527023,0.728604,0.014688,0.024024,0.044469,-0.145038,-0.193048,0.24828,-0.542412,0.075792,0.054906,-0.047427,-0.631887,0.354829,-0.689067,-0.503557,-0.863795,0.016967,-0.589193,0.357707,0.724497,-0.019705,0.038632,0.076009,-0.304064,0.192229,-0.364317,0.005206
2269,0.07506,0.062907,0.395423,-0.612079,0.348067,-0.710108,-0.541881,-0.838573,0.055966,-0.575242,0.418612,0.702771,-0.02838,0.071261,0.146783,-0.276544,0.262037,-0.315627,0.171234,-0.094995,0.084593,0.366127,0.709174,0.335111,0.620294,-0.570074,0.790118,0.225086,-0.415552,-0.51366,0.750556,0.029417,0.046839,0.087574,-0.166363,-0.073104,0.06001,-0.432364,0.043023,0.060731,-0.001829,-0.671235,-0.350723,0.653021,0.601012,-0.773153,0.202531,0.433853,0.528419,0.729756,0.020098,0.024816,0.044144,-0.163829,-0.087802,0.089083,-0.57654,0.075476,0.055651,-0.045997,-0.637733,0.348386,-0.686965,-0.496685,-0.867675,0.021059,-0.588726,0.354635,0.726384,-0.0142,0.035858,0.073579,-0.276746,0.361806,-0.462755,0.018269
2270,0.073985,0.065593,0.401165,-0.620085,0.341604,-0.70629,-0.536793,-0.841241,0.064326,-0.571421,0.41859,0.705895,-0.017818,0.063621,0.139587,-0.270756,0.15559,-0.109715,0.151305,-0.093769,0.08598,0.36963,0.713782,0.333784,0.615707,-0.56962,0.788053,0.233326,-0.40821,-0.517682,0.75182,0.033266,0.028207,0.090569,-0.204332,-0.055059,0.013416,-0.439247,0.04363,0.061451,-7.4e-05,-0.676135,-0.349499,0.648607,0.60079,-0.771118,0.210775,0.426488,0.532189,0.731356,0.011189,0.01278,0.044976,-0.206166,-0.039718,-0.015783,-0.605116,0.074947,0.05698,-0.043178,-0.645407,0.341366,-0.683314,-0.491199,-0.870562,0.029039,-0.584955,0.354385,0.729546,-0.009229,0.031213,0.069621,-0.273357,0.170925,-0.136677,0.025291
2271,0.073444,0.06755,0.406489,-0.62331,0.3393,-0.70456,-0.536394,-0.841092,0.069412,-0.568279,0.42076,0.70714,-0.009117,0.05252,0.131693,-0.268043,0.154095,-0.104802,0.104977,-0.092626,0.086604,0.373092,0.717011,0.337769,0.609753,-0.571448,0.785642,0.236954,-0.399897,-0.518766,0.755531,0.027091,0.005321,0.0928,-0.214364,-0.143263,0.094108,-0.441467,0.044225,0.061789,0.001727,-0.679688,-0.353845,0.642508,0.602736,-0.76862,0.214316,0.41801,0.532931,0.735697,0.013628,0.002174,0.046157,-0.242354,-0.115373,0.110749,-0.610015,0.074664,0.057987,-0.040455,-0.648597,0.338777,-0.681579,-0.4908,-0.870595,0.034324,-0.581751,0.356782,0.730938,-0.000137,0.0189,0.069221,-0.296366,0.0708,0.083235,-0.023533
2272,0.073297,0.068272,0.409158,-0.624328,0.337667,-0.704444,-0.535159,-0.841769,0.070728,-0.568325,0.420722,0.707126,-0.01242,0.036369,0.137385,-0.29519,0.095532,0.036053,0.089115,-0.092057,0.086714,0.374849,0.718961,0.341762,0.605216,-0.572498,0.784837,0.23709,-0.394855,-0.517374,0.75913,0.025542,0.013046,0.082968,-0.136434,-0.195873,0.08179,-0.453824,0.0445,0.061838,0.002574,-0.681647,-0.358035,0.638096,0.60375,-0.767885,0.214097,0.41333,0.531189,0.739591,0.014087,0.000361,0.045197,-0.199416,-0.167507,0.073043,-0.614914,0.074593,0.058359,-0.039121,-0.649606,0.337007,-0.681496,-0.489426,-0.871315,0.035649,-0.581784,0.356699,0.730952,-0.001027,0.016236,0.06761,-0.290065,0.076316,0.071481,-0.049986
2273,0.073167,0.06907,0.414467,-0.625907,0.340563,-0.701642,-0.542952,-0.836074,0.078457,-0.559133,0.429637,0.709091,0.003542,0.007787,0.13651,-0.330903,0.104864,0.051399,0.070179,-0.091031,0.086438,0.378286,0.720742,0.356372,0.594577,-0.576623,0.784172,0.229162,-0.385473,-0.508462,0.769897,0.022553,-0.022367,0.093369,0.09978,-0.521278,-0.262558,-0.479868,0.045013,0.061717,0.00429,-0.683595,-0.371548,0.62821,0.607245,-0.767041,0.207124,0.404907,0.523067,0.749967,0.015593,-0.005124,0.042576,0.304632,-0.706685,-0.350186,-0.638101,0.074524,0.058773,-0.036464,-0.651343,0.339662,-0.678513,-0.49741,-0.86641,0.043769,-0.573004,0.366008,0.733282,-0.003929,0.004739,0.068959,-0.326891,0.0446,0.174517,-0.083624
