frame,MLTx,MLTy,MLTz,MLTR1,MLTR2,MLTR3,MLTR4,MLTR5,MLTR6,MLTR7,MLTR8,MLTR9,MLTTVx,MLTTVy,MLTTVz,MLTRVx,MLTRVy,MLTRVz,MLGA,MRTx,MRTy,MRTz,MRTR1,MRTR2,MRTR3,MRTR4,MRTR5,MRTR6,MRTR7,MRTR8,MRTR9,MRTTVx,MRTTVy,MRTTVz,MRTRVx,MRTRVy,MRTRVz,MRGA,SLTx,SLTy,SLTz,SLTR1,SLTR2,SLTR3,SLTR4,SLTR5,SLTR6,SLTR7,SLTR8,SLTR9,SLTTVx,SLTTVy,SLTTVz,SLTRVx,SLTRVy,SLTRVz,SLGA,SRTx,SRTy,SRTz,SRTR1,SRTR2,SRTR3,SRTR4,SRTR5,SRTR6,SRTR7,SRTR8,SRTR9,SRTTVx,SRTTVy,SRTTVz,SRTRVx,SRTRVy,SRTRVz,SRGA
1086,0.201346,-0.020197,0.308073,-0.752158,-0.396074,-0.526715,0.23721,-0.908402,0.34425,-0.613883,0.134475,0.777876,0.058467,0.012689,-0.050924,-0.012715,-0.009999,-0.180204,0.253684,-0.183203,0.011395,0.304531,-0.592871,-0.033031,0.804614,0.541684,-0.755578,0.368258,0.596507,0.654211,0.464812,-0.044482,0.047141,-0.025754,-0.62712,-1.083635,2.340472,0.504911,0.035628,0.060333,-0.00299,0.634841,-0.005101,0.772626,-0.500321,0.759296,0.41611,-0.588774,-0.650725,0.47948,-0.015247,0.023872,-0.013107,-0.33898,0.913032,0.252567,0.48142,0.104094,0.039649,-0.049702,0.718748,0.438264,-0.539745,-0.31463,0.897298,0.309616,0.620007,-0.052716,0.782822,0.029262,0.006331,-0.025503,0.042441,0.035737,-0.159018,0.126041
1087,0.202371,-0.019868,0.307036,-0.745589,-0.410012,-0.525388,0.24535,-0.90187,0.355536,-0.618679,0.136684,0.77368,0.058508,0.01315,-0.050602,-1.339487,1.456864,-1.759529,0.258317,-0.183895,0.012178,0.304082,-0.588203,-0.015989,0.80855,0.54101,-0.7508,0.378868,0.601717,0.660298,0.449228,-0.043761,0.034566,-0.019271,-0.386267,0.8264,0.428424,0.511798,0.035266,0.060746,-0.003221,0.632208,-0.021912,0.774487,-0.498017,0.754259,0.427868,-0.59354,-0.656211,0.465936,-0.021866,0.017306,-0.009588,-0.447372,0.890716,0.472025,0.495299,0.104607,0.039813,-0.050221,0.711128,0.450886,-0.539442,-0.321969,0.890943,0.320243,0.625006,-0.054051,0.778746,0.02932,0.00656,-0.025359,-1.325203,1.458174,-1.754494,0.13192
1088,0.204667,-0.019099,0.305012,-0.733226,-0.427539,-0.528806,0.250283,-0.892735,0.37464,-0.631345,0.142871,0.762246,0.057863,0.026703,-0.056433,-0.181989,-0.31717,-0.339487,0.277306,-0.185333,0.013405,0.303348,-0.591585,0.010156,0.806174,0.534862,-0.74314,0.401995,0.603903,0.668985,0.433156,-0.043022,0.021962,-0.012854,-0.225541,0.397689,0.296063,0.519008,0.034563,0.061353,-0.003582,0.634654,-0.048645,0.771263,-0.49065,0.745696,0.450776,-0.597056,-0.664508,0.449391,-0.014557,0.010956,-0.006963,-0.327798,-0.069449,1.050915,0.510975,0.105733,0.040186,-0.051213,0.697621,0.467444,-0.542973,-0.326132,0.881964,0.340259,0.637935,-0.060291,0.767725,0.029276,0.008018,-0.023909,-0.349055,-0.367992,-0.35759,0.149718
1089,0.207272,-0.018178,0.302999,-0.712972,-0.454762,-0.533767,0.261144,-0.878653,0.399682,-0.64987,0.146132,0.745884,0.072681,0.030056,-0.054047,-0.322549,-0.613653,-0.395175,0.31406,-0.186906,0.014247,0.302811,-0.600854,0.032606,0.798688,0.525694,-0.736456,0.42569,0.602811,0.675593,0.42433,-0.042972,0.021179,-0.013671,-0.213126,0.380859,0.473907,0.519642,0.033777,0.061774,-0.003849,0.64305,-0.069789,0.762637,-0.480476,0.738692,0.472731,-0.596345,-0.670419,0.441484,-0.01424,0.004636,-0.003779,-0.23764,0.526252,0.298357,0.516364,0.10703,0.040644,-0.052222,0.675786,0.492326,-0.548567,-0.335949,0.868158,0.365292,0.656086,-0.062568,0.752087,0.028937,0.014355,-0.027295,-0.516159,-0.757327,-0.582877,0.189398
1090,0.210253,-0.016973,0.300937,-0.695802,-0.484752,-0.530019,0.26974,-0.860277,0.432593,-0.664798,0.158629,0.730005,0.087448,0.03318,-0.052002,-0.373245,-0.598898,-0.563135,0.344579,-0.188401,0.014924,0.30243,-0.608275,0.041557,0.792633,0.519121,-0.734473,0.437032,0.601071,0.677246,0.424163,-0.04222,0.010981,-0.004934,-0.011234,0.001989,0.155994,0.519341,0.033029,0.062114,-0.004046,0.649528,-0.080285,0.756086,-0.473151,0.735729,0.484591,-0.595181,-0.672499,0.43989,-0.014463,0.011423,-0.006524,0.039381,-0.034498,0.190012,0.517017,0.108515,0.041245,-0.053254,0.656189,0.520822,-0.546039,-0.343131,0.850423,0.3988,0.672068,-0.074325,0.736748,0.04376,0.016422,-0.026231,-0.563699,-0.831068,-0.66894,0.240508
1091,0.211831,-0.016251,0.299873,-0.689002,-0.50145,-0.523326,0.275813,-0.849136,0.450409,-0.669375,0.16661,0.72402,0.072474,0.033215,-0.051061,-0.250865,-0.318356,-0.510526,0.346674,-0.189136,0.015211,0.302259,-0.611546,0.041918,0.790092,0.516757,-0.734898,0.439114,0.59979,0.676763,0.42674,-0.042845,0.021462,-0.013463,0.075679,-0.080043,0.083305,0.518958,0.032673,0.062252,-0.004123,0.652692,-0.080505,0.753334,-0.470629,0.73614,0.486421,-0.593718,-0.672024,0.442585,-0.021098,0.005365,-0.002577,0.050419,-0.097184,0.076193,0.516853,0.10931,0.041606,-0.053787,0.647007,0.537756,-0.540554,-0.348295,0.839094,0.417865,0.678285,-0.082089,0.730198,0.043334,0.022661,-0.029639,-0.32925,-0.191588,-0.799381,0.255368
1092,0.215206,-0.014746,0.29769,-0.670794,-0.532678,-0.516077,0.286779,-0.828013,0.481792,-0.683125,0.17584,0.708836,0.10143,0.045837,-0.060292,-0.403718,-0.565052,-0.716038,0.345319,-0.190417,0.015562,0.302034,-0.618155,0.042739,0.784888,0.512295,-0.735295,0.443654,0.596841,0.676279,0.431616,-0.028409,0.009395,-0.007572,0.041951,-0.083188,0.095094,0.516692,0.032016,0.062437,-0.004239,0.659017,-0.081076,0.747744,-0.466015,0.736331,0.490556,-0.59036,-0.671746,0.447472,-0.013891,-0.000669,0.000362,-0.00642,0.031988,-0.065191,0.515384,0.110986,0.042358,-0.054869,0.627573,0.56666,-0.533898,-0.3579,0.818976,0.448535,0.691417,-0.090407,0.716776,0.043333,0.022035,-0.0306,-0.049744,-0.106575,-0.514469,0.261899
1093,0.21862,-0.012906,0.295287,-0.667046,-0.551263,-0.501203,0.285707,-0.810576,0.511185,-0.687231,0.198467,0.698821,0.085512,0.056764,-0.067889,-0.350475,-0.225624,-0.830734,0.337539,-0.191437,0.015764,0.301939,-0.618599,0.042456,0.784554,0.511775,-0.735761,0.443483,0.596828,0.67579,0.432397,-0.027707,-9e-05,0.001879,0.007203,-0.086693,0.101856,0.515485,0.031506,0.062537,-0.004294,0.659416,-0.080698,0.747434,-0.465601,0.736753,0.490316,-0.590242,-0.671328,0.448254,-0.006922,2.7e-05,0.000537,-0.004036,0.013952,-0.030523,0.513098,0.112699,0.043274,-0.056068,0.621659,0.585619,-0.520182,-0.355437,0.802696,0.478897,0.698,-0.112818,0.707154,0.042781,0.028682,-0.033622,-0.755863,0.104728,-1.529502,0.25896
1094,0.220262,-0.011745,0.293914,-0.678314,-0.546667,-0.49101,0.269965,-0.80692,0.52533,-0.682543,0.224458,0.695543,0.070538,0.055778,-0.067934,-2.88353,2.807032,3.093563,0.332786,-0.191803,0.01584,0.301928,-0.619993,0.046228,0.783239,0.5065,-0.738683,0.444678,0.599879,0.672341,0.433551,-0.013828,0.000318,0.001292,0.114827,0.081558,0.035447,0.515475,0.031317,0.062576,-0.004299,0.660749,-0.084367,0.745849,-0.460249,0.739406,0.491373,-0.592941,-0.667951,0.449733,-0.006907,0.000245,0.000748,0.391613,0.237604,0.185019,0.512935,0.113493,0.043833,-0.056729,0.629379,0.586152,-0.510202,-0.343847,0.798836,0.493587,0.696885,-0.135222,0.704318,0.034865,0.033619,-0.037838,-0.359458,-0.436613,-0.661884,0.253735
1095,0.22284,-0.009123,0.291094,-0.7052,-0.531834,-0.468925,0.226796,-0.795832,0.561414,-0.670888,0.290216,0.682429,0.0532,0.08144,-0.078928,-1.311471,0.472994,0.241397,0.321462,-0.192218,0.015912,0.301972,-0.617963,0.076157,0.782505,0.478555,-0.753116,0.45137,0.624446,0.653298,0.42794,-0.013783,0.000927,0.001886,-0.079875,0.049028,0.248363,0.514359,0.03111,0.062612,-0.004276,0.657694,-0.114192,0.744579,-0.431719,0.752864,0.496803,-0.617298,-0.648194,0.445855,3.6e-05,0.000606,0.000602,-0.104092,0.186998,0.146342,0.511955,0.114821,0.04515,-0.058168,0.660908,0.571112,-0.486858,-0.296825,0.79477,0.529371,0.689271,-0.205354,0.69479,0.027019,0.034999,-0.035753,-3.444519,2.69096,3.016141,0.242631
1096,0.22444,-0.00557,0.288152,-0.745564,-0.496346,-0.444771,0.153479,-0.777325,0.610068,-0.64761,0.387195,0.656284,0.036063,0.101327,-0.075112,-1.542297,0.394124,-0.401482,0.251422,-0.192173,0.015956,0.302013,-0.61092,0.117342,0.782942,0.445671,-0.766277,0.462743,0.654994,0.631479,0.414825,0.000111,0.001614,0.00159,-0.154502,0.251537,0.194985,0.513009,0.031127,0.062633,-0.004257,0.649543,-0.155409,0.744271,-0.397908,0.764651,0.506928,-0.64789,-0.625424,0.434836,0.006982,0.000955,0.000451,-0.165401,0.256158,0.276864,0.510485,0.115642,0.04695,-0.059678,0.704403,0.539388,-0.461385,-0.220738,0.784256,0.579841,0.674603,-0.306597,0.671496,0.018072,0.051026,-0.037135,-1.646994,0.325057,-0.420266,0.182376
1097,0.224716,-0.003565,0.28678,-0.759037,-0.487057,-0.432068,0.121997,-0.758299,0.640368,-0.63859,0.433955,0.635542,0.005898,0.103982,-0.068949,-1.788695,0.295474,-0.834124,0.237182,-0.191973,0.015991,0.302047,-0.6083,0.131568,0.782722,0.440034,-0.764709,0.470664,0.66122,0.630555,0.406266,0.014054,0.003098,0.002073,-0.18427,0.270443,0.287022,0.503659,0.031222,0.062648,-0.004241,0.646504,-0.169467,0.74385,-0.391945,0.762726,0.514419,-0.654531,-0.624123,0.426684,0.006995,0.001164,0.000652,-0.20447,0.222457,0.46474,0.505913,0.115778,0.04791,-0.060343,0.718861,0.530833,-0.448836,-0.188099,0.770114,0.609542,0.66922,-0.353751,0.653454,0.002895,0.052177,-0.034349,-3.776212,2.349032,1.606751,0.140084
1098,0.22448,0.000454,0.284465,-0.762254,-0.495729,-0.416253,0.075445,-0.706751,0.703409,-0.64194,0.505386,0.576649,-0.008809,0.100056,-0.050698,-3.841637,2.959494,1.219496,0.282036,-0.191337,0.016178,0.3022,-0.604046,0.152825,0.782154,0.437954,-0.756185,0.486123,0.66648,0.635987,0.388828,0.01423,0.006009,0.00492,-0.376766,0.573086,0.521998,0.466233,0.03154,0.062739,-0.004167,0.642208,-0.188542,0.74298,-0.389327,0.754716,0.528041,-0.660297,-0.628375,0.41128,0.014031,0.002991,0.001945,-0.075484,0.026342,0.358881,0.472275,0.115666,0.04992,-0.061508,0.718767,0.543248,-0.433882,-0.140298,0.72456,0.67478,0.680947,-0.424137,0.597007,-0.01166,0.049641,-0.025062,-2.011132,-1.422226,-1.509542,0.141717
1099,0.223055,0.0045,0.282845,-0.752804,-0.507723,-0.418985,0.01619,-0.650625,0.759208,-0.657136,0.565381,0.498542,-0.053515,0.10833,-0.03657,-1.962095,-1.258759,-1.725479,0.374329,-0.190374,0.016468,0.302429,-0.596212,0.162204,0.786264,0.440291,-0.752766,0.489306,0.671967,0.637703,0.376375,0.028167,0.008387,0.006227,-0.05549,0.04871,0.156326,0.403394,0.032016,0.062884,-0.004052,0.633557,-0.200319,0.747313,-0.391334,0.750267,0.532875,-0.66743,-0.630056,0.396945,0.01409,0.004309,0.003212,-0.023523,0.019081,0.14437,0.410388,0.114971,0.051936,-0.062328,0.712091,0.549573,-0.436915,-0.073584,0.677302,0.732015,0.69822,-0.489112,0.52274,-0.026297,0.049091,-0.013733,-1.989103,-2.080095,0.306713,0.234956
1100,0.220518,0.008504,0.281881,-0.738986,-0.496055,-0.455931,-0.071987,-0.614749,0.785412,-0.668975,0.613846,0.419156,-0.081207,0.099914,-0.023001,-1.391037,-0.392136,-0.893961,0.427452,-0.189223,0.016805,0.30269,-0.588137,0.163254,0.792107,0.444467,-0.752885,0.485331,0.676314,0.637294,0.369215,0.028156,0.009289,0.007054,0.005478,-0.045747,0.080441,0.288065,0.032592,0.063054,-0.00392,0.625894,-0.200895,0.753589,-0.3956,0.750944,0.528755,-0.672128,-0.629065,0.390538,0.014087,0.004798,0.003659,0.011401,-0.058996,0.077788,0.292819,0.113712,0.05395,-0.062805,0.697212,0.538204,-0.47353,0.016885,0.648045,0.761414,0.716665,-0.538862,0.442738,-0.03293,0.04498,-0.007512,-2.123484,0.201712,-0.109622,0.346647
1101,0.219129,0.010127,0.281555,-0.734067,-0.489922,-0.470285,-0.10242,-0.604766,0.789773,-0.670429,0.62852,0.394353,-0.07961,0.086327,-0.018153,-1.477305,0.517175,0.263654,0.41831,-0.188557,0.016967,0.302869,-0.586418,0.163062,0.793421,0.445438,-0.753079,0.484139,0.677166,0.637114,0.36796,0.028179,0.01034,0.008046,-0.005742,0.06974,-0.078598,0.214134,0.032925,0.063134,-0.003831,0.624439,-0.200624,0.754867,-0.39655,0.751198,0.527682,-0.672921,-0.628848,0.389519,0.021006,0.005501,0.003815,0.006758,-0.06833,0.113019,0.207418,0.113017,0.054776,-0.06296,0.692163,0.532431,-0.487263,0.046556,0.640778,0.766312,0.720237,-0.553098,0.418736,-0.039937,0.043002,-0.009201,-3.316241,3.454321,1.862791,0.364935
1102,0.215384,0.013225,0.28115,-0.741377,-0.467459,-0.481547,-0.133479,-0.600539,0.788359,-0.656794,0.649327,0.383436,-0.106675,0.077754,-0.00549,-0.611513,1.052625,0.901488,0.38337,-0.187108,0.01722,0.303288,-0.585458,0.163401,0.794059,0.446,-0.752894,0.48391,0.677625,0.637246,0.366885,0.042542,-0.000362,0.015197,-0.040135,0.067768,-0.065918,0.132211,0.033644,0.063266,-0.003623,0.623557,-0.200887,0.755526,-0.397166,0.751014,0.52748,-0.673375,-0.628984,0.388515,0.020979,0.00596,0.004212,0.007987,-0.080866,0.133699,0.053108,0.111155,0.056323,-0.063174,0.700837,0.511602,-0.49708,0.077049,0.638484,0.765768,0.709147,-0.574978,0.408055,-0.053494,0.039191,-0.002219,-2.41712,4.121552,2.426997,0.344361
1103,0.210798,0.015821,0.281479,-0.75745,-0.430577,-0.490835,-0.153337,-0.613467,0.774673,-0.633729,0.662573,0.399265,-0.13264,0.060513,0.017019,0.357643,0.084723,0.201008,0.322251,-0.185644,0.017326,0.303812,-0.587722,0.161903,0.792692,0.445348,-0.75312,0.484158,0.676094,0.637362,0.369498,0.042437,-0.00117,0.014324,-0.018069,-0.065502,0.081881,0.084426,0.034392,0.063322,-0.003353,0.625816,-0.19913,0.754123,-0.396549,0.751344,0.527475,-0.671642,-0.629149,0.391238,0.021212,-0.00061,0.007112,-0.04093,-0.046492,0.096827,-0.032129,0.108872,0.057623,-0.063023,0.721252,0.47399,-0.505101,0.096492,0.653344,0.750886,0.685918,-0.590317,0.42549,-0.059227,0.030549,0.008359,0.384181,-0.000564,0.387498,0.281167
1104,0.208262,0.016838,0.281941,-0.764132,-0.41242,-0.496041,-0.160343,-0.623439,0.765235,-0.623903,0.664789,0.410886,-0.131204,0.050499,0.025348,0.590767,0.331246,0.317522,0.275532,-0.184929,0.017292,0.304115,-0.588509,0.162423,0.792001,0.445163,-0.752522,0.485257,0.675531,0.637936,0.369538,0.042411,-0.001206,0.014247,-0.028384,-0.049648,0.094201,0.053123,0.034734,0.063305,-0.003206,0.62645,-0.199779,0.753424,-0.396421,0.750593,0.52864,-0.671126,-0.62984,0.391013,0.014639,-0.006478,0.011255,-0.072383,-0.01738,0.051457,-0.067237,0.107604,0.058139,-0.062791,0.72897,0.457069,-0.509597,0.103034,0.662691,0.741771,0.676746,-0.593235,0.435989,-0.065273,0.019763,0.016743,0.780214,0.476602,0.427143,0.23316
1105,0.202961,0.018077,0.283564,-0.770516,-0.387454,-0.506192,-0.165321,-0.645504,0.745631,-0.614692,0.658684,0.433954,-0.142171,0.020714,0.052045,0.750834,0.580895,0.415623,0.126018,-0.183496,0.01716,0.304784,-0.59148,0.161141,0.790048,0.444495,-0.752213,0.486346,0.673375,0.638625,0.372272,0.042427,0.000364,0.015676,-0.014397,-0.085353,0.102957,-0.006428,0.03545,0.063235,-0.002875,0.629391,-0.19831,0.751358,-0.39569,0.750368,0.529506,-0.668802,-0.630572,0.393805,0.021522,-0.006182,0.010969,-0.073405,-0.038947,0.075916,-0.148392,0.104958,0.058768,-0.061992,0.737133,0.43296,-0.518825,0.106486,0.683762,0.721893,0.667304,-0.587379,0.45792,-0.071154,0.010621,0.026415,0.35147,0.262764,0.212449,0.065461
1106,0.197544,0.018706,0.285902,-0.769335,-0.362723,-0.525929,-0.175718,-0.671369,0.719972,-0.613289,0.646764,0.453433,-0.14057,0.014827,0.06372,0.364628,-1.252059,2.710982,0.046813,-0.181958,0.017138,0.305547,-0.595785,0.157566,0.78753,0.443372,-0.75296,0.486217,0.670315,0.638643,0.377724,0.042503,0.00449,0.019526,0.001828,-0.109771,0.084169,-0.055925,0.036208,0.063216,-0.002507,0.633609,-0.194717,0.748748,-0.394583,0.751136,0.529243,-0.665465,-0.630777,0.399094,0.021585,-0.003806,0.013203,-0.047636,-0.093001,0.070549,-0.211912,0.102249,0.059086,-0.060825,0.740424,0.406766,-0.535081,0.112462,0.70989,0.695274,0.662663,-0.574975,0.479874,-0.070072,0.00206,0.036103,0.55176,0.49516,0.31621,-0.097667
1107,0.192349,0.018685,0.288842,-0.771392,-0.331868,-0.543013,-0.189273,-0.695059,0.693572,-0.606644,0.638204,0.474032,-0.138616,-0.005725,0.079327,0.487102,0.358251,0.458383,-0.024806,-0.180484,0.017344,0.306418,-0.601136,0.148823,0.785161,0.442384,-0.756138,0.482167,0.66618,0.636996,0.38769,0.042535,0.009302,0.023968,0.197572,-0.417426,-0.116442,-0.111393,0.036972,0.06332,-0.002059,0.638869,-0.187182,0.746196,-0.3936,0.753861,0.526091,-0.661003,-0.629806,0.407944,0.021262,0.004858,0.012155,0.277062,-0.494075,-0.175179,-0.270207,0.099651,0.059088,-0.059356,0.743645,0.375086,-0.553445,0.126225,0.734146,0.667155,0.65655,-0.565986,0.498599,-0.062361,-0.002786,0.03951,0.70093,0.366938,0.756851,-0.19956
1108,0.189729,0.018439,0.290547,-0.773337,-0.318294,-0.548347,-0.192239,-0.70648,0.681104,-0.603229,0.63253,0.485847,-0.123796,-0.015089,0.087446,0.731811,0.47672,0.791222,-0.077215,-0.179716,0.01754,0.306916,-0.603895,0.144503,0.78385,0.441789,-0.757737,0.480199,0.664078,0.636097,0.39274,0.042516,0.011533,0.025986,0.177188,-0.385469,-0.091617,-0.12437,0.03734,0.063414,-0.00182,0.641601,-0.182826,0.744931,-0.393122,0.755548,0.524024,-0.658637,-0.629063,0.412887,0.021246,0.005751,0.012953,0.289213,-0.497323,-0.213537,-0.291598,0.098335,0.058968,-0.058507,0.746217,0.362896,-0.558091,0.128478,0.744079,0.655621,0.653186,-0.560938,0.50862,-0.068968,-0.007715,0.04399,0.412091,0.226202,0.569815,-0.244302
1109,0.184824,0.017936,0.293995,-0.774808,-0.293924,-0.559756,-0.200467,-0.725508,0.658349,-0.598651,0.62267,0.503911,-0.123127,-0.010257,0.090866,0.535632,-1.360626,2.86909,-0.142366,-0.178147,0.018039,0.3081,-0.611512,0.126117,0.781114,0.449802,-0.756643,0.47445,0.651606,0.641312,0.404958,0.029491,0.003985,0.038096,-4.179283,-2.87809,-2.547342,-0.139746,0.038129,0.063667,-0.001232,0.648898,-0.168066,0.742081,-0.396816,0.757408,0.518525,-0.649205,-0.63094,0.424789,0.021207,0.00841,0.015331,0.294272,-0.520571,-0.194129,-0.316418,0.095836,0.05871,-0.05675,0.750972,0.336819,-0.567972,0.134532,0.764049,0.630974,0.646483,-0.550255,0.528467,-0.061601,-0.004992,0.045675,0.580003,-1.33479,2.886347,-0.313537
1110,0.180081,0.017414,0.29779,-0.773875,-0.267794,-0.573977,-0.212224,-0.744242,0.633275,-0.595806,0.612218,0.519839,-0.122339,-0.005726,0.093811,0.374595,0.21332,0.597707,-0.194149,-0.176763,0.018623,0.309492,-0.618893,0.103736,0.77859,0.462842,-0.752582,0.468327,0.63529,0.65007,0.416747,0.042298,0.021532,0.034779,0.217438,-0.454186,-0.106882,-0.162004,0.038817,0.063952,-0.000535,0.657423,-0.142425,0.739938,-0.415045,0.751142,0.513343,-0.628912,-0.644592,0.434705,0.014692,0.004675,0.021378,0.307436,-0.465648,-0.431206,-0.33732,0.093511,0.058453,-0.054886,0.751899,0.310088,-0.581799,0.145283,0.782853,0.605005,0.643069,-0.539429,0.543577,-0.054128,-0.008296,0.050828,0.500481,0.446596,0.556252,-0.356809
1111,0.175479,0.01684,0.301835,-0.765145,-0.235415,-0.599315,-0.232909,-0.766589,0.598388,-0.599349,0.597729,0.532474,-0.107397,-0.013541,0.102875,0.618924,-1.306914,2.689163,-0.240394,-0.175455,0.019253,0.311151,-0.623347,0.079508,0.777888,0.481814,-0.744345,0.46232,0.616536,0.662874,0.42467,0.029278,0.012837,0.045613,0.057091,0.335362,-0.611713,-0.181153,0.039465,0.064267,0.000275,0.665029,-0.117478,0.737518,-0.43316,0.743791,0.509063,-0.608364,-0.658006,0.443756,0.021029,0.012866,0.019094,0.047523,-0.238297,0.058272,-0.360507,0.091204,0.058169,-0.052867,0.747392,0.277339,-0.603727,0.162711,0.804622,0.571057,0.64415,-0.525037,0.556243,-0.06072,-0.00688,0.051647,0.65541,0.498841,0.774917,-0.397795
1112,0.173372,0.016564,0.303769,-0.760721,-0.219938,-0.610717,-0.242668,-0.776302,0.581755,-0.601108,0.591026,0.537944,-0.107086,-0.012929,0.102748,0.402907,0.23161,0.738956,-0.244075,-0.174869,0.019536,0.311999,-0.626674,0.06381,0.776659,0.495089,-0.736927,0.460173,0.60247,0.672805,0.429216,0.029192,0.013743,0.046234,-4.26423,-2.746402,-2.353519,-0.182326,0.039769,0.064415,0.000718,0.666049,-0.105081,0.738468,-0.443809,0.739886,0.505569,-0.599509,-0.664473,0.446165,0.014575,0.007182,0.023382,0.010959,-0.093032,-0.14504,-0.366712,0.090111,0.058027,-0.05186,0.742991,0.259576,-0.616915,0.173356,0.81564,0.551977,0.64646,-0.51706,0.561014,-0.053612,-0.006453,0.051474,0.427048,0.257753,0.742194,-0.410858
1113,0.169367,0.01602,0.307753,-0.753306,-0.185898,-0.630886,-0.261787,-0.795246,0.54683,-0.602431,0.577316,0.55119,-0.09272,-0.013154,0.100801,0.346485,0.128697,0.854161,-0.242081,-0.173721,0.020078,0.313903,-0.623614,0.04078,0.780663,0.517529,-0.726786,0.451528,0.58655,0.685535,0.431119,0.029008,0.01588,0.047706,-0.047968,-0.081356,-0.105346,-0.186475,0.040333,0.06468,0.001652,0.664404,-0.078586,0.74323,-0.471247,0.727804,0.498222,-0.58008,-0.681266,0.446523,0.007704,0.007507,0.024025,-0.390164,-0.39176,-0.200395,-0.37161,0.088143,0.057763,-0.049902,0.738855,0.224596,-0.635332,0.190583,0.83468,0.516706,0.646351,-0.502855,0.573904,-0.046457,-0.00704,0.050052,0.48861,0.156587,1.071698,-0.4169
1114,0.166018,0.015515,0.311529,-0.747595,-0.150582,-0.646894,-0.280122,-0.811645,0.512578,-0.601307,0.564594,0.565411,-0.078754,-0.016998,0.095766,0.52241,0.348597,1.002095,-0.27993,-0.172727,0.020502,0.315818,-0.618386,-0.000822,0.785869,0.561928,-0.69941,0.441586,0.550037,0.714662,0.43195,0.028822,0.01556,0.046975,-4.357475,-2.492856,-2.50278,-0.200206,0.040841,0.064902,0.002631,0.660522,-0.040464,0.749714,-0.512836,0.704996,0.489876,-0.548368,-0.708055,0.444914,0.014805,0.002175,0.027373,-0.056195,-0.172707,0.061968,-0.380918,0.086464,0.057519,-0.048006,0.735661,0.189607,-0.65027,0.207854,0.850511,0.483142,0.644669,-0.490591,0.586277,-0.039484,-0.002922,0.044002,0.185132,-0.132868,0.913665,-0.43078
1115,0.164532,0.015269,0.313307,-0.743853,-0.135781,-0.654439,-0.28927,-0.817316,0.498285,-0.60162,0.560127,0.569507,-0.06498,-0.007495,0.085578,0.213235,0.000505,0.79805,-0.299525,-0.172252,0.020711,0.316789,-0.614918,-0.024585,0.788202,0.585757,-0.683293,0.435813,0.52861,0.729704,0.433551,0.028732,0.015319,0.046543,-4.399389,-2.484085,-2.532851,-0.205779,0.041078,0.065007,0.003117,0.658031,-0.016596,0.752807,-0.537449,0.689876,0.484993,-0.527393,-0.723737,0.44504,0.007592,0.007621,0.02379,-0.149275,-0.093914,-0.196773,-0.386797,0.085716,0.057393,-0.047112,0.734036,0.172576,-0.656815,0.21638,0.85733,0.46708,0.643715,-0.484975,0.591969,-0.039416,-0.0033,0.043407,0.259047,0.050099,0.827832,-0.445802
1116,0.16199,0.014789,0.316571,-0.739628,-0.10482,-0.664837,-0.304785,-0.82857,0.469627,-0.599175,0.550108,0.581719,-0.065175,-0.013197,0.079638,0.292854,0.247599,0.685028,-0.350792,-0.171453,0.021021,0.318715,-0.603148,-0.079607,0.793641,0.634305,-0.650986,0.416903,0.484197,0.754954,0.442109,0.016002,0.001028,0.052422,-1.044888,-1.268332,-1.310033,-0.221779,0.041482,0.06517,0.004081,0.648135,0.038445,0.760553,-0.590401,0.65617,0.469965,-0.480985,-0.753633,0.447984,0.007579,0.006062,0.022349,-4.457232,-2.422842,-2.896609,-0.399533,0.084445,0.057159,-0.045475,0.731976,0.141804,-0.666409,0.231288,0.868303,0.43881,0.640871,-0.475331,0.60278,-0.025745,-0.006495,0.039839,0.46562,0.381733,0.84185,-0.479114
1117,0.160012,0.014305,0.319375,-0.736412,-0.079084,-0.671929,-0.317712,-0.836426,0.446567,-0.596423,0.542432,0.59167,-0.051789,-0.008321,0.065287,0.324436,0.353221,0.578567,-0.389952,-0.170751,0.021238,0.320515,-0.586566,-0.129167,0.799529,0.674899,-0.623522,0.394544,0.448278,0.771178,0.451878,0.015928,-0.002302,0.049241,0.152862,-0.331865,-0.422618,-0.244888,0.041833,0.065282,0.004984,0.633259,0.091317,0.768533,-0.634376,0.630077,0.447849,-0.443339,-0.771144,0.456931,0.007491,0.004941,0.021098,0.257218,-0.369307,-0.624405,-0.419455,0.083431,0.056912,-0.044042,0.730799,0.11547,-0.672754,0.243917,0.876338,0.415374,0.637523,-0.467651,0.612262,-0.025975,-0.004541,0.03234,0.404092,0.423719,0.618957,-0.515038
1118,0.159143,0.014086,0.320649,-0.734944,-0.067487,-0.674795,-0.323583,-0.83958,0.436315,-0.59508,0.539099,0.596052,-0.05187,0.000844,0.055336,0.269455,0.12853,0.69475,-0.414135,-0.170431,0.021324,0.321401,-0.576625,-0.158652,0.801452,0.695265,-0.610311,0.379555,0.429621,0.776269,0.461189,0.015013,0.007942,0.04044,0.441562,-0.036933,-1.195855,-0.258734,0.041988,0.065319,0.005415,0.626827,0.119428,0.76995,-0.654248,0.61733,0.436877,-0.423139,-0.777585,0.465096,0.007922,-0.002035,0.023781,0.055924,-0.27595,-0.386264,-0.432518,0.083031,0.056805,-0.043451,0.730471,0.104432,-0.67491,0.249118,0.879401,0.4057,0.635885,-0.464484,0.616362,-0.019235,-0.006347,0.03053,0.285665,0.337819,0.577219,-0.529244
1119,0.157776,0.013805,0.322795,-0.731231,-0.046723,-0.680561,-0.334175,-0.845226,0.417005,-0.593806,0.532407,0.603294,-0.024763,-0.004066,0.050259,0.061939,-0.004122,0.414522,-0.483125,-0.169942,0.021436,0.322944,-0.558838,-0.207478,0.802898,0.726287,-0.589592,0.353301,0.400762,0.780821,0.479137,0.001607,0.003481,0.037575,0.358101,-0.606228,-0.632737,-0.287639,0.042243,0.065381,0.006204,0.608121,0.169088,0.775626,-0.688712,0.598283,0.40955,-0.394795,-0.78324,0.480282,0.007458,0.001793,0.018245,0.388869,-0.692296,-0.653345,-0.458481,0.082322,0.056659,-0.042355,0.729018,0.081589,-0.679613,0.259453,0.885843,0.384662,0.633415,-0.456754,0.624628,-0.019298,-0.007505,0.02936,-0.002397,0.10179,0.217986,-0.570556
1120,0.156699,0.013589,0.324676,-0.720552,-0.023076,-0.69305,-0.34813,-0.85234,0.390247,-0.598828,0.522489,0.60699,-0.024885,-0.006013,0.04834,0.396106,-0.388137,1.10482,-0.527085,-0.169548,0.02149,0.324348,-0.540119,-0.251459,0.803138,0.7503,-0.575982,0.32439,0.381681,0.778107,0.49873,0.014952,0.000931,0.034136,0.415363,-0.637461,-0.856246,-0.320244,0.042434,0.065408,0.006893,0.591056,0.212525,0.778129,-0.714341,0.58597,0.382562,-0.374657,-0.781966,0.498156,0.007005,0.006099,0.013148,0.297077,-0.488276,-0.474556,-0.492119,0.081783,0.056549,-0.041416,0.720506,0.057901,-0.691026,0.272647,0.892598,0.359069,0.6376,-0.447118,0.627336,-0.012464,-0.003115,0.024093,0.982281,-1.429676,2.372374,-0.617257
1121,0.155782,0.013551,0.32645,-0.700327,0.002842,-0.713848,-0.36676,-0.859358,0.356318,-0.611572,0.511342,0.603768,-0.011064,0.004967,0.039738,0.107293,-0.007362,0.476346,-0.565308,-0.169235,0.021574,0.325583,-0.524292,-0.289801,0.800703,0.771125,-0.560293,0.302279,0.361665,0.776276,0.516194,0.014923,3.4e-05,0.033258,-4.216911,-2.16222,-3.111666,-0.332523,0.042591,0.065447,0.007521,0.577169,0.250688,0.777194,-0.734001,0.5764,0.359172,-0.357935,-0.777765,0.516685,0.000781,-0.00082,0.016489,0.253342,-0.443839,-0.542517,-0.51302,0.081319,0.056523,-0.040529,0.702365,0.028681,-0.711238,0.291066,0.900263,0.323738,0.649586,-0.4344,0.623965,-0.012428,-0.002889,0.024186,0.078936,-0.058846,0.592978,-0.645343
1122,0.155421,0.013544,0.327296,-0.695541,0.014364,-0.718375,-0.373916,-0.860995,0.344742,-0.612705,0.508372,0.605127,-0.024844,-0.006572,0.047549,0.123659,-0.131311,0.802314,-0.595375,-0.169089,0.021597,0.326183,-0.518134,-0.305645,0.798817,0.777788,-0.556719,0.291624,0.356214,0.772783,0.525149,0.014017,0.00983,0.02415,0.232288,-0.456017,-0.500207,-0.338373,0.04267,0.06546,0.007835,0.569809,0.26972,0.776252,-0.744771,0.56873,0.349085,-0.347323,-0.777043,0.524947,0.006987,0.004809,0.011975,0.257438,-0.484307,-0.517648,-0.520205,0.081144,0.056525,-0.040108,0.698648,0.017256,-0.715256,0.297943,0.901884,0.312783,0.650476,-0.431631,0.624959,-0.005605,0.001912,0.019342,0.219517,0.026304,0.72716,-0.663469
1123,0.154837,0.01346,0.328933,-0.681942,0.037536,-0.730473,-0.390899,-0.862808,0.32052,-0.617383,0.504066,0.603972,-0.01128,0.00225,0.037137,0.111986,-0.093334,0.655767,-0.660386,-0.168833,0.021568,0.327375,-0.509653,-0.328987,0.794992,0.786278,-0.553074,0.275335,0.349728,0.765813,0.539523,0.001608,-0.00323,0.031532,0.229691,-0.42298,-0.526055,-0.35012,0.042798,0.065444,0.00843,0.561869,0.292766,0.773686,-0.754181,0.565559,0.333694,-0.339871,-0.770993,0.538569,0.000782,-0.001684,0.015702,0.302244,-0.506706,-0.578123,-0.531962,0.080847,0.056479,-0.039285,0.687108,-0.00754,-0.726515,0.314905,0.904233,0.288439,0.654764,-0.426972,0.623681,-0.012547,-0.004477,0.022689,0.123725,-0.099771,0.785884,-0.712293
1124,0.154243,0.013411,0.330344,-0.670147,0.056705,-0.740089,-0.40501,-0.863503,0.300502,-0.621201,0.50105,0.602566,-0.025233,-0.001035,0.034425,0.06703,0.001687,0.407277,-0.701704,-0.168612,0.02145,0.328609,-0.503684,-0.344605,0.792175,0.793033,-0.547975,0.265999,0.34304,0.762623,0.548264,0.001593,-0.002686,0.031886,-0.026917,-0.012281,-0.198944,-0.358823,0.042908,0.065383,0.009032,0.556021,0.310061,0.771168,-0.761775,0.561233,0.323595,-0.332472,-0.767384,0.548255,0.000785,-0.002044,0.015368,-0.069391,-0.055278,-0.029329,-0.542576,0.080555,0.05646,-0.038575,0.676929,-0.028142,-0.735509,0.32912,0.905379,0.268266,0.658366,-0.423668,0.62214,-0.005856,-0.000858,0.01684,0.10093,-0.081598,0.627823,-0.749523
1125,0.153939,0.013335,0.330979,-0.664807,0.05942,-0.744679,-0.406007,-0.865499,0.293328,-0.626267,0.497273,0.600446,-0.025582,-0.004459,0.031503,0.083634,-0.274993,0.372648,-0.732084,-0.16851,0.021344,0.329218,-0.500018,-0.352606,0.790975,0.797755,-0.542794,0.262478,0.337394,0.76268,0.551676,0.00161,-0.004497,0.030375,-1.326907,-0.535895,-0.966714,-0.36149,0.042959,0.065334,0.00934,0.553056,0.317057,0.770456,-0.765842,0.557582,0.320289,-0.328043,-0.767187,0.55119,0.007916,-0.007829,0.018699,-4.45135,-1.511154,-3.069843,-0.546005,0.080404,0.056427,-0.038254,0.672097,-0.031857,-0.739776,0.33006,0.907217,0.260797,0.66283,-0.419452,0.620253,-0.005988,-0.002153,0.015729,0.31561,-0.338404,0.027396,-0.767648
1126,0.153386,0.01298,0.332127,-0.656926,0.066073,-0.751085,-0.406431,-0.870068,0.278869,-0.634257,0.488373,0.599363,-0.026077,-0.009158,0.027528,-0.020558,-0.103753,0.307164,-0.812407,-0.168301,0.021068,0.330462,-0.493231,-0.366006,0.789148,0.80666,-0.531831,0.25766,0.325988,0.764109,0.556537,0.015801,-0.016611,0.036387,-0.006518,-0.179995,-0.093062,-0.363478,0.043057,0.065203,0.009949,0.546142,0.330455,0.769758,-0.776115,0.545403,0.316512,-0.315235,-0.770282,0.554338,0.000792,-0.003228,0.014358,0.110047,-0.281768,-0.208845,-0.550087,0.080127,0.05625,-0.037679,0.664727,-0.039236,-0.746055,0.330056,0.911303,0.246149,0.670224,-0.409862,0.618718,-0.00628,-0.004932,0.013382,-0.038525,-0.141367,0.324416,-0.818758
1127,0.152616,0.0126,0.333101,-0.65242,0.077064,-0.753959,-0.409475,-0.872961,0.265032,-0.636946,0.481539,0.602035,-0.012929,-0.013545,0.023667,0.004023,-0.077792,0.361575,-0.861138,-0.16808,0.020677,0.331634,-0.484163,-0.382147,0.787109,0.818371,-0.515909,0.253061,0.309958,0.76714,0.561503,0.001635,-0.007364,0.027955,-0.013824,-0.176174,-0.121011,-0.368067,0.043168,0.065008,0.010535,0.537444,0.347136,0.768537,-0.788423,0.530217,0.31186,-0.299234,-0.77354,0.558653,0.000805,-0.00433,0.013452,-0.324123,-0.354547,-0.455005,-0.553679,0.079747,0.056066,-0.037201,0.661377,-0.050523,-0.748349,0.332683,0.913975,0.232314,0.672236,-0.402611,0.621291,-0.013303,-0.00682,0.0119,0.002152,-0.057337,0.337997,-0.870031
1128,0.151813,0.012093,0.333838,-0.650129,0.073225,-0.756317,-0.395471,-0.882518,0.254432,-0.64803,0.46442,0.603655,-0.013504,-0.018486,0.019573,-0.038261,-0.149478,0.3155,-0.881657,-0.16779,0.020207,0.332711,-0.474464,-0.400495,0.783887,0.829882,-0.500299,0.246842,0.293896,0.768143,0.568722,0.001676,-0.010616,0.025331,-4.299964,-1.535636,-3.27775,-0.370744,0.043313,0.064777,0.011077,0.530332,0.363179,0.76606,-0.79764,0.519914,0.30571,-0.287258,-0.773168,0.565414,0.000825,-0.005703,0.012343,0.075557,-0.244077,-0.183422,-0.557272,0.079336,0.055809,-0.036822,0.658644,-0.0471,-0.750978,0.318136,0.921877,0.221202,0.681891,-0.384607,0.622173,-0.01363,-0.009655,0.009549,-0.066451,-0.053852,0.06649,-0.892892
1129,0.151391,0.011718,0.334171,-0.648769,0.070117,-0.757778,-0.38832,-0.886857,0.250328,-0.653687,0.456573,0.603541,-0.027401,-0.020492,0.018094,-0.057263,-0.141859,0.249416,-0.899573,-0.167627,0.019969,0.333182,-0.467908,-0.410137,0.782841,0.834976,-0.495244,0.239754,0.289934,0.76634,0.57317,0.014955,-0.011642,0.023398,0.242736,-0.545385,-0.352867,-0.372979,0.043401,0.064647,0.011335,0.522052,0.374383,0.766353,-0.806164,0.509979,0.300034,-0.278497,-0.77444,0.568049,0.007461,-0.005974,0.011569,0.19348,-0.489733,-0.311444,-0.559068,0.07913,0.055623,-0.036654,0.656952,-0.044076,-0.752642,0.31069,0.92541,0.216995,0.686939,-0.376394,0.621644,-0.006959,-0.010905,0.008428,-0.079745,-0.188229,0.260607,-0.905139
1130,0.150469,0.010906,0.3348,-0.642511,0.062714,-0.763735,-0.374009,-0.895539,0.241038,-0.668044,0.440431,0.599804,-0.02768,-0.022328,0.016579,-0.058575,-0.014402,0.061255,-0.919495,-0.167252,0.019441,0.334078,-0.454063,-0.432344,0.779036,0.847215,-0.479968,0.227579,0.276071,0.763877,0.583215,0.001739,-0.014799,0.022,0.088556,-0.269393,-0.200787,-0.373971,0.043588,0.064389,0.011775,0.508276,0.398669,0.763359,-0.819702,0.495775,0.286869,-0.264089,-0.771536,0.578781,0.007485,-0.007277,0.010534,0.111004,-0.316795,-0.221558,-0.561354,0.078668,0.055214,-0.036342,0.649935,-0.037477,-0.759064,0.295798,0.9325,0.207232,0.700061,-0.359217,0.617151,-0.01378,-0.010597,0.008777,-0.074753,-0.151849,0.235892,-0.926203
1131,0.149536,0.010085,0.335474,-0.629735,0.063672,-0.774225,-0.37194,-0.899685,0.228469,-0.681234,0.431757,0.591213,-0.027555,-0.02074,0.017903,-0.06419,-0.151213,0.24404,-0.922554,-0.166847,0.018981,0.334797,-0.44128,-0.453841,0.774139,0.856626,-0.469849,0.212997,0.267597,0.757698,0.595104,0.001778,-0.016952,0.020302,0.186513,-0.427569,-0.342579,-0.374928,0.04379,0.064159,0.012134,0.496197,0.419521,0.760124,-0.829991,0.486109,0.273516,-0.254758,-0.766615,0.589405,0.007027,-0.002099,0.006202,0.350639,-0.557686,-0.558975,-0.562824,0.078201,0.054797,-0.03601,0.637322,-0.039575,-0.769579,0.293394,0.935924,0.194843,0.712558,-0.349968,0.608096,-0.013789,-0.010385,0.008955,-0.069055,-0.145242,0.237133,-0.933715
1132,0.149058,0.009655,0.335828,-0.622507,0.064954,-0.779943,-0.37148,-0.901656,0.221337,-0.688094,0.427432,0.586391,-0.02777,-0.031841,0.026099,-0.099651,-0.136046,0.226759,-0.923248,-0.166645,0.018795,0.33509,-0.436837,-0.461166,0.772328,0.86043,-0.464444,0.209492,0.262622,0.756616,0.598686,0.014101,-0.004929,0.011846,0.054339,-0.170645,-0.0672,-0.375506,0.043886,0.06406,0.012282,0.491395,0.428467,0.758252,-0.834433,0.481025,0.268951,-0.249502,-0.764872,0.593901,0.007046,-0.002842,0.005618,0.033218,-0.136852,-0.082432,-0.563477,0.077962,0.054586,-0.035836,0.630255,-0.041668,-0.775268,0.292789,0.937586,0.187632,0.719063,-0.345246,0.603119,-0.013798,-0.010319,0.009011,-0.068258,-0.144569,0.238398,-0.935347
1133,0.148174,0.00877,0.336594,-0.605337,0.0789,-0.792078,-0.377963,-0.904228,0.198716,-0.699793,0.419563,0.578173,-0.013984,-0.021188,0.017399,0.096647,0.013472,0.613467,-0.922722,-0.166219,0.018493,0.335588,-0.425893,-0.472734,0.771446,0.868266,-0.453115,0.201828,0.254658,0.75636,0.602438,0.014113,-0.005573,0.011335,-0.023231,-0.036295,0.024359,-0.375119,0.044094,0.063909,0.012526,0.480814,0.440277,0.758269,-0.842976,0.470066,0.261589,-0.241265,-0.764979,0.597158,0.007049,-0.00286,0.0056,-0.054787,0.001571,0.050909,-0.563803,0.077516,0.05414,-0.03545,0.613892,-0.05636,-0.787374,0.299105,0.93968,0.165941,0.730528,-0.337378,0.59372,-0.013904,-0.015691,0.013268,0.172172,0.242932,0.669584,-0.93649
1134,0.147302,0.007917,0.337372,-0.595544,0.092437,-0.798015,-0.38339,-0.905632,0.181148,-0.705228,0.413713,0.57578,-0.014168,-0.031783,0.026057,0.129166,0.172496,0.680488,-0.924911,-0.165784,0.018316,0.335958,-0.416103,-0.479393,0.772679,0.875234,-0.441421,0.197608,0.246848,0.75909,0.602256,0.01414,-0.006936,0.010255,-0.0471,0.101339,-0.156701,-0.374146,0.044317,0.06382,0.012717,0.471432,0.446717,0.760391,-0.850426,0.458572,0.257849,-0.233509,-0.768215,0.596085,0.000427,-0.003596,0.005577,-0.03821,-0.002915,0.014498,-0.56315,0.07708,0.053717,-0.035064,0.605123,-0.070455,-0.793007,0.304467,0.940837,0.148742,0.735611,-0.331452,0.590774,-0.013787,-0.009756,0.009487,0.172738,0.308967,0.51974,-0.936654
1135,0.146418,0.007105,0.338108,-0.58929,0.103852,-0.801247,-0.387153,-0.906722,0.167149,-0.708422,0.40857,0.57553,-0.013984,-0.020552,0.017961,-0.035555,-0.107692,0.307938,-0.924249,-0.165314,0.018169,0.336245,-0.407471,-0.480502,0.77658,0.87973,-0.434515,0.192889,0.245244,0.762369,0.598758,0.014172,-0.008315,0.009166,-0.034443,-0.00471,0.011064,-0.373499,0.044552,0.063748,0.012861,0.462983,0.44785,0.764903,-0.855389,0.451903,0.253164,-0.232283,-0.771501,0.592309,0.006598,0.001637,0.00072,0.001714,-0.019115,0.034637,-0.562824,0.076632,0.053299,-0.034687,0.600812,-0.084596,-0.7949,0.308401,0.941932,0.132856,0.737504,-0.32497,0.592014,-0.007002,-0.010257,0.009011,-0.068657,-0.164817,0.276739,-0.93747
1136,0.145989,0.006702,0.338458,-0.589414,0.11056,-0.800258,-0.390625,-0.906085,0.162461,-0.706412,0.408215,0.578246,-0.027732,-0.020229,0.018361,-0.121699,0.078422,0.116981,-0.919584,-0.165064,0.018087,0.336375,-0.406985,-0.480446,0.77687,0.880035,-0.433924,0.192823,0.244953,0.762741,0.598404,0.014164,-0.007811,0.009562,-0.032586,-0.020081,0.035377,-0.372735,0.044677,0.063705,0.012924,0.462545,0.447793,0.7652,-0.855696,0.451346,0.253121,-0.232024,-0.771859,0.591943,0.00661,0.001071,0.000273,0.003039,-0.015418,0.030822,-0.562171,0.076428,0.053106,-0.034518,0.601476,-0.091151,-0.793673,0.311833,0.941448,0.128197,0.735517,-0.324601,0.594682,-0.007061,-0.010637,0.008699,-0.400648,0.431215,-0.339143,-0.936001
1137,0.145304,0.006063,0.338942,-0.590716,0.117375,-0.798325,-0.395846,-0.904275,0.159885,-0.70241,0.41031,0.581629,-0.027852,-0.011421,0.008218,-0.040054,0.181277,0.170623,-0.881406,-0.164531,0.017837,0.336602,-0.398848,-0.484509,0.778564,0.885964,-0.422467,0.191109,0.236805,0.766601,0.59675,0.014228,-0.010162,0.007709,-0.034436,-0.004795,0.011023,-0.371966,0.044943,0.063583,0.01304,0.454667,0.452002,0.767444,-0.862003,0.44013,0.251463,-0.224113,-0.775872,0.589741,0.00711,-0.005127,0.003807,-0.033527,-0.005547,0.012459,-0.561681,0.076086,0.052786,-0.034269,0.602888,-0.097018,-0.791904,0.317258,0.939879,0.126386,0.732033,-0.327435,0.597422,-0.007038,-0.005684,0.004082,-0.255943,0.63274,-0.19264,-0.923917
1138,0.144779,0.005745,0.339181,-0.588998,0.116844,-0.799671,-0.394945,-0.904893,0.158613,-0.704357,0.409098,0.580126,-0.013679,0.000869,0.000834,0.003393,-0.087594,0.140953,-0.836101,-0.164023,0.017503,0.336828,-0.396423,-0.486175,0.778765,0.886819,-0.422019,0.188112,0.237677,0.765794,0.597438,0.014268,-0.011204,0.006888,0.046541,-0.147393,-0.084779,-0.371545,0.045197,0.063416,0.013153,0.452451,0.453412,0.767922,-0.862934,0.439868,0.248715,-0.225014,-0.775198,0.590284,0.007133,-0.00576,0.00331,0.08898,-0.210713,-0.123511,-0.561027,0.075817,0.052617,-0.034152,0.601408,-0.096956,-0.793036,0.316376,0.940367,0.124958,0.73363,-0.326049,0.596219,-0.006961,-0.005072,0.004588,-0.03114,-0.078922,0.125759,-0.889953
1139,0.144532,0.005705,0.339242,-0.586553,0.118779,-0.801183,-0.396762,-0.904499,0.156311,-0.705378,0.40941,0.578664,-0.01363,0.001238,0.001138,-0.000984,0.014715,-0.029553,-0.826425,-0.163767,0.017322,0.336967,-0.391539,-0.487845,0.780189,0.889894,-0.416234,0.186473,0.234244,0.767898,0.596092,0.014256,-0.010442,0.00749,-0.033253,-0.006969,0.009573,-0.371203,0.045331,0.063319,0.013224,0.44754,0.455588,0.76951,-0.866354,0.434184,0.246805,-0.221668,-0.777124,0.589016,0.007124,-0.005238,0.00372,-0.042713,0.004507,0.018811,-0.561028,0.075689,0.052598,-0.034121,0.59902,-0.099225,-0.794561,0.318299,0.940032,0.122573,0.734752,-0.326332,0.594681,-0.006814,0.000672,0.000621,-0.000792,0.014001,-0.029251,-0.877542
1140,0.144124,0.005715,0.339319,-0.585209,0.120279,-0.801941,-0.39878,-0.903771,0.155388,-0.705358,0.410578,0.577861,-0.013647,0.001118,0.001034,0.003357,-0.087577,0.140965,-0.818288,-0.163272,0.016953,0.337282,-0.389387,-0.494781,0.776891,0.890956,-0.41606,0.181728,0.233787,0.763548,0.601831,0.014247,-0.009627,0.008134,0.153554,-0.335826,-0.210463,-0.371021,0.045578,0.063134,0.01338,0.445802,0.461605,0.766929,-0.867475,0.434115,0.24296,-0.220784,-0.773605,0.593961,0.007116,-0.004794,0.004072,0.237158,-0.448592,-0.276312,-0.560701,0.075485,0.052605,-0.03408,0.597808,-0.10086,-0.795268,0.320374,0.939443,0.121683,0.734836,-0.327527,0.59392,-0.006826,0.000552,0.000519,0.003578,-0.087815,0.141235,-0.865786
