frame,MLTx,MLTy,MLTz,MLTR1,MLTR2,MLTR3,MLTR4,MLTR5,MLTR6,MLTR7,MLTR8,MLTR9,MLTTVx,MLTTVy,MLTTVz,MLTRVx,MLTRVy,MLTRVz,MLGA,MRTx,MRTy,MRTz,MRTR1,MRTR2,MRTR3,MRTR4,MRTR5,MRTR6,MRTR7,MRTR8,MRTR9,MRTTVx,MRTTVy,MRTTVz,MRTRVx,MRTRVy,MRTRVz,MRGA,SLTx,SLTy,SLTz,SLTR1,SLTR2,SLTR3,SLTR4,SLTR5,SLTR6,SLTR7,SLTR8,SLTR9,SLTTVx,SLTTVy,SLTTVz,SLTRVx,SLTRVy,SLTRVz,SLGA,SRTx,SRTy,SRTz,SRTR1,SRTR2,SRTR3,SRTR4,SRTR5,SRTR6,SRTR7,SRTR8,SRTR9,SRTTVx,SRTTVy,SRTTVz,SRTRVx,SRTRVy,SRTRVz,SRGA
163,0.146768,-0.072005,0.298009,-0.460109,0.263781,-0.8478,-0.429955,-0.901598,-0.047242,-0.77627,0.342446,0.529304,-0.016637,0.000424,0.000255,-0.000977,0.014706,-0.029542,0.518575,-0.158481,-0.069938,0.283588,-0.664522,-0.417467,0.619777,0.704047,-0.627516,0.332381,0.250983,0.657745,0.710101,-0.0,3.6e-05,5.8e-05,0.0,-0.0,-0.0,0.536307,0.047523,0.019403,-0.014204,0.720335,0.381159,0.579512,-0.650285,0.661803,0.373022,-0.241342,-0.645549,0.724582,-0.0,-3.5e-05,-5.9e-05,0.000652,0.000794,-0.00025,-0.053684,0.075986,0.013516,-0.055389,0.46276,-0.258255,-0.848031,0.398716,0.915037,-0.061087,0.791756,-0.309855,0.526413,-0.000218,-0.000331,-0.000497,0.093301,-0.096943,0.139074,-0.038556
164,0.146697,-0.072052,0.297918,-0.46541,0.256727,-0.847071,-0.419253,-0.906761,-0.044529,-0.77895,0.334089,0.530706,-0.000253,-0.001687,-0.002529,0.126397,0.006644,-0.07919,0.52107,-0.158226,-0.069997,0.283595,-0.66397,-0.417656,0.620241,0.704543,-0.627088,0.332135,0.251047,0.658033,0.70981,1e-06,-0.000818,-0.001307,0.0,-0.0,-0.0,0.536406,0.047651,0.019375,-0.0142,0.719823,0.381363,0.580013,-0.650809,0.661412,0.3728,-0.241456,-0.645829,0.724295,0.008321,3.4e-05,-0.001092,0.00046,-0.001654,0.004007,0.256895,0.075941,0.013494,-0.055432,0.466611,-0.25193,-0.847823,0.387882,0.919764,-0.059832,0.794871,-0.300937,0.526892,-0.000209,-0.001074,-0.001608,0.427255,0.020353,-0.263982,0.005533
165,0.146634,-0.072118,0.297762,-0.46725,0.253657,-0.846984,-0.413632,-0.909354,-0.044213,-0.780848,0.329361,0.530872,-0.000454,-0.003015,-0.004527,-0.000853,0.012905,-0.025754,0.521468,-0.157802,-0.070145,0.283611,-0.664005,-0.417654,0.620204,0.704623,-0.626828,0.332455,0.25073,0.658282,0.709692,3e-06,-0.001108,-0.001773,0.0,-0.0,-0.0,0.535963,0.047863,0.019299,-0.014194,0.71986,0.381352,0.579975,-0.650876,0.661163,0.373126,-0.241166,-0.64609,0.724158,0.008324,-0.000166,-0.001426,0.002184,-0.015119,0.029397,0.528937,0.075914,0.013463,-0.055507,0.468337,-0.248768,-0.847805,0.382042,0.922223,-0.05956,0.796682,-0.296004,0.526951,-0.000229,-0.001432,-0.002149,-0.001244,0.01296,-0.025407,0.058439
166,0.14653,-0.072293,0.297461,-0.469566,0.251947,-0.846213,-0.413542,-0.909528,-0.041385,-0.779503,0.330193,0.532329,-0.001038,-0.006877,-0.010354,-0.000853,0.012907,-0.025754,0.520948,-0.157269,-0.07027,0.28353,-0.663834,-0.417717,0.620346,0.70483,-0.626559,0.332525,0.250602,0.658499,0.709536,0.016659,-0.00149,-0.004708,0.000255,-0.001822,0.003788,0.50761,0.048122,0.019239,-0.014229,0.719702,0.381418,0.580128,-0.651088,0.660909,0.373205,-0.241065,-0.646312,0.723994,0.008331,-0.000665,-0.002232,0.002126,-0.015145,0.029355,0.520446,0.075857,0.013383,-0.055646,0.470616,-0.246963,-0.847071,0.381986,0.922426,-0.05671,0.795366,-0.296881,0.528445,-0.000575,-0.008954,-0.001081,-0.035441,0.023884,-0.042198,0.108569
167,0.146558,-0.07243,0.297218,-0.471134,0.250929,-0.845644,-0.413858,-0.909475,-0.039359,-0.778388,0.331116,0.533388,-0.001274,-0.008435,-0.012725,-0.000853,0.012908,-0.025753,0.521169,-0.157172,-0.070297,0.283395,-0.663592,-0.415698,0.621958,0.704843,-0.625782,0.333957,0.251205,0.660511,0.70745,0.01667,-0.003162,-0.007397,-0.085572,0.19084,-0.113909,0.493754,0.048171,0.019228,-0.014293,0.719496,0.379493,0.581644,-0.651063,0.660092,0.374692,-0.241746,-0.648277,0.722008,1.1e-05,-0.002029,-0.003257,-0.097776,0.141938,0.047782,0.520283,0.07587,0.013312,-0.055771,0.472164,-0.245875,-0.846525,0.382318,0.922411,-0.054673,0.794288,-0.297827,0.529532,0.007607,-0.005026,-0.007384,0.006076,-0.079226,0.157682,0.13143
168,0.14678,-0.072696,0.296393,-0.466751,0.257681,-0.846044,-0.424858,-0.904311,-0.041101,-0.775103,0.339938,0.53262,0.014717,-0.003136,-0.029283,0.034826,-0.00128,-0.003237,0.505204,-0.157277,-0.070341,0.282852,-0.677708,-0.387669,0.624833,0.681789,-0.649368,0.336777,0.276026,0.654722,0.703571,-0.017648,0.001894,-0.020503,-0.20434,0.359872,0.130241,0.46474,0.048125,0.019206,-0.014565,0.732153,0.351611,0.58337,-0.626928,0.682702,0.375337,-0.266295,-0.640535,0.720277,-0.008813,0.000812,-0.010466,-0.313353,0.464241,0.170629,0.520283,0.075976,0.013178,-0.056176,0.467996,-0.252804,-0.846799,0.393527,0.917578,-0.056446,0.791275,-0.306822,0.528908,0.00733,-0.006991,-0.010416,-0.000911,0.011075,-0.021887,0.167844
169,0.147202,-0.072834,0.294995,-0.446834,0.285689,-0.8478,-0.471498,-0.880529,-0.048277,-0.759755,0.377804,0.52921,0.014057,-0.007717,-0.036486,0.00505,-0.428434,0.833676,0.481304,-0.157659,-0.070339,0.28203,-0.699054,-0.340443,0.628818,0.641337,-0.687224,0.34109,0.316881,0.642148,0.697922,-0.000991,0.001151,-0.024111,-0.149762,0.268807,0.114018,0.421915,0.047934,0.019206,-0.01497,0.751339,0.302862,0.586313,-0.584254,0.718362,0.377627,-0.306817,-0.626282,0.716682,-0.008814,0.000155,-0.011565,-0.245948,0.376532,0.159928,0.488768,0.076186,0.013112,-0.056871,0.449688,-0.280963,-0.847844,0.440591,0.895489,-0.063067,0.776955,-0.345192,0.526481,0.007089,0.001351,-0.022798,-0.035519,-1.549077,3.047152,0.173069
170,0.147401,-0.072805,0.294104,-0.433046,0.301791,-0.849375,-0.496436,-0.866327,-0.054773,-0.751835,0.397561,0.526038,-0.002644,0.003087,-0.045546,-1.339561,-0.07669,0.832395,0.468678,-0.158,-0.070266,0.281433,-0.704852,-0.323559,0.631256,0.628217,-0.697834,0.343956,0.330093,0.639405,0.694307,-0.017677,-0.001765,-0.026567,-0.086415,0.195519,0.034033,0.392243,0.047776,0.019241,-0.015252,0.756431,0.285157,0.588639,-0.570353,0.728101,0.380216,-0.320167,-0.62334,0.713399,-0.008816,-0.000838,-0.0132,-0.130623,0.268092,0.081668,0.452844,0.076292,0.01312,-0.057317,0.436107,-0.297477,-0.849303,0.464875,0.88257,-0.070421,0.770519,-0.364109,0.523185,0.006962,0.000926,-0.023489,-4.626522,-0.317061,2.912488,0.174049
171,0.147649,-0.072302,0.291938,-0.424255,0.311175,-0.850425,-0.508944,-0.858664,-0.060354,-0.748489,0.406821,0.523724,-0.002454,0.025227,-0.062092,0.140013,-0.010627,-0.002553,0.452381,-0.158863,-0.070011,0.279981,-0.704915,-0.310021,0.637944,0.625455,-0.695688,0.353211,0.335178,0.648374,0.68347,-0.018725,0.006178,-0.039929,-0.185956,0.295108,0.34643,0.297854,0.047331,0.019371,-0.016002,0.756106,0.271876,0.595303,-0.56731,0.725792,0.38908,-0.326285,-0.631907,0.703014,-0.00934,0.002906,-0.020247,-0.216139,0.325032,0.359292,0.349971,0.076415,0.013357,-0.058403,0.427226,-0.307888,-0.850107,0.479175,0.874432,-0.075886,0.766726,-0.374929,0.521113,-0.00117,0.007543,-0.026264,0.106865,-0.010844,0.003027,0.173885
172,0.147774,-0.071047,0.289537,-0.432474,0.309515,-0.846883,-0.515904,-0.855217,-0.049169,-0.738957,0.415257,0.530596,0.014854,0.039221,-0.065534,0.166728,-0.039802,0.05512,0.468365,-0.159963,-0.069323,0.277999,-0.708514,-0.290926,0.642932,0.618871,-0.693779,0.368244,0.339797,0.659158,0.670755,-0.020756,0.026785,-0.0589,-0.166064,0.357402,0.40091,0.210771,0.046788,0.019702,-0.016976,0.758919,0.252823,0.600102,-0.560162,0.723387,0.403645,-0.332055,-0.642488,0.690614,-0.018703,0.013098,-0.02876,-0.271353,0.485204,0.461938,0.216889,0.07647,0.013974,-0.059609,0.435603,-0.305784,-0.846607,0.48632,0.871395,-0.064512,0.757457,-0.383621,0.528291,-0.000837,0.020196,-0.03204,0.148371,-0.00508,-0.003768,0.201808
173,0.1479,-0.068955,0.286834,-0.442357,0.307579,-0.842473,-0.522538,-0.85181,-0.036682,-0.728366,0.42361,0.538576,-0.001054,0.066161,-0.074939,-1.07119,1.341096,-1.866239,0.490393,-0.16103,-0.068009,0.275581,-0.716442,-0.263571,0.645936,0.607091,-0.691529,0.39136,0.344418,0.672853,0.654605,-0.021742,0.03885,-0.06569,-0.34673,0.620099,0.620807,0.197448,0.046247,0.020367,-0.018211,0.765677,0.225466,0.602414,-0.547168,0.720664,0.425734,-0.338149,-0.655597,0.675164,-0.010841,0.0194,-0.032861,-0.446413,0.715678,0.660194,0.143408,0.076538,0.015008,-0.06096,0.443294,-0.304686,-0.843004,0.493056,0.868285,-0.054549,0.748588,-0.391467,0.535133,-0.000482,0.027813,-0.032962,0.221135,-0.058156,0.070464,0.253245
174,0.147985,-0.067674,0.285436,-0.44402,0.308556,-0.84124,-0.525777,-0.849915,-0.034287,-0.725016,0.426692,0.54066,-0.00077,0.068149,-0.071932,0.237704,-0.064821,0.087571,0.499458,-0.161621,-0.067227,0.274202,-0.71964,-0.252614,0.646757,0.604099,-0.686808,0.404095,0.343007,0.681819,0.646012,-0.038461,0.036377,-0.067738,-0.264573,0.515243,0.522763,0.199766,0.045966,0.020746,-0.018871,0.768264,0.214071,0.603277,-0.543773,0.715506,0.43859,-0.337759,-0.664999,0.666104,-0.01969,0.023158,-0.03884,-0.37389,0.689833,0.606236,0.133774,0.076581,0.015648,-0.06166,0.447187,-0.304345,-0.841068,0.496489,0.866623,-0.049615,0.74399,-0.395394,0.538647,0.008001,0.033784,-0.036208,0.22618,-0.15285,0.262862,0.278718
175,0.148242,-0.06482,0.282597,-0.448676,0.30559,-0.839851,-0.527416,-0.849153,-0.027275,-0.720945,0.430329,0.543215,0.016226,0.080817,-0.077453,-0.105014,0.225703,-0.265355,0.512301,-0.163094,-0.065617,0.271163,-0.726758,-0.21477,0.652447,0.589515,-0.682339,0.432225,0.35326,0.699012,0.621652,-0.03949,0.043895,-0.082405,-0.375942,0.610055,0.812741,0.20989,0.045229,0.021551,-0.02038,0.773666,0.176453,0.608525,-0.528035,0.710373,0.465346,-0.350168,-0.681346,0.642765,-0.01971,0.021618,-0.041717,-0.390353,0.675396,0.86574,0.132141,0.076703,0.017073,-0.063074,0.451148,-0.30131,-0.840045,0.498089,0.866051,-0.043137,0.74052,-0.398957,0.540797,-9.6e-05,0.035736,-0.033461,-1.051715,1.348706,-1.817971,0.325582
176,0.148732,-0.06181,0.279786,-0.452123,0.299694,-0.840128,-0.534396,-0.845102,-0.013941,-0.713616,0.44228,0.543293,0.016274,0.071295,-0.06704,0.165378,-0.349242,0.142215,0.514369,-0.164878,-0.064049,0.26785,-0.73163,-0.184704,0.656196,0.584689,-0.664737,0.46497,0.351221,0.724079,0.593478,-0.055351,0.028971,-0.079341,-1.656679,0.041954,-0.130485,0.226573,0.044322,0.022353,-0.022066,0.777467,0.14535,0.611896,-0.521518,0.692779,0.498071,-0.351515,-0.706349,0.614415,-0.027618,0.014271,-0.039978,-1.776954,0.128311,-0.094206,0.145367,0.076949,0.018584,-0.064479,0.455219,-0.295209,-0.840015,0.505352,0.862418,-0.029223,0.733071,-0.411201,0.541773,-1.2e-05,0.041743,-0.036924,0.094621,-0.241799,-0.179643,0.353015
177,0.149052,-0.060335,0.278417,-0.456361,0.29514,-0.839447,-0.547722,-0.836636,0.003551,-0.700703,0.461033,0.54451,0.016319,0.071967,-0.066086,-0.276293,-0.239363,-0.541223,0.514101,-0.165935,-0.063299,0.266142,-0.735345,-0.17322,0.655174,0.583209,-0.653919,0.481861,0.345873,0.736646,0.581023,-0.056342,0.039591,-0.088763,-0.496649,0.726662,0.825905,0.229913,0.043794,0.022726,-0.022923,0.780483,0.133824,0.610685,-0.519853,0.681525,0.515048,-0.347272,-0.719453,0.601488,-0.028127,0.019646,-0.044599,-0.574083,0.795951,0.85647,0.150756,0.077108,0.019321,-0.065163,0.45915,-0.291723,-0.839093,0.519188,0.85456,-0.013002,0.720849,-0.429678,0.54383,0.00819,0.035712,-0.033491,-1.285598,0.648975,-2.262769,0.363466
178,0.14964,-0.057804,0.276076,-0.472997,0.291751,-0.831384,-0.585025,-0.809535,0.04869,-0.658248,0.509044,0.554627,-0.000169,0.062655,-0.055566,-0.041736,-0.269773,-0.232729,0.518205,-0.168393,-0.061988,0.262728,-0.745912,-0.149231,0.649104,0.575435,-0.634902,0.515468,0.336117,0.758187,0.558605,-0.072296,0.026844,-0.082408,-0.294974,0.45665,0.601,0.23458,0.042592,0.02337,-0.024602,0.789379,0.10856,0.60423,-0.510991,0.661688,0.548685,-0.340247,-0.741877,0.577797,-0.028197,0.019009,-0.046222,-0.349669,0.644217,0.536258,0.156798,0.077409,0.020591,-0.066337,0.475762,-0.286613,-0.831566,0.557795,0.82931,0.033294,0.680084,-0.479684,0.554425,0.00816,0.030662,-0.028668,-0.443641,-0.27077,-0.210992,0.383387
179,0.14995,-0.055539,0.274133,-0.510994,0.289514,-0.80939,-0.619283,-0.776978,0.112988,-0.595537,0.558614,0.577333,2.7e-05,0.053534,-0.044292,-1.609145,1.987355,-2.756715,0.519571,-0.171111,-0.060941,0.259503,-0.760588,-0.144045,0.633047,0.573162,-0.606687,0.550772,0.305669,0.781917,0.543171,-0.055716,0.028249,-0.083195,-1.34284,-0.580249,-0.132493,0.226172,0.041206,0.023901,-0.026249,0.803046,0.102335,0.587063,-0.507425,0.633984,0.583594,-0.312467,-0.766544,0.561046,-0.027802,0.014122,-0.041528,-1.380442,-0.559018,-0.14456,0.151899,0.077564,0.021726,-0.067314,0.510786,-0.283347,-0.811671,0.593921,0.79891,0.094863,0.621574,-0.530523,0.576358,0.000123,0.027273,-0.021344,-1.626832,0.849902,-0.357217,0.402492
180,0.149943,-0.054566,0.27339,-0.536486,0.291867,-0.79186,-0.632683,-0.760033,0.14844,-0.557854,0.580266,0.593395,0.000212,0.044155,-0.033343,-4.66541,1.74576,1.660244,0.519698,-0.172553,-0.060472,0.257985,-0.768729,-0.145256,0.622854,0.570906,-0.594541,0.566146,0.28903,0.790973,0.539153,-0.071582,0.018721,-0.070707,-0.34836,0.267375,0.435477,0.222603,0.040538,0.024118,-0.026961,0.810311,0.104131,0.576672,-0.505474,0.622065,0.597938,-0.296463,-0.77601,0.556702,-0.036161,0.014925,-0.039335,-1.309447,-0.583263,-0.125755,0.144714,0.07756,0.022215,-0.067692,0.53965,-0.281123,-0.793565,0.603839,0.786072,0.132161,0.586647,-0.550507,0.593957,0.000164,0.022184,-0.016515,-1.134506,2.10561,-3.183308,0.409677
181,0.14967,-0.05316,0.272377,-0.60737,0.291837,-0.738904,-0.632804,-0.740025,0.227805,-0.479576,0.605576,0.635069,7.9e-05,0.02185,-0.017052,-0.188522,1.070009,-1.578414,0.519707,-0.17531,-0.059684,0.255462,-0.787159,-0.158319,0.596076,0.564162,-0.574987,0.592491,0.249912,0.802853,0.541141,-0.071525,0.022874,-0.064192,-0.433024,-0.788184,0.912665,0.225604,0.039133,0.024515,-0.028257,0.827457,0.115341,0.549554,-0.498316,0.601946,0.623971,-0.258832,-0.790162,0.555561,-0.035273,0.006319,-0.027127,-1.452822,-2.50237,1.656335,0.140305,0.077424,0.02293,-0.0682,0.609513,-0.281413,-0.741147,0.610023,0.763565,0.211753,0.506324,-0.581183,0.637072,-0.008102,0.016854,-0.012227,-0.68513,1.518827,-1.813787,0.42225
182,0.149278,-0.052452,0.271824,-0.682133,0.281055,-0.675091,-0.60324,-0.738081,0.302175,-0.412501,0.613013,0.673858,-0.016391,0.011304,-0.008294,-1.135172,1.532437,-0.602013,0.520022,-0.178,-0.059044,0.253462,-0.797638,-0.17453,0.577325,0.560615,-0.567175,0.603288,0.223146,0.805068,0.549485,-0.070485,0.017194,-0.046839,0.121529,-0.149412,0.226428,0.231729,0.037788,0.024835,-0.029268,0.838143,0.131101,0.529459,-0.494075,0.593735,0.635112,-0.231095,-0.793908,0.562409,-0.034804,0.002965,-0.019399,0.097133,-0.133305,0.170974,0.141612,0.077235,0.023288,-0.068479,0.684883,-0.266204,-0.678284,0.580093,0.76251,0.286477,0.440938,-0.589671,0.676654,3.1e-05,0.005164,-0.004701,-3.753543,2.669262,2.032245,0.432538
183,0.148936,-0.052246,0.271716,-0.73893,0.271184,-0.616837,-0.569026,-0.741433,0.355609,-0.359994,0.613426,0.702951,0.00016,0.001087,0.001733,-0.069626,0.92573,-1.475971,0.521741,-0.180641,-0.058656,0.252066,-0.799097,-0.183991,0.572348,0.562594,-0.564081,0.604346,0.212651,0.805148,0.553515,-0.069518,0.009941,-0.032104,-0.875536,-1.037897,-0.879226,0.237419,0.036442,0.025036,-0.029982,0.839924,0.140334,0.524245,-0.49584,0.591113,0.636181,-0.220611,-0.794286,0.566074,-0.034728,0.005173,-0.015618,-0.895939,-1.046723,-0.889677,0.146347,0.077064,0.023391,-0.068542,0.740405,-0.255298,-0.621789,0.548473,0.764222,0.339323,0.388557,-0.592272,0.705859,2.3e-05,0.000136,0.000219,-0.356692,1.203326,-1.349312,0.443315
184,0.148789,-0.052334,0.271807,-0.75157,0.281081,-0.59681,-0.567818,-0.736167,0.368257,-0.334911,0.615297,0.713632,-6.1e-05,-0.011002,0.008409,-1.025722,1.41091,-0.139994,0.521883,-0.181934,-0.058532,0.251607,-0.801376,-0.186925,0.568195,0.560434,-0.566214,0.604359,0.209749,0.802976,0.557761,-0.06934,0.012607,-0.027419,0.132202,-0.008133,-0.182354,0.244502,0.035795,0.025098,-0.030212,0.842069,0.143624,0.519895,-0.493816,0.592984,0.636014,-0.216942,-0.792301,0.570258,-0.034628,0.006553,-0.013195,0.12426,-0.00281,-0.189622,0.150919,0.076991,0.023355,-0.068495,0.755425,-0.260154,-0.601375,0.542912,0.762371,0.352186,0.366849,-0.592544,0.717155,-2.8e-05,-0.005476,0.00425,0.274823,0.247647,-0.773562,0.448867
185,0.148584,-0.052719,0.272025,-0.750408,0.304819,-0.586531,-0.581733,-0.72589,0.366936,-0.312979,0.616174,0.722773,-0.000348,-0.012913,0.005356,0.340117,-0.027113,-0.118504,0.521418,-0.184418,-0.058422,0.251128,-0.805873,-0.190866,0.560473,0.556229,-0.568027,0.606538,0.2036,0.800771,0.563184,-0.050716,-0.004623,-0.0037,0.024992,0.010425,-0.109557,0.265118,0.034573,0.025154,-0.030451,0.84633,0.147613,0.511795,-0.48945,0.594591,0.637886,-0.210148,-0.790361,0.57547,-0.034114,0.003011,-0.005543,0.036756,0.040848,-0.150234,0.171494,0.076883,0.02317,-0.068382,0.755808,-0.287574,-0.588263,0.560013,0.749451,0.35314,0.33932,-0.596342,0.727487,-0.008335,-0.005795,0.003542,0.112285,0.401264,-0.491551,0.456215
186,0.148435,-0.053277,0.2723,-0.712631,0.348723,-0.608765,-0.628206,-0.703487,0.332319,-0.31149,0.618814,0.721159,-0.000284,-0.012466,0.006065,0.185759,-0.951061,2.746014,0.521741,-0.186868,-0.058705,0.251118,-0.812197,-0.194943,0.549839,0.550178,-0.568929,0.611194,0.194684,0.799151,0.568611,-0.067522,-0.004148,-0.001574,-0.092948,-0.446949,0.496542,0.264419,0.033354,0.025017,-0.030449,0.85176,0.151455,0.501562,-0.483748,0.595008,0.641835,-0.201224,-0.78932,0.580071,-0.033384,-0.007379,0.003853,-0.350525,-1.644158,1.995549,0.181945,0.076808,0.02288,-0.068244,0.719064,-0.33258,-0.610194,0.60653,0.728936,0.317447,0.339216,-0.598366,0.725871,-0.000144,-0.006242,0.003016,0.136796,-0.931343,2.718098,0.464053
187,0.148329,-0.05362,0.27249,-0.676444,0.381131,-0.630244,-0.667106,-0.679694,0.30489,-0.311334,0.626204,0.714819,-0.000363,-0.012981,0.005239,-0.697524,0.117664,1.623158,0.521194,-0.188146,-0.058981,0.251265,-0.81539,-0.195828,0.544777,0.546975,-0.568367,0.614582,0.190298,0.799336,0.569834,-0.066805,-0.01444,0.008003,-0.337025,-1.639184,1.978819,0.260171,0.032715,0.024883,-0.030378,0.853685,0.152034,0.498102,-0.481692,0.594088,0.644229,-0.197972,-0.789901,0.580398,-0.033364,-0.006836,0.004762,-0.046963,0.081501,-0.143146,0.179822,0.076756,0.022723,-0.068155,0.68688,-0.36298,-0.629634,0.64171,0.709608,0.29097,0.341178,-0.603904,0.720344,-0.008355,-0.005796,0.003536,0.047966,-0.292987,0.775797,0.468298
188,0.148344,-0.054423,0.272825,-0.584945,0.437627,-0.682911,-0.742253,-0.62825,0.233098,-0.326307,0.642695,0.693176,0.015727,-0.026549,0.009919,-3.361634,0.548111,4.973286,0.520289,-0.190697,-0.059633,0.25186,-0.821562,-0.216876,0.52725,0.545861,-0.565576,0.618138,0.165166,0.795903,0.582342,-0.065885,-0.022093,0.022294,0.284184,-0.650098,-0.347341,0.247901,0.031439,0.024558,-0.03009,0.861653,0.170446,0.478018,-0.477684,0.590472,0.650507,-0.17138,-0.788854,0.590201,-0.033243,-0.005204,0.00761,-0.254,-0.503068,-0.30858,0.168555,0.076757,0.022319,-0.067982,0.596276,-0.423675,-0.681875,0.718623,0.660298,0.218142,0.35782,-0.620084,0.698183,-0.000299,-0.007167,0.001538,1.273264,-2.246324,2.647957,0.474503
189,0.148427,-0.0551,0.273148,-0.483456,0.465133,-0.741597,-0.786112,-0.603367,0.13397,-0.384548,0.647167,0.658275,-0.000144,-0.011525,0.007554,0.832425,-0.883368,2.453551,0.49011,-0.193003,-0.06026,0.252772,-0.819733,-0.259149,0.510755,0.559702,-0.55094,0.618977,0.122012,0.79358,0.595993,-0.048719,-0.018348,0.027579,0.209452,-0.265856,-0.315406,0.214503,0.03028,0.024242,-0.029637,0.860821,0.214561,0.461463,-0.492861,0.577387,0.65093,-0.126779,-0.787773,0.602777,-0.024672,-0.003566,0.009818,0.384072,-0.478644,-0.193955,0.139489,0.076804,0.021969,-0.067828,0.493782,-0.456637,-0.740041,0.765897,0.63139,0.12144,0.411801,-0.62676,0.661506,-0.008286,-0.005282,0.004348,1.435186,-2.616472,3.320867,0.457195
190,0.148077,-0.055049,0.273475,-0.456134,0.482497,-0.747786,-0.794667,-0.599037,0.09814,-0.400039,0.638403,0.6576,-0.015556,0.006626,0.010188,1.356505,-0.770856,0.808445,0.48013,-0.194706,-0.060779,0.253806,-0.805982,-0.306365,0.506483,0.585512,-0.537335,0.606943,0.087212,0.78611,0.611791,-0.031691,-0.016402,0.029705,0.421111,-0.605968,-0.265422,0.201611,0.029422,0.023984,-0.029117,0.849406,0.261636,0.458318,-0.519814,0.564724,0.640998,-0.091115,-0.782709,0.615682,-0.016134,-0.002463,0.011116,0.472559,-0.584177,-0.470307,0.102095,0.076634,0.021982,-0.067675,0.466365,-0.47765,-0.744548,0.775265,0.626025,0.083991,0.425988,-0.616394,0.662262,-0.007758,0.003502,0.005445,3.948809,-0.577315,-2.316541,0.433191
191,0.147793,-0.054821,0.273695,-0.466287,0.489262,-0.737051,-0.791848,-0.60227,0.10109,-0.393872,0.630159,0.669173,-0.015194,0.008932,0.013837,-0.136292,0.1626,1.238891,0.483251,-0.195329,-0.061031,0.254316,-0.799422,-0.322164,0.507076,0.595297,-0.537353,0.597333,0.081039,0.779775,0.620683,-0.031746,-0.01676,0.028961,0.46038,-0.558792,-0.471575,0.202879,0.029111,0.02386,-0.028858,0.843803,0.277738,0.459191,-0.530019,0.565411,0.631972,-0.084109,-0.776641,0.624302,-0.016176,-0.002765,0.010512,0.542816,-0.753013,-0.340416,0.096544,0.076491,0.022096,-0.067565,0.477094,-0.482018,-0.734873,0.771304,0.630463,0.087213,0.421273,-0.608419,0.672573,-0.007495,0.010393,0.003397,-0.987123,1.648212,0.045661,0.431395
192,0.146918,-0.054227,0.274461,-0.509477,0.49399,-0.704594,-0.782635,-0.606341,0.140727,-0.35708,0.62252,0.696412,-0.046794,0.018045,0.027282,-1.415511,2.040121,-1.785546,0.514805,-0.1962,-0.061507,0.255292,-0.790462,-0.351498,0.501607,0.608562,-0.542292,0.579229,0.069408,0.763548,0.641904,-0.014925,-0.016671,0.027831,0.629027,-0.760633,-0.565506,0.219239,0.028664,0.023617,-0.028356,0.836079,0.307501,0.454328,-0.544074,0.571006,0.614763,-0.070384,-0.761179,0.64471,-0.00748,-0.008326,0.013955,0.583222,-0.738852,-0.556601,0.104382,0.076048,0.022393,-0.067183,0.51952,-0.485994,-0.702785,0.762903,0.634241,0.125367,0.384808,-0.601288,0.700268,-0.02336,0.009352,0.014174,-1.389672,2.021028,-1.75602,0.458174
193,0.145492,-0.053623,0.275643,-0.551202,0.487746,-0.676997,-0.766057,-0.617366,0.178851,-0.330042,0.616593,0.714781,-0.030136,0.018143,0.027538,-0.028461,0.59327,-1.011273,0.519963,-0.196479,-0.062036,0.256192,-0.778879,-0.384462,0.495508,0.624752,-0.54347,0.56059,0.054742,0.746673,0.662832,0.001821,-0.01721,0.025627,0.357148,-0.556676,-0.149524,0.236971,0.028524,0.02336,-0.027915,0.825386,0.342629,0.448711,-0.562046,0.573722,0.595774,-0.053306,-0.74394,0.666116,0.000888,-0.008678,0.012694,0.420116,-0.543285,-0.376727,0.123323,0.075348,0.022696,-0.06659,0.560721,-0.4782,-0.675955,0.746747,0.644743,0.163325,0.357715,-0.596347,0.718616,-0.023278,0.009452,0.014155,-0.026736,0.612337,-1.06254,0.483158
194,0.144812,-0.053422,0.276227,-0.56573,0.482746,-0.668544,-0.756627,-0.626211,0.188009,-0.327192,0.611598,0.720361,-0.030409,0.016092,0.024181,-0.024313,0.506237,-0.865155,0.520126,-0.196371,-0.06231,0.256649,-0.772907,-0.398726,0.493582,0.632203,-0.548802,0.546873,0.053792,0.735218,0.675592,0.001874,-0.016801,0.02635,0.606275,-0.759829,-0.370297,0.254306,0.028577,0.023222,-0.027688,0.820438,0.355847,0.447497,-0.569423,0.57889,0.583646,-0.051363,-0.733661,0.677571,0.009043,-0.002863,0.008467,0.741916,-0.75406,-0.531772,0.139326,0.075008,0.022802,-0.066289,0.57517,-0.472533,-0.66775,0.737056,0.653459,0.172446,0.354862,-0.591356,0.724134,-0.015272,0.002597,0.016393,-0.066793,0.610357,-1.034776,0.488056
195,0.143899,-0.053378,0.277166,-0.582923,0.475039,-0.65923,-0.743696,-0.63873,0.197264,-0.326644,0.604662,0.726439,-0.015348,-0.003241,0.019943,0.355248,-0.304729,0.139928,0.52056,-0.195792,-0.062878,0.257499,-0.764959,-0.424463,0.484418,0.642096,-0.559972,0.523525,0.049999,0.712042,0.700256,0.018653,-0.017175,0.024444,0.382722,-0.584212,-0.127187,0.280589,0.028861,0.022938,-0.027261,0.812773,0.383622,0.438444,-0.580872,0.591206,0.559519,-0.044567,-0.709442,0.703352,0.009305,-0.008649,0.012108,0.445346,-0.766083,-0.003768,0.179495,0.074548,0.02284,-0.065804,0.59314,-0.463942,-0.657982,0.723373,0.66588,0.182576,0.353433,-0.58426,0.730564,-0.00773,-0.001872,0.009599,1.281444,-1.413956,1.141045,0.493118
196,0.143507,-0.053708,0.277712,-0.582349,0.472436,-0.661604,-0.741463,-0.642354,0.193871,-0.332675,0.602865,0.725196,-2.6e-05,-0.010351,0.009392,0.000365,-0.033181,0.027514,0.520075,-0.194888,-0.063547,0.258438,-0.75616,-0.450142,0.474958,0.65248,-0.572481,0.496458,0.049372,0.685861,0.725962,0.018687,-0.016941,0.024783,0.409119,-0.685067,0.042566,0.297551,0.029299,0.022614,-0.026804,0.804586,0.409496,0.430061,-0.59239,0.60397,0.533192,-0.041404,-0.683763,0.728527,0.009315,-0.008569,0.012203,0.6155,-0.885482,-0.092855,0.203989,0.074346,0.022679,-0.065525,0.592126,-0.46132,-0.660733,0.720985,0.669521,0.178666,0.359953,-0.582172,0.729046,-0.008224,-0.004922,0.004837,0.089061,-0.135804,0.110238,0.496221
197,0.143468,-0.054168,0.277933,-0.575268,0.472391,-0.667801,-0.743694,-0.641972,0.186445,-0.339925,0.603306,0.721456,0.015803,-0.014424,0.003584,-0.035195,0.013794,-0.013122,0.519804,-0.193707,-0.06431,0.259545,-0.746953,-0.475213,0.465,0.662761,-0.586576,0.465414,0.052519,0.656418,0.752476,0.035666,-0.01577,0.025551,0.728909,-1.086909,0.049401,0.326361,0.029884,0.022231,-0.026252,0.796595,0.433247,0.421582,-0.603063,0.617802,0.504614,-0.041832,-0.656214,0.753413,0.009416,-0.00776,0.013613,0.610731,-0.891646,0.08028,0.235341,0.07432,0.022447,-0.065419,0.585004,-0.461583,-0.666865,0.723148,0.669132,0.171225,0.367187,-0.58241,0.725239,-0.000177,-0.001044,-0.001622,-0.004081,0.005672,-0.005624,0.498507
198,0.143509,-0.054341,0.277971,-0.571338,0.472472,-0.67111,-0.74492,-0.641742,0.182299,-0.343844,0.603488,0.719444,-0.000269,-0.00165,-0.002566,2.6e-05,-3.4e-05,3.3e-05,0.519475,-0.193094,-0.06471,0.260135,-0.744999,-0.484155,0.458871,0.664882,-0.593267,0.453761,0.053473,0.64375,0.763275,0.019511,-0.02633,0.035902,0.432171,-0.770718,0.17697,0.338171,0.030196,0.02203,-0.025959,0.794197,0.44399,0.414876,-0.606268,0.625118,0.491594,-0.041083,-0.641949,0.765645,0.018123,-0.013441,0.016807,0.775799,-0.852483,-0.082089,0.253792,0.074346,0.022356,-0.065406,0.581046,-0.461838,-0.670142,0.724341,0.668894,0.167061,0.371099,-0.582482,0.723186,-0.000202,-0.001216,-0.001889,-0.005018,0.020477,-0.03067,0.50014
199,0.143764,-0.054529,0.277897,-0.573277,0.469394,-0.671616,-0.741728,-0.645552,0.181866,-0.347489,0.60183,0.719082,0.016014,-0.003013,-0.004175,0.001228,-0.01478,0.029293,0.519695,-0.191989,-0.065426,0.261409,-0.739836,-0.500772,0.449289,0.670748,-0.599679,0.436368,0.051831,0.624826,0.778954,0.001886,-0.000256,0.027687,0.05915,-0.105794,-0.026432,0.339862,0.030768,0.021651,-0.025319,0.789039,0.462405,0.404472,-0.613249,0.632111,0.473668,-0.036645,-0.621785,0.78233,0.009365,7.2e-05,0.013536,-0.043226,-0.164121,0.201669,0.271591,0.074467,0.022256,-0.065442,0.582985,-0.458669,-0.670633,0.720971,0.672609,0.166723,0.374604,-0.580705,0.722809,0.007974,-0.001692,-0.002378,0.0059,-0.100573,0.175352,0.501936
200,0.144174,-0.054593,0.27779,-0.569946,0.470466,-0.673697,-0.743707,-0.643966,0.179391,-0.348738,0.602689,0.717757,-9.6e-05,-0.000595,-0.000926,0.004809,-0.100434,0.171605,0.519454,-0.191791,-0.065127,0.262881,-0.720795,-0.52069,0.457523,0.691892,-0.578576,0.431821,0.040766,0.628461,0.776684,0.019448,0.006546,0.038253,-0.256665,-0.261939,-0.300236,0.347681,0.030859,0.021799,-0.024606,0.772552,0.481219,0.414233,-0.634378,0.612655,0.471398,-0.026936,-0.626961,0.778584,0.009621,0.003664,0.019678,-2.566954,-2.434736,-4.189004,0.277143,0.074677,0.02222,-0.065501,0.579777,-0.459848,-0.672604,0.722919,0.671106,0.164325,0.375825,-0.581511,0.721525,0.008123,-0.000808,-0.001016,0.00102,-0.014712,0.029563,0.503896
201,0.144369,-0.054593,0.277758,-0.568634,0.470886,-0.674512,-0.744467,-0.643367,0.178386,-0.349258,0.603,0.717243,-6e-06,-4e-05,-6.2e-05,0.0,0.0,0.0,0.51951,-0.191575,-0.065204,0.263652,-0.714027,-0.528585,0.459081,0.699209,-0.569885,0.431592,0.034381,0.629821,0.775891,0.002923,-0.007487,0.042381,-0.29765,-0.22065,-0.371663,0.348241,0.030976,0.021773,-0.024189,0.765832,0.490225,0.416149,-0.642731,0.603616,0.471744,-0.019934,-0.628749,0.777351,0.009864,-0.003445,0.021058,-0.840181,-0.751299,-1.22259,0.281389,0.074775,0.02222,-0.065518,0.578351,-0.460366,-0.673477,0.723764,0.670463,0.16323,0.376396,-0.581843,0.720959,0.008177,-0.000459,-0.000471,0.005849,-0.115147,0.201175,0.504712
202,0.144641,-0.054595,0.277762,-0.569325,0.468191,-0.675804,-0.741885,-0.646765,0.176843,-0.353589,0.601465,0.716409,2.7e-05,0.000167,0.000261,0.0,-0.0,-0.0,0.519839,-0.191259,-0.065749,0.265483,-0.707224,-0.548114,0.446539,0.706793,-0.558291,0.434384,0.01209,0.623501,0.781641,0.00296,-0.006949,0.043053,-0.100932,-0.287478,0.109684,0.342422,0.031126,0.021505,-0.023296,0.759012,0.510163,0.404515,-0.651072,0.592569,0.474306,0.00227,-0.623373,0.78192,0.010177,-0.008851,0.025258,-1.166963,-2.335909,1.247536,0.281552,0.074911,0.02222,-0.065514,0.578951,-0.457652,-0.67481,0.721041,0.673767,0.161669,0.380677,-0.580165,0.720064,0.008195,-0.000355,-0.000312,0.000897,-0.014613,0.029705,0.506508
203,0.144738,-0.054614,0.277755,-0.570492,0.465328,-0.676797,-0.738999,-0.650375,0.175684,-0.357718,0.599797,0.715757,-4e-06,-2.3e-05,-3.5e-05,0.0,-0.0,-0.0,0.519947,-0.190708,-0.066226,0.267465,-0.699789,-0.565949,0.435876,0.714236,-0.551803,0.430482,-0.00224,0.613273,0.789782,0.020767,-0.013966,0.056644,0.099858,-0.229046,-0.047564,0.338053,0.031402,0.021258,-0.022299,0.752234,0.528357,0.393677,-0.658647,0.586568,0.471297,0.018095,-0.61382,0.789237,0.01032,-0.007301,0.027778,0.125454,-0.238494,-0.095215,0.273877,0.074959,0.022211,-0.065517,0.580019,-0.454756,-0.67585,0.718015,0.677271,0.160493,0.384749,-0.57836,0.719352,-1e-06,-7e-06,-1.3e-05,-0.00017,0.000127,0.000249,0.507488
204,0.144675,-0.054616,0.277731,-0.569167,0.465736,-0.677631,-0.739769,-0.649766,0.174696,-0.358238,0.60014,0.71521,-3.3e-05,-0.000207,-0.000323,0.004821,-0.100444,0.171599,0.519597,-0.190178,-0.06667,0.269696,-0.684725,-0.592501,0.424365,0.728465,-0.541875,0.4191,-0.01751,0.596844,0.802081,0.004137,-0.012349,0.060292,0.378993,-0.479757,-0.287614,0.329028,0.031673,0.021037,-0.021181,0.73843,0.554655,0.383507,-0.673436,0.577316,0.461723,0.034692,-0.599218,0.799833,0.002069,-0.005854,0.030704,0.59394,-0.675645,-0.367595,0.267345,0.074928,0.02221,-0.065529,0.578818,-0.455183,-0.676592,0.71873,0.676724,0.159595,0.385222,-0.578663,0.718854,-0.008192,0.000365,0.000323,-0.001106,0.01476,-0.029389,0.508631
205,0.144613,-0.054625,0.277733,-0.571315,0.462545,-0.678009,-0.736271,-0.653838,0.174276,-0.361994,0.598187,0.714954,-5e-06,-3.4e-05,-5.3e-05,0.030351,-0.007801,-0.032005,0.51969,-0.189961,-0.066804,0.270877,-0.676788,-0.605955,0.418051,0.735509,-0.534492,0.416267,-0.02795,0.589963,0.806861,0.021022,-0.010609,0.061649,0.204982,-0.329408,-0.110916,0.322035,0.031774,0.020969,-0.020613,0.730558,0.568969,0.377568,-0.681307,0.570207,0.459001,0.045865,-0.592568,0.804213,0.01018,0.000409,0.027049,0.44795,-0.509651,-0.192583,0.260324,0.074897,0.022205,-0.065528,0.580792,-0.452007,-0.67703,0.715189,0.680567,0.159158,0.388824,-0.576642,0.718538,-2e-06,-8e-06,-1.2e-05,0.340665,-0.088199,-0.35898,0.509121
206,0.14443,-0.05463,0.277779,-0.572891,0.459514,-0.67874,-0.733098,-0.657603,0.173489,-0.365915,0.596398,0.714453,1.2e-05,7.3e-05,0.000114,0.004816,-0.100425,0.17161,0.519555,-0.189662,-0.066914,0.273117,-0.664501,-0.626888,0.406746,0.7458,-0.523349,0.412096,-0.044639,0.577974,0.81475,0.003639,0.000717,0.054687,0.357806,-0.474097,-0.237507,0.310518,0.031931,0.020912,-0.019486,0.719298,0.589502,0.367554,-0.691779,0.559336,0.45671,0.063645,-0.582777,0.810135,0.00209,-0.005334,0.031184,-0.200979,-0.345402,-0.462089,0.243342,0.074805,0.022203,-0.065505,0.582334,-0.448835,-0.677814,0.711767,0.684332,0.158353,0.392776,-0.574661,0.717976,-0.008166,0.000541,0.0006,-0.001274,0.014816,-0.029209,0.510591
207,0.144271,-0.054637,0.277802,-0.574309,0.456528,-0.679556,-0.729978,-0.661303,0.172578,-0.369898,0.594603,0.713897,-0.016345,0.000986,0.001035,-0.000984,0.014715,-0.029553,0.520013,-0.189373,-0.06699,0.275214,-0.653436,-0.649702,0.388459,0.753983,-0.513903,0.40908,-0.065334,0.561013,0.825142,0.020283,0.000925,0.053186,-0.879224,-2.3296,1.470006,0.302071,0.032078,0.020875,-0.018396,0.707142,0.61461,0.349574,-0.701939,0.550761,0.451599,0.085025,-0.564725,0.820886,0.01011,0.000467,0.026602,-0.931648,-2.293546,1.472673,0.230279,0.074732,0.022199,-0.065494,0.583504,-0.445864,-0.678768,0.708599,0.687849,0.15732,0.396747,-0.572772,0.717302,-2e-06,-2e-06,-0.0,0.004506,-0.100317,0.171979,0.511244
208,0.144197,-0.054624,0.2778,-0.573807,0.456683,-0.679875,-0.730263,-0.661088,0.172193,-0.370112,0.594723,0.713687,0.0,0.0,0.0,0.0,-0.0,-0.0,0.519617,-0.189218,-0.066978,0.276257,-0.646613,-0.6618,0.379346,0.75933,-0.511758,0.401814,-0.07098,0.548697,0.83292,0.020241,0.000888,0.052865,0.400474,-0.571435,-0.000822,0.297467,0.032148,0.020881,-0.017893,0.701141,0.626315,0.34078,-0.70702,0.548808,0.446017,0.092325,-0.553659,0.827609,0.00174,0.000216,0.026731,0.565104,-0.576619,-0.295099,0.223747,0.074689,0.022206,-0.065494,0.583022,-0.446037,-0.679069,0.708882,0.687641,0.156951,0.39695,-0.572886,0.717098,-0.008173,0.000493,0.000518,-0.001247,0.014792,-0.029269,0.51157
209,0.144074,-0.054621,0.277801,-0.575626,0.453558,-0.68043,-0.726856,-0.664999,0.171551,-0.373967,0.592757,0.713313,-0.016346,0.000983,0.001025,-0.000984,0.014715,-0.029553,0.519808,-0.18885,-0.066836,0.278261,-0.63194,-0.68293,0.366401,0.770974,-0.506462,0.386042,-0.077282,0.527298,0.846078,0.003563,0.001052,0.053956,0.309648,-0.385286,-0.155733,0.292762,0.032338,0.020952,-0.016891,0.686669,0.648523,0.328484,-0.719984,0.544196,0.430664,0.100535,-0.532227,0.84061,0.001734,0.000368,0.02673,0.425435,-0.464932,-0.226459,0.213786,0.074633,0.022207,-0.065495,0.584712,-0.442865,-0.679692,0.705347,0.69142,0.156277,0.400743,-0.570796,0.716656,1e-06,-1e-06,1e-06,-0.000281,9e-05,0.000327,0.51206
210,0.144025,-0.054614,0.277811,-0.577149,0.450531,-0.681151,-0.723596,-0.668763,0.170698,-0.377912,0.590833,0.71283,9.4e-05,0.000582,0.000906,0.0,-0.0,-0.0,0.519738,-0.188563,-0.066714,0.2802,-0.616984,-0.702157,0.355385,0.782427,-0.499485,0.371829,-0.082803,0.508357,0.857077,0.002661,0.009907,0.04176,0.628881,-0.647154,-0.327932,0.286278,0.032483,0.021017,-0.015895,0.672642,0.667712,0.318924,-0.732064,0.537654,0.418342,0.107862,-0.514867,0.850456,0.001292,0.004873,0.020748,0.587124,-0.620705,-0.321806,0.207908,0.074603,0.02221,-0.06549,0.586148,-0.439785,-0.680454,0.701939,0.695071,0.155424,0.404611,-0.568739,0.716117,5.2e-05,0.000333,0.000522,-0.000303,7.1e-05,0.000344,0.51255
211,0.14405,-0.054615,0.27781,-0.58107,0.444153,-0.682004,-0.716458,-0.676661,0.169674,-0.385408,0.586665,0.712258,0.0,0.0,0.0,1.130735,-0.281312,-1.180894,0.520011,-0.188357,-0.066717,0.282026,-0.609941,-0.71371,0.344355,0.788028,-0.501101,0.357551,-0.08187,0.490344,0.867596,0.003088,-0.003208,0.046302,0.297125,-0.35887,-0.171088,0.270835,0.032584,0.021019,-0.015016,0.665144,0.680251,0.307962,-0.738823,0.539736,0.403515,0.108273,-0.495925,0.861587,0.00149,-0.00186,0.022748,0.533313,-0.549131,-0.262833,0.192395,0.074615,0.022211,-0.065489,0.589095,-0.434343,-0.681404,0.695769,0.701479,0.154374,0.41094,-0.565041,0.715441,3.5e-05,2.2e-05,2.8e-05,3.770463,-1.037742,-3.766975,0.513367
212,0.144086,-0.054622,0.2778,-0.580542,0.444344,-0.68233,-0.716779,-0.67642,0.169279,-0.385609,0.586798,0.712041,-3e-05,-0.000186,-0.00029,0.0,-0.0,-0.0,0.520096,-0.188277,-0.066739,0.282873,-0.608398,-0.718287,0.337502,0.788982,-0.502066,0.354078,-0.084123,0.482607,0.87171,0.019641,-0.002951,0.045219,0.314874,-0.38812,-0.150047,0.267035,0.032619,0.021005,-0.014577,0.663402,0.684935,0.301264,-0.739937,0.540605,0.400298,0.111313,-0.488475,0.865448,0.001499,-0.001699,0.022923,0.488243,-0.499618,-0.229061,0.183414,0.074633,0.022207,-0.065494,0.589328,-0.433494,-0.681743,0.694845,0.702482,0.153973,0.412167,-0.564447,0.715204,-1.7e-05,-0.000102,-0.000162,-0.000388,0.000111,0.000421,0.513693
213,0.144169,-0.054646,0.277765,-0.582123,0.441282,-0.68297,-0.713396,-0.680181,0.168498,-0.389471,0.584763,0.711612,-4e-05,-0.000249,-0.000388,0.0,-0.0,-0.0,0.519997,-0.188131,-0.066866,0.284527,-0.596954,-0.734915,0.321771,0.79627,-0.49429,0.348663,-0.096445,0.465278,0.879817,0.002829,-0.00566,0.042031,-0.804118,-2.590313,1.046657,0.263625,0.032697,0.020946,-0.013763,0.651596,0.701275,0.289197,-0.748588,0.532833,0.394592,0.122624,-0.473605,0.872158,0.001366,-0.00306,0.020665,-0.011246,-0.086157,-0.025345,0.174107,0.074675,0.022195,-0.065512,0.5908,-0.430388,-0.682437,0.691329,0.706115,0.153177,0.415954,-0.562287,0.714713,-2.9e-05,-0.000175,-0.000276,-0.00037,9.9e-05,0.000428,0.514183
214,0.144239,-0.05467,0.277731,-0.581466,0.441526,-0.683372,-0.713796,-0.679883,0.168004,-0.389718,0.584925,0.711343,-4.6e-05,-0.000284,-0.000442,0.0,0.0,0.0,0.51985,-0.187948,-0.067047,0.285989,-0.593951,-0.742442,0.309829,0.797949,-0.495117,0.343613,-0.10097,0.452252,0.886079,0.00195,0.003109,0.030101,0.288106,-0.314028,-0.149921,0.262915,0.032789,0.020852,-0.013027,0.648775,0.709693,0.274637,-0.749691,0.534142,0.39071,0.130589,-0.459376,0.878589,0.0013,-0.003719,0.019533,0.52456,-0.516274,-0.226213,0.171494,0.07471,0.022183,-0.065529,0.59014,-0.43067,-0.682829,0.691749,0.705812,0.152683,0.416193,-0.562451,0.714444,-2.6e-05,-0.000163,-0.000256,-0.000261,6.3e-05,0.000273,0.51451
215,0.144263,-0.054684,0.277728,-0.583698,0.438215,-0.6836,-0.709996,-0.683915,0.167742,-0.393297,0.582716,0.711186,-3.1e-05,-0.000191,-0.000297,0.340014,-0.083433,-0.353735,0.520403,-0.187868,-0.067127,0.286639,-0.592031,-0.745131,0.307035,0.799382,-0.495025,0.340401,-0.100915,0.447904,0.888291,0.00259,-0.00802,0.038086,0.112825,-0.174675,-0.088951,0.262177,0.03283,0.020813,-0.012691,0.646318,0.713186,0.271362,-0.751794,0.534242,0.386511,0.130681,-0.453818,0.881459,0.000926,0.001312,0.014635,0.175952,-0.20992,-0.087258,0.170351,0.074722,0.022176,-0.065531,0.592039,-0.4276,-0.683115,0.688182,0.709349,0.152409,0.419397,-0.56034,0.714229,-1.3e-05,-0.000103,-0.000162,1.145153,-0.283498,-1.191045,0.51451
216,0.144275,-0.054681,0.277713,-0.583076,0.438441,-0.683985,-0.710364,-0.683651,0.167258,-0.393556,0.582855,0.71093,-2e-06,-1e-05,-1.6e-05,0.0,-0.0,-0.0,0.520311,-0.187722,-0.067384,0.2879,-0.587271,-0.750773,0.302396,0.802929,-0.493766,0.333819,-0.100577,0.43979,0.892374,0.002366,-0.010382,0.034322,0.067975,-0.051625,-0.245496,0.262192,0.032903,0.020686,-0.012059,0.641668,0.719052,0.266879,-0.75571,0.533293,0.38013,0.131009,-0.445601,0.885593,0.001132,-0.005507,0.016674,0.092041,-0.159287,-0.082608,0.169045,0.074728,0.022177,-0.065538,0.591641,-0.427541,-0.683497,0.688185,0.70945,0.151923,0.419954,-0.560257,0.713967,1e-06,7e-06,1e-05,-0.000245,4.6e-05,0.000266,0.515653
217,0.144238,-0.054687,0.277722,-0.585011,0.43522,-0.684391,-0.706711,-0.687541,0.16679,-0.397235,0.580696,0.710649,-0.0,-0.0,-0.0,0.0,-0.0,-0.0,0.520871,-0.187554,-0.067741,0.289096,-0.5823,-0.756422,0.297898,0.806585,-0.492169,0.327301,-0.100236,0.43182,0.896297,0.001535,-0.001216,0.023166,0.12834,-0.073544,-0.267193,0.262357,0.032987,0.020504,-0.011457,0.636862,0.724817,0.262764,-0.759711,0.531932,0.374013,0.131318,-0.43782,0.88942,0.001108,-0.005752,0.016253,0.142607,-0.201363,-0.101645,0.168718,0.074709,0.022174,-0.065533,0.593465,-0.424257,-0.683962,0.684395,0.71321,0.151441,0.423559,-0.557975,0.713624,-2e-06,5e-06,9e-06,-0.000267,8.1e-05,0.000299,0.516142
218,0.14419,-0.054683,0.277746,-0.58655,0.432131,-0.685031,-0.703268,-0.691243,0.166038,-0.401049,0.57861,0.710209,6.8e-05,0.000423,0.000659,0.004812,-0.100412,0.171618,0.520591,-0.187399,-0.068109,0.290272,-0.57856,-0.760615,0.294491,0.809247,-0.490657,0.32297,-0.10044,0.426131,0.898992,0.001543,-0.001046,0.023342,0.225483,-0.257849,-0.112732,0.263679,0.033064,0.020318,-0.010872,0.633385,0.728785,0.260182,-0.762477,0.53036,0.370601,0.132098,-0.433117,0.891604,0.00107,-0.006156,0.015591,0.340677,-0.34559,-0.188622,0.169371,0.074685,0.022176,-0.065522,0.595017,-0.42107,-0.684583,0.680741,0.716841,0.150767,0.427254,-0.555732,0.713172,4.3e-05,0.000279,0.000437,-0.00029,0.000198,0.000361,0.516142
