frame,MLTx,MLTy,MLTz,MLTR1,MLTR2,MLTR3,MLTR4,MLTR5,MLTR6,MLTR7,MLTR8,MLTR9,MLTTVx,MLTTVy,MLTTVz,MLTRVx,MLTRVy,MLTRVz,MLGA,MRTx,MRTy,MRTz,MRTR1,MRTR2,MRTR3,MRTR4,MRTR5,MRTR6,MRTR7,MRTR8,MRTR9,MRTTVx,MRTTVy,MRTTVz,MRTRVx,MRTRVy,MRTRVz,MRGA,SLTx,SLTy,SLTz,SLTR1,SLTR2,SLTR3,SLTR4,SLTR5,SLTR6,SLTR7,SLTR8,SLTR9,SLTTVx,SLTTVy,SLTTVz,SLTRVx,SLTRVy,SLTRVz,SLGA,SRTx,SRTy,SRTz,SRTR1,SRTR2,SRTR3,SRTR4,SRTR5,SRTR6,SRTR7,SRTR8,SRTR9,SRTTVx,SRTTVy,SRTTVz,SRTRVx,SRTRVy,SRTRVz,SRGA
666,0.089313,0.004011,0.418342,0.041796,-0.087361,-0.995322,-0.173724,-0.981621,0.078811,-0.983972,0.16972,-0.054966,-0.002467,-0.015609,0.006623,-0.036692,0.026341,-0.043626,0.045668,-0.096078,0.032223,0.380052,0.230453,-0.262617,0.936971,-0.764268,0.547044,0.341426,-0.602487,-0.794432,-0.075832,-0.0,0.0,0.0,0.0,0.0,0.0,-1.404095,0.041763,0.034116,0.005214,-0.08046,0.137319,0.987253,0.827475,-0.542996,0.142964,0.555706,0.828431,-0.069938,-0.0,-2e-06,0.0,1.1e-05,-2.1e-05,8e-06,-0.80531,0.082223,0.024578,-0.034155,0.035191,-0.041562,-0.998515,-0.111246,-0.993087,0.037416,-0.993169,0.109765,-0.039572,-0.000997,-0.003328,-0.001872,-0.001689,0.011143,-0.028517,-0.075133
667,0.089296,0.003785,0.418214,0.04498,-0.082116,-0.99563,-0.173938,-0.982027,0.073083,-0.983798,0.169986,-0.057215,-0.001628,-0.005431,-0.00306,-0.0,-0.0,0.0,-0.036631,-0.096078,0.032223,0.380052,0.230738,-0.262654,0.936891,-0.764196,0.546988,0.341675,-0.60247,-0.794458,-0.075698,-0.0,0.0,0.0,0.0,0.0,0.0,-1.403936,0.041763,0.034116,0.005214,-0.080754,0.13735,0.987225,0.827444,-0.542974,0.143227,0.55571,0.82844,-0.069802,-0.0,-2e-06,0.0,1.5e-05,-2.2e-05,1.4e-05,-0.805474,0.082212,0.024457,-0.034218,0.038028,-0.036122,-0.998623,-0.111539,-0.993254,0.03168,-0.993031,0.11018,-0.041801,-0.000964,-0.003219,-0.001815,-0.001419,0.012288,-0.031629,-0.169841
668,0.08918,0.003604,0.418102,0.046515,-0.079564,-0.995767,-0.174016,-0.982216,0.070299,-0.983714,0.170102,-0.058293,-0.013935,-0.001834,-0.000801,-0.002511,0.02517,-0.056365,-0.117797,-0.096087,0.032221,0.380051,0.230857,-0.26267,0.936857,-0.764166,0.546965,0.34178,-0.602463,-0.794469,-0.075643,-0.0,0.0,0.0,0.0,0.0,0.0,-1.403689,0.041759,0.034115,0.005214,-0.080877,0.137363,0.987213,0.827431,-0.542966,0.143337,0.555712,0.828444,-0.069745,-0.0,-2e-06,0.0,1.5e-05,-2.6e-05,2.8e-05,-0.8058,0.082158,0.024363,-0.034276,0.039403,-0.033473,-0.998662,-0.111639,-0.993328,0.02889,-0.992967,0.110351,-0.042877,-0.000528,-0.001763,-0.000994,-7.1e-05,0.000166,-0.000438,-0.243159
669,0.08909,0.003537,0.418066,0.047813,-0.077382,-0.995877,-0.174157,-0.982359,0.067917,-0.983629,0.170281,-0.059207,-0.000138,-0.000459,-0.000259,-0.0,-0.0,0.0,-0.190748,-0.096114,0.032215,0.38005,0.23107,-0.262698,0.936797,-0.764112,0.546924,0.341967,-0.60245,-0.794488,-0.075543,-0.0,0.0,0.0,0.0,0.0,0.0,-1.403351,0.041745,0.034112,0.005213,-0.081099,0.137387,0.987191,0.827407,-0.542949,0.143534,0.555715,0.82845,-0.069643,-1e-06,-2e-06,2e-06,1.4e-05,-1.3e-05,8e-06,-0.805963,0.082111,0.024324,-0.034298,0.040562,-0.03121,-0.998689,-0.111804,-0.993376,0.026503,-0.992902,0.110582,-0.043783,0.000262,0.004559,-0.005135,0.035263,-0.014812,0.013927,-0.298514
670,0.089097,0.003535,0.418053,0.04783,-0.07737,-0.995877,-0.174131,-0.982364,0.067904,-0.983633,0.170255,-0.05922,-1e-05,-3.2e-05,-1.8e-05,-0.0,-0.0,0.0,-0.239496,-0.096111,0.0322,0.380052,0.231177,-0.262706,0.936768,-0.764101,0.546883,0.342056,-0.602423,-0.794513,-0.075497,7.1e-05,-0.000291,-0.000174,0.0,0.0,0.0,-1.4031,0.041747,0.034105,0.005215,-0.08121,0.137393,0.987181,0.82741,-0.54292,0.143628,0.555695,0.828468,-0.06959,5.4e-05,-0.000224,-0.000132,1.3e-05,3e-06,1.5e-05,-0.80629,0.082111,0.024325,-0.034303,0.040554,-0.03124,-0.998688,-0.11178,-0.993378,0.026535,-0.992905,0.110557,-0.043778,3.2e-05,0.000105,6e-05,-2.4e-05,0.00014,-0.00038,-0.329866
671,0.089139,0.003562,0.418021,0.045352,-0.075835,-0.996111,-0.173908,-0.982478,0.066826,-0.983787,0.170288,-0.056505,3.9e-05,0.000129,7.3e-05,0.000411,0.015451,0.006004,-0.330774,-0.096117,0.032183,0.380043,0.228127,-0.265437,0.936746,-0.757551,0.555878,0.342124,-0.611784,-0.78733,-0.075461,0.00017,-0.000697,-0.000417,0.003774,0.001378,-0.000304,-1.33753,0.041744,0.034096,0.00521,-0.078256,0.140299,0.987011,0.821238,-0.552217,0.143607,0.565192,0.82181,-0.072004,9.3e-05,-0.000375,-0.000225,0.004152,-0.003492,-0.000103,-0.794533,0.082133,0.024342,-0.034317,0.037704,-0.029714,-0.998846,-0.111557,-0.993434,0.025342,-0.993042,0.110473,-0.040771,3.2e-05,0.000104,5.7e-05,9.5e-05,-0.014728,-0.005701,-0.402367
672,0.089214,0.003584,0.418021,0.044987,-0.076007,-0.996115,-0.17969,-0.981444,0.066719,-0.982763,0.176078,-0.056569,0.012637,-0.002499,-0.001646,0.000984,-0.014711,0.029555,-0.411282,-0.096166,0.03211,0.380005,0.220124,-0.272067,0.936759,-0.740776,0.578069,0.342085,-0.634826,-0.768871,-0.075483,0.000455,-0.001869,-0.001117,0.003774,0.001378,-0.000304,-1.123724,0.041719,0.034061,0.005192,-0.070539,0.147303,0.986573,0.805368,-0.575153,0.143458,0.588562,0.804674,-0.078062,0.000262,-0.001073,-0.000648,0.010839,0.01057,-0.026412,-0.69313,0.082166,0.024355,-0.034316,0.037604,-0.030066,-0.998839,-0.117418,-0.992755,0.025462,-0.99237,0.116325,-0.040862,4.4e-05,0.000146,8.2e-05,0.000127,-0.000996,-0.000306,-0.463928
673,0.089264,0.003582,0.418018,0.044994,-0.076016,-0.996114,-0.179693,-0.981443,0.066727,-0.982762,0.17608,-0.056579,0.01257,-0.002721,-0.001771,0.000984,-0.014714,0.029553,-0.459606,-0.096198,0.032079,0.380001,0.219976,-0.272036,0.936803,-0.74083,0.57808,0.341949,-0.634814,-0.768873,-0.075559,-0.01212,-0.002942,-0.000699,-0.002045,0.015205,-0.029245,-1.087193,0.041708,0.034043,0.005188,-0.070446,0.147231,0.98659,0.805401,-0.575137,0.143337,0.588528,0.804699,-0.078064,3.6e-05,-0.000145,-8.9e-05,-0.000811,-0.001111,0.000118,-0.660145,0.082191,0.024354,-0.034317,0.03762,-0.030078,-0.998839,-0.117419,-0.992755,0.025472,-0.992369,0.116325,-0.040879,-0.0,-3e-06,-2e-06,0.000113,-0.000118,-3.7e-05,-0.497239
674,0.08934,0.00354,0.417982,0.042656,-0.074236,-0.996351,-0.179528,-0.981563,0.065395,-0.982894,0.176168,-0.053956,-4.8e-05,-0.000161,-9.1e-05,4e-06,0.000163,6.3e-05,-0.535467,-0.096271,0.032063,0.379998,0.219929,-0.272029,0.936815,-0.740841,0.578089,0.341908,-0.634817,-0.768868,-0.075582,0.0,-0.0,-0.0,0.0,0.0,0.0,-0.984298,0.041667,0.034035,0.005187,-0.070383,0.147213,0.986597,0.805425,-0.575119,0.143273,0.588502,0.804715,-0.07809,-6e-06,2.6e-05,1.7e-05,-0.000647,-0.000114,3.3e-05,-0.656389,0.082233,0.024332,-0.034336,0.035144,-0.028396,-0.998978,-0.117254,-0.992809,0.024096,-0.992479,0.116288,-0.038221,-2e-05,-6.7e-05,-3.9e-05,2.9e-05,-0.004808,-0.001871,-0.562555
675,0.089403,0.003511,0.417976,0.041003,-0.070435,-0.996696,-0.191127,-0.979634,0.061313,-0.980773,0.188062,-0.052389,-0.0,-0.0,-0.0,0.00047,0.018178,0.007064,-0.600966,-0.09634,0.032072,0.380009,0.210765,-0.276519,0.937607,-0.727913,0.595701,0.339435,-0.652626,-0.753675,-0.07692,-0.000248,0.001019,0.000609,-0.1818,0.338456,-0.734286,-0.703439,0.041633,0.034037,0.005191,-0.062161,0.152262,0.986383,0.792646,-0.593034,0.141495,0.606504,0.790649,-0.083827,-0.000168,0.000685,0.000412,-0.605509,1.122646,-2.447832,-0.571641,0.082265,0.024317,-0.034339,0.033012,-0.024535,-0.999153,-0.129023,-0.991438,0.020082,-0.991091,0.128251,-0.035895,0.006288,-0.001358,-0.000883,0.001802,-0.024769,0.023508,-0.615624
676,0.089422,0.003539,0.417991,0.032861,-0.065902,-0.997308,-0.202368,-0.977583,0.057877,-0.978812,0.199997,-0.04422,-0.012492,0.002981,0.001919,0.014015,0.601555,0.198511,-0.638474,-0.096364,0.032129,0.380044,0.206428,-0.277094,0.938402,-0.725345,0.600241,0.336924,-0.656854,-0.749852,-0.078274,-0.000324,0.001335,0.000797,-0.181831,0.338445,-0.734284,-0.477777,0.04162,0.034068,0.00521,-0.057144,0.152787,0.986605,0.789982,-0.597336,0.13826,0.61046,0.787301,-0.086566,-0.00017,0.000698,0.000416,-0.195552,0.375244,-0.813356,-0.475953,0.082279,0.024331,-0.034332,0.027108,-0.021886,-0.999392,-0.140524,-0.989915,0.017867,-0.989705,0.139954,-0.02991,4e-05,0.000134,7.9e-05,0.001389,0.001784,0.000442,-0.654488
677,0.089428,0.003561,0.418004,0.030032,-0.064427,-0.997494,-0.208046,-0.976457,0.056751,-0.977709,0.205893,-0.041487,0.000506,0.001691,0.000955,-0.032781,0.398011,0.182712,-0.650953,-0.096377,0.032142,0.380052,0.206305,-0.277069,0.938436,-0.725375,0.600267,0.336815,-0.656861,-0.749841,-0.078333,-5e-05,0.000207,0.000123,-0.0,0.0,-0.0,-0.390516,0.041614,0.034077,0.005216,-0.056818,0.152719,0.986634,0.790045,-0.597324,0.137954,0.610409,0.787324,-0.086716,-1.7e-05,7e-05,4.2e-05,-0.000567,-0.000783,0.00142,-0.467135,0.082277,0.024339,-0.034327,0.023827,-0.020438,-0.999506,-0.146105,-0.989127,0.016743,-0.988981,0.145634,-0.026554,3.7e-05,0.000129,7.7e-05,-0.486844,0.555386,0.18233,-0.666081
678,0.08941,0.003552,0.418033,0.024823,-0.061146,-0.997843,-0.213685,-0.975372,0.0544,-0.976631,0.211944,-0.036036,3e-06,1e-05,6e-06,0.002793,0.110599,0.042974,-0.685859,-0.096349,0.032148,0.380053,0.204871,-0.27833,0.938377,-0.721758,0.604507,0.337001,-0.661278,-0.745958,-0.078233,-0.0,0.0,0.0,0.012602,0.004526,-0.001051,-0.195262,0.041628,0.034078,0.005216,-0.055446,0.154079,0.986501,0.78666,-0.601719,0.138194,0.61489,0.783704,-0.087845,4e-06,-1.8e-05,-1.3e-05,0.042196,0.01183,-0.003494,-0.465013,0.082269,0.024339,-0.03431,0.01631,-0.016256,-0.999734,-0.151909,-0.9883,0.013592,-0.988259,0.151647,-0.018589,-5e-06,-1.9e-05,-8e-06,0.003822,0.111441,0.043244,-0.687472
679,0.089396,0.003539,0.418026,0.019333,-0.057925,-0.998156,-0.225022,-0.972948,0.052051,-0.974199,0.223667,-0.030602,-3.4e-05,-0.000112,-6.3e-05,0.001686,0.06744,0.026205,-0.696867,-0.096342,0.032157,0.380047,0.201597,-0.28075,0.938365,-0.714522,0.613022,0.33704,-0.670083,-0.738061,-0.07821,-0.0,0.0,0.0,0.0,0.0,-0.0,-0.03008,0.041632,0.034083,0.005212,-0.052308,0.156624,0.986271,0.779791,-0.610567,0.138317,0.623849,0.776322,-0.090197,0.0,-3e-06,-4e-06,-0.000721,-0.000775,6e-05,-0.297476,0.082262,0.024331,-0.034314,0.010534,-0.01331,-0.999855,-0.163405,-0.986492,0.011411,-0.986502,0.163262,-0.012567,-2e-05,-6.5e-05,-3.3e-05,0.002463,0.045316,0.017719,-0.699066
680,0.089404,0.003537,0.418013,0.016237,-0.05645,-0.998296,-0.236417,-0.9703,0.050969,-0.971549,0.235251,-0.027858,0.000579,0.009319,-0.010159,-0.460327,0.051287,0.019212,-0.704319,-0.096369,0.032151,0.380046,0.201527,-0.280735,0.938385,-0.714538,0.613037,0.336978,-0.670087,-0.738054,-0.078244,-0.0,0.0,0.0,0.0,0.0,-0.0,0.020022,0.041618,0.03408,0.005211,-0.052241,0.156606,0.986278,0.779806,-0.610563,0.138252,0.623836,0.776329,-0.090226,-0.0,-1e-06,-3e-06,-0.000655,-0.000185,5.5e-05,-0.226608,0.082265,0.024326,-0.034317,0.007387,-0.01196,-0.999901,-0.173236,-0.984824,0.0105,-0.984852,0.173142,-0.009347,-0.0001,-0.000121,-0.000276,-5.514442,0.285005,-0.149346,-0.708374
681,0.089407,0.003551,0.41801,0.010781,-0.053176,-0.99855,-0.247703,-0.967592,0.0488,-0.968803,0.246877,-0.022361,2.4e-05,8e-05,4.5e-05,-0.147764,0.05684,0.015924,-0.715014,-0.096464,0.032147,0.38004,0.201749,-0.280791,0.938321,-0.714468,0.613006,0.337182,-0.670095,-0.738059,-0.078135,-7e-06,3e-05,1.8e-05,0.0,0.0,0.0,0.116032,0.04157,0.034078,0.005208,-0.052475,0.156655,0.986258,0.779783,-0.610543,0.138467,0.623845,0.776334,-0.090119,-0.006096,-0.001315,-0.000256,-0.002492,0.015126,-0.029188,-0.099568,0.082267,0.024337,-0.034322,0.001643,-0.009028,-0.999957,-0.186278,-0.982459,0.008564,-0.982495,0.186256,-0.003296,1.6e-05,5e-05,3.2e-05,-0.499924,0.04059,-0.006311,-0.723723
682,0.089399,0.003553,0.418023,0.005253,-0.045292,-0.998983,-0.253283,-0.966447,0.042432,-0.967398,0.252853,-0.015305,0.0,0.0,0.0,0.007257,0.29641,0.115195,-0.715843,-0.09654,0.032145,0.380046,0.201883,-0.280822,0.938282,-0.714437,0.612977,0.337302,-0.670089,-0.738072,-0.078072,-1e-05,4.2e-05,2.5e-05,0.0,0.0,0.0,0.204792,0.041532,0.034077,0.005211,-0.052617,0.156683,0.986246,0.77978,-0.610518,0.138594,0.623837,0.776348,-0.090054,-3e-06,1.4e-05,1e-05,-0.000304,-3.8e-05,3.9e-05,0.020124,0.082263,0.024339,-0.034316,-0.003031,-0.002332,-0.999992,-0.192168,-0.981357,0.002871,-0.981356,0.192176,0.002526,-1e-06,-7e-06,-1e-06,0.011613,0.55474,0.215078,-0.733194
683,0.089373,0.003567,0.418031,0.002561,-0.043613,-0.999068,-0.258934,-0.964993,0.041409,-0.965908,0.258634,-0.012521,2e-06,6e-06,3e-06,0.000619,0.025234,0.009807,-0.720249,-0.096577,0.032137,0.380044,0.20207,-0.280864,0.93823,-0.714393,0.612936,0.33747,-0.670079,-0.73809,-0.077983,-0.000135,0.000556,0.000332,0.0,0.0,0.0,0.271273,0.041514,0.034072,0.00521,-0.052813,0.156721,0.986229,0.779769,-0.610492,0.13877,0.623834,0.776361,-0.089964,-9.1e-05,0.00037,0.000222,-0.000201,-4.3e-05,3.3e-05,0.12267,0.08225,0.024346,-0.034311,-0.007086,-2.2e-05,-0.999974,-0.197862,-0.980228,0.001424,-0.980204,0.197867,0.006942,0.0,-6e-06,-2e-06,0.001204,-0.007554,-0.002938,-0.735316
684,0.08936,0.003568,0.418009,-0.000335,-0.041899,-0.999145,-0.270229,-0.961935,0.040376,-0.962809,0.270058,-0.009756,-0.000242,-0.000809,-0.000457,-0.494683,0.112783,0.031179,-0.721431,-0.096598,0.032149,0.380041,0.202197,-0.280898,0.938192,-0.714345,0.612926,0.337589,-0.670092,-0.738085,-0.077918,-0.012303,-0.002166,-0.000237,-0.002045,0.015205,-0.029245,0.305062,0.041508,0.034079,0.005209,-0.052971,0.156756,0.986215,0.779742,-0.610494,0.138917,0.623855,0.776352,-0.089891,-7.6e-05,0.00031,0.000185,-0.000168,-2.5e-05,4e-06,0.168718,0.082244,0.024348,-0.034322,-0.009936,0.001439,-0.999949,-0.208841,-0.977949,0.000668,-0.977898,0.208837,0.010018,-0.000167,-0.000544,-0.00032,-1.670864,0.166222,0.016196,-0.730581
685,0.089373,0.003588,0.417996,-0.002969,-0.040171,-0.999211,-0.275812,-0.96039,0.039377,-0.961217,0.275755,-0.006984,0.000321,0.001071,0.000605,0.000123,0.004973,0.001933,-0.720776,-0.096701,0.032134,0.380041,0.202101,-0.280878,0.938219,-0.714368,0.612946,0.337504,-0.670097,-0.738075,-0.077965,-0.0,2e-06,1e-06,0.0,0.0,0.0,0.36779,0.041452,0.034072,0.005209,-0.052848,0.156734,0.986225,0.779756,-0.610501,0.138806,0.623847,0.776351,-0.089951,-0.006091,-0.001335,-0.000268,-0.002156,0.015178,-0.029244,0.258855,0.082249,0.024353,-0.03433,-0.012698,0.003008,-0.999914,-0.215026,-0.976608,-0.000207,-0.976525,0.215005,0.013047,0.000221,0.000732,0.000415,0.000736,-0.019125,-0.007391,-0.740378
686,0.089387,0.003629,0.417961,-0.007884,-0.036582,-0.999323,-0.281254,-0.958895,0.037268,-0.959604,0.281397,-0.001485,1e-06,3e-06,2e-06,0.000863,0.03496,0.013596,-0.719372,-0.096889,0.032078,0.380013,0.202719,-0.278163,0.938894,-0.71416,0.613905,0.336198,-0.670132,-0.73831,-0.075395,-0.012123,-0.002911,-0.000682,0.103531,-0.350747,-0.224137,0.408761,0.041363,0.034044,0.005195,-0.052832,0.156305,0.986294,0.779693,-0.610642,0.138537,0.623928,0.776327,-0.089609,4.4e-05,-0.000196,-0.000113,0.145851,-0.506735,-0.26967,0.325967,0.082257,0.024373,-0.034342,-0.017962,0.006361,-0.999818,-0.220593,-0.975363,-0.002242,-0.9752,0.220513,0.018923,-0.0,-8e-06,-4e-06,0.001652,0.011966,0.004629,-0.738582
687,0.089387,0.003636,0.417954,-0.010329,-0.034589,-0.999371,-0.286841,-0.957285,0.036044,-0.957923,0.28707,0.00121,0.0,0.0,0.0,0.001404,0.0573,0.022286,-0.717351,-0.09698,0.032058,0.38001,0.202486,-0.278113,0.938959,-0.714215,0.613955,0.335991,-0.670144,-0.738288,-0.075508,1e-06,-5e-06,-3e-06,0.001814,-0.006294,-0.003352,0.426146,0.041312,0.034033,0.005193,-0.053067,0.153639,0.9867,0.779377,-0.611368,0.137112,0.624304,0.776288,-0.087299,-0.006099,-0.001307,-0.000253,-0.002338,0.031662,-0.021175,0.35291,0.082257,0.02438,-0.03435,-0.020518,0.008216,-0.999755,-0.226264,-0.97406,-0.003361,-0.973849,0.22614,0.021845,1e-06,-5e-06,-1e-06,0.002182,0.031556,0.012368,-0.738909
688,0.089407,0.003646,0.417936,-0.015117,-0.030809,-0.999434,-0.292352,-0.955697,0.03383,-0.956186,0.29273,0.006684,0.000272,0.00091,0.000514,0.013638,0.558561,0.217277,-0.718214,-0.09724,0.032018,0.380008,0.202468,-0.275249,0.939806,-0.714176,0.615026,0.334109,-0.670191,-0.738473,-0.073247,-0.012201,-0.002586,-0.000489,0.018656,-0.056864,-0.06762,0.460916,0.041187,0.034014,0.005193,-0.052843,0.150726,0.987161,0.779094,-0.61216,0.135173,0.624675,0.776235,-0.085082,-0.0061,-0.001299,-0.000245,0.021402,-0.054627,-0.066959,0.400917,0.082266,0.024382,-0.03436,-0.022986,0.009935,-0.999686,-0.231916,-0.972725,-0.004334,-0.972463,0.231743,0.024663,0.000185,0.000618,0.000351,0.000626,-0.019046,-0.007401,-0.737766
689,0.089405,0.003712,0.417893,-0.01776,-0.028808,-0.99945,-0.303433,-0.952274,0.032787,-0.952679,0.303878,0.009416,0.000109,0.000365,0.000206,0.00038,0.015568,0.006059,-0.716232,-0.097548,0.031944,0.37998,0.201648,-0.275076,0.940033,-0.71435,0.615217,0.333385,-0.670252,-0.738379,-0.073637,-0.011964,-0.003578,-0.001082,-0.00204,0.01519,-0.029253,0.492064,0.041032,0.033979,0.005179,-0.051939,0.150777,0.987202,0.779119,-0.612274,0.134505,0.624718,0.776135,-0.085672,0.000153,-0.000639,-0.000375,-0.000416,0.001708,0.000872,0.447292,0.082266,0.024418,-0.034381,-0.02826,0.013516,-0.999508,-0.24317,-0.969963,-0.006241,-0.969571,0.242874,0.030697,6.9e-05,0.000226,0.000129,0.000915,-0.018063,-0.007089,-0.738092
690,0.089416,0.003876,0.417858,-0.022229,-0.024714,-0.99947,-0.308702,-0.950661,0.03032,-0.950885,0.309237,0.014747,0.000962,0.003212,0.001813,0.002361,0.02453,0.040441,-0.712892,-0.097931,0.031854,0.37996,0.200789,-0.27489,0.940272,-0.714551,0.615397,0.332622,-0.670295,-0.738298,-0.074052,-0.012195,-0.002613,-0.000506,-0.002045,0.015205,-0.029245,0.512651,0.040846,0.033933,0.005168,-0.051069,0.15063,0.987269,0.7792,-0.612341,0.133732,0.62469,0.776111,-0.0861,-0.006101,-0.001295,-0.00024,-0.002227,0.015217,-0.029239,0.480603,0.08227,0.024495,-0.034401,-0.033018,0.017328,-0.999304,-0.248553,-0.968579,-0.008583,-0.968055,0.248097,0.036288,0.000634,0.005801,-0.004432,0.026096,0.059003,-0.167132,-0.737929
691,0.089421,0.00401,0.41783,-0.026613,-0.020503,-0.999458,-0.314022,-0.948994,0.027777,-0.949023,0.314611,0.020061,0.00185,0.013558,-0.007765,0.047969,0.452429,0.230274,-0.710762,-0.098126,0.031828,0.37995,0.201068,-0.272092,0.941025,-0.714426,0.616413,0.331005,-0.670344,-0.738491,-0.071644,-0.012219,-0.00251,-0.000445,0.008665,-0.022438,-0.049285,0.520851,0.040744,0.033919,0.005163,-0.051178,0.147421,0.987748,0.778849,-0.613191,0.131872,0.625119,0.776056,-0.083437,-1.6e-05,6e-05,4e-05,0.010079,-0.015494,-0.009109,0.494646,0.082272,0.024558,-0.034411,-0.035607,0.019753,-0.99917,-0.254044,-0.96714,-0.010066,-0.966536,0.253475,0.039455,0.000495,0.001644,0.000928,0.013618,0.525647,0.204675,-0.73548
692,0.089423,0.004387,0.417755,-0.030948,-0.015797,-0.999419,-0.330151,-0.94358,0.025085,-0.943396,0.330749,0.025231,-0.01118,0.007289,0.004342,-0.148782,0.076561,-0.003092,-0.705701,-0.098583,0.03177,0.379943,0.20002,-0.271869,0.941313,-0.714652,0.616648,0.330078,-0.670416,-0.738377,-0.072145,-0.012396,-0.001753,5e-06,-0.002042,0.015197,-0.02925,0.530949,0.040516,0.033889,0.005159,-0.050019,0.147534,0.987791,0.778918,-0.613281,0.13104,0.625127,0.775963,-0.084242,-0.006227,-0.000758,7.9e-05,-0.002401,0.016454,-0.028601,0.508852,0.082278,0.024746,-0.034449,-0.042296,0.025717,-0.998773,-0.269999,-0.962767,-0.013356,-0.96193,0.269103,0.047665,0.000703,0.002358,0.001317,-1.672475,0.087034,0.053846,-0.730908
693,0.089484,0.004791,0.417567,-0.037054,-0.009072,-0.999295,-0.340356,-0.940045,0.021102,-0.939534,0.340903,0.032988,0.001639,0.012851,-0.008164,0.037894,0.046217,0.072062,-0.704381,-0.099113,0.031697,0.379934,0.199381,-0.268866,0.942311,-0.714743,0.617843,0.327639,-0.670509,-0.738482,-0.070181,-0.024501,-0.004723,-0.000717,-0.015916,0.120076,-0.235612,0.531973,0.040246,0.033853,0.005155,-0.049121,0.144374,0.988303,0.778636,-0.614192,0.128423,0.625549,0.775837,-0.082245,-0.012247,-0.002379,-0.000362,-0.01716,0.130564,-0.230302,0.511302,0.082306,0.024958,-0.034543,-0.048908,0.032154,-0.998285,-0.280947,-0.959569,-0.017143,-0.958476,0.279627,0.055964,0.000793,0.006323,-0.004137,0.038591,-0.009185,0.050453,-0.729601
694,0.089506,0.004984,0.417421,-0.041212,-0.004779,-0.999162,-0.345356,-0.938271,0.018679,-0.937529,0.345837,0.038262,0.001172,0.011289,-0.00904,0.042044,0.302348,0.141696,-0.704523,-0.099401,0.03166,0.379925,0.198712,-0.268724,0.942492,-0.714879,0.617998,0.327049,-0.670561,-0.738404,-0.070499,-0.01227,-0.002277,-0.000309,-0.002041,0.015192,-0.029252,0.531628,0.040106,0.033836,0.005151,-0.048433,0.144341,0.988341,0.778682,-0.614251,0.127866,0.625546,0.775797,-0.082646,-0.006135,-0.001137,-0.000145,-0.002468,0.016785,-0.02845,0.511791,0.082317,0.025052,-0.034611,-0.052401,0.035438,-0.997996,-0.286104,-0.95801,-0.018996,-0.956764,0.284535,0.060339,0.000628,0.005766,-0.004449,0.044807,0.44707,0.198569,-0.729765
695,0.089535,0.005301,0.417069,-0.044914,4.4e-05,-0.999014,-0.355321,-0.934595,0.015881,-0.933623,0.355678,0.043236,-0.000525,-0.001755,-0.000986,0.000901,0.043162,0.016998,-0.703507,-0.100024,0.031586,0.379855,0.1907,-0.262116,0.946002,-0.729743,0.606621,0.315308,-0.656719,-0.750124,-0.076795,-0.01217,-0.0027,-0.000562,-0.002171,0.015455,-0.029781,0.530577,0.039795,0.033799,0.005116,-0.03967,0.137782,0.989667,0.791065,-0.600758,0.115347,0.610443,0.787467,-0.085163,-0.006077,-0.001383,-0.000293,-0.001143,0.013027,-0.021917,0.512445,0.082333,0.025219,-0.034789,-0.057266,0.040727,-0.997527,-0.296279,-0.954848,-0.021975,-0.953382,0.294288,0.066746,-2.2e-05,0.003596,-0.005666,0.0354,-0.006714,-0.010578,-0.727805
696,0.089542,0.005565,0.41664,-0.050579,0.007536,-0.998714,-0.376166,-0.926459,0.012007,-0.925121,0.376275,0.050938,0.000473,0.016317,-0.021579,0.068957,0.103013,0.087107,-0.703704,-0.100695,0.031577,0.37969,0.179108,-0.255139,0.950166,-0.736955,0.604933,0.301476,-0.651898,-0.75389,-0.080884,-0.013955,0.007511,-0.009605,-0.543718,1.235233,-2.639173,0.52913,0.039455,0.033792,0.005033,-0.028252,0.130872,0.990996,0.795685,-0.597137,0.101542,0.60505,0.79139,-0.087262,-0.006977,0.00375,-0.004793,-0.543619,1.261275,-2.620259,0.514241,0.082335,0.025341,-0.034997,-0.063239,0.047703,-0.996857,-0.317713,-0.947851,-0.025203,-0.946075,0.31512,0.075096,-0.000154,0.00314,-0.005918,0.024517,0.131294,0.044577,-0.728622
697,0.089538,0.005892,0.416178,-0.06187,0.021821,-0.997869,-0.396764,-0.917895,0.004475,-0.91577,0.396162,0.06669,0.000346,0.008522,-0.01058,-1.602833,0.252051,0.444547,-0.700297,-0.101298,0.031615,0.379502,0.174649,-0.245761,0.953463,-0.74564,0.599308,0.291177,-0.643165,-0.761469,-0.079791,-0.012187,-0.002611,-0.000512,0.115515,-0.419185,-0.260854,0.529124,0.039158,0.033811,0.004939,-0.021808,0.123758,0.992072,0.802817,-0.589215,0.091151,0.595825,0.798441,-0.086505,-0.007011,0.003917,-0.004697,0.159541,-0.392084,-0.442626,0.515547,0.082331,0.025503,-0.035235,-0.075399,0.060931,-0.995289,-0.337212,-0.940882,-0.032055,-0.938404,0.333206,0.091488,6.2e-05,0.004108,-0.005519,-5.468764,0.396294,0.541971,-0.727968
698,0.089555,0.006081,0.415939,-0.069073,0.0315,-0.997137,-0.407018,-0.913405,-0.000713,-0.910733,0.405759,0.077154,0.000205,0.008049,-0.010843,0.004293,0.752213,0.326004,-0.697155,-0.101648,0.031665,0.379379,0.172302,-0.241132,0.95507,-0.749868,0.596517,0.286008,-0.638865,-0.765137,-0.079248,-0.026222,0.00533,-0.009859,0.070586,-0.118075,-0.113899,0.528422,0.038979,0.033835,0.004877,-0.019441,0.116642,0.992983,0.805782,-0.586133,0.084626,0.591891,0.801774,-0.082593,-0.013115,0.002691,-0.004907,0.072045,-0.107992,-0.103662,0.515874,0.082341,0.025602,-0.035358,-0.08178,0.069208,-0.994244,-0.349423,-0.936256,-0.03643,-0.933388,0.344433,0.10075,0.000111,0.00401,-0.005423,0.004959,0.664292,0.290955,-0.725846
699,0.089643,0.006519,0.415458,-0.078558,0.0472,-0.995814,-0.427359,-0.90402,-0.009189,-0.900579,0.424784,0.092429,0.001293,0.019046,-0.020013,-0.066732,0.70452,0.342505,-0.696027,-0.10237,0.031841,0.379078,0.165379,-0.234109,0.958036,-0.750894,0.599788,0.276308,-0.63948,-0.76477,-0.077815,-0.014019,0.007929,-0.00935,0.028235,0.077324,-0.197279,0.523337,0.038623,0.033921,0.00473,-0.012076,0.109425,0.993921,0.80521,-0.588284,0.07455,0.592866,0.801216,-0.081006,-0.00701,0.003981,-0.004655,0.040245,0.028668,0.006976,0.515874,0.082383,0.025809,-0.035588,-0.091688,0.08356,-0.992275,-0.369971,-0.928002,-0.043962,-0.924507,0.363082,0.116001,0.00659,0.003423,-0.005883,-1.627892,0.17659,0.278554,-0.723559
700,0.089698,0.007022,0.414934,-0.089797,0.061089,-0.994108,-0.447461,-0.894169,-0.014583,-0.889686,0.443434,0.108866,0.000657,0.009554,-0.009982,0.038342,0.301135,0.144462,-0.695782,-0.102989,0.032071,0.378798,0.169195,-0.22104,0.960472,-0.756712,0.595156,0.270388,-0.631577,-0.772255,-0.067786,-0.014098,0.008349,-0.009097,0.08329,-0.176052,-0.107947,0.522454,0.038308,0.034039,0.004587,-0.014899,0.096128,0.995257,0.809882,-0.582591,0.068394,0.586402,0.80706,-0.069173,-0.007047,0.004186,-0.004532,0.083799,-0.155259,-0.097849,0.515547,0.082412,0.026069,-0.035856,-0.105831,0.098725,-0.98947,-0.39124,-0.918937,-0.049842,-0.914182,0.381846,0.135877,0.00067,0.009555,-0.009977,0.073674,0.303368,0.171913,-0.72307
701,0.089709,0.007318,0.414629,-0.0961,0.071278,-0.99284,-0.457388,-0.889036,-0.019607,-0.883955,0.452135,0.119274,0.000656,0.009552,-0.009979,0.038965,0.364548,0.170461,-0.695268,-0.103296,0.032203,0.378629,0.169685,-0.215491,0.961646,-0.756051,0.597351,0.267384,-0.63224,-0.772137,-0.062781,-0.014012,0.007993,-0.009306,0.11284,-0.288688,-0.168567,0.522295,0.038159,0.034103,0.004506,-0.014899,0.091268,0.995714,0.808908,-0.584256,0.065657,0.587744,0.80642,-0.065123,-0.007,0.003983,-0.00465,0.131955,-0.414211,-0.234474,0.515221,0.082418,0.026221,-0.036013,-0.112781,0.108552,-0.987672,-0.401509,-0.914223,-0.054632,-0.908884,0.390398,0.146692,0.000344,0.004781,-0.004983,0.040879,0.316518,0.151512,-0.72307
702,0.089799,0.007892,0.413949,-0.106071,0.089799,-0.990318,-0.476991,-0.878426,-0.028617,-0.872366,0.469221,0.137242,0.000899,0.017715,-0.020721,0.061415,0.348641,0.190136,-0.695187,-0.103904,0.032495,0.378272,0.172888,-0.205197,0.963325,-0.761867,0.591911,0.262934,-0.624341,-0.779109,-0.055221,-0.014003,0.008018,-0.009286,0.030508,-0.152239,-0.086774,0.521985,0.037855,0.034248,0.004327,-0.017562,0.079907,0.996647,0.813594,-0.578255,0.060698,0.581167,0.811933,-0.054857,-0.006995,0.004007,-0.004634,-0.064355,-0.189285,-0.086486,0.514894,0.082463,0.026503,-0.036344,-0.12341,0.125813,-0.984347,-0.421847,-0.904494,-0.062718,-0.898228,0.407504,0.164698,6.7e-05,0.003857,-0.005498,-0.002156,0.456382,0.215371,-0.722743
703,0.089966,0.00841,0.413202,-0.119036,0.109421,-0.986865,-0.496625,-0.867189,-0.036303,-0.85963,0.48564,0.158796,0.000271,0.015612,-0.021888,0.071827,0.520212,0.260047,-0.697971,-0.104424,0.032822,0.377894,0.173263,-0.19148,0.966078,-0.768256,0.587396,0.254327,-0.616355,-0.786003,-0.046558,-0.003394,0.020026,-0.018256,0.186558,-0.500756,-0.220418,0.522851,0.03759,0.034417,0.004136,-0.01685,0.067532,0.997574,0.81852,-0.572068,0.052552,0.57423,0.81742,-0.045637,-0.001683,0.009951,-0.009156,0.195014,-0.658593,-0.305205,0.51669,0.082547,0.026765,-0.036716,-0.137342,0.144236,-0.979965,-0.442231,-0.894193,-0.069633,-0.886323,0.423807,0.186596,3.4e-05,0.007406,-0.011166,0.064533,0.696675,0.30299,-0.723396
704,0.090043,0.008665,0.412792,-0.127785,0.124774,-0.983945,-0.506523,-0.861114,-0.043469,-0.85256,0.492676,0.174464,0.012716,0.012748,-0.023731,0.080875,0.991033,0.48901,-0.698706,-0.104682,0.033006,0.377694,0.172898,-0.188677,0.966695,-0.767779,0.588861,0.252372,-0.617051,-0.78559,-0.044276,-0.013989,0.008047,-0.00926,0.054447,-0.068117,-0.050493,0.524815,0.037466,0.034504,0.004039,-0.016506,0.062843,0.997886,0.817544,-0.573721,0.049653,0.575629,0.816636,-0.041907,-0.006989,0.004032,-0.004618,0.043872,0.063555,-0.206045,0.517996,0.08258,0.026892,-0.036921,-0.145597,0.157246,-0.976767,-0.452467,-0.88857,-0.075603,-0.879815,0.430948,0.200522,-0.000318,0.002556,-0.006229,0.030594,0.633189,0.037542,-0.724376
705,0.090259,0.009112,0.412004,-0.13968,0.152293,-0.978438,-0.531218,-0.845379,-0.055801,-0.835483,0.511776,0.200202,0.012484,0.011983,-0.024148,-1.545382,0.703992,0.712221,-0.699637,-0.105127,0.033454,0.377246,0.166944,-0.176859,0.96997,-0.775503,0.583871,0.240051,-0.60897,-0.792051,-0.040912,-0.013984,0.008088,-0.009227,0.037024,-0.011603,-0.103832,0.523543,0.037239,0.034731,0.003811,-0.009632,0.051069,0.998648,0.822928,-0.566943,0.036929,0.568063,0.822172,-0.036565,-0.006985,0.004052,-0.004603,0.035299,0.042182,-0.074305,0.518486,0.082688,0.027115,-0.037315,-0.160041,0.184233,-0.969765,-0.476717,-0.87469,-0.087498,-0.864365,0.448301,0.227813,3.8e-05,0.007641,-0.01109,-5.325395,0.537894,1.505275,-0.724049
706,0.090549,0.009452,0.411201,-0.152249,0.182228,-0.971421,-0.551022,-0.83156,-0.069686,-0.820311,0.524434,0.228225,-0.001228,0.003219,-0.013522,-0.003839,0.864595,0.363216,-0.70041,-0.105556,0.033867,0.376831,0.162914,-0.165529,0.972651,-0.782598,0.578559,0.22966,-0.600925,-0.798385,-0.036522,-0.001792,0.010507,-0.008812,-1.478121,-0.76819,-0.127116,0.521998,0.037025,0.034933,0.003607,-0.00434,0.042107,0.999103,0.827325,-0.561062,0.02724,0.561706,0.826702,-0.032401,-0.006961,0.003795,-0.004613,-5.231055,-1.772845,-0.312782,0.51718,0.082839,0.02729,-0.03772,-0.174201,0.213384,-0.961311,-0.499016,-0.860729,-0.10063,-0.848903,0.46218,0.256422,0.006045,0.005266,-0.012479,-0.067225,0.871463,0.482501,-0.726172
707,0.090802,0.009835,0.410284,-0.165355,0.214636,-0.962619,-0.570594,-0.81689,-0.084183,-0.804224,0.535073,0.258745,-0.000861,0.011802,-0.023997,0.069493,0.77834,0.342855,-0.701218,-0.105946,0.034175,0.376445,0.164884,-0.158072,0.973559,-0.78839,0.571904,0.226499,-0.592761,-0.804674,-0.031561,-0.013672,0.006736,-0.010019,0.128509,-0.357963,-0.209593,0.522939,0.036829,0.035093,0.003411,-0.006312,0.033957,0.999403,0.833219,-0.552421,0.024032,0.552907,0.832873,-0.024808,-0.006821,0.003318,-0.005033,0.133526,-0.503744,-0.288773,0.51718,0.082965,0.027478,-0.038174,-0.189651,0.24509,-0.950769,-0.519728,-0.846614,-0.11457,-0.833015,0.472413,0.287941,0.005889,0.004727,-0.012779,0.064612,1.018088,0.480748,-0.726172
708,0.090929,0.01002,0.409834,-0.173829,0.229409,-0.957706,-0.580571,-0.809362,-0.088553,-0.795237,0.540334,0.275071,-0.000756,0.012156,-0.023791,0.001169,0.974224,0.167185,-0.701673,-0.106115,0.0343,0.376238,0.164878,-0.158194,0.973541,-0.787978,0.572436,0.226586,-0.59331,-0.804272,-0.031508,-0.001223,0.007873,-0.01037,0.037261,-0.00956,0.018643,0.522792,0.036744,0.035153,0.003312,-0.006416,0.03259,0.999448,0.832646,-0.55331,0.023388,0.553767,0.832337,-0.023586,-0.006639,0.002488,-0.005527,0.0325,0.043855,-0.022778,0.517833,0.083028,0.027569,-0.0384,-0.198353,0.258553,-0.945412,-0.53013,-0.839609,-0.118393,-0.824388,0.477708,0.303606,0.00596,0.00499,-0.012628,-0.193169,1.278754,-0.362283,-0.726825
709,0.091126,0.010432,0.408902,-0.1839,0.263002,-0.94713,-0.604488,-0.79003,-0.102063,-0.774883,0.553429,0.305448,0.011895,0.01,-0.025232,-1.50351,0.709853,0.745609,-0.702021,-0.106425,0.034539,0.37585,0.166635,-0.151779,0.974262,-0.790269,0.570244,0.224121,-0.589762,-0.807069,-0.02616,-0.00129,0.008192,-0.010174,0.042967,-0.03177,0.00642,0.521171,0.03659,0.035271,0.003117,-0.007841,0.025891,0.999633,0.834443,-0.5507,0.020808,0.551037,0.834301,-0.017286,-0.006694,0.002749,-0.00537,0.039373,0.031196,-0.030227,0.5162,0.083126,0.027777,-0.038876,-0.211305,0.291703,-0.932876,-0.554986,-0.821455,-0.131153,-0.804574,0.49002,0.335469,0.005943,0.004935,-0.012653,-1.520493,0.778086,0.771986,-0.726825
710,0.091138,0.010924,0.407949,-0.195492,0.291683,-0.936349,-0.623268,-0.774063,-0.111059,-0.756952,0.561519,0.334286,-0.000665,0.012452,-0.023599,0.021399,0.559171,0.055432,-0.705626,-0.106666,0.034805,0.375528,0.165439,-0.144926,0.975509,-0.793292,0.568017,0.219041,-0.586027,-0.809902,-0.022234,-0.012098,-0.002736,-0.0006,0.033574,-0.123292,-0.105623,0.520952,0.036474,0.035405,0.002951,-0.006223,0.019489,0.99979,0.836572,-0.547625,0.015881,0.54782,0.836496,-0.012896,-0.000857,0.005124,-0.004468,0.079097,-0.184489,-0.076243,0.516363,0.083132,0.028024,-0.039353,-0.224977,0.320112,-0.920278,-0.575351,-0.805892,-0.13967,-0.786356,0.498061,0.365484,-0.000304,0.006264,-0.011777,0.022756,0.481612,0.023245,-0.728132
711,0.091158,0.011121,0.407578,-0.203551,0.302924,-0.931047,-0.628229,-0.769738,-0.11315,-0.750693,0.561499,0.348146,-0.0009,0.004305,-0.012897,0.018091,0.788004,0.118484,-0.707167,-0.106772,0.034932,0.375385,0.165475,-0.145024,0.975488,-0.792971,0.568427,0.219138,-0.58645,-0.809597,-0.022178,-0.001718,0.010225,-0.008954,0.03642,-0.006296,0.020425,0.521014,0.036417,0.035464,0.002883,-0.006249,0.019364,0.999792,0.836213,-0.548175,0.015843,0.548368,0.836139,-0.012767,-0.006053,-0.001323,-0.000271,-0.002365,0.029665,-0.02111,0.516364,0.083142,0.028119,-0.039534,-0.232456,0.328971,-0.915282,-0.580443,-0.802026,-0.140848,-0.780415,0.498528,0.377385,5.8e-05,0.007486,-0.011077,0.035018,0.67793,0.357054,-0.728948
712,0.091143,0.011398,0.407045,-0.213195,0.322944,-0.922117,-0.642225,-0.757534,-0.116878,-0.736023,0.566884,0.370054,-0.001014,-0.003429,-0.001966,-0.040258,0.937999,0.205192,-0.711369,-0.106937,0.035139,0.375147,0.16389,-0.140984,0.976348,-0.796287,0.565212,0.215398,-0.582386,-0.81256,-0.02087,-0.001518,0.009284,-0.00951,0.036007,-0.004697,0.021308,0.520705,0.036334,0.035571,0.002766,-0.004407,0.015434,0.999871,0.838766,-0.544356,0.012099,0.544472,0.838712,-0.010546,-0.000717,0.004469,-0.004854,0.035323,0.00324,0.026132,0.516527,0.083134,0.028259,-0.039806,-0.242713,0.347036,-0.9059,-0.595046,-0.790775,-0.143507,-0.766165,0.504221,0.398434,-0.000222,0.002887,-0.006022,-0.098426,0.292878,0.213713,-0.733357
713,0.091046,0.01153,0.406719,-0.222558,0.349203,-0.910258,-0.656567,-0.743838,-0.124886,-0.720426,0.569413,0.395956,-0.001098,-0.003707,-0.002129,-5.019625,0.121998,2.506233,-0.712394,-0.107059,0.035257,0.374978,0.162099,-0.139782,0.97682,-0.799864,0.561006,0.213131,-0.577966,-0.815678,-0.022108,0.000112,-0.000531,-0.000317,-1e-05,-2e-06,0.0,0.518978,0.036273,0.035631,0.002677,-0.002545,0.01436,0.999893,0.841786,-0.539719,0.009894,0.539804,0.841722,-0.010715,-0.006914,0.003815,-0.004731,0.033528,0.012331,-0.007311,0.515221,0.083087,0.028328,-0.039967,-0.256133,0.371458,-0.89242,-0.605727,-0.781155,-0.151296,-0.753319,0.501811,0.425082,-0.0,0.003638,-0.005595,0.038756,0.893143,0.191753,-0.733357
714,0.091041,0.011496,0.406595,-0.232102,0.378082,-0.89623,-0.671389,-0.728927,-0.133688,-0.70355,0.570216,0.424142,-0.000678,-0.00229,-0.001316,0.013028,0.677838,0.291586,-0.712737,-0.107142,0.035317,0.37484,0.159707,-0.13955,0.977247,-0.800152,0.561382,0.211048,-0.57823,-0.815459,-0.023245,-0.012,-0.003171,-0.000861,-0.002046,0.015213,-0.02926,0.517919,0.036236,0.035663,0.002608,-7.8e-05,0.014216,0.999898,0.841742,-0.539822,0.007741,0.539878,0.841658,-0.011924,-0.00079,0.004808,-0.004652,0.035782,-0.006894,0.026497,0.514077,0.083084,0.02831,-0.040029,-0.265411,0.400922,-0.876822,-0.626271,-0.76314,-0.159372,-0.733035,0.50683,0.453631,-0.000438,-0.001513,-0.000871,0.022657,1.087651,0.43474,-0.735153
715,0.091062,0.011436,0.406549,-0.239428,0.395649,-0.886669,-0.681596,-0.718816,-0.136757,-0.691169,0.571111,0.442882,-0.000937,-0.003164,-0.00182,0.016763,1.283477,0.335895,-0.711561,-0.10717,0.035322,0.374789,0.160255,-0.13675,0.977553,-0.799883,0.562198,0.209893,-0.578452,-0.815374,-0.02053,-0.001504,0.009227,-0.009539,0.130374,-0.369202,-0.180977,0.517709,0.036217,0.035665,0.002583,-0.000406,0.01282,0.999917,0.841527,-0.540165,0.007267,0.540213,0.841461,-0.010569,-0.00075,0.004597,-0.004779,0.13489,-0.536316,-0.272061,0.513588,0.083095,0.028281,-0.040052,-0.272956,0.416105,-0.867381,-0.63695,-0.75386,-0.161205,-0.720963,0.508477,0.470809,-0.000537,-0.001836,-0.001058,0.018687,0.806178,0.319217,-0.73597
716,0.091108,0.011285,0.406472,-0.250732,0.428588,-0.868039,-0.696302,-0.702742,-0.145909,-0.672238,0.567297,0.475707,-0.000743,-0.002511,-0.001446,0.017451,1.032505,0.227463,-0.70978,-0.10721,0.035293,0.37473,0.160192,-0.13676,0.977562,-0.799832,0.562286,0.209849,-0.578539,-0.815312,-0.020553,0.000186,-0.000885,-0.000528,2e-05,-7.8e-05,-4.3e-05,0.515503,0.036197,0.03565,0.002553,-0.000443,0.011351,0.999935,0.841253,-0.540601,0.00651,0.54064,0.841202,-0.00931,0.000109,-0.000512,-0.000304,-0.000294,0.003543,0.001971,0.512281,0.083118,0.028205,-0.040091,-0.286301,0.447893,-0.847008,-0.652773,-0.738288,-0.169756,-0.701368,0.504303,0.503745,-0.000497,-0.001684,-0.000971,0.008369,0.726304,0.064545,-0.733684
717,0.091193,0.011133,0.406382,-0.260357,0.455946,-0.851101,-0.709806,-0.687903,-0.151447,-0.654211,0.564116,0.503793,0.011509,-0.006063,-0.003701,0.023641,1.045367,0.270769,-0.711367,-0.10722,0.035252,0.374707,0.157602,-0.136433,0.978029,-0.800394,0.562343,0.207541,-0.57847,-0.815328,-0.021815,7.4e-05,-0.000352,-0.00021,0.0,-0.0,-0.0,0.51318,0.036192,0.035629,0.002541,0.002219,0.011142,0.999935,0.841432,-0.540345,0.004154,0.540356,0.841369,-0.010575,3.5e-05,-0.000167,-0.0001,-0.000191,-0.00095,0.001992,0.509505,0.083156,0.028131,-0.040134,-0.297498,0.473908,-0.828797,-0.667242,-0.724102,-0.174537,-0.682848,0.501084,0.53163,-0.000581,-0.00197,-0.001137,-0.004811,0.537343,-0.008796,-0.733847
718,0.091203,0.011075,0.406325,-0.265788,0.467595,-0.843064,-0.714221,-0.682833,-0.153619,-0.64718,0.56072,0.516505,-0.000414,0.005951,-0.01196,0.050975,0.729116,0.089067,-0.712812,-0.10722,0.035253,0.374696,0.158081,-0.133606,0.978342,-0.800196,0.563078,0.206309,-0.578614,-0.815293,-0.019141,2.1e-05,-9.9e-05,-5.9e-05,0.094616,-0.364799,-0.202524,0.513043,0.036192,0.035629,0.002536,0.001995,0.010178,0.999945,0.841315,-0.540531,0.003822,0.540541,0.841262,-0.009641,-1e-06,-1.5e-05,-6e-06,0.116081,-0.644319,-0.356442,0.508852,0.083166,0.028098,-0.040159,-0.304225,0.486292,-0.819125,-0.672189,-0.718879,-0.177126,-0.674987,0.496721,0.545581,-0.000403,-0.00138,-0.0008,0.026354,0.907052,0.171498,-0.735153
719,0.091205,0.010947,0.406181,-0.276389,0.498997,-0.821374,-0.727395,-0.667141,-0.160597,-0.627774,0.552453,0.548382,-0.001131,0.003526,-0.013364,0.066423,0.924602,0.172747,-0.708765,-0.107211,0.035254,0.374707,0.155237,-0.133246,0.978846,-0.800808,0.56313,0.203775,-0.578534,-0.815316,-0.020528,-6e-06,3e-05,1.8e-05,-4.8e-05,0.0002,-0.000576,0.511313,0.036197,0.035631,0.002542,0.004828,0.00797,0.999956,0.841237,-0.540664,0.000248,0.540642,0.8412,-0.009315,-4e-06,2.4e-05,1.5e-05,-0.000302,0.000554,0.007101,0.507546,0.083168,0.028039,-0.040228,-0.316367,0.515708,-0.796213,-0.686346,-0.703832,-0.18316,-0.654858,0.488533,0.576624,-0.000843,-0.002877,-0.001668,0.047275,1.206709,0.267657,-0.73499
720,0.091152,0.010741,0.4059,-0.285117,0.535744,-0.794815,-0.744084,-0.646378,-0.168838,-0.603858,0.542601,0.583923,-0.002552,-0.00863,-0.005003,0.047101,1.05657,0.205616,-0.71235,-0.107214,0.035269,0.374716,0.156211,-0.132344,0.978813,-0.804095,0.558366,0.203941,-0.573692,-0.818733,-0.020437,-2e-06,1.2e-05,7e-06,0.0,-0.0,-0.0,0.509842,0.036195,0.035639,0.002547,0.003824,0.007066,0.999967,0.844365,-0.535766,0.000556,0.535753,0.844336,-0.008015,1e-06,-0.0,-1e-06,-7e-05,0.000904,-7.3e-05,0.50526,0.083143,0.027944,-0.040371,-0.32655,0.549976,-0.768694,-0.704329,-0.683937,-0.190128,-0.630305,0.479328,0.610703,-0.000866,0.000713,-0.0073,0.092432,1.44517,0.179938,-0.734337
721,0.091007,0.010482,0.405762,-0.289438,0.581067,-0.760679,-0.767766,-0.615464,-0.178076,-0.571292,0.531756,0.62521,-0.001709,-0.005771,-0.003355,-0.299648,1.199857,0.646564,-0.712882,-0.107204,0.035262,0.374723,0.156657,-0.132388,0.978735,-0.804031,0.558316,0.204332,-0.573661,-0.81876,-0.020222,-0.0,0.0,0.0,0.0,-0.0,-0.0,0.509201,0.0362,0.035635,0.00255,0.003374,0.007102,0.999968,0.844366,-0.535765,0.000955,0.535755,0.844337,-0.007804,-2e-06,-5e-06,-5e-06,-4.5e-05,5e-06,-3.6e-05,0.503953,0.083067,0.027803,-0.040446,-0.333936,0.593633,-0.732178,-0.729676,-0.654533,-0.197886,-0.596707,0.468171,0.651732,-0.000982,-0.003339,-0.001938,-1.204174,1.19619,1.218716,-0.736949
