frame,MLTx,MLTy,MLTz,MLTR1,MLTR2,MLTR3,MLTR4,MLTR5,MLTR6,MLTR7,MLTR8,MLTR9,MLTTVx,MLTTVy,MLTTVz,MLTRVx,MLTRVy,MLTRVz,MLGA,MRTx,MRTy,MRTz,MRTR1,MRTR2,MRTR3,MRTR4,MRTR5,MRTR6,MRTR7,MRTR8,MRTR9,MRTTVx,MRTTVy,MRTTVz,MRTRVx,MRTRVy,MRTRVz,MRGA,SLTx,SLTy,SLTz,SLTR1,SLTR2,SLTR3,SLTR4,SLTR5,SLTR6,SLTR7,SLTR8,SLTR9,SLTTVx,SLTTVy,SLTTVz,SLTRVx,SLTRVy,SLTRVz,SLGA,SRTx,SRTy,SRTz,SRTR1,SRTR2,SRTR3,SRTR4,SRTR5,SRTR6,SRTR7,SRTR8,SRTR9,SRTTVx,SRTTVy,SRTTVz,SRTRVx,SRTRVy,SRTRVz,SRGA
1160,0.155048,0.003001,0.273159,-0.182722,-0.428885,-0.884712,0.012567,-0.900797,0.434026,-0.98287,0.068716,0.17109,-0.05906,-0.031443,0.02633,0.178905,0.344265,0.761372,-1.919397,-0.191618,-0.022731,0.249238,-0.925046,-0.136607,0.354429,0.312015,-0.805111,0.504357,0.217615,0.57731,0.786905,-0.016481,0.010456,-0.008091,0.833994,1.353068,0.955046,0.3091,0.028581,0.040396,-0.050359,0.907443,0.186478,0.376526,-0.366183,0.79043,0.491049,-0.206048,-0.583477,0.785556,-0.000471,0.005283,-0.004618,2.647975,4.869636,2.726536,0.216072,0.078247,0.049196,-0.086558,0.170199,0.433825,-0.884774,-0.014092,0.898854,0.438019,0.985308,-0.062082,0.159097,-0.029585,-0.021407,0.017049,0.251755,0.669691,0.762986,-0.99054
1161,0.152545,0.001644,0.274415,-0.198628,-0.406736,-0.891716,0.001227,-0.909936,0.414714,-0.97984,0.081779,0.182351,-0.058817,-0.027592,0.030958,0.118678,0.343491,0.543915,-1.91906,-0.192054,-0.02229,0.248999,-0.919819,-0.104435,0.378176,0.295142,-0.819006,0.491991,0.259499,0.564287,0.783648,-0.016205,0.013099,-0.003864,2.798146,4.835775,2.678492,0.324807,0.028363,0.040613,-0.050484,0.903506,0.15783,0.398454,-0.351996,0.803657,0.479827,-0.24449,-0.573782,0.781664,-0.00024,0.006274,-0.002984,0.061284,-0.089807,0.140931,0.241382,0.076974,0.048505,-0.085921,0.186318,0.411431,-0.892193,-0.002951,0.908324,0.418254,0.982484,-0.075296,0.170451,-0.029406,-0.013615,0.015747,0.15262,0.39716,0.585371,-0.995112
1162,0.151189,0.001167,0.275029,-0.207237,-0.396767,-0.894245,-0.010143,-0.913156,0.407449,-0.977994,0.093996,0.186332,-0.073344,-0.014168,0.025618,0.107943,0.266687,0.436817,-1.918511,-0.19229,-0.021976,0.248876,-0.915733,-0.088532,0.391901,0.287106,-0.826298,0.484495,0.282079,0.556295,0.781557,-0.000432,0.013201,-0.004939,1.364452,2.794313,-0.178682,0.329207,0.028239,0.040773,-0.050542,0.900484,0.138045,0.412397,-0.340986,0.812682,0.47252,-0.269919,-0.566118,0.778879,-0.008466,0.012751,-0.005055,2.23049,2.542973,4.490582,0.2502,0.076323,0.048274,-0.085621,0.194757,0.401863,-0.894748,0.008402,0.911499,0.411215,0.980814,-0.087605,0.174145,-0.029331,-0.012735,0.016799,0.159503,0.408347,0.592624,-0.992173
1163,0.148562,0.000417,0.276257,-0.215751,-0.375398,-0.901428,-0.035684,-0.919509,0.391409,-0.975542,0.117075,0.186114,-0.073314,-0.023228,0.035899,0.020036,0.155579,0.360493,-1.919253,-0.192824,-0.021143,0.248606,-0.903782,-0.046886,0.425407,0.262812,-0.845101,0.465475,0.338817,0.532548,0.775538,-0.01653,0.026869,-0.007923,0.306899,0.528981,-0.285725,0.334077,0.027972,0.041193,-0.05068,0.888903,0.094475,0.448245,-0.316913,0.833382,0.452813,-0.330781,-0.544562,0.770736,-0.008245,0.013505,-0.003839,0.319692,0.568561,-0.318893,0.26114,0.07501,0.047903,-0.08501,0.203207,0.380624,-0.902125,0.033803,0.918073,0.394966,0.978551,-0.110755,0.173693,-0.029151,-0.005883,0.01428,0.134095,0.270682,0.50868,-0.999194
1164,0.145976,4e-05,0.277463,-0.229256,-0.357062,-0.905535,-0.070729,-0.921728,0.381295,-0.970523,0.1519,0.187188,-0.057956,-0.009346,0.031188,0.100073,0.240885,0.490403,-1.903232,-0.193551,-0.019815,0.248303,-0.881604,0.00811,0.471911,0.225909,-0.870474,0.437236,0.415431,0.492068,0.764951,-0.016604,0.042704,-0.008702,0.910029,2.233236,-1.446306,0.345931,0.027614,0.041838,-0.050834,0.869544,0.038533,0.492349,-0.279686,0.860086,0.426644,-0.407023,-0.50869,0.75866,-0.016178,0.020977,-0.00434,0.588371,0.686671,0.154802,0.270611,0.073711,0.047709,-0.084405,0.216068,0.363192,-0.906313,0.068956,0.920246,0.385215,0.973939,-0.145729,0.173792,-0.036161,0.002135,0.013081,0.146107,0.254524,0.522723,-1.011767
1165,0.144737,-7.2e-05,0.278058,-0.232849,-0.343291,-0.909933,-0.095486,-0.923045,0.372614,-0.967539,0.17407,0.183287,-0.057832,-0.008509,0.032084,-0.069,-0.397557,1.077673,-1.887023,-0.193971,-0.018886,0.248118,-0.866349,0.033759,0.498287,0.208592,-0.881923,0.422651,0.454798,0.47006,0.756349,-0.01693,0.056153,-0.013295,1.172225,1.132769,1.156523,0.358692,0.027405,0.042297,-0.050924,0.853651,0.013948,0.520657,-0.26521,0.871984,0.411468,-0.448266,-0.489334,0.748069,-0.016066,0.021906,-0.002865,3.55506,4.563013,2.656106,0.282858,0.073091,0.047653,-0.084107,0.221139,0.349257,-0.910558,0.093099,0.921849,0.376198,0.970788,-0.167965,0.171342,-0.02876,0.001463,0.012306,-0.200713,-1.340378,2.756812,-1.020585
1166,0.142514,-0.000379,0.27929,-0.239419,-0.319111,-0.917002,-0.132759,-0.924824,0.356437,-0.961515,0.207469,0.180201,-0.043131,-0.009657,0.030692,0.051663,0.128383,0.445809,-1.880952,-0.195139,-0.016698,0.247536,-0.827436,0.077281,0.556209,0.176778,-0.904161,0.388813,0.533979,0.419949,0.733739,-0.032761,0.052861,-0.01747,1.70837,3.153317,-0.613706,0.373888,0.026828,0.043403,-0.051197,0.817019,-0.031905,0.575726,-0.232607,0.895383,0.379714,-0.527611,-0.444151,0.724123,-0.016656,0.032219,-0.012462,3.477529,3.075962,3.516717,0.309311,0.071975,0.047504,-0.083487,0.227118,0.324685,-0.918148,0.130439,0.924149,0.359073,0.965091,-0.201314,0.16754,-0.02889,-0.003994,0.016289,0.125924,0.28568,0.550895,-1.025157
1167,0.140513,-0.000758,0.280574,-0.2454,-0.294662,-0.923579,-0.164182,-0.926299,0.339097,-0.955129,0.235211,0.180088,-0.042983,-0.008709,0.031667,-0.021538,-0.067694,0.33699,-1.881856,-0.196886,-0.014539,0.246459,-0.771275,0.127921,0.623508,0.135433,-0.924082,0.357301,0.622833,0.359864,0.694579,-0.064989,0.057899,-0.033305,3.357148,3.082253,3.118834,0.374303,0.025967,0.044487,-0.051719,0.761148,-0.081115,0.643484,-0.195983,0.917003,0.347412,-0.618258,-0.390545,0.682078,-0.024684,0.029003,-0.017068,0.062277,1.411263,-0.44962,0.318455,0.070974,0.047313,-0.082845,0.234283,0.299226,-0.924972,0.161351,0.926288,0.34052,0.958684,-0.229024,0.168733,-0.021549,-0.004608,0.015567,-0.034476,-0.070508,0.297159,-1.035771
1168,0.138934,-0.001379,0.281937,-0.25269,-0.264425,-0.930738,-0.196066,-0.927986,0.316817,-0.947176,0.262865,0.183809,-0.028771,-0.022202,0.036996,0.023462,0.182007,0.493932,-1.885005,-0.199086,-0.012122,0.244961,-0.721773,0.168098,0.6714,0.098531,-0.935133,0.340223,0.685929,0.311512,0.657514,-0.06524,0.068936,-0.041932,2.938121,1.051093,4.294395,0.371172,0.024866,0.045686,-0.052475,0.710982,-0.123719,0.692241,-0.159861,0.930191,0.330436,-0.684798,-0.345596,0.641571,-0.032377,0.028508,-0.017426,-0.227181,1.311212,-0.97333,0.318292,0.07018,0.047009,-0.082164,0.240927,0.269878,-0.932265,0.193101,0.928027,0.318554,0.951138,-0.25677,0.171473,-0.021513,-0.004352,0.015798,0.116917,0.182896,0.762149,-1.04067
1169,0.138268,-0.001731,0.282674,-0.256533,-0.25109,-0.933376,-0.209114,-0.928383,0.307163,-0.943342,0.274286,0.186819,-0.02847,-0.020323,0.039225,0.011309,0.13563,0.495006,-1.884334,-0.200222,-0.010797,0.244202,-0.694926,0.188391,0.693959,0.081634,-0.938076,0.336576,0.71525,0.290315,0.635609,-0.064842,0.070629,-0.039366,-0.378525,1.321006,0.013106,0.37123,0.024297,0.046343,-0.052862,0.686296,-0.147925,0.712119,-0.137169,0.935204,0.326461,-0.71427,-0.32173,0.621537,-0.032446,0.035105,-0.019961,0.352262,-0.142656,1.860576,0.316169,0.069846,0.046829,-0.0818,0.245107,0.256293,-0.935005,0.205962,0.928645,0.308541,0.947365,-0.268201,0.17483,-0.014282,-0.010337,0.019437,0.050519,0.229762,0.561923,-1.045895
1170,0.137279,-0.002517,0.284215,-0.260745,-0.229118,-0.93785,-0.236095,-0.926803,0.292003,-0.935787,0.29784,0.188736,-0.01397,-0.031973,0.046893,-1.64847,0.426144,0.679167,-1.886759,-0.202607,-0.007959,0.242731,-0.639073,0.227561,0.734706,0.042896,-0.943117,0.329581,0.768698,0.241863,0.592004,-0.064136,0.0728,-0.036162,0.897212,1.820916,0.517377,0.383815,0.023105,0.047759,-0.053603,0.63124,-0.190461,0.751837,-0.099932,0.941324,0.322367,-0.769122,-0.278624,0.575169,-0.032009,0.036356,-0.018152,3.597012,3.395704,2.804646,0.323517,0.069346,0.046441,-0.081033,0.249459,0.234279,-0.939618,0.231037,0.927876,0.292689,0.94042,-0.2901,0.17734,-0.014275,-0.009621,0.020139,-5.252275,1.523016,1.383555,-1.05357
1171,0.13664,-0.00342,0.285938,-0.258214,-0.207232,-0.943624,-0.253796,-0.927869,0.273165,-0.931852,0.310275,0.188171,-0.01324,-0.018297,0.041829,-0.02493,0.0383,0.462423,-1.890907,-0.204893,-0.005333,0.241455,-0.588265,0.256549,0.766889,0.017864,-0.943909,0.329621,0.809157,0.20729,0.549691,-0.047963,0.060659,-0.030613,0.902587,1.773227,0.679415,0.392903,0.021938,0.049102,-0.05425,0.580332,-0.222139,0.783497,-0.074146,0.94367,0.32247,-0.810997,-0.245233,0.531171,-0.023964,0.030298,-0.015315,0.8604,1.831601,0.733684,0.339357,0.069027,0.045983,-0.080169,0.246913,0.212488,-0.945453,0.250259,0.928582,0.274054,0.936164,-0.304276,0.176101,-0.00682,-0.014845,0.024799,-0.033022,0.249086,0.332584,-1.055693
1172,0.136433,-0.00387,0.286804,-0.256964,-0.196386,-0.946281,-0.262599,-0.92811,0.263868,-0.929758,0.316536,0.1881,-0.013296,-0.01859,0.04143,-0.026967,0.16157,0.304447,-1.892527,-0.205916,-0.004147,0.240888,-0.565687,0.269301,0.779401,0.002495,-0.94453,0.328315,0.825274,0.187339,0.532626,-0.063062,0.061731,-0.028191,4.160684,2.788281,2.449959,0.394763,0.021426,0.049694,-0.054536,0.55771,-0.236175,0.795726,-0.060068,0.944667,0.322482,-0.827859,-0.22765,0.512664,-0.031432,0.030877,-0.014144,4.209213,2.735338,2.397184,0.343766,0.068923,0.045761,-0.079733,0.245617,0.201547,-0.948182,0.258957,0.928956,0.26454,0.934137,-0.310514,0.175976,-0.006867,-0.015091,0.024479,-0.031316,0.141075,0.497786,-1.056019
1173,0.136221,-0.004892,0.288553,-0.252149,-0.17538,-0.951687,-0.275187,-0.929842,0.244209,-0.92744,0.323682,0.187384,0.000829,-0.03246,0.046513,-0.049064,0.094411,0.511132,-1.897779,-0.207589,-0.002128,0.239927,-0.526549,0.28429,0.801197,-0.019477,-0.946142,0.323064,0.85053,0.154156,0.502691,-0.031765,0.049481,-0.023417,0.379545,0.762444,-0.081975,0.394911,0.020614,0.050666,-0.054999,0.519761,-0.253227,0.815918,-0.037701,0.947331,0.318028,-0.853478,-0.19606,0.482839,-0.015639,0.018636,-0.008599,4.437139,3.196906,1.748288,0.347195,0.068812,0.045265,-0.078873,0.240678,0.181238,-0.953532,0.271184,0.930731,0.245352,0.93195,-0.317634,0.174858,-0.007011,-0.015867,0.023518,0.022008,0.32071,0.627467,-1.059285
1174,0.136122,-0.0059,0.290143,-0.251358,-0.15753,-0.955012,-0.286443,-0.930361,0.228799,-0.924242,0.331259,0.189922,0.001007,-0.022108,0.037488,-5.328123,1.229701,1.49631,-1.897485,-0.208676,-0.000438,0.239191,-0.498726,0.283768,0.818987,-0.038742,-0.951171,0.306116,0.866467,0.120593,0.48431,-0.031244,0.03802,-0.015794,0.194368,0.418055,-0.392518,0.394969,0.020064,0.05152,-0.055372,0.491093,-0.254473,0.833109,-0.01704,0.95339,0.301257,-0.87094,-0.162141,0.463866,-0.008071,0.025114,-0.01148,1.496708,0.826353,0.373517,0.347848,0.068763,0.044763,-0.078075,0.239755,0.164246,-0.956838,0.276573,0.933189,0.229488,0.930604,-0.319657,0.17831,0.000505,-0.010896,0.018934,-0.031594,0.150066,0.332673,-1.059448
1175,0.136112,-0.006708,0.291508,-0.249327,-0.144639,-0.957581,-0.291357,-0.931768,0.216545,-0.92326,0.333163,0.191367,0.000676,-0.023992,0.035235,-0.096868,-0.060266,0.151959,-1.890495,-0.209322,0.000913,0.23867,-0.467266,0.287069,0.836209,-0.064247,-0.954273,0.291836,0.882313,0.082292,0.463264,-0.015623,0.039449,-0.01423,0.168871,0.405734,-0.194778,0.391963,0.019723,0.052222,-0.055647,0.458734,-0.258862,0.85003,0.008722,0.95789,0.287002,-0.88853,-0.124244,0.441675,-0.007791,0.019827,-0.00693,0.187231,0.373769,-0.216379,0.346215,0.068758,0.044349,-0.077373,0.238682,0.149262,-0.959557,0.287039,0.933121,0.216548,0.927706,-0.327117,0.179875,0.000541,-0.006046,0.014032,-0.076964,-0.141532,0.158765,-1.046385
1176,0.136106,-0.007031,0.292094,-0.249252,-0.138648,-0.958486,-0.298882,-0.930372,0.212249,-0.920872,0.339545,0.191652,0.00091,-0.013343,0.026581,-0.065782,0.032012,0.00166,-1.887425,-0.209505,0.001568,0.238497,-0.446841,0.289617,0.846431,-0.08228,-0.955374,0.283592,0.891331,0.056725,0.449639,0.000204,0.02891,-0.005798,0.350013,2.415333,-2.20711,0.389323,0.019632,0.052547,-0.055737,0.438717,-0.2629,0.859308,0.027043,0.959677,0.2798,-0.898218,-0.099515,0.428136,8.5e-05,0.014576,-0.002681,0.369096,2.379487,-2.221389,0.344255,0.068755,0.044183,-0.077077,0.238427,0.143328,-0.960524,0.294598,0.931771,0.212165,0.925399,-0.333555,0.179935,0.000258,-0.012337,0.017211,-0.108512,-0.098814,0.125135,-1.045405
1177,0.136094,-0.007462,0.293013,-0.247332,-0.132801,-0.95981,-0.312986,-0.926508,0.20879,-0.916699,0.352208,0.188787,0.000943,-0.003852,0.016558,-0.034766,-0.000176,0.007212,-1.884556,-0.209514,0.003028,0.238372,-0.400266,0.290231,0.86922,-0.129798,-0.95685,0.259852,0.907611,-0.009163,0.419548,0.001015,0.034108,0.002389,0.040328,0.373618,-0.397732,0.387989,0.019626,0.053261,-0.055805,0.391151,-0.26538,0.881234,0.074962,0.963529,0.256889,-0.917268,-0.034423,0.396779,0.008187,0.017406,0.001436,0.086594,0.19716,-0.247446,0.339683,0.06875,0.043963,-0.076607,0.236291,0.137807,-0.961859,0.308774,0.927933,0.2088,0.921316,-0.346336,0.176711,0.000432,-0.002059,0.008125,-0.033525,-0.001205,0.006089,-1.046222
1178,0.136047,-0.007487,0.293454,-0.244096,-0.129954,-0.961028,-0.325522,-0.9225,0.20737,-0.913199,0.36361,0.184074,0.000762,0.004392,0.005103,-0.000343,-0.053788,0.053589,-1.882603,-0.209152,0.004196,0.238541,-0.358638,0.286363,0.888462,-0.189623,-0.954227,0.231146,0.914415,-0.085918,0.395382,0.001171,0.021453,0.008062,4.95941,1.642086,1.787888,0.377762,0.019808,0.053857,-0.055712,0.350925,-0.261017,0.899288,0.129976,0.964646,0.229266,-0.927338,0.03643,0.372444,0.008203,0.010831,0.003877,0.132798,0.472965,-0.448415,0.333315,0.068726,0.04395,-0.076386,0.232878,0.135193,-0.963062,0.321341,0.92397,0.207409,0.917881,-0.357773,0.171729,0.000411,0.002425,0.00282,0.016036,-0.156816,0.252798,-1.044752
1179,0.136014,-0.007424,0.293543,-0.239887,-0.130166,-0.962059,-0.337286,-0.918062,0.208259,-0.910046,0.374605,0.177527,0.000455,0.002624,0.003046,-0.11782,-0.414463,-0.281383,-1.883785,-0.208944,0.004598,0.238721,-0.3386,0.282422,0.897541,-0.21914,-0.951271,0.216786,0.915433,-0.12362,0.382837,0.001339,0.022629,0.009863,0.499089,2.432839,-2.425392,0.36984,0.019912,0.054056,-0.055625,0.330592,-0.262473,0.90654,0.165934,0.96175,0.217946,-0.929071,0.078375,0.3615,0.008217,0.011025,0.004159,0.45982,0.441855,-0.185114,0.324171,0.068709,0.043982,-0.076342,0.230227,0.133019,-0.964002,0.332944,0.920063,0.206471,0.914408,-0.368494,0.167535,-0.007199,0.001572,0.001661,-0.138022,0.067313,0.002421,-1.045569
1180,0.135935,-0.007284,0.293515,-0.231579,-0.127528,-0.964445,-0.360539,-0.909519,0.206781,-0.903269,0.39576,0.165849,0.0004,0.011572,-0.007567,-0.026432,-0.247421,-0.140767,-1.88401,-0.208387,0.005529,0.23927,-0.299937,0.268297,0.915448,-0.290456,-0.939701,0.180366,0.908995,-0.212115,0.358606,0.017108,0.026952,0.01575,0.317081,0.266053,-0.713098,0.359147,0.020184,0.054516,-0.055359,0.288189,-0.248573,0.924747,0.23813,0.953986,0.182221,-0.927491,0.167696,0.334121,0.008586,0.01385,0.008486,0.810144,0.730855,-1.31654,0.309148,0.068669,0.044048,-0.076353,0.220665,0.132182,-0.96635,0.356474,0.9113,0.206052,0.907872,-0.389947,0.153972,-2.2e-05,-0.00014,-0.000158,-0.090568,-0.427432,-0.052881,-1.046548
1181,0.135758,-0.007158,0.293404,-0.225149,-0.124942,-0.966304,-0.377752,-0.902976,0.204715,-0.897853,0.411265,0.157312,-7.9e-05,-0.000455,-0.000529,-1.612175,0.173583,0.389213,-1.883134,-0.207738,0.006465,0.240006,-0.276947,0.23938,0.930585,-0.34584,-0.928349,0.136005,0.896793,-0.284445,0.338699,0.017305,0.014888,0.022189,1.7026,0.283282,-0.333453,0.338342,0.020509,0.054994,-0.054985,0.263629,-0.220218,0.939149,0.293629,0.94571,0.139332,-0.918847,0.23903,0.313979,0.008694,0.00781,0.011316,5.390672,0.579626,0.808567,0.28694,0.06858,0.044112,-0.076415,0.213614,0.130696,-0.968135,0.372076,0.905432,0.204328,0.903287,-0.403868,0.144784,-0.007515,0.000212,1.6e-05,-5.339048,1.005675,0.98832,-1.043119
1182,0.135463,-0.007104,0.293429,-0.223801,-0.122304,-0.966954,-0.394247,-0.895943,0.204515,-0.891077,0.427137,0.153501,-0.014655,0.001578,0.001485,-0.001842,0.011615,-0.031664,-1.888616,-0.206905,0.007091,0.240871,-0.26292,0.218884,0.939657,-0.400264,-0.910858,0.100302,0.878161,-0.349989,0.325892,0.032405,0.015689,0.022431,0.11621,0.121224,-0.752708,0.325935,0.020908,0.0553,-0.054562,0.248363,-0.201033,0.947576,0.351507,0.930252,0.105226,-0.902639,0.306946,0.301705,0.008545,0.014186,0.008774,0.371356,-0.104418,-0.928852,0.262283,0.068438,0.044137,-0.076405,0.212585,0.127316,-0.968812,0.390211,0.897926,0.203624,0.895847,-0.421329,0.141205,-0.007311,0.00087,0.000842,0.007266,-0.081104,0.144327,-1.045895
1183,0.135255,-0.007075,0.293458,-0.222335,-0.118025,-0.967824,-0.405429,-0.891557,0.201807,-0.886418,0.437394,0.15158,-0.014649,0.001611,0.00152,-0.000257,-0.027484,0.031969,-1.891932,-0.206387,0.007442,0.241305,-0.25684,0.209335,0.943506,-0.424978,-0.901224,0.084389,0.868281,-0.379532,0.319227,0.032233,0.029284,0.017969,2.129216,2.186558,-1.854295,0.324234,0.021191,0.055486,-0.05433,0.243288,-0.191069,0.950948,0.376602,0.922097,0.088923,-0.893857,0.336495,0.296292,0.016062,0.014729,0.009032,2.125448,2.221576,-1.810011,0.256405,0.068334,0.044152,-0.07639,0.21124,0.122857,-0.969681,0.40138,0.893659,0.200663,0.891219,-0.431599,0.139464,-0.007315,0.000844,0.000812,0.003993,-0.133659,0.193431,-1.049814
1184,0.134724,-0.006968,0.293554,-0.223189,-0.111882,-0.968356,-0.426778,-0.881902,0.200204,-0.876123,0.458091,0.15029,-0.014251,0.003837,0.004091,-0.013587,0.001102,-0.003769,-1.896087,-0.205415,0.008017,0.242146,-0.245198,0.188572,0.950952,-0.46848,-0.881774,0.05418,0.849033,-0.432426,0.303337,0.01684,0.013247,0.019156,0.171824,0.72778,-0.851053,0.306862,0.021672,0.055777,-0.053904,0.230314,-0.171166,0.957943,0.422257,0.904481,0.060092,-0.876729,0.390658,0.280591,0.008324,0.006518,0.009445,0.537404,2.217842,-2.305193,0.242689,0.068068,0.044201,-0.076347,0.212121,0.116668,-0.970253,0.422781,0.884169,0.198747,0.881056,-0.452363,0.138226,-0.014543,0.002183,0.002183,-0.044121,0.04172,-0.057426,-1.047202
1185,0.134061,-0.006797,0.293752,-0.221526,-0.104579,-0.969554,-0.448415,-0.871953,0.196452,-0.865681,0.478408,0.147474,-0.014074,0.004765,0.005149,-0.002156,0.014952,-0.029375,-1.895934,-0.20457,0.008414,0.242755,-0.229417,0.161847,0.959773,-0.511014,-0.85923,0.022863,0.82864,-0.485386,0.278603,0.016194,0.008944,0.012569,-0.018201,0.331939,-0.390967,0.274935,0.022083,0.055977,-0.053597,0.212585,-0.144759,0.96636,0.466694,0.883918,0.029744,-0.858489,0.444671,0.255466,0.008044,0.004069,0.00571,-0.007797,0.408425,-0.426044,0.204805,0.067737,0.044287,-0.076247,0.210472,0.109329,-0.971466,0.444471,0.874377,0.194699,0.870715,-0.472768,0.135438,-0.014318,0.00341,0.003589,-0.003757,0.017155,-0.040091,-1.054713
1186,0.133693,-0.006657,0.29389,-0.21971,-0.10219,-0.970222,-0.464408,-0.863627,0.196075,-0.85768,0.493781,0.143499,-0.013845,0.005986,0.006551,-1.619762,0.2979,0.179806,-1.893868,-0.204105,0.008558,0.242888,-0.225329,0.150905,0.96252,-0.529864,-0.847995,0.009026,0.817843,-0.508131,0.269809,0.030283,0.017015,-0.00091,0.555988,2.231348,-2.3212,0.268911,0.022311,0.05605,-0.053519,0.208698,-0.136853,0.968357,0.486307,0.873588,0.018652,-0.848498,0.467026,0.248868,0.007834,0.00253,0.003387,0.121803,0.230362,-0.190837,0.189619,0.067558,0.044354,-0.076183,0.207921,0.108482,-0.97211,0.455413,0.868805,0.19436,0.865659,-0.483124,0.131239,-0.014213,0.003968,0.004227,-0.00743,-0.020853,-0.064043,-1.058958
1187,0.132919,-0.006372,0.29423,-0.213527,-0.096414,-0.972191,-0.48635,-0.852546,0.191314,-0.847024,0.513792,0.136362,-0.013571,0.007372,0.008122,-0.021344,-0.208516,0.09408,-1.888608,-0.203138,0.008624,0.242968,-0.226324,0.140834,0.963813,-0.567827,-0.823005,-0.01296,0.791669,-0.550358,0.265006,0.030083,0.000921,-0.000351,0.157318,-0.350435,-0.496795,0.256413,0.022816,0.056088,-0.053481,0.206097,-0.123789,0.970669,0.525826,0.850585,-0.003172,-0.825245,0.511057,0.240395,0.01502,0.000218,-0.000519,0.141653,-0.316864,-0.451077,0.170024,0.067165,0.044499,-0.076009,0.202573,0.101239,-0.974019,0.482503,0.855206,0.189239,0.852146,-0.508303,0.124394,-0.014131,0.004326,0.004619,-0.028126,-0.07709,-0.142312,-1.066633
1188,0.132164,-0.006026,0.294592,-0.203346,-0.094196,-0.974588,-0.513579,-0.837173,0.188017,-0.833364,0.538874,0.123074,-0.013416,0.008071,0.008891,-1.665058,-0.013924,0.218064,-1.883024,-0.201827,0.008609,0.242848,-0.224008,0.121406,0.966992,-0.591797,-0.805247,-0.035875,0.774581,-0.580419,0.250997,0.029689,-0.002167,-0.005038,0.62242,1.743198,-2.01879,0.249449,0.023461,0.056081,-0.05354,0.205087,-0.10683,0.972895,0.551219,0.833996,-0.024619,-0.808762,0.541328,0.229928,0.022365,-0.000943,-0.002752,0.04825,-0.106545,-0.216614,0.154675,0.066799,0.044669,-0.075831,0.191988,0.099751,-0.976314,0.504792,0.843095,0.185405,0.84162,-0.528431,0.111511,-0.006744,0.003861,0.00426,-0.080809,-0.456372,-0.082589,-1.061898
1189,0.131388,-0.005691,0.294956,-0.192792,-0.096618,-0.976495,-0.525414,-0.830289,0.185831,-0.828494,0.549007,0.110526,-0.028084,0.00919,0.009726,-0.099378,-0.520734,-0.158557,-1.868386,-0.20029,0.008428,0.242591,-0.225689,0.112289,0.967702,-0.620554,-0.782271,-0.053836,0.751233,-0.61277,0.244999,0.044552,-0.003316,-0.007798,0.755491,0.234212,-0.638327,0.243964,0.024223,0.055987,-0.053674,0.205063,-0.095678,0.97406,0.581086,0.812731,-0.042502,-0.787583,0.574729,0.222258,0.014784,-0.001347,-0.003092,2.33516,1.337067,-1.831023,0.14847,0.066395,0.044845,-0.075641,0.182276,0.099859,-0.978163,0.521553,0.83352,0.182281,0.833521,-0.543389,0.099849,-0.014049,0.004571,0.004852,-0.138567,-0.678316,-0.273539,-1.057326
1190,0.130996,-0.005514,0.295148,-0.190987,-0.096421,-0.976869,-0.535653,-0.823688,0.185972,-0.822336,0.558897,0.106883,-0.013323,0.008347,0.00915,-5.404301,0.881814,0.72717,-1.857349,-0.199486,0.008346,0.242472,-0.22976,0.10848,0.967178,-0.625579,-0.777709,-0.061263,0.745816,-0.619226,0.245318,0.04461,-0.002924,-0.007284,0.575397,-0.302349,-0.059175,0.237258,0.024625,0.055944,-0.053736,0.209355,-0.090718,0.973622,0.586525,0.808336,-0.050802,-0.782405,0.581689,0.222437,0.022534,-0.007325,-9.5e-05,1.71315,-0.451707,0.111853,0.141775,0.066204,0.044929,-0.075549,0.179231,0.102784,-0.978422,0.52702,0.829759,0.183708,0.830737,-0.548575,0.094549,-0.013998,0.004808,0.005107,0.005863,0.033697,-0.022263,-1.054713
1191,0.130085,-0.005104,0.295527,-0.182967,-0.100284,-0.978014,-0.546743,-0.816376,0.185941,-0.816854,0.568865,0.095759,-0.02778,0.010451,0.011081,-0.018057,-0.181091,0.072929,-1.810942,-0.197796,0.008085,0.242261,-0.2344,0.100417,0.966936,-0.639961,-0.764635,-0.07561,0.732046,-0.636617,0.242262,0.044693,-0.002456,-0.006738,0.0759,-0.216536,-0.062737,0.231765,0.025486,0.05581,-0.053846,0.214042,-0.082539,0.97333,0.602369,0.795566,-0.065001,-0.768983,0.600217,0.220004,0.02236,-0.001248,-0.003415,0.072082,-0.231204,-0.05922,0.131161,0.065754,0.045132,-0.075361,0.171856,0.10516,-0.979492,0.543048,0.81946,0.183258,0.821927,-0.563405,0.083722,-0.013888,0.005258,0.005592,-0.01606,-0.057577,-0.08459,-1.047365
1192,0.129151,-0.004737,0.295918,-0.179771,-0.10302,-0.978322,-0.557006,-0.80905,0.187493,-0.810611,0.578762,0.08928,-0.02787,0.00976,0.010232,-0.007411,-0.135209,0.104218,-1.783289,-0.19623,0.007696,0.242198,-0.233715,0.089374,0.968184,-0.65352,-0.751703,-0.088248,0.720185,-0.653431,0.232861,0.045316,-0.013521,0.001257,1.085938,1.823568,-1.717858,0.225522,0.026252,0.055619,-0.05388,0.21324,-0.07422,0.974176,0.616449,0.783793,-0.075221,-0.75797,0.61657,0.212889,0.015145,-0.006841,0.001008,1.582544,-0.153863,0.461478,0.121527,0.065287,0.045318,-0.075164,0.168623,0.107916,-0.979754,0.553361,0.812205,0.184699,0.815694,-0.573303,0.07724,-0.006657,0.004056,0.004414,-0.000764,-0.010152,-0.012011,-1.035934
1193,0.128704,-0.004561,0.296089,-0.178745,-0.104615,-0.978341,-0.561998,-0.805301,0.188735,-0.807389,0.583688,0.08637,-0.027924,0.009385,0.009777,-0.005348,-0.003229,-0.0465,-1.769462,-0.195526,0.007465,0.242227,-0.235356,0.0856,0.968128,-0.657809,-0.747287,-0.093723,0.715734,-0.658975,0.230955,0.030384,-0.013132,0.002863,-0.010263,-0.071845,-0.015599,0.223578,0.026621,0.055499,-0.053865,0.214421,-0.067653,0.974394,0.62152,0.779022,-0.082681,-0.753482,0.623334,0.209087,0.015206,-0.006531,0.001467,-0.017751,-0.062568,0.011104,0.118098,0.065053,0.04541,-0.075074,0.167471,0.109468,-0.97978,0.558399,0.808502,0.185777,0.812491,-0.578221,0.074274,-0.013972,0.004665,0.004873,0.004539,0.032491,-0.022414,-1.034302
1194,0.127937,-0.004219,0.29636,-0.178078,-0.108279,-0.978064,-0.571632,-0.797633,0.192328,-0.800747,0.593473,0.081364,-0.02814,0.008126,0.008302,-0.027707,-0.101308,-0.113432,-1.741886,-0.19415,0.006842,0.242471,-0.240641,0.080929,0.96723,-0.674591,-0.730408,-0.106602,0.698141,-0.678205,0.22913,0.030581,-0.011633,0.005039,-0.004983,-0.095101,-0.02793,0.223567,0.027298,0.055191,-0.053746,0.219777,-0.062701,0.973532,0.639423,0.762936,-0.095214,-0.736773,0.643426,0.207768,0.015554,-0.011869,0.005796,-0.043771,-0.06325,-0.014324,0.115322,0.064681,0.045578,-0.074941,0.166838,0.112897,-0.979499,0.568107,0.800938,0.189081,0.805865,-0.588007,0.069489,-0.006848,0.002995,0.003182,-0.028711,-0.130373,-0.09377,-1.035118
1195,0.127332,-0.003961,0.296525,-0.177584,-0.113214,-0.977595,-0.576357,-0.793203,0.196503,-0.797464,0.598478,0.076827,-0.013958,0.004563,0.004702,-0.051718,-0.206754,-0.180742,-1.730021,-0.193036,0.005931,0.242952,-0.253739,0.073367,0.964482,-0.673123,-0.72944,-0.12148,0.69493,-0.680097,0.233246,0.016187,-0.023191,0.013545,0.008601,-0.221764,-0.210217,0.213871,0.027861,0.054741,-0.053508,0.23205,-0.05453,0.971173,0.638306,0.76192,-0.109734,-0.733973,0.64537,0.211611,0.015882,-0.01751,0.009678,-0.011838,-0.287475,-0.244051,0.110423,0.064373,0.04571,-0.074855,0.166532,0.117217,-0.979043,0.572855,0.796653,0.192821,0.80256,-0.592961,0.065519,-0.006675,0.00824,-0.001224,-0.039449,-0.341191,-0.210494,-1.040017
1196,0.126965,-0.003663,0.296555,-0.177171,-0.116846,-0.977243,-0.58557,-0.785536,0.200032,-0.790819,0.607826,0.071971,0.000473,0.002343,0.002653,-0.050805,-0.239178,-0.128553,-1.721028,-0.192019,0.004555,0.243764,-0.268837,0.065224,0.96097,-0.678855,-0.720583,-0.140887,0.683601,-0.690283,0.236775,0.031873,-0.034985,0.019412,-0.031116,-0.208261,-0.18168,0.192715,0.028357,0.054076,-0.053112,0.247032,-0.045676,0.967929,0.645056,0.753152,-0.129089,-0.723102,0.656258,0.215516,0.008421,-0.017268,0.010621,-0.005384,-0.306494,-0.259792,0.087726,0.064184,0.045858,-0.074841,0.166122,0.120879,-0.978667,0.582155,0.789032,0.196273,0.795925,-0.602342,0.060705,-0.006883,0.007153,-0.002463,-0.0398,-0.324648,-0.234094,-1.049324
1197,0.126858,-0.003466,0.296496,-0.176907,-0.118645,-0.977074,-0.589978,-0.781803,0.2017,-0.787597,0.612278,0.069527,0.000389,0.001923,0.002177,-0.049315,-0.232611,-0.124218,-1.712801,-0.19157,0.003719,0.244259,-0.276854,0.056326,0.959255,-0.676926,-0.719933,-0.152977,0.682324,-0.691734,0.236225,0.032523,-0.046623,0.026705,0.026498,-0.102044,-0.432461,0.183598,0.028588,0.053644,-0.052858,0.254347,-0.036579,0.96642,0.643403,0.752457,-0.140854,-0.722038,0.657624,0.21492,0.008723,-0.023129,0.014214,0.225842,0.280955,-0.985523,0.074663,0.06413,0.045957,-0.07487,0.165866,0.122603,-0.978496,0.586601,0.78534,0.197836,0.792708,-0.606802,0.058342,0.000352,0.006151,-0.00336,-0.038544,-0.337509,-0.203565,-1.050141
1198,0.126767,-0.003113,0.296303,-0.174416,-0.125899,-0.976613,-0.594294,-0.777322,0.20629,-0.784906,0.61653,0.061974,0.000554,0.01157,-0.007557,0.015601,-0.101572,-0.041899,-1.710651,-0.190591,0.001771,0.245538,-0.292897,0.046388,0.955013,-0.672038,-0.720457,-0.170995,0.680476,-0.691913,0.240981,0.01776,-0.044143,0.03164,-0.039976,-0.288341,-0.279411,0.168393,0.02909,0.05265,-0.052212,0.26993,-0.025686,0.962536,0.638922,0.75264,-0.159092,-0.720357,0.657931,0.219571,0.008866,-0.02201,0.015898,-0.040029,-0.320212,-0.302039,0.051639,0.064085,0.046135,-0.074965,0.162915,0.130989,-0.977905,0.591062,0.780654,0.203036,0.790002,-0.61108,0.049757,0.000268,0.005723,-0.003845,0.030039,-0.045108,-0.003178,-1.055856
1199,0.126846,-0.002654,0.296004,-0.173172,-0.136612,-0.975394,-0.597923,-0.772363,0.214277,-0.782423,0.620485,0.053284,0.00063,0.011946,-0.007127,0.010136,-0.126052,-0.058913,-1.715363,-0.189733,-0.000351,0.247144,-0.303071,0.039336,0.952151,-0.674925,-0.71422,-0.185203,0.673135,-0.698774,0.241798,0.018713,-0.052749,0.043508,-0.142072,-0.086373,-0.095577,0.157313,0.029504,0.051631,-0.051448,0.280186,-0.018213,0.959772,0.642784,0.746143,-0.173489,-0.712969,0.665535,0.220766,0.009307,-0.026656,0.021325,-0.14526,0.03067,-0.290187,0.033677,0.064123,0.046354,-0.075111,0.16173,0.14154,-0.976631,0.594825,0.775689,0.210921,0.787416,-0.615038,0.04126,0.000616,0.011845,-0.00724,0.044662,-0.151214,-0.04383,-1.061081
1200,0.126923,-0.002397,0.295817,-0.174794,-0.138992,-0.974768,-0.601521,-0.768683,0.217416,-0.779297,0.624517,0.05197,0.000511,0.011361,-0.007787,0.025094,-0.060632,-0.013978,-1.716211,-0.189371,-0.001327,0.247978,-0.308406,0.036122,0.950564,-0.672341,-0.715173,-0.19084,0.673305,-0.69797,0.243642,0.018257,-0.039398,0.038725,-0.110713,-0.073893,-0.093529,0.155847,0.029693,0.051114,-0.05101,0.285645,-0.014729,0.958221,0.640121,0.747049,-0.179337,-0.713197,0.664605,0.222819,0.009422,-0.025426,0.02316,-0.145356,-0.059402,-0.061285,0.028288,0.064163,0.046488,-0.075206,0.163307,0.143956,-0.976015,0.598466,0.772035,0.214006,0.784326,-0.619061,0.039926,0.00025,0.005634,-0.003946,0.035263,-0.02317,0.015489,-1.06647
1201,0.127115,-0.0018,0.295383,-0.172696,-0.147702,-0.973861,-0.600121,-0.768214,0.222878,-0.780846,0.623105,0.045242,0.000452,0.011082,-0.008097,-0.07645,-0.51459,-0.328177,-1.720028,-0.1887,-0.003195,0.249868,-0.321731,0.030734,0.946328,-0.667108,-0.716608,-0.203407,0.672292,-0.696749,0.249855,0.018576,-0.035924,0.043825,0.005107,-0.45683,-0.372652,0.152375,0.030027,0.050196,-0.050087,0.296083,-0.008596,0.955122,0.635249,0.748522,-0.190187,-0.713296,0.663053,0.227086,0.009255,-0.01799,0.021867,-0.108162,-0.07488,-0.043162,0.023226,0.064258,0.046787,-0.075423,0.16207,0.149748,-0.975349,0.596947,0.772166,0.217745,0.785739,-0.617522,0.035753,0.000216,0.005458,-0.004147,0.039197,-0.003423,0.026204,-1.068593
1202,0.127208,-0.001323,0.294981,-0.170044,-0.15316,-0.973485,-0.599243,-0.768142,0.225472,-0.782103,0.621882,0.040051,0.000179,0.009728,-0.009626,0.005208,-0.150483,-0.076594,-1.724199,-0.188172,-0.004605,0.251762,-0.329548,0.031502,0.943609,-0.662966,-0.719302,-0.207401,0.672614,-0.693933,0.25673,0.018886,-0.032116,0.049314,-0.104851,-0.107584,-0.081842,0.134903,0.030292,0.049471,-0.049123,0.306583,-0.009094,0.951799,0.630917,0.75067,-0.196052,-0.712705,0.660613,0.235881,0.001838,-0.01575,0.025746,-0.101434,-0.101597,-0.078514,0.010653,0.064305,0.047023,-0.075618,0.15863,0.157491,-0.974695,0.596245,0.77158,0.221709,0.786973,-0.616328,0.028493,0.000151,0.005138,-0.004502,-0.010672,-0.220867,-0.125456,-1.069409
1203,0.12722,-0.001173,0.29481,-0.16891,-0.155923,-0.973243,-0.598955,-0.767937,0.226928,-0.782571,0.621451,0.037534,-0.000491,-0.002437,-0.002762,-0.034673,-0.155595,-0.108162,-1.725343,-0.187933,-0.00514,0.252721,-0.332065,0.032297,0.942699,-0.661334,-0.720588,-0.208146,0.672986,-0.692562,0.259443,0.018988,-0.030755,0.051214,-0.134497,-0.025458,0.022764,0.127195,0.030412,0.049204,-0.048643,0.309207,-0.009782,0.950944,0.629315,0.751794,-0.196893,-0.712988,0.659324,0.238616,0.001544,-0.009521,0.022623,-0.105345,0.033434,0.02332,-0.001757,0.064312,0.047106,-0.075709,0.15748,0.160199,-0.97444,0.595927,0.771415,0.22313,0.787444,-0.615835,0.026016,-1.3e-05,0.004328,-0.00542,-0.011672,-0.207052,-0.151186,-1.070715
1204,0.127159,-0.001069,0.294494,-0.167132,-0.161555,-0.972632,-0.598649,-0.767189,0.230245,-0.783189,0.620944,0.032719,-0.000805,-0.003989,-0.004528,-0.021348,-0.095747,-0.066665,-1.728362,-0.187399,-0.005827,0.254509,-0.336922,0.035538,0.940857,-0.659227,-0.722366,-0.208663,0.672645,-0.690552,0.265613,0.00264,-0.005289,0.04075,-0.065201,-0.033546,0.029322,0.120107,0.030686,0.048851,-0.047728,0.314054,-0.012801,0.949318,0.62707,0.753565,-0.197286,-0.712848,0.657247,0.244688,0.001296,-0.002553,0.020503,-0.068467,-0.008052,0.052017,-0.016943,0.064281,0.047159,-0.075867,0.155556,0.166162,-0.973751,0.595678,0.770581,0.226652,0.788016,-0.6153,0.02089,-0.000483,-0.002426,-0.002754,-0.021732,-0.081748,-0.091968,-1.070389
1205,0.126998,-0.001211,0.294204,-0.161095,-0.162757,-0.973449,-0.599873,-0.767061,0.227468,-0.783524,0.62079,0.027149,-0.001246,-0.006158,-0.007008,-0.002132,0.008281,-0.029351,-1.732196,-0.18681,-0.006059,0.256031,-0.336302,0.039101,0.940938,-0.658523,-0.724012,-0.205155,0.673644,-0.688637,0.268039,0.017709,-0.006286,0.037774,-0.067304,-0.023199,0.042262,0.115555,0.030974,0.048742,-0.046974,0.31332,-0.016344,0.949506,0.626225,0.755211,-0.193643,-0.713913,0.655277,0.246857,0.008539,0.00322,0.015981,-0.031,-0.053655,0.081187,-0.025598,0.064201,0.047089,-0.076011,0.149419,0.167341,-0.974509,0.59688,0.770478,0.223823,0.788293,-0.61511,0.015241,-0.000603,-0.002995,-0.003406,0.004483,0.036194,-0.016766,-1.072348
1206,0.126758,-0.001503,0.293958,-0.15558,-0.161069,-0.974627,-0.60127,-0.767354,0.222742,-0.783574,0.620866,0.023754,-0.015951,-0.00544,-0.006702,0.000717,-0.082782,0.109859,-1.737805,-0.186183,-0.005886,0.257182,-0.33024,0.045358,0.942802,-0.659069,-0.726101,-0.195801,0.676097,-0.686056,0.268483,0.016856,0.003426,0.027464,-0.137384,0.290386,0.321468,0.113232,0.031288,0.048827,-0.04639,0.309114,-0.022967,0.950747,0.626393,0.757146,-0.185367,-0.715598,0.652841,0.248431,0.008093,0.007785,0.010404,-0.132665,0.500448,0.53043,-0.031966,0.064086,0.046942,-0.076134,0.144105,0.165365,-0.975646,0.598191,0.770845,0.219007,0.788289,-0.615184,0.012163,-0.000983,-0.009272,-0.000207,-0.034397,0.037667,-0.044618,-1.071205
1207,0.126645,-0.001652,0.293863,-0.155688,-0.161113,-0.974602,-0.601361,-0.767253,0.222845,-0.783484,0.620979,0.02378,-0.001087,-0.005338,-0.0061,-0.0,-0.0,-0.0,-1.740234,-0.185935,-0.005625,0.257586,-0.327297,0.049256,0.943632,-0.659541,-0.727034,-0.190689,0.677065,-0.684803,0.269242,0.015477,0.026578,0.012499,-0.014937,0.109269,0.230278,0.11354,0.031412,0.048949,-0.046183,0.304994,-0.02696,0.951972,0.626691,0.758358,-0.179303,-0.717102,0.651279,0.248191,0.000468,0.007114,0.010071,-0.078107,0.330322,0.079886,-0.033109,0.064024,0.046864,-0.076187,0.144166,0.165394,-0.975633,0.598283,0.770756,0.219068,0.788208,-0.615287,0.012164,-0.007905,-0.002373,-0.00296,0.000837,-0.082165,0.109155,-1.070389
1208,0.126471,-0.001892,0.293678,-0.150837,-0.159598,-0.975614,-0.60265,-0.767445,0.218664,-0.783448,0.621131,0.020793,-0.001001,-0.004901,-0.005614,-0.000289,0.016508,-0.02362,-1.746417,-0.185423,-0.004861,0.258194,-0.316189,0.060004,0.946792,-0.660475,-0.730323,-0.174165,0.681404,-0.680443,0.269347,0.015988,0.013485,0.01765,-0.050559,0.206206,0.026703,0.133235,0.031668,0.049335,-0.045883,0.293718,-0.038424,0.955119,0.627099,0.761864,-0.162196,-0.721439,0.646595,0.247869,9e-05,0.012479,0.005688,-0.021095,0.216545,0.004954,-0.021026,0.063937,0.046744,-0.076279,0.139258,0.163829,-0.976609,0.599535,0.770978,0.214823,0.788139,-0.615429,0.009143,-0.000444,-0.002192,-0.002508,0.00061,0.002914,-0.00436,-1.070062
1209,0.126361,-0.002053,0.293506,-0.148542,-0.158889,-0.976081,-0.603229,-0.767549,0.21669,-0.783443,0.621183,0.019383,-0.000876,-0.004278,-0.004909,-0.000288,0.016508,-0.023622,-1.749663,-0.185087,-0.004065,0.258571,-0.302706,0.064784,0.950875,-0.660764,-0.733237,-0.160274,0.687207,-0.676867,0.263552,0.015784,0.011096,0.014199,-0.061817,0.242586,0.056087,0.156632,0.031836,0.049734,-0.045692,0.280391,-0.043825,0.958884,0.626849,0.764888,-0.148341,-0.726939,0.64267,0.241939,-1e-05,0.011058,0.003656,-0.036616,0.278748,0.021803,0.00706,0.063882,0.046664,-0.076364,0.137001,0.163117,-0.977047,0.600084,0.771091,0.212877,0.788117,-0.615475,0.007756,-0.00037,-0.001829,-0.002096,9.6e-05,0.0004,-0.000608,-1.067613
1210,0.126324,-0.002134,0.293428,-0.145969,-0.158081,-0.9766,-0.603836,-0.767696,0.214466,-0.783462,0.621206,0.017822,-0.000719,-0.003511,-0.004031,-0.0,-0.0,0.0,-1.751266,-0.184893,-0.003635,0.25873,-0.297289,0.068598,0.952315,-0.660903,-0.734606,-0.153281,0.689428,-0.675009,0.262515,9e-06,0.022615,0.007979,-0.007049,-0.021668,0.174921,0.164881,0.031938,0.049944,-0.045612,0.274768,-0.047701,0.960326,0.626624,0.766419,-0.14122,-0.729276,0.640567,0.240478,0.00752,0.011137,0.003082,-0.073992,-0.066806,0.114951,0.021103,0.063864,0.046624,-0.076403,0.13442,0.16229,-0.977543,0.600668,0.771251,0.210638,0.788117,-0.615494,0.006189,-0.000357,-0.001749,-0.002006,0.000233,0.001039,-0.001549,-1.065653
1211,0.126285,-0.002364,0.293258,-0.140763,-0.156418,-0.977632,-0.605124,-0.767933,0.209941,-0.783427,0.621332,0.014663,-0.001105,-0.005389,-0.006201,-0.00029,0.016495,-0.023611,-1.755185,-0.184471,-0.002812,0.259078,-0.289065,0.077222,0.954185,-0.661244,-0.736838,-0.140567,0.692581,-0.671646,0.262842,0.015104,0.02414,0.008686,-0.099026,0.345076,0.258217,0.180356,0.032144,0.050351,-0.045443,0.269128,-0.056865,0.961423,0.626497,0.768519,-0.129918,-0.731485,0.637294,0.242456,0.007539,0.011888,0.004084,-0.17716,0.308062,0.726054,0.042658,0.063844,0.04651,-0.076487,0.129202,0.160588,-0.978528,0.601909,0.771513,0.206088,0.788043,-0.615612,0.003022,-0.000557,-0.002733,-0.003143,0.000378,0.019623,-0.028334,-1.063041
1212,0.126253,-0.002617,0.29306,-0.13731,-0.156409,-0.978124,-0.601254,-0.771566,0.207729,-0.787015,0.616816,0.013121,-0.001631,-0.016782,0.001526,-0.034984,0.016997,-0.016091,-1.755289,-0.184043,-0.002241,0.25964,-0.286281,0.081081,0.954704,-0.661072,-0.737952,-0.135439,0.693897,-0.66997,0.263647,0.016421,0.00045,0.022665,-0.04356,0.087966,-0.095824,0.196112,0.032357,0.050646,-0.045167,0.264909,-0.060822,0.962352,0.626105,0.769864,-0.123693,-0.733358,0.635302,0.242026,0.00786,0.006091,0.007727,0.008453,-0.064709,0.05805,0.064375,0.063828,0.046388,-0.076588,0.125758,0.160573,-0.978979,0.597948,0.775152,0.203952,0.791607,-0.611028,0.001467,-0.000632,-0.003094,-0.003568,-0.000179,0.017847,-0.024957,-1.062387
1213,0.126198,-0.002885,0.292751,-0.132814,-0.157142,-0.978628,-0.592643,-0.778809,0.205433,-0.794288,0.607454,0.011527,-0.001547,-0.007527,-0.008706,0.014848,-0.100131,0.139278,-1.752872,-0.183548,-0.001882,0.260318,-0.286927,0.082032,0.954429,-0.652494,-0.746181,-0.131904,0.701709,-0.660675,0.26641,0.016377,0.000361,0.022436,-0.030904,-0.037173,0.058272,0.207904,0.032611,0.050827,-0.044818,0.265828,-0.061622,0.962048,0.61697,0.77768,-0.120665,-0.740731,0.625631,0.244748,0.008181,0.000165,0.011193,-0.029528,-0.037208,0.057742,0.083644,0.063801,0.046253,-0.076737,0.121393,0.161327,-0.979406,0.589255,0.782313,0.201898,0.798774,-0.601629,-9.5e-05,-0.000784,-0.003838,-0.004441,0.043826,0.008715,-0.024997,-1.061571
1214,0.126178,-0.003023,0.29256,-0.131952,-0.157952,-0.978614,-0.587971,-0.782326,0.205496,-0.797896,0.602706,0.011578,-0.001685,-0.008191,-0.009492,-0.000279,0.016499,-0.023627,-1.751518,-0.18329,-0.001763,0.260722,-0.284443,0.081814,0.955191,-0.648244,-0.750443,-0.128642,0.706641,-0.655857,0.265278,0.000696,0.012315,0.01684,-0.005138,-0.020256,0.056111,0.214879,0.032733,0.050881,-0.044631,0.262998,-0.061444,0.962837,0.612474,0.781721,-0.11741,-0.745457,0.620592,0.243224,0.008166,5.6e-05,0.011017,-0.07885,-0.019561,0.018009,0.091645,0.063792,0.046184,-0.076832,0.120396,0.162094,-0.979402,0.58455,0.785831,0.201915,0.802375,-0.59682,-0.000141,-0.000868,-0.004247,-0.00492,-0.000719,0.017143,-0.023413,-1.058469
