frame,MLTx,MLTy,MLTz,MLTR1,MLTR2,MLTR3,MLTR4,MLTR5,MLTR6,MLTR7,MLTR8,MLTR9,MLTTVx,MLTTVy,MLTTVz,MLTRVx,MLTRVy,MLTRVz,MLGA,MRTx,MRTy,MRTz,MRTR1,MRTR2,MRTR3,MRTR4,MRTR5,MRTR6,MRTR7,MRTR8,MRTR9,MRTTVx,MRTTVy,MRTTVz,MRTRVx,MRTRVy,MRTRVz,MRGA,SLTx,SLTy,SLTz,SLTR1,SLTR2,SLTR3,SLTR4,SLTR5,SLTR6,SLTR7,SLTR8,SLTR9,SLTTVx,SLTTVy,SLTTVz,SLTRVx,SLTRVy,SLTRVz,SLGA,SRTx,SRTy,SRTz,SRTR1,SRTR2,SRTR3,SRTR4,SRTR5,SRTR6,SRTR7,SRTR8,SRTR9,SRTTVx,SRTTVy,SRTTVz,SRTRVx,SRTRVy,SRTRVz,SRGA
4557,0.087052,0.032294,0.382411,-0.189022,-0.197287,-0.961974,-0.428418,-0.864896,0.261504,-0.883371,0.461798,0.080163,0.002307,0.007304,0.004391,0.015528,-0.071905,0.217014,0.243456,-0.102233,0.076966,0.336278,0.232308,0.057927,0.970911,-0.74887,0.647566,0.140663,-0.620842,-0.759824,0.192577,-0.039901,0.023613,-0.039801,0.182867,-0.333395,0.434905,-1.405926,0.038435,0.05635,-0.01644,-0.099011,-0.168701,0.980681,0.800204,-0.599311,-0.022307,0.591496,0.782538,0.194334,-0.021032,0.017474,-0.023522,0.062749,-0.189725,0.287161,-0.79192,0.080978,0.03811,-0.051633,-0.188348,-0.178963,-0.965658,-0.349882,-0.906515,0.236245,-0.917663,0.382363,0.108124,0.001017,0.003226,0.001939,0.004144,-0.0957,0.163876,0.03068
4558,0.087207,0.032548,0.38254,-0.192652,-0.196599,-0.961395,-0.426807,-0.865409,0.262442,-0.883362,0.46113,0.084012,0.001966,0.006236,0.003738,0.005333,-0.106257,0.201314,0.327977,-0.103793,0.078005,0.334706,0.253125,0.064949,0.965246,-0.762553,0.627312,0.157879,-0.595544,-0.776084,0.207084,-0.040281,0.025498,-0.038474,-1.406099,-0.581385,0.100783,-1.405908,0.03766,0.056869,-0.017227,-0.120362,-0.174687,0.977239,0.811316,-0.584589,-0.004574,0.572083,0.792299,0.212089,-0.02591,0.011581,-0.019408,0.195793,-0.297832,0.413295,-0.787348,0.081051,0.03824,-0.051566,-0.191656,-0.178947,-0.96501,-0.348284,-0.906846,0.237332,-0.917586,0.381584,0.111478,0.001027,0.003268,0.001957,0.002482,-0.121025,0.203872,0.182866
4559,0.08731,0.032626,0.382586,-0.19291,-0.194894,-0.96169,-0.431902,-0.86316,0.261509,-0.880825,0.466042,0.083536,0.001562,0.004958,0.00297,0.005197,-0.106733,0.201083,0.337647,-0.104639,0.078483,0.334017,0.260574,0.067576,0.963081,-0.766144,0.621389,0.163809,-0.587676,-0.780616,0.212462,-0.040779,0.027749,-0.036955,0.171394,-0.202572,0.284157,-1.406208,0.037222,0.057114,-0.017588,-0.127752,-0.17909,0.975502,0.818549,-0.574433,0.001738,0.56005,0.798719,0.219979,-0.026143,0.012646,-0.018687,0.17968,-0.286531,0.38805,-0.790614,0.081109,0.038283,-0.051541,-0.191831,-0.177186,-0.9653,-0.353624,-0.905023,0.236397,-0.915505,0.386701,0.110954,0.006731,0.00059,0.000289,0.005601,-0.111006,0.207389,0.227935
4560,0.087688,0.032642,0.382591,-0.189971,-0.192522,-0.962752,-0.44314,-0.858205,0.259002,-0.875873,0.476073,0.07892,0.012338,-0.002395,-0.001563,-0.120367,-0.447447,-0.196878,0.30814,-0.106813,0.079548,0.332669,0.276295,0.073637,0.958243,-0.772955,0.609461,0.176155,-0.571358,-0.789429,0.224085,-0.064989,0.028422,-0.03413,0.173006,-0.191795,0.247158,-1.405829,0.036169,0.057633,-0.018252,-0.143406,-0.185792,0.972067,0.826218,-0.563169,0.014251,0.54479,0.805184,0.234266,-0.026678,0.015242,-0.016927,0.163572,-0.186584,0.249325,-0.786368,0.081291,0.038299,-0.051534,-0.19083,-0.172237,-0.966393,-0.364918,-0.901483,0.232727,-0.911272,0.397066,0.109177,0.006127,-0.001331,-0.000863,0.001645,-0.014858,0.029693,0.240345
4561,0.088089,0.032536,0.382534,-0.190761,-0.191124,-0.962874,-0.448301,-0.855642,0.2586,-0.87307,0.481222,0.078743,0.012215,-0.00279,-0.0018,0.000958,-0.014807,0.029505,0.262743,-0.109403,0.080497,0.331488,0.296929,0.079382,0.95159,-0.775579,0.601299,0.191967,-0.557295,-0.795119,0.238894,-0.074534,0.016426,-0.026213,0.12782,-0.201746,0.231498,-1.405882,0.034877,0.058115,-0.018845,-0.164207,-0.19237,0.967486,0.830345,-0.556425,0.030294,0.532506,0.808322,0.251102,-0.031563,0.009665,-0.012679,0.067726,-0.744888,0.9053,-0.796003,0.081494,0.03824,-0.051565,-0.189741,-0.173045,-0.966464,-0.370704,-0.898862,0.233719,-0.909162,0.402618,0.106403,0.006083,-0.001472,-0.00095,0.002808,-0.010724,0.03166,0.191031
4562,0.088474,0.032449,0.382478,-0.191667,-0.189814,-0.962953,-0.453399,-0.853032,0.258337,-0.870234,0.486349,0.078637,0.012354,-0.002341,-0.001533,0.000984,-0.014715,0.029553,0.240668,-0.112258,0.081445,0.330475,0.306827,0.083643,0.948078,-0.776815,0.597466,0.198811,-0.550172,-0.797574,0.247082,-0.075387,0.02167,-0.022749,0.135526,-0.174485,0.194962,-1.405993,0.033455,0.058588,-0.019358,-0.174367,-0.196988,0.964775,0.832158,-0.553272,0.037431,0.526409,0.809373,0.260397,-0.038797,0.016919,-0.014615,0.174009,-0.180335,0.214698,-0.789961,0.081686,0.038194,-0.051595,-0.190892,-0.171868,-0.966447,-0.375973,-0.89667,0.233721,-0.906754,0.407974,0.106549,0.006195,-0.00112,-0.000744,-0.003025,0.078475,-0.146089,0.150045
4563,0.088676,0.032404,0.382448,-0.192847,-0.187141,-0.963241,-0.453117,-0.853728,0.256526,-0.87012,0.48616,0.081043,0.012235,-0.002726,-0.001764,0.011529,0.023099,0.04934,0.231313,-0.113708,0.081868,0.330044,0.314312,0.083208,0.945661,-0.776824,0.595028,0.205961,-0.545924,-0.799439,0.250453,-0.073196,0.010274,-0.015683,0.047655,0.031769,0.337624,-1.405995,0.0327,0.058815,-0.019583,-0.18226,-0.197659,0.963177,0.832851,-0.551713,0.044378,0.522626,0.810273,0.265175,-0.043421,0.010072,-0.011274,0.053025,0.161385,0.422178,-0.790614,0.081787,0.038173,-0.051609,-0.192503,-0.169041,-0.966626,-0.375602,-0.897343,0.231726,-0.906567,0.407675,0.109249,-3e-06,-1.1e-05,-1.2e-05,0.004437,0.016341,0.008571,0.135839
4564,0.089008,0.03233,0.382412,-0.197097,-0.179593,-0.963818,-0.452179,-0.855617,0.251845,-0.86965,0.485676,0.088633,0.000123,0.000398,0.000238,0.050404,0.181323,0.094879,0.221068,-0.116856,0.082651,0.329239,0.324705,0.085456,0.941942,-0.778214,0.590046,0.214856,-0.537808,-0.80289,0.256889,-0.084882,0.010581,-0.014417,0.094709,-0.148215,0.149674,-1.406148,0.03113,0.059206,-0.019986,-0.193046,-0.199261,0.960743,0.835037,-0.547512,0.054231,0.515212,0.812726,0.272085,-0.037772,0.012546,-0.010204,0.144534,-0.20962,0.20042,-0.801391,0.081957,0.038134,-0.051629,-0.19725,-0.161987,-0.966877,-0.374595,-0.898963,0.227029,-0.905963,0.406969,0.116641,0.006199,-0.001105,-0.000734,0.061076,0.20067,0.142304,0.115917
4565,0.089232,0.032272,0.382419,-0.206311,-0.164683,-0.964552,-0.460835,-0.853214,0.244189,-0.862933,0.495079,0.101338,0.012729,-0.001121,-0.000805,0.04046,0.112038,0.128381,0.214053,-0.120034,0.083419,0.328548,0.334397,0.088061,0.938304,-0.779884,0.584726,0.223183,-0.52939,-0.806497,0.263007,-0.073263,0.013721,-0.013492,0.079523,-0.048201,0.017594,-1.405749,0.029569,0.059583,-0.020322,-0.202873,-0.2024,0.958058,0.837484,-0.542856,0.062656,0.507407,0.81507,0.279638,-0.036715,0.007286,-0.006416,0.104289,-0.195028,0.188681,-0.802861,0.082064,0.038103,-0.051626,-0.208182,-0.14733,-0.966929,-0.383466,-0.897149,0.219259,-0.899784,0.416431,0.130274,2.2e-05,6.8e-05,3.8e-05,0.024788,0.09294,0.048378,0.10465
4566,0.08938,0.032181,0.3825,-0.216288,-0.146797,-0.965254,-0.469539,-0.851156,0.234601,-0.855759,0.504144,0.116372,0.000459,0.00149,0.000891,0.051286,0.186724,0.097618,0.198419,-0.123052,0.084114,0.327882,0.347795,0.096324,0.932605,-0.784221,0.574934,0.2332,-0.514134,-0.81258,0.274305,-0.072679,0.012216,-0.014509,-0.384446,-0.166129,-0.119466,-1.40629,0.028059,0.059935,-0.020651,-0.21664,-0.210548,0.953276,0.84153,-0.53525,0.073025,0.494866,0.818031,0.293139,-0.036255,0.005874,-0.007284,-5.052535,-1.446795,-1.348905,-0.804984,0.082143,0.038057,-0.051586,-0.219433,-0.130508,-0.966858,-0.392528,-0.895454,0.209955,-0.893179,0.42559,0.145264,-0.0002,-0.004225,0.005076,0.026258,0.224059,0.124715,0.087505
4567,0.089435,0.03212,0.382566,-0.220907,-0.137606,-0.965562,-0.474052,-0.850033,0.229543,-0.852078,0.508602,0.12375,0.012531,-0.001761,-0.00119,-1.438139,0.957515,0.543878,0.191517,-0.124478,0.084417,0.327557,0.355283,0.102562,0.92911,-0.784788,0.572597,0.237012,-0.508117,-0.813475,0.282734,-0.083991,0.010195,-0.014784,0.140783,-0.314691,-0.150774,-1.406141,0.027286,0.060099,-0.020828,-0.224241,-0.216904,0.950088,0.843235,-0.531916,0.077585,0.488539,0.818545,0.302179,-0.041978,0.005034,-0.007388,0.170567,-0.391447,-0.221382,-0.804984,0.082171,0.038029,-0.051552,-0.223443,-0.123523,-0.966858,-0.396978,-0.894409,0.20601,-0.890214,0.429853,0.150813,0.006258,-0.000881,-0.000601,-1.479697,0.87951,0.4965,0.076238
4568,0.089477,0.031947,0.382782,-0.224463,-0.127613,-0.966114,-0.479245,-0.848756,0.223403,-0.848232,0.513306,0.130561,-0.000655,-0.009283,0.009664,-0.018047,0.0791,0.015972,0.18094,-0.127279,0.085139,0.326878,0.367866,0.120092,0.922087,-0.789551,0.564044,0.241655,-0.491513,-0.817068,0.30113,-0.074098,0.023907,-0.021318,0.248928,-0.601701,-0.163816,-1.40632,0.025886,0.06046,-0.021167,-0.236636,-0.234076,0.94298,0.84798,-0.523512,0.082844,0.47427,0.819232,0.322374,-0.03703,0.011858,-0.010675,0.302464,-0.731337,-0.286437,-0.801065,0.082192,0.037946,-0.051448,-0.22924,-0.111958,-0.966909,-0.402569,-0.893517,0.198903,-0.88622,0.434845,0.159759,-0.000288,-0.00451,0.004911,-0.028448,-0.067991,0.163591,0.058602
4569,0.089452,0.031717,0.3831,-0.230577,-0.115747,-0.966169,-0.48422,-0.847582,0.217045,-0.84375,0.518024,0.14059,0.000553,0.001797,0.001073,0.077153,0.302048,0.157264,0.172709,-0.129902,0.085861,0.326195,0.381285,0.143341,0.913272,-0.796862,0.551649,0.246228,-0.468965,-0.8218,0.323387,-0.060403,0.012722,-0.01527,0.257474,-0.739669,-0.046934,-1.40654,0.024597,0.060818,-0.021502,-0.249401,-0.256888,0.933706,0.855115,-0.510942,0.087834,0.454506,0.820333,0.347098,-0.031205,0.012977,-0.010464,0.284831,-0.655729,-0.185372,-0.800248,0.08218,0.037827,-0.051285,-0.235614,-0.101638,-0.966516,-0.407862,-0.892353,0.193267,-0.882118,0.439742,0.168797,-0.000177,-0.004144,0.005134,0.070009,0.450219,0.209533,0.045702
4570,0.089436,0.031558,0.383302,-0.233352,-0.11049,-0.966118,-0.484331,-0.848306,0.213945,-0.842919,0.517979,0.145645,-0.00037,-0.00836,0.010224,0.036096,0.281143,0.120781,0.167749,-0.13115,0.086233,0.325844,0.387071,0.155034,0.908918,-0.800487,0.545592,0.24796,-0.457917,-0.823735,0.334119,-0.060443,0.013596,-0.014704,0.233547,-0.667876,0.050687,-1.405949,0.023973,0.061001,-0.021679,-0.254798,-0.269066,0.928806,0.858592,-0.504822,0.089293,0.444856,0.820217,0.359646,-0.031079,0.012588,-0.010715,0.325505,-0.730091,-0.242186,-0.802208,0.082172,0.037754,-0.051192,-0.238946,-0.096654,-0.96621,-0.407876,-0.893006,0.1902,-0.881215,0.439542,0.173957,-6.6e-05,-0.00378,0.005353,0.084002,0.436431,0.233871,0.039497
4571,0.089389,0.031275,0.38375,-0.24134,-0.096304,-0.965674,-0.489314,-0.847235,0.206727,-0.837768,0.522526,0.158552,0.000146,-0.006684,0.011229,0.044425,0.31291,0.136739,0.163418,-0.133586,0.086977,0.325128,0.401964,0.187835,0.896178,-0.809658,0.529877,0.252225,-0.427968,-0.827204,0.363923,-0.06196,0.025479,-0.021295,0.321908,-0.817647,-0.053195,-1.405897,0.022756,0.061368,-0.022035,-0.269357,-0.301121,0.914752,0.86721,-0.488908,0.094418,0.418798,0.818715,0.392826,-0.030057,0.006378,-0.007587,0.283313,-0.828,-0.103233,-0.803677,0.082147,0.037609,-0.050969,-0.248129,-0.082952,-0.965168,-0.413039,-0.892165,0.182863,-0.876259,0.444026,0.187109,5.3e-05,-0.003386,0.005589,0.089119,0.474633,0.22037,0.02872
4572,0.089365,0.030994,0.38429,-0.253055,-0.070722,-0.964887,-0.504176,-0.841546,0.193853,-0.825398,0.535612,0.178504,0.000683,-0.00494,0.01227,0.018566,0.679896,0.560743,0.163232,-0.135955,0.087671,0.324427,0.42152,0.21972,0.879793,-0.816035,0.514885,0.262516,-0.395819,-0.828858,0.395203,-0.059931,0.012651,-0.015324,0.186443,-0.508502,0.184945,-1.405967,0.021571,0.06172,-0.022387,-0.288297,-0.334696,0.897141,0.874061,-0.474591,0.103824,0.391026,0.814089,0.429368,-0.02991,0.005987,-0.007845,0.183961,-0.479539,0.15438,-0.802698,0.082135,0.037465,-0.050696,-0.261166,-0.059836,-0.963436,-0.428532,-0.887145,0.171263,-0.864957,0.457592,0.20605,0.000519,-0.001882,0.00649,-0.305434,0.910757,0.514206,0.026108
4573,0.089357,0.03084,0.38461,-0.260047,-0.05944,-0.963789,-0.50901,-0.839721,0.189074,-0.820235,0.539816,0.189313,0.000814,-0.004514,0.012524,0.089069,0.378241,0.392985,0.163884,-0.137159,0.087998,0.324067,0.429417,0.241406,0.870239,-0.820868,0.505934,0.26484,-0.376866,-0.828366,0.414299,-0.059733,0.011823,-0.015866,0.344388,-1.075291,-0.097203,-1.405936,0.02099,0.061881,-0.022561,-0.296543,-0.352786,0.88747,0.878403,-0.465441,0.108492,0.374791,0.81173,0.447912,-0.03072,0.012114,-0.011003,-0.152549,-0.862361,0.031383,-0.803514,0.082131,0.037389,-0.050536,-0.270241,-0.047595,-0.961615,-0.433548,-0.885768,0.16568,-0.859654,0.46168,0.218736,8.1e-05,-0.006875,0.011122,0.076704,0.567006,0.27889,0.025781
4574,0.089376,0.030444,0.385355,-0.273583,-0.03643,-0.961182,-0.519431,-0.835439,0.179456,-0.809214,0.548405,0.210838,0.000305,-0.013337,0.022499,0.052616,0.611367,0.240675,0.169199,-0.13936,0.088692,0.323396,0.43926,0.275432,0.85509,-0.830537,0.487149,0.269867,-0.342757,-0.829057,0.44164,-0.061267,0.024425,-0.021933,-1.197199,-1.018042,-0.351137,-1.40594,0.019891,0.062222,-0.022894,-0.306754,-0.38652,0.869772,0.88528,-0.451469,0.111594,0.349542,0.804225,0.480668,-0.029829,0.006264,-0.007671,0.177752,-0.554165,0.362641,-0.801065,0.082141,0.037194,-0.050167,-0.284829,-0.026735,-0.958205,-0.44455,-0.881931,0.156751,-0.849263,0.470617,0.239314,0.000591,-0.001631,0.006635,0.078191,1.140996,-0.204157,0.02823
4575,0.089395,0.029977,0.386208,-0.281239,-0.023322,-0.959378,-0.52134,-0.835594,0.173087,-0.805345,0.548866,0.224039,-0.011635,-0.009624,0.024862,-0.000876,0.227953,0.259261,0.183738,-0.141645,0.089283,0.322711,0.454881,0.300544,0.838301,-0.832512,0.477589,0.280654,-0.316565,-0.825922,0.466371,-0.05936,0.011168,-0.016301,0.140622,-0.505483,0.447676,-1.406079,0.018725,0.062529,-0.023244,-0.321487,-0.413361,0.851926,0.890494,-0.437892,0.123572,0.321972,0.798362,0.508872,-0.030384,0.01103,-0.011693,0.115502,-0.337019,0.298074,-0.800085,0.082155,0.036959,-0.049742,-0.29423,-0.0137,-0.955636,-0.446437,-0.882135,0.150099,-0.845057,0.470795,0.253435,0.000273,-0.006243,0.011506,0.010409,0.296049,0.275786,0.040804
4576,0.089371,0.029515,0.387029,-0.28422,-0.014272,-0.958677,-0.523662,-0.835255,0.16763,-0.802785,0.54968,0.231118,0.000189,-0.013729,0.022295,-0.040818,0.025789,0.218111,0.195808,-0.144183,0.089924,0.321962,0.475126,0.316627,0.820971,-0.829569,0.472055,0.298183,-0.293708,-0.82311,0.485889,-0.070658,0.010315,-0.015889,0.108531,-0.297755,0.290499,-1.406157,0.017461,0.062847,-0.02362,-0.34314,-0.428758,0.835715,0.889427,-0.434341,0.142358,0.301949,0.792157,0.530389,-0.030433,0.012269,-0.010872,0.137805,-0.202076,0.204154,-0.796819,0.08214,0.036727,-0.04932,-0.298049,-0.00449,-0.954539,-0.448917,-0.881842,0.144319,-0.842401,0.471523,0.260817,6.8e-05,-0.006908,0.011121,-0.053548,-0.023371,0.194523,0.058602
4577,0.089347,0.029312,0.387377,-0.286254,-0.008491,-0.95814,-0.524543,-0.835411,0.164061,-0.801485,0.549554,0.235881,0.000568,-0.005322,0.012058,0.075127,0.482792,0.218458,0.196947,-0.145462,0.09032,0.321578,0.479643,0.324978,0.81506,-0.830984,0.466318,0.303227,-0.282118,-0.823137,0.492664,-0.06081,0.024902,-0.02158,-1.240292,-1.022033,-0.287688,-1.405955,0.016817,0.063038,-0.023811,-0.348206,-0.435896,0.829907,0.890461,-0.430489,0.147505,0.292969,0.790362,0.538047,-0.03601,0.011247,-0.01098,-4.526816,-2.494741,-1.939756,-0.796982,0.082128,0.03663,-0.049149,-0.299151,-0.000972,-0.954204,-0.449928,-0.88171,0.141954,-0.84147,0.471789,0.263328,-0.000112,-0.007502,0.010777,0.047663,0.520653,0.245224,0.064154
4578,0.089309,0.029007,0.387928,-0.290048,0.001467,-0.957035,-0.530664,-0.832423,0.159497,-0.79607,0.55412,0.243414,0.000437,-0.005751,0.01181,-0.013331,0.148756,0.084185,0.197578,-0.148134,0.091175,0.320756,0.487432,0.332209,0.807489,-0.830054,0.463048,0.310693,-0.271285,-0.822105,0.500412,-0.070352,0.010037,-0.016093,-0.095852,0.030045,0.386936,-1.405869,0.015511,0.063467,-0.024214,-0.354735,-0.445114,0.822213,0.891351,-0.426463,0.153693,0.282233,0.787401,0.548035,-0.03594,0.011602,-0.010807,-0.59161,-1.654429,2.528929,-0.799432,0.082109,0.036476,-0.048874,-0.305097,0.010559,-0.952262,-0.456209,-0.879354,0.136415,-0.835935,0.47605,0.273106,-0.006075,-0.002031,0.006484,-0.049066,0.17097,0.031537,0.067747
4579,0.089286,0.028813,0.38827,-0.29568,0.013452,-0.955216,-0.53599,-0.830011,0.154168,-0.790405,0.55755,0.253819,0.000635,0.002069,0.001213,0.062467,0.265809,0.133099,0.199928,-0.150844,0.0919,0.319928,0.498558,0.345412,0.795061,-0.830128,0.454132,0.323396,-0.249966,-0.821654,0.512118,-0.071499,0.02141,-0.022872,-1.335131,-1.17627,-0.272687,-1.406061,0.01413,0.063832,-0.024634,-0.368299,-0.455261,0.810612,0.891445,-0.420483,0.16887,0.263969,0.784812,0.560704,-0.041423,0.010048,-0.011301,-4.688003,-3.812261,-0.964073,-0.791757,0.082097,0.036378,-0.048698,-0.311337,0.021447,-0.950057,-0.46186,-0.877142,0.131552,-0.830514,0.47975,0.282992,-0.006264,-0.002657,0.00612,0.048908,0.382902,0.129476,0.070686
4580,0.089281,0.028718,0.388385,-0.298472,0.020257,-0.954227,-0.540976,-0.827246,0.151594,-0.785946,0.561432,0.259058,-0.000799,-0.009781,0.00945,0.049099,0.378839,0.164827,0.201635,-0.152315,0.092238,0.319493,0.504776,0.349346,0.789398,-0.828741,0.451813,0.33013,-0.241948,-0.821273,0.51656,-0.069982,0.008435,-0.01718,0.080943,-0.170499,0.146887,-1.405709,0.013421,0.063999,-0.024845,-0.374933,-0.460084,0.804827,0.891355,-0.4175,0.176575,0.254777,0.783591,0.566632,-0.041334,0.009812,-0.011503,0.07967,-0.109747,-0.013719,-0.793064,0.082096,0.036336,-0.048643,-0.314308,0.027418,-0.948924,-0.467116,-0.874668,0.129448,-0.826445,0.483945,0.287723,6.5e-05,0.000213,0.000127,0.127258,0.534567,0.267327,0.073299
4581,0.089267,0.028538,0.388565,-0.303762,0.032266,-0.952226,-0.546021,-0.824904,0.146175,-0.780407,0.564293,0.269379,-0.013219,-0.007594,0.010903,0.105231,0.63131,0.253479,0.203885,-0.155002,0.092851,0.318697,0.512354,0.358326,0.78044,-0.828017,0.44688,0.338558,-0.228076,-0.820115,0.524649,-0.071155,0.020618,-0.0234,0.104114,-0.051316,0.006271,-1.405825,0.012051,0.064308,-0.025249,-0.383093,-0.468787,0.795912,0.891373,-0.413604,0.185431,0.242265,0.780493,0.576313,-0.03491,0.004034,-0.008681,0.093934,-0.183398,0.113603,-0.800085,0.082093,0.036243,-0.048555,-0.319761,0.037657,-0.946749,-0.472476,-0.872451,0.124875,-0.82129,0.487247,0.296768,-1.7e-05,-4.7e-05,-2.7e-05,0.008023,0.04116,0.020988,0.077218
4582,0.089186,0.028406,0.38875,-0.309248,0.044105,-0.949982,-0.550938,-0.822514,0.141104,-0.774772,0.566958,0.279845,-0.000542,-0.008943,0.009948,0.031908,0.300042,0.124729,0.205716,-0.157682,0.093345,0.317931,0.518882,0.363407,0.773749,-0.826006,0.445969,0.344616,-0.220468,-0.818379,0.530578,-0.069788,0.00845,-0.017239,0.06777,-0.034759,-0.004795,-1.405891,0.01071,0.064559,-0.025635,-0.390142,-0.473638,0.789592,0.890089,-0.413476,0.191774,0.235646,0.777627,0.582895,-0.035495,0.010314,-0.01166,0.12456,-0.059878,-0.008837,-0.794043,0.082046,0.036174,-0.048464,-0.32738,0.050744,-0.943529,-0.477566,-0.870515,0.118885,-0.815324,0.489518,0.309223,0.000276,0.000902,0.000528,0.086602,0.36018,0.179107,0.079667
4583,0.088989,0.028361,0.389023,-0.318951,0.057197,-0.946068,-0.56486,-0.812995,0.141226,-0.760681,0.579365,0.292793,-0.0121,-0.00394,0.013048,-0.142141,0.200951,0.070823,0.211541,-0.160285,0.093707,0.317251,0.526695,0.360619,0.769765,-0.822868,0.443168,0.355563,-0.213559,-0.821126,0.529158,-0.068576,-0.003564,-0.011023,-0.22537,0.541056,0.238802,-1.405794,0.009409,0.064744,-0.025978,-0.397569,-0.473239,0.786119,0.88864,-0.412024,0.201381,0.228599,0.77864,0.584347,-0.029191,0.004783,-0.00869,0.080136,-0.040008,0.029061,-0.795676,0.081952,0.036148,-0.04833,-0.338449,0.063322,-0.938851,-0.492116,-0.862323,0.119244,-0.802043,0.502382,0.323014,0.000685,0.002238,0.001314,-0.445919,0.180809,0.238927,0.083912
4584,0.088845,0.028376,0.389228,-0.324453,0.060885,-0.943965,-0.564582,-0.813131,0.141552,-0.758552,0.578793,0.299375,-0.011269,-0.001251,0.01462,-0.012706,0.112821,0.026485,0.221221,-0.161524,0.093872,0.316927,0.532543,0.358031,0.766944,-0.819539,0.444276,0.361813,-0.211848,-0.821657,0.529022,-0.068603,-0.003158,-0.010786,-0.212067,0.411348,0.38989,-1.406044,0.008764,0.064824,-0.026144,-0.404,-0.470374,0.784558,0.88618,-0.413954,0.208147,0.226864,0.779352,0.584074,-0.034293,-0.001576,-0.005355,-0.170321,0.371079,0.347907,-0.795676,0.081878,0.036151,-0.04823,-0.344301,0.066649,-0.93649,-0.491945,-0.862387,0.119488,-0.799653,0.501842,0.329708,-0.005213,0.004342,0.002628,0.007677,0.03722,0.022325,0.09126
4585,0.088408,0.028409,0.389766,-0.339376,0.07128,-0.93797,-0.56846,-0.80998,0.14407,-0.749053,0.582001,0.316578,-0.010946,-0.00023,0.01521,-0.026263,0.396228,-0.103909,0.244121,-0.163875,0.094262,0.316329,0.542234,0.357795,0.760235,-0.814149,0.447078,0.370428,-0.208012,-0.820238,0.532733,-0.058441,0.011938,-0.015943,0.002478,0.060634,0.13936,-1.406038,0.007588,0.065018,-0.026444,-0.415287,-0.468757,0.779617,0.88179,-0.418053,0.218351,0.223568,0.778137,0.586957,-0.029214,0.006014,-0.007901,-0.000136,0.074841,0.139132,-0.796493,0.081665,0.03617,-0.047965,-0.358593,0.075044,-0.930472,-0.496159,-0.859634,0.121883,-0.790719,0.505368,0.345492,-0.005307,0.000413,0.00792,-0.519881,1.747938,-2.170327,0.119673
4586,0.087905,0.028346,0.390467,-0.350719,0.077271,-0.933311,-0.572651,-0.806241,0.148384,-0.740579,0.586403,0.328178,-0.011595,-0.009502,0.024974,0.040126,0.488372,0.186649,0.256876,-0.166069,0.09467,0.315772,0.55183,0.361572,0.751492,-0.810238,0.44548,0.380783,-0.197772,-0.819455,0.537813,-0.05839,0.012362,-0.015687,-0.406324,-1.807712,2.133577,-1.405895,0.006491,0.065224,-0.026721,-0.424652,-0.472845,0.772067,0.879563,-0.417569,0.228041,0.214564,0.775921,0.593219,-0.02919,0.006169,-0.007812,-0.470425,-1.724715,2.188804,-0.797309,0.08141,0.036143,-0.047612,-0.370244,0.078007,-0.925653,-0.500486,-0.856225,0.128029,-0.78258,0.510679,0.356054,-0.005348,0.000306,0.007853,0.078351,0.597219,0.050174,0.142697
4587,0.087618,0.028229,0.390903,-0.357735,0.07407,-0.930905,-0.57204,-0.805296,0.155695,-0.737684,0.588117,0.331615,-0.011913,-0.010522,0.024385,-0.067865,0.043631,-0.032785,0.262613,-0.167167,0.094843,0.315505,0.554197,0.364639,0.748262,-0.810242,0.441918,0.384902,-0.191002,-0.820028,0.539384,-0.05837,0.012639,-0.015517,-0.077467,0.314409,0.102261,-1.406315,0.005942,0.06531,-0.026855,-0.427912,-0.476011,0.768312,0.879647,-0.414623,0.233039,0.207631,0.775564,0.596144,-0.029179,0.006325,-0.007722,-0.140599,0.400372,0.155537,-0.796819,0.081268,0.036088,-0.047392,-0.378075,0.076091,-0.922642,-0.499812,-0.855667,0.134243,-0.77926,0.511901,0.361537,-0.006027,-0.005452,0.012091,-0.074442,0.024827,-0.064386,0.151678
4588,0.087031,0.027842,0.391802,-0.366419,0.073419,-0.927573,-0.571832,-0.804161,0.162183,-0.733562,0.589749,0.337801,-0.012472,-0.012291,0.023376,-0.069067,0.038629,-0.035187,0.276167,-0.169191,0.095249,0.31506,0.559404,0.372594,0.740427,-0.808843,0.44028,0.389693,-0.181486,-0.817338,0.546702,-0.046138,0.0052,-0.007184,-1.186484,-0.737004,-0.856057,-1.406116,0.004948,0.065506,-0.027078,-0.434692,-0.481798,0.760863,0.877889,-0.415147,0.238669,0.20088,0.771701,0.603426,-0.029163,0.008142,-0.006436,-4.028025,-2.090979,-3.153813,-0.79437,0.080975,0.035897,-0.046941,-0.386461,0.074459,-0.919294,-0.499594,-0.854741,0.140793,-0.775276,0.513685,0.367523,-0.006394,-0.006604,0.011433,-0.078221,0.130045,-0.243382,0.168334
4589,0.086371,0.027325,0.392741,-0.370939,0.073736,-0.92575,-0.576996,-0.799376,0.167469,-0.727219,0.596179,0.34022,-0.012967,-0.01382,0.022514,-0.070078,0.050873,-0.061265,0.297135,-0.171244,0.095646,0.314663,0.568129,0.372089,0.73401,-0.803631,0.442532,0.397841,-0.17749,-0.816351,0.549483,-0.046978,0.016284,-0.014015,0.043469,0.087388,-0.073148,-1.406088,0.003921,0.065706,-0.02727,-0.443689,-0.482083,0.75547,0.874553,-0.416991,0.247536,0.195691,0.770528,0.606622,-0.028695,0.001952,-0.003565,0.040502,-0.026727,0.008462,-0.802371,0.08064,0.035634,-0.046463,-0.390943,0.074243,-0.917415,-0.505085,-0.850561,0.146402,-0.769449,0.520608,0.37002,-0.006508,-0.006944,0.011248,-0.069407,0.05066,-0.061517,0.194133
4590,0.085689,0.026808,0.393602,-0.371451,0.080289,-0.924999,-0.578754,-0.799029,0.162997,-0.725559,0.595789,0.344422,-0.013638,-0.015882,0.021346,-0.057982,0.097157,-0.039007,0.314414,-0.173264,0.09602,0.314356,0.575947,0.372564,0.727648,-0.799958,0.439767,0.408174,-0.168634,-0.817628,0.550372,-0.046957,0.019969,-0.011572,0.003319,0.143371,0.020779,-1.40607,0.002912,0.065888,-0.027428,-0.452042,-0.482761,0.750065,0.872184,-0.415457,0.258241,0.186951,0.770932,0.608861,-0.028697,0.003359,-0.002644,-0.033121,0.084966,0.116643,-0.808739,0.080305,0.035383,-0.04604,-0.392104,0.081084,-0.91634,-0.506863,-0.850308,0.141647,-0.767687,0.52,0.374507,-0.012442,-0.001348,0.006997,-0.036329,0.067165,-0.071025,0.220423
4591,0.085341,0.0266,0.393976,-0.367478,0.088658,-0.925821,-0.580433,-0.799643,0.153754,-0.726245,0.593765,0.346466,-0.013662,-0.015926,0.021331,0.017049,0.279778,0.128651,0.31572,-0.174226,0.096249,0.314231,0.580008,0.36914,0.726166,-0.797139,0.440398,0.412981,-0.168069,-0.818837,0.548745,-0.046073,0.008916,-0.00477,-0.132694,0.224968,0.346441,-1.405834,0.002413,0.066009,-0.027495,-0.45592,-0.480361,0.749259,0.870327,-0.416736,0.262413,0.18619,0.771741,0.608069,-0.023038,0.004566,-0.002282,-0.209631,0.312241,0.411722,-0.809719,0.08013,0.035278,-0.045853,-0.388506,0.089151,-0.917122,-0.508613,-0.850697,0.132761,-0.768359,0.518039,0.375845,-0.006812,-0.007867,0.010731,0.098186,0.205651,0.513523,0.227771
4592,0.084732,0.026226,0.394589,-0.365378,0.104385,-0.925013,-0.587204,-0.796875,0.141962,-0.721853,0.594907,0.35361,-0.014161,-0.017425,0.020484,0.058251,0.552066,0.17892,0.31902,-0.176139,0.096696,0.313994,0.587836,0.365247,0.721827,-0.791885,0.441815,0.421488,-0.165691,-0.819814,0.548009,-0.045991,0.008149,-0.005305,-0.077832,0.237598,0.083548,-1.406183,0.001495,0.066232,-0.027606,-0.464852,-0.4764,0.746294,0.866147,-0.419454,0.271746,0.183577,0.772723,0.607617,-0.022998,0.00445,-0.002372,-0.158233,0.240303,0.34278,-0.812332,0.079826,0.035092,-0.045546,-0.38704,0.103731,-0.916209,-0.515835,-0.84797,0.121902,-0.764273,0.519793,0.381706,-0.006631,-0.003713,0.005548,0.093795,0.480965,0.388205,0.23365
4593,0.084344,0.025981,0.394954,-0.367325,0.109988,-0.923591,-0.588149,-0.796704,0.138981,-0.720092,0.59412,0.358491,-0.01211,0.003272,0.002068,0.00481,0.036747,-0.019077,0.326721,-0.17797,0.097111,0.313771,0.597277,0.362022,0.715675,-0.78556,0.443539,0.431397,-0.161992,-0.820309,0.548374,-0.057976,0.021125,-0.009984,-0.065142,-0.055463,0.405901,-1.406003,0.000563,0.066436,-0.027718,-0.474781,-0.473272,0.74202,0.861466,-0.422493,0.281735,0.180162,0.772988,0.6083,-0.022963,0.004293,-0.002487,-0.265617,-0.302641,0.81292,-0.810862,0.07963,0.034959,-0.045358,-0.390587,0.111028,-0.913845,-0.516843,-0.847924,0.117885,-0.761783,0.518359,0.388572,-0.000423,-0.004861,0.004796,-0.043688,-0.007307,-0.02715,0.242304
4594,0.084221,0.025955,0.395032,-0.368357,0.112646,-0.92286,-0.588317,-0.796836,0.137505,-0.719427,0.593441,0.360942,0.000131,0.000406,0.000234,0.010236,0.038955,0.018512,0.329874,-0.178885,0.097344,0.313655,0.599371,0.360772,0.714555,-0.784051,0.444018,0.433644,-0.161568,-0.8206,0.548065,-0.045893,0.008508,-0.005101,-0.04501,0.195523,0.003054,-1.406034,8.3e-05,0.066562,-0.027779,-0.477626,-0.471544,0.741295,0.860012,-0.423413,0.28478,0.179587,0.773541,0.607767,-0.022944,0.004298,-0.00249,-0.046018,0.203653,0.001161,-0.811679,0.079564,0.034947,-0.045319,-0.391792,0.11345,-0.913032,-0.517014,-0.848013,0.116485,-0.761049,0.517688,0.3909,5.8e-05,0.000198,0.00012,-0.001792,4e-06,0.000644,0.246386
4595,0.084197,0.026031,0.39502,-0.368284,0.112648,-0.922889,-0.588242,-0.796907,0.137413,-0.719526,0.593345,0.360903,0.000125,0.000389,0.000224,2e-06,7e-06,3e-06,0.331824,-0.180826,0.097793,0.313378,0.608273,0.357447,0.70868,-0.777834,0.445752,0.44296,-0.158312,-0.82111,0.548251,-0.045847,0.006428,-0.006514,-0.047209,0.086818,0.174728,-1.405951,-0.00087,0.066787,-0.027913,-0.487301,-0.468516,0.736905,0.855251,-0.426444,0.294432,0.176303,0.773716,0.608505,-0.028899,0.009636,-0.005595,-0.055592,0.258894,0.072938,-0.813148,0.079552,0.034985,-0.045324,-0.391523,0.113116,-0.913188,-0.516951,-0.848037,0.116593,-0.76123,0.517722,0.390501,6.9e-05,0.000218,0.000128,-1.5e-05,-0.001387,-0.000772,0.251449
4596,0.084358,0.02615,0.394915,-0.368129,0.112613,-0.922955,-0.587992,-0.797127,0.137209,-0.719809,0.593057,0.360812,0.000187,0.00058,0.000334,0.0,0.0,0.0,0.331045,-0.18289,0.098339,0.313014,0.614506,0.357671,0.703168,-0.774419,0.443044,0.451578,-0.150778,-0.822478,0.548324,-0.046433,0.018468,-0.012636,0.029626,0.105769,-0.044748,-1.405617,-0.001902,0.067054,-0.028094,-0.494594,-0.46814,0.732271,0.852588,-0.424905,0.304218,0.168729,0.77479,0.609286,-0.028843,0.009353,-0.005793,0.056802,0.076754,-0.063191,-0.809229,0.079628,0.035045,-0.045376,-0.391382,0.113066,-0.913255,-0.516666,-0.848236,0.116405,-0.761495,0.517407,0.390402,0.000131,0.000407,0.000233,-0.006183,0.086774,-0.178921,0.252591
4597,0.084588,0.026206,0.394842,-0.367656,0.112794,-0.923121,-0.58798,-0.797221,0.13671,-0.720061,0.592895,0.360576,0.000458,0.001427,0.000822,0.0,0.0,0.0,0.330721,-0.185122,0.098934,0.312492,0.62178,0.355579,0.697814,-0.76987,0.440598,0.461637,-0.144076,-0.824694,0.546795,-0.05827,0.026668,-0.020479,-0.172015,0.285765,0.096578,-1.405816,-0.003013,0.067353,-0.028349,-0.501878,-0.467508,0.727704,0.849665,-0.423885,0.313669,0.16182,0.775729,0.609964,-0.028846,0.006787,-0.00752,-0.578866,0.162201,0.169472,-0.810209,0.079747,0.035071,-0.045414,-0.39091,0.113301,-0.913427,-0.516655,-0.848314,0.115882,-0.761745,0.517227,0.390152,0.000246,0.000766,0.00044,0.000187,-2.2e-05,-8.3e-05,0.252428
4598,0.084716,0.026208,0.394841,-0.367562,0.112842,-0.923152,-0.588014,-0.797212,0.136619,-0.720081,0.592898,0.360529,0.00069,0.002151,0.001238,0.000935,-0.012591,0.025907,0.330092,-0.186299,0.099209,0.312177,0.62634,0.352714,0.695185,-0.766306,0.44172,0.466468,-0.143322,-0.82532,0.546048,-0.05827,0.024584,-0.021883,-0.078389,0.393464,0.174079,-1.406032,-0.003602,0.067491,-0.028505,-0.506848,-0.464822,0.725978,0.84691,-0.425568,0.3188,0.160768,0.776422,0.609361,-0.028843,0.006449,-0.007755,-0.23783,0.422402,0.458683,-0.811842,0.079811,0.03507,-0.045416,-0.390838,0.113345,-0.913453,-0.516681,-0.848309,0.11581,-0.761764,0.517227,0.390115,0.000127,0.000393,0.000223,0.000154,-1.5e-05,-6.5e-05,0.252428
4599,0.084937,0.026203,0.394869,-0.367364,0.112967,-0.923216,-0.588147,-0.797145,0.136436,-0.720075,0.592964,0.360435,0.012922,-0.000701,-0.000589,0.000984,-0.014715,0.029553,0.329927,-0.188716,0.099804,0.311476,0.633992,0.346357,0.691435,-0.760001,0.443846,0.474693,-0.143262,-0.826863,0.543725,-0.057713,0.011259,-0.01672,-0.008691,0.059945,0.167543,-1.405888,-0.004789,0.067787,-0.028854,-0.515867,-0.457534,0.724253,0.841528,-0.42889,0.328455,0.160346,0.778919,0.606278,-0.034714,0.011857,-0.010803,-0.031661,0.079501,0.235081,-0.809393,0.079916,0.035069,-0.045401,-0.390655,0.113484,-0.913514,-0.516816,-0.84825,0.115634,-0.761766,0.517292,0.390025,0.000483,0.001506,0.000863,0.001048,-0.012591,0.025875,0.252265
4600,0.085023,0.026294,0.394909,-0.367362,0.112959,-0.923218,-0.588127,-0.79716,0.136432,-0.720092,0.592945,0.360432,0.000906,0.002835,0.00163,0.000935,-0.012589,0.025907,0.329662,-0.191194,0.100381,0.310723,0.640545,0.341257,0.687922,-0.755273,0.441307,0.484505,-0.139038,-0.83033,0.539522,-0.06902,0.009442,-0.01721,-0.144821,0.363737,0.352603,-1.406225,-0.006023,0.068071,-0.029228,-0.522156,-0.4545,0.721651,0.838594,-0.427676,0.337418,0.155277,0.781358,0.604456,-0.034507,0.00447,-0.008735,0.055053,0.156901,-0.137058,-0.808086,0.079964,0.035113,-0.045382,-0.390651,0.113477,-0.913517,-0.516793,-0.848265,0.115627,-0.761784,0.517269,0.390019,0.000304,0.00095,0.000544,-0.006372,0.086899,-0.178837,0.252265
4601,0.085053,0.026326,0.394927,-0.368248,0.115629,-0.922534,-0.588187,-0.797396,0.134785,-0.719589,0.59211,0.362801,0.000534,0.001672,0.000961,0.005268,0.020166,0.009603,0.330254,-0.192372,0.100605,0.310361,0.645196,0.338448,0.684957,-0.75143,0.442589,0.489287,-0.138355,-0.830793,0.538983,-0.069069,0.008624,-0.017801,-0.147516,0.369494,0.359418,-1.406116,-0.006634,0.068192,-0.029418,-0.527418,-0.451501,0.719706,0.835415,-0.429779,0.342594,0.154633,0.781944,0.603864,-0.028895,0.004479,-0.009141,-0.154715,0.536423,0.281547,-0.806453,0.079981,0.035133,-0.04537,-0.391882,0.116311,-0.912632,-0.516847,-0.848479,0.113798,-0.761114,0.516288,0.392619,0.000263,0.000822,0.00047,-0.004248,-0.009741,-0.004027,0.252428
4602,0.085058,0.026357,0.394979,-0.368191,0.115682,-0.92255,-0.588269,-0.797343,0.13474,-0.719551,0.59217,0.362778,0.000244,0.000764,0.000439,1e-06,4e-06,2e-06,0.328968,-0.194727,0.10102,0.309656,0.651747,0.334611,0.680627,-0.745876,0.44484,0.495703,-0.13771,-0.831141,0.538613,-0.057731,0.010812,-0.017164,0.00814,0.146052,-0.024777,-1.406196,-0.007816,0.068393,-0.029774,-0.535791,-0.445939,0.716983,0.83018,-0.433142,0.350981,0.15404,0.783278,0.602283,-0.028879,0.004965,-0.008841,0.026764,-0.008443,0.134336,-0.808086,0.079983,0.035149,-0.045344,-0.391681,0.116115,-0.912744,-0.516954,-0.8484,0.113909,-0.761146,0.516463,0.392329,0.000133,0.000415,0.000238,-0.000194,-0.000863,-0.000435,0.252102
4603,0.085047,0.026336,0.395002,-0.368262,0.115667,-0.922523,-0.588304,-0.797304,0.134821,-0.719486,0.592227,0.362815,0.0,0.0,0.0,0.0,0.0,0.0,0.32604,-0.197025,0.101421,0.309041,0.656139,0.334542,0.676427,-0.743024,0.442445,0.502087,-0.132126,-0.832445,0.537996,-0.05762,0.012711,-0.015925,0.04447,0.093591,-0.107908,-1.406338,-0.008987,0.068596,-0.030089,-0.540715,-0.44564,0.713464,0.827991,-0.431691,0.357871,0.148515,0.784249,0.602408,-0.028798,0.006392,-0.0079,0.080301,0.068437,-0.140987,-0.808903,0.079977,0.035138,-0.045333,-0.391747,0.116084,-0.912719,-0.516989,-0.848366,0.113997,-0.761088,0.516524,0.39236,-1.3e-05,-3.6e-05,-1.8e-05,5.6e-05,-2.7e-05,-2.7e-05,0.250142
4604,0.085041,0.026306,0.395007,-0.368332,0.115644,-0.922498,-0.588319,-0.797279,0.134899,-0.719437,0.592264,0.36285,-0.000401,-0.001254,-0.000721,0.0,0.0,0.0,0.322048,-0.199254,0.101847,0.308555,0.659309,0.335237,0.672992,-0.740451,0.444295,0.50425,-0.130781,-0.831181,0.540276,-0.057321,0.016626,-0.01329,0.059349,0.064541,-0.136905,-1.406018,-0.01008,0.0688,-0.030329,-0.544227,-0.446453,0.710278,0.825855,-0.434035,0.359966,0.147577,0.782491,0.60492,-0.028535,0.002121,-0.003746,0.035785,0.07455,-0.166488,-0.809556,0.079975,0.035125,-0.045329,-0.391815,0.116054,-0.912694,-0.517003,-0.848347,0.114075,-0.761044,0.516563,0.392395,-0.000236,-0.000742,-0.000427,-0.000896,0.012598,-0.025934,0.245897
4605,0.085041,0.026306,0.395007,-0.368332,0.115644,-0.922498,-0.588319,-0.797279,0.134899,-0.719437,0.592264,0.36285,-6e-06,-1.8e-05,-1.1e-05,0.0,0.0,0.0,0.320215,-0.200386,0.102051,0.308355,0.660693,0.337065,0.670719,-0.739469,0.445301,0.504804,-0.129339,-0.829904,0.54258,-0.057085,0.004343,-0.007524,0.024273,0.074343,-0.148332,-1.405921,-0.010625,0.068903,-0.030424,-0.545823,-0.448293,0.707891,0.824999,-0.435209,0.360511,0.146466,0.780785,0.607388,-0.028527,0.002279,-0.003653,0.02306,0.026167,-0.106357,-0.808576,0.079974,0.035122,-0.045331,-0.391815,0.116054,-0.912694,-0.517002,-0.848348,0.114075,-0.761044,0.516562,0.392395,-0.0,-4e-06,-3e-06,3.4e-05,-3e-06,-1.2e-05,0.24361
4606,0.085086,0.026288,0.395007,-0.368244,0.115698,-0.922527,-0.588372,-0.797255,0.134816,-0.71944,0.592286,0.362809,0.012229,-0.00285,-0.001826,0.000984,-0.014715,0.029553,0.319169,-0.202628,0.102321,0.308048,0.665359,0.340294,0.664447,-0.736668,0.442765,0.511091,-0.121099,-0.829947,0.544414,-0.056965,0.006094,-0.00638,-0.067696,-1.975334,1.979945,-1.406427,-0.011767,0.069043,-0.030584,-0.548862,-0.450419,0.704181,0.824162,-0.432339,0.365839,0.139664,0.781155,0.608514,-0.028464,0.003216,-0.003037,0.006144,0.11966,-0.086028,-0.80629,0.079992,0.035114,-0.045331,-0.391752,0.116103,-0.912715,-0.51705,-0.848327,0.114014,-0.761044,0.516585,0.392365,0.0,2e-06,2e-06,2.3e-05,3e-06,-4.3e-05,0.241325
4607,0.085178,0.026267,0.394993,-0.368034,0.115809,-0.922596,-0.588448,-0.797233,0.134608,-0.719485,0.592293,0.362708,0.01223,-0.002847,-0.001825,0.000984,-0.014715,0.029553,0.317094,-0.204961,0.102621,0.307873,0.670386,0.338899,0.660092,-0.732451,0.44389,0.51615,-0.118917,-0.829915,0.544942,-0.056607,0.009993,-0.003749,-0.060981,0.218505,0.059184,-1.406481,-0.012955,0.069193,-0.030675,-0.556162,-0.450374,0.698459,0.819824,-0.435123,0.37223,0.136273,0.779634,0.611227,-0.028291,0.005126,-0.001748,-0.100035,0.26213,0.081972,-0.807433,0.080042,0.035102,-0.045338,-0.391533,0.116247,-0.912791,-0.51714,-0.848303,0.113788,-0.761096,0.516592,0.392255,0.006113,-0.001421,-0.000912,0.001014,-0.014736,0.029529,0.238385
4608,0.085224,0.026256,0.394986,-0.367929,0.115865,-0.922631,-0.588486,-0.797223,0.134505,-0.719508,0.592297,0.362658,-0.0,-0.0,-0.0,0.0,0.0,0.0,0.315711,-0.206148,0.102794,0.307824,0.672842,0.33819,0.657953,-0.730371,0.444404,0.518648,-0.11783,-0.829928,0.545158,-0.067754,0.01096,-0.002395,-0.117917,0.309141,0.179455,-1.406192,-0.013523,0.069278,-0.030698,-0.558429,-0.450631,0.696482,0.818471,-0.436067,0.374098,0.135133,0.778958,0.612341,-0.028295,0.005034,-0.001827,-0.284029,0.348827,0.467473,-0.811189,0.080065,0.035097,-0.045341,-0.391434,0.116313,-0.912825,-0.51718,-0.848292,0.113685,-0.761119,0.516596,0.392205,-2e-06,1e-06,-1e-06,2.7e-05,-1.1e-05,-3.6e-05,0.237079
4609,0.085299,0.026246,0.39498,-0.367743,0.115964,-0.922693,-0.588554,-0.797204,0.134321,-0.719548,0.592302,0.362568,1e-06,2e-06,1e-06,0.0,0.0,0.0,0.3139,-0.208561,0.103052,0.307804,0.679682,0.337665,0.651157,-0.724646,0.445937,0.525321,-0.113836,-0.829319,0.546932,-0.056402,0.011565,-0.002752,-0.076168,0.255309,0.096101,-1.405965,-0.014734,0.069408,-0.030706,-0.566513,-0.449302,0.690789,0.813508,-0.4386,0.381881,0.1314,0.778304,0.613984,-0.033849,-0.000552,0.001759,-0.201505,0.374292,0.151387,-0.816251,0.080103,0.035092,-0.045345,-0.391258,0.116429,-0.912885,-0.517251,-0.848273,0.113503,-0.761161,0.5166,0.392117,-3e-06,-5e-06,-5e-06,2.4e-05,-8e-06,-2.4e-05,0.234303
4610,0.085345,0.026236,0.394973,-0.367638,0.11602,-0.922728,-0.588592,-0.797193,0.134217,-0.71957,0.592306,0.362518,0.0,0.0,0.0,0.0,0.0,0.0,0.310237,-0.210951,0.103214,0.307885,0.683505,0.335635,0.648199,-0.721299,0.446089,0.52978,-0.112191,-0.830059,0.546149,-0.056239,0.000887,0.004059,-0.081779,0.229072,0.006787,-1.406121,-0.015908,0.069492,-0.03067,-0.570994,-0.447049,0.688558,0.810648,-0.439511,0.386884,0.129673,0.779087,0.613357,-0.03372,0.006719,-0.000377,-0.116317,0.192564,0.222337,-0.81723,0.080126,0.035087,-0.045348,-0.391158,0.116494,-0.91292,-0.517292,-0.848262,0.1134,-0.761185,0.516603,0.392066,0.0,-2e-06,-2e-06,1.8e-05,-4e-06,-3.4e-05,0.230547
4611,0.085342,0.026221,0.394975,-0.367673,0.116008,-0.922715,-0.5886,-0.797181,0.134256,-0.719546,0.592324,0.362536,-4e-06,-1.3e-05,-8e-06,0.0,0.0,0.0,0.30727,-0.213148,0.103303,0.307997,0.68807,0.33683,0.642725,-0.717548,0.446978,0.534105,-0.108236,-0.829097,0.548403,-0.056262,0.000968,0.004058,-0.015425,-0.096104,0.0333,-1.405894,-0.017006,0.069538,-0.030613,-0.576016,-0.447057,0.684357,0.807551,-0.441026,0.391606,0.12675,0.778225,0.615059,-0.028124,0.00637,-0.000992,0.004131,-1.909915,1.802938,-0.820986,0.080125,0.035079,-0.045347,-0.391192,0.116479,-0.912907,-0.517299,-0.848252,0.113439,-0.761163,0.516623,0.392084,1e-06,-2e-06,-3e-06,2.3e-05,3e-06,-9e-06,0.226302
