frame,MLTx,MLTy,MLTz,MLTR1,MLTR2,MLTR3,MLTR4,MLTR5,MLTR6,MLTR7,MLTR8,MLTR9,MLTTVx,MLTTVy,MLTTVz,MLTRVx,MLTRVy,MLTRVz,MLGA,MRTx,MRTy,MRTz,MRTR1,MRTR2,MRTR3,MRTR4,MRTR5,MRTR6,MRTR7,MRTR8,MRTR9,MRTTVx,MRTTVy,MRTTVz,MRTRVx,MRTRVy,MRTRVz,MRGA,SLTx,SLTy,SLTz,SLTR1,SLTR2,SLTR3,SLTR4,SLTR5,SLTR6,SLTR7,SLTR8,SLTR9,SLTTVx,SLTTVy,SLTTVz,SLTRVx,SLTRVy,SLTRVz,SLGA,SRTx,SRTy,SRTz,SRTR1,SRTR2,SRTR3,SRTR4,SRTR5,SRTR6,SRTR7,SRTR8,SRTR9,SRTTVx,SRTTVy,SRTTVz,SRTRVx,SRTRVy,SRTRVz,SRGA
3547,0.155593,0.059945,0.362845,-0.638676,-0.054865,-0.767547,-0.358599,-0.861312,0.359889,-0.680053,0.505158,0.531385,0.022369,0.016113,-0.034155,1.052965,-1.280877,-0.988212,0.361179,-0.090788,0.072137,0.324804,0.817699,0.088258,0.568833,-0.166828,0.982049,0.087647,-0.551901,-0.166691,0.816996,0.002455,-0.008474,-0.00626,-0.002977,0.017436,-0.022748,0.400978,0.047817,0.054813,-0.020671,-0.773043,-0.208587,0.599077,0.303589,-0.950868,0.060674,0.556988,0.228777,0.798388,0.005933,0.003,-0.00629,0.034937,-0.004411,0.027215,0.363524,0.114991,0.054784,-0.060815,-0.609448,-0.120407,-0.783628,-0.263588,-0.901402,0.343503,-0.747725,0.415902,0.51762,0.005337,0.014267,-0.020637,4.030715,-2.786889,-3.096455,0.325256
3548,0.156481,0.060501,0.361525,-0.599068,-0.130964,-0.789944,-0.294742,-0.88121,0.369551,-0.743764,0.454374,0.490292,0.033779,0.002742,-0.027692,-0.270271,-1.533713,0.315077,0.325311,-0.090705,0.0721,0.324352,0.815258,0.087236,0.572483,-0.1665,0.982104,0.087655,-0.555603,-0.166903,0.81444,0.000393,0.001726,-0.014282,0.041704,0.031102,-0.010135,0.403283,0.04786,0.05479,-0.020901,-0.770545,-0.20724,0.602752,0.303289,-0.950959,0.060757,0.560602,0.229625,0.79561,0.000241,0.000732,-0.007239,0.048558,0.018673,-0.014517,0.36336,0.115443,0.055068,-0.061488,-0.560685,-0.191438,-0.805594,-0.196223,-0.914474,0.353881,-0.804442,0.356492,0.475168,0.016921,0.001311,-0.013881,-0.318248,-1.656682,0.328957,0.27137
3549,0.157178,0.060657,0.360912,-0.567421,-0.147567,-0.810125,-0.284459,-0.888128,0.360948,-0.772058,0.435436,0.462978,0.045492,0.001811,-0.02857,0.187366,-2.779275,2.353424,0.313034,-0.090686,0.072116,0.324117,0.815118,0.08728,0.572674,-0.16628,0.982183,0.087184,-0.555873,-0.166413,0.814356,9e-05,0.002773,-0.013513,0.033402,0.011761,-0.002382,0.406194,0.04787,0.054793,-0.021015,-0.770451,-0.207321,0.602845,0.303072,-0.95106,0.060258,0.560849,0.229132,0.795578,5.4e-05,0.001379,-0.006762,0.034285,0.009575,-0.002999,0.365973,0.115774,0.055145,-0.061784,-0.528658,-0.205907,-0.823481,-0.184143,-0.919209,0.348059,-0.828619,0.335643,0.448031,0.017023,0.007118,-0.01776,-0.257941,-1.677157,0.601434,0.251122
3550,0.158967,0.060803,0.359635,-0.505139,-0.177824,-0.844546,-0.263142,-0.900225,0.346875,-0.821341,0.397672,0.409001,0.05693,-0.003011,-0.031621,-0.255796,-1.562622,0.421409,0.231271,-0.090657,0.072227,0.323647,0.81419,0.08553,0.574257,-0.165538,0.98218,0.088616,-0.557455,-0.167332,0.813085,-0.000437,0.00459,-0.012171,0.032305,0.012707,-0.001507,0.404781,0.047886,0.054845,-0.021253,-0.76969,-0.205406,0.60447,0.302397,-0.951174,0.06183,0.562257,0.230379,0.794223,0.000995,-0.003397,-0.002531,0.009388,-0.007668,-0.006551,0.367443,0.116687,0.055223,-0.062431,-0.460559,-0.225884,-0.858405,-0.162022,-0.929437,0.331504,-0.872715,0.291758,0.391463,0.028475,-0.001742,-0.015954,-0.324389,-1.650489,0.349955,0.18058
3551,0.161385,0.06021,0.358445,-0.419085,-0.227891,-0.878907,-0.162121,-0.933658,0.31933,-0.892854,0.276594,0.355434,0.068266,-0.022107,-0.028572,1.355879,-2.331686,0.799418,0.118233,-0.090643,0.072384,0.323234,0.811037,0.082691,0.579114,-0.164898,0.982079,0.090905,-0.562224,-0.169339,0.809377,-0.000978,0.006454,-0.010784,-0.003428,0.028422,0.052026,0.404605,0.047893,0.054922,-0.021461,-0.766682,-0.202112,0.609383,0.301872,-0.951175,0.064321,0.566631,0.23327,0.790261,-0.000369,0.002838,-0.005684,0.010039,0.029249,0.018667,0.366463,0.117869,0.054938,-0.063014,-0.369883,-0.26593,-0.890205,-0.05804,-0.949675,0.307811,-0.927263,0.165522,0.335834,0.034005,-0.017066,-0.01082,4.935022,-4.901117,0.795257,0.033619
3552,0.164069,0.059063,0.3576,-0.3509,-0.245438,-0.9037,-0.091714,-0.951398,0.293945,-0.931491,0.186326,0.312463,0.068971,-0.029435,-0.018701,4.993736,-2.616822,-1.097243,0.077126,-0.090705,0.072601,0.322885,0.809135,0.079597,0.5822,-0.164505,0.981797,0.094595,-0.565076,-0.172427,0.806735,-0.00165,0.008768,-0.009051,0.023261,0.00552,0.030794,0.406823,0.047863,0.055028,-0.021637,-0.765101,-0.198775,0.61246,0.301584,-0.951004,0.068097,0.568917,0.236809,0.787562,-0.000761,0.004183,-0.004678,0.052911,-0.018717,0.009829,0.366626,0.119211,0.054356,-0.063447,-0.299809,-0.273431,-0.913974,0.010268,-0.958914,0.283508,-0.953943,0.075614,0.290299,0.034544,-0.014329,-0.009142,0.284146,-1.273373,0.613632,-0.058151
3553,0.165468,0.058612,0.357279,-0.323941,-0.248263,-0.912947,-0.070616,-0.955923,0.284948,-0.943051,0.157078,0.29327,0.081405,-0.023951,-0.016058,-0.204692,-1.201182,0.612855,0.065117,-0.090717,0.07268,0.322757,0.808089,0.078205,0.583839,-0.164559,0.981604,0.096476,-0.566556,-0.174148,0.805326,0.000953,-0.003282,-0.002456,-0.031716,0.04223,0.000325,0.409257,0.047855,0.055075,-0.021702,-0.764213,-0.197268,0.614054,0.301652,-0.950848,0.069951,0.570074,0.238688,0.786156,-0.000961,0.004868,-0.004161,0.03093,7.2e-05,0.027123,0.367932,0.119905,0.054119,-0.063613,-0.272034,-0.274085,-0.922428,0.038037,-0.960892,0.274297,-0.961535,0.039532,0.271821,0.034837,-0.0058,-0.011494,-0.171082,-1.228,0.592335,-0.089829
3554,0.168471,0.058277,0.356788,-0.311288,-0.233326,-0.921252,-0.094215,-0.957041,0.274168,-0.945263,0.172425,0.277083,0.059003,0.00657,-0.012394,-5.085492,1.214597,2.036961,0.059272,-0.090724,0.072784,0.322599,0.80759,0.078755,0.584454,-0.164875,0.981623,0.095745,-0.567175,-0.173797,0.804966,-0.00217,0.010554,-0.007709,0.03642,-0.005792,0.02027,0.410651,0.047853,0.055121,-0.021779,-0.763669,-0.198019,0.61449,0.301967,-0.950827,0.068871,0.570636,0.23815,0.785912,0.000236,-0.000803,-0.000601,0.00097,-0.000925,-0.000897,0.371198,0.121388,0.053922,-0.063863,-0.258062,-0.260469,-0.930354,0.020316,-0.964222,0.264316,-0.965914,0.049309,0.254121,0.029561,-0.002241,-0.002222,-0.438507,-0.101111,0.63237,-0.118078
3555,0.170498,0.058659,0.356671,-0.350499,-0.183978,-0.91834,-0.210754,-0.939878,0.268672,-0.912126,0.287937,0.291798,0.047827,0.008361,0.003226,-5.630579,3.628236,-0.026132,0.069353,-0.090721,0.07281,0.322594,0.807762,0.078494,0.584252,-0.164578,0.981662,0.09585,-0.567016,-0.173691,0.805101,-9.2e-05,0.000317,0.000238,-0.0,0.0,0.0,0.407381,0.047854,0.055138,-0.021784,-0.763891,-0.197781,0.614289,0.301662,-0.950917,0.068962,0.570499,0.237987,0.786061,-7.6e-05,0.000266,0.0002,-4.3e-05,-3e-05,-0.000111,0.369729,0.122432,0.054118,-0.063931,-0.300651,-0.21389,-0.92944,-0.097891,-0.96246,0.253154,-0.948696,0.167095,0.268427,0.018011,0.010661,-0.001657,-1.286227,1.029621,1.285867,-0.117588
3556,0.171173,0.058833,0.356758,-0.379834,-0.143522,-0.913878,-0.280539,-0.923498,0.261575,-0.881039,0.355907,0.311653,0.024259,-0.001618,0.012566,-5.287858,2.672881,2.386526,0.08819,-0.090711,0.072842,0.322616,0.807823,0.078397,0.58418,-0.164481,0.981673,0.095906,-0.566957,-0.173673,0.805146,-0.00032,0.001101,0.000824,-0.0,0.0,0.0,0.40585,0.047859,0.055155,-0.021773,-0.763968,-0.197695,0.614222,0.301571,-0.950941,0.069021,0.570444,0.237962,0.786108,-0.000182,0.000626,0.000468,-5.4e-05,-1.2e-05,-7.5e-05,0.368422,0.122779,0.054218,-0.063887,-0.335877,-0.180091,-0.924528,-0.168738,-0.954167,0.247167,-0.926668,0.239021,0.290094,0.012127,0.005348,0.002648,-1.39444,2.124729,0.667658,-0.104525
3557,0.171685,0.058892,0.357031,-0.440192,-0.052126,-0.896415,-0.378582,-0.894467,0.237859,-0.81367,0.44413,0.375122,0.000283,-0.007692,0.00989,-0.055941,2.373284,0.651288,0.145054,-0.09063,0.072958,0.322689,0.807395,0.07618,0.585065,-0.16391,0.981502,0.098594,-0.567733,-0.175611,0.804178,0.011285,0.004931,0.002189,-0.381981,0.314615,0.336821,0.405061,0.047895,0.055212,-0.021737,-0.764276,-0.197328,0.613957,0.301195,-0.951043,0.069268,0.570231,0.237861,0.786294,-0.000334,0.001148,0.000858,0.00298,-0.017589,0.022594,0.366136,0.123045,0.054269,-0.063738,-0.40739,-0.094978,-0.908301,-0.274727,-0.935762,0.22107,-0.870952,0.339597,0.355128,0.000172,-0.0036,0.005086,-1.511849,3.758012,-0.694241,-0.047863
3558,0.171153,0.057985,0.357531,-0.484278,0.06172,-0.87276,-0.463182,-0.864342,0.195825,-0.741681,0.498999,0.448259,-0.011949,-0.042274,0.019292,0.102262,2.213391,1.198049,0.175375,-0.090544,0.072957,0.322678,0.807384,0.076146,0.585084,-0.163891,0.981503,0.098619,-0.567754,-0.175622,0.804161,0.000554,-0.001901,-0.001422,-9.7e-05,8.3e-05,7.7e-05,0.405641,0.04794,0.05522,-0.021736,-0.763795,-0.195389,0.615173,0.301079,-0.950892,0.071799,0.570935,0.240056,0.785115,0.000351,-0.001204,-0.0009,0.00045,0.014718,-0.0252,0.36581,0.122785,0.053841,-0.063485,-0.46647,0.012973,-0.884441,-0.361213,-0.915514,0.177081,-0.807422,0.402075,0.431746,-0.011892,-0.021348,0.009739,-1.002618,2.196624,1.762004,0.023168
3559,0.170056,0.055609,0.35843,-0.513978,0.179105,-0.838924,-0.53402,-0.832141,0.149454,-0.670702,0.524591,0.524395,-0.036449,-0.065267,0.021418,-0.848705,2.32507,1.897598,0.166912,-0.090535,0.072827,0.322584,0.806627,0.074467,0.586344,-0.16386,0.981267,0.100994,-0.568839,-0.177649,0.802948,-0.010775,-0.006701,-0.003516,-0.151567,0.040329,0.263495,0.410501,0.047949,0.055155,-0.021783,-0.76328,-0.194252,0.616173,0.301239,-0.950716,0.07344,0.571539,0.241671,0.784179,0.000673,-0.00231,-0.001732,-0.277434,0.250656,0.191211,0.367443,0.122246,0.052664,-0.063035,-0.511403,0.125627,-0.850108,-0.433229,-0.892033,0.128796,-0.742145,0.434158,0.510614,-0.018345,-0.039066,0.014219,-4.003357,3.273685,4.139785,0.03068
3560,0.169286,0.053973,0.359,-0.524668,0.237373,-0.817571,-0.566541,-0.814151,0.127126,-0.634804,0.529588,0.562661,-0.048673,-0.0913,0.035766,-0.921832,2.192278,1.8001,0.167549,-0.090633,0.072709,0.3225,0.80559,0.073223,0.587924,-0.164258,0.980982,0.10309,-0.570193,-0.179724,0.801525,-0.010229,-0.008598,-0.004941,-0.333618,0.315526,0.21171,0.416197,0.047899,0.055099,-0.021824,-0.76271,-0.193747,0.617037,0.301591,-0.950535,0.074329,0.572115,0.242785,0.783415,-0.005152,-0.004174,-0.002379,-0.373975,0.335821,0.270251,0.371362,0.121866,0.051852,-0.062757,-0.529796,0.182682,-0.828216,-0.467245,-0.877838,0.105262,-0.707811,0.442748,0.550432,-0.018572,-0.04111,0.0131,-3.97331,2.919055,4.169977,0.028394
3561,0.16761,0.050553,0.360169,-0.543378,0.334461,-0.770014,-0.60988,-0.787549,0.08823,-0.576245,0.517139,0.632879,-0.04954,-0.09499,0.033808,0.575304,2.390784,0.832965,0.170463,-0.091137,0.07224,0.322224,0.80221,0.06996,0.592921,-0.16598,0.980039,0.109125,-0.574446,-0.186055,0.797031,-0.021154,-0.014964,-0.008231,-0.265364,0.2717,0.127132,0.42796,0.047655,0.054871,-0.021958,-0.759478,-0.189475,0.622327,0.303366,-0.94941,0.081164,0.575466,0.250435,0.778537,-0.010526,-0.007649,-0.004238,-0.490939,0.462115,0.298374,0.387038,0.121028,0.050136,-0.062176,-0.55982,0.275333,-0.781531,-0.514061,-0.855134,0.066964,-0.649878,0.439243,0.62026,-0.018749,-0.047822,0.016547,0.446618,2.08451,0.693294,0.031823
3562,0.1659,0.046647,0.361654,-0.54308,0.416599,-0.729079,-0.654601,-0.75382,0.056793,-0.525266,0.507576,0.683001,-0.050157,-0.10526,0.042635,-0.893475,1.779253,1.506396,0.161624,-0.092174,0.071524,0.321834,0.798609,0.065919,0.598221,-0.169077,0.978469,0.118086,-0.578547,-0.195545,0.791775,-0.044141,-0.02401,-0.012066,-0.282755,0.331437,0.056376,0.440217,0.047142,0.054513,-0.022154,-0.756189,-0.184631,0.627764,0.306555,-0.947531,0.090592,0.578101,0.260949,0.773113,-0.01621,-0.010187,-0.005405,-0.420536,0.530399,0.043934,0.400427,0.120154,0.048141,-0.061425,-0.571483,0.358878,-0.737979,-0.561619,-0.826742,0.032869,-0.598323,0.433247,0.674021,-0.025091,-0.05271,0.021294,-0.880825,1.847444,1.536567,0.026107
3563,0.165118,0.044518,0.362547,-0.536919,0.450344,-0.71341,-0.673983,-0.737557,0.041584,-0.506792,0.50259,0.700423,-0.038212,-0.115183,0.0513,0.393552,1.485196,0.509999,0.157458,-0.092989,0.071065,0.321589,0.799085,0.065907,0.597587,-0.171554,0.977586,0.121775,-0.577157,-0.199922,0.791696,-0.043846,-0.025345,-0.013111,-0.071855,0.249485,-0.287947,0.446336,0.046734,0.054284,-0.022276,-0.756578,-0.183646,0.627585,0.308879,-0.946298,0.095456,0.576353,0.266068,0.772673,-0.021972,-0.012471,-0.006383,-0.002061,0.083153,-0.142914,0.409572,0.119778,0.047115,-0.061,-0.568922,0.391669,-0.723133,-0.582788,-0.812413,0.01848,-0.580245,0.431947,0.69046,-0.019163,-0.052673,0.021196,0.626378,0.642603,0.874474,0.021209
3564,0.163984,0.040011,0.364592,-0.516409,0.501724,-0.694003,-0.704625,-0.70947,0.01133,-0.486055,0.494235,0.72077,-0.013999,-0.113309,0.05208,1.626374,-0.855474,1.929047,0.153414,-0.095163,0.069844,0.320941,0.805457,0.063163,0.589271,-0.177328,0.974375,0.138138,-0.566445,-0.215849,0.795244,-0.054757,-0.032913,-0.017453,-0.36265,0.503744,-0.071441,0.44385,0.04563,0.053665,-0.022604,-0.763916,-0.183408,0.618703,0.315084,-0.942716,0.109577,0.563164,0.278651,0.777945,-0.027305,-0.016692,-0.008879,-0.508071,0.650221,0.024898,0.41692,0.119197,0.044816,-0.059959,-0.556355,0.446732,-0.700641,-0.615949,-0.787676,-0.013122,-0.557741,0.424259,0.713392,-0.007008,-0.056605,0.026079,1.59415,-0.903441,1.882296,0.011575
3565,0.163352,0.035518,0.366759,-0.49166,0.541753,-0.681777,-0.728256,-0.685015,-0.019225,-0.476838,0.486379,0.73218,-0.014081,-0.111729,0.053438,-0.058293,0.431319,0.37865,0.142177,-0.09778,0.06842,0.32012,0.817247,0.067243,0.572343,-0.185316,0.971016,0.150731,-0.546632,-0.229345,0.805268,-0.078536,-0.040862,-0.020677,-0.00274,0.014748,-0.090868,0.422453,0.044352,0.052967,-0.023009,-0.775495,-0.187583,0.602842,0.322898,-0.938355,0.123393,0.542534,0.290347,0.78826,-0.033115,-0.019517,-0.010355,0.001269,0.019199,-0.08894,0.401407,0.118886,0.042614,-0.058895,-0.536244,0.489053,-0.687944,-0.641274,-0.766008,-0.044682,-0.548824,0.4172,0.724385,-0.013206,-0.055044,0.027394,-0.018964,0.554095,0.245575,0.007492
3566,0.163014,0.033367,0.367866,-0.485035,0.556088,-0.674946,-0.732565,-0.679839,-0.033756,-0.47703,0.477374,0.73796,-0.013878,-0.107689,0.056058,1.790681,-0.783717,2.080947,0.112082,-0.099091,0.067741,0.319695,0.821184,0.075529,0.565636,-0.195796,0.968256,0.155167,-0.53698,-0.238275,0.80916,-0.069021,-0.026405,-0.027053,0.036068,-0.002445,-0.047918,0.412407,0.043693,0.052619,-0.023221,-0.778481,-0.196321,0.596175,0.333157,-0.934225,0.127393,0.531952,0.297793,0.792682,-0.039243,-0.020891,-0.010703,0.014548,-0.073538,0.02249,0.392426,0.118717,0.041531,-0.058345,-0.533222,0.501583,-0.681239,-0.645749,-0.761546,-0.055267,-0.546516,0.410441,0.72997,-0.013166,-0.053474,0.028437,-0.145503,0.294119,0.265504,-0.010959
3567,0.162195,0.029318,0.370489,-0.467131,0.590636,-0.658014,-0.758168,-0.650435,-0.045682,-0.454403,0.476808,0.752462,-0.012806,-0.091193,0.066441,-0.382228,0.450066,0.810862,0.091684,-0.101868,0.066291,0.318836,0.823222,0.102499,0.558382,-0.227192,0.960783,0.158789,-0.52123,-0.257717,0.813489,-0.067111,-0.038279,-0.020528,-0.003641,-0.1239,0.055068,0.378942,0.042304,0.051897,-0.023654,-0.776952,-0.223315,0.588621,0.363477,-0.922518,0.129781,0.514032,0.314784,0.797923,-0.03343,-0.019579,-0.010555,-0.065632,-0.120859,-0.053466,0.355849,0.118306,0.039485,-0.057047,-0.518646,0.539147,-0.66357,-0.673837,-0.73547,-0.070894,-0.526259,0.410369,0.744746,-0.0126,-0.049646,0.038532,-1.132021,0.548844,1.744898,-0.069418
3568,0.161388,0.02607,0.373365,-0.4535,0.616875,-0.643309,-0.774514,-0.629863,-0.058071,-0.440463,0.471147,0.764225,-0.011919,-0.078331,0.074648,-0.142083,0.226012,0.368739,0.140868,-0.104578,0.064714,0.317958,0.819003,0.133287,0.558087,-0.262278,0.951978,0.157743,-0.511278,-0.275742,0.813895,-0.066975,-0.040851,-0.022763,-0.021365,0.143946,-0.244304,0.364048,0.040949,0.051112,-0.02409,-0.768735,-0.253125,0.587345,0.396833,-0.90897,0.127653,0.501567,0.331209,0.799206,-0.033485,-0.020363,-0.011284,-0.004132,0.02329,-0.088892,0.324497,0.117902,0.037857,-0.055611,-0.508455,0.567509,-0.647615,-0.692569,-0.716435,-0.084068,-0.511684,0.405773,0.757315,-0.012255,-0.038601,0.037853,-0.140993,0.222618,0.337722,-0.042148
3569,0.160709,0.023148,0.376337,-0.440672,0.636314,-0.633213,-0.78625,-0.613926,-0.069841,-0.432646,0.466292,0.771633,-0.011631,-0.073752,0.077839,-0.179514,0.263666,0.154752,0.177483,-0.107123,0.063089,0.317012,0.810753,0.165555,0.561482,-0.301336,0.94029,0.15807,-0.502792,-0.297568,0.811491,-0.054849,-0.040152,-0.023993,-0.062807,0.170576,-0.176206,0.366009,0.039671,0.050299,-0.024564,-0.755962,-0.283891,0.589852,0.433978,-0.891939,0.126909,0.490084,0.351921,0.797475,-0.033485,-0.021488,-0.012304,-0.056086,0.183391,-0.207361,0.3147,0.117567,0.036427,-0.054146,-0.498258,0.587673,-0.637478,-0.705632,-0.702084,-0.095704,-0.503806,0.40214,0.764501,-0.005823,-0.031049,0.03481,-0.104134,0.252434,0.391601,0.016473
3570,0.160539,0.022004,0.377655,-0.434189,0.641845,-0.632108,-0.789361,-0.609134,-0.076396,-0.43354,0.46499,0.771916,0.001278,-0.059738,0.070808,-0.197311,-0.038003,0.322088,0.176681,-0.108345,0.062247,0.316517,0.805868,0.178794,0.564448,-0.320561,0.933188,0.162277,-0.498721,-0.311947,0.808597,-0.054768,-0.041633,-0.025302,-0.350616,0.354163,0.075544,0.375474,0.03906,0.04988,-0.02481,-0.749253,-0.297614,0.591646,0.452415,-0.88242,0.12905,0.483673,0.364361,0.795801,-0.033435,-0.022331,-0.013051,-0.634866,0.400903,0.240541,0.318782,0.117473,0.035826,-0.05346,-0.492604,0.594306,-0.63572,-0.709232,-0.697485,-0.102481,-0.504311,0.400391,0.765086,-0.005719,-0.029701,0.035693,-0.226382,0.009797,0.060003,0.031823
3571,0.160019,0.020268,0.380335,-0.427392,0.653958,-0.624275,-0.795757,-0.599794,-0.083606,-0.428587,0.460222,0.777519,-0.023,-0.036096,0.07056,-0.074564,0.324813,0.258287,0.143278,-0.110901,0.060436,0.315407,0.803063,0.184185,0.566707,-0.334483,0.926328,0.173123,-0.494065,-0.328821,0.80476,-0.066726,-0.048378,-0.029495,-0.13151,0.155261,0.002428,0.384569,0.037811,0.048998,-0.025349,-0.745702,-0.301162,0.59433,0.465406,-0.873764,0.141183,0.476786,0.381886,0.79173,-0.033352,-0.024095,-0.014622,-0.183328,0.119769,0.087159,0.335111,0.117222,0.034942,-0.052124,-0.487236,0.605968,-0.62881,-0.716473,-0.689066,-0.108872,-0.499265,0.39748,0.769897,-0.011537,-0.017948,0.035351,-0.011136,0.48618,0.334083,0.014024
3572,0.159052,0.019385,0.382956,-0.423276,0.663465,-0.617007,-0.801214,-0.591994,-0.08701,-0.422473,0.456697,0.782925,-0.022251,-0.017132,0.066519,-0.122014,0.096753,0.16798,0.159223,-0.113608,0.058601,0.314085,0.809643,0.174217,0.560463,-0.335747,0.920646,0.199046,-0.482314,-0.349556,0.803148,-0.066852,-0.051161,-0.032183,-0.462704,0.356708,0.469477,0.35504,0.036433,0.048062,-0.026022,-0.753735,-0.293925,0.587783,0.467429,-0.868473,0.165114,0.461943,0.3992,0.791988,-0.03436,-0.019887,-0.01962,-0.06042,0.077464,-0.006426,0.321068,0.116738,0.034497,-0.050809,-0.484666,0.616607,-0.620397,-0.722766,-0.681793,-0.112989,-0.492653,0.393641,0.776105,-0.011109,-0.002573,0.029198,-0.093733,0.049405,0.201789,0.003247
3573,0.158498,0.019183,0.38422,-0.420691,0.668354,-0.613488,-0.803943,-0.587938,-0.089314,-0.41987,0.454801,0.785425,-0.022076,-0.005156,0.058276,-0.034085,0.213962,0.281257,0.189888,-0.11505,0.057884,0.313375,0.817716,0.165582,0.551285,-0.330298,0.919254,0.214032,-0.472345,-0.35732,0.805652,-0.070122,-0.034541,-0.035327,-0.311732,0.220345,0.411616,0.333977,0.035746,0.047701,-0.02637,-0.763231,-0.286027,0.579366,0.462472,-0.868023,0.180706,0.451217,0.405861,0.794782,-0.035978,-0.011587,-0.021197,-0.436066,0.131546,0.600469,0.300494,0.116474,0.034399,-0.050193,-0.482686,0.620715,-0.617839,-0.725736,-0.678369,-0.114547,-0.490224,0.393098,0.777915,-0.011072,-0.002447,0.029232,0.050007,0.434654,0.384628,0.022678
3574,0.157576,0.018941,0.386322,-0.412056,0.671208,-0.616226,-0.808605,-0.581046,-0.092281,-0.41949,0.459421,0.782935,-0.022442,-0.010123,0.055288,-0.129974,-0.13559,0.300149,0.242071,-0.11803,0.05705,0.31211,0.832235,0.167071,0.528643,-0.336088,0.91027,0.241635,-0.441871,-0.378984,0.81301,-0.085436,-0.024092,-0.02559,-0.181274,-0.11293,0.265717,0.299447,0.034201,0.047244,-0.027041,-0.778466,-0.287586,0.557928,0.467644,-0.85863,0.20991,0.418687,0.42432,0.802902,-0.042788,-0.011564,-0.012351,-0.145211,-0.118472,0.240758,0.249547,0.116001,0.034292,-0.049111,-0.474543,0.625177,-0.619646,-0.731177,-0.671912,-0.117952,-0.490089,0.397098,0.775967,-0.011271,-3.6e-05,0.022997,-0.103125,-0.063136,0.13635,0.088485
3575,0.157005,0.018649,0.387961,-0.392706,0.67589,-0.623698,-0.812841,-0.572275,-0.108451,-0.429747,0.463535,0.774906,0.001669,-0.002459,0.028722,-0.004267,-0.211413,0.409336,0.263437,-0.121228,0.056913,0.310933,0.840633,0.182227,0.51002,-0.351213,0.900158,0.257486,-0.413223,-0.395812,0.820027,-0.076317,-0.002673,-0.02624,-0.036473,-0.12733,0.403551,0.273292,0.032659,0.04718,-0.027607,-0.785036,-0.304322,0.539542,0.482462,-0.846677,0.224427,0.38852,0.436492,0.811496,-0.045402,0.003959,-0.016214,-0.110303,-0.033302,0.452198,0.210684,0.115712,0.034161,-0.048288,-0.455981,0.632077,-0.626545,-0.735961,-0.66365,-0.133898,-0.500441,0.400058,0.767796,-0.00547,-0.000832,0.014781,0.592509,-0.602959,0.801798,0.143023
3576,0.156645,0.018309,0.389045,-0.382837,0.679345,-0.626077,-0.817742,-0.564453,-0.112525,-0.429365,0.468043,0.772404,-0.011546,-0.008888,0.025435,-0.065314,-0.060132,0.137786,0.247353,-0.124346,0.056904,0.310029,0.845175,0.19251,0.498608,-0.357599,0.896885,0.260102,-0.398174,-0.398381,0.826204,-0.089592,-0.00028,-0.022952,0.089175,-0.122668,0.0973,0.245837,0.031104,0.047184,-0.028059,-0.788843,-0.314436,0.528067,0.488042,-0.842713,0.227263,0.37355,0.436994,0.818227,-0.038665,0.001708,-0.010633,0.081542,-0.051984,0.014383,0.179495,0.115532,0.033986,-0.047732,-0.446206,0.636848,-0.628747,-0.741785,-0.656231,-0.138261,-0.500655,0.404703,0.765218,-0.005824,-0.004767,0.012541,-0.058964,-0.14663,0.316168,0.146126
3577,0.156418,0.018127,0.389536,-0.381271,0.680348,-0.625943,-0.819897,-0.561604,-0.111091,-0.426646,0.470004,0.77272,-0.011606,-0.009553,0.025061,-0.065722,-0.059583,0.137603,0.243628,-0.125859,0.05681,0.309732,0.844965,0.199452,0.496229,-0.362396,0.895778,0.257265,-0.39425,-0.397467,0.828523,-0.088331,-0.008952,-0.013659,0.051402,-0.021661,-0.066906,0.233941,0.030319,0.047135,-0.028217,-0.787963,-0.321371,0.525199,0.49234,-0.841085,0.224,0.36975,0.435081,0.820968,-0.037961,-0.003067,-0.006344,0.027986,-0.02153,-0.03073,0.15941,0.115418,0.03389,-0.047489,-0.444819,0.638017,-0.628545,-0.7443,-0.653684,-0.136797,-0.498149,0.406976,0.765647,-0.005845,-0.005034,0.012393,-0.061442,-0.06214,0.139993,0.138288
3578,0.155916,0.017777,0.390483,-0.389026,0.680419,-0.621075,-0.824045,-0.558368,-0.095645,-0.41139,0.473736,0.778691,-0.011619,-0.009739,0.02496,-2.052731,1.326044,-1.460705,0.240924,-0.129088,0.056483,0.309503,0.847002,0.206329,0.489905,-0.365162,0.895464,0.254432,-0.387249,-0.394664,0.833152,-0.087955,-0.01205,0.000132,-0.011205,0.019217,-0.194953,0.234648,0.028672,0.046964,-0.028341,-0.789323,-0.328525,0.518689,0.494954,-0.840359,0.220941,0.363301,0.431122,0.82592,-0.044037,-0.005624,0.000447,-0.048639,0.050024,-0.17982,0.145041,0.115167,0.033709,-0.047019,-0.450712,0.637579,-0.624779,-0.748881,-0.650983,-0.124082,-0.485833,0.411961,0.770878,-0.005836,-0.00497,0.012433,-0.064234,0.022054,-0.03648,0.133389
3579,0.155317,0.017521,0.391452,-0.391896,0.68005,-0.619673,-0.825016,-0.557796,-0.09047,-0.406695,0.474937,0.780424,-0.011337,-0.006937,0.026527,-0.071403,0.026657,-0.041064,0.219075,-0.132406,0.056027,0.309706,0.847734,0.23317,0.476413,-0.38546,0.887704,0.251665,-0.365288,-0.397282,0.841781,-0.087051,-0.018406,0.011221,-0.018382,-0.323849,-0.022411,0.233566,0.027045,0.046746,-0.028241,-0.786857,-0.354983,0.504818,0.513856,-0.829876,0.217384,0.341769,0.430455,0.835405,-0.043537,-0.009166,0.005694,-0.296926,-0.711315,0.092328,0.142918,0.114867,0.033575,-0.046538,-0.455322,0.636445,-0.62259,-0.750362,-0.650695,-0.116408,-0.479204,0.414165,0.77384,-0.00566,-0.003206,0.013422,-0.069098,0.013446,-0.014364,0.116244
3580,0.155022,0.017424,0.39196,-0.393021,0.679766,-0.619272,-0.82514,-0.557881,-0.088788,-0.405354,0.475243,0.780935,-0.011202,-0.005644,0.027243,-0.070496,0.014336,-0.015026,0.203222,-0.134098,0.055767,0.309944,0.8489,0.250571,0.465375,-0.397596,0.882748,0.250213,-0.34917,-0.397758,0.84837,-0.074899,-0.013525,0.013732,-2.555762,-2.316219,-4.803385,0.225691,0.026228,0.046616,-0.028126,-0.787167,-0.365613,0.496683,0.520281,-0.826105,0.216462,0.331172,0.428807,0.840505,-0.043769,-0.007403,0.007092,-0.026202,0.077077,-0.245147,0.139979,0.114719,0.033525,-0.046285,-0.456427,0.636016,-0.622219,-0.750504,-0.65083,-0.114731,-0.47793,0.414612,0.774389,-0.005665,-0.003303,0.013364,-0.071147,0.026588,-0.04112,0.099262
3581,0.154594,0.017277,0.392962,-0.394209,0.679536,-0.618769,-0.825745,-0.557399,-0.086155,-0.402964,0.476134,0.781628,-0.011062,-0.004396,0.027918,-0.070486,0.014439,-0.014975,0.186925,-0.137082,0.055282,0.310607,0.857775,0.265699,0.44002,-0.401775,0.88038,0.251876,-0.321531,-0.393182,0.86133,-0.075535,-0.007849,0.018188,-0.895519,-2.487871,1.044568,0.187429,0.024675,0.046367,-0.027786,-0.793525,-0.388099,0.468718,0.52923,-0.820329,0.216736,0.300388,0.420045,0.856345,-0.037814,-0.003674,0.009354,-0.921703,-2.457831,1.050229,0.104708,0.114501,0.033449,-0.045774,-0.457605,0.635637,-0.621742,-0.751241,-0.650444,-0.112064,-0.47564,0.415797,0.775163,-0.005542,-0.002145,0.013996,-0.07043,0.014461,-0.015113,0.069053
3582,0.154376,0.017196,0.393914,-0.390805,0.679978,-0.62044,-0.826107,-0.556342,-0.089463,-0.405531,0.476738,0.779931,0.001354,-0.006313,0.026461,-0.064044,-0.072399,0.168546,0.189441,-0.139798,0.05477,0.311658,0.861482,0.278327,0.424704,-0.403672,0.882649,0.240654,-0.308958,-0.379116,0.872169,-0.062237,-0.010392,0.031017,0.43492,-0.639216,-0.199358,0.142509,0.023341,0.046111,-0.027275,-0.796609,-0.399357,0.453791,0.530352,-0.821952,0.207653,0.290067,0.406088,0.866575,-0.036651,-0.012126,0.018812,-0.039262,-0.217337,0.053434,0.050822,0.114392,0.033413,-0.045295,-0.454209,0.636505,-0.62334,-0.751636,-0.649399,-0.11542,-0.478263,0.416101,0.773384,0.000664,-0.003138,0.013246,-0.06843,-0.069494,0.165331,0.061378
3583,0.15445,0.017197,0.39461,-0.383724,0.681159,-0.623557,-0.826552,-0.554403,-0.09706,-0.411345,0.477308,0.77653,0.001029,0.000356,0.015151,-0.034746,-9.8e-05,0.007309,0.18887,-0.142471,0.054052,0.31321,0.862671,0.294463,0.411196,-0.411524,0.881178,0.232613,-0.294916,-0.370262,0.880792,-0.073778,-0.018388,0.042015,0.332867,-0.44456,-0.357073,0.124423,0.022008,0.045759,-0.0265,-0.796206,-0.415467,0.43982,0.537576,-0.819348,0.199195,0.277607,0.395037,0.875716,-0.036215,-0.01502,0.024558,0.329224,-0.583148,-0.258898,0.005591,0.114429,0.033418,-0.04495,-0.447253,0.638551,-0.626271,-0.752109,-0.647452,-0.123027,-0.48404,0.416,0.769836,0.000489,4.8e-05,0.007504,-0.039557,0.003071,0.003833,0.063338
3584,0.154561,0.017207,0.394848,-0.380006,0.681987,-0.624927,-0.827172,-0.552872,-0.100449,-0.413545,0.477901,0.774996,0.000859,-0.001319,0.014225,-0.028383,-0.084105,0.187475,0.178127,-0.143929,0.053451,0.314171,0.850033,0.334919,0.406527,-0.450345,0.862268,0.231554,-0.274043,-0.380333,0.883239,-0.072238,-0.031019,0.048138,-0.812558,-0.818789,-1.666185,0.128682,0.021305,0.045481,-0.026035,-0.780705,-0.44969,0.433909,0.568732,-0.799024,0.195199,0.258925,0.399172,0.879556,-0.036129,-0.015802,0.023882,-1.785288,-2.921595,-0.736354,-0.000288,0.114484,0.033424,-0.044831,-0.443783,0.639765,-0.627499,-0.752772,-0.646051,-0.126301,-0.486199,0.416314,0.768304,0.00665,0.003704,0.001842,-0.000408,-0.025352,0.053967,0.056969
3585,0.154774,0.017266,0.395166,-0.376905,0.683015,-0.625682,-0.828568,-0.550508,-0.101917,-0.413593,0.479156,0.774195,0.000682,0.006867,0.003757,0.000923,-0.012154,0.026115,0.156217,-0.146835,0.052403,0.315891,0.815693,0.431922,0.38481,-0.540255,0.806402,0.240364,-0.20751,-0.404507,0.890604,-0.072208,-0.030969,0.047989,-0.228748,-0.259881,0.062712,0.12904,0.019797,0.044937,-0.025137,-0.731477,-0.546568,0.407679,0.655952,-0.727314,0.201842,0.186191,0.415062,0.890537,-0.036135,-0.015499,0.024038,-0.274637,-0.222858,0.083365,0.001508,0.114591,0.033448,-0.044669,-0.44071,0.641216,-0.628184,-0.754471,-0.643766,-0.127814,-0.486361,0.417618,0.767494,0.000299,0.003066,0.001674,0.006383,-0.083829,0.18018,0.032966
3586,0.154835,0.017418,0.395382,-0.376496,0.683162,-0.625768,-0.828847,-0.550083,-0.101941,-0.413406,0.479433,0.774123,0.000524,0.005286,0.002885,0.0,0.0,0.0,0.137654,-0.149908,0.051626,0.317585,0.823265,0.440302,0.358274,-0.540263,0.80121,0.257124,-0.174868,-0.405802,0.897,-0.086192,-0.017908,0.042974,-1.278943,-2.274994,1.080315,0.125466,0.018293,0.044554,-0.024307,-0.737905,-0.555033,0.38397,0.65647,-0.722331,0.21745,0.156662,0.412522,0.897375,-0.043123,-0.009062,0.021458,-0.099463,-0.013316,-0.032834,-0.00388,0.114622,0.033525,-0.044561,-0.440301,0.64142,-0.628262,-0.754806,-0.643366,-0.127854,-0.486211,0.417922,0.767423,0.000295,0.003009,0.001642,0.000945,-0.012131,0.026091,0.003083
3587,0.154836,0.017496,0.395458,-0.378147,0.683037,-0.624909,-0.829245,-0.54995,-0.099394,-0.411096,0.479765,0.775147,0.000443,0.004471,0.002438,-3.9e-05,2.5e-05,-2.8e-05,0.143469,-0.1515,0.051227,0.318401,0.825454,0.440861,0.352503,-0.539197,0.800349,0.261998,-0.167652,-0.406895,0.897882,-0.085873,-0.021133,0.040327,-0.105361,-0.016381,-0.054485,0.130833,0.017465,0.044355,-0.023877,-0.741418,-0.555852,0.375935,0.654782,-0.721846,0.224047,0.14683,0.412269,0.899152,-0.042961,-0.010691,0.020116,-0.099109,-0.004773,-0.055017,-0.00388,0.114622,0.033566,-0.044521,-0.441976,0.641082,-0.62743,-0.755284,-0.643313,-0.125272,-0.483944,0.418521,0.768529,0.000211,0.002172,0.001184,0.004044,-0.002611,0.002839,-0.001162
3588,0.154873,0.017572,0.395521,-0.377317,0.683304,-0.625118,-0.829562,-0.549382,-0.099885,-0.411219,0.480034,0.774915,0.000193,0.001948,0.001061,0.000924,-0.012142,0.02612,0.134411,-0.154919,0.050238,0.319684,0.826101,0.441609,0.350043,-0.540212,0.797145,0.269563,-0.161025,-0.412344,0.896608,-0.086295,-0.020811,0.024237,-0.251239,0.266112,-0.0843,0.086784,0.015754,0.043872,-0.023226,-0.741881,-0.556981,0.373339,0.655855,-0.718611,0.231195,0.139515,0.416376,0.898423,-0.043137,-0.010931,0.011759,-0.306849,0.310442,-0.064533,-0.018576,0.11464,0.033603,-0.044491,-0.441168,0.641446,-0.627627,-0.75564,-0.642793,-0.125796,-0.484126,0.418763,0.768282,3e-06,4.2e-05,2.4e-05,0.000104,-4.9e-05,5.3e-05,-0.002142
3589,0.154984,0.017534,0.39553,-0.377247,0.683325,-0.625138,-0.82962,-0.549298,-0.099868,-0.411168,0.480099,0.774902,0.012477,-0.000816,-0.000823,0.000984,-0.014715,0.029553,0.114063,-0.158496,0.049057,0.320622,0.824301,0.448683,0.345258,-0.545691,0.791842,0.27412,-0.151426,-0.41493,0.897088,-0.086174,-0.025425,0.02054,-0.421932,-0.574833,0.106135,-0.031765,0.01403,0.043294,-0.022778,-0.738786,-0.5629,0.370591,0.660803,-0.713075,0.234227,0.132413,0.417931,0.898776,-0.042517,-0.019039,0.01352,-0.109022,0.112184,-0.256278,-0.128634,0.114691,0.033584,-0.044486,-0.441102,0.641476,-0.627644,-0.755706,-0.642718,-0.12578,-0.484083,0.418833,0.768272,-1e-05,-9e-05,-5.1e-05,6e-06,-8e-06,-2.1e-05,-0.025819
3590,0.155198,0.017459,0.39555,-0.376852,0.68345,-0.62524,-0.829825,-0.548965,-0.099997,-0.411117,0.480303,0.774803,0.01248,-0.000798,-0.000814,0.000984,-0.014715,0.029553,0.088536,-0.161495,0.048036,0.321528,0.819742,0.458964,0.342588,-0.553933,0.787052,0.271369,-0.14611,-0.412806,0.898948,-0.073899,-0.020189,0.023348,0.067161,-0.050264,-0.31064,-0.133148,0.012495,0.042759,-0.022328,-0.734147,-0.572266,0.365428,0.66737,-0.707303,0.233104,0.125072,0.415009,0.901179,-0.036434,-0.016012,0.015251,0.079601,-0.077725,-0.358569,-0.253551,0.114798,0.033545,-0.044477,-0.440723,0.641648,-0.627734,-0.755946,-0.64241,-0.125911,-0.484054,0.419042,0.768176,-3e-06,-1.7e-05,-1.2e-05,1.5e-05,-1.1e-05,-1.4e-05,-0.055211
3591,0.155367,0.017449,0.39555,-0.376572,0.683532,-0.625318,-0.829934,-0.548773,-0.100152,-0.411153,0.480405,0.77472,4.8e-05,0.000493,0.000269,0.0,0.0,0.0,0.0739,-0.162768,0.047688,0.322005,0.818984,0.461522,0.340962,-0.554707,0.788559,0.265346,-0.147428,-0.407034,0.901361,-0.061403,-0.016783,0.024818,0.436441,-0.338918,-0.407554,-0.188211,0.011854,0.042581,-0.022092,-0.733636,-0.57335,0.364756,0.667503,-0.708612,0.228706,0.127342,0.411263,0.902577,-0.030736,-0.008033,0.012733,0.174001,0.124155,0.202537,-0.302539,0.114887,0.033538,-0.044478,-0.440431,0.641773,-0.627811,-0.756082,-0.642217,-0.126081,-0.484106,0.419147,0.768086,0.006272,-6.4e-05,-0.000229,0.001018,-0.014696,0.029568,-0.07252
3592,0.155751,0.01745,0.395639,-0.375645,0.685743,-0.623453,-0.830502,-0.547576,-0.101974,-0.410856,0.478617,0.775983,0.012753,0.002061,0.000742,0.005489,-0.00018,0.036136,0.021176,-0.16502,0.047097,0.323119,0.830675,0.443899,0.336043,-0.533227,0.807668,0.251545,-0.160788,-0.388703,0.90715,-0.048931,-0.011231,0.027886,0.799596,0.148996,1.138487,-0.388371,0.010723,0.042282,-0.021537,-0.746458,-0.559902,0.359596,0.649947,-0.729364,0.213533,0.142719,0.393112,0.908346,-0.030812,-0.006016,0.014176,2.182452,1.073253,4.545449,-0.457665,0.115074,0.033536,-0.044434,-0.439884,0.644242,-0.625661,-0.756745,-0.641047,-0.128039,-0.483567,0.417144,0.769514,0.006414,0.001427,0.00058,-0.003252,-0.027001,0.024634,-0.133264
3593,0.155889,0.017553,0.395938,-0.37881,0.689364,-0.617515,-0.831801,-0.54607,-0.09943,-0.405287,0.475125,0.781042,0.000898,-0.000714,0.014515,-0.001939,0.106001,0.055286,0.010833,-0.166828,0.046557,0.324436,0.831904,0.449977,0.324728,-0.531261,0.814634,0.232523,-0.160943,-0.366524,0.916308,-0.036392,-0.005847,0.030811,0.409455,-0.559687,-0.307153,-0.49328,0.009828,0.042015,-0.020894,-0.748596,-0.563647,0.349149,0.646481,-0.737416,0.195648,0.147192,0.37218,0.916414,-0.01824,-0.002423,0.015818,0.535395,-0.595966,-0.610538,-0.615893,0.115147,0.033582,-0.044288,-0.443604,0.64742,-0.619727,-0.758285,-0.639724,-0.125525,-0.477722,0.414246,0.774713,0.000472,-9.3e-05,0.007398,-0.008392,0.077355,0.04559,-0.17621
3594,0.1559,0.017624,0.396189,-0.382323,0.692838,-0.611433,-0.832921,-0.544857,-0.096668,-0.399651,0.471453,0.786154,0.001118,0.001589,0.015755,0.142506,0.574168,0.266651,0.014195,-0.167376,0.046356,0.325163,0.832735,0.45257,0.318944,-0.530387,0.817122,0.225688,-0.159516,-0.357678,0.920045,-0.022907,-0.0124,0.040809,0.174188,-0.255595,-0.298529,-0.497116,0.009535,0.041907,-0.020523,-0.748761,-0.567677,0.342195,0.646356,-0.739731,0.187137,0.146899,0.361301,0.920804,-0.011502,-0.005329,0.02109,0.213903,-0.423437,-0.154779,-0.648551,0.115153,0.033617,-0.044169,-0.44735,0.648615,-0.615771,-0.759461,-0.639112,-0.121461,-0.472329,0.413319,0.778506,0.000596,0.001233,0.008115,-0.02238,0.019461,0.023386,-0.179149
3595,0.156019,0.017664,0.396834,-0.382101,0.698612,-0.604967,-0.834056,-0.542547,-0.099822,-0.397492,0.465563,0.790745,0.001144,0.001893,0.015897,0.053864,0.287605,0.136726,-0.013533,-0.167862,0.046206,0.32698,0.836908,0.455189,0.30394,-0.525352,0.823637,0.213449,-0.154222,-0.338893,0.928025,0.002038,0.001707,0.049074,0.193943,-0.433085,-0.028448,-0.513779,0.009284,0.04182,-0.019604,-0.753016,-0.570729,0.327468,0.641953,-0.746454,0.175217,0.144439,0.34216,0.928473,0.000977,0.001413,0.024972,0.184084,-0.426373,-0.027597,-0.669616,0.115213,0.033644,-0.043837,-0.448174,0.655665,-0.607654,-0.7609,-0.636581,-0.125676,-0.469222,0.406039,0.784194,0.000574,0.001052,0.008002,0.069934,0.336278,0.157418,-0.192539
3596,0.156101,0.017405,0.397785,-0.382706,0.704118,-0.598163,-0.835338,-0.540245,-0.101578,-0.394209,0.459915,0.795679,0.001224,-0.007339,0.025786,-0.056978,0.055347,0.007869,-0.029861,-0.167696,0.046269,0.3292,0.837822,0.459821,0.294297,-0.526011,0.823993,0.210431,-0.146785,-0.331694,0.931825,0.015339,-0.001636,0.061115,-0.068287,-0.103454,-0.001347,-0.561498,0.009361,0.041852,-0.018534,-0.753378,-0.575717,0.317756,0.642888,-0.746435,0.171838,0.138255,0.333741,0.932471,0.007615,0.000126,0.031266,-0.08176,-0.113563,0.013334,-0.715337,0.115254,0.033523,-0.043384,-0.449672,0.661562,-0.600108,-0.762403,-0.634317,-0.127992,-0.465334,0.39997,0.789611,0.000564,-0.004042,0.012692,-0.072201,0.010075,-0.010431,-0.215236
3597,0.156137,0.016916,0.398973,-0.381869,0.709688,-0.592084,-0.836531,-0.53772,-0.105088,-0.392488,0.454282,0.799755,0.00119,-0.017805,0.035051,-0.018183,0.094728,0.052499,0.000546,-0.167328,0.046395,0.331623,0.838474,0.459215,0.293385,-0.525887,0.822749,0.215546,-0.143448,-0.335602,0.930944,0.015123,0.004292,0.064954,-0.145665,0.046204,-0.061626,-0.556384,0.009546,0.04192,-0.017301,-0.754242,-0.574964,0.31707,0.642731,-0.745235,0.177539,0.134214,0.337698,0.931636,0.001276,0.001485,0.032517,-0.137796,-0.034235,0.052145,-0.7284,0.115273,0.033279,-0.042779,-0.449597,0.666897,-0.594231,-0.763816,-0.631935,-0.131306,-0.463083,0.394849,0.793502,0.000599,-0.008679,0.017644,0.125337,0.00468,0.147336,-0.209194
3598,0.156181,0.016619,0.399649,-0.382199,0.711503,-0.589688,-0.837354,-0.536512,-0.104712,-0.39041,0.45287,0.801571,0.001351,-0.016126,0.035957,0.01061,0.401566,0.135807,0.014611,-0.167207,0.046417,0.332963,0.837907,0.459763,0.294146,-0.527085,0.821304,0.218117,-0.142348,-0.338388,0.930104,0.003492,-0.005588,0.074328,-0.171247,-0.042036,0.0534,-0.553052,0.00961,0.041936,-0.016633,-0.75356,-0.575408,0.317887,0.643826,-0.743682,0.180066,0.132796,0.340355,0.930872,0.00123,0.00294,0.033424,-0.148739,0.078728,-0.110985,-0.728237,0.115294,0.033128,-0.042443,-0.449949,0.667396,-0.593403,-0.764691,-0.631143,-0.130014,-0.461294,0.395271,0.794334,0.000693,-0.00769,0.018173,0.098268,0.662313,0.275469,-0.19858
3599,0.156246,0.01595,0.401164,-0.379194,0.711938,-0.591102,-0.838344,-0.534661,-0.106249,-0.391218,0.45437,0.800327,0.001578,-0.023871,0.046717,-0.134282,-0.057978,0.158106,0.034007,-0.167112,0.046339,0.335824,0.836314,0.461318,0.296238,-0.530192,0.817812,0.22364,-0.140143,-0.344684,0.928125,0.003438,-0.00419,0.074791,-0.186084,0.088363,-0.132663,-0.503985,0.009658,0.041903,-0.015198,-0.751859,-0.57659,0.319766,0.646452,-0.740042,0.185571,0.129642,0.346237,0.929145,0.001654,-0.001447,0.037856,-0.183395,0.072452,-0.106778,-0.704233,0.115327,0.032795,-0.04169,-0.447308,0.669212,-0.593354,-0.765873,-0.62923,-0.132313,-0.461902,0.395249,0.793992,0.000735,-0.007209,0.018441,-0.109646,0.020456,-0.034026,-0.173924
3600,0.156325,0.015213,0.40281,-0.372006,0.715187,-0.591748,-0.840161,-0.530413,-0.112975,-0.394214,0.454244,0.798928,0.001574,-0.013792,0.037233,-0.098322,-0.068182,0.177731,0.06186,-0.167103,0.045883,0.339028,0.838746,0.459689,0.291861,-0.526811,0.82038,0.222216,-0.138335,-0.340725,0.929857,0.004305,-0.012761,0.083864,0.110138,-0.355567,-0.212646,-0.495671,0.009662,0.041678,-0.013599,-0.75515,-0.574176,0.316336,0.642772,-0.743332,0.185203,0.128804,0.343188,0.930392,-0.004107,-0.006778,0.042156,0.309934,-0.513107,-0.321635,-0.678597,0.115366,0.032425,-0.040862,-0.440563,0.673329,-0.593743,-0.768023,-0.625142,-0.139056,-0.464804,0.394746,0.792547,0.000736,-0.01226,0.023206,-0.141732,-0.052777,0.125742,-0.139143
3601,0.156381,0.014841,0.403603,-0.370285,0.717678,-0.589808,-0.841848,-0.527605,-0.113562,-0.392234,0.453583,0.800276,0.001533,-0.024399,0.046503,-0.063723,0.175806,0.257753,0.071961,-0.167138,0.045564,0.340692,0.837345,0.465047,0.287362,-0.530118,0.818871,0.219908,-0.134091,-0.337067,0.931809,0.004311,-0.013045,0.083445,0.026185,-0.270149,-0.14578,-0.495932,0.009645,0.041521,-0.012765,-0.752995,-0.579964,0.310867,0.646015,-0.741403,0.181617,0.125146,0.337582,0.932939,-0.003624,-0.012732,0.045707,0.03557,-0.278582,-0.255055,-0.674514,0.115394,0.032244,-0.040468,-0.439106,0.675468,-0.592392,-0.769977,-0.622686,-0.139272,-0.462948,0.394973,0.79352,0.000685,-0.007718,0.018186,0.00643,0.393185,0.125231,-0.122487
