frame,MLTx,MLTy,MLTz,MLTR1,MLTR2,MLTR3,MLTR4,MLTR5,MLTR6,MLTR7,MLTR8,MLTR9,MLTTVx,MLTTVy,MLTTVz,MLTRVx,MLTRVy,MLTRVz,MLGA,MRTx,MRTy,MRTz,MRTR1,MRTR2,MRTR3,MRTR4,MRTR5,MRTR6,MRTR7,MRTR8,MRTR9,MRTTVx,MRTTVy,MRTTVz,MRTRVx,MRTRVy,MRTRVz,MRGA,SLTx,SLTy,SLTz,SLTR1,SLTR2,SLTR3,SLTR4,SLTR5,SLTR6,SLTR7,SLTR8,SLTR9,SLTTVx,SLTTVy,SLTTVz,SLTRVx,SLTRVy,SLTRVz,SLGA,SRTx,SRTy,SRTz,SRTR1,SRTR2,SRTR3,SRTR4,SRTR5,SRTR6,SRTR7,SRTR8,SRTR9,SRTTVx,SRTTVy,SRTTVz,SRTRVx,SRTRVy,SRTRVz,SRGA
35,0.086588,0.05043,0.361093,-0.316848,0.388004,-0.865509,-0.854503,-0.512764,0.082888,-0.411254,0.765359,0.495099,-0.130553,-0.071819,0.015332,-0.197316,-0.058672,0.058886,0.0301,-0.148106,0.018601,0.311196,-0.223085,0.595375,0.771851,-0.900857,-0.428331,0.070175,0.372674,-0.680397,0.630902,0.011422,-0.100308,0.088717,-1.641463,-0.048934,-1.181868,0.406373,0.020851,0.032936,-0.025083,0.339632,-0.573793,0.745258,0.871291,0.490377,-0.019514,-0.354261,0.655965,0.666489,0.00558,-0.049693,0.04475,-4.623971,-0.304539,-3.623537,0.332662,0.079995,0.048827,-0.059487,-0.155802,0.460097,-0.87409,-0.888022,-0.452778,-0.080045,-0.432599,0.763741,0.479121,-0.064599,-0.030399,0.003653,-0.248221,0.075421,-0.052521,-0.178169
36,0.083977,0.049148,0.361365,-0.304136,0.392243,-0.868155,-0.867517,-0.490537,0.08222,-0.393242,0.777656,0.49055,-0.11798,-0.069684,0.016341,-0.58071,-0.015612,0.323165,0.036252,-0.147777,0.016709,0.312962,-0.235065,0.589821,0.772559,-0.889935,-0.450129,0.073028,0.391126,-0.671078,0.629713,0.024873,-0.095961,0.091535,-0.360316,0.051119,-0.107849,0.407597,0.021019,0.031957,-0.024162,0.352243,-0.56685,0.744717,0.858181,0.513117,-0.015346,-0.373429,0.644508,0.667202,0.012343,-0.047554,0.046167,-0.356602,0.053852,-0.106246,0.35144,0.078685,0.048185,-0.059352,-0.142741,0.463394,-0.87458,-0.899149,-0.430059,-0.081115,-0.413709,0.7748,0.478047,-0.064205,-0.027565,0.005283,-1.564554,0.239848,0.73486,-0.167065
37,0.079501,0.047011,0.361878,-0.26378,0.402664,-0.876543,-0.89338,-0.44461,0.064542,-0.363411,0.79961,0.478104,-0.115373,-0.050141,0.013098,-0.151414,-0.213061,0.380699,0.043913,-0.146908,0.013218,0.316466,-0.260549,0.571824,0.777897,-0.867066,-0.492888,0.072049,0.424947,-0.65641,0.623225,0.023486,-0.081349,0.087258,-0.215618,0.204128,-0.242567,0.414029,0.021445,0.030249,-0.022437,0.376641,-0.547242,0.74744,0.832483,0.553873,-0.013974,-0.40634,0.627495,0.664181,0.012264,-0.045942,0.047873,0.044502,0.638843,-0.637541,0.364013,0.076446,0.047109,-0.059094,-0.100874,0.471814,-0.875907,-0.919222,-0.380994,-0.099363,-0.380596,0.795131,0.472135,-0.05158,-0.026425,0.005767,-0.224003,-0.576523,1.021408,-0.149756
38,0.075817,0.045169,0.362336,-0.225077,0.40732,-0.885142,-0.915185,-0.400064,0.048557,-0.334064,0.820491,0.463922,-0.089489,-0.048202,0.01413,-0.236533,-0.212747,0.453209,0.064354,-0.14591,0.010473,0.319911,-0.290534,0.552071,0.781536,-0.83656,-0.542968,0.072707,0.464857,-0.633347,0.618581,0.021661,-0.061632,0.087355,-0.67373,-0.02389,-0.356855,0.442407,0.021944,0.028865,-0.020718,0.405102,-0.525424,0.748212,0.798973,0.601277,-0.010344,-0.444448,0.601992,0.663378,0.010734,-0.030342,0.044091,-1.598951,-0.137026,-1.055079,0.391283,0.074594,0.046188,-0.058864,-0.061179,0.47409,-0.878348,-0.935447,-0.334163,-0.115209,-0.348131,0.8146,0.463929,-0.044075,-0.018776,0.002878,-0.515981,-0.085007,0.432412,-0.131468
39,0.074321,0.044325,0.362491,-0.213088,0.409383,-0.887155,-0.921781,-0.385217,0.043584,-0.323648,0.82654,0.460553,-0.075659,-0.038615,0.004882,-0.07048,-0.135566,0.234385,0.082155,-0.145592,0.009356,0.321619,-0.30557,0.541056,0.783503,-0.816779,-0.571804,0.076463,0.489767,-0.617239,0.615636,0.007742,-0.060509,0.089883,-1.674397,0.069661,-0.984329,0.452118,0.022109,0.028308,-0.019862,0.419179,-0.513893,0.748466,0.778417,0.627726,-0.00496,-0.467283,0.584699,0.663153,0.003116,-0.023876,0.041585,-4.730742,-0.041047,-3.439854,0.409408,0.073814,0.045752,-0.058779,-0.048574,0.475408,-0.878422,-0.940335,-0.318286,-0.120261,-0.336763,0.82017,0.462503,-0.037719,-0.018981,0.002707,-0.066947,-0.137269,0.231843,-0.113833
40,0.072103,0.042775,0.362657,-0.18784,0.414084,-0.890671,-0.935875,-0.350618,0.034307,-0.297854,0.839487,0.454502,-0.049545,-0.038832,0.004773,-0.068221,-0.193577,0.343647,0.089653,-0.145397,0.007363,0.324907,-0.33578,0.511601,0.790891,-0.781659,-0.619801,0.069213,0.526027,-0.595584,0.606992,-0.007298,-0.050181,0.082605,-0.270903,0.126488,-0.244657,0.4559,0.022208,0.027297,-0.018178,0.448294,-0.481511,0.753113,0.738201,0.674531,-0.008149,-0.504075,0.559602,0.65784,-0.003708,-0.025111,0.04129,-0.273141,0.11722,-0.237434,0.427534,0.072704,0.044975,-0.058696,-0.022844,0.478445,-0.877819,-0.950596,-0.282298,-0.129126,-0.309586,0.831503,0.461257,-0.024693,-0.019187,0.002575,-0.064666,-0.195883,0.341724,-0.086726
41,0.070783,0.041494,0.362618,-0.174217,0.416681,-0.892227,-0.94348,-0.330022,0.030041,-0.281729,0.846515,0.451739,-0.021879,-0.029211,-0.004265,-0.034059,-0.0225,0.052308,0.078424,-0.145724,0.005824,0.32769,-0.359485,0.479922,0.800273,-0.751665,-0.657067,0.056534,0.553416,-0.581792,0.595913,-0.009425,-0.032636,0.062223,-0.194208,0.134206,-0.244231,0.457775,0.022051,0.02656,-0.016826,0.470323,-0.448573,0.759985,0.704837,0.70915,-0.017626,-0.531037,0.543956,0.6497,-0.004793,-0.015893,0.031496,-0.196774,0.114362,-0.215896,0.431453,0.072061,0.044357,-0.058712,-0.009128,0.480127,-0.87715,-0.956098,-0.261133,-0.132988,-0.292905,0.837428,0.461432,-0.016802,-0.012279,-0.000619,-0.031995,-0.024095,0.045879,-0.089502
42,0.070102,0.040641,0.362493,-0.170466,0.425653,-0.88871,-0.951119,-0.306735,0.035464,-0.257299,0.850787,0.458243,-0.007041,-0.02551,-0.001628,-0.326135,0.432501,-0.498443,0.077526,-0.146243,0.004521,0.329877,-0.37757,0.459631,0.803848,-0.728296,-0.68347,0.04886,0.572336,-0.567543,0.591768,-0.008972,-0.038709,0.056852,-0.590983,0.102996,-0.542792,0.455494,0.021787,0.025903,-0.015704,0.487178,-0.427169,0.761697,0.679257,0.733537,-0.023073,-0.548877,0.528629,0.647521,-0.004507,-0.019607,0.028202,-1.555152,0.05324,-1.216789,0.431779,0.071706,0.043917,-0.058778,-0.004564,0.488525,-0.872536,-0.962885,-0.237624,-0.128006,-0.26987,0.839569,0.471479,-0.009399,-0.010444,0.000675,-1.01843,1.629033,-2.104052,-0.095707
43,0.069929,0.040324,0.362441,-0.167322,0.431072,-0.886694,-0.954656,-0.29542,0.036467,-0.246027,0.852054,0.462061,-0.005374,-0.0211,0.001374,-0.000542,0.233482,-0.001141,0.077089,-0.146475,0.003789,0.330917,-0.38176,0.455759,0.804073,-0.724705,-0.687491,0.045744,0.57412,-0.565799,0.59171,-0.010012,-0.030218,0.046433,-0.089542,-0.025526,-0.322088,0.457019,0.021675,0.025548,-0.015201,0.490686,-0.422857,0.761852,0.674872,0.737499,-0.025324,-0.551157,0.526579,0.647255,-0.004439,-0.020589,0.027362,-0.070451,-0.132088,-0.41267,0.431289,0.071617,0.043755,-0.058806,-0.002161,0.493388,-0.869806,-0.965939,-0.226099,-0.125852,-0.258756,0.839909,0.477071,-0.00182,-0.004782,-0.003273,-0.012447,0.284592,0.085014,-0.09685
44,0.069873,0.03995,0.362399,-0.159672,0.439739,-0.883844,-0.959907,-0.278075,0.035003,-0.230192,0.853451,0.467611,-0.000832,-0.002188,-0.001504,0.026948,0.069803,0.041781,0.08649,-0.146983,0.002506,0.332758,-0.404418,0.442014,0.800662,-0.702511,-0.710631,0.037613,0.586107,-0.547792,0.596879,-0.010026,-0.030239,0.046426,-0.043531,-0.205843,-0.200279,0.460315,0.021418,0.024885,-0.014266,0.512172,-0.407397,0.756113,0.650203,0.75911,-0.031419,-0.561173,0.507719,0.653685,-0.011918,-0.016026,0.02314,-0.011304,-0.249298,-0.30047,0.434882,0.071587,0.043559,-0.058827,0.005643,0.501822,-0.864952,-0.969728,-0.208414,-0.127243,-0.244122,0.839486,0.485455,-0.000339,-0.000888,-0.00061,0.028082,0.053182,0.029627,-0.090972
45,0.070084,0.039961,0.362433,-0.159622,0.447229,-0.880086,-0.961485,-0.272455,0.035874,-0.223549,0.851361,0.474591,0.001396,0.003682,0.002528,0.114548,0.297409,0.17799,0.093614,-0.147336,0.001554,0.334559,-0.417494,0.440577,0.794722,-0.694218,-0.718915,0.034,0.58684,-0.538043,0.604973,0.003506,-0.025656,0.04898,-0.09899,-0.092581,-0.088703,0.459645,0.021237,0.024401,-0.013371,0.524978,-0.405072,0.748541,0.640988,0.766769,-0.034612,-0.559938,0.497977,0.662184,-0.00578,-0.007795,0.020651,-0.073152,-0.06563,-0.087381,0.436351,0.071693,0.043566,-0.058809,0.005033,0.507719,-0.861507,-0.971174,-0.202836,-0.125213,-0.238317,0.837304,0.492063,0.000948,0.002499,0.001711,0.176843,0.47414,0.334229,-0.080685
46,0.070195,0.040038,0.362488,-0.161743,0.448041,-0.879286,-0.96143,-0.272359,0.038012,-0.222257,0.850964,0.475908,0.001884,0.004972,0.00341,-0.089621,0.148827,-0.177949,0.094657,-0.147322,0.001262,0.335377,-0.420099,0.440551,0.793362,-0.692834,-0.720284,0.033248,0.586619,-0.536229,0.606795,0.002236,-0.013697,0.041492,-0.101371,-0.012859,-0.014024,0.459973,0.021244,0.02425,-0.01296,0.527402,-0.404848,0.746957,0.639421,0.768051,-0.035194,-0.559453,0.496181,0.663939,0.001077,-0.006693,0.020886,-0.11777,0.013127,0.03537,0.436351,0.07175,0.043608,-0.05878,0.003496,0.509795,-0.860288,-0.971283,-0.202933,-0.124203,-0.237899,0.836018,0.494446,0.007357,0.001561,0.001168,-0.347151,0.482619,-0.621301,-0.077419
47,0.070378,0.040239,0.362662,-0.16156,0.453636,-0.876447,-0.961534,-0.272227,0.036284,-0.221939,0.848032,0.48126,0.002385,0.006305,0.004313,0.006349,0.001325,0.034378,0.09381,-0.146855,0.00102,0.336644,-0.422403,0.441423,0.791652,-0.691326,-0.721711,0.033698,0.586748,-0.533584,0.608998,0.027611,0.006881,0.020829,-0.028513,-0.0511,0.088761,0.465732,0.021462,0.024126,-0.01232,0.529282,-0.405448,0.745299,0.63783,0.769408,-0.034398,-0.559493,0.493581,0.665841,0.00695,0.002207,0.010048,-0.034463,-0.015546,0.038732,0.439944,0.071843,0.043712,-0.05869,0.003422,0.51537,-0.85696,-0.971113,-0.202754,-0.125813,-0.238593,0.832637,0.499788,0.000395,-0.002426,0.006253,-0.033828,0.005036,-0.025773,-0.075296
48,0.070449,0.040312,0.362914,-0.155857,0.461911,-0.873151,-0.963364,-0.266346,0.030997,-0.218056,0.84542,0.48759,0.00167,0.004417,0.003015,0.032022,0.08365,0.050002,0.091238,-0.145963,0.001382,0.337112,-0.41652,0.444064,0.79329,-0.69242,-0.720349,0.039821,0.58965,-0.533236,0.606494,0.026788,0.011756,0.007241,-0.042405,0.064323,0.151055,0.471715,0.021913,0.024313,-0.012069,0.5237,-0.408548,0.747546,0.639632,0.768159,-0.028287,-0.562679,0.492969,0.663606,0.013403,0.00563,0.003397,-0.053792,0.09113,0.16796,0.447292,0.071881,0.043755,-0.058559,0.009119,0.523,-0.852283,-0.971738,-0.196423,-0.130932,-0.235885,0.82939,0.506428,0.00021,-0.002912,0.005917,-0.00241,0.074955,0.048658,-0.077909
49,0.070476,0.040186,0.363219,-0.154138,0.467002,-0.870745,-0.963597,-0.265842,0.027937,-0.218251,0.842773,0.492064,-0.00045,-0.008149,0.010254,-0.026291,0.039957,-0.003023,0.094524,-0.144774,0.001891,0.337101,-0.408144,0.44641,0.796321,-0.694094,-0.718298,0.047067,0.593518,-0.534047,0.601991,0.026091,0.015149,-0.007565,-0.033037,0.125553,0.179948,0.472696,0.022517,0.024575,-0.012068,0.515651,-0.411536,0.751492,0.642219,0.76623,-0.021065,-0.567148,0.493485,0.659404,0.013074,0.007188,-0.004129,-0.027947,0.116356,0.17495,0.452354,0.071896,0.043697,-0.058409,0.01075,0.527804,-0.849297,-0.971444,-0.195815,-0.133988,-0.237024,0.826485,0.510627,0.000593,0.001586,0.00108,-0.000972,-0.014705,-0.012192,-0.074806
50,0.070476,0.040077,0.363394,-0.153386,0.469596,-0.869481,-0.963723,-0.26553,0.026541,-0.218227,0.841427,0.494373,-0.000501,-0.008284,0.010163,-0.029762,0.030883,-0.008444,0.091024,-0.144113,0.002122,0.336963,-0.402814,0.447184,0.798597,-0.694883,-0.717247,0.051274,0.596224,-0.534814,0.598627,0.026229,0.013219,-0.009217,-0.084122,0.238499,0.250383,0.473946,0.022838,0.024683,-0.012136,0.51124,-0.41263,0.753902,0.643417,0.765316,-0.01744,-0.569778,0.49399,0.656754,0.020007,0.006904,-0.005081,-0.136731,0.340965,0.350984,0.453497,0.071895,0.043642,-0.058322,0.011432,0.530207,-0.84779,-0.971334,-0.195437,-0.135324,-0.23744,0.825035,0.512774,-0.000173,-0.003925,0.005228,-0.037608,0.000231,-0.029601,-0.075459
51,0.070463,0.039805,0.363754,-0.151145,0.477235,-0.865706,-0.963992,-0.264951,0.022185,-0.218602,0.837295,0.501177,-0.000384,-0.007975,0.010378,0.15456,0.496745,0.301775,0.079879,-0.142744,0.002594,0.336556,-0.397121,0.4483,0.80082,-0.692055,-0.71933,0.05964,0.603287,-0.531066,0.594876,0.026367,0.011291,-0.01088,-0.102099,0.276391,0.274635,0.474233,0.023532,0.024919,-0.012347,0.505905,-0.414205,0.756633,0.641349,0.767198,-0.008836,-0.576827,0.489736,0.653779,0.013206,0.005454,-0.005624,-0.136732,0.349076,0.317232,0.455456,0.071888,0.043504,-0.058144,0.012686,0.535132,-0.844672,-0.971136,-0.194627,-0.137889,-0.238185,0.822042,0.517217,-0.000431,-0.004605,0.004769,-0.038163,0.000393,-0.029075,-0.08542
52,0.070436,0.039532,0.36409,-0.15068,0.480038,-0.864236,-0.964206,-0.264244,0.021275,-0.217977,0.835912,0.50375,-0.000676,-0.008752,0.009855,-0.032172,0.02458,-0.012212,0.075467,-0.141538,0.003117,0.336022,-0.391017,0.4572,0.79879,-0.69286,-0.71746,0.07163,0.606337,-0.52599,0.596283,0.025119,0.021686,-0.019695,0.043984,0.062432,-0.044954,0.478077,0.024126,0.025169,-0.01261,0.49944,-0.423678,0.755682,0.643547,0.765396,0.003796,-0.580005,0.484422,0.654926,0.013251,0.004928,-0.006083,0.019318,-0.095717,0.116817,0.457742,0.071875,0.043368,-0.057975,0.013905,0.540006,-0.841545,-0.970925,-0.193856,-0.140437,-0.238976,0.819031,0.521611,0.000478,0.001281,0.000873,-0.004715,-0.01863,-0.012926,-0.096034
53,0.070412,0.039324,0.364399,-0.150257,0.4828,-0.86277,-0.96438,-0.263686,0.020335,-0.217503,0.834494,0.506299,-0.000569,-0.008469,0.010051,-0.033569,0.020935,-0.014371,0.071291,-0.140644,0.003543,0.335557,-0.385915,0.463097,0.797874,-0.692209,-0.717033,0.081514,0.610332,-0.521395,0.596243,0.012574,0.010555,-0.010098,0.031246,-0.017871,0.059175,0.485032,0.024583,0.025386,-0.012853,0.494821,-0.429898,0.755207,0.643928,0.764965,0.013542,-0.583529,0.479599,0.655345,0.006295,0.005329,-0.00502,0.052192,-0.03882,0.035088,0.46558,0.071863,0.043264,-0.057821,0.014204,0.542481,-0.839947,-0.97093,-0.193255,-0.141233,-0.238941,0.817536,0.523966,-0.000188,-0.003968,0.005205,-0.035393,0.015444,-0.017845,-0.101749
54,0.070388,0.039247,0.364559,-0.150536,0.482984,-0.862619,-0.964445,-0.263413,0.020758,-0.21702,0.834474,0.50654,-0.000382,-0.007973,0.01039,-0.033635,0.020762,-0.014474,0.069094,-0.140299,0.003702,0.335429,-0.388831,0.463147,0.796428,-0.687193,-0.721529,0.084235,0.614144,-0.515103,0.597795,0.013728,0.001126,-0.000484,-0.407688,0.044,-0.438206,0.485605,0.02475,0.025463,-0.012919,0.497528,-0.430096,0.753314,0.639362,0.768725,0.016626,-0.586242,0.473369,0.65745,0.013063,0.006902,-0.004407,-1.307297,-0.088296,-1.094531,0.469009,0.07185,0.043225,-0.057741,0.013905,0.542633,-0.839854,-0.971047,-0.193001,-0.140776,-0.238483,0.817495,0.524239,-6.9e-05,-0.00365,0.005423,-0.034171,0.019948,-0.014788,-0.104525
55,0.070342,0.039141,0.364878,-0.151295,0.48337,-0.862269,-0.964531,-0.263021,0.021732,-0.21611,0.834374,0.507095,-4.2e-05,-0.007073,0.011001,-0.03364,0.020748,-0.014483,0.063813,-0.139861,0.00388,0.335453,-0.391541,0.466973,0.792858,-0.685866,-0.722468,0.086955,0.613909,-0.51031,0.602132,0.013328,0.005299,0.00308,0.11759,-0.217053,-0.298074,0.484136,0.024975,0.02555,-0.012909,0.499574,-0.433379,0.750072,0.637855,0.769896,0.019999,-0.586144,0.468447,0.661053,0.006654,0.002802,0.001663,0.180241,-0.331268,-0.368191,0.469826,0.071827,0.043168,-0.057578,0.013118,0.543057,-0.839593,-0.971264,-0.192635,-0.139774,-0.23764,0.8173,0.524925,-0.0,-0.00347,0.005548,-0.033868,0.020691,-0.014353,-0.110403
56,0.070288,0.039033,0.365159,-0.151952,0.483714,-0.861961,-0.964612,-0.26265,0.022593,-0.215284,0.834291,0.507581,-0.000463,-0.008188,0.010248,-0.033643,0.020738,-0.014489,0.058614,-0.139685,0.00376,0.335971,-0.404907,0.459604,0.790447,-0.671993,-0.735765,0.083726,0.620569,-0.497827,0.605745,0.00181,-0.013431,0.023857,-0.143299,-0.114823,-0.169733,0.481097,0.025063,0.025494,-0.012661,0.513196,-0.42513,0.745582,0.622898,0.782113,0.017209,-0.590445,0.45559,0.666191,0.000222,-0.000994,0.00798,-0.393382,-0.145644,-0.359812,0.467703,0.071801,0.043119,-0.057441,0.012463,0.543418,-0.839369,-0.971448,-0.192317,-0.138933,-0.236924,0.817135,0.525506,0.00056,0.001496,0.001015,4.2e-05,-0.014686,0.024876,-0.117425
57,0.070232,0.038967,0.365291,-0.152321,0.48389,-0.861797,-0.964647,-0.262482,0.023057,-0.214867,0.834241,0.507839,-0.012997,-0.005569,0.011848,-0.034629,0.035449,-0.044045,0.056472,-0.13968,0.00358,0.336415,-0.415035,0.457428,0.786445,-0.666983,-0.740823,0.079048,0.619293,-0.492288,0.611548,0.000364,-0.001032,0.016766,0.187059,-0.51192,-0.310761,0.478999,0.025065,0.025405,-0.012445,0.520631,-0.422269,0.742045,0.617137,0.786717,0.014696,-0.589986,0.450293,0.670188,0.000794,-0.00566,0.012828,-0.026872,-0.115052,-0.05742,0.466397,0.071778,0.043085,-0.057375,0.012112,0.543606,-0.839252,-0.971542,-0.192159,-0.138488,-0.236553,0.817047,0.525809,0.000444,0.00119,0.000808,-0.000134,-8e-06,7.2e-05,-0.119711
58,0.070148,0.038815,0.365518,-0.152736,0.484166,-0.861568,-0.964748,-0.26205,0.023705,-0.214114,0.834217,0.508197,-0.001014,-0.009644,0.009267,-0.033647,0.020726,-0.014497,0.050398,-0.139735,0.003072,0.337477,-0.432814,0.452603,0.779624,-0.656323,-0.751013,0.071778,0.618536,-0.481163,0.621094,0.001495,-0.010117,0.026658,-0.006409,-0.145953,-0.105826,0.476271,0.025038,0.025152,-0.011906,0.539758,-0.416112,0.731786,0.604902,0.796272,0.006611,-0.585452,0.439091,0.681501,0.000696,-0.004693,0.013642,-0.026152,-0.12178,-0.061797,0.462641,0.071731,0.04301,-0.05726,0.011664,0.543903,-0.839066,-0.971716,-0.191765,-0.137815,-0.235862,0.816942,0.526282,-0.000422,-0.004586,0.004795,-0.033731,0.020704,-0.014454,-0.124446
59,0.070116,0.038704,0.365621,-0.153112,0.48435,-0.861398,-0.964782,-0.261886,0.024172,-0.213697,0.834161,0.508464,0.0,1e-06,1e-06,0.0,0.0,0.0,0.039277,-0.1399,0.002544,0.33868,-0.442781,0.452506,0.774064,-0.654142,-0.753407,0.066395,0.613783,-0.477493,0.628597,0.002653,-0.019503,0.036301,-0.007187,-0.220087,-0.175312,0.476052,0.024956,0.024887,-0.011293,0.548456,-0.415344,0.725729,0.602016,0.798481,0.002019,-0.58032,0.435794,0.687976,0.001295,-0.009627,0.018259,-2.1e-05,-0.234109,-0.182883,0.460682,0.071715,0.042952,-0.057205,0.011267,0.544114,-0.838935,-0.971816,-0.19161,-0.137325,-0.235469,0.816838,0.52662,-2.3e-05,-4.8e-05,-2.9e-05,-5.4e-05,1.8e-05,4.5e-05,-0.13751
60,0.070089,0.038671,0.365634,-0.153241,0.484396,-0.86135,-0.964781,-0.261876,0.02431,-0.213609,0.834138,0.50854,-0.000161,-0.000425,-0.000287,0.0,0.0,0.0,0.036082,-0.140025,0.002339,0.339301,-0.442922,0.452465,0.774007,-0.653138,-0.7542,0.06728,0.614751,-0.476277,0.628573,-0.012451,-0.008685,0.02925,-0.069805,-0.000625,-0.020401,0.475979,0.024897,0.024789,-0.011005,0.548833,-0.415133,0.725566,0.600979,0.799259,0.002704,-0.581038,0.434566,0.688146,-0.006269,-0.004093,0.01484,-0.08235,0.025036,-0.005943,0.460355,0.071701,0.042935,-0.057199,0.011135,0.544166,-0.838902,-0.971835,-0.191608,-0.137189,-0.235394,0.816804,0.526706,-0.000135,-0.000349,-0.000233,-5.1e-05,2e-06,3.3e-05,-0.143061
61,0.070077,0.038725,0.365599,-0.153626,0.48443,-0.861262,-0.964693,-0.262175,0.02455,-0.213726,0.834024,0.508678,0.00153,0.011007,-0.008347,0.033648,-0.020725,0.014498,0.034804,-0.140151,0.002202,0.340334,-0.450527,0.450009,0.771044,-0.647262,-0.759433,0.065181,0.61545,-0.470243,0.632421,-0.000109,0.004133,0.020981,-0.024984,-0.028336,-0.008053,0.474994,0.02483,0.024716,-0.010472,0.555964,-0.41228,0.721753,0.594587,0.804029,0.00127,-0.580835,0.42844,0.692148,0.000518,-0.002785,0.015197,-0.087695,0.095792,-0.158146,0.459539,0.071694,0.042956,-0.057214,0.010874,0.544197,-0.838886,-0.97181,-0.19184,-0.137046,-0.235512,0.816728,0.52677,4.8e-05,0.000128,8.8e-05,-3.1e-05,-4e-06,2.6e-05,-0.14943
62,0.070094,0.038842,0.365572,-0.153964,0.484435,-0.861198,-0.964595,-0.262519,0.024717,-0.213923,0.833912,0.508777,0.000307,0.000813,0.000549,0.0,0.0,0.0,0.03497,-0.140142,0.002416,0.3411,-0.452735,0.45096,0.769193,-0.646948,-0.759734,0.06478,0.614161,-0.468842,0.63471,-1.9e-05,0.003153,0.020102,0.006211,-0.099756,-0.051548,0.475549,0.024834,0.024825,-0.010086,0.557774,-0.413114,0.719877,0.594266,0.804267,0.001095,-0.579427,0.427188,0.694099,-0.000711,0.00745,0.0062,0.052203,-0.139232,-0.017343,0.459212,0.071703,0.043019,-0.057231,0.010403,0.544249,-0.838858,-0.971757,-0.192282,-0.136803,-0.235753,0.81659,0.526878,0.000925,0.005924,-0.003888,0.033618,-0.020719,0.014514,-0.150083
63,0.070086,0.038933,0.365562,-0.154411,0.484481,-0.861092,-0.964499,-0.262845,0.025007,-0.214034,0.833783,0.508942,0.001878,0.011925,-0.007725,0.033644,-0.020735,0.014492,0.033578,-0.140046,0.002836,0.341553,-0.455212,0.447127,0.769968,-0.642851,-0.763323,0.063358,0.616632,-0.466671,0.633914,0.012648,0.011885,0.008443,1.327778,1.628262,-1.718019,0.472767,0.024877,0.025036,-0.009852,0.559924,-0.411339,0.719224,0.58997,0.807421,0.002482,-0.581738,0.422931,0.694773,-0.000497,0.005193,0.0043,0.001504,-0.012415,0.026277,0.458722,0.071698,0.04306,-0.057233,0.009935,0.544332,-0.83881,-0.971733,-0.192614,-0.136504,-0.235871,0.816456,0.527033,0.00026,0.000685,0.000463,-2.2e-05,-7e-06,-4e-06,-0.151226
64,0.070081,0.038959,0.365555,-0.154387,0.48446,-0.861109,-0.964491,-0.262878,0.024966,-0.214087,0.833785,0.508917,0.000329,0.00087,0.000588,0.0,0.0,0.0,0.032141,-0.139932,0.003047,0.341701,-0.454963,0.447968,0.769626,-0.643279,-0.762914,0.063937,0.616369,-0.466534,0.63427,-0.000871,0.009228,0.007631,0.001891,-0.014345,0.024921,0.471164,0.024939,0.025143,-0.009778,0.559765,-0.409928,0.720152,0.590265,0.807208,0.000677,-0.581591,0.424702,0.693814,0.006382,0.005202,0.003599,0.003311,-0.030265,0.055633,0.457089,0.071697,0.043077,-0.05724,0.009975,0.5443,-0.838831,-0.971715,-0.192659,-0.136568,-0.235942,0.816467,0.526983,0.000944,0.005972,-0.003857,0.033633,-0.02074,0.014499,-0.152206
65,0.070068,0.038987,0.36555,-0.154667,0.484501,-0.861035,-0.964441,-0.263043,0.025167,-0.214111,0.833709,0.509031,2.8e-05,7.5e-05,5.1e-05,0.0,0.0,0.0,0.023498,-0.139639,0.00344,0.342004,-0.45445,0.449699,0.76892,-0.644111,-0.762107,0.065179,0.615877,-0.46619,0.635,0.012716,0.010767,0.007477,0.003936,-0.029549,0.054166,0.470425,0.02508,0.025334,-0.009629,0.559307,-0.411695,0.719501,0.591273,0.806468,0.001828,-0.581008,0.4244,0.694488,0.006355,0.005358,0.003711,0.004211,-0.029568,0.054444,0.454966,0.07169,0.043092,-0.057241,0.00969,0.544357,-0.838797,-0.971707,-0.192839,-0.136374,-0.235989,0.816387,0.527087,1e-05,2.6e-05,1.5e-05,-1.4e-05,-1.5e-05,-9e-06,-0.158901
66,0.069982,0.039055,0.365596,-0.155367,0.484631,-0.860837,-0.964344,-0.263346,0.025729,-0.214044,0.833538,0.50934,0.000547,0.001445,0.000976,0.0,0.0,0.0,0.017543,-0.139219,0.003882,0.342321,-0.453814,0.451806,0.768059,-0.645145,-0.761103,0.066675,0.615263,-0.465795,0.635885,0.012652,0.011115,0.007733,0.003938,-0.029549,0.054166,0.470357,0.025291,0.025555,-0.009472,0.558736,-0.413853,0.718706,0.592529,0.805541,0.003212,-0.580277,0.42406,0.695306,0.006318,0.005597,0.003891,0.004151,-0.029546,0.054334,0.453987,0.071647,0.043124,-0.05722,0.008978,0.544525,-0.838695,-0.971716,-0.193181,-0.135825,-0.235981,0.816193,0.52739,0.000351,0.00093,0.000629,-0.001512,0.101107,-0.171277,-0.170004
67,0.069883,0.039111,0.365644,-0.155844,0.484719,-0.860701,-0.964283,-0.26353,0.026126,-0.213971,0.833429,0.509549,-0.011507,0.005315,0.003418,-0.000984,0.014715,-0.029553,0.016286,-0.13895,0.004082,0.342468,-0.453478,0.452908,0.767609,-0.645669,-0.760587,0.067475,0.614959,-0.465568,0.636345,0.012735,0.010104,0.006889,0.003938,-0.029549,0.054167,0.470273,0.02542,0.025652,-0.0094,0.558446,-0.414939,0.718305,0.593146,0.805085,0.003928,-0.579927,0.423866,0.695716,0.00638,0.00489,0.003305,0.004115,-0.029563,0.054316,0.453823,0.071601,0.043149,-0.057198,0.008638,0.544603,-0.838648,-0.971726,-0.193321,-0.135549,-0.235949,0.816108,0.527536,-0.00591,0.002249,0.001435,-0.000993,0.014726,-0.029548,-0.172944
68,0.069695,0.039231,0.365721,-0.156348,0.484787,-0.860571,-0.964213,-0.263745,0.02654,-0.213918,0.833321,0.509747,-0.011663,0.004893,0.003131,-0.000984,0.014715,-0.029553,0.010876,-0.138487,0.004404,0.342772,-0.452951,0.454655,0.766887,-0.646411,-0.759835,0.06883,0.614567,-0.465095,0.637069,0.012713,0.010063,0.006833,0.003939,-0.029544,0.054169,0.464164,0.025657,0.025816,-0.009246,0.557962,-0.416769,0.717621,0.5941,0.804373,0.005228,-0.579414,0.423422,0.696413,0.006359,0.00496,0.003349,0.004072,-0.029549,0.054263,0.451047,0.071504,0.043213,-0.057156,0.00798,0.544737,-0.838568,-0.971736,-0.193634,-0.135033,-0.235933,0.815945,0.527796,-0.005822,0.002473,0.001585,-0.000995,0.014712,-0.02956,-0.178659
69,0.069511,0.039333,0.365788,-0.156728,0.484831,-0.860477,-0.96416,-0.263905,0.026855,-0.213877,0.833245,0.509889,0.000381,0.001001,0.000675,0.0,0.0,0.0,0.004188,-0.138044,0.00472,0.343123,-0.452363,0.456642,0.766053,-0.647203,-0.759015,0.070416,0.614165,-0.464488,0.637899,0.012539,0.011523,0.007999,0.00394,-0.029536,0.054174,0.454407,0.025879,0.02597,-0.009073,0.557436,-0.4188,0.716847,0.595106,0.803618,0.006726,-0.578888,0.422851,0.697197,0.006248,0.005938,0.004135,0.004047,-0.029541,0.054237,0.441413,0.071412,0.043265,-0.057122,0.007594,0.544803,-0.838528,-0.971742,-0.193816,-0.134725,-0.235919,0.815857,0.527937,-0.005914,0.002232,0.001422,-0.00099,0.014703,-0.029563,-0.186823
70,0.069311,0.039377,0.365851,-0.15725,0.484927,-0.860328,-0.964104,-0.264063,0.027317,-0.213746,0.833139,0.510117,-0.012269,0.003293,0.002049,-0.000984,0.014715,-0.029553,-0.002508,-0.137596,0.004996,0.343624,-0.451835,0.458511,0.765248,-0.647704,-0.758425,0.07214,0.614025,-0.463611,0.638672,0.013642,0.0026,0.017979,-0.030543,-0.036182,0.059391,0.449203,0.026102,0.02611,-0.008828,0.556964,-0.420703,0.716099,0.595832,0.803064,0.00837,-0.578595,0.422013,0.697947,0.006198,0.006258,0.004377,0.004013,-0.029517,0.05424,0.432922,0.071317,0.043287,-0.057091,0.007086,0.544923,-0.838455,-0.971767,-0.193993,-0.134291,-0.235833,0.815735,0.528164,-1.8e-05,-4.1e-05,-2.3e-05,-1e-06,5e-06,1e-05,-0.196131
71,0.069231,0.039365,0.365877,-0.157502,0.484988,-0.860247,-0.964085,-0.264106,0.027555,-0.213644,0.83309,0.51024,-0.000104,-0.000274,-0.000185,0.0,0.0,0.0,-0.003099,-0.137438,0.005083,0.343936,-0.451692,0.459103,0.764977,-0.647662,-0.758391,0.072879,0.614175,-0.463081,0.638912,0.013591,0.002988,0.018274,-0.032437,-0.021877,0.034449,0.443516,0.026182,0.026154,-0.008672,0.556831,-0.421326,0.715836,0.595879,0.803021,0.009122,-0.578675,0.421473,0.698207,-1.3e-05,0.001088,0.009496,-0.032517,-0.020972,0.030166,0.42884,0.071272,0.043282,-0.057077,0.006805,0.545003,-0.838406,-0.971788,-0.194062,-0.134037,-0.235754,0.815666,0.528307,-7.8e-05,-0.000201,-0.000133,-6e-06,2e-06,-0.0,-0.198907
72,0.069155,0.039378,0.365885,-0.157712,0.485019,-0.860191,-0.964056,-0.264196,0.027727,-0.213622,0.833043,0.510325,-1e-06,-2e-06,-1e-06,0.0,0.0,0.0,-0.00386,-0.137305,0.005162,0.344683,-0.451518,0.460054,0.764509,-0.647226,-0.758614,0.074406,0.614762,-0.461769,0.639297,-1.5e-05,0.002198,0.018979,-0.034481,-0.006675,0.005202,0.423862,0.026253,0.026195,-0.008297,0.556672,-0.422314,0.715377,0.595598,0.80321,0.0107,-0.579118,0.420122,0.698655,0.000609,-0.003948,0.014022,-0.06891,-0.01332,0.010404,0.409408,0.071234,0.043287,-0.057074,0.006591,0.545045,-0.838379,-0.971791,-0.194164,-0.133869,-0.235749,0.815612,0.528391,0.0,1e-06,3e-06,-4e-06,1.2e-05,1.9e-05,-0.20054
73,0.069171,0.039357,0.365895,-0.157693,0.485033,-0.860187,-0.96407,-0.264144,0.027732,-0.213574,0.833051,0.510332,-0.001484,-0.010838,0.00846,-0.033612,0.020811,-0.014456,-0.005696,-0.137305,0.004984,0.345652,-0.454009,0.460269,0.762902,-0.645911,-0.759761,0.074137,0.614313,-0.459662,0.641244,0.001348,-0.008935,0.027177,-0.066487,-0.008669,-0.020345,0.404781,0.026253,0.026111,-0.007821,0.559222,-0.422349,0.713365,0.594212,0.804241,0.010337,-0.578084,0.41811,0.700715,0.000667,-0.004557,0.013516,-0.078543,0.013461,-0.0089,0.383445,0.071242,0.043281,-0.057073,0.006625,0.545047,-0.838378,-0.971796,-0.194127,-0.133885,-0.235725,0.815621,0.528389,-1e-06,1e-06,2e-06,-2e-06,-2e-06,1.5e-05,-0.201683
74,0.069213,0.03933,0.365889,-0.157608,0.485031,-0.860204,-0.964087,-0.264087,0.027673,-0.213558,0.833071,0.510307,-0.000104,-0.000274,-0.000185,0.0,0.0,0.0,-0.005517,-0.137346,0.00485,0.34613,-0.4565,0.460184,0.761465,-0.645131,-0.760532,0.073013,0.613288,-0.458469,0.643076,0.001322,-0.00868,0.027368,0.14671,-0.486083,-0.27404,0.401136,0.026232,0.026045,-0.007576,0.559158,-0.422259,0.713469,0.593426,0.804809,0.011239,-0.578953,0.417107,0.700595,-0.006721,-0.000161,0.009136,-0.038984,0.013316,-0.021503,0.374301,0.071263,0.043264,-0.057072,0.006697,0.54505,-0.838376,-0.971807,-0.194049,-0.133919,-0.235679,0.815637,0.528384,0.006054,-0.001855,-0.001163,0.000986,-0.014724,0.029563,-0.202336
75,0.069359,0.039323,0.365862,-0.157184,0.484952,-0.860326,-0.964136,-0.263948,0.027305,-0.213652,0.833161,0.510121,7.7e-05,0.000203,0.000137,0.0,0.0,0.0,-0.005128,-0.137463,0.004531,0.347062,-0.461575,0.459662,0.758717,-0.643373,-0.762252,0.070551,0.611339,-0.456127,0.646588,0.000242,-0.000252,0.016931,0.002594,-0.088175,-0.043559,0.398632,0.026173,0.025885,-0.007104,0.56632,-0.421251,0.708398,0.591147,0.806532,0.007022,-0.574304,0.414791,0.705777,0.00076,-0.005461,0.012781,-0.041176,-0.069167,-0.058553,0.365483,0.071336,0.04326,-0.057086,0.007129,0.544947,-0.838439,-0.97179,-0.193887,-0.13428,-0.235738,0.815744,0.528192,0.006183,-0.001519,-0.000939,0.000986,-0.014692,0.02957,-0.202663
76,0.069455,0.039304,0.365862,-0.15692,0.48492,-0.860392,-0.964178,-0.263813,0.027101,-0.213654,0.833222,0.51002,6e-06,1.5e-05,1e-05,0.0,0.0,0.0,-0.003245,-0.137624,0.004212,0.347754,-0.469014,0.458888,0.754612,-0.641785,-0.764008,0.065866,0.60734,-0.453959,0.65186,0.000713,-0.004834,0.013274,-0.007055,-0.067165,-0.030824,0.390613,0.026092,0.025733,-0.006759,0.573338,-0.419975,0.703494,0.588984,0.80814,0.002433,-0.569544,0.412951,0.710696,0.000343,-0.002413,0.006641,-0.016926,-0.051847,-0.024588,0.358625,0.071384,0.043251,-0.057085,0.007397,0.5449,-0.838467,-0.971792,-0.193737,-0.134479,-0.23572,0.815811,0.528097,0.006132,-0.00165,-0.001028,0.000981,-0.014728,0.029543,-0.202663
77,0.06947,0.039284,0.365861,-0.156906,0.484927,-0.86039,-0.964186,-0.263786,0.0271,-0.21363,0.833226,0.510023,-1.5e-05,-3.9e-05,-2.6e-05,0.0,0.0,0.0,-0.003546,-0.13767,0.004094,0.347961,-0.469136,0.458647,0.754683,-0.641283,-0.764412,0.066069,0.607777,-0.453522,0.651758,0.000986,-0.007505,0.01115,-0.035886,0.006421,-0.020459,0.386239,0.026069,0.025675,-0.006648,0.573216,-0.419715,0.703748,0.588438,0.808536,0.002916,-0.57023,0.412441,0.710442,0.000469,-0.003623,0.005681,-0.043392,0.021139,-0.012561,0.353889,0.071391,0.04324,-0.057086,0.007411,0.544907,-0.838463,-0.971798,-0.193709,-0.134479,-0.235697,0.815813,0.528104,-9e-06,-2.2e-05,-1.9e-05,2e-06,-6e-06,1e-06,-0.202499
78,0.069475,0.039266,0.365861,-0.156917,0.484938,-0.860382,-0.96419,-0.263769,0.027119,-0.213604,0.833225,0.510036,-1e-06,-2e-06,-1e-06,0.0,0.0,0.0,-0.004575,-0.137695,0.004056,0.348152,-0.471519,0.458628,0.753207,-0.640982,-0.764792,0.06457,0.606249,-0.452899,0.653611,-0.000132,0.001294,0.001027,0.000168,-0.000372,-0.000221,0.371615,0.026057,0.02565,-0.00655,0.575377,-0.419524,0.702096,0.587943,0.8089,0.001515,-0.568562,0.411921,0.712079,-6.6e-05,0.000614,0.000488,-0.003504,0.007049,0.003851,0.339193,0.071394,0.043231,-0.057086,0.0074,0.544918,-0.838456,-0.971803,-0.193694,-0.13446,-0.235674,0.815809,0.52812,2e-06,5e-06,2e-06,-4e-06,4e-06,4e-06,-0.202663
79,0.069475,0.039266,0.365861,-0.156917,0.484938,-0.860382,-0.96419,-0.263769,0.027119,-0.213604,0.833225,0.510036,-0.0,-0.0,-0.0,0.0,0.0,0.0,-0.005734,-0.137628,0.004102,0.348143,-0.4714,0.458995,0.753059,-0.641219,-0.764576,0.064777,0.606092,-0.452893,0.653761,0.013527,0.001161,-0.000436,0.002045,-0.015205,0.029245,0.354425,0.026085,0.025671,-0.006556,0.575213,-0.419882,0.702017,0.588208,0.808707,0.001733,-0.568454,0.411936,0.712157,3.3e-05,-0.000336,-0.000267,9.4e-05,0.000139,0.000242,0.319109,0.071394,0.043231,-0.057086,0.0074,0.544918,-0.838456,-0.971803,-0.193694,-0.13446,-0.235673,0.815809,0.52812,0.0,2e-06,2e-06,-3e-06,6e-06,2e-06,-0.202989
80,0.069475,0.039266,0.365861,-0.156917,0.484938,-0.860382,-0.96419,-0.263769,0.027119,-0.213604,0.833225,0.510036,-0.000144,-0.000379,-0.000255,0.0,0.0,0.0,-0.007504,-0.137589,0.004108,0.348054,-0.471335,0.459159,0.753,-0.641418,-0.764409,0.064778,0.605932,-0.453009,0.653829,0.000249,-0.002436,-0.001934,-0.001867,0.014054,-0.025088,0.314854,0.02611,0.025676,-0.006599,0.575137,-0.420097,0.70195,0.588449,0.808531,0.001742,-0.568281,0.41206,0.712223,7.1e-05,-0.000695,-0.000552,0.00011,0.0,0.000119,0.283675,0.071394,0.043232,-0.057086,0.007401,0.544918,-0.838455,-0.971804,-0.193693,-0.13446,-0.235673,0.81581,0.528121,-9.7e-05,-0.000253,-0.000171,-1e-06,-1e-06,-1e-06,-0.204132
81,0.069483,0.039256,0.365866,-0.156907,0.484945,-0.86038,-0.964197,-0.263743,0.027122,-0.21358,0.833229,0.510039,-2e-06,-6e-06,-4e-06,0.0,0.0,0.0,-0.007911,-0.1376,0.004108,0.347978,-0.471305,0.459218,0.752982,-0.641547,-0.764306,0.064721,0.605818,-0.453123,0.653856,0.000337,-0.003301,-0.002622,-0.001868,0.014058,-0.025085,0.280055,0.026104,0.025676,-0.006637,0.57511,-0.42016,0.701935,0.588581,0.808435,0.001672,-0.568172,0.412184,0.712238,-0.000535,0.004175,-0.005238,0.036446,-0.007451,0.019944,0.249873,0.071398,0.043226,-0.057084,0.00741,0.544924,-0.838452,-0.971809,-0.193667,-0.134456,-0.23565,0.815812,0.528127,1e-06,2e-06,-0.0,-5e-06,-3e-06,-7e-06,-0.204459
82,0.069517,0.039239,0.365855,-0.159701,0.483999,-0.860399,-0.962629,-0.269416,0.02706,-0.218517,0.831966,0.51001,0.012275,-0.003283,-0.002043,0.000984,-0.014715,0.029553,-0.009211,-0.137576,0.004149,0.347828,-0.47122,0.459401,0.752924,-0.64187,-0.764043,0.064621,0.605541,-0.453382,0.653933,-0.001132,0.008933,-0.010016,0.036357,-0.007462,0.01984,0.204794,0.026117,0.025692,-0.006716,0.575037,-0.420331,0.701893,0.588902,0.808202,0.001527,-0.567913,0.412468,0.71228,-0.000561,0.004438,-0.005032,0.036421,-0.007457,0.019911,0.160227,0.071415,0.043217,-0.057089,0.004586,0.544187,-0.838951,-0.97061,-0.199442,-0.134674,-0.24061,0.814913,0.527279,0.00614,-0.001632,-0.001018,0.00083,-0.014676,0.029619,-0.205112
83,0.069589,0.039203,0.365855,-0.159539,0.483993,-0.860432,-0.962664,-0.269304,0.026949,-0.218484,0.832005,0.50996,-0.0,-0.0,-0.0,0.0,0.0,0.0,-0.013891,-0.137493,0.004396,0.347576,-0.470965,0.46,0.752717,-0.642735,-0.763326,0.064486,0.604821,-0.453981,0.654183,0.012204,0.011956,-0.00897,0.038403,-0.022677,0.049079,0.137922,0.026158,0.025813,-0.006844,0.574804,-0.42095,0.701712,0.589801,0.807546,0.001306,-0.567215,0.41312,0.712458,0.006099,0.006038,-0.004441,0.038452,-0.022681,0.049126,0.059477,0.071451,0.0432,-0.057089,0.004751,0.544172,-0.83896,-0.970621,-0.199319,-0.134781,-0.240565,0.814953,0.527237,1e-06,3e-06,-2e-06,-0.000109,9e-06,9.2e-05,-0.208215
84,0.069652,0.039178,0.365851,-0.159386,0.483981,-0.860467,-0.962691,-0.269217,0.026835,-0.218475,0.832041,0.509906,-0.0,-0.0,-0.0,0.0,0.0,0.0,-0.014403,-0.137436,0.004594,0.347405,-0.468423,0.460489,0.754003,-0.643404,-0.762617,0.066188,0.60608,-0.454679,0.652531,-0.001304,0.010593,-0.00869,0.000248,0.071746,0.067167,0.115721,0.026188,0.025908,-0.006926,0.572349,-0.421578,0.70334,0.590633,0.806933,0.003038,-0.56883,0.413677,0.710846,0.006094,0.006088,-0.004398,-0.000245,0.063995,0.101672,0.023226,0.071482,0.043187,-0.057091,0.004907,0.54415,-0.838973,-0.970625,-0.199223,-0.134891,-0.240544,0.814991,0.527188,0.006137,-0.001636,-0.001022,0.000887,-0.014714,0.029648,-0.209194
85,0.069811,0.039152,0.365812,-0.158955,0.483906,-0.860589,-0.962741,-0.269077,0.02646,-0.218571,0.83213,0.50972,0.012278,-0.003273,-0.002038,0.000984,-0.014715,0.029553,-0.02122,-0.137387,0.005198,0.346897,-0.468006,0.461336,0.753745,-0.645083,-0.761252,0.065546,0.604613,-0.456108,0.652894,-0.001269,0.01024,-0.008962,0.036355,-0.007493,0.019822,0.074442,0.026211,0.026215,-0.007182,0.572049,-0.422491,0.703036,0.592392,0.805646,0.002134,-0.567301,0.415253,0.711149,-0.000628,0.005127,-0.004477,0.037181,-0.009076,0.018985,-0.039967,0.071557,0.043176,-0.05711,0.005324,0.544056,-0.839031,-0.970609,-0.199066,-0.13524,-0.240601,0.815092,0.527006,-0.0,0.0,-4e-06,-8.5e-05,-1.4e-05,4.9e-05,-0.21197
