frame,MLTx,MLTy,MLTz,MLTR1,MLTR2,MLTR3,MLTR4,MLTR5,MLTR6,MLTR7,MLTR8,MLTR9,MLTTVx,MLTTVy,MLTTVz,MLTRVx,MLTRVy,MLTRVz,MLGA,MRTx,MRTy,MRTz,MRTR1,MRTR2,MRTR3,MRTR4,MRTR5,MRTR6,MRTR7,MRTR8,MRTR9,MRTTVx,MRTTVy,MRTTVz,MRTRVx,MRTRVy,MRTRVz,MRGA,SLTx,SLTy,SLTz,SLTR1,SLTR2,SLTR3,SLTR4,SLTR5,SLTR6,SLTR7,SLTR8,SLTR9,SLTTVx,SLTTVy,SLTTVz,SLTRVx,SLTRVy,SLTRVz,SLGA,SRTx,SRTy,SRTz,SRTR1,SRTR2,SRTR3,SRTR4,SRTR5,SRTR6,SRTR7,SRTR8,SRTR9,SRTTVx,SRTTVy,SRTTVz,SRTRVx,SRTRVy,SRTRVz,SRGA
520,0.120578,0.173611,0.243827,-0.755649,-0.046975,-0.653325,-0.341796,-0.822602,0.454393,-0.557836,0.56672,0.606361,-0.018012,-0.058652,0.017965,-0.06891,0.175584,0.062998,-1.910209,-0.116609,0.03357,0.318897,0.83213,0.091528,0.546968,-0.409532,0.766267,0.495027,-0.374849,-0.636037,0.674395,0.000175,-0.000968,-0.00083,0.0,0.0,0.0,0.324078,0.035252,0.03854,-0.020947,-0.736327,-0.216816,0.640946,0.563195,-0.721404,0.402971,0.375011,0.657697,0.653299,0.0001,-0.000541,-0.000464,0.000612,-0.000849,-0.000457,0.25118,0.097472,0.109628,-0.117692,-0.737433,0.104253,-0.667325,-0.498569,-0.750559,0.433692,-0.455654,0.652526,0.605464,-0.008845,-0.028782,0.009563,-0.058961,0.179951,0.074104,-0.826759
521,0.119861,0.170808,0.244964,-0.764488,-0.033399,-0.643808,-0.343895,-0.823594,0.451001,-0.544352,0.566225,0.618949,-0.022206,-0.099194,0.040374,-0.070787,0.308455,0.216919,-1.909031,-0.116658,0.033503,0.318873,0.832827,0.081855,0.54744,-0.400891,0.770959,0.494815,-0.382586,-0.631656,0.674167,0.000304,-0.001683,-0.001443,0.0,0.0,0.0,0.323918,0.035228,0.038507,-0.020959,-0.738168,-0.207327,0.641966,0.555247,-0.72719,0.403602,0.383154,0.654377,0.651906,0.000168,-0.000916,-0.000786,0.00051,-0.00092,-0.000583,0.251833,0.097121,0.108257,-0.117146,-0.743756,0.118963,-0.657779,-0.50055,-0.751309,0.430097,-0.44303,0.649139,0.618338,-0.009977,-0.042389,0.019696,0.027724,0.31272,0.302044,-0.828066
522,0.118798,0.166372,0.247293,-0.770293,-0.019004,-0.637442,-0.344175,-0.82912,0.440541,-0.535934,0.558757,0.632924,-0.036153,-0.142793,0.076476,-0.0109,0.517563,0.45025,-1.908264,-0.116838,0.033325,0.318734,0.834114,0.057636,0.548564,-0.378941,0.782368,0.494204,-0.401731,-0.620163,0.6737,-0.01226,-0.006754,-0.004147,0.907451,0.834574,1.087721,0.320938,0.035142,0.038422,-0.021026,-0.742061,-0.184953,0.64431,0.536255,-0.740521,0.40504,0.402213,0.64608,0.648694,0.000419,-0.002803,-0.002353,3.023556,2.743859,3.703287,0.250363,0.096592,0.106043,-0.116007,-0.746996,0.133408,-0.651304,-0.50134,-0.756447,0.420054,-0.436639,0.640304,0.631946,-0.011791,-0.064942,0.037154,0.214249,0.572243,0.676433,-0.829862
523,0.117207,0.160439,0.251038,-0.775942,-0.002114,-0.630837,-0.344717,-0.836091,0.426725,-0.527378,0.548572,0.64882,-0.046042,-0.158038,0.111016,0.465065,0.491956,0.396916,-1.907833,-0.11697,0.032993,0.318498,0.835123,0.023479,0.549554,-0.347164,0.797284,0.493709,-0.427596,-0.603118,0.673255,0.001547,-0.008619,-0.007423,0.005082,0.023204,-0.014378,0.301826,0.035069,0.038263,-0.021137,-0.747508,-0.149779,0.647145,0.5055,-0.760306,0.407925,0.43093,0.632059,0.644048,0.00081,-0.004461,-0.003843,0.083515,0.088134,0.076352,0.238117,0.0958,0.103078,-0.114152,-0.749696,0.150321,-0.644482,-0.502903,-0.76243,0.407172,-0.430166,0.629368,0.647188,-0.023863,-0.085239,0.057224,0.846025,-0.161813,-0.74401,-0.833617
524,0.11626,0.157028,0.253463,-0.775494,0.001527,-0.631389,-0.345283,-0.838264,0.421978,-0.527665,0.545243,0.651388,-0.048937,-0.186903,0.131606,-0.270001,0.344213,0.461632,-1.907551,-0.116955,0.032794,0.318355,0.83511,-0.001027,0.550073,-0.323916,0.80715,0.493479,-0.445536,-0.590281,0.673,0.001771,-0.009868,-0.008513,3.038319,2.744354,3.696692,0.291766,0.035078,0.03816,-0.021212,-0.749867,-0.130363,0.648616,0.488253,-0.770614,0.409587,0.446438,0.623825,0.641508,0.000948,-0.005229,-0.004512,0.003147,0.014044,-0.023859,0.225543,0.095328,0.101384,-0.112946,-0.748244,0.155432,-0.644958,-0.503955,-0.765422,0.400196,-0.431462,0.624474,0.651053,-0.023271,-0.086007,0.065253,-0.161642,-0.190925,0.865006,-0.834107
525,0.114357,0.149604,0.259321,-0.767502,-0.002215,-0.641078,-0.338325,-0.848016,0.407893,-0.543598,0.52995,0.650908,-0.059407,-0.202817,0.166905,0.050216,0.264105,0.213169,-1.908081,-0.116785,0.03236,0.317968,0.829388,-0.054127,0.556037,-0.274511,0.827217,0.490194,-0.487525,-0.559128,0.670491,0.015266,-0.009727,-0.010103,0.024645,0.023351,0.035803,0.274535,0.035157,0.037946,-0.021401,-0.750707,-0.072358,0.65666,0.437377,-0.799382,0.411933,0.495115,0.596449,0.63175,0.001077,-0.005916,-0.005135,0.259638,0.370194,0.154744,0.201866,0.094361,0.097606,-0.109962,-0.740896,0.150228,-0.654601,-0.498943,-0.775561,0.38673,-0.449586,0.613135,0.649566,-0.029415,-0.100383,0.084506,0.097151,0.279435,0.249538,-0.833781
526,0.11237,0.141776,0.266341,-0.764037,-0.009357,-0.645139,-0.32924,-0.854276,0.402226,-0.553944,0.519729,0.650426,-0.058755,-0.211686,0.193906,3.024129,-1.791819,-3.290025,-1.907969,-0.116473,0.03187,0.317514,0.812479,-0.09362,0.575417,-0.241967,0.8437,0.479121,-0.531342,-0.528387,0.662077,0.002677,-0.014817,-0.012907,0.266184,0.387412,0.119652,0.255171,0.035318,0.037699,-0.021631,-0.736542,-0.031892,0.675638,0.406228,-0.81953,0.404162,0.540817,0.572146,0.616574,0.007908,-0.006261,-0.006301,0.950611,0.805173,1.130529,0.17525,0.093393,0.09378,-0.106516,-0.73786,0.147302,-0.658682,-0.49536,-0.781048,0.380239,-0.458453,0.606848,0.649272,-0.022808,-0.099246,0.095475,-0.462106,0.407467,0.411048,-0.842435
527,0.111387,0.137846,0.270211,-0.764513,-0.013727,-0.644497,-0.325843,-0.85444,0.404637,-0.555291,0.519368,0.649565,-0.045522,-0.204255,0.202967,2.821182,-1.993151,-3.421992,-1.908016,-0.116236,0.031569,0.317242,0.80369,-0.107655,0.585222,-0.228735,0.851905,0.471033,-0.550258,-0.512288,0.659272,0.016102,-0.014039,-0.013968,0.480944,-0.124652,-0.353189,0.244096,0.035432,0.037548,-0.021766,-0.728051,-0.014806,0.685363,0.393048,-0.828131,0.399638,0.561653,0.560338,0.608741,0.008065,-0.007031,-0.007004,0.272032,0.361267,0.155433,0.162513,0.092897,0.091813,-0.104583,-0.739164,0.143748,-0.658006,-0.492264,-0.782084,0.382126,-0.459686,0.606366,0.648851,-0.028202,-0.101268,0.102088,-0.820309,0.090689,0.196323,-0.846354
528,0.109407,0.130174,0.278455,-0.761906,-0.024209,-0.64727,-0.316977,-0.857546,0.405108,-0.563928,0.51385,0.646507,-0.055214,-0.203403,0.222067,-0.400104,0.222215,0.477843,-1.907695,-0.115651,0.030929,0.316673,0.788937,-0.137144,0.598966,-0.199312,0.864829,0.460737,-0.582168,-0.4827,0.654174,0.016482,-0.015804,-0.015627,0.348411,0.075134,-0.442654,0.223529,0.035724,0.037227,-0.022051,-0.715673,0.015247,0.698268,0.364247,-0.844888,0.391774,0.595931,0.534725,0.59911,0.014875,-0.006959,-0.007859,0.783722,0.042121,-0.329517,0.132794,0.091894,0.087911,-0.100374,-0.739433,0.127696,-0.661007,-0.479567,-0.789003,0.384043,-0.472496,0.600972,0.644654,-0.027548,-0.101347,0.111419,-0.380095,0.234521,0.494972,-0.857784
529,0.107202,0.122576,0.287209,-0.756662,-0.036164,-0.652839,-0.30083,-0.867269,0.396633,-0.579593,0.496552,0.646169,-0.064412,-0.186879,0.223557,-0.276038,-0.332093,0.89797,-1.907095,-0.114677,0.030228,0.31613,0.77766,-0.16001,0.607974,-0.172235,0.875724,0.450973,-0.60554,-0.455217,0.652658,0.02978,-0.013547,-0.015505,3.456738,2.513707,3.377847,0.217265,0.036218,0.036868,-0.022331,-0.706551,0.036163,0.706737,0.33912,-0.859249,0.382997,0.621114,0.510276,0.59484,0.014877,-0.006845,-0.007757,3.443249,2.518362,3.383987,0.115975,0.090841,0.08427,-0.096148,-0.738343,0.114462,-0.66464,-0.463671,-0.801794,0.377007,-0.489752,0.586535,0.645073,-0.026991,-0.095222,0.110483,0.937836,-0.079046,-0.299418,-0.853376
530,0.105031,0.115204,0.295699,-0.756797,-0.039024,-0.652519,-0.286865,-0.877148,0.385086,-0.586446,0.478661,0.653446,-0.055084,-0.192917,0.222322,-0.139896,0.528962,0.60138,-1.9072,-0.11333,0.029561,0.315813,0.770561,-0.175723,0.612657,-0.146846,0.88632,0.439097,-0.621123,-0.428097,0.656355,0.044216,-0.018595,-0.004239,3.722857,2.207502,3.218334,0.223677,0.036876,0.036537,-0.022493,-0.700902,0.050707,0.711451,0.317627,-0.870916,0.374989,0.63863,0.488807,0.594322,0.015414,-0.010019,-0.001896,0.364501,-0.238308,-0.427812,0.115322,0.089736,0.080527,-0.09181,-0.73715,0.111137,-0.666526,-0.452639,-0.813594,0.364941,-0.501724,0.570712,0.650046,-0.027763,-0.096973,0.110778,0.110045,0.288566,0.556605,-0.851743
531,0.103893,0.111341,0.300176,-0.757901,-0.037874,-0.651305,-0.280474,-0.882448,0.377613,-0.588106,0.46891,0.659001,-0.053662,-0.180801,0.218558,0.106909,0.247676,0.513556,-1.907557,-0.112578,0.029185,0.315731,0.768468,-0.179322,0.614241,-0.13878,0.890261,0.433717,-0.62556,-0.418317,0.658444,0.044368,-0.018903,-0.004576,0.269701,-0.168031,-0.367659,0.231003,0.037252,0.036352,-0.02253,-0.698776,0.058703,0.712927,0.304388,-0.877498,0.370599,0.647347,0.475973,0.595306,0.023049,-0.014844,0.001718,0.407605,-0.310591,-0.510653,0.120057,0.089187,0.078664,-0.089653,-0.737989,0.113187,-0.665252,-0.447985,-0.819431,0.357547,-0.504659,0.561889,0.655437,-0.027916,-0.097174,0.111499,3.558925,-1.444779,-2.62159,-0.851906
532,0.101891,0.104246,0.308591,-0.761261,-0.029419,-0.647813,-0.270687,-0.893376,0.358581,-0.588346,0.448361,0.672941,-0.054562,-0.182631,0.220515,0.878877,0.021095,-0.426351,-1.907707,-0.111129,0.028314,0.315629,0.759442,-0.19629,0.62025,-0.113542,0.898665,0.423608,-0.641486,-0.391885,0.659383,0.031046,-0.020068,-0.003926,0.02094,0.087207,-0.149831,0.240105,0.037993,0.035909,-0.022584,-0.691557,0.075133,0.718402,0.279265,-0.889424,0.361848,0.666151,0.450864,0.594106,0.015525,-0.010025,-0.001983,-0.024993,0.118748,-0.117057,0.135407,0.088166,0.075045,-0.085363,-0.73964,0.123438,-0.661584,-0.44066,-0.831834,0.337446,-0.508675,0.541122,0.669653,-0.022849,-0.099488,0.111718,3.529453,-1.254658,-2.845712,-0.847007
533,0.100062,0.096782,0.317069,-0.763223,-0.022274,-0.645785,-0.256992,-0.90651,0.334912,-0.591925,0.421597,0.686955,-0.045751,-0.192274,0.217554,0.041903,0.739445,0.674532,-1.907365,-0.109853,0.02745,0.315605,0.750745,-0.207735,0.627072,-0.099006,0.903056,0.417877,-0.654017,-0.375544,0.656575,0.030499,-0.01666,-0.00093,-0.049667,0.10468,-0.148842,0.237879,0.038609,0.035485,-0.022598,-0.683538,0.087742,0.724621,0.264731,-0.895351,0.358136,0.680215,0.43663,0.588779,0.016228,-0.014214,0.003109,-0.100922,0.119278,-0.158872,0.13557,0.087249,0.071323,-0.081119,-0.740361,0.128704,-0.659771,-0.427766,-0.847327,0.314725,-0.518536,0.515238,0.682384,-0.017457,-0.097806,0.10763,0.34764,0.62016,0.587743,-0.839659
534,0.09939,0.092985,0.321212,-0.765248,-0.02319,-0.643353,-0.244193,-0.914221,0.32333,-0.594717,0.404554,0.694748,-0.024296,-0.201034,0.213674,3.680832,-0.812673,-2.900867,-1.907609,-0.109307,0.027106,0.315643,0.745022,-0.216605,0.630884,-0.086303,0.906453,0.413315,-0.662314,-0.362106,0.655807,0.030026,-0.014072,0.001388,0.063043,0.135287,-0.03923,0.240415,0.038894,0.035304,-0.022583,-0.678591,0.096929,0.728092,0.252208,-0.900239,0.354907,0.689858,0.424468,0.586449,0.008457,-0.008729,6.7e-05,0.255189,0.33074,0.157829,0.13753,0.086906,0.06943,-0.079044,-0.741754,0.131361,-0.657681,-0.421204,-0.854356,0.304403,-0.521907,0.502811,0.689052,-0.017157,-0.093514,0.104265,-0.080714,0.729138,0.732391,-0.843415
535,0.098416,0.085253,0.329371,-0.767659,-0.021401,-0.640537,-0.229613,-0.923922,0.305969,-0.597403,0.381977,0.705146,-0.024404,-0.195783,0.206719,-0.200386,0.512126,0.727369,-1.9078,-0.108325,0.026515,0.315764,0.732607,-0.238515,0.637486,-0.060189,0.910119,0.40987,-0.678854,-0.338347,0.651569,0.029302,-0.010146,0.004918,0.284751,0.180348,0.362639,0.25351,0.03938,0.035011,-0.022526,-0.66841,0.119054,0.734202,0.228011,-0.906783,0.354618,0.707982,0.404436,0.578958,0.00806,-0.006782,0.001894,3.463983,2.383842,3.426312,0.149286,0.086419,0.065562,-0.074962,-0.744839,0.130881,-0.654281,-0.403433,-0.869372,0.285365,-0.531466,0.47651,0.700344,-0.007511,-0.105634,0.105481,0.000576,0.639661,0.794621,-0.841455
536,0.097856,0.07745,0.337227,-0.768785,-0.03226,-0.638728,-0.203492,-0.934491,0.292042,-0.605355,0.354529,0.712658,-0.012885,-0.186204,0.187607,-0.301262,0.256339,0.468451,-1.908322,-0.107628,0.02622,0.316117,0.720517,-0.26107,0.642409,-0.032331,0.912667,0.407342,-0.69354,-0.313942,0.64831,0.014243,-0.004084,0.012304,0.271063,0.290369,0.192177,0.268463,0.039741,0.03485,-0.022356,-0.658533,0.1438,0.738684,0.199504,-0.913093,0.355609,0.725624,0.381551,0.572613,0.013776,-0.00078,0.006344,1.031951,0.647956,1.15997,0.166595,0.086136,0.061664,-0.071023,-0.748141,0.121176,-0.65238,-0.379626,-0.884542,0.271052,-0.544213,0.450446,0.707764,-0.006702,-0.093657,0.093392,-0.049817,0.174528,0.26622,-0.845048
537,0.097471,0.070823,0.343689,-0.764591,-0.048712,-0.642708,-0.173922,-0.944568,0.278414,-0.619695,0.324709,0.714541,-0.010938,-0.153715,0.152542,0.073157,0.238998,0.098249,-1.90939,-0.107267,0.026191,0.316751,0.710441,-0.277238,0.646842,-0.014629,0.913021,0.407568,-0.704451,-0.298672,0.643745,0.010799,0.014607,0.011347,-0.041626,0.011406,0.087216,0.279222,0.039923,0.03483,-0.022038,-0.649815,0.161451,0.742747,0.181866,-0.915771,0.358172,0.738014,0.367827,0.565719,-0.000454,0.001074,0.009899,-0.086862,0.121528,-0.108645,0.187333,0.085943,0.058341,-0.067778,-0.74674,0.103949,-0.656941,-0.352623,-0.899346,0.258519,-0.563945,0.424699,0.708233,-0.00597,-0.078204,0.075372,0.928931,-0.083542,-0.536848,-0.841292
538,0.097247,0.06782,0.346484,-0.759884,-0.0599,-0.647328,-0.153506,-0.951062,0.268122,-0.630768,0.30318,0.714312,-0.010793,-0.139973,0.132858,4.290225,-3.327341,-1.76109,-1.909632,-0.1073,0.026376,0.317104,0.707315,-0.282815,0.647853,-0.010285,0.912169,0.409605,-0.707666,-0.296032,0.641434,-0.00347,0.016701,0.015081,-0.084518,0.050045,0.113107,0.282683,0.039912,0.03492,-0.021865,-0.647381,0.167216,0.743597,0.177737,-0.915615,0.360636,0.741152,0.365634,0.563031,-0.00183,0.008761,0.007907,-0.102581,0.065026,0.124053,0.192232,0.085831,0.056838,-0.066371,-0.745722,0.095781,-0.659336,-0.337619,-0.907469,0.250027,-0.574379,0.409055,0.709057,-0.006653,-0.07735,0.069107,-0.177499,0.292826,0.557613,-0.84864
539,0.096687,0.062172,0.351126,-0.757186,-0.067767,-0.64971,-0.121694,-0.962564,0.242143,-0.640857,0.262492,0.721407,-0.013969,-0.137662,0.10645,0.087189,0.346002,0.843929,-1.910896,-0.107516,0.027215,0.317865,0.700291,-0.293704,0.650632,-0.00691,0.90851,0.417727,-0.714657,-0.296661,0.63334,-0.004925,0.023741,0.021259,-0.240056,0.180209,0.253362,0.31556,0.039806,0.03533,-0.021493,-0.641832,0.17828,0.745833,0.174865,-0.912949,0.368707,0.746641,0.367068,0.554785,-0.002476,0.011869,0.010634,-0.418365,0.357443,0.357194,0.216236,0.085552,0.054015,-0.064039,-0.743003,0.082952,-0.664127,-0.303195,-0.926347,0.223499,-0.596673,0.367421,0.71343,-0.007374,-0.069881,0.052535,0.337349,0.634164,0.732934,-0.850273
540,0.096196,0.057137,0.354721,-0.761105,-0.074,-0.644429,-0.086695,-0.972957,0.214034,-0.641896,0.218857,0.734914,-0.012512,-0.112403,0.078842,0.448746,0.751751,0.906911,-1.912966,-0.107851,0.028293,0.318708,0.69558,-0.308601,0.648787,-0.002155,0.902048,0.431554,-0.719273,-0.301194,0.625933,-0.005802,0.028049,0.024867,-0.664975,-1.755963,1.902236,0.331677,0.039636,0.03588,-0.021061,-0.637034,0.193516,0.746148,0.172223,-0.907774,0.382472,0.751349,0.372151,0.544956,-0.003001,0.014445,0.012814,-0.20597,0.238555,0.0731,0.253956,0.085301,0.051474,-0.062241,-0.747539,0.076317,-0.659817,-0.270265,-0.942374,0.197197,-0.606745,0.325738,0.725088,-0.007147,-0.062514,0.042912,0.222417,0.445686,0.617509,-0.851416
541,0.095916,0.054825,0.356267,-0.763463,-0.079368,-0.640992,-0.067595,-0.977156,0.201419,-0.641388,0.197196,0.741459,-0.013602,-0.116302,0.076842,0.181317,0.352344,0.572641,-1.914212,-0.108031,0.02886,0.319231,0.696549,-0.316762,0.643795,-0.001267,0.896627,0.442711,-0.718337,-0.30879,0.623301,-0.006094,0.029503,0.026005,-0.372622,0.173187,0.342605,0.331799,0.039547,0.036159,-0.020811,-0.641843,0.201128,0.739988,0.171056,-0.903123,0.393836,0.747513,0.379362,0.545259,-0.009677,0.01351,0.012821,-0.869407,-1.415223,1.873099,0.260651,0.085169,0.050355,-0.061496,-0.751683,0.073099,-0.65546,-0.252122,-0.950202,0.183165,-0.609431,0.302938,0.732681,-0.006383,-0.053011,0.034132,1.415107,0.286087,-0.373431,-0.850763
542,0.095242,0.050804,0.358723,-0.767545,-0.096035,-0.633796,-0.029591,-0.982353,0.184603,-0.639388,0.160559,0.751952,-0.025221,-0.098477,0.058686,0.224856,0.105535,-0.071313,-1.91502,-0.108235,0.030038,0.320297,0.706325,-0.33425,0.623998,0.00651,0.884425,0.466566,-0.708701,-0.325067,0.626049,-0.006664,0.032282,0.028124,-0.417235,0.274707,0.458005,0.342169,0.039446,0.036742,-0.020276,-0.656852,0.217495,0.72197,0.16478,-0.892947,0.418919,0.735794,0.394134,0.550695,0.003298,0.017033,0.013964,-0.134926,-0.694433,0.719473,0.269795,0.084831,0.048333,-0.060258,-0.759068,0.059234,-0.64831,-0.216928,-0.961952,0.166098,-0.613805,0.266716,0.743037,-0.012294,-0.04449,0.024781,3.487507,-0.778419,-3.835759,-0.852396
543,0.09414,0.047329,0.360411,-0.76769,-0.125676,-0.628413,0.018276,-0.984478,0.174474,-0.639633,0.122606,0.758857,-0.038516,-0.085222,0.03713,3.420375,-0.818835,-3.952749,-1.91521,-0.108427,0.031254,0.321368,0.713812,-0.355257,0.603536,0.017604,0.870507,0.491774,-0.70097,-0.339965,0.626839,-0.006446,0.031237,0.026892,-0.373267,-0.487905,1.014546,0.349544,0.039344,0.037381,-0.019713,-0.668604,0.239477,0.704001,0.155811,-0.880593,0.447524,0.727111,0.408908,0.551455,-0.003254,0.015669,0.013494,-0.397271,-0.529084,1.078834,0.277633,0.084265,0.046524,-0.059369,-0.764835,0.030285,-0.643514,-0.170566,-0.972767,0.156943,-0.621236,0.229797,0.749171,-0.019474,-0.043274,0.018159,3.375991,-0.865236,-3.97643,-0.854682
544,0.092474,0.044129,0.36161,-0.772406,-0.138853,-0.619803,0.046137,-0.9855,0.163198,-0.632517,0.097625,0.768388,-0.038981,-0.078407,0.026274,0.035005,0.2097,0.312792,-1.915752,-0.108531,0.03222,0.322416,0.703094,-0.383496,0.598816,0.031259,0.857853,0.512878,-0.711251,-0.341402,0.614353,0.00968,0.016697,0.029766,-0.635284,0.402339,0.699303,0.36353,0.039287,0.037865,-0.019194,-0.66311,0.26725,0.699186,0.14318,-0.871554,0.468926,0.734699,0.41106,0.539672,-0.002604,0.012545,0.010687,-0.242605,0.085375,0.429894,0.296085,0.083444,0.044944,-0.058785,-0.772034,0.016342,-0.635369,-0.141256,-0.979079,0.146457,-0.619684,0.20282,0.758191,-0.025961,-0.039081,0.013253,0.059421,0.395423,0.088985,-0.84913
545,0.091525,0.042627,0.362153,-0.775706,-0.145978,-0.614016,0.06109,-0.985681,0.157075,-0.62719,0.084508,0.774285,-0.051431,-0.075805,0.027966,0.166816,0.408827,0.357124,-1.915958,-0.108496,0.032567,0.322852,0.69857,-0.395307,0.596427,0.037749,0.852626,0.521092,-0.715383,-0.341008,0.609757,-0.004312,0.020857,0.017692,-0.298142,0.145086,0.44182,0.364811,0.039309,0.038042,-0.018967,-0.659614,0.281161,0.697034,0.13756,-0.86657,0.479722,0.738908,0.412315,0.532926,0.005322,0.005887,0.012751,-0.431071,0.221475,0.517206,0.30229,0.082973,0.044188,-0.058517,-0.77624,0.009251,-0.630368,-0.126539,-0.981829,0.141413,-0.617606,0.189536,0.763307,-0.019674,-0.039419,0.01302,0.3121,0.670257,0.310881,-0.837536
546,0.089799,0.04016,0.363089,-0.778228,-0.166954,-0.605419,0.093163,-0.98404,0.151521,-0.620087,0.061716,0.782119,-0.047851,-0.055718,0.025568,0.012173,0.229583,0.069569,-1.916495,-0.108334,0.033173,0.323573,0.694224,-0.407201,0.593491,0.039005,0.844536,0.534015,-0.719533,-0.347065,0.601399,0.009514,0.019288,0.01456,-0.221122,0.156559,0.239622,0.358527,0.039389,0.038349,-0.018604,-0.657253,0.293818,0.694037,0.136841,-0.859048,0.493263,0.741142,0.419172,0.524406,0.004804,0.009369,0.007044,-0.240947,0.171531,0.251038,0.3018,0.082103,0.042931,-0.058059,-0.783169,-0.010294,-0.621722,-0.094765,-0.986206,0.135702,-0.614544,0.165195,0.771391,-0.017731,-0.028994,0.012074,0.05083,0.237041,0.093475,-0.838026
547,0.088486,0.03835,0.364071,-0.769104,-0.208649,-0.604145,0.14287,-0.97742,0.155596,-0.622013,0.033608,0.782303,-0.03093,-0.035841,0.02311,3.238594,-0.859842,-4.284912,-1.917134,-0.108353,0.033814,0.323994,0.700745,-0.412991,0.58171,0.046048,0.839768,0.540928,-0.712765,-0.351747,0.606715,-0.002523,0.012142,0.010175,0.002335,-0.016187,0.023732,0.359838,0.03938,0.038665,-0.018396,-0.665916,0.29917,0.683412,0.130137,-0.855441,0.501282,0.734587,0.422749,0.530718,-0.002256,0.011883,0.001404,0.042924,-0.020962,0.034261,0.30033,0.081438,0.042011,-0.057572,-0.782276,-0.048431,-0.621045,-0.050649,-0.988726,0.140903,-0.620868,0.141681,0.771004,-0.015877,-0.022743,0.01619,-0.135397,0.116755,-0.154374,-0.832964
548,0.087946,0.037762,0.364595,-0.766987,-0.218148,-0.60348,0.153514,-0.97551,0.157436,-0.622092,0.028373,0.782447,-0.028534,-0.028085,0.028232,-0.104208,0.087555,-0.104813,-1.917729,-0.108436,0.034075,0.324127,0.702286,-0.414338,0.578887,0.047804,0.838668,0.54248,-0.711131,-0.352783,0.60803,-0.015026,0.007437,0.007892,-0.016118,0.110992,-0.169049,0.364319,0.039343,0.038797,-0.018329,-0.668061,0.300424,0.680763,0.128384,-0.854618,0.503135,0.732946,0.423524,0.532368,-0.000993,0.004756,0.003979,0.002776,-0.013397,0.018634,0.302126,0.081166,0.041709,-0.057315,-0.781567,-0.062804,-0.620651,-0.034114,-0.989127,0.143049,-0.622887,0.132976,0.770926,-0.014103,-0.01346,0.014518,-0.103664,-0.013822,0.067992,-0.832311
549,0.087127,0.037207,0.365609,-0.767518,-0.218414,-0.602707,0.151846,-0.975353,0.16,-0.621845,0.031549,0.782521,-0.024209,-0.007252,0.026354,-0.067698,-0.047227,0.106865,-1.917572,-0.108673,0.034342,0.324373,0.702187,-0.414117,0.579165,0.047556,0.838798,0.542302,-0.711246,-0.352734,0.607924,-0.001294,0.006253,0.005214,-0.0,0.0,0.0,0.383311,0.039219,0.03893,-0.018206,-0.667805,0.300093,0.68116,0.128761,-0.854753,0.502808,0.733113,0.423485,0.532169,-0.007212,0.002292,0.002745,-0.000113,-0.001286,-0.006007,0.317476,0.080755,0.041428,-0.056805,-0.782228,-0.06304,-0.619794,-0.035772,-0.98868,0.145706,-0.621964,0.136146,0.771119,-0.005191,0.000946,0.008412,-0.036157,0.019812,-0.018258,-0.833617
550,0.086566,0.037256,0.366248,-0.768979,-0.227509,-0.597458,0.1526,-0.972843,0.173957,-0.619854,0.042874,0.783562,-0.023699,0.001423,0.016449,-0.167849,-0.120098,-0.171396,-1.917948,-0.108844,0.034568,0.324666,0.70201,-0.413771,0.579626,0.047022,0.838938,0.54213,-0.711456,-0.352806,0.607637,0.011065,0.011563,0.007958,0.004426,-0.031433,0.052939,0.377195,0.039136,0.039036,-0.018066,-0.667534,0.299743,0.681579,0.129302,-0.854814,0.502565,0.733265,0.423609,0.531861,0.005518,0.005833,0.004025,0.004113,-0.031673,0.052713,0.326947,0.08048,0.041466,-0.05647,-0.78555,-0.071445,-0.614658,-0.035101,-0.986568,0.159533,-0.6178,0.146897,0.772491,-0.004874,0.005452,0.003562,-0.18193,-0.236307,-0.131615,-0.827249
551,0.086286,0.037272,0.366409,-0.763834,-0.241082,-0.598735,0.159182,-0.969336,0.18714,-0.624542,0.047929,0.779536,-0.000715,-0.002221,-0.00145,-0.103674,-0.132968,-0.076637,-1.91768,-0.108529,0.034963,0.325199,0.703628,-0.412477,0.578586,0.047659,0.839712,0.540875,-0.709813,-0.352482,0.609742,0.011923,0.005194,0.019639,-0.023865,-0.046029,0.052534,0.365798,0.039286,0.03922,-0.017815,-0.669151,0.298054,0.680735,0.128599,-0.855778,0.501104,0.731915,0.422856,0.534315,0.011396,0.009804,0.006462,-0.005088,-0.053891,0.112654,0.314373,0.080335,0.041488,-0.056374,-0.782687,-0.086092,-0.616431,-0.028296,-0.984441,0.173416,-0.62177,0.153173,0.768074,-0.000523,-0.001603,-0.001041,-0.09913,-0.116538,-0.102244,-0.824963
552,0.086194,0.03721,0.366346,-0.759433,-0.248754,-0.601189,0.1652,-0.967468,0.191538,-0.628333,0.046447,0.776574,-0.001475,-0.004578,-0.002991,-0.34474,-0.440305,-0.252995,-1.917357,-0.108201,0.035198,0.325536,0.705224,-0.411185,0.577562,0.048378,0.840535,0.539531,-0.708179,-0.352032,0.611898,0.024584,0.00878,0.020924,-0.020714,-0.062219,0.081001,0.364106,0.039445,0.039341,-0.017649,-0.67071,0.296547,0.679857,0.127804,-0.856682,0.49976,0.730625,0.422083,0.536686,0.011207,0.010618,0.007115,-0.024745,0.060249,-0.049209,0.310617,0.080293,0.041453,-0.056403,-0.780976,-0.092978,-0.6176,-0.022021,-0.984142,0.176007,-0.624172,0.151058,0.766543,-0.00087,-0.002687,-0.00175,0.022582,0.024341,0.010998,-0.82235
553,0.085986,0.037064,0.366168,-0.759582,-0.249696,-0.60061,0.166057,-0.967227,0.192015,-0.627928,0.04642,0.776904,-0.002133,-0.006602,-0.004324,-0.000417,0.014464,-0.024924,-1.917058,-0.107337,0.035594,0.326429,0.710085,-0.407304,0.574346,0.050406,0.842904,0.535636,-0.703163,-0.350885,0.618307,0.036513,0.015478,0.0247,0.228667,-0.29601,-0.063819,0.360555,0.039877,0.039537,-0.017198,-0.674893,0.293105,0.677206,0.125851,-0.858563,0.49702,0.727104,0.420662,0.542551,0.012709,0.001115,0.01618,0.348066,-0.414172,-0.186009,0.306862,0.080183,0.04138,-0.056497,-0.780252,-0.095142,-0.618184,-0.021174,-0.983777,0.178134,-0.625105,0.152079,0.765581,-0.007214,-0.001846,-0.001221,0.002445,0.019693,-0.026271,-0.819901
554,0.085781,0.036821,0.365892,-0.7596,-0.250077,-0.60043,0.166514,-0.967138,0.192066,-0.627785,0.046217,0.777031,-0.001884,0.00129,-0.014757,0.033794,-0.00489,-0.009745,-1.916543,-0.106233,0.035982,0.327634,0.716746,-0.402393,0.569513,0.05326,0.845798,0.530776,-0.696161,-0.349594,0.626903,0.037453,0.008309,0.035578,0.278745,-0.37777,-0.116887,0.354624,0.04042,0.039727,-0.01661,-0.68113,0.287975,0.67315,0.122922,-0.861372,0.492876,0.721769,0.418458,0.551308,0.012189,0.003325,0.017914,0.361166,-0.443431,-0.211241,0.300004,0.080082,0.041258,-0.05663,-0.780378,-0.095448,-0.617979,-0.020763,-0.983781,0.178166,-0.624962,0.151868,0.765739,-0.001608,-0.004972,-0.003266,0.001466,-0.085818,0.147409,-0.822024
555,0.08569,0.036636,0.365759,-0.761164,-0.248979,-0.598903,0.16679,-0.967472,0.190136,-0.625815,0.045137,0.778682,-0.003417,-0.010546,-0.006946,0.173681,0.235929,0.102483,-1.916735,-0.105701,0.036233,0.328294,0.720139,-0.400075,0.56686,0.054829,0.847155,0.528447,-0.692528,-0.348973,0.631258,0.022042,0.019551,0.029411,0.124697,-0.203179,0.005882,0.35306,0.040692,0.039852,-0.016281,-0.685292,0.283961,0.670626,0.120876,-0.863728,0.489245,0.718166,0.416339,0.557582,0.018424,0.005334,0.01869,0.143868,-0.260227,-0.02342,0.296575,0.080035,0.041166,-0.056702,-0.781256,-0.094689,-0.616985,-0.020502,-0.984001,0.176976,-0.623873,0.150913,0.766816,-0.001784,-0.005522,-0.003634,0.297389,0.278543,0.348763,-0.823167
556,0.085488,0.036234,0.365482,-0.76283,-0.248408,-0.597017,0.16748,-0.967664,0.188544,-0.623599,0.044141,0.780514,-0.003579,-0.011026,-0.007293,0.009057,0.026497,-0.018002,-1.916848,-0.10475,0.036887,0.329641,0.729311,-0.391362,0.561188,0.053333,0.850148,0.523772,-0.68298,-0.351571,0.640155,0.023131,0.011669,0.039607,0.035038,-0.177068,0.035022,0.351916,0.041175,0.040186,-0.015597,-0.694103,0.274131,0.665637,0.122095,-0.866429,0.48414,0.709445,0.417315,0.567921,0.010647,0.011086,0.015637,0.035665,-0.175087,0.017654,0.293472,0.079933,0.040959,-0.056845,-0.783468,-0.093089,-0.61442,-0.01981,-0.984472,0.174415,-0.621116,0.14882,0.769458,-0.001811,-0.005591,-0.003694,-0.013429,0.001552,-0.029811,-0.8248
557,0.085151,0.03587,0.36524,-0.762962,-0.249161,-0.596535,0.168076,-0.967465,0.189036,-0.623279,0.044267,0.780763,-0.003488,-0.010708,-0.007112,-0.000324,0.014584,-0.024855,-1.915941,-0.104016,0.037553,0.330938,0.735537,-0.385574,0.557054,0.050505,0.85105,0.522587,-0.676488,-0.355764,0.644717,0.023123,0.011172,0.038989,-0.037697,-0.101665,0.097453,0.348715,0.041542,0.040524,-0.014944,-0.700035,0.267691,0.662035,0.124917,-0.866882,0.482607,0.703096,0.420542,0.57341,0.010688,0.010604,0.015145,-0.039136,-0.068514,0.111008,0.289716,0.079765,0.040779,-0.056964,-0.783598,-0.093926,-0.614126,-0.01927,-0.984354,0.175138,-0.620968,0.149072,0.769529,-0.007985,-0.004106,-0.00275,-0.002043,0.028639,-0.054585,-0.82382
558,0.084702,0.035531,0.365025,-0.762046,-0.248344,-0.598044,0.168237,-0.967753,0.187409,-0.624354,0.042504,0.780002,-0.003162,-0.009663,-0.006444,-0.000324,0.014581,-0.024857,-1.916555,-0.103619,0.038161,0.332149,0.740896,-0.377843,0.555248,0.040723,0.850372,0.524542,-0.671279,-0.365544,0.64469,-0.004086,0.015761,0.028961,-0.054015,-0.065312,0.022336,0.348581,0.041749,0.040829,-0.014333,-0.70443,0.259719,0.660547,0.134771,-0.864771,0.483741,0.69686,0.429785,0.574169,0.004314,0.009127,0.014667,-0.111613,-0.1344,-0.015528,0.288083,0.07954,0.040607,-0.057073,-0.782511,-0.093273,-0.615609,-0.019138,-0.984645,0.173514,-0.622341,0.147559,0.768711,-0.007769,-0.003395,-0.002291,0.0007,-0.071163,0.11711,-0.82382
559,0.084454,0.035365,0.364949,-0.763677,-0.247619,-0.596261,0.168733,-0.967979,0.185792,-0.622225,0.041577,0.781751,-0.015492,-0.006577,-0.004464,0.005468,0.037855,-0.049488,-1.91687,-0.103542,0.038466,0.332754,0.742367,-0.378883,0.552567,0.041574,0.849087,0.526553,-0.669598,-0.367447,0.645356,0.008678,0.018073,0.029109,-0.043502,0.053002,-0.084398,0.348834,0.041785,0.040974,-0.014041,-0.706411,0.260686,0.658047,0.133979,-0.863649,0.485962,0.695005,0.431454,0.575164,-0.002015,0.007656,0.014249,-0.02854,-0.03863,0.049367,0.288083,0.079414,0.040521,-0.057113,-0.784145,-0.092169,-0.613693,-0.018618,-0.984969,0.171719,-0.620297,0.146078,0.770644,-0.007732,-0.003255,-0.002201,-0.013197,0.016987,-0.059609,-0.824147
560,0.084095,0.034982,0.364739,-0.762752,-0.246625,-0.597855,0.168713,-0.968304,0.184106,-0.623363,0.039861,0.780933,-0.003164,-0.00961,-0.006446,-0.000322,0.014578,-0.024859,-1.916248,-0.103643,0.039045,0.333793,0.742523,-0.37876,0.552442,0.040712,0.848646,0.52733,-0.669479,-0.368587,0.64483,-0.003697,0.014012,0.02731,-0.045517,0.068065,-0.113741,0.342969,0.041737,0.041272,-0.01351,-0.706575,0.260596,0.657906,0.134833,-0.863109,0.486684,0.694673,0.432587,0.574714,-0.001802,0.006723,0.013437,-0.028779,-0.041396,0.051549,0.286124,0.079242,0.040336,-0.057214,-0.782877,-0.091408,-0.615424,-0.018745,-0.985234,0.17018,-0.621893,0.144766,0.769604,-0.001586,-0.004824,-0.003228,-0.000961,0.014243,-0.025265,-0.825453
561,0.083827,0.034666,0.364502,-0.762725,-0.246641,-0.597883,0.168752,-0.968302,0.184081,-0.623386,0.03981,0.780918,-0.01475,0.002949,-0.01388,0.03246,0.024306,-0.064205,-1.916568,-0.103814,0.039569,0.334853,0.747042,-0.369645,0.552524,0.029515,0.848654,0.528062,-0.665022,-0.377712,0.644161,-0.003409,0.012764,0.026175,-0.304016,-0.304313,-0.269084,0.331047,0.041653,0.041531,-0.012988,-0.709293,0.252298,0.658215,0.14454,-0.861859,0.486112,0.689934,0.439935,0.574844,-0.002761,0.012036,0.009338,-3.052822,-2.966419,-3.482483,0.27453,0.079109,0.040178,-0.057326,-0.782903,-0.09154,-0.615371,-0.018629,-0.985223,0.170258,-0.621863,0.14476,0.769629,-0.00154,-0.004673,-0.00314,-0.000342,0.014582,-0.024853,-0.826106
562,0.083749,0.034495,0.364375,-0.762667,-0.246401,-0.598055,0.168575,-0.968366,0.183907,-0.623504,0.039743,0.780827,-0.003106,-0.009403,-0.006342,-0.000322,0.014578,-0.024859,-1.916073,-0.103876,0.039797,0.335334,0.748326,-0.367816,0.552006,0.029435,0.849656,0.526453,-0.66358,-0.377248,0.645917,-0.003059,0.01122,0.024921,0.099281,-0.151944,-0.03455,0.330709,0.041621,0.041648,-0.012746,-0.710685,0.249305,0.657854,0.146067,-0.862436,0.484632,0.688179,0.440511,0.576505,-0.001492,0.005374,0.012282,0.203609,-0.220523,-0.12271,0.269958,0.079065,0.040094,-0.057395,-0.782803,-0.09134,-0.615528,-0.018773,-0.985251,0.17008,-0.621985,0.144694,0.769543,-0.001547,-0.004695,-0.003163,-0.000329,0.014586,-0.024853,-0.826433
563,0.08363,0.034119,0.364157,-0.762568,-0.245854,-0.598407,0.168092,-0.968505,0.183615,-0.623755,0.039731,0.780626,-0.002903,-0.008778,-0.005941,0.001904,-0.086016,0.146709,-1.915712,-0.10399,0.040062,0.336262,0.754105,-0.359616,0.549539,0.019486,0.848521,0.528739,-0.657373,-0.387564,0.646156,-0.001853,0.005879,0.020749,-0.031571,-0.025873,0.027532,0.331773,0.041562,0.041789,-0.012275,-0.715922,0.240137,0.655582,0.155923,-0.86028,0.485391,0.680545,0.449723,0.578451,-0.001025,0.003316,0.010661,-0.033739,-0.019753,0.026034,0.267672,0.079005,0.039905,-0.057504,-0.782597,-0.090816,-0.615868,-0.019269,-0.985293,0.169777,-0.62223,0.144734,0.769338,-0.001395,-0.004224,-0.002854,-0.000325,0.014574,-0.02486,-0.8248
564,0.083566,0.033822,0.36398,-0.76259,-0.245891,-0.598365,0.168091,-0.968494,0.183678,-0.623729,0.039791,0.780644,-0.002119,-0.006406,-0.004348,-0.000323,0.014575,-0.024861,-1.916218,-0.104051,0.040101,0.336966,0.755491,-0.357716,0.548874,0.018905,0.849216,0.527645,-0.655796,-0.387805,0.647613,0.012178,0.002072,0.016344,-0.03161,-0.025321,0.032532,0.345976,0.041525,0.041815,-0.011912,-0.717109,0.238059,0.655042,0.156465,-0.860878,0.484154,0.67917,0.449683,0.580096,-0.000191,-0.000381,0.007839,-0.039451,-0.005277,0.006816,0.27502,0.078971,0.039751,-0.057597,-0.782583,-0.090749,-0.615895,-0.019354,-0.985293,0.169771,-0.622244,0.14478,0.769318,-0.000917,-0.00278,-0.001884,-0.00031,0.01458,-0.02485,-0.826106
565,0.083522,0.033749,0.36393,-0.76256,-0.245762,-0.598455,0.167987,-0.968527,0.183596,-0.623793,0.039769,0.780594,-0.001176,-0.003554,-0.002414,0.0,0.0,0.0,-1.916091,-0.104029,0.040095,0.337214,0.755534,-0.357629,0.548873,0.018489,0.849029,0.52796,-0.655759,-0.388293,0.647357,0.010781,0.010639,0.006552,0.004386,-0.030988,0.053241,0.350712,0.041541,0.041811,-0.011783,-0.717133,0.238026,0.655029,0.156895,-0.860606,0.4845,0.679046,0.450222,0.579823,0.005452,0.004996,0.003029,0.003908,-0.030162,0.053942,0.282205,0.078947,0.03971,-0.057625,-0.782535,-0.090643,-0.615971,-0.019446,-0.985304,0.169698,-0.622301,0.144773,0.769273,-0.00062,-0.001881,-0.001275,-0.00032,0.014574,-0.024856,-0.826596
566,0.083321,0.033711,0.363926,-0.762541,-0.245732,-0.598492,0.167926,-0.968533,0.183623,-0.623834,0.039816,0.78056,-4.7e-05,-0.000141,-9.6e-05,0.002226,-0.100573,0.17158,-1.916322,-0.103953,0.040114,0.337474,0.755326,-0.357205,0.549435,0.017598,0.849026,0.527995,-0.656023,-0.38869,0.646851,0.011957,0.005382,0.002584,0.002045,-0.015205,0.029245,0.350372,0.041574,0.041818,-0.011654,-0.716784,0.237619,0.655558,0.157782,-0.860489,0.484418,0.679208,0.450659,0.579293,-0.000311,0.001355,0.001019,0.002534,-0.015586,0.024204,0.288083,0.078847,0.039689,-0.057628,-0.78256,-0.090734,-0.615927,-0.019408,-0.985286,0.169804,-0.622272,0.144836,0.769285,-0.006196,0.001548,0.001001,-0.000982,0.014726,-0.029554,-0.827576
567,0.082997,0.033704,0.364121,-0.762619,-0.245896,-0.598326,0.167779,-0.968472,0.184079,-0.623778,0.040295,0.78058,-0.013367,-0.006959,0.011012,-0.035062,0.034307,-0.044608,-1.915896,-0.103784,0.040114,0.337431,0.755091,-0.356952,0.549921,0.017242,0.849191,0.527741,-0.656302,-0.388562,0.646645,0.000767,-0.003406,-0.002565,-0.002337,0.015767,-0.024007,0.35351,0.041662,0.041823,-0.011673,-0.716478,0.237415,0.655966,0.15808,-0.860592,0.484138,0.679462,0.450571,0.579065,0.006631,-0.000217,-0.000902,0.002183,-0.015114,0.0294,0.289226,0.078691,0.039692,-0.057532,-0.782604,-0.090736,-0.615871,-0.019661,-0.985224,0.170137,-0.622208,0.145258,0.769256,-0.006005,0.002132,0.001398,-0.000989,0.014718,-0.029561,-0.825779
568,0.082623,0.033641,0.364278,-0.762561,-0.245429,-0.598591,0.167128,-0.968575,0.18413,-0.624023,0.040668,0.780364,-0.013035,0.001181,0.000692,-0.000984,0.014715,-0.029553,-1.915502,-0.103481,0.040053,0.337291,0.755088,-0.357101,0.54983,0.017458,0.849179,0.527754,-0.656301,-0.388453,0.646712,0.001058,-0.004677,-0.003529,-0.002339,0.01577,-0.024005,0.353778,0.041815,0.041785,-0.011748,-0.716492,0.237561,0.655897,0.157876,-0.860613,0.484168,0.679494,0.450454,0.579118,0.000552,-0.00244,-0.001846,-0.002241,0.015841,-0.023917,0.294288,0.078501,0.039664,-0.057446,-0.782471,-0.090313,-0.616101,-0.020312,-0.985197,0.170215,-0.622354,0.145702,0.769054,-0.006564,0.000463,0.000264,-0.000976,0.0147,-0.029554,-0.825453
569,0.082435,0.033589,0.364313,-0.761516,-0.243789,-0.600588,0.166571,-0.96906,0.182066,-0.625445,0.038902,0.779315,-0.013533,-0.000294,-0.000312,-0.001017,0.028844,-0.054107,-1.915355,-0.103316,0.040023,0.337238,0.755078,-0.357158,0.549805,0.017519,0.849165,0.527774,-0.65631,-0.388429,0.646717,0.000864,-0.003809,-0.002875,-0.002341,0.01577,-0.024004,0.351189,0.041899,0.041767,-0.011777,-0.716493,0.237622,0.655875,0.157814,-0.860608,0.484196,0.679508,0.45043,0.57912,0.000432,-0.001898,-0.001437,-0.002262,0.015827,-0.023926,0.291512,0.078412,0.039639,-0.057427,-0.781054,-0.088807,-0.618115,-0.020943,-0.985553,0.168061,-0.624111,0.14421,0.767911,-0.001013,-0.006588,0.003456,-0.036394,0.023044,-0.017671,-0.8248
570,0.082161,0.03342,0.364291,-0.760533,-0.242431,-0.602381,0.166213,-0.969466,0.180226,-0.626735,0.037239,0.778359,-0.001375,-0.004097,-0.002789,0.0,-0.0,0.0,-1.91573,-0.103018,0.040018,0.337201,0.755172,-0.357414,0.549509,0.017812,0.849039,0.527967,-0.656193,-0.388469,0.646811,0.012717,0.002064,7.8e-05,0.002045,-0.015205,0.029245,0.350304,0.042044,0.041758,-0.011799,-0.716644,0.237862,0.655623,0.157549,-0.860533,0.484416,0.67941,0.450447,0.579222,4.3e-05,-0.000185,-0.000144,5.8e-05,3.8e-05,5e-05,0.28939,0.07827,0.039554,-0.057439,-0.779825,-0.087682,-0.619825,-0.021295,-0.985852,0.166255,-0.625634,0.142849,0.766926,-0.000832,-0.002477,-0.001681,-0.002233,0.017302,-0.027,-0.823657
571,0.081895,0.033267,0.364233,-0.760568,-0.242628,-0.602257,0.166299,-0.969411,0.18044,-0.626669,0.037377,0.778406,-0.01413,-0.002005,-0.001488,-0.001311,0.029253,-0.054435,-1.915936,-0.102838,0.040052,0.337218,0.75721,-0.352911,0.549617,0.012696,0.84914,0.527953,-0.65396,-0.392349,0.646731,-0.000354,0.00155,0.001171,-3.037471,-2.917747,-3.574178,0.346009,0.042139,0.041775,-0.011792,-0.716573,0.237857,0.655703,0.157616,-0.860528,0.484405,0.67947,0.450461,0.579141,0.006077,0.002264,0.000965,0.004435,-0.030949,0.05328,0.287104,0.078136,0.039476,-0.057469,-0.779916,-0.087887,-0.619682,-0.021201,-0.985813,0.166496,-0.625524,0.142991,0.766989,-0.007072,-0.001021,-0.000754,-0.001354,0.0293,-0.054466,-0.82333
572,0.081717,0.033127,0.364137,-0.759316,-0.240151,-0.604824,0.165191,-0.970104,0.177715,-0.628477,0.035323,0.777043,-0.00144,-0.004274,-0.002919,0.0,-0.0,0.0,-1.915653,-0.102868,0.04014,0.337285,0.757197,-0.352888,0.54965,0.012666,0.849151,0.527935,-0.653976,-0.392344,0.646718,-0.000594,0.002599,0.001962,-0.0,-0.0,-0.0,0.331044,0.042124,0.04182,-0.011757,-0.718061,0.233118,0.655776,0.162609,-0.859963,0.483756,0.676716,0.454002,0.579599,-0.000382,0.001671,0.00126,6.7e-05,9.5e-05,0.000112,0.277633,0.078047,0.039405,-0.057517,-0.778155,-0.085639,-0.622205,-0.022365,-0.986253,0.163716,-0.627673,0.141312,0.765543,-0.000847,-0.002515,-0.001714,9.9e-05,-0.083123,0.144803,-0.823493
573,0.081665,0.033034,0.364073,-0.75814,-0.23799,-0.607149,0.164348,-0.970706,0.175191,-0.630115,0.033325,0.775804,-0.001564,-0.004639,-0.003172,0.123086,-0.271903,0.305019,-1.915563,-0.102931,0.0402,0.337336,0.757184,-0.35285,0.549691,0.012624,0.849169,0.527907,-0.653991,-0.392339,0.646706,-0.000794,0.003479,0.002624,0.0,-0.0,-0.0,0.32024,0.042092,0.041851,-0.011731,-0.718038,0.233083,0.655814,0.162647,-0.859975,0.483723,0.676732,0.453998,0.579585,-0.000425,0.001857,0.0014,7.7e-05,8.1e-05,6.1e-05,0.266202,0.078021,0.039359,-0.057549,-0.776703,-0.083922,-0.62425,-0.023127,-0.986615,0.161412,-0.629441,0.139807,0.764366,-0.000921,-0.002743,-0.001875,0.445382,-0.618346,0.466968,-0.823657
574,0.081594,0.032824,0.363929,-0.757726,-0.236071,-0.608413,0.162836,-0.971185,0.173945,-0.631004,0.033018,0.775095,-0.00176,-0.005217,-0.003574,-0.000326,0.014539,-0.024882,-1.915675,-0.103014,0.040297,0.337428,0.75711,-0.352714,0.549879,0.012434,0.849228,0.527817,-0.65408,-0.392335,0.646619,-0.000525,0.002304,0.001736,0.0,-0.0,-0.0,0.310496,0.04205,0.041903,-0.011683,-0.717923,0.232955,0.655985,0.162826,-0.860006,0.483607,0.67681,0.454005,0.579488,-0.000316,0.001378,0.001039,4.7e-05,3.7e-05,6.3e-05,0.246281,0.077986,0.039254,-0.057621,-0.775767,-0.081877,-0.625684,-0.02481,-0.986821,0.159897,-0.630531,0.139567,0.763512,-0.000761,-0.002259,-0.001545,-8e-05,0.000133,-7.8e-05,-0.825616
