frame,MLTx,MLTy,MLTz,MLTR1,MLTR2,MLTR3,MLTR4,MLTR5,MLTR6,MLTR7,MLTR8,MLTR9,MLTTVx,MLTTVy,MLTTVz,MLTRVx,MLTRVy,MLTRVz,MLGA,MRTx,MRTy,MRTz,MRTR1,MRTR2,MRTR3,MRTR4,MRTR5,MRTR6,MRTR7,MRTR8,MRTR9,MRTTVx,MRTTVy,MRTTVz,MRTRVx,MRTRVy,MRTRVz,MRGA,SLTx,SLTy,SLTz,SLTR1,SLTR2,SLTR3,SLTR4,SLTR5,SLTR6,SLTR7,SLTR8,SLTR9,SLTTVx,SLTTVy,SLTTVz,SLTRVx,SLTRVy,SLTRVz,SLGA,SRTx,SRTy,SRTz,SRTR1,SRTR2,SRTR3,SRTR4,SRTR5,SRTR6,SRTR7,SRTR8,SRTR9,SRTTVx,SRTTVy,SRTTVz,SRTRVx,SRTRVy,SRTRVz,SRGA
50,0.169711,0.003468,0.385359,-0.410608,0.511669,-0.754746,-0.761344,-0.647842,-0.025068,-0.501279,0.563689,0.656507,-0.013101,-0.000655,-2e-05,-0.000984,0.014715,-0.029553,0.072958,-0.203245,-0.030906,0.33608,-0.298226,-0.606519,0.737013,0.947268,-0.282556,0.150932,0.117061,0.743909,0.657844,-0.016228,0.016305,-0.021704,-0.276741,-0.486302,0.554231,-1.002094,0.02585,0.029036,-0.013075,0.219721,0.686291,0.693343,-0.940532,0.33776,-0.03627,-0.259075,-0.644143,0.719693,-0.008099,0.008214,-0.01078,-1.082358,-1.639,1.890456,-0.843684,0.086355,0.039737,-0.031943,0.502156,-0.454957,-0.735426,0.67223,0.740341,0.001007,0.544008,-0.494882,0.677602,-3.8e-05,-0.000657,-0.000408,-5.6e-05,4.3e-05,-5.3e-05,-0.129508
51,0.169621,0.003502,0.3853,-0.408581,0.512098,-0.755555,-0.761114,-0.648005,-0.027687,-0.503281,0.563111,0.65547,-0.013292,0.0093,-0.00951,0.03594,0.002968,-0.008797,0.070027,-0.203469,-0.030707,0.335605,-0.328333,-0.595714,0.733017,0.933594,-0.32229,0.156412,0.143461,0.736432,0.661022,-0.016777,0.01132,-0.026634,-0.838785,-1.580803,2.114363,-1.226799,0.025733,0.029145,-0.013317,0.249364,0.673903,0.695465,-0.925482,0.377285,-0.03375,-0.285133,-0.635224,0.717766,-0.008423,0.005242,-0.013721,-0.829824,-1.578254,2.108925,-0.823436,0.086305,0.039753,-0.031972,0.500211,-0.455648,-0.736324,0.672071,0.740484,-0.00166,0.545992,-0.494032,0.676626,-0.006648,0.004598,-0.004786,0.031814,0.006204,-0.01326,-0.129998
52,0.1694,0.003494,0.385196,-0.406157,0.510276,-0.75809,-0.76072,-0.648412,-0.028955,-0.505832,0.564296,0.652481,-0.000103,-0.001813,-0.001137,-0.054047,-0.196861,-0.090473,0.063795,-0.203653,-0.03041,0.334497,-0.384446,-0.580975,0.717399,0.907389,-0.380534,0.17825,0.169901,0.720207,0.672532,-0.002272,0.009216,-0.029608,1.144646,0.148487,1.262491,-1.39221,0.02564,0.029282,-0.013867,0.305956,0.655763,0.690192,-0.900063,0.435507,-0.014793,-0.310285,-0.616691,0.723474,-0.008438,0.005016,-0.013923,3.628547,0.351013,4.449712,-0.809229,0.086199,0.039746,-0.032021,0.497847,-0.454745,-0.73848,0.671782,0.740741,-0.003254,0.548503,-0.494478,0.674266,-7.4e-05,-0.001342,-0.000837,-0.109146,-0.368439,-0.165236,-0.136203
53,0.169199,0.003517,0.385075,-0.402384,0.506541,-0.762594,-0.760522,-0.648616,-0.029612,-0.509137,0.56742,0.64718,-8.6e-05,-0.001504,-0.000944,-0.033728,-0.230184,0.112931,0.065409,-0.203972,-0.02975,0.333277,-0.424766,-0.570257,0.703116,0.886484,-0.419288,0.195646,0.183755,0.707113,0.682707,-0.002381,0.023092,-0.035231,0.118787,-0.117199,0.203705,-1.402185,0.025481,0.0296,-0.014482,0.348145,0.640945,0.684093,-0.878984,0.47685,0.000555,-0.325854,-0.6015,0.729394,-0.008297,0.006395,-0.012621,0.083828,-0.090309,0.152474,-0.818047,0.086093,0.039759,-0.032086,0.493759,-0.450821,-0.743614,0.671453,0.741038,-0.003415,0.552586,-0.497616,0.668599,-0.000136,0.004206,-0.005224,-0.013234,-0.188242,-0.062629,-0.138163
54,0.169116,0.003574,0.384948,-0.400572,0.502369,-0.766299,-0.760468,-0.648756,-0.027856,-0.510644,0.570959,0.642865,-0.000348,0.007122,-0.011264,-0.024879,-0.217863,-0.107632,0.064467,-0.204272,-0.029334,0.332614,-0.439073,-0.563253,0.699966,0.877967,-0.434157,0.201533,0.190916,0.703733,0.684233,-0.017204,0.022428,-0.035064,3.952631,0.893857,4.189306,-1.402236,0.025336,0.029811,-0.014811,0.359005,0.635522,0.683539,-0.873465,0.486848,0.006109,-0.328897,-0.599241,0.729887,-0.008599,0.011083,-0.017656,-0.006592,-0.255293,0.31642,-0.83307,0.086052,0.039788,-0.032144,0.491451,-0.447043,-0.747413,0.671412,0.741081,-0.001778,0.55469,-0.500948,0.664355,-0.006577,-0.000774,-0.000288,-0.071207,-0.347001,0.023372,-0.138
55,0.168996,0.003796,0.384559,-0.396895,0.487774,-0.777558,-0.756819,-0.65318,-0.023509,-0.518866,0.578531,0.62937,-0.000374,0.006669,-0.011546,-0.071804,-0.52073,0.002772,0.061598,-0.204824,-0.028625,0.331366,-0.475988,-0.543187,0.691646,0.853859,-0.473553,0.215881,0.210848,0.694,0.688309,-0.01714,0.02298,-0.034539,0.13085,-0.092796,0.225361,-1.403053,0.02506,0.030164,-0.015437,0.398753,0.610259,0.684528,-0.846572,0.531937,0.018923,-0.352579,-0.587048,0.72874,-0.008341,0.006002,-0.013031,0.176893,-0.222064,0.467993,-0.836989,0.085992,0.039898,-0.032338,0.486622,-0.433318,-0.758573,0.667021,0.745034,0.002309,0.564162,-0.507109,0.651583,-0.000283,0.008115,-0.010636,-0.090887,-0.592458,-0.252379,-0.139959
56,0.168843,0.004195,0.383988,-0.395911,0.466837,-0.790799,-0.745633,-0.666037,-0.019953,-0.535531,0.581162,0.612767,-0.00052,0.017228,-0.020634,0.006638,-0.380128,0.091471,0.05965,-0.205577,-0.02747,0.330227,-0.497563,-0.533392,0.684044,0.840475,-0.491277,0.228436,0.214817,0.689245,0.691851,-0.030925,0.045443,-0.030655,-0.230827,-0.612068,0.763779,-1.403299,0.024676,0.030735,-0.016034,0.420559,0.59869,0.681688,-0.834117,0.550718,0.030932,-0.356899,-0.581617,0.730988,-0.015397,0.023129,-0.014904,-0.25603,-0.700162,0.790101,-0.835029,0.085915,0.040092,-0.032622,0.483185,-0.411598,-0.772734,0.654033,0.756441,0.006042,0.582041,-0.508314,0.6347,-0.000188,0.00314,-0.005892,-0.020299,-0.35304,0.07566,-0.143388
57,0.168695,0.004478,0.383604,-0.394824,0.456118,-0.797569,-0.742102,-0.670078,-0.015908,-0.541205,0.585026,0.604043,-0.000581,0.016133,-0.021314,0.007473,-0.382552,0.089864,0.052384,-0.206037,-0.026669,0.329756,-0.514315,-0.523624,0.679183,0.829461,-0.504699,0.239178,0.218174,0.687019,0.693013,-0.015493,0.036603,-0.020866,3.617756,1.305074,4.339136,-1.4031,0.024446,0.031139,-0.016266,0.436457,0.589215,0.679948,-0.825049,0.563552,0.041245,-0.358885,-0.578993,0.732098,-0.007692,0.01872,-0.009991,3.579645,1.351834,4.370218,-0.838785,0.085841,0.040241,-0.03282,0.480815,-0.400991,-0.779757,0.649868,0.759981,0.009902,0.588631,-0.511501,0.626002,-0.000285,0.007982,-0.010706,0.039001,-0.294517,0.12902,-0.147797
58,0.168297,0.00503,0.382736,-0.389672,0.435469,-0.811522,-0.735712,-0.677197,-0.010185,-0.553518,0.592533,0.585277,-0.013845,0.012647,-0.023114,-0.009133,-0.43358,-0.003765,0.035784,-0.20693,-0.025041,0.328957,-0.556691,-0.509985,0.655746,0.804425,-0.527719,0.27267,0.207676,0.679924,0.703162,-0.029585,0.040953,-0.015717,-0.051572,-0.274491,1.222578,-1.403202,0.024011,0.031941,-0.016657,0.480896,0.57019,0.666049,-0.803526,0.590578,0.074574,-0.350833,-0.571051,0.742169,-0.007438,0.020432,-0.00828,-0.130745,-1.175101,3.534561,-0.845153,0.085647,0.040517,-0.033243,0.473936,-0.381603,-0.793575,0.642385,0.766231,0.015188,0.602267,-0.516979,0.608281,-0.006908,0.006332,-0.011547,-0.009474,-0.572271,0.156982,-0.171474
59,0.167639,0.005671,0.38172,-0.384521,0.41987,-0.82213,-0.736065,-0.676888,-0.001491,-0.556646,0.604043,0.570355,-0.027076,0.022436,-0.032272,0.007198,-0.524918,-0.060362,0.057535,-0.208062,-0.023297,0.328374,-0.619991,-0.478107,0.622107,0.760053,-0.562486,0.325366,0.195132,0.675152,0.711306,-0.02927,0.042328,-0.014386,-0.60105,-0.187234,1.477311,-1.403217,0.023446,0.032819,-0.016942,0.546336,0.532795,0.646254,-0.765627,0.63054,0.127413,-0.339604,-0.564401,0.752409,-0.021905,0.021534,-0.006415,-1.093762,-1.859926,2.411003,-0.846296,0.085313,0.04084,-0.033761,0.467174,-0.367106,-0.804351,0.642488,0.765932,0.023591,0.607418,-0.527807,0.593684,-0.013527,0.011102,-0.016201,0.003215,-0.544337,-0.064643,-0.16233
60,0.166775,0.006282,0.380514,-0.380029,0.400493,-0.833804,-0.733767,-0.679332,0.008074,-0.562731,0.614385,0.553075,-0.027281,0.006767,-0.026462,-0.024365,-0.371608,-0.265937,0.061566,-0.209679,-0.021762,0.32768,-0.660354,-0.447123,0.603329,0.724892,-0.589044,0.357061,0.196554,0.67369,0.7123,-0.044425,0.036955,-0.019012,-0.002528,-0.165887,0.822399,-1.403365,0.022644,0.033598,-0.017279,0.587753,0.495886,0.639251,-0.733718,0.659634,0.162912,-0.340886,-0.564783,0.751542,-0.022296,0.017721,-0.01023,0.005104,-0.151703,0.799018,-0.845153,0.084892,0.041149,-0.034351,0.460559,-0.348384,-0.816402,0.639593,0.768,0.033086,0.615471,-0.537403,0.576534,-0.013674,0.008726,-0.017699,-0.005002,-0.470315,-0.256121,-0.151553
61,0.166241,0.006477,0.379897,-0.377191,0.388095,-0.840925,-0.732126,-0.681004,0.014037,-0.566764,0.620472,0.542052,-0.027364,0.005787,-0.027104,-0.095077,-0.697646,-0.391716,0.070017,-0.210429,-0.021098,0.327262,-0.680775,-0.429628,0.593259,0.704738,-0.604688,0.370988,0.200192,0.671185,0.713651,-0.044671,0.03456,-0.021413,0.029569,-0.238353,0.999904,-1.403421,0.02228,0.033919,-0.017477,0.607701,0.477254,0.634765,-0.715539,0.675796,0.176927,-0.344533,-0.561718,0.752176,-0.022353,0.017069,-0.01089,0.224045,0.052639,1.387707,-0.842867,0.084624,0.041244,-0.034661,0.456933,-0.33786,-0.822837,0.637635,0.769391,0.038173,0.620187,-0.542113,0.566991,-0.013769,0.007313,-0.018603,-0.057093,-0.82867,-0.246424,-0.145348
62,0.165031,0.006615,0.378788,-0.373859,0.370291,-0.850388,-0.729382,-0.683703,0.022888,-0.57248,0.628351,0.526752,-0.040714,0.002746,-0.028741,-0.080079,-0.593361,-0.412294,0.097846,-0.212023,-0.019909,0.326524,-0.709387,-0.421393,0.564968,0.68078,-0.616865,0.394904,0.18298,0.665283,0.723727,-0.044476,0.035136,-0.020886,-0.169385,-0.838433,1.021567,-1.403522,0.021471,0.03452,-0.017861,0.64001,0.463524,0.612806,-0.694249,0.690601,0.2027,-0.329248,-0.55517,0.763793,-0.022062,0.012102,-0.006184,-0.874811,-2.143373,2.234451,-0.849072,0.084024,0.041314,-0.035215,0.451734,-0.320744,-0.832501,0.634209,0.771743,0.046801,0.627466,-0.549122,0.552041,-0.013768,-0.00421,-0.010217,-0.110225,-0.719969,-0.245068,-0.115792
63,0.163606,0.006587,0.377694,-0.370615,0.357728,-0.857159,-0.727417,-0.68559,0.028331,-0.577071,0.633564,0.515377,-0.027907,0.000185,-0.030845,0.037935,-0.195869,0.005445,0.114504,-0.21381,-0.018745,0.326031,-0.737329,-0.414654,0.533291,0.656327,-0.626205,0.420756,0.160398,0.660764,0.733162,-0.043505,0.028023,-0.008701,-0.044983,-0.186381,0.635016,-1.403512,0.020577,0.035099,-0.018118,0.672449,0.452159,0.585972,-0.673341,0.702416,0.230701,-0.307282,-0.549694,0.776797,-0.021928,0.019249,-0.008772,-0.150019,-0.128553,0.606402,-0.846133,0.083307,0.0413,-0.035762,0.446627,-0.306677,-0.840518,0.63158,0.773469,0.053391,0.633742,-0.554701,0.539144,-0.020379,-0.004244,-0.010104,0.017958,-0.139626,-0.000147,-0.083297
64,0.162917,0.006558,0.377183,-0.369167,0.352715,-0.859857,-0.726596,-0.686375,0.03034,-0.579031,0.635527,0.510741,-0.040983,0.001309,-0.029806,0.046285,-0.042911,-0.145947,0.115442,-0.214664,-0.018086,0.325858,-0.755532,-0.409173,0.511605,0.639245,-0.630818,0.439736,0.143743,0.659785,0.737486,-0.043174,0.042774,-0.013402,-0.114994,-0.26541,0.800083,-1.403208,0.020149,0.035418,-0.018207,0.693207,0.443065,0.568468,-0.65918,0.708692,0.251467,-0.291452,-0.549042,0.783331,-0.021555,0.021594,-0.006467,-0.407608,-0.632589,1.251409,-0.84303,0.082952,0.041283,-0.036031,0.444602,-0.301903,-0.843316,0.630558,0.77417,0.055286,0.636179,-0.55634,0.534565,-0.02048,0.000557,-0.014947,0.070506,0.034025,-0.112154,-0.075133
65,0.16147,0.006391,0.376268,-0.366822,0.345207,-0.863897,-0.725315,-0.687597,0.033158,-0.582118,0.638329,0.503687,-0.027822,-0.008033,-0.020459,0.005046,-0.189364,0.015417,0.1109,-0.216285,-0.016214,0.325594,-0.758958,-0.432817,0.48646,0.644303,-0.606402,0.465922,0.094278,0.667581,0.738451,-0.041542,0.052213,-0.004189,-2.854245,-2.577588,-3.367268,-1.403324,0.019337,0.036345,-0.018348,0.703951,0.458722,0.542242,-0.665926,0.691756,0.279313,-0.246972,-0.557715,0.792437,-0.013488,0.026202,-0.002304,-0.329825,0.066451,0.727263,-0.837152,0.082239,0.041199,-0.036483,0.441766,-0.295388,-0.847105,0.629063,0.775206,0.05774,0.639626,-0.55839,0.528277,-0.020441,-0.003708,-0.009832,-0.004326,-0.205269,-0.028386,-0.0735
66,0.159967,0.005932,0.375732,-0.367456,0.344934,-0.863737,-0.724736,-0.688194,0.03343,-0.582438,0.637834,0.503945,-0.040714,-0.01424,-0.008355,0.002088,-0.031929,0.063367,0.111305,-0.217475,-0.014588,0.325525,-0.759805,-0.442205,0.476595,0.647421,-0.580461,0.493807,0.059229,0.684303,0.726694,-0.027408,0.035676,-0.002031,-0.48945,0.547779,0.599973,-1.403449,0.018729,0.037195,-0.018367,0.704713,0.471305,0.530331,-0.678477,0.666254,0.309473,-0.207479,-0.577907,0.789287,-0.013713,0.01779,-0.001045,-0.572826,0.632396,0.633605,-0.83111,0.081492,0.040967,-0.036759,0.442364,-0.295075,-0.846902,0.628368,0.775755,0.05793,0.639896,-0.557793,0.528582,-0.020382,-0.007552,-0.004438,-0.004896,0.072763,-0.138278,-0.074643
67,0.158528,0.005078,0.375708,-0.368282,0.347221,-0.862468,-0.724682,-0.688306,0.03228,-0.581984,0.636469,0.506191,-0.040663,-0.033154,0.011029,0.066009,-0.005421,0.275508,0.11338,-0.217939,-0.014181,0.325918,-0.778084,-0.419265,0.467754,0.625798,-0.580457,0.520941,0.054071,0.698575,0.713395,0.001703,-0.001331,0.017802,-0.265779,0.170051,0.356554,-1.403827,0.018497,0.037398,-0.018177,0.722977,0.445452,0.528086,-0.660793,0.668943,0.340391,-0.201632,-0.595051,0.777983,0.000861,-0.000577,0.009,-0.238731,0.077132,0.537398,-0.833886,0.080773,0.040548,-0.036777,0.443563,-0.297176,-0.845539,0.628293,0.775892,0.056899,0.639139,-0.556485,0.530871,-0.013791,-0.011968,0.000431,0.393481,-0.214671,0.649105,-0.073173
68,0.157892,0.004542,0.375813,-0.36996,0.349422,-0.86086,-0.725006,-0.687966,0.03227,-0.580514,0.635629,0.508927,-0.040726,-0.022307,0.002192,0.054857,0.35836,0.229686,0.115813,-0.217721,-0.014144,0.326332,-0.781696,-0.420898,0.460204,0.621966,-0.578739,0.527402,0.045332,0.699021,0.713567,0.016917,0.003581,0.021912,-0.033171,-0.11681,0.242911,-1.403513,0.018605,0.037406,-0.017973,0.728057,0.445656,0.520887,-0.657708,0.668338,0.347483,-0.193271,-0.595579,0.779699,0.008488,0.002024,0.011188,0.034932,-0.169317,0.214988,-0.836825,0.080455,0.040277,-0.03672,0.444763,-0.297775,-0.844697,0.628617,0.77558,0.057579,0.637985,-0.5566,0.532136,-0.0138,-0.016967,0.005103,0.094568,0.729787,0.158149,-0.07154
69,0.156904,0.003473,0.37604,-0.371621,0.351699,-0.859215,-0.725942,-0.686957,0.032727,-0.578278,0.635462,0.511672,-0.027595,-0.022002,0.002028,-6e-06,0.120999,0.117829,0.118248,-0.216921,-0.013649,0.327338,-0.783709,-0.426298,0.451732,0.620194,-0.574564,0.534013,0.03288,0.6992,0.714074,0.018262,0.013092,0.030961,-0.035376,-0.052463,0.077458,-1.404182,0.018997,0.037643,-0.017487,0.731502,0.450325,0.511967,-0.657351,0.665196,0.354122,-0.181089,-0.595584,0.782614,0.00906,0.012441,0.011673,0.001016,-0.185611,0.236837,-0.839765,0.079956,0.039743,-0.036606,0.447135,-0.301199,-0.842228,0.629759,0.774674,0.057296,0.635195,-0.556019,0.536067,-0.007145,-0.010669,0.001095,0.008843,0.230942,0.018201,-0.066315
70,0.156253,0.002707,0.376171,-0.372581,0.351448,-0.858902,-0.726421,-0.686378,0.034196,-0.577058,0.636225,0.512102,-0.01411,-0.01899,0.003696,-0.037496,0.039725,-0.074099,0.109471,-0.215756,-0.012707,0.328648,-0.774648,-0.454019,0.440201,0.632277,-0.554832,0.540667,-0.000266,0.697719,0.716276,0.047941,0.033157,0.029564,0.005044,-0.115893,0.181831,-1.404421,0.019556,0.038094,-0.016849,0.725903,0.476788,0.495718,-0.67158,0.646923,0.361207,-0.148472,-0.595116,0.789805,0.023974,0.016599,0.014794,-0.073004,-0.229931,0.124689,-0.849562,0.079625,0.039357,-0.036542,0.44797,-0.301023,-0.841847,0.630362,0.774083,0.05864,0.634008,-0.556938,0.536519,-0.007037,-0.004123,-0.002589,-0.002797,0.025081,-0.056329,-0.070397
71,0.155968,0.002399,0.376189,-0.368095,0.352648,-0.860343,-0.726736,-0.686259,0.029578,-0.579537,0.635689,0.509964,-0.014033,-0.017983,0.004361,0.330034,-0.441123,0.737859,0.100401,-0.214853,-0.012099,0.32927,-0.771544,-0.463153,0.436119,0.635944,-0.548452,0.542871,-0.011277,0.696771,0.71711,0.048029,0.035215,0.031257,-0.004506,-0.010553,0.006179,-1.404304,0.02002,0.038411,-0.016519,0.724037,0.485427,0.490029,-0.675896,0.641032,0.36365,-0.137599,-0.594505,0.79223,0.024105,0.01827,0.016237,-0.015737,-0.033922,0.002665,-0.849235,0.079488,0.03921,-0.036535,0.446115,-0.301761,-0.842567,0.630629,0.77401,0.056692,0.635049,-0.556639,0.535598,-0.007067,-0.004336,-0.002737,-0.003534,0.028686,-0.057942,-0.078072
72,0.155547,0.001908,0.376123,-0.355341,0.356165,-0.864248,-0.727541,-0.685847,0.016428,-0.586456,0.634168,0.503912,-0.014123,-0.008323,-0.005284,0.036691,-0.095663,0.180027,0.074939,-0.212975,-0.010948,0.330744,-0.765064,-0.479454,0.429875,0.642959,-0.533944,0.549037,-0.03275,0.697035,0.716193,0.062218,0.024552,0.038649,-0.264606,0.217966,0.198494,-1.404644,0.020956,0.039,-0.015776,0.719154,0.502113,0.480311,-0.685078,0.627885,0.369361,-0.11612,-0.594678,0.795533,0.024206,0.007538,0.024566,-0.500699,0.352268,0.280223,-0.838132,0.079272,0.038958,-0.03656,0.431775,-0.307849,-0.847819,0.632193,0.773724,0.041018,0.643351,-0.553696,0.528694,-0.000445,-0.009626,0.001599,0.077214,-0.098255,0.154644,-0.104035
73,0.15519,0.001535,0.376037,-0.342272,0.360017,-0.867919,-0.728884,-0.684608,0.003402,-0.592541,0.633326,0.497815,-0.000609,-0.016297,0.005157,-0.029378,-0.075718,0.160163,0.051212,-0.210588,-0.010664,0.332351,-0.764786,-0.476086,0.434091,0.643401,-0.531561,0.550829,-0.030538,0.701152,0.712262,0.061081,-0.008059,0.045111,-0.109808,-0.049543,0.150634,-1.403923,0.022152,0.039171,-0.014959,0.718308,0.498111,0.485714,-0.685602,0.625458,0.372493,-0.11825,-0.600571,0.790778,0.030331,0.001199,0.018083,-0.060903,0.013194,-0.006217,-0.844827,0.079089,0.038764,-0.036608,0.419368,-0.3134,-0.852003,0.63423,0.772638,0.027971,0.649524,-0.552096,0.522787,-0.000297,-0.008069,0.002639,-0.033574,-0.071275,0.153127,-0.140449
74,0.15488,0.001295,0.375942,-0.338,0.361587,-0.868939,-0.730303,-0.683102,-0.000243,-0.593249,0.634055,0.49604,-0.013782,-0.004529,-0.002753,0.004153,-0.060271,0.12301,0.056942,-0.208247,-0.010759,0.333985,-0.762198,-0.475681,0.439059,0.646646,-0.53078,0.547773,-0.026567,0.702017,0.711568,0.060775,0.005276,0.03853,0.002731,-0.143132,0.115796,-1.40401,0.023321,0.039105,-0.014151,0.715004,0.498642,0.490025,-0.688353,0.624654,0.368749,-0.122223,-0.600967,0.789872,0.0304,0.002889,0.019457,0.007619,-0.169262,0.1361,-0.848909,0.078939,0.038648,-0.036652,0.415532,-0.315433,-0.853132,0.635935,0.771351,0.024546,0.650322,-0.552736,0.521116,-0.00022,-0.002193,-0.001477,0.005953,-0.087615,0.178308,-0.153839
75,0.154761,0.001254,0.375832,-0.336776,0.362019,-0.869235,-0.730571,-0.682814,-0.001387,-0.593616,0.634119,0.49552,-0.000554,-0.005479,-0.003703,0.0,0.0,0.0,0.06251,-0.207178,-0.01042,0.334554,-0.763639,-0.477117,0.434977,0.644856,-0.532978,0.54775,-0.028551,0.699372,0.714091,0.045555,0.026037,0.021242,0.113647,-0.1952,0.093823,-1.403778,0.023861,0.039271,-0.013857,0.71718,0.499345,0.486112,-0.686401,0.626703,0.368911,-0.120434,-0.598244,0.792211,0.022768,0.013056,0.010615,0.143762,-0.225111,0.076515,-0.852175,0.078874,0.038627,-0.036707,0.414299,-0.316065,-0.853497,0.636318,0.771073,0.023336,0.650733,-0.552764,0.520572,-0.000279,-0.00278,-0.001875,1.5e-05,1.1e-05,1.2e-05,-0.147634
76,0.154642,0.001138,0.375162,-0.323502,0.363046,-0.873836,-0.730436,-0.68283,-0.013337,-0.601129,0.633513,0.487168,-0.001881,-0.00838,-0.021879,0.012475,-0.252762,0.081169,-0.00887,-0.205599,-0.009282,0.334725,-0.785484,-0.438869,0.436349,0.618667,-0.569619,0.541034,0.012093,0.695473,0.718355,0.028379,0.044452,-0.016455,0.900951,0.999106,1.269652,-1.404106,0.024658,0.03985,-0.013742,0.735402,0.462469,0.495282,-0.65858,0.659877,0.36171,-0.159546,-0.592186,0.789848,0.014241,0.016475,-0.004326,2.693203,3.306704,4.349153,-0.853318,0.078818,0.038591,-0.03701,0.401646,-0.319218,-0.858358,0.636719,0.771014,0.0112,0.658231,-0.551031,0.512927,-0.000878,-0.00365,-0.010567,0.083897,-0.499019,0.202847,-0.182088
77,0.154464,0.000805,0.373903,-0.294418,0.362989,-0.884083,-0.729507,-0.682923,-0.037516,-0.61702,0.633445,0.466969,-0.003092,-0.009989,-0.039337,0.123355,-0.440386,0.176401,-0.112373,-0.205187,-0.007328,0.333359,-0.833764,-0.3384,0.43625,0.542834,-0.645957,0.53666,0.101236,0.684678,0.721686,-0.002702,0.062775,-0.053082,0.930061,0.886237,1.210906,-1.404569,0.024875,0.040826,-0.014407,0.777329,0.360676,0.515432,-0.57836,0.732067,0.359965,-0.247501,-0.577917,0.777659,-0.001518,0.030295,-0.027529,2.622287,2.784493,4.359161,-0.854624,0.078729,0.038429,-0.037642,0.37322,-0.322635,-0.869834,0.636701,0.771004,-0.012788,0.674772,-0.549052,0.493176,-0.008164,-0.0045,-0.019172,0.380853,-0.83947,0.62987,-0.278429
78,0.154069,0.000565,0.373123,-0.279541,0.361744,-0.889406,-0.728986,-0.682777,-0.048642,-0.624522,0.634315,0.455679,-0.030235,-0.013163,-0.041061,0.050899,-0.430669,0.154223,-0.11453,-0.205306,-0.006117,0.332041,-0.859458,-0.278752,0.42851,0.49034,-0.686022,0.53747,0.145221,0.672393,0.725714,-0.018519,0.061384,-0.07171,0.304334,-0.166475,0.904158,-1.40488,0.024816,0.041464,-0.015078,0.800605,0.298106,0.519772,-0.52316,0.770676,0.363814,-0.292121,-0.563195,0.772965,-0.009334,0.029572,-0.036863,0.28839,-0.234214,0.952028,-0.860992,0.078541,0.038309,-0.038032,0.358438,-0.323229,-0.87581,0.6366,0.770822,-0.023944,0.682834,-0.548958,0.482059,-0.015123,-0.006885,-0.020727,0.107785,-0.601794,0.251088,-0.305372
79,0.152199,0.000148,0.371231,-0.24458,0.362387,-0.89939,-0.747695,-0.661019,-0.063073,-0.617074,0.65659,0.433748,-0.057949,-0.008541,-0.054004,-0.137385,-0.643751,-0.037572,-0.048871,-0.205941,-0.004462,0.32826,-0.913352,-0.054107,0.40355,0.285833,-0.790795,0.54118,0.290986,0.609699,0.737195,-0.008794,0.02223,-0.108392,3.691644,3.993493,5.59434,-1.403542,0.024503,0.04231,-0.016903,0.843777,0.075759,0.531319,-0.321527,0.86402,0.387413,-0.42972,-0.497724,0.7534,-0.011547,0.009855,-0.054836,3.918404,3.810405,5.499792,-0.858053,0.077594,0.038091,-0.038997,0.324389,-0.329198,-0.886791,0.658565,0.751558,-0.038093,0.679016,-0.571653,0.460595,-0.028983,-0.004711,-0.027283,-0.171628,-0.780959,-0.114383,-0.292799
80,0.149083,-0.000226,0.36902,-0.221066,0.359534,-0.906593,-0.769663,-0.635184,-0.064281,-0.598697,0.683111,0.418267,-0.08608,-0.013642,-0.057685,0.04008,-0.51826,0.067166,0.034396,-0.207005,-0.004291,0.323174,-0.895703,0.20722,0.393406,0.036524,-0.847321,0.529762,0.444238,0.488615,0.750847,-0.040701,-0.007087,-0.13581,2.882664,1.438772,6.98163,-1.402664,0.023981,0.042399,-0.019441,0.811752,-0.183925,0.554283,-0.071123,0.910912,0.406424,-0.579655,-0.369338,0.726353,-0.013374,-0.005645,-0.070185,3.304179,2.778333,4.075686,-0.873892,0.076068,0.037909,-0.040082,0.30098,-0.328694,-0.895192,0.68376,0.728732,-0.037681,0.664741,-0.600756,0.444082,-0.042919,-0.001462,-0.033219,0.047257,-0.579765,-0.129785,-0.235484
81,0.145593,-0.000915,0.366523,-0.192693,0.354902,-0.914855,-0.797263,-0.600106,-0.064934,-0.571824,0.716425,0.399726,-0.087994,-0.012616,-0.074396,-0.040321,-0.305245,0.041312,0.076194,-0.20812,-0.005023,0.318301,-0.883179,0.300066,0.360483,-0.081509,-0.854918,0.512255,0.462999,0.422652,0.779013,-0.024984,-0.032658,-0.107075,0.813125,-0.600836,0.301777,-1.403997,0.023403,0.041979,-0.021977,0.799027,-0.285735,0.529064,0.056487,0.911656,0.407052,-0.598634,-0.29536,0.744579,-0.012422,-0.01651,-0.053685,0.826127,-0.624339,0.288731,-0.888588,0.074324,0.037566,-0.041323,0.272117,-0.326721,-0.905099,0.715607,0.697539,-0.03665,0.643317,-0.637723,0.423616,-0.050858,-0.011987,-0.032847,-0.397536,-0.342059,0.300255,-0.156125
82,0.143792,-0.001412,0.365199,-0.173011,0.348616,-0.921184,-0.81726,-0.572755,-0.06332,-0.549479,0.741457,0.385151,-0.08911,-0.026392,-0.068374,-0.171217,-0.908591,-0.10324,0.08759,-0.208445,-0.005626,0.316314,-0.888156,0.295138,0.352226,-0.085865,-0.859422,0.503939,0.452554,0.41696,0.788163,-0.024122,-0.038165,-0.094459,0.417888,-0.497176,0.099804,-1.40439,0.02324,0.041668,-0.022981,0.805807,-0.281432,0.521027,0.061934,0.915077,0.398493,-0.588929,-0.28884,0.754806,-0.011959,-0.018893,-0.047021,0.360532,-0.462048,0.108305,-0.890221,0.073424,0.037321,-0.041989,0.25278,-0.325495,-0.911127,0.738912,0.672872,-0.035379,0.624588,-0.6643,0.410601,-0.044533,-0.013545,-0.034376,-0.405069,-0.276571,0.142017,-0.133591
83,0.140227,-0.002357,0.362413,-0.139054,0.341784,-0.929459,-0.857622,-0.51079,-0.05958,-0.494957,0.788414,0.365307,-0.089963,-0.015768,-0.078493,-0.033284,-0.388396,0.180627,0.133081,-0.2093,-0.007638,0.313311,-0.857712,0.363324,0.363753,-0.148355,-0.852193,0.501689,0.493336,0.375884,0.784343,-0.02234,-0.062447,-0.06274,0.669863,1.387008,1.825682,-1.404273,0.022812,0.040654,-0.02449,0.7699,-0.345391,0.536617,0.121879,0.904979,0.407622,-0.626417,-0.248426,0.73884,-0.011085,-0.03087,-0.030987,0.642125,1.419402,1.857492,-0.89414,0.07164,0.036834,-0.043385,0.217982,-0.320439,-0.921847,0.786764,0.616604,-0.028295,0.577482,-0.719108,0.386518,-0.045053,-0.013347,-0.034853,-0.390563,-0.251993,0.139167,-0.08493
84,0.136964,-0.003059,0.359339,-0.119089,0.326294,-0.937761,-0.882547,-0.46746,-0.050632,-0.454747,0.821182,0.344807,-0.077488,-0.018019,-0.081598,0.096928,-0.440248,0.131319,0.18327,-0.209789,-0.009511,0.311506,-0.765483,0.494423,0.411792,-0.276258,-0.830406,0.483777,0.582101,0.255943,0.771696,-0.00433,-0.033506,-0.034712,3.262213,5.037824,3.314404,-1.405104,0.022567,0.039699,-0.025412,0.667667,-0.462151,0.58364,0.245555,0.876817,0.413393,-0.702796,-0.132693,0.698906,-0.001969,-0.015511,-0.016063,0.885064,1.485651,1.342964,-0.899039,0.070004,0.036483,-0.044921,0.196656,-0.307832,-0.930894,0.816759,0.576691,-0.018158,0.542429,-0.756746,0.364835,-0.045395,-0.003388,-0.044876,0.128156,-0.314437,-0.060412,-0.002468
85,0.134044,-0.003725,0.355982,-0.099206,0.305752,-0.946952,-0.902426,-0.428569,-0.043891,-0.419139,0.849821,0.319615,-0.06496,-0.02097,-0.085345,-1.498022,-0.559337,0.414192,0.214837,-0.209862,-0.010476,0.310826,-0.696651,0.564453,0.442789,-0.36678,-0.810572,0.456485,0.617446,0.1549,0.771122,-0.001818,-0.02767,-0.009137,3.639903,4.355177,3.444607,-1.404377,0.022531,0.039218,-0.025751,0.589546,-0.525407,0.613499,0.338904,0.850342,0.402569,-0.733197,-0.029416,0.679378,-0.000658,-0.012876,-0.003718,3.633246,4.350919,3.501273,-0.901978,0.06854,0.036151,-0.046598,0.175031,-0.290366,-0.940771,0.840223,0.542129,-0.011002,0.513214,-0.788532,0.338862,-0.039242,-0.009823,-0.041942,-5.167386,-0.906037,1.786195,0.040804
86,0.132712,-0.00404,0.35431,-0.096738,0.294118,-0.950885,-0.912026,-0.40871,-0.033689,-0.398432,0.863608,0.308965,-0.078227,-0.005892,-0.091254,0.038558,-1.01644,-0.153535,0.247513,-0.209851,-0.011035,0.310685,-0.65961,0.594488,0.45988,-0.413802,-0.797922,0.438204,0.628278,0.098003,0.771703,-0.001342,-0.037682,0.000122,3.171182,2.618508,4.057004,-1.404654,0.022539,0.038963,-0.02581,0.550132,-0.549419,0.628881,0.384142,0.83517,0.393603,-0.741477,0.025046,0.670509,0.006505,-0.012737,-0.003838,1.644692,1.77387,-1.203259,-0.899202,0.067877,0.035982,-0.047437,0.171101,-0.281675,-0.94413,0.852858,0.522141,-0.001218,0.493312,-0.805001,0.329568,-0.032398,-0.009258,-0.041978,0.058322,-0.403156,-0.021931,0.077054
87,0.130445,-0.004584,0.350944,-0.10138,0.278108,-0.955208,-0.938262,-0.345883,-0.001177,-0.3306,0.895772,0.297194,-0.0515,-0.018048,-0.084976,-0.744519,0.283471,-2.485346,0.300169,-0.209361,-0.0125,0.311099,-0.5585,0.657292,0.506001,-0.488724,-0.753531,0.439628,0.670946,-0.002582,0.741409,0.014961,-0.038548,0.018283,-0.656926,1.445795,0.957964,-1.405336,0.022778,0.038231,-0.02561,0.438256,-0.604279,0.665415,0.461118,0.786606,0.410634,-0.771557,0.126872,0.623379,0.007507,-0.019039,0.009339,0.714636,3.205018,0.484308,-0.899202,0.066734,0.035715,-0.04912,0.170936,-0.265352,-0.948877,0.885739,0.463211,0.030026,0.431563,-0.84559,0.314212,-0.025384,-0.003029,-0.046287,-0.029636,-0.590605,0.127991,0.166864
88,0.129097,-0.005361,0.347574,-0.094785,0.255415,-0.962198,-0.954656,-0.297281,0.015074,-0.282083,0.91968,0.27321,-0.024371,-0.03023,-0.078677,-5.312485,-0.837972,1.241152,0.302275,-0.208109,-0.013498,0.31195,-0.457572,0.710256,0.534935,-0.552307,-0.698412,0.455095,0.697406,-0.088094,0.711145,0.045667,-0.027408,0.028458,0.549099,1.281217,0.891614,-1.404447,0.023393,0.037727,-0.025188,0.328849,-0.649848,0.68524,0.516734,0.731159,0.445413,-0.79047,0.207613,0.57624,0.015488,-0.00722,0.011398,2.798735,2.970184,3.815624,-0.899856,0.06605,0.03533,-0.050809,0.165757,-0.242255,-0.955947,0.905002,0.422472,0.049861,0.391782,-0.8734,0.289269,-0.01195,-0.009877,-0.043764,0.036984,-1.077034,-0.151867,0.196909
89,0.128586,-0.005782,0.346017,-0.09797,0.242981,-0.965095,-0.957466,-0.287431,0.024775,-0.271264,0.926172,0.262009,-0.023662,-0.025627,-0.07536,-0.116919,-0.517237,-0.296398,0.300045,-0.207208,-0.013938,0.312468,-0.427507,0.717506,0.549922,-0.574495,-0.685215,0.447627,0.698519,-0.125456,0.704411,0.045403,-0.015584,0.020981,0.859175,1.31481,0.417731,-1.404675,0.023845,0.037512,-0.024917,0.297052,-0.654042,0.695693,0.539658,0.716055,0.442757,-0.787736,0.243914,0.565664,0.022967,-0.012966,0.01478,3.162811,3.404853,2.84385,-0.898549,0.065793,0.035111,-0.051594,0.166032,-0.228392,-0.959306,0.911033,0.407858,0.060574,0.377427,-0.884018,0.27579,-0.011494,-0.007001,-0.041619,-0.463048,-0.63318,-0.193042,0.200339
90,0.127885,-0.006601,0.343297,-0.124177,0.219819,-0.967628,-0.956501,-0.285906,0.057744,-0.263811,0.932437,0.246966,-0.008494,-0.028186,-0.06048,-0.490433,0.914061,-2.519212,0.311493,-0.205528,-0.014619,0.313286,-0.377912,0.732372,0.566396,-0.609613,-0.657172,0.443204,0.697278,-0.1787,0.694069,0.04491,-0.005394,0.011743,2.865649,2.678796,3.691402,-1.405577,0.024703,0.037175,-0.02449,0.245213,-0.664102,0.706284,0.573758,0.686652,0.446441,-0.781455,0.295763,0.54941,0.022482,-0.002596,0.005857,2.829098,2.696547,3.724271,-0.905897,0.065436,0.034698,-0.052964,0.18644,-0.201536,-0.961572,0.909213,0.406229,0.091147,0.37225,-0.891268,0.258976,-0.003871,-0.008047,-0.033969,0.060105,-0.426877,-0.314391,0.199359
91,0.12788,-0.007493,0.341312,-0.149376,0.206219,-0.967061,-0.959408,-0.266802,0.091245,-0.239019,0.94118,0.238907,0.008106,-0.024417,-0.039557,-0.021705,-0.418663,-0.311253,0.367371,-0.204194,-0.014529,0.313676,-0.349425,0.741082,0.573316,-0.623766,-0.640479,0.447925,0.699577,-0.202019,0.685305,0.0155,0.007996,0.007502,-0.383455,0.521022,-0.046447,-1.405612,0.025353,0.037214,-0.0243,0.215536,-0.671618,0.708853,0.588131,0.668767,0.454808,-0.779515,0.318871,0.539143,0.007753,0.004101,0.003849,-0.504623,0.648488,0.028551,-0.907857,0.065422,0.034248,-0.053959,0.211997,-0.18663,-0.959283,0.913069,0.387736,0.126349,0.348368,-0.902678,0.252605,0.004113,-0.012068,-0.019657,-0.08167,-0.683809,-0.521113,0.25798
92,0.12811,-0.007938,0.340689,-0.15719,0.20466,-0.966153,-0.96113,-0.256518,0.10198,-0.226777,0.944376,0.238231,0.02335,-0.019705,-0.035413,0.003706,-0.121312,-0.293994,0.375534,-0.203907,-0.014277,0.313745,-0.319935,0.748986,0.580217,-0.637124,-0.62324,0.453408,0.701605,-0.225539,0.675829,0.01494,0.017977,-0.00188,0.601882,1.276796,1.102963,-1.405666,0.025508,0.037343,-0.024256,0.184798,-0.676668,0.71272,0.597447,0.653167,0.465218,-0.780324,0.339841,0.524977,0.007694,0.003371,0.002941,2.700809,3.06512,3.921446,-0.91047,0.065544,0.034008,-0.054299,0.21986,-0.182591,-0.95829,0.915512,0.377862,0.138048,0.336895,-0.907678,0.250241,0.011832,-0.009137,-0.017085,0.019869,-0.072692,-0.258865,0.287209
93,0.129118,-0.008746,0.339938,-0.162527,0.202701,-0.965682,-0.962909,-0.24618,0.110331,-0.215173,0.947546,0.236397,0.040089,-0.016069,-0.013985,-0.01575,-0.034343,-0.16696,0.374885,-0.203704,-0.013991,0.313853,-0.221701,0.76,0.610934,-0.666724,-0.575235,0.473832,0.711813,-0.303218,0.633438,0.00045,0.004062,0.004217,2.685569,4.109996,3.357091,-1.405521,0.025615,0.037493,-0.024203,0.086391,-0.679373,0.728689,0.618933,0.609748,0.495104,-0.780677,0.408238,0.473163,0.007379,0.001314,0.000977,-0.38161,3.027845,-1.573072,-0.909,0.066047,0.0336,-0.054678,0.224754,-0.180345,-0.95758,0.918286,0.367918,0.14624,0.325937,-0.912201,0.248299,0.02021,-0.007205,-0.006273,-0.009433,-0.011097,-0.154419,0.305988
94,0.130015,-0.009095,0.339783,-0.171807,0.20533,-0.963518,-0.961591,-0.247449,0.118676,-0.213848,0.946646,0.241158,0.013881,-0.011304,0.008272,-0.042753,0.181828,-0.308884,0.411522,-0.202984,-0.013823,0.314015,-0.121521,0.762476,0.635496,-0.700201,-0.519534,0.48963,0.703636,-0.386419,0.596188,0.029639,0.004602,0.003075,-0.093055,0.802051,0.315527,-1.405717,0.025958,0.037572,-0.024126,-0.021027,-0.675231,0.737305,0.647991,0.552397,0.52437,-0.761357,0.488794,0.425928,0.014848,0.002572,0.001602,2.959058,3.542705,3.270905,-0.909816,0.066491,0.033432,-0.054757,0.233909,-0.182009,-0.955069,0.91653,0.369071,0.154135,0.324435,-0.911404,0.253146,0.007145,-0.000208,-0.000145,-0.003796,0.085492,-0.142176,0.323623
95,0.130323,-0.009331,0.340149,-0.171277,0.208221,-0.962992,-0.961697,-0.247618,0.117451,-0.213793,0.945967,0.243858,0.000329,-0.006891,0.012106,-0.039542,0.114628,-0.18923,0.474831,-0.202012,-0.013827,0.313804,-0.052728,0.7515,0.657617,-0.717409,-0.486484,0.498588,0.694667,-0.446419,0.563925,0.013949,-0.005886,-0.006965,-0.427467,0.890569,-0.036868,-1.405727,0.026456,0.037589,-0.024213,-0.092042,-0.658674,0.746777,0.66294,0.519057,0.539528,-0.742993,0.544728,0.388886,0.014139,-0.004069,-0.005066,-0.371157,1.334309,0.109613,-0.912592,0.066654,0.033325,-0.054557,0.233866,-0.185149,-0.954476,0.916652,0.369252,0.15297,0.32412,-0.910698,0.256073,0.000227,-0.003083,0.006369,-0.045914,0.105824,-0.205712,0.405595
96,0.130447,-0.009514,0.340439,-0.161909,0.205665,-0.965159,-0.962937,-0.246704,0.108911,-0.215516,0.946768,0.239189,4.7e-05,-0.017181,0.021176,-0.032363,-0.094277,0.177304,0.496166,-0.201578,-0.013962,0.313504,-0.018332,0.741984,0.670161,-0.727504,-0.469575,0.500171,0.685824,-0.479292,0.54753,0.013371,-0.011574,-0.012897,-0.23855,0.823704,-0.39656,-1.405959,0.026664,0.037527,-0.024349,-0.128033,-0.646565,0.752037,0.670858,0.50202,0.545825,-0.73045,0.574393,0.369478,0.013937,-0.006129,-0.007248,0.680509,1.673455,0.562595,-0.915041,0.066711,0.033247,-0.054422,0.22503,-0.18379,-0.95686,0.918211,0.368536,0.145154,0.325959,-0.911264,0.25169,0.000275,-0.002818,0.006608,0.385776,-1.362222,2.325677,0.442009
97,0.130656,-0.009509,0.340745,-0.152097,0.203013,-0.967314,-0.964173,-0.245649,0.099994,-0.217138,0.947617,0.234308,0.015396,0.014586,-0.005145,0.035255,-0.026353,0.041164,0.515137,-0.200432,-0.014258,0.31278,0.041874,0.721601,0.691036,-0.742,-0.440599,0.505216,0.668973,-0.534792,0.516077,0.027904,-0.012682,-0.015021,0.698341,1.626993,0.684765,-1.405618,0.02724,0.037368,-0.02473,-0.187385,-0.62089,0.761171,0.68285,0.474698,0.555316,-0.706117,0.623824,0.335024,0.021242,-0.006133,-0.007995,3.222539,3.716276,2.845432,-0.915042,0.066816,0.033238,-0.054251,0.214529,-0.182336,-0.959546,0.920028,0.367548,0.135851,0.327909,-0.911954,0.246604,0.000564,0.003165,0.002816,-0.002889,-0.003204,0.006487,0.493772
98,0.130918,-0.009044,0.340613,-0.157632,0.18928,-0.969211,-0.95619,-0.274397,0.101871,-0.246479,0.942575,0.225449,0.014821,0.01148,-0.007915,0.019532,-0.294928,0.12575,0.518025,-0.199382,-0.014549,0.312334,0.100233,0.700333,0.706737,-0.751344,-0.412248,0.515235,0.652053,-0.583507,0.483951,0.013639,0.006162,-0.014273,0.458281,0.012013,2.861828,-1.405701,0.027758,0.037204,-0.024965,-0.242314,-0.594092,0.767032,0.688438,0.45178,0.567404,-0.68362,0.665544,0.299523,0.007078,-0.002372,-0.002922,-0.601577,1.015001,-0.030638,-0.909,0.066948,0.033478,-0.05431,0.218467,-0.167939,-0.961284,0.908336,0.395019,0.137423,0.356647,-0.903192,0.238843,0.007453,0.005992,-0.003745,0.042725,-0.290673,-0.073841,0.509774
99,0.131038,-0.008898,0.340457,-0.159221,0.182434,-0.970263,-0.954281,-0.280239,0.103852,-0.252769,0.942215,0.219923,0.014147,0.007721,-0.011257,0.017465,-0.272921,0.105405,0.517139,-0.199021,-0.014569,0.312305,0.124156,0.691459,0.711661,-0.75602,-0.398472,0.519217,0.642431,-0.603343,0.472359,0.014612,9.9e-05,-0.000805,0.080632,0.758041,0.134682,-1.405647,0.027949,0.03719,-0.024992,-0.271842,-0.584446,0.764541,0.691798,0.433582,0.577426,-0.668966,0.685877,0.286453,0.00735,0.000474,1.9e-05,0.894428,1.483105,0.549234,-0.912919,0.067009,0.033558,-0.054382,0.219251,-0.160439,-0.962386,0.905589,0.400546,0.139537,0.363092,-0.90212,0.233112,0.000114,0.005004,-0.004669,0.021596,-0.163106,-0.067367,0.512877
100,0.131282,-0.008466,0.340022,-0.175577,0.160246,-0.97136,-0.945131,-0.303528,0.120708,-0.275281,0.939058,0.205956,0.01426,0.008415,-0.010638,-0.055039,-0.515961,-0.455139,0.511309,-0.198205,-0.014736,0.312495,0.160079,0.675824,0.719464,-0.757386,-0.383203,0.528635,0.632756,-0.630365,0.449582,0.015232,-0.009687,0.008753,-0.511624,0.761826,0.085514,-1.405226,0.028363,0.037114,-0.024889,-0.305946,-0.566771,0.764961,0.692267,0.419154,0.58743,-0.653576,0.70928,0.264119,0.007626,-0.004788,0.004439,-0.447455,0.693601,0.031796,-0.915695,0.067135,0.03377,-0.054609,0.232437,-0.137713,-0.962812,0.892953,0.422573,0.155131,0.385495,-0.895805,0.221193,0.007123,0.004124,-0.005408,-0.088206,-0.644003,-0.514498,0.508958
101,0.131648,-0.007633,0.33929,-0.188745,0.14061,-0.971931,-0.940396,-0.310965,0.137579,-0.282665,0.939794,0.192133,0.015037,0.030437,-0.027454,0.017732,-0.532402,-0.414305,0.514645,-0.196828,-0.015102,0.312706,0.174962,0.664885,0.726159,-0.757014,-0.380603,0.531041,0.629232,-0.64344,0.435793,0.044463,-0.009626,0.006911,-0.16884,0.22059,0.03714,-1.404768,0.029035,0.036936,-0.024784,-0.322059,-0.554047,0.767664,0.690654,0.417099,0.590784,-0.647514,0.720458,0.248324,0.021935,0.000294,-0.001122,-0.167584,0.257683,0.053219,-0.917328,0.067318,0.034186,-0.054977,0.242989,-0.116097,-0.963056,0.886642,0.429297,0.171957,0.393473,-0.89567,0.207251,0.007524,0.015176,-0.013775,-0.004759,-0.613981,-0.45473,0.507978
102,0.131838,-0.007122,0.338763,-0.192,0.127828,-0.973058,-0.937322,-0.317652,0.143166,-0.290562,0.939399,0.182019,0.014483,0.027363,-0.030174,0.006427,-0.720948,-0.327356,0.513865,-0.196121,-0.015216,0.312763,0.185177,0.657683,0.730174,-0.764304,-0.370518,0.527722,0.617376,-0.656602,0.43311,0.029776,-0.010649,0.00676,0.317111,0.352359,0.089427,-1.404778,0.029395,0.036882,-0.024752,-0.332178,-0.545995,0.76912,0.697461,0.406767,0.58999,-0.634984,0.732413,0.245691,0.021933,0.000314,-0.001133,1.229348,0.913815,0.663324,-0.914388,0.067408,0.034436,-0.055225,0.244548,-0.10416,-0.964025,0.882615,0.435567,0.176835,0.401479,-0.894109,0.19845,0.000281,0.014648,-0.014281,0.002721,-0.675681,-0.535321,0.508958
103,0.132195,-0.006085,0.337422,-0.202107,0.101531,-0.974109,-0.92826,-0.336933,0.157421,-0.311983,0.935918,0.163558,-0.000374,0.024176,-0.033075,0.026197,-0.431996,-0.432672,0.513371,-0.194851,-0.015688,0.313003,0.225335,0.638664,0.735747,-0.774975,-0.340026,0.532663,0.590076,-0.690994,0.417374,0.030251,-0.022903,0.013714,-0.05174,0.804326,0.358644,-1.404366,0.030041,0.036644,-0.024628,-0.370758,-0.525115,0.766023,0.706028,0.376497,0.599812,-0.603375,0.763219,0.231157,0.015123,-0.011505,0.006796,-0.136248,0.892909,0.426722,-0.915531,0.067592,0.034957,-0.055893,0.251225,-0.075389,-0.964987,0.870536,0.453436,0.191211,0.423145,-0.888094,0.179543,0.006813,0.011177,-0.01732,0.000615,-0.696136,-0.31197,0.508794
104,0.132467,-0.005193,0.335896,-0.209948,0.067371,-0.975412,-0.916621,-0.360667,0.172329,-0.339935,0.93018,0.138691,-0.001451,0.018027,-0.038581,5.386741,-1.691297,-1.183613,0.510505,-0.193572,-0.016534,0.313683,0.237867,0.607257,0.758056,-0.779588,-0.346021,0.521963,0.578964,-0.715869,0.390122,0.016123,-0.017456,0.020384,-0.122446,0.153891,-0.112923,-1.404515,0.03068,0.036212,-0.024297,-0.386011,-0.489659,0.781811,0.711716,0.38111,0.590097,-0.586903,0.784212,0.201386,0.008074,-0.008552,0.010365,-0.057298,0.073847,-0.151051,-0.9219,0.067729,0.035409,-0.05665,0.254485,-0.042654,-0.966134,0.858216,0.470446,0.205289,0.445758,-0.881396,0.156328,0.006499,0.013746,-0.024134,-0.034172,-1.054843,-0.5356,0.507651
