frame,MLTx,MLTy,MLTz,MLTR1,MLTR2,MLTR3,MLTR4,MLTR5,MLTR6,MLTR7,MLTR8,MLTR9,MLTTVx,MLTTVy,MLTTVz,MLTRVx,MLTRVy,MLTRVz,MLGA,MRTx,MRTy,MRTz,MRTR1,MRTR2,MRTR3,MRTR4,MRTR5,MRTR6,MRTR7,MRTR8,MRTR9,MRTTVx,MRTTVy,MRTTVz,MRTRVx,MRTRVy,MRTRVz,MRGA,SLTx,SLTy,SLTz,SLTR1,SLTR2,SLTR3,SLTR4,SLTR5,SLTR6,SLTR7,SLTR8,SLTR9,SLTTVx,SLTTVy,SLTTVz,SLTRVx,SLTRVy,SLTRVz,SLGA,SRTx,SRTy,SRTz,SRTR1,SRTR2,SRTR3,SRTR4,SRTR5,SRTR6,SRTR7,SRTR8,SRTR9,SRTTVx,SRTTVy,SRTTVz,SRTRVx,SRTRVy,SRTRVz,SRGA
418,0.158705,-0.046002,0.323776,-0.417482,-0.167992,-0.893047,0.162372,-0.980729,0.108521,-0.893551,-0.099499,0.437828,0.015744,0.00269,0.002921,0.039573,0.216681,0.147805,-0.430296,-0.154702,-0.041998,0.311395,-0.281083,0.747863,0.601402,-0.642579,-0.61202,0.46093,0.713127,-0.257816,0.6518,5.8e-05,-0.001941,-0.00231,-0.001811,0.013785,-0.025241,-1.400098,0.050471,0.022509,-0.014248,0.250954,-0.76103,0.59821,0.669429,0.582826,0.460628,-0.699204,0.284863,0.655718,1.9e-05,-0.000583,-0.000693,-6e-06,1e-05,-1.6e-05,-0.97252,0.077817,0.019536,-0.056269,0.422675,0.18873,-0.886411,-0.209501,0.971931,0.10704,0.881733,0.140461,0.450351,0.007884,0.001406,0.001534,0.09401,0.43434,0.251003,-0.193029
419,0.158994,-0.045756,0.324005,-0.42604,-0.175998,-0.887446,0.162581,-0.979814,0.116206,-0.889456,-0.094562,0.447161,0.000743,0.007471,0.00845,0.003442,0.192116,0.052076,-1.115933,-0.154725,-0.042051,0.311302,-0.278982,0.748011,0.602196,-0.641541,-0.6117,0.462798,0.714883,-0.258149,0.649741,6.5e-05,-0.002176,-0.002592,-0.048251,0.060127,0.003461,-1.338908,0.050459,0.022482,-0.014296,0.248723,-0.761082,0.599074,0.668234,0.582572,0.462679,-0.701141,0.285243,0.653481,2e-05,-0.000611,-0.000727,-0.037333,0.042,0.027608,-0.965662,0.077967,0.019655,-0.056158,0.431647,0.196809,-0.88031,-0.209705,0.971063,0.114272,0.877327,0.13528,0.460429,0.008086,0.003592,0.003992,-0.049792,0.321758,-0.04452,-0.491197
420,0.159355,-0.045339,0.324395,-0.434963,-0.176938,-0.882919,0.162896,-0.979781,0.11604,-0.885061,-0.093138,0.456092,0.001034,0.02186,0.003796,0.052738,0.19613,-0.065684,-1.886273,-0.154724,-0.042097,0.311215,-0.279058,0.747778,0.602451,-0.641476,-0.611924,0.462592,0.714912,-0.258296,0.649652,3.6e-05,-0.001195,-0.001425,-1.2e-05,1.2e-05,7e-06,-1.106116,0.05046,0.022456,-0.014343,0.24892,-0.760851,0.599285,0.668322,0.582776,0.462295,-0.700987,0.285441,0.653559,2.3e-05,-0.000704,-0.000835,0.001384,-0.001176,-0.00066,-0.865564,0.078147,0.019858,-0.055962,0.440817,0.197841,-0.875522,-0.20988,0.971085,0.113763,0.872714,0.133606,0.469594,0.008293,0.005867,0.006533,0.013962,0.180218,-0.025374,-0.788549
421,0.159576,-0.044991,0.324612,-0.439987,-0.172216,-0.881362,0.151959,-0.981557,0.115874,-0.884517,-0.082741,0.459142,0.016723,0.013281,0.014764,0.007948,0.114781,-0.062799,-1.915607,-0.154724,-0.042123,0.311168,-0.287885,0.744444,0.602426,-0.634214,-0.619447,0.462592,0.717898,-0.249817,0.649675,5.7e-05,-0.001911,-0.002279,-0.00203,0.013621,-0.025475,-0.947702,0.05046,0.022445,-0.014364,0.257905,-0.757907,0.599217,0.661376,0.590602,0.462352,-0.704319,0.277066,0.653581,1.2e-05,-0.000425,-0.000502,-9.3e-05,-0.000507,-0.00117,-0.790287,0.078251,0.020025,-0.055861,0.446093,0.193213,-0.873881,-0.198909,0.973402,0.113679,0.872602,0.123112,0.472659,0.008343,0.006477,0.007198,-0.000181,0.105187,-0.064271,-0.928816
422,0.160121,-0.044217,0.324974,-0.450074,-0.157595,-0.879001,0.123515,-0.985823,0.113443,-0.88386,-0.057324,0.464255,0.016585,0.023861,0.005758,0.068028,0.283429,0.017968,-1.919697,-0.154781,-0.042179,0.311076,-0.314212,0.733513,0.602678,-0.611737,-0.641803,0.462387,0.726353,-0.224303,0.649587,7.8e-05,-0.002644,-0.003155,-0.00254,0.013231,-0.026023,-0.613625,0.050431,0.022419,-0.014408,0.284718,-0.748094,0.599408,0.639817,0.613928,0.462304,-0.71384,0.251886,0.65344,2.3e-05,-0.00092,-0.00109,-0.001485,-0.001291,-0.002629,-0.635488,0.078525,0.020422,-0.055668,0.455882,0.179458,-0.871759,-0.170633,0.978915,0.112285,0.873529,0.097563,0.476891,0.008398,0.007299,0.008069,0.067406,0.31855,0.263285,-0.960004
423,0.160862,-0.043279,0.32525,-0.458117,-0.147802,-0.876544,0.089605,-0.988729,0.119827,-0.883808,-0.023472,0.467291,0.016556,0.02436,0.006204,-4.808352,0.612181,2.676656,-1.920606,-0.154863,-0.042237,0.310952,-0.336319,0.727125,0.598473,-0.592754,-0.657165,0.465521,0.732201,-0.199086,0.651236,6.1e-05,-0.00209,-0.002497,-0.008041,-0.006263,-0.008734,-0.36736,0.05039,0.022388,-0.014473,0.307081,-0.742656,0.595115,0.621486,0.630067,0.465585,-0.720732,0.226884,0.655033,3.2e-05,-0.0012,-0.001424,-0.026095,-0.002322,-0.058857,-0.531962,0.078895,0.020893,-0.055528,0.46403,0.172598,-0.868841,-0.142684,0.982589,0.118989,0.874252,0.068755,0.480578,0.008274,0.01212,0.003035,0.027609,0.055414,-0.115878,-0.970781
424,0.161706,-0.042221,0.325282,-0.46544,-0.145532,-0.873059,0.068131,-0.989348,0.128534,-0.881889,0.000516,0.471486,0.016066,0.031548,-0.006542,-0.017137,0.066401,-0.106284,-1.920951,-0.154947,-0.042126,0.31077,-0.367082,0.717573,0.591887,-0.566001,-0.677167,0.470128,0.73861,-0.163325,0.653944,1e-05,-0.000333,-0.000398,-0.088325,-0.070163,-0.09757,-0.12794,0.050349,0.022436,-0.014564,0.337851,-0.734569,0.588442,0.595898,0.650881,0.470381,-0.728533,0.191733,0.657629,1.1e-05,-0.000168,-0.000202,-0.989392,-0.780934,-1.10028,-0.4495,0.079318,0.021425,-0.055502,0.472301,0.167775,-0.865322,-0.115523,0.985031,0.127932,0.873833,0.039543,0.484613,0.008101,0.010566,0.00127,-0.297398,0.473444,-0.807959,-0.985151
425,0.162131,-0.041731,0.325183,-0.470168,-0.141921,-0.871117,0.051847,-0.989718,0.133199,-0.880483,0.017631,0.473779,0.015955,0.018981,0.000146,-5.782285,2.10579,0.303759,-1.921567,-0.155004,-0.042017,0.310681,-0.378661,0.716594,0.585747,-0.553966,-0.682375,0.476886,0.741899,-0.144797,0.654586,0.0,-6e-06,-7e-06,-0.683256,-1.834738,1.951138,-0.041524,0.05032,0.022495,-0.014611,0.3494,-0.732205,0.584632,0.583403,0.658257,0.475748,-0.733184,0.174849,0.657166,-0.000532,0.005424,-0.004246,0.029899,0.00139,0.013131,-0.338952,0.079531,0.021675,-0.055553,0.475217,0.164768,-0.864302,-0.104967,0.98591,0.130237,0.873584,0.028832,0.485816,0.015559,0.014456,-0.004843,0.078584,-0.070023,0.127183,-0.985151
426,0.163015,-0.040707,0.32474,-0.478466,-0.140973,-0.866742,0.031965,-0.989166,0.143178,-0.876945,0.040968,0.478871,0.030667,0.024978,-0.014049,0.069846,-0.049962,0.092029,-1.921446,-0.155263,-0.041882,0.3105,-0.411281,0.703737,0.579305,-0.521668,-0.702802,0.483597,0.747968,-0.104186,0.655403,-0.000995,0.008696,-0.011091,-0.254044,-0.247348,-0.305724,0.064053,0.050191,0.022564,-0.014692,0.38245,-0.722629,0.575794,0.552632,0.678318,0.484233,-0.740492,0.133008,0.658771,-0.007664,-0.001795,-0.001238,-0.958526,-0.78468,-1.162085,-0.175499,0.079961,0.022172,-0.055759,0.485503,0.163963,-0.858721,-0.079545,0.986465,0.143382,0.870608,-0.001305,0.491974,0.015342,0.012455,-0.007066,0.034828,0.059791,-0.101455,-0.986131
427,0.163965,-0.039672,0.324061,-0.495668,-0.14685,-0.856034,0.002924,-0.985875,0.167369,-0.867908,0.080633,0.490165,0.030427,0.023083,-0.016163,-0.150268,0.185252,-0.204334,-1.920738,-0.155782,-0.042081,0.310243,-0.440557,0.686963,0.577912,-0.486714,-0.72361,0.489318,0.754869,-0.06656,0.652385,-0.03065,-0.009167,-0.00739,-0.288745,-0.286727,-0.229286,0.133276,0.049948,0.022479,-0.014814,0.411424,-0.707622,0.574456,0.519412,0.699942,0.490195,-0.748959,0.096702,0.65552,0.000189,-0.003646,-0.004454,-3.18129,-2.698143,-3.625437,-0.063808,0.080442,0.022702,-0.056109,0.502135,0.170471,-0.847819,-0.050918,0.984505,0.167797,0.863288,-0.041087,0.503035,0.007566,0.017155,-0.012062,-0.650827,0.547017,-0.535463,-0.995112
428,0.164523,-0.039083,0.323636,-0.506935,-0.14901,-0.849034,-0.01598,-0.98315,0.182027,-0.861224,0.106022,0.497071,0.030281,0.03404,-0.024663,0.059172,0.160606,-0.287948,-1.920331,-0.15609,-0.042254,0.310072,-0.446663,0.682412,0.578618,-0.477163,-0.728662,0.491225,0.757384,-0.057532,0.650325,-0.015196,-0.010135,-0.010369,-0.030728,0.06659,-0.065341,0.150222,0.049782,0.02239,-0.014901,0.41895,-0.702676,0.575088,0.508855,0.706242,0.492227,-0.752028,0.086418,0.65344,-0.007608,-0.004726,-0.004757,-0.00137,0.034552,-0.049762,-0.024291,0.08072,0.022989,-0.056321,0.513229,0.173071,-0.840619,-0.03191,0.982626,0.182826,0.857657,-0.067007,0.509835,0.015233,0.011852,-0.007753,-0.057539,0.155744,-0.229891,-0.995602
429,0.165763,-0.03771,0.322706,-0.533365,-0.147395,-0.832972,-0.056619,-0.976273,0.208943,-0.843345,0.158781,0.513405,0.030305,0.035832,-0.022735,-0.020045,0.311125,-0.299811,-1.920014,-0.15683,-0.042763,0.309564,-0.458831,0.673017,0.580098,-0.463214,-0.738228,0.490293,0.758785,-0.044585,0.649709,-0.030592,-0.015418,-0.015019,-0.007716,0.058082,-0.108916,0.152838,0.049418,0.022138,-0.015152,0.431685,-0.693794,0.576452,0.495555,0.716397,0.491121,-0.753705,0.073654,0.653071,-0.007568,-0.007263,-0.007848,-0.003657,0.042811,-0.079238,0.008203,0.08134,0.023671,-0.056791,0.539519,0.172453,-0.824122,0.008438,0.977642,0.210102,0.84193,-0.120308,0.526001,0.022734,0.02353,-0.015598,-0.276136,0.32936,-0.034733,-0.998378
430,0.166945,-0.03618,0.321777,-0.576584,-0.12483,-0.807473,-0.106756,-0.968279,0.225854,-0.80934,0.216576,0.545977,0.030247,0.036773,-0.021741,-0.169845,1.183961,0.077505,-1.919998,-0.157524,-0.043415,0.308858,-0.468905,0.664533,0.581821,-0.453839,-0.746299,0.486828,0.758303,-0.036604,0.650769,-0.01514,-0.017645,-0.019637,0.193457,-0.158054,-0.204441,0.155061,0.049065,0.021811,-0.015505,0.441299,-0.686053,0.578433,0.486249,0.724576,0.488417,-0.754199,0.065725,0.653347,-0.007557,-0.00914,-0.010183,0.338816,-0.262244,-0.29307,0.012122,0.081931,0.024437,-0.057255,0.582052,0.153085,-0.79861,0.057735,0.971859,0.228374,0.811098,-0.179034,0.556835,0.007608,0.019093,-0.009962,-1.052311,1.786526,0.833909,-1.003603
431,0.167712,-0.034502,0.320758,-0.640509,-0.059025,-0.765709,-0.179732,-0.957832,0.224109,-0.745856,0.281234,0.603849,0.014795,0.046994,-0.030725,-0.784497,2.129206,1.190662,-1.919194,-0.158068,-0.044121,0.308063,-0.492369,0.647349,0.581811,-0.432379,-0.76196,0.482079,0.755997,-0.015008,0.654299,-0.015197,-0.018187,-0.020461,0.273178,-0.370363,-0.11878,0.160229,0.048793,0.021454,-0.015908,0.465136,-0.669961,0.578619,0.465288,0.741086,0.484043,-0.753097,0.044079,0.65643,0.000169,-0.00894,-0.010916,0.413105,-0.512427,-0.42515,0.02143,0.08232,0.025275,-0.057758,0.648037,0.091623,-0.756077,0.12943,0.965047,0.227881,0.75053,-0.245535,0.613528,0.007411,0.023761,-0.01505,-3.707078,3.333334,3.52255,-1.014707
432,0.167887,-0.033516,0.320115,-0.673982,-0.024037,-0.738387,-0.205782,-0.953807,0.21881,-0.708704,0.299444,0.638826,-0.000346,0.047169,-0.030216,-3.543399,3.285131,3.407491,-1.919692,-0.158259,-0.044484,0.307641,-0.501972,0.640367,0.581331,-0.424019,-0.767948,0.479997,0.754425,-0.006347,0.656251,-0.015218,-0.018754,-0.021243,-0.091917,-0.40152,-0.53371,0.157577,0.048698,0.021272,-0.016119,0.475238,-0.663512,0.57784,0.45785,0.747312,0.481556,-0.751345,0.03571,0.65894,0.000177,-0.009196,-0.011287,-0.644086,-1.163853,-1.181495,0.022573,0.082413,0.025768,-0.05808,0.682679,0.060485,-0.72821,0.151947,0.963033,0.222436,0.714745,-0.262502,0.648252,0.007354,0.029119,-0.01944,0.617808,2.279927,0.101936,-1.013237
433,0.167825,-0.031347,0.31867,-0.739532,0.047331,-0.671488,-0.245653,-0.947705,0.203667,-0.625818,0.315507,0.713326,-0.015536,0.058538,-0.037884,-0.380891,2.832304,0.873418,-1.919827,-0.158398,-0.045181,0.306799,-0.522956,0.627432,0.576921,-0.414937,-0.778542,0.47078,0.745185,0.00603,0.666728,0.000281,-0.016939,-0.020968,0.281245,-0.343202,-0.047376,0.144289,0.048622,0.02092,-0.016543,0.497311,-0.65104,0.573434,0.448926,0.758704,0.472052,-0.742392,0.022673,0.669581,0.00066,-0.014068,-0.006431,0.338639,-0.331726,-0.292907,0.013265,0.082383,0.026868,-0.058816,0.751772,-0.011822,-0.659315,0.197349,0.958046,0.207846,0.629198,-0.286368,0.722566,-0.007724,0.029217,-0.018997,-0.332777,2.952144,0.925565,-1.02826
434,0.167573,-0.029103,0.317221,-0.790711,0.126824,-0.598947,-0.291955,-0.938013,0.186722,-0.53716,0.322345,0.779474,-0.015328,0.060515,-0.035694,0.732235,2.339074,-0.450082,-1.919279,-0.158316,-0.04585,0.305961,-0.556425,0.605239,0.56927,-0.398918,-0.7955,0.456047,0.72956,0.025911,0.683326,0.000281,-0.017088,-0.02132,0.067276,-0.626321,-0.456117,0.135839,0.048658,0.020593,-0.016953,0.530544,-0.631271,0.565702,0.435086,0.775554,0.4574,-0.727476,0.003458,0.686123,0.000223,-0.008293,-0.010347,-2.604692,-3.119063,-3.965103,3.9e-05,0.082268,0.027945,-0.059521,0.803245,-0.089304,-0.588915,0.246358,0.949978,0.19196,0.542314,-0.299275,0.785066,-0.000206,0.035185,-0.022822,0.351084,2.340293,1.140465,-1.044915
435,0.167412,-0.0279,0.316533,-0.803765,0.173924,-0.568996,-0.324591,-0.929648,0.17426,-0.497662,0.324534,0.804386,-0.015316,0.073019,-0.042436,-0.125088,2.374425,0.676927,-1.919371,-0.158216,-0.046165,0.305572,-0.572842,0.594418,0.564368,-0.393712,-0.803353,0.446708,0.719627,0.032955,0.69348,0.000283,-0.017096,-0.021409,0.545893,-0.595903,-0.238831,0.132115,0.048713,0.02043,-0.017155,0.547935,-0.620462,0.561064,0.428507,0.784216,0.448759,-0.718434,-0.005471,0.695572,0.007945,-0.007602,-0.010426,0.550152,-0.567448,-0.391764,-0.00486,0.082182,0.02856,-0.059874,0.819379,-0.135566,-0.556989,0.278085,0.943652,0.179411,0.501282,-0.301896,0.810908,1.1e-05,0.030878,-0.017271,-2.24574,3.190678,3.846919,-1.047365
436,0.167194,-0.024952,0.314934,-0.816454,0.263646,-0.51375,-0.389058,-0.908584,0.151922,-0.42572,0.323581,0.845035,-0.000165,0.074618,-0.040942,0.5298,1.625615,-0.822463,-1.919099,-0.157863,-0.046838,0.304685,-0.606646,0.57099,0.55312,-0.383326,-0.819556,0.425821,0.697205,0.045588,0.715325,0.000316,-0.018334,-0.02315,0.29753,-0.406546,-0.421446,0.12502,0.048884,0.020101,-0.017587,0.583312,-0.598303,0.549344,0.419574,0.801055,0.426928,-0.695488,-0.018541,0.718297,0.007991,-0.008669,-0.011863,-0.361766,-1.335477,-1.410488,-0.014494,0.082068,0.030003,-0.060652,0.834378,-0.226917,-0.502316,0.3465,0.924674,0.157845,0.428661,-0.305755,0.850154,-4.5e-05,0.037474,-0.020295,-0.251218,2.07666,0.707111,-1.043283
437,0.167238,-0.021867,0.313087,-0.81549,0.341888,-0.467048,-0.453452,-0.878839,0.14831,-0.358744,0.332299,0.8723,-0.000504,0.082798,-0.052248,-2.190796,1.741785,3.996558,-1.918118,-0.157402,-0.047545,0.303769,-0.631317,0.558443,0.538118,-0.393306,-0.828486,0.398567,0.669185,0.039283,0.741965,0.016013,-0.017463,-0.024111,0.90595,-0.969674,-0.398854,0.11824,0.049109,0.019747,-0.018045,0.606562,-0.587647,0.535491,0.428678,0.808988,0.402209,-0.669563,-0.014411,0.742614,0.00802,-0.00888,-0.012244,0.811449,-0.84341,-0.34241,-0.023148,0.082085,0.03155,-0.061564,0.838264,-0.301292,-0.454461,0.407445,0.900001,0.154872,0.362354,-0.314992,0.877199,-0.000177,0.035838,-0.022013,0.197724,1.094014,-0.384434,-1.045242
438,0.167306,-0.020406,0.312099,-0.815607,0.368447,-0.44618,-0.474673,-0.866986,0.151631,-0.329954,0.334997,0.882572,-0.000723,0.079835,-0.05537,0.001214,1.626958,-0.802973,-1.917901,-0.157192,-0.047911,0.303344,-0.641648,0.553488,0.530971,-0.397552,-0.831932,0.387008,0.656735,0.036547,0.753145,0.000349,-0.018725,-0.023949,0.622622,-0.578211,-0.461324,0.113345,0.049226,0.019551,-0.018276,0.619313,-0.581932,0.527072,0.433794,0.813153,0.388077,-0.654425,-0.0117,0.756035,0.000186,-0.009365,-0.011984,0.649671,-0.600802,-0.472262,-0.028374,0.082124,0.032317,-0.062072,0.837409,-0.330859,-0.435058,0.433452,0.886886,0.159847,0.33296,-0.322434,0.886099,-0.000343,0.039871,-0.027737,-1.693619,2.456529,-1.597056,-1.047528
439,0.167384,-0.017546,0.309909,-0.810508,0.413757,-0.414642,-0.514535,-0.84118,0.166259,-0.278994,0.347582,0.895196,-0.000957,0.063802,-0.052315,-0.504247,0.54352,1.056933,-1.917008,-0.156691,-0.0486,0.302484,-0.677905,0.529098,0.510383,-0.393669,-0.84751,0.355929,0.621722,0.039708,0.782144,0.016059,-0.015777,-0.022254,0.965039,-1.09587,-0.244898,0.089242,0.049476,0.019203,-0.018709,0.655671,-0.559518,0.506985,0.4302,0.828649,0.358144,-0.620501,-0.01672,0.784026,0.008042,-0.007859,-0.011099,0.903045,-1.050152,-0.225769,-0.052377,0.082163,0.033754,-0.063167,0.835158,-0.375868,-0.401537,0.472711,0.863731,0.174676,0.281165,-0.335693,0.89903,-0.000411,0.037678,-0.030043,-2.116515,1.27758,4.363568,-1.046385
440,0.167333,-0.015099,0.307751,-0.808741,0.444768,-0.384923,-0.539521,-0.821581,0.184106,-0.233359,0.356009,0.904891,-0.001087,0.049082,-0.04791,-1.500078,2.210437,-1.489901,-1.916177,-0.156095,-0.049212,0.301689,-0.706181,0.513712,0.487237,-0.399588,-0.857172,0.324837,0.585401,0.034063,0.809944,0.000317,-0.014961,-0.019443,0.681572,-1.189462,-0.645049,0.077648,0.049774,0.018896,-0.019109,0.684709,-0.545186,0.483678,0.436573,0.83822,0.326788,-0.583589,-0.012594,0.81195,0.000169,-0.00739,-0.009614,0.57968,-1.116766,-0.618308,-0.072625,0.082137,0.035,-0.064267,0.833628,-0.407887,-0.372413,0.499313,0.84478,0.19244,0.236114,-0.346374,0.907895,-0.000532,0.024304,-0.024207,-1.482249,2.194354,-1.494915,-1.051284
441,0.167135,-0.013453,0.305961,-0.808003,0.467458,-0.35869,-0.555021,-0.80819,0.196858,-0.196865,0.357556,0.912921,-0.001036,0.02408,-0.034536,0.384494,0.555457,0.102058,-1.915341,-0.155617,-0.049883,0.301131,-0.738575,0.483607,0.469705,-0.377207,-0.873804,0.306781,0.559716,0.048806,0.827163,0.001314,-0.022801,-0.007127,0.391101,-0.539488,0.035277,0.070334,0.050013,0.018567,-0.019387,0.719071,-0.515562,0.465974,0.414313,0.856377,0.308159,-0.557925,-0.028529,0.8294,0.00803,-0.005162,-0.007744,0.524106,-0.578174,-0.124379,-0.085525,0.082038,0.03582,-0.065165,0.834147,-0.428741,-0.346955,0.514128,0.83218,0.207719,0.199671,-0.351648,0.914589,-0.000507,0.011849,-0.017469,0.397555,0.542448,0.099011,-1.05112
442,0.166971,-0.013012,0.30529,-0.803858,0.483342,-0.346755,-0.567773,-0.797308,0.204708,-0.176531,0.360828,0.915788,-0.01566,0.012848,-0.026223,-0.107466,0.223785,0.272633,-1.915467,-0.155447,-0.050199,0.300937,-0.752597,0.469529,0.461663,-0.365723,-0.880992,0.300056,0.548548,0.0564,0.834133,0.000249,-0.011,-0.014426,0.17395,-0.66827,-0.339726,0.058172,0.050098,0.018405,-0.019481,0.733297,-0.502472,0.458035,0.403477,0.863825,0.301679,-0.547248,-0.036414,0.836177,0.008542,-0.009918,-0.002622,-0.296795,-1.047561,-1.512433,-0.09369,0.081956,0.036038,-0.065503,0.830436,-0.44623,-0.333548,0.52766,0.822077,0.213921,0.178744,-0.353648,0.91814,-0.007819,0.006306,-0.013232,-0.112162,0.190408,0.274205,-1.051937
443,0.166342,-0.01282,0.304493,-0.788373,0.529639,-0.313042,-0.60273,-0.76696,0.220136,-0.122522,0.361566,0.924276,-0.030136,-0.008617,-0.008847,-1.997119,2.332545,4.896135,-1.913837,-0.155138,-0.050819,0.300685,-0.79078,0.438143,0.427423,-0.341108,-0.895168,0.286799,0.509266,0.080456,0.856761,0.015984,-0.005982,-0.009863,0.850028,-1.072037,-0.124458,0.02678,0.050246,0.018098,-0.019611,0.771381,-0.473368,0.425316,0.378933,0.878608,0.290615,-0.511254,-0.063008,0.857116,0.00854,-0.00898,-0.001441,0.098975,-1.673558,-0.06554,-0.128634,0.081659,0.036138,-0.065898,0.818948,-0.486865,-0.303785,0.558833,0.796965,0.229242,0.130496,-0.357502,0.924749,-0.007751,0.000878,-0.009046,-0.146454,1.020497,1.460967,-1.051774
444,0.165344,-0.013442,0.30432,-0.753918,0.591515,-0.285942,-0.652279,-0.726001,0.217776,-0.077844,0.349959,0.93354,-0.030171,-0.020422,-0.001518,-0.097552,1.032708,1.602025,-1.912876,-0.154725,-0.051326,0.300549,-0.847845,0.385564,0.36399,-0.297555,-0.914065,0.275461,0.439984,0.124765,0.889219,0.03285,-0.013586,0.00089,-0.251045,-3.443255,1.345164,-0.022887,0.050441,0.017846,-0.019683,0.830506,-0.42165,0.363965,0.335611,0.900298,0.27718,-0.44455,-0.108049,0.889213,0.007987,-0.002046,-0.003726,0.687669,-1.318579,0.229365,-0.185133,0.081154,0.035829,-0.065991,0.785853,-0.554134,-0.274534,0.613124,0.756079,0.22896,0.080695,-0.348253,0.93392,-0.014952,-0.010209,-0.000889,-1.007592,1.99535,5.453755,-1.054876
445,0.164734,-0.013984,0.304408,-0.732105,0.625303,-0.270304,-0.67871,-0.703617,0.210354,-0.057749,0.336677,0.939862,-0.030117,-0.031212,0.006963,-2.57033,4.15214,4.519872,-1.91211,-0.154413,-0.051506,0.300565,-0.873087,0.358764,0.330149,-0.278074,-0.922534,0.267467,0.401629,0.141274,0.904765,0.015912,-0.001707,-0.004265,-0.165722,-3.5588,1.115765,-0.036808,0.050609,0.017745,-0.019674,0.856882,-0.396226,0.329783,0.316843,0.909418,0.269383,-0.406647,-0.12634,0.904806,0.008492,-0.006224,0.002163,0.647661,-1.254211,-0.03213,-0.20636,0.080838,0.03555,-0.065948,0.765558,-0.58844,-0.260112,0.64049,0.735257,0.221739,0.060769,-0.336353,0.939772,-0.014928,-0.015454,0.003507,-2.620704,4.122824,4.511198,-1.058632
446,0.163327,-0.015373,0.304647,-0.690049,0.68245,-0.241119,-0.72317,-0.663942,0.190206,-0.02943,0.304769,0.951986,-0.030608,-0.035045,0.002654,0.573292,1.179107,0.709196,-1.910356,-0.154021,-0.051779,0.300602,-0.915436,0.300679,0.267507,-0.234862,-0.938785,0.251906,0.328028,0.167407,0.929643,0.015921,-0.001637,-0.004186,-0.825126,-2.444753,-4.395464,-0.065125,0.050811,0.017614,-0.01965,0.902655,-0.340682,0.262962,0.276173,0.927161,0.253182,-0.330062,-0.155912,0.930994,0.007862,-0.00087,-0.002017,-0.89534,-2.399317,-4.383353,-0.23559,0.080147,0.034874,-0.065824,0.725356,-0.648282,-0.231489,0.687735,0.696954,0.203162,0.029631,-0.306568,0.951386,-0.022686,-0.017179,0.001831,-0.00351,0.984923,1.78132,-1.061571
447,0.161779,-0.016997,0.304823,-0.641144,0.738666,-0.208214,-0.767455,-0.617464,0.172404,-0.000424,0.269408,0.96304,-0.045979,-0.038186,-0.00077,0.294407,1.303561,1.748974,-1.909707,-0.154183,-0.051952,0.300411,-0.948426,0.24353,0.202907,-0.19203,-0.950573,0.243864,0.253463,0.192025,0.948022,-0.015725,-0.006219,-0.006235,-0.9241,-3.77001,0.154903,-0.122046,0.050742,0.017532,-0.019732,0.935871,-0.287737,0.203349,0.23568,0.940241,0.245766,-0.261914,-0.18208,0.947759,-0.007837,-0.003454,-0.003597,0.6714,-1.167994,0.172988,-0.280168,0.079379,0.034065,-0.065732,0.679242,-0.706394,-0.199088,0.733912,0.65337,0.185687,-0.00109,-0.27224,0.962228,-0.015518,-0.025214,0.002836,-0.910793,1.608448,5.27975,-1.067939
448,0.160232,-0.018875,0.304739,-0.603342,0.776799,-0.180574,-0.797349,-0.582893,0.156338,0.016933,0.237336,0.971294,-0.032037,-0.056833,-0.001408,0.258729,0.536482,0.105479,-1.909193,-0.154719,-0.052193,0.299971,-0.968205,0.208622,0.138016,-0.170174,-0.953555,0.248409,0.184652,0.21677,0.958529,-0.016718,0.001009,-0.019592,-0.090687,-1.369777,1.110007,-0.180044,0.050468,0.017413,-0.01995,0.959332,-0.247864,0.135076,0.209078,0.94542,0.249933,-0.189653,-0.211527,0.958795,-0.007826,-0.004466,-0.004971,-1.015892,-2.932127,1.392098,-0.337156,0.0786,0.033137,-0.065769,0.640727,-0.748576,-0.170593,0.767492,0.618528,0.168459,-0.020588,-0.238865,0.970833,-0.023518,-0.022971,-0.004797,0.321619,0.718167,0.068734,-1.074308
449,0.159581,-0.019938,0.304623,-0.586654,0.792108,-0.168663,-0.809644,-0.568669,0.145139,0.019777,0.220714,0.975152,-0.032395,-0.047662,-0.011951,0.170382,0.912093,1.788594,-1.908654,-0.155112,-0.052328,0.299755,-0.976535,0.187226,0.106377,-0.155739,-0.955014,0.252246,0.150053,0.229533,0.961593,-0.031581,-0.009878,-0.009164,-1.031553,-2.904479,1.473973,-0.211398,0.050277,0.017346,-0.020066,0.968262,-0.226684,0.10527,0.194378,0.947746,0.252971,-0.157114,-0.224481,0.961729,-0.007832,-0.004505,-0.005009,0.04377,-0.547681,0.657892,-0.366385,0.078274,0.032601,-0.065825,0.626317,-0.763039,-0.159679,0.779199,0.606454,0.158304,-0.023954,-0.223571,0.974392,-0.016159,-0.029816,-0.002577,-0.34196,1.805096,5.405787,-1.074144
450,0.158457,-0.022285,0.304252,-0.560626,0.814457,-0.149678,-0.827968,-0.548071,0.118569,0.015227,0.189385,0.981798,-0.033238,-0.053155,-0.018612,0.446173,0.657075,0.107923,-1.908553,-0.156197,-0.052459,0.29932,-0.991636,0.118816,0.050314,-0.102215,-0.96095,0.257023,0.080143,0.24959,0.964958,-0.032722,0.003878,-0.013856,-0.506586,-2.751226,-4.784523,-0.264591,0.049735,0.01727,-0.02029,0.985085,-0.165317,0.047721,0.147626,0.954481,0.259174,-0.088395,-0.248264,0.96465,-0.0158,-0.003755,-0.003044,-1.137932,-3.272182,-0.141308,-0.424517,0.077713,0.03143,-0.066007,0.599594,-0.787782,-0.141015,0.800022,0.585332,0.131721,-0.021227,-0.191794,0.981205,-0.009084,-0.032167,-0.00526,0.593135,0.866602,0.046426,-1.075941
451,0.157405,-0.024509,0.30364,-0.542376,0.830224,-0.128849,-0.840096,-0.533956,0.095401,0.011073,0.158952,0.987238,-0.033529,-0.064126,-0.010751,0.249548,0.605912,-0.158724,-1.908744,-0.157544,-0.052158,0.298728,-0.997775,0.066603,1e-05,-0.064326,-0.961987,0.265287,0.018942,0.264621,0.964096,-0.033766,0.015787,-0.021017,0.024948,-2.068449,-4.633637,-0.346009,0.049061,0.017418,-0.020581,0.993575,-0.113137,-0.002909,0.109763,0.957044,0.268362,-0.027578,-0.266957,0.963313,-0.024794,0.007124,-0.010556,-0.225051,-1.176054,0.709165,-0.492119,0.077186,0.030316,-0.066323,0.581324,-0.804779,-0.119966,0.813463,0.571491,0.108046,-0.018393,-0.160397,0.98688,-0.009239,-0.027049,-0.010122,0.337856,0.514583,0.09446,-1.070715
452,0.157054,-0.025653,0.303296,-0.528922,0.840605,-0.116922,-0.848674,-0.522861,0.079628,0.006454,0.140297,0.990102,-0.018643,-0.054615,-0.021181,0.685511,0.853211,0.287929,-1.908775,-0.158278,-0.051951,0.298349,-0.998905,0.04297,-0.018245,-0.046431,-0.961052,0.272318,-0.004567,0.272821,0.961982,-0.033736,0.014146,-0.02326,-0.325665,-1.477388,-0.722949,-0.37166,0.048694,0.017525,-0.020764,0.996153,-0.085201,-0.020443,0.087533,0.95739,0.275211,-0.003877,-0.275942,0.961166,-0.017011,0.007187,-0.011332,-1.034439,-4.168426,-4.219098,-0.528206,0.076998,0.029719,-0.066499,0.569106,-0.814975,-0.109234,0.822124,0.561525,0.093804,-0.01511,-0.143188,0.989579,-0.009328,-0.027474,-0.010759,0.606897,0.794067,0.27968,-1.070062
453,0.156728,-0.028097,0.302552,-0.492981,0.86579,-0.086155,-0.870048,-0.489956,0.054143,0.005271,0.10057,0.994929,-0.00372,-0.056504,-0.024053,0.686408,0.982376,0.297688,-1.90818,-0.159917,-0.051421,0.2974,-0.998361,-0.021977,-0.052767,0.005839,-0.958064,0.286379,-0.055582,0.285637,0.956653,-0.03471,0.023486,-0.033903,-0.066355,-2.457726,-4.830399,-0.397955,0.047875,0.017788,-0.021233,0.998185,-0.024844,-0.054848,0.039727,0.956241,0.289868,0.045246,-0.291521,0.955493,-0.024755,0.005794,-0.01244,-1.067369,-2.676956,0.584151,-0.571315,0.076836,0.028517,-0.066864,0.534098,-0.841696,-0.079281,0.845272,0.529886,0.06881,-0.015907,-0.103766,0.994474,-0.001894,-0.028703,-0.012546,0.75235,1.117334,0.702764,-1.069082
454,0.156669,-0.030112,0.301537,-0.455562,0.88914,-0.044032,-0.890144,-0.454255,0.035592,0.012205,0.054299,0.998464,0.011879,-0.031883,-0.03829,0.415938,0.676235,0.174913,-1.908409,-0.161576,-0.050736,0.296136,-0.994486,-0.071018,-0.077106,0.044113,-0.951112,0.30557,-0.093776,0.300581,0.949063,-0.05057,0.020531,-0.036142,-0.211507,-0.01026,0.390499,-0.409357,0.047064,0.01813,-0.021853,0.996334,0.030609,-0.079872,-0.004424,0.95097,0.309251,0.085421,-0.307764,0.947619,-0.025243,0.010351,-0.01793,-0.361822,0.022886,0.310882,-0.59091,0.0768,0.027495,-0.067372,0.496299,-0.867398,-0.036154,0.867801,0.494485,0.04904,-0.024659,-0.055714,0.998141,-0.001696,-0.021256,-0.01468,0.286956,1.010448,0.346183,-1.064674
455,0.156757,-0.031489,0.300182,-0.409872,0.912166,0.002016,-0.911939,-0.409758,0.020902,0.020396,0.00559,0.99979,0.011947,-0.03174,-0.038645,0.7837,1.006599,0.514626,-1.90839,-0.162996,-0.050083,0.294809,-0.990324,-0.105652,-0.089924,0.071343,-0.943977,0.322105,-0.11766,0.312714,0.942459,-0.033718,0.010301,-0.028793,-0.6445,0.254268,0.352997,-0.414355,0.046335,0.018461,-0.022533,0.993469,0.065726,-0.093265,-0.03215,0.945551,0.323882,0.109474,-0.318768,0.941488,-0.017302,0.010309,-0.018992,-0.092523,0.125645,-0.001955,-0.599401,0.076844,0.026808,-0.068048,0.451985,-0.891995,0.007248,0.891296,0.451929,0.036743,-0.03605,-0.010147,0.999297,-0.001681,-0.015661,-0.019036,0.421161,0.693765,1.479797,-1.056509
456,0.156969,-0.031993,0.299353,-0.391117,0.920065,0.023503,-0.920024,-0.391469,0.016698,0.025044,-0.01624,0.999568,0.012073,-0.019851,-0.046194,0.664715,1.034463,-0.150983,-1.908553,-0.163671,-0.049805,0.294198,-0.987488,-0.125902,-0.094911,0.088448,-0.940937,0.326723,-0.129188,0.314407,0.940384,-0.033723,0.011045,-0.027846,0.019317,-1.522099,-5.058623,-0.416416,0.045998,0.018598,-0.022841,0.99197,0.07966,-0.098228,-0.043211,0.943436,0.328724,0.118858,-0.32184,0.939303,-0.016824,0.005315,-0.01418,0.087391,0.036471,-0.022623,-0.602177,0.07695,0.026551,-0.06846,0.432505,-0.901179,0.028539,0.90067,0.433289,0.032448,-0.041607,0.01167,0.999065,0.006055,-0.009971,-0.023114,0.122486,0.679306,-0.066305,-1.061734
457,0.157642,-0.032719,0.297534,-0.354804,0.933178,0.057775,-0.934442,-0.355906,0.010941,0.031207,-0.051269,0.998211,0.012255,-0.01892,-0.045562,-1.43029,2.637539,-0.089829,-1.908242,-0.164664,-0.049352,0.293087,-0.983892,-0.148928,-0.098837,0.108932,-0.93826,0.328232,-0.140369,0.312374,0.939458,-0.016902,0.000894,-0.020285,0.01353,0.133988,-0.231672,-0.417356,0.045495,0.018829,-0.023399,0.98904,0.107244,-0.101475,-0.067944,0.940805,0.332067,0.13108,-0.321533,0.937781,-0.008889,0.006335,-0.013754,0.091235,0.008342,-0.011421,-0.605116,0.077286,0.026188,-0.069369,0.395933,-0.916268,0.060736,0.917105,0.397903,0.024268,-0.046403,0.046093,0.997858,0.01386,-0.009753,-0.023145,0.587011,0.705676,-0.090666,-1.066633
458,0.158601,-0.033216,0.29558,-0.322782,0.942768,0.083933,-0.945607,-0.324958,0.014156,0.041016,-0.075974,0.996279,0.028017,-0.006141,-0.05228,0.069627,0.208993,-0.141902,-1.908289,-0.16526,-0.049193,0.292229,-0.978416,-0.175006,-0.109847,0.129858,-0.934547,0.331198,-0.159377,0.310014,0.937205,-0.016924,0.000684,-0.020641,0.030142,0.032137,-0.060001,-0.417564,0.045198,0.018909,-0.023818,0.98462,0.133718,-0.112436,-0.089143,0.938015,0.334933,0.150253,-0.319759,0.935509,-0.008435,0.00055,-0.010023,0.029639,0.009799,-0.032561,-0.605606,0.077749,0.02594,-0.070329,0.363097,-0.927475,0.089162,0.92986,0.36679,0.028702,-0.059324,0.072486,0.995602,0.014015,-0.003312,-0.026411,-0.499265,0.811973,-0.089175,-1.064837
459,0.159096,-0.033354,0.294669,-0.307893,0.946943,0.092457,-0.950472,-0.31042,0.014701,0.042998,-0.084532,0.995506,0.028335,-0.003564,-0.049242,0.099629,0.112322,0.010257,-1.908379,-0.165417,-0.049214,0.291901,-0.97698,-0.18188,-0.111449,0.135817,-0.933488,0.331794,-0.163143,0.309256,0.936807,-0.001019,0.002396,-0.020129,0.034642,0.004519,-0.006334,-0.416061,0.045113,0.018897,-0.023992,0.983477,0.140704,-0.113899,-0.095229,0.937212,0.335506,0.153954,-0.319116,0.935126,-0.007974,-0.00482,-0.005704,-0.00222,0.033982,-0.055588,-0.605116,0.078017,0.025859,-0.070824,0.348659,-0.932133,0.097788,0.935201,0.352892,0.029416,-0.061928,0.081195,0.994771,0.014218,-0.001646,-0.024432,0.071632,0.069939,0.003418,-1.063694
460,0.160487,-0.033414,0.292938,-0.290451,0.951211,0.104311,-0.955893,-0.293342,0.013831,0.044109,-0.096879,0.994332,0.044526,0.001882,-0.042771,-0.450543,0.614968,0.125371,-1.90825,-0.1656,-0.049388,0.291347,-0.976858,-0.183967,-0.109066,0.138557,-0.933078,0.331815,-0.16157,0.309265,0.937077,-8.4e-05,-0.008017,-0.011045,-0.001811,0.014251,-0.024981,-0.41279,0.045022,0.01881,-0.024277,0.983457,0.142785,-0.111461,-0.098006,0.936928,0.335499,0.152335,-0.319025,0.935423,-3e-05,-0.003996,-0.005502,-0.00185,0.014332,-0.024963,-0.60283,0.078695,0.025825,-0.071678,0.331632,-0.937133,0.10863,0.941314,0.336362,0.028043,-0.062819,0.092955,0.993685,0.014617,-0.003896,-0.016307,-1.786935,2.048582,0.249142,-1.057652
461,0.162226,-0.033311,0.291451,-0.284265,0.952144,0.112519,-0.957682,-0.287462,0.013533,0.045578,-0.105098,0.993431,0.045035,0.006342,-0.037339,0.087702,-0.135773,0.250095,-1.908227,-0.165603,-0.049705,0.290891,-0.976056,-0.187835,-0.109652,0.142228,-0.932847,0.330909,-0.163207,0.307635,0.93733,-8.5e-05,-0.007901,-0.010931,0.036266,-0.003534,-0.037936,-0.40962,0.04502,0.018658,-0.024496,0.982824,0.146452,-0.112283,-0.101427,0.936983,0.334326,0.15417,-0.317195,0.935744,-3.6e-05,-0.00417,-0.005765,0.026924,-0.001829,-0.049886,-0.600544,0.079548,0.025878,-0.07241,0.325603,-0.938171,0.117544,0.943227,0.330924,0.028462,-0.0656,0.101604,0.992658,0.030313,0.003098,-0.018853,0.060948,-0.073018,0.109138,-1.060265
462,0.164175,-0.033092,0.290322,-0.275826,0.953174,0.124198,-0.960018,-0.279548,0.013793,0.048203,-0.116616,0.99202,0.045759,0.001777,-0.020876,0.159408,0.091259,0.152333,-1.908444,-0.165537,-0.049947,0.290478,-0.975286,-0.189823,-0.113029,0.142714,-0.932067,0.332891,-0.167303,0.308781,0.93623,-0.001009,0.004037,-0.017988,-0.047041,-0.219746,0.06365,-0.406865,0.045053,0.018529,-0.024706,0.982139,0.148743,-0.115227,-0.102285,0.936095,0.336547,0.157922,-0.31875,0.934589,-2.9e-05,-0.003387,-0.004702,-0.3043,-0.81188,0.233471,-0.596951,0.080539,0.025984,-0.072995,0.31735,-0.939537,0.128673,0.9458,0.323444,0.029054,-0.068916,0.112479,0.99126,0.030638,0.006512,-0.014585,0.206663,0.135755,0.211195,-1.049324
463,0.165257,-0.032875,0.289858,-0.273511,0.953708,0.125209,-0.960628,-0.277391,0.014863,0.049241,-0.117403,0.991877,0.061429,0.015509,-0.026012,0.076429,-0.068255,0.131053,-1.908512,-0.165482,-0.050003,0.290287,-0.975575,-0.189272,-0.111449,0.142274,-0.931309,0.335193,-0.165997,0.311397,0.935596,0.015902,-0.003978,-0.007358,-0.432873,0.189861,0.178404,-0.405299,0.045074,0.018501,-0.024809,0.98215,0.149217,-0.114522,-0.102899,0.935884,0.336945,0.157457,-0.319146,0.934533,-0.000489,0.002717,-0.00803,-0.476745,0.247283,0.169003,-0.595155,0.081074,0.026088,-0.073225,0.314782,-0.940244,0.129814,0.946593,0.321038,0.029923,-0.06981,0.113461,0.991086,0.023058,0.002757,-0.008094,0.029325,-0.073238,0.104367,-1.047691
464,0.167452,-0.032378,0.289107,-0.266706,0.95554,0.125924,-0.962642,-0.270396,0.013379,0.047159,-0.118843,0.991806,0.061761,0.007577,-0.01388,0.038946,-0.05653,0.112048,-1.908329,-0.16543,-0.049935,0.289912,-0.976178,-0.18769,-0.108815,0.140872,-0.930021,0.339335,-0.163651,0.316167,0.934409,-3.3e-05,-0.003167,-0.004412,-0.093145,0.044032,0.032055,-0.40151,0.045107,0.018535,-0.024997,0.982924,0.146712,-0.111063,-0.100579,0.933792,0.343389,0.154088,-0.326355,0.932603,-0.00048,0.003701,-0.006668,-0.041508,0.04735,0.040778,-0.592053,0.082173,0.026343,-0.0736,0.308168,-0.942367,0.130284,0.948911,0.31425,0.028512,-0.06781,0.114841,0.991066,0.030881,0.010067,-0.010146,0.071258,-0.088991,0.151031,-1.055202
465,0.169677,-0.031895,0.288551,-0.258995,0.957667,0.125862,-0.964648,-0.26298,0.016385,0.049106,-0.118363,0.991769,0.046311,0.00954,-0.011221,-1.846267,1.952908,0.315231,-1.908231,-0.165425,-0.04971,0.289459,-0.97868,-0.178346,-0.101825,0.131322,-0.92492,0.356668,-0.156548,0.335924,0.928715,-0.000968,0.008039,-0.012454,-0.484874,0.23679,0.198512,-0.39793,0.04511,0.018643,-0.025213,0.984859,0.138295,-0.10453,-0.092228,0.92856,0.35954,0.146785,-0.344456,0.927255,-0.000475,0.004098,-0.00612,-0.833422,0.378619,0.25077,-0.58944,0.083291,0.026587,-0.073875,0.301044,-0.944988,0.127941,0.951238,0.307037,0.029554,-0.06721,0.112805,0.99134,0.030922,0.004631,-0.005989,0.045075,-0.178167,0.302008,-1.05406
466,0.170791,-0.031706,0.288347,-0.255076,0.958729,0.125778,-0.965629,-0.259235,0.018128,0.050296,-0.118027,0.991749,0.061864,0.010318,-0.010637,0.039584,-0.071736,0.136486,-1.908502,-0.165384,-0.04955,0.289214,-0.980208,-0.171833,-0.098266,0.124625,-0.921659,0.367351,-0.152447,0.348057,0.924921,-0.000963,0.008519,-0.011787,-0.866173,0.416266,0.330025,-0.3968,0.04513,0.018725,-0.025341,0.986021,0.132266,-0.101324,-0.086186,0.92534,0.369212,0.142593,-0.355318,0.923804,0.007032,0.009929,-0.010736,-0.362659,0.178993,0.237014,-0.586827,0.083842,0.026682,-0.073977,0.29688,-0.946027,0.129979,0.952269,0.303426,0.033381,-0.071018,0.113865,0.990954,0.02319,0.00535,-0.004931,0.043502,-0.062455,0.104029,-1.050467
467,0.17282,-0.031296,0.287978,-0.254411,0.958493,0.128886,-0.965477,-0.25937,0.023503,0.056266,-0.119652,0.991234,0.046337,0.01126,-0.009208,0.038624,-0.056923,0.106982,-1.907773,-0.165129,-0.048786,0.288502,-0.983688,-0.154742,-0.091673,0.10712,-0.91378,0.391745,-0.143139,0.375735,0.915531,0.013118,0.033461,-0.026171,-1.02423,0.392355,0.651856,-0.39748,0.045252,0.019096,-0.025694,0.988791,0.115417,-0.094708,-0.069339,0.916783,0.393318,0.132222,-0.382343,0.91451,-0.00093,0.010942,-0.00841,-0.707212,0.342513,0.298372,-0.585848,0.084863,0.026888,-0.07416,0.296222,-0.945807,0.13304,0.952008,0.303612,0.038731,-0.077025,0.115182,0.990353,0.030935,0.005647,-0.004813,0.042089,-0.074389,0.134825,-1.048998
468,0.174673,-0.030932,0.287617,-0.266278,0.955374,0.128071,-0.962121,-0.271435,0.024853,0.058831,-0.117794,0.991307,0.046221,0.010118,-0.010822,0.032903,-0.057935,0.062653,-1.904633,-0.164851,-0.047512,0.287572,-0.987975,-0.129997,-0.083648,0.082396,-0.901044,0.425752,-0.129463,0.413908,0.90099,-0.002838,0.032961,-0.025033,-1.10978,0.530617,0.473092,-0.412655,0.045397,0.019736,-0.026155,0.992163,0.090116,-0.086545,-0.04462,0.902551,0.428263,0.116705,-0.421046,0.899499,0.006552,0.016922,-0.012834,-1.268158,0.510282,0.765683,-0.590746,0.085789,0.027073,-0.074336,0.307997,-0.942128,0.132401,0.948061,0.315559,0.04001,-0.079475,0.113202,0.990387,0.023113,0.00491,-0.005621,0.019212,-0.062003,-0.042924,-1.050304
469,0.176301,-0.030673,0.287207,-0.277602,0.952618,0.124503,-0.958924,-0.282566,0.02435,0.058716,-0.113818,0.991779,0.030891,-0.002206,-0.003825,0.001955,-0.029432,0.058999,-1.900369,-0.164533,-0.046039,0.286467,-0.992527,-0.095122,-0.076369,0.047978,-0.88046,0.471617,-0.110841,0.46455,0.878505,0.013045,0.034533,-0.024703,-1.351064,0.514186,0.755069,-0.578103,0.045555,0.020484,-0.026718,0.995377,0.054496,-0.079073,-0.010425,0.879845,0.475145,0.095465,-0.472125,0.876346,0.006537,0.017313,-0.012295,-1.423213,0.537161,0.759081,-0.675004,0.086621,0.027207,-0.074545,0.319275,-0.938846,0.12896,0.944351,0.326565,0.039444,-0.079146,0.10919,0.990864,0.015455,-0.001175,-0.002021,0.001792,-0.030265,0.059254,-1.051937
470,0.177028,-0.03057,0.287011,-0.285758,0.950467,0.122478,-0.956513,-0.290637,0.024186,0.058933,-0.111426,0.992037,0.046387,-0.002334,-0.004522,0.002459,-0.044241,0.084663,-1.89708,-0.1642,-0.045261,0.285979,-0.995217,-0.074369,-0.063268,0.03325,-0.867975,0.495427,-0.090496,0.491048,0.86634,0.012073,0.048244,-0.029255,-1.048158,2.989964,-0.404212,-0.795962,0.045716,0.020851,-0.026956,0.996996,0.034885,-0.069135,0.004126,0.867583,0.497274,0.077327,-0.496066,0.864834,0.014471,0.018864,-0.01107,-1.464241,0.535498,0.793659,-0.79192,0.086967,0.027259,-0.074642,0.327443,-0.936282,0.127102,0.941539,0.334608,0.039238,-0.079267,0.106823,0.991112,0.015311,0.004215,-0.006358,0.041333,-0.149975,0.232598,-1.05308
471,0.178236,-0.030355,0.286602,-0.303182,0.945808,0.116503,-0.951039,-0.307959,0.025626,0.060485,-0.104209,0.992728,0.030623,0.009214,-0.011734,0.039846,-0.150786,0.23089,-1.869389,-0.16274,-0.043686,0.285538,-0.999472,-0.032251,0.002525,0.028582,-0.847852,0.529399,-0.013667,0.529231,0.848287,0.061415,0.038898,-0.000738,-0.692996,3.171582,-0.567281,-1.245892,0.046428,0.021632,-0.027201,0.999956,-0.008718,-0.003176,0.009071,0.846557,0.53222,-0.001952,-0.532226,0.846599,0.022797,0.019393,0.000481,-1.032418,2.858678,-0.342737,-1.029998,0.087577,0.02736,-0.074846,0.344901,-0.930757,0.121378,0.93517,0.351847,0.040728,-0.080615,0.099462,0.991769,0.007567,0.004377,-0.005909,0.046402,-0.126806,0.169301,-1.054713
472,0.17914,-0.029984,0.286151,-0.31712,0.942857,0.102472,-0.946047,-0.322014,0.035677,0.067024,-0.086806,0.993982,0.015117,0.009315,-0.011101,-0.292712,-0.325726,-0.165324,-1.866178,-0.160435,-0.0426,0.286351,-0.996634,0.005104,0.081767,0.040287,-0.837597,0.54474,0.072528,0.546191,0.834433,0.078807,0.027853,0.028702,-0.391484,0.542571,0.642763,-1.399143,0.047575,0.022178,-0.026807,0.995692,-0.048077,0.079282,-0.003309,0.836101,0.548564,-0.092661,-0.546463,0.83234,0.032014,0.007983,0.018845,-0.13543,2.967323,-1.077949,-1.021344,0.088035,0.027546,-0.075071,0.357916,-0.927498,0.1079,0.929787,0.364647,0.050268,-0.085968,0.082333,0.992889,0.015335,0.005171,-0.005162,-0.410416,-0.584866,0.02339,-1.059448
