frame,MLTx,MLTy,MLTz,MLTR1,MLTR2,MLTR3,MLTR4,MLTR5,MLTR6,MLTR7,MLTR8,MLTR9,MLTTVx,MLTTVy,MLTTVz,MLTRVx,MLTRVy,MLTRVz,MLGA,MRTx,MRTy,MRTz,MRTR1,MRTR2,MRTR3,MRTR4,MRTR5,MRTR6,MRTR7,MRTR8,MRTR9,MRTTVx,MRTTVy,MRTTVz,MRTRVx,MRTRVy,MRTRVz,MRGA,SLTx,SLTy,SLTz,SLTR1,SLTR2,SLTR3,SLTR4,SLTR5,SLTR6,SLTR7,SLTR8,SLTR9,SLTTVx,SLTTVy,SLTTVz,SLTRVx,SLTRVy,SLTRVz,SLGA,SRTx,SRTy,SRTz,SRTR1,SRTR2,SRTR3,SRTR4,SRTR5,SRTR6,SRTR7,SRTR8,SRTR9,SRTTVx,SRTTVy,SRTTVz,SRTRVx,SRTRVy,SRTRVz,SRGA
93,0.16677,-0.034139,0.285839,-0.415418,-0.04403,-0.908589,-0.717836,-0.597628,0.357106,-0.558212,0.80062,0.217793,0.045643,0.047992,-0.051965,-0.119465,-0.838234,-0.780353,0.21474,-0.164363,-0.022776,0.308712,-0.456039,-0.7973,0.395388,0.84675,-0.252217,0.468332,-0.273107,0.54937,0.7896,0.031772,-0.034709,-0.000502,0.408437,-0.501524,-0.138825,-1.405557,0.046597,0.032629,-0.020651,0.47813,0.814491,0.328625,-0.83122,0.298793,0.468822,0.28366,-0.497318,0.819884,0.016372,-0.022649,0.004136,0.400033,-0.621407,-0.021841,-0.923369,0.081384,0.022777,-0.076922,0.489303,0.029352,-0.871619,0.634699,0.673446,0.378981,0.598112,-0.738652,0.31089,0.015051,0.024171,-0.025648,0.004896,-0.409568,-0.55823,0.005043
94,0.167464,-0.033348,0.284945,-0.422479,-0.051089,-0.904957,-0.719441,-0.588382,0.369029,-0.550795,0.807033,0.212953,0.030135,0.037501,-0.042709,-5.051312,1.592117,0.578944,0.254672,-0.163777,-0.023387,0.308792,-0.441159,-0.81664,0.372116,0.846977,-0.242034,0.47327,-0.295873,0.524982,0.797945,0.031797,-0.029542,0.005179,0.032998,-1.512589,0.120666,-1.405869,0.046891,0.032314,-0.020621,0.463414,0.831852,0.305397,-0.831524,0.28909,0.474335,0.306289,-0.473759,0.825674,0.01588,-0.014592,0.00274,-1.474915,-3.035321,0.397097,-0.918797,0.081737,0.023177,-0.077373,0.494541,0.041306,-0.868171,0.631987,0.668635,0.391814,0.596674,-0.742442,0.304563,0.022915,0.018641,-0.021656,-0.144463,-0.666907,-0.685544,0.06595
95,0.168481,-0.032136,0.283516,-0.431925,-0.058246,-0.900052,-0.72253,-0.574942,0.383882,-0.539307,0.816194,0.207371,0.014645,0.026863,-0.033634,0.0023,0.010564,-0.613806,0.32126,-0.162847,-0.024431,0.309207,-0.411997,-0.853971,0.317777,0.844575,-0.227207,0.484771,-0.341262,0.469182,0.814415,0.016899,-0.023783,0.013086,0.26432,-0.573312,0.33983,-1.405131,0.04735,0.031794,-0.02042,0.432484,0.866739,0.248437,-0.829656,0.274666,0.486034,0.353028,-0.416319,0.837883,0.008445,-0.011344,0.007162,0.371631,-0.774418,0.216257,-0.918471,0.082246,0.023778,-0.078076,0.502944,0.047049,-0.863036,0.638749,0.65245,0.407807,0.582276,-0.756368,0.298094,0.007425,0.007809,-0.012822,-0.115067,-0.253707,-0.574302,0.172089
96,0.168707,-0.031615,0.282527,-0.433056,-0.053264,-0.899817,-0.731318,-0.562808,0.385218,-0.526411,0.824939,0.205898,-0.000749,0.003327,-0.018701,-1.465294,0.706932,0.229879,0.376224,-0.162591,-0.024991,0.309734,-0.392947,-0.872824,0.289416,0.845796,-0.219731,0.486088,-0.360182,0.436889,0.824172,-0.013985,-0.008772,0.012344,-1.544909,-2.934802,-4.277197,-1.405699,0.047501,0.031505,-0.020153,0.417701,0.881885,0.218641,-0.829956,0.272419,0.486785,0.369726,-0.384793,0.845716,0.000956,-0.009627,0.009851,-0.016172,-0.320847,0.427608,-0.921736,0.08237,0.024059,-0.078588,0.504558,0.043816,-0.862264,0.64684,0.642308,0.411141,0.571854,-0.765192,0.29574,-0.00041,0.006982,-0.013493,-4.917792,2.194994,1.04297,0.263205
97,0.168306,-0.031754,0.281981,-0.439783,-0.048129,-0.896839,-0.732079,-0.559245,0.388943,-0.519732,0.827667,0.211832,-0.016069,-0.018931,-0.002065,0.131723,0.523194,0.231158,0.404927,-0.162462,-0.025744,0.310462,-0.301732,-0.920049,0.249917,0.85501,-0.145316,0.497769,-0.421276,0.36503,0.830146,0.016874,-0.019401,0.017968,-1.148896,-3.457663,-4.349637,-1.405716,0.047553,0.031149,-0.019789,0.328275,0.927345,0.179626,-0.839213,0.199053,0.506061,0.433538,-0.316873,0.843585,0.008424,-0.009396,0.00937,-1.048516,-2.650064,1.47605,-0.929901,0.082176,0.023996,-0.078869,0.511321,0.041191,-0.858401,0.648381,0.637093,0.416789,0.56405,-0.769684,0.299052,-0.008099,-0.003876,-0.005102,-0.004252,0.032365,-0.052518,0.32346
98,0.16791,-0.031934,0.28185,-0.440979,-0.045625,-0.896382,-0.735074,-0.554703,0.389798,-0.514469,0.830856,0.212194,-0.031773,-0.006394,-0.008115,-0.00023,0.052017,-0.078915,0.413479,-0.162226,-0.026079,0.310824,-0.27647,-0.936261,0.216731,0.853025,-0.135357,0.503946,-0.442139,0.32538,0.835766,0.000939,-0.007679,0.012007,0.244342,-0.508988,0.2012,-1.405058,0.047672,0.030975,-0.019608,0.296537,0.944006,0.144629,-0.838859,0.185078,0.511918,0.456486,-0.273126,0.846771,0.008423,-0.009009,0.009794,0.031324,-1.483217,0.199689,-0.929574,0.081984,0.0239,-0.078934,0.513061,0.035731,-0.857607,0.652,0.633608,0.416456,0.558267,-0.772828,0.301783,-0.008001,-0.008973,-0.000378,-0.04534,-0.074516,0.089229,0.342891
99,0.166783,-0.032233,0.281726,-0.437604,-0.040035,-0.898301,-0.737292,-0.555882,0.383885,-0.514181,0.830349,0.214861,-0.031516,-0.002606,-0.003053,0.060807,0.171246,0.118568,0.434046,-0.162157,-0.026442,0.31145,-0.262891,-0.946979,0.184688,0.859354,-0.142942,0.49093,-0.43817,0.288966,0.851099,0.000911,-0.005539,0.014374,0.415784,-0.522546,0.130583,-1.404846,0.047713,0.030783,-0.019283,0.282361,0.952807,0.111492,-0.845732,0.19239,0.497718,0.452779,-0.234828,0.860142,0.000445,-0.002709,0.007274,0.376411,-0.505847,0.125968,-0.926145,0.081408,0.023745,-0.079005,0.510266,0.030265,-0.859483,0.654583,0.63453,0.410963,0.557806,-0.772304,0.303969,-0.015744,-0.001166,-0.001332,0.079062,0.204558,0.138414,0.373263
100,0.1655,-0.032472,0.281789,-0.435245,-0.035005,-0.899656,-0.745315,-0.546551,0.381783,-0.504538,0.83674,0.212917,-0.031283,-0.012047,0.007372,-0.037567,0.042859,-0.077083,0.455319,-0.162451,-0.02682,0.31202,-0.262759,-0.949683,0.170444,0.86116,-0.151302,0.485226,-0.434692,0.275474,0.857333,-0.014,-0.009131,0.011943,-0.00761,-0.088553,0.114301,-1.404541,0.047566,0.0306,-0.018991,0.281015,0.954772,0.09716,-0.847691,0.199476,0.491557,0.449944,-0.220497,0.865407,-0.007009,-0.004619,0.005922,-0.07071,-0.059335,0.118705,-0.930228,0.080778,0.023631,-0.078975,0.50843,0.024608,-0.86075,0.663659,0.625729,0.409901,0.548684,-0.779651,0.301809,-0.015691,-0.000305,-0.000192,-0.004238,0.046185,-0.088017,0.403309
101,0.164866,-0.032584,0.281874,-0.428539,-0.029863,-0.903055,-0.754886,-0.537391,0.375939,-0.495995,0.842844,0.208877,-0.031243,-0.011372,0.008257,-0.04354,-0.08814,0.134231,0.471297,-0.16252,-0.027038,0.312219,-0.260613,-0.950919,0.166811,0.862906,-0.152083,0.481869,-0.432521,0.270722,0.859941,0.000972,-0.01062,0.008747,0.352813,-0.271785,-0.212161,-1.404483,0.047531,0.030497,-0.018892,0.280379,0.955245,0.094302,-0.848263,0.200594,0.490113,0.449262,-0.21741,0.866542,0.000478,-0.005436,0.00424,0.385029,-0.302725,-0.240522,-0.93382,0.080462,0.023576,-0.078931,0.502623,0.018783,-0.864301,0.674342,0.617073,0.405565,0.540955,-0.786681,0.29749,-0.01567,-4e-06,0.000199,-0.019214,-0.451347,0.714617,0.420618
102,0.163355,-0.03275,0.281842,-0.406203,-0.017834,-0.913633,-0.779846,-0.514369,0.356703,-0.475808,0.857409,0.196171,-0.047304,-0.002916,-0.003508,-0.005861,-0.178157,0.266261,0.507152,-0.162578,-0.027151,0.312316,-0.256977,-0.949831,0.178258,0.867505,-0.14557,0.475582,-0.425449,0.27805,0.86113,-1e-05,0.000827,0.000914,0.012535,-0.009091,-0.006247,-1.404721,0.047503,0.030431,-0.018847,0.275805,0.955432,0.105257,-0.854157,0.193391,0.482715,0.440846,-0.223042,0.869428,-9e-06,0.000495,0.000552,-0.018941,-0.002231,0.001345,-0.938882,0.079713,0.023496,-0.078934,0.482307,0.004364,-0.87599,0.702694,0.595173,0.389857,0.523067,-0.803585,0.28399,-0.023643,-0.001318,-0.001557,-0.022986,-0.427105,0.676508,0.467808
103,0.161615,-0.032879,0.281472,-0.375703,-0.016591,-0.926616,-0.793917,-0.510025,0.330973,-0.477629,0.860024,0.179602,-0.047945,-0.008749,-0.011627,0.008335,-0.286054,0.428569,0.519434,-0.162531,-0.027153,0.312339,-0.256162,-0.949808,0.17955,0.86778,-0.144277,0.475475,-0.425382,0.278805,0.860919,-0.0,2.1e-05,2.4e-05,3e-06,-2e-06,-1e-06,-1.404821,0.047526,0.030431,-0.018833,0.275279,0.955436,0.106597,-0.854261,0.192242,0.48299,0.440974,-0.224019,0.869112,-1e-06,-2.2e-05,-2.4e-05,-0.00019,0.002955,0.005041,-0.942637,0.078843,0.02344,-0.079107,0.453342,-0.000103,-0.891335,0.719235,0.590706,0.365741,0.52648,-0.806886,0.267866,-0.016163,0.001093,-0.010078,0.037414,-0.316175,0.483452,0.504712
104,0.15964,-0.033329,0.280673,-0.336967,-0.017001,-0.941387,-0.812227,-0.50043,0.299716,-0.475782,0.865635,0.155994,-0.049042,-0.017671,-0.024164,0.006441,-0.471307,0.718263,0.5196,-0.16222,-0.027003,0.312457,-0.253086,-0.95036,0.180984,0.869533,-0.141591,0.473073,-0.423645,0.278297,0.861939,0.014875,0.006215,0.005312,0.004538,-0.030185,0.053751,-1.404411,0.047676,0.030496,-0.018785,0.272341,0.956113,0.108064,-0.85613,0.189525,0.48075,0.43917,-0.223445,0.870172,-3.5e-05,0.00268,0.002957,-0.021011,0.105184,-0.168803,-0.942311,0.077838,0.023217,-0.079504,0.415885,-0.003558,-0.90941,0.741014,0.58103,0.336603,0.527196,-0.813874,0.244279,-0.024554,-0.009277,-0.012661,0.014394,-0.463678,0.733743,0.515163
105,0.158466,-0.033673,0.280132,-0.328924,-0.015754,-0.944249,-0.817333,-0.496113,0.292935,-0.472667,0.868139,0.151485,-0.065208,-0.020157,-0.027816,0.09136,1.150221,-1.891486,0.519352,-0.162153,-0.026891,0.312604,-0.251956,-0.950319,0.182766,0.869913,-0.13981,0.472903,-0.423539,0.279338,0.861654,-8.1e-05,0.00619,0.006826,-0.010781,0.085511,-0.146597,-1.404431,0.047715,0.030552,-0.018713,0.271412,0.956182,0.109767,-0.856464,0.187914,0.480788,0.439094,-0.224504,0.869938,-4.1e-05,0.002852,0.003142,-0.011805,0.087764,-0.14354,-0.942148,0.077276,0.023052,-0.079765,0.405998,-0.005896,-0.913854,0.747927,0.57676,0.32856,0.525137,-0.816892,0.238573,-0.024733,-0.010304,-0.014193,0.020739,-0.442273,0.674439,0.515979
106,0.156126,-0.034402,0.278905,-0.323775,-0.018736,-0.945973,-0.823676,-0.486375,0.291494,-0.465164,0.873577,0.143224,-0.065733,-0.021478,-0.030278,-0.041378,-0.393267,0.106195,0.520192,-0.162121,-0.026886,0.312853,-0.250102,-0.95025,0.18565,0.870388,-0.136812,0.472908,-0.423667,0.281059,0.861032,0.000927,-0.006878,0.012867,-0.034631,-0.004807,0.006181,-1.404546,0.047731,0.030566,-0.018583,0.269682,0.956321,0.112788,-0.856992,0.184942,0.480999,0.43913,-0.226376,0.869435,-2.7e-05,0.001733,0.001907,0.00021,0.001201,0.002147,-0.94427,0.076105,0.02268,-0.080389,0.403471,-0.004015,-0.914982,0.754178,0.567686,0.330072,0.518098,-0.823235,0.232073,-0.03282,-0.004991,-0.018945,-0.032799,-0.190642,-0.48061,0.517449
107,0.153887,-0.035129,0.277603,-0.315568,-0.022758,-0.948654,-0.825347,-0.486704,0.28617,-0.467842,0.873303,0.135988,-0.066145,-0.010809,-0.039802,0.024499,-0.158077,0.105215,0.520116,-0.162097,-0.026811,0.312994,-0.254163,-0.950239,0.180104,0.86932,-0.142981,0.473046,-0.423436,0.277996,0.862139,-1.3e-05,0.000993,0.001092,-0.012322,0.0997,-0.171636,-1.40386,0.047743,0.030605,-0.018502,0.273727,0.955839,0.106975,-0.855787,0.191279,0.480666,0.438978,-0.223119,0.870353,-9e-06,0.000467,0.000514,-0.004611,0.006981,-0.001185,-0.943454,0.074985,0.02231,-0.081039,0.39504,0.00018,-0.918663,0.75623,0.567709,0.325303,0.521592,-0.823229,0.224131,-0.025175,-0.011329,-0.016199,0.004799,-0.252827,0.295189,0.518755
108,0.152868,-0.03554,0.276958,-0.312717,-0.026062,-0.949513,-0.8259,-0.486279,0.285298,-0.468783,0.873452,0.131728,-0.050584,-0.022773,-0.032956,-0.005525,-0.017843,-0.029,0.519435,-0.162132,-0.026793,0.313002,-0.254136,-0.950666,0.177879,0.868648,-0.143625,0.474084,-0.424828,0.276193,0.862033,-3e-06,0.000246,0.00027,-1.4e-05,-4.6e-05,2.5e-05,-1.40414,0.047725,0.030614,-0.018499,0.273618,0.956105,0.104854,-0.855077,0.191879,0.481689,0.440426,-0.221457,0.870046,-3e-06,3e-05,3.2e-05,0.001476,0.006469,-0.001784,-0.944924,0.07447,0.022108,-0.081366,0.391877,0.003312,-0.920011,0.756891,0.567323,0.324438,0.523018,-0.823488,0.219814,-0.025249,-0.011266,-0.01626,0.016247,-0.09273,0.1592,0.518429
109,0.151141,-0.036206,0.275677,-0.319745,-0.03191,-0.94699,-0.823137,-0.485637,0.294235,-0.468892,0.873623,0.130195,-0.050326,-0.008028,-0.036521,0.14213,1.344027,-2.407172,0.516121,-0.162108,-0.026739,0.313105,-0.252143,-0.951266,0.177508,0.869948,-0.142634,0.471995,-0.423357,0.274632,0.863255,-3.8e-05,0.002856,0.003138,0.001076,-0.000801,-0.000547,-1.403858,0.047737,0.030634,-0.018455,0.271619,0.956713,0.104507,-0.856498,0.190778,0.479596,0.438899,-0.219777,0.871243,-2.4e-05,0.001722,0.001893,-0.008453,-0.010037,0.02452,-0.946556,0.073606,0.021764,-0.082013,0.39552,0.00948,-0.918407,0.754508,0.56683,0.330787,0.523717,-0.823779,0.21704,-0.017193,-0.009516,-0.013918,-0.023765,-0.138429,-0.027742,0.51402
110,0.14965,-0.03649,0.27435,-0.323863,-0.032091,-0.945584,-0.82124,-0.486713,0.297737,-0.469387,0.873017,0.132453,-0.034245,-0.005842,-0.03352,0.035916,-0.045947,0.052829,0.519634,-0.1621,-0.026576,0.313267,-0.251586,-0.951249,0.178382,0.870157,-0.141772,0.47187,-0.42326,0.275135,0.863142,-5.9e-05,0.004348,0.00477,-0.010787,0.085436,-0.146641,-1.401752,0.047741,0.030715,-0.018375,0.271206,0.95674,0.105324,-0.856643,0.19003,0.479634,0.438871,-0.220305,0.871123,-2.7e-05,0.001933,0.002124,-0.000124,0.000648,0.000974,-0.94574,0.072867,0.021623,-0.082666,0.402115,0.010072,-0.915533,0.751143,0.568136,0.336162,0.523533,-0.822872,0.220891,-0.017052,-0.002586,-0.016237,0.032238,0.063417,-0.112189,0.516796
111,0.148564,-0.036626,0.273122,-0.324756,-0.030463,-0.945331,-0.823193,-0.483051,0.298307,-0.465334,0.875105,0.132976,-0.01804,-0.00365,-0.030297,0.037434,-0.076511,0.106455,0.519735,-0.162119,-0.026501,0.313474,-0.251,-0.952078,0.174749,0.868884,-0.142171,0.47409,-0.426211,0.272033,0.862674,0.000949,-0.008519,0.011047,-0.036459,0.009665,-0.018669,-1.397708,0.047732,0.030762,-0.018269,0.270531,0.957324,0.101705,-0.855327,0.190524,0.481784,0.441846,-0.217328,0.870367,-2.3e-05,0.001429,0.001565,0.001891,0.00466,-0.001888,-0.94574,0.072304,0.02155,-0.083296,0.403233,0.008529,-0.915057,0.753277,0.564682,0.337205,0.519592,-0.825264,0.221274,-0.016951,-0.001475,-0.014768,0.031955,0.062707,-0.113205,0.516306
112,0.148183,-0.036559,0.272512,-0.32527,-0.030584,-0.945151,-0.822563,-0.483891,0.298683,-0.466088,0.874636,0.133417,-0.017584,0.010126,-0.034711,0.068689,0.016906,-0.043107,0.517371,-0.162102,-0.026513,0.313582,-0.250487,-0.952067,0.175547,0.868975,-0.141314,0.47418,-0.426328,0.272521,0.862461,0.000946,-0.008354,0.011226,-0.036459,0.009662,-0.018673,-1.393188,0.04774,0.030755,-0.018216,0.270047,0.95737,0.102553,-0.855439,0.189672,0.481921,0.441925,-0.217869,0.870192,-2.3e-05,0.001476,0.001616,0.002098,-0.013578,0.025079,-0.945904,0.072113,0.021577,-0.083601,0.403595,0.008685,-0.914896,0.752611,0.565469,0.337373,0.520276,-0.824723,0.221683,-0.008815,-0.000462,-0.013166,0.033227,0.03162,-0.060337,0.515326
113,0.147444,-0.03612,0.271405,-0.32751,-0.030778,-0.94437,-0.820732,-0.485925,0.300413,-0.467739,0.873501,0.135063,-0.016841,0.015302,-0.02715,0.069282,0.001106,-0.018997,0.511093,-0.16211,-0.026585,0.313857,-0.248988,-0.953504,0.169783,0.868467,-0.142359,0.474799,-0.428239,0.266872,0.863281,0.000938,-0.007756,0.011878,-0.028231,-0.009624,0.002908,-1.388342,0.047736,0.030717,-0.01808,0.268399,0.958449,0.096622,-0.854981,0.190804,0.482286,0.443811,-0.212055,0.870668,-2e-05,0.001174,0.001284,-0.000193,-0.091266,0.163019,-0.946067,0.071743,0.021792,-0.084161,0.405756,0.009105,-0.913935,0.750476,0.567427,0.338838,0.521677,-0.823372,0.223404,-0.016338,0.008149,-0.012997,0.064115,0.12442,-0.215086,0.507651
114,0.14636,-0.035331,0.270418,-0.329816,-0.033999,-0.943457,-0.81843,-0.487803,0.303631,-0.470142,0.872338,0.134236,-0.031985,0.0314,-0.028427,0.102,-0.02329,-0.012683,0.51409,-0.16208,-0.026735,0.314105,-0.247501,-0.954511,0.166261,0.868605,-0.142706,0.474442,-0.428822,0.263043,0.864166,0.000964,-0.009632,0.009827,-0.033616,0.007495,-0.020142,-1.387056,0.047751,0.030645,-0.017953,0.266825,0.959235,0.093123,-0.85512,0.191077,0.481932,0.444493,-0.208223,0.871245,-1.4e-05,0.000752,0.000822,-0.014071,0.005153,-0.002758,-0.943781,0.071219,0.022175,-0.084644,0.407684,0.012806,-0.913032,0.74781,0.569113,0.341891,0.523997,-0.822159,0.222442,-0.016077,0.009878,-0.010469,0.077485,0.027581,-0.04083,0.507488
115,0.145795,-0.034922,0.270027,-0.330404,-0.037098,-0.943134,-0.817406,-0.488346,0.305511,-0.471506,0.871912,0.132204,-0.016078,0.020221,-0.019909,0.027332,-0.170152,-0.096086,0.513269,-0.162017,-0.026786,0.31421,-0.247461,-0.954512,0.166318,0.868493,-0.14257,0.474686,-0.42907,0.263116,0.864021,0.01488,0.00308,0.001824,0.003912,-0.029664,0.054102,-1.38659,0.047783,0.030613,-0.0179,0.266802,0.959229,0.093252,-0.854936,0.190904,0.482327,0.44486,-0.20841,0.871013,0.007437,0.001489,0.000856,0.001486,-0.028156,0.054728,-0.943617,0.070919,0.022392,-0.084849,0.408056,0.015394,-0.912826,0.746613,0.569798,0.343364,0.525412,-0.82164,0.221016,-0.015985,0.010436,-0.00965,0.000858,-0.203304,-0.191144,0.508305
116,0.144971,-0.034087,0.269483,-0.337444,-0.034037,-0.940754,-0.822511,-0.475388,0.312175,-0.457437,0.879165,0.133595,-0.015375,0.024537,-0.013486,0.038675,-0.126936,-0.06837,0.501218,-0.161986,-0.026848,0.314324,-0.247092,-0.954907,0.164591,0.867779,-0.142626,0.475975,-0.430725,0.261642,0.863645,-1e-06,4.5e-05,4.9e-05,0.0,-0.0,-0.0,-1.386971,0.047798,0.030585,-0.01784,0.266433,0.9595,0.091498,-0.854169,0.191067,0.48362,0.446552,-0.207008,0.870482,-1e-06,-5.4e-05,-5.9e-05,-0.01174,0.101819,-0.17229,-0.94525,0.070507,0.022806,-0.085125,0.415131,0.013327,-0.909663,0.752084,0.55758,0.351387,0.511894,-0.830015,0.221446,-0.00763,0.012572,-0.006283,0.029594,-0.158999,-0.079735,0.49916
117,0.144298,-0.033244,0.269028,-0.356791,-0.033713,-0.9336,-0.817543,-0.4723,0.329436,-0.45161,0.88084,0.142115,-0.031272,0.024939,-0.013351,0.04632,-0.081209,-0.078066,0.51598,-0.161917,-0.026912,0.314262,-0.246614,-0.955293,0.163059,0.867225,-0.14258,0.476996,-0.432111,0.260247,0.863374,1.2e-05,-0.000837,-0.000915,0.0,-0.0,-0.0,-1.379525,0.047833,0.030551,-0.017873,0.265948,0.959779,0.089969,-0.853593,0.191096,0.484624,0.447939,-0.205682,0.870082,6e-06,-0.00044,-0.000482,0.000223,0.000711,0.000151,-0.945414,0.070178,0.023234,-0.085343,0.433756,0.015141,-0.900902,0.745841,0.554961,0.368426,0.505545,-0.831737,0.229425,-0.007701,0.012022,-0.007112,0.044706,0.000279,-0.207816,0.5021
118,0.143075,-0.032615,0.268759,-0.366736,-0.033228,-0.929756,-0.813478,-0.473456,0.337734,-0.450973,0.880237,0.147764,-0.031305,0.014287,-0.004477,0.033385,0.014245,-0.042049,0.5178,-0.161906,-0.026927,0.31423,-0.248159,-0.955093,0.161883,0.86535,-0.143589,0.480089,-0.434973,0.260428,0.861881,1.7e-05,-0.001197,-0.001308,-0.087762,0.079663,0.019339,-1.37711,0.047838,0.030545,-0.017887,0.267243,0.95953,0.088782,-0.851646,0.192075,0.487653,0.450865,-0.205932,0.868511,-0.0,2.7e-05,2.9e-05,-0.102358,0.079609,0.054636,-0.94574,0.069566,0.023552,-0.085482,0.443215,0.015587,-0.896279,0.740962,0.556358,0.376085,0.504514,-0.830796,0.235037,-0.015626,0.007283,-0.002012,0.030263,0.125738,-0.205537,0.512713
119,0.142359,-0.032376,0.268741,-0.3704,-0.030916,-0.928382,-0.814892,-0.468894,0.340677,-0.445392,0.882757,0.149644,-0.031352,0.003812,0.004689,-0.467405,0.309334,-0.150039,0.516923,-0.161873,-0.026925,0.314228,-0.247964,-0.95509,0.162201,0.865419,-0.143276,0.480058,-0.434947,0.260612,0.861839,0.014915,0.000856,-0.000608,0.000789,-0.014251,0.029892,-1.377222,0.047849,0.030543,-0.017891,0.26734,0.959467,0.089166,-0.851649,0.191976,0.487686,0.450801,-0.206316,0.868453,0.0,1.4e-05,1.4e-05,-0.001708,0.09589,-0.16985,-0.947537,0.069208,0.023675,-0.085496,0.446728,0.013851,-0.894562,0.742243,0.552511,0.379218,0.499508,-0.83339,0.236542,-0.023428,0.008352,-0.000666,-1.529593,0.577349,0.188477,0.51304
120,0.140996,-0.03197,0.268707,-0.374278,-0.022148,-0.927077,-0.824286,-0.450056,0.343474,-0.424386,0.892759,0.151346,-0.031357,0.01368,-0.005507,0.036934,-0.096487,0.123155,0.517644,-0.16186,-0.026934,0.314247,-0.247339,-0.955082,0.163197,0.865616,-0.142271,0.480002,-0.434912,0.261193,0.86168,-1.2e-05,0.000833,0.00091,-0.012604,0.099503,-0.171729,-1.377729,0.047861,0.030538,-0.017883,0.266739,0.959546,0.090111,-0.851907,0.191026,0.487609,0.45067,-0.206831,0.868398,-7e-06,0.000479,0.000523,-0.012396,0.09931,-0.171888,-0.951129,0.068527,0.023878,-0.085502,0.451458,0.005277,-0.892276,0.75303,0.534194,0.384164,0.478676,-0.845345,0.237193,-0.015815,0.001054,0.001044,-0.000523,0.03049,-0.057603,0.513367
121,0.13961,-0.031805,0.268756,-0.37629,-0.022273,-0.926258,-0.823479,-0.450133,0.345303,-0.42417,0.892717,0.152196,-0.031502,0.002826,0.003054,-0.001969,0.029429,-0.059106,0.51463,-0.161827,-0.026905,0.314291,-0.247163,-0.95547,0.161184,0.86495,-0.142712,0.48107,-0.436333,0.259523,0.861467,-1.6e-05,0.00112,0.001223,-0.0,0.0,0.0,-1.378071,0.047878,0.030552,-0.017861,0.266506,0.959799,0.088086,-0.851213,0.191511,0.488629,0.452116,-0.205203,0.868032,0.007455,0.000489,-0.000239,-0.010161,0.08518,-0.143177,-0.952598,0.067846,0.023961,-0.085486,0.453177,0.005603,-0.891402,0.752122,0.534346,0.385727,0.478479,-0.845246,0.23794,-0.015724,0.001575,0.00179,-0.001634,0.029281,-0.059158,0.511897
122,0.139032,-0.031761,0.268838,-0.377503,-0.022262,-0.925765,-0.823079,-0.450027,0.346394,-0.423869,0.892771,0.152718,-0.031355,0.003661,0.004265,-0.001969,0.029429,-0.059106,0.511701,-0.16177,-0.02691,0.314295,-0.246672,-0.955462,0.161979,0.865112,-0.14192,0.481014,-0.436291,0.259986,0.861348,0.000985,-0.010935,0.008404,-0.036457,0.009601,-0.018706,-1.377564,0.047906,0.030557,-0.017859,0.266051,0.959853,0.088867,-0.851396,0.190751,0.488608,0.45204,-0.205656,0.867965,0.007457,0.000422,-0.000311,-0.010522,0.084361,-0.142653,-0.953741,0.067545,0.023983,-0.085446,0.454382,0.005726,-0.890787,0.751614,0.534267,0.386825,0.478133,-0.845296,0.238457,-0.015655,0.001973,0.002365,-0.001209,0.013273,-0.035246,0.509284
123,0.137966,-0.031641,0.269033,-0.379219,-0.022314,-0.925062,-0.822503,-0.449866,0.34797,-0.423454,0.892851,0.153398,-0.031351,0.003651,0.004186,-0.001969,0.029429,-0.059106,0.517947,-0.161747,-0.02692,0.314281,-0.247118,-0.954849,0.164888,0.864325,-0.140427,0.482863,-0.437595,0.263044,0.859757,-0.014902,-0.001653,-0.000261,-0.005358,0.017751,-0.027523,-1.377468,0.047923,0.030548,-0.017862,0.266614,0.959415,0.09186,-0.850497,0.189363,0.490709,0.453398,-0.208957,0.866467,8e-06,-0.000524,-0.000572,0.001491,0.095363,-0.168189,-0.955374,0.067023,0.024044,-0.085347,0.455976,0.005957,-0.889971,0.75093,0.534148,0.388314,0.47769,-0.845369,0.239085,-0.007739,0.001474,0.001904,-0.000322,-0.001399,-0.005653,0.510101
124,0.137051,-0.031588,0.269077,-0.380768,-0.022352,-0.924425,-0.82195,-0.449785,0.349377,-0.423136,0.892891,0.154045,-0.03171,0.001696,0.001216,-0.001969,0.029429,-0.059106,0.518883,-0.161746,-0.026976,0.314235,-0.247059,-0.955241,0.162688,0.863614,-0.141059,0.48395,-0.439029,0.261268,0.859567,2.7e-05,-0.001866,-0.002039,-1e-06,1e-06,0.0,-1.380165,0.047918,0.030521,-0.017884,0.266477,0.959669,0.089579,-0.849823,0.190088,0.491596,0.454741,-0.207125,0.866203,1.6e-05,-0.00112,-0.001224,-0.000759,0.01572,-0.026234,-0.957334,0.066555,0.024074,-0.08532,0.4575,0.006165,-0.889188,0.750242,0.534097,0.389713,0.477315,-0.8454,0.239724,-0.007985,0.000114,-0.000142,-0.000878,0.014657,-0.029574,0.513693
125,0.136331,-0.03148,0.269115,-0.382047,-0.022388,-0.923896,-0.821435,-0.449835,0.350521,-0.422981,0.892865,0.154621,-0.015701,0.001684,0.001833,-0.000984,0.014715,-0.029553,0.506024,-0.161746,-0.027,0.314209,-0.246464,-0.955231,0.163647,0.863823,-0.140107,0.483852,-0.438952,0.261818,0.859439,1e-06,-3.4e-05,-3.8e-05,-0.0,0.0,0.0,-1.380846,0.047918,0.030505,-0.017901,0.26589,0.959739,0.090565,-0.850059,0.189118,0.491561,0.454643,-0.207687,0.86612,0.0,2.5e-05,2.7e-05,-0.012622,0.099337,-0.172016,-0.957824,0.066195,0.024125,-0.085305,0.458721,0.006337,-0.888557,0.749624,0.534166,0.390806,0.477114,-0.845355,0.240283,-0.007828,0.000965,0.001114,-0.000918,0.014682,-0.029574,0.508958
126,0.136102,-0.031346,0.269118,-0.385086,-0.022135,-0.92264,-0.820167,-0.450165,0.353059,-0.422684,0.892704,0.156349,-0.015165,0.01429,-0.004199,0.212267,1.48502,-2.335864,0.498744,-0.161746,-0.027,0.314209,-0.240411,-0.956664,0.16428,0.864772,-0.134361,0.483788,-0.440446,0.259578,0.859354,0.0,-1e-06,-1e-06,-0.0,-0.0,-0.0,-1.374725,0.047918,0.030506,-0.017901,0.25986,0.961327,0.091225,-0.851102,0.183383,0.491929,0.456175,-0.205475,0.865842,0.0,2.5e-05,3.1e-05,0.000508,0.00012,-0.000241,-0.956191,0.066074,0.024186,-0.085304,0.459062,0.006418,-0.88838,0.749348,0.534353,0.391079,0.477219,-0.845236,0.240492,-0.007516,0.007503,-0.001557,0.034814,-0.017009,0.01119,0.49916
127,0.135688,-0.030822,0.269117,-0.402766,-0.020376,-0.915101,-0.812803,-0.451762,0.367742,-0.420408,0.891936,0.166535,-0.014695,0.016685,-0.000651,0.032927,0.105855,-0.17281,0.498816,-0.161699,-0.027016,0.314233,-0.239863,-0.957043,0.162873,0.864206,-0.134202,0.484843,-0.441854,0.258257,0.85903,-2e-06,0.000144,0.000157,-0.0,-0.0,0.0,-1.360717,0.047942,0.030498,-0.017888,0.259283,0.961619,0.089773,-0.850507,0.1833,0.492988,0.457612,-0.204177,0.86539,-3e-06,9.7e-05,0.000105,0.00145,0.003319,-0.002107,-0.956191,0.065866,0.024447,-0.085306,0.478772,0.006517,-0.877914,0.739354,0.536238,0.407189,0.473425,-0.84404,0.251918,-0.007371,0.008219,-0.000503,0.038673,0.031089,-0.063721,0.489036
128,0.135219,-0.03024,0.268939,-0.418336,-0.018825,-0.908122,-0.805962,-0.453354,0.380614,-0.418353,0.891161,0.175615,-0.015161,0.014081,-0.004543,0.031515,0.093914,-0.153859,0.516198,-0.161646,-0.027122,0.314281,-0.233836,-0.958826,0.161138,0.864256,-0.129197,0.486111,-0.444982,0.254144,0.858641,5e-06,-0.000351,-0.000384,-0.0,-0.0,0.0,-1.361141,0.047968,0.030446,-0.017864,0.253236,0.963389,0.088045,-0.850609,0.178388,0.494612,0.460798,-0.200146,0.864642,0.007462,0.000225,-0.000529,0.003726,-0.011485,0.027044,-0.957007,0.065632,0.024743,-0.085387,0.493611,0.006639,-0.869656,0.731368,0.537912,0.419226,0.470583,-0.842973,0.260664,-0.007685,0.006481,-0.003094,0.030815,0.107742,-0.1744,0.501773
129,0.134977,-0.030047,0.268862,-0.420769,-0.018618,-0.907002,-0.804813,-0.453709,0.382618,-0.418123,0.890984,0.177055,-0.015305,0.013279,-0.005742,0.03107,0.110062,-0.177723,0.516544,-0.161586,-0.027163,0.314291,-0.233691,-0.958821,0.161378,0.864257,-0.128934,0.486178,-0.445056,0.254296,0.858558,2e-06,-0.000144,-0.000157,-0.012606,0.099408,-0.171784,-1.36094,0.047998,0.030424,-0.01786,0.253171,0.963392,0.088194,-0.850595,0.178243,0.494687,0.460858,-0.200258,0.864583,1e-06,-8.4e-05,-9.2e-05,0.000224,0.00053,-0.000243,-0.957007,0.065512,0.02484,-0.085424,0.495899,0.006695,-0.868354,0.730047,0.538272,0.421064,0.47023,-0.842744,0.262041,5.2e-05,0.00026,0.000395,-0.000134,-0.000274,0.000466,0.508794
130,0.134983,-0.029854,0.268722,-0.42378,-0.018341,-0.905604,-0.803288,-0.454358,0.385044,-0.418011,0.890659,0.178945,0.016073,0.010155,-0.008961,0.036222,-0.030519,0.046288,0.501397,-0.161575,-0.027174,0.314277,-0.23494,-0.958233,0.163046,0.863188,-0.128699,0.488136,-0.446468,0.25663,0.857129,0.0,-1.8e-05,-1.9e-05,-0.023155,0.01804,0.012167,-1.361002,0.048004,0.030419,-0.017867,0.254373,0.962898,0.090109,-0.849401,0.177893,0.496861,0.462397,-0.202927,0.863138,0.0,1e-05,1.1e-05,-3e-05,0.011145,0.01782,-0.954884,0.065503,0.024937,-0.085494,0.498995,0.006742,-0.866578,0.72817,0.538909,0.42349,0.469862,-0.842336,0.264004,-1.4e-05,-9.2e-05,-0.000136,-0.000213,-0.002729,0.004071,0.50063
131,0.135318,-0.029623,0.268485,-0.425546,-0.018165,-0.904779,-0.802143,-0.455267,0.386354,-0.418412,0.890198,0.180296,-0.000276,-0.001465,-0.002178,0.0,0.0,-0.0,0.50199,-0.161676,-0.027202,0.314242,-0.234222,-0.958212,0.164197,0.863438,-0.127554,0.487995,-0.446363,0.257281,0.856989,2e-05,-0.001351,-0.001478,-5e-06,4e-06,3e-06,-1.359089,0.047953,0.030408,-0.017881,0.25373,0.962968,0.091173,-0.849774,0.176889,0.496581,0.462064,-0.203474,0.863188,1.4e-05,-0.000878,-0.000959,0.000907,-0.00057,-0.000234,-0.954721,0.065671,0.025055,-0.085608,0.500637,0.006757,-0.86563,0.726874,0.539784,0.424601,0.470122,-0.841776,0.265324,-8.9e-05,-0.000496,-0.000741,-8.5e-05,-0.000275,0.000484,0.493118
132,0.135446,-0.029562,0.268376,-0.425097,-0.01822,-0.904989,-0.802195,-0.455541,0.385924,-0.41877,0.890056,0.180163,9.5e-05,0.010209,-0.009595,0.035242,-0.015798,0.016736,0.503006,-0.161709,-0.027227,0.314218,-0.233902,-0.958202,0.164713,0.863544,-0.127039,0.487941,-0.446326,0.257574,0.85692,1.3e-05,-0.000861,-0.000942,-0.0,0.0,0.0,-1.357635,0.047937,0.030393,-0.017895,0.253414,0.963002,0.091691,-0.849895,0.17637,0.49656,0.462016,-0.203763,0.863145,8e-06,-0.000525,-0.000572,7.7e-05,-0.00022,-0.000271,-0.954394,0.06574,0.025083,-0.085666,0.500199,0.00676,-0.865883,0.726946,0.540038,0.424154,0.470477,-0.841613,0.265213,-0.000154,-0.000841,-0.001257,-5.6e-05,-5e-06,8.3e-05,0.493282
133,0.135605,-0.029657,0.268355,-0.424588,-0.018226,-0.905228,-0.802466,-0.455423,0.385499,-0.418767,0.890117,0.179872,-5.8e-05,-0.00031,-0.000461,0.0,0.0,0.0,0.49942,-0.161709,-0.02723,0.314231,-0.23367,-0.958194,0.165088,0.863609,-0.126659,0.487925,-0.446322,0.257792,0.856857,-0.0,2.4e-05,2.6e-05,-0.0,0.0,0.0,-1.35758,0.047937,0.030391,-0.01789,0.25318,0.963027,0.092071,-0.849969,0.175982,0.496571,0.462008,-0.203979,0.863099,-0.0,3e-05,3.4e-05,-2.3e-05,-0.000119,-0.00019,-0.954068,0.065819,0.025038,-0.085684,0.499698,0.006712,-0.866173,0.727258,0.539942,0.423742,0.470528,-0.841675,0.264926,-0.000196,-0.005917,0.003585,-0.035282,0.015794,-0.01674,0.491975
134,0.135783,-0.029725,0.26841,-0.424179,-0.018209,-0.90542,-0.802723,-0.455255,0.385164,-0.41869,0.890203,0.179623,2.5e-05,0.000135,0.0002,0.0,0.0,0.0,0.487797,-0.161584,-0.027235,0.314258,-0.233038,-0.958168,0.166133,0.863785,-0.125611,0.487885,-0.446313,0.258406,0.856676,-1.2e-05,0.000833,0.000911,-0.0,0.0,0.0,-1.356938,0.047999,0.030387,-0.017878,0.252566,0.963087,0.093128,-0.850163,0.174931,0.496609,0.461987,-0.2046,0.862963,0.007453,0.001,0.000316,0.002005,-0.015274,0.029108,-0.954884,0.065908,0.025004,-0.085655,0.499311,0.006652,-0.866396,0.727556,0.539778,0.42344,0.470478,-0.84178,0.264678,0.00789,-0.000525,-0.000437,0.000963,-0.0147,0.029572,0.483974
135,0.135865,-0.02974,0.268409,-0.423621,-0.015379,-0.905734,-0.8032,-0.455946,0.383348,-0.418341,0.889899,0.181927,0.0,0.0,0.0,0.00815,0.02551,0.017074,0.473227,-0.161415,-0.027233,0.314257,-0.232379,-0.958136,0.167233,0.863993,-0.124526,0.487794,-0.446255,0.259048,0.856512,7e-06,-0.000447,-0.000489,-0.0,0.0,0.0,-1.347899,0.048084,0.030391,-0.017874,0.251927,0.963146,0.094242,-0.850391,0.173843,0.4966,0.461915,-0.205249,0.862847,4e-06,-0.000307,-0.00034,-3.6e-05,-5.3e-05,-9e-05,-0.955211,0.06595,0.024997,-0.085655,0.499002,0.003485,-0.866593,0.72813,0.540563,0.421445,0.469918,-0.841295,0.267205,-0.007875,0.000612,0.000563,-0.008398,0.020616,-0.025748,0.462257
136,0.135856,-0.029716,0.268426,-0.426368,-0.015079,-0.904449,-0.802024,-0.456091,0.385628,-0.417803,0.889829,0.183498,0.000193,0.001031,0.001534,0.00012,0.000382,0.000236,0.472145,-0.161336,-0.027243,0.314254,-0.232143,-0.958124,0.167628,0.86406,-0.124134,0.487776,-0.446249,0.259281,0.856445,2e-06,-0.000129,-0.000141,-0.0,0.0,0.0,-1.345074,0.048123,0.030385,-0.017877,0.251699,0.963166,0.094641,-0.850465,0.17345,0.496611,0.461904,-0.205486,0.862797,0.007463,0.000367,-0.000378,0.002008,-0.015244,0.029164,-0.954884,0.065945,0.025007,-0.08565,0.501689,0.003685,-0.865039,0.726747,0.540593,0.423788,0.469196,-0.841275,0.268532,0.000114,0.000611,0.000909,-0.003676,-0.0252,0.024559,0.455562
137,0.135889,-0.029754,0.268426,-0.437,-0.013882,-0.899379,-0.797463,-0.456531,0.394467,-0.415534,0.889621,0.189557,-0.000232,-0.001243,-0.001849,0.051336,0.448961,-0.695052,0.465969,-0.161246,-0.027255,0.314231,-0.231674,-0.958102,0.168406,0.864216,-0.123369,0.487694,-0.446192,0.259732,0.856338,7e-06,-0.000437,-0.000478,-0.0,0.0,0.0,-1.342143,0.048168,0.030379,-0.017889,0.251244,0.963207,0.095429,-0.850636,0.172681,0.496587,0.461838,-0.205941,0.862724,5e-06,-0.000273,-0.0003,-3.1e-05,-2.2e-05,-5.5e-05,-0.956354,0.065962,0.024993,-0.085642,0.511129,0.003717,-0.859495,0.721811,0.541034,0.43159,0.466621,-0.840991,0.273855,-0.000144,-0.000768,-0.001143,0.170554,1.510048,-2.336658,0.446744
138,0.135855,-0.029959,0.268343,-0.437608,-0.013771,-0.899086,-0.797358,-0.456234,0.395023,-0.415096,0.889776,0.189794,-0.016493,-0.002726,-0.004753,-0.00145,0.030843,-0.053433,0.45193,-0.161234,-0.027279,0.314204,-0.231453,-0.95849,0.166487,0.863568,-0.123758,0.488742,-0.447558,0.258101,0.856119,8e-06,-0.000509,-0.000557,-0.0,-0.0,0.0,-1.335124,0.048174,0.030367,-0.017902,0.250984,0.963466,0.093484,-0.849955,0.173133,0.497594,0.46323,-0.204345,0.862357,6e-06,-0.00031,-0.00034,0.000359,0.000796,-0.000534,-0.955701,0.065952,0.024893,-0.085679,0.512401,0.003673,-0.858738,0.721311,0.540804,0.432713,0.465998,-0.84114,0.274459,-0.000354,-0.001905,-0.00284,4.6e-05,-0.000185,0.000223,0.433518
139,0.135815,-0.030037,0.268209,-0.437452,-0.013801,-0.899161,-0.797408,-0.456261,0.394892,-0.415165,0.889761,0.18971,-0.000826,-0.004414,-0.006585,-0.000465,0.016129,-0.02388,0.442864,-0.161246,-0.027283,0.314185,-0.231192,-0.958479,0.166911,0.863665,-0.123343,0.488675,-0.447506,0.258341,0.856074,1.1e-05,-0.000672,-0.000735,-0.0,0.0,0.0,-1.31944,0.048168,0.030366,-0.017911,0.250731,0.963489,0.093922,-0.850063,0.172712,0.497555,0.463168,-0.204592,0.862331,-0.007453,-0.000948,-0.000259,-0.014591,0.114667,-0.201167,-0.953088,0.065926,0.024851,-0.085743,0.512284,0.003686,-0.858807,0.721365,0.540806,0.43262,0.466043,-0.841139,0.274387,-0.000462,-0.002486,-0.003707,-0.000423,0.016087,-0.023856,0.42225
140,0.135807,-0.030069,0.267956,-0.437634,-0.013803,-0.899072,-0.79721,-0.456512,0.395001,-0.415353,0.889633,0.189904,-9.8e-05,0.009208,-0.0111,0.035249,-0.015761,0.016756,0.425621,-0.161268,-0.02732,0.314147,-0.231061,-0.958869,0.164837,0.862985,-0.123885,0.489738,-0.448883,0.25662,0.85587,2.3e-05,-0.001434,-0.00157,-0.0,-0.0,0.0,-1.318019,0.048157,0.030349,-0.017929,0.250558,0.963736,0.091821,-0.849348,0.173317,0.498566,0.464572,-0.202908,0.861974,1.5e-05,-0.000832,-0.000911,-0.001504,0.01515,-0.025369,-0.953415,0.06592,0.024828,-0.085879,0.512475,0.003709,-0.858693,0.72113,0.541045,0.432713,0.466197,-0.840984,0.274598,-0.000287,-0.001554,-0.002324,-0.000443,0.016118,-0.023885,0.398573
141,0.135913,-0.030058,0.267754,-0.437027,-0.013885,-0.899366,-0.79732,-0.456812,0.394433,-0.415782,0.889478,0.189691,-0.000329,-0.001762,-0.002637,0.0,0.0,0.0,0.413091,-0.161268,-0.027347,0.314102,-0.230769,-0.958858,0.165316,0.863093,-0.123418,0.489666,-0.448826,0.256891,0.855819,9e-06,-0.00055,-0.000602,-0.0,0.0,0.0,-1.311012,0.048157,0.030333,-0.017954,0.250277,0.963763,0.092313,-0.849468,0.172845,0.498526,0.464505,-0.203187,0.861944,-0.007459,-0.000822,-0.000125,-0.002063,0.015219,-0.029263,-0.953905,0.065973,0.024837,-0.085984,0.511877,0.003728,-0.859049,0.721258,0.541346,0.432122,0.466655,-0.84079,0.274414,-0.000177,-0.000961,-0.001438,0.002773,-0.095264,0.140864,0.378489
142,0.1362,-0.03003,0.267732,-0.436241,-0.013922,-0.899747,-0.797598,-0.456935,0.393726,-0.416073,0.889414,0.189353,0.000255,0.001369,0.002048,0.0,0.0,0.0,0.388191,-0.161245,-0.027387,0.314056,-0.230329,-0.958838,0.166038,0.863237,-0.122703,0.489591,-0.448775,0.257305,0.855721,1.8e-05,-0.001119,-0.001226,0.0,0.0,0.0,-1.310265,0.048169,0.030314,-0.017976,0.249853,0.963802,0.093045,-0.849625,0.172129,0.498505,0.464445,-0.203606,0.861878,1e-05,-0.000696,-0.000764,-0.0,8e-06,-1e-05,-0.954068,0.066116,0.024847,-0.086001,0.511128,0.003681,-0.859496,0.721587,0.541457,0.431434,0.466968,-0.840719,0.274098,0.00805,0.00029,0.000774,0.001463,-0.030872,0.053414,0.351382
143,0.136455,-0.030019,0.267778,-0.438414,-0.01362,-0.898696,-0.796648,-0.457061,0.395499,-0.415608,0.889353,0.190653,0.016203,0.001159,0.002411,0.001453,-0.03086,0.053421,0.373806,-0.161234,-0.027387,0.314055,-0.230109,-0.958829,0.166398,0.863309,-0.122347,0.489554,-0.44875,0.257512,0.855672,0.0,-1.4e-05,-1.5e-05,0.0,0.0,0.0,-1.307293,0.048174,0.030312,-0.017978,0.249642,0.963822,0.093409,-0.849704,0.171772,0.498494,0.464415,-0.203816,0.861845,-0.0,3.2e-05,3.5e-05,-2.7e-05,-2e-06,-5e-06,-0.954231,0.066232,0.024852,-0.085978,0.513295,0.00362,-0.858204,0.720437,0.541594,0.433181,0.466366,-0.840632,0.275389,0.008083,0.000483,0.001056,0.000931,-0.015995,0.031405,0.332767
144,0.136871,-0.030112,0.267842,-0.442691,-0.010146,-0.896642,-0.795126,-0.457808,0.397691,-0.413981,0.889011,0.19572,0.015663,-0.001761,-0.001966,0.001646,-0.01023,0.024489,0.353524,-0.161168,-0.027351,0.314072,-0.230055,-0.959218,0.164218,0.862615,-0.123013,0.490609,-0.45011,0.255733,0.855491,0.01491,0.002079,0.000719,-0.010569,0.084193,-0.142544,-1.285605,0.048208,0.030329,-0.017971,0.249544,0.964059,0.091194,-0.84897,0.172505,0.499491,0.465807,-0.202066,0.861505,0.007454,0.001118,0.000446,-0.009946,0.085593,-0.143432,-0.947863,0.066453,0.024813,-0.085935,0.517619,0.000514,-0.85561,0.718697,0.542354,0.435116,0.464267,-0.840149,0.280363,0.007814,-0.000966,-0.001118,-0.004233,-0.022754,0.025108,0.298313
145,0.13722,-0.030156,0.267754,-0.44213,-0.010127,-0.896919,-0.795346,-0.457878,0.397171,-0.414159,0.888975,0.195507,0.015686,-0.001642,-0.0018,0.000984,-0.014714,0.029553,0.319159,-0.161053,-0.027365,0.314106,-0.224186,-0.960552,0.164537,0.863341,-0.117568,0.490668,-0.451685,0.253262,0.855396,0.014927,0.001044,-0.000417,-0.010571,0.084175,-0.142554,-1.28172,0.048259,0.030324,-0.017951,0.243757,0.965514,0.091453,-0.849765,0.16718,0.499949,0.467419,-0.199579,0.861212,-3e-06,7.6e-05,8.4e-05,7.4e-05,9.9e-05,6.8e-05,-0.948026,0.066621,0.024789,-0.085982,0.517048,0.000533,-0.855956,0.718972,0.542373,0.434639,0.464479,-0.840137,0.28005,-5e-05,-0.000284,-0.000431,4.1e-05,-0.00032,-2.2e-05,0.261409
146,0.137444,-0.030174,0.267718,-0.441599,-0.010138,-0.89718,-0.795559,-0.457921,0.396695,-0.414317,0.888953,0.195272,-3e-05,-0.000165,-0.000247,0.0,0.0,0.0,0.296463,-0.16103,-0.027364,0.314105,-0.218289,-0.961851,0.164877,0.864085,-0.112118,0.490634,-0.453155,0.250779,0.85535,-0.0,2e-06,2e-06,-0.0,-0.0,-0.0,-1.281298,0.048276,0.030325,-0.017951,0.23782,0.966948,0.091935,-0.85062,0.16164,0.500317,0.46892,-0.197188,0.860946,1e-06,-1.4e-05,-1.2e-05,-0.01218,0.099592,-0.171729,-0.947863,0.066739,0.024779,-0.086002,0.51652,0.000486,-0.856274,0.719231,0.54241,0.434161,0.464663,-0.840113,0.279816,-1e-05,-6.3e-05,-0.000101,0.000126,-7.9e-05,-4.4e-05,0.231527
147,0.137849,-0.030223,0.267754,-0.440621,-0.012743,-0.897628,-0.793275,-0.462544,0.395904,-0.419696,0.886526,0.194819,0.015819,-0.0009,-0.000709,0.000984,-0.014715,0.029553,0.260507,-0.160942,-0.027365,0.314063,-0.21213,-0.963095,0.165649,0.864896,-0.106254,0.49051,-0.454539,0.248535,0.855271,1.9e-05,-0.001143,-0.001253,-0.0,-0.0,-0.0,-1.280799,0.04832,0.030327,-0.01797,0.231707,0.968355,0.092733,-0.851523,0.15581,0.500629,0.470338,-0.194964,0.860679,1e-06,-9.3e-05,-9.9e-05,0.000622,0.000324,9.4e-05,-0.949496,0.066936,0.024756,-0.085982,0.515407,0.002989,-0.856939,0.716647,0.546794,0.432935,0.469863,-0.837261,0.279679,2.8e-05,0.000161,0.000236,-5.6e-05,1.8e-05,-2.3e-05,0.173396
148,0.138021,-0.030155,0.267583,-0.440173,-0.015386,-0.897807,-0.790501,-0.467596,0.395518,-0.425356,0.883833,0.194781,-7.3e-05,0.009432,-0.010768,0.035882,4.4e-05,-0.007281,0.245293,-0.160862,-0.027383,0.314066,-0.212077,-0.963482,0.163454,0.864172,-0.106931,0.491636,-0.455937,0.246731,0.855049,0.0,-3e-06,-3e-06,-0.0,-0.0,0.0,-1.280247,0.04836,0.030315,-0.017972,0.231608,0.968588,0.090523,-0.850764,0.156547,0.50169,0.47176,-0.193209,0.860297,0.0,1.4e-05,1.5e-05,0.000654,0.00152,-0.00071,-0.950802,0.067028,0.024789,-0.08606,0.514743,0.005572,-0.857325,0.713547,0.551564,0.432003,0.475277,-0.834113,0.279938,-0.000126,-0.000708,-0.001067,0.003072,-0.00175,-0.001537,0.135512
