frame,MLTx,MLTy,MLTz,MLTR1,MLTR2,MLTR3,MLTR4,MLTR5,MLTR6,MLTR7,MLTR8,MLTR9,MLTTVx,MLTTVy,MLTTVz,MLTRVx,MLTRVy,MLTRVz,MLGA,MRTx,MRTy,MRTz,MRTR1,MRTR2,MRTR3,MRTR4,MRTR5,MRTR6,MRTR7,MRTR8,MRTR9,MRTTVx,MRTTVy,MRTTVz,MRTRVx,MRTRVy,MRTRVz,MRGA,SLTx,SLTy,SLTz,SLTR1,SLTR2,SLTR3,SLTR4,SLTR5,SLTR6,SLTR7,SLTR8,SLTR9,SLTTVx,SLTTVy,SLTTVz,SLTRVx,SLTRVy,SLTRVz,SLGA,SRTx,SRTy,SRTz,SRTR1,SRTR2,SRTR3,SRTR4,SRTR5,SRTR6,SRTR7,SRTR8,SRTR9,SRTTVx,SRTTVy,SRTTVz,SRTRVx,SRTRVy,SRTRVz,SRGA
330,0.048755,0.030408,0.354365,-0.511207,0.614658,-0.600757,-0.825712,-0.545178,0.144749,-0.237919,0.569282,0.786981,-0.02541,0.007768,0.004714,-0.001367,-0.073459,0.111675,0.431623,-0.130522,0.066179,0.360495,0.688014,0.723611,0.05491,-0.720004,0.671451,0.175162,0.089018,-0.160973,0.982866,0.00174,-0.012057,0.007417,0.248783,0.778091,-0.173346,-1.40747,0.028115,0.051895,-0.003012,-0.599111,-0.79711,0.075375,0.798905,-0.5889,0.12225,-0.053058,0.133459,0.989632,6.4e-05,-0.000454,-0.000259,0.957246,2.435103,-0.343869,-0.762691,0.061544,0.040083,-0.064674,-0.567672,0.562135,-0.601457,-0.757352,-0.643006,0.113842,-0.322746,0.52014,0.790751,-0.013585,-0.001546,0.006565,-0.038861,0.055778,-0.07421,0.394981
331,0.047899,0.030352,0.354773,-0.518918,0.604844,-0.604097,-0.816813,-0.559217,0.141645,-0.251509,0.566182,0.784989,-0.02684,-0.002325,0.013701,-0.023938,0.035785,-0.061544,0.431873,-0.130663,0.065932,0.360667,0.690279,0.720068,0.070763,-0.719937,0.674101,0.164965,0.070221,-0.165735,0.983597,-0.011707,-0.000262,0.0007,0.040223,-0.104048,0.127407,-1.407629,0.028045,0.051765,-0.002925,-0.600763,-0.794121,0.091947,0.798697,-0.591318,0.111468,-0.034149,0.140404,0.989504,-0.005875,-1.5e-05,0.000414,0.005422,-0.101433,0.130385,-0.756486,0.061116,0.040058,-0.064474,-0.573946,0.551582,-0.605261,-0.746834,-0.655748,0.110603,-0.335893,0.51551,0.788305,-0.013377,-0.001056,0.00695,0.000512,-0.101901,0.13623,0.394981
332,0.047485,0.030279,0.355037,-0.523801,0.598567,-0.606131,-0.811012,-0.568055,0.1398,-0.259992,0.56406,0.783752,-0.013615,-0.005073,0.012257,0.271162,-0.139563,-0.259108,0.428693,-0.130881,0.065858,0.36078,0.688304,0.722467,0.065346,-0.721306,0.672321,0.166243,0.07531,-0.162482,0.983764,-0.010417,-0.009359,0.009731,-0.02342,-0.084731,0.117398,-1.407379,0.027936,0.051727,-0.002869,-0.598822,-0.796212,0.086359,0.799928,-0.589362,0.112987,-0.039064,0.136741,0.989836,-0.005242,-0.004494,0.004972,-0.03057,-0.079015,0.11795,-0.756486,0.060898,0.040019,-0.064338,-0.577962,0.544884,-0.607502,-0.740053,-0.663691,0.108786,-0.343919,0.512459,0.786832,-0.006768,-0.002439,0.006223,0.269067,-0.135402,-0.265845,0.393838
333,0.046673,0.030036,0.355707,-0.528034,0.589642,-0.611185,-0.803693,-0.579448,0.135242,-0.273755,0.561882,0.780624,-0.012748,-0.003159,0.013782,0.057736,-0.099908,0.035774,0.424474,-0.131234,0.065974,0.36094,0.681344,0.72965,0.058078,-0.727,0.665626,0.168367,0.083339,-0.157869,0.983867,-0.000931,0.006277,0.003397,0.002121,-0.015525,0.024184,-1.407254,0.02776,0.051782,-0.00279,-0.591501,-0.802461,0.078619,0.804959,-0.582072,0.115024,-0.04654,0.131322,0.990246,-0.00044,0.002942,0.001601,0.000364,0.002563,0.000358,-0.764161,0.060496,0.039897,-0.064009,-0.581106,0.535579,-0.612756,-0.731239,-0.674103,0.104269,-0.357217,0.508663,0.783362,-0.013769,-0.005354,0.012051,0.235239,-0.092355,-0.310018,0.388449
334,0.045872,0.029707,0.356527,-0.532261,0.577839,-0.618744,-0.793993,-0.594289,0.12793,-0.293135,0.55865,0.775892,-0.014162,-0.013174,0.022864,0.346954,-0.621672,0.538561,0.424924,-0.131279,0.066277,0.361146,0.664423,0.745112,0.057808,-0.741131,0.647193,0.178323,0.094627,-0.162275,0.982128,-0.001388,0.009358,0.005047,-0.490382,-0.825304,-5.512327,-1.407339,0.027738,0.051934,-0.002693,-0.577721,-0.81256,0.077349,0.814199,-0.567,0.124855,-0.057595,0.135109,0.989154,-0.000689,0.004615,0.002495,-0.232835,0.195345,-0.059536,-0.768407,0.060097,0.039738,-0.063602,-0.584368,0.523416,-0.62012,-0.719449,-0.68766,0.097546,-0.375375,0.503148,0.778417,-0.013217,-0.004122,0.013031,1.307895,-1.970554,1.524787,0.387143
335,0.04545,0.029556,0.356997,-0.534622,0.572268,-0.62188,-0.789162,-0.601306,0.12501,-0.301742,0.556883,0.773861,-0.011642,-0.000751,0.015693,-0.033176,-0.079072,0.152658,0.424597,-0.131315,0.066395,0.361252,0.656502,0.751893,0.060446,-0.747632,0.638173,0.183617,0.098665,-0.166695,0.98099,-0.001099,0.007411,0.003991,-0.548715,-0.936029,-5.317525,-1.407729,0.027719,0.052001,-0.00263,-0.565567,-0.820875,0.079353,0.82231,-0.553986,0.130017,-0.062767,0.138786,0.98833,-0.000508,0.00377,0.001896,-0.538829,-0.947491,-5.310581,-0.768733,0.059884,0.039656,-0.063365,-0.585418,0.517662,-0.623947,-0.713837,-0.693974,0.093997,-0.384345,0.500425,0.775791,-0.01314,-0.003943,0.013172,-0.072336,-0.036213,0.106961,0.386653
336,0.044648,0.029397,0.357934,-0.539063,0.561142,-0.628153,-0.779218,-0.615344,0.118919,-0.319136,0.552873,0.769747,-0.024891,-0.004938,0.028639,-0.066816,-0.041688,0.109306,0.422954,-0.131338,0.066551,0.361399,0.645294,0.761287,0.063471,-0.756427,0.625358,0.191521,0.105304,-0.172569,0.979283,-0.000722,0.004873,0.002619,-0.039774,-0.015387,-0.13497,-1.407764,0.027707,0.052079,-0.002556,-0.552177,-0.829722,0.081614,0.830739,-0.539278,0.138023,-0.070508,0.144013,0.98706,-0.000418,0.002786,0.001501,-0.006811,-0.11993,-0.456762,-0.763508,0.059488,0.039578,-0.062902,-0.588356,0.506219,-0.630538,-0.702142,-0.706591,0.087892,-0.40104,0.494439,0.771165,-0.012396,-0.002336,0.014441,-0.069135,-0.038966,0.108737,0.384857
337,0.043956,0.029391,0.358906,-0.553314,0.545764,-0.62931,-0.760788,-0.638727,0.1149,-0.338567,0.541666,0.769414,-0.023684,-0.002381,0.030636,0.065996,0.090501,0.154881,0.422442,-0.131304,0.066737,0.361494,0.647674,0.759015,0.066374,-0.753877,0.626016,0.199264,0.108883,-0.180063,0.97754,0.010926,0.005246,0.001986,-0.087143,0.023642,0.062093,-1.407936,0.02772,0.052171,-0.002509,-0.554408,-0.82793,0.084632,0.828869,-0.540149,0.145647,-0.074872,0.150897,0.985709,-0.000221,0.001478,0.000795,-0.097289,0.044131,0.045288,-0.760732,0.059142,0.039574,-0.062416,-0.60066,0.489046,-0.632487,-0.680927,-0.727499,0.084152,-0.41898,0.481225,0.769985,-0.004494,0.002469,0.010094,0.213203,0.18966,0.007165,0.384367
338,0.04322,0.029554,0.359979,-0.564122,0.530691,-0.632598,-0.744648,-0.657976,0.111979,-0.356112,0.533569,0.767147,-0.022329,0.000443,0.032812,-0.058068,-0.056764,0.12468,0.41512,-0.131133,0.066823,0.361558,0.648832,0.757804,0.068859,-0.752559,0.625909,0.204516,0.111072,-0.185482,0.97628,-0.000157,0.001052,0.000564,-0.101912,0.044497,0.037601,-1.407995,0.027805,0.052217,-0.002475,-0.555648,-0.826852,0.087003,0.827786,-0.540416,0.150732,-0.077616,0.155774,0.984738,0.00071,-0.005,0.004267,-0.177943,0.069396,0.033084,-0.761385,0.058781,0.039651,-0.06189,-0.609477,0.473094,-0.636175,-0.662544,-0.744631,0.080991,-0.435399,0.470856,0.767281,-0.011086,0.000419,0.016579,0.024117,-0.07191,0.018796,0.379795
339,0.042842,0.029677,0.360507,-0.570618,0.521114,-0.634729,-0.734153,-0.670021,0.109827,-0.367346,0.528007,0.765698,-0.020215,0.011836,0.024751,-0.033848,0.022585,-0.023971,0.413137,-0.130992,0.066817,0.361587,0.649717,0.757199,0.067151,-0.751236,0.626291,0.208176,0.114762,-0.186666,0.975628,0.011444,0.001741,0.000105,-0.120956,0.031406,0.075318,-1.407788,0.027875,0.052214,-0.00246,-0.556606,-0.826375,0.085401,0.82677,-0.540905,0.154505,-0.081485,0.156606,0.984293,1.3e-05,-9.3e-05,-5.4e-05,-0.144393,0.045858,0.056992,-0.763181,0.058584,0.039713,-0.061613,-0.614684,0.462848,-0.638696,-0.650659,-0.755261,0.078876,-0.445876,0.464058,0.765404,-0.011068,0.000443,0.016582,-0.068055,-0.037643,0.107083,0.375223
340,0.042145,0.029966,0.361622,-0.587139,0.498641,-0.637707,-0.708662,-0.697351,0.107107,-0.390574,0.514182,0.763607,-0.021633,0.001802,0.033777,-0.057766,-0.05601,0.125107,0.403964,-0.130708,0.066734,0.361606,0.649593,0.757287,0.067361,-0.751334,0.626102,0.208395,0.114827,-0.186946,0.975566,0.011725,-0.000108,-0.000887,0.002023,-0.015196,0.029253,-1.407601,0.028017,0.052174,-0.00245,-0.556582,-0.826367,0.085626,0.826791,-0.54085,0.154587,-0.081435,0.156835,0.984261,0.005922,-0.000456,-0.000665,0.002384,-0.000701,0.003703,-0.765631,0.05824,0.03986,-0.061066,-0.628544,0.43849,-0.642384,-0.621846,-0.7794,0.076431,-0.467161,0.447504,0.762561,-0.003455,0.004584,0.011676,0.06017,-0.006936,-0.10652,0.366405
341,0.041957,0.030122,0.362559,-0.60345,0.476152,-0.639666,-0.68253,-0.723186,0.105483,-0.411627,0.499649,0.762195,0.003426,-0.006709,0.028552,0.25401,-0.136121,-0.184521,0.391565,-0.13042,0.066687,0.361613,0.644435,0.761602,0.068245,-0.755636,0.62085,0.208551,0.115657,-0.186935,0.97547,0.000254,-0.001682,-0.000903,-0.0,0.0,-0.0,-1.407512,0.028166,0.052148,-0.002448,-0.550905,-0.830113,0.086114,0.830503,-0.535126,0.154605,-0.082258,0.156691,0.984216,0.006685,-0.00575,0.003449,-0.051419,0.1151,-0.182504,-0.766937,0.058134,0.039945,-0.060586,-0.641754,0.414587,-0.645188,-0.593192,-0.801562,0.074965,-0.486079,0.43083,0.760336,0.002443,0.001684,0.009746,1.036368,-0.187282,-1.239329,0.352199
342,0.041997,0.030155,0.362986,-0.612975,0.462755,-0.640442,-0.666704,-0.73789,0.104861,-0.423295,0.490683,0.76163,0.005452,0.004496,0.020322,3.508982,-0.685431,-4.001575,0.385586,-0.130286,0.066674,0.361607,0.643848,0.76203,0.069003,-0.756183,0.620169,0.208597,0.115359,-0.187454,0.975406,0.000157,-0.001034,-0.000555,-0.0,0.0,0.0,-1.407868,0.028233,0.05214,-0.002452,-0.550223,-0.83049,0.086834,0.830979,-0.534378,0.154639,-0.082024,0.157243,0.984147,0.005824,0.00022,-0.000302,-0.012732,0.09175,-0.138352,-0.76759,0.058153,0.039957,-0.06037,-0.647519,0.403728,-0.646313,-0.580076,-0.811151,0.074462,-0.494195,0.423127,0.759429,0.002612,0.002037,0.010005,-0.032084,-0.005865,0.035822,0.343871
343,0.042234,0.030165,0.363905,-0.627702,0.44197,-0.640858,-0.642019,-0.759447,0.105001,-0.439515,0.476798,0.76126,0.004411,-0.004604,0.030086,3.476284,-0.564483,-4.184775,0.375778,-0.130047,0.066664,0.361574,0.635639,0.768859,0.06936,-0.762068,0.610805,0.214719,0.121928,-0.19032,0.974051,0.011556,0.001061,-0.000261,-0.036691,0.00191,0.043664,-1.407559,0.028348,0.052132,-0.00247,-0.54127,-0.836362,0.086744,0.836103,-0.5244,0.161042,-0.0892,0.159694,0.983127,5.5e-05,-0.000356,-0.000193,-0.020625,0.114751,-0.151529,-0.767753,0.058271,0.039963,-0.059915,-0.659643,0.381483,-0.647564,-0.553176,-0.829707,0.07471,-0.508788,0.407499,0.758339,0.009369,0.000999,0.009512,-0.033453,-0.020332,0.068202,0.328522
344,0.042472,0.030207,0.364945,-0.637565,0.427851,-0.640702,-0.625327,-0.773126,0.1059,-0.449247,0.46763,0.761266,0.006794,0.007389,0.022383,-0.023907,-0.007799,0.026021,0.374479,-0.129871,0.06666,0.361538,0.629024,0.774018,0.072224,-0.766573,0.602372,0.222367,0.127824,-0.196224,0.972122,0.00019,-0.001238,-0.000665,-0.319214,0.141007,0.118526,-1.407566,0.028436,0.052133,-0.002486,-0.533389,-0.841228,0.088484,0.84055,-0.515415,0.166799,-0.09471,0.163344,0.982011,0.000139,-0.000916,-0.000494,-0.635256,0.26859,0.172519,-0.76808,0.058389,0.039981,-0.059392,-0.66991,0.362304,-0.648039,-0.53011,-0.844529,0.075843,-0.51981,0.39434,0.75782,0.002568,-0.001491,0.015624,-0.038536,0.011713,-0.009454,0.320847
345,0.042717,0.03018,0.36608,-0.644507,0.417519,-0.640573,-0.613273,-0.78259,0.106873,-0.455889,0.461203,0.761239,0.004893,-0.00352,0.030757,-0.065487,0.015854,0.022452,0.373117,-0.129735,0.066633,0.361514,0.620769,0.780575,0.073071,-0.772666,0.59357,0.224933,0.131428,-0.197084,0.971466,0.000281,-0.001827,-0.000983,-0.019984,0.008738,0.00708,-1.407471,0.028508,0.052121,-0.002498,-0.525067,-0.846354,0.08938,0.845227,-0.50631,0.170997,-0.09947,0.165332,0.981208,0.00589,-0.000194,-0.000519,0.011287,-0.001757,0.010972,-0.768896,0.058511,0.039971,-0.058834,-0.675556,0.351217,-0.648282,-0.517024,-0.852507,0.076917,-0.525651,0.387139,0.757504,0.002451,-0.001718,0.015409,-0.067231,0.016315,0.02459,0.319377
346,0.042823,0.030106,0.366638,-0.649256,0.410339,-0.640417,-0.604812,-0.789062,0.107495,-0.460418,0.456609,0.761282,0.004727,-0.003856,0.03047,3.473799,-0.578212,-4.184789,0.372554,-0.129669,0.066604,0.361494,0.621528,0.77987,0.074134,-0.771848,0.593656,0.227498,0.132632,-0.199609,0.970787,0.011745,-0.000136,-0.000906,-0.030566,-0.000787,0.041395,-1.407867,0.028537,0.052105,-0.002508,-0.525822,-0.845762,0.090531,0.844576,-0.506499,0.173633,-0.100998,0.16776,0.980639,0.000179,-0.001162,-0.000626,-0.000948,0.003172,0.012799,-0.76906,0.058567,0.039937,-0.058546,-0.677422,0.347661,-0.64825,-0.512979,-0.854887,0.077582,-0.527209,0.385095,0.757463,0.002332,-0.001964,0.015207,-0.067063,0.016191,0.024344,0.317581
347,0.042964,0.029745,0.367905,-0.654245,0.403493,-0.639689,-0.597166,-0.794594,0.109471,-0.463315,0.453115,0.761612,0.003682,-0.006049,0.028773,-0.065779,0.030023,-0.002643,0.372237,-0.129614,0.066534,0.361453,0.621767,0.779516,0.075838,-0.771491,0.59313,0.23007,0.133584,-0.202549,0.970047,0.000256,-0.001663,-0.000896,-0.010376,0.004601,0.003874,-1.407753,0.028569,0.052069,-0.00253,-0.526051,-0.84544,0.092198,0.844285,-0.506125,0.176123,-0.102238,0.170492,0.98004,0.000131,-0.000846,-0.000456,0.017571,-0.005915,0.002154,-0.770203,0.058641,0.039757,-0.057899,-0.683522,0.336186,-0.6479,-0.499774,-0.862478,0.079724,-0.531998,0.378297,0.757541,0.001812,-0.003044,0.01437,-0.067159,0.030436,-0.000958,0.316275
348,0.042916,0.029208,0.369382,-0.660118,0.392959,-0.640214,-0.585102,-0.803438,0.110065,-0.470306,0.446753,0.761086,0.002471,-0.01554,0.038299,-0.059802,-0.011889,0.048316,0.378824,-0.129621,0.066525,0.361449,0.620966,0.780058,0.076829,-0.772203,0.592199,0.23008,0.133201,-0.203192,0.969966,1e-06,-6e-06,-3e-06,-2e-06,1e-06,1e-06,-1.407506,0.028566,0.052063,-0.002533,-0.525108,-0.845933,0.093041,0.844928,-0.505142,0.17586,-0.101767,0.170959,0.980008,-7e-06,4.6e-05,2.4e-05,0.000624,-0.000403,-0.000791,-0.771346,0.058614,0.039491,-0.057178,-0.688061,0.325028,-0.64879,-0.486719,-0.869849,0.080406,-0.538216,0.371103,0.756707,-0.005123,-0.005899,0.020253,0.041347,-0.223294,0.297301,0.319867
349,0.042802,0.028914,0.370166,-0.663242,0.385916,-0.641268,-0.576845,-0.80948,0.109383,-0.476062,0.441975,0.760296,-0.010408,-0.012233,0.040166,-0.003808,0.036367,-0.134408,0.38611,-0.129622,0.066532,0.361453,0.620376,0.780455,0.077561,-0.772726,0.591513,0.230087,0.132918,-0.203666,0.969905,-1.3e-05,8.2e-05,4.4e-05,-0.0,0.0,0.0,-1.407399,0.028565,0.052068,-0.00253,-0.524426,-0.846281,0.093729,0.845379,-0.504391,0.175849,-0.101541,0.171456,0.979944,-1.1e-05,7.2e-05,4e-05,-0.014666,0.106843,-0.167649,-0.771999,0.058563,0.039345,-0.056785,-0.690196,0.317818,-0.650092,-0.477937,-0.874764,0.079764,-0.543327,0.365756,0.755656,0.000938,-0.008353,0.018716,0.218633,0.000407,-0.400635,0.325092
350,0.04237,0.028399,0.37173,-0.655537,0.382592,-0.651107,-0.572351,-0.814142,0.097773,-0.491876,0.436275,0.753491,-0.011301,-0.01413,0.038754,-0.09559,0.062077,-0.043486,0.398767,-0.129627,0.066562,0.361479,0.619135,0.781286,0.079092,-0.773819,0.590068,0.230125,0.132349,-0.204675,0.96977,-0.000167,0.001088,0.000586,-0.0,0.0,0.0,-1.407446,0.028563,0.052082,-0.002517,-0.523,-0.847002,0.095174,0.846315,-0.502815,0.17586,-0.101099,0.172522,0.979803,-0.000108,0.000702,0.000378,-0.014743,0.106912,-0.167444,-0.771673,0.058349,0.039091,-0.056001,-0.681895,0.31559,-0.659864,-0.472554,-0.878666,0.068097,-0.55831,0.358257,0.748292,-0.004699,-0.001533,0.01517,-0.058589,-0.069258,0.169421,0.341585
351,0.041764,0.027877,0.373182,-0.641209,0.376908,-0.668458,-0.562395,-0.823434,0.0751,-0.521333,0.423619,0.740801,-0.013066,-0.017851,0.036028,1.449614,-0.793464,-0.477406,0.400113,-0.129616,0.066604,0.36149,0.618104,0.781971,0.080376,-0.774731,0.588876,0.230109,0.131834,-0.205496,0.969667,-1.4e-05,9.4e-05,5e-05,-0.014702,0.106993,-0.166992,-1.407485,0.028568,0.052106,-0.00251,-0.521916,-0.847544,0.096285,0.847029,-0.501624,0.175823,-0.100719,0.173321,0.979701,-2e-06,1.6e-05,9e-06,-5.2e-05,-5.5e-05,-0.000288,-0.770203,0.058057,0.038835,-0.055283,-0.66708,0.314982,-0.675121,-0.465765,-0.883607,0.047966,-0.581434,0.346446,0.736144,-0.006592,-0.009001,0.017965,-0.103193,-0.112926,0.296092,0.350076
352,0.041119,0.027314,0.374395,-0.626319,0.371748,-0.685254,-0.550589,-0.833191,0.051156,-0.551157,0.408866,0.72738,-0.014833,-0.02154,0.033353,-0.086523,-0.207862,0.456613,0.403201,-0.129594,0.066631,0.361503,0.617324,0.782487,0.081348,-0.775417,0.58797,0.230116,0.13146,-0.206129,0.969583,-7.8e-05,0.000509,0.000274,-0.0,0.0,0.0,-1.407557,0.028579,0.052118,-0.002505,-0.520924,-0.848038,0.097303,0.847678,-0.50053,0.175812,-0.100392,0.174067,0.979602,-5.7e-05,0.000368,0.000198,-4.6e-05,-2.9e-05,-0.000197,-0.768733,0.05773,0.038558,-0.054673,-0.65142,0.308465,-0.693181,-0.447043,-0.894236,0.022177,-0.613028,0.324329,0.720421,-0.013647,-0.008624,0.017985,-0.056877,-0.241764,0.481585,0.351382
353,0.040803,0.027096,0.374906,-0.621318,0.367864,-0.691871,-0.542524,-0.839021,0.041021,-0.564638,0.400381,0.721739,-0.02533,-0.006256,0.027433,-0.048125,-0.224193,0.453688,0.405307,-0.129595,0.066639,0.361507,0.616817,0.782821,0.081972,-0.775861,0.587383,0.230118,0.131221,-0.206535,0.969529,-0.000238,0.001543,0.00083,-0.012573,0.091489,-0.142795,-1.407506,0.028579,0.052119,-0.002504,-0.520431,-0.848283,0.097807,0.848,-0.499987,0.175805,-0.100231,0.174435,0.979553,3e-06,-2e-05,-1.1e-05,-3.7e-05,-2.2e-05,-0.000163,-0.765794,0.057569,0.038435,-0.05441,-0.645652,0.305579,-0.699824,-0.438379,-0.898709,0.012023,-0.625265,0.314551,0.714213,-0.00661,-0.005574,0.012214,-0.030817,-0.234435,0.45811,0.355138
354,0.040127,0.02683,0.37591,-0.619901,0.360261,-0.697123,-0.529486,-0.847671,0.032697,-0.578386,0.388933,0.717097,-0.024237,-0.00395,0.02911,-0.029261,-0.129785,0.256731,0.399777,-0.129621,0.066635,0.361507,0.615817,0.783479,0.083194,-0.776734,0.586226,0.230121,0.130755,-0.207328,0.969423,-0.0,0.0,0.0,-0.014702,0.106993,-0.166992,-1.407351,0.028566,0.05212,-0.002502,-0.519308,-0.848839,0.098944,0.848731,-0.498751,0.175787,-0.099867,0.175265,0.979442,1e-06,-1.4e-05,-8e-06,-4.5e-05,-2.6e-05,-0.000111,-0.763834,0.057228,0.038296,-0.053912,-0.64317,0.298388,-0.705191,-0.424315,-0.905506,0.00385,-0.637407,0.3017,0.709005,-0.005865,-0.00401,0.013354,0.045184,-0.149048,0.21346,0.353015
355,0.039268,0.027044,0.376868,-0.620587,0.357813,-0.697773,-0.525932,-0.849913,0.03185,-0.580884,0.386297,0.716502,-0.020893,0.009879,0.0226,-0.030837,-0.055837,0.127728,0.398357,-0.129662,0.066621,0.361492,0.614856,0.784108,0.084363,-0.777574,0.585122,0.230096,0.130289,-0.208071,0.969326,0.000237,-0.001543,-0.00083,-0.00213,0.015504,-0.024197,-1.40703,0.028549,0.052117,-0.002508,-0.518249,-0.849361,0.100017,0.849421,-0.497591,0.175744,-0.099502,0.176035,0.979341,-1e-06,-2e-06,-1e-06,-2.3e-05,-1.7e-05,-7.6e-05,-0.758936,0.056808,0.038385,-0.053439,-0.643667,0.295797,-0.70583,-0.420446,-0.907311,0.003184,-0.639466,0.298812,0.708373,-0.010479,0.004907,0.011292,-0.028701,-0.059783,0.13287,0.349749
356,0.038827,0.02729,0.377272,-0.621324,0.358197,-0.69692,-0.527088,-0.849137,0.033406,-0.579047,0.387644,0.717261,-0.020781,0.01006,0.022706,-0.034608,0.037948,-0.047743,0.399052,-0.12967,0.066612,0.361488,0.61448,0.784353,0.084821,-0.7779,0.584688,0.230097,0.130115,-0.208369,0.969286,0.000175,-0.001136,-0.000611,-0.0,0.0,0.0,-1.406998,0.028541,0.052111,-0.002511,-0.517692,-0.849634,0.100579,0.849782,-0.496978,0.175733,-0.099323,0.176446,0.979286,9.7e-05,-0.000639,-0.000344,-2.6e-05,-8e-06,-6.1e-05,-0.75714,0.056577,0.03852,-0.053229,-0.644174,0.29637,-0.705126,-0.421986,-0.90659,0.004463,-0.637938,0.300429,0.709067,-0.015627,0.012669,0.008375,0.004455,-0.080834,0.142691,0.349586
357,0.038031,0.027993,0.377922,-0.624917,0.35711,-0.694259,-0.527363,-0.848772,0.038027,-0.574917,0.389442,0.719606,-0.019112,0.020267,0.013539,-0.005084,0.02007,-0.03743,0.408315,-0.129714,0.066559,0.361453,0.613526,0.784974,0.085976,-0.77873,0.583593,0.230069,0.129656,-0.209104,0.969189,-0.011205,-0.003393,-0.000993,-0.016742,0.122208,-0.196231,-1.406732,0.028523,0.052085,-0.002528,-0.516727,-0.850105,0.101553,0.850407,-0.495923,0.175689,-0.098991,0.177144,0.979193,0.000164,-0.00107,-0.000575,-2.7e-05,-5e-06,-4.3e-05,-0.753547,0.05618,0.038871,-0.052898,-0.647677,0.294833,-0.702558,-0.422467,-0.906332,0.009117,-0.634063,0.302713,0.711567,-0.009453,0.010371,0.006954,-0.009929,0.011694,-0.015903,0.354322
358,0.037545,0.028632,0.378329,-0.631007,0.351846,-0.691433,-0.521957,-0.851882,0.042773,-0.57319,0.387446,0.722056,-0.008379,0.012484,0.008433,-0.000441,0.001166,-0.004124,0.410213,-0.12984,0.066518,0.36143,0.61273,0.785493,0.08691,-0.779419,0.582685,0.230037,0.129285,-0.209689,0.969112,-0.011457,-0.001758,-0.000113,-0.002045,0.015205,-0.029245,-1.407145,0.028461,0.05206,-0.002542,-0.515727,-0.850595,0.102533,0.851053,-0.494832,0.175638,-0.09866,0.177842,0.9791,-3e-06,2.3e-05,1.3e-05,-2.7e-05,-4e-06,-2.5e-05,-0.753057,0.055938,0.039194,-0.052692,-0.653147,0.288821,-0.699986,-0.416839,-0.908873,0.013936,-0.632174,0.300883,0.714019,-0.004345,0.005938,0.00401,0.002424,-0.002728,0.000215,0.362649
359,0.037292,0.028976,0.378732,-0.639485,0.33962,-0.689755,-0.50656,-0.860979,0.045639,-0.577575,0.378161,0.723484,-0.009806,0.002647,0.017787,3.778494,-0.228937,-4.016358,0.404337,-0.129936,0.066511,0.361433,0.612134,0.785881,0.087605,-0.77993,0.582003,0.230031,0.129025,-0.210135,0.96905,-0.000122,0.000801,0.000432,0.0,0.0,0.0,-1.407144,0.028409,0.052056,-0.002541,-0.515036,-0.850933,0.103201,0.851495,-0.494078,0.175619,-0.098451,0.178326,0.979033,-8.5e-05,0.000556,0.0003,-1.7e-05,1e-05,-2e-05,-0.752241,0.055807,0.03937,-0.052494,-0.65854,0.27964,-0.698659,-0.405928,-0.913748,0.016889,-0.633676,0.294728,0.715254,-0.004076,0.006468,0.004375,-0.000284,0.000371,-0.00242,0.359384
360,0.03719,0.029113,0.379007,-0.643601,0.335042,-0.688164,-0.501441,-0.863824,0.048328,-0.577466,0.375756,0.724822,0.004908,0.010026,0.007147,0.000556,-0.013531,0.025432,0.404009,-0.129944,0.06651,0.361433,0.611769,0.786115,0.088048,-0.780245,0.581583,0.23003,0.128858,-0.210423,0.96901,-2e-06,1e-05,5e-06,0.0,0.0,0.0,-1.40691,0.028404,0.052057,-0.00254,-0.514623,-0.851132,0.103618,0.85176,-0.493624,0.17561,-0.098319,0.178631,0.97899,-1e-06,1e-05,7e-06,-2.4e-05,7e-06,-1.7e-05,-0.751424,0.055753,0.039431,-0.052362,-0.663708,0.270531,-0.697354,-0.395121,-0.918415,0.019767,-0.635114,0.288659,0.716453,-0.004483,0.002192,0.009513,-0.030659,0.006802,0.011388,0.357914
361,0.037066,0.029392,0.379563,-0.643951,0.335018,-0.687849,-0.501737,-0.863614,0.049016,-0.576819,0.376261,0.725075,0.005513,0.011253,0.007986,0.000558,-0.013512,0.02545,0.406348,-0.12996,0.0665,0.361429,0.610286,0.787293,0.087818,-0.781656,0.580689,0.227482,0.127337,-0.208473,0.969632,2.8e-05,-0.000186,-0.0001,0.00055,-0.000255,-0.000213,-1.407371,0.028396,0.052052,-0.002542,-0.513001,-0.852154,0.103255,0.852944,-0.492523,0.172934,-0.096511,0.176786,0.979505,1.5e-05,-9.6e-05,-5.1e-05,-0.008003,0.003121,0.000379,-0.751098,0.055687,0.039572,-0.052077,-0.664035,0.270497,-0.697055,-0.395502,-0.918237,0.020439,-0.634534,0.289259,0.716724,-0.004172,0.002814,0.009939,-0.033447,0.009776,0.008154,0.358404
362,0.03705,0.029546,0.380119,-0.644115,0.335221,-0.687596,-0.502314,-0.863244,0.049619,-0.576134,0.376928,0.725274,0.002287,-0.0022,0.01478,-0.033012,0.022119,-0.013888,0.410239,-0.129926,0.066505,0.361429,0.609911,0.787531,0.088285,-0.781978,0.580255,0.227482,0.127159,-0.208782,0.969589,0.0,-0.0,-0.0,-0.014687,0.107008,-0.166983,-1.407417,0.028413,0.052055,-0.002542,-0.512688,-0.852298,0.103626,0.853139,-0.49216,0.173005,-0.096452,0.177105,0.979454,0.005732,0.000859,4.6e-05,0.001901,-0.015116,0.029443,-0.751751,0.055683,0.03966,-0.051797,-0.664191,0.270713,-0.696824,-0.396163,-0.917939,0.020995,-0.633959,0.290001,0.716934,0.002318,0.004749,0.003358,0.000143,-0.013467,0.02588,0.362486
363,0.037101,0.029585,0.380354,-0.644212,0.3353,-0.687466,-0.502563,-0.863082,0.049912,-0.575809,0.377227,0.725376,0.003879,0.007922,0.005588,0.000573,-0.013478,0.025467,0.411016,-0.1299,0.066509,0.361429,0.609607,0.787724,0.088662,-0.782239,0.579904,0.227482,0.127016,-0.209031,0.969555,0.0,-0.0,-0.0,-0.014689,0.107008,-0.166983,-1.407371,0.028426,0.052057,-0.002541,-0.512347,-0.85246,0.103982,0.853357,-0.491784,0.173,-0.096339,0.17737,0.979417,-1e-06,2e-06,-0.0,-7e-06,4.1e-05,0.000164,-0.751914,0.055707,0.039675,-0.051676,-0.664325,0.270766,-0.696675,-0.396444,-0.91781,0.021323,-0.633643,0.290358,0.717068,0.000978,-0.00142,0.00716,-0.032793,0.008657,0.011917,0.364772
364,0.037335,0.029649,0.380758,-0.646501,0.331499,-0.687161,-0.497756,-0.865827,0.050535,-0.577412,0.374292,0.725622,0.002385,-0.001987,0.014904,-0.032445,0.008628,0.011573,0.410729,-0.129848,0.066516,0.36144,0.608913,0.788164,0.089516,-0.782829,0.579098,0.227506,0.126712,-0.209609,0.969469,-2e-06,1e-05,5e-06,0.0,-0.0,-0.0,-1.406641,0.028452,0.05206,-0.002536,-0.511468,-0.852876,0.104889,0.853914,-0.490813,0.173008,-0.096074,0.178054,0.979319,1e-06,0.0,0.0,-0.014676,0.107008,-0.166892,-0.753547,0.055822,0.039705,-0.051482,-0.666149,0.266698,-0.696503,-0.391331,-0.919986,0.022005,-0.634905,0.287222,0.717215,0.001112,-0.001144,0.007343,-0.036782,0.101692,-0.163835,0.365915
365,0.037535,0.029791,0.381129,-0.647102,0.331211,-0.686734,-0.497706,-0.86581,0.051326,-0.576782,0.374588,0.725971,0.002658,-0.001419,0.015284,-0.032446,0.008626,0.011572,0.41008,-0.129813,0.066513,0.361436,0.608348,0.788521,0.090212,-0.783311,0.578446,0.227504,0.126449,-0.210067,0.969405,0.000235,-0.001535,-0.000827,-0.002129,0.015505,-0.024196,-1.406825,0.028469,0.052063,-0.002536,-0.510847,-0.853169,0.105531,0.854308,-0.490131,0.172995,-0.09587,0.17853,0.979252,-0.0,-2e-06,-2e-06,-0.014703,0.106995,-0.166937,-0.75469,0.055921,0.039774,-0.051298,-0.66662,0.266445,-0.696148,-0.391403,-0.919938,0.022703,-0.634365,0.287609,0.717537,0.001331,-0.000694,0.007651,-0.032701,0.008633,0.011824,0.365915
366,0.03753,0.029932,0.381552,-0.64891,0.33078,-0.685233,-0.49814,-0.865403,0.053904,-0.574371,0.375905,0.7272,0.00375,0.007683,0.005364,0.000595,-0.01343,0.025493,0.409981,-0.129737,0.066532,0.36144,0.607887,0.78881,0.090796,-0.783705,0.577912,0.227504,0.126226,-0.210457,0.969349,-4e-06,2.6e-05,1.4e-05,0.0,-0.0,-0.0,-1.40677,0.028508,0.052069,-0.002536,-0.510313,-0.853419,0.106098,0.854648,-0.489542,0.172986,-0.09569,0.178953,0.979192,0.00573,0.000871,5.2e-05,0.002028,-0.015194,0.029286,-0.756486,0.055922,0.039849,-0.051077,-0.668479,0.2657,-0.69465,-0.3919,-0.919657,0.025371,-0.6321,0.289193,0.718899,0.001842,0.003791,0.002646,0.000634,-0.013685,0.025884,0.365099
367,0.037448,0.029953,0.381795,-0.64902,0.330862,-0.685091,-0.498415,-0.865224,0.054239,-0.57401,0.376245,0.72731,-0.011116,-0.000159,0.015702,-0.03402,0.036782,-0.043468,0.409233,-0.12971,0.066529,0.361436,0.607481,0.789064,0.091295,-0.78405,0.577444,0.227502,0.126037,-0.210786,0.969302,2.8e-05,-0.000185,-0.0001,0.0,-0.0,-0.0,-1.406974,0.028521,0.052067,-0.002538,-0.509855,-0.853634,0.106569,0.854938,-0.489039,0.172976,-0.095542,0.179302,0.979143,1.9e-05,-0.000117,-6.5e-05,-0.014694,0.107004,-0.166969,-0.757303,0.055887,0.039863,-0.05096,-0.668567,0.26579,-0.69453,-0.392211,-0.919516,0.025658,-0.631813,0.289557,0.719004,-0.004505,0.005523,0.003634,-0.000501,0.001269,-0.003885,0.364935
368,0.037211,0.0299,0.382405,-0.651931,0.326696,-0.684325,-0.493545,-0.867915,0.055763,-0.574913,0.373687,0.727915,0.001319,-0.00416,0.013343,-0.033036,0.022063,-0.013918,0.408545,-0.129675,0.066535,0.361427,0.606838,0.789467,0.092088,-0.7846,0.576708,0.227472,0.125716,-0.211294,0.969233,0.0,-1e-06,-1e-06,0.0,-0.0,-0.0,-1.406994,0.028538,0.052069,-0.002543,-0.509129,-0.853973,0.107317,0.855399,-0.488247,0.172934,-0.095283,0.179845,0.979069,-1e-06,9e-06,4e-06,-1.9e-05,8e-06,2.8e-05,-0.756976,0.055763,0.039834,-0.05065,-0.671007,0.261259,-0.693896,-0.387072,-0.921645,0.027296,-0.632395,0.286903,0.719557,0.000658,-0.002067,0.006684,-0.033226,0.022281,-0.013639,0.363792
369,0.036878,0.029813,0.383172,-0.654805,0.322657,-0.683497,-0.488954,-0.870398,0.057465,-0.575565,0.37142,0.728559,-0.021951,0.007073,0.020277,-0.034298,0.038142,-0.047568,0.406384,-0.129705,0.066554,0.361439,0.606035,0.789972,0.093046,-0.785278,0.575788,0.227463,0.125357,-0.211922,0.969143,-3.2e-05,0.00021,0.000113,-0.014699,0.107007,-0.166983,-1.406707,0.028524,0.05208,-0.002537,-0.508323,-0.854351,0.108121,0.855906,-0.487366,0.172911,-0.095033,0.180436,0.978984,-1.8e-05,0.000118,6.5e-05,-2.3e-05,1e-06,2e-05,-0.757303,0.055594,0.039786,-0.05027,-0.673396,0.25688,-0.693216,-0.382247,-0.923602,0.029066,-0.63279,0.284553,0.720142,-0.010945,0.003618,0.0102,-0.034533,0.038445,-0.047202,0.361833
370,0.036641,0.029781,0.383639,-0.655602,0.322353,-0.682876,-0.489094,-0.870239,0.058684,-0.574538,0.372058,0.729045,-0.008972,0.004184,0.018686,-0.033377,0.02346,-0.017922,0.404801,-0.12973,0.06655,0.361439,0.605723,0.790168,0.093413,-0.785541,0.575431,0.227458,0.125221,-0.212161,0.969108,-0.0,3e-06,2e-06,0.0,-0.0,-0.0,-1.40699,0.028511,0.052078,-0.002536,-0.507872,-0.854564,0.108566,0.85619,-0.486872,0.172898,-0.094895,0.180764,0.978937,1e-06,-1.4e-05,-9e-06,-3e-06,8e-06,1.8e-05,-0.757303,0.055479,0.039767,-0.050044,-0.674148,0.256484,-0.692632,-0.382433,-0.923487,0.030257,-0.631877,0.285283,0.720655,-0.005208,-0.002783,0.014086,-0.066672,0.045578,-0.03159,0.360037
371,0.036039,0.029841,0.384726,-0.65895,0.318024,-0.681683,-0.484438,-0.872675,0.061078,-0.574649,0.37008,0.729964,-0.019512,0.011955,0.023597,-0.033661,0.024984,-0.021863,0.40404,-0.12974,0.066558,0.361423,0.605186,0.790501,0.094065,-0.786,0.574826,0.227401,0.124934,-0.21256,0.969058,1e-06,-4e-06,-2e-06,0.0,-0.0,-0.0,-1.406936,0.028506,0.052081,-0.002545,-0.507266,-0.854845,0.109181,0.856574,-0.486219,0.17283,-0.094657,0.181193,0.978881,-1e-06,-0.0,0.0,-2e-06,6e-06,1.5e-05,-0.758936,0.055185,0.039794,-0.049515,-0.676948,0.251772,-0.691629,-0.377556,-0.92541,0.032667,-0.631816,0.283242,0.721512,-0.010566,0.000946,0.016439,-0.066996,0.047077,-0.035497,0.358077
372,0.03541,0.030052,0.385731,-0.654548,0.319984,-0.684998,-0.485341,-0.872506,0.056115,-0.578901,0.368784,0.727254,-0.019975,0.010936,0.022849,-0.03429,0.038303,-0.047399,0.403472,-0.129751,0.066573,0.361421,0.604752,0.790771,0.094588,-0.786369,0.574334,0.22737,0.124717,-0.212889,0.969013,-5e-06,3.1e-05,1.7e-05,0.0,0.0,0.0,-1.406584,0.0285,0.052089,-0.002546,-0.506777,-0.855072,0.109675,0.856884,-0.485688,0.17279,-0.09448,0.181545,0.978833,-3e-06,1.5e-05,8e-06,-1.1e-05,3e-06,1.2e-05,-0.759752,0.054869,0.039904,-0.048998,-0.672704,0.254351,-0.694819,-0.3784,-0.925228,0.027659,-0.635831,0.281526,0.718651,-0.003723,0.003622,0.01037,-0.033042,-0.075115,0.179617,0.356934
373,0.034822,0.030341,0.386643,-0.654831,0.314146,-0.687426,-0.47624,-0.877732,0.052468,-0.586084,0.361342,0.725234,-0.007628,0.006757,0.020342,1.107145,-0.076499,-1.194607,0.404293,-0.129747,0.066605,0.361427,0.60411,0.791169,0.095367,-0.786913,0.573602,0.227337,0.124404,-0.213388,0.968944,-0.000173,0.001129,0.000608,0.0,0.0,0.0,-1.406735,0.028503,0.052103,-0.002544,-0.506053,-0.855406,0.11041,0.857339,-0.4849,0.172744,-0.094228,0.182076,0.978758,-0.000115,0.000746,0.000402,-2.2e-05,-2e-06,8e-06,-0.759752,0.054571,0.04005,-0.04854,-0.671888,0.249731,-0.69728,-0.370268,-0.928609,0.024203,-0.641457,0.274442,0.716389,-0.01019,0.005076,0.011123,3.764743,-0.249244,-4.055129,0.356934
374,0.034595,0.030504,0.387023,-0.654621,0.31455,-0.687441,-0.476863,-0.877389,0.052557,-0.585812,0.361824,0.725213,-0.020227,0.010306,0.022354,-0.034256,0.038407,-0.047363,0.405574,-0.129747,0.066606,0.361417,0.603754,0.791388,0.095799,-0.787215,0.573199,0.227307,0.124221,-0.213657,0.968908,0.000233,-0.001521,-0.000819,-0.00213,0.015508,-0.024194,-1.406592,0.028502,0.05211,-0.002545,-0.505666,-0.855584,0.110803,0.857584,-0.484481,0.172707,-0.094083,0.182355,0.978721,2e-06,-9e-06,-6e-06,-2.5e-05,6e-06,3e-06,-0.759262,0.054463,0.040131,-0.04835,-0.672127,0.248956,-0.697326,-0.369299,-0.928992,0.02429,-0.641764,0.273848,0.716341,-0.003919,0.00318,0.010035,-0.028105,-0.080002,0.184915,0.357914
375,0.034289,0.030949,0.387671,-0.66041,0.302878,-0.687146,-0.461545,-0.885505,0.0532,-0.591542,0.3519,0.725446,-0.005411,0.017947,0.01176,0.001287,-0.011631,0.020848,0.403635,-0.129772,0.066654,0.361382,0.603168,0.791747,0.096523,-0.787727,0.572559,0.227146,0.123823,-0.214047,0.968873,0.0,-0.0,-0.0,-0.014704,0.107055,-0.166952,-1.406598,0.02849,0.05213,-0.002565,-0.50509,-0.855847,0.111401,0.857958,-0.483878,0.172536,-0.09376,0.182723,0.978683,-0.000818,0.005629,-0.003933,0.036398,-0.007351,0.019805,-0.758609,0.054305,0.040344,-0.048033,-0.676518,0.236608,-0.697379,-0.353076,-0.935254,0.0252,-0.646266,0.263276,0.716258,-0.002724,0.008956,0.005876,0.009273,-0.011783,0.012633,0.35873
376,0.034029,0.031563,0.388298,-0.662286,0.292745,-0.689727,-0.446154,-0.893595,0.049053,-0.601158,0.339842,0.723287,-0.004559,0.019573,0.012793,-0.000259,0.001586,-0.003908,0.397122,-0.129772,0.066656,0.361362,0.603894,0.791349,0.095233,-0.786622,0.572674,0.230657,0.127238,-0.215211,0.968172,4.2e-05,-0.000276,-0.000149,-0.099044,0.047407,0.039252,-1.406518,0.02849,0.05213,-0.002575,-0.505673,-0.855653,0.110233,0.857218,-0.483912,0.176082,-0.097322,0.183534,0.978183,3.1e-05,-0.0002,-0.000109,-0.149766,0.073572,0.056603,-0.759589,0.054173,0.040646,-0.047717,-0.677117,0.226358,-0.700195,-0.336714,-0.941365,0.021294,-0.65432,0.250184,0.713633,-0.002875,0.005208,0.011348,-0.03505,0.013041,0.00698,0.353179
377,0.033927,0.031893,0.388621,-0.660249,0.293883,-0.691194,-0.446625,-0.893488,0.046659,-0.603045,0.33914,0.722043,-0.003725,0.0212,0.013847,0.000471,-0.011532,0.021743,0.392596,-0.129762,0.06665,0.361348,0.603896,0.791347,0.095239,-0.786626,0.57268,0.230632,0.127214,-0.215201,0.968178,0.000153,-0.000997,-0.000537,-0.001448,0.000693,0.000574,-1.406488,0.028495,0.05213,-0.002581,-0.505865,-0.855529,0.110317,0.857101,-0.484073,0.176207,-0.097349,0.18369,0.978151,0.000118,-0.00077,-0.000415,0.012956,-0.004749,-0.000158,-0.759589,0.054118,0.040824,-0.047546,-0.675182,0.22779,-0.701597,-0.33717,-0.941254,0.018875,-0.656082,0.249302,0.712322,-0.001816,0.010709,0.007,-0.002367,-0.009009,0.020252,0.348116
378,0.033712,0.032629,0.389337,-0.656113,0.296231,-0.694124,-0.447631,-0.893223,0.041841,-0.606802,0.33779,0.719525,-0.003087,0.022381,0.014544,0.000482,-0.011506,0.021756,0.385863,-0.12977,0.066642,0.361333,0.603777,0.79142,0.095384,-0.786729,0.572549,0.230605,0.127139,-0.215281,0.96817,2.2e-05,-0.00014,-7.6e-05,-0.0,0.0,0.0,-1.40628,0.028491,0.052123,-0.00259,-0.505715,-0.855606,0.110404,0.857208,-0.483945,0.176042,-0.097193,0.183666,0.978171,1.2e-05,-8e-05,-4.3e-05,0.000264,-0.000155,-0.000228,-0.760405,0.054015,0.041181,-0.047202,-0.671307,0.230669,-0.70437,-0.338087,-0.941009,0.014052,-0.659578,0.247572,0.709693,-0.001515,0.011269,0.007331,-0.001085,-0.01026,0.021126,0.338156
379,0.033793,0.033309,0.389972,-0.655384,0.297083,-0.694449,-0.448573,-0.892774,0.041337,-0.606896,0.338227,0.719241,0.009594,0.019133,0.012611,0.002213,-0.039301,0.076978,0.379089,-0.129788,0.066649,0.361317,0.60349,0.791597,0.095734,-0.786977,0.57223,0.23055,0.126966,-0.215481,0.968148,1.5e-05,-9.7e-05,-5.2e-05,-0.0,0.0,0.0,-1.406349,0.028482,0.052126,-0.002598,-0.505384,-0.855759,0.110733,0.857419,-0.483593,0.175978,-0.097045,0.183882,0.978145,7e-06,-4.4e-05,-2.3e-05,-2.2e-05,-1.3e-05,-0.000143,-0.760732,0.054048,0.041527,-0.046875,-0.670715,0.231591,-0.704631,-0.339078,-0.940659,0.01359,-0.659671,0.248041,0.709442,0.003636,0.003875,0.010515,-0.032533,0.009174,0.012143,0.329991
380,0.033897,0.033599,0.390269,-0.653126,0.29843,-0.695997,-0.449198,-0.892577,0.038733,-0.608864,0.337561,0.717889,-0.003006,0.022471,0.014466,0.000596,-0.011586,0.021874,0.371261,-0.129777,0.066635,0.361309,0.603303,0.791712,0.095962,-0.787134,0.572016,0.230547,0.126881,-0.215631,0.968126,0.011657,0.000447,-0.000592,0.002045,-0.015205,0.029245,-1.40641,0.028487,0.052121,-0.002601,-0.505171,-0.855857,0.110949,0.857552,-0.48336,0.175972,-0.096979,0.184041,0.978122,0.00584,0.000154,-0.000333,0.002035,-0.015228,0.029129,-0.760732,0.054106,0.041673,-0.046725,-0.668535,0.233291,-0.70614,-0.339697,-0.940471,0.010899,-0.661562,0.24716,0.707987,0.004532,0.009065,0.005954,-0.002048,-0.022483,0.048285,0.323949
381,0.034082,0.034091,0.391051,-0.654007,0.292714,-0.697596,-0.440148,-0.897183,0.036108,-0.614493,0.330291,0.716473,-0.004003,0.013661,0.024475,0.314545,-0.007141,-0.348405,0.356558,-0.129749,0.066624,0.361291,0.602793,0.792024,0.096591,-0.787566,0.571433,0.230515,0.126625,-0.216032,0.96807,5.7e-05,-0.000373,-0.000201,-0.0,0.0,0.0,-1.406324,0.028502,0.052114,-0.002611,-0.504592,-0.856121,0.111543,0.857916,-0.482729,0.17593,-0.096773,0.184468,0.978062,4e-05,-0.000259,-0.000139,-2e-05,-1.8e-05,-7.7e-05,-0.760895,0.054195,0.041917,-0.046347,-0.668337,0.228708,-0.707826,-0.331713,-0.943343,0.0084,-0.665802,0.240409,0.706336,0.003735,0.004133,0.010583,3.822341,-0.200714,-3.922937,0.304518
382,0.034224,0.034415,0.39197,-0.653384,0.290865,-0.698951,-0.436599,-0.899,0.033946,-0.617676,0.326974,0.715256,0.007792,0.008808,0.02149,-0.03142,-0.003839,0.037541,0.345833,-0.129742,0.066634,0.361275,0.602288,0.792332,0.097213,-0.787997,0.570862,0.230457,0.126351,-0.216412,0.968021,1e-06,-4e-06,-2e-06,-0.0,0.0,0.0,-1.40689,0.028505,0.052119,-0.002619,-0.50402,-0.856382,0.11213,0.858279,-0.482109,0.175862,-0.096546,0.184877,0.978007,-2e-06,1.8e-05,1e-05,-8e-06,-6e-06,-5.3e-05,-0.760732,0.054266,0.042086,-0.045877,-0.667859,0.225757,-0.709222,-0.326264,-0.945256,0.006346,-0.668965,0.235632,0.704955,0.003085,-0.000583,0.015424,-0.065245,0.01904,0.023751,0.287699
383,0.034348,0.034531,0.393048,-0.647579,0.29474,-0.70272,-0.438824,-0.898133,0.027614,-0.622196,0.325881,0.711829,0.005745,-0.002045,0.030203,0.39245,-0.488008,0.494352,0.342206,-0.129753,0.06665,0.361263,0.602028,0.79249,0.097531,-0.788221,0.570575,0.230402,0.12619,-0.216592,0.968001,0.0,-0.0,-0.0,-0.0,0.0,0.0,-1.40662,0.0285,0.052127,-0.002625,-0.503726,-0.856515,0.112431,0.858466,-0.481797,0.175801,-0.096407,0.185074,0.977983,2e-06,8e-06,7e-06,-3.7e-05,5e-06,-3.7e-05,-0.761059,0.054331,0.042148,-0.045329,-0.662581,0.230338,-0.712692,-0.328484,-0.944509,0.000128,-0.673115,0.234193,0.701476,0.002846,-0.001044,0.015085,0.440963,-0.541393,0.543897,0.276922
384,0.034445,0.034464,0.393619,-0.645491,0.296429,-0.703929,-0.440177,-0.89753,0.025604,-0.62341,0.326007,0.710708,0.005031,-0.003462,0.029269,1.459975,-1.666528,1.594307,0.338414,-0.129745,0.066659,0.361268,0.60188,0.79258,0.097713,-0.788345,0.570404,0.2304,0.126122,-0.216712,0.967983,-9e-06,5.9e-05,3.2e-05,-0.0,0.0,0.0,-1.406528,0.028503,0.052132,-0.002622,-0.503558,-0.856591,0.112602,0.858571,-0.481613,0.175796,-0.096355,0.185201,0.977964,-4e-06,4.2e-05,2.4e-05,-1.7e-05,-9e-06,-3e-05,-0.761058,0.054379,0.042118,-0.045054,-0.662329,0.231191,-0.71265,-0.329806,-0.944048,0.000259,-0.672716,0.235208,0.701519,0.002378,-0.001975,0.014475,-0.065576,0.019487,0.02301,0.272676
385,0.034664,0.034035,0.394775,-0.640929,0.300357,-0.706428,-0.443534,-0.895987,0.021383,-0.625736,0.326651,0.708365,0.012631,-0.023404,0.032484,-0.097224,0.038701,0.013602,0.334107,-0.129731,0.066677,0.361276,0.601406,0.792869,0.09829,-0.788742,0.569859,0.230392,0.125908,-0.217092,0.967926,-5.5e-05,0.000356,0.000192,-0.0,0.0,0.0,-1.40632,0.028511,0.052141,-0.002618,-0.503023,-0.856834,0.113147,0.858903,-0.481026,0.17578,-0.096187,0.185603,0.977905,-3.3e-05,0.000223,0.00012,-2.1e-05,1e-06,-2.1e-05,-0.761548,0.054489,0.041917,-0.044473,-0.656402,0.236882,-0.716256,-0.333238,-0.94282,-0.006422,-0.676822,0.234468,0.697807,0.001109,-0.004509,0.01285,-0.06912,0.035415,-0.005665,0.264022
