frame,MLTx,MLTy,MLTz,MLTR1,MLTR2,MLTR3,MLTR4,MLTR5,MLTR6,MLTR7,MLTR8,MLTR9,MLTTVx,MLTTVy,MLTTVz,MLTRVx,MLTRVy,MLTRVz,MLGA,MRTx,MRTy,MRTz,MRTR1,MRTR2,MRTR3,MRTR4,MRTR5,MRTR6,MRTR7,MRTR8,MRTR9,MRTTVx,MRTTVy,MRTTVz,MRTRVx,MRTRVy,MRTRVz,MRGA,SLTx,SLTy,SLTz,SLTR1,SLTR2,SLTR3,SLTR4,SLTR5,SLTR6,SLTR7,SLTR8,SLTR9,SLTTVx,SLTTVy,SLTTVz,SLTRVx,SLTRVy,SLTRVz,SLGA,SRTx,SRTy,SRTz,SRTR1,SRTR2,SRTR3,SRTR4,SRTR5,SRTR6,SRTR7,SRTR8,SRTR9,SRTTVx,SRTTVy,SRTTVz,SRTRVx,SRTRVy,SRTRVz,SRGA
995,0.122017,0.03409,0.34973,-0.378702,0.164693,-0.910773,-0.655102,-0.74281,0.138014,-0.653337,0.648707,0.39033,0.01152,0.008418,-0.02595,-0.105391,-0.467157,-0.703887,-1.91798,-0.202936,0.055388,0.33527,0.632256,0.037798,0.773831,-0.644936,0.578945,0.498812,-0.429927,-0.814481,0.389418,-0.01878,0.044949,-0.090292,0.698443,3.74124,-0.351853,0.538996,0.017844,0.050358,-0.009471,-0.593251,0.034446,0.80428,0.599182,-0.648328,0.469734,0.537618,0.760581,0.363982,-0.003337,0.021481,-0.046211,-0.551621,1.275337,0.981281,0.522242,0.07539,0.041553,-0.066502,-0.422739,0.246214,-0.872163,-0.625078,-0.776039,0.083899,-0.656176,0.580638,0.481965,0.005709,0.003836,-0.013247,-0.133791,-0.613912,-0.830434,-0.844558
996,0.122451,0.034395,0.348868,-0.402551,0.128141,-0.906409,-0.64821,-0.739041,0.183342,-0.645886,0.661186,0.381695,0.011528,0.000594,-0.015549,-0.205581,-0.53873,-0.863865,-1.917513,-0.203504,0.056559,0.33168,0.623839,-0.044419,0.780283,-0.617498,0.583801,0.527073,-0.479706,-0.810561,0.335761,-0.020134,0.030506,-0.100407,-0.491967,1.263222,0.913362,0.538629,0.017554,0.050968,-0.011289,-0.572303,0.121674,0.810964,0.569831,-0.652158,0.499981,0.589712,0.748254,0.303899,-0.003848,0.008619,-0.047511,-0.566396,1.618745,0.957031,0.522405,0.075616,0.041711,-0.066948,-0.445477,0.208485,-0.870679,-0.61622,-0.776894,0.129256,-0.649478,0.594111,0.474561,0.006189,0.006169,-0.011616,-0.214037,-0.399976,-1.19741,-0.852886
997,0.122512,0.034452,0.348621,-0.414472,0.10445,-0.904073,-0.641779,-0.737865,0.208917,-0.644754,0.666673,0.373987,-0.001394,-0.006801,-0.004768,-0.301538,-0.685499,-1.023225,-1.917648,-0.203632,0.05696,0.329729,0.619404,-0.093979,0.779422,-0.594913,0.591454,0.544238,-0.512896,-0.800657,0.309433,-0.008321,0.026082,-0.104555,-0.120898,1.473557,1.073739,0.53852,0.017485,0.051166,-0.012265,-0.562097,0.17018,0.809373,0.547624,-0.656776,0.518412,0.619801,0.73463,0.275977,-0.004087,0.006166,-0.04935,0.639831,2.428586,1.410678,0.522079,0.075651,0.041742,-0.067075,-0.456565,0.184786,-0.870288,-0.608816,-0.778187,0.154162,-0.64876,0.60023,0.467794,-0.000239,0.002626,-0.006114,-0.344698,-0.653096,-1.392891,-0.855498
998,0.122323,0.033901,0.34845,-0.425198,0.060346,-0.903112,-0.632412,-0.733615,0.248669,-0.647008,0.676795,0.351222,-0.003398,-0.024387,-0.001237,-0.244703,-0.3744,-0.800974,-1.917583,-0.203605,0.057392,0.325568,0.602572,-0.198411,0.773002,-0.545592,0.604324,0.580565,-0.583069,-0.771311,0.2549,0.002775,0.013422,-0.115237,-0.589713,1.427856,1.078746,0.538762,0.017494,0.051389,-0.014339,-0.533306,0.271335,0.801224,0.498607,-0.664311,0.556848,0.683355,0.696467,0.218991,0.001495,0.00036,-0.054391,-0.742149,1.791723,1.327978,0.521915,0.07556,0.041486,-0.067154,-0.465173,0.13821,-0.874363,-0.597724,-0.777604,0.195081,-0.652947,0.613375,0.444332,-0.007961,-0.01099,0.000264,-0.27377,-0.363663,-1.035581,-0.855662
999,0.12193,0.033166,0.348447,-0.434131,0.016915,-0.900716,-0.624293,-0.726462,0.287198,-0.648945,0.686969,0.327064,-0.014313,-0.006036,-0.0042,-0.387357,-0.971311,-0.917453,-1.917849,-0.203077,0.057334,0.321064,0.586463,-0.278839,0.760461,-0.52179,0.587883,0.618112,-0.62013,-0.758934,0.198296,0.027055,-0.007063,-0.11765,-0.679341,1.440661,1.138672,0.53869,0.017748,0.051362,-0.016594,-0.508378,0.349035,0.787226,0.478821,-0.645249,0.5953,0.715738,0.679578,0.160905,0.007371,-0.003639,-0.058484,-0.549475,1.242893,0.970123,0.522079,0.075366,0.041099,-0.067163,-0.473653,0.09779,-0.875265,-0.588253,-0.77475,0.231775,-0.655446,0.624658,0.424488,-0.001088,-0.009228,0.001467,-0.325474,-0.453523,-1.01392,-0.853375
1000,0.121426,0.032877,0.348606,-0.451174,-0.019664,-0.892244,-0.614164,-0.718526,0.326335,-0.646963,0.695241,0.313218,-0.013466,-0.009707,0.009173,-0.493532,1.317615,-3.191409,-1.917742,-0.20197,0.056596,0.316608,0.556613,-0.360413,0.748516,-0.480405,0.595293,0.644028,-0.678376,-0.717597,0.157239,0.02771,-0.033608,-0.108011,-0.382052,0.983948,0.701333,0.538345,0.018301,0.050995,-0.018831,-0.46912,0.42783,0.772585,0.438028,-0.64691,0.62421,0.766849,0.631243,0.116076,0.019938,-0.011284,-0.058138,-0.293654,1.096252,0.819449,0.522079,0.075117,0.04095,-0.067092,-0.485607,0.058568,-0.872212,-0.577775,-0.770259,0.269956,-0.656019,0.635035,0.407883,-0.006668,-0.004573,0.004793,-0.371405,-0.612675,-0.912566,-0.852396
1001,0.12114,0.032753,0.348759,-0.459199,-0.042054,-0.887363,-0.608666,-0.712679,0.348692,-0.646505,0.700277,0.302773,-0.013275,-0.008757,0.009846,-0.359049,-0.589834,-0.906036,-1.917809,-0.201251,0.055999,0.314403,0.535199,-0.402785,0.742508,-0.453191,0.604736,0.654863,-0.713438,-0.686458,0.140159,0.040265,-0.035861,-0.111735,3.756945,4.552776,1.442129,0.538332,0.018671,0.050684,-0.019974,-0.443603,0.466933,0.764976,0.411506,-0.652142,0.636689,0.796164,0.59723,0.097146,0.0203,-0.018353,-0.056143,3.691387,4.621523,1.502991,0.522079,0.07497,0.040892,-0.067013,-0.495785,0.035156,-0.867733,-0.570353,-0.766669,0.294813,-0.6549,0.641078,0.400154,-0.012928,-0.003196,0.005799,-0.361538,-0.637874,-0.968878,-0.84962
1002,0.120207,0.03249,0.349214,-0.464715,-0.089822,-0.880918,-0.601225,-0.698363,0.388315,-0.649509,0.710196,0.271636,-0.025322,-0.00373,0.013455,-0.503607,-0.899124,-1.099179,-1.917568,-0.199518,0.054627,0.309895,0.491729,-0.472593,0.731334,-0.396164,0.626378,0.671297,-0.775932,-0.619218,0.119842,0.053287,-0.038977,-0.117659,0.314638,0.723228,0.330347,0.538517,0.019538,0.049997,-0.022228,-0.391233,0.532861,0.750329,0.352164,-0.666575,0.657005,0.850244,0.521282,0.073131,0.02665,-0.019767,-0.05907,0.377723,0.653203,0.259123,0.521915,0.074508,0.040757,-0.066788,-0.499686,-0.012083,-0.866121,-0.561812,-0.756543,0.334677,-0.659302,0.653831,0.371245,-0.019081,-0.00124,0.00721,-0.352258,-0.500512,-0.924174,-0.841292
1003,0.118951,0.032606,0.34983,-0.468916,-0.134037,-0.873039,-0.594836,-0.682753,0.424252,-0.652359,0.718418,0.241515,-0.03683,0.003611,0.018661,-0.470196,-0.746186,-1.040673,-1.917874,-0.197083,0.052691,0.305542,0.459056,-0.512654,0.725566,-0.35922,0.639733,0.679439,-0.813034,-0.571882,0.108583,0.068062,-0.059161,-0.104924,3.908581,4.132463,0.849201,0.538528,0.020729,0.049041,-0.024374,-0.358407,0.564563,0.743513,0.317816,-0.675065,0.665791,0.877801,0.474925,0.062521,0.040428,-0.02932,-0.052663,-0.21065,0.355213,0.586768,0.522079,0.073884,0.040812,-0.066482,-0.501992,-0.057544,-0.862955,-0.554304,-0.744509,0.372092,-0.66389,0.665127,0.34184,-0.018371,0.002066,0.009534,-0.261356,-0.403768,-0.595746,-0.837047
1004,0.118328,0.032665,0.350186,-0.470085,-0.154289,-0.869057,-0.592418,-0.674729,0.440175,-0.653714,0.721954,0.226862,-0.036782,0.003757,0.018743,-0.544613,-0.896581,-1.132822,-1.918,-0.195594,0.05152,0.303594,0.449989,-0.521475,0.724959,-0.345865,0.64655,0.679915,-0.823818,-0.556026,0.109647,0.082329,-0.065686,-0.095928,0.176915,0.153167,0.034173,0.538594,0.021467,0.04845,-0.025358,-0.344522,0.575478,0.741706,0.300111,-0.681101,0.667857,0.889515,0.452686,0.061947,0.041195,-0.03265,-0.047807,0.45053,0.362114,0.04764,0.522079,0.073574,0.040846,-0.066302,-0.502688,-0.076978,-0.861032,-0.551431,-0.738517,0.387962,-0.665753,0.669824,0.328796,-0.01874,-0.003577,0.013535,-0.456475,-0.682407,-0.792444,-0.840639
1005,0.11674,0.032629,0.35103,-0.473717,-0.189041,-0.860175,-0.588165,-0.659058,0.468695,-0.654926,0.728187,0.202094,-0.036885,0.00319,0.018305,-0.324608,-0.476451,-0.636521,-1.91813,-0.192238,0.048939,0.300104,0.413916,-0.550702,0.724839,-0.301782,0.668096,0.680081,-0.859275,-0.499539,0.10941,0.097908,-0.068019,-0.08448,1.250121,1.165989,0.233263,0.538401,0.023177,0.047131,-0.027143,-0.305586,0.599643,0.739624,0.254029,-0.697284,0.670271,0.917652,0.392712,0.060754,0.049011,-0.033632,-0.041956,1.258525,1.169879,0.243993,0.522242,0.072767,0.040833,-0.06587,-0.504195,-0.115921,-0.855773,-0.546247,-0.724716,0.42,-0.66888,0.679226,0.302076,-0.01845,0.001626,0.0092,-0.315216,-0.461265,-0.627557,-0.843088
1006,0.114992,0.03258,0.352031,-0.476255,-0.219716,-0.85144,-0.593387,-0.634284,0.495528,-0.648345,0.741503,0.172768,-0.037278,-0.006295,0.027559,-0.452424,-0.609086,-0.74433,-1.917721,-0.188537,0.046144,0.297031,0.365625,-0.584232,0.724557,-0.245365,0.690309,0.68059,-0.898221,-0.42588,0.108111,0.100673,-0.071676,-0.072852,4.369077,4.126529,0.708613,0.538631,0.02499,0.04576,-0.028652,-0.2574,0.625248,0.736755,0.199711,-0.711562,0.673641,0.945441,0.320534,0.058287,0.050349,-0.035748,-0.036376,1.226236,1.052644,0.376945,0.522732,0.071907,0.04081,-0.06538,-0.505646,-0.145808,-0.85033,-0.551165,-0.703667,0.448408,-0.663731,0.695408,0.275442,-0.01862,-0.003024,0.013897,-0.479448,-0.747528,-0.598899,-0.844068
1007,0.11327,0.032323,0.353207,-0.479532,-0.238775,-0.844441,-0.599964,-0.613054,0.513985,-0.639825,0.753402,0.151778,-0.050536,-0.014445,0.037801,-0.413895,-0.427163,-0.694239,-1.918336,-0.184799,0.043227,0.294445,0.323236,-0.602324,0.729873,-0.210582,0.706049,0.67608,-0.922922,-0.37147,0.100442,0.090159,-0.077586,-0.061782,-0.002549,0.085714,0.016551,0.538653,0.026824,0.044335,-0.029923,-0.20905,0.639837,0.739531,0.158613,-0.724041,0.671271,0.964955,0.257629,0.049874,0.045084,-0.038268,-0.03041,0.334507,0.369674,0.091228,0.523058,0.071051,0.040685,-0.064796,-0.50808,-0.165156,-0.845326,-0.557496,-0.685059,0.468924,-0.656545,0.709517,0.255991,-0.024826,-0.001433,0.014999,-0.107204,-0.00649,-0.177766,-0.840639
1008,0.112304,0.032189,0.353833,-0.48149,-0.244456,-0.841697,-0.599535,-0.608661,0.519674,-0.638753,0.755148,0.147557,-0.049795,-0.003626,0.029398,-0.238869,-0.26566,-0.334822,-1.917955,-0.183012,0.041705,0.293381,0.304483,-0.612253,0.729676,-0.190387,0.711367,0.676493,-0.933605,-0.344128,0.099094,0.104965,-0.085957,-0.053722,-0.037319,0.083958,0.029818,0.538619,0.027791,0.043517,-0.030502,-0.189184,0.647509,0.738201,0.137894,-0.726808,0.672855,0.97221,0.229087,0.048212,0.052507,-0.042636,-0.02659,-0.040667,0.078043,0.028406,0.523058,0.070549,0.040614,-0.064468,-0.509594,-0.172488,-0.842948,-0.556867,-0.68072,0.475939,-0.655906,0.711946,0.250838,-0.024915,-0.001807,0.014732,-0.265849,-0.29851,-0.355159,-0.841619
1009,0.110325,0.031712,0.355155,-0.486771,-0.240451,-0.839811,-0.616213,-0.586917,0.525149,-0.618573,0.773428,0.138575,-0.051052,-0.016222,0.036546,-0.168382,-0.030587,-0.192378,-1.918098,-0.179237,0.038577,0.291406,0.255082,-0.63516,0.729038,-0.137266,0.722453,0.677608,-0.957375,-0.272118,0.09616,0.10696,-0.078009,-0.047959,0.296824,0.374009,0.095042,0.53878,0.029638,0.04198,-0.031473,-0.137838,0.664096,0.73483,0.084289,-0.731356,0.676766,0.986861,0.155223,0.044832,0.046817,-0.038741,-0.023201,1.158413,1.170333,0.207331,0.523059,0.069579,0.040383,-0.06382,-0.514615,-0.169327,-0.840534,-0.574073,-0.660109,0.484454,-0.636876,0.731836,0.242496,-0.025579,-0.008244,0.018209,-0.168926,-0.047835,-0.144071,-0.844395
1010,0.108246,0.031109,0.356496,-0.487785,-0.240973,-0.839073,-0.634426,-0.562399,0.530267,-0.599074,0.791285,0.122499,-0.051876,-0.01914,0.034531,-0.299816,-0.189875,-0.321145,-1.917949,-0.17533,0.03591,0.289852,0.197391,-0.65721,0.727395,-0.074643,0.729663,0.679672,-0.977658,-0.187631,0.094037,0.095302,-0.063123,-0.033644,0.041093,0.113376,0.075352,0.538658,0.031597,0.040631,-0.032266,-0.077782,0.678992,0.730013,0.021145,-0.730943,0.68211,0.996745,0.068492,0.042497,0.047654,-0.031001,-0.016298,0.294788,0.348123,0.107496,0.523222,0.068561,0.040093,-0.063159,-0.515721,-0.168924,-0.839938,-0.592834,-0.637412,0.492192,-0.61853,0.751778,0.228583,-0.025987,-0.009704,0.017202,-0.800913,-0.249574,-0.223438,-0.843088
1011,0.107248,0.030711,0.357082,-0.489156,-0.24003,-0.838545,-0.642834,-0.550588,0.532531,-0.588914,0.799834,0.116072,-0.053022,-0.023393,0.031605,-0.232235,-0.037352,-0.263674,-1.917814,-0.173423,0.034649,0.289378,0.185528,-0.661526,0.726604,-0.063158,0.729784,0.680706,-0.980771,-0.171351,0.092679,0.096813,-0.067123,-0.019514,0.258878,0.344722,0.112979,0.538562,0.032586,0.039974,-0.032518,-0.065588,0.681844,0.72855,0.009898,-0.729641,0.683757,0.997797,0.052058,0.041107,0.048421,-0.03285,-0.009095,0.258777,0.34316,0.113783,0.523222,0.068024,0.039884,-0.062837,-0.517085,-0.169293,-0.839024,-0.601593,-0.625402,0.496947,-0.608858,0.761716,0.221541,-0.026604,-0.011981,0.015633,-0.198997,0.009119,-0.237087,-0.844231
1012,0.105228,0.02992,0.358163,-0.491825,-0.226647,-0.840705,-0.667457,-0.521913,0.531112,-0.558545,0.82263,0.106464,-0.052699,-0.013982,0.022186,-0.073306,-0.012601,0.017662,-1.917602,-0.169825,0.032218,0.289101,0.157882,-0.670473,0.724935,-0.036974,0.729513,0.682918,-0.986895,-0.133785,0.089454,0.084252,-0.050255,-0.001958,3.905553,3.758039,0.575741,0.538299,0.034322,0.038791,-0.032661,-0.041174,0.686809,0.72567,-0.011791,-0.726569,0.686991,0.999082,0.01973,0.038014,0.042569,-0.030659,0.002806,-0.13809,-0.004739,0.063237,0.523222,0.067032,0.03949,-0.062308,-0.52032,-0.155571,-0.83968,-0.62708,-0.597849,0.499345,-0.579686,0.786367,0.213518,-0.026894,-0.012761,0.015098,-0.086356,0.037175,0.017652,-0.845211
1013,0.103386,0.028981,0.359188,-0.493995,-0.216686,-0.842058,-0.683744,-0.501461,0.530097,-0.536517,0.837887,0.100614,-0.041715,-0.029475,0.027452,-0.668618,-0.012627,-0.107526,-1.917896,-0.166543,0.030496,0.28968,0.127094,-0.677742,0.724226,2.5e-05,0.730049,0.683346,-0.991983,-0.085983,0.091869,0.085485,-0.040122,0.026844,0.176176,-0.249557,-0.107852,0.538308,0.036027,0.037884,-0.032381,-0.004906,0.691301,0.72255,-0.052121,-0.721753,0.690184,0.998628,-0.034274,0.039572,0.042721,-0.018978,0.01448,0.268384,-0.350382,-0.207371,0.522895,0.066107,0.039026,-0.061797,-0.522997,-0.144141,-0.840057,-0.643824,-0.579055,0.500184,-0.558537,0.802444,0.210042,-0.027101,-0.013217,0.01481,-1.790583,0.527889,-0.300209,-0.839333
1014,0.101755,0.028053,0.360187,-0.491945,-0.2176,-0.843022,-0.697339,-0.481278,0.531096,-0.52069,0.849412,0.086074,-0.028784,-0.030299,0.026937,-0.266929,-0.333529,-0.118785,-1.917564,-0.163538,0.02906,0.291606,0.132784,-0.675662,0.725149,0.002907,0.73179,0.681475,-0.99124,-0.087536,0.0982,0.05992,-0.041061,0.066111,0.052439,-0.431631,-0.212196,0.538268,0.037481,0.037187,-0.03147,-0.01001,0.690182,0.723566,-0.055031,-0.722886,0.688771,0.998434,-0.032924,0.045217,0.029404,-0.01361,0.030571,-0.178219,-0.079702,0.122982,0.522732,0.065286,0.038558,-0.0613,-0.521037,-0.145234,-0.841086,-0.658306,-0.558845,0.504306,-0.54328,0.816454,0.195571,-0.020327,-0.008691,0.009951,-0.327703,-0.456492,-0.239104,-0.841945
1015,0.101255,0.027662,0.360516,-0.488523,-0.22228,-0.84379,-0.702995,-0.472591,0.53144,-0.516296,0.853077,0.075664,-0.015757,-0.023814,0.015478,-0.245682,-0.389902,-0.118826,-1.916892,-0.162399,0.028558,0.292953,0.138851,-0.675519,0.724145,0.003137,0.731425,0.681867,-0.990415,-0.091561,0.102745,0.04495,-0.019577,0.070042,0.088192,-0.445012,-0.107599,0.538043,0.038062,0.036931,-0.030802,-0.016448,0.690569,0.723078,-0.055297,-0.722698,0.688948,0.998334,-0.028652,0.050074,0.02922,-0.008121,0.035976,0.414921,-0.946529,0.541966,0.523059,0.065032,0.038364,-0.061129,-0.51747,-0.15,-0.84245,-0.664256,-0.550221,0.505983,-0.539432,0.821435,0.185084,-0.014149,-0.010405,0.008781,-0.314186,-0.507158,-0.193893,-0.843578
1016,0.100377,0.02675,0.361168,-0.487903,-0.237899,-0.839881,-0.703397,-0.462642,0.539599,-0.516334,0.854338,0.059437,-0.015628,-0.023138,0.015965,-0.173745,-0.247712,-0.036079,-1.917726,-0.160595,0.028028,0.296301,0.153804,-0.674181,0.722368,0.004606,0.731448,0.681834,-0.988217,-0.100698,0.114675,0.044037,0.001138,0.089727,0.092752,-0.480082,-0.140141,0.537866,0.039003,0.036652,-0.029068,-0.032612,0.690744,0.722363,-0.057138,-0.722854,0.688634,0.997833,-0.018817,0.063041,0.021933,0.001669,0.045929,0.143363,-0.53466,-0.202575,0.523059,0.064585,0.037894,-0.0608,-0.515989,-0.167016,-0.840155,-0.664609,-0.540723,0.515666,-0.540416,0.824453,0.168007,-0.007806,-0.011496,0.008047,-0.133434,-0.193916,-0.003013,-0.844231
1017,0.09957,0.026063,0.361905,-0.486012,-0.245401,-0.838818,-0.705247,-0.456762,0.542187,-0.515596,0.855389,0.049972,-0.001841,-0.02151,0.017157,-0.079142,-0.089868,0.125503,-1.917398,-0.159461,0.027932,0.300404,0.137353,-0.688238,0.712358,0.041681,0.722452,0.690116,-0.989751,-0.064237,0.127,0.017273,-0.000112,0.108316,-0.073745,-0.199361,0.296525,0.538392,0.039564,0.036616,-0.027046,-0.015959,0.702013,0.711985,-0.092913,-0.710036,0.698008,0.995546,-0.055013,0.076558,0.008528,0.000834,0.055047,0.166423,-0.416627,0.914364,0.522732,0.064182,0.037556,-0.06044,-0.513911,-0.174361,-0.839935,-0.666353,-0.53549,0.518867,-0.540248,0.826345,0.159008,-0.007261,-0.009436,0.009485,-0.051016,-0.034728,0.119984,-0.85011
1018,0.099416,0.025725,0.362139,-0.484116,-0.247897,-0.839181,-0.706547,-0.455027,0.541954,-0.515603,0.855598,0.046184,-0.002927,-0.025426,0.014454,-0.074303,-0.064797,0.106631,-1.916334,-0.159158,0.027967,0.302587,0.135498,-0.695335,0.705792,0.043632,0.715757,0.696938,-0.989921,-0.062769,0.126412,0.016068,0.012239,0.100961,-0.404069,0.246251,0.405708,0.538702,0.039714,0.036641,-0.025981,-0.015459,0.70805,0.705992,-0.09493,-0.703927,0.703899,0.995363,-0.056138,0.078097,0.00848,0.000973,0.054772,-0.212556,-0.090395,0.129927,0.522732,0.064107,0.037397,-0.060316,-0.511951,-0.176612,-0.840662,-0.667716,-0.533867,0.518787,-0.540426,0.826918,0.155387,-0.000895,-0.006909,0.003239,-0.020312,0.033773,-0.006137,-0.850436
1019,0.099403,0.025024,0.362363,-0.484247,-0.263545,-0.834322,-0.705855,-0.445815,0.550444,-0.516425,0.85579,0.030903,-0.0025,-0.016469,0.004625,-0.398115,-0.706346,-0.45815,-1.917184,-0.159016,0.028241,0.306356,0.129416,-0.71049,0.691699,0.047661,0.701113,0.711409,-0.990541,-0.058212,0.123705,-0.010608,0.003478,0.094113,-0.226016,0.029939,0.107939,0.538699,0.039796,0.036802,-0.024034,-0.00579,0.72369,0.690101,-0.094379,-0.687428,0.720094,0.995519,-0.060962,0.072282,0.000787,0.008228,0.043405,-0.163983,-0.011106,0.125726,0.522569,0.0641,0.037041,-0.060201,-0.511734,-0.189594,-0.837962,-0.667169,-0.526826,0.526629,-0.541306,0.828557,0.143104,0.005177,-0.009217,0.001654,-0.196593,-0.323927,-0.171271,-0.849946
1020,0.099645,0.024764,0.36228,-0.482001,-0.281792,-0.829646,-0.705801,-0.436218,0.55815,-0.518597,0.854945,0.012405,0.012021,-0.005049,-0.003464,-0.188759,-0.401191,-0.188664,-1.916924,-0.159439,0.028882,0.309374,0.104915,-0.735276,0.669592,0.070879,0.67702,0.732498,-0.992018,-0.02847,0.12228,-0.025621,0.015535,0.069647,0.201844,0.373938,0.42159,0.538968,0.039594,0.03712,-0.022534,0.019161,0.744482,0.667366,-0.11217,-0.661674,0.741352,0.993503,-0.089064,0.07083,-0.006048,0.007852,0.034072,4.343539,3.020565,3.216194,0.522242,0.064214,0.036901,-0.060244,-0.508378,-0.210858,-0.834919,-0.667054,-0.516744,0.536669,-0.5446,0.829767,0.122048,0.005951,-0.002748,-0.00189,-0.23342,-0.487681,-0.238037,-0.851743
1021,0.100163,0.024668,0.361901,-0.477199,-0.310531,-0.822129,-0.705764,-0.42203,0.568999,-0.523068,0.852142,-0.016742,0.011862,0.001789,-0.014789,-0.205508,-0.510733,-0.258088,-1.915708,-0.160096,0.029602,0.311732,0.081348,-0.770111,0.632694,0.096903,0.637795,0.764042,-0.992,0.00012,0.125691,-0.02525,0.010374,0.064277,-0.379818,0.160552,0.681665,0.538832,0.039261,0.037483,-0.021332,0.044899,0.776321,0.628735,-0.133644,-0.619045,0.7739,0.990011,-0.118774,0.075957,-0.006561,0.011475,0.0283,-0.486597,0.258497,0.918603,0.522405,0.064474,0.036857,-0.060424,-0.502311,-0.240387,-0.830599,-0.66705,-0.503496,0.549122,-0.550206,0.829882,0.092562,0.012365,-0.000118,-0.008083,-0.239227,-0.604916,-0.272813,-0.855988
1022,0.10047,0.024631,0.361598,-0.474357,-0.326155,-0.817712,-0.705725,-0.414409,0.574621,-0.5257,0.850062,-0.032576,0.010413,-0.010986,-0.007618,-0.226773,-0.466843,-0.259694,-1.91562,-0.1604,0.030064,0.312863,0.08257,-0.786057,0.612608,0.096503,0.618016,0.780178,-0.99194,-0.004317,0.126093,-0.01402,0.034327,0.048649,-0.36487,0.093079,0.949409,0.539103,0.039109,0.037693,-0.020786,0.044024,0.791604,0.609446,-0.130556,-0.600247,0.789086,0.990462,-0.114306,0.076923,-0.006502,0.010795,0.027521,-0.149317,-0.20383,0.661102,0.522242,0.064625,0.036845,-0.060571,-0.498828,-0.256031,-0.82802,-0.666995,-0.496648,0.555388,-0.553432,0.829329,0.076971,0.005682,-6.4e-05,-0.008073,-0.29147,-0.683981,-0.35735,-0.859417
1023,0.100822,0.024574,0.361041,-0.467171,-0.349898,-0.812015,-0.700478,-0.413971,0.581317,-0.538978,0.840809,-0.050686,0.011537,0.000551,-0.015674,-0.026786,-0.145628,-0.051897,-1.914815,-0.160993,0.031243,0.314849,0.069711,-0.810575,0.581464,0.101595,0.58551,0.804233,-0.992402,0.004025,0.122412,-0.01291,0.024349,0.056657,-0.454,0.140071,0.959959,0.539181,0.038808,0.038287,-0.019781,0.058137,0.814468,0.577287,-0.130461,-0.567108,0.813245,0.989747,-0.122593,0.073286,-0.007039,0.018405,0.025053,-0.048364,-0.413663,0.82082,0.522242,0.064803,0.036806,-0.060857,-0.49043,-0.280943,-0.824954,-0.66134,-0.496495,0.562247,-0.567545,0.821318,0.057697,-0.001064,-0.003931,-0.002762,-0.010017,-0.058554,-0.029397,-0.864479
1024,0.100934,0.024377,0.360697,-0.458467,-0.351974,-0.816069,-0.705854,-0.413751,0.574936,-0.539449,0.840053,-0.057731,-0.002064,-0.00759,-0.005328,0.002658,-0.085282,0.147124,-1.914563,-0.161401,0.032509,0.316708,0.069897,-0.826759,0.558189,0.100809,0.562436,0.820632,-0.992469,-5.2e-05,0.121932,-0.000546,0.031779,0.043889,-0.187459,-0.084632,0.596357,0.539282,0.038598,0.038925,-0.01884,0.059898,0.830856,0.553253,-0.125253,-0.543612,0.829937,0.990314,-0.119008,0.071506,-0.00686,0.015037,0.021845,-0.274738,0.001112,0.63532,0.522405,0.064864,0.036711,-0.061033,-0.482027,-0.281299,-0.82977,-0.66687,-0.496466,0.555701,-0.568272,0.821213,0.051719,-0.000969,-0.003585,-0.002521,0.003908,0.026231,-0.025686,-0.870684
1025,0.100943,0.024185,0.360647,-0.455349,-0.351772,-0.817899,-0.707966,-0.414013,0.572145,-0.539326,0.840009,-0.059501,-0.001865,-0.006861,-0.004822,-0.000465,0.01442,-0.024949,-1.914424,-0.161555,0.033016,0.317532,0.072461,-0.831701,0.550468,0.099633,0.555082,0.825767,-0.992408,-0.003947,0.122371,-0.012451,0.015104,0.047921,-0.145188,-0.05493,0.298728,0.539431,0.038526,0.039188,-0.018427,0.057892,0.836261,0.545265,-0.122637,-0.536088,0.835205,0.990761,-0.115221,0.071521,-0.000193,0.01299,0.0194,-0.109148,-0.165844,0.495589,0.522405,0.064868,0.036614,-0.061059,-0.478911,-0.2807,-0.831775,-0.669161,-0.49656,0.552857,-0.568214,0.821361,0.049975,-0.001306,-0.008555,0.002055,-0.032177,-0.063062,0.128459,-0.869052
1026,0.100898,0.023901,0.360702,-0.452293,-0.351873,-0.81955,-0.709618,-0.414686,0.569605,-0.539729,0.839634,-0.061112,-8.7e-05,-0.00032,-0.000225,0.003224,-0.099439,0.172223,-1.914593,-0.16179,0.033547,0.319143,0.072269,-0.836173,0.543675,0.101703,0.548326,0.830018,-0.992212,-0.003643,0.123961,0.000921,0.008988,0.041298,-0.065336,-0.04462,0.058187,0.539124,0.038404,0.039459,-0.017603,0.058166,0.840713,0.538347,-0.123772,-0.529026,0.83953,0.990604,-0.115464,0.073285,0.000445,0.004099,0.02033,-0.064788,-0.048931,0.055995,0.522405,0.064843,0.036461,-0.061039,-0.47613,-0.280477,-0.833445,-0.670846,-0.496934,0.550472,-0.568563,0.821211,0.048448,-0.000441,-0.005359,0.004305,-0.032669,-0.080543,0.156372,-0.869378
1027,0.100867,0.023705,0.360903,-0.450254,-0.34933,-0.821757,-0.711067,-0.416388,0.566547,-0.539529,0.839851,-0.059891,-0.000884,-0.010728,0.008606,0.131875,0.26254,0.351379,-1.914876,-0.161718,0.033475,0.320757,0.074743,-0.835589,0.544238,0.09989,0.549182,0.829672,-0.992215,-0.0066,0.123806,0.002207,-0.009606,0.042731,-0.02581,-0.10519,-0.052589,0.53907,0.038439,0.039428,-0.016812,0.055724,0.840423,0.539058,-0.122208,-0.530096,0.839084,0.990938,-0.112634,0.073167,0.001094,-0.005282,0.020977,-0.005192,-0.114245,-0.096283,0.522569,0.064829,0.03637,-0.060934,-0.473921,-0.278954,-0.835214,-0.672438,-0.497738,0.547798,-0.568529,0.821243,0.048309,-0.000423,-0.005299,0.004351,0.226286,0.40638,0.439214,-0.872971
1028,0.100836,0.023578,0.361008,-0.449024,-0.346787,-0.823506,-0.711981,-0.418031,0.564186,-0.539352,0.840085,-0.058171,0.0,0.0,0.0,0.010293,0.021801,0.012347,-1.914512,-0.161524,0.033235,0.322165,0.079294,-0.834889,0.544669,0.100774,0.550192,0.828895,-0.991778,-0.009791,0.127053,0.014401,-0.002868,0.030115,-0.00868,-0.092995,-0.011472,0.53951,0.038536,0.039304,-0.016092,0.050747,0.840215,0.539873,-0.123411,-0.531151,0.838241,0.991056,-0.109165,0.076737,0.007191,-0.001791,0.014766,-0.038973,-0.077629,0.004924,0.522569,0.064815,0.036308,-0.06088,-0.473139,-0.274525,-0.837123,-0.673413,-0.499961,0.544567,-0.568026,0.821385,0.051683,-0.006402,0.001193,0.000812,-0.009083,0.012147,-0.032618,-0.871827
1029,0.100816,0.023548,0.361047,-0.448466,-0.346799,-0.823805,-0.712296,-0.418126,0.563717,-0.5394,0.840033,-0.058479,0.00017,0.000624,0.000439,0.000128,0.000271,0.000153,-1.914616,-0.16138,0.033155,0.322757,0.08131,-0.83801,0.539555,0.101973,0.545389,0.831917,-0.991495,-0.011572,0.129098,0.014447,-0.004381,0.028854,0.907498,-1.030481,2.422006,0.539249,0.038602,0.039265,-0.01582,0.04964,0.842122,0.536995,-0.122791,-0.528434,0.840047,0.991189,-0.107639,0.077173,0.006691,0.003309,0.010475,-0.044674,-0.030065,0.063066,0.522569,0.064804,0.036291,-0.060862,-0.472568,-0.274723,-0.83738,-0.673781,-0.499836,0.544225,-0.568065,0.821395,0.051104,-0.000325,-0.004925,0.004613,-0.039169,0.011987,-0.019644,-0.872807
1030,0.100823,0.023622,0.361075,-0.447641,-0.346863,-0.824226,-0.712618,-0.418458,0.563064,-0.53966,0.839841,-0.058832,0.000144,0.000529,0.000372,0.0,0.0,0.0,-1.915126,-0.161201,0.033043,0.323735,0.083998,-0.842342,0.532349,0.103532,0.538611,0.83613,-0.991113,-0.014061,0.131758,0.000487,0.003158,0.01927,-0.034597,-0.005514,0.005764,0.539143,0.038697,0.039205,-0.015328,0.046409,0.848253,0.527553,-0.12406,-0.519139,0.845637,0.991188,-0.104694,0.081141,0.000224,0.001633,0.009676,-0.036007,-0.019751,0.022721,0.522569,0.064808,0.036331,-0.060846,-0.471755,-0.274775,-0.837821,-0.674131,-0.50006,0.543586,-0.568325,0.821242,0.050671,9.5e-05,0.000355,0.000251,-0.00026,6e-06,-6.6e-05,-0.872317
1031,0.100863,0.023657,0.361027,-0.447743,-0.346883,-0.824162,-0.712483,-0.418546,0.563169,-0.539754,0.839789,-0.058717,-4.9e-05,-0.00018,-0.000126,0.0,0.0,0.0,-1.915403,-0.161379,0.033096,0.32436,0.084788,-0.843581,0.530258,0.103577,0.536641,0.83739,-0.991042,-0.015019,0.132186,-0.012352,-0.002027,0.016232,-0.034713,-0.006805,6.4e-05,0.539168,0.038613,0.039231,-0.015004,0.045666,0.849547,0.525531,-0.123719,-0.51722,0.846862,0.991265,-0.103691,0.081486,-0.006679,0.003888,0.003683,-0.002337,0.015164,-0.029647,0.522569,0.064828,0.036349,-0.06087,-0.471855,-0.274802,-0.837756,-0.673993,-0.500148,0.543677,-0.568406,0.821179,0.050782,-3.6e-05,-0.000132,-9.2e-05,-0.00012,8.3e-05,-5e-06,-0.872644
1032,0.100903,0.023649,0.361033,-0.447845,-0.344318,-0.825182,-0.712594,-0.420014,0.561934,-0.539522,0.840108,-0.056227,6.3e-05,0.000233,0.000164,0.224037,0.4768,0.270083,-1.915375,-0.161521,0.033119,0.324542,0.084563,-0.843316,0.530715,0.103185,0.537059,0.83717,-0.991102,-0.014974,0.131742,-0.000223,0.00601,0.004798,0.001929,-0.01651,0.023539,0.539322,0.038542,0.039246,-0.014911,0.045868,0.849267,0.525966,-0.12339,-0.517671,0.846634,0.991297,-0.103732,0.081046,-0.000116,0.002853,0.002281,0.001788,-0.016634,0.023467,0.522569,0.064848,0.036343,-0.060867,-0.471639,-0.274784,-0.837884,-0.674111,-0.500191,0.54349,-0.568445,0.821158,0.050675,4.7e-05,0.000172,0.000121,-9.7e-05,6.9e-05,1e-05,-0.873624
1033,0.100944,0.023639,0.361051,-0.447751,-0.344308,-0.825237,-0.712666,-0.420009,0.561846,-0.539505,0.840115,-0.056286,0.012822,-0.002292,-0.001556,0.001041,-0.014595,0.029621,-1.915765,-0.161785,0.03302,0.324662,0.083339,-0.842112,0.532816,0.102451,0.538971,0.836031,-0.99128,-0.01403,0.130498,2.5e-05,-0.00069,-0.00055,0.0,-0.0,-0.0,0.539084,0.038405,0.039196,-0.014844,0.047047,0.847922,0.528028,-0.122922,-0.519681,0.84547,0.9913,-0.104683,0.079779,-0.006478,-0.001191,-0.000373,-0.002141,0.015113,-0.029258,0.522405,0.064864,0.036341,-0.060857,-0.472023,-0.272083,-0.838548,-0.674183,-0.501477,0.542215,-0.568041,0.821273,0.053275,4e-06,1.7e-05,1.1e-05,-0.002539,-0.003764,-0.002319,-0.87591
1034,0.100987,0.023608,0.361041,-0.447829,-0.344291,-0.825202,-0.712649,-0.419964,0.561901,-0.539463,0.840144,-0.056255,-0.000335,-0.001234,-0.000868,0.0,0.0,0.0,-1.915275,-0.162097,0.032952,0.324586,0.087498,-0.840764,0.534276,0.099101,0.540907,0.835184,-0.991267,-0.019074,0.129953,-0.012948,-0.002476,-0.000832,-0.002045,0.015205,-0.029245,0.539134,0.038254,0.039155,-0.014889,0.042816,0.847107,0.529693,-0.11987,-0.521994,0.844483,0.991865,-0.099652,0.079193,3.7e-05,-0.001102,-0.000874,1.9e-05,2.7e-05,-9e-06,0.522569,0.064891,0.036327,-0.060861,-0.472072,-0.272111,-0.838511,-0.674178,-0.50142,0.542273,-0.568006,0.821299,0.053255,-0.000198,-0.000726,-0.000511,-0.000493,0.014282,-0.025024,-0.877053
1035,0.100954,0.023574,0.361066,-0.447844,-0.344273,-0.825201,-0.712704,-0.419876,0.561898,-0.539378,0.840196,-0.056295,-0.00112,-0.011603,0.007993,-0.034622,0.017901,-0.015892,-1.91515,-0.162127,0.032954,0.324565,0.087391,-0.84066,0.534457,0.099121,0.541073,0.835074,-0.991275,-0.018946,0.129916,5e-06,-0.000131,-0.000104,0.0,-0.0,-0.0,0.538911,0.038234,0.039151,-0.014902,0.042928,0.846979,0.529888,-0.119915,-0.522175,0.844365,0.991855,-0.099789,0.079149,2e-06,-7.1e-05,-5.3e-05,1.9e-05,1.4e-05,2.6e-05,0.522895,0.064874,0.036312,-0.060853,-0.472072,-0.2721,-0.838515,-0.674226,-0.501358,0.542271,-0.567949,0.82134,0.05322,-0.006563,0.00059,0.000387,-0.000958,0.014696,-0.029551,-0.877706
1036,0.100891,0.023421,0.361188,-0.448139,-0.344161,-0.825087,-0.712869,-0.419382,0.562057,-0.538915,0.840488,-0.05637,-0.000918,-0.010857,0.00852,-0.034624,0.017895,-0.015896,-1.915001,-0.162107,0.033118,0.324618,0.087264,-0.840565,0.534627,0.099246,0.541228,0.834959,-0.991273,-0.018747,0.129957,-0.000192,0.005434,0.004335,-0.01135,0.097428,-0.138918,0.538741,0.038245,0.039223,-0.014883,0.042991,0.846932,0.529959,-0.120069,-0.522225,0.844313,0.991834,-0.09993,0.079238,-9.1e-05,0.002544,0.00203,0.001913,-0.016482,0.023528,0.522732,0.064842,0.036234,-0.060793,-0.472365,-0.272012,-0.838379,-0.674399,-0.50089,0.542488,-0.5675,0.821655,0.053158,2e-06,1.1e-05,8e-06,1.6e-05,-1.3e-05,-2.6e-05,-0.877543
1037,0.100873,0.023119,0.361413,-0.448367,-0.341404,-0.826109,-0.713465,-0.420086,0.560774,-0.537937,0.841257,-0.054195,-0.001016,-0.011222,0.008268,-0.014644,-0.045666,0.17657,-1.914926,-0.162116,0.033416,0.324892,0.088107,-0.841955,0.532297,0.100438,0.539048,0.836225,-0.99108,-0.019158,0.131365,-0.00036,0.010158,0.008079,0.089746,-0.1063,0.238058,0.538778,0.03824,0.03937,-0.014748,0.042325,0.848236,0.527924,-0.120856,-0.520171,0.845467,0.991766,-0.099587,0.080498,-0.000197,0.00545,0.004339,0.32841,-0.34467,0.815495,0.522732,0.064834,0.036084,-0.06068,-0.472885,-0.268904,-0.839087,-0.674935,-0.501634,0.541133,-0.566429,0.822224,0.055723,-7e-05,-0.000239,-0.000169,0.003057,0.017929,0.008888,-0.876236
1038,0.100924,0.022725,0.361669,-0.445401,-0.335867,-0.829974,-0.716285,-0.422532,0.555314,-0.536655,0.842254,-0.051343,0.01191,-0.013202,0.006937,0.104775,0.299217,0.180196,-1.915159,-0.162128,0.033782,0.325221,0.088105,-0.84195,0.532304,0.100359,0.539054,0.836231,-0.991088,-0.019198,0.131297,-0.00035,0.009853,0.007808,0.001923,-0.016506,0.023543,0.538575,0.038234,0.039559,-0.014579,0.042274,0.848329,0.527778,-0.120839,-0.520031,0.845556,0.991771,-0.099521,0.080528,-0.000184,0.005074,0.004021,0.001871,-0.016437,0.02339,0.522895,0.064854,0.035886,-0.060552,-0.46991,-0.264325,-0.842209,-0.677974,-0.502921,0.536115,-0.565274,0.822922,0.057122,-0.000453,-0.005403,0.004283,0.211985,0.495125,0.256136,-0.87444
1039,0.101003,0.022495,0.361835,-0.441679,-0.335573,-0.832079,-0.718871,-0.422563,0.55194,-0.53628,0.842356,-0.053557,0.012012,-0.012849,0.007188,-0.031642,0.007443,0.016052,-1.914274,-0.16217,0.033912,0.325365,0.088,-0.84184,0.532496,0.100246,0.539228,0.836132,-0.991108,-0.019142,0.13115,-0.000306,0.008639,0.006836,-0.011347,0.097395,-0.138942,0.538918,0.038213,0.03963,-0.014502,0.042365,0.848217,0.52795,-0.120754,-0.520203,0.845462,0.991777,-0.09957,0.080387,-0.000157,0.004306,0.003408,-0.011326,0.097396,-0.138984,0.522895,0.064894,0.035771,-0.060469,-0.466527,-0.262285,-0.844724,-0.680725,-0.503327,0.532235,-0.56477,0.823327,0.056272,-0.000395,-0.005188,0.004435,-0.041762,-0.095373,0.145312,-0.874114
1040,0.101243,0.02191,0.362188,-0.435092,-0.33522,-0.835684,-0.723176,-0.422844,0.546069,-0.535883,0.842354,-0.057404,0.011705,-0.014043,0.006355,-0.030165,-0.095329,0.186411,-1.91396,-0.16223,0.034206,0.325601,0.089062,-0.843406,0.529836,0.101578,0.536755,0.837562,-0.990879,-0.019716,0.132786,-0.000271,0.007669,0.006051,0.001922,-0.016504,0.023544,0.539051,0.038183,0.039772,-0.014388,0.04138,0.849873,0.525359,-0.121704,-0.517607,0.846918,0.991703,-0.098984,0.082014,-0.000131,0.003565,0.002812,-0.000325,0.000298,-0.000743,0.522732,0.065015,0.035485,-0.060294,-0.460211,-0.261548,-0.848408,-0.685209,-0.503009,0.526753,-0.564529,0.823755,0.052275,0.005333,-0.012669,0.00729,-0.064697,-0.077856,0.169577,-0.87493
1041,0.101705,0.021134,0.362567,-0.420575,-0.344782,-0.839219,-0.73155,-0.418261,0.538391,-0.536124,0.840793,-0.075267,0.011601,-0.014521,0.006024,-0.252191,-0.693058,0.088461,-1.913706,-0.162259,0.034524,0.32589,0.089911,-0.844788,0.527485,0.102776,0.53456,0.838818,-0.99068,-0.020145,0.1342,-0.000333,0.009393,0.007387,0.001922,-0.016502,0.023546,0.538678,0.038169,0.039931,-0.014243,0.040568,0.851359,0.523011,-0.12257,-0.515249,0.84823,0.99163,-0.098517,0.083448,-0.000174,0.004774,0.003756,0.000771,-0.015504,0.020934,0.522732,0.065241,0.035102,-0.060107,-0.446158,-0.267911,-0.853912,-0.693997,-0.498875,0.519124,-0.565075,0.824224,0.036648,0.01213,-0.008762,0.001973,-0.086384,-0.227512,0.229559,-0.877869
1042,0.101991,0.020776,0.362704,-0.413468,-0.349754,-0.840691,-0.735228,-0.416432,0.534786,-0.536628,0.839652,-0.083918,0.011434,-0.015197,0.00555,-0.206546,-0.493021,-0.0346,-1.913608,-0.162315,0.034714,0.326044,0.089941,-0.844797,0.527465,0.102781,0.534544,0.838828,-0.990677,-0.020171,0.13422,-0.000364,0.010308,0.008093,0.001922,-0.016502,0.023546,0.538964,0.038141,0.040025,-0.014167,0.040543,0.851361,0.523011,-0.122564,-0.515251,0.84823,0.991632,-0.098492,0.083456,-0.000194,0.005347,0.004198,0.001771,-0.016348,0.023193,0.522732,0.065379,0.034921,-0.060034,-0.438916,-0.27312,-0.856012,-0.697866,-0.496473,0.516233,-0.565981,0.823965,0.027309,0.005602,-0.008012,0.002477,-0.237017,-0.569914,-0.114755,-0.87591
1043,0.102553,0.020194,0.362855,-0.403276,-0.352564,-0.84446,-0.739721,-0.417673,0.527574,-0.538217,0.837862,-0.091306,0.012143,-0.005083,-0.003535,0.002773,-0.101507,0.175859,-1.914059,-0.162439,0.03519,0.326439,0.089856,-0.844682,0.527664,0.10272,0.534729,0.838717,-0.990691,-0.020101,0.134127,-0.000452,0.01289,0.010072,-0.011334,0.097381,-0.138952,0.538728,0.038079,0.040261,-0.013971,0.040556,0.851306,0.523098,-0.122536,-0.51534,0.848179,0.991634,-0.098497,0.083415,-0.000246,0.006843,0.005348,0.003838,-0.032978,0.047066,0.522732,0.065669,0.03462,-0.059953,-0.428243,-0.276984,-0.860167,-0.702705,-0.496402,0.509695,-0.568166,0.822718,0.017943,0.005795,-0.007331,0.002955,-0.014817,-0.174123,0.370805,-0.874767
1044,0.103279,0.019637,0.362902,-0.392842,-0.355391,-0.848185,-0.744034,-0.419249,0.520207,-0.539996,0.835881,-0.098666,0.024519,-0.00941,-0.006551,0.005149,-0.112965,0.207218,-1.914423,-0.162633,0.035734,0.326878,0.094662,-0.843904,0.528069,0.099479,0.535702,0.838488,-0.99058,-0.025782,0.133973,-0.013397,0.013816,0.011853,0.001793,-0.017798,0.017847,0.539089,0.037987,0.040533,-0.013752,0.03578,0.851049,0.523864,-0.11944,-0.5168,0.847732,0.992196,-0.092902,0.083157,-0.000253,0.007072,0.005503,-0.011228,0.097468,-0.138931,0.522732,0.066037,0.034342,-0.059929,-0.417785,-0.278838,-0.864699,-0.707321,-0.497508,0.502177,-0.570221,0.821422,0.010623,0.012236,-0.004778,-0.003339,0.007368,-0.108595,0.209659,-0.871174
1045,0.103932,0.019018,0.362844,-0.393813,-0.353179,-0.848659,-0.74302,-0.421253,0.520038,-0.540684,0.835808,-0.095464,0.011444,-0.007903,-0.005546,0.028748,0.021726,-0.030576,-1.914581,-0.162807,0.036287,0.32732,0.094642,-0.84383,0.52819,0.099458,0.53582,0.838415,-0.990584,-0.025757,0.133949,-0.000536,0.015595,0.012058,0.003835,-0.033004,0.047092,0.538827,0.037895,0.040809,-0.013531,0.03581,0.850962,0.524004,-0.119438,-0.516938,0.847648,0.992195,-0.09294,0.083126,-0.000267,0.007562,0.005851,-0.00933,0.080935,-0.115398,0.522732,0.066359,0.034033,-0.059958,-0.418926,-0.276321,-0.864954,-0.706223,-0.499595,0.501649,-0.570743,0.821006,0.014149,0.011614,-0.011032,0.000355,0.04084,0.086199,-0.224846,-0.874277
1046,0.104108,0.018747,0.362847,-0.393191,-0.353101,-0.848979,-0.743492,-0.421158,0.519439,-0.540487,0.835888,-0.095872,-0.002025,-0.015356,0.005387,-0.035266,0.031622,-0.041215,-1.914562,-0.162845,0.036567,0.327564,0.094763,-0.843922,0.528021,0.099439,0.535667,0.838514,-0.990575,-0.025895,0.133992,-0.000542,0.015773,0.012162,-0.009396,0.080875,-0.115411,0.538718,0.037876,0.040949,-0.013409,0.035624,0.851138,0.52373,-0.119402,-0.516684,0.847809,0.992206,-0.092736,0.083221,-0.000273,0.00775,0.005979,0.001969,-0.016446,0.023558,0.522732,0.066446,0.033899,-0.059961,-0.418258,-0.276401,-0.865252,-0.706739,-0.499364,0.501153,-0.570595,0.82112,0.01352,-0.000987,-0.007575,0.002755,-0.03765,0.012613,-0.017351,-0.87444
1047,0.104197,0.018518,0.362905,-0.395755,-0.353209,-0.847742,-0.742209,-0.420644,0.521686,-0.540377,0.836102,-0.094625,-0.000154,-0.000592,-0.00042,0.0,0.0,0.0,-1.913518,-0.162871,0.037007,0.328136,0.095604,-0.84527,0.525709,0.100226,0.533506,0.839798,-0.990416,-0.026537,0.135038,-0.000529,0.015362,0.011778,-0.009393,0.080817,-0.115452,0.53878,0.037863,0.041171,-0.013121,0.034829,0.852576,0.521439,-0.119861,-0.514427,0.849115,0.992178,-0.092075,0.084274,0.000252,0.001505,0.009321,-0.03328,-0.021292,0.027967,0.522732,0.066494,0.033773,-0.059934,-0.420765,-0.276766,-0.863919,-0.705395,-0.49899,0.503414,-0.570416,0.821223,0.014728,-5.5e-05,-0.000206,-0.000149,-0.000308,-0.000408,0.000711,-0.874767
1048,0.104,0.018509,0.362886,-0.396575,-0.353198,-0.847364,-0.74189,-0.420363,0.522366,-0.540213,0.836248,-0.09427,-0.013081,0.001686,0.001149,-0.000984,0.014715,-0.029553,-1.913188,-0.162852,0.037321,0.328681,0.095812,-0.845435,0.525406,0.099631,0.533216,0.840053,-0.990456,-0.027079,0.134635,0.00054,0.002337,0.018072,-0.032691,-0.021851,0.029404,0.538807,0.037872,0.041334,-0.01285,0.034696,0.852694,0.521255,-0.11924,-0.514312,0.849272,0.992258,-0.091621,0.083831,-0.000235,0.00654,0.00499,-0.011276,0.097249,-0.139126,0.522732,0.066396,0.033771,-0.059942,-0.421561,-0.276823,-0.863512,-0.70506,-0.49877,0.5041,-0.570241,0.821338,0.015085,-0.006522,0.000915,0.000625,-0.001029,0.014738,-0.02956,-0.871338
1049,0.103814,0.018534,0.362903,-0.397292,-0.353186,-0.847033,-0.741623,-0.420099,0.522957,-0.540052,0.836386,-0.093971,-0.01294,0.002228,0.001532,-0.000984,0.014715,-0.029553,-1.913255,-0.162842,0.037462,0.328934,0.095816,-0.845431,0.525411,0.099317,0.533213,0.840091,-0.990487,-0.02725,0.134371,0.000583,0.001058,0.017077,-0.032691,-0.021843,0.029409,0.539007,0.037877,0.041407,-0.012722,0.034693,0.852691,0.521261,-0.118927,-0.514347,0.849295,0.992296,-0.091456,0.083564,-0.000207,0.005709,0.004346,0.00194,-0.01644,0.023574,0.522732,0.066308,0.033783,-0.059934,-0.422242,-0.276869,-0.863165,-0.704786,-0.498565,0.504686,-0.570076,0.821447,0.015381,-0.006451,0.001186,0.000819,-0.001029,0.014726,-0.029561,-0.870684
