frame,MLTx,MLTy,MLTz,MLTR1,MLTR2,MLTR3,MLTR4,MLTR5,MLTR6,MLTR7,MLTR8,MLTR9,MLTTVx,MLTTVy,MLTTVz,MLTRVx,MLTRVy,MLTRVz,MLGA,MRTx,MRTy,MRTz,MRTR1,MRTR2,MRTR3,MRTR4,MRTR5,MRTR6,MRTR7,MRTR8,MRTR9,MRTTVx,MRTTVy,MRTTVz,MRTRVx,MRTRVy,MRTRVz,MRGA,SLTx,SLTy,SLTz,SLTR1,SLTR2,SLTR3,SLTR4,SLTR5,SLTR6,SLTR7,SLTR8,SLTR9,SLTTVx,SLTTVy,SLTTVz,SLTRVx,SLTRVy,SLTRVz,SLGA,SRTx,SRTy,SRTz,SRTR1,SRTR2,SRTR3,SRTR4,SRTR5,SRTR6,SRTR7,SRTR8,SRTR9,SRTTVx,SRTTVy,SRTTVz,SRTRVx,SRTRVy,SRTRVz,SRGA
435,0.057684,0.005104,0.357495,-0.218002,0.916267,-0.336119,-0.903095,-0.058771,0.425368,0.370263,0.395139,0.840713,0.024924,-0.004515,-0.020039,-0.154049,0.734498,-1.69666,0.433675,-0.10717,0.040962,0.326958,0.862412,-0.277913,0.423084,-0.01972,0.816568,0.576854,-0.506868,-0.505477,0.69817,0.013914,-0.005249,0.010858,-0.031913,-0.024948,0.032769,-1.404115,0.040437,0.038418,-0.018077,-0.848864,0.233558,0.474213,0.067718,-0.841656,0.535749,0.524253,0.486892,0.698636,0.001684,-0.010069,0.008574,-0.073401,0.009128,-0.036016,-0.765631,0.066023,0.027065,-0.062416,-0.345848,0.892372,-0.289929,-0.900016,-0.228153,0.371372,0.265254,0.38938,0.882056,0.019903,0.001429,-0.015604,2.139884,-3.283288,-3.770839,0.383877
436,0.059014,0.005531,0.356491,-0.268553,0.885911,-0.378266,-0.907226,-0.100573,0.408409,0.3241,0.451751,0.831208,0.043151,0.010958,-0.023839,0.642684,-1.235307,-0.171658,0.437403,-0.107106,0.040676,0.327313,0.865726,-0.259463,0.428005,-0.038087,0.818348,0.573402,-0.500114,-0.51238,0.698009,-0.000606,0.002813,0.002248,-2.363003,-3.170636,-3.858996,-1.404542,0.040474,0.038274,-0.017895,-0.850122,0.219882,0.478481,0.081074,-0.843161,0.531513,0.520307,0.490643,0.698963,-0.005742,-0.005262,0.004894,-0.053044,0.027225,-0.043753,-0.762691,0.066677,0.027262,-0.062925,-0.390132,0.85807,-0.333933,-0.895896,-0.270044,0.352767,0.212522,0.436795,0.874095,0.015053,0.00776,-0.010539,1.880373,-2.267548,-3.771645,0.400369
437,0.060626,0.006316,0.355295,-0.281778,0.864502,-0.41627,-0.91505,-0.111575,0.387564,0.28895,0.489041,0.823027,0.044946,0.030277,-0.043035,2.681821,-2.957345,-3.977033,0.412594,-0.107515,0.040728,0.327427,0.871495,-0.23856,0.428458,-0.057961,0.817304,0.573227,-0.488016,-0.524095,0.697874,-0.013561,0.001425,0.002705,-0.063554,-0.086647,-0.109752,-1.404172,0.040274,0.038298,-0.01784,-0.856689,0.193856,0.478019,0.105652,-0.841108,0.530447,0.504896,0.504932,0.700087,-0.007675,0.005997,-0.002737,-0.179529,-0.279452,-0.359474,-0.765631,0.067487,0.027658,-0.063506,-0.394192,0.839664,-0.373599,-0.90224,-0.276228,0.33115,0.174856,0.467613,0.866465,0.022453,0.015017,-0.021635,0.917609,-1.307861,-0.503084,0.385347
438,0.063392,0.007886,0.353224,-0.368622,0.811652,-0.453193,-0.907325,-0.20803,0.365317,0.202686,0.544848,0.813686,0.091066,0.05755,-0.070808,0.495253,-0.72823,0.360943,0.396523,-0.108567,0.041043,0.327126,0.874396,-0.220009,0.432457,-0.08697,0.805615,0.585963,-0.478402,-0.549693,0.684713,-0.041896,0.014635,-0.016867,-2.918537,-2.775727,-3.472197,-1.404458,0.039757,0.038458,-0.017978,-0.858243,0.178614,0.48116,0.130656,-0.83057,0.541369,0.496334,0.527493,0.689494,-0.019893,0.001251,-0.004963,-0.631984,0.530339,0.342808,-0.769223,0.06885,0.028427,-0.064536,-0.474762,0.773942,-0.419063,-0.876645,-0.373616,0.303155,0.078056,0.511296,0.855852,0.04508,0.023856,-0.030707,1.066721,-1.191101,-0.655098,0.364446
439,0.065517,0.008957,0.351723,-0.388024,0.787715,-0.478527,-0.907754,-0.236721,0.34629,0.159977,0.567774,0.807507,0.103449,0.052686,-0.074224,0.335366,-0.70446,0.893666,0.365304,-0.109322,0.041329,0.326741,0.876767,-0.211003,0.432144,-0.103346,0.794763,0.598,-0.470726,-0.568696,0.674437,-0.041296,0.01196,-0.019004,-0.622445,0.490781,0.329095,-1.404483,0.039395,0.038595,-0.018158,-0.861626,0.164256,0.480228,0.152042,-0.819198,0.552989,0.484234,0.549485,0.680869,-0.014228,0.006941,-0.009505,-1.067677,0.39602,0.202991,-0.769876,0.069866,0.028948,-0.065247,-0.489688,0.749102,-0.446151,-0.871279,-0.401166,0.282731,0.032814,0.527173,0.849124,0.058564,0.024866,-0.038015,1.155065,-1.335422,-0.354519,0.341585
440,0.070074,0.010907,0.348443,-0.383275,0.751896,-0.536467,-0.919423,-0.255055,0.2993,0.088685,0.60702,0.789739,0.128144,0.050408,-0.092605,0.688733,-1.442631,1.553228,0.274557,-0.110898,0.041976,0.325344,0.882852,-0.191557,0.4288,-0.139852,0.764191,0.629593,-0.449388,-0.615558,0.647303,-0.039515,0.005466,-0.04083,-1.021352,0.733908,0.713625,-1.404273,0.038571,0.038951,-0.018859,-0.867165,0.144965,0.476455,0.189429,-0.788779,0.584759,0.460587,0.597337,0.656541,-0.019586,0.001953,-0.021025,-0.964914,0.718288,0.697821,-0.771019,0.072183,0.029956,-0.066903,-0.47703,0.718769,-0.505779,-0.877836,-0.417785,0.234219,-0.042958,0.555721,0.830257,0.057374,0.026603,-0.045512,1.598803,-2.865141,2.123799,0.246876
441,0.075024,0.013055,0.344603,-0.417827,0.694534,-0.585737,-0.908337,-0.332927,0.253092,-0.018714,0.636931,0.770711,0.127946,0.059957,-0.10233,3.659023,-2.34692,-2.9843,0.24299,-0.112982,0.041918,0.322917,0.893134,-0.177235,0.41339,-0.164419,0.726614,0.667032,-0.419711,-0.663486,0.619268,-0.06204,-0.013161,-0.069747,-1.379247,-0.603363,-0.37953,-1.404541,0.037573,0.038943,-0.020005,-0.876735,0.136503,0.461196,0.21051,-0.753258,0.623126,0.432459,0.643403,0.631673,-0.037196,-0.008583,-0.035683,-0.975301,0.575446,0.971395,-0.773795,0.074608,0.031001,-0.068784,-0.496737,0.663244,-0.559784,-0.855032,-0.484632,0.18453,-0.148902,0.570296,0.80783,0.06382,0.029314,-0.051779,1.392986,-1.260346,-0.206473,0.156903
442,0.077458,0.014202,0.342675,-0.434646,0.667648,-0.604462,-0.897911,-0.373176,0.233382,-0.06922,0.643361,0.762445,0.128119,0.061876,-0.10073,3.763736,-2.239512,-2.940339,0.240535,-0.114163,0.041621,0.321432,0.900857,-0.179423,0.395291,-0.159691,0.709541,0.686283,-0.404735,-0.681131,0.610011,-0.060484,-0.022411,-0.077677,-0.901606,-0.03192,1.478241,-1.404495,0.036958,0.038794,-0.020776,-0.885948,0.133631,0.444115,0.210876,-0.736812,0.642368,0.41307,0.662758,0.624598,-0.031002,-0.006133,-0.043026,-0.571282,-1.631167,2.686766,-0.775755,0.075871,0.031591,-0.069791,-0.507769,0.635378,-0.581776,-0.837917,-0.52115,0.162161,-0.200159,0.569821,0.797018,0.064042,0.03066,-0.050645,0.648185,-0.931134,0.81382,0.143024
443,0.082333,0.017053,0.338986,-0.467695,0.626138,-0.623905,-0.871894,-0.44273,0.209194,-0.144662,0.641039,0.75377,0.117924,0.077457,-0.087964,1.378853,-1.065275,-0.240035,0.222311,-0.116254,0.040853,0.318097,0.91099,-0.174212,0.373816,-0.160468,0.685001,0.710603,-0.380999,-0.707108,0.595569,-0.047078,-0.026111,-0.083382,-0.280334,-0.005712,0.714933,-1.40473,0.035894,0.038382,-0.022489,-0.896915,0.131746,0.422119,0.210878,-0.711618,0.670171,0.38868,0.690103,0.610479,-0.023371,-0.013666,-0.042158,-0.197689,-0.033321,0.688431,-0.777061,0.078352,0.033025,-0.071686,-0.535325,0.587886,-0.606478,-0.797685,-0.58796,0.134164,-0.277712,0.5556,0.783698,0.059145,0.039049,-0.043763,1.394529,-1.089631,-0.235317,0.118367
444,0.086322,0.020262,0.336057,-0.485075,0.609091,-0.627499,-0.856577,-0.47539,0.20063,-0.175508,0.634063,0.753119,0.079431,0.086025,-0.064538,0.276165,-0.363283,0.479943,0.197552,-0.11795,0.039617,0.31474,0.916047,-0.186857,0.354872,-0.147728,0.665157,0.731899,-0.373951,-0.722631,0.58123,-0.046896,-0.030275,-0.088233,-0.492366,0.217318,0.656297,-1.405799,0.035065,0.037766,-0.024141,-0.903275,0.143715,0.404274,0.198961,-0.694506,0.691429,0.38014,0.704987,0.598737,-0.015814,-0.020906,-0.041245,-0.517287,0.146786,0.833882,-0.772162,0.080316,0.034593,-0.07313,-0.550211,0.568312,-0.61179,-0.776589,-0.617524,0.124785,-0.306879,0.543768,0.781114,0.045737,0.035786,-0.029434,0.242368,-0.449642,0.64407,0.087341
445,0.089224,0.022888,0.334216,-0.497693,0.603974,-0.622545,-0.847728,-0.490555,0.201709,-0.182953,0.627385,0.756931,0.061921,0.04772,-0.027448,0.137213,-0.05546,0.05583,0.17696,-0.119297,0.038232,0.31165,0.928138,-0.195429,0.316793,-0.124421,0.638964,0.759064,-0.351924,-0.743673,0.568298,-0.01898,-0.042297,-0.0687,-0.739172,-0.766341,1.246065,-1.405802,0.034385,0.037061,-0.025708,-0.916948,0.154153,0.368025,0.176617,-0.670264,0.720799,0.357787,0.725935,0.587372,-0.016876,-0.016233,-0.037842,-1.248621,-2.584612,2.040294,-0.775755,0.081776,0.035927,-0.074059,-0.561599,0.561102,-0.608087,-0.765735,-0.630879,0.125062,-0.313457,0.535869,0.783956,0.03158,0.029392,-0.017824,0.167834,-0.057303,0.049352,0.056969
446,0.090441,0.02382,0.33368,-0.501482,0.605402,-0.618101,-0.846234,-0.491891,0.204702,-0.179494,0.624958,0.759761,0.047487,0.039713,-0.017275,0.105037,-0.025431,0.015134,0.177412,-0.119779,0.037476,0.310327,0.937949,-0.191058,0.289377,-0.114439,0.616905,0.77863,-0.328457,-0.763177,0.556363,-0.019741,-0.038908,-0.066268,-2.645712,-4.298081,-1.445358,-1.405591,0.034137,0.036666,-0.026396,-0.928197,0.151357,0.339912,0.165586,-0.650057,0.741623,0.333212,0.744658,0.578319,-0.009944,-0.019275,-0.032774,-2.631901,-4.337294,-1.391849,-0.778857,0.082409,0.036414,-0.074335,-0.565629,0.561658,-0.603824,-0.764235,-0.632125,0.12791,-0.309851,0.533814,0.786787,0.023819,0.019987,-0.008571,0.108369,-0.034102,0.025114,0.046682
447,0.092327,0.024588,0.333354,-0.506089,0.608885,-0.610884,-0.844408,-0.49405,0.207033,-0.175125,0.619852,0.764945,0.042402,0.001544,0.002676,0.017744,0.067783,-0.041394,0.145268,-0.120529,0.035912,0.308062,0.952737,-0.172037,0.250372,-0.106691,0.581834,0.806238,-0.285574,-0.794613,0.535632,-0.019754,-0.041813,-0.052199,-0.777297,-0.112231,0.980425,-1.405845,0.03377,0.035894,-0.027514,-0.944254,0.132844,0.301223,0.159404,-0.616078,0.771386,0.288051,0.776401,0.560559,-0.003342,-0.019279,-0.025476,-0.310558,-0.685951,0.587009,-0.791104,0.08334,0.036807,-0.07449,-0.570825,0.564135,-0.596581,-0.76232,-0.634038,0.129854,-0.305,0.52891,0.791977,0.021192,0.000703,0.001244,-0.002725,0.046322,-0.048398,0.025454
448,0.093446,0.02417,0.333833,-0.507996,0.610282,-0.607899,-0.842668,-0.498347,0.203796,-0.177947,0.615024,0.768185,0.025121,-0.031783,0.026331,-0.065144,0.0555,0.065024,0.064367,-0.120738,0.034031,0.306423,0.9631,-0.14193,0.228661,-0.111194,0.563463,0.818583,-0.246233,-0.813608,0.526568,-0.003802,-0.059461,-0.035222,-0.095743,-0.289673,0.503435,-1.405739,0.033659,0.034967,-0.028333,-0.954687,0.105233,0.278383,0.163309,-0.596751,0.785631,0.2488,0.795495,0.552526,0.004635,-0.027926,-0.01683,-0.004792,-0.343681,0.539287,-0.802371,0.083906,0.03661,-0.074261,-0.573052,0.565061,-0.593562,-0.759774,-0.637792,0.126352,-0.307173,0.523379,0.794807,0.00645,-0.009262,0.009804,-0.051571,0.031203,0.040101,-0.051619
449,0.093637,0.023671,0.33436,-0.512905,0.610399,-0.603645,-0.838277,-0.507672,0.198828,-0.184457,0.60724,0.772827,-0.000976,-0.025776,0.030536,0.39256,0.513734,0.187581,0.023667,-0.120708,0.032719,0.305822,0.966429,-0.135005,0.218586,-0.109022,0.554467,0.824993,-0.233792,-0.820941,0.520827,-0.000226,-0.083548,-0.021995,-0.339472,-0.090285,0.406531,-1.405766,0.033672,0.034324,-0.028634,-0.958416,0.098014,0.268012,0.161242,-0.58889,0.791965,0.235453,0.802247,0.548598,0.005716,-0.035085,-0.014673,-0.364072,-0.071347,0.456845,-0.802534,0.08401,0.036355,-0.074002,-0.578337,0.562321,-0.591033,-0.753602,-0.645705,0.123076,-0.312425,0.516584,0.797202,-0.000523,-0.012982,0.015176,0.258781,0.016167,-0.353197,-0.106974
450,0.093133,0.022293,0.336151,-0.514554,0.619447,-0.592929,-0.837442,-0.511596,0.192179,-0.183662,0.594658,0.782737,-0.014573,-0.039505,0.053452,0.080405,0.390969,0.141551,-0.017449,-0.120303,0.029366,0.304944,0.974672,-0.123303,0.186552,-0.091692,0.540016,0.836606,-0.205123,-0.832349,0.514765,0.015052,-0.094554,-0.01676,-0.194833,-0.100957,0.203123,-1.405342,0.033863,0.032687,-0.029063,-0.967777,0.087919,0.235961,0.144079,-0.575177,0.80524,0.206515,0.81329,0.543976,0.007577,-0.047496,-0.00859,-0.064191,-0.547517,0.888106,-0.80678,0.083772,0.035676,-0.073143,-0.581611,0.571462,-0.578928,-0.751931,-0.649207,0.11458,-0.310366,0.501955,0.807287,-0.014608,-0.024545,0.0312,0.197612,0.624033,0.185305,-0.187803
451,0.091614,0.020526,0.338777,-0.500516,0.631238,-0.59251,-0.843345,-0.510131,0.168843,-0.195062,0.583412,0.788422,-0.055028,-0.049006,0.07911,0.383847,-0.163181,0.448913,-0.032861,-0.119767,0.025672,0.304304,0.981079,-0.117212,0.154062,-0.070176,0.5258,0.847669,-0.181598,-0.842277,0.5074,0.028651,-0.092881,-0.017768,-0.238119,-0.067538,0.207101,-1.405234,0.034132,0.030808,-0.029391,-0.975647,0.083008,0.203028,0.122411,-0.562013,0.818019,0.182007,0.822951,0.538166,0.007543,-0.047339,-0.008809,-0.198228,-0.069225,0.203981,-0.807596,0.083017,0.034781,-0.071821,-0.569951,0.585969,-0.576017,-0.757037,-0.647022,0.090864,-0.319453,0.487854,0.812371,-0.020515,-0.020695,0.034279,1.352653,-1.517594,1.471262,-0.215726
452,0.090591,0.019545,0.340368,-0.491736,0.636658,-0.59406,-0.846715,-0.508781,0.155519,-0.202629,0.57868,0.789998,-0.055578,-0.057941,0.089118,-0.022503,0.394748,0.011078,-0.036168,-0.119386,0.023802,0.303992,0.983509,-0.119856,0.13541,-0.054062,0.519082,0.852974,-0.173762,-0.846059,0.503839,0.028569,-0.091892,-0.017197,-0.329464,-0.153062,0.465218,-1.404744,0.034333,0.029837,-0.029556,-0.97904,0.086083,0.184579,0.106434,-0.556429,0.824049,0.173642,0.826423,0.535604,0.014283,-0.04592,-0.008583,-0.350315,-0.14151,0.454143,-0.812169,0.082486,0.034274,-0.070995,-0.561607,0.592933,-0.577084,-0.760167,-0.645159,0.076902,-0.326714,0.481869,0.813055,-0.027742,-0.028701,0.044821,-0.075857,0.361795,-0.021673,-0.222911
453,0.088355,0.017628,0.343829,-0.470024,0.644567,-0.60304,-0.855054,-0.502006,0.129787,-0.218495,0.575831,0.787849,-0.05424,-0.053002,0.09331,0.315825,-0.412603,0.716083,-0.012556,-0.118511,0.02057,0.303299,0.988148,-0.123281,0.091415,-0.016095,0.508442,0.860907,-0.153859,-0.852001,0.500285,0.025848,-0.073412,-0.018414,-0.15435,-0.138008,0.275891,-1.40415,0.034762,0.028239,-0.029904,-0.985723,0.091745,0.141177,0.068607,-0.546865,0.834404,0.153758,0.832178,0.532764,0.006906,-0.043271,-0.005336,-0.114445,-0.317996,0.531952,-0.82017,0.081389,0.033336,-0.069299,-0.541791,0.604336,-0.584156,-0.76817,-0.638104,0.052311,-0.34114,0.477073,0.809952,-0.026608,-0.021001,0.042556,1.341358,-1.743925,1.71454,-0.219318
454,0.086282,0.015834,0.347577,-0.443379,0.65015,-0.617062,-0.866396,-0.487278,0.10904,-0.229244,0.582155,0.780109,-0.051987,-0.045512,0.099473,0.214386,-0.758305,1.001395,0.006741,-0.117626,0.018025,0.302785,0.991865,-0.113493,0.057573,0.005804,0.491475,0.870835,-0.128381,-0.863253,0.488032,0.022624,-0.052201,-0.016588,-0.239561,-0.205631,0.229805,-1.40398,0.035207,0.026954,-0.030166,-0.990739,0.083374,0.107161,0.046854,-0.530834,0.846178,0.127434,0.843363,0.522012,0.0121,-0.031308,-0.004052,-0.253577,-0.602617,0.19721,-0.823599,0.08035,0.032433,-0.067429,-0.516085,0.615126,-0.596049,-0.780746,-0.624028,0.032003,-0.352266,0.48188,0.802309,-0.025511,-0.017374,0.045518,1.215359,-2.01562,1.77849,-0.201683
455,0.084719,0.01447,0.351182,-0.430417,0.64242,-0.634101,-0.867596,-0.48824,0.094181,-0.248561,0.58988,0.768301,-0.035723,-0.031409,0.093964,-0.22814,-0.282439,0.587933,0.014791,-0.116803,0.016156,0.302419,0.994032,-0.10354,0.034222,0.019371,0.475532,0.879447,-0.108587,-0.873385,0.474626,0.007273,-0.044831,-0.00734,-0.63777,0.181508,0.337709,-1.404298,0.035625,0.026015,-0.030355,-0.993812,0.073024,0.083688,0.033942,-0.51776,0.854852,0.105756,0.852403,0.512077,0.010572,-0.021332,-0.003623,-0.041132,-0.213029,0.308498,-0.823272,0.079563,0.031746,-0.065625,-0.500875,0.610432,-0.613593,-0.781179,-0.62408,0.01681,-0.37267,0.487746,0.789443,-0.017231,-0.009887,0.043087,-0.196106,-0.296231,0.590363,-0.187803
456,0.084092,0.014016,0.352988,-0.419586,0.64196,-0.641778,-0.871507,-0.482578,0.086982,-0.253355,0.595011,0.762759,-0.020451,-0.02058,0.085736,-0.194892,-0.312108,0.63746,0.029313,-0.116514,0.015435,0.302248,0.995711,-0.088408,0.027111,0.017865,0.470451,0.882208,-0.092007,-0.877808,0.469948,0.004986,-0.030156,-0.011617,-0.30557,-0.38872,-0.024388,-1.404702,0.035767,0.025667,-0.030435,-0.99526,0.060771,0.07591,0.034254,-0.511508,0.858595,0.091006,0.857126,0.507002,0.009061,-0.013231,-0.004886,-0.604869,-4.909729,-2.140934,-0.820986,0.079257,0.031522,-0.064751,-0.490347,0.612027,-0.620469,-0.785339,-0.618982,0.010081,-0.37789,0.492222,0.784165,-0.010244,-0.010185,0.042988,-0.198221,-0.308756,0.635651,-0.179802
457,0.083465,0.013671,0.355883,-0.412213,0.632574,-0.655726,-0.871132,-0.484423,0.080224,-0.266395,0.603505,0.75156,-0.018475,9.2e-05,0.067553,-0.393928,-0.646846,0.272962,0.087986,-0.116507,0.014624,0.301869,0.999049,-0.0425,0.009274,0.011458,0.460348,0.887627,-0.043258,-0.886603,0.460355,-0.012044,-0.012892,-0.011139,-0.190508,-0.015936,-0.043224,-1.404528,0.035779,0.025238,-0.030628,-0.998348,0.014329,0.055637,0.041001,-0.500684,0.864658,0.040246,0.865511,0.499269,-0.006025,-0.006279,-0.005408,-0.172694,-0.307843,-0.210571,-0.821966,0.078932,0.031345,-0.063255,-0.480399,0.606508,-0.633532,-0.784731,-0.619833,0.001657,-0.39168,0.497948,0.773714,-0.002083,0.004187,0.028708,-0.379945,-0.822073,0.460189,-0.127712
458,0.083596,0.013759,0.358015,-0.414186,0.61586,-0.670233,-0.863211,-0.499273,0.074593,-0.288182,0.608681,0.739247,0.008288,0.010496,0.042067,-0.058204,-0.46791,0.366295,0.136294,-0.117162,0.01501,0.301516,0.999978,0.004724,-0.003785,0.0014,0.445251,0.895368,0.004648,-0.895339,0.445209,-0.018446,0.02709,-0.008582,-0.697062,-1.148662,-0.377483,-1.404553,0.035456,0.025404,-0.030818,-0.998637,-0.032383,0.040925,0.05153,-0.487785,0.87144,-0.008258,0.872362,0.488789,-0.01648,0.013062,-0.003716,-0.203043,-4.806259,-2.345397,-0.825395,0.07899,0.031394,-0.062173,-0.479143,0.589285,-0.65051,-0.774347,-0.632753,-0.002843,-0.413288,0.502359,0.759491,0.010198,-0.001345,0.024589,0.124045,-0.435119,-0.0427,-0.051292
459,0.083933,0.013859,0.358833,-0.418911,0.605898,-0.676348,-0.855681,-0.512626,0.070677,-0.303377,0.60759,0.734046,0.020248,0.004174,0.037399,3.643381,-0.661948,-3.667534,0.145834,-0.117626,0.015649,0.301447,0.999545,0.02695,-0.013225,0.000249,0.436501,0.899667,0.028752,-0.899275,0.436282,-0.033538,0.032367,-0.001115,-0.739573,0.338243,0.37226,-1.404793,0.03523,0.025721,-0.030856,-0.997976,-0.055913,0.030259,0.053399,-0.478904,0.876241,-0.034502,0.876084,0.480921,-0.009904,0.017794,6.5e-05,-0.8505,0.366558,0.449095,-0.831273,0.079147,0.031447,-0.061774,-0.479109,0.581784,-0.657253,-0.76817,-0.640209,-0.006734,-0.424698,0.501656,0.753639,0.003526,0.003505,0.019625,-0.083412,-0.338973,0.538602,-0.026799
460,0.084801,0.013977,0.36004,-0.416888,0.5993,-0.683439,-0.850734,-0.522003,0.06112,-0.319617,0.606159,0.728316,0.031328,-0.004618,0.03081,-0.062224,-0.117128,0.251962,0.142444,-0.118384,0.017467,0.301775,0.997366,0.068751,-0.02294,-0.007383,0.412686,0.910807,0.070821,-0.908304,0.412106,-0.008602,0.053583,0.016187,-0.601263,-0.118222,0.050678,-1.404338,0.034839,0.02664,-0.030695,-0.995216,-0.095977,0.018193,0.059997,-0.453578,0.889194,-0.077091,0.886033,0.457166,-0.004432,0.027666,0.008993,-0.58404,-0.111817,0.048145,-0.833886,0.079584,0.031512,-0.061153,-0.478495,0.573569,-0.664875,-0.757806,-0.652249,-0.017302,-0.443588,0.495568,0.746753,0.009635,0.004488,0.011997,-0.025256,-0.228583,0.439307,-0.00753
461,0.085665,0.013964,0.361142,-0.414215,0.596626,-0.687392,-0.849213,-0.525053,0.055926,-0.327042,0.606164,0.725007,0.017818,-0.002833,0.031738,-0.063116,-0.102095,0.222612,0.102755,-0.118668,0.019538,0.302685,0.993973,0.102177,-0.039607,-0.003846,0.394676,0.918776,0.108248,-0.913194,0.392712,0.005784,0.050635,0.029748,-0.617182,-1.306068,-0.179236,-1.404355,0.034693,0.027669,-0.030238,-0.991872,-0.127233,0.000412,0.056536,-0.437835,0.897275,-0.113983,0.890006,0.44147,0.002646,0.025495,0.015025,0.064636,-4.931448,-2.105956,-0.819843,0.080019,0.031497,-0.060608,-0.475229,0.571683,-0.668831,-0.755634,-0.654603,-0.022616,-0.450748,0.494644,0.743069,0.016006,0.002659,0.010682,-0.032081,-0.052535,0.120468,-0.039699
462,0.086348,0.014013,0.36222,-0.416218,0.605131,-0.678693,-0.851602,-0.520981,0.057666,-0.31818,0.601224,0.73302,0.018348,0.006411,0.02182,0.242522,0.359735,0.497468,0.142685,-0.11821,0.021314,0.304284,0.989654,0.138208,-0.038409,-0.019148,0.39338,0.919141,0.140884,-0.909049,0.391976,0.006078,0.046643,0.04395,0.115398,-0.162503,0.126721,-1.405067,0.034922,0.02856,-0.029441,-0.986643,-0.162892,-0.0006,0.071253,-0.434885,0.897662,-0.146483,0.88563,0.440683,0.009875,0.024362,0.022027,0.13835,-0.070602,-0.044986,-0.821803,0.08036,0.031517,-0.060066,-0.4789,0.577461,-0.661204,-0.758744,-0.651108,-0.019098,-0.441544,0.492539,0.749961,0.009178,0.003274,0.010951,-0.038739,-0.047218,0.059978,-0.039372
463,0.086623,0.014027,0.362749,-0.414943,0.608173,-0.676752,-0.85308,-0.518642,0.056892,-0.315883,0.600172,0.734873,0.016657,-0.006229,0.029031,-0.041125,0.055117,0.048703,0.157829,-0.117914,0.022073,0.305248,0.985485,0.166069,-0.035093,-0.034298,0.397946,0.916731,0.164953,-0.902411,0.397881,0.021322,0.037508,0.05134,0.62668,-1.892389,-0.745366,-1.405096,0.03506,0.028937,-0.028975,-0.982962,-0.183798,0.001133,0.082876,-0.437707,0.895289,-0.164057,0.88013,0.445483,0.01066,0.018751,0.025683,-0.02308,0.050991,-0.292126,-0.818863,0.080492,0.031529,-0.059811,-0.478282,0.582631,-0.657104,-0.760539,-0.648925,-0.021812,-0.43912,0.489321,0.753483,0.001781,-0.001724,0.015418,-0.058962,0.035001,0.005084,-0.014389
464,0.087213,0.013882,0.363688,-0.406972,0.618607,-0.672119,-0.857486,-0.512268,0.047651,-0.314329,0.594955,0.739766,0.015393,-0.010128,0.026068,0.004406,0.021877,0.289028,0.167352,-0.117225,0.023406,0.307186,0.979176,0.201001,-0.02837,-0.055886,0.40182,0.913976,0.193864,-0.89359,0.404692,0.00775,0.034061,0.049231,0.163783,-0.150288,-0.023685,-1.405351,0.035412,0.029626,-0.027978,-0.974054,-0.226231,0.006007,0.108257,-0.442471,0.890224,-0.198738,0.867778,0.455482,0.010608,0.018315,0.024894,0.121671,0.000656,-0.343288,-0.819517,0.080789,0.031466,-0.059341,-0.472472,0.593581,-0.651483,-0.765414,-0.64281,-0.030581,-0.436933,0.484206,0.758045,0.008094,-5.4e-05,0.00841,0.053791,0.030395,0.32061,0.015494
465,0.087739,0.013373,0.36458,-0.396934,0.626855,-0.670479,-0.862158,-0.505183,0.038019,-0.314396,0.592368,0.74181,0.012569,-0.026521,0.03057,-0.045861,0.028915,0.234256,0.185846,-0.116741,0.024494,0.308969,0.969544,0.244275,-0.017442,-0.086033,0.406873,0.909388,0.228005,-0.88048,0.41549,0.00921,0.025028,0.04008,-0.012126,0.806681,-2.590057,-1.404757,0.035651,0.030187,-0.02707,-0.963096,-0.268923,0.01121,0.134911,-0.446279,0.884666,-0.232904,0.853531,0.46609,0.005551,0.006377,0.023382,0.480074,-0.24436,-0.331818,-0.815761,0.08106,0.031216,-0.058885,-0.463635,0.603318,-0.648882,-0.77092,-0.635661,-0.040193,-0.436719,0.481601,0.759825,0.006672,-0.008274,0.010637,-0.017916,0.013938,0.219953,0.034109
466,0.088149,0.012452,0.36563,-0.38835,0.636922,-0.666003,-0.86648,-0.498365,0.028567,-0.313242,0.587378,0.746253,-0.001321,-0.026493,0.030398,0.167656,0.473554,0.398423,0.238719,-0.116452,0.025203,0.310329,0.956524,0.291592,-0.005243,-0.118936,0.406831,0.905691,0.265007,-0.866041,0.423801,0.010669,0.016394,0.031653,-0.151733,0.914287,-2.542231,-1.404667,0.035794,0.030546,-0.026385,-0.948172,-0.317076,0.020738,0.168343,-0.445908,0.879104,-0.269496,0.837035,0.476175,0.005406,0.007771,0.01543,0.503332,-0.296364,-0.131144,-0.820823,0.081268,0.030743,-0.05835,-0.456781,0.612809,-0.644837,-0.775953,-0.628956,-0.048058,-0.435025,0.478411,0.762807,-0.000727,-0.013408,0.01507,0.141206,0.423959,0.373127,0.082116
467,0.088354,0.01181,0.366197,-0.384644,0.639928,-0.665272,-0.868544,-0.494899,0.026046,-0.312104,0.587039,0.746997,0.009935,-0.042554,0.035448,-0.06207,0.101123,0.213534,0.274056,-0.1162,0.0255,0.310946,0.947902,0.318548,0.000337,-0.136904,0.406789,0.903169,0.286358,-0.856546,0.429176,0.024204,0.017825,0.031024,0.148019,-0.18787,0.019343,-1.405131,0.035916,0.030689,-0.026081,-0.938254,-0.344826,0.027804,0.189437,-0.444869,0.875331,-0.289467,0.82655,0.482723,0.005451,0.007439,0.015068,0.092295,-0.288468,-0.046165,-0.822946,0.081368,0.03044,-0.058079,-0.453775,0.617653,-0.642332,-0.778371,-0.625667,-0.051749,-0.433849,0.476491,0.764676,0.005441,-0.015983,0.013293,-0.015315,0.004085,0.412893,0.122286
468,0.088746,0.01035,0.36724,-0.378442,0.645714,-0.663235,-0.87221,-0.488612,0.0219,-0.30946,0.585963,0.748938,0.00952,-0.03666,0.023193,-0.089997,-0.038024,0.165784,0.312752,-0.115914,0.025713,0.31221,0.927601,0.372977,0.020891,-0.181601,0.40168,0.897557,0.325195,-0.836821,0.440275,0.000115,-0.00365,0.03272,0.231242,-0.142253,-0.136182,-1.405544,0.036068,0.030804,-0.025437,-0.915612,-0.399568,0.044708,0.233477,-0.437869,0.868192,-0.327326,0.805366,0.494208,0.000112,-0.002147,0.01607,0.199982,-0.148354,-0.119615,-0.822292,0.081567,0.029693,-0.057544,-0.448568,0.624352,-0.639507,-0.78292,-0.619616,-0.05577,-0.431069,0.475667,0.766759,0.004652,-0.01863,0.011366,-0.108549,-0.074158,0.147609,0.196093
469,0.089073,0.008881,0.368116,-0.366386,0.655466,-0.660432,-0.880712,-0.473249,0.01882,-0.299765,0.587729,0.751494,-0.003948,-0.035221,0.024088,-0.953801,0.473699,1.62113,0.338703,-0.115788,0.025257,0.313551,0.907092,0.419319,0.036697,-0.218164,0.394085,0.892769,0.358737,-0.818342,0.448875,0.002536,-0.018628,0.036889,-0.156644,0.928155,-2.665058,-1.40509,0.036131,0.030572,-0.024769,-0.89335,-0.445813,0.056342,0.268549,-0.429148,0.862387,-0.360285,0.785545,0.503103,0.001306,-0.009576,0.018221,-0.122963,0.921985,-2.665164,-0.825068,0.081731,0.028967,-0.057119,-0.439421,0.632663,-0.637688,-0.792459,-0.607307,-0.05645,-0.422987,0.480536,0.768222,0.004887,-0.014163,0.006329,-3.729895,0.139504,4.114694,0.239692
470,0.089165,0.008205,0.368508,-0.361737,0.658065,-0.660411,-0.884348,-0.466388,0.019586,-0.294677,0.590298,0.751493,0.010068,-0.027687,0.013177,-0.065304,0.026936,0.000694,0.351388,-0.115753,0.024721,0.314292,0.896662,0.44077,0.041343,-0.234098,0.393087,0.889165,0.374523,-0.807499,0.455567,-0.010019,-0.025568,0.032353,0.350872,-5.189999,-2.857438,-1.405146,0.03615,0.030331,-0.024421,-0.885328,-0.461022,0.06043,0.281341,-0.427674,0.859035,-0.37019,0.777529,0.508337,0.00254,-0.017214,0.020211,0.049494,-0.206177,0.025797,-0.825068,0.081773,0.028638,-0.056929,-0.434067,0.63888,-0.635151,-0.798356,-0.599446,-0.057363,-0.417387,0.482177,0.770254,0.004994,-0.013922,0.006525,-0.070869,-0.088491,0.166023,0.257654
471,0.089168,0.007246,0.369131,-0.362092,0.658491,-0.659792,-0.8851,-0.464864,0.021713,-0.291973,0.591023,0.751978,-0.001402,-0.012045,0.007821,-0.03464,0.017766,-0.016004,0.367042,-0.115603,0.023127,0.315638,0.883311,0.46602,0.050779,-0.257397,0.391886,0.883236,0.39058,-0.793814,0.466014,0.006855,-0.044212,0.031561,0.246031,-0.591227,-0.476224,-1.40557,0.036222,0.029515,-0.023718,-0.867689,-0.492433,0.068,0.308059,-0.425299,0.85101,-0.390145,0.759361,0.520726,0.003495,-0.022581,0.01535,0.228778,-0.597343,-0.473349,-0.834213,0.081775,0.028135,-0.056611,-0.434569,0.639012,-0.634674,-0.799443,-0.598224,-0.054925,-0.414776,0.483517,0.770825,0.005385,-0.01271,0.007434,-0.068296,0.020263,-0.003113,0.286719
472,0.089117,0.006735,0.369606,-0.364702,0.658952,-0.657891,-0.885352,-0.464175,0.025792,-0.287934,0.59105,0.753512,-0.000654,-0.009606,0.009633,-0.034651,0.017729,-0.016023,0.378722,-0.115367,0.02114,0.316844,0.871872,0.485847,0.061517,-0.279255,0.39029,0.877282,0.401103,-0.782653,0.475849,0.007447,-0.047551,0.028626,0.115683,-0.17995,-0.032128,-1.405706,0.03634,0.028532,-0.023133,-0.855024,-0.512772,0.077439,0.32998,-0.42276,0.844029,-0.400057,0.747219,0.530675,0.003771,-0.024137,0.013983,0.090746,-0.044699,-0.272406,-0.833723,0.081749,0.027878,-0.056374,-0.43731,0.638913,-0.63289,-0.799967,-0.597886,-0.050821,-0.410867,0.484067,0.772571,-0.00028,-0.004615,0.004957,-0.033956,0.017254,-0.015896,0.306967
473,0.089093,0.006618,0.369757,-0.36467,0.659041,-0.657819,-0.885517,-0.463843,0.026112,-0.287469,0.591211,0.753564,0.000238,0.000778,0.000575,0.0,0.0,0.0,0.381496,-0.11518,0.02027,0.317407,0.867019,0.493693,0.067345,-0.288105,0.386701,0.876009,0.405331,-0.779527,0.477397,0.007191,-0.046107,0.029995,-0.14986,0.38444,-0.837132,-1.405232,0.036434,0.028091,-0.022857,-0.849633,-0.52102,0.081607,0.338139,-0.419454,0.842448,-0.404702,0.743367,0.53256,0.003602,-0.023203,0.014873,-0.437884,1.20326,-2.340694,-0.834213,0.081737,0.027821,-0.056297,-0.437295,0.638998,-0.632814,-0.800193,-0.597612,-0.050494,-0.410443,0.484293,0.772655,-0.00028,-0.004625,0.004949,-0.034424,0.017675,-0.016183,0.314152
474,0.089037,0.006594,0.369852,-0.364838,0.659055,-0.657713,-0.885532,-0.463799,0.026385,-0.287211,0.591231,0.753647,-0.012681,0.00434,0.002994,-0.000241,0.001453,-0.003977,0.380382,-0.114805,0.018803,0.318293,0.865056,0.496501,0.071805,-0.293054,0.384209,0.875464,0.405978,-0.778979,0.477741,0.019088,-0.033306,0.021893,0.086141,-0.078909,-0.105642,-1.405388,0.036617,0.027351,-0.022412,-0.847612,-0.523496,0.086624,0.342813,-0.415661,0.842439,-0.405008,0.743758,0.531781,0.009561,-0.016839,0.010772,0.176846,-0.094306,-0.123326,-0.835029,0.081714,0.027803,-0.056248,-0.437484,0.638974,-0.632707,-0.800228,-0.597591,-0.050195,-0.410174,0.484351,0.772761,3.8e-05,0.000133,0.0001,0.000116,1.1e-05,-0.000134,0.319051
475,0.089016,0.006644,0.369851,-0.367005,0.659263,-0.656297,-0.885344,-0.464008,0.028904,-0.285022,0.590835,0.754787,9e-05,0.000293,0.000217,-0.150365,0.143642,-0.13621,0.383322,-0.11433,0.017942,0.319018,0.863338,0.499122,0.074262,-0.297014,0.383901,0.874264,0.406755,-0.777457,0.479557,0.003126,-0.020373,0.017514,0.196285,-0.105305,-0.144584,-1.405149,0.036861,0.026911,-0.022052,-0.845929,-0.525846,0.088816,0.346305,-0.414998,0.841337,-0.405555,0.742469,0.533163,0.008247,-0.00869,0.009199,0.357446,-0.146229,-0.148208,-0.840418,0.081699,0.027832,-0.056245,-0.439717,0.638738,-0.631397,-0.800114,-0.597948,-0.047685,-0.408001,0.484222,0.773991,3.8e-05,0.000125,9.4e-05,-0.163251,0.155119,-0.146402,0.319541
476,0.089084,0.006659,0.369863,-0.368577,0.659576,-0.6551,-0.885379,-0.4638,0.031088,-0.28288,0.590648,0.755739,0.000141,0.000462,0.000341,-0.0,0.0,-0.0,0.389883,-0.113759,0.017381,0.319768,0.862588,0.500559,0.073303,-0.29704,0.384088,0.874173,0.40832,-0.776441,0.479872,0.015839,-0.013538,0.021932,0.108293,0.006197,-0.227026,-1.405491,0.037149,0.026619,-0.021674,-0.845095,-0.527355,0.087808,0.346634,-0.415458,0.840975,-0.407011,0.741141,0.533901,0.007872,-0.006573,0.011138,0.151992,0.006336,-0.234609,-0.840254,0.081733,0.027839,-0.056239,-0.441397,0.63871,-0.630251,-0.800271,-0.597912,-0.045466,-0.405875,0.484303,0.775058,8.2e-05,0.000267,0.000197,0.00283,-0.002502,0.002061,0.326889
477,0.089154,0.006636,0.369872,-0.370347,0.659867,-0.653807,-0.885352,-0.463687,0.03344,-0.280642,0.590412,0.756757,1.8e-05,6e-05,4.4e-05,-0.001218,0.001163,-0.001104,0.39009,-0.113308,0.017198,0.320235,0.861955,0.502055,0.070464,-0.296204,0.386165,0.873541,0.410256,-0.774443,0.481448,0.028691,-0.007523,0.025569,0.038937,-0.094237,0.02647,-1.405149,0.037364,0.026527,-0.021453,-0.844457,-0.528837,0.084986,0.346201,-0.417832,0.839976,-0.408701,0.738746,0.535926,0.014393,-0.004091,0.012474,0.037976,-0.083778,-0.003658,-0.842051,0.081768,0.027829,-0.056234,-0.443265,0.638627,-0.629023,-0.800364,-0.597963,-0.043086,-0.403649,0.484349,0.776191,-1e-06,3e-06,1e-06,0.000796,-0.00048,-6.6e-05,0.329828
478,0.08936,0.006446,0.369898,-0.365805,0.664133,-0.652042,-0.888371,-0.45799,0.031826,-0.277044,0.590071,0.758347,-0.001609,-0.012744,0.007317,-0.03522,0.031321,-0.041433,0.389968,-0.112109,0.016833,0.321426,0.858045,0.508654,0.070858,-0.30366,0.391466,0.868608,0.412988,-0.767448,0.490232,0.043462,-0.013594,0.036197,0.274373,-0.223454,-0.068259,-1.405639,0.037958,0.026351,-0.020857,-0.840737,-0.534752,0.084857,0.352874,-0.422293,0.834953,-0.410658,0.73192,0.543738,0.014981,-0.008109,0.017814,0.443221,-0.230214,-0.162005,-0.850215,0.081873,0.027742,-0.056222,-0.439451,0.643485,-0.626744,-0.804196,-0.592685,-0.044641,-0.400188,0.484408,0.777944,-0.000183,-0.000595,-0.000443,-0.003312,-0.00705,-0.003373,0.331787
479,0.089614,0.006186,0.369923,-0.365314,0.666211,-0.650195,-0.888644,-0.45756,0.030375,-0.27682,0.588059,0.75999,-0.000317,-0.00104,-0.00077,0.040194,0.080913,0.04065,0.39141,-0.110765,0.01641,0.322705,0.853945,0.515207,0.07302,-0.312297,0.395431,0.863735,0.415038,-0.761021,0.49845,0.041341,-0.000673,0.029826,0.450844,-0.292519,-0.100603,-1.405598,0.03863,0.026135,-0.020215,-0.836567,-0.540984,0.08655,0.360906,-0.425314,0.829971,-0.412191,0.725563,0.551049,0.014818,-0.007253,0.018562,0.422189,-0.309026,-0.169317,-0.848909,0.081998,0.027602,-0.05621,-0.439425,0.645511,-0.624675,-0.804457,-0.59222,-0.046082,-0.399692,0.482275,0.779522,0.006409,-0.001956,-0.001347,0.044777,0.073639,0.074131,0.333584
480,0.089801,0.005967,0.370004,-0.361089,0.670405,-0.648241,-0.891543,-0.451967,0.029114,-0.273024,0.587613,0.761706,0.012277,-0.013199,0.007193,0.02792,0.18663,0.139095,0.389862,-0.109279,0.016353,0.324015,0.851944,0.517764,0.078122,-0.318065,0.393432,0.862543,0.414771,-0.760324,0.499734,0.025274,0.011672,0.02472,-0.018224,-0.059281,0.082935,-1.40536,0.039379,0.026102,-0.019558,-0.833522,-0.544848,0.091545,0.367976,-0.423886,0.827595,-0.412109,0.723505,0.55381,0.020232,0.001676,0.016647,-0.094141,-0.066636,0.10374,-0.842377,0.082086,0.027496,-0.056173,-0.436041,0.649722,-0.622678,-0.808115,-0.587164,-0.046769,-0.396001,0.482803,0.781078,4e-06,1.5e-05,8e-06,0.040897,0.28172,0.251858,0.333584
481,0.089828,0.005897,0.370077,-0.361125,0.670445,-0.64818,-0.891608,-0.451826,0.029319,-0.272766,0.587676,0.76175,0.00044,0.001447,0.001071,0.00208,-0.010556,0.026933,0.392017,-0.108611,0.016461,0.324596,0.850855,0.518889,0.082415,-0.322296,0.391848,0.861693,0.413744,-0.760377,0.500505,0.027183,-0.000152,0.031989,0.129306,-0.133905,-0.006639,-1.40491,0.039722,0.026165,-0.019254,-0.83248,-0.545737,0.095632,0.371569,-0.421877,0.827015,-0.410988,0.724009,0.553984,0.013564,-2.3e-05,0.016019,0.171071,-0.140826,-0.003941,-0.841071,0.082104,0.027454,-0.056135,-0.436036,0.650218,-0.622163,-0.808269,-0.586939,-0.04694,-0.395693,0.482408,0.781478,0.000227,0.000755,0.000557,-0.005956,-0.026585,0.019153,0.333747
482,0.089822,0.005739,0.3702,-0.356986,0.674583,-0.646176,-0.894429,-0.446292,0.028142,-0.268962,0.587164,0.763495,-0.000901,-0.010454,0.009016,-0.031694,0.023625,-0.013071,0.404097,-0.107398,0.016973,0.325452,0.849878,0.519973,0.085595,-0.325693,0.390842,0.860873,0.413093,-0.760156,0.50138,0.023562,0.021485,0.015429,0.094276,-0.09802,0.07307,-1.405303,0.040319,0.026414,-0.018831,-0.831239,-0.547059,0.09883,0.375208,-0.420919,0.82586,-0.410195,0.723569,0.555145,0.019444,0.006275,0.01172,0.065008,-0.114484,0.080884,-0.841234,0.082103,0.027383,-0.056075,-0.432678,0.654855,-0.619639,-0.811887,-0.581838,-0.047986,-0.391954,0.482315,0.783417,-2e-06,-2e-06,-3e-06,-0.007897,-0.015601,-0.007412,0.341911
483,0.089833,0.005642,0.370266,-0.348649,0.68075,-0.644258,-0.899796,-0.435459,0.026729,-0.261926,0.588172,0.765164,-4.3e-05,-0.000141,-0.000105,-3.558945,0.150858,4.230268,0.412699,-0.106222,0.01763,0.326167,0.849489,0.519571,0.091694,-0.329598,0.387149,0.861055,0.410797,-0.762319,0.49998,0.023594,0.020779,0.014704,-0.008943,0.056778,-0.079329,-1.405656,0.040907,0.026744,-0.018473,-0.830549,-0.547001,0.10477,0.378888,-0.417057,0.826139,-0.408203,0.725846,0.553639,0.012765,0.004592,0.011102,-0.036441,-0.017518,0.027587,-0.842051,0.082107,0.027331,-0.056038,-0.429168,0.659402,-0.617254,-0.815452,-0.576734,-0.049143,-0.388397,0.48225,0.785227,-3.1e-05,-9.9e-05,-7.4e-05,-0.007551,-0.015099,-0.007309,0.356444
484,0.08985,0.005615,0.370284,-0.348646,0.680764,-0.644245,-0.899819,-0.435409,0.026782,-0.261851,0.588193,0.765173,-1e-06,-2e-06,-2e-06,2.7e-05,5.4e-05,2.7e-05,0.41278,-0.105658,0.017917,0.326483,0.849361,0.519406,0.093776,-0.330886,0.385827,0.861154,0.410025,-0.7631,0.499421,0.024135,0.017936,0.012152,0.006316,-0.045876,0.082703,-1.405387,0.041188,0.026892,-0.01831,-0.830346,-0.546891,0.106933,0.380176,-0.415666,0.826249,-0.40742,0.726726,0.553061,0.012013,0.009196,0.006255,-0.006442,0.043985,-0.054416,-0.842377,0.082116,0.027317,-0.056029,-0.425522,0.661982,-0.617017,-0.818901,-0.571857,-0.048781,-0.385138,0.484518,0.785435,0.0,7e-06,5e-06,-0.001057,-0.003256,-0.001799,0.3602
485,0.089897,0.005582,0.370286,-0.348443,0.6808,-0.644316,-0.8999,-0.435246,0.026688,-0.261841,0.588272,0.765116,-3.6e-05,-0.00012,-8.9e-05,0.0,0.0,0.0,0.41273,-0.104719,0.01822,0.327002,0.848387,0.520361,0.097235,-0.334608,0.385046,0.860065,0.409023,-0.762845,0.50063,0.013722,-0.001231,0.01482,-0.030423,0.07459,-0.1405,-1.405172,0.041661,0.027055,-0.018048,-0.82923,-0.547954,0.110104,0.383812,-0.415085,0.824858,-0.406282,0.726257,0.554513,0.012689,0.00585,0.003288,-0.004707,-0.053257,0.082018,-0.843847,0.082139,0.0273,-0.056028,-0.425336,0.662024,-0.6171,-0.818992,-0.57172,-0.048851,-0.38515,0.484622,0.785366,-2.3e-05,-6.8e-05,-5e-05,0.000222,-4e-05,-0.000357,0.362159
486,0.089977,0.005536,0.370253,-0.34428,0.682869,-0.644365,-0.902503,-0.429829,0.026606,-0.258378,0.589851,0.765078,-0.000407,-0.001342,-0.000994,0.0,0.0,0.0,0.410877,-0.104022,0.018271,0.327429,0.8468,0.522779,0.098093,-0.33818,0.387056,0.857762,0.409373,-0.760171,0.504397,0.012308,0.007609,0.004839,0.014534,-0.020647,0.024618,-1.405436,0.04201,0.027074,-0.017834,-0.827505,-0.550397,0.110894,0.387434,-0.416821,0.822286,-0.40636,0.72341,0.558164,0.007034,-0.001477,0.006631,-0.054085,-0.027521,0.032609,-0.845806,0.08218,0.02728,-0.056043,-0.421555,0.66472,-0.616796,-0.822424,-0.566783,-0.048728,-0.38198,0.486726,0.785612,-0.000227,-0.000746,-0.000553,0.000315,-8.4e-05,-0.000335,0.361996
487,0.090001,0.00551,0.370234,-0.340221,0.684897,-0.644368,-0.905035,-0.424471,0.0266,-0.254882,0.591373,0.765075,-0.00037,-0.001221,-0.000904,-0.0,0.0,0.0,0.409731,-0.103788,0.018266,0.327645,0.846774,0.522802,0.098198,-0.338061,0.386613,0.858009,0.409525,-0.760381,0.503957,0.012102,0.008545,0.005654,0.004455,-0.030695,0.053425,-1.405032,0.042128,0.027067,-0.01773,-0.827495,-0.550391,0.111,0.387181,-0.416191,0.822724,-0.406623,0.723777,0.557497,0.007074,-0.001667,0.006465,-0.03826,-0.023,0.03452,-0.846623,0.082192,0.027266,-0.056053,-0.417869,0.667363,-0.616451,-0.825786,-0.561892,-0.048528,-0.378765,0.488778,0.785896,-0.000237,-0.000781,-0.000578,0.000569,-0.000521,-0.000315,0.361343
488,0.089965,0.005405,0.370206,-0.340383,0.684896,-0.644285,-0.905012,-0.42451,0.026778,-0.254749,0.591347,0.76514,-0.000596,-0.001964,-0.001455,0.0,0.0,0.0,0.406542,-0.103638,0.01824,0.32804,0.846564,0.52272,0.100422,-0.339286,0.384806,0.858337,0.408947,-0.761354,0.502956,0.000464,-0.004452,0.013809,-0.049362,0.096706,-0.163752,-1.405129,0.042209,0.027053,-0.01754,-0.827241,-0.550356,0.113044,0.388214,-0.414456,0.823112,-0.406153,0.724798,0.556512,0.000313,-0.002631,0.006545,-0.049375,0.097663,-0.163127,-0.846623,0.082175,0.027215,-0.056066,-0.418041,0.66732,-0.61638,-0.825753,-0.561954,-0.048355,-0.378646,0.488764,0.785962,-0.000413,-0.001365,-0.001012,-0.000522,0.013204,-0.02591,0.358077
489,0.089894,0.005331,0.370176,-0.340725,0.684864,-0.644138,-0.904916,-0.424698,0.027035,-0.254632,0.591249,0.765254,-0.000335,-0.001105,-0.000819,0.0,0.0,0.0,0.405396,-0.103769,0.018284,0.328333,0.845799,0.52402,0.100092,-0.340588,0.386219,0.857186,0.409448,-0.759743,0.504981,-0.014322,0.001861,0.003463,-0.001555,0.014903,-0.029267,-1.405255,0.042147,0.02708,-0.017384,-0.826445,-0.551629,0.112659,0.389555,-0.41579,0.821805,-0.406489,0.723065,0.558518,-0.000543,0.002507,0.002192,-0.006338,-0.010727,0.020818,-0.846133,0.082138,0.027174,-0.056084,-0.418388,0.66722,-0.616254,-0.825633,-0.562153,-0.048105,-0.378525,0.488673,0.786076,-0.000193,-0.000636,-0.000469,0.000162,1.1e-05,-0.000203,0.356281
