frame,MLTx,MLTy,MLTz,MLTR1,MLTR2,MLTR3,MLTR4,MLTR5,MLTR6,MLTR7,MLTR8,MLTR9,MLTTVx,MLTTVy,MLTTVz,MLTRVx,MLTRVy,MLTRVz,MLGA,MRTx,MRTy,MRTz,MRTR1,MRTR2,MRTR3,MRTR4,MRTR5,MRTR6,MRTR7,MRTR8,MRTR9,MRTTVx,MRTTVy,MRTTVz,MRTRVx,MRTRVy,MRTRVz,MRGA,SLTx,SLTy,SLTz,SLTR1,SLTR2,SLTR3,SLTR4,SLTR5,SLTR6,SLTR7,SLTR8,SLTR9,SLTTVx,SLTTVy,SLTTVz,SLTRVx,SLTRVy,SLTRVz,SLGA,SRTx,SRTy,SRTz,SRTR1,SRTR2,SRTR3,SRTR4,SRTR5,SRTR6,SRTR7,SRTR8,SRTR9,SRTTVx,SRTTVy,SRTTVz,SRTRVx,SRTRVy,SRTRVz,SRGA
740,0.075517,0.017617,0.365266,-0.652839,-0.230083,-0.721739,-0.438112,-0.6626,0.607445,-0.617181,0.713052,0.332673,0.017511,-0.004626,0.030172,0.313665,0.483117,0.30945,0.415541,-0.190382,0.052301,0.348707,0.535902,0.385225,0.751267,-0.819204,0.452195,0.352646,-0.204529,-0.804894,0.556935,-0.011446,-0.009349,0.009824,0.484636,-0.027103,0.065006,-1.406772,0.024111,0.048831,-0.002832,-0.538442,-0.313997,0.781975,0.776195,-0.546048,0.3152,0.328024,0.776683,0.537738,5.5e-05,0.001192,0.000741,1.495818,0.245655,0.687304,-0.828334,0.052151,0.033317,-0.058758,-0.675743,-0.177491,-0.715448,-0.390376,-0.737131,0.551582,-0.625281,0.652022,0.428823,0.00887,-0.001967,0.015336,0.406789,0.573899,0.355505,0.377182
741,0.07583,0.017691,0.365761,-0.654167,-0.225091,-0.722111,-0.438511,-0.665044,0.60448,-0.61549,0.712363,0.33725,0.018991,0.006883,0.021999,0.080106,0.120938,0.141526,0.41663,-0.190458,0.052236,0.348795,0.539385,0.381256,0.750799,-0.814532,0.462039,0.350702,-0.213853,-0.801178,0.558787,0.000562,-0.010736,0.008127,0.14136,-0.036052,-0.006297,-1.406271,0.024074,0.0488,-0.002788,-0.541293,-0.310403,0.781441,0.770387,-0.555459,0.312998,0.336903,0.771436,0.539797,0.000279,-0.005329,0.004093,1.309867,0.463703,0.819316,-0.829804,0.052302,0.033355,-0.058516,-0.67776,-0.171323,-0.715043,-0.390672,-0.739944,0.547591,-0.622908,0.650484,0.434574,0.00906,-0.001373,0.01575,0.01693,0.218369,-0.055804,0.375223
742,0.076636,0.017855,0.366814,-0.655707,-0.217243,-0.723117,-0.439925,-0.668461,0.599664,-0.612838,0.71159,0.34365,0.018794,-0.000695,0.032876,0.009425,0.179539,-0.045698,0.428091,-0.190606,0.052041,0.348907,0.545767,0.375663,0.749004,-0.80521,0.482217,0.345019,-0.232241,-0.791865,0.564693,0.000516,-0.01165,0.007566,0.042133,-0.108519,-0.104084,-1.406987,0.023995,0.048696,-0.00273,-0.547133,-0.303958,0.779906,0.758174,-0.574793,0.307868,0.354706,0.75975,0.544942,0.000253,-0.005864,0.003758,0.029819,-0.096561,-0.096665,-0.834866,0.052706,0.033442,-0.057993,-0.679345,-0.163774,-0.715309,-0.392381,-0.742649,0.542686,-0.620102,0.649345,0.440253,0.016366,0.003267,0.010941,0.053314,0.072924,0.1533,0.382407
743,0.077664,0.018269,0.367785,-0.654563,-0.216356,-0.724419,-0.441944,-0.667953,0.598746,-0.612611,0.712337,0.342508,0.033961,0.010419,0.024532,-0.030556,-0.051658,0.119688,0.441794,-0.190754,0.051952,0.349007,0.552456,0.36752,0.748139,-0.795071,0.501616,0.340849,-0.250686,-0.783577,0.568354,2e-06,4.9e-05,3e-05,0.089099,-0.138431,-0.099306,-1.406883,0.023921,0.048651,-0.00268,-0.552864,-0.294724,0.779409,0.745533,-0.592739,0.304696,0.372185,0.749531,0.54743,-3e-06,2e-06,0.0,0.121524,-0.185943,-0.131975,-0.838621,0.053214,0.033644,-0.057504,-0.678359,-0.162884,-0.716447,-0.39444,-0.741948,0.542151,-0.619875,0.650369,0.43906,0.010584,0.006873,0.01333,-0.032497,-0.039717,0.088523,0.39988
744,0.078893,0.018857,0.368606,-0.65677,-0.21683,-0.722276,-0.440756,-0.666812,0.600889,-0.611102,0.713261,0.343278,0.034434,0.019572,0.014471,0.00367,-0.070762,0.135027,0.439204,-0.190977,0.051824,0.348955,0.560231,0.354393,0.748691,-0.783454,0.519947,0.340279,-0.269374,-0.777633,0.567968,-0.012251,-0.003366,-0.001243,0.008026,0.01975,-0.021636,-1.406971,0.023815,0.048593,-0.002703,-0.558932,-0.280948,0.780168,0.731853,-0.609479,0.304837,0.389853,0.741352,0.54627,-0.006121,-0.001565,-0.000548,0.108717,0.067321,0.057227,-0.839275,0.053818,0.033934,-0.05709,-0.680438,-0.163701,-0.714286,-0.393187,-0.740985,0.544375,-0.61839,0.651262,0.439829,0.010372,0.006447,0.012916,-0.03052,-0.039576,0.092731,0.405595
745,0.079463,0.019172,0.368948,-0.65926,-0.220228,-0.718972,-0.438436,-0.664244,0.605414,-0.610087,0.714621,0.342254,0.03436,0.019614,0.014406,-0.025299,-0.108627,0.115049,0.439052,-0.191132,0.051771,0.348954,0.565982,0.344435,0.749013,-0.774395,0.533546,0.339963,-0.283231,-0.772866,0.567733,-0.012132,-0.000902,0.000281,0.370513,0.184302,0.253143,-1.406902,0.023737,0.048557,-0.002709,-0.563267,-0.270627,0.780699,0.721516,-0.621547,0.305109,0.402671,0.735145,0.545359,-2.5e-05,-0.000509,-0.000308,1.249798,0.574452,0.954565,-0.840091,0.054116,0.034099,-0.056914,-0.682652,-0.167748,-0.711228,-0.390772,-0.738637,0.549283,-0.617481,0.652898,0.438681,0.010709,0.011158,0.008044,-0.013551,0.022375,-0.102,0.404778
746,0.08063,0.019876,0.369643,-0.664597,-0.221962,-0.713505,-0.434231,-0.662392,0.610452,-0.607296,0.715805,0.344735,0.034478,0.020513,0.014843,-0.000486,0.047575,-0.083664,0.442915,-0.191432,0.051687,0.349091,0.578164,0.323308,0.749126,-0.752921,0.564973,0.337415,-0.314855,-0.759509,0.5691,6.9e-05,0.001359,0.000841,0.372701,0.167677,0.282957,-1.406773,0.023582,0.048514,-0.002641,-0.572774,-0.248222,0.781226,0.696312,-0.650214,0.303922,0.432525,0.718057,0.545266,-0.005745,-0.0048,0.004847,1.207769,0.601952,0.913481,-0.846296,0.054698,0.034449,-0.056568,-0.687598,-0.169989,-0.705911,-0.386449,-0.737393,0.553993,-0.614707,0.653723,0.441338,0.010233,0.006317,0.012677,-0.051903,0.403946,-0.710975,0.405432
747,0.081637,0.020486,0.37042,-0.667156,-0.225223,-0.710086,-0.432133,-0.65946,0.615098,-0.605984,0.717496,0.343526,0.032804,0.008753,0.022655,-0.063497,0.005089,-0.075062,0.454288,-0.191748,0.051537,0.349265,0.578797,0.320028,0.750045,-0.750559,0.56848,0.336789,-0.319313,-0.758277,0.56826,-0.011504,-0.009865,0.009518,-0.038345,0.028371,-0.045971,-1.407037,0.023428,0.048444,-0.002557,-0.573118,-0.244539,0.782135,0.693157,-0.653767,0.303513,0.437114,0.716092,0.54419,-0.006001,0.000939,0.001001,-0.001075,-0.001723,-0.006223,-0.851522,0.055204,0.034761,-0.056181,-0.689862,-0.173901,-0.702743,-0.38426,-0.734729,0.559032,-0.613542,0.655691,0.440039,0.009934,0.005607,0.012091,-0.044217,-0.052534,0.055536,0.415555
748,0.082044,0.020698,0.370899,-0.6707,-0.226281,-0.706402,-0.42958,-0.657906,0.61854,-0.603881,0.718591,0.344937,0.018624,0.000311,0.032738,-0.079153,0.387103,-0.681253,0.460191,-0.191914,0.051439,0.349382,0.581728,0.315706,0.749609,-0.744596,0.577424,0.334802,-0.327856,-0.753306,0.570004,-0.011498,-0.0097,0.009622,4.109883,1.870003,3.097979,-1.406669,0.023346,0.048396,-0.002498,-0.57407,-0.243781,0.781673,0.689984,-0.658037,0.301509,0.440869,0.71243,0.545964,5.4e-05,0.001097,0.000683,-0.011955,0.010299,0.005622,-0.852338,0.055413,0.034871,-0.055944,-0.692735,-0.175083,-0.699616,-0.382007,-0.733737,0.561871,-0.611709,0.656487,0.441402,0.010021,0.005917,0.012266,-0.063701,1.274532,-2.339054,0.422904
749,0.082622,0.020897,0.372081,-0.67454,-0.22701,-0.7025,-0.427884,-0.655252,0.62252,-0.600799,0.720785,0.345741,0.018435,-6.3e-05,0.032339,-0.065871,-0.018193,0.074632,0.476543,-0.192157,0.051323,0.349673,0.587657,0.306947,0.748621,-0.732264,0.595142,0.330953,-0.344671,-0.743051,0.573533,0.000201,0.003788,0.002338,0.020802,-0.032681,-0.023266,-1.407065,0.023219,0.048334,-0.002349,-0.580361,-0.230864,0.780949,0.671529,-0.678162,0.298568,0.460682,0.697708,0.548611,9.9e-05,0.001994,0.001231,-0.006676,-0.001754,-0.003607,-0.848746,0.055702,0.03497,-0.055353,-0.696983,-0.176596,-0.695001,-0.379648,-0.731351,0.566562,-0.608343,0.65874,0.442695,0.002704,0.00101,0.016813,-0.071206,0.10231,-0.151431,0.441519
750,0.082845,0.020626,0.373526,-0.676537,-0.226742,-0.700664,-0.428731,-0.652336,0.624995,-0.597945,0.723509,0.344997,0.00293,-0.012803,0.039513,-0.101815,0.028911,0.004184,0.488921,-0.192404,0.051133,0.350063,0.595766,0.289536,0.749148,-0.715224,0.615448,0.331078,-0.365932,-0.733408,0.572774,-0.011375,-0.007298,0.01111,0.334274,0.193049,0.238909,-1.406601,0.023101,0.048244,-0.002157,-0.58617,-0.212574,0.781803,0.652539,-0.695814,0.300058,0.480205,0.686042,0.546578,-0.005675,-0.003315,0.005768,1.211811,0.572731,0.942335,-0.84646,0.05582,0.034849,-0.054645,-0.698827,-0.176578,-0.693152,-0.380474,-0.728825,0.569255,-0.605705,0.661538,0.442139,0.001921,-0.001323,0.015177,-0.067518,0.010127,0.019981,0.462093
751,0.082785,0.020002,0.375066,-0.677501,-0.2233,-0.700838,-0.431527,-0.650972,0.624494,-0.594837,0.725802,0.345553,0.001781,-0.016299,0.037121,-0.08219,-0.04415,0.190078,0.49075,-0.192538,0.050915,0.350482,0.600043,0.281489,0.748802,-0.7054,0.6275,0.329528,-0.37785,-0.72628,0.574116,0.000782,-0.006092,0.01102,-0.008407,-0.03096,-0.047996,-1.407032,0.023028,0.048134,-0.001952,-0.589566,-0.203929,0.781552,0.640867,-0.707048,0.298951,0.49163,0.677123,0.547543,-0.005652,-0.002831,0.006059,-0.010853,-0.034258,-0.056366,-0.852665,0.055795,0.034538,-0.053875,-0.70006,-0.17299,-0.692813,-0.38319,-0.727683,0.568895,-0.602562,0.66374,0.443134,0.000311,-0.013468,0.022983,-0.139878,0.053454,-0.0073,0.469605
752,0.082673,0.019625,0.375797,-0.677831,-0.222828,-0.70067,-0.43281,-0.649467,0.625171,-0.59353,0.727293,0.344664,0.000697,-0.019604,0.034889,-0.10224,0.042675,-0.02114,0.493091,-0.19256,0.050861,0.350695,0.604682,0.273296,0.748105,-0.694788,0.64006,0.327915,-0.389955,-0.718392,0.575943,0.000886,-0.004173,0.012198,1.218491,0.520544,0.947686,-1.40674,0.023018,0.048102,-0.001843,-0.592844,-0.196546,0.780964,0.630071,-0.71716,0.29781,0.501543,0.668618,0.549002,0.000468,-0.002268,0.006044,4.083485,1.840778,3.169722,-0.853318,0.055737,0.034348,-0.053492,-0.700263,-0.172637,-0.692695,-0.384695,-0.726126,0.569868,-0.601365,0.665534,0.442067,-0.006563,-0.013599,0.022855,-0.139039,-0.022349,0.106987,0.472217
753,0.082363,0.018839,0.377069,-0.678203,-0.223763,-0.700011,-0.430842,-0.65063,0.625322,-0.594534,0.725966,0.34573,-0.014179,-0.023267,0.032355,1.061203,-0.960029,-0.646441,0.497473,-0.192578,0.050697,0.351196,0.612035,0.265274,0.745006,-0.677526,0.661621,0.32117,-0.408464,-0.701654,0.583697,-0.011127,-0.002808,0.013866,0.355416,-0.477776,-0.072018,-1.406628,0.023013,0.04802,-0.001593,-0.599394,-0.184533,0.778892,0.608705,-0.736983,0.293823,0.519811,0.650232,0.554069,0.000463,-0.001512,0.006445,0.632297,-0.318859,-0.038191,-0.854461,0.055583,0.033951,-0.052841,-0.700771,-0.173179,-0.692045,-0.383039,-0.727049,0.569807,-0.60183,0.664385,0.443161,-0.007208,-0.011954,0.015976,1.056086,-0.997702,-0.645687,0.478096
754,0.081999,0.018157,0.377884,-0.678508,-0.225003,-0.699318,-0.428075,-0.652553,0.625218,-0.596179,0.723854,0.347321,-0.014786,-0.017815,0.020009,-0.058928,0.066205,-0.053661,0.498892,-0.192567,0.050618,0.351725,0.618198,0.255622,0.74329,-0.662791,0.677723,0.318329,-0.42313,-0.68975,0.587425,0.0005,0.009207,0.005618,0.010845,-0.024428,0.019433,-1.406791,0.023015,0.047982,-0.001322,-0.604717,-0.1763,0.776682,0.59207,-0.751769,0.290336,0.532699,0.635422,0.55899,0.000241,0.004634,0.002825,-0.017691,0.008485,0.040264,-0.854951,0.055405,0.033615,-0.052442,-0.700864,-0.174805,-0.691542,-0.37983,-0.729156,0.569262,-0.603753,0.661644,0.444643,-0.000623,-0.005455,0.004353,-0.04601,0.013858,-0.017185,0.481688
755,0.081812,0.01793,0.378079,-0.679871,-0.222687,-0.698735,-0.427923,-0.65333,0.624511,-0.594735,0.723867,0.349763,-0.001765,-0.012579,0.007578,-0.021431,0.035756,-0.007108,0.501915,-0.19256,0.050587,0.35195,0.6226,0.249581,0.741667,-0.651559,0.690113,0.314879,-0.434009,-0.679591,0.591317,0.000939,-0.003186,0.012787,0.403546,0.043715,0.223867,-1.406718,0.023018,0.047969,-0.001214,-0.608345,-0.169988,0.775255,0.579587,-0.762465,0.28762,0.542213,0.6243,0.562364,0.000453,-0.001813,0.006259,1.269152,0.416317,0.921387,-0.856257,0.055306,0.033498,-0.052341,-0.702324,-0.172567,-0.690623,-0.379671,-0.729854,0.568473,-0.602154,0.661462,0.447076,-0.007431,-0.005349,0.004381,-0.044393,-0.064379,0.129641,0.483648
756,0.081439,0.017734,0.378017,-0.68163,-0.220701,-0.697651,-0.426962,-0.654361,0.624088,-0.59341,0.723541,0.352675,-0.013885,0.00671,-0.011642,0.034387,-0.002532,-0.013286,0.505084,-0.192552,0.050595,0.35242,0.631497,0.23217,0.739797,-0.62754,0.713302,0.311974,-0.456041,-0.661549,0.595183,0.000611,0.011278,0.006847,0.145769,-0.022335,0.075732,-1.407558,0.023022,0.047967,-0.000977,-0.615255,-0.151417,0.773649,0.552494,-0.782855,0.286159,0.562326,0.603498,0.565312,0.000302,0.005804,0.00352,0.121551,0.006277,0.094289,-0.85887,0.055118,0.033394,-0.05237,-0.704043,-0.170909,-0.689284,-0.378786,-0.730636,0.568059,-0.600703,0.661029,0.449661,-0.007045,0.003053,-0.006019,0.023616,-0.012736,-0.017841,0.48871
757,0.081132,0.017684,0.377548,-0.681779,-0.221035,-0.6974,-0.426127,-0.654916,0.624076,-0.593838,0.722937,0.353193,-0.002208,0.000612,-0.015684,0.033673,-0.00529,-0.009955,0.504889,-0.192488,0.050657,0.352908,0.637234,0.222014,0.737993,-0.611433,0.728437,0.30897,-0.469767,-0.648394,0.598973,0.000583,0.010818,0.006542,0.017709,-0.041307,0.006179,-1.407021,0.023054,0.047997,-0.000739,-0.619818,-0.140748,0.77202,0.534522,-0.796,0.284022,0.574553,0.588704,0.568609,0.00054,-5.7e-05,0.007309,-0.04607,0.000937,0.006334,-0.860666,0.054965,0.033366,-0.052595,-0.704128,-0.171355,-0.689086,-0.377999,-0.731057,0.568042,-0.601098,0.660448,0.449986,-0.007556,0.001525,-0.007063,0.032666,0.00903,-0.039696,0.490996
758,0.080902,0.01754,0.377062,-0.681516,-0.221178,-0.697611,-0.425743,-0.65554,0.623684,-0.594415,0.722327,0.353471,-0.00271,-0.000874,-0.016721,0.033671,-0.005295,-0.009957,0.504039,-0.192472,0.050732,0.353362,0.643143,0.216685,0.734443,-0.595532,0.744338,0.302052,-0.482012,-0.631915,0.606804,0.000985,-0.002285,0.013295,0.124833,-0.236307,-0.150662,-1.407061,0.023062,0.048042,-0.000502,-0.625163,-0.134256,0.768859,0.516403,-0.809797,0.278486,0.585233,0.571141,0.575586,0.000477,-0.001219,0.006599,0.13709,-0.254028,-0.1636,-0.860502,0.05485,0.033293,-0.052844,-0.703868,-0.171482,-0.68932,-0.377586,-0.73164,0.567565,-0.601662,0.659769,0.450229,-0.008326,-0.004386,-0.003043,0.002692,-0.050499,0.095677,0.491322
759,0.080733,0.017409,0.376888,-0.681827,-0.221354,-0.697251,-0.425324,-0.655554,0.623955,-0.594358,0.722261,0.353702,-0.003518,-0.01052,-0.007182,-0.000722,0.013286,-0.025564,0.504451,-0.192465,0.05067,0.353589,0.649812,0.202433,0.732636,-0.574057,0.762356,0.298672,-0.498866,-0.614906,0.610644,0.000847,-0.004859,0.011743,4.234993,1.310759,3.111727,-1.407227,0.023066,0.048016,-0.000391,-0.629172,-0.122211,0.767597,0.497571,-0.822017,0.276966,0.59713,0.556194,0.577999,0.000432,-0.001972,0.006145,0.329257,-0.547491,-0.363743,-0.863278,0.054764,0.033228,-0.052937,-0.704144,-0.171709,-0.688981,-0.377145,-0.731687,0.567797,-0.601615,0.659658,0.450455,-0.007647,0.001288,-0.007247,0.032795,0.009319,-0.03958,0.491322
760,0.08038,0.017019,0.376716,-0.681248,-0.223705,-0.697066,-0.42548,-0.653886,0.625597,-0.594909,0.723052,0.35115,-0.015904,-0.006363,-0.004492,-0.036877,-0.116709,0.094956,0.504254,-0.192518,0.050617,0.35398,0.655873,0.185518,0.731714,-0.551974,0.778974,0.29742,-0.515613,-0.599186,0.612357,0.000399,0.007398,0.00444,0.067296,-0.054699,0.015081,-1.407523,0.023039,0.047983,-0.000194,-0.634204,-0.102133,0.76639,0.468884,-0.838961,0.276206,0.614762,0.534519,0.579961,0.000187,0.003662,0.002197,0.048189,-0.033146,0.02807,-0.86981,0.054592,0.03303,-0.053025,-0.703495,-0.174221,-0.689014,-0.377303,-0.730028,0.569824,-0.602276,0.660836,0.447837,-0.001549,-0.00463,-0.003169,-0.031729,-0.035445,-0.050684,0.492139
761,0.080001,0.016594,0.376641,-0.681913,-0.223834,-0.696374,-0.425223,-0.653357,0.626324,-0.594331,0.72349,0.351226,-0.0031,-0.009205,-0.00633,-0.000735,0.013257,-0.025579,0.504088,-0.192536,0.050646,0.354342,0.659332,0.176296,0.730885,-0.538789,0.788701,0.295957,-0.525082,-0.589145,0.614052,0.000405,0.007509,0.004494,1.217277,0.48193,1.011984,-1.406998,0.02303,0.047995,-1.5e-05,-0.636378,-0.093771,0.765656,0.456111,-0.846217,0.27546,0.622081,0.524521,0.581284,0.00055,-0.001289,0.00656,3.990319,1.651995,3.407009,-0.865564,0.054398,0.03282,-0.053061,-0.704106,-0.174296,-0.688371,-0.376997,-0.729747,0.570387,-0.601754,0.661127,0.44811,-0.008471,-0.008314,0.002316,-0.034891,0.047768,-0.070182,0.491975
762,0.079816,0.0164,0.376603,-0.682066,-0.223838,-0.696224,-0.425237,-0.653169,0.62651,-0.594146,0.723658,0.351193,-0.002866,-0.008497,-0.005852,-0.000728,0.013263,-0.025576,0.504546,-0.19254,0.050693,0.354525,0.661075,0.177263,0.729074,-0.534819,0.792736,0.292354,-0.526951,-0.583411,0.617914,0.000926,-0.003383,0.012613,0.058956,-0.151672,-0.096258,-1.406585,0.023028,0.04802,7.8e-05,-0.63847,-0.093178,0.763985,0.449921,-0.850554,0.272266,0.624441,0.517567,0.584976,0.000453,-0.001711,0.006294,0.055012,-0.149592,-0.095867,-0.861809,0.054304,0.032719,-0.053083,-0.704268,-0.174318,-0.688199,-0.376994,-0.729583,0.570598,-0.601564,0.661302,0.448106,-0.001422,-0.004219,-0.002899,-0.000634,0.013447,-0.02549,0.492955
763,0.079431,0.016132,0.376525,-0.682036,-0.2257,-0.695652,-0.420867,-0.656812,0.625652,-0.597279,0.719773,0.353851,-0.01481,-0.002935,-0.002179,0.001804,0.032603,-0.052837,0.50453,-0.192546,0.050778,0.354808,0.66804,0.15839,0.727067,-0.506932,0.812042,0.289034,-0.545448,-0.561858,0.621824,0.000265,0.004921,0.002933,4.05811,1.53381,3.392424,-1.407305,0.023026,0.048068,0.000222,-0.643128,-0.075067,0.76207,0.421344,-0.865679,0.270308,0.639417,0.494937,0.588372,0.0002,0.002297,0.001369,4.031359,1.571122,3.409272,-0.860502,0.054116,0.032583,-0.053123,-0.704197,-0.176061,-0.687829,-0.372526,-0.73309,0.569037,-0.604426,0.656948,0.450652,-0.000875,-0.002587,-0.001781,-0.013951,-0.010642,-0.004451,0.493609
764,0.079127,0.016076,0.376447,-0.682513,-0.22592,-0.695113,-0.420369,-0.656697,0.626108,-0.597085,0.71981,0.354105,-0.000706,-0.002079,-0.001438,1e-06,1e-06,0.0,0.504479,-0.192585,0.050783,0.355012,0.673422,0.143361,0.725218,-0.483418,0.827495,0.285471,-0.560015,-0.543005,0.625613,0.000176,0.00326,0.00194,4.021145,1.556694,3.44294,-1.407081,0.023006,0.048068,0.000323,-0.646525,-0.062408,0.760335,0.399657,-0.876649,0.26788,0.649829,0.477065,0.591717,0.00034,-0.003808,0.005041,-0.051324,0.024082,-0.01264,-0.862952,0.053958,0.032552,-0.053164,-0.704606,-0.176511,-0.687293,-0.372043,-0.732872,0.569631,-0.604245,0.657069,0.450717,-0.00037,-0.00109,-0.000748,-0.000389,-0.000355,-0.000161,0.493935
765,0.078904,0.016108,0.37643,-0.68186,-0.228321,-0.694968,-0.420379,-0.655228,0.627638,-0.597823,0.720394,0.351664,-0.000308,-0.000906,-0.000627,-0.00059,-0.000774,-0.000384,0.504146,-0.192799,0.050819,0.355181,0.676782,0.130048,0.7246,-0.464461,0.838987,0.283392,-0.571906,-0.528506,0.627271,-0.011806,0.003997,0.003207,0.013315,-0.00298,-0.001074,-1.406715,0.022908,0.048085,0.000401,-0.648619,-0.044586,0.759805,0.374188,-0.887986,0.267323,0.662779,0.457701,0.592649,8.2e-05,0.001643,0.00098,0.096386,0.054586,0.100882,-0.864748,0.053852,0.03257,-0.053171,-0.703818,-0.178975,-0.687464,-0.372066,-0.731515,0.57136,-0.60515,0.657915,0.448264,-0.000196,-0.000579,-0.000397,0.008686,0.007641,0.00334,0.493282
766,0.078807,0.016123,0.376451,-0.682033,-0.228384,-0.694778,-0.420239,-0.65515,0.627812,-0.597724,0.720445,0.351729,-0.012808,0.003002,0.001918,-0.000994,0.014701,-0.02956,0.503305,-0.192936,0.050828,0.355283,0.67723,0.126254,0.724853,-0.45989,0.841547,0.283254,-0.575067,-0.525339,0.627041,-0.011267,-0.006515,0.011566,-0.036626,0.012446,-0.022038,-1.406176,0.02283,0.048086,0.000456,-0.648491,-0.040599,0.760138,0.369379,-0.889916,0.267596,0.665595,0.454313,0.592099,-0.00564,-0.003257,0.005787,-0.039923,0.015279,-0.020819,-0.865075,0.053804,0.032577,-0.053161,-0.704011,-0.178995,-0.687262,-0.371898,-0.731507,0.571479,-0.605029,0.657919,0.448421,2.7e-05,7.8e-05,5.7e-05,0.001257,0.001305,0.000615,0.492629
767,0.078657,0.016157,0.376498,-0.681996,-0.228362,-0.694822,-0.420309,-0.655127,0.62779,-0.597717,0.720473,0.351682,-0.012793,0.003043,0.001945,-0.000984,0.014715,-0.029553,0.503628,-0.193182,0.050973,0.355486,0.680062,0.125664,0.722298,-0.451067,0.84829,0.277267,-0.578711,-0.514522,0.632633,-0.011701,0.005643,0.004174,0.067337,-0.095528,-0.105823,-1.406327,0.022716,0.048159,0.000552,-0.651452,-0.03973,0.757648,0.359368,-0.895652,0.262031,0.668179,0.442976,0.597752,0.000164,0.003051,0.001813,0.091336,-0.147961,-0.104105,-0.868014,0.053729,0.032596,-0.053136,-0.703982,-0.178952,-0.687302,-0.371969,-0.731491,0.571454,-0.605018,0.657949,0.448393,1e-05,3e-05,2.4e-05,-5.3e-05,9.2e-05,4e-05,0.491812
768,0.078549,0.016166,0.376528,-0.681908,-0.228317,-0.694923,-0.420427,-0.655122,0.627717,-0.597735,0.720492,0.351613,0.0,0.0,0.0,-0.0,-0.0,-0.0,0.50309,-0.193472,0.051109,0.355709,0.686089,0.11364,0.718581,-0.430772,0.859325,0.275555,-0.587023,-0.498743,0.637591,-0.01122,-0.005893,0.011923,1.169227,0.356499,1.198337,-1.406368,0.022567,0.048231,0.000666,-0.656048,-0.028593,0.754176,0.339648,-0.903556,0.261199,0.673972,0.427514,0.602488,-0.005796,0.002243,0.00173,3.950255,1.566864,3.504195,-0.866381,0.053671,0.032603,-0.05312,-0.703916,-0.178901,-0.687383,-0.372076,-0.731477,0.571402,-0.60503,0.657978,0.448334,-1e-06,3e-06,6e-06,-5e-05,3.4e-05,6.9e-05,0.491976
769,0.078492,0.016164,0.376562,-0.682029,-0.228344,-0.694795,-0.420374,-0.655029,0.627849,-0.597634,0.720567,0.35163,-0.012706,0.003301,0.002123,-0.000984,0.014715,-0.029553,0.502893,-0.193663,0.051152,0.355803,0.686502,0.109789,0.718785,-0.426006,0.861745,0.275406,-0.590016,-0.495412,0.637425,-0.011754,0.004409,0.003433,-0.001975,0.015141,-0.029275,-1.406416,0.022471,0.04825,0.000717,-0.656026,-0.023191,0.754381,0.332967,-0.905893,0.261707,0.677319,0.422871,0.602011,-0.005866,0.002517,0.001908,-0.003542,0.003178,-0.003582,-0.861809,0.053647,0.0326,-0.053104,-0.704016,-0.178936,-0.687272,-0.372036,-0.731401,0.571525,-0.604938,0.658053,0.448348,5.9e-05,0.00018,0.000127,-6.2e-05,2.4e-05,3.5e-05,0.491976
770,0.078352,0.016179,0.376644,-0.680831,-0.232404,-0.694624,-0.416452,-0.657348,0.628039,-0.601727,0.717154,0.351628,0.000567,0.001658,0.001146,-0.0,-0.0,-0.0,0.498136,-0.193943,0.051183,0.35605,0.686262,0.106373,0.719528,-0.42202,0.863847,0.274959,-0.593157,-0.492483,0.63678,-0.011788,0.003687,0.003002,-0.002045,0.015205,-0.029245,-1.406477,0.022331,0.04827,0.000837,-0.655329,-0.019794,0.755083,0.328725,-0.907498,0.261506,0.680061,0.419587,0.601217,-0.005863,0.002461,0.00187,-0.000809,-0.000534,-0.005419,-0.857237,0.053572,0.032609,-0.053068,-0.702698,-0.182974,-0.687557,-0.367994,-0.733599,0.571324,-0.608929,0.654486,0.448165,-0.006282,0.001866,0.001212,-0.001117,0.014898,-0.029538,0.489199
771,0.078201,0.01628,0.376784,-0.681003,-0.232434,-0.694445,-0.41641,-0.657185,0.628237,-0.601561,0.717293,0.351627,-0.011476,0.006877,0.004592,-0.000253,0.001467,-0.003969,0.493827,-0.194132,0.051118,0.356189,0.686277,0.102753,0.720039,-0.417698,0.866031,0.274685,-0.596194,-0.4894,0.636321,-0.011989,0.000242,0.00097,0.030188,0.027502,-0.00076,-1.406601,0.022237,0.048239,0.000913,-0.654866,-0.016234,0.755569,0.324236,-0.909117,0.261488,0.682656,0.416223,0.600614,-1.2e-05,-0.000118,-6.6e-05,0.108305,0.040946,0.095693,-0.859196,0.0535,0.032653,-0.052996,-0.702861,-0.183014,-0.68738,-0.367976,-0.73344,0.57154,-0.608753,0.654653,0.448162,-2.1e-05,-0.003669,0.005583,-0.034444,0.018791,-0.015471,0.484954
772,0.078015,0.016335,0.377112,-0.681326,-0.232388,-0.694143,-0.416584,-0.656672,0.628659,-0.601075,0.717778,0.351468,-0.011828,-0.001395,0.015101,-0.034595,0.02021,-0.019498,0.487834,-0.194315,0.05091,0.35632,0.687807,0.087004,0.720655,-0.398094,0.875295,0.274433,-0.607754,-0.475756,0.635731,-4e-06,-7.3e-05,-4.3e-05,2e-06,1e-06,2e-06,-1.406711,0.022141,0.04813,0.000976,-0.654433,-0.000381,0.756118,0.303611,-0.915974,0.262318,0.692485,0.401236,0.59956,-0.005778,-0.005675,0.004358,-0.03843,0.027592,-0.047099,-0.861646,0.053403,0.032683,-0.052831,-0.703174,-0.183009,-0.68706,-0.368148,-0.732977,0.572022,-0.608285,0.655172,0.448036,-0.005887,-0.000605,0.007617,-0.034679,0.020238,-0.019458,0.478259
773,0.077898,0.016314,0.3774,-0.681618,-0.232318,-0.69388,-0.416807,-0.656153,0.629052,-0.600589,0.718275,0.351284,-0.012259,-0.009885,0.025464,-0.068937,0.03895,-0.03503,0.48238,-0.194384,0.050834,0.356379,0.688823,0.085436,0.719872,-0.39347,0.878,0.272456,-0.609615,-0.47103,0.637466,4.5e-05,0.000759,0.000447,0.062259,-0.100692,-0.069296,-1.407043,0.022106,0.04809,0.001004,-0.655322,0.001282,0.755347,0.298522,-0.918149,0.260548,0.693856,0.396231,0.601301,2.1e-05,0.000426,0.000254,0.062386,-0.102896,-0.071448,-0.859686,0.053348,0.032674,-0.052697,-0.703429,-0.182975,-0.686808,-0.368359,-0.732549,0.572435,-0.607863,0.655661,0.447896,-0.005588,0.000269,0.008217,-0.034655,0.020271,-0.019485,0.473687
774,0.077552,0.016173,0.378271,-0.679301,-0.235389,-0.695118,-0.41533,-0.657623,0.628494,-0.604226,0.715931,0.349831,-0.010965,-0.006138,0.02803,-0.068926,0.038982,-0.035014,0.477084,-0.194389,0.050846,0.35643,0.689813,0.077249,0.719849,-0.383083,0.882553,0.272548,-0.615098,-0.463867,0.637452,0.000113,0.001891,0.001114,0.358055,0.135543,0.317048,-1.407299,0.022104,0.048093,0.001029,-0.655289,0.00825,0.755332,0.289432,-0.920883,0.261155,0.697728,0.38975,0.601057,0.000114,0.000378,0.000196,3.975372,1.514821,3.52299,-0.859523,0.053178,0.032599,-0.052271,-0.701064,-0.185833,-0.688458,-0.366836,-0.73392,0.571657,-0.611506,0.653319,0.446355,-0.005565,-0.00327,0.013883,-0.06907,0.039575,-0.035516,0.464543
775,0.077151,0.015933,0.379546,-0.672496,-0.24547,-0.69824,-0.408238,-0.663921,0.626516,-0.616536,0.706681,0.347149,-0.009186,-0.001017,0.031502,-0.067292,0.025169,-0.009754,0.473774,-0.194338,0.050798,0.356508,0.691122,0.050493,0.720967,-0.351603,0.894954,0.274529,-0.632219,-0.443293,0.635337,0.012499,-0.010897,0.007322,0.067195,0.04929,0.114574,-1.407563,0.022125,0.048078,0.001067,-0.653168,0.036366,0.756338,0.255292,-0.929789,0.265174,0.712879,0.366291,0.598024,1.5e-05,0.000359,0.000211,0.37305,0.126946,0.314971,-0.856093,0.052973,0.032478,-0.051628,-0.694064,-0.195307,-0.692913,-0.359641,-0.739724,0.56874,-0.623644,0.643943,0.443176,-0.005106,-0.005544,0.020406,-0.101117,0.059171,-0.056743,0.457031
776,0.076957,0.015848,0.38031,-0.670151,-0.253156,-0.697751,-0.401183,-0.667396,0.627381,-0.623672,0.700678,0.346569,-0.008902,-0.007438,0.04326,-0.101661,0.0316,0.000806,0.475439,-0.194247,0.050715,0.356529,0.690921,0.039872,0.721823,-0.340773,0.898463,0.276713,-0.638347,-0.437218,0.633416,-6.9e-05,-0.001162,-0.000685,-0.017053,0.027601,0.018978,-1.40743,0.022175,0.048035,0.001082,-0.6516,0.047054,0.757101,0.244122,-0.931969,0.268026,0.718207,0.359471,0.595784,0.005947,-0.000881,-0.000934,0.004726,-0.012028,0.033592,-0.855767,0.052875,0.032435,-0.051253,-0.691479,-0.202953,-0.6933,-0.352389,-0.743028,0.568973,-0.630617,0.637744,0.44227,-0.004074,0.001048,0.016799,-0.068499,0.02808,-0.010777,0.456215
777,0.076575,0.015687,0.381913,-0.666776,-0.264464,-0.696789,-0.391102,-0.671721,0.629128,-0.633605,0.69233,0.345328,-0.021226,-0.003218,0.045917,-0.099803,0.043982,-0.030038,0.481332,-0.194106,0.050626,0.3565,0.691901,0.015258,0.721825,-0.308664,0.90997,0.276792,-0.653466,-0.414337,0.63338,-0.000134,-0.002282,-0.001345,0.359285,0.137779,0.315269,-1.407532,0.022246,0.047991,0.001068,-0.649785,0.071015,0.756792,0.211305,-0.939506,0.269588,0.730156,0.335089,0.595471,-7.8e-05,-0.00137,-0.000813,1.203692,0.479139,1.041827,-0.857237,0.052691,0.032359,-0.050448,-0.687701,-0.214178,-0.693681,-0.342107,-0.747153,0.569846,-0.640335,0.629197,0.440547,-0.004434,-0.003624,0.021664,-0.09354,0.037948,-0.030089,0.459807
778,0.076071,0.015545,0.383623,-0.666272,-0.263055,-0.697803,-0.394658,-0.669597,0.629171,-0.63193,0.694918,0.343192,-0.00847,-0.006312,0.043876,-0.099889,0.011414,0.041867,0.487516,-0.194097,0.050603,0.356496,0.693056,0.001119,0.720876,-0.287209,0.917549,0.27486,-0.661984,-0.397541,0.635297,6.6e-05,0.001131,0.000667,0.006251,-0.004294,-0.001149,-1.407994,0.022249,0.047971,0.001061,-0.649354,0.085361,0.75568,0.188497,-0.944606,0.268676,0.736755,0.316909,0.597293,4.3e-05,0.00081,0.00048,-0.002161,0.014798,0.013555,-0.855767,0.052435,0.032293,-0.04959,-0.687302,-0.212638,-0.694549,-0.345734,-0.745165,0.570259,-0.638813,0.63207,0.438638,-0.003612,0.002309,0.017567,-0.058044,-0.094869,0.230216,0.465849
779,0.075625,0.015601,0.385124,-0.667335,-0.262561,-0.696972,-0.396219,-0.667267,0.630664,-0.629829,0.697343,0.342133,-0.008228,-0.005691,0.044206,-0.102375,0.044986,-0.024713,0.493588,-0.194242,0.050741,0.356588,0.688907,-0.018592,0.724605,-0.265883,0.923425,0.276635,-0.675108,-0.383217,0.630268,-0.01178,0.003866,0.003104,-0.079904,0.141199,0.057352,-1.407902,0.022181,0.04804,0.001107,-0.642518,0.104606,0.759096,0.166883,-0.947757,0.271857,0.747876,0.301353,0.591494,0.000128,0.002262,0.001334,-0.091425,0.133653,0.126734,-0.860013,0.052213,0.032322,-0.048839,-0.68835,-0.212247,-0.693631,-0.347326,-0.743049,0.57205,-0.636818,0.634687,0.437759,-0.003514,0.002537,0.017667,-0.06749,0.013998,0.016721,0.47434
780,0.075462,0.015691,0.385854,-0.665879,-0.261454,-0.698779,-0.398691,-0.666987,0.629402,-0.629813,0.698026,0.340769,-0.006895,0.005265,0.035387,-0.06708,0.013705,0.016753,0.494514,-0.194345,0.050833,0.35665,0.685068,-0.022062,0.728139,-0.26621,0.922746,0.27858,-0.678874,-0.38466,0.625323,-0.011724,0.004721,0.003604,-0.063661,0.114838,0.039231,-1.408432,0.022126,0.048088,0.001139,-0.637832,0.107929,0.762575,0.16746,-0.947009,0.274099,0.751749,0.30253,0.585959,-0.005857,0.002501,0.001887,-0.029636,0.069605,0.0145,-0.863932,0.052133,0.03236,-0.048484,-0.68701,-0.21091,-0.695365,-0.349841,-0.74274,0.570917,-0.636888,0.635494,0.436485,-0.003544,0.002432,0.01757,-0.068497,0.027734,-0.010718,0.476953
781,0.075332,0.016039,0.386979,-0.664406,-0.264822,-0.698913,-0.396218,-0.668139,0.629741,-0.632919,0.695653,0.339864,0.006393,0.011061,0.023186,-0.032573,-0.006785,0.036114,0.498077,-0.194477,0.050992,0.356786,0.678463,-0.044688,0.733268,-0.239754,0.929945,0.278666,-0.695184,-0.364817,0.619266,0.000168,0.002812,0.001651,0.359129,0.147632,0.314219,-1.407677,0.02206,0.048172,0.00121,-0.628443,0.129141,0.767059,0.140735,-0.95097,0.275406,0.765017,0.281029,0.579457,0.0001,0.001628,0.000954,1.238548,0.445909,1.035007,-0.864585,0.052058,0.032531,-0.047911,-0.685502,-0.21422,-0.695841,-0.347298,-0.74378,0.571116,-0.639898,0.633166,0.435465,-0.003296,0.006677,0.012315,-0.033772,0.008671,0.006277,0.481198
782,0.075475,0.016646,0.387589,-0.660514,-0.272184,-0.699773,-0.389301,-0.67281,0.629082,-0.641224,0.688276,0.339316,0.005985,0.017096,0.011102,0.001825,-0.025346,0.051735,0.503171,-0.194587,0.051114,0.356866,0.674977,-0.063451,0.7351,-0.212893,0.937094,0.276524,-0.707231,-0.343071,0.618053,-0.011788,0.003426,0.002835,0.363584,0.152747,0.278168,-1.408371,0.022009,0.048231,0.001248,-0.622844,0.147142,0.768383,0.113043,-0.95492,0.274494,0.774135,0.257828,0.578133,0.000122,0.001981,0.001162,1.225816,0.461936,1.040837,-0.867197,0.052134,0.032842,-0.047589,-0.681406,-0.221302,-0.697645,-0.340313,-0.748087,0.569694,-0.647975,0.625611,0.43444,0.002882,0.00827,0.00537,0.000616,-0.011669,0.025554,0.487893
783,0.075619,0.017004,0.387749,-0.659865,-0.271924,-0.700486,-0.389762,-0.673174,0.628406,-0.641612,0.688023,0.339096,0.005545,0.015857,0.010264,0.001823,-0.025354,0.051731,0.505655,-0.194707,0.051207,0.35693,0.673557,-0.065341,0.736235,-0.213084,0.936549,0.278218,-0.708526,-0.344199,0.615939,-0.011718,0.004504,0.003464,-0.0403,0.077066,0.013259,-1.408243,0.021945,0.048277,0.00128,-0.620951,0.149288,0.769501,0.113006,-0.95439,0.276347,0.77566,0.258556,0.575759,-0.00586,0.00233,0.001783,-0.028441,0.060775,0.00281,-0.867361,0.052206,0.03302,-0.047509,-0.680805,-0.220938,-0.698347,-0.340795,-0.748391,0.569005,-0.648353,0.625376,0.434214,0.003121,0.012531,0.000167,0.035891,-0.043558,0.067498,0.492139
784,0.075943,0.017745,0.387859,-0.658797,-0.271669,-0.701589,-0.390072,-0.674093,0.627227,-0.64252,0.687222,0.339,0.004502,0.012908,0.00831,0.000905,-0.012697,0.025856,0.503807,-0.194933,0.05129,0.357038,0.670121,-0.082843,0.737609,-0.191403,0.940777,0.279708,-0.717919,-0.32852,0.61362,-0.011441,-0.009828,0.009603,-0.136638,0.193584,0.069149,-1.407984,0.021836,0.048327,0.001334,-0.615781,0.165756,0.770284,0.091003,-0.956116,0.278494,0.782643,0.241589,0.573674,-0.005952,0.000784,0.000877,-0.153841,0.26389,0.143503,-0.864585,0.052368,0.033393,-0.047454,-0.679786,-0.220512,-0.699473,-0.341152,-0.749193,0.567735,-0.649234,0.624566,0.434063,0.002857,0.01178,-0.000342,0.035064,-0.031098,0.04164,0.496058
785,0.076185,0.018477,0.387925,-0.656775,-0.273682,-0.702702,-0.390658,-0.673596,0.627396,-0.644233,0.686913,0.336366,0.003729,0.010713,0.006863,-0.090513,-0.133248,-0.030184,0.499316,-0.195368,0.051348,0.357125,0.665734,-0.093978,0.740242,-0.181173,0.941916,0.282675,-0.724627,-0.322186,0.609077,-0.011892,0.001484,0.001692,-0.065813,0.118943,0.041968,-1.407668,0.021619,0.04835,0.001378,-0.609573,0.176717,0.772781,0.080983,-0.955854,0.282461,0.788581,0.234763,0.568352,-0.005945,0.000825,0.000902,-0.072216,0.130419,0.049977,-0.864911,0.052488,0.033751,-0.047419,-0.677921,-0.222025,-0.700804,-0.34178,-0.748816,0.567855,-0.650852,0.624482,0.431754,-0.004377,0.00703,0.004489,-0.162069,-0.199908,-0.096301,0.492139
786,0.076282,0.018988,0.388062,-0.655072,-0.275704,-0.7035,-0.391331,-0.672691,0.627948,-0.645556,0.686994,0.333651,0.003295,0.009473,0.006045,-8.9e-05,-0.014029,0.025235,0.496009,-0.195738,0.051397,0.357125,0.662234,-0.101654,0.742364,-0.175879,0.941907,0.286027,-0.729126,-0.319861,0.604919,-0.011978,0.00011,0.000888,0.01092,0.061031,0.020504,-1.40773,0.021438,0.048374,0.001378,-0.604959,0.184018,0.7747,0.076054,-0.955127,0.286265,0.792615,0.232098,0.563817,-1e-05,-0.000121,-6.5e-05,0.369319,0.156808,0.316546,-0.870137,0.052536,0.034009,-0.047355,-0.675973,-0.224318,-0.701954,-0.34245,-0.747828,0.568752,-0.652523,0.624846,0.428693,0.001613,0.004643,0.002962,0.012846,-0.001485,0.030593,0.487567
787,0.076323,0.019171,0.388167,-0.65476,-0.275565,-0.703845,-0.391589,-0.672838,0.62763,-0.645717,0.686906,0.333521,0.003044,0.008752,0.005576,0.000877,-0.012753,0.025829,0.495594,-0.195927,0.051368,0.357143,0.660529,-0.103266,0.743659,-0.176364,0.941361,0.287523,-0.730553,-0.320948,0.602618,-0.0116,-0.012123,0.00826,-0.076649,0.090983,-0.003061,-1.407804,0.021339,0.048365,0.001385,-0.603049,0.185412,0.775856,0.076523,-0.95468,0.287626,0.794024,0.232824,0.561531,-0.006031,-0.000573,8.4e-05,-0.031,0.067909,0.008029,-0.871116,0.052558,0.034105,-0.0473,-0.675721,-0.224024,-0.702291,-0.342692,-0.74803,0.568341,-0.652657,0.62471,0.428689,0.001457,0.004201,0.002674,0.002592,-0.010648,0.026781,0.48577
788,0.076472,0.019436,0.388371,-0.653021,-0.277422,-0.704731,-0.392691,-0.671659,0.628204,-0.646809,0.687315,0.330549,0.002283,0.006574,0.004175,0.000758,-0.01291,0.025756,0.49694,-0.196505,0.051366,0.357149,0.65776,-0.108143,0.745418,-0.171755,0.941954,0.288368,-0.734142,-0.317576,0.600037,-0.024065,-0.001378,0.000839,-0.006978,0.04805,-0.081265,-1.407714,0.021046,0.04836,0.001392,-0.59968,0.189823,0.7774,0.071906,-0.954747,0.288595,0.797002,0.228965,0.558893,-0.012034,-0.000678,0.000435,0.003258,0.033711,-0.090543,-0.87128,0.052634,0.034241,-0.047195,-0.67394,-0.225726,-0.703456,-0.343825,-0.746947,0.56908,-0.653902,0.625392,0.425788,0.001085,0.003131,0.001988,0.004775,-0.00861,0.027649,0.485607
789,0.076819,0.0197,0.388349,-0.652053,-0.277101,-0.705753,-0.393208,-0.672309,0.627184,-0.647472,0.686807,0.330308,0.01499,0.011192,-0.008637,0.035369,-0.033317,0.045154,0.496344,-0.197072,0.05137,0.35718,0.6569,-0.106959,0.746347,-0.172821,0.942094,0.287274,-0.734661,-0.317566,0.599407,-0.011996,-0.000112,0.000756,-0.002045,0.015206,-0.029245,-1.407727,0.020762,0.048359,0.001405,-0.599025,0.188417,0.778245,0.072894,-0.955053,0.287331,0.797404,0.228848,0.558367,-0.005999,-5e-05,0.000391,-0.002574,0.014652,-0.029925,-0.874872,0.052802,0.03437,-0.047202,-0.673078,-0.225233,-0.704439,-0.344354,-0.747506,0.568026,-0.654511,0.624903,0.42557,0.000771,0.002231,0.00141,0.000785,-0.012495,0.026008,0.484954
790,0.077046,0.019879,0.388215,-0.653213,-0.277823,-0.704395,-0.391726,-0.672142,0.62829,-0.647199,0.686681,0.331104,0.01456,0.009979,-0.009405,-0.04089,1.18421,-2.434166,0.49594,-0.197351,0.051353,0.3572,0.656247,-0.106118,0.747041,-0.173621,0.942179,0.286511,-0.735055,-0.317597,0.598907,-0.012054,-0.000944,0.000269,-0.002045,0.015205,-0.029245,-1.407537,0.020632,0.048353,0.001416,-0.598469,0.187532,0.778887,0.073623,-0.955229,0.286559,0.797755,0.22884,0.557868,-0.012028,-0.000554,0.000505,-0.006298,0.045731,-0.083145,-0.871933,0.05291,0.034456,-0.047266,-0.67243,-0.224976,-0.705139,-0.344551,-0.748021,0.567227,-0.655072,0.624378,0.425477,0.000866,0.006076,-0.004023,0.034241,-0.018458,0.015723,0.485281
791,0.077363,0.020359,0.387787,-0.654097,-0.278746,-0.703209,-0.389619,-0.672711,0.62899,-0.647576,0.685749,0.332295,0.001554,0.011658,-0.008336,0.028353,0.069682,-0.162521,0.495779,-0.19787,0.051265,0.357185,0.652702,-0.109188,0.749699,-0.174654,0.941141,0.289279,-0.737959,-0.31962,0.594241,-0.012316,-0.004564,-0.001851,-0.020459,0.058643,-0.034341,-1.407933,0.020368,0.048315,0.001412,-0.594229,0.190383,0.781438,0.075023,-0.954224,0.289528,0.800788,0.230672,0.552744,-0.006138,-0.002,-0.000751,0.001265,0.01863,-0.024933,-0.872749,0.053078,0.034698,-0.047485,-0.674876,-0.227141,-0.702102,-0.340771,-0.747992,0.569544,-0.654535,0.623629,0.427399,0.007559,0.009378,-0.009786,0.070798,-0.066334,0.089423,0.484627
792,0.077588,0.021023,0.387076,-0.656547,-0.283385,-0.69906,-0.384841,-0.671253,0.633474,-0.647951,0.685282,0.332527,0.001733,0.019325,-0.019174,0.068048,-0.03822,0.030721,0.497194,-0.198309,0.051048,0.357076,0.649388,-0.112575,0.752073,-0.175388,0.940068,0.292309,-0.740702,-0.321591,0.589748,-0.012392,-0.005409,-0.002352,-0.00975,0.028029,-0.020459,-1.407634,0.020148,0.048202,0.001356,-0.590385,0.193363,0.783617,0.076036,-0.953236,0.292504,0.803531,0.232273,0.548073,-0.000247,-0.003434,-0.002006,0.014467,-0.001627,-0.033888,-0.876832,0.05319,0.035027,-0.047836,-0.677044,-0.232414,-0.698279,-0.335805,-0.746729,0.574133,-0.654863,0.623199,0.427523,0.000796,0.009427,-0.009741,0.071483,0.058389,-0.141789,0.485444
793,0.07765,0.021332,0.38673,-0.65471,-0.288301,-0.698772,-0.38444,-0.668968,0.636128,-0.650043,0.685472,0.328021,0.000214,0.007766,-0.010783,-0.042944,-0.107468,-0.058457,0.497409,-0.198406,0.050944,0.357022,0.647986,-0.114608,0.752974,-0.175459,0.939483,0.294142,-0.741911,-0.322578,0.587685,-0.000328,-0.004527,-0.002657,-0.01422,0.023672,0.016219,-1.407157,0.020095,0.048145,0.001326,-0.588704,0.195182,0.78443,0.07629,-0.952664,0.294296,0.80474,0.233097,0.545946,-0.000164,-0.002273,-0.001327,0.009279,-0.00641,-0.002493,-0.872913,0.053223,0.035187,-0.048012,-0.674931,-0.237371,-0.698657,-0.335529,-0.744562,0.577101,-0.657181,0.623923,0.422884,0.000848,0.009574,-0.009642,-0.002926,-0.046974,-0.194279,0.486097
794,0.077537,0.021725,0.386296,-0.651101,-0.297882,-0.698125,-0.384319,-0.663801,0.641592,-0.65373,0.686413,0.318595,-0.012913,0.001842,0.001167,-0.114417,-0.135642,-0.101229,0.500224,-0.198435,0.050825,0.356931,0.647768,-0.114352,0.753201,-0.175661,0.939532,0.293865,-0.742054,-0.322526,0.587533,-0.000582,0.008726,-0.009432,0.036247,-0.013421,0.01665,-1.407487,0.020081,0.048082,0.001284,-0.588714,0.194656,0.784553,0.076425,-0.952821,0.293753,0.80472,0.232895,0.546062,-0.000124,-0.001717,-0.001007,-0.001315,0.014442,-0.025113,-0.872096,0.053169,0.035377,-0.048233,-0.670954,-0.246674,-0.699265,-0.335426,-0.740067,0.582914,-0.661293,0.62566,0.413811,-0.006535,0.00067,0.000425,-0.148697,-0.18659,-0.126091,0.487567
