frame,MLTx,MLTy,MLTz,MLTR1,MLTR2,MLTR3,MLTR4,MLTR5,MLTR6,MLTR7,MLTR8,MLTR9,MLTTVx,MLTTVy,MLTTVz,MLTRVx,MLTRVy,MLTRVz,MLGA,MRTx,MRTy,MRTz,MRTR1,MRTR2,MRTR3,MRTR4,MRTR5,MRTR6,MRTR7,MRTR8,MRTR9,MRTTVx,MRTTVy,MRTTVz,MRTRVx,MRTRVy,MRTRVz,MRGA,SLTx,SLTy,SLTz,SLTR1,SLTR2,SLTR3,SLTR4,SLTR5,SLTR6,SLTR7,SLTR8,SLTR9,SLTTVx,SLTTVy,SLTTVz,SLTRVx,SLTRVy,SLTRVz,SLGA,SRTx,SRTy,SRTz,SRTR1,SRTR2,SRTR3,SRTR4,SRTR5,SRTR6,SRTR7,SRTR8,SRTR9,SRTTVx,SRTTVy,SRTTVz,SRTRVx,SRTRVy,SRTRVz,SRGA
1047,0.207502,0.107092,0.302765,-0.998087,0.05451,-0.029952,-0.052702,-0.484076,0.873422,0.034353,0.873261,0.486068,-0.030098,-0.048635,0.010127,-0.09644,-0.03023,-0.014375,-1.911688,-0.160157,-0.020914,0.336647,0.877551,-0.309081,0.366559,-0.15328,0.543306,0.825383,-0.455358,-0.780095,0.42891,0.014342,0.003201,0.001628,0.002045,-0.015205,0.029245,0.485787,0.03973,0.010632,-0.008443,-0.787017,0.462789,0.407958,0.099478,-0.557421,0.824247,0.608858,0.68928,0.392663,-3.7e-05,0.001513,0.001417,-9e-06,-2e-06,-2e-06,0.470479,0.119541,0.07795,-0.088556,-0.998235,-0.024406,0.054123,0.058818,-0.530701,0.845515,0.008087,0.847207,0.5312,-0.015025,-0.024584,0.004875,-0.118391,-0.024525,-0.015565,-0.888646
1048,0.206367,0.105281,0.303081,-0.999014,0.028979,-0.034296,-0.044069,-0.481428,0.875361,0.010099,0.875973,0.482282,-0.030335,-0.049165,0.009823,-0.04607,-1.485402,-0.817544,-1.911551,-0.159965,-0.020806,0.33673,0.877609,-0.309106,0.366398,-0.153139,0.543266,0.825436,-0.455293,-0.780113,0.428947,-5.7e-05,0.002327,0.00218,0.0,0.0,0.0,0.485251,0.039832,0.010687,-0.008401,-0.787136,0.462848,0.407662,0.099238,-0.557302,0.824357,0.608743,0.689337,0.39274,0.007176,0.001298,0.000526,0.00205,-0.015205,0.02923,0.470479,0.118985,0.077056,-0.088406,-0.997678,-0.04779,0.048506,0.066443,-0.527356,0.847041,-0.014901,0.848298,0.529307,-0.014967,-0.024558,0.005022,0.079968,-4.857284,-2.695894,-0.891749
1049,0.20585,0.104435,0.303264,-0.999086,0.02244,-0.037008,-0.043289,-0.479515,0.876449,0.003165,0.877222,0.480103,-0.019339,-0.046335,0.011328,-0.111715,0.091291,-0.129308,-1.911569,-0.15989,-0.020769,0.336757,0.877602,-0.309107,0.366413,-0.153151,0.54327,0.825432,-0.455302,-0.78011,0.428942,-5e-05,0.002023,0.001895,0.001801,-0.013676,0.025301,0.485564,0.039869,0.010707,-0.008386,-0.787072,0.462823,0.407813,0.099358,-0.557361,0.824303,0.608806,0.689306,0.392699,-9e-06,0.000377,0.000351,-3.9e-05,9e-06,1.6e-05,0.470152,0.118723,0.076628,-0.088319,-0.997408,-0.055963,0.045203,0.067919,-0.525458,0.848103,-0.02371,0.848976,0.527898,-0.015787,-0.016933,0.003184,-0.065179,-0.062812,0.015198,-0.892239
1050,0.205126,0.102867,0.303584,-0.999252,0.007914,-0.038444,-0.037644,-0.474597,0.879382,-0.010043,0.880162,0.474597,-0.008026,-0.047959,0.009697,0.084237,-4.94192,-2.598213,-1.911487,-0.159825,-0.020784,0.336736,0.877422,-0.309055,0.366889,-0.15356,0.543383,0.825281,-0.455512,-0.780052,0.428825,3.3e-05,-0.001306,-0.001223,0.0,0.0,0.0,0.485682,0.039902,0.010705,-0.008391,-0.786886,0.462745,0.408259,0.099715,-0.557539,0.824139,0.608988,0.689214,0.392577,2.3e-05,-0.000912,-0.000857,-2e-05,3e-06,5e-06,0.470316,0.118357,0.07585,-0.088154,-0.996979,-0.064309,0.043543,0.070721,-0.520037,0.85121,-0.032096,0.851718,0.523014,-0.010111,-0.018094,0.002101,-0.083503,0.052984,-0.130593,-0.890279
1051,0.204041,0.100859,0.304023,-0.997722,-0.055372,-0.039113,-0.008793,-0.467067,0.884163,-0.065985,0.882562,0.465573,-0.030246,-0.05973,0.016984,-0.311859,-1.572619,-1.03833,-1.912382,-0.159857,-0.020841,0.336658,0.877323,-0.309025,0.36715,-0.15376,0.543487,0.825175,-0.455634,-0.779992,0.428805,6.7e-05,-0.002669,-0.002502,-0.001801,0.013678,-0.0253,0.486981,0.039886,0.010677,-0.00843,-0.786788,0.462704,0.408495,0.099872,-0.557669,0.824033,0.609089,0.689137,0.392556,-0.007174,-0.001313,-0.000543,-0.002055,0.015203,-0.029237,0.471132,0.117824,0.074843,-0.087942,-0.990687,-0.13058,0.038554,0.10059,-0.51113,0.853596,-0.091757,0.849526,0.519506,-0.021032,-0.023653,0.006087,-0.259464,-5.2105,-2.765765,-0.893545
1052,0.202064,0.098387,0.305043,-0.982821,-0.1782,-0.048511,0.037586,-0.450423,0.892008,-0.179583,0.875083,0.449452,-0.063966,-0.076597,0.035892,-0.021155,-5.309291,-3.055422,-1.912471,-0.159919,-0.020943,0.336583,0.87716,-0.308972,0.367583,-0.154146,0.543571,0.825048,-0.455818,-0.779954,0.428678,5.1e-05,-0.00207,-0.001942,0.0,0.0,0.0,0.486858,0.039855,0.010622,-0.008471,-0.786606,0.462622,0.40894,0.100245,-0.557829,0.823879,0.609263,0.689063,0.392416,3.2e-05,-0.001275,-0.001197,-1.7e-05,-4e-06,2.5e-05,0.471949,0.116849,0.073602,-0.087447,-0.968624,-0.247623,0.021151,0.144294,-0.491054,0.859094,-0.202346,0.835192,0.511378,-0.032438,-0.031292,0.015689,-0.16522,-1.574726,-1.113897,-0.900893
1053,0.200639,0.0969,0.305781,-0.966923,-0.248967,-0.055865,0.06138,-0.439662,0.896048,-0.246445,0.86329,0.440479,-0.08738,-0.075884,0.037623,-0.297101,-2.147423,-0.592864,-1.91276,-0.159918,-0.020986,0.336528,0.877105,-0.308956,0.367729,-0.154259,0.543626,0.82499,-0.455886,-0.779922,0.428664,6.9e-05,-0.002786,-0.002615,-0.001801,0.013678,-0.0253,0.4866,0.039855,0.010602,-0.008497,-0.786554,0.4626,0.409063,0.100328,-0.557896,0.823823,0.609316,0.689023,0.392404,2.4e-05,-0.000877,-0.000823,-1.5e-05,3e-06,7e-06,0.471949,0.116146,0.072862,-0.087076,-0.947049,-0.32096,0.009045,0.170305,-0.478233,0.861561,-0.272201,0.817482,0.507572,-0.037436,-0.043334,0.022328,-0.437523,-7.615345,-1.167175,-0.904649
1054,0.197078,0.09348,0.307431,-0.918618,-0.389501,-0.066902,0.112714,-0.420588,0.900207,-0.377627,0.81989,0.430354,-0.098619,-0.10294,0.048521,0.169105,-5.202334,-2.903888,-1.912883,-0.159892,-0.020984,0.336359,0.87336,-0.319327,0.367784,-0.147706,0.545672,0.824839,-0.465171,-0.774286,0.428907,7.7e-05,-0.003103,-0.002916,0.609771,1.367549,0.711109,0.486753,0.039868,0.010603,-0.008582,-0.781845,0.470719,0.408828,0.094527,-0.558652,0.823997,0.616264,0.682884,0.392284,-0.000584,0.002843,-0.006021,2.041195,4.559651,2.382475,0.471622,0.114369,0.071172,-0.086247,-0.891334,-0.453112,-0.014544,0.218059,-0.456639,0.862513,-0.397457,0.765616,0.505824,-0.049674,-0.044929,0.021605,-0.113728,-1.466827,-0.89225,-0.905792
1055,0.193057,0.089295,0.309325,-0.860755,-0.50395,-0.071972,0.153718,-0.392185,0.906936,-0.484206,0.770214,0.41514,-0.111198,-0.120601,0.051766,-0.301603,-0.177073,-0.658963,-1.913295,-0.159878,-0.020923,0.335962,0.869422,-0.329649,0.368005,-0.141011,0.548083,0.824412,-0.474547,-0.768223,0.429537,-0.000841,0.004265,-0.014759,0.034631,0.004778,-0.006203,0.487349,0.039875,0.010634,-0.008772,-0.775281,0.481621,0.40863,0.08649,-0.559914,0.824023,0.625665,0.674193,0.392436,-0.000415,0.002233,-0.007299,0.035048,0.004343,-0.006858,0.473255,0.112362,0.069096,-0.085296,-0.823033,-0.567126,-0.031369,0.259454,-0.42451,0.867452,-0.505271,0.705803,0.496529,-0.055601,-0.060092,0.026061,-0.212151,-1.441647,-0.948083,-0.909548
1056,0.190743,0.086753,0.310366,-0.839385,-0.538467,-0.074375,0.162922,-0.379841,0.910576,-0.517522,0.752877,0.406662,-0.123961,-0.124651,0.049719,-0.346578,0.23957,-0.448341,-1.91448,-0.159912,-0.020908,0.335669,0.865367,-0.339912,0.368229,-0.134413,0.550214,0.824095,-0.483802,-0.762194,0.429953,-0.000767,0.001251,-0.017609,0.645139,1.371094,0.706642,0.487356,0.039858,0.010646,-0.008915,-0.770321,0.489595,0.408534,0.080613,-0.560769,0.824037,0.632538,0.667708,0.392505,-0.000472,-0.000292,-0.009007,2.042493,4.570162,2.363112,0.473908,0.11121,0.067829,-0.084772,-0.799118,-0.600003,-0.037487,0.268152,-0.411563,0.871039,-0.538054,0.686011,0.48978,-0.061726,-0.068896,0.027601,-0.407781,-0.045537,-0.201443,-0.908241
1057,0.185758,0.081312,0.312564,-0.804297,-0.58774,-0.087827,0.171088,-0.370629,0.912872,-0.568083,0.719926,0.398769,-0.126236,-0.138279,0.055675,0.075946,0.478261,-0.372649,-1.915555,-0.159941,-0.020972,0.33479,0.856751,-0.360249,0.36904,-0.121243,0.554615,0.823187,-0.502294,-0.749539,0.430994,-0.000597,-0.00575,-0.024287,2.07247,4.56821,2.3506,0.486726,0.039843,0.01062,-0.009348,-0.760299,0.504891,0.408692,0.069154,-0.562682,0.823775,0.645881,0.654579,0.392891,-0.000779,0.002211,-0.016763,0.071223,0.009673,-0.013793,0.473418,0.108766,0.065162,-0.0837,-0.760913,-0.646358,-0.056834,0.275824,-0.401501,0.873336,-0.587308,0.648858,0.483789,-0.063071,-0.06893,0.028027,0.500872,-0.847734,-0.851416,-0.905955
1058,0.180642,0.075289,0.314933,-0.776557,-0.622262,-0.09897,0.181688,-0.371625,0.910415,-0.602331,0.689782,0.401777,-0.140775,-0.168063,0.065834,-0.001693,0.153302,-0.536811,-1.915316,-0.159914,-0.021124,0.333535,0.840722,-0.395371,0.369945,-0.097785,0.560937,0.822023,-0.533566,-0.726754,0.432434,-0.001496,0.000673,-0.037179,0.682654,1.372571,0.704624,0.485906,0.039857,0.010537,-0.009975,-0.736174,0.539916,0.40809,0.042566,-0.564847,0.824096,0.675452,0.624049,0.392844,-0.000731,-0.00088,-0.019171,2.090657,4.566913,2.36957,0.472275,0.106113,0.06205,-0.082472,-0.732304,-0.677201,-0.071609,0.286872,-0.402154,0.869468,-0.617603,0.616173,0.48877,-0.070391,-0.084487,0.032651,-0.07469,0.168601,-0.559042,-0.902363
1059,0.174984,0.068446,0.317611,-0.74166,-0.661156,-0.113396,0.200441,-0.379815,0.90307,-0.639218,0.647865,0.414365,-0.132625,-0.170108,0.065082,1.250743,-3.982812,-2.344023,-1.915545,-0.159446,-0.021443,0.332399,0.823592,-0.429942,0.369917,-0.073591,0.565501,0.821418,-0.563374,-0.703179,0.433605,0.013959,-0.007459,-0.027586,0.036367,0.006822,-0.000368,0.485931,0.04008,0.010379,-0.010546,-0.712205,0.572249,0.406564,0.016884,-0.565043,0.824888,0.701767,0.594354,0.392764,0.01475,-0.009036,-0.010163,0.01802,0.046524,-0.001278,0.471132,0.103388,0.058755,-0.081183,-0.698184,-0.710174,-0.090501,0.302734,-0.407421,0.861602,-0.64876,0.574159,0.499449,-0.072286,-0.084746,0.032994,0.118672,-0.730903,2.050247,-0.903342
1060,0.17236,0.065146,0.318866,-0.729733,-0.673456,-0.118289,0.206841,-0.38238,0.900541,-0.650799,0.633525,0.41849,-0.14666,-0.184907,0.070614,0.207455,0.727713,-0.140187,-1.915917,-0.159331,-0.021701,0.331824,0.810343,-0.454084,0.370328,-0.056801,0.56798,0.82104,-0.584166,-0.685772,0.433969,0.015128,-0.023667,-0.024312,2.030892,4.659853,2.17825,0.486841,0.040142,0.010258,-0.010834,-0.698382,0.589448,0.405971,0.003138,-0.56469,0.825296,0.715717,0.577646,0.39252,0.007583,-0.011975,-0.012342,-0.000759,0.025165,-0.04978,0.471785,0.102027,0.05705,-0.080531,-0.682982,-0.723851,-0.097845,0.311685,-0.409957,0.857197,-0.660596,0.554953,0.505607,-0.067218,-0.086132,0.032054,0.340485,0.458972,0.554097,-0.901056
1061,0.166704,0.057916,0.321512,-0.718503,-0.684131,-0.125552,0.208834,-0.384427,0.899209,-0.662549,0.620716,0.419247,-0.138818,-0.189528,0.067889,-0.490406,-0.492522,1.801311,-1.915342,-0.158414,-0.022337,0.330657,0.78019,-0.504175,0.370275,-0.018581,0.572822,0.819429,-0.626205,-0.645541,0.437044,0.028671,-0.009742,-0.031539,0.121255,0.01588,0.265731,0.483123,0.040596,0.009924,-0.011425,-0.656345,0.637372,0.403692,-0.038595,-0.562739,0.825732,0.753472,0.526385,0.39395,0.014356,-0.005292,-0.01624,0.226067,0.446106,0.237373,0.470316,0.099197,0.053437,-0.079206,-0.672689,-0.732573,-0.104045,0.315286,-0.411,0.855378,-0.66939,0.5426,0.507446,-0.075582,-0.089073,0.030525,-0.114732,0.588352,-0.531945,-0.895341
1062,0.161204,0.050792,0.323941,-0.684934,-0.718178,-0.123004,0.222393,-0.36688,0.903279,-0.692992,0.592225,0.411168,-0.13046,-0.180748,0.058973,0.199833,-5.762959,-0.376841,-1.915549,-0.157022,-0.023021,0.329326,0.74913,-0.544705,0.376951,0.012361,0.580291,0.814275,-0.663209,-0.60464,0.44094,0.043667,-0.017287,-0.040756,0.665245,1.351521,0.73705,0.483918,0.041286,0.009598,-0.012074,-0.619374,0.670688,0.40811,-0.069724,-0.564758,0.822305,0.781993,0.480859,0.39656,0.022535,-0.01456,-0.016356,2.0596,4.429865,2.63546,0.469173,0.096444,0.04987,-0.07799,-0.64119,-0.760132,-0.105232,0.325145,-0.393323,0.859986,-0.695094,0.517199,0.499348,-0.071522,-0.096249,0.033274,-0.08811,0.123654,-0.750942,-0.898281
1063,0.155808,0.043264,0.326334,-0.640021,-0.759491,-0.116585,0.242413,-0.34362,0.907267,-0.728326,0.553353,0.404188,-0.134969,-0.186559,0.054989,0.679686,-4.63553,-2.41002,-1.914586,-0.155395,-0.023931,0.327703,0.725155,-0.569854,0.386533,0.03174,0.588261,0.808007,-0.688725,-0.572932,0.44415,0.044123,-0.022197,-0.046182,0.678686,1.339311,0.741328,0.483804,0.042099,0.009145,-0.012884,-0.590847,0.691227,0.416057,-0.09047,-0.569212,0.817197,0.801694,0.445198,0.398853,0.022274,-0.012065,-0.023869,2.146723,4.389929,2.644176,0.468683,0.093747,0.04611,-0.07679,-0.592454,-0.798402,-0.107475,0.341647,-0.369825,0.864005,-0.729571,0.475165,0.491877,-0.073913,-0.099056,0.031383,0.256414,0.472722,-0.356608,-0.899423
1064,0.153097,0.039556,0.32748,-0.619297,-0.776009,-0.119692,0.252776,-0.341426,0.905265,-0.74259,0.531338,0.407758,-0.136804,-0.184976,0.056277,0.336894,0.525345,-0.280619,-1.914807,-0.154453,-0.024401,0.326781,0.70704,-0.590546,0.389026,0.047922,0.588717,0.806877,-0.706397,-0.551097,0.444026,0.044348,-0.023651,-0.047976,0.692622,1.260123,0.892679,0.482924,0.042571,0.008908,-0.013347,-0.569147,0.708455,0.417325,-0.106379,-0.56673,0.817006,0.815324,0.420602,0.397918,0.029701,-0.011598,-0.024393,2.187713,4.361337,2.69417,0.468519,0.092392,0.044248,-0.076223,-0.565664,-0.816727,-0.113926,0.35347,-0.364959,0.861314,-0.745038,0.446945,0.495133,-0.06835,-0.09252,0.028176,0.729133,0.259167,-0.297516,-0.901709
1065,0.148175,0.032539,0.32963,-0.567363,-0.81482,-0.119217,0.282664,-0.328728,0.901116,-0.772733,0.478575,0.416985,-0.113807,-0.172173,0.04937,-0.030234,0.296906,-0.3603,-1.91516,-0.152253,-0.025281,0.324814,0.669082,-0.630269,0.393805,0.080774,0.588279,0.804573,-0.739589,-0.505712,0.443989,0.059528,-0.024596,-0.051268,0.053067,-0.081836,0.18417,0.481528,0.043664,0.008467,-0.01433,-0.523168,0.741843,0.41948,-0.139725,-0.560219,0.816474,0.840696,0.368542,0.396743,0.029768,-0.012361,-0.025734,0.054129,0.039795,0.015881,0.466397,0.089922,0.04073,-0.075149,-0.512154,-0.850491,-0.119842,0.383355,-0.351218,0.854215,-0.768593,0.391547,0.505918,-0.056843,-0.086003,0.024823,-0.025073,0.1039,-0.646132,-0.904649
1066,0.143613,0.025491,0.331749,-0.553593,-0.822844,-0.128486,0.284379,-0.331835,0.899437,-0.782044,0.462407,0.417869,-0.11664,-0.170599,0.050502,-0.30426,-0.806087,2.181538,-1.915064,-0.149906,-0.026042,0.32267,0.638511,-0.654346,0.405125,0.099451,0.592007,0.799732,-0.763924,-0.469515,0.442537,0.059872,-0.022159,-0.049577,2.27419,4.42426,2.45083,0.481649,0.044816,0.008083,-0.015388,-0.4927,0.757032,0.429125,-0.155586,-0.561823,0.812494,0.856177,0.33355,0.394594,0.029385,-0.00582,-0.029243,0.083042,-0.070462,0.144241,0.465743,0.087642,0.037205,-0.07409,-0.498653,-0.857324,-0.127821,0.386196,-0.35176,0.852711,-0.776013,0.375843,0.506502,-0.058279,-0.085238,0.025368,-0.162572,0.490201,-0.440945,-0.91118
1067,0.14135,0.022265,0.332714,-0.558611,-0.81811,-0.136731,0.28025,-0.341365,0.897164,-0.77996,0.463864,0.420144,-0.104085,-0.157732,0.043643,0.01005,0.299925,-0.03089,-1.914753,-0.148687,-0.026268,0.321624,0.624509,-0.666545,0.407059,0.108722,0.590179,0.799876,-0.77416,-0.454426,0.440496,0.058758,-0.008002,-0.054988,2.113857,4.483406,2.778773,0.481489,0.04542,0.007958,-0.015915,-0.477585,0.765925,0.43043,-0.164862,-0.559335,0.812381,0.862978,0.31702,0.393402,0.029977,-0.009681,-0.023536,-0.434189,0.325908,0.214698,0.465907,0.086549,0.035644,-0.073624,-0.504375,-0.852442,-0.137649,0.381219,-0.362863,0.850295,-0.774775,0.376393,0.507987,-0.058848,-0.084335,0.026058,0.039315,-0.667969,2.214309,-0.906608
1068,0.13759,0.016496,0.33439,-0.552966,-0.820026,-0.147756,0.283739,-0.352105,0.8919,-0.78272,0.452286,0.427567,-0.091281,-0.139776,0.040765,0.180715,0.192242,0.1733,-1.914851,-0.146115,-0.026405,0.319691,0.58764,-0.697111,0.410739,0.134336,0.58452,0.800141,-0.798593,-0.414132,0.436586,0.058708,-0.001619,-0.048836,0.606451,1.552461,0.643893,0.481768,0.046734,0.007882,-0.016908,-0.432038,0.792303,0.430812,-0.191022,-0.547251,0.814878,0.881392,0.269763,0.38778,0.036966,0.000263,-0.024309,2.126284,4.913711,2.043464,0.465254,0.084585,0.032633,-0.072759,-0.499783,-0.853193,-0.149259,0.384606,-0.373007,0.844359,-0.776076,0.36459,0.514566,-0.045611,-0.06965,0.020637,0.208166,0.205549,0.167017,-0.899423
1069,0.134403,0.011278,0.336172,-0.539478,-0.826943,-0.158665,0.287417,-0.358017,0.888362,-0.790759,0.434677,0.431025,-0.063852,-0.130372,0.048362,0.509258,-0.085166,-0.045577,-1.915274,-0.143362,-0.026374,0.317968,0.553084,-0.719786,0.419521,0.147136,0.579901,0.801249,-0.820685,-0.380518,0.426081,0.073533,0.004115,-0.045008,-0.425883,0.713831,-0.374314,0.484013,0.048133,0.007899,-0.017785,-0.393121,0.808717,0.437528,-0.204722,-0.540879,0.815804,0.896406,0.231138,0.378193,0.036768,0.002257,-0.022337,-0.37654,0.722731,-0.462455,0.46705,0.08299,0.030017,-0.071875,-0.486341,-0.858695,-0.161596,0.387149,-0.377567,0.841164,-0.783317,0.346531,0.51607,-0.031853,-0.064687,0.02465,0.453226,-0.096074,-0.055589,-0.900567
1070,0.132968,0.008989,0.337105,-0.538156,-0.82568,-0.169369,0.286781,-0.368379,0.884323,-0.791891,0.428358,0.435253,-0.062537,-0.11088,0.047175,1.516202,-4.607707,-1.964678,-1.914896,-0.141945,-0.026315,0.317112,0.532805,-0.732493,0.42375,0.158236,0.578026,0.800488,-0.831941,-0.358523,0.423317,0.059946,-0.006736,-0.034936,2.271319,4.401986,2.633322,0.484765,0.048819,0.007932,-0.0182,-0.374229,0.815787,0.440956,-0.21084,-0.537905,0.816213,0.903049,0.21248,0.3733,0.03678,0.00301,-0.021645,-0.056229,0.07373,0.181048,0.468519,0.082319,0.028945,-0.071445,-0.490477,-0.854566,-0.170728,0.385159,-0.388315,0.837175,-0.781718,0.344858,0.519603,-0.037979,-0.05435,0.024575,0.139704,-0.992198,2.589427,-0.902199
1071,0.130747,0.005428,0.338708,-0.530795,-0.829114,-0.175706,0.295638,-0.375481,0.878399,-0.793607,0.415335,0.444648,-0.047825,-0.093636,0.044187,0.562223,-1.143255,-0.753616,-1.914548,-0.139254,-0.026015,0.315598,0.500766,-0.750855,0.430629,0.174381,0.574693,0.799533,-0.848423,-0.324335,0.418149,0.058506,0.009057,-0.038425,0.072801,1.653928,-1.916536,0.484932,0.050165,0.008074,-0.018957,-0.335241,0.831553,0.442868,-0.230043,-0.528091,0.817434,0.913615,0.172159,0.36833,0.036024,0.011408,-0.022872,0.825643,1.280303,0.881446,0.469663,0.08118,0.027128,-0.070621,-0.480787,-0.858321,-0.179242,0.396049,-0.394954,0.828947,-0.782296,0.327559,0.529827,-0.023968,-0.041404,0.017835,1.479149,-4.284443,-2.872211,-0.901546
1072,0.128725,0.002271,0.340337,-0.518645,-0.836586,-0.17657,0.298621,-0.370797,0.879379,-0.800503,0.404398,0.442362,-0.046274,-0.073846,0.043346,-0.168868,-0.175439,0.063968,-1.914692,-0.136506,-0.025427,0.314178,0.461983,-0.774166,0.4327,0.201405,0.566598,0.79896,-0.864256,-0.280979,0.417104,0.07301,0.016137,-0.032941,2.489775,4.50568,2.525418,0.48386,0.051534,0.008364,-0.019671,-0.29691,0.844678,0.445377,-0.251369,-0.519097,0.816915,0.921225,0.130596,0.366452,0.036483,0.008474,-0.01606,0.284339,0.246496,0.567214,0.469336,0.080168,0.02554,-0.069809,-0.467554,-0.865149,-0.181405,0.399941,-0.390051,0.829401,-0.788314,0.315239,0.528379,-0.030006,-0.036054,0.02241,-0.153111,-0.483582,-0.122735,-0.903832
1073,0.126616,0.000104,0.34197,-0.494634,-0.850587,-0.178562,0.314322,-0.366667,0.87563,-0.809658,0.378048,0.448955,-0.05779,-0.041437,0.035384,0.236337,0.059682,0.197847,-1.914918,-0.133834,-0.024619,0.312841,0.416677,-0.794287,0.44213,0.221553,0.560311,0.79806,-0.882123,-0.233574,0.408858,0.057996,0.016583,-0.030722,-0.014231,0.935163,-0.286432,0.48394,0.052876,0.008772,-0.020336,-0.244455,0.858327,0.451126,-0.27382,-0.507411,0.81704,0.930195,0.076202,0.359066,0.035712,0.015046,-0.019187,0.268271,2.842205,-1.343049,0.468193,0.079118,0.024447,-0.068987,-0.442047,-0.877462,-0.186154,0.414688,-0.383936,0.825,-0.795378,0.287493,0.533591,-0.021843,-0.020613,0.017871,0.370638,0.079555,0.054116,-0.909874
1074,0.125857,-0.00069,0.342649,-0.47283,-0.862643,-0.179788,0.32794,-0.361695,0.872699,-0.817269,0.354751,0.454147,-0.043611,-0.040445,0.036338,0.104677,0.103721,0.065622,-1.914947,-0.132634,-0.024099,0.312199,0.403844,-0.797892,0.447515,0.22559,0.560812,0.796576,-0.887041,-0.21973,0.405883,0.057598,0.02045,-0.026533,-0.012584,0.007732,0.171418,0.485152,0.053476,0.009027,-0.020663,-0.229632,0.859583,0.456493,-0.277335,-0.507372,0.815878,0.932927,0.060751,0.354902,0.035542,0.016771,-0.017315,0.035047,-0.016514,0.218114,0.469173,0.078734,0.024053,-0.068646,-0.419809,-0.887524,-0.189897,0.428165,-0.378144,0.820781,-0.800271,0.263264,0.538755,-0.014874,-0.020833,0.017745,0.103124,0.074168,0.08742,-0.910201
1075,0.124652,-0.001857,0.344034,-0.45392,-0.872755,-0.179726,0.334366,-0.353841,0.873481,-0.825365,0.337481,0.452667,-0.027503,-0.021356,0.034933,-0.106555,0.062217,-0.085024,-1.91532,-0.130634,-0.022756,0.31099,0.366813,-0.807212,0.462438,0.230586,0.560351,0.795469,-0.90168,-0.184139,0.391063,0.040704,0.035,-0.028891,-0.121635,0.24352,0.116206,0.483907,0.054461,0.009679,-0.021256,-0.191471,0.862095,0.469181,-0.28244,-0.506201,0.814854,0.939981,0.023506,0.340413,0.020342,0.017789,-0.014151,-0.057302,0.692089,0.37464,0.469336,0.078134,0.023465,-0.067969,-0.400383,-0.896013,-0.19197,0.433526,-0.369785,0.821774,-0.807308,0.245801,0.536501,-0.013459,-0.004925,0.013501,-0.084757,0.04393,-0.069504,-0.905629
1076,0.123952,-0.0022,0.345269,-0.452829,-0.872958,-0.181482,0.329225,-0.352913,0.875805,-0.828026,0.337927,0.447443,-0.011807,-0.005092,0.031047,-0.094079,-0.093157,0.153117,-1.915481,-0.129201,-0.021238,0.309896,0.349664,-0.812647,0.466188,0.225881,0.555931,0.799907,-0.909629,-0.173371,0.377334,0.038759,0.049507,-0.033282,-0.418261,0.520038,0.102779,0.483595,0.055214,0.010467,-0.021822,-0.174077,0.864217,0.472043,-0.277833,-0.50299,0.818418,0.944725,0.011319,0.327667,0.019374,0.024959,-0.01644,-0.335533,0.480651,0.071015,0.468356,0.077769,0.023284,-0.067333,-0.399366,-0.896095,-0.193698,0.428149,-0.369121,0.824886,-0.810675,0.2465,0.531077,-0.005885,-0.002361,0.015699,-0.071213,0.022642,-0.04433,-0.891586
1077,0.123821,-0.00224,0.345845,-0.450332,-0.873827,-0.1835,0.323589,-0.351314,0.878544,-0.831603,0.337345,0.441205,-0.011644,-0.004307,0.031677,-0.409729,-0.136427,-0.091361,-1.915338,-0.128716,-0.020361,0.309357,0.343714,-0.810996,0.473432,0.221436,0.559811,0.798443,-0.912977,-0.168579,0.371372,0.025109,0.038374,-0.023041,-0.117443,0.300632,-0.124531,0.484624,0.055447,0.010892,-0.022082,-0.167063,0.861977,0.478627,-0.272944,-0.506911,0.817644,0.947413,0.00596,0.319958,0.011816,0.02506,-0.015255,-0.092082,0.214725,0.071807,0.468519,0.077703,0.023266,-0.06705,-0.397726,-0.896352,-0.19587,0.42363,-0.368768,0.827373,-0.813849,0.246091,0.52639,0.001034,-0.003096,0.015114,-0.698868,-0.232343,-0.131341,-0.882931
1078,0.123856,-0.002156,0.346791,-0.448779,-0.873697,-0.187873,0.318517,-0.35285,0.879781,-0.834396,0.336073,0.436881,0.002732,0.005344,0.022138,-0.038717,-0.014863,0.032076,-1.915641,-0.128498,-0.018373,0.308229,0.332995,-0.813956,0.476006,0.216915,0.557289,0.801443,-0.918008,-0.162598,0.361505,-0.006413,0.049603,-0.026724,-0.224403,0.423702,-0.074226,0.483139,0.055568,0.011881,-0.022646,-0.15658,0.862864,0.480571,-0.268575,-0.505436,0.820001,0.950447,-0.000673,0.310885,-0.003992,0.031036,-0.016674,-0.330088,0.382729,0.218791,0.469173,0.077718,0.023314,-0.066552,-0.39575,-0.89619,-0.200559,0.417854,-0.370194,0.829671,-0.817789,0.244538,0.520981,0.001365,0.002748,0.011134,-0.01174,-0.00897,0.034265,-0.872317
1079,0.124032,-0.00179,0.347533,-0.448323,-0.873002,-0.192145,0.316151,-0.355966,0.879379,-0.83554,0.334585,0.435836,0.003195,0.016087,0.013392,0.005749,-0.125506,0.223662,-1.915657,-0.128741,-0.016212,0.307266,0.304548,-0.831315,0.464928,0.229643,0.537685,0.811229,-0.924731,-0.139243,0.354042,-0.008534,0.066289,-0.028612,-0.31274,0.370239,0.310702,0.480734,0.055444,0.012978,-0.023141,-0.126311,0.874688,0.467937,-0.277376,-0.484041,0.829919,0.952422,-0.024967,0.303757,-0.004279,0.033359,-0.014062,-0.452476,0.435303,0.356939,0.466233,0.077806,0.023493,-0.066184,-0.395783,-0.89526,-0.204608,0.415959,-0.373398,0.829187,-0.818738,0.24307,0.520176,0.001547,0.007853,0.006539,0.001865,-0.027666,0.050542,-0.880318
1080,0.12432,-0.001423,0.347997,-0.446511,-0.872879,-0.196864,0.312165,-0.358192,0.8799,-0.838007,0.332516,0.432672,0.001401,-0.001276,0.01651,-0.356373,-0.14965,-0.067956,-1.91522,-0.129416,-0.013818,0.306375,0.275818,-0.842305,0.463074,0.248408,0.527745,0.812227,-0.928852,-0.107935,0.354185,-0.023536,0.06772,-0.024929,0.161779,-0.033533,0.131841,0.480962,0.055107,0.014177,-0.023585,-0.094995,0.880597,0.464246,-0.293059,-0.470427,0.832354,0.951363,-0.056981,0.302755,-0.011783,0.034044,-0.012237,0.206694,-0.055919,0.109438,0.46558,0.077952,0.023692,-0.065945,-0.395105,-0.894411,-0.209567,0.413096,-0.376749,0.829102,-0.820513,0.241011,0.518334,0.007764,0.003748,0.003146,-0.554973,-0.345975,0.121959,-0.876563
1081,0.124465,-0.001383,0.348149,-0.446209,-0.872479,-0.199307,0.311035,-0.360053,0.879539,-0.838587,0.331552,0.432287,0.014868,0.004104,0.00348,-6.1e-05,-0.114537,0.2017,-1.915325,-0.129847,-0.012525,0.305931,0.26448,-0.84779,0.459666,0.257205,0.521269,0.813669,-0.929741,-0.095904,0.355313,-0.023584,0.068657,-0.023915,-0.023588,0.193736,0.054977,0.479755,0.0549,0.014799,-0.023796,-0.083889,0.883799,0.460283,-0.301156,-0.462797,0.83374,0.949877,-0.068675,0.304985,-0.011788,0.034343,-0.011915,-0.126191,0.151851,0.267759,0.464764,0.07802,0.023713,-0.065862,-0.394289,-0.894221,-0.211906,0.411017,-0.377833,0.829642,-0.821949,0.240021,0.516515,0.00036,-0.002333,0.006844,-0.012319,-0.093416,0.182056,-0.873134
1082,0.124653,-0.00142,0.348409,-0.444591,-0.872547,-0.202598,0.307369,-0.361096,0.880401,-0.840797,0.330231,0.428994,0.000741,0.00377,0.003115,-0.014631,-0.006969,-0.003502,-1.915529,-0.130862,-0.009934,0.305117,0.231763,-0.86326,0.448397,0.273264,0.500048,0.821713,-0.933841,-0.066825,0.351197,-0.022333,0.06035,-0.012832,-0.091239,0.68306,0.550055,0.474231,0.054392,0.016097,-0.024208,-0.050701,0.892921,0.447348,-0.312884,-0.439576,0.841947,0.948436,-0.09728,0.301668,-0.019094,0.03444,-0.010844,0.196439,1.91322,0.881418,0.460518,0.078118,0.023689,-0.065737,-0.392935,-0.89396,-0.21549,0.407406,-0.379324,0.830742,-0.824391,0.238636,0.513255,0.000158,-0.003361,0.005992,-0.019883,0.0003,0.006628,-0.868888
1083,0.124645,-0.001549,0.348934,-0.441953,-0.873405,-0.204661,0.301642,-0.359601,0.88299,-0.844256,0.329591,0.422645,0.001014,-0.003212,0.014881,-0.058189,-0.108952,0.174938,-1.914837,-0.13186,-0.007159,0.304465,0.209707,-0.873275,0.439779,0.274585,0.484164,0.830736,-0.938627,-0.052356,0.340738,-0.024008,0.074977,-0.017171,-0.151261,0.16983,0.325349,0.47129,0.053894,0.01748,-0.024532,-0.02635,0.898984,0.437186,-0.30996,-0.423131,0.851401,0.950384,-0.113076,0.289799,-0.011258,0.031692,-0.004798,-0.269184,0.245457,0.3219,0.456599,0.078112,0.023619,-0.065486,-0.390403,-0.894543,-0.217661,0.401832,-0.378283,0.833926,-0.828321,0.238104,0.507139,0.000248,-0.007079,0.011692,-0.063484,0.00984,-0.013598,-0.873297
1084,0.124696,-0.001678,0.349314,-0.44186,-0.873105,-0.206137,0.300246,-0.360505,0.883097,-0.844802,0.329398,0.421704,0.001244,-0.002038,0.015839,-0.034899,0.001279,0.007982,-1.915083,-0.132381,-0.005788,0.304176,0.203047,-0.87756,0.43434,0.271583,0.476535,0.836116,-0.940953,-0.050707,0.334514,-0.036873,0.061379,-0.009886,-0.210389,0.218458,0.269654,0.46995,0.053637,0.018174,-0.024674,-0.019381,0.902037,0.431223,-0.305389,-0.416032,0.856535,0.95203,-0.11509,0.283535,-0.011968,0.037603,-0.008467,-0.266688,0.336893,0.22803,0.454313,0.078132,0.023559,-0.065305,-0.390492,-0.894154,-0.219097,0.400825,-0.379382,0.833911,-0.828767,0.237815,0.506545,0.000622,-0.000971,0.007961,-0.025822,0.003904,0.009078,-0.877542
1085,0.12474,-0.002003,0.35032,-0.441796,-0.872519,-0.208739,0.297062,-0.361871,0.883615,-0.845959,0.329454,0.419334,-0.011722,-0.004905,0.030888,-0.065436,-0.078654,0.160563,-1.915013,-0.13338,-0.003089,0.303679,0.176379,-0.886252,0.428297,0.266714,0.461756,0.845919,-0.947664,-0.033855,0.317252,-0.036778,0.062583,-0.008749,-0.5179,0.421614,0.459399,0.466105,0.053124,0.019547,-0.024927,0.007195,0.905658,0.423947,-0.298577,-0.402672,0.865278,0.954358,-0.132807,0.267511,-0.018382,0.031288,-0.004356,-0.422435,0.384157,0.419034,0.447782,0.078163,0.023385,-0.064805,-0.39074,-0.893407,-0.221687,0.397835,-0.381084,0.834566,-0.830089,0.237904,0.504333,0.000982,-0.003295,0.014788,-0.069012,0.003423,0.016406,-0.877053
1086,0.124888,-0.002267,0.351572,-0.44543,-0.869795,-0.212354,0.29893,-0.368091,0.88041,-0.843389,0.329763,0.424239,0.002336,-0.004793,0.030985,0.04579,0.059225,0.043832,-1.914711,-0.134384,-0.000739,0.303273,0.162791,-0.893683,0.418116,0.258815,0.447492,0.855978,-0.952257,-0.030006,0.303592,-0.02185,0.060676,-0.012837,-0.280729,0.231053,0.408708,0.462604,0.052621,0.020728,-0.025123,0.022117,0.910638,0.412611,-0.286822,-0.389583,0.875189,0.957727,-0.137703,0.252575,-0.010904,0.030203,-0.006546,-0.315838,0.244538,0.423012,0.442556,0.078233,0.023259,-0.064174,-0.394899,-0.890764,-0.224929,0.400292,-0.387189,0.830572,-0.826934,0.237955,0.509466,0.001148,-0.00241,0.01548,0.026538,-0.035034,0.220333,-0.877869
1087,0.124993,-0.002461,0.352277,-0.447976,-0.868124,-0.213831,0.300693,-0.371576,0.878343,-0.841409,0.330258,0.42777,0.002123,-0.014243,0.040705,0.058145,0.000387,0.211346,-1.914946,-0.134847,0.000306,0.303091,0.157313,-0.895545,0.416225,0.255407,0.443912,0.858862,-0.95409,-0.027677,0.29801,-0.021699,0.059895,-0.013703,-0.066829,0.199623,0.041883,0.46097,0.052398,0.021227,-0.025209,0.028326,0.911569,0.410168,-0.281926,-0.386389,0.878192,0.959017,-0.140513,0.24605,-0.010114,0.024077,-0.003175,-0.057086,0.09744,0.177141,0.440597,0.078286,0.023165,-0.063825,-0.397638,-0.889281,-0.225972,0.402089,-0.39026,0.828264,-0.824747,0.238488,0.512752,0.001296,-0.001633,0.016093,0.092233,0.090417,0.059979,-0.877543
1088,0.125135,-0.00279,0.353902,-0.453427,-0.865103,-0.214582,0.304709,-0.376743,0.874751,-0.837029,0.332326,0.434705,0.003209,-0.008606,0.045168,0.068068,0.089326,0.065283,-1.914748,-0.135708,0.002242,0.302602,0.148139,-0.898577,0.413044,0.250328,0.438006,0.863378,-0.956889,-0.023373,0.289277,-0.033911,0.042186,-0.010839,-0.013839,0.058097,0.115412,0.457518,0.051972,0.022205,-0.025452,0.03772,0.912827,0.406599,-0.275839,-0.381569,0.882222,0.960463,-0.145434,0.2374,-0.009756,0.021232,-0.006197,0.021681,0.051002,0.107476,0.435861,0.078355,0.022997,-0.063034,-0.403325,-0.886654,-0.226213,0.406141,-0.394985,0.824036,-0.819986,0.24048,0.519414,0.001491,-0.004777,0.022205,0.120271,0.134273,0.055857,-0.878686
1089,0.125243,-0.003,0.355567,-0.460645,-0.859358,-0.222162,0.30968,-0.390215,0.867065,-0.831238,0.331678,0.446161,0.003526,0.001469,0.035778,0.550078,0.311145,0.163447,-1.914515,-0.136506,0.003853,0.301988,0.13024,-0.904453,0.406193,0.235098,0.426054,0.873579,-0.96331,-0.017142,0.267586,-0.019089,0.039093,-0.015966,-0.701557,0.640159,0.338036,0.457015,0.051567,0.023012,-0.025756,0.053763,0.915217,0.399358,-0.260291,-0.373266,0.89046,0.964031,-0.151823,0.218155,-0.009489,0.01911,-0.008426,-0.280661,0.255862,0.275933,0.433739,0.078412,0.022894,-0.062175,-0.410673,-0.881509,-0.232997,0.410024,-0.40679,0.816334,-0.814387,0.239712,0.528497,0.001601,-0.00417,0.022631,0.573211,0.261335,0.367231,-0.881135
1090,0.125607,-0.003331,0.356859,-0.477013,-0.84937,-0.225994,0.30991,-0.403204,0.861019,-0.821853,0.341735,0.455852,0.001552,-0.008701,0.027624,0.193439,0.192747,0.076362,-1.914606,-0.13725,0.005385,0.301242,0.11217,-0.909818,0.399548,0.219467,0.414723,0.883047,-0.96923,-0.010219,0.245665,-0.020091,0.047375,-0.026848,-0.362353,0.331382,0.334306,0.456851,0.051195,0.023774,-0.026126,0.073515,0.917357,0.391217,-0.240748,-0.364353,0.899603,0.967799,-0.160319,0.194066,-0.009331,0.017933,-0.009651,-0.541414,0.40877,0.415544,0.431126,0.078597,0.022746,-0.061514,-0.428929,-0.872295,-0.234776,0.411935,-0.420179,0.808553,-0.803945,0.2501,0.539556,0.007586,-0.005186,0.013158,0.233654,0.202988,0.343583,-0.886034
1091,0.125803,-0.003528,0.357311,-0.479512,-0.84754,-0.22757,0.311815,-0.407002,0.858541,-0.819674,0.341774,0.45973,0.01461,-0.013463,0.023863,0.07698,-0.020434,0.229408,-1.914874,-0.137575,0.006112,0.300787,0.108477,-0.911714,0.396234,0.209137,0.410479,0.887526,-0.971926,-0.012262,0.234675,-0.018414,0.03347,-0.021814,-0.631165,0.500396,0.448847,0.461307,0.051032,0.024144,-0.026354,0.076221,0.918408,0.388222,-0.231109,-0.362479,0.902882,0.969937,-0.15854,0.184623,-0.002097,0.017347,-0.011169,-0.183055,0.191809,0.228825,0.433412,0.07869,0.022648,-0.061288,-0.432015,-0.870482,-0.235844,0.414233,-0.423813,0.805476,-0.801107,0.250283,0.543676,0.000388,-0.006285,0.012273,0.039536,0.085171,0.026047,-0.885217
1092,0.125893,-0.003711,0.357839,-0.485928,-0.843781,-0.227931,0.319404,-0.41423,0.852272,-0.812943,0.342389,0.471085,0.000122,-0.007758,0.011111,0.158835,0.113457,0.02891,-1.915238,-0.138292,0.007434,0.299955,0.148515,-0.913307,0.379216,0.1757,0.40162,0.898757,-0.973302,-0.065699,0.219611,-0.018476,0.034657,-0.02054,-0.942457,-1.267011,-0.091397,0.468254,0.050674,0.024798,-0.026779,0.039229,0.927237,0.372414,-0.19484,-0.358449,0.91299,0.980049,-0.108377,0.166601,-0.009181,0.017562,-0.010336,-2.51489,-4.800686,-0.864235,0.442393,0.07874,0.022553,-0.061014,-0.438661,-0.867211,-0.235626,0.421609,-0.430152,0.798256,-0.793612,0.250822,0.554315,-2.1e-05,-0.004258,0.005254,0.116802,0.102166,0.025731,-0.873134
1093,0.126036,-0.004028,0.35786,-0.505776,-0.831757,-0.228946,0.317983,-0.426493,0.846736,-0.801294,0.356491,0.480488,-0.001359,-0.007126,-0.005633,0.239914,0.135998,0.032028,-1.914795,-0.138926,0.008623,0.299372,0.214881,-0.904372,0.368684,0.127649,0.400153,0.907478,-0.968472,-0.146795,0.200938,-0.004604,0.039107,-0.01768,-0.335076,-0.314436,0.131273,0.47484,0.050353,0.025386,-0.027076,-0.029039,0.930339,0.365546,-0.145984,-0.365726,0.919201,0.98886,-0.026671,0.146435,-0.008624,0.012724,-0.005286,-0.789988,-1.33029,-0.189022,0.451047,0.078813,0.022403,-0.060997,-0.458992,-0.856984,-0.234315,0.419973,-0.441698,0.792795,-0.78291,0.26548,0.562646,0.006145,-0.004429,-0.003494,0.417717,0.189431,0.091178,-0.879012
1094,0.125973,-0.004324,0.357665,-0.521792,-0.822048,-0.228069,0.312368,-0.432931,0.845558,-0.793179,0.370986,0.482974,-0.001265,-0.006627,-0.005252,0.004695,0.002387,0.001119,-1.914659,-0.139171,0.009721,0.298925,0.240332,-0.901552,0.359774,0.109229,0.393282,0.912871,-0.964768,-0.178954,0.192515,0.010859,0.029201,-0.010309,-2.026859,-5.016718,-0.907446,0.484143,0.050229,0.025951,-0.027304,-0.053802,0.932178,0.357977,-0.127221,-0.361973,0.923465,0.990413,0.004142,0.138068,0.005534,0.014661,-0.005395,-1.977241,-5.029991,-0.91382,0.461498,0.078777,0.022237,-0.061109,-0.476044,-0.848369,-0.231626,0.415144,-0.448979,0.791247,-0.775265,0.280511,0.565929,-0.000662,-0.003508,-0.002774,-0.019816,-0.007523,-0.000985,-0.876889
1095,0.125852,-0.004438,0.357523,-0.522986,-0.821254,-0.228193,0.314072,-0.434602,0.844068,-0.791718,0.370787,0.485516,-0.01528,-0.006712,-0.005348,0.071756,0.065566,-0.037479,-1.91476,-0.139291,0.01021,0.298786,0.25193,-0.899748,0.356337,0.098235,0.389969,0.915537,-0.963003,-0.194508,0.186158,-0.016022,0.015863,-0.001136,-0.506634,0.308998,0.308725,0.486819,0.050175,0.026188,-0.027375,-0.069002,0.93183,0.356274,-0.117127,-0.362223,0.924702,0.990716,0.022077,0.134137,-0.00166,0.014376,-0.004456,-0.020517,-0.124628,0.061789,0.466397,0.078723,0.022183,-0.061178,-0.477184,-0.847718,-0.231662,0.416884,-0.45042,0.789511,-0.773629,0.280167,0.568334,-0.000801,-0.004222,-0.003347,0.066705,0.051022,-0.006777,-0.883258
1096,0.125587,-0.004783,0.357249,-0.532637,-0.814839,-0.228867,0.31777,-0.443208,0.838189,-0.783763,0.374736,0.495293,-0.015606,-0.008289,-0.006628,0.373062,0.124692,0.209788,-1.914495,-0.139458,0.011125,0.298755,0.307269,-0.883455,0.353673,0.062108,0.389356,0.918955,-0.94992,-0.259281,0.174037,-0.002441,0.022396,0.003838,-0.401651,0.100614,0.238987,0.488326,0.050083,0.02663,-0.027399,-0.125631,0.925749,0.356657,-0.080758,-0.367856,0.926368,0.988783,0.087578,0.120976,-0.001226,0.011235,0.001977,-0.999681,-1.232395,0.007837,0.471132,0.07859,0.02201,-0.061316,-0.486723,-0.842429,-0.231113,0.42026,-0.457751,0.783482,-0.765821,0.284211,0.576837,-0.001193,-0.010448,0.000341,0.514119,0.284548,0.074117,-0.889626
1097,0.125283,-0.005288,0.357001,-0.542901,-0.806638,-0.233752,0.320806,-0.456467,0.829876,-0.775434,0.376553,0.50689,-0.002126,-0.011009,-0.008806,0.325803,0.139897,0.115715,-1.913274,-0.139449,0.011942,0.29908,0.32971,-0.87456,0.355566,0.035978,0.387869,0.920976,-0.94375,-0.289753,0.158878,-0.002784,0.025845,0.007348,-0.083319,0.039991,0.136448,0.4887,0.050091,0.027057,-0.027231,-0.14847,0.92146,0.35898,-0.05305,-0.369902,0.927554,0.987492,0.11867,0.103802,-0.001421,0.013102,0.003879,-0.013452,0.016377,0.108105,0.475541,0.078433,0.021756,-0.06144,-0.49816,-0.834698,-0.234762,0.423842,-0.47061,0.773875,-0.756434,0.286011,0.588219,-0.008185,-0.010267,0.000454,0.413894,0.115116,0.25274,-0.889626
1098,0.125102,-0.005566,0.356882,-0.544161,-0.805916,-0.233309,0.322438,-0.457651,0.82859,-0.773872,0.37666,0.509192,-0.002416,-0.012473,-0.009999,0.081803,-0.026254,0.143453,-1.912568,-0.139379,0.012393,0.299371,0.337457,-0.870681,0.357811,0.027944,0.389083,0.920742,-0.941289,-0.299607,0.155155,-0.003245,0.030457,0.012045,0.010535,0.06712,-0.092086,0.488233,0.050128,0.027267,-0.027095,-0.156652,0.919039,0.361699,-0.045644,-0.372566,0.926882,0.986598,0.128689,0.100311,-0.000988,0.009935,0.010243,0.031913,-0.103232,0.047555,0.474071,0.078343,0.02162,-0.061497,-0.499901,-0.833878,-0.233977,0.425913,-0.471926,0.771934,-0.754119,0.286237,0.591076,-0.007987,-0.004996,-0.004018,0.035284,0.059799,-0.038459,-0.891585
1099,0.124733,-0.006148,0.356597,-0.550283,-0.802058,-0.232242,0.330506,-0.464684,0.821466,-0.766099,0.376278,0.52109,-0.016886,-0.02283,-0.001026,0.4415,0.20515,0.190919,-1.911137,-0.139537,0.013334,0.300256,0.384724,-0.849142,0.36185,0.000444,0.392068,0.9199,-0.923454,-0.352668,0.150736,-0.002449,0.024961,0.025454,-2.020551,-5.024803,-0.94643,0.492449,0.050048,0.027749,-0.026647,-0.205322,0.906568,0.368749,-0.020216,-0.380625,0.924508,0.978485,0.182367,0.096478,-0.001107,0.012755,0.012799,-2.024861,-5.016991,-0.917922,0.47897,0.078164,0.021333,-0.061643,-0.505309,-0.83105,-0.232415,0.432909,-0.477117,0.764818,-0.746493,0.285855,0.600861,-0.001296,-0.006675,-0.005372,0.726762,0.346018,0.120014,-0.884237
1100,0.124331,-0.006769,0.356147,-0.557543,-0.79741,-0.230927,0.340256,-0.473278,0.812531,-0.75652,0.375437,0.535492,-0.017166,-0.015619,-0.012715,0.234682,0.162369,-0.02401,-1.910554,-0.139706,0.014424,0.301541,0.406454,-0.837492,0.365232,-0.015769,0.393125,0.919314,-0.913985,-0.378353,0.146097,-0.003226,0.032887,0.033128,-0.006429,0.048512,-0.067773,0.494073,0.049963,0.028293,-0.026005,-0.230233,0.898606,0.373496,-0.003836,-0.384642,0.923057,0.973127,0.211085,0.092004,-0.001678,0.0168,0.016942,0.000256,0.046458,-0.069329,0.480276,0.077964,0.021022,-0.061862,-0.51353,-0.826631,-0.230145,0.443567,-0.485331,0.753459,-0.734529,0.284839,0.615899,-0.001705,-0.008724,-0.007062,0.219289,0.153524,0.012821,-0.879176
1101,0.12418,-0.00711,0.35587,-0.559968,-0.795948,-0.230104,0.343669,-0.475886,0.809565,-0.753179,0.375239,0.540318,-0.01733,-0.016331,-0.013342,0.060154,-0.022059,0.108952,-1.911058,-0.139894,0.015043,0.302207,0.410794,-0.83493,0.366239,-0.01863,0.3938,0.918971,-0.911992,-0.383269,0.145731,-0.003309,0.03385,0.033871,0.008546,-0.066717,0.093607,0.499361,0.04987,0.028593,-0.025682,-0.234872,0.89684,0.374848,-0.001185,-0.3859,0.922539,0.972025,0.216235,0.0917,-0.008652,0.01649,0.017378,-0.006961,0.063655,-0.097353,0.484195,0.077888,0.02085,-0.062002,-0.516233,-0.825299,-0.228874,0.446982,-0.487579,0.749982,-0.730554,0.284863,0.620598,-0.001786,-0.00912,-0.007408,-0.032089,0.032708,-0.041484,-0.885707
