frame,MLTx,MLTy,MLTz,MLTR1,MLTR2,MLTR3,MLTR4,MLTR5,MLTR6,MLTR7,MLTR8,MLTR9,MLTTVx,MLTTVy,MLTTVz,MLTRVx,MLTRVy,MLTRVz,MLGA,MRTx,MRTy,MRTz,MRTR1,MRTR2,MRTR3,MRTR4,MRTR5,MRTR6,MRTR7,MRTR8,MRTR9,MRTTVx,MRTTVy,MRTTVz,MRTRVx,MRTRVy,MRTRVz,MRGA,SLTx,SLTy,SLTz,SLTR1,SLTR2,SLTR3,SLTR4,SLTR5,SLTR6,SLTR7,SLTR8,SLTR9,SLTTVx,SLTTVy,SLTTVz,SLTRVx,SLTRVy,SLTRVz,SLGA,SRTx,SRTy,SRTz,SRTR1,SRTR2,SRTR3,SRTR4,SRTR5,SRTR6,SRTR7,SRTR8,SRTR9,SRTTVx,SRTTVy,SRTTVz,SRTRVx,SRTRVy,SRTRVz,SRGA
5448,0.076463,0.06579,0.388949,0.108342,0.99245,-0.057882,-0.856676,0.122793,0.501,0.504185,-0.005927,0.863591,-0.001834,-0.005072,-0.002458,0.006114,0.021078,-0.021283,-1.901117,-0.098865,0.045892,0.44392,-0.793694,-0.322224,0.515959,0.377029,-0.926164,0.001799,0.478266,0.196378,0.855897,5.7e-05,-0.000235,-7.8e-05,0.0,0.0,0.0,-0.057785,0.030371,0.057627,0.004126,0.767715,0.287797,0.572526,-0.348105,0.937444,-0.00445,-0.537992,-0.195883,0.819874,3.7e-05,-0.000151,-5e-05,4e-06,1e-06,1e-05,-0.250286,0.076007,0.07215,-0.058398,-0.214505,-0.9755,-0.048853,0.840834,-0.20988,0.498947,-0.496976,0.065949,0.865254,-0.000964,-0.002663,-0.00129,-0.013108,0.010619,-0.01623,-1.126234
5449,0.076268,0.065222,0.389112,0.093781,0.993633,-0.062804,-0.860183,0.112675,0.497354,0.501143,0.006144,0.865358,-0.003975,-0.017604,0.005308,-0.018195,0.043203,-0.02931,-1.89773,-0.098885,0.04591,0.443906,-0.793691,-0.322209,0.515973,0.376995,-0.926178,0.001763,0.478298,0.196337,0.855889,-0.0,2e-06,1e-06,0.0,0.0,0.0,-0.056328,0.030361,0.057636,0.004119,0.767711,0.287782,0.572539,-0.348069,0.937457,-0.004484,-0.538022,-0.195841,0.819864,2e-06,-2e-06,1e-06,-2e-06,-8e-06,1.1e-05,-0.249633,0.075909,0.071864,-0.058318,-0.200169,-0.978279,-0.053861,0.845425,-0.200246,0.495134,-0.495165,0.053575,0.867145,-0.002018,-0.008884,0.002617,-0.045704,0.037004,-0.027193,-1.125907
5450,0.076165,0.064819,0.38927,0.078364,0.994407,-0.071131,-0.865097,0.103336,0.490817,0.49532,0.021836,0.868452,-0.004013,-0.017708,0.005258,0.154836,-0.074229,-0.378429,-1.821539,-0.09889,0.045931,0.443893,-0.793715,-0.322159,0.515967,0.376926,-0.926206,0.001746,0.478312,0.196285,0.855893,-8e-06,3.3e-05,1.1e-05,0.0,0.0,0.0,-0.056431,0.030358,0.057647,0.004113,0.767734,0.287731,0.572533,-0.347997,0.937484,-0.004496,-0.538035,-0.195789,0.819868,-2e-06,9e-06,4e-06,-5e-06,-1.4e-05,8e-06,-0.249306,0.075858,0.071667,-0.058241,-0.184823,-0.980772,-0.062656,0.85104,-0.191608,0.488892,-0.491498,0.037036,0.87009,-0.001961,-0.008712,0.002705,0.332663,-0.638224,-1.348409,-1.11758
5451,0.07588,0.06368,0.389727,0.057739,0.994148,-0.091546,-0.875346,0.094553,0.474132,0.479937,0.051522,0.875804,-0.007328,-0.03348,0.011467,1.452501,-1.759617,1.072859,-1.659938,-0.09889,0.045986,0.443821,-0.793777,-0.32201,0.515964,0.376685,-0.926304,0.001627,0.478398,0.196065,0.855895,1.8e-05,-7.4e-05,-2.5e-05,0.0,0.0,0.0,-0.056805,0.030358,0.057674,0.004076,0.767792,0.287581,0.572531,-0.347747,0.937577,-0.004597,-0.538114,-0.195566,0.819869,1e-05,-3.5e-05,-1.1e-05,9e-06,3e-06,-4e-06,-0.249142,0.075719,0.071109,-0.058012,-0.16407,-0.98315,-0.080596,0.861801,-0.182613,0.473234,-0.479978,0.008186,0.877241,-0.003844,-0.017234,0.0055,0.05768,0.202803,0.010806,-1.056672
5452,0.075522,0.062084,0.390116,0.045154,0.994385,-0.095941,-0.879477,0.085166,0.46823,0.47371,0.061999,0.878511,-0.010577,-0.042423,0.007055,-0.047322,0.0825,-0.06675,-1.525312,-0.098922,0.046072,0.44373,-0.793764,-0.321952,0.51602,0.3765,-0.92638,0.001389,0.478566,0.195802,0.855862,-0.001573,0.009064,-0.010341,0.03484,0.000103,0.023603,-0.056849,0.030343,0.057714,0.004035,0.767767,0.287539,0.572585,-0.347572,0.93764,-0.00481,-0.538262,-0.195322,0.81983,0.0,1e-05,3e-06,-3e-06,-1.6e-05,5e-06,-0.249306,0.075543,0.070321,-0.057814,-0.152087,-0.98451,-0.08723,0.86746,-0.175259,0.465613,-0.473689,-0.004855,0.880678,-0.006172,-0.026968,0.007685,-0.106056,0.199374,-0.271154,-1.012094
5453,0.075279,0.06121,0.390283,0.03255,0.994402,-0.100743,-0.881823,0.076066,0.465375,0.470388,0.072453,0.879496,-0.011191,-0.044089,0.0062,-0.041954,-0.002498,-0.225913,-1.406711,-0.098932,0.046128,0.443678,-0.793822,-0.32182,0.516014,0.376298,-0.926463,0.001307,0.47863,0.19563,0.855866,-0.00158,0.009096,-0.010329,0.034841,9.9e-05,0.023601,-0.056776,0.030338,0.057742,0.004009,0.767821,0.287405,0.57258,-0.347362,0.937717,-0.004878,-0.538321,-0.195148,0.819833,-4e-06,2.7e-05,1.1e-05,-5e-06,-1e-06,5e-06,-0.249143,0.075421,0.069881,-0.057731,-0.139758,-0.985881,-0.092227,0.870623,-0.166716,0.462839,-0.47168,-0.01561,0.881631,-0.00547,-0.02169,0.003286,0.009525,-0.21592,-0.491484,-0.986294
5454,0.074668,0.059401,0.390696,-0.005091,0.99264,-0.121184,-0.892269,0.050252,0.448668,0.451457,0.109178,0.885604,-0.012513,-0.054306,0.015108,0.062245,0.077765,-0.134508,-1.117912,-0.09895,0.046275,0.443537,-0.793908,-0.321575,0.516035,0.375856,-0.926642,0.001016,0.478836,0.195179,0.855853,-1.8e-05,7.5e-05,2.5e-05,0.0,0.0,0.0,-0.057223,0.030329,0.057815,0.003938,0.767897,0.287158,0.572602,-0.346897,0.937888,-0.005135,-0.538512,-0.194691,0.819817,-6e-06,3.6e-05,1.2e-05,-0.0,7e-06,2e-06,-0.249143,0.075113,0.068973,-0.057532,-0.101727,-0.988387,-0.112877,0.8838,-0.141878,0.445833,-0.456671,-0.054408,0.887969,-0.01202,-0.025873,0.008397,0.216232,-0.152592,-0.412281,-0.893708
5455,0.073909,0.057416,0.391149,-0.027972,0.989049,-0.145068,-0.901502,0.037787,0.431088,0.431879,0.141608,0.89076,-0.014476,-0.059532,0.012414,0.326204,-0.407888,0.074331,-1.012619,-0.098986,0.046518,0.443297,-0.79409,-0.3211,0.51605,0.375052,-0.926968,0.000564,0.479164,0.19441,0.855844,-0.001614,0.009234,-0.010276,0.034848,7.2e-05,0.023592,-0.058025,0.03031,0.057941,0.003815,0.76807,0.28666,0.572619,-0.346029,0.938207,-0.00554,-0.538824,-0.193888,0.819801,-0.000798,0.004596,-0.005143,0.034838,6.7e-05,0.023607,-0.249142,0.074737,0.067988,-0.057302,-0.079004,-0.987532,-0.136151,0.894109,-0.130591,0.428384,-0.440823,-0.08789,0.89328,-0.006552,-0.024556,0.00175,1.315769,-1.852381,0.935004,-0.860071
5456,0.073292,0.055127,0.391499,-0.057057,0.98621,-0.155499,-0.908301,0.013423,0.418069,0.414457,0.163867,0.89521,-0.013924,-0.051247,0.002287,0.137844,0.272541,-0.313297,-1.011569,-0.09904,0.046822,0.442998,-0.794323,-0.320493,0.516069,0.374037,-0.927379,5e-06,0.479573,0.193449,0.855833,-0.001639,0.009335,-0.010236,0.034853,4.9e-05,0.023584,-0.058423,0.030284,0.058089,0.003669,0.768276,0.286063,0.572642,-0.344994,0.938585,-0.006013,-0.539193,-0.192938,0.819783,-0.000816,0.004667,-0.005118,0.034855,3.4e-05,0.023579,-0.249469,0.074426,0.066836,-0.057125,-0.049319,-0.987781,-0.147835,0.903325,-0.107262,0.415327,-0.42611,-0.11306,0.897578,-0.007729,-0.031072,0.005499,0.275547,0.19724,-0.614448,-0.921794
5457,0.072906,0.053908,0.391787,-0.076175,0.983154,-0.16629,-0.91539,-0.002788,0.402524,0.395369,0.18166,0.900395,-0.027029,-0.065893,0.023604,0.696574,0.020661,-1.535748,-1.046021,-0.099067,0.046973,0.442838,-0.794321,-0.320372,0.516148,0.373689,-0.927519,-0.000401,0.479849,0.192977,0.855786,-0.001589,0.009129,-0.010301,0.034856,3.7e-05,0.02358,-0.0584,0.03027,0.058165,0.003589,0.768265,0.285941,0.572718,-0.344618,0.93872,-0.006393,-0.53945,-0.192457,0.819727,-0.000783,0.004534,-0.005161,0.034843,3e-05,0.023591,-0.249306,0.074235,0.066225,-0.056993,-0.030292,-0.986701,-0.159697,0.911439,-0.092854,0.40082,-0.410318,-0.133412,0.90213,-0.012839,-0.027509,0.00744,1.076112,-2.071863,-5.089465,-0.958535
5458,0.071986,0.0517,0.392701,-0.121512,0.974302,-0.189777,-0.928514,-0.04394,0.368651,0.350984,0.219794,0.910235,-0.024148,-0.057784,0.027812,0.634596,-0.103606,0.193889,-1.148258,-0.099131,0.047322,0.442344,-0.794393,-0.319891,0.516335,0.372559,-0.927972,-0.001505,0.48061,0.191585,0.855671,-0.002385,0.014976,-0.021673,0.068861,0.009578,0.019967,-0.058024,0.030238,0.058341,0.003348,0.768314,0.285456,0.572894,-0.343418,0.939153,-0.007391,-0.540145,-0.191063,0.819595,-0.000537,0.00353,-0.005489,0.034865,9e-06,0.023587,-0.249143,0.073771,0.06511,-0.056541,0.016427,-0.983217,-0.181696,0.929316,-0.052035,0.365599,-0.368918,-0.174858,0.912865,-0.011931,-0.02851,0.01411,1.768442,-1.375214,0.850668,-1.038384
5459,0.071206,0.049464,0.393935,-0.138072,0.971924,-0.190646,-0.932063,-0.062357,0.356851,0.335111,0.225756,0.914747,-0.012342,-0.066913,0.037258,-0.150949,0.338412,-0.463941,-1.155167,-0.09921,0.047853,0.441482,-0.794455,-0.319173,0.516683,0.370722,-0.928702,-0.003446,0.481928,0.189223,0.855455,-0.003218,0.020976,-0.032961,0.103751,0.009478,0.043497,-0.058776,0.030198,0.058606,0.002922,0.768325,0.284749,0.573231,-0.341466,0.939848,-0.009184,-0.541366,-0.188683,0.819341,-0.000849,0.006114,-0.011278,0.069747,-0.000103,0.047124,-0.248979,0.073378,0.063999,-0.055926,0.03182,-0.982627,-0.182841,0.935161,-0.0353,0.352456,-0.352788,-0.182201,0.917792,-0.011046,-0.025981,0.01548,-0.16989,0.209981,-0.278968,-1.060101
5460,0.070917,0.048152,0.394736,-0.140478,0.971381,-0.19165,-0.933292,-0.065249,0.353102,0.330661,0.22726,0.915993,-0.011316,-0.064189,0.038769,0.31907,-0.361743,0.086649,-1.16535,-0.099264,0.048178,0.440912,-0.794473,-0.318736,0.516925,0.36955,-0.929164,-0.004732,0.4828,0.187684,0.855303,-0.002831,0.019373,-0.033468,0.097577,0.076302,-0.143718,-0.059696,0.030169,0.058776,0.002624,0.76832,0.284277,0.573472,-0.340133,0.940319,-0.010429,-0.542211,-0.187044,0.819158,-0.001358,0.009512,-0.016789,0.097598,0.076282,-0.143676,-0.249306,0.073234,0.063341,-0.055526,0.03463,-0.982476,-0.183136,0.936392,-0.032139,0.34948,-0.349241,-0.18359,0.91887,-0.01215,-0.035698,0.024874,1.260182,-1.787756,0.817843,-1.062551
5461,0.070335,0.04561,0.396574,-0.138558,0.969516,-0.202202,-0.938514,-0.063299,0.339348,0.316372,0.235583,0.918933,-0.02151,-0.063895,0.053964,-0.036214,0.192717,-0.034259,-1.181491,-0.099387,0.048905,0.4395,-0.792849,-0.322008,0.51739,0.371844,-0.928228,-0.007666,0.483707,0.186729,0.854999,-0.003616,0.025158,-0.044764,0.138722,0.009047,0.066903,-0.061037,0.030114,0.059126,0.001948,0.766757,0.287668,0.573873,-0.342419,0.939451,-0.013414,-0.542985,-0.186219,0.818834,-0.000896,0.007619,-0.017393,0.103402,0.00933,0.043916,-0.249633,0.072945,0.062065,-0.054616,0.032945,-0.980369,-0.194397,0.941516,-0.03482,0.335162,-0.335351,-0.19407,0.921886,-0.010824,-0.032066,0.026931,0.053733,0.177008,-0.156956,-1.0779
5462,0.06983,0.043371,0.398537,-0.140033,0.967096,-0.212514,-0.944127,-0.065691,0.322926,0.298509,0.244658,0.92253,-0.006683,-0.051917,0.045637,0.308841,-0.394956,0.091481,-1.178216,-0.099533,0.049609,0.437963,-0.791245,-0.325138,0.517888,0.373871,-0.927382,-0.010792,0.484768,0.185507,0.854664,-0.003007,0.022627,-0.045533,0.138796,0.008751,0.066789,-0.064347,0.030036,0.059482,0.001166,0.765211,0.29083,0.574343,-0.344223,0.938738,-0.016732,-0.544024,-0.184898,0.818443,-0.000567,0.006273,-0.017818,0.102879,0.018999,0.016636,-0.252245,0.072688,0.060944,-0.053629,0.034368,-0.978413,-0.203779,0.947205,-0.033149,0.318907,-0.318778,-0.203981,0.925619,-0.003931,-0.030886,0.027499,1.20969,-1.875698,0.821971,-1.080676
5463,0.06975,0.041197,0.400435,-0.138792,0.969038,-0.204322,-0.944174,-0.06718,0.322483,0.298939,0.236468,0.924525,0.005521,-0.054035,0.044428,-0.081157,0.160198,-0.011109,-1.131876,-0.099751,0.050334,0.43623,-0.789488,-0.328331,0.518554,0.375725,-0.926583,-0.014426,0.486198,0.183871,0.854205,-0.002164,0.019124,-0.046639,0.137895,0.018465,0.039664,-0.065258,0.029926,0.059848,0.000301,0.763519,0.294056,0.57495,-0.345852,0.938064,-0.020486,-0.545365,-0.183206,0.817931,-0.006501,0.00853,-0.023506,0.135529,0.033745,0.011067,-0.254531,0.072646,0.059864,-0.052676,0.03309,-0.979993,-0.196258,0.947443,-0.031763,0.318344,-0.318209,-0.196478,0.927436,-0.003079,-0.025243,0.023296,-0.09195,0.173459,-0.034795,-1.077737
5464,0.069741,0.040104,0.401428,-0.14085,0.968167,-0.207028,-0.945928,-0.069832,0.316726,0.292355,0.23924,0.925915,-0.005462,-0.048862,0.04755,0.408202,-0.408552,0.295505,-1.076912,-0.099891,0.050665,0.43527,-0.789331,-0.327906,0.519062,0.37411,-0.9272,-0.016612,0.487698,0.1815,0.853857,-0.001552,0.016577,-0.047473,0.137929,0.018334,0.039607,-0.065698,0.02986,0.060011,-0.000161,0.763406,0.293513,0.575378,-0.344029,0.938691,-0.022392,-0.546675,-0.180852,0.81758,-0.00614,0.007029,-0.024001,0.135958,0.033563,0.010675,-0.255184,0.072643,0.059338,-0.052203,0.035794,-0.979778,-0.196859,0.948892,-0.028487,0.314311,-0.313562,-0.198049,0.928684,-0.002921,-0.024859,0.023546,0.056352,0.209319,0.181814,-1.069409
5465,0.069593,0.038289,0.403189,-0.172684,0.96065,-0.217664,-0.948176,-0.102231,0.300805,0.266926,0.257133,0.928795,-0.005102,-0.047989,0.048183,1.369483,-1.281217,-5.080167,-0.981027,-0.100216,0.05101,0.433465,-0.786765,-0.332276,0.520177,0.377136,-0.925888,-0.020796,0.48951,0.180247,0.853085,-0.011092,0.008783,-0.049801,0.135958,0.033259,0.010235,-0.067049,0.029696,0.060192,-0.00108,0.760831,0.298036,0.576463,-0.34685,0.937533,-0.02693,-0.54848,-0.179457,0.816678,-0.00453,-0.000962,-0.020099,0.099977,0.044158,-0.039638,-0.255837,0.072572,0.058408,-0.051301,0.062658,-0.975522,-0.210781,0.954712,-0.002964,0.297516,-0.290858,-0.219877,0.931157,-0.00188,-0.0187,0.019536,0.399258,0.506363,0.119929,-1.028586
5466,0.069511,0.03677,0.40467,-0.190509,0.95272,-0.236805,-0.951402,-0.119675,0.283698,0.242176,0.278159,0.929519,-0.004583,-0.0398,0.03792,1.68692,-1.968833,-5.040276,-0.832758,-0.100617,0.050945,0.431721,-0.785569,-0.332938,0.52156,0.375804,-0.926324,-0.025065,0.492451,0.176747,0.852124,-0.018962,-0.00878,-0.042333,0.097856,0.059302,-0.069277,-0.073508,0.029492,0.060163,-0.00197,0.759559,0.298693,0.577799,-0.34516,0.938025,-0.031174,-0.551302,-0.175755,0.815582,-0.009382,-0.004685,-0.02126,0.097947,0.059281,-0.069048,-0.260736,0.072532,0.057651,-0.050554,0.080521,-0.970185,-0.228598,0.960006,0.013787,0.279637,-0.268147,-0.241972,0.932494,0.004157,-0.016586,0.013176,1.427978,-1.98736,1.033771,-0.92653
5467,0.069497,0.036135,0.405228,-0.189922,0.950905,-0.244449,-0.952856,-0.118458,0.279293,0.236855,0.284785,0.928883,-0.003983,-0.031333,0.027694,0.0294,-0.131795,0.046476,-0.796154,-0.100815,0.050781,0.430882,-0.786121,-0.3325,0.521008,0.37544,-0.926485,-0.024568,0.491848,0.176726,0.852477,-0.018523,-0.010829,-0.043112,0.097865,0.059261,-0.069303,-0.07536,0.0294,0.060084,-0.002374,0.760185,0.298196,0.577232,-0.344822,0.938171,-0.030544,-0.550651,-0.175823,0.816008,-0.003684,-0.00469,-0.02147,0.101589,0.045201,-0.040974,-0.263186,0.072526,0.057333,-0.050269,0.085748,-0.967782,-0.236735,0.961295,0.017919,0.274936,-0.261836,-0.251148,0.931861,-0.002076,-0.015841,0.013756,0.347429,-0.545867,0.079138,-0.884727
5468,0.069479,0.034999,0.40623,-0.220759,0.940455,-0.258564,-0.951764,-0.149742,0.267757,0.213364,0.304031,0.928476,0.008338,-0.033318,0.026409,0.070374,-0.186119,-0.062355,-0.712228,-0.101111,0.050316,0.42927,-0.782871,-0.33808,0.522308,0.380152,-0.924453,-0.028362,0.493407,0.176792,0.851562,-0.005589,-0.019862,-0.03352,0.064811,0.044942,-0.063277,-0.083772,0.029248,0.059851,-0.003185,0.75701,0.303866,0.578446,-0.349332,0.936355,-0.034712,-0.552179,-0.175792,0.814981,-0.003481,-0.005697,-0.021905,0.098897,0.054549,-0.066666,-0.269227,0.07251,0.056761,-0.04977,0.11744,-0.960837,-0.250995,0.963511,0.049029,0.263137,-0.240526,-0.27274,0.931535,-0.001171,-0.009998,0.009485,0.519501,-0.800749,-0.166151,-0.818105
5469,0.069354,0.034001,0.407244,-0.269959,0.921085,-0.280661,-0.946988,-0.201189,0.250419,0.174521,0.332239,0.926924,-0.003201,-0.029304,0.028876,0.416844,-0.403562,-1.551285,-0.617575,-0.10129,0.049722,0.427742,-0.781498,-0.339278,0.523587,0.379774,-0.92449,-0.031993,0.495872,0.174283,0.850646,-0.00579,-0.019292,-0.033503,0.064792,0.045,-0.063262,-0.088602,0.029158,0.059552,-0.003934,0.755609,0.305077,0.57964,-0.348748,0.936435,-0.038243,-0.554462,-0.173252,0.813974,-0.002699,-0.010375,-0.017012,0.06371,0.055613,-0.089856,-0.275759,0.072453,0.056272,-0.049275,0.162972,-0.94798,-0.273445,0.964795,0.095137,0.24519,-0.20642,-0.303778,0.930112,-0.000992,-0.009547,0.009753,0.396486,-0.659793,0.291206,-0.743481
5470,0.069257,0.033558,0.407688,-0.287156,0.911571,-0.294322,-0.945799,-0.2211,0.237803,0.152051,0.345521,0.926025,-0.01409,-0.016555,0.021136,0.527905,-0.697863,-0.212447,-0.596401,-0.10134,0.049426,0.427044,-0.780849,-0.339871,0.52417,0.379653,-0.924481,-0.033649,0.496987,0.17317,0.850223,-0.007502,-0.009706,-0.043471,0.099937,0.043927,-0.040145,-0.088355,0.029135,0.059397,-0.004296,0.754921,0.305699,0.580208,-0.34851,0.936453,-0.039943,-0.555548,-0.172055,0.813487,-0.002803,-0.009997,-0.016921,0.064825,0.045018,-0.063106,-0.277719,0.072408,0.056035,-0.049039,0.186316,-0.939734,-0.286679,0.965048,0.120308,0.232824,-0.184303,-0.320038,0.929304,-0.001708,-0.014908,0.014268,1.815152,-2.475209,-0.591799,-0.717028
5471,0.068986,0.032811,0.408475,-0.313741,0.895026,-0.317081,-0.942483,-0.252919,0.218471,0.115726,0.366273,0.923298,-0.002248,-0.019845,0.019133,0.11327,-0.183327,-0.076922,-0.576859,-0.101374,0.048763,0.425625,-0.77671,-0.344207,0.527479,0.384574,-0.922379,-0.0354,0.499682,0.175806,0.8481,-0.00536,-0.021474,-0.034614,0.053336,0.078867,-0.080214,-0.088145,0.029115,0.059065,-0.00502,0.750552,0.309981,0.583594,-0.35335,0.934549,-0.041956,-0.558403,-0.174723,0.81096,-0.002649,-0.010779,-0.01732,0.066712,0.049181,-0.091054,-0.277882,0.072267,0.055654,-0.048638,0.214802,-0.926033,-0.310356,0.965089,0.152491,0.212953,-0.149875,-0.345264,0.92646,-0.001133,-0.009927,0.009578,0.091861,-0.195144,-0.080191,-0.687309
5472,0.068577,0.032094,0.409215,-0.351502,0.868833,-0.348742,-0.934109,-0.300563,0.192547,0.062903,0.392362,0.917672,-0.015225,-0.019493,0.019645,1.584994,-2.448113,1.225277,-0.475812,-0.101308,0.048007,0.424139,-0.77298,-0.347873,0.530544,0.388848,-0.920529,-0.036831,0.50215,0.178283,0.846123,-0.0064,-0.014828,-0.045817,0.095461,0.062126,-0.06369,-0.088181,0.02915,0.058694,-0.005746,0.746807,0.31369,0.586409,-0.357582,0.932861,-0.043629,-0.560725,-0.177107,0.808838,0.003201,-0.01105,-0.017764,0.083063,-0.061491,0.144194,-0.278535,0.072069,0.055308,-0.048273,0.256067,-0.90492,-0.339924,0.961223,0.201125,0.188675,-0.102368,-0.375057,0.921331,-0.007426,-0.009233,0.010108,0.582855,-0.903514,0.1597,-0.63375
5473,0.068041,0.031345,0.410021,-0.376399,0.835593,-0.400192,-0.92642,-0.34378,0.153404,-0.008933,0.427446,0.904012,-0.01329,-0.007356,0.011244,3.717358,-3.257534,-3.306905,-0.42549,-0.101074,0.047208,0.4226,-0.769852,-0.350646,0.53326,0.392263,-0.91904,-0.037803,0.504295,0.18053,0.844369,0.006693,-0.023475,-0.036352,0.057515,0.057643,-0.05442,-0.089072,0.029262,0.058296,-0.00652,0.743562,0.316496,0.589019,-0.360963,0.9315,-0.044851,-0.562867,-0.179265,0.806872,0.003387,-0.011819,-0.018205,0.067733,0.030912,-0.066368,-0.279351,0.071798,0.054923,-0.047871,0.279592,-0.876494,-0.391898,0.959399,0.239256,0.14936,-0.037149,-0.417747,0.907803,-0.007783,-0.013606,0.015241,-0.02314,-0.379136,0.808569,-0.583456
5474,0.067874,0.031035,0.410417,-0.379255,0.825119,-0.418796,-0.924669,-0.354651,0.138499,-0.033784,0.438747,0.897991,-0.013279,-0.014234,0.022453,0.044924,-0.460801,0.891744,-0.380233,-0.100926,0.046761,0.421862,-0.769673,-0.350604,0.533545,0.391569,-0.919286,-0.039005,0.505107,0.179353,0.844134,0.007065,-0.025017,-0.037114,0.072667,-0.023322,0.096715,-0.088912,0.029336,0.058075,-0.006887,0.743396,0.316674,0.589134,-0.360278,0.931699,-0.046197,-0.563525,-0.17791,0.806713,0.003375,-0.011751,-0.018253,0.068266,0.035153,-0.062557,-0.279351,0.071713,0.054766,-0.047679,0.287891,-0.864231,-0.412578,0.957619,0.255662,0.132675,-0.009181,-0.433289,0.901207,-0.000603,-0.008503,0.01037,0.182502,-0.521986,0.624511,-0.560922
5475,0.067724,0.030414,0.411361,-0.398749,0.804942,-0.439446,-0.914298,-0.38612,0.12224,-0.070793,0.449525,0.890473,-0.001068,-0.023618,0.032076,1.92677,-0.596591,-4.056468,-0.245974,-0.100622,0.045693,0.420462,-0.766726,-0.355841,0.534321,0.39652,-0.91705,-0.041524,0.505723,0.180493,0.843522,0.009295,-0.036858,-0.028563,0.028812,0.053712,-0.110316,-0.087674,0.029487,0.057546,-0.00759,0.740674,0.321894,0.589733,-0.364997,0.929715,-0.04905,-0.564073,-0.17892,0.806107,0.003712,-0.013149,-0.01898,0.072757,-0.034795,0.122958,-0.279025,0.071634,0.054459,-0.04721,0.304414,-0.848036,-0.43378,0.952229,0.28254,0.115884,0.024286,-0.448335,0.893534,-0.000265,-0.011063,0.016429,-1.561716,1.362078,0.243037,-0.479114
5476,0.067501,0.029637,0.412706,-0.404337,0.789775,-0.461315,-0.909026,-0.402657,0.107283,-0.100526,0.461742,0.881315,0.00037,-0.019821,0.034112,0.011329,-0.464874,0.934044,-0.124802,-0.100266,0.044496,0.419139,-0.76123,-0.359537,0.539678,0.395091,-0.917049,-0.053444,0.515067,0.173005,0.839427,0.007471,-0.026588,-0.038446,0.080627,0.064071,-0.096793,-0.086412,0.029666,0.05694,-0.008249,0.734896,0.325716,0.594841,-0.362811,0.929868,-0.06093,-0.572969,-0.171038,0.80153,0.010068,-0.016258,-0.013835,0.091287,-0.013478,0.099819,-0.278045,0.071521,0.054061,-0.046526,0.316022,-0.832047,-0.45588,0.947183,0.304309,0.10119,0.054534,-0.46378,0.884269,0.000242,-0.00972,0.017166,0.030466,-0.443183,0.945987,-0.373628
5477,0.067466,0.029273,0.41344,-0.405958,0.78287,-0.471549,-0.90687,-0.408909,0.101742,-0.112672,0.467961,0.876553,0.001419,-0.017051,0.035577,-0.076734,-0.318408,0.652707,-0.08027,-0.10007,0.043884,0.418533,-0.757974,-0.36123,0.543119,0.393243,-0.917364,-0.061123,0.521254,0.167717,0.836677,0.008678,-0.034112,-0.027986,0.055333,-0.022054,0.090194,-0.086086,0.029765,0.056633,-0.008558,0.731372,0.327582,0.59815,-0.360546,0.930215,-0.068593,-0.578879,-0.165494,0.798442,0.00438,-0.017141,-0.014027,0.086815,-3.7e-05,0.072187,-0.277392,0.071502,0.053889,-0.046187,0.319411,-0.825296,-0.465683,0.945329,0.311626,0.096126,0.065787,-0.470928,0.879714,0.000619,-0.008717,0.017698,0.154241,-0.436052,0.439963,-0.341296
5478,0.067549,0.028733,0.414848,-0.422789,0.764364,-0.486871,-0.895521,-0.434715,0.095063,-0.138468,0.475242,0.868906,0.001802,-0.022987,0.04733,-0.113195,-0.27226,0.685615,0.055344,-0.099724,0.042515,0.417491,-0.754302,-0.36252,0.547356,0.389787,-0.918149,-0.070732,0.529127,0.160469,0.833149,-0.002874,-0.035523,-0.028379,0.028124,0.058234,-0.112506,-0.083796,0.029942,0.055949,-0.009079,0.727607,0.328745,0.60209,-0.356328,0.931117,-0.077785,-0.586188,-0.157945,0.794629,0.005084,-0.021341,-0.009065,-0.001264,-0.036061,0.080541,-0.276086,0.071545,0.053617,-0.045473,0.337534,-0.808776,-0.481613,0.936926,0.337996,0.089037,0.090772,-0.481289,0.871849,0.001704,-0.005843,0.019194,-0.062465,-0.19036,0.560994,-0.238913
5479,0.067885,0.027908,0.416525,-0.406988,0.761168,-0.505005,-0.900887,-0.425781,0.084171,-0.150454,0.48826,0.859647,0.013422,-0.027035,0.044947,-0.235496,-0.357395,0.474735,0.172866,-0.099411,0.040967,0.416663,-0.749731,-0.368409,0.549699,0.394261,-0.915827,-0.075849,0.532298,0.160337,0.831152,0.009811,-0.041287,-0.017866,-0.005094,0.04457,-0.106181,-0.068417,0.030094,0.055177,-0.009497,0.723083,0.334729,0.60424,-0.36053,0.929028,-0.083211,-0.589209,-0.157679,0.792445,0.004873,-0.020458,-0.008852,-0.006898,0.043331,-0.104723,-0.268411,0.071716,0.053203,-0.044613,0.321295,-0.804517,-0.49952,0.941528,0.327899,0.077489,0.101451,-0.495209,0.862829,0.006708,-0.013465,0.022498,-0.26916,-0.388011,0.462077,-0.07301
5480,0.068562,0.026813,0.418274,-0.404856,0.750765,-0.522005,-0.896461,-0.438335,0.064746,-0.179707,0.493235,0.851148,0.025465,-0.029958,0.043156,-0.079888,-0.214074,0.560116,0.277774,-0.099077,0.039375,0.41597,-0.743762,-0.373899,0.554084,0.396111,-0.914223,-0.085004,0.539257,0.156741,0.827344,0.00944,-0.039695,-0.017482,-0.004962,0.044664,-0.10626,-0.045825,0.030262,0.05438,-0.009844,0.716984,0.340344,0.608358,-0.361819,0.927643,-0.092543,-0.595836,-0.153764,0.788248,0.004645,-0.019495,-0.008588,-0.010747,0.040408,-0.102167,-0.251102,0.072045,0.052666,-0.043754,0.320672,-0.79388,-0.516645,0.938238,0.341041,0.0583,0.129915,-0.503432,0.854211,0.012559,-0.015378,0.021364,-0.033204,-0.20033,0.442519,0.086852
5481,0.068977,0.026254,0.419064,-0.412998,0.74109,-0.5294,-0.888581,-0.455287,0.055762,-0.199197,0.492521,0.847214,0.025486,-0.022946,0.031966,2.857953,-0.525546,-4.097841,0.311204,-0.098918,0.038632,0.415642,-0.739702,-0.377648,0.556969,0.397367,-0.913084,-0.091165,0.5439,0.154375,0.824745,0.008883,-0.037341,-0.016581,-0.002342,0.034472,-0.08052,-0.033134,0.030342,0.054005,-0.010009,0.712833,0.344195,0.611063,-0.362715,0.926644,-0.09883,-0.600255,-0.151192,0.785388,0.004541,-0.019053,-0.008462,-0.008191,0.042187,-0.103584,-0.239345,0.072254,0.052389,-0.043353,0.325189,-0.787135,-0.524089,0.934258,0.353177,0.049251,0.146329,-0.505652,0.850237,0.006349,-0.014448,0.022029,-0.106564,-0.178216,0.529814,0.151351
5482,0.069932,0.025102,0.420401,-0.431053,0.719712,-0.544292,-0.869149,-0.493204,0.036069,-0.241958,0.487721,0.838815,0.023573,-0.02818,0.029341,0.836574,-0.276219,-0.804664,0.356543,-0.098649,0.037198,0.415025,-0.732398,-0.384868,0.561659,0.400622,-0.910584,-0.101352,0.551347,0.151282,0.820361,-0.00334,-0.036835,-0.015979,-0.014525,0.125609,-0.292164,-0.012766,0.030478,0.053301,-0.010312,0.705623,0.351342,0.615348,-0.365197,0.924515,-0.109093,-0.607228,-0.147745,0.780669,0.003967,-0.016627,-0.007498,-0.008813,0.029818,-0.076114,-0.216484,0.072726,0.05183,-0.042692,0.346087,-0.767891,-0.539042,0.918895,0.393392,0.029563,0.189354,-0.505555,0.841759,0.011801,-0.013991,0.014706,-0.040036,-0.22398,0.559274,0.2441
5483,0.070959,0.023967,0.421367,-0.442818,0.697409,-0.56354,-0.850176,-0.526205,0.016753,-0.28431,0.485657,0.826639,0.034239,-0.034998,0.025559,0.781011,-0.557331,-0.851256,0.379836,-0.098379,0.035896,0.41453,-0.727123,-0.390227,0.564807,0.403311,-0.908591,-0.10833,0.556348,0.149529,0.817301,0.007454,-0.031305,-0.014307,-0.003806,0.033413,-0.079653,0.005274,0.030612,0.052635,-0.010566,0.70018,0.357006,0.618298,-0.367663,0.922647,-0.116385,-0.612021,-0.145835,0.777278,0.003698,-0.015506,-0.007089,-0.008578,0.03006,-0.076439,-0.19493,0.073243,0.051252,-0.042198,0.362725,-0.746244,-0.558166,0.902066,0.431496,0.009317,0.233894,-0.506882,0.829676,0.011284,-0.011898,0.00836,3.084829,-0.867926,-4.144537,0.289985
5484,0.071502,0.023399,0.421704,-0.46528,0.67124,-0.577058,-0.823674,-0.567022,0.004468,-0.323634,0.476549,0.817428,0.033759,-0.029408,0.013602,0.869096,-0.501575,-0.833272,0.394403,-0.098262,0.035283,0.414293,-0.724738,-0.392552,0.566259,0.404312,-0.907748,-0.111616,0.558728,0.148562,0.815852,0.007087,-0.029758,-0.013686,-0.003777,0.033424,-0.079673,0.012297,0.030671,0.052329,-0.010684,0.697775,0.359383,0.61964,-0.368474,0.921893,-0.119747,-0.614277,-0.144765,0.775697,0.003473,-0.014566,-0.006702,-0.008796,0.02988,-0.076282,-0.185623,0.073528,0.050958,-0.042018,0.388428,-0.721724,-0.57292,0.879608,0.475688,-0.002881,0.274611,-0.502826,0.819605,0.016753,-0.015018,0.006622,0.869098,-0.487338,-0.848162,0.310396
5485,0.07245,0.022288,0.422274,-0.489424,0.606323,-0.626803,-0.762607,-0.646161,-0.02967,-0.422403,0.462725,0.779416,0.021246,-0.027953,0.014728,1.211229,-1.507425,-0.217221,0.425318,-0.098052,0.03424,0.413866,-0.721898,-0.395474,0.567851,0.405844,-0.906609,-0.115255,0.561288,0.147768,0.814238,0.005569,-0.023374,-0.010866,-0.002543,0.022257,-0.053102,0.019717,0.030777,0.0518,-0.010901,0.694941,0.362362,0.621087,-0.369821,0.920863,-0.123464,-0.616675,-0.143891,0.773955,0.002763,-0.011574,-0.005384,-0.004694,0.032812,-0.079116,-0.170763,0.073993,0.050409,-0.041741,0.41969,-0.660661,-0.622403,0.827482,0.560287,-0.036751,0.373005,-0.499603,0.781832,0.010488,-0.014281,0.007172,4.839212,-2.628128,-2.625926,0.353179
5486,0.073519,0.021268,0.422631,-0.476269,0.556525,-0.680803,-0.725686,-0.685949,-0.053142,-0.495986,0.468044,0.731409,0.033879,-0.022446,0.002335,-0.523593,-1.696179,0.919954,0.44369,-0.097893,0.033536,0.413538,-0.719532,-0.397742,0.569269,0.406712,-0.905789,-0.118597,0.563694,0.146709,0.812766,0.003589,-0.015056,-0.007053,-0.001272,0.011129,-0.026551,0.022182,0.030858,0.051441,-0.011068,0.692548,0.364693,0.622395,-0.370511,0.920121,-0.126874,-0.618949,-0.142738,0.772351,0.001801,-0.007534,-0.003532,-0.002833,0.022085,-0.052972,-0.165211,0.074521,0.049894,-0.041559,0.412979,-0.609913,-0.676353,0.793642,0.605294,-0.061238,0.446742,-0.511492,0.734027,0.016377,-0.016329,0.005964,-0.641865,-1.821818,0.795396,0.394165
5487,0.074863,0.020548,0.422722,-0.482039,0.497701,-0.721094,-0.669327,-0.740226,-0.063546,-0.564808,0.451393,0.690843,0.036293,-0.00862,-0.005479,3.943943,-0.893559,-3.285388,0.464508,-0.097804,0.033048,0.413299,-0.71601,-0.400667,0.571653,0.406978,-0.904906,-0.124289,0.567971,0.144177,0.810237,0.003013,-0.012641,-0.005953,0.002421,0.025659,-0.056086,0.029937,0.030902,0.051204,-0.011185,0.688939,0.367701,0.624626,-0.370411,0.919347,-0.132646,-0.623022,-0.139983,0.769575,0.00128,-0.00535,-0.002521,0.009997,0.018747,-0.032921,-0.158843,0.07519,0.049522,-0.041514,0.421048,-0.55404,-0.718162,0.747705,0.660226,-0.070976,0.513473,-0.507089,0.692246,0.011823,-0.007208,0.003371,0.339269,-0.931689,-1.068378,0.418168
5488,0.075415,0.020489,0.42263,-0.504536,0.457261,-0.732394,-0.633981,-0.772001,-0.04532,-0.585511,0.440886,0.680311,0.024992,-0.003441,-0.002481,0.337682,-1.045401,-0.987798,0.472892,-0.097789,0.032789,0.413191,-0.714052,-0.402385,0.572894,0.407345,-0.904328,-0.127263,0.570171,0.143014,0.808897,-0.006915,-0.025007,0.003191,-0.039847,0.038991,-0.105271,0.03363,0.030911,0.051087,-0.011239,0.687004,0.369398,0.625755,-0.370544,0.918861,-0.135614,-0.625078,-0.138703,0.768139,0.00135,-0.005655,-0.002671,-0.014804,0.084576,-0.20659,-0.153781,0.075479,0.049488,-0.041562,0.450339,-0.514525,-0.729696,0.712424,0.699691,-0.053688,0.538187,-0.495676,0.681659,0.012581,-0.00151,-0.001154,0.267756,-1.132802,-1.079761,0.434987
5489,0.076396,0.020511,0.422322,-0.51668,0.395704,-0.759281,-0.581606,-0.812972,-0.02798,-0.627709,0.426648,0.651137,0.024497,-0.004812,-0.00318,-0.39006,-1.121164,-0.126731,0.486525,-0.097783,0.032295,0.413006,-0.708835,-0.406674,0.576332,0.407637,-0.902981,-0.135611,0.576439,0.139335,0.805088,-0.008855,-0.014416,-0.006138,-0.003317,0.026331,-0.055798,0.045856,0.030915,0.050833,-0.011329,0.681683,0.373833,0.628932,-0.370393,0.917647,-0.143985,-0.630965,-0.1348,0.76401,0.001421,-0.005963,-0.002829,-0.005772,0.02,-0.050983,-0.140718,0.075962,0.049506,-0.041713,0.469255,-0.454967,-0.756837,0.664377,0.746489,-0.036818,0.581722,-0.485549,0.652564,0.012753,0.002527,-0.006528,-0.621184,-0.229391,-2.394681,0.456378
5490,0.077654,0.020517,0.422054,-0.525817,0.331133,-0.783526,-0.535927,-0.844243,0.002794,-0.659914,0.420965,0.622358,0.038202,-0.002836,-0.002548,-0.548348,-0.831806,-0.158524,0.477416,-0.097849,0.031912,0.412834,-0.706592,-0.408723,0.577637,0.408242,-0.902221,-0.138812,0.578761,0.138262,0.803606,-0.009832,-0.010382,-0.004237,-0.003318,0.026331,-0.055798,0.048936,0.030884,0.050636,-0.011418,0.67944,0.375916,0.630117,-0.370818,0.916965,-0.147201,-0.633131,-0.133645,0.762419,0.000858,-0.0036,-0.001712,-0.000349,-0.000207,0.000148,-0.130104,0.076583,0.049502,-0.04185,0.484713,-0.390883,-0.782471,0.62228,0.782774,-0.005555,0.61467,-0.484224,0.62266,0.019103,-0.001489,-0.001345,-1.398419,-0.159344,-1.821024,0.46193
5491,0.078322,0.020546,0.422004,-0.525928,0.302919,-0.794787,-0.520976,-0.853333,0.019442,-0.671681,0.423909,0.607597,0.027199,0.003293,0.000925,-0.347862,-1.513772,-0.089959,0.476072,-0.097897,0.031717,0.4128,-0.706343,-0.409053,0.577708,0.408605,-0.902041,-0.138915,0.578808,0.138462,0.803537,0.003203,-0.01602,0.006712,-0.026481,-0.075204,0.160348,0.049092,0.030859,0.050544,-0.011438,0.679118,0.376355,0.630202,-0.371249,0.916755,-0.147418,-0.633223,-0.133848,0.762307,0.000789,-0.003316,-0.001578,-0.001363,0.011115,-0.026563,-0.128471,0.076921,0.049512,-0.041878,0.489278,-0.365018,-0.792066,0.608555,0.793444,0.010265,0.624714,-0.487038,0.610348,0.019679,0.000323,-0.000415,-0.245871,-1.168233,0.046219,0.457358
5492,0.079578,0.020708,0.42205,-0.541832,0.240038,-0.805509,-0.471395,-0.880207,0.054724,-0.695211,0.409061,0.591082,0.027618,0.004769,0.001647,4.224822,-1.090564,-3.930123,0.487133,-0.098093,0.031257,0.412845,-0.705547,-0.410145,0.577907,0.409896,-0.901423,-0.139121,0.578866,0.139257,0.803358,0.003012,-0.015253,0.007075,-0.035271,0.001562,-0.022902,0.055644,0.030756,0.050312,-0.011416,0.678403,0.377386,0.630356,-0.372477,0.916218,-0.147661,-0.633269,-0.134619,0.762133,-0.005098,-0.004484,-0.001784,-0.003348,0.026331,-0.055833,-0.124715,0.077551,0.049598,-0.041852,0.509017,-0.306916,-0.804178,0.567454,0.822151,0.045403,0.647221,-0.479446,0.59265,0.013869,0.002562,0.000898,0.025174,-0.287802,-0.312518,0.46046
5493,0.080762,0.020831,0.422032,-0.555581,0.171713,-0.813566,-0.388055,-0.918883,0.070994,-0.734696,0.354932,0.578163,0.026425,0.001375,-7.9e-05,4.511951,-0.769826,-3.54409,0.479744,-0.098467,0.030699,0.412963,-0.703146,-0.41249,0.579161,0.411232,-0.900394,-0.141813,0.580835,0.138989,0.801983,-0.008923,-0.016958,0.006974,-0.038592,0.027871,-0.078704,0.058881,0.030574,0.050034,-0.011357,0.676017,0.379754,0.631495,-0.373633,0.915294,-0.150444,-0.635136,-0.134245,0.760644,-0.004601,-0.007891,0.003775,-0.038731,0.015824,-0.051234,-0.116224,0.078155,0.049668,-0.041857,0.530557,-0.236879,-0.813877,0.485252,0.872137,0.062495,0.695009,-0.428093,0.577665,0.013084,0.000469,-0.000202,4.512056,-0.760012,-3.532237,0.465522
5494,0.082186,0.020544,0.421963,-0.558172,0.104327,-0.823168,-0.298505,-0.950879,0.081832,-0.773506,0.29126,0.562923,0.035906,-0.016335,0.005415,1.242616,-0.498642,-0.993659,0.453099,-0.098968,0.030142,0.413261,-0.699149,-0.416119,0.581401,0.412697,-0.89891,-0.14689,0.58461,0.137783,0.799444,-0.010019,-0.012359,0.009185,-0.037332,0.01681,-0.052119,0.058438,0.030325,0.04975,-0.011211,0.671965,0.383496,0.633555,-0.374819,0.913935,-0.15567,-0.638727,-0.132864,0.757875,-0.005058,-0.006003,0.004685,-0.041104,0.0142,-0.049599,-0.113775,0.078855,0.049534,-0.041892,0.540403,-0.170164,-0.824019,0.399643,0.913726,0.073402,0.740438,-0.36898,0.561785,0.018271,-0.003428,-0.002368,4.440987,-0.807072,-3.355519,0.440049
5495,0.082909,0.020329,0.421987,-0.553417,0.081292,-0.828955,-0.270813,-0.958703,0.086717,-0.786989,0.272375,0.553613,0.036491,-0.014528,0.006322,-0.034618,-0.511694,-0.162749,0.445061,-0.099223,0.029864,0.413491,-0.697086,-0.418047,0.582493,0.413623,-0.898078,-0.149347,0.586415,0.137365,0.798192,-0.00861,-0.020914,0.019485,-0.063914,-0.057666,0.108555,0.057825,0.030197,0.049615,-0.011099,0.669819,0.385569,0.634569,-0.375677,0.913134,-0.158282,-0.640476,-0.132373,0.756483,-0.005207,-0.005376,0.004989,-0.040506,0.014646,-0.05002,-0.113611,0.079214,0.04942,-0.041883,0.538599,-0.1462,-0.82978,0.371517,0.925131,0.078146,0.756231,-0.350367,0.552591,0.024443,-0.00459,-0.003101,0.240751,-0.605355,-0.564715,0.426169
5496,0.084164,0.019951,0.422177,-0.538127,0.040319,-0.841926,-0.215566,-0.972211,0.09116,-0.814189,0.23049,0.532915,0.025133,-0.009528,0.009217,1.244744,-0.747571,-1.058408,0.441884,-0.099708,0.029264,0.414038,-0.694084,-0.421326,0.583714,0.416324,-0.896418,-0.151797,0.588061,0.1382,0.796836,-0.0089,-0.019733,0.020072,-0.072636,0.018442,-0.074964,0.057146,0.029954,0.049317,-0.010825,0.66695,0.388787,0.635626,-0.378171,0.911659,-0.160818,-0.641999,-0.133118,0.755059,-0.005337,-0.00484,0.005251,-0.036463,0.005625,-0.025335,-0.114265,0.079845,0.049225,-0.041791,0.527963,-0.105365,-0.842705,0.319706,0.943937,0.082278,0.786791,-0.312858,0.53205,0.012762,-0.000332,-0.000632,4.537718,-1.26932,-3.454114,0.408044
5497,0.084977,0.019621,0.422339,-0.521692,-0.023676,-0.852832,-0.118929,-0.987828,0.100112,-0.844177,0.153677,0.513591,0.010846,-0.013784,0.007481,1.217933,-0.751302,-1.09812,0.45418,-0.100067,0.028665,0.414664,-0.693243,-0.422716,0.583709,0.418725,-0.895438,-0.15097,0.587344,0.140302,0.796997,-0.010622,-0.009863,0.010409,-0.037341,0.016815,-0.052104,0.055968,0.029774,0.049016,-0.010507,0.666149,0.390216,0.635591,-0.38068,0.910732,-0.160154,-0.641348,-0.13527,0.755231,-0.004565,-0.009446,0.010254,-0.072675,0.018447,-0.075029,-0.115734,0.08026,0.049074,-0.041704,0.518481,-0.039884,-0.854157,0.225288,0.969989,0.091459,0.824876,-0.239851,0.511907,0.011897,-0.003029,-0.001993,4.488821,-1.407645,-3.096075,0.418821
5498,0.085378,0.019427,0.422328,-0.509978,-0.035759,-0.85947,-0.108463,-0.98848,0.105423,-0.852709,0.147022,0.501297,0.011666,-0.004022,-0.002406,-0.142058,-0.538942,-0.172919,0.457504,-0.100171,0.028395,0.414987,-0.693303,-0.422817,0.583565,0.41941,-0.895252,-0.150172,0.586784,0.141186,0.797253,-0.009125,-0.018831,0.020537,-0.064079,-0.056751,0.108961,0.056367,0.029722,0.048884,-0.010349,0.66614,0.39042,0.635475,-0.381489,0.910508,-0.159497,-0.640877,-0.13618,0.755467,0.00043,-0.003132,0.005714,-0.034088,-0.00928,0.003739,-0.115734,0.080459,0.048969,-0.041708,0.507519,-0.025228,-0.86127,0.213385,0.972113,0.097266,0.834799,-0.233146,0.49875,0.01177,-0.003719,-0.002262,-0.176168,-0.65623,-0.179883,0.424047
5499,0.086351,0.019377,0.422082,-0.475369,-0.096219,-0.874535,-0.016643,-0.992834,0.11822,-0.879055,0.070866,0.471452,0.026077,0.007956,-0.011576,5.277695,-1.314121,-3.231402,0.446765,-0.100329,0.027964,0.415454,-0.693151,-0.423269,0.583417,0.420689,-0.894818,-0.149179,0.586047,0.14258,0.797548,0.0016,-0.009416,0.009917,-0.035293,0.001584,-0.022866,0.057084,0.029641,0.048674,-0.010113,0.6661,0.390761,0.635306,-0.382746,0.910152,-0.158514,-0.640167,-0.137575,0.755815,0.000805,-0.004772,0.004931,-0.035327,0.001575,-0.02291,-0.114918,0.080927,0.048929,-0.041833,0.480036,0.034284,-0.876577,0.130776,0.985273,0.110152,0.867445,-0.167513,0.468484,0.012843,0.003908,-0.006029,6.227808,-1.822547,-3.738595,0.42323
5500,0.087117,0.019411,0.422009,-0.426242,-0.174084,-0.887726,0.115362,-0.983752,0.137464,-0.896705,-0.043608,0.440507,0.012679,-0.000734,-0.000762,0.241912,-0.994754,-0.334981,0.431299,-0.100479,0.02771,0.41568,-0.695625,-0.419297,0.583341,0.41596,-0.89712,-0.148614,0.586495,0.13981,0.797709,-0.011817,-0.002273,-0.000367,-0.002045,0.015205,-0.029245,0.056175,0.029564,0.048537,-0.009994,0.668426,0.386758,0.635314,-0.37806,0.912268,-0.157595,-0.640529,-0.134846,0.756001,-0.005907,-0.001168,-0.000194,-0.001985,0.015218,-0.029503,-0.114918,0.081327,0.048957,-0.04187,0.439814,0.120667,-0.889945,-0.009339,0.991493,0.12982,0.89804,-0.048786,0.4372,0.006406,-0.00021,-0.000294,1.305243,-1.09378,-1.050526,0.403145
5501,0.087484,0.019254,0.422039,-0.398022,-0.200888,-0.895136,0.148002,-0.977005,0.153393,-0.904874,-0.071185,0.419718,-0.000108,-0.000349,-0.000174,-0.131168,-0.492773,-0.190691,0.428174,-0.100522,0.027717,0.415804,-0.696084,-0.418755,0.583183,0.415654,-0.897359,-0.14803,0.586168,0.139903,0.797933,-0.000864,0.003806,0.001815,0.001227,-0.010819,0.026681,0.05457,0.029544,0.048533,-0.009935,0.668862,0.386226,0.635178,-0.377803,0.912476,-0.157001,-0.640224,-0.134961,0.756239,-0.000385,0.001685,0.000806,-5.6e-05,2.3e-05,-8.5e-05,-0.116387,0.081516,0.048879,-0.041854,0.41382,0.150602,-0.897814,-0.042741,0.988347,0.146088,0.909354,-0.02208,0.415435,0.005934,-0.00172,-0.001051,-0.170699,-0.629994,-0.200827,0.389429
5502,0.087559,0.019273,0.421991,-0.393589,-0.205254,-0.896105,0.147832,-0.976197,0.158609,-0.906843,-0.069799,0.415682,0.012038,-0.002808,-0.001799,-0.029237,-0.128162,-0.014365,0.429011,-0.1005,0.02778,0.415843,-0.696334,-0.418447,0.583106,0.415401,-0.897512,-0.147809,0.586051,0.13984,0.79803,-0.000777,0.003423,0.001632,0.0,0.0,0.0,0.05446,0.029554,0.048567,-0.009914,0.669119,0.385895,0.635109,-0.377547,0.912626,-0.15675,-0.640106,-0.134899,0.756349,-0.000466,0.002045,0.000976,0.001175,-0.010837,0.026599,-0.116877,0.081548,0.048888,-0.041879,0.409062,0.155744,-0.899116,-0.042482,0.987508,0.151728,0.911516,-0.02387,0.410568,0.000347,0.004716,-0.005022,0.025545,-0.053542,0.005234,0.388939
