frame,MLTx,MLTy,MLTz,MLTR1,MLTR2,MLTR3,MLTR4,MLTR5,MLTR6,MLTR7,MLTR8,MLTR9,MLTTVx,MLTTVy,MLTTVz,MLTRVx,MLTRVy,MLTRVz,MLGA,MRTx,MRTy,MRTz,MRTR1,MRTR2,MRTR3,MRTR4,MRTR5,MRTR6,MRTR7,MRTR8,MRTR9,MRTTVx,MRTTVy,MRTTVz,MRTRVx,MRTRVy,MRTRVz,MRGA,SLTx,SLTy,SLTz,SLTR1,SLTR2,SLTR3,SLTR4,SLTR5,SLTR6,SLTR7,SLTR8,SLTR9,SLTTVx,SLTTVy,SLTTVz,SLTRVx,SLTRVy,SLTRVz,SLGA,SRTx,SRTy,SRTz,SRTR1,SRTR2,SRTR3,SRTR4,SRTR5,SRTR6,SRTR7,SRTR8,SRTR9,SRTTVx,SRTTVy,SRTTVz,SRTRVx,SRTRVy,SRTRVz,SRGA
2505,0.158867,0.056193,0.401269,-0.256518,-0.363573,-0.895577,-0.37645,-0.815824,0.438962,-0.889915,0.45019,0.073525,-0.033979,0.009412,-0.008155,-0.111888,0.078437,-0.017948,0.282985,-0.17142,0.063653,0.375339,0.358772,-0.452762,0.81626,0.124226,0.88978,0.439082,-0.925519,-0.055571,0.37442,0.010605,0.003956,-0.012368,0.076474,0.497704,-0.632763,0.165787,0.033471,0.0551,0.009879,-0.355858,0.440706,0.8241,-0.089006,-0.893799,0.439544,0.930291,0.083066,0.357292,0.005309,0.001896,-0.006232,0.109212,0.511875,-0.724018,0.024043,0.093546,0.052767,-0.042904,-0.1852,-0.357365,-0.915418,-0.208431,-0.896053,0.391974,-0.960342,0.263395,0.091464,-0.016932,0.005239,-0.003829,-0.454021,0.235064,0.017519,0.056969
2506,0.157478,0.056499,0.400931,-0.2437,-0.348403,-0.905136,-0.399353,-0.814426,0.420951,-0.88353,0.464484,0.060469,-0.034254,0.006251,-0.009405,-0.008597,0.027869,-0.04881,0.34327,-0.170776,0.064029,0.374671,0.356837,-0.447554,0.819972,0.113505,0.891948,0.437584,-0.927639,-0.062522,0.368022,0.010616,0.003634,-0.012517,0.009905,0.013477,0.034874,0.183888,0.033789,0.055284,0.009549,-0.353575,0.435356,0.827918,-0.078191,-0.895748,0.43763,0.932132,0.089999,0.350754,0.010543,0.007746,-0.010576,0.046927,-0.071353,0.083262,0.043637,0.092839,0.052923,-0.043077,-0.175617,-0.339479,-0.924073,-0.231344,-0.898144,0.373919,-0.956889,0.279446,0.079193,-0.017132,0.002973,-0.004735,-0.004125,0.033285,-0.050503,0.212259
2507,0.155944,0.056697,0.400576,-0.244651,-0.342972,-0.906951,-0.411316,-0.810327,0.417327,-0.877761,0.475566,0.058309,-0.045759,0.004493,-0.009651,-0.009198,0.043914,-0.079925,0.38448,-0.170208,0.064488,0.373916,0.35036,-0.441419,0.826068,0.107128,0.894992,0.432952,-0.930853,-0.062649,0.359792,0.021074,0.014705,-0.021487,0.069115,-0.024998,0.077016,0.203136,0.034069,0.05551,0.009175,-0.346813,0.429358,0.833889,-0.071811,-0.898615,0.432819,0.935181,0.090224,0.342484,0.004877,0.007305,-0.010389,0.076124,0.059254,-0.131634,0.068458,0.092072,0.053021,-0.043254,-0.17771,-0.334302,-0.925559,-0.243806,-0.896251,0.370528,-0.953402,0.291503,0.077767,-0.022887,0.002076,-0.004867,-0.008469,0.039213,-0.071921,0.291455
2508,0.155153,0.056768,0.400398,-0.240822,-0.340103,-0.909055,-0.413521,-0.811393,0.413054,-0.877788,0.475805,0.055896,-0.045742,0.004884,-0.009487,-0.009184,0.04399,-0.079702,0.401923,-0.169939,0.064751,0.373536,0.346787,-0.434738,0.831104,0.100384,0.898126,0.428048,-0.932936,-0.064476,0.354028,0.010619,0.003692,-0.01248,0.035961,0.158414,-0.16323,0.210987,0.034208,0.055644,0.008981,-0.343066,0.422964,0.838693,-0.065143,-0.901444,0.427964,0.937049,0.092185,0.336809,0.010528,0.007967,-0.010452,0.133313,0.480956,-0.67446,0.081357,0.091693,0.053052,-0.043341,-0.174443,-0.33057,-0.927519,-0.245766,-0.897533,0.366105,-0.953503,0.291817,0.075325,-0.022861,0.00246,-0.004713,-0.094218,-0.245653,0.53133,0.318398
2509,0.153527,0.056926,0.40001,-0.244653,-0.33688,-0.909231,-0.423727,-0.806293,0.412697,-0.871839,0.486648,0.055652,-0.04585,0.004258,-0.009726,0.025023,0.14889,-0.302764,0.425143,-0.169382,0.065277,0.372816,0.340542,-0.423905,0.839241,0.093033,0.903327,0.418662,-0.935986,-0.063973,0.345977,0.010596,0.004646,-0.012016,0.027283,0.136861,-0.206596,0.225655,0.034486,0.055907,0.00862,-0.336485,0.412217,0.846672,-0.057937,-0.906458,0.418299,0.939904,0.091698,0.328893,0.004847,0.008311,-0.009888,0.084991,0.219912,-0.354311,0.101116,0.09088,0.05313,-0.043535,-0.178728,-0.32805,-0.927598,-0.256797,-0.894547,0.365841,-0.949795,0.30359,0.075638,-0.017284,0.001794,-0.005198,0.028295,0.138031,-0.282527,0.36216
2510,0.151918,0.057129,0.399592,-0.244123,-0.330804,-0.911602,-0.435277,-0.802639,0.40777,-0.866282,0.496753,0.053089,-0.034448,0.014227,-0.019387,0.061572,0.120983,-0.254955,0.444481,-0.168831,0.065709,0.372254,0.338081,-0.41976,0.842315,0.092838,0.905449,0.414096,-0.936894,-0.061282,0.344,0.021836,0.008262,-0.011047,0.027963,0.062699,-0.092597,0.239671,0.034758,0.056118,0.008337,-0.333971,0.408037,0.849687,-0.057819,-0.908616,0.41361,0.940808,0.089006,0.327043,0.004815,0.009225,-0.00944,0.060562,0.081992,-0.128177,0.12218,0.090071,0.053226,-0.043742,-0.179418,-0.321886,-0.929622,-0.26887,-0.892935,0.361075,-0.946317,0.314731,0.073663,-0.022904,0.002449,-0.004703,0.032955,0.06281,-0.1356,0.390409
2511,0.150244,0.057417,0.399151,-0.240165,-0.322676,-0.915558,-0.447877,-0.799934,0.399353,-0.860956,0.506366,0.048739,-0.045806,0.005383,-0.009241,-0.082898,-0.290601,0.617654,0.47323,-0.168188,0.066024,0.371904,0.336305,-0.416878,0.844454,0.092586,0.9069,0.410968,-0.937557,-0.059513,0.342504,0.021735,0.011409,-0.009529,0.027934,0.062936,-0.092456,0.247229,0.035079,0.056272,0.008161,-0.332074,0.405202,0.851784,-0.057579,-0.910052,0.410473,0.941493,0.087263,0.325536,0.011339,0.000201,-0.000684,-0.008673,0.073262,-0.110747,0.136223,0.089238,0.053373,-0.043966,-0.17779,-0.313611,-0.932757,-0.281487,-0.892046,0.353577,-0.94295,0.325422,0.070319,-0.022845,0.002906,-0.004493,-0.344302,-1.100914,2.343835,0.42225
2512,0.14936,0.057619,0.398882,-0.240518,-0.320246,-0.916318,-0.45296,-0.797896,0.397695,-0.858194,0.511103,0.047994,-0.045885,0.004826,-0.009459,0.024825,0.148444,-0.30081,0.494998,-0.167815,0.066145,0.371804,0.336241,-0.416048,0.844889,0.086742,0.906915,0.412207,-0.938138,-0.064802,0.339943,0.0217,0.012289,-0.009103,-0.006491,0.12737,-0.050315,0.252126,0.035266,0.056333,0.008111,-0.331845,0.404467,0.852223,-0.051584,-0.909845,0.411728,0.941922,0.092669,0.322792,0.00566,0.000412,-0.000199,-0.029503,0.049057,0.071426,0.142428,0.088797,0.053475,-0.0441,-0.177902,-0.310544,-0.933762,-0.287161,-0.891214,0.351105,-0.941216,0.330603,0.069372,-0.022821,0.007775,-0.00915,0.067672,0.047264,-0.113553,0.446581
2513,0.147521,0.058123,0.398289,-0.236799,-0.3161,-0.918723,-0.464181,-0.793893,0.392735,-0.853224,0.519844,0.042412,-0.045583,0.016138,-0.018078,0.058141,0.011655,-0.123933,0.521204,-0.166991,0.066296,0.371708,0.339031,-0.414989,0.844295,0.082069,0.906994,0.412988,-0.937557,-0.070214,0.340469,0.011313,0.000652,-0.000454,0.002037,-0.015192,0.029254,0.254445,0.035682,0.056417,0.008062,-0.33469,0.403164,0.851727,-0.04699,-0.909871,0.412221,0.941155,0.097944,0.323469,0.011316,0.000666,-0.000461,0.005172,-0.031838,0.057645,0.151409,0.087877,0.053722,-0.044394,-0.174968,-0.305964,-0.935826,-0.299066,-0.889063,0.34659,-0.938053,0.340516,0.064054,-0.022772,0.008154,-0.008973,0.065794,0.116667,-0.273352,0.497201
2514,0.14567,0.058572,0.397615,-0.229477,-0.312397,-0.921842,-0.47139,-0.792947,0.386004,-0.85128,0.523511,0.035853,-0.046014,0.012824,-0.019407,-0.082734,-0.424712,0.573328,0.522405,-0.166153,0.06636,0.371641,0.336179,-0.416086,0.844895,0.081633,0.90653,0.414094,-0.938618,-0.069726,0.337634,0.022642,0.000818,-0.001139,0.003264,-0.028882,0.059492,0.236626,0.036088,0.05645,0.008029,-0.331701,0.404335,0.852342,-0.046473,-0.9094,0.413316,0.942238,0.097486,0.32044,0.011329,0.000303,-0.000633,0.01199,-0.043821,0.055598,0.145531,0.086969,0.053947,-0.044721,-0.170688,-0.302193,-0.93784,-0.305497,-0.888673,0.341951,-0.936769,0.344875,0.059366,-0.023049,0.005994,-0.009846,0.016034,-0.129284,-0.240576,0.511897
2515,0.144769,0.05877,0.397256,-0.226055,-0.311174,-0.923101,-0.477423,-0.790612,0.383369,-0.848835,0.527756,0.031312,-0.046356,0.010349,-0.020416,0.042444,0.101099,-0.31045,0.52255,-0.165765,0.066408,0.371596,0.335166,-0.414796,0.845931,0.081427,0.907182,0.412704,-0.938997,-0.068931,0.336743,0.022629,0.001177,-0.000966,0.004078,-0.030353,0.058463,0.221382,0.03629,0.056473,0.008006,-0.33074,0.403029,0.853333,-0.046338,-0.910066,0.411864,0.942583,0.096678,0.31967,0.010831,0.006184,-0.004541,0.041565,-0.046167,0.081091,0.133121,0.086502,0.054054,-0.044907,-0.165141,-0.298791,-0.939921,-0.312769,-0.88795,0.337223,-0.935362,0.349668,0.053184,-0.028731,0.006107,-0.009561,0.048043,0.032103,-0.083036,0.514183
2516,0.142844,0.059068,0.396413,-0.203066,-0.305925,-0.930172,-0.494896,-0.787619,0.367024,-0.844657,0.535246,0.009698,-0.047175,0.004932,-0.022657,-0.009696,-0.179921,0.027586,0.522499,-0.16488,0.066542,0.371528,0.326863,-0.40256,0.855042,0.077791,0.913054,0.400268,-0.942217,-0.063823,0.328659,0.022592,0.002027,-0.000555,-0.008674,0.073522,-0.110646,0.191809,0.036724,0.056539,0.007972,-0.322012,0.391168,0.862145,-0.042853,-0.91574,0.399479,0.945764,0.091691,0.311642,0.011293,0.001202,-0.000202,0.003484,-0.036335,0.067217,0.100626,0.08554,0.054209,-0.045326,-0.143746,-0.289033,-0.946465,-0.330576,-0.887434,0.321214,-0.932768,0.359052,0.032017,-0.023598,0.002237,-0.011389,-0.093708,-0.526232,0.80419,0.514999
2517,0.140838,0.059174,0.395421,-0.161716,-0.292966,-0.942372,-0.511977,-0.791452,0.33385,-0.843454,0.536822,-0.020827,-0.058975,0.01148,-0.03279,0.063688,-0.286767,0.208572,0.522221,-0.164006,0.066679,0.371432,0.320998,-0.393658,0.861386,0.074945,0.91715,0.391347,-0.944455,-0.060581,0.322798,0.022649,0.000568,-0.001253,-0.008715,0.073534,-0.110573,0.109638,0.037162,0.056607,0.00793,-0.315779,0.382454,0.868338,-0.040037,-0.919721,0.390525,0.947987,0.088554,0.305741,0.01134,2.6e-05,-0.000766,-0.009197,0.070054,-0.105439,0.032044,0.084559,0.054263,-0.045812,-0.106095,-0.26784,-0.957603,-0.346729,-0.892629,0.288082,-0.931945,0.362593,0.001836,-0.023887,0.004787,-0.016997,-0.073142,-0.658367,0.976428,0.517775
2518,0.139018,0.059046,0.39447,-0.142673,-0.284016,-0.948169,-0.529384,-0.78752,0.315496,-0.836137,0.547308,-0.036814,-0.048552,-0.002157,-0.025749,-0.062836,-0.168596,0.358671,0.518898,-0.16316,0.06685,0.371314,0.318032,-0.389191,0.86451,0.073606,0.919164,0.38685,-0.945559,-0.058919,0.319858,0.021588,0.012609,-0.008921,0.040915,-0.036566,0.071446,0.031248,0.037602,0.056695,0.007865,-0.312525,0.37793,0.87149,-0.038683,-0.921748,0.385853,0.949121,0.086877,0.302689,0.010798,0.006307,-0.004475,0.040443,-0.040503,0.077279,-0.072952,0.083627,0.054195,-0.046299,-0.089326,-0.25497,-0.962813,-0.364404,-0.891289,0.269837,-0.926946,0.374956,-0.013297,-0.024234,-0.000937,-0.012781,-0.385723,-0.033595,0.385812,0.517449
2519,0.138057,0.058992,0.394024,-0.140362,-0.281708,-0.949202,-0.532468,-0.786762,0.31218,-0.834572,0.549584,-0.038386,-0.059964,-0.009042,-0.014892,0.045755,-0.075382,0.122471,0.510061,-0.162699,0.066947,0.371248,0.317618,-0.388683,0.864891,0.073571,0.9194,0.386295,-0.945701,-0.058586,0.319501,0.022604,0.001465,-0.000818,0.004089,-0.030411,0.058491,-0.0161,0.037832,0.056743,0.007832,-0.312119,0.377477,0.871832,-0.038662,-0.921963,0.385341,0.949255,0.086566,0.302356,0.011305,0.000734,-0.000424,0.003913,-0.031038,0.059334,-0.13092,0.08315,0.054165,-0.046528,-0.087631,-0.251855,-0.963788,-0.367643,-0.891032,0.266269,-0.925828,0.377664,-0.01451,-0.024179,-0.000225,-0.012497,0.103076,0.137228,-0.273224,0.512713
2520,0.136004,0.058936,0.3933,-0.133675,-0.279227,-0.950899,-0.529956,-0.790637,0.306611,-0.837271,0.545265,-0.041105,-0.05898,0.006588,-0.021628,0.074236,-0.117333,0.186505,0.495811,-0.161785,0.067209,0.371078,0.317106,-0.383444,0.867414,0.073778,0.921747,0.380623,-0.945856,-0.056231,0.319465,0.021537,0.012921,-0.008759,0.214456,-0.366906,-0.137812,-0.087835,0.038281,0.05687,0.007751,-0.3099,0.373205,0.874459,-0.038416,-0.923903,0.380692,0.949992,0.084383,0.300654,0.011293,0.000902,-0.000341,0.314501,-0.49839,-0.479353,-0.225792,0.082122,0.054126,-0.04689,-0.081672,-0.248057,-0.965296,-0.36442,-0.894034,0.260577,-0.927646,0.373055,-0.01738,-0.029668,-0.00186,-0.006303,0.043915,-0.199352,0.350866,0.495078
2521,0.133701,0.058933,0.392799,-0.132544,-0.277634,-0.951523,-0.533118,-0.789322,0.304513,-0.835444,0.547978,-0.042206,-0.059007,-0.000292,-0.011218,-5.224796,1.674207,-0.239489,0.491935,-0.160843,0.067557,0.370907,0.313165,-0.377992,0.87123,0.073019,0.924171,0.374846,-0.947222,-0.053309,0.315898,0.021412,0.014704,-0.007892,0.027757,0.065156,-0.093491,-0.14002,0.038743,0.05704,0.007664,-0.30723,0.366833,0.87809,-0.038151,-0.926723,0.373801,0.95087,0.081343,0.298713,0.010742,0.006799,-0.004229,0.03933,-0.028932,0.067447,-0.286373,0.080993,0.054128,-0.04714,-0.078936,-0.246546,-0.96591,-0.362575,-0.895473,0.258197,-0.928605,0.370596,-0.018707,-0.02936,0.000648,-0.005229,0.035035,-0.022774,0.01978,0.485771
2522,0.132621,0.058896,0.392636,-0.132189,-0.277646,-0.951569,-0.532737,-0.789642,0.304349,-0.835743,0.54751,-0.042344,-0.059012,0.000205,-0.011013,0.033777,-0.008853,-0.00632,0.490911,-0.160381,0.067731,0.370827,0.311727,-0.376036,0.872591,0.07281,0.925033,0.372756,-0.94771,-0.052204,0.314615,0.021414,0.014344,-0.008061,0.027627,0.064505,-0.09224,-0.15477,0.038974,0.057128,0.007625,-0.305699,0.364958,0.879405,-0.037955,-0.927557,0.371747,0.951371,0.080265,0.297405,0.010692,0.007556,-0.003863,0.040183,-0.040579,0.078808,-0.308907,0.080431,0.054112,-0.047224,-0.080344,-0.246042,-0.965923,-0.367326,-0.893546,0.25816,-0.926615,0.375551,-0.018587,-0.029416,0.000588,-0.005261,0.034382,-0.009101,-0.006155,0.482994
2523,0.1304,0.058695,0.392457,-0.13714,-0.275613,-0.951459,-0.536516,-0.786758,0.30518,-0.832517,0.552665,-0.038788,-0.059244,-0.007673,-0.001025,-0.048007,0.474632,0.228524,0.478906,-0.159455,0.06807,0.370734,0.314958,-0.371039,0.87357,0.062061,0.926424,0.371244,-0.947411,-0.062257,0.313689,0.033687,0.004973,0.000122,0.006133,-0.045616,0.087736,-0.163085,0.039441,0.057303,0.007575,-0.308739,0.359823,0.880458,-0.027171,-0.928639,0.369986,0.950758,0.090306,0.296483,0.011192,0.00236,0.000364,-0.008853,0.072121,-0.107499,-0.330788,0.079321,0.054013,-0.047318,-0.083964,-0.246905,-0.965394,-0.37176,-0.891105,0.260238,-0.924523,0.380746,-0.016969,-0.029402,0.001204,-0.005001,-0.337203,0.753661,0.071046,0.471891
2524,0.128212,0.058334,0.392376,-0.143503,-0.265923,-0.953277,-0.546067,-0.782048,0.300305,-0.825195,0.563976,-0.031797,-0.048415,-0.010682,-0.002842,0.03041,0.19299,0.423579,0.458706,-0.158469,0.068405,0.370685,0.316751,-0.369267,0.873672,0.057261,0.926794,0.371091,-0.947118,-0.067063,0.313584,0.033615,0.00566,0.000456,0.006134,-0.045616,0.087736,-0.169073,0.039934,0.057471,0.007551,-0.310477,0.357999,0.88059,-0.02236,-0.928865,0.369741,0.950317,0.095106,0.296396,0.011156,0.002741,0.000548,0.004188,-0.032204,0.061351,-0.339116,0.078224,0.053838,-0.047356,-0.093522,-0.237229,-0.966941,-0.38188,-0.888368,0.254887,-0.919467,0.393093,-0.007511,-0.029973,-0.005178,-0.001076,-0.050184,0.165657,0.85984,0.44952
2525,0.127094,0.058091,0.392303,-0.146576,-0.254568,-0.955906,-0.555908,-0.7781,0.292402,-0.818051,0.574568,-0.026274,-0.049092,-0.013646,-0.004175,0.054423,0.414304,0.003604,0.442074,-0.157971,0.068573,0.370681,0.318176,-0.366668,0.874248,0.051885,0.927454,0.370232,-0.946951,-0.071989,0.312994,0.021149,0.017085,-0.006729,0.040571,-0.039945,0.077184,-0.171704,0.04018,0.057547,0.00755,-0.311782,0.355303,0.881221,-0.016927,-0.929381,0.368732,0.950002,0.100048,0.295779,0.016771,0.003314,0.000446,0.006266,-0.048111,0.091682,-0.341728,0.077688,0.053727,-0.047389,-0.098597,-0.226005,-0.969122,-0.392342,-0.886154,0.246572,-0.914519,0.404539,-0.0013,-0.02452,-0.006736,-0.002006,-0.028395,0.547052,0.262234,0.434661
2526,0.125133,0.057544,0.392096,-0.149324,-0.209976,-0.96626,-0.580634,-0.772349,0.257513,-0.800183,0.599755,-0.005385,-0.04909,-0.004863,-0.013872,0.213899,0.894136,0.756497,0.399137,-0.157062,0.068919,0.370713,0.326491,-0.359844,0.874018,0.042769,0.929297,0.366758,-0.944582,-0.081921,0.317674,0.022049,0.008733,0.002681,0.073099,-0.168113,0.001712,-0.177888,0.040643,0.057722,0.007562,-0.319863,0.348369,0.881093,-0.007875,-0.930894,0.365201,0.94743,0.109876,0.300502,0.011043,0.004093,0.001197,0.083746,-0.104812,-0.19263,-0.34777,0.076684,0.053444,-0.047491,-0.109317,-0.183738,-0.976877,-0.418112,-0.883097,0.212888,-0.901793,0.431716,0.019714,-0.024877,-0.007986,-0.002594,0.108143,1.090511,0.866936,0.38551
2527,0.123164,0.056998,0.391825,-0.156383,-0.148131,-0.976548,-0.607497,-0.765131,0.213291,-0.778596,0.626787,0.030881,-0.0501,-0.016151,-0.005436,-5.158113,2.125739,1.137429,0.353583,-0.156131,0.069315,0.370818,0.33812,-0.353002,0.872385,0.034626,0.93095,0.363411,-0.94083,-0.092235,0.325874,0.021921,0.009937,0.003251,0.126083,-0.263502,-0.061605,-0.181393,0.041108,0.057921,0.007614,-0.331199,0.341291,0.879674,0.000284,-0.932256,0.361798,0.94356,0.120077,0.308665,0.010965,0.004891,0.001576,0.171281,-0.327886,-0.138132,-0.353159,0.0757,0.053174,-0.04763,-0.128434,-0.123625,-0.983982,-0.440768,-0.8817,0.168306,-0.888384,0.455325,0.05875,-0.024734,-0.002923,-0.007156,0.342104,1.283871,1.135818,0.327052
2528,0.121219,0.056427,0.391579,-0.169255,-0.072658,-0.982913,-0.637786,-0.752231,0.165377,-0.751191,0.654967,0.082203,-0.050343,-0.015998,-0.005449,0.281467,1.212529,1.335153,0.277255,-0.155238,0.069748,0.370962,0.353661,-0.337464,0.872373,0.020971,0.935202,0.353399,-0.935522,-0.106274,0.3367,0.021743,0.011706,0.004085,-1.273758,-0.93315,-0.675431,-0.189246,0.041555,0.058137,0.007686,-0.34572,0.325924,0.879915,0.012188,-0.936099,0.351524,0.938258,0.132253,0.319656,0.010988,0.005872,0.001884,-4.608891,-2.283512,-2.209297,-0.359037,0.074728,0.052887,-0.047753,-0.156507,-0.051933,-0.98631,-0.478478,-0.869623,0.121713,-0.864039,0.490976,0.111253,-0.025192,-0.008269,-0.002807,0.318936,1.548889,1.28848,0.245733
2529,0.120227,0.056064,0.39147,-0.175334,-0.03188,-0.984015,-0.659866,-0.737934,0.14143,-0.730437,0.674153,0.109574,-0.051016,-0.018497,-0.006637,-5.142701,2.18013,2.007865,0.214974,-0.154823,0.069982,0.371055,0.361581,-0.329957,0.871997,0.017019,0.937389,0.347775,-0.932579,-0.110504,0.343436,0.021657,0.012489,0.00445,0.17035,-0.263953,-0.299981,-0.19324,0.041762,0.058254,0.007732,-0.35417,0.317576,0.879606,0.017691,-0.93813,0.345829,0.935013,0.138044,0.326639,0.010819,0.006327,0.002251,0.224321,-0.358377,-0.362058,-0.363936,0.074233,0.05271,-0.047805,-0.16958,-0.014817,-0.985404,-0.498029,-0.861529,0.098661,-0.850416,0.507491,0.138719,-0.025404,-0.008872,-0.003107,0.243171,1.192682,1.099321,0.182703
2530,0.118296,0.05523,0.391239,-0.184988,0.047195,-0.98163,-0.695006,-0.712457,0.096666,-0.694584,0.70006,0.16582,-0.040293,-0.02214,-0.008883,0.25909,1.626924,1.112606,0.04964,-0.154097,0.070461,0.37123,0.37635,-0.313385,0.871861,0.008284,0.942082,0.335181,-0.926853,-0.118539,0.356028,0.021596,0.012547,0.004462,0.147255,-0.223832,-0.273244,-0.197655,0.042125,0.058495,0.007821,-0.368527,0.300498,0.879709,0.026327,-0.94256,0.332996,0.929243,0.145878,0.339447,0.005193,0.005808,0.002372,0.187991,-0.282909,-0.351123,-0.372264,0.073264,0.052294,-0.04792,-0.194544,0.061503,-0.978963,-0.542751,-0.838076,0.055206,-0.817051,0.542073,0.196423,-0.0258,-0.009978,-0.003676,0.192811,1.382638,0.980788,-0.014062
2531,0.116346,0.054466,0.390995,-0.193474,0.120059,-0.973755,-0.732929,-0.67745,0.062044,-0.651988,0.725546,0.220277,-0.051439,-0.017522,-0.006413,0.167947,1.457262,0.765916,-0.081086,-0.153551,0.07094,0.371438,0.387855,-0.296822,0.872615,-0.002072,0.946374,0.322964,-0.922145,-0.126708,0.365318,0.01021,0.013479,0.005616,0.073698,-0.079881,-0.217032,-0.199597,0.042403,0.058732,0.007923,-0.379926,0.283273,0.880574,0.036479,-0.946626,0.320261,0.924297,0.153798,0.349314,0.005087,0.006935,0.002894,0.07032,-0.088541,-0.18838,-0.375856,0.072291,0.051904,-0.048046,-0.217454,0.131865,-0.967122,-0.58691,-0.809363,0.021609,-0.779904,0.572312,0.253392,-0.019819,-0.009098,-0.00355,0.106911,1.563725,1.142462,-0.193192
2532,0.115334,0.054174,0.390885,-0.199491,0.157087,-0.96725,-0.756787,-0.65171,0.050188,-0.622242,0.741818,0.250097,-0.039492,-0.016682,-0.006507,-0.266088,1.505893,0.965447,-0.141862,-0.153342,0.071189,0.37157,0.388645,-0.293261,0.873467,-0.002605,0.947571,0.319431,-0.921812,-0.126062,0.366382,0.010151,0.014005,0.00585,0.009617,0.038726,-0.138447,-0.201815,0.042503,0.058851,0.007987,-0.380598,0.279602,0.881457,0.037018,-0.947823,0.316637,0.923999,0.153141,0.350389,0.005106,0.006577,0.002716,-0.011558,0.073352,-0.115871,-0.376999,0.071799,0.051761,-0.0481,-0.230245,0.164812,-0.959074,-0.613987,-0.789227,0.011775,-0.754987,0.59157,0.282908,-0.02537,-0.006686,-0.002238,-5.17425,1.713707,2.167622,-0.24969
2533,0.113492,0.053738,0.390766,-0.211005,0.22137,-0.952112,-0.797985,-0.60152,0.036937,-0.564283,0.767289,0.30476,-0.049722,-0.008355,-0.002211,-0.329348,1.31273,0.548294,-0.287187,-0.153007,0.071672,0.371851,0.392975,-0.285302,0.874165,-0.01438,0.948556,0.316177,-0.919869,-0.136471,0.367532,0.010115,0.014021,0.005828,-0.03383,-0.046988,0.035589,-0.21275,0.042671,0.059095,0.008129,-0.384281,0.271732,0.88232,0.048756,-0.948395,0.313316,0.921927,0.16342,0.351202,0.005018,0.007468,0.003123,-0.454429,-0.085482,-0.266451,-0.38451,0.070876,0.051534,-0.048164,-0.254077,0.225705,-0.940479,-0.664375,-0.747398,0.000118,-0.702887,0.624861,0.339849,-0.02488,-0.004073,-0.001041,-5.394601,1.706714,1.276442,-0.348808
2534,0.111935,0.053568,0.390732,-0.216485,0.280376,-0.935184,-0.841533,-0.539163,0.033103,-0.494674,0.793805,0.353832,-0.036457,-0.002279,0.000212,-5.136389,1.515803,2.340838,-0.457981,-0.152666,0.072157,0.372112,0.400863,-0.282197,0.871588,-0.02392,0.947757,0.317992,-0.916267,-0.147975,0.372049,0.010164,0.013003,0.005326,0.206067,-0.495717,-0.261412,-0.216987,0.042845,0.059341,0.008261,-0.390009,0.270372,0.880222,0.058856,-0.946646,0.316852,0.918928,0.175381,0.353287,0.005057,0.006761,0.00278,-0.432942,-0.189774,-0.133555,-0.391369,0.070078,0.051438,-0.048185,-0.272291,0.280488,-0.920425,-0.716381,-0.697708,-0.000689,-0.642381,0.659188,0.390916,-0.018075,-0.000516,0.000428,-0.367178,0.78033,0.428184,-0.477154
2535,0.110502,0.053746,0.390924,-0.220462,0.328256,-0.918526,-0.871077,-0.489945,0.033923,-0.438626,0.807177,0.395095,-0.033925,0.00838,0.00527,0.099523,0.798264,0.090327,-0.601775,-0.152351,0.072619,0.372314,0.414341,-0.272938,0.868227,-0.037956,0.94789,0.316226,-0.909788,-0.163645,0.381272,0.010242,0.011682,0.004691,-4.668646,-2.011972,-2.208251,-0.215845,0.043002,0.059578,0.008364,-0.403562,0.261603,0.876755,0.066853,-0.94726,0.313411,0.912506,0.185095,0.36479,0.005124,0.005764,0.002309,0.18148,-0.348353,-0.162803,-0.392348,0.069359,0.05152,-0.048093,-0.284349,0.329285,-0.900397,-0.75924,-0.650807,0.001763,-0.585405,0.684119,0.435063,-0.016783,0.004934,0.003006,0.120799,0.919152,0.163573,-0.594233
2536,0.109872,0.053886,0.391098,-0.21803,0.349695,-0.911165,-0.882047,-0.470137,0.030571,-0.417419,0.809921,0.412088,-0.021696,0.009331,0.005287,0.059891,0.719353,0.134146,-0.679996,-0.152199,0.072817,0.372404,0.419938,-0.266988,0.867388,-0.042592,0.948826,0.312808,-0.907018,-0.167977,0.38596,0.010338,0.010367,0.004075,0.191996,-0.300823,-0.363124,-0.215991,0.043078,0.059678,0.00841,-0.409922,0.253715,0.876123,0.077197,-0.947437,0.310485,0.908847,0.194909,0.36879,0.005184,0.004935,0.001922,0.329929,-0.614317,-0.330814,-0.392512,0.069032,0.051596,-0.048002,-0.286298,0.350678,-0.891659,-0.77381,-0.633416,-0.000656,-0.565022,0.689788,0.452704,-0.010761,0.005032,0.002836,0.055059,0.673387,0.110282,-0.653345
2537,0.108851,0.054077,0.391531,-0.222842,0.383227,-0.896394,-0.88932,-0.456523,0.025851,-0.399049,0.802465,0.443662,-0.022316,-0.00043,0.014518,-0.023329,1.057654,0.076464,-0.839198,-0.151948,0.073129,0.37254,0.435522,-0.255762,0.863074,-0.050943,0.950177,0.307414,-0.899219,-0.177541,0.399683,-0.000506,0.006032,0.00278,0.213,-0.398054,-0.263323,-0.217483,0.043203,0.059835,0.008478,-0.425142,0.242238,0.872109,0.085478,-0.94847,0.305117,0.901081,0.204265,0.382528,-0.000272,0.003159,0.001455,0.240911,-0.375592,-0.494289,-0.394308,0.068532,0.0517,-0.047787,-0.296888,0.37955,-0.876241,-0.783405,-0.621499,-0.003773,-0.546016,0.685332,0.481857,-0.010983,0.000492,0.00761,-0.319437,1.046804,0.477745,-0.767485
2538,0.108089,0.054238,0.391982,-0.224618,0.414006,-0.882152,-0.901201,-0.432564,0.0264,-0.370386,0.800411,0.471364,-0.010463,-0.001026,0.013796,0.04914,0.716382,-0.093993,-1.025573,-0.151748,0.073349,0.372627,0.451479,-0.232516,0.861449,-0.066521,0.953923,0.292472,-0.890302,-0.189066,0.4141,-0.000351,0.004146,0.001907,0.065224,-0.330169,-0.488999,-0.219161,0.043307,0.059948,0.008523,-0.441398,0.217602,0.870526,0.100435,-0.952073,0.28891,0.891672,0.214955,0.398389,0.005349,0.002801,0.00093,-0.163606,-0.672707,-0.480865,-0.396104,0.068147,0.051782,-0.04756,-0.304734,0.409954,-0.859694,-0.799826,-0.600225,-0.002711,-0.517121,0.68678,0.510801,-0.011014,0.000348,0.007536,0.06013,0.772854,0.135203,-0.845864
2539,0.107804,0.054318,0.392177,-0.226832,0.427491,-0.875125,-0.905632,-0.423105,0.027996,-0.358028,0.798361,0.484214,-0.009533,0.009786,0.005044,0.07614,0.47998,0.025165,-1.097075,-0.151664,0.073437,0.372662,0.459032,-0.220527,0.860609,-0.071832,0.956249,0.283481,-0.886024,-0.191678,0.422,0.010727,0.005332,0.001739,0.189274,-0.390303,-0.185147,-0.221283,0.043346,0.059989,0.008539,-0.448738,0.204981,0.869836,0.105838,-0.954298,0.279485,0.887373,0.217478,0.406535,-0.000131,0.001473,0.000677,0.200835,-0.327688,-0.457128,-0.397084,0.068004,0.051819,-0.047459,-0.309746,0.422895,-0.851596,-0.805995,-0.59192,-0.000782,-0.504408,0.686141,0.524197,-0.005263,-0.000622,0.006857,0.04708,0.626254,-0.140417,-0.842925
2540,0.107506,0.054587,0.392484,-0.23047,0.456077,-0.859606,-0.916225,-0.399202,0.033786,-0.327469,0.794812,0.510945,0.002169,0.008612,0.004036,0.040329,0.444406,-0.177586,-1.277308,-0.151558,0.073575,0.372737,0.477887,-0.196344,0.856192,-0.08255,0.96028,0.266423,-0.87507,-0.197762,0.441595,0.010784,0.004589,0.001395,0.260241,-0.362347,-0.675213,-0.22859,0.043399,0.060056,0.008576,-0.466016,0.181901,0.865875,0.116386,-0.957531,0.263794,0.877087,0.223708,0.425054,-0.000127,0.001464,0.000674,0.044532,-0.04342,-0.277741,-0.402309,0.067851,0.051955,-0.047304,-0.318712,0.449629,-0.834418,-0.82104,-0.570837,0.006004,-0.473618,0.687006,0.551096,-0.004642,0.005378,0.002749,0.011304,0.352161,-0.04766,-0.853865
2541,0.107516,0.055041,0.392658,-0.241251,0.489176,-0.838183,-0.928745,-0.36685,0.053154,-0.281194,0.790673,0.543868,0.002936,0.011656,0.005439,0.053828,0.542145,-0.357526,-1.402206,-0.151516,0.073675,0.372799,0.491801,-0.182095,0.851449,-0.089226,0.962132,0.257438,-0.866678,-0.202359,0.455833,-0.000177,0.002063,0.000946,-0.100718,-0.596972,0.332801,-0.230071,0.043424,0.06011,0.008608,-0.480411,0.164914,0.861398,0.122975,-0.959793,0.252335,0.868378,0.227155,0.440815,-0.000117,0.001175,0.000536,-0.552978,-1.655875,1.637262,-0.406881,0.067855,0.052178,-0.047219,-0.335466,0.478814,-0.811294,-0.839585,-0.542557,0.026955,-0.427268,0.690194,0.584014,0.00154,0.006124,0.002859,0.051388,0.510435,-0.357043,-0.846517
2542,0.107743,0.055657,0.392807,-0.261563,0.524432,-0.810309,-0.936884,-0.339733,0.08248,-0.231716,0.780087,0.581205,0.014818,0.011449,0.004858,-1.265213,0.930345,0.32839,-1.487474,-0.151516,0.073786,0.37287,0.503458,-0.16923,0.84728,-0.101983,0.96207,0.252891,-0.858548,-0.213524,0.466011,-0.000299,0.003499,0.001602,0.023421,0.020811,-0.224888,-0.230203,0.043424,0.060162,0.008642,-0.492218,0.152341,0.857037,0.13556,-0.959138,0.248346,0.859851,0.23842,0.451454,-0.000177,0.002042,0.000937,0.001181,0.039181,-0.193888,-0.407371,0.067965,0.052488,-0.047144,-0.362578,0.506834,-0.782084,-0.851852,-0.520612,0.057536,-0.378002,0.687081,0.62051,0.001806,0.00722,0.003364,-4.379979,1.202116,2.750952,-0.879175
2543,0.107957,0.055942,0.392923,-0.259249,0.545617,-0.796955,-0.943462,-0.319519,0.088089,-0.206264,0.774056,0.598599,0.014099,0.001556,0.014014,-0.222733,1.26801,-0.133611,-1.538422,-0.151512,0.073834,0.372911,0.506098,-0.167806,0.845989,-0.102165,0.962253,0.252122,-0.856974,-0.213826,0.46876,-0.000252,0.002947,0.001348,0.027476,-0.056663,-0.037243,-0.230122,0.043426,0.060187,0.008663,-0.494627,0.15081,0.85592,0.135828,-0.959314,0.247521,0.858425,0.238689,0.454018,-0.000154,0.001783,0.000817,0.000571,0.074212,-0.193932,-0.407535,0.068072,0.052635,-0.047088,-0.363913,0.525789,-0.768838,-0.862705,-0.501459,0.065408,-0.35115,0.687084,0.636089,0.00761,0.006573,0.002808,-1.310931,0.822796,0.306254,-0.887993
2544,0.108527,0.056382,0.393221,-0.253452,0.581559,-0.773044,-0.951447,-0.294129,0.090603,-0.174375,0.757751,0.628835,0.014495,0.003312,0.014781,-0.127377,1.307688,0.122999,-1.639403,-0.15147,0.073941,0.372996,0.509272,-0.167087,0.844225,-0.107047,0.960987,0.254908,-0.854497,-0.219988,0.470429,-0.000218,0.002539,0.00116,6e-06,-1.2e-05,-8e-06,-0.23212,0.043447,0.060242,0.008706,-0.497522,0.15028,0.854334,0.140788,-0.957831,0.250473,0.855949,0.244896,0.455385,-0.000132,0.001497,0.000683,0.000491,0.002346,0.001442,-0.408841,0.068363,0.052855,-0.046934,-0.365542,0.56155,-0.74232,-0.875461,-0.478294,0.069285,-0.316141,0.6752,0.666451,0.007285,0.001789,0.007438,-0.058448,1.476034,0.190278,-0.897137
2545,0.109183,0.056622,0.39372,-0.243079,0.616822,-0.748658,-0.957347,-0.276796,0.082713,-0.155911,0.736065,0.658731,0.014539,0.003666,0.014899,0.187454,0.906643,-0.113094,-1.701974,-0.151377,0.074044,0.373096,0.51089,-0.164904,0.843676,-0.112285,0.960152,0.255801,-0.852858,-0.22522,0.470928,0.010763,0.00458,0.001383,0.002045,-0.015205,0.029245,-0.234458,0.043493,0.060292,0.008756,-0.499065,0.148083,0.853818,0.145981,-0.956842,0.251278,0.85418,0.250046,0.455909,0.005376,0.002329,0.000709,0.003105,-0.014892,0.029862,-0.410474,0.068686,0.052976,-0.046689,-0.361547,0.5979,-0.715401,-0.884893,-0.46174,0.061303,-0.293676,0.655218,0.696019,0.007173,0.001454,0.007263,0.213184,1.162501,-0.225136,-0.900403
2546,0.109891,0.056499,0.394408,-0.231304,0.656425,-0.718087,-0.96351,-0.256714,0.075614,-0.134428,0.708558,0.692749,0.024498,-0.011097,0.021376,0.166904,1.165855,0.088349,-1.712173,-0.151164,0.074124,0.373227,0.513766,-0.160087,0.842857,-0.123014,0.958472,0.257165,-0.849645,-0.235613,0.47165,0.010666,0.005621,0.001856,-0.415242,-0.158222,-0.180885,-0.236883,0.043596,0.060328,0.00882,-0.501705,0.143441,0.853063,0.156178,-0.95493,0.252421,0.850823,0.259871,0.456691,0.005383,0.002296,0.000682,-1.408066,-0.446016,-0.763309,-0.412596,0.069037,0.052923,-0.046347,-0.357891,0.636244,-0.683452,-0.894724,-0.443088,0.056041,-0.267174,0.631558,0.727841,0.007078,0.001147,0.007105,-0.030872,1.164016,0.536544,-0.904649
2547,0.110217,0.056379,0.394823,-0.2311,0.671446,-0.70413,-0.964151,-0.255,0.073203,-0.130121,0.69497,0.707186,0.013384,-0.007993,0.023249,0.208164,0.985749,-0.141531,-1.706787,-0.151006,0.074152,0.373308,0.516146,-0.158919,0.841623,-0.122438,0.958786,0.256267,-0.848287,-0.235126,0.474331,0.011956,-0.006046,0.009691,0.017707,-0.112423,-0.059467,-0.238365,0.043674,0.060348,0.008858,-0.504149,0.142007,0.851861,0.155992,-0.955189,0.251552,0.849411,0.259703,0.459405,0.00532,0.002904,0.000967,0.072729,-0.166648,-0.035244,-0.413739,0.069203,0.05286,-0.04614,-0.360275,0.650959,-0.668172,-0.895836,-0.441187,0.053209,-0.260153,0.617742,0.742101,0.007198,0.001682,0.00734,0.335649,1.154914,-0.005391,-0.905139
2548,0.110819,0.056033,0.395792,-0.220738,0.700785,-0.678395,-0.969214,-0.23534,0.07218,-0.108804,0.672572,0.732008,0.012902,-0.017076,0.032819,-3.710653,0.934578,3.900163,-1.688634,-0.150553,0.07427,0.373509,0.522345,-0.149997,0.839434,-0.132991,0.957964,0.254069,-0.842889,-0.244168,0.479356,0.010514,0.007145,0.002544,0.03456,-0.004775,-0.201266,-0.242231,0.043901,0.0604,0.008961,-0.510391,0.132765,0.849631,0.166401,-0.954088,0.249048,0.843689,0.268491,0.464866,0.010724,0.004741,0.001448,0.048724,-0.138809,0.021467,-0.416189,0.069504,0.052688,-0.045661,-0.359376,0.678999,-0.640163,-0.902196,-0.428135,0.052368,-0.238518,0.596373,0.766451,0.006767,-0.003589,0.011795,0.064911,0.625377,-0.325111,-0.895994
2549,0.11136,0.055776,0.396856,-0.217477,0.720437,-0.658573,-0.97136,-0.22586,0.07361,-0.095451,0.654825,0.749747,0.013953,-0.01262,0.034804,0.171354,0.804565,-0.0101,-1.676719,-0.149884,0.074421,0.37381,0.536095,-0.129963,0.834089,-0.148682,0.958027,0.244975,-0.831566,-0.255188,0.493193,0.021269,0.011201,0.003675,-0.269946,-0.447126,-0.345747,-0.24474,0.04424,0.060477,0.009111,-0.523624,0.112266,0.844519,0.181767,-0.953733,0.239484,0.832332,0.278906,0.478991,0.01062,0.005703,0.001876,-0.284599,-0.432455,-0.33867,-0.420598,0.069778,0.052549,-0.045118,-0.35675,0.6983,-0.620568,-0.908452,-0.414196,0.056169,-0.217814,0.583796,0.782136,0.007005,-0.006134,0.017472,0.125443,0.716787,-0.047354,-0.893218
2550,0.111582,0.055708,0.397452,-0.213245,0.727714,-0.651923,-0.973147,-0.217337,0.075633,-0.08639,0.649641,0.755334,0.014637,-0.009697,0.036086,0.082114,0.669278,-0.048033,-1.656908,-0.149504,0.074501,0.373989,0.544239,-0.119644,0.83035,-0.153483,0.958806,0.238889,-0.825386,-0.257315,0.502385,0.022448,0.000893,0.012133,0.255348,-0.61044,-0.311937,-0.24435,0.044422,0.060517,0.009196,-0.530376,0.103045,0.841476,0.186752,-0.954001,0.234533,0.826936,0.281538,0.486735,0.005056,0.005485,0.002122,0.305085,-0.649514,-0.353834,-0.421414,0.069883,0.052516,-0.044835,-0.353801,0.705772,-0.613766,-0.911898,-0.406217,0.058548,-0.208001,0.580407,0.787313,0.002145,0.001888,0.014453,0.048448,0.67139,0.055102,-0.892729
2551,0.111883,0.055606,0.398881,-0.210841,0.737949,-0.64111,-0.97472,-0.208258,0.080757,-0.073667,0.641012,0.764005,0.004637,-0.002002,0.039908,-3.557683,0.740946,4.169515,-1.582384,-0.148708,0.074633,0.374352,0.554933,-0.101201,0.825711,-0.164065,0.959698,0.228025,-0.816184,-0.26189,0.514899,0.021221,0.01109,0.003611,0.235019,-0.501947,-0.215579,-0.243369,0.04482,0.060582,0.009383,-0.540761,0.084032,0.836967,0.19723,-0.954593,0.223271,0.817726,0.285811,0.499634,0.011269,-0.000231,0.005747,0.182157,-0.484966,-0.228965,-0.421251,0.070039,0.05246,-0.044107,-0.354519,0.716135,-0.60122,-0.914505,-0.399593,0.063282,-0.194925,0.572254,0.796573,0.002327,-0.000774,0.020042,-3.549861,0.745523,4.171314,-0.878685
2552,0.112073,0.055459,0.40063,-0.209208,0.744234,-0.634345,-0.975292,-0.205817,0.080099,-0.070694,0.634504,0.769698,0.004778,-0.008551,0.050557,0.039514,0.392286,0.191302,-1.531547,-0.147986,0.074742,0.374738,0.562001,-0.08992,0.822229,-0.174852,0.958626,0.224489,-0.809079,-0.269826,0.521965,0.022448,0.000384,0.011896,-0.022555,-0.054761,0.051671,-0.243217,0.04518,0.060641,0.009572,-0.548639,0.071145,0.833026,0.207871,-0.953476,0.218338,0.809805,0.292951,0.508325,0.005724,-0.000544,0.005954,-0.070066,0.113076,-0.117774,-0.421088,0.070135,0.052389,-0.043232,-0.353191,0.722121,-0.594808,-0.91614,-0.395797,0.063481,-0.189583,0.567349,0.801356,0.002422,-0.004041,0.025376,0.111009,0.511847,0.233915,-0.869541
2553,0.112116,0.055345,0.401641,-0.207749,0.746381,-0.632298,-0.97575,-0.203608,0.080166,-0.068655,0.632692,0.771372,0.005384,-0.005978,0.05162,-0.101028,0.10272,0.047794,-1.523692,-0.147675,0.074825,0.374922,0.564161,-0.088601,0.820891,-0.174559,0.958887,0.223602,-0.807639,-0.269338,0.524441,0.01002,0.011268,0.004363,0.032046,-0.085686,0.01758,-0.242922,0.045341,0.060677,0.009667,-0.550642,0.06998,0.831802,0.207575,-0.953698,0.217647,0.808519,0.292507,0.510621,0.01117,0.000644,0.006139,-0.012667,-0.075765,0.03767,-0.420924,0.070154,0.052334,-0.042746,-0.351873,0.725348,-0.591654,-0.91708,-0.39374,0.062701,-0.187478,0.564657,0.803749,0.0028,-0.002427,0.026052,-0.116674,0.061269,0.062982,-0.873297
2554,0.112109,0.055046,0.403878,-0.203337,0.754346,-0.624228,-0.976918,-0.198865,0.077819,-0.065189,0.624706,0.778152,-0.005977,-0.011591,0.063208,-0.085748,0.24044,0.052448,-1.508166,-0.147163,0.075006,0.375255,0.565764,-0.086601,0.820002,-0.179798,0.957517,0.225317,-0.805366,-0.27481,0.525099,0.011404,-0.000772,0.012054,-0.043452,-0.024845,0.027417,-0.243183,0.045596,0.060774,0.009831,-0.55202,0.0682,0.831037,0.2128,-0.952124,0.21949,0.806219,0.298007,0.511079,0.005056,0.004983,0.001874,-0.032873,-0.038637,0.03178,-0.420761,0.070156,0.052189,-0.041631,-0.349159,0.733357,-0.58333,-0.919106,-0.389301,0.060717,-0.182564,0.557343,0.809962,0.00278,-0.00609,0.031217,-0.072122,0.237337,0.119805,-0.879012
2555,0.112148,0.054732,0.406215,-0.199244,0.762283,-0.61585,-0.978005,-0.194182,0.075972,-0.061435,0.616493,0.784977,0.006232,-0.002376,0.052929,-0.031632,0.247256,0.115147,-1.507991,-0.146783,0.075234,0.375518,0.566779,-0.087852,0.819167,-0.179218,0.957275,0.226804,-0.804782,-0.275254,0.52576,0.010157,0.009426,0.003514,0.003999,-0.030174,0.053792,-0.242853,0.045786,0.060886,0.009966,-0.553069,0.069441,0.830236,0.212242,-0.951898,0.221003,0.805647,0.298441,0.511727,-0.000401,0.003911,0.001734,0.000826,0.000252,0.000511,-0.420924,0.070175,0.052032,-0.040437,-0.346707,0.741499,-0.574431,-0.921093,-0.384812,0.059208,-0.177145,0.549633,0.816407,0.003106,-0.001081,0.02651,-0.038074,0.235395,0.110593,-0.887503
2556,0.112201,0.054582,0.407358,-0.19878,0.766895,-0.610248,-0.978339,-0.191911,0.07742,-0.0575,0.611466,0.789195,0.005409,-0.013062,0.061946,-0.070601,0.357091,-0.078625,-1.508506,-0.146661,0.075351,0.37562,0.567775,-0.085081,0.818769,-0.184544,0.956105,0.227464,-0.802873,-0.280148,0.526094,0.010178,0.009146,0.003385,0.000701,-0.031086,0.051675,-0.243112,0.045848,0.060943,0.010017,-0.553989,0.066647,0.829851,0.217537,-0.950571,0.221564,0.8036,0.303267,0.512108,-0.000375,0.003633,0.001609,-0.0084,-0.017908,0.018035,-0.420924,0.070199,0.051963,-0.039888,-0.347068,0.745686,-0.568766,-0.92186,-0.382732,0.060745,-0.172388,0.545405,0.820253,-0.002442,0.000199,0.027283,-0.001494,0.300738,0.137122,-0.890116
2557,0.112378,0.054448,0.409464,-0.198622,0.774196,-0.601011,-0.978806,-0.187821,0.081446,-0.049588,0.603488,0.795845,0.00598,-0.003382,0.052339,-0.044809,0.220708,0.100345,-1.482464,-0.146571,0.075545,0.375758,0.56826,-0.085659,0.818372,-0.184209,0.956014,0.228117,-0.802607,-0.280281,0.526429,-0.000508,0.004958,0.002197,0.0,-0.0,-0.0,-0.243084,0.045896,0.061045,0.010088,-0.554525,0.067258,0.829444,0.217161,-0.950495,0.222257,0.803332,0.30337,0.512467,-0.000288,0.002793,0.001235,0.002519,-0.014806,0.024876,-0.420924,0.070288,0.051894,-0.03883,-0.348466,0.752204,-0.559249,-0.923046,-0.379118,0.065223,-0.16296,0.538941,0.826429,0.003058,-0.001262,0.026342,-0.00669,0.267548,0.153976,-0.890606
2558,0.112673,0.054536,0.411205,-0.201531,0.778493,-0.594457,-0.978679,-0.18453,0.090041,-0.039355,0.598961,0.799827,0.016848,0.000638,0.03984,-0.107363,0.083521,-0.1216,-1.436024,-0.146643,0.075674,0.375849,0.568478,-0.085887,0.818197,-0.184082,0.955974,0.228389,-0.802482,-0.280349,0.526583,-0.011277,0.00174,0.001444,-0.002045,0.015205,-0.029245,-0.243032,0.045864,0.061109,0.010133,-0.554765,0.067509,0.829263,0.217005,-0.950463,0.222549,0.803208,0.303416,0.512634,0.000468,-0.003662,0.004901,-0.034105,-0.006549,0.005429,-0.420761,0.07043,0.051937,-0.037965,-0.351938,0.7557,-0.552319,-0.923594,-0.376203,0.073781,-0.152028,0.536085,0.830361,0.002835,0.001408,0.020641,-0.104114,-0.006967,0.02645,-0.886034
2559,0.112969,0.054863,0.412463,-0.206847,0.781522,-0.588628,-0.977969,-0.182344,0.101477,-0.027776,0.595679,0.802758,0.006047,0.018748,0.020689,-0.032451,-0.020332,0.061056,-1.381891,-0.146813,0.075712,0.375876,0.568472,-0.085832,0.818207,-0.184114,0.955979,0.228343,-0.802479,-0.28035,0.526588,-2.9e-05,0.000287,0.000127,0.0,-0.0,-0.0,-0.243064,0.045775,0.061131,0.010148,-0.554742,0.067445,0.829283,0.217035,-0.950471,0.222485,0.803215,0.303406,0.512629,-0.00549,-0.000574,8.4e-05,-0.001789,0.015277,-0.029092,-0.420761,0.070582,0.052096,-0.037328,-0.357909,0.757202,-0.546393,-0.923214,-0.374637,0.085563,-0.139911,0.535062,0.833146,0.008249,0.003384,0.014378,-0.068492,0.062077,-0.104141,-0.87591
