frame,MLTx,MLTy,MLTz,MLTR1,MLTR2,MLTR3,MLTR4,MLTR5,MLTR6,MLTR7,MLTR8,MLTR9,MLTTVx,MLTTVy,MLTTVz,MLTRVx,MLTRVy,MLTRVz,MLGA,MRTx,MRTy,MRTz,MRTR1,MRTR2,MRTR3,MRTR4,MRTR5,MRTR6,MRTR7,MRTR8,MRTR9,MRTTVx,MRTTVy,MRTTVz,MRTRVx,MRTRVy,MRTRVz,MRGA,SLTx,SLTy,SLTz,SLTR1,SLTR2,SLTR3,SLTR4,SLTR5,SLTR6,SLTR7,SLTR8,SLTR9,SLTTVx,SLTTVy,SLTTVz,SLTRVx,SLTRVy,SLTRVz,SLGA,SRTx,SRTy,SRTz,SRTR1,SRTR2,SRTR3,SRTR4,SRTR5,SRTR6,SRTR7,SRTR8,SRTR9,SRTTVx,SRTTVy,SRTTVz,SRTRVx,SRTRVy,SRTRVz,SRGA
1114,0.18382,0.035905,0.311004,-0.953059,0.296794,-0.060308,-0.275535,-0.76682,0.579689,0.126988,0.568722,0.812685,-0.013181,-0.000157,0.000358,-0.000984,0.014715,-0.029553,-1.908717,-0.03993,0.016144,0.346624,0.741775,0.356192,0.568232,-0.625061,0.673976,0.393686,-0.243667,-0.647649,0.721832,0.099273,-0.021642,-0.035042,-0.14044,0.718985,-0.412824,-1.353832,0.074023,0.026017,-0.008224,-0.705611,-0.402797,0.582981,0.659683,-0.673787,0.33291,0.25871,0.619488,0.741149,0.049577,-0.010655,-0.017418,0.137849,1.420794,-0.51359,-0.890385,0.129106,0.042466,-0.085673,-0.9848,0.147566,-0.091605,-0.173685,-0.839713,0.514504,-0.001,0.522594,0.85258,-0.006591,-5.6e-05,0.000206,0.004761,-0.105065,0.129235,-0.878359
1115,0.183505,0.035868,0.311023,-0.952778,0.296929,-0.063981,-0.277866,-0.766741,0.57868,0.123954,0.568759,0.813127,-0.013183,-0.000258,0.000269,-0.000984,0.014715,-0.029553,-1.908637,-0.036153,0.015391,0.345326,0.739182,0.335972,0.583716,-0.617697,0.683377,0.389075,-0.269096,-0.648574,0.711901,0.084156,-0.019069,-0.031156,0.908572,0.940477,0.689053,-1.383359,0.075885,0.025636,-0.008871,-0.701098,-0.386804,0.599035,0.655909,-0.679379,0.328979,0.279722,0.623559,0.730019,0.042031,-0.009413,-0.015508,-0.014604,0.17297,-0.334002,-0.881404,0.128948,0.042443,-0.08566,-0.984388,0.148005,-0.095252,-0.175962,-0.839919,0.513393,-0.00402,0.522139,0.85285,-0.006592,-0.000147,0.000124,-0.002143,0.017158,-0.030926,-0.878522
1116,0.183377,0.035839,0.311043,-0.952738,0.296976,-0.064359,-0.278112,-0.766623,0.578719,0.123711,0.568893,0.813071,-0.012851,-0.012058,0.007377,-0.036706,0.028401,-0.04711,-1.908751,-0.034445,0.015111,0.344791,0.740014,0.323108,0.589891,-0.610437,0.690653,0.387684,-0.283063,-0.647384,0.707554,0.095387,-0.009041,-0.025075,0.246473,0.368191,0.091979,-1.397716,0.076742,0.025487,-0.009147,-0.703226,-0.371384,0.606256,0.646269,-0.689321,0.32737,0.296325,0.62202,0.724763,0.041159,-0.007061,-0.013567,3.225579,2.324024,3.588783,-0.889568,0.128884,0.042433,-0.085653,-0.98436,0.148041,-0.09548,-0.176111,-0.839868,0.513425,-0.004182,0.522211,0.852805,-1e-06,1e-05,1.3e-05,-0.00018,0.000379,-6.2e-05,-0.878359
1117,0.18321,0.035784,0.311079,-0.952635,0.297129,-0.06517,-0.278681,-0.766363,0.578789,0.123215,0.569163,0.812957,-0.013178,0.00023,0.000685,-0.000984,0.014715,-0.029553,-1.9087,-0.031121,0.014699,0.344063,0.735176,0.308406,0.60365,-0.604441,0.701156,0.378107,-0.307553,-0.643229,0.701093,0.0791,-0.00515,-0.019294,-0.026186,0.171402,-0.301693,-1.400456,0.078411,0.025279,-0.00952,-0.698579,-0.356212,0.620563,0.639041,-0.700747,0.31714,0.321889,0.618114,0.717162,0.045982,0.000185,-0.00854,-0.02459,0.134448,-0.245262,-0.890221,0.128801,0.042401,-0.085633,-0.98423,0.148317,-0.096392,-0.176824,-0.839677,0.513492,-0.004779,0.522439,0.852662,3e-06,0.000291,0.000255,7e-06,6e-05,8.7e-05,-0.878359
1118,0.183122,0.035747,0.311103,-0.952443,0.297454,-0.066471,-0.279679,-0.766011,0.578773,0.122425,0.569466,0.812864,0.0,0.0,0.0,-0.0,-0.0,-0.0,-1.908599,-0.028117,0.014474,0.343594,0.729153,0.301447,0.614375,-0.603755,0.705839,0.370412,-0.322892,-0.641393,0.695858,0.066146,-0.013845,-0.006522,0.259034,0.260398,0.189782,-1.400275,0.079924,0.025168,-0.009756,-0.691562,-0.350973,0.631314,0.639485,-0.703887,0.309193,0.335856,0.617543,0.711224,0.039651,-0.004545,-0.002535,3.342557,2.099491,3.726023,-0.892507,0.128752,0.042383,-0.08562,-0.984042,0.148751,-0.097637,-0.177844,-0.839488,0.513448,-0.005589,0.522619,0.852547,-1e-06,-1e-06,2e-06,0.005703,-0.119825,0.158677,-0.878032
1119,0.183045,0.035677,0.311136,-0.952233,0.297812,-0.067867,-0.280748,-0.76559,0.578813,0.121602,0.569844,0.812722,-3e-06,-0.00019,-0.000163,-0.0,-0.0,-0.0,-1.908688,-0.025724,0.014245,0.343172,0.722931,0.288345,0.627868,-0.599555,0.713253,0.362957,-0.344065,-0.639192,0.687688,0.065009,-0.010583,-0.00373,-0.05835,0.159628,-0.305999,-1.400335,0.081125,0.025057,-0.009965,-0.685608,-0.336985,0.645277,0.633928,-0.71214,0.301646,0.357878,0.61587,0.701873,0.024384,-0.002235,-0.006786,-0.002029,0.078754,-0.148334,-0.893814,0.128718,0.042349,-0.085603,-0.983828,0.14925,-0.099015,-0.178991,-0.839241,0.513454,-0.006465,0.522874,0.852384,0.000159,-0.0061,0.003386,-0.035689,0.013727,-0.017503,-0.877542
1120,0.183006,0.035641,0.311159,-0.952127,0.297991,-0.068567,-0.281283,-0.765371,0.578842,0.121194,0.570044,0.812643,-0.0,-3e-06,-3e-06,-0.0,-0.0,-0.0,-1.908661,-0.024686,0.014146,0.342988,0.718676,0.27874,0.637024,-0.596203,0.718298,0.358501,-0.358533,-0.637788,0.681575,0.061834,0.001037,-0.011375,-0.119862,0.165359,-0.04828,-1.400486,0.081686,0.025003,-0.010062,-0.680978,-0.327863,0.654808,0.63069,-0.716996,0.296894,0.372154,0.61516,0.695038,0.030864,0.00066,-0.005595,-0.135029,0.161422,-0.034792,-0.89561,0.128694,0.04233,-0.085592,-0.983727,0.149481,-0.099675,-0.179534,-0.839114,0.513472,-0.006885,0.523012,0.852297,-0.006594,-5.8e-05,0.000194,-0.000969,0.014762,-0.029523,-0.877869
1121,0.182869,0.035593,0.3112,-0.952002,0.298181,-0.069464,-0.281932,-0.765088,0.578902,0.120654,0.570325,0.812526,2e-06,9.9e-05,8.5e-05,-0.0,-0.0,-0.0,-1.90858,-0.022531,0.013819,0.342707,0.707002,0.254537,0.659811,-0.584407,0.735531,0.342632,-0.398971,-0.628155,0.667912,0.051927,-0.014824,-0.005151,-0.127701,0.233783,-0.136154,-1.400708,0.082761,0.024845,-0.010197,-0.668862,-0.3044,0.678206,0.618623,-0.733819,0.280739,0.412224,0.607329,0.679133,0.025994,-0.007456,-0.002656,-0.141573,0.229438,-0.123453,-0.893161,0.128626,0.042306,-0.085571,-0.983596,0.149752,-0.10055,-0.180224,-0.83894,0.513514,-0.007456,0.523213,0.852168,-0.0,4.9e-05,4.4e-05,0.0,1.3e-05,2.7e-05,-0.878196
1122,0.182671,0.035636,0.311218,-0.951831,0.298436,-0.070703,-0.282858,-0.764851,0.578763,0.119829,0.570509,0.81252,2.2e-05,0.001306,0.001123,0.0,0.0,0.0,-1.908585,-0.020339,0.013055,0.342509,0.69224,0.221643,0.686782,-0.566978,0.755667,0.327777,-0.447182,-0.616565,0.647873,0.054042,-0.018424,-0.009007,-0.443476,0.643927,-0.326201,-1.40056,0.083854,0.024468,-0.010291,-0.653778,-0.273343,0.705589,0.600956,-0.754194,0.264655,0.45981,0.597054,0.657343,0.027098,-0.009355,-0.004681,-0.581099,0.754733,-0.228715,-0.88369,0.128527,0.042325,-0.085564,-0.983416,0.15012,-0.10176,-0.181169,-0.838842,0.513342,-0.008298,0.523265,0.852129,1.3e-05,0.000757,0.000655,0.006487,-0.137144,0.181664,-0.878196
1123,0.182572,0.035664,0.311233,-0.95173,0.298589,-0.071414,-0.283394,-0.764711,0.578685,0.119361,0.570616,0.812514,2.6e-05,0.001484,0.001277,0.0,0.0,0.0,-1.908676,-0.019133,0.012572,0.342424,0.680487,0.207973,0.702621,-0.560161,0.765685,0.316038,-0.473096,-0.608898,0.636621,0.057952,-0.030595,-0.002278,0.350016,1.050891,-0.531063,-1.400316,0.084435,0.024239,-0.010331,-0.642361,-0.259225,0.72123,0.593861,-0.76322,0.254603,0.484458,0.591858,0.644207,0.035806,-0.013138,-0.000675,1.670483,2.799473,-0.982996,-0.88124,0.128477,0.042339,-0.085557,-0.983311,0.150337,-0.102453,-0.181717,-0.838783,0.513245,-0.008777,0.523297,0.852104,1.4e-05,0.000863,0.000747,0.00083,-0.017351,0.023004,-0.878032
1124,0.182356,0.035684,0.311285,-0.95157,0.298818,-0.072586,-0.284246,-0.764432,0.578636,0.118602,0.57087,0.812446,1.4e-05,0.000779,0.00067,0.0,0.0,0.0,-1.90886,-0.016508,0.011394,0.34222,0.650593,0.198158,0.733113,-0.561311,0.775595,0.288646,-0.512198,-0.599541,0.614872,0.07448,-0.03077,-0.006328,1.101172,0.761003,0.465319,-1.400694,0.08574,0.023654,-0.010428,-0.610503,-0.250675,0.751296,0.595208,-0.771015,0.226411,0.522505,0.585403,0.619911,0.030618,-0.018115,-0.004218,3.940586,1.859429,2.815744,-0.881404,0.128369,0.042352,-0.085529,-0.98314,0.150671,-0.103599,-0.182601,-0.838638,0.513169,-0.009562,0.523434,0.852012,-0.006584,0.000412,0.000596,-0.000957,0.014718,-0.029541,-0.878032
1125,0.18211,0.0357,0.311321,-0.951451,0.298967,-0.073526,-0.284904,-0.764225,0.578587,0.11797,0.571069,0.812398,1.6e-05,0.000868,0.000746,0.0,0.0,0.0,-1.908717,-0.013797,0.009744,0.342001,0.633117,0.173229,0.754418,-0.541079,0.795907,0.271477,-0.554193,-0.580292,0.596654,0.076861,-0.034048,-0.010357,-0.122342,0.347389,-0.526313,-1.400964,0.08707,0.022847,-0.010536,-0.593556,-0.224831,0.772749,0.57308,-0.792216,0.209693,0.56504,0.567312,0.599071,0.039837,-0.022184,-0.000821,0.188115,0.461997,-0.277326,-0.878138,0.128246,0.042359,-0.085511,-0.983007,0.150904,-0.10452,-0.183281,-0.838533,0.513097,-0.010215,0.523535,0.851942,7e-06,0.000452,0.000393,1.2e-05,1.8e-05,-4e-06,-0.878196
1126,0.181872,0.035714,0.311329,-0.951307,0.299157,-0.0746,-0.285679,-0.764015,0.578481,0.117243,0.57125,0.812376,-0.01318,-3.1e-05,0.000445,-0.000984,0.014715,-0.029553,-1.908514,-0.010803,0.008003,0.341869,0.611895,0.164336,0.773673,-0.531912,0.809346,0.248923,-0.586009,-0.564045,0.581645,0.080774,-0.044855,-0.00289,0.115452,0.734288,-0.97087,-1.40099,0.088562,0.021976,-0.010609,-0.573851,-0.216062,0.789943,0.562661,-0.804888,0.188593,0.595069,0.552695,0.583455,0.040553,-0.022775,-0.001837,-0.132259,0.180919,-0.432305,-0.872749,0.128132,0.042367,-0.085507,-0.982846,0.151203,-0.105591,-0.184096,-0.838437,0.512961,-0.01097,0.523601,0.851892,1e-06,1.4e-05,1.6e-05,1.5e-05,2e-06,-1e-06,-0.878196
1127,0.181754,0.035713,0.311332,-0.951226,0.299267,-0.07519,-0.286107,-0.76389,0.578435,0.116852,0.571359,0.812356,0.0,1e-06,1e-06,0.0,0.0,0.0,-1.908417,-0.009245,0.007067,0.341797,0.60429,0.159042,0.780724,-0.525081,0.816394,0.240258,-0.599904,-0.555328,0.575838,0.083024,-0.048273,-0.00692,-0.111985,0.20572,-0.442477,-1.401065,0.089368,0.021496,-0.010639,-0.563446,-0.211602,0.798594,0.556509,-0.81164,0.177585,0.610594,0.544484,0.575074,0.043074,-0.029549,0.000622,-0.09833,0.160386,-0.331724,-0.874382,0.128068,0.042367,-0.085505,-0.982763,0.151353,-0.106146,-0.184515,-0.838381,0.512903,-0.011362,0.523648,0.851858,-0.006591,-6e-05,0.000187,-0.000959,0.014713,-0.02955,-0.878196
1128,0.181487,0.035713,0.311368,-0.951098,0.299424,-0.076191,-0.286804,-0.763655,0.5784,0.116185,0.57159,0.812289,-0.01316,0.000936,0.001273,0.004551,-0.105078,0.12912,-1.908404,-0.005715,0.004984,0.341579,0.578427,0.140195,0.803592,-0.499424,0.839692,0.213136,-0.645592,-0.524792,0.554678,0.088835,-0.062019,-0.002933,0.252662,0.536648,-0.342877,-1.400808,0.091131,0.020459,-0.01075,-0.537019,-0.193191,0.821149,0.530551,-0.834144,0.150725,0.655838,0.516604,0.550449,0.049832,-0.023346,-0.005164,1.433651,1.113436,0.125114,-0.874382,0.12794,0.042365,-0.085489,-0.982638,0.151559,-0.107011,-0.185144,-0.838269,0.512859,-0.011975,0.523768,0.851776,1.3e-05,0.000667,0.000577,-4e-06,-1.7e-05,3e-06,-0.878359
1129,0.18124,0.035703,0.311381,-0.950941,0.299628,-0.077332,-0.287623,-0.7634,0.57833,0.11543,0.571824,0.812232,0.0,0.0,0.0,0.0,0.0,0.0,-1.908453,-0.00188,0.00278,0.341264,0.555834,0.133387,0.820517,-0.491115,0.848991,0.194815,-0.671299,-0.511421,0.536348,0.101485,-0.047516,-0.012597,-0.436116,0.607117,-0.168273,-1.400746,0.093046,0.019348,-0.010908,-0.514619,-0.188407,0.836462,0.520855,-0.843621,0.130427,0.681084,0.502796,0.532276,0.044024,-0.026708,-0.007514,0.009862,0.112402,-0.210512,-0.876668,0.127816,0.042362,-0.08548,-0.982445,0.151919,-0.108264,-0.186107,-0.838126,0.512746,-0.012843,0.523894,0.851686,-1e-06,-1e-05,-3e-06,1.7e-05,-1e-06,-7e-06,-0.878196
1130,0.181142,0.035687,0.311384,-0.95083,0.299788,-0.07807,-0.288175,-0.763222,0.57829,0.114961,0.571977,0.812191,-2e-06,-7.2e-05,-6.2e-05,0.0,0.0,0.0,-1.908597,-9e-06,0.001771,0.341031,0.545694,0.130825,0.827705,-0.483335,0.855948,0.183506,-0.685125,-0.500362,0.529249,0.103084,-0.049176,-0.015191,0.24259,0.763132,-0.957049,-1.401078,0.093979,0.018846,-0.011021,-0.504115,-0.183543,0.843907,0.513276,-0.84953,0.121843,0.694561,0.49458,0.522468,0.051394,-0.024357,-0.007385,1.146266,1.949155,-1.929767,-0.880097,0.127762,0.042353,-0.085479,-0.982335,0.152134,-0.108963,-0.186656,-0.838038,0.512691,-0.013318,0.523973,0.85163,-2e-06,-3.7e-05,-2.8e-05,1.7e-05,-1.6e-05,4e-06,-0.878359
1131,0.180916,0.03563,0.311434,-0.950698,0.299955,-0.079037,-0.288846,-0.762914,0.578362,0.114365,0.5723,0.812048,2.2e-05,0.000964,0.000828,0.0,0.0,0.0,-1.908559,0.004026,-0.000201,0.340484,0.517945,0.111265,0.848142,-0.454135,0.87594,0.162556,-0.725459,-0.469507,0.503125,0.089935,-0.053323,-0.017135,0.494837,2.327775,-1.928869,-1.401094,0.096005,0.017857,-0.011299,-0.47817,-0.165082,0.862612,0.482924,-0.869789,0.101243,0.733578,0.464987,0.495629,0.051973,-0.024087,-0.007916,-0.085816,0.652961,0.245398,-0.882383,0.127649,0.042322,-0.085456,-0.98219,0.152388,-0.109909,-0.18737,-0.837844,0.512746,-0.013951,0.524208,0.851475,1.4e-05,0.000653,0.000565,2.9e-05,-1e-05,2e-06,-0.87591
1132,0.180749,0.035575,0.311471,-0.950485,0.300262,-0.080414,-0.28987,-0.762518,0.578372,0.113527,0.572666,0.811907,-0.013183,-5.9e-05,0.00041,0.004485,-0.105016,0.129169,-1.90883,0.007912,-0.001737,0.339706,0.50094,0.099581,0.859729,-0.440753,0.884189,0.154534,-0.745377,-0.456468,0.485709,0.096314,-0.022504,-0.029039,0.215186,0.461027,-0.030917,-1.401109,0.097911,0.017083,-0.011684,-0.458233,-0.154029,0.875383,0.471428,-0.877044,0.092455,0.753509,0.455047,0.474504,0.042473,-0.018842,-0.01062,4.41966,1.283769,2.647816,-0.887119,0.127566,0.042297,-0.085436,-0.981971,0.152822,-0.11125,-0.188444,-0.837615,0.512726,-0.014829,0.524447,0.851313,-0.006593,-3.4e-05,0.000204,0.00452,-0.105018,0.129163,-0.876236
1133,0.18066,0.035537,0.311467,-0.950328,0.300496,-0.0814,-0.290622,-0.762265,0.578328,0.112918,0.57288,0.811841,-3.5e-05,-0.001478,-0.00127,-0.000791,0.017348,-0.023,-1.908559,0.011352,-0.002595,0.338761,0.493195,0.100858,0.864048,-0.436483,0.887809,0.145644,-0.753013,-0.449102,0.480774,0.090961,-0.006605,-0.032495,0.420316,0.151231,0.079962,-1.401229,0.099706,0.016631,-0.012178,-0.449852,-0.15459,0.879621,0.466073,-0.880791,0.083561,0.761845,0.447558,0.468276,0.04537,-0.003095,-0.016067,0.42401,0.147099,0.083335,-0.890058,0.127521,0.042281,-0.085435,-0.981811,0.153146,-0.112209,-0.189224,-0.837481,0.512658,-0.015462,0.524567,0.851228,-1.6e-05,-0.000735,-0.000629,-0.000768,0.017347,-0.023007,-0.876726
1134,0.18064,0.035506,0.311467,-0.950227,0.300651,-0.081991,-0.291084,-0.762097,0.578316,0.112567,0.573021,0.81179,-3.1e-05,-0.001314,-0.001129,0.0,0.0,0.0,-1.908395,0.012975,-0.002885,0.338196,0.485082,0.097471,0.869015,-0.428827,0.892531,0.139394,-0.762618,-0.4404,0.47363,0.090639,-0.005303,-0.031534,0.068739,0.211593,-0.107019,-1.400919,0.100517,0.016488,-0.012459,-0.441523,-0.150938,0.884462,0.45808,-0.88552,0.077554,0.771504,0.439397,0.460119,0.045237,-0.002483,-0.015629,0.079153,0.19992,-0.128023,-0.892344,0.127511,0.042266,-0.085435,-0.981709,0.153364,-0.112804,-0.189722,-0.837385,0.512631,-0.015841,0.524656,0.851166,-3e-06,-0.000117,-9.9e-05,0.005481,-0.119714,0.158735,-0.877379
1135,0.180641,0.035457,0.311477,-0.950047,0.300938,-0.08302,-0.291898,-0.761794,0.578306,0.111971,0.573274,0.811694,-2e-06,-0.000103,-8.8e-05,0.0,0.0,0.0,-1.908827,0.015778,-0.003253,0.337116,0.472258,0.085988,0.877252,-0.417583,0.898232,0.136887,-0.77677,-0.431082,0.458976,0.058695,-0.009316,-0.027069,-0.072941,0.121901,0.054263,-1.4008,0.1019,0.016301,-0.012996,-0.42855,-0.139241,0.892723,0.446874,-0.891406,0.075484,0.785269,0.431284,0.444235,0.036072,-0.001278,-0.01205,-0.04624,0.09008,0.088091,-0.894793,0.127511,0.042237,-0.085434,-0.981538,0.15374,-0.113782,-0.190556,-0.837215,0.512599,-0.016453,0.524818,0.851055,-1e-06,-4e-05,-3.4e-05,2e-06,-5e-06,3e-06,-0.877216
1136,0.180651,0.035437,0.311498,-0.949848,0.301255,-0.084148,-0.292798,-0.761481,0.578264,0.111308,0.573523,0.81161,1e-06,3.2e-05,2.7e-05,0.0,0.0,0.0,-1.908497,0.017983,-0.003378,0.336307,0.466121,0.084236,0.880697,-0.414154,0.90037,0.13321,-0.78229,-0.426945,0.453436,0.054078,-0.001336,-0.017751,0.237603,0.504992,-0.597463,-1.400826,0.103005,0.016234,-0.013406,-0.423207,-0.137585,0.895525,0.443425,-0.89339,0.072297,0.790107,0.427695,0.439098,0.026738,-0.000181,-0.008321,0.795081,1.689343,-2.021406,-0.892671,0.127517,0.042228,-0.085422,-0.981344,0.154164,-0.114875,-0.191492,-0.837045,0.512529,-0.017142,0.524965,0.85095,0.0,2.2e-05,1.8e-05,1.4e-05,1.4e-05,-1e-05,-0.877379
1137,0.180652,0.035428,0.311503,-0.949725,0.301447,-0.08484,-0.29335,-0.761302,0.57822,0.110894,0.57366,0.81157,0.0,0.0,0.0,0.005461,-0.11968,0.158761,-1.908629,0.018877,-0.003458,0.336012,0.462537,0.081123,0.882876,-0.404199,0.905537,0.128684,-0.789591,-0.416485,0.4505,0.05265,0.001136,-0.014853,0.003136,-0.002497,0.005801,-1.40112,0.103452,0.016195,-0.013552,-0.418819,-0.134927,0.897989,0.43346,-0.898668,0.067135,0.797936,0.41736,0.434865,0.019005,-0.001879,-0.007807,0.004206,7.8e-05,-0.001824,-0.889242,0.127517,0.042223,-0.08542,-0.981225,0.154421,-0.115546,-0.192063,-0.836952,0.512467,-0.017571,0.525038,0.850897,-0.0,1e-06,-0.0,0.00547,-0.119685,0.158763,-0.877542
1138,0.180642,0.035437,0.311498,-0.949552,0.301714,-0.085826,-0.294139,-0.761084,0.578105,0.110281,0.573807,0.811549,0.0,0.0,0.0,0.0,0.0,0.0,-1.908218,0.020325,-0.003748,0.33563,0.448201,0.073969,0.890862,-0.386508,0.914586,0.118645,-0.80653,-0.3976,0.437364,0.03656,-0.001274,-0.012649,-0.073303,0.097805,0.061535,-1.401509,0.10418,0.016055,-0.01374,-0.404313,-0.127661,0.905667,0.415396,-0.907822,0.057478,0.814847,0.399449,0.420075,0.01268,-0.008487,-0.002641,-0.128988,0.125792,0.026699,-0.889405,0.127512,0.042228,-0.085422,-0.981054,0.154782,-0.116503,-0.192871,-0.836853,0.512324,-0.018197,0.525089,0.850852,0.0,0.0,-0.0,0.005477,-0.119684,0.158757,-0.877053
1139,0.180631,0.035454,0.311488,-0.9494,0.301946,-0.086687,-0.294829,-0.760912,0.577981,0.109738,0.573913,0.811547,0.0,0.0,0.0,0.0,0.0,0.0,-1.908486,0.021473,-0.004241,0.335413,0.434279,0.068296,0.89818,-0.363439,0.925592,0.105475,-0.824662,-0.372331,0.425634,0.025299,-0.016741,-0.005081,5.138108,1.131446,1.70753,-1.401342,0.104755,0.015819,-0.013846,-0.390314,-0.123882,0.912308,0.397469,-0.916481,0.045601,0.830465,0.380413,0.406955,0.012564,-0.008243,-0.002407,0.718471,1.703861,-2.082423,-0.892671,0.127507,0.042237,-0.085427,-0.980906,0.155095,-0.117337,-0.193575,-0.836782,0.512174,-0.01875,0.525108,0.850828,-0.0,1e-06,0.0,4e-06,-1e-05,-0.0,-0.877379
1140,0.180572,0.035497,0.311513,-0.949284,0.30211,-0.087383,-0.295367,-0.760768,0.577894,0.109289,0.574017,0.811535,4.5e-05,0.001876,0.001612,0.00079,-0.017344,0.023003,-1.908336,0.022671,-0.005141,0.335548,0.413257,0.061016,0.908563,-0.337849,0.936767,0.090886,-0.846056,-0.3446,0.406575,0.027659,-0.025577,0.005325,-0.058186,0.082224,-0.106397,-1.401949,0.105353,0.015373,-0.013782,-0.368665,-0.114098,0.922533,0.366174,-0.930019,0.031308,0.854401,0.34935,0.384645,0.013676,-0.012551,0.002943,0.032921,0.147438,-0.263575,-0.889242,0.127477,0.042255,-0.085417,-0.980788,0.155324,-0.118015,-0.194125,-0.836719,0.512069,-0.019209,0.525141,0.850797,2.2e-05,0.00095,0.000818,0.000804,-0.017332,0.022991,-0.877706
1141,0.180524,0.035539,0.311538,-0.949238,0.302168,-0.087676,-0.295586,-0.760719,0.577847,0.109089,0.574051,0.811537,5.8e-05,0.002432,0.002089,0.00079,-0.017345,0.023002,-1.908556,0.023239,-0.00565,0.335739,0.410995,0.058778,0.909736,-0.335429,0.937616,0.091086,-0.848117,-0.342668,0.403905,0.026733,-0.024078,0.007183,-0.073735,0.012337,-0.068998,-1.401812,0.105639,0.015116,-0.013689,-0.366587,-0.112022,0.923614,0.363838,-0.930929,0.031499,0.856291,0.347594,0.382024,0.014608,-0.016645,0.008612,-0.106549,0.04865,-0.268612,-0.886139,0.127453,0.042276,-0.085405,-0.98074,0.155409,-0.118301,-0.194346,-0.836702,0.512013,-0.019412,0.525143,0.850791,3e-05,0.001237,0.001064,0.000803,-0.017334,0.022995,-0.877216
1142,0.180416,0.035567,0.311592,-0.949149,0.302279,-0.088257,-0.296006,-0.760563,0.577838,0.108723,0.574199,0.811481,6e-06,0.000259,0.000223,0.005439,-0.119693,0.158752,-1.908463,0.024386,-0.006801,0.336207,0.401152,0.063503,0.913803,-0.329605,0.940735,0.079445,-0.855076,-0.33315,0.397138,0.030337,-0.034813,0.015185,-0.031223,0.148419,-0.287062,-1.401964,0.106196,0.014562,-0.013458,-0.357194,-0.116585,0.926725,0.357453,-0.933709,0.020312,0.862925,0.338516,0.375189,0.013451,-0.012122,0.003404,0.69352,1.643502,-2.11486,-0.890875,0.127399,0.042295,-0.085373,-0.98067,0.155521,-0.118731,-0.194668,-0.83663,0.512009,-0.019706,0.525225,0.850734,1e-06,9.6e-05,8.5e-05,-2e-06,-5e-06,-1e-06,-0.877543
1143,0.180308,0.035549,0.311606,-0.949086,0.30235,-0.088693,-0.29631,-0.760441,0.577842,0.108444,0.574323,0.811431,0.0,0.0,0.0,0.0,0.0,0.0,-1.908393,0.025459,-0.008106,0.336779,0.386798,0.065552,0.919827,-0.307165,0.949624,0.061616,-0.869907,-0.306462,0.38627,0.029303,-0.033086,0.017301,0.132802,0.48119,-0.698173,-1.401389,0.106741,0.013908,-0.013176,-0.344224,-0.117297,0.931531,0.334325,-0.942445,0.00487,0.877346,0.31311,0.363628,0.013179,-0.01162,0.004002,-0.057206,-0.018921,-0.034302,-0.896753,0.127345,0.042285,-0.085367,-0.980576,0.155684,-0.119295,-0.195104,-0.836542,0.511987,-0.020087,0.525318,0.850668,-0.006592,-4.9e-05,0.000187,-0.000979,0.014719,-0.029555,-0.877706
1144,0.180248,0.035551,0.311597,-0.949068,0.302363,-0.088842,-0.296409,-0.760428,0.577809,0.10833,0.574334,0.811439,-0.013187,-0.000234,0.000254,0.00444,-0.104974,0.129202,-1.90858,0.025881,-0.008699,0.337017,0.382556,0.065863,0.921577,-0.29829,0.952805,0.055853,-0.874856,-0.296355,0.382968,0.015228,-0.039282,0.015108,-0.059478,0.016969,-0.11426,-1.401532,0.106962,0.0136,-0.01305,-0.337579,-0.119191,0.93372,0.325432,-0.94556,-0.003046,0.883252,0.302835,0.35799,0.012923,-0.0112,0.004524,0.070702,-0.007122,0.013891,-0.898386,0.12732,0.042286,-0.085372,-0.980575,0.155671,-0.119325,-0.195107,-0.836555,0.511964,-0.020124,0.525301,0.850678,-2e-06,-0.000135,-0.000114,-1e-06,-4e-06,2e-06,-0.878196
1145,0.180169,0.035535,0.3116,-0.949066,0.302348,-0.088914,-0.296435,-0.760404,0.577827,0.108273,0.574373,0.811418,-0.0,-4e-06,-3e-06,0.0,0.0,0.0,-1.908433,0.026577,-0.009875,0.337424,0.356805,0.053011,0.932669,-0.258172,0.965061,0.044038,-0.898166,-0.256579,0.356831,0.012064,-0.02904,0.006293,4.789915,0.877959,1.935178,-1.401685,0.107311,0.013009,-0.012842,-0.312151,-0.108765,0.943785,0.289741,-0.956995,-0.014458,0.904771,0.26894,0.330241,0.006173,-0.014748,0.002835,-0.320705,0.906745,0.165408,-0.899366,0.127276,0.042277,-0.085372,-0.980547,0.1557,-0.119515,-0.195232,-0.836524,0.511968,-0.020263,0.525342,0.850649,-0.0,3e-06,5e-06,8e-06,7e-06,2e-06,-0.878196
1146,0.18013,0.035535,0.311601,-0.94901,0.302422,-0.089252,-0.296691,-0.760328,0.577795,0.108056,0.574434,0.811404,-0.0,-0.0,-0.0,0.0,0.0,0.0,-1.908195,0.026971,-0.011022,0.337535,0.325926,0.041577,0.944476,-0.220487,0.974787,0.033297,-0.919658,-0.21916,0.325669,0.010304,-0.02094,-0.005334,4.962793,0.601069,1.70447,-1.401425,0.107507,0.012435,-0.012779,-0.280076,-0.095742,0.95519,0.252554,-0.967311,-0.022904,0.92616,0.234823,0.295101,0.006484,-0.015202,0.002207,-0.330756,0.438054,-0.098098,-0.891364,0.127256,0.042277,-0.085371,-0.98049,0.155807,-0.119843,-0.195496,-0.836487,0.511927,-0.020486,0.525369,0.850627,-1e-06,3e-06,4e-06,-4e-06,-3e-06,3e-06,-0.877379
1147,0.18012,0.035528,0.311595,-0.948942,0.302523,-0.089635,-0.296994,-0.760238,0.577758,0.10782,0.5745,0.811389,-0.0,-1e-05,-9e-06,0.0,0.0,0.0,-1.908468,0.027205,-0.011928,0.337408,0.301017,0.03458,0.952987,-0.180816,0.983247,0.021557,-0.936624,-0.17886,0.30101,-0.004314,-0.026546,-0.006739,-0.149387,0.515472,-0.0636,-1.401496,0.107631,0.011982,-0.012845,-0.255929,-0.087228,0.962751,0.206891,-0.977786,-0.033593,0.944296,0.190588,0.268291,0.004758,-0.009876,-0.00192,0.130821,0.747726,-0.03548,-0.888752,0.127251,0.042273,-0.085374,-0.980422,0.155944,-0.120215,-0.195807,-0.836443,0.51188,-0.020728,0.525398,0.850603,-1e-06,2e-06,2e-06,9e-06,2e-06,1e-06,-0.877706
1148,0.1801,0.035528,0.311596,-0.948927,0.302541,-0.089733,-0.297065,-0.760217,0.577749,0.107755,0.574519,0.811384,-0.0,-0.0,-0.0,0.0,0.0,0.0,-1.908517,0.02729,-0.012398,0.337305,0.288527,0.029114,0.957024,-0.164544,0.986139,0.019727,-0.943517,-0.163214,0.288097,-0.003988,-0.027063,-0.00746,-0.333217,0.561118,-0.059764,-1.401546,0.107672,0.011748,-0.012895,-0.243372,-0.081418,0.966509,0.190379,-0.981096,-0.034709,0.951065,0.175557,0.254271,0.004984,-0.010214,-0.002387,-0.398498,0.671816,0.081355,-0.887282,0.127241,0.042273,-0.085373,-0.980406,0.155971,-0.12031,-0.19588,-0.836433,0.511869,-0.020795,0.525406,0.850596,-0.0,5e-06,4e-06,-1.8e-05,-1.2e-05,4e-06,-0.878033
1149,0.18009,0.035515,0.311585,-0.948837,0.302675,-0.090237,-0.297465,-0.760099,0.5777,0.107445,0.574605,0.811364,-1.2e-05,-0.000465,-0.0004,0.0,0.0,0.0,-1.908209,0.02719,-0.013401,0.337084,0.267563,0.014158,0.963432,-0.13112,0.99109,0.021969,-0.954842,-0.132235,0.265807,-0.019634,-0.031272,-0.006983,-0.175346,0.565272,-0.058318,-1.36816,0.107633,0.011253,-0.01301,-0.223019,-0.066427,0.972547,0.157642,-0.987,-0.031265,0.961982,0.146341,0.230592,-0.004394,-0.007228,-0.006548,1.201674,0.862205,0.592694,-0.886139,0.127236,0.042268,-0.085378,-0.980317,0.156153,-0.120799,-0.196291,-0.836375,0.511806,-0.021114,0.525444,0.850565,-8e-06,-0.000297,-0.000256,4e-06,-4e-06,1e-06,-0.878196
1150,0.180078,0.03547,0.311534,-0.948662,0.302934,-0.0912,-0.298235,-0.759886,0.577583,0.106847,0.57475,0.811341,-5.8e-05,-0.002275,-0.001954,-0.000784,0.017343,-0.023004,-1.908388,0.026472,-0.013968,0.336885,0.274609,-0.001616,0.96155,-0.129307,0.990815,0.038713,-0.953096,-0.134977,0.270652,-0.017753,0.004502,-0.010243,-0.570662,-1.438889,2.127149,-0.587024,0.107289,0.01094,-0.013123,-0.227675,-0.052566,0.972316,0.157403,-0.987395,-0.016524,0.96093,0.149283,0.233079,-0.014553,-0.005785,-0.001557,-0.197848,-0.411045,0.490641,-0.713378,0.12723,0.042248,-0.085401,-0.980142,0.156512,-0.121753,-0.197097,-0.836275,0.511659,-0.021739,0.525496,0.850517,-1.5e-05,-0.000577,-0.000495,2.8e-05,7e-06,-5e-06,-0.878359
1151,0.180077,0.035408,0.311493,-0.950239,0.297613,-0.092294,-0.294605,-0.761367,0.577495,0.102781,0.575574,0.811282,-9.3e-05,-0.003681,-0.003164,0.514688,-3.293881,-4.347815,-1.90834,0.025772,-0.014062,0.336793,0.290382,-0.019386,0.95671,-0.129458,0.989767,0.05947,-0.948408,-0.141112,0.283679,-0.048433,-0.004618,-0.010173,-0.180571,-0.271382,0.316501,-0.159102,0.106958,0.010894,-0.013167,-0.244679,-0.034806,0.968979,0.158385,-0.987366,0.004527,0.95658,0.154579,0.2471,-0.024695,-0.001584,-0.004102,-0.164148,-0.370677,0.514108,-0.626834,0.12723,0.042221,-0.085418,-0.97997,0.156865,-0.122676,-0.197882,-0.83615,0.51156,-0.02233,0.52559,0.850444,-4.1e-05,-0.001673,-0.001439,-0.000752,0.01733,-0.022997,-0.878522
1152,0.179993,0.035237,0.311336,-0.951582,0.292569,-0.094555,-0.291881,-0.762603,0.577247,0.097959,0.576529,0.8112,-0.000161,-0.006256,-0.005386,-0.000772,0.01728,-0.023092,-1.908251,0.022557,-0.014215,0.335945,0.339806,-0.020493,0.940268,-0.213643,0.971898,0.098515,-0.91626,-0.234342,0.324676,-0.12726,-0.012521,-0.035567,-5.41131,-0.848494,-2.100658,0.184776,0.105358,0.010825,-0.013578,-0.29673,-0.030798,0.954464,0.23826,-0.970259,0.042764,0.924761,0.2401,0.295243,-0.056724,-0.002864,-0.016242,-1.090402,-1.904325,1.900405,-0.509264,0.127188,0.042136,-0.085496,-0.981231,0.146051,-0.125915,-0.190359,-0.837936,0.511493,-0.030805,0.525862,0.850011,-0.006674,-0.003019,-0.002372,0.004035,-0.087052,0.105843,-0.878849
1153,0.17969,0.034983,0.311128,-0.953856,0.281667,-0.104247,-0.28904,-0.766256,0.573829,0.082934,0.577128,0.812448,-0.013367,-0.00604,-0.004762,0.00021,0.010932,-0.031689,-1.908578,0.016544,-0.014542,0.333562,0.390861,0.006299,0.920423,-0.251544,0.962594,0.100356,-0.885824,-0.270769,0.376646,-0.187859,-0.013502,-0.081583,-0.177514,-1.889516,0.425255,0.192724,0.102362,0.01068,-0.014731,-0.345592,-0.060225,0.936449,0.282669,-0.958266,0.042689,0.894798,0.279458,0.348193,-0.08659,-0.004082,-0.040062,0.481251,-0.914445,-1.280995,-0.441825,0.127041,0.042004,-0.085605,-0.981314,0.13563,-0.136479,-0.186865,-0.840864,0.507965,-0.045866,0.523976,0.850496,-9.7e-05,-0.003606,-0.003109,-0.000662,0.013636,-0.035561,-0.879992
1154,0.17899,0.034802,0.310957,-0.956184,0.26501,-0.124609,-0.287759,-0.770844,0.568302,0.055739,0.578925,0.81349,-0.013346,-0.004549,-0.003491,0.983888,-1.951708,1.33246,-1.908237,0.008853,-0.014899,0.329933,0.431463,0.052402,0.900602,-0.279333,0.956964,0.07827,-0.858257,-0.285413,0.426377,-0.207262,0.002013,-0.102317,-0.389837,-1.87444,0.430722,0.155921,0.098527,0.01049,-0.016547,-0.386557,-0.107304,0.916001,0.308744,-0.950957,0.018893,0.869051,0.290114,0.400728,-0.109155,-0.007305,-0.047966,0.322991,-1.101405,-1.293712,-0.318214,0.126691,0.04191,-0.085693,-0.980485,0.120214,-0.155552,-0.183403,-0.844259,0.503577,-0.07079,0.522278,0.849831,-0.01329,-0.002636,-0.001827,-0.058715,-0.01338,-0.151326,-0.877706
1155,0.178482,0.034716,0.3109,-0.958221,0.253987,-0.131714,-0.282958,-0.772553,0.568391,0.043798,0.581595,0.812316,-0.02656,-0.004067,-0.002645,-0.086999,-0.083382,-0.144046,-1.908412,0.004393,-0.014998,0.327941,0.44199,0.079518,0.893484,-0.307741,0.949009,0.067903,-0.843052,-0.305082,0.442778,-0.237298,-0.005524,-0.102588,-4.810632,-0.727825,-3.620617,0.165899,0.096311,0.010439,-0.017549,-0.399294,-0.130792,0.907445,0.330425,-0.943785,0.009364,0.855209,0.303582,0.420064,-0.119963,0.002195,-0.055761,-0.481893,-1.713426,0.552007,-0.17011,0.126442,0.041867,-0.085723,-0.979976,0.10984,-0.16607,-0.179959,-0.845523,0.502696,-0.0852,0.522517,0.848361,-0.013291,-0.002334,-0.001571,-0.079752,-0.08091,-0.218202,-0.878359
1156,0.177217,0.034509,0.310777,-0.958777,0.240746,-0.151105,-0.283569,-0.772443,0.568236,0.021271,0.587358,0.809065,-0.039901,-0.006357,-0.004239,-0.20183,-0.195521,-0.273165,-1.908341,-0.00521,-0.014839,0.323888,0.453604,0.10221,0.885318,-0.339361,0.938325,0.065676,-0.824545,-0.33037,0.459177,-0.242951,0.01427,-0.102521,0.155962,0.317733,-0.533057,0.21,0.091424,0.010511,-0.019621,-0.410155,-0.156648,0.898461,0.367094,-0.930168,0.005405,0.834873,0.332037,0.439017,-0.121501,0.007257,-0.050929,0.139918,0.430446,-0.491118,0.038575,0.125814,0.04177,-0.085779,-0.977571,0.098639,-0.186075,-0.1809,-0.845687,0.502083,-0.107836,0.524483,0.844563,-0.019942,-0.003013,-0.001959,-0.272231,-0.171939,-0.444073,-0.872971
1157,0.175676,0.034203,0.310535,-0.957622,0.229547,-0.174109,-0.288103,-0.773427,0.564605,-0.003868,0.590551,0.807008,-0.040112,-0.009768,-0.00727,-0.232599,-0.357606,-0.382976,-1.90829,-0.014727,-0.014474,0.320079,0.474122,0.077029,0.877078,-0.333627,0.937548,0.09814,-0.815311,-0.33925,0.469084,-0.253634,0.001568,-0.095173,-0.81295,-1.04683,2.203912,0.25469,0.086661,0.010702,-0.021515,-0.430705,-0.131647,0.892839,0.36271,-0.931139,0.037677,0.826398,0.34007,0.448796,-0.126753,0.00073,-0.047529,-0.815272,-0.960367,2.212098,0.119241,0.125044,0.041621,-0.085897,-0.973727,0.090139,-0.209116,-0.18526,-0.847566,0.497302,-0.132414,0.522977,0.841997,-0.020063,-0.005198,-0.003885,-0.005071,-0.988682,0.108919,-0.872481
1158,0.174822,0.03394,0.310358,-0.957378,0.220399,-0.186805,-0.288149,-0.776554,0.560273,-0.020391,0.589943,0.807204,-0.040342,-0.013719,-0.010761,0.901659,-1.879942,1.295779,-1.908617,-0.019528,-0.014382,0.318166,0.486457,0.054774,0.871981,-0.325446,0.937518,0.1228,-0.811356,-0.343595,0.472767,-0.252367,0.001314,-0.097229,-0.168641,0.058607,1.199739,0.269449,0.084353,0.010752,-0.022431,-0.444454,-0.11067,0.888938,0.355897,-0.932475,0.061852,0.822069,0.343861,0.45383,-0.125993,0.000278,-0.048941,-0.830647,-0.928216,2.700772,0.147654,0.124602,0.041489,-0.085984,-0.97168,0.080043,-0.222325,-0.183149,-0.849619,0.494573,-0.149305,0.521285,0.840219,-0.020178,-0.007121,-0.005586,0.939611,-1.835738,1.282534,-0.87444
1159,0.173083,0.033213,0.309906,-0.958286,0.192745,-0.211143,-0.280253,-0.779655,0.559971,-0.055497,0.595543,0.801421,-0.054028,-0.018494,-0.014698,-0.298842,-0.381668,-0.471748,-1.908623,-0.028992,-0.014471,0.314611,0.490933,0.040234,0.870263,-0.325095,0.935182,0.140289,-0.8088,-0.351847,0.471072,-0.234894,-0.000879,-0.086013,-4.561064,-0.871036,-2.145826,0.287007,0.079528,0.010704,-0.024248,-0.448544,-0.092857,0.888923,0.354308,-0.931572,0.081468,0.820532,0.351496,0.450751,-0.117313,-0.000636,-0.043063,-4.531506,-0.9435,-2.186893,0.184231,0.123753,0.041133,-0.086205,-0.966953,0.056389,-0.248638,-0.176443,-0.851971,0.492963,-0.184035,0.520543,0.833765,-0.020383,-0.00972,-0.007926,-0.286,-1.128366,0.014718,-0.871338
1160,0.170977,0.032318,0.309297,-0.955359,0.179155,-0.235026,-0.282878,-0.784774,0.551435,-0.084464,0.593076,0.800721,-0.054512,-0.022055,-0.01807,-0.064665,-0.098193,-0.300834,-1.908508,-0.038032,-0.014639,0.311515,0.499698,0.046976,0.86492,-0.350977,0.923809,0.152732,-0.792447,-0.379951,0.477,-0.232652,-0.007128,-0.074969,0.108338,-0.191203,0.320493,0.328115,0.075096,0.010621,-0.02577,-0.45751,-0.101243,0.883421,0.382222,-0.91942,0.092578,0.802863,0.380019,0.459342,-0.108839,-0.001699,-0.037124,-0.178521,-0.351314,0.325851,0.225053,0.1227,0.040685,-0.08651,-0.960869,0.043916,-0.273498,-0.177063,-0.856679,0.484509,-0.213023,0.513977,0.830932,-0.033896,-0.010884,-0.008699,0.073703,-0.623155,0.055166,-0.870684
1161,0.169832,0.031878,0.308937,-0.952406,0.169714,-0.253308,-0.285379,-0.788883,0.544237,-0.106283,0.590409,0.800093,-0.068059,-0.022645,-0.018389,0.69697,-2.040956,1.181149,-1.908484,-0.042552,-0.014776,0.310077,0.504292,0.05007,0.862075,-0.359828,0.919642,0.15721,-0.785536,-0.389547,0.480675,-0.232731,-0.005205,-0.074014,0.23334,-0.159873,0.361906,0.335419,0.072836,0.010552,-0.02649,-0.462186,-0.104437,0.880611,0.391296,-0.915155,0.096836,0.795783,0.389336,0.463837,-0.116429,-0.002377,-0.036546,0.214522,-0.076169,0.210993,0.245791,0.122133,0.040463,-0.086691,-0.956464,0.036366,-0.289574,-0.177366,-0.860381,0.477791,-0.231769,0.508351,0.829374,-0.02735,-0.011485,-0.009474,-0.25104,-0.247526,-0.359957,-0.870685
1162,0.167427,0.030893,0.308159,-0.94524,0.149567,-0.290165,-0.290017,-0.792913,0.535864,-0.148755,0.590484,0.793239,-0.068616,-0.024769,-0.02063,0.759494,-1.986282,1.196881,-1.908491,-0.051478,-0.0148,0.307547,0.511954,0.056078,0.857176,-0.374656,0.912472,0.164204,-0.773557,-0.405285,0.487049,-0.22087,0.010231,-0.061646,0.229723,-0.114431,0.267173,0.337957,0.068373,0.010524,-0.027772,-0.470019,-0.110339,0.875732,0.40619,-0.907894,0.103617,0.783639,0.404416,0.471546,-0.117704,0.002924,-0.031367,0.212371,0.017904,0.040835,0.261141,0.12093,0.03997,-0.087081,-0.944569,0.019482,-0.327732,-0.180936,-0.86385,0.470132,-0.273953,0.503371,0.819491,-0.027617,-0.012726,-0.010739,0.160912,-0.550675,0.081582,-0.872154
