frame,MLTx,MLTy,MLTz,MLTR1,MLTR2,MLTR3,MLTR4,MLTR5,MLTR6,MLTR7,MLTR8,MLTR9,MLTTVx,MLTTVy,MLTTVz,MLTRVx,MLTRVy,MLTRVz,MLGA,MRTx,MRTy,MRTz,MRTR1,MRTR2,MRTR3,MRTR4,MRTR5,MRTR6,MRTR7,MRTR8,MRTR9,MRTTVx,MRTTVy,MRTTVz,MRTRVx,MRTRVy,MRTRVz,MRGA,SLTx,SLTy,SLTz,SLTR1,SLTR2,SLTR3,SLTR4,SLTR5,SLTR6,SLTR7,SLTR8,SLTR9,SLTTVx,SLTTVy,SLTTVz,SLTRVx,SLTRVy,SLTRVz,SLGA,SRTx,SRTy,SRTz,SRTR1,SRTR2,SRTR3,SRTR4,SRTR5,SRTR6,SRTR7,SRTR8,SRTR9,SRTTVx,SRTTVy,SRTTVz,SRTRVx,SRTRVy,SRTRVz,SRGA
139,0.141108,0.033384,0.433745,-0.597191,0.023022,-0.801797,-0.144464,-0.98632,0.079213,-0.788266,0.163101,0.593349,0.000116,0.009382,-0.010139,0.035745,-0.011966,0.018724,-1.914132,-0.195529,0.007263,0.348168,0.741436,-0.014683,0.670856,-0.336029,0.857131,0.390314,-0.581657,-0.5148,0.629697,-0.003237,0.009689,-0.043074,0.008343,0.132202,0.090315,-1.404117,0.021906,0.0247,-0.002644,-0.6872,0.167263,0.70695,0.172232,-0.907877,0.382222,0.705756,0.384423,0.595085,-0.001647,0.004185,-0.022041,-0.030928,0.193419,0.092981,-0.929085,0.086049,0.04143,-0.022943,-0.665021,-0.008366,-0.746776,-0.024456,-0.999156,0.032973,-0.746422,0.040191,0.664256,7e-06,4.4e-05,1.7e-05,0.000225,-8e-06,-0.000187,-0.919018
140,0.14111,0.033422,0.433728,-0.596999,0.026633,-0.801828,-0.150287,-0.985459,0.079098,-0.787324,0.167686,0.593321,0.000127,0.000907,0.000338,-0.0,0.0,0.0,-1.913851,-0.195568,0.007432,0.347234,0.742449,-0.017646,0.669663,-0.333633,0.857,0.39265,-0.581746,-0.514922,0.629516,-0.003431,0.007114,-0.045123,0.059757,0.06962,0.017854,-1.404271,0.021864,0.024889,-0.003614,-0.685936,0.173096,0.706773,0.168521,-0.907098,0.385711,0.707878,0.383679,0.593041,-0.00207,0.007367,-0.028082,-0.161651,0.440327,0.279973,-0.927288,0.08605,0.041451,-0.022955,-0.665235,-0.004738,-0.746617,-0.03033,-0.998982,0.033363,-0.746016,0.044839,0.664415,9.2e-05,0.000637,0.000239,0.000604,-0.000133,2.1e-05,-0.919508
141,0.141102,0.03343,0.433721,-0.597002,0.026625,-0.801826,-0.150261,-0.985464,0.079089,-0.787326,0.16766,0.593325,2e-06,1.3e-05,5e-06,-0.0,0.0,0.0,-1.914598,-0.19561,0.007631,0.346259,0.740871,-0.022093,0.671277,-0.332057,0.856604,0.394845,-0.584656,-0.515402,0.62642,-0.00415,0.0153,-0.055739,-0.192001,0.470844,0.297314,-1.403975,0.021812,0.025035,-0.004172,-0.684153,0.179971,0.706784,0.166156,-0.905133,0.391313,0.710159,0.385154,0.589347,-0.009161,0.011236,-0.033122,0.038553,0.217121,0.085196,-0.927125,0.086041,0.041444,-0.022953,-0.665228,-0.004704,-0.746624,-0.03036,-0.998982,0.033345,-0.746021,0.04485,0.664408,-5.5e-05,-0.000382,-0.00014,0.000217,-1.9e-05,-0.000206,-0.918529
142,0.141108,0.033412,0.433714,-0.595035,0.02519,-0.803333,-0.150269,-0.985361,0.080342,-0.788813,0.168485,0.591113,0.000229,0.001632,0.000609,-0.109098,-0.398501,-0.114538,-1.914591,-0.196206,0.008923,0.341985,0.739032,-0.047405,0.671994,-0.320476,0.85256,0.41276,-0.593393,-0.520339,0.613999,-0.020434,0.031233,-0.093584,0.04915,0.205088,0.302305,-1.403502,0.021574,0.025539,-0.005704,-0.677612,0.199314,0.707894,0.159516,-0.899823,0.406045,0.71791,0.388062,0.577937,-0.003447,0.015614,-0.047216,0.046714,0.293257,0.196873,-0.923043,0.086049,0.041445,-0.022963,-0.66495,-0.004962,-0.74687,-0.030245,-0.998978,0.033564,-0.746274,0.044907,0.66412,2e-06,1.6e-05,6e-06,-0.152666,-0.537453,-0.195882,-0.917059
143,0.141149,0.033496,0.43358,-0.592815,0.02414,-0.805005,-0.150192,-0.98532,0.080989,-0.790498,0.16888,0.588743,0.011265,-0.002537,-0.001481,-0.014711,-0.070046,0.009367,-1.914709,-0.196815,0.01045,0.337496,0.741763,-0.071126,0.666873,-0.309211,0.845975,0.434337,-0.595965,-0.528288,0.604649,-0.02309,0.04998,-0.130317,-0.237048,0.041944,0.086291,-1.402098,0.02127,0.026298,-0.007932,-0.675707,0.223316,0.70253,0.150466,-0.891165,0.427999,0.72165,0.39491,0.568565,-0.004802,0.024195,-0.066209,-1.036878,-0.529679,-0.399487,-0.912756,0.08607,0.041494,-0.023028,-0.66085,-0.0067,-0.750487,-0.030069,-0.99892,0.035395,-0.749914,0.045957,0.659935,0.005623,-0.001341,-0.000769,-0.004131,-0.038587,0.019405,-0.917875
144,0.14117,0.033529,0.433469,-0.592723,0.024237,-0.80507,-0.150007,-0.985371,0.08071,-0.790603,0.168568,0.588693,-0.000353,-0.00252,-0.000941,-0.000229,-0.000809,-0.000295,-1.914205,-0.197112,0.011535,0.334774,0.747939,-0.069215,0.660142,-0.317186,0.836252,0.447224,-0.583923,-0.543794,0.602648,-0.010412,0.057304,-0.142714,-3.676902,-2.106694,-2.596983,-1.353862,0.021112,0.026855,-0.009346,-0.682855,0.222787,0.695755,0.159428,-0.883967,0.439526,0.712946,0.411056,0.568103,-0.005108,0.027934,-0.071908,-3.774135,-1.999829,-2.546291,-0.903285,0.08608,0.041511,-0.023083,-0.660948,-0.006514,-0.750402,-0.029882,-0.99894,0.034992,-0.749835,0.045551,0.660053,-0.000189,-0.001372,-0.000513,0.003313,0.009801,0.003143,-0.919019
145,0.141171,0.03355,0.433158,-0.590638,0.022811,-0.806642,-0.149397,-0.985402,0.081459,-0.792278,0.168588,0.58643,-0.000701,0.003559,-0.012308,0.033339,-0.005876,-0.009705,-1.913703,-0.197732,0.014459,0.328455,0.754155,-0.033321,0.655844,-0.357809,0.81646,0.4531,-0.551499,-0.576328,0.602957,-0.012882,0.095143,-0.181084,-3.369116,-2.352512,-2.921148,-1.13233,0.020806,0.028279,-0.012438,-0.695448,0.192108,0.69242,0.200274,-0.873599,0.443524,0.690102,0.447122,0.569069,-0.006167,0.041625,-0.086788,0.042287,0.217881,0.435768,-0.811679,0.086081,0.041522,-0.023233,-0.65879,-0.007641,-0.752287,-0.02923,-0.998932,0.035744,-0.751758,0.045537,0.657864,-0.000303,0.002081,-0.006043,0.041344,0.004262,0.023835,-0.922121
146,0.141125,0.03364,0.432722,-0.588578,0.021247,-0.808189,-0.148397,-0.9855,0.082099,-0.793998,0.168222,0.584205,-0.00081,0.002789,-0.012597,-0.095024,-0.458219,-0.175976,-1.913518,-0.198224,0.018462,0.320965,0.755315,0.004907,0.655337,-0.398331,0.797359,0.453305,-0.521247,-0.603431,0.603355,-0.014225,0.112729,-0.201422,-0.15216,0.24693,0.141692,-0.698019,0.020559,0.030271,-0.016177,-0.706171,0.149664,0.692042,0.24859,-0.862774,0.440253,0.662966,0.482929,0.572061,-0.007055,0.056131,-0.100846,-0.579293,-0.720581,-0.855651,-0.654593,0.086058,0.041566,-0.023452,-0.658552,-0.007863,-0.752493,-0.02823,-0.998983,0.035144,-0.752005,0.044387,0.65766,-0.00036,0.001659,-0.0062,-0.116589,-0.54856,-0.178437,-0.921794
147,0.140986,0.033826,0.432193,-0.588524,0.021029,-0.808234,-0.147056,-0.985762,0.081366,-0.794287,0.166709,0.584246,-0.00076,0.003149,-0.01246,0.034474,-0.001871,-0.00824,-1.912969,-0.198625,0.023034,0.312822,0.75436,0.022109,0.656081,-0.415576,0.789603,0.451394,-0.508996,-0.613188,0.603975,-0.014608,0.108667,-0.205484,-0.810432,-0.418439,-0.649476,-0.206306,0.020358,0.032557,-0.020247,-0.708185,0.134431,0.693109,0.26591,-0.858631,0.438228,0.654037,0.494651,0.572323,-0.007468,0.059186,-0.107172,-3.499572,-1.876734,-3.022411,-0.539636,0.085988,0.041656,-0.023717,-0.656758,-0.009028,-0.754046,-0.02687,-0.999013,0.035364,-0.753622,0.043486,0.655867,-0.006049,0.002565,-0.00559,0.036041,0.006694,-0.009473,-0.921958
148,0.140887,0.033955,0.431908,-0.588529,0.020847,-0.808235,-0.146268,-0.985908,0.081011,-0.794429,0.165864,0.584294,-0.000723,0.003411,-0.012359,0.034501,-0.001778,-0.008207,-1.913432,-0.198825,0.02521,0.308656,0.753833,0.029237,0.656409,-0.418751,0.791079,0.445842,-0.507167,-0.610994,0.607725,-0.001531,0.104268,-0.210802,0.572217,-0.035929,0.073752,-0.080752,0.020253,0.033688,-0.022405,-0.708809,0.127621,0.693759,0.269463,-0.859924,0.433496,0.651904,0.494208,0.575133,-0.000723,0.051462,-0.105957,0.633636,-0.087629,0.037313,-0.494568,0.085939,0.04172,-0.02386,-0.656767,-0.009196,-0.754036,-0.026105,-0.999048,0.034922,-0.75364,0.042619,0.655902,-0.000296,0.002121,-0.00602,0.035869,-0.011547,0.018931,-0.922284
149,0.140671,0.034249,0.431271,-0.584594,0.017503,-0.811165,-0.144498,-0.986021,0.082796,-0.797653,0.165585,0.579964,-0.000695,0.012132,-0.022703,0.001247,-0.255852,-0.0797,-1.912195,-0.199119,0.028873,0.300494,0.752765,0.050892,0.656313,-0.427789,0.795462,0.42915,-0.501162,-0.603872,0.619708,-0.014596,0.077944,-0.199903,0.673327,-0.191608,-0.189342,0.050076,0.020105,0.035514,-0.026491,-0.712367,0.105967,0.69376,0.276288,-0.866362,0.416029,0.645134,0.488043,0.587891,-0.007228,0.038504,-0.100334,0.707254,-0.222927,-0.212981,-0.413413,0.085835,0.041863,-0.02417,-0.653311,-0.011427,-0.757002,-0.024359,-0.99905,0.036103,-0.756697,0.042027,0.652412,-0.000368,0.005854,-0.011428,-0.061924,-0.460721,-0.152062,-0.921468
150,0.140452,0.03458,0.430669,-0.582494,0.015906,-0.812707,-0.142935,-0.986225,0.083079,-0.79947,0.164531,0.577758,-0.011869,0.006868,-0.01051,0.00913,-0.087185,-0.044544,-1.883507,-0.199258,0.031644,0.292894,0.76179,0.094093,0.640948,-0.44363,0.796627,0.410502,-0.472912,-0.597175,0.647765,3.1e-05,0.059482,-0.184082,0.653048,-0.319534,-0.185887,0.141904,0.020035,0.036864,-0.030235,-0.73114,0.065034,0.67912,0.290715,-0.870844,0.396376,0.617186,0.487237,0.617803,6.5e-05,0.029068,-0.092639,0.6502,-0.594605,0.031725,-0.126838,0.08572,0.042029,-0.024486,-0.650461,-0.013255,-0.759423,-0.022585,-0.999068,0.036783,-0.759203,0.041077,0.649555,-0.005913,0.00351,-0.005224,0.015299,-0.068949,-0.038502,-0.922611
151,0.140315,0.034761,0.430375,-0.581704,0.01253,-0.813332,-0.142114,-0.986059,0.086385,-0.800192,0.165815,0.576391,-0.01189,0.006715,-0.010563,0.027087,-0.022995,-0.021069,-1.813332,-0.199286,0.03277,0.289401,0.771527,0.107481,0.627046,-0.436841,0.805898,0.39954,-0.463346,-0.582306,0.667902,0.000759,0.052055,-0.173991,1.035825,-0.843635,-0.501825,0.183976,0.02002,0.037424,-0.03199,-0.743372,0.056374,0.666497,0.281348,-0.877651,0.388034,0.606827,0.475972,0.636561,0.00047,0.025875,-0.087088,0.772684,-0.515576,-0.257519,-0.024618,0.085656,0.042119,-0.024628,-0.649218,-0.016608,-0.76042,-0.021509,-0.99896,0.040181,-0.760297,0.042442,0.648186,-0.00017,0.007231,-0.010895,0.088052,-0.073083,0.202701,-0.913793
152,0.139981,0.035117,0.42982,-0.57762,0.009495,-0.816278,-0.140639,-0.98613,0.087984,-0.803406,0.165603,0.571963,-0.011862,0.006901,-0.010485,0.012601,-0.075014,-0.040237,-1.509068,-0.199307,0.034554,0.283207,0.784878,0.138355,0.603999,-0.428797,0.824803,0.368465,-0.448173,-0.548366,0.705902,-0.010892,0.042273,-0.147391,1.14495,-1.110563,-0.565889,0.222616,0.020014,0.038308,-0.03511,-0.763852,0.028758,0.644749,0.26793,-0.894722,0.35733,0.587148,0.445695,0.67573,0.001486,0.021534,-0.073678,0.914389,-0.878766,-0.277066,0.088869,0.085489,0.042298,-0.024905,-0.645152,-0.018904,-0.76382,-0.01991,-0.998938,0.04154,-0.763794,0.042007,0.64409,-0.005884,0.007949,-0.010345,0.05314,-0.06127,-0.043694,-0.818758
153,0.139546,0.035444,0.429248,-0.571677,0.004685,-0.820493,-0.138989,-0.986076,0.091145,-0.807934,0.166133,0.565393,-0.012151,0.013347,-0.021657,0.039085,-0.206406,0.114678,-1.181317,-0.199467,0.035877,0.278181,0.797318,0.173622,0.57804,-0.422979,0.8438,0.330188,-0.43141,-0.507982,0.745454,-0.008849,0.033445,-0.119765,1.051167,-1.169408,-0.350438,0.232652,0.019933,0.038967,-0.03764,-0.784805,-0.004363,0.619726,0.25663,-0.9125,0.318565,0.564111,0.409052,0.717254,-0.004125,0.011066,-0.056202,1.089612,-1.25879,-0.471093,0.116138,0.085273,0.042464,-0.025185,-0.639121,-0.022907,-0.768764,-0.017956,-0.998839,0.04469,-0.768895,0.042366,0.637968,-0.000394,0.001448,-0.006259,-0.000179,-0.14285,-0.032264,-0.687636
154,0.139311,0.03557,0.428918,-0.56567,3.8e-05,-0.824659,-0.138141,-0.985865,0.094647,-0.812299,0.167452,0.558709,-0.012712,0.001104,-0.012685,-0.068711,-0.343456,-0.173672,-1.030155,-0.199652,0.036354,0.276077,0.802865,0.193614,0.563838,-0.421319,0.853287,0.307124,-0.422647,-0.484379,0.765904,-0.021214,0.015798,-0.099536,1.142015,-1.285936,-0.539199,0.260554,0.019845,0.039212,-0.0387,-0.794925,-0.022242,0.606299,0.251717,-0.92135,0.296229,0.552025,0.388096,0.738003,-0.003856,0.014345,-0.052989,1.368581,-1.626376,-0.524681,0.138019,0.085156,0.042535,-0.025352,-0.633464,-0.026171,-0.773329,-0.016937,-0.998719,0.047672,-0.773586,0.043296,0.632209,-0.006273,0.005248,-0.011362,-0.071886,-0.481903,-0.201164,-0.648446
155,0.138793,0.035791,0.428145,-0.548743,-0.010913,-0.835947,-0.137174,-0.985179,0.102844,-0.824002,0.171112,0.540156,-0.012953,0.007961,-0.023702,-0.15072,-0.768533,-0.314574,-0.838165,-0.199913,0.037282,0.272498,0.80215,0.241747,0.54599,-0.423996,0.874336,0.236003,-0.421321,-0.421116,0.803127,0.007884,0.019008,-0.078955,2.350833,0.524353,-1.671884,0.298946,0.019704,0.039672,-0.040502,-0.80656,-0.069532,0.587048,0.245912,-0.942522,0.226227,0.537576,0.326828,0.777299,-0.002803,0.009959,-0.038547,1.633964,-1.753302,-0.663732,0.198763,0.084897,0.042642,-0.025735,-0.617521,-0.033924,-0.785822,-0.01538,-0.998357,0.055185,-0.786404,0.046163,0.615985,-0.006516,0.003622,-0.01198,-0.166212,-0.933886,-0.167148,-0.621176
156,0.138235,0.035985,0.42726,-0.526471,-0.030107,-0.849686,-0.125211,-0.985723,0.112447,-0.84029,0.165621,0.516245,-0.0248,0.006851,-0.023602,-0.092341,-0.536353,-0.293253,-0.68374,-0.199669,0.0378,0.270046,0.802097,0.299883,0.516432,-0.426895,0.89257,0.144955,-0.418477,-0.337115,0.843263,0.010029,-0.006392,-0.04807,2.069413,-1.979341,-1.170786,0.299032,0.01983,0.039942,-0.041753,-0.818677,-0.126136,0.560229,0.240169,-0.961366,0.134512,0.521619,0.244671,0.817342,0.005109,-0.002513,-0.023307,2.152115,-2.059733,-1.232494,0.219175,0.084622,0.042738,-0.026178,-0.59289,-0.05052,-0.803697,-0.002625,-0.997903,0.064663,-0.805278,0.040447,0.591514,-0.006671,-0.001553,-0.00715,-0.146389,-0.722801,-0.111458,-0.641751
157,0.137468,0.036147,0.426444,-0.498771,-0.064697,-0.864342,-0.107378,-0.98491,0.135623,-0.859457,0.16053,0.485376,-0.024856,-0.001574,-0.013216,-1.37255,-0.057915,-2.600671,-0.479247,-0.199024,0.037517,0.268472,0.795837,0.381494,0.470209,-0.455963,0.888493,0.051109,-0.399267,-0.255563,0.880419,0.025313,-0.022816,-0.027723,1.845423,-1.69722,-1.416302,0.292528,0.02014,0.039823,-0.042514,-0.831367,-0.206171,0.516063,0.264698,-0.963436,0.041523,0.488634,0.171122,0.855542,0.012579,-0.004489,-0.016097,1.657572,-1.527822,-1.213243,0.218685,0.084238,0.042817,-0.026592,-0.564092,-0.077578,-0.822059,0.016756,-0.996447,0.082537,-0.825542,0.032784,0.563387,-0.012465,-0.001128,-0.006727,-0.179022,-0.830442,-0.187989,-0.635056
158,0.136999,0.036137,0.426143,-0.484233,-0.079839,-0.871315,-0.101648,-0.983947,0.146589,-0.868433,0.159643,0.469431,-0.024786,-0.000935,-0.012977,-0.247984,-0.967111,-0.456372,-0.406618,-0.19853,0.037133,0.268061,0.796846,0.409703,0.444039,-0.462204,0.88666,0.011604,-0.389946,-0.215011,0.895308,0.025977,-0.016392,-0.020508,1.681756,-1.560258,-1.243488,0.273148,0.020381,0.039628,-0.04273,-0.839707,-0.234438,0.489825,0.269406,-0.963025,0.000923,0.471498,0.132737,0.871819,0.013046,-0.00775,-0.009788,1.777463,-1.649653,-1.338635,0.209051,0.084013,0.042811,-0.026738,-0.5493,-0.09293,-0.830441,0.023601,-0.995125,0.095748,-0.835291,0.032995,0.548816,-0.012442,-0.000866,-0.006627,-0.157112,-0.752373,-0.186123,-0.579374
159,0.136059,0.036021,0.425842,-0.446748,-0.105571,-0.888435,-0.103531,-0.980238,0.168481,-0.888113,0.167374,0.428098,-0.024403,-0.006386,-0.001441,-0.430692,-1.469058,-0.677007,-0.337095,-0.197256,0.036212,0.267953,0.798274,0.450713,0.399509,-0.472198,0.880087,-0.049083,-0.374715,-0.150048,0.914843,0.028117,-0.027186,0.007537,1.107481,-1.117792,-0.788992,0.25847,0.021038,0.039148,-0.042801,-0.852301,-0.277064,0.443641,0.278421,-0.958349,-0.063623,0.442791,0.069293,0.893942,0.014135,-0.012894,0.004547,0.933227,-0.981854,-0.688666,0.174107,0.083533,0.04275,-0.0269,-0.511635,-0.112765,-0.851769,0.023346,-0.992808,0.117414,-0.858884,0.040188,0.510589,-0.012152,-0.002922,-0.000599,-0.351186,-1.286705,-0.358395,-0.49185
160,0.135221,0.035768,0.425883,-0.40589,-0.132223,-0.904332,-0.107901,-0.975624,0.191017,-0.907044,0.175269,0.382857,-0.024053,-0.0039,-0.00047,-0.36899,-1.353941,-0.418049,-0.262751,-0.196039,0.035133,0.268612,0.803448,0.465544,0.371123,-0.473219,0.877613,-0.076111,-0.362133,-0.115073,0.924922,0.029712,-0.044043,0.028764,0.204327,-0.394964,-0.10014,0.293529,0.021637,0.038632,-0.042473,-0.861741,-0.291621,0.415161,0.279257,-0.955822,-0.091749,0.423577,0.036873,0.905109,0.014672,-0.015522,0.011675,0.207574,-0.511149,0.078771,0.190109,0.083114,0.042625,-0.026879,-0.468469,-0.134335,-0.873206,0.020509,-0.989759,0.141263,-0.883241,0.048268,0.466427,-0.006313,-0.007,0.004381,-0.468572,-1.499791,-0.646686,-0.439107
161,0.13483,0.035606,0.425971,-0.383986,-0.147275,-0.911543,-0.105148,-0.973799,0.201569,-0.916873,0.173424,0.359577,-0.024187,-0.012798,0.009735,-0.381263,-1.204456,-0.599576,-0.218889,-0.195457,0.034307,0.26921,0.806681,0.468963,0.359626,-0.472508,0.877295,-0.083812,-0.355804,-0.102923,0.928802,0.029943,-0.042012,0.031109,0.386889,-0.663959,-0.084106,0.316966,0.021929,0.038222,-0.04217,-0.865876,-0.293079,0.405415,0.277937,-0.955663,-0.097249,0.415942,0.028475,0.908944,0.0152,-0.026857,0.018984,0.335327,-0.639686,-0.105452,0.215256,0.082919,0.042548,-0.026838,-0.445434,-0.146314,-0.883277,0.02393,-0.988149,0.151618,-0.894994,0.046399,0.443656,-0.012008,-0.005882,0.005086,-0.384856,-1.45556,-0.465614,-0.407102
162,0.133957,0.035249,0.426178,-0.337917,-0.180361,-0.923757,-0.083234,-0.971894,0.22015,-0.937085,0.151499,0.31456,-0.012623,-0.005425,-0.001605,4.849691,-2.096937,-2.148091,-0.197914,-0.194196,0.032328,0.27085,0.821552,0.456735,0.341229,-0.453299,0.886289,-0.094588,-0.34665,-0.077562,0.934709,0.031535,-0.059626,0.051582,0.207106,-0.517124,0.06695,0.356861,0.022571,0.037217,-0.041339,-0.879167,-0.27841,0.38672,0.256623,-0.960452,-0.108048,0.401508,0.004249,0.915844,0.015773,-0.029449,0.026198,0.190356,-0.508935,0.079939,0.270775,0.082473,0.042369,-0.02673,-0.395562,-0.173618,-0.901879,0.04523,-0.98446,0.169678,-0.917324,0.026326,0.397267,-0.006443,-0.002663,-0.000945,4.864413,-2.049816,-2.131523,-0.364157
163,0.133094,0.035015,0.426165,-0.297625,-0.201889,-0.933116,-0.078335,-0.968924,0.234566,-0.951109,0.143153,0.273725,-0.024219,0.003817,-0.011154,1.305351,-1.357214,-0.90984,-0.198056,-0.192742,0.030015,0.273073,0.842285,0.431995,0.322378,-0.415769,0.901328,-0.121158,-0.343956,-0.032547,0.938349,0.045831,-0.056017,0.054739,0.72254,-0.945597,-0.278112,0.393215,0.023281,0.036088,-0.04024,-0.894981,-0.248526,0.370463,0.214805,-0.967913,-0.130393,0.390983,-0.037122,0.919648,0.016217,-0.033794,0.031415,0.396227,-0.545955,-0.139638,0.320741,0.082042,0.042254,-0.026735,-0.355252,-0.189603,-0.915339,0.052476,-0.981713,0.182985,-0.933296,0.016972,0.358705,-0.01213,0.001847,-0.005601,1.382042,-1.197819,-0.837159,-0.357136
164,0.132273,0.034961,0.425903,-0.264753,-0.222167,-0.938399,-0.041996,-0.96952,0.241327,-0.963087,0.103571,0.248523,-0.024374,0.003084,-0.011449,0.407149,-0.434018,-0.324717,-0.175877,-0.191044,0.027255,0.275519,0.86766,0.395898,0.300703,-0.366557,0.91808,-0.15066,-0.336797,0.019978,0.941292,0.046619,-0.067488,0.062059,0.997722,-0.922479,1.210581,0.403575,0.02413,0.034716,-0.039016,-0.913459,-0.21031,0.348369,0.163517,-0.973638,-0.159026,0.372631,-0.0883,0.923768,0.023425,-0.039547,0.034525,2.355296,-1.695425,4.721719,0.353889,0.081641,0.042225,-0.026863,-0.319553,-0.206098,-0.924883,0.08903,-0.978271,0.187235,-0.943376,-0.022511,0.330958,-0.006547,-0.003946,-0.001287,1.496518,-0.784542,-0.40448,-0.348644
165,0.131875,0.034975,0.425709,-0.252141,-0.235082,-0.938726,-0.007845,-0.969516,0.244844,-0.967359,0.069385,0.243782,-0.012769,0.002179,-0.012345,5.221403,-1.511843,-1.210036,-0.156918,-0.190107,0.025788,0.27683,0.874257,0.391403,0.287176,-0.354788,0.918955,-0.171989,-0.332309,0.047962,0.941877,0.047363,-0.078572,0.069824,0.92521,-0.985595,-0.682618,0.410546,0.024599,0.033986,-0.038364,-0.919739,-0.201728,0.336729,0.148377,-0.972862,-0.177547,0.363407,-0.113334,0.924711,0.023397,-0.032835,0.032048,0.79315,-0.824238,-0.484234,0.361238,0.081437,0.04223,-0.02696,-0.307031,-0.216447,-0.926758,0.118106,-0.974931,0.18857,-0.944342,-0.051559,0.324897,-0.012414,-0.003874,-0.000974,0.045024,0.040634,-0.093106,-0.337214
166,0.131065,0.034932,0.425212,-0.248769,-0.269349,-0.930382,0.035709,-0.962455,0.269029,-0.967608,0.034032,0.250208,-0.013808,-0.003717,-0.014711,5.142786,-1.376901,-1.647474,-0.095882,-0.188,0.02323,0.279401,0.891668,0.368207,0.263332,-0.319235,0.923957,-0.210539,-0.321942,0.10318,0.941047,0.060642,-0.050838,0.059494,0.809064,-0.810353,-0.573753,0.422018,0.025648,0.032695,-0.037075,-0.933382,-0.176082,0.312715,0.11091,-0.970234,-0.215276,0.341314,-0.166252,0.925129,0.030572,-0.031569,0.032922,0.955267,-0.929796,-0.631999,0.381159,0.081034,0.042218,-0.027205,-0.300181,-0.250027,-0.92053,0.162766,-0.964309,0.20884,-0.939892,-0.087142,0.330164,-0.012747,-0.001673,-0.006986,-0.091552,0.403632,-0.904903,-0.303413
167,0.1304,0.034856,0.424434,-0.265667,-0.318433,-0.909981,0.05003,-0.947164,0.31678,-0.962448,0.039021,0.268698,-0.014095,0.00286,-0.025874,-0.306392,1.245612,-2.906025,-0.026011,-0.185498,0.021426,0.281751,0.9174,0.31609,0.241776,-0.259672,0.935921,-0.237814,-0.302601,0.154967,0.940362,0.06034,-0.035123,0.056636,1.677503,-1.751353,4.962855,0.395947,0.026875,0.031799,-0.035922,-0.94835,-0.126231,0.291028,0.055044,-0.968983,-0.240918,0.312413,-0.212456,0.925883,0.030471,-0.023393,0.031864,0.367591,-0.497712,-0.147873,0.369239,0.080706,0.042175,-0.02758,-0.3073,-0.300156,-0.903035,0.184382,-0.949749,0.252939,-0.933578,-0.088776,0.347201,-0.007152,0.000786,-0.013179,0.052596,0.103418,-0.27212,-0.25067
168,0.130124,0.034916,0.42391,-0.269474,-0.348432,-0.897789,0.078328,-0.9371,0.340119,-0.959494,0.021758,0.280937,-0.014229,0.002187,-0.026159,1.431596,0.022022,-1.784953,-0.002749,-0.184347,0.02084,0.282829,0.925331,0.29793,0.234504,-0.239398,0.938792,-0.247575,-0.295069,0.172549,0.939694,0.060461,-0.03259,0.059264,0.798613,-0.89907,1.264292,0.387657,0.027496,0.031479,-0.035341,-0.953402,-0.101411,0.284146,0.028803,-0.968107,-0.248872,0.300322,-0.22909,0.925917,0.030208,-0.016069,0.029852,0.872622,-0.966895,1.23976,0.353889,0.080557,0.042205,-0.027863,-0.307675,-0.333643,-0.891076,0.213574,-0.936824,0.277029,-0.927211,-0.105076,0.359495,-0.007136,0.000899,-0.013143,1.420739,0.0031,-1.838515,-0.228626
169,0.129596,0.035275,0.422608,-0.272326,-0.399514,-0.87537,0.130026,-0.916674,0.377854,-0.953051,-0.01043,0.302675,-0.013564,0.014067,-0.035131,0.084491,0.316231,-0.726347,0.054487,-0.182144,0.020078,0.284906,0.934162,0.275871,0.226338,-0.217642,0.943209,-0.250845,-0.283855,0.184697,0.940838,0.059001,-0.009211,0.04466,0.171674,-0.277512,-0.044384,0.388238,0.028553,0.031116,-0.034331,-0.957825,-0.077434,0.27672,0.005911,-0.968112,-0.250446,0.28729,-0.238248,0.92774,0.022499,-0.004509,0.022983,0.410037,-0.462748,-0.178451,0.342459,0.080302,0.042368,-0.02849,-0.302448,-0.38464,-0.87211,0.265819,-0.912698,0.310356,-0.915349,-0.137957,0.378289,-0.00679,0.006829,-0.017627,0.0958,0.352462,-0.924838,-0.169841
170,0.129409,0.035799,0.421276,-0.270967,-0.439397,-0.856477,0.163359,-0.897836,0.408872,-0.948298,-0.028582,0.316133,-0.001479,0.015479,-0.035051,0.06508,0.354027,-0.889148,0.079954,-0.180157,0.019717,0.286559,0.940296,0.255009,0.225399,-0.198065,0.948653,-0.246499,-0.277864,0.186793,0.942212,0.058833,-0.010288,0.043181,-0.095742,-0.074037,0.135879,0.395579,0.029569,0.030929,-0.033484,-0.959773,-0.056261,0.27508,-0.013704,-0.969164,-0.246032,0.28044,-0.239904,0.929408,0.02241,-0.005387,0.021896,-0.101262,-0.055326,0.10919,0.344908,0.080198,0.042632,-0.02917,-0.294658,-0.42556,-0.855613,0.299468,-0.891385,0.340221,-0.907466,-0.15598,0.390095,-0.000746,0.007549,-0.017589,0.069567,0.277479,-0.705163,-0.111873
171,0.129552,0.036369,0.420073,-0.273104,-0.46257,-0.843498,0.177541,-0.885994,0.428328,-0.945129,-0.032208,0.325148,0.010802,0.010017,-0.023987,0.048183,0.190136,-0.483645,0.072813,-0.178238,0.019534,0.288115,0.942331,0.247402,0.225378,-0.191436,0.950931,-0.24293,-0.275601,0.185439,0.943143,0.043949,-0.000147,0.035291,-0.073663,0.049607,-0.033735,0.409242,0.030513,0.03084,-0.032716,-0.960227,-0.048184,0.275029,-0.020665,-0.970032,-0.242096,0.278452,-0.238151,0.930455,0.021948,-0.000473,0.017193,-0.062948,-0.054454,0.100368,0.355849,0.080265,0.042915,-0.029777,-0.29305,-0.4497,-0.843736,0.313901,-0.878816,0.359371,-0.903098,-0.159537,0.398698,-0.000282,0.010186,-0.016496,0.079308,0.203318,-0.520924,-0.104688
172,0.12969,0.036617,0.41961,-0.273586,-0.465998,-0.841452,0.18002,-0.884167,0.43106,-0.94452,-0.032973,0.326836,0.011083,0.011612,-0.023316,0.055076,0.12443,-0.326928,0.072889,-0.177387,0.019384,0.288822,0.942383,0.248488,0.223963,-0.192619,0.950521,-0.243601,-0.274595,0.186089,0.943309,0.044641,-0.013335,0.040757,-0.067304,0.029902,-0.079039,0.419344,0.030977,0.030761,-0.032334,-0.960607,-0.049347,0.27349,-0.019354,-0.969839,-0.242973,0.277232,-0.238695,0.93068,0.022296,-0.00682,0.020185,-0.089741,0.047083,-0.068088,0.36581,0.080334,0.04304,-0.030008,-0.292982,-0.45334,-0.84181,0.316379,-0.876814,0.362079,-0.902255,-0.160248,0.400318,0.005666,0.006408,-0.01141,0.053801,0.11494,-0.301495,-0.104852
173,0.130041,0.037056,0.418958,-0.269038,-0.463619,-0.844229,0.187231,-0.88499,0.426274,-0.94443,-0.042811,0.325955,0.000185,0.009004,-0.010067,0.137069,-0.285688,0.578503,0.070593,-0.175692,0.019242,0.29025,0.942218,0.251496,0.221283,-0.194596,0.948688,-0.249112,-0.27376,0.191315,0.942506,0.043776,0.000281,0.035377,0.170578,-0.136751,-0.196873,0.443764,0.031808,0.030686,-0.031638,-0.961056,-0.051953,0.271423,-0.017648,-0.968626,-0.247892,0.275786,-0.243028,0.929988,0.021867,6.1e-05,0.017575,0.297625,-0.33235,-0.130379,0.394386,0.080513,0.043259,-0.030339,-0.289101,-0.451137,-0.844331,0.323307,-0.876183,0.357454,-0.90105,-0.169638,0.399161,0.005968,0.003888,-0.00554,0.392434,-1.11103,2.337361,-0.105178
174,0.130287,0.037206,0.41873,-0.267154,-0.457761,-0.848014,0.187208,-0.887876,0.420239,-0.944971,-0.045923,0.323956,0.011556,-0.001542,-0.001152,0.000984,-0.014715,0.029553,0.068737,-0.17428,0.019361,0.291543,0.942126,0.251589,0.22157,-0.193068,0.947571,-0.254496,-0.275162,0.196647,0.940999,0.028882,0.009274,0.026418,-0.011278,-0.065854,0.075908,0.460483,0.032519,0.030747,-0.030983,-0.961134,-0.052613,0.271021,-0.018723,-0.966991,-0.254118,0.275445,-0.249316,0.928424,0.014838,-0.001147,0.016838,-0.097388,0.077632,-0.056634,0.422635,0.080638,0.043343,-0.030455,-0.288186,-0.444269,-0.848275,0.322956,-0.87905,0.350668,-0.901469,-0.172898,0.39681,0.005804,-0.000654,-0.000532,-0.001176,-0.011786,0.025075,-0.107954
175,0.130346,0.037168,0.418742,-0.26576,-0.452836,-0.851091,0.186435,-0.890302,0.415422,-0.945518,-0.047713,0.322095,-0.000238,-0.001365,-0.000565,0.032763,-0.105168,0.222928,0.068022,-0.173755,0.01945,0.29208,0.941941,0.250603,0.223463,-0.19148,0.947711,-0.255172,-0.276906,0.197228,0.940365,0.01575,-0.005649,0.031436,-0.067033,-0.024936,0.04132,0.461611,0.032776,0.030796,-0.030723,-0.960596,-0.051496,0.273135,-0.020507,-0.966877,-0.254417,0.277189,-0.249993,0.927722,0.00744,0.003251,0.012344,-0.040958,-0.035266,0.06228,0.430799,0.080668,0.043333,-0.03045,-0.287726,-0.439825,-0.850744,0.322161,-0.880991,0.346506,-0.901901,-0.174378,0.395179,7e-05,4e-05,2.6e-05,0.365035,-1.164829,2.475203,-0.108934
176,0.130443,0.036943,0.418768,-0.264232,-0.447242,-0.854518,0.185285,-0.893032,0.410044,-0.946174,-0.049433,0.319903,-0.001217,-0.014955,0.0076,-0.003861,-0.080017,0.178552,0.048251,-0.173179,0.019688,0.292954,0.942138,0.249915,0.223407,-0.191173,0.948116,-0.253896,-0.276449,0.196156,0.940724,0.014859,0.005493,0.023574,-0.030768,-0.037473,0.058197,0.463779,0.033075,0.03091,-0.030279,-0.960627,-0.050816,0.27315,-0.020769,-0.967246,-0.252987,0.27706,-0.2487,0.928108,0.000477,0.002427,0.01208,-0.045525,0.098096,-0.128447,0.435535,0.080718,0.043228,-0.030434,-0.287166,-0.43393,-0.853955,0.320829,-0.883584,0.341098,-0.902553,-0.176022,0.392953,0.005405,-0.003338,-0.001627,0.373745,-1.245503,2.661902,-0.121997
177,0.130385,0.036698,0.418688,-0.264887,-0.439588,-0.858279,0.185099,-0.896687,0.402072,-0.946027,-0.051823,0.31996,-0.001254,-0.007192,-0.002987,0.003204,0.02165,-0.022235,0.020448,-0.173159,0.020119,0.29374,0.941503,0.251648,0.224136,-0.19287,0.947869,-0.253536,-0.277433,0.195134,0.940647,-0.012877,0.003555,0.02401,-0.047508,0.113277,-0.158122,0.477298,0.033095,0.031125,-0.029887,-0.960354,-0.052446,0.273803,-0.019212,-0.967358,-0.252679,0.278117,-0.247922,0.928,4.8e-05,0.00802,0.008182,-0.010769,0.102795,-0.134759,0.445659,0.080689,0.043103,-0.03047,-0.289195,-0.425355,-0.857577,0.320283,-0.88722,0.332051,-0.902099,-0.17864,0.392814,-0.006321,-0.002291,-0.000696,-0.012195,0.006536,-0.041325,-0.152043
178,0.130189,0.036459,0.418564,-0.263036,-0.43319,-0.862093,0.184438,-0.899643,0.395723,-0.946675,-0.054381,0.317612,-0.001359,-0.007772,-0.003238,-0.001128,0.011323,-0.026472,0.010996,-0.173648,0.020567,0.29437,0.93994,0.256004,0.225757,-0.196805,0.946955,-0.253924,-0.279965,0.193896,0.940153,-0.013715,0.011645,0.013067,-0.012828,0.118062,-0.164242,0.492233,0.032851,0.03135,-0.029564,-0.95964,-0.057016,0.275388,-0.015204,-0.967281,-0.253248,0.280817,-0.247214,0.927376,-0.013781,0.005702,0.007041,-0.000474,-0.004487,-0.012594,0.465254,0.08059,0.042975,-0.030536,-0.288182,-0.418699,-0.861185,0.319295,-0.889887,0.325806,-0.902774,-0.181081,0.390138,-0.000688,-0.003931,-0.001634,-0.003026,0.013669,-0.032291,-0.176536
179,0.130065,0.036318,0.418489,-0.262454,-0.431193,-0.863271,0.18428,-0.900551,0.393727,-0.946867,-0.055219,0.316892,-0.001035,0.002052,-0.01297,0.035506,-0.013766,0.017926,0.001805,-0.17405,0.020797,0.294641,0.939003,0.258612,0.226681,-0.199129,0.946369,-0.254298,-0.281464,0.193297,0.939828,-0.013692,0.011461,0.012842,-0.0128,0.118063,-0.164243,0.495463,0.03266,0.031459,-0.029436,-0.959236,-0.059612,0.276243,-0.012959,-0.967191,-0.253716,0.282305,-0.246954,0.926993,-0.006857,0.00565,0.006349,-0.000294,-0.002254,-0.006245,0.472602,0.080533,0.042906,-0.030568,-0.287938,-0.416589,-0.86229,0.31903,-0.890717,0.323791,-0.902945,-0.181865,0.389376,-0.000792,-0.004518,-0.001883,-0.002041,0.01284,-0.02952,-0.183721
180,0.129898,0.036043,0.418348,-0.261043,-0.4262,-0.866173,0.183707,-0.902806,0.388799,-0.94737,-0.057105,0.315049,-0.001429,-0.008131,-0.003405,0.110359,-0.339896,0.715963,-0.014487,-0.175008,0.021221,0.29517,0.938973,0.263007,0.221694,-0.204782,0.945338,-0.253644,-0.277463,0.19241,0.941199,-0.027444,0.010108,0.012624,0.066833,-0.040751,-0.082108,0.495842,0.032176,0.031675,-0.029167,-0.960356,-0.064163,0.271291,-0.006988,-0.967305,-0.253515,0.278688,-0.245361,0.928509,-0.01373,0.005269,0.006544,0.074194,-0.043847,-0.08767,0.478807,0.080445,0.042768,-0.030643,-0.287453,-0.41214,-0.864586,0.318424,-0.892461,0.31956,-0.903313,-0.183447,0.387776,-0.000611,-0.003821,-0.001583,0.372634,-1.15695,2.448006,-0.201356
181,0.129747,0.035814,0.418215,-0.259561,-0.420936,-0.869187,0.183106,-0.905145,0.38361,-0.947895,-0.059066,0.313102,-0.001121,-0.006358,-0.002671,0.003011,-0.009484,0.020045,-0.026352,-0.176216,0.021493,0.295708,0.937845,0.266289,0.222549,-0.207848,0.944612,-0.253854,-0.278996,0.191459,0.94094,-0.027389,0.009075,0.0115,-0.002277,0.012976,-0.035618,0.499156,0.031572,0.031811,-0.028898,-0.959853,-0.067626,0.272226,-0.003829,-0.967252,-0.253784,0.280474,-0.244638,0.928162,-0.020594,0.004401,0.006233,-0.01816,0.149575,-0.221892,0.48142,0.080368,0.042651,-0.030711,-0.286754,-0.405774,-0.867823,0.317513,-0.894921,0.313529,-0.903856,-0.18564,0.385461,-0.000654,-0.003712,-0.001556,0.008281,-0.019165,0.038192,-0.214746
182,0.129535,0.035572,0.418121,-0.258758,-0.417931,-0.870875,0.182676,-0.90647,0.380675,-0.948198,-0.060072,0.31199,-0.012888,-0.005639,-0.001869,-0.002115,0.026043,-0.056028,-0.025495,-0.177704,0.021649,0.296308,0.936721,0.271009,0.221585,-0.212137,0.943051,-0.256101,-0.279545,0.192523,0.94056,-0.0403,-0.002495,0.0199,0.055907,-0.051355,-0.123167,0.501188,0.030833,0.03189,-0.028605,-0.959774,-0.072385,0.271281,0.000472,-0.96661,-0.256247,0.280772,-0.245812,0.927762,-0.020175,-0.001809,0.009415,0.069608,0.064163,-0.32181,0.485502,0.080267,0.042532,-0.030757,-0.286454,-0.402628,-0.869387,0.316967,-0.896142,0.310582,-0.904143,-0.1866,0.384323,-0.000571,-0.003226,-0.001356,0.006265,-0.065989,0.154538,-0.219318
183,0.129442,0.035453,0.418074,-0.258605,-0.417243,-0.87125,0.182517,-0.906776,0.380022,-0.948271,-0.06023,0.311739,-0.001116,-0.006299,-0.002657,0.0,0.0,0.0,-0.020909,-0.178555,0.021627,0.296658,0.935871,0.273412,0.222221,-0.214475,0.942567,-0.255934,-0.280606,0.191491,0.940454,-0.040295,-0.003376,0.018966,-0.051622,0.160184,-0.240437,0.505103,0.030407,0.031881,-0.028428,-0.959458,-0.074863,0.271726,0.00283,-0.966589,-0.256312,0.281836,-0.245152,0.927614,-0.020157,-0.001562,0.009637,-0.051324,0.049608,-0.076158,0.488441,0.080216,0.042471,-0.030781,-0.28642,-0.401964,-0.869705,0.316797,-0.896411,0.309977,-0.904214,-0.186737,0.384091,-0.006466,-0.002926,-0.000979,-0.002144,0.026151,-0.056256,-0.218502
184,0.129271,0.035254,0.417974,-0.258294,-0.415893,-0.871987,0.182254,-0.907372,0.378723,-0.948407,-0.06059,0.311256,-0.001036,-0.005829,-0.002465,-0.001131,0.01133,-0.026474,-0.015364,-0.180296,0.021461,0.297505,0.936465,0.275127,0.217555,-0.215462,0.940751,-0.261721,-0.277845,0.197846,0.939959,-0.039465,-0.013028,0.028081,0.062313,-0.07385,-0.169595,0.508898,0.029551,0.031798,-0.02802,-0.960575,-0.07632,0.267337,0.00376,-0.965061,-0.261997,0.277993,-0.250663,0.927301,-0.019752,-0.006699,0.013889,0.141629,-0.137316,-0.220468,0.495789,0.080131,0.042372,-0.030831,-0.286329,-0.400535,-0.870394,0.316485,-0.896977,0.308656,-0.904352,-0.187089,0.383594,-0.000437,-0.002464,-0.001039,2.8e-05,-2e-06,7e-06,-0.215563
185,0.129165,0.035163,0.417846,-0.258103,-0.415202,-0.872374,0.182317,-0.907662,0.377996,-0.948447,-0.060977,0.311058,-0.000618,-0.003474,-0.001472,0.0,0.0,0.0,-0.006759,-0.181977,0.021071,0.29856,0.936766,0.282662,0.20631,-0.223293,0.936833,-0.269105,-0.270517,0.20564,0.940423,-0.039403,-0.011606,0.029378,0.255712,-0.325523,-0.160208,0.512013,0.028696,0.031602,-0.027485,-0.962898,-0.083647,0.25657,0.011855,-0.962941,-0.269446,0.2696,-0.256408,0.928207,-0.019703,-0.005282,0.015234,0.380889,-0.333563,-0.377774,0.498892,0.080077,0.042323,-0.030896,-0.286253,-0.399829,-0.870744,0.316521,-0.897214,0.307929,-0.904363,-0.187463,0.383385,-0.000359,-0.00203,-0.000857,0.007839,-0.078208,0.182686,-0.211154
186,0.129135,0.035136,0.417763,-0.258047,-0.415083,-0.872447,0.182463,-0.907703,0.377829,-0.948434,-0.061182,0.311057,-0.000252,0.006522,-0.011123,0.035495,-0.01384,0.01789,-0.004042,-0.18274,0.020832,0.299232,0.936871,0.286423,0.200562,-0.226842,0.934467,-0.274311,-0.267161,0.211112,0.94017,-0.03927,-0.008379,0.03249,0.172935,-0.164987,-0.245663,0.514556,0.028324,0.03148,-0.027166,-0.964178,-0.087318,0.25047,0.015537,-0.961233,-0.275294,0.264799,-0.261541,0.928157,-0.019317,-0.010045,0.01988,0.27672,-0.375763,-0.187944,0.501831,0.080062,0.042308,-0.030934,-0.286223,-0.399715,-0.870806,0.316635,-0.897228,0.307769,-0.904332,-0.187638,0.383371,-0.000395,-0.002225,-0.000941,-0.001112,0.011334,-0.026466,-0.208868
187,0.129122,0.03508,0.417613,-0.257909,-0.41473,-0.872655,0.182678,-0.907838,0.3774,-0.94843,-0.061571,0.310992,-0.000543,-0.003045,-0.001294,0.0,0.0,0.0,-0.003117,-0.183931,0.020267,0.300759,0.939053,0.287297,0.18876,-0.227738,0.931357,-0.283979,-0.258566,0.223296,0.939758,-0.024676,-0.015977,0.042519,0.032758,-0.096966,-0.134092,0.514217,0.027723,0.031203,-0.026411,-0.967177,-0.088169,0.238313,0.016951,-0.958168,-0.285701,0.253534,-0.272284,0.928214,-0.012369,-0.008097,0.021182,0.047981,-0.109169,-0.13838,0.506893,0.080056,0.042284,-0.031012,-0.286138,-0.399305,-0.871021,0.316841,-0.897324,0.307278,-0.904287,-0.188052,0.383275,-0.000192,-0.00109,-0.000462,1.4e-05,3e-06,-3e-06,-0.206255
188,0.129124,0.035134,0.417479,-0.257823,-0.414646,-0.87272,0.18303,-0.907848,0.377204,-0.948386,-0.061973,0.311047,-8.5e-05,-0.000477,-0.000203,0.0,0.0,0.0,-0.003632,-0.184897,0.019411,0.302498,0.939138,0.291982,0.180992,-0.23305,0.928704,-0.288324,-0.25345,0.228203,0.939973,-0.024062,-0.028621,0.048762,-0.100866,0.011852,-0.109254,0.513343,0.027231,0.03078,-0.025521,-0.968626,-0.092711,0.230578,0.022475,-0.956685,-0.290252,0.247501,-0.275964,0.928755,-0.012054,-0.014132,0.024575,-0.142706,0.031447,-0.06434,0.506403,0.080056,0.042306,-0.03108,-0.28607,-0.399229,-0.871079,0.317179,-0.897276,0.307071,-0.90419,-0.188445,0.38331,0.000143,0.00475,-0.004928,0.035503,-0.013856,0.017897,-0.205928
189,0.129126,0.035185,0.417428,-0.25774,-0.414428,-0.872848,0.183153,-0.907932,0.376943,-0.948385,-0.062202,0.311005,-1e-06,-7e-06,-3e-06,0.0,0.0,0.0,-0.001843,-0.185317,0.018879,0.303443,0.938845,0.293961,0.1793,-0.235483,0.928172,-0.28806,-0.252276,0.227825,0.94038,-0.024032,-0.027782,0.049541,-0.135896,0.040765,-0.085302,0.51349,0.027021,0.030513,-0.02505,-0.968797,-0.094679,0.229058,0.02495,-0.956722,-0.28993,0.246595,-0.275169,0.929232,-0.012035,-0.013599,0.025069,-0.168325,0.052504,-0.043907,0.50624,0.080057,0.042333,-0.031105,-0.286024,-0.398997,-0.871201,0.317287,-0.897332,0.306796,-0.904167,-0.18867,0.383254,0.000188,0.005005,-0.00482,0.035513,-0.013844,0.017908,-0.205602
190,0.129138,0.03528,0.417333,-0.257546,-0.413856,-0.873177,0.183342,-0.908161,0.376299,-0.948401,-0.062667,0.310861,5.7e-05,0.008251,-0.010384,0.034367,-0.00249,-0.008576,0.000737,-0.185977,0.017815,0.305553,0.93802,0.293387,0.184481,-0.231937,0.92707,-0.294414,-0.25858,0.232983,0.937399,-0.009367,-0.032845,0.062065,1.939677,1.824292,0.075959,0.512976,0.026681,0.029963,-0.023983,-0.967549,-0.093797,0.234627,0.021229,-0.955441,-0.294417,0.251788,-0.279882,0.926427,-0.004714,-0.016217,0.031213,2.033252,1.734994,0.025633,0.507219,0.080065,0.042383,-0.031147,-0.285929,-0.398385,-0.871512,0.317418,-0.897512,0.306131,-0.904151,-0.189102,0.383079,5e-06,2.2e-05,9e-06,8e-06,3e-06,2e-06,-0.203642
191,0.129137,0.035316,0.417275,-0.25741,-0.413419,-0.873424,0.183414,-0.90834,0.37583,-0.948424,-0.062948,0.310734,-1.9e-05,-0.000108,-4.6e-05,0.0,0.0,0.0,0.00084,-0.186516,0.017,0.307817,0.936115,0.295232,0.191096,-0.232064,0.926953,-0.294682,-0.265309,0.231112,0.935981,-0.023565,-0.018303,0.058308,-0.14441,0.032601,-0.054949,0.51152,0.026421,0.029566,-0.022869,-0.965716,-0.09637,0.241049,0.021388,-0.954921,-0.296087,0.258717,-0.28078,0.924244,-0.004937,-0.008617,0.029162,-0.1469,-0.000877,-0.00068,0.507056,0.080064,0.042401,-0.031181,-0.285862,-0.397929,-0.871742,0.317493,-0.897652,0.305644,-0.904146,-0.1894,0.382944,-6e-06,-4.1e-05,-1.7e-05,1.7e-05,5e-06,1.7e-05,-0.201846
192,0.129153,0.035312,0.417252,-0.257361,-0.41326,-0.873514,0.183426,-0.908406,0.375665,-0.948435,-0.063036,0.310682,0.011343,-0.003208,-0.001866,-0.000138,-0.003335,0.0031,-0.000914,-0.186752,0.016642,0.308922,0.935275,0.29635,0.193463,-0.232768,0.926972,-0.294067,-0.267653,0.229603,0.935685,-0.00989,-0.019328,0.056215,-0.142415,0.017517,-0.025631,0.512006,0.026298,0.029392,-0.022311,-0.964999,-0.09764,0.243394,0.022113,-0.955094,-0.295474,0.261315,-0.27975,0.923825,-0.004973,-0.009422,0.02835,-0.156147,0.130864,-0.187003,0.50526,0.080072,0.042402,-0.031191,-0.285839,-0.397761,-0.871826,0.317498,-0.897708,0.305474,-0.904151,-0.189486,0.382889,0.005678,-0.001579,-0.000922,-0.000137,-0.003344,0.003096,-0.202336
193,0.129137,0.03531,0.417189,-0.257196,-0.412675,-0.873839,0.183439,-0.908652,0.375063,-0.948478,-0.063325,0.310494,-0.000385,-0.00216,-0.000919,0.0,0.0,0.0,-0.007325,-0.187024,0.016086,0.311026,0.93446,0.298445,0.194183,-0.235931,0.927564,-0.289645,-0.267731,0.224446,0.936914,0.003243,-0.006983,0.048236,-0.115671,0.103709,-0.141927,0.512804,0.026157,0.029111,-0.021255,-0.964621,-0.099733,0.244046,0.025218,-0.956344,-0.291149,0.26243,-0.274694,0.925025,-0.004953,-0.009154,0.028496,-0.142412,0.017536,-0.025397,0.50575,0.080064,0.042403,-0.031222,-0.285769,-0.397126,-0.872138,0.31748,-0.897929,0.304842,-0.904179,-0.189772,0.38268,6.9e-05,0.004348,-0.005095,0.035496,-0.013875,0.01788,-0.205275
