frame,MLTx,MLTy,MLTz,MLTR1,MLTR2,MLTR3,MLTR4,MLTR5,MLTR6,MLTR7,MLTR8,MLTR9,MLTTVx,MLTTVy,MLTTVz,MLTRVx,MLTRVy,MLTRVz,MLGA,MRTx,MRTy,MRTz,MRTR1,MRTR2,MRTR3,MRTR4,MRTR5,MRTR6,MRTR7,MRTR8,MRTR9,MRTTVx,MRTTVy,MRTTVz,MRTRVx,MRTRVy,MRTRVz,MRGA,SLTx,SLTy,SLTz,SLTR1,SLTR2,SLTR3,SLTR4,SLTR5,SLTR6,SLTR7,SLTR8,SLTR9,SLTTVx,SLTTVy,SLTTVz,SLTRVx,SLTRVy,SLTRVz,SLGA,SRTx,SRTy,SRTz,SRTR1,SRTR2,SRTR3,SRTR4,SRTR5,SRTR6,SRTR7,SRTR8,SRTR9,SRTTVx,SRTTVy,SRTTVz,SRTRVx,SRTRVy,SRTRVz,SRGA
216,0.060281,0.000888,0.353889,-0.612772,0.390811,-0.686893,-0.380616,-0.907633,-0.176935,-0.691838,0.15253,0.705777,0.077068,0.034233,-0.037826,-0.363198,-0.676856,-0.093342,0.135867,-0.111796,0.03003,0.317216,0.786492,0.462172,0.409657,-0.611084,0.677755,0.408851,-0.089669,-0.572472,0.814923,-0.017595,0.02392,-0.012277,-0.678014,-0.874574,-1.206702,-0.833083,0.039019,0.038619,-0.022015,-0.709327,-0.509848,0.486733,0.692263,-0.633942,0.344802,0.132764,0.581525,0.802621,-0.008912,0.012555,-0.005603,-0.700989,-2.207378,1.522149,-0.739667,0.066735,0.024013,-0.063053,-0.476212,0.473544,-0.740929,-0.404692,-0.866094,-0.293435,-0.780669,0.16011,0.604084,0.03188,0.019315,-0.017541,-3.930573,-1.948968,3.260455,-0.254099
217,0.063848,0.002328,0.352475,-0.57034,0.395534,-0.719938,-0.419329,-0.893798,-0.158931,-0.705638,0.210748,0.676525,0.122005,0.043606,-0.045306,-4.151529,-2.346962,3.013118,0.290895,-0.1124,0.03119,0.316818,0.784748,0.464597,0.410259,-0.613538,0.675521,0.40887,-0.088159,-0.573152,0.814609,-0.018592,0.029325,-0.007498,0.045241,0.107177,-0.120924,-0.956667,0.038713,0.039195,-0.022224,-0.704869,-0.516521,0.486173,0.697867,-0.627724,0.34488,0.127045,0.58238,0.802927,-0.00932,0.014826,-0.003594,0.08674,-0.019968,0.033844,-0.760569,0.068528,0.024732,-0.063773,-0.43176,0.476166,-0.76606,-0.441167,-0.852263,-0.281101,-0.786736,0.216592,0.578042,0.054131,0.023171,-0.021922,-0.100141,-1.270896,-0.46833,0.046519
218,0.068678,0.004032,0.350861,-0.526631,0.381818,-0.759552,-0.442701,-0.885899,-0.138457,-0.725103,0.262859,0.63652,0.136399,0.045853,-0.043044,-4.321278,-2.203884,3.060276,0.31424,-0.112745,0.03243,0.316586,0.783056,0.470416,0.406845,-0.616974,0.669317,0.413873,-0.078594,-0.575688,0.813799,-0.003623,0.020575,0.00057,-0.214576,-0.662039,0.509492,-1.025756,0.038531,0.03981,-0.022337,-0.701612,-0.521818,0.485227,0.702465,-0.620734,0.348182,0.119509,0.585144,0.802074,-0.001825,0.010395,0.000387,0.041408,-0.012678,0.052684,-0.768243,0.070939,0.025587,-0.064576,-0.382466,0.460503,-0.801033,-0.46673,-0.844499,-0.262643,-0.797421,0.273415,0.537923,0.061478,0.024545,-0.020567,-0.169326,-1.550057,-0.581007,0.198542
219,0.071197,0.005005,0.35009,-0.508214,0.368169,-0.778599,-0.44455,-0.886395,-0.129039,-0.737028,0.280083,0.615118,0.123643,0.053147,-0.037752,-0.098453,-1.341238,-0.446687,0.312593,-0.112649,0.032873,0.316545,0.790089,0.469601,0.393988,-0.609298,0.671134,0.422221,-0.067131,-0.574236,0.815849,0.009816,0.021252,-0.000584,-0.20818,-0.685931,0.54067,-1.045802,0.038576,0.040047,-0.022356,-0.711063,-0.521831,0.471254,0.694968,-0.623406,0.358306,0.106808,0.582285,0.805937,0.00401,0.016194,-0.004152,-0.660308,-2.24686,1.595723,-0.768733,0.072203,0.02607,-0.064965,-0.359687,0.449553,-0.817634,-0.475108,-0.842417,-0.254173,-0.803054,0.297042,0.516593,0.061974,0.026837,-0.018717,-0.134831,-1.439241,-0.491098,0.215361
220,0.075901,0.007489,0.34881,-0.478881,0.361009,-0.800244,-0.466383,-0.876855,-0.116544,-0.743183,0.316956,0.589275,0.114149,0.07907,-0.03459,-4.752139,-0.752383,2.737821,0.336394,-0.111843,0.033667,0.31645,0.816942,0.464344,0.342025,-0.576209,0.679247,0.454467,-0.022314,-0.568933,0.821998,0.036577,0.022864,-0.002673,-0.271958,-0.862855,0.981069,-1.077745,0.038969,0.040446,-0.022401,-0.743163,-0.519012,0.422296,0.666116,-0.633504,0.39365,0.063217,0.573845,0.816519,0.011687,0.010531,-0.001267,-0.795738,-2.294703,1.891906,-0.764324,0.074557,0.027296,-0.065611,-0.328488,0.437864,-0.83688,-0.493077,-0.835225,-0.243458,-0.805586,0.332673,0.490263,0.056737,0.034692,-0.012609,-1.438663,0.916672,-1.746236,0.235446
221,0.080212,0.010415,0.347809,-0.468413,0.360432,-0.806674,-0.479885,-0.870355,-0.110295,-0.741271,0.334993,0.581657,0.112881,0.072633,-0.023002,-0.683198,0.188087,-0.062422,0.39456,-0.110517,0.034134,0.316479,0.834539,0.476885,0.275894,-0.548701,0.675626,0.492332,0.047336,-0.562851,0.825119,0.037318,0.018867,-0.006208,-0.939325,-2.510818,2.227373,-1.08816,0.039631,0.040684,-0.022382,-0.765421,-0.533296,0.360173,0.64352,-0.631306,0.43282,-0.003442,0.563069,0.826402,0.019674,0.003437,0.000358,-0.553724,-0.554964,0.490761,-0.780653,0.076716,0.028771,-0.066108,-0.31546,0.440021,-0.840753,-0.511608,-0.825063,-0.239849,-0.799213,0.354473,0.485392,0.049989,0.038369,-0.010128,-2.679558,1.209607,-0.785827,0.29766
222,0.084241,0.013162,0.347007,-0.468878,0.365711,-0.804024,-0.498521,-0.860962,-0.100956,-0.728578,0.353027,0.587003,0.09669,0.063862,-0.01394,0.000335,0.090007,-0.142823,0.427301,-0.109067,0.034206,0.316453,0.825697,0.518274,0.22273,-0.54997,0.652291,0.521521,0.123966,-0.553763,0.823312,0.027163,8.3e-05,-0.003484,-1.172547,-2.568018,2.146774,-1.112431,0.040359,0.040728,-0.022395,-0.758801,-0.574794,0.306319,0.646564,-0.608011,0.460735,-0.078582,0.547661,0.833001,0.02012,0.00133,-0.001516,-0.839252,-1.075808,-0.130044,-0.797962,0.07874,0.030155,-0.066506,-0.316512,0.445718,-0.837349,-0.5314,-0.814531,-0.232706,-0.785769,0.371313,0.494664,0.054826,0.029843,-0.008512,-0.362569,0.420859,-0.574957,0.360853
223,0.086241,0.014351,0.346688,-0.470123,0.369201,-0.801698,-0.511632,-0.854099,-0.093373,-0.718625,0.365814,0.591427,0.094894,0.060269,-0.017185,0.095435,0.03247,-0.076001,0.429868,-0.108393,0.034195,0.316394,0.823928,0.529275,0.202487,-0.546295,0.6473,0.531505,0.149204,-0.549204,0.822177,0.027494,-0.001404,-0.004811,-0.775686,-1.085331,-0.354566,-1.134803,0.040696,0.040723,-0.022424,-0.759978,-0.58487,0.283478,0.641437,-0.604575,0.472278,-0.104838,0.540754,0.834621,0.013637,-0.00054,-0.002396,-1.609746,-3.265622,-3.385453,-0.812332,0.079743,0.030758,-0.066659,-0.317991,0.449111,-0.834973,-0.545063,-0.807194,-0.226588,-0.775749,0.38306,0.501476,0.053705,0.02371,-0.005016,-0.045065,0.21399,-0.330296,0.376202
224,0.089599,0.016183,0.346262,-0.473265,0.378499,-0.79549,-0.535213,-0.840742,-0.081679,-0.699135,0.386625,0.601463,0.077086,0.036537,-0.002796,0.040841,0.184705,-0.209829,0.422754,-0.107391,0.034149,0.316156,0.83409,0.526911,0.163247,-0.521088,0.65591,0.546061,0.179598,-0.541192,0.821413,0.027778,-0.002547,-0.005857,-0.402748,-0.834804,1.156509,-1.217012,0.041198,0.040697,-0.022546,-0.773373,-0.584181,0.246221,0.619454,-0.613779,0.48944,-0.134796,0.531043,0.836554,0.007369,-0.0026,-0.003208,-0.91889,-2.306065,2.288171,-0.819353,0.081429,0.031685,-0.066876,-0.321355,0.458585,-0.82851,-0.569207,-0.792761,-0.218019,-0.756791,0.401533,0.515788,0.039069,0.023624,-0.005725,-0.008157,0.235327,-0.316501,0.38502
225,0.092101,0.01753,0.346106,-0.486974,0.380148,-0.786377,-0.542101,-0.837442,-0.069199,-0.684252,0.39212,0.614872,0.047234,0.024837,0.003925,-0.414823,0.696779,-0.866094,0.38334,-0.106647,0.033838,0.315698,0.829413,0.547324,0.111809,-0.508345,0.656786,0.556913,0.230328,-0.519437,0.822799,0.016453,-0.013122,-0.013454,-0.310265,-1.819151,-0.57585,-1.35699,0.041561,0.040557,-0.022761,-0.776031,-0.599091,0.197143,0.604757,-0.618109,0.502204,-0.17901,0.50895,0.841976,0.008232,-0.006536,-0.006706,0.00085,-0.438177,0.406775,-0.785226,0.082692,0.032365,-0.066955,-0.335431,0.461112,-0.821499,-0.577483,-0.789614,-0.20742,-0.744311,0.404827,0.531145,0.023633,0.01241,0.001905,-1.483213,1.665539,-2.118651,0.355465
226,0.092953,0.017936,0.346181,-0.489645,0.388478,-0.780627,-0.553249,-0.830359,-0.066272,-0.673343,0.398943,0.622479,0.044954,0.010184,0.00921,-4.28724,-0.016972,3.136434,0.35337,-0.106277,0.033658,0.315374,0.821108,0.565825,0.07494,-0.50317,0.655866,0.562667,0.268181,-0.50043,0.823111,0.014836,-0.003192,-0.022273,-0.48302,-3.046071,1.78499,-1.399784,0.041758,0.040456,-0.022926,-0.767041,-0.621564,0.159077,0.603431,-0.614646,0.508016,-0.217988,0.485661,0.84653,0.015041,-0.006411,-0.007556,-0.245303,-1.910068,-0.546681,-0.801065,0.08312,0.032575,-0.066918,-0.341527,0.46631,-0.816034,-0.583978,-0.785587,-0.204505,-0.736429,0.406702,0.540614,0.015771,0.005995,0.005122,0.024556,0.447207,-0.519645,0.327705
227,0.093667,0.018153,0.346689,-0.492195,0.414988,-0.765228,-0.5912,-0.804553,-0.056123,-0.638351,0.424259,0.642293,0.002196,-0.000135,0.016984,-1.215644,0.585762,0.792409,0.269396,-0.105205,0.033517,0.314593,0.792044,0.61035,-0.011437,-0.49518,0.653504,0.572419,0.355845,-0.448488,0.819815,0.027838,0.000278,-0.021149,-0.32774,-6.075178,-2.166163,-1.404447,0.042291,0.040377,-0.023325,-0.747315,-0.660697,0.070691,0.593166,-0.615391,0.519083,-0.299454,0.42985,0.851795,0.013937,0.000183,-0.010528,-0.038395,-1.201616,1.132757,-0.827518,0.083493,0.032688,-0.066667,-0.34257,0.493146,-0.799657,-0.624658,-0.755325,-0.198206,-0.701746,0.431613,0.566799,0.001001,-0.000272,0.008293,-4.156108,0.405406,3.560029,0.23365
228,0.093235,0.017824,0.347467,-0.494553,0.437847,-0.750834,-0.618659,-0.784062,-0.049801,-0.609897,0.439332,0.659576,-0.027399,-0.013367,0.022856,-0.041393,0.382242,-0.364946,0.21351,-0.104234,0.033572,0.313978,0.753677,0.651966,-0.08308,-0.500442,0.651361,0.570281,0.42496,-0.389056,0.817256,0.028533,-0.004961,-0.008248,0.564681,-3.858926,-3.515416,-1.404346,0.042778,0.040398,-0.023645,-0.713729,-0.700385,-0.007098,0.59693,-0.613542,0.516952,-0.366421,0.364727,0.855984,0.007713,-0.003724,-0.004289,0.103388,-0.678586,0.954687,-0.820006,0.083288,0.032529,-0.066281,-0.345258,0.517197,-0.783136,-0.652704,-0.731922,-0.195619,-0.674369,0.443617,0.590279,-0.00716,-0.008102,0.010462,-0.051556,0.290528,-0.355299,0.141717
229,0.092821,0.017355,0.34788,-0.503168,0.438611,-0.744639,-0.616556,-0.785926,-0.046381,-0.604956,0.435224,0.66681,-0.030418,-0.030827,0.02604,-0.093003,0.342665,-0.41539,0.174084,-0.103745,0.033497,0.313897,0.741435,0.662452,-0.106878,-0.50161,0.653107,0.567251,0.444635,-0.367808,0.816628,0.027484,-0.000133,-0.003922,0.700276,-3.862372,-3.497274,-1.404515,0.043024,0.040354,-0.023691,-0.703252,-0.710227,-0.031826,0.597985,-0.615137,0.513827,-0.384511,0.342319,0.857302,0.008242,-0.007286,0.001351,0.052758,-0.583849,0.753268,-0.818537,0.083084,0.032306,-0.066072,-0.354655,0.518083,-0.778337,-0.651179,-0.734232,-0.192011,-0.670957,0.43874,0.597764,-0.008345,-0.01202,0.007352,-0.069853,0.15679,-0.269844,0.098282
230,0.091952,0.01584,0.348542,-0.515176,0.437826,-0.73685,-0.614062,-0.78827,-0.039123,-0.597331,0.431767,0.67587,-0.033958,-0.042137,0.017017,-0.103758,0.230172,-0.318027,0.103715,-0.102875,0.033675,0.314129,0.734496,0.665587,-0.132285,-0.494428,0.658535,0.567279,0.463753,-0.352103,0.812909,0.010908,0.012477,0.009327,-0.598517,0.014629,0.639141,-1.404492,0.043468,0.040426,-0.023591,-0.693341,-0.718193,-0.058955,0.596518,-0.617921,0.512189,-0.40428,0.319955,0.856846,0.011856,0.008317,0.00558,-0.72826,-0.078042,0.904718,-0.813638,0.082639,0.031537,-0.065731,-0.368055,0.517146,-0.772718,-0.649804,-0.737481,-0.184054,-0.665049,0.434373,0.607477,-0.017152,-0.021614,0.008086,-0.111716,0.196927,-0.340942,-0.010306
231,0.090756,0.014232,0.349122,-0.523364,0.438962,-0.730375,-0.61338,-0.789005,-0.034743,-0.590876,0.429264,0.683099,-0.034278,-0.042565,0.016634,-0.076069,0.20173,-0.104504,0.054558,-0.102601,0.034357,0.31476,0.741378,0.66429,-0.095235,-0.492566,0.63518,0.594861,0.454707,-0.394947,0.798199,-0.004267,0.018753,0.016782,-1.368988,1.145845,0.301353,-1.40473,0.04361,0.040772,-0.023272,-0.695391,-0.71829,-0.022137,0.596454,-0.594072,0.53974,-0.400841,0.362127,0.84154,0.005306,0.005545,0.012829,-0.95103,2.594091,-0.964789,-0.813148,0.082049,0.030737,-0.065457,-0.376931,0.51855,-0.767481,-0.649817,-0.73851,-0.179833,-0.660045,0.430938,0.61533,-0.016624,-0.015824,0.004124,-0.043153,0.155544,-0.074437,-0.080848
232,0.089218,0.013085,0.349661,-0.532402,0.449209,-0.717499,-0.6138,-0.788515,-0.038289,-0.582303,0.419452,0.696427,-0.044848,-0.022978,0.014772,0.061917,0.478435,0.076719,0.041894,-0.102558,0.034727,0.315861,0.761187,0.646092,-0.056128,-0.464534,0.603739,0.647797,0.451453,-0.467836,0.759725,-0.001499,0.001596,0.036555,-2.356482,1.303509,0.700003,-1.405302,0.04363,0.040967,-0.022726,-0.711623,-0.702307,0.01888,0.572881,-0.564504,0.594257,-0.406693,0.433704,0.804052,-0.001853,0.006786,0.014793,-2.02242,2.556195,-0.512839,-0.812005,0.08128,0.030144,-0.065197,-0.387025,0.528243,-0.755757,-0.649688,-0.737841,-0.183014,-0.654305,0.420176,0.628757,-0.015748,-0.012696,0.00663,0.102939,0.583032,0.17722,-0.129508
233,0.088372,0.012678,0.349958,-0.537922,0.456029,-0.709029,-0.613828,-0.788335,-0.041416,-0.577177,0.412372,0.704871,-0.044349,-0.021088,0.016278,0.120927,0.63943,0.168825,0.04303,-0.102658,0.034964,0.316535,0.765889,0.641708,-0.040206,-0.452226,0.582246,0.675585,0.455962,-0.500048,0.736147,-0.002477,0.005919,0.040262,-2.246061,0.671482,1.212036,-1.405423,0.04358,0.041082,-0.022391,-0.715603,-0.697567,0.036213,0.561401,-0.543522,0.624028,-0.415619,0.466887,0.780561,-0.002274,0.008622,0.01637,-1.847924,1.002008,0.843622,-0.81772,0.080857,0.029939,-0.06505,-0.393164,0.534418,-0.74821,-0.649219,-0.737587,-0.185683,-0.651103,0.412749,0.636948,-0.022075,-0.010203,0.008435,0.19309,0.968273,0.135936,-0.136203
234,0.086778,0.011856,0.350767,-0.544986,0.468345,-0.695478,-0.613259,-0.788258,-0.050342,-0.571122,0.398485,0.717675,-0.029828,-0.019526,0.017937,0.036293,0.482577,-0.114527,0.046798,-0.102648,0.035028,0.318284,0.783902,0.620659,-0.016441,-0.415192,0.543895,0.729196,0.460525,-0.565571,0.684039,0.002087,-0.019087,0.053031,-2.246733,2.331545,-0.810831,-1.405326,0.04358,0.041142,-0.021525,-0.73324,-0.677402,0.059031,0.52612,-0.5102,0.680362,-0.430761,0.529926,0.730494,0.006471,-0.002381,0.023148,-2.292025,2.09926,-0.396797,-0.828824,0.080055,0.029527,-0.064646,-0.401623,0.547426,-0.734181,-0.647275,-0.736811,-0.195305,-0.647869,0.396778,0.650255,-0.021892,-0.013105,0.01473,0.015189,0.442321,0.053567,-0.136203
235,0.085579,0.010851,0.351828,-0.548839,0.479019,-0.6851,-0.6118,-0.788612,-0.061353,-0.568991,0.384871,0.72674,-0.029884,-0.026881,0.029306,-0.036105,0.360362,-0.172702,0.04173,-0.102415,0.033919,0.319739,0.802946,0.596001,0.007223,-0.384244,0.508516,0.770521,0.454534,-0.622206,0.637277,0.007523,-0.042981,0.032277,-1.592238,1.82146,-1.138384,-1.404785,0.043691,0.040608,-0.020734,-0.753725,-0.651512,0.086195,0.494411,-0.475729,0.727488,-0.432962,0.590941,0.680684,0.003955,-0.022468,0.015294,-1.419573,1.794995,-1.136249,-0.829151,0.079456,0.029029,-0.064119,-0.406407,0.557917,-0.723575,-0.644089,-0.736628,-0.206219,-0.648059,0.382239,0.658719,-0.015442,-0.01869,0.019082,-0.073478,0.351131,-0.204484,-0.137836
236,0.085147,0.01026,0.352442,-0.548221,0.482997,-0.682797,-0.610832,-0.788847,-0.067652,-0.570623,0.379381,0.728344,-0.015984,-0.027804,0.029013,-0.02343,0.101477,0.037903,0.036018,-0.102325,0.032801,0.320337,0.808202,0.588618,0.018183,-0.376486,0.4929,0.784373,0.451702,-0.641511,0.619913,-0.001695,-0.06507,0.032397,-1.002565,-0.074852,0.737883,-1.40438,0.043737,0.040072,-0.020448,-0.758592,-0.644011,0.098933,0.487297,-0.459967,0.742275,-0.432527,0.611293,0.662752,0.005809,-0.031874,0.015858,-1.221946,0.230775,0.510281,-0.829967,0.079234,0.028733,-0.063812,-0.406143,0.561619,-0.720855,-0.642084,-0.736684,-0.21219,-0.650212,0.37667,0.659805,-0.015376,-0.018407,0.019322,0.038334,0.089516,-0.142264,-0.142245
237,0.084574,0.008794,0.353776,-0.543257,0.493304,-0.679389,-0.6113,-0.787044,-0.082739,-0.574855,0.369744,0.729971,-0.004241,-0.042933,0.034589,-0.014715,0.341796,0.105271,0.02411,-0.101818,0.030491,0.321365,0.81465,0.57879,0.03658,-0.367239,0.466225,0.804801,0.447717,-0.669784,0.592285,0.008091,-0.043021,0.014959,-0.552731,0.323707,-0.150749,-1.403975,0.043994,0.038874,-0.019937,-0.764382,-0.634039,0.117103,0.477207,-0.434197,0.764032,-0.43358,0.639895,0.634461,0.004112,-0.021886,0.007146,-0.492632,0.350551,-0.204532,-0.835682,0.078952,0.028026,-0.063156,-0.400726,0.570089,-0.717228,-0.64004,-0.734326,-0.22608,-0.655565,0.368458,0.659144,-0.001603,-0.01608,0.012995,0.247097,0.407992,0.379161,-0.16037
238,0.08445,0.00735,0.354923,-0.534377,0.502297,-0.679842,-0.615099,-0.782702,-0.094885,-0.579116,0.366836,0.728068,-0.003152,-0.032139,0.026047,-0.074302,-0.025014,0.154429,0.016332,-0.101457,0.029029,0.322046,0.82474,0.563244,0.050506,-0.364546,0.461476,0.808752,0.431166,-0.686122,0.585829,0.004514,-0.024805,0.013389,0.05134,-0.020592,-0.075632,-1.404076,0.044176,0.038135,-0.019617,-0.774271,-0.618939,0.131982,0.474736,-0.430141,0.767856,-0.418485,0.657185,0.626879,0.003274,-0.018164,0.010424,0.090543,-0.040863,-0.105044,-0.836009,0.078883,0.027285,-0.062565,-0.391803,0.579323,-0.714755,-0.641654,-0.728811,-0.238983,-0.65937,0.364991,0.657275,0.005094,-0.017482,0.012099,-0.05425,-0.1083,0.181968,-0.168372
239,0.084418,0.006194,0.355839,-0.5286,0.514834,-0.674961,-0.620087,-0.777152,-0.107235,-0.579104,0.361205,0.730887,-0.002973,-0.031618,0.026512,-0.027814,0.150402,0.231315,-0.027998,-0.10104,0.02794,0.32284,0.827059,0.559188,0.057207,-0.372368,0.469026,0.800806,0.419915,-0.684311,0.59603,0.019001,-0.030372,0.024254,0.420674,-0.140871,-0.181964,-1.404062,0.044377,0.037606,-0.019233,-0.776487,-0.614712,0.138549,0.481421,-0.436852,0.759863,-0.406571,0.656726,0.635145,0.00281,-0.016116,0.012236,0.539696,-0.180006,-0.263307,-0.835519,0.078867,0.026714,-0.062115,-0.386011,0.590732,-0.708541,-0.644357,-0.722302,-0.251161,-0.66015,0.359603,0.659459,-0.000945,-0.010342,0.008999,0.032849,0.319186,0.121382,-0.20152
240,0.08433,0.005821,0.356161,-0.527923,0.520096,-0.671449,-0.622284,-0.774862,-0.11101,-0.577366,0.358575,0.733553,-0.002065,-0.021333,0.017478,-0.003883,0.10537,0.232207,-0.045845,-0.100914,0.027279,0.323326,0.825004,0.562276,0.056615,-0.376419,0.472259,0.797003,0.420347,-0.679541,0.601161,0.005834,-0.033057,0.023793,0.520949,-0.15532,-0.240561,-1.403828,0.044447,0.037267,-0.018978,-0.774159,-0.617787,0.137897,0.485414,-0.439593,0.755731,-0.406262,0.651994,0.640198,0.002862,-0.016358,0.012041,0.553913,-0.182059,-0.268652,-0.836825,0.078822,0.026517,-0.061943,-0.385596,0.596057,-0.704294,-0.645887,-0.719482,-0.255292,-0.658896,0.356455,0.662415,-0.001048,-0.010669,0.00874,-0.001436,0.104642,0.227634,-0.217359
241,0.083986,0.005355,0.356634,-0.528489,0.533713,-0.660224,-0.626118,-0.770186,-0.121497,-0.572689,0.3485,0.742026,-0.001032,-0.010655,0.008755,0.161222,0.445358,0.441421,-0.070591,-0.100555,0.026014,0.324428,0.821635,0.567421,0.054235,-0.381961,0.477672,0.791119,0.421943,-0.671432,0.609103,0.019777,-0.036116,0.036897,0.427183,-0.164514,-0.189304,-1.404416,0.04463,0.036615,-0.018424,-0.770355,-0.623098,0.135281,0.491203,-0.444676,0.748987,-0.406536,0.643437,0.648626,0.009817,-0.017826,0.018648,0.579889,-0.182985,-0.212271,-0.831764,0.078655,0.026278,-0.061704,-0.386335,0.60739,-0.694134,-0.647856,-0.714363,-0.264512,-0.656526,0.347509,0.669485,-0.007233,-0.003906,0.005314,0.002369,0.013427,0.16223,-0.240873
242,0.083515,0.005242,0.356881,-0.530253,0.541699,-0.652257,-0.627625,-0.767962,-0.127644,-0.569401,0.341011,0.748012,-0.013359,0.003019,0.002,0.16292,0.46268,0.2124,-0.083419,-0.099814,0.025336,0.32575,0.819508,0.57177,0.038436,-0.377501,0.488382,0.786708,0.43,-0.659935,0.615995,0.026993,-0.002256,0.029411,0.047273,-0.216227,0.208358,-1.404084,0.045002,0.036272,-0.017766,-0.768941,-0.628092,0.119286,0.488269,-0.456508,0.743769,-0.4127,0.630158,0.657706,0.013375,-0.000681,0.015084,-0.042955,-0.214684,0.222436,-0.839275,0.078419,0.026218,-0.061577,-0.388806,0.615237,-0.685793,-0.648247,-0.711616,-0.270884,-0.654679,0.339242,0.675506,-0.006679,0.001529,0.00102,0.174277,0.480044,0.214823,-0.255242
243,0.082927,0.005353,0.356952,-0.531785,0.542933,-0.64998,-0.627277,-0.768108,-0.128477,-0.568354,0.338715,0.749848,-0.013462,0.00271,0.001744,-0.000338,0.016474,-0.028603,-0.093665,-0.098914,0.025574,0.326951,0.811534,0.584296,-0.001427,-0.362955,0.506218,0.782267,0.456762,-0.635047,0.622854,0.023392,0.015506,0.02716,0.081074,-0.607616,0.740381,-1.404743,0.045433,0.036381,-0.017184,-0.763772,-0.640285,0.081774,0.47626,-0.473483,0.740938,-0.435693,0.604854,0.666575,0.012672,0.002231,0.017554,0.007241,-0.194328,0.230614,-0.834213,0.07813,0.026273,-0.061542,-0.391111,0.61765,-0.682304,-0.647703,-0.711409,-0.27272,-0.653843,0.335267,0.678294,-0.006223,0.00664,-0.003533,0.028037,-0.02139,-0.024937,-0.265529
244,0.082618,0.005469,0.356945,-0.532322,0.54254,-0.649868,-0.626855,-0.7685,-0.128189,-0.568316,0.338456,0.749994,-0.026826,0.005717,0.003722,-0.001957,0.029459,-0.05909,-0.09165,-0.098446,0.025918,0.32746,0.801092,0.598209,-0.019755,-0.360393,0.508634,0.781884,0.476755,-0.619988,0.623044,0.023026,0.016818,0.028212,0.109381,-2.167808,1.941066,-1.404739,0.045684,0.036568,-0.016907,-0.754521,-0.653502,0.060266,0.472377,-0.477048,0.741137,-0.455585,0.587672,0.668642,0.011436,0.008692,0.014343,0.095472,-2.15633,1.920291,-0.826538,0.077965,0.026332,-0.061545,-0.391676,0.617147,-0.682435,-0.647344,-0.71191,-0.272267,-0.653862,0.33513,0.678345,-0.01341,0.002872,0.00188,-0.003484,0.026499,-0.060099,-0.267816
245,0.081987,0.005738,0.356919,-0.533493,0.541674,-0.64963,-0.625905,-0.769373,-0.127591,-0.568264,0.337859,0.750303,-0.013399,0.002896,0.001885,-0.000984,0.014715,-0.029553,-0.053437,-0.097536,0.026881,0.328364,0.783256,0.61943,-0.052982,-0.353229,0.513709,0.781835,0.510508,-0.594437,0.6212,0.021175,0.026679,0.019081,0.017128,-0.697964,0.700217,-1.404985,0.046129,0.037048,-0.016454,-0.738611,-0.673648,0.025507,0.465475,-0.482263,0.742128,-0.487633,0.560017,0.669771,0.004149,0.011441,0.008833,0.147628,-2.12798,1.930402,-0.820006,0.077654,0.026466,-0.061558,-0.392874,0.616363,-0.682455,-0.646585,-0.712855,-0.271595,-0.653894,0.334563,0.678594,-0.006164,0.006783,-0.003418,0.03285,-0.004119,-0.013462,-0.254099
246,0.081468,0.005837,0.35697,-0.534559,0.540966,-0.649344,-0.625284,-0.770005,-0.126817,-0.567944,0.337556,0.750681,-0.013622,0.002233,0.001342,-0.000984,0.014715,-0.029553,-0.054297,-0.097013,0.027886,0.328806,0.757659,0.648367,-0.074603,-0.358004,0.50862,0.78299,0.544639,-0.567343,0.617539,0.007618,0.028111,0.004691,-0.035162,-0.396636,-0.202929,-1.40572,0.046393,0.037559,-0.016221,-0.713554,-0.700598,0.00059,0.469368,-0.477422,0.742806,-0.520127,0.53031,0.669506,0.003748,0.014274,0.002512,0.063905,-1.326402,-0.899145,-0.805637,0.077391,0.026517,-0.061532,-0.394018,0.615717,-0.682379,-0.646141,-0.713572,-0.270768,-0.653643,0.334226,0.679001,-0.00682,0.00109,0.00066,-0.001362,0.014579,-0.029191,-0.244955
247,0.081267,0.005827,0.357007,-0.535056,0.540662,-0.649188,-0.625071,-0.770249,-0.126388,-0.567711,0.337487,0.750888,-0.013618,0.002251,0.001355,-0.000984,0.014715,-0.029553,-0.055216,-0.096808,0.028461,0.328872,0.743592,0.664271,-0.0762,-0.365287,0.499206,0.78568,0.558991,-0.557223,0.613918,0.008066,0.026115,0.00298,-0.136391,-0.001068,0.113391,-1.405397,0.046493,0.037837,-0.016189,-0.698164,-0.715933,-0.002314,0.4766,-0.467178,0.744712,-0.534246,0.518829,0.667381,0.00414,0.012644,0.001148,-0.211611,0.024343,-0.118499,-0.803187,0.0773,0.02651,-0.061514,-0.394503,0.615469,-0.682323,-0.646035,-0.713823,-0.27036,-0.653456,0.334147,0.67922,-0.000167,-0.000496,-0.000395,-0.00032,-0.00012,0.000289,-0.244465
248,0.081002,0.00578,0.357026,-0.535774,0.54022,-0.648963,-0.62475,-0.77061,-0.125781,-0.567387,0.337372,0.751185,-0.000618,-0.00184,-0.001496,0.0,0.0,0.0,-0.053301,-0.096445,0.02928,0.328807,0.707532,0.702496,-0.076751,-0.381995,0.471718,0.794667,0.593547,-0.533815,0.602168,0.010013,0.017931,-0.003934,-0.28633,-1.247371,-0.810305,-1.405494,0.046675,0.038264,-0.016215,-0.660765,-0.750564,-0.006465,0.491761,-0.439401,0.751729,-0.567061,0.493538,0.659439,0.006132,0.002641,0.001095,-0.213935,-4.19355,-3.334036,-0.804657,0.077163,0.02649,-0.061502,-0.395287,0.615063,-0.682235,-0.645836,-0.714244,-0.269723,-0.65318,0.333994,0.679561,-0.000434,-0.001291,-0.001044,-0.000771,0.013779,-0.025065,-0.243648
249,0.08084,0.005708,0.356977,-0.536299,0.539887,-0.648806,-0.62447,-0.770901,-0.125383,-0.567198,0.337241,0.751387,-0.014443,-0.000175,-0.000625,-0.001541,0.028585,-0.05481,-0.054603,-0.095782,0.029547,0.32873,0.673308,0.734341,-0.085969,-0.389185,0.451019,0.80315,0.627695,-0.508231,0.589545,0.01349,0.000957,-0.001002,-0.302867,-0.081228,0.314195,-1.405271,0.047011,0.038401,-0.016257,-0.624449,-0.780825,-0.019323,0.498315,-0.417324,0.759948,-0.601451,0.464921,0.649695,0.006842,0.000131,-0.000783,-0.275907,-0.085576,0.328226,-0.803024,0.077077,0.026455,-0.061526,-0.395865,0.614751,-0.68218,-0.645637,-0.714585,-0.269294,-0.653025,0.333837,0.679786,-0.007224,-9.5e-05,-0.000317,-0.001691,0.028522,-0.054676,-0.242669
250,0.080764,0.005675,0.356948,-0.536544,0.539729,-0.648735,-0.624331,-0.771042,-0.125206,-0.567118,0.337172,0.751478,-0.000736,-0.002187,-0.001781,0.0,0.0,0.0,-0.064049,-0.095515,0.02945,0.328718,0.65692,0.74825,-0.092564,-0.391999,0.443976,0.805702,0.643118,-0.493937,0.585054,0.014381,-0.002619,-0.004024,0.069522,-1.692082,2.193466,-1.404888,0.047144,0.038354,-0.016261,-0.608105,-0.793406,-0.026715,0.500873,-0.409567,0.762482,-0.6159,0.450289,0.646456,0.007297,-0.001678,-0.002307,0.147725,-1.685091,2.181259,-0.802861,0.077039,0.026437,-0.061542,-0.396126,0.614609,-0.682157,-0.64554,-0.714743,-0.269107,-0.652964,0.333759,0.679883,-0.000449,-0.001336,-0.001086,-0.000122,-4.5e-05,0.00011,-0.244465
251,0.08057,0.005639,0.356925,-0.537201,0.539311,-0.64854,-0.623977,-0.771409,-0.124712,-0.566887,0.337003,0.751728,-0.000335,-0.000995,-0.000811,0.0,0.0,0.0,-0.081793,-0.095449,0.028918,0.328651,0.652808,0.75124,-0.097317,-0.389684,0.44334,0.807174,0.648686,-0.489951,0.582252,0.001967,-0.00796,-0.006735,0.15876,-1.322487,-0.989327,-1.405035,0.047178,0.038083,-0.0163,-0.604894,-0.795636,-0.032637,0.498461,-0.410288,0.763675,-0.620998,0.445675,0.644774,0.001025,-0.004165,-0.003541,0.179005,-1.342418,-0.993876,-0.807106,0.076941,0.026416,-0.061555,-0.396826,0.614231,-0.682091,-0.645293,-0.71516,-0.268593,-0.652783,0.333564,0.680153,-0.006887,0.000918,0.000507,-0.001075,0.014695,-0.029476,-0.254262
252,0.080427,0.0057,0.356956,-0.537434,0.539147,-0.648483,-0.623826,-0.771556,-0.124553,-0.566832,0.336926,0.751804,0.000325,0.000963,0.000784,0.0,0.0,0.0,-0.08744,-0.095547,0.028198,0.328503,0.648862,0.754669,-0.097184,-0.389716,0.439446,0.809285,0.652614,-0.488188,0.579336,-0.008039,-0.02604,-0.002961,-0.329852,0.112254,0.004295,-1.405152,0.047132,0.037734,-0.016371,-0.599837,-0.799441,-0.032973,0.499571,-0.406391,0.765032,-0.624998,0.442423,0.643147,0.002652,-0.012143,-0.001643,-0.53518,0.236827,-0.14279,-0.80629,0.076869,0.026445,-0.061541,-0.397072,0.614084,-0.68208,-0.64518,-0.715325,-0.268423,-0.652744,0.333481,0.680231,0.000226,0.000672,0.000552,-5.1e-05,-2.1e-05,6.3e-05,-0.2621
253,0.080346,0.00571,0.356974,-0.53761,0.539036,-0.64843,-0.623742,-0.771648,-0.124406,-0.566757,0.336896,0.751874,-6.3e-05,-0.000186,-0.000151,0.0,0.0,0.0,-0.085396,-0.095645,0.027191,0.32834,0.644704,0.758026,-0.098717,-0.388658,0.436381,0.811449,0.657348,-0.485729,0.576042,0.005022,-0.023221,-0.002442,-0.095438,0.036292,-0.029339,-1.405134,0.047083,0.037232,-0.016458,-0.595975,-0.802238,-0.035015,0.497503,-0.403115,0.768106,-0.630319,0.440353,0.639363,0.002484,-0.011495,-0.001115,-0.093893,0.047382,-0.027395,-0.807596,0.076834,0.026452,-0.06153,-0.397238,0.613996,-0.682063,-0.645136,-0.715415,-0.268289,-0.652687,0.333449,0.680301,-4.9e-05,-0.000144,-0.000114,-3.9e-05,-1.4e-05,3.3e-05,-0.262917
254,0.080331,0.005699,0.356965,-0.537665,0.539001,-0.648413,-0.623711,-0.771679,-0.124366,-0.566738,0.33688,0.751895,-8.6e-05,-0.000256,-0.000208,0.0,0.0,0.0,-0.085577,-0.095656,0.02676,0.328324,0.640732,0.761122,-0.100733,-0.387661,0.434112,0.813142,0.661804,-0.482912,0.573301,-0.008751,-0.023401,-0.000761,-0.150419,0.065789,-0.0441,-1.404991,0.047078,0.036993,-0.016472,-0.59196,-0.805104,-0.037294,0.496584,-0.400782,0.76992,-0.634812,0.437242,0.637049,-0.004402,-0.011591,-0.000283,-0.132255,0.070545,-0.046872,-0.807596,0.076822,0.026447,-0.061534,-0.397318,0.613952,-0.682055,-0.645105,-0.715464,-0.268231,-0.652668,0.333425,0.680331,-5.2e-05,-0.000151,-0.000121,-2.8e-05,-1.7e-05,3.3e-05,-0.262754
255,0.080254,0.005686,0.356966,-0.537874,0.538869,-0.648349,-0.623609,-0.771789,-0.124197,-0.566652,0.336839,0.751978,-2.9e-05,-8.7e-05,-7.1e-05,0.0,0.0,0.0,-0.092856,-0.095629,0.026271,0.328438,0.641404,0.760731,-0.099401,-0.385481,0.431717,0.815449,0.662424,-0.485671,0.570246,0.001896,-0.010502,0.008425,-0.065847,0.013414,-0.012695,-1.405067,0.047094,0.036738,-0.016424,-0.592648,-0.804662,-0.035867,0.494376,-0.39855,0.772495,-0.635893,0.440086,0.634006,0.000835,-0.004796,0.004603,-0.031407,0.014837,-0.013488,-0.812495,0.076783,0.026441,-0.061534,-0.397542,0.613833,-0.682032,-0.645038,-0.71559,-0.268056,-0.652598,0.333373,0.680423,-7e-06,-2.2e-05,-1.7e-05,-2.3e-05,-6e-06,2.6e-05,-0.26504
256,0.080095,0.005702,0.357038,-0.538218,0.538667,-0.648231,-0.623496,-0.771934,-0.123861,-0.566449,0.336831,0.752135,0.000409,0.001208,0.000985,0.0,0.0,0.0,-0.096336,-0.095578,0.025984,0.328935,0.641293,0.761214,-0.096378,-0.386081,0.428812,0.816698,0.662183,-0.487489,0.568974,0.002478,-0.015637,0.021448,-0.086099,0.102704,-0.184039,-1.404811,0.047118,0.036603,-0.016181,-0.592243,-0.805082,-0.033014,0.495054,-0.395892,0.773427,-0.635742,0.441714,0.633024,0.000162,-0.002073,0.006932,-0.03269,-0.010851,0.002691,-0.81674,0.076703,0.026447,-0.0615,-0.397912,0.61365,-0.681981,-0.644989,-0.715762,-0.267719,-0.652422,0.333342,0.680608,0.000231,0.000688,0.000563,-3.2e-05,-8e-06,2e-06,-0.268632
257,0.079992,0.005683,0.357097,-0.538493,0.538519,-0.648126,-0.623441,-0.772026,-0.123563,-0.566249,0.336857,0.752274,-0.000844,-0.009931,0.009345,-0.03436,0.01871,-0.015526,-0.096598,-0.095513,0.025795,0.329329,0.641021,0.761277,-0.097675,-0.384796,0.429012,0.817199,0.663193,-0.487213,0.568033,0.001832,-0.013002,0.023698,-0.086046,0.102496,-0.184177,-1.405249,0.047152,0.036503,-0.015975,-0.592066,-0.805163,-0.034204,0.493884,-0.396055,0.774092,-0.636817,0.441421,0.632148,0.000824,-0.00616,0.012139,-0.086093,0.103881,-0.187032,-0.817067,0.076652,0.026442,-0.061472,-0.398191,0.613521,-0.681935,-0.644974,-0.715876,-0.267448,-0.652266,0.333335,0.68076,0.000155,0.000462,0.00038,-2.1e-05,-1e-06,9e-06,-0.269612
258,0.079743,0.005593,0.357225,-0.539112,0.538197,-0.64788,-0.623358,-0.772207,-0.122851,-0.565751,0.336957,0.752604,-0.013641,0.002251,0.001339,-0.000984,0.014715,-0.029553,-0.098224,-0.095515,0.025614,0.330335,0.636059,0.765328,-0.098452,-0.38559,0.425897,0.818453,0.667496,-0.483584,0.56609,-0.002501,0.007455,0.02368,-0.029213,-0.041245,0.051641,-1.404864,0.047153,0.036405,-0.015486,-0.586902,-0.808882,-0.035412,0.494635,-0.392833,0.775252,-0.640999,0.437482,0.630657,-0.001196,0.003448,0.011608,-0.047798,0.081694,-0.140467,-0.817394,0.076534,0.026395,-0.061404,-0.398854,0.613239,-0.6818,-0.645033,-0.716089,-0.266735,-0.651803,0.333396,0.681175,-0.000708,-0.005802,0.003995,-0.034378,0.018729,-0.015521,-0.271081
259,0.079497,0.005483,0.357324,-0.536694,0.540959,-0.647587,-0.627732,-0.768784,-0.122043,-0.563214,0.340334,0.752987,-0.000392,-0.001151,-0.000938,-0.0,-0.0,0.0,-0.100102,-0.095581,0.026046,0.331238,0.635794,0.765385,-0.099714,-0.384331,0.426098,0.81894,0.668473,-0.483315,0.565166,-0.002733,0.00841,0.02437,-0.031489,-0.026049,0.027981,-1.404973,0.047116,0.036635,-0.015016,-0.58675,-0.808931,-0.036794,0.493395,-0.393169,0.775873,-0.642094,0.43709,0.629815,-0.001425,0.004381,0.012338,-0.031922,-0.022098,0.022732,-0.81723,0.076405,0.026341,-0.061354,-0.396348,0.615793,-0.680959,-0.649257,-0.71241,-0.266338,-0.649132,0.336555,0.682171,-0.006949,0.000759,0.000373,-0.00091,0.014585,-0.029764,-0.272061
260,0.079309,0.005368,0.357317,-0.534018,0.543823,-0.6474,-0.63209,-0.765285,-0.121542,-0.560885,0.343628,0.753229,-0.001003,-0.002939,-0.002398,-0.000563,0.013837,-0.025275,-0.100853,-0.095665,0.026605,0.331919,0.635858,0.765762,-0.09636,-0.385687,0.423547,0.819626,0.667632,-0.484963,0.56475,-0.003783,0.01545,0.012924,0.002304,-0.015472,0.024201,-1.404869,0.047073,0.036918,-0.014672,-0.586446,-0.809299,-0.033371,0.494664,-0.390466,0.776429,-0.641394,0.438827,0.629319,-0.002024,0.008223,0.00688,-0.011353,0.07578,-0.118837,-0.817231,0.076312,0.026286,-0.061356,-0.393528,0.618458,-0.68018,-0.653426,-0.708615,-0.266265,-0.64666,0.339665,0.682977,-0.000336,-0.000985,-0.0008,9.9e-05,-0.000446,-0.000505,-0.274184
261,0.07923,0.005329,0.357282,-0.534404,0.543581,-0.647284,-0.631874,-0.765508,-0.121265,-0.56076,0.343517,0.753373,-0.000898,-0.002629,-0.002146,-0.0,-0.0,0.0,-0.100909,-0.095704,0.026888,0.332164,0.635927,0.76595,-0.094381,-0.386628,0.422174,0.819892,0.667022,-0.485863,0.564696,-0.003488,0.014246,0.011884,0.004609,-0.030942,0.048403,-1.404969,0.047053,0.03706,-0.014549,-0.586301,-0.809485,-0.031373,0.495536,-0.38901,0.776604,-0.640854,0.439777,0.629207,-0.001646,0.006686,0.005578,-0.013651,0.091208,-0.142954,-0.81723,0.076272,0.026265,-0.061374,-0.393963,0.618223,-0.68014,-0.653258,-0.708885,-0.265959,-0.646564,0.33953,0.683134,-0.007227,-4.6e-05,-0.000287,-0.001401,0.02855,-0.055037,-0.27451
262,0.079162,0.005287,0.357247,-0.531421,0.546584,-0.647212,-0.63626,-0.761894,-0.121089,-0.558638,0.346761,0.753463,-0.000794,-0.002324,-0.001898,-0.0,-0.0,0.0,-0.100593,-0.095734,0.027134,0.332365,0.63683,0.765436,-0.092451,-0.385326,0.419974,0.821632,0.666913,-0.488577,0.562479,-0.002862,0.011689,0.009728,-0.028985,0.095742,-0.138496,-1.404838,0.047038,0.037291,-0.014369,-0.586954,-0.809148,-0.02761,0.495003,-0.385642,0.778621,-0.640668,0.443348,0.626885,-0.001053,0.004273,0.003551,0.008129,-0.015462,0.023895,-0.821476,0.076237,0.026242,-0.061393,-0.390831,0.621003,-0.679414,-0.657393,-0.704964,-0.266193,-0.64427,0.342606,0.683765,-0.000483,-0.001415,-0.001153,0.000118,-0.000672,-0.000725,-0.274511
263,0.078909,0.005119,0.357246,-0.53221,0.546148,-0.646931,-0.636003,-0.762226,-0.120343,-0.558178,0.346719,0.753824,-0.000395,-0.001153,-0.000943,0.0,0.0,0.0,-0.10667,-0.095667,0.02758,0.332674,0.637042,0.765859,-0.087347,-0.387831,0.416522,0.82221,0.665258,-0.490868,0.562444,-0.000929,0.003787,0.003141,-0.0,0.0,0.0,-1.404688,0.04707,0.037414,-0.014288,-0.586732,-0.809416,-0.024307,0.496532,-0.383314,0.778798,-0.639689,0.444876,0.626804,0.006034,0.003351,0.001891,-0.011489,0.075854,-0.11377,-0.81723,0.07611,0.026156,-0.061395,-0.391689,0.620598,-0.679291,-0.657262,-0.705371,-0.265438,-0.643883,0.342503,0.684182,-0.00022,-0.000643,-0.000523,0.000141,6.2e-05,-0.000155,-0.27647
264,0.078695,0.004866,0.357426,-0.530313,0.550812,-0.64453,-0.640724,-0.758183,-0.120839,-0.554579,0.348194,0.755798,-0.001549,-0.01195,0.007702,0.155166,0.512891,0.249835,-0.116103,-0.095579,0.027843,0.332668,0.638051,0.765279,-0.085035,-0.386955,0.414304,0.823743,0.664801,-0.493645,0.560551,-0.000758,0.003083,0.002554,-0.023048,0.094155,-0.140079,-1.404751,0.047115,0.037539,-0.014296,-0.587558,-0.808881,-0.022043,0.495425,-0.38114,0.780567,-0.639787,0.447709,0.624682,-0.000226,0.00092,0.000761,0.016297,0.004099,0.002453,-0.810046,0.076004,0.026035,-0.061307,-0.38916,0.62319,-0.678371,-0.661671,-0.701467,-0.264828,-0.640894,0.345798,0.68533,-0.00753,-0.00461,0.004713,-0.035163,0.033344,-0.045422,-0.281695
265,0.078576,0.004669,0.357576,-0.530564,0.550781,-0.644351,-0.640981,-0.758057,-0.120268,-0.554043,0.348517,0.756042,-0.001734,-0.012484,0.007267,-0.031576,0.025969,-0.011639,-0.119704,-0.095546,0.028021,0.332678,0.638127,0.765299,-0.084282,-0.387467,0.413942,0.823684,0.66443,-0.493919,0.560749,-0.001308,0.00532,0.004404,0.002174,-0.015448,0.024229,-1.404673,0.047133,0.037624,-0.014294,-0.58756,-0.808903,-0.021151,0.496097,-0.380751,0.780329,-0.639265,0.447998,0.625009,-0.000667,0.002713,0.002245,0.006687,-0.015682,0.023815,-0.812332,0.075945,0.025938,-0.061231,-0.390191,0.62512,-0.675999,-0.66192,-0.700794,-0.265984,-0.640009,0.343673,0.687223,-0.000919,-0.006385,0.00352,-0.038145,0.018213,-0.051758,-0.284634
266,0.078286,0.004039,0.358037,-0.53166,0.557014,-0.638058,-0.642999,-0.755735,-0.124049,-0.550645,0.343621,0.76075,-0.002874,-0.023226,0.015974,-0.02273,0.052184,0.202186,-0.12439,-0.095419,0.028375,0.332968,0.633661,0.769171,-0.082707,-0.390616,0.41054,0.823899,0.666857,-0.490732,0.560666,0.010385,0.013437,0.009331,-0.00929,0.060701,-0.08932,-1.404922,0.047195,0.037787,-0.01416,-0.582673,-0.812457,-0.0201,0.499015,-0.377182,0.780203,-0.641463,0.444574,0.625203,0.005289,0.006324,0.00434,-0.012001,0.076499,-0.114267,-0.812658,0.0758,0.025627,-0.061004,-0.39196,0.631121,-0.669367,-0.663164,-0.698116,-0.269899,-0.637636,0.338111,0.692171,-0.008242,-0.010349,0.008766,-0.029049,0.149499,-0.013576,-0.28937
267,0.077974,0.003133,0.358705,-0.534276,0.568821,-0.625329,-0.646102,-0.751752,-0.131881,-0.544451,0.332853,0.76994,-0.004056,-0.034079,0.024612,0.116808,0.52782,0.428246,-0.129725,-0.095294,0.028593,0.333532,0.624487,0.776909,-0.080125,-0.396154,0.403631,0.824668,0.672228,-0.484229,0.559907,0.012083,0.003713,0.018366,-0.047712,0.081245,-0.134538,-1.404896,0.047255,0.037907,-0.013882,-0.572744,-0.819525,-0.018486,0.504126,-0.369923,0.780393,-0.64639,0.437647,0.625015,-0.000457,0.000443,0.008899,-0.050095,0.096909,-0.164152,-0.811025,0.075646,0.025187,-0.060679,-0.395001,0.640742,-0.658348,-0.664835,-0.693937,-0.276486,-0.634009,0.328481,0.700094,-0.008648,-0.015204,0.013553,-0.040223,0.226468,-0.000416,-0.292636
268,0.077829,0.00262,0.359096,-0.534002,0.575114,-0.619783,-0.647296,-0.749627,-0.137979,-0.543302,0.326783,0.773346,-0.004091,-0.034177,0.024547,0.139331,0.703616,0.263857,-0.132884,-0.095231,0.028605,0.333915,0.614297,0.785165,-0.0784,-0.403479,0.398079,0.823815,0.677248,-0.475421,0.561403,0.000946,-0.009367,0.026409,0.508426,-1.40505,-1.250139,-1.405045,0.04729,0.03792,-0.013686,-0.56413,-0.825493,-0.017804,0.508352,-0.36423,0.780329,-0.650642,0.431156,0.625114,-0.000825,0.001544,0.009483,0.943816,-4.749152,-3.221629,-0.813148,0.075573,0.024922,-0.060477,-0.39512,0.646937,-0.65219,-0.664984,-0.691243,-0.282804,-0.633779,0.321954,0.703326,-0.008048,-0.009715,0.009301,-0.02563,0.044544,0.149217,-0.295085
269,0.077633,0.001452,0.360004,-0.535228,0.587041,-0.607419,-0.650319,-0.745227,-0.147284,-0.538468,0.315452,0.781389,-0.003459,-0.032354,0.026082,0.101332,0.594777,0.234817,-0.133036,-0.095101,0.02848,0.334867,0.607592,0.790651,-0.075461,-0.410348,0.393976,0.822394,0.679173,-0.469708,0.563881,-0.001598,0.003684,0.020012,0.292015,-0.02342,-0.238396,-1.404616,0.047356,0.037852,-0.013207,-0.555032,-0.831681,-0.015616,0.516309,-0.359162,0.777449,-0.652199,0.423447,0.628751,0.000284,-0.003968,0.013776,0.484588,-0.143246,-0.116743,-0.812168,0.075474,0.024334,-0.060027,-0.397643,0.658429,-0.639023,-0.666204,-0.686076,-0.292354,-0.630913,0.309468,0.711461,-0.001748,-0.016198,0.013025,0.114022,0.517732,0.403742,-0.298514
270,0.077475,0.000398,0.360927,-0.535789,0.595035,-0.59909,-0.652655,-0.741958,-0.15333,-0.535076,0.308102,0.786634,-0.002769,-0.030366,0.02775,-0.055871,0.075403,0.187278,-0.123965,-0.095071,0.028287,0.335879,0.599836,0.796705,-0.073822,-0.418727,0.39133,0.819428,0.680957,-0.461612,0.568396,0.000655,-0.008186,0.0273,0.24043,-0.100967,-0.107752,-1.404484,0.047369,0.037764,-0.012701,-0.546613,-0.837257,-0.014628,0.524636,-0.356025,0.773306,-0.652664,0.415025,0.633863,-0.000838,0.00194,0.010059,0.422838,-0.139944,-0.082988,-0.812332,0.075394,0.023805,-0.059566,-0.399653,0.66706,-0.628735,-0.667222,-0.682008,-0.299464,-0.628563,0.299825,0.717643,-0.000795,-0.00971,0.009592,-0.038528,0.119437,0.000146,-0.296555
