frame,MLTx,MLTy,MLTz,MLTR1,MLTR2,MLTR3,MLTR4,MLTR5,MLTR6,MLTR7,MLTR8,MLTR9,MLTTVx,MLTTVy,MLTTVz,MLTRVx,MLTRVy,MLTRVz,MLGA,MRTx,MRTy,MRTz,MRTR1,MRTR2,MRTR3,MRTR4,MRTR5,MRTR6,MRTR7,MRTR8,MRTR9,MRTTVx,MRTTVy,MRTTVz,MRTRVx,MRTRVy,MRTRVz,MRGA,SLTx,SLTy,SLTz,SLTR1,SLTR2,SLTR3,SLTR4,SLTR5,SLTR6,SLTR7,SLTR8,SLTR9,SLTTVx,SLTTVy,SLTTVz,SLTRVx,SLTRVy,SLTRVz,SLGA,SRTx,SRTy,SRTz,SRTR1,SRTR2,SRTR3,SRTR4,SRTR5,SRTR6,SRTR7,SRTR8,SRTR9,SRTTVx,SRTTVy,SRTTVz,SRTRVx,SRTRVy,SRTRVz,SRGA
167,0.193168,-0.029742,0.31766,-0.670778,-0.256064,-0.696084,-0.201762,-0.840145,0.503409,-0.712886,0.478434,0.512759,-0.0,0.0,0.0,0.0,0.0,0.0,0.51852,-0.265422,-0.027343,0.347949,-0.600136,-0.793264,0.102759,0.797535,-0.58389,0.151476,-0.059413,0.173869,0.982906,-0.00014,-0.010115,0.009377,-0.035754,0.01589,-0.015514,0.027184,-0.006686,0.039992,0.015961,0.570628,0.81591,0.093135,-0.8182,0.555172,0.149438,0.070221,-0.161477,0.984374,-3.2e-05,-0.004914,0.004829,-0.037005,0.014676,-0.01556,-0.135329,0.099261,0.035809,-0.047558,0.662826,0.291765,-0.689589,0.152215,0.849225,0.505614,0.733137,-0.4401,0.518478,4e-06,-1e-06,-5e-06,2.3e-05,1.5e-05,-4.3e-05,0.515653
168,0.193168,-0.029736,0.317666,-0.670688,-0.255979,-0.696202,-0.201858,-0.840185,0.503303,-0.712943,0.478408,0.512703,-0.0,3.3e-05,3.6e-05,0.0,0.0,0.0,0.51817,-0.265444,-0.027557,0.348175,-0.599483,-0.793662,0.103502,0.798004,-0.583056,0.152213,-0.059712,0.174854,0.982713,8.4e-05,-0.009368,0.010099,-0.035757,0.015875,-0.015522,0.022636,-0.006697,0.039884,0.016073,0.569856,0.816355,0.093955,-0.818711,0.554215,0.150192,0.070539,-0.162509,0.984181,-0.007104,-0.003341,0.006356,-0.036193,0.017791,-0.019413,-0.141697,0.099261,0.035812,-0.047555,0.662742,0.291676,-0.689708,0.152309,0.849271,0.505509,0.733194,-0.440071,0.518423,2e-06,1.8e-05,1.8e-05,2.4e-05,8e-06,-2.6e-05,0.515653
169,0.193167,-0.02973,0.317673,-0.670598,-0.255894,-0.69632,-0.201954,-0.840226,0.503197,-0.713001,0.478382,0.512647,-3e-06,0.00053,0.000574,0.0,0.0,0.0,0.518314,-0.265477,-0.027935,0.34857,-0.598004,-0.793825,0.110565,0.799671,-0.582041,0.14727,-0.051808,0.177494,0.982687,-8e-05,-0.009914,0.009574,-0.035763,0.015849,-0.015535,0.013221,-0.006713,0.039694,0.016277,0.568372,0.816539,0.101071,-0.820377,0.553064,0.145255,0.062708,-0.165476,0.984217,-3.1e-05,-0.004904,0.004838,-0.039685,0.01198,-0.014721,-0.15525,0.099261,0.035814,-0.047553,0.662657,0.291587,-0.689826,0.152404,0.849317,0.505404,0.733251,-0.440042,0.518367,1e-06,0.00035,0.000377,2.6e-05,-1e-05,-2e-06,0.515653
170,0.193168,-0.029736,0.317666,-0.670452,-0.255758,-0.696511,-0.202109,-0.840291,0.503025,-0.713095,0.47834,0.512557,5e-06,-0.000862,-0.000934,0.0,0.0,0.0,0.518309,-0.265474,-0.028194,0.348852,-0.597299,-0.793724,0.115009,0.800518,-0.581688,0.144023,-0.046672,0.179102,0.982653,-0.000177,-0.010238,0.009263,-0.035768,0.015829,-0.015544,0.002665,-0.006711,0.039566,0.016419,0.567682,0.816458,0.105505,-0.821225,0.552643,0.142031,0.057656,-0.167272,0.984222,1.8e-05,7.6e-05,7.4e-05,-0.002341,-0.002304,0.000496,-0.167661,0.099261,0.035814,-0.047553,0.66252,0.291443,-0.690019,0.152556,0.849391,0.505233,0.733343,-0.439995,0.518277,6e-06,-0.0005,-0.000543,2.7e-05,-0.0,-9e-06,0.515816
171,0.193168,-0.029736,0.317666,-0.670373,-0.255684,-0.696614,-0.202193,-0.840327,0.502932,-0.713145,0.478317,0.512508,0.0,-1.3e-05,-1.4e-05,0.0,0.0,0.0,0.517837,-0.265489,-0.028284,0.348922,-0.597067,-0.793861,0.115268,0.800685,-0.581393,0.144291,-0.046787,0.179455,0.982583,-0.000499,-0.01131,0.00823,-0.035769,0.015824,-0.015547,-0.004371,-0.006718,0.039523,0.016456,0.567449,0.81659,0.105745,-0.821376,0.552345,0.142321,0.05781,-0.167616,0.984155,-0.000195,-0.000632,-0.00061,-0.00032,-0.000322,3e-06,-0.175009,0.099261,0.035812,-0.047555,0.662446,0.291366,-0.690122,0.152638,0.849431,0.505141,0.733392,-0.439969,0.518229,0.0,-4e-06,-5e-06,5e-06,-1.2e-05,-1.2e-05,0.515489
172,0.193168,-0.029742,0.31766,-0.670306,-0.255621,-0.696702,-0.202264,-0.840357,0.502853,-0.713188,0.478297,0.512466,0.0,-5e-06,-5e-06,0.0,0.0,0.0,0.518008,-0.265488,-0.02834,0.348911,-0.596468,-0.794236,0.115783,0.801139,-0.580755,0.144333,-0.04665,0.179859,0.982516,-0.000359,-0.001196,-0.001153,-0.012698,0.089878,-0.176949,-0.020927,-0.006718,0.03949,0.016453,0.566933,0.816891,0.106184,-0.821738,0.551785,0.142403,0.057737,-0.167988,0.984096,-0.000122,0.004423,-0.005303,0.035741,-0.015818,0.015499,-0.188562,0.099261,0.035809,-0.047558,0.662383,0.2913,-0.690211,0.152708,0.849465,0.505063,0.733435,-0.439946,0.518188,0.0,4e-06,5e-06,9e-06,-3e-06,-2e-06,0.515489
173,0.193168,-0.029742,0.31766,-0.670149,-0.255473,-0.696907,-0.202432,-0.840428,0.502668,-0.713289,0.478252,0.512368,0.0,-0.0,-0.0,0.0,0.0,0.0,0.517936,-0.265483,-0.028415,0.348796,-0.604559,-0.787942,0.116825,0.795201,-0.588897,0.144181,-0.044055,0.181068,0.982414,-0.000895,-0.002981,-0.002878,0.058107,0.071714,0.48864,-0.05328,-0.006715,0.039453,0.016396,0.575044,0.81105,0.107333,-0.816258,0.559925,0.142146,0.055189,-0.169352,0.984008,-0.00048,-0.001603,-0.001547,0.059326,0.072622,0.493497,-0.213055,0.099261,0.035809,-0.047558,0.662236,0.291144,-0.690418,0.152873,0.849544,0.504879,0.733534,-0.439896,0.518091,-3e-06,4e-06,5e-06,-2e-06,-1.4e-05,-1.4e-05,0.515489
174,0.193168,-0.029742,0.31766,-0.669991,-0.255326,-0.697113,-0.202599,-0.840498,0.502482,-0.713389,0.478206,0.512271,0.0,-0.0,-0.0,0.0,0.0,0.0,0.518009,-0.26552,-0.028546,0.348612,-0.611987,-0.781955,0.118359,0.789654,-0.596368,0.143965,-0.041226,0.182563,0.98226,-0.001344,-0.004473,-0.004325,-0.01269,0.08991,-0.176933,-0.105829,-0.006733,0.039389,0.016305,0.582947,0.805192,0.108807,-0.810817,0.567853,0.141838,0.052421,-0.170906,0.983891,-0.000816,-0.002723,-0.002631,-0.001863,0.013011,-0.026192,-0.254694,0.099261,0.035809,-0.047558,0.662088,0.290988,-0.690625,0.153039,0.849624,0.504695,0.733632,-0.439845,0.517994,-4e-06,3e-06,5e-06,5e-06,-1.3e-05,-1.4e-05,0.515489
175,0.193168,-0.029742,0.31766,-0.669912,-0.255252,-0.697216,-0.202682,-0.840533,0.502389,-0.71344,0.478184,0.512222,0.0,-0.0,-0.0,0.0,0.0,0.0,0.518174,-0.265552,-0.02861,0.348464,-0.615682,-0.778936,0.119099,0.786854,-0.600108,0.143754,-0.039735,0.183212,0.982201,-0.001514,0.004618,-0.014705,0.021246,0.087144,-0.187009,-0.137368,-0.006749,0.039354,0.016236,0.586765,0.802311,0.10956,-0.808151,0.571698,0.141605,0.050976,-0.17163,0.983841,-0.000846,-0.002822,-0.002731,-7.1e-05,-4.9e-05,-0.000611,-0.281964,0.099261,0.035809,-0.047558,0.662014,0.29091,-0.690729,0.153121,0.849663,0.504603,0.733682,-0.43982,0.517945,-4e-06,2e-06,4e-06,6e-06,-1.3e-05,-1.1e-05,0.515489
176,0.193168,-0.029742,0.31766,-0.669754,-0.255104,-0.697421,-0.20285,-0.840604,0.502204,-0.71354,0.478138,0.512124,0.0,-0.0,-0.0,0.0,0.0,0.0,0.518539,-0.265589,-0.028698,0.348076,-0.627963,-0.768897,0.120209,0.777291,-0.612592,0.143123,-0.035625,0.184293,0.982156,-0.001547,0.004515,-0.014818,0.03577,-0.01583,0.015574,-0.207872,-0.006769,0.039308,0.01604,0.599316,0.792806,0.110807,-0.799139,0.584422,0.140809,0.046876,-0.17294,0.983816,-0.001062,-0.003546,-0.00344,-0.014487,0.103042,-0.203274,-0.34777,0.099261,0.035809,-0.047558,0.661867,0.290754,-0.690936,0.153286,0.849743,0.504419,0.733781,-0.439769,0.517848,-3e-06,1e-06,3e-06,1.3e-05,-2.3e-05,6e-06,0.515979
177,0.193168,-0.029742,0.31766,-0.669675,-0.25503,-0.697524,-0.202933,-0.840639,0.502111,-0.713591,0.478116,0.512075,0.0,-0.0,-0.0,0.0,0.0,0.0,0.518507,-0.2656,-0.028681,0.347531,-0.640212,-0.758588,0.121098,0.767428,-0.625149,0.14204,-0.031248,0.184836,0.982203,-0.002156,0.002499,-0.016796,0.094166,0.06787,0.478453,-0.282463,-0.006774,0.03932,0.015764,0.611838,0.783052,0.111725,-0.789837,0.59723,0.139541,0.042543,-0.173621,0.983892,-0.001095,0.001164,-0.008478,0.09537,0.068727,0.4826,-0.420761,0.099261,0.035809,-0.047558,0.661793,0.290676,-0.69104,0.153369,0.849783,0.504327,0.73383,-0.439744,0.5178,-3e-06,1e-06,3e-06,9e-06,-1.5e-05,-1e-05,0.516142
178,0.193168,-0.029736,0.317666,-0.669585,-0.254946,-0.697642,-0.203029,-0.84068,0.502005,-0.713648,0.47809,0.512019,-1e-06,0.000104,0.000113,0.0,0.0,0.0,0.5181,-0.265607,-0.028622,0.347199,-0.645007,-0.754143,0.123391,0.763476,-0.629721,0.14314,-0.029442,0.187493,0.981755,-0.002002,0.003014,-0.016304,-0.195915,0.321294,0.309143,-0.319125,-0.006778,0.039346,0.015602,0.616079,0.779566,0.112794,-0.786625,0.601487,0.139402,0.040828,-0.174609,0.98379,-0.000975,0.001578,-0.008087,-0.352834,0.589507,0.691478,-0.456685,0.099261,0.035812,-0.047555,0.661708,0.290587,-0.691158,0.153463,0.849828,0.504222,0.733887,-0.439715,0.517744,-2e-06,5.2e-05,5.9e-05,1e-05,-1.2e-05,-2e-06,0.515979
179,0.193168,-0.029736,0.317666,-0.669427,-0.254798,-0.697847,-0.203196,-0.84075,0.501819,-0.713749,0.478044,0.511921,-0.0,0.0,0.0,0.0,0.0,0.0,0.518573,-0.265588,-0.028437,0.346455,-0.654921,-0.744848,0.127555,0.755128,-0.639263,0.145112,-0.025728,0.192306,0.980928,-0.001923,0.012942,-0.025887,-0.144154,0.243747,0.159237,-0.393197,-0.006768,0.039435,0.015234,0.626644,0.770397,0.117494,-0.77841,0.611545,0.141735,0.037339,-0.180276,0.982906,0.006161,0.000123,-0.009514,-0.31721,0.399902,0.21307,-0.530492,0.099261,0.035812,-0.047555,0.66156,0.290432,-0.691365,0.153627,0.849908,0.504038,0.733986,-0.439664,0.517647,-0.0,-3e-06,-3e-06,2e-05,6e-06,-9e-06,0.515979
180,0.193167,-0.029727,0.31766,-0.669261,-0.254642,-0.698064,-0.203354,-0.840837,0.50161,-0.71386,0.477974,0.511831,-0.0,0.0,0.0,0.0,0.0,0.0,0.518422,-0.265572,-0.028175,0.345612,-0.671847,-0.72836,0.134558,0.740274,-0.655184,0.150538,-0.020648,0.201676,0.979165,-0.002539,0.001245,-0.018082,-0.286668,0.402276,0.262618,-0.48221,-0.00676,0.039573,0.014804,0.644145,0.754694,0.124556,-0.764207,0.628022,0.146885,0.032629,-0.189802,0.981279,-0.001287,0.000525,-0.009141,-0.396997,0.517749,0.268673,-0.612464,0.099261,0.035816,-0.047558,0.661404,0.290267,-0.691584,0.153782,0.850003,0.503829,0.734094,-0.439588,0.517558,1e-06,-2e-06,-2e-06,7e-06,1.3e-05,-2.9e-05,0.515653
181,0.193167,-0.029727,0.31766,-0.669182,-0.254568,-0.698167,-0.203437,-0.840872,0.501517,-0.71391,0.477952,0.511782,-0.0,0.0,0.0,0.0,0.0,0.0,0.517626,-0.265575,-0.027876,0.344675,-0.684821,-0.715302,0.139119,0.728326,-0.666744,0.157883,-0.019322,0.210356,0.977363,-0.0024,0.011381,-0.027466,0.190658,0.376444,1.702829,-0.595713,-0.006761,0.039717,0.014345,0.65688,0.742649,0.130309,-0.753315,0.639075,0.155238,0.03201,-0.200137,0.979244,-0.001386,0.000285,-0.009456,0.700927,0.996097,5.483787,-0.713704,0.099261,0.035816,-0.047558,0.66133,0.290189,-0.691687,0.153865,0.850043,0.503737,0.734144,-0.439563,0.517509,2e-06,-1e-06,-1e-06,1.7e-05,1.9e-05,-2.1e-05,0.515653
182,0.193167,-0.029733,0.317653,-0.669114,-0.254504,-0.698254,-0.203509,-0.840902,0.501437,-0.713953,0.477932,0.511741,0.0,-2.1e-05,-2.2e-05,0.0,0.0,0.0,0.518301,-0.265582,-0.027717,0.344165,-0.687857,-0.711387,0.144121,0.725489,-0.668774,0.162294,-0.01821,0.2171,0.975909,-0.002452,0.011217,-0.027644,-0.230133,0.345195,0.215971,-0.664181,-0.006766,0.039801,0.014079,0.66103,0.738187,0.1346,-0.749727,0.642405,0.158819,0.030771,-0.205898,0.978089,-0.001226,0.005559,-0.013871,-0.297575,0.414397,0.220103,-0.767754,0.099261,0.035813,-0.047561,0.661267,0.290123,-0.691775,0.153934,0.850077,0.503659,0.734186,-0.439541,0.517468,1e-06,-9e-06,-1e-05,1.7e-05,-5e-06,1.2e-05,0.515489
183,0.193179,-0.029739,0.317647,-0.668955,-0.254354,-0.698461,-0.203678,-0.840974,0.501249,-0.714054,0.477887,0.511642,0.0,-7e-06,-7e-06,0.0,0.0,0.0,0.518466,-0.265603,-0.027338,0.343028,-0.705853,-0.692289,0.149997,0.708077,-0.685049,0.171076,-0.014797,0.227846,0.973514,-0.0029,0.009749,-0.029134,-0.151611,0.264701,0.148805,-0.846644,-0.006775,0.039988,0.013523,0.679933,0.719628,0.140803,-0.732746,0.659524,0.167659,0.027789,-0.21717,0.975737,-0.001311,0.005273,-0.01417,-0.222367,0.344083,0.234822,-0.798125,0.099267,0.03581,-0.047565,0.661118,0.289965,-0.691984,0.154101,0.850158,0.503472,0.734285,-0.43949,0.517371,-0.0,4e-06,6e-06,5e-06,-3e-06,1e-06,0.515816
184,0.19319,-0.029739,0.317646,-0.668785,-0.254193,-0.698683,-0.203859,-0.84105,0.501047,-0.714162,0.477838,0.511537,0.0,-0.0,-0.0,0.0,0.0,0.0,0.518093,-0.265568,-0.026963,0.341813,-0.723708,-0.672764,0.15371,0.689843,-0.700715,0.181792,-0.013691,0.238457,0.970986,-0.003199,0.018453,-0.039954,-0.154398,0.305736,0.225529,-1.042902,-0.006757,0.040173,0.012921,0.698435,0.700957,0.144385,-0.715156,0.67592,0.177995,0.027174,-0.227576,0.97338,-0.001645,0.004176,-0.015285,-0.283079,0.468999,0.346938,-0.79486,0.099272,0.035811,-0.047565,0.660958,0.289795,-0.692207,0.15428,0.850243,0.503272,0.734391,-0.439436,0.517266,-2e-06,3e-06,6e-06,1e-06,-2e-06,-1e-05,0.515816
185,0.19319,-0.029739,0.317646,-0.668706,-0.254119,-0.698786,-0.203943,-0.841085,0.500955,-0.714213,0.477815,0.511488,0.0,-0.0,-0.0,0.0,0.0,0.0,0.518047,-0.265556,-0.026739,0.341132,-0.734006,-0.661314,0.154564,0.678904,-0.710224,0.186026,-0.012329,0.242321,0.970047,-0.003103,0.018784,-0.03965,0.808595,1.186063,5.461777,-1.130285,-0.006752,0.040283,0.012578,0.705415,0.693638,0.145792,-0.708269,0.681904,0.182647,0.027274,-0.232102,0.972308,0.00565,0.003218,-0.016229,-0.099102,0.179012,0.157157,-0.79535,0.099272,0.035811,-0.047565,0.660885,0.289717,-0.692311,0.154362,0.850283,0.50318,0.73444,-0.439411,0.517218,-3e-06,2e-06,4e-06,0.0,-1.9e-05,4e-06,0.515816
186,0.19319,-0.029739,0.317646,-0.668548,-0.253971,-0.698991,-0.204109,-0.841155,0.500769,-0.714313,0.47777,0.51139,0.0,-0.0,-0.0,0.0,0.0,0.0,0.517931,-0.26552,-0.026237,0.339793,-0.743116,-0.649745,0.160003,0.668953,-0.717416,0.194289,-0.01052,0.252241,0.967536,0.01171,0.017608,-0.040823,0.003179,0.079715,0.138198,-1.253424,-0.00674,0.040532,0.011907,0.719153,0.678087,0.151707,-0.694425,0.693735,0.19106,0.024311,-0.242751,0.969783,-0.001611,0.004285,-0.015214,-0.004737,0.110764,0.110472,-0.805474,0.099272,0.035811,-0.047565,0.660737,0.289561,-0.692517,0.154527,0.850362,0.502995,0.734539,-0.43936,0.517121,-4e-06,2e-06,5e-06,7e-06,-3e-05,2.2e-05,0.516142
187,0.193179,-0.029739,0.317647,-0.668481,-0.25391,-0.699077,-0.204178,-0.841184,0.500692,-0.714356,0.477751,0.511348,0.0,-0.0,-0.0,0.0,0.0,0.0,0.518463,-0.265414,-0.025666,0.338316,-0.761012,-0.626345,0.168949,0.648605,-0.732689,0.205945,-0.004253,0.267106,0.963587,0.011359,0.016463,-0.042029,-0.379656,0.560105,0.41748,-1.350096,-0.006687,0.04082,0.01117,0.737009,0.65692,0.158969,-0.675614,0.709446,0.200575,0.018981,-0.255228,0.966694,-0.001488,0.009536,-0.019727,-0.005141,0.169335,0.287053,-0.810862,0.099267,0.03581,-0.047565,0.660674,0.289497,-0.692604,0.154595,0.850395,0.502919,0.734581,-0.439338,0.517079,-4e-06,2e-06,5e-06,4e-06,-1.5e-05,7e-06,0.515979
188,0.193179,-0.029739,0.317647,-0.668323,-0.253763,-0.699281,-0.204345,-0.841255,0.500506,-0.714456,0.477706,0.51125,0.0,-0.0,-0.0,0.0,0.0,0.0,0.518899,-0.265205,-0.025004,0.336753,-0.775235,-0.605132,0.181157,0.631551,-0.744213,0.217311,0.004288,0.283648,0.958848,-0.003143,0.018717,-0.039868,-0.263532,0.413918,0.256584,-1.370849,-0.006576,0.04115,0.010388,0.752529,0.635566,0.172498,-0.658469,0.721831,0.213019,0.010873,-0.273887,0.9617,0.005797,0.008545,-0.020725,-0.380377,0.527366,0.336933,-0.816087,0.099267,0.03581,-0.047565,0.660526,0.289341,-0.69281,0.154759,0.850474,0.502734,0.734679,-0.439288,0.516982,-4e-06,1e-06,6e-06,6e-06,-1.6e-05,1e-05,0.516306
189,0.193178,-0.029731,0.31764,-0.668235,-0.25368,-0.699395,-0.204419,-0.841306,0.500389,-0.714517,0.477659,0.511209,0.0,-0.0,-0.0,0.0,0.0,0.0,0.51824,-0.265034,-0.024636,0.335921,-0.787457,-0.586309,0.190118,0.616166,-0.754228,0.226744,0.011436,0.296442,0.954911,0.011328,0.016382,-0.042195,-0.528071,0.713565,0.480016,-1.375058,-0.006496,0.041335,0.009973,0.76493,0.618282,0.180575,-0.644096,0.732279,0.221148,0.0045,-0.285471,0.958376,0.005915,0.01378,-0.025232,-0.154935,0.315506,0.294965,-0.811679,0.099267,0.035815,-0.047568,0.660443,0.289254,-0.692925,0.154831,0.850529,0.502618,0.734738,-0.439237,0.516941,-3e-06,1e-06,4e-06,3e-06,-2.2e-05,1.6e-05,0.516306
190,0.193178,-0.029731,0.31764,-0.668077,-0.253532,-0.6996,-0.204586,-0.841376,0.500202,-0.714617,0.477613,0.511111,0.0,-0.0,-0.0,0.0,0.0,0.0,0.518509,-0.264519,-0.02385,0.334144,-0.808835,-0.549964,0.208124,0.587422,-0.77042,0.247634,0.025166,0.323252,0.945906,0.026085,0.024738,-0.053329,-0.340164,0.740284,0.956598,-1.38449,-0.006245,0.041725,0.009089,0.787715,0.582762,0.199731,-0.615984,0.749426,0.242741,-0.008223,-0.314242,0.949306,0.005697,0.008323,-0.021026,-0.321797,1.176863,2.28492,-0.827681,0.099267,0.035815,-0.047568,0.660295,0.289099,-0.693131,0.154996,0.850609,0.502434,0.734837,-0.439187,0.516844,-3e-06,1e-06,4e-06,3e-06,-1.8e-05,1.4e-05,0.515979
191,0.193178,-0.029723,0.317634,-0.66783,-0.253301,-0.699919,-0.204827,-0.841498,0.499899,-0.714779,0.477521,0.510972,0.0,-0.0,-0.0,0.0,0.0,0.0,0.518491,-0.26382,-0.022987,0.332222,-0.831326,-0.505853,0.230219,0.553996,-0.786503,0.27283,0.044097,0.354995,0.933755,0.025873,0.024097,-0.05406,-0.700848,0.815636,0.845823,-1.401828,-0.005885,0.042167,0.008109,0.812201,0.539582,0.221764,-0.582794,0.767461,0.26712,-0.026062,-0.346198,0.937798,0.012949,0.012003,-0.027092,-0.643587,0.767421,0.847783,-0.852828,0.099266,0.035819,-0.047571,0.660064,0.288855,-0.693452,0.155232,0.850743,0.502133,0.734994,-0.439086,0.516706,-2e-06,1e-06,3e-06,5e-06,-1.5e-05,8e-06,0.516306
192,0.193178,-0.029723,0.317634,-0.667751,-0.253228,-0.700021,-0.20491,-0.841533,0.499806,-0.714829,0.477498,0.510923,0.0,-0.0,-0.0,0.0,0.0,0.0,0.518729,-0.263432,-0.022512,0.331216,-0.835194,-0.491771,0.246178,0.546764,-0.789953,0.277412,0.059092,0.366919,0.9283,0.011492,0.026755,-0.051431,0.021481,1.141309,0.328595,-1.404691,-0.005696,0.042393,0.007623,0.817035,0.525203,0.237938,-0.575187,0.771155,0.272907,-0.040155,-0.359834,0.932151,0.01309,0.01248,-0.026614,0.945775,2.713894,-0.273531,-0.863932,0.099266,0.035819,-0.047571,0.65999,0.288777,-0.693555,0.155315,0.850783,0.50204,0.735043,-0.439061,0.516657,-2e-06,1e-06,3e-06,1e-05,3e-06,-8e-06,0.516306
193,0.193178,-0.029721,0.317621,-0.667437,-0.252933,-0.700427,-0.205222,-0.841684,0.499423,-0.715033,0.477387,0.510741,0.0,-2.1e-05,-2.2e-05,0.0,0.0,0.0,0.519341,-0.262477,-0.021456,0.329223,-0.853374,-0.437223,0.283865,0.510583,-0.810461,0.287039,0.10563,0.390444,0.914472,0.026926,0.027794,-0.050332,1.019603,2.564277,-0.232998,-1.405456,-0.005226,0.042916,0.006623,0.83788,0.471793,0.274531,-0.539336,0.793035,0.283215,-0.084094,-0.385365,0.918923,0.013435,0.013704,-0.025385,-0.575776,0.856556,0.882402,-0.878628,0.099266,0.03582,-0.047578,0.659696,0.288468,-0.693964,0.155621,0.850951,0.50166,0.735243,-0.438939,0.516477,-1e-06,-8e-06,-9e-06,1.5e-05,-1.1e-05,1.2e-05,0.516632
194,0.193177,-0.029704,0.317608,-0.667102,-0.25262,-0.700859,-0.205536,-0.841857,0.499003,-0.715255,0.477248,0.51056,0.0,-0.0,-0.0,0.0,0.0,0.0,0.519929,-0.261438,-0.020479,0.327355,-0.862569,-0.39205,0.319786,0.484679,-0.821301,0.300805,0.145789,0.414957,0.898009,0.026886,0.0278,-0.050377,0.688041,2.640702,-0.035205,-1.405228,-0.004705,0.043408,0.005692,0.848784,0.42818,0.310205,-0.514184,0.805143,0.295564,-0.123205,-0.410372,0.903556,0.013428,0.00887,-0.020524,-0.857204,0.743504,1.253294,-0.880097,0.099266,0.035828,-0.047584,0.659383,0.288137,-0.694399,0.15593,0.851141,0.501242,0.735459,-0.438788,0.516298,-2e-06,4e-06,5e-06,-0.0,-1.7e-05,-1.2e-05,0.517612
195,0.193175,-0.029683,0.31757,-0.666535,-0.252089,-0.70159,-0.206056,-0.842157,0.498281,-0.715635,0.476998,0.510261,1e-06,-0.000243,-0.000263,0.0,0.0,0.0,0.51995,-0.260297,-0.019653,0.325639,-0.873522,-0.338486,0.349826,0.449622,-0.836179,0.313972,0.187334,0.431981,0.882135,0.026833,0.017885,-0.040904,0.236162,0.941002,2.321623,-1.405422,-0.004145,0.043818,0.004846,0.859058,0.379869,0.3431,-0.484931,0.818561,0.307893,-0.16389,-0.430878,0.887402,0.013486,0.009079,-0.020327,0.712582,2.521136,-0.1791,-0.871606,0.099265,0.035834,-0.0476,0.658859,0.287586,-0.695124,0.156451,0.851453,0.50055,0.735817,-0.438544,0.515994,0.0,-0.000178,-0.000191,1.6e-05,-5e-06,-3e-06,0.518265
196,0.193175,-0.029681,0.317557,-0.666299,-0.251869,-0.701893,-0.206284,-0.842273,0.497991,-0.715789,0.476909,0.510129,1e-06,-0.000204,-0.000221,0.0,0.0,0.0,0.51989,-0.259738,-0.019308,0.324853,-0.876409,-0.31109,0.36759,0.432766,-0.843382,0.318362,0.212075,0.438491,0.873277,0.026907,0.018184,-0.040621,1.665995,2.27242,5.507602,-1.405652,-0.003855,0.043997,0.004437,0.86327,0.3521,0.361647,-0.468013,0.8267,0.312297,-0.189014,-0.438853,0.878453,0.013397,0.008804,-0.020633,-0.235635,1.060848,0.627807,-0.873239,0.099265,0.035839,-0.04761,0.65863,0.287345,-0.695441,0.156664,0.851597,0.500237,0.735977,-0.438422,0.515871,0.0,-0.00012,-0.00013,1.3e-05,-1e-06,-3e-06,0.517939
197,0.193185,-0.029674,0.317473,-0.664337,-0.255372,-0.702486,-0.201663,-0.84376,0.497365,-0.718921,0.472398,0.509922,8e-06,-0.001371,-0.001487,0.0,-0.0,-0.0,0.520206,-0.258595,-0.018713,0.32322,-0.876553,-0.256839,0.407037,0.401784,-0.855915,0.325443,0.265897,0.449135,0.8529,0.026222,0.005915,-0.033652,0.505108,1.394694,1.951961,-1.405963,-0.003293,0.044294,0.003636,0.866734,0.298918,0.399272,-0.437193,0.840619,0.319717,-0.240067,-0.45167,0.859279,0.013226,0.008245,-0.021261,-0.621289,0.489828,0.88883,-0.874219,0.09927,0.035846,-0.047649,0.656486,0.290757,-0.69605,0.151959,0.852839,0.499572,0.738873,-0.433733,0.515694,-0.000233,0.004496,-0.005284,0.034807,0.003831,-0.005347,0.517939
198,0.193173,-0.029743,0.317338,-0.662356,-0.258864,-0.703079,-0.197068,-0.845197,0.496768,-0.722016,0.467909,0.509688,1.9e-05,-0.003396,-0.003688,0.00085,-0.0006,-0.000616,0.520498,-0.25745,-0.018407,0.321639,-0.873656,-0.20484,0.441311,0.371183,-0.866865,0.332718,0.315493,0.454749,0.832785,0.039509,-0.000564,-0.040604,-0.3048,0.56639,0.223187,-1.406032,-0.002714,0.044461,0.002838,0.866969,0.240818,0.436314,-0.401955,0.855455,0.326538,-0.294611,-0.458478,0.838451,0.012586,0.005965,-0.023734,-0.104483,1.057311,0.08378,-0.876178,0.099264,0.035815,-0.047713,0.654313,0.294139,-0.696674,0.147301,0.854036,0.498922,0.741738,-0.429072,0.51548,1.3e-05,-0.001774,-0.001927,0.015581,-0.104654,0.166244,0.518102
199,0.193173,-0.02981,0.317235,-0.658883,-0.261301,-0.705436,-0.193466,-0.84736,0.494494,-0.726155,0.462612,0.508642,2.5e-05,-0.004523,-0.004916,1e-06,-3e-06,4e-06,0.520107,-0.256914,-0.018365,0.320811,-0.870692,-0.169558,0.461668,0.348114,-0.875413,0.335264,0.348389,0.452841,0.820623,0.038887,-0.002879,-0.043164,-0.536661,0.653399,0.266664,-1.406267,-0.002445,0.044484,0.002426,0.865436,0.206485,0.456489,-0.379299,0.865304,0.327689,-0.32734,-0.45674,0.827185,0.012234,-0.000305,-0.020409,-0.494802,0.740312,0.367385,-0.881077,0.099263,0.035778,-0.047767,0.650721,0.296396,-0.699078,0.143598,0.856018,0.4966,0.745615,-0.423534,0.514467,1.7e-05,-0.002414,-0.002625,-0.001107,0.003117,-0.003522,0.517939
200,0.193171,-0.029954,0.316925,-0.650735,-0.275422,-0.707624,-0.174435,-0.852777,0.492255,-0.738219,0.4441,0.507775,3.2e-05,-0.005761,-0.006276,0.000257,-0.000179,-0.000184,0.52027,-0.255987,-0.018395,0.319179,-0.857673,-0.103478,0.503668,0.305529,-0.890292,0.337589,0.414546,0.443558,0.794525,0.024294,-0.001247,-0.041652,0.310695,1.351973,1.185353,-1.406207,-0.001978,0.044463,0.001604,0.854985,0.141418,0.499,-0.338455,0.881149,0.330187,-0.392999,-0.451194,0.801232,0.011888,-0.006605,-0.017129,2.012179,2.757306,4.489504,-0.88124,0.099262,0.035707,-0.047921,0.641844,0.31012,-0.701328,0.124272,0.86042,0.4942,0.756698,-0.404355,0.513716,-0.000211,0.001958,-0.008056,0.034513,0.006115,-0.008519,0.518592
201,0.193166,-0.030104,0.316486,-0.638948,-0.289674,-0.712658,-0.156897,-0.857874,0.489294,-0.752315,0.424802,0.50358,4.7e-05,-0.008602,-0.009401,-0.10709,-0.193732,-0.055003,0.520022,-0.255134,-0.018622,0.317584,-0.842941,-0.046763,0.535963,0.266766,-0.901332,0.341132,0.468176,0.430592,0.771534,0.023658,-0.013856,-0.035255,0.493268,1.370608,0.921989,-1.406301,-0.001542,0.044349,0.00079,0.842459,0.083036,0.532321,-0.299082,0.893904,0.333893,-0.448119,-0.440499,0.777912,0.011814,-0.007047,-0.017773,0.474438,1.39284,0.942722,-0.88075,0.09926,0.035635,-0.048137,0.629667,0.323363,-0.706367,0.106485,0.864746,0.490789,0.769532,-0.384251,0.510069,-0.000204,0.00095,-0.009167,-0.103516,-0.49205,0.251927,0.519408
202,0.193159,-0.030231,0.315918,-0.623646,-0.30778,-0.718598,-0.129437,-0.86591,0.483134,-0.770167,0.394696,0.501083,-0.00043,0.001529,-0.018776,1.226282,-0.797357,-0.836316,0.512712,-0.25426,-0.018932,0.316027,-0.822209,0.011095,0.56907,0.225056,-0.911884,0.343149,0.523754,0.410202,0.746512,0.02382,-0.013559,-0.035175,2.784576,2.805941,3.855758,-1.406369,-0.001114,0.044197,2.3e-05,0.824313,0.029467,0.565365,-0.262399,0.904785,0.335426,-0.501651,-0.424847,0.753558,0.011974,-0.006595,-0.017403,-0.330877,1.163777,0.107691,-0.882873,0.099256,0.035566,-0.04842,0.613731,0.340022,-0.712543,0.080213,0.870984,0.484718,0.785429,-0.354642,0.507276,-9.4e-05,-0.005,-0.005507,3.970356,-2.759215,-2.629397,0.51451
203,0.193154,-0.030289,0.315563,-0.613651,-0.309094,-0.726594,-0.123552,-0.871295,0.474923,-0.779113,0.381589,0.497392,-0.000422,-1.1e-05,-0.020493,0.18953,-0.550812,0.808077,0.506709,-0.253818,-0.019118,0.315257,-0.807,0.038923,0.589259,0.20538,-0.916933,0.342034,0.554625,0.396998,0.731196,0.024022,-0.002808,-0.043929,2.914382,2.720948,3.689001,-1.406494,-0.000893,0.044101,-0.000358,0.810225,0.000821,0.586118,-0.242923,0.910536,0.33453,-0.533408,-0.413427,0.737939,0.011952,-0.006754,-0.017643,-0.437599,0.986867,-0.217985,-0.880587,0.099254,0.035539,-0.048588,0.604779,0.343555,-0.718478,0.071425,0.875131,0.478583,0.793183,-0.340754,0.504723,4.5e-05,-0.005336,-0.005865,0.012725,-0.084977,0.136823,0.508794
204,0.193118,-0.030349,0.314821,-0.591655,-0.313905,-0.742599,-0.10661,-0.882555,0.457934,-0.7984,0.350493,0.489632,-0.015504,-0.000761,-0.020615,0.047112,-0.17999,0.309899,0.494332,-0.252965,-0.019517,0.313833,-0.777469,0.091279,0.622255,0.166789,-0.92396,0.344113,0.607312,0.371211,0.702309,0.024011,-0.013309,-0.035263,0.681262,1.290644,0.935042,-1.40632,-0.000467,0.043904,-0.001075,0.782684,-0.055855,0.619907,-0.200917,0.919975,0.336566,-0.589099,-0.387975,0.708828,0.012174,-0.006426,-0.017373,3.00781,2.82508,3.561775,-0.883363,0.099242,0.035508,-0.048968,0.581172,0.345682,-0.73671,0.055056,0.886517,0.459407,0.811916,-0.307556,0.496187,-0.00043,0.004947,-0.015063,0.08107,-0.183623,0.323805,0.491649
205,0.193065,-0.030301,0.313919,-0.560275,-0.319231,-0.764349,-0.088083,-0.894576,0.438117,-0.822935,0.313184,0.474046,-0.000905,0.010711,-0.029291,1.152348,-1.396119,-0.372682,0.485908,-0.252018,-0.019861,0.31243,-0.745078,0.142412,0.65159,0.125987,-0.929207,0.347326,0.655846,0.340702,0.673536,0.024743,-0.010883,-0.032783,-0.081265,1.048084,-0.001729,-1.40675,-3e-06,0.043733,-0.001767,0.753175,-0.107327,0.649005,-0.159865,0.927159,0.338849,-0.638099,-0.358966,0.681155,0.012636,0.000216,-0.0204,3.143323,2.897392,3.48602,-0.890222,0.09921,0.035525,-0.049418,0.551642,0.3475,-0.758243,0.037264,0.897901,0.438615,0.833247,-0.270214,0.482371,-0.000335,-0.000444,-0.010866,3.910731,-3.409729,-2.221823,0.476463
206,0.193009,-0.030239,0.31345,-0.549577,-0.317288,-0.772877,-0.082598,-0.899928,0.428111,-0.830688,0.299508,0.46934,-0.000901,0.009823,-0.030306,0.100927,-0.400742,0.668765,0.484636,-0.251583,-0.019996,0.311782,-0.730189,0.16412,0.663234,0.10676,-0.931299,0.348164,0.675711,0.324831,0.661636,0.024907,-0.010394,-0.03233,0.743013,1.319516,0.911638,-1.40647,0.000223,0.043661,-0.002103,0.738667,-0.129578,0.661497,-0.141116,0.929876,0.339727,-0.659132,-0.344294,0.668584,0.012644,0.000179,-0.020501,3.187214,2.931414,3.392094,-0.892997,0.099182,0.035558,-0.04965,0.539266,0.347268,-0.767199,0.030355,0.90241,0.429806,0.841587,-0.255068,0.476098,-0.00019,-0.000286,-0.010617,0.098197,-0.293465,0.491934,0.472054
207,0.192758,-0.03007,0.312458,-0.526774,-0.318251,-0.788207,-0.071128,-0.907526,0.413896,-0.84639,0.274484,0.45641,-0.016018,0.010386,-0.028977,4.43674,-2.590117,-2.028302,0.489297,-0.250607,-0.020221,0.310456,-0.698115,0.206017,0.685699,0.067406,-0.934455,0.349549,0.713628,0.289993,0.637576,0.025564,-0.008168,-0.030001,0.740485,1.395012,0.918853,-1.406691,0.00072,0.043544,-0.00278,0.70799,-0.172949,0.684717,-0.100979,0.934797,0.340525,-0.698965,-0.31023,0.644362,0.012826,-0.003971,-0.014888,0.660592,1.487173,0.97709,-0.89561,0.099062,0.03564,-0.05015,0.518498,0.344045,-0.78281,0.024125,0.909232,0.415587,0.854738,-0.234366,0.463135,-0.000193,-0.000334,-0.010702,0.069431,-0.259789,0.496366,0.471238
208,0.192359,-0.029875,0.311469,-0.49924,-0.325022,-0.803222,-0.059476,-0.911955,0.405922,-0.863818,0.250823,0.436958,-0.015559,-0.000626,-0.020679,-0.211966,-0.610919,0.034441,0.498905,-0.249651,-0.020387,0.309251,-0.665184,0.242743,0.706115,0.031721,-0.935554,0.351662,0.746791,0.25602,0.613695,0.026128,-0.006233,-0.027954,0.043922,0.901014,0.108878,-1.406419,0.001179,0.043461,-0.003359,0.677307,-0.21019,0.705035,-0.066115,0.937051,0.342876,-0.732723,-0.278845,0.620774,0.013296,-0.002748,-0.013618,3.385606,2.965721,3.39332,-0.899529,0.098868,0.035742,-0.050639,0.490611,0.351077,-0.797523,0.006424,0.913762,0.406197,0.871354,-0.204408,0.446047,-0.000432,0.005524,-0.01451,0.12677,-0.338378,0.500689,0.481362
209,0.192132,-0.029791,0.31103,-0.485235,-0.330152,-0.809687,-0.053007,-0.913183,0.404054,-0.872191,0.239385,0.42662,-0.015568,-0.000314,-0.020356,-0.317245,-0.8035,-0.074381,0.503524,-0.249233,-0.020469,0.30875,-0.647592,0.261237,0.715801,0.015854,-0.934487,0.355551,0.762585,0.241279,0.600093,0.011641,-0.003412,-0.024797,-0.424961,0.874317,0.11549,-1.406787,0.001403,0.043421,-0.003624,0.660213,-0.229585,0.715128,-0.048851,0.936993,0.345913,-0.749487,-0.263311,0.6074,0.013305,-0.002249,-0.013028,-0.40392,1.057818,0.115376,-0.893487,0.098749,0.035784,-0.050866,0.476474,0.355003,-0.804328,2.5e-05,0.914848,0.403797,0.879188,-0.192419,0.435893,-0.007996,0.005785,-0.013851,-0.001842,-0.477733,0.391873,0.48773
210,0.191566,-0.029678,0.310173,-0.459295,-0.337665,-0.82163,-0.044824,-0.91496,0.401013,-0.886599,0.221426,0.406128,-0.01559,0.000634,-0.019346,-0.277357,-0.767028,-0.021931,0.511027,-0.248399,-0.020654,0.30783,-0.61071,0.297114,0.733994,-0.016294,-0.931373,0.36361,0.792405,0.209735,0.572686,0.027108,-0.002701,-0.024077,-0.472779,0.901166,0.195026,-1.406605,0.001814,0.043327,-0.004085,0.624866,-0.266513,0.733834,-0.016591,0.935186,0.353767,-0.780555,-0.233232,0.579944,0.006115,-0.000642,-0.011233,-0.135644,0.501161,-0.127373,-0.902958,0.09846,0.03584,-0.051304,0.449302,0.361702,-0.816883,-0.00787,0.915941,0.401235,0.893344,-0.173846,0.414381,-0.007776,0.000337,-0.009636,-0.377507,-0.900765,-0.092841,0.500467
211,0.190867,-0.029639,0.309375,-0.431523,-0.348022,-0.832295,-0.030492,-0.916448,0.398956,-0.901067,0.197963,0.385896,-0.030756,-0.000186,-0.019603,-0.139271,-0.514399,0.081854,0.516808,-0.247555,-0.020884,0.307108,-0.575705,0.326787,0.74951,-0.044009,-0.927634,0.370799,0.817147,0.180082,0.547452,0.027602,-0.000907,-0.022094,0.198915,0.648695,0.173465,-1.406402,0.002237,0.043213,-0.004446,0.589518,-0.298779,0.750466,0.01048,0.931826,0.362752,-0.807687,-0.205984,0.55246,0.006294,-0.005273,-0.006102,1.063309,1.104229,0.768121,-0.900835,0.098122,0.03586,-0.051694,0.42042,0.371388,-0.827839,-0.0221,0.916311,0.399855,0.90706,-0.149812,0.393443,-0.007789,-0.000137,-0.0102,-0.194617,-0.605556,0.036143,0.510101
212,0.190066,-0.029682,0.308598,-0.403741,-0.358131,-0.841891,-0.015587,-0.917386,0.397658,-0.914254,0.174113,0.365857,-0.030801,-0.001116,-0.020746,-0.099857,-0.434515,0.093358,0.52123,-0.246719,-0.021158,0.306521,-0.541257,0.350147,0.76448,-0.060443,-0.92294,0.380081,0.839313,0.159082,0.51972,0.01293,-0.009212,-0.010682,-0.448728,0.870261,0.104127,-1.406549,0.00266,0.04308,-0.004743,0.557671,-0.321841,0.765127,0.028017,0.928544,0.37016,-0.829588,-0.184991,0.52684,0.013999,0.000272,-0.010252,-0.463423,0.923068,0.205649,-0.903611,0.097721,0.035841,-0.05208,0.392017,0.380159,-0.837735,-0.037001,0.916402,0.398544,0.919212,-0.125239,0.373312,-0.007805,-7.2e-05,-0.010158,-0.127863,-0.516942,0.117901,0.518265
213,0.189638,-0.029743,0.308218,-0.389763,-0.362952,-0.846402,-0.008031,-0.917699,0.39716,-0.920411,0.162041,0.355828,-0.030828,-0.001505,-0.021238,-0.20026,-0.638841,-0.023602,0.52136,-0.246322,-0.021307,0.306252,-0.526592,0.358259,0.770936,-0.066398,-0.921344,0.38295,0.848133,0.150027,0.507961,0.013109,0.001996,-0.018806,-0.335725,0.744719,0.046859,-1.406336,0.002859,0.043002,-0.004873,0.542888,-0.330839,0.771892,0.033891,0.927015,0.373489,-0.839121,-0.176603,0.514477,0.01392,-0.005343,-0.006231,-0.529923,0.858419,0.36593,-0.905897,0.097507,0.035811,-0.05227,0.379156,0.383363,-0.842182,-0.044971,0.916699,0.397037,0.924238,-0.112665,0.364812,-0.007813,-0.00033,-0.010472,-0.193599,-0.679695,0.02251,0.520551
214,0.188724,-0.029888,0.307467,-0.370847,-0.365256,-0.853877,-0.00209,-0.919094,0.393998,-0.928246,0.148346,0.341147,-0.030457,-0.012463,-0.012924,-0.12638,-0.41946,0.075504,0.521517,-0.245523,-0.021567,0.305709,-0.500865,0.370923,0.782012,-0.079611,-0.919348,0.385222,0.862436,0.13023,0.488986,0.027945,0.000175,-0.02101,-0.086306,0.370332,-0.158196,-1.406463,0.003253,0.042874,-0.005142,0.516486,-0.345378,0.783553,0.046926,0.92509,0.376834,-0.855008,-0.15786,0.494003,0.006446,-0.004779,-0.005584,-0.084843,0.399643,-0.194499,-0.900345,0.09705,0.035742,-0.052649,0.359355,0.385235,-0.849974,-0.050717,0.917533,0.394411,0.931821,-0.098626,0.349258,-0.007832,-0.000277,-0.010449,-0.150896,-0.562043,0.091717,0.521368
215,0.187695,-0.030067,0.306756,-0.353313,-0.364696,-0.861518,0.00433,-0.921524,0.388261,-0.93507,0.133895,0.328241,-0.030522,-0.011913,-0.012392,-0.217128,-0.671626,0.015744,0.521787,-0.244718,-0.021851,0.305041,-0.477137,0.380456,0.792202,-0.088038,-0.917511,0.387757,0.874957,0.1148,0.470248,0.027573,-0.001446,-0.022976,-0.108413,0.645304,0.052022,-1.406631,0.003652,0.042739,-0.005468,0.495099,-0.354098,0.793404,0.055366,0.924183,0.377915,-0.86707,-0.143177,0.477167,0.013693,-0.001169,-0.01203,1.043539,1.358002,0.815679,-0.903611,0.096548,0.035651,-0.052999,0.343765,0.383076,-0.857366,-0.057749,0.919905,0.387864,0.937278,-0.083822,0.338353,-0.007847,-0.000239,-0.010443,0.134088,-0.546777,0.922803,0.521858
216,0.187211,-0.030197,0.306454,-0.351069,-0.361394,-0.863823,0.003347,-0.923007,0.384732,-0.935922,0.13262,0.326328,-0.03056,-0.012229,-0.012806,-0.00167,-0.050944,0.057527,0.521124,-0.244341,-0.021972,0.304659,-0.468742,0.382766,0.796092,-0.090615,-0.917241,0.387804,0.879213,0.10917,0.463604,0.012247,-0.012323,-0.014477,-0.128209,0.307773,-0.029722,-1.406252,0.00385,0.042679,-0.005666,0.485154,-0.357876,0.79784,0.05799,0.923573,0.379011,-0.872503,-0.137612,0.468828,0.013562,-0.001686,-0.012644,-0.11614,0.423843,-0.159482,-0.903121,0.096294,0.035587,-0.053156,0.339253,0.3806,-0.860261,-0.056104,0.921054,0.38537,0.93902,-0.082474,0.333824,-0.007661,-0.005692,-0.006232,0.022442,-0.151667,0.298304,0.521531
217,0.186241,-0.030485,0.305861,-0.330332,-0.34575,-0.878284,0.001501,-0.930694,0.365757,-0.943467,0.119927,0.309054,-0.030614,-0.01116,-0.011663,-0.016688,-0.220123,0.230403,0.52103,-0.243565,-0.022208,0.303693,-0.44542,0.393157,0.804376,-0.100756,-0.91465,0.391405,0.890143,0.092809,0.445976,0.011519,-0.004742,-0.026935,-0.26056,0.688917,-0.024338,-1.406314,0.00424,0.042562,-0.006141,0.463643,-0.368094,0.80594,0.068527,0.92179,0.381584,-0.883367,-0.12169,0.452606,0.013206,-0.003234,-0.014522,-0.245337,0.586891,0.188911,-0.905244,0.095798,0.035436,-0.053459,0.319465,0.363719,-0.875014,-0.054375,0.928917,0.366273,0.946036,-0.069433,0.316534,-0.015298,-0.005584,-0.00582,-0.003379,-0.185485,0.233011,0.521531
218,0.185385,-0.030816,0.30529,-0.319198,-0.333898,-0.886944,0.002861,-0.936221,0.351359,-0.9473,0.110025,0.300903,-0.015458,-0.011669,-0.012992,0.015031,-0.260298,0.433774,0.521434,-0.242819,-0.022446,0.302463,-0.415451,0.409337,0.812302,-0.116188,-0.909507,0.399038,0.902635,0.070897,0.424366,0.010621,-0.008576,-0.031625,0.985106,1.462579,0.957523,-1.406519,0.004613,0.042446,-0.006753,0.435308,-0.384202,0.814183,0.082426,0.917575,0.388921,-0.8965,-0.10219,0.431097,0.01299,-0.004843,-0.016709,4.399393,2.511865,2.360173,-0.908673,0.095375,0.035277,-0.053737,0.309562,0.351533,-0.883512,-0.056101,0.934287,0.352079,0.949222,-0.059424,0.308941,-0.007713,-0.005528,-0.006122,0.015305,-0.272625,0.459465,0.521858
219,0.184596,-0.031107,0.304743,-0.307518,-0.325919,-0.894011,0.004608,-0.94002,0.341048,-0.951163,0.101158,0.291691,-0.015475,-0.010323,-0.011487,0.002953,-0.07477,0.115059,0.521958,-0.242177,-0.022648,0.300979,-0.370771,0.428335,0.824044,-0.13371,-0.902586,0.409138,0.919462,0.040987,0.390862,0.010232,-0.010339,-0.033942,4.383212,4.811164,0.27688,-1.406632,0.004929,0.042342,-0.007481,0.394948,-0.405224,0.824504,0.097192,0.910859,0.401109,-0.913547,-0.078282,0.399126,0.012581,-0.00067,-0.022368,-0.260087,0.671048,0.240011,-0.909326,0.094987,0.035129,-0.054006,0.298312,0.34313,-0.890657,-0.057873,0.93793,0.341958,0.952711,-0.050465,0.299654,-0.015349,-0.00504,-0.005267,0.015995,-0.145148,0.26595,0.521694
220,0.184235,-0.031241,0.304489,-0.302293,-0.323008,-0.896845,0.002887,-0.941151,0.337933,-0.952849,0.099961,0.286556,-0.015863,0.000532,-0.020053,-0.057532,-0.422814,0.135428,0.521855,-0.241921,-0.022719,0.300197,-0.34431,0.432756,0.833165,-0.13767,-0.901029,0.411251,0.929086,0.026363,0.368737,0.010134,-0.010811,-0.034628,0.182348,2.768886,-1.697839,-1.406865,0.005052,0.042306,-0.007873,0.366797,-0.412164,0.834014,0.104875,0.909104,0.403149,-0.92437,-0.060407,0.376682,0.005334,0.000445,-0.021292,4.306338,3.104157,2.138539,-0.906387,0.094801,0.035059,-0.054136,0.294209,0.339119,-0.893554,-0.056307,0.939459,0.338001,0.95408,-0.049129,0.295492,-0.007729,-0.00481,-0.00533,-0.179091,-0.481599,-0.119304,0.522021
221,0.183514,-0.031508,0.304013,-0.29351,-0.319364,-0.901057,0.006175,-0.943168,0.332219,-0.955585,0.092337,0.279926,-0.015492,-0.008679,-0.009638,0.003562,-0.189826,0.278124,0.52145,-0.241559,-0.022795,0.298561,-0.286275,0.437541,0.852406,-0.149276,-0.899068,0.411494,0.946751,-0.009981,0.321598,-0.005114,0.000457,-0.042828,4.32642,3.407362,1.765746,-1.406717,0.005248,0.042263,-0.008704,0.308579,-0.416522,0.855153,0.112055,0.908685,0.402161,-0.944575,-0.028274,0.327074,0.004954,-0.00058,-0.022416,-0.380239,1.047802,0.224757,-0.90704,0.094434,0.034924,-0.054385,0.284412,0.335518,-0.898073,-0.059367,0.941125,0.332802,0.956861,-0.041336,0.287586,-0.007734,-0.004279,-0.004731,0.018563,-0.160583,0.294737,0.521858
222,0.182848,-0.031741,0.303523,-0.283157,-0.318926,-0.904518,0.003593,-0.943445,0.331467,-0.958729,0.090998,0.269418,-0.01588,0.002028,-0.018403,-0.017672,-0.349701,0.210836,0.52134,-0.241354,-0.022827,0.296807,-0.236392,0.449637,0.861357,-0.16443,-0.892133,0.420709,0.957883,-0.042732,0.283719,0.009936,-0.000931,-0.044856,-0.349197,0.66519,0.713531,-1.406866,0.005347,0.042245,-0.009601,0.256069,-0.431997,0.864758,0.132732,0.901825,0.41121,-0.957502,0.009483,0.288269,0.004978,-0.000483,-0.022434,-0.408847,0.699772,0.841917,-0.911612,0.094113,0.034812,-0.054617,0.274736,0.334536,-0.901446,-0.056864,0.941534,0.332083,0.959836,-0.039975,0.277696,-0.007746,-0.004062,-0.004503,-0.100113,-0.330829,-0.033554,0.521694
223,0.182261,-0.031886,0.303053,-0.275915,-0.318196,-0.90701,0.002041,-0.943814,0.330428,-0.960851,0.089708,0.262194,-0.000227,-0.007717,-0.009179,-0.005552,-0.1148,0.129854,0.521429,-0.241147,-0.022795,0.29512,-0.191734,0.459324,0.867324,-0.176055,-0.885405,0.430113,0.965709,-0.070793,0.249514,-0.004589,0.002755,-0.040512,-0.240139,-0.5044,2.492066,-1.407181,0.00545,0.042257,-0.010448,0.211654,-0.442697,0.871333,0.144573,0.895904,0.420062,-0.966592,0.037063,0.253624,-0.002313,0.00139,-0.020201,-0.302291,-0.411066,2.553729,-0.905244,0.093808,0.034739,-0.05486,0.266878,0.333602,-0.904149,-0.055209,0.941928,0.331245,0.962147,-0.038485,0.269798,-0.007925,0.001647,-0.008459,0.050017,-0.072753,0.141504,0.522021
