frame,MLTx,MLTy,MLTz,MLTR1,MLTR2,MLTR3,MLTR4,MLTR5,MLTR6,MLTR7,MLTR8,MLTR9,MLTTVx,MLTTVy,MLTTVz,MLTRVx,MLTRVy,MLTRVz,MLGA,MRTx,MRTy,MRTz,MRTR1,MRTR2,MRTR3,MRTR4,MRTR5,MRTR6,MRTR7,MRTR8,MRTR9,MRTTVx,MRTTVy,MRTTVz,MRTRVx,MRTRVy,MRTRVz,MRGA,SLTx,SLTy,SLTz,SLTR1,SLTR2,SLTR3,SLTR4,SLTR5,SLTR6,SLTR7,SLTR8,SLTR9,SLTTVx,SLTTVy,SLTTVz,SLTRVx,SLTRVy,SLTRVz,SLGA,SRTx,SRTy,SRTz,SRTR1,SRTR2,SRTR3,SRTR4,SRTR5,SRTR6,SRTR7,SRTR8,SRTR9,SRTTVx,SRTTVy,SRTTVz,SRTRVx,SRTRVy,SRTRVz,SRGA
86,0.119543,-0.043792,0.407358,-0.331484,0.242868,-0.91169,-0.095915,-0.969942,-0.22357,-0.938177,0.013025,0.345949,0.000505,0.002457,0.001849,0.001474,-0.00908,0.027312,0.023198,-0.104377,-0.026549,0.400609,0.117384,0.291816,0.94924,-0.02566,0.956426,-0.290731,-0.992835,0.009383,0.118556,0.013537,0.00442,-0.015073,0.031117,0.466307,0.197647,-1.04092,0.042758,0.028793,-0.011404,-0.04779,-0.339705,0.939316,0.146447,-0.932612,-0.329829,0.988063,0.121798,0.094318,0.006722,0.002472,-0.007355,0.034606,-0.026971,0.047524,-0.898713,0.069456,0.014137,-0.066887,-0.376832,0.211161,-0.901891,0.084127,-0.961842,-0.260348,-0.922452,-0.173981,0.344688,0.000227,0.00528,-0.004659,0.037047,-0.01918,0.018001,-0.188946
87,0.119397,-0.04357,0.407356,-0.333764,0.237501,-0.912272,-0.095985,-0.971249,-0.217796,-0.937359,0.014569,0.3481,0.00084,0.00408,0.003066,-0.007478,-0.002719,0.007819,0.042869,-0.104008,-0.026692,0.400245,0.112018,0.289718,0.95053,-0.024974,0.957075,-0.288649,-0.993465,0.008211,0.113243,0.001635,-0.008589,-0.006188,-0.003253,0.19515,0.040694,-1.038049,0.042942,0.028725,-0.01159,-0.040474,-0.335769,0.941074,0.145718,-0.933759,-0.326892,0.988497,0.123901,0.08672,9.3e-05,0.000437,-0.008114,0.040329,0.303162,0.105545,-0.895773,0.069383,0.014248,-0.066888,-0.378028,0.205451,-0.902708,0.084328,-0.963369,-0.254572,-0.921944,-0.172359,0.346856,0.000429,0.002087,0.001573,-0.005026,-0.004967,0.013763,-0.16282
88,0.11916,-0.043286,0.407441,-0.333784,0.236269,-0.912585,-0.101519,-0.971434,-0.214432,-0.936769,0.02077,0.34937,0.000879,0.004254,0.003192,-0.010194,0.063791,-0.188104,0.07618,-0.103606,-0.026835,0.399863,0.106616,0.287702,0.951762,-0.024288,0.957692,-0.286653,-0.994069,0.007063,0.10789,0.001703,-0.00889,-0.006427,-0.001822,0.068056,-0.005741,-1.03326,0.043149,0.028649,-0.011784,-0.034746,-0.332783,0.942362,0.145267,-0.934599,-0.324685,0.988781,0.125612,0.080816,0.007659,-0.003226,-0.003058,-0.010905,0.025885,0.011189,-0.890711,0.069265,0.014391,-0.066845,-0.377772,0.204453,-0.903043,0.078872,-0.964664,-0.251399,-0.922533,-0.166197,0.348297,-0.006531,0.003451,0.002595,0.001706,0.004435,0.000472,-0.121017
89,0.119117,-0.043112,0.407429,-0.332292,0.23838,-0.91258,-0.107039,-0.970789,-0.214668,-0.936687,0.026046,0.349238,0.000992,0.004799,0.003597,-0.0,-0.0,0.0,0.077742,-0.103387,-0.026921,0.399691,0.106666,0.287655,0.951771,-0.02409,0.957705,-0.286628,-0.994069,0.007264,0.10788,0.001731,-0.009007,-0.006523,-0.001164,0.010746,-0.026728,-1.023578,0.043259,0.028603,-0.011873,-0.035033,-0.332915,0.942305,0.145226,-0.934571,-0.324784,0.988777,0.125469,0.081088,0.000877,-0.004535,-0.003291,-0.003475,-0.000918,-0.031511,-0.888589,0.069243,0.014479,-0.06685,-0.376722,0.206693,-0.902971,0.073353,-0.96507,-0.251511,-0.923416,-0.160985,0.348402,0.000514,0.00249,0.001873,0.000262,-0.00028,0.000199,-0.107628
90,0.119236,-0.042545,0.40722,-0.328634,0.241256,-0.913149,-0.129333,-0.969187,-0.209574,-0.935169,0.04892,0.350846,0.015684,0.02261,-0.017541,0.058744,0.024405,-0.119895,0.048624,-0.102978,-0.02717,0.399397,0.105842,0.289886,0.951186,-0.023536,0.957027,-0.288926,-0.994169,0.007809,0.106913,0.015437,-0.006947,-0.006502,0.00884,-0.073634,0.188807,-1.010257,0.043464,0.028478,-0.01202,-0.034029,-0.335063,0.94158,0.144501,-0.933876,-0.327099,0.988918,0.124929,0.080196,0.007729,-0.003505,-0.003282,0.009057,-0.075018,0.191195,-0.885159,0.069297,0.014754,-0.066948,-0.373648,0.210318,-0.903411,0.051038,-0.967817,-0.246421,-0.926165,-0.138183,0.350889,0.000866,0.008349,-0.002361,0.027213,-0.025642,0.053382,-0.114322
91,0.119452,-0.041684,0.40683,-0.327175,0.240396,-0.913899,-0.145579,-0.968353,-0.202661,-0.933294,0.066433,0.352955,0.001914,0.01766,-0.004033,0.037242,-0.02144,0.045786,0.00582,-0.102685,-0.027481,0.399159,0.101692,0.300273,0.948412,-0.02223,0.95381,-0.299477,-0.994627,0.008973,0.102471,0.01514,-0.005304,-0.00533,0.017517,0.010085,-0.039235,-0.987108,0.043605,0.028321,-0.012139,-0.028587,-0.344706,0.938275,0.142397,-0.930489,-0.337507,0.989396,0.12396,0.075685,0.00089,-0.004558,-0.003327,0.054101,0.0996,-0.270186,-0.884016,0.06941,0.015186,-0.067148,-0.372082,0.209661,-0.90421,0.034995,-0.970293,-0.239384,-0.92754,-0.120713,0.353691,0.001059,0.013459,-0.007159,0.064405,0.038789,-0.14723,-0.168208
92,0.119526,-0.041193,0.406603,-0.327986,0.238324,-0.914151,-0.144831,-0.968876,-0.200685,-0.933124,0.066272,0.353432,0.015986,0.024273,-0.016319,0.072547,-0.038956,0.066662,0.015943,-0.102592,-0.027632,0.399042,0.101583,0.300593,0.948323,-0.022275,0.95371,-0.299793,-0.994637,0.008932,0.102378,0.001587,-0.008174,-0.005969,-0.001149,0.009901,-0.027039,-0.986228,0.043656,0.028249,-0.012196,-0.028475,-0.344951,0.938188,0.142409,-0.930395,-0.337764,0.989397,0.123989,0.075617,0.000768,-0.003926,-0.002871,-0.001156,0.009173,-0.025362,-0.88418,0.069442,0.015432,-0.067255,-0.372505,0.207476,-0.90454,0.035841,-0.970745,-0.237421,-0.927337,-0.120861,0.354171,0.00113,0.013811,-0.006907,0.074882,-0.034262,0.06632,-0.180945
93,0.119631,-0.040173,0.405983,-0.328329,0.235797,-0.914683,-0.148609,-0.969151,-0.196553,-0.932409,0.071095,0.35438,0.00145,0.023771,-0.016682,-0.065015,-0.053635,0.089792,0.039473,-0.102459,-0.027857,0.398666,0.101692,0.300198,0.948436,-0.021799,0.95383,-0.299447,-0.994636,0.009379,0.102342,0.000109,0.001327,-0.015984,0.043381,-0.070258,0.209186,-0.986391,0.043724,0.028132,-0.012375,-0.028567,-0.344721,0.938269,0.142021,-0.93053,-0.337554,0.98945,0.123611,0.07554,0.000922,-0.004704,-0.003448,-0.000921,0.009823,-0.026972,-0.885813,0.0695,0.015936,-0.067556,-0.372498,0.204686,-0.905178,0.032697,-0.971873,-0.233224,-0.927456,-0.116473,0.355328,0.000745,0.011969,-0.008289,-1.458498,-0.358975,0.662666,-0.157105
94,0.119744,-0.039254,0.405133,-0.32973,0.230398,-0.915555,-0.158346,-0.969499,-0.187003,-0.930309,0.08302,0.357295,0.000837,0.029141,-0.029846,-0.059063,-0.042231,0.044235,0.039695,-0.102217,-0.027832,0.398086,0.102419,0.298041,0.949038,-0.020303,0.95449,-0.297441,-0.994594,0.0108,0.10261,0.000173,0.001016,-0.016229,0.034289,0.008083,-0.00441,-0.989279,0.043844,0.028145,-0.012677,-0.029631,-0.34257,0.939024,0.140626,-0.931521,-0.335396,0.989618,0.122113,0.075776,8.7e-05,0.000543,-0.008092,0.034459,0.008034,-0.004396,-0.889732,0.069557,0.016404,-0.067982,-0.372798,0.19937,-0.906241,0.022885,-0.974372,-0.223773,-0.92763,-0.104162,0.358682,0.000348,0.009983,-0.009747,-0.493987,-0.038077,-0.012965,-0.149267
95,0.119777,-0.038443,0.404281,-0.332342,0.223737,-0.916262,-0.162658,-0.970473,-0.178034,-0.928632,0.089584,0.360062,0.00041,0.018702,-0.020426,-0.027488,0.050591,-0.178286,0.034854,-0.10208,-0.027604,0.397282,0.099839,0.295916,0.949977,-0.018128,0.955137,-0.295498,-0.994896,0.01189,0.099524,-0.001205,0.009989,-0.026619,0.069329,0.031524,0.027589,-0.99149,0.043913,0.028257,-0.013068,-0.027072,-0.340005,0.940033,0.138566,-0.932576,-0.333317,0.989982,0.121234,0.07236,-0.000603,0.005056,-0.013266,0.059824,0.006643,0.016301,-0.891365,0.069574,0.016818,-0.068421,-0.374078,0.19248,-0.907202,0.0188,-0.976449,-0.214924,-0.927206,-0.097454,0.361649,0.000196,0.00924,-0.010292,-0.033709,0.055581,-0.192922,-0.149267
96,0.119772,-0.03809,0.403874,-0.331731,0.223916,-0.91644,-0.167579,-0.969937,-0.176385,-0.927976,0.094778,0.360422,0.000298,0.018148,-0.020832,0.070382,-0.024887,0.037398,0.02531,-0.102016,-0.02743,0.396802,0.097083,0.294501,0.950703,-0.016788,0.95557,-0.294173,-0.995188,0.012208,0.096512,-0.001182,0.009875,-0.026708,0.064123,0.347312,0.145186,-0.995532,0.043945,0.028348,-0.013317,-0.025721,-0.33884,0.940492,0.137279,-0.933087,-0.332418,0.990197,0.12056,0.070515,-0.000575,0.004924,-0.013366,0.097057,0.466611,0.196936,-0.892018,0.069571,0.016981,-0.068609,-0.373556,0.192693,-0.907372,0.013792,-0.976923,-0.213142,-0.927504,-0.092135,0.362278,0.000132,0.008922,-0.010526,0.062647,-0.029374,0.047496,-0.153512
97,0.119792,-0.037593,0.403304,-0.331224,0.223743,-0.916665,-0.171886,-0.969508,-0.174591,-0.92737,0.099448,0.360724,3.2e-05,0.008501,-0.010838,0.035738,-0.012378,0.018468,0.012748,-0.101821,-0.026951,0.3957,0.089038,0.290009,0.952869,-0.013516,0.956938,-0.289863,-0.99598,0.012545,0.087919,0.012443,0.012613,-0.026189,0.068173,0.188858,0.121784,-1.023479,0.044037,0.028581,-0.01386,-0.017243,-0.332853,0.94282,0.134299,-0.935186,-0.327702,0.99079,0.12097,0.060827,-0.000621,0.005179,-0.013182,0.062678,0.237853,0.104731,-0.895283,0.069581,0.017238,-0.068906,-0.372987,0.192716,-0.907601,0.009555,-0.977341,-0.211451,-0.927787,-0.087541,0.362694,-2e-06,0.004105,-0.005526,0.03698,-0.01282,0.019463,-0.175556
98,0.119775,-0.037383,0.403074,-0.33177,0.222507,-0.916769,-0.170787,-0.969871,-0.173647,-0.927377,0.098678,0.360917,-0.0,-0.0,-0.0,-0.0,-0.0,0.0,0.021392,-0.101594,-0.026428,0.394627,0.077165,0.279462,0.957047,-0.01101,0.960093,-0.279344,-0.996986,0.010647,0.075953,-0.001418,0.011092,-0.02582,0.06494,0.263502,0.11574,-1.041345,0.044152,0.028838,-0.014387,-0.006953,-0.320979,0.94706,0.132628,-0.939012,-0.317278,0.991141,0.123401,0.0491,0.006085,0.007096,-0.012518,0.062497,0.431382,0.028557,-0.89659,0.069572,0.017345,-0.069026,-0.373286,0.191422,-0.907752,0.01075,-0.977523,-0.210555,-0.927654,-0.088356,0.362838,9.8e-05,0.004617,-0.005148,0.026531,0.054815,-0.16867,-0.17572
99,0.119775,-0.037383,0.403074,-0.332053,0.221983,-0.916794,-0.170628,-0.969993,-0.173122,-0.927305,0.098662,0.361107,-0.0,-0.0,-0.0,0.0,0.0,0.0,0.025486,-0.101446,-0.026184,0.39415,0.073608,0.272266,0.959398,-0.010275,0.962167,-0.272144,-0.997258,0.009812,0.072408,0.012167,0.014042,-0.025138,0.05453,0.207419,0.208483,-1.042042,0.04423,0.028969,-0.014645,-0.00404,-0.313219,0.949671,0.1324,-0.941486,-0.309956,0.991187,0.124485,0.045274,0.006089,0.007091,-0.012521,0.048612,0.191423,0.198169,-0.897243,0.069572,0.017345,-0.069026,-0.373468,0.190853,-0.907797,0.01094,-0.977632,-0.210035,-0.927578,-0.088373,0.363026,5e-06,-1e-06,-3e-06,0.000337,8.1e-05,-0.000121,-0.171637
100,0.119779,-0.037438,0.403187,-0.331538,0.222564,-0.916839,-0.176237,-0.969257,-0.171618,-0.926441,0.1044,0.361711,0.00028,0.001367,0.001013,-0.0,-0.0,0.0,0.036813,-0.100962,-0.02574,0.393195,0.066218,0.26641,0.961578,-0.007976,0.963807,-0.266359,-0.997788,0.009613,0.064732,0.014004,0.00288,-0.016429,0.023287,0.314023,-0.06482,-1.041579,0.044461,0.029188,-0.015104,0.001604,-0.306969,0.951717,0.130755,-0.943483,-0.304533,0.991413,0.12493,0.038624,0.00628,0.006136,-0.013243,0.090837,0.430861,0.21846,-0.893324,0.069574,0.017315,-0.068971,-0.373069,0.191526,-0.907819,0.005297,-0.978005,-0.20851,-0.927788,-0.082598,0.363849,0.000155,0.000756,0.00056,0.000364,6.3e-05,-0.000173,-0.159554
101,0.11977,-0.037469,0.403357,-0.331026,0.223183,-0.916874,-0.181924,-0.968471,-0.170119,-0.925526,0.110203,0.362332,0.000346,0.001688,0.00125,-0.0,-0.0,0.0,0.059444,-0.100489,-0.025499,0.392438,0.061106,0.262955,0.962866,-0.005981,0.964751,-0.262971,-0.998121,0.00996,0.059308,0.013932,0.003321,-0.016121,0.034644,0.073928,0.056108,-1.040211,0.044703,0.029312,-0.015494,0.007326,-0.302469,0.953131,0.128974,-0.944909,-0.300851,0.99162,0.125133,0.032088,0.006966,0.001731,-0.008016,0.025528,0.055088,0.04734,-0.894304,0.06957,0.0173,-0.068886,-0.37268,0.192235,-0.907829,-0.000432,-0.978342,-0.206989,-0.927959,-0.076749,0.364692,0.000125,-0.003562,0.00593,-0.035348,0.012453,-0.018653,-0.137836
102,0.119758,-0.037452,0.403434,-0.331253,0.222821,-0.91688,-0.181933,-0.968542,-0.169705,-0.925442,0.110311,0.362512,0.000421,-0.006292,0.012472,-0.034338,0.002679,0.008635,0.067579,-0.100269,-0.025435,0.392128,0.058567,0.261262,0.963485,-0.005218,0.965211,-0.261293,-0.998275,0.009927,0.056675,0.013807,0.003981,-0.015635,0.034599,0.072843,0.055758,-1.037606,0.044813,0.029342,-0.01565,0.009587,-0.300488,0.953737,0.12834,-0.945522,-0.29919,0.991683,0.125271,0.0295,0.007624,-0.002543,-0.002687,-0.000272,-0.011054,0.211766,-0.894467,0.069564,0.017308,-0.068849,-0.372838,0.191835,-0.907849,-0.000417,-0.978429,-0.206578,-0.927896,-0.076642,0.364876,0.00021,-0.003144,0.006238,-0.034023,0.002763,0.008484,-0.125426
103,0.119796,-0.037385,0.403509,-0.331625,0.222151,-0.916908,-0.181778,-0.968692,-0.169011,-0.925339,0.110342,0.362766,0.000367,0.001793,0.001326,0.0,0.0,0.0,0.070978,-0.099738,-0.025355,0.391539,0.056295,0.258858,0.964269,-0.003856,0.965852,-0.258938,-0.998409,0.010513,0.054153,0.014067,0.002795,-0.016551,0.035346,0.034156,0.040875,-1.034887,0.045078,0.029385,-0.015942,0.011522,-0.297833,0.954548,0.127177,-0.946422,-0.296833,0.991813,0.124816,0.026973,0.007051,0.001366,-0.008307,0.027542,0.011343,0.030779,-0.892181,0.069583,0.017344,-0.068809,-0.373082,0.191105,-0.907903,-0.000221,-0.978575,-0.205889,-0.927797,-0.076614,0.365131,0.007211,0.000161,0.000108,0.001201,-0.014664,0.029458,-0.112526
104,0.119815,-0.037287,0.403569,-0.332198,0.221106,-0.916953,-0.181434,-0.968938,-0.167968,-0.9252,0.110286,0.363137,0.0003,0.001466,0.001083,0.0,0.0,0.0,0.077405,-0.099295,-0.025305,0.390939,0.049423,0.252149,0.966421,-0.002853,0.967637,-0.252201,-0.998767,0.00937,0.047322,0.000217,0.001066,-0.016325,0.031765,0.110912,0.035658,-1.036274,0.045305,0.029408,-0.016244,0.01759,-0.290179,0.95681,0.126536,-0.948618,-0.29002,0.991805,0.126172,0.020032,0.006942,0.001939,-0.007887,0.021691,0.072243,0.0494,-0.893324,0.069593,0.017394,-0.068778,-0.373453,0.18997,-0.907988,0.000177,-0.978791,-0.204856,-0.927648,-0.076665,0.365499,0.000171,0.000846,0.000625,-0.00951,0.067,-0.187102,-0.107627
105,0.119819,-0.037237,0.403657,-0.334755,0.222127,-0.915775,-0.1818,-0.968763,-0.168582,-0.924204,0.109771,0.365821,0.000372,0.001816,0.00134,-2e-06,0.000372,0.000133,0.103474,-0.098881,-0.025215,0.390369,0.041275,0.248527,0.967741,-0.001648,0.968583,-0.248554,-0.99913,0.008332,0.039166,4.9e-05,0.001913,-0.015699,0.032107,0.094168,0.029265,-1.038629,0.045512,0.029453,-0.016536,0.025293,-0.285527,0.958036,0.125608,-0.94984,-0.2864,0.991757,0.127581,0.01184,2.1e-05,0.001019,-0.007811,0.018383,0.043332,0.007371,-0.89512,0.069595,0.017418,-0.068735,-0.376211,0.190471,-0.906744,-0.000222,-0.978659,-0.205486,-0.926533,-0.077104,0.368225,0.000185,0.000914,0.000675,0.000541,-0.006824,-0.002677,-0.081338
106,0.119804,-0.037234,0.403711,-0.334786,0.222113,-0.915768,-0.181891,-0.968756,-0.168527,-0.924175,0.109866,0.365866,0.000193,0.000944,0.000697,-0.0,5e-06,2e-06,0.114179,-0.098674,-0.025145,0.39009,0.038631,0.247075,0.968222,-0.001007,0.968954,-0.247103,-0.999233,0.00824,0.036457,3.5e-05,0.001999,-0.01564,0.033652,0.031073,0.004629,-1.038118,0.045616,0.029489,-0.016669,0.027671,-0.283781,0.958489,0.125185,-0.950324,-0.284977,0.991747,0.127874,0.009229,0.006837,0.002498,-0.007476,0.023858,-0.027302,0.015362,-0.89463,0.069587,0.017424,-0.068711,-0.376178,0.190448,-0.906763,-0.00028,-0.97867,-0.205434,-0.926547,-0.077026,0.368208,0.000129,0.000632,0.000466,0.000111,-0.001057,-0.000431,-0.066478
107,0.119786,-0.037252,0.403775,-0.335066,0.221663,-0.915774,-0.181895,-0.968844,-0.168014,-0.924072,0.109996,0.366086,9.3e-05,0.000454,0.000335,-0.009672,0.066888,-0.187053,0.13391,-0.098274,-0.024969,0.389469,0.033376,0.243974,0.969203,0.000456,0.969739,-0.244006,-0.999416,0.008259,0.031031,0.013652,0.005067,-0.014899,0.035033,0.075795,0.088421,-1.033884,0.045811,0.029575,-0.01698,0.032278,-0.280174,0.959406,0.123882,-0.951382,-0.281999,0.991771,0.127955,0.003999,0.000114,0.000598,-0.008139,0.026495,0.09946,0.030922,-0.893814,0.069578,0.017414,-0.06868,-0.376314,0.190092,-0.90678,-0.000307,-0.97875,-0.205052,-0.926491,-0.076886,0.368376,6e-05,0.000301,0.000222,2e-05,-1.8e-05,-2.6e-05,-0.039699
108,0.119721,-0.037326,0.403874,-0.3355,0.221001,-0.915775,-0.181975,-0.968965,-0.167227,-0.923898,0.110261,0.366445,0.0,0.0,0.0,-0.0,0.0,0.0,0.170681,-0.097898,-0.024856,0.388983,0.02914,0.238513,0.970697,0.001242,0.9711,-0.238531,-0.999542,0.007836,0.026776,0.013321,0.006699,-0.013667,0.035723,0.011922,0.032587,-1.027001,0.045999,0.029629,-0.017225,0.035892,-0.274093,0.961032,0.123541,-0.953059,-0.276433,0.991689,0.128648,-0.000346,0.000486,-0.002275,-0.001744,-0.009545,-0.015651,-0.013838,-0.893487,0.069546,0.017374,-0.068626,-0.376674,0.189206,-0.906816,-0.00033,-0.978945,-0.204118,-0.926345,-0.076586,0.368805,-9.6e-05,-0.00463,0.005138,-0.035732,0.012369,-0.018472,-0.001979
109,0.119657,-0.03738,0.40395,-0.335829,0.220507,-0.915774,-0.182034,-0.969055,-0.166639,-0.923767,0.110459,0.366717,-0.00018,-0.009219,0.010307,-0.03574,0.012373,-0.018467,0.193124,-0.097765,-0.024807,0.388837,0.026475,0.237183,0.9711,0.001561,0.971428,-0.237187,-0.999613,0.007477,0.024122,-0.000824,0.006149,-0.012497,0.034473,0.033009,0.036435,-1.017529,0.046072,0.029652,-0.017299,0.038365,-0.272474,0.961397,0.123279,-0.953465,-0.275146,0.991629,0.129077,-0.00299,0.007244,-0.000504,-0.001188,-0.009368,-0.000203,0.002171,-0.890548,0.069514,0.01735,-0.068592,-0.376897,0.188674,-0.906835,-0.000349,-0.979063,-0.203556,-0.926254,-0.076403,0.369071,-2e-06,-1.2e-05,-7e-06,5e-06,2e-06,-1.4e-05,0.025618
110,0.119525,-0.03753,0.404122,-0.336337,0.219822,-0.915752,-0.182343,-0.969153,-0.165728,-0.923521,0.11096,0.367185,-0.000151,-0.000737,-0.000544,-0.0,0.0,0.0,0.22969,-0.097534,-0.024637,0.38859,0.023955,0.235383,0.971603,0.002275,0.971866,-0.235385,-0.999672,0.007534,0.021519,0.012344,0.011353,-0.010113,0.037419,-0.015013,0.052724,-1.011398,0.046182,0.029735,-0.017424,0.040454,-0.270504,0.961868,0.12276,-0.954018,-0.273459,0.991611,0.129141,-0.005387,6.9e-05,-0.00031,-0.000242,-0.003202,-0.014478,-0.006134,-0.886302,0.069448,0.017272,-0.068502,-0.377277,0.187893,-0.906839,-0.000648,-0.979255,-0.202627,-0.926099,-0.075859,0.369573,-8.7e-05,-0.000416,-0.000306,3e-06,-3e-06,-8e-06,0.082116
111,0.119446,-0.037727,0.404349,-0.336769,0.219301,-0.915718,-0.182873,-0.969193,-0.164911,-0.923258,0.111643,0.367638,-0.014163,-0.007363,0.011702,-0.036728,0.027073,-0.048023,0.259827,-0.097387,-0.024366,0.388362,0.019793,0.229703,0.973055,0.002803,0.973228,-0.229682,-0.999756,0.006965,0.01739,0.013561,0.003321,0.000943,-0.009707,0.382503,0.187069,-1.012167,0.046255,0.029874,-0.017541,0.042009,-0.265301,0.963249,0.122458,-0.955464,-0.268497,0.991583,0.129237,-0.00765,-0.000876,0.005291,-0.004555,0.075334,0.677365,0.295376,-0.890221,0.069414,0.017178,-0.068398,-0.377578,0.187351,-0.906826,-0.001125,-0.979409,-0.201879,-0.925976,-0.075205,0.370014,-2e-06,1.1e-05,1e-05,-4e-06,-7e-06,-2.3e-05,0.128164
112,0.119421,-0.037911,0.40456,-0.337097,0.218925,-0.915687,-0.183401,-0.969203,-0.164261,-0.923033,0.112287,0.368007,-0.000178,-0.009197,0.010326,-0.035746,0.012344,-0.018475,0.279522,-0.097421,-0.024103,0.388201,0.022035,0.223836,0.974373,0.003056,0.974588,-0.223837,-0.999711,0.007608,0.019561,-0.000319,0.001507,0.001152,-0.000706,-0.002414,0.006227,-1.012624,0.046243,0.030005,-0.017617,0.040695,-0.258899,0.965046,0.122727,-0.957237,-0.261979,0.991605,0.129099,-0.007181,-0.000239,0.00115,0.000879,-0.007502,-0.030976,0.066045,-0.893487,0.069396,0.017084,-0.068288,-0.377849,0.186884,-0.906809,-0.00165,-0.979551,-0.201187,-0.925865,-0.074523,0.370431,-7e-06,3e-06,7e-06,-4e-06,3e-06,-8e-06,0.160332
113,0.119409,-0.038006,0.404669,-0.337267,0.218731,-0.915671,-0.183675,-0.969208,-0.163925,-0.922916,0.112621,0.368197,-0.000177,-0.009194,0.01033,-0.035747,0.012337,-0.018477,0.293118,-0.097447,-0.023954,0.388121,0.022159,0.223335,0.974486,0.003478,0.974699,-0.223345,-0.999707,0.008037,0.019591,-0.00204,0.0119,-0.008095,0.035442,-0.002034,0.0226,-1.012277,0.04623,0.030078,-0.017657,0.040502,-0.258487,0.965164,0.12232,-0.957409,-0.261543,0.991663,0.128652,-0.007159,-0.000297,0.001425,0.001089,0.002227,-0.010863,0.025287,-0.893977,0.06939,0.017033,-0.068229,-0.377989,0.186647,-0.9068,-0.001936,-0.979624,-0.200829,-0.925807,-0.074156,0.370648,-9.4e-05,-0.004594,0.005167,-0.035755,0.012328,-0.018501,0.177804
114,0.119407,-0.038178,0.404876,-0.337545,0.218427,-0.915641,-0.184203,-0.969204,-0.163357,-0.922709,0.113245,0.368525,5e-06,2.4e-05,1.8e-05,-0.0,0.0,0.0,0.317601,-0.097504,-0.023637,0.388003,0.024511,0.217189,0.975817,0.003765,0.976081,-0.217224,-0.999655,0.008705,0.021875,-0.000819,0.003874,0.002957,0.000546,-0.013132,0.032948,-1.012848,0.046202,0.030239,-0.017721,0.037342,-0.252729,0.966816,0.122374,-0.959052,-0.255426,0.991781,0.127851,-0.004886,-0.000321,0.001533,0.001171,-0.001071,-0.006137,0.015042,-0.895447,0.069389,0.016947,-0.068125,-0.378205,0.186296,-0.906781,-0.002452,-0.979738,-0.200262,-0.925717,-0.073517,0.370999,0.006903,-0.005506,0.004482,-0.034772,-0.002407,0.011064,0.212422
115,0.119413,-0.038311,0.405009,-0.337741,0.218205,-0.915622,-0.184565,-0.969203,-0.162953,-0.922565,0.113678,0.368752,-0.000184,-0.009228,0.010306,-0.035752,0.012311,-0.018486,0.324476,-0.097593,-0.023459,0.388042,0.024671,0.216654,0.975932,0.004007,0.976197,-0.216697,-0.99965,0.008965,0.021983,-0.000759,0.003595,0.00274,0.001249,-0.010643,0.026751,-1.012741,0.046157,0.03033,-0.0177,0.037145,-0.252287,0.966939,0.122136,-0.959206,-0.254961,0.991817,0.127568,-0.004816,-0.000275,0.001301,0.000993,0.000476,-6.4e-05,-0.000138,-0.895773,0.069392,0.016884,-0.068063,-0.378348,0.186055,-0.906771,-0.002786,-0.979815,-0.199881,-0.925658,-0.073099,0.371229,-8e-06,-2.5e-05,-2e-05,-3e-06,-1e-06,-9e-06,0.234956
116,0.119443,-0.038329,0.405009,-0.337791,0.218104,-0.915628,-0.184559,-0.969223,-0.162841,-0.922548,0.113703,0.368788,-2e-06,-8e-06,-6e-06,0.0,0.0,0.0,0.324462,-0.097635,-0.02341,0.388096,0.024925,0.216015,0.976067,0.004027,0.976338,-0.21606,-0.999644,0.009025,0.022232,-0.000147,0.000696,0.00053,-0.0,0.0,0.0,-1.011328,0.046135,0.03036,-0.017669,0.036797,-0.251678,0.967111,0.122142,-0.959377,-0.254313,0.99183,0.127483,-0.004562,-7e-05,0.000328,0.000252,0.000317,-8.1e-05,2.5e-05,-0.896426,0.069406,0.016871,-0.068059,-0.378387,0.185933,-0.90678,-0.002795,-0.979842,-0.199748,-0.925642,-0.073048,0.371279,2e-06,5e-06,2e-06,3e-06,-1.1e-05,-3e-06,0.238549
117,0.119454,-0.038323,0.405,-0.337766,0.218136,-0.915629,-0.184546,-0.969218,-0.162885,-0.92256,0.11368,0.368765,-0.0,-0.0,-0.0,0.0,0.0,0.0,0.328498,-0.097653,-0.023377,0.388109,0.02511,0.215535,0.976169,0.004087,0.976443,-0.215583,-0.999639,0.009113,0.022405,-0.000226,0.001073,0.000817,-0.0,0.0,0.0,-1.010719,0.046126,0.030375,-0.017664,0.03655,-0.251231,0.967236,0.122106,-0.959508,-0.253838,0.991843,0.127384,-0.004393,-0.006972,-0.000691,0.000267,-0.001779,0.015141,-0.029248,-0.89659,0.069412,0.016874,-0.068064,-0.378368,0.18597,-0.90678,-0.002783,-0.979834,-0.199791,-0.92565,-0.073071,0.371255,-0.0,7e-06,3e-06,-4e-06,-6e-06,-1.1e-05,0.240671
118,0.119503,-0.038344,0.404984,-0.337787,0.218069,-0.915637,-0.184527,-0.969233,-0.162818,-0.922556,0.113684,0.368774,0.013942,-0.002087,-0.001564,0.000984,-0.014715,0.029553,0.334026,-0.097825,-0.02325,0.388081,0.022685,0.21344,0.976688,0.004372,0.976906,-0.213471,-0.999693,0.008824,0.019994,-0.00057,0.002705,0.002058,-0.003169,0.116627,0.077631,-1.011889,0.046041,0.030434,-0.017681,0.038632,-0.248878,0.967763,0.1218,-0.960092,-0.251768,0.991802,0.1276,-0.006778,-0.007773,0.004246,-0.004554,0.030041,0.176712,0.058937,-0.896753,0.069431,0.016865,-0.068071,-0.378387,0.185878,-0.906792,-0.002754,-0.979851,-0.199704,-0.925643,-0.073068,0.371275,-3e-05,-0.000145,-0.00011,-3e-06,-3e-06,-9e-06,0.249163
119,0.119562,-0.038394,0.404986,-0.336468,0.220093,-0.915639,-0.190346,-0.968107,-0.162816,-0.921857,0.119225,0.368771,-0.000186,-0.000905,-0.000668,-0.0,-0.0,0.0,0.342669,-0.097979,-0.02298,0.387964,0.022947,0.212386,0.976912,0.005112,0.977128,-0.212435,-0.999683,0.009582,0.020103,-0.002179,0.012586,-0.00758,0.035456,-0.002077,0.022578,-1.012672,0.045965,0.030565,-0.017736,0.038322,-0.247867,0.968035,0.121316,-0.960427,-0.250722,0.991873,0.127046,-0.006735,-0.00105,0.006111,-0.003927,0.043933,-0.077929,0.206218,-0.897569,0.069466,0.016841,-0.068069,-0.377453,0.188141,-0.906714,-0.008705,-0.97982,-0.199687,-0.925987,-0.067479,0.371474,-0.000142,-0.000697,-0.000516,0.000151,1.2e-05,-8.3e-05,0.258143
120,0.11958,-0.038418,0.404981,-0.336472,0.220083,-0.91564,-0.190368,-0.968106,-0.162797,-0.921851,0.119251,0.368777,-0.000276,-0.001344,-0.000993,-0.0,-0.0,0.0,0.350357,-0.098022,-0.022798,0.387898,0.023148,0.211673,0.977062,0.005575,0.977277,-0.211735,-0.999677,0.010063,0.020207,-0.002428,0.013771,-0.00668,0.036718,-0.012788,0.049301,-1.012223,0.045943,0.030655,-0.01777,0.038013,-0.247204,0.968216,0.120899,-0.960661,-0.250022,0.991936,0.126561,-0.006631,-0.001135,0.006519,-0.003616,0.035676,-0.002482,0.022495,-0.897243,0.069475,0.01683,-0.068071,-0.377448,0.18815,-0.906714,-0.00873,-0.97982,-0.199686,-0.925989,-0.067455,0.371474,-1.8e-05,-9.3e-05,-7.1e-05,0.000128,2.1e-05,-5.4e-05,0.265165
121,0.119625,-0.038452,0.404942,-0.336441,0.220102,-0.915646,-0.190353,-0.968104,-0.162827,-0.921866,0.119233,0.368747,0.013841,-0.002594,-0.001939,0.000984,-0.014715,0.029553,0.363165,-0.098132,-0.022424,0.387762,0.023481,0.210391,0.977331,0.006516,0.977544,-0.210476,-0.999664,0.011027,0.020348,-0.002196,0.012675,-0.007514,0.035464,-0.002131,0.022556,-1.010822,0.045889,0.030841,-0.017832,0.037506,-0.245991,0.968545,0.120061,-0.961097,-0.248748,0.992057,0.125615,-0.006513,-0.000454,0.00216,0.00164,0.001468,-0.010758,0.026752,-0.898059,0.069492,0.016811,-0.068092,-0.377439,0.18813,-0.906722,-0.008697,-0.979822,-0.199677,-0.925993,-0.06748,0.37146,-0.00011,-0.000545,-0.000405,8.4e-05,2.3e-05,-3.5e-05,0.284596
122,0.119737,-0.038539,0.404878,-0.336373,0.220155,-0.915659,-0.190375,-0.96809,-0.162884,-0.921886,0.119248,0.368692,-0.000315,-0.001539,-0.001138,0.0,0.0,0.0,0.363523,-0.098257,-0.022134,0.387631,0.023889,0.208967,0.977626,0.007338,0.977838,-0.209074,-0.999649,0.011886,0.020591,-0.014044,-0.000745,0.001005,-0.002045,0.015205,-0.029245,-1.012247,0.04583,0.030994,-0.017899,0.036969,-0.244739,0.968883,0.119302,-0.961531,-0.247434,0.992169,0.124737,-0.00635,-0.000243,0.001171,0.00089,0.001418,-0.010739,0.026712,-0.897896,0.069548,0.016769,-0.068123,-0.377383,0.188194,-0.906732,-0.008719,-0.979811,-0.199733,-0.926015,-0.06747,0.371405,-0.00023,-0.001134,-0.000842,6e-05,1.7e-05,-1.5e-05,0.293088
123,0.119803,-0.03859,0.404853,-0.336336,0.220189,-0.915664,-0.190413,-0.968078,-0.16291,-0.921891,0.119281,0.368666,-0.000311,-0.001521,-0.001125,0.0,0.0,0.0,0.362608,-0.098285,-0.022036,0.387565,0.024081,0.208339,0.977756,0.007667,0.977968,-0.208456,-0.999642,0.012235,0.020718,-0.000153,0.000729,0.000553,-0.0,0.0,0.0,-1.013394,0.045811,0.031043,-0.017931,0.03664,-0.244042,0.969072,0.119011,-0.961756,-0.2467,0.992216,0.124369,-0.006195,-8.9e-05,0.000435,0.000331,0.000127,-1.4e-05,1e-06,-0.898223,0.069587,0.016742,-0.068136,-0.377343,0.188257,-0.906736,-0.008766,-0.979801,-0.199779,-0.926031,-0.067437,0.371371,-0.000226,-0.001109,-0.000822,4.6e-05,1.2e-05,-1.8e-05,0.293414
124,0.119907,-0.038654,0.404792,-0.336251,0.220272,-0.915675,-0.190421,-0.96806,-0.163006,-0.921921,0.119272,0.368595,-0.000169,-0.000826,-0.000611,0.0,0.0,0.0,0.36528,-0.098322,-0.021881,0.387466,0.025608,0.204346,0.978559,0.007971,0.978803,-0.204488,-0.999604,0.01276,0.0222,-0.001792,0.010758,-0.008966,0.035472,-0.002169,0.02254,-1.013827,0.045793,0.031117,-0.017983,0.034607,-0.240324,0.970075,0.118949,-0.962766,-0.242757,0.992296,0.123791,-0.004732,-0.000159,0.000767,0.000581,0.001409,-0.010577,0.026304,-0.898713,0.069638,0.016708,-0.068168,-0.377274,0.188354,-0.906744,-0.008776,-0.979781,-0.199875,-0.926059,-0.067451,0.3713,-9.2e-05,-0.000458,-0.00034,3.1e-05,1.2e-05,-2.1e-05,0.294394
125,0.120033,-0.038728,0.404737,-0.336147,0.220383,-0.915686,-0.190462,-0.968033,-0.163122,-0.921951,0.11929,0.368516,0.013688,-0.003393,-0.002535,0.000984,-0.014715,0.029553,0.36746,-0.09839,-0.021725,0.387345,0.025732,0.203766,0.978677,0.008502,0.978916,-0.203922,-0.999596,0.013292,0.022221,-0.001723,0.010431,-0.009213,0.035475,-0.002183,0.022534,-1.013708,0.045758,0.031196,-0.018043,0.03441,-0.239775,0.970218,0.118453,-0.962971,-0.242186,0.992362,0.123259,-0.004734,-0.000108,0.000526,0.0004,6.8e-05,-1e-05,3.6e-05,-0.899366,0.069696,0.016675,-0.068193,-0.377205,0.18846,-0.906751,-0.008813,-0.979762,-0.199969,-0.926087,-0.067438,0.371232,-0.000215,-0.001055,-0.000783,-0.001393,0.009581,-0.027151,0.297986
126,0.120185,-0.038827,0.404664,-0.334721,0.222484,-0.915701,-0.196234,-0.96686,-0.163241,-0.921261,0.124768,0.368427,-0.000427,-0.002099,-0.001555,-0.0,-0.0,0.0,0.368091,-0.098442,-0.021477,0.387124,0.026119,0.202381,0.978954,0.009431,0.97919,-0.202564,-0.999578,0.014249,0.02243,-1.5e-05,7.2e-05,5.4e-05,-0.0,0.0,0.0,-1.013999,0.045732,0.031325,-0.018157,0.033843,-0.238451,0.970564,0.117588,-0.963425,-0.240798,0.992485,0.122276,-0.004567,6e-06,-3e-06,-0.0,5.7e-05,9e-06,1.6e-05,-0.899529,0.069778,0.016624,-0.068231,-0.376179,0.190819,-0.906684,-0.014726,-0.97967,-0.20007,-0.926429,-0.06191,0.371341,0.006741,-0.002217,-0.001657,0.001145,-0.014691,0.029473,0.299783
127,0.120258,-0.038893,0.404614,-0.33469,0.222494,-0.91571,-0.196242,-0.966856,-0.163254,-0.921271,0.124777,0.368399,-0.000506,-0.002488,-0.001844,-0.0,0.0,0.0,0.3688,-0.098465,-0.021325,0.386956,0.026307,0.201627,0.979104,0.010055,0.979336,-0.201827,-0.999568,0.014881,0.022499,-0.001452,0.009139,-0.010187,0.035481,-0.002214,0.022521,-1.013809,0.04572,0.031398,-0.018236,0.033562,-0.237753,0.970745,0.117039,-0.963674,-0.240068,0.992559,0.121672,-0.004517,-0.000702,0.004473,-0.005165,0.035535,-0.002195,0.02252,-0.899366,0.069814,0.016592,-0.068255,-0.37615,0.190834,-0.906692,-0.014731,-0.979667,-0.200082,-0.92644,-0.061905,0.371314,0.006655,-0.002645,-0.001975,-0.000297,-0.005112,0.002353,0.300436
128,0.120393,-0.039032,0.404523,-0.334653,0.222482,-0.915726,-0.196269,-0.966853,-0.163235,-0.921278,0.124818,0.368367,-0.000554,-0.002731,-0.002027,0.0,0.0,0.0,0.369183,-0.098517,-0.020935,0.386532,0.026604,0.20017,0.979395,0.011611,0.979609,-0.200412,-0.999543,0.016431,0.0225,-0.001507,0.009397,-0.009989,0.035487,-0.002244,0.022508,-1.013916,0.045695,0.031595,-0.018453,0.033076,-0.236347,0.971105,0.115555,-0.964216,-0.238607,0.99275,0.120108,-0.004582,-0.000747,0.004696,-0.004995,0.035524,-0.002263,0.022549,-0.899855,0.069882,0.016521,-0.068301,-0.376113,0.190828,-0.906709,-0.014754,-0.979671,-0.200064,-0.926455,-0.061869,0.371283,-0.000316,-0.001572,-0.001169,-0.001322,0.009602,-0.027174,0.302068
129,0.120574,-0.039156,0.404444,-0.334453,0.222736,-0.915738,-0.196382,-0.966788,-0.163487,-0.921327,0.124872,0.368226,0.013649,-0.003664,-0.002745,0.000984,-0.014715,0.029553,0.362884,-0.098613,-0.020462,0.38602,0.023971,0.197937,0.979917,0.01335,0.980042,-0.198172,-0.999585,0.017564,0.019613,-0.003101,0.019211,-0.019653,0.070975,-0.004257,0.045111,-1.017082,0.045648,0.031823,-0.018702,0.035467,-0.233792,0.971639,0.114024,-0.964955,-0.236346,0.992844,0.119173,-0.007566,-0.00077,0.004816,-0.004903,0.03411,-0.008651,0.019762,-0.901162,0.069967,0.016459,-0.068341,-0.375975,0.191091,-0.906711,-0.014867,-0.979623,-0.200293,-0.92651,-0.061825,0.371155,0.006768,-0.00212,-0.001592,-0.000368,-0.005118,0.002385,0.299456
130,0.120665,-0.039196,0.404427,-0.334365,0.222848,-0.915742,-0.196445,-0.966757,-0.163592,-0.921346,0.124909,0.368167,0.013895,-0.002455,-0.001848,0.000984,-0.014715,0.029553,0.36127,-0.098651,-0.020225,0.38579,0.021277,0.196334,0.980302,0.014108,0.980362,-0.196535,-0.999632,0.017745,0.01685,-0.001611,0.009893,-0.009607,0.031037,0.089246,0.060145,-1.01935,0.045627,0.031949,-0.018825,0.038034,-0.231743,0.972032,0.113201,-0.965475,-0.23461,0.992843,0.118958,-0.010488,-0.000802,0.004969,-0.004785,0.02657,0.074477,0.053634,-0.901815,0.070017,0.016435,-0.068352,-0.375899,0.191239,-0.906712,-0.014942,-0.979596,-0.200417,-0.926539,-0.061789,0.371087,0.006963,-0.001149,-0.000869,0.001034,-0.014705,0.02953,0.29717
131,0.120862,-0.039242,0.404405,-0.334195,0.223049,-0.915756,-0.196541,-0.966704,-0.163791,-0.921388,0.124961,0.368046,-1e-06,-4e-06,-3e-06,0.0,0.0,0.0,0.356372,-0.098723,-0.01971,0.385268,0.022488,0.192444,0.981046,0.015809,0.981097,-0.1927,-0.999582,0.019581,0.017781,-0.001509,0.009409,-0.009969,0.035505,-0.00232,0.022476,-1.030964,0.045592,0.032204,-0.019081,0.036162,-0.22817,0.972949,0.111909,-0.966537,-0.230826,0.993059,0.117229,-0.009418,-0.000737,0.004666,-0.005012,0.03578,-0.002713,0.018119,-0.902305,0.070115,0.016413,-0.068362,-0.37577,0.191469,-0.906717,-0.015046,-0.979554,-0.200614,-0.92659,-0.061743,0.370967,0.007025,-0.000849,-0.000649,0.001021,-0.014705,0.029537,0.292435
132,0.121051,-0.039274,0.404394,-0.333945,0.223398,-0.915762,-0.196682,-0.966617,-0.164139,-0.921449,0.125016,0.367875,0.014028,-0.001797,-0.001362,0.000984,-0.014715,0.029553,0.357562,-0.098756,-0.019297,0.384795,0.019768,0.190546,0.981475,0.017329,0.981448,-0.190773,-0.999611,0.02052,0.01486,-0.001407,0.008917,-0.010338,0.026235,0.076474,-0.159917,-1.041351,0.045575,0.03241,-0.019318,0.038699,-0.225754,0.973415,0.110485,-0.967205,-0.228707,0.993123,0.116399,-0.012488,-0.001457,0.009192,-0.010127,0.067097,-0.018931,0.038573,-0.902958,0.070205,0.0164,-0.068366,-0.375599,0.191835,-0.90671,-0.015195,-0.979485,-0.200938,-0.926657,-0.061695,0.370808,4e-06,1.6e-05,1e-05,3.3e-05,7e-06,-1e-05,0.290148
133,0.12123,-0.039303,0.404384,-0.333709,0.223726,-0.915768,-0.196816,-0.966534,-0.164466,-0.921506,0.125069,0.367714,0.014021,-0.001835,-0.001391,0.000984,-0.014715,0.029553,0.356957,-0.098827,-0.018915,0.384406,0.017196,0.188357,0.981946,0.018654,0.981853,-0.188549,-0.999631,0.021303,0.01213,-0.001575,0.009718,-0.009727,0.011286,0.461551,0.216009,-1.054718,0.04554,0.0326,-0.019513,0.038681,-0.224671,0.973666,0.109168,-0.967613,-0.227611,0.99327,0.115097,-0.012902,-0.000788,0.00488,-0.004847,0.016356,0.466848,0.433548,-0.904591,0.070295,0.016385,-0.068371,-0.375428,0.192201,-0.906703,-0.015343,-0.979417,-0.201262,-0.926724,-0.061648,0.37065,-5e-06,-2.1e-05,-1.8e-05,2.6e-05,1e-06,-1e-05,0.290148
134,0.121302,-0.039333,0.404387,-0.33364,0.223823,-0.915769,-0.196898,-0.966504,-0.164546,-0.921513,0.125129,0.367674,-1.8e-05,-8.9e-05,-6.6e-05,0.0,0.0,0.0,0.35656,-0.098835,-0.018738,0.384244,0.01726,0.187912,0.98203,0.019278,0.981924,-0.188114,-0.999618,0.021922,0.012084,-0.001577,0.009728,-0.009718,0.035163,0.004367,0.025271,-1.061389,0.045536,0.03269,-0.019594,0.040968,-0.222919,0.973975,0.108695,-0.968014,-0.226127,0.99323,0.115131,-0.015428,-0.000783,0.00487,-0.004854,0.029964,-0.018023,0.015395,-0.905571,0.070336,0.016369,-0.06837,-0.375368,0.192331,-0.906701,-0.015436,-0.979395,-0.201361,-0.926747,-0.061588,0.370602,-1e-05,-4.6e-05,-3.6e-05,2.5e-05,-4e-06,-3e-06,0.289822
135,0.121416,-0.039369,0.404386,-0.333586,0.22387,-0.915777,-0.196966,-0.966484,-0.164576,-0.921518,0.125191,0.367641,-1e-06,-7e-06,-5e-06,0.0,0.0,0.0,0.354712,-0.098834,-0.018542,0.384017,0.014726,0.185955,0.982444,0.01996,0.982293,-0.186109,-0.999642,0.022097,0.009512,9.9e-05,-0.000473,-0.000358,-0.029321,0.545466,0.228488,-1.07928,0.045536,0.032792,-0.019711,0.040426,-0.22217,0.974169,0.107955,-0.968288,-0.225308,0.993333,0.114275,-0.01516,0.006088,0.005828,-0.004909,0.037857,-0.018229,0.051414,-0.906224,0.070393,0.016351,-0.068371,-0.375324,0.192388,-0.906706,-0.015506,-0.979388,-0.201391,-0.926763,-0.061527,0.370571,-0.0,9e-06,4e-06,1.2e-05,-8e-06,-2.5e-05,0.288679
136,0.12153,-0.039391,0.40437,-0.333437,0.224072,-0.915783,-0.197034,-0.966435,-0.164783,-0.921558,0.125209,0.367535,0.014031,-0.001785,-0.001357,0.000984,-0.014715,0.029553,0.342087,-0.098828,-0.018443,0.383872,0.012101,0.184373,0.982778,0.020301,0.982595,-0.184472,-0.999667,0.021932,0.006906,-0.001493,0.009324,-0.010021,0.020047,0.282354,0.14188,-1.081968,0.04554,0.032837,-0.01978,0.044462,-0.219365,0.974628,0.107759,-0.968848,-0.22298,0.993181,0.114939,-0.019439,4.6e-05,-0.000205,-0.000156,0.007078,0.459624,0.195258,-0.905571,0.070445,0.016341,-0.068378,-0.375225,0.192591,-0.906704,-0.015575,-0.979348,-0.201576,-0.926802,-0.061514,0.370476,1e-06,1e-05,4e-06,9e-06,-1.4e-05,-2.1e-05,0.281004
137,0.121605,-0.039386,0.40436,-0.333313,0.224243,-0.915786,-0.197067,-0.966397,-0.164969,-0.921596,0.125198,0.367444,0.014233,-0.000772,-0.000605,0.000984,-0.014715,0.029553,0.32984,-0.09881,-0.018416,0.383838,0.01223,0.18401,0.982844,0.020428,0.982659,-0.184113,-0.999663,0.022078,0.007018,1.9e-05,-9.3e-05,-7e-05,-0.000228,0.004163,0.001747,-1.086878,0.045548,0.032853,-0.019801,0.045414,-0.218393,0.974803,0.107782,-0.969042,-0.222124,0.993136,0.115154,-0.020469,9e-06,-2.8e-05,-2.1e-05,0.004767,-0.092146,0.176386,-0.905897,0.070482,0.016341,-0.068385,-0.375136,0.192782,-0.906701,-0.015616,-0.97931,-0.20176,-0.926838,-0.061529,0.370385,0.000137,0.000688,0.000507,1e-05,-1.7e-05,-1.6e-05,0.271207
138,0.121859,-0.039306,0.404316,-0.331763,0.226403,-0.915817,-0.202664,-0.96519,-0.16525,-0.920943,0.130491,0.367239,0.000251,0.001265,0.00094,-0.0,-0.0,0.0,0.268198,-0.098694,-0.018424,0.38387,0.012508,0.183428,0.982949,0.020366,0.982768,-0.183536,-0.999662,0.022064,0.007315,0.015177,-0.007106,0.010137,-0.033478,-0.012779,0.006812,-1.101195,0.045601,0.032852,-0.019788,0.04489,-0.217965,0.974923,0.107876,-0.969142,-0.22164,0.99315,0.11512,-0.019992,-1e-06,1e-05,6e-06,0.000373,-0.000557,-0.000191,-0.903774,0.070609,0.016379,-0.068402,-0.374019,0.195187,-0.906648,-0.021378,-0.979156,-0.201978,-0.927174,-0.056162,0.370396,0.007204,6e-05,2.4e-05,0.001146,-0.014693,0.029479,0.219444
139,0.122186,-0.039235,0.404251,-0.331444,0.226727,-0.915852,-0.202564,-0.965137,-0.165679,-0.92108,0.130317,0.366956,0.000177,0.000893,0.000663,0.0,0.0,0.0,0.154171,-0.098477,-0.018398,0.383878,0.013001,0.182323,0.983149,0.020419,0.982971,-0.182443,-0.999655,0.022198,0.007815,6.8e-05,-0.00032,-0.000243,-0.0,0.0,0.0,-1.102921,0.045715,0.032864,-0.01978,0.044241,-0.216946,0.97518,0.107897,-0.969388,-0.220553,0.993176,0.114977,-0.019479,4.6e-05,-0.000205,-0.000157,0.000329,-8.9e-05,8e-06,-0.903938,0.070778,0.016419,-0.068438,-0.373747,0.1956,-0.906671,-0.021274,-0.979061,-0.202447,-0.927286,-0.056375,0.370083,0.007119,-0.000352,-0.000284,0.001096,-0.014694,0.029512,0.102527
140,0.122365,-0.039236,0.404211,-0.333533,0.228418,-0.914673,-0.202958,-0.964828,-0.166994,-0.920237,0.129651,0.3693,0.014032,-0.001744,-0.001333,0.00093,-0.003419,0.033545,0.08252,-0.098405,-0.018376,0.383835,0.013115,0.182027,0.983202,0.020544,0.983023,-0.182151,-0.999651,0.022339,0.00791,0.013936,0.001024,-0.000791,0.002045,-0.015205,0.029245,-1.102088,0.045745,0.032876,-0.019799,0.044102,-0.216691,0.975243,0.107785,-0.969462,-0.22028,0.993195,0.114831,-0.0194,0.000198,-0.000927,-0.000705,-0.001064,0.010998,-0.02655,-0.903775,0.070863,0.01642,-0.068456,-0.376371,0.196893,-0.905304,-0.021771,-0.978766,-0.203819,-0.926212,-0.057002,0.372666,-7e-06,-4e-05,-3.5e-05,0.001963,-0.015711,-0.006459,0.015004
141,0.122692,-0.039236,0.404133,-0.33538,0.230424,-0.913494,-0.20339,-0.964447,-0.168663,-0.919468,0.128936,0.371459,0.000198,0.001007,0.000748,-0.000171,0.029951,0.010589,-0.047769,-0.098315,-0.018335,0.383741,0.010594,0.180326,0.983546,0.020677,0.983344,-0.180395,-0.999675,0.022001,0.005446,0.013733,0.001991,-5.9e-05,0.00201,-0.014614,0.029494,-1.10307,0.04579,0.032893,-0.019849,0.04646,-0.214626,0.97559,0.107752,-0.969869,-0.218499,0.993091,0.115273,-0.021934,7.4e-05,-0.000344,-0.000261,-0.001706,-0.008379,-0.003641,-0.903611,0.071031,0.016417,-0.068498,-0.378588,0.198514,-0.904026,-0.022293,-0.9784,-0.20551,-0.925296,-0.05765,0.374836,0.000112,0.000569,0.000417,0.002157,-0.003352,-0.002228,-0.16086
