frame,MLTx,MLTy,MLTz,MLTR1,MLTR2,MLTR3,MLTR4,MLTR5,MLTR6,MLTR7,MLTR8,MLTR9,MLTTVx,MLTTVy,MLTTVz,MLTRVx,MLTRVy,MLTRVz,MLGA,MRTx,MRTy,MRTz,MRTR1,MRTR2,MRTR3,MRTR4,MRTR5,MRTR6,MRTR7,MRTR8,MRTR9,MRTTVx,MRTTVy,MRTTVz,MRTRVx,MRTRVy,MRTRVz,MRGA,SLTx,SLTy,SLTz,SLTR1,SLTR2,SLTR3,SLTR4,SLTR5,SLTR6,SLTR7,SLTR8,SLTR9,SLTTVx,SLTTVy,SLTTVz,SLTRVx,SLTRVy,SLTRVz,SLGA,SRTx,SRTy,SRTz,SRTR1,SRTR2,SRTR3,SRTR4,SRTR5,SRTR6,SRTR7,SRTR8,SRTR9,SRTTVx,SRTTVy,SRTTVz,SRTRVx,SRTRVy,SRTRVz,SRGA
1200,0.14197,0.021638,0.455695,0.499847,0.751622,-0.430421,-0.837295,0.54642,-0.018288,0.220817,0.368601,0.902995,-2.5e-05,-0.000181,-6.3e-05,4.7e-05,2e-06,-9.8e-05,0.099879,-0.145436,0.028186,0.398509,0.262165,0.53829,0.80094,-0.837546,0.539161,-0.088065,-0.479542,-0.648407,0.59116,-0.000132,0.001497,0.000752,0.0,-0.0,-0.0,0.104235,0.022972,0.056041,-0.012486,-0.16616,-0.561132,0.810876,0.897308,-0.42705,-0.11165,0.408935,0.709054,0.574467,-7e-06,6.2e-05,3e-05,1.4e-05,-2e-06,-5e-06,-0.058746,0.080497,0.046811,-0.043182,0.570916,0.724567,-0.386077,-0.787263,0.616577,-0.007018,0.232961,0.30795,0.922439,-1.3e-05,-7.9e-05,-3.2e-05,-0.001445,-0.000275,0.000552,-0.113506
1201,0.141962,0.021632,0.455704,0.499821,0.751649,-0.430404,-0.837307,0.546402,-0.018247,0.220831,0.368571,0.903004,-0.0,-2e-06,-1e-06,-0.0,-0.0,-0.0,0.126827,-0.145398,0.028174,0.398533,0.262522,0.538218,0.800871,-0.837486,0.539303,-0.087766,-0.479452,-0.648349,0.591298,-3.4e-05,0.000385,0.000193,0.011578,-0.083325,0.180204,0.110488,0.022986,0.056038,-0.012472,-0.166376,-0.561121,0.81084,0.897302,-0.427112,-0.111456,0.40886,0.709025,0.574556,-2.3e-05,0.000248,0.000124,7e-06,0.0,2e-06,-0.051071,0.080493,0.046808,-0.043178,0.570907,0.724583,-0.386062,-0.787262,0.616579,-0.006969,0.232988,0.30791,0.922446,2e-06,2.4e-05,8e-06,-0.000597,-4.2e-05,0.001034,-0.075786
1202,0.141941,0.02167,0.455728,0.491016,0.757414,-0.430432,-0.843635,0.536579,-0.018304,0.21648,0.371178,0.90299,8.7e-05,0.009419,-0.010487,0.041727,-0.010232,0.007096,0.187244,-0.145327,0.02812,0.398588,0.262998,0.538131,0.800774,-0.837458,0.539421,-0.087309,-0.479241,-0.648322,0.591497,-0.0,0.0,0.0,0.0,-0.0,-0.0,0.134724,0.023025,0.056011,-0.012445,-0.167032,-0.561082,0.810731,0.897273,-0.427325,-0.110876,0.408657,0.708928,0.574821,2e-06,-1.8e-05,-9e-06,2e-06,2e-06,1.8e-05,-0.027721,0.080483,0.046824,-0.043161,0.56263,0.731082,-0.38596,-0.794391,0.607358,-0.007566,0.228885,0.31086,0.922484,5.8e-05,0.000431,0.000147,0.018098,0.000524,-0.040174,0.004063
1203,0.14185,0.021724,0.455721,0.473065,0.768752,-0.430436,-0.856055,0.516527,-0.01845,0.207554,0.376254,0.902985,2e-06,1.8e-05,6e-06,0.064228,0.002753,-0.13474,0.229642,-0.145173,0.028043,0.398669,0.263913,0.53796,0.800587,-0.837359,0.539707,-0.086482,-0.47891,-0.648226,0.591871,-4e-06,4.9e-05,2.5e-05,0.0,0.0,0.0,0.162295,0.023103,0.055972,-0.012405,-0.167967,-0.561033,0.810573,0.897237,-0.427615,-0.110045,0.408352,0.708793,0.575205,0.006601,-0.004432,0.004581,-0.034186,-0.008888,0.008807,0.009183,0.080437,0.046856,-0.043168,0.545799,0.743842,-0.385747,-0.808401,0.588564,-0.00888,0.220432,0.316685,0.922561,-5e-06,-2.4e-05,-9e-06,0.21637,0.009274,-0.452328,0.07885
1204,0.141839,0.021735,0.455684,0.471896,0.768029,-0.433002,-0.856269,0.516199,-0.017708,0.209322,0.378172,0.901774,-0.000121,-0.000875,-0.000305,-0.039279,-0.17829,-0.051939,0.233932,-0.145083,0.027983,0.398731,0.264277,0.537902,0.800506,-0.837374,0.539745,-0.086092,-0.478683,-0.648242,0.592037,-0.0,1e-06,0.0,0.0,0.0,0.0,0.167278,0.023147,0.055942,-0.012374,-0.168338,-0.561023,0.810503,0.897269,-0.427648,-0.109655,0.408129,0.70878,0.575378,0.006011,0.000592,-0.000114,0.002062,-0.015198,0.029237,0.022899,0.080432,0.046863,-0.043187,0.54473,0.743408,-0.388086,-0.808649,0.588232,-0.008245,0.222155,0.318318,0.921585,-8.2e-05,-0.000594,-0.000208,-0.060624,-0.259582,-0.068139,0.099752
1205,0.141889,0.021759,0.455524,0.471924,0.76796,-0.433094,-0.85633,0.516084,-0.01811,0.209012,0.378468,0.901722,-0.000349,0.006253,-0.011588,0.035936,-0.010534,0.019205,0.237881,-0.144845,0.02773,0.398958,0.264984,0.537825,0.800324,-0.837616,0.539529,-0.085093,-0.477869,-0.648486,0.592427,0.01328,-0.009607,0.008797,-0.034197,-0.008954,0.008785,0.185556,0.023267,0.055817,-0.01226,-0.169056,-0.561038,0.810342,0.89751,-0.427395,-0.108665,0.407302,0.70892,0.575792,0.006641,-0.004844,0.004375,-0.034195,-0.008951,0.008802,0.044944,0.080457,0.046873,-0.043262,0.544549,0.743337,-0.388478,-0.808784,0.588043,-0.008517,0.222111,0.318833,0.921418,-0.000219,-0.001601,-0.000559,0.000388,0.002674,0.001263,0.113141
1206,0.141807,0.021614,0.455363,0.447404,0.781149,-0.435524,-0.871702,0.489702,-0.01728,0.199217,0.386411,0.90057,-0.00086,-0.006226,-0.002176,0.722012,0.028279,-1.493244,0.259204,-0.14449,0.027343,0.399273,0.265501,0.53783,0.800149,-0.838104,0.538941,-0.084017,-0.476726,-0.648972,0.592816,0.013368,-0.010439,0.008386,-0.034191,-0.009007,0.008759,0.213156,0.023439,0.055627,-0.012106,-0.169565,-0.561109,0.810187,0.897939,-0.426756,-0.107627,0.406142,0.709249,0.576205,0.000682,-0.006041,0.004184,-0.036215,0.006204,-0.020506,0.073683,0.080417,0.046806,-0.043341,0.525627,0.755637,-0.390803,-0.823038,0.567916,-0.008886,0.215229,0.326317,0.92043,-0.006217,-0.002836,-0.00071,-0.001932,0.030652,-0.05558,0.1329
1207,0.141721,0.021518,0.455302,0.437764,0.786667,-0.435388,-0.877646,0.478974,-0.017139,0.194506,0.388646,0.900638,-0.000885,-0.006398,-0.002239,-0.000966,0.008395,-0.028623,0.268252,-0.144262,0.027104,0.399453,0.265912,0.537812,0.800025,-0.838362,0.53865,-0.083305,-0.476043,-0.649229,0.593084,0.013423,-0.010957,0.008128,-0.034187,-0.00904,0.008743,0.234489,0.023553,0.055508,-0.012015,-0.169979,-0.561145,0.810075,0.898179,-0.426428,-0.106924,0.405439,0.709418,0.576493,0.006721,-0.005644,0.003975,-0.035835,0.002949,-0.017432,0.096707,0.080373,0.046757,-0.043377,0.512124,0.765022,-0.390472,-0.83323,0.55284,-0.009686,0.208459,0.330314,0.920563,-0.00614,-0.00226,-0.00051,-0.001352,0.015471,-0.032082,0.147269
1208,0.141651,0.021364,0.455188,0.431651,0.788681,-0.437841,-0.880829,0.473126,-0.01626,0.193787,0.391706,0.899467,-0.000674,-0.004861,-0.001705,-0.006263,-0.013161,-0.033829,0.272274,-0.143747,0.026682,0.399881,0.267333,0.537654,0.799657,-0.83876,0.538322,-0.081395,-0.474544,-0.649631,0.593844,0.013152,-0.007868,0.00969,-0.034179,-0.009113,0.008706,0.259566,0.023811,0.055291,-0.011804,-0.17142,-0.561175,0.809751,0.898587,-0.426038,-0.105028,0.403923,0.709629,0.577296,0.006551,-0.003728,0.004941,-0.034151,-0.009106,0.008668,0.140959,0.080337,0.046674,-0.043436,0.506169,0.767579,-0.393209,-0.836907,0.547269,-0.009014,0.208273,0.333643,0.919404,-0.000324,-0.002341,-0.00082,0.002093,0.019026,-0.028375,0.164415
1209,0.141674,0.021278,0.455156,0.43233,0.78789,-0.438594,-0.880903,0.472889,-0.018946,0.191935,0.393574,0.899048,-5.4e-05,-0.000389,-0.000136,-1e-06,-4e-06,-1e-06,0.276018,-0.143329,0.026329,0.400297,0.264791,0.539234,0.799439,-0.842477,0.53268,-0.080111,-0.46935,-0.652968,0.594312,0.013237,-0.008677,0.009291,-0.034198,-0.009173,0.008656,0.269904,0.02402,0.055119,-0.011594,-0.168697,-0.562418,0.80946,0.901586,-0.419941,-0.103882,0.398351,0.712274,0.577911,0.00661,-0.004332,0.004643,-0.034545,-0.009063,0.008832,0.163656,0.080348,0.046626,-0.043453,0.506917,0.766829,-0.393708,-0.836923,0.547192,-0.011806,0.206381,0.335488,0.919159,-1.3e-05,-9.7e-05,-3.4e-05,-0.000641,0.001153,0.000949,0.168823
1210,0.141739,0.021318,0.455146,0.432542,0.787718,-0.438695,-0.8808,0.473074,-0.01912,0.19193,0.393698,0.898995,0.0002,0.001449,0.000509,-0.0,-0.0,-0.0,0.270924,-0.142952,0.026154,0.400478,0.262524,0.540684,0.799208,-0.845702,0.527704,-0.079065,-0.464797,-0.655808,0.594763,-0.000146,0.001533,0.000771,0.001651,-0.011878,0.026203,0.276391,0.024214,0.055024,-0.011503,-0.166256,-0.563567,0.809166,0.904185,-0.414547,-0.102945,0.393454,0.714522,0.57849,0.006023,0.00061,-0.000112,0.002177,-0.015219,0.029435,0.173943,0.080381,0.046647,-0.043458,0.507144,0.76663,-0.393803,-0.836782,0.547404,-0.011968,0.206395,0.335597,0.919116,0.000141,0.001007,0.000354,-0.000285,1.8e-05,0.000701,0.170293
1211,0.141817,0.021389,0.455147,0.43284,0.787481,-0.438827,-0.880652,0.473339,-0.019344,0.191936,0.393852,0.898926,0.012021,0.002623,0.000356,0.002472,-0.023102,0.057084,0.269,-0.142755,0.026114,0.400542,0.263195,0.540578,0.799059,-0.845631,0.527908,-0.07846,-0.464547,-0.655731,0.595043,0.00115,-0.009435,0.009736,-0.036208,0.005964,-0.020604,0.281241,0.024307,0.05501,-0.011473,-0.166955,-0.563544,0.809038,0.904145,-0.414784,-0.102342,0.393251,0.714402,0.578777,0.005977,0.001102,0.000136,0.002211,-0.015211,0.029322,0.179985,0.080415,0.04668,-0.043458,0.507401,0.766398,-0.393925,-0.836622,0.547645,-0.012159,0.206413,0.335736,0.919061,0.000235,0.001698,0.000595,-0.000232,-2e-06,0.000576,0.167844
1212,0.141987,0.021545,0.455091,0.428818,0.789507,-0.439134,-0.883148,0.46864,-0.019968,0.189491,0.395405,0.898763,0.000372,0.002706,0.000948,2.426883,0.110353,-4.967037,0.268475,-0.142456,0.026069,0.400608,0.26395,0.540468,0.798885,-0.84555,0.528136,-0.077787,-0.464266,-0.655638,0.595365,-0.0,0.0,0.0,0.0,0.0,0.0,0.283011,0.024461,0.054985,-0.011435,-0.167734,-0.563535,0.808883,0.904121,-0.415008,-0.101646,0.392974,0.71428,0.579115,0.006024,0.000626,-0.000101,0.002149,-0.015235,0.029297,0.187333,0.080505,0.046764,-0.043485,0.508053,0.765793,-0.394261,-0.836239,0.548215,-0.012771,0.20636,0.336185,0.918909,0.005954,0.005318,-0.00531,0.038249,-0.033609,0.076694,0.166211
1213,0.142219,0.021691,0.454955,0.41078,0.798822,-0.439531,-0.89369,0.44817,-0.020828,0.17983,0.400371,0.898549,0.011526,0.007901,-0.011571,0.036926,-0.025205,0.048778,0.268639,-0.142292,0.025995,0.40069,0.26446,0.540398,0.798763,-0.84556,0.528199,-0.077253,-0.463958,-0.655645,0.595597,-1.1e-05,0.000112,5.7e-05,0.011359,-0.081829,0.180902,0.28375,0.024543,0.054948,-0.011394,-0.168108,-0.563545,0.808799,0.90418,-0.414985,-0.101216,0.392679,0.714285,0.579308,-9e-06,7e-05,3.1e-05,5.8e-05,3e-06,5.7e-05,0.189782,0.080622,0.046841,-0.043551,0.486396,0.779613,-0.394488,-0.851726,0.52377,-0.015054,0.194885,0.343318,0.918777,0.005751,0.003863,-0.005821,0.035649,-0.0254,0.049464,0.165721
1214,0.142338,0.021742,0.454853,0.400429,0.802572,-0.442245,-0.899029,0.437382,-0.020395,0.176557,0.404763,0.89723,-0.000224,-0.001642,-0.000575,-0.089235,-0.393299,-0.145524,0.26722,-0.142273,0.025989,0.400697,0.264635,0.540364,0.798728,-0.845524,0.528277,-0.077112,-0.463924,-0.65561,0.595662,-0.0,2e-06,1e-06,0.0,0.0,0.0,0.282762,0.024553,0.054945,-0.011391,-0.168435,-0.563521,0.808747,0.904132,-0.41515,-0.10097,0.39265,0.714208,0.579423,-1e-06,-3e-06,-4e-06,5.3e-05,1.1e-05,5.4e-05,0.190762,0.080682,0.046869,-0.043601,0.477099,0.784619,-0.395914,-0.857819,0.513712,-0.015653,0.191104,0.347091,0.918153,-0.00012,-0.000885,-0.000317,-0.141629,-0.57711,-0.173616,0.164904
1215,0.142568,0.021639,0.454691,0.391235,0.806954,-0.442498,-0.904028,0.426931,-0.020852,0.171596,0.40719,0.897094,0.010719,-0.006876,-0.002973,0.000966,-0.0148,0.029528,0.265716,-0.142301,0.025994,0.400679,0.264859,0.540307,0.798692,-0.845436,0.528437,-0.076978,-0.463956,-0.655527,0.595728,5.7e-05,-0.000591,-0.000297,0.0,0.0,0.0,0.27476,0.024538,0.054949,-0.011399,-0.168666,-0.563494,0.808718,0.904069,-0.41532,-0.100833,0.392695,0.714131,0.579488,3.7e-05,-0.000393,-0.000199,4.8e-05,4e-06,4.6e-05,0.185864,0.080793,0.046822,-0.04368,0.467625,0.789541,-0.397429,-0.863854,0.50348,-0.01621,0.187299,0.350901,0.917489,-0.000484,-0.003572,-0.001257,-0.0013,0.012211,-0.025884,0.162455
1216,0.142716,0.021268,0.454519,0.375414,0.813047,-0.445043,-0.911774,0.410177,-0.019893,0.165899,0.41224,0.895859,-0.00146,-0.001946,-0.014478,0.034258,-0.003012,-0.008567,0.258724,-0.142414,0.025849,0.400669,0.264773,0.54032,0.798712,-0.845521,0.528305,-0.076958,-0.463851,-0.655624,0.595704,0.001491,-0.012933,0.007978,-0.036203,0.005923,-0.020624,0.271453,0.024481,0.054882,-0.011407,-0.168596,-0.563492,0.808734,0.904122,-0.415208,-0.100818,0.392603,0.714198,0.579468,0.000179,-0.001854,-0.000932,4e-05,-1e-06,1.5e-05,0.182108,0.080871,0.046634,-0.043767,0.452413,0.797057,-0.400027,-0.873016,0.487423,-0.016149,0.18211,0.356536,0.91636,-0.000758,-0.0012,-0.007324,0.036092,0.008117,-0.005808,0.160659
1217,0.142776,0.020887,0.45414,0.35441,0.82106,-0.447548,-0.921693,0.387407,-0.019273,0.157111,0.418315,0.894626,0.009448,-0.016527,-0.006419,0.015627,-0.008217,-0.068842,0.230481,-0.142417,0.025529,0.400674,0.26477,0.540345,0.798696,-0.845708,0.528037,-0.076737,-0.463511,-0.655818,0.595754,0.000647,-0.006698,-0.00338,0.00971,-0.069894,0.154725,0.264602,0.024479,0.054729,-0.011401,-0.168486,-0.563525,0.808733,0.904298,-0.414859,-0.100678,0.392245,0.714374,0.579493,0.00027,-0.002784,-0.001404,2.2e-05,-9e-06,1.6e-05,0.17476,0.080898,0.046454,-0.043948,0.432293,0.806825,-0.402684,-0.884769,0.465729,-0.016682,0.174083,0.363494,0.915186,-0.001018,-0.003141,-0.008022,0.263351,0.031131,-0.483712,0.135512
1218,0.142762,0.020706,0.453888,0.343224,0.824442,-0.450042,-0.926568,0.375627,-0.018646,0.153242,0.422373,0.89339,-0.002188,-0.007341,-0.016431,0.7401,-0.140956,-1.569641,0.220692,-0.142363,0.025362,0.400663,0.264735,0.540371,0.79869,-0.845806,0.527892,-0.076661,-0.463353,-0.655915,0.595771,0.012655,-0.004768,-0.003234,0.002045,-0.015205,0.029245,0.264066,0.024503,0.054636,-0.011406,-0.168513,-0.563541,0.808717,0.904377,-0.414719,-0.100545,0.392052,0.714442,0.57954,0.000958,-0.008668,0.002874,-0.037811,0.017773,-0.046852,0.172637,0.080895,0.046356,-0.044077,0.423042,0.810704,-0.404712,-0.88984,0.455963,-0.016773,0.170936,0.367225,0.914289,-0.001024,-0.003454,-0.008079,2.466343,-0.148772,-5.011595,0.120326
1219,0.142677,0.020298,0.453494,0.331398,0.828004,-0.45236,-0.931538,0.363168,-0.017815,0.149113,0.426269,0.892237,-0.001831,-0.01352,-0.004848,-0.006197,-0.013105,-0.033922,0.178163,-0.142227,0.02494,0.400672,0.264644,0.540443,0.798671,-0.846093,0.527465,-0.076423,-0.462879,-0.656199,0.595827,0.000676,-0.006977,-0.003535,0.0,0.0,0.0,0.262111,0.024575,0.054425,-0.011402,-0.168439,-0.5636,0.808691,0.904609,-0.414271,-0.1003,0.391547,0.714656,0.579618,0.007053,-0.008578,0.002501,-0.035786,0.002502,-0.017615,0.170024,0.080851,0.046145,-0.044281,0.409904,0.815983,-0.407613,-0.896751,0.442226,-0.016516,0.16678,0.372297,0.913005,-0.000942,-0.006996,-0.00251,0.00167,0.018725,-0.028551,0.075748
1220,0.142502,0.02012,0.453114,0.308468,0.834227,-0.457119,-0.940633,0.338998,-0.016203,0.141055,0.433946,0.889844,-0.001032,-0.00759,-0.002734,-0.099852,-0.478649,-0.154079,0.160096,-0.142059,0.024397,0.400694,0.264738,0.540491,0.798608,-0.846417,0.527014,-0.075949,-0.462233,-0.656521,0.595972,0.002111,-0.019257,0.004759,-0.026515,-0.063801,0.134177,0.260548,0.024658,0.054159,-0.011393,-0.168419,-0.563667,0.808648,0.904894,-0.413737,-0.099931,0.390896,0.714912,0.579741,0.000443,-0.004567,-0.002323,-0.001635,0.011801,-0.026235,0.167738,0.080762,0.046047,-0.044474,0.388693,0.825014,-0.410205,-0.907724,0.419222,-0.016972,0.157965,0.378951,0.911834,-0.006356,0.000735,-0.006384,-0.065166,-0.523594,-0.240031,0.037538
1221,0.14244,0.020104,0.452924,0.298302,0.836123,-0.460391,-0.944826,0.327012,-0.018407,0.134786,0.439444,0.888115,-0.00087,0.002433,-0.012972,-0.020033,-0.263837,-0.056413,0.150973,-0.14199,0.02417,0.400674,0.264858,0.540488,0.79857,-0.846496,0.526919,-0.075732,-0.46202,-0.656601,0.596051,0.001983,-0.017926,0.00543,-0.037836,0.017658,-0.046894,0.260402,0.024694,0.054035,-0.011403,-0.168649,-0.563673,0.808597,0.904958,-0.413673,-0.099625,0.390651,0.714945,0.579866,0.000986,-0.00891,0.002741,-0.037823,0.017654,-0.0469,0.166758,0.080731,0.046037,-0.044565,0.378114,0.827492,-0.415073,-0.912989,0.407527,-0.019246,0.153228,0.386235,0.909584,-0.000477,-0.003545,-0.001281,-0.090866,-0.362456,-0.129571,0.024638
1222,0.14242,0.020022,0.452686,0.269676,0.841727,-0.467778,-0.954699,0.2971,-0.015896,0.125254,0.449831,0.884302,-0.000527,-0.003871,-0.001401,2.553517,-0.054801,-4.929614,0.143362,-0.141954,0.023907,0.400593,0.265063,0.540454,0.798525,-0.846501,0.526943,-0.075511,-0.461893,-0.65661,0.596139,0.000379,-0.003888,-0.001985,0.0,0.0,0.0,0.26141,0.024713,0.053898,-0.011446,-0.168858,-0.563666,0.808558,0.904972,-0.413694,-0.099403,0.390526,0.714938,0.579958,0.000177,-0.001811,-0.000925,-3e-06,-1.1e-05,1e-05,0.166759,0.080721,0.045999,-0.044688,0.354694,0.833591,-0.423456,-0.923232,0.383831,-0.017728,0.147758,0.397237,0.905742,-0.000292,-0.002172,-0.000787,-0.029845,-0.137047,-0.044185,0.007656
1223,0.142423,0.019966,0.452582,0.245676,0.845017,-0.475011,-0.962054,0.272499,-0.012927,0.118204,0.459114,0.880494,-0.000278,-0.002044,-0.000741,0.74649,-0.162862,-1.514756,0.114768,-0.142006,0.02387,0.400567,0.264934,0.538058,0.800184,-0.846412,0.527275,-0.074166,-0.462129,-0.658306,0.594081,-0.012114,-0.001298,0.000172,-0.002373,0.016723,-0.028542,0.26524,0.024687,0.05388,-0.011459,-0.168994,-0.561149,0.810279,0.904968,-0.414038,-0.097994,0.390476,0.716717,0.577792,-0.006075,-0.000469,0.000177,0.000421,0.003633,-0.034665,0.168718,0.080723,0.045972,-0.04474,0.327962,0.840846,-0.4306,-0.934324,0.356047,-0.016354,0.139563,0.407684,0.902393,-0.000131,0.003307,-0.005683,2.609868,-0.157065,-4.937694,-0.015532
1224,0.142458,0.020127,0.452378,0.217268,0.848581,-0.482442,-0.970111,0.242367,-0.010695,0.107575,0.469294,0.87648,-0.0,-0.0,-0.0,0.036092,-0.159534,-0.178932,0.096765,-0.142135,0.024042,0.40051,0.269495,0.537602,0.798967,-0.846703,0.527485,-0.06919,-0.458951,-0.65851,0.596314,-0.000246,0.002544,0.001298,-0.464797,-0.368912,0.579435,0.267853,0.024623,0.053961,-0.011485,-0.171211,-0.56132,0.809694,0.905158,-0.414157,-0.095718,0.389069,0.716514,0.578992,-0.006239,0.001249,0.001056,-0.01145,0.084746,-0.184462,0.172147,0.08074,0.046054,-0.044841,0.298682,0.847642,-0.43851,-0.945558,0.325072,-0.015681,0.129255,0.419321,0.898589,1.3e-05,0.004493,-0.005304,0.238378,-0.185897,-0.474472,-0.055538
1225,0.142503,0.020203,0.45229,0.216295,0.847389,-0.484968,-0.970224,0.241941,-0.010081,0.108515,0.471657,0.875095,0.011576,-0.001135,-0.00096,-0.028066,-0.145211,-0.009484,0.097884,-0.142185,0.024168,0.400489,0.269708,0.537535,0.79894,-0.846543,0.527746,-0.069152,-0.459121,-0.658356,0.596355,-0.001644,0.014493,-0.007173,0.037841,-0.017696,0.046876,0.269262,0.024598,0.054023,-0.011495,-0.173804,-0.561373,0.809105,0.905327,-0.414396,-0.093043,0.387522,0.716334,0.58025,-0.00018,0.001865,0.000953,0.000965,0.000704,-0.001197,0.17329,0.080759,0.046094,-0.044885,0.297537,0.846723,-0.441056,-0.94577,0.324484,-0.015086,0.130342,0.421627,0.897352,1.4e-05,9e-05,3e-05,-0.033176,-0.146242,-0.043106,-0.0606
1226,0.142573,0.020237,0.452247,0.205531,0.848584,-0.487552,-0.973059,0.230301,-0.009469,0.103986,0.475311,0.873667,0.0,2e-06,1e-06,0.242239,0.003523,-0.434906,0.100062,-0.142221,0.024345,0.400537,0.272325,0.537243,0.798248,-0.846619,0.527982,-0.066376,-0.457436,-0.658404,0.597594,0.011661,0.00584,0.00214,0.003687,-0.02702,0.055477,0.280878,0.024574,0.054118,-0.011473,-0.176439,-0.561425,0.808498,0.905505,-0.414614,-0.090301,0.385912,0.716167,0.581528,0.000426,-0.003178,0.00566,-0.035924,0.006085,-0.020956,0.183088,0.080799,0.046111,-0.044906,0.287092,0.848928,-0.443731,-0.949555,0.313236,-0.015088,0.126184,0.425679,0.896032,1e-06,6e-06,0.0,0.249195,0.018032,-0.434201,-0.062723
1227,0.142556,0.020252,0.452232,0.200756,0.849687,-0.487622,-0.974358,0.224732,-0.009659,0.10112,0.476003,0.873626,-0.011565,0.001208,0.000987,-0.00098,0.014714,-0.029562,0.100399,-0.142169,0.02447,0.400629,0.272962,0.537117,0.798116,-0.846474,0.528277,-0.065876,-0.457325,-0.658271,0.597826,-0.000396,0.004089,0.002079,0.001642,-0.011812,0.026233,0.277395,0.024605,0.054184,-0.011426,-0.177133,-0.56138,0.808378,0.905406,-0.414947,-0.089767,0.385827,0.71601,0.581778,-0.000196,0.002012,0.001023,0.001669,-0.01181,0.026222,0.188803,0.080794,0.046119,-0.044914,0.282406,0.850505,-0.443718,-0.951341,0.307741,-0.015616,0.123269,0.426538,0.896029,-1e-06,3e-06,1e-06,-0.00147,0.000263,0.001526,-0.060763
1228,0.14252,0.020255,0.452224,0.201071,0.849569,-0.487697,-0.974296,0.224992,-0.009861,0.101093,0.47609,0.873582,6.9e-05,0.000505,0.000183,-0.0,-0.0,-0.0,0.092994,-0.142183,0.024704,0.400703,0.275936,0.53675,0.79734,-0.846435,0.528708,-0.062843,-0.455611,-0.658224,0.599186,-0.000731,0.007536,0.003823,0.001642,-0.011815,0.026232,0.271424,0.024598,0.054293,-0.011392,-0.180151,-0.561408,0.807691,0.90552,-0.415344,-0.086726,0.384159,0.715757,0.583191,-0.000353,0.003633,0.001844,0.003139,-0.010644,0.024365,0.183088,0.080772,0.046119,-0.044918,0.282745,0.850359,-0.443782,-0.951239,0.308048,-0.015788,0.123281,0.426608,0.895994,4e-05,0.000299,0.000109,-0.000623,-1.2e-05,0.001242,-0.067131
1229,0.142521,0.020249,0.452243,0.201198,0.849522,-0.487726,-0.974265,0.225127,-0.009887,0.101144,0.47611,0.873565,2.4e-05,0.000176,6.4e-05,-0.0,-0.0,-0.0,0.091869,-0.14219,0.024869,0.400786,0.280947,0.536235,0.795935,-0.846697,0.528914,-0.05733,-0.45205,-0.658477,0.601599,-0.000883,0.009097,0.004608,-0.002121,-0.014813,0.030921,0.271953,0.024595,0.054375,-0.011351,-0.185282,-0.561558,0.806425,0.905977,-0.415473,-0.081161,0.380625,0.715566,0.585738,-0.000447,0.004593,0.002327,-0.00636,-0.018234,0.036157,0.181455,0.080773,0.046118,-0.044908,0.282888,0.850296,-0.443811,-0.951188,0.308204,-0.015807,0.123344,0.42662,0.89598,1.2e-05,9e-05,3.4e-05,-0.000503,-2e-05,0.001025,-0.069744
1230,0.142527,0.020284,0.452266,0.191208,0.851815,-0.487747,-0.976843,0.21366,-0.009911,0.095524,0.47729,0.873554,0.000273,0.002008,0.000727,0.001451,-0.008555,0.027481,0.091572,-0.142168,0.025204,0.400963,0.280952,0.533826,0.797551,-0.84658,0.529257,-0.055881,-0.452266,-0.660155,0.599594,-0.000819,0.008424,0.004252,-0.058597,0.263171,0.153907,0.280243,0.024606,0.054548,-0.01126,-0.185437,-0.560046,0.807441,0.905945,-0.415712,-0.080282,0.380624,0.716611,0.584459,0.005641,0.004656,0.001939,-0.097279,0.42866,0.265859,0.18717,0.080775,0.046131,-0.044898,0.273112,0.853447,-0.443888,-0.954737,0.296996,-0.0164,0.117837,0.428276,0.895931,2.8e-05,0.00021,7.5e-05,-0.000891,-1.7e-05,0.000827,-0.071377
1231,0.142547,0.020307,0.452273,0.186665,0.852738,-0.487893,-0.977994,0.208313,-0.010195,0.092702,0.478002,0.873468,6.3e-05,0.000467,0.000169,0.010015,-0.059043,0.189657,0.097723,-0.142251,0.025486,0.401077,0.281272,0.533743,0.797494,-0.846449,0.529487,-0.055691,-0.452314,-0.660038,0.599688,-0.000611,0.006294,0.003169,0.001631,-0.011767,0.026254,0.278729,0.024569,0.054688,-0.011199,-0.185817,-0.559088,0.808017,0.905853,-0.416051,-0.079561,0.380658,0.717161,0.583762,-0.000311,0.003187,0.001605,0.002385,-0.015014,0.024783,0.189293,0.080786,0.046146,-0.044893,0.268572,0.854809,-0.444036,-0.956358,0.291706,-0.016887,0.115093,0.429193,0.895849,4.4e-05,0.000326,0.000117,-0.000441,-1.1e-05,0.000809,-0.069907
1232,0.142555,0.020291,0.452278,0.186653,0.852742,-0.48789,-0.977994,0.208316,-0.010165,0.092728,0.477993,0.87347,-3.1e-05,-0.000225,-8.2e-05,-0.0,-0.0,-0.0,0.104114,-0.14231,0.025621,0.401104,0.283995,0.533423,0.796742,-0.846449,0.52978,-0.052834,-0.450611,-0.660061,0.600943,-0.000553,0.005699,0.002866,-0.000337,-0.000269,0.000423,0.281339,0.024534,0.054761,-0.011188,-0.188646,-0.55915,0.807318,0.905969,-0.416343,-0.076663,0.378987,0.716943,0.585114,-0.000323,0.003315,0.00167,0.004543,-0.010027,0.02247,0.190109,0.08079,0.04614,-0.04489,0.268706,0.85475,-0.44407,-0.956316,0.291841,-0.016926,0.11513,0.429221,0.895831,-2.4e-05,-0.000171,-6e-05,-0.000338,-2.5e-05,0.00067,-0.065825
1233,0.14254,0.020262,0.452237,0.18669,0.852725,-0.487906,-0.977994,0.208311,-0.010255,0.092652,0.478026,0.873461,-0.000146,-0.001076,-0.00039,-0.0,-0.0,-0.0,0.127623,-0.142415,0.025923,0.401109,0.284411,0.533294,0.79668,-0.846154,0.530261,-0.052737,-0.450903,-0.659778,0.601034,-0.001666,0.014734,-0.007084,0.037845,-0.017732,0.046859,0.299409,0.024481,0.054914,-0.011184,-0.189024,-0.559079,0.807279,0.905737,-0.416857,-0.076616,0.379354,0.7167,0.585174,-0.00082,0.007241,-0.003603,0.037931,-0.017686,0.046777,0.200396,0.080782,0.046125,-0.044911,0.268762,0.854723,-0.444087,-0.956308,0.291863,-0.017017,0.115068,0.429257,0.895821,-9.2e-05,-0.000683,-0.000247,-0.000212,1.2e-05,0.000465,-0.046557
1234,0.142553,0.020314,0.452119,0.180574,0.852622,-0.490382,-0.979336,0.201943,-0.009614,0.0906,0.480927,0.872082,-3.6e-05,-0.000268,-9.7e-05,0.000557,-0.000152,-0.001103,0.155044,-0.142401,0.026058,0.401131,0.285096,0.533138,0.79654,-0.845901,0.530706,-0.052303,-0.450945,-0.659546,0.601257,0.01186,0.003158,0.000765,0.002045,-0.015205,0.029245,0.336733,0.024483,0.054982,-0.011173,-0.189702,-0.559014,0.807165,0.905561,-0.417315,-0.07619,0.379434,0.716484,0.585388,-0.000101,0.001046,0.000526,1.6e-05,-1.3e-05,1e-06,0.23583,0.080788,0.046149,-0.04497,0.262687,0.855244,-0.446713,-0.958204,0.285595,-0.016687,0.113308,0.432426,0.894521,-1.8e-05,0.004282,-0.005376,0.038289,-0.005309,0.016686,-0.010143
1235,0.142613,0.020393,0.45201,0.174645,0.852392,-0.492922,-0.980602,0.195729,-0.009074,0.08852,0.483888,0.870657,0.011561,0.007605,-0.011643,0.032336,-0.055005,0.036326,0.169876,-0.142374,0.026061,0.401152,0.285321,0.533095,0.796488,-0.845859,0.530793,-0.052113,-0.450883,-0.659511,0.601343,-3.8e-05,0.000388,0.000194,-0.0,0.0,0.0,0.355379,0.024502,0.054986,-0.011161,-0.189956,-0.559,0.807114,0.905531,-0.417418,-0.075982,0.379378,0.716435,0.585484,-1e-05,9.7e-05,4.8e-05,1.1e-05,-0.0,6e-06,0.259508,0.080814,0.046186,-0.04502,0.256704,0.855547,-0.449601,-0.960014,0.279472,-0.016321,0.111688,0.435814,0.893079,6e-06,3.3e-05,1e-05,0.007456,-0.001398,-0.016695,0.008472
1236,0.142794,0.020557,0.451853,0.175312,0.852071,-0.49324,-0.980525,0.196068,-0.009907,0.088043,0.484315,0.870468,0.000137,0.001018,0.000368,-1e-06,-5e-06,-2e-06,0.196459,-0.142267,0.026003,0.401193,0.285719,0.533033,0.796387,-0.845826,0.530883,-0.051727,-0.450692,-0.659489,0.601509,3.1e-05,-0.000323,-0.000162,-0.0,0.0,0.0,0.377422,0.024555,0.054954,-0.011142,-0.190362,-0.558991,0.807026,0.905522,-0.417509,-0.075594,0.379197,0.71639,0.585657,0.00605,0.000343,-0.000239,0.002068,-0.015188,0.029228,0.30033,0.080904,0.046267,-0.045099,0.257433,0.855312,-0.449631,-0.959889,0.279849,-0.017234,0.111088,0.436033,0.893047,0.000106,0.000769,0.000276,4e-05,0.001163,0.00076,0.044723
1237,0.142908,0.020686,0.451791,0.170826,0.85285,-0.493469,-0.981593,0.190628,-0.010451,0.084936,0.485113,0.870333,0.000295,0.002192,0.000793,-0.0,-0.0,-0.0,0.208768,-0.142169,0.025944,0.401233,0.285952,0.533006,0.796321,-0.845843,0.530882,-0.05146,-0.450514,-0.659511,0.601619,1.6e-05,-0.000164,-8.2e-05,-0.0,0.0,0.0,0.38053,0.024605,0.054923,-0.011123,-0.190598,-0.558995,0.806967,0.905546,-0.417504,-0.075328,0.379021,0.716389,0.585772,9e-06,-0.000101,-5.4e-05,8e-06,1.4e-05,2e-06,0.316822,0.080965,0.046333,-0.045135,0.253072,0.856468,-0.449905,-0.961396,0.274571,-0.018095,0.108033,0.437117,0.892892,0.000173,0.001271,0.000458,0.000887,-0.008566,0.027889,0.068237
1238,0.142931,0.020825,0.451789,0.166254,0.853666,-0.493619,-0.982634,0.185167,-0.010837,0.081937,0.485789,0.870243,0.000552,0.004101,0.001482,0.00144,-0.0086,0.027468,0.239096,-0.142143,0.025963,0.401229,0.286058,0.532984,0.796298,-0.845799,0.530958,-0.051399,-0.450528,-0.659468,0.601655,-2.6e-05,0.000262,0.000131,-0.0,0.0,0.0,0.382686,0.024617,0.054931,-0.011125,-0.190708,-0.558987,0.806947,0.905515,-0.417585,-0.075266,0.379042,0.716349,0.585807,-1.6e-05,0.000171,8.3e-05,2e-06,1.1e-05,5e-06,0.320742,0.080977,0.0464,-0.045137,0.248571,0.857689,-0.450089,-0.962893,0.269228,-0.018739,0.105105,0.438046,0.892786,0.000205,0.001519,0.00055,-0.000318,0.0,0.0005,0.100405
1239,0.142923,0.020907,0.451809,0.166403,0.853616,-0.493655,-0.982611,0.185282,-0.010944,0.081909,0.485833,0.870221,0.000528,0.003922,0.001416,-0.0,-0.0,-0.0,0.254076,-0.142148,0.026001,0.401205,0.286139,0.532958,0.796286,-0.845726,0.531073,-0.0514,-0.450613,-0.659396,0.601671,-1e-05,0.000102,5.1e-05,-0.0,0.0,0.0,0.386967,0.024615,0.054951,-0.011137,-0.190792,-0.558972,0.806937,0.905457,-0.417709,-0.075265,0.379136,0.716288,0.585821,-6e-06,6.5e-05,3.3e-05,1.2e-05,4e-06,-1e-05,0.323354,0.080973,0.046443,-0.045126,0.248744,0.857617,-0.45013,-0.96285,0.269373,-0.01885,0.105087,0.438097,0.892762,0.000316,0.002342,0.000846,0.001224,-0.008609,0.027896,0.119836
1240,0.142872,0.021099,0.451903,0.166525,0.853595,-0.49365,-0.982586,0.185408,-0.010969,0.08195,0.485821,0.870224,0.000672,0.004986,0.001796,-0.0,-0.0,-0.0,0.276498,-0.142154,0.026062,0.401181,0.288623,0.532694,0.795566,-0.845771,0.531252,-0.048734,-0.448943,-0.659464,0.602843,-1.7e-05,0.000172,8.6e-05,-0.011335,0.081625,-0.180995,0.405025,0.024612,0.054982,-0.011149,-0.193478,-0.559025,0.806261,0.905578,-0.417942,-0.07247,0.377483,0.716111,0.587103,-0.000617,0.005119,-0.004669,0.037934,-0.004486,0.018453,0.338867,0.080947,0.046537,-0.04508,0.248859,0.85759,-0.450118,-0.962816,0.269496,-0.018858,0.105133,0.438075,0.892769,-0.005424,0.003182,0.001421,-0.001115,0.014698,-0.029263,0.156413
1241,0.142778,0.021317,0.451987,0.166862,0.853506,-0.493691,-0.982531,0.185693,-0.011161,0.081934,0.48587,0.870198,0.000702,0.005193,0.001866,0.001443,-0.0086,0.027468,0.296423,-0.142149,0.026094,0.401186,0.297944,0.531813,0.792714,-0.846285,0.531296,-0.03821,-0.441834,-0.66014,0.607339,0.012037,0.00132,-0.000156,-0.136631,-0.126832,0.203077,0.449653,0.02461,0.054998,-0.011146,-0.202616,-0.559385,0.803762,0.90643,-0.417744,-0.062235,0.37058,0.715945,0.591686,1e-06,-2e-06,-0.0,-0.507549,-0.409013,0.63701,0.379363,0.080901,0.046649,-0.045037,0.249196,0.857472,-0.450157,-0.962729,0.269793,-0.019036,0.105127,0.438124,0.892745,0.00028,0.00208,0.000747,0.009863,-0.059335,0.189768,0.184499
1242,0.142737,0.021405,0.452021,0.166934,0.853494,-0.493688,-0.982519,0.185752,-0.011203,0.081927,0.485869,0.870199,0.000519,0.003839,0.001378,-0.0,-0.0,-0.0,0.309242,-0.142131,0.026103,0.401189,0.30268,0.531356,0.791224,-0.846473,0.531352,-0.032876,-0.438242,-0.660461,0.609588,-1.9e-05,0.00019,9.5e-05,-0.003744,-0.003014,0.004693,0.477969,0.024623,0.055003,-0.011145,-0.207648,-0.559563,0.802353,0.906794,-0.417746,-0.05666,0.366885,0.715805,0.594153,-9e-06,9.9e-05,4.9e-05,-0.006076,-0.004952,0.007546,0.412837,0.080881,0.046694,-0.045019,0.24927,0.857452,-0.450154,-0.962711,0.269856,-0.019074,0.105122,0.438124,0.892746,0.00022,0.001642,0.000592,-7.4e-05,-2e-06,0.000161,0.199522
1243,0.14268,0.021422,0.452051,0.166956,0.853504,-0.493663,-0.982512,0.185792,-0.01117,0.08197,0.485835,0.870214,-0.011615,0.000602,0.000768,-0.000984,0.014715,-0.029553,0.342443,-0.142067,0.026102,0.401173,0.306312,0.528435,0.791783,-0.845987,0.53241,-0.027904,-0.436658,-0.661949,0.609111,9.6e-05,-0.000979,-0.000491,-0.02735,0.121852,0.0567,0.522365,0.024655,0.055004,-0.011151,-0.211498,-0.557258,0.802951,0.906603,-0.418787,-0.051844,0.365156,0.716994,0.593784,7.7e-05,-0.000779,-0.000391,-0.044503,0.197678,0.090648,0.479133,0.080857,0.04671,-0.045002,0.249337,0.857439,-0.450143,-0.962689,0.269936,-0.019061,0.105166,0.4381,0.892752,-7.3e-05,-0.000545,-0.000196,-3.4e-05,4e-06,0.000115,0.239528
1244,0.142651,0.021347,0.452004,0.166724,0.853587,-0.493598,-0.982556,0.185566,-0.011086,0.081918,0.485777,0.870252,-0.000374,-0.002762,-0.000992,-0.0,-0.0,-0.0,0.388749,-0.142134,0.02604,0.401158,0.307401,0.528183,0.791529,-0.845649,0.53299,-0.027097,-0.436549,-0.661683,0.609478,-0.011889,-0.002857,-0.000614,-0.00205,0.015231,-0.029233,0.532477,0.024626,0.054974,-0.011159,-0.212658,-0.556998,0.802825,0.906347,-0.419451,-0.050934,0.365117,0.716807,0.594034,0.000118,-0.00121,-0.000608,0.000631,-0.002359,-0.001051,0.507709,0.080838,0.046673,-0.045025,0.249114,0.857539,-0.450074,-0.962753,0.269713,-0.018988,0.105108,0.438041,0.892788,-0.000139,-0.001038,-0.000371,-2.6e-05,8e-06,7.8e-05,0.292434
1245,0.14266,0.021294,0.451974,0.166641,0.85361,-0.493586,-0.982572,0.185483,-0.011062,0.081895,0.485768,0.870259,-0.00016,-0.001183,-0.000425,-0.0,-0.0,-0.0,0.460824,-0.142411,0.025969,0.401066,0.309995,0.527853,0.790737,-0.845553,0.533273,-0.024355,-0.434898,-0.661717,0.610619,-0.013063,0.006756,-0.010268,0.034157,0.0093,-0.008613,0.533174,0.024493,0.054934,-0.011202,-0.215335,-0.557035,0.802085,0.906381,-0.419707,-0.048145,0.363459,0.716628,0.595264,-0.005879,-0.002111,-0.000646,0.000318,0.017065,-0.032261,0.511955,0.080842,0.046641,-0.045042,0.249016,0.857577,-0.450057,-0.96278,0.269615,-0.018958,0.105084,0.438027,0.892797,-0.000115,-0.00086,-0.000311,-3e-05,-1e-05,4.8e-05,0.371957
1246,0.142721,0.021288,0.451969,0.166787,0.853543,-0.493652,-0.982546,0.185613,-0.011143,0.081902,0.485835,0.870221,0.011536,-0.001223,-0.000991,0.000984,-0.014715,0.029553,0.507995,-0.142602,0.025947,0.401003,0.309893,0.527841,0.790786,-0.845513,0.53333,-0.024508,-0.435049,-0.661681,0.610551,-0.011814,-0.003698,-0.001037,-0.002045,0.015205,-0.029245,0.533437,0.024392,0.054926,-0.011238,-0.215198,-0.557006,0.802142,0.906334,-0.419785,-0.048348,0.363657,0.716605,0.595171,-0.005889,-0.002026,-0.000601,-0.003371,0.027277,-0.055864,0.512445,0.080872,0.046635,-0.045046,0.249158,0.857501,-0.450123,-0.962742,0.269747,-0.019032,0.105099,0.438095,0.892763,0.005776,-0.000557,-0.000477,0.000964,-0.01471,0.029599,0.431231
1247,0.143006,0.021199,0.452016,0.167354,0.853289,-0.493899,-0.982427,0.186232,-0.011251,0.082165,0.486045,0.870079,0.011544,-0.010017,0.009671,-0.03494,-0.004168,0.010327,0.521491,-0.142876,0.02594,0.400942,0.310591,0.530048,0.789034,-0.845356,0.533532,-0.025503,-0.434857,-0.659753,0.612771,3e-06,-3.1e-05,-1.6e-05,0.04496,-0.198277,-0.092416,0.53369,0.024251,0.054918,-0.01127,-0.215669,-0.558868,0.800719,0.906162,-0.420066,-0.049119,0.363806,0.714989,0.597021,-0.006031,-0.000564,0.000131,0.068868,-0.287907,-0.168738,0.513424,0.081011,0.046595,-0.045025,0.249701,0.857213,-0.450371,-0.962574,0.270342,-0.019129,0.105357,0.438292,0.892636,1e-06,2e-05,4e-06,-2.6e-05,-7e-06,2.2e-05,0.49965
1248,0.143235,0.020975,0.452277,0.167495,0.853243,-0.493931,-0.982329,0.186792,-0.010546,0.083049,0.48591,0.87007,0.000113,0.000845,0.000304,0.0,0.0,0.0,0.521826,-0.14294,0.025942,0.400958,0.311972,0.532136,0.787081,-0.845074,0.53396,-0.025899,-0.434418,-0.657723,0.615259,-1.6e-05,0.00017,8.5e-05,0.035001,-0.185231,0.132697,0.53362,0.024219,0.054921,-0.011261,-0.216647,-0.561664,0.798497,0.905969,-0.420391,-0.049897,0.363707,0.712604,0.599927,-1.2e-05,0.000121,6.2e-05,0.027405,-0.121008,-0.056549,0.513751,0.081129,0.046479,-0.044891,0.249847,0.857153,-0.450404,-0.962438,0.270879,-0.018377,0.106253,0.438078,0.892635,7.4e-05,-0.003855,0.005522,-0.035955,0.010498,-0.019238,0.511897
1249,0.143263,0.02085,0.452449,0.168362,0.854531,-0.491404,-0.982225,0.187317,-0.010895,0.082522,0.483444,0.871493,0.000104,-0.0081,0.010917,-0.029466,0.040282,-0.010323,0.521504,-0.142904,0.025946,0.400969,0.312884,0.534336,0.785226,-0.844944,0.534128,-0.026641,-0.434014,-0.655802,0.617591,-1e-05,0.000101,5.1e-05,0.009293,-0.04053,-0.018895,0.533893,0.024237,0.054924,-0.011255,-0.217445,-0.564273,0.796437,0.905816,-0.420625,-0.050704,0.363613,0.710401,0.60259,-5e-06,5.9e-05,3e-05,0.010718,-0.085864,0.177723,0.513914,0.081143,0.046418,-0.044805,0.250849,0.858374,-0.447511,-0.962279,0.271409,-0.018807,0.105315,0.435349,0.894079,4.9e-05,-0.004036,0.005462,-0.038895,0.007277,-0.015638,0.513367
1250,0.143191,0.02065,0.452785,0.168809,0.856014,-0.488661,-0.982156,0.187697,-0.010598,0.082431,0.480668,0.873035,0.000115,0.000863,0.00031,0.002878,0.013226,0.003947,0.521393,-0.142772,0.025914,0.40102,0.315415,0.540955,0.779662,-0.844666,0.534448,-0.028958,-0.432724,-0.650094,0.624493,0.011941,0.002387,0.000378,0.03799,-0.20287,0.160811,0.533756,0.024298,0.054908,-0.011235,-0.219123,-0.571012,0.791157,0.905533,-0.420949,-0.053016,0.363309,0.704802,0.60931,-7.4e-05,0.000781,0.000391,0.032655,-0.14784,-0.037568,0.515384,0.081108,0.046321,-0.044641,0.25139,0.85967,-0.444712,-0.962179,0.271787,-0.018518,0.104947,0.432548,0.895481,7.7e-05,0.000618,0.000221,-0.005238,-0.014291,7.6e-05,0.51451
1251,0.143126,0.020519,0.453011,0.168368,0.856231,-0.488433,-0.982177,0.187632,-0.009755,0.083076,0.480308,0.873172,5.7e-05,0.000425,0.000153,1e-06,3e-06,1e-06,0.521723,-0.142738,0.02579,0.401217,0.317745,0.54284,0.777402,-0.844332,0.535009,-0.028335,-0.431672,-0.648059,0.62733,-0.000147,0.00154,0.000773,0.000361,-0.001538,-0.000716,0.533884,0.02432,0.054844,-0.011132,-0.221395,-0.573147,0.788977,0.90528,-0.421591,-0.052231,0.362562,0.702682,0.612197,0.000508,-0.004037,0.005215,-0.040153,0.020817,-0.014065,0.516853,0.081075,0.046253,-0.044524,0.250875,0.8598,-0.444751,-0.962226,0.271684,-0.017549,0.105743,0.432354,0.895481,2e-05,0.000184,6.6e-05,-0.000151,-0.000809,-0.000293,0.514836
1252,0.143119,0.020409,0.453159,0.168395,0.856254,-0.488382,-0.982134,0.187877,-0.009356,0.083528,0.48017,0.873205,0.0,2e-06,1e-06,0.0,0.0,0.0,0.521729,-0.142742,0.02561,0.401476,0.319332,0.542525,0.776972,-0.844175,0.53534,-0.026704,-0.430807,-0.64805,0.627934,-0.000111,0.001156,0.00058,0.0,-0.0,-0.0,0.533693,0.024318,0.054756,-0.011001,-0.223031,-0.572906,0.788692,0.905214,-0.421941,-0.050516,0.361722,0.702669,0.612708,0.000533,-0.004321,0.005074,-0.024831,-0.075215,0.16067,0.517344,0.081072,0.046199,-0.04445,0.250898,0.859817,-0.444706,-0.962172,0.271902,-0.017136,0.106183,0.432183,0.895512,-6e-06,-2.6e-05,-9e-06,4.9e-05,-3e-05,-0.000123,0.515163
1253,0.143119,0.020363,0.453215,0.168437,0.856252,-0.488372,-0.982112,0.187999,-0.009218,0.083704,0.480126,0.873212,0.0,0.0,0.0,0.0,0.0,0.0,0.521485,-0.142739,0.025512,0.401601,0.319553,0.542502,0.776897,-0.844288,0.535183,-0.026295,-0.430423,-0.648198,0.628044,0.00114,-0.009341,0.0098,-0.036202,0.0059,-0.020633,0.533861,0.024319,0.054712,-0.010942,-0.223272,-0.572906,0.788624,0.905303,-0.421798,-0.050115,0.361351,0.702755,0.61283,-3.8e-05,0.000365,0.000183,9.6e-05,4.2e-05,6.6e-05,0.517343,0.081071,0.046175,-0.044422,0.250938,0.85981,-0.444695,-0.962142,0.272016,-0.016991,0.106355,0.432124,0.89552,-2e-06,-1.6e-05,-7e-06,0.000101,-1.2e-05,-9.9e-05,0.515163
1254,0.143127,0.020297,0.453295,0.168458,0.85626,-0.488351,-0.982086,0.188142,-0.009,0.083956,0.480057,0.873226,0.0,0.0,0.0,0.0,0.0,0.0,0.521562,-0.142708,0.025334,0.401805,0.319373,0.542597,0.776905,-0.844661,0.534607,-0.025999,-0.429822,-0.648594,0.628047,0.001186,-0.009812,0.009567,-0.0362,0.005884,-0.02064,0.533845,0.024335,0.054619,-0.010837,-0.223069,-0.572979,0.788628,0.905619,-0.421153,-0.049828,0.360684,0.703082,0.612847,0.000593,-0.004947,0.004764,-0.036148,0.005874,-0.020585,0.517507,0.081076,0.046141,-0.044382,0.25096,0.859815,-0.444674,-0.962109,0.272146,-0.016766,0.1066,0.432033,0.895534,2e-06,-7e-06,-5e-06,8.9e-05,-5e-06,-0.000105,0.515163
1255,0.143119,0.020278,0.453319,0.168533,0.856241,-0.488359,-0.982067,0.188243,-0.008973,0.084031,0.480051,0.873222,0.0,0.0,0.0,0.010038,-0.058522,0.189817,0.521619,-0.142682,0.025184,0.401936,0.319091,0.5427,0.776948,-0.844976,0.534115,-0.025902,-0.429412,-0.648914,0.627997,2.1e-05,-0.000223,-0.000112,0.0,-0.0,-0.0,0.533842,0.024348,0.054543,-0.010771,-0.222776,-0.573044,0.788663,0.905869,-0.420625,-0.049743,0.360236,0.703345,0.612808,1e-05,-0.000135,-6.9e-05,4.5e-05,9e-06,2.5e-05,0.51767,0.081071,0.046132,-0.04437,0.251033,0.85979,-0.444681,-0.962082,0.272244,-0.016734,0.106674,0.432021,0.895531,3e-06,-4e-06,-2e-06,0.010131,-0.058522,0.189727,0.515326
1256,0.143128,0.020278,0.45333,0.16856,0.856231,-0.488367,-0.98206,0.188279,-0.008965,0.084057,0.480055,0.873217,4e-06,2.8e-05,1e-05,0.0,0.0,0.0,0.521657,-0.142675,0.025132,0.401985,0.318986,0.542738,0.776965,-0.845092,0.533932,-0.025867,-0.429261,-0.649032,0.627978,0.001204,-0.010004,0.009475,-0.036199,0.005869,-0.020647,0.53372,0.024351,0.05452,-0.01075,-0.222683,-0.573064,0.788675,0.905948,-0.420458,-0.049716,0.360095,0.703428,0.612795,-2e-06,-4e-06,-3e-06,2.4e-05,-1.4e-05,3.3e-05,0.51767,0.081076,0.046133,-0.044365,0.251058,0.859779,-0.444689,-0.962073,0.272277,-0.016725,0.106699,0.432023,0.895528,3e-06,6e-06,2e-06,6.3e-05,-1e-05,-9.6e-05,0.515163
