frame,MLTx,MLTy,MLTz,MLTR1,MLTR2,MLTR3,MLTR4,MLTR5,MLTR6,MLTR7,MLTR8,MLTR9,MLTTVx,MLTTVy,MLTTVz,MLTRVx,MLTRVy,MLTRVz,MLGA,MRTx,MRTy,MRTz,MRTR1,MRTR2,MRTR3,MRTR4,MRTR5,MRTR6,MRTR7,MRTR8,MRTR9,MRTTVx,MRTTVy,MRTTVz,MRTRVx,MRTRVy,MRTRVz,MRGA,SLTx,SLTy,SLTz,SLTR1,SLTR2,SLTR3,SLTR4,SLTR5,SLTR6,SLTR7,SLTR8,SLTR9,SLTTVx,SLTTVy,SLTTVz,SLTRVx,SLTRVy,SLTRVz,SLGA,SRTx,SRTy,SRTz,SRTR1,SRTR2,SRTR3,SRTR4,SRTR5,SRTR6,SRTR7,SRTR8,SRTR9,SRTTVx,SRTTVy,SRTTVz,SRTRVx,SRTRVy,SRTRVz,SRGA
926,0.079966,0.025285,0.367975,-0.560777,-0.458797,-0.68926,-0.36368,-0.611399,0.70278,-0.743154,0.645342,0.176867,0.000923,0.002713,0.001885,0.00048,-0.014049,0.025159,0.318704,-0.192508,0.057732,0.335476,0.063498,0.401572,0.913619,-0.970566,-0.188052,0.150238,0.232069,-0.896744,0.376639,0.000164,0.00301,0.002,0.136327,0.022418,0.056201,-1.405361,0.023446,0.051475,-0.009184,-0.051996,-0.381973,0.922709,0.989286,0.106507,0.099838,-0.13641,0.918015,0.372343,5.8e-05,0.001284,0.000865,1.529758,0.260506,0.632021,-0.803351,0.054641,0.036172,-0.056807,-0.583183,-0.382361,-0.716726,-0.329844,-0.694833,0.639068,-0.74236,0.609102,0.279096,-0.006056,0.002295,0.001515,-0.000995,0.014705,-0.029557,0.192501
927,0.079696,0.025233,0.368238,-0.556548,-0.459039,-0.692519,-0.36816,-0.610993,0.700798,-0.74413,0.645555,0.171915,-0.01314,-0.00562,0.012054,-0.064891,-0.003207,-0.064867,0.384499,-0.192508,0.057907,0.335593,0.066193,0.401525,0.913448,-0.971643,-0.182119,0.15059,0.226748,-0.89799,0.376913,0.000267,0.004914,0.003259,0.04089,0.006741,0.016872,-1.405556,0.023451,0.051561,-0.009127,-0.054851,-0.381671,0.922668,0.98991,0.100118,0.100263,-0.130643,0.918859,0.372329,0.000146,0.002692,0.001784,0.458615,0.076954,0.189961,-0.804167,0.054517,0.03615,-0.056679,-0.578899,-0.382285,-0.72023,-0.334575,-0.694142,0.637358,-0.743595,0.609938,0.273935,-0.000402,-0.004753,0.004762,-0.056011,-0.01219,-0.040235,0.274473
928,0.079536,0.025119,0.368436,-0.553532,-0.457211,-0.696136,-0.371925,-0.612205,0.697746,-0.744512,0.645702,0.169699,-0.013261,-0.005965,0.011816,-0.035966,0.03263,-0.043283,0.412394,-0.19252,0.058009,0.335672,0.064221,0.403374,0.912774,-0.971972,-0.181794,0.14885,0.225908,-0.897228,0.379222,0.000785,-0.005986,0.011044,-0.03047,-0.011973,0.000203,-1.405527,0.02344,0.051618,-0.009088,-0.05293,-0.383873,0.921866,0.990164,0.099546,0.098303,-0.129505,0.918003,0.374828,0.000145,0.002659,0.001761,-0.005182,0.012588,0.010085,-0.801881,0.054432,0.036096,-0.056578,-0.576073,-0.379896,-0.723752,-0.338374,-0.695171,0.634223,-0.744071,0.610258,0.271923,-0.006574,-0.002804,0.006036,-0.027915,0.043481,-0.044898,0.316928
929,0.079218,0.02482,0.369107,-0.559937,-0.436731,-0.704117,-0.398521,-0.603128,0.690934,-0.725734,0.668027,0.164549,-0.01118,0.000123,0.016038,-1.19858,1.06916,0.427161,0.463169,-0.19252,0.058129,0.335786,0.066843,0.403228,0.91265,-0.972998,-0.175972,0.149137,0.220663,-0.898455,0.379407,0.000673,-0.008045,0.009677,-0.034668,-0.003063,0.007025,-1.4055,0.023441,0.051679,-0.009025,-0.055735,-0.38332,0.921931,0.990681,0.093696,0.098848,-0.124272,0.91885,0.374526,0.000331,-0.004107,0.004782,-0.035202,-0.002969,0.007386,-0.800575,0.05427,0.035935,-0.056249,-0.582394,-0.35964,-0.729023,-0.364138,-0.686386,0.629505,-0.726787,0.632086,0.268789,-0.006189,-0.005415,0.012449,-3.967644,3.848114,0.856353,0.394654
930,0.079087,0.024434,0.369998,-0.565592,-0.406896,-0.717347,-0.431264,-0.595517,0.677748,-0.702268,0.693199,0.162238,0.000764,-0.01212,0.023837,-0.037916,0.031298,0.222249,0.486141,-0.192496,0.058222,0.335858,0.067069,0.403448,0.912537,-0.972978,-0.175868,0.149391,0.220683,-0.898377,0.37958,0.000138,0.002545,0.001683,0.001596,-0.017004,0.023211,-1.405646,0.023453,0.051727,-0.008988,-0.055985,-0.383521,0.921832,0.990663,0.093609,0.09911,-0.124302,0.918775,0.3747,6.1e-05,0.001155,0.000762,0.001372,-0.017044,0.023152,-0.799269,0.054202,0.035746,-0.055795,-0.589678,-0.327193,-0.738392,-0.398531,-0.677317,0.618395,-0.70246,0.658927,0.269003,0.000409,-0.005928,0.012001,-0.061659,0.01088,0.201441,0.44854
931,0.079112,0.023822,0.371049,-0.582629,-0.356938,-0.730194,-0.4696,-0.585465,0.660817,-0.662655,0.728353,0.174406,0.000342,-0.020537,0.034146,-3.77033,4.03897,1.567043,0.491599,-0.192469,0.058207,0.335847,0.07187,0.402638,0.912529,-0.974991,-0.164319,0.149418,0.210027,-0.900924,0.379589,-6.2e-05,-0.001142,-0.000755,0.001103,0.000181,0.000459,-1.405879,0.023466,0.051722,-0.008992,-0.060695,-0.38229,0.922046,0.991686,0.081911,0.099239,-0.113464,0.920404,0.37414,-3.7e-05,-0.00071,-0.000473,0.000749,-0.000946,0.000482,-0.800248,0.054214,0.035446,-0.055283,-0.605277,-0.280937,-0.74479,-0.434019,-0.667861,0.604638,-0.667283,0.689227,0.282309,0.000846,-0.004658,0.012873,0.403146,0.723949,0.598618,0.468298
932,0.079118,0.02365,0.37163,-0.588299,-0.326861,-0.73967,-0.488158,-0.585705,0.647011,-0.643985,0.742118,0.185936,-0.009751,-0.002878,0.030038,0.223206,-0.44499,3.252556,0.498847,-0.192479,0.058193,0.335838,0.071921,0.402695,0.9125,-0.974988,-0.164289,0.149475,0.210026,-0.900905,0.379636,-3.5e-05,-0.000648,-0.000429,0.0,-0.0,-0.0,-1.405584,0.023461,0.051713,-0.008998,-0.060749,-0.38235,0.922017,0.991682,0.081889,0.099298,-0.11347,0.920381,0.374196,-2.3e-05,-0.000443,-0.000294,-0.00033,-0.000188,-0.000118,-0.797799,0.054219,0.035349,-0.054994,-0.615473,-0.248366,-0.748001,-0.454876,-0.663102,0.594459,-0.643645,0.706122,0.295146,0.001734,-0.002057,0.01465,0.642197,0.853163,0.690429,0.476136
933,0.079012,0.023446,0.373078,-0.600532,-0.271334,-0.752186,-0.517696,-0.585012,0.624278,-0.608685,0.76464,0.211791,-0.008685,-0.006971,0.04324,-3.894887,3.766435,1.768826,0.514852,-0.192583,0.058127,0.335801,0.071682,0.402512,0.912599,-0.975003,-0.164419,0.149228,0.210035,-0.900962,0.379494,-6.9e-05,-0.001257,-0.000832,0.0,-0.0,-0.0,-1.405753,0.023409,0.051678,-0.009018,-0.060487,-0.382189,0.922101,0.991696,0.082025,0.099049,-0.113491,0.920436,0.374055,-3.5e-05,-0.000648,-0.000428,-0.000225,-3.9e-05,-0.0001,-0.795839,0.054166,0.035249,-0.054275,-0.625941,-0.192138,-0.75583,-0.483329,-0.665028,0.569324,-0.612038,0.721678,0.323402,-0.004471,-0.003772,0.021415,0.300295,0.386303,0.604273,0.496384
934,0.078966,0.022866,0.374894,-0.603012,-0.236524,-0.761891,-0.526516,-0.599519,0.602768,-0.598593,0.764918,0.237938,0.00306,-0.019746,0.050676,0.152138,0.343532,0.365073,0.514615,-0.192686,0.05807,0.33577,0.071556,0.402443,0.912639,-0.975011,-0.164484,0.149104,0.210041,-0.900981,0.379446,-0.000112,-0.002043,-0.001352,0.0,-0.0,-0.0,-1.405555,0.023358,0.051651,-0.009032,-0.06035,-0.382131,0.922135,0.991702,0.082095,0.098923,-0.113505,0.920454,0.374006,-5.9e-05,-0.001091,-0.000721,-0.000152,-1.7e-05,-7.2e-05,-0.798289,0.054142,0.034962,-0.053348,-0.630716,-0.152373,-0.760907,-0.496561,-0.674263,0.546622,-0.596341,0.7226,0.349606,0.001564,-0.009683,0.025462,0.07756,0.260868,0.323719,0.507651
935,0.07899,0.022613,0.375922,-0.605602,-0.215925,-0.765942,-0.536658,-0.599906,0.593364,-0.586868,0.77066,0.248385,0.004708,-0.014911,0.053894,0.106179,0.272552,0.359616,0.510249,-0.192733,0.058033,0.335749,0.07139,0.402302,0.912715,-0.975022,-0.164575,0.14893,0.210046,-0.901027,0.379333,-0.000117,-0.002124,-0.001407,0.0,-0.0,-0.0,-1.405437,0.023334,0.051632,-0.009043,-0.060168,-0.382004,0.922199,0.991712,0.082186,0.098747,-0.113514,0.920498,0.373894,-6.2e-05,-0.001123,-0.000742,-0.000133,-2.7e-05,-4.6e-05,-0.798452,0.05415,0.034835,-0.052858,-0.633647,-0.131868,-0.762299,-0.506994,-0.673485,0.537934,-0.584334,0.727342,0.359896,-0.003915,-0.005742,0.028043,0.102868,0.296731,0.338282,0.507325
936,0.078997,0.022339,0.378141,-0.610064,-0.180885,-0.771458,-0.552409,-0.600925,0.577673,-0.567328,0.778802,0.267646,-0.005121,-0.003754,0.061086,0.344074,0.615547,0.525896,0.501862,-0.192798,0.058012,0.335739,0.071313,0.40226,0.912739,-0.975027,-0.164615,0.148854,0.21005,-0.901039,0.379305,-1e-06,-1.7e-05,-1.1e-05,0.0,-0.0,-0.0,-1.405712,0.023301,0.051618,-0.00905,-0.060084,-0.38197,0.922219,0.991716,0.082229,0.09867,-0.113522,0.920509,0.373865,3e-06,5e-05,3.4e-05,-9.1e-05,2e-06,-3e-05,-0.799268,0.054156,0.034691,-0.051753,-0.637972,-0.098807,-0.763693,-0.523563,-0.671587,0.524262,-0.564688,0.734307,0.376722,0.003741,-0.003268,0.029661,-0.000552,0.222802,0.145137,0.498017
937,0.07901,0.022488,0.380393,-0.616883,-0.15941,-0.770772,-0.556639,-0.604005,0.570353,-0.555709,0.78108,0.284831,0.010298,0.008743,0.05321,0.177538,0.400735,0.253985,0.49721,-0.192852,0.058012,0.335743,0.071199,0.402177,0.912785,-0.975035,-0.164677,0.148737,0.210054,-0.901065,0.379241,-0.0,-0.0,-0.0,0.0,-0.0,-0.0,-1.405335,0.023274,0.05162,-0.009047,-0.05996,-0.381896,0.922257,0.991723,0.082293,0.098552,-0.113532,0.920533,0.373801,2e-06,1.9e-05,1.6e-05,-5.2e-05,-1e-05,8e-06,-0.800412,0.054162,0.034769,-0.050601,-0.645345,-0.075982,-0.760102,-0.528015,-0.674691,0.515742,-0.552022,0.734178,0.395289,0.005215,0.004675,0.026806,0.195411,0.413642,0.266847,0.492139
938,0.078979,0.022991,0.382588,-0.629917,-0.151247,-0.761823,-0.550793,-0.60459,0.575387,-0.546839,0.78224,0.298489,-0.01393,0.017146,0.058203,-0.057777,0.096672,0.027988,0.489156,-0.19289,0.05799,0.335731,0.07108,0.402078,0.912837,-0.975043,-0.164742,0.148613,0.210057,-0.901096,0.379163,-7.3e-05,-0.001315,-0.000871,0.0,-0.0,-0.0,-1.405454,0.023256,0.051612,-0.009051,-0.05983,-0.381808,0.922302,0.99173,0.082357,0.098427,-0.113538,0.920564,0.373723,-4.8e-05,-0.000866,-0.000575,-2.6e-05,1.2e-05,-1.6e-05,-0.801228,0.054153,0.035018,-0.049523,-0.658269,-0.068555,-0.749653,-0.521908,-0.676086,0.520114,-0.542487,0.733626,0.409268,-0.000567,0.007589,0.028486,-0.097683,0.014919,0.071415,0.482178
939,0.078951,0.023403,0.383677,-0.638013,-0.150212,-0.755262,-0.546154,-0.603176,0.581262,-0.542081,0.783528,0.303741,0.000402,0.026561,0.048291,-0.043431,0.127413,-0.10966,0.489973,-0.192909,0.057961,0.335713,0.070985,0.401993,0.912882,-0.975049,-0.164794,0.148513,0.21006,-0.901125,0.379094,-0.00012,-0.002153,-0.001427,-0.001591,0.017004,-0.023211,-1.405614,0.023246,0.051599,-0.009059,-0.059742,-0.381743,0.922335,0.991735,0.0824,0.098341,-0.113541,0.920587,0.373666,-2.3e-05,-0.000413,-0.000274,-2.1e-05,-1.2e-05,-1.7e-05,-0.801881,0.054134,0.03522,-0.048975,-0.665985,-0.068641,-0.742799,-0.517137,-0.675159,0.52605,-0.537616,0.734471,0.41415,-0.000414,0.008001,0.028641,-0.099094,0.058632,-0.027953,0.477769
940,0.078723,0.024362,0.385667,-0.643213,-0.148073,-0.751263,-0.544505,-0.601388,0.584654,-0.537578,0.785306,0.307135,-0.012112,0.029122,0.049464,-0.070083,0.094714,-0.137551,0.498104,-0.192966,0.057917,0.335688,0.070785,0.401824,0.912973,-0.975063,-0.164904,0.148303,0.210066,-0.90118,0.378959,-5.3e-05,-0.000946,-0.000627,0.0,0.0,0.0,-1.405171,0.023217,0.051573,-0.009074,-0.059508,-0.381577,0.922418,0.991748,0.082513,0.098114,-0.11355,0.920646,0.373518,-3.1e-05,-0.000569,-0.000374,-2.6e-05,1e-06,9e-06,-0.802208,0.054026,0.035704,-0.047977,-0.670878,-0.067289,-0.738507,-0.515441,-0.673664,0.529619,-0.533144,0.735967,0.417263,-0.006209,0.014207,0.024521,-0.078479,3.3e-05,0.006871,0.483811
941,0.07821,0.02535,0.387427,-0.646312,-0.145546,-0.749094,-0.544109,-0.600398,0.586037,-0.534252,0.786532,0.30979,-0.014124,0.029928,0.034053,-0.032111,0.011742,0.003725,0.497705,-0.193026,0.057822,0.335629,0.070683,0.401752,0.913012,-0.975069,-0.164959,0.148199,0.21007,-0.901202,0.378905,-0.000124,-0.002214,-0.001469,0.0,0.0,0.0,-1.405037,0.023187,0.051526,-0.009103,-0.059397,-0.381514,0.922452,0.991754,0.082568,0.098008,-0.113556,0.920667,0.373464,-6.5e-05,-0.001149,-0.000762,-1.7e-05,-2.4e-05,3.8e-05,-0.802861,0.053781,0.036203,-0.047099,-0.673879,-0.065138,-0.735964,-0.514957,-0.672891,0.53107,-0.529817,0.736867,0.419904,-0.007689,0.009679,0.021536,-0.078853,0.01541,-0.018817,0.487077
942,0.077936,0.025749,0.388139,-0.647472,-0.142964,-0.748589,-0.544216,-0.600924,0.585398,-0.532737,0.7866,0.312216,-0.01526,0.026439,0.031789,-0.026246,0.020116,0.007747,0.496441,-0.193029,0.057771,0.335595,0.070681,0.401751,0.913013,-0.975069,-0.16496,0.148198,0.21007,-0.901203,0.378904,-0.000179,-0.003186,-0.002115,-0.001589,0.017004,-0.023211,-1.405182,0.023186,0.051503,-0.009118,-0.059411,-0.381526,0.922446,0.991753,0.082561,0.098022,-0.113556,0.920663,0.373475,-5.6e-05,-0.001026,-0.000681,-1e-05,5e-06,2.2e-05,-0.803024,0.053633,0.036421,-0.046714,-0.675172,-0.062604,-0.734997,-0.515008,-0.673347,0.530442,-0.528116,0.73667,0.422384,-0.007791,0.012831,0.015665,-0.047535,-0.003998,-0.003203,0.486914
943,0.077457,0.026441,0.389238,-0.649439,-0.137876,-0.747839,-0.544327,-0.602465,0.583708,-0.530225,0.786323,0.317151,-0.005842,0.021786,0.013291,0.121225,0.257113,-0.070095,0.489839,-0.193007,0.057668,0.335525,0.070637,0.40169,0.913043,-0.975073,-0.164986,0.148146,0.21007,-0.901224,0.378852,0.011953,-0.003,-0.002829,0.000455,0.001799,0.006034,-1.405285,0.023192,0.051451,-0.009154,-0.05934,-0.381457,0.922479,0.991757,0.082597,0.097951,-0.113558,0.920688,0.373412,-4.5e-05,-0.000822,-0.000545,6e-06,1.3e-05,-2e-05,-0.804004,0.053405,0.036761,-0.046174,-0.676872,-0.058353,-0.733783,-0.515194,-0.67444,0.528871,-0.525754,0.736019,0.426446,-0.009358,0.011669,0.007161,0.224002,0.303707,0.134066,0.481852
944,0.076698,0.027079,0.389457,-0.652867,-0.13007,-0.746252,-0.53885,-0.612676,0.578136,-0.531603,0.779724,0.330842,-0.022754,0.018479,-0.004066,0.25652,0.327202,0.107971,0.479664,-0.192983,0.05761,0.335484,0.070579,0.401617,0.913079,-0.975077,-0.16502,0.148081,0.21007,-0.901251,0.378789,-9.5e-05,-0.001697,-0.001128,0.0,0.0,0.0,-1.4055,0.023209,0.05142,-0.009176,-0.059279,-0.381388,0.922511,0.99176,0.082627,0.097889,-0.113559,0.920714,0.373347,-5.1e-05,-0.00092,-0.000613,-0.001592,0.017009,-0.023196,-0.804657,0.053035,0.037087,-0.046044,-0.680335,-0.051071,-0.731118,-0.509749,-0.683783,0.522106,-0.526591,0.727895,0.439168,-0.012071,0.003726,0.002341,0.382096,0.547546,0.186066,0.472217
945,0.075828,0.027611,0.389012,-0.659381,-0.114344,-0.743093,-0.534966,-0.623133,0.570515,-0.527467,0.773857,0.350643,-0.025408,0.017922,-0.0198,0.303064,0.336901,0.105954,0.466719,-0.193014,0.057551,0.335447,0.070605,0.401659,0.913059,-0.975075,-0.165004,0.148112,0.21007,-0.901235,0.378826,-6.4e-05,-0.001145,-0.000761,0.0,0.0,0.0,-1.405218,0.023193,0.051389,-0.009195,-0.05931,-0.381427,0.922493,0.991758,0.082612,0.097921,-0.113558,0.920699,0.373384,-3e-05,-0.000552,-0.000367,0.0,-1.4e-05,9e-06,-0.804984,0.052581,0.03736,-0.046273,-0.687162,-0.035052,-0.725656,-0.505935,-0.693731,0.512606,-0.521379,0.719379,0.458972,-0.012927,0.008308,-0.01028,0.288735,0.323767,0.100793,0.453765
946,0.075395,0.027772,0.388627,-0.66142,-0.113159,-0.74146,-0.525508,-0.635459,0.565689,-0.534364,0.763941,0.361768,-0.015106,0.009222,-0.025158,0.390941,0.420738,0.18237,0.465532,-0.193024,0.057537,0.335438,0.072262,0.403712,0.912023,-0.974799,-0.164688,0.150262,0.210781,-0.900377,0.380468,-1.9e-05,-0.000346,-0.00023,-0.0,-0.0,0.0,-1.405105,0.023188,0.051381,-0.009201,-0.061196,-0.383357,0.92157,0.991563,0.082349,0.1001,-0.114265,0.919921,0.375083,-8e-06,-0.000148,-9.8e-05,0.000456,0.001267,-0.001402,-0.805637,0.052381,0.037437,-0.046451,-0.688701,-0.035413,-0.724179,-0.496768,-0.70448,0.506881,-0.52812,0.708839,0.467584,-0.007798,0.003882,-0.013009,0.534389,0.444603,0.152943,0.447397
947,0.074692,0.027554,0.387477,-0.665359,-0.106275,-0.73895,-0.51832,-0.646632,0.559628,-0.536482,0.755497,0.376084,-0.009617,-0.012961,-0.038889,0.197038,0.196696,0.016724,0.486929,-0.193041,0.057559,0.335454,0.072168,0.403629,0.912067,-0.974806,-0.16474,0.150162,0.210783,-0.900405,0.380401,0.000101,0.001787,0.001188,0.001589,-0.017004,0.023211,-1.405052,0.02318,0.051389,-0.009194,-0.061067,-0.383256,0.92162,0.991571,0.082408,0.099971,-0.114263,0.919958,0.374994,1.3e-05,0.000228,0.000153,1.9e-05,2.6e-05,-2e-05,-0.80678,0.052016,0.037341,-0.047034,-0.693102,-0.027407,-0.720317,-0.489557,-0.715572,0.498287,-0.529096,0.698,0.482547,-0.005108,-0.007379,-0.019981,0.158986,0.158407,-0.001035,0.459644
948,0.07417,0.026747,0.385512,-0.669382,-0.099787,-0.736217,-0.510378,-0.658368,0.553208,-0.539078,0.746178,0.390692,-0.004152,-0.035253,-0.053182,0.48731,0.537594,0.151983,0.491614,-0.193037,0.057617,0.335493,0.072381,0.403843,0.911956,-0.974791,-0.164619,0.150393,0.210779,-0.900332,0.380577,0.000124,0.002213,0.001471,0.0,0.0,0.0,-1.404739,0.023181,0.051419,-0.009175,-0.061302,-0.383452,0.921523,0.991557,0.082291,0.100203,-0.114256,0.919886,0.37517,4e-05,0.000709,0.000471,1.1e-05,0.0,-4e-06,-0.807106,0.051757,0.036955,-0.047995,-0.696399,-0.023517,-0.717268,-0.481985,-0.725177,0.491739,-0.531711,0.68816,0.493678,-0.007837,-0.011438,-0.030478,0.238393,-0.00555,-0.135882,0.477279
949,0.073976,0.026183,0.384257,-0.671023,-0.101519,-0.734485,-0.500002,-0.669532,0.54927,-0.546694,0.735941,0.399431,-0.005284,-0.031346,-0.066709,0.296817,0.276085,0.054428,0.487271,-0.193027,0.057647,0.335512,0.072457,0.403914,0.911918,-0.974785,-0.164576,0.150474,0.210777,-0.900308,0.380635,7.6e-05,0.001358,0.000903,0.0,0.0,0.0,-1.404925,0.023187,0.051437,-0.009163,-0.061401,-0.38353,0.921484,0.991552,0.082243,0.1003,-0.114254,0.919858,0.375241,4.6e-05,0.000834,0.000553,5e-06,-2e-06,1.9e-05,-0.807433,0.051659,0.036667,-0.04862,-0.698558,-0.023521,-0.715166,-0.471435,-0.736748,0.484717,-0.538298,0.675757,0.503573,-0.00299,-0.016751,-0.034009,0.318417,0.324136,0.044727,0.476626
950,0.073479,0.025091,0.38138,-0.682624,-0.070842,-0.727359,-0.492777,-0.690382,0.529637,-0.538833,0.720055,0.437273,-0.018318,-0.022581,-0.077756,0.869883,1.01698,0.382588,0.47667,-0.192988,0.057683,0.335534,0.072506,0.403942,0.911902,-0.974782,-0.164551,0.150522,0.210775,-0.900299,0.380655,7.9e-05,0.001401,0.000931,0.0,0.0,0.0,-1.404918,0.023206,0.051455,-0.009152,-0.061453,-0.383554,0.92147,0.991549,0.082218,0.100349,-0.114251,0.91985,0.375261,4.3e-05,0.000773,0.000514,0.001598,-0.016997,0.023206,-0.80776,0.05141,0.036102,-0.050064,-0.709589,0.003768,-0.704604,-0.464709,-0.754176,0.463964,-0.529648,0.656661,0.536906,-0.0086,-0.006348,-0.043527,0.634405,0.642351,0.222705,0.466502
951,0.072894,0.024429,0.378332,-0.695606,-0.033674,-0.717665,-0.485173,-0.714733,0.503722,-0.529041,0.698624,0.481733,-0.015047,-0.006075,-0.083611,0.884245,1.044354,0.23904,0.457078,-0.192988,0.05769,0.335538,0.07501,0.403618,0.911843,-0.975731,-0.158712,0.150644,0.205439,-0.901493,0.380748,0.0,7e-06,5e-06,0.0,0.0,0.0,-1.405293,0.023207,0.051461,-0.009148,-0.063923,-0.383013,0.921528,0.992003,0.076306,0.100526,-0.108821,0.920585,0.375072,-0.0,-2.7e-05,-1.9e-05,-0.00011,-0.000397,-1.1e-05,-0.807923,0.051109,0.035748,-0.051597,-0.722739,0.040262,-0.689946,-0.457946,-0.775587,0.434452,-0.517622,0.629954,0.578985,-0.001873,-0.010048,-0.038424,0.923765,1.07069,0.493585,0.444948
952,0.072266,0.023867,0.37563,-0.706649,0.000304,-0.707596,-0.48282,-0.731259,0.481784,-0.516416,0.682091,0.517777,-0.027741,-0.017042,-0.059851,0.516273,0.592047,0.1491,0.456426,-0.192997,0.057698,0.335544,0.075005,0.403619,0.911843,-0.975731,-0.158714,0.15064,0.205439,-0.901492,0.380749,1e-06,2.1e-05,1.4e-05,0.0,0.0,0.0,-1.404874,0.023202,0.051464,-0.009146,-0.063917,-0.383017,0.921526,0.992003,0.076312,0.100523,-0.108826,0.920583,0.375077,-1e-06,-6e-06,-4e-06,-8.5e-05,-1.2e-05,-4.8e-05,-0.80776,0.050798,0.035465,-0.05296,-0.734108,0.074067,-0.674981,-0.456395,-0.789839,0.409703,-0.502781,0.608824,0.613631,-0.007316,-0.009536,-0.030517,0.587162,0.754718,0.081274,0.430088
953,0.071936,0.023567,0.374437,-0.710775,0.010596,-0.703371,-0.480037,-0.738214,0.473895,-0.513339,0.674461,0.530672,-0.02663,-0.013765,-0.05792,0.488431,0.537929,0.155201,0.45967,-0.193005,0.057705,0.335549,0.075001,0.403619,0.911843,-0.975732,-0.158716,0.150636,0.20544,-0.901491,0.38075,4.3e-05,0.000765,0.000508,0.0,0.0,0.0,-1.404633,0.023198,0.051466,-0.009145,-0.063911,-0.383018,0.921526,0.992003,0.076316,0.100519,-0.108828,0.920582,0.375078,2.8e-05,0.000502,0.000336,-6.6e-05,-4.2e-05,-3.4e-05,-0.807433,0.050633,0.035313,-0.053558,-0.737988,0.083192,-0.669665,-0.453974,-0.795441,0.401473,-0.49928,0.600293,0.624793,-0.006952,-0.008461,-0.029933,0.616556,0.673281,0.257572,0.432048
954,0.071397,0.022709,0.372438,-0.715239,0.017774,-0.698686,-0.47587,-0.744564,0.468127,-0.511012,0.667282,0.541874,-0.013123,-0.021428,-0.047388,0.182469,0.182145,-0.016647,0.450837,-0.192994,0.057765,0.335577,0.07513,0.403744,0.911777,-0.975727,-0.15862,0.150764,0.205412,-0.901452,0.380857,0.000127,0.002272,0.001508,0.00159,-0.017005,0.023211,-1.404889,0.023203,0.051493,-0.009132,-0.064038,-0.38312,0.921475,0.991998,0.076232,0.100633,-0.108801,0.920547,0.375172,3.2e-05,0.000586,0.00039,-3.6e-05,-1e-06,-6.6e-05,-0.807596,0.050357,0.034885,-0.054563,-0.742423,0.090233,-0.663826,-0.450106,-0.801105,0.394505,-0.496197,0.591682,0.635373,-0.006294,-0.010077,-0.023235,0.194255,0.182761,0.016222,0.430415
955,0.071013,0.021875,0.371048,-0.713316,0.027256,-0.700344,-0.476874,-0.751176,0.456396,-0.51276,0.659494,0.549701,-0.009422,-0.018383,-0.029315,0.226625,0.272629,0.071593,0.424909,-0.192983,0.057786,0.335602,0.076911,0.405886,0.910677,-0.975431,-0.158259,0.153041,0.206154,-0.900556,0.382574,5e-06,8.5e-05,5.7e-05,-0.0,-0.0,0.0,-1.404897,0.023209,0.051509,-0.009116,-0.066083,-0.385151,0.920483,0.991782,0.075922,0.102969,-0.109544,0.919724,0.376969,-0.0,-2e-06,-1e-06,0.00079,0.002344,-0.002626,-0.807596,0.050161,0.034457,-0.055272,-0.74055,0.099454,-0.6646,-0.451395,-0.806267,0.382327,-0.497822,0.58313,0.641975,0.001851,-0.010322,-0.015322,0.287497,0.335009,0.130656,0.406085
956,0.070888,0.02164,0.370515,-0.716229,0.035787,-0.69698,-0.475586,-0.755938,0.44983,-0.50989,0.653608,0.559318,-0.005547,-0.000726,-0.033201,0.457392,0.492449,0.244881,0.418493,-0.192983,0.057778,0.335597,0.076798,0.405774,0.910736,-0.97544,-0.158323,0.15292,0.206156,-0.900595,0.382481,-2.6e-05,-0.000468,-0.000311,-0.0,-0.0,0.0,-1.404871,0.023209,0.051505,-0.009119,-0.065939,-0.385029,0.920545,0.991792,0.075986,0.102824,-0.109539,0.91977,0.376858,-1.7e-05,-0.000294,-0.000197,8.3e-05,0.000273,-0.000326,-0.807923,0.050096,0.03433,-0.055539,-0.743279,0.106545,-0.660441,-0.450193,-0.809905,0.376003,-0.494834,0.576801,0.649952,-0.003261,-0.005322,-0.01195,0.622377,0.736645,0.334656,0.392042
957,0.070644,0.021534,0.369811,-0.722384,0.057676,-0.689115,-0.473848,-0.767093,0.432444,-0.502781,0.638852,0.582329,-0.002137,0.001377,-0.015394,0.632189,0.764989,0.396955,0.411617,-0.192985,0.057749,0.335577,0.078453,0.407798,0.909691,-0.975155,-0.158004,0.155055,0.206877,-0.899738,0.384103,-7.7e-05,-0.001383,-0.000918,-0.0,-0.0,0.0,-1.404588,0.023208,0.051491,-0.009128,-0.067814,-0.386922,0.919615,0.991587,0.075723,0.104981,-0.110255,0.918997,0.378532,-4.3e-05,-0.000772,-0.000514,0.000278,0.000771,-0.000873,-0.809229,0.049973,0.034278,-0.055902,-0.749334,0.127052,-0.649889,-0.448888,-0.818971,0.357469,-0.486823,0.559592,0.670715,-0.000796,0.001375,-0.007207,0.576883,0.708314,0.373127,0.377509
958,0.070718,0.021571,0.369496,-0.727314,0.077625,-0.681934,-0.473207,-0.776395,0.416242,-0.49624,0.625335,0.60227,0.013729,0.006552,-0.011413,0.332859,0.348756,0.247414,0.388287,-0.192995,0.05772,0.335559,0.078376,0.407727,0.909729,-0.97516,-0.158047,0.154974,0.206879,-0.899763,0.384045,-6e-06,-0.000107,-7.1e-05,0.0,0.0,0.0,-1.404452,0.023203,0.051473,-0.00914,-0.067723,-0.386851,0.919651,0.991593,0.075764,0.104891,-0.110254,0.919024,0.378467,-1e-06,-2.8e-05,-1.8e-05,8e-06,2e-05,-1.7e-05,-0.811189,0.050006,0.034299,-0.056052,-0.754527,0.147268,-0.63953,-0.448827,-0.826759,0.33915,-0.478792,0.542937,0.689911,3.6e-05,7.4e-05,5.3e-05,0.351775,0.452419,0.239733,0.355465
959,0.070799,0.02173,0.369488,-0.73012,0.086065,-0.67791,-0.472377,-0.780422,0.4096,-0.492901,0.619177,0.611306,0.002378,0.006423,0.004593,0.349376,0.433856,0.262395,0.376848,-0.192995,0.057734,0.335568,0.078504,0.407854,0.909661,-0.97515,-0.157974,0.155111,0.206877,-0.899718,0.38415,7.1e-05,0.001273,0.000845,0.0,0.0,0.0,-1.404608,0.023203,0.051478,-0.009137,-0.067864,-0.386967,0.919592,0.991583,0.075694,0.105029,-0.110251,0.918981,0.378573,4.3e-05,0.000767,0.000508,0.001597,-0.017012,0.023202,-0.811352,0.050049,0.034372,-0.056067,-0.756836,0.154008,-0.635199,-0.448348,-0.829477,0.333092,-0.475585,0.536887,0.696828,0.001849,0.008547,-0.002079,0.448093,0.513158,0.337244,0.338809
960,0.071074,0.022245,0.369734,-0.732653,0.08955,-0.674719,-0.470781,-0.782611,0.407256,-0.490667,0.615908,0.616385,0.018033,0.011143,0.0082,0.001502,0.057023,-0.092253,0.374275,-0.192975,0.057756,0.335581,0.078585,0.407924,0.909623,-0.975144,-0.157929,0.155195,0.206875,-0.899695,0.384207,3.1e-05,0.000556,0.000369,0.0,0.0,0.0,-1.404599,0.023213,0.051492,-0.009128,-0.067953,-0.38703,0.919559,0.991578,0.075651,0.105115,-0.110248,0.918958,0.37863,1.9e-05,0.00035,0.000232,8e-06,-9e-06,-1.9e-05,-0.812005,0.050183,0.034636,-0.055939,-0.759562,0.158437,-0.630842,-0.447007,-0.831699,0.329334,-0.472492,0.53214,0.70255,0.002713,0.007344,0.005227,-0.023718,-0.040776,0.012885,0.3215
961,0.071517,0.022921,0.369937,-0.732096,0.09626,-0.674399,-0.475558,-0.781056,0.404683,-0.486883,0.61686,0.61843,0.006377,0.024463,0.001018,0.034667,-0.0334,0.040395,0.382778,-0.192992,0.057778,0.335598,0.07859,0.407939,0.909615,-0.975144,-0.157925,0.155203,0.206876,-0.899688,0.384221,3.7e-05,0.000662,0.000439,0.0,0.0,0.0,-1.404718,0.023204,0.051503,-0.00912,-0.067959,-0.387045,0.919552,0.991577,0.075647,0.105122,-0.110249,0.918952,0.378644,2.3e-05,0.000417,0.000278,-1e-06,9e-06,5e-06,-0.812332,0.050414,0.034981,-0.055826,-0.759078,0.164759,-0.629804,-0.451808,-0.829844,0.327457,-0.468688,0.533116,0.704356,0.009102,0.005875,0.004282,-0.000845,-0.048628,0.076833,0.32297
962,0.071771,0.023876,0.370134,-0.728644,0.103417,-0.677073,-0.485826,-0.774859,0.404399,-0.481913,0.623471,0.615687,0.007963,0.028801,0.00401,-0.008277,-0.046085,0.084205,0.394744,-0.192983,0.057786,0.335602,0.078623,0.407967,0.9096,-0.975141,-0.157907,0.155237,0.206875,-0.899679,0.384243,0.0,1e-06,1e-06,0.0,0.0,0.0,-1.404986,0.023209,0.051508,-0.009117,-0.067996,-0.38707,0.919539,0.991575,0.075629,0.105158,-0.110247,0.918943,0.378666,-0.0,-1.7e-05,-1.2e-05,8e-06,-1.2e-05,-3.4e-05,-0.812495,0.050539,0.035454,-0.055731,-0.755756,0.171908,-0.631885,-0.462087,-0.823719,0.328575,-0.464012,0.540309,0.701967,0.004051,0.014591,0.002136,-0.057687,0.016643,0.156405,0.33342
963,0.071925,0.024383,0.370295,-0.725562,0.107929,-0.679673,-0.495484,-0.767341,0.407008,-0.476716,0.63194,0.611082,0.00739,0.020142,0.01411,-0.162486,-0.233183,-0.057429,0.41349,-0.192983,0.057786,0.335602,0.078623,0.407967,0.9096,-0.975141,-0.157907,0.155237,0.206875,-0.899679,0.384243,0.0,0.0,0.0,0.0,0.0,0.0,-1.405115,0.023209,0.051508,-0.009117,-0.067996,-0.387069,0.919539,0.991575,0.075628,0.105158,-0.110246,0.918943,0.378666,-1e-06,-1.1e-05,-8e-06,7e-06,-3.2e-05,-4.8e-05,-0.812495,0.050619,0.035718,-0.055649,-0.752807,0.177063,-0.633978,-0.471857,-0.816694,0.332205,-0.458945,0.549233,0.698363,0.003779,0.010305,0.007215,-0.168612,-0.246901,-0.06193,0.346647
964,0.07207,0.025485,0.370805,-0.718887,0.111034,-0.686234,-0.517169,-0.745081,0.421145,-0.46365,0.657514,0.593912,-0.002193,0.038732,0.010536,-0.408116,-0.516191,-0.414909,0.455237,-0.193009,0.057808,0.335618,0.084836,0.407838,0.9091,-0.975412,-0.152026,0.159351,0.2031,-0.900751,0.383747,9.2e-05,0.001648,0.001093,0.00093,-0.017756,0.025117,-1.404685,0.023196,0.051515,-0.009112,-0.074296,-0.386372,0.919345,0.991536,0.069804,0.109466,-0.106469,0.919697,0.377916,8e-06,0.000124,8.2e-05,0.000383,-0.019158,0.005834,-0.812658,0.050692,0.036253,-0.055399,-0.746478,0.182048,-0.640021,-0.493432,-0.796748,0.348879,-0.446423,0.576238,0.684583,0.004548,0.012411,0.008614,-0.637925,-0.840627,-0.337319,0.39841
965,0.072414,0.026478,0.371562,-0.712757,0.080689,-0.696787,-0.52047,-0.726799,0.448159,-0.469382,0.681982,0.5609,0.022149,0.023012,0.015997,-0.753679,-0.968032,-0.366865,0.480827,-0.193034,0.057837,0.33564,0.084737,0.407756,0.909146,-0.975421,-0.15208,0.159249,0.203102,-0.900779,0.383681,7.2e-05,0.001284,0.000852,-0.0,0.0,0.0,-1.404725,0.023183,0.051531,-0.0091,-0.074086,-0.386339,0.919376,0.991556,0.069848,0.109254,-0.106426,0.919708,0.377902,4e-05,0.000721,0.000477,0.001646,-0.017076,0.022939,-0.812495,0.050853,0.03675,-0.055025,-0.740845,0.15422,-0.65373,-0.495684,-0.782323,0.377182,-0.453259,0.603477,0.656025,0.010371,0.006052,0.012283,-1.020926,-0.515158,-0.263416,0.437273
966,0.072712,0.026844,0.371947,-0.708137,0.057829,-0.703735,-0.52077,-0.715839,0.465129,-0.475988,0.695785,0.537909,0.009476,0.025998,0.017774,-0.84473,-1.130859,-0.505124,0.494825,-0.193034,0.057837,0.33564,0.086359,0.409726,0.908107,-0.975126,-0.151772,0.161336,0.203831,-0.899939,0.385262,1e-06,1.9e-05,1.2e-05,-0.0,0.0,0.0,-1.404539,0.023183,0.051534,-0.009098,-0.075932,-0.388191,0.918444,0.991338,0.069595,0.111373,-0.107154,0.918946,0.379544,-1e-06,-1.8e-05,-1e-05,0.000529,0.001566,-0.001824,-0.812658,0.051011,0.036944,-0.054826,-0.736012,0.13158,-0.664057,-0.495613,-0.772931,0.396163,-0.461143,0.620696,0.634099,0.010959,0.011243,0.007763,-0.95373,-1.304386,-0.566222,0.457031
967,0.073526,0.027523,0.372499,-0.695088,0.00265,-0.718951,-0.523011,-0.688027,0.503042,-0.492465,0.725672,0.480525,0.019491,0.01609,0.011056,-0.98181,-1.318253,-0.600088,0.519449,-0.193034,0.057844,0.335645,0.086373,0.40974,0.908099,-0.975124,-0.151764,0.161352,0.203831,-0.899934,0.385274,1e-06,2.5e-05,1.7e-05,-0.0,0.0,0.0,-1.404591,0.023183,0.051537,-0.009096,-0.075933,-0.388189,0.918445,0.991338,0.06959,0.111372,-0.107148,0.918947,0.379543,1e-06,-1e-06,-0.0,-1.2e-05,2.2e-05,-3.7e-05,-0.814291,0.051419,0.037298,-0.05454,-0.723044,0.078549,-0.686321,-0.496587,-0.749751,0.437349,-0.480217,0.65704,0.58111,0.015943,0.006256,0.004377,-1.110326,-1.519386,-0.675625,0.496384
968,0.074514,0.027832,0.372692,-0.680785,-0.050794,-0.730751,-0.526662,-0.659438,0.536415,-0.50829,0.750103,0.423099,0.027973,0.001949,0.001588,-0.798094,-1.092043,-0.474958,0.522143,-0.193033,0.057843,0.335655,0.086477,0.40984,0.908044,-0.97511,-0.151729,0.161473,0.203856,-0.899894,0.385353,2.6e-05,0.00047,0.000311,-0.0,0.0,0.0,-1.404642,0.023184,0.051535,-0.009091,-0.076048,-0.388281,0.918397,0.991327,0.069557,0.111494,-0.107172,0.918911,0.379624,1.5e-05,0.000303,0.0002,-1.5e-05,-4.3e-05,-2.5e-05,-0.815434,0.051912,0.037465,-0.054435,-0.70863,0.026291,-0.705089,-0.498954,-0.725239,0.474417,-0.498886,0.687994,0.527045,0.014388,0.005642,-0.004043,-0.787205,-1.280219,-0.332517,0.515653
969,0.07551,0.027791,0.37247,-0.668306,-0.082914,-0.739282,-0.531618,-0.641944,0.552505,-0.519562,0.76236,0.385863,0.025782,0.002989,-0.013653,-0.483229,-0.739896,-0.287206,0.522538,-0.193068,0.057865,0.335672,0.086444,0.409828,0.908053,-0.975112,-0.151745,0.161441,0.203858,-0.899897,0.385346,4.7e-05,0.000835,0.000554,-0.0,0.0,0.0,-1.404727,0.023166,0.051546,-0.009083,-0.076012,-0.388272,0.918403,0.991329,0.069575,0.111462,-0.107175,0.918914,0.379617,3.4e-05,0.000638,0.000424,-1.7e-05,-2e-05,1.1e-05,-0.816251,0.052411,0.037445,-0.05454,-0.696218,-0.004396,-0.717816,-0.50317,-0.710198,0.492378,-0.511957,0.703986,0.492241,0.012027,-0.004489,-0.00291,-0.494504,-0.728925,-0.301172,0.518918
970,0.075932,0.027685,0.372271,-0.662258,-0.094132,-0.74337,-0.534526,-0.635915,0.556656,-0.524301,0.766116,0.371754,0.010999,-0.007404,-0.004863,-0.541084,-0.74733,-0.336755,0.522913,-0.193104,0.05788,0.335684,0.086397,0.409802,0.908069,-0.975116,-0.15177,0.161394,0.20386,-0.899904,0.385327,7.5e-05,0.001338,0.000887,-0.0,0.0,0.0,-1.404582,0.023148,0.051552,-0.009078,-0.075962,-0.388249,0.918417,0.991333,0.069599,0.111415,-0.107177,0.918921,0.379598,4.1e-05,0.000763,0.000505,0.001581,-0.017,0.023192,-0.816251,0.052626,0.037392,-0.054645,-0.690399,-0.014134,-0.723289,-0.505896,-0.705254,0.496673,-0.517123,0.708813,0.479757,0.011479,-0.006041,-0.003958,-0.17614,-0.412862,0.126996,0.520225
971,0.076806,0.027173,0.371946,-0.64277,-0.117375,-0.757044,-0.546015,-0.622985,0.560115,-0.536577,0.773527,0.337296,0.02229,-0.014112,-0.009282,-0.446345,-0.745466,-0.074524,0.522546,-0.19315,0.057866,0.335678,0.088092,0.411868,0.906971,-0.97481,-0.151412,0.163566,0.204593,-0.899023,0.386991,-8.7e-05,-0.001543,-0.001023,-0.016203,-0.031652,0.031443,-1.404676,0.023126,0.051551,-0.009077,-0.077916,-0.390215,0.91742,0.991101,0.069295,0.113647,-0.10792,0.918112,0.381343,-4.3e-05,-0.000782,-0.000518,-0.016105,-0.03155,0.031245,-0.816251,0.053057,0.037134,-0.054809,-0.671093,-0.036514,-0.740472,-0.5174,-0.692262,0.503059,-0.53097,0.720721,0.445681,0.010495,-0.012477,-0.000345,-0.587126,-1.311672,0.571725,0.521205
972,0.07796,0.026201,0.371767,-0.617874,-0.161065,-0.769633,-0.556093,-0.60251,0.572463,-0.555153,0.781897,0.283672,0.034592,-0.018141,-0.011918,-0.898859,-1.469645,-0.246024,0.518643,-0.193178,0.057851,0.335671,0.087906,0.411702,0.907064,-0.974826,-0.151517,0.163371,0.204596,-0.899081,0.386854,-3e-06,-5.2e-05,-3.4e-05,-0.0,-0.0,0.0,-1.404595,0.023111,0.05154,-0.009083,-0.077677,-0.390027,0.91752,0.991121,0.069399,0.113408,-0.107907,0.918183,0.381174,-0.0,-1.4e-05,-8e-06,4.2e-05,0.000122,-0.000126,-0.816741,0.053628,0.036644,-0.0549,-0.646914,-0.075808,-0.758785,-0.527141,-0.674554,0.516814,-0.551021,0.734321,0.396418,0.01667,-0.014459,-0.001648,-0.767818,-1.111543,-0.297124,0.519082
973,0.078559,0.025808,0.371626,-0.605463,-0.190253,-0.772828,-0.558145,-0.590749,0.582633,-0.566648,0.784349,0.252455,0.021843,-0.022862,0.000718,-1.050672,-1.627867,-0.368047,0.518746,-0.193178,0.057851,0.335671,0.087906,0.411702,0.907064,-0.974826,-0.151517,0.163371,0.204596,-0.899081,0.386854,-0.0,-1e-06,-0.0,-0.0,0.0,0.0,-1.404381,0.023111,0.05154,-0.009083,-0.077675,-0.390027,0.91752,0.991121,0.0694,0.113407,-0.107907,0.918184,0.381173,0.0,1.1e-05,6e-06,2e-06,2.6e-05,1.7e-05,-0.81723,0.053921,0.036448,-0.054977,-0.634898,-0.102948,-0.765705,-0.528701,-0.664788,0.527761,-0.563363,0.739905,0.367644,0.017725,-0.007925,-0.005212,-0.957808,-1.469502,-0.482068,0.516796
974,0.079457,0.025399,0.371465,-0.580903,-0.238943,-0.77814,-0.570605,-0.562243,0.598552,-0.579808,0.792009,0.19124,0.011743,-0.005509,-0.003621,-0.845664,-1.3116,-0.469339,0.516068,-0.193167,0.05788,0.335689,0.087983,0.411771,0.907025,-0.974819,-0.151474,0.163451,0.204595,-0.899057,0.386912,6.4e-05,0.001133,0.000751,-0.010958,0.117348,-0.160192,-1.40476,0.023117,0.051553,-0.009075,-0.077869,-0.390179,0.917439,0.991106,0.069304,0.113596,-0.107905,0.918126,0.381313,4.2e-05,0.000747,0.000494,1.1e-05,9e-06,-7e-06,-0.818047,0.054382,0.036231,-0.05506,-0.609178,-0.152775,-0.778177,-0.541175,-0.637189,0.548742,-0.579681,0.755412,0.305484,0.012458,-0.00346,-0.002243,-0.965042,-1.619111,-0.344317,0.514183
975,0.080287,0.025366,0.371065,-0.543859,-0.275477,-0.792701,-0.592158,-0.543373,0.595035,-0.59398,0.793362,0.133384,0.012886,0.005023,-0.012462,-0.482711,-1.01765,0.053049,0.505952,-0.193118,0.05788,0.335742,0.088116,0.411868,0.906968,-0.974781,-0.151519,0.163638,0.20472,-0.899005,0.386966,0.000104,0.001845,0.001223,0.001589,-0.017001,0.023214,-1.40459,0.023141,0.051552,-0.009049,-0.077887,-0.390162,0.917445,0.991091,0.069418,0.11366,-0.108032,0.918125,0.38128,1.1e-05,0.000203,0.000134,-3e-06,7e-06,3.9e-05,-0.818537,0.054802,0.036216,-0.055259,-0.571619,-0.188825,-0.798495,-0.563232,-0.617375,0.549196,-0.596673,0.76367,0.246551,0.006447,0.002509,-0.006247,-0.451769,-0.974885,0.061861,0.506182
976,0.081051,0.025643,0.370635,-0.50918,-0.316198,-0.8005,-0.610092,-0.52346,0.594767,-0.606467,0.791616,0.074627,0.013675,0.000233,0.000277,-0.757164,-1.393921,-0.260417,0.487062,-0.193085,0.057844,0.335818,0.090709,0.411459,0.906898,-0.9756,-0.145873,0.163889,0.199622,-0.900126,0.387024,5.8e-05,0.001033,0.000684,0.0,0.0,0.0,-1.404676,0.023158,0.051536,-0.00901,-0.080454,-0.389544,0.917486,0.991437,0.063704,0.113986,-0.10285,0.918801,0.381083,0.000264,-0.005275,0.00401,-0.036356,0.013933,-0.016201,-0.818537,0.055171,0.036342,-0.055476,-0.538605,-0.224621,-0.812064,-0.58062,-0.599475,0.550916,-0.61056,0.768228,0.19246,0.01375,0.004003,-0.005167,-0.662965,-1.318267,-0.158522,0.48675
977,0.081382,0.025712,0.370625,-0.498735,-0.339861,-0.797373,-0.618252,-0.505298,0.602005,-0.606895,0.793641,0.042887,0.014582,0.002965,0.002131,-0.939182,-1.721042,-0.404638,0.478655,-0.193073,0.057845,0.335863,0.090761,0.411498,0.906876,-0.975574,-0.145939,0.163983,0.199723,-0.900098,0.387037,6.5e-05,0.001164,0.000771,0.0,0.0,0.0,-1.404561,0.023164,0.051537,-0.008987,-0.080509,-0.389579,0.917466,0.991422,0.063776,0.114079,-0.102956,0.918782,0.381103,3.8e-05,0.000693,0.000457,-8.8e-05,-2e-05,-2.1e-05,-0.818537,0.055342,0.036379,-0.055485,-0.52748,-0.248179,-0.812509,-0.588921,-0.58249,0.560246,-0.61232,0.774023,0.161094,0.007305,0.001476,0.001051,-0.835731,-1.516611,-0.326592,0.47581
978,0.081624,0.025977,0.370878,-0.474683,-0.390906,-0.788615,-0.640861,-0.460685,0.614035,-0.60275,0.797351,-0.030852,-0.009069,0.01347,0.00902,-0.844598,-1.600302,-0.414769,0.441493,-0.193084,0.057832,0.335956,0.090765,0.411496,0.906876,-0.975526,-0.146151,0.164078,0.199954,-0.900064,0.386996,0.000578,-0.009659,0.008615,-0.034668,-0.003009,0.007054,-1.404516,0.023158,0.051533,-0.008944,-0.080507,-0.389575,0.917469,0.9914,0.063973,0.114159,-0.103167,0.91877,0.381074,1.9e-05,0.000359,0.000237,-5e-05,-3e-06,-5.2e-05,-0.818537,0.05547,0.036504,-0.055365,-0.502881,-0.299868,-0.810671,-0.611395,-0.539563,0.578849,-0.610987,0.786734,0.087998,-0.004655,0.006336,0.004238,-0.892435,-1.661553,-0.44888,0.443641
979,0.081328,0.026475,0.371116,-0.461384,-0.45791,-0.759927,-0.641479,-0.419565,0.642217,-0.612349,0.784356,-0.099209,-0.009914,0.01087,0.007238,-0.900634,-1.659585,-0.751707,0.401296,-0.193086,0.057759,0.336067,0.09071,0.411423,0.906914,-0.975458,-0.146516,0.16416,0.200313,-0.900038,0.386872,0.000128,0.002278,0.001507,0.00159,-0.016979,0.02323,-1.404445,0.023157,0.051491,-0.008887,-0.080433,-0.389497,0.917508,0.991365,0.064376,0.114236,-0.10356,0.918774,0.380956,0.000253,-0.005437,0.003905,-0.036291,0.013977,-0.016191,-0.818537,0.055327,0.036767,-0.055236,-0.48718,-0.370444,-0.790838,-0.611568,-0.501727,0.611762,-0.62341,0.78169,0.017879,-0.004991,0.005254,0.003519,-1.010476,-1.997418,-0.898519,0.38453
980,0.081102,0.026688,0.371245,-0.45898,-0.489998,-0.741138,-0.638625,-0.398017,0.658569,-0.617118,0.776189,-0.129317,-0.022472,0.013805,0.009107,-0.864245,-1.572271,-0.671168,0.395973,-0.193082,0.057726,0.336124,0.0907,0.411401,0.906926,-0.975422,-0.146689,0.164218,0.200492,-0.90002,0.386821,8.2e-05,0.001458,0.000964,0.0,0.0,0.0,-1.404607,0.02316,0.051477,-0.008857,-0.080435,-0.389488,0.917511,0.991345,0.064546,0.114308,-0.103743,0.918766,0.380925,0.000277,-0.005007,0.004192,-0.036279,0.013978,-0.016201,-0.818537,0.055219,0.036872,-0.055172,-0.483595,-0.405099,-0.775905,-0.608288,-0.481865,0.630706,-0.629381,0.77698,-0.013389,-0.004994,0.005263,0.003516,-0.979871,-1.803096,-0.750684,0.364772
981,0.080215,0.027305,0.371535,-0.441446,-0.54597,-0.712101,-0.647015,-0.356214,0.674133,-0.621174,0.759014,-0.195111,-0.021324,0.024185,0.000154,-0.782449,-1.362159,-0.678131,0.397253,-0.193093,0.057655,0.336224,0.090621,0.411312,0.906974,-0.975361,-0.147044,0.164265,0.200825,-0.900002,0.386689,0.000497,-0.011097,0.007669,-0.036258,0.013963,-0.016181,-1.404364,0.023154,0.051444,-0.008805,-0.080347,-0.389406,0.917554,0.991317,0.064906,0.114352,-0.104084,0.918776,0.38081,0.000245,-0.00558,0.003815,-0.036275,0.013961,-0.016177,-0.818537,0.054775,0.037177,-0.055024,-0.464078,-0.463726,-0.754711,-0.616599,-0.442584,0.651093,-0.635953,0.767513,-0.080539,-0.017559,0.008138,0.005341,-1.004078,-1.543912,-0.682561,0.351219
