frame,MLTx,MLTy,MLTz,MLTR1,MLTR2,MLTR3,MLTR4,MLTR5,MLTR6,MLTR7,MLTR8,MLTR9,MLTTVx,MLTTVy,MLTTVz,MLTRVx,MLTRVy,MLTRVz,MLGA,MRTx,MRTy,MRTz,MRTR1,MRTR2,MRTR3,MRTR4,MRTR5,MRTR6,MRTR7,MRTR8,MRTR9,MRTTVx,MRTTVy,MRTTVz,MRTRVx,MRTRVy,MRTRVz,MRGA,SLTx,SLTy,SLTz,SLTR1,SLTR2,SLTR3,SLTR4,SLTR5,SLTR6,SLTR7,SLTR8,SLTR9,SLTTVx,SLTTVy,SLTTVz,SLTRVx,SLTRVy,SLTRVz,SLGA,SRTx,SRTy,SRTz,SRTR1,SRTR2,SRTR3,SRTR4,SRTR5,SRTR6,SRTR7,SRTR8,SRTR9,SRTTVx,SRTTVy,SRTTVz,SRTRVx,SRTRVy,SRTRVz,SRGA
963,0.01473,0.027781,0.345298,0.636941,0.154289,-0.755344,0.402184,0.769399,0.49623,0.656938,-0.620046,0.428955,-0.001507,-0.016621,0.021427,-0.317528,-0.448159,-0.102802,-1.894272,-0.203708,0.018587,0.308184,0.397737,-0.459683,0.794033,-0.299826,0.752694,0.58608,-0.867546,-0.470594,0.160528,0.025895,-0.014723,-0.015483,0.261988,0.629278,0.129177,0.267282,0.027764,0.05686,-0.040321,-0.440104,0.429354,0.788646,0.324581,-0.742824,0.58554,0.83723,0.513678,0.18756,0.012941,-0.007607,-0.007985,1.186682,1.401277,0.345903,0.186706,0.021806,0.066781,-0.053759,-0.639581,-0.150439,-0.753858,-0.419658,-0.753309,0.506371,-0.644067,0.640229,0.418669,0.005941,-0.010317,0.009676,-0.295034,-0.497938,-0.30959,-1.063271
964,0.01483,0.02717,0.346116,0.621884,0.198802,-0.757485,0.36994,0.777967,0.507823,0.689486,-0.596275,0.411209,-0.000424,-0.014782,0.023168,-0.362008,-0.360469,-0.241712,-1.895079,-0.202506,0.01809,0.307722,0.354131,-0.47962,0.802837,-0.263766,0.772293,0.577862,-0.897595,-0.415793,0.145954,0.040629,-0.020712,-0.003677,0.071846,0.200675,-0.08406,0.24422,0.02836,0.056613,-0.040558,-0.397335,0.451914,0.798685,0.289384,-0.764226,0.576381,0.87085,0.460143,0.172877,0.020174,-0.004085,-0.005118,0.41833,0.354883,-0.037591,0.165969,0.021854,0.066472,-0.053353,-0.625748,-0.194584,-0.755364,-0.38744,-0.762947,0.517495,-0.677,0.61648,0.402022,-0.00027,-0.007457,0.011505,-0.493296,-0.620124,-0.164003,-1.068659
965,0.014822,0.026909,0.346524,0.614267,0.219839,-0.757886,0.353286,0.782195,0.513159,0.704868,-0.583238,0.403759,-0.000754,-0.015345,0.022639,-0.253428,-0.437048,-0.30077,-1.895037,-0.20175,0.017877,0.307652,0.330021,-0.491077,0.806177,-0.239794,0.7823,0.574838,-0.913347,-0.382405,0.139383,0.041143,-0.015935,0.000806,0.067114,0.200173,-0.047315,0.243297,0.028737,0.056501,-0.040597,-0.373949,0.46451,0.80274,0.266026,-0.775443,0.57264,0.888476,0.427689,0.166404,0.020394,-0.00195,-0.003116,0.402308,0.497207,-0.180011,0.157314,0.021851,0.066343,-0.053148,-0.618713,-0.215556,-0.755466,-0.370958,-0.767508,0.5228,-0.69252,0.60371,0.394905,-0.0005,-0.007855,0.011136,-0.138272,-0.784643,-0.54197,-1.072088
966,0.014682,0.026451,0.347301,0.598824,0.250651,-0.760676,0.330556,0.787771,0.519732,0.72877,-0.562983,0.389835,0.001267,-0.004869,0.013953,-0.246791,-0.281097,-0.15613,-1.895409,-0.199953,0.017455,0.30783,0.285967,-0.512249,0.809825,-0.181992,0.800607,0.570825,-0.941084,-0.309975,0.134682,0.055977,-0.020646,0.013826,1.305771,1.038871,0.176318,0.260149,0.029631,0.056293,-0.040513,-0.332129,0.487057,0.807753,0.210494,-0.796496,0.56682,0.919446,0.358285,0.162017,0.027926,-0.004538,0.002999,4.549884,3.31851,0.71332,0.158947,0.02178,0.06611,-0.052756,-0.603663,-0.24736,-0.757894,-0.348388,-0.773226,0.529855,-0.717088,0.583896,0.38059,-0.007051,-0.005559,0.012433,-0.349443,-0.339148,-0.243874,-1.07617
967,0.014468,0.026053,0.34811,0.572716,0.292696,-0.765748,0.301554,0.793396,0.528733,0.761593,-0.53409,0.367086,-0.00128,-0.016236,0.021809,0.830063,-1.422611,-0.759331,-1.895194,-0.197835,0.016952,0.308392,0.235652,-0.536939,0.810034,-0.113526,0.812501,0.571742,-0.96541,-0.22602,0.129471,0.056531,-0.014727,0.019317,0.002532,0.238433,0.030389,0.29842,0.03069,0.056041,-0.040232,-0.282302,0.514795,0.8095,0.141477,-0.812255,0.565884,0.948835,0.274276,0.15647,0.028281,-0.006908,0.01008,0.294673,0.3405,0.252039,0.19928,0.021675,0.065911,-0.052345,-0.578712,-0.289684,-0.762348,-0.320014,-0.779149,0.538996,-0.750122,0.555886,0.3582,-0.00063,-0.008096,0.010937,0.792081,-1.476407,-0.799993,-1.080253
968,0.014375,0.025866,0.348478,0.556868,0.314834,-0.76865,0.28806,0.794775,0.534159,0.778387,-0.519261,0.352856,-0.012023,-0.000596,0.016231,0.914398,-1.393347,-0.689449,-1.8953,-0.196658,0.01661,0.308821,0.210292,-0.548394,0.809341,-0.076142,0.81606,0.572872,-0.974864,-0.18141,0.128816,0.057028,-0.025911,0.027092,0.024523,0.052938,0.112117,0.312006,0.031258,0.055884,-0.040024,-0.257634,0.527452,0.809579,0.104497,-0.817739,0.566023,0.960575,0.230426,0.155561,0.028537,-0.012458,0.013993,1.297725,0.937569,0.303105,0.220018,0.021632,0.065817,-0.052168,-0.56361,-0.311962,-0.764867,-0.307603,-0.780086,0.544833,-0.766631,0.54235,0.343704,-0.000737,-0.008496,0.010779,3.779483,-3.427339,-2.276638,-1.077803
969,0.014188,0.02559,0.349044,0.522831,0.351462,-0.776638,0.284563,0.786858,0.547586,0.802914,-0.507731,0.312353,-0.010947,0.008268,0.006016,-0.775622,-1.125921,-0.444799,-1.895463,-0.194462,0.015753,0.309895,0.15209,-0.572697,0.80553,-0.004651,0.814496,0.580092,-0.988479,-0.091259,0.120179,0.057345,-0.022435,0.030259,4.727216,3.50637,0.851061,0.320767,0.032377,0.055449,-0.03948,-0.203701,0.553837,0.807322,0.037916,-0.819531,0.571778,0.978298,0.147082,0.14594,0.028933,-0.016478,0.019344,1.202365,1.065565,0.148096,0.246144,0.021535,0.06568,-0.051878,-0.530794,-0.348666,-0.772456,-0.302242,-0.773643,0.556888,-0.791774,0.529062,0.305263,-0.005552,0.004018,0.002891,-0.7808,-1.124982,-0.452698,-1.086621
970,0.014041,0.025608,0.349341,0.496342,0.376995,-0.782026,0.281981,0.781965,0.555868,0.820464,-0.496883,0.282795,0.002417,0.004112,0.003835,-0.238743,-0.335405,-0.16622,-1.895402,-0.192414,0.014722,0.311351,0.10041,-0.588193,0.802457,0.056289,0.808509,0.585729,-0.993412,-0.012913,0.113261,0.043923,-0.018243,0.035027,-0.020814,0.215486,-0.021596,0.325708,0.033407,0.054932,-0.038754,-0.149482,0.573061,0.805764,-0.028626,-0.817086,0.575803,0.988349,0.063006,0.138544,0.022197,-0.014798,0.021372,0.245139,0.306283,0.15537,0.254309,0.021458,0.065684,-0.051734,-0.503474,-0.377205,-0.777321,-0.300165,-0.767268,0.566745,-0.810193,0.518666,0.273075,0.001021,0.001764,0.001637,-0.22382,-0.41332,-0.015285,-1.10491
971,0.014102,0.025682,0.349385,0.481308,0.395361,-0.782353,0.272031,0.781097,0.562014,0.832698,-0.483814,0.269377,0.001677,0.002854,0.00266,0.97081,-1.474655,-0.540805,-1.8952,-0.191487,0.014223,0.312155,0.091505,-0.591622,0.801,0.062433,0.80611,0.588407,-0.993894,-0.003099,0.109671,0.043928,-0.018143,0.03507,-0.209992,0.15395,0.227245,0.323598,0.033853,0.054697,-0.038364,-0.141574,0.576205,0.804949,-0.035538,-0.815574,0.57756,0.989289,0.053162,0.135941,0.02193,-0.009093,0.017511,-0.328714,0.310628,0.351368,0.256921,0.021489,0.065719,-0.051707,-0.492323,-0.391696,-0.777297,-0.294133,-0.765621,0.572109,-0.819208,0.510291,0.261723,0.001143,0.001963,0.001819,-0.352917,-0.610244,-0.116308,-1.103767
972,0.014201,0.025872,0.349452,0.461023,0.4193,-0.782107,0.264369,0.776442,0.572031,0.846544,-0.471003,0.248087,-0.010452,0.009088,0.006768,-0.371224,-0.581283,-0.347049,-1.895642,-0.190059,0.013307,0.313607,0.064695,-0.597155,0.799507,0.090244,0.801312,0.591344,-0.993831,0.034634,0.104704,0.030661,-0.031185,0.042152,-0.034382,0.21131,-0.129115,0.317109,0.034589,0.054238,-0.037621,-0.114362,0.583847,0.803768,-0.062996,-0.81171,0.580653,0.991439,0.01577,0.129609,0.015053,-0.009204,0.017859,0.309309,0.255962,0.096049,0.251859,0.021542,0.065814,-0.051679,-0.470366,-0.418457,-0.776948,-0.28182,-0.763091,0.581608,-0.836261,0.492528,0.241002,0.001066,0.001825,0.001688,-0.30152,-0.775363,-0.212887,-1.122055
973,0.014338,0.026098,0.349635,0.448855,0.432277,-0.78212,0.27058,0.768412,0.579917,0.851121,-0.472458,0.228919,0.003646,0.006213,0.005768,-0.375518,-0.532621,-0.283919,-1.89571,-0.188951,0.01256,0.315085,0.03897,-0.602355,0.797271,0.112159,0.79538,0.595588,-0.992908,0.066957,0.097532,0.029639,-0.005722,0.029138,-0.109188,0.139407,-0.046208,0.313968,0.035137,0.053858,-0.036894,-0.088892,0.590289,0.802281,-0.085326,-0.807022,0.584323,0.992379,-0.016514,0.122105,0.015086,-0.008604,0.018386,-0.109702,0.075458,0.11507,0.245981,0.021604,0.065924,-0.051591,-0.45888,-0.431178,-0.776861,-0.287657,-0.755163,0.58905,-0.840643,0.493774,0.222498,0.0017,0.002904,0.002691,-0.113797,-0.164549,-0.097526,-1.137894
974,0.014473,0.026419,0.3499,0.429868,0.441707,-0.787499,0.275773,0.766289,0.580278,0.859235,-0.46716,0.208578,0.005138,0.008765,0.008109,-0.434723,-0.617826,-0.334749,-1.895841,-0.188486,0.012056,0.316421,0.013981,-0.606671,0.794825,0.12856,0.789303,0.600339,-0.991554,0.09454,0.088009,0.002732,-0.017303,0.038617,-0.270988,0.294805,0.204776,0.313163,0.035386,0.053605,-0.036215,-0.065062,0.595385,0.800801,-0.102465,-0.802246,0.588133,0.992606,-0.043789,0.113202,0.001043,-0.002866,0.015527,-0.342587,0.423696,0.33177,0.243858,0.021671,0.066085,-0.051459,-0.440047,-0.441103,-0.782167,-0.292886,-0.752898,0.589374,-0.848867,0.488438,0.202117,0.002704,0.004623,0.004272,-0.101108,-0.263268,0.101368,-1.148671
975,0.014545,0.026592,0.350084,0.418047,0.449996,-0.789168,0.27654,0.764454,0.582329,0.864814,-0.462234,0.196123,0.00533,0.009098,0.0084,-0.419618,-0.599384,-0.323701,-1.895621,-0.188474,0.011922,0.317063,0.000615,-0.607545,0.79428,0.139844,0.786434,0.60158,-0.990108,0.111457,0.084426,0.002186,-0.004884,0.031778,0.26992,0.481098,-0.053137,0.311554,0.035392,0.053532,-0.035892,-0.050984,0.597588,0.80018,-0.112894,-0.799535,0.589913,0.992297,-0.060259,0.108227,0.00108,-0.002291,0.016011,1.229401,1.064284,0.19533,0.242715,0.021708,0.066173,-0.051365,-0.428213,-0.450027,-0.78365,-0.29375,-0.750767,0.591657,-0.854601,0.483553,0.189293,0.002795,0.004777,0.004405,-0.449444,-0.64955,-0.356048,-1.145732
976,0.01479,0.026981,0.350417,0.396714,0.459808,-0.794506,0.288544,0.759197,0.583382,0.870942,-0.461254,0.169503,0.005856,0.010012,0.009204,-0.217445,-0.438456,0.037297,-1.895959,-0.188697,0.011771,0.318358,-0.023374,-0.613217,0.789563,0.15794,0.777501,0.608671,-0.987075,0.139689,0.077665,0.002268,-0.003431,0.032996,0.669628,-1.091,2.22463,0.312142,0.035281,0.053456,-0.035245,-0.025837,0.602466,0.797725,-0.131106,-0.793141,0.594757,0.991031,-0.08922,0.09948,-0.005443,-0.00721,0.021071,0.017418,0.113206,-0.02406,0.240429,0.021831,0.066368,-0.051198,-0.406139,-0.461922,-0.788465,-0.306211,-0.744153,0.593691,-0.860979,0.482558,0.160784,0.002628,0.004503,0.004136,-0.237649,-0.454783,-0.01091,-1.144099
977,0.014972,0.027389,0.350745,0.374591,0.469292,-0.799682,0.300802,0.754324,0.583511,0.876596,-0.459704,0.142399,0.006065,0.010381,0.009503,-0.411854,-0.895214,0.714819,-1.896171,-0.189177,0.011582,0.319812,-0.026014,-0.624807,0.78034,0.168885,0.766542,0.619537,-0.985193,0.148678,0.084578,-0.024417,-0.012762,0.04446,-0.041829,-0.091956,0.174114,0.311893,0.035051,0.053364,-0.034524,-0.024939,0.616083,0.787285,-0.14399,-0.781532,0.60702,0.989264,-0.098222,0.1082,-0.005693,-0.000911,0.01767,0.165835,-0.403838,0.749509,0.242388,0.021922,0.066572,-0.051034,-0.3853,-0.471751,-0.793091,-0.317676,-0.739105,0.593973,-0.866386,0.480805,0.134914,0.002758,0.004712,0.004314,-0.805239,-1.835619,2.334815,-1.146875
978,0.015168,0.027808,0.35107,0.358677,0.471299,-0.805775,0.308946,0.75463,0.578841,0.880429,-0.457141,0.12607,0.007312,0.019525,-0.000452,-0.056883,-0.372212,0.301984,-1.895463,-0.189767,0.011471,0.321296,-0.026109,-0.642557,0.765787,0.181253,0.750212,0.635817,-0.98299,0.156197,0.095894,-0.024845,0.000483,0.038185,-0.051845,-0.025449,0.043096,0.315259,0.034756,0.053303,-0.03378,-0.025526,0.634095,0.772833,-0.157559,-0.765974,0.623263,0.987179,-0.105857,0.119459,-0.005614,0.000157,0.018547,-0.005924,-0.106701,0.199377,0.241735,0.022024,0.066789,-0.050865,-0.368254,-0.474278,-0.799655,-0.326494,-0.739349,0.588866,-0.870511,0.477935,0.117419,0.003627,0.009719,-0.000269,-0.032661,-0.339885,0.316754,-1.148508
979,0.015277,0.028022,0.351195,0.352465,0.467438,-0.810749,0.312028,0.758075,0.572654,0.881857,-0.455396,0.122354,0.004967,0.00852,0.00775,-0.002672,-0.220292,0.366037,-1.895849,-0.190113,0.011418,0.322109,-0.029719,-0.651808,0.757796,0.191346,0.740303,0.644417,-0.980969,0.16496,0.101745,-0.024701,0.002383,0.039773,-0.030066,-0.126067,0.210156,0.322973,0.034582,0.053274,-0.033376,-0.022155,0.643485,0.765137,-0.168322,-0.756801,0.6316,0.985482,-0.114796,0.125079,-0.005256,-0.004473,0.023347,0.006093,-0.190954,0.378957,0.24745,0.022077,0.066893,-0.050805,-0.362274,-0.470575,-0.804559,-0.329447,-0.742829,0.582811,-0.871907,0.476197,0.114078,0.003561,0.009609,-0.000376,0.045269,-0.119803,0.214619,-1.145895
980,0.015499,0.028339,0.35134,0.341899,0.456189,-0.821609,0.329204,0.760755,0.559329,0.879783,-0.462275,0.110949,0.003094,0.005315,0.004821,-0.052544,-0.157442,0.134666,-1.895762,-0.190982,0.01124,0.323841,-0.024692,-0.665549,0.74594,0.197144,0.728174,0.656377,-0.979966,0.164089,0.112268,-0.024078,-0.009135,0.047261,-0.081141,-0.202842,0.292646,0.328811,0.034157,0.053192,-0.032524,-0.027713,0.656808,0.753548,-0.175193,-0.74536,0.643229,0.984143,-0.11419,0.135724,-0.012088,-0.004834,0.023422,-0.105812,-0.084115,0.147917,0.259044,0.022189,0.067053,-0.050731,-0.351649,-0.459688,-0.815493,-0.346641,-0.745266,0.569577,-0.869587,0.482975,0.102726,0.001658,0.00286,0.002587,-0.175459,-0.110104,0.158863,-1.145406
981,0.015758,0.028479,0.351444,0.330999,0.455228,-0.826591,0.339617,0.759802,0.554377,0.880007,-0.464786,0.097924,0.003697,0.013346,-0.006099,0.009872,-0.260882,0.334792,-1.895847,-0.191849,0.011145,0.325398,-0.027362,-0.669533,0.742272,0.204217,0.723046,0.659874,-0.978442,0.17047,0.115991,-0.024671,0.0006,0.037828,-0.037979,-0.138027,0.119573,0.330428,0.033705,0.053145,-0.03171,-0.02535,0.661143,0.749831,-0.182525,-0.740525,0.646766,0.982874,-0.120468,0.139447,-0.012371,0.000203,0.01885,-0.059201,-0.119374,0.135359,0.262473,0.02232,0.067122,-0.050673,-0.340551,-0.459393,-0.820355,-0.357233,-0.743858,0.564853,-0.869717,0.485419,0.089211,0.00737,-0.000757,8.3e-05,0.008728,-0.228082,0.400196,-1.145242
982,0.015894,0.028543,0.351378,0.326446,0.455153,-0.828441,0.347053,0.757527,0.552883,0.878812,-0.468563,0.090365,0.015366,0.006545,-0.010705,-0.070823,-0.304794,0.114917,-1.895628,-0.192282,0.011188,0.326106,-0.030362,-0.671111,0.740729,0.207335,0.720623,0.661549,-0.977694,0.174496,0.116312,-0.024644,0.000462,0.03762,-0.071401,0.008374,-0.020451,0.334214,0.033498,0.053166,-0.031371,-0.022274,0.662968,0.748316,-0.185677,-0.738222,0.648499,0.982358,-0.124501,0.139541,-0.012641,0.005586,0.014625,-0.032445,-0.091333,0.144273,0.264923,0.022384,0.067159,-0.050702,-0.336068,-0.458961,-0.822443,-0.364587,-0.741758,0.562913,-0.868409,0.489029,0.08195,0.000131,0.00023,0.000201,-0.125147,-0.396323,0.226245,-1.147855
983,0.015975,0.028747,0.351186,0.3131,0.45216,-0.835203,0.364881,0.754656,0.545277,0.876461,-0.476036,0.072342,-0.000137,-0.000236,-0.000213,-0.381248,-0.735415,-0.123474,-1.896083,-0.193266,0.011334,0.327523,-0.045416,-0.672222,0.738949,0.222609,0.714202,0.663547,-0.973725,0.195464,0.116255,-0.02446,0.001984,0.038742,-0.08327,0.116981,-0.18665,0.354036,0.032997,0.053236,-0.030651,-0.007179,0.664903,0.746894,-0.201223,-0.732595,0.65024,0.979518,-0.145624,0.139053,-0.012257,0.001014,0.019415,-0.08485,0.117469,-0.189178,0.282558,0.022428,0.067259,-0.050806,-0.324041,-0.454162,-0.8299,-0.381607,-0.73995,0.553939,-0.865663,0.496195,0.066463,0.000946,0.005121,-0.004458,-0.130061,-0.417955,0.307915,-1.146712
984,0.015911,0.028999,0.351087,0.312125,0.444476,-0.839681,0.38729,0.747536,0.5396,0.867149,-0.494173,0.062233,0.001016,0.001748,0.001582,-0.043286,-0.186893,0.340067,-1.896291,-0.19424,0.011669,0.328884,-0.042846,-0.679671,0.732258,0.22317,0.707801,0.670184,-0.973717,0.192975,0.120413,-0.024834,0.013916,0.031146,-0.035248,-0.003713,-0.00234,0.363309,0.032523,0.053394,-0.029993,-0.010009,0.672332,0.740181,-0.202321,-0.72627,0.656961,0.979267,-0.143179,0.143295,-0.012469,0.006595,0.015287,-0.037042,-0.001651,-0.007222,0.300846,0.022396,0.067373,-0.050859,-0.321482,-0.449117,-0.833632,-0.404493,-0.730868,0.549742,-0.856174,0.51393,0.053296,0.000314,0.000544,0.000486,-0.400089,0.200122,0.219737,-1.145896
985,0.015821,0.029165,0.351072,0.307912,0.441924,-0.842579,0.394666,0.74649,0.53569,0.865334,-0.498029,0.056493,-0.011854,0.006464,0.004299,-0.107098,-0.267591,0.058474,-1.895918,-0.194587,0.011951,0.329412,-0.044603,-0.685881,0.72634,0.228739,0.700635,0.675812,-0.972342,0.197135,0.124701,-0.011311,0.01281,0.029202,0.181491,-0.381651,0.739755,0.364588,0.032336,0.053547,-0.029704,-0.008386,0.678547,0.734508,-0.208278,-0.719609,0.662405,0.978033,-0.147427,0.147361,-0.005681,0.00635,0.014577,0.200675,-0.418891,0.808102,0.304766,0.022354,0.067462,-0.050868,-0.317436,-0.445804,-0.836954,-0.41183,-0.730213,0.545145,-0.854183,0.517732,0.0482,0.001677,0.006378,-0.00332,-0.136305,-0.409323,0.096734,-1.144426
986,0.015475,0.02942,0.351187,0.292406,0.442004,-0.848043,0.402374,0.747615,0.528337,0.867179,-0.496266,0.041816,-0.012059,0.006102,0.003967,-0.301227,-0.503034,-0.332562,-1.896508,-0.195275,0.01264,0.330369,-0.053115,-0.695889,0.716176,0.243527,0.686405,0.685183,-0.968305,0.211664,0.132086,-0.025363,0.022722,0.020827,0.006687,-0.026011,0.033403,0.380656,0.032002,0.053885,-0.029232,-0.000206,0.689254,0.724519,-0.22409,-0.706125,0.671692,0.974568,-0.162219,0.1546,-0.005735,0.00515,0.01348,-0.018224,-0.032671,0.059252,0.319135,0.022177,0.067594,-0.050808,-0.302389,-0.445315,-0.842765,-0.419296,-0.731875,0.537167,-0.856008,0.515802,0.034592,-0.00603,0.003045,0.001983,-0.41494,-0.676761,-0.45204,-1.143119
987,0.015053,0.029492,0.351433,0.280369,0.443706,-0.851212,0.419811,0.740793,0.524363,0.862893,-0.504913,0.022486,-0.012071,0.006082,0.003943,-0.296898,-0.605905,-0.169573,-1.896438,-0.195973,0.0134,0.331133,-0.048714,-0.708934,0.703584,0.247057,0.673875,0.696268,-0.967648,0.208622,0.141412,-0.025512,0.019358,0.017867,0.71299,-1.208525,2.369426,0.390663,0.031653,0.054269,-0.028847,-0.004317,0.70021,0.713923,-0.22775,-0.695856,0.681112,0.973709,-0.159656,0.162477,-0.006034,0.009563,0.008403,-0.001521,-0.0118,0.010525,0.336117,0.021966,0.06763,-0.050685,-0.290353,-0.447474,-0.845849,-0.43658,-0.724628,0.533209,-0.851523,0.5241,0.015039,-0.006035,0.003049,0.001982,-0.249089,-0.531747,-0.126389,-1.145406
988,0.014708,0.029608,0.35159,0.27141,0.439161,-0.856457,0.434259,0.738258,0.516107,0.858609,-0.512544,0.010731,-0.014755,-0.005475,0.01165,-0.115362,-0.210761,0.039947,-1.896083,-0.196508,0.014155,0.331719,-0.073747,-0.715227,0.694984,0.271269,0.656113,0.704175,-0.959514,0.241345,0.144735,-0.012106,0.017541,0.01536,0.008883,-0.031904,0.241279,0.391609,0.031381,0.054646,-0.028553,0.020034,0.709776,0.704141,-0.253598,-0.677642,0.690281,0.967101,-0.192398,0.166422,-0.006083,0.008559,0.00753,0.078074,0.147984,0.096436,0.341996,0.0218,0.067691,-0.05061,-0.280738,-0.444286,-0.850762,-0.451231,-0.721242,0.525547,-0.847099,0.531431,0.002004,8.8e-05,0.000157,0.000144,-0.112547,-0.40347,0.221117,-1.146222
989,0.014552,0.02963,0.351674,0.265987,0.436379,-0.859575,0.442066,0.73719,0.51098,0.856327,-0.516443,0.004248,-0.014688,-0.005355,0.011756,-0.252167,-0.556182,0.063801,-1.895469,-0.196723,0.014465,0.332029,-0.073362,-0.716012,0.694216,0.271185,0.655436,0.704838,-0.959568,0.240857,0.145191,-0.01216,0.016554,0.0145,0.000723,-0.014962,0.019801,0.387733,0.031273,0.054802,-0.028398,0.019632,0.71058,0.703342,-0.253721,-0.676908,0.690956,0.967078,-0.192017,0.167,-0.006111,0.008047,0.007078,0.006629,-0.007203,-0.011969,0.342812,0.021721,0.067701,-0.050568,-0.276308,-0.440091,-0.854384,-0.458469,-0.720961,0.519634,-0.844665,0.535288,-0.002561,0.000142,0.000249,0.000226,-0.253455,-0.539969,-0.097984,-1.144263
990,0.014413,0.029579,0.351857,0.260483,0.433849,-0.862537,0.449431,0.736195,0.505965,0.85419,-0.519983,-0.002141,0.000873,0.001488,0.001344,-0.026201,-0.164186,0.16715,-1.895691,-0.197049,0.014918,0.332581,-0.087969,-0.717119,0.69137,0.281631,0.647732,0.707856,-0.955303,0.257869,0.14409,-0.012403,0.013024,0.011536,1.146981,1.15865,0.258706,0.376249,0.03111,0.055031,-0.02812,0.032962,0.712547,0.700849,-0.263455,-0.670235,0.693812,0.964108,-0.207512,0.165632,0.000479,0.005845,0.004493,3.824276,3.894268,0.817594,0.332362,0.021645,0.067671,-0.050475,-0.269523,-0.439691,-0.856754,-0.466456,-0.718732,0.515598,-0.842481,0.538604,-0.011382,-0.001014,-0.005203,0.004376,-0.047444,-0.109353,0.139535,-1.145079
991,0.01434,0.029484,0.351902,0.249325,0.436575,-0.864456,0.455045,0.73515,0.502454,0.854561,-0.519181,-0.01429,-0.00073,-0.001243,-0.001122,-0.063013,-0.119233,-0.068981,-1.896379,-0.197064,0.015264,0.332983,-0.117031,-0.71529,0.688952,0.308412,0.633136,0.709897,-0.943811,0.296446,0.145618,0.001246,-0.001312,0.016077,-0.034393,-0.002208,0.007434,0.376412,0.031097,0.055209,-0.027921,0.063368,0.712125,0.699186,-0.292334,-0.656618,0.695264,0.954214,-0.248453,0.166569,0.00038,0.004953,0.004057,0.001408,-0.016413,0.022605,0.32632,0.021611,0.067628,-0.050448,-0.258213,-0.442612,-0.858731,-0.472118,-0.717692,0.511879,-0.842869,0.537597,-0.023648,-0.000492,-0.000834,-0.000754,-0.062008,-0.22134,0.09768,-1.146875
992,0.014232,0.029443,0.35195,0.243954,0.436505,-0.866023,0.463729,0.731788,0.499414,0.851445,-0.523974,-0.022816,-0.002598,-0.011395,0.007862,-0.574373,-0.039965,0.020841,-1.896031,-0.196936,0.015418,0.333164,-0.125398,-0.714218,0.688592,0.315737,0.629146,0.710224,-0.940297,0.307358,0.145722,0.014136,0.009388,0.006756,0.003696,-0.03073,0.053467,0.376649,0.031156,0.05528,-0.027827,0.071787,0.711447,0.699063,-0.299836,-0.65306,0.69542,0.951285,-0.259526,0.166436,0.00036,0.004718,0.003852,0.000437,-0.017399,0.023963,0.325177,0.021556,0.067609,-0.050429,-0.252865,-0.442627,-0.860313,-0.480213,-0.714528,0.508766,-0.839912,0.541783,-0.031876,-0.000267,-0.000469,-0.000409,-1.589039,0.572515,-0.202447,-1.148181
993,0.014144,0.029406,0.35203,0.235402,0.435132,-0.869075,0.473211,0.729738,0.493483,0.848642,-0.527961,-0.033042,0.000277,0.000472,0.000426,-0.021588,-0.041566,-0.024808,-1.896271,-0.196592,0.015647,0.333522,-0.128863,-0.717688,0.684331,0.319865,0.62301,0.713778,-0.938427,0.311761,0.148397,0.000679,0.008836,0.007164,0.001702,-0.015593,0.024384,0.38502,0.031333,0.055393,-0.02765,0.075109,0.715206,0.694866,-0.30434,-0.647145,0.698985,0.949597,-0.263976,0.169059,0.007248,-0.001439,0.006944,-0.035253,-0.015963,0.030904,0.329749,0.02151,0.067585,-0.050388,-0.244244,-0.441678,-0.863287,-0.490141,-0.711927,0.502911,-0.836723,0.545966,-0.0426,0.000189,0.000326,0.000294,-0.004078,-0.111926,0.163489,-1.143936
994,0.013996,0.029446,0.352222,0.236796,0.427879,-0.872292,0.488664,0.723543,0.487509,0.839447,-0.542227,-0.036668,-0.011679,0.006756,0.004536,-1.447211,0.822976,-0.090352,-1.895677,-0.19626,0.015829,0.333739,-0.137273,-0.716592,0.683845,0.327004,0.618781,0.714222,-0.934758,0.322549,0.148503,0.000328,0.004329,0.003502,0.102041,0.106573,0.022159,0.385418,0.031499,0.055492,-0.027535,0.083532,0.714519,0.69461,-0.311642,-0.643352,0.699268,0.94652,-0.274881,0.168934,0.000148,0.002006,0.001623,0.102389,0.10647,0.022328,0.335954,0.021441,0.067606,-0.050297,-0.243261,-0.435561,-0.866665,-0.501061,-0.708626,0.496775,-0.830519,0.555098,-0.045862,-0.00557,0.003847,0.00269,0.000675,0.016509,-0.029553,-1.143773
995,0.0139,0.029415,0.352359,0.23614,0.424733,-0.874005,0.49472,0.721598,0.484273,0.83608,-0.54727,-0.038635,3.1e-05,5.3e-05,4.8e-05,-0.0,-0.0,0.0,-1.895972,-0.19604,0.015956,0.333827,-0.139821,-0.716939,0.682964,0.32557,0.617994,0.715558,-0.934877,0.323289,0.146123,0.000192,0.002562,0.00207,-0.000635,0.001076,0.000733,0.375656,0.031609,0.055551,-0.027495,0.086194,0.71503,0.693759,-0.31021,-0.642472,0.700712,0.946752,-0.275609,0.166432,0.006802,0.001553,0.00081,0.012182,-0.038499,0.047106,0.332688,0.021391,0.067593,-0.05022,-0.244937,-0.430929,-0.868508,-0.511353,-0.703653,0.493345,-0.823725,0.564952,-0.048006,-2.3e-05,-3.2e-05,-2.9e-05,0.001667,0.001333,-0.003412,-1.144916
996,0.013898,0.029375,0.352365,0.235333,0.421255,-0.875904,0.495323,0.723412,0.480937,0.835951,-0.547558,-0.037321,-0.000777,-0.00132,-0.001191,0.006759,0.027766,-0.017006,-1.895517,-0.196005,0.016024,0.33388,-0.139795,-0.717037,0.682867,0.325561,0.617903,0.71564,-0.934884,0.323244,0.146177,0.000238,0.003183,0.00257,-1.1e-05,1.9e-05,1.3e-05,0.371992,0.031627,0.055584,-0.027469,0.08607,0.715111,0.693691,-0.310277,-0.642407,0.700742,0.946741,-0.27555,0.16659,0.00014,0.001889,0.001525,0.00078,-0.001955,-0.001223,0.325667,0.02139,0.067574,-0.050215,-0.244174,-0.42726,-0.870533,-0.511911,-0.705641,0.489915,-0.823605,0.565259,-0.04642,-0.000413,-0.000698,-0.00063,-0.00524,0.003691,-0.035294,-1.145895
997,0.013898,0.029355,0.352402,0.235585,0.418591,-0.877113,0.500927,0.72109,0.478616,0.832535,-0.552642,-0.03871,0.000151,0.000256,0.000231,1e-06,3e-06,2e-06,-1.895918,-0.196018,0.016273,0.334069,-0.138978,-0.721279,0.678552,0.326317,0.613469,0.719102,-0.934743,0.322254,0.14923,-0.012766,0.007957,0.007296,-0.000227,-0.000566,-0.004494,0.367729,0.031625,0.055699,-0.027382,0.085091,0.719404,0.689359,-0.311351,-0.638024,0.704262,0.946477,-0.274559,0.169697,0.00029,0.003909,0.003148,-2.5e-05,-0.013676,0.019668,0.318645,0.021388,0.067561,-0.050201,-0.244258,-0.424849,-0.871688,-0.517516,-0.703089,0.48769,-0.820069,0.570235,-0.048131,9e-05,0.000156,0.000138,0.000372,-0.000471,-0.00114,-1.145732
998,0.013898,0.02932,0.352359,0.238663,0.414734,-0.878112,0.510554,0.715598,0.476682,0.825782,-0.562603,-0.039861,-0.001025,-0.001741,-0.001571,-0.000225,0.014896,-0.02479,-1.895595,-0.196033,0.016593,0.334343,-0.142032,-0.726883,0.671908,0.330972,0.604738,0.724351,-0.932642,0.326163,0.153817,0.00067,0.008969,0.007203,0.001658,-0.015511,0.024231,0.36587,0.031612,0.055857,-0.027247,0.088014,0.7252,0.682888,-0.316579,-0.629641,0.709456,0.944473,-0.27863,0.174165,0.000338,0.004555,0.003659,-0.000433,-0.012835,0.017939,0.315543,0.02139,0.067547,-0.050219,-0.2472,-0.42092,-0.872764,-0.527043,-0.697414,0.48563,-0.81309,0.580033,-0.049442,-0.000238,-0.000401,-0.000366,-0.001727,0.003627,-0.003652,-1.145896
999,0.013901,0.02928,0.352339,0.238845,0.414789,-0.878037,0.510532,0.715517,0.476828,0.825743,-0.562667,-0.039769,-0.000765,-0.0013,-0.001174,0.0,0.0,0.0,-1.895826,-0.19605,0.016765,0.334482,-0.141205,-0.731207,0.667374,0.331673,0.600116,0.727865,-0.93252,0.325033,0.156919,0.000683,0.009134,0.007324,0.001672,-0.015534,0.024277,0.364987,0.031604,0.055951,-0.027171,0.087051,0.729568,0.678345,-0.317599,-0.625073,0.713031,0.94422,-0.277512,0.177297,0.000343,0.004633,0.003716,-0.000722,-0.012132,0.016938,0.313583,0.02139,0.067524,-0.050231,-0.247426,-0.420989,-0.872667,-0.526992,-0.697323,0.485818,-0.813055,0.580093,-0.049322,-0.000408,-0.000692,-0.000626,0.000595,-1.3e-05,-0.000419,-1.144263
1000,0.01388,0.029137,0.352336,0.239163,0.41213,-0.879201,0.516166,0.712977,0.474561,0.822141,-0.567822,-0.041112,-0.002588,-0.01137,0.007889,-0.031962,0.024219,-0.012803,-1.89559,-0.196148,0.017159,0.334845,-0.139888,-0.737857,0.660294,0.332637,0.592966,0.733265,-0.932377,0.323126,0.161636,-0.012442,0.011778,0.010289,-0.000228,-0.000563,-0.004493,0.361728,0.031559,0.056142,-0.026995,0.085549,0.736233,0.671298,-0.319058,-0.618044,0.718486,0.943865,-0.275649,0.182028,0.000451,0.006093,0.004866,0.001402,-0.028047,0.042309,0.310481,0.021378,0.067451,-0.050235,-0.24768,-0.418339,-0.873868,-0.532563,-0.694691,0.483507,-0.809339,0.585146,-0.050731,-0.001274,-0.005649,0.003974,-0.031398,0.024214,-0.0132,-1.147365
1001,0.01376,0.028985,0.352422,0.240023,0.409622,-0.880139,0.521825,0.710074,0.47272,0.818309,-0.57325,-0.042218,-0.00042,-0.000714,-0.000645,-0.705473,-1.089812,2.440227,-1.895564,-0.196284,0.017661,0.335218,-0.138928,-0.742442,0.655339,0.333391,0.587952,0.736951,-0.932252,0.321786,0.164992,-0.012337,0.012866,0.011109,-0.000389,-0.000305,-0.005015,0.36274,0.031487,0.056399,-0.026803,0.084469,0.740791,0.666402,-0.320149,-0.613155,0.72218,0.943593,-0.27435,0.185371,-0.006166,0.006554,0.005651,-0.001692,0.001676,-0.009167,0.307541,0.021319,0.067375,-0.050191,-0.250828,-0.416941,-0.873638,-0.536893,-0.691045,0.483945,-0.8055,0.590437,-0.050519,-0.001328,-0.005738,0.003897,-0.031434,0.024195,-0.012811,-1.147202
1002,0.013599,0.028699,0.352657,0.244481,0.405796,-0.880684,0.52599,0.707505,0.471957,0.81431,-0.579117,-0.039374,-0.002207,-0.010719,0.008482,-0.02982,0.028385,-0.010333,-1.895829,-0.196324,0.018199,0.33565,-0.138281,-0.74524,0.652293,0.333683,0.584945,0.739208,-0.932245,0.320801,0.166943,0.001097,0.014615,0.011561,0.00331,-0.031021,0.048461,0.369746,0.031467,0.056661,-0.026592,0.083759,0.743542,0.663422,-0.320645,-0.610243,0.724423,0.943488,-0.2734,0.1873,0.000527,0.007095,0.005612,0.001124,-0.014789,0.022618,0.311624,0.02124,0.067239,-0.050081,-0.252901,-0.411718,-0.875515,-0.542173,-0.689181,0.480705,-0.801304,0.596252,-0.048928,-0.001087,-0.005325,0.004273,-0.038953,0.009646,-0.021596,-1.147529
1003,0.013515,0.028551,0.35279,0.247268,0.404272,-0.880607,0.530514,0.704018,0.472108,0.810522,-0.584412,-0.039291,-0.015322,-0.006357,0.010853,-0.032928,0.038989,-0.042328,-1.895957,-0.196323,0.018451,0.335876,-0.14042,-0.747516,0.649225,0.332559,0.581905,0.742109,-0.932324,0.321038,0.166041,0.001013,0.013502,0.010653,-0.063982,0.094413,0.125008,0.371859,0.031467,0.056791,-0.026476,0.085562,0.746003,0.660422,-0.319713,-0.607241,0.727352,0.943642,-0.273379,0.186551,0.000529,0.007135,0.00563,-0.080758,0.095786,0.223123,0.315216,0.021203,0.067161,-0.05001,-0.255575,-0.410277,-0.875416,-0.546689,-0.685489,0.480869,-0.797378,0.601478,-0.0491,-0.00132,-0.005716,0.003919,-0.033004,0.021061,-0.014794,-1.141977
1004,0.013393,0.028302,0.352981,0.246792,0.398077,-0.883557,0.537055,0.702753,0.466565,0.806352,-0.590156,-0.039253,-0.000607,-0.001029,-0.000931,0.000499,0.000969,0.000573,-1.895651,-0.196358,0.018976,0.336243,-0.139852,-0.750051,0.646419,0.332974,0.579079,0.744131,-0.932262,0.320238,0.167925,-0.012354,0.011969,0.010278,-0.000406,-0.000281,-0.004998,0.370303,0.031455,0.057057,-0.026291,0.085242,0.748539,0.657588,-0.320364,-0.604352,0.729468,0.943451,-0.272849,0.188289,0.000445,0.00601,0.00472,0.003935,-0.030935,0.044044,0.316522,0.021136,0.067035,-0.049911,-0.254996,-0.404058,-0.878472,-0.553201,-0.68417,0.475266,-0.79306,0.607163,-0.049065,-0.000332,-0.000553,-0.000502,-0.003122,-0.007786,-0.008943,-1.133975
1005,0.013347,0.028247,0.353076,0.248045,0.395662,-0.884291,0.536641,0.703845,0.465393,0.806241,-0.590475,-0.036639,0.000519,0.000879,0.000795,0.000188,0.000366,0.000216,-1.89616,-0.196344,0.019408,0.336609,-0.144303,-0.75312,0.641855,0.330334,0.574659,0.74872,-0.932517,0.321002,0.165025,0.000921,0.012319,0.009634,-0.028693,0.022063,0.084663,0.37208,0.031452,0.057265,-0.026113,0.089739,0.751869,0.653175,-0.317843,-0.599909,0.734223,0.943886,-0.273496,0.185141,0.00043,0.005811,0.004548,-0.027833,0.049193,0.0614,0.317992,0.021111,0.067004,-0.049866,-0.256207,-0.401665,-0.879217,-0.552789,-0.685277,0.474149,-0.792957,0.607503,-0.046463,-0.005985,0.003163,0.002071,-0.003965,0.108339,-0.205207,-1.129403
1006,0.013351,0.028253,0.353081,0.248156,0.395701,-0.884242,0.536614,0.703802,0.46549,0.806224,-0.590501,-0.036582,2.7e-05,4.6e-05,4.2e-05,3e-06,5e-06,3e-06,-1.895875,-0.196308,0.019614,0.33678,-0.144151,-0.753582,0.641348,0.330262,0.574206,0.749099,-0.932566,0.32073,0.165276,0.000835,0.011206,0.008746,0.001103,-0.014597,0.024853,0.371842,0.031475,0.057375,-0.026022,0.089578,0.752323,0.652675,-0.317977,-0.599413,0.73457,0.943856,-0.273338,0.185527,0.000427,0.005791,0.00452,0.010205,-0.021898,0.017979,0.318319,0.021115,0.06701,-0.04986,-0.256288,-0.401765,-0.879147,-0.552772,-0.685203,0.474277,-0.792943,0.60752,-0.046476,1.1e-05,1.9e-05,1.8e-05,-0.000298,-0.001221,-0.000619,-1.12826
1007,0.013314,0.028272,0.353041,0.248605,0.395907,-0.884024,0.536416,0.703665,0.465925,0.806217,-0.590526,-0.036333,-0.000523,-0.000886,-0.000802,0.0,0.0,0.0,-1.89591,-0.196179,0.020046,0.337085,-0.146617,-0.753987,0.640311,0.328833,0.573231,0.750473,-0.932683,0.321522,0.163061,0.000712,0.009616,0.007476,0.001007,-0.01444,0.02496,0.373818,0.03154,0.057593,-0.025868,0.092054,0.752865,0.651705,-0.316638,-0.598381,0.735989,0.944069,-0.274105,0.183302,0.000347,0.004758,0.003697,-0.000991,0.084876,-0.148923,0.319298,0.021097,0.067021,-0.04988,-0.256733,-0.401971,-0.878923,-0.552568,-0.685064,0.474716,-0.792941,0.60754,-0.046238,-0.000342,-0.000581,-0.000525,0.000161,-0.000104,-4e-06,-1.12826
1008,0.013181,0.0283,0.353065,0.25253,0.392248,-0.884543,0.539865,0.701531,0.465159,0.802684,-0.595485,-0.033499,-3e-06,-6e-06,-5e-06,0.24056,0.465715,0.275143,-1.89568,-0.196065,0.020496,0.337315,-0.146615,-0.754014,0.640279,0.329052,0.573124,0.750458,-0.932607,0.321648,0.163252,0.000681,0.009259,0.007173,0.001655,-0.015517,0.024226,0.372607,0.031596,0.057813,-0.025757,0.091955,0.752862,0.651721,-0.316939,-0.598328,0.735902,0.943977,-0.274225,0.183592,0.006687,0.010165,-0.000913,0.039797,-0.044297,0.070135,0.319951,0.021029,0.067032,-0.04987,-0.259502,-0.400594,-0.878739,-0.556564,-0.681573,0.475071,-0.789236,0.612357,-0.046087,1e-05,1.8e-05,1.7e-05,0.000268,-6.2e-05,5e-06,-1.128587
1009,0.013119,0.02833,0.353097,0.252658,0.392294,-0.884486,0.539856,0.701463,0.465271,0.80265,-0.595535,-0.033448,0.000135,0.000228,0.000207,0.003518,0.006808,0.004022,-1.896049,-0.196044,0.02071,0.33743,-0.149165,-0.754104,0.639585,0.327702,0.572454,0.751559,-0.932674,0.322634,0.160903,0.000742,0.010117,0.007826,-0.054042,0.164818,-0.092964,0.374974,0.031607,0.057921,-0.025698,0.094455,0.753238,0.65093,-0.315451,-0.597514,0.737202,0.944229,-0.274969,0.181171,0.000376,0.005184,0.004007,-0.044138,0.067534,0.079604,0.320605,0.020998,0.067048,-0.049854,-0.260806,-0.398043,-0.879511,-0.555903,-0.682917,0.473914,-0.789272,0.612523,-0.043165,-0.006288,0.002648,0.001605,-0.007943,0.000447,-0.037855,-1.128423
1010,0.012985,0.02834,0.353145,0.253026,0.392401,-0.884333,0.539854,0.701265,0.465572,0.802535,-0.595698,-0.033296,-0.012929,0.004694,0.002663,-0.000983,0.014716,-0.029552,-1.895647,-0.19602,0.021068,0.337682,-0.151681,-0.754283,0.638781,0.326289,0.571708,0.752741,-0.93276,0.323538,0.158569,0.000531,0.007256,0.005594,-0.01671,0.027634,0.018866,0.375132,0.03162,0.058109,-0.025566,0.097231,0.753488,0.650231,-0.314051,-0.59672,0.738441,0.944413,-0.276005,0.178614,0.000259,0.003587,0.002764,0.007864,0.009517,0.002435,0.322891,0.020932,0.067053,-0.049829,-0.261072,-0.398365,-0.879287,-0.555946,-0.682598,0.474322,-0.789154,0.612669,-0.043262,-0.006471,0.002337,0.001324,-0.001122,0.014122,-0.029854,-1.130546
1011,0.012851,0.028382,0.353194,0.256771,0.388646,-0.884911,0.543353,0.699159,0.464668,0.798973,-0.600613,-0.030544,-0.012682,0.005114,0.003041,0.203914,0.410457,0.204143,-1.895429,-0.195943,0.021357,0.337863,-0.154121,-0.754705,0.637699,0.324867,0.570706,0.754115,-0.932854,0.324328,0.156395,0.000447,0.006133,0.004717,-0.002903,-0.007993,0.029364,0.372548,0.031658,0.05825,-0.025478,0.099668,0.75402,0.649244,-0.312793,-0.595672,0.73982,0.944577,-0.276815,0.176482,-4e-05,0.008391,-0.001862,0.051403,-0.019904,0.008864,0.321748,0.020869,0.067072,-0.049806,-0.263808,-0.396545,-0.879293,-0.559907,-0.679333,0.474352,-0.785435,0.617461,-0.042815,6.7e-05,0.000111,0.000102,0.241218,0.465704,0.27488,-1.132506
1012,0.012792,0.028428,0.353214,0.259418,0.387259,-0.884747,0.547373,0.6958,0.464992,0.795364,-0.605394,-0.030368,0.000104,0.000176,0.000159,4.4e-05,8.5e-05,5e-05,-1.896253,-0.195775,0.021525,0.337956,-0.15913,-0.755188,0.635893,0.321952,0.569081,0.756589,-0.933017,0.326059,0.151752,0.013357,0.002885,0.001339,-0.040983,0.043022,0.103842,0.378651,0.031737,0.058337,-0.025429,0.104584,0.754776,0.64759,-0.309971,-0.593986,0.742359,0.944975,-0.278374,0.171837,5.5e-05,0.000793,0.000606,-0.038637,0.077556,0.050384,0.323217,0.020835,0.067097,-0.049795,-0.267359,-0.393053,-0.879788,-0.563347,-0.67698,0.473642,-0.781766,0.622259,-0.040428,5e-05,8.7e-05,7.6e-05,-0.001319,-0.003285,-0.001919,-1.134139
1013,0.012757,0.028459,0.35321,0.262967,0.38343,-0.885367,0.550801,0.693763,0.463987,0.791821,-0.610149,-0.027652,-0.012778,0.004949,0.002891,0.006969,0.030049,-0.020496,-1.895804,-0.195695,0.021523,0.337962,-0.159136,-0.755224,0.635849,0.321922,0.569046,0.756628,-0.933026,0.326036,0.151744,7e-06,9.9e-05,7.6e-05,-0.000653,0.001078,0.000736,0.380684,0.031782,0.058339,-0.025424,0.104623,0.754811,0.647543,-0.310116,-0.59389,0.742375,0.944923,-0.278484,0.171944,0.006556,-0.00023,-0.000619,0.011514,-0.022725,0.022612,0.327463,0.020823,0.067111,-0.049798,-0.270905,-0.388897,-0.88055,-0.566685,-0.675014,0.472465,-0.778124,0.626988,-0.037518,-6e-06,-6e-06,-9e-06,-0.004173,-0.009393,-0.005666,-1.131526
1014,0.012591,0.028537,0.35326,0.264392,0.381199,-0.885906,0.550123,0.694878,0.463121,0.791817,-0.610274,-0.024881,-0.012186,0.005947,0.003792,-0.000793,0.015083,-0.029336,-1.895465,-0.195542,0.021467,0.337895,-0.161639,-0.755503,0.634886,0.320451,0.568186,0.757898,-0.933099,0.326892,0.149438,-0.000145,-0.00203,-0.00156,-7.9e-05,0.00013,8.9e-05,0.37749,0.031858,0.058309,-0.025459,0.10707,0.755219,0.646668,-0.308786,-0.592986,0.743651,0.945085,-0.279305,0.16971,0.006471,-0.001455,-0.001561,0.005305,-0.018828,0.026445,0.327953,0.020739,0.067148,-0.049775,-0.27219,-0.386846,-0.881057,-0.566066,-0.676057,0.471714,-0.778126,0.627133,-0.034964,0.000389,0.000659,0.000597,-0.003546,-0.007571,-0.004363,-1.12777
1015,0.012444,0.028636,0.353355,0.267171,0.379807,-0.88567,0.554135,0.691371,0.463586,0.788075,-0.615108,-0.024645,0.000769,0.001295,0.001171,0.0,0.0,0.0,-1.895703,-0.195325,0.021254,0.337779,-0.162061,-0.753532,0.637117,0.319955,0.570531,0.756345,-0.933196,0.327356,0.14781,0.000107,-0.016588,0.003866,-0.037966,0.028478,-0.041116,0.380142,0.031967,0.058209,-0.025518,0.107472,0.753255,0.648887,-0.308168,-0.595283,0.74207,0.945241,-0.279718,0.168153,0.006401,-0.002513,-0.002379,0.002114,-0.016648,0.030711,0.329749,0.02066,0.067199,-0.049726,-0.274926,-0.385467,-0.880812,-0.570014,-0.672405,0.47218,-0.774273,0.63189,-0.03486,0.000523,0.000887,0.000802,0.000171,-0.014908,0.024737,-1.122545
1016,0.012355,0.028709,0.353394,0.270871,0.375987,-0.886175,0.557515,0.689199,0.462766,0.784416,-0.619873,-0.021828,0.000867,0.001459,0.001319,0.029282,0.056236,0.033214,-1.895296,-0.195182,0.021113,0.337722,-0.159909,-0.751522,0.640027,0.320923,0.573457,0.753717,-0.933237,0.326856,0.148651,0.012794,-0.005226,-0.004909,0.061768,-0.100998,-0.064155,0.381374,0.032033,0.058132,-0.025545,0.105526,0.751041,0.651767,-0.308989,-0.598219,0.739364,0.945192,-0.279411,0.168936,-0.000158,-0.002251,-0.001738,0.081878,-0.131232,-0.084422,0.330892,0.020616,0.067236,-0.049706,-0.278633,-0.381348,-0.88144,-0.573303,-0.67028,0.471219,-0.77051,0.636629,-0.031866,-0.005837,0.003406,0.002283,0.024812,0.063046,-0.000916,-1.120259
1017,0.011992,0.028921,0.353564,0.272624,0.373872,-0.886533,0.556803,0.690143,0.462217,0.784313,-0.620099,-0.018917,-0.001183,-0.008953,0.010082,0.015853,0.115839,0.041287,-1.895397,-0.194916,0.021049,0.337579,-0.160081,-0.75024,0.641487,0.320613,0.575002,0.752671,-0.933314,0.327086,0.147659,-0.000173,-0.002474,-0.001908,-0.001649,0.0155,-0.024238,0.38672,0.032171,0.058095,-0.025621,0.105504,0.749813,0.653183,-0.308458,-0.599773,0.738325,0.945368,-0.279376,0.168008,0.0063,0.005074,-0.00486,0.036892,-0.02753,0.048182,0.334158,0.020435,0.067347,-0.049624,-0.280254,-0.379348,-0.881788,-0.572618,-0.671198,0.470744,-0.770432,0.636856,-0.029116,-0.005765,0.003523,0.002394,0.055727,0.122734,0.034349,-1.114381
