frame,MLTx,MLTy,MLTz,MLTR1,MLTR2,MLTR3,MLTR4,MLTR5,MLTR6,MLTR7,MLTR8,MLTR9,MLTTVx,MLTTVy,MLTTVz,MLTRVx,MLTRVy,MLTRVz,MLGA,MRTx,MRTy,MRTz,MRTR1,MRTR2,MRTR3,MRTR4,MRTR5,MRTR6,MRTR7,MRTR8,MRTR9,MRTTVx,MRTTVy,MRTTVz,MRTRVx,MRTRVy,MRTRVz,MRGA,SLTx,SLTy,SLTz,SLTR1,SLTR2,SLTR3,SLTR4,SLTR5,SLTR6,SLTR7,SLTR8,SLTR9,SLTTVx,SLTTVy,SLTTVz,SLTRVx,SLTRVy,SLTRVz,SLGA,SRTx,SRTy,SRTz,SRTR1,SRTR2,SRTR3,SRTR4,SRTR5,SRTR6,SRTR7,SRTR8,SRTR9,SRTTVx,SRTTVy,SRTTVz,SRTRVx,SRTRVy,SRTRVz,SRGA
447,0.056118,0.021641,0.419314,-0.217635,0.597586,-0.771733,-0.714299,-0.636294,-0.29134,-0.664886,0.487096,0.566295,0.042006,0.042967,0.007816,-0.488062,0.248077,-0.367139,0.121561,-0.078215,0.007964,0.367928,0.155958,0.88735,0.433912,-0.954946,0.247761,-0.163176,-0.252472,-0.39003,0.885436,-0.009354,-0.022714,0.018132,0.321855,-0.805329,-0.066272,-1.40693,0.040256,0.048747,-0.025406,-0.14512,-0.888923,0.434459,0.97043,-0.213482,-0.112647,0.192883,0.405265,0.893619,-0.004789,-0.011016,0.009332,0.414785,-1.053045,0.018739,-0.808086,0.073778,0.041508,-0.052726,-0.287973,0.583897,-0.759035,-0.655381,-0.698084,-0.288362,-0.698245,0.414417,0.583705,0.015733,0.028568,0.000293,0.042717,-0.085683,0.156741,-0.067131
448,0.057444,0.02336,0.419696,-0.230843,0.594438,-0.770325,-0.723118,-0.634473,-0.272977,-0.650739,0.493278,0.577272,0.028701,0.037203,0.019671,-0.523922,0.278307,-0.413585,0.160871,-0.078777,0.007114,0.368435,0.159301,0.899416,0.40702,-0.951612,0.249669,-0.17898,-0.262774,-0.359945,0.895127,-0.009033,-0.023936,0.017226,2.503803,0.765555,-0.743288,-1.40693,0.039966,0.048315,-0.025143,-0.147857,-0.901791,0.40609,0.968344,-0.215496,-0.125973,0.201112,0.374609,0.905108,-0.005524,-0.006851,0.004077,0.399309,-0.798117,-0.270898,-0.796819,0.074459,0.042389,-0.052535,-0.301965,0.579039,-0.757317,-0.664522,-0.697443,-0.268295,-0.68354,0.422238,0.595388,0.020957,0.021745,0.00384,-1.713015,1.023812,-1.637731,-0.013899
449,0.058123,0.024194,0.419895,-0.235236,0.593514,-0.769708,-0.726673,-0.633255,-0.266281,-0.645178,0.495947,0.581213,0.041217,0.042197,0.006846,0.038028,-0.090305,0.176107,0.178689,-0.079108,0.006639,0.368771,0.158043,0.902434,0.400783,-0.949069,0.250898,-0.190401,-0.272554,-0.351415,0.895592,-0.009255,-0.023219,0.017777,2.398196,0.966984,-0.603786,-1.406846,0.0398,0.048077,-0.024976,-0.14584,-0.905175,0.399233,0.966417,-0.216657,-0.138191,0.211584,0.365672,0.906374,-0.010226,-0.018228,0.013143,0.275356,-0.696615,-0.280327,-0.797799,0.074794,0.042806,-0.052429,-0.306914,0.577422,-0.756562,-0.668258,-0.696758,-0.260687,-0.677668,0.425571,0.599712,0.014664,0.022981,0.004546,0.052164,-0.154805,0.333848,0.013208
450,0.059576,0.025617,0.420264,-0.249779,0.589525,-0.76819,-0.730739,-0.635229,-0.249954,-0.635028,0.498176,0.590412,0.038981,0.037445,0.004032,-0.47501,0.159382,-0.183832,0.198415,-0.079921,0.00558,0.369408,0.14587,0.911009,0.385717,-0.946207,0.242339,-0.214237,-0.288804,-0.334864,0.896839,-0.021977,-0.027948,0.015887,0.16869,-0.440104,-0.130433,-1.40672,0.039398,0.047552,-0.024654,-0.131593,-0.913207,0.385661,0.963997,-0.20857,-0.164944,0.231066,0.35007,0.907776,-0.011931,-0.009059,0.003251,0.217157,-0.411184,-0.31254,-0.806617,0.075524,0.043525,-0.052241,-0.320441,0.572244,-0.754886,-0.671524,-0.699291,-0.245045,-0.668111,0.428402,0.608357,0.024668,0.011554,0.005556,-1.7394,1.013853,-1.646111,0.05599
451,0.061182,0.026665,0.420452,-0.261211,0.586104,-0.767005,-0.732916,-0.637463,-0.237582,-0.627868,0.499359,0.597033,0.046282,0.016285,0.007414,-1.753211,1.009605,-1.661742,0.193516,-0.080555,0.004641,0.369823,0.136047,0.920469,0.366359,-0.942905,0.233832,-0.237036,-0.303997,-0.314354,0.899239,-0.009931,-0.017867,0.005012,0.312516,-0.42667,-0.320939,-1.406539,0.039075,0.047082,-0.02444,-0.120694,-0.92226,0.367244,0.961562,-0.20053,-0.187575,0.246637,0.330489,0.911013,-0.011393,-0.011058,0.00174,0.534192,-0.412223,-0.471345,-0.807107,0.076326,0.044062,-0.052145,-0.329847,0.568425,-0.753719,-0.672825,-0.701595,-0.23467,-0.662199,0.429716,0.613869,0.017523,0.014153,-0.000481,0.04727,-0.075895,0.135951,0.064971
452,0.062746,0.027349,0.420511,-0.272059,0.582546,-0.765943,-0.733988,-0.64031,-0.226355,-0.621972,0.499884,0.602739,0.04395,0.017918,-0.006695,-0.007302,-0.05626,0.107593,0.180903,-0.081073,0.003562,0.370047,0.120302,0.926157,0.357425,-0.937215,0.224735,-0.266563,-0.32733,-0.304083,0.894568,-0.0214,-0.027314,-0.000479,0.150341,-0.237211,-0.264656,-1.406348,0.038821,0.046564,-0.024326,-0.104346,-0.927483,0.359007,0.956982,-0.191899,-0.217619,0.270731,0.320856,0.907609,-0.00957,-0.01935,0.003895,0.372407,-0.208723,-0.411219,-0.808576,0.077109,0.044405,-0.05211,-0.342341,0.562978,-0.752235,-0.673993,-0.70495,-0.220856,-0.654626,0.431393,0.620776,0.015333,0.005403,0.002391,-0.160488,0.049023,-0.059184,0.052887
453,0.063432,0.027526,0.420495,-0.274129,0.582016,-0.765608,-0.735665,-0.639602,-0.222887,-0.619075,0.501404,0.604455,0.029099,0.006968,0.002844,0.003424,-0.040576,0.085595,0.177885,-0.081299,0.002903,0.370138,0.114122,0.930902,0.34697,-0.935728,0.218112,-0.277081,-0.333731,-0.294222,0.8955,-0.018808,-0.040068,0.006723,0.22634,-0.472928,-0.400512,-1.406556,0.038698,0.046211,-0.024277,-0.09737,-0.93205,0.348999,0.955844,-0.185271,-0.228114,0.277273,0.311377,0.908934,-0.009318,-0.02037,0.003113,0.234855,-0.499442,-0.410328,-0.808903,0.07747,0.044502,-0.052119,-0.344223,0.562303,-0.751881,-0.675685,-0.70439,-0.217447,-0.651889,0.433185,0.622407,0.014373,0.003033,0.001167,0.010321,-0.044984,0.093091,0.048152
454,0.064716,0.02769,0.420298,-0.283526,0.581569,-0.762519,-0.740071,-0.638309,-0.211725,-0.609511,0.503562,0.61233,0.026299,0.006887,-0.011997,0.026362,-0.014929,0.069848,0.166454,-0.081671,0.001385,0.37025,0.103943,0.941549,0.320425,-0.933749,0.203397,-0.29441,-0.342479,-0.269782,0.899883,-0.004563,-0.041115,0.004204,0.406205,-0.79841,-0.561869,-1.406673,0.038514,0.045466,-0.024224,-0.08597,-0.941839,0.32488,0.954399,-0.171422,-0.244407,0.285884,0.289055,0.913628,-0.003191,-0.015671,-0.002634,0.182841,-0.349287,-0.307847,-0.810046,0.078103,0.044584,-0.052212,-0.353641,0.561138,-0.748372,-0.680011,-0.7036,-0.20623,-0.642278,0.43597,0.630402,0.019019,0.001606,-0.007133,-0.003521,-0.040097,0.057609,0.034272
455,0.065787,0.027617,0.419807,-0.298561,0.576119,-0.760916,-0.740565,-0.642708,-0.196113,-0.601668,0.504237,0.61949,0.023111,-0.00136,-0.016181,0.022285,-0.039445,0.059494,0.160729,-0.081691,0.000147,0.37013,0.097014,0.948767,0.300699,-0.929816,0.194236,-0.312487,-0.354979,-0.250476,0.900619,-0.006415,-0.031395,-0.00541,0.272283,-0.507295,-0.386567,-1.406267,0.038506,0.044839,-0.024284,-0.077494,-0.949382,0.304414,0.950912,-0.162136,-0.263586,0.2996,0.269045,0.915343,0.003453,-0.014238,-0.002435,0.379561,-0.720375,-0.452751,-0.813311,0.078638,0.044548,-0.052457,-0.367992,0.554005,-0.746766,-0.679729,-0.708291,-0.190504,-0.634468,0.437494,0.637219,0.017149,-0.003252,-0.009595,-0.002703,-0.029162,0.035867,0.023332
456,0.06628,0.027516,0.419406,-0.303123,0.574574,-0.76028,-0.742205,-0.642694,-0.189862,-0.597348,0.506015,0.622215,0.021112,-0.006629,-0.018864,0.034892,-0.036902,0.048101,0.157772,-0.081664,-0.00038,0.369954,0.093319,0.951438,0.29334,-0.926877,0.190684,-0.323222,-0.363551,-0.242928,0.899267,0.006923,-0.028549,-0.004972,0.136504,-0.277882,-0.231838,-1.40622,0.038513,0.04458,-0.024367,-0.073021,-0.952306,0.296276,0.948261,-0.158328,-0.275194,0.308977,0.260852,0.914597,0.003497,-0.014403,-0.00258,0.196522,-0.362296,-0.279389,-0.812332,0.078874,0.044505,-0.052648,-0.372501,0.55195,-0.746051,-0.681184,-0.708581,-0.184115,-0.630261,0.439615,0.639928,0.010401,-0.003741,-0.009666,0.043422,-0.042413,0.057184,0.019739
457,0.067197,0.027304,0.418268,-0.302749,0.574197,-0.760714,-0.74194,-0.642933,-0.190087,-0.597867,0.506139,0.621616,0.019014,-0.005348,-0.033026,0.067894,-0.044178,0.037193,0.13844,-0.081417,-0.00127,0.369404,0.102302,0.956405,0.273521,-0.916306,0.197709,-0.348179,-0.387178,-0.216217,0.896217,0.006027,-0.02209,-0.017161,3.322887,-0.035028,0.798236,-1.406618,0.03864,0.04412,-0.024647,-0.08091,-0.957194,0.277907,0.939881,-0.166081,-0.298395,0.331777,0.237056,0.913086,0.003079,-0.011247,-0.008733,3.31654,-0.035044,0.818735,-0.816414,0.079344,0.044394,-0.053221,-0.371821,0.551756,-0.746534,-0.680963,-0.708667,-0.184607,-0.630902,0.439721,0.639223,0.009414,-0.00296,-0.016673,0.068669,-0.044826,0.03842,0.005533
458,0.068027,0.027119,0.416586,-0.305948,0.572186,-0.760949,-0.740989,-0.64491,-0.187078,-0.597414,0.505905,0.622241,0.017076,-0.003741,-0.047084,0.091003,0.027497,-0.156506,0.093599,-0.081015,-0.001983,0.368541,0.142181,0.956827,0.253492,-0.900835,0.231298,-0.367331,-0.410255,-0.177337,0.894486,0.004564,-0.013503,-0.027752,0.380465,-0.599447,-0.344272,-1.406923,0.03884,0.043766,-0.02507,-0.119943,-0.959338,0.255505,0.926178,-0.200804,-0.319173,0.357502,0.198361,0.912603,0.009132,-0.005783,-0.014005,0.382599,-0.609645,-0.335108,-0.813148,0.07976,0.044299,-0.054057,-0.374719,0.549517,-0.746736,-0.679846,-0.71049,-0.181691,-0.630391,0.439583,0.639822,0.014478,-0.003628,-0.024627,0.105223,-0.068045,0.059489,-0.040515
459,0.068392,0.027047,0.41561,-0.307364,0.57118,-0.761134,-0.740345,-0.645996,-0.185877,-0.597485,0.505656,0.622375,0.016465,-0.005487,-0.048043,0.101036,-0.051079,0.026459,0.073505,-0.080772,-0.002169,0.367961,0.146033,0.959173,0.242183,-0.896291,0.231986,-0.37786,-0.418771,-0.1631,0.893248,0.015561,0.001519,-0.034976,0.480916,-0.730505,-0.355904,-1.40672,0.038959,0.043663,-0.025361,-0.123135,-0.961757,0.244662,0.9223,-0.201913,-0.329533,0.366332,0.185075,0.911892,0.008845,-0.004665,-0.013176,0.497234,-0.826121,-0.428532,-0.812658,0.079947,0.044258,-0.054564,-0.376103,0.54832,-0.74692,-0.678986,-0.711614,-0.180505,-0.630494,0.43926,0.639942,0.008135,-0.003074,-0.024205,0.103308,-0.052592,0.029043,-0.069417
460,0.069185,0.027136,0.413287,-0.316026,0.569496,-0.758846,-0.740326,-0.648178,-0.178199,-0.592965,0.504766,0.6274,0.018924,0.014849,-0.067207,0.158731,-0.08002,0.073916,0.011045,-0.080522,-0.002371,0.366724,0.143545,0.96586,0.215639,-0.890193,0.221307,-0.398137,-0.432419,-0.136033,0.891276,0.004162,-0.011931,-0.026736,0.431743,-0.691796,-0.399044,-1.406656,0.039087,0.043568,-0.025982,-0.118946,-0.968841,0.21725,0.916683,-0.191225,-0.35089,0.3815,0.157413,0.910866,0.001231,-0.001222,-0.018244,0.59119,-0.919172,-0.52322,-0.815108,0.080332,0.044286,-0.055706,-0.384743,0.545961,-0.744244,-0.678701,-0.713803,-0.17277,-0.62557,0.438647,0.645175,0.008693,0.001777,-0.029146,0.089936,-0.058375,-0.009871,-0.134244
461,0.070072,0.027731,0.41085,-0.323505,0.568107,-0.756733,-0.740036,-0.650221,-0.171848,-0.589276,0.503706,0.631713,0.021752,0.022401,-0.06318,0.169821,-0.079232,0.087432,-0.029856,-0.080463,-0.003016,0.365645,0.148193,0.974162,0.170404,-0.879948,0.208625,-0.426733,-0.451416,-0.087942,0.887893,0.007168,-0.026047,-0.020881,1.638629,-3.643647,4.366293,-1.406381,0.039117,0.043265,-0.026507,-0.115136,-0.977921,0.174394,0.908844,-0.174564,-0.378851,0.40093,0.114878,0.908877,0.002642,-0.007934,-0.015036,0.668569,-1.111456,-0.64906,-0.819843,0.080762,0.044562,-0.056908,-0.392126,0.543854,-0.741928,-0.678149,-0.715855,-0.166324,-0.62157,0.437918,0.64952,0.010464,0.006491,-0.026657,0.093727,-0.063016,0.02175,-0.202173
462,0.070878,0.028723,0.40862,-0.333545,0.565879,-0.754038,-0.740023,-0.652633,-0.162503,-0.58366,0.503097,0.637386,0.024551,0.030031,-0.059007,0.125889,-0.074119,0.064801,-0.034764,-0.080555,-0.003721,0.364415,0.166287,0.977953,0.126288,-0.868691,0.205991,-0.45042,-0.466684,-0.036047,0.883612,0.00508,-0.015308,-0.029805,0.611737,-1.131495,-0.183511,-1.405324,0.039073,0.042903,-0.027123,-0.136193,-0.982366,0.128088,0.897592,-0.177077,-0.403697,0.41926,0.05999,0.905881,0.001804,-0.003323,-0.020094,0.523727,-0.907451,-0.075324,-0.825395,0.081163,0.045054,-0.058031,-0.401538,0.540741,-0.739164,-0.677711,-0.718301,-0.157323,-0.616014,0.437769,0.654891,0.006581,0.017322,-0.028145,-0.413755,0.243955,-0.522058,-0.219645
463,0.071207,0.029247,0.407674,-0.337862,0.566154,-0.751907,-0.739497,-0.653826,-0.160087,-0.581838,0.501238,0.64051,0.013626,0.03615,-0.055396,0.176407,-0.062689,0.095606,-0.037735,-0.080529,-0.003972,0.363814,0.172878,0.978969,0.108277,-0.8642,0.20361,-0.460039,-0.472598,-0.015286,0.881068,0.004944,-0.014811,-0.029495,0.481269,-0.947585,0.102599,-1.405808,0.039083,0.042768,-0.027436,-0.141824,-0.984005,0.107786,0.893187,-0.174148,-0.414594,0.426733,0.037474,0.9036,0.001465,-0.002083,-0.019141,0.593245,-1.016012,-0.133256,-0.826211,0.081341,0.045322,-0.058523,-0.406033,0.540532,-0.736858,-0.676978,-0.719541,-0.154791,-0.61387,0.435987,0.658086,0.012399,0.011778,-0.023772,0.137443,-0.010791,-0.076275,-0.222747
464,0.071695,0.03023,0.406046,-0.351069,0.56494,-0.746752,-0.737375,-0.658274,-0.151413,-0.576677,0.496774,0.648603,0.012696,0.019689,-0.034359,-1.679793,1.294826,-2.037866,-0.038502,-0.080438,-0.004408,0.362772,0.192077,0.978867,0.070121,-0.853451,0.201995,-0.480367,-0.484592,0.031178,0.874106,0.005627,-0.020481,-0.016797,0.496275,-0.996059,0.050609,-1.405896,0.03913,0.042549,-0.027965,-0.159072,-0.984825,0.069381,0.883528,-0.173364,-0.435111,0.440536,-0.007913,0.897699,0.001668,-0.004411,-0.012379,0.672449,-1.242304,-0.02276,-0.827191,0.081586,0.045823,-0.059344,-0.416587,0.538974,-0.732094,-0.673958,-0.723551,-0.149179,-0.610111,0.431255,0.664667,0.006219,0.009406,-0.017426,0.111502,0.106481,-0.088251,-0.227156
465,0.071854,0.030937,0.404972,-0.364307,0.561243,-0.74319,-0.733483,-0.664599,-0.142416,-0.573408,0.492533,0.654707,0.000539,0.015401,-0.021475,0.061459,0.04866,-0.148103,-0.027765,-0.080604,-0.00505,0.362015,0.212623,0.976499,0.035128,-0.842736,0.20157,-0.4991,-0.49469,0.075274,0.865725,-0.008899,-0.020123,-0.014707,0.44053,-0.800903,-0.077413,-1.406114,0.03905,0.042219,-0.028351,-0.178241,-0.983449,0.032504,0.873556,-0.173356,-0.454804,0.452912,-0.052671,0.889997,-0.004491,-0.009863,-0.007188,0.435184,-0.792787,-0.072942,-0.828498,0.081671,0.04618,-0.059885,-0.431405,0.532981,-0.727887,-0.669612,-0.72986,-0.137559,-0.604572,0.428059,0.671756,0.000208,0.007476,-0.010865,0.052492,0.123501,-0.359121,-0.223401
466,0.071809,0.031145,0.404661,-0.36983,0.558587,-0.742463,-0.730972,-0.668153,-0.138645,-0.573072,0.490747,0.656341,-0.012539,0.008576,-0.010002,0.017249,0.176369,-0.400281,-0.024158,-0.080789,-0.005405,0.361785,0.221178,0.974907,0.025072,-0.830402,0.201866,-0.519247,-0.511527,0.092785,0.854163,-0.009846,-0.016751,-0.011951,2.943498,0.257116,0.502843,-1.405968,0.038958,0.042039,-0.028468,-0.186312,-0.982233,0.022443,0.862742,-0.17449,-0.474581,0.470065,-0.069058,0.879925,-0.004997,-0.008065,-0.005712,2.979938,0.171281,0.456231,-0.829804,0.08165,0.046293,-0.060047,-0.436652,0.529627,-0.727206,-0.666605,-0.733303,-0.133803,-0.604128,0.426334,0.673251,-0.0062,0.004436,-0.004924,0.017105,0.17344,-0.401083,-0.220788
467,0.071628,0.031226,0.404452,-0.379471,0.554175,-0.740902,-0.727207,-0.673681,-0.131509,-0.571546,0.488193,0.659567,-0.001042,-0.002857,-0.001547,-0.007447,0.084293,-0.179991,-0.021043,-0.081361,-0.006156,0.361647,0.247172,0.968848,0.015196,-0.799203,0.212827,-0.56206,-0.548066,0.125546,0.826876,-0.023097,-0.024463,0.001144,0.40494,-0.804919,0.060199,-1.406024,0.038672,0.041663,-0.028537,-0.211948,-0.977218,0.01108,0.833544,-0.186682,-0.519954,0.510177,-0.100967,0.854121,-0.011623,-0.011954,0.000809,0.374283,-0.820283,0.052949,-0.834866,0.08156,0.046334,-0.060151,-0.445657,0.524349,-0.725566,-0.662239,-0.738466,-0.126911,-0.602352,0.423939,0.676347,-0.000557,-0.001546,-0.000836,-0.00861,0.096483,-0.206144,-0.217849
468,0.07143,0.030999,0.404645,-0.384019,0.552054,-0.740143,-0.724906,-0.676699,-0.128691,-0.571428,0.486424,0.660975,-0.013121,-0.006905,0.011423,-0.042743,0.11786,-0.22501,-0.020342,-0.082061,-0.006727,0.361707,0.25922,0.965713,-0.013954,-0.781362,0.20132,-0.590658,-0.567893,0.162782,0.806761,-0.026954,-0.00715,-0.002106,0.668219,-1.10105,-0.209133,-1.405827,0.038333,0.041377,-0.028509,-0.222224,-0.974846,-0.017025,0.817323,-0.176738,-0.548402,0.531599,-0.135783,0.83604,-0.005801,-0.006841,0.00408,0.710416,-1.174165,-0.454675,-0.833723,0.081461,0.046218,-0.060056,-0.450083,0.521724,-0.724726,-0.659544,-0.741352,-0.12409,-0.602019,0.422138,0.67777,-0.006508,-0.003307,0.005792,-0.043952,0.118625,-0.226128,-0.215726
469,0.071196,0.03064,0.405126,-0.383377,0.552198,-0.740368,-0.723872,-0.677457,-0.130512,-0.573167,0.485206,0.660365,-0.012349,-0.004774,0.012585,-0.034156,0.021522,-0.018862,-0.021391,-0.082478,-0.00655,0.36193,0.274346,0.959801,-0.059231,-0.774297,0.184081,-0.605403,-0.570478,0.210727,0.793733,-0.00301,0.011266,0.009341,0.126168,-1.668001,-0.530848,-1.405697,0.038118,0.041453,-0.028407,-0.235168,-0.969964,-0.062158,0.810132,-0.16028,-0.56391,0.53701,-0.18297,0.823493,-0.001694,0.006397,0.00527,-1.736636,-2.03627,-1.203503,-0.839438,0.081349,0.046048,-0.059827,-0.449399,0.521944,-0.724992,-0.658447,-0.741998,-0.126037,-0.603727,0.420728,0.677126,-0.00042,-0.004608,0.004966,-0.036843,0.020573,-0.017798,-0.216216
470,0.071155,0.030468,0.405336,-0.383833,0.552169,-0.740153,-0.724147,-0.677297,-0.129817,-0.572514,0.485461,0.660744,-0.000445,-0.008175,0.010491,-0.034276,0.018951,-0.015421,-0.022004,-0.082496,-0.006224,0.362099,0.284673,0.954968,-0.083602,-0.774133,0.177703,-0.607514,-0.565629,0.236442,0.789951,-0.003424,0.012808,0.010593,-0.100444,-1.31153,-0.364538,-1.405705,0.038104,0.041611,-0.028319,-0.244406,-0.965758,-0.087041,0.808661,-0.153465,-0.567904,0.5351,-0.209186,0.818479,-0.001821,0.006812,0.00563,0.772486,-1.226276,-0.160844,-0.841071,0.081324,0.045957,-0.059714,-0.449901,0.521855,-0.724744,-0.658745,-0.741866,-0.125254,-0.603028,0.42107,0.677536,-0.000163,-0.003905,0.005347,-0.033552,0.007035,0.010387,-0.216542
471,0.071096,0.030225,0.405675,-0.384484,0.552152,-0.739828,-0.724594,-0.677017,-0.12878,-0.571511,0.48587,0.661311,-0.000639,-0.008707,0.010208,-0.034282,0.018933,-0.015429,-0.026833,-0.082409,-0.005538,0.362381,0.30276,0.943971,-0.131327,-0.767507,0.159929,-0.620718,-0.565288,0.287515,0.773077,-0.001734,0.00335,0.020303,-1.523632,-2.304923,-1.17373,-1.405345,0.038148,0.041975,-0.028175,-0.260804,-0.955804,-0.135717,0.801874,-0.136196,-0.581763,0.537567,-0.260554,0.801955,0.005017,0.008125,0.005734,0.835961,-1.292511,-0.16319,-0.840418,0.081296,0.045836,-0.059538,-0.450558,0.52177,-0.724398,-0.659208,-0.741636,-0.124175,-0.602031,0.421581,0.678105,-0.00032,-0.00434,0.005112,-0.034319,0.018932,-0.015439,-0.218665
472,0.071075,0.030144,0.405912,-0.384868,0.552144,-0.739634,-0.72486,-0.676848,-0.128165,-0.570914,0.486114,0.661647,-0.000137,-0.007335,0.010952,-0.034286,0.018922,-0.015433,-0.033868,-0.082112,-0.005039,0.362955,0.325387,0.935148,-0.140052,-0.753674,0.167178,-0.63558,-0.571328,0.311165,0.759357,0.009765,0.01711,0.01214,0.197139,-0.431862,0.321409,-1.405331,0.038292,0.042222,-0.027882,-0.283161,-0.947512,-0.148461,0.790338,-0.142838,-0.595788,0.54331,-0.286038,0.7893,0.005889,0.003213,0.010448,0.157378,-0.423488,0.269168,-0.846296,0.081284,0.045796,-0.059425,-0.45092,0.521725,-0.724205,-0.659467,-0.741506,-0.123578,-0.601476,0.421866,0.67842,0.000558,0.001536,0.00083,0.001107,-0.01209,0.026144,-0.22291
473,0.071065,0.030119,0.40601,-0.384962,0.552169,-0.739567,-0.724989,-0.676748,-0.127965,-0.570688,0.486225,0.661761,-0.000177,-0.007446,0.010893,-0.034287,0.018919,-0.015435,-0.038504,-0.081855,-0.004787,0.363301,0.333694,0.931783,-0.142898,-0.750045,0.170749,-0.638915,-0.571321,0.319189,0.756025,0.023136,0.020691,0.013164,0.241527,-0.42475,0.137201,-1.405278,0.038411,0.042344,-0.027717,-0.291228,-0.944773,-0.150292,0.787419,-0.147514,-0.598506,0.543283,-0.292645,0.786893,0.012458,0.005457,0.011324,0.399239,-0.736057,0.163544,-0.850052,0.081279,0.045781,-0.059371,-0.45103,0.521737,-0.724127,-0.659611,-0.741415,-0.123349,-0.601236,0.422008,0.678544,-7.4e-05,-0.003669,0.005477,-0.034299,0.018907,-0.015436,-0.22585
474,0.071071,0.03007,0.406241,-0.385076,0.552269,-0.739432,-0.72532,-0.676465,-0.127584,-0.570189,0.486505,0.661985,0.001186,0.003239,0.001748,0.0,0.0,0.0,-0.045055,-0.081029,-0.004462,0.364097,0.339722,0.929036,-0.146532,-0.747753,0.172431,-0.641145,-0.570779,0.326191,0.753441,0.025864,0.007258,0.019623,0.226404,-0.361053,-0.10983,-1.405112,0.038816,0.042518,-0.027315,-0.297357,-0.942358,-0.153423,0.785399,-0.150059,-0.600524,0.542886,-0.299069,0.784749,0.012823,0.004018,0.010113,0.289993,-0.368835,-0.337685,-0.856257,0.081282,0.045756,-0.059256,-0.45115,0.521826,-0.723989,-0.65996,-0.741169,-0.122958,-0.600762,0.422332,0.678763,0.000149,-0.003067,0.005801,-0.033169,0.006839,0.010711,-0.230749
475,0.071118,0.030011,0.4065,-0.385093,0.552432,-0.739302,-0.725736,-0.676084,-0.127239,-0.56965,0.486849,0.662197,0.000224,-0.00635,0.011486,-0.034296,0.018893,-0.015447,-0.052073,-0.079714,-0.004306,0.365059,0.338241,0.92877,-0.151563,-0.75075,0.169344,-0.63846,-0.567713,0.328549,0.754732,0.039035,0.011369,0.021044,0.004211,-0.034013,-0.08955,-1.404862,0.039494,0.042597,-0.026823,-0.295922,-0.941654,-0.160367,0.787679,-0.145584,-0.598637,0.540362,-0.303468,0.784803,0.019522,0.005619,0.010448,-0.010714,-0.009123,-0.074354,-0.861319,0.081306,0.045728,-0.059126,-0.451178,0.521985,-0.723856,-0.660404,-0.740834,-0.1226,-0.600253,0.422724,0.678969,0.000129,-0.003118,0.005774,-0.034299,0.0189,-0.015446,-0.235321
476,0.071116,0.029888,0.406803,-0.385238,0.552585,-0.739112,-0.726218,-0.675667,-0.126705,-0.568937,0.487254,0.662511,-0.012479,-0.005137,0.012407,-0.035286,0.033591,-0.045007,-0.055801,-0.078453,-0.004518,0.366053,0.33815,0.927315,-0.160419,-0.754791,0.165568,-0.634675,-0.56238,0.33451,0.756105,0.029965,-0.010879,0.022289,0.085625,-0.218094,-0.088309,-1.404299,0.040109,0.042508,-0.026324,-0.295329,-0.940432,-0.168424,0.791533,-0.142123,-0.594369,0.535027,-0.308848,0.786356,0.014025,-0.000438,0.006463,0.20176,-0.317453,-0.119698,-0.861645,0.081311,0.045672,-0.058977,-0.451296,0.522135,-0.723675,-0.660911,-0.740464,-0.122094,-0.599605,0.423185,0.679254,0.000296,0.000824,0.000442,-1.4e-05,-7e-06,-1.2e-05,-0.23924
477,0.071091,0.029781,0.406947,-0.383304,0.553305,-0.739579,-0.726095,-0.675361,-0.129018,-0.5704,0.486859,0.661543,-0.011693,0.003977,0.002406,-0.000974,0.014708,-0.029543,-0.057233,-0.077968,-0.004799,0.366433,0.338783,0.925907,-0.167074,-0.7561,0.162386,-0.633937,-0.560234,0.339905,0.755291,0.030779,-0.0137,0.020007,0.128999,-0.27277,-0.116728,-1.404397,0.040352,0.042367,-0.026134,-0.295665,-0.939087,-0.175206,0.792692,-0.138825,-0.593603,0.533122,-0.314393,0.785453,0.008736,-0.008802,0.009342,0.217043,-0.361685,-0.201924,-0.863442,0.081299,0.045615,-0.058901,-0.449432,0.523054,-0.724171,-0.660868,-0.740115,-0.124425,-0.601051,0.422661,0.678302,-0.00043,-0.004643,0.004955,-0.037971,0.021224,-0.018926,-0.240383
478,0.070991,0.029525,0.407236,-0.381873,0.553932,-0.73985,-0.726109,-0.675024,-0.130688,-0.571341,0.486613,0.660911,-0.011953,0.00328,0.002031,-0.000984,0.014715,-0.029553,-0.055799,-0.077032,-0.005391,0.367202,0.341993,0.922643,-0.178217,-0.756402,0.157897,-0.634711,-0.557874,0.350688,0.752102,0.03054,-0.012706,0.02081,0.321844,-0.585828,-0.055534,-1.40454,0.040811,0.042066,-0.025766,-0.298119,-0.936389,-0.185201,0.793222,-0.135105,-0.593755,0.530964,-0.323915,0.783042,0.015236,-0.006279,0.010447,-0.042093,-0.133239,0.216808,-0.864095,0.081248,0.045486,-0.058758,-0.448087,0.523812,-0.724457,-0.660951,-0.739762,-0.126071,-0.601964,0.42234,0.677692,-0.000566,-0.005015,0.00476,-0.036539,0.020283,-0.017572,-0.241526
479,0.07088,0.029302,0.407465,-0.380004,0.554713,-0.740226,-0.726163,-0.674556,-0.132787,-0.572518,0.486372,0.66007,-0.001085,-0.009928,0.009573,-0.034314,0.018844,-0.015468,-0.053702,-0.075749,-0.005951,0.368184,0.345495,0.920411,-0.182943,-0.756135,0.157727,-0.635072,-0.556078,0.356564,0.750668,0.045231,-0.016808,0.033028,-0.067496,-0.091182,0.025144,-1.404194,0.04146,0.041778,-0.025275,-0.301833,-0.933779,-0.19223,0.792381,-0.133595,-0.595216,0.53012,-0.331976,0.780233,0.015013,-0.005433,0.011124,-0.059771,-0.036119,0.009135,-0.863278,0.081192,0.045377,-0.058648,-0.44631,0.524768,-0.724861,-0.661085,-0.739283,-0.128166,-0.603135,0.421993,0.676866,-0.000549,-0.004971,0.004783,-0.034787,0.019143,-0.015908,-0.240383
480,0.070769,0.029203,0.407615,-0.37804,0.555453,-0.740677,-0.726035,-0.674229,-0.135127,-0.57398,0.48598,0.659088,3e-06,8e-06,4e-06,0.0,-0.0,0.0,-0.053366,-0.074354,-0.006571,0.369377,0.341227,0.920892,-0.188452,-0.757959,0.151134,-0.6345,-0.556225,0.358167,0.749795,0.029613,-0.009211,0.023625,0.004099,-0.103843,-0.04117,-1.404739,0.042163,0.041466,-0.024674,-0.297264,-0.934196,-0.197259,0.793999,-0.127126,-0.594477,0.530282,-0.33334,0.779541,0.015629,-0.009189,0.016808,-0.017918,-0.102539,-0.065896,-0.87079,0.081132,0.045325,-0.058568,-0.444476,0.525682,-0.725326,-0.661037,-0.738925,-0.130457,-0.604541,0.421482,0.67593,-5e-06,-2e-06,1e-06,-0.000219,0.000118,-0.000202,-0.240056
481,0.07072,0.029178,0.407659,-0.378235,0.555401,-0.740617,-0.726047,-0.674259,-0.134915,-0.573836,0.485999,0.659199,0.0,0.0,0.0,0.0,0.0,0.0,-0.051992,-0.07384,-0.006925,0.369984,0.336333,0.92162,-0.193618,-0.758864,0.143625,-0.635162,-0.557964,0.359374,0.747923,0.029594,-0.009098,0.023716,0.098085,-0.243806,-0.065619,-1.404414,0.04242,0.04129,-0.02437,-0.291985,-0.934893,-0.201789,0.794772,-0.119804,-0.594965,0.532053,-0.334097,0.778008,0.009118,-0.011615,0.015801,0.122019,-0.293226,-0.184952,-0.872913,0.081107,0.045312,-0.058546,-0.444666,0.52561,-0.725263,-0.661043,-0.738957,-0.130243,-0.604396,0.421515,0.67604,-3e-06,-5e-06,0.0,-2.9e-05,2.7e-05,-2.5e-05,-0.23973
482,0.070673,0.02919,0.407655,-0.378618,0.555222,-0.740555,-0.725894,-0.67448,-0.134632,-0.573776,0.485897,0.659327,-2.1e-05,-5.7e-05,-3.1e-05,0.0,0.0,0.0,-0.048481,-0.073194,-0.007767,0.37117,0.331166,0.919597,-0.211333,-0.764331,0.130255,-0.63148,-0.553568,0.369474,0.746267,0.017967,-0.022087,0.032583,-0.031624,-0.191118,0.12146,-1.404067,0.042747,0.040873,-0.023781,-0.285993,-0.932553,-0.220344,0.799369,-0.105382,-0.591526,0.528409,-0.345309,0.775593,0.002321,-0.013079,0.015591,-0.096046,-0.026992,-0.087197,-0.875035,0.081084,0.045318,-0.058548,-0.445028,0.525395,-0.725196,-0.660864,-0.739166,-0.129966,-0.604324,0.421417,0.676165,-1.1e-05,-3e-05,-1.4e-05,-0.008054,0.082549,-0.180764,-0.238587
483,0.070675,0.02922,0.407615,-0.378555,0.555218,-0.74059,-0.725836,-0.67452,-0.134744,-0.573893,0.485845,0.659264,-0.0,-1e-06,-0.0,0.0,0.0,0.0,-0.044513,-0.072709,-0.008519,0.372502,0.333937,0.915906,-0.222697,-0.76541,0.125748,-0.631085,-0.550402,0.380023,0.743305,0.015761,-0.014604,0.038623,0.044606,-0.287448,0.10829,-1.404168,0.042994,0.040484,-0.023126,-0.288243,-0.929283,-0.230969,0.800431,-0.10144,-0.590778,0.525571,-0.355163,0.773067,0.007919,-0.007512,0.019137,0.07494,-0.244373,-0.124015,-0.874545,0.081085,0.045333,-0.058568,-0.444966,0.525397,-0.725232,-0.660804,-0.7392,-0.13008,-0.604436,0.421355,0.676103,4e-06,8e-06,6e-06,1e-06,3e-06,4e-06,-0.2363
484,0.070704,0.029235,0.407589,-0.378438,0.55525,-0.740626,-0.725828,-0.674503,-0.134872,-0.573979,0.485833,0.659197,-0.0,-0.0,-0.0,0.0,0.0,0.0,-0.043661,-0.072487,-0.008732,0.373281,0.334929,0.915491,-0.222914,-0.766206,0.127077,-0.629851,-0.548689,0.38058,0.744286,0.000678,-0.012598,0.042114,-0.099116,-0.034742,0.007833,-1.404424,0.043112,0.040373,-0.022741,-0.289431,-0.928792,-0.23146,0.801096,-0.102692,-0.589659,0.523901,-0.356088,0.773775,0.007173,-0.005011,0.021138,-0.115982,-0.006412,-0.004861,-0.875362,0.081099,0.04534,-0.058581,-0.444853,0.52544,-0.72527,-0.660801,-0.73918,-0.130207,-0.604522,0.421336,0.676039,2e-06,5e-06,2e-06,-2e-06,2e-06,6e-06,-0.235321
485,0.070723,0.02926,0.407546,-0.378464,0.555203,-0.740648,-0.725737,-0.674592,-0.134914,-0.574077,0.485762,0.659164,-9e-06,-2.5e-05,-1.4e-05,0.0,0.0,0.0,-0.042986,-0.071964,-0.008711,0.375052,0.323482,0.918148,-0.228813,-0.774629,0.11823,-0.621212,-0.54369,0.37702,0.749747,0.011451,-0.00025,0.049973,-0.099033,-0.047545,0.038262,-1.404068,0.043365,0.04038,-0.021877,-0.277483,-0.931145,-0.236583,0.80881,-0.093513,-0.580587,0.518487,-0.352453,0.779068,0.004656,0.005088,0.020459,-0.059283,-0.045742,0.065705,-0.877158,0.081109,0.045353,-0.058603,-0.444875,0.525392,-0.725292,-0.660703,-0.73926,-0.130252,-0.604613,0.421256,0.676006,-1e-06,-6e-06,-3e-06,-0.0,9e-06,1e-05,-0.234341
486,0.070688,0.029213,0.407533,-0.378642,0.55513,-0.740612,-0.72569,-0.674673,-0.134764,-0.574019,0.485734,0.659236,-0.000742,-0.002022,-0.001089,-0.001166,0.01197,-0.02619,-0.037905,-0.071886,-0.008541,0.376793,0.32272,0.915522,-0.240131,-0.778403,0.112538,-0.617541,-0.538726,0.385038,0.749255,-0.002476,-0.002054,0.050215,0.170585,-0.373409,-0.156788,-1.404006,0.043411,0.040475,-0.02098,-0.276212,-0.928893,-0.246704,0.812478,-0.088556,-0.576225,0.513405,-0.359602,0.779166,-0.009002,0.002442,0.020116,0.371169,-0.56789,-0.262712,-0.878465,0.081093,0.045333,-0.058608,-0.445026,0.525312,-0.725257,-0.660653,-0.739327,-0.130119,-0.604556,0.421237,0.676069,-0.000119,-0.000326,-0.000175,4e-06,-2e-06,6e-06,-0.232545
487,0.070662,0.029189,0.407531,-0.378627,0.555145,-0.740608,-0.725712,-0.67465,-0.134763,-0.574001,0.485749,0.65924,-0.000305,-0.000831,-0.000448,0.0,0.0,0.0,-0.035148,-0.072118,-0.008461,0.377627,0.323057,0.91366,-0.24668,-0.779714,0.109384,-0.616453,-0.536624,0.390318,0.748031,-0.004563,0.008441,0.041089,0.133747,-0.284091,-0.089093,-1.404231,0.043295,0.040513,-0.020558,-0.276371,-0.926844,-0.254124,0.813422,-0.084769,-0.575464,0.511823,-0.365752,0.777343,-0.009091,0.002785,0.020337,0.212788,-0.368055,-0.164847,-0.876342,0.081078,0.045317,-0.05861,-0.445031,0.525317,-0.72525,-0.660669,-0.739316,-0.130103,-0.604535,0.42125,0.67608,-0.000182,-0.000497,-0.000267,-1e-06,-6e-06,0.0,-0.230749
488,0.070653,0.029149,0.407487,-0.378707,0.555094,-0.740605,-0.725651,-0.674723,-0.134726,-0.574026,0.485705,0.659251,-0.000387,-0.001055,-0.000568,0.0,0.0,0.0,-0.034029,-0.072777,-0.008015,0.379052,0.32449,0.910329,-0.256901,-0.78196,0.105505,-0.61428,-0.532472,0.399047,0.74639,-0.020018,0.015685,0.031088,0.064099,-0.140443,-0.032101,-1.403947,0.042971,0.040736,-0.01984,-0.277476,-0.923487,-0.264909,0.815315,-0.080491,-0.573394,0.508199,-0.375088,0.775268,-0.010106,0.008074,0.015735,0.08166,-0.156369,-0.037981,-0.869483,0.081074,0.045298,-0.058632,-0.445106,0.525259,-0.725246,-0.6606,-0.739384,-0.130067,-0.604555,0.421204,0.676091,-0.000234,-0.000638,-0.000344,4e-06,-3e-06,-0.0,-0.228789
489,0.070639,0.02912,0.407449,-0.376702,0.555713,-0.741163,-0.725205,-0.674675,-0.137342,-0.575906,0.485064,0.658082,-0.00033,-0.000898,-0.000484,1e-06,-1e-06,1e-06,-0.032477,-0.073201,-0.007415,0.380246,0.323027,0.907727,-0.267725,-0.790097,0.103092,-0.604196,-0.521223,0.405537,0.750819,-0.005349,0.014744,0.028381,-0.013777,-0.045508,0.018265,-1.404288,0.04275,0.041044,-0.019235,-0.275577,-0.920855,-0.275829,0.822824,-0.07761,-0.562972,0.497008,-0.382101,0.779089,-0.00282,0.007791,0.01452,-0.024766,-0.029602,0.060149,-0.872586,0.081066,0.045283,-0.058651,-0.443152,0.526086,-0.725843,-0.660208,-0.73926,-0.132731,-0.606415,0.420388,0.674932,-0.000196,-0.000532,-0.000286,-0.003157,0.002032,-0.002989,-0.228136
490,0.070595,0.029098,0.407404,-0.376722,0.555687,-0.741173,-0.725149,-0.67473,-0.137366,-0.575963,0.485018,0.658066,-0.000285,-0.000775,-0.000418,0.0,-0.0,0.0,-0.031733,-0.073472,-0.006891,0.381169,0.324806,0.90762,-0.265929,-0.788622,0.104845,-0.605819,-0.522352,0.405327,0.750147,-0.018705,0.015017,0.013138,-0.008418,0.07175,-0.158517,-1.404078,0.04262,0.041306,-0.018774,-0.277567,-0.920879,-0.273749,0.821474,-0.079754,-0.564641,0.498133,-0.381603,0.778615,-0.002632,0.008881,0.006754,-0.000994,-0.023537,0.051315,-0.872423,0.081045,0.045271,-0.058674,-0.443326,0.52597,-0.72582,-0.660097,-0.739381,-0.132615,-0.60641,0.42032,0.674978,-0.000197,-0.000535,-0.000289,-6.1e-05,3.6e-05,-5.1e-05,-0.226503
491,0.070569,0.029081,0.407395,-0.376959,0.555579,-0.741133,-0.725065,-0.674858,-0.137182,-0.575914,0.484963,0.658149,-0.00028,-0.000762,-0.000411,0.0,0.0,0.0,-0.029966,-0.073585,-0.006726,0.381466,0.3255,0.907859,-0.264258,-0.787123,0.105462,-0.607658,-0.52418,0.404632,0.749247,-0.002063,0.003633,0.019761,-0.033719,-0.010681,0.003055,-1.403954,0.042555,0.0414,-0.018617,-0.278228,-0.921158,-0.272131,0.820129,-0.080354,-0.566507,0.499976,-0.380801,0.777826,-0.00197,0.006658,0.005049,-0.008638,0.055507,-0.130692,-0.87128,0.081031,0.045262,-0.058679,-0.443424,0.525915,-0.725801,-0.660054,-0.739433,-0.132536,-0.606385,0.420298,0.675015,-0.000133,-0.000359,-0.000192,-6e-06,4e-06,-2e-06,-0.226176
492,0.070535,0.029042,0.407375,-0.375031,0.556178,-0.741662,-0.724618,-0.674819,-0.139712,-0.577734,0.48433,0.657019,-0.000188,-0.00051,-0.000275,0.534041,-0.348935,0.528717,-0.031024,-0.073521,-0.006327,0.381936,0.326288,0.908056,-0.262607,-0.785617,0.106158,-0.609483,-0.525949,0.404011,0.748342,-0.003433,0.011667,0.008802,-0.006348,0.056458,-0.129311,-1.404125,0.042589,0.041588,-0.018384,-0.279193,-0.921342,-0.270516,0.818738,-0.081215,-0.568394,0.501715,-0.380173,0.777013,-0.000546,0.000124,0.008581,-0.034049,-0.010871,0.002913,-0.872423,0.081014,0.045243,-0.058689,-0.442176,0.526438,-0.726183,-0.659761,-0.739381,-0.134274,-0.607614,0.419735,0.67426,-9.1e-05,-0.000266,-0.000148,1.78158,-1.162511,1.760827,-0.225034
493,0.070457,0.029039,0.407386,-0.375266,0.556082,-0.741615,-0.724551,-0.67493,-0.139521,-0.577664,0.484286,0.657113,-5e-06,-1.4e-05,-8e-06,0.0,-0.0,0.0,-0.030961,-0.073384,-0.006062,0.382262,0.32444,0.908537,-0.263231,-0.786434,0.104604,-0.608698,-0.52587,0.403335,0.748762,0.013667,-0.001418,0.014189,-0.041876,0.065042,-0.176202,-1.403764,0.042651,0.041728,-0.018221,-0.277312,-0.921758,-0.271033,0.819441,-0.079632,-0.567603,0.50161,-0.3795,0.777409,-0.000727,0.002439,0.001831,-6e-05,-3.3e-05,3e-05,-0.872586,0.080975,0.045241,-0.058683,-0.441796,0.526583,-0.726309,-0.659583,-0.739429,-0.134887,-0.608083,0.419469,0.674002,1.2e-05,3.1e-05,1.7e-05,-0.000145,8.2e-05,-0.000136,-0.22585
494,0.070388,0.029066,0.407403,-0.375426,0.556014,-0.741585,-0.724495,-0.675016,-0.1394,-0.577631,0.484245,0.657173,-0.01179,0.003769,0.002295,-0.000984,0.014715,-0.029553,-0.029157,-0.073282,-0.006039,0.382404,0.323047,0.908445,-0.265254,-0.788526,0.103536,-0.606169,-0.523586,0.403816,0.750102,0.012319,0.006535,0.003214,0.002045,-0.015205,0.029245,-1.404239,0.042702,0.041737,-0.018145,-0.275686,-0.921656,-0.27303,0.821425,-0.078358,-0.564906,0.499256,-0.380011,0.778674,0.000438,-0.003199,0.006068,-0.042441,0.080826,-0.204478,-0.869483,0.080945,0.045253,-0.058676,-0.441929,0.52651,-0.726281,-0.659525,-0.739499,-0.134784,-0.60805,0.419436,0.674053,0.000123,0.000335,0.000181,-2.9e-05,2e-06,-1.7e-05,-0.225033
495,0.070261,0.029108,0.407406,-0.373501,0.556606,-0.742113,-0.724008,-0.675006,-0.141956,-0.579487,0.483579,0.656027,0.000912,0.009438,-0.009839,0.0343,-0.018885,0.015448,-0.024441,-0.072914,-0.006069,0.382768,0.323077,0.907212,-0.269404,-0.789995,0.101942,-0.604524,-0.521347,0.406973,0.749956,0.012086,0.007304,0.003788,0.003768,-0.027241,0.055382,-1.403896,0.042883,0.041716,-0.017974,-0.275533,-0.920437,-0.277263,0.822717,-0.076608,-0.563264,0.497208,-0.383307,0.778368,0.00707,-0.001533,0.006468,-0.037542,-0.017671,0.036248,-0.868504,0.080878,0.045275,-0.058669,-0.440117,0.527275,-0.726826,-0.659094,-0.739419,-0.137308,-0.609829,0.418615,0.672955,-0.000136,-0.000367,-0.000195,-0.000156,0.000113,-0.000134,-0.222421
496,0.070193,0.029111,0.407409,-0.373831,0.556459,-0.742057,-0.723892,-0.675183,-0.141703,-0.579419,0.483501,0.656146,-0.000285,-0.000773,-0.000418,0.0,0.0,0.0,-0.024457,-0.072341,-0.006001,0.383189,0.323899,0.906892,-0.269498,-0.790225,0.102848,-0.60407,-0.520488,0.407458,0.750289,0.01159,0.008931,0.005,-0.005461,0.052417,-0.12661,-1.404,0.043176,0.041744,-0.017762,-0.276505,-0.920138,-0.277289,0.822945,-0.077701,-0.56278,0.49629,-0.383806,0.778709,0.006801,-0.00064,0.007132,-0.033055,-0.014386,0.005967,-0.870137,0.080844,0.04528,-0.058671,-0.440416,0.527099,-0.726773,-0.658947,-0.739592,-0.137083,-0.609772,0.418531,0.673058,-0.000221,-0.000599,-0.000321,-9e-06,1e-05,3e-06,-0.220788
497,0.070185,0.029121,0.407403,-0.373837,0.55645,-0.74206,-0.723873,-0.675201,-0.141711,-0.579438,0.483485,0.65614,-0.0,-0.0,-0.0,0.0,0.0,0.0,-0.02457,-0.07182,-0.005872,0.383659,0.324357,0.90713,-0.268141,-0.78914,0.103342,-0.605403,-0.521849,0.406804,0.749698,0.013271,-0.000167,0.015104,-0.031638,-0.026015,0.03223,-1.403845,0.043436,0.041814,-0.017529,-0.276908,-0.92042,-0.275949,0.821947,-0.078137,-0.564177,0.497718,-0.383041,0.778174,0.005745,0.004589,0.002577,-0.010366,0.061935,-0.155652,-0.871443,0.08084,0.045283,-0.058675,-0.440421,0.52709,-0.726776,-0.658926,-0.739608,-0.137092,-0.60979,0.418514,0.673053,1e-06,9e-06,1e-05,-4e-06,6e-06,8e-06,-0.220788
498,0.070187,0.029136,0.407389,-0.373803,0.556453,-0.742076,-0.723852,-0.675213,-0.141763,-0.579486,0.483466,0.656112,-0.0,-0.0,-0.0,0.0,0.0,0.0,-0.02463,-0.071585,-0.005802,0.38387,0.324374,0.907084,-0.268275,-0.789353,0.103437,-0.605108,-0.521514,0.406882,0.749889,0.013312,-0.000324,0.014982,-0.031635,-0.026033,0.03222,-1.403859,0.043558,0.041849,-0.017418,-0.27694,-0.920362,-0.276108,0.822175,-0.078246,-0.56383,0.497324,-0.383157,0.778369,0.006657,-0.000186,0.007464,-0.032111,-0.026274,0.031912,-0.872423,0.080841,0.045291,-0.058682,-0.440389,0.527095,-0.726792,-0.658905,-0.739618,-0.137143,-0.609837,0.418491,0.673025,-1e-06,5e-06,6e-06,-0.0,3e-06,1.6e-05,-0.220625
499,0.070181,0.029151,0.40733,-0.373781,0.556423,-0.742109,-0.723761,-0.675291,-0.141855,-0.579614,0.483392,0.656054,-0.000661,-0.001793,-0.000969,-0.001164,0.011981,-0.026185,-0.023125,-0.070916,-0.005617,0.384286,0.325868,0.905886,-0.270502,-0.788806,0.102953,-0.605904,-0.521413,0.409657,0.748447,0.026779,0.002234,0.015189,-0.026514,-0.035274,0.032468,-1.403722,0.043882,0.041942,-0.017214,-0.278354,-0.91918,-0.278616,0.821599,-0.077618,-0.564756,0.497487,-0.386113,0.776803,0.012301,0.006427,0.003092,-0.005371,-0.027995,0.090968,-0.872913,0.080839,0.045302,-0.058709,-0.440346,0.527079,-0.72683,-0.658818,-0.739675,-0.137253,-0.609962,0.41841,0.672962,-7e-05,-0.000191,-0.000103,7e-06,-7e-06,1.5e-05,-0.220461
500,0.070177,0.029156,0.407243,-0.373762,0.556378,-0.742153,-0.723637,-0.675401,-0.141969,-0.579782,0.483291,0.65598,-0.00076,-0.00206,-0.001113,-0.001162,0.011986,-0.026183,-0.023071,-0.070277,-0.005512,0.384661,0.321079,0.907552,-0.270647,-0.789646,0.098928,-0.60548,-0.523106,0.406959,0.748738,0.014286,-0.003585,0.012534,-0.032849,-0.014738,0.005726,-1.403734,0.044211,0.041998,-0.017019,-0.273494,-0.920728,-0.278316,0.822325,-0.073712,-0.564222,0.49898,-0.383178,0.777298,0.007163,-0.001881,0.006191,-0.033263,-0.01443,0.006096,-0.869483,0.080837,0.045304,-0.058753,-0.440323,0.527037,-0.726874,-0.658685,-0.739771,-0.137372,-0.610121,0.418294,0.67289,-0.000121,-0.000332,-0.000179,-2e-06,-5e-06,4e-06,-0.220298
501,0.07018,0.029154,0.407208,-0.373748,0.556364,-0.74217,-0.723593,-0.675438,-0.142017,-0.579846,0.483255,0.65595,-0.000538,-0.001459,-0.000788,0.0,0.0,0.0,-0.022465,-0.07005,-0.005569,0.38482,0.320873,0.906862,-0.273191,-0.789511,0.096928,-0.605979,-0.523435,0.408968,0.747412,0.001694,-0.009038,0.010163,-0.037444,0.071485,-0.209555,-1.403862,0.044323,0.041975,-0.016942,-0.273373,-0.91994,-0.281026,0.822028,-0.071705,-0.564914,0.499536,-0.385444,0.775819,0.006526,0.001955,0.0006,-0.008445,-0.001829,0.035174,-0.872096,0.080838,0.045302,-0.058771,-0.440327,0.527013,-0.726889,-0.65863,-0.739814,-0.137406,-0.610178,0.418248,0.672867,-0.000361,-0.000981,-0.000531,-0.001171,0.011998,-0.026182,-0.220135
