frame,MLTx,MLTy,MLTz,MLTR1,MLTR2,MLTR3,MLTR4,MLTR5,MLTR6,MLTR7,MLTR8,MLTR9,MLTTVx,MLTTVy,MLTTVz,MLTRVx,MLTRVy,MLTRVz,MLGA,MRTx,MRTy,MRTz,MRTR1,MRTR2,MRTR3,MRTR4,MRTR5,MRTR6,MRTR7,MRTR8,MRTR9,MRTTVx,MRTTVy,MRTTVz,MRTRVx,MRTRVy,MRTRVz,MRGA,SLTx,SLTy,SLTz,SLTR1,SLTR2,SLTR3,SLTR4,SLTR5,SLTR6,SLTR7,SLTR8,SLTR9,SLTTVx,SLTTVy,SLTTVz,SLTRVx,SLTRVy,SLTRVz,SLGA,SRTx,SRTy,SRTz,SRTR1,SRTR2,SRTR3,SRTR4,SRTR5,SRTR6,SRTR7,SRTR8,SRTR9,SRTTVx,SRTTVy,SRTTVz,SRTRVx,SRTRVy,SRTRVz,SRGA
19,0.146174,0.027951,0.377407,-0.802574,0.30445,-0.51306,-0.492072,-0.824063,0.280639,-0.336359,0.477313,0.811826,-8.6e-05,-0.000679,-0.000396,-0.403124,0.566752,-0.450569,-0.352515,-0.198201,0.039088,0.397536,0.577299,0.640525,0.506403,-0.747113,0.664549,0.01138,-0.329948,-0.385721,0.86152,0.000167,0.002351,0.001091,0.082504,-0.121983,-0.066002,-0.147699,-0.009119,0.035213,0.015478,-0.508961,-0.680149,0.527594,0.740261,-0.658633,-0.134962,0.439286,0.321867,0.838706,-0.005757,0.00162,0.001175,0.110861,-0.152486,-0.120945,-0.283597,0.111132,0.035604,-0.052598,-0.696971,0.488084,-0.525361,-0.663482,-0.716875,0.214199,-0.272071,0.497858,0.823476,-4.8e-05,-0.000376,-0.000221,-0.448342,0.628258,-0.495951,-0.471929
20,0.146268,0.028032,0.377317,-0.802142,0.304792,-0.513533,-0.492462,-0.824031,0.280047,-0.336818,0.477149,0.811733,-1e-06,-4e-06,-3e-06,-0.0,0.0,-0.0,-0.354184,-0.198352,0.039189,0.397594,0.584573,0.633783,0.506542,-0.739371,0.673154,0.011248,-0.334568,-0.381901,0.86144,0.000203,0.002838,0.001315,0.02269,0.000481,0.03855,-0.198754,-0.00919,0.035261,0.015505,-0.516068,-0.673627,0.529055,0.732608,-0.667159,-0.134846,0.4438,0.318,0.837804,0.00014,0.001987,0.000923,0.254452,-0.001232,0.460421,-0.33634,0.111174,0.035643,-0.052644,-0.696585,0.488329,-0.525645,-0.66376,-0.716752,0.213746,-0.272379,0.497795,0.823412,2e-06,1.1e-05,4e-06,0.000109,-0.000143,9e-05,-0.472745
21,0.146325,0.028067,0.377279,-0.801915,0.304976,-0.513779,-0.49268,-0.823997,0.279761,-0.337039,0.47709,0.811676,0.012437,-0.001023,-0.000924,0.000984,-0.014715,0.029553,-0.354363,-0.198435,0.039263,0.397635,0.590252,0.628631,0.506377,-0.731686,0.681557,0.007004,-0.341445,-0.375439,0.861582,0.000296,0.004127,0.001911,0.182404,-0.246152,-0.062102,-0.227711,-0.009236,0.035297,0.015526,-0.521674,-0.667893,0.530823,0.724371,-0.675458,-0.13799,0.450712,0.312527,0.836172,0.000105,0.001532,0.00071,0.333807,-0.388677,-0.083478,-0.362466,0.111202,0.035661,-0.052662,-0.696313,0.488473,-0.525872,-0.663953,-0.716661,0.213454,-0.272606,0.497786,0.823343,2e-06,8e-06,3e-06,2.5e-05,-2.3e-05,5e-06,-0.472908
22,0.146448,0.028121,0.377218,-0.802765,0.305131,-0.512357,-0.492533,-0.823633,0.281091,-0.33523,0.477618,0.812114,0.012436,-0.001019,-0.000922,0.000984,-0.014715,0.029553,-0.362875,-0.198632,0.039349,0.397679,0.588881,0.62938,0.507042,-0.73261,0.680572,0.006304,-0.341832,-0.375973,0.861196,2.5e-05,0.000352,0.000163,3.4e-05,-5e-05,-2.7e-05,-0.322184,-0.009334,0.035348,0.015551,-0.520344,-0.669246,0.530425,0.725149,-0.674325,-0.13944,0.450999,0.312081,0.836184,-0.005848,0.000274,0.000549,-0.01672,0.105561,-0.206213,-0.4366,0.111264,0.035688,-0.052693,-0.697186,0.488733,-0.524472,-0.663798,-0.716398,0.214813,-0.270745,0.497908,0.823883,1e-06,4e-06,-1e-06,0.000486,-0.000684,0.000479,-0.475031
23,0.146571,0.028184,0.377149,-0.803867,0.30507,-0.510663,-0.492072,-0.823391,0.282604,-0.333266,0.478075,0.812653,0.012436,-0.001016,-0.00092,0.000984,-0.014715,0.029553,-0.370864,-0.198801,0.039354,0.397672,0.58405,0.633697,0.507252,-0.734065,0.679025,-0.002859,-0.346964,-0.37149,0.861089,-4e-06,-5.3e-05,-2.5e-05,0.184955,-0.27613,-0.149313,-0.432253,-0.009414,0.035348,0.015546,-0.515564,-0.672514,0.530959,0.725382,-0.672398,-0.147312,0.456085,0.309199,0.834494,-8e-06,-6.8e-05,-3.1e-05,0.371326,-0.564835,-0.311548,-0.541433,0.111325,0.03572,-0.052727,-0.698356,0.48882,-0.522831,-0.663373,-0.716329,0.21635,-0.268763,0.497922,0.824523,1e-06,2e-06,-3e-06,0.000197,-0.000311,0.000206,-0.480257
24,0.146694,0.02827,0.377061,-0.805022,0.304953,-0.508909,-0.491509,-0.823212,0.2841,-0.331306,0.478457,0.81323,-0.0,-0.0,-0.0,-0.0,0.0,-0.0,-0.382744,-0.198977,0.039509,0.397631,0.58097,0.634629,0.50962,-0.735001,0.677989,-0.006168,-0.350143,-0.371792,0.859671,0.00012,0.001633,0.000755,4.6e-05,-6.9e-05,-3.8e-05,-0.491823,-0.009507,0.035422,0.015525,-0.512158,-0.674642,0.531555,0.725936,-0.670777,-0.151896,0.459031,0.308081,0.833291,-0.006008,0.006416,-0.003575,0.01905,0.094466,-0.187583,-0.625691,0.111391,0.035762,-0.052772,-0.699579,0.488872,-0.521145,-0.662875,-0.716331,0.217864,-0.266805,0.497868,0.825192,0.006219,-0.000505,-0.000461,0.001292,-0.015124,0.029864,-0.486788
25,0.146751,0.028313,0.377017,-0.804786,0.305142,-0.509169,-0.491731,-0.823187,0.283788,-0.331549,0.478379,0.813176,-0.0,-0.0,-0.0,-0.0,0.0,-0.0,-0.38785,-0.199065,0.039622,0.397596,0.580244,0.635031,0.509945,-0.735405,0.677546,-0.006733,-0.350497,-0.371914,0.859473,-0.011579,0.002043,0.001785,-0.014644,0.102996,-0.207246,-0.511204,-0.009546,0.03548,0.015507,-0.511544,-0.674966,0.531735,0.726184,-0.670401,-0.152373,0.459323,0.308192,0.83309,-0.000157,0.006214,-0.004089,0.035892,-0.010997,0.017879,-0.652144,0.11142,0.035784,-0.052793,-0.699294,0.48902,-0.521388,-0.663072,-0.716246,0.217542,-0.26706,0.497844,0.825123,1e-06,-0.0,-3e-06,3.7e-05,-5.8e-05,4.2e-05,-0.490544
26,0.146844,0.028362,0.376953,-0.80422,0.305607,-0.509784,-0.492325,-0.823045,0.283171,-0.33204,0.478327,0.813007,-1.6e-05,-0.000132,-7.7e-05,0.0,0.0,0.0,-0.394896,-0.199229,0.039767,0.397487,0.587112,0.628472,0.510211,-0.727583,0.685931,-0.00745,-0.355371,-0.367643,0.85931,-9.7e-05,-0.001312,-0.000606,0.000185,-3e-06,0.000312,-0.557595,-0.009628,0.035554,0.015459,-0.51816,-0.668545,0.533438,0.718387,-0.678666,-0.152743,0.464143,0.30407,0.831932,-7.2e-05,-0.000963,-0.000442,0.000267,0.010362,-0.023254,-0.686761,0.111467,0.035809,-0.052825,-0.698615,0.489387,-0.521954,-0.663594,-0.715955,0.216911,-0.267542,0.497903,0.824932,0.006209,-0.000582,-0.000507,0.000992,-0.014715,0.029561,-0.496259
27,0.146937,0.028388,0.376898,-0.805063,0.305766,-0.508357,-0.492188,-0.822652,0.284545,-0.3302,0.478899,0.813419,0.000191,0.010566,-0.008848,0.035478,-0.01385,0.017917,-0.404864,-0.199438,0.039974,0.397242,0.586966,0.628585,0.510239,-0.727377,0.686139,-0.008303,-0.356033,-0.367059,0.859285,-0.00057,0.008908,-0.009801,0.036389,-0.011492,0.01775,-0.61835,-0.009737,0.035655,0.015335,-0.517988,-0.668688,0.533426,0.718095,-0.678783,-0.153591,0.464786,0.303492,0.831784,-0.000296,0.004257,-0.004986,0.03623,-0.011487,0.017502,-0.69166,0.111513,0.035817,-0.05285,-0.699494,0.489644,-0.520534,-0.663443,-0.715659,0.218347,-0.265613,0.498077,0.82545,-7e-06,-5.8e-05,-3.4e-05,0.000649,-0.000911,0.000656,-0.502464
28,0.146982,0.028401,0.376859,-0.804887,0.305907,-0.50855,-0.492358,-0.822628,0.284322,-0.330374,0.478851,0.813377,-4.7e-05,-0.000382,-0.000223,-0.0,0.0,-0.0,-0.410798,-0.199511,0.040116,0.397061,0.587027,0.628575,0.510179,-0.727121,0.686404,-0.008825,-0.356455,-0.366579,0.859315,-0.000671,0.007546,-0.010428,0.034565,0.001262,-0.008026,-0.647926,-0.009774,0.035728,0.015246,-0.518072,-0.668668,0.53337,0.717767,-0.679019,-0.154084,0.4652,0.303009,0.831729,-0.000281,0.004443,-0.004897,0.036255,-0.01148,0.01755,-0.691987,0.111536,0.035828,-0.052873,-0.699267,0.489759,-0.52073,-0.663598,-0.715595,0.218083,-0.265824,0.498054,0.825396,-2.8e-05,-0.000226,-0.000133,9.2e-05,-0.000118,9.6e-05,-0.506057
29,0.147088,0.02846,0.376699,-0.804303,0.306366,-0.509197,-0.492885,-0.822594,0.283507,-0.331009,0.478616,0.813257,-0.00032,-0.002585,-0.001508,0.0,0.0,0.0,-0.426615,-0.199833,0.040529,0.396553,0.58659,0.62889,0.510295,-0.726799,0.68672,-0.010628,-0.357832,-0.365445,0.859226,-0.012994,0.015928,-0.01961,0.070722,-0.007944,0.006173,-0.694381,-0.009925,0.035928,0.015004,-0.517619,-0.668988,0.533408,0.717254,-0.679174,-0.155782,0.466494,0.301953,0.831388,-0.00628,0.002559,-0.005347,0.032425,0.016462,-0.037401,-0.696395,0.111589,0.035858,-0.052946,-0.698566,0.490122,-0.521329,-0.664076,-0.715399,0.217269,-0.26647,0.497979,0.825232,-0.000118,-0.000958,-0.000558,3e-06,-1.1e-05,8e-06,-0.515527
30,0.147205,0.028596,0.376336,-0.804921,0.306636,-0.508057,-0.492687,-0.822532,0.284028,-0.329803,0.478548,0.813787,0.012052,0.013993,-0.022178,0.07118,-0.028747,0.040023,-0.437927,-0.200138,0.040905,0.395754,0.585873,0.62616,0.514459,-0.726179,0.687393,-0.009437,-0.360262,-0.368854,0.85675,-0.001818,0.008765,-0.02376,-0.076046,0.281031,-0.056682,-0.719308,-0.010087,0.036129,0.014601,-0.516518,-0.666793,0.53721,0.716676,-0.679979,-0.154927,0.468596,0.304983,0.829096,-0.000935,0.0039,-0.012099,-0.129342,0.293199,0.178923,-0.703254,0.111643,0.035927,-0.053122,-0.699216,0.490444,-0.520154,-0.663872,-0.715408,0.217862,-0.265274,0.497648,0.825817,-0.000264,0.002353,-0.006134,0.036393,-0.002473,-0.005775,-0.524182
31,0.147258,0.028836,0.375641,-0.804278,0.307007,-0.508849,-0.492716,-0.823212,0.282,-0.331319,0.477139,0.813998,-0.000976,0.010191,-0.024072,0.070194,-0.014049,0.010461,-0.473827,-0.200425,0.041381,0.394518,0.586182,0.622021,0.519108,-0.72537,0.68829,-0.005427,-0.36139,-0.374152,0.853973,-0.002839,0.011724,-0.036293,-0.05736,0.236593,0.137546,-0.753627,-0.010231,0.036374,0.013976,-0.516085,-0.662958,0.542348,0.716442,-0.681138,-0.150863,0.46943,0.310703,0.826497,-0.001433,0.005469,-0.018326,-0.085961,0.283848,0.164209,-0.708969,0.111675,0.036051,-0.053467,-0.698441,0.490721,-0.520933,-0.66396,-0.715961,0.215767,-0.267087,0.49658,0.825876,-0.000631,-0.000667,-0.007903,0.034775,-0.000202,-0.007377,-0.54247
32,0.147289,0.028995,0.375112,-0.803767,0.305249,-0.510712,-0.492274,-0.823279,0.282577,-0.333207,0.478152,0.812632,-0.00147,0.006185,-0.026429,0.000811,-0.083905,-0.05823,-0.498639,-0.200544,0.041684,0.393651,0.586202,0.619596,0.521976,-0.725269,0.688414,-0.002432,-0.36156,-0.377932,0.852235,-0.003611,0.017882,-0.047328,-0.029748,0.310065,-0.023659,-0.777026,-0.010289,0.03652,0.01356,-0.515854,-0.660607,0.545428,0.716715,-0.681559,-0.147632,0.469268,0.314761,0.825052,-0.007683,0.008486,-0.023453,-0.081957,0.421668,-0.035084,-0.713378,0.11169,0.036134,-0.053729,-0.698155,0.489005,-0.522927,-0.663639,-0.716068,0.2164,-0.268631,0.498115,0.82445,-0.000606,0.008532,-0.017532,0.023878,-0.128098,-0.023996,-0.556677
33,0.147325,0.029432,0.373709,-0.802779,0.297429,-0.516844,-0.489945,-0.82305,0.287253,-0.338958,0.483452,0.8071,-0.001832,0.021346,-0.047585,0.003709,-0.19451,-0.066294,-0.53778,-0.200724,0.042444,0.391512,0.585371,0.611841,0.53196,-0.724937,0.688742,0.005774,-0.363567,-0.389793,0.846016,-0.004697,0.019995,-0.060252,-0.723264,0.076103,0.4794,-0.82149,-0.010379,0.0369,0.012497,-0.513258,-0.65449,0.555165,0.717341,-0.682274,-0.14115,0.471156,0.325796,0.819675,-0.002367,0.009386,-0.030414,-1.993928,-1.132918,1.29362,-0.726604,0.111709,0.036348,-0.054422,-0.698488,0.481324,-0.529566,-0.661568,-0.716452,0.221412,-0.272838,0.504998,0.818862,-0.001056,0.004841,-0.019716,-0.05009,-0.089541,-0.296151,-0.588355
34,0.14728,0.03004,0.371775,-0.803592,0.280298,-0.52509,-0.483718,-0.821601,0.301598,-0.345882,0.496004,0.796475,-0.002577,0.024357,-0.060881,-0.157733,-0.328404,-0.371099,-0.549162,-0.200869,0.043636,0.388697,0.583666,0.599975,0.547134,-0.724929,0.688526,0.01852,-0.366319,-0.408202,0.836089,-0.005729,0.038611,-0.079167,-0.267379,0.832929,0.320053,-0.875838,-0.010454,0.037496,0.011063,-0.510015,-0.64373,0.570521,0.719074,-0.683061,-0.127898,0.472033,0.345018,0.811262,-0.002848,0.019009,-0.039724,-0.230641,0.788867,0.286314,-0.737708,0.111685,0.036662,-0.055406,-0.702327,0.465148,-0.538862,-0.655937,-0.716961,0.236033,-0.276553,0.519232,0.80865,-0.001308,0.011744,-0.030696,-0.152414,-0.326055,-0.371431,-0.608276
35,0.147222,0.030393,0.370594,-0.803418,0.267312,-0.53208,-0.4795,-0.820248,0.311839,-0.352085,0.505333,0.787846,-0.003105,0.020112,-0.063454,-0.290153,-0.485156,-0.456787,-0.547276,-0.200889,0.044423,0.387049,0.58509,0.592955,0.553233,-0.724496,0.688649,0.028328,-0.364903,-0.418139,0.831787,0.005282,0.044957,-0.090801,-1.913969,-0.953475,1.336329,-0.887177,-0.010464,0.037893,0.01024,-0.510018,-0.636731,0.57832,0.719853,-0.683982,-0.11823,0.470842,0.356006,0.807196,0.002654,0.022136,-0.045565,-1.976855,-0.839611,1.399439,-0.740647,0.111657,0.036832,-0.055972,-0.70431,0.453318,-0.546305,-0.652285,-0.716927,0.246044,-0.280125,0.529638,0.800632,-0.001616,0.009238,-0.032216,-0.432217,-0.73436,-0.390058,-0.611379
36,0.147011,0.031143,0.367666,-0.802529,0.235904,-0.548035,-0.468984,-0.817236,0.33489,-0.367879,0.525481,0.767178,-0.017004,0.018885,-0.079183,-0.189293,-0.658405,-0.393616,-0.540277,-0.200926,0.046372,0.383131,0.589574,0.571571,0.570701,-0.720087,0.691953,0.051094,-0.366417,-0.4418,0.818789,-0.007391,0.048833,-0.10178,-0.176441,0.698519,0.302166,-0.923543,-0.010481,0.038834,0.00836,-0.512636,-0.616948,0.597142,0.718664,-0.68887,-0.094758,0.469814,0.380569,0.796518,-0.003611,0.024798,-0.050703,-0.801192,0.335819,0.821596,-0.75567,0.11156,0.037208,-0.057396,-0.709455,0.423347,-0.563427,-0.642462,-0.717121,0.270145,-0.289681,0.553637,0.78075,-0.00223,0.008763,-0.040146,0.586449,-2.704153,0.978949,-0.610889
37,0.14664,0.031901,0.364226,-0.803285,0.202392,-0.560193,-0.455757,-0.81439,0.359204,-0.38252,0.5436,0.747131,-0.005585,0.018644,-0.095149,-0.567335,-0.73777,-0.885769,-0.53759,-0.20098,0.048503,0.378854,0.602537,0.546098,0.581994,-0.710069,0.699659,0.078825,-0.36489,-0.46144,0.808574,0.003739,0.056301,-0.112556,-0.100789,0.611524,0.512703,-0.928438,-0.010513,0.039889,0.006227,-0.523899,-0.592836,0.611616,0.712441,-0.698542,-0.066829,0.466859,0.400729,0.788326,0.001905,0.027809,-0.056448,-0.024344,0.123376,0.4221,-0.767264,0.111368,0.037592,-0.059141,-0.715926,0.392679,-0.577279,-0.630473,-0.718809,0.292944,-0.299921,0.573685,0.762188,-0.009053,0.009289,-0.047432,-0.295228,-0.509364,-0.572137,-0.609256
38,0.146436,0.032289,0.362306,-0.803516,0.189631,-0.56431,-0.449696,-0.8145,0.366518,-0.389132,0.548032,0.740449,-0.005685,0.026997,-0.105394,-0.084275,-0.34315,-0.408068,-0.536481,-0.20093,0.0496,0.376673,0.609038,0.537183,0.583523,-0.704325,0.704509,0.086758,-0.365239,-0.464506,0.806658,0.003556,0.053766,-0.113673,0.150941,0.25825,0.246613,-0.928691,-0.010486,0.040461,0.005095,-0.530154,-0.582387,0.616247,0.707537,-0.704375,-0.056983,0.467255,0.405808,0.785488,0.001677,0.032674,-0.06089,0.213359,0.132886,0.452365,-0.764814,0.111263,0.037788,-0.060139,-0.71892,0.377667,-0.583542,-0.624272,-0.720004,0.303113,-0.305677,0.582202,0.753393,-0.002842,0.012953,-0.053018,-0.01571,-0.271272,-0.383489,-0.608766
39,0.146068,0.03296,0.358245,-0.804155,0.160736,-0.572315,-0.437631,-0.811657,0.386864,-0.401344,0.561358,0.723759,-0.006815,0.009609,-0.101696,-0.474976,-0.797579,-0.513573,-0.528334,-0.200802,0.051791,0.372009,0.623048,0.516809,0.587121,-0.691322,0.714899,0.104536,-0.366472,-0.471672,0.801927,0.00316,0.048256,-0.116257,-0.339572,-0.341667,0.86998,-0.935798,-0.010421,0.041577,0.002722,-0.543393,-0.562728,0.622945,0.696767,-0.716225,-0.039203,0.468229,0.412745,0.781282,0.00162,0.023731,-0.058329,-0.372426,-0.421632,0.892523,-0.769223,0.111081,0.038118,-0.062133,-0.724995,0.352427,-0.591756,-0.613262,-0.721397,0.321706,-0.313513,0.596138,0.73914,-0.003244,0.009952,-0.055201,-0.121256,-0.462245,-0.295456,-0.605174
40,0.14578,0.033554,0.35405,-0.801112,0.131617,-0.583903,-0.428951,-0.806625,0.406608,-0.416482,0.576037,0.703386,-0.007056,0.008191,-0.103359,-0.455205,-0.767111,-0.507398,-0.507099,-0.200553,0.053542,0.36725,0.620201,0.507161,0.598439,-0.695316,0.708509,0.120351,-0.363723,-0.491386,0.79127,0.014401,0.040741,-0.121034,0.077983,0.26322,0.504712,-0.983935,-0.010303,0.042425,0.000433,-0.538966,-0.554334,0.634215,0.703209,-0.710594,-0.023495,0.463694,0.433322,0.772799,0.007258,0.020307,-0.060544,-0.053686,0.46188,0.631504,-0.773305,0.110936,0.038409,-0.064234,-0.727419,0.323367,-0.605221,-0.604687,-0.719004,0.342617,-0.324366,0.615196,0.718553,-0.003361,0.009206,-0.05604,-0.497657,-0.877266,-0.551738,-0.594723
41,0.145355,0.033939,0.349803,-0.795202,0.100701,-0.597962,-0.422036,-0.80001,0.42643,-0.434449,0.591331,0.679419,-0.020424,0.004503,-0.106502,-0.574936,-0.858645,-0.646819,-0.419488,-0.200041,0.054682,0.362848,0.620868,0.496706,0.606463,-0.698547,0.701536,0.140757,-0.356303,-0.51166,0.781739,0.026479,0.026995,-0.115427,-0.007663,0.32163,0.565842,-1.00564,-0.010041,0.043019,-0.001861,-0.538776,-0.544295,0.64301,0.708719,-0.705482,-0.003343,0.455452,0.453913,0.765849,0.013277,0.013199,-0.057877,-0.010117,0.332733,0.568875,-0.778531,0.110729,0.038605,-0.066354,-0.727234,0.293256,-0.620589,-0.597648,-0.715183,0.362393,-0.337561,0.634439,0.695369,-0.003656,0.007245,-0.057778,-0.248095,-0.571464,-0.41033,-0.551451
42,0.145068,0.034026,0.347649,-0.79152,0.087499,-0.604885,-0.41956,-0.79747,0.43357,-0.443461,0.596852,0.668683,-0.020823,0.002145,-0.108668,-0.340468,-0.711294,-0.328872,-0.406752,-0.199513,0.055072,0.360625,0.616066,0.499543,0.609024,-0.708084,0.689824,0.150641,-0.345624,-0.524674,0.777897,0.038566,0.012829,-0.110142,-3.508893,-0.286658,-3.801818,-1.01174,-0.009791,0.043211,-0.00293,-0.536496,-0.544875,0.644424,0.715615,-0.698475,0.005187,0.447288,0.463943,0.764649,0.013192,0.011471,-0.058964,-0.123075,0.502761,0.657007,-0.778367,0.110586,0.03865,-0.06743,-0.726119,0.278599,-0.628595,-0.594807,-0.713122,0.371026,-0.344898,0.643302,0.683524,-0.010386,0.000602,-0.054633,-0.548072,-0.800901,-0.61584,-0.529244
43,0.144305,0.033855,0.343278,-0.782472,0.043294,-0.621215,-0.39833,-0.801616,0.445778,-0.477708,0.5962,0.645266,-0.022416,-0.016807,-0.107506,-0.479845,-0.860194,-0.483826,-0.379287,-0.197734,0.055502,0.356038,0.606948,0.502973,0.615324,-0.723157,0.67054,0.165393,-0.330156,-0.545992,0.769905,0.050118,0.002732,-0.11756,-3.584849,-0.315605,-3.740191,-1.037624,-0.008887,0.043438,-0.00526,-0.524631,-0.550887,0.649064,0.735315,-0.677448,0.019368,0.429038,0.487428,0.760486,0.025163,0.000755,-0.059121,-3.668595,-0.192937,-3.667413,-0.784246,0.110197,0.038569,-0.069654,-0.72548,0.234841,-0.646937,-0.575463,-0.722588,0.383026,-0.377519,0.650166,0.659365,-0.011185,-0.008845,-0.05405,-0.425817,-0.801008,-0.463143,-0.503934
44,0.143124,0.033063,0.338896,-0.768633,-0.029353,-0.639052,-0.346502,-0.820642,0.454373,-0.536818,0.570711,0.621403,-0.036585,-0.031344,-0.103671,-0.214675,-1.099482,-0.683957,-0.360183,-0.195082,0.055525,0.351166,0.595255,0.499528,0.629392,-0.737973,0.649619,0.182548,-0.318408,-0.573763,0.754503,0.07426,-0.004045,-0.1245,-0.270523,0.529569,0.774245,-1.052712,-0.007589,0.043449,-0.00765,-0.510004,-0.549974,0.661379,0.753726,-0.656227,0.035524,0.414478,0.516617,0.749209,0.04286,0.002778,-0.067079,-0.365014,0.683677,0.611356,-0.787512,0.109634,0.038193,-0.071769,-0.725976,0.164119,-0.667849,-0.53037,-0.751808,0.39178,-0.437796,0.63863,0.632838,-0.024471,-0.010039,-0.055552,3.230351,-3.145748,-3.692974,-0.484339
45,0.142304,0.032497,0.336962,-0.760793,-0.055005,-0.646694,-0.328172,-0.827061,0.456338,-0.559014,0.559471,0.611982,-0.04998,-0.040425,-0.094998,-0.057813,-0.367436,-0.366721,-0.360894,-0.193366,0.055579,0.348561,0.582074,0.506238,0.63632,-0.754563,0.627769,0.190982,-0.303494,-0.591943,0.746564,0.086105,0.004586,-0.13547,-0.392674,0.344882,0.154176,-1.064843,-0.006704,0.043474,-0.008999,-0.496558,-0.555437,0.667022,0.770999,-0.635243,0.044988,0.398734,0.536614,0.743677,0.043071,0.001858,-0.068037,-0.373366,0.316527,0.135204,-0.788001,0.109196,0.037881,-0.072819,-0.723065,0.133392,-0.677777,-0.512328,-0.7617,0.396651,-0.463353,0.634049,0.619099,-0.024944,-0.020417,-0.047631,0.011839,-0.292111,-0.334659,-0.48091
46,0.139926,0.031027,0.333317,-0.724245,-0.106165,-0.681354,-0.294261,-0.846035,0.444531,-0.622746,0.522574,0.58235,-0.063686,-0.046669,-0.085284,1.445213,-3.277855,1.219919,-0.360187,-0.18933,0.056071,0.342803,0.554908,0.521446,0.6482,-0.790229,0.57376,0.21511,-0.260423,-0.632242,0.729598,0.110486,0.009832,-0.150324,-0.428368,0.840502,0.579547,-1.077697,-0.004686,0.043722,-0.011876,-0.467784,-0.572781,0.673125,0.809848,-0.582815,0.066865,0.354009,0.576408,0.736498,0.055263,0.004406,-0.075544,-0.369649,0.781894,0.533815,-0.790451,0.108006,0.037139,-0.074647,-0.696718,0.078724,-0.713011,-0.482464,-0.786989,0.384546,-0.530859,0.611923,0.586291,-0.031768,-0.023296,-0.04258,1.400358,-3.317316,1.168013,-0.479277
47,0.136734,0.029132,0.330136,-0.688732,-0.152715,-0.708782,-0.249143,-0.868208,0.429085,-0.680045,0.472298,0.560803,-0.090865,-0.051106,-0.074055,3.937536,-2.920862,-2.528315,-0.361646,-0.184859,0.056695,0.336512,0.537246,0.524434,0.660551,-0.813982,0.527295,0.243572,-0.221227,-0.669187,0.709303,0.11042,0.026758,-0.171308,-1.367206,0.307391,-0.34415,-1.084939,-0.002493,0.044026,-0.014955,-0.44938,-0.575692,0.683107,0.836488,-0.539593,0.095536,0.3136,0.614343,0.724042,0.061638,0.006998,-0.082783,-4.101318,-0.550561,-3.067763,-0.796329,0.106473,0.036227,-0.076184,-0.670336,0.03009,-0.741446,-0.446204,-0.814705,0.370347,-0.592917,0.579093,0.559552,-0.045311,-0.025383,-0.036819,0.125708,-0.472474,0.332507,-0.477971
48,0.132922,0.027429,0.327462,-0.659993,-0.188387,-0.7273,-0.20963,-0.883445,0.418989,-0.720645,0.429223,0.544487,-0.103462,-0.037354,-0.064795,0.146378,-0.596819,0.533179,-0.371787,-0.180053,0.058006,0.329541,0.5188,0.531952,0.669227,-0.836577,0.476781,0.269724,-0.176231,-0.700453,0.691499,0.123181,0.037639,-0.18226,-0.388006,0.726402,0.890116,-1.083452,-9.6e-05,0.044672,-0.018439,-0.428753,-0.5853,0.688181,0.863408,-0.489666,0.121461,0.265888,0.646258,0.715299,0.067352,0.024002,-0.09567,-0.332141,0.327871,0.424476,-0.799922,0.104579,0.035354,-0.077538,-0.648672,-0.013654,-0.760944,-0.405835,-0.839619,0.361022,-0.643833,0.543003,0.539097,-0.058275,-0.018162,-0.031906,1.265607,-1.08174,-0.502914,-0.481073
49,0.130837,0.02675,0.326349,-0.643833,-0.212709,-0.735036,-0.177866,-0.892688,0.414056,-0.743435,0.397582,0.537829,-0.116526,-0.03091,-0.060296,0.319025,-0.729352,0.071487,-0.37576,-0.177609,0.058765,0.325871,0.508707,0.535977,0.673749,-0.847667,0.448331,0.28354,-0.150716,-0.716017,0.681519,0.123822,0.034133,-0.186032,-1.479747,0.371895,-0.102,-1.085049,0.001126,0.045057,-0.02027,-0.418914,-0.588885,0.691176,0.875576,-0.463644,0.13565,0.240577,0.662003,0.70984,0.061569,0.022356,-0.096948,-3.857984,-0.842486,-3.147744,-0.791104,0.103503,0.034998,-0.078121,-0.637281,-0.039537,-0.769616,-0.376618,-0.855316,0.355798,-0.672332,0.516595,0.530186,-0.051541,-0.015916,-0.030449,1.141592,-1.30053,-0.616281,-0.485482
50,0.126093,0.025448,0.324448,-0.609601,-0.261196,-0.748471,-0.106591,-0.908593,0.403818,-0.784776,0.326268,0.526975,-0.130727,-0.042172,-0.03679,4.165855,-2.591619,-2.531959,-0.375947,-0.172668,0.059915,0.318351,0.497251,0.535791,0.682394,-0.861208,0.399592,0.313974,-0.105065,-0.744469,0.659235,0.126278,0.0197,-0.184396,-4.202814,-0.856266,-2.616619,-1.101891,0.003547,0.045622,-0.023961,-0.40823,-0.587628,0.698599,0.891695,-0.420586,0.16729,0.195516,0.69123,0.695681,0.062741,0.01545,-0.09586,-0.421508,0.755366,0.874875,-0.809883,0.101136,0.034352,-0.07908,-0.613541,-0.090431,-0.784467,-0.314366,-0.883334,0.347697,-0.72439,0.459937,0.513533,-0.064944,-0.015125,-0.021963,0.165896,-0.380217,0.330955,-0.488911
51,0.120922,0.023837,0.323085,-0.582342,-0.291999,-0.758723,-0.054572,-0.917138,0.394781,-0.810408,0.27166,0.519102,-0.131721,-0.038118,-0.034783,0.005915,-0.225538,0.240192,-0.374831,-0.167913,0.061261,0.310954,0.493996,0.542367,0.679557,-0.867954,0.352417,0.349847,-0.05035,-0.763316,0.643954,0.11445,0.03733,-0.189357,-0.396354,0.701206,0.838521,-1.112817,0.005933,0.04628,-0.027668,-0.402826,-0.59603,0.694606,0.905242,-0.371511,0.206192,0.135157,0.711847,0.689206,0.063452,0.019066,-0.094885,-1.263535,-0.177841,-0.160636,-0.816414,0.098602,0.033572,-0.079745,-0.592092,-0.12935,-0.795421,-0.259585,-0.903811,0.340205,-0.762916,0.407913,0.501563,-0.066183,-0.024934,-0.013597,0.071704,-0.25723,0.157844,-0.488258
52,0.118425,0.023037,0.322554,-0.57054,-0.304794,-0.762647,-0.035986,-0.918431,0.393905,-0.819792,0.252557,0.513987,-0.131887,-0.034947,-0.032696,0.094977,-0.297787,0.157632,-0.374159,-0.165718,0.061848,0.307461,0.494195,0.545214,0.677129,-0.86886,0.333604,0.365684,-0.027126,-0.769721,0.637696,0.116093,0.026877,-0.183341,-0.182417,0.553879,0.72312,-1.114418,0.007073,0.046587,-0.029486,-0.404078,-0.597553,0.692567,0.907995,-0.353694,0.224599,0.110747,0.719604,0.685496,0.058115,0.013313,-0.091791,-0.420311,0.699901,0.8039,-0.806617,0.097255,0.033139,-0.080035,-0.582507,-0.144114,-0.799947,-0.241974,-0.90879,0.339923,-0.775972,0.391575,0.494505,-0.065867,-0.01725,-0.016084,0.112061,-0.270543,0.176805,-0.487768
53,0.11304,0.021593,0.321555,-0.541821,-0.334655,-0.771027,0.007263,-0.919161,0.393779,-0.839807,0.208168,0.501416,-0.1457,-0.027143,-0.02746,0.011292,-0.791427,-0.50009,-0.366447,-0.161139,0.062565,0.300706,0.483742,0.554302,0.677299,-0.874903,0.288932,0.388582,0.019101,-0.781227,0.623845,0.119365,0.014423,-0.164826,-3.686678,-2.034002,-2.87189,-1.137355,0.009362,0.046937,-0.032881,-0.3975,-0.602766,0.691857,0.915107,-0.315966,0.250488,0.067618,0.732692,0.677192,0.059744,0.007303,-0.082364,-0.024306,0.212636,0.368582,-0.810046,0.094616,0.032427,-0.080524,-0.561675,-0.176413,-0.80833,-0.19983,-0.919151,0.339452,-0.802862,0.35219,0.481012,-0.07327,-0.019447,-0.009944,1.188898,-0.805259,-0.854046,-0.485972
54,0.107572,0.020363,0.320667,-0.5045,-0.363953,-0.782984,0.054523,-0.918451,0.391723,-0.861076,0.15538,0.484181,-0.147242,-0.034153,-0.017159,4.29558,-2.932533,-2.088045,-0.304258,-0.156369,0.0631,0.294706,0.46511,0.571889,0.675727,-0.882821,0.244173,0.401174,0.063858,-0.783839,0.617561,0.122481,0.005729,-0.142606,-0.140331,0.238269,0.391499,-1.140819,0.011793,0.047202,-0.03595,-0.375636,-0.623837,0.685364,0.926581,-0.267612,0.264254,0.01856,0.734309,0.67856,0.061295,0.003408,-0.070907,-0.194576,0.287935,0.429478,-0.80531,0.091828,0.031803,-0.080977,-0.529342,-0.213891,-0.821003,-0.155091,-0.926997,0.3415,-0.834112,0.3081,0.457526,-0.073639,-0.016994,-0.008456,4.335171,-2.944372,-1.999915,-0.457069
55,0.102215,0.019295,0.319853,-0.472099,-0.372037,-0.799222,0.083535,-0.921397,0.3795,-0.877004,0.112856,0.467068,-0.133105,-0.020168,-0.023322,1.437964,-1.291056,-0.011014,-0.284688,-0.151633,0.063076,0.289537,0.450293,0.581978,0.677147,-0.887018,0.205508,0.413399,0.100873,-0.787508,0.60788,0.125613,-0.003204,-0.119919,-0.435949,0.064286,0.182582,-1.138281,0.014073,0.047193,-0.038452,-0.361136,-0.633346,0.684436,0.932337,-0.230978,0.278202,-0.018108,0.738594,0.673907,0.062825,-0.001626,-0.060041,-4.073275,-1.791433,-2.700689,-0.803841,0.089199,0.031276,-0.081376,-0.499285,-0.227907,-0.835925,-0.126473,-0.93528,0.330535,-0.857156,0.270754,0.438147,-0.074053,-0.015268,-0.007625,4.788406,-4.018743,-0.245964,-0.431106
56,0.099488,0.018788,0.319491,-0.461245,-0.369244,-0.806819,0.090097,-0.924098,0.371345,-0.882126,0.099042,0.460512,-0.134189,-0.029042,-0.013877,-0.042112,-0.215503,0.257129,-0.279297,-0.149357,0.06291,0.287536,0.445168,0.582183,0.680353,-0.888245,0.191562,0.417443,0.112147,-0.790868,0.60151,0.12808,-0.01539,-0.097886,-0.057231,0.853186,-0.068423,-1.137533,0.015254,0.047098,-0.039513,-0.355639,-0.634658,0.686096,0.93408,-0.216348,0.284053,-0.031841,0.74189,0.669764,0.057063,-0.002125,-0.051848,0.075653,2.300776,-1.11332,-0.802698,0.087836,0.031026,-0.081561,-0.48691,-0.227431,-0.843322,-0.118711,-0.939315,0.321859,-0.865347,0.256828,0.430363,-0.066405,-0.008346,-0.010262,-0.009513,-0.237997,0.292246,-0.422778
57,0.094723,0.018094,0.318937,-0.445417,-0.364496,-0.817796,0.099396,-0.927876,0.359358,-0.889247,0.079226,0.450544,-0.117686,-0.009744,-0.014526,-0.007921,-0.264866,0.326117,-0.252457,-0.144659,0.062443,0.284405,0.431535,0.592703,0.680053,-0.891466,0.165325,0.421769,0.137019,-0.788981,0.598831,0.117177,-0.015137,-0.063272,0.068284,-0.039741,0.173318,-1.136326,0.017566,0.046861,-0.041076,-0.34214,-0.644198,0.684067,0.937938,-0.190228,0.289974,-0.056672,0.740824,0.669303,0.058566,-0.006828,-0.030997,0.055705,0.055751,-0.019929,-0.802044,0.08549,0.030668,-0.081839,-0.470208,-0.225667,-0.853216,-0.109789,-0.94429,0.31026,-0.8757,0.239561,0.419237,-0.059267,-0.010222,-0.002978,-0.04488,-0.243292,0.312849,-0.409062
58,0.09057,0.017991,0.318644,-0.437657,-0.359866,-0.824013,0.100933,-0.930296,0.352609,-0.892927,0.071593,0.444503,-0.100901,0.00022,-0.004979,-0.007347,-0.088208,0.074454,-0.222398,-0.140231,0.061779,0.282815,0.421538,0.599057,0.680755,-0.89459,0.152375,0.420029,0.147369,-0.786791,0.599254,0.105698,-0.016097,-0.028306,0.010793,-0.065236,0.168602,-1.135486,0.019829,0.046521,-0.041912,-0.331919,-0.650815,0.682838,0.94096,-0.177402,0.288307,-0.066497,0.738219,0.671274,0.052789,-0.007089,-0.013309,-0.001985,-0.056071,0.178684,-0.804494,0.083362,0.030605,-0.081998,-0.461139,-0.222155,-0.859067,-0.108704,-0.946715,0.303171,-0.880643,0.233188,0.412418,-0.050328,0.000474,-0.002067,-0.009509,-0.087303,0.075639,-0.389304
59,0.088676,0.018074,0.318596,-0.433053,-0.363943,-0.824655,0.105294,-0.929035,0.354652,-0.894671,0.067199,0.441673,-0.099612,0.004928,-0.000705,1.147733,-0.297704,-1.389023,-0.208852,-0.13819,0.061436,0.282527,0.417002,0.601645,0.681267,-0.896176,0.14763,0.41834,0.1506,-0.785723,0.599852,0.093339,-0.017674,-0.010676,0.032383,-0.110888,0.088268,-1.135015,0.02089,0.046344,-0.042066,-0.327471,-0.653429,0.68249,0.942296,-0.17267,0.286813,-0.069566,0.737031,0.672269,0.046552,-0.007507,-0.004131,0.018986,-0.102592,0.098783,-0.804004,0.082414,0.030646,-0.082022,-0.457549,-0.225436,-0.860132,-0.106111,-0.946571,0.304536,-0.88283,0.23061,0.409181,-0.042127,0.007503,-0.004287,4.05291,-0.57662,-4.55809,-0.37722
60,0.08543,0.018328,0.318618,-0.429775,-0.364902,-0.825944,0.103801,-0.928617,0.356186,-0.896427,0.067794,0.438006,-0.070722,0.005499,0.001132,-0.011175,-0.135877,0.147991,-0.196162,-0.134465,0.060853,0.282848,0.417417,0.59839,0.683875,-0.89596,0.145833,0.419431,0.150735,-0.788537,0.596113,0.079673,-0.009579,0.016426,-0.056861,-0.07162,0.148117,-1.133208,0.022689,0.046067,-0.041917,-0.327526,-0.650288,0.685457,0.942232,-0.170918,0.288069,-0.070171,0.740211,0.668702,0.039686,-0.003529,0.009377,-0.034619,0.118198,-0.005181,-0.805474,0.080809,0.030776,-0.082007,-0.454297,-0.228843,-0.860955,-0.105848,-0.94573,0.307229,-0.884539,0.230703,0.405419,-0.035256,0.003065,0.000927,-0.0077,-0.072248,0.110968,-0.362361
61,0.082922,0.018559,0.318748,-0.410704,-0.382526,-0.827672,0.116142,-0.922303,0.368566,-0.903842,0.055714,0.424255,-0.055936,0.006634,0.002904,-0.157596,-0.282161,-0.109845,-0.168546,-0.131461,0.060452,0.283938,0.410697,0.601827,0.684926,-0.898237,0.138563,0.417019,0.155559,-0.787233,0.596597,0.079672,-0.009072,0.034608,-0.04029,-0.029307,-0.04776,-1.129547,0.024225,0.045871,-0.041359,-0.320807,-0.653792,0.685301,0.944182,-0.163575,0.285941,-0.074848,0.738782,0.669775,0.033298,-0.00455,0.0181,-0.032966,-0.026504,-0.084982,-0.803351,0.079545,0.030894,-0.081939,-0.438966,-0.249793,-0.863082,-0.09322,-0.942732,0.320258,-0.893654,0.221039,0.390542,-0.028606,-0.002324,0.005413,-0.248186,-0.331218,-0.204791,-0.349951
62,0.080967,0.018816,0.319027,-0.382995,-0.408058,-0.828763,0.137572,-0.912348,0.385573,-0.912983,0.034159,0.406598,-0.053843,0.01281,0.008758,-0.120658,-0.471746,-0.26036,-0.15745,-0.128923,0.060154,0.285488,0.400109,0.60174,0.691241,-0.90251,0.128018,0.411121,0.158401,-0.789084,0.593396,0.065842,-0.004367,0.040634,0.059207,-0.061347,-0.19042,-1.127598,0.025498,0.045733,-0.040574,-0.309907,-0.653779,0.690311,0.947534,-0.152562,0.280896,-0.078329,0.741146,0.666758,0.026472,-0.002898,0.020459,0.161987,0.032374,-0.409451,-0.803351,0.078545,0.03102,-0.081803,-0.417301,-0.280336,-0.864448,-0.071089,-0.938246,0.338585,-0.905983,0.202745,0.371602,-0.019978,0.005423,0.003922,0.112042,-0.714349,-0.431206,-0.333458
63,0.080101,0.019042,0.319313,-0.369161,-0.41912,-0.82952,0.151025,-0.907742,0.391367,-0.916564,0.019714,0.399437,-0.039657,0.004111,0.019938,-0.226467,-0.351692,-0.111129,-0.150968,-0.127847,0.059936,0.286301,0.399505,0.600805,0.692402,-0.902472,0.125498,0.411981,0.160131,-0.7902,0.591443,0.053238,-0.007678,0.039088,-0.1318,0.19294,-0.190771,-1.127268,0.02604,0.045635,-0.040158,-0.308796,-0.653403,0.691164,0.947753,-0.150223,0.281417,-0.08005,0.741954,0.665653,0.026507,-0.003227,0.020094,-0.127692,0.054404,-0.007719,-0.8058,0.078105,0.031132,-0.081669,-0.405936,-0.294103,-0.865285,-0.057077,-0.936796,0.345186,-0.912117,0.189512,0.363493,-0.02583,0.009507,0.007381,-0.236159,-0.426078,-0.166852,-0.328396
64,0.078142,0.019871,0.320277,-0.35353,-0.440685,-0.825142,0.176271,-0.897674,0.403835,-0.918235,-0.002139,0.396066,-0.062445,0.021738,0.034889,-0.046809,-0.076572,0.064268,-0.132971,-0.125787,0.059401,0.287934,0.395287,0.602535,0.693319,-0.90398,0.121673,0.409817,0.162081,-0.789482,0.591871,0.055367,-0.021794,0.043227,-0.145076,0.065281,-0.066334,-1.126759,0.027048,0.045384,-0.03935,-0.304383,-0.655216,0.691406,0.949035,-0.146309,0.27915,-0.081745,0.741137,0.666357,0.020268,-0.005301,0.01891,-0.113385,-0.060522,0.109868,-0.807596,0.077133,0.031536,-0.081196,-0.395038,-0.318938,-0.861523,-0.030995,-0.932638,0.359477,-0.918141,0.16871,0.358542,-0.023799,0.015031,0.012611,0.018161,-0.059415,0.120278,-0.315496
65,0.076094,0.020893,0.321628,-0.351121,-0.450846,-0.820669,0.18743,-0.892564,0.410087,-0.916951,-0.009273,0.398926,-0.046592,0.024608,0.038266,-0.037858,0.031026,-0.061038,-0.124833,-0.123869,0.058861,0.289217,0.392287,0.601862,0.695604,-0.905036,0.117836,0.408606,0.163472,-0.790576,0.590025,0.054511,-0.015247,0.031627,-0.096744,-0.069435,0.106449,-1.125714,0.028026,0.045114,-0.038684,-0.301128,-0.654437,0.693565,0.949914,-0.142125,0.278321,-0.08357,0.742638,0.664457,0.019994,-0.003058,0.012131,-0.088771,0.08623,-0.069437,-0.808576,0.076105,0.032052,-0.080517,-0.395228,-0.329098,-0.857606,-0.019312,-0.930435,0.365945,-0.918379,0.161195,0.361379,-0.029943,0.014132,0.020446,-0.038526,0.045762,-0.085492,-0.303086
66,0.075011,0.02141,0.322452,-0.348862,-0.454239,-0.819761,0.192436,-0.890784,0.411635,-0.916779,-0.013589,0.399198,-0.059152,0.029728,0.042011,-0.039033,0.045984,-0.090413,-0.124509,-0.122986,0.058649,0.289737,0.390981,0.599988,0.697954,-0.905553,0.115536,0.408118,0.163743,-0.792337,0.587583,0.040102,-0.006495,0.023936,-0.06479,-0.045141,0.073505,-1.125413,0.028473,0.045004,-0.038423,-0.299585,-0.652717,0.695851,0.950346,-0.139791,0.278027,-0.084199,0.744593,0.662187,0.020021,-0.003178,0.012,-0.081925,0.064182,-0.051413,-0.80776,0.075569,0.032311,-0.080103,-0.393745,-0.332872,-0.856831,-0.014163,-0.929822,0.367736,-0.91911,0.15693,0.361398,-0.029445,0.015293,0.021453,-0.039941,0.047262,-0.088436,-0.301943
67,0.072796,0.022411,0.324275,-0.343143,-0.463743,-0.816848,0.220271,-0.885117,0.409904,-0.912671,-0.038702,0.406892,-0.059346,0.021019,0.051844,0.184127,0.196211,-0.002137,-0.105357,-0.121231,0.058318,0.290555,0.39193,0.599912,0.697486,-0.904682,0.113994,0.410475,0.166255,-0.792617,0.586498,0.053837,-0.009603,0.019157,-0.081741,0.069027,-0.046992,-1.123657,0.029365,0.044838,-0.038002,-0.300668,-0.652636,0.695459,0.949762,-0.138457,0.280679,-0.086891,0.744913,0.661479,0.026961,-0.005115,0.009251,-0.081489,0.069126,-0.04675,-0.809556,0.074442,0.032828,-0.079171,-0.390198,-0.343618,-0.854208,0.014272,-0.929895,0.367545,-0.920619,0.131225,0.367747,-0.029656,0.010626,0.026073,0.201314,0.22145,0.0161,-0.295085
68,0.070928,0.023497,0.326016,-0.337306,-0.471618,-0.814767,0.241938,-0.879835,0.409057,-0.909362,-0.058565,0.411895,-0.044128,0.029404,0.041843,0.373158,-0.162529,-0.25929,-0.09007,-0.119498,0.058054,0.290935,0.390914,0.597166,0.700407,-0.905214,0.112075,0.409831,0.165755,-0.79496,0.583462,0.040477,-0.006627,0.006015,-0.030684,-0.036285,0.069592,-1.121475,0.030215,0.044711,-0.037813,-0.299207,-0.650063,0.698493,0.950239,-0.136471,0.280036,-0.086717,0.747524,0.658549,0.020314,-0.003775,0.002543,-0.050948,0.088288,-0.076583,-0.805474,0.073526,0.033364,-0.078312,-0.386746,-0.352079,-0.85233,0.036237,-0.929337,0.367447,-0.921473,0.111223,0.372176,-0.015292,0.013473,0.02028,1.305265,-0.69518,-0.740475,-0.279083
69,0.069633,0.024646,0.327442,-0.331554,-0.475937,-0.814617,0.251539,-0.876785,0.409816,-0.908879,-0.068446,0.411437,-0.031489,0.023887,0.037354,-0.036069,0.016849,-0.03135,-0.090613,-0.118048,0.057751,0.291091,0.389234,0.594063,0.703973,-0.906128,0.109958,0.408381,0.164715,-0.797574,0.580179,0.041118,-0.009604,0.003151,-0.033477,-0.017712,0.047796,-1.120258,0.030941,0.044557,-0.037737,-0.297111,-0.647254,0.701987,0.950951,-0.134273,0.278678,-0.086118,0.750354,0.655401,0.01413,-0.005748,0.001574,-0.032796,-0.02204,0.04102,-0.802861,0.072863,0.033954,-0.077579,-0.381564,-0.357966,-0.852213,0.046538,-0.928238,0.369063,-0.923169,0.101161,0.370841,-0.015806,0.011843,0.018614,-0.037411,0.017636,-0.030195,-0.274021
70,0.06914,0.025169,0.328026,-0.328471,-0.477554,-0.81492,0.2563,-0.875474,0.409667,-0.908673,-0.073713,0.410984,-0.032249,0.021715,0.035241,-0.037046,0.01741,-0.030818,-0.090802,-0.117371,0.057545,0.291151,0.388007,0.595658,0.703301,-0.906708,0.110252,0.407012,0.164419,-0.796344,0.58195,0.028425,-0.012101,0.002603,-0.021577,-0.015474,0.0056,-1.118178,0.031269,0.044456,-0.037711,-0.295786,-0.648945,0.700985,0.951428,-0.134531,0.276918,-0.085401,0.748846,0.657217,0.014222,-0.006125,0.001208,-0.039932,-0.001761,0.018261,-0.803024,0.072629,0.034209,-0.077298,-0.378855,-0.360148,-0.852502,0.051473,-0.927944,0.369145,-0.924023,0.095972,0.370094,-0.008888,0.01452,0.012377,-0.003597,-0.01742,0.014085,-0.273204
71,0.068571,0.02613,0.329003,-0.319582,-0.482871,-0.815321,0.271314,-0.871037,0.409457,-0.907494,-0.089759,0.410396,-0.019785,0.016201,0.030934,1.315913,-0.660114,-0.705632,-0.090462,-0.116129,0.057043,0.29139,0.380751,0.597154,0.705994,-0.910422,0.108977,0.398987,0.160848,-0.7954,0.584235,0.040743,-0.006958,0.005583,0.330836,1.993119,-1.77419,-1.11681,0.031917,0.04419,-0.037596,-0.288662,-0.651152,0.701907,0.953933,-0.132999,0.268926,-0.081759,0.747202,0.659548,0.020345,-0.003464,0.002787,0.290676,2.022639,-1.747332,-0.800248,0.07234,0.034691,-0.076809,-0.37196,-0.366436,-0.852859,0.065439,-0.926849,0.369686,-0.925938,0.081698,0.36873,-0.002507,0.012324,0.010641,4.499288,-2.302586,-2.230772,-0.272878
72,0.068086,0.02672,0.329974,-0.313826,-0.477924,-0.820455,0.274094,-0.87291,0.403574,-0.908672,-0.097642,0.405965,-0.008651,0.007536,0.023875,0.238137,-1.646958,2.202911,-0.090056,-0.115094,0.056573,0.291807,0.373501,0.602756,0.705106,-0.913833,0.108905,0.391132,0.158506,-0.791177,0.590575,0.014323,-0.007225,0.009046,0.135015,-0.179558,-0.121091,-1.113944,0.032431,0.043954,-0.037394,-0.281602,-0.655751,0.700492,0.956297,-0.131917,0.260945,-0.078709,0.743362,0.664242,0.01364,-0.002852,0.004287,0.181694,-0.105962,-0.319956,-0.797146,0.072095,0.034994,-0.076316,-0.365824,-0.365319,-0.855986,0.070246,-0.927954,0.366012,-0.928028,0.073766,0.36513,-0.011882,-0.000663,0.016521,-0.072149,-0.066489,0.123232,-0.272388
73,0.067803,0.026717,0.330435,-0.310902,-0.470633,-0.825766,0.271629,-0.876571,0.397256,-0.910419,-0.100215,0.401398,-0.012436,-0.009395,0.026622,-0.060729,-0.003145,0.025732,-0.08688,-0.114702,0.056408,0.292024,0.373317,0.602526,0.705399,-0.913784,0.108032,0.391486,0.159214,-0.791471,0.58999,0.027003,-0.004216,0.010017,-0.049767,0.104517,-0.112829,-1.112399,0.032621,0.043871,-0.037285,-0.281105,-0.655902,0.700551,0.956393,-0.13114,0.260983,-0.079309,0.743367,0.664165,0.007006,-0.002842,0.005236,-0.049091,-0.0111,0.045519,-0.794533,0.071957,0.035004,-0.076082,-0.359691,-0.356413,-0.862317,0.06679,-0.931635,0.357203,-0.930677,0.070888,0.358906,-0.005558,0.000659,0.009144,-0.011397,-0.242999,0.351672,-0.271735
