frame,MLTx,MLTy,MLTz,MLTR1,MLTR2,MLTR3,MLTR4,MLTR5,MLTR6,MLTR7,MLTR8,MLTR9,MLTTVx,MLTTVy,MLTTVz,MLTRVx,MLTRVy,MLTRVz,MLGA,MRTx,MRTy,MRTz,MRTR1,MRTR2,MRTR3,MRTR4,MRTR5,MRTR6,MRTR7,MRTR8,MRTR9,MRTTVx,MRTTVy,MRTTVz,MRTRVx,MRTRVy,MRTRVz,MRGA,SLTx,SLTy,SLTz,SLTR1,SLTR2,SLTR3,SLTR4,SLTR5,SLTR6,SLTR7,SLTR8,SLTR9,SLTTVx,SLTTVy,SLTTVz,SLTRVx,SLTRVy,SLTRVz,SLGA,SRTx,SRTy,SRTz,SRTR1,SRTR2,SRTR3,SRTR4,SRTR5,SRTR6,SRTR7,SRTR8,SRTR9,SRTTVx,SRTTVy,SRTTVz,SRTRVx,SRTRVy,SRTRVz,SRGA
2226,0.169687,0.060003,0.359503,-0.007297,-0.19474,-0.980851,-0.400216,-0.898298,0.181273,-0.916395,0.394112,-0.070162,0.045979,0.093673,-0.076927,0.258137,-2.014613,-1.184009,0.444307,-0.161337,0.083079,0.357717,0.692732,-0.024028,0.720789,-0.371685,0.844483,0.385529,-0.618808,-0.534942,0.575131,-0.024679,0.029157,-0.010464,0.008654,0.002832,0.100066,0.533072,0.039104,0.060634,0.002305,-0.648479,0.089607,0.755939,0.271478,-0.900526,0.339632,0.711177,0.425466,0.559647,-0.012363,0.0151,-0.004964,-0.146817,-0.578893,0.687689,0.521589,0.099897,0.054108,-0.059917,-0.058353,-0.122944,-0.990696,-0.185715,-0.973726,0.131777,-0.980869,0.191677,0.033987,0.023051,0.046856,-0.038481,0.237067,-2.41785,-1.435442,0.412616
2227,0.171965,0.063948,0.356134,0.044294,-0.264695,-0.963338,-0.389693,-0.892452,0.227245,-0.919945,0.365665,-0.14148,0.068325,0.111,-0.09531,0.347224,-1.688964,-1.110948,0.445839,-0.162325,0.084194,0.35743,0.696729,-0.030062,0.716698,-0.367556,0.842923,0.392831,-0.616787,-0.537083,0.575307,-0.035762,0.032035,-0.00829,0.051809,0.02922,-0.011592,0.533144,0.038606,0.0612,0.002157,-0.651912,0.096287,0.752156,0.267867,-0.898714,0.347215,0.709406,0.427832,0.560091,-0.011849,0.010825,-0.00049,0.045444,0.00419,-0.025635,0.521589,0.101006,0.05604,-0.06156,0.007334,-0.180422,-0.983561,-0.172641,-0.969047,0.176472,-0.984956,0.168509,-0.038255,0.034224,0.05525,-0.047845,0.369638,-1.719066,-0.886301,0.413759
2228,0.174758,0.068307,0.352239,0.083071,-0.32026,-0.943704,-0.377249,-0.886588,0.267612,-0.922493,0.334174,-0.193292,0.090298,0.116187,-0.10594,0.402116,-1.700897,-0.880426,0.444565,-0.163367,0.085241,0.357439,0.70321,-0.027706,0.710435,-0.368208,0.840492,0.397403,-0.60899,-0.541009,0.579916,-0.023923,0.02842,0.002254,0.036191,-0.014006,0.006795,0.532938,0.038081,0.06172,0.002155,-0.659073,0.094714,0.74609,0.269013,-0.896715,0.351472,0.70232,0.432354,0.565522,-0.017453,0.01385,0.001339,0.03608,0.005305,-0.028813,0.521589,0.102416,0.058257,-0.063534,0.058959,-0.228166,-0.971834,-0.157672,-0.963437,0.216628,-0.985729,0.140459,-0.092779,0.039435,0.058551,-0.05258,0.401248,-1.422621,-0.683501,0.415555
2229,0.176419,0.070629,0.350139,0.096841,-0.344174,-0.933923,-0.369633,-0.883643,0.28726,-0.924248,0.317814,-0.211628,0.089511,0.127026,-0.113117,0.442767,-1.282982,-0.822494,0.441029,-0.163974,0.085824,0.357526,0.705237,-0.028149,0.708406,-0.366808,0.840477,0.398727,-0.60749,-0.541008,0.581488,-0.023969,0.03112,0.003526,0.036296,-0.013693,0.006311,0.533186,0.03779,0.061999,0.002197,-0.661103,0.095489,0.744193,0.267717,-0.896556,0.352865,0.700906,0.432513,0.567152,-0.017484,0.015471,0.00211,0.035106,0.005163,-0.027375,0.521589,0.10328,0.059459,-0.064625,0.079967,-0.250509,-0.964805,-0.148798,-0.96006,0.236943,-0.985628,0.124613,-0.114049,0.044821,0.063184,-0.056785,0.427025,-1.360863,-0.867954,0.41229
2230,0.180203,0.075498,0.3458,0.117158,-0.390284,-0.913235,-0.363998,-0.872434,0.326093,-0.924158,0.294691,-0.243137,0.099667,0.126739,-0.11207,0.414659,-1.052212,-0.676836,0.440337,-0.165089,0.086802,0.357866,0.706745,-0.028071,0.706905,-0.366079,0.840414,0.399531,-0.606177,-0.541111,0.582761,-0.022863,0.021198,0.01165,-0.000256,-0.002667,-0.01145,0.533609,0.037219,0.062509,0.002368,-0.662649,0.095633,0.742798,0.267039,-0.896453,0.35364,0.699704,0.432696,0.568495,-0.011451,0.010892,0.005986,-0.013683,0.111615,-0.174299,0.521426,0.105134,0.061843,-0.066754,0.110798,-0.292152,-0.949931,-0.142355,-0.950626,0.275762,-0.983594,0.104674,-0.146917,0.055676,0.063457,-0.056241,0.337385,-1.088175,-0.712349,0.407881
2231,0.184549,0.080586,0.341253,0.135854,-0.436669,-0.889331,-0.370949,-0.854763,0.362971,-0.918841,0.281125,-0.276997,0.109521,0.124197,-0.112243,0.408895,-1.092094,-0.942827,0.432183,-0.166065,0.087595,0.358377,0.705966,-0.018684,0.707994,-0.37737,0.835892,0.398511,-0.60012,-0.548484,0.582138,-0.022719,0.02092,0.011411,-0.000279,-0.00266,-0.011443,0.533989,0.036739,0.062902,0.002621,-0.663106,0.086177,0.743547,0.278807,-0.893435,0.352193,0.694662,0.440848,0.568416,-0.011383,0.010706,0.005841,-0.013738,0.111893,-0.173693,0.521589,0.107262,0.064343,-0.068984,0.139598,-0.333381,-0.932399,-0.149587,-0.937913,0.312957,-0.978843,0.095787,-0.180801,0.060577,0.06141,-0.05679,-0.006925,-0.878806,-1.030522,0.403799
2232,0.186839,0.083061,0.338991,0.144885,-0.459108,-0.876512,-0.375108,-0.845207,0.380646,-0.915778,0.274203,-0.293581,0.120108,0.122057,-0.113067,0.445101,-1.088502,-0.931124,0.424524,-0.166431,0.087975,0.35863,0.707571,-0.014682,0.706485,-0.381822,0.833209,0.399887,-0.59539,-0.552678,0.583027,-0.011817,0.022335,0.0113,-0.002548,-0.033203,0.033527,0.533815,0.036552,0.063095,0.002744,-0.665385,0.082534,0.741923,0.283567,-0.891426,0.353479,0.690544,0.445585,0.569738,-0.005894,0.010541,0.005372,-0.050138,-0.201891,0.20642,0.521589,0.108399,0.065579,-0.070111,0.154246,-0.354291,-0.922326,-0.1542,-0.930691,0.331716,-0.975925,0.091057,-0.198187,0.060165,0.060505,-0.056924,0.406625,-1.14628,-0.745982,0.396124
2233,0.191474,0.087987,0.334496,0.153283,-0.503218,-0.850484,-0.393131,-0.820659,0.414655,-0.906816,0.271414,-0.322563,0.129793,0.121385,-0.112307,0.437824,-0.904189,-0.784802,0.415419,-0.16691,0.088697,0.358991,0.707085,-0.014218,0.70698,-0.38238,0.833207,0.399357,-0.595608,-0.552693,0.58279,-0.011549,0.017029,0.008723,0.001748,-0.017861,0.017807,0.534109,0.0363,0.063475,0.00294,-0.664865,0.081925,0.742457,0.28419,-0.891474,0.352857,0.690789,0.445602,0.569428,-0.005773,0.008291,0.004266,0.001811,-0.017723,0.017754,0.521589,0.110806,0.068135,-0.072447,0.176129,-0.399395,-0.8997,-0.173498,-0.912276,0.371013,-0.968956,0.09075,-0.229973,0.064979,0.060353,-0.056413,0.435803,-0.909897,-0.784328,0.378652
2234,0.196086,0.092714,0.330058,0.151947,-0.551039,-0.820557,-0.420794,-0.787261,0.450693,-0.894537,0.277485,-0.350473,0.105814,0.118473,-0.111739,0.326335,-1.243054,-1.06163,0.400472,-0.167016,0.089165,0.359265,0.708811,-0.014634,0.705241,-0.38161,0.832779,0.400984,-0.594049,-0.553327,0.583779,-0.000425,0.010822,0.005054,0.001895,-0.01653,0.023528,0.534384,0.036246,0.063713,0.003079,-0.666599,0.082636,0.740821,0.283558,-0.891009,0.354536,0.689376,0.446399,0.570514,-0.000205,0.0051,0.002386,0.002014,-0.016219,0.023255,0.521589,0.113073,0.070455,-0.074624,0.185476,-0.446136,-0.875534,-0.203937,-0.889071,0.409831,-0.961253,0.102539,-0.255885,0.058914,0.053438,-0.052749,-0.010961,-0.723656,-1.095118,0.366242
2235,0.200119,0.097158,0.325814,0.122492,-0.585184,-0.801624,-0.457812,-0.749953,0.477442,-0.880731,0.309234,-0.358767,0.093403,0.11746,-0.110563,0.039707,-0.057869,-0.659517,0.370559,-0.16677,0.089351,0.359382,0.708907,-0.010554,0.705217,-0.386528,0.830431,0.401141,-0.59074,-0.556942,0.5837,0.010736,0.002912,0.000634,0.002045,-0.015205,0.029245,0.534539,0.036365,0.063809,0.00314,-0.667234,0.078589,0.74069,0.288777,-0.889346,0.354499,0.68659,0.450428,0.570707,0.005373,0.001278,0.000233,0.002132,-0.015107,0.029325,0.521589,0.115094,0.072676,-0.076748,0.167899,-0.488794,-0.856089,-0.245157,-0.861838,0.443996,-0.954833,0.13533,-0.264534,0.041591,0.052133,-0.052279,-0.938981,0.322049,-1.06781,0.337013
2236,0.201633,0.099228,0.323725,0.099427,-0.593674,-0.798568,-0.477651,-0.73251,0.485027,-0.873038,0.333946,-0.355404,0.071562,0.101477,-0.10513,-4.12748,2.815161,-2.302476,0.341345,-0.166526,0.089367,0.359363,0.708969,-0.010695,0.705153,-0.386391,0.830447,0.401239,-0.590755,-0.556915,0.58371,0.010906,-0.001288,-0.001323,0.000144,0.001322,0.005715,0.534288,0.036491,0.063819,0.003131,-0.667293,0.078755,0.740619,0.288626,-0.889347,0.35462,0.686597,0.450397,0.570725,0.005466,-0.001002,-0.000834,0.000227,0.001357,0.005796,0.521752,0.115859,0.073719,-0.077793,0.150893,-0.501115,-0.852123,-0.262811,-0.851307,0.454097,-0.952974,0.155427,-0.260155,0.030344,0.049831,-0.05294,0.010008,0.339091,-0.473131,0.312356
2237,0.203027,0.102614,0.319634,0.02691,-0.59104,-0.806222,-0.527895,-0.693287,0.490562,-0.848926,0.413132,-0.329658,0.006005,0.075622,-0.103896,-0.968912,1.659506,-0.501944,0.23965,-0.165757,0.089286,0.359274,0.709782,-0.011472,0.704323,-0.385426,0.830479,0.402103,-0.590411,-0.556852,0.584119,0.03271,-0.003013,-0.003572,0.004224,-0.029089,0.064206,0.53429,0.036876,0.063773,0.003084,-0.66803,0.079668,0.739857,0.287703,-0.889283,0.355529,0.686267,0.450363,0.571147,0.016365,-0.001728,-0.001903,0.004302,-0.029065,0.064245,0.521752,0.11658,0.075429,-0.079836,0.077047,-0.514845,-0.853813,-0.322753,-0.823127,0.467217,-0.943341,0.239573,-0.229587,0.003426,0.031696,-0.049157,-4.128232,3.75843,-1.585954,0.210136
2238,0.202004,0.104963,0.315678,-0.040405,-0.550046,-0.834183,-0.555989,-0.681302,0.476105,-0.830167,0.483715,-0.277251,-0.059215,0.052791,-0.101544,0.380119,1.751402,0.858708,0.18011,-0.164684,0.08917,0.359147,0.709311,-0.007945,0.704845,-0.389814,0.828581,0.401787,-0.588086,-0.559737,0.583706,0.032727,-0.002547,-0.003356,0.006134,-0.045616,0.087736,0.534185,0.0374,0.063709,0.003018,-0.667969,0.076042,0.740293,0.292346,-0.88798,0.354997,0.684361,0.453549,0.570913,0.016388,-0.001752,-0.001919,0.004057,-0.029904,0.065219,0.521589,0.116071,0.07663,-0.081855,-0.000872,-0.487933,-0.872879,-0.354793,-0.815943,0.45646,-0.934943,0.31009,-0.172405,-0.029476,0.025916,-0.051045,0.421106,1.936089,1.048775,0.09077
2239,0.200635,0.105844,0.313665,-0.071778,-0.51399,-0.854815,-0.566327,-0.684478,0.45906,-0.820972,0.517692,-0.240889,-0.080476,0.036878,-0.097153,-4.289752,4.533104,-0.036574,0.148767,-0.164103,0.089112,0.359081,0.708255,-0.003912,0.70594,-0.394848,0.826631,0.400886,-0.585991,-0.56266,0.583002,0.032758,-0.002784,-0.003468,0.162386,0.53988,-0.517734,0.534087,0.037703,0.063678,0.002984,-0.667607,0.071967,0.741026,0.29744,-0.886653,0.354081,0.682516,0.456798,0.570531,0.016379,-0.001379,-0.001747,0.180365,0.601469,-0.578856,0.521752,0.115417,0.077055,-0.082827,-0.036616,-0.459522,-0.887411,-0.361332,-0.821839,0.440476,-0.931717,0.336779,-0.135947,-0.040096,0.01776,-0.048971,0.446336,1.956175,1.227413,0.050111
2240,0.196521,0.106543,0.310261,-0.134179,-0.435489,-0.890163,-0.599037,-0.67993,0.422874,-0.789246,0.590521,-0.168531,-0.13435,-0.001638,-0.079196,-4.587272,4.205318,-0.04247,0.089686,-0.1629,0.089051,0.358962,0.708453,-0.000833,0.705752,-0.398507,0.824736,0.401169,-0.583264,-0.565452,0.583035,0.021844,-0.001512,-0.00215,0.004089,-0.030411,0.058491,0.533882,0.038305,0.063644,0.002922,-0.668074,0.068882,0.740899,0.301413,-0.885306,0.354094,0.680313,0.459878,0.570688,0.010924,-0.000722,-0.001077,0.003623,-0.032519,0.060933,0.522405,0.113381,0.077409,-0.084544,-0.118661,-0.392103,-0.912235,-0.397545,-0.823116,0.405509,-0.909877,0.410773,-0.058207,-0.067384,0.005159,-0.04252,0.344912,1.960317,1.213536,-0.03431
2241,0.190427,0.106185,0.307551,-0.183852,-0.354006,-0.917019,-0.623181,-0.679485,0.387191,-0.759948,0.643093,-0.094542,-0.179317,-0.017589,-0.06129,0.343144,1.945405,1.031872,0.032068,-0.161792,0.088959,0.358873,0.708131,-0.001636,0.706073,-0.397842,0.825102,0.401076,-0.584109,-0.564915,0.58271,0.023049,-0.014743,0.004492,-0.034405,-0.003057,0.017105,0.533929,0.03885,0.063608,0.002878,-0.667635,0.069623,0.741225,0.300678,-0.88559,0.354009,0.681069,0.459219,0.570317,0.010954,-0.00107,-0.001242,0.003882,-0.031611,0.059861,0.522895,0.110351,0.077224,-0.085915,-0.188856,-0.322701,-0.927468,-0.429334,-0.822283,0.373527,-0.883179,0.468736,0.016747,-0.089584,-0.008107,-0.030087,0.318604,1.746306,0.879017,-0.116608
2242,0.18289,0.105295,0.305671,-0.225246,-0.272697,-0.935385,-0.64571,-0.677149,0.352846,-0.729343,0.683802,-0.022391,-0.213686,-0.039665,-0.034113,0.143885,1.996644,0.896228,-0.000377,-0.160916,0.088712,0.358796,0.709128,0.005867,0.70505,-0.406579,0.820249,0.402268,-0.576828,-0.571922,0.583128,0.012369,-0.017637,0.003843,-0.387145,-0.188028,-0.302231,0.528365,0.039292,0.063487,0.002841,-0.66967,0.062746,0.740002,0.309569,-0.882145,0.354945,0.675061,0.466778,0.571322,0.011051,-0.002409,-0.001874,-1.172198,-0.711395,-0.92061,0.523059,0.106596,0.076777,-0.086873,-0.247862,-0.251002,-0.935714,-0.454883,-0.822613,0.341157,-0.855362,0.510201,0.089718,-0.101329,-0.013107,-0.019586,-0.184888,1.891301,0.731589,-0.178822
2243,0.178805,0.104735,0.305064,-0.244021,-0.232302,-0.94156,-0.657586,-0.673958,0.336648,-0.71248,0.701593,0.012876,-0.214591,-0.02873,-0.027172,0.282909,1.8356,1.101291,-0.011116,-0.16061,0.088548,0.358746,0.709377,0.005619,0.704801,-0.406355,0.820189,0.402617,-0.57668,-0.57201,0.583188,0.012401,-0.017846,0.003739,-0.034499,-0.00449,0.011326,0.524498,0.039445,0.063403,0.002815,-0.669926,0.062655,0.739778,0.309845,-0.881913,0.355281,0.67468,0.467229,0.571403,0.005687,-0.003848,-0.002194,0.000265,0.001558,0.005944,0.523222,0.104554,0.076487,-0.087183,-0.275196,-0.215901,-0.936831,-0.468704,-0.820675,0.326814,-0.839394,0.529034,0.124652,-0.107237,-0.014012,-0.013218,0.166951,1.870207,0.82387,-0.194335
2244,0.170087,0.103369,0.304602,-0.280934,-0.154073,-0.947303,-0.677232,-0.667552,0.309358,-0.679696,0.728643,0.084377,-0.227146,-0.035283,-0.004023,0.748652,3.863532,-1.063628,-0.074671,-0.160252,0.088191,0.358564,0.709383,0.009653,0.704751,-0.411092,0.817757,0.402756,-0.5733,-0.575434,0.583153,0.000647,-0.01052,-0.004992,-0.001972,0.016511,-0.023535,0.503415,0.039628,0.063225,0.002729,-0.670502,0.058679,0.739582,0.31487,-0.880128,0.355289,0.671776,0.471094,0.571652,0.005769,-0.004981,-0.002733,0.000214,0.00168,0.005968,0.511628,0.100114,0.075794,-0.087424,-0.32786,-0.146081,-0.933363,-0.492081,-0.816961,0.300715,-0.806451,0.557883,0.195965,-0.113535,-0.016948,-0.001396,0.745562,3.861171,-1.065213,-0.230585
2245,0.160812,0.101801,0.305,-0.310148,-0.064242,-0.948539,-0.695967,-0.664338,0.272501,-0.647278,0.744746,0.162516,-0.239843,-0.041733,0.019368,0.330452,2.081604,0.974494,-0.175853,-0.160295,0.087687,0.35832,0.708334,0.010217,0.705797,-0.412069,0.817697,0.401876,-0.573894,-0.575509,0.582493,-0.009974,-0.015837,-0.006827,-0.005986,0.048229,-0.076315,0.464138,0.03961,0.062983,0.002611,-0.669532,0.057984,0.740516,0.315753,-0.880168,0.354404,0.672329,0.471105,0.570992,-0.004991,-0.007813,-0.003365,-0.005811,0.048333,-0.07616,0.476357,0.095652,0.075037,-0.087238,-0.374548,-0.066818,-0.924796,-0.51385,-0.815266,0.267017,-0.771797,0.575218,0.271021,-0.114185,-0.020757,0.009791,0.328841,2.111828,1.048419,-0.293779
2246,0.15642,0.101065,0.305416,-0.322348,-0.017197,-0.946489,-0.705754,-0.661976,0.252332,-0.630499,0.749346,0.20243,-0.229417,-0.048755,0.028108,0.348818,2.309051,1.19949,-0.224654,-0.160417,0.087391,0.358178,0.707647,0.010624,0.706481,-0.412725,0.817663,0.401273,-0.574271,-0.575551,0.582081,-0.009876,-0.017754,-0.007764,-0.005983,0.04823,-0.076314,0.414165,0.039549,0.062832,0.002538,-0.668861,0.057457,0.741163,0.316387,-0.880201,0.353757,0.672699,0.471109,0.570553,-0.004947,-0.008662,-0.003777,-0.005847,0.048293,-0.076164,0.443046,0.093367,0.074665,-0.087025,-0.396624,-0.023785,-0.917672,-0.525566,-0.813729,0.248243,-0.752642,0.580756,0.310244,-0.120141,-0.017394,0.012034,0.205753,2.130289,1.008281,-0.329539
2247,0.147219,0.099161,0.306847,-0.344451,0.074239,-0.935888,-0.725555,-0.653651,0.215131,-0.595352,0.753047,0.280183,-0.231769,-0.062157,0.046786,0.327163,2.113323,0.926139,-0.382034,-0.160738,0.086452,0.357753,0.708303,0.013606,0.705771,-0.413591,0.81811,0.399466,-0.572834,-0.574857,0.584178,-0.009253,-0.029229,-0.013375,-0.00475,0.060116,-0.10266,0.128731,0.039384,0.062365,0.002327,-0.670012,0.054444,0.74035,0.317094,-0.880756,0.351736,0.671218,0.470428,0.572854,-0.004592,-0.015126,-0.00693,-0.01867,0.080013,-0.096478,0.213296,0.088767,0.073724,-0.086312,-0.436511,0.061283,-0.897609,-0.550255,-0.807514,0.212459,-0.711812,0.586655,0.38621,-0.115475,-0.024054,0.021266,0.318132,1.918321,0.810556,-0.422778
2248,0.138262,0.097034,0.308814,-0.359442,0.162833,-0.918876,-0.745959,-0.641736,0.178022,-0.560248,0.749228,0.35328,-0.222285,-0.064209,0.05916,0.308884,1.969869,0.815575,-0.588192,-0.160871,0.085435,0.357174,0.716971,0.021359,0.696769,-0.410265,0.820902,0.39716,-0.564379,-0.570636,0.596418,0.000355,-0.013362,-0.019592,0.127175,-0.201086,0.057401,-0.140051,0.039319,0.061837,0.002028,-0.680189,0.048069,0.731458,0.313223,-0.883106,0.349303,0.662746,0.466702,0.585624,0.000187,-0.006692,-0.009796,0.097034,-0.161763,0.071039,-0.097935,0.084285,0.072663,-0.085332,-0.468098,0.143577,-0.871933,-0.576145,-0.797742,0.177943,-0.670029,0.585655,0.456143,-0.110685,-0.025539,0.027091,0.263635,1.714856,0.647048,-0.560759
2249,0.134027,0.095973,0.309941,-0.367176,0.199858,-0.908452,-0.748404,-0.643414,0.16088,-0.551908,0.73871,0.386954,-0.21046,-0.047996,0.055685,0.288632,1.718726,0.64221,-0.703149,-0.160818,0.085057,0.356909,0.72587,0.026175,0.687327,-0.405971,0.822838,0.397568,-0.556047,-0.567647,0.607003,0.000165,-0.010105,-0.01805,0.107798,-0.963269,0.476872,-0.246449,0.039346,0.061647,0.0019,-0.68906,0.045467,0.723275,0.309111,-0.884249,0.350075,0.655473,0.464796,0.595246,0.000635,-0.010754,-0.00527,-0.219266,-2.40871,1.699238,-0.247673,0.082085,0.07211,-0.084745,-0.483093,0.179605,-0.856949,-0.58003,-0.798814,0.159562,-0.655886,0.57414,0.490078,-0.105208,-0.023699,0.028202,0.299855,1.73401,0.654797,-0.643547
2250,0.125888,0.093682,0.312456,-0.381863,0.261746,-0.886405,-0.752333,-0.64508,0.13356,-0.536376,0.717547,0.444359,-0.201259,-0.05544,0.064679,0.189627,1.452311,0.382413,-1.054201,-0.160659,0.084677,0.356318,0.734566,0.037715,0.677482,-0.401854,0.828576,0.389757,-0.54755,-0.558596,0.622915,-9.6e-05,-0.005584,-0.015889,0.448673,-0.607561,-0.228711,-0.399013,0.039425,0.061453,0.001603,-0.699831,0.036854,0.713355,0.303643,-0.888597,0.343793,0.646556,0.457203,0.610678,0.00549,-0.002783,-0.008314,0.077505,-0.061984,-0.058751,-0.470075,0.078163,0.071016,-0.083534,-0.507083,0.232897,-0.829834,-0.585972,-0.799214,0.133764,-0.632063,0.554089,0.541739,-0.100582,-0.027553,0.032608,0.154799,1.348893,0.321916,-0.823493
2251,0.118581,0.09137,0.31532,-0.386351,0.305151,-0.870438,-0.763009,-0.635932,0.115667,-0.51777,0.708458,0.479612,-0.191476,-0.068484,0.084876,0.110049,1.353537,0.289015,-1.692512,-0.160611,0.084463,0.355725,0.738896,0.048324,0.672078,-0.400385,0.833609,0.380424,-0.542778,-0.550242,0.63442,0.011955,-0.014934,-0.008177,0.256275,-0.398761,-0.089804,-0.694149,0.039445,0.061353,0.001306,-0.70623,0.025951,0.707505,0.301098,-0.893439,0.333326,0.640763,0.448433,0.62316,-0.00012,-0.001446,-0.007298,0.385818,-0.41187,-0.323773,-0.711418,0.074433,0.069831,-0.082089,-0.519392,0.273194,-0.809688,-0.599942,-0.791314,0.117851,-0.608522,0.546978,0.574903,-0.094956,-0.027289,0.040101,-0.031101,0.953147,-0.012937,-0.846191
2252,0.111262,0.089066,0.318744,-0.387795,0.345745,-0.854471,-0.767544,-0.634397,0.091585,-0.509934,0.690928,0.512457,-0.191077,-0.057992,0.092339,0.221087,1.389466,0.604364,-1.908773,-0.160478,0.08452,0.355309,0.741031,0.054828,0.669222,-0.399713,0.836732,0.374223,-0.540356,-0.544875,0.641085,-0.000822,0.006742,-0.009804,0.113443,-0.091305,-0.081043,-1.049514,0.039516,0.061366,0.00109,-0.70972,0.019114,0.704224,0.299742,-0.896442,0.326412,0.637535,0.442747,0.630494,-0.000432,0.003875,-0.004652,0.085171,-0.06399,-0.062112,-0.939372,0.070774,0.068677,-0.080377,-0.527967,0.310383,-0.790514,-0.606495,-0.789376,0.095129,-0.594486,0.529668,0.60501,-0.095456,-0.028569,0.046607,0.110602,1.275992,0.218919,-0.868562
2253,0.107642,0.087855,0.320672,-0.387928,0.36473,-0.84648,-0.770255,-0.632632,0.080346,-0.505731,0.682718,0.527407,-0.180305,-0.065795,0.101835,0.089077,1.156348,0.434325,-1.910639,-0.160375,0.084646,0.355196,0.739693,0.057532,0.670474,-0.400633,0.838057,0.370254,-0.541506,-0.542559,0.642078,0.011069,0.000162,-0.000673,0.227551,0.542838,-0.542915,-1.266899,0.039564,0.061429,0.001033,-0.709283,0.016374,0.704732,0.300065,-0.89762,0.322857,0.637869,0.440463,0.631754,-0.000563,0.005879,-0.003655,0.686192,2.066073,-1.973696,-0.905571,0.068959,0.068073,-0.079418,-0.531434,0.329596,-0.780348,-0.610652,-0.78751,0.083246,-0.587095,0.520761,0.619779,-0.0902,-0.032977,0.050997,0.125583,1.263762,0.522146,-0.877542
2254,0.100569,0.085037,0.324941,-0.376235,0.404607,-0.833538,-0.781599,-0.621673,0.050962,-0.497108,0.670161,0.551176,-0.171136,-0.075587,0.110392,0.083004,1.088314,0.624465,-1.909972,-0.160133,0.084952,0.355133,0.732549,0.059068,0.67814,-0.40389,0.839519,0.36334,-0.548753,-0.540131,0.63796,0.010678,0.006482,0.00248,0.002537,-0.01378,0.027909,-1.402806,0.039685,0.061581,0.001001,-0.701255,0.013699,0.712778,0.303126,-0.899204,0.315508,0.645255,0.437314,0.626419,0.005287,0.004167,0.0017,0.002025,-0.034518,0.058215,-0.903938,0.065422,0.066676,-0.07728,-0.527284,0.369465,-0.765157,-0.626494,-0.777385,0.05636,-0.573999,0.509084,0.641371,-0.085663,-0.03802,0.055173,-0.124069,0.74073,0.285361,-0.881462
2255,0.094378,0.082078,0.32924,-0.366474,0.435715,-0.822128,-0.789918,-0.612577,0.027395,-0.491232,0.658909,0.569699,-0.148537,-0.075794,0.111052,-0.120093,0.667218,0.294257,-1.908918,-0.159659,0.085348,0.355335,0.722001,0.065289,0.688799,-0.413441,0.838849,0.354025,-0.555573,-0.540464,0.631744,0.021346,0.012382,0.004652,0.06602,0.129892,-0.082375,-1.404375,0.039926,0.061786,0.001106,-0.691186,0.005778,0.722653,0.312185,-0.899464,0.305783,0.651768,0.436955,0.619893,0.010658,0.006451,0.002447,0.068705,0.137401,-0.087736,-0.901652,0.062318,0.065199,-0.075129,-0.52335,0.402955,-0.75082,-0.638879,-0.768606,0.032822,-0.563859,0.496861,0.65969,-0.074085,-0.037201,0.056119,-0.078718,0.623369,0.54431,-0.881462
2256,0.091554,0.080501,0.331503,-0.359705,0.447918,-0.818553,-0.794691,-0.60675,0.017137,-0.488541,0.6561,0.575228,-0.150012,-0.084478,0.120441,-0.205507,0.451713,0.380982,-1.908693,-0.159443,0.085509,0.355468,0.720684,0.071963,0.689512,-0.419091,0.837395,0.350807,-0.553037,-0.541879,0.632757,0.011473,-0.000309,0.012223,0.043702,-0.107161,-0.040388,-1.404397,0.040029,0.061871,0.00117,-0.69073,-0.000976,0.723111,0.317756,-0.898686,0.302314,0.649555,0.43859,0.62106,0.005158,0.005817,0.002501,0.104537,-0.138285,-0.046341,-0.901162,0.060906,0.064412,-0.074002,-0.519046,0.415826,-0.746779,-0.645618,-0.763291,0.023715,-0.560149,0.494444,0.664648,-0.068436,-0.037619,0.056057,-0.120265,0.49763,0.496822,-0.880155
2257,0.086767,0.077438,0.336097,-0.35044,0.464136,-0.81352,-0.8048,-0.593468,0.008028,-0.478643,0.656955,0.582527,-0.111644,-0.070949,0.115776,-0.325313,0.07803,0.257723,-1.90897,-0.159038,0.085724,0.355704,0.720757,0.075792,0.689026,-0.423705,0.834753,0.351562,-0.549408,-0.545428,0.632868,0.010619,0.006597,0.002515,0.002058,-0.015222,0.029232,-1.404568,0.040227,0.061983,0.001295,-0.691491,-0.004742,0.722369,0.3227,-0.896684,0.30302,0.646301,0.442644,0.621579,0.005301,0.003387,0.001294,0.000965,-0.013458,0.030983,-0.899202,0.058534,0.062896,-0.07175,-0.513334,0.433499,-0.740652,-0.658813,-0.752128,0.016397,-0.549958,0.496368,0.671688,-0.056004,-0.035894,0.057689,-0.329889,0.093752,0.235382,-0.875257
2258,0.083236,0.074664,0.340565,-0.339635,0.476196,-0.811129,-0.814766,-0.579764,0.000726,-0.469503,0.660534,0.585909,-0.075122,-0.072394,0.115793,-0.312956,0.172213,0.197479,-1.909035,-0.158563,0.085867,0.355889,0.721181,0.077952,0.688341,-0.424039,0.835307,0.34984,-0.548592,-0.544278,0.634564,0.010599,0.006675,0.002548,0.00545,-0.019346,0.026023,-1.404413,0.040469,0.062054,0.001387,-0.692227,-0.006979,0.721645,0.322897,-0.897274,0.301056,0.645413,0.441417,0.623371,0.005844,-0.002027,0.00517,-0.05825,0.104831,-0.119361,-0.899855,0.056718,0.061483,-0.069472,-0.504791,0.447193,-0.738378,-0.672269,-0.74022,0.011286,-0.541516,0.502087,0.67429,-0.043272,-0.034356,0.059145,-0.321816,0.070563,0.32463,-0.871174
2259,0.080668,0.07215,0.344999,-0.330346,0.493738,-0.80445,-0.824444,-0.565851,-0.008805,-0.459143,0.659699,0.59499,-0.048114,-0.059929,0.109784,-0.230505,0.215865,0.371731,-1.90936,-0.158031,0.085823,0.356097,0.720878,0.077939,0.688659,-0.424614,0.834881,0.350159,-0.548545,-0.544933,0.634042,0.011994,-0.008506,0.008164,-0.03451,-0.00466,0.011249,-1.404271,0.040739,0.062038,0.001493,-0.691862,-0.00683,0.721996,0.323532,-0.896882,0.301544,0.645486,0.442216,0.622729,0.006003,-0.004395,0.004002,-0.034509,-0.004173,0.011765,-0.894957,0.055405,0.060199,-0.067211,-0.498865,0.465965,-0.730759,-0.685555,-0.72801,0.003793,-0.530233,0.502868,0.682624,-0.024035,-0.029723,0.055104,-0.251354,0.176997,0.346413,-0.870684
2260,0.07973,0.07105,0.347121,-0.325874,0.507236,-0.797849,-0.828859,-0.559173,-0.017023,-0.454373,0.655125,0.603642,-0.036087,-0.061552,0.108991,-0.077383,0.544032,0.646449,-1.909296,-0.157712,0.085715,0.356199,0.720921,0.077812,0.688629,-0.424776,0.834633,0.350553,-0.548362,-0.54533,0.633858,0.021881,0.003025,4e-06,0.004089,-0.030411,0.058491,-1.404365,0.04089,0.061981,0.001544,-0.691859,-0.006718,0.722,0.32377,-0.896673,0.30191,0.64537,0.442641,0.622547,0.006033,-0.004767,0.003822,-0.034275,-0.00451,0.011489,-0.895447,0.054951,0.059675,-0.066189,-0.496845,0.477912,-0.724392,-0.691546,-0.722328,-0.002233,-0.524316,0.499841,0.689383,-0.023036,-0.023511,0.05176,-0.038667,0.692887,0.470861,-0.875583
2261,0.078505,0.06909,0.351082,-0.317888,0.533857,-0.783575,-0.836735,-0.546587,-0.033007,-0.445525,0.644486,0.621428,-0.009518,-0.044779,0.090335,-0.060642,0.490917,0.456734,-1.90983,-0.156864,0.085383,0.356412,0.722106,0.079456,0.687198,-0.424755,0.834889,0.349967,-0.546816,-0.544703,0.635731,0.023213,-0.010425,0.006488,-0.030373,-0.022546,0.038446,-1.404332,0.041305,0.061823,0.001645,-0.693368,-0.008288,0.720535,0.323641,-0.896985,0.30112,0.643814,0.441982,0.624623,0.011622,-0.005462,0.003109,-0.043982,-0.009026,0.047928,-0.895283,0.054331,0.058696,-0.064196,-0.493302,0.505736,-0.707731,-0.70346,-0.710521,-0.017405,-0.51166,0.489275,0.706267,-0.011296,-0.026099,0.050246,-0.042588,0.623546,0.513703,-0.882115
2262,0.078494,0.067358,0.354483,-0.309508,0.557792,-0.770142,-0.843757,-0.534537,-0.048126,-0.438137,0.634222,0.637045,0.015705,-0.038581,0.079505,-0.090469,0.391092,0.281829,-1.908806,-0.15597,0.084914,0.356645,0.722315,0.086153,0.686171,-0.426144,0.836784,0.343696,-0.545456,-0.540772,0.640239,0.023342,-0.011571,0.005932,0.297633,-0.418302,-0.27002,-1.404594,0.041769,0.061579,0.001765,-0.694045,-0.013392,0.719806,0.324401,-0.898388,0.296076,0.642701,0.438997,0.627866,0.011669,-0.005849,0.002919,0.436298,-0.56539,-0.365298,-0.893814,0.054315,0.057827,-0.062491,-0.488827,0.530404,-0.692617,-0.714328,-0.699113,-0.031228,-0.500781,0.479491,0.720628,0.007689,-0.01959,0.039569,-0.085579,0.318549,0.442332,-0.881135
2263,0.078861,0.066729,0.355987,-0.3064,0.568287,-0.763685,-0.846545,-0.529499,-0.054445,-0.434937,0.629103,0.644272,0.030888,-0.018155,0.062557,-0.041825,0.291237,0.308378,-1.909328,-0.155501,0.084633,0.356801,0.723243,0.094602,0.684077,-0.431327,0.835367,0.340665,-0.540118,-0.541562,0.644085,0.024505,-0.022161,0.013848,0.180126,-0.312937,-0.212306,-1.404708,0.041995,0.061444,0.001837,-0.696447,-0.022125,0.717266,0.329522,-0.897772,0.292264,0.637476,0.439901,0.632542,0.011644,-0.00533,0.003176,0.342258,-0.463181,-0.296526,-0.89561,0.054486,0.057514,-0.06176,-0.487429,0.540496,-0.685767,-0.718574,-0.694485,-0.036619,-0.496047,0.474925,0.726899,0.008849,-0.013001,0.036245,-0.026848,0.441491,0.341986,-0.883421
2264,0.080007,0.066041,0.358356,-0.307104,0.582144,-0.752888,-0.850761,-0.522426,-0.056992,-0.426132,0.622299,0.656644,0.043271,-0.011774,0.051438,-0.104851,0.148038,0.003203,-1.909754,-0.154535,0.084171,0.35717,0.724559,0.116045,0.679367,-0.442241,0.834203,0.329335,-0.529405,-0.539211,0.654862,0.02319,-0.00875,0.007344,0.261772,-0.374244,-0.232383,-1.404556,0.04247,0.061211,0.002021,-0.700784,-0.042819,0.712086,0.339991,-0.897584,0.280621,0.627141,0.438758,0.643571,0.011566,-0.004135,0.003772,0.488441,-0.627032,-0.417572,-0.890548,0.055062,0.057163,-0.060541,-0.489876,0.553693,-0.673383,-0.724684,-0.688003,-0.038519,-0.484618,0.46912,0.738289,0.020896,-0.011226,0.0298,-0.172081,-0.01496,0.1198,-0.88832
2265,0.081762,0.065536,0.360304,-0.308702,0.593848,-0.743029,-0.854948,-0.515555,-0.056916,-0.416496,0.616941,0.667789,0.043479,-0.003757,0.041333,0.106292,0.494848,0.477138,-1.909454,-0.153694,0.083725,0.357537,0.725705,0.148107,0.671869,-0.462596,0.827782,0.317358,-0.510052,-0.541297,0.668362,0.023147,-0.00782,0.007816,0.269305,-0.479221,-0.062905,-1.404742,0.042894,0.060992,0.002201,-0.706655,-0.074533,0.70362,0.360557,-0.893567,0.267459,0.608798,0.442698,0.658318,0.011615,-0.004517,0.00359,0.443256,-0.588714,-0.395739,-0.905408,0.05594,0.056909,-0.059562,-0.493138,0.561506,-0.664473,-0.729775,-0.68277,-0.035366,-0.473541,0.467476,0.746474,0.021645,-0.002058,0.020535,-0.127156,0.140041,-0.041029,-0.88832
2266,0.083626,0.065638,0.361671,-0.305395,0.603784,-0.736359,-0.859997,-0.506849,-0.058996,-0.408472,0.614497,0.674961,0.056592,0.005535,0.03185,0.003431,0.190115,0.125547,-1.909603,-0.153073,0.083478,0.35779,0.725326,0.180325,0.664362,-0.482955,0.820908,0.304629,-0.491342,-0.542037,0.681646,0.012137,-0.008799,0.008084,0.188054,-0.270291,-0.192355,-1.404704,0.043214,0.060862,0.002334,-0.711361,-0.10702,0.694631,0.381047,-0.889201,0.253227,0.590566,0.444823,0.673323,0.005416,0.001609,0.000411,0.25754,-0.320038,-0.205613,-0.915042,0.056865,0.056952,-0.058878,-0.491256,0.573361,-0.655685,-0.736982,-0.674846,-0.037949,-0.464245,0.464585,0.754079,0.028288,0.002798,0.015914,0.016363,0.21634,0.143706,-0.885544
2267,0.08471,0.065788,0.362292,-0.307045,0.606778,-0.733204,-0.860853,-0.505518,-0.057923,-0.405421,0.612639,0.678479,0.056246,0.005134,0.031437,-0.055746,0.046287,0.031121,-1.909747,-0.152887,0.083382,0.357859,0.724472,0.197735,0.660328,-0.493477,0.817518,0.296782,-0.482039,-0.541115,0.688983,6.6e-05,-0.000783,-0.000386,-0.066002,-0.459675,-0.581904,-1.404922,0.043307,0.060816,0.002374,-0.713072,-0.12234,0.690333,0.390009,-0.887458,0.245581,0.582598,0.444353,0.680535,0.000678,-0.006483,0.003383,-3.268552,-2.117384,-4.193642,-0.92092,0.057385,0.057021,-0.058576,-0.493195,0.576,-0.651905,-0.738045,-0.673738,-0.036927,-0.460484,0.462924,0.757399,0.028091,0.002509,0.015659,-0.075471,0.000161,0.010484,-0.883584
2268,0.086912,0.065973,0.363348,-0.307619,0.614657,-0.726369,-0.862412,-0.502594,-0.060137,-0.401657,0.607164,0.685602,0.056102,0.012655,0.021051,-1.578846,1.881527,-1.633544,-1.910341,-0.152668,0.083205,0.357936,0.724046,0.219407,0.653918,-0.50428,0.815096,0.28505,-0.471357,-0.536422,0.699955,0.000107,-0.001256,-0.00062,0.135818,-0.161053,-0.123379,-1.404413,0.043416,0.060726,0.002412,-0.715872,-0.14568,0.682863,0.402143,-0.885519,0.232669,0.570794,0.441171,0.692503,0.000716,-0.006767,0.003244,0.127575,-0.188069,-0.171989,-0.925982,0.05851,0.057121,-0.058032,-0.492608,0.583233,-0.645892,-0.740438,-0.670868,-0.04107,-0.457262,0.458011,0.762323,0.027417,0.001058,0.01466,-0.028101,0.010936,0.247852,-0.88734
2269,0.089128,0.066003,0.364325,-0.313955,0.629655,-0.710642,-0.864641,-0.498765,-0.060009,-0.391845,0.594826,0.701902,0.052314,-0.004744,0.02524,0.167314,0.622426,0.335235,-1.910033,-0.152663,0.083059,0.357904,0.722459,0.234423,0.650454,-0.514301,0.810856,0.279178,-0.46287,-0.536518,0.705523,0.000312,-0.003672,-0.001815,0.030392,-0.035965,-0.027551,-1.403709,0.043423,0.060655,0.002396,-0.716493,-0.1607,0.678832,0.412436,-0.882398,0.226427,0.562613,0.442208,0.69851,-0.005326,-0.002767,-0.000996,-0.007207,0.029907,-0.056885,-0.933003,0.059621,0.057149,-0.057541,-0.502773,0.593438,-0.628529,-0.742977,-0.66831,-0.036676,-0.441818,0.448543,0.77692,0.032774,0.002386,0.008021,0.228261,0.624498,0.453125,-0.887013
2270,0.09024,0.065952,0.364698,-0.316085,0.634562,-0.705314,-0.865214,-0.497753,-0.060152,-0.388856,0.590443,0.707244,0.062503,-0.011155,0.02133,0.003796,0.205599,0.104387,-1.910195,-0.15276,0.082929,0.357867,0.72203,0.23469,0.650833,-0.514737,0.810678,0.278891,-0.463054,-0.536671,0.705286,0.000456,-0.005397,-0.00267,0.000444,-0.000526,-0.000403,-1.403671,0.043374,0.06059,0.002378,-0.716,-0.160698,0.679352,0.41289,-0.882169,0.226489,0.562908,0.442664,0.697984,0.000245,-0.002897,-0.001433,-0.007323,0.009362,0.007536,-0.937412,0.060174,0.057128,-0.057353,-0.505282,0.59923,-0.620977,-0.744047,-0.66703,-0.038247,-0.437129,0.442711,0.782894,0.026192,0.001377,0.007506,0.023448,0.1582,0.108832,-0.887667
2271,0.092594,0.065604,0.365167,-0.313125,0.643482,-0.698519,-0.868599,-0.491413,-0.063404,-0.383679,0.586078,0.713674,0.060584,-0.009904,0.007643,-0.019579,0.061558,0.004798,-1.910208,-0.15307,0.082646,0.357759,0.719976,0.235888,0.652673,-0.516677,0.809956,0.277398,-0.464089,-0.537237,0.704173,-0.01055,-0.007013,-0.00273,-0.00408,0.031562,-0.052882,-1.403572,0.043227,0.06045,0.002324,-0.714175,-0.161975,0.680968,0.414636,-0.881697,0.225136,0.563941,0.44314,0.696847,-0.005269,-0.003572,-0.001394,-0.003123,0.032143,-0.05157,-0.936759,0.061352,0.056957,-0.057111,-0.503508,0.608049,-0.613804,-0.749072,-0.661244,-0.040575,-0.430546,0.439354,0.788414,0.030234,-0.005105,0.003696,-0.042383,0.000708,0.007152,-0.889136
2272,0.095132,0.065403,0.365133,-0.311273,0.644296,-0.698597,-0.869264,-0.490064,-0.06473,-0.383683,0.586313,0.713478,0.072221,-0.004641,-0.003959,0.005942,-0.103877,0.201559,-1.910653,-0.153434,0.082398,0.357662,0.718398,0.236848,0.654062,-0.51817,0.809406,0.276214,-0.464867,-0.537646,0.703348,0.000474,-0.005776,-0.00287,-0.002032,0.016357,-0.023637,-1.403847,0.043038,0.060322,0.002274,-0.712559,-0.163246,0.682356,0.416212,-0.881296,0.223794,0.564825,0.443471,0.69592,-0.005323,-0.003012,-0.001116,-0.001291,0.015476,-0.028435,-0.935943,0.062614,0.056846,-0.057128,-0.502041,0.608813,-0.614247,-0.750014,-0.660132,-0.041284,-0.430619,0.439968,0.788032,0.030285,-0.001281,-0.001328,0.005128,0.017217,0.002763,-0.890769
2273,0.097684,0.065376,0.365044,-0.307953,0.643543,-0.700759,-0.870953,-0.487068,-0.064629,-0.382534,0.589623,0.711364,0.061052,-0.000277,-0.001343,0.00422,-0.091052,0.170792,-1.910489,-0.153777,0.082205,0.357621,0.715771,0.24185,0.655111,-0.524141,0.805849,0.27535,-0.46221,-0.540762,0.70271,-0.01098,-0.002042,-0.000265,-0.03137,0.002879,-0.060702,-1.403364,0.042867,0.060216,0.002249,-0.710583,-0.168576,0.683119,0.422541,-0.87855,0.222725,0.562609,0.446911,0.695514,-0.005506,-0.000825,-3e-05,-0.031397,0.003598,-0.060295,-0.935943,0.063892,0.056824,-0.057178,-0.49888,0.608807,-0.616824,-0.752239,-0.657632,-0.040682,-0.430411,0.443704,0.786048,0.030571,1.7e-05,-0.000626,0.014599,-0.07884,0.178161,-0.889626
2274,0.098888,0.065381,0.365043,-0.30709,0.644346,-0.700399,-0.871975,-0.485292,-0.064211,-0.380898,0.590209,0.711756,0.061569,0.00188,-0.00017,0.005043,-0.104803,0.196213,-1.909505,-0.153944,0.082205,0.357633,0.715736,0.246161,0.653543,-0.528578,0.802444,0.276808,-0.457174,-0.543878,0.703598,-0.011241,0.001198,0.001346,-0.004287,0.010296,-0.025248,-1.403606,0.042788,0.060213,0.002253,-0.711266,-0.17277,0.681358,0.42744,-0.875821,0.224123,0.558027,0.450652,0.696791,-0.000124,0.001535,0.000771,-0.003115,-0.0276,0.034324,-0.935943,0.064493,0.056822,-0.057181,-0.498214,0.609821,-0.61636,-0.753546,-0.65617,-0.040106,-0.428895,0.444474,0.786442,0.030643,0.000438,-0.000405,0.00894,-0.089037,0.174038,-0.891586
2275,0.101208,0.065362,0.365207,-0.303747,0.643602,-0.702538,-0.873881,-0.481914,-0.063733,-0.379212,0.593773,0.709689,0.060978,-0.006386,0.009382,-0.030394,0.020511,0.012785,-1.90986,-0.154308,0.082377,0.357752,0.717681,0.25027,0.649838,-0.532124,0.798927,0.280166,-0.449941,-0.547179,0.7057,-0.000586,0.007404,0.003674,0.002017,-0.016367,0.023649,-1.403086,0.042606,0.060294,0.00231,-0.713893,-0.176441,0.677661,0.431595,-0.872938,0.227385,0.551436,0.454804,0.699336,-0.005801,0.002902,0.00182,0.000981,0.020789,-0.032959,-0.936596,0.065633,0.056814,-0.057108,-0.494981,0.609847,-0.618934,-0.756026,-0.653368,-0.039159,-0.428273,0.448547,0.784466,0.03094,0.001875,0.000362,0.014771,-0.078343,0.178961,-0.892239
2276,0.103153,0.065118,0.36556,-0.301683,0.642997,-0.70398,-0.873149,-0.482813,-0.066886,-0.382531,0.593699,0.707967,0.047284,-0.018538,0.017071,-0.064356,-0.0357,0.112334,-1.910224,-0.154571,0.082734,0.357935,0.718234,0.254311,0.647654,-0.535919,0.795722,0.282048,-0.444511,-0.549986,0.706957,-0.000844,0.010757,0.005317,0.00202,-0.016356,0.023639,-1.403009,0.04247,0.060477,0.002404,-0.715055,-0.180288,0.67542,0.435876,-0.87035,0.229133,0.546542,0.458242,0.700931,-0.000444,0.005622,0.002784,0.002884,-0.015164,0.023273,-0.937576,0.066632,0.056703,-0.056927,-0.492952,0.60992,-0.620479,-0.755411,-0.653865,-0.042587,-0.431685,0.447724,0.783064,0.024257,-0.003518,0.004583,-0.030544,-0.070536,0.151165,-0.890116
2277,0.104176,0.064785,0.365788,-0.298026,0.643741,-0.704857,-0.874564,-0.479994,-0.06867,-0.38217,0.595175,0.706923,0.057715,-0.024812,0.013352,-0.063427,-0.050605,0.141792,-1.909982,-0.154648,0.082973,0.358057,0.718862,0.258258,0.645393,-0.539581,0.79253,0.284046,-0.439023,-0.552755,0.708226,-0.000978,0.012492,0.006159,0.002019,-0.016356,0.023639,-1.402906,0.042432,0.060596,0.002465,-0.716334,-0.184023,0.673052,0.44002,-0.867752,0.231059,0.541523,0.461672,0.702574,-0.006042,0.006168,0.003418,0.001753,0.002147,-0.007506,-0.938882,0.067124,0.056553,-0.056814,-0.489709,0.611446,-0.621545,-0.757478,-0.651377,-0.043984,-0.431754,0.449267,0.782142,0.023791,-0.005183,0.003661,-0.029196,-0.162358,0.294836,-0.889299
2278,0.106116,0.064013,0.366219,-0.29578,0.645449,-0.70424,-0.874233,-0.479986,-0.072815,-0.384663,0.593329,0.707123,0.058832,-0.013632,0.005315,-0.022828,-0.060069,0.160116,-1.909918,-0.154723,0.08342,0.358349,0.719102,0.262399,0.643452,-0.54362,0.789088,0.285923,-0.433602,-0.55573,0.709238,0.000156,0.002093,0.014174,-0.046443,0.090224,-0.134148,-1.403022,0.042393,0.060826,0.002609,-0.717303,-0.187947,0.670933,0.444464,-0.864998,0.232872,0.536588,0.465245,0.704002,-0.000492,0.006233,0.003059,0.002757,-0.015387,0.023368,-0.936596,0.068131,0.056143,-0.056591,-0.487689,0.613815,-0.620797,-0.757659,-0.650858,-0.048332,-0.433718,0.446782,0.782479,0.029384,-0.006908,0.002572,-0.036404,-0.084675,0.147851,-0.886524
2279,0.108021,0.063353,0.366713,-0.296929,0.645137,-0.704043,-0.873765,-0.480923,-0.072252,-0.384841,0.59291,0.707377,0.04779,-0.009381,0.007896,-1.718391,1.516314,-1.39224,-1.909964,-0.154699,0.083798,0.358688,0.719244,0.260044,0.644249,-0.543273,0.788402,0.288463,-0.433802,-0.557804,0.707485,-0.000994,0.012666,0.006181,0.001763,-0.016034,0.023884,-1.403218,0.042405,0.061015,0.002784,-0.716978,-0.185616,0.671928,0.444415,-0.864325,0.235447,0.537062,0.467426,0.702193,9.2e-05,0.00079,0.006946,-0.028879,-0.011517,0.002142,-0.938392,0.069065,0.055813,-0.056349,-0.486841,0.613336,-0.621935,-0.756899,-0.651608,-0.050109,-0.435991,0.446346,0.781463,0.023372,-0.010241,0.007961,-0.063998,-0.14392,0.279375,-0.880808
2280,0.10977,0.062632,0.367283,-0.30351,0.64107,-0.704952,-0.867447,-0.491969,-0.073991,-0.393878,0.588252,0.706291,0.046671,-0.020861,0.015785,0.285922,-0.000156,-0.239598,-1.91017,-0.154618,0.084176,0.359002,0.718018,0.259544,0.645816,-0.546998,0.784056,0.293228,-0.431136,-0.564128,0.704092,0.009873,0.015085,0.006591,-0.040415,0.008199,0.119294,-1.403476,0.042446,0.061206,0.002942,-0.715599,-0.185193,0.673513,0.448933,-0.860636,0.24034,0.535141,0.47435,0.69901,0.00493,0.007554,0.003299,-0.021604,-0.009515,0.1081,-0.935779,0.069957,0.05545,-0.05606,-0.494295,0.6078,-0.62149,-0.748723,-0.660926,-0.050878,-0.441683,0.440176,0.781767,0.023325,-0.010442,0.007856,0.291932,0.000894,-0.240835,-0.882115
