frame,MLTx,MLTy,MLTz,MLTR1,MLTR2,MLTR3,MLTR4,MLTR5,MLTR6,MLTR7,MLTR8,MLTR9,MLTTVx,MLTTVy,MLTTVz,MLTRVx,MLTRVy,MLTRVz,MLGA,MRTx,MRTy,MRTz,MRTR1,MRTR2,MRTR3,MRTR4,MRTR5,MRTR6,MRTR7,MRTR8,MRTR9,MRTTVx,MRTTVy,MRTTVz,MRTRVx,MRTRVy,MRTRVz,MRGA,SLTx,SLTy,SLTz,SLTR1,SLTR2,SLTR3,SLTR4,SLTR5,SLTR6,SLTR7,SLTR8,SLTR9,SLTTVx,SLTTVy,SLTTVz,SLTRVx,SLTRVy,SLTRVz,SLGA,SRTx,SRTy,SRTz,SRTR1,SRTR2,SRTR3,SRTR4,SRTR5,SRTR6,SRTR7,SRTR8,SRTR9,SRTTVx,SRTTVy,SRTTVz,SRTRVx,SRTRVy,SRTRVz,SRGA
714,0.151327,-0.040501,0.337527,-0.537697,-0.141137,-0.831269,-0.015964,-0.984008,0.177332,-0.842337,0.10879,0.527883,-0.000199,-0.001667,-0.001716,0.002534,-0.003464,0.005161,-0.180577,-0.168326,-0.035046,0.341307,-0.665362,0.503549,0.551111,-0.406653,-0.863497,0.298228,0.626885,-0.026303,0.77858,-1e-06,-0.000184,-0.000179,-0.0,0.0,0.0,-0.912912,0.043303,0.026962,-0.010478,0.543432,-0.45178,0.707513,0.408557,0.878612,0.247227,-0.733322,0.154708,0.662044,1e-06,-9.2e-05,-8.9e-05,-1.7e-05,-2e-06,-1e-05,-0.899529,0.077158,0.017751,-0.055859,0.547393,0.20902,-0.810351,-0.117492,0.977911,0.172875,0.828586,0.000579,0.55986,-0.000119,-0.001005,-0.001034,0.010468,-0.095817,0.188781,-0.322518
715,0.151324,-0.040508,0.337475,-0.534302,-0.135416,-0.834404,-0.017305,-0.985123,0.170895,-0.844471,0.10591,0.525052,-0.00016,-0.001337,-0.001376,1.049242,-1.512868,2.302383,-0.272524,-0.168326,-0.035051,0.341288,-0.665364,0.503528,0.551128,-0.406653,-0.863509,0.298195,0.626883,-0.026331,0.77858,-1e-06,-0.000239,-0.000233,-0.0,0.0,0.0,-0.856241,0.043303,0.02696,-0.010488,0.543433,-0.451757,0.707528,0.408562,0.878619,0.247193,-0.733319,0.154736,0.662041,-0.0,-0.000102,-9.9e-05,-1.3e-05,-6e-06,-1.7e-05,-0.886955,0.077156,0.017747,-0.055885,0.545945,0.205306,-0.812275,-0.116433,0.978695,0.169113,0.82969,0.00225,0.558219,-0.000113,-0.000949,-0.000978,0.00335,-0.085914,0.17383,-0.369709
716,0.151439,-0.040549,0.337358,-0.527776,-0.123837,-0.840335,-0.020839,-0.987126,0.158494,-0.84849,0.101308,0.51945,0.014869,0.00796,-0.011685,0.042526,-0.115995,0.226029,-0.45498,-0.168308,-0.035054,0.341197,-0.66136,0.503144,0.556274,-0.404997,-0.863695,0.299903,0.63217,-0.027566,0.77425,-0.000901,0.007974,-0.01143,-0.051922,0.097775,0.046367,-0.635551,0.043312,0.02696,-0.010525,0.538738,-0.450527,0.711889,0.406687,0.879098,0.248577,-0.737811,0.155598,0.656827,-2e-06,-0.000891,-0.000867,-0.144003,0.230104,-0.095963,-0.814781,0.077208,0.017723,-0.05594,0.540214,0.190784,-0.819615,-0.112376,0.981593,0.15442,0.83399,0.008685,0.55171,-0.000119,-0.000988,-0.001019,0.003626,-0.086159,0.17402,-0.499525
717,0.15196,-0.040102,0.336924,-0.524194,-0.116587,-0.843608,-0.023355,-0.98824,0.151024,-0.850645,0.099006,0.516359,0.030262,0.020571,-0.01859,0.073253,-0.054129,0.096448,-0.748092,-0.168247,-0.034995,0.340902,-0.652728,0.49949,0.569604,-0.400462,-0.86564,0.300386,0.643925,-0.03265,0.764303,0.013836,0.007155,-0.013549,-0.230444,0.271636,0.213546,-0.303505,0.043342,0.026991,-0.010678,0.52867,-0.444644,0.723048,0.402386,0.881307,0.247755,-0.74739,0.159964,0.644839,0.006922,0.003453,-0.006896,-0.282449,0.320135,0.252165,-0.656063,0.077462,0.017938,-0.056158,0.537714,0.183071,-0.823011,-0.109659,0.983035,0.147021,0.835964,0.011195,0.548668,0.00763,0.005649,-0.004131,0.043312,-0.129099,0.251709,-0.658896
718,0.152436,-0.039715,0.336561,-0.521469,-0.116355,-0.845326,-0.024098,-0.988252,0.150831,-0.8523,0.099162,0.513594,0.030171,0.020031,-0.019159,0.057782,-0.204873,0.243827,-0.982697,-0.168189,-0.034872,0.340597,-0.646374,0.496144,0.579684,-0.396583,-0.867418,0.300402,0.652676,-0.036333,0.756675,0.01294,0.016131,-0.024008,-0.42036,0.6702,0.003137,-0.166333,0.043367,0.027048,-0.010821,0.522294,-0.439515,0.730776,0.399237,0.883261,0.245886,-0.753537,0.163328,0.636793,-0.000453,0.001913,-0.007742,-0.059651,0.195949,-0.139149,-0.529349,0.077689,0.018127,-0.056329,0.535081,0.182928,-0.824757,-0.108985,0.983064,0.147333,0.83774,0.011051,0.545956,0.015118,0.010226,-0.00937,0.052719,-0.128456,0.064915,-0.797204
719,0.153577,-0.038983,0.335821,-0.508262,-0.098777,-0.855545,-0.027437,-0.991033,0.130658,-0.860152,0.089998,0.502062,0.030152,0.020379,-0.01883,0.078029,-0.150392,0.27268,-1.3625,-0.168192,-0.034491,0.339492,-0.63614,0.48421,0.600714,-0.385991,-0.873773,0.295747,0.668883,-0.044329,0.741953,-0.016604,0.004614,-0.032664,-0.164146,0.51226,-0.449011,-0.018816,0.043376,0.027255,-0.011358,0.508151,-0.425254,0.74896,0.389346,0.889096,0.240661,-0.768239,0.169312,0.617366,-0.001359,0.007493,-0.021536,-0.158351,0.439383,-0.190428,-0.287026,0.078282,0.018508,-0.056714,0.524428,0.163299,-0.835647,-0.105161,0.986343,0.126751,0.844934,0.021406,0.534439,0.015093,0.010252,-0.009367,0.082577,-0.121757,0.273238,-1.00246
720,0.154995,-0.038336,0.33548,-0.4944,-0.079272,-0.865638,-0.055737,-0.990886,0.122514,-0.86685,0.108911,0.486556,0.045819,0.015659,-0.004043,-0.404051,-0.265502,0.69127,-1.517152,-0.168631,-0.034426,0.337328,-0.612187,0.467378,0.637791,-0.392881,-0.879714,0.267732,0.686966,-0.087247,0.721338,-0.017659,-0.004967,-0.061697,0.136297,0.460873,-0.669742,0.029164,0.043163,0.027303,-0.012389,0.479826,-0.403163,0.779247,0.400426,0.890901,0.214366,-0.780657,0.209172,0.588915,-0.008794,-0.003151,-0.031497,1.143107,0.87416,0.395804,-0.187745,0.078961,0.018812,-0.056889,0.513235,0.143816,-0.846112,-0.078651,0.989593,0.120495,0.854635,0.004705,0.519205,0.022828,0.002667,0.002428,-4.78405,0.475462,2.954632,-0.953146
721,0.156424,-0.037754,0.335663,-0.488668,-0.043886,-0.871391,-0.119411,-0.985965,0.11656,-0.863673,0.161061,0.477657,0.03137,0.011892,0.011891,-0.337342,0.251867,-0.353355,-1.620008,-0.169231,-0.03472,0.334569,-0.603804,0.431516,0.670228,-0.382486,-0.894459,0.231476,0.700127,-0.117113,0.704252,-0.018711,-0.00135,-0.078153,0.08558,0.40843,-0.786838,0.076247,0.042863,0.027148,-0.013776,0.469102,-0.363383,0.804918,0.397173,0.90086,0.175226,-0.788793,0.237493,0.566921,-0.00888,-0.006835,-0.035476,0.046379,0.410067,-0.801011,-0.125695,0.079681,0.019105,-0.05681,0.511482,0.104667,-0.852895,-0.012686,0.993365,0.114298,0.859199,-0.047642,0.509416,0.023145,0.01054,0.000696,-0.387912,-0.091379,0.552939,-0.95086
722,0.157101,-0.037419,0.335776,-0.488002,-0.026338,-0.872471,-0.150626,-0.982,0.113834,-0.859163,0.186995,0.476339,0.031251,0.022211,0.002653,-0.087717,-0.138186,0.371925,-1.690763,-0.169437,-0.034857,0.333195,-0.604711,0.41832,0.677735,-0.374023,-0.900374,0.222186,0.70391,-0.119639,0.700043,-0.003897,0.000298,-0.078162,0.087345,0.39446,-0.75637,0.118854,0.042748,0.027065,-0.014498,0.469712,-0.348675,0.811046,0.390234,0.906077,0.163528,-0.791888,0.239687,0.56166,-0.001474,-0.005454,-0.034934,0.051711,0.406048,-0.778798,-0.088628,0.08002,0.019273,-0.056746,0.514671,0.089453,-0.852707,0.018244,0.993174,0.1152,0.857192,-0.074847,0.509526,0.023069,0.010259,0.00037,-1.440613,0.077649,1.050443,-0.957718
723,0.158857,-0.036621,0.335696,-0.488168,0.013236,-0.872676,-0.228687,-0.966881,0.113201,-0.841673,0.254808,0.476116,0.060622,0.016798,-0.003317,-4.90718,0.467788,3.042065,-1.784129,-0.169734,-0.035031,0.330403,-0.614956,0.40795,0.674832,-0.36256,-0.90617,0.217578,0.701036,-0.111363,0.70428,-0.017945,-0.008213,-0.066478,-0.973138,-1.750338,0.948562,0.241069,0.042605,0.026973,-0.015906,0.47955,-0.337221,0.810131,0.379851,0.912007,0.154778,-0.791039,0.233506,0.565447,-0.001475,-0.00363,-0.033399,0.299169,-0.113155,-0.788687,0.058823,0.080883,0.019678,-0.056765,0.51969,0.052854,-0.852717,0.091922,0.988831,0.117313,0.849394,-0.13935,0.509028,0.030319,0.008388,-0.001688,-1.416113,0.0139,1.138304,-0.968659
724,0.16082,-0.035766,0.335121,-0.480228,0.058754,-0.8752,-0.293188,-0.95111,0.096964,-0.826122,0.303084,0.475067,0.044709,0.031411,-0.027704,-1.30917,0.060767,1.000239,-1.853641,-0.170258,-0.035594,0.328174,-0.626314,0.404007,0.666708,-0.356003,-0.909006,0.216571,0.694316,-0.102201,0.71228,-0.016264,-0.02493,-0.044707,0.01986,0.115124,-0.286869,0.278092,0.042336,0.026683,-0.017051,0.494069,-0.336174,0.801799,0.373636,0.914815,0.153325,-0.785042,0.223828,0.577589,-0.008091,-0.012309,-0.02218,-0.0048,0.176229,-0.26909,0.155655,0.081904,0.020129,-0.057051,0.518056,0.003089,-0.85534,0.164539,0.980956,0.103199,0.839371,-0.194199,0.507682,0.022337,0.015385,-0.014201,-1.337604,0.029638,0.984147,-1.013564
725,0.161487,-0.03531,0.334645,-0.472254,0.085449,-0.877336,-0.321673,-0.943346,0.081212,-0.820111,0.320457,0.474081,0.029597,0.018973,-0.020483,0.735817,-1.148199,2.617919,-1.884996,-0.170607,-0.035917,0.32725,-0.634384,0.396552,0.663547,-0.344701,-0.913374,0.216477,0.692699,-0.091879,0.715255,-0.032123,-0.011099,-0.049011,-3.592117,-1.162184,-4.060199,0.300349,0.042162,0.026518,-0.017517,0.502037,-0.330592,0.799166,0.364277,0.918919,0.151291,-0.784384,0.215165,0.581759,-0.016012,-0.005316,-0.024276,-3.613109,-1.119865,-4.043094,0.182598,0.082227,0.020348,-0.057283,0.514856,-0.021968,-0.856994,0.194073,0.976705,0.091557,0.835019,-0.213458,0.507125,0.014731,0.01434,-0.015157,-1.276864,0.424821,1.077109,-1.011114
726,0.162034,-0.034352,0.333678,-0.465126,0.125879,-0.876274,-0.371515,-0.926197,0.064089,-0.802963,0.355197,0.478657,0.014605,0.019192,-0.020037,-0.283209,0.20344,0.604408,-1.904479,-0.171451,-0.036182,0.325504,-0.656822,0.374622,0.654397,-0.300387,-0.925945,0.228751,0.692446,-0.04678,0.719857,-0.032136,-0.003448,-0.041222,-0.394324,-0.614818,0.478884,0.353816,0.041751,0.026383,-0.018379,0.526927,-0.309399,0.791593,0.317797,0.935548,0.154121,-0.788258,0.170355,0.591292,-0.016061,-0.00127,-0.020146,-1.480321,-1.960239,1.398981,0.249057,0.082505,0.020821,-0.057773,0.511626,-0.064994,-0.856746,0.246538,0.966309,0.07392,0.823078,-0.24904,0.510412,-9e-05,0.010417,-0.009078,-1.292038,0.362891,1.196953,-1.008338
727,0.162432,-0.03369,0.332885,-0.461428,0.178048,-0.869155,-0.424013,-0.90477,0.0397,-0.778748,0.386625,0.494065,-0.000494,0.005999,-0.013559,-0.155161,0.770269,1.108647,-1.877485,-0.172647,-0.036031,0.323905,-0.67313,0.370652,0.639925,-0.28092,-0.928551,0.24251,0.684926,-0.016979,0.728321,-0.032136,0.001637,-0.035986,0.0869,-0.154269,0.281884,0.374914,0.041154,0.02646,-0.019177,0.545846,-0.308459,0.779041,0.296411,0.940735,0.164796,-0.783704,0.140963,0.604926,-0.008946,0.006514,-0.022631,0.109757,-0.071267,0.131795,0.298371,0.08271,0.021159,-0.05817,0.513018,-0.11534,-0.850593,0.301987,0.951833,0.05307,0.803502,-0.284094,0.523138,0.00713,0.007447,-0.012204,-1.2627,0.47426,1.312284,-1.003113
728,0.162331,-0.033467,0.332065,-0.451966,0.239819,-0.85922,-0.476133,-0.879343,0.004957,-0.753805,0.41104,0.51269,-0.001064,0.011136,-0.028025,-0.153384,0.628834,1.04695,-1.882444,-0.173748,-0.035487,0.322242,-0.680833,0.369746,0.632255,-0.27825,-0.929006,0.24384,0.678373,-0.010362,0.734551,-0.018737,0.026761,-0.050889,0.153924,-0.094201,0.167223,0.389127,0.040591,0.026736,-0.020018,0.554758,-0.308953,0.772522,0.293808,0.941425,0.165514,-0.778408,0.135153,0.613036,-0.009339,0.013589,-0.025197,0.143743,-0.078133,0.177932,0.318619,0.08266,0.021271,-0.058572,0.512286,-0.179235,-0.839903,0.358367,0.933378,0.019398,0.780471,-0.310931,0.542389,-0.007958,5.4e-05,-0.009671,-1.137608,1.043658,1.55313,-1.007358
729,0.162055,-0.033329,0.331619,-0.450279,0.266327,-0.85227,-0.498559,-0.866807,-0.007528,-0.740205,0.421181,0.524147,-0.015903,0.01265,-0.026266,0.104761,0.476423,0.756299,-1.887674,-0.174276,-0.034946,0.321377,-0.689394,0.364299,0.626109,-0.266808,-0.9312,0.248222,0.674317,0.003627,0.738341,-0.034459,0.042538,-0.052802,-0.272907,-0.689889,0.570423,0.424748,0.040327,0.027,-0.020457,0.564291,-0.304672,0.767299,0.282004,0.944643,0.167697,-0.775917,0.121751,0.618972,-0.017199,0.021629,-0.025988,-0.308959,-0.741955,0.628766,0.343112,0.082527,0.021334,-0.058802,0.514226,-0.206618,-0.832393,0.383142,0.923659,0.007421,0.767315,-0.322741,0.554134,-0.007899,0.000831,-0.008887,-0.20097,0.725647,0.817142,-1.007359
730,0.161596,-0.032943,0.33072,-0.450607,0.320714,-0.833152,-0.53332,-0.845091,-0.03693,-0.715379,0.427292,0.552885,-0.015817,0.013672,-0.025249,-1.07637,0.897293,1.624906,-1.88533,-0.175585,-0.033361,0.319849,-0.712125,0.358751,0.603462,-0.240716,-0.932165,0.27029,0.660378,0.046778,0.749383,-0.033283,0.04161,-0.033505,-4.706439,-3.029113,-2.038915,0.479206,0.039685,0.027775,-0.021212,0.589137,-0.304408,0.7485,0.258494,0.948646,0.182348,-0.76557,0.086055,0.63757,-0.024517,0.026368,-0.020192,0.174032,-0.002118,0.006046,0.420022,0.082297,0.021524,-0.059254,0.520343,-0.258645,-0.813845,0.419919,0.907343,-0.019878,0.743579,-0.331405,0.58074,-0.000463,0.006536,-0.013008,-4.268197,0.770287,4.03581,-1.019442
731,0.160948,-0.032551,0.329857,-0.453539,0.375057,-0.808505,-0.562453,-0.824106,-0.066847,-0.690807,0.423957,0.585725,-0.01572,0.014788,-0.02413,0.350336,1.325278,0.680493,-1.88839,-0.177112,-0.031527,0.318533,-0.720582,0.363134,0.590665,-0.235757,-0.929368,0.283947,0.652952,0.064908,0.754521,-0.048867,0.053714,-0.03942,0.080884,0.044211,0.267628,0.501219,0.038928,0.028697,-0.021857,0.600489,-0.309526,0.737296,0.245608,0.948867,0.198311,-0.760979,0.062002,0.645806,-0.016519,0.021874,-0.015575,0.021614,0.083441,0.299137,0.466887,0.081973,0.021717,-0.059688,0.528357,-0.31249,-0.789422,0.454177,0.889608,-0.04817,0.717329,-0.333086,0.611956,-0.00783,0.007494,-0.011954,0.281133,0.851711,0.685892,-1.023198
732,0.160588,-0.032181,0.329368,-0.457514,0.393527,-0.79741,-0.568271,-0.819095,-0.07825,-0.683386,0.41685,0.599372,-0.015547,0.02807,-0.030241,0.268217,0.743983,0.432728,-1.88893,-0.177856,-0.030721,0.317913,-0.717225,0.364629,0.593823,-0.234064,-0.92864,0.287709,0.657246,0.066912,0.750609,-0.032316,0.03064,-0.025133,-0.302683,0.321085,0.309404,0.519803,0.03855,0.029115,-0.022166,0.597723,-0.309839,0.739409,0.243788,0.948868,0.200537,-0.763736,0.060394,0.642695,-0.023986,0.021203,-0.015672,-0.492149,0.236735,0.077008,0.486481,0.081793,0.021894,-0.059935,0.535495,-0.332352,-0.776393,0.461354,0.885137,-0.060697,0.707387,-0.32569,0.627318,-0.007743,0.008456,-0.010968,0.262039,0.903213,0.458105,-1.024014
733,0.160048,-0.031187,0.328634,-0.470586,0.42952,-0.770783,-0.580408,-0.808594,-0.096302,-0.664036,0.401512,0.630771,-0.014705,0.025409,-0.013191,0.080221,0.991666,0.381167,-1.874003,-0.179446,-0.02948,0.31686,-0.724337,0.344132,0.597411,-0.205236,-0.93478,0.289822,0.659086,0.086897,0.746939,-0.047215,0.029308,-0.02537,0.08038,0.042888,-0.015641,0.534497,0.037761,0.029737,-0.022692,0.603899,-0.29034,0.742298,0.214985,0.956113,0.199068,-0.767519,0.039366,0.639814,-0.023602,0.014334,-0.013004,0.112713,-0.001596,-0.040589,0.512771,0.081516,0.022396,-0.060319,0.551872,-0.366062,-0.749289,0.475314,0.876346,-0.078054,0.68521,-0.313072,0.657626,-0.007309,0.013011,-0.006272,0.08274,1.033013,0.386733,-1.024178
734,0.159672,-0.030395,0.328373,-0.498389,0.461132,-0.734174,-0.59987,-0.794767,-0.092045,-0.625329,0.393956,0.673638,-0.01445,0.016474,-0.002628,0.242863,1.11232,0.360314,-1.865777,-0.180979,-0.028848,0.3161,-0.726381,0.334821,0.600214,-0.193997,-0.937603,0.288444,0.660242,0.09267,0.745222,-0.030883,0.004462,-0.01303,0.030415,0.034093,-0.065238,0.532406,0.036988,0.030065,-0.023072,0.606426,-0.280671,0.743955,0.204462,0.95921,0.195215,-0.768402,0.033727,0.639077,-0.015793,0.007778,-0.010618,0.072585,0.017214,-0.04996,0.516364,0.081335,0.022792,-0.060442,0.581625,-0.393057,-0.712192,0.496127,0.86523,-0.072347,0.644647,-0.311259,0.698245,0.000292,0.008601,-0.00103,0.257488,1.143931,0.481656,-1.023687
735,0.159459,-0.030028,0.328308,-0.494946,0.484132,-0.721589,-0.613391,-0.782811,-0.104549,-0.614875,0.390263,0.685311,-0.014323,0.01765,-0.001429,-0.955619,0.98827,1.329751,-1.870892,-0.181496,-0.028718,0.315779,-0.726156,0.333536,0.601201,-0.193454,-0.938157,0.287002,0.660649,0.091696,0.744982,-0.015988,0.00386,-0.014922,0.032613,0.01865,-0.036138,0.53343,0.036718,0.030131,-0.023238,0.606162,-0.279198,0.744725,0.204199,0.959604,0.193551,-0.76868,0.034749,0.638687,-0.007988,0.001818,-0.00756,0.033975,0.018043,-0.035885,0.517343,0.081228,0.022975,-0.060474,0.580978,-0.415253,-0.700021,0.510063,0.855981,-0.084445,0.634271,-0.307995,0.709111,-0.007195,0.014137,-0.005123,-3.697575,0.675796,4.055874,-1.022218
736,0.159336,-0.029055,0.328006,-0.498898,0.514746,-0.697268,-0.632908,-0.765964,-0.112687,-0.591473,0.384443,0.708794,0.000338,0.026017,-0.012767,0.201097,0.799981,0.041138,-1.870338,-0.182243,-0.028729,0.315323,-0.737966,0.327291,0.590152,-0.183705,-0.93884,0.291146,0.650264,0.106041,0.75218,-0.015972,0.004513,-0.014239,-3.144516,-1.733715,-4.260353,0.534525,0.03635,0.03012,-0.023465,0.617842,-0.27929,0.735029,0.199505,0.959883,0.197031,-0.760571,0.024908,0.648776,-0.007611,-0.003103,-0.00277,0.079962,-0.176312,-0.085463,0.518486,0.081162,0.023476,-0.060617,0.587787,-0.447054,-0.674275,0.533562,0.840711,-0.09228,0.608125,-0.305527,0.732691,0.000171,0.012965,-0.006426,0.205074,0.815855,0.041951,-1.03969
737,0.159738,-0.028023,0.327018,-0.488216,0.550549,-0.67719,-0.651021,-0.746466,-0.137597,-0.580653,0.372998,0.7237,0.014228,0.038151,-0.039923,0.267941,0.555416,0.215555,-1.87551,-0.182729,-0.02863,0.314949,-0.758647,0.324505,0.564927,-0.17364,-0.936386,0.304899,0.628875,0.132818,0.765988,-0.016522,0.018884,-0.018932,0.016253,-0.331013,0.290737,0.531638,0.036107,0.030159,-0.023656,0.644546,-0.276012,0.713005,0.181815,0.961144,0.207711,-0.742631,-0.004244,0.669686,-0.007909,0.003802,-0.005428,-0.323348,-0.733485,0.677375,0.519629,0.081358,0.023986,-0.061087,0.580992,-0.484101,-0.654289,0.555039,0.823621,-0.116527,0.595297,-0.295455,0.747212,0.007079,0.012911,-0.016426,0.237933,0.765684,0.034315,-1.044426
738,0.160187,-0.026466,0.325505,-0.4743,0.59375,-0.650035,-0.679364,-0.716404,-0.158755,-0.559365,0.36557,0.743973,-0.000286,0.053709,-0.043439,0.422055,1.137548,0.303948,-1.911969,-0.183371,-0.027912,0.314406,-0.772024,0.328461,0.544136,-0.172797,-0.932248,0.317786,0.612611,0.150909,0.775756,-0.031187,0.0235,-0.012704,0.071456,-0.107178,0.161926,0.533774,0.03578,0.030522,-0.023938,0.660427,-0.283678,0.695242,0.178841,0.958671,0.221279,-0.729282,-0.021801,0.683865,-0.015569,0.012023,-0.00604,0.073404,-0.090581,0.156756,0.520283,0.081587,0.024745,-0.061858,0.5711,-0.527276,-0.629145,0.587537,0.797806,-0.135296,0.573274,-0.292379,0.765421,0.007322,0.02119,-0.017786,0.426447,1.19476,0.581679,-1.048834
739,0.16032,-0.025375,0.3247,-0.462265,0.623581,-0.63048,-0.700006,-0.693024,-0.172283,-0.543802,0.360919,0.757657,0.014752,0.055904,-0.041349,0.197656,1.237663,1.050479,-1.913671,-0.183847,-0.027313,0.314149,-0.776557,0.329361,0.537095,-0.17224,-0.930893,0.322031,0.60701,0.157161,0.778911,-0.016014,0.027578,-0.00944,0.084637,-0.121797,0.202933,0.533236,0.03556,0.030794,-0.02406,0.665771,-0.28542,0.689407,0.177261,0.957996,0.225435,-0.724794,-0.027883,0.6884,-0.015471,0.013524,-0.004406,0.086441,-0.097796,0.168869,0.520119,0.081647,0.025265,-0.062248,0.563099,-0.556425,-0.61099,0.609887,0.778718,-0.147091,0.557635,-0.289808,0.777852,7.9e-05,0.028845,-0.019705,-3.004753,0.400782,4.616011,-1.042466
740,0.16025,-0.023477,0.323267,-0.441917,0.679545,-0.58564,-0.732587,-0.650102,-0.201633,-0.517202,0.339078,0.785847,-0.000254,0.042688,-0.034958,0.524903,1.598897,0.81588,-1.913217,-0.184943,-0.026055,0.313789,-0.784454,0.323567,0.529082,-0.162123,-0.930343,0.328805,0.599595,0.171757,0.781568,-0.03137,0.041024,-0.014004,-0.76587,-0.653962,-1.098403,0.527642,0.034994,0.031452,-0.024245,0.674827,-0.281845,0.682034,0.166977,0.958542,0.230898,-0.718837,-0.041932,0.693912,-0.015671,0.0207,-0.006771,-0.731723,-0.690852,-1.143296,0.520283,0.081619,0.02625,-0.062974,0.547682,-0.615922,-0.566288,0.650133,0.739312,-0.175338,0.526658,-0.272134,0.80534,-0.007491,0.021413,-0.017318,0.399181,1.340564,0.719072,-1.040017
741,0.159857,-0.022008,0.3219,-0.41695,0.732841,-0.537719,-0.765192,-0.602232,-0.227528,-0.490062,0.315676,0.812536,-0.000614,0.038612,-0.039102,-0.486715,0.769699,1.613441,-1.91347,-0.186022,-0.02459,0.313498,-0.790902,0.321232,0.520839,-0.151725,-0.927405,0.341809,0.593814,0.190916,0.781536,-0.031092,0.043372,-0.011524,-0.289618,-0.531063,0.545368,0.524983,0.034472,0.032159,-0.024382,0.681426,-0.27903,0.676608,0.153631,0.958408,0.240518,-0.715579,-0.059948,0.695953,-0.015505,0.022318,-0.005059,0.070235,0.035949,0.082198,0.520283,0.081429,0.026978,-0.063641,0.531798,-0.670368,-0.51749,0.686038,0.699288,-0.200867,0.496529,-0.248197,0.831778,-0.000245,0.019679,-0.019165,0.472935,1.398752,0.456002,-1.034628
742,0.159813,-0.02128,0.321158,-0.414894,0.748362,-0.517553,-0.770742,-0.591306,-0.237245,-0.483069,0.299534,0.82277,-0.000671,0.037985,-0.039727,0.33781,0.954887,0.20201,-1.913886,-0.186508,-0.023872,0.313369,-0.790058,0.327168,0.51842,-0.154451,-0.924534,0.348302,0.594235,0.194705,0.780281,-0.016202,0.043235,-0.012832,0.032024,-0.026257,0.131165,0.524676,0.03423,0.032521,-0.024443,0.681573,-0.286738,0.673229,0.155446,0.955764,0.249701,-0.715048,-0.065539,0.695996,-0.015162,0.016474,-0.001281,-0.321034,-0.620498,0.591523,0.520446,0.081401,0.027352,-0.064024,0.527177,-0.689596,-0.496528,0.69752,0.684904,-0.210645,0.485335,-0.235291,0.842072,-0.000304,0.019069,-0.019774,0.32836,1.193837,0.206215,-1.037077
743,0.160166,-0.019906,0.3197,-0.401632,0.777853,-0.483407,-0.787006,-0.563019,-0.252196,-0.467846,0.278183,0.838904,-0.000622,0.038635,-0.039022,0.258556,0.899416,0.049461,-1.913706,-0.187514,-0.02276,0.313175,-0.782976,0.335698,0.523685,-0.156792,-0.921105,0.356251,0.602937,0.196412,0.773145,-0.030492,0.028491,-0.007469,-0.003102,0.087642,0.063696,0.527167,0.033721,0.033101,-0.024537,0.673304,-0.294362,0.678241,0.156486,0.953283,0.258385,-0.722615,-0.067837,0.687912,-0.007528,0.00855,-0.000311,-0.006244,0.067826,0.035117,0.521589,0.081577,0.028049,-0.064772,0.516633,-0.720542,-0.462502,0.717741,0.658988,-0.224906,0.466838,-0.215763,0.857617,-0.000285,0.019304,-0.019521,0.252386,0.877432,0.036656,-1.034955
744,0.160679,-0.018611,0.318203,-0.376367,0.806993,-0.455143,-0.809673,-0.525217,-0.261819,-0.449874,0.26897,0.851643,0.01383,0.035754,-0.042166,-0.460108,0.328897,1.277398,-1.913585,-0.188387,-0.022234,0.313185,-0.778517,0.340087,0.527489,-0.157135,-0.919217,0.360948,0.608599,0.197696,0.768366,-0.014529,0.003916,0.005299,-0.008615,0.011191,0.002478,0.52487,0.033279,0.033372,-0.024536,0.668181,-0.29799,0.681714,0.156202,0.952051,0.263057,-0.727416,-0.069285,0.682689,-0.007613,0.007,-0.001992,0.058561,-0.020478,-0.024067,0.523059,0.081828,0.028686,-0.065502,0.495093,-0.751641,-0.435795,0.744485,0.625586,-0.2332,0.44791,-0.208987,0.86931,0.006903,0.017825,-0.021225,-2.170063,-0.539872,4.646156,-1.036914
745,0.161273,-0.017021,0.316375,-0.354456,0.826951,-0.436529,-0.826383,-0.495419,-0.267621,-0.437142,0.264849,0.859528,0.013755,0.046866,-0.05037,-2.15737,-1.092037,4.653553,-1.913801,-0.188763,-0.022084,0.313239,-0.778264,0.338946,0.528593,-0.156124,-0.919722,0.360098,0.609182,0.197307,0.768005,0.000126,0.001889,0.002029,-0.010249,0.087296,-0.145581,0.524602,0.033085,0.033447,-0.024509,0.668116,-0.296487,0.682433,0.155453,0.95256,0.261654,-0.727636,-0.068729,0.68251,5.1e-05,0.000781,0.00085,-0.009857,0.086389,-0.146341,0.522242,0.082124,0.029474,-0.066416,0.478551,-0.77255,-0.417319,0.76266,0.601237,-0.238459,0.435129,-0.204158,0.876915,0.006923,0.01782,-0.021129,0.221163,0.520789,-0.273983,-1.033975
746,0.161586,-0.016318,0.315529,-0.340727,0.838564,-0.425159,-0.835169,-0.477571,-0.272749,-0.431345,0.261101,0.863594,0.013737,0.035367,-0.042535,-0.31071,0.306034,1.762144,-1.913358,-0.18883,-0.022061,0.313238,-0.779123,0.339686,0.526851,-0.156332,-0.919092,0.361612,0.608029,0.198957,0.768492,7e-06,0.000103,0.000111,-1e-06,-1e-06,1e-06,0.524127,0.033051,0.03346,-0.024508,0.669204,-0.297502,0.680924,0.155394,0.952124,0.263272,-0.726648,-0.070371,0.683395,-6e-06,-7.9e-05,-7.8e-05,0.001506,0.002871,-0.003209,0.521916,0.082281,0.02983,-0.066841,0.463021,-0.786413,-0.408857,0.775995,0.582571,-0.241745,0.4283,-0.205338,0.879996,0.014155,0.017345,-0.021807,-2.145928,-1.136323,4.670315,-1.035444
747,0.162269,-0.015346,0.313977,-0.305894,0.861087,-0.406208,-0.853609,-0.436941,-0.283558,-0.421284,0.25893,0.869196,0.01332,0.030896,-0.047208,-0.404477,-0.049579,1.538217,-1.912877,-0.188826,-0.021974,0.31315,-0.780939,0.341615,0.522899,-0.157353,-0.917679,0.364745,0.605428,0.202141,0.769713,-0.000643,0.010865,-0.008478,0.036393,-0.011761,0.017567,0.521456,0.033054,0.033497,-0.024552,0.67147,-0.299988,0.677593,0.155807,0.951107,0.266681,-0.724465,-0.073495,0.685381,0.007383,-0.00014,-0.000688,-0.008777,0.089333,-0.143473,0.520773,0.082623,0.030323,-0.06761,0.430653,-0.81444,-0.388875,0.800167,0.543854,-0.25289,0.417455,-0.202257,0.885901,0.006652,0.010002,-0.019482,-1.985437,-1.070444,4.916368,-1.032179
748,0.16295,-0.014311,0.312132,-0.282246,0.876334,-0.390411,-0.863366,-0.409391,-0.294906,-0.417923,0.252739,0.872634,0.027773,0.028357,-0.050148,0.241757,0.326795,0.081258,-1.912643,-0.188668,-0.021835,0.313014,-0.781927,0.342941,0.52055,-0.158436,-0.916882,0.366278,0.603868,0.203505,0.77058,-1e-06,-1.8e-05,-1.9e-05,-0.0,0.0,0.0,0.520276,0.033132,0.033569,-0.024624,0.672714,-0.301644,0.675622,0.156613,0.950485,0.268422,-0.723137,-0.07476,0.686645,3e-06,-6e-06,-7e-06,1.2e-05,0.000214,-0.000376,0.519956,0.082958,0.030839,-0.068533,0.407136,-0.83321,-0.374165,0.81474,0.516465,-0.263556,0.412841,-0.197544,0.889121,0.006591,0.014323,-0.024806,0.263449,0.395944,0.080528,-1.029403
749,0.163218,-0.013626,0.311074,-0.263909,0.884835,-0.384011,-0.871981,-0.388985,-0.297173,-0.412003,0.25532,0.874695,0.013132,0.029029,-0.049235,0.151249,0.210623,0.129873,-1.911759,-0.188606,-0.021745,0.312955,-0.780404,0.344437,0.521846,-0.158508,-0.916215,0.367911,0.605817,0.203976,0.768923,-0.00055,0.012298,-0.006937,-0.064331,0.107075,0.1299,0.518872,0.033163,0.033606,-0.024654,0.671127,-0.302649,0.67675,0.156306,0.950118,0.269894,-0.724676,-0.075353,0.684956,3e-06,3e-06,1e-06,-0.153192,0.192869,0.123285,0.518976,0.083097,0.03118,-0.069065,0.389892,-0.844017,-0.368264,0.825935,0.49736,-0.26545,0.407204,-0.200666,0.89102,0.006581,0.020118,-0.02866,0.060856,0.103402,0.463807,-1.024014
750,0.163822,-0.012246,0.308799,-0.241898,0.894276,-0.376566,-0.878203,-0.366749,-0.306965,-0.412323,0.255332,0.874541,0.02728,0.034869,-0.063304,0.214641,0.030785,0.16495,-1.9102,-0.188682,-0.021493,0.312838,-0.779793,0.346864,0.521152,-0.159236,-0.91489,0.370883,0.606414,0.205796,0.767967,6.1e-05,0.000915,0.000983,-0.014581,0.01904,0.012507,0.521367,0.033125,0.033739,-0.024714,0.670084,-0.305523,0.676492,0.156514,0.94903,0.273576,-0.725596,-0.077439,0.683748,-0.007662,0.006083,-0.002996,0.030178,0.104433,-0.182412,0.518813,0.083394,0.031873,-0.070191,0.369057,-0.856187,-0.361578,0.835321,0.476131,-0.274841,0.407474,-0.200601,0.890911,0.006309,0.016946,-0.032045,0.20546,0.046292,0.111453,-1.018462
751,0.165098,-0.010458,0.305623,-0.235166,0.895747,-0.377332,-0.880426,-0.360719,-0.307739,-0.411482,0.258727,0.873939,0.041005,0.060245,-0.096712,-2.133715,1.088199,-0.502827,-1.910639,-0.189087,-0.021167,0.312643,-0.776287,0.352819,0.522387,-0.160528,-0.911921,0.377578,0.610558,0.208814,0.763858,-0.015442,0.010307,-0.007994,-0.1348,0.224292,0.13369,0.520947,0.032929,0.033902,-0.024804,0.666771,-0.310522,0.677489,0.156681,0.947152,0.279918,-0.728606,-0.080491,0.680186,-0.00773,0.004991,-0.004166,-0.237953,0.342028,0.202896,0.51865,0.084027,0.032763,-0.07176,0.361605,-0.858326,-0.364028,0.837533,0.470593,-0.277632,0.409608,-0.204492,0.889045,0.020579,0.024262,-0.044604,0.214055,-0.193707,0.042254,-1.015033
752,0.166899,-0.008279,0.301716,-0.231178,0.896268,-0.378557,-0.88358,-0.356214,-0.303924,-0.406965,0.263108,0.874746,0.040514,0.054884,-0.102835,0.240643,-0.005575,-0.093104,-1.910858,-0.189696,-0.020867,0.312373,-0.773251,0.355668,0.524952,-0.160864,-0.910727,0.380306,0.614313,0.209186,0.76074,-0.029622,-0.001432,0.000597,-0.033051,0.068267,-0.03352,0.519769,0.032629,0.034054,-0.024944,0.662438,-0.313578,0.680326,0.156474,0.946059,0.283701,-0.732591,-0.081481,0.675773,-0.007744,0.004689,-0.00449,0.033007,0.013589,-0.001455,0.517833,0.084927,0.033853,-0.073712,0.358855,-0.859156,-0.364791,0.841887,0.466692,-0.270967,0.403048,-0.209875,0.890787,0.027631,0.0272,-0.05182,0.224777,-0.091325,0.128501,-1.014217
753,0.167986,-0.007222,0.299671,-0.232713,0.895881,-0.378532,-0.884439,-0.356762,-0.300765,-0.404214,0.26368,0.875848,0.05506,0.053948,-0.104394,-0.055614,-0.331167,-0.113496,-1.910698,-0.190042,-0.020696,0.312204,-0.77168,0.356893,0.52643,-0.160888,-0.910235,0.381471,0.61628,0.209234,0.759133,-0.015507,0.009167,-0.009232,0.019394,0.022835,0.001144,0.516883,0.032451,0.034136,-0.025025,0.660599,-0.314497,0.681689,0.15628,0.94574,0.284872,-0.734292,-0.081652,0.673904,-0.015143,0.004381,-0.004292,0.032166,0.126431,-0.238632,0.515547,0.085465,0.034378,-0.074738,0.360239,-0.85944,-0.362751,0.84253,0.466682,-0.268981,0.400463,-0.208731,0.892221,0.027541,0.026168,-0.053085,-0.731688,-0.156348,-0.580668,-1.015686
754,0.170851,-0.005132,0.295308,-0.239304,0.893034,-0.381142,-0.887565,-0.360287,-0.287041,-0.393369,0.268485,0.87932,0.083806,0.060226,-0.119216,-0.593717,-0.294926,-0.336467,-1.910537,-0.190721,-0.020294,0.311899,-0.768108,0.362696,0.527686,-0.162205,-0.907341,0.387755,0.620385,0.211795,0.755068,-0.015361,0.01102,-0.00725,-0.015759,0.068782,0.031611,0.515516,0.032111,0.034333,-0.025182,0.656489,-0.319957,0.683116,0.15641,0.943644,0.291669,-0.73794,-0.084631,0.669537,-0.007672,0.005557,-0.003561,0.009946,0.044824,0.019207,0.511791,0.086887,0.035423,-0.076912,0.3662,-0.855974,-0.364971,0.844545,0.470403,-0.255856,0.39069,-0.21454,0.895171,0.042004,0.023633,-0.056604,-2.093083,1.250553,-0.623409,-1.008012
755,0.174035,-0.003043,0.290669,-0.247052,0.885346,-0.39392,-0.886054,-0.370902,-0.278047,-0.391975,0.27924,0.876589,0.069223,0.046699,-0.114484,0.076732,-0.515513,-0.393184,-1.900264,-0.191475,-0.01972,0.311616,-0.760968,0.375,0.529428,-0.164792,-0.90089,0.401466,0.628453,0.217791,0.746644,-0.015215,0.012687,-0.00547,-0.328864,0.478391,0.303888,0.515875,0.031734,0.034619,-0.025324,0.649843,-0.330459,0.68447,0.156708,0.939442,0.304778,-0.743737,-0.090796,0.662276,-0.01525,0.012153,-0.006028,-0.313162,0.523088,0.319965,0.511628,0.088484,0.036469,-0.079236,0.373586,-0.846974,-0.378242,0.841533,0.480996,-0.245893,0.390199,-0.226441,0.89245,0.041896,0.028892,-0.061498,0.017814,-0.796508,-0.487567,-1.006379
756,0.175466,-0.002049,0.28843,-0.254394,0.8791,-0.403128,-0.884685,-0.379858,-0.270205,-0.39036,0.286807,0.874864,0.069364,0.049254,-0.112056,0.005843,-0.546792,-0.666403,-1.906404,-0.191855,-0.019333,0.311423,-0.757472,0.38154,0.529768,-0.166634,-0.897465,0.408317,0.63218,0.220537,0.742681,-0.015763,0.024105,-0.013343,-0.18984,0.331311,0.232131,0.516191,0.031544,0.034809,-0.025417,0.645128,-0.337408,0.685539,0.157098,0.93662,0.313147,-0.747749,-0.094323,0.657246,-0.007566,0.006718,-0.002323,-0.323304,0.460962,0.284439,0.511465,0.089198,0.036959,-0.080363,0.380205,-0.840098,-0.386883,0.838834,0.489415,-0.238388,0.389616,-0.233895,0.890781,0.041972,0.030515,-0.059891,0.016928,-0.654235,-0.659241,-1.007032
757,0.178529,0.000347,0.284077,-0.292236,0.854586,-0.429334,-0.87778,-0.41782,-0.23431,-0.379267,0.307322,0.872776,0.084026,0.06986,-0.110353,-2.333662,0.686481,-1.679444,-1.898893,-0.192691,-0.018531,0.311059,-0.743775,0.397389,0.537468,-0.168891,-0.889617,0.424252,0.647658,0.22428,0.72808,-0.030412,0.024438,-0.011976,-0.404944,0.53369,0.567902,0.518291,0.031138,0.035206,-0.025596,0.630841,-0.350267,0.692351,0.156616,0.931423,0.328514,-0.75994,-0.098807,0.642438,-0.015171,0.012606,-0.00556,-0.229669,0.382414,0.262513,0.513914,0.090724,0.038139,-0.082553,0.414276,-0.810682,-0.413727,0.825231,0.526301,-0.20494,0.383886,-0.256518,0.887033,0.042109,0.03527,-0.054812,-0.206257,-1.061984,-1.123583,-1.004093
758,0.181537,0.003306,0.279948,-0.331398,0.821692,-0.463728,-0.867662,-0.458416,-0.192329,-0.370211,0.337597,0.865448,0.069388,0.078464,-0.100185,-0.154022,-0.581049,-1.353662,-1.842779,-0.19366,-0.017819,0.310818,-0.728136,0.414707,0.545736,-0.170286,-0.880581,0.442167,0.664839,0.22851,0.71108,-0.029616,0.015447,-0.001547,-0.387054,0.549318,0.350197,0.517787,0.030636,0.035573,-0.025727,0.61148,-0.367168,0.700913,0.154536,0.924177,0.349305,-0.776022,-0.105277,0.621856,-0.014801,0.007781,-0.000696,-0.413355,0.578192,0.367608,0.515057,0.092213,0.039583,-0.084587,0.450539,-0.773831,-0.445195,0.809458,0.564419,-0.161889,0.376551,-0.28743,0.880677,0.034779,0.039036,-0.05037,-0.319057,-0.999019,-1.656458,-1.008502
759,0.182653,0.004782,0.278064,-0.35392,0.800404,-0.48388,-0.858674,-0.483078,-0.171135,-0.370296,0.353929,0.858861,0.055022,0.06821,-0.090754,-0.45975,-1.101274,-1.781471,-1.83094,-0.194305,-0.017435,0.310762,-0.718725,0.425476,0.549905,-0.171164,-0.874731,0.453301,0.674779,0.231145,0.700791,-0.029452,0.017008,9.7e-05,-0.494624,0.686746,0.443396,0.518046,0.030324,0.035758,-0.025757,0.601914,-0.376111,0.704443,0.153639,0.920202,0.36003,-0.783641,-0.108477,0.611668,-0.022082,0.008418,0.00047,-0.532374,0.673179,0.638023,0.515057,0.092777,0.040328,-0.085529,0.470214,-0.751735,-0.462375,0.797079,0.58665,-0.143191,0.378895,-0.30122,0.875044,0.027425,0.039919,-0.049073,-0.181703,-0.441263,-1.551039,-1.008665
760,0.1845,0.007632,0.274487,-0.407573,0.740973,-0.533751,-0.832369,-0.541785,-0.116627,-0.375096,0.395819,0.838247,0.054466,0.081744,-0.095989,-0.806844,-1.663091,-2.42815,-1.863278,-0.195604,-0.016531,0.310792,-0.699603,0.443828,0.559967,-0.171981,-0.865142,0.471047,0.694382,0.232689,0.680847,-0.029391,0.033962,-0.001925,-0.407529,0.752781,0.505333,0.501545,0.029664,0.036211,-0.025746,0.579921,-0.392581,0.713842,0.151137,0.912866,0.379252,-0.80053,-0.112048,0.588724,-0.014678,0.017218,-0.000687,-0.500145,0.863925,0.551697,0.508199,0.093742,0.041813,-0.087383,0.518954,-0.684571,-0.511905,0.760693,0.643016,-0.088739,0.389912,-0.343351,0.854445,0.027338,0.041027,-0.047891,-0.893922,-1.794518,-2.510924,-1.03871
761,0.186388,0.010993,0.271057,-0.445471,0.642675,-0.623354,-0.796804,-0.602029,-0.05135,-0.407732,0.473013,0.781051,0.054255,0.091618,-0.083997,-0.971652,-3.186419,-2.569922,-1.863933,-0.196747,-0.014723,0.31066,-0.709133,0.408546,0.574642,-0.106783,-0.867738,0.485349,0.697803,0.282303,0.658209,-0.029221,0.050893,-0.004043,-2.915495,-0.50157,-5.099124,0.447972,0.029103,0.037096,-0.02581,0.587339,-0.361969,0.723885,0.090142,0.918105,0.385948,-0.804305,-0.16143,0.571868,-0.014837,0.031431,-0.005633,-0.67506,0.262204,0.355181,0.461008,0.094666,0.043451,-0.089078,0.546922,-0.585651,-0.598236,0.716358,0.697185,-0.027606,0.433249,-0.413453,0.800843,0.02724,0.045799,-0.042086,0.450071,-3.952156,-1.560952,-1.059285
762,0.188484,0.014808,0.267837,-0.469343,0.523742,-0.710954,-0.764851,-0.643447,0.030838,-0.440733,0.557594,0.70347,0.039367,0.097434,-0.075993,-1.299933,-2.880439,-1.946987,-1.901619,-0.197494,-0.012402,0.310204,-0.699415,0.37488,0.608502,-0.039535,-0.87028,0.490901,0.71446,0.318817,0.622708,-0.014731,0.048091,-0.008031,-0.761886,0.971725,0.075765,0.408838,0.028725,0.038247,-0.026019,0.578256,-0.318495,0.751119,0.019642,0.925821,0.377451,-0.815618,-0.20351,0.541617,-0.007511,0.030072,-0.007615,-3.861373,-2.03188,-2.956893,0.397815,0.0957,0.045321,-0.09066,0.559686,-0.464341,-0.686394,0.675591,0.735338,0.053426,0.479924,-0.493624,0.725263,0.02001,0.042447,-0.035015,-1.284066,-2.685612,-2.144805,-1.062224
763,0.189226,0.016588,0.266548,-0.482431,0.457967,-0.746707,-0.740349,-0.668743,0.068101,-0.467574,0.585105,0.66261,0.039632,0.090557,-0.062808,0.068788,-2.871815,-2.748806,-1.912821,-0.197757,-0.011412,0.309921,-0.689367,0.362608,0.62712,-0.014398,-0.872283,0.488721,0.725091,0.327425,0.605722,-0.015424,0.056645,-0.018885,0.087248,2.291362,-1.410963,0.398712,0.028594,0.038765,-0.026158,0.565854,-0.30409,0.76638,-0.006292,0.927883,0.372818,-0.824481,-0.215782,0.523133,-0.007525,0.022017,-0.006144,-0.739514,0.944031,0.01006,0.375444,0.096092,0.046246,-0.091344,0.565362,-0.395182,-0.724014,0.647189,0.756716,0.09234,0.511382,-0.52078,0.683576,0.012746,0.045528,-0.030808,2.910301,-3.286124,-5.245355,-1.071205
764,0.189837,0.020632,0.264527,-0.511634,0.316971,-0.798628,-0.690591,-0.704695,0.162665,-0.5106,0.634353,0.580441,0.011112,0.091646,-0.038112,-1.153394,-2.640615,-2.611337,-1.906721,-0.198354,-0.009918,0.309178,-0.679737,0.34189,0.648891,0.031305,-0.870275,0.491503,0.733591,0.353978,0.580007,-0.0155,0.022197,-0.01539,-3.745104,-2.565412,-2.847868,0.371195,0.028302,0.039523,-0.026511,0.549833,-0.283245,0.785783,-0.047923,0.928501,0.368222,-0.833898,-0.240118,0.496947,-0.007796,0.010512,-0.008299,-0.261258,0.229432,0.376436,0.343766,0.096408,0.048264,-0.092369,0.578904,-0.253283,-0.775059,0.588654,0.787559,0.182307,0.564229,-0.561781,0.605017,-0.00172,0.052241,-0.02154,-0.587871,-0.901222,-4.3486,-1.06549
765,0.189731,0.024471,0.263192,-0.531506,0.190099,-0.825475,-0.647606,-0.719338,0.251259,-0.545377,0.667889,0.506473,-0.003199,0.097121,-0.030346,-0.577495,-2.497905,-2.016349,-1.843098,-0.198926,-0.00942,0.308338,-0.691085,0.303636,0.655895,0.08541,-0.866702,0.491393,0.718521,0.395232,0.572174,-0.01655,0.011075,-0.027068,-0.482462,-1.741137,1.758014,0.281,0.028011,0.039791,-0.026933,0.563155,-0.240028,0.790722,-0.106925,0.927674,0.357753,-0.819403,-0.286018,0.496759,-0.000807,-0.000432,-0.01034,-0.287218,-0.15766,-0.472826,0.266366,0.096361,0.050188,-0.09303,0.583863,-0.122434,-0.802566,0.540177,0.796567,0.271457,0.606063,-0.592021,0.531222,-0.008638,0.049035,-0.014219,0.373962,-2.784134,-2.607941,-1.048018
766,0.189394,0.02635,0.262679,-0.532786,0.11552,-0.838355,-0.617841,-0.730061,0.291985,-0.577664,0.673389,0.461387,-0.031495,0.099201,-0.026211,3.530723,-4.221773,-4.573227,-1.8346,-0.199083,-0.00934,0.30785,-0.698092,0.291807,0.653841,0.099717,-0.86455,0.492488,0.709849,0.408634,0.573582,-0.002164,0.009816,-0.029328,-0.06818,-0.446973,0.454996,0.236461,0.027925,0.039828,-0.027195,0.573016,-0.229779,0.786672,-0.120584,0.925805,0.358251,-0.810624,-0.300144,0.502793,-0.001111,0.004494,-0.015088,-0.074974,-0.505549,0.514684,0.197947,0.096192,0.051166,-0.093297,0.575799,-0.048412,-0.816156,0.508547,0.802845,0.311157,0.640184,-0.594218,0.486897,-0.015673,0.049891,-0.012668,3.466739,-4.289958,-4.626856,-1.038384
767,0.188141,0.030128,0.261933,-0.52084,-0.01173,-0.8536,-0.578592,-0.73036,0.363013,-0.627052,0.68297,0.37468,-0.045119,0.106648,-0.016337,-0.841398,-2.105202,-1.629488,-1.876964,-0.199202,-0.009226,0.306571,-0.698911,0.286528,0.655299,0.104425,-0.86543,0.489959,0.708363,0.410507,0.574081,-0.003037,0.000886,-0.038883,0.06765,0.020727,-0.038814,0.133158,0.027869,0.03989,-0.027799,0.574061,-0.224523,0.787428,-0.1247,0.92648,0.355082,-0.809261,-0.302031,0.503857,-0.001504,0.000423,-0.019451,0.069496,0.021858,-0.037758,0.061273,0.095582,0.05301,-0.093669,0.548364,0.077405,-0.832649,0.465402,0.799003,0.38078,0.694764,-0.596323,0.40212,-0.022535,0.053564,-0.00787,-0.783935,-1.838568,-1.67006,-1.051284
768,0.186159,0.034996,0.261596,-0.502175,-0.113164,-0.857356,-0.563289,-0.709447,0.423512,-0.655557,0.695755,0.293594,-0.0585,0.131566,-0.006801,-0.692542,-1.933718,-1.491255,-1.865849,-0.199387,-0.009599,0.304949,-0.70467,0.290005,0.647556,0.099058,-0.863395,0.49464,0.703413,0.412339,0.578835,-0.003452,-0.019145,-0.04058,-0.397808,-1.774343,1.954707,0.123716,0.027775,0.039709,-0.028626,0.578926,-0.227909,0.78288,-0.120949,0.925517,0.358872,-0.806359,-0.302449,0.50824,-0.001963,-0.004193,-0.024524,0.068486,0.041433,-0.066749,-0.003227,0.094618,0.055383,-0.093842,0.517722,0.173377,-0.837796,0.450644,0.777131,0.439301,0.727242,-0.604985,0.324207,-0.029234,0.066818,-0.002137,-0.753388,-2.057473,-1.562772,-1.057815
