frame,MLTx,MLTy,MLTz,MLTR1,MLTR2,MLTR3,MLTR4,MLTR5,MLTR6,MLTR7,MLTR8,MLTR9,MLTTVx,MLTTVy,MLTTVz,MLTRVx,MLTRVy,MLTRVz,MLGA,MRTx,MRTy,MRTz,MRTR1,MRTR2,MRTR3,MRTR4,MRTR5,MRTR6,MRTR7,MRTR8,MRTR9,MRTTVx,MRTTVy,MRTTVz,MRTRVx,MRTRVy,MRTRVz,MRGA,SLTx,SLTy,SLTz,SLTR1,SLTR2,SLTR3,SLTR4,SLTR5,SLTR6,SLTR7,SLTR8,SLTR9,SLTTVx,SLTTVy,SLTTVz,SLTRVx,SLTRVy,SLTRVz,SLGA,SRTx,SRTy,SRTz,SRTR1,SRTR2,SRTR3,SRTR4,SRTR5,SRTR6,SRTR7,SRTR8,SRTR9,SRTTVx,SRTTVy,SRTTVz,SRTRVx,SRTRVy,SRTRVz,SRGA
795,-0.006115,-0.001888,0.380163,-0.189692,0.55005,-0.813331,-0.490892,0.664281,0.563674,0.850565,0.505505,0.145023,-0.001724,-0.00267,-0.002533,-0.096579,-0.151405,-0.097724,0.251232,-0.213196,0.009906,0.356124,-0.168049,-0.778516,0.604701,0.176486,0.579641,0.795489,-0.96957,0.241371,0.039208,0.0132,-0.000713,-0.001294,0.002045,-0.015205,0.029245,-1.408842,0.023026,0.052524,-0.016348,0.074223,0.775483,0.626989,-0.213813,-0.601728,0.769549,0.974049,-0.191177,0.121146,1e-06,9e-06,3e-06,0.002416,-0.005922,0.019594,-0.866844,0.01139,0.051941,-0.036312,0.178623,-0.56522,-0.805369,0.475255,-0.66715,0.573622,-0.861525,-0.485218,0.149455,-0.007406,0.001563,0.00048,-0.110233,-0.175652,-0.112311,0.129894
796,-0.006571,-0.001769,0.37995,-0.211721,0.542495,-0.812969,-0.495761,0.657256,0.567634,0.842531,0.52255,0.130809,-0.016859,1.8e-05,-0.002051,-0.274323,-0.435082,-0.258122,0.247699,-0.212848,0.009918,0.356087,-0.168314,-0.777397,0.606066,0.175737,0.58121,0.79451,-0.96966,0.241202,0.038009,4e-06,2.9e-05,2.1e-05,-0.0,0.0,0.0,-1.408177,0.0232,0.05253,-0.016366,0.074531,0.774293,0.628422,-0.212938,-0.603284,0.768573,0.974218,-0.191098,0.119913,0.006603,-0.000341,-0.000641,-0.01638,0.006829,0.027841,-0.863579,0.011163,0.052004,-0.036422,0.198804,-0.558619,-0.805245,0.481365,-0.660048,0.576735,-0.853676,-0.502275,0.137679,-0.000866,0.002194,-0.007353,-0.253851,-0.406707,-0.407427,0.124505
797,-0.007206,-0.001808,0.379935,-0.219133,0.53771,-0.814183,-0.496753,0.656739,0.567364,0.840056,0.528114,0.124214,-0.018816,-0.010029,0.007295,-0.048511,0.026739,-0.079243,0.25243,-0.212549,0.009932,0.356055,-0.168664,-0.776104,0.607623,0.175013,0.582967,0.793381,-0.969729,0.241122,0.036718,0.000161,0.001292,0.000942,-0.0,0.0,-0.0,-1.408204,0.023354,0.052535,-0.016384,0.074798,0.772996,0.629985,-0.21212,-0.604963,0.767478,0.974376,-0.191039,0.118718,9.1e-05,0.00073,0.000527,-0.001515,-0.005038,0.02119,-0.864068,0.010838,0.051982,-0.036432,0.208217,-0.553682,-0.806276,0.481243,-0.659662,0.577278,-0.851498,-0.508214,0.129102,-0.009452,-0.005088,0.003591,-0.018697,0.072003,-0.064024,0.124995
798,-0.007574,-0.001826,0.37997,-0.224403,0.531008,-0.817141,-0.504933,0.653835,0.563485,0.833769,0.538395,0.122423,-0.017917,-0.008618,0.008629,1.31878,-0.904574,-0.225238,0.254811,-0.212438,0.009948,0.35606,-0.168612,-0.776223,0.607487,0.174996,0.582834,0.793483,-0.969742,0.241064,0.036779,0.000101,0.000818,0.000597,-0.0,0.0,0.0,-1.408314,0.02341,0.052544,-0.01638,0.074942,0.773144,0.629786,-0.211921,-0.604786,0.767672,0.974408,-0.190996,0.118522,6.4e-05,0.000511,0.000366,-0.001446,-0.004551,0.01592,-0.864722,0.010659,0.051973,-0.036421,0.212329,-0.547528,-0.8094,0.488555,-0.657859,0.573178,-0.846303,-0.51714,0.127814,-0.008368,0.000298,-0.001096,4.515156,-3.192911,-0.493548,0.129241
799,-0.008458,-0.001823,0.380125,-0.225174,0.524336,-0.821227,-0.504006,0.658662,0.558672,0.834123,0.539056,0.116982,-0.01583,0.001708,-0.000494,-0.107935,-0.164897,-0.108005,0.255435,-0.212264,0.009989,0.356079,-0.168988,-0.774866,0.609112,0.174231,0.584671,0.7923,-0.969813,0.240978,0.035416,0.013252,-0.000252,-0.000963,0.013702,-0.113068,0.201982,-1.408227,0.023497,0.052567,-0.016369,0.075091,0.771678,0.631564,-0.211199,-0.606677,0.766379,0.974553,-0.190934,0.117422,0.006622,-0.000163,-0.000511,-0.019058,0.009781,0.018093,-0.865048,0.010226,0.051967,-0.036341,0.213347,-0.540722,-0.813696,0.489034,-0.661913,0.568081,-0.845771,-0.519124,0.123214,-0.007976,0.000764,-0.000318,-0.21147,-0.312419,-0.181519,0.133649
800,-0.009283,-0.001694,0.380315,-0.224401,0.521661,-0.82314,-0.504252,0.660656,0.55609,0.834182,0.539215,0.115826,-0.013833,0.004773,0.002426,-0.001007,0.014676,-0.02957,0.264991,-0.212152,0.010044,0.356064,-0.168948,-0.774944,0.609024,0.174322,0.58456,0.792361,-0.969804,0.240997,0.035543,6e-05,0.000486,0.000354,-0.011657,0.097881,-0.172726,-1.408569,0.023553,0.052593,-0.016378,0.075242,0.771975,0.631183,-0.210911,-0.606336,0.766727,0.974604,-0.190814,0.117196,0.006495,0.005376,-0.004707,-0.042479,0.028895,0.021172,-0.865701,0.0098,0.05203,-0.03625,0.213327,-0.538019,-0.815491,0.488807,-0.663942,0.565903,-0.845906,-0.519341,0.12135,-0.013522,0.005251,0.002898,0.006867,-0.050917,0.121934,0.137405
801,-0.010025,-0.001427,0.380552,-0.224274,0.521678,-0.823164,-0.504149,0.660766,0.556052,0.834278,0.539063,0.11584,-0.026376,0.011512,0.006716,-0.001969,0.029429,-0.059106,0.277948,-0.212174,0.010143,0.355989,-0.16897,-0.774843,0.609146,0.174644,0.584603,0.792258,-0.969742,0.241215,0.035754,0.0,0.0,0.0,-0.0,0.0,0.0,-1.40804,0.023542,0.052643,-0.016415,0.075422,0.771894,0.631261,-0.210747,-0.606424,0.766703,0.974626,-0.190863,0.116937,-0.0,-1.8e-05,-1.1e-05,0.000274,-0.00032,0.001146,-0.866355,0.009435,0.052163,-0.036131,0.213146,-0.538032,-0.81553,0.488685,-0.664085,0.565841,-0.846022,-0.519145,0.121381,-0.006498,0.003028,0.001833,-0.001941,0.015444,-0.029419,0.154551
802,-0.010373,-0.001295,0.380665,-0.224233,0.521813,-0.823089,-0.504069,0.660744,0.55615,0.834337,0.538959,0.115898,-0.013232,0.005692,0.003292,-0.000984,0.014715,-0.029553,0.284482,-0.212178,0.01021,0.355915,-0.169007,-0.774727,0.609283,0.174917,0.584675,0.792145,-0.969687,0.241415,0.035912,-0.000348,0.010284,-0.008964,0.024576,0.084698,-0.155851,-1.408145,0.02354,0.052677,-0.016452,0.075581,0.771867,0.631275,-0.210634,-0.606441,0.766721,0.974638,-0.190917,0.116746,-0.000177,0.005104,-0.00451,-0.019541,0.015324,0.01348,-0.864068,0.009257,0.052233,-0.036071,0.213092,-0.538191,-0.815439,0.488587,-0.664059,0.565958,-0.846093,-0.519014,0.121447,-0.013228,0.005703,0.003313,0.005746,-0.053762,0.121215,0.163368
803,-0.010872,-0.001154,0.380905,-0.217876,0.524612,-0.823018,-0.495941,0.666784,0.55625,0.840861,0.528716,0.115929,-0.013819,-0.002257,0.014659,-0.070274,0.062883,-0.037697,0.303278,-0.21224,0.010304,0.355839,-0.169065,-0.774551,0.609491,0.175249,0.584803,0.791977,-0.969616,0.241671,0.036083,-0.0,-2e-06,-2e-06,0.0,0.0,0.0,-1.408461,0.023509,0.052723,-0.016491,0.07581,0.771666,0.631492,-0.210618,-0.606633,0.766574,0.974624,-0.191118,0.116538,3e-06,9e-06,9e-06,0.00199,0.000463,0.004769,-0.865048,0.009006,0.052303,-0.035959,0.206737,-0.540805,-0.815346,0.480408,-0.669862,0.566119,-0.85233,-0.508737,0.121321,-0.005744,0.00416,0.002914,-0.413714,0.282509,0.054918,0.189658
804,-0.010995,-0.000903,0.381122,-0.202244,0.531068,-0.822866,-0.475913,0.681058,0.556452,0.856186,0.503498,0.11603,0.003295,0.004948,0.004735,-0.009807,-0.004657,0.027671,0.287964,-0.212252,0.010354,0.355801,-0.169076,-0.774501,0.609552,0.17541,0.584824,0.791925,-0.969585,0.24178,0.036188,-0.0,-0.0,-0.0,0.0,0.0,0.0,-1.408171,0.023503,0.052748,-0.01651,0.075984,0.771639,0.631505,-0.210606,-0.606627,0.766582,0.974613,-0.191247,0.116417,2e-06,3e-06,6e-06,0.00179,0.000444,0.004131,-0.864558,0.008937,0.052426,-0.035847,0.190824,-0.546993,-0.815097,0.459876,-0.68378,0.566531,-0.867236,-0.482952,0.121068,0.001592,0.002388,0.002304,-0.036334,0.025424,0.005563,0.193087
805,-0.011182,-0.000593,0.381327,-0.202265,0.531138,-0.822816,-0.475961,0.680973,0.556514,0.856154,0.503538,0.116093,0.002246,0.003369,0.003218,0.001243,-0.012132,0.026111,0.276093,-0.212183,0.01036,0.355776,-0.169568,-0.772894,0.611451,0.174732,0.586917,0.790526,-0.969621,0.241848,0.034738,-1.5e-05,-0.000124,-9e-05,-0.0,0.0,-0.0,-1.408308,0.023537,0.052751,-0.016522,0.07608,0.769985,0.633509,-0.210199,-0.608687,0.765059,0.974693,-0.191369,0.115541,-8e-06,-7.2e-05,-5.3e-05,0.001967,-0.000989,0.00617,-0.863579,0.008848,0.052586,-0.035739,0.190838,-0.547063,-0.815047,0.459933,-0.683693,0.566589,-0.867203,-0.482994,0.121137,-0.005774,0.004101,0.002847,-0.000677,0.014498,-0.02959,0.170716
806,-0.011321,-0.000491,0.38144,-0.202229,0.531252,-0.822752,-0.475881,0.680958,0.556601,0.856207,0.503439,0.116132,-0.011341,0.008502,0.00596,-0.000984,0.014715,-0.029553,0.281741,-0.212126,0.010351,0.355754,-0.169531,-0.77297,0.611365,0.174747,0.586826,0.79059,-0.969625,0.241824,0.034799,-6.2e-05,-0.000502,-0.000366,0.0,0.0,0.0,-1.408178,0.023566,0.052746,-0.016533,0.076154,0.770061,0.633408,-0.21015,-0.608588,0.765151,0.974698,-0.19138,0.115482,-3.1e-05,-0.000263,-0.000193,0.002445,-0.001711,0.005241,-0.862272,0.008784,0.052636,-0.035683,0.190802,-0.547135,-0.815008,0.459868,-0.683695,0.566641,-0.867246,-0.482912,0.12116,0.001068,0.001606,0.00154,0.001479,-0.012327,0.026069,0.169083
807,-0.011405,-0.000278,0.381629,-0.195905,0.533672,-0.822715,-0.467755,0.686527,0.556648,0.862128,0.493222,0.116163,0.002907,0.004355,0.004151,-0.000298,0.000202,4.2e-05,0.293923,-0.212001,0.010332,0.355708,-0.1701,-0.771224,0.613408,0.174089,0.589059,0.789073,-0.969643,0.241967,0.033271,-8e-05,-0.000653,-0.000476,-0.029605,0.025751,-0.063414,-1.407688,0.023628,0.052737,-0.016556,0.07634,0.768261,0.635567,-0.209723,-0.610795,0.763507,0.974775,-0.19158,0.114494,0.006549,-0.000739,-0.00093,-0.065742,0.048108,-0.20377,-0.863252,0.008734,0.052741,-0.035591,0.184414,-0.549431,-0.814933,0.451596,-0.689078,0.566772,-0.872956,-0.472541,0.121046,0.001756,0.002633,0.002519,0.000981,-0.011373,0.026434,0.184106
808,-0.011349,-4e-06,0.381778,-0.192797,0.534535,-0.822889,-0.463891,0.689339,0.556406,0.864909,0.488346,0.116092,0.002886,0.004325,0.004113,0.001243,-0.012134,0.02611,0.270478,-0.211874,0.010321,0.35558,-0.169961,-0.771477,0.61313,0.174283,0.588731,0.789275,-0.969633,0.241963,0.033603,-0.000382,-0.003126,-0.002281,-0.001686,0.014219,-0.025008,-1.40791,0.023693,0.052736,-0.016617,0.07652,0.768501,0.635255,-0.209567,-0.610495,0.76379,0.974794,-0.191574,0.114337,-0.000128,-0.001068,-0.00078,0.0065,-0.007117,0.012083,-0.863579,0.008764,0.05288,-0.035514,0.181286,-0.550241,-0.815088,0.447671,-0.691795,0.566577,-0.875628,-0.467604,0.120915,-0.005357,0.004709,0.003412,-0.00056,0.014454,-0.029613,0.173002
809,-0.011374,6e-05,0.381816,-0.192796,0.534392,-0.822983,-0.463949,0.689405,0.556278,0.864878,0.488411,0.116045,0.000568,0.000851,0.000809,-0.0,-0.0,-0.0,0.264754,-0.211841,0.010341,0.355494,-0.169914,-0.771536,0.613067,0.17448,0.58862,0.789315,-0.969606,0.242043,0.033811,-0.000283,-0.002321,-0.001694,0.0,0.0,0.0,-1.407901,0.023709,0.052743,-0.016662,0.076605,0.768602,0.635123,-0.209508,-0.610365,0.76391,0.9748,-0.191583,0.114271,-0.000146,-0.001218,-0.000889,0.006685,-0.005284,0.005673,-0.863252,0.008756,0.052919,-0.035489,0.181291,-0.55008,-0.815196,0.447738,-0.691869,0.566433,-0.875593,-0.467684,0.120862,0.000225,0.000339,0.000327,0.000342,-0.000222,-4.9e-05,0.161409
810,-0.011466,1.6e-05,0.381821,-0.192742,0.534332,-0.823035,-0.46389,0.689499,0.556209,0.864922,0.488344,0.116005,-0.003168,-0.0118,0.007696,-0.033651,0.035478,-0.039407,0.261312,-0.211748,0.010494,0.35534,-0.169846,-0.771591,0.613018,0.17501,0.58844,0.789332,-0.969522,0.242308,0.034301,-0.00028,0.010888,-0.008516,0.036224,-0.01328,0.016819,-1.407748,0.023755,0.052812,-0.016738,0.077025,0.768709,0.634943,-0.209134,-0.610211,0.764136,0.974848,-0.191646,0.113761,9e-06,5.3e-05,3.9e-05,0.002896,1.6e-05,0.009088,-0.864068,0.008711,0.052901,-0.035489,0.181256,-0.549984,-0.815269,0.447714,-0.691962,0.566339,-0.875612,-0.46766,0.120813,-0.000445,-0.000667,-0.000633,0.000225,-0.00016,-3.5e-05,0.150632
811,-0.011374,8e-06,0.381757,-0.183278,0.53755,-0.8231,-0.451692,0.697624,0.556117,0.873384,0.47305,0.115978,0.000331,0.000496,0.000472,-4.548885,3.073397,0.640954,0.205631,-0.211703,0.010592,0.355236,-0.170273,-0.770049,0.614836,0.174631,0.590378,0.787967,-0.969515,0.242496,0.033155,-0.000127,-0.001046,-0.000764,-0.0,0.0,-0.0,-1.407807,0.023778,0.052865,-0.016787,0.077312,0.767181,0.636753,-0.208603,-0.612082,0.762784,0.974938,-0.191801,0.112715,-8.3e-05,-0.000699,-0.000512,0.006356,0.010596,-0.019045,-0.863905,0.008746,0.052888,-0.035523,0.174903,-0.552019,-0.815281,0.439471,-0.697213,0.566356,-0.881064,-0.45735,0.120652,0.000267,0.000397,0.000382,0.000591,-5.9e-05,9.3e-05,0.11879
812,-0.011282,3.8e-05,0.381725,-0.180141,0.538333,-0.823281,-0.447719,0.700378,0.555869,0.876075,0.46807,0.115885,0.013798,-0.004789,-0.002418,-0.121863,0.06823,0.046845,0.159298,-0.211695,0.010625,0.355198,-0.170236,-0.7701,0.614782,0.174752,0.590294,0.788003,-0.9695,0.242537,0.033293,-0.000315,0.010605,-0.008721,0.036224,-0.013285,0.016815,-1.407943,0.023782,0.052879,-0.016808,0.077415,0.767257,0.636649,-0.208577,-0.611971,0.762879,0.974936,-0.191849,0.112656,-1.8e-05,-0.000167,-0.000123,0.003332,0.000276,0.00534,-0.864232,0.008792,0.052903,-0.035539,0.16862,-0.553728,-0.815446,0.43135,-0.702415,0.56617,-0.886286,-0.447211,0.120409,0.000388,0.000576,0.000552,-0.41329,0.279015,0.058211,0.065231
813,-0.011277,8.3e-05,0.381669,-0.180217,0.538245,-0.823322,-0.447876,0.700326,0.555808,0.875979,0.46825,0.115886,-0.000397,-0.000594,-0.000565,-0.0,0.0,0.0,0.075472,-0.211762,0.01066,0.355103,-0.170254,-0.770009,0.61489,0.175021,0.590338,0.78791,-0.969448,0.24272,0.033466,-0.000204,-0.001673,-0.001222,0.0,0.0,0.0,-1.407845,0.023748,0.052902,-0.016857,0.077568,0.767205,0.636693,-0.208681,-0.611977,0.762846,0.974902,-0.192038,0.112632,-0.000108,-0.000903,-0.000659,0.006327,-0.001944,0.003782,-0.864068,0.008802,0.052927,-0.035565,0.168619,-0.553644,-0.815503,0.431419,-0.702439,0.566088,-0.886253,-0.447277,0.120408,-0.000319,-0.000479,-0.000454,0.000417,-0.000292,-5.3e-05,-0.054298
814,-0.011466,8.9e-05,0.381692,-0.180189,0.538624,-0.823081,-0.447732,0.700158,0.556136,0.876059,0.468066,0.116028,-0.000452,-0.000677,-0.000644,0.008552,-0.083792,0.180174,0.030219,-0.211766,0.010688,0.35505,-0.17028,-0.769933,0.614979,0.175185,0.590386,0.787838,-0.969414,0.242845,0.033556,-8e-06,-6.3e-05,-4.6e-05,0.0,0.0,0.0,-1.407667,0.023746,0.052913,-0.016886,0.077728,0.767157,0.636731,-0.208727,-0.611987,0.762825,0.974879,-0.192197,0.112558,2e-06,7e-06,5e-06,0.00195,0.001415,0.002523,-0.864395,0.008706,0.052928,-0.035555,0.168594,-0.554138,-0.815172,0.431262,-0.702184,0.566524,-0.886334,-0.447065,0.120595,-0.006877,0.002432,0.001246,-0.000705,0.014517,-0.029599,-0.14868
815,-0.011768,3e-06,0.381868,-0.179962,0.539338,-0.822663,-0.447161,0.700062,0.556715,0.876397,0.467386,0.116215,-0.000385,-0.000576,-0.000548,0.0,0.0,0.0,0.011723,-0.211746,0.010702,0.355047,-0.1703,-0.769894,0.615022,0.175217,0.590422,0.787804,-0.969405,0.242881,0.033556,3e-06,2.1e-05,1.5e-05,0.0,0.0,0.0,-1.407513,0.023756,0.052922,-0.016887,0.077896,0.767122,0.636753,-0.208748,-0.611986,0.762821,0.974861,-0.192342,0.112464,3e-06,2e-05,1.5e-05,0.001082,0.000752,0.001821,-0.863415,0.008555,0.052884,-0.035468,0.168353,-0.554716,-0.814829,0.430729,-0.702135,0.566991,-0.886639,-0.446425,0.120726,-0.000222,-0.000329,-0.00031,0.000187,-0.000134,-2.3e-05,-0.197177
816,-0.011839,-4.4e-05,0.381915,-0.179528,0.536691,-0.824487,-0.447312,0.701923,0.554245,0.876408,0.467644,0.115084,-0.000884,-0.00132,-0.001257,-0.001249,0.012124,-0.026115,0.003932,-0.211745,0.010694,0.355053,-0.170307,-0.769884,0.615033,0.175192,0.590439,0.787797,-0.969408,0.242873,0.033528,0.0,0.0,0.0,0.0,0.0,0.0,-1.408015,0.023756,0.052918,-0.016884,0.077894,0.767116,0.63676,-0.208774,-0.611988,0.762812,0.974856,-0.192357,0.112484,1e-06,4e-06,4e-06,0.000766,0.000905,0.000293,-0.863579,0.008521,0.052863,-0.035443,0.167981,-0.552169,-0.816633,0.43082,-0.703985,0.564621,-0.886665,-0.446668,0.119629,-0.000947,-0.00494,0.004764,-0.031943,0.024213,-0.015984,-0.208444
817,-0.011897,-2.7e-05,0.38195,-0.178803,0.531485,-0.828009,-0.447817,0.705388,0.549416,0.876297,0.46838,0.112918,0.000341,0.000509,0.000484,-0.0,-0.0,0.0,-0.00888,-0.211735,0.010701,0.355057,-0.170293,-0.769914,0.615,0.175188,0.590407,0.787822,-0.969411,0.242858,0.033544,0.0,2e-06,1e-06,0.0,0.0,0.0,-1.407919,0.023762,0.052921,-0.016881,0.077945,0.767137,0.636729,-0.208769,-0.611953,0.762842,0.974853,-0.192389,0.112456,-1e-06,-5e-06,-3e-06,0.000677,0.00018,0.001421,-0.862762,0.008489,0.052868,-0.035428,0.167374,-0.546872,-0.820314,0.431282,-0.707601,0.559728,-0.886556,-0.447471,0.117422,0.00024,0.000362,0.000346,0.00071,0.001779,-0.005147,-0.227713
818,-0.011972,5.7e-05,0.382,-0.178431,0.528264,-0.830148,-0.448255,0.707415,0.546447,0.876149,0.46897,0.11161,0.000621,0.000927,0.000882,-0.0,-0.0,0.0,-0.023716,-0.211688,0.010677,0.355037,-0.170278,-0.769951,0.614956,0.175183,0.590364,0.787855,-0.969415,0.242841,0.033562,-9.7e-05,-0.000794,-0.00058,0.0,0.0,0.0,-1.40765,0.02378,0.052911,-0.01689,0.077988,0.767143,0.636716,-0.208773,-0.611934,0.762856,0.974848,-0.192423,0.112435,-7.5e-05,-0.000615,-0.00045,0.003134,-0.002489,0.001846,-0.863089,0.008453,0.052911,-0.035403,0.167083,-0.543711,-0.822472,0.431677,-0.70965,0.556822,-0.886418,-0.448078,0.116137,0.000396,0.000593,0.000567,0.000184,0.000108,-0.000497,-0.239306
819,-0.012071,0.000137,0.382057,-0.178424,0.528299,-0.830127,-0.448251,0.707396,0.546474,0.876152,0.468959,0.111632,-0.012495,0.006749,0.004272,-0.000984,0.014715,-0.029553,-0.032956,-0.21165,0.010669,0.355016,-0.170256,-0.769997,0.614906,0.175202,0.590308,0.787892,-0.969415,0.242833,0.033608,0.013006,-0.002217,-0.002402,0.000362,-0.000944,0.004261,-1.407742,0.023799,0.052909,-0.016899,0.078032,0.767191,0.636653,-0.208734,-0.611874,0.762915,0.974853,-0.192424,0.112393,-7e-06,-6.5e-05,-4.9e-05,0.000994,-0.001242,0.004163,-0.863415,0.008408,0.052949,-0.035375,0.167078,-0.543728,-0.822463,0.43168,-0.709639,0.556834,-0.886418,-0.448075,0.116151,-0.006081,0.003624,0.002375,-0.000869,0.014674,-0.029622,-0.245348
820,-0.012445,0.000366,0.382195,-0.172171,0.53132,-0.829519,-0.439658,0.712123,0.547315,0.881734,0.458282,0.112029,-0.012617,0.006563,0.00409,-0.000984,0.014715,-0.029553,-0.038846,-0.211563,0.010667,0.354985,-0.170794,-0.768299,0.616876,0.174538,0.592471,0.786414,-0.969439,0.242938,0.032111,-5e-06,-4.2e-05,-3.1e-05,-0.0,0.0,-0.0,-1.407557,0.023847,0.052903,-0.016918,0.07814,0.765421,0.638766,-0.208295,-0.61405,0.761284,0.974938,-0.192539,0.111452,1e-06,3e-06,-2e-06,0.001601,-0.003138,0.011279,-0.862436,0.008222,0.053064,-0.035305,0.160743,-0.546597,-0.821822,0.422965,-0.714171,0.557727,-0.891774,-0.437253,0.116393,-0.006258,0.003359,0.002126,-0.000636,0.014577,-0.029559,-0.255309
821,-0.012976,0.000678,0.382399,-0.16901,0.533339,-0.828873,-0.435224,0.714158,0.548206,0.884537,0.452741,0.112458,-0.011277,0.008545,0.005966,0.000267,0.002589,-0.003439,-0.034843,-0.211307,0.010632,0.354956,-0.171135,-0.767025,0.618366,0.173737,0.594184,0.785298,-0.969523,0.242778,0.030777,0.013026,-0.002071,-0.002299,-1.095312,0.956184,-2.3434,-1.407589,0.023971,0.05289,-0.016929,0.078348,0.765822,0.638261,-0.207989,-0.613584,0.761744,0.974987,-0.192433,0.11121,3e-06,1.6e-05,7e-06,0.001651,-0.005951,0.017672,-0.862599,0.007953,0.053216,-0.035208,0.157534,-0.548552,-0.821141,0.41848,-0.716085,0.558655,-0.894459,-0.431639,0.11675,-0.005888,0.003906,0.002644,-0.000635,0.01453,-0.029565,-0.257432
1449,0.022621,0.01638,0.375324,0.369311,0.182217,-0.911291,-0.372612,0.927335,0.034362,0.850875,0.326649,0.411508,-0.015969,0.020243,0.031777,-0.033422,0.025547,-0.021589,0.138636,-0.193147,0.042087,0.357303,-0.139639,0.512232,0.847414,-0.987245,-0.006054,-0.158886,-0.076059,-0.859413,0.505458,-7.6e-05,-0.001332,-0.000815,0.0,0.0,-0.0,-1.406898,0.033056,0.068618,-0.015757,0.145429,-0.513664,0.845576,0.98919,0.059303,-0.134104,0.01874,0.855939,0.516736,-5e-05,-0.000904,-0.000554,-0.001167,-0.001473,0.001589,-0.826838,0.025754,0.061063,-0.038755,-0.372653,-0.186669,-0.909001,0.352051,-0.934767,0.047634,-0.858597,-0.302264,0.414061,-0.006867,0.015705,0.011704,-0.007843,0.076819,-0.160079,-0.03503
1450,0.022058,0.017556,0.376334,0.3666,0.195928,-0.909539,-0.400742,0.915483,0.035627,0.839193,0.351194,0.415266,-0.013073,0.032341,0.023954,-0.003895,0.095347,-0.184488,0.135537,-0.193145,0.042064,0.35721,-0.139731,0.512191,0.847424,-0.987219,-0.005947,-0.159052,-0.076229,-0.859438,0.505389,-8.9e-05,-0.00155,-0.000949,0.0,0.0,-0.0,-1.406662,0.033056,0.068603,-0.015805,0.145504,-0.51363,0.845583,0.989176,0.059197,-0.134255,0.018901,0.855966,0.516685,-5.4e-05,-0.000954,-0.000585,-2.2e-05,-4e-05,6.5e-05,-0.826675,0.025472,0.061647,-0.038246,-0.370324,-0.200293,-0.907051,0.38039,-0.923546,0.048633,-0.847445,-0.327023,0.418201,-0.012567,0.01919,0.013911,-0.002587,-0.006909,-0.017987,-0.038296
1451,0.021291,0.018994,0.377384,0.368404,0.205035,-0.906799,-0.418117,0.907691,0.03531,0.829875,0.365893,0.421256,-0.024319,0.039432,0.028407,0.275667,0.512422,0.185884,0.177217,-0.193159,0.041973,0.357166,-0.139845,0.512132,0.847441,-0.987206,-0.006032,-0.159129,-0.076185,-0.859473,0.505337,-0.000112,-0.001946,-0.001193,0.0,0.0,0.0,-1.407014,0.03305,0.068557,-0.015827,0.145613,-0.513566,0.845603,0.989161,0.059282,-0.13433,0.018858,0.855999,0.516632,-5.7e-05,-0.000999,-0.000612,1.7e-05,1e-06,-4e-06,-0.827981,0.025083,0.062377,-0.037713,-0.370033,-0.20973,-0.905034,0.397822,-0.916118,0.049645,-0.839531,-0.341673,0.422429,-0.012118,0.019816,0.014297,0.272905,0.504599,0.182408,-0.014782
1452,0.02088,0.019758,0.377925,0.365912,0.211187,-0.906396,-0.429419,0.902338,0.036827,0.825198,0.375494,0.421994,-0.011306,0.035114,0.025835,5.006662,-0.115093,-2.487368,0.2066,-0.193161,0.041935,0.357143,-0.13994,0.512082,0.847455,-0.987193,-0.006085,-0.159203,-0.076171,-0.859502,0.505289,-0.0001,-0.00174,-0.001067,0.0,0.0,0.0,-1.406735,0.033049,0.068539,-0.015838,0.145704,-0.513512,0.845621,0.989148,0.059334,-0.134403,0.018844,0.856028,0.516585,-5.9e-05,-0.001055,-0.000646,2.8e-05,1.2e-05,-3.8e-05,-0.828961,0.024883,0.062747,-0.037451,-0.371311,-0.213327,-0.903669,0.403922,-0.913443,0.049667,-0.836047,-0.34657,0.425339,-0.011953,0.020022,0.014403,-0.007824,-0.012433,-0.019437,0.018856
1453,0.020188,0.021079,0.37894,0.360746,0.222327,-0.905803,-0.451338,0.891485,0.039004,0.815732,0.394484,0.423074,-0.013466,0.030901,0.022323,0.135247,-0.015984,-0.045403,0.228896,-0.193174,0.041869,0.357092,-0.140007,0.51205,0.847463,-0.987183,-0.006099,-0.15927,-0.076187,-0.859521,0.505254,-0.00014,-0.002441,-0.001497,-0.001679,0.015241,-0.024399,-1.40665,0.033042,0.068507,-0.015863,0.14577,-0.513476,0.845631,0.989138,0.059349,-0.134471,0.01886,0.856049,0.51655,-6.6e-05,-0.001173,-0.000719,-0.001679,0.015241,-0.024391,-0.829451,0.024542,0.063417,-0.036936,-0.364973,-0.226906,-0.902943,0.431387,-0.900668,0.051966,-0.825044,-0.370552,0.426604,-0.013351,0.017295,0.012154,0.447107,0.089234,-0.425738,0.077314
1454,0.019671,0.021934,0.379776,0.355367,0.229563,-0.906124,-0.472373,0.880573,0.037774,0.806137,0.414327,0.422496,-0.017037,0.024249,0.017022,0.003063,0.002901,-0.009572,0.220534,-0.193167,0.041847,0.357067,-0.140047,0.512028,0.84747,-0.987175,-0.006099,-0.159314,-0.076207,-0.859534,0.505229,-5e-06,-8.2e-05,-5e-05,0.0,0.0,0.0,-1.407052,0.033045,0.068492,-0.015878,0.145809,-0.513453,0.845639,0.989132,0.059348,-0.134516,0.01888,0.856063,0.516526,2e-06,2.4e-05,1.5e-05,-6e-06,7e-06,2e-05,-0.828961,0.024287,0.063852,-0.036512,-0.359708,-0.234267,-0.903176,0.452794,-0.89018,0.050562,-0.815835,-0.390765,0.42628,-0.003403,0.004178,0.011355,-0.02446,0.026489,-0.026182,0.085152
1455,0.019182,0.022391,0.380492,0.352728,0.229649,-0.907133,-0.482471,0.87524,0.033914,0.801307,0.425425,0.420652,-0.009143,0.004042,0.019291,-0.032871,0.024323,-0.017319,0.219647,-0.193167,0.041871,0.35707,-0.139996,0.512056,0.847461,-0.98718,-0.006048,-0.159287,-0.076241,-0.859518,0.505252,-0.012191,0.00118,0.001568,-0.002045,0.015205,-0.029245,-1.406862,0.03305,0.068503,-0.015877,0.145737,-0.513495,0.845626,0.989142,0.059284,-0.134471,0.018918,0.856042,0.516559,4.2e-05,0.000723,0.000444,-3e-06,1.7e-05,-4e-06,-0.828798,0.024036,0.064089,-0.036148,-0.357076,-0.234408,-0.904184,0.462981,-0.88514,0.046633,-0.811261,-0.401969,0.424589,-0.004742,0.001733,0.009433,-0.037055,0.027981,-0.022181,0.082866
1456,0.018979,0.022482,0.380838,0.35288,0.227174,-0.907697,-0.482049,0.875556,0.031669,0.801494,0.426105,0.419607,-0.009924,0.002622,0.018181,-0.032921,0.024434,-0.017448,0.212529,-0.193175,0.041902,0.357078,-0.139949,0.512084,0.847452,-0.987184,-0.005999,-0.159264,-0.076275,-0.859501,0.505275,4.7e-05,0.000811,0.000497,0.0,0.0,0.0,-1.407112,0.033041,0.068521,-0.015872,0.145713,-0.513514,0.845618,0.989145,0.059247,-0.134466,0.018949,0.856033,0.516573,3e-05,0.000519,0.000319,-8e-06,-1.4e-05,-6e-06,-0.828471,0.023937,0.064131,-0.035984,-0.357172,-0.231915,-0.904788,0.462541,-0.885486,0.044376,-0.811469,-0.402652,0.423541,-0.005142,0.001008,0.008866,-0.036499,0.027633,-0.021751,0.079274
1457,0.018739,0.022424,0.381374,0.353013,0.211004,-0.91154,-0.481049,0.876522,0.016543,0.802035,0.432401,0.412063,-6.4e-05,-0.007014,0.011635,0.256435,-0.390479,0.644031,0.208024,-0.1932,0.041939,0.357114,-0.139916,0.512106,0.847444,-0.98719,-0.006004,-0.159225,-0.076255,-0.859488,0.5053,1.8e-05,0.000314,0.000193,0.0,0.0,0.0,-1.406796,0.033029,0.068541,-0.015853,0.145681,-0.513537,0.84561,0.98915,0.059253,-0.134427,0.018929,0.856019,0.516597,1e-05,0.000189,0.000118,-6e-06,-1.1e-05,1e-06,-0.828471,0.023814,0.064106,-0.035713,-0.356987,-0.216552,-0.908661,0.461491,-0.886637,0.029997,-0.812148,-0.408631,0.416455,-0.006266,-0.001118,0.007206,0.926414,-1.346857,2.166136,0.068333
1458,0.018482,0.022131,0.381786,0.355996,0.196282,-0.913666,-0.479738,0.877395,0.001509,0.801499,0.437547,0.407652,-0.002421,-0.01125,0.008375,0.019021,0.096717,0.246584,0.219066,-0.193191,0.041923,0.357104,-0.139931,0.512096,0.847448,-0.987188,-0.006012,-0.159237,-0.076252,-0.859494,0.50529,-2.3e-05,-0.000396,-0.000243,0.0,0.0,0.0,-1.406754,0.033033,0.068534,-0.015858,0.145696,-0.513527,0.845614,0.989148,0.059261,-0.134438,0.018926,0.856025,0.516588,-1.5e-05,-0.000269,-0.000164,-1e-06,-1.5e-05,-9e-06,-0.827491,0.023692,0.063964,-0.03551,-0.35912,-0.201069,-0.911374,0.46017,-0.887711,0.014522,-0.811957,-0.414172,0.411321,-0.001451,-0.006039,0.003874,0.049978,0.245102,0.281519,0.072742
1459,0.01824,0.021735,0.382035,0.354183,0.187104,-0.916292,-0.48841,0.872533,-0.010679,0.797056,0.451084,0.401563,-0.003597,-0.013359,0.006752,-0.025115,-0.070602,0.169009,0.225319,-0.193165,0.041941,0.357079,-0.139843,0.512141,0.847436,-0.987194,-0.005895,-0.159207,-0.076343,-0.859468,0.50532,-0.0,-1e-06,-0.0,0.0,0.0,0.0,-1.406551,0.033046,0.068541,-0.015871,0.145611,-0.513575,0.845598,0.989158,0.059145,-0.13441,0.019017,0.856003,0.51662,2e-06,7e-06,6e-06,3e-06,1.2e-05,3e-06,-0.827981,0.023564,0.063762,-0.035382,-0.357599,-0.192189,-0.913884,0.469045,-0.883171,0.002195,-0.807538,-0.427868,0.405967,-0.002252,-0.007482,0.002763,-0.010306,-0.001146,0.014704,0.084172
1460,0.018204,0.021455,0.382104,0.353414,0.184851,-0.917046,-0.49262,0.870107,-0.014516,0.794805,0.456664,0.399713,-0.004553,-0.015076,0.005425,-0.032663,0.022834,-0.013552,0.229188,-0.193166,0.041958,0.357067,-0.139815,0.512157,0.84743,-0.987193,-0.005835,-0.159213,-0.0764,-0.859459,0.505328,-0.0,-0.0,-0.0,0.0,0.0,0.0,-1.407046,0.033046,0.06855,-0.015877,0.145585,-0.513593,0.845592,0.989161,0.059085,-0.134417,0.019073,0.855996,0.516628,2e-06,5e-06,6e-06,-1e-05,2e-06,3.5e-05,-0.827981,0.023546,0.063621,-0.035348,-0.356772,-0.189719,-0.914723,0.473226,-0.880938,-0.001862,-0.805462,-0.433535,0.404074,-0.002626,-0.008154,0.002242,-0.031261,-0.051431,0.133162,0.089234
1461,0.018255,0.0208,0.382191,0.35197,0.175817,-0.919375,-0.501258,0.864874,-0.026562,0.790035,0.469983,0.393685,0.00763,-0.020615,0.002043,-0.02716,-0.068772,0.167638,0.244757,-0.193177,0.041976,0.357045,-0.139817,0.512162,0.847427,-0.987187,-0.005768,-0.159254,-0.076478,-0.859456,0.50532,-2e-05,-0.000347,-0.000213,0.0,0.0,0.0,-1.406996,0.033041,0.068559,-0.015887,0.145587,-0.513598,0.845589,0.989159,0.059019,-0.134459,0.019152,0.855998,0.516623,-1.1e-05,-0.000223,-0.000135,2e-06,2.3e-05,2.7e-05,-0.827981,0.023568,0.063285,-0.035305,-0.355127,-0.18077,-0.917172,0.48198,-0.87607,-0.013952,-0.800986,-0.447013,0.398244,0.003795,-0.010338,0.001001,-0.030505,-0.065195,0.162158,0.108339
1462,0.018402,0.020125,0.382281,0.352599,0.166659,-0.920839,-0.500006,0.865302,-0.034907,0.790547,0.472534,0.389582,0.008318,-0.019426,0.002959,-0.031723,0.008031,0.015958,0.252613,-0.193206,0.042002,0.357019,-0.139719,0.512224,0.847406,-0.987192,-0.005625,-0.159232,-0.076599,-0.859421,0.505363,-0.000498,0.011241,-0.008038,0.036323,-0.012703,0.017048,-1.406535,0.033026,0.068572,-0.015901,0.145493,-0.513664,0.845564,0.989171,0.058875,-0.134438,0.019273,0.855968,0.516668,-0.000247,0.005632,-0.004011,0.03633,-0.012674,0.017072,-0.827328,0.023636,0.062952,-0.035263,-0.355546,-0.171632,-0.918764,0.480726,-0.876587,-0.02228,-0.801554,-0.449595,0.394174,0.004832,-0.005037,-0.003449,-0.00241,0.001198,-0.000686,0.121729
1463,0.018577,0.019764,0.382315,0.351905,0.165753,-0.921268,-0.504564,0.862539,-0.037603,0.787958,0.477873,0.388313,0.008665,-0.018828,0.00342,-0.031738,0.008,0.015943,0.258961,-0.193226,0.042036,0.356996,-0.139711,0.512237,0.847399,-0.987185,-0.00553,-0.159279,-0.076706,-0.859414,0.505359,-0.0,-0.0,-0.0,0.0,0.0,0.0,-1.406971,0.033016,0.068589,-0.015912,0.145486,-0.513678,0.845558,0.98917,0.058781,-0.134486,0.01938,0.855967,0.516667,-0.000247,0.005628,-0.004009,0.036335,-0.012671,0.017067,-0.827328,0.02372,0.062778,-0.035248,-0.35482,-0.170759,-0.919208,0.485371,-0.87395,-0.025005,-0.799072,-0.455029,0.392976,0.004333,-0.009404,0.001715,-0.033659,0.009822,0.013169,0.128424
1464,0.01878,0.01933,0.382346,0.352155,0.163675,-0.921543,-0.504194,0.86267,-0.03951,0.788083,0.478355,0.387466,-0.003296,-0.012872,0.007127,-0.033539,0.035641,-0.039356,0.27235,-0.193251,0.042156,0.356892,-0.139579,0.51233,0.847365,-0.987169,-0.005096,-0.159391,-0.077146,-0.859362,0.505381,-0.000513,0.010974,-0.008198,0.036322,-0.012717,0.01704,-1.406841,0.033003,0.068645,-0.015961,0.145374,-0.513768,0.845522,0.989178,0.058379,-0.1346,0.019792,0.85594,0.516695,-7e-06,-0.000163,-9.6e-05,7e-06,-1.9e-05,2.1e-05,-0.827655,0.02383,0.062552,-0.035232,-0.35504,-0.168667,-0.919509,0.484952,-0.874126,-0.026907,-0.799229,-0.455471,0.392145,-0.000539,-0.000968,-0.000756,-0.000598,0.000266,-0.000312,0.146713
1465,0.018649,0.019232,0.382328,0.354849,0.161807,-0.92084,-0.504407,0.862383,-0.042897,0.786734,0.479507,0.38878,-0.001278,-0.002305,-0.001794,0.000249,0.000911,0.000451,0.287152,-0.193258,0.042285,0.35678,-0.13939,0.51245,0.847323,-0.987158,-0.004608,-0.159471,-0.07762,-0.859292,0.505426,-2e-06,-3.6e-05,-2.2e-05,0.0,0.0,0.0,-1.406807,0.033,0.068712,-0.01602,0.145179,-0.513906,0.845471,0.989196,0.057862,-0.134688,0.020297,0.855892,0.516755,2e-06,-1e-06,1e-06,1.2e-05,1e-05,1.4e-05,-0.827981,0.023763,0.062499,-0.035237,-0.357809,-0.166768,-0.918781,0.485156,-0.873901,-0.030317,-0.797869,-0.456601,0.393599,-0.000768,-0.001385,-0.001077,-0.002297,-0.009932,-0.005481,0.164348
1466,0.018547,0.019194,0.382294,0.354811,0.162191,-0.920787,-0.504522,0.862333,-0.042572,0.786678,0.479469,0.388941,-0.001708,-0.003079,-0.002398,3e-06,1.1e-05,6e-06,0.29581,-0.193242,0.042319,0.356744,-0.139427,0.512433,0.847328,-0.987143,-0.004516,-0.159568,-0.077745,-0.859303,0.505388,-2e-06,-3.1e-05,-1.9e-05,0.0,0.0,0.0,-1.406651,0.033008,0.06873,-0.016038,0.145215,-0.513887,0.845477,0.989189,0.057769,-0.134786,0.020422,0.85591,0.51672,3e-06,3e-06,1e-06,5e-06,-1.6e-05,1.2e-05,-0.828798,0.023714,0.062483,-0.035252,-0.357688,-0.167132,-0.918762,0.485263,-0.873854,-0.029958,-0.797858,-0.456558,0.39367,-0.007095,0.000992,0.00031,-0.001574,0.013153,-0.030315,0.176268
1467,0.018469,0.018969,0.382122,0.350063,0.167406,-0.92167,-0.514947,0.856266,-0.040115,0.782043,0.488454,0.387101,0.008687,-0.011918,-0.008366,0.001824,-0.009125,-0.001462,0.291067,-0.193199,0.04229,0.356712,-0.139396,0.512441,0.847328,-0.987145,-0.004475,-0.159556,-0.077774,-0.859298,0.505391,-4.9e-05,-0.000854,-0.000524,0.0,0.0,0.0,-1.406549,0.03303,0.068716,-0.016054,0.145184,-0.513897,0.845476,0.989192,0.057729,-0.134775,0.020452,0.855906,0.516724,-2.5e-05,-0.000443,-0.000274,4e-06,-4e-06,9e-06,-0.828145,0.023675,0.062381,-0.035331,-0.352775,-0.172476,-0.919674,0.495839,-0.867981,-0.027416,-0.793531,-0.465682,0.391723,-0.001893,-0.003418,-0.002665,0.042643,0.030258,-0.034317,0.186392
1468,0.018427,0.018536,0.38191,0.341243,0.180011,-0.922602,-0.544904,0.837612,-0.038172,0.765486,0.51554,0.385068,-0.004697,-0.008462,-0.006629,5.093326,0.20694,-2.162226,0.29303,-0.193145,0.042242,0.356701,-0.139233,0.512513,0.847311,-0.987171,-0.00443,-0.1594,-0.077745,-0.859256,0.505468,-3.4e-05,-0.000595,-0.000365,0.0,0.0,0.0,-1.406625,0.033057,0.068692,-0.01606,0.145025,-0.513977,0.845455,0.989217,0.057682,-0.134619,0.020423,0.855862,0.5168,-2e-05,-0.000354,-0.000219,9e-06,1.7e-05,2e-06,-0.827328,0.023656,0.062158,-0.035442,-0.345179,-0.183269,-0.920468,0.521232,-0.853029,-0.025622,-0.780492,-0.488622,0.389973,0.003049,-0.01178,-0.000151,-0.033166,0.031245,-0.003143,0.187045
1469,0.018408,0.017957,0.381793,0.339156,0.185194,-0.922345,-0.554613,0.831264,-0.037088,0.759422,0.523901,0.385789,0.008558,-0.012217,-0.00864,0.000173,-0.00178,0.003812,0.283422,-0.193145,0.042242,0.356701,-0.139233,0.512513,0.847311,-0.987171,-0.00443,-0.1594,-0.077745,-0.859256,0.505468,-0.0,-0.0,-0.0,0.0,0.0,0.0,-1.406489,0.033057,0.068691,-0.01606,0.145027,-0.513977,0.845455,0.989216,0.057684,-0.134619,0.020422,0.855862,0.5168,1e-06,1.8e-05,1e-05,-1.7e-05,2.2e-05,8.3e-05,-0.826022,0.023639,0.061866,-0.035503,-0.342489,-0.190584,-0.919988,0.536119,-0.843778,-0.024787,-0.771542,-0.501713,0.39116,-0.002847,-0.008605,0.001851,-0.034579,0.036387,-0.03841,0.180187
1470,0.018323,0.017716,0.381771,0.339338,0.18343,-0.922631,-0.554618,0.831183,-0.038793,0.759337,0.524652,0.384936,-0.016474,-0.002029,-0.002568,-0.001799,0.027645,-0.055296,0.280831,-0.193144,0.042234,0.356707,-0.139246,0.512504,0.847314,-0.987171,-0.00446,-0.159397,-0.077717,-0.859261,0.505464,-0.0,-0.0,-0.0,0.0,0.0,0.0,-1.406952,0.033057,0.068687,-0.016057,0.14504,-0.513968,0.845458,0.989215,0.057715,-0.134616,0.020393,0.855865,0.516796,2e-06,1.1e-05,8e-06,-7e-06,2.3e-05,8.5e-05,-0.826348,0.023606,0.06174,-0.035516,-0.342651,-0.188731,-0.920309,0.536094,-0.843739,-0.02657,-0.771487,-0.502477,0.390286,-0.002642,-0.008232,0.002142,-0.035879,0.037532,-0.041985,0.176921
1471,0.018012,0.017457,0.381838,0.334982,0.182785,-0.924349,-0.564167,0.824603,-0.041449,0.754227,0.535152,0.3805,-0.001125,-0.002022,-0.001595,5.111214,0.129477,-1.930224,0.277854,-0.193135,0.042241,0.356711,-0.139204,0.512524,0.847309,-0.987176,-0.004436,-0.159364,-0.077723,-0.859249,0.505483,3e-06,4.9e-05,3e-05,0.0,0.0,0.0,-1.406152,0.033062,0.068692,-0.016055,0.144999,-0.51399,0.845452,0.989221,0.057692,-0.134583,0.020398,0.855853,0.516814,4e-06,3.3e-05,2.3e-05,2.4e-05,8e-06,3.5e-05,-0.826512,0.023442,0.061605,-0.035488,-0.339016,-0.186343,-0.922141,0.540871,-0.840606,-0.028979,-0.769757,-0.508583,0.385766,-0.007781,-0.003648,0.005267,-0.035149,0.055432,-0.039895,0.165818
1472,0.017745,0.017438,0.381998,0.325556,0.187898,-0.926689,-0.583196,0.811307,-0.040438,0.743825,0.553381,0.374862,0.000461,0.000828,0.000653,4.96781,-0.32426,-2.341079,0.290269,-0.19309,0.042211,0.356689,-0.139167,0.512534,0.847309,-0.987181,-0.004415,-0.159335,-0.077727,-0.859243,0.505492,0.012196,-0.001018,-0.001469,0.002045,-0.015205,0.029245,-1.406487,0.033079,0.068677,-0.016065,0.144984,-0.51399,0.845454,0.989223,0.057683,-0.134571,0.0204,0.855854,0.516814,-3.2e-05,-0.000572,-0.000349,2.4e-05,-2e-06,1.7e-05,-0.826185,0.023308,0.061597,-0.035407,-0.332353,-0.191975,-0.92341,0.56039,-0.827698,-0.029618,-0.75862,-0.527313,0.382669,-0.006842,-0.001954,0.006603,-0.04048,0.03013,-0.04657,0.177085
1473,0.017638,0.017469,0.382078,0.320674,0.19146,-0.927662,-0.59258,0.804557,-0.038848,0.738518,0.561941,0.372612,-0.012,0.006049,0.003788,5.059397,-0.007212,-2.205142,0.291079,-0.193084,0.042182,0.356659,-0.139226,0.512503,0.847319,-0.987172,-0.004425,-0.159394,-0.077744,-0.859262,0.505458,-9.5e-05,-0.001664,-0.001023,0.0,0.0,0.0,-1.406889,0.033087,0.068664,-0.016079,0.145019,-0.513967,0.845462,0.989218,0.05768,-0.134613,0.020421,0.855868,0.51679,-6e-05,-0.00106,-0.000652,1.1e-05,-4e-06,3.4e-05,-0.825859,0.023256,0.061614,-0.035365,-0.32462,-0.196817,-0.92514,0.573284,-0.818914,-0.026941,-0.752308,-0.539113,0.378668,-0.005957,0.003203,0.001954,5.049497,-0.048433,-2.224633,0.181494
1474,0.017452,0.017533,0.382102,0.309184,0.196035,-0.930602,-0.606493,0.794334,-0.034228,0.732113,0.574751,0.365649,0.001543,0.0097,-0.009605,-0.00564,-0.159311,-0.05355,0.29195,-0.19308,0.042141,0.356588,-0.139209,0.512515,0.847314,-0.987165,-0.004325,-0.159434,-0.077851,-0.859255,0.505453,-0.000103,-0.001804,-0.001109,0.0,0.0,0.0,-1.406559,0.033089,0.068642,-0.016116,0.145002,-0.51398,0.845457,0.989218,0.057579,-0.134654,0.020529,0.855867,0.516787,-5.2e-05,-0.000937,-0.000577,1.5e-05,5e-06,6e-06,-0.826022,0.023165,0.061646,-0.035347,-0.312355,-0.202217,-0.928192,0.588839,-0.807946,-0.022136,-0.745454,-0.553471,0.37144,-0.000129,-0.000233,-0.000179,-0.04198,-0.134128,-0.064181,0.184759
1475,0.017251,0.017601,0.382154,0.30113,0.194991,-0.933458,-0.606136,0.794793,-0.029569,0.735765,0.574473,0.35869,-0.001486,-0.009594,0.009689,-0.057763,-0.066258,-0.057352,0.287148,-0.193089,0.042141,0.356589,-0.139231,0.512505,0.847316,-0.987162,-0.004338,-0.159452,-0.077848,-0.859261,0.505443,-0.0,-0.0,-0.0,0.0,0.0,0.0,-1.406611,0.033084,0.06864,-0.016116,0.145023,-0.513969,0.84546,0.989215,0.05759,-0.134671,0.020527,0.855873,0.516778,3e-06,3.9e-05,2.6e-05,2e-05,-2.2e-05,-4e-05,-0.825532,0.023064,0.061686,-0.03533,-0.304295,-0.201332,-0.931058,0.58843,-0.808357,-0.017515,-0.749102,-0.553193,0.364448,0.000216,0.000387,0.000309,-0.030386,-0.094813,-0.045181,0.18231
1476,0.017207,0.017626,0.38217,0.298505,0.194328,-0.934439,-0.605934,0.794994,-0.028293,0.737002,0.574421,0.356224,0.000712,0.001274,0.001005,-0.002533,-0.024857,0.019879,0.28512,-0.193089,0.042132,0.356595,-0.139245,0.512497,0.847319,-0.987163,-0.004368,-0.159449,-0.07782,-0.859266,0.50544,-0.0,-0.0,-0.0,0.0,0.0,0.0,-1.406384,0.033084,0.068636,-0.016113,0.145037,-0.51396,0.845463,0.989213,0.057621,-0.134669,0.020498,0.855876,0.516774,2e-06,2.2e-05,1.4e-05,-2.2e-05,1.6e-05,5.9e-05,-0.825369,0.023041,0.061693,-0.035319,-0.301592,-0.20075,-0.932063,0.588159,-0.808583,-0.016158,-0.750407,-0.553074,0.361935,-0.006335,0.002427,0.001423,0.003196,0.045856,-0.012444,0.179371
1477,0.017008,0.01771,0.382207,0.292985,0.194157,-0.93622,-0.605827,0.795195,-0.024736,0.739308,0.574201,0.351773,-0.01267,0.00485,0.002837,-0.002827,0.008183,-0.032765,0.283344,-0.193089,0.042132,0.356595,-0.139245,0.512497,0.847319,-0.987163,-0.004368,-0.159449,-0.07782,-0.859266,0.50544,-0.0,-0.0,-0.0,0.0,0.0,0.0,-1.40679,0.033084,0.068637,-0.016113,0.145038,-0.51396,0.845463,0.989213,0.057623,-0.134669,0.020496,0.855876,0.516774,1e-06,7e-06,9e-06,3e-06,3e-05,5.8e-05,-0.825369,0.022948,0.061736,-0.035299,-0.296244,-0.200692,-0.933788,0.588003,-0.808758,-0.012724,-0.752656,-0.55284,0.357597,-0.006338,0.002419,0.001417,0.00229,0.036323,-0.01784,0.174635
1478,0.01667,0.017863,0.382264,0.292714,0.195255,-0.936077,-0.606158,0.794971,-0.023782,0.739145,0.574137,0.352221,-0.012665,0.00486,0.002841,-0.000985,0.014713,-0.029554,0.286717,-0.193071,0.042132,0.356594,-0.1392,0.512516,0.847314,-0.987169,-0.004343,-0.159413,-0.077826,-0.859254,0.505458,5e-06,9.4e-05,5.8e-05,0.0,0.0,0.0,-1.406776,0.033094,0.068637,-0.016113,0.144994,-0.513982,0.845457,0.98922,0.057597,-0.134633,0.020503,0.855864,0.516792,5e-06,7.2e-05,4.5e-05,1.1e-05,-5e-06,2.8e-05,-0.823899,0.022774,0.061815,-0.03527,-0.296281,-0.20185,-0.933527,0.588336,-0.808528,-0.011903,-0.75238,-0.552755,0.358308,-0.006335,0.002428,0.001424,-0.000906,0.015297,-0.029234,0.176432
