frame,MLTx,MLTy,MLTz,MLTR1,MLTR2,MLTR3,MLTR4,MLTR5,MLTR6,MLTR7,MLTR8,MLTR9,MLTTVx,MLTTVy,MLTTVz,MLTRVx,MLTRVy,MLTRVz,MLGA,MRTx,MRTy,MRTz,MRTR1,MRTR2,MRTR3,MRTR4,MRTR5,MRTR6,MRTR7,MRTR8,MRTR9,MRTTVx,MRTTVy,MRTTVz,MRTRVx,MRTRVy,MRTRVz,MRGA,SLTx,SLTy,SLTz,SLTR1,SLTR2,SLTR3,SLTR4,SLTR5,SLTR6,SLTR7,SLTR8,SLTR9,SLTTVx,SLTTVy,SLTTVz,SLTRVx,SLTRVy,SLTRVz,SLGA,SRTx,SRTy,SRTz,SRTR1,SRTR2,SRTR3,SRTR4,SRTR5,SRTR6,SRTR7,SRTR8,SRTR9,SRTTVx,SRTTVy,SRTTVz,SRTRVx,SRTRVy,SRTRVz,SRGA
4170,0.174688,0.070694,0.390277,-0.624439,0.780672,0.025946,-0.54905,-0.462246,0.696309,0.556357,0.419583,0.717248,-0.021733,-0.008745,0.010185,-0.035374,0.036595,-0.073836,-0.840637,-0.145937,0.014689,0.334673,0.797768,-0.294234,0.526293,-0.084786,0.809297,0.581192,-0.597924,-0.507904,0.619987,0.000153,-0.001908,-0.001557,0.0,0.0,0.0,0.470891,0.046701,0.02841,-0.009413,-0.692054,0.452515,0.562397,-0.053914,-0.809336,0.584864,0.719829,0.374437,0.584501,8e-05,-0.000982,-0.000803,1e-06,-6e-06,5e-06,0.448761,0.102848,0.060097,-0.044683,-0.703717,0.699716,0.123204,-0.429445,-0.557059,0.710818,0.566002,0.447305,0.692501,-0.010875,-0.00428,0.005143,-0.027958,-0.066603,0.107987,-0.613338
4171,0.17372,0.070079,0.390707,-0.651966,0.75819,0.011546,-0.540586,-0.475349,0.694106,0.532562,0.445347,0.719771,-0.032911,-0.027365,0.016131,-0.131291,-3.769841,-4.115563,-0.3281,-0.145961,0.014597,0.33455,0.797612,-0.294069,0.526622,-0.085009,0.809436,0.580965,-0.5981,-0.507778,0.619921,0.000206,-0.002577,-0.002105,0.0,0.0,0.0,0.471402,0.046689,0.028364,-0.009475,-0.691919,0.452321,0.562719,-0.053736,-0.809519,0.584628,0.719972,0.374277,0.584427,0.000127,-0.001573,-0.001285,5e-06,-1.9e-05,1.3e-05,0.450558,0.102376,0.059812,-0.044469,-0.725685,0.679233,0.109644,-0.422978,-0.566117,0.707531,0.54265,0.467068,0.698124,-0.011031,-0.007856,0.00375,0.047705,-0.141742,0.08189,-0.492667
4172,0.172617,0.069272,0.390883,-0.684039,0.729453,-0.005888,-0.53125,-0.492539,0.689312,0.500769,0.473735,0.724453,-0.022569,-0.026472,0.00321,-0.013008,-0.084138,-0.187877,-0.021485,-0.14594,0.014564,0.334418,0.797545,-0.294022,0.526748,-0.084983,0.809572,0.58078,-0.598192,-0.507589,0.619986,0.000249,-0.003116,-0.002548,-0.00195,0.015205,-0.024401,0.473496,0.046699,0.02835,-0.009539,-0.691864,0.452273,0.562825,-0.053813,-0.809639,0.584455,0.720019,0.374076,0.584498,-0.000543,0.004574,-0.004845,0.036468,-0.00892,0.019024,0.451211,0.101813,0.059407,-0.044372,-0.759681,0.64356,0.093344,-0.409154,-0.584597,0.700598,0.505446,0.49404,0.707423,-0.016808,-0.013145,0.001863,0.050852,-0.447565,-0.32966,-0.415594
4173,0.171999,0.068634,0.390943,-0.689068,0.724644,-0.011025,-0.531296,-0.494675,0.687746,0.493773,0.478858,0.725887,-0.03397,-0.03265,0.001132,-0.040171,0.084077,-0.157698,0.063615,-0.14596,0.014547,0.334367,0.797436,-0.293907,0.526979,-0.085136,0.809672,0.580617,-0.598317,-0.507496,0.619942,0.000147,-0.001834,-0.001501,0.0,0.0,0.0,0.475764,0.046689,0.028337,-0.009568,-0.691761,0.452127,0.563069,-0.053678,-0.809776,0.584277,0.720127,0.373956,0.584442,7.3e-05,-0.000895,-0.00073,-1.3e-05,2e-06,8e-06,0.453497,0.101496,0.059081,-0.04434,-0.764664,0.638326,0.088469,-0.408929,-0.586735,0.698941,0.49806,0.498278,0.709685,-0.017022,-0.01696,0.000337,-0.046234,0.095412,-0.164622,-0.387018
4174,0.170505,0.066711,0.390916,-0.711611,0.70229,-0.021055,-0.522068,-0.508391,0.684803,0.47111,0.49743,0.728454,-0.046346,-0.052209,-0.006467,-0.031869,-0.076053,-0.168115,0.099672,-0.146011,0.014514,0.33419,0.797353,-0.293835,0.527143,-0.085082,0.809873,0.580345,-0.598434,-0.507217,0.620057,-0.000932,0.007191,-0.011298,0.034525,0.006289,-0.005392,0.477981,0.046664,0.028323,-0.009648,-0.69169,0.452042,0.563224,-0.05377,-0.80995,0.584028,0.720189,0.373682,0.584541,-0.006542,-0.002576,-0.001446,-0.002042,0.015201,-0.029245,0.457742,0.100784,0.058175,-0.044347,-0.784981,0.61449,0.078779,-0.39904,-0.59878,0.694427,0.473889,0.513676,0.715237,-0.023191,-0.02693,-0.00354,0.03384,-1.15938,-1.243438,-0.237933
4175,0.168555,0.064071,0.390613,-0.741277,0.670253,-0.036252,-0.509621,-0.526749,0.68029,0.437791,0.521923,0.732095,-0.047954,-0.06967,-0.014031,-0.013042,-0.006346,-0.040473,0.059558,-0.14611,0.014443,0.333975,0.797125,-0.293596,0.527621,-0.085292,0.810171,0.579898,-0.598709,-0.50688,0.620068,0.000336,-0.004234,-0.003473,0.0,0.0,0.0,0.477875,0.046614,0.028289,-0.009761,-0.691489,0.451758,0.563698,-0.053665,-0.810297,0.583556,0.72039,0.373272,0.584555,-0.0065,-0.003154,-0.001926,-0.003985,0.030429,-0.053642,0.458885,0.099774,0.05681,-0.044501,-0.812458,0.579448,0.064421,-0.384538,-0.615641,0.687834,0.438225,0.534064,0.723002,-0.024031,-0.035846,-0.007393,-0.021316,0.006564,-0.048224,-0.122324
4176,0.166091,0.061111,0.389865,-0.747183,0.662584,-0.052404,-0.516203,-0.528745,0.673748,0.419633,0.529638,0.73717,-0.072135,-0.079784,-0.018204,0.227256,-0.370376,0.16565,0.035915,-0.146178,0.01447,0.333745,0.79701,-0.293507,0.527845,-0.085157,0.810491,0.57947,-0.598881,-0.50642,0.620277,-0.001079,0.00905,-0.009776,0.036477,-0.008955,0.018986,0.477459,0.046581,0.028293,-0.009877,-0.691379,0.451638,0.56393,-0.053855,-0.810579,0.583147,0.720481,0.372806,0.58474,0.000101,-0.001222,-0.001002,-7e-06,-5e-06,1e-05,0.458885,0.098569,0.055352,-0.044871,-0.818748,0.572062,0.048939,-0.391082,-0.618064,0.681946,0.420363,0.539203,0.729762,-0.030443,-0.035034,-0.013819,0.897456,-1.706734,1.459064,-0.140285
4177,0.164681,0.059729,0.389432,-0.760069,0.647178,-0.059175,-0.510652,-0.53835,0.670363,0.402931,0.538932,0.739747,-0.084143,-0.079826,-0.01822,0.553415,-4.066175,-3.948848,0.029817,-0.146184,0.014513,0.333651,0.797012,-0.293534,0.527827,-0.084972,0.810616,0.579323,-0.598905,-0.506205,0.62043,0.000114,-0.001445,-0.001187,0.0,0.0,0.0,0.477001,0.046578,0.028315,-0.009923,-0.691376,0.451665,0.563911,-0.054068,-0.810662,0.583011,0.720468,0.372591,0.584894,8e-05,-0.000956,-0.000782,4e-06,1.3e-05,-1.7e-05,0.458885,0.097868,0.054653,-0.045091,-0.827066,0.560511,0.042272,-0.388326,-0.624129,0.677985,0.406402,0.544323,0.733858,-0.036401,-0.03495,-0.013784,0.895125,-1.711244,1.44033,-0.149103
4178,0.161451,0.056646,0.388598,-0.780911,0.619583,-0.079629,-0.506388,-0.55314,0.661499,0.366777,0.556122,0.745809,-0.085985,-0.083206,-0.020612,0.22134,-0.35081,0.1129,-0.001602,-0.146175,0.014613,0.33355,0.797019,-0.293583,0.527788,-0.0847,0.810786,0.579125,-0.598934,-0.505905,0.620647,-0.00125,0.011197,-0.008009,0.036478,-0.008966,0.018979,0.475708,0.046582,0.028369,-0.009977,-0.69138,0.451723,0.563861,-0.054408,-0.810776,0.58282,0.720439,0.372272,0.585132,-0.000629,0.005683,-0.003935,0.036481,-0.008961,0.018978,0.457742,0.096253,0.053109,-0.045509,-0.849721,0.526772,0.021988,-0.379786,-0.640483,0.66749,0.365698,0.55883,0.744293,-0.048632,-0.040792,-0.009678,0.839689,-1.673534,1.353339,-0.177026
4179,0.157644,0.053419,0.387865,-0.795153,0.598079,-0.100386,-0.505731,-0.562504,0.654062,0.3357,0.570102,0.749877,-0.11077,-0.080923,-0.01972,0.021364,0.062645,-0.303253,-0.023314,-0.146139,0.014759,0.333511,0.797176,-0.293795,0.527434,-0.084183,0.810845,0.579117,-0.598798,-0.505685,0.620956,0.013294,0.002651,0.000851,0.002045,-0.015205,0.029245,0.473905,0.0466,0.028442,-0.009997,-0.691507,0.451963,0.563512,-0.054927,-0.810728,0.582838,0.720277,0.372085,0.58545,0.006642,0.001414,0.000497,0.002045,-0.015204,0.029252,0.455293,0.094317,0.051458,-0.045886,-0.8633,0.504689,0.000727,-0.378976,-0.649212,0.659469,0.333298,0.569045,0.75173,-0.055386,-0.040654,-0.009893,0.038689,0.074291,-0.310149,-0.209194
4180,0.155476,0.051753,0.387457,-0.802411,0.586959,-0.107984,-0.502033,-0.565909,0.653973,0.323742,0.578235,0.748907,-0.111995,-0.082077,-0.020776,-0.214674,0.095735,-0.544892,-0.022854,-0.146106,0.014832,0.333502,0.797212,-0.293858,0.527344,-0.084015,0.810884,0.579087,-0.598773,-0.505586,0.62106,0.013283,0.00277,0.000948,0.002045,-0.015205,0.029245,0.473981,0.046611,0.028478,-0.010001,-0.691528,0.452018,0.563443,-0.055084,-0.810742,0.582806,0.720246,0.37199,0.585549,-8.1e-05,0.001029,0.000844,0.001966,-0.01526,0.024362,0.45464,0.093317,0.050688,-0.046074,-0.869368,0.494107,-0.007452,-0.376148,-0.651892,0.658444,0.320484,0.575234,0.752592,-0.050133,-0.041337,-0.010649,-0.268,-0.066592,-0.541612,-0.213113
4181,0.151316,0.048821,0.386638,-0.821434,0.555109,-0.13094,-0.493254,-0.576063,0.651785,0.287402,0.599292,0.747179,-0.113233,-0.074241,-0.018027,0.512194,-1.948353,1.291784,-0.033351,-0.146052,0.014909,0.333534,0.797284,-0.293957,0.527181,-0.083832,0.810865,0.579141,-0.598704,-0.505561,0.621148,-0.000126,0.001574,0.001292,0.0,0.0,0.0,0.473668,0.046643,0.028519,-0.009984,-0.691593,0.452143,0.563263,-0.055272,-0.810675,0.58288,0.720169,0.371984,0.585648,-6.7e-05,0.00083,0.000678,-1e-06,0.0,1e-05,0.45415,0.091152,0.049147,-0.046506,-0.886895,0.46105,-0.029125,-0.365205,-0.661121,0.655396,0.282915,0.591904,0.754723,-0.056575,-0.036886,-0.008838,0.474243,-1.942238,1.277772,-0.217032
4182,0.147269,0.046698,0.385838,-0.840127,0.520518,-0.152619,-0.481589,-0.58617,0.651498,0.250698,0.620191,0.743331,-0.100501,-0.044136,-0.018444,0.037176,-0.450957,-0.042938,-0.008232,-0.146022,0.014923,0.333567,0.797275,-0.29395,0.527198,-0.083878,0.810842,0.579167,-0.598709,-0.505601,0.62111,-4.4e-05,0.000545,0.000448,0.0,0.0,0.0,0.475509,0.046658,0.028527,-0.009966,-0.691584,0.452135,0.56328,-0.055222,-0.810662,0.582903,0.720181,0.372022,0.585609,-3e-05,0.000378,0.000307,-7e-06,8e-06,5e-06,0.45513,0.089164,0.048081,-0.046909,-0.903542,0.425356,-0.051778,-0.352586,-0.669359,0.653941,0.2435,0.609121,0.75477,-0.050129,-0.021217,-0.008737,0.58427,-1.826599,1.242466,-0.217032
4183,0.143766,0.045618,0.385252,-0.851191,0.498155,-0.165412,-0.471416,-0.586793,0.658341,0.23195,0.63773,0.734525,-0.074913,-0.023991,-0.009574,-0.429418,-0.149934,-0.538793,0.053674,-0.146042,0.014921,0.333568,0.797258,-0.293926,0.527237,-0.083914,0.810853,0.579145,-0.598727,-0.505597,0.621096,-0.0,0.0,0.0,0.0,0.0,0.0,0.476329,0.046648,0.028526,-0.009966,-0.691571,0.452108,0.563319,-0.055189,-0.810681,0.58288,0.720196,0.372014,0.585595,4e-06,-1.9e-05,-1.6e-05,-7e-06,9e-06,5e-06,0.456273,0.087401,0.047526,-0.047209,-0.912771,0.403222,-0.065271,-0.342873,-0.669492,0.658951,0.222005,0.623852,0.749347,-0.037311,-0.010961,-0.004214,-0.557851,-0.374304,-0.417375,-0.170168
4184,0.142335,0.045375,0.385083,-0.857052,0.484008,-0.176759,-0.467562,-0.586203,0.661607,0.21767,0.649074,0.728938,-0.061692,-0.013295,-0.004685,0.106056,-2.037693,1.162571,0.105644,-0.146072,0.014911,0.333563,0.797223,-0.293881,0.527314,-0.083985,0.810875,0.579105,-0.598763,-0.505589,0.621069,7.8e-05,-0.000981,-0.000805,0.0,0.0,0.0,0.476429,0.046633,0.028523,-0.009967,-0.691542,0.452056,0.563394,-0.055127,-0.810717,0.582836,0.720228,0.371998,0.585565,5.4e-05,-0.000674,-0.000554,-1.2e-05,1.4e-05,5e-06,0.456926,0.08668,0.047397,-0.047297,-0.918098,0.389373,-0.074046,-0.337197,-0.669135,0.662236,0.20831,0.632966,0.745627,-0.036702,-0.005728,-0.001639,-0.847529,-0.329277,-0.635603,-0.125426
4185,0.140296,0.045477,0.38514,-0.876795,0.441434,-0.190822,-0.4446,-0.592631,0.671633,0.184483,0.673172,0.716123,-0.034884,-0.000987,0.014786,-0.313276,-0.052885,-0.349699,0.236988,-0.146183,0.014909,0.333559,0.797075,-0.293694,0.527642,-0.084266,0.810979,0.578918,-0.59892,-0.505531,0.620964,0.0,-0.0,-0.0,0.0,0.0,0.0,0.476503,0.046578,0.028519,-0.009971,-0.691419,0.451844,0.563716,-0.054883,-0.810876,0.582637,0.720365,0.371908,0.585454,-0.006698,-0.000645,0.000133,-0.002046,0.015196,-0.029232,0.457579,0.08565,0.047437,-0.047278,-0.934378,0.344179,-0.092065,-0.313669,-0.672145,0.670694,0.168958,0.655561,0.735997,-0.023062,0.006342,0.003992,-0.253052,-0.054846,-0.398017,0.024638
4186,0.13923,0.045996,0.385734,-0.882086,0.425697,-0.201871,-0.438184,-0.583664,0.683596,0.174275,0.690916,0.701635,-0.02057,0.014413,0.022027,-0.235562,-0.037253,-0.242292,0.346713,-0.146345,0.014912,0.333591,0.797023,-0.293592,0.527778,-0.08442,0.811009,0.578853,-0.598968,-0.505541,0.620909,-3.7e-05,0.000471,0.000387,0.0,0.0,0.0,0.476182,0.046497,0.028521,-0.009955,-0.691382,0.451733,0.56385,-0.054742,-0.810937,0.582565,0.720412,0.371909,0.585396,-2.4e-05,0.000288,0.000238,4e-06,1e-06,-4e-06,0.457906,0.085113,0.047701,-0.046978,-0.938939,0.328178,-0.103399,-0.306966,-0.663175,0.68262,0.155449,0.672679,0.723421,-0.010267,0.007434,0.011155,-0.187022,-0.014246,-0.293696,0.189071
4187,0.138952,0.046284,0.386237,-0.883253,0.421652,-0.205226,-0.436928,-0.580856,0.686784,0.171474,0.695747,0.697538,-0.007954,0.018557,0.023623,-0.08817,0.049287,-0.162563,0.390087,-0.146458,0.014935,0.333621,0.796911,-0.293443,0.528029,-0.084652,0.811081,0.57872,-0.599084,-0.505514,0.62082,-0.000148,0.001886,0.001547,0.0,0.0,0.0,0.476276,0.04644,0.02853,-0.009942,-0.691291,0.451564,0.564097,-0.054537,-0.811055,0.582421,0.720515,0.371858,0.585302,-0.006786,0.000475,0.001053,-0.00011,-4.7e-05,-0.004877,0.457742,0.08497,0.04785,-0.046724,-0.940066,0.323832,-0.106797,-0.305462,-0.660562,0.68582,0.151545,0.677339,0.719891,-0.0041,0.004441,0.016474,-0.034396,-0.000927,-0.01641,0.260103
4188,0.138771,0.046732,0.387532,-0.89723,0.386506,-0.213628,-0.41872,-0.590612,0.689799,0.141554,0.707876,0.692026,0.004093,0.010891,0.033329,-0.038157,-0.117034,-0.0613,0.467928,-0.146714,0.014971,0.333688,0.796773,-0.293225,0.528359,-0.084985,0.811166,0.578551,-0.599221,-0.505504,0.620696,-9.9e-05,0.001275,0.001045,0.0,0.0,0.0,0.478782,0.046312,0.02855,-0.009906,-0.691184,0.451322,0.564422,-0.054238,-0.811208,0.582236,0.72064,0.37182,0.585172,-0.006759,0.000125,0.000765,-0.002052,0.015201,-0.029237,0.459049,0.084878,0.048093,-0.046072,-0.950633,0.28792,-0.115741,-0.286097,-0.668759,0.686227,0.120175,0.685465,0.718118,0.001911,0.000606,0.02132,0.023954,-0.333038,-0.320675,0.380938
4189,0.139045,0.046769,0.389202,-0.909573,0.35028,-0.223667,-0.401655,-0.602387,0.689765,0.108006,0.716791,0.688893,0.015145,-0.011065,0.050116,0.043643,-0.642984,0.803029,0.519323,-0.147051,0.015005,0.333763,0.796515,-0.292857,0.528952,-0.085557,0.811324,0.578245,-0.599482,-0.505464,0.620476,-0.000167,0.002183,0.001788,0.0,0.0,0.0,0.485263,0.046144,0.028566,-0.009871,-0.690977,0.450909,0.565005,-0.053727,-0.81148,0.581904,0.720876,0.371726,0.58494,-0.006793,0.00063,0.00118,-0.000108,-5e-05,-0.004879,0.464274,0.085013,0.04813,-0.045237,-0.959789,0.250985,-0.125736,-0.267099,-0.678665,0.684157,0.08638,0.690231,0.718414,0.007746,-8e-06,0.020738,0.482361,-1.849568,2.028929,0.472707
4190,0.139638,0.046078,0.391019,-0.928642,0.275433,-0.24861,-0.369617,-0.627269,0.685485,0.034013,0.728116,0.684629,0.013135,-0.032809,0.053676,0.30229,-1.300315,-0.991355,0.524164,-0.147512,0.015096,0.333907,0.796182,-0.292373,0.529721,-0.086313,0.811521,0.577856,-0.599817,-0.505428,0.620182,-0.01377,0.003842,0.00445,-9.8e-05,-5.5e-05,-0.004878,0.492634,0.045919,0.028607,-0.009802,-0.690711,0.45037,0.56576,-0.053051,-0.811827,0.581482,0.721182,0.371622,0.58463,-0.006871,0.001705,0.002056,-0.00206,0.015216,-0.029248,0.472928,0.085313,0.047809,-0.044322,-0.971939,0.17754,-0.154313,-0.234917,-0.698774,0.675668,0.012128,0.69296,0.720873,0.006831,-0.011487,0.022248,1.449135,-4.550495,-3.04848,0.509448
4191,0.139868,0.045491,0.391925,-0.938086,0.225953,-0.262649,-0.346185,-0.643665,0.682512,-0.013678,0.730897,0.68237,0.000892,-0.035327,0.052957,0.277686,-1.134122,-1.185488,0.523848,-0.147822,0.015181,0.33402,0.79595,-0.292042,0.530252,-0.086828,0.811661,0.577583,-0.60005,-0.505396,0.619983,-0.013853,0.005085,0.005457,-0.0001,-5.4e-05,-0.004878,0.497513,0.045769,0.028648,-0.009748,-0.690532,0.450012,0.566262,-0.052607,-0.81206,0.581196,0.721385,0.371546,0.584428,-0.013653,0.002335,0.003221,-0.01555,0.120483,-0.202285,0.47799,0.085433,0.047516,-0.043869,-0.976973,0.128039,-0.170667,-0.210333,-0.712187,0.669737,-0.035794,0.690213,0.722719,0.006497,-0.013807,0.021183,1.342661,-3.797185,-4.011913,0.515
4192,0.140091,0.044097,0.393831,-0.949536,0.120005,-0.289872,-0.291993,-0.676201,0.676361,-0.113666,0.726718,0.677486,0.012122,-0.040047,0.050461,1.523168,-3.956995,-3.696484,0.522518,-0.148714,0.015366,0.334257,0.795167,-0.290972,0.532011,-0.088463,0.812161,0.57663,-0.600849,-0.505211,0.61936,-0.027254,0.004655,0.006377,-0.00215,0.01515,-0.034123,0.50923,0.045323,0.028744,-0.009627,-0.689897,0.448805,0.567992,-0.05116,-0.812886,0.58017,0.722096,0.371199,0.583769,-0.013621,0.002167,0.003072,-0.002184,0.015156,-0.034115,0.492033,0.085539,0.046815,-0.042917,-0.978897,0.026912,-0.202572,-0.15635,-0.736938,0.657629,-0.131585,0.675424,0.725594,0.005995,-0.02005,0.025196,0.159884,-0.890263,0.311281,0.519572
4193,0.140956,0.042432,0.395602,-0.948305,0.071156,-0.309353,-0.271207,-0.688204,0.6729,-0.163839,0.721923,0.672318,0.034802,-0.048565,0.045782,2.125293,-5.475275,-1.649469,0.522551,-0.14998,0.015424,0.334426,0.794043,-0.289441,0.53452,-0.090797,0.812872,0.575264,-0.601986,-0.504949,0.618468,-0.026946,0.000722,0.003146,-0.004089,0.030411,-0.058491,0.516917,0.044704,0.028781,-0.009537,-0.689007,0.447117,0.570399,-0.049144,-0.814035,0.578731,0.723086,0.370718,0.582849,-0.020138,-0.000564,0.00148,-0.006169,0.04563,-0.087736,0.503464,0.085963,0.045988,-0.042029,-0.974776,-0.020902,-0.222199,-0.132788,-0.74589,0.652697,-0.179379,0.66574,0.724301,0.017251,-0.024977,0.022535,-0.172339,-0.067904,0.197572,0.519572
4194,0.141697,0.041481,0.396395,-0.947152,0.0483,-0.317199,-0.260994,-0.691155,0.673914,-0.185508,0.721024,0.667637,0.046105,-0.053635,0.043068,-0.302336,-0.528396,-0.395545,0.522199,-0.150764,0.015383,0.334468,0.793326,-0.288473,0.536105,-0.092272,0.813319,0.574397,-0.602706,-0.504784,0.617901,-0.040195,-0.00214,0.00208,-0.006134,0.045616,-0.087736,0.518476,0.044317,0.028763,-0.009515,-0.688439,0.446047,0.57192,-0.047869,-0.81476,0.577818,0.723712,0.370416,0.582264,-0.026788,-0.001596,0.001271,-0.006307,0.045588,-0.092609,0.507219,0.08633,0.045516,-0.04163,-0.971079,-0.04683,-0.234115,-0.120645,-0.749924,0.650428,-0.206028,0.659862,0.722587,0.017141,-0.02637,0.021932,-0.142684,-1.414569,-1.204668,0.520388
4195,0.14346,0.039305,0.397711,-0.944975,-0.022078,-0.326467,-0.21646,-0.706145,0.674149,-0.244244,0.707746,0.662923,0.044941,-0.055854,0.028158,0.033906,-0.42416,-0.140362,0.520463,-0.15263,0.015229,0.334496,0.79552,-0.285932,0.534211,-0.092296,0.814043,0.573366,-0.599801,-0.505066,0.620491,-0.053473,-0.004748,0.001172,-0.033308,-0.112707,0.059811,0.517506,0.043374,0.028684,-0.009502,-0.691215,0.443787,0.570328,-0.048039,-0.815691,0.576489,0.72105,0.37108,0.585137,-0.02673,-0.0025,0.000514,-0.143976,-0.544031,0.558638,0.510485,0.087213,0.044436,-0.040963,-0.961731,-0.116958,-0.247774,-0.074458,-0.758717,0.64715,-0.26368,0.640833,0.720974,0.022365,-0.02846,0.013791,0.432094,-1.149572,-1.111734,0.520388
4196,0.145445,0.037302,0.398386,-0.938836,-0.109387,-0.326599,-0.151733,-0.720006,0.677156,-0.308059,0.685428,0.659784,0.056592,-0.052564,0.015264,-0.053408,-0.112097,-0.05969,0.496277,-0.154851,0.015188,0.334454,0.799114,-0.284098,0.529807,-0.090637,0.814141,0.573491,-0.595258,-0.505944,0.624141,-0.054619,0.007082,-0.006407,-0.037302,-0.547338,0.47597,0.515571,0.042284,0.028659,-0.009522,-0.694089,0.441908,0.568293,-0.048623,-0.816392,0.575446,0.718245,0.371779,0.588136,-0.033997,0.002997,-0.002992,0.078728,0.017046,-0.169546,0.509342,0.088178,0.043443,-0.040626,-0.945836,-0.202923,-0.253404,-0.008416,-0.76498,0.643997,-0.324531,0.611249,0.721839,0.028211,-0.02666,0.00741,0.470063,-1.262404,-0.90261,0.504875
4197,0.146467,0.03649,0.398532,-0.933324,-0.141085,-0.330221,-0.129976,-0.724601,0.67678,-0.333603,0.674749,0.658369,0.045259,-0.039853,0.007606,1.812352,-3.947904,-3.502094,0.484962,-0.156005,0.015202,0.334418,0.801157,-0.284573,0.526456,-0.089006,0.813119,0.575195,-0.592751,-0.507318,0.625411,-0.053501,-0.004015,0.001653,-0.121046,-0.494809,0.487892,0.515249,0.041687,0.028668,-0.009543,-0.697069,0.443454,0.56342,-0.050625,-0.814277,0.578263,0.715214,0.374567,0.590057,-0.034,0.003085,-0.002946,-0.360677,-1.772228,1.890463,0.508689,0.08873,0.042993,-0.040549,-0.937413,-0.232239,-0.259461,0.012378,-0.766865,0.641688,-0.347997,0.598315,0.721744,0.022654,-0.020247,0.003732,1.795083,-3.938757,-3.507145,0.486424
4198,0.148632,0.035325,0.398596,-0.918848,-0.20354,-0.338135,-0.086167,-0.732706,0.675048,-0.384011,0.649653,0.656135,0.046453,-0.022977,0.001502,-0.010814,-0.150881,0.222741,0.488173,-0.158633,0.015283,0.334211,0.808535,-0.282329,0.516288,-0.083684,0.813154,0.575945,-0.583431,-0.508517,0.633152,-0.067792,0.002957,-0.008673,-0.07277,-0.49521,0.436501,0.51145,0.040403,0.02871,-0.009636,-0.704468,0.441983,0.555314,-0.055023,-0.814082,0.578136,0.707598,0.376724,0.597815,-0.040583,0.001065,-0.004027,0.02213,0.080528,-0.172214,0.506893,0.089793,0.042407,-0.040523,-0.916306,-0.293813,-0.272131,0.057973,-0.769677,0.635794,-0.396258,0.566806,0.722294,0.029269,-0.006517,-0.004211,0.052975,-0.172518,0.048602,0.472544
4199,0.150942,0.035041,0.398099,-0.898544,-0.272218,-0.344328,-0.035156,-0.737378,0.674543,-0.436406,0.618548,0.653433,0.070758,-0.003305,-0.018239,0.156643,-1.552713,-1.073164,0.513276,-0.161333,0.015311,0.333821,0.814127,-0.284169,0.506395,-0.078027,0.810484,0.580483,-0.576392,-0.511738,0.636993,-0.081052,-0.001662,-0.011351,0.011629,0.046221,-0.127273,0.511052,0.039033,0.028729,-0.009831,-0.711229,0.446096,0.543277,-0.060874,-0.809024,0.584613,0.700319,0.382723,0.602558,-0.033825,-0.000506,-0.005955,-0.000908,-0.199697,0.20678,0.504117,0.090966,0.042261,-0.040769,-0.88988,-0.357475,-0.283415,0.108724,-0.769549,0.629263,-0.443048,0.529155,0.723673,0.035396,-0.001558,-0.009113,0.168047,-1.569999,-1.068328,0.492792
4200,0.15347,0.034686,0.397229,-0.886026,-0.310594,-0.344288,-0.006108,-0.734692,0.678353,-0.462537,0.603525,0.649495,0.069636,-0.015367,-0.024086,-0.084464,-0.15495,0.086106,0.520494,-0.164269,0.015264,0.333245,0.81779,-0.28457,0.500231,-0.074823,0.809101,0.58283,-0.571609,-0.513699,0.639718,-0.067674,-0.003523,-0.014185,-0.095933,-0.476665,0.449267,0.510665,0.037534,0.028703,-0.010125,-0.714898,0.447109,0.537599,-0.06344,-0.80715,0.586926,0.696344,0.385488,0.605395,-0.033825,-0.001964,-0.007209,-0.106277,-0.530743,0.511117,0.503953,0.092205,0.042108,-0.041186,-0.872287,-0.395725,-0.287255,0.137396,-0.762122,0.632685,-0.469293,0.512416,0.719161,0.034774,-0.008123,-0.012306,-0.096587,-0.132867,0.046783,0.512387
4201,0.154816,0.034202,0.396742,-0.881473,-0.326089,-0.341637,0.003638,-0.728109,0.685431,-0.471166,0.603349,0.643428,0.068943,-0.02411,-0.028394,1.769207,-3.973345,-3.493813,0.522322,-0.165773,0.015203,0.332941,0.819399,-0.284512,0.497624,-0.073665,0.808515,0.58379,-0.56945,-0.514652,0.640877,-0.081119,-0.004723,-0.01409,0.03482,-0.011601,-0.012573,0.509207,0.036813,0.028672,-0.010273,-0.716722,0.447488,0.534847,-0.064511,-0.806219,0.588087,0.694367,0.386992,0.606703,-0.04054,-0.00279,-0.007347,0.023341,0.100374,-0.186445,0.503137,0.092879,0.041877,-0.041424,-0.868247,-0.405738,-0.28552,0.142454,-0.75514,0.639897,-0.475239,0.514916,0.713448,0.034421,-0.012563,-0.014494,-0.094663,-0.191483,0.062595,0.517285
4202,0.157184,0.03286,0.395666,-0.875946,-0.345891,-0.33634,0.015285,-0.716752,0.697141,-0.481119,0.605944,0.633548,0.056363,-0.044662,-0.024067,-0.072224,0.01071,-0.158127,0.519837,-0.168839,0.014956,0.332294,0.82436,-0.282539,0.490504,-0.070851,0.80806,0.584767,-0.562601,-0.516451,0.645462,-0.081254,-0.007784,-0.016785,-0.103677,-0.447396,0.393833,0.504108,0.035249,0.028549,-0.010601,-0.722267,0.446443,0.528222,-0.067027,-0.805341,0.589009,0.688359,0.390016,0.611595,-0.040615,-0.004025,-0.008452,-0.120108,-0.49775,0.456876,0.498238,0.094089,0.041195,-0.041974,-0.857403,-0.430132,-0.282568,0.157962,-0.742503,0.65095,-0.489803,0.513492,0.704569,0.02813,-0.022978,-0.012398,0.009474,0.04533,-0.149216,0.519408
4203,0.159248,0.030832,0.394502,-0.861981,-0.375435,-0.34071,0.03304,-0.712264,0.701114,-0.504827,0.593554,0.626794,0.055907,-0.057223,-0.030821,1.859928,-3.995816,-3.27743,0.516741,-0.171954,0.014466,0.331636,0.825693,-0.280986,0.48915,-0.071583,0.807769,0.58508,-0.560547,-0.517754,0.646205,-0.08065,-0.022723,-0.012082,-0.017707,0.137595,-0.248173,0.496459,0.033722,0.028314,-0.010923,-0.724082,0.445415,0.526601,-0.066463,-0.805014,0.589519,0.686503,0.391861,0.6125,-0.040736,-0.005178,-0.009506,0.021918,0.117327,-0.212669,0.490727,0.095083,0.04023,-0.042535,-0.843449,-0.452735,-0.289175,0.171434,-0.736986,0.653804,-0.509118,0.501877,0.699225,0.021895,-0.028332,-0.015096,0.0126,-0.089797,0.157028,0.515326
4204,0.160076,0.029618,0.393975,-0.860146,-0.3803,-0.339952,0.037144,-0.711441,0.701744,-0.50766,0.591445,0.626499,0.04368,-0.072244,-0.023931,-0.031449,-0.058611,0.122542,0.517507,-0.173488,0.014176,0.331317,0.826965,-0.280533,0.487258,-0.071299,0.807159,0.585955,-0.558703,-0.518948,0.646843,-0.068204,-0.010767,-0.020678,0.019801,0.106724,-0.196296,0.4901,0.032951,0.028162,-0.011082,-0.725508,0.445226,0.524796,-0.066539,-0.804355,0.59041,0.684988,0.393428,0.613191,-0.040395,-0.010704,-0.005507,-0.017782,0.113573,-0.214766,0.484685,0.095518,0.039602,-0.04281,-0.838338,-0.462108,-0.289212,0.179809,-0.735222,0.653541,-0.514642,0.495886,0.699457,0.021808,-0.031284,-0.016753,0.014738,-0.063392,0.147338,0.515
4205,0.161426,0.026718,0.392797,-0.849711,-0.398013,-0.345862,0.048604,-0.712313,0.700157,-0.523979,0.578613,0.625044,0.031217,-0.082695,-0.029799,-0.03142,-0.033843,0.064682,0.514283,-0.176482,0.013459,0.330811,0.826821,-0.278089,0.488901,-0.074351,0.807408,0.585233,-0.558517,-0.51988,0.646256,-0.081179,-0.021675,-0.011581,-0.015832,0.122203,-0.223946,0.480788,0.031459,0.027805,-0.01134,-0.725759,0.442798,0.526501,-0.063651,-0.805258,0.589497,0.684997,0.394321,0.612608,-0.033839,-0.010749,-0.006199,-0.015005,0.125011,-0.221535,0.470316,0.096198,0.038156,-0.043396,-0.826606,-0.478009,-0.297032,0.19102,-0.734769,0.650864,-0.529369,0.48127,0.698674,0.009459,-0.041518,-0.014807,-0.024835,-0.108782,0.21016,0.51353
4206,0.162242,0.023629,0.391246,-0.83372,-0.42498,-0.352629,0.068213,-0.712979,0.697839,-0.546949,0.558275,0.623861,0.018619,-0.08084,-0.044274,0.59183,-1.259734,-0.825118,0.508724,-0.179228,0.012607,0.330358,0.828008,-0.276507,0.48779,-0.075884,0.806537,0.586237,-0.556548,-0.522072,0.646187,-0.068048,-0.021777,-0.012954,-0.144032,-0.448352,0.406943,0.468418,0.030081,0.02738,-0.011566,-0.726922,0.441203,0.526235,-0.061536,-0.80507,0.589978,0.683957,0.396486,0.612373,-0.034032,-0.011128,-0.006632,-0.436069,-1.832513,1.952877,0.459375,0.09661,0.036608,-0.044168,-0.809281,-0.501177,-0.306404,0.209084,-0.733211,0.647058,-0.54895,0.459589,0.698162,0.009206,-0.035711,-0.026916,1.976888,-3.968306,-3.228538,0.506835
4207,0.162903,0.020501,0.389317,-0.806418,-0.463882,-0.36681,0.097021,-0.71568,0.691636,-0.582354,0.522733,0.622608,0.006144,-0.085264,-0.047729,0.752477,-2.070448,2.021801,0.498428,-0.181632,0.011747,0.329863,0.828376,-0.274842,0.488105,-0.077915,0.806206,0.586425,-0.555718,-0.523461,0.645778,-0.054807,-0.020691,-0.013285,-0.01168,0.091786,-0.165464,0.437112,0.028874,0.026946,-0.011815,-0.727968,0.439924,0.52586,-0.059834,-0.804834,0.590476,0.682994,0.398383,0.612216,-0.027401,-0.010542,-0.006762,0.000851,-0.012861,-0.000638,0.431779,0.096947,0.035007,-0.045153,-0.778398,-0.537362,-0.324559,0.238802,-0.731593,0.638549,-0.580577,0.419539,0.697794,0.003079,-0.043079,-0.024134,0.754163,-2.072128,2.018207,0.496221
4208,0.163101,0.018802,0.388243,-0.789151,-0.491523,-0.368362,0.121351,-0.7127,0.690872,-0.601131,0.50111,0.622541,0.005981,-0.077572,-0.059224,0.647931,-1.160784,-1.01457,0.491316,-0.182702,0.011307,0.3296,0.828755,-0.274269,0.487783,-0.0785,0.805911,0.586753,-0.555068,-0.524216,0.645724,-0.054997,-0.022106,-0.014574,-0.001374,0.000424,-0.022403,0.413677,0.028339,0.02673,-0.011944,-0.728429,0.43938,0.525676,-0.059099,-0.804712,0.590715,0.682566,0.399227,0.612143,-0.027472,-0.010597,-0.006858,-0.011325,0.093356,-0.167198,0.409408,0.097041,0.034219,-0.045649,-0.761487,-0.55821,-0.32945,0.258043,-0.72733,0.635927,-0.594601,0.399238,0.697895,0.003018,-0.044526,-0.025319,0.018774,-0.09995,0.124977,0.488873
4209,0.163119,0.015442,0.386146,-0.760344,-0.533631,-0.370351,0.157578,-0.704713,0.691751,-0.629187,0.468271,0.620381,-0.006825,-0.08015,-0.062022,-0.005922,-0.260181,0.013039,0.470726,-0.184576,0.010475,0.329023,0.83303,-0.251991,0.492496,-0.101936,0.804924,0.5845,-0.544747,-0.536788,0.644185,-0.041654,-0.021474,-0.015237,-0.011332,0.092062,-0.160465,0.343502,0.027397,0.026312,-0.012234,-0.737008,0.418478,0.530749,-0.036137,-0.808541,0.587328,0.674917,0.413687,0.611024,-0.027594,-0.010296,-0.006706,-0.011713,0.092198,-0.164901,0.335927,0.097057,0.032502,-0.046718,-0.725202,-0.600627,-0.336642,0.297028,-0.713994,0.634023,-0.621172,0.359803,0.696193,-0.00334,-0.045408,-0.026497,0.05205,-0.42534,-0.409369,0.465359
4210,0.16291,0.012237,0.383898,-0.741912,-0.555702,-0.375242,0.175576,-0.701141,0.691048,-0.646193,0.447501,0.618227,-0.006526,-0.075061,-0.060704,-0.153506,-0.234754,0.070785,0.452137,-0.186162,0.009792,0.328478,0.840056,-0.217546,0.496963,-0.135132,0.803127,0.580225,-0.526394,-0.554298,0.644613,-0.028656,-0.005528,-0.020346,-0.794989,-0.913295,-1.158865,0.245202,0.026614,0.025965,-0.012505,-0.748517,0.390755,0.535754,-0.008339,-0.813417,0.58162,0.663063,0.430885,0.612115,-0.013984,-0.007984,-0.00581,-0.016655,0.063925,-0.106206,0.227339,0.096951,0.030886,-0.04785,-0.705168,-0.619926,-0.344135,0.314676,-0.708561,0.631601,-0.635387,0.337094,0.69473,-0.003174,-0.036965,-0.029991,-0.284723,-0.230533,-0.102809,0.435967
4211,0.162673,0.010892,0.382724,-0.732485,-0.564223,-0.381003,0.181084,-0.700977,0.689791,-0.65536,0.436967,0.616109,-0.019009,-0.068583,-0.057148,1.87018,-4.026095,-3.540259,0.444925,-0.186832,0.009596,0.328239,0.842441,-0.204371,0.498514,-0.146599,0.803247,0.577267,-0.519454,-0.559133,0.646066,-0.041586,-0.014411,-0.00939,-0.775928,-0.944824,-1.252824,0.194512,0.026268,0.025862,-0.012634,-0.755067,0.375175,0.537695,0.005963,-0.816135,0.577829,0.655619,0.439507,0.613999,-0.01423,-0.001124,-0.008633,-2.671049,-3.227813,-3.679557,0.160227,0.096837,0.030203,-0.048443,-0.699435,-0.622744,-0.350683,0.316007,-0.709576,0.629794,-0.641037,0.329682,0.693094,-0.003038,-0.029085,-0.033302,-0.390776,-0.369029,-0.084572,0.42519
4212,0.161861,0.00879,0.380385,-0.717737,-0.570819,-0.398829,0.182241,-0.706805,0.683511,-0.671164,0.418605,0.611831,-0.031296,-0.044485,-0.058605,0.055319,-0.098441,-0.028008,0.411788,-0.188071,0.009436,0.327833,0.841902,-0.200608,0.500949,-0.14921,0.805436,0.573536,-0.519585,-0.55735,0.6475,-0.028246,0.004501,-0.011825,0.388383,-0.35187,-0.337954,0.133072,0.025633,0.025772,-0.012844,-0.754751,0.37157,0.540633,0.009683,-0.817723,0.575528,0.655939,0.439616,0.61358,-0.014101,0.002631,-0.005561,0.387396,-0.350366,-0.336646,0.051475,0.096435,0.029134,-0.049618,-0.681099,-0.631241,-0.370995,0.320621,-0.712658,0.623955,-0.658259,0.306026,0.68778,-0.009054,-0.021647,-0.029086,0.217794,-0.498372,0.535782,0.393674
4213,0.160777,0.007413,0.378214,-0.703737,-0.5739,-0.418854,0.178712,-0.713597,0.677358,-0.686754,0.402538,0.605276,-0.030753,-0.02264,-0.061248,0.092282,-0.026634,-0.157272,0.371671,-0.189073,0.009823,0.327628,0.841087,-0.199536,0.502742,-0.150348,0.806436,0.571831,-0.520576,-0.556289,0.647615,-0.013998,0.015367,-0.003457,0.036088,-0.012838,0.012073,0.056735,0.025147,0.025947,-0.01295,-0.755152,0.368701,0.542035,0.010379,-0.820015,0.572247,0.655466,0.43776,0.61541,-0.013798,0.007983,-0.000966,0.030784,0.005354,-0.015142,-0.034089,0.095893,0.028439,-0.050702,-0.668662,-0.631609,-0.392378,0.317208,-0.719574,0.617731,-0.67251,0.288587,0.681503,-0.00872,-0.015879,-0.025806,0.227826,-0.495367,0.568075,0.343708
4214,0.159588,0.006514,0.376221,-0.693361,-0.572387,-0.4378,0.171124,-0.720975,0.671478,-0.699128,0.391367,0.598397,-0.043241,-0.011793,-0.054411,-0.001886,-0.039042,-0.156568,0.265617,-0.190019,0.010493,0.327651,0.840188,-0.198394,0.504693,-0.151608,0.807473,0.570032,-0.521662,-0.555195,0.647681,-0.026654,0.009826,0.010352,-0.014098,0.122285,-0.201244,-0.079448,0.024669,0.026294,-0.012941,-0.754441,0.367514,0.54383,0.011151,-0.821249,0.570459,0.656272,0.436443,0.615486,-0.013591,0.011015,0.00162,0.035982,-0.012732,0.007551,-0.178601,0.095303,0.027987,-0.0517,-0.660409,-0.627804,-0.411972,0.31007,-0.727671,0.611842,-0.683897,0.276326,0.675224,-0.015024,-0.01141,-0.02301,-0.036727,-0.055227,-0.14714,0.256347
4215,0.158909,0.006213,0.375335,-0.688592,-0.56712,-0.451953,0.165805,-0.729884,0.663137,-0.705096,0.382397,0.597193,-0.042776,-0.015612,-0.041184,0.213022,-0.42097,0.504458,0.154723,-0.190564,0.010803,0.327784,0.840893,-0.192833,0.505673,-0.157173,0.806922,0.569304,-0.518865,-0.557955,0.647556,-0.027155,0.021658,0.002855,-0.80443,-0.941627,-1.090844,-0.172672,0.024397,0.02645,-0.012867,-0.755514,0.36355,0.545002,0.015323,-0.821864,0.569475,0.654952,0.438598,0.61536,-0.020046,0.005416,0.006204,-2.807004,-3.114934,-3.635338,-0.257144,0.094963,0.027835,-0.05215,-0.657629,-0.621759,-0.425368,0.305559,-0.736258,0.603785,-0.68859,0.267091,0.674169,-0.014716,-0.007438,-0.02049,0.576386,-1.55474,2.059274,0.154291
4216,0.157296,0.006425,0.373971,-0.689554,-0.536014,-0.487083,0.133423,-0.755059,0.641917,-0.710996,0.378311,0.592784,-0.053443,0.013558,-0.021686,-0.156464,0.232248,0.424824,-0.037918,-0.191833,0.011072,0.328105,0.848376,-0.14613,0.508818,-0.202949,0.797767,0.567727,-0.489935,-0.58472,0.646474,-0.040571,0.003301,0.005639,-0.028927,0.020183,-0.116696,-0.36554,0.023769,0.026607,-0.012694,-0.772972,0.317982,0.548999,0.063318,-0.822345,0.565454,0.631271,0.471842,0.615516,-0.013221,-0.004014,0.006312,-0.115323,-0.056783,-0.147443,-0.431212,0.094173,0.027897,-0.052844,-0.664185,-0.590155,-0.458882,0.275618,-0.763905,0.583508,-0.694903,0.261081,0.670033,-0.020214,0.006596,-0.011088,-2.458236,2.870299,4.248152,-0.102892
4217,0.155466,0.007742,0.373454,-0.693335,-0.497317,-0.521544,0.099817,-0.783048,0.613876,-0.712824,0.374178,0.593211,-0.03765,0.039089,-0.005081,0.20758,-0.269961,0.755646,-0.217237,-0.192901,0.010855,0.328087,0.850633,-0.119396,0.512016,-0.229599,0.791568,0.566249,-0.473961,-0.599072,0.645242,-0.027723,-0.007685,-0.004712,-0.005952,0.045778,-0.082914,-0.714494,0.02323,0.026511,-0.012692,-0.780531,0.292253,0.552592,0.090612,-0.821752,0.562593,0.618514,0.489193,0.614922,-0.006823,-0.009903,0.000802,-0.040198,0.044069,-0.06972,-0.684639,0.093237,0.028554,-0.053121,-0.676672,-0.549516,-0.490046,0.242182,-0.794648,0.55667,-0.695314,0.258003,0.670799,-0.025259,0.02103,-0.001377,0.187789,-0.1363,0.524171,-0.288227
4218,0.154523,0.008599,0.373543,-0.703595,-0.469798,-0.533187,0.074397,-0.794907,0.602128,-0.70584,0.384568,0.594915,-0.049555,0.039847,0.011595,0.095794,-0.164665,0.821659,-0.293027,-0.193259,0.010651,0.327976,0.849299,-0.116159,0.514966,-0.232451,0.793374,0.562546,-0.474962,-0.597322,0.646127,-0.014281,-0.009766,-0.007438,0.023837,-0.094449,0.100946,-0.948523,0.023046,0.026406,-0.01275,-0.779739,0.28861,0.555617,0.09284,-0.824312,0.55847,0.619182,0.487045,0.615954,-0.007173,-0.005358,-0.004113,-0.011975,0.025576,-0.055921,-0.824905,0.092771,0.028985,-0.05308,-0.691032,-0.522891,-0.499058,0.217467,-0.808837,0.546343,-0.689334,0.269011,0.672644,-0.018142,0.020481,0.00605,-0.100752,-0.059462,1.238466,-0.352073
4219,0.152864,0.010425,0.374498,-0.729371,-0.408938,-0.548482,0.008179,-0.806886,0.590626,-0.683187,0.426805,0.592554,-0.033951,0.049831,0.033307,-0.94262,0.752528,1.542775,-0.470809,-0.193622,0.010212,0.327675,0.846549,-0.102774,0.522287,-0.240364,0.801482,0.547527,-0.475928,-0.588913,0.653098,-0.000588,-0.008417,-0.007237,0.453249,-0.489733,-0.381432,-1.301867,0.022858,0.026174,-0.01291,-0.778419,0.277043,0.563302,0.097872,-0.832808,0.54484,0.620067,0.479246,0.621159,-0.000286,-0.004147,-0.003557,0.086839,-0.207476,0.068471,-0.922063,0.091936,0.029897,-0.05261,-0.723977,-0.465815,-0.508795,0.153199,-0.827726,0.539813,-0.672596,0.312865,0.670618,-0.023481,0.026272,0.017726,-3.233646,3.448956,3.306613,-0.479767
4220,0.15105,0.012547,0.376527,-0.742887,-0.370537,-0.557555,-0.036077,-0.809519,0.58596,-0.66755,0.455874,0.588714,-0.043933,0.062689,0.056727,-0.027113,-0.123331,0.245765,-0.656347,-0.193584,0.009865,0.327665,0.846108,-0.083983,0.526346,-0.247236,0.812841,0.527349,-0.473176,-0.576216,0.66629,0.014099,-0.012212,0.00622,0.353586,-0.517606,-0.116877,-1.401892,0.022877,0.025987,-0.012927,-0.782497,0.256915,0.567179,0.101038,-0.846441,0.522807,0.614401,0.466402,0.63638,0.007071,-0.005801,0.003373,0.362005,-0.538844,-0.116,-0.904591,0.091033,0.030954,-0.051603,-0.743241,-0.427444,-0.514667,0.107579,-0.835629,0.538655,-0.660317,0.344983,0.667058,-0.028424,0.032093,0.029037,-0.019018,-0.19089,0.369593,-0.611542
4221,0.149269,0.014658,0.379189,-0.736611,-0.367826,-0.567585,-0.046673,-0.809579,0.585129,-0.673817,0.457957,0.57989,-0.042657,0.058087,0.068184,-0.104516,-0.149986,0.208736,-0.996149,-0.193152,0.009653,0.327957,0.849513,-0.063527,0.523721,-0.249918,0.825644,0.505754,-0.465593,-0.560449,0.684824,0.028152,-0.006309,0.010369,0.295139,-0.489191,0.106321,-1.402503,0.023082,0.025883,-0.012785,-0.790322,0.236927,0.565027,0.100179,-0.859824,0.500664,0.604446,0.45229,0.655803,0.007312,-0.002304,0.006376,0.328465,-0.278681,-0.218002,-0.917001,0.090145,0.032031,-0.050263,-0.738012,-0.423705,-0.525176,0.096925,-0.836777,0.538895,-0.667789,0.346808,0.65862,-0.021422,0.02394,0.038747,-0.115092,-0.124035,0.192153,-0.806348
4222,0.148509,0.015637,0.380707,-0.735281,-0.365555,-0.570769,-0.050725,-0.810091,0.584083,-0.674977,0.458868,0.577818,-0.041976,0.051673,0.079032,-0.098661,-0.095673,0.209919,-1.170971,-0.192843,0.00957,0.328263,0.852348,-0.056888,0.519863,-0.248541,0.830403,0.49859,-0.46112,-0.554105,0.692965,0.015347,-0.013103,0.023101,0.131218,-0.385449,0.21026,-1.402928,0.023241,0.025842,-0.012638,-0.794856,0.230531,0.561301,0.097635,-0.864379,0.493269,0.598891,0.446881,0.664549,0.007436,-0.000407,0.007999,0.096982,-0.223417,0.04217,-0.929248,0.089765,0.032526,-0.049506,-0.737298,-0.421108,-0.528259,0.093086,-0.837817,0.537955,-0.669122,0.347461,0.65692,-0.020984,0.026299,0.03985,-0.092917,0.000449,0.03367,-0.872317
4223,0.146931,0.017674,0.384154,-0.733808,-0.362586,-0.574546,-0.057417,-0.809589,0.584158,-0.676044,0.462096,0.573986,-0.052885,0.042682,0.103056,-0.174987,0.02386,-0.007013,-1.588751,-0.192249,0.009325,0.3291,0.857072,-0.053059,0.512449,-0.243405,0.834803,0.493753,-0.455058,-0.547845,0.701891,0.014843,-0.001091,0.015741,-0.012554,-0.132786,0.197475,-1.402701,0.023539,0.025725,-0.012208,-0.800548,0.227943,0.554224,0.091844,-0.86724,0.489345,0.592188,0.442647,0.673331,0.007697,-0.005972,0.012029,-0.089899,-0.196187,0.375142,-0.925166,0.08898,0.033548,-0.047791,-0.736493,-0.417694,-0.532078,0.086424,-0.838238,0.538411,-0.6709,0.350552,0.653455,-0.02005,0.026462,0.046816,-0.131657,-0.093125,0.217984,-0.835577
4224,0.14498,0.019805,0.388171,-0.738645,-0.354329,-0.573498,-0.060498,-0.812485,0.57981,-0.670486,0.463407,0.579422,-0.0503,0.055463,0.108531,0.286042,0.381615,0.40592,-1.907434,-0.1917,0.008788,0.330046,0.854805,-0.054422,0.516079,-0.24425,0.835091,0.492848,-0.458859,-0.54727,0.699863,0.015416,-0.011913,0.024084,-0.067368,-0.000822,0.014795,-1.402702,0.023814,0.025461,-0.011738,-0.797709,0.229302,0.557745,0.092474,-0.867435,0.488881,0.595909,0.441562,0.670756,0.007712,-0.005691,0.012261,-0.053685,-0.100958,0.182058,-0.931207,0.088004,0.034606,-0.045786,-0.740985,-0.41151,-0.530659,0.083092,-0.840348,0.535639,-0.66636,0.352808,0.656879,-0.025139,0.028366,0.054692,-0.157203,0.043419,0.038878,-0.852233
