frame,MLTx,MLTy,MLTz,MLTR1,MLTR2,MLTR3,MLTR4,MLTR5,MLTR6,MLTR7,MLTR8,MLTR9,MLTTVx,MLTTVy,MLTTVz,MLTRVx,MLTRVy,MLTRVz,MLGA,MRTx,MRTy,MRTz,MRTR1,MRTR2,MRTR3,MRTR4,MRTR5,MRTR6,MRTR7,MRTR8,MRTR9,MRTTVx,MRTTVy,MRTTVz,MRTRVx,MRTRVy,MRTRVz,MRGA,SLTx,SLTy,SLTz,SLTR1,SLTR2,SLTR3,SLTR4,SLTR5,SLTR6,SLTR7,SLTR8,SLTR9,SLTTVx,SLTTVy,SLTTVz,SLTRVx,SLTRVy,SLTRVz,SLGA,SRTx,SRTy,SRTz,SRTR1,SRTR2,SRTR3,SRTR4,SRTR5,SRTR6,SRTR7,SRTR8,SRTR9,SRTTVx,SRTTVy,SRTTVz,SRTRVx,SRTRVy,SRTRVz,SRGA
301,0.150494,-0.050504,0.308561,-0.402316,0.450343,-0.797106,-0.656432,-0.748761,-0.091782,-0.637682,0.485757,0.597853,0.0,2e-06,2e-06,0.0,0.0,0.0,-1.537143,-0.139227,-0.023203,0.305151,0.214285,-0.758608,0.615294,0.965219,0.260926,-0.014264,-0.15001,0.597887,0.787332,0.002196,-0.017538,0.021649,0.025907,-0.33882,-0.353403,0.164951,0.056713,0.031115,-0.015533,-0.154953,0.812889,0.561426,-0.972778,-0.224666,0.056809,0.172313,-0.53734,0.825574,0.001097,-0.008969,0.010582,-0.046411,-0.624834,-0.587249,0.009999,0.074202,0.017433,-0.063318,0.549683,-0.436108,-0.7125,0.586404,0.808891,-0.042705,0.59496,-0.39434,0.700369,-3e-06,-1e-06,-5e-06,-5.3e-05,-1.7e-05,5.1e-05,-1.0908
302,0.150471,-0.050502,0.308563,-0.405019,0.447931,-0.797096,-0.65197,-0.752655,-0.091745,-0.640538,0.481964,0.59787,0.0,0.0,0.0,1e-06,0.0,-1e-06,-1.535617,-0.138835,-0.023789,0.305985,0.229443,-0.758004,0.610555,0.96026,0.278595,-0.014797,-0.159184,0.590623,0.791005,0.017071,-0.015071,0.022447,0.060433,-0.235892,-0.162231,0.196641,0.056903,0.030821,-0.015116,-0.170805,0.812603,0.557225,-0.968396,-0.24277,0.057191,0.181751,-0.529847,0.828388,0.000998,-0.007738,0.011994,0.164773,-0.474365,-0.064007,0.051312,0.07419,0.017434,-0.063318,0.552118,-0.433423,-0.712256,0.581603,0.81231,-0.043468,0.597413,-0.390251,0.700571,-0.007885,0.000417,0.000467,-0.00202,0.014364,-0.030237,-1.090963
303,0.150471,-0.050502,0.308563,-0.405019,0.447931,-0.797096,-0.65197,-0.752655,-0.091745,-0.640538,0.481964,0.59787,0.0,0.0,0.0,0.0,0.0,-0.0,-1.535016,-0.138614,-0.024004,0.306385,0.230757,-0.759302,0.608443,0.960072,0.279207,-0.015493,-0.158422,0.588661,0.792618,0.017056,-0.014867,0.022672,0.084693,-0.27954,-0.189883,0.206112,0.05702,0.030709,-0.014906,-0.172182,0.813788,0.555068,-0.968264,-0.243445,0.056561,0.181158,-0.527714,0.829878,0.008506,-0.007353,0.011421,0.150857,-0.372455,-0.229371,0.068294,0.07419,0.017434,-0.063318,0.552118,-0.433418,-0.712258,0.581606,0.812308,-0.043458,0.597409,-0.39026,0.700569,1e-06,-0.0,-1e-06,-0.000261,-4.4e-05,6.8e-05,-1.091126
304,0.150449,-0.050493,0.308592,-0.40502,0.44793,-0.797096,-0.651987,-0.752643,-0.091729,-0.64052,0.481983,0.597874,0.000106,0.000817,0.001035,0.0,0.0,0.0,-1.533965,-0.138214,-0.024351,0.307146,0.239547,-0.756756,0.608218,0.956424,0.291545,-0.013755,-0.167228,0.585944,0.792823,0.000672,-0.003828,0.016449,-0.034488,-0.006561,0.005224,0.220226,0.05722,0.030536,-0.014534,-0.181677,0.811796,0.554958,-0.964909,-0.255971,0.058551,0.189585,-0.524847,0.829814,0.008445,-0.006625,0.01224,-0.082691,0.090579,-0.152705,0.093768,0.074179,0.017438,-0.063305,0.552117,-0.433421,-0.712258,0.581628,0.812294,-0.043438,0.59739,-0.390287,0.700571,5.9e-05,0.000456,0.000578,-0.000116,-1.2e-05,0.000111,-1.091453
305,0.150461,-0.050494,0.308591,-0.404999,0.447942,-0.797101,-0.651995,-0.752633,-0.091747,-0.640525,0.481988,0.597865,0.0,0.0,0.0,0.0,0.0,0.0,-1.531094,-0.137852,-0.024556,0.307943,0.274572,-0.745103,0.607802,0.941391,0.337009,-0.011943,-0.196294,0.576378,0.793171,0.016731,-0.011196,0.026802,-0.07704,-0.013408,0.004424,0.221571,0.057395,0.030435,-0.014148,-0.217008,0.801431,0.557329,-0.95131,-0.301651,0.063357,0.218896,-0.516444,0.82787,0.007729,-0.000412,0.008893,-0.121701,-0.021516,-0.083612,0.103075,0.074186,0.017439,-0.063303,0.552095,-0.433438,-0.712265,0.581644,0.812281,-0.043454,0.597394,-0.390294,0.700563,-0.0,-7e-06,-1.2e-05,-7.3e-05,-6e-06,6.9e-05,-1.091943
306,0.150473,-0.050494,0.30859,-0.404977,0.447953,-0.797105,-0.652004,-0.752623,-0.091765,-0.64053,0.481992,0.597856,0.0,0.0,0.0,0.0,0.0,0.0,-1.529309,-0.13768,-0.024627,0.308324,0.287666,-0.740235,0.607695,0.935129,0.354036,-0.011223,-0.207213,0.572414,0.793264,0.015431,-0.000293,0.018395,-0.033189,-0.021714,0.033565,0.222943,0.057487,0.030396,-0.013939,-0.230246,0.797079,0.558257,-0.945559,-0.318839,0.065254,0.230007,-0.512841,0.827097,0.007695,-6.9e-05,0.009274,-0.030531,-0.023643,0.034904,0.105688,0.074191,0.017438,-0.063304,0.552074,-0.433453,-0.712271,0.581658,0.81227,-0.04347,0.5974,-0.3903,0.700555,3e-06,-3e-06,-1e-05,-5.9e-05,-2e-06,4.9e-05,-1.091616
307,0.150484,-0.050508,0.308589,-0.40499,0.447949,-0.797101,-0.652016,-0.752615,-0.091741,-0.640509,0.482008,0.597865,-0.0,-1e-06,-1e-06,0.0,0.0,0.0,-1.528345,-0.137345,-0.024782,0.309195,0.32404,-0.726774,0.605631,0.916818,0.399058,-0.011468,-0.233766,0.559865,0.794838,0.000324,-4.9e-05,0.020644,-0.908068,-0.238657,-1.440718,0.223744,0.057655,0.030317,-0.013513,-0.265021,0.785162,0.559717,-0.929479,-0.362479,0.068379,0.256574,-0.502124,0.825857,0.008305,-0.005108,0.013982,-3.187166,-0.346088,-4.613118,0.10928,0.074197,0.017431,-0.063305,0.552085,-0.433448,-0.712266,0.581669,0.812264,-0.043444,0.597379,-0.390318,0.700562,3e-06,3e-06,1e-06,-4.5e-05,-1e-06,4.5e-05,-1.091943
308,0.150483,-0.050514,0.308582,-0.405009,0.44794,-0.797096,-0.652009,-0.752624,-0.091725,-0.640505,0.482004,0.597874,-1e-06,-6e-06,-8e-06,0.0,0.0,0.0,-1.525709,-0.137135,-0.025028,0.310182,0.359677,-0.711669,0.603449,0.896312,0.443204,-0.011357,-0.259832,0.54584,0.796498,0.001607,-0.01079,0.029168,-3.384413,0.010054,-4.419529,0.227422,0.057759,0.0302,-0.01302,-0.299157,0.773007,0.559431,-0.912213,-0.403691,0.070001,0.279949,-0.489379,0.825914,0.000166,-0.000261,0.010021,-0.032863,-0.029655,-0.023023,0.111893,0.074197,0.017428,-0.063308,0.552102,-0.433437,-0.712259,0.581659,0.812271,-0.04343,0.597373,-0.390315,0.70057,1e-06,3e-06,3e-06,-3.5e-05,-5e-06,4.3e-05,-1.09227
309,0.150495,-0.050514,0.308581,-0.404987,0.447951,-0.797101,-0.652017,-0.752614,-0.091743,-0.640509,0.482008,0.597865,-0.0,-0.0,-0.0,0.0,0.0,0.0,-1.523747,-0.136985,-0.025235,0.311203,0.389905,-0.700718,0.59746,0.879094,0.476348,-0.014835,-0.274704,0.53187,0.800946,0.000207,0.001151,0.021879,0.013626,-0.105625,-0.023904,0.244766,0.057835,0.030092,-0.012507,-0.334396,0.76083,0.556161,-0.893877,-0.443029,0.068616,0.298601,-0.474195,0.828236,0.000763,-0.005152,0.014822,-0.044534,-0.060763,-0.062532,0.130181,0.074203,0.017428,-0.063309,0.552082,-0.433451,-0.712266,0.581671,0.812262,-0.043446,0.597379,-0.390319,0.700562,-0.0,2e-06,4e-06,-3.2e-05,-0.0,4.3e-05,-1.092433
310,0.150506,-0.05052,0.308574,-0.404985,0.447953,-0.797101,-0.652019,-0.752613,-0.091746,-0.64051,0.482009,0.597864,-2.8e-05,-0.000214,-0.000271,0.0,0.0,0.0,-1.522803,-0.136924,-0.025322,0.311702,0.395354,-0.702531,0.591724,0.87827,0.477699,-0.019459,-0.269503,0.52825,0.805098,0.000267,0.000468,0.021086,0.195615,-0.421266,-0.254111,0.247211,0.057865,0.030051,-0.012247,-0.33911,0.762228,0.551372,-0.893436,-0.444469,0.064953,0.294577,-0.47059,0.831726,0.000114,0.000268,0.010574,0.264089,-0.518302,-0.294488,0.138019,0.074208,0.017425,-0.063312,0.55208,-0.433454,-0.712267,0.581673,0.81226,-0.043449,0.59738,-0.39032,0.700561,-2.2e-05,-0.000163,-0.000204,-2.9e-05,5e-06,4.3e-05,-1.092596
311,0.150541,-0.050528,0.308565,-0.404939,0.447978,-0.797111,-0.652037,-0.752592,-0.091785,-0.64052,0.482018,0.597846,-2.4e-05,-0.000182,-0.00023,0.0,0.0,0.0,-1.521025,-0.136851,-0.025463,0.312617,0.412281,-0.701088,0.581801,0.871276,0.489998,-0.026751,-0.266856,0.518801,0.812095,0.000321,-0.000138,0.020358,0.065583,-0.197564,-0.079861,0.246981,0.057902,0.029981,-0.011797,-0.357581,0.760845,0.541524,-0.887206,-0.457792,0.057357,0.291545,-0.459934,0.838725,0.000189,-0.000556,0.009636,0.046478,-0.166471,-0.103905,0.142755,0.074226,0.017422,-0.063317,0.552038,-0.433484,-0.712281,0.581699,0.81224,-0.043484,0.597393,-0.390329,0.700545,-1.4e-05,-0.000113,-0.00014,-2.1e-05,-3e-06,3.7e-05,-1.091943
312,0.150576,-0.050529,0.308563,-0.404874,0.448012,-0.797124,-0.652062,-0.752563,-0.091839,-0.640535,0.482031,0.597819,-0.0,-0.0,-0.0,0.0,0.0,0.0,-1.520257,-0.136833,-0.025635,0.313365,0.427655,-0.703695,0.567377,0.867064,0.496735,-0.03726,-0.256165,0.508753,0.821836,0.000652,-0.003759,0.016311,-0.114689,-0.425134,-0.441446,0.247416,0.05791,0.029901,-0.011417,-0.372776,0.762887,0.528242,-0.884038,-0.464978,0.047661,0.281981,-0.449219,0.847754,0.000336,-0.002113,0.007903,-0.748871,-0.359876,-1.62825,0.143571,0.074243,0.01742,-0.063318,0.55198,-0.433525,-0.712301,0.581735,0.812212,-0.043532,0.597412,-0.390342,0.700521,-0.0,3e-06,6e-06,-2.2e-05,1.2e-05,3.4e-05,-1.092106
313,0.150601,-0.050525,0.308568,-0.404812,0.448044,-0.797138,-0.652087,-0.752536,-0.091891,-0.64055,0.482044,0.597793,4e-06,3e-05,3.9e-05,0.0,0.0,0.0,-1.519152,-0.136868,-0.025692,0.31366,0.43602,-0.703831,0.560803,0.863858,0.501961,-0.041456,-0.252882,0.503396,0.82614,0.000671,-0.003968,0.016068,0.120754,-0.282841,-0.166105,0.247298,0.057893,0.02987,-0.011271,-0.381997,0.762711,0.52187,-0.880999,-0.4711,0.043639,0.279138,-0.443097,0.851907,-0.000311,0.003279,0.003621,0.196492,-0.43816,-0.004217,0.143898,0.074256,0.017423,-0.063315,0.551923,-0.433564,-0.712321,0.581769,0.812185,-0.043579,0.597431,-0.390354,0.700498,0.0,1.6e-05,2.1e-05,-2.2e-05,-5e-06,2.3e-05,-1.091943
314,0.150637,-0.050522,0.308573,-0.404729,0.448087,-0.797156,-0.65212,-0.752499,-0.091961,-0.640569,0.482061,0.597759,1e-06,8e-06,1.1e-05,0.0,0.0,0.0,-1.518452,-0.137002,-0.025858,0.314142,0.45978,-0.702443,0.543293,0.853945,0.517562,-0.053295,-0.244341,0.489311,0.837099,-0.015244,0.002362,0.004578,0.31451,-0.763325,-0.374049,0.247439,0.057831,0.029789,-0.011029,-0.404754,0.760694,0.507461,-0.872653,-0.48714,0.034199,0.27322,-0.428996,0.860994,0.000484,-0.003719,0.006116,-0.791183,-0.278934,-1.395955,0.144061,0.074274,0.017425,-0.063313,0.551847,-0.433617,-0.712347,0.581815,0.812149,-0.043642,0.597456,-0.390371,0.700467,-1e-06,-2e-06,-1e-06,-1.6e-05,0.0,2.2e-05,-1.09227
315,0.150638,-0.050511,0.308587,-0.404691,0.448106,-0.797164,-0.652134,-0.752483,-0.091992,-0.640578,0.482069,0.597742,1e-05,8.1e-05,0.000103,0.0,0.0,0.0,-1.517897,-0.137172,-0.02603,0.314361,0.48094,-0.700512,0.52723,0.844405,0.531885,-0.063352,-0.236663,0.476527,0.846627,-5.9e-05,0.000654,0.00072,0.307302,-0.612646,-0.149473,0.247684,0.05774,0.029702,-0.010913,-0.427997,0.758133,0.491988,-0.863755,-0.50333,0.024199,0.265978,-0.4146,0.870265,-2.9e-05,0.000251,0.000272,0.451445,-0.841426,-0.267869,0.145204,0.074274,0.01743,-0.063306,0.551813,-0.43364,-0.71236,0.581836,0.812132,-0.04367,0.597468,-0.390379,0.700453,4e-06,4.1e-05,5.1e-05,-1.8e-05,-1.7e-05,8e-06,-1.091943
316,0.15064,-0.0505,0.3086,-0.404653,0.448125,-0.797173,-0.652149,-0.752466,-0.092023,-0.640587,0.482077,0.597726,1.3e-05,9.7e-05,0.000123,0.0,0.0,0.0,-1.516354,-0.137316,-0.02605,0.314466,0.502653,-0.696482,0.512098,0.832928,0.548745,-0.071019,-0.232192,0.463096,0.855273,-0.000116,0.001294,0.001425,0.070335,-0.231899,0.049385,0.24822,0.057669,0.029688,-0.010865,-0.452024,0.753856,0.476838,-0.853038,-0.521603,0.015979,0.260766,-0.399538,0.878845,-7.1e-05,0.000763,0.000837,-0.031611,-0.160921,-0.020274,0.146021,0.074275,0.017436,-0.063299,0.551778,-0.433664,-0.712373,0.581856,0.812116,-0.043698,0.59748,-0.390387,0.700438,6e-06,5e-05,5.9e-05,-1.7e-05,-1.4e-05,2e-06,-1.092106
317,0.150629,-0.050488,0.308615,-0.404637,0.448132,-0.797177,-0.652155,-0.752459,-0.092036,-0.640591,0.482081,0.597718,4.9e-05,0.000376,0.000476,0.0,0.0,0.0,-1.515497,-0.137385,-0.026031,0.31448,0.51088,-0.697546,0.502416,0.829995,0.552397,-0.07681,-0.224609,0.457103,0.860506,-0.000133,0.001486,0.001636,0.290921,-0.576844,-0.090508,0.248435,0.057634,0.029696,-0.010859,-0.459663,0.754431,0.468553,-0.850746,-0.525451,0.01144,0.254832,-0.393362,0.88336,-6.2e-05,0.000679,0.000746,0.342907,-0.649548,-0.117922,0.146511,0.07427,0.017441,-0.063292,0.551763,-0.433673,-0.712378,0.581865,0.812109,-0.04371,0.597485,-0.390391,0.700431,2.9e-05,0.000233,0.000292,-1.7e-05,-2.3e-05,-2e-06,-1.09227
318,0.150631,-0.050472,0.308636,-0.40471,0.448096,-0.79716,-0.652126,-0.752491,-0.091975,-0.640574,0.482065,0.59775,1.6e-05,0.000124,0.000157,0.0,0.0,0.0,-1.514246,-0.13739,-0.025978,0.314539,0.528732,-0.693192,0.489816,0.818798,0.568565,-0.078979,-0.224422,0.443672,0.867556,-0.000224,0.002501,0.002752,0.050631,-0.204538,0.099236,0.247699,0.057632,0.029719,-0.010833,-0.479211,0.749653,0.456482,-0.839967,-0.542558,0.00922,0.25458,-0.379011,0.889684,-7.1e-05,0.000811,0.000891,-0.03588,-0.135504,-0.002377,0.14651,0.074271,0.01745,-0.063281,0.55183,-0.433629,-0.712354,0.581826,0.81214,-0.043655,0.597462,-0.390376,0.70046,6e-06,5.8e-05,6.9e-05,-1.5e-05,-1.9e-05,-8e-06,-1.092107
319,0.150646,-0.050451,0.308662,-0.404613,0.448145,-0.797182,-0.652164,-0.752449,-0.092055,-0.640597,0.482086,0.597709,4.3e-05,0.00033,0.000418,0.0,0.0,0.0,-1.512537,-0.137291,-0.025923,0.314769,0.534773,-0.698069,0.47614,0.816757,0.57145,-0.079291,-0.217424,0.432153,0.875119,-0.000426,0.004737,0.005205,0.142288,-0.241932,-0.116481,0.247506,0.057682,0.029746,-0.010718,-0.485237,0.753728,0.443211,-0.838201,-0.545275,0.009618,0.248922,-0.366834,0.896364,-0.000223,0.002455,0.002694,0.155419,-0.252166,-0.121236,0.146021,0.074278,0.01746,-0.063268,0.551741,-0.433689,-0.712386,0.581879,0.812098,-0.043728,0.597492,-0.390396,0.700423,2.3e-05,0.000192,0.00024,-8e-06,-9e-06,-9e-06,-1.092106
320,0.150647,-0.050446,0.308669,-0.404594,0.448154,-0.797186,-0.652171,-0.752441,-0.092071,-0.640602,0.48209,0.5977,9e-06,7.3e-05,9.2e-05,0.0,0.0,0.0,-1.510699,-0.137278,-0.025915,0.314929,0.540853,-0.696726,0.471214,0.813427,0.575795,-0.08204,-0.214856,0.428528,0.877533,0.000868,-0.006126,0.013654,0.28443,-0.598871,-0.12954,0.247341,0.057688,0.029754,-0.010642,-0.490358,0.752032,0.440448,-0.835348,-0.549654,0.008486,0.248476,-0.363767,0.897736,-0.000201,0.002202,0.002415,0.003146,-0.012411,-0.017419,0.146184,0.074279,0.017463,-0.063264,0.551724,-0.4337,-0.712392,0.581889,0.81209,-0.043742,0.597498,-0.3904,0.700415,2e-06,2.3e-05,2.4e-05,-1e-05,-2.5e-05,-1.4e-05,-1.092106
321,0.150647,-0.05044,0.308676,-0.404575,0.448164,-0.797191,-0.652179,-0.752432,-0.092086,-0.640606,0.482094,0.597692,0.0,1e-06,1e-06,0.0,0.0,0.0,-1.507688,-0.137273,-0.025914,0.315282,0.547371,-0.694785,0.466529,0.809614,0.580753,-0.084766,-0.212745,0.424963,0.879778,-0.000508,0.005644,0.006183,0.0941,-0.162584,-0.067058,0.247091,0.05769,0.029753,-0.01046,-0.498472,0.750144,0.43452,-0.831669,-0.555252,0.004499,0.244643,-0.359135,0.90065,-0.000263,0.002869,0.003141,0.094263,-0.162227,-0.065337,0.145531,0.074279,0.017466,-0.063261,0.551707,-0.433712,-0.712399,0.5819,0.812082,-0.043756,0.597504,-0.390404,0.700408,-5e-06,-1.1e-05,-1.6e-05,-1e-05,-1.4e-05,-1.4e-05,-1.090963
322,0.15067,-0.050439,0.308661,-0.404536,0.448183,-0.7972,-0.652177,-0.752428,-0.092134,-0.640633,0.482083,0.597673,-0.0,-2e-06,-2e-06,0.0,0.0,0.0,-1.504675,-0.137311,-0.025926,0.315732,0.550231,-0.696389,0.460739,0.808561,0.582106,-0.085531,-0.209341,0.420455,0.882756,0.000761,-0.004932,0.014938,0.021779,-0.097017,-0.050769,0.246845,0.057671,0.029752,-0.010245,-0.501583,0.751409,0.428717,-0.830735,-0.556655,0.003716,0.24144,-0.354286,0.90343,-0.000244,0.002638,0.002885,0.073363,-0.115843,-0.074142,0.145041,0.07429,0.017466,-0.063269,0.551672,-0.433735,-0.712412,0.581904,0.812076,-0.043803,0.597532,-0.390391,0.700391,1e-06,0.0,-3e-06,-9e-06,-3e-06,-8e-06,-1.090963
323,0.150706,-0.050441,0.308659,-0.404471,0.448217,-0.797214,-0.652202,-0.752399,-0.092188,-0.640648,0.482096,0.597646,0.015767,-0.000826,-0.000936,0.000984,-0.014715,0.029553,-1.501925,-0.137346,-0.025966,0.316136,0.563172,-0.690182,0.454398,0.800005,0.593085,-0.090425,-0.207808,0.415295,0.885556,-0.000424,0.004714,0.00514,0.246935,-0.400056,-0.251116,0.246369,0.057654,0.029729,-0.010031,-0.513814,0.74518,0.425088,-0.823068,-0.567942,0.000741,0.241978,-0.349496,0.90515,0.000395,-0.002682,0.007226,0.222535,-0.435939,-0.281255,0.144878,0.074302,0.017465,-0.063269,0.551633,-0.433762,-0.712426,0.581928,0.812057,-0.043835,0.597545,-0.3904,0.700376,0.0,2e-06,-2e-06,-7e-06,-5e-06,-6e-06,-1.091126
324,0.150718,-0.050436,0.308665,-0.404431,0.448237,-0.797223,-0.652218,-0.752381,-0.092222,-0.640657,0.482105,0.597629,6e-06,5e-05,6.3e-05,0.0,0.0,0.0,-1.500437,-0.13733,-0.025978,0.316335,0.568406,-0.688356,0.450636,0.796052,0.598501,-0.089615,-0.208746,0.410516,0.887561,-0.000472,0.005249,0.005718,-0.185157,-0.029382,-0.453366,0.246711,0.057662,0.029721,-0.009933,-0.520357,0.743561,0.419933,-0.819258,-0.573425,0.000165,0.240923,-0.343948,0.907554,0.00042,-0.003035,0.006855,-0.78496,0.148809,-1.531375,0.144714,0.074314,0.017467,-0.063266,0.551576,-0.433801,-0.712445,0.581962,0.812031,-0.043882,0.597564,-0.390412,0.700353,2e-06,2.3e-05,2.6e-05,-7e-06,-2.1e-05,-5e-06,-1.091453
325,0.150754,-0.050438,0.308663,-0.404366,0.448271,-0.797236,-0.652244,-0.752353,-0.092276,-0.640672,0.482118,0.597602,0.0,0.0,0.0,0.0,0.0,0.0,-1.498441,-0.137315,-0.025961,0.316732,0.583927,-0.682333,0.43982,0.786507,0.60969,-0.098076,-0.201981,0.404031,0.892091,-0.00058,0.00645,0.007009,0.109095,-0.186599,-0.081336,0.246401,0.05767,0.029729,-0.009735,-0.536918,0.737023,0.410506,-0.810299,-0.585965,-0.007782,0.234806,-0.336811,0.911824,-0.000299,0.003275,0.003556,0.082792,-0.151509,-0.068205,0.144714,0.074332,0.017466,-0.063267,0.551518,-0.433842,-0.712466,0.581997,0.812003,-0.043931,0.597584,-0.390424,0.700329,1e-06,-1e-06,-7e-06,-7e-06,-9e-06,-3e-06,-1.091617
326,0.150779,-0.050428,0.308675,-0.404416,0.448248,-0.797224,-0.652225,-0.752374,-0.092236,-0.64066,0.482106,0.597625,2.4e-05,0.000185,0.000234,0.0,0.0,0.0,-1.49648,-0.137323,-0.025839,0.317092,0.601367,-0.677985,0.422712,0.776222,0.621122,-0.107801,-0.190237,0.393781,0.899227,0.000714,-0.004418,0.015447,0.33666,-0.601062,-0.361234,0.246968,0.057665,0.029791,-0.009553,-0.554253,0.732032,0.396145,-0.801243,-0.598131,-0.015753,0.225416,-0.32614,0.918052,0.00035,-0.002198,0.007731,0.282454,-0.52591,-0.334443,0.145041,0.074344,0.017471,-0.063261,0.551563,-0.433813,-0.712448,0.581971,0.812023,-0.043895,0.597567,-0.390413,0.700349,1.2e-05,9.5e-05,0.000113,-1.3e-05,-2e-06,-1.4e-05,-1.09178
327,0.150792,-0.050418,0.308688,-0.404357,0.448278,-0.797237,-0.652248,-0.752348,-0.092285,-0.640674,0.482119,0.5976,0.000149,0.001159,0.001466,0.000793,-0.013629,0.025381,-1.495666,-0.137339,-0.025772,0.317272,0.609022,-0.675451,0.415752,0.771515,0.626095,-0.112708,-0.184951,0.390233,0.901873,-0.000561,0.006234,0.006748,0.250036,-0.410488,-0.219252,0.247079,0.057657,0.029825,-0.009471,-0.562603,0.729208,0.389527,-0.79691,-0.60374,-0.020775,0.220024,-0.322106,0.92078,-0.000258,0.002817,0.003047,0.448172,-0.773419,-0.21143,0.145041,0.074351,0.017474,-0.063258,0.551526,-0.433839,-0.712461,0.581993,0.812006,-0.043925,0.59758,-0.390422,0.700334,3e-06,3.4e-05,3.7e-05,-1e-05,-2.2e-05,-1.2e-05,-1.091453
328,0.15083,-0.050398,0.308714,-0.404216,0.44835,-0.797268,-0.652303,-0.752286,-0.092402,-0.640707,0.482149,0.59754,0.000101,0.000782,0.000988,0.0,0.0,0.0,-1.495362,-0.137356,-0.025669,0.317613,0.618986,-0.676124,0.39963,0.766572,0.630841,-0.11975,-0.171929,0.381301,0.908247,-0.000586,0.006513,0.007033,0.1857,-0.3823,0.031115,0.246596,0.057649,0.029876,-0.009293,-0.57423,0.728889,0.372798,-0.792245,-0.609533,-0.028566,0.206412,-0.311751,0.927471,-0.000299,0.003276,0.003537,0.167782,-0.356913,0.03977,0.144878,0.07437,0.017485,-0.063243,0.551382,-0.433937,-0.712513,0.582079,0.811938,-0.044044,0.597629,-0.390454,0.700274,6.4e-05,0.000498,0.000627,-4e-06,-1e-06,-3e-06,-1.09178
329,0.150868,-0.050375,0.308726,-0.404079,0.448418,-0.797299,-0.652339,-0.75224,-0.09253,-0.640757,0.482158,0.597479,1.1e-05,8.9e-05,0.000113,0.0,0.0,0.0,-1.494976,-0.137424,-0.025608,0.318005,0.637202,-0.670953,0.379193,0.75395,0.644705,-0.125891,-0.160816,0.366937,0.916165,-0.000544,0.006058,0.006525,-0.368439,-0.286334,-1.557283,0.247028,0.057615,0.029905,-0.009099,-0.592043,0.723782,0.354435,-0.781597,-0.622877,-0.033607,0.196445,-0.296922,0.934476,-0.007094,-0.003483,0.007506,-1.785521,0.186988,-5.419814,0.145204,0.074389,0.017498,-0.063235,0.551258,-0.43402,-0.712559,0.582136,0.81189,-0.044164,0.597688,-0.390461,0.70022,3e-06,2.9e-05,3.4e-05,6e-06,-1e-06,3e-06,-1.092106
330,0.15088,-0.050371,0.308732,-0.404039,0.448439,-0.797308,-0.652354,-0.752222,-0.092564,-0.640767,0.482167,0.597462,3e-06,2.4e-05,3e-05,0.0,0.0,0.0,-1.494653,-0.137479,-0.025595,0.318223,0.643027,-0.671504,0.368226,0.750094,0.649246,-0.125586,-0.15556,0.357787,0.920681,-0.015421,0.005178,0.007483,0.210203,-0.535926,-0.057327,0.246876,0.057593,0.029911,-0.008991,-0.599517,0.722574,0.344185,-0.776811,-0.628875,-0.032839,0.192721,-0.287055,0.938326,0.000347,-0.002144,0.007765,0.153584,-0.835588,-0.082186,0.145531,0.074395,0.017501,-0.063232,0.551221,-0.434045,-0.712572,0.582158,0.811873,-0.044194,0.5977,-0.390469,0.700205,-2e-06,-8e-06,-1.6e-05,-6e-06,-1.2e-05,-1.1e-05,-1.09227
331,0.150927,-0.050379,0.308722,-0.403972,0.448475,-0.797322,-0.652381,-0.752192,-0.09262,-0.640782,0.48218,0.597435,-0.00014,-0.001088,-0.001376,-0.000794,0.01363,-0.02538,-1.494859,-0.137626,-0.025626,0.318693,0.654463,-0.670663,0.349114,0.742551,0.657143,-0.129286,-0.143548,0.344675,0.927608,0.000699,-0.004244,0.015567,0.243775,-0.508376,-0.070705,0.246803,0.057513,0.029901,-0.008765,-0.611759,0.720575,0.326375,-0.769782,-0.637298,-0.035849,0.182167,-0.273169,0.944559,-0.007677,0.00222,0.003336,0.332612,-0.582063,-0.152963,0.145367,0.074419,0.017499,-0.063234,0.551143,-0.4341,-0.712599,0.582205,0.811836,-0.044259,0.597726,-0.390485,0.700173,-1e-06,-7e-06,-1.2e-05,-9e-06,-7e-06,-8e-06,-1.09178
332,0.150973,-0.050386,0.308712,-0.403905,0.448511,-0.797336,-0.652408,-0.752162,-0.092677,-0.640797,0.482194,0.597407,-1e-06,-9e-06,-1.1e-05,0.0,0.0,0.0,-1.494824,-0.137903,-0.025694,0.319216,0.665237,-0.666895,0.335712,0.734851,0.664414,-0.135951,-0.133238,0.33796,0.931609,-0.014159,-0.005152,0.016472,0.207002,-0.434703,-0.063845,0.247231,0.057381,0.029867,-0.008505,-0.623571,0.716109,0.313602,-0.762632,-0.645428,-0.042596,0.171904,-0.265724,0.948598,-0.007717,0.002714,0.003852,0.413919,-0.604316,-0.338525,0.145531,0.074442,0.017492,-0.063243,0.5511,-0.434131,-0.712613,0.582232,0.811815,-0.044297,0.597741,-0.390494,0.700156,0.007884,-0.000408,-0.000467,0.000982,-0.014712,0.029558,-1.092433
333,0.151045,-0.050385,0.308715,-0.403756,0.448588,-0.797367,-0.652466,-0.752096,-0.092802,-0.640832,0.482224,0.597346,0.015784,-0.000661,-0.000736,0.000984,-0.014715,0.029553,-1.494697,-0.138266,-0.025795,0.319759,0.672199,-0.664999,0.325447,0.73004,0.668562,-0.14142,-0.124397,0.333471,0.934444,-0.014119,-0.005507,0.016067,0.146227,-0.263127,-0.190846,0.247716,0.057194,0.029814,-0.008219,-0.631458,0.713752,0.303014,-0.758205,-0.650212,-0.048463,0.162432,-0.260349,0.951752,-0.007066,-0.002766,0.008026,0.165013,-0.287865,-0.197689,0.146347,0.074472,0.017493,-0.063242,0.550985,-0.434211,-0.712653,0.582301,0.81176,-0.044392,0.597779,-0.390519,0.700109,1.1e-05,0.0001,0.000125,-9e-06,-1.4e-05,-3e-06,-1.093086
334,0.151069,-0.050381,0.30872,-0.403825,0.448555,-0.797351,-0.65244,-0.752126,-0.092746,-0.640815,0.482209,0.597377,5.3e-05,0.000413,0.000522,-0.005479,0.094065,-0.175157,-1.494907,-0.138484,-0.02582,0.320031,0.677035,-0.661302,0.322947,0.725645,0.673068,-0.14266,-0.12389,0.331745,0.935125,0.000616,-0.003208,0.016624,0.026172,-0.096535,-0.049937,0.247841,0.057085,0.029802,-0.008091,-0.63683,0.709938,0.300722,-0.753877,-0.655119,-0.049872,0.161603,-0.258467,0.952406,-0.007734,0.003032,0.004171,0.049787,-0.07609,-0.057992,0.146511,0.07449,0.017494,-0.06324,0.551028,-0.434185,-0.712636,0.582276,0.811779,-0.044359,0.597763,-0.390508,0.700129,2.7e-05,0.000228,0.000288,-0.005478,0.094058,-0.17516,-1.093086
335,0.151094,-0.050376,0.308726,-0.403763,0.448587,-0.797364,-0.652464,-0.752098,-0.092798,-0.640829,0.482221,0.597351,0.000101,0.000787,0.000994,0.0,0.0,0.0,-1.49495,-0.138949,-0.025806,0.32048,0.68105,-0.660395,0.316291,0.723046,0.6748,-0.14759,-0.116837,0.330023,0.936641,0.000749,-0.004715,0.015002,0.015633,-0.069647,-0.067079,0.248432,0.056852,0.029812,-0.007862,-0.641178,0.708691,0.294357,-0.751643,-0.657292,-0.054764,0.154668,-0.256366,0.954124,-0.007707,0.002831,0.003945,0.038037,-0.058836,-0.048563,0.147327,0.074502,0.017495,-0.063238,0.550972,-0.434224,-0.712656,0.58231,0.811753,-0.044405,0.597782,-0.390521,0.700106,6.9e-05,0.000529,0.000664,3e-06,-4e-06,4e-06,-1.093413
336,0.151094,-0.050371,0.308733,-0.403744,0.448597,-0.797369,-0.652471,-0.75209,-0.092813,-0.640834,0.482225,0.597342,1e-05,8.1e-05,0.000102,0.0,0.0,0.0,-1.494443,-0.139452,-0.025676,0.320725,0.683031,-0.659238,0.314427,0.721499,0.676011,-0.149604,-0.114806,0.329855,0.936952,-0.016333,0.012782,-0.00459,0.042577,-0.004902,-0.017115,0.249112,0.056607,0.029874,-0.007729,-0.643273,0.707441,0.292789,-0.75023,-0.658748,-0.05662,0.152819,-0.256081,0.954498,-0.007553,0.001126,0.002129,-0.010308,0.013855,-0.002485,0.147654,0.074502,0.0175,-0.063233,0.550955,-0.434235,-0.712662,0.58232,0.811744,-0.044419,0.597788,-0.390525,0.700098,4e-06,4.4e-05,5e-05,-6e-06,-1.4e-05,-8e-06,-1.093576
337,0.151096,-0.05036,0.308746,-0.403706,0.448616,-0.797377,-0.652486,-0.752073,-0.092844,-0.640843,0.482234,0.597326,7.7e-05,0.000605,0.000765,0.0,0.0,0.0,-1.4949,-0.139712,-0.025646,0.32073,0.683617,-0.658476,0.314751,0.720896,0.676584,-0.149922,-0.11511,0.330203,0.936792,-0.014813,-0.001091,0.000691,-0.001942,0.015052,-0.029339,0.250937,0.056481,0.029898,-0.007726,-0.643739,0.706765,0.293398,-0.749728,-0.659306,-0.056763,0.153321,-0.25651,0.954302,-0.007397,-0.00069,0.000199,-0.005227,0.020194,-0.025486,0.148796,0.074503,0.017504,-0.063227,0.55092,-0.434258,-0.712674,0.58234,0.811728,-0.044447,0.5978,-0.390533,0.700084,5.8e-05,0.000466,0.000586,-2e-06,-1.5e-05,-6e-06,-1.093413
338,0.151087,-0.05034,0.308788,-0.403648,0.448645,-0.79739,-0.652526,-0.752035,-0.092877,-0.640839,0.482266,0.597304,0.00016,0.00125,0.001579,0.0,0.0,0.0,-1.494925,-0.140037,-0.025666,0.320659,0.684477,-0.657351,0.315232,0.720008,0.677424,-0.150393,-0.115561,0.33072,0.936554,-0.014707,-0.00238,-0.00068,-0.002044,0.015205,-0.029245,0.252079,0.056314,0.029883,-0.007765,-0.64455,0.705745,0.294071,-0.748935,-0.660172,-0.057173,0.153788,-0.257091,0.954071,5.2e-05,-0.000642,-0.000672,0.000385,-8e-06,0.001612,0.151736,0.074499,0.017513,-0.063208,0.550868,-0.434294,-0.712693,0.582388,0.811693,-0.044472,0.597803,-0.390566,0.700063,9.1e-05,0.000729,0.00092,0.000786,-0.013638,0.02537,-1.093739
339,0.151094,-0.050286,0.308857,-0.403589,0.448674,-0.797403,-0.652548,-0.752009,-0.092925,-0.640853,0.482278,0.597279,0.00027,0.002114,0.002669,0.000794,-0.013629,0.025381,-1.494701,-0.140163,-0.025754,0.320598,0.685052,-0.656601,0.315548,0.719399,0.678029,-0.150585,-0.115953,0.330972,0.936417,-0.014617,-0.003532,-0.001903,-0.002045,0.015205,-0.029245,0.239403,0.05625,0.029839,-0.007797,-0.645093,0.705079,0.294478,-0.748392,-0.660772,-0.057343,0.154151,-0.257376,0.953936,0.000101,-0.001231,-0.001301,-0.001543,0.01402,-0.024007,0.146511,0.074502,0.017539,-0.063174,0.550831,-0.434318,-0.712707,0.582409,0.811676,-0.044501,0.597815,-0.390574,0.700047,7.8e-05,0.000625,0.000788,1e-06,-1e-06,-0.0,-1.093903
340,0.151114,-0.050226,0.308932,-0.40349,0.448724,-0.797426,-0.652586,-0.751966,-0.093007,-0.640877,0.4823,0.597236,0.00027,0.002114,0.002667,0.000794,-0.013629,0.025381,-1.494309,-0.140154,-0.025859,0.320502,0.685768,-0.655656,0.315957,0.718637,0.678782,-0.150829,-0.116451,0.3313,0.936239,0.00026,-0.003194,-0.003389,-0.001859,0.014085,-0.025071,0.230307,0.056249,0.029786,-0.007844,-0.645794,0.704219,0.294999,-0.747691,-0.661546,-0.057563,0.154619,-0.257743,0.953761,0.0001,-0.00122,-0.001295,0.000204,-3.4e-05,0.000719,0.131978,0.074512,0.01757,-0.063136,0.550742,-0.434379,-0.712739,0.582462,0.811634,-0.044575,0.597847,-0.390594,0.70001,7.6e-05,0.000605,0.000764,1e-05,-4e-06,1.2e-05,-1.093739
341,0.151116,-0.050205,0.308959,-0.403414,0.448762,-0.797443,-0.652616,-0.751933,-0.093069,-0.640895,0.482316,0.597203,0.000108,0.000846,0.001067,0.0,0.0,0.0,-1.494004,-0.140104,-0.02592,0.320431,0.686015,-0.655327,0.316102,0.718374,0.67904,-0.150922,-0.11662,0.331422,0.936174,0.00028,-0.003433,-0.003646,0.0,-0.0,-0.0,0.228641,0.056274,0.029755,-0.00788,-0.646046,0.703906,0.295193,-0.747439,-0.661824,-0.057652,0.154784,-0.257885,0.953696,0.000171,-0.00207,-0.002198,-0.001687,0.014054,-0.024483,0.128222,0.074513,0.017584,-0.063118,0.550656,-0.434436,-0.712771,0.582513,0.811594,-0.044645,0.597876,-0.390614,0.699973,6.1e-05,0.000481,0.000608,-2e-06,1e-06,0.0,-1.094066
342,0.151121,-0.050172,0.309,-0.4033,0.448818,-0.797469,-0.65266,-0.751883,-0.093162,-0.640922,0.482341,0.597154,2.5e-05,0.000196,0.000247,0.0,0.0,0.0,-1.494374,-0.139962,-0.026019,0.320294,0.686078,-0.655238,0.316152,0.718308,0.679098,-0.15097,-0.116655,0.331479,0.93615,0.000166,-0.002019,-0.002147,0.0,-0.0,-0.0,0.223217,0.056346,0.029701,-0.007953,-0.646095,0.703836,0.295253,-0.747391,-0.661874,-0.057698,0.15481,-0.257948,0.953675,9.8e-05,-0.001172,-0.001249,0.000116,-2.3e-05,0.000397,0.121854,0.074516,0.017601,-0.063097,0.550552,-0.434505,-0.712808,0.582574,0.811546,-0.044729,0.597912,-0.390638,0.69993,8e-06,6.7e-05,8.3e-05,-5e-06,-8e-06,-7e-06,-1.094719
343,0.151121,-0.050172,0.309,-0.4033,0.448818,-0.797469,-0.65266,-0.751883,-0.093162,-0.640922,0.482341,0.597154,-1e-05,-8e-05,-0.000101,0.0,0.0,0.0,-1.494849,-0.139836,-0.026055,0.320241,0.684793,-0.655498,0.318389,0.719122,0.678637,-0.149157,-0.119175,0.33191,0.935679,7.7e-05,-0.000929,-0.000988,-0.013273,0.020063,0.012272,0.195227,0.056409,0.029683,-0.00798,-0.64458,0.704216,0.297648,-0.748115,-0.661228,-0.05568,0.157603,-0.258566,0.953049,4.5e-05,-0.000516,-0.000552,0.004341,-0.002976,0.007073,0.101769,0.074516,0.0176,-0.063098,0.550552,-0.434505,-0.712809,0.582573,0.811546,-0.044729,0.597912,-0.390638,0.699929,-1e-05,-7.2e-05,-9.3e-05,0.0,-1e-06,1e-06,-1.095535
344,0.15113,-0.050181,0.308973,-0.403321,0.448807,-0.797465,-0.652635,-0.751905,-0.093161,-0.640935,0.482317,0.59716,-0.00012,-0.000943,-0.001189,0.0,0.0,0.0,-1.49438,-0.139682,-0.026017,0.320276,0.68454,-0.655828,0.318253,0.719387,0.678384,-0.149036,-0.119032,0.331776,0.935745,-7.5e-05,0.00091,0.000968,-3e-06,4e-06,3e-06,0.14482,0.056486,0.029701,-0.007963,-0.644396,0.704564,0.297225,-0.748369,-0.660933,-0.055771,0.157152,-0.258373,0.953176,-5.1e-05,0.000621,0.000658,0.000648,-0.000868,-0.000258,0.048863,0.074521,0.017597,-0.06311,0.550554,-0.434503,-0.712809,0.582556,0.811557,-0.044746,0.597928,-0.390616,0.699928,-1e-06,-7e-06,-8e-06,4e-06,6e-06,1.1e-05,-1.095862
345,0.151154,-0.050182,0.308971,-0.403278,0.44883,-0.797474,-0.652651,-0.751886,-0.093197,-0.640945,0.482326,0.597142,-2e-06,-1.6e-05,-2e-05,0.0,0.0,0.0,-1.494507,-0.139596,-0.025972,0.320313,0.684436,-0.655963,0.3182,0.719497,0.678276,-0.148995,-0.118968,0.33173,0.93577,0.014652,0.003221,0.001569,-0.010792,0.082,-0.143777,0.122149,0.056523,0.029723,-0.007945,-0.644222,0.704777,0.297097,-0.748543,-0.66074,-0.055716,0.157037,-0.258283,0.95322,-9.3e-05,0.001113,0.001182,8e-05,-0.000108,-3.5e-05,0.015225,0.074532,0.017594,-0.063114,0.550532,-0.434518,-0.712816,0.58257,0.811547,-0.044765,0.597935,-0.390621,0.69992,1e-06,1e-06,2e-06,2e-06,1.2e-05,1.1e-05,-1.095699
346,0.151201,-0.050184,0.308968,-0.403191,0.448875,-0.797492,-0.652685,-0.751848,-0.093269,-0.640964,0.482344,0.597107,-0.0,-0.0,-0.0,0.0,0.0,0.0,-1.495159,-0.139466,-0.025901,0.320477,0.684046,-0.657229,0.31642,0.719807,0.678506,-0.146429,-0.119331,0.328735,0.93678,-0.000259,0.003097,0.003289,-1.3e-05,-1e-05,3e-06,0.094,0.056594,0.029758,-0.007863,-0.643953,0.705809,0.295222,-0.748654,-0.660829,-0.053109,0.157607,-0.25522,0.953951,0.000473,-0.003545,0.006238,-0.030139,-0.002827,0.004235,-0.034905,0.074556,0.017593,-0.063115,0.550454,-0.434573,-0.712843,0.582617,0.811509,-0.04483,0.597961,-0.390637,0.699888,-1e-06,3e-06,8e-06,-4e-06,-0.0,4e-06,-1.096189
347,0.151261,-0.050174,0.308965,-0.403049,0.448947,-0.797523,-0.652723,-0.751798,-0.093402,-0.641015,0.482354,0.597044,1e-06,7e-06,9e-06,0.0,0.0,0.0,-1.495038,-0.139438,-0.02582,0.320693,0.682418,-0.658703,0.316871,0.720862,0.678324,-0.142017,-0.122267,0.326147,0.937306,-0.000362,0.004322,0.004583,-0.03343,0.039087,0.057572,0.067173,0.056608,0.0298,-0.007754,-0.642204,0.707201,0.295703,-0.749448,-0.660282,-0.048515,0.160938,-0.25277,0.954046,-0.000186,0.002185,0.002317,-0.01538,0.020498,0.051683,-0.071809,0.074586,0.017598,-0.063116,0.550325,-0.434661,-0.712889,0.582677,0.811458,-0.044954,0.59802,-0.390645,0.699833,-2e-06,-0.0,-0.0,-6e-06,-2e-06,-3e-06,-1.092596
348,0.151285,-0.050175,0.308964,-0.403137,0.448905,-0.797503,-0.65269,-0.751836,-0.093332,-0.640994,0.482334,0.597083,0.0,0.0,0.0,-0.005481,0.09407,-0.175155,-1.495009,-0.139452,-0.025775,0.320802,0.678172,-0.663911,0.315112,0.725118,0.674288,-0.139548,-0.120696,0.323949,0.938271,-0.00032,0.003822,0.004049,-0.000517,0.000776,0.000475,0.053829,0.056601,0.029823,-0.007699,-0.637878,0.712161,0.293151,-0.753481,-0.655839,-0.046276,0.159304,-0.250402,0.954945,-0.000192,0.00226,0.002394,0.012459,-0.018738,0.021505,-0.089281,0.074598,0.017598,-0.063117,0.550286,-0.434688,-0.712902,0.5827,0.81144,-0.044987,0.598033,-0.390653,0.699817,-2e-06,-2e-06,-2e-06,-3e-06,2e-06,0.0,-1.093739
349,0.151308,-0.050174,0.308949,-0.402967,0.448989,-0.797541,-0.652738,-0.751774,-0.093486,-0.641052,0.482352,0.597006,-4e-06,-3.1e-05,-3.8e-05,0.0,0.0,0.0,-1.495294,-0.13949,-0.025694,0.320982,0.666187,-0.675968,0.315045,0.737051,0.661261,-0.139369,-0.114971,0.325884,0.93832,-0.000143,0.001715,0.001814,0.000381,-0.000168,0.001134,-0.016123,0.056581,0.029868,-0.007604,-0.625542,0.723724,0.291409,-0.76496,-0.642382,-0.046695,0.153402,-0.252126,0.955457,-7.9e-05,0.000937,0.000985,0.000838,0.001709,0.003346,-0.153291,0.074609,0.017598,-0.063125,0.55025,-0.434711,-0.712915,0.582706,0.811434,-0.045034,0.598061,-0.39064,0.6998,-2e-06,-1.4e-05,-1.7e-05,-2e-06,-3e-06,5e-06,-1.093902
350,0.151331,-0.050159,0.308934,-0.403024,0.448958,-0.797529,-0.652682,-0.751826,-0.093469,-0.641073,0.4823,0.597025,-0.0,-0.0,-0.0,0.0,0.0,0.0,-1.495603,-0.139498,-0.025716,0.321065,0.637799,-0.702777,0.315134,0.763625,0.63041,-0.139264,-0.10161,0.330334,0.938306,-5.9e-05,0.0007,0.00074,1.742865,-0.770205,5.189351,-0.125802,0.056577,0.029856,-0.007564,-0.600553,0.745779,0.288353,-0.786896,-0.615243,-0.047639,0.14188,-0.255514,0.956337,-2.8e-05,0.000371,0.000382,0.00313,0.001673,0.011964,-0.237876,0.074621,0.017606,-0.063132,0.550302,-0.434675,-0.712898,0.582642,0.811479,-0.045027,0.598074,-0.390586,0.699819,1e-06,2e-06,3e-06,-4e-06,-0.0,4e-06,-1.094392
351,0.151343,-0.050151,0.308927,-0.402988,0.448975,-0.797538,-0.652679,-0.751823,-0.093514,-0.641099,0.482289,0.597006,-0.0,-0.0,-0.0,0.0,0.0,0.0,-1.495686,-0.139511,-0.025699,0.32104,0.620036,-0.716755,0.319076,0.778867,0.61134,-0.139873,-0.095605,0.33613,0.936878,1.6e-05,-0.000192,-0.000203,-0.24421,0.418934,0.408478,-0.287079,0.056571,0.029864,-0.007576,-0.579058,0.762772,0.28787,-0.804602,-0.591636,-0.050814,0.131555,-0.261045,0.95632,1.8e-05,-0.000157,-0.000179,-0.249669,0.419369,0.410098,-0.334217,0.074627,0.017609,-0.063136,0.550269,-0.434696,-0.712911,0.582646,0.811474,-0.045072,0.598102,-0.390573,0.699803,1e-06,1e-06,2e-06,1e-06,7e-06,7e-06,-1.094556
352,0.151355,-0.050152,0.308926,-0.402966,0.448986,-0.797543,-0.652687,-0.751813,-0.093533,-0.641104,0.482293,0.596997,-0.0,-0.0,-0.0,0.0,0.0,0.0,-1.495244,-0.139486,-0.025628,0.320975,0.545564,-0.772331,0.325357,0.836193,0.527718,-0.149093,-0.057252,0.354359,0.933282,-8e-06,0.000101,0.000107,1.860804,-0.943816,5.474062,-0.509783,0.056583,0.029897,-0.007611,-0.506129,0.812882,0.288193,-0.857016,-0.511503,-0.06235,0.096729,-0.278544,0.955539,0.007387,0.000833,-6.9e-05,0.162266,-0.096847,0.510012,-0.580622,0.074633,0.017609,-0.063136,0.55025,-0.434709,-0.712917,0.582658,0.811465,-0.045088,0.598108,-0.390577,0.699795,0.0,-0.0,1e-06,-1e-06,1e-05,4e-06,-1.094719
353,0.151366,-0.050158,0.308919,-0.402963,0.448989,-0.797543,-0.652688,-0.751812,-0.093535,-0.641105,0.482294,0.596996,-4.4e-05,-0.000349,-0.000441,0.0,0.0,0.0,-1.495152,-0.139452,-0.025663,0.320815,0.433981,-0.833659,0.341563,0.900915,0.404378,-0.15737,-0.007493,0.377051,0.926088,0.000361,-0.004308,-0.004562,0.016435,0.338674,0.832042,-0.907184,0.0566,0.029886,-0.007683,-0.388446,0.874139,0.291531,-0.920493,-0.382676,-0.079066,0.042447,-0.299065,0.953287,-0.000394,0.002706,-0.00715,0.704321,0.240252,2.247913,-0.837479,0.074638,0.017607,-0.063139,0.550247,-0.434712,-0.712918,0.582659,0.811464,-0.045091,0.598109,-0.390578,0.699795,-2.3e-05,-0.000195,-0.000245,1e-05,1e-06,1.5e-05,-1.094392
354,0.151379,-0.050161,0.308931,-0.402938,0.449003,-0.797547,-0.652716,-0.751787,-0.093542,-0.641093,0.482318,0.59699,0.0,2e-06,2e-06,0.0,0.0,0.0,-1.495501,-0.139512,-0.025594,0.320324,0.342071,-0.865171,0.366685,0.939146,0.301483,-0.16446,0.031286,0.401705,0.91516,-0.000709,0.004196,-0.015549,3.844537,1.20644,4.992614,-1.38569,0.05657,0.029918,-0.007932,-0.294673,0.903914,0.31001,-0.955587,-0.280257,-0.09115,0.004491,-0.323101,0.946353,-0.000258,0.001993,-0.007967,3.761903,1.287727,5.029058,-0.940188,0.074644,0.017605,-0.063133,0.550224,-0.434729,-0.712925,0.58269,0.811442,-0.045092,0.5981,-0.390603,0.699788,0.0,-1e-06,-1e-06,0.0,-0.0,3e-06,-1.094556
355,0.151379,-0.050148,0.308932,-0.402904,0.449019,-0.797556,-0.652711,-0.751786,-0.093584,-0.641119,0.482306,0.596971,4e-06,3.1e-05,3.9e-05,0.0,0.0,0.0,-1.4957,-0.139552,-0.025473,0.320005,0.323414,-0.866731,0.379701,0.945769,0.283004,-0.159263,0.030154,0.411697,0.910747,-0.000697,0.004055,-0.015706,-0.510048,0.728089,0.671501,-1.404541,0.056551,0.029977,-0.008087,-0.275095,0.906356,0.320689,-0.961413,-0.260193,-0.089348,0.00246,-0.332894,0.94296,-0.00098,0.007503,-0.012055,-0.256053,0.374186,0.477572,-0.931534,0.074645,0.017611,-0.063133,0.550193,-0.434749,-0.712937,0.582692,0.811438,-0.045135,0.598127,-0.39059,0.699772,1e-06,1.6e-05,2.2e-05,0.0,-1.3e-05,-0.0,-1.094556
356,0.151367,-0.050155,0.308939,-0.402941,0.449001,-0.797547,-0.652714,-0.751789,-0.093539,-0.641092,0.482318,0.59699,0.0,0.0,0.0,0.0,0.0,0.0,-1.49636,-0.139585,-0.025066,0.319188,0.302104,-0.86483,0.400991,0.953123,0.266346,-0.143355,0.016775,0.426579,0.904219,-0.001923,0.014436,-0.024704,-0.44796,0.658762,0.656794,-1.406694,0.056534,0.03018,-0.008503,-0.251993,0.90525,0.342085,-0.967593,-0.241599,-0.073429,0.016175,-0.349503,0.936795,-0.000948,0.007178,-0.012398,-0.389696,0.580915,0.627454,-0.95864,0.074639,0.017608,-0.06313,0.550226,-0.434727,-0.712924,0.582688,0.811443,-0.04509,0.5981,-0.390603,0.699788,-0.0,-3e-06,-3e-06,0.0,-2e-06,-1e-06,-1.094719
357,0.151368,-0.05015,0.308946,-0.402922,0.449011,-0.797552,-0.652722,-0.75178,-0.093555,-0.641097,0.482322,0.596982,7e-06,5.8e-05,7.4e-05,0.0,0.0,0.0,-1.496855,-0.139671,-0.024528,0.318003,0.282768,-0.86107,0.422602,0.95918,0.251871,-0.12833,0.003685,0.442711,0.896581,-0.002745,0.019973,-0.038888,-0.230811,0.472952,0.301562,-1.407204,0.056492,0.030444,-0.009063,-0.231509,0.90236,0.363521,-0.972403,-0.225745,-0.058916,0.028899,-0.367129,0.92972,-0.001392,0.010426,-0.018971,-0.426022,0.631771,0.651441,-0.964029,0.074639,0.01761,-0.063126,0.550209,-0.434739,-0.712931,0.582698,0.811435,-0.045104,0.598106,-0.390607,0.699781,4e-06,3.2e-05,3.8e-05,-3e-06,-8e-06,-5e-06,-1.094719
