frame,MLTx,MLTy,MLTz,MLTR1,MLTR2,MLTR3,MLTR4,MLTR5,MLTR6,MLTR7,MLTR8,MLTR9,MLTTVx,MLTTVy,MLTTVz,MLTRVx,MLTRVy,MLTRVz,MLGA,MRTx,MRTy,MRTz,MRTR1,MRTR2,MRTR3,MRTR4,MRTR5,MRTR6,MRTR7,MRTR8,MRTR9,MRTTVx,MRTTVy,MRTTVz,MRTRVx,MRTRVy,MRTRVz,MRGA,SLTx,SLTy,SLTz,SLTR1,SLTR2,SLTR3,SLTR4,SLTR5,SLTR6,SLTR7,SLTR8,SLTR9,SLTTVx,SLTTVy,SLTTVz,SLTRVx,SLTRVy,SLTRVz,SLGA,SRTx,SRTy,SRTz,SRTR1,SRTR2,SRTR3,SRTR4,SRTR5,SRTR6,SRTR7,SRTR8,SRTR9,SRTTVx,SRTTVy,SRTTVz,SRTRVx,SRTRVy,SRTRVz,SRGA
1116,0.12707,0.156322,0.226538,-0.585955,0.782062,-0.212321,-0.502455,-0.144991,0.852343,0.636529,0.605144,0.478182,-0.04321,-0.044356,0.072904,0.590252,0.858268,0.305448,-1.913778,-0.127636,0.006573,0.378688,0.550954,0.465048,0.692944,-0.578593,0.811215,-0.084222,-0.601962,-0.355123,0.715117,-0.000169,0.001261,0.000831,-0.0,0.0,-0.0,0.08866,0.015532,0.048035,-0.02001,-0.567628,-0.480182,0.668746,0.611301,-0.78992,-0.048321,0.55146,0.381378,0.741917,-0.000125,0.000928,0.000613,0.000174,-0.000304,1.6e-05,-0.05499,0.109296,0.108886,-0.149153,-0.662282,0.724519,-0.190925,-0.469274,-0.20246,0.859529,0.584091,0.658848,0.474084,-0.016057,-0.022372,0.036607,0.745345,0.779067,0.632896,-0.896484
1117,0.126287,0.15536,0.228038,-0.587552,0.78004,-0.215327,-0.509333,-0.149646,0.847442,0.629546,0.60662,0.485501,-0.044153,-0.054839,0.078315,0.208271,0.770666,-0.039217,-1.913261,-0.127619,0.006597,0.378702,0.551044,0.464983,0.692916,-0.578533,0.811265,-0.084156,-0.601938,-0.355094,0.715152,-0.00012,0.000894,0.000589,-0.0,0.0,-0.0,0.087925,0.015541,0.048049,-0.020002,-0.56772,-0.480121,0.668712,0.611237,-0.789974,-0.048258,0.551435,0.381345,0.741952,0.006406,0.001397,0.000347,0.002137,-0.015238,0.029313,-0.057113,0.108906,0.108412,-0.148402,-0.662814,0.723095,-0.194446,-0.477122,-0.207716,0.853937,0.577088,0.658776,0.482681,-0.016469,-0.027405,0.039571,0.173914,0.733803,0.045911,-0.898607
1118,0.124648,0.152778,0.231521,-0.596622,0.768224,-0.232209,-0.529236,-0.159033,0.833421,0.604066,0.619175,0.501751,-0.04506,-0.071575,0.094408,0.0163,-1.257138,2.53275,-1.913063,-0.127596,0.006645,0.378707,0.551193,0.464869,0.692874,-0.578398,0.811369,-0.08408,-0.601931,-0.355005,0.715202,-0.000127,0.000952,0.000627,0.0,0.0,0.0,0.087513,0.015552,0.048073,-0.019999,-0.567873,-0.480011,0.668661,0.6111,-0.790084,-0.048189,0.55143,0.381254,0.742003,-6.6e-05,0.000492,0.000325,6.3e-05,9e-06,5.2e-05,-0.059726,0.108103,0.10715,-0.146706,-0.672384,0.710723,-0.206811,-0.491474,-0.219743,0.842713,0.553491,0.668269,0.497054,-0.022609,-0.035676,0.047375,2.065405,-3.945254,-2.057837,-0.897464
1119,0.122888,0.150105,0.235523,-0.610963,0.744337,-0.269689,-0.560975,-0.166587,0.810881,0.5594,0.645782,0.519677,-0.043976,-0.073392,0.109737,0.604973,0.295867,0.815697,-1.913374,-0.127608,0.00666,0.378682,0.551191,0.464862,0.692881,-0.578348,0.8114,-0.084132,-0.601982,-0.354945,0.715189,8.7e-05,-0.000648,-0.000427,0.0,0.0,0.0,0.087267,0.015546,0.048082,-0.020011,-0.567873,-0.480002,0.668668,0.611051,-0.790119,-0.048243,0.551484,0.381195,0.741993,6.1e-05,-0.000454,-0.000301,5.4e-05,-2e-06,1.7e-05,-0.060379,0.107189,0.105759,-0.144636,-0.684337,0.685672,-0.248061,-0.526686,-0.229554,0.818477,0.504264,0.690765,0.518226,-0.021888,-0.036185,0.055524,0.596018,0.300323,0.822895,-0.901056
1120,0.121968,0.148481,0.237784,-0.615575,0.737429,-0.278048,-0.572939,-0.176413,0.80037,0.541929,0.651075,0.531451,-0.046312,-0.095554,0.119654,0.323231,0.396965,0.443028,-1.913308,-0.12763,0.006681,0.378649,0.551297,0.46477,0.692857,-0.578207,0.811502,-0.08412,-0.60202,-0.354831,0.715214,0.000143,-0.001064,-0.000701,0.011556,-0.085952,0.178967,0.087045,0.015535,0.048093,-0.020027,-0.567982,-0.479914,0.668638,0.610912,-0.790227,-0.048237,0.551526,0.381082,0.74202,8.2e-05,-0.000613,-0.000403,0.011592,-0.085969,0.178996,-0.060542,0.10673,0.104948,-0.143503,-0.687874,0.67896,-0.256594,-0.538585,-0.240474,0.807525,0.486574,0.693674,0.531094,-0.023071,-0.047342,0.060382,0.204992,0.398765,0.389799,-0.901873
1121,0.120093,0.144656,0.242793,-0.620163,0.730451,-0.286157,-0.588593,-0.192015,0.785278,0.51943,0.654522,0.549382,-0.047338,-0.111683,0.136465,0.408329,0.336695,0.660777,-1.913422,-0.127702,0.006774,0.378525,0.548436,0.468051,0.69292,-0.582795,0.808177,-0.084465,-0.600201,-0.358102,0.715112,-0.001296,0.009543,-0.009652,0.03611,-0.005406,0.020926,0.084381,0.015499,0.048134,-0.020087,-0.564993,-0.483101,0.668875,0.615421,-0.786712,-0.048369,0.54958,0.384312,0.741798,6e-05,-0.000441,-0.00029,0.000145,-0.000157,7.5e-05,-0.061358,0.105811,0.103077,-0.14105,-0.693073,0.670911,-0.263679,-0.55072,-0.256772,0.794213,0.465141,0.695661,0.547446,-0.029105,-0.054732,0.069206,0.534033,0.573555,0.613553,-0.903996
1122,0.117948,0.140225,0.248535,-0.622162,0.718414,-0.31119,-0.61291,-0.199558,0.764519,0.487913,0.665494,0.564877,-0.058067,-0.113873,0.150517,0.472727,0.419257,0.477824,-1.912862,-0.127716,0.006951,0.37839,0.548733,0.467776,0.69287,-0.582236,0.808565,-0.084604,-0.600472,-0.357585,0.715144,-0.001407,0.010373,-0.009103,0.036112,-0.005417,0.020921,0.081244,0.015492,0.048222,-0.020155,-0.5653,-0.482836,0.668808,0.614881,-0.787124,-0.048534,0.549869,0.383802,0.741848,-9e-06,8.3e-05,5.6e-05,7.6e-05,-1.6e-05,7.8e-05,-0.065767,0.104743,0.100865,-0.138181,-0.693959,0.659229,-0.289545,-0.575799,-0.266671,0.772878,0.432291,0.703066,0.564642,-0.029063,-0.056904,0.075373,0.833739,0.202465,0.463308,-0.897627
1123,0.116897,0.137929,0.251524,-0.621661,0.711389,-0.327884,-0.629443,-0.204459,0.749647,0.467023,0.671527,0.575299,-0.048072,-0.125239,0.156152,0.644315,0.617321,0.683093,-1.913389,-0.127729,0.007042,0.37833,0.548766,0.467724,0.692879,-0.582044,0.808688,-0.084751,-0.600629,-0.357373,0.715118,-0.000152,0.001136,0.000748,0.0,0.0,0.0,0.076706,0.015486,0.048269,-0.020189,-0.565348,-0.482774,0.668812,0.614676,-0.787274,-0.048698,0.550049,0.383571,0.741834,-0.000794,0.005874,-0.004097,0.036167,-0.00543,0.021001,-0.068543,0.104215,0.099723,-0.136686,-0.69372,0.651982,-0.306055,-0.59124,-0.272822,0.758948,0.411322,0.70745,0.57474,-0.029533,-0.061527,0.078991,0.820854,0.478595,0.81387,-0.900403
1124,0.114921,0.132658,0.25768,-0.624536,0.704775,-0.336591,-0.64606,-0.223948,0.729675,0.439652,0.67229,0.595617,-0.064365,-0.160579,0.170652,0.534695,0.602503,0.758037,-1.912623,-0.127806,0.007249,0.378184,0.546236,0.470715,0.692853,-0.586246,0.805623,-0.084975,-0.598839,-0.360365,0.715117,-0.000163,0.001223,0.000805,-0.0,0.0,-0.0,0.059968,0.015447,0.048373,-0.020262,-0.562709,-0.485673,0.668938,0.618778,-0.784052,-0.048736,0.548153,0.3865,0.741717,-0.00727,0.005046,-0.004068,0.034242,0.009642,-0.008229,-0.085036,0.103236,0.097109,-0.133604,-0.696402,0.645108,-0.314419,-0.605716,-0.2934,0.73961,0.384877,0.705515,0.595077,-0.025798,-0.074701,0.082892,0.221001,0.581281,0.453105,-0.90122
1125,0.112486,0.126634,0.26443,-0.633216,0.688528,-0.353571,-0.661343,-0.243898,0.709303,0.402924,0.682118,0.610241,-0.074964,-0.153747,0.178219,0.334168,-0.232616,1.26502,-1.913006,-0.127924,0.007537,0.377975,0.545679,0.472874,0.691822,-0.590445,0.802776,-0.08283,-0.595207,-0.363885,0.716366,-0.001487,0.010979,-0.008696,-0.011424,-0.045555,0.062177,0.052543,0.015389,0.048515,-0.020362,-0.562011,-0.487829,0.667956,0.622784,-0.781016,-0.046395,0.544317,0.389918,0.742753,-5.5e-05,0.000429,0.000284,-0.171038,-0.144394,0.14861,-0.100385,0.102023,0.094096,-0.130231,-0.703585,0.628944,-0.33075,-0.619618,-0.31511,0.718873,0.347908,0.710728,0.611412,-0.03193,-0.077957,0.088363,0.301624,-1.597292,2.422559,-0.909384
1126,0.109867,0.12044,0.271462,-0.649477,0.6623,-0.373609,-0.675349,-0.276529,0.683671,0.350287,0.695522,0.627356,-0.063998,-0.153622,0.180352,2.538315,-3.130881,-2.800216,-1.912681,-0.128046,0.007934,0.377657,0.544818,0.475211,0.690898,-0.594568,0.799897,-0.081161,-0.591876,-0.367172,0.717448,-0.001406,0.010378,-0.009086,0.036122,-0.005497,0.020882,0.05089,0.015327,0.048715,-0.02052,-0.561049,-0.490128,0.667081,0.626715,-0.777975,-0.044507,0.540787,0.393099,0.743654,-0.000694,0.005155,-0.004564,0.039665,-0.002938,0.018254,-0.10708,0.100711,0.091003,-0.126711,-0.714006,0.605287,-0.351883,-0.63348,-0.344477,0.692847,0.298156,0.717609,0.629396,-0.032836,-0.083011,0.092603,0.551595,0.567786,0.887167,-0.907751
1127,0.108564,0.117089,0.275197,-0.653729,0.654231,-0.380349,-0.681671,-0.290741,0.671392,0.329472,0.697368,0.636517,-0.066161,-0.166506,0.185706,0.769939,0.267023,0.551826,-1.912467,-0.12809,0.008187,0.377431,0.548418,0.473833,0.688993,-0.5946,0.800292,-0.076924,-0.588509,-0.368092,0.719741,-0.002784,0.020556,-0.018297,0.071865,-0.011355,0.042078,0.051295,0.015306,0.048833,-0.020627,-0.564615,-0.488901,0.66497,0.626592,-0.778309,-0.040202,0.537207,0.393966,0.745787,-0.000687,0.00511,-0.00459,0.027342,0.083397,-0.159724,-0.107733,0.100086,0.089397,-0.124913,-0.721027,0.593127,-0.358216,-0.636095,-0.361583,0.681645,0.274777,0.719344,0.637997,-0.027355,-0.083856,0.092385,2.656352,-3.212622,-2.677438,-0.897954
1128,0.105846,0.110815,0.282337,-0.662993,0.63457,-0.397249,-0.692198,-0.317359,0.648165,0.286057,0.703914,0.650157,-0.076596,-0.151657,0.184425,0.385614,-0.297948,1.297807,-1.912112,-0.128194,0.00867,0.376929,0.550281,0.47115,0.689347,-0.594585,0.800719,-0.072467,-0.586784,-0.370597,0.719865,-0.001152,0.008475,-0.010328,0.0188,0.037772,0.043177,0.05546,0.015253,0.049085,-0.020883,-0.566486,-0.48608,0.665446,0.626315,-0.778752,-0.03567,0.535557,0.396573,0.745592,-0.001226,0.009096,-0.009915,0.064608,0.015048,0.055795,-0.107243,0.098708,0.086196,-0.12127,-0.728997,0.572906,-0.374621,-0.64462,-0.390465,0.657267,0.230276,0.720635,0.653955,-0.033422,-0.082996,0.094174,0.474442,-1.728552,2.371598,-0.888157
1129,0.102788,0.104658,0.289588,-0.678397,0.597635,-0.427382,-0.700416,-0.350283,0.621846,0.222772,0.72046,0.656763,-0.078516,-0.15497,0.183566,2.370526,-3.203199,-3.015206,-1.912234,-0.128388,0.009234,0.376237,0.549526,0.471547,0.689678,-0.598822,0.797926,-0.068258,-0.583165,-0.376085,0.719959,-0.013922,0.005672,-0.011023,-0.054451,0.229594,0.104681,0.041466,0.015161,0.049367,-0.021229,-0.565956,-0.487162,0.665105,0.630296,-0.775701,-0.031834,0.531432,0.401196,0.746069,-0.001158,0.008593,-0.010238,-0.073733,0.352605,0.18674,-0.109529,0.097181,0.083124,-0.117639,-0.737384,0.539865,-0.405967,-0.653942,-0.420031,0.629231,0.169181,0.729465,0.662765,-0.039499,-0.078106,0.091327,0.120901,0.239726,0.684555,-0.874767
1130,0.099764,0.098503,0.296693,-0.687269,0.570806,-0.449319,-0.704444,-0.372555,0.604097,0.178277,0.730987,0.658713,-0.078528,-0.145327,0.177959,0.629032,0.039592,0.63379,-1.912887,-0.128815,0.009844,0.375549,0.555877,0.469335,0.686088,-0.598847,0.798505,-0.060876,-0.577091,-0.377618,0.72404,-0.014121,0.007262,-0.009967,-0.135273,-0.036817,-0.048419,0.03242,0.014948,0.049668,-0.021576,-0.572091,-0.484606,0.661716,0.629793,-0.776388,-0.024095,0.525425,0.40296,0.749367,-0.007732,0.008688,-0.009592,-0.506295,-0.491878,0.516479,-0.128308,0.095669,0.080042,-0.114086,-0.748248,0.507113,-0.427738,-0.652305,-0.444857,0.613678,0.120922,0.738199,0.663655,-0.040336,-0.079391,0.091376,0.767247,-0.830469,-0.357862,-0.861867
1131,0.098245,0.095464,0.300234,-0.68692,0.565127,-0.456966,-0.708932,-0.382514,0.592512,0.160899,0.730263,0.663968,-0.069372,-0.160851,0.182536,0.393083,0.349408,0.956191,-1.912233,-0.12919,0.010073,0.37523,0.556406,0.469453,0.685579,-0.599247,0.798263,-0.060106,-0.576165,-0.377984,0.724586,-0.028158,0.013976,-0.02029,0.066389,0.031611,-0.042646,0.032841,0.014754,0.04979,-0.021737,-0.57261,-0.484795,0.661128,0.630217,-0.77607,-0.023242,0.52435,0.403346,0.749912,-0.014067,0.006979,-0.010141,0.071811,0.035645,-0.047274,-0.13092,0.094906,0.078527,-0.112318,-0.747652,0.501386,-0.435462,-0.656018,-0.455685,0.601656,0.103228,0.735501,0.669612,-0.039858,-0.073696,0.088744,0.054815,-0.066095,0.79365,-0.855172
1132,0.095219,0.089599,0.307049,-0.686789,0.55379,-0.470832,-0.715835,-0.402653,0.570458,0.127182,0.728133,0.673554,-0.068395,-0.141812,0.168603,0.47313,0.006782,0.552649,-1.912326,-0.130319,0.010335,0.374557,0.552882,0.471628,0.686935,-0.600296,0.797171,-0.063995,-0.578458,-0.377582,0.722967,-0.040488,0.007918,-0.023151,0.064486,0.046712,-0.072098,0.040207,0.014205,0.049922,-0.022061,-0.569088,-0.48682,0.662679,0.631414,-0.774972,-0.027076,0.526739,0.403017,0.748413,-0.01954,-0.001243,-0.007049,0.028375,0.052652,-0.092851,-0.128798,0.093393,0.07559,-0.108904,-0.746149,0.491138,-0.449493,-0.662054,-0.476043,0.578849,0.070317,0.729497,0.680359,-0.040334,-0.070462,0.084536,1.079025,-0.580854,-0.239766,-0.851253
1133,0.092321,0.083892,0.313656,-0.689864,0.543816,-0.477909,-0.717504,-0.425417,0.551524,0.09747,0.722702,0.684272,-0.081875,-0.142546,0.169842,0.446613,0.489394,0.663133,-1.911833,-0.131948,0.01003,0.373463,0.531888,0.476601,0.699956,-0.601119,0.794675,-0.084147,-0.596986,-0.376606,0.708265,-0.049206,-0.027945,-0.02996,0.487537,0.750552,-0.577672,-0.043452,0.013371,0.049802,-0.022598,-0.548549,-0.491144,0.67666,0.63321,-0.772526,-0.047402,0.546019,0.402466,0.734767,-0.024455,-0.01502,-0.015653,0.514462,0.821967,-0.596976,-0.174192,0.091917,0.072681,-0.105539,-0.74852,0.480534,-0.45695,-0.661818,-0.498343,0.560045,0.041402,0.721623,0.691046,-0.041157,-0.071749,0.084632,0.364654,0.455331,0.636912,-0.853049
1134,0.090825,0.080845,0.317097,-0.692688,0.542133,-0.475732,-0.716265,-0.439343,0.542138,0.085758,0.715608,0.693237,-0.070766,-0.145877,0.168763,0.506249,0.767155,0.696712,-1.912488,-0.133088,0.009481,0.372544,0.507214,0.485219,0.712242,-0.601531,0.791138,-0.110433,-0.617677,-0.373039,0.692229,-0.06201,-0.033597,-0.048744,0.152748,0.524433,-0.478639,-0.108874,0.012823,0.049549,-0.023033,-0.524386,-0.498557,0.69026,0.634647,-0.769297,-0.073507,0.567663,0.399526,0.719816,-0.030832,-0.017957,-0.025109,0.565884,0.945522,-0.837752,-0.223179,0.091222,0.071266,-0.103946,-0.751945,0.477161,-0.454856,-0.658531,-0.512063,0.551477,0.030228,0.714218,0.699269,-0.042323,-0.078137,0.088128,0.438841,0.523827,0.642941,-0.852559
1135,0.087782,0.075269,0.32378,-0.697233,0.540638,-0.470767,-0.713918,-0.463892,0.524498,0.066041,0.701113,0.710004,-0.082656,-0.141277,0.174094,0.944006,-0.247623,-0.722171,-1.911955,-0.13539,0.007917,0.370334,0.475246,0.483071,0.735374,-0.561648,0.809911,-0.168906,-0.677752,-0.333365,0.655274,-0.048404,-0.043042,-0.056966,5.815728,1.149045,1.597358,-0.215834,0.01167,0.048751,-0.024149,-0.493114,-0.497772,0.713484,0.603363,-0.786513,-0.131717,0.62673,0.365539,0.688178,-0.030594,-0.023074,-0.028913,0.098586,1.025636,-0.552724,-0.331114,0.089677,0.068416,-0.100548,-0.754304,0.478352,-0.449671,-0.65639,-0.535612,0.531291,0.013295,0.695915,0.718,-0.03455,-0.065896,0.082861,3.015746,-2.199471,-3.307239,-0.84864
1136,0.085017,0.070024,0.330278,-0.705153,0.529167,-0.472004,-0.708378,-0.495635,0.502512,0.032843,0.688046,0.724943,-0.058405,-0.136626,0.164405,2.856484,-2.287738,-3.315447,-1.912475,-0.13707,0.00595,0.368541,0.48101,0.478267,0.734767,-0.533351,0.824799,-0.18756,-0.696316,-0.302281,0.650872,-0.034351,-0.052409,-0.032957,0.297931,0.135977,-0.407024,-0.283605,0.010828,0.047738,-0.025077,-0.499833,-0.490488,0.713854,0.571857,-0.805897,-0.153323,0.650496,0.331587,0.683303,-0.010507,-0.026204,-0.017024,1.05095,-0.193046,0.459553,-0.431538,0.088286,0.065795,-0.097292,-0.759479,0.468851,-0.450964,-0.650354,-0.563373,0.509557,-0.015155,0.680285,0.73279,-0.035406,-0.067493,0.082728,0.301581,0.657602,0.522711,-0.846354
1137,0.083834,0.067455,0.333352,-0.705002,0.521732,-0.48043,-0.709134,-0.506299,0.490675,0.013632,0.685966,0.727524,-0.059376,-0.138823,0.163753,0.233184,0.395425,0.526453,-1.91232,-0.137462,0.004949,0.368105,0.496779,0.474229,0.726848,-0.523654,0.831661,-0.184554,-0.69261,-0.28954,0.660546,-0.020871,-0.053726,-0.019015,3.999724,-1.150037,2.967717,-0.24588,0.010628,0.047227,-0.025307,-0.512425,-0.489285,0.705705,0.566658,-0.81014,-0.150233,0.645227,0.322911,0.692394,-0.003229,-0.031039,-0.004851,-0.135196,-0.272984,-0.826424,-0.439213,0.087695,0.064513,-0.095753,-0.761372,0.457285,-0.459567,-0.647197,-0.577707,0.497383,-0.038049,0.676124,0.735803,-0.029764,-0.069456,0.081883,0.413373,0.368699,0.140585,-0.838516
1138,0.081538,0.062181,0.339541,-0.710988,0.495138,-0.49938,-0.702528,-0.532199,0.472432,-0.030971,0.686104,0.726862,-0.047715,-0.134614,0.153297,2.513991,-2.446074,-3.60296,-1.911926,-0.137488,0.003114,0.367972,0.525494,0.474089,0.706461,-0.533956,0.830232,-0.159808,-0.662925,-0.293847,0.688511,0.005825,-0.050531,0.013341,-0.631525,-0.503848,0.07742,-0.107977,0.010607,0.046293,-0.025396,-0.542698,-0.488649,0.683155,0.570962,-0.811151,-0.126631,0.61602,0.321333,0.71921,0.002177,-0.019165,0.002802,-1.913876,-1.352756,1.071951,-0.354955,0.086526,0.061827,-0.092596,-0.763896,0.433067,-0.47845,-0.640207,-0.601858,0.477388,-0.081219,0.670983,0.73701,-0.023961,-0.067603,0.0764,2.41567,-2.472965,-3.652111,-0.837863
1139,0.079487,0.056791,0.345644,-0.713284,0.458704,-0.529963,-0.694142,-0.567143,0.44327,-0.096353,0.683475,0.723605,-0.04862,-0.136396,0.153904,0.282998,-0.390898,0.820925,-1.911468,-0.137071,0.001885,0.368686,0.560814,0.468401,0.6827,-0.548718,0.827741,-0.116993,-0.620579,-0.309596,0.720344,0.01676,-0.026452,0.029244,-1.953304,-1.707502,1.640277,0.000216,0.010807,0.045669,-0.025057,-0.574948,-0.484347,0.659425,0.583407,-0.807758,-0.084629,0.573647,0.336057,0.74699,0.001673,-0.013233,0.015221,-0.62422,-0.936658,0.259464,-0.236569,0.085518,0.05918,-0.089604,-0.764792,0.394827,-0.50912,-0.627315,-0.636468,0.448756,-0.146858,0.662584,0.734447,-0.025301,-0.07429,0.08053,1.182536,-1.169002,0.262826,-0.840312
1140,0.077357,0.051073,0.351795,-0.711864,0.422725,-0.560891,-0.681425,-0.609174,0.405633,-0.169328,0.670433,0.722409,-0.062739,-0.138074,0.154496,3.507875,-2.033424,-2.755814,-1.911631,-0.136457,0.001478,0.369946,0.577056,0.457164,0.676757,-0.543991,0.833211,-0.098833,-0.609766,-0.311701,0.728623,0.013604,0.001793,0.032842,-0.029364,-0.3056,0.599139,0.068101,0.011121,0.045453,-0.024417,-0.592773,-0.473727,0.651308,0.578595,-0.813039,-0.064768,0.560221,0.338451,0.756043,0.014015,-0.003203,0.021113,-0.063739,-0.294944,0.582306,-0.138105,0.084459,0.056323,-0.086528,-0.758898,0.362118,-0.541241,-0.614751,-0.672568,0.411986,-0.214834,0.645384,0.733023,-0.025465,-0.070816,0.076137,0.242843,-0.232441,0.813571,-0.833781
1141,0.076308,0.048426,0.354758,-0.711612,0.393984,-0.581747,-0.667215,-0.638403,0.383714,-0.219332,0.660714,0.717898,-0.050062,-0.139179,0.154803,3.637746,-2.787221,-2.135472,-1.911315,-0.136118,0.001488,0.370759,0.585171,0.450286,0.674395,-0.537621,0.838017,-0.092871,-0.607685,-0.308799,0.731591,0.014314,-0.003319,0.045555,-0.003462,-0.350366,0.71531,0.087351,0.011284,0.045465,-0.024024,-0.600611,-0.467459,0.648651,0.572434,-0.817802,-0.059322,0.558198,0.33568,0.75877,0.007108,-0.001368,0.022981,0.555239,0.142463,0.065071,-0.102018,0.083927,0.054994,-0.085051,-0.756974,0.334413,-0.561389,-0.598088,-0.700637,0.389097,-0.263211,0.630297,0.730373,-0.030466,-0.062588,0.074314,1.233697,-2.112412,2.608269,-0.83623
1142,0.0745,0.043634,0.360239,-0.707726,0.343179,-0.617574,-0.635674,-0.690797,0.344514,-0.307514,0.635968,0.707819,-0.04746,-0.110513,0.128723,3.486319,-2.125222,-2.658859,-1.911404,-0.135609,0.001748,0.372449,0.575603,0.462649,0.674261,-0.560306,0.823696,-0.086693,-0.596194,-0.328482,0.732471,0.012176,0.014313,0.041368,-0.071241,-0.215742,0.417735,0.111165,0.01154,0.045595,-0.023172,-0.590662,-0.479073,0.649312,0.593934,-0.802827,-0.052054,0.546223,0.354903,0.758737,6.7e-05,0.001627,0.025587,-0.407031,-0.174203,0.018516,-0.053357,0.083037,0.052636,-0.082344,-0.749309,0.284138,-0.598165,-0.562612,-0.749577,0.348713,-0.349288,0.597829,0.721524,-0.023191,-0.050075,0.060035,1.152535,-0.693696,0.211311,-0.840476
1143,0.072876,0.040199,0.364363,-0.693591,0.294056,-0.657654,-0.60546,-0.732625,0.310887,-0.389538,0.613443,0.687005,-0.04297,-0.069867,0.09408,4.368581,-4.204327,-1.12706,-1.911242,-0.135119,0.002255,0.3743,0.541041,0.48968,0.683724,-0.601919,0.793239,-0.091639,-0.587887,-0.362589,0.723036,0.011335,0.021219,0.045836,-0.212896,0.110458,0.057975,0.108853,0.011793,0.045863,-0.022213,-0.556095,-0.504413,0.660549,0.634454,-0.771026,-0.054649,0.536866,0.388698,0.74879,0.005578,0.01108,0.023239,-0.213762,0.07968,0.058218,-0.039804,0.082192,0.05083,-0.080189,-0.732085,0.235532,-0.639199,-0.527147,-0.790196,0.312578,-0.431471,0.565785,0.702651,-0.021635,-0.035176,0.046905,4.31962,-4.227653,-1.156531,-0.846027
1144,0.071919,0.0391,0.366058,-0.682816,0.267508,-0.679888,-0.586621,-0.755433,0.291838,-0.434697,0.597772,0.673598,-0.052264,-0.044431,0.079736,0.147149,-0.834698,0.903348,-1.911828,-0.134685,0.002643,0.375422,0.520864,0.505311,0.688007,-0.624812,0.774823,-0.095886,-0.582166,-0.380572,0.718409,0.025008,0.018554,0.058809,-3.758489,0.694935,-4.15137,0.115526,0.011993,0.046036,-0.021695,-0.53918,-0.51594,0.66565,0.652394,-0.75571,-0.057303,0.532604,0.403369,0.74406,0.012457,0.009369,0.029466,1.685363,1.37666,-1.637795,-0.036212,0.081711,0.050277,-0.079344,-0.719043,0.209024,-0.662785,-0.505545,-0.811719,0.292462,-0.476864,0.545362,0.689332,-0.026261,-0.022361,0.039798,0.135697,-0.829621,0.892144,-0.847497
1145,0.070149,0.03762,0.368662,-0.64239,0.236367,-0.729048,-0.574567,-0.778046,0.253946,-0.506416,0.581722,0.63653,-0.041145,-0.043393,0.065036,-0.306113,-0.838944,1.092898,-1.911993,-0.133498,0.003445,0.377689,0.500589,0.512958,0.697335,-0.646664,0.757097,-0.09254,-0.576024,-0.405267,0.709802,0.024509,0.020782,0.059829,-0.163003,0.233073,-0.163828,0.130859,0.012594,0.046457,-0.020535,-0.515778,-0.525825,0.676373,0.677713,-0.733387,-0.053349,0.524096,0.43087,0.734624,0.018727,0.011396,0.030006,-0.141398,0.117625,0.042511,-0.024455,0.080843,0.04956,-0.078063,-0.677638,0.18181,-0.712566,-0.49138,-0.832841,0.254796,-0.54713,0.5228,0.653703,-0.019987,-0.016525,0.028122,-0.236114,-1.03722,1.211359,-0.849457
1146,0.068559,0.036119,0.370777,-0.617839,0.203994,-0.759412,-0.549526,-0.802785,0.231366,-0.561684,0.560006,0.609041,-0.04201,-0.038303,0.052851,-0.437245,-0.397647,0.649848,-1.912296,-0.132219,0.004152,0.380036,0.487269,0.510097,0.708775,-0.655694,0.74976,-0.088654,-0.57722,-0.422186,0.698884,0.024854,0.015728,0.056018,-1.417909,0.646433,-1.223932,0.158099,0.013218,0.046819,-0.019373,-0.506597,-0.5207,0.68719,0.681963,-0.729665,-0.050141,0.527527,0.443237,0.724744,0.012417,0.007644,0.027855,-0.346174,0.796377,0.07716,0.013755,0.080068,0.048819,-0.077023,-0.649486,0.152744,-0.744873,-0.464895,-0.854957,0.230043,-0.601697,0.495698,0.626293,-0.021086,-0.019282,0.026362,0.972083,-1.365299,0.272817,-0.852233
1147,0.066516,0.034855,0.372825,-0.595629,0.17274,-0.784495,-0.515501,-0.831167,0.208311,-0.615327,0.528264,0.585095,-0.054603,-0.035186,0.0549,0.120022,-0.827365,0.65028,-1.912236,-0.131092,0.004479,0.382145,0.465678,0.507358,0.725068,-0.663257,0.742494,-0.093414,-0.586312,-0.438047,0.681334,0.025701,0.007292,0.050208,-0.155971,0.373847,-0.002782,0.152938,0.013804,0.047003,-0.018271,-0.482323,-0.51876,0.705869,0.69385,-0.718117,-0.053651,0.534729,0.463891,0.706306,0.012859,0.003291,0.024854,-0.148526,0.336856,-0.010554,0.02241,0.079008,0.048155,-0.075961,-0.625481,0.124095,-0.770307,-0.429175,-0.879217,0.206845,-0.651599,0.459975,0.603192,-0.027408,-0.017791,0.027351,0.116353,-0.830708,0.648647,-0.855988
1148,0.065474,0.034177,0.373856,-0.585115,0.154868,-0.796054,-0.498088,-0.843256,0.201987,-0.639274,0.514493,0.571535,-0.042682,-0.039279,0.052401,3.950045,-2.070291,-2.535646,-1.912185,-0.130493,0.004462,0.383203,0.451173,0.504264,0.73631,-0.665162,0.740051,-0.099093,-0.595416,-0.445694,0.668356,0.026348,0.001543,0.046393,1.529437,1.647954,-1.670966,0.143008,0.014082,0.047002,-0.017777,-0.470858,-0.514253,0.716823,0.695819,-0.715983,-0.056591,0.542335,0.472133,0.694954,0.019586,0.001847,0.023318,-0.223546,0.373467,0.109754,0.018491,0.078503,0.04783,-0.075466,-0.614144,0.111856,-0.781226,-0.415348,-0.887529,0.19944,-0.671053,0.446966,0.59153,-0.027784,-0.018611,0.026841,-0.457411,-0.873775,0.356205,-0.858601
1149,0.063293,0.032503,0.376208,-0.563375,0.129094,-0.816081,-0.479615,-0.855355,0.195727,-0.672077,0.501508,0.544821,-0.056519,-0.046,0.063761,-0.436849,-0.757569,0.41235,-1.912624,-0.129128,0.004094,0.385184,0.421373,0.493882,0.760603,-0.670866,0.734083,-0.104853,-0.610633,-0.466704,0.63967,0.041369,-0.013412,0.051435,-0.303493,0.632568,-0.059255,0.121839,0.014754,0.046821,-0.016789,-0.44108,-0.503649,0.742822,0.701323,-0.709884,-0.064879,0.559995,0.492342,0.666336,0.020656,-0.006764,0.025657,-0.390112,0.886958,0.1059,-0.00535,0.077438,0.047009,-0.07432,-0.590962,0.084339,-0.802277,-0.390583,-0.90009,0.193084,-0.705838,0.427461,0.564861,-0.028365,-0.023216,0.031772,-0.515942,-1.102739,0.171354,-0.862846
1150,0.060927,0.030755,0.378872,-0.546134,0.097762,-0.832001,-0.456431,-0.867522,0.197606,-0.701787,0.487545,0.519444,-0.055533,-0.042812,0.066068,-0.454603,-0.712983,0.253227,-1.912774,-0.127349,0.003416,0.387136,0.384762,0.476308,0.79062,-0.679139,0.726151,-0.106815,-0.625441,-0.496443,0.601856,0.042053,-0.018852,0.047956,1.0999,2.713415,-1.770497,0.11979,0.015638,0.046484,-0.015812,-0.409764,-0.486101,0.771879,0.70961,-0.701578,-0.06512,0.573189,0.52105,0.632424,0.021696,-0.014668,0.028518,-0.496652,1.291511,0.006827,-0.01825,0.076232,0.046114,-0.072967,-0.570544,0.05487,-0.819431,-0.366753,-0.909772,0.19444,-0.734827,0.411465,0.539189,-0.028607,-0.026892,0.037367,-0.581765,-0.853624,0.120174,-0.864479
1151,0.059795,0.029836,0.380273,-0.538233,0.084698,-0.838557,-0.444395,-0.873906,0.196907,-0.715479,0.478522,0.509051,-0.055215,-0.041699,0.066905,-0.202834,-0.503549,0.305835,-1.912991,-0.126388,0.002946,0.388088,0.369102,0.462723,0.806004,-0.680374,0.725305,-0.104681,-0.633472,-0.510329,0.581499,0.055464,-0.020667,0.045709,-0.497747,1.520942,0.13198,0.121781,0.016119,0.046252,-0.015334,-0.393381,-0.472479,0.788679,0.710447,-0.700702,-0.065414,0.583536,0.534583,0.611314,0.021905,-0.016162,0.027577,-0.516155,1.432414,0.072681,-0.019393,0.075687,0.04567,-0.072292,-0.561502,0.042195,-0.826398,-0.354391,-0.914732,0.194088,-0.747745,0.401849,0.528577,-0.027831,-0.02132,0.033182,1.011645,-0.809205,-0.72654,-0.864643
1152,0.057863,0.02811,0.382945,-0.52598,0.062181,-0.848248,-0.417672,-0.88766,0.193857,-0.740253,0.456172,0.493922,-0.054356,-0.039074,0.068824,-0.429876,-0.599932,0.096363,-1.913089,-0.124672,0.001938,0.389805,0.324596,0.433027,0.840902,-0.68796,0.718192,-0.104141,-0.649403,-0.545247,0.529948,0.043332,-0.027692,0.042404,-0.459476,1.58098,-0.138565,0.134302,0.016997,0.045741,-0.014458,-0.350908,-0.439066,0.827093,0.717846,-0.6933,-0.063483,0.601298,0.571449,0.558466,0.021589,-0.01358,0.021335,-0.499704,1.769657,-0.230953,-0.009922,0.074699,0.044789,-0.070933,-0.548329,0.022984,-0.835945,-0.326214,-0.926308,0.188508,-0.770012,0.376062,0.51542,-0.027913,-0.024708,0.038983,-0.198495,-0.051837,0.347636,-0.866765
1153,0.055911,0.026338,0.385689,-0.521999,0.049094,-0.851559,-0.392287,-0.900305,0.188502,-0.756765,0.432387,0.49028,-0.042805,-0.044196,0.065826,4.512096,-1.068733,-2.506556,-1.913024,-0.123364,0.000901,0.391292,0.282379,0.37979,0.880916,-0.672158,0.733492,-0.100639,-0.68469,-0.564172,0.461273,0.029375,-0.021626,0.03158,-0.050074,2.237118,0.164982,0.141179,0.017657,0.045215,-0.013714,-0.313337,-0.385735,0.867771,0.702789,-0.708753,-0.061285,0.638675,0.590657,0.493169,0.008157,-0.011547,0.015857,1.01546,1.920115,0.622614,0.001835,0.073721,0.043909,-0.069556,-0.541876,0.011868,-0.840374,-0.30568,-0.934203,0.183911,-0.782898,0.356542,0.509849,-0.021599,-0.022479,0.032694,-0.195614,-0.021113,0.207612,-0.869215
1154,0.054381,0.024739,0.388,-0.509825,0.037305,-0.859496,-0.376269,-0.908098,0.183714,-0.773025,0.417012,0.478081,-0.042125,-0.035275,0.055929,-0.306425,-0.362885,0.037535,-1.912991,-0.122234,1.5e-05,0.392616,0.229647,0.327546,0.916497,-0.660805,0.743805,-0.100125,-0.714747,-0.583042,0.386086,0.029235,-0.020397,0.032395,-0.402375,2.364869,-0.262975,0.123931,0.018207,0.044772,-0.013069,-0.26604,-0.331755,0.905075,0.691112,-0.720182,-0.060835,0.672001,0.609324,0.420877,0.014562,-0.010083,0.016244,-0.394121,2.283506,-0.267189,-0.001267,0.072956,0.043107,-0.068397,-0.529188,-0.00105,-0.848503,-0.283597,-0.94227,0.178038,-0.799707,0.334849,0.498341,-0.014764,-0.019179,0.027072,-0.38092,-0.46373,-0.160496,-0.870358
1155,0.05381,0.024059,0.389028,-0.498571,0.026128,-0.866481,-0.360696,-0.915156,0.179887,-0.787651,0.402186,0.466776,-0.028785,-0.036669,0.055254,-0.273802,-0.625863,-0.074462,-1.912681,-0.121625,-0.00031,0.393253,0.211084,0.304406,0.928855,-0.66803,0.738612,-0.090125,-0.713731,-0.601859,0.358075,0.04173,-0.01547,0.034406,-1.349887,1.055066,2.27267,0.123255,0.018539,0.044591,-0.012728,-0.24588,-0.306553,0.919547,0.698121,-0.714132,-0.0514,0.672435,0.629317,0.389602,0.020779,-0.007621,0.017242,-1.337942,1.016773,2.240623,-0.010575,0.072663,0.042763,-0.067885,-0.517581,-0.010418,-0.85557,-0.267535,-0.947818,0.173387,-0.812732,0.318637,0.487786,-0.01383,-0.013463,0.022882,0.045082,-0.648857,-0.412791,-0.866602
1156,0.05307,0.023004,0.390731,-0.475524,-0.001941,-0.879727,-0.334591,-0.924441,0.182838,-0.813025,0.38129,0.440042,-0.014949,-0.030015,0.043941,-0.228398,-0.63495,-0.048926,-1.912925,-0.120178,-0.000635,0.3944,0.197946,0.257342,0.945824,-0.678835,0.732031,-0.056982,-0.707253,-0.631099,0.318388,0.05303,-0.00224,0.025795,-0.232733,1.002959,0.166658,0.170581,0.019262,0.044431,-0.012153,-0.235181,-0.256156,0.937589,0.70688,-0.707153,-0.015888,0.667089,0.659027,0.347381,0.026494,-0.001062,0.012912,-0.221039,0.90303,0.124115,0.012286,0.072289,0.042236,-0.067027,-0.491449,-0.037094,-0.870115,-0.240786,-0.95436,0.176684,-0.836958,0.296343,0.460087,-0.006541,-0.009286,0.01776,0.045307,-0.88111,-0.235306,-0.873787
1157,0.052875,0.022303,0.392135,-0.452066,-0.0285,-0.891554,-0.302893,-0.935192,0.18342,-0.838445,0.352994,0.415249,0.002842,-0.007278,0.027098,-0.182297,-0.787606,0.002352,-1.912953,-0.118229,-0.000375,0.394844,0.181661,0.218895,0.958685,-0.679382,0.732732,-0.038448,-0.71107,-0.644598,0.280599,0.050925,0.012481,0.003373,-0.029881,0.583424,0.423424,0.22337,0.020216,0.044564,-0.011928,-0.220894,-0.217675,0.950695,0.706564,-0.707645,0.002145,0.672289,0.672201,0.310116,0.026273,0.000693,0.00608,-0.068517,0.66201,0.401487,0.07303,0.072181,0.041869,-0.066324,-0.466745,-0.060431,-0.882324,-0.208031,-0.962167,0.175946,-0.859576,0.265673,0.436515,-0.005229,-0.006238,0.019747,0.084874,-0.854796,-0.17276,-0.868888
1158,0.052893,0.022085,0.392816,-0.443558,-0.034735,-0.895597,-0.291362,-0.93938,0.180675,-0.847036,0.341121,0.407667,0.003807,-0.005018,0.028551,-0.116319,-0.297697,0.282511,-1.912935,-0.117164,-0.000142,0.394836,0.178626,0.204802,0.962362,-0.678247,0.734167,-0.030229,-0.712917,-0.647571,0.268821,0.062827,0.021506,-0.00791,0.016913,0.379305,0.364203,0.267059,0.020744,0.044678,-0.011926,-0.218592,-0.2036,0.954339,0.705074,-0.709059,0.010226,0.674601,0.675116,0.298547,0.0257,0.004718,0.00069,-0.019103,0.412625,0.350922,0.117771,0.07219,0.041759,-0.065984,-0.456193,-0.067299,-0.887331,-0.196369,-0.964942,0.174143,-0.867943,0.253687,0.426984,0.001556,-0.006756,0.019487,-0.130931,-0.239191,0.317782,-0.868072
1159,0.052942,0.021616,0.394359,-0.422828,-0.057435,-0.904413,-0.262413,-0.947469,0.182793,-0.866881,0.314686,0.386674,0.003494,-0.0127,0.039449,-0.130858,-0.508977,-0.071421,-1.91308,-0.115158,0.000431,0.39453,0.176022,0.187337,0.966392,-0.676059,0.736544,-0.019522,-0.715635,-0.650131,0.255067,0.05067,0.014817,-0.011015,0.016176,0.262959,0.03182,0.302362,0.021751,0.044969,-0.012077,-0.217193,-0.186437,0.958158,0.702401,-0.711476,0.020781,0.677833,0.677526,0.285482,0.025279,0.007772,-0.005315,0.02567,0.194032,0.249502,0.195498,0.072216,0.041531,-0.065214,-0.43439,-0.086851,-0.896527,-0.166769,-0.970375,0.174809,-0.885151,0.225448,0.407037,0.00107,-0.011378,0.024437,0.091356,-0.700518,-0.290453,-0.866602
1160,0.053283,0.020769,0.396351,-0.40233,-0.076833,-0.912289,-0.239716,-0.952862,0.185909,-0.883074,0.293577,0.366086,0.016005,-0.030074,0.060148,-0.368949,-0.686647,0.133411,-1.913226,-0.113212,0.000898,0.394114,0.178822,0.183071,0.966695,-0.674266,0.738292,-0.01497,-0.716635,-0.649358,0.254229,0.052555,0.002754,-0.002816,0.006574,-0.047313,0.091463,0.331638,0.022723,0.045204,-0.01229,-0.220114,-0.182529,0.958244,0.700465,-0.713246,0.025039,0.678893,0.676729,0.284851,0.025519,0.006431,-0.006172,0.04466,-0.083319,0.130457,0.234524,0.072386,0.041098,-0.064207,-0.412579,-0.103797,-0.904988,-0.143525,-0.97367,0.177106,-0.899543,0.202959,0.386818,0.008087,-0.014789,0.030233,-0.419461,-0.805745,0.079838,-0.859907
1161,0.053847,0.0199,0.398567,-0.398851,-0.094786,-0.912129,-0.213452,-0.957724,0.192804,-0.891352,0.271708,0.362895,0.018298,-0.01763,0.052169,-0.184128,0.037799,-0.029075,-1.913303,-0.111272,0.001215,0.39376,0.186527,0.179093,0.965984,-0.667771,0.744269,-0.008925,-0.720752,-0.64361,0.257188,0.051149,0.012366,-0.012617,0.043904,-0.064095,0.13898,0.371496,0.023695,0.045355,-0.012466,-0.227942,-0.17907,0.957065,0.693965,-0.719353,0.030686,0.682974,0.671165,0.288239,0.02645,0.000635,-0.001932,0.015023,-0.128081,0.272645,0.281715,0.072663,0.040674,-0.063115,-0.40639,-0.122149,-0.905497,-0.116864,-0.975935,0.184099,-0.906195,0.180636,0.382336,0.002683,-0.011029,0.032544,-0.332661,0.411723,-0.59776,-0.855988
1162,0.054143,0.0195,0.399749,-0.401706,-0.102229,-0.910069,-0.205011,-0.958487,0.198101,-0.892047,0.266274,0.365208,0.019449,-0.014845,0.053873,-0.123584,-0.055654,0.228081,-1.913159,-0.110309,0.001304,0.393636,0.190257,0.177456,0.965558,-0.666754,0.745214,-0.005461,-0.720723,-0.642968,0.258871,0.052638,0.002831,-0.002823,0.018054,-0.138987,0.299584,0.397966,0.024175,0.045401,-0.012533,-0.231578,-0.177633,0.95646,0.692848,-0.720281,0.033982,0.682884,0.670552,0.289874,0.026434,0.000835,-0.001813,0.015313,-0.127783,0.272692,0.309311,0.07281,0.040471,-0.062526,-0.408945,-0.129809,-0.903278,-0.108181,-0.975955,0.18923,-0.906123,0.175102,0.38507,0.009185,-0.012122,0.031878,-0.152658,-0.029881,0.229985,-0.847007
1163,0.054756,0.018745,0.402221,-0.393323,-0.113598,-0.91238,-0.190693,-0.960678,0.20176,-0.898938,0.253476,0.357333,0.019195,-0.022291,0.064872,-0.267601,-0.374243,0.061075,-1.912902,-0.108261,0.001457,0.393489,0.202592,0.172989,0.963858,-0.651419,0.758674,0.000877,-0.731324,-0.628267,0.265161,0.052588,0.003485,-0.002446,0.016653,-0.128649,0.2727,0.476012,0.0252,0.045476,-0.012607,-0.244019,-0.173747,0.954078,0.677716,-0.734255,0.03962,0.693653,0.656263,0.296924,0.026225,0.002122,-0.001018,0.004862,-0.050256,0.121574,0.398468,0.073118,0.0401,-0.061292,-0.400344,-0.139606,-0.905667,-0.093558,-0.976935,0.191949,-0.911576,0.161578,0.378049,0.003517,-0.008982,0.033753,-0.319847,-0.479589,-0.212975,-0.842108
1164,0.055131,0.017979,0.404776,-0.379562,-0.130487,-0.915943,-0.171088,-0.963028,0.208035,-0.908757,0.235825,0.344347,0.007561,-0.009798,0.056725,-0.278195,-0.470571,0.013408,-1.912868,-0.106283,0.001622,0.393356,0.208342,0.170442,0.963086,-0.649883,0.759965,0.006213,-0.731082,-0.627397,0.267872,0.052875,0.002378,-0.00319,0.006768,-0.049484,0.090525,0.499546,0.026188,0.045563,-0.012671,-0.249896,-0.17126,0.953006,0.675957,-0.735561,0.045064,0.693277,0.655453,0.299579,0.019959,0.000251,-0.001637,0.003875,-0.0341,0.061126,0.462804,0.073312,0.039717,-0.060009,-0.384973,-0.155168,-0.90979,-0.073752,-0.97744,0.197913,-0.919976,0.14329,0.364844,0.003201,-0.009705,0.033266,-0.393364,-0.561469,-0.265128,-0.85011
1165,0.055266,0.017648,0.405996,-0.37144,-0.136816,-0.918346,-0.158426,-0.965237,0.207822,-0.914398,0.222847,0.337999,0.007187,-0.010672,0.056139,1.345116,-0.427211,-0.595554,-1.913042,-0.105338,0.001651,0.393277,0.207939,0.170743,0.963119,-0.649331,0.760442,0.005499,-0.731686,-0.626737,0.267767,0.040171,-0.000633,-0.003954,0.004728,-0.034277,0.061281,0.50525,0.026666,0.045579,-0.01271,-0.24948,-0.171551,0.953063,0.675465,-0.736058,0.044323,0.693906,0.654819,0.299508,0.026522,0.000896,-0.001828,0.006721,-0.062083,0.119465,0.477174,0.07338,0.039553,-0.059398,-0.375161,-0.160747,-0.912914,-0.062999,-0.97815,0.198123,-0.924815,0.131841,0.356837,0.002861,-0.010292,0.032754,4.889816,-1.239757,-1.717683,-0.848314
1166,0.055464,0.017048,0.408225,-0.352776,-0.148804,-0.923824,-0.145011,-0.966651,0.21102,-0.923982,0.208587,0.320585,-0.006995,-0.011409,0.05563,-0.2023,-0.239648,0.047404,-1.913059,-0.103514,0.001649,0.393147,0.212921,0.168573,0.962413,-0.64812,0.761427,0.010138,-0.731333,-0.626125,0.270152,0.052992,0.002465,-0.003199,0.006782,-0.049483,0.090525,0.514736,0.027573,0.045573,-0.012777,-0.254493,-0.169574,0.952091,0.674082,-0.737035,0.04891,0.693431,0.654234,0.301877,0.02,0.000319,-0.001621,0.013965,-0.112584,0.243746,0.495789,0.073486,0.039259,-0.05828,-0.355621,-0.171361,-0.918786,-0.047638,-0.978447,0.200926,-0.933415,0.115223,0.339793,0.002708,-0.007371,0.026803,-0.195943,-0.273654,0.096181,-0.853375
1167,0.055466,0.016499,0.410155,-0.345806,-0.151851,-0.925962,-0.140281,-0.96736,0.210971,-0.927349,0.203032,0.314372,-0.007732,-0.006222,0.043096,-0.104148,0.039796,-0.026493,-1.912716,-0.101635,0.001687,0.393048,0.214734,0.167084,0.96227,-0.642183,0.766438,0.010345,-0.736029,-0.620381,0.270652,0.053071,0.002515,-0.003211,0.026372,-0.030173,0.051417,0.517241,0.028512,0.045593,-0.012827,-0.256313,-0.168173,0.951851,0.668334,-0.742256,0.048826,0.698307,0.648669,0.302646,0.026694,0.000523,-0.002112,0.071639,0.060243,-0.144169,0.505423,0.073488,0.038983,-0.05731,-0.348495,-0.173534,-0.921105,-0.042932,-0.978725,0.200632,-0.936326,0.109464,0.333631,0.002151,-0.005217,0.020274,-0.080505,-0.012213,0.202904,-0.857621
1168,0.055457,0.016332,0.410944,-0.343686,-0.152399,-0.926661,-0.142802,-0.966787,0.211904,-0.927754,0.205341,0.311664,-0.00825,-0.007482,0.042328,-0.180841,-0.181829,-0.11755,-1.912711,-0.100643,0.001766,0.392886,0.210786,0.165872,0.963352,-0.641397,0.76712,0.008376,-0.737849,-0.619861,0.26686,0.03907,0.007715,-0.014622,0.011462,0.254126,0.186641,0.517635,0.029013,0.045634,-0.012901,-0.252824,-0.16782,0.952846,0.667739,-0.742952,0.046322,0.700145,0.647964,0.299896,0.026807,0.000124,-0.002383,-0.040511,0.445093,0.230625,0.507383,0.073483,0.038899,-0.056916,-0.347303,-0.173321,-0.921596,-0.045331,-0.978518,0.201109,-0.936656,0.111623,0.331986,0.002398,-0.001138,0.014898,-0.184158,-0.424233,0.05703,-0.858111
1169,0.055402,0.016196,0.412218,-0.336432,-0.154702,-0.928938,-0.147246,-0.965639,0.214084,-0.929725,0.208994,0.303252,-0.008363,-0.000801,0.030687,-0.159824,-0.223505,-0.141637,-1.912403,-0.098953,0.001885,0.392399,0.197559,0.165984,0.966132,-0.640252,0.768121,-0.000924,-0.742475,-0.61859,0.25679,0.039725,0.005076,-0.016381,0.221228,0.419962,-0.59589,0.51565,0.029872,0.045697,-0.01315,-0.239442,-0.165939,0.956624,0.667034,-0.744062,0.037891,0.705501,0.647174,0.288847,0.019905,0.002378,-0.008324,0.247224,0.418428,-0.682074,0.509015,0.073453,0.038825,-0.056282,-0.339836,-0.174895,-0.924079,-0.049896,-0.977819,0.203416,-0.939159,0.115236,0.323571,0.001907,-0.002331,0.014174,-0.226501,-0.437214,-0.166332,-0.856315
1170,0.055419,0.016226,0.413099,-0.333762,-0.157866,-0.929369,-0.143806,-0.96581,0.215644,-0.931227,0.205813,0.300808,0.003874,0.002357,0.016907,-0.035008,0.001383,0.008575,-1.912588,-0.097593,0.00187,0.391856,0.188267,0.160314,0.968941,-0.634762,0.772653,-0.004383,-0.749561,-0.614418,0.245991,0.040381,0.002543,-0.018092,-0.032568,0.543573,0.306136,0.507805,0.030537,0.04569,-0.013414,-0.231405,-0.162595,0.959173,0.661947,-0.748834,0.032758,0.712936,0.642502,0.280913,0.013684,0.000279,-0.009095,0.037221,-0.023853,0.03152,0.503464,0.073458,0.038841,-0.055829,-0.336184,-0.178233,-0.924776,-0.046632,-0.977574,0.20536,-0.94064,0.112163,0.320334,-0.004171,0.003146,0.009647,-0.027143,0.043515,-0.009846,-0.859417
