frame,MLTx,MLTy,MLTz,MLTR1,MLTR2,MLTR3,MLTR4,MLTR5,MLTR6,MLTR7,MLTR8,MLTR9,MLTTVx,MLTTVy,MLTTVz,MLTRVx,MLTRVy,MLTRVz,MLGA,MRTx,MRTy,MRTz,MRTR1,MRTR2,MRTR3,MRTR4,MRTR5,MRTR6,MRTR7,MRTR8,MRTR9,MRTTVx,MRTTVy,MRTTVz,MRTRVx,MRTRVy,MRTRVz,MRGA,SLTx,SLTy,SLTz,SLTR1,SLTR2,SLTR3,SLTR4,SLTR5,SLTR6,SLTR7,SLTR8,SLTR9,SLTTVx,SLTTVy,SLTTVz,SLTRVx,SLTRVy,SLTRVz,SLGA,SRTx,SRTy,SRTz,SRTR1,SRTR2,SRTR3,SRTR4,SRTR5,SRTR6,SRTR7,SRTR8,SRTR9,SRTTVx,SRTTVy,SRTTVz,SRTRVx,SRTRVy,SRTRVz,SRGA
959,0.145413,0.030651,0.24321,-0.175466,-0.643842,-0.744799,-0.183131,-0.721995,0.667201,-0.9671,0.254264,0.00971,0.057876,-0.000219,0.001095,0.209096,0.139048,0.57798,-1.07527,-0.218794,0.002889,0.265668,-0.506243,-0.697564,0.507063,0.86039,-0.369505,0.350899,-0.056785,0.614782,0.786563,0.014994,0.00054,0.000233,0.002045,-0.015205,0.029245,0.111177,0.016705,0.055086,-0.025166,0.493492,0.709216,0.503465,-0.867044,0.355528,0.349045,0.068552,-0.608778,0.790372,0.000135,0.000788,0.00104,-7.9e-05,-3e-05,-0.000141,-0.038008,0.075347,0.066107,-0.085142,0.153054,0.653041,-0.741694,0.151654,0.726125,0.670628,0.976511,-0.215123,0.0121,0.036235,0.000132,0.001009,0.242045,0.304993,0.542991,-0.972741
960,0.147472,0.03064,0.243725,-0.180214,-0.632384,-0.753431,-0.179095,-0.732081,0.657232,-0.966977,0.25416,0.019617,0.030221,-0.00122,0.022113,0.300965,0.506559,0.610351,-1.079509,-0.218675,0.002914,0.265731,-0.506246,-0.697524,0.507116,0.860387,-0.369473,0.350937,-0.056794,0.614847,0.786511,0.000101,0.000588,0.000776,-0.0,0.0,0.0,0.11103,0.016771,0.0551,-0.025132,0.493509,0.709178,0.503502,-0.867033,0.355509,0.349094,0.06857,-0.608834,0.790328,4.6e-05,0.000268,0.000353,-5.8e-05,-2.8e-05,-8.9e-05,-0.038171,0.076398,0.066099,-0.084889,0.158695,0.641039,-0.750922,0.146915,0.736761,0.659998,0.976335,-0.21506,0.022742,0.015189,-0.000141,0.011678,0.408069,0.638704,0.750964,-0.974047
961,0.148203,0.030279,0.245026,-0.213259,-0.602142,-0.76941,-0.182929,-0.748996,0.636799,-0.959468,0.277296,0.050543,0.001868,-0.007327,0.036074,0.506323,0.968716,0.920994,-1.079266,-0.218516,0.002919,0.265749,-0.506262,-0.697472,0.507171,0.860379,-0.369469,0.350961,-0.056774,0.614908,0.786465,1.5e-05,8.9e-05,0.000117,-0.0,0.0,0.0,0.111755,0.01685,0.055103,-0.025123,0.493523,0.709129,0.503558,-0.867026,0.355502,0.349117,0.068553,-0.608896,0.790282,3e-06,1.5e-05,1.5e-05,-3.7e-05,-3.4e-05,-5.3e-05,-0.038008,0.076764,0.065933,-0.084262,0.191922,0.613399,-0.766098,0.15049,0.752984,0.640599,0.969803,-0.238235,0.052204,0.000818,-0.009456,0.021585,0.43078,0.874677,0.84815,-0.97764
962,0.147573,0.029416,0.247004,-0.243866,-0.565115,-0.788175,-0.17405,-0.774018,0.608749,-0.953776,0.286334,0.091384,-0.041004,-0.02427,0.057777,0.437318,1.03776,0.822914,-1.079631,-0.218382,0.002923,0.26575,-0.506413,-0.697449,0.507052,0.860289,-0.369603,0.351042,-0.056798,0.614853,0.786506,0.014821,-0.000434,-0.001063,0.002045,-0.015205,0.029245,0.111479,0.016918,0.055104,-0.025123,0.493673,0.709108,0.503438,-0.866938,0.355636,0.349197,0.068578,-0.60884,0.790322,0.00741,-0.000223,-0.000543,0.002024,-0.015239,0.029201,-0.037845,0.076466,0.065502,-0.083264,0.225406,0.576027,-0.785737,0.140173,0.778927,0.611246,0.964128,-0.247918,0.094832,-0.013465,-0.018262,0.032145,0.454515,1.166372,0.944301,-0.982538
963,0.146814,0.028785,0.248259,-0.267107,-0.542585,-0.79643,-0.179591,-0.783955,0.59425,-0.946469,0.302431,0.112952,-0.055477,-0.034245,0.066598,0.349037,0.981445,0.690766,-1.081412,-0.218315,0.00292,0.265744,-0.506522,-0.697443,0.506952,0.860222,-0.369701,0.351101,-0.056825,0.614802,0.786544,1e-06,4e-06,5e-06,-0.0,0.0,0.0,0.111526,0.016951,0.055103,-0.025126,0.493782,0.709104,0.503338,-0.866874,0.355735,0.349256,0.068604,-0.608788,0.79036,-2e-06,-1.3e-05,-2e-05,-2.6e-05,-1.9e-05,-3.3e-05,-0.037845,0.076092,0.065192,-0.082637,0.250098,0.55381,-0.794194,0.145267,0.789514,0.596291,0.95726,-0.264501,0.117005,-0.020514,-0.01697,0.033686,0.501604,1.18059,0.960823,-0.985477
964,0.144551,0.027142,0.251217,-0.307459,-0.49996,-0.809663,-0.183695,-0.803689,0.565961,-0.933298,0.323359,0.156274,-0.069916,-0.05285,0.086151,0.378412,1.164936,0.814758,-1.085461,-0.218182,0.002923,0.265726,-0.51068,-0.694394,0.506966,0.857999,-0.374836,0.351097,-0.053137,0.615141,0.786537,-1e-05,-5.6e-05,-7.4e-05,0.0,0.0,0.0,0.111492,0.017017,0.055104,-0.025135,0.498001,0.706126,0.503368,-0.864743,0.36092,0.349222,0.064919,-0.609197,0.790356,-5e-06,-3.4e-05,-4.9e-05,-6.2e-05,-6.6e-05,-0.000128,-0.037845,0.074967,0.064376,-0.081167,0.291338,0.513932,-0.806843,0.149271,0.808676,0.568999,0.944902,-0.286209,0.158883,-0.034823,-0.020439,0.039829,0.211417,0.862363,0.526266,-0.985151
965,0.141354,0.025198,0.254677,-0.342567,-0.459483,-0.819493,-0.192464,-0.819447,0.539847,-0.919161,0.343225,0.193306,-0.09836,-0.047999,0.091086,0.346708,1.149198,0.660071,-1.084167,-0.218105,0.002956,0.265698,-0.525314,-0.681392,0.509648,0.85002,-0.394386,0.349085,-0.036214,0.617441,0.785696,-9.5e-05,0.012058,-0.006769,0.045343,-0.006462,0.021672,0.110871,0.017056,0.055116,-0.025147,0.512843,0.693373,0.506187,-0.857139,0.380597,0.347069,0.047995,-0.611865,0.789504,0.0,-2e-06,-1e-06,0.019884,0.15098,-0.130176,-0.038008,0.07338,0.063406,-0.079434,0.328209,0.474637,-0.816699,0.157631,0.82495,0.542779,0.931359,-0.306882,0.195938,-0.042231,-0.03033,0.048691,0.091914,0.788397,0.383712,-0.999194
966,0.139557,0.02413,0.256517,-0.360905,-0.435824,-0.82453,-0.203193,-0.826129,0.525544,-0.909769,0.357748,0.210628,-0.084,-0.048,0.091035,0.437042,1.135035,0.991914,-1.083113,-0.218105,0.003019,0.265663,-0.535931,-0.671326,0.511948,0.84384,-0.409074,0.34717,-0.022975,0.618899,0.785047,-9.5e-05,0.012059,-0.006767,0.290604,0.156695,0.405418,0.110625,0.017056,0.055148,-0.025165,0.523302,0.683772,0.508538,-0.851424,0.394968,0.345075,0.035097,-0.61356,0.788867,2e-06,-0.0,-1e-06,0.855456,0.576497,1.318555,-0.038824,0.072476,0.062874,-0.078512,0.346907,0.452747,-0.821385,0.168426,0.831462,0.529435,0.922652,-0.322008,0.212186,-0.049504,-0.029877,0.04888,0.273907,0.967757,0.746223,-1.007849
967,0.135743,0.021924,0.260206,-0.390851,-0.394711,-0.831556,-0.215226,-0.839179,0.499427,-0.894472,0.37466,0.244082,-0.085032,-0.061135,0.095398,0.28961,0.962857,0.783849,-1.078167,-0.218194,0.00335,0.265508,-0.557951,-0.636041,0.533042,0.829399,-0.446984,0.335018,0.025867,0.629822,0.776221,-8.3e-05,0.012115,-0.006691,0.351245,0.491866,-0.276648,0.112357,0.017011,0.055313,-0.025242,0.54669,0.648645,0.529518,-0.837229,0.433484,0.333373,-0.013297,-0.62558,0.780046,-4.2e-05,0.006049,-0.003355,1.108853,1.999502,-1.51552,-0.037681,0.07057,0.06178,-0.076664,0.379255,0.411816,-0.828596,0.179824,0.845619,0.502583,0.907649,-0.339609,0.246651,-0.049845,-0.030583,0.047531,0.371768,1.145522,0.853385,-1.021075
968,0.13181,0.019675,0.263853,-0.426427,-0.345973,-0.835769,-0.237002,-0.848964,0.472295,-0.872413,0.399904,0.281069,-0.099635,-0.049798,0.086569,0.402573,1.141339,0.82917,-1.068179,-0.21845,0.00403,0.265189,-0.591201,-0.577818,0.562671,0.800451,-0.505244,0.322397,0.09873,0.641713,0.760473,2.5e-05,0.025288,-0.011976,0.538746,0.816772,0.255521,0.110964,0.016883,0.055646,-0.025402,0.58041,0.591677,0.5595,-0.809824,0.491516,0.320306,-0.085485,-0.639006,0.764436,-0.007304,0.007144,-0.00169,1.860659,2.671836,0.048549,-0.040131,0.06861,0.060655,-0.074832,0.416371,0.365064,-0.832684,0.201459,0.856037,0.476039,0.886593,-0.365961,0.282883,-0.050118,-0.030739,0.046932,0.189453,0.859272,0.596305,-1.025157
969,0.128278,0.017517,0.267144,-0.449024,-0.305841,-0.839574,-0.251727,-0.858257,0.447213,-0.856793,0.412529,0.309439,-0.086276,-0.05409,0.081117,0.177695,0.749166,0.52907,-1.044862,-0.218783,0.005088,0.264811,-0.615112,-0.515135,0.596878,0.768744,-0.559687,0.309383,0.175451,0.649793,0.739492,-0.014326,0.028088,-0.007793,0.283294,0.658624,0.17305,0.115121,0.016721,0.056162,-0.025591,0.606222,0.530144,0.592825,-0.778883,0.546422,0.307836,-0.160735,-0.648358,0.744173,-0.007171,0.013971,-0.003987,0.889338,0.815546,1.774006,-0.036702,0.066872,0.0596,-0.073212,0.441158,0.325003,-0.836511,0.2157,0.866395,0.450369,0.871121,-0.379119,0.312114,-0.043188,-0.027111,0.04056,0.295463,0.965521,0.706639,-1.021075
970,0.12671,0.01654,0.2686,-0.459805,-0.283236,-0.841667,-0.264723,-0.860979,0.434291,-0.847097,0.422846,0.321955,-0.086672,-0.055053,0.079682,0.275089,0.914678,0.661077,-1.031519,-0.218975,0.005663,0.264625,-0.629335,-0.476435,0.613953,0.745427,-0.593193,0.303966,0.220149,0.649547,0.727659,-0.014218,0.028585,-0.007139,3.458892,1.910282,4.549416,0.121166,0.016625,0.05646,-0.025688,0.617217,0.494375,0.612075,-0.75994,0.576089,0.301015,-0.203796,-0.650932,0.731268,-0.007172,0.020135,-0.007179,0.515578,0.849639,0.436027,-0.032129,0.066023,0.05907,-0.072425,0.45288,0.302672,-0.838622,0.229016,0.869559,0.437513,0.861655,-0.390199,0.324489,-0.043423,-0.027738,0.039645,0.213192,0.840119,0.589126,-1.020912
971,0.123796,0.014778,0.271406,-0.483655,-0.234496,-0.843288,-0.305381,-0.857706,0.413589,-0.819681,0.457845,0.344277,-0.071261,-0.032865,0.064145,0.034259,0.619794,0.511148,-0.97857,-0.219516,0.006953,0.264272,-0.646665,-0.384096,0.659004,0.688912,-0.664819,0.288702,0.328025,0.641167,0.693662,-0.01387,0.030249,-0.004957,1.136818,1.237249,1.53241,0.127751,0.01635,0.057115,-0.025869,0.638998,0.399497,0.65733,-0.701528,0.653174,0.284993,-0.315497,-0.643245,0.697636,-0.006915,0.015231,-0.002333,1.128712,1.298993,1.543183,-0.020209,0.064565,0.058187,-0.071025,0.479256,0.253777,-0.840184,0.269782,0.868342,0.41617,0.835182,-0.426119,0.347694,-0.035705,-0.016578,0.031946,0.042426,0.63077,0.51255,-1.002297
972,0.121416,0.013425,0.273851,-0.49141,-0.198011,-0.848147,-0.328086,-0.860001,0.390806,-0.806185,0.470553,0.358708,-0.04274,-0.036578,0.060697,0.046666,0.334378,0.366312,-0.914774,-0.220234,0.008067,0.2641,-0.629583,-0.276125,0.726203,0.61944,-0.742474,0.254871,0.469582,0.610646,0.637548,-0.028813,0.016609,0.000127,5.209292,3.243745,4.287513,0.130569,0.015992,0.057679,-0.025945,0.623191,0.292507,0.725308,-0.634798,0.730887,0.250666,-0.456797,-0.616637,0.641165,-0.014344,0.00817,-3e-05,5.20493,3.300784,4.297078,-0.013188,0.063375,0.057509,-0.069803,0.488571,0.217228,-0.84505,0.292555,0.871663,0.393211,0.822015,-0.439335,0.362318,-0.021433,-0.018402,0.030251,0.021447,0.303737,0.327889,-0.955432
973,0.120449,0.012829,0.275011,-0.494204,-0.180506,-0.850427,-0.342058,-0.858944,0.38103,-0.798638,0.479423,0.363813,-0.041971,-0.02436,0.054038,0.055902,0.157726,0.499319,-0.894874,-0.220736,0.008369,0.264038,-0.615828,-0.212495,0.758678,0.566439,-0.788628,0.239053,0.548269,0.577226,0.60504,-0.02928,0.013858,-0.003498,2.116363,3.638013,-0.643975,0.127307,0.015763,0.057823,-0.025969,0.613027,0.232453,0.755091,-0.58573,0.775107,0.236914,-0.530205,-0.587514,0.611316,-0.014608,0.000668,0.001358,4.835646,4.747614,2.168493,-0.013351,0.062923,0.057233,-0.069268,0.491831,0.200801,-0.847219,0.306397,0.870888,0.384282,0.814998,-0.448587,0.366805,-0.028234,-0.011417,0.027623,0.170366,0.47563,0.446298,-0.936327
974,0.118973,0.011909,0.277064,-0.501318,-0.148842,-0.852392,-0.373,-0.851701,0.368032,-0.780144,0.502625,0.37252,-0.026733,-0.013675,0.046157,0.035999,0.165435,0.320838,-0.867207,-0.221611,0.008476,0.263901,-0.582251,-0.072855,0.809732,0.409139,-0.886853,0.214546,0.703191,0.456306,0.545133,-0.015288,-0.002771,-0.003218,4.718529,3.499762,2.283703,0.130188,0.015311,0.057887,-0.02604,0.581661,0.09192,0.80822,-0.430045,0.878133,0.209625,-0.690457,-0.469502,0.550306,-0.014962,-0.000859,-0.000703,1.987516,4.117851,-1.002815,-0.014331,0.062152,0.056749,-0.068199,0.500287,0.168771,-0.849251,0.337905,0.864992,0.370956,0.797203,-0.47255,0.375716,-0.01341,-0.006881,0.023053,0.024594,0.144183,0.303526,-0.909874
975,0.117821,0.011177,0.278922,-0.497205,-0.128742,-0.858055,-0.385898,-0.852928,0.351522,-0.776502,0.506056,0.375471,-0.026939,-0.014508,0.044968,-0.03816,0.030289,0.21651,-0.836699,-0.222242,0.008369,0.26388,-0.516777,0.022197,0.855827,0.264409,-0.946593,0.184345,0.814836,0.321532,0.482206,-0.000167,-0.000907,-0.001191,1.550633,1.976919,0.049968,0.146305,0.014989,0.057825,-0.026063,0.517509,-0.008305,0.855637,-0.282629,0.942172,0.180085,-0.807654,-0.335023,0.485236,-0.007266,-0.000136,-9.4e-05,5.883038,3.172737,2.443974,0.001019,0.061586,0.056389,-0.067286,0.497086,0.148371,-0.854921,0.350673,0.866874,0.35434,0.793683,-0.475935,0.378882,-0.013606,-0.007698,0.021973,-0.058754,0.022257,0.169105,-0.885707
976,0.117047,0.010449,0.280686,-0.485774,-0.111552,-0.866963,-0.395824,-0.856235,0.331898,-0.77875,0.504527,0.372864,-0.01281,-0.017303,0.042243,-0.044984,0.024029,0.213007,-0.834236,-0.222402,0.008309,0.264093,-0.440794,0.086987,0.893379,0.135463,-0.977393,0.162134,0.887813,0.192389,0.417898,0.000515,0.002793,0.003661,1.29499,1.966071,-0.169779,0.151234,0.014908,0.057792,-0.025959,0.441428,-0.074746,0.894177,-0.15308,0.975642,0.157126,-0.884142,-0.206241,0.419233,0.000248,0.001561,0.002074,1.312226,1.945601,-0.175463,0.011306,0.06119,0.056021,-0.066386,0.486194,0.130928,-0.863986,0.360615,0.870535,0.33485,0.795972,-0.474369,0.376034,-0.006445,-0.008696,0.021084,-0.068567,-0.006307,0.176926,-0.87395
977,0.116771,0.010072,0.281525,-0.477759,-0.10479,-0.872245,-0.401351,-0.857159,0.32275,-0.780885,0.504399,0.368547,-0.012886,-0.0176,0.041833,-0.095029,-0.187802,0.301033,-0.834527,-0.222173,0.008213,0.264215,-0.398354,0.114702,0.910027,0.066693,-0.98585,0.153579,0.91524,0.12174,0.3839,0.015173,-0.010086,0.008909,1.272641,1.943731,0.033396,0.172003,0.015023,0.057747,-0.025896,0.399585,-0.102804,0.910913,-0.084443,0.985338,0.148245,-0.912798,-0.136157,0.385045,0.007569,-0.004932,0.004634,1.270943,1.953515,0.058344,0.021757,0.061056,0.055839,-0.065982,0.478682,0.123987,-0.869189,0.365986,0.871689,0.3259,0.798071,-0.474113,0.371884,-0.006468,-0.008781,0.020954,-0.120635,-0.23971,0.286102,-0.870521
978,0.116302,0.009305,0.283172,-0.461721,-0.091068,-0.882364,-0.412348,-0.858674,0.304336,-0.784809,0.504469,0.360018,-0.012887,-0.01756,0.041778,-0.101853,-0.199202,0.292199,-0.83315,-0.221286,0.007791,0.264532,-0.30026,0.148765,0.942181,-0.069179,-0.988509,0.134155,0.951663,-0.025068,0.305896,0.029811,-0.010995,0.007276,1.296568,1.910673,0.4757,0.227003,0.015456,0.057542,-0.025738,0.303946,-0.137344,0.942737,0.050389,0.990486,0.128055,-0.951355,0.008582,0.307975,0.014913,-0.011908,0.006272,5.20036,2.773318,1.694257,0.077928,0.060821,0.055454,-0.06516,0.463169,0.109931,-0.879425,0.37697,0.873605,0.307743,0.802102,-0.474054,0.363186,-0.006436,-0.008647,0.021058,-0.115316,-0.21961,0.269855,-0.868725
979,0.116023,0.008658,0.284918,-0.448595,-0.0843,-0.889776,-0.421771,-0.85775,0.293848,-0.787424,0.507201,0.350338,-0.011251,-0.002282,0.0386,-0.069807,-0.239062,0.327333,-0.837386,-0.219874,0.006985,0.264817,-0.207395,0.161865,0.964768,-0.184871,-0.974883,0.123939,0.960833,-0.152836,0.230879,0.044002,-0.014677,0.001941,1.380248,2.05081,0.21886,0.275793,0.016156,0.057144,-0.025588,0.21136,-0.152569,0.965426,0.166296,0.978953,0.118299,-0.963157,0.135543,0.232283,0.014723,-0.013084,0.004626,5.405477,2.605851,1.409183,0.145531,0.06068,0.055126,-0.064307,0.450648,0.103178,-0.886719,0.386223,0.872987,0.297866,0.804828,-0.476704,0.35356,-0.00601,-0.006866,0.023091,-0.103074,-0.221718,0.310918,-0.869378
980,0.115903,0.008462,0.285766,-0.442808,-0.081338,-0.892945,-0.425823,-0.857328,0.289199,-0.788525,0.508393,0.346111,0.002442,-0.015378,0.044896,-0.103415,-0.217504,0.319004,-0.839727,-0.21897,0.006527,0.264948,-0.165897,0.162095,0.972725,-0.234531,-0.964533,0.120849,0.957999,-0.208267,0.19679,0.044174,-0.026399,0.009062,1.348139,1.775436,-0.10747,0.315945,0.016586,0.056928,-0.02553,0.170088,-0.154116,0.973302,0.21223,0.970245,0.116543,-0.962303,0.186742,0.197735,0.022016,-0.007217,0.001151,0.123918,1.967146,-0.032028,0.183251,0.06062,0.055029,-0.063883,0.444877,0.099957,-0.889995,0.390342,0.872755,0.293138,0.80605,-0.477813,0.349251,0.001293,-0.007284,0.022933,-0.101943,-0.235291,0.341462,-0.871011
981,0.115727,0.00825,0.287307,-0.432858,-0.076273,-0.898255,-0.432617,-0.856604,0.281149,-0.79036,0.510388,0.338912,0.003061,-0.004301,0.036723,-0.068917,-0.116272,0.175347,-0.849712,-0.216875,0.005731,0.265217,-0.092803,0.152004,0.984009,-0.312861,-0.942626,0.116222,0.945312,-0.297238,0.133782,0.059108,-0.013528,0.002715,0.280304,1.477943,-0.17606,0.384869,0.017671,0.056508,-0.025391,0.094284,-0.144936,0.984938,0.296125,0.948647,0.111249,-0.950484,0.281176,0.132361,0.029541,-0.006759,0.001398,0.278919,1.465074,-0.181428,0.279592,0.060528,0.054922,-0.06309,0.434813,0.09435,-0.895563,0.397382,0.872326,0.284838,0.808099,-0.479732,0.341806,-0.005583,-0.000877,0.019476,-0.068833,-0.119038,0.168531,-0.875093
982,0.11577,0.008156,0.288661,-0.423808,-0.074701,-0.902692,-0.438131,-0.855338,0.276424,-0.792235,0.512736,0.330897,0.00355,0.006241,0.027937,-0.203295,-0.515623,-0.090205,-0.860701,-0.214431,0.004983,0.265462,-0.022337,0.136555,0.990376,-0.386112,-0.914895,0.117555,0.922148,-0.379915,0.071903,0.059315,-0.012601,0.003702,-0.08718,1.727671,0.252726,0.448307,0.018871,0.056138,-0.025271,0.026763,-0.130251,0.991119,0.370125,0.9223,0.111213,-0.928595,0.363862,0.072892,0.037107,-0.01251,0.004731,0.278118,1.422294,0.05812,0.368586,0.060549,0.054872,-0.062408,0.426847,0.090307,-0.899803,0.402869,0.87182,0.278611,0.809628,-0.481427,0.335752,0.001393,-0.002614,0.017749,-0.267326,-0.581802,-0.132199,-0.883258
983,0.115826,0.008104,0.289765,-0.4153,-0.070528,-0.906971,-0.443,-0.855107,0.269286,-0.794039,0.513706,0.325014,0.002304,0.001114,0.021942,-0.03355,-0.120896,0.173255,-0.880241,-0.211577,0.004277,0.265734,0.040518,0.118401,0.992134,-0.437575,-0.890518,0.12426,0.898153,-0.439288,0.014468,0.074333,-0.011528,0.004189,0.342548,1.319402,0.21339,0.491066,0.020264,0.055793,-0.025139,-0.037141,-0.114114,0.992772,0.420379,0.899494,0.119119,-0.906587,0.421765,0.014563,0.037147,-0.005714,0.001729,5.287184,2.248029,0.480461,0.442556,0.060579,0.054854,-0.061847,0.417462,0.087967,-0.904425,0.407869,0.871269,0.273005,0.812014,-0.482857,0.327843,0.001196,0.00082,0.011271,-0.030769,-0.023206,0.046138,-0.895831
984,0.115868,0.008032,0.290179,-0.412413,-0.069037,-0.908403,-0.444871,-0.85489,0.266882,-0.794502,0.514269,0.322989,0.001681,-0.001459,0.018976,-0.034139,-0.116556,0.168156,-0.886764,-0.210161,0.003986,0.265828,0.06964,0.109151,0.991578,-0.455414,-0.880837,0.129061,0.887398,-0.460674,-0.01289,0.059485,-0.01191,0.004212,-0.009761,1.504466,0.306115,0.5033,0.020978,0.055646,-0.025086,-0.065557,-0.105048,0.992303,0.439541,0.889729,0.123227,-0.895826,0.444236,-0.012155,0.037159,-0.005841,0.001879,1.521144,1.432631,0.159176,0.466723,0.060601,0.05482,-0.061638,0.414704,0.086364,-0.905848,0.409736,0.871133,0.270633,0.812488,-0.483391,0.325876,0.000429,-0.006594,0.013117,-0.068287,-0.097221,0.152031,-0.901873
985,0.1159,0.007781,0.290836,-0.407911,-0.066671,-0.910609,-0.448012,-0.854395,0.263186,-0.795065,0.515399,0.319784,0.000557,-0.006126,0.013639,-0.034086,-0.116293,0.168348,-0.901386,-0.207296,0.003492,0.265968,0.114576,0.089729,0.98935,-0.497419,-0.856835,0.135432,0.859698,-0.50772,-0.054793,0.074302,-0.012094,0.002954,0.409536,0.966253,0.200048,0.5195,0.022405,0.055399,-0.025015,-0.112183,-0.086564,0.989909,0.480659,0.867172,0.130302,-0.869702,0.490426,-0.055674,0.029793,-0.005367,0.00228,5.47099,1.28518,0.681709,0.500198,0.060617,0.054696,-0.061308,0.41032,0.083831,-0.908079,0.412901,0.870772,0.266959,0.813111,-0.484486,0.322681,0.000148,-0.003559,0.006253,-0.034323,0.001144,0.007744,-0.912977
986,0.115787,0.007282,0.291239,-0.402081,-0.066384,-0.913219,-0.446208,-0.856712,0.258679,-0.799044,0.511574,0.315987,-0.00091,-0.012227,0.006709,-0.022424,0.014712,-0.019664,-0.913836,-0.204757,0.003189,0.266009,0.152817,0.074232,0.985458,-0.529367,-0.835842,0.145168,0.834253,-0.543915,-0.089683,0.05961,-0.011397,0.00438,0.429305,0.73317,0.146815,0.521876,0.023708,0.055241,-0.024995,-0.152421,-0.071507,0.985725,0.513837,0.846247,0.140842,-0.844238,0.527969,-0.092243,0.029581,-0.00018,-0.001908,1.609034,1.106773,-0.068866,0.51669,0.060561,0.054449,-0.061103,0.404376,0.083258,-0.910794,0.411076,0.873043,0.262318,0.817003,-0.480481,0.318812,-0.000546,-0.006458,0.002962,0.007263,-0.110166,0.1306,-0.922937
987,0.115684,0.006988,0.291364,-0.398471,-0.064685,-0.914922,-0.448005,-0.856691,0.255627,-0.799851,0.511826,0.313529,-0.001272,-0.013727,0.005007,-0.031921,-0.112591,0.162929,-0.916333,-0.203545,0.003149,0.265972,0.1723,0.070367,0.982524,-0.542677,-0.825586,0.154411,0.821789,-0.559854,-0.105306,0.059231,0.000315,-0.002945,5.395811,1.707,-0.501035,0.517692,0.024292,0.055217,-0.025009,-0.170356,-0.06918,0.98295,0.522868,0.839169,0.14968,-0.835217,0.539452,-0.106785,0.029656,0.000427,-0.001132,-0.051046,1.168484,0.322873,0.516854,0.060509,0.054301,-0.061042,0.400923,0.081469,-0.912481,0.412841,0.873098,0.259345,0.817815,-0.480687,0.316411,-0.007911,-0.006391,0.002691,-0.028369,-0.012519,0.013466,-0.92702
988,0.115512,0.006439,0.291461,-0.38876,-0.070725,-0.918645,-0.436166,-0.864121,0.25105,-0.811099,0.498364,0.306234,-0.001929,-0.016438,0.001921,-0.130346,-0.202913,-0.211317,-0.917299,-0.201417,0.00322,0.265938,0.204309,0.064817,0.976754,-0.564251,-0.807505,0.171728,0.79959,-0.586269,-0.129643,0.044648,0.002502,0.000597,5.388825,1.677834,-0.269647,0.504373,0.025383,0.05525,-0.025031,-0.201871,-0.063892,0.977325,0.544958,0.821807,0.166289,-0.813798,0.566171,-0.131081,0.029752,0.001465,0.000115,-0.015892,0.848069,0.360739,0.505423,0.060423,0.054025,-0.060995,0.39134,0.086152,-0.916203,0.400731,0.8803,0.253941,0.828412,-0.466529,0.309973,-0.008116,-0.00722,0.001748,-0.202057,-0.473255,-0.17013,-0.929959
989,0.115395,0.00591,0.291414,-0.381022,-0.074285,-0.921601,-0.423714,-0.871904,0.2454,-0.82131,0.484086,0.301889,-0.002291,-0.017928,0.00021,0.007092,-0.092717,0.108693,-0.917499,-0.199607,0.00343,0.265981,0.226052,0.061973,0.972137,-0.571528,-0.799647,0.183993,0.788469,-0.597241,-0.146572,0.044789,0.004339,0.002857,0.005719,0.539842,0.587429,0.495798,0.026305,0.055355,-0.025011,-0.223899,-0.060177,0.972752,0.55723,0.810961,0.178426,-0.799601,0.581997,-0.148041,0.022405,0.00221,0.001461,0.006847,0.455116,0.519442,0.49089,0.060364,0.05376,-0.06102,0.383167,0.090474,-0.919237,0.387985,0.887375,0.249062,0.838242,-0.452082,0.304911,-0.000734,-0.003049,-0.00348,0.140165,-0.133364,0.094238,-0.930775
990,0.115343,0.00563,0.291358,-0.378575,-0.075427,-0.922517,-0.419674,-0.874345,0.243653,-0.824511,0.479487,0.300501,-0.002495,-0.018766,-0.000757,-0.034133,-0.081628,0.122282,-0.91641,-0.198742,0.003494,0.266076,0.232888,0.059246,0.970693,-0.580003,-0.792665,0.187652,0.780242,-0.606748,-0.151467,0.044861,0.005336,0.004087,-0.003673,0.309089,0.151707,0.490606,0.026737,0.055387,-0.024964,-0.232514,-0.05765,0.970882,0.565554,0.804107,0.18319,-0.791255,0.591681,-0.154363,0.022442,0.002729,0.002105,-0.005819,0.294035,0.141359,0.485012,0.060337,0.053613,-0.061048,0.380609,0.091465,-0.920201,0.383869,0.889681,0.247205,0.841296,-0.447326,0.30351,-0.001268,-0.009479,-0.000488,-0.034791,-0.080908,0.122852,-0.930612
991,0.115208,0.005072,0.291168,-0.373275,-0.087363,-0.923623,-0.389914,-0.888584,0.241572,-0.841363,0.450411,0.298775,-0.002169,-0.008947,-0.010263,5.108627,-1.418803,-1.537927,-0.915231,-0.197167,0.003403,0.266476,0.234187,0.059979,0.970335,-0.588023,-0.786019,0.190622,0.773824,-0.615263,-0.150034,0.030633,-0.005317,0.013523,-0.019866,-0.156648,0.221307,0.478242,0.027513,0.055343,-0.024768,-0.23345,-0.058194,0.970625,0.573778,0.79765,0.185826,-0.785033,0.600305,-0.152821,0.022698,-0.002653,0.006261,-0.031048,-0.054161,0.09168,0.470806,0.060271,0.053345,-0.061138,0.375505,0.101062,-0.921293,0.358844,0.900653,0.245057,0.854532,-0.422621,0.301934,-0.000965,-0.004,-0.004585,0.041105,-0.109877,0.124994,-0.929469
992,0.115073,0.004477,0.290918,-0.370287,-0.095572,-0.924012,-0.369727,-0.897346,0.24092,-0.85173,0.430956,0.298093,-0.002993,-0.02078,-0.003132,-0.032984,-0.081736,0.122052,-0.913451,-0.195809,0.003019,0.267114,0.231801,0.066646,0.970473,-0.585968,-0.786701,0.194104,0.776101,-0.61371,-0.144533,0.030658,-0.004916,0.013959,-0.023152,-0.499008,-0.300824,0.47029,0.028181,0.055159,-0.024456,-0.233755,-0.064872,0.970128,0.571238,0.798246,0.191019,-0.786793,0.598827,-0.149536,0.015325,-0.00243,0.006996,-0.032519,-0.034253,0.065575,0.457253,0.060203,0.053045,-0.061265,0.371621,0.111385,-0.921678,0.332938,0.91075,0.244305,0.866631,-0.397651,0.30137,-0.001581,-0.01077,-0.002001,-0.02391,0.03253,-0.04211,-0.928489
993,0.114923,0.003997,0.29058,-0.364025,-0.10524,-0.925449,-0.349534,-0.90554,0.240407,-0.862885,0.411116,0.294009,-0.002318,-0.009512,-0.011001,-0.002716,0.027001,-0.051594,-0.913599,-0.19474,0.002412,0.267933,0.217822,0.070452,0.973438,-0.585563,-0.788434,0.188209,0.780461,-0.61106,-0.131716,0.017003,-0.027555,0.030366,-0.093107,-0.567325,-0.447793,0.463003,0.028732,0.054856,-0.024046,-0.218846,-0.068634,0.973342,0.570907,0.799953,0.184769,-0.79131,0.596124,-0.135883,0.015637,-0.007623,0.011423,-0.054469,-0.695434,-0.442564,0.449251,0.060127,0.052797,-0.061436,0.364758,0.120956,-0.923211,0.312525,0.918099,0.243764,0.877085,-0.377442,0.297083,-0.001022,-0.004227,-0.004885,0.005873,0.031578,-0.013657,-0.927346
994,0.114831,0.003841,0.290413,-0.358478,-0.110251,-0.927029,-0.339776,-0.909486,0.239498,-0.869085,0.40097,0.289726,-0.001867,-0.007651,-0.008864,0.113529,-0.200529,0.047738,-0.913549,-0.194292,0.001994,0.268452,0.206476,0.070915,0.975874,-0.585837,-0.789811,0.181463,0.783348,-0.609227,-0.122767,0.031314,-0.015148,0.022976,-0.056349,-0.507874,-0.331687,0.456954,0.028951,0.054643,-0.023784,-0.205879,-0.068796,0.976155,0.571393,0.801364,0.176988,-0.794432,0.594207,-0.125675,0.008523,-0.013426,0.015609,-0.087365,-0.662744,-0.484964,0.443046,0.06008,0.052715,-0.061524,0.359162,0.125769,-0.924761,0.302746,0.921593,0.24292,0.882806,-0.367216,0.292924,-0.000911,-0.003761,-0.004353,0.442128,-0.161385,-0.214565,-0.927183
995,0.114688,0.003629,0.290146,-0.346211,-0.117627,-0.930778,-0.331422,-0.912805,0.238574,-0.877257,0.391218,0.2782,-0.001149,-0.004696,-0.005455,-0.059347,-0.172029,-0.096281,-0.91399,-0.193623,0.001004,0.269558,0.172006,0.069713,0.982622,-0.587489,-0.793368,0.159241,0.79045,-0.604724,-0.096753,0.016984,-0.028172,0.029541,-0.086057,-0.936219,-0.728241,0.439462,0.029291,0.054156,-0.023229,-0.173185,-0.067022,0.982605,0.572774,0.804761,0.155843,-0.801208,0.589802,-0.100985,0.001088,-0.014067,0.015312,-0.099257,-0.515874,-0.443377,0.423941,0.060008,0.052606,-0.061661,0.346588,0.132502,-0.928611,0.294198,0.924666,0.241743,0.890687,-0.356981,0.281496,-0.000643,-0.002646,-0.00307,-0.069043,-0.335853,0.059168,-0.927183
996,0.11453,0.003535,0.290016,-0.33517,-0.128906,-0.933322,-0.322686,-0.914979,0.242197,-0.884779,0.382502,0.266242,-0.000384,-0.001565,-0.00182,-0.053511,-0.259141,0.058585,-0.914627,-0.193263,-1.9e-05,0.270712,0.140157,0.066837,0.987866,-0.588049,-0.797016,0.137472,0.796341,-0.600232,-0.073655,0.002272,-0.02754,0.031406,-0.09433,-0.740884,-0.613041,0.425419,0.029477,0.053632,-0.022644,-0.139856,-0.063505,0.988132,0.573346,0.808428,0.133105,-0.807287,0.585158,-0.076653,0.001118,-0.013739,0.015734,-0.087795,-0.853835,-0.700764,0.401081,0.059928,0.052557,-0.061729,0.335098,0.143737,-0.931154,0.285358,0.926392,0.245695,0.89793,-0.348044,0.269416,-0.007411,0.00016,-0.000194,-0.053284,-0.243619,0.029405,-0.927509
997,0.114392,0.003574,0.290037,-0.32502,-0.135803,-0.93593,-0.324932,-0.913353,0.24531,-0.88775,0.384008,0.253899,0.000197,0.000803,0.000934,-0.080014,-0.332964,0.005455,-0.914249,-0.193082,-0.000875,0.271857,0.113904,0.067039,0.991223,-0.587661,-0.799855,0.121742,0.800837,-0.596421,-0.052966,0.01666,-0.014222,0.025114,-0.062484,-0.473857,-0.337527,0.412882,0.029562,0.053208,-0.022082,-0.112937,-0.063195,0.991589,0.572972,0.811186,0.116956,-0.811755,0.581362,-0.055404,0.001192,-0.012865,0.016846,-0.10749,-0.462726,-0.612266,0.383445,0.05986,0.052577,-0.061718,0.325083,0.149678,-0.933764,0.28762,0.924971,0.248401,0.900886,-0.34932,0.257641,0.000153,0.000624,0.000727,-0.113429,-0.293283,-0.21078,-0.927509
998,0.1143,0.0036,0.290079,-0.323251,-0.134676,-0.936705,-0.325535,-0.913586,0.243636,-0.888177,0.383849,0.252645,0.00016,0.000651,0.000757,-0.001171,-0.003168,-0.00228,-0.913569,-0.193034,-0.001177,0.272385,0.102104,0.072243,0.992143,-0.587407,-0.800475,0.118853,0.802628,-0.594985,-0.040553,0.001904,-0.013766,0.026742,-0.064311,-0.393667,-0.280162,0.404223,0.029591,0.053057,-0.021819,-0.100767,-0.068237,0.992566,0.572708,0.8118,0.113952,-0.813542,0.579934,-0.042723,0.000905,-0.007242,0.012913,-0.065908,-0.446805,-0.367153,0.373321,0.059814,0.052593,-0.061693,0.322974,0.148809,-0.934634,0.288271,0.925165,0.246917,0.901435,-0.349176,0.255907,9.3e-05,0.000382,0.000448,0.007948,0.019777,0.014176,-0.927019
999,0.114017,0.00362,0.290118,-0.319176,-0.135499,-0.937983,-0.326625,-0.91336,0.243029,-0.889255,0.384101,0.248435,-0.000257,-0.00104,-0.001209,0.0006,-0.116499,0.161208,-0.912288,-0.192903,-0.001479,0.273305,0.084263,0.087674,0.992575,-0.58689,-0.800585,0.120654,0.805097,-0.592776,-0.017263,0.001417,-0.001335,0.020343,-0.03222,-0.173361,-0.120963,0.390517,0.029657,0.052902,-0.021355,-0.082085,-0.083362,0.993132,0.572157,0.811977,0.115446,-0.816025,0.577705,-0.018955,0.000723,-0.000341,0.010581,-0.036821,-0.153252,-0.082101,0.35193,0.059674,0.052606,-0.061669,0.319001,0.149291,-0.935922,0.289375,0.925016,0.246182,0.902496,-0.349365,0.25188,-0.000147,-0.0006,-0.000694,0.001757,-0.111728,0.164655,-0.926366
1000,0.113696,0.00355,0.290115,-0.318864,-0.135398,-0.938103,-0.32685,-0.913323,0.242862,-0.889284,0.384222,0.248142,-0.014888,0.000112,-0.000655,-0.000984,0.014714,-0.029553,-0.909367,-0.192715,-0.001418,0.274098,0.072405,0.096285,0.992713,-0.586599,-0.800811,0.120572,0.806477,-0.591143,-0.002761,0.001472,-0.00059,0.021209,-0.032163,-0.144907,-0.099973,0.378747,0.02975,0.052933,-0.020958,-0.070554,-0.091677,0.993285,0.571808,0.812204,0.11558,-0.817347,0.576124,-0.004883,0.00049,0.006035,0.007568,0.015246,-0.297049,0.094397,0.334948,0.059519,0.052571,-0.061671,0.318712,0.14911,-0.936049,0.28963,0.924994,0.245964,0.902516,-0.349499,0.25162,-0.000264,-0.001064,-0.001233,-0.000672,0.017105,-0.023139,-0.92457
1001,0.113532,0.003484,0.290124,-0.319897,-0.135142,-0.937789,-0.321247,-0.915674,0.241481,-0.890951,0.378674,0.250677,-0.014807,0.000455,-0.000259,0.05298,0.162445,0.076666,-0.907932,-0.192572,-0.001259,0.27442,0.072373,0.101302,0.992215,-0.586409,-0.800334,0.124601,0.806619,-0.590957,0.000224,0.015716,0.011532,0.013351,0.003714,-0.034586,0.050664,0.378609,0.029823,0.053013,-0.020789,-0.070597,-0.096715,0.992804,0.571548,0.811787,0.119723,-0.817525,0.575888,-0.002033,0.007852,0.005815,0.006731,0.002091,-0.012323,0.064658,0.330212,0.059436,0.052536,-0.061669,0.31957,0.149165,-0.935747,0.283931,0.927081,0.244749,0.904022,-0.343903,0.253915,-0.000221,-0.000895,-0.001035,0.080528,0.214639,0.154158,-0.923754
1002,0.113212,0.003223,0.290167,-0.317271,-0.13587,-0.938576,-0.316796,-0.917646,0.239872,-0.893482,0.373606,0.24927,-0.015996,-0.012709,0.005356,-0.034599,0.049497,-0.068661,-0.905629,-0.192269,-0.000897,0.274967,0.068764,0.108667,0.991693,-0.581645,-0.803194,0.128459,0.810379,-0.585751,0.006716,0.015578,0.010258,0.01169,0.016574,-0.169982,0.233284,0.379662,0.029968,0.053188,-0.020522,-0.066981,-0.103792,0.99234,0.566723,0.814606,0.123455,-0.821181,0.570651,0.004258,0.007761,0.004867,0.005517,0.003121,-0.020983,0.056831,0.328253,0.059277,0.052412,-0.061648,0.317074,0.149477,-0.936546,0.279419,0.928946,0.242863,0.906304,-0.338695,0.252778,-0.000677,-0.006935,0.002408,-0.032479,0.016644,-0.019369,-0.921958
1003,0.112926,0.002825,0.290288,-0.315039,-0.13433,-0.939548,-0.318279,-0.917655,0.237866,-0.893748,0.374137,0.247515,-0.015837,-0.011999,0.006178,-0.035653,0.032915,-0.044998,-0.903091,-0.191945,-0.000556,0.275352,0.067163,0.121559,0.990305,-0.572129,-0.808404,0.138148,0.817259,-0.575981,0.013996,0.000696,0.008707,0.010796,-5.464356,-0.842844,0.028069,0.380435,0.03013,0.05336,-0.020328,-0.065993,-0.116228,0.991027,0.561948,0.816382,0.133166,-0.824535,0.565694,0.011439,0.000285,0.003747,0.004647,0.079738,-0.685449,0.910739,0.328579,0.059134,0.052216,-0.061591,0.314894,0.147867,-0.937537,0.280909,0.929015,0.240872,0.906604,-0.339212,0.251004,-0.000624,-0.006707,0.00267,-0.035133,0.018596,-0.015809,-0.919998
1004,0.112806,0.002614,0.290367,-0.312729,-0.132762,-0.940543,-0.319371,-0.917836,0.235691,-0.894172,0.37425,0.245806,-0.015806,-0.011843,0.006358,-0.035653,0.032912,-0.045003,-0.902491,-0.191768,-0.000411,0.275518,0.070096,0.123891,0.989812,-0.571926,-0.807925,0.141743,0.81715,-0.57616,0.012968,0.000621,0.007842,0.009708,0.00127,-0.006067,0.031474,0.380421,0.030224,0.053436,-0.020241,-0.068461,-0.119278,0.990497,0.556871,0.819198,0.137139,-0.827772,0.560969,0.010339,0.00767,0.003957,0.004355,0.019055,-0.163051,0.199977,0.328743,0.059074,0.052106,-0.06155,0.312673,0.146219,-0.938538,0.28203,0.929229,0.238727,0.907024,-0.33934,0.249307,-0.000707,-0.007024,0.0023,-0.035232,0.036358,-0.040513,-0.919508
1005,0.112558,0.002191,0.29057,-0.314191,-0.130188,-0.940415,-0.320256,-0.917956,0.23402,-0.893341,0.374858,0.247893,-0.001039,-0.012563,0.00633,-0.033811,-0.097076,0.146633,-0.89607,-0.191415,-0.000113,0.275846,0.067582,0.133145,0.988785,-0.557491,-0.816805,0.148207,0.827277,-0.561391,0.01777,0.000575,0.007378,0.009103,-0.145904,-0.039422,0.020331,0.379113,0.030401,0.053587,-0.020075,-0.06549,-0.128487,0.989545,0.542333,0.827837,0.143383,-0.837606,0.546054,0.015467,0.000283,0.003658,0.004518,-0.146191,-0.040713,0.019485,0.327763,0.058944,0.051893,-0.06145,0.314433,0.143735,-0.938334,0.282874,0.929376,0.237153,0.906153,-0.339999,0.251567,-0.007772,-0.005359,0.003839,-0.039123,0.025612,-0.050206,-0.917549
1006,0.112343,0.001787,0.29086,-0.31665,-0.127224,-0.939996,-0.3155,-0.920415,0.230798,-0.894161,0.369804,0.252483,-0.000725,-0.011306,0.007802,0.00475,0.126219,0.061438,-0.885569,-0.19112,0.000187,0.276145,0.066413,0.141701,0.987674,-0.552705,-0.818841,0.15476,0.830577,-0.556318,0.022683,0.000513,0.006684,0.008221,0.207647,-1.673742,2.224676,0.379015,0.030549,0.053735,-0.019928,-0.064375,-0.134091,0.988875,0.537449,0.830283,0.147573,-0.840835,0.54097,0.018618,0.007595,0.003268,0.003473,0.00471,-0.032606,0.052273,0.32711,0.058836,0.051686,-0.061303,0.316961,0.140724,-0.93794,0.278057,0.931689,0.23375,0.906763,-0.33489,0.25618,-0.00035,-0.00559,0.00398,0.000599,0.118126,0.055775,-0.91167
1007,0.112132,0.001368,0.291211,-0.315387,-0.12516,-0.940697,-0.311616,-0.922636,0.227176,-0.895969,0.364935,0.253159,-0.015182,-0.009207,0.009434,0.032229,-0.435159,0.636457,-0.871291,-0.190854,0.000436,0.276498,0.065336,0.147183,0.986944,-0.547734,-0.82139,0.15887,0.83395,-0.551117,0.025697,0.015747,-0.005191,0.01415,-0.021284,-0.138217,0.194601,0.375261,0.030676,0.053864,-0.019753,-0.062982,-0.142324,0.987813,0.532501,0.832324,0.153873,-0.844082,0.535704,0.023366,0.000233,0.003163,0.003877,0.002481,-0.017106,0.022823,0.325804,0.058736,0.051485,-0.061133,0.318193,0.14017,-0.937605,0.273469,0.933396,0.232347,0.907726,-0.330337,0.258668,-0.000317,-0.005447,0.004149,-0.034579,0.024316,-0.010939,-0.902526
1008,0.112042,0.001162,0.291376,-0.316983,-0.12272,-0.940482,-0.312008,-0.922908,0.22553,-0.895267,0.365074,0.25543,-0.000694,-0.011173,0.007963,-0.017171,0.066167,0.01853,-0.865789,-0.190745,0.000561,0.276659,0.06525,0.149074,0.986666,-0.547703,-0.821114,0.160398,0.833977,-0.551022,0.026817,0.0152,0.006991,0.007457,0.00369,-0.032513,0.052227,0.36873,0.030736,0.053923,-0.019668,-0.062854,-0.144389,0.987522,0.532465,0.832036,0.155546,-0.844114,0.535598,0.024585,0.007593,0.003478,0.003702,0.004398,-0.032426,0.052268,0.320905,0.058686,0.051379,-0.061046,0.317557,0.136071,-0.938425,0.274473,0.934094,0.228323,0.907646,-0.330078,0.25928,-0.000338,-0.005529,0.004052,-0.02699,0.047106,0.003264,-0.897954
1009,0.111847,0.00073,0.291682,-0.314587,-0.120913,-0.94152,-0.313864,-0.922815,0.223325,-0.895466,0.36591,0.25353,-0.000906,-0.011997,0.007005,0.026682,-0.473814,0.648815,-0.853269,-0.190563,0.000733,0.276921,0.065082,0.152663,0.986128,-0.547598,-0.820612,0.163295,0.834059,-0.550791,0.028938,0.014986,0.004312,0.004164,0.002045,-0.015205,0.029245,0.352512,0.030822,0.054009,-0.019538,-0.062634,-0.147783,0.987033,0.532388,0.831568,0.15829,-0.844179,0.5354,0.026593,0.000154,0.00213,0.002597,0.002141,-0.017227,0.023016,0.304902,0.058589,0.051165,-0.060891,0.317294,0.136097,-0.93851,0.275861,0.933605,0.22865,0.907317,-0.331448,0.258684,-0.00774,-0.005138,0.004098,-0.03635,0.031475,-0.046079,-0.8893
1010,0.111639,0.000432,0.291907,-0.316329,-0.118562,-0.941236,-0.314471,-0.922954,0.221889,-0.894638,0.366323,0.255847,-0.000816,-0.011634,0.007432,-0.033884,0.020311,-0.013975,-0.838871,-0.190354,0.000768,0.277079,0.064972,0.155583,0.985679,-0.547409,-0.820262,0.165672,0.834192,-0.550499,0.030622,0.000104,0.001409,0.001719,-0.0,0.0,0.0,0.340156,0.030932,0.054031,-0.019453,-0.062461,-0.150895,0.986574,0.532218,0.831191,0.160825,-0.844299,0.535118,0.028392,0.007383,0.000761,0.000372,0.013823,-0.134559,0.187885,0.285634,0.058485,0.051015,-0.06078,0.316964,0.132055,-0.939198,0.277005,0.934193,0.224835,0.907084,-0.331428,0.259525,-5e-06,-2e-06,2e-06,-0.005488,-0.012129,-0.008738,-0.878033
1011,0.111525,0.000365,0.29198,-0.316639,-0.118772,-0.941105,-0.314608,-0.922818,0.222259,-0.894479,0.366598,0.256008,4.8e-05,0.000189,0.000221,1e-05,2.7e-05,1.9e-05,-0.8352,-0.19025,0.000715,0.277135,0.064957,0.156474,0.985539,-0.547229,-0.820232,0.166413,0.834311,-0.550292,0.031095,3.7e-05,0.000508,0.000619,-0.0,0.0,0.0,0.32846,0.030984,0.054004,-0.019426,-0.062431,-0.151787,0.986439,0.532044,0.831159,0.161566,-0.844411,0.534916,0.028867,0.007634,-0.005653,0.003317,-0.033994,-0.001462,0.013015,0.276163,0.058433,0.05098,-0.060744,0.317165,0.132377,-0.939085,0.277172,0.934037,0.225277,0.906962,-0.331739,0.259553,3.4e-05,0.000143,0.000171,-0.00095,-0.002191,-0.001561,-0.874113
1012,0.111327,0.000336,0.292046,-0.317152,-0.119177,-0.940881,-0.314598,-0.922677,0.22286,-0.8943,0.366823,0.25631,0.0,1e-06,1e-06,0.0,0.0,0.0,-0.831327,-0.190102,0.00058,0.277186,0.064942,0.157702,0.985344,-0.546916,-0.820233,0.167439,0.834518,-0.549942,0.031731,-1.2e-05,-0.000162,-0.000197,-0.0,0.0,0.0,0.294157,0.031057,0.053934,-0.019404,-0.062395,-0.153015,0.986251,0.531737,0.831154,0.162592,-0.844606,0.534572,0.029504,0.007611,-0.006034,0.002853,-0.034082,-0.001505,0.013016,0.241056,0.058328,0.050963,-0.060708,0.317678,0.132844,-0.938846,0.277181,0.933876,0.225931,0.90678,-0.332004,0.25985,-0.007257,0.000978,0.000726,-0.000998,0.014671,-0.029589,-0.869705
1013,0.111128,0.000352,0.292053,-0.317604,-0.119577,-0.940678,-0.314434,-0.922606,0.223386,-0.894197,0.366873,0.256598,-0.014532,0.001893,0.001368,-0.000984,0.014715,-0.029553,-0.827593,-0.189889,0.000472,0.277216,0.064907,0.159563,0.985047,-0.546665,-0.820083,0.168979,0.834685,-0.549629,0.032747,0.000571,-0.01195,0.006965,-0.03633,0.013664,-0.016275,0.266884,0.031158,0.053883,-0.019393,-0.062322,-0.154868,0.985967,0.531518,0.830994,0.164123,-0.84475,0.534288,0.030525,-5e-06,-4.7e-05,-6.1e-05,0.011586,-0.11927,0.158743,0.19958,0.058234,0.050969,-0.060705,0.318097,0.133245,-0.938648,0.277023,0.933801,0.226437,0.906682,-0.332055,0.260127,-1.3e-05,-4.7e-05,-5.3e-05,-8e-06,-8e-06,1.1e-05,-0.865622
