frame,MLTx,MLTy,MLTz,MLTR1,MLTR2,MLTR3,MLTR4,MLTR5,MLTR6,MLTR7,MLTR8,MLTR9,MLTTVx,MLTTVy,MLTTVz,MLTRVx,MLTRVy,MLTRVz,MLGA,MRTx,MRTy,MRTz,MRTR1,MRTR2,MRTR3,MRTR4,MRTR5,MRTR6,MRTR7,MRTR8,MRTR9,MRTTVx,MRTTVy,MRTTVz,MRTRVx,MRTRVy,MRTRVz,MRGA,SLTx,SLTy,SLTz,SLTR1,SLTR2,SLTR3,SLTR4,SLTR5,SLTR6,SLTR7,SLTR8,SLTR9,SLTTVx,SLTTVy,SLTTVz,SLTRVx,SLTRVy,SLTRVz,SLGA,SRTx,SRTy,SRTz,SRTR1,SRTR2,SRTR3,SRTR4,SRTR5,SRTR6,SRTR7,SRTR8,SRTR9,SRTTVx,SRTTVy,SRTTVz,SRTRVx,SRTRVy,SRTRVz,SRGA
1,0.150046,0.031657,0.384965,-0.800926,0.033224,-0.597879,-0.135824,-0.98251,0.127265,-0.582201,0.183089,0.792179,0.011979,0.006226,-0.01164,0.020486,-0.058238,0.032598,-0.604963,-0.194023,0.049533,0.390651,0.703246,-0.594334,0.390132,0.483444,0.802027,0.350668,-0.522193,-0.057259,0.850822,0.009613,0.00544,-0.02569,-0.140469,0.190993,0.168563,-0.81586,-0.006796,0.040774,0.012343,-0.676295,0.517624,0.524107,-0.379854,-0.854659,0.353931,0.631137,0.040277,0.774624,-0.000939,0.002775,-0.012409,-0.327804,0.371994,0.225914,-0.753711,0.112871,0.037606,-0.048733,-0.744763,0.225156,-0.628197,-0.348312,-0.934115,0.078143,-0.569215,0.277007,0.774119,-0.000178,0.002993,-0.0057,0.032365,-0.019194,-0.014734,-0.649916
2,0.150095,0.031949,0.384551,-0.802128,0.028953,-0.596488,-0.134186,-0.982018,0.132691,-0.580925,0.186433,0.792336,3.7e-05,0.018793,-0.019106,0.040348,-0.084521,0.00726,-0.609349,-0.194016,0.049914,0.389568,0.697687,-0.595594,0.39811,0.484124,0.801497,0.350944,-0.528979,-0.051373,0.846998,-0.001932,0.005126,-0.025017,-0.187694,0.262799,0.140824,-0.942207,-0.006788,0.040968,0.011792,-0.669727,0.518788,0.53134,-0.380603,-0.854184,0.354274,0.637655,0.035037,0.769523,-0.001181,0.0083,-0.016717,-0.313168,0.456081,0.077422,-0.760405,0.1129,0.037751,-0.048941,-0.746913,0.221256,-0.627029,-0.3469,-0.934169,0.083591,-0.567256,0.279952,0.774497,-7.2e-05,0.00393,-0.005193,0.01423,-0.065004,-0.006091,-0.654977
3,0.150102,0.032132,0.384331,-0.801877,0.03372,-0.596576,-0.139586,-0.981349,0.132066,-0.580001,0.189126,0.792374,8.3e-05,0.019195,-0.01888,0.070687,-0.027506,0.035938,-0.612363,-0.193981,0.050114,0.388976,0.696071,-0.596951,0.398906,0.485154,0.80054,0.351704,-0.530164,-0.050536,0.846307,0.009593,0.004874,-0.025954,0.023447,0.024968,0.069448,-0.974724,-0.006774,0.041062,0.011509,-0.667239,0.520749,0.532551,-0.381288,-0.853002,0.356379,0.639852,0.034734,0.767712,-0.000962,0.002288,-0.012637,0.041241,0.028101,0.039119,-0.762855,0.112904,0.037839,-0.049047,-0.745698,0.225934,-0.626807,-0.351979,-0.932349,0.082674,-0.565724,0.282273,0.774775,-7.1e-05,0.003928,-0.005191,0.041736,-0.004512,0.022046,-0.65759
4,0.150099,0.032478,0.383794,-0.802643,0.037492,-0.595318,-0.144389,-0.980551,0.132832,-0.577764,0.192521,0.793191,-0.000395,0.014994,-0.021137,0.07026,-0.013494,0.010742,-0.619964,-0.19381,0.050449,0.387757,0.693209,-0.597516,0.403023,0.48194,0.799973,0.357365,-0.536809,-0.052752,0.841972,0.008921,0.012462,-0.03615,-0.011939,0.09687,0.104696,-1.045508,-0.006689,0.041235,0.010892,-0.663954,0.521191,0.536213,-0.377369,-0.852609,0.361454,0.645567,0.037639,0.762774,-0.001288,0.006308,-0.01763,-0.010387,0.101465,0.10698,-0.763508,0.112903,0.038024,-0.049315,-0.745736,0.229824,-0.625346,-0.356548,-0.930565,0.083194,-0.562805,0.285007,0.775899,-0.000244,0.002397,-0.006016,0.038384,-0.015985,0.020523,-0.662815
5,0.15005,0.032826,0.382984,-0.800755,0.042604,-0.597513,-0.154051,-0.978562,0.136589,-0.577892,0.201362,0.7909,-0.001196,0.007977,-0.024936,0.053072,-0.030908,-0.030452,-0.632832,-0.193331,0.050914,0.386224,0.687992,-0.595562,0.414684,0.473515,0.801319,0.365521,-0.550848,-0.054375,0.832751,0.019754,0.019075,-0.047586,-0.481841,0.577602,0.463172,-1.107971,-0.006454,0.041468,0.010131,-0.658857,0.517599,0.545891,-0.368183,-0.854679,0.366009,0.656008,0.040159,0.753683,0.00436,0.003805,-0.019213,-0.182866,0.265884,0.212694,-0.763508,0.112879,0.038207,-0.049714,-0.742507,0.234295,-0.627525,-0.365803,-0.926629,0.086859,-0.561133,0.294044,0.773735,-0.000545,0.00433,-0.012279,0.074758,-0.014218,0.006993,-0.66902
6,0.150015,0.033028,0.382403,-0.799545,0.037943,-0.599445,-0.152287,-0.978196,0.141116,-0.580028,0.204063,0.78864,-0.001356,0.015794,-0.03532,-0.093648,-0.401676,-0.16287,-0.642816,-0.193034,0.051158,0.385293,0.678255,-0.598638,0.426139,0.473643,0.799438,0.369452,-0.562689,-0.048,0.825191,0.019514,0.014222,-0.049865,-0.456248,0.841651,0.349207,-1.116395,-0.006312,0.041591,0.009688,-0.648198,0.520895,0.555433,-0.367846,-0.852866,0.370551,0.666729,0.035877,0.744435,0.00401,0.007471,-0.024382,0.808628,2.365415,-0.97312,-0.771182,0.112862,0.038305,-0.050001,-0.742844,0.230736,-0.628443,-0.364349,-0.926866,0.090371,-0.561632,0.296105,0.772587,-0.000761,0.007006,-0.018144,-0.230232,-0.619807,-0.288691,-0.674736
7,0.149831,0.033536,0.380706,-0.795833,0.038243,-0.604345,-0.15893,-0.976206,0.147425,-0.583341,0.21332,0.783731,-0.014723,0.015989,-0.049521,0.05378,-0.157717,-0.115827,-0.692057,-0.19223,0.051646,0.383188,0.672034,-0.591541,0.445467,0.45746,0.804588,0.378554,-0.583188,-0.049881,0.81072,0.030188,0.016545,-0.063358,-0.203142,0.285399,0.417688,-1.175683,-0.005907,0.041844,0.008623,-0.636613,0.513821,0.575075,-0.349529,-0.856958,0.378749,0.687425,0.040111,0.725146,0.015118,0.008262,-0.031689,-0.239602,0.428778,0.297892,-0.784572,0.112776,0.03856,-0.050822,-0.738302,0.229302,-0.634295,-0.37076,-0.923578,0.097674,-0.563424,0.307284,0.766895,-0.001323,0.006653,-0.025672,0.029535,-0.122588,-0.28664,-0.699556
8,0.149447,0.034217,0.378227,-0.787819,0.030373,-0.615194,-0.162469,-0.973656,0.159902,-0.593154,0.22588,0.77277,-0.016184,0.021979,-0.075655,-1.219867,-0.501105,0.85945,-0.722726,-0.190751,0.052301,0.380355,0.660955,-0.58445,0.470688,0.438825,0.809737,0.389477,-0.609589,-0.05015,0.791043,0.05191,0.027485,-0.087334,-0.105162,0.963977,0.411609,-1.231586,-0.005176,0.042171,0.007218,-0.622909,0.505509,0.597029,-0.329527,-0.861719,0.385812,0.709503,0.043589,0.703351,0.020447,0.008128,-0.039114,0.481195,2.548504,-0.852774,-0.805963,0.112584,0.038912,-0.052066,-0.732776,0.220642,-0.643703,-0.372847,-0.921518,0.108572,-0.569229,0.319562,0.757533,-0.008229,0.009968,-0.038402,-3.343923,0.668513,3.895055,-0.729438
9,0.148712,0.034996,0.374789,-0.77486,0.013742,-0.632019,-0.161965,-0.970708,0.17738,-0.610108,0.239787,0.755181,-0.018099,0.015507,-0.094295,-0.221028,-0.736209,-0.678934,-0.725132,-0.188562,0.05285,0.37683,0.646195,-0.569254,0.508304,0.411073,0.820699,0.396745,-0.643818,-0.046716,0.763662,0.063167,0.011321,-0.096325,-0.406843,1.360847,0.157039,-1.28693,-0.004109,0.042457,0.005501,-0.603735,0.489439,0.629247,-0.301015,-0.870865,0.388563,0.738168,0.045177,0.673101,0.03189,-2.5e-05,-0.044073,-0.582684,0.563127,0.428302,-0.807107,0.112218,0.039309,-0.053775,-0.722049,0.20319,-0.66133,-0.374399,-0.918592,0.126541,-0.581781,0.33897,0.739343,-0.015131,0.012611,-0.051577,-0.217808,-0.915895,-0.570037,-0.746584
10,0.148149,0.035336,0.372687,-0.766575,0.004776,-0.642172,-0.165506,-0.967661,0.19029,-0.619546,0.252143,0.743379,-0.031462,0.017246,-0.108031,-0.308196,-0.910195,-0.857766,-0.667229,-0.187298,0.052969,0.374958,0.639561,-0.557596,0.529187,0.393293,0.828716,0.398099,-0.661321,-0.045791,0.748613,0.07483,0.004443,-0.100843,0.258985,2.796651,-1.218591,-1.336044,-0.003459,0.042523,0.00453,-0.592853,0.477829,0.648231,-0.282793,-0.87721,0.387981,0.754024,0.046701,0.655183,0.031588,0.001379,-0.050456,-0.656518,0.877174,0.46854,-0.814944,0.111954,0.039476,-0.054778,-0.715769,0.194502,-0.670703,-0.378284,-0.915304,0.138267,-0.587004,0.352683,0.728724,-0.015656,0.008531,-0.054029,-0.277505,-0.859959,-0.79102,-0.737439
11,0.146745,0.035705,0.368287,-0.747547,-0.003969,-0.664231,-0.183497,-0.959836,0.212169,-0.637468,0.28049,0.717626,-0.046087,0.002305,-0.117342,-0.363897,-1.036863,-0.939747,-0.575849,-0.183967,0.053024,0.370676,0.6263,-0.532592,0.569285,0.350906,0.844592,0.404305,-0.696921,-0.05279,0.715107,0.098121,0.004559,-0.1172,-0.580261,1.176927,0.077649,-1.398957,-0.001802,0.042546,0.002394,-0.571927,0.450029,0.685837,-0.239097,-0.891228,0.385415,0.784686,0.056448,0.617317,0.043534,-0.004205,-0.054585,-0.112788,1.368668,-0.636335,-0.825395,0.111245,0.039672,-0.057016,-0.697685,0.181899,-0.692926,-0.394997,-0.904597,0.160246,-0.597671,0.385505,0.702974,-0.022918,0.005776,-0.063348,-0.042774,-0.719734,-0.778733,-0.678655
12,0.144787,0.03575,0.363176,-0.719738,0.000937,-0.694278,-0.218213,-0.949629,0.224857,-0.658204,0.313332,0.684556,-0.060571,0.009684,-0.144184,-4.071194,0.151048,2.920245,-0.450088,-0.180105,0.052934,0.365989,0.614078,-0.507683,0.604283,0.303649,0.858599,0.412964,-0.729251,-0.069472,0.680609,0.099161,-0.003471,-0.122658,-1.573538,0.492676,-1.270511,-1.399515,0.000128,0.0425,5e-05,-0.552248,0.425503,0.716916,-0.191858,-0.901726,0.387401,0.811302,0.076396,0.579613,0.049724,-0.002576,-0.061954,-3.993156,-1.11851,-3.670084,-0.816578,0.110271,0.03969,-0.059562,-0.668751,0.177366,-0.722019,-0.422131,-0.889998,0.172357,-0.612026,0.420051,0.670059,-0.024193,-0.00187,-0.068732,0.248584,-1.134495,-0.187713,-0.601255
13,0.143494,0.035718,0.360255,-0.698969,0.005582,-0.715162,-0.241162,-0.943243,0.228265,-0.672432,0.332008,0.661538,-0.062336,-0.008684,-0.141532,-0.523221,-1.647105,-0.109846,-0.374145,-0.177993,0.052866,0.363414,0.602949,-0.499002,0.622447,0.283906,0.863274,0.417239,-0.74629,-0.074238,0.661364,0.099836,-0.006422,-0.125044,-0.455504,1.244406,-0.172783,-1.399789,0.001146,0.042463,-0.001187,-0.539939,0.41588,0.731785,-0.17029,-0.905403,0.388901,0.824297,0.085367,0.559683,0.055807,-0.003869,-0.063319,0.326861,2.927322,-2.111271,-0.811679,0.109648,0.03968,-0.060967,-0.64824,0.181964,-0.739374,-0.446697,-0.877255,0.175741,-0.616641,0.444198,0.649954,-0.037318,0.000718,-0.074988,-4.211795,0.100995,2.93295,-0.549982
14,0.140704,0.035446,0.354347,-0.653981,0.011664,-0.756451,-0.284219,-0.930426,0.231301,-0.700315,0.366245,0.612741,-0.077498,-0.009309,-0.159752,-0.50756,-1.833277,0.310281,-0.272069,-0.173894,0.05293,0.358224,0.583556,-0.483671,0.652315,0.241995,0.870266,0.428964,-0.775884,-0.091868,0.624041,0.1004,0.00465,-0.13472,-0.4682,1.028019,-0.291402,-1.399479,0.003232,0.042484,-0.003833,-0.513868,0.400304,0.758745,-0.126155,-0.9101,0.394717,0.848542,0.107113,0.518171,0.056187,0.002303,-0.06784,-0.839921,0.912489,-0.203748,-0.801881,0.108236,0.039543,-0.063971,-0.599251,0.179455,-0.780188,-0.487125,-0.855111,0.177465,-0.6353,0.486396,0.599843,-0.038608,-0.004722,-0.079818,-0.866804,-3.026204,2.224908,-0.459682
15,0.137334,0.034661,0.347983,-0.591259,0.02626,-0.806082,-0.343329,-0.912577,0.222036,-0.729051,0.407995,0.549593,-0.09344,-0.027155,-0.159734,-4.785981,-0.23082,2.832218,-0.199881,-0.169641,0.053456,0.352851,0.557107,-0.481036,0.676925,0.21462,0.870762,0.442318,-0.802895,-0.100541,0.587464,0.101565,0.011101,-0.132446,-0.354072,1.002833,0.027404,-1.399514,0.005315,0.042725,-0.006473,-0.485066,0.397441,0.778942,-0.09733,-0.909754,0.403575,0.869043,0.119946,0.479974,0.056805,0.005556,-0.066696,-0.542773,1.201157,0.177428,-0.799269,0.106586,0.039162,-0.067097,-0.533295,0.179142,-0.826742,-0.536031,-0.827628,0.166436,-0.65442,0.531919,0.537396,-0.046361,-0.008356,-0.083981,-0.239294,-1.367601,-0.132169,-0.389794
16,0.133611,0.033321,0.341941,-0.550297,0.027885,-0.83453,-0.388807,-0.893033,0.22648,-0.738269,0.449063,0.503317,-0.10947,-0.04908,-0.147722,-0.24533,-1.168274,0.356647,-0.209508,-0.165409,0.054229,0.347809,0.535394,-0.475407,0.698092,0.185013,0.872388,0.452375,-0.824724,-0.112453,0.554119,0.102324,0.022425,-0.126842,-1.495677,0.154925,-0.671229,-1.399557,0.007474,0.043105,-0.009056,-0.459157,0.392666,0.796861,-0.06805,-0.909918,0.409166,0.885744,0.133645,0.444516,0.057374,0.011195,-0.064098,-4.243084,-1.544014,-2.767492,-0.796003,0.104699,0.038477,-0.070191,-0.490001,0.173862,-0.854207,-0.58119,-0.795494,0.171478,-0.649704,0.580482,0.490841,-0.054313,-0.018965,-0.077738,-0.562229,-1.213452,0.480778,-0.365463
17,0.131315,0.032491,0.338939,-0.532089,0.02982,-0.84619,-0.408279,-0.884552,0.225494,-0.741119,0.465423,0.483892,-0.122634,-0.041501,-0.144518,-4.645591,0.407465,2.947295,-0.215561,-0.163299,0.054626,0.345427,0.525836,-0.467955,0.710286,0.170353,0.87599,0.451171,-0.833973,-0.115662,0.539419,0.103655,0.015295,-0.117114,-0.247285,1.391873,-0.744632,-1.399948,0.008528,0.043307,-0.01025,-0.448752,0.384919,0.806509,-0.052327,-0.912252,0.40627,0.892122,0.140112,0.429516,0.057334,0.014611,-0.062094,-0.184245,2.362318,-2.116078,-0.795513,0.1036,0.038063,-0.071648,-0.472477,0.16892,-0.865003,-0.593751,-0.78632,0.170761,-0.651324,0.594278,0.471815,-0.054804,-0.02213,-0.073152,-0.018079,-1.075505,0.401485,-0.367749
18,0.126532,0.030687,0.333882,-0.509273,0.032561,-0.860015,-0.437675,-0.870207,0.226168,-0.7404,0.491544,0.458498,-0.137055,-0.048731,-0.121505,0.039357,-0.537162,0.174451,-0.234603,-0.159309,0.055391,0.341079,0.509258,-0.453065,0.731697,0.147798,0.88353,0.44437,-0.848425,-0.117594,0.515956,0.1051,0.014869,-0.103604,0.002285,0.60186,-0.274451,-1.399496,0.010524,0.043687,-0.012431,-0.427266,0.370059,0.824924,-0.029832,-0.917672,0.396214,0.903633,0.14468,0.40313,0.046518,0.007756,-0.051173,-0.006624,0.511218,-0.095434,-0.79388,0.101114,0.037115,-0.074296,-0.447127,0.170519,-0.878066,-0.624137,-0.762659,0.169715,-0.640725,0.623918,0.447433,-0.068325,-0.023939,-0.06035,0.079571,-0.475347,0.223079,-0.377873
19,0.121211,0.02863,0.329879,-0.495949,0.045747,-0.867172,-0.469333,-0.854307,0.223289,-0.730005,0.517671,0.446246,-0.151068,-0.060569,-0.084398,-0.07859,-0.149605,0.181145,-0.230873,-0.155702,0.05582,0.337499,0.504313,-0.446089,0.739368,0.12975,0.885566,0.445951,-0.854306,-0.128413,0.503522,0.095287,0.003716,-0.080872,-0.234486,0.70933,0.043137,-1.399826,0.012331,0.043901,-0.014233,-0.422481,0.361448,0.831182,-0.012459,-0.919273,0.393422,0.906285,0.155858,0.392879,0.04103,0.00728,-0.043932,0.146583,0.401827,-0.478137,-0.796003,0.098507,0.036096,-0.076277,-0.431146,0.181066,-0.883927,-0.651334,-0.740402,0.16603,-0.6244,0.647316,0.437156,-0.068367,-0.02483,-0.04611,-0.323226,-0.056309,0.413424,-0.381303
20,0.118437,0.027526,0.328349,-0.488627,0.050675,-0.871046,-0.480545,-0.848878,0.220123,-0.727655,0.526067,0.440224,-0.137909,-0.063241,-0.070996,0.01006,-0.211061,0.142026,-0.221463,-0.153997,0.055943,0.335985,0.506554,-0.440132,0.741402,0.119422,0.887332,0.445324,-0.854488,-0.136495,0.501081,0.08307,0.008708,-0.07693,-1.248018,-0.356841,-0.833701,-1.399857,0.013189,0.04396,-0.014992,-0.422339,0.35697,0.833187,-0.003308,-0.919789,0.392397,0.906431,0.162968,0.389644,0.048348,-0.000252,-0.034691,-4.253633,-1.85246,-2.845202,-0.797309,0.097115,0.035542,-0.077049,-0.422763,0.184652,-0.887228,-0.661035,-0.732542,0.162523,-0.619922,0.655198,0.431753,-0.074903,-0.024303,-0.038008,0.057793,-0.075134,-0.021744,-0.377873
21,0.112658,0.025309,0.326073,-0.472602,0.060891,-0.879196,-0.494622,-0.843991,0.207366,-0.728825,0.532791,0.430088,-0.149976,-0.051981,-0.047058,-0.001995,-0.184757,0.188329,-0.187588,-0.150794,0.056054,0.333411,0.506293,-0.433871,0.745261,0.103812,0.888506,0.446894,-0.856679,-0.148354,0.493918,0.07317,-0.005437,-0.055769,-0.194424,0.430161,0.233515,-1.39977,0.014763,0.044021,-0.016262,-0.42288,0.348338,0.83656,0.013612,-0.92062,0.390221,0.906083,0.176404,0.384571,0.036567,-0.00206,-0.027479,0.077168,0.186031,-0.217636,-0.800085,0.094285,0.034446,-0.078182,-0.404759,0.191802,-0.894081,-0.672964,-0.724462,0.149242,-0.619103,0.662091,0.422309,-0.074754,-0.02539,-0.022905,0.053861,-0.220912,0.20619,-0.360401
22,0.107013,0.023577,0.324661,-0.459032,0.064917,-0.886071,-0.499042,-0.843955,0.19664,-0.734474,0.532366,0.420904,-0.147708,-0.033609,-0.033056,-0.00769,-0.203028,0.219342,-0.165689,-0.147986,0.056002,0.331382,0.503766,-0.428336,0.750159,0.093382,0.890232,0.445759,-0.859363,-0.153976,0.487494,0.073118,0.000845,-0.051948,0.032647,0.143722,0.041913,-1.399847,0.016199,0.044,-0.017298,-0.417625,0.344373,0.84083,0.024541,-0.92078,0.389307,0.908287,0.183219,0.37609,0.030472,-0.000137,-0.025873,0.033243,0.169584,-0.011487,-0.802371,0.091462,0.033573,-0.0789,-0.390235,0.193052,-0.900248,-0.676697,-0.723163,0.138254,-0.624336,0.663147,0.412842,-0.07372,-0.016522,-0.016181,-0.008966,-0.070147,0.024491,-0.34097
23,0.101595,0.02247,0.323619,-0.44519,0.069066,-0.892794,-0.503236,-0.843968,0.18559,-0.740124,0.531819,0.411596,-0.133361,-0.025536,-0.026935,-0.007704,-0.217493,0.249066,-0.111072,-0.145398,0.055845,0.329502,0.496058,-0.420886,0.759456,0.07982,0.892976,0.442896,-0.865186,-0.15856,0.475578,0.062412,-0.009496,-0.043193,0.035481,0.119492,-0.045412,-1.399518,0.017474,0.043931,-0.018219,-0.408193,0.337058,0.848392,0.037762,-0.922312,0.384594,0.912114,0.189026,0.363753,0.031237,-0.004824,-0.021689,0.038305,0.224986,-0.241555,-0.803514,0.088695,0.033011,-0.079423,-0.375499,0.194313,-0.906224,-0.680227,-0.721903,0.127065,-0.629516,0.664151,0.403251,-0.073059,-0.010579,-0.011661,-0.009695,-0.102968,0.073181,-0.310598
24,0.098881,0.02209,0.323178,-0.435255,0.066458,-0.897876,-0.50557,-0.843223,0.182609,-0.744439,0.533334,0.401736,-0.145839,-0.017165,-0.020545,-0.140698,-0.400306,-0.119709,-0.097225,-0.144284,0.055776,0.328642,0.489151,-0.421217,0.763741,0.077914,0.893168,0.442847,-0.869276,-0.15659,0.468723,0.062473,-0.008199,-0.042485,-0.036327,0.307575,-0.147602,-1.399477,0.018077,0.043894,-0.018683,-0.40071,0.337551,0.851756,0.039538,-0.92242,0.384156,0.915351,0.187612,0.356277,0.031254,-0.003957,-0.021185,-0.013471,0.278047,-0.167948,-0.803841,0.087343,0.032818,-0.079645,-0.366111,0.190889,-0.910781,-0.682195,-0.72072,0.123171,-0.632907,0.666425,0.394087,-0.066005,-0.009131,-0.010422,-0.218703,-0.60405,-0.194931,-0.295085
25,0.09365,0.021579,0.322536,-0.420545,0.059274,-0.905359,-0.509165,-0.841325,0.18137,-0.750433,0.537173,0.385125,-0.130677,-0.009293,-0.013926,-0.094549,-0.332316,0.000474,-0.078081,-0.14214,0.055564,0.326867,0.484438,-0.413118,0.771132,0.064703,0.895893,0.439458,-0.872986,-0.162484,0.459736,0.050653,-0.010602,-0.043523,0.027604,0.157842,-0.092749,-1.399328,0.019129,0.043798,-0.01955,-0.394664,0.329401,0.85775,0.052259,-0.92397,0.378877,0.917338,0.194354,0.347443,0.025274,-0.004603,-0.021288,0.032448,0.236482,-0.246423,-0.804494,0.084722,0.032562,-0.079967,-0.352805,0.179505,-0.918316,-0.685233,-0.717873,0.122933,-0.637168,0.672632,0.376273,-0.065142,-0.00406,-0.006341,-0.102592,-0.363347,0.010208,-0.276633
26,0.088731,0.021508,0.322241,-0.406021,0.046176,-0.912721,-0.512593,-0.838325,0.185556,-0.75609,0.543133,0.365186,-0.127595,0.003449,-0.003024,-0.225184,-0.670622,-0.159542,-0.076597,-0.140214,0.055393,0.325056,0.475854,-0.406728,0.779825,0.056367,0.898843,0.434555,-0.878262,-0.162324,0.449634,0.049352,0.002514,-0.050044,0.079163,0.116373,-0.064159,-1.399324,0.020093,0.043706,-0.020455,-0.384486,0.323061,0.864755,0.060034,-0.926029,0.372644,0.921176,0.195191,0.336651,0.025457,-0.004775,-0.021628,0.064826,0.093441,-0.101608,-0.805474,0.08226,0.032519,-0.080122,-0.341412,0.165742,-0.925184,-0.68805,-0.714662,0.125877,-0.640331,0.679549,0.358033,-0.063714,0.001961,-0.001213,-0.23756,-0.569732,-0.366481,-0.266509
27,0.086315,0.021637,0.322256,-0.401638,0.041367,-0.914888,-0.513698,-0.837193,0.187603,-0.757684,0.545269,0.35864,-0.12593,0.009541,0.002276,-0.136083,-0.370515,-0.161427,-0.075249,-0.139325,0.055302,0.324125,0.468744,-0.40702,0.783968,0.054556,0.899074,0.434308,-0.882183,-0.160304,0.442627,0.049609,0.001517,-0.050993,-0.10117,0.345958,0.12683,-1.399387,0.020537,0.043663,-0.020919,-0.377792,0.322611,0.867867,0.061358,-0.926549,0.371134,0.923854,0.193463,0.330248,0.019426,-0.006132,-0.022145,-0.252767,0.530162,0.18263,-0.806127,0.081051,0.032581,-0.080117,-0.337749,0.158928,-0.927721,-0.689065,-0.713181,0.128688,-0.641181,0.682725,0.350388,-0.062994,0.004687,0.001136,-0.178808,-0.568706,-0.091004,-0.265203
28,0.081614,0.022166,0.322534,-0.395832,0.036401,-0.917626,-0.515278,-0.835894,0.189056,-0.75967,0.547618,0.350775,-0.109614,0.016477,0.008924,-0.013363,-0.114305,0.086861,-0.064976,-0.137716,0.055168,0.322217,0.46302,-0.402455,0.789705,0.042252,0.899893,0.433982,-0.885867,-0.167077,0.432651,0.037223,0.002126,-0.049737,-0.423002,0.054535,-0.192,-1.399554,0.021332,0.043596,-0.02186,-0.370069,0.319605,0.872296,0.072125,-0.926239,0.369969,0.926199,0.199829,0.319721,0.018765,0.000932,-0.025109,-4.473052,-2.02089,-2.282192,-0.80678,0.078737,0.03284,-0.07998,-0.332885,0.152266,-0.930592,-0.690441,-0.711508,0.130561,-0.642244,0.685981,0.341981,-0.061553,0.009597,0.0054,0.00092,-0.0458,0.059165,-0.256549
29,0.077509,0.022911,0.323037,-0.394441,0.03563,-0.918255,-0.515699,-0.835638,0.189039,-0.760109,0.54806,0.349129,-0.107231,0.023665,0.015192,-0.00899,0.006263,-0.07169,-0.071345,-0.136307,0.055189,0.320419,0.458979,-0.401426,0.792583,0.037394,0.899956,0.434299,-0.888181,-0.169198,0.427046,0.026348,-0.009677,-0.041862,0.02921,0.169919,-0.128897,-1.399415,0.022056,0.043608,-0.022777,-0.365762,0.318275,0.874596,0.078748,-0.925757,0.369826,0.92737,0.204141,0.313543,0.018614,0.002001,-0.024349,0.104266,-0.002471,0.053407,-0.807433,0.076643,0.033219,-0.079725,-0.331649,0.151669,-0.93113,-0.690798,-0.711228,0.130198,-0.6425,0.686403,0.34065,-0.05421,0.006502,0.011866,-0.04204,0.02779,-0.085545,-0.255732
30,0.073736,0.023779,0.323793,-0.398188,0.023586,-0.917025,-0.49469,-0.847363,0.192951,-0.772014,0.53044,0.350221,-0.092782,0.016216,0.027097,0.414152,-0.099528,-0.206634,-0.082567,-0.134987,0.055225,0.318604,0.450427,-0.399718,0.798332,0.030734,0.900507,0.433679,-0.892794,-0.170309,0.416866,0.026346,-0.008347,-0.04119,0.097936,1.928128,-1.998572,-1.399494,0.022716,0.043625,-0.023685,-0.358356,0.318319,0.87764,0.084591,-0.925138,0.370086,0.929744,0.206863,0.304601,0.018595,0.002821,-0.023884,0.032435,0.190753,-0.041639,-0.805963,0.074786,0.03365,-0.07936,-0.337628,0.141359,-0.930604,-0.674226,-0.72621,0.1343,-0.65683,0.672781,0.340497,-0.045742,0.013571,0.009606,5.063291,-0.969406,-2.140997,-0.261774
31,0.072139,0.024139,0.324307,-0.401128,0.017116,-0.915887,-0.483925,-0.852873,0.195947,-0.777289,0.521795,0.351537,-0.077815,0.01735,0.028929,-0.039898,0.077093,-0.14371,-0.087788,-0.134341,0.05523,0.317732,0.444185,-0.401272,0.801044,0.029775,0.900124,0.434538,-0.895942,-0.168667,0.410734,0.037154,0.006156,-0.047491,-0.07585,0.506271,-0.100258,-1.399457,0.023034,0.043622,-0.024119,-0.350632,0.31803,0.88086,0.086009,-0.925663,0.368442,0.932555,0.204949,0.297214,0.019365,-0.002557,-0.020092,-0.154758,0.935442,-0.377481,-0.8058,0.073947,0.033835,-0.079095,-0.342194,0.134903,-0.929894,-0.663727,-0.735211,0.137587,-0.665108,0.664277,0.341124,-0.04569,0.010009,0.015302,-0.041075,0.109674,-0.19648,-0.266183
32,0.068967,0.024599,0.3258,-0.407682,0.002681,-0.913145,-0.447688,-0.872145,0.197256,-0.795365,0.489214,0.357897,-0.090947,0.013594,0.042495,0.022805,0.248098,-0.141178,-0.102513,-0.133001,0.055191,0.316155,0.437685,-0.398206,0.806136,0.023343,0.901225,0.432645,-0.899318,-0.170051,0.402707,0.025989,-0.003955,-0.038221,0.034424,0.165104,-0.133616,-1.399704,0.023709,0.043604,-0.024913,-0.342531,0.315712,0.884871,0.092507,-0.925937,0.366173,0.93494,0.207283,0.287956,0.019173,-0.000487,-0.018622,0.079444,-0.027556,0.051196,-0.805963,0.072368,0.034071,-0.078348,-0.351758,0.122121,-0.92809,-0.63251,-0.761889,0.139478,-0.690069,0.636089,0.345243,-0.039335,0.000254,0.024862,0.100053,0.253888,-0.11626,-0.27794
33,0.066018,0.024482,0.327754,-0.406416,-0.004599,-0.913701,-0.414246,-0.890377,0.188681,-0.813907,0.455181,0.361098,-0.067165,-0.014513,0.054715,5.449748,-2.61334,0.211614,-0.09866,-0.131561,0.055028,0.314837,0.428787,-0.397718,0.811143,0.02149,0.902029,0.431062,-0.903631,-0.16691,0.394278,0.039603,-0.009116,-0.027665,-0.02387,0.725202,-0.652706,-1.399932,0.024439,0.043517,-0.025589,-0.33323,0.31541,0.888523,0.094003,-0.926575,0.364172,0.938147,0.204877,0.279113,0.019801,-0.004401,-0.013731,-0.016578,0.768793,-0.729659,-0.805637,0.070887,0.034029,-0.07737,-0.354478,0.11686,-0.927732,-0.607323,-0.783174,0.133402,-0.710987,0.610722,0.34859,-0.040301,-0.005721,0.028342,-0.112559,0.093664,-0.028849,-0.281695
34,0.064711,0.024221,0.328815,-0.404698,-0.006835,-0.91445,-0.395643,-0.900222,0.181766,-0.823953,0.43536,0.362755,-0.06723,-0.014503,0.054648,4.95658,-0.884061,-1.961342,-0.100298,-0.130758,0.054911,0.314266,0.42632,-0.395883,0.813339,0.021105,0.903171,0.428686,-0.904804,-0.165101,0.392344,0.039353,-0.006698,-0.025852,0.037237,-0.01864,0.061649,-1.400254,0.024812,0.043463,-0.025855,-0.330327,0.313424,0.890308,0.094193,-0.927601,0.3615,0.939154,0.203275,0.276889,0.019702,-0.003397,-0.012986,0.043,-0.017127,0.035408,-0.807596,0.070234,0.033901,-0.076838,-0.350574,0.115044,-0.929441,-0.591404,-0.796712,0.124455,-0.72618,0.593307,0.347344,-0.026799,-0.008425,0.026794,-0.103588,0.066061,0.064241,-0.281042
35,0.062355,0.023495,0.330998,-0.400787,0.003611,-0.916189,-0.375446,-0.912811,0.160584,-0.835235,0.40833,0.368342,-0.068804,-0.025256,0.06288,5.121373,-0.426292,-1.525501,-0.114119,-0.129053,0.0547,0.313396,0.422931,-0.392666,0.81666,0.014597,0.903986,0.427235,-0.906517,-0.168284,0.387001,0.051261,0.000551,-0.0216,0.02404,-0.013883,0.108201,-1.400155,0.025659,0.043356,-0.026297,-0.326112,0.310292,0.892955,0.100537,-0.927854,0.359135,0.939969,0.206894,0.271388,0.025619,0.00044,-0.010694,0.033872,-0.032166,0.098939,-0.809066,0.069057,0.033543,-0.075748,-0.343897,0.12225,-0.931015,-0.573532,-0.812403,0.105175,-0.743502,0.570136,0.349497,-0.027106,-0.009024,0.026183,0.110278,0.489099,0.550372,-0.286104
36,0.060229,0.02255,0.333107,-0.396779,0.012488,-0.917853,-0.356277,-0.923605,0.141391,-0.845481,0.383091,0.372062,-0.042237,-0.024424,0.047419,-0.011673,0.188231,0.399382,-0.101561,-0.127285,0.054417,0.312801,0.418847,-0.38419,0.822774,0.000592,0.906119,0.422946,-0.908524,-0.176187,0.378691,0.052806,-0.008959,-0.013031,-0.000465,-0.020513,0.075789,-1.399928,0.026558,0.043218,-0.0266,-0.320743,0.3017,0.897831,0.113874,-0.928754,0.352771,0.940295,0.215389,0.263535,0.020082,-0.005076,-0.006313,0.009683,-0.029586,0.03965,-0.810209,0.067987,0.033075,-0.074683,-0.339091,0.129147,-0.931846,-0.551234,-0.829951,0.085563,-0.762337,0.542679,0.352619,-0.021968,-0.017811,0.027737,-0.00456,0.196887,0.606332,-0.28839
37,0.058879,0.02158,0.334829,-0.392967,0.013586,-0.919477,-0.331344,-0.934808,0.127741,-0.857316,0.354839,0.372997,-0.027607,-0.017241,0.036804,5.003969,-0.780221,-1.764227,-0.065689,-0.125485,0.054216,0.312349,0.417472,-0.378402,0.826148,-0.012306,0.906647,0.421631,-0.90907,-0.185717,0.372777,0.03956,-0.005595,-0.008962,0.003018,-0.027123,0.065823,-1.399875,0.027448,0.043115,-0.026827,-0.318658,0.295744,0.900551,0.126449,-0.928323,0.349607,0.939397,0.225279,0.258421,0.025214,0.003931,-0.007996,0.045975,-0.044878,0.08574,-0.811352,0.067305,0.032584,-0.07382,-0.334829,0.132296,-0.932945,-0.533493,-0.842737,0.071964,-0.776707,0.521815,0.352752,-0.00801,-0.015945,0.021369,-0.121299,-0.102979,0.288505,-0.264223
38,0.058526,0.021097,0.335593,-0.389584,0.012632,-0.920929,-0.324105,-0.93782,0.124186,-0.861618,0.346838,0.370602,-0.014334,-0.020731,0.034665,-0.101351,-0.04191,0.121149,-0.058282,-0.124641,0.054139,0.312153,0.413521,-0.378764,0.827967,-0.013844,0.90656,0.421771,-0.910848,-0.185404,0.368571,0.052266,-0.004059,-0.00922,-0.077844,0.079969,0.163303,-1.39978,0.027865,0.043081,-0.026921,-0.314836,0.296065,0.901788,0.127763,-0.928238,0.349354,0.940507,0.225205,0.254416,0.019769,-0.00251,-0.004298,-0.130342,0.149558,0.22513,-0.80825,0.067123,0.032352,-0.073451,-0.332208,0.127944,-0.934487,-0.52181,-0.850258,0.069091,-0.785717,0.510578,0.349225,-0.007139,-0.010244,0.017462,-0.10914,-0.160855,0.281358,-0.255242
39,0.058216,0.020495,0.336739,-0.386979,0.009254,-0.922067,-0.311851,-0.942333,0.121365,-0.867295,0.334497,0.368698,0.000596,-0.013096,0.024448,-0.065684,0.027403,-0.004205,-0.047528,-0.123046,0.053993,0.3118,0.410213,-0.367847,0.834509,-0.028011,0.90945,0.414787,-0.912012,-0.193071,0.361689,0.027053,-0.007047,-0.008805,0.005468,1.800471,-2.049129,-1.40021,0.028672,0.043011,-0.027096,-0.312004,0.286875,0.905735,0.140388,-0.928938,0.342584,0.939651,0.234042,0.249559,0.018831,0.003914,-0.007338,0.030235,-0.045443,0.081511,-0.808739,0.066962,0.032039,-0.072861,-0.329959,0.124192,-0.935789,-0.51092,-0.857058,0.066406,-0.79378,0.500026,0.346246,-0.006329,-0.004698,0.013399,-0.06655,0.042818,-0.033405,-0.246261
40,0.058059,0.020481,0.337389,-0.387919,-0.002519,-0.921715,-0.284709,-0.950757,0.122366,-0.876158,0.309886,0.369249,-0.00969,0.011986,0.009798,0.040237,-0.006075,-0.021667,0.010751,-0.121659,0.053899,0.311412,0.410264,-0.364457,0.83597,-0.033793,0.909884,0.413404,-0.911793,-0.197403,0.3599,0.039671,-0.004661,-0.008411,-0.01401,0.094285,-0.090996,-1.400144,0.029375,0.042962,-0.027293,-0.309487,0.281775,0.908195,0.146618,-0.929525,0.338355,0.939531,0.237875,0.246363,0.019859,-0.00242,-0.004304,0.001647,-0.013835,0.047766,-0.810862,0.066883,0.032027,-0.072527,-0.333418,0.112879,-0.935996,-0.48633,-0.87111,0.068186,-0.807659,0.477938,0.34534,-0.00487,0.005965,0.004875,0.038522,-0.003907,-0.019729,-0.216052
41,0.058054,0.020648,0.337547,-0.388341,-0.00757,-0.921509,-0.273226,-0.954049,0.122923,-0.879617,0.299521,0.369578,0.00325,0.007668,0.006903,0.001364,0.090205,-0.14454,0.028776,-0.120976,0.053895,0.311241,0.411058,-0.361369,0.83692,-0.039378,0.910096,0.412443,-0.911212,-0.202047,0.358794,0.039208,-0.001797,-0.00607,-0.03389,-0.045988,0.048619,-1.400194,0.029717,0.042954,-0.027383,-0.309833,0.2785,0.909088,0.152025,-0.929325,0.336513,0.938558,0.242467,0.245597,0.012349,0.004188,-0.006397,-0.084619,-0.104778,0.027747,-0.811189,0.06688,0.032108,-0.072449,-0.334816,0.108092,-0.936062,-0.475886,-0.876798,0.068969,-0.813283,0.468551,0.345006,0.001562,0.003704,0.003337,0.001551,-0.013842,0.024824,-0.193518
42,0.058159,0.020987,0.337689,-0.387892,-0.021557,-0.921477,-0.238817,-0.963227,0.123006,-0.889767,0.267799,0.369629,0.001846,0.004357,0.003913,0.00367,-0.015814,0.022922,0.051687,-0.119724,0.053924,0.310965,0.406377,-0.35824,0.840544,-0.040831,0.911812,0.408492,-0.913241,-0.199878,0.354829,0.02455,0.009282,-0.012034,0.038176,-0.021225,0.054725,-1.400124,0.030349,0.042967,-0.027517,-0.304531,0.275507,0.911787,0.153046,-0.930663,0.332327,0.940126,0.24075,0.24125,0.01947,5.5e-05,-0.002289,0.004069,-0.031284,0.069455,-0.809229,0.066934,0.032281,-0.072376,-0.337488,0.094241,-0.936599,-0.444218,-0.893164,0.070196,-0.829922,0.439745,0.343296,0.000821,0.001943,0.001743,0.039827,0.087351,-0.158422,-0.154655
43,0.058233,0.021056,0.337821,-0.387018,-0.037927,-0.921316,-0.198655,-0.972253,0.123416,-0.899957,0.23083,0.369895,0.001129,0.002667,0.002392,0.003712,-0.000497,-0.00149,0.065639,-0.11869,0.053882,0.310669,0.405142,-0.353688,0.843064,-0.047202,0.912735,0.405736,-0.91348,-0.203736,0.352006,0.026785,-0.004246,-0.00667,-0.036243,-0.030871,0.020143,-1.399927,0.030859,0.042958,-0.027661,-0.302655,0.270971,0.913769,0.158831,-0.930987,0.328685,0.939772,0.244613,0.238729,0.012434,0.003876,-0.006693,-0.38304,-0.230564,-0.123384,-0.811352,0.066971,0.032319,-0.072314,-0.340108,0.078055,-0.93714,-0.40693,-0.910629,0.071837,-0.847781,0.405783,0.341475,0.000743,0.001757,0.001576,0.039491,0.087189,-0.158321,-0.130325
44,0.058215,0.021065,0.337962,-0.388927,-0.041005,-0.92038,-0.186858,-0.974726,0.122329,-0.901656,0.219603,0.372584,-0.012824,-0.002708,0.014643,0.052798,0.231355,0.111609,0.074643,-0.118211,0.053888,0.310503,0.405553,-0.354454,0.842544,-0.046559,0.912464,0.406417,-0.913331,-0.203612,0.352464,0.026647,-0.003373,-0.00596,0.001489,-0.012704,0.035905,-1.399992,0.031104,0.042956,-0.027749,-0.303247,0.271709,0.913353,0.158407,-0.930777,0.329486,0.939653,0.244598,0.239215,0.013317,-0.001623,-0.002945,0.004287,-0.030489,0.059235,-0.812169,0.066965,0.032318,-0.072248,-0.342297,0.074834,-0.936606,-0.396004,-0.915453,0.071582,-0.852063,0.395403,0.342992,0.000894,0.002116,0.001895,0.137515,0.442513,0.042112,-0.117262
45,0.057941,0.021116,0.338523,-0.392016,-0.042647,-0.918994,-0.181107,-0.975792,0.12248,-0.901488,0.214497,0.375948,-0.011267,0.000954,0.017902,0.049629,0.231917,0.112824,0.116001,-0.117243,0.053851,0.310153,0.40461,-0.350232,0.84476,-0.052598,0.913232,0.403948,-0.91342,-0.20744,0.349993,0.014296,-0.006695,-0.007214,-0.003973,0.000881,0.005257,-1.400454,0.031592,0.04294,-0.027921,-0.301757,0.267432,0.915107,0.164068,-0.930965,0.326168,0.939161,0.248563,0.237048,0.012494,0.003681,-0.006886,0.026394,-0.02687,0.053131,-0.812985,0.06683,0.032338,-0.071979,-0.34557,0.073674,-0.935495,-0.390704,-0.917691,0.072054,-0.853188,0.390402,0.345912,-0.005573,0.000633,0.009096,0.118208,0.535777,0.071719,-0.081991
46,0.057525,0.021304,0.339312,-0.394167,-0.045871,-0.917918,-0.170141,-0.97784,0.121869,-0.902682,0.204263,0.378772,-0.00954,0.004983,0.02145,-0.029832,0.032305,-0.012083,0.188809,-0.116272,0.053697,0.309795,0.39931,-0.346379,0.84886,-0.05455,0.915186,0.39924,-0.915629,-0.205297,0.345455,0.027327,-0.006361,-0.008575,0.000938,0.150978,-0.15131,-1.399811,0.032073,0.042865,-0.028099,-0.295839,0.263819,0.918084,0.165407,-0.932438,0.321244,0.940807,0.246895,0.232214,0.013706,-0.003384,-0.004474,-0.005276,0.607283,-0.676908,-0.813801,0.066614,0.032432,-0.071571,-0.349132,0.072018,-0.934301,-0.380327,-0.922119,0.071043,-0.856421,0.380144,0.349332,-0.004691,0.002705,0.010922,-0.040482,0.005007,-0.029215,0.002267
47,0.05704,0.021503,0.340185,-0.397777,-0.049375,-0.916177,-0.153313,-0.980927,0.119371,-0.904107,0.188,0.383763,-0.011739,-0.007432,0.028357,-0.051035,0.084178,-0.007298,0.24309,-0.115396,0.053483,0.309459,0.399777,-0.343268,0.849904,-0.060326,0.915283,0.398185,-0.915063,-0.210031,0.344107,0.027075,-0.00475,-0.007266,0.001447,-0.012695,0.035917,-1.400127,0.032511,0.042753,-0.02827,-0.295814,0.260501,0.919039,0.171024,-0.932109,0.319253,0.93981,0.251618,0.231179,0.007224,-0.003493,-0.003785,-0.000735,0.001393,0.009863,-0.814291,0.066378,0.032541,-0.071139,-0.353487,0.069359,-0.932864,-0.364415,-0.928673,0.06904,-0.861538,0.364354,0.35355,-0.004965,0.002041,0.010309,-0.025744,0.040992,-0.006761,0.087831
48,0.056803,0.021543,0.34059,-0.397914,-0.052008,-0.915972,-0.148034,-0.981662,0.119989,-0.904925,0.183399,0.384061,-0.010845,0.001863,0.018616,-0.034137,0.021524,-0.018818,0.261936,-0.114982,0.053372,0.309315,0.400083,-0.339726,0.851182,-0.06641,0.915489,0.396741,-0.914507,-0.214836,0.342614,0.014252,-0.005935,-0.00667,-0.00091,0.002764,0.006093,-1.400237,0.032724,0.042697,-0.028344,-0.29571,0.256863,0.920096,0.176858,-0.931799,0.31697,0.938763,0.256458,0.230114,0.007098,-0.002804,-0.003211,-0.001735,-0.000315,0.011706,-0.814455,0.066265,0.03256,-0.070938,-0.354052,0.066598,-0.93285,-0.359461,-0.93053,0.069997,-0.863385,0.360106,0.353396,-0.005401,0.001011,0.009389,-0.038731,0.012838,-0.023906,0.121959
49,0.05644,0.021412,0.341172,-0.396667,-0.066674,-0.915563,-0.114051,-0.986045,0.121161,-0.910375,0.152558,0.384669,-0.013557,-0.004475,0.013015,-0.022033,0.03458,-0.048795,0.270576,-0.114296,0.053282,0.309155,0.40272,-0.33434,0.852071,-0.077606,0.914996,0.395845,-0.912468,-0.225126,0.341443,0.02593,0.001342,-0.002135,-0.014226,0.092238,-0.097748,-1.400446,0.033073,0.042645,-0.028431,-0.297872,0.251278,0.92094,0.187779,-0.930461,0.314611,0.935954,0.266647,0.229974,0.012929,0.000869,-0.00091,-0.013937,0.0886,-0.091758,-0.813801,0.066078,0.032501,-0.070628,-0.355964,0.051857,-0.933059,-0.327292,-0.942137,0.072501,-0.87531,0.331191,0.352339,-0.006897,-0.002495,0.006291,-0.023539,0.036355,-0.04687,0.15674
50,0.056209,0.021067,0.341529,-0.396824,-0.07209,-0.915084,-0.103173,-0.987084,0.122445,-0.911602,0.143084,0.385402,-0.002009,-0.011888,0.007446,-0.033348,0.021481,-0.014085,0.267517,-0.113785,0.053278,0.309124,0.401154,-0.32943,0.854718,-0.084543,0.915714,0.392753,-0.912539,-0.229407,0.338391,0.012759,0.001727,-0.000173,-0.016313,0.107025,-0.126549,-1.401051,0.033323,0.042644,-0.028444,-0.29576,0.246419,0.922931,0.194193,-0.930471,0.310662,0.935315,0.271109,0.227343,0.006357,0.000984,6e-06,0.002417,-0.017864,0.03332,-0.814618,0.065961,0.032327,-0.070451,-0.357304,0.046607,-0.932824,-0.316997,-0.945521,0.074179,-0.878548,0.322206,0.352613,-0.001115,-0.006187,0.003515,-0.035049,0.021943,-0.013168,0.163435
51,0.05617,0.020941,0.341631,-0.397102,-0.072261,-0.91495,-0.103454,-0.987011,0.122796,-0.91145,0.143501,0.385609,-6e-06,-1.3e-05,-1.2e-05,0.0,0.0,0.0,0.265587,-0.113611,0.053229,0.309163,0.403239,-0.327239,0.854578,-0.090044,0.915072,0.393026,-0.911094,-0.235028,0.338427,0.014728,-0.009984,0.006732,-0.035635,-0.007623,0.009775,-1.400944,0.033467,0.042603,-0.028395,-0.295465,0.242612,0.924034,0.200483,-0.929934,0.308266,0.93408,0.276334,0.226123,0.006132,0.002096,0.000957,0.005183,-0.036533,0.05673,-0.812658,0.065931,0.032226,-0.070366,-0.357979,0.046307,-0.93258,-0.317435,-0.945316,0.074911,-0.878114,0.32285,0.353103,0.000169,0.000401,0.000354,-0.001315,0.104448,-0.168878,0.162128
52,0.056115,0.020893,0.341772,-0.397468,-0.072593,-0.914765,-0.103623,-0.986932,0.123287,-0.91127,0.143877,0.385892,-0.012676,0.004808,0.003274,-0.000984,0.014715,-0.029553,0.281598,-0.113456,0.053172,0.309298,0.403479,-0.323544,0.855871,-0.096573,0.915031,0.391569,-0.910318,-0.240243,0.336848,-0.000594,0.002946,0.00251,0.002659,-0.017698,0.022585,-1.401083,0.033493,0.042592,-0.028358,-0.297479,0.240276,0.923998,0.205909,-0.928889,0.307839,0.932259,0.281835,0.22685,-0.000322,0.001579,0.001342,0.002704,-0.01743,0.024205,-0.811515,0.065916,0.03223,-0.070337,-0.358036,0.046295,-0.932559,-0.317533,-0.945277,0.074984,-0.878056,0.322966,0.353143,0.000297,0.000697,0.000615,-0.001016,8.5e-05,0.000389,0.16817
53,0.055938,0.02097,0.341827,-0.394449,-0.077793,-0.915644,-0.086238,-0.988872,0.121107,-0.91439,0.126824,0.384493,-0.014778,-0.007287,0.010539,-0.030409,-0.068957,0.124628,0.307345,-0.113457,0.053155,0.309448,0.40369,-0.323662,0.855727,-0.096784,0.914895,0.391833,-0.910202,-0.240598,0.336908,0.001382,-0.008801,0.009388,-0.033983,-0.009656,0.003513,-1.400928,0.033492,0.042586,-0.02828,-0.297713,0.240405,0.923889,0.206131,-0.928756,0.308095,0.932135,0.282166,0.226948,0.000685,-0.004384,0.004708,-0.033679,-0.009564,0.003618,-0.812168,0.065828,0.032275,-0.070311,-0.356193,0.04052,-0.933533,-0.300798,-0.950851,0.073499,-0.884673,0.306984,0.350875,-1.4e-05,-3.3e-05,-2.6e-05,0.010418,0.002438,-0.007709,0.200012
54,0.055766,0.020944,0.341886,-0.391157,-0.073981,-0.917371,-0.086734,-0.989357,0.116711,-0.915759,0.125305,0.381722,-2.1e-05,-5e-05,-4.4e-05,0.018549,-0.043168,0.057931,0.309206,-0.11349,0.053158,0.309593,0.403803,-0.319805,0.857123,-0.103282,0.914902,0.390155,-0.909437,-0.245675,0.335307,-0.000689,0.003414,0.002903,0.002658,-0.017682,0.022597,-1.401548,0.033475,0.042588,-0.028207,-0.297395,0.236469,0.925007,0.212319,-0.928203,0.305548,0.930847,0.287265,0.225835,-0.000347,0.001709,0.001453,0.002885,-0.017685,0.023169,-0.812332,0.065736,0.032258,-0.070279,-0.352013,0.043692,-0.934974,-0.301258,-0.951044,0.068979,-0.886188,0.30595,0.347943,-1.6e-05,-3.1e-05,-2.6e-05,0.017421,-0.042307,0.057241,0.217157
55,0.055661,0.02093,0.341934,-0.38907,-0.074356,-0.918227,-0.081159,-0.990088,0.114507,-0.91716,0.119159,0.380324,-0.0,-1e-06,-1e-06,0.001672,-0.003885,0.005213,0.308672,-0.113503,0.053164,0.309664,0.403961,-0.319912,0.857008,-0.103318,0.914824,0.390328,-0.909363,-0.245825,0.335398,0.001507,-0.009421,0.00886,-0.036642,0.008028,-0.019083,-1.401446,0.033468,0.042594,-0.02817,-0.297574,0.236577,0.924922,0.212367,-0.928134,0.305723,0.930779,0.287398,0.225947,0.000746,-0.004695,0.004443,-0.036391,0.008089,-0.018958,-0.812495,0.065684,0.032251,-0.070255,-0.350002,0.042905,-0.935765,-0.29586,-0.95288,0.06697,-0.888799,0.300295,0.346203,-0.006587,0.001832,0.001134,0.002179,0.006597,-0.016951,0.219117
