frame,MLTx,MLTy,MLTz,MLTR1,MLTR2,MLTR3,MLTR4,MLTR5,MLTR6,MLTR7,MLTR8,MLTR9,MLTTVx,MLTTVy,MLTTVz,MLTRVx,MLTRVy,MLTRVz,MLGA,MRTx,MRTy,MRTz,MRTR1,MRTR2,MRTR3,MRTR4,MRTR5,MRTR6,MRTR7,MRTR8,MRTR9,MRTTVx,MRTTVy,MRTTVz,MRTRVx,MRTRVy,MRTRVz,MRGA,SLTx,SLTy,SLTz,SLTR1,SLTR2,SLTR3,SLTR4,SLTR5,SLTR6,SLTR7,SLTR8,SLTR9,SLTTVx,SLTTVy,SLTTVz,SLTRVx,SLTRVy,SLTRVz,SLGA,SRTx,SRTy,SRTz,SRTR1,SRTR2,SRTR3,SRTR4,SRTR5,SRTR6,SRTR7,SRTR8,SRTR9,SRTTVx,SRTTVy,SRTTVz,SRTRVx,SRTRVy,SRTRVz,SRGA
395,0.101199,0.029967,0.393927,-0.379188,-0.698863,-0.606509,-0.751016,-0.150514,0.642879,-0.540108,0.700141,-0.467026,-0.011785,0.003686,0.002304,-0.007074,0.102697,-0.207823,0.321901,-0.161878,0.049712,0.354033,0.486081,-0.760911,0.429803,-0.029947,0.476892,0.878414,-0.873952,-0.438883,0.208455,1e-06,-2.6e-05,-1.5e-05,0.0,0.0,0.0,-1.406194,0.03873,0.045919,0.000265,-0.296257,0.844949,0.445299,-0.024141,-0.472704,0.880889,0.954802,0.25022,0.16044,0.000515,-0.005634,0.00395,-0.036596,0.010134,-0.018296,-0.768243,0.066099,0.039724,-0.042856,-0.366046,-0.686912,-0.627822,-0.666877,-0.276921,0.691801,-0.649064,0.671912,-0.35672,0.000222,0.00084,0.00046,0.092252,-0.00893,-0.129691,0.176335
396,0.101151,0.029961,0.393936,-0.378341,-0.700944,-0.604634,-0.747693,-0.153727,0.645984,-0.545283,0.697357,-0.465174,-0.012651,0.000451,0.000533,-0.000515,0.02766,-0.056867,0.358174,-0.161867,0.049592,0.354126,0.485911,-0.760843,0.430116,-0.030466,0.476946,0.878367,-0.874028,-0.438942,0.208007,0.001021,-0.010977,0.008079,-0.036495,0.010273,-0.018272,-1.406413,0.038736,0.04586,0.000312,-0.296091,0.844847,0.445604,-0.023646,-0.472864,0.880817,0.954866,0.250265,0.159988,0.000507,-0.005446,0.004065,-0.036574,0.010151,-0.018303,-0.76857,0.066072,0.039729,-0.042848,-0.364289,-0.688864,-0.626705,-0.664565,-0.279146,0.69313,-0.652415,0.668986,-0.356105,-0.006348,0.000156,0.00023,0.195807,-0.088147,-0.194218,0.232343
397,0.101002,0.029957,0.393826,-0.380124,-0.705956,-0.597642,-0.735611,-0.161003,0.657971,-0.560255,0.690623,-0.457362,-0.000478,-0.00178,-0.000976,0.166868,0.024224,-0.183092,0.449724,-0.161856,0.049385,0.354289,0.485735,-0.760762,0.430457,-0.031252,0.476895,0.878367,-0.874098,-0.439138,0.207301,-4.8e-05,0.001113,0.000673,0.0,0.0,0.0,-1.406104,0.038741,0.045755,0.000393,-0.295923,0.844731,0.445936,-0.022864,-0.472976,0.880778,0.954938,0.250447,0.159278,0.000482,-0.004914,0.004388,-0.036537,0.010172,-0.018305,-0.766447,0.065996,0.039722,-0.042906,-0.365581,-0.69518,-0.618931,-0.653773,-0.281526,0.702369,-0.662518,0.661413,-0.351569,-0.000244,-0.000912,-0.000497,0.482775,-0.12642,-0.500321,0.348117
398,0.101019,0.030166,0.393718,-0.386303,-0.706966,-0.592465,-0.724081,-0.165519,0.669539,-0.570932,0.688519,-0.44722,0.001018,0.003796,0.002079,0.030225,-0.035368,0.049387,0.520617,-0.161809,0.049261,0.354366,0.48108,-0.763574,0.430707,-0.028888,0.477092,0.878341,-0.876745,-0.434022,0.206894,3e-06,-6.8e-05,-4.1e-05,0.0,0.0,0.0,-1.405869,0.038765,0.045696,0.000433,-0.290769,0.846525,0.445923,-0.025224,-0.47268,0.880872,0.95646,0.244883,0.158793,-1e-06,-4.3e-05,-2.5e-05,2.3e-05,-0.000247,-0.00025,-0.767427,0.066002,0.039816,-0.042965,-0.367115,-0.703483,-0.608553,-0.639491,-0.284218,0.714332,-0.675482,0.651407,-0.34553,0.000493,0.001822,0.000996,0.170804,-0.093432,-0.102748,0.469768
399,0.101131,0.030239,0.393733,-0.374637,-0.707705,-0.599037,-0.733706,-0.168767,0.658153,-0.566417,0.686969,-0.455273,-0.000205,-0.000763,-0.000418,-0.000338,-0.000128,0.000497,0.523684,-0.161792,0.049156,0.35439,0.482444,-0.762189,0.431633,-0.02797,0.478988,0.877338,-0.876027,-0.434369,0.209197,5.2e-05,-0.001209,-0.000731,0.095525,-0.079304,-0.058364,-1.406024,0.038773,0.045645,0.000446,-0.292204,0.8455,0.446928,-0.026618,-0.474333,0.879942,0.955984,0.245227,0.161108,0.000552,-0.006437,0.00347,0.087614,-0.090251,-0.093188,-0.766937,0.066062,0.039868,-0.042949,-0.357329,-0.701435,-0.616687,-0.647717,-0.28959,0.704697,-0.672886,0.651248,-0.350853,-0.000167,-0.000625,-0.000342,0.08485,0.005292,-0.136473,0.510754
400,0.101091,0.030168,0.393751,-0.371204,-0.706849,-0.602177,-0.738925,-0.16791,0.652509,-0.561882,0.688059,-0.459227,-0.013354,-0.009492,0.009929,-0.041924,0.119818,-0.224104,0.523538,-0.161807,0.049106,0.354405,0.483412,-0.763014,0.429084,-0.026097,0.477254,0.87834,-0.875552,-0.434827,0.210232,1.2e-05,-0.000281,-0.00017,0.001396,-0.001159,-0.000853,-1.405896,0.038766,0.045617,0.000452,-0.29334,0.846417,0.444443,-0.028092,-0.472325,0.880976,0.955595,0.24594,0.162329,5e-06,-0.000138,-8.2e-05,-0.013119,0.005668,0.001984,-0.766121,0.066046,0.039835,-0.042945,-0.352959,-0.69977,-0.62108,-0.65242,-0.291727,0.699458,-0.670646,0.652085,-0.353577,-0.00029,-0.001077,-0.00059,0.073388,-0.072302,0.027774,0.516306
401,0.101074,0.03003,0.393831,-0.363795,-0.71051,-0.602391,-0.738095,-0.174664,0.651674,-0.567792,0.682583,-0.460129,-0.000111,-0.000414,-0.000227,0.000728,-0.000788,0.000556,0.523831,-0.161779,0.048998,0.354471,0.483411,-0.763008,0.429097,-0.026381,0.477127,0.878401,-0.875544,-0.434978,0.209953,2.6e-05,-0.00061,-0.000369,0.0,-0.0,-0.0,-1.405883,0.03878,0.045565,0.000486,-0.293276,0.84644,0.444441,-0.027664,-0.472202,0.881055,0.955627,0.246098,0.161902,1.2e-05,-0.000332,-0.000202,-0.00023,0.000217,7.8e-05,-0.767753,0.066032,0.039758,-0.042903,-0.348405,-0.70105,-0.622207,-0.651714,-0.295926,0.698351,-0.673707,0.648811,-0.353782,-5.6e-05,-0.000205,-0.000111,0.085866,-0.101423,0.059226,0.519735
402,0.10101,0.029774,0.393791,-0.360108,-0.712535,-0.602214,-0.737016,-0.178519,0.651851,-0.571533,0.679467,-0.460111,-0.001713,-0.006386,-0.003505,-0.049715,-0.006901,0.055265,0.525434,-0.161685,0.048875,0.354567,0.48333,-0.762984,0.42923,-0.026823,0.477037,0.878436,-0.875575,-0.435116,0.209535,0.001037,-0.011287,0.007905,-0.036493,0.010222,-0.018303,-1.405739,0.038826,0.045507,0.00053,-0.293198,0.846406,0.444556,-0.027242,-0.472199,0.88107,0.955663,0.246218,0.161506,-2e-06,1.4e-05,7e-06,9e-06,7.6e-05,-3e-06,-0.768896,0.066002,0.03964,-0.042918,-0.343647,-0.702919,-0.622744,-0.650051,-0.300529,0.697936,-0.677746,0.644659,-0.353657,0.004998,-0.005191,-0.002988,-0.032943,-0.063498,0.25364,0.520061
403,0.101041,0.029696,0.393636,-0.354421,-0.712011,-0.606194,-0.742696,-0.179585,0.645076,-0.567732,0.679734,-0.464402,0.011146,0.001198,-0.014486,0.020031,-0.021032,0.036691,0.524677,-0.161634,0.048818,0.354617,0.483337,-0.76299,0.429213,-0.026998,0.476932,0.878487,-0.875566,-0.435222,0.209354,-4.1e-05,0.000924,0.000559,0.0,-0.0,-0.0,-1.405387,0.038852,0.045472,0.000557,-0.293197,0.846409,0.444552,-0.027017,-0.472137,0.88111,0.95567,0.246328,0.161297,0.000491,-0.00503,0.004323,-0.036478,0.010269,-0.018296,-0.76857,0.066016,0.039595,-0.042999,-0.3373,-0.701489,-0.627806,-0.655069,-0.304055,0.691688,-0.676099,0.644563,-0.356967,0.005557,0.000533,-0.007279,0.075399,-0.080653,0.019354,0.520388
404,0.100866,0.029509,0.393457,-0.345754,-0.710474,-0.612965,-0.753188,-0.179501,0.632819,-0.559207,0.681363,-0.472292,-0.002063,-0.007678,-0.004231,-0.000879,0.012762,-0.025825,0.524328,-0.161596,0.048714,0.354729,0.483224,-0.762944,0.42942,-0.02748,0.476899,0.87849,-0.875613,-0.435337,0.208917,-6.4e-05,0.001452,0.000878,0.0,-0.0,-0.0,-1.405745,0.038871,0.04542,0.000613,-0.293084,0.846342,0.444754,-0.026539,-0.472204,0.881088,0.955717,0.24643,0.160856,-3.7e-05,0.000839,0.000506,0.001908,-0.015444,0.024227,-0.765957,0.06593,0.039511,-0.043088,-0.327853,-0.698033,-0.636601,-0.664757,-0.308346,0.680455,-0.671274,0.646275,-0.362931,-0.007262,-0.003226,-0.001638,0.042219,-0.035437,-0.042159,0.520551
405,0.100758,0.028979,0.393354,-0.343088,-0.710363,-0.614589,-0.751903,-0.184502,0.632909,-0.562569,0.68014,-0.470056,-0.003503,-0.020343,0.003647,0.0284,0.190817,0.035025,0.524084,-0.161602,0.048708,0.354792,0.484269,-0.763792,0.426727,-0.025574,0.475038,0.879556,-0.875094,-0.435883,0.20995,-0.000109,0.002476,0.001497,0.001884,-0.015473,0.024237,-1.405066,0.038868,0.045416,0.000644,-0.294069,0.847388,0.442104,-0.027968,-0.469987,0.882229,0.955374,0.247071,0.161909,-5.5e-05,0.001253,0.000757,0.001773,-0.015299,0.023817,-0.76857,0.065875,0.039235,-0.04314,-0.327879,-0.697522,-0.637147,-0.664607,-0.309009,0.6803,-0.671409,0.64651,-0.362261,-0.001767,-0.010243,0.001785,0.090529,-0.046063,0.076977,0.520551
406,0.100661,0.028471,0.393375,-0.345533,-0.702432,-0.622287,-0.751602,-0.189941,0.631656,-0.561471,0.686846,-0.461541,-0.002734,-0.01748,0.005222,0.059378,0.16516,0.242973,0.523462,-0.161682,0.048854,0.354875,0.486297,-0.765457,0.421405,-0.021496,0.471515,0.881559,-0.874082,-0.436783,0.212286,-0.000198,0.004537,0.002739,0.0,-0.0,0.0,-1.404569,0.038828,0.045487,0.000684,-0.295988,0.849445,0.436844,-0.031146,-0.465676,0.884406,0.954683,0.248168,0.164292,-0.000124,0.002778,0.001678,0.000756,-0.014164,0.020466,-0.766937,0.065826,0.038984,-0.043134,-0.325007,-0.697613,-0.638518,-0.664293,-0.312155,0.679171,-0.673115,0.644898,-0.361968,-0.001265,-0.008365,0.002819,0.034207,-0.004122,0.07212,0.520715
407,0.100629,0.028234,0.393411,-0.343466,-0.698458,-0.62788,-0.750065,-0.198372,0.630891,-0.564785,0.688511,-0.45497,-0.001476,-0.005484,-0.003047,0.138605,0.347244,0.166006,0.523456,-0.161733,0.048965,0.354935,0.486399,-0.765482,0.421241,-0.021384,0.471411,0.881617,-0.874027,-0.436851,0.212369,-0.000209,0.004798,0.002894,0.0,-0.0,0.0,-1.404398,0.038803,0.045544,0.000715,-0.296082,0.84948,0.436713,-0.031213,-0.465575,0.884457,0.954652,0.248241,0.164363,-0.000127,0.002883,0.001739,0.00176,-0.015276,0.023739,-0.768896,0.065808,0.038856,-0.043115,-0.323252,-0.697403,-0.639637,-0.664568,-0.313897,0.678097,-0.673688,0.644279,-0.362004,-0.000722,-0.002681,-0.001488,0.011857,-0.045868,0.084823,0.520551
408,0.100591,0.027779,0.393651,-0.339492,-0.691136,-0.638061,-0.757035,-0.201877,0.621382,-0.557854,0.694851,-0.453881,-0.000853,-0.010497,0.009105,-0.007977,0.11742,0.0496,0.523401,-0.16183,0.049254,0.355026,0.487473,-0.766326,0.418455,-0.019105,0.469649,0.882609,-0.873483,-0.437267,0.213748,-0.012338,0.005472,0.004201,-0.000162,-0.000274,-0.005012,-1.403723,0.038759,0.045687,0.00076,-0.297106,0.850537,0.433951,-0.033044,-0.46336,0.885553,0.954272,0.248764,0.165772,-0.000126,0.00289,0.001741,-0.000876,0.001026,-0.002966,-0.769876,0.065788,0.038628,-0.043001,-0.318033,-0.691415,-0.64869,-0.672308,-0.317956,0.668509,-0.668473,0.648727,-0.363724,-0.000363,-0.005003,0.004689,-0.048138,0.135538,-0.100133,0.520388
409,0.100568,0.027284,0.39407,-0.33639,-0.689817,-0.641124,-0.762656,-0.19987,0.615125,-0.552054,0.696739,-0.458058,0.010952,-0.014412,0.006669,-0.033875,0.002222,0.01314,0.522585,-0.161986,0.049704,0.355054,0.486312,-0.767758,0.41718,-0.019477,0.467667,0.883653,-0.87412,-0.436879,0.211928,-0.001355,0.018797,-0.003397,0.038232,-0.025621,0.042602,-1.403982,0.038677,0.045907,0.000776,-0.295676,0.851699,0.432648,-0.032138,-0.461511,0.886552,0.954747,0.248227,0.16383,-0.00067,0.009193,-0.001821,0.043176,-0.027826,0.040177,-0.770039,0.065779,0.038386,-0.042783,-0.315497,-0.687736,-0.65382,-0.677164,-0.319509,0.662844,-0.664763,0.651868,-0.364906,0.005461,-0.007239,0.003317,0.02975,0.040275,0.048499,0.520225
410,0.100651,0.027057,0.394233,-0.337063,-0.687695,-0.643047,-0.762835,-0.200864,0.614579,-0.551396,0.698548,-0.456091,-0.000806,-0.010336,0.009207,-0.030035,0.028856,-0.010772,0.522285,-0.162112,0.050076,0.355009,0.486314,-0.767757,0.417179,-0.018901,0.467956,0.883512,-0.874132,-0.436572,0.212511,-0.001432,0.020678,-0.002273,0.038374,-0.025776,0.042493,-1.404057,0.038614,0.04609,0.000752,-0.295697,0.851684,0.432662,-0.0328,-0.461701,0.886429,0.954718,0.247923,0.164458,-0.007256,0.015678,-0.004815,0.073417,-0.021277,0.031177,-0.770203,0.06582,0.038273,-0.042707,-0.315257,-0.687167,-0.654533,-0.677096,-0.320388,0.662488,-0.664945,0.652036,-0.364274,0.005717,-0.006301,0.003838,0.034426,0.036554,0.045043,0.520062
411,0.100968,0.026911,0.394504,-0.336293,-0.679409,-0.652193,-0.764725,-0.20722,0.610105,-0.549248,0.704769,-0.449059,0.001332,0.004975,0.002764,-0.068851,0.191549,0.2944,0.521674,-0.16264,0.051197,0.354714,0.48323,-0.770355,0.415973,-0.019354,0.465484,0.884807,-0.875828,-0.434636,0.209477,-0.014445,0.03116,-0.009745,-0.023046,0.058275,0.09006,-1.403954,0.038361,0.046635,0.000616,-0.292374,0.853507,0.431325,-0.031641,-0.45942,0.887654,0.95578,0.24588,0.161328,-0.007214,0.015425,-0.004959,-0.09091,0.205644,-0.045129,-0.769386,0.065977,0.038191,-0.042571,-0.314752,-0.681,-0.661187,-0.679446,-0.324761,0.657937,-0.662784,0.656329,-0.360485,0.000442,-0.002008,0.006361,-0.498218,0.159938,0.84684,0.519898
412,0.1013,0.027067,0.394595,-0.336203,-0.667085,-0.664839,-0.765888,-0.217198,0.605154,-0.54768,0.713479,-0.43706,0.001119,0.004195,0.002326,0.129598,0.322393,0.152271,0.521657,-0.163366,0.05285,0.354047,0.479243,-0.774447,0.412975,-0.018999,0.461136,0.887089,-0.87802,-0.431991,0.205737,-0.028345,0.052535,-0.025253,0.03563,0.076006,0.079401,-1.404338,0.037996,0.047472,0.000283,-0.287581,0.856857,0.427891,-0.030719,-0.454787,0.890069,0.957263,0.242822,0.15711,-0.008208,0.027429,-0.012373,0.047969,0.051111,0.131927,-0.767427,0.066145,0.038276,-0.042521,-0.316853,-0.668084,-0.673251,-0.679944,-0.334889,0.652322,-0.661271,0.664463,-0.348149,0.006751,0.001245,0.000551,0.158859,0.35157,0.235263,0.520878
413,0.101541,0.027147,0.394623,-0.335528,-0.658662,-0.673521,-0.767205,-0.223863,0.601044,-0.546252,0.719217,-0.429376,0.01382,0.003693,0.00177,0.240973,0.568518,0.336913,0.521689,-0.163931,0.05392,0.353496,0.474925,-0.778393,0.410539,-0.019985,0.456719,0.889349,-0.880337,-0.429588,0.200809,-0.028161,0.050236,-0.026555,-0.173803,0.331239,0.059695,-1.403815,0.037725,0.047989,2.4e-05,-0.283623,0.859324,0.425582,-0.029493,-0.451413,0.891827,0.958482,0.240391,0.153375,-0.014069,0.025046,-0.01331,-0.41608,0.380515,0.365569,-0.768243,0.066254,0.038312,-0.042509,-0.317264,-0.660865,-0.680147,-0.681056,-0.340306,0.648346,-0.659928,0.668916,-0.342119,0.006955,0.002028,0.000978,0.06184,0.142322,0.12613,0.520878
414,0.102199,0.02739,0.394722,-0.335846,-0.650523,-0.681228,-0.767039,-0.230917,0.598582,-0.546289,0.724371,-0.420573,0.027468,0.006936,0.003268,0.075719,0.140409,0.171215,0.521154,-0.165217,0.056182,0.351906,0.466452,-0.786218,0.405308,-0.020666,0.448269,0.893623,-0.884832,-0.424207,0.192312,-0.029541,0.061661,-0.048575,0.021975,0.123,0.169205,-1.403579,0.03707,0.049149,-0.00077,-0.272916,0.865819,0.419372,-0.025809,-0.442353,0.896469,0.961691,0.233838,0.143071,-0.02067,0.02943,-0.024662,0.033559,0.164219,0.113709,-0.76906,0.066582,0.038427,-0.042464,-0.31988,-0.650754,-0.688617,-0.680056,-0.348361,0.645109,-0.659696,0.674656,-0.331116,0.007724,0.004987,0.002603,0.079329,0.15402,0.172325,0.519082
415,0.10301,0.027921,0.394919,-0.334849,-0.644524,-0.687394,-0.767217,-0.237071,0.595942,-0.546651,0.727734,-0.414248,0.028576,0.011477,0.005719,0.129022,0.276442,0.235607,0.521249,-0.166764,0.058447,0.34964,0.456498,-0.795124,0.399223,-0.021239,0.438709,0.898341,-0.889984,-0.417558,0.182854,-0.053573,0.055814,-0.064436,-0.06647,0.28116,0.129788,-1.403672,0.036305,0.050295,-0.001891,-0.262073,0.872279,0.412851,-0.023509,-0.433447,0.900871,0.964761,0.226389,0.134101,-0.020813,0.028182,-0.032471,-0.147055,0.309038,0.232863,-0.771509,0.066987,0.038693,-0.042364,-0.319678,-0.645463,-0.693673,-0.67991,-0.353632,0.64239,-0.659945,0.676994,-0.325809,0.008404,0.007679,0.00406,0.221923,0.446662,0.328826,0.520388
416,0.103989,0.028462,0.395161,-0.332188,-0.640708,-0.692236,-0.76797,-0.242407,0.592818,-0.54722,0.729342,-0.410655,0.029214,0.014349,0.007223,0.069995,0.114511,0.190942,0.520438,-0.168592,0.060439,0.346788,0.448731,-0.801081,0.396109,-0.019123,0.434403,0.900479,-0.893966,-0.410628,0.179087,-0.041188,0.042362,-0.073127,0.087823,0.155246,0.039003,-1.403551,0.035386,0.051295,-0.003314,-0.252961,0.876715,0.409122,-0.024373,-0.428516,0.903205,0.967169,0.218504,0.129766,-0.026466,0.020297,-0.036623,0.091425,0.163568,0.034894,-0.770693,0.067488,0.038968,-0.042241,-0.318105,-0.640291,-0.699167,-0.680187,-0.35959,0.638779,-0.660419,0.678764,-0.321131,0.014654,0.007367,0.003701,0.071458,0.113792,0.191717,0.519898
417,0.104663,0.028809,0.395279,-0.330311,-0.63886,-0.694837,-0.768456,-0.245469,0.590925,-0.547676,0.729937,-0.408987,0.042308,0.016051,0.0078,0.034532,-0.007722,0.201508,0.520469,-0.169538,0.061229,0.345288,0.455944,-0.796645,0.396816,-0.021923,0.435539,0.899866,-0.890251,-0.417974,0.180592,-0.052927,0.036861,-0.075522,0.203852,0.019951,-0.085315,-1.402862,0.034918,0.051689,-0.004065,-0.260635,0.87397,0.410176,-0.021933,-0.430111,0.902509,0.965187,0.226229,0.131271,-0.020469,0.017871,-0.038498,0.215142,-0.096687,-0.126079,-0.770366,0.067824,0.039137,-0.042184,-0.316778,-0.637865,-0.701981,-0.680454,-0.362766,0.636696,-0.660782,0.679358,-0.319122,0.021214,0.008266,0.004011,0.015285,-0.042993,0.181138,0.519735
418,0.10649,0.029945,0.395363,-0.334058,-0.616123,-0.713333,-0.776664,-0.248906,0.578628,-0.533651,0.748083,-0.394481,0.057008,0.032656,0.001508,-0.075329,0.831552,0.348218,0.51166,-0.171318,0.062435,0.342379,0.486935,-0.774262,0.404232,-0.035148,0.44493,0.894838,-0.873282,-0.44895,0.188905,-0.040166,0.022982,-0.070422,0.185396,-0.109972,-0.157029,-1.402009,0.034023,0.052285,-0.005529,-0.295468,0.858231,0.419686,-0.011853,-0.442559,0.89666,0.955278,0.25996,0.140935,-0.020041,0.011514,-0.035147,0.032319,-0.444236,-0.194584,-0.767753,0.068715,0.039689,-0.042144,-0.323839,-0.61622,-0.717914,-0.689141,-0.366267,0.625244,-0.648237,0.697223,-0.306051,0.02899,0.021947,-0.003601,-0.784691,1.740756,0.064095,0.516632
419,0.109331,0.031955,0.394976,-0.337016,-0.571487,-0.748243,-0.791328,-0.258698,0.553937,-0.509726,0.779504,-0.364115,0.084374,0.059173,-0.014669,0.385896,0.945299,0.780985,0.474524,-0.172871,0.063005,0.339801,0.519003,-0.737769,0.431654,-0.057095,0.47381,0.878736,-0.853455,-0.47977,0.203217,-0.027514,0.009598,-0.065274,-0.13926,-1.706504,-0.968996,-1.325198,0.033233,0.052575,-0.006846,-0.331948,0.829599,0.448971,0.00294,-0.475046,0.879955,0.943292,0.29342,0.155252,-0.013703,0.004564,-0.03275,-0.058,-1.767202,-1.030079,-0.744893,0.070124,0.040681,-0.042332,-0.335263,-0.570272,-0.749925,-0.704723,-0.376487,0.60135,-0.62527,0.7301,-0.275662,0.042354,0.030106,-0.007075,0.269957,1.477763,0.815625,0.481035
420,0.111098,0.033365,0.394588,-0.342569,-0.543619,-0.76627,-0.796446,-0.264612,0.543715,-0.497919,0.797231,-0.341359,0.085753,0.074892,-0.021169,-3.701976,3.864069,-0.99244,0.454296,-0.173601,0.062825,0.338641,0.536266,-0.711507,0.454057,-0.074421,0.495864,0.865167,-0.841374,-0.496843,0.212366,-0.037816,-0.018613,-0.053136,-0.174755,-1.808153,-0.930032,-1.280867,0.032896,0.052504,-0.007383,-0.34875,0.810074,0.47133,0.011739,-0.499089,0.86647,0.937141,0.307715,0.164548,-0.018892,-0.00945,-0.026556,0.207659,0.411451,-3.166665,-0.725298,0.070975,0.041352,-0.042516,-0.34241,-0.544536,-0.765659,-0.707971,-0.386211,0.591283,-0.617682,0.744527,-0.253273,0.049049,0.036811,-0.01112,0.659821,1.330878,0.930238,0.456541
421,0.114848,0.036477,0.393709,-0.354746,-0.502657,-0.788376,-0.797697,-0.277145,0.535576,-0.487272,0.819506,-0.301668,0.09884,0.091407,-0.027815,0.565846,0.66556,0.441028,0.422838,-0.174908,0.061171,0.336794,0.552139,-0.671013,0.494849,-0.084164,0.5455,0.833835,-0.830125,-0.501185,0.244067,-0.03574,-0.066732,-0.040524,0.819349,-0.714969,-0.911976,-1.261762,0.032214,0.051671,-0.008341,-0.375512,0.770731,0.514746,0.011986,-0.551306,0.834216,0.926739,0.319428,0.197784,-0.017843,-0.033954,-0.020614,0.875337,-0.75958,-0.930414,-0.715664,0.072878,0.042933,-0.042959,-0.364563,-0.501267,-0.784744,-0.710819,-0.394587,0.582268,-0.601522,0.770085,-0.212458,0.055356,0.044323,-0.014862,0.962532,1.022823,-0.009879,0.409024
422,0.11929,0.039859,0.392531,-0.366474,-0.488992,-0.791599,-0.787112,-0.29077,0.543947,-0.495711,0.82303,-0.277344,0.119647,0.08229,-0.033494,0.584039,0.173407,-0.578195,0.370149,-0.176248,0.058094,0.335249,0.576873,-0.61647,0.535886,-0.081916,0.608954,0.788922,-0.81338,-0.49822,0.300088,-0.035651,-0.083138,-0.037465,1.392745,-0.798709,-2.137934,-1.387549,0.031571,0.050186,-0.009091,-0.40741,0.726442,0.553442,-0.005102,-0.607818,0.794059,0.91323,0.320684,0.251338,-0.01779,-0.041199,-0.018433,1.226187,-0.91047,-1.152586,-0.793717,0.07505,0.044617,-0.043523,-0.376603,-0.48749,-0.787732,-0.699877,-0.407371,0.586703,-0.606911,0.77227,-0.187766,0.059573,0.03588,-0.012318,0.102581,-0.117658,0.062732,0.360363
423,0.123988,0.04264,0.391308,-0.374772,-0.490939,-0.786492,-0.776101,-0.297966,0.555747,-0.506727,0.819288,-0.268367,0.128579,0.075226,-0.037544,0.172694,-0.003873,-0.046483,0.246921,-0.177806,0.054897,0.334016,0.616678,-0.534846,0.577616,-0.105071,0.67113,0.733811,-0.780885,-0.512533,0.356919,-0.047867,-0.090288,-0.027261,1.348897,-1.252971,-1.491745,-1.402586,0.030766,0.048513,-0.009743,-0.46242,0.650864,0.602114,0.001599,-0.678468,0.734627,0.886659,0.34067,0.312696,-0.023932,-0.045112,-0.013577,1.476027,-1.352619,-1.549514,-0.880261,0.07749,0.046074,-0.044157,-0.385705,-0.492054,-0.780457,-0.685342,-0.413528,0.599415,-0.617687,0.766078,-0.177726,0.064245,0.037253,-0.019032,0.170508,-0.013387,-0.036575,0.233323
424,0.126477,0.043955,0.390593,-0.376011,-0.489077,-0.787061,-0.773312,-0.302358,0.55726,-0.510057,0.81879,-0.263536,0.126822,0.070691,-0.039792,0.229187,0.081786,0.188594,0.154388,-0.178565,0.053285,0.333443,0.656108,-0.465405,0.594064,-0.140036,0.698303,0.701924,-0.74232,-0.543134,0.392211,-0.036007,-0.087279,-0.026587,0.639267,-2.52396,-2.190287,-1.402766,0.030386,0.047703,-0.010032,-0.514018,0.59165,0.621076,0.028498,-0.711872,0.701729,0.857305,0.378401,0.349055,-0.018006,-0.043491,-0.013137,0.585438,-2.524204,-2.171441,-0.872586,0.078735,0.046735,-0.044513,-0.386984,-0.490552,-0.780769,-0.681906,-0.417715,0.600431,-0.620682,0.764769,-0.172862,0.063358,0.034921,-0.02019,0.243938,0.101647,0.207542,0.136002
425,0.131135,0.046743,0.388764,-0.379058,-0.482547,-0.789626,-0.767899,-0.312172,0.559331,-0.515939,0.818973,-0.25123,0.112616,0.07499,-0.051204,0.258146,0.190773,-0.021783,-7.9e-05,-0.180011,0.05054,0.332191,0.757841,-0.257219,0.599589,-0.255252,0.728709,0.635423,-0.601305,-0.634263,0.485803,-0.02568,-0.058539,-0.039213,-1.407267,-7.466966,-2.616062,-1.403324,0.029673,0.04635,-0.010645,-0.651216,0.414433,0.635737,0.129025,-0.765057,0.630902,0.747842,0.49288,0.444745,-0.018736,-0.035189,-0.01548,1.001479,-3.035102,-2.770451,-0.844173,0.081064,0.04813,-0.045426,-0.391001,-0.483868,-0.782936,-0.675169,-0.427329,0.601279,-0.625512,0.763715,-0.159606,0.05626,0.037036,-0.025906,0.242009,0.162774,-0.03577,-0.0993
426,0.134884,0.049714,0.386487,-0.400452,-0.458775,-0.793227,-0.751552,-0.330838,0.570691,-0.523758,0.825257,-0.211318,0.086609,0.07686,-0.063104,0.809398,0.824525,-0.37122,-0.097173,-0.181217,0.048365,0.330349,0.818655,-0.021406,0.57388,-0.37982,0.72915,0.569219,-0.431645,-0.683929,0.588036,-0.026983,-0.054393,-0.052824,-1.331146,-6.149392,-4.482115,-1.404898,0.029069,0.045275,-0.011549,-0.763836,0.197056,0.614591,0.246085,-0.791393,0.559587,0.596653,0.578675,0.556003,-0.007276,-0.027185,-0.026861,0.859296,-4.902966,-0.677746,-0.845153,0.082907,0.049594,-0.046538,-0.41427,-0.463181,-0.783481,-0.656323,-0.444365,0.609735,-0.63057,0.766812,-0.119909,0.043033,0.032483,-0.027539,1.695374,1.691701,-2.085024,-0.224217
427,0.136511,0.051054,0.385202,-0.407572,-0.441313,-0.799483,-0.7471,-0.342321,0.569762,-0.524624,0.830064,-0.189187,0.084682,0.067268,-0.067526,0.564816,1.070056,0.34176,-0.160404,-0.181604,0.047253,0.329266,0.832859,0.102936,0.54382,-0.4437,0.711285,0.545103,-0.331737,-0.695408,0.637354,-0.027264,-0.058022,-0.056033,-1.707201,-7.374838,-3.124387,-1.405006,0.028874,0.044723,-0.012087,-0.804846,0.077332,0.588423,0.312124,-0.788128,0.530501,0.504777,0.610633,0.610185,-0.007408,-0.029413,-0.028779,0.5434,-3.2326,-2.290487,-0.845153,0.083722,0.050274,-0.047176,-0.423896,-0.447991,-0.787156,-0.650167,-0.45455,0.608822,-0.63055,0.769861,-0.098587,0.036447,0.033515,-0.033679,0.392502,0.62508,0.061667,-0.269122
428,0.139281,0.053226,0.382631,-0.408399,-0.420106,-0.810411,-0.72925,-0.383848,0.566416,-0.548529,0.82284,-0.148587,0.058942,0.048513,-0.061553,0.540811,0.999453,0.200804,-0.280749,-0.181811,0.044697,0.326931,0.850142,0.254158,0.461143,-0.48921,0.704789,0.513691,-0.195511,-0.66262,0.722892,-0.002491,-0.063867,-0.063627,1.462961,-2.246853,-0.035982,-1.405646,0.028762,0.043448,-0.013253,-0.859011,-0.073924,0.50659,0.360922,-0.789231,0.496837,0.363089,0.609629,0.704639,-0.001193,-0.032314,-0.03211,0.93373,-2.583352,0.131424,-0.853644,0.085137,0.051377,-0.048491,-0.42855,-0.425179,-0.797224,-0.627992,-0.494207,0.601151,-0.649592,0.758274,-0.055217,0.029422,0.023594,-0.031139,0.590608,1.082551,0.253264,-0.365463
429,0.141517,0.054998,0.380187,-0.421783,-0.383932,-0.821426,-0.722732,-0.40472,0.560206,-0.547011,0.830435,-0.10575,0.046426,0.045032,-0.062549,0.539069,1.013975,0.354696,-0.339168,-0.182009,0.042222,0.324659,0.861028,0.31758,0.397196,-0.491871,0.717914,0.49254,-0.129809,-0.619856,0.773816,-0.014436,-0.067139,-0.050423,0.772078,-1.619944,0.176114,-1.406143,0.028668,0.042193,-0.014408,-0.885747,-0.134722,0.444186,0.360339,-0.80279,0.475061,0.292587,0.580842,0.759614,-0.001161,-0.027484,-0.029132,0.49477,-1.884417,-0.98586,-0.862625,0.086237,0.052239,-0.049694,-0.44659,-0.390984,-0.804789,-0.619882,-0.513423,0.593414,-0.645214,0.763889,-0.013074,0.028873,0.016503,-0.027533,0.51234,1.097858,0.437049,-0.425391
430,0.143321,0.056103,0.377676,-0.427776,-0.344424,-0.835718,-0.710315,-0.443714,0.546391,-0.558485,0.827785,-0.053795,0.031619,0.015018,-0.062949,1.995923,0.43921,0.512888,-0.406835,-0.182815,0.040248,0.322587,0.839375,0.37652,0.392013,-0.534686,0.700979,0.471884,-0.098169,-0.606161,0.789174,-0.027964,-0.046032,-0.050509,-1.818807,-3.211886,-4.149395,-1.404968,0.02827,0.041192,-0.015449,-0.878086,-0.192121,0.438238,0.40005,-0.797244,0.452063,0.262533,0.572268,0.776907,-0.013933,-0.022796,-0.025067,0.367372,0.477914,-1.936952,-0.8574,0.087135,0.052813,-0.050913,-0.459936,-0.351222,-0.815537,-0.607501,-0.545387,0.577489,-0.647611,0.761049,0.037476,0.021665,0.007006,-0.031939,0.617293,1.27523,0.458896,-0.470296
431,0.143944,0.056328,0.376361,-0.422836,-0.333232,-0.842741,-0.691398,-0.482566,0.537652,-0.585322,0.810423,-0.025297,0.019026,0.008486,-0.065858,1.059114,1.165347,0.422541,-0.46254,-0.183482,0.039267,0.321653,0.81576,0.407903,0.410052,-0.57122,0.678705,0.46152,-0.091069,-0.611229,0.78611,-0.040323,-0.055771,-0.041203,0.018047,0.048853,-0.349744,-1.404491,0.027952,0.040725,-0.015899,-0.860552,-0.231893,0.453513,0.44254,-0.781232,0.440265,0.252205,0.579569,0.774913,-0.013761,-0.027401,-0.020639,-2.112407,-2.300732,-4.371864,-0.850868,0.087451,0.052932,-0.051572,-0.455171,-0.340717,-0.822636,-0.583023,-0.584244,0.564572,-0.67298,0.736593,0.067284,0.015212,0.0031,-0.033721,5.335979,-1.639374,0.609521,-0.504424
432,0.144857,0.056248,0.373897,-0.416735,-0.307807,-0.855355,-0.657237,-0.548037,0.517365,-0.627503,0.778158,0.027152,0.017546,-0.020485,-0.052966,5.191536,-1.803627,0.225984,-0.574255,-0.184519,0.037483,0.319791,0.784585,0.430224,0.446458,-0.61086,0.659062,0.438657,-0.106502,-0.617424,0.779299,-0.028535,-0.045324,-0.051306,0.335689,0.286211,-0.884631,-1.404137,0.027419,0.039824,-0.016836,-0.832305,-0.259277,0.489941,0.484654,-0.769352,0.416181,0.269031,0.583842,0.765995,-0.014205,-0.021967,-0.025067,0.614314,-0.069145,-0.643662,-0.8445,0.087918,0.052893,-0.05284,-0.455636,-0.309818,-0.83451,-0.546081,-0.643067,0.536898,-0.702987,0.700341,0.123818,0.008927,-0.005249,-0.030905,0.593017,1.155026,0.689121,-0.582313
433,0.145527,0.055208,0.371833,-0.431046,-0.294158,-0.853062,-0.613453,-0.597785,0.516043,-0.661217,0.746117,0.078287,0.00451,-0.04804,-0.039378,0.36192,1.101589,-0.237146,-0.61559,-0.185456,0.035627,0.318145,0.777395,0.426157,0.462644,-0.617836,0.654799,0.43526,-0.11842,-0.624738,0.771714,-0.014208,-0.058113,-0.029893,-0.242993,0.232749,-0.267897,-1.404398,0.026945,0.038886,-0.017679,-0.823634,-0.257554,0.505263,0.492102,-0.767407,0.410999,0.281888,0.587155,0.758806,-0.007059,-0.028723,-0.014655,-0.436713,-0.131808,-0.0166,-0.84205,0.088257,0.05238,-0.053879,-0.468754,-0.300732,-0.830559,-0.493927,-0.690292,0.528707,-0.732329,0.658069,0.175037,0.002443,-0.018603,-0.023886,0.476603,1.250913,-0.62787,-0.647956
434,0.145465,0.054053,0.371088,-0.463398,-0.301718,-0.833231,-0.58602,-0.600991,0.543472,-0.66417,0.740508,0.102727,-0.00875,-0.067318,-0.03545,0.191855,0.806546,-1.25788,-0.616652,-0.185588,0.034597,0.317698,0.787878,0.422979,0.447581,-0.607997,0.649116,0.457079,-0.098181,-0.632778,0.767995,-0.000789,-0.047147,-0.022052,-0.803242,-0.122196,0.594211,-1.405019,0.026873,0.038356,-0.017915,-0.833598,-0.25297,0.491039,0.485261,-0.760069,0.432222,0.263885,0.598582,0.756349,-3.5e-05,-0.028702,-0.006791,-1.534266,-1.494475,1.802547,-0.845153,0.088233,0.051819,-0.054248,-0.498618,-0.311076,-0.80908,-0.464509,-0.692165,0.552391,-0.731854,0.651258,0.200628,-0.010393,-0.038883,-0.01324,0.47281,1.57572,-3.03891,-0.659876
435,0.144674,0.050868,0.369771,-0.528436,-0.320671,-0.786111,-0.54504,-0.581815,0.603651,-0.650293,0.747851,0.133657,-0.022216,-0.085528,-0.031738,-0.175661,0.293982,-1.082456,-0.602941,-0.185634,0.033403,0.317347,0.817739,0.40151,0.412414,-0.572436,0.640954,0.511302,-0.060068,-0.654691,0.753416,0.000145,-0.023548,-0.002597,-0.839825,0.37615,0.765976,-1.405102,0.02685,0.03774,-0.018106,-0.860313,-0.225819,0.457017,0.454833,-0.744873,0.488149,0.230187,0.627829,0.743534,0.000107,-0.010985,-0.000641,-0.90785,0.466251,0.824157,-0.849725,0.08785,0.050258,-0.054901,-0.556405,-0.33987,-0.758222,-0.421167,-0.671251,0.609951,-0.716261,0.658719,0.230345,-0.010922,-0.037407,-0.020065,-0.278426,0.043032,-1.149193,-0.658243
436,0.143677,0.048271,0.368039,-0.536772,-0.327304,-0.777685,-0.544109,-0.570195,0.615463,-0.644214,0.753915,0.128949,-0.045603,-0.051002,-0.056325,-0.525853,-0.631429,1.407761,-0.757283,-0.185571,0.032782,0.317284,0.814393,0.405643,0.414981,-0.57871,0.619004,0.530907,-0.042535,-0.673024,0.738304,0.012867,-0.006147,-0.006107,-2.744688,-2.665594,-3.662257,-1.406225,0.026883,0.037439,-0.018122,-0.858401,-0.22779,0.459628,0.46447,-0.725462,0.507907,0.217747,0.649472,0.72854,0.006379,-0.002528,-0.00255,-2.82354,-2.617498,-3.639867,-0.850052,0.087351,0.048905,-0.055775,-0.564496,-0.350401,-0.74737,-0.418622,-0.658816,0.625072,-0.711406,0.665717,0.225214,-0.010886,-0.027294,-0.029465,0.009681,0.376424,-0.652767,-0.720947
437,0.141983,0.046861,0.365407,-0.539248,-0.322225,-0.778093,-0.546559,-0.569034,0.614367,-0.640061,0.756969,0.131709,-0.044698,-0.014803,-0.08052,-0.328275,-0.85332,1.965937,-0.773343,-0.185167,0.032689,0.31724,0.813783,0.407543,0.414314,-0.579666,0.618535,0.530411,-0.041121,-0.67231,0.739035,0.026244,0.000212,-0.001776,0.103312,-0.205147,0.170276,-1.406119,0.027075,0.037398,-0.018139,-0.857883,-0.230595,0.459197,0.466412,-0.724461,0.507558,0.21563,0.649601,0.729055,0.01314,0.000443,-0.000613,0.137302,-0.233059,0.158772,-0.847929,0.086485,0.048172,-0.057117,-0.567076,-0.344695,-0.74807,-0.421727,-0.658633,0.623175,-0.70751,0.668869,0.228128,-0.022292,-0.007381,-0.040211,-0.34379,-0.862121,1.934234,-0.776302
438,0.141148,0.046556,0.363856,-0.53887,-0.316417,-0.780733,-0.547043,-0.573373,0.609885,-0.639965,0.756136,0.136857,-0.032578,-0.014047,-0.080869,0.293601,0.267668,0.00561,-0.774479,-0.184668,0.032765,0.317176,0.812385,0.414143,0.410497,-0.581653,0.62356,0.52229,-0.040684,-0.663582,0.746905,0.039394,0.001199,-0.001941,0.600531,-0.435598,-0.241039,-1.406364,0.027335,0.03744,-0.018168,-0.858366,-0.236328,0.455363,0.466319,-0.729458,0.500436,0.213902,0.641902,0.736346,0.019709,0.000834,-0.00079,0.778064,-0.523949,-0.302532,-0.84548,0.086079,0.048023,-0.057864,-0.566636,-0.339058,-0.750974,-0.422788,-0.662643,0.618185,-0.707229,0.667789,0.232128,-0.022087,-0.000946,-0.044036,0.377497,0.436911,-0.095489,-0.779895
439,0.139574,0.046237,0.360697,-0.514608,-0.321063,-0.795074,-0.523946,-0.616282,0.587919,-0.678115,0.719522,0.149918,-0.044312,-0.007556,-0.077598,0.004354,-1.086856,2.598954,-1.022485,-0.183203,0.033033,0.317288,0.810254,0.446624,0.379484,-0.58542,0.644773,0.491411,-0.026219,-0.620883,0.783377,0.052802,0.011537,0.005652,1.064208,-1.588822,-0.003002,-1.406855,0.028047,0.037561,-0.018121,-0.864409,-0.268019,0.425395,0.463982,-0.751158,0.469553,0.19369,0.603262,0.773665,0.026081,0.012216,-0.000354,0.9162,-3.428628,1.139839,-0.849399,0.085296,0.047856,-0.059447,-0.545866,-0.340512,-0.765559,-0.394922,-0.701273,0.593509,-0.738963,0.626313,0.248326,-0.016091,-0.004843,-0.039541,0.742008,-0.038007,0.121207,-0.866929
440,0.138002,0.04577,0.357783,-0.493456,-0.34063,-0.800324,-0.484086,-0.656922,0.578003,-0.722027,0.673066,0.160269,-0.045074,-0.018016,-0.069909,0.186639,0.089379,-0.182438,-1.222385,-0.181137,0.033896,0.318,0.841558,0.473001,0.260849,-0.538208,0.694635,0.477228,0.043477,-0.542601,0.838783,0.053833,0.021317,0.030567,1.521473,-1.335799,2.058909,-1.408985,0.0291,0.037982,-0.017776,-0.906601,-0.289143,0.30736,0.407243,-0.790351,0.457709,0.110579,0.540129,0.834285,0.026963,0.011567,0.016012,1.377975,-1.284272,2.102887,-0.846296,0.084494,0.047626,-0.06093,-0.521308,-0.356093,-0.775522,-0.353432,-0.737079,0.57602,-0.776738,0.574379,0.258391,-0.022461,-0.008904,-0.034866,0.139432,0.043841,-0.221621,-0.860071
441,0.137327,0.045311,0.356434,-0.482849,-0.355478,-0.800336,-0.462525,-0.672541,0.577695,-0.743022,0.649555,0.161319,-0.032678,-0.01685,-0.069898,4.563246,-3.241785,-0.861914,-1.300108,-0.180329,0.034219,0.318675,0.852967,0.474956,0.21646,-0.516525,0.709238,0.479706,0.073244,-0.521578,0.849973,0.04062,0.020994,0.031144,0.091747,-1.494187,1.255008,-1.408658,0.029489,0.03815,-0.017438,-0.91941,-0.290823,0.264776,0.385372,-0.800633,0.458774,0.078567,0.523839,0.848185,0.014158,0.005387,0.020309,-0.521002,-3.109508,2.395741,-0.853481,0.084181,0.047411,-0.061556,-0.511385,-0.367413,-0.776847,-0.33483,-0.747361,0.57388,-0.791437,0.553586,0.259168,-0.016523,-0.014108,-0.030936,0.104465,-0.04772,0.0008,-0.870031
442,0.135983,0.044206,0.354125,-0.464784,-0.374789,-0.802219,-0.432941,-0.694142,0.575065,-0.77181,0.615059,0.161367,-0.032704,-0.022989,-0.059513,0.095473,-0.069831,0.077231,-1.36997,-0.179231,0.034207,0.320192,0.873106,0.458521,0.165635,-0.476425,0.730998,0.488462,0.101791,-0.50597,0.856444,0.02875,-0.009768,0.04049,-0.019009,-0.838622,1.181718,-1.408834,0.030044,0.038177,-0.016665,-0.93848,-0.270113,0.21516,0.342064,-0.812642,0.47181,0.047406,0.516383,0.855044,0.014366,-0.004377,0.020642,-0.013566,-0.854815,1.217418,-0.861156,0.083496,0.046846,-0.06274,-0.489001,-0.387137,-0.781666,-0.298963,-0.767455,0.567126,-0.81945,0.511015,0.259547,-0.016519,-0.016934,-0.025611,0.034187,-0.039876,0.058988,-0.942042
443,0.134813,0.042698,0.352503,-0.45378,-0.382453,-0.804897,-0.41662,-0.707406,0.570943,-0.787189,0.594892,0.162676,-0.03333,-0.04927,-0.031469,0.098006,0.134707,0.327647,-1.385989,-0.178095,0.033959,0.321987,0.884302,0.446969,0.134982,-0.450847,0.742757,0.494957,0.119856,-0.499111,0.858129,0.028803,-0.001492,0.047003,0.407315,-0.71862,0.535356,-1.40906,0.030601,0.038036,-0.015799,-0.948972,-0.25481,0.185801,0.314016,-0.817786,0.482306,0.02905,0.51604,0.856071,0.014389,-0.000221,0.023914,-0.072378,-0.504186,0.780113,-0.851522,0.082911,0.046101,-0.063562,-0.476996,-0.394268,-0.78551,-0.2816,-0.778064,0.56153,-0.832571,0.489048,0.260107,-0.010281,-0.024357,-0.01563,0.1153,-0.174721,1.220484,-0.913956
444,0.133829,0.040383,0.351404,-0.441603,-0.38481,-0.810527,-0.392436,-0.729548,0.560111,-0.806311,0.565903,0.172171,-0.034844,-0.064372,-0.0267,1.59384,-0.420491,-0.003308,-1.378731,-0.177006,0.033878,0.323785,0.888815,0.443747,0.114403,-0.438535,0.751635,0.49261,0.131483,-0.488569,0.862482,0.028654,-0.00443,0.044416,0.025212,-0.0987,0.028693,-1.408273,0.031156,0.03801,-0.014871,-0.953951,-0.251411,0.163608,0.299586,-0.825754,0.477888,0.014954,0.504898,0.863049,0.014304,-0.002073,0.022306,0.037065,-0.216242,0.186274,-0.852664,0.082422,0.044961,-0.064106,-0.465584,-0.394321,-0.792301,-0.257446,-0.796191,0.547541,-0.84673,0.458901,0.269177,-0.011406,-0.03376,-0.014541,4.892118,-2.483997,-0.361516,-0.91314
445,0.133326,0.039053,0.350933,-0.442185,-0.37797,-0.813423,-0.382941,-0.740537,0.552208,-0.810543,0.556138,0.183731,-0.022744,-0.075137,-0.018935,4.763158,-2.433207,-0.688986,-1.42031,-0.176563,0.033692,0.324655,0.888865,0.444233,0.112107,-0.437898,0.752212,0.492296,0.133243,-0.487237,0.862965,0.028587,-0.007375,0.041996,-0.060151,-0.060896,0.062195,-1.407751,0.031389,0.037918,-0.014417,-0.954207,-0.251975,0.161234,0.298867,-0.826219,0.477534,0.012889,0.503855,0.863691,0.014265,-0.003912,0.020805,-0.110562,-0.04613,0.06915,-0.851685,0.082157,0.044268,-0.064354,-0.46777,-0.386757,-0.794737,-0.247243,-0.806021,0.537772,-0.848563,0.448048,0.28141,-0.011437,-0.037566,-0.009517,4.801717,-2.388227,-0.657616,-0.915263
446,0.132163,0.03645,0.350185,-0.447224,-0.359086,-0.819203,-0.368453,-0.760616,0.534488,-0.814476,0.541317,0.208884,-0.034733,-0.068455,-0.014887,0.344673,0.666876,0.35551,-1.467007,-0.175728,0.032902,0.326264,0.890831,0.445228,0.090468,-0.426916,0.752594,0.501277,0.153971,-0.485737,0.860358,0.029276,-0.02894,0.041526,-0.182309,-0.224435,0.163633,-1.407512,0.031789,0.037552,-0.013637,-0.957409,-0.252316,0.140368,0.288643,-0.824234,0.487158,-0.007222,0.506925,0.861959,0.014208,-0.009395,0.016445,-0.591269,-2.317987,1.430175,-0.85642,0.081601,0.043014,-0.064719,-0.47398,-0.370063,-0.798996,-0.231142,-0.823287,0.518431,-0.849656,0.430408,0.304684,-0.011049,-0.03494,-0.007982,0.501595,0.066704,0.080587,-0.926856
447,0.131111,0.0337,0.34969,-0.450003,-0.348419,-0.822281,-0.349439,-0.77866,0.521106,-0.821287,0.522267,0.229676,-0.022651,-0.079327,-0.007294,0.575876,0.138906,0.312208,-1.470753,-0.175062,0.031791,0.327611,0.89286,0.445361,0.066687,-0.414033,0.75395,0.50997,0.175713,-0.483505,0.857445,0.016277,-0.036454,0.036707,-0.18602,-0.192441,0.111443,-1.407583,0.032133,0.036988,-0.012947,-0.960732,-0.251945,0.116259,0.275905,-0.822887,0.496722,-0.029478,0.509293,0.860087,0.007708,-0.012814,0.014296,-0.265792,-0.756703,0.468919,-0.85691,0.081058,0.041619,-0.064975,-0.479334,-0.358302,-0.801159,-0.211657,-0.838725,0.501737,-0.851727,0.410071,0.326193,-0.011006,-0.033841,-0.007507,1.662642,-0.260773,-0.014842,-0.92506
448,0.130562,0.032292,0.349489,-0.451062,-0.344323,-0.823426,-0.340091,-0.786691,0.515195,-0.82462,0.51285,0.238775,-0.034721,-0.065276,-0.013497,0.14775,0.296987,0.351204,-1.48,-0.174803,0.031127,0.328193,0.893148,0.445247,0.063506,-0.411884,0.753376,0.512553,0.179239,-0.484504,0.856149,0.016273,-0.04127,0.032978,-0.143775,0.032521,-0.040029,-1.407604,0.032268,0.036644,-0.012641,-0.961184,-0.251733,0.112937,0.273933,-0.821846,0.499529,-0.032931,0.511077,0.858903,0.008111,-0.021047,0.016155,-0.142038,0.0402,-0.042247,-0.857073,0.080788,0.04091,-0.065073,-0.480984,-0.354198,-0.801995,-0.201609,-0.84556,0.494349,-0.853233,0.399464,0.335292,-0.011197,-0.038642,-0.003039,0.157609,0.473084,0.236572,-0.924407
449,0.129601,0.029503,0.349138,-0.455299,-0.33412,-0.825295,-0.320653,-0.803205,0.50201,-0.830052,0.49361,0.259594,-0.02189,-0.064785,-0.013755,0.254772,0.171427,0.35161,-1.484099,-0.174344,0.029783,0.329128,0.893,0.447259,0.050031,-0.406266,0.753615,0.516668,0.19225,-0.482274,0.854584,0.01466,-0.024371,0.01309,-0.207408,-0.692807,0.419288,-1.407614,0.032492,0.03598,-0.01218,-0.962073,-0.253713,0.100223,0.268978,-0.821077,0.50347,-0.045446,0.511333,0.858179,0.00772,-0.018477,0.009913,-0.616485,-2.268916,1.37209,-0.860992,0.080295,0.039492,-0.065252,-0.486852,-0.34395,-0.802915,-0.181701,-0.859223,0.478246,-0.854376,0.378726,0.355819,-0.010929,-0.032361,-0.00684,0.210516,0.120606,0.3209,-0.92506
