frame,MLTx,MLTy,MLTz,MLTR1,MLTR2,MLTR3,MLTR4,MLTR5,MLTR6,MLTR7,MLTR8,MLTR9,MLTTVx,MLTTVy,MLTTVz,MLTRVx,MLTRVy,MLTRVz,MLGA,MRTx,MRTy,MRTz,MRTR1,MRTR2,MRTR3,MRTR4,MRTR5,MRTR6,MRTR7,MRTR8,MRTR9,MRTTVx,MRTTVy,MRTTVz,MRTRVx,MRTRVy,MRTRVz,MRGA,SLTx,SLTy,SLTz,SLTR1,SLTR2,SLTR3,SLTR4,SLTR5,SLTR6,SLTR7,SLTR8,SLTR9,SLTTVx,SLTTVy,SLTTVz,SLTRVx,SLTRVy,SLTRVz,SLGA,SRTx,SRTy,SRTz,SRTR1,SRTR2,SRTR3,SRTR4,SRTR5,SRTR6,SRTR7,SRTR8,SRTR9,SRTTVx,SRTTVy,SRTTVz,SRTRVx,SRTRVy,SRTRVz,SRGA
294,0.155017,-0.038071,0.295672,-0.253952,0.463038,-0.849205,-0.8455,-0.532621,-0.037636,-0.469424,0.707868,0.527818,5e-05,0.000433,0.000557,0.0,0.0,-0.0,-1.916792,-0.141779,-0.013615,0.29232,-0.422092,-0.523105,0.740399,0.865246,-0.47603,0.157097,0.270784,0.707585,0.652581,0.031899,-0.014562,0.021135,-0.066924,-0.027711,0.044959,0.126714,0.055839,0.035169,-0.022226,0.491893,0.541553,0.681733,-0.822193,0.546522,0.159094,-0.286425,-0.638774,0.714092,0.015306,-0.001725,0.006522,-0.030828,-0.020773,0.04136,-0.08177,0.076289,0.023218,-0.069831,0.394371,-0.476799,-0.785578,0.805495,0.590831,0.04577,0.442321,-0.65083,0.617066,2.5e-05,0.000236,0.0003,-0.000418,-0.000216,-8.9e-05,-1.138481
295,0.155016,-0.038118,0.295696,-0.254054,0.463036,-0.849176,-0.845541,-0.532566,-0.037492,-0.469295,0.707911,0.527875,-4e-05,-0.00034,-0.000437,0.0,0.0,0.0,-1.916387,-0.141137,-0.013783,0.292656,-0.422964,-0.523043,0.739945,0.865145,-0.475794,0.158362,0.269742,0.707789,0.652791,0.031932,-0.014832,0.020788,-0.066917,-0.027811,0.044905,0.16017,0.056149,0.035087,-0.022061,0.49273,0.541383,0.681264,-0.822033,0.546402,0.16033,-0.285444,-0.639021,0.714263,0.015945,-0.007266,0.010553,-0.065596,-0.027486,0.046245,-0.030823,0.076289,0.023196,-0.069818,0.394466,-0.476787,-0.785537,0.805523,0.590781,0.045924,0.442185,-0.650884,0.617107,-4.5e-05,-0.005839,0.003753,-0.035762,0.013442,-0.017949,-1.138317
296,0.155038,-0.038146,0.295693,-0.25408,0.46304,-0.849166,-0.84556,-0.532538,-0.037447,-0.469245,0.707929,0.527894,-6.6e-05,-0.000564,-0.000726,0.0,0.0,0.0,-1.916724,-0.139841,-0.014324,0.293406,-0.424419,-0.522966,0.739166,0.865208,-0.47478,0.161034,0.26724,0.708527,0.653021,0.046842,-0.013467,0.020277,-0.064858,-0.043222,0.074037,0.235117,0.056821,0.03481,-0.021674,0.494235,0.541105,0.680394,-0.821992,0.545623,0.163166,-0.282949,-0.639921,0.71445,0.023415,-0.006768,0.010078,-0.063967,-0.043017,0.074914,0.069601,0.076299,0.023181,-0.06982,0.394488,-0.476791,-0.785524,0.805543,0.590751,0.045972,0.44213,-0.650909,0.61712,-4.6e-05,-0.000381,-0.000491,-0.000117,-1.4e-05,9.6e-05,-1.138644
297,0.155096,-0.038149,0.29569,-0.253672,0.463088,-0.849261,-0.845648,-0.532376,-0.037765,-0.469307,0.70802,0.527718,-0.0,-0.0,-0.0,0.004953,-0.101814,0.170786,-1.916873,-0.138467,-0.015032,0.294249,-0.425784,-0.522925,0.738409,0.865437,-0.473357,0.163966,0.264304,0.709509,0.653148,0.033439,-0.027251,0.027211,-0.105406,-0.003649,0.001609,0.304248,0.057495,0.034467,-0.021261,0.495579,0.540891,0.679586,-0.822132,0.544512,0.166144,-0.280177,-0.641048,0.714533,0.016011,-0.007677,0.010011,-0.066269,-0.02809,0.045255,0.170678,0.076329,0.023178,-0.069824,0.394235,-0.476849,-0.785616,0.805637,0.590637,0.04578,0.442184,-0.650969,0.617017,-1e-06,3e-06,4e-06,-8.1e-05,-1.2e-05,5e-05,-1.138644
298,0.155201,-0.038159,0.295677,-0.253478,0.463122,-0.849301,-0.845691,-0.532297,-0.037922,-0.469335,0.708057,0.527642,-0.0,-2e-06,-2e-06,0.0,0.0,0.0,-1.916832,-0.137133,-0.015863,0.295193,-0.426972,-0.522939,0.737713,0.865842,-0.471544,0.167025,0.261038,0.710706,0.653161,0.032139,-0.015813,0.019481,-0.068889,-0.012872,0.020393,0.328069,0.058162,0.034048,-0.020786,0.496733,0.54076,0.678847,-0.822511,0.542949,0.169352,-0.277001,-0.642483,0.714482,0.016705,-0.013288,0.013964,-0.102934,-0.019579,0.025899,0.229789,0.076381,0.023173,-0.06983,0.393912,-0.476925,-0.785732,0.805756,0.590494,0.045531,0.442255,-0.651043,0.616888,-0.0,4e-06,4e-06,-4.7e-05,-5e-06,4.4e-05,-1.138808
299,0.15526,-0.038162,0.295674,-0.253359,0.463142,-0.849326,-0.845718,-0.532248,-0.038018,-0.469352,0.708081,0.527596,-0.0,-0.0,-0.0,0.0,0.0,0.0,-1.91667,-0.136511,-0.016321,0.295684,-0.427325,-0.522971,0.737486,0.866174,-0.470424,0.168457,0.25935,0.711425,0.65305,0.033535,-0.027217,0.027193,-0.105364,-0.004326,0.001214,0.347356,0.058461,0.033829,-0.020551,0.497063,0.540745,0.678617,-0.822832,0.542006,0.170807,-0.275452,-0.64329,0.714354,0.00931,-0.014458,0.01364,-0.107047,0.011011,-0.027724,0.250037,0.07641,0.023172,-0.069832,0.393798,-0.476955,-0.785771,0.805798,0.590443,0.045442,0.44228,-0.651068,0.616845,-1e-06,3e-06,3e-06,-4.2e-05,-6e-06,4.4e-05,-1.139134
300,0.155377,-0.03817,0.29568,-0.255853,0.461676,-0.849376,-0.842618,-0.537129,-0.0382,-0.47355,0.70535,0.527502,0.01572,0.000402,0.000531,0.001703,-0.029467,0.0543,-1.916489,-0.135522,-0.01709,0.296555,-0.42785,-0.523049,0.737126,0.866773,-0.468453,0.170852,0.256463,0.712669,0.652835,0.017188,-0.016277,0.021029,-0.068889,-0.013523,0.01515,0.356863,0.058974,0.033431,-0.020109,0.497608,0.540748,0.678216,-0.82345,0.540231,0.173434,-0.272609,-0.644779,0.714102,0.008599,-0.008339,0.01026,-0.070679,0.001994,-0.008881,0.284818,0.076463,0.023165,-0.069831,0.396226,-0.475299,-0.785554,0.802404,0.595107,0.044655,0.446264,-0.648025,0.617179,-1e-06,2e-06,2e-06,-0.000342,-0.000157,-4.8e-05,-1.139461
301,0.155483,-0.038177,0.295688,-0.255633,0.461715,-0.849421,-0.84268,-0.537021,-0.038364,-0.47356,0.705407,0.527417,1.8e-05,0.000153,0.000197,0.0,0.0,0.0,-1.916965,-0.1348,-0.017775,0.29742,-0.428237,-0.523162,0.736821,0.867365,-0.466567,0.172989,0.253794,0.713822,0.652617,0.017189,-0.016107,0.021216,-0.070891,0.001739,-0.009201,0.345685,0.059335,0.03309,-0.019676,0.498011,0.540804,0.677875,-0.824052,0.538566,0.175738,-0.270041,-0.646124,0.713863,0.008533,-0.00759,0.01114,-0.068716,-0.013604,0.015188,0.283838,0.076522,0.023164,-0.069825,0.395971,-0.475367,-0.785641,0.802514,0.594973,0.044476,0.446293,-0.648099,0.617081,1e-05,9.4e-05,0.000119,-0.000122,1.1e-05,9.5e-05,-1.137338
302,0.15553,-0.038187,0.295691,-0.255553,0.461732,-0.849436,-0.84271,-0.536969,-0.038415,-0.473549,0.705436,0.527389,0.0,2e-06,3e-06,0.0,0.0,0.0,-1.916279,-0.134568,-0.018081,0.297874,-0.428253,-0.523239,0.736758,0.867722,-0.465569,0.173891,0.252544,0.714419,0.65245,0.00211,-0.016034,0.023456,-0.070918,0.001506,-0.014195,0.333919,0.05945,0.03294,-0.019462,0.498023,0.540869,0.677814,-0.82442,0.537693,0.176683,-0.268894,-0.646796,0.713687,0.001058,-0.008184,0.011521,-0.07079,0.001534,-0.014096,0.27649,0.076545,0.023159,-0.069822,0.395894,-0.475391,-0.785665,0.802556,0.594919,0.044432,0.446285,-0.648131,0.617053,-1e-06,-5e-06,-1.1e-05,-0.000105,-1.3e-05,6.9e-05,-1.136358
303,0.1556,-0.038257,0.295737,-0.258269,0.460234,-0.849427,-0.839622,-0.541791,-0.038326,-0.477538,0.702726,0.52741,0.0,0.0,0.0,8e-06,0.0,-5e-06,-1.917101,-0.134323,-0.018653,0.298826,-0.427297,-0.525711,0.735552,0.868854,-0.463574,0.173566,0.250255,0.713903,0.653895,0.00196,-0.014542,0.025191,0.141602,-0.37679,-0.269566,0.310566,0.059573,0.032653,-0.018986,0.497833,0.541066,0.677797,-0.825283,0.535778,0.178463,-0.266588,-0.648219,0.713261,0.000948,-0.007117,0.012771,-0.070821,0.001484,-0.014194,0.2502,0.07658,0.023124,-0.0698,0.398486,-0.473701,-0.785376,0.799157,0.599518,0.043878,0.450062,-0.645124,0.617461,-4e-06,-0.005535,0.004137,-0.036521,0.012685,-0.018804,-1.136521
304,0.155635,-0.038402,0.295854,-0.260902,0.458738,-0.849432,-0.836651,-0.54638,-0.038161,-0.481301,0.70015,0.527414,9e-06,8e-05,0.000103,0.001027,4.6e-05,-0.000637,-1.916947,-0.134213,-0.019019,0.299908,-0.427598,-0.525893,0.735247,0.869375,-0.461917,0.175369,0.247915,0.714844,0.653758,0.014919,0.00391,0.023471,-0.030367,-0.037433,0.058632,0.30314,0.059629,0.032456,-0.018454,0.497424,0.543494,0.676152,-0.826285,0.534235,0.178451,-0.264237,-0.647461,0.714822,0.000699,-0.004675,0.015608,-0.071458,-0.010335,0.011957,0.229952,0.076592,0.023056,-0.069744,0.401002,-0.472013,-0.785111,0.795869,0.603909,0.043423,0.45364,-0.642258,0.61783,6e-06,5.7e-05,6.8e-05,0.010187,-0.000454,-0.008093,-1.136195
305,0.155636,-0.038521,0.295954,-0.258322,0.458878,-0.850145,-0.836742,-0.546067,-0.04056,-0.482535,0.700302,0.526084,3e-06,-0.010952,0.008442,-0.034622,0.012379,-0.016624,-1.916477,-0.134208,-0.019113,0.300479,-0.427718,-0.525981,0.735115,0.869613,-0.461164,0.176164,0.246868,0.715265,0.653693,0.001235,-0.007409,0.033429,-0.068909,-0.013823,0.010126,0.301645,0.059638,0.032411,-0.018159,0.497593,0.543529,0.675999,-0.826517,0.533565,0.17938,-0.263191,-0.647984,0.714735,0.000579,-0.003511,0.016941,-0.082873,0.091624,-0.157925,0.225543,0.076598,0.022996,-0.069694,0.398481,-0.472371,-0.786179,0.79631,0.603497,0.041009,0.455085,-0.642384,0.616636,2e-06,-0.005468,0.004226,-0.036367,0.013417,-0.017942,-1.135705
306,0.155639,-0.038848,0.296277,-0.256572,0.457587,-0.85137,-0.833692,-0.550397,-0.04464,-0.488707,0.697756,0.523764,0.000173,-0.009471,0.010346,1.262403,-1.391627,1.974469,-1.916894,-0.134251,-0.019219,0.301734,-0.426917,-0.53071,0.732175,0.870553,-0.46012,0.174246,0.244931,0.712443,0.657493,-0.000353,0.005859,0.027702,0.062241,-0.19065,-0.082833,0.305022,0.059616,0.032355,-0.017526,0.497128,0.547685,0.672981,-0.827508,0.532524,0.177897,-0.260947,-0.645335,0.717947,0.000455,-0.002313,0.018269,0.081173,-0.263655,-0.148722,0.22391,0.0766,0.02283,-0.069536,0.399247,-0.470917,-0.786663,0.793327,0.607549,0.038934,0.459602,-0.639625,0.616153,0.0001,-0.004577,0.005377,-0.037141,0.000506,0.004295,-1.133746
307,0.155622,-0.039318,0.296753,-0.255604,0.457494,-0.851711,-0.827446,-0.559102,-0.05206,-0.499701,0.690867,0.522521,-0.015463,-0.019977,0.019355,5.026441,-0.091219,-2.35634,-1.916422,-0.134275,-0.019177,0.303103,-0.426599,-0.535397,0.728941,0.871253,-0.45941,0.172612,0.242984,0.709391,0.661503,0.000631,-0.001468,0.039989,-0.0114,-0.127502,-0.030786,0.301344,0.059604,0.032377,-0.016849,0.496809,0.552787,0.669033,-0.828423,0.531811,0.17576,-0.258641,-0.641562,0.72215,-0.000387,0.004789,0.015904,0.015428,-0.12931,-0.011872,0.224237,0.076591,0.022593,-0.069292,0.39535,-0.471771,-0.788117,0.788835,0.613958,0.028192,0.470571,-0.63284,0.614878,-0.007757,-0.010069,0.009678,5.069739,-0.149293,-2.300418,-1.126234
308,0.155643,-0.039881,0.297365,-0.256613,0.458723,-0.850746,-0.825011,-0.562459,-0.054491,-0.503194,0.68732,0.523846,0.000333,-0.008072,0.012139,-0.034653,-0.000245,0.007314,-1.916735,-0.134189,-0.019103,0.30461,-0.424535,-0.546793,0.72165,0.87275,-0.459107,0.165719,0.241215,0.700851,0.671182,0.00056,-0.000821,0.040517,0.127316,-0.361054,-0.218968,0.299037,0.059647,0.032418,-0.01609,0.495465,0.562953,0.661512,-0.830084,0.531198,0.169669,-0.255878,-0.633176,0.730488,0.007604,0.001096,0.020927,0.226679,-0.534242,-0.247421,0.219501,0.076602,0.02232,-0.069001,0.396916,-0.472461,-0.786916,0.785423,0.61846,0.024843,0.474939,-0.627923,0.616559,0.000143,-0.009655,0.010108,-0.076964,0.015916,-0.042195,-1.117906
309,0.155638,-0.04013,0.297687,-0.257136,0.459962,-0.849918,-0.822108,-0.56636,-0.057846,-0.507655,0.683277,0.52483,0.000437,-0.007163,0.013302,0.016271,0.073253,0.02502,-1.916382,-0.134161,-0.019085,0.305419,-0.423165,-0.553571,0.717273,0.873665,-0.458894,0.16143,0.240302,0.695655,0.676891,0.000454,0.000191,0.041549,0.29442,-0.667126,-0.385286,0.298268,0.059661,0.032427,-0.01567,0.494648,0.568465,0.657397,-0.831064,0.530695,0.166418,-0.254275,-0.628657,0.734938,0.000193,0.000155,0.020839,0.278655,-0.647941,-0.376564,0.218522,0.076599,0.022185,-0.068829,0.397467,-0.473726,-0.785877,0.78273,0.622009,0.020929,0.478908,-0.623448,0.618028,0.000215,-0.003531,0.006713,0.005781,0.053143,0.013368,-1.120845
310,0.155647,-0.040559,0.2984,-0.25497,0.464062,-0.84834,-0.819702,-0.569066,-0.064993,-0.512613,0.678237,0.526545,0.000592,-0.005803,0.015031,-0.021562,0.071808,0.048967,-1.916174,-0.134041,-0.019186,0.30721,-0.422846,-0.562586,0.710415,0.874583,-0.458453,0.157668,0.237502,0.688685,0.684959,0.015144,0.002854,0.042237,-0.01742,-0.12724,0.00952,0.294331,0.059716,0.032377,-0.01479,0.493874,0.579223,0.648528,-0.832644,0.529963,0.160755,-0.250583,-0.619386,0.744021,0.000827,-0.004937,0.025309,-0.097238,-0.054336,-0.018055,0.213949,0.076603,0.021979,-0.068486,0.395366,-0.477923,-0.784394,0.781074,0.624295,0.013317,0.483329,-0.617935,0.620119,0.000324,-0.002559,0.007953,-0.028096,0.080171,0.052225,-1.125908
311,0.155684,-0.040838,0.299087,-0.251068,0.467135,-0.847817,-0.820807,-0.566952,-0.069375,-0.512775,0.677894,0.526829,0.00071,-0.004758,0.016347,-0.028917,-0.096691,0.181205,-1.916439,-0.133899,-0.019473,0.309045,-0.423155,-0.571506,0.703073,0.875317,-0.45809,0.15462,0.234217,0.68155,0.693177,0.016671,-0.010012,0.048197,-0.047649,-0.196731,0.142272,0.298055,0.059785,0.032246,-0.013889,0.494354,0.587425,0.640737,-0.833574,0.529391,0.157792,-0.24651,-0.612107,0.751369,0.000196,5.5e-05,0.020504,-0.04338,-0.084964,-0.009567,0.214929,0.076622,0.021834,-0.068133,0.39178,-0.481191,-0.784195,0.782926,0.622041,0.009455,0.483252,-0.617672,0.620441,0.008149,-0.002775,0.007668,-0.041317,-0.033215,0.028698,-1.126071
312,0.15571,-0.040923,0.299416,-0.250202,0.46987,-0.846561,-0.8215,-0.565713,-0.071258,-0.51209,0.677035,0.528596,0.000732,-0.004554,0.016595,-0.030714,0.021914,0.020056,-1.916035,-0.133842,-0.019697,0.309973,-0.423447,-0.573791,0.701033,0.875669,-0.457376,0.154738,0.232361,0.68011,0.695213,0.001953,-0.012278,0.047631,-0.066807,-0.162758,0.159543,0.298804,0.059819,0.032136,-0.013423,0.494718,0.589457,0.638587,-0.833974,0.528673,0.158086,-0.244419,-0.610773,0.753136,0.000937,-0.006062,0.023906,-0.099465,-0.038949,-0.002601,0.216236,0.076635,0.021794,-0.067974,0.390832,-0.484061,-0.782901,0.783972,0.620749,0.007563,0.482324,-0.616728,0.622099,0.000339,-0.002427,0.008106,-0.041006,-0.002649,0.010474,-1.121825
313,0.155735,-0.040989,0.29992,-0.24886,0.472686,-0.845389,-0.822414,-0.564112,-0.07338,-0.511278,0.676408,0.530182,0.000608,0.005347,0.006793,0.001237,-0.011645,0.026535,-1.916702,-0.133711,-0.020189,0.311805,-0.424748,-0.578899,0.696029,0.876487,-0.455236,0.156409,0.226827,0.677215,0.699852,0.002003,-0.012796,0.046897,-0.007859,-0.175351,-0.117805,0.295085,0.059879,0.031888,-0.012509,0.496538,0.593209,0.633681,-0.834627,0.526812,0.160829,-0.238426,-0.608745,0.756691,0.000961,-0.006308,0.023549,0.091027,-0.324229,-0.1718,0.21395,0.076648,0.021756,-0.067712,0.389513,-0.486799,-0.78186,0.785307,0.619079,0.005781,0.48122,-0.616252,0.623425,0.000326,-0.002548,0.007943,-0.040728,-0.017117,8.4e-05,-1.119703
314,0.15581,-0.040921,0.300173,-0.248129,0.475373,-0.844095,-0.822858,-0.563202,-0.075358,-0.510919,0.67528,0.531964,0.000399,0.003522,0.004466,0.000775,-0.014264,0.025031,-1.916268,-0.133548,-0.02058,0.313538,-0.424223,-0.581328,0.694322,0.877585,-0.452836,0.157219,0.223532,0.676745,0.701364,0.000655,-0.001989,0.038255,-0.040424,-0.074517,0.005664,0.292476,0.059968,0.031683,-0.011607,0.495878,0.596286,0.631306,-0.836007,0.524482,0.161279,-0.23494,-0.607751,0.758578,0.000305,-0.001078,0.019036,-0.059053,-0.049774,0.017133,0.210847,0.076686,0.021793,-0.067581,0.388777,-0.489363,-0.780624,0.786071,0.618122,0.003996,0.480566,-0.61518,0.624986,0.00015,0.001351,0.001711,-0.001532,-0.005525,-0.00269,-1.119866
315,0.155865,-0.04085,0.300247,-0.247766,0.475433,-0.844169,-0.822921,-0.563071,-0.075654,-0.510995,0.675347,0.531806,6.3e-05,0.000559,0.000708,0.0,0.0,0.0,-1.916891,-0.133337,-0.021007,0.315144,-0.424324,-0.581583,0.694047,0.878376,-0.450403,0.159765,0.220199,0.67815,0.701062,0.01709,-0.014636,0.042643,-0.103267,-0.021146,0.019794,0.283375,0.060066,0.03148,-0.01083,0.495989,0.596302,0.631203,-0.836815,0.522303,0.164132,-0.231807,-0.609608,0.758051,0.001155,-0.008172,0.02139,-0.105587,-0.004461,-0.008101,0.203009,0.076713,0.021832,-0.06754,0.388413,-0.489404,-0.78078,0.786176,0.61799,0.003733,0.480688,-0.615281,0.624793,2.1e-05,0.000206,0.000259,0.000261,-0.000107,-0.000275,-1.114967
316,0.155876,-0.040842,0.30024,-0.247726,0.475439,-0.844177,-0.822916,-0.563073,-0.075698,-0.511023,0.675341,0.531786,1e-06,1e-05,1.2e-05,0.0,0.0,0.0,-1.916405,-0.13324,-0.021205,0.315827,-0.423619,-0.583858,0.692566,0.879034,-0.449397,0.158984,0.218927,0.676863,0.702702,0.002575,-0.018379,0.040555,-0.047348,-0.096079,-0.099846,0.28181,0.060121,0.031376,-0.010457,0.495464,0.598497,0.629536,-0.837532,0.521344,0.163525,-0.230336,-0.608277,0.759567,0.001274,-0.009306,0.02015,-0.04641,-0.097597,-0.100812,0.199253,0.076719,0.021835,-0.067544,0.388378,-0.48941,-0.780794,0.786173,0.617995,0.003688,0.480722,-0.615272,0.624777,-1.2e-05,-9.5e-05,-0.00012,0.000232,-1.2e-05,-0.000208,-1.114967
317,0.155932,-0.040855,0.300189,-0.247678,0.47545,-0.844184,-0.822899,-0.563089,-0.075765,-0.511073,0.675321,0.531765,-4.9e-05,-0.000434,-0.000551,0.0,0.0,0.0,-1.915806,-0.133096,-0.021669,0.31708,-0.422351,-0.586272,0.6913,0.880272,-0.447004,0.158879,0.216379,0.676363,0.703971,0.001583,-0.010985,0.028351,0.115768,-0.326189,-0.218043,0.277258,0.060193,0.031144,-0.00983,0.494629,0.599823,0.62893,-0.838746,0.51904,0.164623,-0.227696,-0.60894,0.759832,0.000785,-0.005667,0.013984,0.223156,-0.467343,-0.281263,0.194028,0.076746,0.021826,-0.067572,0.388338,-0.489421,-0.780807,0.786158,0.618014,0.003619,0.480779,-0.615243,0.62476,-3e-05,-0.00025,-0.000318,0.000162,1e-06,-0.00013,-1.115294
318,0.15601,-0.040859,0.300118,-0.247715,0.475448,-0.844175,-0.822838,-0.563174,-0.075794,-0.511153,0.675251,0.531776,-6.9e-05,-0.00061,-0.000774,0.0,0.0,0.0,-1.916398,-0.133069,-0.022118,0.318018,-0.421955,-0.586484,0.691362,0.880999,-0.445053,0.160321,0.214179,0.677467,0.703583,-0.014095,-0.005575,0.016032,-0.036473,0.008351,-0.024145,0.268424,0.060206,0.03092,-0.009361,0.493884,0.601158,0.62824,-0.839766,0.517177,0.165289,-0.225546,-0.609209,0.760258,-0.007043,-0.003003,0.007783,-0.038299,0.011395,-0.022399,0.186027,0.076785,0.021824,-0.067609,0.388377,-0.489413,-0.780792,0.786091,0.618099,0.003578,0.480856,-0.615164,0.624779,-4.1e-05,-0.000377,-0.000481,0.000113,-3e-06,-8e-05,-1.11513
319,0.156056,-0.040866,0.300109,-0.247641,0.475465,-0.844187,-0.822854,-0.563142,-0.075854,-0.511164,0.675265,0.531748,-8e-06,-6.7e-05,-8.5e-05,0.0,0.0,0.0,-1.916737,-0.133067,-0.022296,0.318386,-0.421646,-0.586577,0.691472,0.88135,-0.444187,0.160791,0.213338,0.677955,0.703368,-0.014008,-0.006399,0.015148,-0.049613,0.107105,-0.196265,0.256913,0.060212,0.030831,-0.009185,0.49374,0.601228,0.628287,-0.840064,0.51649,0.16592,-0.224748,-0.609723,0.760082,0.001055,-0.008155,0.011323,-0.070787,0.001296,-0.014064,0.177699,0.076808,0.021819,-0.067615,0.388307,-0.489435,-0.780813,0.786116,0.618068,0.003522,0.480873,-0.615178,0.624753,-1e-06,-1.3e-05,-1.8e-05,8.5e-05,-3e-06,-8e-05,-1.114804
320,0.15615,-0.040862,0.300097,-0.247434,0.475506,-0.844225,-0.822884,-0.563074,-0.076033,-0.511215,0.675293,0.531662,-0.0,-0.0,-0.0,0.0,0.0,0.0,-1.916587,-0.133165,-0.022476,0.318781,-0.419192,-0.586199,0.693282,0.882234,-0.443092,0.158955,0.214517,0.678998,0.702002,-0.014989,0.000926,0.002934,-0.002045,0.015205,-0.029245,0.213189,0.060163,0.030739,-0.008982,0.491243,0.601164,0.630302,-0.84117,0.515252,0.164156,-0.22608,-0.610832,0.758795,0.000529,-0.004093,0.005646,-0.034577,-0.007124,0.005828,0.136223,0.076855,0.021822,-0.06762,0.388112,-0.489491,-0.780875,0.786171,0.617999,0.003353,0.480939,-0.615203,0.624676,1e-06,1e-05,1.2e-05,6.2e-05,1e-05,-3e-05,-1.115457
321,0.156198,-0.040853,0.300108,-0.247296,0.475533,-0.84425,-0.822913,-0.563016,-0.076142,-0.511235,0.675322,0.531606,1e-06,1.2e-05,1.5e-05,0.0,0.0,0.0,-1.916226,-0.133312,-0.02246,0.318802,-0.415131,-0.585232,0.696535,0.883158,-0.442848,0.15444,0.218578,0.67999,0.699785,0.000122,-0.001178,-0.00125,-0.001895,0.014274,-0.024961,0.144435,0.060084,0.030749,-0.008968,0.487277,0.600714,0.6338,-0.842324,0.514767,0.159699,-0.230326,-0.611683,0.75683,-0.008022,0.004462,-0.004277,0.033147,0.00605,-0.007757,0.062742,0.076879,0.021827,-0.067614,0.387982,-0.489527,-0.780917,0.786217,0.617941,0.003251,0.480969,-0.615232,0.624625,-0.0,2e-06,2e-06,3.9e-05,-2e-06,-3.1e-05,-1.114314
322,0.156221,-0.040854,0.300107,-0.247248,0.475543,-0.844258,-0.822924,-0.562996,-0.07618,-0.511242,0.675332,0.531588,0.0,0.0,0.0,0.0,0.0,0.0,-1.916459,-0.133578,-0.022409,0.318576,-0.408615,-0.583758,0.701607,0.884539,-0.442604,0.147059,0.225181,0.681415,0.696298,-0.014406,-0.004704,-0.00305,0.387418,0.545999,-0.53351,0.057144,0.059957,0.030771,-0.009079,0.482908,0.600301,0.637524,-0.843531,0.514332,0.154651,-0.235063,-0.612454,0.754747,-0.000515,0.003906,-0.00584,0.035703,-0.008497,0.020805,-0.035722,0.076891,0.021826,-0.067615,0.387936,-0.489541,-0.780931,0.786233,0.61792,0.003216,0.480979,-0.615242,0.624608,2e-06,-2e-06,-7e-06,2.5e-05,-1e-05,-4.5e-05,-1.114804
323,0.15621,-0.040853,0.300108,-0.247272,0.475538,-0.844254,-0.822918,-0.563006,-0.076161,-0.511238,0.675327,0.531597,0.0,0.0,0.0,0.0,0.0,0.0,-1.916528,-0.13371,-0.022338,0.318413,-0.408448,-0.583742,0.701717,0.884505,-0.442808,0.146646,0.225616,0.681296,0.696273,-0.01577,0.006335,-0.011313,0.034326,0.00764,-0.009469,-0.003307,0.059885,0.030805,-0.009169,0.480753,0.600071,0.639367,-0.844048,0.514276,0.151989,-0.237607,-0.612726,0.753729,-0.00787,0.003066,-0.005762,0.033532,0.006545,-0.008349,-0.108223,0.076885,0.021826,-0.067614,0.387959,-0.489534,-0.780924,0.786225,0.617931,0.003234,0.480974,-0.615237,0.624616,2e-06,-1e-06,-7e-06,3e-05,-8e-06,-3.9e-05,-1.114804
324,0.15621,-0.040848,0.300115,-0.247251,0.475541,-0.844259,-0.822923,-0.562998,-0.076177,-0.511241,0.675332,0.531588,2.4e-05,0.000214,0.000271,0.0,0.0,0.0,-1.916559,-0.133974,-0.02204,0.317889,-0.408109,-0.583662,0.701981,0.884291,-0.443649,0.14539,0.227068,0.680816,0.696271,-0.002241,0.017377,-0.021517,0.072751,-0.015222,0.0395,-0.125566,0.059754,0.030948,-0.009422,0.480407,0.600042,0.639654,-0.84386,0.514964,0.150701,-0.238972,-0.612177,0.753744,-0.00039,0.002749,-0.007071,0.021414,0.105646,-0.177083,-0.241631,0.076885,0.021829,-0.067611,0.387939,-0.489539,-0.780931,0.786232,0.617922,0.003219,0.480979,-0.615242,0.624608,1.7e-05,0.000138,0.000171,2.5e-05,1e-06,-4e-05,-1.113987
325,0.156211,-0.040842,0.300121,-0.24723,0.475544,-0.844263,-0.822927,-0.562989,-0.076193,-0.511245,0.675337,0.531579,0.0,2e-06,3e-06,0.0,0.0,0.0,-1.916438,-0.134274,-0.021555,0.316981,-0.405215,-0.58304,0.704171,0.884462,-0.444765,0.14087,0.231548,0.680619,0.694986,-0.001784,0.012886,-0.026313,0.070858,-0.000956,0.014536,-0.328824,0.059603,0.031196,-0.00987,0.47759,0.599778,0.642007,-0.844165,0.515785,0.146118,-0.2435,-0.611744,0.752645,-0.008878,0.01075,-0.017597,0.104069,0.005147,0.006379,-0.400023,0.076886,0.021832,-0.067607,0.38792,-0.489543,-0.780938,0.786238,0.617914,0.003204,0.480984,-0.615246,0.624599,-0.0,-7e-06,-1.1e-05,2.3e-05,-2e-06,-2.8e-05,-1.114967
326,0.156212,-0.040837,0.300128,-0.247209,0.475547,-0.844267,-0.822932,-0.562981,-0.076209,-0.511248,0.675342,0.53157,1.5e-05,0.000131,0.000167,0.0,0.0,0.0,-1.916333,-0.134491,-0.021179,0.316307,-0.400969,-0.581927,0.707514,0.884867,-0.445782,0.134989,0.237327,0.680905,0.692753,-0.017613,0.019865,-0.036969,0.103579,0.021305,-0.02028,-0.53813,0.059494,0.03139,-0.010216,0.473404,0.599196,0.64564,-0.844774,0.516453,0.140114,-0.249487,-0.611751,0.750677,-0.008772,0.009751,-0.018669,0.098465,0.01484,-0.014535,-0.535391,0.076886,0.021834,-0.067604,0.3879,-0.489548,-0.780945,0.786245,0.617906,0.003189,0.480989,-0.615251,0.624591,8e-06,6.4e-05,8e-05,2.3e-05,1e-06,-2e-05,-1.113987
327,0.156222,-0.04084,0.300108,-0.247211,0.475547,-0.844267,-0.822918,-0.562999,-0.076221,-0.511269,0.675326,0.531568,-1.3e-05,-0.000112,-0.000142,0.0,0.0,0.0,-1.916727,-0.135186,-0.020168,0.314347,-0.377392,-0.576071,0.725058,0.887637,-0.448061,0.10618,0.264156,0.684376,0.679495,-0.019512,0.033933,-0.062118,0.564575,0.556687,-0.505778,-1.244923,0.05916,0.031875,-0.011143,0.45239,0.596519,0.662954,-0.848383,0.517027,0.113709,-0.274935,-0.613879,0.739974,-0.009043,0.011301,-0.02708,0.134855,0.02502,-0.023847,-0.825722,0.076891,0.021833,-0.067614,0.387903,-0.489547,-0.780944,0.786231,0.617923,0.003174,0.48101,-0.615234,0.624592,-8e-06,-8.2e-05,-0.000104,9e-06,-5e-06,-2.1e-05,-1.114151
328,0.156256,-0.040844,0.300086,-0.247165,0.475557,-0.844275,-0.822914,-0.562998,-0.076272,-0.511297,0.675321,0.531548,-1.5e-05,-0.000133,-0.000169,0.0,0.0,0.0,-1.916028,-0.135761,-0.018798,0.311797,-0.359883,-0.570532,0.73822,0.889175,-0.449257,0.086422,0.282774,0.688217,0.668026,-0.020552,0.04192,-0.073763,0.179523,0.22266,-0.321868,-1.404901,0.058866,0.032566,-0.012442,0.433427,0.592734,0.678827,-0.851099,0.51686,0.092112,-0.29626,-0.617673,0.728497,-0.002869,0.021622,-0.037122,0.205514,0.079252,-0.128246,-0.988196,0.076908,0.02183,-0.067626,0.387859,-0.48956,-0.780957,0.786234,0.61792,0.003123,0.481041,-0.615227,0.624575,-8e-06,-7.4e-05,-9.7e-05,3e-06,-1.1e-05,-1.6e-05,-1.114477
329,0.156327,-0.040817,0.30007,-0.246952,0.475593,-0.844317,-0.822918,-0.562963,-0.07648,-0.511394,0.675324,0.531452,0.01573,0.000436,0.000534,0.001729,-0.029165,0.054477,-1.91681,-0.136295,-0.01733,0.308825,-0.359438,-0.568563,0.739953,0.88972,-0.447823,0.088247,0.281624,0.690777,0.665867,-0.020114,0.037361,-0.078933,0.100437,0.360456,-0.225019,-1.406365,0.058598,0.033301,-0.013926,0.433004,0.591262,0.680379,-0.851684,0.515556,0.093997,-0.295197,-0.620169,0.726807,-0.009953,0.018038,-0.04015,0.084574,0.322459,-0.050739,-0.934636,0.076938,0.021842,-0.067637,0.387699,-0.489602,-0.781011,0.786253,0.617897,0.002952,0.48114,-0.615216,0.624509,-2e-06,7e-06,9e-06,5e-06,-6e-06,-1.5e-05,-1.11464
330,0.15635,-0.040801,0.300056,-0.246871,0.475605,-0.844333,-0.822908,-0.562967,-0.07657,-0.51145,0.675313,0.531412,2e-06,1.6e-05,2e-05,0.0,0.0,0.0,-1.916513,-0.136619,-0.016601,0.307231,-0.366341,-0.564357,0.739788,0.888689,-0.447685,0.098709,0.275924,0.694304,0.664584,-0.020099,0.037157,-0.07929,-0.491277,0.151618,0.726236,-1.406587,0.058438,0.033649,-0.014696,0.437094,0.588115,0.680491,-0.850811,0.515714,0.100788,-0.291665,-0.623023,0.72579,-0.009299,0.012674,-0.03595,0.090935,0.297436,-0.107244,-0.966151,0.076956,0.021852,-0.06764,0.38758,-0.489632,-0.781051,0.786269,0.617877,0.002829,0.481209,-0.615213,0.62446,-1e-06,8e-06,9e-06,1.1e-05,1e-06,-8e-06,-1.11464
331,0.156409,-0.040771,0.300027,-0.246831,0.475612,-0.844341,-0.822862,-0.563021,-0.076657,-0.511542,0.675262,0.531387,0.0,0.0,0.0,0.0,0.0,0.0,-1.91643,-0.13721,-0.015341,0.304224,-0.374502,-0.552011,0.744999,0.885199,-0.451871,0.110317,0.276197,0.701471,0.6569,-0.018539,0.023501,-0.074315,-0.172434,0.680829,0.402513,-1.40732,0.058133,0.034307,-0.01626,0.446412,0.575268,0.685407,-0.846121,0.520629,0.114119,-0.291194,-0.630881,0.719161,-0.009206,0.011573,-0.037343,-0.133996,0.632401,0.3742,-0.966152,0.076985,0.021867,-0.067655,0.387541,-0.489643,-0.781063,0.786232,0.617925,0.002733,0.4813,-0.615157,0.624444,2e-06,-1e-06,-4e-06,-0.005131,0.099756,-0.172001,-1.114804
332,0.156421,-0.040771,0.300027,-0.246663,0.47564,-0.844375,-0.822897,-0.562952,-0.076788,-0.511567,0.6753,0.531314,0.0,0.0,0.0,0.0,0.0,0.0,-1.916144,-0.137875,-0.014424,0.301188,-0.370805,-0.544637,0.75224,0.889128,-0.441997,0.11842,0.268437,0.713424,0.647172,-0.018322,0.020724,-0.077867,-0.00821,0.363061,0.191129,-1.407341,0.057807,0.034758,-0.017748,0.442929,0.567442,0.694134,-0.850175,0.511626,0.124253,-0.284631,-0.645171,0.70904,-0.009075,0.009923,-0.039407,-0.054164,0.360141,0.38471,-0.960763,0.076991,0.021867,-0.067655,0.387381,-0.489684,-0.781117,0.786288,0.617853,0.002613,0.481337,-0.615196,0.624377,0.0,-1e-06,-2e-06,1.3e-05,3e-06,-7e-06,-1.114804
333,0.156421,-0.040771,0.300027,-0.246663,0.47564,-0.844375,-0.822897,-0.562952,-0.076788,-0.511567,0.6753,0.531314,0.0,0.0,0.0,0.0,0.0,0.0,-1.916415,-0.138227,-0.014155,0.299702,-0.371621,-0.540425,0.754872,0.889957,-0.438739,0.124175,0.264531,0.718618,0.643021,-0.016855,0.007714,-0.072214,-0.009096,0.302715,0.086253,-1.407481,0.057631,0.034898,-0.018493,0.443754,0.563063,0.697167,-0.850848,0.508937,0.130534,-0.281315,-0.651109,0.704924,-0.008381,0.00388,-0.036055,-0.045789,0.322113,0.113702,-0.959293,0.076991,0.021867,-0.067655,0.387381,-0.489684,-0.781117,0.786288,0.617853,0.002613,0.481337,-0.615196,0.624377,0.0,-0.0,-2e-06,9e-06,6e-06,-1.1e-05,-1.115294
334,0.156409,-0.040779,0.300034,-0.246703,0.475633,-0.844367,-0.822902,-0.562951,-0.076743,-0.51154,0.675306,0.531334,0.0,0.0,0.0,0.0,0.0,0.0,-1.916841,-0.138807,-0.013923,0.296928,-0.376808,-0.534989,0.75617,0.889457,-0.436738,0.134387,0.258806,0.723882,0.639436,-0.016936,0.007807,-0.072693,0.117962,-0.004266,0.131556,-1.407075,0.057335,0.035013,-0.019911,0.44877,0.55702,0.698808,-0.849856,0.5078,0.141005,-0.276313,-0.657166,0.701272,-0.008419,0.003852,-0.036388,0.162743,-0.05443,0.094636,-0.955701,0.076985,0.021863,-0.067651,0.387419,-0.489674,-0.781104,0.786287,0.617854,0.002658,0.481307,-0.615203,0.624394,1e-06,0.0,-2e-06,1.1e-05,-3e-06,-7e-06,-1.115784
335,0.156409,-0.040779,0.300034,-0.246847,0.475611,-0.844337,-0.822872,-0.56301,-0.076632,-0.511518,0.675272,0.531398,0.0,0.0,0.0,0.0,0.0,0.0,-1.916507,-0.139266,-0.014041,0.29461,-0.38422,-0.531477,0.754916,0.886555,-0.440445,0.141287,0.257871,0.724218,0.639432,-0.014822,-0.009454,-0.051291,0.074886,-0.044774,0.080941,-1.40639,0.057112,0.034949,-0.02106,0.455703,0.553207,0.697348,-0.846431,0.511764,0.147142,-0.275478,-0.657311,0.701464,-0.007385,-0.004574,-0.025449,0.092515,-0.065251,0.065204,-0.955211,0.076985,0.021863,-0.067652,0.387557,-0.489641,-0.781057,0.786239,0.617915,0.002761,0.481275,-0.615168,0.624452,1e-06,1e-06,-2e-06,1e-06,-5e-06,-2e-05,-1.115457
336,0.156409,-0.040774,0.30004,-0.246682,0.475637,-0.844371,-0.822907,-0.562942,-0.076759,-0.511543,0.675311,0.531325,8e-06,6.9e-05,8.7e-05,0.0,0.0,0.0,-1.916835,-0.139652,-0.014469,0.292954,-0.387619,-0.529205,0.754775,0.884738,-0.443311,0.14369,0.259025,0.72413,0.639065,0.000844,-0.013881,-0.037775,0.042305,-0.054635,0.088731,-1.404813,0.056914,0.034736,-0.021895,0.45884,0.550873,0.69714,-0.844339,0.514663,0.149041,-0.27669,-0.657008,0.701271,-0.007044,-0.007036,-0.017945,0.044765,-0.059956,0.079957,-0.956517,0.076985,0.021866,-0.067648,0.3874,-0.489679,-0.781111,0.786294,0.617846,0.002643,0.481312,-0.615207,0.624385,5e-06,3.9e-05,4.9e-05,7e-06,1e-06,-7e-06,-1.115784
337,0.156409,-0.040766,0.300034,-0.246666,0.475638,-0.844375,-0.822896,-0.562954,-0.076784,-0.511567,0.6753,0.531315,0.0,1e-06,1e-06,0.0,0.0,0.0,-1.9163,-0.139873,-0.01481,0.292358,-0.387963,-0.529237,0.754576,0.884511,-0.443769,0.143675,0.259287,0.723826,0.639303,-0.013077,-0.022908,-0.025268,0.005845,-0.046282,0.064541,-1.395218,0.056809,0.034565,-0.022202,0.459171,0.550907,0.696894,-0.844081,0.515115,0.148941,-0.276928,-0.656625,0.701536,-0.006544,-0.011087,-0.012189,-0.006466,0.045918,-0.078512,-0.95766,0.076985,0.02187,-0.067651,0.387384,-0.489681,-0.781117,0.786287,0.617855,0.002616,0.481337,-0.615196,0.624377,-0.0,-5e-06,-6e-06,1e-05,1.4e-05,-8e-06,-1.115947
338,0.156408,-0.040785,0.300027,-0.246724,0.47563,-0.844362,-0.822898,-0.562959,-0.076727,-0.511536,0.675301,0.531343,-6e-06,-5e-05,-6.4e-05,0.0,0.0,0.0,-1.917129,-0.140166,-0.015463,0.291705,-0.392443,-0.530505,0.751362,0.883649,-0.444,0.148201,0.255456,0.722757,0.64205,-0.014163,-0.01061,-0.010651,-1.130692,-1.806756,1.687741,-0.760702,0.056664,0.034224,-0.022546,0.461578,0.55132,0.694975,-0.843486,0.515384,0.151363,-0.27473,-0.656068,0.70292,0.000357,-0.004084,-0.004905,0.004923,-0.104097,0.151895,-0.815598,0.076984,0.02186,-0.067655,0.38744,-0.489669,-0.781097,0.78628,0.617863,0.002673,0.481303,-0.615197,0.624402,-2e-06,-2.3e-05,-3e-05,0.0,-5e-06,-1e-05,-1.11562
339,0.156421,-0.040771,0.300027,-0.246663,0.47564,-0.844375,-0.822897,-0.562952,-0.076788,-0.511567,0.6753,0.531314,1e-06,8e-06,1.1e-05,0.0,0.0,0.0,-1.916377,-0.140174,-0.015716,0.291695,-0.413951,-0.538175,0.73417,0.87871,-0.446679,0.168171,0.237933,0.715403,0.656848,0.001285,-0.010982,0.008228,-0.016297,-0.142329,0.141577,-0.129293,0.056655,0.034101,-0.022554,0.484715,0.556808,0.674548,-0.83695,0.519296,0.172759,-0.254097,-0.648302,0.71773,-5.9e-05,0.000765,0.000922,-0.010086,-0.155246,0.191136,-0.661941,0.076991,0.021867,-0.067655,0.387382,-0.489683,-0.781117,0.786288,0.617854,0.002613,0.481337,-0.615196,0.624377,1e-06,2e-06,3e-06,9e-06,6e-06,1e-06,-1.115947
340,0.156409,-0.040774,0.30004,-0.246682,0.475637,-0.844371,-0.822907,-0.562942,-0.076759,-0.511543,0.675311,0.531325,7e-06,5.8e-05,7.4e-05,0.0,0.0,0.0,-1.917008,-0.140207,-0.015801,0.291857,-0.425235,-0.54057,0.725914,0.875572,-0.448639,0.178972,0.229442,0.712365,0.663141,0.001018,-0.007801,0.012055,-0.35831,-0.667564,0.689422,-0.025791,0.056638,0.034057,-0.022466,0.495643,0.557616,0.665883,-0.833195,0.521718,0.183289,-0.245198,-0.645657,0.72319,0.000476,-0.003508,0.006502,-0.396874,-0.712596,0.736689,-0.603483,0.076985,0.021866,-0.067648,0.3874,-0.489679,-0.781111,0.786294,0.617846,0.002643,0.481312,-0.615207,0.624385,4e-06,3e-05,3.7e-05,6e-06,-7e-06,1e-06,-1.116273
341,0.156387,-0.040759,0.300042,-0.246692,0.475631,-0.844371,-0.822891,-0.562965,-0.076762,-0.511564,0.675295,0.531324,0.0,1e-06,1e-06,0.0,0.0,0.0,-1.91643,-0.140189,-0.016005,0.292367,-0.43401,-0.548074,0.715012,0.87242,-0.453493,0.182103,0.224974,0.703505,0.674041,0.000858,-0.005881,0.014352,0.14586,-0.404775,-0.0318,0.089469,0.056646,0.033965,-0.022207,0.504679,0.562795,0.654644,-0.829357,0.526626,0.18663,-0.239718,-0.637123,0.732535,0.000418,-0.002887,0.007239,0.27272,-0.654752,0.01783,-0.519552,0.076974,0.021873,-0.067647,0.38741,-0.489672,-0.78111,0.786277,0.617867,0.002636,0.481332,-0.615191,0.624386,1e-06,-8e-06,-1e-05,4e-06,6e-06,-4e-06,-1.115784
342,0.156385,-0.040775,0.300022,-0.246755,0.475621,-0.844358,-0.822878,-0.562991,-0.076714,-0.511554,0.675281,0.531352,-6.1e-05,-0.000544,-0.00069,0.0,0.0,0.0,-1.916309,-0.140081,-0.016206,0.292902,-0.438256,-0.557046,0.705424,0.870841,-0.457333,0.180048,0.222851,0.693911,0.684609,0.000846,-0.005749,0.014496,0.29329,-0.648934,-0.202565,0.121886,0.0567,0.033868,-0.021935,0.509394,0.569805,0.644855,-0.827406,0.530231,0.185077,-0.236465,-0.627834,0.741557,0.000428,-0.003016,0.007078,0.014692,-0.192094,0.109192,-0.367038,0.076973,0.021866,-0.067657,0.38747,-0.489657,-0.78109,0.786256,0.617894,0.002681,0.481318,-0.615176,0.624412,-3e-05,-0.000297,-0.000379,6e-06,0.0,0.0,-1.11562
343,0.156396,-0.040781,0.300014,-0.246752,0.475623,-0.844358,-0.822878,-0.562989,-0.076717,-0.511554,0.675281,0.531352,-2.1e-05,-0.00019,-0.000241,0.0,0.0,0.0,-1.916409,-0.139939,-0.01633,0.293185,-0.437147,-0.560914,0.703043,0.871117,-0.458323,0.17615,0.223947,0.690133,0.688061,0.000912,-0.006533,0.013553,0.139959,-0.373634,-0.044643,0.127158,0.056771,0.033809,-0.02179,0.507912,0.575179,0.641243,-0.828121,0.530977,0.17966,-0.237148,-0.622279,0.746008,0.00787,-0.002034,0.007199,0.183406,-0.380884,-0.208769,-0.217138,0.076978,0.021862,-0.067662,0.387467,-0.48966,-0.78109,0.786257,0.617893,0.002678,0.481319,-0.615176,0.624412,-1.1e-05,-0.000109,-0.000138,0.0,-5e-06,-5e-06,-1.115457
344,0.156443,-0.040783,0.300012,-0.246657,0.475643,-0.844375,-0.822899,-0.562949,-0.076793,-0.511568,0.6753,0.531314,-0.0,-0.0,-0.0,0.0,0.0,0.0,-1.916429,-0.139462,-0.01648,0.293759,-0.436837,-0.573987,0.692607,0.87155,-0.460457,0.168268,0.222863,0.67786,0.7005,0.015653,-0.002884,0.015793,0.167506,-0.439766,-0.015572,0.145616,0.057004,0.03373,-0.021507,0.50795,0.587557,0.629891,-0.828823,0.532538,0.171623,-0.234603,-0.609244,0.757484,0.007818,-0.00143,0.007905,0.225071,-0.526902,-0.071494,-0.041274,0.077002,0.021861,-0.067663,0.387376,-0.489687,-0.781118,0.78629,0.617851,0.002607,0.481338,-0.615196,0.624377,-1e-06,7e-06,1.1e-05,-6e-06,7e-06,-1.5e-05,-1.114967
345,0.1565,-0.040797,0.299995,-0.246579,0.475662,-0.844387,-0.822915,-0.562916,-0.076857,-0.511578,0.675315,0.531286,-9e-06,-8.1e-05,-0.000103,0.0,0.0,0.0,-1.916101,-0.138994,-0.016533,0.294384,-0.437377,-0.584676,0.683262,0.871557,-0.46261,0.162217,0.221771,0.667179,0.711022,0.015512,-0.001389,0.017538,0.086271,-0.217067,-0.101657,0.175602,0.057238,0.033703,-0.021195,0.508707,0.597875,0.619484,-0.829046,0.534216,0.165213,-0.232162,-0.597626,0.767426,0.000275,-0.001313,0.009077,0.108115,-0.331775,0.017141,0.022246,0.07703,0.021854,-0.067671,0.387302,-0.489712,-0.781139,0.786317,0.617817,0.002548,0.481353,-0.61521,0.624351,-4e-06,-4e-05,-5.3e-05,-3e-06,-1.2e-05,-1e-05,-1.114967
346,0.156558,-0.040804,0.299984,-0.246481,0.475684,-0.844403,-0.822936,-0.562874,-0.076936,-0.511592,0.675334,0.531248,-0.0,-4e-06,-6e-06,0.0,0.0,0.0,-1.916706,-0.138512,-0.016597,0.295167,-0.437923,-0.595205,0.673755,0.871608,-0.464545,0.156306,0.220487,0.656442,0.721341,0.01533,0.000484,0.01971,0.073863,-0.279272,0.096893,0.204073,0.057479,0.03367,-0.020804,0.509306,0.607866,0.609184,-0.829375,0.535601,0.158954,-0.229657,-0.586198,0.776935,0.008295,-0.005113,0.014126,0.012142,-0.170112,-0.066402,0.056537,0.077059,0.02185,-0.067677,0.387208,-0.489742,-0.781167,0.786351,0.617773,0.002474,0.481373,-0.61523,0.624316,1e-06,9e-06,8e-06,-4e-06,-2e-06,-1.3e-05,-1.114967
347,0.156593,-0.040819,0.299982,-0.246446,0.475695,-0.844407,-0.822958,-0.562841,-0.076952,-0.511574,0.675354,0.531239,-3.9e-05,-0.000349,-0.000442,0.0,0.0,0.0,-1.915922,-0.138259,-0.016678,0.295642,-0.439464,-0.602008,0.666671,0.871523,-0.465311,0.154494,0.217736,0.649663,0.72828,0.015231,0.001493,0.020872,0.204364,-0.404065,-0.230922,0.224784,0.057612,0.03363,-0.02056,0.511448,0.613182,0.602019,-0.82906,0.536365,0.15802,-0.226007,-0.57993,0.782688,0.007588,0.00088,0.010583,0.266533,-0.471412,-0.268631,0.082664,0.077077,0.021843,-0.067677,0.387175,-0.489755,-0.781175,0.786377,0.617741,0.002463,0.481358,-0.615252,0.624306,-2.2e-05,-0.000188,-0.00024,8e-06,7e-06,0.0,-1.114967
348,0.156649,-0.040838,0.299958,-0.246389,0.47571,-0.844415,-0.82297,-0.562816,-0.076999,-0.511582,0.675364,0.53122,-6.7e-05,-0.000605,-0.000768,0.0,0.0,0.0,-1.916673,-0.137809,-0.016848,0.296638,-0.456683,-0.614259,0.64352,0.867207,-0.468554,0.168356,0.198666,0.635716,0.745829,0.016471,-0.008893,0.029741,0.034687,-0.306949,0.111157,0.247735,0.057837,0.033546,-0.020061,0.528097,0.623308,0.576715,-0.824057,0.540142,0.170807,-0.205043,-0.565448,0.798889,0.008218,-0.004417,0.014897,0.021809,-0.268862,0.113685,0.126752,0.077105,0.021834,-0.067688,0.387122,-0.489775,-0.781189,0.786397,0.617716,0.002419,0.481368,-0.615261,0.624289,-4.4e-05,-0.000387,-0.000493,4e-06,6e-06,-0.0,-1.115457
349,0.156714,-0.040895,0.299885,-0.246311,0.47573,-0.844427,-0.822987,-0.562783,-0.077064,-0.511592,0.675377,0.531192,-0.000201,-0.001816,-0.002306,0.0,0.0,0.0,-1.91678,-0.137449,-0.017119,0.297701,-0.46521,-0.623014,0.628828,0.864353,-0.472763,0.171243,0.191167,0.623971,0.757614,0.001755,-0.012403,0.027663,0.201652,-0.506093,-0.123615,0.254015,0.058016,0.03342,-0.019534,0.53685,0.628844,0.562446,-0.820507,0.544323,0.174585,-0.196366,-0.555218,0.808191,0.000841,-0.006005,0.014054,0.207712,-0.529996,-0.151657,0.146837,0.077137,0.021807,-0.067723,0.387047,-0.489801,-0.781209,0.786424,0.617681,0.002359,0.481383,-0.615275,0.624263,-0.00012,-0.001084,-0.001375,-0.000744,0.014459,-0.024921,-1.11513
350,0.156757,-0.04093,0.299841,-0.243848,0.475929,-0.845029,-0.822751,-0.562775,-0.079604,-0.513152,0.675244,0.529856,0.015419,-0.002413,-0.003092,0.001283,-0.015014,0.029985,-1.917102,-0.137336,-0.017367,0.29819,-0.467538,-0.624871,0.625249,0.863472,-0.47407,0.172073,0.189459,0.621115,0.760385,0.001945,-0.01447,0.025234,0.002375,-0.195919,0.090517,0.253268,0.058072,0.033299,-0.019285,0.53853,0.631834,0.557467,-0.819883,0.54554,0.173714,-0.194362,-0.550609,0.81182,0.000966,-0.007355,0.012472,-0.012912,-0.182458,0.092703,0.150756,0.077153,0.02179,-0.067745,0.384677,-0.490202,-0.782128,0.786518,0.617566,-0.000226,0.483127,-0.615071,0.623116,-0.000122,-0.001118,-0.001419,-0.002709,0.002454,-0.003222,-1.115294
