frame,MLTx,MLTy,MLTz,MLTR1,MLTR2,MLTR3,MLTR4,MLTR5,MLTR6,MLTR7,MLTR8,MLTR9,MLTTVx,MLTTVy,MLTTVz,MLTRVx,MLTRVy,MLTRVz,MLGA,MRTx,MRTy,MRTz,MRTR1,MRTR2,MRTR3,MRTR4,MRTR5,MRTR6,MRTR7,MRTR8,MRTR9,MRTTVx,MRTTVy,MRTTVz,MRTRVx,MRTRVy,MRTRVz,MRGA,SLTx,SLTy,SLTz,SLTR1,SLTR2,SLTR3,SLTR4,SLTR5,SLTR6,SLTR7,SLTR8,SLTR9,SLTTVx,SLTTVy,SLTTVz,SLTRVx,SLTRVy,SLTRVz,SLGA,SRTx,SRTy,SRTz,SRTR1,SRTR2,SRTR3,SRTR4,SRTR5,SRTR6,SRTR7,SRTR8,SRTR9,SRTTVx,SRTTVy,SRTTVz,SRTRVx,SRTRVy,SRTRVz,SRGA
2276,0.109409,0.054468,0.395509,-0.290243,0.457417,-0.840579,-0.699408,-0.700866,-0.139954,-0.652797,0.546715,0.52439,0.022979,-0.044841,-0.035589,-0.38596,-0.080034,0.028632,0.290308,-0.129123,0.065302,0.368963,0.412482,0.177496,0.893501,-0.407053,0.913344,0.006605,-0.815391,-0.366657,0.447843,-0.017251,-0.038423,-0.031826,5.193601,-0.348252,2.001902,0.117038,0.026474,0.051068,0.000453,-0.369132,-0.175331,0.912688,0.41153,-0.911354,-0.008633,0.833296,0.372412,0.408564,-0.008526,-0.019825,-0.016195,0.478751,0.087215,-1.160386,0.031554,0.092691,0.052556,-0.045935,-0.326609,0.499397,-0.802451,-0.659777,-0.728391,-0.184769,-0.676772,0.469092,0.56739,0.011189,-0.023679,-0.018388,-0.428995,-0.037636,-0.020379,0.226792
2277,0.109992,0.052445,0.393961,-0.287119,0.443943,-0.848836,-0.691755,-0.709018,-0.136894,-0.662264,0.547326,0.51173,0.009772,-0.044016,-0.049161,-0.971244,0.495613,-1.873045,0.233828,-0.129354,0.063827,0.367613,0.404823,0.182017,0.896092,-0.364609,0.930811,-0.024223,-0.838979,-0.317154,0.44203,0.005973,-0.038327,-0.03381,6.073751,1.382542,0.012441,0.046803,0.02635,0.050329,-0.000222,-0.364667,-0.179746,0.913624,0.367857,-0.929185,-0.03598,0.855394,0.322962,0.404965,0.003002,-0.01921,-0.016903,0.115726,-0.168013,-0.18896,-0.059072,0.092975,0.051545,-0.046698,-0.321332,0.488438,-0.811279,-0.651586,-0.735705,-0.184857,-0.687154,0.469218,0.554665,-0.000993,-0.021609,-0.024164,1.420507,-0.721247,-0.76743,0.169803
2278,0.109408,0.051201,0.391854,-0.278383,0.420216,-0.863693,-0.677279,-0.723448,-0.133745,-0.680701,0.547203,0.487075,-0.02342,-0.017585,-0.06382,0.020315,-0.858763,-0.585198,0.155053,-0.128694,0.062683,0.366112,0.414397,0.175301,0.893049,-0.321517,0.946169,-0.036408,-0.851849,-0.272273,0.447307,0.026859,-0.020028,-0.040189,1.584095,-0.194164,0.646908,-0.034854,0.026674,0.04974,-0.000975,-0.37281,-0.172997,0.911638,0.320323,-0.946063,-0.048535,0.870864,0.273925,0.408116,0.01362,-0.010327,-0.020382,5.037066,-0.309578,2.345057,-0.15574,0.092691,0.050895,-0.047754,-0.313781,0.466496,-0.826995,-0.636458,-0.749677,-0.181396,-0.7046,0.469429,0.53214,-0.011737,-0.009081,-0.032032,0.00174,-1.121372,-0.499139,0.07934
2279,0.10784,0.051164,0.389289,-0.2722,0.390615,-0.879416,-0.670237,-0.732679,-0.118044,-0.690109,0.556797,0.462336,-0.054643,0.011259,-0.063024,0.057152,-0.779944,-0.604294,0.030477,-0.128089,0.062526,0.365316,0.416601,0.174944,0.892093,-0.314718,0.948354,-0.038878,-0.853316,-0.264792,0.449,0.035497,0.001498,-0.043674,0.204294,-0.424235,-0.217355,-0.093156,0.027385,0.049767,-0.001787,-0.376926,-0.169673,0.910569,0.308781,-0.94986,-0.049176,0.873258,0.262631,0.410419,0.022337,0.00939,-0.017658,0.106898,-0.032797,0.139405,-0.273799,0.091892,0.050847,-0.049072,-0.30557,0.437052,-0.845938,-0.628501,-0.759972,-0.165611,-0.71527,0.481068,0.506913,-0.027166,0.006069,-0.031276,0.043633,-0.878193,-0.656994,-0.07203
2280,0.106634,0.051704,0.388067,-0.270081,0.376434,-0.886228,-0.666275,-0.73749,-0.110266,-0.694763,0.560219,0.451094,-0.063355,0.025317,-0.055764,0.083112,-0.584243,-0.47425,-0.0063,-0.126346,0.063486,0.363806,0.420939,0.169588,0.89109,-0.307646,0.950804,-0.035496,-0.853772,-0.259422,0.451261,0.052915,0.041309,-0.03796,0.153515,-0.088395,0.20209,-0.216918,0.027863,0.050103,-0.002158,-0.379494,-0.166283,0.910128,0.304864,-0.951251,-0.046679,0.873522,0.259751,0.411688,0.026312,0.021719,-0.018436,0.151145,-0.084359,0.203954,-0.33634,0.09131,0.051094,-0.049669,-0.302515,0.423329,-0.853976,-0.624282,-0.765034,-0.158091,-0.720246,0.485298,0.495711,-0.036974,0.019094,-0.031506,0.093719,-0.735426,-0.600379,-0.140939
2281,0.103652,0.053403,0.385966,-0.265583,0.353443,-0.896989,-0.659134,-0.745508,-0.098655,-0.703258,0.564591,0.432078,-0.083223,0.042742,-0.046277,0.131566,-0.300687,-0.172074,-0.083736,-0.124082,0.065755,0.362429,0.425568,0.159778,0.890704,-0.297939,0.95412,-0.028673,-0.854926,-0.253384,0.452505,0.061271,0.059882,-0.028578,0.156521,-0.113979,0.258783,-0.301629,0.028949,0.051193,-0.00282,-0.383664,-0.156636,0.910091,0.295913,-0.954397,-0.039514,0.874778,0.254148,0.412518,0.030545,0.030728,-0.013912,0.160553,-0.133247,0.245607,-0.422557,0.089827,0.051943,-0.050721,-0.296557,0.400575,-0.866944,-0.616486,-0.773604,-0.146564,-0.729381,0.490995,0.476367,-0.041327,0.022335,-0.022625,0.132562,-0.182199,-0.300149,-0.22585
2282,0.100198,0.055274,0.384405,-0.26672,0.328537,-0.906074,-0.639721,-0.763468,-0.088573,-0.720533,0.555598,0.414933,-0.092821,0.044999,-0.030619,0.088531,-0.331395,-0.222225,-0.14434,-0.121746,0.068458,0.361376,0.427728,0.144842,0.892222,-0.287631,0.957548,-0.017428,-0.857379,-0.249369,0.450088,0.05919,0.068412,-0.023785,0.11472,0.033179,0.391377,-0.442803,0.030138,0.052581,-0.003354,-0.385944,-0.141624,0.911585,0.285963,-0.957838,-0.02774,0.87708,0.249974,0.410171,0.02382,0.033837,-0.01172,0.10515,0.067375,0.408949,-0.538493,0.08807,0.052898,-0.051518,-0.296527,0.376692,-0.877595,-0.595843,-0.791112,-0.138244,-0.746352,0.481916,0.459036,-0.046218,0.02311,-0.01496,0.092028,-0.293302,-0.20188,-0.280716
2283,0.098306,0.056163,0.383925,-0.271974,0.317209,-0.908545,-0.623576,-0.777141,-0.084721,-0.732611,0.543107,0.410298,-0.10393,0.041696,-0.01783,0.026771,-0.368807,-0.503204,-0.167416,-0.120588,0.069753,0.360942,0.42708,0.137182,0.893743,-0.283246,0.958941,-0.01171,-0.859161,-0.248331,0.447255,0.058805,0.068848,-0.023469,0.022792,0.414409,0.409203,-0.533381,0.030716,0.053236,-0.003567,-0.386459,-0.135336,0.912322,0.281826,-0.959191,-0.022908,0.878193,0.248263,0.408829,0.029344,0.034931,-0.011509,0.030059,0.334668,0.594191,-0.61426,0.087163,0.053327,-0.051751,-0.301884,0.367266,-0.879761,-0.579092,-0.803702,-0.136803,-0.75731,0.468164,0.455305,-0.051337,0.026487,-0.013051,0.061702,-0.491349,-0.31911,-0.301453
2284,0.094149,0.057688,0.383673,-0.28205,0.309602,-0.908097,-0.610442,-0.788079,-0.079142,-0.739811,0.531629,0.412403,-0.114477,0.033269,0.006392,0.024377,0.127938,-0.280276,-0.194488,-0.118106,0.072317,0.360312,0.428244,0.128616,0.894459,-0.280965,0.959678,-0.003346,-0.859332,-0.250051,0.445966,0.058877,0.063522,-0.012364,0.110307,-0.092065,0.317688,-0.751846,0.031931,0.054496,-0.003882,-0.386084,-0.125274,0.913917,0.280085,-0.959883,-0.013253,0.878914,0.250858,0.405683,0.029531,0.031483,-0.00638,0.100911,-0.090935,0.278655,-0.803841,0.085127,0.054082,-0.051888,-0.310631,0.357802,-0.880616,-0.565256,-0.814367,-0.131495,-0.764194,0.456927,0.455217,-0.057004,0.017434,0.003654,0.024061,0.133725,-0.276529,-0.331825
2285,0.08991,0.058976,0.384212,-0.293915,0.303115,-0.906521,-0.606757,-0.791944,-0.068137,-0.738209,0.52963,0.417811,-0.112595,0.032146,0.019853,-0.012664,0.245602,-0.468326,-0.23734,-0.115537,0.074787,0.360062,0.431671,0.130958,0.89247,-0.296117,0.955112,0.003205,-0.852502,-0.265834,0.449929,0.058477,0.060389,-0.000236,0.079782,-0.150976,0.28221,-0.907769,0.033243,0.055753,-0.004018,-0.38989,-0.127849,0.911942,0.295443,-0.955329,-0.007618,0.87218,0.266457,0.410245,0.034903,0.031182,-4.6e-05,0.051843,-0.152393,0.273035,-0.869157,0.08297,0.05474,-0.051621,-0.32214,0.350549,-0.879397,-0.561197,-0.818815,-0.120823,-0.762419,0.454594,0.4605,-0.056643,0.011613,0.014758,-0.044307,0.152424,-0.28522,-0.357952
2286,0.087552,0.059611,0.384791,-0.301845,0.302019,-0.904278,-0.605259,-0.79351,-0.063048,-0.736228,0.527912,0.423444,-0.123069,0.030707,0.033505,0.003601,0.433019,-0.164678,-0.247631,-0.114144,0.076084,0.360078,0.434507,0.131222,0.891054,-0.303254,0.952844,0.007684,-0.848544,-0.273729,0.452668,0.070888,0.053092,0.008779,0.05492,-0.144124,0.272958,-0.951016,0.033908,0.056383,-0.004012,-0.392622,-0.128317,0.910704,0.302941,-0.953002,-0.003674,0.868374,0.274448,0.413042,0.034366,0.032794,0.000798,0.090755,-0.166295,0.316628,-0.854787,0.081835,0.055045,-0.05135,-0.329296,0.347727,-0.877866,-0.559492,-0.820784,-0.115246,-0.760613,0.453209,0.464832,-0.061363,0.015972,0.017124,0.047337,0.786684,-0.15841,-0.371995
2287,0.08304,0.061005,0.386301,-0.315855,0.300873,-0.899865,-0.603186,-0.795726,-0.054392,-0.732025,0.525228,0.433938,-0.118046,0.04475,0.040472,-0.010807,0.305672,-0.170987,-0.250882,-0.111589,0.078443,0.360371,0.439998,0.137865,0.887348,-0.324535,0.945733,0.014116,-0.837773,-0.294369,0.459724,0.057648,0.057143,0.011594,0.02095,-0.160713,0.236578,-0.974445,0.035217,0.057586,-0.003866,-0.398636,-0.135009,0.907116,0.324345,-0.945936,0.001747,0.857839,0.294916,0.420874,0.035307,0.024549,0.010068,-0.114291,-0.147197,0.214561,-0.866871,0.079535,0.055744,-0.050588,-0.34393,0.346421,-0.872756,-0.557212,-0.823414,-0.107253,-0.755794,0.449423,0.476227,-0.054065,0.015576,0.023725,-0.034516,0.377921,-0.151308,-0.384405
2288,0.078845,0.062426,0.388231,-0.324629,0.299425,-0.897221,-0.60207,-0.796971,-0.04819,-0.729092,0.52417,0.440113,-0.105198,0.037967,0.050542,-0.07589,0.146849,-0.248842,-0.261962,-0.109171,0.080459,0.361053,0.446385,0.138609,0.884036,-0.331094,0.943363,0.019402,-0.83181,-0.301543,0.465861,0.058457,0.048423,0.020459,0.022686,-0.15718,0.269487,-1.008796,0.036447,0.058619,-0.003518,-0.405253,-0.135493,0.904107,0.331056,-0.943584,0.006981,0.852156,0.30214,0.427246,0.029205,0.02433,0.010251,0.018384,-0.141269,0.281189,-0.874872,0.077435,0.056465,-0.049621,-0.352628,0.344484,-0.870047,-0.55594,-0.825021,-0.101336,-0.752717,0.44796,0.482439,-0.04692,0.017731,0.024533,-0.080738,0.119374,-0.231673,-0.392733
2289,0.075205,0.063728,0.390425,-0.32152,0.300402,-0.898014,-0.601297,-0.797346,-0.051501,-0.731107,0.523037,0.438112,-0.080314,0.030418,0.059779,-0.077332,0.085506,-0.122685,-0.327994,-0.107116,0.082344,0.361977,0.453037,0.135573,0.881118,-0.327972,0.944361,0.023458,-0.829454,-0.299789,0.471164,0.056484,0.05416,0.023168,0.00534,-0.045445,0.105863,-1.058999,0.037437,0.059518,-0.003075,-0.41177,-0.132555,0.901595,0.328214,-0.944538,0.011031,0.850129,0.300459,0.432439,0.023802,0.020311,0.015206,-0.017315,-0.128882,0.225124,-0.876015,0.075605,0.057116,-0.048529,-0.349541,0.345544,-0.870873,-0.555148,-0.825149,-0.104583,-0.754739,0.446908,0.480251,-0.045752,0.016914,0.030989,-0.004108,0.005333,-0.011711,-0.417226
2290,0.07357,0.064384,0.391677,-0.316326,0.305495,-0.89814,-0.601309,-0.796795,-0.0593,-0.733363,0.520918,0.436863,-0.077862,0.036271,0.062473,0.047518,0.112338,0.333264,-0.37299,-0.106243,0.083267,0.362496,0.455598,0.133068,0.880179,-0.326562,0.944774,0.026332,-0.828611,-0.299606,0.472762,0.04649,0.04407,0.03207,-0.016303,-0.134016,0.221236,-1.078663,0.037912,0.060019,-0.002799,-0.414548,-0.1298,0.900722,0.3268,-0.944986,0.014228,0.849323,0.300255,0.434161,0.023153,0.022398,0.016185,-0.015865,-0.133336,0.221956,-0.869157,0.074786,0.05744,-0.047905,-0.344606,0.350175,-0.870989,-0.555246,-0.824155,-0.111663,-0.756932,0.445134,0.478442,-0.044636,0.019526,0.032177,0.337692,0.037896,0.675538,-0.444986
2291,0.070743,0.065623,0.394425,-0.324631,0.311411,-0.893131,-0.603745,-0.795059,-0.057829,-0.727704,0.520059,0.447227,-0.075759,0.033568,0.074661,-0.079249,0.392711,-0.026022,-0.445605,-0.104584,0.085186,0.363624,0.459003,0.135737,0.877999,-0.340214,0.939744,0.032706,-0.821204,-0.313899,0.476398,0.034863,0.042343,0.03158,-1.473945,-0.173148,-0.597912,-1.079244,0.038727,0.06097,-0.002243,-0.418164,-0.131753,0.898765,0.339118,-0.940533,0.019904,0.842696,0.31311,0.437977,0.021819,0.028288,0.012181,-4.844937,-0.218034,-2.536808,-0.888099,0.073373,0.058064,-0.046533,-0.353167,0.355765,-0.865276,-0.557828,-0.822564,-0.110523,-0.751065,0.443642,0.488959,-0.032259,0.015505,0.036558,-0.058591,0.470672,0.054599,-0.502954
2292,0.068485,0.066586,0.397492,-0.331682,0.333784,-0.882395,-0.612283,-0.787702,-0.067874,-0.717314,0.517344,0.466736,-0.041977,0.017437,0.079094,-0.037438,0.673822,0.209067,-0.521104,-0.103123,0.086843,0.364814,0.463622,0.13363,0.875894,-0.343399,0.938355,0.038738,-0.817278,-0.318917,0.479805,0.034654,0.041381,0.030778,-0.018191,-0.11898,0.191914,-1.082131,0.03947,0.061818,-0.001635,-0.422762,-0.130354,0.896816,0.3442,-0.93854,0.025838,0.83833,0.319608,0.441647,0.01731,0.020712,0.015374,-0.017503,-0.118942,0.192327,-0.888915,0.072253,0.058548,-0.045029,-0.361039,0.376087,-0.85335,-0.566777,-0.815163,-0.119463,-0.740549,0.440528,0.507464,-0.026578,0.010301,0.040574,0.045738,1.07655,0.390194,-0.558309
2293,0.067675,0.066982,0.399039,-0.339754,0.345444,-0.874803,-0.614962,-0.785306,-0.071326,-0.711213,0.513304,0.480336,-0.039539,0.023142,0.081489,-0.01464,0.644503,0.448825,-0.549526,-0.102427,0.087611,0.36547,0.46633,0.131295,0.874808,-0.342432,0.938577,0.041805,-0.816144,-0.319231,0.481522,0.036377,0.031278,0.03891,-0.071057,-0.005555,0.005074,-1.082948,0.039818,0.0622,-0.001307,-0.425518,-0.128014,0.895849,0.343363,-0.938756,0.028948,0.837278,0.319919,0.443413,0.018157,0.015709,0.019466,-0.070456,-0.005548,0.005344,-0.888752,0.071811,0.058756,-0.044197,-0.37027,0.387682,-0.844157,-0.569849,-0.812464,-0.123176,-0.733601,0.435434,0.521752,-0.01966,0.011975,0.04097,-0.004128,0.681493,0.472773,-0.585252
2294,0.066405,0.067725,0.402515,-0.362507,0.374723,-0.853356,-0.623178,-0.778254,-0.07708,-0.692568,0.503381,0.516705,-0.026571,0.017359,0.091457,0.012453,0.920876,0.624249,-0.565832,-0.10121,0.088981,0.366894,0.466845,0.129936,0.874737,-0.341486,0.938872,0.042919,-0.816247,-0.318918,0.481555,0.035647,0.032645,0.039238,-0.046231,-0.100428,0.155094,-1.084211,0.040427,0.062885,-0.000596,-0.425982,-0.12668,0.895818,0.342448,-0.939055,0.030048,0.837417,0.319571,0.443402,0.017787,0.016406,0.019639,-0.047844,-0.104162,0.159615,-0.888099,0.071186,0.059122,-0.042493,-0.394057,0.412893,-0.821119,-0.578354,-0.805743,-0.127608,-0.7143,0.424613,0.556307,-0.007901,0.006943,0.044721,0.03327,1.000773,0.666291,-0.615625
2295,0.065718,0.068103,0.406207,-0.383709,0.400554,-0.832087,-0.628859,-0.773139,-0.082248,-0.675793,0.491204,0.54959,-0.005315,0.002216,0.096741,-0.092647,0.610223,0.478347,-0.567375,-0.100131,0.090005,0.368525,0.471778,0.129565,0.872141,-0.342105,0.938511,0.045766,-0.81315,-0.320126,0.485973,0.026649,0.019907,0.046614,-0.103813,-0.009455,-0.026753,-1.089691,0.040957,0.063389,0.000202,-0.431217,-0.126463,0.89334,0.343104,-0.938726,0.032729,0.834464,0.320623,0.448185,0.012301,0.015057,0.019157,-0.06138,-0.084868,0.151708,-0.891038,0.070838,0.059324,-0.040645,-0.417013,0.437033,-0.796932,-0.584394,-0.800467,-0.133174,-0.69612,0.410187,0.589205,-0.007809,0.003618,0.049772,-0.064664,0.813148,0.364761,-0.623136
2296,0.065593,0.068168,0.410109,-0.403782,0.425595,-0.80986,-0.632722,-0.769246,-0.088853,-0.660302,0.476006,0.580901,-0.004009,0.005192,0.097473,-0.016307,1.046211,0.497977,-0.613093,-0.099206,0.090688,0.370387,0.479019,0.134321,0.867462,-0.343927,0.937891,0.044825,-0.808139,-0.319992,0.494348,0.018088,0.00616,0.053576,-0.074018,-0.21594,-0.026326,-1.094926,0.041422,0.063738,0.001131,-0.438613,-0.131287,0.889034,0.344893,-0.938108,0.031622,0.829859,0.320492,0.456746,0.013098,0.010286,0.023301,-0.027962,-0.264083,0.039641,-0.895773,0.070776,0.059358,-0.038692,-0.437212,0.457607,-0.774235,-0.588434,-0.796589,-0.138529,-0.68014,0.39502,0.61755,0.002549,-0.00433,0.052287,-0.165345,0.639739,0.086471,-0.640934
2297,0.065729,0.06805,0.412064,-0.412098,0.433874,-0.801233,-0.636266,-0.766434,-0.087845,-0.6517,0.473052,0.592904,0.004504,-0.010434,0.103609,-0.171807,0.629397,0.045383,-0.638383,-0.098784,0.090911,0.371384,0.483006,0.138157,0.864644,-0.345326,0.937451,0.043247,-0.805166,-0.319655,0.499392,0.017991,0.006249,0.053497,-0.051691,-0.271174,-0.063236,-1.09517,0.041633,0.06385,0.00163,-0.442621,-0.134951,0.886495,0.346222,-0.937668,0.030125,0.827173,0.320258,0.461755,0.008882,0.003445,0.026882,-0.030068,-0.334494,-0.0715,-0.892671,0.070843,0.059311,-0.037715,-0.44663,0.466627,-0.763399,-0.592314,-0.793694,-0.138609,-0.670585,0.390265,0.630878,0.007758,-0.006469,0.050969,-0.151506,0.56133,0.304268,-0.65857
2298,0.066318,0.067523,0.415851,-0.434065,0.447978,-0.781632,-0.644308,-0.760732,-0.078262,-0.629139,0.46908,0.619818,0.025329,-0.012187,0.087847,-1.686366,1.950412,-1.476558,-0.717712,-0.097901,0.091032,0.373538,0.491821,0.154108,0.856945,-0.355029,0.93413,0.035906,-0.795555,-0.322101,0.513035,0.02095,-0.007737,0.05996,0.01129,-0.513082,-0.247644,-1.095918,0.042065,0.063918,0.002687,-0.451073,-0.149575,0.879863,0.355472,-0.934393,0.023392,0.81864,0.323318,0.474649,0.014566,0.003038,0.026328,0.092412,-0.637866,-0.267188,-0.898386,0.071141,0.05905,-0.03578,-0.468214,0.477179,-0.74369,-0.600486,-0.789263,-0.128366,-0.648221,0.386473,0.656084,0.012501,-0.006371,0.043807,-1.647857,2.074946,-1.4095,-0.703965
2299,0.067107,0.066535,0.419457,-0.448866,0.454137,-0.769626,-0.649507,-0.75728,-0.068112,-0.613203,0.468736,0.635843,0.021186,-0.022464,0.083739,-0.182023,0.501917,-0.179384,-0.778853,-0.097176,0.090825,0.375668,0.495706,0.164987,0.85267,-0.360164,0.9324,0.029104,-0.790824,-0.321743,0.520521,0.011207,-0.013525,0.05787,-0.131891,-0.145911,-0.041134,-1.094516,0.042438,0.063819,0.003773,-0.456196,-0.162343,0.874945,0.36034,-0.932703,0.014821,0.813658,0.322039,0.483994,0.010975,-0.005936,0.029025,-0.164714,-0.01585,-0.146873,-0.898712,0.071531,0.058572,-0.034005,-0.483719,0.481936,-0.730583,-0.605833,-0.786806,-0.117902,-0.631649,0.38558,0.672566,0.010292,-0.011855,0.04162,-0.157316,0.494119,0.034186,-0.764382
2300,0.06752,0.066014,0.421096,-0.451129,0.454883,-0.76786,-0.645686,-0.760267,-0.071103,-0.615568,0.46315,0.637648,0.030742,-0.028627,0.080633,1.829442,-0.783166,1.342558,-0.777914,-0.096857,0.090649,0.376694,0.498463,0.169991,0.850076,-0.362841,0.931435,0.026636,-0.787862,-0.321941,0.524872,0.022618,-0.014142,0.057077,-0.128542,-0.092077,-0.236808,-1.093606,0.042593,0.063734,0.004287,-0.459036,-0.166923,0.872594,0.362841,-0.931765,0.012633,0.810945,0.322412,0.48828,0.004841,-0.002794,0.024218,-0.074556,-0.205368,-0.053678,-0.898386,0.071733,0.058312,-0.033185,-0.487736,0.481533,-0.728175,-0.602427,-0.789333,-0.118466,-0.631818,0.380893,0.675075,0.009671,-0.013397,0.041024,1.115278,0.549418,-1.093007,-0.776956
2301,0.068483,0.06487,0.424082,-0.457511,0.450706,-0.766546,-0.639053,-0.766038,-0.069059,-0.617766,0.457704,0.639452,0.027829,-0.029378,0.067128,-0.205805,0.137968,-0.132191,-0.777002,-0.096336,0.090198,0.378574,0.502,0.175015,0.84697,-0.367393,0.929673,0.025786,-0.783496,-0.324344,0.529905,0.011547,-0.012155,0.04561,-0.050637,-0.255811,-0.120397,-1.092413,0.042857,0.06351,0.005232,-0.462156,-0.171271,0.870102,0.367448,-0.929965,0.012116,0.807089,0.325316,0.492723,0.004768,-0.001197,0.018473,0.029183,-0.372457,-0.172301,-0.897569,0.072217,0.057745,-0.031685,-0.492244,0.477771,-0.727619,-0.594822,-0.794917,-0.119555,-0.635517,0.373954,0.675482,0.013187,-0.019742,0.038308,-0.237083,0.064347,0.052582,-0.784304
2302,0.069584,0.063554,0.426411,-0.45704,0.451852,-0.766153,-0.640106,-0.765121,-0.069464,-0.617025,0.458106,0.63988,0.034693,-0.04257,0.061617,-0.188234,-0.0419,0.258848,-0.791511,-0.096121,0.089714,0.380081,0.49914,0.17766,0.848108,-0.370783,0.928376,0.023879,-0.783722,-0.326615,0.528172,0.000826,-0.011297,0.033653,-0.087279,-0.121937,0.153084,-1.093042,0.042967,0.06327,0.005991,-0.459447,-0.174513,0.870891,0.370803,-0.928662,0.009531,0.807101,0.327308,0.491381,0.000479,-0.005984,0.016676,-0.105723,-0.019348,-0.011679,-0.897896,0.072764,0.057091,-0.030519,-0.49214,0.478678,-0.727093,-0.595797,-0.794183,-0.119575,-0.634683,0.374352,0.676044,0.012197,-0.015726,0.026588,-0.166052,0.046529,0.036499,-0.787406
2303,0.070595,0.062348,0.42824,-0.451762,0.453882,-0.768081,-0.645116,-0.760832,-0.070229,-0.615701,0.463205,0.63748,0.023142,-0.028373,0.041176,-0.142379,-0.001928,0.00822,-0.807127,-0.09614,0.089312,0.38121,0.499893,0.178022,0.847588,-0.373478,0.927249,0.025653,-0.78196,-0.329611,0.528922,-8.1e-05,-0.005266,0.023395,-0.069233,-0.008085,-0.019334,-1.09399,0.042959,0.063064,0.006558,-0.460357,-0.17474,0.870365,0.373531,-0.927547,0.011349,0.805323,0.330334,0.492274,-0.005379,-0.003712,0.011475,-0.069185,-0.007634,-0.023923,-0.900998,0.073273,0.056481,-0.029598,-0.486752,0.481048,-0.729153,-0.601158,-0.790078,-0.119935,-0.633783,0.379958,0.673758,0.011583,-0.014066,0.02061,-0.136085,0.008889,0.044246,-0.799653
2304,0.071026,0.061837,0.428919,-0.454438,0.450501,-0.768493,-0.637791,-0.76678,-0.072416,-0.62133,0.456665,0.636738,0.022453,-0.023589,0.029675,1.175082,0.137146,-1.015779,-0.810575,-0.096171,0.08916,0.381666,0.500604,0.177816,0.847212,-0.374278,0.926895,0.026749,-0.781123,-0.330715,0.529469,-0.0102,-0.009266,0.022182,-0.069069,-0.007614,-0.023915,-1.094078,0.042947,0.062987,0.006786,-0.461085,-0.174531,0.870022,0.374381,-0.927191,0.012411,0.804511,0.331442,0.492855,0.000345,-0.004081,0.011088,-0.069281,-0.008084,-0.019424,-0.902141,0.073489,0.056225,-0.029253,-0.48857,0.478557,-0.729576,-0.594963,-0.794344,-0.122616,-0.638214,0.374164,0.672817,0.010957,-0.012226,0.014601,4.151786,0.422857,-3.471717,-0.805695
2305,0.071665,0.06099,0.429859,-0.453508,0.440259,-0.77495,-0.626595,-0.775794,-0.074118,-0.633276,0.451415,0.62866,0.010585,-0.016858,0.019682,-0.078731,-0.162612,0.166907,-0.806422,-0.09617,0.088978,0.382387,0.500804,0.180986,0.846422,-0.375598,0.926429,0.024273,-0.78036,-0.330306,0.530848,0.001287,-0.010175,0.021339,-0.068825,-0.009117,-0.019984,-1.095059,0.042945,0.062895,0.007141,-0.461374,-0.177809,0.869205,0.375567,-0.926743,0.009772,0.803792,0.330954,0.494354,-0.000509,0.00039,0.006558,-0.037714,-0.001283,0.009727,-0.898059,0.073807,0.0558,-0.028789,-0.487905,0.46772,-0.737012,-0.581733,-0.803725,-0.124948,-0.650796,0.367782,0.664229,0.005124,-0.008828,0.009687,-0.090744,-0.089116,-0.02233,-0.808471
2306,0.071974,0.060616,0.430288,-0.448343,0.423936,-0.786964,-0.614011,-0.785842,-0.073589,-0.649076,0.44968,0.613609,0.000195,-0.00613,0.011079,-0.175939,-0.608486,-0.24869,-0.806513,-0.096067,0.08898,0.382881,0.504007,0.185126,0.843621,-0.376408,0.926163,0.021775,-0.777906,-0.328761,0.535389,0.01001,0.001567,0.012979,-0.022662,-0.048585,0.018121,-1.095687,0.042993,0.062889,0.007395,-0.464822,-0.182201,0.866454,0.376322,-0.926461,0.007064,0.801449,0.32935,0.499206,-0.000188,-0.000751,0.006075,-0.036466,-0.002191,0.008886,-0.898713,0.073966,0.055595,-0.028567,-0.482657,0.454051,-0.748918,-0.56877,-0.812757,-0.126198,-0.665989,0.365052,0.650534,0.000339,0.000937,0.000328,-0.148474,-0.735342,-0.09637,-0.807164
2307,0.07203,0.060597,0.430327,-0.447231,0.411525,-0.794152,-0.605197,-0.792961,-0.070155,-0.658052,0.448727,0.604681,0.000588,0.001578,0.000565,-0.135221,-0.710769,-0.084337,-0.80865,-0.095973,0.089026,0.383078,0.505718,0.18703,0.842176,-0.376568,0.926125,0.020588,-0.776718,-0.327791,0.537703,0.010194,0.000887,0.012693,0.130718,-0.430704,-0.221468,-1.095317,0.043044,0.062912,0.007497,-0.465584,-0.182414,0.865999,0.376485,-0.926393,0.007273,0.80093,0.329423,0.499991,0.005116,0.000338,0.0063,0.204491,-0.625619,-0.345905,-0.898713,0.073993,0.055582,-0.028544,-0.481149,0.442264,-0.7569,-0.559463,-0.819635,-0.123279,-0.674904,0.364142,0.641797,0.000317,0.000855,0.000299,-0.180585,-0.922227,-0.144384,-0.806021
2308,0.071988,0.060733,0.430171,-0.439078,0.385247,-0.81169,-0.591558,-0.803888,-0.06161,-0.675704,0.452626,0.581878,0.000669,0.008447,-0.010247,-0.169952,-1.089282,-0.464175,-0.810107,-0.095726,0.089238,0.383363,0.507022,0.18599,0.841622,-0.376168,0.926253,0.022061,-0.776062,-0.328019,0.538511,0.008261,0.010534,0.003905,0.004254,-0.029902,0.053933,-1.096752,0.043165,0.063013,0.007638,-0.467747,-0.182798,0.864752,0.376128,-0.926536,0.00759,0.799837,0.328808,0.50214,0.00012,-0.001847,0.005616,-0.034975,-0.007716,0.004973,-0.89659,0.073972,0.05565,-0.028622,-0.471689,0.417988,-0.776399,-0.545164,-0.830293,-0.115796,-0.69304,0.368645,0.619512,0.000288,0.004076,-0.005176,-0.168228,-1.070085,-0.455857,-0.810104
2309,0.071835,0.060936,0.429887,-0.428815,0.356539,-0.830086,-0.577291,-0.814873,-0.051846,-0.694373,0.456522,0.556292,-0.000288,0.005878,-0.011163,-0.142121,-0.934337,-0.189004,-0.808696,-0.095314,0.089603,0.383607,0.508863,0.184364,0.840868,-0.375146,0.926619,0.023997,-0.775353,-0.327899,0.539603,0.007961,0.011512,0.004297,0.004219,-0.029808,0.053992,-1.097877,0.043371,0.063193,0.007759,-0.469599,-0.181142,0.864096,0.375199,-0.926894,0.009597,0.799188,0.328715,0.503233,0.00922,0.007032,0.002446,0.004049,-0.03032,0.058468,-0.899366,0.073896,0.05575,-0.02876,-0.459797,0.390668,-0.797474,-0.530075,-0.841238,-0.106483,-0.712465,0.373761,0.593882,4.4e-05,0.00342,-0.005406,-0.161682,-0.902512,-0.360708,-0.810267
2310,0.071641,0.061068,0.429598,-0.417803,0.327484,-0.84749,-0.562741,-0.825566,-0.04165,-0.712786,0.459104,0.53027,-0.00201,-0.005372,-0.00193,-0.171617,-0.940708,-0.186516,-0.810593,-0.094835,0.090157,0.383838,0.513413,0.180841,0.838865,-0.373421,0.927179,0.028804,-0.773188,-0.328273,0.542475,0.017485,0.017282,0.006214,0.006243,-0.045043,0.083276,-1.097723,0.043608,0.063464,0.007872,-0.474258,-0.177612,0.862283,0.373708,-0.927432,0.014509,0.797132,0.329123,0.506217,0.003446,0.007575,0.002879,0.006619,-0.026222,0.049767,-0.898876,0.073798,0.055817,-0.028909,-0.447099,0.363477,-0.817304,-0.514838,-0.851763,-0.097164,-0.731467,0.377337,0.567954,-0.00106,-0.002863,-0.001027,-0.198899,-1.068357,-0.243251,-0.810757
2311,0.071542,0.061065,0.429462,-0.413231,0.312993,-0.855173,-0.553152,-0.832225,-0.037365,-0.722885,0.457207,0.5181,-0.002478,-0.006617,-0.002382,-0.176168,-0.95502,-0.224346,-0.811996,-0.094581,0.090468,0.38398,0.513398,0.182905,0.838427,-0.378212,0.925201,0.029894,-0.770864,-0.332688,0.543093,0.01712,0.018453,0.006682,0.006267,-0.045008,0.08324,-1.098252,0.043735,0.063619,0.007943,-0.474225,-0.179709,0.861867,0.37856,-0.925449,0.015329,0.79486,0.333538,0.506902,0.00323,0.008287,0.003164,0.004462,-0.029315,0.053855,-0.898549,0.07375,0.055818,-0.028976,-0.442432,0.350535,-0.825456,-0.504811,-0.858114,-0.093833,-0.741227,0.375185,0.556612,-0.000588,0.001729,-0.00601,-0.028241,-0.345133,-0.130331,-0.811736
2312,0.07137,0.06107,0.429214,-0.40501,0.293435,-0.865973,-0.539157,-0.84154,-0.033057,-0.737953,0.453137,0.500119,-0.002058,-0.005488,-0.001981,1.298506,-0.719621,-0.975238,-0.815151,-0.093981,0.091215,0.384366,0.516132,0.180446,0.83728,-0.376527,0.925792,0.032721,-0.769865,-0.332381,0.544695,0.015562,0.023593,0.008734,0.008448,-0.059589,0.108,-1.098461,0.044037,0.063987,0.008135,-0.476988,-0.177263,0.860848,0.377013,-0.926028,0.018216,0.793941,0.33324,0.508536,0.00777,0.011819,0.004366,0.006388,-0.04498,0.083268,-0.900019,0.073662,0.055816,-0.029101,-0.432848,0.333149,-0.837647,-0.491835,-0.865995,-0.090272,-0.755473,0.37291,0.538699,-0.000408,0.002456,-0.005842,4.789437,0.052752,-2.801022,-0.813369
2313,0.071175,0.061078,0.429079,-0.397808,0.284785,-0.872176,-0.535066,-0.8442,-0.031662,-0.74482,0.453718,0.489296,-0.012178,-0.00064,0.000574,-0.087685,-0.398458,-0.237647,-0.816836,-0.093278,0.091905,0.385018,0.519263,0.177849,0.835899,-0.37527,0.926173,0.036201,-0.768375,-0.332716,0.546592,0.016927,0.015666,0.018144,-0.027154,-0.056688,0.085763,-1.098608,0.044381,0.064331,0.008451,-0.480129,-0.174696,0.859625,0.3759,-0.926406,0.021685,0.792574,0.333545,0.510462,0.008415,0.00799,0.009126,-0.02705,-0.056686,0.085776,-0.904101,0.073568,0.055817,-0.02917,-0.425281,0.324363,-0.84494,-0.486106,-0.869349,-0.089063,-0.763437,0.372853,0.527392,-0.000492,-0.001328,-0.000477,-0.12009,-0.736337,-0.101731,-0.813043
2314,0.071062,0.061068,0.429073,-0.39581,0.283067,-0.873643,-0.535247,-0.844108,-0.03106,-0.745755,0.454965,0.486706,-0.000939,-0.002497,-0.000904,-0.030428,-0.152087,-0.065084,-0.816443,-0.092929,0.092156,0.385425,0.52186,0.179,0.834034,-0.375088,0.926252,0.03604,-0.766704,-0.331877,0.549441,0.026608,0.020553,0.019674,-0.000441,-0.064566,-0.114115,-1.099543,0.044568,0.064467,0.008668,-0.482996,-0.175884,0.857775,0.375686,-0.926495,0.021566,0.790932,0.332671,0.513571,0.01323,0.010503,0.009915,-0.00294,-0.058037,-0.109886,-0.904428,0.073507,0.055812,-0.029173,-0.422519,0.321884,-0.84727,-0.486248,-0.869397,-0.087807,-0.764879,0.374883,0.523853,-0.00585,0.000309,0.000517,-0.037386,-0.144038,-0.12829,-0.816635
2315,0.070697,0.061042,0.42925,-0.396067,0.279867,-0.874558,-0.534866,-0.844454,-0.028066,-0.745893,0.456302,0.485242,-0.011301,-0.00493,0.012314,-0.034852,0.017017,-0.020725,-0.814823,-0.092201,0.092567,0.386465,0.522458,0.183847,0.832604,-0.381039,0.923851,0.035245,-0.763353,-0.335907,0.551654,0.01768,0.00976,0.028324,0.030662,-0.215295,-0.236316,-1.100335,0.044926,0.06467,0.009177,-0.483153,-0.17979,0.856876,0.381567,-0.924096,0.021254,0.788016,0.337225,0.515082,0.008934,0.004516,0.014009,0.109321,-0.461356,-0.189665,-0.912429,0.073327,0.055796,-0.029091,-0.42255,0.318746,-0.84844,-0.485833,-0.869922,-0.084856,-0.765125,0.376345,0.522443,-0.005332,0.001701,0.001024,0.001995,0.034448,-0.020479,-0.816635
2316,0.070163,0.06109,0.429567,-0.398876,0.27811,-0.873841,-0.534265,-0.844928,-0.025096,-0.744822,0.456502,0.486695,-0.021102,0.000756,0.015184,-0.034665,0.037469,-0.047824,-0.816074,-0.091539,0.092717,0.387735,0.522489,0.189462,0.831325,-0.388161,0.92092,0.034217,-0.759731,-0.340812,0.553641,0.009677,-0.003924,0.035866,-0.096717,-0.053942,0.03458,-1.09932,0.045252,0.064751,0.0098,-0.483702,-0.18646,0.855139,0.388611,-0.921206,0.018948,0.784227,0.341482,0.51805,0.004871,-0.002134,0.017856,-0.107121,-0.019601,0.023069,-0.913572,0.073067,0.055815,-0.028935,-0.425225,0.317099,-0.847721,-0.485262,-0.870495,-0.082206,-0.764005,0.376411,0.524033,-0.010611,0.000226,0.007542,-0.036129,0.04957,-0.073842,-0.816145
2317,0.069438,0.061418,0.429946,-0.402117,0.276009,-0.873022,-0.533346,-0.845602,-0.02174,-0.743735,0.456532,0.488327,-0.018461,0.014264,0.00677,-0.000585,0.017907,-0.032727,-0.816658,-0.091057,0.092689,0.389016,0.528014,0.200584,0.825202,-0.395478,0.917947,0.030062,-0.752099,-0.342482,0.562953,0.007735,0.005419,0.02688,0.099897,-0.418348,-0.197807,-1.097852,0.045503,0.064742,0.010466,-0.489098,-0.196705,0.849758,0.395845,-0.918189,0.015292,0.777232,0.343852,0.52695,0.00385,0.002691,0.013424,0.145557,-0.529511,-0.266982,-0.913735,0.0727,0.055976,-0.028741,-0.428477,0.314651,-0.846995,-0.484222,-0.871393,-0.078756,-0.762847,0.376388,0.525733,-0.009274,0.007035,0.003361,-0.000745,0.017909,-0.032668,-0.816472
2318,0.068995,0.061679,0.430148,-0.403841,0.274866,-0.872586,-0.532773,-0.846006,-0.019981,-0.74321,0.456475,0.48918,-0.018033,0.01532,0.007145,-0.000581,0.017911,-0.032726,-0.815012,-0.090875,0.092648,0.389662,0.52871,0.205777,0.823476,-0.402029,0.915112,0.029585,-0.748124,-0.346969,0.565496,-0.000388,-0.007555,0.034773,0.009861,-0.288897,-0.146871,-1.096778,0.045594,0.064723,0.010776,-0.489945,-0.202044,0.848016,0.40231,-0.91539,0.01434,0.773369,0.348191,0.529775,0.005125,-0.003067,0.017485,0.064999,-0.421524,-0.223528,-0.914225,0.072479,0.056107,-0.02864,-0.430127,0.313382,-0.846629,-0.483607,-0.871888,-0.077037,-0.762308,0.376301,0.526576,-0.014952,0.004477,0.009491,-0.035747,0.052303,-0.077289,-0.815982
2319,0.068147,0.062287,0.430503,-0.406924,0.272766,-0.871813,-0.531599,-0.846812,-0.016878,-0.742365,0.456243,0.490677,-0.01803,0.015184,0.007086,-0.001969,0.029429,-0.059106,-0.816095,-0.090735,0.092609,0.390742,0.533917,0.209134,0.81926,-0.404114,0.914176,0.03014,-0.74329,-0.347437,0.571551,-0.001303,-0.001563,0.024484,-0.075943,0.062399,-0.174767,-1.095011,0.045663,0.064708,0.011322,-0.495961,-0.206137,0.843522,0.404309,-0.914511,0.014234,0.768476,0.348103,0.536905,0.003407,0.005604,0.008232,-0.037675,-0.018244,0.070222,-0.911776,0.072057,0.056416,-0.028461,-0.433057,0.311072,-0.845987,-0.482361,-0.872838,-0.074027,-0.761438,0.376014,0.528037,-0.014009,0.010148,0.004885,-0.001678,0.032627,-0.062251,-0.813206
2320,0.067264,0.063015,0.430845,-0.414758,0.267545,-0.869736,-0.530163,-0.847841,-0.008047,-0.739042,0.457426,0.494576,-0.017183,0.017198,0.007789,-0.00057,0.017912,-0.032726,-0.827675,-0.090825,0.092559,0.391495,0.536355,0.208306,0.817877,-0.405674,0.913366,0.033551,-0.740681,-0.350056,0.573338,-0.001814,0.003107,0.013696,-0.033357,-0.011911,0.002401,-1.095027,0.045616,0.064684,0.011708,-0.498196,-0.20509,0.842459,0.406131,-0.913642,0.01775,0.766066,0.350992,0.538467,-0.000848,0.00131,0.006755,-0.03301,-0.010257,0.00191,-0.903611,0.071615,0.056778,-0.028291,-0.440599,0.305232,-0.844218,-0.48075,-0.874425,-0.065249,-0.758123,0.37711,0.532011,-0.013881,0.010365,0.004955,0.00074,0.030527,-0.058622,-0.818431
2321,0.066867,0.063397,0.431019,-0.420293,0.263968,-0.86817,-0.529666,-0.848188,-0.001535,-0.736261,0.458862,0.497385,-0.016667,0.018426,0.008213,-0.000839,0.018172,-0.033199,-0.842369,-0.090888,0.092578,0.391729,0.536719,0.208183,0.817669,-0.40596,0.913218,0.034103,-0.74026,-0.350514,0.573601,-0.003241,0.010835,0.004072,0.002052,-0.014123,0.025034,-1.095068,0.045585,0.064691,0.011824,-0.498543,-0.204979,0.842281,0.406452,-0.913489,0.018268,0.76567,0.351454,0.538728,-0.000398,-0.000182,0.006192,-0.033272,-0.011659,0.002348,-0.903774,0.071415,0.056968,-0.028204,-0.445938,0.301208,-0.842859,-0.480154,-0.875215,-0.058733,-0.755374,0.378511,0.534918,-0.013553,0.011147,0.005225,0.002825,0.02876,-0.055727,-0.824636
2322,0.066152,0.064185,0.431401,-0.430066,0.257817,-0.865227,-0.5292,-0.84842,0.010171,-0.730926,0.461928,0.502392,-0.017247,0.010187,0.018496,-0.035384,0.038777,-0.049188,-0.837453,-0.091058,0.092663,0.391925,0.537011,0.208078,0.817504,-0.406142,0.913122,0.034516,-0.739948,-0.350827,0.573811,-0.011293,0.000755,0.000594,-0.002045,0.015205,-0.029245,-1.0932,0.045498,0.06474,0.011924,-0.498856,-0.20486,0.842124,0.40664,-0.913396,0.018687,0.765366,0.351764,0.538958,-0.005551,3.7e-05,0.000172,-0.002009,0.015214,-0.02924,-0.904101,0.071059,0.057366,-0.028016,-0.455296,0.294301,-0.840292,-0.479513,-0.876269,-0.047087,-0.75018,0.381493,0.540084,-0.007885,0.010272,0.004477,0.002333,0.015501,-0.028865,-0.828719
2323,0.065544,0.064822,0.431817,-0.436236,0.253937,-0.863284,-0.528565,-0.848698,0.017387,-0.727716,0.463566,0.505532,-0.005863,0.015258,0.006188,0.000428,0.003205,-0.00317,-0.837107,-0.091199,0.092607,0.391899,0.537284,0.207851,0.817383,-0.405927,0.913208,0.034747,-0.739869,-0.350735,0.57397,0.000749,-0.002512,-0.000941,0.0,-0.0,-0.0,-1.093411,0.045428,0.064712,0.011911,-0.499134,-0.204634,0.842015,0.406436,-0.913483,0.018927,0.765293,0.351672,0.53912,-0.004595,-0.003152,-0.001023,-0.004068,0.029317,-0.054274,-0.904754,0.070751,0.057685,-0.027803,-0.461188,0.28996,-0.838586,-0.478776,-0.877027,-0.039944,-0.747046,0.383074,0.543301,-0.008161,0.009493,0.004188,0.001341,0.016081,-0.029561,-0.830025
2324,0.065328,0.065075,0.432049,-0.443356,0.252453,-0.860086,-0.528085,-0.848864,0.022996,-0.723746,0.464075,0.510739,-0.017244,0.009996,0.018391,-0.023768,0.084631,-0.02788,-0.837383,-0.091255,0.092549,0.39187,0.537469,0.20769,0.817302,-0.405772,0.913271,0.034904,-0.739819,-0.350667,0.574076,-0.009529,-0.005167,-0.001624,0.012088,-0.082197,0.143563,-1.093751,0.045405,0.064678,0.011895,-0.499232,-0.204549,0.841977,0.406348,-0.91352,0.019006,0.765276,0.351625,0.539177,0.00049,-0.001645,-0.000615,2.8e-05,1.7e-05,-1.1e-05,-0.904917,0.070647,0.057812,-0.027692,-0.468324,0.288058,-0.83528,-0.478222,-0.87756,-0.03451,-0.74295,0.383288,0.548739,-0.002672,0.008274,0.003321,0.002514,0.094546,-0.140564,-0.832475
2325,0.064979,0.065463,0.432572,-0.451222,0.256917,-0.854657,-0.53694,-0.843071,0.029985,-0.712278,0.472105,0.519427,-0.007259,0.005078,0.015789,-0.026378,0.05349,-0.00525,-0.839094,-0.091288,0.092463,0.391849,0.539853,0.20627,0.81609,-0.4055,0.913287,0.037547,-0.738232,-0.351461,0.575631,0.000128,-0.00043,-0.000161,-0.110785,-0.147968,0.166513,-1.093302,0.045387,0.064626,0.011881,-0.501115,-0.203409,0.841134,0.406132,-0.913572,0.021031,0.764159,0.352151,0.540416,6.7e-05,-0.000271,-0.000105,-1.228947,-1.644468,1.851848,-0.905244,0.070472,0.058008,-0.027435,-0.476294,0.29192,-0.829412,-0.487382,-0.872761,-0.027296,-0.731848,0.391239,0.557968,-0.002962,0.00751,0.00304,0.000466,-0.004487,-0.002222,-0.833291
2326,0.064744,0.065646,0.433138,-0.459905,0.263862,-0.847885,-0.545168,-0.83758,0.034989,-0.700374,0.477999,0.530114,-0.0074,0.004681,0.015639,-0.029296,0.157194,-0.143908,-0.841418,-0.091287,0.092515,0.391868,0.542764,0.212454,0.812564,-0.41608,0.908386,0.04056,-0.730162,-0.36038,0.580389,-0.000737,0.002477,0.000929,-1.237398,-1.644885,1.845132,-1.092744,0.045389,0.064648,0.011889,-0.502738,-0.210479,0.838422,0.41686,-0.908708,0.021835,0.757285,0.360482,0.544582,-0.000458,0.001532,0.000577,-0.000121,-0.004103,0.028455,-0.905081,0.070352,0.058101,-0.027146,-0.485267,0.297824,-0.82208,-0.495874,-0.86812,-0.021793,-0.720155,0.397072,0.568954,-0.004119,0.001312,0.007475,-0.044764,0.137899,-0.175578,-0.835414
2327,0.064643,0.065594,0.433767,-0.466091,0.272506,-0.841751,-0.553748,-0.831833,0.037261,-0.689469,0.483142,0.53966,-0.008667,0.001497,0.014545,-0.130982,0.277098,-0.080249,-0.839581,-0.091255,0.092712,0.391949,0.544451,0.216593,0.81034,-0.4266,0.903267,0.045335,-0.722793,-0.370652,0.583138,-0.001636,0.005489,0.002054,-0.000169,-0.000113,5.8e-05,-1.091628,0.045405,0.064745,0.011929,-0.506679,-0.213375,0.835312,0.427614,-0.903509,0.028583,0.748613,0.371673,0.549031,0.004105,0.004777,0.001633,0.006869,-0.024669,0.049932,-0.904428,0.070304,0.05808,-0.02683,-0.491726,0.305435,-0.815422,-0.504635,-0.863123,-0.018992,-0.709611,0.402152,0.578554,0.001147,-0.000396,0.006439,-0.412037,0.206677,0.355062,-0.83623
2328,0.064655,0.065502,0.434071,-0.470438,0.275867,-0.838231,-0.553602,-0.831949,0.036833,-0.686626,0.481026,0.545147,0.00059,-0.011652,0.022305,0.006177,0.434011,-0.049666,-0.838755,-0.091202,0.092864,0.392012,0.544812,0.216288,0.810179,-0.426357,0.903364,0.045684,-0.722665,-0.370592,0.583335,0.00818,0.009648,0.003296,0.004092,-0.029317,0.054286,-1.091656,0.045428,0.06482,0.01196,-0.506967,-0.213116,0.835203,0.427405,-0.903599,0.028865,0.748538,0.371604,0.549182,-0.000979,0.003275,0.001222,0.000677,0.000628,-0.0004,-0.904591,0.070305,0.058037,-0.026681,-0.495843,0.30779,-0.812037,-0.504563,-0.863163,-0.019074,-0.706792,0.400267,0.583293,0.00074,-0.001417,0.006086,0.087262,0.475993,0.205207,-0.835414
2329,0.064695,0.065236,0.43467,-0.475056,0.288663,-0.831289,-0.563469,-0.825364,0.035336,-0.675331,0.484828,0.555784,0.00126,-0.00342,0.011976,-4.475235,0.911067,3.16086,-0.839225,-0.091085,0.093162,0.392136,0.545751,0.215497,0.809758,-0.425712,0.903622,0.046581,-0.722337,-0.370423,0.583848,0.008106,0.009849,0.003364,0.004092,-0.029315,0.054287,-1.091347,0.045486,0.064972,0.012023,-0.50792,-0.212323,0.834826,0.426792,-0.903858,0.029786,0.748241,0.371426,0.549706,-0.000991,0.003312,0.001232,0.000224,8e-06,0.000124,-0.904754,0.070325,0.0579,-0.026378,-0.501843,0.315604,-0.805323,-0.509698,-0.860132,-0.019461,-0.698827,0.400706,0.592515,-0.000152,-0.006925,0.010786,-0.051094,0.105952,-0.00224,-0.83574
2330,0.064768,0.064987,0.435273,-0.481512,0.298416,-0.8241,-0.568187,-0.822171,0.034203,-0.666752,0.484337,0.56647,0.001415,-0.003034,0.01211,0.027347,0.254269,0.081512,-0.831195,-0.09096,0.093421,0.392292,0.545582,0.217834,0.809246,-0.430396,0.901343,0.047685,-0.719681,-0.374593,0.584467,-0.001727,0.005768,0.002141,-8e-06,-0.0,-6e-06,-1.090384,0.04555,0.065108,0.012104,-0.507809,-0.214637,0.834302,0.431507,-0.901586,0.030695,0.745607,0.375595,0.550451,-0.000869,0.002895,0.001073,1.5e-05,7.1e-05,0.000548,-0.904428,0.070361,0.057775,-0.026077,-0.508439,0.329023,-0.795758,-0.519709,-0.854083,-0.021078,-0.686579,0.402846,0.605246,0.000938,-0.000917,0.006257,0.0299,0.362699,-0.057863,-0.833944
