frame,MLTx,MLTy,MLTz,MLTR1,MLTR2,MLTR3,MLTR4,MLTR5,MLTR6,MLTR7,MLTR8,MLTR9,MLTTVx,MLTTVy,MLTTVz,MLTRVx,MLTRVy,MLTRVz,MLGA,MRTx,MRTy,MRTz,MRTR1,MRTR2,MRTR3,MRTR4,MRTR5,MRTR6,MRTR7,MRTR8,MRTR9,MRTTVx,MRTTVy,MRTTVz,MRTRVx,MRTRVy,MRTRVz,MRGA,SLTx,SLTy,SLTz,SLTR1,SLTR2,SLTR3,SLTR4,SLTR5,SLTR6,SLTR7,SLTR8,SLTR9,SLTTVx,SLTTVy,SLTTVz,SLTRVx,SLTRVy,SLTRVz,SLGA,SRTx,SRTy,SRTz,SRTR1,SRTR2,SRTR3,SRTR4,SRTR5,SRTR6,SRTR7,SRTR8,SRTR9,SRTTVx,SRTTVy,SRTTVz,SRTRVx,SRTRVy,SRTRVz,SRGA
254,0.161446,-0.032255,0.339556,-0.790764,0.082215,-0.606613,-0.190717,-0.974702,0.116424,-0.580715,0.207647,0.787198,3.3e-05,0.000378,0.000368,0.0,0.0,0.0,0.42956,-0.172737,-0.055944,0.284419,-0.270489,-0.914437,0.301053,0.6958,0.030292,0.71755,-0.664922,0.404706,0.627658,0.001023,-0.00635,0.015197,-0.030774,-0.007195,0.004512,-1.40558,0.040524,0.026227,-0.014987,0.319576,0.905341,0.279691,-0.67284,0.008977,0.739732,0.6672,-0.424589,0.612019,0.008606,-0.003017,0.006968,-0.053806,-0.000887,0.011994,-0.925002,0.083215,0.034494,-0.035601,0.804474,0.00261,-0.593981,0.078532,0.990744,0.110716,0.588772,-0.135715,0.796823,1.8e-05,0.000214,0.000209,-5.7e-05,1e-05,8.2e-05,0.383877
255,0.161481,-0.032244,0.339566,-0.790713,0.082306,-0.606666,-0.190798,-0.974694,0.116357,-0.580757,0.207647,0.787167,3e-05,0.000344,0.000335,0.0,0.0,0.0,0.430086,-0.172548,-0.056202,0.285074,-0.268548,-0.915093,0.300795,0.696523,0.031089,0.716815,-0.664955,0.403155,0.628621,0.001058,-0.005384,0.0166,-0.03377,-0.004768,0.00611,-1.405408,0.040618,0.026099,-0.014669,0.317678,0.906067,0.279502,-0.673563,0.008168,0.739083,0.667377,-0.423054,0.612888,0.008618,-0.002596,0.007576,-0.043992,-0.015506,0.037546,-0.923696,0.083232,0.034499,-0.035596,0.804435,0.002512,-0.594034,0.078616,0.990744,0.110651,0.588815,-0.135712,0.796792,0.007406,-6.4e-05,-0.00018,0.00094,-0.014693,0.029631,0.383877
256,0.161525,-0.032252,0.339558,-0.79068,0.082367,-0.606701,-0.190852,-0.974689,0.116313,-0.580785,0.207648,0.787146,-0.0,-4e-06,-3e-06,0.0,0.0,0.0,0.429747,-0.172346,-0.056448,0.285742,-0.264307,-0.915559,0.303126,0.699783,0.034085,0.713495,-0.663235,0.40185,0.631267,0.001072,-0.004918,0.01726,0.002595,-0.03433,-0.013191,-1.405179,0.04072,0.025972,-0.014322,0.31353,0.906752,0.281955,-0.677174,0.00535,0.735802,0.665682,-0.421629,0.615707,0.000526,-0.002425,0.008675,-0.030051,-0.026068,-0.006954,-0.925166,0.083254,0.034495,-0.0356,0.804409,0.002448,-0.594069,0.078671,0.990745,0.110607,0.588842,-0.13571,0.796772,0.007388,-0.000275,-0.000386,0.000948,-0.014696,0.029629,0.384367
257,0.161547,-0.032252,0.339557,-0.790658,0.082406,-0.606724,-0.190886,-0.974686,0.116285,-0.580802,0.207648,0.787133,-0.0,-0.0,-0.0,0.0,0.0,0.0,0.429937,-0.172238,-0.056575,0.286097,-0.267805,-0.914652,0.302792,0.701149,0.030393,0.712321,-0.660381,0.40421,0.632752,0.00106,-0.005228,0.01679,0.003015,-0.034686,-0.013389,-1.405493,0.040774,0.02591,-0.014143,0.31696,0.905701,0.281497,-0.67844,0.009111,0.734598,0.662762,-0.423818,0.617352,0.000516,-0.002627,0.008376,-0.034008,-0.023553,-0.008553,-0.925165,0.083265,0.034495,-0.035601,0.804392,0.002406,-0.594092,0.078706,0.990745,0.11058,0.58886,-0.135708,0.796759,2e-06,-2e-06,-3e-06,-3.4e-05,2.2e-05,7e-05,0.384367
258,0.161591,-0.032246,0.339548,-0.790608,0.082495,-0.606778,-0.19095,-0.974683,0.1162,-0.58085,0.207624,0.787104,-0.0,-0.0,-0.0,0.0,0.0,0.0,0.429603,-0.172034,-0.056814,0.286829,-0.265995,-0.915411,0.302094,0.701726,0.030849,0.711732,-0.660501,0.402451,0.633747,0.001078,-0.004633,0.01763,-0.031402,-0.006702,0.004859,-1.405681,0.040876,0.025791,-0.013784,0.315135,0.906533,0.280868,-0.678949,0.008567,0.734134,0.663111,-0.422047,0.61819,0.000526,-0.002352,0.008762,-0.0514,0.000213,0.007951,-0.925002,0.083287,0.034498,-0.035605,0.804353,0.002311,-0.594145,0.078772,0.990749,0.110495,0.588905,-0.135679,0.796731,2e-06,-2e-06,-2e-06,-4.1e-05,1e-05,6.1e-05,0.38453
259,0.161603,-0.03224,0.339553,-0.791063,0.077848,-0.606799,-0.185207,-0.975794,0.116173,-0.582086,0.204181,0.787092,0.0,3e-06,3e-06,0.008149,-0.00156,-0.01057,0.429905,-0.171843,-0.057041,0.287542,-0.264008,-0.916031,0.301959,0.702453,0.031786,0.710974,-0.660529,0.400961,0.634662,0.017263,-0.004371,0.01625,-0.032484,-0.019367,0.035755,-1.405276,0.040971,0.025677,-0.013419,0.313222,0.907217,0.280798,-0.679615,0.007602,0.733529,0.663336,-0.420592,0.61894,0.00862,-0.002217,0.00808,-0.03696,-0.016698,0.037321,-0.925002,0.083293,0.034501,-0.035602,0.804285,0.006985,-0.594201,0.072935,0.991209,0.110374,0.58975,-0.13211,0.796706,1e-06,-5e-06,-5e-06,0.02709,-0.00513,-0.035543,0.38453
260,0.161592,-0.032233,0.33956,-0.791064,0.077845,-0.606798,-0.185205,-0.975794,0.116175,-0.582085,0.204181,0.787092,1.3e-05,0.000152,0.000148,0.0,-0.0,-0.0,0.430242,-0.171775,-0.057122,0.287875,-0.262008,-0.916637,0.301861,0.703759,0.032413,0.709652,-0.659937,0.399519,0.636184,0.001074,-0.004643,0.017568,-0.026054,-0.011069,0.002045,-1.405491,0.041005,0.025637,-0.013261,0.311195,0.907933,0.28074,-0.681156,0.007095,0.732102,0.662708,-0.419055,0.620652,0.000524,-0.002367,0.008714,-0.051249,-0.003246,0.005164,-0.925819,0.083287,0.034504,-0.035599,0.804286,0.006996,-0.594199,0.072924,0.99121,0.110378,0.589749,-0.132108,0.796706,8e-06,7.4e-05,7.2e-05,-0.000153,5.7e-05,0.000159,0.384694
261,0.161591,-0.032232,0.339547,-0.791065,0.077841,-0.606796,-0.185186,-0.9758,0.116158,-0.582089,0.204155,0.787096,-0.0,-3e-06,-3e-06,0.0,0.0,0.0,0.429958,-0.171621,-0.057213,0.288459,-0.25999,-0.917228,0.301813,0.704812,0.033249,0.708569,-0.659615,0.39809,0.637413,0.000199,0.005888,0.008552,0.004138,-0.015889,0.023903,-1.404915,0.041083,0.025588,-0.012965,0.309216,0.908598,0.280773,-0.682201,0.006233,0.731137,0.66256,-0.417623,0.621774,0.000518,-0.002554,0.008429,-0.04942,0.000196,0.008094,-0.926145,0.083287,0.034505,-0.035606,0.804287,0.006996,-0.594198,0.072912,0.991213,0.110361,0.589749,-0.132086,0.79671,2e-06,-0.0,-0.0,-8.6e-05,2.4e-05,0.000128,0.385183
262,0.161591,-0.032224,0.33954,-0.791058,0.077853,-0.606805,-0.185181,-0.975804,0.116128,-0.582101,0.20413,0.787094,-0.0,-0.0,-0.0,0.0,0.0,0.0,0.430309,-0.171523,-0.057227,0.28894,-0.259815,-0.9171,0.302351,0.704433,0.034022,0.708908,-0.660089,0.398319,0.63678,0.001036,-0.005659,0.016041,-0.034654,-0.004063,0.006575,-1.405077,0.041131,0.025586,-0.012726,0.309147,0.908453,0.28132,-0.681743,0.005453,0.73157,0.663063,-0.417951,0.621017,7.1e-05,0.002375,0.003435,0.001756,-0.012965,0.025924,-0.926635,0.083287,0.034509,-0.035609,0.804281,0.006983,-0.594206,0.072907,0.991216,0.110331,0.589758,-0.132059,0.796708,1e-06,-0.0,1e-06,-8.2e-05,1.9e-05,0.00013,0.384857
263,0.161592,-0.032211,0.339553,-0.79244,0.076574,-0.605162,-0.18485,-0.975579,0.118523,-0.580326,0.205685,0.787999,0.00011,0.001259,0.001226,0.000839,-0.013165,0.025623,0.430212,-0.171402,-0.057111,0.28926,-0.257793,-0.917679,0.302323,0.706023,0.034554,0.707298,-0.659185,0.396932,0.638579,0.000159,0.004853,0.007012,0.007068,-0.018267,0.022374,-1.40505,0.041192,0.025642,-0.012561,0.307102,0.909144,0.281323,-0.68353,0.005031,0.729904,0.662173,-0.416449,0.622973,7.3e-05,0.002396,0.00346,-0.01446,-0.011001,0.025398,-0.927288,0.083287,0.034512,-0.035606,0.805494,0.008437,-0.592542,0.072555,0.990971,0.112739,0.588143,-0.133803,0.79761,1e-06,-4e-06,-6e-06,-0.005474,0.090475,-0.176407,0.385183
264,0.161592,-0.032211,0.339553,-0.79244,0.076574,-0.605162,-0.18485,-0.975579,0.118523,-0.580326,0.205685,0.787999,2e-06,2.2e-05,2.1e-05,-0.0,0.0,-0.0,0.430571,-0.171351,-0.057029,0.289373,-0.257795,-0.917678,0.302326,0.706024,0.034555,0.707298,-0.659184,0.396936,0.638578,0.000145,0.004464,0.006443,0.00187,-0.014014,0.02511,-1.405065,0.041217,0.025681,-0.012506,0.307151,0.909115,0.281365,-0.683416,0.004963,0.730011,0.662268,-0.416513,0.622829,5.8e-05,0.001969,0.002839,-0.001719,-0.01209,0.026199,-0.927615,0.083288,0.034515,-0.035602,0.805485,0.008417,-0.592554,0.07257,0.990972,0.112724,0.588154,-0.133799,0.797603,-0.0,2e-06,2e-06,-2.1e-05,-4.6e-05,0.00014,0.385347
265,0.161582,-0.032205,0.339559,-0.792377,0.076686,-0.60523,-0.18495,-0.97557,0.118441,-0.58038,0.205686,0.78796,1e-06,1.6e-05,1.5e-05,0.0,0.0,0.0,0.430873,-0.171201,-0.056878,0.289576,-0.257766,-0.917648,0.302439,0.706045,0.034651,0.707273,-0.659172,0.396995,0.638553,0.000117,0.003648,0.005255,0.001794,-0.013951,0.02515,-1.404814,0.041292,0.025756,-0.012406,0.307166,0.909074,0.281483,-0.683417,0.004881,0.730011,0.66226,-0.416605,0.622776,0.008136,0.002098,0.002155,0.003968,-0.0286,0.054857,-0.929738,0.083282,0.034519,-0.035599,0.805436,0.008297,-0.592623,0.072673,0.990974,0.112643,0.588209,-0.133794,0.797563,1e-06,-0.0,-1e-06,-6e-05,1.5e-05,9.8e-05,0.385183
266,0.161583,-0.032192,0.339572,-0.792358,0.07672,-0.605251,-0.18498,-0.975567,0.118417,-0.580396,0.205686,0.787948,4.2e-05,0.000478,0.000465,0.0,0.0,0.0,0.430394,-0.170966,-0.056764,0.28975,-0.257752,-0.917625,0.302522,0.706024,0.034738,0.707289,-0.6592,0.397041,0.638496,0.016264,0.004035,0.00407,-0.008541,0.067118,-0.11918,-1.405124,0.041404,0.025814,-0.012317,0.307208,0.90907,0.28145,-0.683371,0.00491,0.730053,0.662288,-0.416613,0.622741,4e-05,0.001388,0.00199,0.000137,0.000364,0.000308,-0.930554,0.083283,0.034524,-0.035594,0.805422,0.008261,-0.592643,0.072703,0.990974,0.112619,0.588225,-0.133793,0.797552,2.5e-05,0.000258,0.000249,-6e-05,1.1e-05,9e-05,0.38551
267,0.161584,-0.032186,0.339578,-0.792349,0.076737,-0.605261,-0.184995,-0.975566,0.118405,-0.580403,0.205686,0.787942,2.2e-05,0.000254,0.000247,0.0,0.0,0.0,0.431121,-0.170819,-0.056721,0.289814,-0.257811,-0.917662,0.302359,0.705973,0.034599,0.707347,-0.659231,0.396968,0.638509,6.1e-05,0.002,0.002875,0.0,-0.0,-0.0,-1.405115,0.041483,0.025838,-0.012282,0.307245,0.909079,0.281381,-0.683336,0.00497,0.730086,0.662308,-0.416593,0.622733,0.008112,0.001486,0.001264,0.002145,-0.014905,0.029498,-0.930881,0.083283,0.034528,-0.03559,0.805414,0.008243,-0.592653,0.072719,0.990974,0.112607,0.588233,-0.133792,0.797546,1.7e-05,0.000182,0.000176,-4.7e-05,1.9e-05,9.5e-05,0.385673
268,0.161585,-0.032167,0.339596,-0.792321,0.076787,-0.605291,-0.185039,-0.975562,0.118368,-0.580427,0.205686,0.787924,2e-05,0.00023,0.000224,0.0,0.0,0.0,0.430696,-0.170438,-0.056699,0.289914,-0.257744,-0.917593,0.302625,0.705918,0.034887,0.707387,-0.659316,0.397103,0.638338,0.016176,0.001399,0.000263,0.002045,-0.015205,0.029245,-1.405206,0.041668,0.02585,-0.01223,0.307188,0.909008,0.281673,-0.683298,0.004669,0.730124,0.662373,-0.416752,0.622557,0.008087,0.0007,0.000127,-0.010269,0.081233,-0.144189,-0.931207,0.083284,0.034538,-0.035581,0.805393,0.008189,-0.592683,0.072765,0.990975,0.112571,0.588257,-0.133791,0.797529,1.4e-05,0.000154,0.000149,-5.5e-05,8e-06,8.1e-05,0.385673
269,0.161598,-0.032148,0.339614,-0.792282,0.076856,-0.605332,-0.185101,-0.975556,0.118318,-0.58046,0.205687,0.7879,9e-06,9.8e-05,9.6e-05,0.0,0.0,0.0,0.430421,-0.169944,-0.056768,0.289995,-0.268599,-0.914459,0.302673,0.706064,0.026691,0.707599,-0.654801,0.404911,0.638081,0.016184,0.001698,0.00068,0.00385,-0.029119,0.054425,-1.40535,0.041915,0.025812,-0.012194,0.317923,0.905384,0.28143,-0.683086,0.012881,0.730223,0.657508,-0.424396,0.622551,0.000439,-0.00545,0.004223,-0.036391,0.010164,-0.019163,-0.931534,0.08329,0.034547,-0.035571,0.805363,0.008114,-0.592724,0.072829,0.990976,0.112522,0.588289,-0.133788,0.797505,3e-06,3.7e-05,3.5e-05,-5.1e-05,4e-06,7.4e-05,0.38551
270,0.161598,-0.032142,0.33962,-0.792273,0.076873,-0.605342,-0.185116,-0.975555,0.118306,-0.580468,0.205687,0.787894,0.0,2e-06,2e-06,0.0,0.0,0.0,0.430494,-0.169325,-0.056894,0.290109,-0.272176,-0.913574,0.302151,0.707508,0.022687,0.706295,-0.651755,0.407154,0.63977,0.016168,0.001095,-0.000203,1.661186,3.982858,3.390383,-1.405489,0.042224,0.02575,-0.012136,0.316068,0.906232,0.280789,-0.684493,0.012886,0.728904,0.656938,-0.422582,0.624383,0.008083,0.000584,-5.5e-05,-0.01111,-0.012089,0.029972,-0.931697,0.083291,0.03455,-0.035569,0.805356,0.008097,-0.592735,0.072844,0.990976,0.11251,0.588297,-0.133788,0.797499,-2e-06,-1.5e-05,-1.2e-05,-3.6e-05,2.4e-05,7.7e-05,0.385347
271,0.161599,-0.032136,0.339626,-0.792264,0.07689,-0.605352,-0.185131,-0.975554,0.118294,-0.580476,0.205687,0.787888,5e-06,5.7e-05,5.6e-05,0.0,0.0,0.0,0.430442,-0.168964,-0.056974,0.290191,-0.277716,-0.912028,0.301777,0.707323,0.018298,0.706607,-0.649608,0.410832,0.639601,0.016168,0.001107,-0.000196,0.003285,-0.012379,0.031809,-1.405385,0.042404,0.02571,-0.012095,0.326875,0.902557,0.280254,-0.684025,0.021322,0.729146,0.65212,-0.430041,0.624341,0.008531,-0.004807,0.00425,-0.032451,0.005183,0.018866,-0.93186,0.083291,0.034553,-0.035566,0.805349,0.008079,-0.592744,0.072859,0.990976,0.112498,0.588305,-0.133787,0.797493,2e-06,2.1e-05,2.2e-05,-4.2e-05,1.6e-05,7.2e-05,0.385347
272,0.161599,-0.032122,0.339626,-0.792247,0.076918,-0.605371,-0.185141,-0.975557,0.118252,-0.580496,0.205662,0.78788,7.9e-05,0.000909,0.000885,0.0,0.0,0.0,0.430517,-0.168213,-0.057166,0.290448,-0.283214,-0.910417,0.301534,0.706779,0.01425,0.707244,-0.647817,0.414558,0.639013,0.016193,0.002207,0.001364,0.006094,-0.005707,0.037827,-1.405406,0.04278,0.025612,-0.011969,0.332298,0.900697,0.279859,-0.683273,0.025348,0.729721,0.650164,-0.433706,0.623846,0.008548,-0.004168,0.005154,-0.018897,0.012786,0.06399,-0.93333,0.083291,0.034558,-0.035568,0.805335,0.008048,-0.592763,0.07287,0.99098,0.112457,0.588323,-0.13376,0.797485,5.7e-05,0.000607,0.000591,-2.3e-05,2.6e-05,8e-05,0.385184
273,0.161599,-0.032114,0.339619,-0.792239,0.07693,-0.60538,-0.185137,-0.975561,0.118222,-0.580508,0.205636,0.787878,0.0,0.0,0.0,0.0,0.0,0.0,0.430889,-0.167374,-0.057375,0.290742,-0.293987,-0.906986,0.301562,0.706256,0.006313,0.707882,-0.643562,0.422223,0.638294,0.017116,-0.007823,0.01103,-0.032594,-0.019483,0.035717,-1.405228,0.043187,0.025514,-0.01183,0.34293,0.896775,0.279627,-0.682433,0.033281,0.730189,0.64551,-0.441231,0.623402,0.008094,0.001235,0.000852,0.002059,-0.014895,0.028726,-0.934637,0.083291,0.034564,-0.035569,0.805329,0.008035,-0.592772,0.072866,0.990984,0.112427,0.588332,-0.133734,0.797483,3e-06,-8e-06,-8e-06,-3e-05,2.5e-05,7.2e-05,0.385837
274,0.161599,-0.032114,0.339619,-0.792239,0.07693,-0.60538,-0.185137,-0.975561,0.118222,-0.580508,0.205636,0.787878,0.0,0.0,0.0,0.0,0.0,0.0,0.430702,-0.166987,-0.057451,0.290878,-0.297437,-0.905945,0.30131,0.707719,0.002474,0.706443,-0.640359,0.424498,0.640004,0.017112,-0.008151,0.010546,-0.032817,0.07849,-0.170768,-1.405744,0.043393,0.025474,-0.011756,0.346308,0.895653,0.27906,-0.683898,0.037415,0.728617,0.642148,-0.443175,0.625492,0.008556,-0.003857,0.005584,-0.04708,-0.010841,0.004283,-0.935453,0.083291,0.034564,-0.035569,0.805329,0.008035,-0.592772,0.072866,0.990984,0.112427,0.588332,-0.133734,0.797483,4e-06,-6e-06,-6e-06,-2.9e-05,3e-05,7.2e-05,0.385837
275,0.16161,-0.032106,0.339612,-0.79222,0.076962,-0.6054,-0.18515,-0.975564,0.118179,-0.580529,0.205611,0.787869,0.0,0.0,0.0,0.0,0.0,0.0,0.430773,-0.166203,-0.057554,0.291147,-0.313378,-0.899889,0.303291,0.707913,-0.00864,0.706201,-0.632477,0.437137,0.639333,0.016198,0.003085,0.002565,1.678192,3.887629,3.562536,-1.405802,0.043785,0.025418,-0.011619,0.356785,0.890939,0.280946,-0.683682,0.04408,0.728447,0.636618,-0.451977,0.624846,0.00856,-0.003642,0.005878,-0.03355,-0.019593,0.035624,-0.93333,0.083296,0.034568,-0.035573,0.805314,0.008001,-0.592792,0.072879,0.990988,0.112383,0.58835,-0.133706,0.797474,6e-06,-4e-06,-6e-06,-3.1e-05,2e-05,7.1e-05,0.385673
276,0.16161,-0.032105,0.339599,-0.792222,0.076957,-0.605398,-0.18513,-0.97557,0.118161,-0.580533,0.205585,0.787873,-1.8e-05,-0.000211,-0.000205,0.0,0.0,0.0,0.430828,-0.165572,-0.05755,0.291388,-0.329607,-0.894344,0.302487,0.707146,-0.021727,0.706686,-0.625024,0.447951,0.639178,0.016195,0.003472,0.003099,0.002154,-0.014949,0.029477,-1.405508,0.044095,0.025419,-0.0115,0.377998,0.882579,0.27959,-0.682122,0.061313,0.728662,0.625959,-0.466148,0.625203,0.008095,0.001673,0.00146,-0.00933,0.083024,-0.143338,-0.931207,0.083296,0.034569,-0.035579,0.805315,0.008006,-0.592791,0.07286,0.990991,0.112365,0.588351,-0.13368,0.797478,-9e-06,-0.000162,-0.00016,-3.5e-05,1.7e-05,6.6e-05,0.385673
277,0.16161,-0.032105,0.339599,-0.792222,0.076957,-0.605398,-0.18513,-0.97557,0.118161,-0.580533,0.205585,0.787873,-0.0,-4e-06,-4e-06,0.0,0.0,0.0,0.430828,-0.165314,-0.057509,0.291489,-0.340222,-0.890397,0.302379,0.706742,-0.030153,0.706782,-0.619762,0.45528,0.639124,0.016198,0.004114,0.004008,0.01738,0.002611,0.083077,-1.405591,0.04423,0.02544,-0.01145,0.388405,0.878182,0.279171,-0.681346,0.069717,0.728633,0.62041,-0.473217,0.625424,0.008094,0.001771,0.0016,0.047804,0.091096,0.124312,-0.928595,0.083296,0.034568,-0.03558,0.805315,0.008006,-0.592791,0.07286,0.990991,0.112365,0.588351,-0.13368,0.797478,3e-06,2e-06,1e-06,-3.4e-05,1.4e-05,6.8e-05,0.385837
278,0.16161,-0.032097,0.339592,-0.792214,0.076969,-0.605407,-0.185126,-0.975574,0.118131,-0.580545,0.20556,0.78787,-0.0,-0.0,-0.0,0.0,0.0,0.0,0.431047,-0.164924,-0.057366,0.291665,-0.350804,-0.886326,0.302248,0.706277,-0.038632,0.706834,-0.614358,0.462539,0.639128,4.2e-05,0.003536,0.005048,0.0018,-0.013823,0.025221,-1.405741,0.044431,0.025512,-0.011361,0.398836,0.873631,0.278741,-0.680507,0.078216,0.728554,0.614686,-0.480259,0.625708,0.008091,0.001918,0.001799,0.001783,-0.015694,0.028335,-0.925329,0.083296,0.034572,-0.035583,0.805309,0.007993,-0.592799,0.072856,0.990995,0.112336,0.58836,-0.133654,0.797475,1e-06,1e-06,3e-06,-3.7e-05,1.3e-05,6.2e-05,0.386
279,0.161621,-0.032081,0.339578,-0.792188,0.077012,-0.605436,-0.185135,-0.975581,0.118058,-0.580578,0.205509,0.787859,-0.0,-0.0,-0.0,0.0,0.0,0.0,0.430991,-0.164683,-0.057228,0.291779,-0.368411,-0.879113,0.302367,0.703763,-0.051361,0.70853,-0.606875,0.474923,0.637193,2.7e-05,0.00244,0.003479,-0.003818,0.003125,0.001993,-1.405648,0.044551,0.025583,-0.011302,0.416203,0.865604,0.278393,-0.677253,0.090819,0.730122,0.606714,-0.492422,0.624033,1.6e-05,0.001386,0.001985,0.01761,-0.016899,0.024056,-0.9219,0.083302,0.03458,-0.03559,0.805288,0.007947,-0.592828,0.072865,0.991003,0.112262,0.588387,-0.1336,0.797464,1e-06,-0.0,2e-06,-3.3e-05,1.5e-05,6.4e-05,0.385837
280,0.161642,-0.032081,0.339564,-0.792168,0.077047,-0.605457,-0.18515,-0.975584,0.118013,-0.5806,0.205484,0.78785,-4.1e-05,-0.000475,-0.000462,0.0,0.0,0.0,0.431232,-0.164577,-0.057096,0.291864,-0.39158,-0.870064,0.299408,0.699469,-0.070208,0.71116,-0.597231,0.48899,0.635663,1.6e-05,0.001506,0.002144,0.038451,0.111192,0.098086,-1.40562,0.044604,0.02565,-0.011257,0.43876,0.855549,0.274816,-0.67205,0.109403,0.732378,0.59652,-0.506029,0.622974,-0.00046,0.006235,-0.003087,0.205063,0.345561,0.33799,-0.921247,0.083313,0.034581,-0.035596,0.805273,0.007911,-0.592849,0.07288,0.991007,0.112217,0.588406,-0.133572,0.797455,-2.2e-05,-0.000267,-0.000258,-3.6e-05,-1e-06,6.6e-05,0.386
281,0.161653,-0.032073,0.339557,-0.79215,0.077078,-0.605477,-0.185162,-0.975587,0.117969,-0.580621,0.205459,0.787841,-1e-06,-7e-06,-7e-06,0.0,0.0,0.0,0.431315,-0.164582,-0.057001,0.291856,-0.404212,-0.865207,0.296684,0.695802,-0.080482,0.713664,-0.593071,0.495985,0.634136,-0.000931,0.011786,-0.007175,-0.139371,0.176633,0.14549,-1.405481,0.044602,0.025699,-0.01126,0.450642,0.850362,0.271669,-0.668309,0.119605,0.734204,0.591847,-0.512423,0.622205,-0.000465,0.005826,-0.003669,-0.199894,0.199474,0.151691,-0.92092,0.083318,0.034584,-0.035601,0.805259,0.007877,-0.59287,0.072893,0.991011,0.112173,0.588424,-0.133545,0.797446,1e-06,3e-06,2e-06,-4e-05,1e-05,6e-05,0.386
282,0.161675,-0.032074,0.339556,-0.792129,0.077116,-0.6055,-0.185197,-0.975584,0.117941,-0.580638,0.205459,0.787828,-0.0,-0.0,-0.0,0.0,0.0,0.0,0.43154,-0.164748,-0.056767,0.291668,-0.42998,-0.852432,0.297437,0.68896,-0.097048,0.718227,-0.582823,0.51481,0.628611,-0.017078,0.009269,-0.008877,-0.437391,0.389933,0.235045,-1.4053,0.044525,0.025813,-0.01135,0.47471,0.837182,0.271614,-0.661773,0.136053,0.737255,0.580263,-0.52973,0.618611,-0.000471,0.004882,-0.005006,0.011933,0.117643,-0.132841,-0.918144,0.083329,0.034584,-0.035601,0.805243,0.007836,-0.592892,0.072928,0.991011,0.112146,0.588442,-0.133543,0.797433,-2e-06,3e-06,5e-06,-4.8e-05,-4e-06,5.7e-05,0.386163
283,0.161687,-0.03206,0.339554,-0.792101,0.077165,-0.60553,-0.185224,-0.975585,0.117885,-0.580667,0.205434,0.787813,5e-06,5.7e-05,5.6e-05,0.0,0.0,0.0,0.431723,-0.165038,-0.05627,0.291182,-0.466005,-0.834255,0.294701,0.679375,-0.12417,0.723164,-0.566114,0.538252,0.62423,-0.017066,0.009521,-0.008529,-0.031364,0.202732,0.139859,-1.405407,0.04438,0.026051,-0.011591,0.510966,0.816674,0.268247,-0.649272,0.162158,0.743068,0.563346,-0.553848,0.613101,-0.008532,0.004673,-0.004403,0.399098,1.333125,1.114408,-0.919777,0.083335,0.034591,-0.035602,0.805221,0.007785,-0.592922,0.072957,0.991015,0.112091,0.588468,-0.133515,0.797419,1e-06,3.2e-05,3.1e-05,-4.2e-05,6e-06,5.5e-05,0.38649
284,0.161687,-0.03206,0.339554,-0.792101,0.077165,-0.60553,-0.185224,-0.975585,0.117885,-0.580667,0.205434,0.787813,0.0,1e-06,1e-06,0.0,0.0,0.0,0.43161,-0.165225,-0.055946,0.29089,-0.484851,-0.824398,0.292025,0.67279,-0.138398,0.726728,-0.558078,0.549855,0.621347,-0.017996,0.020237,-0.01724,0.440311,1.294179,1.098382,-1.405296,0.044286,0.026217,-0.011741,0.528405,0.806543,0.265096,-0.64205,0.175327,0.746345,0.55548,-0.564578,0.610485,-0.001016,0.010688,-0.009124,1.582322,4.095297,3.543059,-0.924023,0.083335,0.034591,-0.035602,0.805221,0.007785,-0.592922,0.072957,0.991015,0.112091,0.588468,-0.133515,0.797419,-1e-06,-4e-06,-3e-06,-3.7e-05,1e-05,5.7e-05,0.38649
285,0.161676,-0.032037,0.339548,-0.792087,0.077186,-0.605546,-0.185214,-0.975594,0.117828,-0.58069,0.205383,0.787809,1e-06,1.3e-05,1.3e-05,0.0,0.0,0.0,0.43164,-0.165679,-0.055192,0.290247,-0.525489,-0.79896,0.292432,0.660675,-0.166807,0.731859,-0.535276,0.578783,0.615105,-0.001863,0.021593,-0.017188,0.003485,0.51857,0.455855,-1.404979,0.044053,0.026593,-0.012063,0.568588,0.778929,0.26453,-0.6288,0.204202,0.750274,0.530392,-0.592934,0.605898,-0.008514,0.005018,-0.003914,0.240212,1.444855,1.158903,-0.928105,0.08333,0.034602,-0.035605,0.805209,0.007762,-0.592938,0.072946,0.991023,0.112033,0.588486,-0.133462,0.797415,-0.0,-0.0,-0.0,-3.6e-05,7e-06,5.3e-05,0.386653
286,0.161677,-0.032017,0.339553,-0.79206,0.077231,-0.605575,-0.185239,-0.975596,0.117774,-0.580718,0.205358,0.787795,2.6e-05,0.000297,0.000289,0.0,0.0,0.0,0.431575,-0.166211,-0.0543,0.289646,-0.568949,-0.77075,0.28676,0.64505,-0.202154,0.736871,-0.509249,0.605177,0.611792,-0.001816,0.024062,-0.013683,-0.081761,0.134538,0.180138,-1.404705,0.043787,0.027034,-0.012369,0.611116,0.748378,0.25781,-0.611326,0.239346,0.754316,0.502808,-0.618581,0.603771,-0.008937,0.011318,-0.006891,-0.111298,0.274161,0.205766,-0.927615,0.08333,0.034612,-0.035603,0.805189,0.007713,-0.592967,0.072973,0.991027,0.111979,0.588511,-0.133435,0.797401,1.6e-05,0.000184,0.000177,-3.4e-05,1e-06,4.9e-05,0.386816
287,0.161679,-0.031976,0.339564,-0.792008,0.077322,-0.605632,-0.18529,-0.975599,0.117666,-0.580774,0.205307,0.787767,0.000104,0.001192,0.00116,0.0,0.0,0.0,0.431336,-0.166709,-0.05337,0.289276,-0.610435,-0.739647,0.283342,0.628656,-0.235022,0.741276,-0.480914,0.631546,0.608058,-0.017829,0.025798,-0.009403,0.220882,1.468343,1.210148,-1.404613,0.043544,0.027499,-0.012556,0.649242,0.717103,0.253469,-0.594644,0.270797,0.757011,0.474216,-0.642208,0.602234,-0.000558,0.00805,-0.000889,1.045485,4.434788,3.606242,-0.93431,0.083331,0.034631,-0.035599,0.805147,0.007616,-0.593025,0.073025,0.991035,0.111872,0.588561,-0.133379,0.797374,6.1e-05,0.000684,0.000665,0.000808,-0.013172,0.025664,0.386653
288,0.161681,-0.031963,0.339576,-0.792433,0.072665,-0.605652,-0.179539,-0.976677,0.117642,-0.581996,0.201865,0.787755,6e-05,0.000689,0.00067,0.0,-0.0,-0.0,0.431178,-0.166951,-0.052965,0.289195,-0.628525,-0.725606,0.280077,0.621571,-0.25233,0.741562,-0.46661,0.641081,0.609224,-0.000821,0.016619,-0.000345,1.581439,4.078198,3.413107,-1.404459,0.043417,0.027711,-0.0126,0.667626,0.701307,0.249884,-0.585736,0.287608,0.757756,0.459551,-0.652264,0.602796,-0.000527,0.008598,-6.9e-05,1.597858,4.065497,3.410767,-0.930881,0.083332,0.034639,-0.035591,0.805049,0.012307,-0.593079,0.067174,0.991462,0.111756,0.589392,-0.129808,0.797349,3.2e-05,0.000357,0.000347,-0.000191,6.4e-05,0.000135,0.386653
289,0.161683,-0.031932,0.339607,-0.792387,0.072749,-0.605702,-0.179614,-0.976671,0.117581,-0.582036,0.201865,0.787726,3.2e-05,0.000366,0.000356,0.0,0.0,0.0,0.431455,-0.167342,-0.052297,0.289267,-0.660249,-0.698088,0.277014,0.607601,-0.279899,0.743244,-0.440474,0.659908,0.608578,0.000125,0.007052,0.009966,0.042927,0.096994,0.116022,-1.404578,0.043227,0.028037,-0.012566,0.698779,0.671631,0.246207,-0.570335,0.31535,0.758466,0.431768,-0.670421,0.603415,6.4e-05,0.003666,0.005189,0.476801,1.224772,1.040518,-0.939209,0.083333,0.034655,-0.035575,0.805014,0.012213,-0.593129,0.067256,0.991463,0.111697,0.589431,-0.129809,0.79732,1.9e-05,0.000241,0.000235,-9.2e-05,1.5e-05,0.00013,0.386816
290,0.161674,-0.031913,0.339626,-0.79237,0.07278,-0.605721,-0.179641,-0.976668,0.117558,-0.582051,0.201866,0.787715,3e-06,3.9e-05,3.8e-05,0.0,0.0,0.0,0.431373,-0.167565,-0.051887,0.289585,-0.686493,-0.6732,0.274806,0.594356,-0.302029,0.745288,-0.417857,0.675804,0.607081,0.000144,0.007921,0.011152,0.451177,1.226481,1.034842,-1.404471,0.04311,0.028249,-0.012406,0.722986,0.646515,0.243532,-0.556463,0.336047,0.759882,0.409437,-0.684901,0.602719,-7.3e-05,0.00433,0.005809,1.52615,4.097663,3.38536,-0.941005,0.083328,0.034666,-0.035565,0.805,0.01218,-0.593148,0.067284,0.991464,0.111675,0.589445,-0.129808,0.797309,-3e-06,-1e-05,-8e-06,-8.4e-05,9e-06,0.000128,0.386816
291,0.161663,-0.031898,0.339626,-0.792363,0.072789,-0.605729,-0.179634,-0.976673,0.117531,-0.582062,0.20184,0.787713,8e-06,9.4e-05,9.1e-05,0.0,0.0,0.0,0.431378,-0.167597,-0.051729,0.289829,-0.694331,-0.665008,0.275063,0.590885,-0.308859,0.745249,-0.409759,0.680806,0.607012,0.000154,0.008459,0.011883,0.005408,-0.004113,0.033213,-1.404356,0.043094,0.028328,-0.012283,0.73154,0.636786,0.243623,-0.552234,0.343843,0.759479,0.399857,-0.690127,0.60319,-0.00792,0.004075,0.006643,0.002603,0.128396,-0.153563,-0.94525,0.083323,0.034672,-0.035565,0.804995,0.012169,-0.593156,0.067278,0.991467,0.111647,0.589454,-0.129782,0.797308,3e-06,3.4e-05,3.3e-05,-7.6e-05,2.1e-05,0.000127,0.38698
292,0.161652,-0.031866,0.3396,-0.792343,0.072818,-0.605752,-0.1796,-0.976692,0.117426,-0.5821,0.201738,0.787711,0.0,0.0,0.0,0.0,0.0,0.0,0.43144,-0.167647,-0.051428,0.290365,-0.709486,-0.648307,0.276257,0.584091,-0.321889,0.745089,-0.393222,0.690795,0.606664,0.000152,0.008416,0.011769,0.001805,-0.014191,0.025015,-1.404359,0.043069,0.028477,-0.012018,0.745945,0.619526,0.244444,-0.544865,0.356605,0.758916,0.382998,-0.699299,0.603566,8.1e-05,0.004488,0.006289,0.002595,-0.031242,0.04732,-0.9477,0.083317,0.034688,-0.035579,0.804978,0.012138,-0.593179,0.067244,0.991481,0.111542,0.589481,-0.129676,0.797305,2e-06,-1.1e-05,-9e-06,-6e-05,2.4e-05,0.000131,0.38698
293,0.161662,-0.031825,0.339553,-0.792231,0.073009,-0.605875,-0.179678,-0.976709,0.117163,-0.582227,0.201586,0.787656,-2e-06,-2.2e-05,-2.1e-05,0.0,0.0,0.0,0.431292,-0.167505,-0.051149,0.290881,-0.720732,-0.63557,0.276746,0.57851,-0.331761,0.745114,-0.380844,0.697916,0.606411,0.000152,0.008746,0.012177,0.001905,-0.013916,0.025238,-1.404143,0.04314,0.02862,-0.011755,0.756539,0.60637,0.244872,-0.538973,0.366104,0.7586,0.370344,-0.705891,0.603789,7.8e-05,0.004581,0.006389,0.001266,-0.01541,0.02352,-0.945087,0.083322,0.034708,-0.035603,0.804891,0.011934,-0.593302,0.067325,0.991506,0.111279,0.58959,-0.129512,0.797251,2e-06,-1e-05,-1e-05,-7e-05,1.7e-05,0.000111,0.38698
294,0.16166,-0.031775,0.339487,-0.792188,0.073071,-0.605925,-0.179614,-0.976746,0.11695,-0.582307,0.201381,0.787649,-6e-06,-7e-05,-6.8e-05,0.0,0.0,0.0,0.431141,-0.167189,-0.050895,0.291483,-0.731816,-0.62264,0.277047,0.572557,-0.341507,0.745308,-0.368517,0.704826,0.606035,0.016128,0.011093,0.013594,0.005656,-0.043554,0.079295,-1.404337,0.043298,0.028747,-0.011453,0.767019,0.593015,0.244978,-0.532611,0.375562,0.75847,0.35778,-0.712239,0.60391,0.008063,0.005574,0.006841,0.004953,-0.045303,0.077521,-0.947536,0.083322,0.034733,-0.035636,0.804855,0.011866,-0.593351,0.067261,0.991534,0.111065,0.589646,-0.129301,0.797243,-1e-06,-2.4e-05,-2.2e-05,-6.3e-05,1.4e-05,9.9e-05,0.38698
295,0.16166,-0.031751,0.339467,-0.792165,0.073108,-0.605951,-0.179601,-0.976759,0.116861,-0.582342,0.201305,0.787642,-0.0,-1e-06,-1e-06,0.0,0.0,0.0,0.431191,-0.166937,-0.050807,0.291825,-0.734236,-0.619888,0.276817,0.571976,-0.345461,0.743932,-0.364594,0.705323,0.607827,0.000146,0.009599,0.013271,0.088227,0.00414,-0.199934,-1.404247,0.043424,0.028794,-0.011279,0.76942,0.590008,0.244707,-0.531855,0.379626,0.756976,0.353725,-0.712582,0.60589,6.8e-05,0.004829,0.006676,0.088806,-0.000176,-0.203386,-0.948679,0.083322,0.034745,-0.035646,0.804837,0.011826,-0.593377,0.067249,0.991544,0.110976,0.589673,-0.129221,0.797236,1e-06,9e-06,1e-05,-6e-05,1.6e-05,9.5e-05,0.387143
296,0.16166,-0.031726,0.339434,-0.792143,0.073139,-0.605976,-0.179568,-0.976778,0.116754,-0.582382,0.201203,0.787639,-2e-06,-2.2e-05,-2.1e-05,0.0,0.0,0.0,0.431396,-0.166282,-0.050731,0.292599,-0.748746,-0.602771,0.275749,0.565563,-0.364256,0.739858,-0.344573,0.710667,0.613258,0.016067,0.010681,0.012906,0.640494,-0.06263,0.096141,-1.404202,0.043746,0.028827,-0.010897,0.783859,0.57114,0.243643,-0.523539,0.396925,0.753894,0.333871,-0.718504,0.610147,0.008481,0.000182,0.011062,0.500292,1.140868,1.039862,-0.944924,0.083321,0.034758,-0.035663,0.804819,0.011792,-0.593402,0.067217,0.991559,0.110869,0.589701,-0.129116,0.797233,-1e-06,-3e-06,-2e-06,-5.8e-05,1.2e-05,9e-05,0.387143
297,0.16166,-0.031719,0.33944,-0.792133,0.073156,-0.605986,-0.179583,-0.976777,0.116742,-0.58239,0.201203,0.787633,0.0,3e-06,3e-06,0.0,0.0,0.0,0.431156,-0.165555,-0.050776,0.293513,-0.759707,-0.589844,0.273718,0.560011,-0.379822,0.736245,-0.329343,0.713346,0.618493,0.016968,0.00022,0.021878,0.127259,-0.11773,0.011914,-1.404246,0.044109,0.028809,-0.010443,0.793345,0.558925,0.241257,-0.518773,0.413331,0.748352,0.318554,-0.718859,0.61787,0.008941,-0.005651,0.014744,0.142761,-0.040056,0.016593,-0.943617,0.083321,0.034761,-0.035659,0.804812,0.011774,-0.593412,0.067232,0.991559,0.110857,0.589709,-0.129115,0.797227,-1e-06,-1e-06,0.0,-6.3e-05,9e-06,8.5e-05,0.387143
298,0.16166,-0.031726,0.339434,-0.792143,0.073139,-0.605976,-0.179568,-0.976778,0.116754,-0.582382,0.201203,0.787639,-3e-06,-3.5e-05,-3.4e-05,0.0,0.0,0.0,0.431397,-0.165207,-0.050863,0.293971,-0.760415,-0.588219,0.275244,0.561832,-0.383543,0.732922,-0.324588,0.712694,0.62175,0.016945,-0.000856,0.020368,0.292898,-0.280371,-0.134551,-1.40435,0.044283,0.028768,-0.010211,0.794526,0.556524,0.242914,-0.519797,0.416536,0.745861,0.313907,-0.718872,0.620229,0.008933,-0.005736,0.014601,0.471967,-0.381646,-0.177274,-0.947536,0.083321,0.034758,-0.035662,0.804819,0.011792,-0.593402,0.067217,0.991559,0.110869,0.589701,-0.129116,0.797233,-2e-06,-1.7e-05,-1.6e-05,-5.9e-05,1.1e-05,8.7e-05,0.387306
299,0.161671,-0.031728,0.339446,-0.792131,0.073163,-0.605988,-0.179605,-0.976771,0.116758,-0.582387,0.201228,0.787629,0.0,4e-06,4e-06,0.0,0.0,0.0,0.431184,-0.164706,-0.051011,0.294836,-0.773221,-0.569672,0.278558,0.556899,-0.400232,0.727744,-0.302109,0.718541,0.626332,0.001011,-0.00188,0.02072,0.077381,-0.093672,-0.051614,-1.403948,0.044539,0.028693,-0.00978,0.805978,0.538442,0.24592,-0.515218,0.433551,0.739312,0.291458,-0.722572,0.626849,0.008459,-0.000408,0.01018,0.070639,-0.134616,-0.003043,-0.943944,0.083327,0.034757,-0.035656,0.80481,0.011766,-0.593415,0.067254,0.991556,0.110873,0.589709,-0.129141,0.797223,-1e-06,-1e-06,-1e-06,-5.7e-05,1.1e-05,8.2e-05,0.38747
300,0.161661,-0.031721,0.339453,-0.792132,0.073161,-0.605987,-0.179603,-0.976771,0.11676,-0.582386,0.201229,0.787629,3e-06,3.5e-05,3.4e-05,0.0,0.0,0.0,0.431274,-0.164577,-0.051047,0.29556,-0.784976,-0.552956,0.279364,0.551625,-0.418925,0.72121,-0.280772,0.720922,0.633483,0.000999,-0.002967,0.019198,0.721519,0.957425,0.904872,-1.404226,0.044604,0.028677,-0.009416,0.816503,0.521988,0.24668,-0.509495,0.450509,0.733113,0.271545,-0.724272,0.633792,-0.000132,0.004119,0.005391,1.986062,3.657569,3.339889,-0.943454,0.083322,0.034761,-0.035653,0.804811,0.011769,-0.593413,0.067252,0.991556,0.110875,0.589708,-0.129141,0.797223,0.0,1.4e-05,1.6e-05,-5.2e-05,6e-06,8.5e-05,0.38747
301,0.16165,-0.031722,0.339466,-0.79256,0.068454,-0.605977,-0.173818,-0.977813,0.116791,-0.583555,0.197802,0.787632,1e-06,1.3e-05,1.3e-05,0.0,-0.0,-0.0,0.430839,-0.164784,-0.050945,0.296175,-0.797902,-0.534676,0.278327,0.543044,-0.43755,0.71665,-0.260384,0.723621,0.63909,-0.015831,0.0072,0.011508,0.331508,-0.250935,-0.165191,-1.404142,0.044506,0.028723,-0.009114,0.829724,0.501241,0.245587,-0.499058,0.469124,0.728603,0.249995,-0.727103,0.639392,-0.007915,0.003811,0.006055,0.44773,-0.2387,-0.137941,-0.935779,0.083316,0.03476,-0.035646,0.804709,0.016507,-0.593438,0.061373,0.991944,0.110814,0.590487,-0.125594,0.797213,0.0,-2e-06,-2e-06,-0.000168,4e-05,0.000175,0.38747
302,0.16165,-0.031722,0.339466,-0.79256,0.068454,-0.605977,-0.173818,-0.977813,0.116791,-0.583555,0.197802,0.787632,0.0,0.0,0.0,0.0,-0.0,-0.0,0.430653,-0.164968,-0.050868,0.29644,-0.80302,-0.52695,0.27834,0.539446,-0.444594,0.71503,-0.252022,0.724985,0.640894,0.001002,-0.002982,0.019113,0.010449,0.046146,-0.196781,-1.40417,0.044408,0.028765,-0.008977,0.833773,0.494694,0.245153,-0.4963,0.47702,0.725353,0.241885,-0.726449,0.643243,-0.007913,0.003562,0.005704,0.015762,-0.038103,-0.034958,-0.935779,0.083316,0.03476,-0.035646,0.804709,0.016502,-0.593438,0.061379,0.991943,0.110814,0.590486,-0.125598,0.797213,2e-06,-7e-06,-8e-06,-0.000105,3.5e-05,0.000142,0.387306
303,0.161651,-0.031716,0.339472,-0.792551,0.068471,-0.605987,-0.173833,-0.977812,0.116779,-0.583563,0.197802,0.787627,0.0,2e-06,2e-06,0.0,0.0,0.0,0.430036,-0.165436,-0.050711,0.296879,-0.813043,-0.511357,0.278328,0.531995,-0.458716,0.711685,-0.235224,0.727332,0.644609,-0.015813,0.005694,0.00941,0.045394,0.104142,0.089953,-1.404229,0.044181,0.028841,-0.008754,0.842939,0.478881,0.245204,-0.488518,0.490346,0.721741,0.225394,-0.728171,0.647274,-0.007443,-0.002669,0.008857,0.068319,0.470279,0.128511,-0.940188,0.083317,0.034763,-0.035643,0.804702,0.016482,-0.593448,0.061396,0.991944,0.110802,0.590494,-0.125598,0.797208,3e-06,-8e-06,-1e-05,-8.4e-05,2.1e-05,0.000131,0.386816
304,0.161662,-0.031716,0.339472,-0.792541,0.06849,-0.605998,-0.17385,-0.977811,0.116765,-0.583572,0.197802,0.78762,0.0,0.0,0.0,0.0,0.0,0.0,0.430414,-0.165982,-0.050549,0.297157,-0.820422,-0.498726,0.279589,0.52636,-0.468281,0.709642,-0.221954,0.729988,0.646311,-0.015824,0.002974,0.005734,0.137263,0.367977,0.292095,-1.404152,0.043902,0.028927,-0.008608,0.849847,0.465863,0.246434,-0.482462,0.499511,0.719526,0.212104,-0.730383,0.649269,-0.007913,0.001401,0.002765,0.134091,0.374406,0.296753,-0.93529,0.083322,0.034763,-0.035643,0.804694,0.016462,-0.593459,0.061414,0.991944,0.110789,0.590503,-0.125598,0.797201,4e-06,-4e-06,-7e-06,-7.8e-05,3e-05,0.000133,0.386816
305,0.161661,-0.031722,0.339465,-0.79255,0.068474,-0.605988,-0.173835,-0.977812,0.116777,-0.583564,0.197802,0.787626,-4.1e-05,-0.000475,-0.000462,0.0,0.0,0.0,0.430586,-0.166316,-0.050491,0.297237,-0.821983,-0.495721,0.280348,0.525801,-0.471878,0.707671,-0.217479,0.729714,0.648138,-0.015827,0.00216,0.004633,0.193257,-0.141969,-0.094146,-1.404089,0.043741,0.028954,-0.00857,0.851736,0.461956,0.247265,-0.481215,0.502949,0.717964,0.207306,-0.730504,0.650681,-0.007918,0.000584,0.001669,0.32398,-0.161416,-0.127666,-0.941658,0.083322,0.03476,-0.035645,0.804702,0.016479,-0.593449,0.0614,0.991944,0.1108,0.590495,-0.125599,0.797207,-1.8e-05,-0.00027,-0.000265,-7.6e-05,2e-05,0.000126,0.38698
306,0.161651,-0.031724,0.339479,-0.792559,0.068459,-0.605978,-0.173837,-0.977808,0.116809,-0.583551,0.197828,0.787629,5.7e-05,0.000657,0.000639,0.0,0.0,0.0,0.430694,-0.166986,-0.050364,0.297343,-0.832857,-0.476262,0.281986,0.515796,-0.483531,0.707168,-0.199396,0.735005,0.647976,-0.015822,0.00174,0.004051,-0.001995,0.015196,-0.029245,-1.404292,0.043405,0.029016,-0.00852,0.86149,0.442683,0.248726,-0.471185,0.51437,0.716524,0.189256,-0.734475,0.651711,-0.015832,0.000642,0.002602,-0.00505,0.017919,-0.032935,-0.941005,0.083317,0.034757,-0.035641,0.804709,0.016495,-0.593439,0.061402,0.99194,0.110832,0.590485,-0.125626,0.79721,4e-05,0.000445,0.000431,-8.3e-05,1.4e-05,0.00012,0.38698
307,0.161651,-0.031724,0.339479,-0.792559,0.068459,-0.605978,-0.173837,-0.977808,0.116809,-0.583551,0.197828,0.787629,0.0,0.0,0.0,0.0,0.0,0.0,0.43011,-0.167715,-0.050271,0.297444,-0.842255,-0.458424,0.28363,0.507119,-0.495834,0.70492,-0.181455,0.738122,0.649702,-0.015818,0.001369,0.003535,0.481934,1.160277,1.066815,-1.40418,0.043041,0.029062,-0.00847,0.869394,0.426025,0.250312,-0.463032,0.525576,0.713701,0.172496,-0.736391,0.654196,-0.008109,0.000324,0.001144,1.526443,3.999179,3.389207,-0.945903,0.083317,0.034759,-0.035639,0.804709,0.016495,-0.593439,0.061402,0.99194,0.110832,0.590485,-0.125626,0.79721,1e-06,-3e-06,-5e-06,-7.9e-05,1.7e-05,0.000122,0.386653
308,0.161651,-0.031725,0.339492,-0.792557,0.068464,-0.60598,-0.173856,-0.977802,0.116826,-0.583547,0.197853,0.787625,1e-06,1.6e-05,1.5e-05,0.0,0.0,0.0,0.430339,-0.168356,-0.050192,0.297601,-0.851437,-0.440367,0.28482,0.497769,-0.508094,0.702852,-0.163723,0.740752,0.651417,-0.015792,0.002362,0.004837,0.531826,1.134086,1.021586,-1.404376,0.04272,0.029099,-0.008394,0.877934,0.407436,0.251446,-0.453119,0.537448,0.711218,0.154637,-0.738339,0.656461,-0.008081,0.001613,0.002869,1.621513,3.834812,3.573492,-0.942964,0.083317,0.034758,-0.035633,0.804708,0.016489,-0.593441,0.061422,0.991937,0.11085,0.590484,-0.125652,0.797206,1e-06,1e-06,-0.0,-8.4e-05,1e-06,0.000116,0.386653
309,0.161652,-0.031719,0.339498,-0.792548,0.06848,-0.60599,-0.173871,-0.977801,0.116814,-0.583555,0.197853,0.787619,5e-06,5.8e-05,5.6e-05,0.0,0.0,0.0,0.430073,-0.168675,-0.050132,0.297715,-0.855318,-0.432241,0.285639,0.493942,-0.514511,0.700881,-0.154906,0.741099,0.653177,-0.015778,0.002757,0.005351,0.259702,-0.198079,-0.166894,-1.404433,0.042566,0.029128,-0.00834,0.882717,0.396393,0.252353,-0.447201,0.543739,0.710182,0.144297,-0.739742,0.657235,-0.007883,0.001489,0.002843,0.55768,-0.343475,-0.239898,-0.94574,0.083317,0.034762,-0.03563,0.804701,0.016471,-0.593451,0.061437,0.991937,0.110838,0.590492,-0.125651,0.797201,5e-06,3.1e-05,2.9e-05,-7.3e-05,1.9e-05,0.000119,0.386653
310,0.161654,-0.031708,0.339523,-0.792529,0.068519,-0.606011,-0.17392,-0.977793,0.116807,-0.583567,0.197879,0.787604,4.4e-05,0.000506,0.000492,0.0,0.0,0.0,0.430417,-0.169231,-0.049988,0.297967,-0.862853,-0.413751,0.290321,0.48666,-0.525573,0.69776,-0.135026,0.743862,0.654447,-0.015741,0.003924,0.006875,0.096114,0.250494,-0.103235,-1.404446,0.042277,0.029202,-0.00821,0.888971,0.379079,0.256959,-0.440648,0.555205,0.70539,0.124734,-0.740301,0.660601,-0.007866,0.001969,0.003467,0.066547,0.274103,-0.115131,-0.948026,0.083318,0.034766,-0.035618,0.804686,0.01643,-0.593472,0.061487,0.991935,0.110832,0.590507,-0.125676,0.797185,2.7e-05,0.000318,0.00031,-6.9e-05,1.1e-05,0.000116,0.386326
311,0.161656,-0.031685,0.33956,-0.79249,0.068591,-0.606052,-0.173999,-0.977783,0.116776,-0.583595,0.197905,0.787577,8.7e-05,0.000995,0.000967,0.0,0.0,0.0,0.429924,-0.169737,-0.049793,0.29828,-0.871189,-0.389329,0.29907,0.478644,-0.53891,0.693116,-0.10758,0.747462,0.655431,-0.015691,0.005446,0.008861,0.061478,-0.044178,-0.034909,-1.403934,0.04203,0.029297,-0.008058,0.896574,0.354196,0.265893,-0.43214,0.568119,0.700353,0.097004,-0.742822,0.662423,-0.00784,0.002681,0.004392,0.058153,-0.047378,-0.030026,-0.946067,0.083319,0.034777,-0.0356,0.804657,0.016353,-0.593513,0.061568,0.991933,0.110802,0.590538,-0.125699,0.797159,6.6e-05,0.000751,0.00073,-7.2e-05,1.1e-05,0.000102,0.38649
