frame,MLTx,MLTy,MLTz,MLTR1,MLTR2,MLTR3,MLTR4,MLTR5,MLTR6,MLTR7,MLTR8,MLTR9,MLTTVx,MLTTVy,MLTTVz,MLTRVx,MLTRVy,MLTRVz,MLGA,MRTx,MRTy,MRTz,MRTR1,MRTR2,MRTR3,MRTR4,MRTR5,MRTR6,MRTR7,MRTR8,MRTR9,MRTTVx,MRTTVy,MRTTVz,MRTRVx,MRTRVy,MRTRVz,MRGA,SLTx,SLTy,SLTz,SLTR1,SLTR2,SLTR3,SLTR4,SLTR5,SLTR6,SLTR7,SLTR8,SLTR9,SLTTVx,SLTTVy,SLTTVz,SLTRVx,SLTRVy,SLTRVz,SLGA,SRTx,SRTy,SRTz,SRTR1,SRTR2,SRTR3,SRTR4,SRTR5,SRTR6,SRTR7,SRTR8,SRTR9,SRTTVx,SRTTVy,SRTTVz,SRTRVx,SRTRVy,SRTRVz,SRGA
150,0.036498,0.024398,0.382588,0.369748,0.337452,-0.865712,0.138362,-0.941295,-0.30788,-0.919249,-0.00637,-0.393659,0.000895,0.00183,0.001309,0.033942,0.576341,0.295477,0.263494,-0.119112,0.044952,0.347238,-0.041343,-0.375242,0.925999,-0.388134,0.859965,0.331278,-0.920548,-0.345245,-0.182371,9.7e-05,-0.000544,-0.000367,-0.081846,0.117625,-0.203136,-0.531748,0.029965,0.040365,-0.010986,0.137767,0.286995,0.947973,0.480722,-0.856186,0.189344,0.865982,0.429626,-0.25592,6.3e-05,-0.000434,-0.000289,-0.907389,1.306584,-2.257494,-0.710602,0.055701,0.034168,-0.051548,0.32793,0.396133,-0.857636,0.211456,-0.915582,-0.342044,-0.920731,-0.069186,-0.384012,0.00065,0.001331,0.000953,0.027494,0.014046,0.04583,0.23365
151,0.036545,0.024451,0.382675,0.356811,0.344148,-0.8685,0.141623,-0.938822,-0.313891,-0.92384,-0.011435,-0.382645,-0.000143,-0.007201,0.011326,0.002577,0.609392,0.319507,0.146598,-0.119064,0.044952,0.347234,-0.041266,-0.375306,0.925977,-0.388132,0.859933,0.331364,-0.920553,-0.345257,-0.182327,3e-06,-1.8e-05,-1.2e-05,-0.0,0.0,-0.0,-0.528712,0.029994,0.040364,-0.010989,0.138378,0.286626,0.947996,0.480885,-0.856239,0.188689,0.865794,0.429767,-0.256319,-1e-06,3e-06,-0.0,5.3e-05,-9.7e-05,0.000164,-0.707173,0.055725,0.034194,-0.051504,0.313959,0.40195,-0.860154,0.214346,-0.91258,-0.348211,-0.924924,-0.075047,-0.37267,0.000513,0.001048,0.000747,0.068368,0.659794,0.345294,0.092567
152,0.036531,0.024547,0.382815,0.342288,0.348909,-0.872437,0.130114,-0.937124,-0.323791,-0.930985,-0.003128,-0.365082,0.001779,0.003635,0.002594,-4.783541,-1.147928,-1.656544,0.047396,-0.119031,0.044928,0.347215,-0.04128,-0.375304,0.925977,-0.388134,0.859935,0.331358,-0.920551,-0.345254,-0.182339,0.000132,-0.00074,-0.000499,0.0,0.0,0.0,-0.52636,0.03001,0.040353,-0.010998,0.13839,0.286626,0.947994,0.480886,-0.85624,0.188683,0.865792,0.429765,-0.25633,8.3e-05,-0.000468,-0.000317,-1.3e-05,1.5e-05,-1.2e-05,-0.70456,0.055717,0.034239,-0.05143,0.296126,0.40763,-0.863797,0.207856,-0.910187,-0.358264,-0.932257,-0.073454,-0.354259,0.000682,0.001393,0.000996,-0.008785,0.891343,0.444605,-0.06109
153,0.036468,0.024647,0.38287,0.335722,0.350077,-0.874518,0.116795,-0.936651,-0.330173,-0.935125,0.008265,-0.354258,-0.010787,0.007684,0.004974,0.03992,0.809107,0.376809,0.02383,-0.11903,0.044921,0.34721,-0.041175,-0.375372,0.925954,-0.388129,0.859898,0.331458,-0.920558,-0.345271,-0.182272,1.8e-05,-0.000102,-6.9e-05,0.01508,-0.107173,0.166842,-0.525096,0.030011,0.040348,-0.011002,0.138409,0.286616,0.947994,0.480885,-0.856244,0.188666,0.865789,0.429763,-0.256342,6e-06,-3.5e-05,-2.3e-05,-1e-06,-2.2e-05,1e-06,-0.70358,0.055691,0.034288,-0.051403,0.292191,0.406315,-0.865755,0.188864,-0.911948,-0.364252,-0.937525,-0.057079,-0.343202,0.00099,0.002022,0.001453,0.07843,0.861676,0.478146,-0.110077
154,0.036353,0.024903,0.383045,0.32507,0.352281,-0.877652,0.080062,-0.934918,-0.345674,-0.942715,0.041657,-0.33103,0.002912,0.005944,0.00423,0.030059,0.438772,0.480106,-0.003739,-0.119018,0.044908,0.3472,-0.041192,-0.375364,0.925957,-0.38813,0.859902,0.331445,-0.920557,-0.345268,-0.182284,6e-06,-3.5e-05,-2.4e-05,0.0,0.0,0.0,-0.516692,0.030017,0.040342,-0.011006,0.138297,0.286681,0.947991,0.480892,-0.856216,0.188773,0.865803,0.429775,-0.256275,-1e-06,3e-06,1e-06,4e-06,-1.8e-05,1.1e-05,-0.699498,0.055627,0.034415,-0.051317,0.279396,0.408335,-0.869022,0.152086,-0.91246,-0.379849,-0.948054,-0.026038,-0.31704,0.0014,0.002857,0.00205,0.04094,0.53523,0.497372,-0.168371
155,0.036277,0.025297,0.383278,0.304544,0.365821,-0.879473,0.066248,-0.929176,-0.363615,-0.950586,0.052012,-0.30612,-0.008255,0.012796,0.008587,0.030532,0.483191,0.466554,-0.031015,-0.119018,0.044908,0.3472,-0.041192,-0.375364,0.925957,-0.38813,0.859902,0.331445,-0.920557,-0.345268,-0.182284,0.0,-0.0,-0.0,0.0,0.0,0.0,-0.508651,0.030017,0.040342,-0.011006,0.138296,0.286681,0.947991,0.480892,-0.856216,0.188773,0.865803,0.429775,-0.256274,2e-06,9e-06,9e-06,-6e-06,3.7e-05,6e-06,-0.689864,0.055593,0.034608,-0.051202,0.25784,0.420189,-0.870033,0.137755,-0.907269,-0.397347,-0.956316,-0.0174,-0.291814,0.002132,0.004354,0.003099,0.036137,0.665035,0.374005,-0.200703
156,0.036272,0.025759,0.383586,0.285346,0.380711,-0.879592,0.066813,-0.92336,-0.378041,-0.956463,0.048624,-0.287823,0.004859,0.009906,0.007,0.012871,0.295716,0.184106,-0.061184,-0.119027,0.044906,0.3472,-0.041088,-0.375429,0.925935,-0.388125,0.859867,0.331542,-0.920564,-0.345286,-0.182216,0.0,-0.0,-0.0,0.0,0.0,0.0,-0.50768,0.030012,0.040342,-0.011006,0.138187,0.28674,0.947989,0.480898,-0.856191,0.188873,0.865817,0.429787,-0.256207,5e-06,4e-06,6e-06,-9e-06,5.9e-05,-2e-06,-0.686435,0.055584,0.034838,-0.051049,0.237056,0.433705,-0.869312,0.138174,-0.900773,-0.411722,-0.961619,-0.022515,-0.273461,-0.003627,0.007408,0.005,0.038027,0.309602,0.378788,-0.223401
157,0.0363,0.025942,0.383786,0.277015,0.383878,-0.880878,0.068109,-0.922237,-0.380543,-0.958808,0.044937,-0.280527,0.005324,0.010855,0.007653,0.019845,0.498245,0.28795,-0.072023,-0.119019,0.044915,0.347205,-0.040928,-0.375535,0.925899,-0.388119,0.85981,0.331698,-0.920574,-0.345312,-0.182116,-3.7e-05,0.000205,0.000139,0.0,0.0,0.0,-0.506694,0.030016,0.040346,-0.011004,0.138018,0.286837,0.947984,0.480908,-0.856149,0.189034,0.865839,0.429804,-0.256106,-1.9e-05,0.000132,9.1e-05,6e-06,1.8e-05,2e-05,-0.685618,0.055603,0.034937,-0.050944,0.229652,0.435733,-0.870284,0.139576,-0.899685,-0.413622,-0.963212,-0.026482,-0.267433,0.002707,0.005528,0.003899,-0.0328,0.585584,0.332384,-0.233688
158,0.036415,0.026297,0.384168,0.274441,0.385577,-0.880942,0.068426,-0.921569,-0.382102,-0.959523,0.044099,-0.278208,0.004572,0.009329,0.006548,0.000747,-0.012264,0.026089,-0.082883,-0.118994,0.044934,0.347215,-0.040836,-0.375603,0.925876,-0.388116,0.859774,0.331794,-0.920579,-0.345327,-0.18206,-2.7e-05,0.000152,0.000103,0.0,0.0,0.0,-0.507009,0.030029,0.040356,-0.010998,0.137919,0.2869,0.94798,0.480915,-0.856124,0.189133,0.86585,0.429813,-0.256051,-1.7e-05,0.0001,6.7e-05,6e-06,1e-06,7e-06,-0.684802,0.055661,0.035117,-0.050751,0.22586,0.437685,-0.870297,0.140354,-0.898682,-0.415536,-0.963995,-0.028297,-0.264408,0.002269,0.004642,0.003258,-0.004115,0.061146,-0.159632,-0.245608
159,0.036557,0.026583,0.38443,0.272573,0.381708,-0.883204,0.06733,-0.923223,-0.378284,-0.96013,0.043163,-0.27625,0.003324,0.006789,0.004749,0.0,0.0,0.0,-0.088555,-0.118959,0.044947,0.347221,-0.04062,-0.375754,0.925824,-0.388108,0.859694,0.332011,-0.920592,-0.345362,-0.181926,-0.0,1e-06,1e-06,0.0,0.0,0.0,-0.506788,0.030046,0.040363,-0.010995,0.137689,0.287038,0.947971,0.48093,-0.856066,0.189357,0.865879,0.429836,-0.255917,0.006157,0.001017,9.5e-05,0.002045,-0.015216,0.029232,-0.684802,0.055734,0.035265,-0.050617,0.224553,0.43363,-0.872662,0.139248,-0.900621,-0.411692,-0.964461,-0.02907,-0.26262,0.001624,0.00333,0.002328,-0.00573,-0.00406,0.000552,-0.250833
160,0.036655,0.02669,0.384517,0.272185,0.380913,-0.883667,0.067042,-0.923557,-0.377518,-0.96026,0.043031,-0.27582,0.003056,0.006247,0.004364,0.000716,-0.01316,0.025629,-0.100574,-0.118949,0.044949,0.347221,-0.040601,-0.375769,0.925819,-0.388107,0.859687,0.332032,-0.920594,-0.345365,-0.181915,-0.0,0.0,0.0,0.0,0.0,0.0,-0.506795,0.030051,0.040363,-0.010995,0.137669,0.287052,0.94797,0.480932,-0.85606,0.189378,0.865881,0.429838,-0.255906,-2e-06,-8e-06,-1e-05,7e-06,-3.8e-05,1e-06,-0.684802,0.055783,0.035318,-0.050573,0.224285,0.432812,-0.873137,0.138903,-0.901014,-0.410949,-0.964573,-0.029111,-0.262202,0.001455,0.002984,0.002083,-0.003997,-0.015527,0.024556,-0.255242
161,0.036851,0.026787,0.384577,0.271474,0.379395,-0.884537,0.066565,-0.924196,-0.376036,-0.960494,0.042726,-0.275052,0.013692,-0.001554,-0.000645,-0.003954,0.076113,-0.147321,-0.146716,-0.118906,0.044971,0.347231,-0.040347,-0.375947,0.925758,-0.388098,0.859592,0.332287,-0.920609,-0.345406,-0.181759,-3.8e-05,0.000212,0.000143,0.0,0.0,0.0,-0.506699,0.030073,0.040374,-0.01099,0.137399,0.287215,0.94796,0.48095,-0.855992,0.18964,0.865914,0.429865,-0.255749,0.006132,0.001155,0.000186,0.002048,-0.015212,0.029254,-0.684475,0.055881,0.035367,-0.050543,0.223766,0.431234,-0.874051,0.13835,-0.901763,-0.409488,-0.964773,-0.029296,-0.261445,0.00679,-0.000888,-0.000403,-0.00713,0.074639,-0.148284,-0.278756
162,0.036975,0.026784,0.384555,0.268,0.378909,-0.885804,0.066482,-0.924464,-0.375392,-0.961471,0.041237,-0.271848,5e-06,1.1e-05,7e-06,-0.003177,0.129935,-0.15684,-0.193821,-0.118854,0.045002,0.347247,-0.04018,-0.376071,0.925714,-0.388092,0.859527,0.332462,-0.920619,-0.345432,-0.181658,-3.4e-05,0.000191,0.000129,0.0,0.0,0.0,-0.50539,0.030098,0.04039,-0.010982,0.13722,0.28733,0.947951,0.480963,-0.855945,0.189821,0.865935,0.429883,-0.255648,-1.7e-05,9.7e-05,6.6e-05,1e-05,-2e-05,2.1e-05,-0.684149,0.055943,0.035365,-0.050554,0.220208,0.430674,-0.87523,0.138065,-0.901983,-0.409101,-0.965632,-0.030752,-0.258085,0.006125,-0.002252,-0.001353,0.015051,0.008398,0.042109,-0.31419
163,0.036986,0.026757,0.384548,0.264307,0.378615,-0.887038,0.061467,-0.924433,-0.376321,-0.962821,0.044463,-0.266507,-0.000121,-0.000247,-0.000173,-0.028507,0.221519,0.110159,-0.237461,-0.118775,0.045038,0.347263,-0.039956,-0.37624,0.925656,-0.388085,0.859439,0.332698,-0.920632,-0.345468,-0.181525,0.012255,0.00236,0.000412,0.002045,-0.015205,0.029245,-0.485892,0.030134,0.040407,-0.010975,0.137,0.287473,0.947939,0.48098,-0.855886,0.190043,0.865961,0.429904,-0.255525,-3.5e-05,0.000201,0.000136,1.5e-05,-3.3e-05,2.9e-05,-0.675658,0.055947,0.035349,-0.05056,0.217565,0.429553,-0.876441,0.132892,-0.902625,-0.409398,-0.966956,-0.027402,-0.253464,-0.000107,-0.000219,-0.000152,-0.474524,0.227492,0.074341,-0.344235
164,0.036997,0.026746,0.384517,0.261346,0.379803,-0.887408,0.056992,-0.923771,-0.378642,-0.963901,0.047902,-0.261969,0.013516,0.004968,-0.012395,0.009054,0.258664,0.191768,-0.275541,-0.11874,0.045051,0.347268,-0.039862,-0.376311,0.925631,-0.388082,0.859402,0.332797,-0.920637,-0.345483,-0.181469,-3.2e-05,0.000179,0.000121,0.0,0.0,0.0,-0.468472,0.030156,0.040415,-0.010971,0.136879,0.287552,0.947933,0.480989,-0.855853,0.190167,0.865974,0.429916,-0.255458,-1.3e-05,7.3e-05,4.7e-05,-7e-06,1.8e-05,-1.7e-05,-0.662268,0.055948,0.035342,-0.050571,0.214305,0.430531,-0.876764,0.128051,-0.902255,-0.41175,-0.968336,-0.024031,-0.248488,-0.000322,-0.000661,-0.000457,-0.145525,0.372584,0.177548,-0.3653
165,0.037013,0.026797,0.384455,0.258776,0.383284,-0.886664,0.038283,-0.921223,-0.38711,-0.965514,0.065747,-0.251964,-1e-06,-2e-06,-1e-06,-4.889471,-1.909194,-1.274516,-0.40885,-0.118679,0.045084,0.347284,-0.041904,-0.374853,0.926132,-0.388874,0.859901,0.330575,-0.92021,-0.345826,-0.182977,-0.000155,0.000864,0.000583,-0.0,0.0,-0.0,-0.411228,0.030187,0.04043,-0.010965,0.139063,0.286207,0.948022,0.481515,-0.856076,0.187816,0.865334,0.430369,-0.256862,-8.2e-05,0.000465,0.000312,0.000311,-0.000492,0.000841,-0.620302,0.05596,0.035367,-0.050608,0.208178,0.435503,-0.875784,0.114431,-0.900097,-0.420392,-0.971373,-0.0127,-0.237217,8e-06,1.3e-05,1.5e-05,0.033248,0.243682,0.12481,-0.440413
166,0.03707,0.026841,0.38445,0.247899,0.389435,-0.887091,0.02544,-0.917917,-0.395919,-0.968774,0.07509,-0.236358,0.000654,0.001341,0.000935,0.015977,0.350942,0.17991,-0.521881,-0.11863,0.045183,0.347322,-0.041571,-0.375096,0.926049,-0.388814,0.859793,0.330929,-0.920251,-0.345833,-0.182758,-0.000451,0.002512,0.001694,0.0,0.0,0.0,-0.323945,0.030212,0.040477,-0.010947,0.138702,0.286435,0.948006,0.481494,-0.856006,0.188191,0.865404,0.430357,-0.256646,-0.00027,0.001504,0.001013,0.002185,-0.015535,0.024192,-0.547801,0.055987,0.035387,-0.050612,0.199498,0.439286,-0.875915,0.095723,-0.898345,-0.428733,-0.975211,0.001687,-0.221268,0.006565,-0.00135,-0.000715,0.025057,0.388619,0.268635,-0.537572
167,0.037095,0.026848,0.384456,0.242504,0.392852,-0.887076,0.016532,-0.915853,-0.401137,-0.970325,0.082117,-0.227493,0.000358,0.000735,0.000512,0.032018,0.71545,0.36679,-0.561749,-0.118602,0.04524,0.347357,-0.041371,-0.375236,0.926,-0.388807,0.859718,0.33113,-0.920263,-0.345866,-0.182635,-0.000418,0.00233,0.00157,0.0,0.0,0.0,-0.277335,0.030225,0.040508,-0.010928,0.138488,0.286564,0.947998,0.481509,-0.855952,0.188399,0.86543,0.430379,-0.256522,-0.000218,0.001216,0.000819,-1.4e-05,1.6e-05,-1e-05,-0.503223,0.056001,0.035392,-0.050607,0.195762,0.441359,-0.875716,0.086416,-0.897284,-0.432911,-0.976836,0.009071,-0.213795,0.000227,0.000458,0.000324,0.058139,0.81333,0.416636,-0.573332
168,0.037277,0.026839,0.384467,0.23244,0.400485,-0.886357,0.00379,-0.911627,-0.410968,-0.972907,0.091662,-0.212317,0.000595,0.001221,0.000851,0.024067,0.567277,0.290848,-0.679907,-0.118604,0.045359,0.347435,-0.041049,-0.375451,0.925928,-0.388794,0.859603,0.331445,-0.920283,-0.345919,-0.182431,-0.000557,0.003101,0.002088,0.0,0.0,0.0,-0.166855,0.030224,0.040567,-0.010889,0.138146,0.28676,0.947989,0.481529,-0.855869,0.188723,0.865473,0.430414,-0.256318,-0.000292,0.001619,0.00109,-9e-06,6e-06,-1.9e-05,-0.404105,0.056092,0.035388,-0.050602,0.184136,0.448532,-0.874592,0.073366,-0.893597,-0.442832,-0.980158,0.017377,-0.197451,0.006552,-0.001375,-0.000738,-0.020979,0.753939,0.425374,-0.636199
169,0.037468,0.026891,0.38452,0.219846,0.409542,-0.885431,-0.00873,-0.906717,-0.421615,-0.975782,0.099904,-0.194665,0.001748,0.003594,0.002502,0.016101,0.365579,0.219821,-0.764022,-0.118629,0.045497,0.347516,-0.040718,-0.37567,0.925853,-0.388755,0.859494,0.331771,-0.920315,-0.34595,-0.182214,-0.000555,0.00309,0.002078,0.0,0.0,0.0,-0.05173,0.030212,0.040635,-0.01085,0.137796,0.28696,0.947979,0.481527,-0.855795,0.189061,0.86553,0.430427,-0.256104,-0.000388,0.002154,0.001448,0.002195,-0.015538,0.024201,-0.294864,0.056185,0.03541,-0.050578,0.169553,0.457053,-0.873128,0.060433,-0.88911,-0.453684,-0.983666,0.024158,-0.178373,0.00686,-0.000733,-0.000291,0.039947,0.321508,0.424083,-0.648936
170,0.037736,0.026916,0.384581,0.207692,0.419999,-0.883465,-0.031162,-0.899802,-0.435151,-0.977969,0.117379,-0.172698,0.014122,-0.000616,-4e-06,-1.432343,0.056616,0.182081,-0.826544,-0.11867,0.045669,0.347633,-0.040311,-0.375933,0.925765,-0.388737,0.859352,0.332161,-0.920341,-0.346018,-0.181953,-0.000792,0.004413,0.002962,0.0,0.0,0.0,0.047208,0.030192,0.040719,-0.010793,0.137383,0.287188,0.94797,0.48155,-0.855697,0.189445,0.865583,0.430469,-0.255854,-0.00041,0.002283,0.001534,-1e-06,4e-06,-1.3e-05,-0.185133,0.056315,0.035426,-0.050546,0.157879,0.465677,-0.870757,0.038708,-0.884057,-0.465772,-0.986699,0.03983,-0.1576,0.000615,0.001361,0.000742,-4.821218,-1.499453,-0.483194,-0.677022
171,0.037889,0.026942,0.384603,0.200749,0.425959,-0.882215,-0.034697,-0.896834,-0.440973,-0.979291,0.118599,-0.164165,0.014273,-0.000295,0.000216,0.026931,0.663687,0.409791,-0.860227,-0.118687,0.045763,0.347696,-0.04008,-0.376083,0.925714,-0.388727,0.859271,0.332383,-0.920355,-0.346056,-0.181805,-0.000935,0.005208,0.003493,0.002189,-0.015531,0.024174,0.091311,0.030183,0.040766,-0.010761,0.137138,0.287324,0.947964,0.481564,-0.855639,0.189674,0.865614,0.430494,-0.255707,-0.000408,0.00227,0.001525,9e-06,-1.6e-05,1.4e-05,-0.126674,0.056392,0.035438,-0.050535,0.150857,0.470851,-0.869218,0.033447,-0.881208,-0.471542,-0.987988,0.042063,-0.148686,0.00076,0.001562,0.001088,0.074579,0.65604,0.554783,-0.681104
172,0.038263,0.026969,0.384705,0.193998,0.432294,-0.880642,-0.038331,-0.893613,-0.447166,-0.980507,0.119961,-0.155697,0.002384,0.004932,0.003419,0.004251,0.089584,0.0783,-0.912951,-0.118709,0.045939,0.347801,-0.039642,-0.376374,0.925614,-0.388684,0.859123,0.332815,-0.920393,-0.346106,-0.18152,-0.000587,0.003268,0.002188,0.0,0.0,0.0,0.163103,0.030171,0.040859,-0.010705,0.136655,0.287601,0.94795,0.48157,-0.855533,0.190139,0.865687,0.430521,-0.255413,-0.000348,0.001929,0.001292,2e-06,5e-06,-8e-06,-0.019229,0.056583,0.03545,-0.050485,0.141468,0.477568,-0.86713,0.030122,-0.87761,-0.478426,-0.989484,0.041563,-0.138539,0.007228,6.1e-05,0.000245,0.031761,0.053412,0.060883,-0.703475
173,0.038643,0.02701,0.384816,0.186522,0.437482,-0.879695,-0.042319,-0.890942,-0.452109,-0.981784,0.121006,-0.146575,0.00266,0.005518,0.003818,-0.115587,0.357844,0.228457,-0.9625,-0.118737,0.046046,0.347874,-0.039394,-0.376532,0.92556,-0.388672,0.859037,0.333051,-0.920409,-0.346147,-0.181361,-0.000363,0.002022,0.001352,0.0,0.0,0.0,0.235165,0.030157,0.040914,-0.010668,0.136393,0.287744,0.947944,0.481584,-0.85547,0.190382,0.865721,0.430548,-0.255253,-0.000209,0.001157,0.000774,2e-06,4e-06,-1.3e-05,0.073193,0.056773,0.03547,-0.05043,0.135454,0.481152,-0.866108,0.025761,-0.87558,-0.482385,-0.990448,0.043029,-0.130996,0.001221,0.002535,0.001751,-0.498789,0.415428,0.2644,-0.707884
174,0.038771,0.027091,0.384886,0.183887,0.438864,-0.879562,-0.04204,-0.890433,-0.453138,-0.98229,0.119751,-0.144198,0.002919,0.00606,0.004187,0.005127,0.115246,0.091429,-0.97701,-0.118745,0.046091,0.347892,-0.043752,-0.37611,0.925537,-0.378444,0.863551,0.333155,-0.92446,-0.335217,-0.18129,-0.002128,0.013258,-0.006506,0.037464,-0.006334,0.019899,0.2698,0.030154,0.04093,-0.010657,0.140774,0.287655,0.947331,0.471752,-0.860738,0.191258,0.87042,0.419981,-0.256871,-0.000196,0.001083,0.000728,0.00591,-0.017355,0.022355,0.122507,0.056837,0.03551,-0.050395,0.131276,0.483015,-0.865714,0.025967,-0.874648,-0.484062,-0.991005,0.041066,-0.127364,0.00138,0.002865,0.001977,0.013607,0.131927,0.066291,-0.70968
175,0.039,0.027279,0.385068,0.17888,0.442377,-0.878834,-0.046396,-0.888397,-0.456694,-0.983012,0.121911,-0.137302,0.002695,0.005606,0.003863,0.002029,0.0591,0.030278,-0.992623,-0.118762,0.046133,0.347921,-0.043665,-0.376165,0.925518,-0.37844,0.863522,0.333237,-0.924466,-0.335231,-0.181233,-0.0002,0.001117,0.000747,0.0,0.0,-0.0,0.31782,0.030145,0.040956,-0.010645,0.140647,0.287696,0.947338,0.47174,-0.860723,0.191354,0.870447,0.419984,-0.256776,-0.000118,0.000653,0.000438,-0.000233,-0.000108,5.6e-05,0.202846,0.056952,0.035605,-0.050303,0.125818,0.486161,-0.864763,0.021377,-0.872817,-0.487578,-0.991822,0.04286,-0.120209,0.007643,0.00096,0.000856,0.025136,0.014144,0.073321,-0.710823
176,0.03916,0.027442,0.385267,0.173605,0.44553,-0.878299,-0.050932,-0.886528,-0.459832,-0.983727,0.124002,-0.130125,0.002825,0.005882,0.004043,0.010802,0.542259,0.054292,-0.998028,-0.118767,0.046162,0.34794,-0.043594,-0.376212,0.925503,-0.378437,0.863496,0.333306,-0.924471,-0.335243,-0.181188,-5.1e-05,0.000284,0.00019,0.0,0.0,0.0,0.356755,0.030142,0.040971,-0.010635,0.14057,0.28774,0.947335,0.471752,-0.860701,0.191424,0.870453,0.419999,-0.256731,-2.3e-05,0.000122,8.1e-05,-0.000166,-1.7e-05,3.9e-05,0.26114,0.057033,0.035688,-0.050203,0.12279,0.487756,-0.8643,0.016626,-0.871779,-0.489615,-0.992292,0.04575,-0.115155,0.001673,0.00349,0.002398,0.027726,0.494892,0.284311,-0.712619
177,0.039304,0.027563,0.385509,0.173086,0.444987,-0.878676,-0.051383,-0.886789,-0.459278,-0.983794,0.124084,-0.129536,0.015168,0.00172,0.001555,0.001713,-0.027762,0.05524,-1.004763,-0.118812,0.046145,0.347945,-0.045925,-0.37586,0.925533,-0.373344,0.865758,0.333184,-0.926423,-0.32977,-0.181257,-0.012265,-0.002064,-0.000216,-0.002045,0.015205,-0.029245,0.382357,0.03012,0.040962,-0.010633,0.142914,0.287564,0.947038,0.466827,-0.863321,0.191696,0.872723,0.414708,-0.257624,-0.006129,-0.001053,-0.000121,-0.002245,0.014251,-0.029535,0.307025,0.057106,0.035751,-0.05008,0.120231,0.488062,-0.864487,0.016389,-0.871662,-0.489833,-0.99261,0.044724,-0.1128,0.007562,0.000818,0.000746,8.3e-05,-0.032869,0.052828,-0.718008
178,0.039369,0.027586,0.385634,0.172691,0.444558,-0.878972,-0.051708,-0.886999,-0.458837,-0.983846,0.124127,-0.129099,0.00117,-0.004435,0.013138,-0.032469,0.008572,0.011548,-1.006354,-0.118866,0.046129,0.34794,-0.046055,-0.375757,0.925568,-0.373347,0.86581,0.333043,-0.926415,-0.32975,-0.181335,0.000159,-0.000889,-0.000594,0.0,0.0,-0.0,0.388303,0.030092,0.040956,-0.010635,0.143047,0.287463,0.947049,0.466819,-0.863358,0.191549,0.872706,0.4147,-0.257694,0.000108,-0.000613,-0.000408,-0.000218,-0.000187,2.3e-05,0.320088,0.057138,0.035763,-0.050023,0.119934,0.48758,-0.864801,0.016066,-0.871927,-0.48937,-0.992651,0.044799,-0.112408,0.001213,0.002536,0.001733,-0.001992,-0.015283,0.02499,-0.719314
179,0.039519,0.027561,0.385887,0.169243,0.445091,-0.879372,-0.052158,-0.886891,-0.458995,-0.984417,0.122988,-0.125794,0.014499,0.000353,0.000608,0.0025,-0.007411,0.065631,-1.018457,-0.11905,0.046098,0.347937,-0.04643,-0.375452,0.925673,-0.373356,0.865965,0.332632,-0.926393,-0.329691,-0.181556,-0.012266,-0.002057,-0.000212,-0.002045,0.015205,-0.029245,0.399496,0.030001,0.040938,-0.010638,0.143448,0.287179,0.947074,0.46679,-0.863468,0.191125,0.872656,0.414668,-0.257915,-0.006134,-0.001028,-0.000105,-0.0022,0.015153,-0.029201,0.338377,0.057208,0.03575,-0.049891,0.116261,0.487916,-0.865112,0.015354,-0.871798,-0.489623,-0.993099,0.043641,-0.108848,0.000878,0.001844,0.001258,0.01334,0.000706,-0.001874,-0.719967
180,0.03976,0.027484,0.386046,0.166575,0.447047,-0.878889,-0.057193,-0.885404,-0.461261,-0.984589,0.126538,-0.120828,0.013751,-0.001198,-0.000456,0.00197,0.010845,0.04259,-1.03062,-0.119241,0.046106,0.347937,-0.046611,-0.375288,0.925731,-0.373308,0.866064,0.332427,-0.926403,-0.329618,-0.181638,-7.5e-05,0.00042,0.00028,0.0,0.0,0.0,0.41442,0.029906,0.040941,-0.010638,0.143643,0.287024,0.947091,0.466726,-0.863548,0.190918,0.872658,0.414609,-0.258005,-0.006179,-0.000764,7.3e-05,-0.002161,0.015216,-0.029221,0.356176,0.057329,0.035713,-0.049811,0.11336,0.489702,-0.864488,0.010108,-0.87062,-0.49185,-0.993501,0.047018,-0.103644,0.006164,-0.005522,0.004487,-0.010763,-0.010185,0.035342,-0.719314
181,0.039955,0.027456,0.386104,0.161774,0.450548,-0.877999,-0.056591,-0.883961,-0.464094,-0.985419,0.124199,-0.116416,0.014314,-7e-06,0.000353,0.012508,0.256761,0.200316,-1.040267,-0.119326,0.046106,0.347945,-0.048844,-0.374974,0.925743,-0.368171,0.868273,0.332394,-0.928339,-0.324126,-0.181637,-0.000169,0.000951,0.000635,0.00373,0.001339,-0.000732,0.423829,0.029863,0.04094,-0.010635,0.145897,0.286892,0.946787,0.461768,-0.866127,0.191294,0.874919,0.409287,-0.258843,-0.006244,-0.000408,0.000313,0.010492,0.017158,-0.032558,0.3663,0.057424,0.035694,-0.049784,0.109726,0.492035,-0.863632,0.010359,-0.869397,-0.494004,-0.993907,0.045259,-0.100493,0.006277,-0.005285,0.004646,-0.072255,0.489123,0.304331,-0.724049
182,0.040419,0.027463,0.386168,0.157292,0.454486,-0.876782,-0.055855,-0.882261,-0.467406,-0.98618,0.12192,-0.1123,0.014547,0.000514,0.000701,0.00344,0.052523,0.063832,-1.047294,-0.119507,0.046119,0.347913,-0.055677,-0.373892,0.925795,-0.352567,0.874793,0.332215,-0.933985,-0.30744,-0.1817,-0.012266,-0.002043,-0.000205,0.458434,0.180445,-0.119621,0.455675,0.029777,0.040949,-0.01065,0.152538,0.286348,0.945905,0.447125,-0.873546,0.192339,0.881368,0.393599,-0.261283,-0.00087,0.005605,-0.003948,1.586063,0.572488,-0.271963,0.398957,0.057657,0.035699,-0.049752,0.103538,0.496245,-0.861985,0.011019,-0.867162,-0.497902,-0.994563,0.042053,-0.095253,0.007488,0.000714,0.000655,0.02378,0.019475,0.075503,-0.727805
183,0.040995,0.027552,0.386229,0.150764,0.460854,-0.874602,-0.059563,-0.878814,-0.473402,-0.986974,0.122887,-0.103959,0.015185,0.001906,0.001634,0.009392,0.193732,0.168182,-1.046244,-0.119792,0.046192,0.347837,-0.055823,-0.37377,0.925835,-0.352245,0.87496,0.332116,-0.934097,-0.307114,-0.181674,-0.014027,0.009286,-0.008001,0.034312,0.008376,-0.009177,0.48012,0.029635,0.040981,-0.010685,0.152877,0.286186,0.945899,0.446387,-0.873939,0.192269,0.881683,0.392844,-0.261356,-0.00614,-0.000987,-7.6e-05,-0.002526,0.015036,-0.029158,0.438964,0.057939,0.035742,-0.049722,0.097205,0.501614,-0.859612,0.006759,-0.864015,-0.503419,-0.99524,0.043125,-0.087378,0.007721,0.001223,0.000994,-0.002857,0.310941,0.230978,-0.729111
184,0.041629,0.027622,0.386301,0.139467,0.470589,-0.871286,-0.062743,-0.87386,-0.482083,-0.988424,0.12131,-0.091268,0.015116,0.001814,0.001557,0.003676,0.426272,0.256515,-1.043705,-0.120215,0.046296,0.347772,-0.052159,-0.376632,0.924889,-0.350327,0.874122,0.336326,-0.935035,-0.306,-0.178709,-0.014349,0.01119,-0.00673,0.036517,-0.007246,0.015004,0.48821,0.029419,0.041034,-0.010722,0.148911,0.288869,0.945716,0.444967,-0.873656,0.196794,0.883079,0.391508,-0.258634,-0.007173,0.005587,-0.003362,0.034308,-0.004524,0.010326,0.459702,0.058263,0.03578,-0.049684,0.085585,0.510128,-0.855829,0.002832,-0.859101,-0.511796,-0.996326,0.041378,-0.074971,0.007817,0.001457,0.001142,-0.053411,0.544102,0.361439,-0.730418
185,0.041943,0.027659,0.38632,0.132818,0.476647,-0.869029,-0.06664,-0.87046,-0.487678,-0.989076,0.122086,-0.082771,0.026983,-0.003232,-0.001538,0.017111,0.463324,0.310434,-1.042493,-0.120488,0.046351,0.347741,-0.048448,-0.379535,0.923903,-0.348565,0.873191,0.340549,-0.935897,-0.305067,-0.175767,-0.024832,-0.002259,0.0008,-0.00188,0.027231,-0.053008,0.490478,0.029291,0.041063,-0.010737,0.14485,0.291621,0.945502,0.443715,-0.873252,0.201359,0.884383,0.390367,-0.255888,-0.007198,0.005754,-0.003252,0.038413,0.002146,0.001563,0.464437,0.058416,0.035802,-0.049672,0.078349,0.515601,-0.853238,-0.001546,-0.855805,-0.517294,-0.996924,0.041848,-0.066255,0.007514,0.000826,0.000714,-0.004088,0.606016,0.383906,-0.730581
186,0.042617,0.027598,0.386331,0.1152,0.492626,-0.862609,-0.074059,-0.861655,-0.502033,-0.990734,0.121099,-0.061709,0.013925,-0.000659,-0.00013,0.015836,0.53991,0.312452,-1.040701,-0.121056,0.046471,0.347757,-0.039539,-0.386514,0.921431,-0.34435,0.870862,0.35065,-0.937885,-0.302947,-0.168697,-0.01289,0.001673,0.002263,0.005318,0.00459,-0.010978,0.494463,0.029003,0.041121,-0.010731,0.13528,0.298111,0.944895,0.440716,-0.872231,0.212088,0.887393,0.387739,-0.249378,-0.006511,0.00122,0.001396,0.02212,-0.03221,0.049822,0.471459,0.058758,0.035771,-0.049667,0.059277,0.529993,-0.845927,-0.009968,-0.84706,-0.531402,-0.998191,0.039931,-0.044928,0.007055,-0.000134,6e-05,0.010128,0.655326,0.406068,-0.730418
187,0.043343,0.027339,0.386353,0.100206,0.511962,-0.85317,-0.080928,-0.850392,-0.519863,-0.991808,0.120496,-0.042725,0.02416,-0.016093,0.005842,-0.013421,0.516316,0.535343,-1.042463,-0.12167,0.04658,0.347884,-0.03554,-0.389639,0.920277,-0.341983,0.869933,0.355242,-0.938915,-0.301607,-0.165334,-0.013172,0.003419,0.003415,-0.017053,0.122641,-0.195919,0.496396,0.028701,0.041173,-0.010669,0.13089,0.301077,0.944573,0.438934,-0.871899,0.217089,0.888933,0.386191,-0.246276,-0.006628,0.001948,0.001876,-0.002485,0.00332,-0.011389,0.477174,0.059117,0.035646,-0.049659,0.043199,0.547302,-0.835819,-0.017759,-0.836047,-0.548369,-0.998908,0.038532,-0.026397,0.006741,-0.000795,-0.000392,-0.023905,0.772679,0.474822,-0.728948
188,0.0437,0.02718,0.386387,0.096974,0.517593,-0.850141,-0.085376,-0.846633,-0.525258,-0.991752,0.122868,-0.036857,0.024144,-0.016131,0.005813,-0.021364,0.170395,0.358927,-1.04387,-0.121965,0.04665,0.347968,-0.034306,-0.387057,0.921412,-0.341514,0.870925,0.353259,-0.939133,-0.302072,-0.163231,-0.011725,-0.006202,0.012336,0.01426,-0.247562,-0.193499,0.496518,0.028548,0.041212,-0.01063,0.13069,0.299076,0.945237,0.438532,-0.872512,0.215433,0.889162,0.386362,-0.245183,-0.006695,0.002358,0.002148,0.069593,-0.424155,-0.281327,0.478154,0.059295,0.035566,-0.049643,0.038194,0.553097,-0.83224,-0.022289,-0.832169,-0.554073,-0.999021,0.039712,-0.019456,0.006734,-0.000804,-0.000396,0.032571,0.247909,0.187098,-0.729111
189,0.044347,0.026899,0.386526,0.086335,0.527871,-0.844952,-0.089691,-0.840497,-0.534315,-0.992341,0.121252,-0.024172,0.012522,-0.010535,0.009275,-0.02399,0.509828,0.303654,-1.044643,-0.122568,0.046868,0.348153,-0.032829,-0.384573,0.922506,-0.340979,0.871865,0.351452,-0.939382,-0.302536,-0.160923,-0.013605,0.006193,0.005231,0.050511,-0.254646,-0.173571,0.496495,0.028253,0.041315,-0.010536,0.129721,0.296658,0.946132,0.437913,-0.873234,0.21376,0.889608,0.386594,-0.243188,-0.006782,0.002936,0.002521,0.080729,-0.498356,-0.36207,0.478807,0.059621,0.035421,-0.049576,0.028756,0.561389,-0.827051,-0.026958,-0.826657,-0.562059,-0.999222,0.038458,-0.008638,0.006819,-0.00061,-0.000271,0.044334,0.528453,0.293978,-0.729765
190,0.044839,0.026823,0.386569,0.081494,0.531087,-0.843416,-0.089512,-0.838851,-0.536925,-0.99276,0.118586,-0.019778,0.013815,-0.000812,-0.000255,0.002162,0.001311,0.070026,-1.045699,-0.123158,0.047189,0.348369,-0.02959,-0.379972,0.92452,-0.339872,0.873569,0.348278,-0.939895,-0.303438,-0.156163,-0.026088,0.005977,0.006189,0.006826,-0.02942,-0.063669,0.497546,0.027947,0.041481,-0.010424,0.12609,0.290082,0.948658,0.436102,-0.875138,0.209636,0.891019,0.387279,-0.236851,-0.01306,0.003059,0.003151,0.003678,0.014742,-0.036505,0.479623,0.059873,0.03538,-0.04955,0.021791,0.564988,-0.82481,-0.026775,-0.82438,-0.565401,-0.999403,0.034405,-0.002837,0.006879,-0.000465,-0.000174,0.017606,-0.034668,0.046163,-0.730091
191,0.045282,0.026821,0.386504,0.078604,0.531939,-0.843153,-0.089296,-0.838553,-0.537425,-0.993009,0.116867,-0.017368,0.014833,0.008333,-0.01017,0.03772,0.120136,0.155618,-1.046366,-0.12389,0.047589,0.348555,-0.023432,-0.370626,0.928482,-0.337632,0.877032,0.341692,-0.940883,-0.305015,-0.146862,-0.026145,0.006679,0.006615,0.072949,-0.366537,-0.287191,0.501673,0.027591,0.041679,-0.010333,0.121991,0.281448,0.95179,0.433638,-0.8777,0.203959,0.89279,0.387852,-0.229118,-0.006994,0.004433,0.003482,0.100715,-0.606663,-0.400171,0.484032,0.060089,0.035377,-0.049578,0.019652,0.565204,-0.824716,-0.026824,-0.82428,-0.565545,-0.999446,0.033235,-0.001038,0.000166,0.000361,0.000235,-0.023666,0.319759,-0.052626,-0.729275
192,0.045401,0.02683,0.386452,0.075326,0.532285,-0.843234,-0.089175,-0.838592,-0.537385,-0.99327,0.115007,-0.014656,5.2e-05,0.000113,7.6e-05,-0.001231,0.326473,-0.056945,-1.044573,-0.124303,0.047762,0.348646,-0.020538,-0.365777,0.930471,-0.336569,0.878807,0.338162,-0.941334,-0.305766,-0.142338,-0.025994,0.00593,0.006107,0.076217,-0.38523,-0.299623,0.503659,0.027384,0.041768,-0.010286,0.119657,0.276176,0.953629,0.432228,-0.879216,0.200391,0.893789,0.388207,-0.224576,-0.00774,0.009546,-0.000782,0.14048,-0.631668,-0.392468,0.487298,0.060156,0.035387,-0.049606,0.016791,0.565297,-0.824716,-0.026753,-0.824283,-0.565545,-0.9995,0.031559,0.001283,-1.3e-05,-3.2e-05,-2.8e-05,-0.030933,0.334286,0.183134,-0.729928
193,0.04564,0.02681,0.386299,0.071528,0.536796,-0.840701,-0.09826,-0.834909,-0.54152,-0.992689,0.120668,-0.005932,0.01202,-0.004712,-0.002879,0.004766,0.259203,0.169376,-1.044938,-0.125221,0.048045,0.348852,-0.015468,-0.35546,0.934559,-0.334666,0.882532,0.330256,-0.942115,-0.307213,-0.133797,-0.025943,0.005981,0.006106,0.031933,-0.131259,-0.369123,0.50522,0.026916,0.041911,-0.010181,0.115103,0.263972,0.957637,0.429252,-0.882606,0.191696,0.895819,0.389003,-0.214902,-0.012977,0.002993,0.00307,0.032639,-0.132839,-0.370274,0.49187,0.06027,0.035377,-0.049683,0.01231,0.569483,-0.82191,-0.036509,-0.821168,-0.569516,-0.999257,0.037018,0.010682,-0.000214,-0.000473,-0.000317,-0.008384,0.343081,0.179964,-0.730745
194,0.045821,0.026753,0.386181,0.062726,0.544311,-0.836562,-0.112867,-0.828907,-0.547856,-0.991719,0.128103,0.010478,0.011844,-0.005101,-0.003143,-0.407307,0.183066,0.274378,-1.042149,-0.126169,0.048299,0.349076,-0.008432,-0.345054,0.93854,-0.338158,0.884193,0.322158,-0.940966,-0.314227,-0.125329,-0.013638,0.007436,0.005926,0.029512,-0.1562,-0.108371,0.505489,0.026446,0.042036,-0.01007,0.10915,0.252479,0.961425,0.431691,-0.883273,0.182946,0.895392,0.395071,-0.205403,-0.012905,0.00272,0.002879,0.030829,-0.135288,-0.135366,0.493666,0.06036,0.035348,-0.049743,0.003117,0.575969,-0.817465,-0.051456,-0.816294,-0.575339,-0.99867,0.043857,0.027092,-0.00032,-0.000693,-0.000475,-1.424058,-0.302986,0.337664,-0.732051
195,0.045913,0.026731,0.386144,0.058902,0.548682,-0.83398,-0.1173,-0.825779,-0.551635,-0.991434,0.12963,0.016754,-4.1e-05,-8.9e-05,-6e-05,0.012065,0.339582,0.396203,-1.041328,-0.126627,0.048417,0.349192,-0.003818,-0.339911,0.940445,-0.342576,0.883921,0.318212,-0.939402,-0.320534,-0.121013,-0.025839,0.005877,0.005989,0.029931,-0.155419,-0.147152,0.50516,0.026222,0.042095,-0.010013,0.105256,0.247055,0.963267,0.435577,-0.882239,0.178678,0.893975,0.400771,-0.200473,-0.006833,0.003835,0.003051,0.037335,-0.190863,-0.131963,0.493829,0.060409,0.035333,-0.049763,-0.001141,0.580085,-0.814554,-0.056522,-0.81329,-0.579105,-0.9984,0.045379,0.033715,3e-06,-4e-06,-2e-06,0.00283,0.362532,0.411813,-0.73499
196,0.046123,0.026655,0.386098,0.055935,0.554208,-0.830524,-0.126536,-0.821124,-0.556521,-0.990466,0.135525,0.025227,-0.0,-0.0,-0.0,-0.003615,0.193666,-0.124459,-1.043576,-0.127473,0.048628,0.349389,0.003237,-0.327415,0.94487,-0.340548,0.887969,0.308986,-0.94015,-0.322365,-0.109824,-0.013312,0.005675,0.00475,0.098836,-0.535581,-0.359613,0.504988,0.025794,0.042203,-0.009912,0.100832,0.23558,0.966609,0.433042,-0.885092,0.17054,0.895715,0.401387,-0.191263,-0.013529,0.007345,-0.001715,0.146472,-0.576176,-0.436599,0.494319,0.060514,0.035296,-0.049786,-0.005271,0.58563,-0.81056,-0.065893,-0.809013,-0.584084,-0.997812,0.050331,0.042853,0.006186,-0.001977,-0.001186,0.030034,0.060552,0.056101,-0.74838
197,0.046353,0.026574,0.386001,0.052111,0.558465,-0.827916,-0.130931,-0.818006,-0.560085,-0.990099,0.136886,0.031519,0.011462,-0.005948,-0.003715,0.00779,0.438661,0.260664,-1.043706,-0.128175,0.048763,0.349548,0.007229,-0.319638,0.947507,-0.339441,0.890421,0.303091,-0.940533,-0.323415,-0.103263,-0.01301,0.003841,0.003551,0.021806,-0.119445,-0.083941,0.505191,0.025443,0.042272,-0.009832,0.096482,0.225304,0.969499,0.430851,-0.887511,0.163373,0.89725,0.401948,-0.182701,-0.012522,0.000575,0.001456,0.019829,-0.084109,-0.135209,0.49432,0.060631,0.035259,-0.049833,-0.00757,0.588347,-0.808572,-0.070369,-0.806904,-0.586475,-0.997491,0.052458,0.047509,0.005687,-0.00308,-0.00193,-0.073796,0.572044,0.364874,-0.753278
198,0.046436,0.026517,0.385928,0.058754,0.557811,-0.827913,-0.140533,-0.816404,-0.560094,-0.988417,0.148558,0.03145,-0.001113,-0.002455,-0.001651,-0.411694,-0.271957,0.019022,-1.043812,-0.128456,0.048836,0.349607,0.012195,-0.314749,0.949092,-0.343918,0.889868,0.299648,-0.93886,-0.329671,-0.0986,-0.012961,0.003577,0.003376,0.035657,-0.196113,-0.134702,0.505303,0.025298,0.042308,-0.009802,0.092192,0.220114,0.971107,0.434862,-0.886241,0.159594,0.895764,0.407584,-0.177424,-0.006468,0.001679,0.001631,0.035834,-0.196234,-0.134806,0.494319,0.060673,0.03523,-0.049869,-0.002866,0.589082,-0.808067,-0.079606,-0.80564,-0.587031,-0.996822,0.062645,0.049204,0.005461,-0.003565,-0.002276,-1.380182,-0.96412,0.068293,-0.754095
199,0.046627,0.026262,0.385642,0.064974,0.560958,-0.825318,-0.159179,-0.810588,-0.563543,-0.985203,0.167286,0.037648,-0.002303,0.001825,-0.014846,-1.331888,-0.687745,0.181032,-1.048642,-0.128861,0.048988,0.349727,0.01735,-0.309941,0.950593,-0.348388,0.889215,0.296408,-0.937136,-0.33593,-0.093758,-0.012949,0.003597,0.00338,0.010896,-0.059984,-0.044566,0.505071,0.0251,0.042381,-0.009744,0.087473,0.214622,0.972772,0.438762,-0.884993,0.155801,0.894335,0.413187,-0.171581,-0.000342,0.002287,0.00148,0.010744,-0.038699,-0.026616,0.494156,0.060768,0.035112,-0.049999,0.001145,0.592327,-0.805696,-0.094682,-0.802013,-0.589753,-0.995506,0.07696,0.055164,0.004239,-0.006299,-0.0041,-0.031648,0.416616,0.234206,-0.756708
200,0.046737,0.025951,0.385137,0.075533,0.568595,-0.819169,-0.195724,-0.79702,-0.571334,-0.977852,0.202773,0.052102,0.006841,-0.016228,-0.010691,-1.342577,-0.27644,0.657553,-1.04771,-0.129013,0.049138,0.349835,0.023202,-0.307163,0.951369,-0.346902,0.889959,0.295917,-0.937567,-0.336515,-0.087114,-0.01259,0.001224,0.00185,0.002043,-0.007302,-0.044149,0.504843,0.025019,0.042462,-0.009686,0.081949,0.211338,0.973971,0.437253,-0.885807,0.155417,0.895596,0.413136,-0.164999,-0.006284,0.00053,0.000876,-0.000774,0.029635,-0.021806,0.49432,0.060822,0.034958,-0.050258,0.014778,0.59987,-0.79996,-0.136269,-0.791375,-0.595949,-0.990561,0.117817,0.070049,-0.002298,-0.001524,-0.009277,-4.460718,-2.925953,0.349687,-0.759157
201,0.046847,0.025535,0.384367,0.085013,0.581796,-0.808908,-0.235084,-0.777154,-0.583729,-0.968368,0.239057,0.071705,-0.007884,-0.017445,-0.011893,0.004887,0.80183,0.347553,-1.043938,-0.128978,0.049215,0.349914,0.025334,-0.305189,0.95195,-0.346554,0.890458,0.294819,-0.937644,-0.33699,-0.084413,-0.000357,0.002412,0.001547,0.002189,-0.015922,0.023921,0.504945,0.025037,0.042497,-0.009649,0.080237,0.209418,0.974528,0.436829,-0.886182,0.154467,0.895958,0.413309,-0.162585,-6.6e-05,0.000435,0.000279,-0.001034,0.007658,0.004929,0.493993,0.060881,0.034756,-0.050633,0.024331,0.613489,-0.789327,-0.17905,-0.77412,-0.607189,-0.983538,0.156102,0.09101,0.002982,-0.005685,-0.011773,0.044625,0.285037,0.363107,-0.76128
202,0.046929,0.025242,0.383954,0.090527,0.590436,-0.802019,-0.256393,-0.764301,-0.591674,-0.962448,0.258456,0.083188,0.004746,-0.014037,-0.02545,-4.388342,-2.596219,0.994406,-1.041784,-0.128926,0.049238,0.349923,0.027446,-0.303213,0.952524,-0.346136,0.890985,0.293717,-0.937741,-0.337385,-0.081708,-8.5e-05,0.000573,0.000368,0.075845,-0.41488,-0.274713,0.504634,0.025062,0.042511,-0.009642,0.079625,0.209393,0.974583,0.436769,-0.886169,0.154712,0.896042,0.41335,-0.162018,-3.8e-05,0.000241,0.000156,0.08848,-0.48722,-0.322366,0.494319,0.06092,0.034605,-0.050842,0.024585,0.623284,-0.781608,-0.196942,-0.763503,-0.615041,-0.980106,0.169052,0.10398,0.00256,-0.006645,-0.012459,0.013742,0.869093,0.683953,-0.765035
203,0.047129,0.024463,0.383081,0.090929,0.615098,-0.783218,-0.288558,-0.7364,-0.611899,-0.95326,0.280873,0.111502,0.002458,-0.026144,-0.017701,-1.291619,-0.200828,0.766652,-1.039173,-0.128842,0.049235,0.349914,0.028052,-0.303666,0.952361,-0.346066,0.890803,0.294351,-0.93775,-0.337458,-0.081309,2.7e-05,-0.000184,-0.000118,1.6e-05,-8.9e-05,-5.9e-05,0.504344,0.025105,0.042507,-0.009648,0.0777,0.207716,0.975097,0.436329,-0.886497,0.154073,0.896425,0.413492,-0.159514,2e-05,-0.000134,-8.7e-05,-0.000633,0.003419,0.002305,0.49383,0.061019,0.034216,-0.051284,0.025526,0.647248,-0.761851,-0.234977,-0.736862,-0.633892,-0.971665,0.195198,0.133279,0.001286,-0.012849,-0.008831,-4.336701,-2.370992,1.356732,-0.766832
204,0.047389,0.023451,0.382384,0.080926,0.646998,-0.758215,-0.318252,-0.704054,-0.634819,-0.944658,0.291868,0.149872,0.016164,-0.027546,-0.018445,-4.192227,-2.246149,1.934803,-1.042233,-0.128831,0.049223,0.349894,0.028623,-0.304076,0.952213,-0.345974,0.890645,0.294936,-0.937767,-0.337504,-0.080918,2e-05,-0.000135,-8.6e-05,0.0,-0.0,-0.0,0.503455,0.025111,0.0425,-0.009659,0.077107,0.208128,0.975057,0.436322,-0.886392,0.154698,0.896479,0.41351,-0.159158,1.2e-05,-7.5e-05,-4.9e-05,-0.000312,7e-06,9.1e-05,0.493013,0.061139,0.033712,-0.051631,0.012504,0.675612,-0.73715,-0.264788,-0.708653,-0.653986,-0.964225,0.203366,0.170033,0.000966,-0.01724,-0.003677,-0.069226,1.19381,1.039814,-0.77026
205,0.047506,0.022939,0.38217,0.070168,0.661536,-0.746654,-0.335723,-0.689112,-0.642174,-0.939443,0.294901,0.174664,0.003334,-0.031352,-0.005215,-0.195227,1.107568,0.967228,-1.041344,-0.128838,0.049208,0.349874,0.02892,-0.304287,0.952137,-0.345915,0.890568,0.295239,-0.93778,-0.337516,-0.08071,0.000259,-0.001747,-0.001121,-0.00213,0.015593,-0.024139,0.502505,0.025106,0.042496,-0.009667,0.076771,0.208335,0.975039,0.436302,-0.886343,0.15503,0.896518,0.41351,-0.158942,2.4e-05,-0.000157,-0.000102,-0.000252,-2.5e-05,6e-05,0.49236,0.061202,0.033445,-0.051752,0.003102,0.689964,-0.723836,-0.287805,-0.692597,-0.66142,-0.957683,0.210375,0.196427,0.008808,-0.012236,-0.008171,-0.476802,1.09793,0.991282,-0.774506
