frame,MLTx,MLTy,MLTz,MLTR1,MLTR2,MLTR3,MLTR4,MLTR5,MLTR6,MLTR7,MLTR8,MLTR9,MLTTVx,MLTTVy,MLTTVz,MLTRVx,MLTRVy,MLTRVz,MLGA,MRTx,MRTy,MRTz,MRTR1,MRTR2,MRTR3,MRTR4,MRTR5,MRTR6,MRTR7,MRTR8,MRTR9,MRTTVx,MRTTVy,MRTTVz,MRTRVx,MRTRVy,MRTRVz,MRGA,SLTx,SLTy,SLTz,SLTR1,SLTR2,SLTR3,SLTR4,SLTR5,SLTR6,SLTR7,SLTR8,SLTR9,SLTTVx,SLTTVy,SLTTVz,SLTRVx,SLTRVy,SLTRVz,SLGA,SRTx,SRTy,SRTz,SRTR1,SRTR2,SRTR3,SRTR4,SRTR5,SRTR6,SRTR7,SRTR8,SRTR9,SRTTVx,SRTTVy,SRTTVz,SRTRVx,SRTRVy,SRTRVz,SRGA
1,0.15196,0.029887,0.364527,-0.167214,-0.173304,-0.970593,-0.444932,-0.865221,0.231087,-0.879624,0.4707,0.068778,4.8e-05,0.000439,0.000275,0.0,0.0,0.0,0.521156,-0.182899,0.051645,0.327757,0.832685,0.289954,0.471756,-0.552395,0.378256,0.742776,0.035881,-0.87944,0.474512,1e-05,0.000373,0.000268,0.0,0.0,0.0,0.53291,0.027281,0.049454,-0.013576,-0.822168,-0.299429,0.484129,0.567255,-0.359928,0.740724,-0.047543,0.883625,0.465774,-0.006202,6.2e-05,0.000513,-0.002195,0.01527,-0.029617,0.524365,0.091046,0.039623,-0.061111,-0.13314,-0.148589,-0.979895,-0.257813,-0.949468,0.179004,-0.956977,0.276462,0.088104,0.024899,-0.008748,0.001521,-0.030151,-0.045529,0.10027,0.457031
2,0.151961,0.029903,0.364526,-0.167181,-0.173286,-0.970602,-0.444913,-0.865239,0.231054,-0.87964,0.470672,0.068764,0.000175,0.011086,-0.008361,0.035476,-0.013995,0.017807,0.521411,-0.182898,0.051643,0.327767,0.832687,0.289955,0.471751,-0.55239,0.378235,0.74279,0.035897,-0.879449,0.474494,3e-06,0.000111,8e-05,0.0,0.0,0.0,0.53306,0.027281,0.049454,-0.013576,-0.822168,-0.299429,0.484129,0.567255,-0.359928,0.740724,-0.047543,0.883625,0.465774,-0.006202,6.2e-05,0.000513,-0.002195,0.01527,-0.029617,0.524365,0.091046,0.039623,-0.061111,-0.13314,-0.148589,-0.979895,-0.257813,-0.949468,0.179004,-0.956977,0.276462,0.088104,0.024899,-0.008748,0.001521,-0.030151,-0.045529,0.10027,0.457031
3,0.151968,0.02988,0.364511,-0.167215,-0.173305,-0.970593,-0.444908,-0.865232,0.231087,-0.879636,0.470677,0.068785,-5e-06,-4.9e-05,-3.1e-05,0.0,0.0,0.0,0.521606,-0.18289,0.051631,0.327746,0.832678,0.289946,0.471773,-0.552406,0.378251,0.74277,0.035869,-0.879445,0.474504,0.012399,-0.000249,-0.001093,0.002045,-0.015205,0.029245,0.533014,0.027281,0.049454,-0.013576,-0.822168,-0.299429,0.484129,0.567255,-0.359928,0.740724,-0.047543,0.883625,0.465774,-0.006202,6.2e-05,0.000513,-0.002195,0.01527,-0.029617,0.524365,0.091046,0.039623,-0.061111,-0.13314,-0.148589,-0.979895,-0.257813,-0.949468,0.179004,-0.956977,0.276462,0.088104,0.024899,-0.008748,0.001521,-0.030151,-0.045529,0.10027,0.457358
4,0.15196,0.029887,0.364527,-0.167214,-0.173304,-0.970593,-0.444932,-0.865221,0.231087,-0.879624,0.4707,0.068778,-8.1e-05,-0.010223,0.008901,-0.035476,0.013995,-0.017808,0.521441,-0.182899,0.051645,0.327757,0.832685,0.289954,0.471756,-0.552395,0.378256,0.742776,0.035881,-0.87944,0.474512,1.2e-05,0.000486,0.00035,0.0,0.0,0.0,0.532787,0.027281,0.049454,-0.013576,-0.822168,-0.299429,0.484129,0.567255,-0.359928,0.740724,-0.047543,0.883625,0.465774,-0.006202,6.2e-05,0.000513,-0.002195,0.01527,-0.029617,0.524365,0.091046,0.039623,-0.061111,-0.13314,-0.148589,-0.979895,-0.257813,-0.949468,0.179004,-0.956977,0.276462,0.088104,0.024899,-0.008748,0.001521,-0.030151,-0.045529,0.10027,0.457195
5,0.151961,0.029903,0.364526,-0.167181,-0.173286,-0.970602,-0.444913,-0.865239,0.231054,-0.87964,0.470672,0.068764,4.6e-05,0.000417,0.000261,0.0,0.0,0.0,0.521474,-0.182898,0.051643,0.327767,0.832687,0.289955,0.471751,-0.55239,0.378235,0.74279,0.035897,-0.879449,0.474494,7e-06,0.000289,0.000208,0.0,0.0,0.0,0.532946,0.027281,0.049454,-0.013576,-0.822168,-0.299429,0.484129,0.567255,-0.359928,0.740724,-0.047543,0.883625,0.465774,-0.006202,6.2e-05,0.000513,-0.002195,0.01527,-0.029617,0.524365,0.091046,0.039623,-0.061111,-0.13314,-0.148589,-0.979895,-0.257813,-0.949468,0.179004,-0.956977,0.276462,0.088104,0.024899,-0.008748,0.001521,-0.030151,-0.045529,0.10027,0.457031
6,0.151968,0.02988,0.364511,-0.167215,-0.173305,-0.970593,-0.444908,-0.865232,0.231087,-0.879636,0.470677,0.068785,-1.6e-05,-0.000149,-9.3e-05,0.0,0.0,0.0,0.521512,-0.182899,0.051631,0.327746,0.832667,0.289944,0.471794,-0.552424,0.378244,0.742761,0.035861,-0.879449,0.474497,-7e-06,-0.000257,-0.000185,0.0,0.0,0.0,0.533156,0.027281,0.049454,-0.013576,-0.822168,-0.299429,0.484129,0.567255,-0.359928,0.740724,-0.047543,0.883625,0.465774,-0.006202,6.2e-05,0.000513,-0.002195,0.01527,-0.029617,0.524365,0.091046,0.039623,-0.061111,-0.13314,-0.148589,-0.979895,-0.257813,-0.949468,0.179004,-0.956977,0.276462,0.088104,0.024899,-0.008748,0.001521,-0.030151,-0.045529,0.10027,0.457031
7,0.15196,0.029888,0.364516,-0.167216,-0.173308,-0.970592,-0.444908,-0.865232,0.231091,-0.879636,0.470677,0.068785,2.6e-05,0.000235,0.000147,0.0,0.0,0.0,0.520631,-0.182899,0.051638,0.327752,0.832676,0.289949,0.471775,-0.55241,0.37825,0.742768,0.035871,-0.879444,0.474505,1.4e-05,0.000538,0.000388,0.0,0.0,0.0,0.532908,0.027281,0.049454,-0.013576,-0.822168,-0.299429,0.484129,0.567255,-0.359928,0.740724,-0.047543,0.883625,0.465774,-0.006202,6.2e-05,0.000513,-0.002195,0.01527,-0.029617,0.524365,0.091046,0.039623,-0.061111,-0.13314,-0.148589,-0.979895,-0.257813,-0.949468,0.179004,-0.956977,0.276462,0.088104,0.024899,-0.008748,0.001521,-0.030151,-0.045529,0.10027,0.457031
8,0.151961,0.029895,0.364521,-0.167199,-0.173297,-0.970597,-0.44491,-0.865235,0.231073,-0.879638,0.470675,0.068774,0.0,0.0,0.0,0.0,0.0,0.0,0.521129,-0.182898,0.051636,0.327762,0.832678,0.28995,0.47177,-0.552405,0.378228,0.742783,0.035887,-0.879453,0.474486,0.0,3e-06,2e-06,0.0,0.0,0.0,0.533115,0.027281,0.049454,-0.013576,-0.822168,-0.299429,0.484129,0.567255,-0.359928,0.740724,-0.047543,0.883625,0.465774,-0.006202,6.2e-05,0.000513,-0.002195,0.01527,-0.029617,0.524365,0.091046,0.039623,-0.061111,-0.13314,-0.148589,-0.979895,-0.257813,-0.949468,0.179004,-0.956977,0.276462,0.088104,0.024899,-0.008748,0.001521,-0.030151,-0.045529,0.10027,0.457031
9,0.151968,0.02988,0.364511,-0.167215,-0.173305,-0.970593,-0.444908,-0.865232,0.231087,-0.879636,0.470677,0.068785,-0.000203,-0.011343,0.0082,-0.040292,0.11343,-0.189993,0.521399,-0.182899,0.051631,0.327746,0.832667,0.289944,0.471794,-0.552424,0.378244,0.742761,0.035861,-0.879449,0.474497,-2.4e-05,-0.000942,-0.000678,0.0,0.0,0.0,0.53279,0.027281,0.049454,-0.013576,-0.822168,-0.299429,0.484129,0.567255,-0.359928,0.740724,-0.047543,0.883625,0.465774,-0.006202,6.2e-05,0.000513,-0.002195,0.01527,-0.029617,0.524365,0.091046,0.039623,-0.061111,-0.13314,-0.148589,-0.979895,-0.257813,-0.949468,0.179004,-0.956977,0.276462,0.088104,0.024899,-0.008748,0.001521,-0.030151,-0.045529,0.10027,0.457358
10,0.15196,0.029888,0.364516,-0.167093,-0.173232,-0.970627,-0.444926,-0.865256,0.230965,-0.87965,0.470661,0.068713,8.5e-05,0.000775,0.000485,0.0,0.0,0.0,0.521502,-0.182899,0.051638,0.327752,0.832676,0.289949,0.471775,-0.55241,0.37825,0.742768,0.035871,-0.879444,0.474505,3.7e-05,0.001427,0.001028,0.00171,-0.017154,0.023092,0.532722,0.027281,0.049454,-0.013576,-0.822168,-0.299429,0.484129,0.567255,-0.359928,0.740724,-0.047543,0.883625,0.465774,-0.006202,6.2e-05,0.000513,-0.002195,0.01527,-0.029617,0.524365,0.091046,0.039623,-0.061111,-0.13314,-0.148589,-0.979895,-0.257813,-0.949468,0.179004,-0.956977,0.276462,0.088104,0.024899,-0.008748,0.001521,-0.030151,-0.045529,0.10027,0.457358
11,0.151961,0.029895,0.364521,-0.167076,-0.173221,-0.970632,-0.444929,-0.865259,0.230947,-0.879652,0.470659,0.068703,0.0,2e-06,1e-06,0.0,0.0,0.0,0.521598,-0.182908,0.051645,0.327757,0.832673,0.289952,0.471778,-0.552414,0.378248,0.742766,0.035872,-0.879444,0.474505,0.0,3e-06,2e-06,0.0,0.0,0.0,0.532994,0.027281,0.049454,-0.013576,-0.822168,-0.299429,0.484129,0.567255,-0.359928,0.740724,-0.047543,0.883625,0.465774,-0.006202,6.2e-05,0.000513,-0.002195,0.01527,-0.029617,0.524365,0.091046,0.039623,-0.061111,-0.13314,-0.148589,-0.979895,-0.257813,-0.949468,0.179004,-0.956977,0.276462,0.088104,0.024899,-0.008748,0.001521,-0.030151,-0.045529,0.10027,0.457358
12,0.15196,0.029896,0.36451,-0.167201,-0.173302,-0.970596,-0.444886,-0.865247,0.231076,-0.879649,0.470652,0.068781,0.000146,0.01082,-0.008527,0.030662,0.085444,-0.154376,0.520971,-0.182899,0.051638,0.327752,0.832676,0.289949,0.471775,-0.55241,0.37825,0.742768,0.035871,-0.879444,0.474505,-1.2e-05,-0.000458,-0.00033,0.0,0.0,0.0,0.532767,0.027281,0.049454,-0.013576,-0.822168,-0.299429,0.484129,0.567255,-0.359928,0.740724,-0.047543,0.883625,0.465774,-0.006202,6.2e-05,0.000513,-0.002195,0.01527,-0.029617,0.524365,0.091046,0.039623,-0.061111,-0.13314,-0.148589,-0.979895,-0.257813,-0.949468,0.179004,-0.956977,0.276462,0.088104,0.024899,-0.008748,0.001521,-0.030151,-0.045529,0.10027,0.457358
13,0.151969,0.029887,0.364516,-0.167197,-0.173294,-0.970598,-0.444911,-0.865236,0.231069,-0.879638,0.470675,0.068774,6.1e-05,0.00056,0.000351,-0.004815,0.099436,-0.172186,0.52141,-0.18289,0.051631,0.327746,0.832678,0.289946,0.471773,-0.552406,0.378251,0.74277,0.035869,-0.879445,0.474504,0.012411,0.00023,-0.000749,0.002045,-0.015205,0.029245,0.532967,0.027281,0.049454,-0.013576,-0.822168,-0.299429,0.484129,0.567255,-0.359928,0.740724,-0.047543,0.883625,0.465774,-0.006202,6.2e-05,0.000513,-0.002195,0.01527,-0.029617,0.524365,0.091046,0.039623,-0.061111,-0.13314,-0.148589,-0.979895,-0.257813,-0.949468,0.179004,-0.956977,0.276462,0.088104,0.024899,-0.008748,0.001521,-0.030151,-0.045529,0.10027,0.457031
14,0.151961,0.029895,0.364521,-0.167199,-0.173297,-0.970597,-0.44491,-0.865235,0.231073,-0.879638,0.470675,0.068774,1e-06,6e-06,4e-06,0.0,0.0,0.0,0.521429,-0.182899,0.051652,0.327762,0.832694,0.289959,0.471737,-0.552381,0.378262,0.742783,0.035891,-0.879436,0.474519,1.6e-05,0.000608,0.000438,0.0,0.0,0.0,0.532857,0.027281,0.049454,-0.013576,-0.822168,-0.299429,0.484129,0.567255,-0.359928,0.740724,-0.047543,0.883625,0.465774,-0.006202,6.2e-05,0.000513,-0.002195,0.01527,-0.029617,0.524365,0.091046,0.039623,-0.061111,-0.13314,-0.148589,-0.979895,-0.257813,-0.949468,0.179004,-0.956977,0.276462,0.088104,0.024899,-0.008748,0.001521,-0.030151,-0.045529,0.10027,0.457195
15,0.151959,0.029881,0.364512,-0.167234,-0.173319,-0.970587,-0.444905,-0.865228,0.231109,-0.879633,0.470679,0.068795,-1.1e-05,-0.0001,-6.2e-05,0.0,0.0,0.0,0.521228,-0.182899,0.051629,0.327757,0.832669,0.289945,0.471789,-0.552419,0.378222,0.742775,0.035877,-0.879458,0.47448,-0.0,-1.8e-05,-1.3e-05,0.0,0.0,0.0,0.532762,0.027281,0.049454,-0.013576,-0.822168,-0.299429,0.484129,0.567255,-0.359928,0.740724,-0.047543,0.883625,0.465774,-0.006202,6.2e-05,0.000513,-0.002195,0.01527,-0.029617,0.524365,0.091046,0.039623,-0.061111,-0.13314,-0.148589,-0.979895,-0.257813,-0.949468,0.179004,-0.956977,0.276462,0.088104,0.024899,-0.008748,0.001521,-0.030151,-0.045529,0.10027,0.457031
16,0.151968,0.02988,0.364511,-0.167215,-0.173305,-0.970593,-0.444908,-0.865232,0.231087,-0.879636,0.470677,0.068785,-0.0,-1e-06,-1e-06,-0.004815,0.099436,-0.172186,0.521474,-0.182899,0.051631,0.327746,0.832667,0.289944,0.471794,-0.552424,0.378244,0.742761,0.035861,-0.879449,0.474497,-1e-06,-2.9e-05,-2.1e-05,0.0,0.0,0.0,0.533009,0.027281,0.049454,-0.013576,-0.822168,-0.299429,0.484129,0.567255,-0.359928,0.740724,-0.047543,0.883625,0.465774,-0.006202,6.2e-05,0.000513,-0.002195,0.01527,-0.029617,0.524365,0.091046,0.039623,-0.061111,-0.13314,-0.148589,-0.979895,-0.257813,-0.949468,0.179004,-0.956977,0.276462,0.088104,0.024899,-0.008748,0.001521,-0.030151,-0.045529,0.10027,0.457031
17,0.15197,0.029895,0.36452,-0.167179,-0.173283,-0.970603,-0.444913,-0.86524,0.231051,-0.87964,0.470672,0.068764,0.012572,-0.00083,-0.00083,-0.003831,0.084721,-0.142632,0.521309,-0.182899,0.051645,0.327757,0.832685,0.289954,0.471756,-0.552395,0.378256,0.742776,0.035881,-0.87944,0.474512,0.0,1.3e-05,9e-06,0.011802,-0.118387,0.159364,0.532809,0.027281,0.049454,-0.013576,-0.822168,-0.299429,0.484129,0.567255,-0.359928,0.740724,-0.047543,0.883625,0.465774,-0.006202,6.2e-05,0.000513,-0.002195,0.01527,-0.029617,0.524365,0.091046,0.039623,-0.061111,-0.13314,-0.148589,-0.979895,-0.257813,-0.949468,0.179004,-0.956977,0.276462,0.088104,0.024899,-0.008748,0.001521,-0.030151,-0.045529,0.10027,0.457195
18,0.151959,0.029881,0.364512,-0.167234,-0.173319,-0.970587,-0.444905,-0.865228,0.231109,-0.879633,0.470679,0.068795,-2.5e-05,-0.000225,-0.000141,-0.004815,0.099436,-0.172186,0.521858,-0.182899,0.051622,0.327752,0.83266,0.289941,0.471808,-0.552433,0.378216,0.742768,0.035867,-0.879462,0.474473,-1e-05,-0.00041,-0.000295,0.0,0.0,0.0,0.532955,0.027281,0.049454,-0.013576,-0.822168,-0.299429,0.484129,0.567255,-0.359928,0.740724,-0.047543,0.883625,0.465774,-0.006202,6.2e-05,0.000513,-0.002195,0.01527,-0.029617,0.524365,0.091046,0.039623,-0.061111,-0.13314,-0.148589,-0.979895,-0.257813,-0.949468,0.179004,-0.956977,0.276462,0.088104,0.024899,-0.008748,0.001521,-0.030151,-0.045529,0.10027,0.457358
19,0.151968,0.02988,0.364511,-0.167092,-0.173229,-0.970628,-0.444927,-0.865257,0.230962,-0.87965,0.470661,0.068713,-0.0,-3e-06,-2e-06,0.0,0.0,0.0,0.521405,-0.182899,0.051631,0.327746,0.832667,0.289944,0.471794,-0.552424,0.378244,0.742761,0.035861,-0.879449,0.474497,-0.0,-6e-06,-4e-06,0.0,0.0,0.0,0.532946,0.027281,0.049454,-0.013576,-0.822168,-0.299429,0.484129,0.567255,-0.359928,0.740724,-0.047543,0.883625,0.465774,-0.006202,6.2e-05,0.000513,-0.002195,0.01527,-0.029617,0.524365,0.091046,0.039623,-0.061111,-0.13314,-0.148589,-0.979895,-0.257813,-0.949468,0.179004,-0.956977,0.276462,0.088104,0.024899,-0.008748,0.001521,-0.030151,-0.045529,0.10027,0.457358
20,0.15196,0.029887,0.364527,-0.166185,-0.174291,-0.970593,-0.439801,-0.86784,0.231087,-0.882396,0.465483,0.068778,4e-06,3.7e-05,2.3e-05,0.000352,-8.4e-05,-2.5e-05,0.5217,-0.182899,0.051645,0.327757,0.832685,0.289954,0.471756,-0.552395,0.378256,0.742776,0.035881,-0.87944,0.474512,-0.000658,0.011878,-0.007079,0.048183,-0.131607,0.175889,0.532977,0.027281,0.049454,-0.013576,-0.822168,-0.299429,0.484129,0.567255,-0.359928,0.740724,-0.047543,0.883625,0.465774,-0.006202,6.2e-05,0.000513,-0.002195,0.01527,-0.029617,0.524365,0.091046,0.039623,-0.061111,-0.13314,-0.148589,-0.979895,-0.257813,-0.949468,0.179004,-0.956977,0.276462,0.088104,0.024899,-0.008748,0.001521,-0.030151,-0.045529,0.10027,0.457358
21,0.151661,0.029838,0.364653,-0.164713,-0.176659,-0.970416,-0.429707,-0.872706,0.231753,-0.88763,0.455382,0.069045,-0.012308,0.00323,0.002331,-0.000287,0.000316,-0.004598,0.521305,-0.182899,0.051631,0.327746,0.832604,0.289912,0.471925,-0.552523,0.378201,0.742709,0.035792,-0.879478,0.474449,-6e-06,-0.000248,-0.000179,0.0,0.0,0.0,0.532927,0.027281,0.049454,-0.013576,-0.822168,-0.299429,0.484129,0.567255,-0.359928,0.740724,-0.047543,0.883625,0.465774,-0.006202,6.2e-05,0.000513,-0.002195,0.01527,-0.029617,0.524365,0.091046,0.039623,-0.061111,-0.13314,-0.148589,-0.979895,-0.257813,-0.949468,0.179004,-0.956977,0.276462,0.088104,0.024899,-0.008748,0.001521,-0.030151,-0.045529,0.10027,0.457358
22,0.151452,0.029787,0.364707,-0.167528,-0.17855,-0.969587,-0.429231,-0.872148,0.234716,-0.887331,0.455716,0.070678,-0.012669,-1.8e-05,0.000297,0.012789,0.13575,-0.246388,0.520305,-0.182899,0.051629,0.327757,0.832607,0.289912,0.47192,-0.552518,0.37818,0.742723,0.035808,-0.879487,0.474431,1.6e-05,0.00063,0.000454,0.0,0.0,0.0,0.53285,0.027281,0.049454,-0.013576,-0.822168,-0.299429,0.484129,0.567255,-0.359928,0.740724,-0.047543,0.883625,0.465774,-0.006202,6.2e-05,0.000513,-0.002195,0.01527,-0.029617,0.524365,0.091046,0.039623,-0.061111,-0.13314,-0.148589,-0.979895,-0.257813,-0.949468,0.179004,-0.956977,0.276462,0.088104,0.024899,-0.008748,0.001521,-0.030151,-0.045529,0.10027,0.457031
23,0.151416,0.029742,0.364496,-0.168681,-0.177668,-0.969549,-0.433995,-0.869755,0.234832,-0.88479,0.460608,0.070813,0.012121,-0.004941,-0.003407,0.000984,-0.014715,0.029553,0.520891,-0.182899,0.051645,0.327757,0.832622,0.289921,0.471887,-0.552495,0.378213,0.742724,0.035812,-0.879469,0.474463,0.0,3e-06,2e-06,0.0,0.0,0.0,0.533181,0.027281,0.049454,-0.013576,-0.822168,-0.299429,0.484129,0.567255,-0.359928,0.740724,-0.047543,0.883625,0.465774,-0.006202,6.2e-05,0.000513,-0.002195,0.01527,-0.029617,0.524365,0.091046,0.039623,-0.061111,-0.13314,-0.148589,-0.979895,-0.257813,-0.949468,0.179004,-0.956977,0.276462,0.088104,0.024899,-0.008748,0.001521,-0.030151,-0.045529,0.10027,0.457031
24,0.151729,0.029794,0.364428,-0.164585,-0.176608,-0.970447,-0.429325,-0.872929,0.231619,-0.887839,0.454973,0.069058,0.012884,0.001946,0.000911,0.004894,-0.015648,0.029275,0.520455,-0.182899,0.051629,0.327757,0.832607,0.289912,0.47192,-0.552518,0.37818,0.742723,0.035808,-0.879487,0.474431,-0.0,-0.0,-0.0,0.0,0.0,0.0,0.532864,0.027281,0.049454,-0.013576,-0.822168,-0.299429,0.484129,0.567255,-0.359928,0.740724,-0.047543,0.883625,0.465774,-0.006202,6.2e-05,0.000513,-0.002195,0.01527,-0.029617,0.524365,0.091046,0.039623,-0.061111,-0.13314,-0.148589,-0.979895,-0.257813,-0.949468,0.179004,-0.956977,0.276462,0.088104,0.024899,-0.008748,0.001521,-0.030151,-0.045529,0.10027,0.457031
25,0.15196,0.029829,0.364583,-0.1617,-0.174615,-0.971292,-0.430251,-0.873278,0.228567,-0.887925,0.455071,0.067292,0.000315,0.002878,0.001802,-0.0,-0.0,0.0,0.520726,-0.182898,0.051636,0.327762,0.832678,0.28995,0.47177,-0.552405,0.378228,0.742783,0.035887,-0.879453,0.474486,3.7e-05,0.001428,0.001028,0.00171,-0.017154,0.023092,0.532854,0.027281,0.049454,-0.013576,-0.822168,-0.299429,0.484129,0.567255,-0.359928,0.740724,-0.047543,0.883625,0.465774,-0.006202,6.2e-05,0.000513,-0.002195,0.01527,-0.029617,0.524365,0.091046,0.039623,-0.061111,-0.13314,-0.148589,-0.979895,-0.257813,-0.949468,0.179004,-0.956977,0.276462,0.088104,0.024899,-0.008748,0.001521,-0.030151,-0.045529,0.10027,0.457195
26,0.151965,0.029857,0.364623,-0.161624,-0.17456,-0.971315,-0.430309,-0.87327,0.228487,-0.88791,0.455107,0.067238,0.000122,0.001117,0.000699,0.045877,0.403703,-0.722582,0.520472,-0.182898,0.051643,0.327767,0.832687,0.289955,0.471751,-0.55239,0.378235,0.74279,0.035897,-0.879449,0.474494,3.7e-05,0.001449,0.001043,0.00171,-0.017154,0.023092,0.532812,0.027281,0.049454,-0.013576,-0.822168,-0.299429,0.484129,0.567255,-0.359928,0.740724,-0.047543,0.883625,0.465774,-0.006202,6.2e-05,0.000513,-0.002195,0.01527,-0.029617,0.524365,0.091046,0.039623,-0.061111,-0.13314,-0.148589,-0.979895,-0.257813,-0.949468,0.179004,-0.956977,0.276462,0.088104,0.024899,-0.008748,0.001521,-0.030151,-0.045529,0.10027,0.457358
27,0.151923,0.029873,0.364542,-0.162736,-0.173681,-0.971287,-0.435271,-0.870782,0.228583,-0.885284,0.460183,0.06732,-0.000165,-0.001502,-0.000941,0.0,0.0,-0.0,0.521517,-0.182899,0.051631,0.327746,0.832667,0.289944,0.471794,-0.552424,0.378244,0.742761,0.035861,-0.879449,0.474497,-1.1e-05,-0.00042,-0.000303,0.0,0.0,0.0,0.533139,0.027281,0.049454,-0.013576,-0.822168,-0.299429,0.484129,0.567255,-0.359928,0.740724,-0.047543,0.883625,0.465774,-0.006202,6.2e-05,0.000513,-0.002195,0.01527,-0.029617,0.524365,0.091046,0.039623,-0.061111,-0.13314,-0.148589,-0.979895,-0.257813,-0.949468,0.179004,-0.956977,0.276462,0.088104,0.024899,-0.008748,0.001521,-0.030151,-0.045529,0.10027,0.457358
28,0.151872,0.029847,0.364527,-0.164262,-0.176356,-0.970547,-0.429516,-0.872931,0.231258,-0.887807,0.455067,0.068851,-8.9e-05,-0.000806,-0.000505,0.482738,-0.115025,-0.034246,0.521254,-0.182899,0.051645,0.327757,0.832685,0.289954,0.471756,-0.552395,0.378256,0.742776,0.035881,-0.87944,0.474512,1e-05,0.000397,0.000286,0.0,0.0,0.0,0.533147,0.027281,0.049454,-0.013576,-0.822168,-0.299429,0.484129,0.567255,-0.359928,0.740724,-0.047543,0.883625,0.465774,-0.006202,6.2e-05,0.000513,-0.002195,0.01527,-0.029617,0.524365,0.091046,0.039623,-0.061111,-0.13314,-0.148589,-0.979895,-0.257813,-0.949468,0.179004,-0.956977,0.276462,0.088104,0.024899,-0.008748,0.001521,-0.030151,-0.045529,0.10027,0.457358
29,0.151796,0.029827,0.364551,-0.16236,-0.178427,-0.970489,-0.41919,-0.877879,0.231475,-0.893077,0.444619,0.068948,-0.000115,-0.001043,-0.000653,0.144813,-0.03454,-0.010288,0.521287,-0.182889,0.051629,0.327756,0.832681,0.289947,0.471767,-0.552401,0.37823,0.742785,0.035886,-0.879454,0.474486,-4e-06,-0.000173,-0.000124,0.0,0.0,0.0,0.532867,0.027281,0.049454,-0.013576,-0.822168,-0.299429,0.484129,0.567255,-0.359928,0.740724,-0.047543,0.883625,0.465774,-0.006202,6.2e-05,0.000513,-0.002195,0.01527,-0.029617,0.524365,0.091046,0.039623,-0.061111,-0.13314,-0.148589,-0.979895,-0.257813,-0.949468,0.179004,-0.956977,0.276462,0.088104,0.024899,-0.008748,0.001521,-0.030151,-0.045529,0.10027,0.457358
30,0.151748,0.029823,0.36455,-0.163528,-0.177546,-0.970454,-0.424363,-0.875356,0.231601,-0.890417,0.449915,0.069011,-8.7e-05,-0.00079,-0.000495,-0.013033,0.00311,0.000927,0.521634,-0.182899,0.051631,0.327746,0.832667,0.289944,0.471794,-0.552424,0.378244,0.742761,0.035861,-0.879449,0.474497,-3.7e-05,-0.00143,-0.00103,-0.00171,0.017154,-0.023092,0.53279,0.027281,0.049454,-0.013576,-0.822168,-0.299429,0.484129,0.567255,-0.359928,0.740724,-0.047543,0.883625,0.465774,-0.006202,6.2e-05,0.000513,-0.002195,0.01527,-0.029617,0.524365,0.091046,0.039623,-0.061111,-0.13314,-0.148589,-0.979895,-0.257813,-0.949468,0.179004,-0.956977,0.276462,0.088104,0.024899,-0.008748,0.001521,-0.030151,-0.045529,0.10027,0.457031
31,0.151697,0.029764,0.364549,-0.165605,-0.175589,-0.970458,-0.434772,-0.870236,0.231593,-0.884993,0.460495,0.068984,-6.4e-05,-0.000576,-0.000361,0.004779,-0.099387,0.172212,0.521089,-0.182898,0.051636,0.327762,0.832678,0.28995,0.47177,-0.552405,0.378228,0.742783,0.035887,-0.879453,0.474486,3.2e-05,0.00126,0.000908,0.0,0.0,0.0,0.533127,0.027281,0.049454,-0.013576,-0.822168,-0.299429,0.484129,0.567255,-0.359928,0.740724,-0.047543,0.883625,0.465774,-0.006202,6.2e-05,0.000513,-0.002195,0.01527,-0.029617,0.524365,0.091046,0.039623,-0.061111,-0.13314,-0.148589,-0.979895,-0.257813,-0.949468,0.179004,-0.956977,0.276462,0.088104,0.024899,-0.008748,0.001521,-0.030151,-0.045529,0.10027,0.457031
32,0.151755,0.029809,0.364518,-0.166431,-0.174476,-0.970517,-0.439832,-0.867748,0.231371,-0.882333,0.465584,0.06889,7e-06,6.8e-05,4.2e-05,-0.0,0.0,0.0,0.520768,-0.182899,0.051629,0.327757,0.832669,0.289945,0.471789,-0.552419,0.378222,0.742775,0.035877,-0.879458,0.47448,-1e-05,-0.000389,-0.00028,0.011802,-0.118383,0.159367,0.532884,0.027281,0.049454,-0.013576,-0.822168,-0.299429,0.484129,0.567255,-0.359928,0.740724,-0.047543,0.883625,0.465774,-0.006202,6.2e-05,0.000513,-0.002195,0.01527,-0.029617,0.524365,0.091046,0.039623,-0.061111,-0.13314,-0.148589,-0.979895,-0.257813,-0.949468,0.179004,-0.956977,0.276462,0.088104,0.024899,-0.008748,0.001521,-0.030151,-0.045529,0.10027,0.457031
33,0.151831,0.029828,0.364505,-0.16635,-0.174416,-0.970542,-0.439798,-0.867791,0.231277,-0.882366,0.465528,0.068859,0.000163,0.001486,0.000931,0.145486,-0.04891,0.014678,0.521252,-0.182899,0.051631,0.327746,0.832667,0.289944,0.471794,-0.552424,0.378244,0.742761,0.035861,-0.879449,0.474497,-7e-06,-0.000286,-0.000206,0.0,0.0,0.0,0.532792,0.027281,0.049454,-0.013576,-0.822168,-0.299429,0.484129,0.567255,-0.359928,0.740724,-0.047543,0.883625,0.465774,-0.006202,6.2e-05,0.000513,-0.002195,0.01527,-0.029617,0.524365,0.091046,0.039623,-0.061111,-0.13314,-0.148589,-0.979895,-0.257813,-0.949468,0.179004,-0.956977,0.276462,0.088104,0.024899,-0.008748,0.001521,-0.030151,-0.045529,0.10027,0.457031
34,0.151973,0.029818,0.364495,-0.167209,-0.173295,-0.970595,-0.444956,-0.86521,0.231079,-0.879613,0.470722,0.068773,-3e-06,-2.6e-05,-1.6e-05,-0.0,0.0,0.0,0.521027,-0.182899,0.051629,0.327757,0.832669,0.289945,0.471789,-0.552419,0.378222,0.742775,0.035877,-0.879458,0.47448,0.0,6e-06,4e-06,0.011802,-0.118383,0.159367,0.532801,0.027281,0.049454,-0.013576,-0.822168,-0.299429,0.484129,0.567255,-0.359928,0.740724,-0.047543,0.883625,0.465774,-0.006202,6.2e-05,0.000513,-0.002195,0.01527,-0.029617,0.524365,0.091046,0.039623,-0.061111,-0.13314,-0.148589,-0.979895,-0.257813,-0.949468,0.179004,-0.956977,0.276462,0.088104,0.024899,-0.008748,0.001521,-0.030151,-0.045529,0.10027,0.457031
35,0.151998,0.029753,0.364511,-0.169073,-0.171176,-0.970649,-0.455314,-0.859855,0.230892,-0.873936,0.481196,0.068649,-5.9e-05,-0.000538,-0.000337,-1.605415,0.381886,0.113543,0.521601,-0.182899,0.051629,0.327757,0.832607,0.289912,0.47192,-0.552518,0.37818,0.742723,0.035808,-0.879487,0.474431,-1.9e-05,-0.000744,-0.000536,0.0,0.0,0.0,0.533232,0.027281,0.049454,-0.013576,-0.822168,-0.299429,0.484129,0.567255,-0.359928,0.740724,-0.047543,0.883625,0.465774,-0.006202,6.2e-05,0.000513,-0.002195,0.01527,-0.029617,0.524365,0.091046,0.039623,-0.061111,-0.13314,-0.148589,-0.979895,-0.257813,-0.949468,0.179004,-0.956977,0.276462,0.088104,0.024899,-0.008748,0.001521,-0.030151,-0.045529,0.10027,0.457031
36,0.151986,0.02974,0.364491,-0.166695,-0.16969,-0.971321,-0.455858,-0.860216,0.228458,-0.874112,0.481074,0.06725,-0.000129,-0.001181,-0.00074,-0.045885,-0.403826,0.722575,0.521638,-0.182899,0.051631,0.327746,0.832604,0.289912,0.471925,-0.552523,0.378201,0.742709,0.035792,-0.879478,0.474449,-0.000695,0.010409,-0.008137,0.034671,0.003934,-0.006567,0.533144,0.027281,0.049454,-0.013576,-0.822168,-0.299429,0.484129,0.567255,-0.359928,0.740724,-0.047543,0.883625,0.465774,-0.006202,6.2e-05,0.000513,-0.002195,0.01527,-0.029617,0.524365,0.091046,0.039623,-0.061111,-0.13314,-0.148589,-0.979895,-0.257813,-0.949468,0.179004,-0.956977,0.276462,0.088104,0.024899,-0.008748,0.001521,-0.030151,-0.045529,0.10027,0.457195
37,0.151983,0.02971,0.364473,-0.166767,-0.169734,-0.971301,-0.455848,-0.860202,0.228531,-0.874104,0.481083,0.067291,-1.9e-05,-0.000169,-0.000106,1e-05,8.8e-05,-0.000158,0.521315,-0.182899,0.051629,0.327757,0.832607,0.289912,0.47192,-0.552518,0.37818,0.742723,0.035808,-0.879487,0.474431,1e-06,4.7e-05,3.4e-05,0.0,0.0,0.0,0.532962,0.027281,0.049454,-0.013576,-0.822168,-0.299429,0.484129,0.567255,-0.359928,0.740724,-0.047543,0.883625,0.465774,-0.006202,6.2e-05,0.000513,-0.002195,0.01527,-0.029617,0.524365,0.091046,0.039623,-0.061111,-0.13314,-0.148589,-0.979895,-0.257813,-0.949468,0.179004,-0.956977,0.276462,0.088104,0.024899,-0.008748,0.001521,-0.030151,-0.045529,0.10027,0.457195
38,0.152004,0.029715,0.364498,-0.166704,-0.169686,-0.97132,-0.455904,-0.860191,0.228463,-0.874087,0.481121,0.067247,3.9e-05,0.000358,0.000224,0.0,0.0,-0.0,0.521141,-0.182899,0.051638,0.327752,0.832613,0.289916,0.471906,-0.552509,0.378208,0.742716,0.035802,-0.879473,0.474456,-2.2e-05,-0.000876,-0.000631,0.0,0.0,0.0,0.532615,0.027281,0.049454,-0.013576,-0.822168,-0.299429,0.484129,0.567255,-0.359928,0.740724,-0.047543,0.883625,0.465774,-0.006202,6.2e-05,0.000513,-0.002195,0.01527,-0.029617,0.524365,0.091046,0.039623,-0.061111,-0.13314,-0.148589,-0.979895,-0.257813,-0.949468,0.179004,-0.956977,0.276462,0.088104,0.024899,-0.008748,0.001521,-0.030151,-0.045529,0.10027,0.457358
39,0.15196,0.029773,0.36449,-0.163375,-0.169216,-0.971967,-0.451261,-0.863262,0.226087,-0.877123,0.475754,0.065886,4e-06,3.8e-05,2.4e-05,0.001062,-0.001254,0.001676,0.520936,-0.182899,0.051631,0.327746,0.832604,0.289912,0.471925,-0.552523,0.378201,0.742709,0.035792,-0.879478,0.474449,-1e-06,-2.1e-05,-1.5e-05,0.0,0.0,0.0,0.533082,0.027281,0.049454,-0.013576,-0.822168,-0.299429,0.484129,0.567255,-0.359928,0.740724,-0.047543,0.883625,0.465774,-0.006202,6.2e-05,0.000513,-0.002195,0.01527,-0.029617,0.524365,0.091046,0.039623,-0.061111,-0.13314,-0.148589,-0.979895,-0.257813,-0.949468,0.179004,-0.956977,0.276462,0.088104,0.024899,-0.008748,0.001521,-0.030151,-0.045529,0.10027,0.457358
40,0.151913,0.029776,0.364493,-0.165778,-0.17075,-0.971292,-0.450696,-0.862904,0.228565,-0.87696,0.475856,0.067305,0.0,1e-06,0.0,0.14002,1.348937,-2.407101,0.521185,-0.182899,0.051629,0.327757,0.832607,0.289912,0.47192,-0.552518,0.37818,0.742723,0.035808,-0.879487,0.474431,0.000659,-0.011815,0.007124,-0.036381,0.01322,-0.016526,0.532953,0.027281,0.049454,-0.013576,-0.822168,-0.299429,0.484129,0.567255,-0.359928,0.740724,-0.047543,0.883625,0.465774,-0.006202,6.2e-05,0.000513,-0.002195,0.01527,-0.029617,0.524365,0.091046,0.039623,-0.061111,-0.13314,-0.148589,-0.979895,-0.257813,-0.949468,0.179004,-0.956977,0.276462,0.088104,0.024899,-0.008748,0.001521,-0.030151,-0.045529,0.10027,0.457358
41,0.151896,0.029783,0.364521,-0.168345,-0.172374,-0.970563,-0.450147,-0.862488,0.231203,-0.876749,0.476028,0.068812,0.00023,0.002098,0.001315,-1.596121,0.380221,0.113164,0.519649,-0.182899,0.051638,0.327752,0.832613,0.289916,0.471906,-0.552509,0.378208,0.742716,0.035802,-0.879473,0.474456,-1.4e-05,-0.000538,-0.000387,-0.011802,0.118387,-0.159364,0.53302,0.027281,0.049454,-0.013576,-0.822168,-0.299429,0.484129,0.567255,-0.359928,0.740724,-0.047543,0.883625,0.465774,-0.006202,6.2e-05,0.000513,-0.002195,0.01527,-0.029617,0.524365,0.091046,0.039623,-0.061111,-0.13314,-0.148589,-0.979895,-0.257813,-0.949468,0.179004,-0.956977,0.276462,0.088104,0.024899,-0.008748,0.001521,-0.030151,-0.045529,0.10027,0.457358
42,0.151939,0.029808,0.36457,-0.168187,-0.172261,-0.97061,-0.450241,-0.862484,0.231034,-0.876732,0.476076,0.06871,0.000105,0.000953,0.000597,-0.0,0.0,0.0,0.518331,-0.182899,0.051631,0.327746,0.832667,0.289944,0.471794,-0.552424,0.378244,0.742761,0.035861,-0.879449,0.474497,-1e-06,-5.5e-05,-4e-05,0.0,0.0,0.0,0.532854,0.027281,0.049454,-0.013576,-0.822168,-0.299429,0.484129,0.567255,-0.359928,0.740724,-0.047543,0.883625,0.465774,-0.006202,6.2e-05,0.000513,-0.002195,0.01527,-0.029617,0.524365,0.091046,0.039623,-0.061111,-0.13314,-0.148589,-0.979895,-0.257813,-0.949468,0.179004,-0.956977,0.276462,0.088104,0.024899,-0.008748,0.001521,-0.030151,-0.045529,0.10027,0.457195
43,0.151948,0.029799,0.364575,-0.168182,-0.172254,-0.970613,-0.450266,-0.862473,0.231027,-0.87672,0.476098,0.068703,-7.6e-05,-0.000694,-0.000434,0.0,0.0,0.0,0.519831,-0.182889,0.051629,0.327756,0.832618,0.289914,0.471898,-0.5525,0.378188,0.742733,0.035817,-0.879483,0.474437,0.012412,0.000277,-0.000714,-0.009758,0.103178,-0.130121,0.532872,0.027281,0.049454,-0.013576,-0.822168,-0.299429,0.484129,0.567255,-0.359928,0.740724,-0.047543,0.883625,0.465774,-0.006202,6.2e-05,0.000513,-0.002195,0.01527,-0.029617,0.524365,0.091046,0.039623,-0.061111,-0.13314,-0.148589,-0.979895,-0.257813,-0.949468,0.179004,-0.956977,0.276462,0.088104,0.024899,-0.008748,0.001521,-0.030151,-0.045529,0.10027,0.457195
44,0.151886,0.029785,0.36451,-0.167344,-0.173386,-0.970556,-0.445005,-0.865145,0.231228,-0.879562,0.470808,0.068829,-0.000229,-0.002086,-0.001307,0.482637,-0.114985,-0.034227,0.519902,-0.182899,0.051645,0.327757,0.832685,0.289954,0.471756,-0.552395,0.378256,0.742776,0.035881,-0.87944,0.474512,0.0,6e-06,4e-06,0.0,0.0,0.0,0.533114,0.027281,0.049454,-0.013576,-0.822168,-0.299429,0.484129,0.567255,-0.359928,0.740724,-0.047543,0.883625,0.465774,-0.006202,6.2e-05,0.000513,-0.002195,0.01527,-0.029617,0.524365,0.091046,0.039623,-0.061111,-0.13314,-0.148589,-0.979895,-0.257813,-0.949468,0.179004,-0.956977,0.276462,0.088104,0.024899,-0.008748,0.001521,-0.030151,-0.045529,0.10027,0.457031
45,0.151876,0.029769,0.364524,-0.166241,-0.174324,-0.970577,-0.439932,-0.867755,0.231154,-0.882319,0.465628,0.068776,0.000207,0.001886,0.001182,0.000698,-0.014404,0.024952,0.520618,-0.182899,0.051629,0.327757,0.832669,0.289945,0.471789,-0.552419,0.378222,0.742775,0.035877,-0.879458,0.47448,-0.0,-1e-06,-1e-06,0.0,0.0,0.0,0.532732,0.027281,0.049454,-0.013576,-0.822168,-0.299429,0.484129,0.567255,-0.359928,0.740724,-0.047543,0.883625,0.465774,-0.006202,6.2e-05,0.000513,-0.002195,0.01527,-0.029617,0.524365,0.091046,0.039623,-0.061111,-0.13314,-0.148589,-0.979895,-0.257813,-0.949468,0.179004,-0.956977,0.276462,0.088104,0.024899,-0.008748,0.001521,-0.030151,-0.045529,0.10027,0.457195
46,0.151949,0.029574,0.364675,-0.163308,-0.177291,-0.970538,-0.424991,-0.875126,0.231318,-0.890157,0.450462,0.068778,-0.000196,-0.011279,0.008244,-0.035478,0.013979,-0.017817,0.520689,-0.182898,0.051636,0.327762,0.832678,0.28995,0.47177,-0.552405,0.378228,0.742783,0.035887,-0.879453,0.474486,2.2e-05,0.000877,0.000631,0.0,0.0,0.0,0.532924,0.027281,0.049454,-0.013576,-0.822168,-0.299429,0.484129,0.567255,-0.359928,0.740724,-0.047543,0.883625,0.465774,-0.006202,6.2e-05,0.000513,-0.002195,0.01527,-0.029617,0.524365,0.091046,0.039623,-0.061111,-0.13314,-0.148589,-0.979895,-0.257813,-0.949468,0.179004,-0.956977,0.276462,0.088104,0.024899,-0.008748,0.001521,-0.030151,-0.045529,0.10027,0.457358
47,0.151957,0.029517,0.364708,-0.163275,-0.17725,-0.970551,-0.425139,-0.875065,0.231278,-0.890093,0.450597,0.06873,-9e-06,-8.5e-05,-5.3e-05,0.0,-0.0,-0.0,0.520705,-0.182899,0.051638,0.327752,0.832676,0.289949,0.471775,-0.55241,0.37825,0.742768,0.035871,-0.879444,0.474505,-1.9e-05,-0.000732,-0.000527,0.0,0.0,0.0,0.532746,0.027281,0.049454,-0.013576,-0.822168,-0.299429,0.484129,0.567255,-0.359928,0.740724,-0.047543,0.883625,0.465774,-0.006202,6.2e-05,0.000513,-0.002195,0.01527,-0.029617,0.524365,0.091046,0.039623,-0.061111,-0.13314,-0.148589,-0.979895,-0.257813,-0.949468,0.179004,-0.956977,0.276462,0.088104,0.024899,-0.008748,0.001521,-0.030151,-0.045529,0.10027,0.457358
48,0.151908,0.029498,0.364698,-0.158939,-0.181013,-0.970576,-0.404308,-0.884906,0.231189,-0.900525,0.429377,0.068671,-8.1e-05,-0.000734,-0.00046,0.0,-0.0,-0.0,0.521067,-0.182899,0.051638,0.327752,0.832613,0.289916,0.471906,-0.552509,0.378208,0.742716,0.035802,-0.879473,0.474456,-0.0,-0.0,-0.0,0.0,0.0,0.0,0.532619,0.027281,0.049454,-0.013576,-0.822168,-0.299429,0.484129,0.567255,-0.359928,0.740724,-0.047543,0.883625,0.465774,-0.006202,6.2e-05,0.000513,-0.002195,0.01527,-0.029617,0.524365,0.091046,0.039623,-0.061111,-0.13314,-0.148589,-0.979895,-0.257813,-0.949468,0.179004,-0.956977,0.276462,0.088104,0.024899,-0.008748,0.001521,-0.030151,-0.045529,0.10027,0.457195
49,0.151877,0.029702,0.364597,-0.161647,-0.174572,-0.971308,-0.430446,-0.873194,0.228519,-0.887839,0.455248,0.067216,0.00023,0.002096,0.001313,-5.369103,1.263185,0.371551,0.520865,-0.182899,0.051638,0.327752,0.832613,0.289916,0.471906,-0.552509,0.378208,0.742716,0.035802,-0.879473,0.474456,-0.0,-0.0,-0.0,0.0,0.0,0.0,0.532828,0.027281,0.049454,-0.013576,-0.822168,-0.299429,0.484129,0.567255,-0.359928,0.740724,-0.047543,0.883625,0.465774,-0.006202,6.2e-05,0.000513,-0.002195,0.01527,-0.029617,0.524365,0.091046,0.039623,-0.061111,-0.13314,-0.148589,-0.979895,-0.257813,-0.949468,0.179004,-0.956977,0.276462,0.088104,0.024899,-0.008748,0.001521,-0.030151,-0.045529,0.10027,0.457031
50,0.15192,0.029818,0.364554,-0.162727,-0.173665,-0.971291,-0.435367,-0.870737,0.228571,-0.885238,0.460274,0.067296,0.000163,0.001486,0.000931,-0.013044,0.00307,0.000904,0.520958,-0.182898,0.051636,0.327762,0.832616,0.289917,0.471901,-0.552504,0.378186,0.742731,0.035818,-0.879482,0.474438,1e-05,0.000389,0.00028,0.0,0.0,0.0,0.532911,0.027281,0.049454,-0.013576,-0.822168,-0.299429,0.484129,0.567255,-0.359928,0.740724,-0.047543,0.883625,0.465774,-0.006202,6.2e-05,0.000513,-0.002195,0.01527,-0.029617,0.524365,0.091046,0.039623,-0.061111,-0.13314,-0.148589,-0.979895,-0.257813,-0.949468,0.179004,-0.956977,0.276462,0.088104,0.024899,-0.008748,0.001521,-0.030151,-0.045529,0.10027,0.457031
51,0.151807,0.029851,0.364543,-0.160636,-0.172309,-0.97188,-0.435812,-0.871078,0.226415,-0.885403,0.460137,0.066044,-0.012604,0.000557,0.000659,-0.154011,-1.33139,2.379014,0.520061,-0.182899,0.051629,0.327757,0.832607,0.289912,0.47192,-0.552518,0.37818,0.742723,0.035808,-0.879487,0.474431,0.000658,-0.01185,0.007099,-0.036381,0.01322,-0.016526,0.532935,0.027281,0.049454,-0.013576,-0.822168,-0.299429,0.484129,0.567255,-0.359928,0.740724,-0.047543,0.883625,0.465774,-0.006202,6.2e-05,0.000513,-0.002195,0.01527,-0.029617,0.524365,0.091046,0.039623,-0.061111,-0.13314,-0.148589,-0.979895,-0.257813,-0.949468,0.179004,-0.956977,0.276462,0.088104,0.024899,-0.008748,0.001521,-0.030151,-0.045529,0.10027,0.457031
52,0.151497,0.029887,0.364562,-0.163401,-0.174188,-0.971084,-0.435168,-0.870634,0.229339,-0.885211,0.460271,0.067672,0.000295,0.0121,-0.007727,0.081414,0.38976,-0.704738,0.519191,-0.182899,0.051629,0.327757,0.832669,0.289945,0.471789,-0.552419,0.378222,0.742775,0.035877,-0.879458,0.47448,-0.0,-0.0,-0.0,0.0,0.0,0.0,0.53282,0.027281,0.049454,-0.013576,-0.822168,-0.299429,0.484129,0.567255,-0.359928,0.740724,-0.047543,0.883625,0.465774,-0.006202,6.2e-05,0.000513,-0.002195,0.01527,-0.029617,0.524365,0.091046,0.039623,-0.061111,-0.13314,-0.148589,-0.979895,-0.257813,-0.949468,0.179004,-0.956977,0.276462,0.088104,0.024899,-0.008748,0.001521,-0.030151,-0.045529,0.10027,0.457195
53,0.151442,0.029897,0.364593,-0.16246,-0.175218,-0.971057,-0.430039,-0.873152,0.229444,-0.887888,0.45508,0.067712,0.00014,0.001257,0.000787,0.189672,0.369787,-0.732575,0.514336,-0.182899,0.051645,0.327757,0.832685,0.289954,0.471756,-0.552395,0.378256,0.742776,0.035881,-0.87944,0.474512,2.2e-05,0.000877,0.000631,0.0,0.0,0.0,0.532702,0.027281,0.049454,-0.013576,-0.822168,-0.299429,0.484129,0.567255,-0.359928,0.740724,-0.047543,0.883625,0.465774,-0.006202,6.2e-05,0.000513,-0.002195,0.01527,-0.029617,0.524365,0.091046,0.039623,-0.061111,-0.13314,-0.148589,-0.979895,-0.257813,-0.949468,0.179004,-0.956977,0.276462,0.088104,0.024899,-0.008748,0.001521,-0.030151,-0.045529,0.10027,0.457031
54,0.151487,0.030027,0.364696,-0.161283,-0.176076,-0.971098,-0.424929,-0.875689,0.229295,-0.890559,0.449843,0.067624,0.000488,0.004393,0.002747,0.004803,-0.099401,0.172201,0.498761,-0.182899,0.051638,0.327752,0.832613,0.289916,0.471906,-0.552509,0.378208,0.742716,0.035802,-0.879473,0.474456,-1e-06,-4e-05,-2.9e-05,-0.011802,0.118387,-0.159364,0.532938,0.027281,0.049454,-0.013576,-0.822168,-0.299429,0.484129,0.567255,-0.359928,0.740724,-0.047543,0.883625,0.465774,-0.006202,6.2e-05,0.000513,-0.002195,0.01527,-0.029617,0.524365,0.091046,0.039623,-0.061111,-0.13314,-0.148589,-0.979895,-0.257813,-0.949468,0.179004,-0.956977,0.276462,0.088104,0.024899,-0.008748,0.001521,-0.030151,-0.045529,0.10027,0.457195
55,0.151572,0.030127,0.364734,-0.161009,-0.175887,-0.971177,-0.424922,-0.87577,0.229,-0.890612,0.44976,0.067479,0.000293,0.002647,0.001654,0.151894,1.335111,-2.389102,0.500334,-0.182899,0.051638,0.327752,0.832676,0.289949,0.471775,-0.55241,0.37825,0.742768,0.035871,-0.879444,0.474505,-0.0,-0.0,-0.0,0.0,0.0,0.0,0.533167,0.027281,0.049454,-0.013576,-0.822168,-0.299429,0.484129,0.567255,-0.359928,0.740724,-0.047543,0.883625,0.465774,-0.006202,6.2e-05,0.000513,-0.002195,0.01527,-0.029617,0.524365,0.091046,0.039623,-0.061111,-0.13314,-0.148589,-0.979895,-0.257813,-0.949468,0.179004,-0.956977,0.276462,0.088104,0.024899,-0.008748,0.001521,-0.030151,-0.045529,0.10027,0.457031
56,0.151749,0.030208,0.364734,-0.165948,-0.179205,-0.969738,-0.423667,-0.875016,0.234147,-0.890297,0.449921,0.070493,1.7e-05,0.000153,9.5e-05,0.0,0.0,-0.0,0.51356,-0.182898,0.051636,0.327762,0.832678,0.28995,0.47177,-0.552405,0.378228,0.742783,0.035887,-0.879453,0.474486,3.1e-05,0.001213,0.000874,0.0,0.0,0.0,0.533062,0.027281,0.049454,-0.013576,-0.822168,-0.299429,0.484129,0.567255,-0.359928,0.740724,-0.047543,0.883625,0.465774,-0.006202,6.2e-05,0.000513,-0.002195,0.01527,-0.029617,0.524365,0.091046,0.039623,-0.061111,-0.13314,-0.148589,-0.979895,-0.257813,-0.949468,0.179004,-0.956977,0.276462,0.088104,0.024899,-0.008748,0.001521,-0.030151,-0.045529,0.10027,0.457358
57,0.151788,0.03013,0.364696,-0.165662,-0.179005,-0.969824,-0.423734,-0.875065,0.233841,-0.890319,0.449904,0.070323,-0.000381,-0.00346,-0.002162,-0.000697,0.014407,-0.024951,0.515244,-0.182899,0.051629,0.327757,0.832669,0.289945,0.471789,-0.552419,0.378222,0.742775,0.035877,-0.879458,0.47448,-3e-06,-0.000106,-7.6e-05,0.0,0.0,0.0,0.533177,0.027281,0.049454,-0.013576,-0.822168,-0.299429,0.484129,0.567255,-0.359928,0.740724,-0.047543,0.883625,0.465774,-0.006202,6.2e-05,0.000513,-0.002195,0.01527,-0.029617,0.524365,0.091046,0.039623,-0.061111,-0.13314,-0.148589,-0.979895,-0.257813,-0.949468,0.179004,-0.956977,0.276462,0.088104,0.024899,-0.008748,0.001521,-0.030151,-0.045529,0.10027,0.457358
