frame,MLTx,MLTy,MLTz,MLTR1,MLTR2,MLTR3,MLTR4,MLTR5,MLTR6,MLTR7,MLTR8,MLTR9,MLTTVx,MLTTVy,MLTTVz,MLTRVx,MLTRVy,MLTRVz,MLGA,MRTx,MRTy,MRTz,MRTR1,MRTR2,MRTR3,MRTR4,MRTR5,MRTR6,MRTR7,MRTR8,MRTR9,MRTTVx,MRTTVy,MRTTVz,MRTRVx,MRTRVy,MRTRVz,MRGA,SLTx,SLTy,SLTz,SLTR1,SLTR2,SLTR3,SLTR4,SLTR5,SLTR6,SLTR7,SLTR8,SLTR9,SLTTVx,SLTTVy,SLTTVz,SLTRVx,SLTRVy,SLTRVz,SLGA,SRTx,SRTy,SRTz,SRTR1,SRTR2,SRTR3,SRTR4,SRTR5,SRTR6,SRTR7,SRTR8,SRTR9,SRTTVx,SRTTVy,SRTTVz,SRTRVx,SRTRVy,SRTRVz,SRGA
1,0.151015,-0.050796,0.306546,0.004072,0.29293,-0.956149,-0.336043,-0.900101,-0.277245,-0.941855,0.322066,0.09596,-0.0,-0.0,-0.0,0.0,0.0,0.0,-0.427671,-0.159422,-0.043386,0.284707,-0.444567,-0.268547,0.854537,0.814712,-0.517575,0.26133,0.372645,0.812704,0.447785,-0.0,0.0,0.0,0.0,0.0,0.0,0.012676,0.046157,0.02133,-0.025396,0.463857,0.429,0.775109,-0.835887,0.501779,0.222508,-0.293478,-0.751116,0.591349,-2e-06,-1e-06,-3e-06,-0.0,3e-06,-1.3e-05,-0.171579,0.074977,0.017333,-0.064217,0.045059,-0.311272,-0.949251,0.3644,0.889865,-0.274502,0.930151,-0.333538,0.153524,-2e-06,1e-06,4e-06,7e-06,-2.5e-05,1.6e-05,-0.565657
2,0.151027,-0.050797,0.306546,0.004089,0.292946,-0.956144,-0.336042,-0.900095,-0.277266,-0.941856,0.322069,0.09595,-0.0,-0.0,-0.0,0.0,0.0,0.0,-0.427709,-0.159421,-0.043391,0.2847,-0.444548,-0.268548,0.854547,0.814721,-0.517569,0.261314,0.372648,0.812707,0.447775,0.0,-1.1e-05,-1.5e-05,0.0,0.0,0.0,0.012801,0.046157,0.021327,-0.0254,0.463838,0.429001,0.77512,-0.835896,0.50177,0.222494,-0.293482,-0.751121,0.591341,-1e-06,-1e-06,-3e-06,-3e-06,6e-06,-8e-06,-0.171579,0.074983,0.017333,-0.064218,0.04504,-0.311289,-0.949247,0.3644,0.889859,-0.274523,0.930152,-0.333541,0.153513,-1e-06,1e-06,3e-06,4e-06,-1.7e-05,1.2e-05,-0.565331
3,0.151027,-0.050797,0.306546,0.004089,0.292946,-0.956144,-0.336042,-0.900095,-0.277266,-0.941856,0.322069,0.09595,-7.2e-05,-0.000559,-0.000717,0.0,0.0,0.0,-0.427476,-0.159433,-0.043387,0.284707,-0.444545,-0.268549,0.854548,0.814723,-0.517568,0.261311,0.372648,0.812708,0.447775,-4e-06,0.000386,0.00054,0.0,0.0,0.0,0.012637,0.046151,0.021328,-0.025398,0.463834,0.429003,0.775121,-0.835898,0.501768,0.222492,-0.293482,-0.751122,0.59134,-2e-06,0.000257,0.000363,-4e-06,-1.1e-05,1e-06,-0.171579,0.074983,0.017334,-0.064216,0.04504,-0.311289,-0.949247,0.3644,0.889858,-0.274523,0.930152,-0.333541,0.153513,-5e-05,-0.00038,-0.000487,3e-06,-1.4e-05,-1e-06,-0.565168
4,0.151027,-0.050789,0.306539,0.004103,0.292955,-0.956141,-0.336017,-0.900099,-0.277282,-0.941865,0.322048,0.095933,2.4e-05,0.010704,-0.008757,0.035599,-0.012877,0.018395,-0.426756,-0.159433,-0.043387,0.284707,-0.444545,-0.268549,0.854548,0.814723,-0.517568,0.261311,0.372648,0.812708,0.447775,-0.0,6e-06,8e-06,0.0,0.0,0.0,0.012696,0.046151,0.021329,-0.025396,0.463834,0.429003,0.775121,-0.835898,0.501768,0.222492,-0.293481,-0.751122,0.59134,0.0,-1e-06,1e-06,-0.0,-4e-06,0.0,-0.171579,0.074983,0.017332,-0.064218,0.04504,-0.311288,-0.949247,0.3644,0.889859,-0.274523,0.930152,-0.333541,0.153513,-1e-06,-3e-06,-3e-06,1e-06,-1e-06,1.9e-05,-0.565168
5,0.151027,-0.050797,0.306546,0.004089,0.292946,-0.956144,-0.336042,-0.900095,-0.277266,-0.941856,0.322069,0.09595,-0.0,-0.0,-0.0,0.0,0.0,0.0,-0.427161,-0.159433,-0.043387,0.284707,-0.444545,-0.268549,0.854548,0.814723,-0.517568,0.261311,0.372648,0.812708,0.447775,-0.0,0.0,0.0,0.0,0.0,0.0,0.012666,0.046151,0.021329,-0.025396,0.463835,0.429003,0.775121,-0.835898,0.501768,0.222492,-0.293482,-0.751122,0.59134,-1e-06,-2e-06,-3e-06,4e-06,-2e-06,-1e-05,-0.171416,0.074983,0.017333,-0.064218,0.04504,-0.311288,-0.949247,0.3644,0.889859,-0.274523,0.930152,-0.333541,0.153513,-0.0,1e-06,3e-06,7e-06,-1.8e-05,2.1e-05,-0.564841
6,0.151039,-0.050797,0.306545,0.004107,0.292962,-0.956139,-0.336041,-0.900088,-0.277288,-0.941856,0.322071,0.095939,-0.0,-0.0,-0.0,0.0,0.0,0.0,-0.42707,-0.159433,-0.043392,0.2847,-0.444526,-0.26855,0.854558,0.814731,-0.517562,0.261296,0.372652,0.812711,0.447765,0.0,-1e-06,-1e-06,0.0,0.0,0.0,0.013041,0.046151,0.021327,-0.0254,0.463816,0.429004,0.775131,-0.835907,0.501759,0.222478,-0.293486,-0.751127,0.591331,-0.0,3e-06,4e-06,0.01276,-0.10196,0.170262,-0.171743,0.074989,0.017332,-0.064218,0.045022,-0.311305,-0.949242,0.364401,0.889852,-0.274544,0.930153,-0.333544,0.153502,-1e-06,1e-06,3e-06,6e-06,-2.3e-05,1.1e-05,-0.564841
7,0.151026,-0.050794,0.306532,0.004087,0.292942,-0.956145,-0.336017,-0.900105,-0.277264,-0.941864,0.322045,0.095943,-5.2e-05,-0.000407,-0.000522,0.0,0.0,0.0,-0.427309,-0.159433,-0.043392,0.2847,-0.444393,-0.268554,0.854625,0.814792,-0.51752,0.261191,0.372678,0.812737,0.447697,0.0,-0.0,-0.0,0.0,0.0,0.0,0.013083,0.046151,0.021327,-0.0254,0.463686,0.429011,0.775205,-0.835969,0.501697,0.222385,-0.293513,-0.751165,0.59127,-0.0,2e-06,4e-06,-5e-06,-1.3e-05,1e-05,-0.171416,0.074983,0.017335,-0.064223,0.045043,-0.311284,-0.949248,0.364376,0.889869,-0.274522,0.930162,-0.333518,0.153507,-4.3e-05,-0.00032,-0.000407,1e-06,-7e-06,1.3e-05,-0.564841
8,0.151026,-0.050794,0.306532,0.004087,0.292942,-0.956145,-0.336017,-0.900105,-0.277264,-0.941864,0.322045,0.095943,-1e-06,-7e-06,-9e-06,0.0,0.0,0.0,-0.426918,-0.159433,-0.043392,0.2847,-0.444393,-0.268554,0.854625,0.814792,-0.51752,0.261191,0.372678,0.812737,0.447697,0.0,-0.0,-0.0,0.0,0.0,0.0,0.012786,0.046151,0.021327,-0.0254,0.463686,0.429011,0.775205,-0.835969,0.501697,0.222385,-0.293513,-0.751165,0.59127,-0.0,1e-06,4e-06,-2e-06,-1.6e-05,7e-06,-0.171416,0.074983,0.017334,-0.064224,0.045043,-0.311284,-0.949248,0.364376,0.889869,-0.274522,0.930161,-0.333518,0.153506,1e-06,2e-06,4e-06,-2e-06,8e-06,1.9e-05,-0.564678
9,0.151038,-0.050803,0.306538,0.004091,0.292949,-0.956143,-0.336042,-0.900094,-0.277269,-0.941856,0.322069,0.095949,-0.0,-0.0,-0.0,0.0,0.0,0.0,-0.426495,-0.159433,-0.043392,0.2847,-0.444393,-0.268554,0.854625,0.814792,-0.51752,0.261191,0.372678,0.812737,0.447697,0.0,-0.0,-0.0,-0.012755,0.101951,-0.170276,0.012636,0.046151,0.021327,-0.0254,0.463816,0.429004,0.775132,-0.835907,0.501759,0.222478,-0.293486,-0.751127,0.591331,-1e-06,1e-06,2e-06,-4e-06,-1.4e-05,1e-05,-0.171416,0.074989,0.01733,-0.064221,0.045038,-0.311291,-0.949246,0.3644,0.889858,-0.274526,0.930152,-0.333541,0.153512,-3e-06,2e-06,6e-06,3e-06,-1.5e-05,9e-06,-0.564678
10,0.151039,-0.050797,0.306545,0.004107,0.292962,-0.956139,-0.336041,-0.900088,-0.277288,-0.941856,0.322071,0.095939,0.0,1e-06,1e-06,0.0,0.0,0.0,-0.427001,-0.159433,-0.043392,0.2847,-0.444526,-0.26855,0.854558,0.814731,-0.517562,0.261296,0.372652,0.812711,0.447765,0.0,-0.0,-0.0,0.0,0.0,0.0,0.012631,0.046151,0.021327,-0.0254,0.463816,0.429004,0.775132,-0.835907,0.501759,0.222478,-0.293486,-0.751127,0.591331,-1e-06,1e-06,2e-06,-4e-06,-1.4e-05,1e-05,-0.171416,0.074989,0.017332,-0.064218,0.045022,-0.311305,-0.949242,0.364401,0.889852,-0.274545,0.930153,-0.333544,0.153502,-2e-06,-3e-06,-3e-06,-1e-06,2e-06,1e-06,-0.564515
11,0.151038,-0.050803,0.306538,0.004091,0.292949,-0.956143,-0.336042,-0.900094,-0.277269,-0.941856,0.322069,0.095949,-0.000118,-0.000917,-0.001176,0.0,0.0,0.0,-0.426366,-0.159433,-0.043397,0.284693,-0.444506,-0.26855,0.854568,0.81474,-0.517556,0.261281,0.372656,0.812715,0.447755,0.0,-3.4e-05,-4.7e-05,0.0,0.0,0.0,0.012771,0.046151,0.021324,-0.025404,0.463797,0.429005,0.775142,-0.835916,0.50175,0.222465,-0.29349,-0.751133,0.591322,1e-06,-1.6e-05,-2e-05,8e-06,2e-06,-1.4e-05,-0.171743,0.074989,0.017332,-0.064218,0.045038,-0.311291,-0.949246,0.3644,0.889858,-0.274526,0.930152,-0.333541,0.153512,-7e-05,-0.000541,-0.000694,-0.000794,0.01371,-0.025351,-0.564515
12,0.151038,-0.050803,0.306538,0.004091,0.292949,-0.956143,-0.336042,-0.900094,-0.277269,-0.941856,0.322069,0.095949,-0.0,-0.0,-0.0,0.0,0.0,0.0,-0.426353,-0.159458,-0.043395,0.284681,-0.444457,-0.268554,0.854592,0.814753,-0.517562,0.261229,0.372686,0.81271,0.447738,0.0,-3e-06,-4e-06,0.0,0.0,0.0,0.012799,0.046139,0.021325,-0.02541,0.463749,0.429009,0.775169,-0.835931,0.501747,0.222413,-0.293521,-0.751132,0.591307,1e-06,6e-06,1e-05,-6e-06,1.2e-05,-8e-06,-0.171579,0.074989,0.017329,-0.064221,0.045038,-0.311291,-0.949246,0.3644,0.889858,-0.274526,0.930152,-0.333541,0.153512,0.0,3e-06,5e-06,-5e-06,1.2e-05,8e-06,-0.564188
13,0.151039,-0.050797,0.306545,0.004107,0.292962,-0.956139,-0.336041,-0.900088,-0.277288,-0.941856,0.322071,0.095939,0.0,2e-06,3e-06,0.0,0.0,0.0,-0.426156,-0.15947,-0.043396,0.284681,-0.444435,-0.268556,0.854603,0.814763,-0.517554,0.261211,0.37269,0.812714,0.447728,-2e-06,0.00017,0.000237,0.0,0.0,0.0,0.01281,0.046133,0.021324,-0.02541,0.463727,0.429011,0.77518,-0.835942,0.501737,0.222397,-0.293525,-0.751138,0.591298,-1e-06,0.000115,0.000162,8e-06,1.1e-05,-2.4e-05,-0.171579,0.074989,0.017332,-0.064218,0.045022,-0.311305,-0.949242,0.364401,0.889852,-0.274545,0.930153,-0.333544,0.153502,-1e-06,-3e-06,-4e-06,1e-06,-6e-06,-1.1e-05,-0.564188
14,0.151039,-0.050797,0.306545,0.004107,0.292962,-0.956139,-0.336041,-0.900088,-0.277288,-0.941856,0.322071,0.095939,0.0,0.0,0.0,0.0,0.0,0.0,-0.4265,-0.15947,-0.043388,0.284675,-0.444449,-0.268555,0.854596,0.814747,-0.517581,0.261211,0.372709,0.812698,0.447741,-0.0,0.0,0.0,0.0,0.0,0.0,0.012618,0.046132,0.021329,-0.025413,0.463741,0.42901,0.775173,-0.835927,0.501763,0.222392,-0.293545,-0.751121,0.591309,1e-06,-1e-06,-1e-06,3e-06,2e-05,-2.1e-05,-0.171579,0.074989,0.017332,-0.064218,0.045022,-0.311305,-0.949242,0.364401,0.889852,-0.274545,0.930153,-0.333544,0.153502,1e-06,-1e-06,-4e-06,-3e-06,1.1e-05,-4e-06,-0.564188
15,0.151038,-0.050795,0.306531,0.004105,0.292958,-0.95614,-0.336017,-0.900098,-0.277285,-0.941865,0.322048,0.095932,-3e-06,-2.2e-05,-2.8e-05,0.0,0.0,0.0,-0.42614,-0.15947,-0.043388,0.284675,-0.444317,-0.268559,0.854664,0.814807,-0.517539,0.261106,0.372735,0.812723,0.447674,-0.0,0.0,0.0,0.0,0.0,0.0,0.012584,0.046132,0.021329,-0.025413,0.463612,0.429017,0.775246,-0.835989,0.501701,0.222299,-0.293572,-0.751159,0.591248,1e-06,-1e-06,-1e-06,-5e-06,-1e-06,1e-06,-0.171579,0.074989,0.017333,-0.064225,0.045024,-0.3113,-0.949244,0.364376,0.889862,-0.274544,0.930162,-0.33352,0.153496,-0.0,-9e-06,-1.2e-05,-3e-06,6e-06,1e-05,-0.564188
16,0.151038,-0.050795,0.306531,0.004105,0.292958,-0.95614,-0.336017,-0.900098,-0.277285,-0.941865,0.322048,0.095932,-0.0,-0.0,-0.0,0.0,0.0,0.0,-0.425395,-0.159484,-0.043367,0.28467,-0.446997,-0.268726,0.853212,0.813941,-0.517685,0.263508,0.371423,0.812575,0.449031,-1e-06,7.6e-05,0.000106,-4e-06,-9e-06,1.3e-05,0.012691,0.046126,0.021339,-0.025415,0.466244,0.429119,0.773609,-0.835013,0.502287,0.224634,-0.292179,-0.750709,0.592508,0.0,4.4e-05,6.2e-05,0.002044,0.003449,-0.003975,-0.171743,0.074989,0.017334,-0.064225,0.045025,-0.3113,-0.949244,0.364376,0.889862,-0.274543,0.930162,-0.33352,0.153496,1e-06,2e-06,3e-06,3e-06,-1.8e-05,6e-06,-0.564188
17,0.151038,-0.050795,0.306531,0.004105,0.292958,-0.95614,-0.336017,-0.900098,-0.277285,-0.941865,0.322048,0.095932,-0.0,-0.0,-0.0,0.0,0.0,0.0,-0.423676,-0.159612,-0.043249,0.284637,-0.459984,-0.269577,0.846011,0.809642,-0.518354,0.275175,0.364909,0.811867,0.455605,-0.001031,0.012636,-0.006038,0.045751,-0.139376,0.231093,0.013896,0.046068,0.021391,-0.025434,0.478693,0.429615,0.765691,-0.830304,0.504995,0.235744,-0.285391,-0.748606,0.598448,-0.000511,0.005938,-0.003545,-0.025272,-0.157377,0.220064,-0.170763,0.074989,0.017334,-0.064225,0.045025,-0.3113,-0.949244,0.364376,0.889862,-0.274543,0.930162,-0.33352,0.153496,-1e-06,1e-06,3e-06,6e-06,-2.3e-05,1.1e-05,-0.563372
18,0.151038,-0.050795,0.306531,0.004105,0.292958,-0.95614,-0.336017,-0.900098,-0.277285,-0.941865,0.322048,0.095932,-0.0,-0.0,-0.0,0.0,0.0,0.0,-0.420506,-0.159767,-0.043104,0.284572,-0.470635,-0.270241,0.839919,0.805851,-0.519146,0.284649,0.359687,0.811141,0.461019,-1e-05,0.001136,0.001586,-0.005327,-0.012857,0.017605,0.017228,0.045984,0.021469,-0.025466,0.489189,0.429942,0.758843,-0.826037,0.507631,0.244894,-0.279922,-0.746632,0.603476,-0.008432,0.005762,-0.002802,0.022321,-0.027965,0.03729,-0.169457,0.074989,0.017334,-0.064225,0.045025,-0.3113,-0.949244,0.364376,0.889862,-0.274543,0.930162,-0.33352,0.153496,-1e-06,1e-06,3e-06,6e-06,-2.3e-05,1.1e-05,-0.562228
19,0.151038,-0.050787,0.306525,0.004119,0.292967,-0.956137,-0.335992,-0.900103,-0.277301,-0.941874,0.322027,0.095916,-0.0,-0.0,-0.0,0.0,0.0,0.0,-0.415344,-0.160291,-0.04251,0.284326,-0.493493,-0.280377,0.823313,0.803679,-0.508708,0.308625,0.332895,0.814322,0.475314,-0.016851,0.012494,-0.004276,-0.015045,-0.24151,0.35207,0.028058,0.045735,0.021753,-0.025583,0.509514,0.438643,0.740261,-0.822506,0.500977,0.269267,-0.252742,-0.746065,0.616041,-0.008422,0.006139,-0.002277,-0.636806,-1.69234,2.286257,-0.159006,0.074989,0.017338,-0.064228,0.04501,-0.311309,-0.949241,0.364352,0.889867,-0.274561,0.930172,-0.3335,0.153479,-1e-06,1e-06,3e-06,5e-06,-1.8e-05,1.4e-05,-0.55782
20,0.151038,-0.050779,0.306518,0.004132,0.292976,-0.956134,-0.335966,-0.900107,-0.277317,-0.941882,0.322005,0.095899,2.5e-05,0.010713,-0.008746,0.035599,-0.012877,0.018395,-0.414213,-0.161152,-0.041733,0.283946,-0.516021,-0.284833,0.807826,0.796946,-0.505159,0.331097,0.314402,0.814991,0.486625,-0.017814,0.023193,-0.013053,0.068117,-0.065743,0.203967,0.033626,0.045311,0.022139,-0.025768,0.531494,0.441808,0.722716,-0.814316,0.501433,0.292323,-0.233244,-0.743888,0.62628,-0.008905,0.011946,-0.006029,0.098147,-0.177776,0.390991,-0.148719,0.074989,0.017338,-0.064228,0.04501,-0.311309,-0.949241,0.364352,0.889867,-0.274561,0.930172,-0.3335,0.153479,-1e-06,1e-06,3e-06,5e-06,-1.8e-05,1.4e-05,-0.556187
21,0.151027,-0.050757,0.306513,0.004047,0.292898,-0.956159,-0.33592,-0.900154,-0.277219,-0.941899,0.321946,0.095935,-0.015798,0.000894,0.001035,-0.000984,0.014715,-0.029553,-0.38242,-0.162427,-0.040683,0.28339,-0.52403,-0.308573,0.79383,0.809557,-0.469768,0.351951,0.264954,0.827456,0.494953,-0.034524,0.034244,-0.019449,-1.322439,-0.53853,-0.239098,0.100818,0.044667,0.022668,-0.026049,0.5375,0.463831,0.70424,-0.822976,0.470623,0.318159,-0.18386,-0.750583,0.634681,-0.017778,0.023002,-0.013321,-4.516736,-1.846339,-1.912095,-0.110999,0.074989,0.017352,-0.064234,0.045065,-0.311257,-0.949256,0.364277,0.889914,-0.274505,0.930199,-0.333422,0.153488,4e-06,4.8e-05,6.2e-05,4e-06,-2e-05,8e-06,-0.546389
22,0.151015,-0.050748,0.306507,0.003932,0.292795,-0.956191,-0.3359,-0.900202,-0.277088,-0.941907,0.321905,0.095998,0.0,1e-06,1e-06,0.0,0.0,0.0,-0.335561,-0.163194,-0.039852,0.282948,-0.529752,-0.32661,0.782739,0.816408,-0.44619,0.366506,0.230194,0.833587,0.502003,-0.051198,0.045763,-0.025225,0.045503,-0.29461,0.540641,0.186985,0.044289,0.023078,-0.02627,0.5412,0.479651,0.690677,-0.82791,0.447715,0.33781,-0.147196,-0.754642,0.639412,-0.017702,0.023719,-0.012359,-0.156745,-0.767892,1.032065,-0.0416,0.074977,0.017357,-0.064237,0.045202,-0.311141,-0.949288,0.364251,0.889972,-0.274355,0.930203,-0.333377,0.153562,-1e-06,-5e-06,-2e-06,-4e-06,8e-06,-9e-06,-0.527284
23,0.150815,-0.050676,0.30648,-0.002957,0.286675,-0.958047,-0.337564,-0.902052,-0.268933,-0.941307,0.322244,0.100629,-0.015806,0.000823,0.000938,-0.599576,1.262962,-2.420309,-0.155311,-0.164545,-0.037426,0.281657,-0.562302,-0.379245,0.734834,0.816824,-0.39267,0.422542,0.128993,0.838287,0.529621,-0.037162,0.071635,-0.0385,-4.039456,-3.263108,-1.497293,0.400064,0.043608,0.02428,-0.026912,0.569722,0.522614,0.634264,-0.820322,0.408454,0.400295,-0.049868,-0.748358,0.661417,-0.010704,0.036201,-0.019588,-0.441709,-2.069578,2.728918,0.208724,0.074883,0.017393,-0.06425,0.050125,-0.306969,-0.950398,0.365029,0.89139,-0.268658,0.929645,-0.333456,0.156733,-0.00789,0.005763,-0.003909,0.036378,-0.001215,-0.005312,-0.433066
24,0.150343,-0.050431,0.306352,-0.019755,0.271692,-0.962205,-0.341513,-0.906292,-0.248948,-0.939658,0.323344,0.111886,-0.015643,0.012498,-0.006586,0.018322,0.03579,-0.076244,0.059523,-0.165302,-0.034634,0.280196,-0.605588,-0.42121,0.675156,0.793998,-0.375039,0.478378,0.052463,0.826287,0.560678,-0.004722,0.06252,-0.03127,-3.550854,-3.526049,-1.564955,0.515,0.043217,0.025682,-0.027641,0.607415,0.556923,0.566464,-0.793918,0.401179,0.45689,0.027199,-0.727249,0.685834,-0.010637,0.036377,-0.019376,0.112748,-1.289026,2.006385,0.430309,0.074647,0.017509,-0.064314,0.069633,-0.290385,-0.954372,0.368424,0.896544,-0.245908,0.927045,-0.33449,0.169414,-0.007813,0.006323,-0.003191,-0.019141,0.101579,-0.203231,-0.276143
25,0.149941,-0.050195,0.306214,-0.033829,0.259109,-0.965279,-0.344604,-0.909578,-0.232135,-0.93811,0.324458,0.12126,-0.031476,0.012996,-0.006095,-0.015245,0.035136,-0.082818,0.179163,-0.165593,-0.033471,0.279533,-0.618438,-0.437631,0.65269,0.785314,-0.37143,0.495233,0.026467,0.819373,0.572531,-0.020354,0.059132,-0.034135,-0.824556,-1.597708,0.323845,0.521205,0.043078,0.026269,-0.027966,0.616355,0.572522,0.540668,-0.785438,0.397703,0.474255,0.056496,-0.716972,0.694807,-0.001954,0.024016,-0.014025,-3.3581,-3.517236,-1.910126,0.483706,0.074452,0.017628,-0.064382,0.084059,-0.278052,-0.95688,0.370596,0.900119,-0.229003,0.924982,-0.335367,0.178708,-0.007825,0.006161,-0.0034,-0.161917,0.406645,-0.785447,-0.146001
26,0.148786,-0.049512,0.305816,-0.069446,0.227947,-0.971217,-0.345881,-0.918632,-0.190928,-0.935633,0.322377,0.143845,-0.031459,0.012858,-0.006326,-0.570482,1.116015,-2.150579,0.406202,-0.166179,-0.032154,0.27846,-0.654414,-0.441007,0.614203,0.755889,-0.397497,0.520155,0.015567,0.805207,0.592674,-0.017535,0.01673,-0.022132,0.145258,-0.635862,0.983532,0.501647,0.042784,0.026951,-0.028495,0.649434,0.573063,0.499833,-0.757325,0.428218,0.493038,0.068505,-0.698732,0.712095,-0.008275,0.002513,-0.007374,0.130588,-0.740952,1.131475,0.507873,0.073875,0.01797,-0.064581,0.118564,-0.249107,-0.96119,0.369412,0.909598,-0.190169,0.92167,-0.332528,0.199869,-0.023584,0.012274,-0.006978,0.018741,0.038086,-0.097433,0.166048
27,0.147458,-0.048656,0.305314,-0.098102,0.199279,-0.975043,-0.33333,-0.92971,-0.156531,-0.937585,0.309402,0.158845,-0.03135,0.023558,-0.015154,0.058597,-0.059916,0.085789,0.507915,-0.16711,-0.03263,0.277856,-0.677426,-0.444574,0.586037,0.735479,-0.412995,0.537066,0.004109,0.795385,0.605978,-0.029588,-0.040238,-0.005083,-0.042572,-0.239618,0.357478,0.294882,0.042335,0.026752,-0.02879,0.670877,0.573532,0.47009,-0.737265,0.447655,0.506008,0.079774,-0.68605,0.723167,-0.015246,-0.014835,-0.00699,0.007219,-0.358348,0.542177,0.402877,0.073222,0.018386,-0.064822,0.149852,-0.218963,-0.964157,0.355361,0.921932,-0.154142,0.922638,-0.319526,0.215964,-0.015703,0.006422,-0.003183,-0.15474,0.3377,-0.629331,0.417188
28,0.146526,-0.047974,0.304813,-0.108402,0.1815,-0.977422,-0.332795,-0.933066,-0.136409,-0.936628,0.310263,0.162764,-0.01572,0.021478,-0.017648,0.066827,0.055458,-0.190698,0.411718,-0.168702,-0.034476,0.277442,-0.677218,-0.448129,0.583564,0.735673,-0.415311,0.535011,0.003451,0.792181,0.610164,-0.061325,-0.046711,-0.010935,0.23919,0.155435,-0.4705,-0.287758,0.04154,0.025812,-0.029013,0.671413,0.576106,0.466159,-0.736669,0.450296,0.50453,0.080753,-0.682154,0.726734,-0.022807,-0.023343,-0.006295,0.661701,1.413815,-2.075528,0.091155,0.072745,0.018734,-0.065072,0.159821,-0.201444,-0.966372,0.353777,0.925617,-0.13444,0.921573,-0.320395,0.219199,-5.3e-05,0.004663,-0.005243,0.018244,0.135647,-0.236628,0.447887
29,0.146584,-0.04774,0.304573,-0.105268,0.176471,-0.978684,-0.331118,-0.934171,-0.132884,-0.937583,0.309846,0.157989,0.015749,0.019402,-0.019878,0.078627,-0.103983,0.031106,0.135888,-0.169597,-0.035229,0.277273,-0.664844,-0.451058,0.595415,0.746789,-0.413742,0.520631,0.012342,0.791342,0.611137,-0.046579,-0.02899,-0.011762,0.325675,0.172578,-0.624352,-0.678949,0.041086,0.025415,-0.029117,0.659359,0.580305,0.478006,-0.74841,0.446067,0.490821,0.071604,-0.681372,0.728424,-0.022832,-0.020248,-0.002028,0.706875,1.394,-2.132296,-0.064787,0.072756,0.018855,-0.065195,0.156784,-0.196176,-0.967953,0.351866,0.926858,-0.130854,0.922826,-0.320074,0.214344,0.007812,0.004126,-0.005835,0.037227,0.062375,-0.128635,0.32297
30,0.147736,-0.047284,0.303923,-0.084399,0.179985,-0.980065,-0.325946,-0.934406,-0.143585,-0.941523,0.3071,0.138748,0.047186,0.017456,-0.022025,0.238192,-0.492166,0.847491,-0.645168,-0.171225,-0.035706,0.276978,-0.615722,-0.464716,0.63633,0.786304,-0.413265,0.459209,0.050335,0.783665,0.619031,-0.03156,-0.004624,-0.003127,0.862419,-0.339913,-0.889836,-1.387875,0.040279,0.025152,-0.02928,0.613764,0.59574,0.51806,-0.788735,0.434018,0.435344,0.034505,-0.675811,0.736266,-0.015764,-0.001869,-0.000902,1.117273,1.093177,-2.134266,-0.367855,0.073308,0.019075,-0.065512,0.138101,-0.197518,-0.970522,0.347488,0.927283,-0.139272,0.927458,-0.318011,0.196694,0.015646,0.003448,-0.006642,0.081571,-0.031404,0.144563,0.016147
31,0.149215,-0.046543,0.303118,-0.039485,0.213539,-0.976159,-0.316651,-0.929198,-0.190512,-0.947685,0.301308,0.105521,0.031465,0.018996,-0.02031,0.12554,-0.274731,0.489212,-1.292009,-0.172303,-0.035355,0.277034,-0.576632,-0.482715,0.659146,0.812315,-0.424265,0.400097,0.087232,0.766737,0.6359,-0.031284,0.004468,0.009648,0.920269,-0.651336,-0.526328,-1.405063,0.039733,0.025326,-0.029263,0.573778,0.614861,0.54104,-0.819006,0.433002,0.376481,-0.002788,-0.659132,0.752021,-0.01607,0.008116,0.001218,0.691992,-1.056486,0.185399,-0.663574,0.074047,0.019442,-0.065912,0.091417,-0.232048,-0.968398,0.340711,0.921068,-0.188544,0.935712,-0.312708,0.163263,0.015846,0.01001,-0.009514,0.591794,-1.43607,2.711916,-0.295575
32,0.150045,-0.046113,0.302713,-0.010368,0.240351,-0.970654,-0.310235,-0.923531,-0.225424,-0.950604,0.29849,0.085347,0.047414,0.020138,-0.018748,0.63532,-1.581547,2.925251,-1.416128,-0.172746,-0.0353,0.277231,-0.567888,-0.491501,0.660243,0.817333,-0.430872,0.382426,0.097219,0.757419,0.645544,-0.031274,0.004279,0.009345,0.655517,-0.978348,-0.092848,-1.404813,0.039506,0.025363,-0.02915,0.562749,0.623719,0.542482,-0.826504,0.435859,0.356253,-0.014244,-0.648845,0.760786,-0.015215,-0.003423,0.008781,0.718872,-1.048902,-0.127104,-0.811352,0.074474,0.019664,-0.06613,0.063257,-0.257208,-0.964283,0.336419,0.915161,-0.222037,0.939584,-0.310358,0.14442,0.023767,0.015606,-0.013536,0.297748,-0.732733,1.343308,-0.444822
33,0.151868,-0.045233,0.30188,0.008875,0.261435,-0.965204,-0.30649,-0.918025,-0.251529,-0.951857,0.297727,0.073179,0.031534,0.031087,-0.027419,0.081012,-0.135108,0.67812,-1.453643,-0.173772,-0.035362,0.277737,-0.570232,-0.507472,0.645987,0.816094,-0.439181,0.375559,0.093824,0.741969,0.663734,-0.014654,-0.005321,0.017951,0.101988,-0.499397,0.147516,-1.033788,0.038987,0.025339,-0.028896,0.562507,0.63892,0.524753,-0.826724,0.442815,0.347047,-0.010633,-0.629042,0.777297,-0.015608,0.002825,0.005615,-0.049482,-0.874647,0.376974,-0.997177,0.075392,0.020104,-0.066538,0.041348,-0.279128,-0.959362,0.333739,0.908893,-0.25006,0.941757,-0.309838,0.130737,0.023618,0.009701,-0.009936,-0.006466,0.052705,0.58319,-0.739399
34,0.152956,-0.04442,0.301138,-0.011203,0.245962,-0.969238,-0.312105,-0.921686,-0.230342,-0.949981,0.299612,0.088296,0.015754,0.010392,-0.009096,-0.493548,1.196034,-2.239871,-1.193597,-0.174439,-0.035077,0.278565,-0.576177,-0.535513,0.617445,0.81548,-0.426176,0.391537,0.05418,0.729771,0.681441,0.000566,0.015929,0.022221,-4.162919,-4.270073,-1.716856,-0.354743,0.038648,0.025465,-0.028496,0.56685,0.659056,0.494293,-0.823494,0.436405,0.362501,0.023196,-0.612531,0.790105,-0.007162,0.001992,0.015452,-0.059422,0.022486,0.004203,-0.805474,0.075941,0.020517,-0.066918,0.06015,-0.266526,-0.961948,0.33796,0.912215,-0.231614,0.939236,-0.311168,0.144945,0.007905,0.010679,-0.00878,0.032473,-0.03852,0.006302,-1.013564
35,0.153337,-0.043798,0.300672,-0.03718,0.22156,-0.974461,-0.316735,-0.927424,-0.198835,-0.947752,0.300972,0.10587,0.000139,0.011886,-0.007248,-0.125275,0.470454,-0.872381,-0.804818,-0.17458,-0.034534,0.279886,-0.579682,-0.572354,0.579975,0.814744,-0.404955,0.414896,-0.001884,0.713748,0.700303,0.001673,0.012581,0.040894,-0.033848,-0.487485,0.541458,-0.031253,0.038577,0.025742,-0.027827,0.564394,0.692925,0.448679,-0.821118,0.415271,0.391554,0.084994,-0.589409,0.80335,0.000834,0.006667,0.02099,-0.054052,-0.468905,0.550179,-0.607402,0.076138,0.020818,-0.067147,0.086315,-0.242657,-0.966264,0.34097,0.918507,-0.200206,0.936102,-0.312186,0.16202,0.007942,0.005749,-0.003853,0.037419,0.045525,-0.081082,-0.958045
36,0.153327,-0.043579,0.300514,-0.0435,0.215728,-0.975507,-0.316905,-0.928939,-0.191352,-0.947419,0.300545,0.109987,3.1e-05,0.010991,-0.008395,0.030427,0.085447,-0.154421,-0.692577,-0.174485,-0.034339,0.280747,-0.573014,-0.594002,0.564632,0.818809,-0.387788,0.423208,-0.031717,0.705567,0.707837,0.002488,0.001308,0.048659,-0.204599,-1.076273,0.70529,0.088046,0.038624,0.025841,-0.027421,0.554677,0.70988,0.434054,-0.824468,0.398576,0.401731,0.112178,-0.580695,0.806355,0.000807,0.006463,0.020583,-0.645041,-1.366625,-0.816414,-0.466646,0.076139,0.020934,-0.067226,0.094671,-0.235226,-0.967318,0.341006,0.92056,-0.190482,0.935281,-0.311828,0.167364,2e-05,0.005484,-0.004218,0.033077,0.079303,-0.143216,-0.866276
37,0.153125,-0.043395,0.300345,-0.052319,0.207755,-0.976804,-0.316558,-0.931103,-0.181134,-0.947078,0.299474,0.115695,-0.00018,-0.001469,-0.001884,-0.011016,0.211845,-0.370125,-0.565183,-0.17432,-0.034412,0.282549,-0.544649,-0.636771,0.545777,0.834,-0.343477,0.431743,-0.086782,0.691117,0.717419,0.003204,-0.012699,0.052567,-0.907052,-1.048015,-0.884772,0.213561,0.038707,0.025823,-0.026493,0.524527,0.747655,0.407286,-0.834782,0.357594,0.418646,0.167359,-0.559587,0.811697,0.001533,-0.006242,0.026246,-3.035239,-2.660576,-3.803489,-0.16864,0.076033,0.021037,-0.067313,0.103554,-0.227495,-0.968256,0.340073,0.922919,-0.180472,0.934679,-0.310589,0.172937,-0.007869,0.000118,0.000121,-0.006356,0.113174,-0.201586,-0.724376
38,0.152874,-0.043538,0.300414,-0.057877,0.202828,-0.977525,-0.316759,-0.932257,-0.174735,-0.946681,0.299269,0.11942,-7.6e-05,-0.011311,0.007985,-0.035572,0.013246,-0.018184,-0.494879,-0.174187,-0.03506,0.284474,-0.529961,-0.655409,0.538118,0.84109,-0.32591,0.431607,-0.106841,0.682155,0.723265,0.003884,-0.028149,0.054667,-0.092119,-0.053288,-0.034458,0.304809,0.038774,0.025509,-0.025526,0.507027,0.764941,0.397225,-0.841175,0.338614,0.421621,0.188009,-0.547909,0.815136,0.001894,-0.014661,0.026565,-0.11663,-0.12087,0.113613,0.114506,0.075906,0.020966,-0.067287,0.10944,-0.222468,-0.968777,0.3399,0.924253,-0.173846,0.934071,-0.310261,0.176767,-0.007868,0.000158,0.00017,-0.006393,0.113387,-0.202121,-0.647466
39,0.152754,-0.04365,0.300489,-0.057474,0.203285,-0.977454,-0.316644,-0.932189,-0.175307,-0.946744,0.299171,0.119162,-4.7e-05,-0.000377,-0.000484,0.0,-0.0,0.0,-0.470325,-0.17413,-0.035569,0.285454,-0.528631,-0.659732,0.53413,0.84154,-0.325525,0.431019,-0.109827,0.678161,0.726566,0.003825,-0.029811,0.05236,-0.031461,-0.105182,-0.105142,0.344396,0.038803,0.025255,-0.025034,0.505467,0.768275,0.392754,-0.841475,0.338242,0.42132,0.190844,-0.543457,0.817455,0.001878,-0.014981,0.026089,-0.02651,-0.113561,-0.116868,0.197784,0.075847,0.020906,-0.067246,0.109019,-0.222929,-0.968719,0.33984,0.924165,-0.174431,0.934142,-0.310193,0.176511,-4.3e-05,-0.005673,0.003975,-0.036602,0.014694,-0.020951,-0.622483
40,0.152612,-0.043823,0.300638,-0.046048,0.213976,-0.975776,-0.314786,-0.930108,-0.189161,-0.948002,0.298178,0.111399,-2.5e-05,-0.010873,0.008546,-0.021531,-0.021643,0.046252,-0.439302,-0.173978,-0.036765,0.287345,-0.52636,-0.666475,0.527966,0.8421,-0.32338,0.431539,-0.116221,0.672574,0.730754,0.003724,-0.032729,0.048358,-0.09877,-0.201275,0.154091,0.408661,0.038878,0.024658,-0.024089,0.502219,0.773902,0.385811,-0.842005,0.336015,0.422042,0.196981,-0.536813,0.820383,0.001403,-0.011102,0.019696,-0.161463,-0.216632,0.10128,0.313557,0.075782,0.020823,-0.067176,0.097415,-0.233372,-0.967495,0.338714,0.921862,-0.188261,0.935832,-0.309365,0.168849,4e-06,4.4e-05,5.8e-05,0.174048,-0.422945,0.781837,-0.588355
41,0.152601,-0.043817,0.300645,-0.038593,0.220849,-0.974567,-0.313544,-0.928668,-0.198086,-0.948755,0.297644,0.106298,0.0,2e-06,3e-06,0.005142,-0.09854,0.17269,-0.431296,-0.173821,-0.037919,0.289131,-0.525677,-0.671481,0.522271,0.841553,-0.32133,0.43413,-0.123035,0.668566,0.733311,0.002879,-0.021774,0.039878,-0.097576,-0.008487,-0.010203,0.426388,0.038956,0.024081,-0.023212,0.501017,0.777886,0.379307,-0.841121,0.334517,0.424985,0.203705,-0.531969,0.821895,0.001806,-0.01702,0.023271,-0.168889,0.028121,-0.038112,0.368259,0.07577,0.020823,-0.067168,0.089849,-0.240078,-0.966586,0.337962,0.920276,-0.19716,0.93686,-0.308955,0.163823,-1e-06,-1e-06,-1e-06,-0.001051,0.001883,-0.00357,-0.571373
42,0.152621,-0.043801,0.300564,-0.038572,0.220857,-0.974566,-0.313394,-0.928712,-0.198116,-0.948805,0.297501,0.10625,-0.000178,-0.001439,-0.001848,-0.0,0.0,0.0,-0.42403,-0.173745,-0.03883,0.290675,-0.523314,-0.675637,0.519277,0.842409,-0.318885,0.434273,-0.12717,0.665545,0.73535,0.002024,-0.011122,0.031006,0.235609,-0.341343,-0.210253,0.438121,0.038994,0.023621,-0.022438,0.499858,0.779731,0.377041,-0.840679,0.332085,0.427758,0.208327,-0.530789,0.821499,0.0014,-0.011141,0.019568,-0.109942,0.011305,-0.003621,0.387854,0.07578,0.020832,-0.067206,0.089742,-0.240157,-0.966576,0.33783,0.920296,-0.197292,0.936918,-0.308834,0.163721,-9.9e-05,-0.000793,-0.001019,-5.4e-05,1.9e-05,-3.8e-05,-0.562718
43,0.15264,-0.043816,0.300495,-0.038941,0.220526,-0.974627,-0.313315,-0.928828,-0.1977,-0.948816,0.297386,0.106475,-0.000273,-0.002202,-0.002829,-0.000745,0.014284,-0.025019,-0.421092,-0.173732,-0.039195,0.291361,-0.524015,-0.676375,0.517607,0.841484,-0.31778,0.436869,-0.130349,0.665325,0.734993,0.002856,-0.02231,0.039061,-0.954383,-1.955257,1.751803,0.442606,0.039002,0.023434,-0.022083,0.497747,0.781255,0.37668,-0.841752,0.330459,0.426907,0.209045,-0.529563,0.822108,0.000973,-0.005913,0.015023,-0.086338,0.016028,-0.010856,0.396672,0.07579,0.020826,-0.067238,0.090102,-0.239846,-0.96662,0.337731,0.920416,-0.196901,0.936919,-0.308717,0.163935,-8.5e-05,-0.000692,-0.00089,-4e-05,8e-06,-1.8e-05,-0.559453
44,0.152666,-0.043885,0.30039,-0.039653,0.219897,-0.97474,-0.31328,-0.929011,-0.196891,-0.948797,0.29728,0.10694,-0.000339,-0.00274,-0.003523,-0.005885,0.11287,-0.197683,-0.416371,-0.173733,-0.039887,0.2927,-0.518911,-0.681882,0.515519,0.843378,-0.3105,0.438448,-0.138255,0.663141,0.735522,0.002844,-0.022566,0.038659,-0.103443,-0.000126,-0.006754,0.447767,0.039001,0.023087,-0.021415,0.493386,0.786475,0.371518,-0.841885,0.324434,0.431244,0.21863,-0.525545,0.822193,0.00097,-0.006081,0.014774,-0.082967,0.018423,-0.01148,0.408755,0.075803,0.020792,-0.067291,0.090715,-0.239326,-0.966691,0.337665,0.920585,-0.196224,0.936884,-0.308617,0.164323,-0.000124,-0.001018,-0.001308,-1.7e-05,-1e-05,-1.1e-05,-0.556023
45,0.152657,-0.043976,0.300306,-0.040348,0.219285,-0.97485,-0.313321,-0.929166,-0.196095,-0.948753,0.29725,0.107409,-0.000244,-0.001967,-0.002531,-0.000745,0.014284,-0.02502,-0.415413,-0.173843,-0.040536,0.293983,-0.511242,-0.688271,0.514689,0.84714,-0.303098,0.43637,-0.143703,0.659961,0.737336,0.002788,-0.024196,0.036475,-0.08487,-0.008056,-0.046341,0.446556,0.038951,0.022771,-0.02078,0.485313,0.792174,0.370042,-0.845231,0.316772,0.430395,0.223729,-0.521647,0.823303,0.000965,-0.006253,0.014521,-0.0701,-0.007581,-0.029494,0.412837,0.075798,0.020744,-0.067336,0.091537,-0.238629,-0.966786,0.337655,0.920784,-0.195305,0.936807,-0.308563,0.164861,-5.7e-05,-0.000483,-0.000621,-2.1e-05,6e-06,-1.2e-05,-0.554554
46,0.152643,-0.043984,0.300279,-0.040732,0.218939,-0.974911,-0.31329,-0.929269,-0.195654,-0.948747,0.297183,0.107655,-9.7e-05,-0.000786,-0.001011,0.0,0.0,0.0,-0.414441,-0.173957,-0.040811,0.294557,-0.505055,-0.692907,0.514578,0.850088,-0.296734,0.435011,-0.148101,0.658003,0.738215,0.00196,-0.012926,0.028463,-0.039615,-0.02852,-0.034594,0.440755,0.038889,0.022623,-0.02048,0.478795,0.796343,0.369582,-0.847784,0.310029,0.430282,0.228071,-0.519343,0.823568,-0.006431,-0.012084,0.019018,-0.114402,0.113101,-0.253057,0.411041,0.075791,0.020738,-0.067352,0.091946,-0.238276,-0.966834,0.337601,0.920901,-0.19485,0.936787,-0.308488,0.165115,-5.1e-05,-0.000434,-0.00056,-1.7e-05,-1e-05,-7e-06,-0.554064
47,0.152631,-0.043975,0.300274,-0.0414,0.218342,-0.975017,-0.313255,-0.929442,-0.194889,-0.948728,0.297083,0.108088,8e-06,6.6e-05,8.5e-05,0.0,0.0,0.0,-0.414084,-0.174304,-0.041247,0.295746,-0.47893,-0.714859,0.509503,0.861206,-0.270514,0.430208,-0.169114,0.645717,0.744522,-0.013568,-0.010822,0.032637,0.165864,-0.261572,-0.192965,0.420746,0.038721,0.0224,-0.019893,0.451781,0.814909,0.363063,-0.856761,0.282866,0.431214,0.248702,-0.505873,0.825977,-0.007221,-3.9e-05,0.011997,0.341738,-0.373575,-0.256257,0.394712,0.075785,0.020742,-0.067355,0.092628,-0.23769,-0.966914,0.337526,0.921088,-0.194091,0.936747,-0.308381,0.165545,1.1e-05,7.6e-05,9.9e-05,-0.005146,0.098596,-0.172679,-0.553574
48,0.152633,-0.043983,0.300314,-0.039721,0.219925,-0.974731,-0.312899,-0.929129,-0.19694,-0.94892,0.29689,0.106932,6e-05,0.000484,0.000623,0.0,-0.0,0.0,-0.41392,-0.174737,-0.041423,0.29702,-0.45372,-0.739238,0.497652,0.869921,-0.24661,0.427031,-0.192387,0.627591,0.754308,-0.014232,0.004375,0.029571,0.225084,-0.36205,-0.227498,0.404758,0.038505,0.022303,-0.01926,0.424471,0.835538,0.348854,-0.863925,0.258411,0.432269,0.27103,-0.484869,0.83153,-0.006716,-0.003032,0.019337,0.263404,-0.561441,-0.322841,0.370545,0.075786,0.020738,-0.067335,0.090891,-0.239263,-0.966691,0.337277,0.920737,-0.196177,0.937007,-0.308212,0.164384,4e-05,0.000322,0.000416,-0.000722,0.001391,-0.002612,-0.553737
49,0.152633,-0.043992,0.30032,-0.039845,0.219817,-0.97475,-0.312922,-0.929152,-0.196797,-0.948907,0.2969,0.10702,0.0,0.0,0.0,0.0,-0.0,0.0,-0.414236,-0.175196,-0.041287,0.298436,-0.43645,-0.765165,0.473314,0.872761,-0.232517,0.429137,-0.217763,0.601341,0.768656,-0.014025,0.009245,0.035571,0.371934,-0.476907,-0.262825,0.392998,0.038281,0.022364,-0.01857,0.404985,0.855585,0.322428,-0.865225,0.244615,0.437662,0.295586,-0.45622,0.839339,-0.007035,0.00464,0.017836,0.04002,-0.196843,-0.045309,0.352746,0.075786,0.020735,-0.06733,0.091037,-0.239139,-0.966708,0.337298,0.920765,-0.19601,0.936985,-0.308225,0.164485,2e-06,-5e-06,-4e-06,-4e-06,4e-05,-7.8e-05,-0.553574
50,0.152633,-0.043997,0.300313,-0.039972,0.219705,-0.97477,-0.31292,-0.929183,-0.196652,-0.948902,0.296886,0.107103,-8e-06,-6.8e-05,-8.7e-05,0.0,0.0,0.0,-0.414176,-0.175386,-0.041111,0.299149,-0.424196,-0.780849,0.45861,0.874442,-0.221839,0.431361,-0.234561,0.584984,0.776297,-0.013932,0.011266,0.037993,0.322045,-0.686879,-0.140254,0.390447,0.03818,0.022455,-0.0182,0.390801,0.868091,0.306092,-0.866196,0.234324,0.441358,0.311414,-0.437619,0.84351,-0.006976,0.005971,0.019457,-0.317786,-0.823735,0.672225,0.346542,0.075786,0.020733,-0.067334,0.091167,-0.239028,-0.966723,0.337288,0.9208,-0.195865,0.936976,-0.308208,0.164568,-4e-06,-4.1e-05,-5.3e-05,1.4e-05,3e-06,2e-05,-0.553247
51,0.15262,-0.043994,0.3003,-0.040434,0.219289,-0.974845,-0.312889,-0.929306,-0.196122,-0.948892,0.29681,0.107401,-5e-06,-4.2e-05,-5.4e-05,0.0,0.0,0.0,-0.414068,-0.175708,-0.040577,0.30069,-0.389873,-0.812405,0.433576,0.881987,-0.194304,0.429277,-0.264015,0.550787,0.791703,-0.013779,0.014286,0.041435,0.295793,-0.930119,-0.53986,0.389996,0.038019,0.022723,-0.017429,0.353892,0.89286,0.278495,-0.871683,0.206935,0.444236,0.33901,-0.399971,0.851524,0.000839,0.007268,0.020151,-0.620183,-1.049961,-1.219859,0.341153,0.07578,0.020734,-0.06734,0.091639,-0.23862,-0.966779,0.337229,0.920933,-0.19534,0.936951,-0.308125,0.164863,-2e-06,-2.4e-05,-3.1e-05,5e-06,8e-06,1.1e-05,-0.553411
52,0.152644,-0.044003,0.300305,-0.040745,0.219019,-0.974893,-0.312909,-0.929373,-0.195769,-0.948872,0.296798,0.107613,-0.0,-0.0,-0.0,0.0,0.0,0.0,-0.413848,-0.175996,-0.039982,0.302207,-0.367158,-0.831606,0.416676,0.887662,-0.179632,0.423936,-0.277241,0.526559,0.803577,0.00172,0.014128,0.039431,0.197505,-0.3764,0.104969,0.389854,0.03787,0.023025,-0.016663,0.327,0.908782,0.2592,-0.877644,0.190327,0.439905,0.350446,-0.371335,0.859824,-0.007321,0.0119,0.015462,0.239443,-0.28448,-0.131355,0.3405,0.075792,0.020729,-0.067338,0.091956,-0.238356,-0.966814,0.337231,0.921007,-0.194988,0.93692,-0.308109,0.165073,-2e-06,4e-06,5e-06,4e-06,-2e-05,-1.9e-05,-0.553248
53,0.152655,-0.044003,0.300305,-0.04106,0.218741,-0.974942,-0.312905,-0.92945,-0.19541,-0.948859,0.296762,0.107821,-0.0,-0.0,-0.0,0.0,0.0,0.0,-0.413994,-0.176149,-0.039719,0.302976,-0.358351,-0.839854,0.407703,0.890571,-0.176709,0.419036,-0.279437,0.5143,0.810724,-0.013792,0.012166,0.038265,0.425895,-0.506985,-0.287549,0.389812,0.037798,0.023156,-0.016289,0.318871,0.914052,0.250658,-0.879569,0.186856,0.437541,0.353098,-0.35999,0.863555,-0.006912,0.00634,0.019474,0.145717,-0.211427,-0.113662,0.3405,0.075798,0.020729,-0.067338,0.092277,-0.238083,-0.96685,0.337207,0.921091,-0.194632,0.936896,-0.308069,0.165279,-3e-06,2e-06,5e-06,-2e-06,0.0,-4.1e-05,-0.553411
54,0.152667,-0.044001,0.300291,-0.041487,0.21836,-0.975009,-0.312873,-0.929563,-0.194923,-0.948851,0.29669,0.108097,-5e-06,-4.2e-05,-5.4e-05,0.0,0.0,0.0,-0.414235,-0.176432,-0.039323,0.304425,-0.341933,-0.850357,0.399958,0.896086,-0.16707,0.411159,-0.282385,0.50005,0.818579,-0.013793,0.011091,0.036655,0.13815,-0.198904,-0.089163,0.387981,0.037658,0.023359,-0.015549,0.299762,0.923045,0.241102,-0.885713,0.175364,0.429836,0.354477,-0.342395,0.870121,0.00119,0.000263,0.022082,0.118041,-0.222883,-0.097305,0.339357,0.075803,0.02073,-0.067345,0.092714,-0.237709,-0.966901,0.33715,0.921214,-0.194149,0.936874,-0.307991,0.165553,-4e-06,-1.5e-05,-1.8e-05,3e-06,-1e-06,0.0,-0.553411
55,0.152655,-0.043995,0.300298,-0.039484,0.220222,-0.974674,-0.312446,-0.929196,-0.197344,-0.949079,0.296461,0.106708,4e-06,3e-05,3.9e-05,0.0,-0.0,0.0,-0.414523,-0.176731,-0.039034,0.305915,-0.330719,-0.859862,0.388913,0.899269,-0.162344,0.406072,-0.285617,0.485109,0.826411,-0.013783,0.010377,0.035516,0.173058,-0.235679,-0.112213,0.384695,0.037508,0.023503,-0.014804,0.287694,0.929817,0.229502,-0.888617,0.169782,0.426067,0.357199,-0.326516,0.875097,-0.006525,-0.000406,0.021834,0.199586,-0.273176,-0.157072,0.336091,0.075798,0.020733,-0.067341,0.090665,-0.239538,-0.966644,0.336852,0.920806,-0.196585,0.937181,-0.307793,0.164174,0.0,1.5e-05,2.2e-05,-7.9e-05,0.000177,-0.000274,-0.553574
56,0.152656,-0.043998,0.300312,-0.039482,0.220227,-0.974673,-0.312471,-0.929187,-0.197346,-0.949071,0.296486,0.106712,3e-06,2.6e-05,3.4e-05,0.0,-0.0,0.0,-0.414094,-0.176853,-0.038922,0.306712,-0.328368,-0.86296,0.384013,0.899891,-0.162496,0.404629,-0.286369,0.479518,0.829409,0.001653,0.011882,0.035803,0.089416,-0.167794,-0.022898,0.381668,0.037388,0.023599,-0.013988,0.280915,0.933834,0.221447,-0.891154,0.168149,0.42139,0.356273,-0.315718,0.879426,-0.006475,0.000565,0.022854,-0.032293,-0.066319,-0.05026,0.330539,0.075798,0.020732,-0.067334,0.090664,-0.239541,-0.966643,0.336878,0.920797,-0.196584,0.937172,-0.307818,0.16418,-0.0,8e-06,1.1e-05,-1e-06,5e-06,-5.5e-05,-0.553411
57,0.152644,-0.044003,0.300305,-0.039737,0.219998,-0.974714,-0.312468,-0.92925,-0.197053,-0.949061,0.296457,0.10688,-7e-06,-5.8e-05,-7.4e-05,0.0,0.0,0.0,-0.414213,-0.177063,-0.038799,0.308432,-0.320155,-0.86863,0.378119,0.903739,-0.160512,0.396769,-0.283554,0.469836,0.835891,-0.012893,0.000826,0.045181,0.236568,-0.331331,-0.196675,0.381118,0.037342,0.023623,-0.01355,0.276695,0.935772,0.218563,-0.893037,0.16641,0.41808,0.354857,-0.310866,0.881724,0.0012,0.00065,0.022196,0.411712,-0.479679,-0.203769,0.329396,0.075792,0.02073,-0.067338,0.090925,-0.239317,-0.966674,0.336859,0.920866,-0.196291,0.937154,-0.307785,0.164345,-4e-06,-3.4e-05,-4.6e-05,3e-06,2e-06,0.0,-0.553411
58,0.152655,-0.044001,0.300291,-0.040053,0.219716,-0.974764,-0.312438,-0.929336,-0.196692,-0.949057,0.296397,0.107083,-0.0,-2e-06,-2e-06,0.0,0.0,0.0,-0.413963,-0.17724,-0.038927,0.310196,-0.312863,-0.872988,0.374166,0.906747,-0.157473,0.391082,-0.2821,0.462723,0.840339,-0.012167,-0.012238,0.050855,0.006753,-0.116007,-0.084558,0.380815,0.037253,0.023567,-0.012668,0.268044,0.939397,0.213738,-0.896611,0.162074,0.412091,0.352476,-0.302099,0.885717,0.001144,-0.000808,0.020352,0.03907,-0.145034,-0.048831,0.328906,0.075797,0.02073,-0.067345,0.091248,-0.23904,-0.966712,0.33681,0.92096,-0.195935,0.93714,-0.30772,0.164547,1e-06,6e-06,6e-06,-6e-06,8e-06,8e-06,-0.553248
