frame,MLTx,MLTy,MLTz,MLTR1,MLTR2,MLTR3,MLTR4,MLTR5,MLTR6,MLTR7,MLTR8,MLTR9,MLTTVx,MLTTVy,MLTTVz,MLTRVx,MLTRVy,MLTRVz,MLGA,MRTx,MRTy,MRTz,MRTR1,MRTR2,MRTR3,MRTR4,MRTR5,MRTR6,MRTR7,MRTR8,MRTR9,MRTTVx,MRTTVy,MRTTVz,MRTRVx,MRTRVy,MRTRVz,MRGA,SLTx,SLTy,SLTz,SLTR1,SLTR2,SLTR3,SLTR4,SLTR5,SLTR6,SLTR7,SLTR8,SLTR9,SLTTVx,SLTTVy,SLTTVz,SLTRVx,SLTRVy,SLTRVz,SLGA,SRTx,SRTy,SRTz,SRTR1,SRTR2,SRTR3,SRTR4,SRTR5,SRTR6,SRTR7,SRTR8,SRTR9,SRTTVx,SRTTVy,SRTTVz,SRTRVx,SRTRVy,SRTRVz,SRGA
1,0.147146,-0.050165,0.322289,-0.213915,0.308043,-0.927036,-0.692788,-0.716848,-0.078395,-0.688434,0.625083,0.367908,-0.0,-0.0,-0.0,0.0,0.0,0.0,0.070589,-0.167008,-0.045384,0.319622,-0.329255,-0.444269,0.833191,0.785582,-0.618407,-0.019164,0.524151,0.648783,0.551552,-1e-06,-0.000103,-0.000118,0.0,0.0,0.0,-0.225688,0.043878,0.021763,-0.021782,0.313605,0.413433,0.854824,-0.767778,0.640107,-0.027915,-0.55872,-0.647561,0.518166,0.0,-4.6e-05,-5.3e-05,7e-06,8e-06,-1.3e-05,-0.413413,0.074423,0.013398,-0.063862,0.31375,-0.259616,-0.913323,0.608824,0.793137,-0.016305,0.728623,-0.550938,0.406907,-0.0,1e-06,2e-06,4e-06,8e-06,9e-06,-0.132448
2,0.147146,-0.050165,0.322289,-0.213915,0.308043,-0.927036,-0.692788,-0.716848,-0.078395,-0.688434,0.625083,0.367908,-0.0,-0.0,-0.0,0.0,0.0,0.0,0.069114,-0.167008,-0.045378,0.319628,-0.329276,-0.444264,0.833186,0.785575,-0.618416,-0.019148,0.524149,0.648778,0.55156,0.0,1.9e-05,2.1e-05,0.0,0.0,0.0,-0.225102,0.043878,0.021766,-0.021779,0.313625,0.413427,0.854819,-0.767771,0.640116,-0.0279,-0.558718,-0.647556,0.518174,1e-06,2.1e-05,2.6e-05,-5e-06,6e-06,1e-05,-0.41325,0.074423,0.013398,-0.063862,0.31375,-0.259616,-0.913323,0.608824,0.793137,-0.016305,0.728623,-0.550938,0.406907,-0.0,1e-06,2e-06,4e-06,8e-06,9e-06,-0.132611
3,0.147158,-0.050173,0.322295,-0.213908,0.308048,-0.927036,-0.692808,-0.716829,-0.078393,-0.688417,0.625102,0.367908,-0.0,-0.0,-0.0,0.0,0.0,0.0,0.070312,-0.16702,-0.045379,0.319629,-0.329253,-0.44427,0.833191,0.785583,-0.618405,-0.019166,0.524151,0.648784,0.551551,0.0,0.0,0.0,0.0,0.0,0.0,-0.225557,0.043872,0.021766,-0.021778,0.313602,0.413434,0.854824,-0.767779,0.640105,-0.027917,-0.55872,-0.647562,0.518164,2e-06,2e-06,5e-06,5e-06,-7e-06,-1e-06,-0.412923,0.074429,0.013394,-0.063859,0.313744,-0.259622,-0.913323,0.608846,0.79312,-0.016302,0.728608,-0.550959,0.406906,-0.0,1e-06,1e-06,4e-06,-1e-06,1e-05,-0.132938
4,0.147158,-0.050166,0.322288,-0.213892,0.308052,-0.927038,-0.692792,-0.716841,-0.078416,-0.688437,0.625086,0.367898,-0.0,-0.0,-0.0,0.0,0.0,0.0,0.070971,-0.167008,-0.045384,0.319622,-0.329255,-0.444269,0.833191,0.785582,-0.618407,-0.019164,0.524151,0.648783,0.551552,-0.0,-2.7e-05,-3.2e-05,0.0,0.0,0.0,-0.225178,0.043878,0.021763,-0.021782,0.313605,0.413433,0.854824,-0.767778,0.640107,-0.027915,-0.55872,-0.647561,0.518165,2e-06,-9e-06,-1e-05,2e-06,7e-06,-6e-06,-0.412923,0.074429,0.013398,-0.063862,0.313729,-0.259627,-0.913327,0.608831,0.793131,-0.016326,0.728627,-0.55094,0.406897,-1e-06,1e-06,1e-06,2e-06,-3e-06,3e-06,-0.131958
5,0.147169,-0.050166,0.322288,-0.213869,0.308061,-0.92704,-0.692796,-0.716835,-0.078437,-0.68844,0.625089,0.367887,-0.0,-0.0,-0.0,0.0,0.0,0.0,0.070201,-0.16702,-0.045385,0.319622,-0.329232,-0.444275,0.833197,0.78559,-0.618396,-0.019181,0.524153,0.648789,0.551542,-0.0,-0.0,-0.0,0.0,0.0,0.0,-0.225231,0.043872,0.021763,-0.021782,0.313582,0.41344,0.854829,-0.767785,0.640097,-0.027933,-0.558723,-0.647566,0.518156,2e-06,5e-06,9e-06,0.0,-8e-06,-5e-06,-0.41276,0.074435,0.013398,-0.063862,0.313707,-0.259639,-0.913331,0.608838,0.793126,-0.016346,0.728631,-0.550943,0.406887,-1e-06,1e-06,2e-06,4e-06,-7e-06,5e-06,-0.131958
6,0.147169,-0.05018,0.322288,-0.213906,0.308049,-0.927036,-0.692808,-0.716828,-0.078396,-0.688417,0.625103,0.367907,-0.0,-1e-06,-1e-06,0.0,0.0,0.0,0.070836,-0.16702,-0.045385,0.319622,-0.329232,-0.444275,0.833197,0.78559,-0.618396,-0.019181,0.524153,0.648789,0.551542,-0.0,-0.0,-0.0,0.0,0.0,0.0,-0.225203,0.043872,0.021763,-0.021782,0.313582,0.41344,0.854829,-0.767786,0.640097,-0.027933,-0.558722,-0.647566,0.518156,3e-06,1e-06,7e-06,4e-06,-7e-06,-9e-06,-0.412923,0.074434,0.013391,-0.063863,0.313741,-0.259623,-0.913324,0.608847,0.793119,-0.016305,0.728608,-0.550959,0.406905,-2e-06,5e-06,7e-06,-3e-06,-3e-06,-8e-06,-0.132121
7,0.147169,-0.050166,0.322288,-0.213869,0.308061,-0.92704,-0.692796,-0.716835,-0.078437,-0.68844,0.625089,0.367887,0.0,1e-06,2e-06,0.0,0.0,0.0,0.072917,-0.167008,-0.04539,0.319615,-0.329235,-0.444275,0.833196,0.785589,-0.618397,-0.019179,0.524153,0.648788,0.551543,-0.0,-3.8e-05,-4.4e-05,0.0,0.0,0.0,-0.224381,0.043878,0.02176,-0.021785,0.313585,0.413439,0.854828,-0.767785,0.640098,-0.027931,-0.558722,-0.647566,0.518157,1e-06,-1.4e-05,-1.3e-05,4e-06,-8e-06,-8e-06,-0.41276,0.074435,0.013398,-0.063862,0.313707,-0.259639,-0.913331,0.608838,0.793126,-0.016346,0.728631,-0.550943,0.406887,-2e-06,-2e-06,-1e-06,-1e-06,-1.1e-05,-1e-05,-0.130162
8,0.147204,-0.050174,0.322279,-0.213682,0.308133,-0.927059,-0.692831,-0.716783,-0.078606,-0.688464,0.625113,0.367802,-5e-06,-3.7e-05,-4.4e-05,0.0,0.0,0.0,0.072165,-0.167009,-0.045396,0.319608,-0.329355,-0.444243,0.833166,0.785548,-0.618452,-0.019089,0.52414,0.648757,0.551592,-0.0,-1e-06,-1e-06,0.0,0.0,0.0,-0.22384,0.043878,0.021758,-0.021789,0.313704,0.413405,0.854801,-0.767745,0.64015,-0.027839,-0.55871,-0.647536,0.518207,2e-06,7e-06,1e-05,1e-06,-1e-05,-7e-06,-0.41227,0.074452,0.013394,-0.063867,0.313531,-0.259732,-0.913365,0.60889,0.793082,-0.016513,0.728663,-0.550962,0.406804,-3e-06,-1.6e-05,-1.6e-05,6e-06,-3e-06,3e-06,-0.130815
9,0.147239,-0.050184,0.322283,-0.213629,0.308156,-0.927064,-0.692859,-0.716752,-0.078645,-0.688452,0.625137,0.367783,-0.0,-0.0,-1e-06,0.0,0.0,0.0,0.072107,-0.167009,-0.045401,0.319602,-0.329195,-0.444285,0.833206,0.785603,-0.618379,-0.019209,0.524157,0.648799,0.551527,-0.0,-5.3e-05,-6.1e-05,0.0,0.0,0.0,-0.223671,0.043878,0.021755,-0.021792,0.313544,0.41345,0.854838,-0.767798,0.640081,-0.027962,-0.558727,-0.647575,0.51814,2e-06,-2.3e-05,-2.6e-05,1e-06,5e-06,-8e-06,-0.412107,0.074469,0.013389,-0.063865,0.313482,-0.25976,-0.913374,0.608924,0.793055,-0.016551,0.728656,-0.550987,0.406783,0.00778,-0.000468,-0.000489,0.000987,-0.014706,0.02955,-0.130488
10,0.147263,-0.050172,0.322282,-0.213686,0.308133,-0.927059,-0.69283,-0.716784,-0.078603,-0.688463,0.625112,0.367805,1e-06,7e-06,9e-06,0.0,0.0,0.0,0.076006,-0.16702,-0.045402,0.319602,-0.329171,-0.444291,0.833212,0.785611,-0.618368,-0.019227,0.52416,0.648805,0.551517,-0.0,-0.0,-0.0,0.0,0.0,0.0,-0.217757,0.043872,0.021754,-0.021792,0.313521,0.413457,0.854843,-0.767806,0.640071,-0.02798,-0.558729,-0.647581,0.51813,3e-06,5e-06,9e-06,-2e-06,-1.7e-05,-4e-06,-0.409167,0.074481,0.013395,-0.063865,0.313535,-0.259731,-0.913364,0.608889,0.793083,-0.016511,0.728662,-0.550961,0.406806,-0.0,-1e-06,-1e-06,-5e-06,-6e-06,-2.2e-05,-0.128202
11,0.147308,-0.05017,0.322252,-0.213602,0.308162,-0.927069,-0.692809,-0.716795,-0.078696,-0.688511,0.625086,0.36776,-2e-05,-0.000149,-0.000175,0.0,0.0,0.0,0.076167,-0.16702,-0.045413,0.319589,-0.329271,-0.444265,0.833187,0.785577,-0.618414,-0.019152,0.524149,0.648779,0.551558,-3e-06,-0.000382,-0.00044,0.0,0.0,0.0,-0.217286,0.043872,0.021749,-0.021798,0.31362,0.413429,0.85482,-0.767773,0.640114,-0.027904,-0.558719,-0.647557,0.518172,1e-06,-0.000205,-0.000233,2e-06,-5e-06,-8e-06,-0.406391,0.074504,0.013395,-0.06388,0.313456,-0.259769,-0.913381,0.608873,0.793093,-0.016605,0.72871,-0.550928,0.406766,-1.2e-05,-8.8e-05,-0.000104,4e-06,-1.2e-05,3e-06,-0.124283
12,0.147342,-0.050186,0.32225,-0.213569,0.308177,-0.927071,-0.692834,-0.716769,-0.078717,-0.688496,0.625108,0.367749,-4e-06,-2.9e-05,-3.4e-05,0.0,0.0,0.0,0.075364,-0.167009,-0.045413,0.319588,-0.329294,-0.444259,0.833181,0.785569,-0.618425,-0.019135,0.524147,0.648773,0.551567,-0.0,-6e-06,-6e-06,0.0,0.0,0.0,-0.217972,0.043878,0.021749,-0.021799,0.313643,0.413422,0.854815,-0.767765,0.640124,-0.027886,-0.558716,-0.647551,0.518182,2e-06,7e-06,9e-06,-2e-06,4e-06,-4e-06,-0.406555,0.074521,0.013387,-0.063882,0.313425,-0.259787,-0.913386,0.608902,0.79307,-0.016625,0.728699,-0.550952,0.406753,1e-06,-4e-06,-4e-06,6e-06,-1e-06,4e-06,-0.124773
13,0.14739,-0.050183,0.322253,-0.213457,0.30822,-0.927082,-0.692854,-0.716738,-0.078819,-0.688511,0.625122,0.367699,1.9e-05,0.000137,0.000161,0.0,0.0,0.0,0.073293,-0.166986,-0.045406,0.319594,-0.329361,-0.444241,0.833164,0.785546,-0.618455,-0.019085,0.524139,0.648756,0.551595,1e-06,7.3e-05,8.4e-05,0.0,0.0,0.0,-0.217685,0.04389,0.021753,-0.021796,0.31371,0.413403,0.8548,-0.767743,0.640152,-0.027834,-0.558709,-0.647535,0.51821,2e-06,4.4e-05,5.5e-05,-8e-06,-4e-06,1.4e-05,-0.406391,0.074545,0.013389,-0.06388,0.31332,-0.259844,-0.913406,0.608934,0.793044,-0.016725,0.728718,-0.550964,0.406704,1e-05,9.1e-05,0.000107,8e-06,3e-06,-1e-05,-0.125916
14,0.147413,-0.050169,0.322238,-0.213379,0.308246,-0.927092,-0.692832,-0.71675,-0.078906,-0.688558,0.625095,0.367657,-1.6e-05,-0.000115,-0.000135,0.0,0.0,0.0,0.071103,-0.167009,-0.045413,0.319588,-0.329294,-0.444259,0.833181,0.785569,-0.618425,-0.019135,0.524147,0.648773,0.551567,-1e-06,-0.000164,-0.000189,0.0,0.0,0.0,-0.217364,0.043878,0.021749,-0.021798,0.313643,0.413422,0.854815,-0.767765,0.640124,-0.027886,-0.558716,-0.647551,0.518182,-0.0,-0.000105,-0.00012,4e-06,2e-06,-7e-06,-0.406065,0.074557,0.013396,-0.063887,0.313246,-0.259878,-0.913421,0.608916,0.793056,-0.016813,0.728764,-0.55093,0.406666,-1e-05,-6.5e-05,-7.5e-05,0.0,-9e-06,-1.2e-05,-0.127712
15,0.147412,-0.050175,0.322232,-0.213399,0.308239,-0.92709,-0.692828,-0.716755,-0.078888,-0.688555,0.625093,0.367666,-0.0,-2e-06,-2e-06,0.0,0.0,0.0,0.066931,-0.167032,-0.045431,0.31957,-0.329187,-0.444287,0.833208,0.785606,-0.618375,-0.019215,0.524158,0.648801,0.551524,-1e-06,-0.000182,-0.000209,0.0,0.0,0.0,-0.217464,0.043866,0.02174,-0.021808,0.313536,0.413453,0.854839,-0.767801,0.640077,-0.027969,-0.558727,-0.647577,0.518137,0.0,-0.0001,-0.000114,-0.012321,0.092003,-0.175874,-0.406065,0.074556,0.013393,-0.063891,0.313265,-0.259868,-0.913418,0.60891,0.793061,-0.016795,0.728761,-0.550928,0.406675,1e-06,5e-06,6e-06,7e-06,-1e-06,8e-06,-0.134244
16,0.147401,-0.050176,0.322246,-0.213418,0.308233,-0.927087,-0.692843,-0.716744,-0.078862,-0.688534,0.625109,0.367678,5e-05,0.000364,0.000428,0.0,0.0,0.0,0.069739,-0.167043,-0.045443,0.319557,-0.329123,-0.444304,0.833224,0.785628,-0.618345,-0.019263,0.524165,0.648818,0.551498,-3e-06,-0.000396,-0.000456,0.0,0.0,0.0,-0.217532,0.043861,0.021734,-0.021814,0.313473,0.413471,0.854854,-0.767822,0.64005,-0.028018,-0.558734,-0.647593,0.51811,-1e-06,-0.00024,-0.000276,-7e-06,-7e-06,5e-06,-0.406065,0.074551,0.013392,-0.063884,0.313283,-0.259861,-0.913413,0.608925,0.79305,-0.016769,0.728741,-0.550947,0.406685,3.1e-05,0.000244,0.000289,8e-06,-1e-06,5e-06,-0.135224
17,0.147403,-0.050172,0.322266,-0.213394,0.308245,-0.927089,-0.692866,-0.71672,-0.078876,-0.688519,0.62513,0.367671,7e-06,5.3e-05,6.2e-05,0.0,0.0,0.0,0.075855,-0.167032,-0.045443,0.319556,-0.329146,-0.444298,0.833219,0.78562,-0.618356,-0.019246,0.524163,0.648812,0.551507,-0.0,-0.0,-0.0,0.0,0.0,0.0,-0.214321,0.043866,0.021734,-0.021815,0.313496,0.413464,0.854849,-0.767814,0.64006,-0.028,-0.558731,-0.647588,0.51812,-0.0,1e-05,1.2e-05,-2e-06,-1e-05,-0.0,-0.405248,0.074552,0.013395,-0.063873,0.313261,-0.259875,-0.913417,0.608951,0.79303,-0.016781,0.728729,-0.550969,0.406676,2e-06,1.6e-05,1.8e-05,4e-06,-6e-06,0.0,-0.128365
18,0.147412,-0.050182,0.322238,-0.213415,0.308235,-0.927087,-0.692843,-0.716743,-0.078865,-0.688534,0.625109,0.367677,-2.8e-05,-0.000205,-0.000241,0.0,0.0,0.0,0.075,-0.16702,-0.045437,0.319562,-0.32919,-0.444287,0.833207,0.785605,-0.618376,-0.019213,0.524158,0.6488,0.551525,1e-06,0.00014,0.000161,0.0,0.0,0.0,-0.214217,0.043872,0.021737,-0.021812,0.313539,0.413452,0.854839,-0.7678,0.640078,-0.027966,-0.558727,-0.647577,0.518138,3e-06,7.6e-05,9.1e-05,1e-06,2e-06,3e-06,-0.403779,0.074556,0.01339,-0.063887,0.313281,-0.259862,-0.913414,0.608925,0.79305,-0.016772,0.728741,-0.550947,0.406684,-1.8e-05,-0.000124,-0.000145,-3e-06,-1.2e-05,-1.4e-05,-0.125916
19,0.147401,-0.050182,0.322239,-0.213438,0.308226,-0.927085,-0.692839,-0.716749,-0.078844,-0.688532,0.625106,0.367687,-0.0,-0.0,-0.0,0.0,0.0,0.0,0.076944,-0.16702,-0.045437,0.319562,-0.32919,-0.444287,0.833207,0.785605,-0.618376,-0.019213,0.524158,0.6488,0.551525,0.0,0.0,0.0,0.0,0.0,0.0,-0.214418,0.043872,0.021737,-0.021811,0.313539,0.413452,0.854839,-0.7678,0.640078,-0.027966,-0.558726,-0.647577,0.518138,1e-06,-2e-06,-1e-06,5e-06,-2e-06,3e-06,-0.403452,0.07455,0.01339,-0.063887,0.313302,-0.259851,-0.91341,0.608919,0.793055,-0.016751,0.728737,-0.550945,0.406694,-2e-06,5e-06,1.1e-05,5e-06,1e-06,-6e-06,-0.125753
20,0.147401,-0.050184,0.322252,-0.213434,0.308229,-0.927085,-0.692858,-0.716731,-0.07884,-0.688514,0.625125,0.367689,8e-06,6.1e-05,7.2e-05,0.0,0.0,0.0,0.078847,-0.16702,-0.045437,0.319562,-0.32919,-0.444287,0.833207,0.785605,-0.618376,-0.019213,0.524158,0.6488,0.551525,0.0,0.0,0.0,0.0,0.0,0.0,-0.214474,0.043872,0.021737,-0.021811,0.313539,0.413452,0.854839,-0.7678,0.640078,-0.027966,-0.558727,-0.647577,0.518138,1e-06,-2e-06,-1e-06,-0.012311,0.092007,-0.175878,-0.403452,0.074551,0.013389,-0.06388,0.313299,-0.259855,-0.91341,0.60894,0.793039,-0.016746,0.728722,-0.550965,0.406694,4e-06,4.3e-05,5.3e-05,2e-06,1e-06,-1.3e-05,-0.123956
21,0.147413,-0.050177,0.322245,-0.213395,0.308242,-0.927089,-0.692847,-0.716737,-0.078883,-0.688537,0.625111,0.367668,-4.2e-05,-0.00031,-0.000363,0.0,0.0,0.0,0.077487,-0.167009,-0.045436,0.319562,-0.329213,-0.44428,0.833202,0.785597,-0.618387,-0.019196,0.524155,0.648794,0.551534,-0.0,-3e-05,-3.4e-05,0.0,0.0,0.0,-0.214414,0.043878,0.021738,-0.021812,0.313562,0.413445,0.854834,-0.767792,0.640088,-0.027948,-0.558724,-0.647571,0.518148,-1e-06,-1.9e-05,-2.2e-05,1e-06,-2e-06,3e-06,-0.403616,0.074557,0.013393,-0.063883,0.313262,-0.259872,-0.913417,0.608931,0.793045,-0.01679,0.728745,-0.550949,0.406675,-3.3e-05,-0.000247,-0.00029,1e-05,-8e-06,2.1e-05,-0.12216
22,0.147401,-0.050182,0.322239,-0.213438,0.308226,-0.927085,-0.692839,-0.716749,-0.078844,-0.688532,0.625106,0.367687,-1e-06,-5e-06,-6e-06,0.0,0.0,0.0,0.075823,-0.166997,-0.04543,0.319568,-0.329256,-0.444269,0.833191,0.785582,-0.618407,-0.019163,0.524151,0.648783,0.551552,0.0,3e-06,3e-06,0.0,0.0,0.0,-0.214075,0.043884,0.021741,-0.021808,0.313605,0.413433,0.854824,-0.767778,0.640107,-0.027915,-0.55872,-0.647561,0.518166,0.0,-3e-06,-4e-06,-1e-06,4e-06,5e-06,-0.403289,0.07455,0.01339,-0.063887,0.313302,-0.259851,-0.91341,0.608919,0.793055,-0.016751,0.728738,-0.550944,0.406694,1e-06,5e-06,6e-06,3e-06,8e-06,7e-06,-0.123467
23,0.147401,-0.050184,0.322252,-0.213434,0.308229,-0.927085,-0.692858,-0.716731,-0.07884,-0.688514,0.625125,0.367689,5.8e-05,0.000429,0.000503,0.0,0.0,0.0,0.076303,-0.166997,-0.04543,0.319568,-0.329256,-0.444269,0.833191,0.785582,-0.618407,-0.019163,0.524151,0.648783,0.551552,0.0,0.0,0.0,0.0,0.0,0.0,-0.21293,0.043884,0.021741,-0.021808,0.313606,0.413433,0.854824,-0.767778,0.640107,-0.027915,-0.55872,-0.64756,0.518166,-1e-06,-2e-06,-5e-06,-5e-06,9e-06,9e-06,-0.403126,0.074551,0.013388,-0.063881,0.313299,-0.259855,-0.91341,0.608939,0.793039,-0.016745,0.728722,-0.550965,0.406694,1.4e-05,-0.00496,0.004843,-0.035602,0.012677,-0.018494,-0.123793
24,0.147414,-0.050171,0.322252,-0.213375,0.30825,-0.927091,-0.692851,-0.716732,-0.078901,-0.68854,0.625114,0.367659,0.0,2e-06,2e-06,0.0,0.0,0.0,0.073528,-0.167009,-0.04543,0.319569,-0.329233,-0.444275,0.833197,0.78559,-0.618396,-0.019181,0.524153,0.648789,0.551542,0.0,0.0,0.0,0.0,0.0,0.0,-0.211533,0.043878,0.021741,-0.021808,0.313582,0.41344,0.854829,-0.767786,0.640097,-0.027933,-0.558722,-0.647566,0.518156,-2e-06,-2e-06,-5e-06,5e-06,1.9e-05,-1e-06,-0.401656,0.074557,0.013395,-0.06388,0.313243,-0.259882,-0.913421,0.608936,0.79304,-0.016807,0.728748,-0.550951,0.406666,-2e-06,-7e-06,-6e-06,1e-06,-1.3e-05,-1e-06,-0.124936
25,0.147413,-0.050192,0.322258,-0.213428,0.308234,-0.927085,-0.692878,-0.716712,-0.078838,-0.688496,0.625144,0.36769,-1e-06,-9e-06,-1e-05,0.0,0.0,0.0,0.071121,-0.167009,-0.045442,0.319555,-0.329193,-0.444286,0.833207,0.785604,-0.618378,-0.019211,0.524158,0.6488,0.551526,-2e-06,-0.000244,-0.000281,0.0,0.0,0.0,-0.206751,0.043878,0.021735,-0.021815,0.313542,0.413451,0.854838,-0.767799,0.64008,-0.027964,-0.558727,-0.647576,0.518139,-2e-06,-0.000152,-0.000176,-3e-06,-9e-06,0.0,-0.399533,0.074556,0.013384,-0.063877,0.313293,-0.25986,-0.91341,0.608961,0.793023,-0.016742,0.728707,-0.550986,0.406693,1e-06,-2e-06,-2e-06,-4e-06,5e-06,1e-06,-0.129835
26,0.147401,-0.050192,0.322259,-0.21345,0.308225,-0.927082,-0.692874,-0.716719,-0.078817,-0.688493,0.625141,0.3677,-0.0,-0.0,-0.0,0.0,0.0,0.0,0.073564,-0.167009,-0.045448,0.319549,-0.329172,-0.444291,0.833212,0.785611,-0.618368,-0.019226,0.52416,0.648805,0.551518,-1e-06,-0.000143,-0.000164,0.0,0.0,0.0,-0.198714,0.043878,0.021732,-0.021818,0.313522,0.413457,0.854843,-0.767805,0.640071,-0.027979,-0.558729,-0.647581,0.518131,-2e-06,-9.6e-05,-0.000112,5e-06,-2e-06,-1.9e-05,-0.395614,0.074551,0.013385,-0.063877,0.313314,-0.259849,-0.913406,0.608954,0.793028,-0.016722,0.728703,-0.550984,0.406703,1e-06,3e-06,3e-06,2e-06,8e-06,7e-06,-0.129835
27,0.147413,-0.050169,0.322238,-0.213379,0.308246,-0.927092,-0.692832,-0.71675,-0.078906,-0.688558,0.625095,0.367657,-4.9e-05,-0.000364,-0.000427,0.0,0.0,0.0,0.07782,-0.167033,-0.045441,0.319543,-0.329141,-0.444299,0.83322,0.785608,-0.618371,-0.019264,0.524184,0.648797,0.551504,-0.0,-0.0,-0.0,0.0,0.0,0.0,-0.183958,0.043866,0.021735,-0.021821,0.31349,0.413465,0.85485,-0.767801,0.640075,-0.028017,-0.558753,-0.647572,0.518116,2e-06,6e-06,1e-05,1e-06,-8e-06,-7e-06,-0.381081,0.074557,0.013397,-0.063886,0.313247,-0.259878,-0.913421,0.608915,0.793056,-0.016813,0.728764,-0.55093,0.406666,-3.3e-05,-0.000244,-0.000288,-1e-06,-4e-06,2e-06,-0.12412
28,0.147471,-0.050186,0.322234,-0.2133,0.30828,-0.927099,-0.692865,-0.716711,-0.078969,-0.688549,0.625123,0.367625,0.015559,-0.000937,-0.000986,0.000984,-0.014715,0.029553,0.07199,-0.167103,-0.045422,0.31954,-0.329051,-0.444322,0.833243,0.785611,-0.618364,-0.01936,0.524236,0.648788,0.551466,6e-06,0.000709,0.000816,0.0,0.0,0.0,-0.176692,0.043831,0.021742,-0.021825,0.313401,0.41349,0.854871,-0.767801,0.64007,-0.028113,-0.558802,-0.647561,0.518077,8e-06,0.000566,0.000659,-1e-06,1e-06,3e-06,-0.37504,0.074579,0.013388,-0.063889,0.313194,-0.259908,-0.91343,0.608951,0.793028,-0.016854,0.728757,-0.550956,0.406643,2e-06,7e-06,6e-06,-7e-06,6e-06,-1.8e-05,-0.125916
29,0.147553,-0.050154,0.322209,-0.213055,0.308366,-0.927127,-0.692836,-0.716711,-0.079224,-0.688654,0.625081,0.367501,0.015561,-0.00092,-0.000968,0.000984,-0.014715,0.029553,0.073615,-0.167145,-0.045325,0.319482,-0.329185,-0.444282,0.833212,0.785412,-0.618615,-0.019417,0.52445,0.648576,0.551511,-0.015371,-0.000539,0.000902,-0.002045,0.015205,-0.029245,-0.135023,0.043816,0.021793,-0.021852,0.313557,0.413441,0.854838,-0.767586,0.640326,-0.02814,-0.55901,-0.647339,0.518131,-0.00045,0.005414,-0.004285,0.036441,-0.009167,0.018961,-0.350383,0.074621,0.013404,-0.063901,0.312963,-0.260022,-0.913477,0.608941,0.79303,-0.01711,0.728865,-0.550899,0.406527,-0.0,4e-06,2e-06,4e-06,-4e-06,-0.0,-0.129019
30,0.147599,-0.050081,0.322118,-0.21554,0.307433,-0.926862,-0.692867,-0.716951,-0.076739,-0.687846,0.625266,0.368697,-0.000127,-0.000938,-0.001101,-6e-06,7e-06,-1.3e-05,0.079209,-0.167233,-0.045253,0.319399,-0.331445,-0.443969,0.832482,0.785375,-0.618729,-0.017145,0.523081,0.648681,0.552686,-0.01538,-0.001677,-0.000409,-0.002047,0.015203,-0.029242,-0.117099,0.043771,0.021832,-0.021891,0.315872,0.413077,0.854161,-0.767622,0.640381,-0.025822,-0.557656,-0.647516,0.519366,-0.000458,0.004637,-0.005178,0.038903,-0.006555,0.015054,-0.330298,0.07465,0.013442,-0.063945,0.31532,-0.258807,-0.913012,0.608773,0.793209,-0.0146,0.727988,-0.551214,0.40767,0.007719,0.004154,-0.00573,0.038661,-0.029869,0.052635,-0.126079
31,0.147831,-0.049863,0.321672,-0.214748,0.307646,-0.926975,-0.692205,-0.717474,-0.077814,-0.68876,0.624561,0.368185,0.01483,0.003828,-0.016733,0.035763,-0.014278,0.022411,0.036682,-0.168138,-0.045349,0.31903,-0.32662,-0.434891,0.839155,0.785786,-0.618277,-0.014437,0.525491,0.655221,0.542593,-0.047162,-0.002714,-0.019672,-0.053901,0.421653,0.074135,-0.053899,0.043331,0.021798,-0.022052,0.310703,0.404653,0.860069,-0.76818,0.6398,-0.023512,-0.559787,-0.653383,0.509634,-0.015439,-0.006345,-0.005802,-0.131504,0.587347,0.174377,-0.278535,0.074766,0.013557,-0.06416,0.314526,-0.259127,-0.913195,0.608132,0.793679,-0.015758,0.728867,-0.550387,0.407217,0.007389,0.001686,-0.008636,0.035795,-0.014334,0.022511,-0.140776
32,0.148565,-0.049555,0.32034,-0.202822,0.305969,-0.930211,-0.689573,-0.719047,-0.086216,-0.695,0.623577,0.357985,0.028952,0.01239,-0.049388,0.092364,-0.397124,-0.151994,-0.065488,-0.170409,-0.045936,0.318063,-0.320171,-0.419647,0.84934,0.783278,-0.621509,-0.011677,0.533147,0.662052,0.526597,-0.078352,-0.015294,-0.031567,-0.059119,0.442358,0.203522,-0.01703,0.042178,0.021506,-0.022541,0.303338,0.388758,0.869973,-0.765666,0.642916,-0.020326,-0.567221,-0.659944,0.49268,-0.03917,-0.008205,-0.016405,-0.070112,0.485808,0.225848,-0.228568,0.075124,0.013717,-0.064795,0.303134,-0.25978,-0.916855,0.606201,0.794924,-0.024808,0.735274,-0.548279,0.398447,0.014487,0.006132,-0.024775,0.065499,-0.618879,-0.23381,-0.234341
33,0.149066,-0.049175,0.319153,-0.191923,0.303894,-0.933198,-0.686748,-0.72083,-0.093556,-0.700878,0.622536,0.348205,0.028459,0.018816,-0.063339,0.425882,-0.608116,0.636054,-0.10141,-0.171906,-0.046252,0.317392,-0.323254,-0.409804,0.852971,0.772667,-0.634647,-0.011956,0.546613,0.655707,0.520698,-0.078588,-0.017064,-0.033899,0.417378,0.198449,0.333912,0.00175,0.041459,0.02135,-0.02287,0.305776,0.378343,0.873702,-0.754997,0.655435,-0.019594,-0.580069,-0.653652,0.486064,-0.039285,-0.00917,-0.017642,1.408343,0.28001,0.779152,-0.211749,0.075374,0.013904,-0.065385,0.292421,-0.25714,-0.921068,0.603611,0.796684,-0.03078,0.741716,-0.546966,0.388179,0.014235,0.014241,-0.036662,1.144362,-1.47707,2.237849,-0.273857
34,0.149678,-0.047771,0.315939,-0.174215,0.278934,-0.944399,-0.665571,-0.740131,-0.095879,-0.725514,0.611511,0.315768,0.012496,0.047717,-0.093868,0.312658,-0.988733,-0.177296,-0.134796,-0.175531,-0.046782,0.315808,-0.33505,-0.391275,0.857109,0.743424,-0.668614,-0.014483,0.579135,0.63283,0.513801,-0.095421,-0.009451,-0.045525,4.791283,0.03617,2.627374,0.066578,0.039694,0.021081,-0.023646,0.315296,0.361259,0.877542,-0.728334,0.684921,-0.020276,-0.608372,-0.632751,0.47907,-0.047289,-0.01067,-0.019037,0.0245,0.108982,-0.275487,-0.145127,0.075684,0.014588,-0.066989,0.273014,-0.236014,-0.932609,0.580858,0.813218,-0.035759,0.766854,-0.531951,0.359111,-0.001477,0.02434,-0.046394,0.524709,-1.645549,0.178665,-0.323171
35,0.14958,-0.045621,0.312374,-0.15911,0.237501,-0.958291,-0.642809,-0.761598,-0.082079,-0.749136,0.60264,0.275038,-0.002248,0.065463,-0.094502,0.255205,-1.031412,-0.453027,-0.083143,-0.179935,-0.047528,0.313725,-0.347802,-0.37777,0.858088,0.721491,-0.692268,-0.012199,0.599044,0.615331,0.512227,-0.127815,-0.024231,-0.061592,0.173892,0.181063,-0.272661,0.110045,0.037463,0.020724,-0.024683,0.329809,0.34564,0.878497,-0.701879,0.7121,-0.01667,-0.63134,-0.611101,0.477454,-0.063876,-0.012568,-0.031257,0.491352,0.076955,0.07582,-0.069849,0.075638,0.015666,-0.068824,0.253242,-0.194652,-0.947617,0.554526,0.831856,-0.022681,0.792696,-0.519735,0.3186,-0.001038,0.032874,-0.047071,0.253492,-1.056639,-0.466799,-0.320722
36,0.148935,-0.04291,0.308955,-0.136661,0.178973,-0.974339,-0.608738,-0.791082,-0.059984,-0.781356,0.584695,0.218271,-0.016912,0.062565,-0.0765,1.834369,-1.220159,-1.018935,0.11783,-0.184861,-0.048761,0.310821,-0.35895,-0.366576,0.858352,0.697465,-0.716433,-0.014164,0.620566,0.594045,0.511734,-0.129948,-0.036949,-0.079084,0.020755,0.078979,-0.169691,0.123218,0.034952,0.0201,-0.026156,0.340451,0.334268,0.878838,-0.677107,0.735676,-0.017513,-0.652395,-0.589105,0.476797,-0.064963,-0.019182,-0.040326,0.019498,0.07912,-0.1723,-0.037681,0.075321,0.016993,-0.070512,0.225458,-0.139559,-0.964204,0.517529,0.85566,-0.002836,0.825428,-0.498365,0.265141,-0.016153,0.037236,-0.041841,5.619587,-1.377755,-2.05002,-0.18666
37,0.148457,-0.04152,0.307342,-0.124476,0.141574,-0.982093,-0.588775,-0.807198,-0.041791,-0.798513,0.572851,0.185055,-0.016692,0.074203,-0.084163,0.253751,-1.790827,-0.875203,0.171419,-0.187263,-0.049603,0.309209,-0.370827,-0.357143,0.857279,0.680255,-0.732849,-0.010918,0.632592,0.579566,0.513607,-0.115446,-0.041033,-0.086648,4.844716,-0.055186,2.840472,0.129094,0.033751,0.019676,-0.026965,0.351499,0.325214,0.877885,-0.660918,0.750339,-0.013337,-0.663049,-0.575523,0.478683,-0.057688,-0.021311,-0.044123,4.849701,-0.043217,2.829795,-0.029027,0.075076,0.017714,-0.071343,0.210134,-0.103662,-0.972161,0.492917,0.869966,0.01378,0.844319,-0.48209,0.233907,-0.008258,0.037223,-0.041918,0.266581,-1.707285,-0.824086,-0.080358
38,0.147109,-0.038849,0.304075,-0.091798,0.073921,-0.993053,-0.562938,-0.826427,-0.009533,-0.821284,0.558056,0.118713,-0.032644,0.071135,-0.088239,0.265635,-1.416677,-0.555476,0.169785,-0.192111,-0.051716,0.305822,-0.408525,-0.331451,0.850434,0.643795,-0.765072,0.011215,0.647411,0.552503,0.524844,-0.116988,-0.055699,-0.085985,0.012399,-0.101248,0.167135,0.145455,0.031414,0.018654,-0.028603,0.389053,0.298088,0.871654,-0.623065,0.782097,0.010637,-0.678548,-0.547236,0.490006,-0.065965,-0.033264,-0.038021,-0.377118,-0.386314,0.580402,-0.009432,0.074434,0.019011,-0.072902,0.17095,-0.040032,-0.984465,0.463049,0.885219,0.044411,0.86969,-0.463448,0.169864,-0.016309,0.030078,-0.039886,0.225055,-1.73134,-0.992216,0.014514
39,0.14494,-0.036106,0.300995,-0.066156,0.018442,-0.997662,-0.537844,-0.84279,0.020033,-0.840374,0.537885,0.066916,-0.078055,0.079641,-0.078537,0.4082,-1.194534,-0.762201,0.051291,-0.196782,-0.053969,0.302706,-0.438938,-0.306672,0.844557,0.608139,-0.793289,0.028146,0.661871,0.526349,0.533617,-0.118028,-0.063359,-0.076475,0.019529,-0.148274,0.266545,0.158193,0.029034,0.017499,-0.030211,0.418999,0.272643,0.866086,-0.587219,0.808892,0.029449,-0.692541,-0.520921,0.499026,-0.05924,-0.026489,-0.042701,0.048337,-0.060712,0.101901,0.011632,0.073347,0.020392,-0.074488,0.139357,0.012084,-0.990168,0.433976,0.898039,0.072037,0.89008,-0.439748,0.119903,-0.038928,0.040102,-0.038886,0.766679,-1.325673,-0.858464,-0.077419
40,0.143225,-0.034498,0.299612,-0.06235,-0.001116,-0.998076,-0.522794,-0.851781,0.033559,-0.85011,0.523878,0.053767,-0.107822,0.087531,-0.069422,0.263553,-0.692659,-0.505923,0.034871,-0.199078,-0.05514,0.301217,-0.445398,-0.301653,0.842981,0.601025,-0.79855,0.03194,0.66406,0.521259,0.535889,-0.118786,-0.061429,-0.075503,0.018468,-0.148355,0.265873,0.166515,0.027887,0.01691,-0.030958,0.425297,0.267541,0.864606,-0.580124,0.813838,0.03353,-0.694678,-0.515839,0.501329,-0.051354,-0.030808,-0.038247,0.007037,-0.068574,0.118198,0.02094,0.07246,0.02122,-0.075216,0.132365,0.032733,-0.99066,0.416478,0.905111,0.085553,0.899457,-0.423912,0.106172,-0.053807,0.044107,-0.034272,0.265433,-0.658701,-0.480503,-0.137183
41,0.138667,-0.030759,0.297262,-0.063431,-0.021375,-0.99778,-0.502645,-0.863006,0.050389,-0.862096,0.504748,0.04524,-0.120376,0.100939,-0.053695,0.273883,-0.072238,-0.133737,0.030074,-0.203153,-0.057485,0.298342,-0.455711,-0.288471,0.842083,0.576996,-0.816046,0.032838,0.678251,0.501207,0.537243,-0.087666,-0.05546,-0.072142,1.408558,-0.04345,1.066047,0.193036,0.025876,0.015749,-0.032379,0.4334,0.25699,0.863782,-0.5607,0.82727,0.035202,-0.705535,-0.499579,0.502633,-0.043793,-0.027967,-0.036278,0.021979,-0.182055,0.329743,0.046087,0.07027,0.023008,-0.076359,0.131024,0.052807,-0.989971,0.394239,0.913451,0.100903,0.909619,-0.403506,0.098865,-0.060273,0.045068,-0.022492,0.240905,0.137237,-0.352936,-0.179149
42,0.133805,-0.027174,0.295792,-0.067577,-0.029207,-0.997309,-0.494376,-0.867238,0.058844,-0.866546,0.497054,0.045408,-0.118824,0.075546,-0.019953,0.16908,0.025588,-0.126728,0.016959,-0.206402,-0.059544,0.296016,-0.468625,-0.275643,0.839287,0.558511,-0.828497,0.039888,0.684914,0.487792,0.541124,-0.086921,-0.055528,-0.050727,-0.022422,-0.099486,0.183052,0.219984,0.024211,0.014691,-0.033588,0.44795,0.241015,0.860959,-0.537094,0.842393,0.043628,-0.714751,-0.48196,0.506798,-0.035274,-0.027483,-0.025281,-0.021407,-0.115018,0.211044,0.088379,0.067794,0.024852,-0.077124,0.134656,0.060396,-0.989049,0.38478,0.916625,0.10836,0.913132,-0.395158,0.10019,-0.066775,0.044568,-0.012718,0.196689,0.122732,-0.277028,-0.191559
43,0.131127,-0.02559,0.295478,-0.070498,-0.031899,-0.997024,-0.491221,-0.868775,0.062476,-0.868103,0.494199,0.046819,-0.133123,0.069991,-0.005854,0.133122,0.039358,-0.149451,0.008461,-0.207846,-0.060496,0.295105,-0.474998,-0.268116,0.838142,0.547268,-0.835817,0.042916,0.689596,0.479413,0.542663,-0.070758,-0.038867,-0.05258,0.422405,-0.024436,0.350426,0.215962,0.023456,0.014191,-0.034066,0.454234,0.233349,0.859778,-0.525855,0.849256,0.047324,-0.719129,-0.473615,0.508468,-0.035275,-0.018927,-0.025513,0.424723,-0.02482,0.353612,0.096544,0.066411,0.025673,-0.077288,0.137313,0.063402,-0.988496,0.381166,0.91772,0.11181,0.914252,-0.392134,0.101848,-0.066484,0.035392,-0.00237,0.129283,0.040695,-0.148165,-0.205765
44,0.125131,-0.022758,0.295507,-0.080717,-0.029606,-0.99632,-0.486554,-0.871194,0.065253,-0.869826,0.490063,0.057156,-0.161563,0.068075,0.01114,0.111366,0.401631,0.010409,0.020471,-0.210377,-0.062131,0.294016,-0.485577,-0.260119,0.834592,0.540552,-0.839602,0.052957,0.687534,0.477185,0.547224,-0.052132,-0.033376,-0.022171,-0.023518,-0.089446,0.168536,0.199017,0.022209,0.013377,-0.034616,0.464669,0.225153,0.85638,-0.519313,0.85264,0.057608,-0.717214,-0.471498,0.513121,-0.02577,-0.021655,-0.006109,-0.059713,-0.060303,0.119655,0.088869,0.063413,0.027091,-0.07727,0.147295,0.062783,-0.987097,0.376065,0.919478,0.114599,0.91481,-0.388093,0.111824,-0.080735,0.034318,0.005982,0.121857,0.48602,0.062961,-0.21099
45,0.118714,-0.019978,0.296405,-0.097692,-0.020912,-0.99502,-0.483077,-0.873092,0.065725,-0.870003,0.487114,0.076431,-0.157302,0.081339,0.025624,0.133289,0.837588,0.089207,0.020445,-0.212189,-0.063257,0.293852,-0.498409,-0.251465,0.829666,0.529267,-0.846176,0.061618,0.687148,0.470144,0.553764,-0.033113,-0.028612,0.008166,-0.030852,-0.218987,0.176235,0.186533,0.021296,0.01281,-0.034712,0.477386,0.216366,0.851638,-0.50811,0.858708,0.066659,-0.716886,-0.464548,0.519873,-0.016447,-0.013646,0.005084,-0.038754,-0.143942,-0.012302,0.073356,0.060263,0.028443,-0.07684,0.163941,0.057163,-0.984812,0.372452,0.920842,0.115452,0.913456,-0.385723,0.129673,-0.086422,0.036299,0.018059,0.059789,0.24559,-0.118942,-0.204785
46,0.112081,-0.017003,0.298238,-0.114752,-0.012278,-0.993341,-0.480548,-0.874445,0.066269,-0.8693,0.484963,0.095681,-0.168775,0.073499,0.056328,0.039038,0.278336,-0.090798,0.050793,-0.213115,-0.063857,0.294494,-0.505217,-0.249828,0.826035,0.527382,-0.84698,0.066533,0.683622,0.469566,0.558598,0.001672,-0.01621,0.025067,-0.057429,-0.087804,0.162856,0.17219,0.02082,0.012508,-0.034393,0.48434,0.214809,0.848098,-0.506441,0.859298,0.071578,-0.713394,-0.46418,0.52498,-0.007425,-0.001877,0.009766,-0.032295,-0.061946,0.161401,0.054904,0.056951,0.029935,-0.075934,0.18365,0.04791,-0.981823,0.369903,0.922026,0.114183,0.910738,-0.384149,0.151608,-0.083929,0.04312,0.02517,0.059319,0.222928,-0.098219,-0.192539
47,0.108717,-0.015514,0.299374,-0.12437,-0.004433,-0.992249,-0.484824,-0.872206,0.064612,-0.865584,0.489103,0.107563,-0.167953,0.06482,0.06614,0.030283,0.595034,0.120216,0.088907,-0.213226,-0.063949,0.29495,-0.509028,-0.250244,0.823565,0.526457,-0.847436,0.068034,0.681507,0.468521,0.562049,-0.014269,-0.000422,0.02432,-0.032298,-0.009955,-0.001523,0.170975,0.020771,0.01246,-0.034159,0.488371,0.215172,0.845691,-0.505523,0.859702,0.073193,-0.711294,-0.463261,0.528628,0.001055,-0.000167,0.011952,-0.031184,-0.076375,0.190723,0.048046,0.05527,0.030689,-0.075362,0.192914,0.042794,-0.980281,0.37447,0.920221,0.113866,0.906948,-0.389053,0.161498,-0.083694,0.037978,0.029125,0.096698,0.81547,0.253591,-0.158901
48,0.102037,-0.012872,0.301895,-0.131215,0.006562,-0.991355,-0.4844,-0.872887,0.058284,-0.864802,0.487848,0.118949,-0.165743,0.067144,0.066417,0.072579,-0.068515,0.676686,0.151024,-0.212701,-0.063819,0.296234,-0.516024,-0.251443,0.818833,0.524881,-0.848216,0.070451,0.677455,0.466464,0.568621,0.019852,0.008013,0.035203,0.006161,-0.181746,0.012422,0.177364,0.021022,0.012525,-0.033515,0.495332,0.215981,0.841426,-0.503998,0.860367,0.075851,-0.707553,-0.461648,0.535021,0.009988,0.004478,0.018288,0.019926,-0.228239,-0.011914,0.048863,0.051931,0.032016,-0.074093,0.202029,0.032467,-0.97884,0.374458,0.920951,0.107834,0.904966,-0.388321,0.173901,-0.083015,0.033218,0.032909,0.216925,-1.006325,2.327736,-0.064356
49,0.095877,-0.010246,0.30446,-0.133291,0.013563,-0.991007,-0.484227,-0.873312,0.053123,-0.864579,0.486933,0.124206,-0.149153,0.066189,0.064154,-0.005026,0.13123,-0.173251,0.225238,-0.211877,-0.063569,0.297671,-0.517819,-0.250088,0.818115,0.524759,-0.848073,0.073036,0.67618,0.467449,0.569329,0.019734,0.007852,0.034669,-0.028977,-0.043431,0.088086,0.205272,0.021436,0.012664,-0.032776,0.497139,0.214739,0.840677,-0.504052,0.86011,0.07837,-0.706246,-0.462706,0.535834,0.010074,-0.001291,0.021891,-0.080134,0.076946,-0.129287,0.065192,0.048846,0.033335,-0.072803,0.204581,0.024514,-0.978542,0.374808,0.921535,0.101446,0.904248,-0.387519,0.179341,-0.074603,0.033231,0.032354,-0.015096,-0.019281,-0.043397,0.024638
50,0.093001,-0.008986,0.305688,-0.130511,0.011229,-0.991406,-0.463491,-0.88462,0.050942,-0.87629,0.466138,0.121892,-0.148752,0.065307,0.062155,0.48351,0.058121,-0.262424,0.264945,-0.211432,-0.063532,0.298392,-0.51817,-0.249771,0.817989,0.525173,-0.847736,0.073967,0.675589,0.46823,0.569388,0.019431,0.00623,0.032219,-0.028982,-0.04337,0.088119,0.228094,0.02166,0.012688,-0.032408,0.497477,0.214397,0.840565,-0.504504,0.859761,0.079291,-0.705685,-0.463513,0.535875,0.009655,0.002862,0.015741,-0.030775,-0.029646,0.062805,0.088216,0.047409,0.033968,-0.072185,0.20129,0.026863,-0.979162,0.353577,0.930235,0.098207,0.91349,-0.365978,0.177749,-0.074503,0.032477,0.030973,1.652164,-0.113171,-0.244443,0.083422
51,0.087589,-0.006744,0.30819,-0.114163,0.018287,-0.993316,-0.459596,-0.887365,0.036432,-0.880633,0.460656,0.110946,-0.119443,0.049352,0.065447,-0.040848,-0.037631,0.01296,0.309717,-0.210715,-0.063714,0.299508,-0.518739,-0.249227,0.817794,0.526121,-0.846991,0.075742,0.674413,0.469865,0.569436,0.002281,-0.012253,0.030411,-0.070935,0.010488,-0.009596,0.265195,0.022027,0.012614,-0.031835,0.498104,0.213794,0.840347,-0.505467,0.859029,0.081061,-0.704553,-0.465144,0.535951,0.008985,-0.001248,0.009831,-0.030691,-0.029933,0.062691,0.138346,0.044691,0.035092,-0.070938,0.186056,0.018324,-0.982367,0.349871,0.933053,0.083668,0.918135,-0.359269,0.167189,-0.066562,0.031402,0.029472,-0.006889,-0.149427,0.165565,0.177315
52,0.083507,-0.004714,0.3105,-0.105453,0.022163,-0.9942,-0.460862,-0.88698,0.029057,-0.881067,0.461221,0.104987,-0.089133,0.045661,0.062528,-0.039592,-0.062835,0.066775,0.316429,-0.210339,-0.06421,0.300206,-0.518589,-0.24918,0.817904,0.527549,-0.845999,0.076893,0.673411,0.471676,0.569125,0.000545,-0.009934,0.009806,-0.036362,0.011847,-0.017573,0.278554,0.022216,0.012364,-0.03147,0.497942,0.213748,0.840455,-0.506995,0.858024,0.082162,-0.703569,-0.467019,0.535615,0.000196,-0.00537,0.004324,-0.036324,0.011843,-0.017575,0.17476,0.042638,0.036106,-0.069783,0.178092,0.013621,-0.983919,0.351681,0.932982,0.076571,0.919022,-0.359662,0.161366,-0.044081,0.028341,0.027241,-0.004577,-0.188444,0.247817,0.20932
53,0.080528,-0.003131,0.312614,-0.102957,0.022945,-0.994444,-0.46219,-0.886343,0.027347,-0.88067,0.462405,0.103099,-0.048514,0.028608,0.046654,-0.037651,0.016241,-0.0361,0.380434,-0.210295,-0.064605,0.300433,-0.518042,-0.249472,0.818161,0.528643,-0.845294,0.077121,0.672973,0.472783,0.568724,-0.00023,-0.001478,-0.002091,0.0,-0.0,-0.0,0.27816,0.022236,0.01216,-0.031366,0.497395,0.214047,0.840703,-0.508113,0.857345,0.082337,-0.703149,-0.468127,0.535199,-0.000167,-0.001023,-0.001449,-0.001773,0.013253,-0.025527,0.182271,0.041138,0.036918,-0.068704,0.175658,0.012521,-0.984371,0.353206,0.932542,0.074891,0.918906,-0.360841,0.159385,-0.031666,0.015144,0.023687,-0.038733,0.046477,-0.090001,0.262879
54,0.079488,-0.002617,0.313394,-0.10382,0.022266,-0.99437,-0.462625,-0.886083,0.028407,-0.88034,0.462937,0.103532,-0.036422,0.019112,0.037325,-0.037623,0.139677,-0.222719,0.412043,-0.210335,-0.064645,0.300414,-0.51799,-0.249503,0.818185,0.52871,-0.845254,0.077107,0.67296,0.472839,0.568692,-0.000635,0.009358,-0.010619,0.036364,-0.011822,0.017586,0.276844,0.022216,0.012133,-0.031378,0.49733,0.214086,0.840731,-0.508207,0.857291,0.082323,-0.703127,-0.468207,0.535157,-0.000134,-0.000829,-0.001175,4e-06,-2e-06,1.1e-05,0.182434,0.040615,0.037184,-0.068305,0.176294,0.013196,-0.984248,0.353616,0.932311,0.075837,0.918627,-0.361416,0.159694,-0.02477,0.016662,0.015711,-0.003599,0.012319,-0.045376,0.30909
55,0.078524,-0.001888,0.314552,-0.105003,0.021473,-0.994263,-0.463259,-0.885708,0.029743,-0.879864,0.463693,0.104187,-0.023334,0.012559,0.031244,-0.035766,0.002579,-0.001145,0.421986,-0.210483,-0.064687,0.30027,-0.518912,-0.246819,0.818415,0.523965,-0.848255,0.07654,0.675959,0.468851,0.568438,-0.017106,0.008333,-0.011406,0.034318,0.003372,-0.011665,0.27369,0.022141,0.012115,-0.031454,0.498185,0.211361,0.840914,-0.50333,0.860196,0.081982,-0.706023,-0.4641,0.534922,-0.008571,0.004048,-0.005866,0.034248,0.003342,-0.011783,0.180801,0.040125,0.037542,-0.067732,0.177519,0.014234,-0.984013,0.354164,0.931976,0.077374,0.918179,-0.362237,0.160402,-0.004256,0.00956,0.009757,-0.000772,-0.016242,0.019045,0.364282
56,0.07852,-0.001631,0.315374,-0.106431,0.019756,-0.994147,-0.453485,-0.890716,0.030795,-0.884769,0.454079,0.104996,0.003114,0.000937,0.021099,-0.033893,-0.011327,0.033678,0.418887,-0.210539,-0.064807,0.300102,-0.521152,-0.246246,0.817163,0.519353,-0.851237,0.074848,0.677797,0.463716,0.570458,-0.000347,-0.002216,-0.003146,0.092092,-0.404011,0.00824,0.262609,0.022113,0.012052,-0.031542,0.499781,0.209642,0.840397,-0.498505,0.863079,0.081159,-0.708315,-0.459504,0.535859,-0.00021,-0.001333,-0.001895,0.155602,-0.53359,-0.275374,0.17231,0.040113,0.037674,-0.067317,0.178748,0.016129,-0.983762,0.343788,0.935817,0.077809,0.921877,-0.352114,0.16173,0.008446,-0.001607,0.008945,-0.03346,-0.010783,0.038594,0.366405
57,0.078681,-0.001533,0.315653,-0.107032,0.018374,-0.994109,-0.443122,-0.895906,0.031097,-0.88993,0.443812,0.105271,0.017823,0.007142,0.00891,1.648502,0.024931,-0.288536,0.425046,-0.210532,-0.064843,0.30005,-0.521169,-0.246233,0.817156,0.519341,-0.851242,0.074864,0.677793,0.463712,0.570466,-0.000281,-0.001793,-0.002546,-0.000794,0.009369,-0.027613,0.260499,0.022116,0.012034,-0.031567,0.500573,0.210907,0.839609,-0.498562,0.863114,0.08043,-0.707716,-0.458858,0.537202,-7.3e-05,-0.000476,-0.000677,-0.006776,0.015332,0.006611,0.168718,0.040186,0.037716,-0.067179,0.179081,0.016879,-0.983689,0.338477,0.937759,0.077711,0.923776,-0.346873,0.162222,0.008721,0.003067,0.003916,0.00056,-0.030287,0.053634,0.370324
58,0.079259,-0.001197,0.315975,-0.101272,0.021927,-0.99464,-0.443206,-0.896046,0.02532,-0.890569,0.443363,0.101701,0.017912,0.007513,0.00925,0.001216,-0.045631,0.0782,0.433465,-0.210432,-0.064831,0.300063,-0.521257,-0.246172,0.817118,0.519284,-0.85127,0.074942,0.677769,0.463693,0.57051,9.2e-05,0.00059,0.000837,0.0,-1e-06,-1e-06,0.253353,0.022166,0.012038,-0.031564,0.500551,0.210694,0.839676,-0.498529,0.863116,0.08061,-0.707754,-0.458952,0.537071,5.9e-05,0.00037,0.000526,-0.000184,0.000391,0.00019,0.160717,0.040474,0.037881,-0.06702,0.173947,0.013419,-0.984663,0.333386,0.940059,0.071706,0.926604,-0.340746,0.159047,0.009362,0.008802,1.4e-05,0.034602,-0.048675,0.067295,0.384694
