frame,MLTx,MLTy,MLTz,MLTR1,MLTR2,MLTR3,MLTR4,MLTR5,MLTR6,MLTR7,MLTR8,MLTR9,MLTTVx,MLTTVy,MLTTVz,MLTRVx,MLTRVy,MLTRVz,MLGA,MRTx,MRTy,MRTz,MRTR1,MRTR2,MRTR3,MRTR4,MRTR5,MRTR6,MRTR7,MRTR8,MRTR9,MRTTVx,MRTTVy,MRTTVz,MRTRVx,MRTRVy,MRTRVz,MRGA,SLTx,SLTy,SLTz,SLTR1,SLTR2,SLTR3,SLTR4,SLTR5,SLTR6,SLTR7,SLTR8,SLTR9,SLTTVx,SLTTVy,SLTTVz,SLTRVx,SLTRVy,SLTRVz,SLGA,SRTx,SRTy,SRTz,SRTR1,SRTR2,SRTR3,SRTR4,SRTR5,SRTR6,SRTR7,SRTR8,SRTR9,SRTTVx,SRTTVy,SRTTVz,SRTRVx,SRTRVy,SRTRVz,SRGA
1,0.145419,-0.073706,0.298635,-0.563002,0.384638,-0.731525,-0.568342,-0.822762,0.004729,-0.599357,0.417936,0.682735,0.0,0.0,0.0,0.0,0.0,0.0,0.519405,-0.15762,-0.06517,0.278462,-0.628246,-0.472253,0.618285,0.756613,-0.555634,0.344589,0.181583,0.684875,0.705576,0.0,0.0,0.0,0.012489,-0.095498,0.173996,0.522587,0.047712,0.021354,-0.017365,0.68214,0.442677,0.581997,-0.711108,0.586997,0.386987,-0.170321,-0.677842,0.715206,1.4e-05,-0.002559,-0.004127,-0.001813,0.013844,-0.025198,-0.265145,0.07511,0.0131,-0.055534,0.579695,-0.362578,-0.729718,0.536803,0.843676,0.007241,0.613021,-0.395912,0.683708,-3.7e-05,-0.000224,-0.000337,0.003087,-0.002524,0.003072,-0.093258
2,0.145419,-0.073701,0.298643,-0.562985,0.38465,-0.731531,-0.568353,-0.822754,0.004714,-0.599363,0.417939,0.682728,4e-06,2.3e-05,3.5e-05,0.0,0.0,0.0,0.518137,-0.15762,-0.06517,0.278462,-0.628134,-0.472277,0.61838,0.756697,-0.555566,0.344515,0.181621,0.684914,0.705528,0.0,0.0,0.0,0.0,0.0,0.0,0.521644,0.047712,0.021354,-0.017365,0.68214,0.442677,0.581997,-0.711108,0.586997,0.386987,-0.170321,-0.677842,0.715206,1.4e-05,-0.002559,-0.004127,-0.001813,0.013844,-0.025198,-0.265145,0.07511,0.0131,-0.055534,0.579695,-0.362578,-0.729718,0.536803,0.843676,0.007241,0.613021,-0.395912,0.683708,-3.7e-05,-0.000224,-0.000337,0.003087,-0.002524,0.003072,-0.093258
3,0.145419,-0.073698,0.298628,-0.562988,0.384645,-0.731531,-0.568334,-0.822767,0.004701,-0.599378,0.417918,0.682728,-0.0,-1e-06,-2e-06,0.0,0.0,0.0,0.518453,-0.15762,-0.06517,0.278462,-0.628246,-0.472253,0.618285,0.756613,-0.555634,0.344589,0.181583,0.684875,0.705576,-1e-06,0.000328,0.000528,0.0,0.0,0.0,0.520094,0.047712,0.021354,-0.017365,0.68214,0.442677,0.581997,-0.711108,0.586997,0.386987,-0.170321,-0.677842,0.715206,1.4e-05,-0.002559,-0.004127,-0.001813,0.013844,-0.025198,-0.265145,0.07511,0.0131,-0.055534,0.579695,-0.362578,-0.729718,0.536803,0.843676,0.007241,0.613021,-0.395912,0.683708,-3.7e-05,-0.000224,-0.000337,0.003087,-0.002524,0.003072,-0.093258
4,0.145419,-0.073698,0.298628,-0.562988,0.384645,-0.731531,-0.568334,-0.822767,0.004701,-0.599378,0.417918,0.682728,-0.0,-0.0,-0.0,0.0,0.0,0.0,0.518859,-0.15762,-0.06517,0.278462,-0.628246,-0.472253,0.618285,0.756613,-0.555634,0.344589,0.181583,0.684875,0.705576,-0.0,0.0,0.0,0.0,0.0,0.0,0.517917,0.047712,0.021354,-0.017365,0.68214,0.442677,0.581997,-0.711108,0.586997,0.386987,-0.170321,-0.677842,0.715206,1.4e-05,-0.002559,-0.004127,-0.001813,0.013844,-0.025198,-0.265145,0.07511,0.0131,-0.055534,0.579695,-0.362578,-0.729718,0.536803,0.843676,0.007241,0.613021,-0.395912,0.683708,-3.7e-05,-0.000224,-0.000337,0.003087,-0.002524,0.003072,-0.093258
5,0.145419,-0.073698,0.298628,-0.562988,0.384645,-0.731531,-0.568334,-0.822767,0.004701,-0.599378,0.417918,0.682728,-0.0,-0.0,-0.0,0.0,0.0,0.0,0.518666,-0.15762,-0.06517,0.278462,-0.628246,-0.472253,0.618285,0.756613,-0.555634,0.344589,0.181583,0.684875,0.705576,-0.0,0.0,0.0,0.012489,-0.095498,0.173996,0.516067,0.047712,0.021354,-0.017365,0.68214,0.442677,0.581997,-0.711108,0.586997,0.386987,-0.170321,-0.677842,0.715206,1.4e-05,-0.002559,-0.004127,-0.001813,0.013844,-0.025198,-0.265145,0.07511,0.0131,-0.055534,0.579695,-0.362578,-0.729718,0.536803,0.843676,0.007241,0.613021,-0.395912,0.683708,-3.7e-05,-0.000224,-0.000337,0.003087,-0.002524,0.003072,-0.093258
6,0.145419,-0.073698,0.298628,-0.562988,0.384645,-0.731531,-0.568334,-0.822767,0.004701,-0.599378,0.417918,0.682728,-0.0,-0.0,-0.0,0.0,0.0,0.0,0.518347,-0.15762,-0.065175,0.278455,-0.628118,-0.47228,0.618394,0.756709,-0.555556,0.344504,0.181626,0.68492,0.705521,0.0,-3e-06,-5e-06,0.0,0.0,0.0,0.51475,0.047712,0.021354,-0.017365,0.68214,0.442677,0.581997,-0.711108,0.586997,0.386987,-0.170321,-0.677842,0.715206,1.4e-05,-0.002559,-0.004127,-0.001813,0.013844,-0.025198,-0.265145,0.07511,0.0131,-0.055534,0.579695,-0.362578,-0.729718,0.536803,0.843676,0.007241,0.613021,-0.395912,0.683708,-3.7e-05,-0.000224,-0.000337,0.003087,-0.002524,0.003072,-0.093258
7,0.145419,-0.073698,0.298628,-0.562988,0.384645,-0.731531,-0.568334,-0.822767,0.004701,-0.599378,0.417918,0.682728,-0.0,-0.0,-0.0,0.0,0.0,0.0,0.518079,-0.15762,-0.065175,0.278455,-0.628118,-0.47228,0.618394,0.756709,-0.555556,0.344504,0.181626,0.68492,0.705521,1e-06,-0.000239,-0.000385,0.0,0.0,0.0,0.513547,0.047712,0.021354,-0.017365,0.68214,0.442677,0.581997,-0.711108,0.586997,0.386987,-0.170321,-0.677842,0.715206,1.4e-05,-0.002559,-0.004127,-0.001813,0.013844,-0.025198,-0.265145,0.07511,0.0131,-0.055534,0.579695,-0.362578,-0.729718,0.536803,0.843676,0.007241,0.613021,-0.395912,0.683708,-3.7e-05,-0.000224,-0.000337,0.003087,-0.002524,0.003072,-0.093258
8,0.145419,-0.07369,0.298622,-0.562975,0.384653,-0.731537,-0.568326,-0.822773,0.004672,-0.599398,0.417899,0.682722,-0.0,-0.0,-0.0,0.0,0.0,0.0,0.517347,-0.15762,-0.065175,0.278455,-0.628118,-0.47228,0.618394,0.756709,-0.555556,0.344504,0.181626,0.68492,0.705521,0.0,-1.8e-05,-2.9e-05,-0.012489,0.095498,-0.173996,0.513115,0.047712,0.021354,-0.017365,0.68214,0.442677,0.581997,-0.711108,0.586997,0.386987,-0.170321,-0.677842,0.715206,1.4e-05,-0.002559,-0.004127,-0.001813,0.013844,-0.025198,-0.265145,0.07511,0.0131,-0.055534,0.579695,-0.362578,-0.729718,0.536803,0.843676,0.007241,0.613021,-0.395912,0.683708,-3.7e-05,-0.000224,-0.000337,0.003087,-0.002524,0.003072,-0.093258
9,0.145394,-0.073689,0.298623,-0.563013,0.384626,-0.731522,-0.568302,-0.822789,0.004706,-0.599385,0.417892,0.682738,-0.0,-0.0,-0.0,0.0,0.0,0.0,0.517129,-0.157632,-0.06518,0.278448,-0.628194,-0.472264,0.618328,0.756652,-0.555602,0.344555,0.1816,0.684893,0.705554,0.0,-3e-06,-5e-06,0.0,0.0,0.0,0.50955,0.047712,0.021354,-0.017365,0.68214,0.442677,0.581997,-0.711108,0.586997,0.386987,-0.170321,-0.677842,0.715206,1.4e-05,-0.002559,-0.004127,-0.001813,0.013844,-0.025198,-0.265145,0.07511,0.0131,-0.055534,0.579695,-0.362578,-0.729718,0.536803,0.843676,0.007241,0.613021,-0.395912,0.683708,-3.7e-05,-0.000224,-0.000337,0.003087,-0.002524,0.003072,-0.093258
10,0.145381,-0.07368,0.298617,-0.563019,0.38462,-0.731521,-0.568282,-0.822803,0.004694,-0.599399,0.41787,0.682739,-0.0,-0.0,-0.0,0.0,0.0,0.0,0.516589,-0.157632,-0.06518,0.278448,-0.629877,-0.472638,0.616328,0.755731,-0.55573,0.346363,0.179586,0.684531,0.70642,-1e-06,0.000254,0.000409,-6.2e-05,-0.000125,0.000115,0.502855,0.047712,0.021354,-0.017365,0.68214,0.442677,0.581997,-0.711108,0.586997,0.386987,-0.170321,-0.677842,0.715206,1.4e-05,-0.002559,-0.004127,-0.001813,0.013844,-0.025198,-0.265145,0.07511,0.0131,-0.055534,0.579695,-0.362578,-0.729718,0.536803,0.843676,0.007241,0.613021,-0.395912,0.683708,-3.7e-05,-0.000224,-0.000337,0.003087,-0.002524,0.003072,-0.093258
11,0.145369,-0.073679,0.298618,-0.563038,0.384606,-0.731513,-0.56827,-0.822812,0.00471,-0.599392,0.417866,0.682747,-0.0,-0.0,-0.0,0.0,0.0,0.0,0.516381,-0.15762,-0.065175,0.278455,-0.629912,-0.47263,0.616298,0.755705,-0.555752,0.346386,0.179575,0.684519,0.706434,0.016576,0.001332,-0.000182,0.002045,-0.015205,0.029245,0.499551,0.047712,0.021354,-0.017365,0.68214,0.442677,0.581997,-0.711108,0.586997,0.386987,-0.170321,-0.677842,0.715206,1.4e-05,-0.002559,-0.004127,-0.001813,0.013844,-0.025198,-0.265145,0.07511,0.0131,-0.055534,0.579695,-0.362578,-0.729718,0.536803,0.843676,0.007241,0.613021,-0.395912,0.683708,-3.7e-05,-0.000224,-0.000337,0.003087,-0.002524,0.003072,-0.093258
12,0.145369,-0.073679,0.298618,-0.563038,0.384606,-0.731513,-0.56827,-0.822812,0.00471,-0.599392,0.417866,0.682747,-0.0,-0.0,-0.0,0.0,0.0,0.0,0.515939,-0.15762,-0.065175,0.278455,-0.629912,-0.47263,0.616298,0.755705,-0.555752,0.346386,0.179575,0.684519,0.706434,-2e-06,0.000519,0.000836,0.00181,-0.013838,0.025212,0.499,0.047712,0.021354,-0.017365,0.68214,0.442677,0.581997,-0.711108,0.586997,0.386987,-0.170321,-0.677842,0.715206,1.4e-05,-0.002559,-0.004127,-0.001813,0.013844,-0.025198,-0.265145,0.07511,0.0131,-0.055534,0.579695,-0.362578,-0.729718,0.536803,0.843676,0.007241,0.613021,-0.395912,0.683708,-3.7e-05,-0.000224,-0.000337,0.003087,-0.002524,0.003072,-0.093258
13,0.145369,-0.073679,0.298618,-0.563038,0.384606,-0.731513,-0.56827,-0.822812,0.00471,-0.599392,0.417866,0.682747,0.0,-0.0,-0.0,0.0,0.0,0.0,0.5154,-0.15762,-0.06517,0.278462,-0.630039,-0.472603,0.616189,0.755609,-0.55583,0.346471,0.179531,0.684474,0.706489,-4e-06,0.000939,0.001513,0.014299,-0.109336,0.199208,0.497003,0.047712,0.021354,-0.017365,0.68214,0.442677,0.581997,-0.711108,0.586997,0.386987,-0.170321,-0.677842,0.715206,1.4e-05,-0.002559,-0.004127,-0.001813,0.013844,-0.025198,-0.265145,0.07511,0.0131,-0.055534,0.579695,-0.362578,-0.729718,0.536803,0.843676,0.007241,0.613021,-0.395912,0.683708,-3.7e-05,-0.000224,-0.000337,0.003087,-0.002524,0.003072,-0.093258
14,0.145369,-0.073679,0.298618,-0.563038,0.384606,-0.731513,-0.56827,-0.822812,0.00471,-0.599392,0.417866,0.682747,0.0,0.0,0.0,0.0,0.0,0.0,0.515381,-0.15762,-0.065165,0.27847,-0.629944,-0.472623,0.616271,0.755681,-0.555771,0.346408,0.179564,0.684508,0.706448,-0.0,8e-05,0.000128,0.0,0.0,0.0,0.496778,0.047712,0.021354,-0.017365,0.68214,0.442677,0.581997,-0.711108,0.586997,0.386987,-0.170321,-0.677842,0.715206,1.4e-05,-0.002559,-0.004127,-0.001813,0.013844,-0.025198,-0.265145,0.07511,0.0131,-0.055534,0.579695,-0.362578,-0.729718,0.536803,0.843676,0.007241,0.613021,-0.395912,0.683708,-3.7e-05,-0.000224,-0.000337,0.003087,-0.002524,0.003072,-0.093258
15,0.145369,-0.073679,0.298618,-0.563038,0.384606,-0.731513,-0.56827,-0.822812,0.00471,-0.599392,0.417866,0.682747,0.0,0.0,0.0,0.0,0.0,0.0,0.515852,-0.15762,-0.065165,0.27847,-0.629944,-0.472623,0.616271,0.755681,-0.555771,0.346408,0.179564,0.684508,0.706448,-0.0,1e-06,2e-06,0.0,0.0,0.0,0.496357,0.047712,0.021354,-0.017365,0.68214,0.442677,0.581997,-0.711108,0.586997,0.386987,-0.170321,-0.677842,0.715206,1.4e-05,-0.002559,-0.004127,-0.001813,0.013844,-0.025198,-0.265145,0.07511,0.0131,-0.055534,0.579695,-0.362578,-0.729718,0.536803,0.843676,0.007241,0.613021,-0.395912,0.683708,-3.7e-05,-0.000224,-0.000337,0.003087,-0.002524,0.003072,-0.093258
16,0.145369,-0.073679,0.298618,-0.563038,0.384606,-0.731513,-0.56827,-0.822812,0.00471,-0.599392,0.417866,0.682747,0.0,0.0,0.0,0.0,0.0,0.0,0.515724,-0.15762,-0.065165,0.27847,-0.629944,-0.472623,0.616271,0.755681,-0.555771,0.346408,0.179564,0.684508,0.706448,-0.0,0.0,0.0,0.0,0.0,0.0,0.495995,0.047712,0.021354,-0.017365,0.68214,0.442677,0.581997,-0.711108,0.586997,0.386987,-0.170321,-0.677842,0.715206,1.4e-05,-0.002559,-0.004127,-0.001813,0.013844,-0.025198,-0.265145,0.07511,0.0131,-0.055534,0.579695,-0.362578,-0.729718,0.536803,0.843676,0.007241,0.613021,-0.395912,0.683708,-3.7e-05,-0.000224,-0.000337,0.003087,-0.002524,0.003072,-0.093258
17,0.145356,-0.073679,0.298619,-0.563057,0.384593,-0.731506,-0.568258,-0.82282,0.004727,-0.599385,0.417862,0.682755,0.0,0.0,0.0,0.0,0.0,0.0,0.515853,-0.15762,-0.065165,0.27847,-0.629944,-0.472623,0.616271,0.755681,-0.555771,0.346408,0.179564,0.684508,0.706448,-0.0,0.0,0.0,0.0,0.0,0.0,0.49532,0.047712,0.021354,-0.017365,0.68214,0.442677,0.581997,-0.711108,0.586997,0.386987,-0.170321,-0.677842,0.715206,1.4e-05,-0.002559,-0.004127,-0.001813,0.013844,-0.025198,-0.265145,0.07511,0.0131,-0.055534,0.579695,-0.362578,-0.729718,0.536803,0.843676,0.007241,0.613021,-0.395912,0.683708,-3.7e-05,-0.000224,-0.000337,0.003087,-0.002524,0.003072,-0.093258
18,0.145356,-0.073679,0.298619,-0.563057,0.384593,-0.731506,-0.568258,-0.82282,0.004727,-0.599385,0.417862,0.682755,0.0,0.0,0.0,0.0,0.0,0.0,0.516067,-0.15762,-0.065165,0.27847,-0.629944,-0.472623,0.616271,0.755681,-0.555771,0.346408,0.179564,0.684508,0.706448,-0.0,0.0,0.0,0.0,0.0,0.0,0.495191,0.047712,0.021354,-0.017365,0.68214,0.442677,0.581997,-0.711108,0.586997,0.386987,-0.170321,-0.677842,0.715206,1.4e-05,-0.002559,-0.004127,-0.001813,0.013844,-0.025198,-0.265145,0.07511,0.0131,-0.055534,0.579695,-0.362578,-0.729718,0.536803,0.843676,0.007241,0.613021,-0.395912,0.683708,-3.7e-05,-0.000224,-0.000337,0.003087,-0.002524,0.003072,-0.093258
19,0.145356,-0.073679,0.298619,-0.563057,0.384593,-0.731506,-0.568258,-0.82282,0.004727,-0.599385,0.417862,0.682755,0.0,0.0,0.0,0.0,0.0,0.0,0.514964,-0.157607,-0.065165,0.278469,-0.629962,-0.472619,0.616255,0.755667,-0.555783,0.34642,0.179558,0.684502,0.706456,-0.0,0.0,0.0,0.0,0.0,0.0,0.495096,0.047712,0.021354,-0.017365,0.68214,0.442677,0.581997,-0.711108,0.586997,0.386987,-0.170321,-0.677842,0.715206,1.4e-05,-0.002559,-0.004127,-0.001813,0.013844,-0.025198,-0.265145,0.07511,0.0131,-0.055534,0.579695,-0.362578,-0.729718,0.536803,0.843676,0.007241,0.613021,-0.395912,0.683708,-3.7e-05,-0.000224,-0.000337,0.003087,-0.002524,0.003072,-0.093258
20,0.145357,-0.073671,0.298612,-0.563044,0.3846,-0.731512,-0.568249,-0.822826,0.004699,-0.599406,0.417844,0.682749,0.0,0.0,0.0,0.0,0.0,0.0,0.514263,-0.157607,-0.065165,0.278469,-0.629962,-0.472619,0.616255,0.755667,-0.555783,0.34642,0.179558,0.684502,0.706456,-0.0,0.0,0.0,0.0,0.0,0.0,0.495475,0.047712,0.021354,-0.017365,0.68214,0.442677,0.581997,-0.711108,0.586997,0.386987,-0.170321,-0.677842,0.715206,1.4e-05,-0.002559,-0.004127,-0.001813,0.013844,-0.025198,-0.265145,0.07511,0.0131,-0.055534,0.579695,-0.362578,-0.729718,0.536803,0.843676,0.007241,0.613021,-0.395912,0.683708,-3.7e-05,-0.000224,-0.000337,0.003087,-0.002524,0.003072,-0.093258
21,0.145357,-0.073663,0.298605,-0.56303,0.384608,-0.731519,-0.568241,-0.822832,0.00467,-0.599426,0.417826,0.682742,0.0,0.0,0.0,0.0,0.0,0.0,0.513992,-0.157607,-0.065165,0.278469,-0.629962,-0.472619,0.616255,0.755667,-0.555783,0.34642,0.179558,0.684502,0.706456,-0.0,0.0,0.0,0.0,0.0,0.0,0.495843,0.047712,0.021354,-0.017365,0.68214,0.442677,0.581997,-0.711108,0.586997,0.386987,-0.170321,-0.677842,0.715206,1.4e-05,-0.002559,-0.004127,-0.001813,0.013844,-0.025198,-0.265145,0.07511,0.0131,-0.055534,0.579695,-0.362578,-0.729718,0.536803,0.843676,0.007241,0.613021,-0.395912,0.683708,-3.7e-05,-0.000224,-0.000337,0.003087,-0.002524,0.003072,-0.093258
22,0.145344,-0.073654,0.298599,-0.563036,0.384602,-0.731517,-0.568221,-0.822846,0.004658,-0.59944,0.417804,0.682744,0.0,0.0,0.0,0.0,0.0,0.0,0.513678,-0.157607,-0.065165,0.278469,-0.629962,-0.472619,0.616255,0.755667,-0.555783,0.34642,0.179558,0.684502,0.706456,-0.0,0.0,0.0,0.0,0.0,0.0,0.495486,0.047712,0.021354,-0.017365,0.68214,0.442677,0.581997,-0.711108,0.586997,0.386987,-0.170321,-0.677842,0.715206,1.4e-05,-0.002559,-0.004127,-0.001813,0.013844,-0.025198,-0.265145,0.07511,0.0131,-0.055534,0.579695,-0.362578,-0.729718,0.536803,0.843676,0.007241,0.613021,-0.395912,0.683708,-3.7e-05,-0.000224,-0.000337,0.003087,-0.002524,0.003072,-0.093258
23,0.145332,-0.073654,0.2986,-0.563055,0.384588,-0.73151,-0.568209,-0.822854,0.004675,-0.599433,0.4178,0.682752,-0.016601,0.000975,0.001038,-0.000984,0.014715,-0.029553,0.513641,-0.157607,-0.065165,0.278469,-0.629962,-0.472619,0.616255,0.755667,-0.555783,0.34642,0.179558,0.684502,0.706456,-0.0,0.0,0.0,0.0,0.0,0.0,0.495233,0.047712,0.021354,-0.017365,0.68214,0.442677,0.581997,-0.711108,0.586997,0.386987,-0.170321,-0.677842,0.715206,1.4e-05,-0.002559,-0.004127,-0.001813,0.013844,-0.025198,-0.265145,0.07511,0.0131,-0.055534,0.579695,-0.362578,-0.729718,0.536803,0.843676,0.007241,0.613021,-0.395912,0.683708,-3.7e-05,-0.000224,-0.000337,0.003087,-0.002524,0.003072,-0.093258
24,0.145319,-0.073653,0.298601,-0.563074,0.384575,-0.731502,-0.568197,-0.822862,0.004692,-0.599427,0.417796,0.68276,0.0,0.0,0.0,0.0,0.0,0.0,0.513036,-0.157595,-0.065159,0.278476,-0.629997,-0.472611,0.616225,0.755641,-0.555804,0.346443,0.179546,0.68449,0.70647,-0.0,0.0,0.0,0.0,0.0,0.0,0.495108,0.047712,0.021354,-0.017365,0.68214,0.442677,0.581997,-0.711108,0.586997,0.386987,-0.170321,-0.677842,0.715206,1.4e-05,-0.002559,-0.004127,-0.001813,0.013844,-0.025198,-0.265145,0.07511,0.0131,-0.055534,0.579695,-0.362578,-0.729718,0.536803,0.843676,0.007241,0.613021,-0.395912,0.683708,-3.7e-05,-0.000224,-0.000337,0.003087,-0.002524,0.003072,-0.093258
25,0.145307,-0.073652,0.298601,-0.563093,0.384561,-0.731494,-0.568185,-0.82287,0.004709,-0.59942,0.417793,0.682768,-0.016601,0.000976,0.001039,-0.000984,0.014715,-0.029553,0.513659,-0.157595,-0.065159,0.278476,-0.629997,-0.472611,0.616225,0.755641,-0.555804,0.346443,0.179546,0.68449,0.70647,-1e-06,0.000234,0.000377,0.0,0.0,0.0,0.494802,0.047712,0.021354,-0.017365,0.68214,0.442677,0.581997,-0.711108,0.586997,0.386987,-0.170321,-0.677842,0.715206,1.4e-05,-0.002559,-0.004127,-0.001813,0.013844,-0.025198,-0.265145,0.07511,0.0131,-0.055534,0.579695,-0.362578,-0.729718,0.536803,0.843676,0.007241,0.613021,-0.395912,0.683708,-3.7e-05,-0.000224,-0.000337,0.003087,-0.002524,0.003072,-0.093258
26,0.145306,-0.073657,0.298594,-0.56311,0.384549,-0.731488,-0.568174,-0.822877,0.004723,-0.599414,0.417789,0.682775,-0.0,-0.0,-1e-06,0.0,0.0,0.0,0.513391,-0.157582,-0.065163,0.278468,-0.63,-0.47261,0.616224,0.755639,-0.555806,0.346445,0.179546,0.684489,0.706471,0.0,-1.4e-05,-2.2e-05,0.0,0.0,0.0,0.49409,0.047712,0.021354,-0.017365,0.68214,0.442677,0.581997,-0.711108,0.586997,0.386987,-0.170321,-0.677842,0.715206,1.4e-05,-0.002559,-0.004127,-0.001813,0.013844,-0.025198,-0.265145,0.07511,0.0131,-0.055534,0.579695,-0.362578,-0.729718,0.536803,0.843676,0.007241,0.613021,-0.395912,0.683708,-3.7e-05,-0.000224,-0.000337,0.003087,-0.002524,0.003072,-0.093258
27,0.145306,-0.073657,0.298594,-0.56311,0.384549,-0.731488,-0.568174,-0.822877,0.004723,-0.599414,0.417789,0.682775,-0.0,-0.0,-0.0,0.0,0.0,0.0,0.512798,-0.157582,-0.065163,0.278468,-0.63,-0.47261,0.616224,0.755639,-0.555806,0.346445,0.179546,0.684489,0.706471,0.0,-6.8e-05,-0.000109,0.0,0.0,0.0,0.490317,0.047712,0.021354,-0.017365,0.68214,0.442677,0.581997,-0.711108,0.586997,0.386987,-0.170321,-0.677842,0.715206,1.4e-05,-0.002559,-0.004127,-0.001813,0.013844,-0.025198,-0.265145,0.07511,0.0131,-0.055534,0.579695,-0.362578,-0.729718,0.536803,0.843676,0.007241,0.613021,-0.395912,0.683708,-3.7e-05,-0.000224,-0.000337,0.003087,-0.002524,0.003072,-0.093258
28,0.145319,-0.073634,0.298573,-0.56305,0.384586,-0.731515,-0.568162,-0.822886,0.004621,-0.599482,0.417738,0.682747,-0.0,-0.0,-0.0,0.0,0.0,0.0,0.509057,-0.157582,-0.065163,0.278468,-0.63,-0.47261,0.616224,0.755639,-0.555806,0.346445,0.179546,0.684489,0.706471,1e-06,-0.000319,-0.000515,0.0,0.0,0.0,0.482173,0.047712,0.021354,-0.017365,0.68214,0.442677,0.581997,-0.711108,0.586997,0.386987,-0.170321,-0.677842,0.715206,1.4e-05,-0.002559,-0.004127,-0.001813,0.013844,-0.025198,-0.265145,0.07511,0.0131,-0.055534,0.579695,-0.362578,-0.729718,0.536803,0.843676,0.007241,0.613021,-0.395912,0.683708,-3.7e-05,-0.000224,-0.000337,0.003087,-0.002524,0.003072,-0.093258
29,0.145305,-0.073631,0.298559,-0.563073,0.384568,-0.731507,-0.568131,-0.822908,0.004624,-0.59949,0.417713,0.682755,-1.5e-05,-0.0001,-0.00015,0.0,0.0,0.0,0.502335,-0.157595,-0.065164,0.278469,-0.629981,-0.472615,0.616239,0.755653,-0.555794,0.346432,0.179552,0.684495,0.706463,0.0,-5e-06,-8e-06,0.0,0.0,0.0,0.471375,0.047712,0.021354,-0.017365,0.68214,0.442677,0.581997,-0.711108,0.586997,0.386987,-0.170321,-0.677842,0.715206,1.4e-05,-0.002559,-0.004127,-0.001813,0.013844,-0.025198,-0.265145,0.07511,0.0131,-0.055534,0.579695,-0.362578,-0.729718,0.536803,0.843676,0.007241,0.613021,-0.395912,0.683708,-3.7e-05,-0.000224,-0.000337,0.003087,-0.002524,0.003072,-0.093258
30,0.145317,-0.073636,0.298551,-0.56307,0.38457,-0.731508,-0.568133,-0.822907,0.004622,-0.599491,0.417713,0.682754,-4.1e-05,-0.000264,-0.000398,0.0,0.0,0.0,0.4585,-0.157707,-0.065172,0.278451,-0.629793,-0.472658,0.616398,0.75579,-0.555697,0.346289,0.179633,0.684545,0.706395,3e-06,-0.000808,-0.001301,0.0,0.0,0.0,0.402586,0.047712,0.021354,-0.017365,0.68214,0.442677,0.581997,-0.711108,0.586997,0.386987,-0.170321,-0.677842,0.715206,1.4e-05,-0.002559,-0.004127,-0.001813,0.013844,-0.025198,-0.265145,0.07511,0.0131,-0.055534,0.579695,-0.362578,-0.729718,0.536803,0.843676,0.007241,0.613021,-0.395912,0.683708,-3.7e-05,-0.000224,-0.000337,0.003087,-0.002524,0.003072,-0.093258
31,0.145404,-0.073641,0.298546,-0.562936,0.384665,-0.731561,-0.568217,-0.822849,0.004505,-0.599538,0.417738,0.682697,-0.0,-0.0,-0.0,0.0,0.0,0.0,0.313283,-0.157857,-0.065187,0.278449,-0.629554,-0.472714,0.6166,0.755971,-0.55555,0.346129,0.179711,0.684625,0.706297,-0.016577,-0.00109,0.000564,-0.002045,0.015205,-0.029245,0.264588,0.047712,0.021354,-0.017365,0.68214,0.442677,0.581997,-0.711108,0.586997,0.386987,-0.170321,-0.677842,0.715206,1.4e-05,-0.002559,-0.004127,-0.001813,0.013844,-0.025198,-0.265145,0.07511,0.0131,-0.055534,0.579695,-0.362578,-0.729718,0.536803,0.843676,0.007241,0.613021,-0.395912,0.683708,-3.7e-05,-0.000224,-0.000337,0.003087,-0.002524,0.003072,-0.093258
32,0.145529,-0.073649,0.298538,-0.562628,0.384883,-0.731683,-0.56841,-0.822717,0.004237,-0.599644,0.417796,0.682568,0.016602,-0.000969,-0.001035,0.000984,-0.014715,0.029553,0.140112,-0.157931,-0.065205,0.27843,-0.629394,-0.47275,0.616736,0.756092,-0.555452,0.346022,0.179763,0.68468,0.706231,2e-06,-0.000643,-0.001036,0.0,0.0,0.0,0.147341,0.047712,0.021354,-0.017365,0.68214,0.442677,0.581997,-0.711108,0.586997,0.386987,-0.170321,-0.677842,0.715206,1.4e-05,-0.002559,-0.004127,-0.001813,0.013844,-0.025198,-0.265145,0.07511,0.0131,-0.055534,0.579695,-0.362578,-0.729718,0.536803,0.843676,0.007241,0.613021,-0.395912,0.683708,-3.7e-05,-0.000224,-0.000337,0.003087,-0.002524,0.003072,-0.093258
33,0.145697,-0.073663,0.298427,-0.564626,0.383906,-0.730656,-0.568283,-0.822788,0.006762,-0.597883,0.418556,0.683647,-0.000222,-0.001446,-0.002182,-0.489954,0.424765,-0.552709,-0.169408,-0.157995,-0.065199,0.27839,-0.6294,-0.472749,0.616731,0.756074,-0.55551,0.34597,0.179821,0.684634,0.706261,0.0,-6e-06,-9e-06,0.0,0.0,0.0,0.042596,0.047712,0.021354,-0.017365,0.68214,0.442677,0.581997,-0.711108,0.586997,0.386987,-0.170321,-0.677842,0.715206,1.4e-05,-0.002559,-0.004127,-0.001813,0.013844,-0.025198,-0.265145,0.07511,0.0131,-0.055534,0.579695,-0.362578,-0.729718,0.536803,0.843676,0.007241,0.613021,-0.395912,0.683708,-3.7e-05,-0.000224,-0.000337,0.003087,-0.002524,0.003072,-0.093258
34,0.145704,-0.07355,0.298245,-0.55744,0.394028,-0.730786,-0.582668,-0.812669,0.006206,-0.590755,0.42877,0.683514,-0.000172,-0.001118,-0.001688,-0.000109,9e-05,-0.000113,-0.468298,-0.157986,-0.065157,0.278379,-0.626465,-0.476489,0.61684,0.759423,-0.55102,0.345814,0.175888,0.685674,0.706241,0.016577,0.001361,-0.000123,-0.2965,-0.182576,-0.312569,-0.107679,0.047712,0.021354,-0.017365,0.68214,0.442677,0.581997,-0.711108,0.586997,0.386987,-0.170321,-0.677842,0.715206,1.4e-05,-0.002559,-0.004127,-0.001813,0.013844,-0.025198,-0.265145,0.07511,0.0131,-0.055534,0.579695,-0.362578,-0.729718,0.536803,0.843676,0.007241,0.613021,-0.395912,0.683708,-3.7e-05,-0.000224,-0.000337,0.003087,-0.002524,0.003072,-0.093258
35,0.145714,-0.073388,0.298043,-0.554951,0.397374,-0.730868,-0.587167,-0.809428,0.005679,-0.588645,0.431795,0.683431,0.01656,-0.001232,-0.001439,0.000984,-0.014715,0.029553,-0.925004,-0.158023,-0.065168,0.278365,-0.620802,-0.483871,0.616819,0.765878,-0.542003,0.34583,0.167748,0.6877,0.706253,0.0,-0.000133,-0.000214,-6e-06,-3e-06,-7e-06,-0.349565,0.047712,0.021354,-0.017365,0.68214,0.442677,0.581997,-0.711108,0.586997,0.386987,-0.170321,-0.677842,0.715206,1.4e-05,-0.002559,-0.004127,-0.001813,0.013844,-0.025198,-0.265145,0.07511,0.0131,-0.055534,0.579695,-0.362578,-0.729718,0.536803,0.843676,0.007241,0.613021,-0.395912,0.683708,-3.7e-05,-0.000224,-0.000337,0.003087,-0.002524,0.003072,-0.093258
36,0.145714,-0.073388,0.298043,-0.554951,0.397374,-0.730868,-0.587167,-0.809428,0.005679,-0.588645,0.431795,0.683431,0.01656,-0.001232,-0.001439,0.000984,-0.014715,0.029553,-0.925004,-0.158023,-0.065168,0.278365,-0.620802,-0.483871,0.616819,0.765878,-0.542003,0.34583,0.167748,0.6877,0.706253,0.0,-0.000133,-0.000214,-6e-06,-3e-06,-7e-06,-0.349565,0.047712,0.021354,-0.017365,0.68214,0.442677,0.581997,-0.711108,0.586997,0.386987,-0.170321,-0.677842,0.715206,1.4e-05,-0.002559,-0.004127,-0.001813,0.013844,-0.025198,-0.265145,0.07511,0.0131,-0.055534,0.579695,-0.362578,-0.729718,0.536803,0.843676,0.007241,0.613021,-0.395912,0.683708,-3.7e-05,-0.000224,-0.000337,0.003087,-0.002524,0.003072,-0.093258
37,0.145834,-0.073307,0.297889,-0.55317,0.402862,-0.729212,-0.592026,-0.805892,0.003806,-0.585451,0.433313,0.685211,-0.000196,-0.00128,-0.001932,0.16217,0.524605,0.223276,-1.879924,-0.158169,-0.065117,0.278233,-0.618598,-0.483563,0.61927,0.767127,-0.54175,0.343449,0.170174,0.688116,0.705267,-0.017591,0.008765,-0.009533,0.034392,0.006232,-0.01019,-0.858433,0.047498,0.021468,-0.01731,0.682612,0.442777,0.581367,-0.710719,0.587365,0.387144,-0.170056,-0.677458,0.715633,-0.008474,-0.000959,-0.000889,-0.011851,0.110794,-0.205054,-0.272983,0.07511,0.0131,-0.055534,0.579695,-0.362578,-0.729718,0.536803,0.843676,0.007241,0.613021,-0.395912,0.683708,-3.7e-05,-0.000224,-0.000337,0.003087,-0.002524,0.003072,-0.093258
38,0.145816,-0.073329,0.297818,-0.553299,0.402772,-0.729164,-0.591916,-0.805973,0.003882,-0.585441,0.433246,0.685262,-0.000273,-0.001778,-0.002687,3e-05,9.3e-05,4.5e-05,-1.920367,-0.158542,-0.06493,0.277922,-0.578365,-0.527965,0.621882,0.806249,-0.485637,0.337719,0.124419,0.697372,0.705731,-0.017587,0.008429,-0.010092,0.037955,0.001913,-0.013213,-1.364354,0.047307,0.021565,-0.017472,0.645296,0.489801,0.586249,-0.753634,0.533738,0.383612,-0.12501,-0.689361,0.71355,-0.000551,0.004635,-0.005655,0.022653,-0.003994,0.026411,-0.549434,0.07511,0.0131,-0.055534,0.579695,-0.362578,-0.729718,0.536803,0.843676,0.007241,0.613021,-0.395912,0.683708,-3.7e-05,-0.000224,-0.000337,0.003087,-0.002524,0.003072,-0.093258
39,0.145765,-0.073419,0.297681,-0.553565,0.402595,-0.72906,-0.591756,-0.806089,0.004108,-0.585352,0.433194,0.68537,-0.00049,-0.00319,-0.004827,-0.000859,0.012836,-0.025789,-1.921776,-0.158969,-0.064404,0.277419,-0.569677,-0.53328,0.625357,0.811279,-0.486184,0.32463,0.131622,0.692936,0.708787,-0.001007,0.009685,-0.010373,0.289279,-0.220009,-0.344108,-1.404125,0.047086,0.021829,-0.017724,0.63771,0.49433,0.59073,-0.758921,0.534417,0.37207,-0.131771,-0.685591,0.715962,-0.009303,0.009666,-0.009297,0.513229,-0.387195,-0.467745,-0.842867,0.07511,0.0131,-0.055534,0.579695,-0.362578,-0.729718,0.536803,0.843676,0.007241,0.613021,-0.395912,0.683708,-3.7e-05,-0.000224,-0.000337,0.003087,-0.002524,0.003072,-0.093258
40,0.145769,-0.073449,0.29758,-0.553692,0.402504,-0.729014,-0.59163,-0.806181,0.004165,-0.585358,0.433108,0.68542,0.016197,-0.003644,-0.005095,-0.495815,0.486544,-0.67311,-1.92236,-0.159258,-0.064144,0.277154,-0.56723,-0.533545,0.627352,0.812748,-0.485248,0.322351,0.133132,0.693388,0.708062,-0.017572,0.008569,-0.009898,0.025752,0.09784,-0.186625,-1.404333,0.046947,0.02196,-0.017858,0.635001,0.496076,0.592183,-0.760927,0.533912,0.368682,-0.13328,-0.684722,0.716513,-0.008785,0.004146,-0.005188,0.002522,0.117813,-0.175861,-0.973336,0.07511,0.0131,-0.055534,0.579695,-0.362578,-0.729718,0.536803,0.843676,0.007241,0.613021,-0.395912,0.683708,-3.7e-05,-0.000224,-0.000337,0.003087,-0.002524,0.003072,-0.093258
41,0.145759,-0.073462,0.297429,-0.551742,0.403348,-0.730025,-0.591509,-0.806279,0.001501,-0.587319,0.432139,0.684353,-0.000162,-0.001053,-0.001597,-0.005925,0.088633,-0.177953,-1.921957,-0.159828,-0.063622,0.276779,-0.564591,-0.534533,0.628891,0.81447,-0.483808,0.320161,0.133822,0.693636,0.70769,-0.000993,0.012862,-0.005255,0.038257,-0.023169,0.044072,-1.400677,0.046655,0.022219,-0.018057,0.6325,0.497039,0.594049,-0.762878,0.532457,0.366751,-0.134016,-0.685157,0.71596,-0.000493,0.006523,-0.002476,0.03988,-0.019487,0.042397,-0.964519,0.07511,0.0131,-0.055534,0.579695,-0.362578,-0.729718,0.536803,0.843676,0.007241,0.613021,-0.395912,0.683708,-3.7e-05,-0.000224,-0.000337,0.003087,-0.002524,0.003072,-0.093258
42,0.14576,-0.07345,0.29743,-0.553972,0.400172,-0.730084,-0.586799,-0.809714,0.001358,-0.589933,0.428662,0.684291,8.2e-05,0.00053,0.000804,0.0,0.0,0.0,-1.920996,-0.160223,-0.063035,0.276546,-0.572537,-0.535236,0.621059,0.810252,-0.484646,0.329459,0.125362,0.692507,0.710339,-0.000984,0.013636,-0.004017,-0.005546,0.039756,0.049978,-0.919665,0.046458,0.022515,-0.01817,0.640097,0.497109,0.585796,-0.758017,0.53291,0.376053,-0.125238,-0.684755,0.717931,-0.000488,0.00692,-0.001837,0.019689,0.033772,0.034287,-0.86981,0.07511,0.0131,-0.055534,0.579695,-0.362578,-0.729718,0.536803,0.843676,0.007241,0.613021,-0.395912,0.683708,-3.7e-05,-0.000224,-0.000337,0.003087,-0.002524,0.003072,-0.093258
43,0.145845,-0.073485,0.297416,-0.560935,0.390314,-0.730104,-0.572392,-0.819962,0.001342,-0.597443,0.418169,0.684269,-5.8e-05,-0.000378,-0.000573,0.002941,-5e-06,-0.002757,-1.916567,-0.160422,-0.062715,0.276403,-0.59556,-0.529919,0.603727,0.796498,-0.486621,0.358783,0.104397,0.695201,0.711098,-0.000997,0.009771,-0.010248,-0.395323,-0.396104,0.629919,-0.240396,0.046359,0.022679,-0.018225,0.659953,0.490118,0.569425,-0.743729,0.53355,0.402728,-0.106433,-0.68928,0.716633,-0.008266,-0.000699,-3e-06,-0.189123,0.257035,0.107945,-0.684802,0.07511,0.0131,-0.055534,0.579695,-0.362578,-0.729718,0.536803,0.843676,0.007241,0.613021,-0.395912,0.683708,-3.7e-05,-0.000224,-0.000337,0.003087,-0.002524,0.003072,-0.093258
44,0.145904,-0.073515,0.29739,-0.56092,0.390326,-0.730109,-0.572418,-0.819944,0.001345,-0.597432,0.418192,0.684264,-9.2e-05,-0.0006,-0.000909,0.0,-0.0,-0.0,-1.745364,-0.160537,-0.062714,0.276323,-0.606997,-0.525542,0.596115,0.788969,-0.4878,0.373514,0.095239,0.69769,0.709945,-0.016546,-0.002963,-0.002537,-0.427826,-0.465644,0.793897,-0.09249,0.046307,0.022683,-0.018269,0.671859,0.485081,0.559732,-0.734417,0.534344,0.418458,-0.096103,-0.692222,0.715256,-3e-06,-0.00128,-0.002058,-1.063166,-1.780369,2.041388,-0.536861,0.07511,0.0131,-0.055534,0.579695,-0.362578,-0.729718,0.536803,0.843676,0.007241,0.613021,-0.395912,0.683708,-3.7e-05,-0.000224,-0.000337,0.003087,-0.002524,0.003072,-0.093258
45,0.145731,-0.073543,0.297456,-0.561006,0.390278,-0.730069,-0.572464,-0.819911,0.00152,-0.597307,0.418301,0.684306,-0.016359,0.002623,0.003551,-0.000125,0.001877,-0.003765,-0.520573,-0.160751,-0.062822,0.276118,-0.625764,-0.511822,0.588599,0.775285,-0.490302,0.398084,0.085619,0.706074,0.702846,-2e-05,-0.003803,-0.006138,-0.326609,0.219148,0.570602,0.113229,0.046194,0.022629,-0.018372,0.689241,0.471411,0.550197,-0.719293,0.536359,0.441515,-0.086968,-0.700064,0.708763,-1e-05,-0.00182,-0.002937,-0.495824,0.36652,0.677225,-0.240651,0.07511,0.0131,-0.055534,0.579695,-0.362578,-0.729718,0.536803,0.843676,0.007241,0.613021,-0.395912,0.683708,-3.7e-05,-0.000224,-0.000337,0.003087,-0.002524,0.003072,-0.093258
46,0.145531,-0.073469,0.297601,-0.557371,0.387034,-0.734566,-0.572107,-0.82016,0.001897,-0.601041,0.420822,0.679475,0.00045,0.002912,0.004411,-0.03773,-0.13375,-0.033063,-0.006785,-0.160939,-0.06297,0.275866,-0.636177,-0.502845,0.585165,0.76709,-0.492773,0.410708,0.08262,0.71078,0.698447,-2.1e-05,-0.00344,-0.005564,-0.081278,0.007683,0.238728,0.287611,0.0461,0.022551,-0.018504,0.699401,0.460567,0.546547,-0.709691,0.538144,0.454685,-0.084708,-0.705887,0.703239,-8e-06,-0.002043,-0.0033,-0.058257,0.009258,0.211532,0.066171,0.07511,0.0131,-0.055534,0.579695,-0.362578,-0.729718,0.536803,0.843676,0.007241,0.613021,-0.395912,0.683708,-3.7e-05,-0.000224,-0.000337,0.003087,-0.002524,0.003072,-0.093258
47,0.145489,-0.073433,0.29769,-0.556595,0.384899,-0.736274,-0.571905,-0.820295,0.003445,-0.60195,0.422513,0.677617,0.000323,-0.00814,0.01254,-0.063534,-0.074978,-0.061168,0.129716,-0.16094,-0.063022,0.275762,-0.638892,-0.500585,0.584143,0.764915,-0.493452,0.413937,0.081829,0.711901,0.697398,-1.6e-05,-0.002543,-0.004117,-0.015541,-0.065896,0.192658,0.390658,0.0461,0.022523,-0.018559,0.701958,0.45808,0.545359,-0.707229,0.538784,0.457752,-0.084144,-0.707017,0.702172,-5e-06,-0.001437,-0.002323,0.010297,0.015826,-0.018133,0.221951,0.07511,0.0131,-0.055534,0.579695,-0.362578,-0.729718,0.536803,0.843676,0.007241,0.613021,-0.395912,0.683708,-3.7e-05,-0.000224,-0.000337,0.003087,-0.002524,0.003072,-0.093258
48,0.145284,-0.073372,0.297777,-0.564957,0.383557,-0.730584,-0.567112,-0.823601,0.006081,-0.598681,0.417277,0.683731,-0.016937,-0.001167,-0.002202,0.116647,0.397835,0.124846,0.43535,-0.160707,-0.062948,0.275772,-0.653674,-0.504139,0.564398,0.753919,-0.497488,0.429005,0.065315,0.706565,0.704531,1.2e-05,0.002156,0.00349,-0.83826,-1.904119,1.829805,0.532349,0.046216,0.022555,-0.018563,0.714357,0.460748,0.526692,-0.696385,0.542122,0.470265,-0.068857,-0.702718,0.708127,0.008284,0.001904,0.00196,0.002855,-0.031929,0.053571,0.520119,0.075024,0.013086,-0.055429,0.57912,-0.36163,-0.730645,0.531733,0.846908,0.002285,0.617963,-0.389832,0.682753,-0.000439,0.004531,-0.005832,0.300311,0.639264,0.283459,-0.090645
49,0.145236,-0.073357,0.297595,-0.5597,0.395005,-0.728527,-0.586205,-0.810069,0.011069,-0.585096,0.432766,0.68586,-0.000778,-0.005006,-0.007579,-0.155698,0.142386,-0.171731,0.465877,-0.160546,-0.062884,0.275834,-0.661998,-0.506378,0.552569,0.747432,-0.49956,0.437858,0.055143,0.703496,0.70846,0.016561,0.003327,0.003137,-0.834338,-1.916605,1.855603,0.536492,0.046297,0.02259,-0.018527,0.723134,0.462784,0.512744,-0.688366,0.543934,0.479882,-0.056817,-0.699975,0.711902,0.008281,0.001781,0.001755,-0.82897,-1.902971,1.838649,0.520283,0.074989,0.0131,-0.055514,0.575295,-0.374295,-0.72728,0.550749,0.834648,0.006102,0.60474,-0.40406,0.686312,-0.000565,0.002698,-0.008493,-0.508284,0.438483,-0.593781,-0.050476
50,0.145163,-0.07335,0.296819,-0.570586,0.413218,-0.709738,-0.629029,-0.775477,0.054134,-0.527313,0.476815,0.703289,-0.001683,-0.000582,-0.025828,-0.338091,0.221749,-0.040648,0.496124,-0.160285,-0.062811,0.275935,-0.670508,-0.512715,0.536222,0.740871,-0.498982,0.449513,0.037928,0.699309,0.713717,0.01655,0.001952,0.000904,-0.005352,-0.031161,0.043152,0.536705,0.046421,0.022629,-0.01847,0.731402,0.468768,0.495283,-0.680859,0.542941,0.491573,-0.038476,-0.696757,0.716274,0.000499,-0.004867,0.005155,-0.045905,-0.136847,0.194637,0.520936,0.074949,0.013106,-0.055892,0.587761,-0.390676,-0.708455,0.59372,0.803136,0.049685,0.549575,-0.449827,0.704004,-0.000887,0.004817,-0.017654,-1.099369,0.168316,0.984537,0.046029
51,0.144806,-0.073229,0.295422,-0.603723,0.413308,-0.681719,-0.641723,-0.759291,0.107888,-0.472288,0.502092,0.724483,-0.002227,0.006266,-0.040547,-0.555552,0.810918,-1.152223,0.502876,-0.160012,-0.062836,0.275857,-0.673249,-0.512976,0.532526,0.738504,-0.500268,0.451972,0.035393,0.698198,0.714934,-7e-06,-0.002364,-0.003823,-0.0,0.0,0.0,0.536503,0.046564,0.022623,-0.0185,0.733891,0.468874,0.491487,-0.678319,0.544066,0.493836,-0.035855,-0.695808,0.717332,0.00827,-0.000745,-0.002341,0.002126,-0.014697,0.028062,0.521426,0.074768,0.01316,-0.056592,0.620292,-0.389163,-0.68102,0.606974,0.788082,0.102505,0.49681,-0.476945,0.725053,-0.00949,0.003219,-0.020387,-1.921226,1.773486,-1.996899,0.122122
52,0.144462,-0.073053,0.294591,-0.626462,0.413803,-0.660575,-0.645952,-0.749892,0.14276,-0.435512,0.515614,0.737901,-0.018942,0.006895,-0.040169,-1.948736,2.0196,-2.332038,0.502416,-0.159925,-0.062905,0.275733,-0.672645,-0.513058,0.533209,0.739042,-0.499818,0.451589,0.035654,0.69846,0.714665,0.016542,-0.002642,-0.006543,0.002045,-0.015205,0.029245,0.535973,0.046601,0.022589,-0.01856,0.73331,0.469002,0.492232,-0.678931,0.543633,0.493471,-0.036155,-0.696059,0.717072,-3e-06,-0.002111,-0.003419,-0.014547,0.111012,-0.198651,0.521589,0.074602,0.013246,-0.057011,0.641926,-0.388593,-0.661003,0.611507,0.779535,0.135583,0.462588,-0.491243,0.738032,-0.009484,0.008364,-0.025084,-1.180243,0.828597,0.131995,0.145799
53,0.143606,-0.072311,0.292482,-0.668286,0.416082,-0.616697,-0.644661,-0.737592,0.200854,-0.370473,0.531267,0.761926,-0.019054,0.026805,-0.060137,0.003289,0.655724,-1.136938,0.474869,-0.159926,-0.063073,0.275443,-0.670928,-0.513301,0.535135,0.740564,-0.498563,0.450481,0.036402,0.699179,0.713924,-1.5e-05,-0.004955,-0.008043,-0.001816,0.014065,-0.025086,0.535051,0.046607,0.022503,-0.01871,0.731736,0.469352,0.494236,-0.680584,0.542478,0.492465,-0.036973,-0.696724,0.716385,-5e-06,-0.002431,-0.003946,-0.001996,0.013927,-0.025309,0.521589,0.074181,0.013602,-0.058042,0.684865,-0.388337,-0.616566,0.610977,0.767131,0.195488,0.397071,-0.510591,0.762647,-0.009525,0.013216,-0.030338,-0.955307,0.905315,0.139408,0.17111
54,0.143091,-0.071272,0.290127,-0.661617,0.459967,-0.592231,-0.682687,-0.696192,0.221871,-0.309436,0.550527,0.775368,-0.0024,0.036078,-0.070854,-0.783673,0.676166,0.707507,0.428678,-0.160021,-0.063196,0.275038,-0.669198,-0.513538,0.537071,0.742083,-0.497484,0.449173,0.037349,0.699774,0.713292,-0.001017,0.005251,-0.01763,0.022096,0.101936,-0.179273,0.530078,0.046559,0.022438,-0.018917,0.730122,0.469702,0.496287,-0.682259,0.541481,0.491242,-0.037993,-0.697264,0.715806,-0.000504,0.002578,-0.008892,0.021957,0.101814,-0.179407,0.521915,0.07391,0.014123,-0.059235,0.681923,-0.430626,-0.59122,0.648897,0.729173,0.217341,0.337509,-0.531851,0.776673,-0.001181,0.012383,-0.031569,-2.954937,1.346507,4.142584,0.150208
55,0.143107,-0.070014,0.287395,-0.653868,0.487277,-0.578846,-0.703669,-0.67279,0.228419,-0.277331,0.556063,0.783523,0.014024,0.033784,-0.074308,0.157433,0.238607,-0.480195,0.377233,-0.160143,-0.063188,0.274475,-0.668075,-0.513675,0.538335,0.743039,-0.497208,0.447896,0.038422,0.699869,0.713141,-0.001021,0.004802,-0.018398,0.03463,0.004818,-0.006179,0.523825,0.046498,0.02244,-0.019193,0.729086,0.469911,0.49761,-0.683306,0.541246,0.490045,-0.039052,-0.697306,0.715708,-0.000502,0.002375,-0.009239,0.03453,0.004746,-0.00627,0.521752,0.073911,0.014754,-0.060598,0.674824,-0.45927,-0.577652,0.672064,0.705814,0.223951,0.304861,-0.539347,0.78496,-0.001284,0.017364,-0.036663,0.149267,0.34806,-0.689104,0.111672
56,0.143232,-0.069317,0.285921,-0.657918,0.487824,-0.573775,-0.701325,-0.674478,0.230639,-0.273675,0.553534,0.786593,0.014024,0.033864,-0.074404,0.165447,0.146498,-0.306682,0.35011,-0.160285,-0.063128,0.274138,-0.670417,-0.509798,0.539109,0.740664,-0.501517,0.447025,0.043314,0.699624,0.713101,-0.017609,0.003113,-0.018906,0.032586,0.020019,-0.035426,0.517417,0.046434,0.022472,-0.019359,0.731243,0.465884,0.498231,-0.680701,0.545424,0.489037,-0.043912,-0.696752,0.715966,-0.000504,0.001916,-0.009996,0.034245,0.005062,-0.006453,0.521589,0.073974,0.015101,-0.061336,0.679109,-0.45943,-0.57248,0.669433,0.707571,0.226277,0.301112,-0.536904,0.788076,-0.001276,0.017419,-0.03669,0.16932,0.159321,-0.343533,0.088484
57,0.143424,-0.067745,0.282878,-0.66889,0.477069,-0.57012,-0.686908,-0.689847,0.228562,-0.28343,0.543906,0.789849,0.014152,0.045028,-0.082872,0.219684,-0.055879,0.052335,0.353208,-0.160764,-0.062786,0.273257,-0.670026,-0.507915,0.541367,0.740897,-0.501401,0.446769,0.045355,0.701074,0.711548,-0.018606,0.014521,-0.026573,0.061789,0.01871,-0.011494,0.503615,0.046194,0.022636,-0.019801,0.730894,0.463882,0.500607,-0.680933,0.545166,0.489002,-0.046075,-0.698289,0.714331,-0.009291,0.007247,-0.013299,0.084359,0.004022,-0.016686,0.521589,0.074069,0.015882,-0.062856,0.689952,-0.447812,-0.568708,0.653898,0.722553,0.22435,0.310456,-0.526668,0.791351,-0.001198,0.023018,-0.040893,0.23472,0.044397,-0.181701,0.075748
