frame,MLTx,MLTy,MLTz,MLTR1,MLTR2,MLTR3,MLTR4,MLTR5,MLTR6,MLTR7,MLTR8,MLTR9,MLTTVx,MLTTVy,MLTTVz,MLTRVx,MLTRVy,MLTRVz,MLGA,MRTx,MRTy,MRTz,MRTR1,MRTR2,MRTR3,MRTR4,MRTR5,MRTR6,MRTR7,MRTR8,MRTR9,MRTTVx,MRTTVy,MRTTVz,MRTRVx,MRTRVy,MRTRVz,MRGA,SLTx,SLTy,SLTz,SLTR1,SLTR2,SLTR3,SLTR4,SLTR5,SLTR6,SLTR7,SLTR8,SLTR9,SLTTVx,SLTTVy,SLTTVz,SLTRVx,SLTRVy,SLTRVz,SLGA,SRTx,SRTy,SRTz,SRTR1,SRTR2,SRTR3,SRTR4,SRTR5,SRTR6,SRTR7,SRTR8,SRTR9,SRTTVx,SRTTVy,SRTTVz,SRTRVx,SRTRVy,SRTRVz,SRGA
1,0.152706,-0.055981,0.311906,-0.280446,0.354097,-0.892194,-0.827172,-0.560677,0.037425,-0.48664,0.748052,0.451251,-4e-06,-3.6e-05,-4.5e-05,0.0,0.0,0.0,-0.050796,-0.1702,-0.044333,0.304535,-0.293076,-0.349617,0.889869,0.879892,-0.46263,0.108158,0.374209,0.815111,0.442068,0.0,0.0,0.0,0.0,0.0,0.0,-0.294521,0.043691,0.02184,-0.022736,0.318995,0.405756,0.856506,-0.869644,0.484584,0.094324,-0.376776,-0.774945,0.507443,-4e-06,-2e-06,-8e-06,1e-06,4e-06,-1.6e-05,-0.490159,0.07437,0.011876,-0.063907,0.384768,-0.375079,-0.843367,0.773975,0.628948,0.073391,0.502907,-0.680984,0.5323,-3e-06,-2.3e-05,-3e-05,-4e-06,-1.3e-05,-3e-06,-0.276307
2,0.152716,-0.055992,0.311891,-0.280464,0.354094,-0.89219,-0.827167,-0.560682,0.03744,-0.486637,0.748049,0.451258,-2e-06,-1.4e-05,-1.8e-05,0.0,0.0,0.0,-0.050156,-0.1702,-0.044339,0.304528,-0.293056,-0.349617,0.889875,0.879897,-0.462622,0.108142,0.374211,0.815116,0.442059,-1e-06,-5.9e-05,-7.4e-05,0.0,0.0,0.0,-0.294917,0.043691,0.021837,-0.02274,0.318975,0.405757,0.856513,-0.86965,0.484575,0.094309,-0.376778,-0.774949,0.507434,-3e-06,-3.4e-05,-4.7e-05,-5e-06,0.0,4e-06,-0.490159,0.074375,0.01187,-0.063915,0.384785,-0.375074,-0.843361,0.773969,0.628954,0.073405,0.502903,-0.680981,0.532308,2e-06,1e-06,2e-06,6e-06,1.1e-05,9e-06,-0.27549
3,0.152741,-0.055996,0.311903,-0.280412,0.354105,-0.892202,-0.827193,-0.560646,0.037407,-0.486623,0.748071,0.451237,0.000116,0.000939,0.001196,0.0,0.0,0.0,-0.050516,-0.1702,-0.044344,0.304522,-0.293035,-0.349617,0.889882,0.879904,-0.462615,0.108126,0.374213,0.81512,0.442049,-1e-06,-2.6e-05,-3.3e-05,0.0,0.0,0.0,-0.294513,0.043691,0.021834,-0.022744,0.318954,0.405758,0.85652,-0.869657,0.484566,0.094293,-0.376781,-0.774955,0.507425,-1e-06,-8e-06,-1.2e-05,2e-06,5e-06,-1.4e-05,-0.490159,0.074387,0.011867,-0.063911,0.384735,-0.37509,-0.843377,0.774,0.628918,0.073376,0.502893,-0.681005,0.532287,6.6e-05,0.000542,0.000689,-1e-05,-1.1e-05,-9e-06,-0.27549
4,0.152753,-0.055988,0.311896,-0.280372,0.35411,-0.892212,-0.82719,-0.560654,0.037362,-0.486651,0.748063,0.45122,2e-06,1.4e-05,1.7e-05,0.0,0.0,0.0,-0.050624,-0.1702,-0.044339,0.304528,-0.293056,-0.349617,0.889875,0.879897,-0.462622,0.108142,0.374211,0.815116,0.442059,4e-06,0.000184,0.000229,0.0,0.0,0.0,-0.294923,0.043691,0.021837,-0.022741,0.318975,0.405757,0.856513,-0.86965,0.484575,0.094309,-0.376778,-0.77495,0.507434,3e-06,0.000145,0.00018,-6e-06,-1.1e-05,5e-06,-0.490159,0.074394,0.011873,-0.063912,0.384697,-0.375099,-0.84339,0.774,0.628924,0.073331,0.502922,-0.680995,0.532272,-1e-06,4e-06,4e-06,-8e-06,-7e-06,-9e-06,-0.275327
5,0.152751,-0.055976,0.311862,-0.280365,0.354106,-0.892216,-0.827152,-0.560712,0.037323,-0.486719,0.748021,0.451216,-0.015915,0.000513,0.000586,-0.000984,0.014715,-0.029553,-0.04962,-0.170188,-0.044333,0.304535,-0.2931,-0.349616,0.889861,0.879885,-0.462639,0.108177,0.374207,0.815107,0.442078,0.0,2e-06,2e-06,0.0,0.0,0.0,-0.295034,0.043697,0.02184,-0.022737,0.319018,0.405754,0.856498,-0.869636,0.484594,0.094342,-0.376774,-0.774939,0.507453,-1e-06,-6e-06,-9e-06,-0.0,9e-06,-1e-05,-0.490323,0.074399,0.011879,-0.063929,0.384667,-0.375102,-0.843402,0.77397,0.628968,0.073267,0.502991,-0.680952,0.532261,-2.4e-05,-0.000194,-0.000247,-3e-06,1e-06,3e-06,-0.275164
6,0.152753,-0.055981,0.311889,-0.280356,0.354111,-0.892217,-0.827181,-0.560669,0.037337,-0.486676,0.748051,0.451213,0.000101,0.000819,0.001043,0.0,0.0,0.0,-0.049433,-0.170188,-0.044338,0.304528,-0.293079,-0.349616,0.889868,0.879891,-0.462631,0.108161,0.374209,0.815111,0.442069,-6e-06,-0.0003,-0.000374,0.0,0.0,0.0,-0.29495,0.043697,0.021838,-0.02274,0.318998,0.405755,0.856505,-0.869643,0.484585,0.094327,-0.376776,-0.774944,0.507444,-7e-06,-0.000199,-0.000252,-1e-05,-1.4e-05,8e-06,-0.490323,0.074393,0.011874,-0.063918,0.384682,-0.375101,-0.843396,0.773992,0.628937,0.073305,0.502946,-0.680981,0.532266,6.7e-05,0.000552,0.000703,-8e-06,-1e-05,-5e-06,-0.274837
7,0.152741,-0.05598,0.31189,-0.28038,0.354107,-0.892211,-0.827175,-0.560676,0.037358,-0.486672,0.748047,0.451223,0.0,0.0,0.0,0.0,0.0,0.0,-0.048389,-0.170188,-0.044338,0.304528,-0.293079,-0.349616,0.889868,0.879891,-0.462631,0.108161,0.374209,0.815111,0.442069,-0.0,-0.0,-0.0,0.0,0.0,0.0,-0.294755,0.043697,0.021837,-0.022741,0.318998,0.405755,0.856505,-0.869643,0.484585,0.094327,-0.376776,-0.774944,0.507444,-1e-06,2e-06,2e-06,3e-06,-3e-06,-9e-06,-0.490323,0.074388,0.011877,-0.063915,0.384704,-0.375095,-0.843389,0.773984,0.628945,0.073325,0.502941,-0.680978,0.532275,0.0,-5e-06,-6e-06,2e-06,-2e-06,1e-05,-0.274674
8,0.152751,-0.055976,0.311862,-0.280365,0.354106,-0.892216,-0.827152,-0.560712,0.037323,-0.486719,0.748021,0.451216,-0.000125,-0.001016,-0.001294,0.0,0.0,0.0,-0.048089,-0.170188,-0.044338,0.304528,-0.293079,-0.349616,0.889868,0.879891,-0.462631,0.108161,0.374209,0.815111,0.442069,-0.0,-0.0,-0.0,0.0,0.0,0.0,-0.29446,0.043697,0.021837,-0.022741,0.318998,0.405755,0.856505,-0.869643,0.484585,0.094327,-0.376776,-0.774944,0.507444,-1e-06,2e-06,2e-06,-5e-06,-1.4e-05,8e-06,-0.490323,0.074393,0.011882,-0.063925,0.384671,-0.375101,-0.843401,0.773969,0.62897,0.07327,0.502991,-0.680952,0.532262,-1.4e-05,0.005204,-0.004564,0.035646,-0.01238,0.018665,-0.274347
9,0.152762,-0.055995,0.311854,-0.280399,0.354102,-0.892207,-0.827157,-0.560702,0.037363,-0.486691,0.74803,0.451231,-4e-06,-3.3e-05,-4.1e-05,0.0,0.0,0.0,-0.048274,-0.170189,-0.04433,0.304521,-0.293094,-0.349616,0.889863,0.879876,-0.462658,0.108161,0.374231,0.815096,0.442078,-0.0,-0.0,-0.0,0.0,0.0,0.0,-0.294158,0.043697,0.021841,-0.022744,0.319013,0.405754,0.8565,-0.869628,0.484612,0.094325,-0.376798,-0.774928,0.507453,0.0,2e-06,3e-06,-1e-05,-9e-06,9e-06,-0.490159,0.074398,0.011869,-0.063933,0.384723,-0.375089,-0.843383,0.773964,0.628969,0.073326,0.502958,-0.680959,0.532284,-1e-06,-4e-06,-3e-06,-7e-06,-4e-06,2e-06,-0.274021
10,0.152751,-0.055991,0.311875,-0.280397,0.354104,-0.892207,-0.827171,-0.560682,0.037372,-0.486669,0.748045,0.451231,8e-06,6.1e-05,7.8e-05,0.0,0.0,0.0,-0.047984,-0.170189,-0.04433,0.304521,-0.293094,-0.349616,0.889863,0.879876,-0.462658,0.108161,0.374231,0.815096,0.442078,-0.000877,0.010825,-0.008562,0.036449,-0.009874,0.018581,-0.29411,0.043697,0.021841,-0.022744,0.319013,0.405754,0.8565,-0.869628,0.484612,0.094325,-0.376797,-0.774928,0.507453,-0.000438,0.005414,-0.004279,0.036442,-0.009883,0.018595,-0.489996,0.074393,0.011871,-0.063922,0.384721,-0.375091,-0.843383,0.773978,0.62895,0.073338,0.502938,-0.680975,0.532283,3e-06,2.8e-05,3.6e-05,-5e-06,-5e-06,-4e-06,-0.273857
11,0.152751,-0.055984,0.311869,-0.280381,0.354105,-0.892211,-0.827162,-0.560697,0.037348,-0.486694,0.748033,0.451223,0.0,1e-06,1e-06,0.0,0.0,0.0,-0.046085,-0.170189,-0.044336,0.304515,-0.293074,-0.349616,0.88987,0.879882,-0.462651,0.108145,0.374233,0.8151,0.442069,-1.6e-05,-0.000796,-0.000991,0.0,0.0,0.0,-0.293831,0.043697,0.021841,-0.022745,0.318992,0.405755,0.856507,-0.869635,0.484603,0.094309,-0.3768,-0.774933,0.507444,-1.1e-05,-0.000537,-0.000669,-2.1e-05,-3e-06,2.5e-05,-0.489833,0.074393,0.011875,-0.063925,0.384706,-0.375093,-0.843389,0.77397,0.628963,0.073312,0.502962,-0.680962,0.532277,0.0,-4e-06,-6e-06,-6e-06,-1.1e-05,-5e-06,-0.273367
12,0.15275,-0.055994,0.311855,-0.280423,0.354098,-0.892201,-0.827152,-0.560709,0.037383,-0.486687,0.748027,0.451241,-2e-06,-1.7e-05,-2.1e-05,0.0,0.0,0.0,-0.044695,-0.170166,-0.044321,0.304514,-0.293157,-0.349614,0.889843,0.879848,-0.462703,0.108199,0.374249,0.815071,0.442109,1e-06,4.3e-05,5.3e-05,0.0,0.0,0.0,-0.294518,0.043708,0.021846,-0.022747,0.319075,0.40575,0.856479,-0.869598,0.484659,0.094359,-0.376814,-0.774901,0.507482,1e-06,2.1e-05,2.7e-05,-3e-06,7e-06,-6e-06,-0.489833,0.074392,0.011869,-0.063933,0.384745,-0.375082,-0.843376,0.773956,0.628977,0.073345,0.502954,-0.680955,0.532293,1e-06,-3e-06,-4e-06,-5e-06,8e-06,1e-06,-0.271245
13,0.152751,-0.055997,0.311868,-0.280418,0.354101,-0.892202,-0.827166,-0.560688,0.03739,-0.486666,0.748042,0.451239,7e-06,5.8e-05,7.4e-05,0.0,0.0,0.0,-0.044487,-0.170154,-0.044329,0.30452,-0.293165,-0.349613,0.889841,0.879855,-0.462685,0.108218,0.374225,0.815082,0.442109,0.0,0.0,0.0,0.0,0.0,0.0,-0.294536,0.043714,0.021842,-0.022744,0.319083,0.405749,0.856476,-0.869605,0.484642,0.094379,-0.37679,-0.774912,0.507483,1e-06,-2e-06,-2e-06,2e-06,1.7e-05,-1.1e-05,-0.489996,0.074393,0.011868,-0.063926,0.384741,-0.375086,-0.843376,0.773971,0.628957,0.073355,0.502933,-0.680972,0.532291,2e-06,3.5e-05,4.5e-05,-6e-06,-1.1e-05,-1.1e-05,-0.271081
14,0.152762,-0.055979,0.311841,-0.280367,0.354104,-0.892216,-0.827139,-0.560732,0.037313,-0.486741,0.748007,0.451217,0.015834,-0.001177,-0.001432,0.000984,-0.014715,0.029553,-0.043504,-0.170167,-0.044313,0.304507,-0.293172,-0.349613,0.889839,0.879834,-0.462731,0.1082,0.374271,0.815056,0.442118,0.0,0.0,0.0,0.0,0.0,0.0,-0.294222,0.043708,0.02185,-0.022751,0.31909,0.405749,0.856474,-0.869583,0.484685,0.094357,-0.376835,-0.774885,0.507491,1e-06,-2e-06,-1e-06,0.0,1.4e-05,-5e-06,-0.489833,0.074398,0.011878,-0.063939,0.384692,-0.375094,-0.843395,0.773948,0.628995,0.073274,0.503007,-0.680932,0.532272,0.007913,-0.000615,-0.00075,0.000988,-0.014711,0.029559,-0.270918
15,0.152761,-0.055974,0.311814,-0.280376,0.354099,-0.892215,-0.827111,-0.560775,0.037299,-0.486784,0.747977,0.45122,-0.000144,-0.00117,-0.001491,-0.000829,0.013223,-0.025594,-0.043478,-0.170167,-0.044313,0.304507,-0.293172,-0.349613,0.889839,0.879834,-0.462731,0.1082,0.374271,0.815056,0.442118,0.0,0.0,0.0,0.0,0.0,0.0,-0.294164,0.043708,0.02185,-0.022751,0.31909,0.405749,0.856474,-0.869583,0.484685,0.094357,-0.376835,-0.774885,0.507491,1e-06,-2e-06,-1e-06,1e-06,1.5e-05,-7e-06,-0.48967,0.074398,0.011882,-0.06395,0.38468,-0.375094,-0.8434,0.773925,0.629028,0.073239,0.503051,-0.680902,0.532269,-4e-06,-4.6e-05,-5.9e-05,5e-06,-5e-06,1.2e-05,-0.270428
16,0.152773,-0.055983,0.31182,-0.280368,0.354103,-0.892216,-0.827126,-0.560752,0.037304,-0.486762,0.747992,0.451217,4.9e-05,0.000397,0.000506,0.0,0.0,0.0,-0.043933,-0.170155,-0.044318,0.3045,-0.293175,-0.349612,0.889838,0.879833,-0.462732,0.108202,0.374271,0.815056,0.442119,-2.2e-05,-0.001102,-0.001372,-0.001796,0.01402,-0.025112,-0.292572,0.043714,0.02185,-0.022751,0.319113,0.405747,0.856466,-0.869576,0.484695,0.094375,-0.376833,-0.774879,0.507501,1e-06,-1e-06,-2e-06,1e-06,1.5e-05,-5e-06,-0.489506,0.074403,0.011874,-0.063952,0.384693,-0.375092,-0.843395,0.773934,0.629013,0.073262,0.503027,-0.680916,0.532274,4.1e-05,0.000326,0.000418,1e-06,7e-06,4e-06,-0.270265
17,0.152773,-0.055969,0.31182,-0.280331,0.354107,-0.892226,-0.827122,-0.560761,0.037262,-0.486791,0.747984,0.451201,0.0,4e-06,5e-06,0.0,0.0,0.0,-0.044099,-0.170167,-0.044318,0.304501,-0.297571,-0.343401,0.890797,0.874109,-0.473099,0.109747,0.384097,0.811728,0.439807,-0.0,-0.0,-0.0,-0.009306,0.037231,0.02146,-0.282566,0.043708,0.021847,-0.022754,0.323417,0.399252,0.857903,-0.863654,0.49501,0.095216,-0.386656,-0.771726,0.50491,0.0,4e-06,4e-06,-7.7e-05,0.016419,0.011884,-0.484608,0.074404,0.011882,-0.06395,0.384658,-0.3751,-0.843408,0.773933,0.62902,0.07322,0.503056,-0.680906,0.53226,-1e-06,-2e-06,-2e-06,1e-06,-1e-05,3e-06,-0.270265
18,0.152772,-0.055964,0.311793,-0.280341,0.354102,-0.892225,-0.827093,-0.560804,0.037247,-0.486833,0.747954,0.451204,-0.000105,-0.000851,-0.001084,0.0,0.0,0.0,-0.043657,-0.170179,-0.044311,0.304495,-0.299733,-0.34163,0.890753,0.871242,-0.478337,0.10984,0.388907,0.8094,0.439872,-0.015571,-0.00065,0.00075,0.130734,0.032139,0.036704,-0.269397,0.043707,0.021851,-0.022757,0.325511,0.397689,0.857837,-0.860754,0.50012,0.094764,-0.391336,-0.769235,0.505107,0.0,3e-06,3e-06,0.451912,0.047425,0.21496,-0.477586,0.074403,0.011887,-0.063961,0.384667,-0.375094,-0.843406,0.773902,0.629059,0.073201,0.503096,-0.680873,0.532264,-7.3e-05,-0.000591,-0.000752,-0.000827,0.013215,-0.025581,-0.270265
19,0.152793,-0.055924,0.31171,-0.280247,0.354104,-0.892254,-0.827012,-0.560935,0.03708,-0.487025,0.747855,0.451161,-0.000106,-0.000861,-0.001097,0.0,0.0,0.0,-0.043555,-0.170504,-0.044216,0.304414,-0.334658,-0.310453,0.889727,0.835642,-0.534068,0.128091,0.435804,0.786738,0.437015,-0.032011,0.009545,-0.007048,-0.011245,0.662983,0.471577,-0.171082,0.043539,0.021898,-0.022798,0.359895,0.367865,0.857409,-0.823971,0.556412,0.107135,-0.437661,-0.745038,0.503359,-0.016008,0.004787,-0.003517,0.001173,0.640958,0.456413,-0.422231,0.074414,0.011907,-0.064003,0.384576,-0.375106,-0.843442,0.773826,0.629175,0.07302,0.503282,-0.68076,0.532232,-6.9e-05,-0.000578,-0.000739,-0.000831,0.013228,-0.025585,-0.269775
20,0.152923,-0.055849,0.311622,-0.27983,0.354157,-0.892364,-0.826971,-0.561026,0.036607,-0.487335,0.747761,0.450982,-1e-06,-1.2e-05,-1.5e-05,0.0,0.0,0.0,-0.045378,-0.172219,-0.043927,0.304331,-0.412788,-0.213219,0.885514,0.71961,-0.672249,0.173712,0.55874,0.70919,0.429793,-0.063021,0.011548,-0.0016,6.625688,1.53038,4.542539,-0.080946,0.042705,0.022033,-0.022845,0.433718,0.271013,0.859325,-0.710461,0.689434,0.14115,-0.554195,-0.671737,0.491565,-0.031571,0.005426,-0.001039,6.036352,0.702168,6.160192,-0.318868,0.074479,0.011942,-0.06405,0.384176,-0.375199,-0.843584,0.77382,0.629237,0.07254,0.503598,-0.68065,0.532074,-5e-06,0.005288,-0.004455,0.035651,-0.012386,0.018664,-0.270102
21,0.153461,-0.055462,0.311276,-0.278037,0.354378,-0.892836,-0.826756,-0.561474,0.034543,-0.488725,0.74732,0.450208,0.015886,0.020808,-0.018208,0.072267,-0.039469,0.06686,-0.038806,-0.175865,-0.042979,0.304204,-0.480237,-0.030588,0.8766,0.506401,-0.8256,0.24875,0.716688,0.563406,0.410846,-0.110847,0.038188,-0.008576,1.692762,1.303213,2.392254,0.012326,0.040899,0.022493,-0.022912,0.500288,0.085554,0.861621,-0.489373,0.848864,0.199859,-0.714301,-0.521641,0.466544,-0.055427,0.019356,-0.003764,6.03014,2.381774,5.172812,-0.233467,0.074736,0.012124,-0.064212,0.382547,-0.375572,-0.844157,0.77376,0.629535,0.07056,0.504927,-0.680169,0.53143,0.015899,0.010139,-0.00942,0.073279,-0.054193,0.096429,-0.269612
22,0.153869,-0.055113,0.311,-0.284605,0.353766,-0.891008,-0.826188,-0.561895,0.040745,-0.485893,0.747295,0.453306,0.015967,0.021632,-0.01717,0.063769,-0.028732,0.049158,-0.034738,-0.178169,-0.042125,0.304002,-0.499576,0.053205,0.86463,0.423758,-0.855446,0.297616,0.756079,0.515007,0.403701,-0.126773,0.050777,-0.013962,4.114755,1.203965,6.242072,0.049891,0.039753,0.022916,-0.02301,0.516799,0.004898,0.856092,-0.409314,0.879698,0.242058,-0.751918,-0.475506,0.456631,-0.063404,0.025244,-0.007133,0.262697,0.65975,1.99627,-0.176642,0.074945,0.012301,-0.064355,0.388926,-0.374311,-0.841799,0.772607,0.630231,0.076722,0.50181,-0.68022,0.534309,0.015945,0.010619,-0.008823,0.048187,-0.022157,0.043049,-0.266183
23,0.15488,-0.054075,0.310274,-0.315604,0.343481,-0.884568,-0.819005,-0.569343,0.071074,-0.478825,0.746468,0.462103,0.01616,0.023725,-0.014537,0.013101,-0.043203,-0.237347,-0.03055,-0.183443,-0.040241,0.303505,-0.47908,0.187288,0.857553,0.284688,-0.890924,0.353753,0.830843,0.413377,0.372401,-0.140854,0.038639,-0.006715,1.373326,1.334956,2.186006,0.059643,0.037122,0.023872,-0.02325,0.49493,-0.1339,0.858554,-0.264014,0.918171,0.295394,-0.827853,-0.372869,0.419079,-0.070351,0.019237,-0.003305,4.981782,3.503665,3.411901,-0.119,0.07545,0.012818,-0.06472,0.418212,-0.360977,-0.833542,0.762313,0.638473,0.105976,0.493939,-0.679741,0.542195,0.016041,0.017161,-0.011716,-0.01142,-0.010891,-0.306187,-0.261937
24,0.155734,-0.052795,0.309369,-0.337101,0.32961,-0.881911,-0.812434,-0.575151,0.095523,-0.475335,0.748283,0.46277,0.015993,0.033726,-0.024213,-0.224096,0.439412,-0.975647,-0.007432,-0.18908,-0.039303,0.303282,-0.432616,0.310518,0.846412,0.156286,-0.89869,0.409713,0.888402,0.309144,0.339168,-0.140414,0.01913,-0.009887,4.734169,3.326677,3.663892,0.065916,0.034252,0.024368,-0.02335,0.447134,-0.256948,0.856766,-0.133632,0.927912,0.348025,-0.884428,-0.270105,0.380565,-0.070137,0.009019,-0.005506,4.791728,3.222363,3.622065,-0.10708,0.075878,0.013457,-0.065165,0.43718,-0.344945,-0.830593,0.753357,0.644894,0.128702,0.491249,-0.682,0.541802,0.008037,0.017047,-0.011887,-0.900702,1.514362,-2.635969,-0.251976
25,0.156105,-0.052184,0.30892,-0.343216,0.31754,-0.883978,-0.808652,-0.578626,0.106057,-0.477396,0.750834,0.456475,0.015936,0.033475,-0.024545,0.004478,-0.318367,-0.471003,0.003736,-0.191883,-0.039255,0.303153,-0.391623,0.37728,0.839215,0.072009,-0.896621,0.436828,0.91773,0.231034,0.322889,-0.139687,-0.008337,-0.000403,1.346964,1.815772,2.010532,0.098931,0.032951,0.024403,-0.023409,0.408169,-0.319203,0.855281,-0.054036,0.926787,0.371678,-0.911305,-0.197923,0.361037,-0.070041,0.001246,-0.004416,4.365345,3.296133,3.173481,-0.092874,0.076063,0.013763,-0.065389,0.443293,-0.333529,-0.832014,0.748458,0.648491,0.138814,0.493256,-0.684263,0.537104,0.007949,0.010893,-0.008533,-0.0819,-0.353191,-0.762312,-0.242832
26,0.156707,-0.051251,0.308109,-0.355767,0.298783,-0.885553,-0.801692,-0.584542,0.124794,-0.479922,0.753965,0.448597,0.015566,0.01943,-0.02005,0.012553,-0.046977,-0.41945,0.015472,-0.196449,-0.04002,0.303364,-0.293362,0.476375,0.828853,-0.067369,-0.875063,0.479228,0.953933,0.084158,0.287736,-0.10794,-0.029173,0.014885,4.174684,3.575073,2.730073,0.188311,0.030609,0.024011,-0.023328,0.307359,-0.419633,0.854071,0.08802,0.906206,0.413572,-0.947513,-0.051939,0.315466,-0.05403,-0.014778,0.007318,-0.144256,1.242231,1.336746,0.015552,0.076365,0.014239,-0.065791,0.454256,-0.312691,-0.83419,0.739262,0.654836,0.157102,0.497134,-0.68805,0.528624,0.007846,0.010152,-0.009479,0.035058,-0.030588,-0.385761,-0.221768
27,0.157034,-0.050722,0.307589,-0.364763,0.283375,-0.886957,-0.796605,-0.588125,0.139645,-0.481624,0.757138,0.441371,-1.6e-05,-0.000144,-0.000182,-0.03792,-0.039904,-0.246231,0.020998,-0.200682,-0.040736,0.304149,-0.244135,0.535749,0.808308,-0.116003,-0.843593,0.524241,0.963025,0.033555,0.267058,-0.107951,0.004778,0.012258,0.048107,0.833873,0.995485,0.201068,0.028525,0.023625,-0.022963,0.254895,-0.480504,0.839132,0.141089,0.876991,0.459325,-0.95662,0.001313,0.291335,-0.053588,-0.002767,0.010664,4.325143,2.605603,2.816192,0.068457,0.076534,0.014505,-0.066065,0.462274,-0.296815,-0.835585,0.732482,0.658914,0.171175,0.499772,-0.691181,0.52201,-2.4e-05,0.005268,-0.004489,0.008268,0.067564,-0.393978,-0.210827
28,0.157,-0.050544,0.30748,-0.363094,0.277569,-0.889474,-0.795059,-0.590042,0.140365,-0.485423,0.757803,0.436034,-0.015725,0.001205,0.001563,0.257777,-0.408251,0.634477,0.022467,-0.204149,-0.040028,0.304992,-0.225534,0.599596,0.767861,-0.184756,-0.800097,0.570652,0.956783,-0.01391,0.290236,-0.074637,0.022398,0.031603,1.454607,-0.832905,3.555513,0.272706,0.026742,0.023957,-0.022557,0.232016,-0.545528,0.805337,0.209455,0.836526,0.506312,-0.949893,0.05121,0.30835,-0.037368,0.017366,0.012283,4.400296,2.545057,2.613353,0.123976,0.076523,0.014594,-0.066121,0.461299,-0.291375,-0.838034,0.730422,0.660912,0.172272,0.503671,-0.691589,0.517705,4.6e-05,0.000369,0.000467,0.869006,-1.27736,2.052446,-0.205112
29,0.156893,-0.050604,0.307539,-0.362333,0.277525,-0.889798,-0.794965,-0.59037,0.139521,-0.486147,0.757564,0.435643,1e-06,8e-06,1.1e-05,-1.4e-05,-6e-05,-3e-05,0.022806,-0.205468,-0.039279,0.305605,-0.230631,0.629499,0.741978,-0.204429,-0.776769,0.595628,0.951558,-0.015094,0.306875,-0.058358,0.041642,0.032139,0.232443,-1.996006,3.423061,0.337008,0.026076,0.024322,-0.022252,0.235271,-0.577291,0.781909,0.230601,0.814675,0.532097,-0.944176,0.055122,0.324793,-0.036819,0.021829,0.017785,0.088657,-0.495311,0.817644,0.184557,0.076464,0.014565,-0.06609,0.459848,-0.2918,-0.838684,0.73058,0.661189,0.17053,0.504768,-0.691144,0.51723,-0.007873,-0.00504,0.004793,-0.039131,0.035138,-0.050593,-0.203969
30,0.156538,-0.050892,0.307794,-0.361001,0.277608,-0.890313,-0.795432,-0.589979,0.138508,-0.486374,0.757838,0.434912,-0.0,-3e-06,-4e-06,0.005545,-0.094146,0.175111,0.024696,-0.207553,-0.037471,0.30745,-0.236545,0.673989,0.69984,-0.234153,-0.738498,0.632239,0.943227,-0.015156,0.331596,-0.055567,0.045127,0.057006,3.940278,2.874536,2.897511,0.437947,0.025033,0.025229,-0.021333,0.244471,-0.625284,0.741116,0.256581,0.77878,0.572422,-0.935093,0.050216,0.350825,-0.027759,0.023128,0.029254,0.068358,-0.62364,1.058089,0.335764,0.076286,0.014421,-0.065963,0.458739,-0.292043,-0.839207,0.731143,0.660776,0.169718,0.504963,-0.691437,0.516649,-0.007879,-0.005022,0.004813,-0.038287,0.028161,-0.048292,-0.202499
31,0.156231,-0.051144,0.308029,-0.360173,0.277783,-0.890594,-0.796131,-0.589117,0.13816,-0.485845,0.758444,0.434447,0.000122,-0.009946,0.009719,-0.030086,-0.081514,0.156599,0.033718,-0.20938,-0.036131,0.310055,-0.220811,0.709509,0.669201,-0.274403,-0.703514,0.655518,0.936144,-0.03977,0.349164,-0.039366,0.020624,0.0689,0.118584,-0.688454,0.743517,0.482486,0.024132,0.025929,-0.020035,0.222496,-0.663854,0.713996,0.300696,0.743378,0.597469,-0.927402,0.081761,0.365017,-0.027284,0.011187,0.035924,0.262854,-0.861406,0.639597,0.42737,0.076133,0.014297,-0.065852,0.457934,-0.292326,-0.839548,0.731959,0.659937,0.169463,0.50451,-0.692118,0.516179,-0.007824,-0.004497,0.005477,-0.036654,0.013764,-0.022255,-0.194335
32,0.156111,-0.051203,0.308054,-0.35889,0.278006,-0.891042,-0.796626,-0.588689,0.13713,-0.485985,0.758694,0.433853,-8.9e-05,-0.00079,-0.001003,0.005552,-0.093967,0.175208,0.041064,-0.211177,-0.036026,0.312894,-0.200136,0.723979,0.660144,-0.299291,-0.686644,0.662479,0.933135,-0.065891,0.353244,-0.05515,0.001774,0.068083,0.221575,-0.582841,0.012062,0.500221,0.023242,0.026008,-0.018599,0.200233,-0.679447,0.705874,0.324796,0.725757,0.606452,-0.924345,0.107833,0.366002,-0.027456,-0.004575,0.038346,-0.085321,-0.217372,0.455389,0.470479,0.076073,0.014267,-0.065831,0.456724,-0.29269,-0.84008,0.732603,0.659461,0.168531,0.504673,-0.692418,0.515617,-5.9e-05,-0.000521,-0.00066,-0.000558,0.000126,0.000349,-0.183721
33,0.156122,-0.05119,0.30802,-0.358305,0.278103,-0.891248,-0.796777,-0.588609,0.136597,-0.48617,0.758721,0.433599,-0.000116,-0.001029,-0.001308,-0.0,-0.0,-0.0,0.043401,-0.211986,-0.036108,0.314169,-0.186282,0.731318,0.656097,-0.315795,-0.676816,0.664926,0.930542,-0.08424,0.356171,-0.040162,-0.000794,0.064149,0.241438,-0.387304,0.16423,0.511159,0.022801,0.025963,-0.01791,0.187628,-0.686734,0.702275,0.341833,0.715932,0.608761,-0.920839,0.125841,0.369077,-0.020182,-0.000717,0.03176,0.35252,-0.491411,0.10247,0.484359,0.076078,0.014273,-0.065848,0.456032,-0.292889,-0.840386,0.732872,0.659322,0.167905,0.504908,-0.692466,0.515322,-6.4e-05,-0.00057,-0.000724,-0.000453,0.000101,0.000283,-0.178822
34,0.156261,-0.051186,0.307958,-0.35749,0.278245,-0.89153,-0.796989,-0.588493,0.135853,-0.486422,0.758759,0.43325,-3e-05,-0.000266,-0.000338,-0.0,-0.0,-0.0,0.042615,-0.213147,-0.035873,0.316334,-0.176613,0.743116,0.645428,-0.340435,-0.661281,0.66839,0.923701,-0.102606,0.368932,-0.025858,0.018301,0.042894,0.250116,-1.7594,2.393276,0.53136,0.02222,0.026077,-0.016831,0.178319,-0.698287,0.693251,0.366661,0.700956,0.611735,-0.913105,0.145104,0.381029,-0.013032,0.008946,0.0213,0.274109,-1.781493,2.368231,0.511791,0.076148,0.014273,-0.065882,0.455254,-0.293121,-0.840727,0.733169,0.659174,0.167189,0.505179,-0.692509,0.514999,-1.5e-05,-0.000143,-0.000184,-0.000303,6.5e-05,0.000205,-0.175883
35,0.156345,-0.051152,0.307934,-0.357246,0.278285,-0.891615,-0.797016,-0.588514,0.1356,-0.486556,0.758727,0.433154,0.000127,0.001135,0.001442,0.000804,-0.013623,0.025384,0.041591,-0.213571,-0.035058,0.317589,-0.17313,0.753998,0.633644,-0.35804,-0.647421,0.672746,0.91768,-0.111337,0.381223,-0.011902,0.022385,0.025729,0.331753,0.288859,0.224891,0.529406,0.022013,0.02648,-0.016208,0.175709,-0.710194,0.681726,0.383996,0.68709,0.61681,-0.906462,0.153401,0.393439,0.001506,0.01037,0.0116,1.027805,1.113424,0.715137,0.518813,0.076189,0.014288,-0.065897,0.455038,-0.293186,-0.840821,0.733216,0.659181,0.166954,0.505305,-0.692474,0.514921,6e-06,4.3e-05,5.2e-05,-0.00021,3.7e-05,0.000133,-0.175393
36,0.156322,-0.051137,0.307936,-0.357256,0.27828,-0.891613,-0.797,-0.588537,0.135598,-0.486576,0.758711,0.43316,4.7e-05,0.000424,0.000538,-0.0,-0.0,-0.0,0.042294,-0.213685,-0.034718,0.318054,-0.162692,0.75869,0.630802,-0.371203,-0.639311,0.673368,0.91434,-0.12555,0.384816,-0.012501,0.01819,0.020949,0.016028,-0.048439,0.086287,0.532475,0.021955,0.026647,-0.015979,0.164579,-0.714786,0.6797,0.397146,0.678792,0.617669,-0.902877,0.168285,0.39559,-0.006101,0.003726,0.014851,0.053546,-0.356429,0.857043,0.519793,0.076178,0.014297,-0.065893,0.455027,-0.293188,-0.840827,0.733209,0.659194,0.166934,0.505325,-0.692461,0.514919,3.7e-05,0.000332,0.000421,-0.000178,3.3e-05,0.000101,-0.17572
37,0.156158,-0.051154,0.307998,-0.35704,0.278315,-0.891689,-0.797134,-0.588386,0.135472,-0.486516,0.758816,0.433044,3.2e-05,0.000285,0.000362,-0.0,-0.0,-0.0,0.042193,-0.213918,-0.034051,0.318918,-0.123452,0.77392,0.621128,-0.406108,-0.610398,0.680019,0.905549,-0.169259,0.388839,-0.012228,0.019803,0.022575,0.016211,-0.144684,0.265106,0.534626,0.021836,0.026969,-0.01556,0.124523,-0.729565,0.672479,0.431471,0.650133,0.625426,-0.89349,0.212276,0.395743,-0.006197,0.009675,0.011121,0.151194,-1.321132,2.446876,0.520609,0.076096,0.01429,-0.065861,0.45482,-0.293247,-0.840918,0.733369,0.659043,0.166828,0.505279,-0.69258,0.514804,-0.007862,-0.004844,0.005031,-0.03675,0.027205,-0.048091,-0.175393
38,0.155886,-0.051185,0.30806,-0.356949,0.278324,-0.891722,-0.797239,-0.588244,0.135466,-0.486411,0.758923,0.432976,-0.015815,0.000523,0.000672,-0.000984,0.014715,-0.029553,0.044446,-0.21407,-0.033564,0.320006,-0.09719,0.787101,0.609112,-0.428254,-0.58542,0.688342,0.898484,-0.194935,0.39318,0.003,0.007267,0.02845,-0.032407,-0.026567,0.052456,0.5344,0.021755,0.027223,-0.01502,0.097834,-0.743784,0.66122,0.453625,0.624702,0.635587,-0.885805,0.237764,0.398516,-0.005815,-0.001102,0.019627,-0.064408,-0.137814,0.236239,0.521262,0.075966,0.014274,-0.065829,0.45471,-0.293274,-0.840968,0.733498,0.658901,0.16682,0.505191,-0.692703,0.514725,-1.4e-05,-0.000111,-0.000139,0.005479,-0.093965,0.175269,-0.174413
39,0.155778,-0.051216,0.308072,-0.356687,0.278367,-0.891813,-0.797361,-0.588122,0.135277,-0.486402,0.759002,0.432847,-5.8e-05,-0.000514,-0.000653,-0.0,-0.0,-0.0,0.04472,-0.214059,-0.03362,0.320636,-0.088001,0.789906,0.606873,-0.434359,-0.578586,0.690293,0.896486,-0.203837,0.393226,0.002871,-0.006659,0.033596,3.283073,3.82665,2.164227,0.535491,0.021763,0.027204,-0.014678,0.089972,-0.746377,0.659413,0.458578,0.618783,0.637819,-0.884087,0.245006,0.397945,0.001462,-0.00335,0.016457,3.273284,3.834772,2.166387,0.521589,0.075906,0.01426,-0.065823,0.454483,-0.293337,-0.841069,0.733637,0.658784,0.166669,0.505193,-0.692788,0.514609,-4e-05,-0.000342,-0.000431,-6.2e-05,2.9e-05,3.7e-05,-0.173434
40,0.155623,-0.051223,0.30808,-0.356188,0.278444,-0.891989,-0.797534,-0.587982,0.134866,-0.486486,0.759081,0.432614,-0.0,-3e-06,-4e-06,0.0,0.0,0.0,0.044772,-0.214111,-0.034135,0.322165,-0.08819,0.790908,0.605539,-0.437292,-0.576829,0.689912,0.89504,-0.204938,0.395936,0.002748,-0.007458,0.032635,0.249656,-0.439949,-0.24781,0.535802,0.021741,0.026953,-0.013946,0.08645,-0.747849,0.658215,0.461494,0.615589,0.638806,-0.88292,0.248537,0.398346,0.001392,-0.00344,0.016642,-0.09659,0.101029,-0.157382,0.521752,0.075829,0.014255,-0.06582,0.454008,-0.293466,-0.84128,0.733857,0.658637,0.166282,0.505301,-0.692873,0.514389,0.0,7e-06,1.3e-05,-3.2e-05,1.8e-05,3.7e-05,-0.172781
41,0.155612,-0.051246,0.3081,-0.353212,0.278779,-0.893067,-0.798077,-0.587879,0.132072,-0.487765,0.759038,0.431247,-4.6e-05,-0.000402,-0.000511,0.0,-0.0,0.0,0.045039,-0.214102,-0.034404,0.323356,-0.093706,0.793677,0.601072,-0.444049,-0.573563,0.688317,0.891152,-0.203394,0.405391,0.002464,-0.009356,0.030506,0.19374,-0.363891,-0.200529,0.534654,0.02174,0.026812,-0.013341,0.092727,-0.750916,0.653854,0.468764,0.612278,0.63669,-0.878442,0.247465,0.408777,0.001186,-0.004854,0.015068,0.439213,-0.618935,-0.358582,0.522242,0.075823,0.014245,-0.065809,0.451161,-0.294106,-0.842587,0.734654,0.658435,0.163541,0.506691,-0.692794,0.513127,-3.1e-05,-0.000271,-0.000341,-0.000621,0.000845,-0.001248,-0.172454
42,0.155658,-0.051275,0.308097,-0.353192,0.278788,-0.893072,-0.79811,-0.587833,0.132074,-0.487725,0.75907,0.431236,-4e-06,-3.2e-05,-4.1e-05,0.0,0.0,0.0,0.046915,-0.214076,-0.034523,0.324188,-0.08743,0.796464,0.598325,-0.462714,-0.56426,0.683696,0.882241,-0.21807,0.417085,0.001829,-0.000589,0.01963,0.058048,-0.128301,-0.067927,0.535696,0.021754,0.026748,-0.012915,0.088303,-0.753563,0.651418,0.488058,0.602824,0.631191,-0.868332,0.262194,0.421013,-0.006586,0.000115,0.010601,0.017281,-0.106352,-0.065394,0.521752,0.075846,0.014229,-0.065812,0.451154,-0.294116,-0.842588,0.734688,0.658391,0.163561,0.506647,-0.692831,0.51312,0.0,-4e-06,-5e-06,-2.4e-05,3.1e-05,-2.3e-05,-0.169351
43,0.15568,-0.051287,0.308082,-0.353186,0.278791,-0.893073,-0.798112,-0.587832,0.132069,-0.487726,0.75907,0.431235,-0.000127,-0.001112,-0.001413,-0.000804,0.01361,-0.02539,0.046612,-0.214176,-0.034544,0.324582,-0.095049,0.797598,0.595647,-0.46612,-0.564258,0.68138,0.879667,-0.213871,0.424628,-0.013243,-0.000545,0.020328,0.200653,-0.313271,-0.214195,0.53504,0.021709,0.026737,-0.012718,0.094663,-0.75516,0.648669,0.490739,0.602323,0.629589,-0.866148,0.258729,0.427604,0.000867,-0.000519,0.009569,0.3193,-0.446624,-0.257176,0.521262,0.075857,0.014225,-0.065816,0.45113,-0.294124,-0.842598,0.734699,0.658385,0.163539,0.506653,-0.692834,0.51311,0.0,-2e-06,-2e-06,-1.2e-05,3e-06,3e-06,-0.169188
44,0.155703,-0.051293,0.308074,-0.353021,0.27882,-0.893129,-0.798165,-0.587792,0.131926,-0.487759,0.75909,0.431162,-1e-06,-8e-06,-1.1e-05,0.0,0.0,0.0,0.046648,-0.214282,-0.034507,0.325374,-0.10546,0.802226,0.587624,-0.470707,-0.56069,0.681173,0.876044,-0.205762,0.435973,0.00191,-3.2e-05,0.020157,0.104154,-0.203316,-0.078122,0.533604,0.021649,0.026753,-0.012332,0.105343,-0.760463,0.640779,0.49541,0.598843,0.62925,-0.862247,0.251161,0.439825,-0.006588,8e-06,0.010443,0.180422,-0.267415,-0.191816,0.521099,0.075869,0.01422,-0.065824,0.450992,-0.294165,-0.842657,0.73476,0.658347,0.163421,0.506688,-0.692852,0.51305,2e-06,8e-06,1.1e-05,-5e-06,-3e-06,6e-06,-0.168861
45,0.155667,-0.051305,0.308076,-0.352987,0.278826,-0.893141,-0.798189,-0.587764,0.131909,-0.487745,0.75911,0.431143,-1e-06,-1e-05,-1.2e-05,0.0,0.0,0.0,0.047853,-0.214343,-0.034685,0.326142,-0.111035,0.807049,0.579943,-0.478118,-0.554852,0.680791,0.871336,-0.202695,0.446712,0.001515,-0.002718,0.017258,0.130441,-0.227827,-0.126391,0.536093,0.02162,0.026668,-0.011937,0.110655,-0.76591,0.633352,0.502672,0.592877,0.62914,-0.857365,0.248751,0.450607,-0.00658,-0.006458,0.013611,0.151233,-0.260632,-0.215733,0.521099,0.075851,0.014214,-0.065823,0.450959,-0.294174,-0.842672,0.734787,0.658319,0.163407,0.506677,-0.692875,0.513031,0.0,4e-06,7e-06,-9e-06,5e-06,-2e-05,-0.168535
46,0.155644,-0.051323,0.308104,-0.352781,0.278864,-0.893211,-0.798294,-0.587654,0.131765,-0.487723,0.759181,0.431043,3e-06,3e-05,3.8e-05,0.0,0.0,0.0,0.047735,-0.214446,-0.03485,0.326577,-0.111312,0.80874,0.577529,-0.483079,-0.551785,0.67978,0.86856,-0.204333,0.451348,0.001789,-0.013876,0.025511,0.029313,-0.126168,-0.090556,0.534717,0.021568,0.026589,-0.011723,0.111396,-0.767729,0.631017,0.507849,0.589774,0.627897,-0.854212,0.250516,0.455589,-0.006788,-0.00136,0.008959,0.052677,-0.124154,-0.110879,0.521099,0.075839,0.014205,-0.065808,0.450764,-0.294233,-0.842755,0.734912,0.658211,0.163279,0.506669,-0.692952,0.512934,2e-06,1.9e-05,2.6e-05,7e-06,-2e-06,1e-05,-0.168208
47,0.155597,-0.051401,0.308172,-0.352752,0.278882,-0.893216,-0.798433,-0.587445,0.131847,-0.487515,0.759335,0.431006,3.2e-05,-0.010682,0.008784,-0.035634,0.012506,-0.018582,0.048733,-0.214479,-0.035194,0.327241,-0.126259,0.808927,0.574183,-0.489,-0.554248,0.673514,0.863206,-0.196746,0.46479,0.000983,-0.006328,0.013397,0.272703,-0.424075,-0.241271,0.534087,0.021552,0.026416,-0.011385,0.124896,-0.768509,0.627529,0.513041,0.591385,0.622135,-0.849228,0.244246,0.468138,0.000414,-0.003607,0.006229,0.443594,-0.577464,-0.361663,0.521099,0.075816,0.01417,-0.065777,0.450722,-0.294257,-0.84277,0.735054,0.658034,0.163359,0.506502,-0.693111,0.512885,-3e-06,0.0,1e-06,-1e-06,1e-06,-9e-06,-0.167229
48,0.155585,-0.051454,0.308205,-0.353059,0.281603,-0.892241,-0.798637,-0.587457,0.130552,-0.486958,0.758318,0.433419,-1.1e-05,-9.5e-05,-0.000121,0.000116,0.000472,0.000249,0.04902,-0.214491,-0.035138,0.327574,-0.138653,0.807588,0.573209,-0.494543,-0.55782,0.666482,0.858147,-0.192073,0.475977,0.000948,0.006446,0.00683,0.356196,-0.501631,-0.262097,0.532912,0.021545,0.026433,-0.011222,0.136625,-0.767502,0.626316,0.517955,0.594284,0.615262,-0.844425,0.240344,0.478726,-0.007183,0.008893,-0.000288,0.013986,-0.010398,-0.022946,0.521916,0.075809,0.01414,-0.065757,0.45118,-0.296967,-0.841573,0.735385,0.657983,0.162068,0.505612,-0.692003,0.515253,-7e-06,-5.7e-05,-7.1e-05,-0.003339,-0.007523,-0.003212,-0.166902
49,0.155585,-0.05147,0.308219,-0.353091,0.281601,-0.892229,-0.798653,-0.587425,0.1306,-0.486909,0.758344,0.433429,-0.0,-2e-06,-2e-06,2e-06,8e-06,4e-06,0.048954,-0.214556,-0.034844,0.327694,-0.141162,0.807421,0.572831,-0.496043,-0.558328,0.66494,0.856875,-0.191291,0.478578,0.001207,0.021197,0.002346,0.089679,-0.108559,0.027352,0.530155,0.021512,0.026569,-0.011167,0.141448,-0.767159,0.625667,0.520433,0.595261,0.61222,-0.842105,0.239021,0.483453,-0.006747,0.005303,0.005945,-0.001792,0.052551,-0.206424,0.522242,0.075809,0.014132,-0.065751,0.451198,-0.296898,-0.841588,0.7354,0.657944,0.162156,0.505574,-0.692069,0.515202,0.0,5e-06,4e-06,-0.000412,-0.001219,-0.000602,-0.166575
50,0.155538,-0.051457,0.308235,-0.353004,0.281613,-0.89226,-0.798681,-0.587404,0.130527,-0.486928,0.758356,0.433388,0.000125,0.001093,0.001388,0.000805,-0.013596,0.025398,0.048562,-0.21452,-0.034169,0.327865,-0.141238,0.807495,0.572709,-0.496872,-0.558078,0.664531,0.856382,-0.191712,0.479291,0.001315,0.008954,0.009431,-0.010296,0.080594,-0.149392,0.528319,0.021531,0.026922,-0.011072,0.141126,-0.767302,0.625564,0.520875,0.594905,0.612189,-0.841886,0.239445,0.483625,0.000656,0.00448,0.004718,-0.010504,0.083929,-0.14716,0.522405,0.075786,0.014136,-0.065746,0.451134,-0.296901,-0.841621,0.735424,0.657929,0.16211,0.505597,-0.692082,0.515162,-0.0,0.0,2e-06,8.7e-05,-3.2e-05,-6.7e-05,-0.166575
51,0.155397,-0.051446,0.30825,-0.35326,0.281561,-0.892175,-0.798598,-0.587467,0.13075,-0.486878,0.758326,0.433496,2e-06,1.4e-05,1.7e-05,0.0,0.0,0.0,0.048547,-0.214264,-0.033937,0.328189,-0.136452,0.808608,0.572297,-0.494223,-0.55613,0.668129,0.858681,-0.192682,0.474766,0.016182,-0.004985,0.014077,-0.135426,0.121704,0.12658,0.532575,0.021654,0.027043,-0.010911,0.136497,-0.768358,0.625295,0.51826,0.59332,0.615935,-0.844259,0.239992,0.479196,0.000434,0.003002,0.003147,-0.141293,0.177439,0.123345,0.522405,0.075721,0.014144,-0.065735,0.451337,-0.296833,-0.841536,0.735333,0.657987,0.162287,0.505548,-0.692055,0.515246,-1e-06,-3e-06,-1e-06,6.6e-05,-1.1e-05,-3.4e-05,-0.166575
52,0.155218,-0.051449,0.308246,-0.353508,0.281508,-0.892093,-0.798517,-0.587528,0.130967,-0.48683,0.758299,0.433597,-4.4e-05,-0.000378,-0.000481,0.0,0.0,0.0,0.0505,-0.213906,-0.033856,0.328589,-0.136547,0.810197,0.570023,-0.493875,-0.554372,0.669846,0.858866,-0.191065,0.475085,0.015997,0.006916,0.006558,-0.008297,0.065324,-0.120178,0.532411,0.021832,0.027075,-0.010713,0.136128,-0.770225,0.623074,0.518057,0.591429,0.617922,-0.844444,0.238671,0.47953,0.000712,-0.001581,0.008317,-0.031227,-2.4e-05,0.00433,0.522732,0.075626,0.014143,-0.065736,0.451594,-0.296748,-0.841428,0.735218,0.65806,0.162511,0.505486,-0.692023,0.515351,-2.7e-05,-0.000247,-0.000312,0.005602,-0.093817,0.175257,-0.166412
53,0.155145,-0.051456,0.308236,-0.353686,0.281473,-0.892034,-0.798459,-0.587572,0.131122,-0.486795,0.758278,0.433674,-3.4e-05,-0.000293,-0.000372,0.0,0.0,0.0,0.05388,-0.213758,-0.03371,0.32878,-0.136521,0.810517,0.569574,-0.493904,-0.553982,0.670147,0.858854,-0.190836,0.4752,0.001409,0.009778,0.01022,0.003498,-0.027277,0.050649,0.532522,0.021912,0.027147,-0.010618,0.136096,-0.770492,0.622752,0.518092,0.591146,0.618164,-0.844428,0.238513,0.479638,0.000706,0.004944,0.005161,0.004274,-0.026793,0.050454,0.522732,0.07559,0.014138,-0.065742,0.451764,-0.296695,-0.841356,0.735143,0.658108,0.162658,0.505444,-0.692,0.515423,-1.6e-05,-0.000146,-0.000185,3e-05,-1.2e-05,-2.7e-05,-0.163799
54,0.155071,-0.05148,0.308206,-0.353647,0.281475,-0.892048,-0.798471,-0.587563,0.131091,-0.486804,0.758284,0.433653,-5.8e-05,-0.000503,-0.00064,0.0,0.0,0.0,0.058023,-0.213519,-0.033207,0.329282,-0.139293,0.813704,0.564335,-0.495487,-0.550582,0.671777,0.857499,-0.187062,0.479131,0.002109,0.014745,0.015331,0.009475,0.053175,-0.165543,0.528576,0.02203,0.02739,-0.010377,0.13886,-0.774194,0.617528,0.519914,0.587714,0.619904,-0.842856,0.234982,0.484124,0.008598,0.007834,0.007795,0.005992,-0.067087,0.090845,0.522895,0.075553,0.014127,-0.065757,0.451727,-0.296701,-0.841374,0.735157,0.658099,0.162629,0.505456,-0.692006,0.515403,-3.4e-05,-0.000306,-0.000386,2.9e-05,5e-06,-1.2e-05,-0.156941
55,0.15508,-0.051508,0.308171,-0.353725,0.281463,-0.892021,-0.798447,-0.587582,0.131157,-0.486788,0.758274,0.433688,-3.7e-05,-0.000322,-0.000409,0.0,0.0,0.0,0.057948,-0.212959,-0.032615,0.329932,-0.146669,0.813727,0.562429,-0.499175,-0.55165,0.668162,0.854133,-0.183767,0.486363,0.017134,0.015604,0.015414,0.009145,0.030084,-0.107588,0.525687,0.022305,0.02769,-0.010047,0.146392,-0.774402,0.615524,0.523604,0.588576,0.615967,-0.839289,0.232119,0.491643,0.008573,0.007896,0.007797,-0.019409,-0.035793,0.081278,0.522732,0.075557,0.014112,-0.065775,0.451801,-0.29668,-0.841341,0.735125,0.65812,0.162691,0.505437,-0.691995,0.515436,-2e-05,-0.000174,-0.000222,1.4e-05,-1.5e-05,-8e-06,-0.154818
56,0.155079,-0.051519,0.308157,-0.353934,0.284188,-0.891074,-0.798603,-0.58769,0.129715,-0.486379,0.75717,0.436069,-2.1e-05,-0.00018,-0.000229,0.012997,0.052582,0.02772,0.057778,-0.212694,-0.032358,0.330245,-0.149118,0.813676,0.561859,-0.500323,-0.552087,0.666941,0.85304,-0.182673,0.488688,0.016828,0.013628,0.013325,0.017029,0.019261,-0.113966,0.524621,0.022432,0.027823,-0.009893,0.148729,-0.774423,0.614936,0.524682,0.588902,0.614737,-0.838205,0.231217,0.493913,0.001035,0.00745,0.007662,0.005258,-0.049393,0.03585,0.522732,0.075556,0.014106,-0.065782,0.452198,-0.299523,-0.84012,0.735357,0.658245,0.161129,0.504743,-0.69065,0.517913,-1.2e-05,-0.000102,-0.00013,0.008973,0.054129,0.030721,-0.154165
57,0.155066,-0.051524,0.308151,-0.353977,0.28418,-0.891059,-0.798589,-0.5877,0.129752,-0.48637,0.757165,0.436087,-0.0,-0.0,-0.0,3e-06,1.1e-05,6e-06,0.057531,-0.212165,-0.031948,0.330673,-0.149081,0.813962,0.561455,-0.500372,-0.551727,0.667203,0.853018,-0.182484,0.488798,0.030986,0.008611,0.007393,0.005846,-0.044052,0.083813,0.522497,0.022698,0.028036,-0.009664,0.148467,-0.77467,0.614688,0.524422,0.588655,0.615196,-0.838414,0.23102,0.493649,0.008082,0.004618,0.004365,0.003219,-0.027156,0.055605,0.521752,0.07555,0.014104,-0.065785,0.452179,-0.299334,-0.840198,0.73539,0.658169,0.16129,0.504713,-0.690805,0.517737,2e-06,1.8e-05,2.3e-05,-0.000541,-0.001545,-0.000729,-0.154002
58,0.155066,-0.051524,0.308151,-0.353977,0.28418,-0.891059,-0.798589,-0.5877,0.129752,-0.48637,0.757165,0.436087,-0.0,-0.0,-0.0,0.0,0.0,0.0,0.05793,-0.21141,-0.031778,0.33087,-0.149062,0.813784,0.561718,-0.500228,-0.551964,0.667114,0.853106,-0.18256,0.488616,0.03011,0.00249,0.001089,0.004089,-0.030411,0.058491,0.525822,0.02307,0.028125,-0.00956,0.148409,-0.774558,0.614844,0.524315,0.588781,0.615166,-0.838491,0.231076,0.493493,0.000212,0.00159,0.001612,0.000472,0.000503,0.000416,0.522242,0.07555,0.014105,-0.065785,0.452177,-0.299318,-0.840204,0.735387,0.65817,0.161298,0.504718,-0.690811,0.517724,-1e-06,5e-06,1e-05,9.5e-05,-3.6e-05,-7.3e-05,-0.153675
