frame,MLTx,MLTy,MLTz,MLTR1,MLTR2,MLTR3,MLTR4,MLTR5,MLTR6,MLTR7,MLTR8,MLTR9,MLTTVx,MLTTVy,MLTTVz,MLTRVx,MLTRVy,MLTRVz,MLGA,MRTx,MRTy,MRTz,MRTR1,MRTR2,MRTR3,MRTR4,MRTR5,MRTR6,MRTR7,MRTR8,MRTR9,MRTTVx,MRTTVy,MRTTVz,MRTRVx,MRTRVy,MRTRVz,MRGA,SLTx,SLTy,SLTz,SLTR1,SLTR2,SLTR3,SLTR4,SLTR5,SLTR6,SLTR7,SLTR8,SLTR9,SLTTVx,SLTTVy,SLTTVz,SLTRVx,SLTRVy,SLTRVz,SLGA,SRTx,SRTy,SRTz,SRTR1,SRTR2,SRTR3,SRTR4,SRTR5,SRTR6,SRTR7,SRTR8,SRTR9,SRTTVx,SRTTVy,SRTTVz,SRTRVx,SRTRVy,SRTRVz,SRGA
1,0.10584,0.001029,0.346668,0.087997,-0.092527,-0.991837,-0.421762,-0.905472,0.046997,-0.902546,0.414294,-0.117469,-0.029451,-0.003723,-0.003761,1.710273,-0.88681,-0.139188,0.169508,-0.178622,0.026413,0.319622,0.406029,0.377762,0.832122,-0.798129,0.590004,0.121733,-0.445455,-0.714034,0.539989,-0.037439,-0.029089,0.030306,0.081611,-0.584039,-0.344454,0.530276,0.030445,0.032336,-0.016741,-0.41437,-0.351399,0.839532,0.715627,-0.695723,0.062009,0.562293,0.626487,0.539758,-0.018746,-0.014836,0.014938,0.084071,-0.593927,-0.352107,0.51571,0.067993,0.024651,-0.066367,0.013169,-0.002863,-0.999908,-0.217343,-0.976094,-6.8e-05,-0.976006,0.217324,-0.013477,-0.014751,-0.001965,-0.001951,1.724094,-0.970117,-0.171116,0.014514
2,0.10543,0.000955,0.346545,0.100777,-0.100586,-0.989834,-0.389564,-0.919416,0.053714,-0.915604,0.380311,-0.130609,-0.015085,0.00468,-0.01409,0.093582,-0.56458,-0.359104,0.182684,-0.17944,0.025922,0.320117,0.405581,0.393648,0.824947,-0.800349,0.588798,0.112664,-0.441862,-0.706426,0.552796,-0.05154,-0.019723,0.022008,0.105735,-0.548324,-0.331358,0.530131,0.030054,0.032097,-0.016502,-0.416394,-0.367174,0.831745,0.71756,-0.694504,0.052641,0.558321,0.618747,0.552657,-0.018796,-0.016113,0.013858,0.104283,-0.726117,-0.238922,0.517017,0.067793,0.024612,-0.066425,0.027802,-0.008288,-0.999579,-0.181971,-0.983298,0.003092,-0.98291,0.181809,-0.028846,-0.014758,-0.001994,-0.001966,0.161734,-0.671797,-0.474432,0.031006
3,0.104775,0.000825,0.346315,0.130506,-0.120237,-0.984153,-0.335433,-0.939428,0.070238,-0.933154,0.321095,-0.161707,-0.001685,-0.006482,-0.005508,1.662768,-1.163598,-0.327905,0.191682,-0.181047,0.024829,0.321126,0.40406,0.439437,0.802261,-0.813507,0.57357,0.095696,-0.418584,-0.691856,0.588205,-0.037619,-0.030298,0.029299,-1.115026,-1.255107,-1.196437,0.524218,0.029246,0.031547,-0.016007,-0.422552,-0.410161,0.808218,0.730678,-0.68177,0.036022,0.536244,0.605769,0.587779,-0.018847,-0.015485,0.014436,-4.119576,-1.856645,-3.672886,0.519303,0.067459,0.024547,-0.066546,0.059049,-0.020154,-0.998051,-0.125259,-0.992043,0.012622,-0.990365,0.124269,-0.061103,-0.007891,-0.002732,-0.002666,5.462285,-1.09258,0.631871,0.056153
4,0.104364,0.000821,0.345996,0.156054,-0.139826,-0.977825,-0.313882,-0.945627,0.085074,-0.936754,0.293814,-0.190242,-0.015114,-0.003169,-0.003033,0.025015,-0.817539,-0.275201,0.178186,-0.182407,0.023953,0.322208,0.408066,0.492855,0.768484,-0.825933,0.557868,0.080941,-0.38931,-0.668358,0.633718,-0.037578,-0.026584,0.032421,0.406533,-1.609262,-0.343214,0.521549,0.028565,0.031103,-0.015471,-0.434533,-0.460587,0.773976,0.745574,-0.666051,0.022226,0.505271,0.586715,0.632823,-0.012496,-0.007245,0.012185,0.338899,-1.442728,0.086375,0.520283,0.067258,0.024542,-0.066707,0.090094,-0.035108,-0.995313,-0.099962,-0.99465,0.026036,-0.990903,0.097148,-0.093122,-0.000419,0.002297,-0.006917,0.052285,-0.720266,-0.420185,0.053867
5,0.104205,0.000892,0.345814,0.169758,-0.150572,-0.973938,-0.3032,-0.948293,0.093705,-0.937906,0.279573,-0.205422,-0.014048,0.008791,-0.010637,0.065741,-1.021554,-0.36605,0.165895,-0.182939,0.02365,0.322773,0.412264,0.518326,0.749245,-0.830237,0.552294,0.074906,-0.375473,-0.653578,0.657053,-0.024856,-0.011581,0.026748,0.280094,-1.251376,-0.045802,0.519646,0.028295,0.030943,-0.015189,-0.442934,-0.486973,0.752772,0.750591,-0.660612,0.014296,0.490329,0.571356,0.658125,-0.012436,-0.005328,0.013778,0.283276,-1.558051,-0.049283,0.518486,0.067178,0.024573,-0.066796,0.10524,-0.042373,-0.993543,-0.088248,-0.995547,0.033111,-0.990523,0.084193,-0.108511,-0.000233,0.003013,-0.006312,0.042832,-0.394019,-0.234324,0.04162
6,0.103981,0.001139,0.345378,0.194346,-0.17063,-0.966003,-0.287372,-0.951445,0.110189,-0.938147,0.256394,-0.232742,0.000414,0.017307,-0.020831,0.575758,-0.934841,-0.33584,0.146502,-0.183674,0.023511,0.323826,0.422053,0.569311,0.705512,-0.836759,0.544019,0.061737,-0.349173,-0.617111,0.705064,-0.011964,0.006866,0.023873,0.49345,-1.588464,0.084511,0.518603,0.027922,0.030863,-0.014663,-0.461364,-0.533559,0.708842,0.757655,-0.652652,0.001871,0.461629,0.537921,0.705364,-0.005659,-0.001964,0.016043,0.485982,-1.66664,-0.009533,0.516527,0.067062,0.024695,-0.067007,0.134229,-0.057328,-0.98929,-0.071262,-0.996298,0.048065,-0.988384,0.064047,-0.137817,-0.007131,0.003991,-0.005671,1.671018,-1.019055,-0.341682,0.014677
7,0.103939,0.001416,0.3448,0.210793,-0.186863,-0.959528,-0.287621,-0.949959,0.121759,-0.934532,0.250541,-0.252796,-0.00101,0.004024,-0.014377,0.046575,-0.399363,-0.236561,0.107912,-0.184027,0.023922,0.324853,0.423578,0.616369,0.663823,-0.844301,0.534078,0.043013,-0.328532,-0.579458,0.74576,-0.011797,0.010409,0.02667,-0.608302,-1.426488,-1.024771,0.51849,0.027745,0.031068,-0.014157,-0.473935,-0.575545,0.666432,0.762108,-0.647225,-0.016983,0.441106,0.499845,0.745371,0.000718,0.005366,0.012978,1.063058,-1.043608,-0.398543,0.515874,0.067042,0.024838,-0.067286,0.15544,-0.07069,-0.985312,-0.070391,-0.995693,0.06033,-0.985333,0.059979,-0.159747,-0.000431,0.002255,-0.006978,0.051228,-0.615257,-0.327713,-0.027452
8,0.103952,0.001561,0.344431,0.216977,-0.192967,-0.956938,-0.287429,-0.949433,0.126226,-0.933182,0.247898,-0.260279,-0.000639,0.0133,-0.024262,0.078516,-0.321621,-0.166157,0.097964,-0.184112,0.024132,0.325304,0.418879,0.637484,0.646643,-0.847827,0.529505,0.027374,-0.325455,-0.560506,0.761431,0.00142,0.009253,0.024665,-2.953266,-1.638389,-4.509481,0.518792,0.027698,0.031182,-0.013917,-0.473774,-0.595407,0.648867,0.765065,-0.643177,-0.031569,0.436133,0.48147,0.760246,-0.005923,0.004764,0.012946,0.456428,-1.276255,0.089282,0.516364,0.067049,0.024914,-0.067475,0.163399,-0.075778,-0.983645,-0.069943,-0.995426,0.065067,-0.984077,0.058167,-0.167952,-0.000733,0.00111,-0.007962,0.043175,-0.342538,-0.204587,-0.04868
9,0.103956,0.001847,0.343593,0.225209,-0.201281,-0.953317,-0.286504,-0.948844,0.132598,-0.931524,0.243511,-0.27017,-0.000986,0.011988,-0.0254,0.073141,-0.148965,-0.067098,0.087031,-0.184287,0.024449,0.326091,0.404394,0.673634,0.618606,-0.858733,0.512346,0.003633,-0.314979,-0.533532,0.784853,0.000564,0.015183,0.012396,0.334582,-0.789333,-0.010439,0.516465,0.027611,0.031346,-0.013512,-0.46205,-0.637304,0.616727,0.781151,-0.621713,-0.05722,0.419894,0.455319,0.785093,0.000581,0.001383,0.009639,0.319781,-0.814809,-0.090125,0.515057,0.067051,0.025056,-0.067894,0.173523,-0.08239,-0.981376,-0.068637,-0.995082,0.071404,-0.982434,0.054969,-0.178326,-0.000934,0.000341,-0.008633,0.036736,-0.117901,-0.075499,-0.07399
10,0.1039,0.00203,0.342653,0.227017,-0.204015,-0.952306,-0.284969,-0.948925,0.135302,-0.931559,0.24091,-0.272375,-0.001944,0.008365,-0.028558,0.068624,-0.006799,-0.018136,0.086536,-0.184253,0.024683,0.326689,0.401178,0.699555,0.59133,-0.862679,0.505529,-0.012588,-0.308223,-0.505957,0.805524,0.001122,0.001177,0.017924,0.249993,-0.675738,0.045721,0.517319,0.027628,0.031466,-0.013217,-0.463677,-0.662131,0.588715,0.785216,-0.614888,-0.073124,0.410412,0.428362,0.805026,0.0002,0.005706,0.004637,0.30449,-0.614793,-0.164876,0.514078,0.067023,0.025154,-0.068372,0.175658,-0.084535,-0.980814,-0.066841,-0.99503,0.073789,-0.982178,0.052597,-0.180437,-0.000987,0.004072,-0.014372,0.067411,0.007328,-0.010056,-0.081664
11,0.103801,0.00202,0.341716,0.225471,-0.205999,-0.952246,-0.283877,-0.948864,0.137996,-0.932266,0.239457,-0.271235,-0.003139,-0.004009,-0.021428,0.030486,0.111844,-0.205433,0.084059,-0.184145,0.024963,0.327062,0.388557,0.722191,0.572236,-0.872481,0.488026,-0.023286,-0.29655,-0.491125,0.818974,0.000317,0.008699,0.007043,0.02351,-0.594142,-0.565686,0.517469,0.027683,0.031605,-0.013025,-0.455806,-0.683971,0.569582,0.796355,-0.599207,-0.082266,0.397566,0.416093,0.817806,0.000136,0.00413,0.003335,-0.645796,-0.685206,-1.372798,0.514894,0.066973,0.025146,-0.068842,0.174449,-0.086729,-0.980838,-0.065558,-0.994926,0.076314,-0.98248,0.050989,-0.17925,-0.001572,-0.002067,-0.010766,0.029985,0.112146,-0.205336,-0.083624
12,0.103742,0.001946,0.341303,0.22445,-0.207175,-0.952232,-0.283593,-0.948728,0.139512,-0.932598,0.238984,-0.27051,-0.00303,-0.003582,-0.021091,0.033819,0.011691,-0.033627,0.08279,-0.18411,0.025099,0.327182,0.382661,0.729761,0.566579,-0.877059,0.47965,-0.025237,-0.290637,-0.488183,0.822843,0.013442,0.006995,0.004677,-0.629163,-0.573464,-1.489507,0.51816,0.027695,0.031674,-0.012963,-0.45216,-0.691022,0.563949,0.801175,-0.592546,-0.083701,0.392005,0.413976,0.821556,0.000143,0.003029,0.00243,-3.140915,0.035103,-4.371238,0.515221,0.066944,0.025109,-0.069043,0.17371,-0.088071,-0.98085,-0.065199,-0.994835,0.07778,-0.982635,0.050439,-0.178555,-0.001451,-0.001598,-0.010374,0.030579,0.097514,-0.180504,-0.08542
13,0.103638,0.001797,0.340605,0.222863,-0.209012,-0.952204,-0.28311,-0.948519,0.141886,-0.933122,0.238212,-0.269378,-0.00219,-0.000387,-0.018349,0.034299,-0.002836,-0.008741,0.068931,-0.183974,0.025165,0.327302,0.382044,0.731489,0.564763,-0.878539,0.477031,-0.023352,-0.28695,-0.488164,0.824147,2.3e-05,0.000631,0.000509,5.4e-05,-8.6e-05,-6.2e-05,0.519682,0.027768,0.031713,-0.012899,-0.450566,-0.694812,0.560558,0.804179,-0.588545,-0.083119,0.387666,0.413339,0.823932,0.000328,-0.005682,0.003867,-0.037796,0.017641,-0.010651,0.517017,0.06689,0.025028,-0.069397,0.172537,-0.090224,-0.980861,-0.064572,-0.99469,0.080138,-0.982884,0.049509,-0.177448,-0.001128,-0.000369,-0.009329,0.033986,-0.002815,-0.008783,-0.095217
14,0.103485,0.001618,0.340095,0.2236,-0.208509,-0.952141,-0.283208,-0.948597,0.141168,-0.932918,0.238342,-0.269973,-0.002487,-0.009364,-0.00824,-0.000468,0.014576,-0.024858,0.062407,-0.183718,0.024962,0.327373,0.380117,0.731696,0.565794,-0.879401,0.475417,-0.02381,-0.286866,-0.489428,0.823426,-3.8e-05,-0.001083,-0.000875,0.0,-0.0,-0.0,0.519245,0.027896,0.031606,-0.012868,-0.448733,-0.695216,0.561526,0.805152,-0.587155,-0.083526,0.387772,0.414634,0.823231,0.006899,-0.006465,0.002743,-0.044797,0.108595,-0.149771,0.51767,0.066814,0.024942,-0.069656,0.173183,-0.089547,-0.98081,-0.0647,-0.994741,0.079394,-0.982762,0.049709,-0.178066,-0.000818,0.000827,-0.008294,0.034682,-0.001327,-0.011353,-0.10877
15,0.103404,0.001522,0.339901,0.223043,-0.209115,-0.952139,-0.283193,-0.94849,0.141919,-0.933055,0.238239,-0.269589,-0.002049,-0.007706,-0.006792,-0.000467,0.014581,-0.024855,0.060839,-0.183529,0.024783,0.327481,0.378906,0.731818,0.566449,-0.880003,0.474297,-0.023913,-0.28662,-0.490335,0.822972,0.013905,-0.010158,0.007731,-0.04453,0.092487,-0.128357,0.51777,0.027984,0.031519,-0.012824,-0.447672,-0.695469,0.562059,0.805795,-0.586261,-0.083612,0.387664,0.415474,0.822859,0.006924,-0.005848,0.00324,-0.0331,-0.002889,0.014058,0.517343,0.066774,0.024895,-0.069752,0.172766,-0.090261,-0.980818,-0.064638,-0.994684,0.080151,-0.982839,0.049551,-0.177682,-0.000537,0.001894,-0.00736,0.034665,-0.017219,0.015761,-0.112689
16,0.103202,0.001352,0.339693,0.224255,-0.208015,-0.952095,-0.283653,-0.948581,0.140381,-0.932626,0.238837,-0.270543,-0.001059,-0.003973,-0.00351,-0.0,-0.0,0.0,0.055179,-0.183138,0.024191,0.327864,0.376905,0.731992,0.567557,-0.881255,0.471995,-0.023315,-0.285403,-0.492295,0.822225,0.001345,-0.023002,0.01528,-0.072791,0.024836,-0.034207,0.517723,0.028185,0.031225,-0.012631,-0.445625,-0.695941,0.563101,0.80737,-0.584171,-0.083047,0.386744,0.417623,0.822203,0.007272,-0.011405,0.007217,-0.069884,0.009518,-0.003708,0.516037,0.066672,0.024804,-0.069861,0.173698,-0.088965,-0.980771,-0.065222,-0.994763,0.078683,-0.982636,0.050301,-0.178591,-0.000564,-0.002126,-0.001874,-0.000412,0.015009,-0.025577,-0.119385
17,0.102954,0.001284,0.339694,0.223122,-0.209132,-0.952116,-0.284112,-0.948255,0.141649,-0.932756,0.239158,-0.269809,-5.6e-05,-0.00021,-0.000185,0.0,-0.0,-0.0,0.055105,-0.182679,0.023359,0.328457,0.375856,0.732023,0.568214,-0.882387,0.46996,-0.02157,-0.283279,-0.494197,0.821819,0.001412,-0.021379,0.016618,-0.0728,0.024668,-0.034309,0.516775,0.028415,0.030806,-0.012337,-0.444597,-0.696112,0.563701,0.808816,-0.582413,-0.081299,0.384901,0.419786,0.821966,0.013932,-0.010218,0.007692,-0.06813,-0.005839,0.025015,0.515874,0.066547,0.024769,-0.069862,0.172822,-0.090302,-0.980804,-0.065623,-0.994631,0.080011,-0.982764,0.050536,-0.177821,-0.006866,0.001224,0.000877,-0.001063,0.014728,-0.029578,-0.123467
18,0.102739,0.001308,0.33975,0.221902,-0.210345,-0.952134,-0.28455,-0.947915,0.143041,-0.932912,0.239445,-0.269013,9e-06,3.4e-05,3e-05,-0.003206,0.100604,-0.171545,0.057756,-0.182074,0.022417,0.329283,0.374954,0.733693,0.566652,-0.883571,0.467764,-0.020792,-0.280765,-0.493803,0.822917,0.015482,-0.028654,0.026733,-0.073364,-0.046639,-0.035586,0.514844,0.028712,0.030334,-0.011931,-0.444006,-0.69796,0.561881,0.810285,-0.580449,-0.080728,0.382488,0.41944,0.823269,0.007379,-0.008723,0.009405,-0.044421,-0.035521,-0.039105,0.514078,0.066441,0.024786,-0.06983,0.171968,-0.09162,-0.980832,-0.065969,-0.994501,0.081331,-0.98289,0.050718,-0.177067,2e-05,7.9e-05,7.4e-05,-6.6e-05,-4e-06,-3e-06,-0.122814
19,0.102668,0.001326,0.339764,0.22148,-0.21077,-0.952139,-0.284677,-0.947802,0.143535,-0.932974,0.239518,-0.268736,6e-06,2.3e-05,2e-05,0.0,-0.0,-0.0,0.058727,-0.181725,0.021919,0.329785,0.373349,0.733204,0.568343,-0.884029,0.466873,-0.021373,-0.281463,-0.495373,0.821734,0.028797,-0.026785,0.02726,-0.102924,-0.010575,0.030151,0.517031,0.028882,0.030084,-0.01168,-0.442215,-0.697687,0.563628,0.810856,-0.579578,-0.081245,0.38335,0.421094,0.822022,0.007757,-0.013573,0.013974,-0.114,0.01093,0.008525,0.513588,0.066406,0.024796,-0.069822,0.171564,-0.092249,-0.980844,-0.066096,-0.99444,0.081967,-0.982952,0.050768,-0.176707,1.1e-05,3.7e-05,3.6e-05,-5.9e-05,2e-06,0.0,-0.121671
20,0.102616,0.001377,0.339793,0.220404,-0.211835,-0.952152,-0.284968,-0.947524,0.144786,-0.933138,0.239679,-0.268019,0.000383,0.001425,0.001259,0.000464,-0.014578,0.024857,0.069879,-0.180942,0.020982,0.330884,0.370762,0.732131,0.571411,-0.884738,0.465491,-0.022153,-0.28265,-0.498256,0.819581,0.014976,-0.011637,0.023526,-0.067284,-0.022742,0.042642,0.51964,0.029278,0.029608,-0.011131,-0.439374,-0.697012,0.566677,0.811711,-0.578283,-0.081925,0.384803,0.423983,0.819856,0.014443,-0.011871,0.014854,-0.106541,-0.013326,0.032943,0.516527,0.066379,0.024819,-0.069809,0.170724,-0.093536,-0.980868,-0.066327,-0.994316,0.083274,-0.983083,0.050842,-0.175958,2e-05,6.7e-05,6.1e-05,-4.8e-05,2e-06,4e-06,-0.113506
21,0.10266,0.001383,0.3398,0.219644,-0.212562,-0.952166,-0.285181,-0.947329,0.145642,-0.933251,0.239809,-0.267509,2e-05,7.3e-05,6.4e-05,0.0,-0.0,0.0,0.074822,-0.180138,0.020195,0.332205,0.365763,0.730103,0.577199,-0.885038,0.464678,-0.026739,-0.288173,-0.50198,0.815374,0.029097,-0.017285,0.034907,-0.088288,-0.133147,0.219913,0.523758,0.029669,0.029226,-0.010493,-0.433709,-0.695924,0.57235,0.811907,-0.577309,-0.086717,0.390771,0.427085,0.815411,0.007892,-0.008968,0.017688,-0.096111,-0.002497,0.019982,0.519303,0.066402,0.024826,-0.069802,0.170147,-0.094389,-0.980887,-0.066495,-0.994233,0.084139,-0.983172,0.050908,-0.175443,8e-06,2.9e-05,2.6e-05,-3.5e-05,1e-06,-7e-06,-0.103872
22,0.102698,0.001363,0.339784,0.219466,-0.212727,-0.95217,-0.285229,-0.947285,0.145837,-0.933278,0.239839,-0.267387,-0.000224,-0.000835,-0.000738,0.0,0.0,0.0,0.07362,-0.179738,0.019811,0.332923,0.363221,0.729088,0.580079,-0.885218,0.464202,-0.028962,-0.290825,-0.503893,0.81325,0.029097,-0.017269,0.034909,-0.101548,-0.026102,0.054308,0.529439,0.029869,0.029038,-0.010129,-0.431077,-0.695324,0.575062,0.811977,-0.576885,-0.088856,0.393529,0.428634,0.813269,0.014541,-0.008034,0.017921,-0.107689,-0.032487,0.058223,0.521099,0.066422,0.024817,-0.069809,0.170008,-0.094587,-0.980892,-0.066533,-0.994213,0.08434,-0.983194,0.050923,-0.175317,-0.000129,-0.000484,-0.000428,-3e-05,6e-06,0.0,-0.102402
23,0.102792,0.001356,0.339767,0.219202,-0.212968,-0.952177,-0.285274,-0.947226,0.146132,-0.933326,0.239858,-0.267203,0.00025,0.000931,0.000823,0.0,0.0,0.0,0.070564,-0.178886,0.019001,0.334374,0.356289,0.726634,0.587411,-0.885535,0.463135,-0.035595,-0.298341,-0.508404,0.807701,0.029083,-0.017955,0.034346,-0.101663,-0.026442,0.054263,0.530149,0.030295,0.028639,-0.009399,-0.423553,-0.694095,0.582095,0.812125,-0.575624,-0.095447,0.401317,0.432307,0.807499,0.00789,-0.008904,0.017727,-0.110052,-0.017866,0.0291,0.523059,0.066467,0.024809,-0.069822,0.169801,-0.094879,-0.9809,-0.066563,-0.994185,0.084641,-0.983227,0.050919,-0.175129,0.000176,0.000654,0.000577,0.000439,-0.014581,0.024863,-0.104852
24,0.102795,0.001361,0.339784,0.218361,-0.213777,-0.952189,-0.285535,-0.947001,0.147076,-0.933443,0.240028,-0.266644,4e-06,1.5e-05,1.3e-05,0.0,0.0,0.0,0.07281,-0.178151,0.018132,0.335851,0.354292,0.726129,0.58924,-0.886893,0.460636,-0.034192,-0.296677,-0.511391,0.806428,0.015829,-0.017836,0.035454,-0.115938,0.095058,-0.142604,0.52943,0.030668,0.028204,-0.008662,-0.421639,-0.693886,0.583731,0.813808,-0.573497,-0.093894,0.39992,0.435456,0.806499,0.007897,-0.008593,0.017972,-0.103928,-0.011767,0.025219,0.523222,0.06647,0.024815,-0.06981,0.169149,-0.095847,-0.980918,-0.066778,-0.994087,0.085619,-0.983325,0.051021,-0.174549,-0.0,-4e-06,-4e-06,-2.3e-05,-1.2e-05,7e-06,-0.105341
25,0.102752,0.00137,0.339777,0.217651,-0.214479,-0.952193,-0.285716,-0.946817,0.147904,-0.933552,0.240127,-0.266171,-4.9e-05,-0.000184,-0.000163,0.0,0.0,0.0,0.077062,-0.177508,0.017348,0.337313,0.353664,0.726116,0.589634,-0.888399,0.457957,-0.030901,-0.292888,-0.513814,0.806272,0.002557,-0.0184,0.036027,-0.119788,0.124671,-0.196752,0.530613,0.031,0.027803,-0.007914,-0.421034,-0.693956,0.584084,0.81584,-0.571151,-0.090497,0.396402,0.438417,0.806631,0.007897,-0.008468,0.018064,-0.103647,-0.011608,0.024868,0.523385,0.066448,0.024819,-0.069814,0.168604,-0.096684,-0.98093,-0.066917,-0.994004,0.08647,-0.983409,0.051061,-0.174064,-3.2e-05,-0.00012,-0.000106,-1.9e-05,7e-06,-6e-06,-0.100116
26,0.102721,0.001375,0.339781,0.217387,-0.214742,-0.952194,-0.285793,-0.946746,0.148211,-0.93359,0.240173,-0.265997,-1e-06,-3e-06,-2e-06,0.0,0.0,0.0,0.077138,-0.17724,0.016992,0.338013,0.351525,0.725705,0.591417,-0.889068,0.456607,-0.031649,-0.293433,-0.515595,0.804936,0.015825,-0.018019,0.035296,-0.103713,-0.011674,0.024778,0.531022,0.031135,0.027618,-0.00755,-0.418599,-0.693942,0.585848,0.816744,-0.569734,-0.091278,0.39712,0.440279,0.805263,0.007887,-0.009081,0.017581,-0.106389,-0.014405,0.026497,0.523385,0.066433,0.024821,-0.069813,0.168402,-0.096997,-0.980934,-0.066978,-0.993972,0.086787,-0.983439,0.051086,-0.173884,1e-06,2e-06,2e-06,-2.1e-05,8e-06,3e-06,-0.0993
27,0.102688,0.001365,0.339785,0.217306,-0.21482,-0.952195,-0.285841,-0.946718,0.148295,-0.933594,0.240213,-0.265947,-3e-05,-0.000113,-0.0001,0.0,0.0,0.0,0.076027,-0.17696,0.016332,0.339296,0.349951,0.725864,0.592154,-0.890715,0.453541,-0.029364,-0.290298,-0.518075,0.80448,0.001765,-0.00817,0.0272,-0.06932,-0.007821,0.013277,0.530542,0.031274,0.027291,-0.006919,-0.417045,-0.694341,0.586484,0.818878,-0.567024,-0.089003,0.394349,0.44314,0.805055,0.00124,-0.0101,0.017302,-0.107566,0.018576,-0.028896,0.523385,0.066416,0.024816,-0.069811,0.168339,-0.09709,-0.980935,-0.067023,-0.993961,0.086877,-0.983447,0.05112,-0.17383,-1.7e-05,-6.6e-05,-5.7e-05,-1.7e-05,-6e-06,4e-06,-0.09881
28,0.102687,0.001335,0.339731,0.219061,-0.213142,-0.95217,-0.286187,-0.946958,0.146078,-0.93308,0.240758,-0.267255,-0.000425,-0.001583,-0.001399,-0.022791,-0.03607,0.061233,0.075077,-0.176921,0.015757,0.34045,0.347802,0.726122,0.593103,-0.892422,0.450274,-0.027741,-0.287618,-0.520561,0.803837,0.002497,-0.022376,0.032935,-0.107538,0.018519,-0.029012,0.523901,0.031294,0.027012,-0.006342,-0.414947,-0.694907,0.5873,0.821059,-0.564116,-0.087371,0.39202,0.445954,0.804639,-0.005793,-0.005701,0.012849,-0.073147,0.02252,-0.04044,0.523548,0.066416,0.024803,-0.069835,0.169701,-0.095075,-0.980898,-0.067506,-0.994118,0.084677,-0.98318,0.051847,-0.175122,-0.000248,-0.000927,-0.00082,-0.080558,-0.115541,0.195911,-0.09979
29,0.102703,0.001312,0.339711,0.219048,-0.21315,-0.952172,-0.286189,-0.946956,0.146089,-0.933082,0.24076,-0.267245,0.013452,-0.003499,-0.002674,0.000984,-0.014715,0.029553,0.074462,-0.176958,0.015529,0.34092,0.346665,0.726264,0.593596,-0.8932,0.448761,-0.02723,-0.286573,-0.521671,0.803491,-0.011548,-0.011629,0.025524,-0.071364,0.007445,-0.015932,0.518965,0.031281,0.026892,-0.006106,-0.413808,-0.695219,0.587735,0.822071,-0.562723,-0.086836,0.391103,0.447227,0.804379,0.000828,-0.006436,0.011769,-0.071111,0.00731,-0.011203,0.521752,0.066419,0.024792,-0.069845,0.169683,-0.095101,-0.980899,-0.067522,-0.994115,0.084702,-0.983182,0.05186,-0.175106,-0.000219,-0.000821,-0.000727,-0.000188,0.015273,-0.026048,-0.100116
30,0.102739,0.001304,0.339665,0.219099,-0.213112,-0.952168,-0.286104,-0.946986,0.146063,-0.933096,0.240676,-0.267271,0.013725,-0.002486,-0.001779,0.000984,-0.014715,0.029553,0.073394,-0.177119,0.015058,0.34174,0.342915,0.726091,0.595981,-0.894523,0.446037,-0.02853,-0.286954,-0.524246,0.801677,0.001657,-0.015274,0.021691,-0.069851,0.008615,-0.012075,0.513497,0.031195,0.02666,-0.005692,-0.409918,-0.695636,0.589963,0.823684,-0.56015,-0.088171,0.391803,0.449801,0.802601,-0.006215,-0.002655,0.00683,-0.037158,0.011214,-0.022656,0.514404,0.066436,0.024785,-0.069871,0.169719,-0.095063,-0.980896,-0.067434,-0.994123,0.084677,-0.983182,0.051775,-0.175132,-2.4e-05,-9e-05,-8.1e-05,5e-06,0.0,-1.6e-05,-0.101912
31,0.102758,0.001304,0.339638,0.218918,-0.213296,-0.952169,-0.286108,-0.946949,0.146291,-0.933137,0.240657,-0.267145,-0.000181,-0.000677,-0.000599,0.0,0.0,0.0,0.071043,-0.177381,0.014564,0.342363,0.340601,0.726388,0.596945,-0.895899,0.443297,-0.028054,-0.285408,-0.526158,0.800976,0.000829,-0.00756,0.010911,-0.03466,-0.003818,0.006691,0.49607,0.031065,0.026408,-0.005373,-0.407657,-0.696281,0.590768,0.825469,-0.557609,-0.087589,0.390405,0.451955,0.802072,0.0004,-0.004001,0.00529,-0.034766,-0.003887,0.006716,0.501504,0.066451,0.024786,-0.069883,0.169593,-0.09526,-0.980899,-0.067421,-0.994106,0.084886,-0.983204,0.051737,-0.175017,-0.000116,-0.000431,-0.000381,-0.0,-5e-06,6e-06,-0.103872
32,0.102766,0.001296,0.339631,0.218705,-0.2135,-0.952172,-0.286168,-0.946894,0.146531,-0.933168,0.240694,-0.267002,-4e-06,-1.6e-05,-1.4e-05,0.0,0.0,0.0,0.068997,-0.177668,0.014189,0.342765,0.335717,0.728079,0.59765,-0.897174,0.440415,-0.032368,-0.28718,-0.526243,0.800287,-0.012487,-0.010018,0.010042,0.116544,0.187283,-0.156481,0.455315,0.030926,0.026223,-0.005177,-0.403174,-0.698668,0.591026,0.826911,-0.554795,-0.091755,0.392005,0.451734,0.801416,0.000387,-0.004791,0.004685,0.534568,0.609507,-0.415823,0.464601,0.066455,0.024781,-0.069888,0.169428,-0.095505,-0.980903,-0.067468,-0.994082,0.085134,-0.98323,0.051756,-0.174869,2e-06,8e-06,8e-06,-0.0,-2e-06,4e-06,-0.106484
33,0.102765,0.001289,0.339626,0.218582,-0.213619,-0.952173,-0.286203,-0.946862,0.146671,-0.933186,0.240715,-0.26692,-1e-05,-3.6e-05,-3.2e-05,0.0,0.0,0.0,0.068409,-0.177777,0.014129,0.342928,0.334224,0.729993,0.596152,-0.897686,0.439218,-0.034359,-0.287321,-0.524589,0.801321,-0.012432,-0.006905,0.012433,-0.024867,-0.008935,-0.035744,0.44131,0.030871,0.026183,-0.005102,-0.401854,-0.700878,0.589306,0.827477,-0.553557,-0.094096,0.392164,0.449825,0.80241,0.000414,-0.003344,0.005797,-0.036213,-0.005719,0.004642,0.44027,0.066454,0.024778,-0.06989,0.169333,-0.095647,-0.980906,-0.067496,-0.994068,0.085278,-0.983244,0.051767,-0.174785,-1e-06,-6e-06,-5e-06,-2e-06,-1e-06,1.1e-05,-0.107464
34,0.102762,0.001275,0.339626,0.218336,-0.21385,-0.952178,-0.286295,-0.946793,0.146937,-0.933215,0.240782,-0.266758,-0.0,-1e-06,-1e-06,0.0,0.0,0.0,0.063773,-0.177914,0.014251,0.343222,0.327206,0.735711,0.593008,-0.901041,0.431945,-0.038525,-0.284879,-0.522641,0.803464,0.000137,0.007609,0.005831,0.085772,-0.159994,-0.069433,0.41689,0.030798,0.026242,-0.004951,-0.395857,-0.70716,0.58585,0.831601,-0.546666,-0.097952,0.389533,0.448419,0.804476,6.6e-05,0.003922,0.003009,0.09231,-0.170143,-0.075786,0.405489,0.066453,0.024771,-0.06989,0.169141,-0.095924,-0.980912,-0.067575,-0.994038,0.085555,-0.983271,0.051815,-0.174615,2e-06,1.1e-05,1.1e-05,-1e-06,5e-06,-4e-06,-0.110077
35,0.102747,0.001265,0.339604,0.218182,-0.214008,-0.952178,-0.286317,-0.946757,0.147128,-0.933245,0.240785,-0.266654,-0.000239,-0.000892,-0.000789,0.0,0.0,0.0,0.057822,-0.17792,0.01454,0.343419,0.288671,0.753997,0.590043,-0.921163,0.386681,-0.043264,-0.26112,-0.531981,0.805405,0.000109,0.006067,0.004638,0.012163,-0.021223,-0.013841,0.369203,0.030794,0.02639,-0.00485,-0.360195,-0.730635,0.580026,0.857489,-0.50417,-0.102584,0.367384,0.460416,0.808112,0.006689,0.003753,0.002362,-0.005391,-0.01425,0.060896,0.359605,0.066446,0.024768,-0.0699,0.169024,-0.096112,-0.980914,-0.067587,-0.994021,0.08575,-0.983291,0.051803,-0.174509,-0.000157,-0.000583,-0.000513,-3e-06,-1e-06,-2e-06,-0.117751
36,0.102732,0.001247,0.339588,0.218011,-0.214175,-0.952179,-0.286366,-0.946711,0.147323,-0.93327,0.240814,-0.266541,-0.00029,-0.001082,-0.000957,0.0,0.0,0.0,0.056938,-0.177922,0.014724,0.343472,0.282664,0.757477,0.588491,-0.923684,0.380334,-0.045688,-0.258764,-0.531614,0.806406,0.000104,0.005778,0.004412,0.033036,-0.069291,-0.010647,0.322486,0.030794,0.02648,-0.004824,-0.354802,-0.734715,0.578194,0.860729,-0.498152,-0.104829,0.365049,0.460475,0.809136,4.9e-05,0.002967,0.002267,0.020695,0.033677,-0.181338,0.321068,0.066438,0.024759,-0.069908,0.168892,-0.096311,-0.980917,-0.067626,-0.994,0.085952,-0.983311,0.051819,-0.174393,-0.000186,-0.000694,-0.000614,-5e-06,-9e-06,4e-06,-0.119874
37,0.102711,0.00121,0.339555,0.216521,-0.215673,-0.952181,-0.292028,-0.944941,0.147572,-0.931858,0.246374,-0.266397,-0.000277,-0.001033,-0.000915,-0.0,0.0,-0.0,0.056676,-0.177971,0.014838,0.343537,0.271526,0.760866,0.589363,-0.928689,0.367807,-0.046786,-0.252689,-0.535584,0.805705,1.2e-05,0.000683,0.000521,-0.012257,0.102863,-0.169793,0.175531,0.030769,0.026546,-0.004784,-0.344379,-0.73939,0.578536,0.867281,-0.486507,-0.105516,0.359479,0.465416,0.808802,2e-06,0.000204,0.000157,-0.000373,0.002229,0.001853,0.164962,0.066428,0.024739,-0.069925,0.167751,-0.098093,-0.980936,-0.0735,-0.993512,0.086781,-0.983085,0.057541,-0.173873,-0.000141,-0.000538,-0.000475,6.9e-05,-0.000158,0.000361,-0.121671
38,0.102702,0.001188,0.339508,0.21635,-0.215849,-0.95218,-0.292031,-0.944906,0.147791,-0.931897,0.246354,-0.26628,0.000609,0.010147,-0.009121,0.034753,-0.017466,0.016091,0.057357,-0.177886,0.014755,0.343605,0.262593,0.76538,0.587563,-0.931221,0.360463,-0.053176,-0.252802,-0.534146,0.806624,2.5e-05,0.001399,0.001067,0.020467,0.033579,-0.180366,0.06662,0.030807,0.026497,-0.004756,-0.336183,-0.745125,0.575993,0.870475,-0.479303,-0.111983,0.359517,0.463741,0.809747,-3e-06,-8.1e-05,-6.3e-05,0.032205,-0.058871,-0.037983,-0.0029,0.066423,0.024723,-0.069946,0.16761,-0.098309,-0.980938,-0.073513,-0.993491,0.087005,-0.983108,0.057529,-0.173747,-0.000125,-0.000474,-0.00042,9.4e-05,-1.2e-05,2.8e-05,-0.12216
39,0.102696,0.001178,0.339473,0.216212,-0.215996,-0.952178,-0.292024,-0.94488,0.147974,-0.931931,0.246329,-0.266185,-0.000484,-0.001804,-0.001598,-0.000463,0.014585,-0.024852,0.058636,-0.177845,0.014783,0.343636,0.26185,0.76709,0.585661,-0.931274,0.360049,-0.055016,-0.253375,-0.531966,0.807884,4e-05,0.002281,0.00174,0.133853,-0.235088,-0.152174,0.038466,0.030832,0.02651,-0.004741,-0.335829,-0.746311,0.574662,0.870517,-0.478928,-0.113257,0.359747,0.462219,0.810515,1.9e-05,0.001224,0.000931,0.178712,-0.308845,-0.194367,-0.066747,0.066421,0.024725,-0.069965,0.167532,-0.098452,-0.980937,-0.073463,-0.993481,0.087164,-0.983125,0.05746,-0.173673,-7.3e-05,-0.000281,-0.000248,7.7e-05,-4e-06,1.7e-05,-0.121834
40,0.102712,0.001152,0.339368,0.214901,-0.217332,-0.952171,-0.297484,-0.943158,0.148078,-0.930504,0.251698,-0.266154,-0.000705,-0.002626,-0.002328,-0.0,0.0,-0.0,0.058352,-0.177852,0.014936,0.343754,0.260241,0.768831,0.584093,-0.931543,0.358997,-0.057298,-0.254045,-0.530159,0.808861,7.7e-05,0.004393,0.003345,0.039742,-0.00048,-0.202402,-0.036224,0.030829,0.026584,-0.004685,-0.33456,-0.748617,0.572399,0.870777,-0.47781,-0.115949,0.360299,0.459641,0.811735,3.1e-05,0.001831,0.001395,0.058434,-0.102757,-0.066347,-0.161292,0.066429,0.024713,-0.070016,0.16652,-0.100058,-0.980947,-0.079144,-0.992984,0.087851,-0.982856,0.063007,-0.173271,-0.000422,-0.00158,-0.001398,-0.000386,0.014315,-0.024215,-0.12216
41,0.102693,0.001105,0.339177,0.216706,-0.215707,-0.952131,-0.297621,-0.943447,0.145945,-0.930043,0.25201,-0.267465,-0.001217,-0.004535,-0.004026,-0.000516,0.014509,-0.024697,0.051395,-0.17792,0.015048,0.343831,0.253522,0.772108,0.582724,-0.934041,0.35202,-0.059861,-0.251647,-0.530079,0.809662,1.9e-05,0.001063,0.000809,0.008378,-0.014815,-0.009595,-0.134104,0.030795,0.026649,-0.004639,-0.328254,-0.752867,0.570472,0.874123,-0.470997,-0.118611,0.357989,0.459729,0.812706,5e-06,0.000421,0.000321,-0.007783,0.012986,0.006576,-0.255184,0.06642,0.024691,-0.070109,0.167991,-0.098015,-0.980903,-0.079408,-0.993156,0.08564,-0.982584,0.063505,-0.174625,-0.000538,-0.002017,-0.00179,0.001245,0.002904,-0.005086,-0.126569
42,0.10264,0.001036,0.338912,0.217454,-0.215203,-0.952075,-0.303191,-0.942029,0.143628,-0.928068,0.25769,-0.268911,-0.001377,-0.005127,-0.00456,-0.0,-0.0,0.0,0.036455,-0.17796,0.015011,0.343819,0.251061,0.775526,0.579241,-0.93436,0.35044,-0.064012,-0.252925,-0.52612,0.811843,-3e-05,-0.00168,-0.001278,0.011766,-0.020845,-0.013486,-0.258434,0.030775,0.026631,-0.004645,-0.326438,-0.756497,0.566701,0.874453,-0.469314,-0.122781,0.358844,0.455473,0.814723,-0.006639,-0.00134,-0.000514,-0.0089,0.025209,-0.024903,-0.357731,0.066393,0.024655,-0.070244,0.168593,-0.097404,-0.980861,-0.085353,-0.99281,0.08392,-0.981983,0.069571,-0.175695,-0.000829,-0.003098,-0.002756,0.000564,0.016533,-0.028117,-0.138979
43,0.102583,0.001001,0.338744,0.22139,-0.211619,-0.951971,-0.303635,-0.942599,0.138867,-0.926996,0.258566,-0.271752,-0.014508,0.007541,-0.011876,-0.04227,-0.123052,0.190585,0.028115,-0.177971,0.01497,0.343776,0.249475,0.778893,0.575395,-0.934441,0.349515,-0.06778,-0.254193,-0.521739,0.814271,-4.3e-05,-0.002386,-0.001817,0.188525,-0.333999,-0.216086,-0.358612,0.030769,0.026611,-0.004666,-0.325917,-0.758432,0.564409,0.874463,-0.468732,-0.124907,0.359291,0.452846,0.815989,-1.7e-05,-0.000906,-0.00069,0.241663,-0.430096,-0.280125,-0.432355,0.06637,0.024635,-0.070323,0.171211,-0.093738,-0.980764,-0.085979,-0.993087,0.079906,-0.981475,0.070644,-0.178088,-0.000838,-0.003243,-0.002864,-0.842106,-1.318341,2.240245,-0.14845
44,0.102455,0.000928,0.33839,0.225536,-0.207922,-0.951813,-0.303759,-0.943261,0.134022,-0.92596,0.259147,-0.274713,-0.001728,-0.006414,-0.005727,-0.022818,-0.036113,0.061197,0.014474,-0.178006,0.014949,0.343687,0.24932,0.782797,0.57014,-0.93472,0.348438,-0.069452,-0.253316,-0.516587,0.817822,-0.013296,-0.003318,-0.001519,-0.030178,-0.057597,-0.049716,-0.690795,0.030757,0.0266,-0.004711,-0.326047,-0.763589,0.557337,0.874787,-0.4672,-0.128336,0.358384,0.445708,0.820307,-2e-05,-0.001164,-0.000886,-0.597661,-0.599943,0.354577,-0.672718,0.0663,0.0246,-0.070505,0.174956,-0.0886,-0.980581,-0.086514,-0.993473,0.074329,-0.980767,0.07183,-0.18148,-0.007522,0.002768,-0.006839,-0.046416,-0.117666,0.18106,-0.166412
45,0.102334,0.000817,0.337975,0.227295,-0.206897,-0.951618,-0.314959,-0.940263,0.129144,-0.921779,0.270618,-0.277697,-0.002259,-0.008373,-0.007499,0.002597,-0.086485,0.146621,-0.015551,-0.178239,0.014707,0.343508,0.279126,0.776032,0.565557,-0.917222,0.389773,-0.081939,-0.284354,-0.496844,0.819849,-0.013409,-0.008643,-0.00559,3.227933,-0.566282,4.426737,-1.248063,0.03064,0.026488,-0.004794,-0.350444,-0.754905,0.554353,0.854374,-0.500163,-0.141003,0.38371,0.424211,0.82025,-0.006704,-0.004327,-0.002797,0.402956,-0.204996,0.277615,-0.895283,0.066246,0.024546,-0.070705,0.176446,-0.08726,-0.980434,-0.098569,-0.992622,0.070605,-0.979362,0.084182,-0.183745,-0.001132,-0.00422,-0.003776,0.000998,0.017915,-0.030212,-0.194172
46,0.102283,0.000777,0.337776,0.228077,-0.206519,-0.951513,-0.320562,-0.938682,0.126839,-0.919652,0.276341,-0.27911,-0.001211,0.0034,-0.015172,0.030456,-0.00237,-0.009884,-0.03147,-0.178315,0.014638,0.343373,0.318854,0.76349,0.56161,-0.895247,0.437152,-0.085813,-0.311404,-0.476378,0.822165,-0.000116,-0.00604,-0.004616,0.158074,-0.12041,0.030913,-1.39045,0.030597,0.026442,-0.00487,-0.392757,-0.734913,0.55285,0.822953,-0.549186,-0.145399,0.410474,0.397864,0.820496,-0.000435,0.002798,-0.006197,0.399673,-0.165681,0.398003,-0.854787,0.066214,0.024521,-0.070809,0.177179,-0.086676,-0.980354,-0.104554,-0.992134,0.068821,-0.978608,0.090306,-0.184848,-0.007899,-0.002533,-0.002491,-0.012902,0.033529,-0.061996,-0.207725
47,0.102159,0.000694,0.337385,0.235503,-0.200361,-0.95102,-0.326627,-0.937911,0.11666,-0.915646,0.283399,-0.285141,-0.00179,-0.006616,-0.005951,-0.002056,-0.003258,0.005502,-0.056577,-0.178272,0.014967,0.343044,0.391341,0.733399,0.555851,-0.849578,0.520039,-0.087805,-0.35393,-0.438801,0.825863,-0.000757,0.011106,-0.008186,-0.874087,-1.909903,2.488512,-1.402995,0.030619,0.026598,-0.005041,-0.45998,-0.695253,0.552304,0.766533,-0.62487,-0.148204,0.448157,0.355189,0.820362,-0.000373,0.005742,-0.00395,-0.880307,-1.880661,2.517011,-0.859686,0.066151,0.024479,-0.071012,0.183203,-0.079069,-0.979889,-0.111539,-0.991995,0.059192,-0.976726,0.098452,-0.190556,-0.000898,-0.003336,-0.002998,0.000472,0.001722,-0.003112,-0.231728
48,0.102067,0.000635,0.336947,0.244695,-0.192404,-0.950342,-0.326774,-0.939131,0.10594,-0.91319,0.284858,-0.291491,-0.001324,0.002999,-0.015568,0.032234,-0.006144,-0.003262,-0.070423,-0.1783,0.015378,0.342733,0.469428,0.693269,0.546815,-0.797187,0.599017,-0.074876,-0.380029,-0.401641,0.833142,-0.000759,0.010992,-0.008267,0.963191,-0.142984,1.439342,-1.403871,0.030605,0.026804,-0.00519,-0.532113,-0.645232,0.548206,0.705589,-0.695817,-0.134092,0.467972,0.315456,0.825523,-0.000335,0.005539,-0.004131,3.138156,-0.442718,4.74584,-0.889568,0.066106,0.024451,-0.071222,0.190559,-0.069368,-0.979221,-0.112424,-0.992479,0.048429,-0.975216,0.100859,-0.196924,-0.001067,-0.003961,-0.003573,-0.004966,0.008557,-0.014815,-0.244138
49,0.101971,0.000562,0.336509,0.250412,-0.188024,-0.94973,-0.332268,-0.93806,0.098049,-0.909657,0.291241,-0.296194,-0.001419,0.00266,-0.015895,0.034291,-0.00288,-0.00876,-0.089206,-0.178306,0.015937,0.342345,0.549354,0.634422,0.543792,-0.722364,0.687673,-0.07232,-0.420502,-0.353891,0.835346,-0.001506,0.022583,-0.016059,3.166848,-0.433981,4.788448,-1.403122,0.030602,0.02708,-0.00538,-0.601055,-0.578906,0.551,0.622996,-0.771228,-0.130696,0.500608,0.264715,0.824207,-0.000377,0.005759,-0.003922,0.345331,-0.15642,0.641213,-0.898876,0.066058,0.024415,-0.071441,0.195234,-0.063957,-0.978668,-0.118724,-0.992074,0.041148,-0.973544,0.108157,-0.20128,-0.001129,-0.004182,-0.003781,0.001031,0.017205,-0.029072,-0.258018
50,0.101889,0.000452,0.336326,0.252355,-0.18637,-0.949541,-0.332409,-0.938247,0.095755,-0.90907,0.291698,-0.297542,-0.002315,-0.00852,-0.007722,-0.000434,0.014702,-0.024784,-0.095859,-0.178302,0.016309,0.342053,0.586791,0.600327,0.543392,-0.679313,0.730173,-0.0729,-0.441251,-0.327119,0.835556,0.011706,0.022162,-0.017377,0.985342,-0.159893,1.464785,-1.402489,0.030603,0.027276,-0.005531,-0.636636,-0.536607,0.553846,0.570208,-0.811085,-0.130395,0.519187,0.232794,0.822344,0.005855,0.011057,-0.008702,0.991702,-0.156143,1.47608,-0.898386,0.066017,0.024364,-0.071536,0.196804,-0.06194,-0.978483,-0.118998,-0.992132,0.03887,-0.973193,0.108788,-0.202627,-0.001162,-0.004294,-0.003888,0.000643,0.016382,-0.027696,-0.263897
51,0.101759,9.3e-05,0.335999,0.25138,-0.187234,-0.94963,-0.332712,-0.93803,0.096818,-0.909228,0.291843,-0.296915,-0.002602,-0.00956,-0.008697,-0.000434,0.014702,-0.024784,-0.115373,-0.17817,0.017297,0.34132,0.624838,0.555868,0.548252,-0.623406,0.77795,-0.078058,-0.470668,-0.293718,0.831904,0.011701,0.023058,-0.01666,0.198215,0.012747,0.170115,-1.402198,0.030661,0.027747,-0.005884,-0.667975,-0.487598,0.562188,0.508352,-0.850688,-0.133812,0.543494,0.196407,0.816111,-0.000737,0.011459,-0.007882,1.605666,0.433529,1.077338,-0.892834,0.065954,0.024189,-0.071695,0.196022,-0.062991,-0.978573,-0.119222,-0.992062,0.039977,-0.973324,0.108831,-0.201976,-0.001797,-0.010565,-0.000431,-0.034883,0.03231,-0.040815,-0.27549
52,0.101671,-0.000304,0.335624,0.250962,-0.187095,-0.949768,-0.327598,-0.939655,0.098484,-0.911199,0.286653,-0.295928,-0.002675,-0.009814,-0.008965,0.141287,7e-06,0.019373,-0.154681,-0.17796,0.018378,0.340428,0.641238,0.522831,0.561652,-0.576472,0.811313,-0.096874,-0.50711,-0.262326,0.820907,-0.001581,0.018957,-0.018754,1.896491,1.832994,-0.926309,-1.401946,0.030775,0.028308,-0.006333,-0.68077,-0.4524,0.576096,0.456386,-0.877134,-0.149492,0.572944,0.161152,0.803595,0.005425,0.014824,-0.014103,0.120972,0.159701,0.078412,-0.898876,0.065908,0.023985,-0.071888,0.195555,-0.062987,-0.978667,-0.113887,-0.992641,0.041129,-0.974056,0.103414,-0.20129,-0.00137,-0.005048,-0.004608,0.476245,-0.036419,0.127709,-0.298024
53,0.101683,-0.000795,0.335208,0.254389,-0.181922,-0.949861,-0.305581,-0.946941,0.099467,-0.917881,0.265177,-0.295302,0.01059,-0.014476,-0.012781,0.000559,-1.4e-05,0.004772,-0.164891,-0.17773,0.019626,0.339113,0.663511,0.470348,0.581823,-0.50374,0.855831,-0.117194,-0.553878,-0.215932,0.804025,-0.003193,0.036551,-0.038472,1.162852,0.253033,1.298662,-1.401601,0.030886,0.028918,-0.00697,-0.691777,-0.403106,0.599124,0.382593,-0.908264,-0.169344,0.612427,0.112072,0.782541,-0.001585,0.018221,-0.019282,2.035535,2.148355,-0.520914,-0.903611,0.06591,0.023744,-0.072092,0.197815,-0.057178,-0.97857,-0.090626,-0.995088,0.039824,-0.97604,0.080806,-0.202025,-0.001762,-0.006487,-0.005945,-0.001036,0.031138,-0.051272,-0.316476
54,0.101746,-0.001084,0.334947,0.25502,-0.180797,-0.949907,-0.300098,-0.948645,0.099934,-0.919515,0.259799,-0.294999,-0.003792,-0.013919,-0.012807,-0.000871,0.029403,-0.049569,-0.16496,-0.17762,0.020292,0.338389,0.671704,0.442972,0.593786,-0.468145,0.875012,-0.123,-0.574879,-0.195929,0.794348,0.009959,0.036256,-0.039667,0.198144,0.535585,0.410795,-1.401335,0.03094,0.029259,-0.007345,-0.697329,-0.371988,0.612663,0.339362,-0.92425,-0.174914,0.63132,0.085942,0.770745,-0.001592,0.01778,-0.01959,0.793508,0.745731,1.279554,-0.906224,0.065944,0.023607,-0.072215,0.198218,-0.0559,-0.978562,-0.084871,-0.995601,0.039681,-0.976476,0.075186,-0.202091,-0.001763,-0.006496,-0.00597,-0.000897,0.015553,-0.02568,-0.320069
55,0.102001,-0.001707,0.334372,0.254292,-0.181395,-0.949988,-0.300273,-0.94851,0.10068,-0.919658,0.259873,-0.294485,0.009887,-0.017237,-0.015436,0.000547,-1.2e-05,0.004769,-0.170745,-0.177377,0.021774,0.336732,0.681155,0.385814,0.622228,-0.393496,0.90961,-0.13306,-0.618157,-0.154709,0.770591,-0.003238,0.034315,-0.040058,3.260978,0.321171,4.214218,-1.401873,0.031067,0.029999,-0.008174,-0.696625,-0.319339,0.642445,0.26547,-0.946651,-0.182692,0.666512,0.043282,0.744236,0.00497,0.017131,-0.020552,0.298368,0.429667,0.079803,-0.909163,0.066069,0.023289,-0.072509,0.197581,-0.056697,-0.978645,-0.085033,-0.995553,0.040509,-0.976591,0.075213,-0.201524,0.004758,-0.00933,-0.008378,-0.000333,0.014714,-0.020107,-0.324314
