frame,MLTx,MLTy,MLTz,MLTR1,MLTR2,MLTR3,MLTR4,MLTR5,MLTR6,MLTR7,MLTR8,MLTR9,MLTTVx,MLTTVy,MLTTVz,MLTRVx,MLTRVy,MLTRVz,MLGA,MRTx,MRTy,MRTz,MRTR1,MRTR2,MRTR3,MRTR4,MRTR5,MRTR6,MRTR7,MRTR8,MRTR9,MRTTVx,MRTTVy,MRTTVz,MRTRVx,MRTRVy,MRTRVz,MRGA,SLTx,SLTy,SLTz,SLTR1,SLTR2,SLTR3,SLTR4,SLTR5,SLTR6,SLTR7,SLTR8,SLTR9,SLTTVx,SLTTVy,SLTTVz,SLTRVx,SLTRVy,SLTRVz,SLGA,SRTx,SRTy,SRTz,SRTR1,SRTR2,SRTR3,SRTR4,SRTR5,SRTR6,SRTR7,SRTR8,SRTR9,SRTTVx,SRTTVy,SRTTVz,SRTRVx,SRTRVy,SRTRVz,SRGA
1,0.145315,0.03718,0.381817,-0.688906,0.292945,-0.663051,-0.504361,-0.85068,0.148106,-0.519806,0.436079,0.734618,-0.000584,-0.00452,-0.002424,-0.000756,0.013648,-0.025372,0.049604,-0.195072,0.047208,0.390581,0.717387,0.606472,0.342838,-0.683589,0.707467,0.179249,-0.134729,-0.36372,0.921639,-0.001372,0.015024,-0.020581,0.058763,0.082549,-0.165756,-0.580053,-0.00781,0.039653,0.011743,-0.687575,-0.618499,0.380392,0.683138,-0.728561,0.050199,0.246091,0.294376,0.923461,-0.000912,0.013035,-0.014616,0.106558,-0.032788,0.053641,-0.638101,0.11044,0.039808,-0.050943,-0.63176,0.399399,-0.664348,-0.629642,-0.7643,0.139268,-0.452138,0.506286,0.734333,0.005932,0.002923,-0.005869,0.036438,-0.028792,0.047361,-0.109587
2,0.145331,0.037199,0.381641,-0.688768,0.293007,-0.663167,-0.504223,-0.850835,0.147684,-0.520122,0.435735,0.734599,-0.00066,0.003654,-0.012552,0.034689,-0.000427,-0.007566,0.027436,-0.195093,0.047701,0.389972,0.717283,0.606606,0.34282,-0.68342,0.708138,0.177234,-0.136144,-0.362187,0.922035,-0.002499,0.034065,-0.039253,0.143739,-0.033079,0.045309,-0.679707,-0.007821,0.039907,0.011431,-0.687372,-0.618701,0.380431,0.682808,-0.729011,0.048109,0.247574,0.29283,0.923556,-0.001246,0.016851,-0.019707,0.143297,-0.032844,0.045157,-0.71795,0.110449,0.039816,-0.051026,-0.631627,0.399435,-0.664453,-0.62953,-0.764463,0.138873,-0.45248,0.50601,0.734312,-0.000309,0.001961,-0.006203,0.034697,-0.00042,-0.007561,-0.130978
3,0.14535,0.037337,0.381017,-0.692355,0.291465,-0.660104,-0.502491,-0.851262,0.15109,-0.517028,0.435938,0.73666,0.0109,-0.001646,-0.015771,-0.397129,0.492178,-0.469917,-0.028154,-0.195209,0.048982,0.388205,0.721049,0.600162,0.346245,-0.67817,0.71351,0.175849,-0.142408,-0.36237,0.921016,-0.003565,0.035017,-0.052429,0.084028,0.054368,0.09019,-0.847682,-0.007877,0.040543,0.010571,-0.690513,-0.612475,0.384792,0.677408,-0.734094,0.047153,0.253593,0.293221,0.921797,-0.001768,0.017343,-0.026291,0.065364,0.070135,0.100824,-0.706683,0.110458,0.039887,-0.051342,-0.635301,0.398466,-0.661525,-0.627918,-0.765193,0.142117,-0.449566,0.505671,0.736332,0.005426,-0.001073,-0.00802,-0.443645,0.546391,-0.522352,-0.191396
4,0.145388,0.037751,0.379832,-0.696694,0.284807,-0.658442,-0.498901,-0.851869,0.159331,-0.514667,0.439144,0.736408,-0.001643,0.013569,-0.03626,-0.022923,-0.12901,-0.284118,-0.099781,-0.195388,0.050643,0.385446,0.726934,0.588816,0.353346,-0.670177,0.720311,0.178744,-0.150176,-0.367486,0.91775,-0.005431,0.041404,-0.076721,-0.193883,0.35964,0.298333,-0.989972,-0.007968,0.041395,0.009176,-0.695167,-0.60218,0.392582,0.669738,-0.740952,0.049399,0.261138,0.297268,0.918389,-0.002724,0.019932,-0.038721,-0.320375,0.466808,0.349606,-0.708969,0.110477,0.040098,-0.051933,-0.640816,0.392781,-0.659603,-0.624553,-0.766361,0.150411,-0.446416,0.508343,0.736409,-0.000848,0.006442,-0.018314,-0.046651,-0.179946,-0.296874,-0.247568
5,0.145464,0.038083,0.379005,-0.697504,0.279564,-0.659831,-0.496604,-0.852378,0.163732,-0.51579,0.441525,0.734196,-0.002009,0.010721,-0.037807,-0.040131,-0.265267,-0.130177,-0.123773,-0.195523,0.051653,0.383625,0.730684,0.582585,0.355932,-0.665964,0.722782,0.184422,-0.150728,-0.372531,0.915622,-0.006776,0.05637,-0.096967,-0.280331,0.488503,0.399401,-1.0672,-0.008031,0.041859,0.008339,-0.698243,-0.596747,0.395409,0.666477,-0.743507,0.054819,0.261277,0.301808,0.916867,-0.003135,0.02229,-0.044406,0.041425,0.18455,0.183536,-0.708806,0.110515,0.040264,-0.052346,-0.642322,0.387511,-0.661254,-0.622408,-0.767192,0.154994,-0.447247,0.511126,0.733975,-0.001029,0.004992,-0.019104,-0.048492,-0.285483,-0.135366,-0.269612
6,0.145709,0.039057,0.376766,-0.695157,0.258339,-0.670867,-0.489809,-0.853263,0.178888,-0.525353,0.452625,0.720528,0.009838,0.033833,-0.06915,-0.168684,-0.604134,-0.460212,-0.167747,-0.195805,0.053915,0.379542,0.74419,0.564792,0.356626,-0.652348,0.729063,0.206986,-0.144025,-0.387397,0.910518,-0.007735,0.058664,-0.10919,-0.486539,0.685081,0.534582,-1.167905,-0.008172,0.04298,0.006308,-0.710984,-0.579311,0.398621,0.65563,-0.751054,0.07789,0.254264,0.316727,0.913801,-0.003828,0.029022,-0.054742,-0.322967,0.450535,0.464665,-0.709622,0.110634,0.040729,-0.053412,-0.643263,0.367784,-0.671526,-0.616328,-0.769106,0.169161,-0.45426,0.522695,0.721413,0.00478,0.011183,-0.030444,0.015921,-0.229562,-0.290593,-0.303903
7,0.145935,0.04026,0.37378,-0.688214,0.224128,-0.690053,-0.481458,-0.852577,0.203182,-0.541934,0.471781,0.695527,0.008434,0.031526,-0.08496,-0.484074,-1.299613,-0.631654,-0.209343,-0.196147,0.056266,0.374912,0.757281,0.54202,0.364324,-0.636783,0.736414,0.228333,-0.145475,-0.405594,0.902327,-0.009325,0.069038,-0.131186,-0.456011,0.604921,0.747816,-1.208994,-0.008349,0.044205,0.003909,-0.722963,-0.555957,0.410164,0.641932,-0.760043,0.101279,0.255436,0.336519,0.906369,-0.00464,0.033806,-0.065931,-0.382032,0.557826,0.720492,-0.709459,0.110751,0.041363,-0.054953,-0.641562,0.333133,-0.690955,-0.608023,-0.770026,0.193303,-0.467658,0.544133,0.696573,0.004184,0.015053,-0.042878,-0.490569,-1.313853,-0.638238,-0.33852
8,0.146126,0.041649,0.369868,-0.677003,0.180736,-0.713475,-0.472142,-0.850281,0.232541,-0.563789,0.494063,0.661869,0.007166,0.030196,-0.100393,-0.355996,-1.135517,-0.565184,-0.21751,-0.19651,0.058643,0.369812,0.77613,0.515248,0.363502,-0.614845,0.746017,0.255655,-0.140421,-0.422571,0.89531,-0.009186,0.052746,-0.125202,-0.464517,0.577797,0.685722,-1.235329,-0.008528,0.045365,0.001402,-0.74106,-0.529157,0.413307,0.623218,-0.771143,0.130136,0.249856,0.354019,0.901244,-0.00474,0.031799,-0.06673,-0.000385,0.135618,0.646771,-0.707173,0.110845,0.042032,-0.056829,-0.637052,0.288711,-0.714709,-0.59887,-0.769142,0.2231,-0.485301,0.570145,0.662884,0.003524,0.014123,-0.050742,-0.267417,-0.980134,-0.512213,-0.358768
9,0.146142,0.042322,0.36773,-0.669619,0.157884,-0.725761,-0.467693,-0.848717,0.246809,-0.57617,0.5045,0.643066,0.006739,0.035546,-0.112086,-0.271673,-1.049433,-0.532037,-0.21482,-0.196626,0.059811,0.367314,0.78327,0.505804,0.361444,-0.607024,0.747432,0.269817,-0.134657,-0.431385,0.891985,0.002613,0.055863,-0.124278,-0.539281,0.413279,0.969437,-1.236702,-0.008591,0.045937,0.000148,-0.747972,-0.519825,0.412698,0.617214,-0.77342,0.144455,0.244098,0.362771,0.899339,-0.004439,0.027452,-0.061969,-0.276909,0.108569,0.624831,-0.706846,0.110854,0.042372,-0.057896,-0.633111,0.26452,-0.72746,-0.594257,-0.768312,0.237809,-0.496012,0.582858,0.64362,-0.002765,0.017188,-0.056205,-0.467645,-1.360807,-0.786662,-0.362034
10,0.145857,0.043521,0.363325,-0.651685,0.109474,-0.750578,-0.459383,-0.844373,0.275633,-0.602787,0.524288,0.601495,-0.018674,0.029459,-0.115317,-0.5112,-1.690947,-0.771827,-0.162325,-0.196619,0.06184,0.362651,0.789902,0.492844,0.364898,-0.599464,0.745604,0.290949,-0.129662,-0.449188,0.883901,0.003242,0.047361,-0.114679,-0.263655,0.329528,0.578818,-1.234188,-0.008587,0.046969,-0.002232,-0.754417,-0.505424,0.418808,0.611465,-0.773139,0.168422,0.238673,0.383147,0.892318,0.001691,0.023646,-0.05735,-0.256946,0.327352,0.577431,-0.705213,0.110718,0.042979,-0.060139,-0.623117,0.216022,-0.751703,-0.585467,-0.766106,0.265156,-0.518606,0.605321,0.603848,-0.003255,0.013471,-0.058534,-0.057442,-1.769843,-0.069233,-0.346032
11,0.145146,0.044486,0.358841,-0.627642,0.070716,-0.775313,-0.459092,-0.837907,0.295157,-0.627993,0.541101,0.55934,-0.031682,0.016691,-0.108407,-1.366077,-1.114874,0.99796,-0.063913,-0.196222,0.063107,0.35856,0.79961,0.463258,0.38211,-0.58348,0.749496,0.312637,-0.142556,-0.473526,0.869088,0.015763,0.025075,-0.099718,0.574514,2.646717,-0.628958,-1.234563,-0.008388,0.047603,-0.004278,-0.761786,-0.476959,0.438396,0.597774,-0.778353,0.191912,0.249692,0.408258,0.878053,0.007941,0.012478,-0.049895,0.571872,2.636731,-0.62581,-0.70505,0.110366,0.043458,-0.062388,-0.605545,0.170163,-0.777404,-0.58254,-0.760318,0.287336,-0.542181,0.626865,0.559534,-0.009671,0.012484,-0.059227,-3.778834,-1.122949,4.388064,-0.292962
12,0.144582,0.04488,0.356608,-0.607482,0.057869,-0.792252,-0.46955,-0.830609,0.299304,-0.639981,0.553748,0.532743,-0.032141,0.014129,-0.110358,-0.123947,-1.622137,0.034477,-0.01965,-0.195828,0.063413,0.356717,0.800663,0.445741,0.400306,-0.578455,0.748778,0.323504,-0.15654,-0.491139,0.85682,0.028215,0.000907,-0.085988,-0.776035,0.887404,0.684451,-1.238987,-0.008201,0.047758,-0.005165,-0.759569,-0.462474,0.457352,0.594758,-0.778481,0.200572,0.263281,0.424362,0.866371,0.008163,0.006585,-0.046223,-0.196609,1.166868,0.219539,-0.70505,0.110085,0.043657,-0.063503,-0.587142,0.155905,-0.794328,-0.593201,-0.750558,0.291161,-0.550796,0.642149,0.533167,-0.015831,0.012481,-0.059283,0.373511,-2.800991,1.262522,-0.258018
13,0.142815,0.045336,0.35216,-0.540541,0.052622,-0.839697,-0.521197,-0.804412,0.285038,-0.659797,0.591653,0.463293,-0.058197,0.008358,-0.114475,0.211372,-3.404155,2.027408,0.024045,-0.1946,0.063096,0.353354,0.797377,0.397625,0.453955,-0.566923,0.751131,0.338133,-0.207522,-0.527478,0.823751,0.040106,-0.019481,-0.084929,-0.009745,3.232389,-0.796836,-1.335146,-0.00759,0.04762,-0.00684,-0.750766,-0.418119,0.511396,0.583964,-0.781972,0.217956,0.308766,0.462271,0.831245,0.020093,-0.009747,-0.042473,-0.361646,0.877093,0.703489,-0.733952,0.109211,0.043891,-0.065723,-0.523674,0.141538,-0.840078,-0.639467,-0.716856,0.277843,-0.56289,0.682702,0.465908,-0.029038,0.003863,-0.057395,-0.047552,-1.668556,0.507607,-0.201356
14,0.140317,0.045089,0.347817,-0.488017,0.040646,-0.871913,-0.56174,-0.77918,0.278026,-0.667476,0.625416,0.404174,-0.072912,-0.00984,-0.112389,-0.34014,-1.456553,0.39656,0.06777,-0.192425,0.061744,0.350113,0.799991,0.323951,0.505037,-0.532896,0.770229,0.35029,-0.276512,-0.549767,0.788137,0.076126,-0.0392,-0.085814,0.21977,1.483524,1.301566,-1.398363,-0.006488,0.046937,-0.008491,-0.7443,-0.346958,0.570645,0.551912,-0.800675,0.233047,0.376044,0.488403,0.787433,0.038067,-0.020006,-0.043174,0.214082,1.481059,1.328079,-0.752894,0.107968,0.043777,-0.067895,-0.471251,0.120744,-0.873694,-0.676146,-0.685527,0.269958,-0.566346,0.717963,0.404696,-0.036401,-0.005291,-0.056382,-0.782335,-1.589551,0.381309,-0.14747
15,0.1371,0.044417,0.343663,-0.44638,0.027046,-0.89446,-0.594431,-0.756106,0.273729,-0.668355,0.653845,0.354704,-0.099784,-0.029156,-0.096118,-0.30025,-1.580751,0.136002,0.126495,-0.188956,0.060166,0.346451,0.787149,0.255801,0.561208,-0.50527,0.789102,0.349219,-0.354495,-0.558769,0.749649,0.100808,-0.048408,-0.094745,-0.400026,1.078637,-0.253602,-1.4024,-0.004791,0.04617,-0.010284,-0.724172,-0.283014,0.628869,0.52317,-0.819583,0.233612,0.449296,0.498181,0.741584,0.044203,-0.018535,-0.050798,-0.328394,1.450829,-0.060778,-0.737055,0.106368,0.043437,-0.069985,-0.432247,0.103091,-0.895842,-0.704957,-0.65812,0.264409,-0.562314,0.745821,0.357145,-0.049547,-0.008968,-0.051923,-0.080188,-1.224741,0.410033,-0.075296
16,0.135092,0.043984,0.341735,-0.431568,0.021421,-0.901851,-0.606042,-0.74739,0.272202,-0.667674,0.664003,0.336657,-0.11272,-0.025555,-0.094554,-0.170073,-1.221752,0.089475,0.147291,-0.186919,0.059338,0.344427,0.77366,0.214249,0.596271,-0.488796,0.800472,0.346782,-0.403959,-0.560014,0.723232,0.100969,-0.04153,-0.106194,-0.562026,1.761248,-0.039964,-1.402542,-0.003773,0.045755,-0.01129,-0.706054,-0.246059,0.664034,0.506347,-0.830958,0.230475,0.495075,0.49896,0.711293,0.05643,-0.021362,-0.053919,0.43739,1.845562,0.777974,-0.737218,0.105326,0.043205,-0.070989,-0.417658,0.09396,-0.903732,-0.715222,-0.647432,0.263225,-0.560373,0.756308,0.337607,-0.056276,-0.012802,-0.047245,-0.098241,-1.098387,0.182944,-0.038392
17,0.130393,0.042856,0.338262,-0.404507,0.008323,-0.914522,-0.619013,-0.738577,0.267019,-0.672726,0.674099,0.305053,-0.127118,-0.03149,-0.085116,-0.009044,-0.674782,0.149455,0.191732,-0.1826,0.057833,0.339903,0.726124,0.143848,0.672342,-0.475147,0.811661,0.33967,-0.497748,-0.566282,0.656837,0.113448,-0.024214,-0.128101,2.737278,4.045776,3.33156,-1.403158,-0.001619,0.044992,-0.013546,-0.64838,-0.186524,0.738113,0.495939,-0.839072,0.22361,0.577622,0.511044,0.636542,0.057047,-0.018502,-0.060778,-0.640288,2.043569,-0.004288,-0.733462,0.103024,0.042649,-0.072696,-0.393052,0.075994,-0.916369,-0.726566,-0.636469,0.258859,-0.563569,0.767549,0.30538,-0.063724,-0.021213,-0.038466,-0.069377,-0.735309,0.115487,0.021209
18,0.125249,0.041332,0.335373,-0.38701,0.001184,-0.9221,-0.625769,-0.734801,0.261637,-0.676775,0.678273,0.286267,-0.141673,-0.04383,-0.064337,0.030344,-0.390772,0.282444,0.207906,-0.178182,0.056748,0.334849,0.678037,0.081444,0.730496,-0.470079,0.811958,0.345952,-0.565789,-0.578059,0.587873,0.115376,-0.026086,-0.132133,0.298595,2.707334,0.561553,-1.403306,0.000588,0.044445,-0.016074,-0.593337,-0.12495,0.795197,0.488134,-0.841363,0.232018,0.640059,0.525828,0.560204,0.057386,-0.007186,-0.069687,3.380755,3.877791,2.529588,-0.733952,0.100403,0.041867,-0.074179,-0.376446,0.065942,-0.924088,-0.732631,-0.631706,0.253373,-0.567045,0.772397,0.286114,-0.070715,-0.021617,-0.031881,0.055372,-0.338481,0.317921,0.070849
19,0.12264,0.040448,0.334234,-0.380525,0.00169,-0.924794,-0.627098,-0.735433,0.256631,-0.679224,0.677586,0.282064,-0.129622,-0.050629,-0.054286,0.028634,-0.192359,0.189367,0.196787,-0.175865,0.056438,0.332192,0.651758,0.055725,0.756372,-0.47083,0.81147,0.346076,-0.595286,-0.581747,0.554138,0.115569,-0.010379,-0.13807,-0.610616,1.902877,-0.528721,-1.403058,0.001747,0.044275,-0.017406,-0.563582,-0.0993,0.820069,0.487653,-0.841298,0.233262,0.66676,0.531372,0.522564,0.057808,-0.005621,-0.069371,-0.649113,1.966222,-0.469742,-0.726604,0.099146,0.04144,-0.074731,-0.370159,0.065934,-0.926625,-0.73395,-0.632227,0.248205,-0.569473,0.771972,0.282416,-0.064537,-0.024361,-0.026332,0.038028,-0.30447,0.388618,0.071012
20,0.11746,0.038468,0.332352,-0.367537,0.002852,-0.930029,-0.630434,-0.735936,0.246826,-0.683288,0.677033,0.273442,-0.130808,-0.053293,-0.041847,-0.005824,-0.210316,0.227139,0.191867,-0.170973,0.056363,0.326686,0.611551,0.019133,0.790968,-0.475418,0.807887,0.34818,-0.633097,-0.588991,0.502137,0.129515,-0.000261,-0.134605,-0.160751,1.325906,-0.695064,-1.40313,0.004139,0.044219,-0.020115,-0.519332,-0.064696,0.852119,0.492612,-0.837455,0.236644,0.698302,0.542662,0.466788,0.058641,-0.000476,-0.067089,-0.269767,1.359612,-0.445334,-0.726441,0.096607,0.040474,-0.07566,-0.357287,0.065339,-0.931705,-0.737201,-0.632232,0.238362,-0.57348,0.772018,0.274056,-0.058925,-0.027557,-0.021478,0.000451,-0.248045,0.287849,0.063338
21,0.11272,0.036512,0.330741,-0.343679,-0.007707,-0.939079,-0.605602,-0.762436,0.227836,-0.717324,0.647018,0.258537,-0.119011,-0.050847,-0.041485,0.483995,-0.481427,0.322009,0.186554,-0.166021,0.056862,0.321658,0.594197,-0.001247,0.804313,-0.479084,0.802597,0.355317,-0.646706,-0.596456,0.475263,0.130595,0.015653,-0.125202,-0.036495,0.864613,-0.225226,-1.403897,0.006663,0.044456,-0.022693,-0.499186,-0.046772,0.865231,0.497651,-0.832907,0.24209,0.709334,0.551432,0.439051,0.065348,0.007985,-0.062557,-0.098058,0.956866,-0.162863,-0.723992,0.094184,0.039479,-0.076478,-0.335219,0.051388,-0.940737,-0.716895,-0.66179,0.219305,-0.611301,0.747925,0.258684,-0.059475,-0.025522,-0.020733,1.649447,-1.00866,0.355878,0.058439
22,0.108164,0.034613,0.329154,-0.311858,-0.015669,-0.950024,-0.576363,-0.791765,0.202202,-0.754983,0.610632,0.239072,-0.120091,-0.04753,-0.040434,-0.006579,-0.208403,0.233151,0.192257,-0.160859,0.057414,0.317423,0.576659,-0.008998,0.81693,-0.481511,0.803965,0.348887,-0.660623,-0.594533,0.458226,0.134121,0.001429,-0.090215,0.112948,0.318377,-0.174074,-1.404,0.009244,0.044725,-0.024833,-0.479637,-0.039888,0.876559,0.499521,-0.833708,0.235391,0.721406,0.550762,0.419802,0.066549,0.00726,-0.048163,0.17646,0.261307,-0.19115,-0.728727,0.091862,0.038514,-0.077284,-0.304505,0.038525,-0.95173,-0.692015,-0.695534,0.193255,-0.654516,0.717459,0.238453,-0.059965,-0.023593,-0.020013,-0.010206,-0.195807,0.218256,0.057133
23,0.105989,0.033696,0.328372,-0.293483,-0.012288,-0.955909,-0.57585,-0.79587,0.186973,-0.762719,0.605346,0.22769,-0.107365,-0.047225,-0.040705,-0.005969,-0.352839,0.449875,0.187277,-0.15821,0.057633,0.315712,0.567499,-0.008079,0.823329,-0.483181,0.806303,0.341095,-0.667297,-0.591374,0.452609,0.134229,0.010099,-0.084284,0.162182,0.146759,-0.060276,-1.404006,0.010569,0.044833,-0.02569,-0.469775,-0.041961,0.881787,0.500303,-0.835625,0.226773,0.727329,0.547694,0.413549,0.06711,0.006263,-0.041306,0.157067,0.231444,-0.199034,-0.732973,0.090815,0.038072,-0.07766,-0.2862,0.039055,-0.957373,-0.691953,-0.699573,0.178316,-0.662789,0.713492,0.227242,-0.05361,-0.023532,-0.020205,-0.008226,-0.237239,0.284936,0.057949
24,0.101989,0.031844,0.326795,-0.259466,-0.006995,-0.96575,-0.569092,-0.806799,0.158685,-0.779961,0.590779,0.20656,-0.095269,-0.047172,-0.041818,-0.006345,-0.363448,0.474185,0.194698,-0.153116,0.05777,0.313164,0.546773,0.004079,0.837266,-0.503091,0.800845,0.324777,-0.669857,-0.598801,0.438853,0.125029,-0.006196,-0.048793,0.037686,0.269219,-0.230164,-1.403993,0.013121,0.044902,-0.026982,-0.448046,-0.055535,0.892284,0.518268,-0.829382,0.20862,0.728459,0.555914,0.400384,0.062535,-0.002615,-0.024115,0.028035,0.262847,-0.229901,-0.736402,0.088811,0.037149,-0.078446,-0.251828,0.039115,-0.96698,-0.686761,-0.711219,0.150082,-0.681865,0.70188,0.205968,-0.047553,-0.023469,-0.020731,-0.008798,-0.470062,0.629414,0.055663
25,0.098508,0.030118,0.325246,-0.235802,-0.001103,-0.971824,-0.569354,-0.810237,0.139012,-0.787274,0.586089,0.191639,-0.081712,-0.04346,-0.039569,-0.005945,-0.264678,0.340337,0.263052,-0.148488,0.057498,0.311909,0.534317,0.017252,0.845103,-0.522274,0.792759,0.314161,-0.66519,-0.609253,0.431505,0.114328,-0.011511,-0.020152,0.010407,0.106274,-0.126659,-1.403901,0.01544,0.044769,-0.02762,-0.435084,-0.069727,0.897685,0.536332,-0.820888,0.196184,0.723221,0.566814,0.394552,0.050911,-0.005788,-0.009577,-0.017096,0.273915,-0.319867,-0.740647,0.087033,0.036264,-0.07924,-0.227166,0.041411,-0.972974,-0.687531,-0.714401,0.130116,-0.689706,0.698509,0.190759,-0.040751,-0.02148,-0.019511,-0.007212,-0.264142,0.340186,0.110202
26,0.096935,0.029383,0.324501,-0.227618,0.001339,-0.973772,-0.570947,-0.810241,0.13229,-0.788538,0.586079,0.186404,-0.079799,-0.027602,-0.043933,0.027876,-0.300696,0.37885,0.306304,-0.146304,0.057311,0.311655,0.525262,0.0328,0.850304,-0.540421,0.784629,0.303705,-0.657845,-0.619082,0.428766,0.113747,-0.00216,-0.012926,0.092078,-0.004552,-0.455419,-1.404047,0.016533,0.044672,-0.02775,-0.425755,-0.084882,0.900848,0.553392,-0.81211,0.18502,0.715883,0.577296,0.392733,0.051313,-0.007328,-0.002787,0.048878,-0.255941,-0.486933,-0.743587,0.086276,0.035903,-0.079598,-0.219048,0.042544,-0.974785,-0.689032,-0.714101,0.123669,-0.690834,0.698748,0.185737,-0.033755,-0.020428,-0.018642,-0.006273,-0.295619,0.393717,0.15772
27,0.093971,0.028122,0.323107,-0.219067,0.003411,-0.975727,-0.57234,-0.81032,0.125613,-0.789958,0.585958,0.180683,-0.078686,-0.020977,-0.039065,0.029012,0.022572,-0.087994,0.384415,-0.142367,0.056907,0.311756,0.512466,0.070469,0.855806,-0.575142,0.76813,0.281286,-0.638166,-0.636442,0.433068,0.09062,-0.015619,0.011091,-4.429321,-2.005382,-3.064328,-1.404225,0.018511,0.044483,-0.027702,-0.413412,-0.118719,0.902771,0.581273,-0.79756,0.161303,0.700864,0.591442,0.398729,0.045264,-0.007229,0.005937,0.044457,-0.04494,-0.31675,-0.752731,0.084764,0.035262,-0.080312,-0.209916,0.043348,-0.976757,-0.69045,-0.713903,0.116703,-0.692252,0.6989,0.179789,-0.039235,-0.010217,-0.019246,0.028407,0.022675,-0.087834,0.269737
28,0.09117,0.027276,0.321837,-0.219643,0.002116,-0.975601,-0.571558,-0.810677,0.126866,-0.790363,0.585472,0.180485,-0.063364,-0.014695,-0.033606,0.030585,0.104627,-0.198268,0.427253,-0.139082,0.056368,0.312348,0.50075,0.124149,0.856638,-0.618353,0.743744,0.253806,-0.606213,-0.656948,0.448094,0.077638,-0.010815,0.016087,0.330845,-0.754643,-1.004582,-1.403841,0.020157,0.044222,-0.0274,-0.402665,-0.174903,0.898481,0.626187,-0.768585,0.131016,0.667644,0.615374,0.419005,0.039487,-0.010628,0.011948,-0.198357,-0.447423,-1.066728,-0.758119,0.083386,0.03484,-0.080938,-0.210527,0.04221,-0.976676,-0.6898,-0.714349,0.117817,-0.692715,0.698515,0.179506,-0.038257,-0.005932,-0.015782,0.02834,0.006,-0.064339,0.350239
29,0.089802,0.027038,0.321313,-0.222452,0.001843,-0.974965,-0.575376,-0.807522,0.129699,-0.786798,0.589817,0.18191,-0.075025,-0.006123,-0.026747,-0.115991,0.122189,-0.177033,0.44428,-0.137541,0.056025,0.312809,0.493335,0.154771,0.855954,-0.640166,0.73073,0.23697,-0.58939,-0.665047,0.458471,0.078928,-0.019887,0.025072,-4.325139,-2.019426,-3.45063,-1.404021,0.020927,0.044057,-0.02717,-0.396987,-0.20335,0.895013,0.641915,-0.758493,0.112392,0.656007,0.619142,0.431645,0.033183,-0.010565,0.012641,0.190115,-0.321471,-0.66493,-0.75616,0.082677,0.034713,-0.081216,-0.2135,0.042311,-0.976025,-0.693044,-0.710703,0.12079,-0.688554,0.702218,0.181058,-0.03735,-0.002607,-0.012921,-0.117728,0.122894,-0.176993,0.379305
30,0.08718,0.02682,0.320594,-0.230648,0.004973,-0.973048,-0.587329,-0.797977,0.135086,-0.775519,0.602647,0.188185,-0.072888,-0.00574,-0.00873,-0.048107,0.112674,-0.186563,0.464571,-0.134988,0.055274,0.313722,0.475381,0.207491,0.854957,-0.675443,0.708669,0.203712,-0.564185,-0.674569,0.475935,0.066609,-0.021553,0.02501,-1.080224,-0.863678,-1.844148,-1.40392,0.022233,0.043683,-0.026698,-0.379701,-0.259647,0.887924,0.677737,-0.73137,0.075951,0.629682,0.630618,0.453674,0.033279,-0.010714,0.01251,-1.13155,-0.808071,-1.788031,-0.762528,0.081392,0.034602,-0.081575,-0.220971,0.046761,-0.974158,-0.703496,-0.699439,0.126002,-0.675473,0.71316,0.187453,-0.029003,0.001877,-0.00868,-0.117247,0.087967,-0.126166,0.418985
31,0.084699,0.026845,0.320387,-0.237906,0.008812,-0.971271,-0.599704,-0.787917,0.139691,-0.763762,0.615695,0.193945,-0.0565,0.001495,-0.001578,0.000901,0.090851,-0.131033,0.465952,-0.132779,0.054568,0.314437,0.457674,0.238412,0.856555,-0.704328,0.685083,0.185786,-0.543067,-0.688617,0.480362,0.053306,-0.01634,0.014162,-0.056677,0.104423,-0.318403,-1.403757,0.023316,0.043346,-0.026338,-0.362839,-0.29303,0.884579,0.705068,-0.707003,0.055,0.609284,0.643645,0.463134,0.020393,-0.009157,0.006929,-0.135788,0.307941,-0.45896,-0.766447,0.080146,0.034614,-0.08168,-0.227636,0.05194,-0.97236,-0.714257,-0.687612,0.130483,-0.661829,0.724218,0.193624,-0.034759,0.002569,0.000556,-0.006109,0.081034,-0.178321,0.43809
32,0.082296,0.027141,0.320611,-0.240821,0.011206,-0.970528,-0.612857,-0.77712,0.143043,-0.752322,0.629226,0.195224,-0.053891,0.00942,0.005602,0.0149,-0.070436,0.058749,0.476157,-0.130926,0.05406,0.314756,0.447287,0.247114,0.85957,-0.717426,0.672931,0.179996,-0.534488,-0.69749,0.477172,0.052358,-0.008515,0.004029,-0.044933,0.069655,-0.058298,-1.403704,0.024242,0.04309,-0.026174,-0.352222,-0.301087,0.886163,0.717747,-0.694556,0.049296,0.600648,0.653404,0.460743,0.019981,-0.005688,0.001518,-0.069939,0.234756,-0.258088,-0.76759,0.078945,0.034764,-0.081566,-0.230296,0.05442,-0.971597,-0.725615,-0.674888,0.13419,-0.648417,0.735909,0.194913,-0.033237,0.00719,0.004736,0.064948,-0.465099,0.591747,0.44854
33,0.081119,0.027373,0.320812,-0.24412,0.014212,-0.969664,-0.616807,-0.773832,0.143889,-0.748016,0.633201,0.198883,-0.05264,0.013047,0.008892,0.001513,0.060652,-0.081827,0.4765,-0.130112,0.053866,0.314772,0.444207,0.244549,0.861898,-0.718911,0.671294,0.18018,-0.535056,-0.699964,0.472893,0.040353,-0.013572,0.001325,-0.054993,0.11265,-0.101713,-1.403609,0.024669,0.042992,-0.026163,-0.348782,-0.29836,0.888443,0.719303,-0.692916,0.049685,0.600793,0.65639,0.456288,0.020213,-0.007057,0.000412,-0.043895,0.091859,-0.119184,-0.769223,0.078357,0.034879,-0.081466,-0.232971,0.058234,-0.970738,-0.729036,-0.671088,0.134706,-0.643607,0.739086,0.198799,-0.03307,0.007697,0.00517,-0.005355,0.067888,-0.153744,0.452949
34,0.078795,0.027823,0.321362,-0.238147,0.019318,-0.971061,-0.622259,-0.770673,0.137219,-0.745431,0.636902,0.196765,-0.066474,0.007027,0.020569,-0.03711,0.097466,-0.157415,0.453716,-0.128583,0.053677,0.314418,0.439112,0.251794,0.862422,-0.730844,0.65832,0.180046,-0.522941,-0.709664,0.471988,0.037971,0.004077,-0.017352,0.037921,-0.019553,0.06089,-1.403884,0.025418,0.042898,-0.026332,-0.343791,-0.305969,0.8878,0.731475,-0.680114,0.048863,0.588855,0.666203,0.457626,0.019831,-0.003828,-0.005225,0.004702,-0.027366,0.065125,-0.770693,0.077202,0.035113,-0.081189,-0.226103,0.062285,-0.97211,-0.733892,-0.667105,0.127953,-0.64053,0.742355,0.196545,-0.026422,0.002562,0.009854,-0.041614,0.050987,-0.123881,0.442825
35,0.076854,0.028341,0.321949,-0.237757,0.03054,-0.970868,-0.622207,-0.772296,0.128025,-0.745599,0.634478,0.203831,-0.050596,0.018606,0.013791,0.147072,0.513902,0.233585,0.434253,-0.127198,0.053529,0.313752,0.436146,0.26382,0.86033,-0.744413,0.642839,0.180389,-0.505986,-0.719439,0.475656,0.026369,-0.003386,-0.022083,0.042697,-0.024099,0.013802,-1.403502,0.026115,0.042827,-0.026663,-0.341375,-0.318178,0.884434,0.745351,-0.664905,0.048489,0.572637,0.675768,0.464136,0.020404,-0.007072,-0.007912,0.00453,-0.11148,0.172935,-0.770693,0.076226,0.035369,-0.080892,-0.223896,0.07118,-0.972009,-0.734106,-0.668318,0.120156,-0.641059,0.740461,0.201887,-0.018696,0.007759,0.005927,0.1638,0.545941,0.288387,0.414739
36,0.075934,0.028727,0.322203,-0.240641,0.038217,-0.969885,-0.621487,-0.773585,0.123662,-0.745271,0.632478,0.211117,-0.050463,0.018854,0.013965,0.168095,0.485818,0.421311,0.424629,-0.126497,0.05345,0.313325,0.433233,0.268362,0.860397,-0.747926,0.639634,0.177229,-0.503296,-0.720622,0.476718,0.026666,-0.004916,-0.023401,0.028113,0.00699,-0.00921,-1.403542,0.02679,0.042728,-0.027116,-0.339434,-0.324895,0.882738,0.747721,-0.662576,0.043653,0.570699,0.67486,0.467831,0.013482,-0.003142,-0.012321,0.048413,-0.101733,0.172838,-0.773142,0.075299,0.03576,-0.080628,-0.22771,0.09033,-0.969529,-0.732905,-0.671447,0.109577,-0.64109,0.735525,0.219099,-0.025373,0.009006,0.006594,0.2189,0.739429,0.354942,0.390735
37,0.07414,0.029395,0.322657,-0.247024,0.059328,-0.967215,-0.619997,-0.776746,0.110645,-0.744416,0.626925,0.229863,-0.051931,0.014748,0.010086,0.130919,0.369516,0.340405,0.421268,-0.125307,0.053247,0.312395,0.432856,0.275393,0.858363,-0.750527,0.637443,0.174096,-0.499731,-0.71992,0.481505,0.026841,-0.005319,-0.023889,0.006383,-0.028372,-0.003619,-1.403463,0.027071,0.042676,-0.027357,-0.338618,-0.329652,0.881287,0.75078,-0.659222,0.041886,0.567156,0.675837,0.47072,0.013453,-0.002782,-0.012066,-0.008922,0.003778,0.023028,-0.769713,0.074874,0.03591,-0.080525,-0.229073,0.103174,-0.967925,-0.73239,-0.673267,0.101565,-0.641193,0.732165,0.229791,-0.019348,0.005882,0.004137,0.161233,0.444751,0.43259,0.385347
38,0.072444,0.02977,0.322932,-0.2513,0.092967,-0.963458,-0.619278,-0.780411,0.086168,-0.743577,0.618184,0.254891,-0.053218,0.011368,0.006893,0.261437,0.790205,0.633107,0.417052,-0.124176,0.053146,0.311386,0.433427,0.282446,0.855778,-0.758986,0.626299,0.177832,-0.486265,-0.726946,0.484725,0.027067,-0.006049,-0.024655,-0.009528,-0.28241,0.332498,-1.40395,0.027637,0.042625,-0.027862,-0.339663,-0.336143,0.878428,0.759879,-0.648456,0.045682,0.554266,0.683016,0.475685,0.013549,-0.003034,-0.012356,-0.015177,-0.293338,0.346486,-0.776244,0.074027,0.036098,-0.080386,-0.227968,0.135199,-0.964235,-0.73215,-0.676635,0.078224,-0.64186,0.723799,0.253237,-0.020139,0.003768,0.002157,0.299529,0.778982,0.906693,0.380938
39,0.070964,0.030068,0.323135,-0.251405,0.129617,-0.959187,-0.61533,-0.786333,0.054965,-0.746812,0.60387,0.27864,-0.039934,0.008526,0.005112,0.729014,0.647431,0.696046,0.403731,-0.123102,0.053134,0.31025,0.439762,0.293105,0.848934,-0.766197,0.615485,0.184534,-0.468947,-0.731961,0.49415,0.038135,0.006982,-0.032171,0.083654,-0.069734,0.072686,-1.403564,0.028174,0.042618,-0.028431,-0.34706,-0.346492,0.871488,0.76805,-0.638267,0.052101,0.53819,0.687428,0.48764,0.019102,0.003388,-0.016191,0.075342,-0.035029,0.08622,-0.780164,0.073265,0.036247,-0.080286,-0.222556,0.172748,-0.959492,-0.729007,-0.682948,0.046135,-0.647314,0.709745,0.277929,-0.019994,0.004186,0.002506,0.758571,0.737749,0.75881,0.366568
40,0.070239,0.030182,0.323246,-0.251413,0.147698,-0.956568,-0.606877,-0.793923,0.036864,-0.753691,0.5896,0.290429,-0.040376,0.00742,0.004066,1.870574,0.663909,0.594956,0.393401,-0.122624,0.053182,0.309605,0.447845,0.29916,0.842573,-0.767069,0.612627,0.190333,-0.459781,-0.731918,0.502752,0.013216,0.00109,-0.034143,0.06456,-0.058614,0.026268,-1.403548,0.028412,0.042644,-0.028751,-0.355978,-0.35203,0.865652,0.769638,-0.635847,0.057918,0.530034,0.686857,0.497283,0.006644,0.000443,-0.017172,0.052658,-0.01772,0.044728,-0.785552,0.072918,0.036303,-0.080231,-0.219658,0.189363,-0.957022,-0.722782,-0.690455,0.029276,-0.655237,0.698149,0.288531,-0.020862,-0.001693,0.006202,5.425873,0.195572,-0.960265,0.357261
41,0.068775,0.030079,0.323371,-0.252144,0.177953,-0.951211,-0.576686,-0.816949,-2.5e-05,-0.776788,0.548318,0.309797,-0.044784,-0.010912,0.005249,5.391046,0.39676,-0.894078,0.365394,-0.12176,0.053434,0.308224,0.464843,0.317853,0.826366,-0.776896,0.593985,0.208684,-0.42508,-0.739395,0.521982,0.025681,0.004582,-0.032906,-0.034338,-0.250316,0.151859,-1.403178,0.028836,0.042764,-0.029434,-0.37504,-0.369191,0.850318,0.78192,-0.618697,0.076247,0.49794,0.693477,0.520714,0.005695,0.006724,-0.020342,-0.364026,-0.282744,-0.089292,-0.787185,0.072174,0.036261,-0.080161,-0.215809,0.221974,-0.950869,-0.696169,-0.717813,-0.009566,-0.68467,0.659902,0.309443,-0.022581,-0.005942,0.002223,5.387755,0.357974,-0.909478,0.32346
42,0.067207,0.02944,0.323369,-0.254946,0.201736,-0.945701,-0.541799,-0.839837,-0.033149,-0.800612,0.503674,0.324592,-0.033927,-0.019604,-0.001941,0.570951,0.324648,0.633802,0.348326,-0.120722,0.053896,0.306827,0.46818,0.364901,0.804765,-0.809843,0.541391,0.225797,-0.353866,-0.757894,0.547941,0.036351,0.019679,-0.038625,-1.172654,-0.743751,-0.625843,-1.403459,0.029351,0.042989,-0.03013,-0.382252,-0.413905,0.826175,0.816993,-0.569117,0.092882,0.431747,0.710484,0.555704,0.012746,0.003145,-0.01578,-4.414128,-1.599247,-2.824336,-0.78294,0.071402,0.035947,-0.080163,-0.215438,0.244343,-0.945452,-0.663934,-0.746628,-0.04167,-0.716084,0.618741,0.32308,-0.023924,-0.009082,-0.000774,1.725125,0.570238,0.324505,0.294884
43,0.066414,0.028933,0.323386,-0.261085,0.204507,-0.943428,-0.508911,-0.859596,-0.045554,-0.819966,0.467969,0.329679,-0.036529,-0.03313,0.003665,5.387089,0.578781,-1.374349,0.336666,-0.120119,0.054157,0.306161,0.465792,0.390232,0.794196,-0.823921,0.518483,0.228611,-0.323131,-0.76132,0.561998,0.036099,0.021238,-0.03735,0.21063,-0.720993,0.233884,-1.403553,0.029944,0.043248,-0.030791,-0.374566,-0.463478,0.803048,0.849287,-0.51902,0.096582,0.372035,0.718196,0.588034,0.011645,0.009948,-0.018503,-3.811623,-2.244402,-3.158145,-0.776734,0.070614,0.035389,-0.080131,-0.228005,0.249365,-0.941185,-0.603776,-0.79456,-0.064251,-0.763851,0.553616,0.331724,-0.018378,-0.016703,0.001698,1.572367,0.232681,-0.224173,0.266471
44,0.064917,0.027716,0.323524,-0.275546,0.203904,-0.939437,-0.445885,-0.89285,-0.063066,-0.8513,0.401244,0.338109,-0.036277,-0.031948,0.004643,5.218645,0.720701,-1.58384,0.330826,-0.118979,0.054654,0.304886,0.45097,0.439056,0.777076,-0.853136,0.467682,0.231013,-0.262544,-0.767671,0.584478,0.025121,0.008608,-0.029793,0.25216,-0.780958,0.06843,-1.403225,0.030217,0.043367,-0.031094,-0.369574,-0.484636,0.792806,0.863106,-0.495081,0.099706,0.344182,0.721125,0.601262,0.018804,0.005998,-0.014265,-1.187799,-0.804909,-0.439887,-0.773305,0.070268,0.035094,-0.080097,-0.233836,0.250167,-0.93954,-0.581276,-0.810588,-0.071162,-0.779383,0.529492,0.33496,-0.018097,-0.015892,0.002426,0.204901,0.543394,0.59408,0.260756
45,0.063514,0.026628,0.323754,-0.292886,0.190948,-0.936911,-0.378927,-0.922785,-0.06967,-0.877513,0.334373,0.343793,-0.034674,-0.027558,0.008685,1.592601,0.399591,-0.324835,0.33325,-0.118064,0.055145,0.303849,0.436943,0.472933,0.765119,-0.875643,0.41795,0.241869,-0.205924,-0.776236,0.595749,0.024149,0.014007,-0.025171,0.098723,-0.264255,0.35082,-1.403508,0.030685,0.043609,-0.03163,-0.35743,-0.51976,0.775946,0.888041,-0.446396,0.110051,0.289179,0.728408,0.621124,0.012008,0.007473,-0.012193,0.077164,-0.276844,0.359622,-0.762365,0.069549,0.034529,-0.079988,-0.253829,0.239029,-0.937248,-0.516305,-0.852873,-0.077684,-0.817923,0.464188,0.339896,-0.017453,-0.013983,0.004124,5.349253,0.857589,-1.588847,0.256184
46,0.062298,0.025797,0.324163,-0.316437,0.15748,-0.935475,-0.274494,-0.959119,-0.068666,-0.907657,0.234851,0.347894,-0.018485,-0.023666,0.013433,1.527799,0.181289,-0.645875,0.361995,-0.117272,0.055462,0.303098,0.419577,0.500257,0.757423,-0.893691,0.373456,0.248557,-0.159032,-0.781806,0.602786,0.010905,0.014912,-0.022756,0.08829,-0.140284,0.19552,-1.403088,0.031086,0.043769,-0.032005,-0.341849,-0.546641,0.764409,0.907655,-0.402834,0.117836,0.243516,0.734102,0.633871,0.012796,0.002509,-0.008029,0.04762,-0.124781,0.179808,-0.762528,0.068944,0.03411,-0.079794,-0.281828,0.211932,-0.935765,-0.422458,-0.90308,-0.077297,-0.861453,0.373537,0.344045,-0.015818,-0.009945,0.007983,0.404486,0.091156,-0.277099,0.278065
47,0.061807,0.025558,0.324414,-0.323445,0.14477,-0.935131,-0.240576,-0.968317,-0.066753,-0.914771,0.203193,0.349191,-0.016926,-0.019851,0.01705,1.484044,0.169114,-0.636487,0.361261,-0.116915,0.055585,0.302812,0.414023,0.50828,0.755135,-0.898629,0.360082,0.250479,-0.145101,-0.782915,0.604857,0.01232,0.005802,-0.013678,0.020878,-0.141925,0.152141,-1.403162,0.031269,0.043834,-0.032158,-0.336964,-0.554545,0.760877,0.912989,-0.389883,0.120172,0.230012,0.735166,0.63767,0.006128,0.003147,-0.006638,0.024099,-0.137904,0.153722,-0.759426,0.068697,0.033986,-0.079672,-0.290585,0.200291,-0.935651,-0.390327,-0.917599,-0.075203,-0.873616,0.343357,0.34482,-0.007518,-0.004009,0.004913,-0.029219,0.033937,-0.048431,0.291618
48,0.061081,0.025328,0.325012,-0.33102,0.130801,-0.934538,-0.206583,-0.976349,-0.063537,-0.92034,0.171858,0.351377,-0.012599,-0.00216,0.01532,0.104909,0.029919,-0.071874,0.359643,-0.116402,0.05572,0.302463,0.403741,0.516399,0.755193,-0.906789,0.334921,0.255921,-0.121264,-0.788761,0.602507,0.000943,-0.004869,-0.004292,-0.094343,0.144249,0.091681,-1.403333,0.031526,0.043905,-0.03233,-0.326902,-0.562885,0.75914,0.922282,-0.365302,0.126291,0.206228,0.741427,0.638557,0.006715,-0.00078,-0.001545,-0.120354,0.157831,0.181823,-0.76955,0.068322,0.033864,-0.079367,-0.3015,0.185764,-0.935194,-0.352768,-0.932967,-0.071592,-0.885805,0.308322,0.346821,-0.007103,-0.006634,0.011667,0.396181,0.07411,-0.207687,0.293741
49,0.060541,0.025196,0.325795,-0.339182,0.112801,-0.933957,-0.160908,-0.985093,-0.060597,-0.926453,0.129581,0.35344,-0.011371,0.000758,0.018058,0.007316,0.023204,-0.035249,0.365938,-0.115962,0.055625,0.302376,0.390102,0.525997,0.755738,-0.915601,0.307895,0.258477,-0.097204,-0.793432,0.600733,0.015366,-0.013349,0.003652,-0.040875,0.011044,-0.013561,-1.403038,0.03174,0.043864,-0.032373,-0.313704,-0.572455,0.757551,0.931854,-0.338793,0.129869,0.182309,0.746668,0.639725,0.00658,-8.7e-05,-0.000936,0.002057,-0.0246,0.014762,-0.760895,0.068054,0.033801,-0.078972,-0.312334,0.169174,-0.934787,-0.308929,-0.948617,-0.068456,-0.898337,0.267402,0.348548,-0.006423,-0.005006,0.013197,0.067935,0.052053,-0.084177,0.296843
50,0.06033,0.02511,0.326248,-0.342171,0.105869,-0.933679,-0.143982,-0.987788,-0.059296,-0.928133,0.114005,0.354398,-0.010563,0.002669,0.019845,-0.034457,0.004526,0.004432,0.370934,-0.115763,0.055508,0.302339,0.386938,0.528221,0.755813,-0.91744,0.302286,0.258574,-0.092358,-0.794114,0.600596,0.013651,-0.002695,-0.004084,-0.010827,-0.000549,-0.001054,-1.403069,0.031838,0.043812,-0.032386,-0.310602,-0.574774,0.757074,0.933801,-0.333319,0.13005,0.177598,0.747351,0.640254,0.006837,-0.001395,-0.002092,-0.1115,-0.036526,-0.083349,-0.758936,0.067948,0.033758,-0.078746,-0.316369,0.162755,-0.934569,-0.292609,-0.953876,-0.067064,-0.90238,0.252247,0.349401,-0.006281,-0.004659,0.013516,-0.071506,0.042739,-0.031495,0.302395
51,0.060081,0.024917,0.327228,-0.347422,0.102072,-0.932161,-0.133694,-0.989277,-0.058554,-0.927715,0.104148,0.358505,-0.011457,-0.00674,0.029387,-0.04675,0.233303,-0.144904,0.372276,-0.115597,0.055264,0.302121,0.380025,0.532483,0.75633,-0.921206,0.290971,0.258166,-0.083063,-0.795499,0.600121,0.001536,-0.007835,-0.00694,-0.115574,-0.020403,-0.111789,-1.402797,0.031926,0.043686,-0.032493,-0.303794,-0.579155,0.756497,0.937742,-0.322085,0.129997,0.168368,0.748892,0.640946,0.000795,-0.004036,-0.003578,-0.115179,-0.019962,-0.111793,-0.763508,0.067825,0.033668,-0.078256,-0.32208,0.160081,-0.933079,-0.282858,-0.956851,-0.066522,-0.903468,0.242504,0.353463,0.001108,-0.004624,0.01408,-0.049188,0.099946,0.080545,0.310233
52,0.060067,0.024817,0.328293,-0.351176,0.092925,-0.931711,-0.111856,-0.992083,-0.056843,-0.929185,0.084133,0.35995,0.004695,0.003874,0.021966,0.105271,-0.001554,-0.019487,0.372449,-0.11555,0.054925,0.30181,0.3633,0.544973,0.755652,-0.929319,0.26876,0.253119,-0.065588,-0.794869,0.603113,0.002053,-0.01047,-0.009305,0.155984,-0.20534,-0.267793,-1.403451,0.031949,0.043522,-0.032644,-0.288248,-0.590874,0.753511,0.945578,-0.299714,0.126696,0.150977,0.749025,0.64511,0.000929,-0.004729,-0.004205,0.269145,-0.391831,-0.401619,-0.771509,0.067812,0.033614,-0.077721,-0.327236,0.151419,-0.932731,-0.261864,-0.962949,-0.064453,-0.907933,0.223158,0.354763,0.00149,-0.003703,0.014908,0.397937,0.038647,-0.160531,0.311376
53,0.060179,0.024835,0.329336,-0.354742,0.092281,-0.930424,-0.107605,-0.992517,-0.05747,-0.928328,0.079609,0.363176,0.00569,0.006269,0.024097,5.108912,0.310287,-1.971087,0.376785,-0.1155,0.054523,0.301456,0.341841,0.56118,0.7538,-0.938675,0.241195,0.24627,-0.044026,-0.792447,0.608237,0.002014,-0.010272,-0.009165,-0.207092,-0.341673,-0.539193,-1.403119,0.031974,0.043317,-0.032825,-0.26746,-0.607587,0.747865,0.954656,-0.272406,0.120104,0.13075,0.746078,0.652894,0.001054,-0.005364,-0.004793,-1.012877,-0.755818,-1.339342,-0.775428,0.06787,0.033624,-0.077191,-0.3307,0.152037,-0.931408,-0.259421,-0.963562,-0.065177,-0.907379,0.220073,0.358091,0.002822,0.003263,0.012064,5.104655,0.286685,-1.978075,0.314968
54,0.060271,0.024848,0.329869,-0.355286,0.092033,-0.930241,-0.108382,-0.992468,-0.056852,-0.928029,0.080501,0.363743,0.003879,-0.005282,0.031645,-0.065476,0.121065,-0.145773,0.378642,-0.115509,0.054316,0.301264,0.33365,0.567173,0.752984,-0.941981,0.230241,0.244123,-0.035312,-0.791445,0.610108,0.002197,-0.011216,-0.010027,-0.330791,-0.15353,-0.409691,-1.403163,0.031971,0.04321,-0.032923,-0.258767,-0.614502,0.745269,0.958167,-0.260972,0.117506,0.122288,0.7445,0.656327,0.001106,-0.005625,-0.005029,-0.361913,-0.124614,-0.384838,-0.777061,0.067917,0.033633,-0.076922,-0.331443,0.151175,-0.931284,-0.25849,-0.96386,-0.064467,-0.907374,0.219361,0.358542,0.001955,-0.002572,0.015886,-0.067888,0.118641,-0.146649,0.316928
55,0.060439,0.024935,0.330944,-0.361644,0.093886,-0.927602,-0.110376,-0.992214,-0.057451,-0.925328,0.081484,0.370347,0.005451,0.00576,0.023467,-0.031295,0.000141,0.040907,0.383286,-0.115502,0.053928,0.300926,0.317789,0.579154,0.75072,-0.947933,0.208701,0.240419,-0.017821,-0.788747,0.614348,0.001673,-0.008544,-0.007666,-0.173909,-0.381678,-0.58105,-1.403113,0.031975,0.043014,-0.033094,-0.24492,-0.624914,0.741279,0.963852,-0.239651,0.116428,0.104892,0.742999,0.661021,0.000814,-0.004162,-0.003751,-0.874052,-1.01247,-1.31279,-0.774448,0.068,0.033677,-0.076391,-0.337691,0.154181,-0.928543,-0.26046,-0.963278,-0.065225,-0.904502,0.219823,0.365448,-0.004716,-0.000946,0.016813,-0.071385,0.004585,-0.019235,0.322153
