frame,MLTx,MLTy,MLTz,MLTR1,MLTR2,MLTR3,MLTR4,MLTR5,MLTR6,MLTR7,MLTR8,MLTR9,MLTTVx,MLTTVy,MLTTVz,MLTRVx,MLTRVy,MLTRVz,MLGA,MRTx,MRTy,MRTz,MRTR1,MRTR2,MRTR3,MRTR4,MRTR5,MRTR6,MRTR7,MRTR8,MRTR9,MRTTVx,MRTTVy,MRTTVz,MRTRVx,MRTRVy,MRTRVz,MRGA,SLTx,SLTy,SLTz,SLTR1,SLTR2,SLTR3,SLTR4,SLTR5,SLTR6,SLTR7,SLTR8,SLTR9,SLTTVx,SLTTVy,SLTTVz,SLTRVx,SLTRVy,SLTRVz,SLGA,SRTx,SRTy,SRTz,SRTR1,SRTR2,SRTR3,SRTR4,SRTR5,SRTR6,SRTR7,SRTR8,SRTR9,SRTTVx,SRTTVy,SRTTVz,SRTRVx,SRTRVy,SRTRVz,SRGA
1,0.146409,-0.068446,0.294784,-0.46725,0.390006,-0.793485,-0.610727,-0.791279,-0.029358,-0.638743,0.470396,0.608902,0.000295,-0.008351,0.012238,0.016355,0.219017,0.09266,-0.302876,-0.163829,-0.066666,0.283415,-0.529568,-0.218856,0.819544,0.732734,-0.60465,0.312144,0.427866,0.766072,0.479508,0.001033,-0.005129,0.017454,-0.04241,0.018078,0.019041,-1.061871,0.044603,0.020608,-0.014846,0.580358,0.202529,0.788774,-0.698278,0.62215,0.354028,-0.419035,-0.756247,0.502492,0.008303,0.003059,0.003756,0.012842,-0.029133,0.060674,-0.948189,0.07567,0.015662,-0.057366,0.472667,-0.385769,-0.792317,0.60477,0.79595,-0.026755,0.640967,-0.466524,0.609521,0.000163,-0.00403,0.006339,0.038812,0.275456,0.157289,-0.466214
2,0.146352,-0.068601,0.295014,-0.466877,0.395465,-0.790999,-0.611508,-0.790475,-0.034335,-0.638269,0.467176,0.611871,0.000286,-0.008407,0.01215,0.097382,0.572805,0.298131,-0.303836,-0.163592,-0.066567,0.28356,-0.530278,-0.215967,0.819851,0.731935,-0.604491,0.314319,0.428354,0.767014,0.477563,6.2e-05,0.004335,0.006801,-0.145308,0.420442,0.236392,-1.061717,0.044722,0.020656,-0.014766,0.581098,0.201633,0.788459,-0.697655,0.622271,0.355041,-0.419048,-0.756387,0.502271,1.9e-05,0.002111,0.003302,-0.268384,0.600073,0.317463,-0.947536,0.075642,0.015584,-0.057251,0.471731,-0.389518,-0.79104,0.605405,0.795328,-0.030602,0.641057,-0.464464,0.610998,7.1e-05,-0.004637,0.005425,-0.037985,0.033187,-0.010005,-0.466703
3,0.146271,-0.068935,0.295422,-0.464707,0.404427,-0.787738,-0.613056,-0.788829,-0.043398,-0.638371,0.462253,0.615493,-0.016363,-0.008386,0.011783,-0.006341,0.159085,0.018577,-0.311634,-0.163096,-0.066384,0.283726,-0.531667,-0.215673,0.819028,0.731086,-0.604943,0.315422,0.428083,0.766739,0.478246,2.7e-05,0.002119,0.003318,-3.1e-05,9e-05,5.1e-05,-1.061104,0.04497,0.020748,-0.014682,0.582405,0.199482,0.788042,-0.696389,0.622519,0.357086,-0.419339,-0.756753,0.501476,0.008277,0.001609,0.001462,0.004266,-0.018676,0.027633,-0.94525,0.075607,0.015418,-0.057047,0.470429,-0.400692,-0.78622,0.607238,0.793458,-0.041045,0.64028,-0.458114,0.616581,7e-05,-0.004631,0.005435,-0.005526,0.032395,0.245223,-0.470623
4,0.146245,-0.069291,0.29574,-0.465168,0.414814,-0.782044,-0.61503,-0.786797,-0.051577,-0.636133,0.456469,0.622092,0.0,1e-06,2e-06,0.06697,0.293195,0.147916,-0.31381,-0.162512,-0.066284,0.283827,-0.532928,-0.215405,0.818279,0.730355,-0.605278,0.316471,0.427765,0.76655,0.478835,0.016543,0.002381,0.001612,0.002045,-0.015205,0.029245,-1.059105,0.045256,0.020796,-0.014634,0.583596,0.199228,0.787225,-0.69561,0.622834,0.358054,-0.418977,-0.756561,0.502069,0.00827,0.001279,0.000932,0.001917,-0.015376,0.029122,-0.945087,0.075588,0.015237,-0.056882,0.470718,-0.410348,-0.781049,0.60919,0.791526,-0.048709,0.638209,-0.452879,0.622566,-2.9e-05,-0.005297,0.004432,0.063132,0.430966,0.187816,-0.473072
5,0.146244,-0.069462,0.295874,-0.463348,0.418323,-0.781255,-0.61574,-0.785958,-0.055725,-0.636775,0.454705,0.622725,-3.9e-05,-0.010542,0.008941,0.009683,0.211675,0.081753,-0.322827,-0.162214,-0.066239,0.283859,-0.533288,-0.215325,0.818066,0.730142,-0.60538,0.316768,0.427681,0.766492,0.479002,0.016542,0.002589,0.001927,0.00384,-0.028821,0.054579,-1.05785,0.045398,0.020816,-0.014621,0.583902,0.199151,0.787017,-0.695406,0.622917,0.358307,-0.41889,-0.756513,0.502214,0.008267,0.000896,0.000332,0.001909,-0.015287,0.029155,-0.94525,0.075588,0.015159,-0.056823,0.468994,-0.413842,-0.780242,0.609859,0.790746,-0.052835,0.638839,-0.451059,0.623241,-1.1e-05,-4.1e-05,-6.2e-05,0.079179,0.343019,0.166079,-0.476338
6,0.146255,-0.06966,0.296042,-0.461051,0.422116,-0.780574,-0.616731,-0.784849,-0.06022,-0.637486,0.453111,0.623161,-0.0,-0.0,-0.0,0.000559,0.002472,0.001244,-0.326776,-0.161682,-0.066196,0.283837,-0.534091,-0.215148,0.817588,0.729655,-0.605627,0.317419,0.427511,0.766346,0.479387,-2e-06,-0.000299,-0.000468,-0.0,0.0,0.0,-1.054211,0.045677,0.020841,-0.014629,0.584729,0.198945,0.786455,-0.694841,0.623162,0.358976,-0.418673,-0.756366,0.502616,0.008262,0.000215,-0.000742,0.001964,-0.015252,0.029173,-0.942474,0.075593,0.015055,-0.056736,0.466938,-0.418163,-0.779171,0.610965,0.789558,-0.057601,0.639287,-0.449151,0.624158,-5e-06,-5e-06,-7e-06,-0.005925,-0.017383,-0.009346,-0.483033
7,0.146254,-0.069806,0.296156,-0.456962,0.424243,-0.781824,-0.617794,-0.783694,-0.064236,-0.639401,0.45312,0.621188,-2.9e-05,-0.000192,-0.000287,0.0,1e-06,0.0,-0.328087,-0.161148,-0.066197,0.283785,-0.534884,-0.214974,0.817115,0.729195,-0.605831,0.318085,0.427304,0.766233,0.479751,0.016522,0.00039,-0.001545,0.002045,-0.015205,0.029245,-1.044935,0.045937,0.020839,-0.014657,0.585468,0.198759,0.785952,-0.694356,0.623344,0.359599,-0.418445,-0.756264,0.502958,-1e-06,-0.000374,-0.000595,-5.9e-05,-5.2e-05,-1.5e-05,-0.940515,0.075593,0.014978,-0.056676,0.462697,-0.420219,-0.780593,0.612101,0.788377,-0.061586,0.641282,-0.449307,0.621996,-2.2e-05,-0.000125,-0.000186,0.005257,-0.090159,0.175903,-0.484502
8,0.146238,-0.070006,0.296283,-0.452135,0.426805,-0.783235,-0.619259,-0.782149,-0.068804,-0.641416,0.453381,0.618917,-4.4e-05,-0.000293,-0.000439,0.005784,-0.090228,0.177154,-0.328629,-0.160715,-0.066197,0.283709,-0.535374,-0.214862,0.816824,0.728891,-0.60599,0.318478,0.427209,0.766139,0.479987,-3e-06,-0.000671,-0.00105,-0.0,0.0,0.0,-1.013924,0.04616,0.020838,-0.014696,0.585957,0.198633,0.785619,-0.694014,0.623497,0.359991,-0.418326,-0.756171,0.503197,0.008264,7.3e-05,-0.000978,0.002009,-0.015223,0.029222,-0.9348,0.075584,0.014878,-0.056613,0.458021,-0.422734,-0.781992,0.613524,0.786908,-0.066044,0.643276,-0.449521,0.619779,-4.4e-05,-0.005422,0.004242,-0.036228,0.013243,-0.019643,-0.485319
9,0.146225,-0.070115,0.296378,-0.450979,0.427505,-0.78352,-0.620031,-0.781469,-0.069576,-0.641487,0.453892,0.618469,-3.3e-05,-0.010496,0.009004,-0.029833,-0.077597,0.158624,-0.328303,-0.160554,-0.066206,0.283672,-0.535572,-0.214818,0.816705,0.728773,-0.606046,0.318642,0.427162,0.766107,0.480079,-3e-06,-0.000627,-0.000982,-0.0,0.0,0.0,-1.007848,0.046241,0.020833,-0.014715,0.586147,0.198584,0.78549,-0.693886,0.623549,0.360148,-0.418272,-0.756141,0.503287,1e-06,-0.000371,-0.000591,-2.4e-05,-1.4e-05,-1.5e-05,-0.934473,0.075578,0.014823,-0.056566,0.456755,-0.423512,-0.782311,0.614359,0.786183,-0.066912,0.643379,-0.450058,0.619282,-1.7e-05,-0.005234,0.004524,-0.029747,-0.077516,0.15841,-0.485319
10,0.1462,-0.070387,0.296638,-0.449625,0.42836,-0.783831,-0.621275,-0.780425,-0.070187,-0.641234,0.454879,0.618005,2.2e-05,0.000147,0.000221,0.0,0.0,0.0,-0.323056,-0.160306,-0.066215,0.283625,-0.535898,-0.214745,0.81651,0.728578,-0.606138,0.318911,0.427085,0.766054,0.480232,-1e-06,-0.000347,-0.000544,-0.0,0.0,0.0,-0.992514,0.046365,0.020828,-0.014739,0.58646,0.198504,0.785277,-0.693675,0.623635,0.360405,-0.418184,-0.756091,0.503435,0.008265,0.000301,-0.000628,0.002035,-0.015209,0.029214,-0.936433,0.075566,0.014687,-0.056435,0.455412,-0.424373,-0.782627,0.615609,0.785153,-0.067519,0.643136,-0.451043,0.618817,8e-06,7.7e-05,0.000116,0.000114,6e-06,-9.1e-05,-0.484502
11,0.14621,-0.070801,0.296982,-0.449254,0.428675,-0.783871,-0.622353,-0.779606,-0.069725,-0.640448,0.455983,0.618006,-7.2e-05,-0.010749,0.008617,-0.035627,0.012518,-0.018587,-0.306952,-0.160182,-0.066217,0.283606,-0.536071,-0.214706,0.816407,0.728476,-0.606186,0.319053,0.427044,0.766026,0.480313,-0.0,-2e-05,-3.1e-05,-0.0,0.0,0.0,-0.9393,0.046427,0.020827,-0.01475,0.586624,0.198463,0.785164,-0.693564,0.62368,0.360542,-0.418137,-0.756065,0.503513,1e-06,1.3e-05,1.9e-05,-8e-06,-9e-06,-8e-06,-0.927452,0.075571,0.014485,-0.056266,0.45503,-0.424697,-0.782673,0.616678,0.784351,-0.067083,0.642381,-0.452133,0.618805,-4.8e-05,-0.005419,0.004241,-0.035551,0.012517,-0.018661,-0.476991
12,0.14622,-0.071055,0.297177,-0.447837,0.431961,-0.782878,-0.622997,-0.778757,-0.073376,-0.640817,0.454329,0.618843,-0.000142,-0.011215,0.007917,-0.009735,0.133065,0.041398,-0.295712,-0.160183,-0.066214,0.283592,-0.536066,-0.214707,0.816411,0.728467,-0.606205,0.319036,0.427065,0.766011,0.480318,-0.0,-1.9e-05,-3e-05,-0.0,0.0,0.0,-0.925231,0.046426,0.020829,-0.014756,0.58662,0.198463,0.785168,-0.693556,0.623699,0.360525,-0.418158,-0.75605,0.50352,1e-06,8e-06,1e-05,-3e-06,-5e-06,-1.6e-05,-0.925982,0.075576,0.014359,-0.056167,0.453628,-0.427967,-0.781706,0.617307,0.783535,-0.070742,0.64277,-0.450462,0.61962,-0.000109,-0.010961,0.008296,-0.032918,0.092008,0.215689,-0.471112
13,0.146243,-0.071559,0.29761,-0.442602,0.434536,-0.784428,-0.624152,-0.777331,-0.078503,-0.643329,0.454312,0.616243,-2.6e-05,-0.010448,0.009061,-0.029761,-0.07682,0.159015,-0.285149,-0.160272,-0.066195,0.283575,-0.53596,-0.214728,0.816475,0.728496,-0.606236,0.318912,0.427149,0.765981,0.480292,-0.016529,-0.000983,0.000644,-0.002045,0.015205,-0.029245,-0.905334,0.046382,0.020839,-0.014764,0.586518,0.198487,0.785237,-0.693592,0.62373,0.360402,-0.418241,-0.756017,0.503498,-0.008262,-0.000484,0.000332,-0.002052,0.015209,-0.029247,-0.927452,0.075587,0.014105,-0.055953,0.448541,-0.430556,-0.783218,0.618461,0.782152,-0.075783,0.645225,-0.450399,0.61711,-1.9e-05,-0.005217,0.004539,-0.037631,0.011498,-0.021449,-0.460498
14,0.146204,-0.072065,0.298054,-0.439342,0.438948,-0.783804,-0.626178,-0.775208,-0.083214,-0.643599,0.453692,0.616418,-0.000115,-0.01103,0.008183,-0.029229,-0.074131,0.160343,-0.277762,-0.16048,-0.066098,0.283506,-0.535817,-0.214751,0.816562,0.728433,-0.606459,0.318633,0.427436,0.765798,0.480328,-0.017513,0.009711,-0.008073,0.034389,0.006254,-0.010174,-0.867902,0.046284,0.020884,-0.014795,0.586388,0.198513,0.785328,-0.693545,0.623934,0.360139,-0.418501,-0.755842,0.503545,3e-06,-1e-06,2e-06,-4e-06,6e-06,-6e-06,-0.927288,0.075568,0.013854,-0.055728,0.445377,-0.435099,-0.782513,0.620526,0.780038,-0.080542,0.645434,-0.449698,0.617401,-9.1e-05,-0.010837,0.008471,-0.069168,-0.078179,0.133924,-0.452987
15,0.146067,-0.072493,0.298466,-0.438227,0.4397,-0.784007,-0.627669,-0.773991,-0.083309,-0.642907,0.455038,0.616148,-0.016526,-0.009026,0.010781,-0.036621,0.027123,-0.048195,-0.269702,-0.160769,-0.06593,0.283366,-0.535539,-0.214796,0.816733,0.728335,-0.606846,0.31812,0.427952,0.765479,0.480378,-0.017507,0.009653,-0.008173,0.03439,0.006225,-0.01019,-0.830045,0.04614,0.020968,-0.014865,0.586121,0.198564,0.785514,-0.693467,0.62432,0.359621,-0.419004,-0.75551,0.503625,2e-06,-4.7e-05,-6.7e-05,-7e-06,8e-06,-5e-06,-0.924839,0.075506,0.013637,-0.055526,0.444068,-0.435817,-0.782857,0.622084,0.778782,-0.080677,0.644836,-0.451177,0.616948,2.5e-05,-0.004917,0.004986,-0.035652,0.012066,-0.018875,-0.447109
16,0.145967,-0.072667,0.298629,-0.438356,0.439669,-0.783952,-0.628016,-0.773758,-0.082857,-0.642481,0.455463,0.616279,-0.01657,0.000963,0.001038,-0.000984,0.014715,-0.029553,-0.26605,-0.160927,-0.065842,0.283294,-0.535323,-0.214834,0.816864,0.728325,-0.607028,0.317794,0.428238,0.765324,0.48037,-0.017504,0.009728,-0.008062,0.03439,0.006209,-0.010198,-0.816333,0.046054,0.021015,-0.014905,0.585907,0.198609,0.785663,-0.693465,0.62452,0.359276,-0.419307,-0.755333,0.503639,-0.00875,0.004866,-0.004024,0.034378,0.006212,-0.010192,-0.925002,0.075456,0.013547,-0.05544,0.444211,-0.435777,-0.782799,0.622441,0.778546,-0.080196,0.644393,-0.451622,0.617084,-1.9e-05,-0.005209,0.004549,-0.035587,0.012369,-0.018733,-0.444496
17,0.145709,-0.072925,0.298942,-0.439267,0.439217,-0.783695,-0.628281,-0.773685,-0.081518,-0.641598,0.456023,0.616784,-0.016473,-0.008612,0.011384,-0.036622,0.027112,-0.048201,-0.26606,-0.16128,-0.065648,0.283145,-0.534999,-0.214888,0.817063,0.72822,-0.607463,0.317204,0.428822,0.764964,0.480422,-0.016519,-0.000872,0.000788,-0.002045,0.015205,-0.029245,-0.787859,0.045884,0.021113,-0.014979,0.585615,0.198666,0.785866,-0.693369,0.624959,0.358698,-0.419873,-0.754955,0.503734,-0.008746,0.004922,-0.00394,0.034381,0.006193,-0.010214,-0.925655,0.075326,0.013421,-0.05529,0.445104,-0.435324,-0.782544,0.62269,0.778482,-0.078884,0.643536,-0.452171,0.617577,-0.008208,-0.004085,0.006025,-0.036584,0.027111,-0.048255,-0.441067
18,0.145404,-0.072992,0.299129,-0.440755,0.441074,-0.781815,-0.628501,-0.773446,-0.082098,-0.640362,0.454633,0.61909,-0.016381,0.002223,0.002908,0.000907,0.023702,-0.025158,-0.266472,-0.161672,-0.065445,0.282978,-0.53462,-0.214954,0.817293,0.728124,-0.607922,0.316544,0.429458,0.76458,0.480465,-0.000973,0.010706,-0.008699,0.036437,-0.009069,0.019008,-0.778638,0.045682,0.021214,-0.015062,0.585232,0.198746,0.786131,-0.693312,0.625412,0.358019,-0.420501,-0.754559,0.503804,-0.000483,0.005351,-0.004345,0.036435,-0.009056,0.018997,-0.930554,0.075173,0.013383,-0.055192,0.446705,-0.437367,-0.780489,0.622934,0.778217,-0.079564,0.642189,-0.450651,0.620084,0.000119,0.000793,0.001192,-0.0045,-0.015938,-0.006806,-0.440577
19,0.145247,-0.072964,0.299204,-0.440929,0.440977,-0.781771,-0.628458,-0.773499,-0.081921,-0.640283,0.454637,0.619169,0.000318,0.002054,0.003074,0.00089,-0.012674,0.025868,-0.266776,-0.161882,-0.065332,0.282874,-0.534481,-0.214976,0.817378,0.728023,-0.608206,0.316231,0.429802,0.764348,0.480526,-0.0,-3.7e-05,-5.7e-05,0.0,0.0,0.0,-0.777643,0.045577,0.02127,-0.015114,0.585098,0.198772,0.786224,-0.693222,0.625694,0.3577,-0.420835,-0.754318,0.503885,-0.008738,0.004866,-0.004036,0.034383,0.00611,-0.010232,-0.93333,0.075089,0.013396,-0.055156,0.446841,-0.437079,-0.780572,0.622866,0.778303,-0.079247,0.64216,-0.450781,0.62002,-0.008189,0.001146,0.001509,-0.002099,0.010137,-0.031661,-0.44074
20,0.144934,-0.072874,0.299313,-0.441349,0.440733,-0.781672,-0.628255,-0.7737,-0.08158,-0.640193,0.454532,0.61934,0.00027,0.001735,0.002594,0.0,0.0,0.0,-0.2666,-0.162241,-0.065061,0.282675,-0.534169,-0.215024,0.817569,0.727806,-0.608824,0.315539,0.430557,0.763842,0.480655,-0.016507,-0.000653,0.001102,-0.002045,0.015205,-0.029245,-0.77692,0.045403,0.021406,-0.015215,0.584818,0.198822,0.78642,-0.693016,0.626314,0.357014,-0.421564,-0.75379,0.504067,-0.000478,0.005535,-0.004059,0.036435,-0.009144,0.019,-0.936433,0.074932,0.013443,-0.0551,0.447226,-0.436807,-0.780504,0.622665,0.7785,-0.078901,0.642087,-0.450707,0.62015,-0.008129,0.001496,0.002027,-0.000101,0.001835,-0.00382,-0.440904
21,0.144619,-0.072801,0.299414,-0.439204,0.44307,-0.781559,-0.632618,-0.770179,-0.081182,-0.63737,0.458218,0.619534,0.000234,0.001498,0.002238,0.0,0.0,0.0,-0.266404,-0.162539,-0.064772,0.282475,-0.534159,-0.217746,0.816856,0.727798,-0.609895,0.313485,0.430585,0.762218,0.4832,-0.00096,0.011154,-0.008006,0.054259,-0.059732,-0.009843,-0.775765,0.045248,0.02155,-0.015315,0.584853,0.201768,0.785643,-0.693068,0.627526,0.354777,-0.421429,-0.751997,0.50685,-0.000477,0.005591,-0.003975,0.037549,-0.03793,-0.000399,-0.939372,0.074775,0.01348,-0.055048,0.44509,-0.439167,-0.780401,0.627064,0.775002,-0.078493,0.639284,-0.454425,0.620332,0.000119,0.000772,0.001159,0.000155,1.8e-05,-0.000128,-0.440904
22,0.144363,-0.072748,0.299468,-0.43689,0.445482,-0.781484,-0.637012,-0.766576,-0.080929,-0.634583,0.4619,0.619662,2.5e-05,0.000157,0.000235,0.0,0.0,0.0,-0.262379,-0.162759,-0.064546,0.282281,-0.536775,-0.220217,0.814474,0.726804,-0.610822,0.313984,0.429007,0.760768,0.486876,-0.000963,0.010732,-0.008669,0.127016,-0.265912,-0.127548,-0.776467,0.045139,0.021659,-0.015408,0.587372,0.202905,0.783468,-0.691841,0.628195,0.355987,-0.41994,-0.751132,0.509362,2e-06,-3e-06,-1e-06,0.181787,-0.407367,-0.22479,-0.941331,0.074647,0.013509,-0.055018,0.442787,-0.441604,-0.780335,0.631493,0.771424,-0.078232,0.636518,-0.458136,0.620447,6e-06,4e-05,6.5e-05,0.000236,4.1e-05,-0.00021,-0.439434
23,0.144251,-0.072726,0.299461,-0.437178,0.445316,-0.781418,-0.636851,-0.766731,-0.080717,-0.634545,0.461802,0.619773,-0.016561,0.00101,0.001057,-0.000984,0.014715,-0.029553,-0.259226,-0.162853,-0.064467,0.282205,-0.536882,-0.220191,0.814411,0.726615,-0.611073,0.313932,0.429193,0.760573,0.487016,-8e-06,-0.000684,-0.001071,0.001325,-0.003752,-0.002142,-0.777334,0.045091,0.021704,-0.015446,0.587473,0.204123,0.783076,-0.691893,0.628572,0.355218,-0.419712,-0.750487,0.5105,-0.000483,0.004904,-0.005054,0.026079,0.003624,0.023598,-0.941821,0.074597,0.013519,-0.055022,0.443055,-0.441446,-0.780273,0.631336,0.771572,-0.078038,0.636487,-0.458039,0.62055,-7e-06,-3.6e-05,-4.9e-05,0.000195,1.2e-05,-0.000171,-0.437474
24,0.144138,-0.072659,0.299392,-0.437399,0.445174,-0.781376,-0.636599,-0.766946,-0.080666,-0.634646,0.461582,0.619833,4e-06,0.010159,-0.009476,0.035629,-0.012495,0.018599,-0.252961,-0.163036,-0.064363,0.282143,-0.536833,-0.22293,0.813698,0.726898,-0.611659,0.312131,0.428775,0.759307,0.489355,-0.016491,-0.000402,0.00147,0.008907,-0.015821,-0.046976,-0.777911,0.045006,0.021754,-0.015482,0.587487,0.206939,0.782325,-0.692224,0.629243,0.353379,-0.419145,-0.749151,0.512921,6e-06,0.000335,0.000527,-0.005616,-0.011466,-0.009862,-0.942801,0.074535,0.013548,-0.055054,0.443314,-0.44128,-0.78022,0.631076,0.771794,-0.077942,0.636564,-0.457826,0.620629,-2.6e-05,-0.000163,-0.000242,0.000136,9e-06,-0.00011,-0.433882
25,0.144162,-0.072514,0.299239,-0.441346,0.443484,-0.780116,-0.636812,-0.76725,-0.075965,-0.631691,0.462705,0.622011,2.9e-05,0.010321,-0.009237,0.035523,-0.012422,0.018472,-0.251311,-0.163161,-0.064339,0.282157,-0.536706,-0.22296,0.813774,0.726952,-0.611662,0.312001,0.428844,0.759296,0.489312,2e-06,0.000168,0.000263,2e-06,-7e-06,-4e-06,-0.777655,0.044937,0.021767,-0.015472,0.58731,0.206747,0.78251,-0.692335,0.629103,0.353414,-0.419212,-0.749323,0.512616,2e-06,9.3e-05,0.000148,-0.000339,0.001141,0.000683,-0.94672,0.074546,0.01362,-0.055131,0.447295,-0.439538,-0.77893,0.631272,0.7721,-0.07318,0.633578,-0.458984,0.622825,-6e-06,-4.6e-05,-6.9e-05,0.00401,-0.003132,0.004493,-0.431106
26,0.144224,-0.072405,0.299126,-0.443032,0.442791,-0.779554,-0.63695,-0.767334,-0.07393,-0.63037,0.463229,0.622961,3.9e-05,0.010386,-0.009141,0.035628,-0.012508,0.018592,-0.251092,-0.163222,-0.064346,0.282174,-0.536482,-0.223009,0.813908,0.727096,-0.611577,0.311831,0.428879,0.75935,0.489197,3e-06,0.00026,0.000407,0.0,-0.0,-0.0,-0.777628,0.044907,0.021763,-0.015465,0.587095,0.206788,0.78266,-0.692486,0.629024,0.353257,-0.419263,-0.749377,0.512495,-0.008247,-0.000261,0.000641,-0.001828,0.015452,-0.028957,-0.947047,0.074577,0.013674,-0.055189,0.448959,-0.438839,-0.778366,0.6314,0.772184,-0.071163,0.632272,-0.459512,0.623762,0.008302,0.004699,-0.005083,0.039645,-0.029561,0.051545,-0.4298
27,0.144362,-0.072148,0.298885,-0.44878,0.440343,-0.77765,-0.637213,-0.767745,-0.067069,-0.626019,0.464878,0.626111,-0.0,-0.0,-0.0,-0.006019,0.088837,-0.178015,-0.250584,-0.163333,-0.064347,0.282186,-0.536312,-0.223048,0.814009,0.727198,-0.611528,0.311691,0.428919,0.759378,0.489118,-0.016496,-0.000891,0.000696,-0.002045,0.015205,-0.029245,-0.778837,0.044857,0.021763,-0.015458,0.586956,0.206817,0.782757,-0.692574,0.628992,0.353141,-0.419312,-0.749397,0.512426,-0.0,-8e-06,-1e-05,0.000217,9.5e-05,0.00014,-0.948843,0.074646,0.013807,-0.055312,0.454561,-0.43642,-0.776473,0.631685,0.772543,-0.064412,0.627971,-0.461208,0.626848,0.008302,0.004712,-0.005068,0.040833,-0.030573,0.052991,-0.42882
28,0.1445,-0.071891,0.298644,-0.450795,0.439427,-0.777003,-0.636856,-0.768216,-0.06504,-0.624932,0.464969,0.627129,4.2e-05,0.010427,-0.009085,0.035626,-0.012528,0.018582,-0.250911,-0.163432,-0.064357,0.282183,-0.536127,-0.22309,0.814119,0.727307,-0.611474,0.31154,0.428964,0.759409,0.489031,-5e-06,-0.00042,-0.000658,0.0,-0.0,-0.0,-0.779133,0.044802,0.021759,-0.015458,0.586759,0.206864,0.782891,-0.692703,0.628941,0.35298,-0.419374,-0.749426,0.512332,-6e-06,-0.000285,-0.000446,0.012574,-0.095054,0.174317,-0.945903,0.074715,0.013936,-0.055432,0.456651,-0.435434,-0.7758,0.631256,0.773065,-0.062329,0.626884,-0.461266,0.627891,2.6e-05,0.005215,-0.004545,0.036508,-0.013242,0.019596,-0.428657
29,0.144572,-0.071685,0.298399,-0.453443,0.438161,-0.776177,-0.636274,-0.768916,-0.062418,-0.623606,0.465009,0.628418,-0.000123,0.009378,-0.010655,0.035625,-0.01254,0.018577,-0.250333,-0.163531,-0.064363,0.282187,-0.535835,-0.223154,0.814294,0.727481,-0.61139,0.311301,0.429035,0.759459,0.488892,-0.0,-0.0,-0.0,0.0,-0.0,-0.0,-0.779171,0.044752,0.021755,-0.015458,0.586481,0.20693,0.783083,-0.692887,0.628866,0.352751,-0.419459,-0.74947,0.512197,-2e-06,1e-06,3e-06,9.8e-05,4.6e-05,6.2e-05,-0.948189,0.074752,0.014036,-0.055549,0.459297,-0.434144,-0.77496,0.63067,0.773752,-0.059686,0.62554,-0.461331,0.629184,-0.000105,-0.000692,-0.001035,0.000429,-0.00036,0.00052,-0.428494
30,0.144581,-0.071601,0.298266,-0.455672,0.437162,-0.775434,-0.636148,-0.76922,-0.059905,-0.622107,0.465447,0.629579,-0.000144,0.009248,-0.010851,0.035519,-0.012464,0.018451,-0.249932,-0.163568,-0.064369,0.282182,-0.535785,-0.225896,0.81357,0.727911,-0.611706,0.309668,0.428365,0.758395,0.491124,-1e-06,-4.3e-05,-6.8e-05,0.005693,-0.016203,-0.009258,-0.778763,0.044734,0.021751,-0.015461,0.586487,0.209924,0.782281,-0.69339,0.629308,0.350971,-0.418618,-0.748266,0.51464,-0.0,-2.2e-05,-3.1e-05,-0.011482,0.005734,-4e-06,-0.948843,0.074756,0.014082,-0.05562,0.461536,-0.433121,-0.774202,0.630526,0.77406,-0.057157,0.624035,-0.461775,0.630351,-7.4e-05,0.004581,-0.005488,0.039071,-0.015306,0.022596,-0.428167
31,0.14458,-0.071472,0.297922,-0.457952,0.436105,-0.774686,-0.635736,-0.769738,-0.057576,-0.620852,0.465582,0.630717,-0.000489,-0.00312,-0.004671,-0.00085,0.012933,-0.025741,-0.234942,-0.16363,-0.064378,0.282177,-0.535816,-0.22862,0.812788,0.728293,-0.612043,0.308101,0.427675,0.75731,0.493395,-0.0,-2.7e-05,-4.2e-05,0.012832,-0.03652,-0.020867,-0.777675,0.044703,0.021747,-0.015463,0.58655,0.21265,0.781497,-0.693839,0.629675,0.34942,-0.417786,-0.747186,0.516881,-0.0,-1e-05,-1.2e-05,-0.003002,-0.018615,-0.013967,-0.949333,0.074756,0.014149,-0.055787,0.463766,-0.432067,-0.773458,0.63011,0.774564,-0.054871,0.622801,-0.461917,0.631466,-0.000181,0.003888,-0.00653,0.037289,-0.013898,0.020535,-0.423431
32,0.144539,-0.071316,0.297525,-0.460273,0.435014,-0.773923,-0.635212,-0.770338,-0.055289,-0.619668,0.465613,0.631858,-0.000389,0.007692,-0.013195,0.035621,-0.012582,0.018556,-0.220425,-0.163692,-0.064408,0.282156,-0.535652,-0.231382,0.812114,0.728801,-0.612297,0.30639,0.427014,0.756268,0.495561,-1.1e-05,-0.000764,-0.001196,0.02088,-0.059474,-0.033979,-0.777105,0.044672,0.021734,-0.015471,0.58642,0.215352,0.780854,-0.69442,0.629945,0.347775,-0.417002,-0.746184,0.518957,-7e-06,-0.000498,-0.000776,0.01137,-0.052793,-0.032675,-0.94721,0.074735,0.014224,-0.055991,0.466082,-0.430954,-0.772686,0.629566,0.775165,-0.052584,0.621621,-0.461949,0.632605,-0.000194,0.003803,-0.006662,0.036217,-0.013075,0.019289,-0.412328
33,0.144519,-0.071219,0.297317,-0.461656,0.431821,-0.774887,-0.634751,-0.770977,-0.051543,-0.61911,0.467524,0.630992,-0.000413,-0.002626,-0.003941,-0.021884,-0.102531,-0.050946,-0.21564,-0.163704,-0.064418,0.282142,-0.535619,-0.234113,0.811353,0.729219,-0.612606,0.304774,0.42634,0.755181,0.497794,-1e-05,-0.00069,-0.001081,0.106325,-0.30293,-0.173068,-0.776248,0.044666,0.021728,-0.015479,0.586375,0.216606,0.780541,-0.6947,0.63004,0.347045,-0.416601,-0.745741,0.519916,-9e-06,-0.000442,-0.000694,0.217122,-0.490218,-0.263862,-0.950149,0.074725,0.014272,-0.056095,0.467416,-0.427706,-0.773685,0.629121,0.775774,-0.048782,0.621069,-0.46394,0.631689,-0.000212,0.003694,-0.006826,0.010788,-0.123832,-0.065991,-0.407919
34,0.144506,-0.070995,0.296893,-0.464031,0.430686,-0.7741,-0.634069,-0.771684,-0.04932,-0.618032,0.467407,0.632135,-0.00025,0.00858,-0.011875,0.035613,-0.012638,0.018528,-0.211627,-0.163754,-0.064444,0.282107,-0.534175,-0.237292,0.811382,0.732863,-0.608262,0.304734,0.421872,0.7577,0.497772,-5e-06,-0.000339,-0.00053,2.3e-05,-6.5e-05,-3.7e-05,-0.775895,0.044641,0.021714,-0.015498,0.585011,0.221185,0.78028,-0.698755,0.625854,0.346478,-0.411707,-0.747918,0.520686,-2e-06,-0.000191,-0.000298,-0.001494,0.003215,0.00167,-0.956681,0.074718,0.014382,-0.05631,0.469807,-0.42658,-0.772858,0.628388,0.776501,-0.046605,0.620007,-0.46376,0.632864,-0.000115,0.004314,-0.005902,0.036922,-0.011424,0.020396,-0.401714
35,0.144496,-0.070711,0.296464,-0.468084,0.426214,-0.774135,-0.632987,-0.772955,-0.042895,-0.616078,0.469405,0.632562,-0.000182,0.009014,-0.011228,0.03517,-0.014713,0.017491,-0.201335,-0.163791,-0.064483,0.282071,-0.533864,-0.237357,0.811568,0.733057,-0.608148,0.304496,0.421928,0.757772,0.497615,-1.2e-05,-0.000827,-0.001295,0.0,-0.0,-0.0,-0.77184,0.044629,0.021696,-0.015514,0.584736,0.221208,0.78048,-0.698935,0.625758,0.346286,-0.411791,-0.747992,0.520514,-6e-06,-0.000548,-0.000857,-0.001401,0.014037,-0.024918,-0.956681,0.074713,0.014521,-0.05652,0.473815,-0.421957,-0.772949,0.627281,0.777761,-0.040062,0.618075,-0.465875,0.633201,-0.000103,0.004383,-0.005799,0.036324,0.088768,-0.150236,-0.395999
36,0.144494,-0.070542,0.296273,-0.470414,0.425137,-0.773314,-0.632589,-0.773413,-0.040451,-0.61471,0.469628,0.633726,-6.2e-05,0.009777,-0.010083,0.035607,-0.01269,0.018502,-0.193412,-0.163791,-0.064488,0.282063,-0.533846,-0.237361,0.811579,0.733067,-0.608142,0.304481,0.421933,0.757775,0.497607,-1e-06,-9.7e-05,-0.000152,0.0,-0.0,-0.0,-0.759117,0.044622,0.021692,-0.015521,0.584701,0.221211,0.780506,-0.698954,0.625754,0.346256,-0.411809,-0.747994,0.520496,0.0,-3e-05,-4.6e-05,0.000358,0.000169,0.000247,-0.956354,0.074712,0.014604,-0.056617,0.476174,-0.420965,-0.772039,0.626875,0.778206,-0.037687,0.616672,-0.466027,0.634455,-2.5e-05,0.004876,-0.00506,0.038467,-0.011949,0.022312,-0.39159
37,0.144504,-0.070213,0.295931,-0.473184,0.42377,-0.772374,-0.631619,-0.774332,-0.03796,-0.613579,0.469352,0.635026,-2.1e-05,-0.000136,-0.000205,-0.0,-0.0,-0.0,-0.161411,-0.163791,-0.064502,0.282041,-0.533791,-0.237372,0.811611,0.733099,-0.608126,0.304437,0.421947,0.757785,0.49758,-3e-06,-0.000191,-0.000299,0.0,-0.0,-0.0,-0.744217,0.044622,0.021685,-0.015531,0.584652,0.221215,0.780541,-0.69898,0.625749,0.346214,-0.411836,-0.747998,0.52047,-2e-06,-0.000127,-0.000198,0.000249,0.000106,0.000166,-0.943781,0.074717,0.014773,-0.056791,0.478901,-0.419614,-0.771088,0.625884,0.779118,-0.035266,0.615567,-0.465723,0.63575,2.7e-05,0.005217,-0.004547,0.035827,-0.01288,0.018973,-0.374608
38,0.144531,-0.070013,0.295768,-0.472758,0.423962,-0.772529,-0.631401,-0.774472,-0.038703,-0.61413,0.468948,0.634792,3e-06,2e-05,3e-05,-0.0,-0.0,-0.0,-0.142374,-0.163778,-0.064514,0.28204,-0.53378,-0.237374,0.811618,0.733117,-0.608103,0.304441,0.42193,0.757803,0.497567,-0.0,-2e-06,-3e-06,0.0,-0.0,-0.0,-0.738639,0.044629,0.021679,-0.015532,0.584644,0.221211,0.780548,-0.698991,0.625733,0.346219,-0.411828,-0.748012,0.520456,1e-06,1.2e-05,1.8e-05,0.000167,8.3e-05,9.2e-05,-0.934473,0.074731,0.014874,-0.056871,0.478472,-0.419813,-0.771246,0.625671,0.779255,-0.036013,0.616116,-0.465315,0.635516,8e-06,2.7e-05,4e-05,-5.7e-05,-1e-06,8.2e-05,-0.355503
39,0.144533,-0.070003,0.295783,-0.472471,0.424124,-0.772616,-0.631539,-0.774347,-0.038944,-0.614209,0.469006,0.634672,6e-06,3.8e-05,5.7e-05,-0.0,-0.0,-0.0,-0.1329,-0.163766,-0.064509,0.282046,-0.533819,-0.237366,0.811594,0.733094,-0.608115,0.304473,0.42192,0.757796,0.497586,1e-06,4.3e-05,6.8e-05,0.0,-0.0,-0.0,-0.723492,0.044635,0.021682,-0.015528,0.584683,0.221198,0.780523,-0.698962,0.625749,0.34625,-0.411822,-0.748002,0.520474,2e-06,2.7e-05,4.3e-05,0.000114,3.7e-05,9.2e-05,-0.925982,0.074732,0.01488,-0.056863,0.478185,-0.419979,-0.771333,0.625812,0.77913,-0.036254,0.616195,-0.465374,0.635396,4e-06,2e-05,2.9e-05,-5.3e-05,-0.0,4.4e-05,-0.345379
40,0.144508,-0.070017,0.295798,-0.472542,0.424088,-0.772593,-0.631539,-0.774352,-0.038853,-0.614155,0.469031,0.634705,0.0,0.0,1e-06,-0.0,-0.0,-0.0,-0.125043,-0.163753,-0.064503,0.282053,-0.533858,-0.237357,0.811571,0.733071,-0.608126,0.304505,0.421911,0.757789,0.497604,6e-06,0.000421,0.000659,0.0,-0.0,-0.0,-0.71022,0.044641,0.021684,-0.015526,0.58472,0.221188,0.780497,-0.698935,0.625762,0.34628,-0.411813,-0.747995,0.520492,5e-06,0.00028,0.000437,9e-05,6.5e-05,5.4e-05,-0.915531,0.074719,0.014872,-0.056855,0.478255,-0.419942,-0.77131,0.625812,0.779134,-0.036163,0.616141,-0.4654,0.63543,-0.0,-3e-06,-5e-06,-5.1e-05,3e-06,4.1e-05,-0.340806
41,0.144446,-0.070014,0.295802,-0.47252,0.424099,-0.7726,-0.631549,-0.774343,-0.038871,-0.614161,0.469036,0.634696,0.0,0.0,0.0,-0.0,-0.0,-0.0,-0.101943,-0.163715,-0.064504,0.282066,-0.533926,-0.237343,0.811531,0.733042,-0.608127,0.304573,0.421875,0.757793,0.497628,0.0,2.3e-05,3.5e-05,0.0,-0.0,-0.0,-0.694622,0.04466,0.021684,-0.015518,0.584786,0.221169,0.780453,-0.6989,0.625764,0.346346,-0.411779,-0.747998,0.520514,0.0,5e-06,8e-06,5.8e-05,3.1e-05,4.7e-05,-0.900509,0.074688,0.014874,-0.056853,0.478234,-0.419953,-0.771317,0.625822,0.779125,-0.036181,0.616147,-0.465405,0.63542,2e-06,-1e-06,-2e-06,-3.9e-05,1e-06,4.9e-05,-0.326274
42,0.144405,-0.070055,0.295795,-0.472323,0.424216,-0.772656,-0.631694,-0.774219,-0.03899,-0.614165,0.469135,0.63462,-4.5e-05,-0.000284,-0.000427,-0.0,-0.0,-0.0,-0.099119,-0.16369,-0.064498,0.282072,-0.533986,-0.23733,0.811495,0.733007,-0.608145,0.304621,0.421861,0.757782,0.497656,0.0,1.4e-05,2.2e-05,0.0,-0.0,-0.0,-0.68555,0.044673,0.021687,-0.015515,0.584844,0.221153,0.780414,-0.69886,0.625783,0.346393,-0.411765,-0.747987,0.520541,-1e-06,0.0,-0.0,5e-05,2.1e-05,2.5e-05,-0.885649,0.074668,0.014854,-0.056857,0.478036,-0.420073,-0.771374,0.62597,0.779,-0.0363,0.61615,-0.465505,0.635344,-2.5e-05,-0.000173,-0.000259,0.005741,-0.090312,0.177125,-0.316639
43,0.144393,-0.070062,0.295803,-0.472358,0.424198,-0.772645,-0.631694,-0.774221,-0.038945,-0.614138,0.469147,0.634637,-1e-06,-4e-06,-6e-06,-0.0,-0.0,-0.0,-0.098941,-0.163666,-0.064497,0.282071,-0.534027,-0.237321,0.811471,0.732982,-0.608158,0.304655,0.421851,0.757775,0.497676,0.0,0.0,0.0,0.0,-0.0,-0.0,-0.68504,0.044685,0.021688,-0.015515,0.584884,0.221143,0.780387,-0.698833,0.625795,0.346425,-0.411754,-0.74798,0.52056,-2e-06,-5e-06,-1.1e-05,4.7e-05,1.2e-05,3.5e-05,-0.882547,0.074662,0.01485,-0.056853,0.478071,-0.420055,-0.771363,0.625971,0.779003,-0.036254,0.616123,-0.465518,0.635361,2e-06,1.1e-05,1.6e-05,-2.2e-05,3e-06,2.4e-05,-0.315333
44,0.144405,-0.07007,0.295809,-0.472352,0.424203,-0.772645,-0.631714,-0.774206,-0.038935,-0.614122,0.469168,0.634636,-0.0,-0.0,-0.0,-0.0,-0.0,-0.0,-0.098929,-0.163641,-0.064491,0.282077,-0.534088,-0.237307,0.811435,0.732946,-0.608176,0.304704,0.421837,0.757765,0.497704,0.0,0.0,1e-06,0.0,-0.0,-0.0,-0.679047,0.044697,0.021691,-0.015512,0.584942,0.221128,0.780348,-0.698794,0.625813,0.346472,-0.411738,-0.74797,0.520588,-2e-06,-5e-06,-1e-05,3.2e-05,1.7e-05,3.1e-05,-0.877811,0.074668,0.014846,-0.05685,0.478065,-0.420061,-0.771363,0.625991,0.778987,-0.036244,0.616107,-0.46554,0.635361,-2e-06,2e-06,1e-05,-1.3e-05,1.3e-05,3.1e-05,-0.31419
45,0.144406,-0.070081,0.29583,-0.472363,0.424201,-0.77264,-0.631742,-0.774185,-0.038895,-0.614084,0.469205,0.634646,6e-06,3.8e-05,5.7e-05,-0.0,-0.0,-0.0,-0.099926,-0.163616,-0.064494,0.282069,-0.534111,-0.237302,0.811421,0.732933,-0.608183,0.304723,0.421831,0.757761,0.497715,-0.0,-1e-06,-2e-06,0.0,0.0,0.0,-0.66572,0.04471,0.021689,-0.015517,0.584965,0.221121,0.780333,-0.698778,0.625821,0.346491,-0.411733,-0.747965,0.520598,-2e-06,1e-06,0.0,3.1e-05,0.0,1.9e-05,-0.868994,0.074669,0.014841,-0.056839,0.478076,-0.420059,-0.771358,0.62602,0.778965,-0.036204,0.616069,-0.465577,0.63537,1e-06,2e-05,3.4e-05,-1.8e-05,-9e-06,1.3e-05,-0.314027
46,0.144368,-0.0701,0.295838,-0.472473,0.424142,-0.772605,-0.631723,-0.774206,-0.038771,-0.61402,0.469222,0.634696,-3.5e-05,-0.000225,-0.000338,0.0,-0.0,-0.0,-0.099479,-0.163616,-0.064494,0.282069,-0.534111,-0.237302,0.811421,0.732933,-0.608183,0.304723,0.421831,0.757761,0.497715,-0.0,-0.0,-0.0,0.0,0.0,0.0,-0.65167,0.04471,0.021689,-0.015517,0.584965,0.221121,0.780333,-0.698778,0.625821,0.34649,-0.411733,-0.747965,0.520598,-1e-06,2e-06,2e-06,2.6e-05,-1.4e-05,3.9e-05,-0.854624,0.07465,0.014832,-0.056835,0.478185,-0.419999,-0.771322,0.626,0.778987,-0.036081,0.616005,-0.465595,0.635419,-2e-05,-0.000126,-0.000186,-1.6e-05,-5e-06,1.3e-05,-0.314353
47,0.144355,-0.070107,0.295846,-0.472383,0.424195,-0.772631,-0.631783,-0.774154,-0.038831,-0.614027,0.46926,0.63466,-0.0,-3e-06,-4e-06,0.0,0.0,0.0,-0.099979,-0.163629,-0.0645,0.282062,-0.534072,-0.23731,0.811444,0.732956,-0.608172,0.304692,0.421841,0.757768,0.497696,-1e-06,-6e-05,-9.4e-05,0.0,0.0,0.0,-0.64679,0.044704,0.021686,-0.01552,0.584927,0.22113,0.780358,-0.698803,0.62581,0.34646,-0.411744,-0.747972,0.52058,-0.008252,-0.000484,0.000282,-0.00202,0.015205,-0.029223,-0.848582,0.074643,0.014828,-0.056832,0.478095,-0.420053,-0.771349,0.626061,0.778935,-0.036141,0.616013,-0.465633,0.635384,-1e-06,3e-06,3e-06,-2.3e-05,-7e-06,0.0,-0.31419
48,0.144304,-0.070153,0.295868,-0.470346,0.425067,-0.773394,-0.631726,-0.774072,-0.041319,-0.615648,0.468605,0.633573,-0.000111,-0.000701,-0.001056,0.143235,-0.115077,0.167419,-0.099283,-0.163641,-0.0645,0.282063,-0.534051,-0.237315,0.811457,0.732968,-0.608165,0.304675,0.421846,0.757771,0.497687,-0.0,-0.0,-0.0,0.0,0.0,0.0,-0.642071,0.044697,0.021686,-0.01552,0.584907,0.221135,0.780372,-0.698816,0.625804,0.346444,-0.411749,-0.747975,0.52057,1e-06,3e-06,8e-06,3.3e-05,-1.5e-05,2.2e-05,-0.841724,0.074618,0.014806,-0.056818,0.476211,-0.420876,-0.772065,0.626019,0.778859,-0.038451,0.617513,-0.465017,0.634377,-7.5e-05,-0.000469,-0.000706,0.528905,-0.424662,0.617869,-0.314353
49,0.14424,-0.070245,0.295932,-0.466561,0.426651,-0.774813,-0.631471,-0.774014,-0.046034,-0.618783,0.46726,0.631509,-7.4e-05,-0.000468,-0.000705,0.01289,-0.010358,0.015068,-0.098175,-0.163641,-0.0645,0.282063,-0.534051,-0.237315,0.811457,0.732968,-0.608165,0.304675,0.421846,0.757771,0.497687,-0.0,-0.0,-0.0,0.0,0.0,0.0,-0.626619,0.044697,0.021686,-0.01552,0.584907,0.221135,0.780372,-0.698816,0.625804,0.346444,-0.411749,-0.747975,0.52057,2e-06,1e-06,6e-06,3.2e-05,-2.2e-05,3.2e-05,-0.832906,0.074586,0.014759,-0.056787,0.47229,-0.422553,-0.773556,0.62577,0.7788,-0.043357,0.620767,-0.463592,0.632241,-5.9e-05,-0.000357,-0.000537,0.153928,-0.123606,0.17993,-0.3137
50,0.144188,-0.070296,0.295947,-0.464788,0.427373,-0.77548,-0.631269,-0.774041,-0.048294,-0.620321,0.466554,0.63052,-0.000133,-0.000839,-0.001263,0.042965,-0.034534,0.050222,-0.097915,-0.163629,-0.0645,0.282062,-0.534072,-0.23731,0.811444,0.732956,-0.608172,0.304692,0.421841,0.757768,0.497696,-0.0,-0.0,-0.0,0.0,0.0,0.0,-0.619181,0.044703,0.021686,-0.015521,0.584927,0.22113,0.780359,-0.698803,0.62581,0.34646,-0.411744,-0.747972,0.52058,2e-06,1e-06,6e-06,3.2e-05,-2.1e-05,3.3e-05,-0.825068,0.07456,0.014734,-0.056779,0.470527,-0.423287,-0.774229,0.625574,0.778829,-0.045618,0.622302,-0.462874,0.631258,-0.008357,-3.6e-05,-0.000286,0.152965,-0.108957,0.150425,-0.313374
51,0.144067,-0.070426,0.295934,-0.465216,0.42715,-0.775347,-0.631238,-0.774098,-0.047781,-0.620032,0.466664,0.630723,-0.000277,-0.001743,-0.002628,0.0,-0.0,0.0,-0.089588,-0.163629,-0.064495,0.282069,-0.53409,-0.237306,0.811433,0.732945,-0.608177,0.304706,0.421836,0.757764,0.497705,0.0,2e-06,4e-06,0.0,0.0,0.0,-0.60474,0.044704,0.021689,-0.015516,0.584945,0.221125,0.780347,-0.698791,0.625815,0.346474,-0.411739,-0.747968,0.520588,0.0,-2e-06,-3e-06,2.5e-05,1e-06,1.6e-05,-0.810209,0.074499,0.01467,-0.056784,0.470961,-0.423057,-0.774091,0.625542,0.778885,-0.045094,0.622006,-0.462989,0.631465,-0.000203,-0.006351,0.002839,-0.035744,0.012788,-0.018629,-0.309781
52,0.14395,-0.070531,0.295772,-0.46555,0.426959,-0.775252,-0.63108,-0.774244,-0.047499,-0.619942,0.466597,0.630862,-0.000469,-0.002946,-0.004448,0.0,0.0,0.0,-0.079312,-0.163616,-0.064494,0.282069,-0.536503,-0.237111,0.809897,0.73203,-0.608111,0.307028,0.420361,0.757878,0.498779,0.0,0.0,0.0,-0.0,-0.0,0.0,-0.575097,0.04471,0.021689,-0.015517,0.587267,0.220872,0.778672,-0.697746,0.62572,0.348745,-0.410203,-0.748123,0.521578,-0.0,-2e-06,-2e-06,0.000223,0.00038,-0.000523,-0.788328,0.074441,0.014618,-0.056864,0.471295,-0.422863,-0.773994,0.625383,0.779029,-0.04481,0.621913,-0.462924,0.631604,-0.000282,-0.001776,-0.002678,-0.000855,0.013056,-0.025677,-0.301617
53,0.143937,-0.070634,0.295469,-0.465654,0.426884,-0.77523,-0.630895,-0.774393,-0.047534,-0.620052,0.466419,0.630885,-0.000578,0.006522,-0.015018,0.03561,-0.012704,0.018495,-0.080982,-0.163642,-0.064492,0.282056,-0.536457,-0.237121,0.809925,0.732046,-0.608117,0.306977,0.420392,0.75787,0.498765,-0.0,-2e-06,-4e-06,0.0,0.0,0.0,-0.551239,0.044697,0.02169,-0.015524,0.587218,0.220883,0.778707,-0.697766,0.625727,0.348691,-0.410239,-0.748114,0.521563,-0.0,3e-06,5e-06,2.7e-05,9e-06,-2e-06,-0.759589,0.074434,0.014564,-0.05701,0.471395,-0.422791,-0.773972,0.625216,0.779162,-0.044833,0.622005,-0.462766,0.631629,-0.000349,-0.002207,-0.003341,-0.000833,0.013075,-0.025651,-0.299331
54,0.143924,-0.070708,0.295338,-0.465824,0.426786,-0.775182,-0.630799,-0.774479,-0.047407,-0.620023,0.466366,0.630953,-0.000659,-0.004127,-0.006253,-0.000838,0.013068,-0.025673,-0.082203,-0.163642,-0.064492,0.282056,-0.536457,-0.237121,0.809925,0.732046,-0.608117,0.306977,0.420392,0.75787,0.498765,-0.0,-0.0,-0.0,0.0,0.0,0.0,-0.546059,0.044697,0.02169,-0.015523,0.587217,0.220883,0.778707,-0.697767,0.625727,0.348691,-0.410238,-0.748114,0.521563,2e-06,2e-06,6e-06,3.3e-05,-1.6e-05,1.1e-05,-0.751914,0.074428,0.014529,-0.057082,0.471548,-0.422698,-0.773929,0.625108,0.779254,-0.044734,0.621997,-0.462696,0.631689,-0.000299,-0.001896,-0.002868,-1.2e-05,-3e-06,-0.0,-0.299821
55,0.143907,-0.070838,0.295197,-0.466269,0.426539,-0.77505,-0.63064,-0.774634,-0.046987,-0.619849,0.466335,0.631147,-0.000268,-0.001678,-0.002546,0.0,0.0,0.0,-0.08302,-0.163642,-0.064497,0.282049,-0.536439,-0.237124,0.809936,0.732057,-0.608112,0.306963,0.420396,0.757873,0.498756,-0.0,-6e-06,-1e-05,0.0,0.0,0.0,-0.530986,0.044697,0.021688,-0.015527,0.5872,0.220887,0.778719,-0.697778,0.625723,0.348677,-0.410244,-0.748116,0.521555,-0.0,2e-06,5e-06,1.4e-05,4e-06,1.3e-05,-0.737871,0.074419,0.01446,-0.057158,0.472009,-0.422438,-0.77379,0.624939,0.779415,-0.044299,0.621818,-0.462662,0.631889,-0.000166,-0.001056,-0.001604,-0.000846,0.013071,-0.02567,-0.300964
56,0.143895,-0.070895,0.29526,-0.466263,0.426558,-0.775043,-0.630779,-0.774528,-0.046869,-0.619712,0.466493,0.631164,0.000155,0.00097,0.001472,0.0,0.0,0.0,-0.079338,-0.163641,-0.064505,0.282055,-0.536425,-0.237128,0.809944,0.732076,-0.608088,0.306965,0.42038,0.757892,0.498742,-0.0,-0.0,-0.0,0.0,0.0,0.0,-0.511478,0.044697,0.021684,-0.015524,0.587187,0.220891,0.778727,-0.697798,0.625699,0.34868,-0.410229,-0.748136,0.52154,0.00048,-0.005368,0.004338,-0.036417,0.009249,-0.018886,-0.719256,0.074412,0.014429,-0.057131,0.472003,-0.422458,-0.773783,0.625078,0.77931,-0.044181,0.621682,-0.462821,0.631906,8.9e-05,-0.004521,0.005607,-0.035616,0.012709,-0.018501,-0.299331
57,0.143899,-0.070913,0.295344,-0.466242,0.426583,-0.775043,-0.63089,-0.774441,-0.046796,-0.619614,0.466614,0.63117,0.000213,-0.00881,0.01156,-0.03561,0.012696,-0.018499,-0.076986,-0.163641,-0.064505,0.282055,-0.536425,-0.237128,0.809944,0.732076,-0.608088,0.306965,0.42038,0.757892,0.498742,-0.0,-0.0,-0.0,0.0,0.0,0.0,-0.501477,0.044697,0.021684,-0.015524,0.587187,0.220891,0.778727,-0.697798,0.625699,0.34868,-0.410229,-0.748136,0.52154,2e-06,1e-06,7e-06,2.2e-05,-2.5e-05,3.3e-05,-0.709459,0.074414,0.014424,-0.057092,0.471968,-0.422489,-0.773788,0.625181,0.77923,-0.044135,0.621606,-0.462927,0.631903,0.000168,0.001061,0.001612,0.000837,-0.01306,0.025678,-0.298024
