frame,MLTx,MLTy,MLTz,MLTR1,MLTR2,MLTR3,MLTR4,MLTR5,MLTR6,MLTR7,MLTR8,MLTR9,MLTTVx,MLTTVy,MLTTVz,MLTRVx,MLTRVy,MLTRVz,MLGA,MRTx,MRTy,MRTz,MRTR1,MRTR2,MRTR3,MRTR4,MRTR5,MRTR6,MRTR7,MRTR8,MRTR9,MRTTVx,MRTTVy,MRTTVz,MRTRVx,MRTRVy,MRTRVz,MRGA,SLTx,SLTy,SLTz,SLTR1,SLTR2,SLTR3,SLTR4,SLTR5,SLTR6,SLTR7,SLTR8,SLTR9,SLTTVx,SLTTVy,SLTTVz,SLTRVx,SLTRVy,SLTRVz,SLGA,SRTx,SRTy,SRTz,SRTR1,SRTR2,SRTR3,SRTR4,SRTR5,SRTR6,SRTR7,SRTR8,SRTR9,SRTTVx,SRTTVy,SRTTVz,SRTRVx,SRTRVy,SRTRVz,SRGA
1,0.13386,-0.018046,0.4538,-0.108989,0.871112,-0.478885,-0.951665,-0.230537,-0.202879,-0.287003,0.432543,0.85473,-0.000288,-0.001789,-0.000885,0.0,0.0,0.0,-0.443257,-0.117863,-0.026228,0.414088,0.346226,0.830109,0.437079,-0.883334,0.445386,-0.145903,-0.316197,-0.33662,0.886888,0.001818,-0.013219,0.023979,-0.06583,-0.015386,-0.021042,-0.081485,0.036744,0.02805,-0.00492,-0.131109,-0.878794,0.458835,0.951689,-0.2412,-0.190025,0.277664,0.411755,0.867962,0.006997,-0.001449,0.00661,-0.041524,0.009045,0.016689,-0.242774,0.076517,0.027741,-0.044416,-0.026495,0.87493,-0.483523,-0.962739,-0.152554,-0.223292,-0.269128,0.459591,0.846371,-0.000195,-0.001211,-0.0006,-0.013387,0.058287,-0.219391,-0.526631
2,0.1339,-0.018098,0.453772,-0.109292,0.871066,-0.4789,-0.951638,-0.230791,-0.202716,-0.286977,0.4325,0.85476,-0.000242,-0.001503,-0.000744,0.0,0.0,0.0,-0.442821,-0.117657,-0.026403,0.414679,0.345314,0.831838,0.434507,-0.884178,0.443586,-0.146275,-0.31483,-0.334721,0.888092,0.000497,-0.00386,0.013791,-0.029877,-0.012389,-0.027419,-0.106021,0.036847,0.027961,-0.004619,-0.129976,-0.880301,0.456262,0.952102,-0.239263,-0.190403,0.276779,0.409661,0.869235,0.006212,0.004062,0.002055,-0.001138,-0.011546,0.062696,-0.265961,0.076537,0.027714,-0.04443,-0.02679,0.874909,-0.483545,-0.962739,-0.152797,-0.223127,-0.269101,0.45955,0.846402,-0.00015,-0.000935,-0.000462,-0.000107,-5.1e-05,0.000205,-0.528427
3,0.133909,-0.018144,0.453715,-0.109515,0.871031,-0.478913,-0.951595,-0.231013,-0.202664,-0.287033,0.432452,0.854765,-0.00026,-0.001614,-0.000799,0.0,0.0,0.0,-0.448143,-0.117517,-0.026322,0.415036,0.346189,0.831614,0.434238,-0.884088,0.444068,-0.145352,-0.31412,-0.334636,0.888376,-0.00095,0.006308,0.004122,0.001161,-0.009106,0.027316,-0.185573,0.036918,0.027997,-0.004437,-0.130883,-0.880144,0.456306,0.952195,-0.239751,-0.189323,0.276031,0.409714,0.869448,-0.000431,0.002823,0.001844,0.000798,-0.008262,0.027496,-0.313316,0.076542,0.027691,-0.044459,-0.027008,0.874892,-0.483562,-0.962716,-0.153014,-0.223073,-0.269157,0.459509,0.846406,-0.000186,0.003178,-0.006007,0.035969,-0.010033,0.019428,-0.52957
4,0.133955,-0.01822,0.453675,-0.109562,0.871011,-0.478938,-0.95159,-0.231057,-0.202632,-0.287028,0.432468,0.854759,-0.000211,-0.001311,-0.000649,0.0,0.0,0.0,-0.456854,-0.11753,-0.0261,0.415179,0.346702,0.831445,0.434152,-0.883901,0.444505,-0.145148,-0.314079,-0.334475,0.888451,-0.00085,0.005644,0.00368,0.00116,-0.009103,0.027317,-0.303699,0.036911,0.028108,-0.004366,-0.131421,-0.88009,0.456254,0.952122,-0.240212,-0.189104,0.276026,0.409558,0.869523,-0.000435,0.002865,0.001867,0.00111,-0.009065,0.027219,-0.410964,0.076564,0.027651,-0.044479,-0.027052,0.874876,-0.483588,-0.962718,-0.153054,-0.223041,-0.269149,0.459526,0.8464,-0.000124,-0.000774,-0.000386,-4.9e-05,-2.5e-05,8.9e-05,-0.535612
5,0.13397,-0.01824,0.453653,-0.109858,0.870971,-0.478943,-0.951556,-0.231314,-0.202498,-0.287028,0.432411,0.854788,-0.000248,-0.001543,-0.000765,0.0,0.0,0.0,-0.460729,-0.117557,-0.025993,0.415225,0.346973,0.831349,0.434121,-0.883785,0.444757,-0.145083,-0.314107,-0.33438,0.888477,-0.000711,0.004721,0.003076,0.0,-0.0,-0.0,-0.380659,0.036897,0.028166,-0.00434,-0.131727,-0.880055,0.456235,0.952066,-0.240499,-0.189024,0.276075,0.409466,0.869551,-0.000415,0.002736,0.001782,0.001133,-0.009077,0.027231,-0.473504,0.076572,0.027643,-0.044489,-0.027347,0.874861,-0.4836,-0.962708,-0.15331,-0.222906,-0.269153,0.45947,0.846429,-0.000133,-0.000833,-0.000414,-0.001716,0.007363,-0.027741,-0.538388
6,0.133994,-0.018204,0.453659,-0.110152,0.870931,-0.478947,-0.951522,-0.23157,-0.202366,-0.287028,0.432354,0.854816,0.000249,0.001551,0.000768,0.0,0.0,0.0,-0.468545,-0.11765,-0.025778,0.41531,0.346012,0.831219,0.435134,-0.883188,0.445089,-0.147675,-0.316836,-0.334258,0.887552,-0.000761,0.005058,0.003289,0.001165,-0.009106,0.027314,-0.580377,0.03685,0.028274,-0.004298,-0.130744,-0.879695,0.45721,0.951421,-0.240995,-0.191619,0.278752,0.409946,0.86847,-0.000375,0.00248,0.001613,-0.002973,-0.01128,0.028947,-0.65541,0.076583,0.027656,-0.044489,-0.027641,0.874846,-0.483611,-0.962699,-0.153564,-0.222773,-0.269157,0.459414,0.846458,0.000144,0.000898,0.000445,-4e-05,-2.2e-05,3.9e-05,-0.54541
7,0.134037,-0.018241,0.453639,-0.109968,0.87094,-0.478974,-0.951539,-0.231424,-0.202454,-0.287043,0.432415,0.854781,-0.000407,-0.002536,-0.001257,-0.00167,0.007389,-0.027805,-0.503579,-0.117708,-0.025593,0.415249,0.340166,0.832707,0.436896,-0.881473,0.444206,-0.160064,-0.327763,-0.331716,0.884533,-0.001308,0.00926,-0.010256,0.036046,-0.003179,0.021926,-0.869037,0.036822,0.028365,-0.004316,-0.124552,-0.879881,0.45858,0.948935,-0.240644,-0.203992,0.289843,0.409755,0.864922,-1e-06,-1e-06,-1e-06,-0.021598,0.0685,-0.179952,-0.840418,0.076606,0.027647,-0.044494,-0.027434,0.87484,-0.483633,-0.962702,-0.153399,-0.222873,-0.269167,0.459481,0.846419,0.006238,-0.001368,-0.000891,0.000974,-0.014737,0.029592,-0.557656
8,0.134069,-0.018258,0.453595,-0.110057,0.870915,-0.478998,-0.951509,-0.231537,-0.202469,-0.287111,0.432404,0.854764,-0.000216,-0.001347,-0.000668,0.0,0.0,0.0,-0.530097,-0.11772,-0.025501,0.415102,0.335069,0.833082,0.440109,-0.880285,0.443344,-0.168756,-0.336105,-0.331929,0.881317,0.00028,-0.00186,-0.001209,-0.007884,0.06308,-0.188523,-1.060184,0.036814,0.028418,-0.004392,-0.119524,-0.878995,0.461606,0.947122,-0.240396,-0.212527,0.297778,0.411796,0.861249,-0.000544,0.003904,-0.005599,0.017007,0.057184,-0.161415,-0.853644,0.076622,0.027635,-0.044518,-0.027545,0.874822,-0.483659,-0.96268,-0.153531,-0.222875,-0.269233,0.459471,0.846403,-0.00016,-0.001008,-0.000501,-7e-06,-1e-06,3.7e-05,-0.573822
9,0.134161,-0.018255,0.453525,-0.110079,0.870879,-0.47906,-0.951461,-0.231638,-0.202576,-0.287259,0.432424,0.854704,7.2e-05,0.00913,-0.010638,0.036047,-0.009966,0.019305,-0.558904,-0.117743,-0.025261,0.41472,0.329057,0.83414,0.442633,-0.880041,0.440873,-0.176333,-0.342621,-0.332565,0.878564,-0.001112,0.00796,-0.011098,0.027569,0.060916,-0.166126,-1.366542,0.036804,0.02853,-0.004588,-0.113336,-0.878661,0.463797,0.945987,-0.23814,-0.219991,0.303746,0.413814,0.858193,0.006139,0.004812,-0.005603,0.036526,-0.018067,0.051986,-0.835029,0.076667,0.027631,-0.044555,-0.027567,0.874787,-0.483721,-0.962639,-0.153635,-0.222981,-0.269377,0.459503,0.84634,5.5e-05,0.004675,-0.005266,0.036032,-0.009973,0.019318,-0.603704
10,0.134304,-0.01822,0.453458,-0.109582,0.870887,-0.479158,-0.951453,-0.231329,-0.202966,-0.287476,0.432572,0.854556,0.012685,-0.001448,-0.001144,0.000984,-0.014715,0.029553,-0.608953,-0.117829,-0.02494,0.414383,0.327493,0.837168,0.438052,-0.880126,0.438955,-0.180639,-0.343899,-0.327441,0.879989,-7.9e-05,0.000529,0.000344,0.047202,-0.122153,-0.043245,-1.406241,0.036761,0.028692,-0.004762,-0.111196,-0.881399,0.459097,0.945447,-0.236162,-0.224404,0.306211,0.4091,0.859576,-0.000683,0.004856,-0.004977,0.092696,-0.14999,-0.029815,-0.860666,0.076734,0.027652,-0.044587,-0.027093,0.874756,-0.483805,-0.962597,-0.153349,-0.22336,-0.269577,0.459658,0.846192,2e-06,8e-06,2e-06,2e-06,2e-06,2.5e-05,-0.630484
11,0.134644,-0.018168,0.453278,-0.108748,0.872278,-0.476813,-0.951375,-0.23032,-0.204474,-0.28805,0.430306,0.855506,-3e-06,-1.7e-05,-8e-06,0.035301,0.252075,0.065061,-0.752924,-0.117991,-0.024728,0.414142,0.327218,0.84229,0.428332,-0.879855,0.436927,-0.18677,-0.344852,-0.31682,0.883496,-0.001223,0.008707,-0.010607,0.252359,-0.564146,-0.177189,-1.407299,0.03668,0.0288,-0.004881,-0.110283,-0.8859,0.450576,0.944533,-0.234516,-0.22991,0.309345,0.400228,0.862625,-0.000604,0.004314,-0.005332,0.312069,-0.732894,-0.250382,-0.860013,0.076909,0.027677,-0.044677,-0.02613,0.875709,-0.482131,-0.962432,-0.152428,-0.224697,-0.270259,0.458147,0.846794,0.006347,-0.000715,-0.000572,0.054093,0.385792,0.139008,-0.702169
12,0.134883,-0.018131,0.453186,-0.108124,0.872274,-0.476963,-0.951363,-0.22994,-0.204959,-0.288327,0.430518,0.855306,0.012864,-0.000308,-0.000578,0.001498,-0.01103,0.030505,-0.815709,-0.118153,-0.024734,0.414056,0.326475,0.845007,0.423521,-0.880001,0.435295,-0.18987,-0.345184,-0.311779,0.885158,-0.012955,-0.004472,-0.001721,0.133964,-0.332262,-0.183217,-1.407376,0.036603,0.028802,-0.004921,-0.109215,-0.888865,0.444961,0.944087,-0.232844,-0.233412,0.311079,0.39459,0.864596,0.000106,-0.000688,-0.000446,0.178063,-0.425893,-0.367041,-0.859523,0.077023,0.027694,-0.044724,-0.025573,0.876125,-0.481404,-0.962344,-0.151941,-0.225403,-0.270626,0.457512,0.847019,0.006467,5.4e-05,-0.000192,-0.0006,-0.030892,0.024066,-0.757687
13,0.135374,-0.018096,0.453095,-0.106866,0.876473,-0.46949,-0.951342,-0.227325,-0.207951,-0.288865,0.423332,0.858705,0.012894,-9.2e-05,-0.000471,0.02048,0.12686,0.066183,-0.912683,-0.118684,-0.024873,0.413965,0.31859,0.851231,0.41701,-0.879536,0.429536,-0.204572,-0.353635,-0.302677,0.884981,-0.026423,-0.005575,-0.001257,0.069215,-0.115674,-0.322124,-1.408063,0.036343,0.028728,-0.00497,-0.100593,-0.893589,0.437468,0.94152,-0.22762,-0.24845,0.321589,0.386893,0.864229,-0.006513,-0.002011,-0.000707,0.076063,-0.156571,-0.297461,-0.857237,0.077269,0.027712,-0.044769,-0.024104,0.880296,-0.473811,-0.962045,-0.149292,-0.228429,-0.271822,0.450321,0.850483,0.00648,0.00015,-0.000146,0.022076,0.132081,0.065895,-0.787406
14,0.136011,-0.018135,0.452997,-0.1063,0.880654,-0.46173,-0.952023,-0.22409,-0.208345,-0.286825,0.416335,0.8628,0.025377,-0.002804,-0.002241,0.068542,0.462609,0.186552,-1.044983,-0.119418,-0.025026,0.414042,0.308068,0.857007,0.413067,-0.879912,0.421792,-0.218589,-0.361923,-0.297205,0.883484,-0.013537,-0.000565,0.000815,0.019063,-0.04188,-0.049482,-1.408513,0.035982,0.028647,-0.004935,-0.089359,-0.897059,0.432781,0.939447,-0.220245,-0.262547,0.330838,0.383115,0.86242,-0.006832,0.000144,0.000696,-0.001765,0.047739,-0.221146,-0.853318,0.077583,0.027696,-0.044817,-0.023385,0.883319,-0.468186,-0.962514,-0.146476,-0.228279,-0.270222,0.445298,0.853632,0.006344,-0.000718,-0.000577,0.075443,0.524093,0.166903,-0.789855
15,0.136384,-0.01815,0.452943,-0.106461,0.882055,-0.459011,-0.952699,-0.222579,-0.206867,-0.28451,0.414178,0.864602,0.025419,-0.002521,-0.002101,0.00394,0.137697,0.091864,-1.141111,-0.119787,-0.02509,0.414119,0.303137,0.859356,0.411835,-0.880484,0.417915,-0.223673,-0.364683,-0.295896,0.882788,-0.027001,-0.001601,0.001319,-0.00742,0.080428,-0.25155,-1.408654,0.035783,0.028614,-0.004896,-0.083921,-0.89823,0.431439,0.938916,-0.216294,-0.267679,0.333755,0.382622,0.861514,-0.013522,-0.000672,0.000754,-0.024017,0.120676,-0.231816,-0.850868,0.077769,0.027688,-0.044844,-0.023529,0.885801,-0.463467,-0.963045,-0.144503,-0.22729,-0.268306,0.440992,0.856467,0.00637,-0.000539,-0.000488,-0.039107,0.191078,0.047387,-0.798673
16,0.137163,-0.018198,0.452812,-0.104151,0.884804,-0.454223,-0.952807,-0.219641,-0.209494,-0.285006,0.409867,0.866491,0.012358,0.005248,-0.012984,0.063918,0.200089,0.077528,-1.443345,-0.120621,-0.025117,0.414199,0.297493,0.862208,0.409984,-0.882237,0.412435,-0.226911,-0.365086,-0.295288,0.882825,-0.027238,0.000163,0.002456,-0.002675,0.020626,-0.031415,-1.408834,0.035376,0.0286,-0.004857,-0.077947,-0.899653,0.42959,0.939275,-0.210713,-0.270851,0.334192,0.382392,0.861446,-0.00689,0.000594,0.000988,-0.00542,0.024703,-0.025408,-0.849889,0.078164,0.027664,-0.044903,-0.021055,0.88815,-0.45907,-0.96286,-0.14164,-0.229864,-0.269177,0.437181,0.858146,0.012674,-0.001498,-0.00118,0.041352,0.278913,0.142054,-0.799326
17,0.137992,-0.01821,0.452652,-0.107606,0.886832,-0.449439,-0.951535,-0.222799,-0.211926,-0.287952,0.403749,0.868387,0.025553,0.00727,-0.012405,0.091509,0.228722,0.106851,-1.813316,-0.121514,-0.025078,0.414303,0.2959,0.862561,0.410395,-0.882712,0.411144,-0.227409,-0.365233,-0.29606,0.882506,-0.013879,0.002026,0.002482,0.006356,-0.048332,0.159021,-1.408973,0.034924,0.028622,-0.004803,-0.076133,-0.899606,0.430015,0.939451,-0.209231,-0.27139,0.334117,0.383316,0.861065,-0.013661,0.000439,0.001469,-0.003182,0.021522,-0.031592,-0.854134,0.078573,0.027651,-0.044987,-0.024455,0.890392,-0.454535,-0.961809,-0.144949,-0.232193,-0.272627,0.431498,0.859932,0.006494,0.000288,-8.4e-05,0.117931,0.389764,0.029711,-0.797204
18,0.138733,-0.018207,0.452583,-0.105605,0.889519,-0.444576,-0.95165,-0.220026,-0.214297,-0.288316,0.399343,0.870302,0.025574,-0.001412,-0.001551,0.006706,0.007913,0.068824,-1.90974,-0.122606,-0.025217,0.414382,0.292885,0.864155,0.409202,-0.882597,0.408987,-0.231703,-0.367929,-0.294391,0.881944,-0.02669,-0.00358,1.1e-05,-0.003211,0.027929,-0.059369,-1.40923,0.034397,0.028565,-0.004763,-0.073117,-0.900573,0.428509,0.938592,-0.207402,-0.275732,0.337191,0.382035,0.860436,-0.013331,-0.001914,-5.8e-05,-0.013183,0.042615,-0.050091,-0.85887,0.078953,0.027658,-0.045025,-0.022354,0.89338,-0.448743,-0.961598,-0.142027,-0.234853,-0.273547,0.426261,0.862248,0.012793,-0.00068,-0.000777,0.001701,-0.041715,0.053205,-0.81288
19,0.139089,-0.018226,0.452572,-0.10489,0.892132,-0.439481,-0.951689,-0.218221,-0.215964,-0.28845,0.394487,0.87247,0.012812,-0.000523,-0.000685,0.063616,0.48286,0.15905,-1.910331,-0.12318,-0.025344,0.414425,0.290362,0.866873,0.405233,-0.882302,0.406509,-0.237124,-0.370627,-0.289782,0.882341,-0.038791,-0.014524,0.010333,0.006997,-0.089037,-0.158577,-1.409348,0.0341,0.028499,-0.004743,-0.070123,-0.902791,0.424322,0.937486,-0.205,-0.281234,0.340882,0.378075,0.86073,-0.01333,-0.00193,-7e-05,0.042356,-0.11581,-0.104982,-0.859359,0.079131,0.027649,-0.04503,-0.021493,0.895038,-0.44547,-0.961508,-0.140589,-0.236082,-0.273931,0.42325,0.863608,0.006407,-0.000275,-0.000365,0.083408,0.680734,0.221924,-0.813043
20,0.139829,-0.018255,0.452533,-0.103272,0.894725,-0.434565,-0.951797,-0.21569,-0.218018,-0.288677,0.389989,0.874415,0.013009,0.00087,5e-06,0.025379,0.161959,0.105288,-1.910008,-0.124343,-0.025641,0.414654,0.286638,0.874535,0.391175,-0.882434,0.40003,-0.247426,-0.3732,-0.27537,0.885864,-0.026909,-0.001932,0.001065,0.198424,-0.551542,-0.263849,-1.40965,0.033524,0.028345,-0.004632,-0.065613,-0.90869,0.412282,0.93587,-0.19938,-0.290504,0.346179,0.366782,0.863498,-0.013499,-0.00066,0.00075,0.041284,-0.10009,-0.065824,-0.860829,0.079487,0.027633,-0.04505,-0.019887,0.898058,-0.439425,-0.96133,-0.137924,-0.23837,-0.274678,0.417692,0.866074,0.006409,-0.000241,-0.000345,0.037877,0.293115,0.112756,-0.809287
21,0.140394,-0.018231,0.452537,-0.102024,0.897292,-0.42954,-0.95188,-0.213427,-0.219875,-0.288849,0.385321,0.876425,0.012939,0.000425,-0.000216,0.051692,0.399582,0.137449,-1.910977,-0.125577,-0.025935,0.414927,0.281074,0.879147,0.384825,-0.883193,0.393887,-0.254472,-0.375624,-0.269461,0.886656,-0.04039,-0.002611,0.001768,0.039015,-0.092324,-0.105694,-1.409501,0.032903,0.028194,-0.004492,-0.059404,-0.913076,0.403437,0.934696,-0.192761,-0.298638,0.350447,0.359351,0.8649,-0.01284,-0.005583,0.005684,-0.006815,-0.030347,-0.309187,-0.863278,0.079779,0.027647,-0.045047,-0.018455,0.899928,-0.435646,-0.961223,-0.13588,-0.239972,-0.275153,0.414325,0.867539,0.006496,0.000387,-3.4e-05,0.08156,0.688244,0.225125,-0.817778
22,0.140638,-0.018195,0.452523,-0.101256,0.897318,-0.429667,-0.951929,-0.212822,-0.220249,-0.288958,0.385594,0.876269,0.013095,0.001551,0.000341,0.003285,-0.016095,0.05893,-1.910865,-0.126251,-0.02608,0.415075,0.27839,0.880996,0.382541,-0.884092,0.390742,-0.256194,-0.375505,-0.267994,0.887152,-0.039246,-0.0111,0.012517,-0.027036,0.036239,-0.294004,-1.409655,0.032566,0.028124,-0.004422,-0.056692,-0.914346,0.400944,0.93476,-0.189685,-0.300402,0.350725,0.357756,0.865448,-0.01288,-0.005267,0.005891,-0.026017,-0.004644,-0.088927,-0.864421,0.079901,0.027662,-0.045055,-0.017759,0.900753,-0.433966,-0.961157,-0.134944,-0.240761,-0.275428,0.412834,0.868162,5.4e-05,0.004903,-0.005158,0.034141,-0.030278,0.012759,-0.821371
23,0.141092,-0.018122,0.452533,-0.105553,0.897985,-0.427233,-0.950723,-0.217013,-0.221367,-0.291376,0.381696,0.877175,0.013191,0.002296,0.000708,0.002595,-0.021704,0.057469,-1.911157,-0.127624,-0.02632,0.415369,0.280149,0.881325,0.380492,-0.883008,0.392122,-0.25782,-0.376749,-0.264865,0.887564,-0.025857,-0.00961,0.012321,-0.026736,-0.006168,-0.094217,-1.409766,0.031874,0.028006,-0.004273,-0.058302,-0.915047,0.399109,0.933948,-0.191208,-0.301958,0.352619,0.355142,0.865755,-0.020235,-0.000932,0.001134,0.010333,-0.042812,0.125549,-0.86981,0.080133,0.027698,-0.045051,-0.02201,0.901696,-0.431808,-0.960278,-0.139242,-0.241818,-0.278172,0.409334,0.868944,0.006594,0.001134,0.00034,0.001599,-0.030272,0.055164,-0.82382
24,0.141523,-0.018,0.452567,-0.104952,0.897959,-0.427435,-0.950768,-0.216558,-0.22162,-0.291447,0.382014,0.877013,0.013401,0.003889,0.001492,0.000984,-0.014714,0.029553,-1.911216,-0.129045,-0.026425,0.415485,0.293698,0.877783,0.378456,-0.876556,0.405289,-0.259469,-0.381486,-0.256643,0.887956,-0.040447,-0.001738,0.002286,0.087341,-0.234011,-0.181591,-1.410112,0.031169,0.02795,-0.004212,-0.072367,-0.914077,0.399031,0.93063,-0.205784,-0.302621,0.358733,0.34945,0.86556,-0.020262,-0.000595,0.001343,0.145888,-0.422505,-0.223684,-0.868667,0.080348,0.027759,-0.045034,-0.021396,0.901586,-0.43207,-0.960284,-0.138791,-0.242056,-0.278201,0.409731,0.868748,0.006723,0.002102,0.000817,0.000842,-0.014957,0.029803,-0.828719
25,0.142136,-0.017756,0.452679,-0.107262,0.900474,-0.421529,-0.952826,-0.214113,-0.21506,-0.283785,0.377455,0.881488,0.026552,0.006248,0.002217,0.016748,0.127952,0.126974,-1.912354,-0.130678,-0.026528,0.415619,0.311328,0.873645,0.373913,-0.867788,0.42178,-0.262639,-0.387528,-0.243817,0.888953,-0.053707,-0.003964,0.001963,0.092825,-0.117144,-0.03284,-1.410401,0.030336,0.0279,-0.004143,-0.090583,-0.914599,0.394084,0.925488,-0.223445,-0.305848,0.367785,0.337016,0.866691,-0.026857,-0.002,0.000994,0.084949,-0.088394,-0.018095,-0.868014,0.080639,0.027874,-0.044981,-0.023708,0.904301,-0.426235,-0.962305,-0.136189,-0.235414,-0.270934,0.404588,0.873442,0.0069,0.003482,0.001491,-0.033012,0.24066,0.095633,-0.829535
26,0.142434,-0.017605,0.452721,-0.112706,0.902353,-0.416056,-0.952264,-0.217582,-0.214064,-0.283555,0.370945,0.884321,0.01393,0.008008,0.003505,0.025098,0.171742,0.107886,-1.912038,-0.131517,-0.026568,0.415653,0.315171,0.874346,0.369022,-0.865752,0.424223,-0.265411,-0.38898,-0.236939,0.890178,-0.04042,-0.0016,0.002344,0.056151,-0.151878,-0.126262,-1.410805,0.029933,0.027879,-0.004128,-0.094491,-0.916137,0.389569,0.923909,-0.226438,-0.30841,0.370759,0.330785,0.867824,-0.020145,-0.001438,0.000789,0.064419,-0.172512,-0.163713,-0.866381,0.080798,0.027952,-0.044959,-0.029031,0.906833,-0.420487,-0.962039,-0.139548,-0.234531,-0.271359,0.397717,0.876461,0.006962,0.003989,0.001738,0.033551,0.179493,0.11154,-0.830188
27,0.142966,-0.017234,0.452784,-0.117853,0.907766,-0.402637,-0.951687,-0.218958,-0.215223,-0.283394,0.35669,0.890218,0.013942,0.008311,0.003638,0.073918,0.600796,0.220111,-1.911825,-0.133002,-0.026626,0.415753,0.322726,0.873536,0.364382,-0.861685,0.430493,-0.268533,-0.391817,-0.228426,0.891159,-0.040427,-0.001283,0.002528,-0.003434,0.037171,-0.090687,-1.410696,0.02919,0.02785,-0.004078,-0.102374,-0.917152,0.385163,0.921146,-0.233569,-0.311343,0.375512,0.322918,0.868742,-0.020247,-0.000372,0.001462,-0.01263,0.064435,-0.047392,-0.865728,0.081065,0.02814,-0.044927,-0.03397,0.911682,-0.409488,-0.961588,-0.141482,-0.235223,-0.272384,0.385769,0.881469,0.006964,0.004105,0.001786,0.002802,-0.043212,0.048743,-0.829862
28,0.143669,-0.016903,0.452866,-0.125918,0.907996,-0.399666,-0.951571,-0.224378,-0.210094,-0.280292,0.352726,0.892775,0.026452,0.006301,0.002208,0.002172,-0.027657,0.05957,-1.912197,-0.134346,-0.026674,0.415774,0.330461,0.871502,0.362313,-0.857404,0.43772,-0.270541,-0.39476,-0.22235,0.891397,-0.026749,-0.002716,0.000483,-0.003932,0.029915,-0.058664,-1.411166,0.028502,0.02783,-0.004064,-0.110389,-0.916801,0.383782,0.918507,-0.241617,-0.312995,0.379682,0.317955,0.86876,-0.013365,-0.00148,0.000188,-0.00687,0.038781,-0.055932,-0.864421,0.081412,0.028309,-0.044884,-0.042137,0.913525,-0.404593,-0.961975,-0.146474,-0.230536,-0.269864,0.379495,0.884961,0.007008,0.004566,0.002002,-0.008841,0.008651,-0.139674,-0.833944
29,0.144007,-0.016737,0.452924,-0.128284,0.907748,-0.399477,-0.95205,-0.225464,-0.206731,-0.277576,0.352672,0.893645,0.013846,0.007958,0.003442,-0.007956,0.029249,-0.134491,-1.91129,-0.134923,-0.026697,0.415723,0.334931,0.869693,0.362554,-0.854945,0.442303,-0.27087,-0.396329,-0.220343,0.891199,-0.026695,-0.003247,0.00014,-0.004075,0.030394,-0.058464,-1.411397,0.028224,0.027819,-0.00409,-0.115174,-0.91599,0.384312,0.917111,-0.24669,-0.313128,0.381628,0.316393,0.868477,-0.013336,-0.001755,8e-06,-0.004733,0.031724,-0.059242,-0.865401,0.081585,0.028391,-0.044855,-0.044367,0.913403,-0.404629,-0.962629,-0.147402,-0.227192,-0.267162,0.379429,0.885809,0.013224,0.003227,0.001126,0.006095,-0.040839,0.087643,-0.831658
30,0.144438,-0.016528,0.453023,-0.131474,0.907254,-0.399561,-0.9517,-0.228259,-0.205271,-0.277281,0.352145,0.893944,0.000473,0.00364,0.001768,-0.010418,0.051374,-0.191855,-1.911497,-0.135672,-0.026704,0.415756,0.344932,0.865659,0.362832,-0.849696,0.452265,-0.270937,-0.399044,-0.21594,0.891065,-0.014781,0.010546,-0.008342,0.050165,-0.000554,0.032189,-1.411556,0.027846,0.027803,-0.004074,-0.12569,-0.914272,0.385106,0.914238,-0.257466,-0.312856,0.385188,0.312756,0.868224,-0.006862,0.001098,0.001271,0.053569,-0.034249,0.131447,-0.866218,0.081807,0.028505,-0.044802,-0.047512,0.913161,-0.404818,-0.96254,-0.150164,-0.225759,-0.266944,0.378927,0.886089,0.006562,0.001284,0.000397,0.002373,-0.0223,0.057642,-0.830188
31,0.144792,-0.01653,0.452998,-0.132124,0.907095,-0.399709,-0.951618,-0.228871,-0.204973,-0.277255,0.352159,0.893947,1e-06,7e-06,3e-06,0.0,0.0,0.0,-1.911953,-0.13604,-0.026577,0.415758,0.351279,0.863369,0.362199,-0.847624,0.457616,-0.268429,-0.397918,-0.21381,0.892082,-0.001328,0.011121,-0.00908,0.037342,-0.012781,0.048831,-1.411373,0.027656,0.02787,-0.00407,-0.132386,-0.913458,0.384796,0.913534,-0.263082,-0.31023,0.384615,0.310454,0.869303,-2.9e-05,0.00028,0.000186,9e-06,0.000242,-0.001032,-0.866544,0.081979,0.028503,-0.044814,-0.048332,0.913049,-0.404974,-0.96251,-0.150916,-0.225382,-0.266902,0.378899,0.886113,0.006296,-0.000753,-0.00059,0.000918,-0.014769,0.029755,-0.829862
32,0.144875,-0.016553,0.452983,-0.131949,0.9071,-0.399755,-0.951637,-0.228729,-0.20504,-0.277271,0.352238,0.893911,-0.000103,-0.000797,-0.000387,0.0,0.0,0.0,-1.912117,-0.136014,-0.026458,0.415637,0.351767,0.863167,0.362207,-0.847268,0.45815,-0.268642,-0.398246,-0.213481,0.892014,-0.001154,0.009303,-0.01024,0.035974,-0.003669,0.021528,-1.411238,0.027668,0.027937,-0.004133,-0.132925,-0.913365,0.384831,0.913283,-0.26371,-0.310436,0.385025,0.310195,0.869214,-0.000568,0.004571,-0.005167,0.035731,-0.003429,0.020819,-0.869647,0.082025,0.02849,-0.044822,-0.048129,0.913039,-0.405021,-0.962518,-0.15075,-0.225459,-0.26691,0.37899,0.886072,-8.1e-05,-0.000625,-0.000308,-6.3e-05,-3.9e-05,0.000169,-0.830188
33,0.144809,-0.016625,0.452962,-0.137524,0.906288,-0.399719,-0.950249,-0.234522,-0.204933,-0.279308,0.350521,0.893951,-0.01304,-0.001926,-0.000502,-0.000984,0.014715,-0.029553,-1.910826,-0.135583,-0.026065,0.41546,0.362585,0.854221,0.372598,-0.840769,0.472351,-0.264434,-0.402313,-0.218472,0.888976,0.026151,0.008478,0.003204,-0.191323,0.578617,0.303198,-1.411167,0.027875,0.02812,-0.004228,-0.145075,-0.907749,0.393628,0.910144,-0.27847,-0.306743,0.388059,0.313758,0.866582,0.005853,0.007874,-0.003619,0.009845,0.096771,-0.126067,-0.87177,0.081997,0.028455,-0.044833,-0.05374,0.912685,-0.405112,-0.961613,-0.156631,-0.225313,-0.269093,0.377453,0.886067,-0.000246,-0.001911,-0.000928,-0.001768,0.0075,-0.027545,-0.831331
34,0.144615,-0.016732,0.452939,-0.141199,0.904298,-0.402931,-0.947528,-0.241292,-0.209621,-0.286616,0.351064,0.891421,-0.000245,-0.001893,-0.000921,-0.006017,-0.049707,-0.012973,-1.909958,-0.134734,-0.025402,0.415405,0.362861,0.848409,0.385391,-0.839793,0.477014,-0.259113,-0.404102,-0.230702,0.885066,0.025672,0.012767,0.005918,-0.122092,0.358323,0.22613,-1.410597,0.0283,0.02845,-0.004256,-0.145876,-0.901228,0.408052,0.910616,-0.283523,-0.300653,0.386649,0.327721,0.862032,0.005584,0.010376,-0.002039,-0.144437,0.588151,0.092868,-0.87128,0.081894,0.028396,-0.044847,-0.057533,0.910855,-0.408695,-0.959349,-0.163735,-0.229866,-0.276293,0.378857,0.883249,-0.006411,-0.004751,0.005447,-0.04414,-0.005063,-0.056299,-0.832474
35,0.144312,-0.016761,0.453038,-0.140537,0.901931,-0.408431,-0.946873,-0.242904,-0.21072,-0.289097,0.355995,0.888661,-0.012318,0.003682,0.002226,-0.00465,-0.035215,-0.012829,-1.538938,-0.133832,-0.024969,0.415239,0.361677,0.844567,0.394825,-0.840738,0.478531,-0.253181,-0.403194,-0.241445,0.88261,0.025777,0.009293,-0.012447,-0.010706,0.108942,0.102899,-1.409885,0.028748,0.028691,-0.004318,-0.145024,-0.896663,0.418285,0.912288,-0.28483,-0.29428,0.383011,0.338919,0.859322,0.01287,0.004859,-0.006102,-0.024439,0.145062,-0.065498,-0.866218,0.081747,0.028373,-0.044802,-0.056934,0.908377,-0.414255,-0.958815,-0.165396,-0.230902,-0.278263,0.384049,0.880383,-0.006177,-0.002907,0.006346,-0.039629,0.012894,-0.050156,-0.773363
36,0.144064,-0.016758,0.453184,-0.14067,0.900764,-0.410953,-0.946931,-0.243514,-0.209749,-0.28884,0.358517,0.88773,-0.012271,0.004016,0.002388,-0.003349,-0.004654,-0.034596,-1.170406,-0.133282,-0.024845,0.415016,0.360411,0.841485,0.402488,-0.840702,0.480017,-0.250476,-0.404401,-0.249165,0.879909,0.025918,0.007981,-0.013285,-0.172788,0.668469,0.118076,-1.409576,0.029023,0.028748,-0.004432,-0.144332,-0.894344,0.423458,0.912505,-0.285823,-0.292639,0.382754,0.34417,0.857347,0.013035,0.003317,-0.007086,0.016794,0.039801,0.068019,-0.864095,0.081623,0.028377,-0.044728,-0.057075,0.907205,-0.416796,-0.958949,-0.165968,-0.229933,-0.277771,0.386564,0.879437,-0.006021,-0.00172,0.006926,-0.035496,0.044589,-0.041672,-0.674899
37,0.14352,-0.016665,0.453373,-0.153187,0.894057,-0.421,-0.944484,-0.257706,-0.20374,-0.290467,0.365304,0.884426,-0.025162,0.003244,0.002446,-0.04396,-0.309787,-0.147368,-0.63026,-0.132154,-0.024476,0.414692,0.367174,0.830635,0.418593,-0.838356,0.490507,-0.237689,-0.403192,-0.26471,0.875916,0.026458,0.004662,0.000748,-2.525545,-0.695071,1.061218,-1.408538,0.029589,0.028919,-0.004608,-0.151092,-0.883716,0.442963,0.912508,-0.297004,-0.281276,0.38013,0.36171,0.851273,0.012621,0.007162,-0.004646,-0.10729,0.433858,0.241289,-0.862952,0.081357,0.028431,-0.044629,-0.069956,0.901773,-0.426509,-0.957804,-0.180206,-0.223912,-0.278778,0.392848,0.876329,-0.00626,0.001044,0.00073,-0.051099,-0.439851,-0.146585,-0.541001
38,0.143021,-0.01641,0.453097,-0.171452,0.882125,-0.438754,-0.940358,-0.279283,-0.194162,-0.293607,0.378199,0.877945,-0.012784,0.00926,-0.010138,-0.047184,-0.657707,-0.183289,-0.362083,-0.13109,-0.024251,0.414344,0.362756,0.821083,0.440706,-0.839937,0.492955,-0.226794,-0.403896,-0.288934,0.867898,0.0397,0.00544,-0.016035,-0.101395,0.444279,0.043596,-1.406741,0.030129,0.02905,-0.004772,-0.149055,-0.873109,0.46418,0.915985,-0.298749,-0.267803,0.372495,0.385265,0.844285,0.0199,0.002335,-0.008281,-0.09066,0.41053,0.026032,-0.86981,0.081102,0.028555,-0.044764,-0.088846,0.891792,-0.443635,-0.955653,-0.201872,-0.214414,-0.28077,0.404912,0.87018,-0.006396,0.004558,-0.005099,-0.04876,-0.670287,-0.181301,-0.455926
39,0.142528,-0.015873,0.452437,-0.17214,0.870044,-0.461992,-0.939971,-0.285299,-0.187164,-0.294441,0.400958,0.867505,-0.012951,0.017109,-0.021384,-0.030521,-0.817361,-0.204444,-0.188149,-0.129816,-0.024272,0.413568,0.366505,0.811806,0.454573,-0.83746,0.500732,-0.218774,-0.405658,-0.301532,0.862777,0.040339,0.000512,-0.019238,-0.02886,0.225387,-0.030197,-1.272486,0.030741,0.029035,-0.005148,-0.154241,-0.864718,0.477986,0.915715,-0.306787,-0.259513,0.371046,0.397672,0.839155,0.020185,0.000189,-0.00968,-0.020716,0.270545,0.017988,-0.846949,0.080861,0.028814,-0.045082,-0.090031,0.880151,-0.466076,-0.95593,-0.207676,-0.207527,-0.279448,0.426853,0.86006,-0.006498,0.008311,-0.010804,0.018377,-0.422457,-0.097657,-0.402857
40,0.142279,-0.015553,0.451956,-0.171466,0.864557,-0.472426,-0.939448,-0.287838,-0.185898,-0.296496,0.410868,0.862151,-0.013443,0.022576,-0.033782,0.045842,-0.484587,-0.125299,-0.126689,-0.12918,-0.024265,0.413288,0.368509,0.809745,0.456625,-0.840848,0.499837,-0.207536,-0.396728,-0.308498,0.864464,0.039973,0.003968,-0.017041,-2.364578,-0.894556,0.935047,-1.055996,0.03107,0.029027,-0.005302,-0.15505,-0.862915,0.480974,0.91866,-0.305006,-0.251065,0.363348,0.402924,0.840017,0.019994,0.002,-0.008531,0.0036,0.151785,-0.071577,-0.749302,0.080737,0.028976,-0.045315,-0.089501,0.873554,-0.478427,-0.955679,-0.210592,-0.205736,-0.280475,0.43881,0.853685,-0.006638,0.007253,-0.011315,-0.01794,-0.72021,-0.180722,-0.393713
41,0.141653,-0.014838,0.450744,-0.173156,0.852976,-0.492437,-0.939235,-0.293418,-0.178088,-0.296187,0.430615,0.852567,-0.013817,0.019807,-0.035102,0.058918,-0.379925,-0.099097,-0.050687,-0.128048,-0.024172,0.412703,0.364639,0.806843,0.464795,-0.844797,0.496611,-0.19907,-0.391875,-0.321089,0.86209,0.013311,0.001011,-0.016702,-0.116842,0.543445,0.01074,-0.735348,0.031646,0.029077,-0.005594,-0.152933,-0.860445,0.48605,0.922825,-0.300307,-0.241265,0.353559,0.411642,0.839967,0.013334,0.00133,-0.00841,-0.121686,0.559088,0.045065,-0.574581,0.080414,0.029348,-0.045942,-0.091656,0.861624,-0.499201,-0.956088,-0.216289,-0.197775,-0.27838,0.459153,0.843612,-0.006905,0.00979,-0.017593,0.069636,-0.320125,-0.078197,-0.279572
42,0.140976,-0.013919,0.449249,-0.17873,0.841394,-0.510055,-0.9364,-0.304526,-0.174328,-0.301789,0.445411,0.842947,-0.01366,0.020884,-0.034542,0.019268,-0.716884,-0.163416,-0.01972,-0.127135,-0.024099,0.412038,0.35955,0.807488,0.46763,-0.846119,0.493459,-0.201282,-0.393717,-0.324321,0.860038,0.026562,0.003701,-0.016135,0.028892,0.043259,-0.133747,-0.433742,0.032098,0.029109,-0.005929,-0.147583,-0.858896,0.490424,0.923401,-0.297295,-0.242784,0.354327,0.417028,0.836982,0.013267,0.002048,-0.007957,0.04392,-0.044027,0.044831,-0.468932,0.080074,0.029802,-0.046692,-0.097795,0.851582,-0.515018,-0.954237,-0.22719,-0.194462,-0.282608,0.472432,0.834829,-0.006817,0.01037,-0.017296,0.032623,-0.60625,-0.12914,-0.237117
43,0.140678,-0.013433,0.448436,-0.184682,0.837149,-0.514898,-0.934302,-0.31203,-0.172306,-0.304687,0.448206,0.840419,-0.013996,0.027463,-0.046361,-1.980716,0.468232,-1.769441,-0.005686,-0.126658,-0.024015,0.411734,0.362582,0.805624,0.468504,-0.84678,0.494766,-0.195203,-0.389492,-0.326961,0.860962,0.026433,0.004866,-0.01539,-0.175475,-0.105984,0.150952,-0.299691,0.032336,0.02915,-0.006081,-0.150691,-0.857692,0.491585,0.924617,-0.298243,-0.236925,0.349821,0.418825,0.837979,0.013185,0.002775,-0.00749,-0.731332,-0.390136,0.388948,-0.434967,0.079931,0.030039,-0.04708,-0.101968,0.846976,-0.521759,-0.952394,-0.234599,-0.194698,-0.287309,0.477068,0.830577,-0.006951,0.013894,-0.02309,0.968634,-0.007702,-1.464367,-0.223727
44,0.140098,-0.012343,0.446629,-0.187733,0.828897,-0.527002,-0.933307,-0.317682,-0.167299,-0.305867,0.459415,0.833913,-0.014086,0.026751,-0.046652,0.084951,-0.453031,-0.103778,0.018319,-0.125706,-0.023754,0.411172,0.365638,0.804827,0.467498,-0.85037,0.493076,-0.183525,-0.378654,-0.33146,0.864071,0.026221,0.006714,-0.014205,-0.17269,-0.114713,0.148385,-0.049918,0.032812,0.029281,-0.006362,-0.153924,-0.857662,0.490634,0.928332,-0.29558,-0.225455,0.338386,0.420769,0.841693,0.013071,0.003754,-0.00686,-0.723208,-0.399719,0.416141,-0.386307,0.079641,0.030584,-0.047983,-0.107461,0.839518,-0.532597,-0.952445,-0.240563,-0.18702,-0.28513,0.487173,0.825446,-0.007002,0.013443,-0.023286,0.055007,-0.596498,-0.34943,-0.199233
45,0.139522,-0.011174,0.444659,-0.198503,0.821114,-0.535177,-0.933071,-0.325376,-0.153232,-0.299716,0.467919,0.831414,-0.00156,0.033751,-0.058618,0.119009,-0.21544,-0.200078,0.063068,-0.124997,-0.023423,0.410567,0.363387,0.806406,0.466532,-0.85683,0.485906,-0.172254,-0.36603,-0.338163,0.866909,0.011434,0.01579,-0.023394,0.041722,0.019224,0.068761,0.093426,0.033177,0.029449,-0.006671,-0.151605,-0.85867,0.489592,0.933637,-0.287036,-0.214313,0.324555,0.424611,0.845203,0.005708,0.008041,-0.011614,0.059257,-0.007702,0.052493,-0.153944,0.079348,0.031165,-0.048964,-0.118537,0.832015,-0.541939,-0.95318,-0.248263,-0.172661,-0.2782,0.4961,0.822489,-0.007028,0.013217,-0.023364,0.041194,-0.204339,-0.277823,-0.153022
46,0.139316,-0.01056,0.443637,-0.206242,0.816801,-0.538838,-0.932764,-0.330442,-0.143981,-0.29541,0.471897,0.830706,-0.001456,0.03443,-0.05824,0.141021,-0.051884,-0.347738,0.088988,-0.124788,-0.02316,0.410241,0.361568,0.80779,0.465548,-0.859208,0.482569,-0.169774,-0.362231,-0.339639,0.867927,0.011086,0.018442,-0.021661,0.082405,-0.086595,0.260707,0.139045,0.033278,0.02957,-0.006827,-0.149326,-0.859787,0.48833,0.935372,-0.282955,-0.212165,0.320592,0.425089,0.846474,0.006175,0.004626,-0.005707,0.046206,-0.023844,0.045756,-0.07932,0.079245,0.03147,-0.049476,-0.126381,0.828106,-0.546138,-0.953513,-0.253243,-0.163341,-0.27357,0.500107,0.821615,-0.006963,0.013638,-0.023142,0.13248,-0.035804,-0.184502,-0.120691
47,0.138993,-0.009369,0.441663,-0.224687,0.807325,-0.5457,-0.930625,-0.34375,-0.125475,-0.288612,0.478644,0.829234,-0.013918,0.027708,-0.046018,0.109796,0.023072,-0.382474,0.156,-0.124775,-0.022418,0.409349,0.350029,0.810071,0.47038,-0.86531,0.471952,-0.168621,-0.359008,-0.349025,0.865539,-0.016978,0.025183,-0.031172,0.09326,0.045801,0.051143,0.17564,0.033294,0.029941,-0.007268,-0.137503,-0.859193,0.492828,0.938996,-0.271426,-0.211215,0.315241,0.433722,0.844101,-0.001192,0.008912,-0.010446,0.068098,0.003661,0.046599,0.02045,0.079088,0.032067,-0.050468,-0.14534,0.820128,-0.553412,-0.952874,-0.266575,-0.144802,-0.266282,0.506287,0.820223,-0.000598,0.013401,-0.023437,0.129802,0.072851,-0.328558,-0.042964
48,0.1389,-0.00823,0.439522,-0.242416,0.797126,-0.553055,-0.926041,-0.360035,-0.113115,-0.288992,0.483738,0.82614,0.010596,0.020437,-0.050406,0.109713,-0.00361,-0.323835,0.172889,-0.125008,-0.021438,0.408231,0.349103,0.808117,0.47441,-0.869982,0.467637,-0.156145,-0.34845,-0.359237,0.865675,-0.003736,0.027684,-0.030675,-2.221395,-1.021388,1.163601,0.203277,0.033171,0.030442,-0.007838,-0.136489,-0.856921,0.497047,0.943018,-0.266086,-0.199786,0.303458,0.441456,0.84441,-0.001859,0.013893,-0.015304,-2.204204,-1.055483,1.14545,0.05964,0.079033,0.032646,-0.051533,-0.163713,0.811392,-0.561106,-0.949909,-0.283145,-0.132291,-0.266214,0.511342,0.817103,-0.001029,0.01483,-0.030212,0.156941,0.073827,-0.341626,0.01778
49,0.139205,-0.007358,0.437293,-0.259362,0.788648,-0.557505,-0.922108,-0.373785,-0.099871,-0.286835,0.487195,0.82486,0.010063,0.01669,-0.052239,0.100843,-0.058214,-0.340026,0.168373,-0.125156,-0.02025,0.406923,0.354254,0.806394,0.473522,-0.874028,0.465575,-0.138735,-0.332758,-0.365742,0.869119,-0.003754,0.027821,-0.030549,-0.210952,0.206163,0.494435,0.257046,0.033098,0.031027,-0.00848,-0.141956,-0.857558,0.49441,0.947497,-0.262291,-0.182898,0.286525,0.442489,0.849767,-0.002485,0.018563,-0.020356,-0.803802,0.210502,0.879111,0.114669,0.079189,0.033089,-0.052667,-0.181418,0.804591,-0.565436,-0.947351,-0.297252,-0.119023,-0.263843,0.514074,0.816157,0.005028,0.008072,-0.026256,0.110401,-0.042637,-0.330734,0.025454
50,0.139321,-0.006944,0.436106,-0.268102,0.786933,-0.555791,-0.920385,-0.379608,-0.093599,-0.284314,0.485468,0.826749,0.009879,0.024229,-0.06349,0.167707,0.00889,-0.118845,0.172049,-0.125244,-0.019588,0.406186,0.363364,0.802867,0.472612,-0.872414,0.471224,-0.129517,-0.327126,-0.366265,0.871035,-0.004966,0.036798,-0.040898,0.000414,0.370205,0.450252,0.290359,0.033056,0.031345,-0.008833,-0.151345,-0.856659,0.493181,0.947747,-0.267507,-0.173822,0.280836,0.441105,0.852383,-0.002449,0.01829,-0.020517,0.106049,-0.127306,0.291329,0.154022,0.079244,0.03328,-0.053217,-0.189955,0.803725,-0.563864,-0.946371,-0.302769,-0.112749,-0.26134,0.512207,0.818135,0.004995,0.012213,-0.031696,0.168846,0.076931,-0.271251,0.027251
51,0.139438,-0.006187,0.433951,-0.278541,0.78437,-0.554279,-0.916672,-0.38927,-0.090304,-0.286257,0.481961,0.82813,0.009933,0.015636,-0.052743,0.132243,0.022193,-0.137199,0.192044,-0.12547,-0.018354,0.404722,0.382391,0.796474,0.468398,-0.867723,0.483745,-0.113933,-0.317788,-0.363878,0.87548,-0.004735,0.035042,-0.041989,0.144675,-0.059182,0.282524,0.32216,0.032939,0.031988,-0.00959,-0.172268,-0.85313,0.492435,0.946664,-0.281576,-0.156653,0.272303,0.439184,0.856134,-0.002331,0.017417,-0.021056,0.164039,-0.091207,0.266001,0.222277,0.079305,0.03367,-0.05434,-0.200913,0.802074,-0.562413,-0.94341,-0.313051,-0.109435,-0.263839,0.5086,0.819581,0.004998,0.007781,-0.02639,0.132324,0.02236,-0.136657,0.044069
52,0.139455,-0.005751,0.43201,-0.282222,0.781459,-0.556522,-0.914117,-0.395023,-0.091214,-0.290776,0.482011,0.826525,0.009295,0.011103,-0.055067,0.140348,-0.031112,0.024104,0.238721,-0.125654,-0.017358,0.403261,0.386768,0.794833,0.467592,-0.867155,0.485988,-0.108591,-0.314019,-0.364479,0.87659,-0.002747,0.02011,-0.035491,0.113442,-0.064272,0.226604,0.338912,0.032848,0.032485,-0.010303,-0.176704,-0.852594,0.49179,0.946919,-0.283584,-0.151402,0.268549,0.438933,0.857449,-0.001342,0.009978,-0.017793,0.122546,-0.087669,0.217949,0.252649,0.079314,0.033894,-0.055308,-0.204768,0.79944,-0.564768,-0.941319,-0.319,-0.110256,-0.268304,0.509051,0.81785,0.00466,0.005408,-0.027604,0.14128,-0.026115,0.025824,0.087505
53,0.139461,-0.005706,0.431114,-0.282134,0.77792,-0.561503,-0.913313,-0.396909,-0.091077,-0.293373,0.486163,0.823168,-0.003675,0.001176,-0.044691,0.081388,-0.134577,-0.036545,0.257253,-0.125689,-0.017024,0.402603,0.391098,0.793174,0.466807,-0.864752,0.490304,-0.108349,-0.315287,-0.362299,0.877038,-0.001282,0.009189,-0.026419,0.079887,-0.067435,0.202231,0.353805,0.03283,0.032655,-0.010636,-0.18133,-0.85205,0.491048,0.945531,-0.288321,-0.151129,0.270349,0.436897,0.857922,-0.001224,0.009081,-0.018374,0.117647,-0.075227,0.222688,0.266692,0.079319,0.033916,-0.055739,-0.204851,0.7957,-0.569996,-0.940704,-0.320922,-0.109919,-0.270388,0.513681,0.814261,-0.00191,-0.000133,-0.022713,0.082017,-0.118701,-0.062627,0.11804
54,0.139454,-0.005874,0.429378,-0.282174,0.770732,-0.57131,-0.911763,-0.400641,-0.090256,-0.298111,0.494472,0.816489,0.00856,-0.011978,-0.036887,0.046418,-0.13864,-0.026716,0.260338,-0.125722,-0.016633,0.401422,0.394373,0.790377,0.468792,-0.862287,0.494637,-0.108303,-0.317956,-0.362519,0.875983,-0.000994,0.006981,-0.02788,0.065864,0.015211,0.021401,0.365465,0.032813,0.032851,-0.011239,-0.18523,-0.849866,0.493373,0.944052,-0.2933,-0.150796,0.272862,0.437838,0.856646,-0.000455,0.003328,-0.014045,0.076265,-0.012355,0.010964,0.294125,0.07931,0.033833,-0.056611,-0.205285,0.788247,-0.580107,-0.939475,-0.324837,-0.108931,-0.274305,0.522634,0.807223,-0.002145,-0.001742,-0.023607,0.091206,-0.076839,-0.050754,0.146779
55,0.139538,-0.006245,0.427926,-0.283569,0.763163,-0.580703,-0.910117,-0.404909,-0.087797,-0.30179,0.50266,0.810112,-0.003854,-0.017803,-0.024521,0.018584,-0.050173,-0.085093,0.259877,-0.12573,-0.016504,0.400434,0.39395,0.790388,0.469129,-0.861693,0.495195,-0.110456,-0.320087,-0.361729,0.875534,-0.000929,0.006483,-0.028232,0.070396,0.002791,0.01641,0.375452,0.03281,0.03291,-0.011724,-0.184769,-0.849922,0.493448,0.943496,-0.293943,-0.153005,0.275088,0.437297,0.85621,-0.000401,0.002891,-0.014346,0.070774,0.002016,0.016338,0.305392,0.079355,0.033637,-0.057354,-0.207096,0.780769,-0.589499,-0.938221,-0.329248,-0.106471,-0.27722,0.531031,0.800721,-0.001888,-0.008803,-0.012207,0.034985,0.024291,-0.062657,0.151841
