frame,MLTx,MLTy,MLTz,MLTR1,MLTR2,MLTR3,MLTR4,MLTR5,MLTR6,MLTR7,MLTR8,MLTR9,MLTTVx,MLTTVy,MLTTVz,MLTRVx,MLTRVy,MLTRVz,MLGA,MRTx,MRTy,MRTz,MRTR1,MRTR2,MRTR3,MRTR4,MRTR5,MRTR6,MRTR7,MRTR8,MRTR9,MRTTVx,MRTTVy,MRTTVz,MRTRVx,MRTRVy,MRTRVz,MRGA,SLTx,SLTy,SLTz,SLTR1,SLTR2,SLTR3,SLTR4,SLTR5,SLTR6,SLTR7,SLTR8,SLTR9,SLTTVx,SLTTVy,SLTTVz,SLTRVx,SLTRVy,SLTRVz,SLGA,SRTx,SRTy,SRTz,SRTR1,SRTR2,SRTR3,SRTR4,SRTR5,SRTR6,SRTR7,SRTR8,SRTR9,SRTTVx,SRTTVy,SRTTVz,SRTRVx,SRTRVy,SRTRVz,SRGA
1,0.149911,-0.05662,0.309246,0.099484,0.231321,-0.967801,-0.523016,-0.815223,-0.24867,-0.846628,0.530622,0.041086,-0.0,-0.0,-0.0,0.0,0.0,0.0,0.026741,-0.159564,-0.04769,0.297926,-0.358062,-0.368721,0.857804,0.835234,-0.537039,0.117932,0.417615,0.759146,0.499157,4e-06,-0.000401,-0.000529,0.0,0.0,0.0,0.535981,0.046774,0.018182,-0.019801,0.406141,0.406775,0.81828,-0.804692,0.583541,0.109313,-0.433034,-0.70286,0.564328,1.4e-05,-0.000853,-0.001119,0.002803,4.7e-05,0.001691,-0.977745,0.073999,0.013996,-0.063203,0.029592,-0.284444,-0.958235,0.498045,0.835375,-0.232593,0.866645,-0.470361,0.166386,-0.0,1e-06,6e-06,-1.1e-05,8e-06,4.6e-05,-0.347175
2,0.149923,-0.056626,0.309238,0.099486,0.231323,-0.9678,-0.523016,-0.815223,-0.248673,-0.846628,0.530622,0.041085,-6.3e-05,-0.000478,-0.00062,0.0,0.0,0.0,-0.025728,-0.159576,-0.047691,0.297926,-0.358039,-0.368724,0.857812,0.835242,-0.53703,0.117914,0.417618,0.759151,0.499147,0.0,-0.0,-0.0,0.0,0.0,0.0,0.536361,0.046774,0.018182,-0.019801,0.406141,0.406775,0.81828,-0.804692,0.583541,0.109313,-0.433034,-0.70286,0.564328,1.4e-05,-0.000853,-0.001119,0.002803,4.7e-05,0.001691,-0.977745,0.073999,0.013996,-0.063203,0.029592,-0.284444,-0.958235,0.498045,0.835375,-0.232593,0.866645,-0.470361,0.166386,-0.0,1e-06,6e-06,-1.1e-05,8e-06,4.6e-05,-0.347175
3,0.149923,-0.056626,0.309238,0.099486,0.231323,-0.9678,-0.523016,-0.815223,-0.248673,-0.846628,0.530622,0.041085,-1e-06,-7e-06,-9e-06,0.0,0.0,0.0,-0.049797,-0.159576,-0.047691,0.297926,-0.358039,-0.368724,0.857812,0.835242,-0.53703,0.117914,0.417618,0.759151,0.499147,0.0,-0.0,-0.0,0.0,0.0,0.0,0.53622,0.046774,0.018182,-0.019801,0.406141,0.406775,0.81828,-0.804692,0.583541,0.109313,-0.433034,-0.70286,0.564328,1.4e-05,-0.000853,-0.001119,0.002803,4.7e-05,0.001691,-0.977745,0.073999,0.013996,-0.063203,0.029592,-0.284444,-0.958235,0.498045,0.835375,-0.232593,0.866645,-0.470361,0.166386,-0.0,1e-06,6e-06,-1.1e-05,8e-06,4.6e-05,-0.347175
4,0.149922,-0.056623,0.309225,0.099483,0.231319,-0.967802,-0.522994,-0.815238,-0.248669,-0.846641,0.530601,0.041079,-0.0,-0.0,-0.0,0.0,0.0,0.0,-0.073061,-0.159588,-0.047697,0.297919,-0.357996,-0.36873,0.857828,0.835258,-0.537013,0.117881,0.417623,0.759161,0.499128,0.001004,-0.010836,0.008533,-0.036445,0.00921,-0.018925,0.536325,0.046774,0.018182,-0.019801,0.406141,0.406775,0.81828,-0.804692,0.583541,0.109313,-0.433034,-0.70286,0.564328,1.4e-05,-0.000853,-0.001119,0.002803,4.7e-05,0.001691,-0.977745,0.073999,0.013996,-0.063203,0.029592,-0.284444,-0.958235,0.498045,0.835375,-0.232593,0.866645,-0.470361,0.166386,-0.0,1e-06,6e-06,-1.1e-05,8e-06,4.6e-05,-0.347175
5,0.149923,-0.056618,0.309232,0.099374,0.231258,-0.967827,-0.523008,-0.815262,-0.24856,-0.846645,0.53059,0.041137,0.0,2e-06,2e-06,-0.005666,0.091733,-0.176384,-0.080332,-0.159589,-0.047694,0.297906,-0.357991,-0.368729,0.857831,0.835249,-0.537031,0.117864,0.417646,0.759148,0.499128,1e-06,-5.7e-05,-7.5e-05,0.0,0.0,0.0,0.536024,0.046774,0.018182,-0.019801,0.406141,0.406775,0.81828,-0.804692,0.583541,0.109313,-0.433034,-0.70286,0.564328,1.4e-05,-0.000853,-0.001119,0.002803,4.7e-05,0.001691,-0.977745,0.073999,0.013996,-0.063203,0.029592,-0.284444,-0.958235,0.498045,0.835375,-0.232593,0.866645,-0.470361,0.166386,-0.0,1e-06,6e-06,-1.1e-05,8e-06,4.6e-05,-0.347175
6,0.149911,-0.056604,0.309233,0.099387,0.231263,-0.967825,-0.522985,-0.815273,-0.248571,-0.846658,0.530571,0.041122,2e-05,0.000152,0.000198,0.0,0.0,0.0,-0.076435,-0.1596,-0.0477,0.297899,-0.357948,-0.368734,0.857846,0.835265,-0.537013,0.11783,0.417652,0.759158,0.499109,2e-06,-0.000152,-0.000201,0.0,0.0,0.0,0.535854,0.046774,0.018182,-0.019801,0.406141,0.406775,0.81828,-0.804692,0.583541,0.109313,-0.433034,-0.70286,0.564328,1.4e-05,-0.000853,-0.001119,0.002803,4.7e-05,0.001691,-0.977745,0.073999,0.013996,-0.063203,0.029592,-0.284444,-0.958235,0.498045,0.835375,-0.232593,0.866645,-0.470361,0.166386,-0.0,1e-06,6e-06,-1.1e-05,8e-06,4.6e-05,-0.347175
7,0.149888,-0.05659,0.309234,0.096871,0.229867,-0.968412,-0.523605,-0.815644,-0.246037,-0.846564,0.530609,0.042551,0.0,1e-06,2e-06,-0.0,0.0,-0.0,-0.048997,-0.159612,-0.047712,0.297886,-0.357884,-0.368742,0.85787,0.835288,-0.536988,0.117781,0.41766,0.759172,0.499081,0.0,-3.6e-05,-4.7e-05,0.0,0.0,0.0,0.536128,0.046774,0.018182,-0.019801,0.406141,0.406775,0.81828,-0.804692,0.583541,0.109313,-0.433034,-0.70286,0.564328,1.4e-05,-0.000853,-0.001119,0.002803,4.7e-05,0.001691,-0.977745,0.073999,0.013996,-0.063203,0.029592,-0.284444,-0.958235,0.498045,0.835375,-0.232593,0.866645,-0.470361,0.166386,-0.0,1e-06,6e-06,-1.1e-05,8e-06,4.6e-05,-0.347175
8,0.149865,-0.056583,0.309243,0.096848,0.229853,-0.968418,-0.523608,-0.81565,-0.246013,-0.846564,0.530607,0.042563,1e-06,5e-06,7e-06,-0.0,0.0,-0.0,-0.016692,-0.159612,-0.047706,0.297893,-0.357905,-0.36874,0.857862,0.83528,-0.536996,0.117797,0.417657,0.759167,0.49909,-1e-06,6.7e-05,8.8e-05,0.0,0.0,0.0,0.536046,0.046774,0.018182,-0.019801,0.406141,0.406775,0.81828,-0.804692,0.583541,0.109313,-0.433034,-0.70286,0.564328,1.4e-05,-0.000853,-0.001119,0.002803,4.7e-05,0.001691,-0.977745,0.073999,0.013996,-0.063203,0.029592,-0.284444,-0.958235,0.498045,0.835375,-0.232593,0.866645,-0.470361,0.166386,-0.0,1e-06,6e-06,-1.1e-05,8e-06,4.6e-05,-0.347175
9,0.149852,-0.056588,0.309237,0.096808,0.22983,-0.968427,-0.523613,-0.815658,-0.245972,-0.846566,0.530603,0.042583,-3.6e-05,-0.000274,-0.000356,0.0,0.0,0.0,0.013638,-0.159624,-0.047712,0.297886,-0.357861,-0.368745,0.857878,0.835296,-0.536979,0.117763,0.417663,0.759177,0.499071,-0.015767,-0.001314,0.000148,-0.002045,0.015205,-0.029245,0.536086,0.046774,0.018182,-0.019801,0.406141,0.406775,0.81828,-0.804692,0.583541,0.109313,-0.433034,-0.70286,0.564328,1.4e-05,-0.000853,-0.001119,0.002803,4.7e-05,0.001691,-0.977745,0.073999,0.013996,-0.063203,0.029592,-0.284444,-0.958235,0.498045,0.835375,-0.232593,0.866645,-0.470361,0.166386,-0.0,1e-06,6e-06,-1.1e-05,8e-06,4.6e-05,-0.347175
10,0.149864,-0.056588,0.309236,0.096829,0.229843,-0.968422,-0.52361,-0.815654,-0.245994,-0.846565,0.530605,0.042572,0.01594,-0.000855,-0.000959,0.000984,-0.014715,0.029553,0.027085,-0.159613,-0.047704,0.29788,-0.357899,-0.368739,0.857865,0.835271,-0.537014,0.11778,0.41768,0.759155,0.49909,0.0,-5e-06,-7e-06,0.0,0.0,0.0,0.536099,0.046774,0.018182,-0.019801,0.406141,0.406775,0.81828,-0.804692,0.583541,0.109313,-0.433034,-0.70286,0.564328,1.4e-05,-0.000853,-0.001119,0.002803,4.7e-05,0.001691,-0.977745,0.073999,0.013996,-0.063203,0.029592,-0.284444,-0.958235,0.498045,0.835375,-0.232593,0.866645,-0.470361,0.166386,-0.0,1e-06,6e-06,-1.1e-05,8e-06,4.6e-05,-0.347175
11,0.149864,-0.056588,0.309236,0.095466,0.230412,-0.968422,-0.518771,-0.81874,-0.245994,-0.849692,0.525583,0.042572,-0.0,-0.0,-0.0,0.001168,0.000297,-5.1e-05,0.049075,-0.159613,-0.047704,0.29788,-0.357899,-0.368739,0.857865,0.835271,-0.537014,0.11778,0.41768,0.759155,0.49909,0.0,-0.0,-0.0,0.0,0.0,0.0,0.536235,0.046774,0.018182,-0.019801,0.406141,0.406775,0.81828,-0.804692,0.583541,0.109313,-0.433034,-0.70286,0.564328,1.4e-05,-0.000853,-0.001119,0.002803,4.7e-05,0.001691,-0.977745,0.073999,0.013996,-0.063203,0.029592,-0.284444,-0.958235,0.498045,0.835375,-0.232593,0.866645,-0.470361,0.166386,-0.0,1e-06,6e-06,-1.1e-05,8e-06,4.6e-05,-0.347175
12,0.149864,-0.056588,0.309236,0.095466,0.230412,-0.968422,-0.518771,-0.81874,-0.245994,-0.849692,0.525583,0.042572,-0.0,-0.0,-0.0,0.0,0.0,-0.0,0.072267,-0.159625,-0.047704,0.29788,-0.357876,-0.368743,0.857873,0.83528,-0.537005,0.117762,0.417683,0.75916,0.49908,0.0,-0.0,-0.0,0.0,0.0,0.0,0.535942,0.046774,0.018182,-0.019801,0.406141,0.406775,0.81828,-0.804692,0.583541,0.109313,-0.433034,-0.70286,0.564328,1.4e-05,-0.000853,-0.001119,0.002803,4.7e-05,0.001691,-0.977745,0.073999,0.013996,-0.063203,0.029592,-0.284444,-0.958235,0.498045,0.835375,-0.232593,0.866645,-0.470361,0.166386,-0.0,1e-06,6e-06,-1.1e-05,8e-06,4.6e-05,-0.347175
13,0.149864,-0.056602,0.309236,0.095433,0.230395,-0.96843,-0.518797,-0.818734,-0.245961,-0.84968,0.525601,0.042598,-1.2e-05,-9.3e-05,-0.000121,0.0,0.0,0.0,0.092391,-0.159636,-0.047705,0.29788,-0.357853,-0.368746,0.857881,0.835288,-0.536996,0.117744,0.417686,0.759165,0.49907,6e-06,-0.000549,-0.000723,0.0,0.0,0.0,0.534715,0.046774,0.018182,-0.019801,0.406141,0.406775,0.81828,-0.804692,0.583541,0.109313,-0.433034,-0.70286,0.564328,1.4e-05,-0.000853,-0.001119,0.002803,4.7e-05,0.001691,-0.977745,0.073999,0.013996,-0.063203,0.029592,-0.284444,-0.958235,0.498045,0.835375,-0.232593,0.866645,-0.470361,0.166386,-0.0,1e-06,6e-06,-1.1e-05,8e-06,4.6e-05,-0.347175
14,0.149815,-0.056597,0.309225,0.095346,0.230342,-0.968451,-0.518787,-0.818767,-0.245871,-0.849696,0.525572,0.042635,-0.015942,0.000839,0.000937,-0.000984,0.014715,-0.029553,0.180664,-0.15966,-0.047712,0.297874,-0.357787,-0.368754,0.857905,0.835313,-0.536969,0.117692,0.417694,0.75918,0.499041,-0.015765,-0.001527,-0.000135,-0.002045,0.015205,-0.029245,0.522652,0.046774,0.018182,-0.019801,0.406141,0.406775,0.81828,-0.804692,0.583541,0.109313,-0.433034,-0.70286,0.564328,1.4e-05,-0.000853,-0.001119,0.002803,4.7e-05,0.001691,-0.977745,0.073999,0.013996,-0.063203,0.029592,-0.284444,-0.958235,0.498045,0.835375,-0.232593,0.866645,-0.470361,0.166386,-0.0,1e-06,6e-06,-1.1e-05,8e-06,4.6e-05,-0.347175
15,0.149705,-0.056588,0.309184,0.09513,0.230208,-0.968504,-0.518749,-0.818859,-0.245647,-0.849743,0.525488,0.042725,-0.000116,-0.000873,-0.001134,0.0,0.0,0.0,0.353771,-0.159659,-0.047731,0.297867,-0.357732,-0.368761,0.857925,0.835344,-0.536927,0.117663,0.417679,0.759206,0.499013,4e-06,-0.000366,-0.000483,0.0,0.0,0.0,0.487085,0.046774,0.018182,-0.019801,0.406141,0.406775,0.81828,-0.804692,0.583541,0.109313,-0.433034,-0.70286,0.564328,1.4e-05,-0.000853,-0.001119,0.002803,4.7e-05,0.001691,-0.977745,0.073999,0.013996,-0.063203,0.029592,-0.284444,-0.958235,0.498045,0.835375,-0.232593,0.866645,-0.470361,0.166386,-0.0,1e-06,6e-06,-1.1e-05,8e-06,4.6e-05,-0.347175
16,0.149473,-0.056574,0.309116,0.093318,0.230489,-0.968613,-0.513838,-0.822088,-0.245181,-0.85292,0.5203,0.042922,-0.016153,-0.000718,-0.001094,-0.001804,0.028013,-0.055108,0.482074,-0.159951,-0.047909,0.297736,-0.354073,-0.368754,0.859444,0.836138,-0.536381,0.114465,0.4192,0.759595,0.497142,-0.015735,-0.005811,-0.005797,-0.00386,0.029265,-0.054334,0.09256,0.046774,0.018182,-0.019801,0.406141,0.406775,0.81828,-0.804692,0.583541,0.109313,-0.433034,-0.70286,0.564328,1.4e-05,-0.000853,-0.001119,0.002803,4.7e-05,0.001691,-0.977745,0.073999,0.013996,-0.063203,0.029592,-0.284444,-0.958235,0.498045,0.835375,-0.232593,0.866645,-0.470361,0.166386,-0.0,1e-06,6e-06,-1.1e-05,8e-06,4.6e-05,-0.347175
17,0.149423,-0.056588,0.309098,0.093306,0.23048,-0.968617,-0.51384,-0.822091,-0.245168,-0.852921,0.520299,0.042927,-0.000143,-0.011459,0.007763,-0.035617,0.012649,-0.018518,0.503585,-0.160199,-0.048017,0.297606,-0.353776,-0.368799,0.859547,0.836236,-0.536281,0.114217,0.419256,0.759644,0.49702,-0.016737,0.004709,-0.014761,0.045115,-0.077017,0.137713,-0.16676,0.046774,0.018182,-0.019801,0.406141,0.406775,0.81828,-0.804692,0.583541,0.109313,-0.433034,-0.70286,0.564328,1.4e-05,-0.000853,-0.001119,0.002803,4.7e-05,0.001691,-0.977745,0.073999,0.013996,-0.063203,0.029592,-0.284444,-0.958235,0.498045,0.835375,-0.232593,0.866645,-0.470361,0.166386,-0.0,1e-06,6e-06,-1.1e-05,8e-06,4.6e-05,-0.347175
18,0.149856,-0.056581,0.309092,0.097521,0.232905,-0.967621,-0.512958,-0.821353,-0.249452,-0.852986,0.520381,0.040574,0.031974,-0.001023,-0.001026,0.002062,-0.029707,0.059635,-0.149474,-0.160505,-0.048008,0.297395,-0.346472,-0.375381,0.859673,0.842828,-0.526804,0.109785,0.412079,0.763054,0.497798,-0.016776,0.009364,-0.008618,1.003822,1.617382,-2.036131,-1.213219,0.046774,0.018182,-0.019801,0.406141,0.406775,0.81828,-0.804692,0.583541,0.109313,-0.433034,-0.70286,0.564328,1.4e-05,-0.000853,-0.001119,0.002803,4.7e-05,0.001691,-0.977745,0.073999,0.013996,-0.063203,0.029592,-0.284444,-0.958235,0.498045,0.835375,-0.232593,0.866645,-0.470361,0.166386,-0.0,1e-06,6e-06,-1.1e-05,8e-06,4.6e-05,-0.347175
19,0.149856,-0.056581,0.309092,0.097521,0.232905,-0.967621,-0.512958,-0.821353,-0.249452,-0.852986,0.520381,0.040574,0.031974,-0.001023,-0.001026,0.002062,-0.029707,0.059635,-0.149474,-0.160505,-0.048008,0.297395,-0.346472,-0.375381,0.859673,0.842828,-0.526804,0.109785,0.412079,0.763054,0.497798,-0.016776,0.009364,-0.008618,1.003822,1.617382,-2.036131,-1.213219,0.046774,0.018182,-0.019801,0.406141,0.406775,0.81828,-0.804692,0.583541,0.109313,-0.433034,-0.70286,0.564328,1.4e-05,-0.000853,-0.001119,0.002803,4.7e-05,0.001691,-0.977745,0.073999,0.013996,-0.063203,0.029592,-0.284444,-0.958235,0.498045,0.835375,-0.232593,0.866645,-0.470361,0.166386,-0.0,1e-06,6e-06,-1.1e-05,8e-06,4.6e-05,-0.347175
20,0.149856,-0.056581,0.309092,0.097521,0.232905,-0.967621,-0.512958,-0.821353,-0.249452,-0.852986,0.520381,0.040574,0.031974,-0.001023,-0.001026,0.002062,-0.029707,0.059635,-0.149474,-0.160505,-0.048008,0.297395,-0.346472,-0.375381,0.859673,0.842828,-0.526804,0.109785,0.412079,0.763054,0.497798,-0.016776,0.009364,-0.008618,1.003822,1.617382,-2.036131,-1.213219,0.046774,0.018182,-0.019801,0.406141,0.406775,0.81828,-0.804692,0.583541,0.109313,-0.433034,-0.70286,0.564328,1.4e-05,-0.000853,-0.001119,0.002803,4.7e-05,0.001691,-0.977745,0.073999,0.013996,-0.063203,0.029592,-0.284444,-0.958235,0.498045,0.835375,-0.232593,0.866645,-0.470361,0.166386,-0.0,1e-06,6e-06,-1.1e-05,8e-06,4.6e-05,-0.347175
21,0.150369,-0.056545,0.308582,0.118738,0.240428,-0.9634,-0.522425,-0.809928,-0.26657,-0.844531,0.534654,0.030633,-0.000657,0.005475,-0.015558,0.034803,0.000714,-0.006998,-1.551182,-0.159482,-0.047908,0.296922,-0.327564,-0.388361,0.861318,0.866301,-0.487211,0.109913,0.377344,0.78264,0.494923,0.01485,0.005664,-0.017288,0.034124,-0.004404,0.026612,-0.868563,0.046993,0.018022,-0.019909,0.394357,0.422383,0.816133,-0.824678,0.5545,0.111509,-0.405447,-0.717022,0.567001,0.007644,0.002724,-0.008855,0.046047,-0.025036,0.015281,-0.895773,0.073977,0.013983,-0.063362,0.026182,-0.286462,-0.957733,0.4976,0.83467,-0.23605,0.867011,-0.470388,0.164397,-0.000672,-0.002553,-0.003443,-0.001092,0.001249,-0.002625,-0.34146
22,0.150254,-0.056595,0.308313,0.122988,0.242712,-0.962294,-0.520883,-0.809516,-0.270806,-0.844881,0.534243,0.028059,-0.001144,0.001784,-0.020388,0.033984,0.014041,-0.032542,-0.809076,-0.15922,-0.047874,0.296642,-0.338132,-0.389485,0.856715,0.864625,-0.487914,0.119569,0.371833,0.781644,0.500635,0.014851,0.006035,-0.016815,-0.924952,-1.643554,2.079833,-0.298952,0.047121,0.018034,-0.020047,0.402344,0.422562,0.812132,-0.822959,0.555574,0.118636,-0.401069,-0.716085,0.571284,0.00756,0.002402,-0.009268,0.037185,-0.018656,0.028226,-0.75665,0.073915,0.013964,-0.063499,0.021962,-0.289015,-0.957071,0.496638,0.833986,-0.24045,0.867679,-0.470038,0.161852,-0.000778,0.000685,-0.010525,0.032112,0.016798,-0.038072,-0.180618
23,0.149898,-0.056661,0.307439,0.115,0.238235,-0.964399,-0.52203,-0.81143,-0.262751,-0.845289,0.533361,0.03225,-0.001582,-0.001434,-0.024677,-0.087275,0.291689,-0.554697,0.109315,-0.15845,-0.047638,0.295962,-0.367034,-0.390388,0.844319,0.859787,-0.488684,0.147941,0.355289,0.780712,0.513927,0.014861,0.005895,-0.017044,-0.264762,-0.400919,0.464383,0.313904,0.047508,0.018151,-0.020389,0.432638,0.420471,0.797513,-0.816305,0.558195,0.148537,-0.382713,-0.715277,0.584729,0.015375,0.00356,-0.008693,-0.920095,-1.548489,1.902103,-0.460767,0.073731,0.013928,-0.063941,0.029806,-0.284074,-0.958338,0.496594,0.836278,-0.232447,0.86747,-0.468977,0.165996,-0.000865,-0.000951,-0.012658,-0.106198,0.325789,-0.621115,0.128654
24,0.149491,-0.056566,0.306413,0.095174,0.227266,-0.969194,-0.526095,-0.815004,-0.242826,-0.845209,0.532712,0.043201,-0.001558,-0.001149,-0.024392,-0.386732,1.205217,-2.27332,0.464992,-0.157076,-0.047317,0.295318,-0.402151,-0.391951,0.82743,0.850282,-0.4949,0.178963,0.339834,0.775999,0.531226,0.046439,0.009563,-0.016125,-0.920701,-1.67054,2.127248,0.527342,0.048202,0.018311,-0.02072,0.466855,0.418421,0.779082,-0.804954,0.565866,0.17845,-0.366189,-0.710435,0.600987,0.023241,0.004864,-0.007979,-0.908414,-1.652529,2.105803,-0.15574,0.073527,0.013972,-0.06445,0.047201,-0.273196,-0.960799,0.497521,0.840501,-0.214548,0.866166,-0.467891,0.175593,-0.008741,0.005291,-0.015974,0.071044,0.003505,-0.019339,0.434824
25,0.149462,-0.056475,0.305847,0.08504,0.222892,-0.97115,-0.523011,-0.81957,-0.233956,-0.848185,0.527537,0.048086,-0.001495,0.009751,-0.032924,-0.350966,1.193524,-2.254322,0.352103,-0.156305,-0.047239,0.295013,-0.417708,-0.393428,0.818978,0.846396,-0.496082,0.19352,0.330647,0.774497,0.539156,0.047558,-0.0045,-0.011981,-0.286047,-0.506914,0.650741,0.464365,0.048569,0.018359,-0.020859,0.482014,0.418188,0.769922,-0.800326,0.567766,0.192663,-0.356566,-0.709056,0.608359,0.023787,-0.001775,-0.005379,-0.946272,-1.647595,2.086835,-0.008616,0.073512,0.014012,-0.064732,0.057226,-0.268181,-0.961667,0.493021,0.845189,-0.20636,0.868132,-0.462313,0.180586,0.007279,0.004647,-0.016672,0.084236,-0.212025,0.392078,0.528226
26,0.151223,-0.056245,0.304807,0.083207,0.222203,-0.971467,-0.508583,-0.828817,-0.23319,-0.857095,0.513194,0.045253,0.063281,0.01252,-0.028758,0.080704,-0.181252,0.328795,-1.322318,-0.155941,-0.047824,0.294025,-0.41886,-0.398977,0.815699,0.854501,-0.476942,0.205642,0.3075,0.78364,0.539644,-0.015356,-0.023828,-0.030168,-0.513643,0.111505,-0.049837,-0.552018,0.048775,0.018089,-0.021326,0.483907,0.423909,0.765594,-0.808886,0.55053,0.206442,-0.33397,-0.719178,0.6093,-0.008167,-0.007302,-0.020435,-1.517041,-0.102049,-0.416211,0.027308,0.074343,0.014118,-0.065255,0.061701,-0.265426,-0.962154,0.478193,0.854011,-0.204927,0.876084,-0.447451,0.179618,0.023616,0.001077,-0.009868,0.047134,-0.217228,0.44613,0.500793
27,0.152429,-0.055759,0.304169,0.087328,0.225794,-0.970276,-0.501342,-0.831652,-0.238712,-0.860948,0.507001,0.041779,0.000184,0.012141,-0.006841,0.036426,-0.026167,0.043952,-1.912669,-0.156244,-0.047961,0.292601,-0.376589,-0.407712,0.831831,0.87368,-0.454702,0.172806,0.308232,0.79233,0.526373,0.013986,0.011709,-0.032663,1.04937,1.498226,-1.84216,-1.395651,0.048614,0.017971,-0.022069,0.445,0.436611,0.781885,-0.830797,0.527193,0.178448,-0.334292,-0.728998,0.597336,0.007011,0.005956,-0.016191,0.172564,0.0058,0.023326,-0.279188,0.074993,0.014357,-0.065596,0.057252,-0.269801,-0.961212,0.471579,0.855921,-0.212159,0.879963,-0.441141,0.176236,0.008075,0.010826,-0.008553,0.065842,0.053629,-0.108465,0.175192
28,0.15338,-0.055097,0.303588,0.098975,0.233893,-0.967235,-0.491597,-0.833568,-0.251929,-0.865311,0.500129,0.03368,0.031939,0.019904,-0.019338,0.493647,-1.342475,2.504106,-1.916091,-0.156488,-0.046935,0.29136,-0.349278,-0.409013,0.843033,0.878491,-0.455793,0.142968,0.326189,0.791033,0.517427,-0.019935,0.037738,-0.039782,0.153762,0.11452,-0.376121,-1.406753,0.048503,0.018481,-0.022696,0.416676,0.44044,0.795231,-0.837291,0.526612,0.147049,-0.354012,-0.727112,0.588203,-0.009432,0.013845,-0.01508,0.114019,0.109991,-0.36893,-0.571152,0.075458,0.014695,-0.065869,0.048245,-0.277032,-0.959648,0.463848,0.857099,-0.22411,0.8846,-0.434318,0.169851,0.015993,0.004667,-0.00522,0.052605,-0.127866,0.241959,-0.136856
29,0.154075,-0.054835,0.303318,0.108195,0.242328,-0.964166,-0.477951,-0.837686,-0.264228,-0.87184,0.489107,0.026386,0.031957,0.009453,-0.010283,0.049198,-0.076787,0.14268,-1.886729,-0.157065,-0.046323,0.290738,-0.340356,-0.408959,0.8467,0.880817,-0.453711,0.135062,0.329327,0.792258,0.51355,-0.035798,0.039487,-0.03541,0.017574,0.143087,-0.318123,-1.402457,0.048221,0.018785,-0.02301,0.408013,0.441191,0.799297,-0.84012,0.524143,0.139539,-0.357383,-0.728439,0.58451,-0.017361,0.014338,-0.013408,-0.252761,-0.334096,0.330686,-0.719583,0.075805,0.014831,-0.066006,0.03683,-0.287632,-0.957032,0.451364,0.859217,-0.240864,0.891578,-0.423099,0.161472,0.023974,0.009765,-0.009917,0.118156,-0.281372,0.519216,-0.292309
30,0.155236,-0.05441,0.302851,0.085241,0.231745,-0.969058,-0.48247,-0.841314,-0.24369,-0.871869,0.488022,0.0413,0.015816,0.008963,-0.011032,-0.091813,0.370091,-0.675707,-1.058754,-0.15835,-0.044645,0.28962,-0.358885,-0.414051,0.836513,0.878318,-0.452938,0.152766,0.316064,0.790058,0.525143,-0.035764,0.045063,-0.027874,-0.846828,-1.55007,1.874279,-1.126328,0.047592,0.019607,-0.023559,0.424228,0.444006,0.789233,-0.837393,0.524081,0.155278,-0.344677,-0.726772,0.594137,-0.018387,0.028303,-0.017701,0.080737,-0.060704,0.043138,-0.98542,0.07638,0.015043,-0.066231,0.057551,-0.277211,-0.959083,0.452768,0.863445,-0.2224,0.889768,-0.421443,0.175204,0.007889,0.004257,-0.00583,0.037143,-0.097051,0.139742,-0.568597
31,0.156288,-0.053922,0.302346,0.055083,0.216746,-0.974696,-0.488732,-0.845344,-0.215656,-0.870771,0.48797,0.060578,0.031948,0.021054,-0.017962,-0.351742,1.060365,-1.976832,-0.550972,-0.159886,-0.042882,0.288453,-0.37956,-0.428451,0.819973,0.883089,-0.43186,0.183261,0.276051,0.794192,0.541218,-0.035608,0.044417,-0.028852,-0.156045,0.207842,0.437119,-0.812582,0.04681,0.020512,-0.024144,0.446668,0.457927,0.768628,-0.841942,0.505774,0.187946,-0.302687,-0.73109,0.611462,-0.025667,0.021316,-0.014648,-0.535185,0.146985,0.356736,-0.902305,0.076912,0.015282,-0.066491,0.08732,-0.259938,-0.961668,0.455025,0.869173,-0.19362,0.886186,-0.420676,0.194174,0.016023,0.005346,-0.004392,0.03904,-0.121618,0.208291,-0.332152
32,0.15733,-0.053371,0.301852,0.036503,0.205331,-0.978035,-0.492852,-0.84764,-0.196404,-0.869402,0.488936,0.071472,0.031866,0.020789,-0.01837,0.045276,-0.127567,0.228879,-0.407144,-0.162013,-0.04101,0.287081,-0.398893,-0.452157,0.797766,0.893692,-0.386325,0.22804,0.20557,0.804474,0.557159,-0.052145,0.051928,-0.040175,-2.291872,-1.787337,1.976256,-0.587562,0.045753,0.021451,-0.024818,0.464477,0.477525,0.745808,-0.853794,0.465085,0.233945,-0.23515,-0.745429,0.623729,-0.03395,0.025307,-0.019983,-4.251768,-1.473233,-2.505156,-0.723502,0.077433,0.015559,-0.066735,0.107485,-0.245792,-0.963344,0.456553,0.872952,-0.171789,0.883178,-0.421354,0.206046,0.007998,0.005417,-0.004318,-0.098629,0.19969,-0.378481,-0.174087
33,0.157739,-0.053103,0.301656,0.030463,0.201591,-0.979019,-0.494165,-0.848311,-0.190108,-0.868882,0.489333,0.074994,0.032044,0.011368,-0.007926,0.010443,-0.129166,0.235427,-0.379509,-0.163298,-0.040027,0.28629,-0.412249,-0.4618,0.785355,0.894432,-0.368816,0.252783,0.173417,0.807223,0.564076,-0.067744,0.050348,-0.040583,-0.181399,-0.123378,1.050575,-0.491545,0.04509,0.021961,-0.025229,0.480094,0.484894,0.731017,-0.854117,0.448369,0.263529,-0.199982,-0.750894,0.629416,-0.033846,0.025052,-0.020419,-0.22625,-0.044642,1.080707,-0.619976,0.077649,0.015699,-0.066843,0.113137,-0.241797,-0.963708,0.456963,0.873929,-0.165625,0.88226,-0.421641,0.209366,0.016028,0.005701,-0.003957,0.009928,-0.129331,0.235518,-0.151716
34,0.158245,-0.05251,0.30127,0.022329,0.19649,-0.980275,-0.495393,-0.849457,-0.181606,-0.86842,0.489427,0.079591,0.000193,0.013111,-0.005568,0.035388,-0.023154,0.038027,-0.282103,-0.166487,-0.03807,0.284462,-0.441793,-0.482734,0.75616,0.891039,-0.333481,0.307854,0.104094,0.810368,0.576482,-0.099824,0.05476,-0.054696,-0.146864,-0.025455,1.312973,-0.411447,0.043533,0.022925,-0.026116,0.508451,0.502331,0.699385,-0.851136,0.416322,0.319752,-0.130548,-0.757851,0.639232,-0.041575,0.021831,-0.024076,-0.460761,-0.414246,1.77733,-0.505019,0.077902,0.015991,-0.067034,0.121012,-0.236167,-0.964147,0.456999,0.875484,-0.157091,0.881196,-0.421605,0.213872,0.007999,0.011253,-0.008058,0.077558,-0.131487,0.234657,-0.129835
35,0.158442,-0.051921,0.300948,0.012063,0.190102,-0.981713,-0.496398,-0.851078,-0.170959,-0.868037,0.489142,0.085321,0.000107,0.012339,-0.006595,-0.093765,0.376116,-0.701984,-0.131598,-0.170381,-0.036166,0.282394,-0.454825,-0.498934,0.737693,0.889206,-0.299103,0.346099,0.048524,0.813987,0.578736,-0.115172,0.053691,-0.055107,-4.029973,-2.073847,-2.033639,-0.192855,0.041629,0.023857,-0.027139,0.524187,0.512174,0.68037,-0.847821,0.389059,0.36032,-0.080158,-0.765708,0.638172,-0.049735,0.026647,-0.028582,-0.082932,0.043937,1.292345,-0.368345,0.078001,0.016283,-0.067188,0.128463,-0.230833,-0.964475,0.456429,0.87717,-0.149144,0.880436,-0.421055,0.218043,9.6e-05,0.006514,-0.002844,0.037287,-0.016495,0.025935,-0.071214
36,0.158373,-0.051652,0.300806,0.010004,0.188787,-0.98199,-0.496151,-0.851645,-0.168837,-0.868201,0.488665,0.086368,-0.015785,0.013168,-0.005458,0.035446,-0.011684,0.014255,-0.056534,-0.17228,-0.035266,0.281467,-0.464478,-0.505491,0.727139,0.885115,-0.28931,0.364425,0.026727,0.813488,0.58085,-0.098457,0.044319,-0.046527,-1.146328,-0.789962,-0.0366,-0.085341,0.040637,0.024323,-0.027627,0.533038,0.518458,0.668633,-0.844303,0.377287,0.380534,-0.054976,-0.767368,0.638845,-0.057075,0.021758,-0.022949,-3.933565,-2.263957,-2.154404,-0.269064,0.077973,0.016417,-0.067261,0.132837,-0.227715,-0.964623,0.455945,0.878194,-0.144525,0.880037,-0.420618,0.220482,2.7e-05,0.005864,-0.003705,0.037195,-0.016271,0.025453,-0.031044
37,0.158016,-0.051265,0.30058,0.004523,0.185345,-0.982686,-0.496032,-0.852816,-0.163188,-0.868309,0.487947,0.089302,-0.015955,0.01148,-0.007704,0.03465,0.002145,-0.011014,0.043166,-0.176165,-0.033372,0.27988,-0.482628,-0.519348,0.705222,0.875643,-0.274285,0.397429,-0.012376,0.809971,0.586223,-0.097031,0.04073,-0.028611,-1.317936,-0.614285,0.127453,0.154148,0.03873,0.025242,-0.028428,0.551685,0.529266,0.644608,-0.833832,0.367739,0.411693,-0.019152,-0.76462,0.644195,-0.040685,0.020541,-0.01475,0.151636,-0.30171,0.663616,-0.032783,0.077795,0.016618,-0.067372,0.138042,-0.223964,-0.964771,0.454989,0.879568,-0.139083,0.879732,-0.419761,0.223319,-0.007979,0.005682,-0.003925,0.034866,0.000951,-0.008833,0.045376
38,0.157476,-0.051195,0.300502,0.002492,0.184057,-0.982935,-0.495871,-0.853307,-0.161095,-0.868406,0.487578,0.090364,-0.016017,-0.011587,0.007613,-0.037402,0.041236,-0.073299,0.0851,-0.179602,-0.031986,0.279066,-0.511708,-0.532514,0.674222,0.858521,-0.288949,0.423537,-0.03009,0.796215,0.604151,-0.095806,0.032574,-0.016889,0.127348,-0.4224,0.59858,0.411365,0.036975,0.025961,-0.028848,0.578918,0.539373,0.611498,-0.815371,0.378476,0.438093,0.004858,-0.752218,0.658896,-0.039699,0.011086,-0.00452,0.070672,-0.56209,0.729743,0.268652,0.077524,0.016662,-0.067417,0.13993,-0.222585,-0.964818,0.454489,0.880132,-0.137132,0.879691,-0.419311,0.224319,-0.007979,7.6e-05,0.000117,-0.001272,0.014655,-0.029446,0.107916
39,0.157188,-0.051256,0.300542,0.001328,0.183342,-0.983071,-0.496067,-0.85342,-0.159887,-0.868296,0.487649,0.091039,-0.015987,-6.2e-05,-7.1e-05,-0.000984,0.014715,-0.029553,0.091815,-0.181225,-0.031609,0.278977,-0.527977,-0.536554,0.658288,0.848268,-0.297569,0.437982,-0.03846,0.790308,0.61139,-0.078509,0.012424,0.000671,-0.007244,-0.495877,0.741018,0.484645,0.036157,0.026157,-0.0289,0.594512,0.541091,0.594789,-0.803966,0.387212,0.451336,0.013905,-0.746516,0.665221,-0.039224,0.006634,0.000981,-0.147469,-0.850471,1.058988,0.422635,0.07738,0.016625,-0.067397,0.141082,-0.221774,-0.964837,0.45454,0.880301,-0.135878,0.879481,-0.419387,0.225,-0.008004,-0.000122,-0.000146,-0.001241,0.014697,-0.029508,0.115917
40,0.156708,-0.051385,0.30063,-0.000705,0.182103,-0.983302,-0.496469,-0.853579,-0.157776,-0.868064,0.487837,0.092233,-1.1e-05,-9.4e-05,-0.000125,-0.0,0.0,0.0,0.095678,-0.183912,-0.031595,0.279397,-0.544782,-0.541803,0.640042,0.837191,-0.309087,0.451122,-0.045915,0.782267,0.62114,-0.061476,-0.010295,0.014683,0.003626,-0.359371,0.531761,0.506773,0.034808,0.026179,-0.028685,0.610703,0.544024,0.575394,-0.791546,0.398992,0.462881,0.022241,-0.738135,0.674286,-0.030729,-0.004928,0.007695,-0.008686,-0.255011,0.365596,0.51914,0.077134,0.016559,-0.067355,0.143059,-0.220386,-0.964864,0.454652,0.880573,-0.133722,0.879104,-0.419548,0.226173,-0.007959,0.000299,0.000403,-0.00658,0.110618,-0.203686,0.110855
41,0.156446,-0.051385,0.300665,-0.001679,0.181496,-0.983413,-0.496542,-0.853723,-0.156766,-0.86802,0.487812,0.092777,5.3e-05,0.000469,0.000622,-0.0,0.0,0.0,0.092736,-0.185915,-0.03217,0.279874,-0.556576,-0.530486,0.639374,0.83016,-0.32737,0.451218,-0.029363,0.782572,0.621757,-0.046218,-0.013783,0.008426,-0.019525,-0.141649,0.204911,0.521169,0.033801,0.025898,-0.028438,0.621769,0.531898,0.574879,-0.783178,0.416819,0.461403,0.005799,-0.73712,0.675736,-0.023089,-0.006549,0.004727,-0.020481,-0.163925,0.237989,0.519629,0.077003,0.016559,-0.067338,0.143995,-0.219715,-0.964878,0.454586,0.880758,-0.132719,0.878985,-0.41951,0.226704,-0.00792,0.00065,0.000864,-0.001116,0.014719,-0.029537,0.089791
42,0.15641,-0.051387,0.30068,-0.002374,0.181077,-0.983489,-0.496583,-0.853828,-0.156059,-0.867994,0.487783,0.09317,2e-06,1.8e-05,2.4e-05,0.0,0.0,0.0,0.09475,-0.187401,-0.032799,0.280209,-0.569924,-0.52156,0.634943,0.82138,-0.343668,0.45515,-0.018471,0.781572,0.623431,-0.030782,-0.01476,0.005722,-0.030282,-0.049364,0.066916,0.518965,0.033052,0.025582,-0.028271,0.634368,0.521783,0.570367,-0.773016,0.432747,0.46387,-0.004786,-0.735168,0.677867,-0.023178,-0.007235,0.003723,-0.031549,-0.050479,0.061238,0.522242,0.076986,0.01656,-0.067328,0.144663,-0.219251,-0.964883,0.45453,0.880893,-0.132019,0.878905,-0.419471,0.227089,1e-06,5e-06,1.1e-05,-9e-05,-4e-06,2.3e-05,0.070359
43,0.156469,-0.051392,0.300656,-0.002675,0.1809,-0.983521,-0.496567,-0.853892,-0.155761,-0.868002,0.487738,0.093336,-7.6e-05,-0.00067,-0.000889,0.0,0.0,0.0,0.095788,-0.188105,-0.033114,0.280362,-0.570603,-0.519478,0.63604,0.820892,-0.342168,0.457155,-0.019141,0.783613,0.620844,-0.046346,-0.01391,0.008092,-0.048007,0.064836,-0.100099,0.516752,0.032717,0.025425,-0.028203,0.635059,0.519588,0.571601,-0.772451,0.431288,0.466164,-0.004312,-0.737576,0.675249,-0.01541,-0.007351,0.002914,-0.025924,0.035181,-0.077644,0.521589,0.077015,0.016559,-0.067338,0.144952,-0.219054,-0.964885,0.454472,0.880966,-0.131728,0.878887,-0.419419,0.227252,0.007878,0.004538,-0.005458,0.036532,-0.027363,0.048048,0.062521
44,0.156635,-0.051379,0.300621,-0.003251,0.180565,-0.983581,-0.496512,-0.854027,-0.155195,-0.868031,0.487626,0.093653,-1e-06,-6e-06,-8e-06,0.0,0.0,0.0,0.096316,-0.189098,-0.033716,0.280744,-0.579902,-0.524853,0.623085,0.813962,-0.343303,0.468554,-0.031294,0.779528,0.625475,-0.014995,-0.01153,0.008845,-0.220502,-0.528412,0.550598,0.516412,0.032197,0.025115,-0.028014,0.643648,0.52342,0.558342,-0.76528,0.432651,0.476612,0.007901,-0.734059,0.679038,-0.014996,-0.011423,0.009016,-0.679376,-1.785888,1.88124,0.520609,0.077098,0.016563,-0.067358,0.145507,-0.218681,-0.964886,0.454336,0.881118,-0.131181,0.878866,-0.419295,0.227564,2e-06,6e-06,6e-06,-0.005471,0.095914,-0.174134,0.047662
45,0.156766,-0.05139,0.300607,-0.003934,0.180168,-0.983651,-0.496528,-0.854141,-0.154515,-0.868018,0.487574,0.094042,-0.0,-1e-06,-1e-06,-0.005431,0.095914,-0.174153,0.095248,-0.189559,-0.034237,0.281353,-0.591545,-0.535615,0.602646,0.804786,-0.348479,0.480434,-0.046582,0.769859,0.636404,0.000931,-0.007629,0.012967,0.117882,-0.298044,0.051773,0.521993,0.031961,0.024848,-0.027709,0.655656,0.531634,0.53617,-0.754655,0.438185,0.488353,0.024683,-0.724816,0.688499,0.000465,-0.003698,0.006658,0.165365,-0.32327,0.025596,0.521916,0.077163,0.016557,-0.067365,0.146043,-0.218324,-0.964886,0.454271,0.881232,-0.130638,0.87881,-0.419241,0.227875,2e-06,7e-06,9e-06,-4.1e-05,0.0,6e-06,0.031823
46,0.156814,-0.0514,0.300611,-0.004121,0.180062,-0.983669,-0.496555,-0.854159,-0.154328,-0.868001,0.487581,0.094154,-0.0,-0.0,-0.0,-0.005432,0.095909,-0.174155,0.094913,-0.189616,-0.034521,0.281707,-0.591516,-0.537893,0.600643,0.804729,-0.349014,0.48014,-0.047895,0.768028,0.638516,0.001577,-0.018677,0.021253,0.063187,-0.255064,0.04816,0.522767,0.031932,0.024715,-0.027537,0.655513,0.533803,0.534187,-0.754733,0.43865,0.487814,0.026076,-0.722937,0.69042,0.000452,-0.003841,0.006454,0.145964,-0.201376,-0.161739,0.519793,0.077187,0.016553,-0.067363,0.146346,-0.21812,-0.964886,0.454257,0.881286,-0.130324,0.878767,-0.419234,0.228055,-2e-06,5e-06,7e-06,-0.005457,0.095916,-0.174139,0.024148
47,0.15685,-0.05138,0.300603,-0.004647,0.179746,-0.983725,-0.496521,-0.854274,-0.153801,-0.868017,0.487498,0.094441,0.0,3e-06,3e-06,0.0,0.0,0.0,0.09543,-0.18958,-0.035339,0.282521,-0.586882,-0.546138,0.597741,0.807984,-0.348866,0.47475,-0.050017,0.762261,0.645228,0.002024,-0.03212,0.026272,0.144715,-0.290491,-0.276987,0.529171,0.031951,0.024317,-0.027124,0.651785,0.541482,0.53101,-0.757852,0.438335,0.483241,0.028906,-0.717397,0.696064,0.000693,-0.010298,0.009316,0.354959,-0.456432,-0.343661,0.520936,0.077206,0.016563,-0.067367,0.146852,-0.217769,-0.964888,0.454147,0.881418,-0.129811,0.878739,-0.419138,0.228337,-1e-06,-2e-06,-3e-06,-2.6e-05,-1.4e-05,2.4e-05,0.012064
48,0.156826,-0.051379,0.300604,-0.005198,0.179412,-0.983783,-0.496534,-0.854367,-0.153241,-0.868006,0.487458,0.094749,0.0,0.0,0.0,0.0,0.0,0.0,0.096394,-0.189627,-0.036396,0.283471,-0.56888,-0.568467,0.594317,0.819138,-0.328178,0.470368,-0.071639,0.755112,0.651565,0.002131,-0.030792,0.028083,0.02227,-0.14874,-0.144,0.530073,0.031932,0.023796,-0.026665,0.634817,0.565618,0.526384,-0.770953,0.418409,0.480171,0.05135,-0.710639,0.701679,0.00073,-0.009879,0.009892,0.132006,-0.235562,-0.218634,0.521099,0.077194,0.016563,-0.067366,0.147382,-0.217399,-0.964891,0.45408,0.881534,-0.12926,0.878686,-0.419087,0.228638,0.0,-2e-06,-3e-06,-2.9e-05,1.1e-05,2e-05,0.002104
49,0.156826,-0.051384,0.300597,-0.005344,0.179325,-0.983798,-0.496537,-0.854391,-0.153094,-0.868003,0.487447,0.094831,-3e-06,-3e-05,-3.9e-05,0.0,0.0,0.0,0.096785,-0.189708,-0.036913,0.283966,-0.556006,-0.585214,0.590231,0.826377,-0.313842,0.467479,-0.087644,0.748398,0.65733,-0.013495,-0.030384,0.029834,-0.590227,-2.088458,1.689427,0.52893,0.031892,0.023525,-0.026408,0.621502,0.582257,0.524129,-0.780611,0.403743,0.477114,0.066189,-0.705668,0.705443,0.000737,-0.009779,0.010028,0.222097,-0.335139,-0.27447,0.521262,0.077193,0.01656,-0.06737,0.147522,-0.217302,-0.964892,0.454062,0.881564,-0.129115,0.878672,-0.419074,0.228719,-1e-06,-1.4e-05,-1.8e-05,-2.6e-05,1e-06,1.4e-05,-0.002305
50,0.156838,-0.051385,0.300596,-0.00545,0.179262,-0.983809,-0.496539,-0.854409,-0.152987,-0.868001,0.487439,0.094891,-0.0,-0.0,-0.0,0.0,0.0,0.0,0.098254,-0.189955,-0.037995,0.285109,-0.538575,-0.612484,0.578612,0.834839,-0.295696,0.464265,-0.112591,0.733847,0.669817,-0.013346,-0.028325,0.032619,0.31698,-0.6081,-0.252165,0.519406,0.031768,0.022982,-0.02584,0.607643,0.609249,0.509495,-0.788562,0.386443,0.478363,0.094551,-0.692442,0.71525,-0.00669,-0.014158,0.016326,0.364895,-0.566133,-0.513652,0.521589,0.077199,0.01656,-0.06737,0.147625,-0.217232,-0.964892,0.454049,0.881586,-0.129009,0.878661,-0.419064,0.228778,-0.0,2e-06,5e-06,-1.9e-05,3e-06,2.4e-05,-0.010633
51,0.156873,-0.051391,0.300587,-0.005916,0.178985,-0.983857,-0.496549,-0.854487,-0.152518,-0.867992,0.487405,0.095154,-0.0,-3e-06,-4e-06,0.0,0.0,0.0,0.100469,-0.190291,-0.038919,0.286542,-0.518965,-0.643184,0.56301,0.84353,-0.27929,0.458681,-0.137127,0.713752,0.686743,-0.012863,-0.022449,0.040525,-0.745521,-1.210601,-1.247772,0.513262,0.031605,0.022521,-0.025149,0.59228,0.637882,0.492249,-0.797247,0.375534,0.472621,0.11662,-0.672369,0.730971,-0.006426,-0.010899,0.020716,0.343338,-0.528008,-0.394915,0.521752,0.077217,0.016557,-0.067375,0.148073,-0.216924,-0.964892,0.453992,0.881683,-0.128548,0.878615,-0.419019,0.229035,0.0,3e-06,6e-06,-0.005439,0.095933,-0.174123,-0.015695
52,0.156884,-0.051386,0.30056,-0.006157,0.178838,-0.983882,-0.496509,-0.854554,-0.152277,-0.868013,0.487342,0.09528,-5.5e-05,-0.000494,-0.000656,0.0,0.0,0.0,0.101257,-0.190729,-0.039547,0.288242,-0.496624,-0.676648,0.543602,0.854007,-0.269514,0.444937,-0.153939,0.686046,0.71099,-0.012305,-0.015961,0.049112,-0.342165,-1.669934,-1.572263,0.509852,0.03138,0.022194,-0.02429,0.570039,0.672549,0.471945,-0.809675,0.36225,0.461737,0.139578,-0.64533,0.751043,-0.006271,-0.007802,0.024596,-2.745448,-3.033198,-4.108619,0.522079,0.077222,0.01656,-0.067387,0.148304,-0.216761,-0.964893,0.453917,0.881756,-0.128318,0.878615,-0.418952,0.22916,-3.6e-05,-0.000323,-0.000426,-1.3e-05,-3e-06,7e-06,-0.022063
53,0.156882,-0.051389,0.300539,-0.006306,0.178747,-0.983898,-0.496489,-0.854591,-0.152127,-0.868023,0.487309,0.095359,-8.2e-05,-0.000736,-0.000977,0.0,0.0,0.0,0.103934,-0.190992,-0.03981,0.28923,-0.490653,-0.687824,0.53493,0.857375,-0.272008,0.436869,-0.154373,0.673841,0.722476,-0.012098,-0.013643,0.052092,0.462395,-0.801889,-0.305241,0.50909,0.031249,0.022062,-0.023795,0.56275,0.685146,0.462478,-0.814232,0.362919,0.453118,0.14261,-0.631557,0.7621,-0.005762,-0.012242,0.030352,0.462616,-0.96635,-0.221671,0.522079,0.077222,0.016559,-0.067398,0.148448,-0.21666,-0.964894,0.453875,0.881798,-0.128173,0.878612,-0.418915,0.229237,-4.3e-05,-0.000402,-0.000531,-1.5e-05,1.1e-05,3e-06,-0.023533
54,0.156879,-0.051391,0.300485,-0.00648,0.178637,-0.983917,-0.496425,-0.85466,-0.151954,-0.868058,0.48723,0.095442,-7.5e-05,-0.000671,-0.000891,0.0,0.0,0.0,0.106588,-0.191665,-0.040447,0.29146,-0.473317,-0.714101,0.515773,0.866295,-0.271606,0.419163,-0.158649,0.646097,0.746494,-0.026978,-0.023057,0.063392,0.367427,-0.691267,-0.293546,0.50871,0.030919,0.021753,-0.022678,0.545919,0.711816,0.441915,-0.824317,0.361948,0.435309,0.149909,-0.601922,0.784357,-0.005688,-0.011362,0.031373,0.548058,-0.978813,-0.188117,0.522242,0.07722,0.016558,-0.067425,0.148615,-0.216538,-0.964895,0.453784,0.881868,-0.128013,0.878631,-0.41883,0.22932,-4.5e-05,-0.000417,-0.000553,-8e-06,-8e-06,-4e-06,-0.025166
55,0.156888,-0.051375,0.300403,-0.006607,0.178551,-0.983931,-0.496291,-0.85476,-0.151832,-0.868134,0.487087,0.095484,-0.000131,0.009986,-0.009718,0.035627,-0.012642,0.018503,0.106126,-0.192556,-0.041203,0.293916,-0.448048,-0.744699,0.494639,0.877548,-0.261032,0.402128,-0.169791,0.61517,0.769805,-0.026745,-0.020732,0.066078,0.396503,-0.811678,-0.097187,0.50808,0.030464,0.021367,-0.021425,0.52152,0.742995,0.419493,-0.837242,0.350866,0.419426,0.164446,-0.569957,0.80505,-0.013412,-0.010316,0.033131,0.433184,-0.839064,-0.106156,0.520936,0.077224,0.016562,-0.067463,0.148751,-0.216436,-0.964897,0.453651,0.881954,-0.127895,0.878677,-0.418702,0.229378,-5.4e-05,-0.000495,-0.000655,-7e-06,1.2e-05,2e-06,-0.029575
56,0.156897,-0.05138,0.300361,-0.00663,0.178534,-0.983934,-0.496246,-0.854789,-0.151811,-0.868159,0.48704,0.095488,-9.7e-05,-0.000863,-0.001146,0.0,0.0,0.0,0.106895,-0.193045,-0.04158,0.295185,-0.43407,-0.759908,0.483853,0.883157,-0.253289,0.39473,-0.176865,0.599607,0.780419,-0.027273,-0.009144,0.058286,0.426085,-0.795586,-0.09462,0.506484,0.030219,0.021179,-0.020789,0.508065,0.758426,0.408238,-0.843745,0.342993,0.412854,0.173096,-0.554206,0.814181,-0.013667,-0.004465,0.029312,0.461042,-0.821087,-0.102309,0.518813,0.077229,0.016563,-0.067488,0.148758,-0.216426,-0.964899,0.45358,0.881989,-0.127901,0.878712,-0.418633,0.22937,-4.8e-05,-0.00044,-0.000582,-3e-06,-7e-06,-2e-06,-0.031697
57,0.156928,-0.051399,0.300284,-0.00667,0.178508,-0.983939,-0.496178,-0.854835,-0.151776,-0.868198,0.48697,0.095497,-0.000126,-0.001123,-0.001493,0.0,0.0,0.0,0.107807,-0.194032,-0.042204,0.297728,-0.420918,-0.78008,0.46292,0.888931,-0.253434,0.381454,-0.179722,0.573039,0.799493,-0.027058,-0.007433,0.060067,0.451233,-0.820348,-0.072442,0.497371,0.029736,0.02087,-0.01954,0.495677,0.777381,0.387275,-0.849882,0.342308,0.400654,0.178893,-0.527733,0.830357,-0.005498,-0.009447,0.033414,0.424444,-0.765937,-0.314145,0.510159,0.077245,0.016554,-0.067526,0.148797,-0.216397,-0.964899,0.453506,0.882031,-0.127878,0.878744,-0.41856,0.229381,-7.8e-05,-0.000699,-0.000927,-3e-06,1e-06,2e-06,-0.0348
