frame,MLTx,MLTy,MLTz,MLTR1,MLTR2,MLTR3,MLTR4,MLTR5,MLTR6,MLTR7,MLTR8,MLTR9,MLTTVx,MLTTVy,MLTTVz,MLTRVx,MLTRVy,MLTRVz,MLGA,MRTx,MRTy,MRTz,MRTR1,MRTR2,MRTR3,MRTR4,MRTR5,MRTR6,MRTR7,MRTR8,MRTR9,MRTTVx,MRTTVy,MRTTVz,MRTRVx,MRTRVy,MRTRVz,MRGA,SLTx,SLTy,SLTz,SLTR1,SLTR2,SLTR3,SLTR4,SLTR5,SLTR6,SLTR7,SLTR8,SLTR9,SLTTVx,SLTTVy,SLTTVz,SLTRVx,SLTRVy,SLTRVz,SLGA,SRTx,SRTy,SRTz,SRTR1,SRTR2,SRTR3,SRTR4,SRTR5,SRTR6,SRTR7,SRTR8,SRTR9,SRTTVx,SRTTVy,SRTTVz,SRTRVx,SRTRVy,SRTRVz,SRGA
1,0.144016,-0.07434,0.291745,-0.644479,0.525467,-0.555497,-0.664591,-0.744178,0.067005,-0.377383,0.411704,0.829524,-9e-06,-5.3e-05,-8.3e-05,0.0,0.0,0.0,-0.664443,-0.163943,-0.070098,0.282056,-0.658003,-0.115199,0.744145,0.625684,-0.633321,0.455366,0.419634,0.765365,0.487839,3e-06,0.000175,0.000281,0.0,-0.0,-0.0,-0.695241,0.045242,0.019609,-0.014232,0.701088,0.077031,0.708901,-0.581634,0.636908,0.506014,-0.412526,-0.767081,0.491332,-0.0,6.5e-05,0.000107,9.9e-05,0.000142,0.00011,-0.888262,0.075431,0.012577,-0.057868,0.689541,-0.489999,-0.533322,0.599134,0.799652,0.039936,0.406904,-0.347069,0.844968,-2e-06,-1.5e-05,-2.4e-05,-4.4e-05,-8e-06,6.5e-05,-0.747073
2,0.144015,-0.074345,0.291737,-0.644496,0.525457,-0.555487,-0.664579,-0.744188,0.067017,-0.377377,0.411699,0.829529,-0.0,-3e-06,-4e-06,0.0,0.0,0.0,-0.664617,-0.163954,-0.070124,0.282054,-0.657928,-0.11522,0.744208,0.625767,-0.633266,0.455329,0.419627,0.765407,0.487778,-1e-06,-7.3e-05,-0.000117,0.0,-0.0,-0.0,-0.694132,0.045237,0.019596,-0.014233,0.701018,0.077048,0.708968,-0.581716,0.636859,0.505981,-0.412528,-0.76712,0.49127,-1e-06,-4.1e-05,-6.8e-05,9.3e-05,7.3e-05,5.8e-05,-0.888262,0.07543,0.012574,-0.057872,0.689556,-0.489987,-0.533313,0.599122,0.79966,0.039947,0.406896,-0.347065,0.844973,1e-06,8e-06,1.3e-05,-4.1e-05,-2e-06,5.3e-05,-0.747727
3,0.144014,-0.074349,0.29173,-0.644513,0.525447,-0.555478,-0.664567,-0.744198,0.067028,-0.37737,0.411695,0.829534,-0.0,-0.0,-0.0,0.0,0.0,0.0,-0.663747,-0.16398,-0.070139,0.282033,-0.657843,-0.115244,0.74428,0.625836,-0.633249,0.455257,0.419657,0.765418,0.487736,-3e-06,-0.000142,-0.000229,0.0,-0.0,-0.0,-0.693953,0.045224,0.019588,-0.014244,0.700938,0.077069,0.709045,-0.581787,0.636848,0.505912,-0.412565,-0.767127,0.491229,-1e-06,-6.6e-05,-0.000106,6.5e-05,4.4e-05,3.8e-05,-0.887935,0.07543,0.012572,-0.057875,0.689571,-0.489976,-0.533304,0.599109,0.799669,0.039958,0.406889,-0.347061,0.844978,-1e-06,6e-06,1.2e-05,-4e-05,4e-06,4.7e-05,-0.747727
4,0.144013,-0.074359,0.291715,-0.644431,0.525497,-0.555524,-0.664627,-0.744149,0.066973,-0.377403,0.411718,0.829508,-1.3e-05,-8.2e-05,-0.00013,0.0,0.0,0.0,-0.665195,-0.16398,-0.070144,0.282025,-0.657715,-0.115278,0.744387,0.62594,-0.633223,0.45515,0.419703,0.765434,0.487671,-0.0,-1e-06,-1e-06,0.0,-0.0,-0.0,-0.694385,0.045224,0.019585,-0.014248,0.700818,0.077101,0.70916,-0.581894,0.636831,0.505811,-0.412617,-0.767138,0.491167,-0.0,1e-05,1.3e-05,1e-05,6.6e-05,2.5e-05,-0.887772,0.075429,0.012567,-0.057883,0.689495,-0.490036,-0.533348,0.599174,0.799623,0.039905,0.406923,-0.347083,0.844953,-8e-06,-4.4e-05,-6.7e-05,-3.1e-05,-8e-06,3.9e-05,-0.747727
5,0.144037,-0.074365,0.291706,-0.64441,0.525511,-0.555536,-0.664643,-0.744137,0.066958,-0.377411,0.411723,0.829501,0.01663,-0.001584,-0.001969,0.000984,-0.014715,0.029553,-0.664738,-0.163979,-0.070152,0.282032,-0.657852,-0.117919,0.743852,0.626324,-0.63398,0.453565,0.418912,0.764408,0.489955,-0.0,-0.0,-0.0,0.034739,-0.066745,-0.037874,-0.693282,0.045224,0.019581,-0.014245,0.701028,0.079826,0.708652,-0.582263,0.637808,0.504152,-0.411739,-0.766046,0.493601,-0.0,5e-06,9e-06,0.029414,-0.068932,-0.040492,-0.887772,0.075441,0.012565,-0.057886,0.689475,-0.490052,-0.53336,0.599191,0.799611,0.039891,0.406932,-0.347088,0.844946,0.008307,-0.000826,-0.001036,0.000958,-0.014724,0.029594,-0.74789
6,0.144048,-0.074372,0.291676,-0.644428,0.525498,-0.555527,-0.664619,-0.744159,0.066949,-0.377423,0.4117,0.829508,-9e-05,-0.000553,-0.000873,0.0,0.0,0.0,-0.66208,-0.163992,-0.070152,0.282033,-0.657945,-0.117894,0.743774,0.626249,-0.633999,0.453643,0.418879,0.764397,0.490002,-0.0,-0.0,-0.0,7e-06,-1.4e-05,-8e-06,-0.693149,0.045218,0.019581,-0.014244,0.701086,0.079756,0.708601,-0.58228,0.637648,0.504334,-0.411615,-0.766187,0.493487,1e-06,2e-06,5e-06,-0.001048,0.001361,0.000714,-0.886792,0.075447,0.012562,-0.057901,0.68949,-0.490039,-0.533351,0.599167,0.799629,0.039881,0.406941,-0.347064,0.844952,-5.7e-05,-0.000356,-0.00056,-2.2e-05,2e-06,1.9e-05,-0.747727
7,0.144079,-0.074408,0.291601,-0.647493,0.521694,-0.555548,-0.660216,-0.748071,0.066904,-0.379886,0.409449,0.829497,-0.00018,-0.001111,-0.001754,0.0,-0.0,-0.0,-0.639102,-0.16399,-0.070168,0.282046,-0.657922,-0.117902,0.743794,0.626291,-0.633954,0.453649,0.418853,0.764433,0.489967,-0.0,-0.0,-0.0,0.0,-0.0,-0.0,-0.692445,0.045219,0.019573,-0.014238,0.701063,0.079745,0.708625,-0.582318,0.637601,0.50435,-0.411601,-0.766227,0.493436,0.000475,-0.005317,0.004398,-0.036301,0.009175,-0.018907,-0.886139,0.075462,0.012544,-0.057937,0.692234,-0.485979,-0.533512,0.594436,0.803163,0.039678,0.409214,-0.344605,0.84486,-0.000134,-0.000834,-0.001315,-0.000174,6.7e-05,0.000135,-0.742501
8,0.144098,-0.074435,0.29154,-0.650635,0.517809,-0.555512,-0.655716,-0.752017,0.066927,-0.382296,0.407155,0.829519,-0.000294,-0.001817,-0.00287,0.0,-0.0,-0.0,-0.602841,-0.163989,-0.070176,0.282052,-0.65791,-0.117905,0.743803,0.626311,-0.633931,0.453651,0.418841,0.764451,0.48995,-0.0,-0.0,-0.0,0.0,-0.0,-0.0,-0.691957,0.045219,0.019569,-0.014234,0.701052,0.079747,0.708636,-0.582338,0.63758,0.504354,-0.411592,-0.766244,0.493417,2e-06,-1e-06,2e-06,0.000128,8.8e-05,9.4e-05,-0.885976,0.075472,0.012532,-0.057965,0.69503,-0.481843,-0.533628,0.589619,0.806713,0.03953,0.411438,-0.342112,0.844794,-0.00012,-0.000742,-0.001171,-0.000426,0.000187,0.000175,-0.726662
9,0.144098,-0.074512,0.291399,-0.653615,0.513994,-0.555557,-0.651298,-0.755853,0.066854,-0.38475,0.404886,0.829495,-0.00043,-0.002654,-0.004198,-0.000844,0.012999,-0.025707,-0.575459,-0.163973,-0.070216,0.282085,-0.65787,-0.11792,0.743837,0.6264,-0.633822,0.453681,0.418771,0.764539,0.489872,-0.0,-0.0,-0.0,0.0,-0.0,-0.0,-0.691567,0.045227,0.01955,-0.014218,0.701015,0.079757,0.708672,-0.582424,0.637476,0.504386,-0.411533,-0.76633,0.493333,3e-06,-1e-06,3e-06,8.7e-05,7.2e-05,6e-05,-0.885486,0.075472,0.012494,-0.058036,0.697682,-0.47779,-0.533811,0.584889,0.810159,0.039304,0.413693,-0.339642,0.844689,0.008199,-0.001548,-0.002182,0.00073,-0.014675,0.029899,-0.690085
10,0.1441,-0.074547,0.291268,-0.653774,0.513885,-0.555472,-0.651135,-0.755992,0.066879,-0.384757,0.404767,0.829551,-0.000236,-0.001458,-0.002308,0.0,0.0,0.0,-0.577834,-0.163967,-0.070283,0.282152,-0.65778,-0.11795,0.743912,0.626575,-0.633622,0.453719,0.418651,0.7647,0.489722,3e-06,0.000183,0.000294,0.0,-0.0,-0.0,-0.691323,0.04523,0.019516,-0.014185,0.70093,0.079785,0.708752,-0.582599,0.637283,0.504429,-0.41143,-0.766488,0.493173,2e-06,0.000117,0.000191,5.9e-05,5.4e-05,1.9e-05,-0.884996,0.075472,0.012473,-0.058107,0.69784,-0.477662,-0.53372,0.584713,0.810285,0.039334,0.413677,-0.339522,0.844745,-0.000116,-0.000728,-0.001151,-0.000161,-1e-06,0.000237,-0.683227
11,0.144085,-0.074521,0.291212,-0.653778,0.513874,-0.555477,-0.651078,-0.75605,0.066776,-0.384847,0.404672,0.829556,-3e-06,-1.8e-05,-2.9e-05,0.0,0.0,0.0,-0.582671,-0.163959,-0.07037,0.282224,-0.65765,-0.117993,0.74402,0.626804,-0.633373,0.45375,0.418511,0.764899,0.48953,0.0,0.0,0.0,0.0,-0.0,-0.0,-0.690975,0.045234,0.019476,-0.014152,0.700819,0.079823,0.708858,-0.58281,0.637063,0.504462,-0.41132,-0.766667,0.492987,-1e-06,-2e-06,-3e-06,3.7e-05,1.3e-05,5.5e-05,-0.884833,0.075465,0.012485,-0.058137,0.697839,-0.477657,-0.533726,0.584658,0.81033,0.039229,0.413756,-0.339423,0.844746,9e-06,4.1e-05,6.3e-05,-0.000103,6e-06,0.000173,-0.683553
12,0.144098,-0.074509,0.291212,-0.653618,0.513977,-0.55557,-0.651188,-0.755967,0.066644,-0.384932,0.404697,0.829504,1e-05,5.9e-05,9.3e-05,0.0,0.0,0.0,-0.585718,-0.163957,-0.070402,0.282251,-0.657603,-0.118008,0.744059,0.626887,-0.633283,0.453761,0.418461,0.764972,0.489461,0.0,0.0,0.0,0.0,-0.0,-0.0,-0.690657,0.045236,0.019456,-0.014135,0.700763,0.079842,0.708911,-0.582916,0.636953,0.504479,-0.411264,-0.766756,0.492895,-2e-06,-2e-06,-3e-06,3.8e-05,2.9e-05,2.8e-05,-0.884833,0.075472,0.012491,-0.058135,0.697687,-0.477779,-0.533815,0.584779,0.810249,0.039101,0.413842,-0.339444,0.844695,1.1e-05,6.4e-05,0.000101,-9.4e-05,3e-06,0.00014,-0.684696
13,0.144113,-0.074509,0.291233,-0.653579,0.514004,-0.555591,-0.651228,-0.755933,0.066639,-0.384929,0.404726,0.82949,1e-06,5e-06,7e-06,0.0,0.0,0.0,-0.589141,-0.163952,-0.070458,0.282297,-0.65752,-0.118036,0.744128,0.627033,-0.633125,0.45378,0.418372,0.765099,0.489338,0.0,0.0,0.0,0.0,-0.0,-0.0,-0.690208,0.045238,0.019428,-0.014112,0.700685,0.079869,0.708984,-0.583064,0.636798,0.504502,-0.411186,-0.766882,0.492764,-2e-06,-2e-06,-2e-06,2.9e-05,2.7e-05,3e-05,-0.884343,0.075479,0.012493,-0.058123,0.697648,-0.477813,-0.533835,0.584826,0.810215,0.039097,0.41384,-0.339477,0.844683,-1e-06,2e-06,4e-06,-5.4e-05,6e-06,0.0001,-0.687636
14,0.144113,-0.074496,0.291234,-0.65355,0.514021,-0.555609,-0.65124,-0.755926,0.066598,-0.38496,0.404716,0.829481,0.0,0.0,1e-06,0.0,0.0,0.0,-0.591951,-0.163948,-0.070502,0.282322,-0.657445,-0.118059,0.74419,0.62715,-0.633009,0.45378,0.418314,0.765191,0.489243,-0.0,-1.6e-05,-2.6e-05,0.0,-0.0,-0.0,-0.689195,0.04524,0.019406,-0.0141,0.700615,0.079892,0.709052,-0.583184,0.636686,0.504506,-0.411137,-0.766973,0.492664,-2e-06,-6e-06,-1.1e-05,1.7e-05,3.5e-05,1.9e-05,-0.884016,0.075479,0.012499,-0.058123,0.697619,-0.477836,-0.533852,0.584841,0.810206,0.039056,0.413869,-0.339465,0.844674,-1e-06,-4e-06,-5e-06,-5e-05,-3e-06,6.4e-05,-0.689595
15,0.144113,-0.074493,0.291219,-0.653553,0.514017,-0.555608,-0.651226,-0.75594,0.066579,-0.384977,0.404696,0.829483,-1.6e-05,-9.6e-05,-0.000152,0.0,0.0,0.0,-0.592273,-0.163947,-0.07051,0.282329,-0.657433,-0.118063,0.7442,0.627171,-0.632986,0.453783,0.418301,0.765209,0.489226,-0.0,-0.0,-0.0,0.0,-0.0,-0.0,-0.689215,0.04524,0.019402,-0.014096,0.700604,0.079896,0.709062,-0.583205,0.636663,0.504509,-0.411126,-0.766991,0.492645,-2e-06,2e-06,4e-06,2.2e-05,1.9e-05,3.2e-05,-0.883526,0.075479,0.012501,-0.05813,0.697622,-0.477832,-0.533852,0.584827,0.810217,0.039037,0.413883,-0.339444,0.844675,-8e-06,-6.1e-05,-9.8e-05,-4.4e-05,-5e-06,5.5e-05,-0.690248
16,0.144113,-0.074477,0.291206,-0.653528,0.514031,-0.555626,-0.651224,-0.755947,0.066519,-0.385024,0.404665,0.829476,-0.0,-0.0,-0.0,0.0,0.0,0.0,-0.595733,-0.16396,-0.070506,0.282337,-0.657431,-0.118064,0.744202,0.627173,-0.632986,0.453781,0.418302,0.76521,0.489225,1e-06,4.2e-05,6.8e-05,0.0,-0.0,-0.0,-0.689628,0.045234,0.019404,-0.014092,0.700602,0.079896,0.709064,-0.583207,0.636664,0.504507,-0.411128,-0.766991,0.492644,-0.0,2.3e-05,3.8e-05,2.6e-05,2.2e-05,6e-06,-0.883363,0.075479,0.012508,-0.058137,0.697598,-0.477849,-0.533869,0.584824,0.810222,0.038977,0.413928,-0.33941,0.844667,2e-06,1e-06,4e-06,-4.1e-05,1e-05,5.4e-05,-0.691555
17,0.144113,-0.074477,0.291206,-0.653528,0.514031,-0.555626,-0.651224,-0.755947,0.066519,-0.385024,0.404665,0.829476,-0.0,-0.0,-0.0,0.0,0.0,0.0,-0.597469,-0.163973,-0.070512,0.28233,-0.657396,-0.118073,0.744231,0.627201,-0.632979,0.453752,0.418315,0.765214,0.489207,-0.0,-2.2e-05,-3.6e-05,0.0,0.0,0.0,-0.689063,0.045228,0.019401,-0.014096,0.700569,0.079906,0.709096,-0.583236,0.636658,0.50448,-0.411141,-0.766994,0.492627,-1e-06,-1.1e-05,-1.8e-05,1.3e-05,1e-05,2.6e-05,-0.883526,0.075479,0.012508,-0.058137,0.697598,-0.477849,-0.533869,0.584824,0.810222,0.038977,0.413928,-0.33941,0.844667,0.0,0.0,2e-06,-4.3e-05,1e-06,5.3e-05,-0.693187
18,0.144125,-0.074478,0.291205,-0.653509,0.514043,-0.555636,-0.651238,-0.755936,0.066506,-0.385031,0.40467,0.82947,-0.0,-0.0,-0.0,0.0,0.0,0.0,-0.599228,-0.163973,-0.070516,0.282323,-0.65738,-0.118078,0.744245,0.627214,-0.632975,0.453738,0.41832,0.765216,0.489199,-3e-06,-0.000183,-0.000295,0.0,0.0,0.0,-0.68937,0.045228,0.019399,-0.014099,0.700553,0.07991,0.70911,-0.58325,0.636656,0.504467,-0.411148,-0.766996,0.492619,-3e-06,-0.000115,-0.000186,1.1e-05,3e-06,3.2e-05,-0.883363,0.075485,0.012508,-0.058138,0.69758,-0.477863,-0.533879,0.584839,0.810212,0.038965,0.413936,-0.339415,0.844661,-1e-06,0.0,2e-06,-4.5e-05,-8e-06,5.2e-05,-0.694004
19,0.144113,-0.074469,0.291199,-0.653515,0.514037,-0.555635,-0.651222,-0.755951,0.066489,-0.385047,0.40465,0.829473,-0.0,-0.0,-0.0,0.0,0.0,0.0,-0.60101,-0.163973,-0.070512,0.28233,-0.657543,-0.12071,0.743679,0.627565,-0.633753,0.452165,0.417536,0.764165,0.491508,0.0,1.9e-05,3e-05,0.004935,-0.009503,-0.005377,-0.688808,0.045228,0.019401,-0.014095,0.700783,0.082754,0.708558,-0.58366,0.637609,0.502787,-0.410175,-0.765902,0.495126,-0.0,8e-06,1.3e-05,-0.014237,0.009354,0.003265,-0.883036,0.075479,0.012512,-0.05814,0.697586,-0.477857,-0.533877,0.584823,0.810224,0.038947,0.41395,-0.339393,0.844663,-0.0,0.0,1e-06,-4.5e-05,-4e-06,5e-05,-0.695474
20,0.144112,-0.074466,0.291185,-0.653519,0.514033,-0.555634,-0.651209,-0.755964,0.066471,-0.385064,0.40463,0.829475,-1.3e-05,-8.2e-05,-0.00013,0.0,0.0,0.0,-0.601602,-0.163972,-0.07052,0.282337,-0.657643,-0.120684,0.743595,0.627496,-0.633753,0.452261,0.417483,0.764168,0.491546,0.0,0.0,0.0,1e-06,-2e-06,-1e-06,-0.688323,0.045228,0.019397,-0.014092,0.700852,0.082546,0.708514,-0.583606,0.637471,0.503025,-0.410134,-0.766039,0.494947,0.0,-1e-06,1e-06,-0.000308,0.000604,0.000355,-0.882057,0.075479,0.012514,-0.058148,0.697589,-0.477853,-0.533877,0.584809,0.810235,0.038928,0.413965,-0.339372,0.844664,-1e-05,-5.9e-05,-9.2e-05,-3e-05,9e-06,5e-05,-0.695963
21,0.144125,-0.074467,0.291184,-0.6535,0.514046,-0.555645,-0.651223,-0.755953,0.066458,-0.385072,0.404635,0.829469,-0.0,-0.0,-0.0,0.0,0.0,0.0,-0.605105,-0.163972,-0.07052,0.282337,-0.657643,-0.120684,0.743595,0.627496,-0.633753,0.452261,0.417483,0.764168,0.491546,0.0,0.0,0.0,0.012348,-0.092765,0.175478,-0.688702,0.045228,0.019398,-0.014092,0.700746,0.082567,0.708616,-0.583698,0.637453,0.50294,-0.410184,-0.766051,0.494887,2e-06,-1e-06,1e-06,0.000141,8.4e-05,9.3e-05,-0.882057,0.075485,0.012513,-0.058148,0.697571,-0.477867,-0.533887,0.584825,0.810225,0.038915,0.413973,-0.339377,0.844658,-1e-06,2e-06,5e-06,-3.5e-05,-5e-06,4.5e-05,-0.697433
22,0.144125,-0.074462,0.291192,-0.653484,0.514056,-0.555654,-0.651235,-0.755943,0.066447,-0.385079,0.40464,0.829463,4.9e-05,0.0003,0.000475,0.0,0.0,0.0,-0.6084,-0.163972,-0.07052,0.282337,-0.657531,-0.120714,0.743688,0.627586,-0.63373,0.452168,0.417523,0.764183,0.49149,0.0,0.0,0.0,0.0,-0.0,-0.0,-0.688382,0.045228,0.019398,-0.014092,0.700746,0.082565,0.708616,-0.583696,0.637455,0.50294,-0.410186,-0.76605,0.494887,2e-06,-2e-06,1e-06,0.000112,8.4e-05,7.6e-05,-0.881894,0.075485,0.012515,-0.058145,0.697556,-0.47788,-0.533896,0.584838,0.810216,0.038905,0.41398,-0.339381,0.844653,3e-05,0.000199,0.000319,-3.6e-05,1.1e-05,4.2e-05,-0.69874
23,0.144125,-0.074459,0.291177,-0.653487,0.514052,-0.555653,-0.651222,-0.755957,0.066428,-0.385095,0.40462,0.829465,-2e-06,-1.4e-05,-2.2e-05,0.0,0.0,0.0,-0.615416,-0.163971,-0.070528,0.282343,-0.657519,-0.120718,0.743698,0.627607,-0.633708,0.452171,0.41751,0.764201,0.491473,0.0,0.0,0.0,0.0,-0.0,-0.0,-0.687683,0.045228,0.019394,-0.014089,0.700736,0.082565,0.708626,-0.583714,0.637436,0.502943,-0.410179,-0.766066,0.494869,1e-06,-2e-06,0.0,6.8e-05,6.7e-05,4.6e-05,-0.88173,0.075485,0.012517,-0.058151,0.697558,-0.477877,-0.533896,0.584824,0.810227,0.038885,0.413995,-0.33936,0.844654,-2e-06,-6e-06,-9e-06,-3.2e-05,-5e-06,3.2e-05,-0.702985
24,0.144125,-0.074447,0.291178,-0.653458,0.51407,-0.555672,-0.651233,-0.755951,0.066387,-0.385126,0.404609,0.829456,1e-06,8e-06,1.3e-05,0.0,0.0,0.0,-0.621729,-0.163971,-0.070528,0.282343,-0.657519,-0.120718,0.743698,0.627607,-0.633708,0.452171,0.41751,0.764201,0.491473,0.0,0.0,0.0,0.0,-0.0,-0.0,-0.686924,0.045228,0.019394,-0.014089,0.700736,0.082564,0.708626,-0.583712,0.637438,0.502943,-0.410181,-0.766065,0.494869,1e-06,-2e-06,0.0,4.5e-05,3.8e-05,5.7e-05,-0.88124,0.075485,0.012524,-0.058151,0.697531,-0.477897,-0.533913,0.584836,0.81022,0.038845,0.414024,-0.339348,0.844645,0.0,0.0,2e-06,-2.1e-05,8e-06,3.2e-05,-0.707557
25,0.144125,-0.074447,0.291178,-0.653458,0.51407,-0.555672,-0.651233,-0.755951,0.066387,-0.385126,0.404609,0.829456,0.0,0.0,0.0,0.0,0.0,0.0,-0.624874,-0.163984,-0.070533,0.282336,-0.657485,-0.120727,0.743727,0.627635,-0.633701,0.452142,0.417523,0.764205,0.491456,-5e-06,-0.000297,-0.000479,0.0,-0.0,-0.0,-0.686714,0.045222,0.019391,-0.014092,0.700703,0.082573,0.708657,-0.583742,0.637432,0.502916,-0.410194,-0.766068,0.494852,-1e-06,-0.000198,-0.000316,4.4e-05,3.8e-05,5e-05,-0.881077,0.075485,0.012524,-0.058151,0.697531,-0.477897,-0.533913,0.584836,0.81022,0.038845,0.414024,-0.339348,0.844645,-1e-06,-2e-06,-3e-06,-2.6e-05,4e-06,2.8e-05,-0.70968
26,0.144114,-0.074433,0.291179,-0.655144,0.513566,-0.55415,-0.650951,-0.755969,0.068889,-0.382733,0.405214,0.830268,1.8e-05,0.000113,0.000179,-0.0,0.0,-0.0,-0.658976,-0.164009,-0.070534,0.282337,-0.657448,-0.120738,0.743758,0.627665,-0.633693,0.452111,0.417536,0.76421,0.491437,-0.0,-0.0,-0.0,0.0,-0.0,-0.0,-0.689428,0.04521,0.01939,-0.014092,0.700668,0.082582,0.708691,-0.583773,0.637427,0.502886,-0.410209,-0.766071,0.494834,2e-06,2e-06,6e-06,3.9e-05,1.7e-05,5e-05,-0.881404,0.075479,0.01253,-0.05815,0.699169,-0.477192,-0.532399,0.584541,0.810309,0.041359,0.411672,-0.340126,0.845481,1.1e-05,7e-05,0.00011,0.001375,-0.001162,0.000972,-0.722743
27,0.144115,-0.074416,0.291187,-0.656791,0.513085,-0.552644,-0.65069,-0.755965,0.071365,-0.380352,0.405829,0.831062,0.00011,0.000678,0.001073,-0.0,0.0,-0.0,-0.704794,-0.164059,-0.070523,0.282362,-0.657422,-0.120745,0.74378,0.627686,-0.633688,0.452089,0.417544,0.764213,0.491425,1.8e-05,0.000964,0.001554,0.001789,-0.013441,0.025427,-0.691498,0.045185,0.019394,-0.014083,0.700629,0.082593,0.708728,-0.583808,0.637421,0.502853,-0.410227,-0.766075,0.494814,0.0,1.5e-05,2.7e-05,3.9e-05,9e-06,1.7e-05,-0.8832,0.07548,0.012537,-0.058148,0.700759,-0.476519,-0.530908,0.584268,0.810375,0.043834,0.409348,-0.34091,0.846294,7.4e-05,0.000452,0.000714,0.001411,-0.001166,0.000982,-0.753932
28,0.144141,-0.074405,0.291187,-0.658413,0.512621,-0.551144,-0.650437,-0.755946,0.073827,-0.377977,0.40645,0.831841,7e-06,4.3e-05,6.8e-05,-0.0,0.0,-0.0,-0.736593,-0.164109,-0.070508,0.282373,-0.657281,-0.120784,0.743899,0.62779,-0.633679,0.451957,0.417611,0.764215,0.491365,1e-06,5.3e-05,8.6e-05,0.0,-0.0,-0.0,-0.691021,0.045159,0.019404,-0.014074,0.700511,0.082626,0.708841,-0.583904,0.637422,0.50274,-0.410292,-0.766071,0.494767,-0.008337,-0.000418,0.000386,-0.002021,0.015212,-0.029233,-0.884017,0.075493,0.012545,-0.058146,0.70232,-0.475866,-0.52943,0.584006,0.810428,0.046282,0.407042,-0.341696,0.847089,3e-06,1.8e-05,2.6e-05,0.000409,-0.000344,0.000308,-0.782671
29,0.144154,-0.07439,0.291172,-0.658257,0.512719,-0.551238,-0.650535,-0.755876,0.073677,-0.378079,0.406456,0.831792,0.0,1e-06,1e-06,-0.0,0.0,-0.0,-0.752352,-0.164122,-0.070504,0.282381,-0.657131,-0.118148,0.744453,0.627428,-0.632905,0.453542,0.418391,0.765264,0.489064,0.0,2.3e-05,3.7e-05,-0.243702,0.469785,0.265772,-0.689991,0.045153,0.019406,-0.01407,0.700508,0.082627,0.708843,-0.583906,0.637422,0.502738,-0.410293,-0.766071,0.494766,-0.0,-1e-06,-0.0,2.2e-05,-4e-06,1.7e-05,-0.88369,0.075499,0.012552,-0.058153,0.70217,-0.475983,-0.529524,0.584111,0.810361,0.046132,0.407148,-0.341693,0.847038,-0.0,-6e-06,-1.3e-05,4.5e-05,-5.6e-05,5.7e-05,-0.793774
30,0.144227,-0.074299,0.29105,-0.658017,0.512855,-0.551399,-0.65057,-0.755891,0.073215,-0.378436,0.406258,0.831726,-7.3e-05,0.009748,-0.010182,0.035618,-0.01262,0.018537,-0.789285,-0.164134,-0.07051,0.282374,-0.65732,-0.118097,0.744295,0.627275,-0.632943,0.4537,0.418324,0.76524,0.489159,-0.0,-4e-06,-7e-06,-5.2e-05,0.0001,5.7e-05,-0.689592,0.045147,0.019402,-0.014074,0.700496,0.07988,0.709171,-0.583297,0.636624,0.504453,-0.41118,-0.767026,0.492546,-1e-06,-3e-06,-5e-06,0.002708,-0.002907,-0.001404,-0.883363,0.075536,0.012595,-0.058209,0.701955,-0.476136,-0.529671,0.584149,0.810358,0.045699,0.407465,-0.341486,0.84697,-7.7e-05,-0.000483,-0.000769,-7e-06,-1.2e-05,1.5e-05,-0.820554
31,0.144339,-0.074104,0.290824,-0.659132,0.512677,-0.55023,-0.650412,-0.755876,0.074758,-0.376765,0.40651,0.832362,-2.5e-05,0.010052,-0.009703,0.035617,-0.012628,0.018532,-0.802439,-0.164161,-0.070492,0.282348,-0.657041,-0.115492,0.744949,0.626983,-0.632199,0.455138,0.419199,0.766248,0.486825,-0.0,-5e-06,-8e-06,-0.009447,0.018207,0.010302,-0.675707,0.045133,0.019411,-0.014087,0.700154,0.077075,0.709818,-0.582969,0.635692,0.506005,-0.412226,-0.768084,0.490015,-1e-06,2e-06,2e-06,0.012608,-0.003416,0.00034,-0.880751,0.075592,0.012691,-0.058324,0.703054,-0.475817,-0.528498,0.583983,0.810388,0.047257,0.405804,-0.341859,0.847616,-4e-05,-0.000266,-0.00042,0.001407,-0.001153,0.000962,-0.840639
32,0.14452,-0.073833,0.290432,-0.664819,0.504104,-0.551308,-0.644427,-0.760253,0.081855,-0.377049,0.409066,0.830979,-0.000298,0.008362,-0.012386,0.078126,0.008903,-0.343067,-0.736743,-0.164129,-0.070431,0.282286,-0.657316,-0.110051,0.74553,0.6257,-0.630903,0.458688,0.420685,0.768108,0.482594,-0.0,-1e-06,-1e-06,-0.017681,-0.035069,0.208148,-0.470427,0.045149,0.019442,-0.014118,0.700194,0.071621,0.71035,-0.581652,0.634191,0.509393,-0.414015,-0.769851,0.485715,2e-06,6e-06,8e-06,-0.010908,0.04478,0.027828,-0.775428,0.075683,0.01283,-0.058515,0.707774,-0.466916,-0.530135,0.577867,0.814322,0.054287,0.406354,-0.344771,0.846172,-0.000114,-0.000742,-0.001181,0.254728,-0.108394,-0.44966,-0.830025
33,0.144628,-0.073668,0.290197,-0.667647,0.49615,-0.555092,-0.638758,-0.764717,0.084666,-0.381656,0.410476,0.828176,-0.000161,0.019451,-0.020457,-0.030594,-0.247508,-0.075936,-0.631963,-0.164071,-0.070389,0.282228,-0.657514,-0.107312,0.745755,0.624985,-0.630298,0.460491,0.421439,0.768988,0.48053,-8e-06,-0.000461,-0.000744,-0.015865,0.030467,0.017258,-0.332505,0.045178,0.019464,-0.014145,0.700431,0.068735,0.710402,-0.580715,0.633542,0.511266,-0.414928,-0.770648,0.483668,-3e-06,-0.000299,-0.000483,0.012766,0.004892,0.005796,-0.662104,0.075737,0.012913,-0.058641,0.710075,-0.458839,-0.534097,0.571663,0.818517,0.056835,0.41109,-0.34568,0.84351,-7.8e-05,0.009697,-0.010278,-0.032595,-0.251458,-0.078593,-0.789366
34,0.144738,-0.073457,0.289728,-0.691789,0.455019,-0.560742,-0.598882,-0.795361,0.093344,-0.402664,0.399822,0.823427,-0.000471,0.007293,-0.014098,-0.012922,-0.030255,-0.22251,-0.222091,-0.163864,-0.070373,0.282091,-0.660799,-0.094949,0.744527,0.617918,-0.631719,0.468019,0.426706,0.769431,0.475144,0.016633,-0.001429,-0.004436,0.272182,0.350037,0.535677,-0.085649,0.045282,0.019474,-0.01421,0.703345,0.057104,0.70855,-0.573409,0.634689,0.518045,-0.420126,-0.770654,0.47915,0.008316,-0.000762,-0.002298,0.24795,0.382861,0.552369,-0.405412,0.075792,0.013018,-0.058868,0.730583,-0.41561,-0.54177,0.529184,0.846045,0.06458,0.431523,-0.333877,0.838041,-0.000312,-0.001964,-0.003119,0.001374,-0.053413,-0.10482,-0.571863
35,0.144641,-0.0734,0.289334,-0.701597,0.425905,-0.571324,-0.57638,-0.810591,0.103441,-0.418187,0.40134,0.814907,-0.000526,-0.003275,-0.005213,-0.178661,-0.43633,-0.250738,0.05313,-0.163527,-0.070446,0.281948,-0.663238,-0.082948,0.743792,0.605901,-0.642715,0.468759,0.439978,0.761656,0.475566,0.016634,-0.001751,-0.004972,0.000501,-0.001533,0.004025,0.078761,0.045444,0.019437,-0.014281,0.70539,0.044514,0.707419,-0.560754,0.645511,0.518526,-0.433565,-0.762452,0.480299,-1.2e-05,-0.001048,-0.001705,0.001782,-0.002154,-0.001581,-0.191338,0.075743,0.013048,-0.059071,0.738284,-0.387129,-0.552329,0.505562,0.859676,0.073222,0.446478,-0.333296,0.830403,-0.000283,0.003322,-0.007578,-0.184178,-0.6306,-0.417858,-0.300637
36,0.144544,-0.073395,0.289204,-0.701689,0.421385,-0.574555,-0.574917,-0.81115,0.107132,-0.420039,0.404966,0.812155,-0.017101,-0.001307,-0.002608,-0.087309,-0.167199,-0.119875,0.146475,-0.163365,-0.070493,0.281851,-0.663174,-0.082964,0.743847,0.605953,-0.642705,0.468706,0.440003,0.761663,0.475532,0.016636,-0.001912,-0.005242,0.002044,-0.015205,0.029246,0.130075,0.045525,0.019413,-0.014331,0.705313,0.044576,0.707492,-0.560844,0.645496,0.518447,-0.433573,-0.762461,0.480278,-2.3e-05,-0.001689,-0.002739,-0.00258,0.012415,-0.026309,-0.102834,0.075694,0.013047,-0.059141,0.737782,-0.381718,-0.556748,0.503791,0.860318,0.077753,0.449301,-0.33785,0.827034,-0.008542,-0.000622,-0.001252,-0.054561,-0.111555,-0.101066,-0.166412
37,0.144182,-0.073389,0.289068,-0.701816,0.412318,-0.580942,-0.57211,-0.812104,0.114671,-0.423637,0.412323,0.806566,-0.000257,-0.001586,-0.00253,-0.048073,-0.085829,-0.074789,0.30028,-0.163068,-0.070666,0.281531,-0.662847,-0.083053,0.744128,0.606222,-0.642652,0.468432,0.440125,0.761698,0.475363,-8.6e-05,-0.005609,-0.009099,-0.00179,0.013457,-0.025419,0.170232,0.045674,0.019332,-0.014482,0.705033,0.044694,0.707763,-0.561133,0.645436,0.51821,-0.433656,-0.762505,0.480133,-3.8e-05,-0.002791,-0.004532,-0.00252,0.012914,-0.025908,0.01,0.07552,0.013052,-0.059207,0.737173,-0.373001,-0.563421,0.5009,0.861304,0.085163,0.453512,-0.344998,0.821767,-0.008428,0.00012,-7.2e-05,-0.037097,-0.072835,-0.080495,0.081953
38,0.143737,-0.073411,0.289057,-0.701656,0.407921,-0.58423,-0.57096,-0.812377,0.118409,-0.425446,0.416142,0.803646,-0.016882,0.000107,-0.000383,-0.003756,0.008919,-0.032431,0.335935,-0.162997,-0.070908,0.281109,-0.662089,-0.083267,0.74478,0.606836,-0.642548,0.467778,0.44042,0.761762,0.474987,-0.000104,-0.006738,-0.010972,-0.00179,0.013458,-0.025418,0.106073,0.045716,0.019208,-0.014698,0.704319,0.044933,0.708459,-0.561804,0.645348,0.517591,-0.433947,-0.762565,0.479775,-4.9e-05,-0.003505,-0.005708,-0.01465,0.105976,-0.201167,0.005917,0.075291,0.013041,-0.059213,0.73679,-0.368854,-0.566644,0.49962,0.861688,0.088729,0.455542,-0.348481,0.819171,-0.008438,7.1e-05,-0.000159,0.013904,0.040123,-0.02044,0.220913
39,0.143607,-0.073431,0.289021,-0.699521,0.406632,-0.587678,-0.57107,-0.812428,0.117519,-0.428795,0.417303,0.801262,-0.000205,-0.00125,-0.001996,-0.028172,-0.059038,-0.029272,0.282948,-0.16305,-0.071,0.280926,-0.663963,-0.083049,0.743134,0.605693,-0.642346,0.469533,0.43917,0.761955,0.475832,-7.6e-05,-0.004887,-0.007971,-0.00179,0.013459,-0.025417,0.009686,0.045695,0.019159,-0.014795,0.706156,0.044704,0.706643,-0.560526,0.645061,0.519331,-0.432612,-0.762821,0.480572,-2.7e-05,-0.002169,-0.00354,0.000425,0.002317,-0.004314,-0.062991,0.075233,0.013032,-0.059229,0.734507,-0.368024,-0.570137,0.499836,0.861664,0.087733,0.458979,-0.349416,0.81685,-0.000149,-0.000912,-0.001451,-0.032392,-0.059819,-0.03648,0.223689
40,0.143801,-0.073557,0.288807,-0.698453,0.407441,-0.588388,-0.571984,-0.811908,0.116669,-0.429318,0.417525,0.800866,0.016024,-0.005398,-0.008079,0.000147,-0.001584,0.003912,-0.110056,-0.16328,-0.071029,0.280791,-0.664529,-0.081799,0.742766,0.602276,-0.646839,0.467757,0.443004,0.75828,0.478144,-0.016715,-0.001068,0.000427,-0.000458,0.012162,-0.030971,-0.295199,0.045586,0.019137,-0.014876,0.706642,0.043627,0.706224,-0.557128,0.649598,0.517329,-0.436193,-0.759024,0.483339,5e-06,7e-05,0.000117,-0.013004,0.010048,0.004033,-0.30858,0.075318,0.012976,-0.059324,0.733713,-0.368969,-0.570549,0.500677,0.861261,0.08689,0.459333,-0.349413,0.816653,0.00805,-0.002481,-0.00369,0.001045,-0.012846,0.03136,-0.019287
41,0.144311,-0.073725,0.28842,-0.698072,0.409995,-0.587064,-0.572887,-0.811607,0.114312,-0.428735,0.415605,0.802175,0.015868,-0.006448,-0.009801,0.014771,0.029226,0.019224,-0.818655,-0.163744,-0.071014,0.280857,-0.662335,-0.08377,0.744504,0.601284,-0.652089,0.461704,0.44762,0.753555,0.481305,-0.016704,-0.000515,0.001313,0.027635,-0.041917,-0.061648,-0.802532,0.045348,0.019149,-0.014835,0.704566,0.045675,0.708166,-0.556322,0.655086,0.511241,-0.440559,-0.754171,0.486962,-0.00835,-0.000167,0.000812,0.010344,-0.035609,-0.053948,-0.602667,0.075578,0.012887,-0.059525,0.733529,-0.371791,-0.56895,0.501722,0.860913,0.084274,0.458485,-0.347273,0.818041,0.007926,-0.003299,-0.005028,-0.003156,0.001118,0.011143,-0.336234
42,0.14481,-0.073654,0.287833,-0.696023,0.421485,-0.581333,-0.575264,-0.811805,0.100079,-0.428887,0.403548,0.808228,0.016119,0.005293,-0.01686,2.054605,-1.032629,1.778817,-1.721807,-0.164602,-0.07086,0.280707,-0.642537,-0.086765,0.761321,0.612856,-0.65442,0.442805,0.460591,0.751196,0.472677,-0.017657,0.009348,-0.008765,0.185816,0.467339,-0.684877,-1.350624,0.044913,0.019228,-0.014907,0.685794,0.048579,0.726172,-0.568941,0.658008,0.493286,-0.453864,-0.751442,0.478896,-0.008828,0.004658,-0.004398,0.196176,0.505839,-0.739284,-0.901325,0.075827,0.012919,-0.059825,0.732563,-0.381658,-0.563637,0.50379,0.860829,0.071883,0.457761,-0.336613,0.822888,0.008079,0.002624,-0.008485,2.013352,-1.10313,1.754042,-0.632443
43,0.14515,-0.073513,0.287468,-0.694589,0.424129,-0.581124,-0.575653,-0.812111,0.095246,-0.430683,0.400151,0.808962,0.016131,0.005367,-0.016764,0.06335,0.043994,0.051506,-1.901754,-0.165027,-0.070604,0.280509,-0.632857,-0.087997,0.769246,0.617662,-0.656313,0.43322,0.46752,0.7494,0.468708,-0.017632,0.010136,-0.007497,0.050833,-0.074648,0.146781,-1.400598,0.044707,0.01935,-0.015005,0.676324,0.049894,0.734912,-0.574426,0.660277,0.483805,-0.461107,-0.749362,0.475221,-0.00928,0.010457,-0.008014,0.080751,0.027778,-0.035109,-1.014159,0.075991,0.012988,-0.060001,0.731274,-0.386205,-0.562212,0.504602,0.860905,0.064951,0.458927,-0.33119,0.824438,0.008135,0.008191,-0.012479,0.055598,0.072894,-0.125396,-0.774669
44,0.145779,-0.072963,0.28668,-0.693478,0.424206,-0.582395,-0.574425,-0.81342,0.091417,-0.434095,0.397405,0.808491,0.016553,0.01841,-0.021727,0.052473,-0.081622,0.045697,-1.91536,-0.165855,-0.069873,0.279955,-0.621805,-0.086224,0.778406,0.621144,-0.659509,0.423275,0.477631,0.746793,0.462636,-0.018544,0.020559,-0.016684,0.078204,-0.087357,0.188881,-1.404482,0.044293,0.019714,-0.015276,0.665784,0.047928,0.744603,-0.57834,0.663675,0.474401,-0.471438,-0.746483,0.469583,-0.009265,0.010266,-0.008346,0.094529,-0.11322,0.190219,-0.972357,0.076299,0.013249,-0.060388,0.729917,-0.386055,-0.564075,0.503468,0.861809,0.061666,0.46232,-0.329005,0.823416,-0.000126,0.00944,-0.010747,0.047942,-0.061578,-0.015692,-1.063531
45,0.146331,-0.072205,0.285911,-0.692858,0.413896,-0.590494,-0.571548,-0.814479,0.099644,-0.438846,0.406015,0.801619,-6.2e-05,0.030688,-0.028419,-0.07577,-0.407329,-0.163523,-1.911449,-0.166734,-0.069035,0.279207,-0.622913,-0.074706,0.77871,0.61662,-0.659307,0.430149,0.482037,0.748196,0.455748,-0.01854,0.019671,-0.018182,-0.010287,0.146128,0.094934,-1.404198,0.043853,0.020134,-0.015649,0.666757,0.036344,0.744388,-0.573412,0.663028,0.481239,-0.47606,-0.747711,0.462919,-0.009723,0.015038,-0.013667,0.042439,0.051772,0.296468,-1.011383,0.076588,0.013632,-0.060775,0.728612,-0.37666,-0.572058,0.500623,0.862871,0.069487,0.46744,-0.337014,0.817263,0.008422,0.010123,-0.009411,-0.194705,-0.487074,-0.367743,-1.095536
46,0.146568,-0.071805,0.285492,-0.694871,0.406739,-0.593097,-0.569404,-0.814892,0.108179,-0.43845,0.412371,0.798585,0.016555,0.029031,-0.030635,-0.027601,-0.176748,-0.251631,-1.644688,-0.167178,-0.068567,0.278784,-0.623315,-0.063743,0.779363,0.613717,-0.657362,0.437219,0.485217,0.750902,0.447855,-0.019448,0.030098,-0.027372,-0.250849,0.643265,0.408064,-1.403729,0.043625,0.020375,-0.015867,0.667155,0.027343,0.744416,-0.570387,0.661509,0.486891,-0.479125,-0.749437,0.456926,-0.009716,0.01499,-0.013763,-0.213244,0.605764,0.389461,-1.019058,0.0767,0.013835,-0.06098,0.729745,-0.368736,-0.575765,0.498342,0.863403,0.07867,0.468109,-0.344337,0.813821,-3.5e-05,0.010065,-0.009752,-0.084935,-0.232896,-0.135202,-1.095372
47,0.14686,-0.070914,0.2845,-0.709257,0.367502,-0.601616,-0.541991,-0.829953,0.131892,-0.449966,0.419154,0.788586,-0.000292,0.029325,-0.030677,0.589221,-0.755758,-1.973982,-0.739447,-0.168117,-0.067481,0.277733,-0.623769,-0.031913,0.780951,0.599939,-0.659823,0.452373,0.501616,0.750728,0.429713,-0.019432,0.029416,-0.02856,-0.153652,0.422058,0.481028,-1.211223,0.043162,0.020907,-0.016382,0.666495,-0.005956,0.745485,-0.555813,0.662459,0.502213,-0.496845,-0.749073,0.438216,-0.018018,0.014675,-0.013309,-0.224332,0.664908,0.391776,-0.976765,0.076852,0.01428,-0.061476,0.740651,-0.331771,-0.584261,0.471483,0.876168,0.100155,0.478683,-0.34965,0.80536,0.008368,0.014542,-0.015305,2.759277,-0.388183,-5.096795,-0.913466
48,0.146906,-0.06988,0.283285,-0.71472,0.33363,-0.614745,-0.521515,-0.839858,0.15044,-0.465224,0.427701,0.775026,-0.00059,0.027432,-0.033796,-0.142507,-0.502747,-0.439439,-0.234273,-0.168812,-0.065988,0.276386,-0.62463,0.024117,0.780543,0.573803,-0.663656,0.479839,0.530348,0.747557,0.399692,-0.003673,0.040655,-0.038503,0.783572,1.841187,1.612084,-0.675331,0.042808,0.02165,-0.01705,0.666297,-0.058174,0.743412,-0.529642,0.664857,0.526728,-0.524905,-0.744701,0.412181,-0.010277,0.019554,-0.019172,3.922955,3.448665,2.962356,-0.766774,0.076876,0.0148,-0.06208,0.743562,-0.295455,-0.59985,0.448371,0.885825,0.119481,0.496062,-0.357797,0.791139,-0.000355,0.013174,-0.017776,-0.155415,-0.548749,-0.788242,-0.757524
49,0.146803,-0.068995,0.28182,-0.714306,0.301313,-0.631683,-0.509856,-0.842323,0.174673,-0.478567,0.446458,0.756093,-0.001239,0.023271,-0.040645,-0.366572,-0.85514,-0.626968,0.020348,-0.169524,-0.064531,0.274602,-0.621422,0.073912,0.779976,0.560159,-0.65397,0.508408,0.548418,0.752741,0.363981,-0.021388,0.044384,-0.05682,-0.299255,1.151086,0.241251,-0.302762,0.042467,0.022372,-0.017905,0.663337,-0.110683,0.740089,-0.512031,0.654101,0.556753,-0.545716,-0.748265,0.377217,-0.010244,0.016488,-0.024591,-0.558004,1.065798,1.103146,-0.619649,0.076825,0.015238,-0.06279,0.740995,-0.266062,-0.616552,0.436932,0.888244,0.141816,0.509918,-0.374476,0.774435,-0.000624,0.011449,-0.020618,-0.282991,-0.682132,-0.532773,-0.649915
50,0.146713,-0.068614,0.281043,-0.715855,0.281807,-0.638891,-0.499321,-0.846165,0.186155,-0.487262,0.451917,0.747244,-0.001562,0.010807,-0.034822,-0.389195,-0.789612,-0.652409,0.08222,-0.169886,-0.063939,0.273574,-0.618374,0.097782,0.779772,0.556443,-0.646044,0.522429,0.555607,0.756818,0.344079,-0.020653,0.029232,-0.055477,-0.391578,0.832335,0.696346,-0.188188,0.04227,0.0227,-0.018454,0.657356,-0.136194,0.74117,-0.508792,0.645304,0.569834,-0.555889,-0.751686,0.3549,-0.01031,0.014296,-0.02825,-0.381264,0.825533,0.700499,-0.560538,0.07678,0.015446,-0.063209,0.740719,-0.245043,-0.62553,0.425444,0.891702,0.154475,0.519934,-0.38055,0.764754,-0.000779,0.005236,-0.017686,-0.46685,-0.906608,-0.697455,-0.502138
51,0.146454,-0.067741,0.279312,-0.717569,0.243278,-0.652652,-0.481406,-0.850401,0.21222,-0.502501,0.466166,0.728154,-0.018242,0.0224,-0.04278,-0.076695,-0.848079,-1.231152,0.196157,-0.170849,-0.062736,0.270988,-0.610211,0.147383,0.778404,0.550107,-0.628072,0.55031,0.570744,0.763811,0.301175,-0.02176,0.034862,-0.073057,-0.519378,1.0782,0.880882,-0.047202,0.041796,0.023287,-0.019722,0.64824,-0.183154,0.739079,-0.501526,0.627646,0.595424,-0.572935,-0.756646,0.315009,-0.010861,0.017,-0.037213,-0.318109,0.840971,0.501579,-0.474973,0.076657,0.015858,-0.064045,0.739132,-0.209749,-0.640068,0.409143,0.894684,0.179281,0.535055,-0.394392,0.747107,-0.009051,0.010848,-0.021897,3.359323,-1.59235,-4.745232,-0.207725
52,0.146038,-0.066785,0.277608,-0.714976,0.207777,-0.667595,-0.464539,-0.854769,0.231399,-0.521676,0.475306,0.708495,-0.018056,0.023627,-0.04092,0.789303,-0.938509,-1.948141,0.307827,-0.171829,-0.061838,0.268338,-0.60477,0.194507,0.772277,0.54277,-0.608804,0.578526,0.58343,0.768784,0.261617,-0.021068,0.020887,-0.070271,-0.57669,1.102763,0.934223,0.002611,0.041306,0.023738,-0.021053,0.641281,-0.229817,0.73208,-0.493025,0.60766,0.622634,-0.587948,-0.760218,0.276375,-0.018813,0.010048,-0.034791,-0.389851,0.815939,0.704964,-0.254858,0.076447,0.016345,-0.064923,0.733392,-0.174096,-0.657134,0.391558,0.89838,0.198986,0.555714,-0.403241,0.727033,-0.000471,0.016975,-0.024818,3.404929,-1.889036,-4.651836,0.083096
53,0.145739,-0.066202,0.276735,-0.710323,0.190266,-0.677707,-0.458575,-0.85551,0.240383,-0.533169,0.481287,0.695787,-0.017814,0.035523,-0.047822,-0.362178,-0.703126,-0.823469,0.362371,-0.172339,-0.061609,0.267062,-0.608661,0.219271,0.762525,0.534165,-0.597225,0.598268,0.587324,0.771165,0.245396,-0.020302,0.008719,-0.064237,-0.44587,0.596812,1.480479,0.006752,0.041051,0.023856,-0.021695,0.643154,-0.255218,0.721952,-0.484075,0.595013,0.641583,-0.593315,-0.762116,0.259141,-0.010139,0.004171,-0.032392,-0.331801,-0.086579,3.067008,-0.211259,0.076298,0.016631,-0.065358,0.727786,-0.156652,-0.667672,0.383973,0.899739,0.207444,0.568235,-0.407343,0.714967,-0.000493,0.012272,-0.019464,-0.454348,-0.836199,-0.8528,0.190215
54,0.145179,-0.065012,0.275146,-0.701305,0.153792,-0.696106,-0.443271,-0.858809,0.256767,-0.557467,0.48844,0.67133,-0.017471,0.037566,-0.044566,-0.402396,-0.745267,-0.823669,0.445076,-0.17307,-0.061419,0.264607,-0.605031,0.279152,0.745656,0.507372,-0.586407,0.631374,0.614245,0.759959,0.212198,-0.003731,0.009051,-0.066277,3.760961,4.108267,1.972199,0.033878,0.040679,0.023946,-0.022928,0.638785,-0.312334,0.703135,-0.458759,0.579038,0.673983,-0.61765,-0.753101,0.226596,-0.009744,-0.001424,-0.028761,-0.528274,0.83078,0.860927,-0.173702,0.076018,0.017214,-0.066141,0.715995,-0.122296,-0.687308,0.368453,0.90244,0.223257,0.592952,-0.413092,0.691203,-0.008761,0.013272,-0.01813,-0.242449,-0.428746,-0.680162,0.331951
55,0.144767,-0.064086,0.273736,-0.699384,0.1156,-0.705368,-0.420443,-0.86459,0.275107,-0.577187,0.488825,0.654166,-0.01774,0.015208,-0.028615,-0.18282,-0.419801,-0.249152,0.497119,-0.173253,-0.061335,0.262271,-0.5767,0.363099,0.731825,0.45476,-0.601354,0.656887,0.679301,0.71116,0.180734,-0.002849,-0.000654,-0.056323,3.680663,4.266792,1.778316,0.125813,0.040587,0.023988,-0.024105,0.60798,-0.394601,0.688948,-0.404266,0.592972,0.696385,-0.683321,-0.701907,0.200991,-0.001375,-0.000211,-0.028015,-0.283117,0.763941,0.825771,-0.083566,0.075812,0.017698,-0.066862,0.710367,-0.082394,-0.698991,0.344562,0.906688,0.243293,0.613721,-0.413674,0.672472,-0.000486,0.012399,-0.019354,-0.183267,-0.404763,-0.406896,0.438743
56,0.14456,-0.063685,0.273077,-0.69759,0.101791,-0.709262,-0.413159,-0.865874,0.282017,-0.584562,0.489639,0.646968,-0.017647,0.026109,-0.037169,-0.086802,-0.332665,-0.177376,0.510684,-0.17323,-0.061319,0.261211,-0.554371,0.408414,0.725163,0.419749,-0.615037,0.667438,0.719265,0.673868,0.168592,0.014798,-0.009481,-0.046402,3.888107,4.694759,1.845133,0.179829,0.040591,0.023997,-0.024642,0.584833,-0.438215,0.682595,-0.368478,0.606151,0.704843,-0.722629,-0.663737,0.193025,-0.001337,0.000711,-0.026502,1.045968,1.476833,0.694179,-0.018576,0.075702,0.017904,-0.067202,0.707347,-0.06866,-0.703522,0.337046,0.907605,0.250301,0.621335,-0.41417,0.665135,-0.008804,0.013044,-0.018595,-0.045713,-0.27568,-0.150722,0.47287
57,0.144129,-0.062992,0.271974,-0.69563,0.089262,-0.712865,-0.409889,-0.864222,0.29169,-0.589177,0.494989,0.638658,-0.017399,0.017276,-0.025264,-0.007359,-0.125577,-0.089025,0.512784,-0.172988,-0.061219,0.259321,-0.512958,0.472239,0.716837,0.355614,-0.643013,0.678238,0.781844,0.602219,0.160979,0.014165,0.005554,-0.048063,0.050124,-0.020765,0.205315,0.300482,0.040713,0.024038,-0.025591,0.537076,-0.50672,0.674376,-0.298893,0.633277,0.713878,-0.788803,-0.584974,0.188664,-0.001253,0.002665,-0.023356,0.127602,-0.040075,0.139416,0.130181,0.075486,0.018248,-0.067758,0.704447,-0.056551,-0.707498,0.333808,0.90609,0.259944,0.626358,-0.419286,0.65717,-0.008667,0.008723,-0.012482,0.035586,-0.071255,-0.058455,0.49818
