frame,MLTx,MLTy,MLTz,MLTR1,MLTR2,MLTR3,MLTR4,MLTR5,MLTR6,MLTR7,MLTR8,MLTR9,MLTTVx,MLTTVy,MLTTVz,MLTRVx,MLTRVy,MLTRVz,MLGA,MRTx,MRTy,MRTz,MRTR1,MRTR2,MRTR3,MRTR4,MRTR5,MRTR6,MRTR7,MRTR8,MRTR9,MRTTVx,MRTTVy,MRTTVz,MRTRVx,MRTRVy,MRTRVz,MRGA,SLTx,SLTy,SLTz,SLTR1,SLTR2,SLTR3,SLTR4,SLTR5,SLTR6,SLTR7,SLTR8,SLTR9,SLTTVx,SLTTVy,SLTTVz,SLTRVx,SLTRVy,SLTRVz,SLGA,SRTx,SRTy,SRTz,SRTR1,SRTR2,SRTR3,SRTR4,SRTR5,SRTR6,SRTR7,SRTR8,SRTR9,SRTTVx,SRTTVy,SRTTVz,SRTRVx,SRTRVy,SRTRVz,SRGA
1,0.113559,-0.017053,0.364464,-0.115258,0.218323,-0.969069,-0.619556,-0.778316,-0.101715,-0.776313,0.588395,0.226177,-0.0,-1e-06,-1e-06,0.0,0.0,0.0,-1.070373,-0.152921,0.003827,0.326494,0.532876,0.115053,0.83833,-0.568126,0.782775,0.253832,-0.627664,-0.611678,0.481405,7.1e-05,-0.00131,-0.001173,-0.001907,0.015185,-0.024417,-0.246099,0.043151,0.021141,-0.013469,-0.483908,-0.052883,0.873519,0.469752,-0.857872,0.208295,0.738353,0.511133,0.439974,2e-06,2e-06,3e-06,6e-06,2e-06,-5e-06,-0.442642,0.072335,0.015973,-0.05747,-0.213852,0.284862,-0.934408,-0.555924,-0.822026,-0.123371,-0.803252,0.493077,0.334154,-1e-06,6e-06,5e-06,2e-06,-1e-05,-3e-06,-0.931429
2,0.113559,-0.017053,0.364464,-0.115258,0.218323,-0.969069,-0.619556,-0.778316,-0.101715,-0.776313,0.588395,0.226177,-0.0,-0.0,-0.0,0.0,0.0,0.0,-1.063508,-0.152922,0.003835,0.326488,0.532888,0.115046,0.838323,-0.568101,0.782793,0.25383,-0.627676,-0.611656,0.481418,0.0,-0.0,-0.0,0.0,0.0,0.0,-0.228131,0.043151,0.021142,-0.013475,-0.483903,-0.052885,0.873522,0.469735,-0.857885,0.20828,0.738367,0.511111,0.439975,2e-06,5e-06,7e-06,1e-06,-5e-06,1.4e-05,-0.427782,0.072335,0.015973,-0.05747,-0.213852,0.284863,-0.934408,-0.555924,-0.822026,-0.123371,-0.803252,0.493078,0.334154,-3e-06,3e-06,3e-06,3e-06,-1e-05,-7e-06,-0.931918
3,0.113559,-0.017053,0.364464,-0.115258,0.218323,-0.969069,-0.619556,-0.778316,-0.101715,-0.776313,0.588395,0.226177,-0.0,-0.0,-0.0,0.0,0.0,0.0,-1.061106,-0.152921,0.003829,0.326482,0.532871,0.115053,0.838333,-0.568112,0.78279,0.253816,-0.627681,-0.611658,0.481408,4e-06,-7e-05,-6.3e-05,0.0,0.0,0.0,-0.21615,0.043151,0.021138,-0.013478,-0.483886,-0.052895,0.87353,0.469745,-0.857883,0.208264,0.738371,0.511113,0.439965,2e-06,-2.8e-05,-2.4e-05,3e-06,-1.2e-05,1.5e-05,-0.417332,0.072335,0.015974,-0.05747,-0.213852,0.284863,-0.934408,-0.555924,-0.822026,-0.123371,-0.803252,0.493078,0.334154,-3e-06,2e-06,2e-06,4e-06,-1.5e-05,-9e-06,-0.932082
4,0.113558,-0.01706,0.364458,-0.115277,0.218314,-0.969069,-0.619555,-0.77832,-0.101696,-0.776312,0.588394,0.226186,-7.1e-05,-0.00031,-0.000255,0.0,0.0,0.0,-1.060342,-0.1529,0.003812,0.326452,0.532852,0.115056,0.838345,-0.568104,0.782804,0.253791,-0.627704,-0.611641,0.481401,8.7e-05,-0.001605,-0.001437,-0.001907,0.015186,-0.024416,-0.193427,0.043162,0.021134,-0.01349,-0.483884,-0.05289,0.873531,0.469724,-0.857897,0.208255,0.738386,0.511091,0.439967,1.2e-05,-0.000209,-0.000186,8e-06,5e-06,-1e-05,-0.393818,0.072334,0.015971,-0.057472,-0.213871,0.284851,-0.934407,-0.555921,-0.822031,-0.123353,-0.803249,0.493075,0.334163,-5.8e-05,-0.000237,-0.000193,0.0,1e-06,-1.1e-05,-0.931755
5,0.113557,-0.017051,0.364439,-0.115263,0.218311,-0.969072,-0.619515,-0.778349,-0.101714,-0.776346,0.588356,0.226168,-3.1e-05,-0.000138,-0.000113,0.0,0.0,0.0,-1.060077,-0.152887,0.003767,0.32641,0.532749,0.115097,0.838405,-0.568166,0.782786,0.253706,-0.627735,-0.611655,0.481341,5.8e-05,-0.001067,-0.000955,0.0,0.0,0.0,-0.193272,0.043168,0.021108,-0.013513,-0.483767,-0.052956,0.873592,0.469791,-0.857885,0.208151,0.73842,0.511103,0.439895,3.6e-05,-0.000656,-0.000588,-1e-06,-3e-06,6e-06,-0.384021,0.072334,0.015974,-0.057482,-0.213856,0.28485,-0.934411,-0.55588,-0.822055,-0.123376,-0.803281,0.493036,0.334144,-2e-05,-7.9e-05,-6.4e-05,3e-06,-2e-06,-1e-06,-0.931918
6,0.113556,-0.017058,0.364434,-0.115282,0.218302,-0.969071,-0.619513,-0.778353,-0.101695,-0.776344,0.588354,0.226177,-7.1e-05,-0.000312,-0.000257,0.0,0.0,0.0,-1.060312,-0.152887,0.003756,0.326387,0.53283,0.115062,0.838358,-0.5681,0.782816,0.253762,-0.627726,-0.611623,0.481393,8.2e-05,-0.001515,-0.001357,-0.001907,0.015187,-0.024416,-0.194594,0.043168,0.021104,-0.013523,-0.483862,-0.052899,0.873543,0.469716,-0.857908,0.208227,0.738405,0.51107,0.439957,5e-06,-7.6e-05,-7e-05,3e-06,2e-06,-2e-06,-0.383531,0.072333,0.015971,-0.057485,-0.213875,0.284839,-0.93441,-0.555877,-0.82206,-0.123358,-0.803279,0.493034,0.334153,-4.6e-05,-0.000194,-0.000159,1e-06,0.0,-0.0,-0.932245
7,0.113554,-0.017065,0.364428,-0.115301,0.218292,-0.969071,-0.619512,-0.778357,-0.101676,-0.776343,0.588353,0.226186,-2.7e-05,-0.000117,-9.6e-05,0.0,0.0,0.0,-1.062416,-0.152887,0.003756,0.326387,0.53283,0.115062,0.838358,-0.5681,0.782816,0.253762,-0.627726,-0.611623,0.481393,0.0,-0.0,-0.0,0.0,0.0,0.0,-0.199175,0.043168,0.021101,-0.013526,-0.483845,-0.052909,0.873552,0.469726,-0.857907,0.208211,0.73841,0.511072,0.439947,-1e-06,2.5e-05,2.2e-05,-1e-06,1e-05,2e-06,-0.385,0.072332,0.015968,-0.057488,-0.213893,0.284827,-0.93441,-0.555873,-0.822065,-0.123339,-0.803277,0.493032,0.334162,-1.9e-05,-7.6e-05,-6.2e-05,-0.0,-5e-06,-5e-06,-0.932571
8,0.113565,-0.017066,0.364427,-0.115279,0.218303,-0.969071,-0.619514,-0.778352,-0.101698,-0.776344,0.588355,0.226176,-0.0,-0.0,-0.0,0.0,0.0,0.0,-1.062247,-0.152856,0.003765,0.326392,0.532907,0.115024,0.838315,-0.568051,0.78283,0.25383,-0.627705,-0.611614,0.481433,-1.9e-05,0.000357,0.00032,0.0,0.0,0.0,-0.201103,0.043184,0.021106,-0.013523,-0.483918,-0.05286,0.873514,0.469681,-0.857914,0.208282,0.738391,0.511065,0.439988,-1.1e-05,0.000242,0.000218,-1e-06,-1.7e-05,1.8e-05,-0.387776,0.072337,0.015967,-0.057489,-0.213872,0.28484,-0.934411,-0.555877,-0.822059,-0.123361,-0.80328,0.493034,0.334152,-2e-06,7e-06,6e-06,-2e-06,-1.2e-05,-2e-05,-0.932571
9,0.113554,-0.017065,0.364428,-0.115301,0.218292,-0.969071,-0.619512,-0.778357,-0.101676,-0.776343,0.588353,0.226186,-0.0,-0.0,-0.0,0.0,0.0,0.0,-1.057775,-0.152804,0.003769,0.32639,0.533005,0.114973,0.838259,-0.567988,0.782847,0.253918,-0.62768,-0.611601,0.481483,-0.0,0.0,0.0,0.0,0.0,0.0,-0.197931,0.04321,0.021109,-0.013523,-0.484012,-0.052795,0.873466,0.469622,-0.857924,0.208374,0.738367,0.511055,0.440039,2e-06,-2e-06,-1e-06,-3e-06,7e-06,1.1e-05,-0.38745,0.072332,0.015968,-0.057488,-0.213893,0.284828,-0.93441,-0.555873,-0.822065,-0.12334,-0.803277,0.493032,0.334162,-4e-06,3e-06,5e-06,2e-06,-1.3e-05,-1.6e-05,-0.931592
10,0.113547,-0.01705,0.36444,-0.115285,0.2183,-0.969071,-0.619513,-0.778354,-0.101692,-0.776344,0.588354,0.226179,0.000167,0.00073,0.000601,0.0,0.0,0.0,-1.056356,-0.152782,0.003756,0.32639,0.533014,0.114966,0.838255,-0.567998,0.782833,0.25394,-0.627663,-0.61162,0.48148,4e-06,-7e-05,-6.3e-05,0.0,0.0,0.0,-0.19697,0.043221,0.021102,-0.013524,-0.484021,-0.052788,0.873462,0.469635,-0.857911,0.208396,0.738353,0.511077,0.440038,3e-06,-3.9e-05,-3.5e-05,-2e-06,-2e-06,1.3e-05,-0.386633,0.072328,0.015974,-0.057483,-0.213877,0.284837,-0.93441,-0.555876,-0.82206,-0.123355,-0.803279,0.493034,0.334155,0.000107,0.000482,0.000399,-1e-06,5e-06,-1.3e-05,-0.932245
11,0.113536,-0.017048,0.364441,-0.115307,0.21829,-0.969071,-0.619511,-0.778358,-0.101671,-0.776342,0.588352,0.22619,0.0,0.0,0.0,0.0,0.0,0.0,-1.037363,-0.1527,0.003765,0.326375,0.533166,0.114886,0.838169,-0.567883,0.782875,0.254065,-0.627638,-0.61158,0.481562,-0.001139,0.011179,-0.008049,0.036483,-0.009459,0.018728,-0.194277,0.043262,0.021102,-0.013528,-0.484153,-0.052693,0.873394,0.469551,-0.857925,0.208528,0.738319,0.511063,0.44011,1e-06,-6e-06,-7e-06,-2e-06,3e-06,1e-05,-0.385164,0.072323,0.015976,-0.057481,-0.213899,0.284824,-0.934409,-0.555872,-0.822067,-0.123334,-0.803276,0.493031,0.334165,-2e-06,-7e-06,-6e-06,7e-06,4e-06,1.2e-05,-0.931592
12,0.113493,-0.017049,0.36444,-0.115416,0.218237,-0.96907,-0.619501,-0.778379,-0.101565,-0.776334,0.588343,0.226242,-0.0,-1e-06,-1e-06,0.0,0.0,0.0,-1.007918,-0.152606,0.003772,0.326373,0.533342,0.114794,0.838069,-0.567769,0.782906,0.254224,-0.627592,-0.611558,0.481652,0.0,-0.0,-0.0,0.0,0.0,0.0,-0.185846,0.043309,0.02111,-0.013532,-0.484334,-0.052568,0.873302,0.469418,-0.857957,0.208695,0.738286,0.511022,0.440214,1e-06,5e-06,2e-06,-1e-06,-1e-06,1.6e-05,-0.379285,0.072301,0.015976,-0.057482,-0.214002,0.284762,-0.934405,-0.555851,-0.822096,-0.123232,-0.803263,0.493019,0.334215,1e-06,3e-06,3e-06,-3e-06,7e-06,-1e-06,-0.929796
13,0.113492,-0.017057,0.364447,-0.115433,0.218234,-0.969069,-0.61952,-0.778367,-0.101547,-0.776316,0.588361,0.226255,-0.0,-0.0,-0.0,0.0,0.0,0.0,-1.00884,-0.152564,0.003761,0.326372,0.53339,0.114767,0.838042,-0.567753,0.782899,0.254281,-0.627564,-0.611573,0.481669,7e-06,-0.000135,-0.000121,0.0,0.0,0.0,-0.185084,0.04333,0.021104,-0.013533,-0.48438,-0.052535,0.873278,0.469408,-0.857949,0.208753,0.738262,0.51104,0.440233,5e-06,-7.9e-05,-7.5e-05,9e-06,1.6e-05,-1.3e-05,-0.376836,0.072301,0.015972,-0.057478,-0.214018,0.284757,-0.934402,-0.55587,-0.822086,-0.123211,-0.803246,0.493037,0.334229,-1e-06,2e-06,1e-06,-5e-06,8e-06,-1.4e-05,-0.930449
14,0.113492,-0.017057,0.364447,-0.115433,0.218234,-0.969069,-0.61952,-0.778367,-0.101547,-0.776316,0.588361,0.226255,-0.0,-0.0,-0.0,0.0,0.0,0.0,-1.009504,-0.152502,0.00377,0.326346,0.533498,0.114707,0.837982,-0.567649,0.78295,0.254355,-0.627567,-0.611518,0.481735,-0.001109,0.01059,-0.008577,0.036483,-0.009445,0.018735,-0.181016,0.043361,0.021106,-0.013541,-0.48447,-0.052468,0.873232,0.469331,-0.857972,0.208834,0.738252,0.511009,0.440286,2.1e-05,-0.000396,-0.000357,2e-06,-9e-06,1.2e-05,-0.37406,0.072301,0.015972,-0.057478,-0.214018,0.284757,-0.934403,-0.55587,-0.822086,-0.123211,-0.803246,0.493037,0.334229,-1e-06,1e-06,0.0,-1e-06,1e-06,-7e-06,-0.931592
15,0.113503,-0.01705,0.364439,-0.115394,0.218248,-0.96907,-0.619503,-0.778375,-0.101587,-0.776335,0.588345,0.226231,-0.0,-0.0,-0.0,0.0,0.0,0.0,-1.009138,-0.152441,0.003774,0.326303,0.533583,0.114655,0.837935,-0.567542,0.783014,0.254398,-0.627592,-0.611446,0.481794,1.6e-05,-0.000294,-0.000263,0.0,0.0,0.0,-0.159681,0.043391,0.021111,-0.013567,-0.484561,-0.052396,0.873186,0.469191,-0.858036,0.208884,0.738281,0.510909,0.440355,-0.000561,0.005405,-0.00419,0.036487,-0.009449,0.018745,-0.363119,0.072307,0.015975,-0.057482,-0.213981,0.284775,-0.934406,-0.555856,-0.82209,-0.123253,-0.803265,0.493021,0.334205,-0.0,2e-06,1e-06,-1e-06,-7e-06,-4e-06,-0.932082
16,0.113493,-0.017049,0.36444,-0.115416,0.218237,-0.96907,-0.619501,-0.778379,-0.101565,-0.776334,0.588343,0.226242,-0.0,-0.0,-0.0,0.0,0.0,0.0,-0.996996,-0.152394,0.004017,0.326067,0.536419,0.113769,0.836243,-0.565972,0.783431,0.256604,-0.626594,-0.611077,0.483558,-0.001052,0.009537,-0.009518,0.03648,-0.009463,0.018741,-0.078126,0.043415,0.021231,-0.01368,-0.487388,-0.051089,0.871689,0.467753,-0.858246,0.211234,0.737332,0.510689,0.442196,-0.000515,0.00462,-0.004895,0.03593,0.009165,-0.009948,-0.309887,0.072301,0.015976,-0.057482,-0.214002,0.284762,-0.934405,-0.555852,-0.822096,-0.123232,-0.803263,0.493019,0.334215,-1e-06,1e-06,2e-06,1e-06,-6e-06,2e-06,-0.931428
17,0.113482,-0.017048,0.364441,-0.115438,0.218226,-0.96907,-0.619499,-0.778384,-0.101544,-0.776332,0.588341,0.226253,-0.0,-0.0,-0.0,0.0,0.0,0.0,-0.976038,-0.152394,0.004307,0.325808,0.538671,0.110284,0.835262,-0.564163,0.783439,0.260532,-0.626297,-0.611699,0.483156,-0.002172,0.020274,-0.017952,0.050922,0.028365,0.068744,-0.030137,0.043415,0.021372,-0.013805,-0.489074,-0.047082,0.870969,0.466299,-0.857986,0.21546,0.737136,0.511509,0.441574,-0.001069,0.009924,-0.009168,0.05813,0.034362,0.033172,-0.264818,0.072296,0.015976,-0.057481,-0.214023,0.284749,-0.934404,-0.555847,-0.822101,-0.123211,-0.80326,0.493016,0.334226,-1e-06,1e-06,1e-06,-3e-06,-1e-06,-1.6e-05,-0.928816
18,0.113463,-0.017038,0.364449,-0.115464,0.218214,-0.969069,-0.619497,-0.778389,-0.101519,-0.77633,0.58834,0.226265,0.00026,0.001137,0.000937,0.0,0.0,0.0,-0.941776,-0.152436,0.005183,0.324977,0.548519,0.098887,0.830264,-0.557314,0.783387,0.275028,-0.623887,-0.613696,0.483742,-0.003189,0.029178,-0.028,0.051149,0.106541,0.111591,0.050713,0.043394,0.021809,-0.014216,-0.497545,-0.034256,0.86676,0.460588,-0.857158,0.230514,0.735055,0.513912,0.442252,-0.001596,0.01483,-0.013785,0.059262,0.093323,0.129383,-0.169947,0.072286,0.015978,-0.05748,-0.214047,0.284735,-0.934403,-0.555843,-0.822108,-0.123187,-0.803257,0.493013,0.334238,0.000152,0.000669,0.000552,0.000901,-0.012607,0.025895,-0.928163
19,0.113423,-0.017025,0.364459,-0.115533,0.218181,-0.969069,-0.619491,-0.778403,-0.101452,-0.776324,0.588334,0.226299,1.2e-05,5.2e-05,4.3e-05,0.0,0.0,0.0,-0.876151,-0.152583,0.006546,0.323669,0.55625,0.082458,0.826908,-0.552393,0.779995,0.293946,-0.621421,-0.620384,0.478354,-0.00422,0.038351,-0.037761,-0.048668,0.208977,0.433516,0.098884,0.043319,0.022502,-0.01488,-0.503229,-0.017105,0.863983,0.457484,-0.853478,0.249565,0.733122,0.520848,0.437321,-0.002084,0.019054,-0.018985,-0.055429,0.22832,0.43843,-0.09173,0.072266,0.015988,-0.057472,-0.214113,0.284695,-0.934399,-0.55583,-0.822127,-0.123122,-0.803248,0.493006,0.33427,3e-06,1.7e-05,1.5e-05,-3e-06,-3e-06,-1.5e-05,-0.896321
20,0.113417,-0.017004,0.364476,-0.115498,0.218199,-0.969069,-0.619494,-0.778395,-0.101487,-0.776327,0.588336,0.226282,0.000311,0.00136,0.00112,0.0,0.0,0.0,-0.835467,-0.152693,0.00736,0.322859,0.559131,0.07323,0.825833,-0.551448,0.776553,0.304638,-0.619673,-0.625824,0.473511,-0.005282,0.04812,-0.046986,-0.041165,0.421324,0.377322,0.120603,0.043266,0.022892,-0.015267,-0.505031,-0.008129,0.863062,0.457928,-0.850132,0.259954,0.731604,0.526505,0.433066,-0.002039,0.018269,-0.019677,-0.149983,0.488581,0.626719,-0.059726,0.072263,0.015996,-0.057466,-0.214079,0.284716,-0.934401,-0.555837,-0.822117,-0.123156,-0.803252,0.49301,0.334254,0.000181,0.000794,0.000654,0.000907,-0.012603,0.025891,-0.871174
21,0.113386,-0.016943,0.364513,-0.118289,0.216854,-0.969034,-0.619722,-0.77858,-0.098639,-0.775721,0.588591,0.227693,0.000298,0.001301,0.001071,-1e-06,2e-06,-4e-06,-0.708623,-0.152978,0.009186,0.320937,0.560585,0.059904,0.825923,-0.562448,0.759461,0.32681,-0.608359,-0.647811,0.458369,-0.005103,0.045022,-0.049671,-4.672418,-1.350421,-1.885556,0.15962,0.043125,0.02379,-0.016207,-0.504445,0.007661,0.863409,0.468106,-0.837829,0.280923,0.725542,0.545878,0.419053,-0.009982,0.027595,-0.028577,-0.147583,0.629358,0.754262,-0.004043,0.072248,0.016027,-0.057447,-0.21677,0.283095,-0.934273,-0.555814,-0.822557,-0.120284,-0.802545,0.493209,0.335654,0.000185,0.000819,0.000674,0.001811,-0.002244,0.004314,-0.798183
22,0.113335,-0.016808,0.36457,-0.128053,0.212165,-0.968832,-0.620697,-0.779009,-0.088611,-0.773377,0.589736,0.23265,0.00055,0.002402,0.001975,-0.000149,0.000262,-0.000523,-0.533075,-0.153448,0.011068,0.318831,0.562673,0.037707,0.825814,-0.563995,0.747762,0.350277,-0.604988,-0.662887,0.440947,-0.019874,0.053546,-0.05852,-0.100826,0.49116,0.665627,0.179045,0.042894,0.024742,-0.017277,-0.503439,0.027381,0.863595,0.477652,-0.824062,0.304579,0.719997,0.565836,0.401787,-0.009879,0.026158,-0.029811,-0.237901,0.828705,0.622927,0.034656,0.072222,0.016094,-0.057419,-0.226095,0.277479,-0.933748,-0.555914,-0.823898,-0.110228,-0.7999,0.494162,0.340534,0.000343,0.001502,0.001235,0.009978,-0.091488,0.187255,-0.686166
23,0.113321,-0.016706,0.3646,-0.132764,0.209894,-0.968692,-0.621122,-0.779206,-0.083764,-0.772235,0.590291,0.235026,0.000861,0.003762,0.003092,0.000888,-0.012594,0.025848,-0.444083,-0.153743,0.012021,0.317722,0.563023,0.027246,0.825987,-0.567158,0.739578,0.362339,-0.601693,-0.672496,0.430786,-0.018666,0.041395,-0.051425,-0.559764,0.344867,0.418838,0.199522,0.042746,0.025222,-0.017835,-0.502292,0.038199,0.863853,0.482281,-0.816825,0.316544,0.717709,0.575618,0.391862,-0.003013,0.027051,-0.029667,-1.605125,0.076592,0.11996,0.052782,0.072214,0.016143,-0.057405,-0.230569,0.274769,-0.933455,-0.555911,-0.824533,-0.105394,-0.798624,0.494617,0.342859,0.000337,0.001482,0.001217,0.003598,-0.004576,0.008814,-0.619054
24,0.113317,-0.016468,0.364649,-0.141649,0.205602,-0.968354,-0.621904,-0.779515,-0.074591,-0.770014,0.591398,0.239488,0.000827,0.003612,0.002964,-0.061335,0.107969,-0.215398,-0.301191,-0.154433,0.014161,0.315471,0.562442,0.010324,0.826767,-0.578454,0.71927,0.384675,-0.59138,-0.694608,0.409454,-0.006287,0.058205,-0.055427,-0.190315,0.704329,0.628068,0.271858,0.042404,0.026256,-0.018946,-0.499842,0.052958,0.864496,0.498316,-0.798796,0.337054,0.708405,0.599266,0.372882,-0.00994,0.028189,-0.027849,-0.046255,0.370874,0.591492,0.124466,0.072213,0.016263,-0.05738,-0.23821,0.270122,-0.932892,-0.555903,-0.825556,-0.097095,-0.796384,0.495469,0.346817,0.000662,0.006905,-0.003169,-0.642854,1.183607,-2.372533,-0.495116
25,0.113273,-0.016282,0.364695,-0.146378,0.203304,-0.968135,-0.622177,-0.779747,-0.069728,-0.768902,0.591889,0.241834,-0.013208,0.00515,0.004045,-0.001741,0.005,-0.00948,-0.195874,-0.15523,0.016323,0.313489,0.561303,0.002177,0.827602,-0.591712,0.700086,0.399613,-0.579204,-0.713999,0.393181,-0.018904,0.048207,-0.04493,0.018664,0.267486,0.249569,0.334159,0.042003,0.027363,-0.019961,-0.496716,0.064011,0.865549,0.514966,-0.781024,0.353285,0.698629,0.621211,0.354984,-0.009995,0.030021,-0.026081,0.072035,0.241649,0.25695,0.214929,0.072196,0.016357,-0.057356,-0.24343,0.266933,-0.932463,-0.555752,-0.826301,-0.091457,-0.794909,0.495955,0.349495,0.000237,0.001038,0.000851,-0.003181,0.006617,-0.013449,-0.404816
26,0.113199,-0.016166,0.364763,-0.148956,0.201457,-0.968128,-0.612836,-0.787125,-0.069556,-0.775873,0.582689,0.241912,0.000536,0.002336,0.001913,0.013001,0.000934,-0.003249,-0.1272,-0.156138,0.01836,0.311793,0.559892,-0.012351,0.828469,-0.597317,0.686808,0.414054,-0.574793,-0.726657,0.376092,-0.032658,0.051432,-0.040453,-0.081887,0.445911,0.38162,0.390599,0.041542,0.028398,-0.020828,-0.493569,0.077087,0.866282,0.523181,-0.769365,0.366548,0.694744,0.63414,0.339404,-0.016308,0.025859,-0.020083,-0.110962,0.489559,0.413996,0.294942,0.072154,0.016417,-0.057321,-0.245762,0.264892,-0.932433,-0.5458,-0.832769,-0.092721,-0.801063,0.486135,0.349241,0.000302,0.001319,0.001082,0.043811,-0.008901,0.014183,-0.336071
27,0.113164,-0.016125,0.364782,-0.148986,0.19794,-0.968849,-0.608046,-0.790954,-0.068147,-0.779626,0.578702,0.239404,-0.013638,0.003249,0.002485,0.010917,-0.004987,-0.042789,-0.108086,-0.156613,0.019312,0.311092,0.559877,-0.01391,0.828454,-0.602571,0.67932,0.418768,-0.56929,-0.733632,0.370886,-0.032725,0.054223,-0.037821,0.026694,0.248899,0.23579,0.41864,0.041317,0.028851,-0.021166,-0.493208,0.079097,0.866307,0.529833,-0.76252,0.371267,0.689943,0.642111,0.334173,-0.008975,0.02184,-0.01539,-0.028447,0.285865,0.277836,0.331845,0.072137,0.016439,-0.057309,-0.245389,0.261186,-0.933576,-0.540561,-0.836272,-0.091879,-0.804722,0.482109,0.346398,-0.006828,0.001585,0.001211,0.012303,0.02656,-0.029267,-0.311904
28,0.113085,-0.016101,0.364814,-0.149387,0.19774,-0.968828,-0.608017,-0.79101,-0.06775,-0.779571,0.578694,0.239602,8e-06,3.6e-05,3e-05,-0.0,-4e-06,-2e-06,-0.082509,-0.157628,0.021048,0.310038,0.560167,-0.004843,0.82836,-0.621948,0.657917,0.424569,-0.547729,-0.753009,0.364463,-0.016987,0.036191,-0.019535,0.026523,0.132746,-0.112586,0.465129,0.040804,0.029727,-0.0217,-0.494834,0.070638,0.866111,0.552185,-0.744038,0.376161,0.670991,0.664391,0.329171,-0.015836,0.023903,-0.012769,0.024429,-0.072984,-0.038941,0.402713,0.072098,0.016452,-0.057293,-0.245936,0.261202,-0.933428,-0.540523,-0.836325,-0.091615,-0.80458,0.482008,0.346868,-1e-05,-4.4e-05,-3.5e-05,-0.000367,0.000914,0.000564,-0.284308
29,0.112957,-0.016089,0.36481,-0.151237,0.196494,-0.968794,-0.603216,-0.794734,-0.067078,-0.782934,0.574,0.239928,-1.4e-05,-6.3e-05,-5.1e-05,-0.0,-0.0,-0.0,-0.058842,-0.158757,0.022491,0.309367,0.562516,0.009744,0.826723,-0.640884,0.636722,0.428703,-0.5229,-0.770986,0.363345,-0.029431,0.025534,-0.009923,0.042547,0.029764,-0.007078,0.494515,0.040255,0.030442,-0.022029,-0.499347,0.056146,0.86458,0.574205,-0.725823,0.378772,0.648799,0.685586,0.330199,-0.014712,0.012952,-0.004781,-0.055348,-0.043357,-0.075233,0.452844,0.072033,0.016456,-0.057297,-0.247669,0.259794,-0.933363,-0.535377,-0.839626,-0.09164,-0.807484,0.477004,0.347036,-1.3e-05,-5.5e-05,-4.2e-05,-0.000477,1.7e-05,9.3e-05,-0.26455
30,0.112883,-0.016069,0.364798,-0.15135,0.192895,-0.9695,-0.598343,-0.798538,-0.065527,-0.786641,0.569933,0.237484,0.000454,0.010099,-0.009382,0.034657,-0.025934,0.012047,-0.048086,-0.159324,0.023044,0.309169,0.562219,0.019861,0.826744,-0.651404,0.626388,0.428071,-0.510045,-0.779226,0.364039,-0.029416,0.026493,-0.009048,0.05764,0.002881,-0.027703,0.504374,0.03996,0.030733,-0.022134,-0.500498,0.045784,0.864525,0.585964,-0.717185,0.377212,0.637296,0.695376,0.332122,-0.014721,0.01381,-0.003994,0.039137,-0.033645,-0.021843,0.470806,0.071996,0.016462,-0.057299,-0.247393,0.256026,-0.934476,-0.530074,-0.843091,-0.090657,-0.811059,0.472914,0.344288,-0.00699,0.000878,0.000631,-0.000272,0.030384,-0.022707,-0.255569
31,0.112746,-0.016049,0.3648,-0.156444,0.189585,-0.969344,-0.588954,-0.805722,-0.062586,-0.7927,0.560868,0.238914,-2e-06,-7e-06,-6e-06,-0.0,-2e-06,-1e-06,-0.007738,-0.160634,0.023885,0.308969,0.56791,0.030305,0.822527,-0.658378,0.616315,0.432005,-0.494535,-0.786898,0.368902,-0.02829,0.015936,-0.000764,-0.002467,-0.018307,-0.032564,0.519442,0.039305,0.031158,-0.022236,-0.507961,0.036237,0.860616,0.594465,-0.708296,0.380693,0.623367,0.704984,0.338245,-0.020888,0.007295,-0.000329,-0.090527,-0.045271,-0.105213,0.496769,0.071928,0.016475,-0.057302,-0.252303,0.252467,-0.934131,-0.519864,-0.849578,-0.089203,-0.816139,0.463115,0.345599,-0.006962,0.001009,0.000739,-0.00128,0.014862,-0.027994,-0.230422
32,0.112622,-0.015992,0.364779,-0.158907,0.184645,-0.969897,-0.584114,-0.809545,-0.058472,-0.795781,0.557006,0.237704,-0.0,-0.0,-0.0,-0.018333,-0.326604,-0.158807,0.019922,-0.16214,0.024464,0.308955,0.571886,0.05126,0.818725,-0.676647,0.593563,0.435621,-0.464332,-0.803163,0.373078,-0.041706,0.015493,7.2e-05,-4.492387,-2.390166,-2.108811,0.521295,0.038558,0.031448,-0.022243,-0.514885,0.019452,0.857038,0.611958,-0.691773,0.383348,0.600332,0.721852,0.34428,-0.020329,0.001667,0.003472,-0.003453,0.033397,-0.067911,0.510485,0.071866,0.016504,-0.057313,-0.25512,0.248553,-0.934416,-0.5145,-0.85312,-0.086457,-0.818658,0.458701,0.345528,3e-06,6e-06,6e-06,-0.036391,-0.55999,-0.269757,-0.200703
33,0.112574,-0.015867,0.364656,-0.167288,0.179635,-0.969428,-0.579412,-0.813433,-0.050798,-0.79749,0.552973,0.241367,0.000383,0.009776,-0.009645,0.02992,-0.005522,-0.002195,0.048532,-0.163953,0.024886,0.309053,0.573064,0.065,0.816924,-0.686196,0.58287,0.435123,-0.448576,-0.80999,0.37757,-0.055062,0.014306,0.000175,0.048992,0.105103,-0.307205,0.521288,0.037656,0.031662,-0.022193,-0.518434,0.002502,0.855113,0.626777,-0.679143,0.381986,0.581701,0.734001,0.350523,-0.027045,0.001823,0.004215,0.025886,-0.014741,-0.141954,0.515221,0.071842,0.016567,-0.057374,-0.26226,0.241519,-0.934284,-0.508749,-0.857299,-0.078808,-0.819995,0.454648,0.347709,0.000188,0.004866,-0.00484,0.032186,-0.005704,0.006148,-0.161677
34,0.112562,-0.015751,0.364486,-0.170629,0.174438,-0.969795,-0.57918,-0.813964,-0.04456,-0.796946,0.553862,0.241124,-7.9e-05,0.007777,-0.011281,-0.614451,1.179994,-2.387166,0.066928,-0.164935,0.025063,0.309145,0.571455,0.068041,0.817802,-0.687434,0.583786,0.431928,-0.44873,-0.809084,0.379326,-0.054031,0.003401,0.008099,0.099543,-0.147327,-0.241879,0.521002,0.037165,0.031754,-0.02215,-0.517,5.4e-05,0.855985,0.627649,-0.679937,0.379131,0.582037,0.73327,0.351493,-0.020283,0.001983,0.00371,0.16696,-0.244279,-0.311895,0.516037,0.071837,0.016625,-0.057452,-0.262626,0.23751,-0.935208,-0.508075,-0.858021,-0.075229,-0.820296,0.455399,0.346011,-0.000104,0.003594,-0.005881,0.037145,0.011343,0.002606,-0.141429
35,0.112441,-0.015431,0.36382,-0.171975,0.166804,-0.970899,-0.577832,-0.815264,-0.037769,-0.797633,0.55431,0.237799,-0.000835,0.012628,-0.024964,0.067311,-0.05935,-0.011783,0.076152,-0.166893,0.025291,0.309494,0.566959,0.08498,0.819346,-0.692133,0.588317,0.418054,-0.4472,-0.804208,0.391311,-0.053955,0.004433,0.008919,0.256902,-0.423769,-0.491979,0.51944,0.036186,0.031869,-0.021975,-0.514796,-0.016795,0.857147,0.630541,-0.684826,0.365279,0.580862,0.728512,0.363136,-0.027002,0.002936,0.005145,0.399997,-0.657722,-0.634648,0.514894,0.071778,0.016784,-0.057766,-0.265679,0.228112,-0.936685,-0.506026,-0.859996,-0.065908,-0.82058,0.456477,0.343914,-0.007633,0.002121,-0.007182,0.042877,-0.090714,0.13953,-0.112036
36,0.112233,-0.014996,0.362678,-0.164196,0.154062,-0.974346,-0.575029,-0.817474,-0.032408,-0.801298,0.554761,0.224029,-0.001619,0.017372,-0.03876,0.086312,-0.348484,-0.161909,0.083099,-0.169087,0.025327,0.309914,0.556521,0.123383,0.821615,-0.702306,0.59806,0.386036,-0.444423,-0.792005,0.418425,-0.053862,0.003307,0.007778,0.595763,-1.065935,-0.953394,0.519565,0.035109,0.031888,-0.021766,-0.509389,-0.053723,0.858857,0.636771,-0.694859,0.334204,0.57883,0.717136,0.388163,-0.026956,0.001822,0.00408,0.603825,-1.033559,-0.940453,0.514567,0.071679,0.016998,-0.058327,-0.257667,0.217451,-0.941446,-0.502769,-0.862226,-0.061549,-0.825124,0.457471,0.331495,-0.001104,0.003285,-0.014983,0.034518,-0.558639,-0.288432,-0.101259
37,0.112128,-0.014662,0.361943,-0.159895,0.141885,-0.976907,-0.56334,-0.825741,-0.02778,-0.810423,0.545708,0.213178,-0.001787,0.016657,-0.039364,0.075066,-0.635241,-0.305856,0.083774,-0.170165,0.025323,0.310062,0.549794,0.147745,0.822125,-0.708256,0.604086,0.365223,-0.443343,-0.783245,0.435702,-0.053819,0.001076,0.00571,0.543975,-1.049727,-0.726118,0.518708,0.034569,0.031895,-0.021691,-0.506102,-0.080336,0.858723,0.640453,-0.701854,0.311801,0.57765,0.707775,0.406661,-0.02694,0.000317,0.002695,0.769939,-1.360379,-1.227498,0.514241,0.071626,0.017163,-0.058696,-0.253227,0.207026,-0.944994,-0.490156,-0.869623,-0.059169,-0.834039,0.448212,0.321688,-0.000765,0.008793,-0.019291,0.143597,-0.180075,-0.060459,-0.097503
38,0.11193,-0.013731,0.360214,-0.146022,0.117818,-0.982264,-0.548937,-0.835638,-0.018681,-0.822844,0.536323,0.187919,-0.001395,0.026452,-0.048987,0.100945,-0.78903,-0.361098,0.082453,-0.172109,0.024827,0.310485,0.540979,0.209631,0.814486,-0.719243,0.617128,0.319025,-0.436422,-0.758651,0.483577,-0.05297,-0.014037,0.009821,0.7096,-1.406939,-1.022481,0.504912,0.033597,0.031659,-0.021482,-0.506687,-0.142144,0.85033,0.646132,-0.715598,0.26539,0.570771,0.683896,0.454428,-0.019347,-0.012794,0.008066,0.693754,-1.432881,-1.022016,0.506403,0.071521,0.017619,-0.059555,-0.237975,0.184925,-0.953503,-0.474266,-0.878839,-0.052077,-0.847607,0.439822,0.296845,-0.007541,0.014604,-0.023446,0.090915,-1.164435,-0.332332,-0.093585
39,0.111741,-0.012543,0.358219,-0.129202,0.0909,-0.987466,-0.523733,-0.851808,-0.00994,-0.841882,0.515767,0.158892,-0.014848,0.038546,-0.056876,0.154904,-0.526164,-0.245469,0.086397,-0.173842,0.023787,0.311108,0.535973,0.281098,0.796058,-0.729724,0.628294,0.269598,-0.425027,-0.725744,0.540843,-0.037949,-0.037727,0.022946,0.724252,-1.546228,-1.134946,0.489655,0.032705,0.031135,-0.021172,-0.513136,-0.214569,0.831053,0.651592,-0.72762,0.214462,0.558675,0.651557,0.51318,-0.026168,-0.013444,0.008034,0.934363,-1.960093,-1.215132,0.487461,0.07143,0.018217,-0.060569,-0.217695,0.157868,-0.963164,-0.446828,-0.893464,-0.045451,-0.867728,0.420475,0.265042,-0.000697,0.013078,-0.024613,0.129077,-0.582433,-0.234238,-0.091952
40,0.111533,-0.011065,0.355853,-0.11664,0.051433,-0.991864,-0.506951,-0.86183,0.014872,-0.853916,0.504494,0.127833,-0.015199,0.037005,-0.058155,-0.149113,0.50639,-2.808754,0.095098,-0.17542,0.022872,0.311762,0.533257,0.350199,0.770058,-0.738264,0.636981,0.22171,-0.413518,-0.687167,0.597216,-0.038863,-0.023499,0.01791,0.67118,-1.386272,-0.945022,0.476065,0.031916,0.030667,-0.020847,-0.521894,-0.284017,0.804338,0.655708,-0.73669,0.165326,0.545593,0.613694,0.570707,-0.019867,-0.006555,0.004733,0.799814,-1.665755,-0.922871,0.469009,0.071327,0.018957,-0.061751,-0.200485,0.12277,-0.971973,-0.427546,-0.90362,-0.025949,-0.881481,0.410361,0.233652,-0.000335,0.022657,-0.034361,0.165787,-1.009968,-0.430822,-0.080685
41,0.111411,-0.010205,0.354532,-0.110094,0.029832,-0.993496,-0.497904,-0.866727,0.029096,-0.860093,0.497828,0.111512,-0.000699,0.04555,-0.06852,0.175683,-0.858314,-0.37073,0.100161,-0.176232,0.022411,0.312074,0.533077,0.379951,0.755949,-0.741365,0.640187,0.201178,-0.408159,-0.668149,0.62197,-0.038933,-0.024792,0.016736,0.624215,-1.367667,-0.715629,0.473358,0.031525,0.030445,-0.020691,-0.526479,-0.312078,0.790838,0.65702,-0.739699,0.145495,0.539577,0.596197,0.594478,-0.019481,-0.012423,0.00837,0.616568,-1.352693,-0.702588,0.461825,0.07126,0.019365,-0.062383,-0.195321,0.101013,-0.975523,-0.416912,-0.908884,-0.010638,-0.887712,0.404629,0.219638,-0.007568,0.018424,-0.029134,0.124007,-0.924719,-0.763702,-0.074153
42,0.111236,-0.008419,0.351946,-0.10012,-0.015782,-0.994873,-0.479334,-0.875419,0.062072,-0.871793,0.483106,0.081321,-0.000538,0.046185,-0.067927,0.161542,-0.618846,-0.750421,0.117381,-0.177718,0.021391,0.312785,0.535719,0.420602,0.732182,-0.74444,0.644382,0.17468,-0.398987,-0.639169,0.65737,-0.03904,-0.024579,0.016915,0.329774,-0.919997,-0.124136,0.471663,0.030768,0.02993,-0.020332,-0.536479,-0.354417,0.765883,0.658018,-0.743907,0.116674,0.528395,0.566559,0.632304,-0.019531,-0.012308,0.008466,0.365378,-0.893223,-0.353835,0.455293,0.071172,0.020274,-0.063703,-0.180262,0.055796,-0.982034,-0.39483,-0.918529,0.020287,-0.900896,0.391393,0.187606,-0.00022,0.02307,-0.033974,0.120882,-0.562218,-1.2423,-0.055864
43,0.111144,-0.006546,0.349304,-0.08566,-0.065357,-0.994201,-0.465448,-0.879631,0.097875,-0.880827,0.47121,0.046167,-0.014217,0.048991,-0.065729,0.154145,-1.02058,-0.739495,0.152143,-0.179036,0.020376,0.313486,0.541712,0.452155,0.708586,-0.744851,0.648781,0.155606,-0.39002,-0.61265,0.687319,-0.03988,-0.012578,0.009826,0.488225,-1.021137,-0.420046,0.472292,0.030094,0.029412,-0.019976,-0.548639,-0.38269,0.743331,0.656276,-0.747955,0.099315,0.517972,0.542319,0.661508,-0.019955,-0.006292,0.004934,0.433757,-0.942536,-0.366111,0.454476,0.071126,0.021227,-0.06505,-0.162078,0.008044,-0.986744,-0.377579,-0.924372,0.054484,-0.911681,0.381404,0.152858,-0.007059,0.024486,-0.032867,0.142752,-1.112526,-0.776363,-0.024023
44,0.111075,-0.004676,0.346784,-0.064493,-0.113295,-0.991489,-0.457937,-0.87938,0.130219,-0.886575,0.462575,0.006067,0.000276,0.049508,-0.064934,0.140469,-0.997526,-0.919618,0.189038,-0.180163,0.01965,0.314164,0.5467,0.468155,0.69422,-0.742936,0.653524,0.144518,-0.386699,-0.595355,0.704187,-0.012004,-0.019871,0.018975,0.075601,-0.361315,0.10718,0.494536,0.029535,0.029053,-0.019648,-0.556561,-0.399706,0.728336,0.653267,-0.75218,0.086405,0.513304,0.523888,0.679749,-0.019555,-0.009827,0.01068,0.061465,-0.366485,0.245318,0.466723,0.071091,0.022141,-0.066288,-0.13705,-0.036778,-0.989881,-0.367697,-0.926023,0.085314,-0.919791,0.375669,0.113388,0.000268,0.025089,-0.032173,0.144523,-1.212965,-0.810733,0.029047
45,0.111063,-0.003762,0.345608,-0.051705,-0.13746,-0.98918,-0.454855,-0.878533,0.145806,-0.889012,0.457639,-0.015867,0.000647,0.05103,-0.063575,0.133961,-1.220432,-0.82201,0.200289,-0.18065,0.019286,0.314588,0.550462,0.476211,0.685715,-0.741991,0.655446,0.140615,-0.383158,-0.586795,0.713249,-0.024807,-0.029946,0.02888,0.114917,-0.499261,-0.002428,0.510666,0.029296,0.028874,-0.01944,-0.562039,-0.406043,0.720583,0.651666,-0.753898,0.08347,0.509354,0.516493,0.688325,-0.012779,-0.009256,0.010655,0.196411,-0.567489,-0.058794,0.484359,0.071084,0.022597,-0.066877,-0.122573,-0.059349,-0.990683,-0.363422,-0.926193,0.10045,-0.923525,0.372348,0.091958,0.000144,0.020529,-0.027117,0.086971,-1.429613,-0.931625,0.049295
46,0.111077,-0.001947,0.343436,-0.024668,-0.182696,-0.982883,-0.439284,-0.88117,0.174761,-0.897991,0.436299,-0.057295,0.000939,0.04415,-0.051486,0.098653,-1.127908,-0.773971,0.21975,-0.181517,0.01832,0.315459,0.555319,0.490389,0.671663,-0.741555,0.657478,0.133244,-0.37694,-0.572682,0.727884,-0.02568,-0.021871,0.018269,0.25951,-0.564956,-0.306899,0.520205,0.028863,0.028396,-0.018993,-0.569924,-0.417878,0.707505,0.650223,-0.755792,0.077383,0.50239,0.504138,0.702459,-0.005719,-0.016584,0.012497,0.245223,-0.716912,-0.127647,0.510975,0.071091,0.023505,-0.067969,-0.091071,-0.102513,-0.990553,-0.345258,-0.929742,0.127962,-0.934078,0.35365,0.049279,0.000854,0.027503,-0.030008,0.126837,-1.299173,-0.847175,0.084402
47,0.111123,-0.001059,0.342443,-0.011003,-0.203278,-0.979082,-0.431959,-0.882078,0.187938,-0.901824,0.42524,-0.076883,0.00062,0.03476,-0.041639,0.07285,-0.935546,-0.694904,0.223747,-0.181832,0.017694,0.315959,0.554454,0.498586,0.666321,-0.742657,0.657652,0.126047,-0.376038,-0.565361,0.734047,-0.01136,-0.031025,0.026905,0.159331,-0.475607,-0.189225,0.520321,0.0287,0.02808,-0.018752,-0.570586,-0.427008,0.701494,0.650833,-0.756064,0.069154,0.500846,0.496015,0.709311,-0.012502,-0.016011,0.013548,0.245606,-0.675578,-0.158671,0.515057,0.071114,0.023966,-0.068484,-0.074216,-0.123527,-0.989561,-0.33671,-0.930921,0.141459,-0.938679,0.343693,0.027497,0.000387,0.017533,-0.020683,0.069306,-0.950656,-0.705005,0.0942
48,0.111181,0.000587,0.340615,0.015431,-0.241091,-0.970403,-0.418204,-0.883085,0.212693,-0.908253,0.40284,-0.113243,0.000565,0.0345,-0.041798,0.127476,-0.709279,-0.594174,0.242596,-0.182393,0.0163,0.317419,0.542718,0.51899,0.660377,-0.747949,0.656266,0.099102,-0.382611,-0.548365,0.743484,-0.010469,-0.035579,0.040766,0.167808,-0.518978,-0.251247,0.530679,0.02842,0.027378,-0.018032,-0.5622,-0.448797,0.69463,0.654316,-0.755068,0.041726,0.505767,0.477966,0.718155,-0.012048,-0.017505,0.021171,0.251205,-0.644895,-0.34476,0.521099,0.071144,0.024781,-0.069379,-0.043938,-0.159127,-0.986279,-0.321039,-0.932621,0.164772,-0.946045,0.323874,-0.010109,0.000515,0.018074,-0.020177,0.221591,-0.997096,-0.473658,0.115101
49,0.111207,0.001897,0.338956,0.042522,-0.275138,-0.960488,-0.400539,-0.885393,0.235839,-0.915357,0.375021,-0.146655,-9.6e-05,0.031738,-0.044165,0.081234,-0.861144,-0.46894,0.288382,-0.182985,0.014586,0.319138,0.531544,0.535203,0.656513,-0.751341,0.655706,0.073951,-0.391548,-0.533247,0.749801,-0.023557,-0.050062,0.046876,0.072317,-0.119865,-0.582852,0.533578,0.028129,0.026537,-0.017166,-0.55407,-0.466534,0.689457,0.655826,-0.754734,0.016338,0.512735,0.461217,0.724141,-0.005,-0.025032,0.022927,0.222582,-0.176888,-0.53124,0.522569,0.071159,0.025442,-0.070203,-0.013981,-0.190597,-0.981568,-0.301263,-0.935244,0.185894,-0.953437,0.29831,-0.044344,6.9e-05,0.016201,-0.021785,0.050473,-1.026681,-0.767418,0.164415
50,0.111196,0.002753,0.337264,0.072565,-0.304584,-0.949741,-0.3734,-0.891273,0.257248,-0.924929,0.33634,-0.177223,0.011227,0.011535,-0.043608,0.040003,-0.915967,-0.528171,0.299828,-0.18349,0.012589,0.321073,0.527214,0.554619,0.643766,-0.755474,0.65268,0.056577,-0.389437,-0.516874,0.762262,-0.009171,-0.057556,0.057191,0.158137,-0.523897,-0.533659,0.532842,0.027867,0.025514,-0.016186,-0.553201,-0.485799,0.676733,0.659258,-0.751915,-0.000853,0.509261,0.44567,0.736227,-0.004618,-0.028605,0.02876,0.199777,-0.585311,-0.573383,0.522732,0.07115,0.025884,-0.071043,0.018736,-0.217302,-0.975924,-0.271901,-0.940415,0.204175,-0.962142,0.261529,-0.076705,-0.000811,0.01256,-0.02498,0.075514,-1.010778,-0.564632,0.204094
51,0.111171,0.003042,0.336328,0.088327,-0.319749,-0.943401,-0.362885,-0.892325,0.268406,-0.927759,0.319032,-0.193673,-0.003188,0.010924,-0.044518,0.030608,-1.006007,-0.590023,0.296575,-0.183618,0.011501,0.322229,0.521846,0.56753,0.636851,-0.759716,0.64867,0.044642,-0.388405,-0.507836,0.768835,-0.009107,-0.055353,0.059224,0.237423,-0.665245,-0.596384,0.532929,0.027811,0.025006,-0.015651,-0.550208,-0.497677,0.670512,0.66284,-0.748668,-0.011775,0.507851,0.437964,0.741804,0.002246,-0.027458,0.029294,0.094447,-0.428216,-0.404609,0.522732,0.071144,0.02602,-0.071491,0.035248,-0.230457,-0.972443,-0.260438,-0.941544,0.213694,-0.964846,0.245729,-0.093207,-0.00168,0.004958,-0.02269,0.038187,-0.692109,-0.670353,0.20785
52,0.110985,0.003373,0.334532,0.111354,-0.342546,-0.932903,-0.358377,-0.889399,0.283738,-0.927062,0.303156,-0.220636,-0.003994,0.00767,-0.047564,0.103538,-0.562092,-0.343319,0.289807,-0.183739,0.009472,0.324424,0.511044,0.59159,0.623576,-0.764068,0.644921,0.014526,-0.394185,-0.484623,0.780783,-0.009117,-0.054808,0.059856,0.38009,-0.863557,-0.689118,0.533054,0.027743,0.023958,-0.014509,-0.543691,-0.52362,0.655912,0.665847,-0.744864,-0.042706,0.510928,0.413518,0.753627,-0.004604,-0.02738,0.029951,0.332734,-0.808418,-0.64475,0.522569,0.07105,0.026191,-0.072412,0.063077,-0.253883,-0.965175,-0.255157,-0.939062,0.230338,-0.964839,0.231743,-0.124013,-0.008907,0.00466,-0.023205,0.1914,-0.678446,-0.411414,0.201318
53,0.110609,0.003637,0.332746,0.1272,-0.359069,-0.924626,-0.358612,-0.885769,0.294588,-0.924948,0.294553,-0.240285,-0.017811,0.009805,-0.046185,0.053901,-0.61066,-0.431911,0.297034,-0.18379,0.00705,0.326837,0.495191,0.613695,0.614944,-0.769059,0.638871,-0.018093,-0.404574,-0.464742,0.787527,0.005096,-0.069762,0.063751,0.166849,-0.502687,-0.553446,0.53305,0.027717,0.022781,-0.013319,-0.531825,-0.548265,0.645419,0.66926,-0.739092,-0.076368,0.518895,0.39134,0.76,-0.004707,-0.029458,0.02822,0.411743,-0.454202,-0.93825,0.522732,0.070859,0.026321,-0.073327,0.079828,-0.268393,-0.959995,-0.2545,-0.936638,0.2407,-0.963771,0.225105,-0.143077,-0.008891,0.004835,-0.023144,0.069377,-0.492285,-0.35839,0.202625
54,0.110372,0.003732,0.331897,0.132438,-0.363267,-0.922248,-0.35264,-0.886819,0.298613,-0.926515,0.28612,-0.244402,-0.004441,-0.002016,-0.038356,0.041746,-0.326031,-0.24741,0.297174,-0.183813,0.005755,0.327987,0.488345,0.623493,0.610546,-0.769825,0.637251,-0.034831,-0.41138,-0.453791,0.790382,0.004331,-0.060677,0.05398,0.101521,-0.353923,-0.615491,0.532863,0.027705,0.022131,-0.012739,-0.526842,-0.559218,0.640086,0.669047,-0.737316,-0.093486,0.524226,0.378996,0.762593,-0.004771,-0.030883,0.027031,0.201363,-0.524512,-0.568301,0.522732,0.070748,0.026362,-0.073723,0.085716,-0.272292,-0.958388,-0.248259,-0.937425,0.244132,-0.964893,0.217003,-0.147952,-0.002129,-0.000761,-0.018938,0.010891,-0.595583,-0.382863,0.20638
55,0.109924,0.00378,0.330547,0.133245,-0.366745,-0.920755,-0.350868,-0.886309,0.302192,-0.927073,0.283249,-0.245629,-0.017345,0.003961,-0.033452,0.067809,0.009643,-0.046795,0.294321,-0.183781,0.00336,0.330095,0.46971,0.649132,0.598325,-0.778948,0.623666,-0.064927,-0.415868,-0.436386,0.7978,0.004345,-0.060419,0.054399,0.146393,-0.488761,-0.678038,0.531126,0.027721,0.020929,-0.01169,-0.512828,-0.586366,0.627042,0.677858,-0.724768,-0.123364,0.526796,0.361781,0.769155,0.002119,-0.030399,0.02703,0.268333,-0.701536,-0.844134,0.522732,0.070521,0.026384,-0.074421,0.087711,-0.276599,-0.956974,-0.246316,-0.936866,0.248212,-0.965212,0.213947,-0.150304,-0.001756,0.000833,-0.017569,0.068436,0.024803,-0.033014,0.20638
56,0.109611,0.003613,0.329562,0.132068,-0.368029,-0.920411,-0.349676,-0.88613,0.30409,-0.92769,0.282138,-0.244574,-0.003142,-0.004605,-0.022643,0.034046,0.01294,-0.032933,0.283313,-0.183639,0.001333,0.332066,0.464541,0.667667,0.581734,-0.781431,0.618095,-0.085194,-0.417009,-0.415851,0.808105,0.00308,-0.035918,0.040164,0.282641,-0.651853,-0.725818,0.530517,0.027791,0.01992,-0.010721,-0.511553,-0.604081,0.611064,0.679513,-0.719672,-0.142593,0.525904,0.342282,0.778632,0.001843,-0.023519,0.024169,0.054847,-0.297662,-0.522198,0.522569,0.070359,0.0263,-0.07492,0.086556,-0.277924,-0.956695,-0.24501,-0.936744,0.249961,-0.965649,0.212764,-0.149175,-0.008388,-0.00089,-0.010221,0.03159,0.028306,-0.062529,0.198542
57,0.109399,0.003358,0.329047,0.131143,-0.368883,-0.920202,-0.349367,-0.885849,0.305264,-0.927937,0.281908,-0.243902,-0.002177,-0.008734,-0.008073,-0.000372,0.015179,-0.024496,0.276696,-0.18357,6.1e-05,0.333708,0.458825,0.680554,0.571242,-0.785046,0.611601,-0.097883,-0.41654,-0.4044,0.814136,0.00262,-0.019344,0.036734,0.093217,-0.282296,-0.423236,0.524758,0.027826,0.019254,-0.009885,-0.508346,-0.61887,0.598817,0.683379,-0.713031,-0.156777,0.524,0.329522,0.78539,0.001616,-0.0153,0.022409,0.119682,-0.374923,-0.541137,0.522405,0.070252,0.026168,-0.075188,0.085696,-0.278897,-0.956489,-0.244654,-0.936517,0.251154,-0.965815,0.212486,-0.14849,-0.000997,-0.004033,-0.003727,-0.001393,0.015446,-0.024661,0.187439
