frame,MLTx,MLTy,MLTz,MLTR1,MLTR2,MLTR3,MLTR4,MLTR5,MLTR6,MLTR7,MLTR8,MLTR9,MLTTVx,MLTTVy,MLTTVz,MLTRVx,MLTRVy,MLTRVz,MLGA,MRTx,MRTy,MRTz,MRTR1,MRTR2,MRTR3,MRTR4,MRTR5,MRTR6,MRTR7,MRTR8,MRTR9,MRTTVx,MRTTVy,MRTTVz,MRTRVx,MRTRVy,MRTRVz,MRGA,SLTx,SLTy,SLTz,SLTR1,SLTR2,SLTR3,SLTR4,SLTR5,SLTR6,SLTR7,SLTR8,SLTR9,SLTTVx,SLTTVy,SLTTVz,SLTRVx,SLTRVy,SLTRVz,SLGA,SRTx,SRTy,SRTz,SRTR1,SRTR2,SRTR3,SRTR4,SRTR5,SRTR6,SRTR7,SRTR8,SRTR9,SRTTVx,SRTTVy,SRTTVz,SRTRVx,SRTRVy,SRTRVz,SRGA
1,0.152895,-0.059227,0.300981,0.034752,0.273016,-0.961405,-0.611085,-0.755345,-0.236644,-0.790851,0.595381,0.141782,-5.7e-05,-0.000451,-0.000621,0.0,0.0,0.0,-0.430583,-0.161978,-0.046952,0.282445,-0.333778,-0.486731,0.807265,0.919169,-0.357792,0.164463,0.209183,0.797504,0.565768,-0.0,-0.0,-0.0,0.0,0.0,0.0,-0.812196,0.045338,0.019236,-0.026876,0.392093,0.537455,0.746595,-0.896815,0.404091,0.18009,-0.204902,-0.74017,0.640439,-1e-06,1e-06,-0.0,5e-06,-1.3e-05,1.4e-05,-1.008281,0.075403,0.013073,-0.067107,0.12402,-0.311496,-0.942118,0.560824,0.805263,-0.192421,0.818592,-0.504499,0.274564,-4e-05,-0.000307,-0.000421,0.0,-8e-06,-8e-06,-0.56827
2,0.152895,-0.059227,0.300981,0.034752,0.273016,-0.961405,-0.611085,-0.755345,-0.236644,-0.790851,0.595381,0.141782,-1e-06,-7e-06,-9e-06,0.0,0.0,0.0,-0.430663,-0.161978,-0.046952,0.282445,-0.333778,-0.486731,0.807265,0.919169,-0.357792,0.164463,0.209183,0.797504,0.565768,-0.0,-0.0,-0.0,0.0,0.0,0.0,-0.812254,0.045338,0.019236,-0.026876,0.392093,0.537455,0.746595,-0.896815,0.404091,0.18009,-0.204902,-0.74017,0.640439,-1e-06,1e-06,-0.0,5e-06,-1.3e-05,1.4e-05,-1.007954,0.075402,0.013072,-0.067109,0.12402,-0.311496,-0.942118,0.560824,0.805263,-0.192421,0.818592,-0.504499,0.274564,-0.0,-1e-06,-3e-06,-2e-06,1e-06,-2e-06,-0.56827
3,0.152895,-0.059222,0.300988,0.034636,0.272967,-0.961423,-0.611092,-0.755374,-0.236535,-0.790851,0.595368,0.14184,6e-06,4.7e-05,6.5e-05,0.0,0.0,0.0,-0.430762,-0.16199,-0.046953,0.282446,-0.333756,-0.48673,0.807275,0.919176,-0.35778,0.164446,0.209185,0.79751,0.565758,-0.0,-0.0,-0.0,0.0,0.0,0.0,-0.811761,0.045332,0.019235,-0.026876,0.392071,0.537455,0.746606,-0.896824,0.404078,0.180075,-0.204905,-0.740177,0.64043,-1e-06,2e-06,2e-06,0.0,-9e-06,1.7e-05,-1.008117,0.075403,0.013074,-0.067105,0.124133,-0.311436,-0.942124,0.560813,0.805296,-0.192313,0.818583,-0.504484,0.274621,4e-06,3e-05,4.4e-05,3e-06,8e-06,7e-06,-0.56827
4,0.152907,-0.059228,0.30098,0.034638,0.272968,-0.961423,-0.611092,-0.755373,-0.236538,-0.790851,0.595368,0.141839,-0.000111,-0.000877,-0.001207,0.0,0.0,0.0,-0.430497,-0.16199,-0.046953,0.282446,-0.333756,-0.48673,0.807275,0.919176,-0.35778,0.164446,0.209185,0.79751,0.565758,-0.0,-0.0,-0.0,0.0,0.0,0.0,-0.811786,0.045332,0.019235,-0.026876,0.392071,0.537455,0.746606,-0.896824,0.404078,0.180075,-0.204905,-0.740177,0.64043,-1e-06,2e-06,2e-06,0.0,-9e-06,1.7e-05,-1.007954,0.075409,0.013074,-0.067106,0.124111,-0.311448,-0.942122,0.560815,0.80529,-0.192335,0.818585,-0.504486,0.27461,1e-06,-2e-06,-4e-06,-7e-06,8e-06,-1.9e-05,-0.56827
5,0.152907,-0.05922,0.300973,0.034654,0.272973,-0.961421,-0.61107,-0.755385,-0.236555,-0.790867,0.59535,0.141824,-2e-06,-1.5e-05,-2.1e-05,0.0,0.0,0.0,-0.430291,-0.16199,-0.046953,0.282446,-0.333756,-0.48673,0.807275,0.919176,-0.35778,0.164446,0.209185,0.79751,0.565758,-0.0,-0.0,-0.0,0.0,0.0,0.0,-0.811782,0.045332,0.019235,-0.026876,0.392071,0.537455,0.746606,-0.896824,0.404078,0.180075,-0.204905,-0.740177,0.64043,-1e-06,2e-06,2e-06,0.0,-9e-06,1.7e-05,-1.007954,0.075409,0.013075,-0.067113,0.124115,-0.311444,-0.942123,0.560793,0.805305,-0.192337,0.818599,-0.504465,0.274606,-1e-06,-5e-06,-8e-06,-1e-06,-2e-06,-2e-06,-0.56827
6,0.152906,-0.059225,0.300966,0.034635,0.272965,-0.961424,-0.611071,-0.75539,-0.236537,-0.790867,0.595348,0.141834,-1e-06,-5e-06,-7e-06,0.0,0.0,0.0,-0.429779,-0.16199,-0.046953,0.282446,-0.333756,-0.48673,0.807275,0.919176,-0.35778,0.164446,0.209185,0.79751,0.565758,0.0,-0.0,-0.0,0.0,0.0,0.0,-0.811929,0.045332,0.019235,-0.026876,0.392071,0.537455,0.746606,-0.896824,0.404078,0.180075,-0.204905,-0.740177,0.64043,-1e-06,2e-06,2e-06,0.0,-9e-06,1.7e-05,-1.008117,0.075408,0.013073,-0.067116,0.124134,-0.311434,-0.942124,0.560791,0.80531,-0.192319,0.818598,-0.504462,0.274615,1e-06,3e-06,6e-06,1e-06,0.0,1.4e-05,-0.568107
7,0.152918,-0.059225,0.300966,0.034657,0.272975,-0.96142,-0.61107,-0.755385,-0.236558,-0.790867,0.59535,0.141823,-0.0,-0.0,-0.0,0.0,0.0,0.0,-0.429461,-0.16199,-0.046958,0.282439,-0.333736,-0.486728,0.807284,0.919183,-0.35777,0.164431,0.209188,0.797516,0.565749,-0.0,-8.8e-05,-0.000126,0.0,0.0,0.0,-0.811459,0.045332,0.019233,-0.026879,0.392052,0.537454,0.746617,-0.896831,0.404067,0.180062,-0.204909,-0.740183,0.640421,-0.0,-6.1e-05,-9e-05,5e-06,7e-06,-0.0,-1.00779,0.075414,0.013072,-0.067117,0.124112,-0.311446,-0.942123,0.560794,0.805304,-0.19234,0.818599,-0.504465,0.274605,-3e-06,3e-06,5e-06,9e-06,-1.4e-05,7e-06,-0.56778
8,0.15293,-0.059223,0.300951,0.034675,0.272982,-0.961418,-0.611048,-0.755396,-0.236578,-0.790884,0.595333,0.141807,-9.5e-05,0.010006,-0.009708,0.03563,-0.012531,0.018573,-0.429111,-0.16199,-0.046953,0.282446,-0.333756,-0.48673,0.807275,0.919176,-0.35778,0.164446,0.209185,0.79751,0.565758,0.0,2e-06,4e-06,0.0,0.0,0.0,-0.811467,0.045331,0.019236,-0.026876,0.392071,0.537455,0.746606,-0.896824,0.404078,0.180075,-0.204906,-0.740177,0.64043,1e-06,0.0,1e-06,6e-06,-9e-06,7e-06,-1.00779,0.07542,0.013071,-0.067118,0.124109,-0.311448,-0.942123,0.560794,0.805303,-0.192343,0.818599,-0.504466,0.274604,-6.8e-05,-0.000503,-0.00069,1.2e-05,-1e-05,1.3e-05,-0.56778
9,0.15293,-0.059223,0.300951,0.034675,0.272982,-0.961418,-0.611048,-0.755396,-0.236578,-0.790884,0.595333,0.141807,-1e-06,-9e-06,-1.3e-05,0.0,0.0,0.0,-0.428478,-0.16199,-0.046953,0.282446,-0.333756,-0.48673,0.807275,0.919176,-0.35778,0.164446,0.209185,0.79751,0.565758,0.0,0.0,0.0,0.0,0.0,0.0,-0.811437,0.045331,0.019236,-0.026876,0.392071,0.537455,0.746606,-0.896824,0.404078,0.180075,-0.204905,-0.740177,0.64043,1e-06,-2e-06,-2e-06,1.2e-05,4e-06,-3e-06,-1.00779,0.07542,0.013073,-0.067124,0.124094,-0.311455,-0.942122,0.560774,0.805312,-0.192363,0.818616,-0.504447,0.27459,-4e-06,-0.0,0.0,4e-06,-9e-06,-0.0,-0.56778
10,0.15293,-0.059199,0.300931,0.034723,0.272997,-0.961411,-0.610983,-0.755432,-0.23663,-0.790932,0.59528,0.141761,-0.0,-0.0,-0.0,0.0,0.0,0.0,-0.428726,-0.16199,-0.046961,0.282452,-0.333741,-0.486729,0.807282,0.919187,-0.357751,0.16445,0.209163,0.797524,0.565748,0.0,0.0,0.0,0.0,0.0,0.0,-0.81107,0.045332,0.019231,-0.026872,0.392057,0.537455,0.746613,-0.896835,0.40405,0.180082,-0.204884,-0.740192,0.640419,-0.0,-2e-06,-2e-06,1.9e-05,4e-06,-8e-06,-1.00779,0.07542,0.013086,-0.067134,0.124047,-0.311474,-0.942122,0.560714,0.805339,-0.192425,0.818664,-0.504391,0.274548,-3e-06,3e-06,6e-06,9e-06,-5e-06,7e-06,-0.567617
11,0.152929,-0.059164,0.300891,0.034648,0.272955,-0.961426,-0.610884,-0.755531,-0.23657,-0.791011,0.595174,0.141762,-1e-06,-7e-06,-9e-06,0.0,0.0,0.0,-0.428239,-0.162001,-0.046965,0.282466,-0.333724,-0.486729,0.807289,0.919198,-0.357721,0.164452,0.20914,0.797537,0.565737,0.0,0.000103,0.000148,0.0,0.0,0.0,-0.810559,0.045326,0.019229,-0.026866,0.39204,0.537456,0.746621,-0.896847,0.404021,0.180087,-0.204862,-0.740207,0.640409,-0.0,6.1e-05,9e-05,1e-05,-1.1e-05,4e-06,-1.007627,0.07542,0.013103,-0.067154,0.12412,-0.311426,-0.942129,0.560598,0.80543,-0.192384,0.818732,-0.504277,0.274554,-3e-06,3e-06,5e-06,7e-06,-1.5e-05,7e-06,-0.567454
12,0.152941,-0.059149,0.300877,0.034702,0.272975,-0.961418,-0.610839,-0.75555,-0.236626,-0.791043,0.595141,0.14172,-0.0,-0.0,-0.0,0.0,0.0,0.0,-0.42806,-0.161999,-0.046976,0.282486,-0.333714,-0.486729,0.807292,0.919213,-0.357674,0.164474,0.209092,0.797558,0.565725,0.000984,-0.010979,0.008359,-0.036465,0.009826,-0.018575,-0.809927,0.045327,0.019228,-0.026859,0.392045,0.537457,0.746618,-0.896851,0.404004,0.180106,-0.204837,-0.740216,0.640407,-0.0,3.1e-05,4.3e-05,1.1e-05,5e-06,0.0,-1.007301,0.075426,0.013111,-0.067161,0.124067,-0.311451,-0.942128,0.56056,0.805442,-0.192446,0.818766,-0.504243,0.274516,-2e-06,4e-06,8e-06,2e-06,1e-05,-2e-06,-0.567291
13,0.152977,-0.059119,0.300848,0.034833,0.273025,-0.961399,-0.610749,-0.755581,-0.236759,-0.791108,0.595078,0.141626,-0.0,-0.0,-0.0,0.0,0.0,0.0,-0.428268,-0.161995,-0.047001,0.282559,-0.333724,-0.486735,0.807285,0.919243,-0.357553,0.16457,0.208944,0.797609,0.565708,0.0,0.000648,0.000931,0.0,0.0,0.0,-0.808779,0.045329,0.019211,-0.02682,0.392041,0.537462,0.746617,-0.89689,0.403865,0.180221,-0.20467,-0.740288,0.640376,-2e-06,0.000408,0.000587,1.1e-05,9e-06,-3e-06,-1.006321,0.075444,0.013126,-0.067175,0.123941,-0.311514,-0.942123,0.560486,0.805458,-0.192591,0.818836,-0.504178,0.274428,-1e-06,1e-06,4e-06,1.3e-05,-1.3e-05,3e-06,-0.567127
14,0.153002,-0.05912,0.300847,0.034741,0.272988,-0.961413,-0.610754,-0.755604,-0.236674,-0.791108,0.595067,0.141673,0.016138,-0.00075,-0.000911,0.000984,-0.014715,0.029553,-0.428234,-0.161975,-0.047036,0.282706,-0.333802,-0.48675,0.807244,0.919277,-0.357362,0.16479,0.208666,0.797685,0.565703,-0.0,0.002028,0.002915,0.001835,-0.014671,0.024735,-0.806348,0.045339,0.019191,-0.02675,0.392098,0.53747,0.746581,-0.896927,0.403683,0.180444,-0.204399,-0.740382,0.640355,-1e-06,0.000627,0.000902,1.2e-05,6e-06,-1e-05,-1.005015,0.07545,0.013125,-0.067176,0.124051,-0.311455,-0.942128,0.560475,0.805491,-0.192487,0.818827,-0.504162,0.274484,-4e-06,1e-06,4e-06,1.4e-05,-2.6e-05,4e-06,-0.566964
15,0.153002,-0.05912,0.300847,0.034741,0.272988,-0.961413,-0.610754,-0.755604,-0.236674,-0.791108,0.595067,0.141673,-0.0,-0.0,-0.0,0.0,0.0,0.0,-0.427912,-0.161967,-0.047075,0.282867,-0.333728,-0.48675,0.807274,0.919369,-0.35707,0.164913,0.208381,0.797816,0.565624,0.000984,-0.009745,0.010129,-0.036464,0.00981,-0.018584,-0.803998,0.045343,0.019178,-0.026668,0.392059,0.537476,0.746597,-0.897003,0.403445,0.180601,-0.204142,-0.740507,0.640292,-3e-06,0.00078,0.00112,8e-06,1e-05,-6e-06,-1.002565,0.075456,0.013125,-0.067176,0.124029,-0.311468,-0.942127,0.560478,0.805484,-0.192508,0.818829,-0.504165,0.274474,-3e-06,1e-06,3e-06,1.4e-05,-1.8e-05,0.0,-0.566801
16,0.153001,-0.059125,0.30084,0.034722,0.272979,-0.961417,-0.610755,-0.755608,-0.236656,-0.791108,0.595065,0.141683,-5e-06,-4e-05,-5.5e-05,0.0,0.0,0.0,-0.427939,-0.161962,-0.0471,0.28294,-0.333738,-0.486756,0.807267,0.919399,-0.356949,0.165009,0.208233,0.797867,0.565607,-0.0,0.000883,0.001268,0.0,0.0,0.0,-0.80344,0.045345,0.019167,-0.026631,0.39207,0.53748,0.746589,-0.897032,0.403333,0.180709,-0.203997,-0.740565,0.640271,-2e-06,0.000611,0.000879,1.4e-05,-7e-06,-1e-05,-1.001585,0.075456,0.013122,-0.06718,0.124048,-0.311457,-0.942128,0.560475,0.80549,-0.19249,0.818827,-0.504162,0.274483,-5e-06,-2.4e-05,-3.3e-05,9e-06,-1.9e-05,-2e-06,-0.566637
17,0.153012,-0.059123,0.300825,0.03474,0.272986,-0.961414,-0.610733,-0.75562,-0.236676,-0.791124,0.595047,0.141667,-2e-06,-1.3e-05,-1.8e-05,0.0,0.0,0.0,-0.428056,-0.161967,-0.047153,0.283046,-0.331407,-0.486039,0.808657,0.919934,-0.356566,0.16284,0.209589,0.798474,0.564247,-0.0,0.000285,0.000409,1e-06,1e-06,-1e-06,-0.802936,0.045343,0.019137,-0.026573,0.389747,0.536959,0.748179,-0.897712,0.402765,0.178584,-0.205448,-0.741252,0.639011,-2e-06,9.8e-05,0.000143,-0.001896,-0.002825,0.00302,-1.000279,0.075461,0.013123,-0.067187,0.12403,-0.311466,-0.942127,0.560455,0.805498,-0.192513,0.818844,-0.504143,0.274468,-1e-06,1e-06,0.0,4e-06,-9e-06,2e-06,-0.566801
18,0.153024,-0.059121,0.300811,0.034759,0.272993,-0.961411,-0.610712,-0.755631,-0.236696,-0.79114,0.59503,0.14165,-0.0,-1e-06,-2e-06,0.0,0.0,0.0,-0.428523,-0.161951,-0.047189,0.283084,-0.331377,-0.486038,0.80867,0.919972,-0.356445,0.162892,0.209471,0.798529,0.564214,0.01598,0.000935,-0.000631,0.002045,-0.015205,0.029245,-0.80305,0.045345,0.019118,-0.026555,0.389726,0.536968,0.748183,-0.897753,0.402639,0.178663,-0.205311,-0.741313,0.638984,-1e-06,-2.5e-05,-3.6e-05,-3e-05,-5.4e-05,5.6e-05,-0.999463,0.075467,0.013125,-0.067194,0.124012,-0.311474,-0.942127,0.560435,0.805507,-0.192537,0.81886,-0.504125,0.274453,-1e-06,7e-06,1e-05,-7e-06,6e-06,-1.7e-05,-0.566637
19,0.153024,-0.059105,0.300798,0.034791,0.273003,-0.961407,-0.610668,-0.755655,-0.23673,-0.791172,0.594994,0.14162,-1.6e-05,0.010643,-0.008831,0.03563,-0.012535,0.018571,-0.428542,-0.161951,-0.047189,0.283084,-0.331377,-0.486038,0.80867,0.919972,-0.356445,0.162892,0.209471,0.798529,0.564214,-0.0,0.0,0.0,0.0,0.0,0.0,-0.803502,0.045351,0.019118,-0.026556,0.389748,0.536968,0.748171,-0.897744,0.402652,0.178679,-0.205308,-0.741306,0.638993,-0.0,-1.4e-05,-2.1e-05,-6e-06,-9e-06,1.2e-05,-0.999463,0.075467,0.013129,-0.067197,0.123996,-0.311481,-0.942127,0.560415,0.805516,-0.192557,0.818876,-0.504106,0.274439,-4e-06,5e-06,1e-05,-7e-06,5e-06,-2.4e-05,-0.566964
20,0.153023,-0.059054,0.300744,0.034883,0.273029,-0.961397,-0.610518,-0.755745,-0.236832,-0.791284,0.594869,0.141522,-2.6e-05,-0.000203,-0.00028,0.0,0.0,0.0,-0.428294,-0.161978,-0.047185,0.283038,-0.331297,-0.48603,0.808708,0.919981,-0.356467,0.162789,0.209553,0.798524,0.56419,0.0,-0.000374,-0.000537,0.0,0.0,0.0,-0.804039,0.045338,0.01912,-0.026579,0.389671,0.536965,0.748213,-0.897758,0.402666,0.178575,-0.205392,-0.741301,0.638973,-1e-06,-0.000235,-0.00034,-7e-06,-1.1e-05,1.4e-05,-0.999789,0.075467,0.013158,-0.067227,0.123891,-0.311522,-0.942127,0.560252,0.805594,-0.192703,0.819004,-0.503955,0.274337,-2.6e-05,0.005192,-0.004591,0.035637,-0.012538,0.018578,-0.566964
21,0.153072,-0.058846,0.300361,0.035111,0.273059,-0.96138,-0.609718,-0.756297,-0.237133,-0.791891,0.594153,0.14113,-0.000545,0.017213,-0.023281,0.070449,-0.011589,0.011682,-0.429614,-0.162102,-0.047154,0.28297,-0.331095,-0.486015,0.8088,0.92001,-0.356507,0.162534,0.209745,0.798515,0.564131,-0.0,-9.9e-05,-0.000142,0.0,0.0,0.0,-0.803337,0.045275,0.019134,-0.026615,0.389473,0.536965,0.748316,-0.897799,0.402688,0.17832,-0.205586,-0.741289,0.638923,2e-06,-3.8e-05,-5e-05,-9e-06,-1e-05,7e-06,-0.999789,0.075492,0.013261,-0.067402,0.123679,-0.311572,-0.942138,0.559492,0.806024,-0.193111,0.819555,-0.503236,0.27401,-0.000242,0.003424,-0.007031,0.034827,0.000972,-0.006872,-0.566964
22,0.153093,-0.058313,0.299439,0.039317,0.267585,-0.962755,-0.611655,-0.755401,-0.234987,-0.790202,0.597777,0.135167,-0.000867,0.025443,-0.035478,-0.349175,-0.281957,0.021334,-0.432813,-0.162551,-0.046934,0.282925,-0.330693,-0.485999,0.808974,0.920019,-0.356779,0.161889,0.210343,0.798404,0.564067,-0.032924,0.011608,-0.003545,0.032375,0.020557,-0.039929,-0.772279,0.045064,0.019237,-0.02664,0.38911,0.536978,0.748496,-0.897826,0.402904,0.177693,-0.206155,-0.741162,0.638887,-0.007985,0.001044,0.002483,-0.00022,0.000532,-0.00451,-0.990808,0.075503,0.013519,-0.067849,0.119642,-0.306898,-0.944192,0.559924,0.806205,-0.191096,0.819859,-0.505813,0.268296,-0.000474,0.007127,-0.013647,-5.207931,-1.556357,0.634635,-0.568597
23,0.153099,-0.057942,0.298804,0.042201,0.262492,-0.964034,-0.609707,-0.757581,-0.233023,-0.791561,0.597282,0.129271,0.015092,0.023323,-0.038315,0.164013,-0.377231,-0.123753,-0.433869,-0.16307,-0.046696,0.282911,-0.336403,-0.488065,0.805368,0.918877,-0.357109,0.167546,0.206234,0.796996,0.567563,-0.032895,0.013372,-0.00105,0.017285,0.117722,-0.205907,-0.75247,0.044791,0.019359,-0.02665,0.394743,0.538554,0.744403,-0.896362,0.403656,0.183291,-0.201771,-0.739608,0.64208,-0.016446,0.00687,-0.000251,0.022408,0.125395,-0.214046,-0.970724,0.0755,0.013702,-0.068162,0.11668,-0.303052,-0.945803,0.559181,0.807069,-0.189616,0.820793,-0.506751,0.26363,-0.000464,0.006955,-0.013946,0.161957,-0.653201,-0.329855,-0.56925
24,0.153056,-0.057038,0.297296,0.048245,0.252348,-0.966457,-0.605257,-0.76227,-0.229303,-0.794633,0.595701,0.117161,-0.001321,0.032679,-0.049149,0.179056,-0.247596,-0.09956,-0.433743,-0.164726,-0.045727,0.282848,-0.350776,-0.493465,0.795889,0.915745,-0.35828,0.181605,0.195957,0.79314,0.576535,-0.049647,0.029338,-0.000533,-0.953904,-1.593541,1.732424,-0.753524,0.043982,0.019829,-0.026687,0.406769,0.542137,0.735272,-0.89302,0.405574,0.194997,-0.192493,-0.735932,0.649114,-0.025299,0.020719,-0.003621,0.112557,-0.005921,0.008932,-0.954068,0.075484,0.014159,-0.068926,0.109286,-0.292363,-0.950041,0.55352,0.811768,-0.186138,0.825633,-0.505525,0.250543,-0.000613,0.01113,-0.019992,0.151822,-0.288043,-0.114459,-0.569413
25,0.152984,-0.055926,0.295541,0.059818,0.234171,-0.970377,-0.603865,-0.765524,-0.222016,-0.794919,0.598963,0.096822,-0.001181,0.033827,-0.047645,0.259013,-0.716054,-0.327634,-0.431456,-0.167097,-0.044,0.282765,-0.372033,-0.500549,0.781687,0.909951,-0.362663,0.200996,0.18333,0.786688,0.589385,-0.066097,0.046146,0.000847,-0.907784,-1.715438,1.912977,-0.751755,0.042803,0.020685,-0.026732,0.427396,0.547264,0.719606,-0.886169,0.411184,0.213615,-0.178987,-0.728991,0.660707,-0.033509,0.029113,-0.002934,0.144192,-0.024711,0.031417,-0.950965,0.075447,0.014709,-0.069811,0.097652,-0.277466,-0.955759,0.551221,0.81467,-0.180188,0.828624,-0.509238,0.2325,-0.000592,0.011261,-0.019858,0.242685,-0.794836,-0.397839,-0.56827
26,0.152938,-0.055325,0.294655,0.066041,0.226296,-0.971841,-0.605482,-0.76502,-0.219337,-0.793202,0.602632,0.087704,-0.001195,0.022948,-0.039163,0.204534,-0.578837,-0.311952,-0.427957,-0.168492,-0.042907,0.282706,-0.382665,-0.503635,0.774539,0.906466,-0.366425,0.209728,0.178647,0.782969,0.595742,-0.066721,0.059763,-0.004078,0.140674,-0.029756,0.034477,-0.741307,0.042106,0.021227,-0.026758,0.439851,0.549852,0.710065,-0.88143,0.41581,0.224014,-0.172078,-0.724406,0.667551,-0.041298,0.029535,-0.001587,0.154949,-0.112665,0.171102,-0.9477,0.075424,0.015014,-0.070257,0.090632,-0.269834,-0.958631,0.552367,0.814579,-0.177064,0.828659,-0.513468,0.222874,-0.000517,0.017256,-0.023359,0.252209,-0.607553,-0.271388,-0.566147
27,0.152789,-0.054006,0.293077,0.074507,0.209694,-0.974947,-0.604829,-0.767763,-0.211409,-0.79296,0.605164,0.070837,-0.000499,0.039196,-0.040206,0.220289,-0.478754,-0.202832,-0.349766,-0.171646,-0.04031,0.282472,-0.399,-0.525422,0.751481,0.907757,-0.341695,0.24322,0.129469,0.779853,0.612316,-0.082743,0.07158,-0.010243,-0.536604,-0.736412,0.685593,-0.465489,0.040566,0.022504,-0.026864,0.453946,0.567971,0.686543,-0.882228,0.394525,0.256947,-0.12492,-0.722328,0.680174,-0.041395,0.036327,-0.004308,-4.083671,-1.394148,-2.856805,-0.82066,0.075348,0.015675,-0.07107,0.080702,-0.253491,-0.963965,0.550126,0.817802,-0.168999,0.831172,-0.516664,0.205451,-0.000192,0.019836,-0.019762,0.227951,-0.553734,-0.234604,-0.545083
28,0.152445,-0.052499,0.291976,0.059948,0.19032,-0.979913,-0.604186,-0.774467,-0.187434,-0.794665,0.603046,0.069779,-0.015668,0.036144,-0.020836,0.164889,-0.376806,-0.261223,-0.150436,-0.174932,-0.0375,0.282009,-0.413956,-0.558637,0.718719,0.908834,-0.297246,0.292575,0.050699,0.774997,0.62982,-0.082034,0.070769,-0.012075,-4.21695,-2.283211,-2.029362,-0.08917,0.038891,0.023938,-0.027089,0.471886,0.59661,0.649137,-0.880407,0.358083,0.310899,-0.04696,-0.718215,0.694234,-0.04928,0.04095,-0.009242,-0.976487,-1.729867,2.67927,-0.524124,0.075182,0.016412,-0.071618,0.09438,-0.23361,-0.967739,0.545715,0.825159,-0.14597,0.832638,-0.514333,0.205363,0.000295,0.018239,-0.010099,0.159863,-0.549044,-0.483717,-0.432739
29,0.151916,-0.050837,0.291286,0.02783,0.165359,-0.985863,-0.615078,-0.77456,-0.147334,-0.788016,0.610275,0.08138,-0.014951,0.041186,-0.013813,0.140554,-0.184451,-0.348961,0.045184,-0.178409,-0.034536,0.281254,-0.426878,-0.590056,0.685274,0.903826,-0.255858,0.342883,-0.026463,0.766465,0.641634,-0.097087,0.066902,-0.016548,-0.363922,-0.27173,0.769166,0.159708,0.037189,0.025396,-0.027449,0.48122,0.626938,0.612678,-0.875915,0.316289,0.364326,0.034626,-0.711975,0.701349,-0.040762,0.033399,-0.00904,-4.026084,-1.729179,-2.327493,-0.226445,0.074917,0.017243,-0.071963,0.124082,-0.205175,-0.970827,0.550887,0.828,-0.10458,0.825303,-0.52184,0.215768,-0.015435,0.021339,-0.005936,0.121222,-0.127773,-0.769877,-0.279899
30,0.151531,-0.05004,0.291062,0.003958,0.154814,-0.987959,-0.620934,-0.774002,-0.123827,-0.783865,0.613752,0.094295,-0.030724,0.043479,-0.010817,-0.297361,1.483276,-2.717987,0.151473,-0.180044,-0.033225,0.280846,-0.428337,-0.60254,0.673397,0.901713,-0.237758,0.360995,-0.056881,0.762582,0.644279,-0.096825,0.065261,-0.019095,-3.675163,-2.321903,-2.383174,0.2427,0.036341,0.026082,-0.027661,0.486114,0.635526,0.599833,-0.871683,0.303813,0.384533,0.062143,-0.709791,0.701664,-0.041003,0.038012,-0.014518,0.078087,-0.301294,1.22003,-0.074258,0.074719,0.017658,-0.072079,0.145799,-0.191841,-0.970535,0.55318,0.829135,-0.08079,0.820203,-0.525102,0.227009,-0.015318,0.021909,-0.005161,-0.289138,1.499624,-2.67877,-0.165106
31,0.15037,-0.048474,0.290724,-0.034992,0.132041,-0.990649,-0.633245,-0.769757,-0.080285,-0.773124,0.624348,0.111782,-0.030615,0.032624,-0.002367,0.045201,0.482226,-0.860756,0.37409,-0.183328,-0.030815,0.280007,-0.444672,-0.615073,0.65111,0.890591,-0.226847,0.394108,-0.094152,0.755881,0.647799,-0.08012,0.051197,-0.016837,-0.03252,-0.135732,0.837014,0.378004,0.034693,0.027292,-0.028081,0.498401,0.648449,0.57542,-0.860672,0.290387,0.418231,0.104107,-0.703695,0.702832,-0.040059,0.025391,-0.008626,-0.074433,-0.224852,1.073322,0.208398,0.074151,0.018433,-0.07224,0.182334,-0.165293,-0.969243,0.559936,0.82776,-0.03583,0.808223,-0.536182,0.243482,-0.015242,0.022039,-0.005042,0.090511,0.372401,-0.620928,0.136002
32,0.149247,-0.04708,0.290447,-0.067855,0.113272,-0.991267,-0.643007,-0.764611,-0.04341,-0.762774,0.634303,0.125951,-0.014822,0.029833,-0.006127,0.051082,0.420596,-0.858605,0.477718,-0.186232,-0.029017,0.279322,-0.450077,-0.636448,0.626383,0.881809,-0.206612,0.423861,-0.139788,0.743906,0.653396,-0.079292,0.036411,-0.014011,-0.009887,-0.244183,0.662602,0.454747,0.033241,0.028198,-0.028424,0.503642,0.667214,0.548787,-0.850748,0.272575,0.449366,0.150237,-0.6932,0.704912,-0.031876,0.018367,-0.007362,-0.062683,-0.199436,0.482431,0.361238,0.073596,0.019124,-0.072369,0.212309,-0.143474,-0.966612,0.565281,0.824896,0.001721,0.797108,-0.546773,0.256236,-0.00741,0.014891,-0.003077,0.056293,0.42913,-0.853175,0.371794
33,0.148886,-0.046539,0.290359,-0.081213,0.105387,-0.991132,-0.645581,-0.763149,-0.0283,-0.75927,0.637424,0.131247,-0.014882,0.018755,0.002119,0.04458,0.018512,-0.889932,0.492991,-0.187439,-0.028357,0.279023,-0.456807,-0.646338,0.6112,0.874649,-0.201485,0.440826,-0.161207,0.736757,0.656556,-0.048308,0.035173,-0.018333,-0.308084,-0.023021,0.873975,0.485791,0.032625,0.028528,-0.028572,0.508614,0.677131,0.531794,-0.843728,0.268903,0.464557,0.171565,-0.68497,0.708082,-0.031568,0.011693,-0.004847,-0.206381,-0.480543,0.124705,0.41398,0.073404,0.01941,-0.072419,0.226196,-0.13586,-0.96456,0.566045,0.824206,0.016651,0.792734,-0.549751,0.263335,-0.007397,0.014835,-0.003174,0.057327,-0.263035,-1.016968,0.430578
34,0.148388,-0.045583,0.290205,-0.102013,0.099255,-0.989842,-0.66015,-0.751079,-0.007332,-0.744058,0.65257,0.143376,0.000972,0.027689,-0.008915,0.053155,0.259816,-0.453191,0.503345,-0.189457,-0.027544,0.27861,-0.46419,-0.672623,0.576279,0.861511,-0.192102,0.469924,-0.204798,0.715437,0.667885,-0.047067,0.010706,-0.005142,-0.008849,-0.330258,0.474627,0.519243,0.031616,0.02894,-0.028787,0.516618,0.698569,0.495081,-0.828351,0.261471,0.495445,0.216653,-0.666057,0.713742,-0.023536,0.005167,-0.002771,-0.062656,-0.531245,0.514576,0.488114,0.073155,0.019879,-0.072491,0.244907,-0.126011,-0.961322,0.578518,0.814658,0.040597,0.778034,-0.566084,0.272416,-0.007453,0.009137,0.000712,-0.023999,0.29551,-0.493912,0.479565
35,0.148242,-0.044918,0.290148,-0.091345,0.100382,-0.99077,-0.666317,-0.745515,-0.014155,-0.739949,0.658746,0.136219,0.000657,0.015035,-0.00283,0.048539,-0.359639,-0.561045,0.505521,-0.191028,-0.027361,0.278508,-0.441772,-0.703804,0.556317,0.860055,-0.156126,0.485659,-0.254401,0.693886,0.673547,-0.03097,-0.000532,0.001599,-0.895504,-1.104035,-0.680164,0.522854,0.030836,0.029033,-0.028846,0.497896,0.726172,0.474102,-0.826484,0.231705,0.513066,0.262722,-0.647291,0.715534,-0.015485,-0.000374,0.0007,0.017637,-0.222396,0.234507,0.514078,0.073076,0.020224,-0.07252,0.236075,-0.130842,-0.962885,0.586379,0.809331,0.03379,0.774872,-0.572592,0.267786,0.008306,0.007346,-0.001525,0.058885,0.035546,-0.056765,0.492629
36,0.148314,-0.044706,0.290157,-0.0808,0.103812,-0.991332,-0.665535,-0.745964,-0.023925,-0.741889,0.657702,0.130598,0.016487,0.003513,0.005071,-0.002957,0.06285,-0.122089,0.501818,-0.19163,-0.027418,0.278564,-0.437784,-0.711088,0.550172,0.859119,-0.150734,0.489007,-0.26425,0.687624,0.676171,-0.030962,-0.000385,0.001769,0.01857,-0.189813,0.271484,0.522672,0.030523,0.029003,-0.028818,0.489937,0.73607,0.467076,-0.826537,0.221901,0.517296,0.277121,-0.639499,0.717107,-0.015184,-0.005955,0.004742,-0.013442,-0.181619,0.24947,0.517507,0.073106,0.020332,-0.07252,0.225053,-0.132377,-0.965311,0.586448,0.809578,0.025704,0.778092,-0.57189,0.259831,0.00032,0.007464,-0.001491,0.030904,0.113716,-0.163653,0.493445
37,0.148679,-0.044462,0.290234,-0.071035,0.107239,-0.991716,-0.669448,-0.742135,-0.032352,-0.739376,0.661468,0.125743,0.000383,0.002745,0.003767,0.004841,-0.101035,0.171251,0.483505,-0.192592,-0.027569,0.278816,-0.423335,-0.724986,0.5433,0.860767,-0.13506,0.490687,-0.281833,0.676278,0.680501,-0.01477,-0.010092,0.010688,-0.037685,0.025806,-0.048155,0.522516,0.030042,0.028929,-0.028699,0.475634,0.750087,0.459499,-0.828596,0.206686,0.520296,0.295296,-0.62821,0.719827,-0.015087,-0.004698,0.006406,-0.046736,-0.067208,0.081552,0.519793,0.073289,0.020455,-0.072481,0.216335,-0.136873,-0.966676,0.591779,0.805891,0.018329,0.776528,-0.576024,0.255341,0.000171,0.001227,0.001679,-0.000527,0.002955,-0.003002,0.478096
38,0.148952,-0.044435,0.290362,-0.069147,0.10789,-0.991778,-0.669629,-0.741895,-0.034074,-0.739393,0.661631,0.124781,0.000187,-0.009073,0.011025,-0.035522,0.013731,-0.017921,0.480869,-0.193183,-0.027736,0.279192,-0.416921,-0.729107,0.542744,0.864389,-0.13365,0.484669,-0.280316,0.672115,0.685236,-0.014567,-0.007837,0.013715,0.095508,-0.139263,-0.131854,0.521263,0.029746,0.028842,-0.028515,0.469843,0.753972,0.4591,-0.832302,0.205073,0.514992,0.294141,-0.624076,0.723885,0.00045,-0.003868,0.006392,0.193218,-0.139783,-0.327364,0.519466,0.073431,0.020473,-0.07242,0.214392,-0.137797,-0.966978,0.592225,0.805603,0.016504,0.776727,-0.576207,0.254321,0.008074,0.00064,0.000986,0.001818,-0.029311,0.054284,0.465196
39,0.149185,-0.044412,0.290432,-0.068679,0.108078,-0.99179,-0.669688,-0.741821,-0.034517,-0.739384,0.661682,0.12456,0.000213,0.001544,0.002115,0.000704,-0.014635,0.024817,0.475685,-0.193415,-0.027975,0.279723,-0.410387,-0.733071,0.542385,0.867923,-0.131754,0.478838,-0.279047,0.668166,0.689602,0.001064,-0.006068,0.014981,0.036976,-0.085549,-0.052503,0.519918,0.029619,0.028723,-0.028248,0.462842,0.758613,0.458564,-0.836589,0.20279,0.508914,0.293077,-0.619177,0.728508,0.000517,-0.003109,0.007401,0.020442,-0.083756,-0.057133,0.517833,0.073548,0.02048,-0.072383,0.213968,-0.138026,-0.967039,0.592365,0.805508,0.016096,0.776737,-0.576285,0.254115,9.4e-05,0.000698,0.000952,0.0008,-0.014626,0.024786,0.460297
40,0.14927,-0.044392,0.290442,-0.068582,0.108119,-0.991793,-0.669673,-0.74183,-0.034616,-0.739407,0.661665,0.124515,0.00018,0.001308,0.001791,0.000704,-0.014636,0.024817,0.473599,-0.193412,-0.02815,0.280097,-0.408495,-0.734487,0.541898,0.868792,-0.131095,0.47744,-0.279122,0.666739,0.690951,0.001197,-0.004641,0.016887,0.094961,-0.152468,-0.100623,0.519478,0.029621,0.028633,-0.028056,0.461247,0.759808,0.458194,-0.837336,0.201956,0.508017,0.293461,-0.617984,0.729366,0.000599,-0.002196,0.008617,0.118643,-0.168246,-0.107849,0.517344,0.07359,0.020489,-0.072378,0.213877,-0.138077,-0.967052,0.592361,0.805513,0.015996,0.776765,-0.576265,0.254072,7.9e-05,0.000589,0.000802,0.000782,-0.01465,0.024791,0.457358
41,0.149354,-0.044392,0.290444,-0.068542,0.108145,-0.991793,-0.669674,-0.741827,-0.034661,-0.739409,0.661665,0.124503,1e-06,4e-06,5e-06,0.0,-0.0,-0.0,0.471862,-0.193314,-0.028693,0.280995,-0.40269,-0.738653,0.540579,0.871529,-0.12915,0.472962,-0.279035,0.662503,0.69505,0.001773,-0.015915,0.024835,-0.021859,0.048133,-0.226409,0.516951,0.02967,0.028364,-0.027603,0.455121,0.764411,0.45666,-0.840632,0.199757,0.503422,0.2936,-0.613002,0.733502,0.000876,-0.007911,0.012484,-0.06085,0.071696,-0.217291,0.51571,0.073633,0.020491,-0.072376,0.21384,-0.138106,-0.967056,0.592367,0.80551,0.015952,0.77677,-0.576263,0.25406,-6e-06,-3.5e-05,-4.9e-05,5.3e-05,5e-06,-2.4e-05,0.452786
42,0.149411,-0.044424,0.290418,-0.068384,0.108206,-0.991797,-0.669701,-0.741796,-0.034809,-0.739401,0.661689,0.124427,-4.2e-05,-0.000306,-0.000419,0.0,-0.0,-0.0,0.467684,-0.193241,-0.029494,0.282033,-0.398061,-0.741039,0.54074,0.873318,-0.125928,0.470523,-0.280084,0.660455,0.696574,0.002268,-0.028086,0.031592,-0.011255,-0.089697,-0.106693,0.511802,0.029706,0.027976,-0.027094,0.450855,0.766767,0.456942,-0.842502,0.196477,0.501583,0.294819,-0.611116,0.734586,0.000822,-0.008469,0.011726,0.044067,-0.124281,-0.105228,0.511791,0.073661,0.020474,-0.07239,0.213691,-0.138183,-0.967078,0.592414,0.805477,0.015811,0.776775,-0.57629,0.253986,-3.3e-05,-0.000234,-0.000322,4.1e-05,-1.4e-05,4e-06,0.44854
43,0.149482,-0.044425,0.2904,-0.06825,0.108258,-0.9918,-0.669687,-0.741803,-0.034939,-0.739426,0.661673,0.124361,-8e-06,-5.6e-05,-7.6e-05,0.0,-0.0,-0.0,0.463587,-0.19316,-0.03044,0.283187,-0.393799,-0.743567,0.54039,0.874748,-0.122806,0.46869,-0.281647,0.658198,0.698079,0.001743,-0.016209,0.024399,0.010527,-0.085955,-0.077455,0.50546,0.029747,0.027491,-0.026506,0.446523,0.769521,0.456566,-0.844198,0.193196,0.500005,0.296558,-0.608696,0.735894,0.000854,-0.008101,0.012206,-0.007808,-0.075052,-0.073663,0.50526,0.073696,0.020473,-0.072399,0.213565,-0.138249,-0.967096,0.592417,0.805478,0.015679,0.776808,-0.576273,0.253923,-5e-06,-2.6e-05,-3.5e-05,2.5e-05,-4e-06,-2.6e-05,0.442988
44,0.149529,-0.044435,0.290403,-0.068175,0.108291,-0.991802,-0.669709,-0.741779,-0.035011,-0.739412,0.661695,0.124329,-0.0,-1e-06,-1e-06,0.0,-0.0,-0.0,0.461448,-0.193141,-0.030921,0.28379,-0.391679,-0.744837,0.540184,0.875431,-0.121223,0.467824,-0.28248,0.657055,0.698818,-0.01314,-0.027144,0.03392,0.041975,-0.140525,-0.181443,0.501052,0.029762,0.027261,-0.026218,0.44496,0.770433,0.456556,-0.84465,0.191614,0.499851,0.297619,-0.608043,0.736006,0.001157,-0.013551,0.016438,0.136688,-0.229802,-0.191413,0.501178,0.07372,0.020467,-0.072398,0.213494,-0.13829,-0.967106,0.592451,0.805454,0.015612,0.776801,-0.576297,0.25389,-1e-06,7e-06,9e-06,1.6e-05,-6e-06,-5.2e-05,0.440212
45,0.149625,-0.044435,0.290405,-0.068112,0.108326,-0.991803,-0.669712,-0.741773,-0.035078,-0.739416,0.661695,0.124305,0.0,1e-06,1e-06,0.0,-0.0,-0.0,0.458116,-0.193091,-0.031853,0.284999,-0.385704,-0.74886,0.538918,0.877784,-0.118219,0.464171,-0.283407,0.653016,0.702221,0.002444,-0.026119,0.034156,-0.0193,-0.082048,-0.099767,0.490587,0.029782,0.026783,-0.025602,0.438478,0.775044,0.455019,-0.847677,0.188417,0.495926,0.298631,-0.603162,0.739604,0.001208,-0.01299,0.017171,-0.051804,-0.062241,-0.093008,0.489257,0.073768,0.020468,-0.072397,0.213436,-0.13833,-0.967113,0.592463,0.805447,0.015547,0.776808,-0.576298,0.253867,0.007927,-0.000421,-0.000476,0.001004,-0.014718,0.029524,0.434987
46,0.149696,-0.044439,0.2904,-0.067974,0.10838,-0.991806,-0.669718,-0.741762,-0.035211,-0.739423,0.661699,0.124239,0.0,0.0,0.0,0.0,-0.0,-0.0,0.454601,-0.192969,-0.032723,0.286232,-0.37822,-0.754428,0.536452,0.880979,-0.115619,0.45874,-0.28359,0.647044,0.707654,0.002501,-0.02548,0.034968,0.00848,-0.115541,-0.122396,0.484128,0.029842,0.026358,-0.024998,0.431135,0.780648,0.452449,-0.851244,0.185645,0.490835,0.299174,-0.596761,0.74456,0.001247,-0.012547,0.017742,-0.000347,-0.122588,-0.134164,0.478317,0.073803,0.020466,-0.072399,0.213306,-0.138399,-0.967132,0.592488,0.805431,0.015417,0.776825,-0.576303,0.253803,-1e-06,1e-06,-2e-06,2.2e-05,-6e-06,-1.5e-05,0.430088
47,0.14972,-0.04444,0.290399,-0.067928,0.108399,-0.991807,-0.66972,-0.741758,-0.035255,-0.739426,0.6617,0.124217,0.0,0.0,0.0,0.0,-0.0,-0.0,0.453164,-0.192924,-0.033126,0.286883,-0.372776,-0.758679,0.534263,0.883509,-0.114454,0.454144,-0.282936,0.642262,0.712257,0.002628,-0.024074,0.036799,0.191743,-0.346725,-0.246617,0.481315,0.029865,0.026145,-0.024661,0.42637,0.784372,0.450518,-0.853631,0.184166,0.487233,0.299201,-0.592318,0.748088,0.001295,-0.01199,0.018459,0.267447,-0.398765,-0.267082,0.473745,0.073815,0.020465,-0.0724,0.213262,-0.138422,-0.967139,0.592497,0.805426,0.015374,0.776831,-0.576305,0.253782,-0.0,1e-06,-2e-06,2.2e-05,4e-06,-1.5e-05,0.427312
48,0.149732,-0.044441,0.290398,-0.067905,0.108408,-0.991808,-0.66972,-0.741756,-0.035277,-0.739427,0.661701,0.124206,0.0,0.0,0.0,0.0,0.0,0.0,0.450608,-0.19286,-0.033932,0.288289,-0.360387,-0.768628,0.528511,0.889269,-0.112276,0.443316,-0.280956,0.630709,0.723279,0.002838,-0.021719,0.039828,0.333072,-0.515833,-0.36045,0.475453,0.029896,0.025749,-0.023975,0.414771,0.793724,0.444933,-0.85963,0.181489,0.477594,0.298327,-0.580571,0.757586,-0.006665,-0.005354,0.016294,0.397326,-0.575791,-0.426871,0.465417,0.073821,0.020465,-0.0724,0.21324,-0.138434,-0.967142,0.592501,0.805423,0.015352,0.776833,-0.576306,0.253771,0.0,1e-06,-2e-06,2.1e-05,4e-06,-1.8e-05,0.423394
49,0.14972,-0.044449,0.290405,-0.067944,0.108396,-0.991806,-0.669738,-0.741742,-0.035238,-0.739407,0.661719,0.124228,0.0,0.0,0.0,0.0,0.0,0.0,0.449618,-0.19282,-0.034663,0.289878,-0.347599,-0.780317,0.519876,0.895162,-0.111413,0.431517,-0.278366,0.616339,0.736548,0.002483,-0.007909,0.035043,0.331397,-0.481657,-0.30886,0.46452,0.029916,0.025378,-0.023179,0.401422,0.805589,0.435758,-0.866505,0.179916,0.465615,0.296695,-0.564495,0.77027,0.001521,-0.009392,0.021781,0.471795,-0.628575,-0.41042,0.454966,0.073815,0.020461,-0.072397,0.213278,-0.138417,-0.967136,0.592514,0.805412,0.015393,0.776813,-0.576325,0.253791,-0.00793,0.00042,0.00047,-0.000965,0.014709,-0.029574,0.421434
50,0.14972,-0.044449,0.290405,-0.067944,0.108396,-0.991806,-0.669738,-0.741742,-0.035238,-0.739407,0.661719,0.124228,0.0,0.0,0.0,0.0,0.0,0.0,0.449415,-0.192827,-0.034983,0.290774,-0.341502,-0.786165,0.515085,0.897911,-0.111194,0.425825,-0.277069,0.608898,0.743195,0.003282,-0.016689,0.0462,0.108196,-0.260153,-0.148603,0.453829,0.029911,0.025226,-0.022754,0.394361,0.811964,0.43034,-0.870125,0.179312,0.459052,0.295569,-0.555482,0.777224,-0.006147,-0.008412,0.023567,0.164435,-0.41103,-0.094915,0.445985,0.073815,0.020461,-0.072397,0.213278,-0.138417,-0.967136,0.592514,0.805412,0.015393,0.776813,-0.576325,0.253791,-1e-06,0.0,-2e-06,1.9e-05,-1.4e-05,-1.9e-05,0.420291
51,0.14972,-0.04444,0.290399,-0.067928,0.108399,-0.991807,-0.66972,-0.741758,-0.035255,-0.739426,0.6617,0.124217,0.0,0.0,0.0,0.0,0.0,0.0,0.448084,-0.192879,-0.035416,0.292545,-0.326186,-0.80046,0.502849,0.905094,-0.111195,0.410336,-0.272138,0.589969,0.760093,-0.012528,-0.002454,0.042918,0.280567,-0.494743,-0.114684,0.425736,0.029892,0.024999,-0.02185,0.37907,0.825595,0.417968,-0.877982,0.178196,0.444288,0.292321,-0.535385,0.792407,0.001808,-0.006091,0.025914,0.304233,-0.488895,-0.300336,0.413654,0.073815,0.020465,-0.0724,0.213262,-0.138422,-0.967139,0.592496,0.805426,0.015373,0.776831,-0.576305,0.253782,-0.0,1e-06,-2e-06,2e-05,-1e-06,-1.7e-05,0.419148
52,0.149721,-0.044443,0.290412,-0.067924,0.108402,-0.991807,-0.669739,-0.74174,-0.035257,-0.739408,0.66172,0.124218,2.8e-05,0.000204,0.000279,0.0,0.0,0.0,0.444031,-0.192949,-0.035622,0.294549,-0.311684,-0.814523,0.489283,0.911798,-0.111737,0.39506,-0.266728,0.570276,0.776855,-0.011581,-0.009701,0.055759,0.227941,-0.472684,-0.08915,0.411438,0.029856,0.024899,-0.020869,0.364451,0.838914,0.404225,-0.885371,0.177629,0.42961,0.288604,-0.514462,0.807487,0.001957,-0.004313,0.028031,0.406595,-0.685047,-0.143795,0.384915,0.073816,0.020463,-0.072393,0.213259,-0.138426,-0.967139,0.592517,0.80541,0.015375,0.776815,-0.576326,0.253781,1.6e-05,0.000131,0.000179,1.8e-05,-4e-06,-1.3e-05,0.415229
53,0.149709,-0.044435,0.290407,-0.06793,0.108396,-0.991807,-0.66972,-0.741758,-0.035251,-0.739426,0.6617,0.124217,0.0,0.0,0.0,0.0,0.0,0.0,0.44068,-0.193044,-0.035631,0.296524,-0.298983,-0.82683,0.476396,0.917593,-0.112276,0.381249,-0.261369,0.552156,0.791627,0.003531,0.004151,0.049565,0.285157,-0.442234,-0.206358,0.394905,0.029804,0.02489,-0.019861,0.351446,0.850679,0.390935,-0.891836,0.177173,0.416218,0.284805,-0.494928,0.820933,-0.005998,0.001982,0.025209,0.392407,-0.519332,-0.317372,0.3663,0.07381,0.020468,-0.072396,0.213265,-0.138419,-0.967138,0.592495,0.805427,0.015377,0.776831,-0.576304,0.253782,-1e-06,-2e-06,-6e-06,1.3e-05,-1.5e-05,-7e-06,0.409514
54,0.149696,-0.044439,0.2904,-0.067974,0.10838,-0.991806,-0.669718,-0.741762,-0.035211,-0.739423,0.661699,0.124239,-4.5e-05,-0.000332,-0.000454,0.0,0.0,0.0,0.439941,-0.193078,-0.035571,0.297536,-0.293651,-0.832241,0.470249,0.919995,-0.112699,0.375289,-0.258971,0.54387,0.798124,0.003626,0.005316,0.050817,0.269811,-0.511109,-0.013403,0.379334,0.029787,0.02492,-0.019355,0.3458,0.855796,0.384751,-0.894597,0.177003,0.410324,0.283052,-0.486088,0.8268,0.001773,0.00259,0.025333,0.360094,-0.506947,-0.235024,0.352093,0.073803,0.020466,-0.072398,0.213306,-0.138399,-0.967132,0.592487,0.805432,0.015417,0.776826,-0.576302,0.253803,-3e-05,-0.00022,-0.000306,1e-05,-8e-06,-1.4e-05,0.407881
55,0.149661,-0.044432,0.29041,-0.068022,0.10836,-0.991805,-0.669716,-0.741766,-0.035163,-0.739421,0.661698,0.124261,3e-06,2.1e-05,2.9e-05,0.0,0.0,0.0,0.437603,-0.19312,-0.035274,0.299583,-0.28571,-0.840189,0.460917,0.923432,-0.113012,0.366655,-0.255617,0.531432,0.807529,0.003774,0.007215,0.052708,0.072675,-0.193972,-0.040812,0.368927,0.02977,0.025066,-0.018352,0.337137,0.863606,0.374863,-0.898701,0.176586,0.401438,0.280489,-0.47223,0.835657,0.001568,0.009213,0.022319,0.137309,-0.247687,-0.057088,0.326947,0.073786,0.020469,-0.072394,0.213351,-0.138373,-0.967126,0.592478,0.805437,0.015464,0.77682,-0.5763,0.253824,1e-06,1e-05,1.4e-05,8e-06,8e-06,0.0,0.404615
56,0.149661,-0.044432,0.29041,-0.068022,0.10836,-0.991805,-0.669716,-0.741766,-0.035163,-0.739421,0.661698,0.124261,0.0,0.0,0.0,0.0,0.0,0.0,0.439004,-0.193147,-0.034824,0.301504,-0.279703,-0.84518,0.455444,0.92584,-0.112099,0.360815,-0.253553,0.523645,0.813246,0.003796,0.00773,0.052864,-0.013997,-0.006622,-0.154661,0.353599,0.029753,0.025296,-0.017368,0.330931,0.868464,0.369126,-0.901438,0.175247,0.395849,0.279093,-0.463743,0.840861,0.001869,0.003906,0.02649,-0.034743,-0.086775,0.018438,0.308658,0.073786,0.020469,-0.072394,0.213351,-0.138373,-0.967126,0.592478,0.805438,0.015463,0.77682,-0.5763,0.253824,1e-06,-1e-06,-3e-06,2e-06,2e-06,-1.2e-05,0.403799
57,0.149661,-0.044437,0.290403,-0.068043,0.108353,-0.991804,-0.669715,-0.741768,-0.035145,-0.739419,0.661697,0.124272,-8.7e-05,-0.000635,-0.00087,0.0,0.0,0.0,0.439268,-0.193158,-0.034649,0.302486,-0.276036,-0.847474,0.453414,0.927218,-0.110786,0.357668,-0.252541,0.520201,0.815767,0.003659,0.006295,0.050897,0.073787,-0.195049,-0.04079,0.35399,0.029747,0.025387,-0.016872,0.327598,0.870422,0.367483,-0.90284,0.173749,0.393307,0.278493,-0.460625,0.842772,-0.006168,0.008526,0.02166,0.137964,-0.115689,-0.26658,0.302126,0.073786,0.020468,-0.072395,0.213371,-0.138364,-0.967123,0.592474,0.80544,0.015482,0.776818,-0.576299,0.253835,-6.8e-05,-0.000506,-0.000695,1e-06,1.6e-05,-1.9e-05,0.404125
58,0.149672,-0.044435,0.290388,-0.068024,0.108359,-0.991805,-0.669696,-0.741784,-0.035165,-0.739438,0.661678,0.124261,-2e-06,-1.8e-05,-2.5e-05,0.0,0.0,0.0,0.438796,-0.193214,-0.034563,0.30448,-0.268089,-0.848871,0.455564,0.930628,-0.106131,0.350147,-0.248549,0.518891,0.817825,-0.011839,0.004077,0.048901,-0.004229,-0.092823,-0.012813,0.355766,0.029721,0.025434,-0.015855,0.319562,0.872489,0.369652,-0.906947,0.168636,0.386016,0.274458,-0.458611,0.845191,-0.005967,0.001886,0.024272,-0.045332,-0.065287,-0.001805,0.299677,0.073791,0.020468,-0.072405,0.213353,-0.138372,-0.967126,0.592457,0.805453,0.015458,0.776836,-0.576279,0.253825,-0.0,-2e-06,-3e-06,2e-06,-4e-06,-5e-06,0.403962
