frame,MLTx,MLTy,MLTz,MLTR1,MLTR2,MLTR3,MLTR4,MLTR5,MLTR6,MLTR7,MLTR8,MLTR9,MLTTVx,MLTTVy,MLTTVz,MLTRVx,MLTRVy,MLTRVz,MLGA,MRTx,MRTy,MRTz,MRTR1,MRTR2,MRTR3,MRTR4,MRTR5,MRTR6,MRTR7,MRTR8,MRTR9,MRTTVx,MRTTVy,MRTTVz,MRTRVx,MRTRVy,MRTRVz,MRGA,SLTx,SLTy,SLTz,SLTR1,SLTR2,SLTR3,SLTR4,SLTR5,SLTR6,SLTR7,SLTR8,SLTR9,SLTTVx,SLTTVy,SLTTVz,SLTRVx,SLTRVy,SLTRVz,SLGA,SRTx,SRTy,SRTz,SRTR1,SRTR2,SRTR3,SRTR4,SRTR5,SRTR6,SRTR7,SRTR8,SRTR9,SRTTVx,SRTTVy,SRTTVz,SRTRVx,SRTRVy,SRTRVz,SRGA
1,0.14685,-0.072011,0.298132,-0.454451,0.270981,-0.848581,-0.440845,-0.896165,-0.050148,-0.773499,0.35096,0.527782,-1.3e-05,-8.8e-05,-0.000132,0.0,0.0,0.0,0.520203,-0.156341,-0.069343,0.284873,-0.606169,-0.40286,0.685751,0.734591,-0.613898,0.288859,0.305356,0.679344,0.667168,1e-06,-0.000114,-0.00018,0.0,0.0,0.0,0.535749,0.048574,0.019605,-0.013781,0.673443,0.360012,0.64565,-0.671826,0.662455,0.331364,-0.308419,-0.65692,0.687991,0.0,1.7e-05,1.8e-05,5e-06,1.2e-05,-5e-06,-0.245877,0.075907,0.013504,-0.055236,0.462164,-0.260225,-0.847753,0.403432,0.913018,-0.060322,0.789712,-0.314132,0.526947,4e-05,0.000246,0.00036,0.000173,5e-06,-0.000123,-0.039045
2,0.146862,-0.072011,0.298131,-0.454433,0.270997,-0.848585,-0.440855,-0.89616,-0.050167,-0.773504,0.350963,0.527772,-0.0,-1e-06,-2e-06,0.0,0.0,0.0,0.52003,-0.156341,-0.069339,0.284881,-0.606185,-0.402856,0.685739,0.734579,-0.613907,0.288871,0.305351,0.679339,0.667176,-4e-06,0.000576,0.00091,0.0,0.0,0.0,0.535635,0.048574,0.019605,-0.013781,0.673443,0.360012,0.64565,-0.671826,0.662455,0.331364,-0.308419,-0.65692,0.687991,0.0,1.7e-05,1.8e-05,5e-06,1.2e-05,-5e-06,-0.245877,0.075907,0.013504,-0.055236,0.462164,-0.260225,-0.847753,0.403432,0.913018,-0.060322,0.789712,-0.314132,0.526947,4e-05,0.000246,0.00036,0.000173,5e-06,-0.000123,-0.039045
3,0.146851,-0.072006,0.298139,-0.454435,0.270995,-0.848585,-0.440853,-0.896161,-0.050164,-0.773503,0.350963,0.527774,7e-06,4.4e-05,6.7e-05,0.0,0.0,0.0,0.519904,-0.156341,-0.069334,0.284888,-0.606202,-0.402851,0.685727,0.734567,-0.613915,0.288883,0.305346,0.679334,0.667183,-0.0,4e-06,6e-06,0.0,0.0,0.0,0.535465,0.048574,0.019605,-0.013781,0.673443,0.360012,0.64565,-0.671826,0.662455,0.331364,-0.308419,-0.65692,0.687991,0.0,1.7e-05,1.8e-05,5e-06,1.2e-05,-5e-06,-0.245877,0.075907,0.013504,-0.055236,0.462164,-0.260225,-0.847753,0.403432,0.913018,-0.060322,0.789712,-0.314132,0.526947,4e-05,0.000246,0.00036,0.000173,5e-06,-0.000123,-0.039045
4,0.14685,-0.072011,0.298132,-0.454451,0.270981,-0.848581,-0.440845,-0.896165,-0.050148,-0.773499,0.35096,0.527782,-3e-05,-0.000199,-0.000298,0.0,0.0,0.0,0.519741,-0.156341,-0.069343,0.284873,-0.606169,-0.40286,0.685751,0.734591,-0.613898,0.288859,0.305356,0.679344,0.667168,3e-06,-0.000419,-0.000663,0.0,0.0,0.0,0.53593,0.048574,0.019605,-0.013781,0.673443,0.360012,0.64565,-0.671826,0.662455,0.331364,-0.308419,-0.65692,0.687991,0.0,1.7e-05,1.8e-05,5e-06,1.2e-05,-5e-06,-0.245877,0.075907,0.013504,-0.055236,0.462164,-0.260225,-0.847753,0.403432,0.913018,-0.060322,0.789712,-0.314132,0.526947,4e-05,0.000246,0.00036,0.000173,5e-06,-0.000123,-0.039045
5,0.146862,-0.072011,0.298131,-0.454433,0.270997,-0.848585,-0.440855,-0.89616,-0.050167,-0.773504,0.350963,0.527772,-1e-06,-3e-06,-5e-06,0.0,0.0,0.0,0.519564,-0.156353,-0.069344,0.284874,-0.606149,-0.402866,0.685765,0.734605,-0.613888,0.288845,0.305362,0.679349,0.66716,0.0,-6e-06,-1e-05,0.0,0.0,0.0,0.535573,0.048574,0.019605,-0.013781,0.673443,0.360012,0.64565,-0.671826,0.662455,0.331364,-0.308419,-0.65692,0.687991,0.0,1.7e-05,1.8e-05,5e-06,1.2e-05,-5e-06,-0.245877,0.075907,0.013504,-0.055236,0.462164,-0.260225,-0.847753,0.403432,0.913018,-0.060322,0.789712,-0.314132,0.526947,4e-05,0.000246,0.00036,0.000173,5e-06,-0.000123,-0.039045
6,0.146863,-0.072007,0.298138,-0.454417,0.271011,-0.848589,-0.440863,-0.896155,-0.050184,-0.773509,0.350965,0.527764,2.4e-05,0.000163,0.000244,0.0,0.0,0.0,0.519741,-0.156341,-0.069334,0.284888,-0.606202,-0.402851,0.685727,0.734567,-0.613915,0.288883,0.305346,0.679334,0.667183,-0.0,2.7e-05,4.2e-05,0.0,0.0,0.0,0.535604,0.048574,0.019605,-0.013781,0.673443,0.360012,0.64565,-0.671826,0.662455,0.331364,-0.308419,-0.65692,0.687991,0.0,1.7e-05,1.8e-05,5e-06,1.2e-05,-5e-06,-0.245877,0.075907,0.013504,-0.055236,0.462164,-0.260225,-0.847753,0.403432,0.913018,-0.060322,0.789712,-0.314132,0.526947,4e-05,0.000246,0.00036,0.000173,5e-06,-0.000123,-0.039045
7,0.146863,-0.072007,0.298138,-0.454417,0.271011,-0.848589,-0.440863,-0.896155,-0.050184,-0.773509,0.350965,0.527764,5e-05,0.000336,0.000504,0.0,0.0,0.0,0.51996,-0.156341,-0.069343,0.284873,-0.606169,-0.40286,0.685751,0.734591,-0.613898,0.288859,0.305356,0.679344,0.667168,7e-06,-0.000946,-0.001497,-0.001789,0.013383,-0.025458,0.536149,0.048574,0.019605,-0.013781,0.673443,0.360012,0.64565,-0.671826,0.662455,0.331364,-0.308419,-0.65692,0.687991,0.0,1.7e-05,1.8e-05,5e-06,1.2e-05,-5e-06,-0.245877,0.075907,0.013504,-0.055236,0.462164,-0.260225,-0.847753,0.403432,0.913018,-0.060322,0.789712,-0.314132,0.526947,4e-05,0.000246,0.00036,0.000173,5e-06,-0.000123,-0.039045
8,0.14685,-0.072011,0.298132,-0.454451,0.270981,-0.848581,-0.440845,-0.896165,-0.050148,-0.773499,0.35096,0.527782,-0.0,-0.0,-0.0,0.0,0.0,0.0,0.519775,-0.156341,-0.069339,0.284881,-0.606185,-0.402856,0.685739,0.734579,-0.613907,0.288871,0.305351,0.679339,0.667176,-0.0,2.6e-05,4.1e-05,0.0,0.0,0.0,0.535572,0.048574,0.019605,-0.013781,0.673443,0.360012,0.64565,-0.671826,0.662455,0.331364,-0.308419,-0.65692,0.687991,0.0,1.7e-05,1.8e-05,5e-06,1.2e-05,-5e-06,-0.245877,0.075907,0.013504,-0.055236,0.462164,-0.260225,-0.847753,0.403432,0.913018,-0.060322,0.789712,-0.314132,0.526947,4e-05,0.000246,0.00036,0.000173,5e-06,-0.000123,-0.039045
9,0.146851,-0.072006,0.298139,-0.454435,0.270995,-0.848585,-0.440853,-0.896161,-0.050164,-0.773503,0.350963,0.527774,-0.016413,0.001904,0.002473,-0.00013,0.001817,-0.003795,0.519526,-0.156341,-0.069334,0.284888,-0.606202,-0.402851,0.685727,0.734567,-0.613915,0.288883,0.305346,0.679334,0.667183,0.0166,0.001165,-0.00048,0.002045,-0.015205,0.029245,0.535861,0.048574,0.019605,-0.013781,0.673443,0.360012,0.64565,-0.671826,0.662455,0.331364,-0.308419,-0.65692,0.687991,0.0,1.7e-05,1.8e-05,5e-06,1.2e-05,-5e-06,-0.245877,0.075907,0.013504,-0.055236,0.462164,-0.260225,-0.847753,0.403432,0.913018,-0.060322,0.789712,-0.314132,0.526947,4e-05,0.000246,0.00036,0.000173,5e-06,-0.000123,-0.039045
10,0.146862,-0.072011,0.298131,-0.454433,0.270997,-0.848585,-0.440855,-0.89616,-0.050167,-0.773504,0.350963,0.527772,-0.000124,-0.000828,-0.001239,0.0,0.0,0.0,0.519756,-0.156341,-0.069339,0.284881,-0.606185,-0.402856,0.685739,0.734579,-0.613907,0.288871,0.305351,0.679339,0.667176,0.0,-7e-06,-1.1e-05,0.0,0.0,0.0,0.535695,0.048574,0.019605,-0.013781,0.673443,0.360012,0.64565,-0.671826,0.662455,0.331364,-0.308419,-0.65692,0.687991,0.0,1.7e-05,1.8e-05,5e-06,1.2e-05,-5e-06,-0.245877,0.075907,0.013504,-0.055236,0.462164,-0.260225,-0.847753,0.403432,0.913018,-0.060322,0.789712,-0.314132,0.526947,4e-05,0.000246,0.00036,0.000173,5e-06,-0.000123,-0.039045
11,0.146862,-0.072011,0.298131,-0.454433,0.270997,-0.848585,-0.440855,-0.89616,-0.050167,-0.773504,0.350963,0.527772,-0.0,-0.0,-1e-06,0.0,0.0,0.0,0.519615,-0.156353,-0.06934,0.284881,-0.606166,-0.402861,0.685753,0.734593,-0.613897,0.288857,0.305357,0.679344,0.667167,-1e-06,6.9e-05,0.000109,0.0,0.0,0.0,0.535618,0.048574,0.019605,-0.013781,0.673443,0.360012,0.64565,-0.671826,0.662455,0.331364,-0.308419,-0.65692,0.687991,0.0,1.7e-05,1.8e-05,5e-06,1.2e-05,-5e-06,-0.245877,0.075907,0.013504,-0.055236,0.462164,-0.260225,-0.847753,0.403432,0.913018,-0.060322,0.789712,-0.314132,0.526947,4e-05,0.000246,0.00036,0.000173,5e-06,-0.000123,-0.039045
12,0.14685,-0.072011,0.298132,-0.454451,0.270981,-0.848581,-0.440845,-0.896165,-0.050148,-0.773499,0.35096,0.527782,-0.0,-0.0,-0.0,0.0,0.0,0.0,0.519886,-0.156341,-0.069334,0.284888,-0.606202,-0.402851,0.685727,0.734567,-0.613915,0.288883,0.305346,0.679334,0.667183,-2e-06,0.000219,0.000346,0.0,0.0,0.0,0.535925,0.048574,0.019605,-0.013781,0.673443,0.360012,0.64565,-0.671826,0.662455,0.331364,-0.308419,-0.65692,0.687991,0.0,1.7e-05,1.8e-05,5e-06,1.2e-05,-5e-06,-0.245877,0.075907,0.013504,-0.055236,0.462164,-0.260225,-0.847753,0.403432,0.913018,-0.060322,0.789712,-0.314132,0.526947,4e-05,0.000246,0.00036,0.000173,5e-06,-0.000123,-0.039045
13,0.14685,-0.072011,0.298132,-0.454451,0.270981,-0.848581,-0.440845,-0.896165,-0.050148,-0.773499,0.35096,0.527782,-0.000105,-0.000704,-0.001053,0.0,0.0,0.0,0.519718,-0.156341,-0.069339,0.284881,-0.606185,-0.402856,0.685739,0.734579,-0.613907,0.288871,0.305351,0.679339,0.667176,0.0,-1.4e-05,-2.2e-05,0.0,0.0,0.0,0.535596,0.048574,0.019605,-0.013781,0.673443,0.360012,0.64565,-0.671826,0.662455,0.331364,-0.308419,-0.65692,0.687991,0.0,1.7e-05,1.8e-05,5e-06,1.2e-05,-5e-06,-0.245877,0.075907,0.013504,-0.055236,0.462164,-0.260225,-0.847753,0.403432,0.913018,-0.060322,0.789712,-0.314132,0.526947,4e-05,0.000246,0.00036,0.000173,5e-06,-0.000123,-0.039045
14,0.146862,-0.072011,0.298131,-0.454433,0.270997,-0.848585,-0.440855,-0.89616,-0.050167,-0.773504,0.350963,0.527772,-0.0,-0.0,-1e-06,0.0,0.0,0.0,0.519636,-0.156341,-0.069339,0.284881,-0.606185,-0.402856,0.685739,0.734579,-0.613907,0.288871,0.305351,0.679339,0.667176,-1e-06,0.000155,0.000245,0.0,0.0,0.0,0.535751,0.048574,0.019605,-0.013781,0.673443,0.360012,0.64565,-0.671826,0.662455,0.331364,-0.308419,-0.65692,0.687991,0.0,1.7e-05,1.8e-05,5e-06,1.2e-05,-5e-06,-0.245877,0.075907,0.013504,-0.055236,0.462164,-0.260225,-0.847753,0.403432,0.913018,-0.060322,0.789712,-0.314132,0.526947,4e-05,0.000246,0.00036,0.000173,5e-06,-0.000123,-0.039045
15,0.146863,-0.072014,0.298145,-0.45443,0.271002,-0.848585,-0.440877,-0.896149,-0.050158,-0.773493,0.350986,0.527773,4e-06,2.7e-05,4.1e-05,0.0,0.0,0.0,0.519741,-0.156341,-0.069334,0.284888,-0.606202,-0.402851,0.685727,0.734567,-0.613915,0.288883,0.305346,0.679334,0.667183,-0.0,1.9e-05,3e-05,0.0,0.0,0.0,0.535612,0.048574,0.019605,-0.013781,0.673443,0.360012,0.64565,-0.671826,0.662455,0.331364,-0.308419,-0.65692,0.687991,0.0,1.7e-05,1.8e-05,5e-06,1.2e-05,-5e-06,-0.245877,0.075907,0.013504,-0.055236,0.462164,-0.260225,-0.847753,0.403432,0.913018,-0.060322,0.789712,-0.314132,0.526947,4e-05,0.000246,0.00036,0.000173,5e-06,-0.000123,-0.039045
16,0.14685,-0.072011,0.298132,-0.454451,0.270981,-0.848581,-0.440845,-0.896165,-0.050148,-0.773499,0.35096,0.527782,-0.016683,0.000102,-0.000225,-0.000984,0.014715,-0.029553,0.519601,-0.156341,-0.069339,0.284881,-0.606185,-0.402856,0.685739,0.734579,-0.613907,0.288871,0.305351,0.679339,0.667176,0.016601,0.001064,-0.00064,0.002045,-0.015205,0.029245,0.536023,0.048574,0.019605,-0.013781,0.673443,0.360012,0.64565,-0.671826,0.662455,0.331364,-0.308419,-0.65692,0.687991,0.0,1.7e-05,1.8e-05,5e-06,1.2e-05,-5e-06,-0.245877,0.075907,0.013504,-0.055236,0.462164,-0.260225,-0.847753,0.403432,0.913018,-0.060322,0.789712,-0.314132,0.526947,4e-05,0.000246,0.00036,0.000173,5e-06,-0.000123,-0.039045
17,0.14685,-0.072011,0.298132,-0.454451,0.270981,-0.848581,-0.440845,-0.896165,-0.050148,-0.773499,0.35096,0.527782,-0.01656,0.000928,0.001012,-0.000984,0.014715,-0.029553,0.51952,-0.156341,-0.069339,0.284881,-0.606185,-0.402856,0.685739,0.734579,-0.613907,0.288871,0.305351,0.679339,0.667176,-5e-06,0.000666,0.001053,0.0,0.0,0.0,0.535789,0.048574,0.019605,-0.013781,0.673443,0.360012,0.64565,-0.671826,0.662455,0.331364,-0.308419,-0.65692,0.687991,0.0,1.7e-05,1.8e-05,5e-06,1.2e-05,-5e-06,-0.245877,0.075907,0.013504,-0.055236,0.462164,-0.260225,-0.847753,0.403432,0.913018,-0.060322,0.789712,-0.314132,0.526947,4e-05,0.000246,0.00036,0.000173,5e-06,-0.000123,-0.039045
18,0.146863,-0.072007,0.298138,-0.454417,0.271011,-0.848589,-0.440863,-0.896155,-0.050184,-0.773509,0.350965,0.527764,9e-06,6.1e-05,9.2e-05,0.0,0.0,0.0,0.519907,-0.156353,-0.069335,0.284889,-0.606183,-0.402856,0.685741,0.734581,-0.613905,0.288869,0.305352,0.679339,0.667175,-1e-06,7e-05,0.000111,0.0,0.0,0.0,0.535587,0.048574,0.019605,-0.013781,0.673443,0.360012,0.64565,-0.671826,0.662455,0.331364,-0.308419,-0.65692,0.687991,0.0,1.7e-05,1.8e-05,5e-06,1.2e-05,-5e-06,-0.245877,0.075907,0.013504,-0.055236,0.462164,-0.260225,-0.847753,0.403432,0.913018,-0.060322,0.789712,-0.314132,0.526947,4e-05,0.000246,0.00036,0.000173,5e-06,-0.000123,-0.039045
19,0.146863,-0.072007,0.298138,-0.454417,0.271011,-0.848589,-0.440863,-0.896155,-0.050184,-0.773509,0.350965,0.527764,1.8e-05,0.010434,-0.009077,0.035638,-0.012391,0.01865,0.519949,-0.156341,-0.069339,0.284881,-0.606185,-0.402856,0.685739,0.734579,-0.613907,0.288871,0.305351,0.679339,0.667176,1e-06,-6.9e-05,-0.000109,0.0,0.0,0.0,0.535974,0.048574,0.019605,-0.013781,0.673443,0.360012,0.64565,-0.671826,0.662455,0.331364,-0.308419,-0.65692,0.687991,0.0,1.7e-05,1.8e-05,5e-06,1.2e-05,-5e-06,-0.245877,0.075907,0.013504,-0.055236,0.462164,-0.260225,-0.847753,0.403432,0.913018,-0.060322,0.789712,-0.314132,0.526947,4e-05,0.000246,0.00036,0.000173,5e-06,-0.000123,-0.039045
20,0.14685,-0.072011,0.298132,-0.454451,0.270981,-0.848581,-0.440845,-0.896165,-0.050148,-0.773499,0.35096,0.527782,-0.01656,0.000926,0.001009,-0.000984,0.014715,-0.029553,0.51958,-0.156341,-0.069339,0.284881,-0.606185,-0.402856,0.685739,0.734579,-0.613907,0.288871,0.305351,0.679339,0.667176,-7e-06,0.000881,0.001393,0.001789,-0.013383,0.025458,0.53551,0.048574,0.019605,-0.013781,0.673443,0.360012,0.64565,-0.671826,0.662455,0.331364,-0.308419,-0.65692,0.687991,0.0,1.7e-05,1.8e-05,5e-06,1.2e-05,-5e-06,-0.245877,0.075907,0.013504,-0.055236,0.462164,-0.260225,-0.847753,0.403432,0.913018,-0.060322,0.789712,-0.314132,0.526947,4e-05,0.000246,0.00036,0.000173,5e-06,-0.000123,-0.039045
21,0.146863,-0.072014,0.298145,-0.45443,0.271002,-0.848585,-0.440877,-0.896149,-0.050158,-0.773493,0.350986,0.527773,2.1e-05,0.000139,0.000207,0.0,0.0,0.0,0.519708,-0.156341,-0.069334,0.284888,-0.606202,-0.402851,0.685727,0.734567,-0.613915,0.288883,0.305346,0.679334,0.667183,-4e-06,0.000491,0.000777,0.0,0.0,0.0,0.535728,0.048574,0.019605,-0.013781,0.673443,0.360012,0.64565,-0.671826,0.662455,0.331364,-0.308419,-0.65692,0.687991,0.0,1.7e-05,1.8e-05,5e-06,1.2e-05,-5e-06,-0.245877,0.075907,0.013504,-0.055236,0.462164,-0.260225,-0.847753,0.403432,0.913018,-0.060322,0.789712,-0.314132,0.526947,4e-05,0.000246,0.00036,0.000173,5e-06,-0.000123,-0.039045
22,0.14685,-0.072011,0.298132,-0.454451,0.270981,-0.848581,-0.440845,-0.896165,-0.050148,-0.773499,0.35096,0.527782,-8.9e-05,-0.000596,-0.000893,0.0,0.0,0.0,0.519727,-0.156353,-0.06934,0.284881,-0.606166,-0.402861,0.685753,0.734593,-0.613897,0.288857,0.305357,0.679344,0.667167,2e-06,-0.000294,-0.000465,0.0,0.0,0.0,0.535502,0.048574,0.019605,-0.013781,0.673443,0.360012,0.64565,-0.671826,0.662455,0.331364,-0.308419,-0.65692,0.687991,0.0,1.7e-05,1.8e-05,5e-06,1.2e-05,-5e-06,-0.245877,0.075907,0.013504,-0.055236,0.462164,-0.260225,-0.847753,0.403432,0.913018,-0.060322,0.789712,-0.314132,0.526947,4e-05,0.000246,0.00036,0.000173,5e-06,-0.000123,-0.039045
23,0.146862,-0.072011,0.298131,-0.454433,0.270997,-0.848585,-0.440855,-0.89616,-0.050167,-0.773504,0.350963,0.527772,-6e-06,-3.8e-05,-5.7e-05,0.0,0.0,0.0,0.519948,-0.156341,-0.069339,0.284881,-0.606185,-0.402856,0.685739,0.734579,-0.613907,0.288871,0.305351,0.679339,0.667176,0.0,-0.0,-0.0,0.0,0.0,0.0,0.535708,0.048574,0.019605,-0.013781,0.673443,0.360012,0.64565,-0.671826,0.662455,0.331364,-0.308419,-0.65692,0.687991,0.0,1.7e-05,1.8e-05,5e-06,1.2e-05,-5e-06,-0.245877,0.075907,0.013504,-0.055236,0.462164,-0.260225,-0.847753,0.403432,0.913018,-0.060322,0.789712,-0.314132,0.526947,4e-05,0.000246,0.00036,0.000173,5e-06,-0.000123,-0.039045
24,0.146863,-0.072007,0.298138,-0.454417,0.271011,-0.848589,-0.440863,-0.896155,-0.050184,-0.773509,0.350965,0.527764,0.000105,0.000704,0.001054,0.0,0.0,0.0,0.520121,-0.156341,-0.069339,0.284881,-0.606185,-0.402856,0.685739,0.734579,-0.613907,0.288871,0.305351,0.679339,0.667176,0.0,-0.0,-0.0,0.0,0.0,0.0,0.535763,0.048574,0.019605,-0.013781,0.673443,0.360012,0.64565,-0.671826,0.662455,0.331364,-0.308419,-0.65692,0.687991,0.0,1.7e-05,1.8e-05,5e-06,1.2e-05,-5e-06,-0.245877,0.075907,0.013504,-0.055236,0.462164,-0.260225,-0.847753,0.403432,0.913018,-0.060322,0.789712,-0.314132,0.526947,4e-05,0.000246,0.00036,0.000173,5e-06,-0.000123,-0.039045
25,0.146863,-0.072007,0.298138,-0.454417,0.271011,-0.848589,-0.440863,-0.896155,-0.050184,-0.773509,0.350965,0.527764,8.4e-05,0.00056,0.000839,0.0,0.0,0.0,0.519824,-0.156353,-0.06934,0.284881,-0.606166,-0.402861,0.685753,0.734593,-0.613897,0.288857,0.305357,0.679344,0.667167,0.0,-0.0,-0.0,0.0,0.0,0.0,0.5356,0.048574,0.019605,-0.013781,0.673443,0.360012,0.64565,-0.671826,0.662455,0.331364,-0.308419,-0.65692,0.687991,0.0,1.7e-05,1.8e-05,5e-06,1.2e-05,-5e-06,-0.245877,0.075907,0.013504,-0.055236,0.462164,-0.260225,-0.847753,0.403432,0.913018,-0.060322,0.789712,-0.314132,0.526947,4e-05,0.000246,0.00036,0.000173,5e-06,-0.000123,-0.039045
26,0.146862,-0.072011,0.298131,-0.454433,0.270997,-0.848585,-0.440855,-0.89616,-0.050167,-0.773504,0.350963,0.527772,-1.2e-05,-8.1e-05,-0.000122,0.0,0.0,0.0,0.519705,-0.156341,-0.069339,0.284881,-0.606185,-0.402856,0.685739,0.734579,-0.613907,0.288871,0.305351,0.679339,0.667176,0.0,-0.0,-0.0,0.0,0.0,0.0,0.536008,0.048574,0.019605,-0.013781,0.673443,0.360012,0.64565,-0.671826,0.662455,0.331364,-0.308419,-0.65692,0.687991,0.0,1.7e-05,1.8e-05,5e-06,1.2e-05,-5e-06,-0.245877,0.075907,0.013504,-0.055236,0.462164,-0.260225,-0.847753,0.403432,0.913018,-0.060322,0.789712,-0.314132,0.526947,4e-05,0.000246,0.00036,0.000173,5e-06,-0.000123,-0.039045
27,0.146851,-0.072014,0.298146,-0.454448,0.270986,-0.848581,-0.440868,-0.896155,-0.050139,-0.773487,0.350984,0.527783,2.2e-05,0.000144,0.000215,0.0,0.0,0.0,0.51977,-0.156341,-0.069339,0.284881,-0.606185,-0.402856,0.685739,0.734579,-0.613907,0.288871,0.305351,0.679339,0.667176,0.0,-0.0,-0.0,0.0,0.0,0.0,0.536038,0.048574,0.019605,-0.013781,0.673443,0.360012,0.64565,-0.671826,0.662455,0.331364,-0.308419,-0.65692,0.687991,0.0,1.7e-05,1.8e-05,5e-06,1.2e-05,-5e-06,-0.245877,0.075907,0.013504,-0.055236,0.462164,-0.260225,-0.847753,0.403432,0.913018,-0.060322,0.789712,-0.314132,0.526947,4e-05,0.000246,0.00036,0.000173,5e-06,-0.000123,-0.039045
28,0.146851,-0.072014,0.298146,-0.454448,0.270986,-0.848581,-0.440868,-0.896155,-0.050139,-0.773487,0.350984,0.527783,-2.2e-05,-0.00015,-0.000224,0.0,0.0,0.0,0.519757,-0.156341,-0.069339,0.284881,-0.606185,-0.402856,0.685739,0.734579,-0.613907,0.288871,0.305351,0.679339,0.667176,2e-06,-0.000273,-0.000432,0.0,0.0,0.0,0.536031,0.048574,0.019605,-0.013781,0.673443,0.360012,0.64565,-0.671826,0.662455,0.331364,-0.308419,-0.65692,0.687991,0.0,1.7e-05,1.8e-05,5e-06,1.2e-05,-5e-06,-0.245877,0.075907,0.013504,-0.055236,0.462164,-0.260225,-0.847753,0.403432,0.913018,-0.060322,0.789712,-0.314132,0.526947,4e-05,0.000246,0.00036,0.000173,5e-06,-0.000123,-0.039045
29,0.14685,-0.072011,0.298132,-0.454451,0.270981,-0.848581,-0.440845,-0.896165,-0.050148,-0.773499,0.35096,0.527782,-7.6e-05,-0.000511,-0.000765,0.0,0.0,0.0,0.519745,-0.156353,-0.06934,0.284881,-0.606166,-0.402861,0.685753,0.734593,-0.613897,0.288857,0.305357,0.679344,0.667167,0.0,-4e-06,-6e-06,0.0,0.0,0.0,0.535654,0.048574,0.019605,-0.013781,0.673443,0.360012,0.64565,-0.671826,0.662455,0.331364,-0.308419,-0.65692,0.687991,0.0,1.7e-05,1.8e-05,5e-06,1.2e-05,-5e-06,-0.245877,0.075907,0.013504,-0.055236,0.462164,-0.260225,-0.847753,0.403432,0.913018,-0.060322,0.789712,-0.314132,0.526947,4e-05,0.000246,0.00036,0.000173,5e-06,-0.000123,-0.039045
30,0.146862,-0.072011,0.298131,-0.454433,0.270997,-0.848585,-0.440855,-0.89616,-0.050167,-0.773504,0.350963,0.527772,9e-06,6.2e-05,9.3e-05,0.0,0.0,0.0,0.519408,-0.156341,-0.069339,0.284881,-0.606185,-0.402856,0.685739,0.734579,-0.613907,0.288871,0.305351,0.679339,0.667176,0.016601,0.001095,-0.000591,0.002045,-0.015205,0.029245,0.536097,0.048574,0.019605,-0.013781,0.673443,0.360012,0.64565,-0.671826,0.662455,0.331364,-0.308419,-0.65692,0.687991,0.0,1.7e-05,1.8e-05,5e-06,1.2e-05,-5e-06,-0.245877,0.075907,0.013504,-0.055236,0.462164,-0.260225,-0.847753,0.403432,0.913018,-0.060322,0.789712,-0.314132,0.526947,4e-05,0.000246,0.00036,0.000173,5e-06,-0.000123,-0.039045
31,0.146827,-0.072007,0.298155,-0.454469,0.270968,-0.848575,-0.440857,-0.896162,-0.050117,-0.773481,0.350981,0.527793,-0.016551,0.000985,0.001096,-0.000984,0.014715,-0.029553,0.520269,-0.156353,-0.06934,0.284881,-0.606166,-0.402861,0.685753,0.734593,-0.613897,0.288857,0.305357,0.679344,0.667167,0.0,-0.0,-0.0,0.0,0.0,0.0,0.535772,0.048574,0.019605,-0.013781,0.673443,0.360012,0.64565,-0.671826,0.662455,0.331364,-0.308419,-0.65692,0.687991,0.0,1.7e-05,1.8e-05,5e-06,1.2e-05,-5e-06,-0.245877,0.075907,0.013504,-0.055236,0.462164,-0.260225,-0.847753,0.403432,0.913018,-0.060322,0.789712,-0.314132,0.526947,4e-05,0.000246,0.00036,0.000173,5e-06,-0.000123,-0.039045
32,0.146778,-0.072015,0.298179,-0.454553,0.270899,-0.848552,-0.440856,-0.896168,-0.050005,-0.773432,0.351017,0.527841,0.0,1e-06,2e-06,0.0,0.0,0.0,0.519705,-0.156341,-0.069339,0.284881,-0.606185,-0.402856,0.685739,0.734579,-0.613907,0.288871,0.305351,0.679339,0.667176,0.0,-0.0,-0.0,0.0,0.0,0.0,0.535785,0.048574,0.019605,-0.013781,0.673443,0.360012,0.64565,-0.671826,0.662455,0.331364,-0.308419,-0.65692,0.687991,0.0,1.7e-05,1.8e-05,5e-06,1.2e-05,-5e-06,-0.245877,0.075907,0.013504,-0.055236,0.462164,-0.260225,-0.847753,0.403432,0.913018,-0.060322,0.789712,-0.314132,0.526947,4e-05,0.000246,0.00036,0.000173,5e-06,-0.000123,-0.039045
33,0.146753,-0.072033,0.298208,-0.454503,0.270949,-0.848563,-0.440945,-0.896123,-0.050021,-0.773411,0.351093,0.527823,-1.4e-05,-0.0104,0.009128,-0.035638,0.012395,-0.018649,0.519663,-0.156328,-0.069338,0.28488,-0.60858,-0.399253,0.685725,0.730918,-0.618255,0.288885,0.309362,0.677513,0.667184,0.0,-0.0,-0.0,3.789678,1.596532,3.687209,0.535694,0.048574,0.019605,-0.013781,0.673443,0.360012,0.64565,-0.671826,0.662455,0.331364,-0.308419,-0.65692,0.687991,0.0,1.7e-05,1.8e-05,5e-06,1.2e-05,-5e-06,-0.245877,0.075907,0.013504,-0.055236,0.462164,-0.260225,-0.847753,0.403432,0.913018,-0.060322,0.789712,-0.314132,0.526947,4e-05,0.000246,0.00036,0.000173,5e-06,-0.000123,-0.039045
34,0.146704,-0.072053,0.298232,-0.450323,0.273744,-0.849893,-0.440748,-0.895922,-0.055098,-0.775967,0.349432,0.525166,-3.6e-05,-0.000242,-0.000362,8.7e-05,-9.1e-05,0.000131,0.51947,-0.156328,-0.069333,0.284888,-0.608479,-0.399283,0.685797,0.730989,-0.618205,0.288813,0.309393,0.677542,0.667141,-0.0,2e-06,4e-06,0.0,0.0,0.0,0.534163,0.048574,0.019605,-0.013781,0.673443,0.360012,0.64565,-0.671826,0.662455,0.331364,-0.308419,-0.65692,0.687991,0.0,1.7e-05,1.8e-05,5e-06,1.2e-05,-5e-06,-0.245877,0.075907,0.013504,-0.055236,0.462164,-0.260225,-0.847753,0.403432,0.913018,-0.060322,0.789712,-0.314132,0.526947,4e-05,0.000246,0.00036,0.000173,5e-06,-0.000123,-0.039045
35,0.14668,-0.072055,0.298247,-0.45256,0.272225,-0.849193,-0.440828,-0.896047,-0.052377,-0.774618,0.3503,0.526578,1.5e-05,0.0001,0.00015,-0.0,0.0,-0.0,0.519571,-0.156328,-0.069341,0.284894,-0.608466,-0.399288,0.685806,0.731006,-0.61818,0.288822,0.309376,0.677561,0.667129,-0.0,0.0,0.0,0.0,0.0,0.0,0.534114,0.048574,0.019605,-0.013781,0.673443,0.360012,0.64565,-0.671826,0.662455,0.331364,-0.308419,-0.65692,0.687991,0.0,1.7e-05,1.8e-05,5e-06,1.2e-05,-5e-06,-0.245877,0.075907,0.013504,-0.055236,0.462164,-0.260225,-0.847753,0.403432,0.913018,-0.060322,0.789712,-0.314132,0.526947,4e-05,0.000246,0.00036,0.000173,5e-06,-0.000123,-0.039045
36,0.14668,-0.072042,0.298248,-0.452531,0.272248,-0.849201,-0.440822,-0.896047,-0.052419,-0.774638,0.350281,0.52656,1.5e-05,0.000102,0.000152,-0.0,0.0,-0.0,0.519742,-0.156328,-0.069346,0.284887,-0.608449,-0.399293,0.685818,0.731018,-0.618172,0.288809,0.309382,0.677566,0.667121,0.0,-3.1e-05,-4.9e-05,0.0,0.0,0.0,0.534774,0.048574,0.019605,-0.013781,0.673443,0.360012,0.64565,-0.671826,0.662455,0.331364,-0.308419,-0.65692,0.687991,0.0,1.7e-05,1.8e-05,5e-06,1.2e-05,-5e-06,-0.245877,0.075907,0.013504,-0.055236,0.462164,-0.260225,-0.847753,0.403432,0.913018,-0.060322,0.789712,-0.314132,0.526947,4e-05,0.000246,0.00036,0.000173,5e-06,-0.000123,-0.039045
37,0.14668,-0.072039,0.298234,-0.452533,0.272243,-0.849201,-0.440799,-0.896058,-0.052429,-0.77465,0.350258,0.526559,-4e-06,-2.7e-05,-4.1e-05,0.000999,6.2e-05,-0.000619,0.519574,-0.156316,-0.069342,0.284872,-0.608465,-0.399287,0.685808,0.730999,-0.618198,0.288803,0.309397,0.677546,0.667135,0.0,-0.0,-1e-06,-0.01235,0.092362,-0.175691,0.534666,0.048574,0.019605,-0.013781,0.673443,0.360012,0.64565,-0.671826,0.662455,0.331364,-0.308419,-0.65692,0.687991,0.0,1.7e-05,1.8e-05,5e-06,1.2e-05,-5e-06,-0.245877,0.075907,0.013504,-0.055236,0.462164,-0.260225,-0.847753,0.403432,0.913018,-0.060322,0.789712,-0.314132,0.526947,4e-05,0.000246,0.00036,0.000173,5e-06,-0.000123,-0.039045
38,0.146679,-0.07202,0.298206,-0.450889,0.274932,-0.84921,-0.446046,-0.893454,-0.05249,-0.772606,0.354772,0.526539,-0.0,-1e-06,-1e-06,-0.0,-0.0,0.0,0.519522,-0.156328,-0.069346,0.284887,-0.608567,-0.399258,0.685734,0.730935,-0.618231,0.288893,0.309346,0.677533,0.667172,-0.0,1e-06,1e-06,0.0,0.0,0.0,0.535165,0.048574,0.019605,-0.013781,0.673443,0.360012,0.64565,-0.671826,0.662455,0.331364,-0.308419,-0.65692,0.687991,0.0,1.7e-05,1.8e-05,5e-06,1.2e-05,-5e-06,-0.245877,0.075907,0.013504,-0.055236,0.462164,-0.260225,-0.847753,0.403432,0.913018,-0.060322,0.789712,-0.314132,0.526947,4e-05,0.000246,0.00036,0.000173,5e-06,-0.000123,-0.039045
39,0.146679,-0.07202,0.298206,-0.450889,0.274932,-0.84921,-0.446046,-0.893454,-0.05249,-0.772606,0.354772,0.526539,-0.0,-0.0,-0.0,0.0,0.0,0.0,0.519732,-0.156328,-0.069343,0.284873,-0.608563,-0.399258,0.685737,0.730929,-0.618247,0.288873,0.309368,0.677518,0.667177,0.016604,0.000782,-0.001086,0.002045,-0.015205,0.029245,0.535377,0.048574,0.019605,-0.013781,0.673443,0.360012,0.64565,-0.671826,0.662455,0.331364,-0.308419,-0.65692,0.687991,0.0,1.7e-05,1.8e-05,5e-06,1.2e-05,-5e-06,-0.245877,0.075907,0.013504,-0.055236,0.462164,-0.260225,-0.847753,0.403432,0.913018,-0.060322,0.789712,-0.314132,0.526947,4e-05,0.000246,0.00036,0.000173,5e-06,-0.000123,-0.039045
40,0.146678,-0.072018,0.298192,-0.450781,0.275023,-0.849238,-0.44608,-0.893429,-0.052614,-0.772649,0.354763,0.526482,-4.7e-05,-0.000312,-0.000467,-0.037708,-0.002336,0.023377,0.519785,-0.156328,-0.069338,0.28488,-0.60858,-0.399253,0.685725,0.730918,-0.618255,0.288885,0.309362,0.677513,0.667184,-4e-06,0.00047,0.000743,0.0,0.0,0.0,0.535004,0.048574,0.019605,-0.013781,0.673443,0.360012,0.64565,-0.671826,0.662455,0.331364,-0.308419,-0.65692,0.687991,0.0,1.7e-05,1.8e-05,5e-06,1.2e-05,-5e-06,-0.245877,0.075907,0.013504,-0.055236,0.462164,-0.260225,-0.847753,0.403432,0.913018,-0.060322,0.789712,-0.314132,0.526947,4e-05,0.000246,0.00036,0.000173,5e-06,-0.000123,-0.039045
41,0.146776,-0.072033,0.298171,-0.452508,0.272256,-0.84921,-0.440727,-0.896089,-0.052503,-0.774705,0.350168,0.526537,-3e-06,-1.8e-05,-2.7e-05,0.422378,0.026114,-0.261888,0.519649,-0.156316,-0.069337,0.28488,-0.608599,-0.399248,0.685711,0.730904,-0.618265,0.288899,0.309357,0.677508,0.667192,-0.0,5.7e-05,9.1e-05,0.0,0.0,0.0,0.535244,0.048574,0.019605,-0.013781,0.673443,0.360012,0.64565,-0.671826,0.662455,0.331364,-0.308419,-0.65692,0.687991,0.0,1.7e-05,1.8e-05,5e-06,1.2e-05,-5e-06,-0.245877,0.075907,0.013504,-0.055236,0.462164,-0.260225,-0.847753,0.403432,0.913018,-0.060322,0.789712,-0.314132,0.526947,4e-05,0.000246,0.00036,0.000173,5e-06,-0.000123,-0.039045
42,0.146838,-0.072036,0.298167,-0.450796,0.27501,-0.849234,-0.446073,-0.893434,-0.052599,-0.772645,0.354761,0.52649,0.0,1e-06,1e-06,-0.0,-0.0,0.0,0.519731,-0.156341,-0.069339,0.284881,-0.60856,-0.399259,0.685739,0.730931,-0.618245,0.288871,0.309368,0.677519,0.667176,-0.0,0.0,0.0,0.0,0.0,0.0,0.534985,0.048574,0.019605,-0.013781,0.673443,0.360012,0.64565,-0.671826,0.662455,0.331364,-0.308419,-0.65692,0.687991,0.0,1.7e-05,1.8e-05,5e-06,1.2e-05,-5e-06,-0.245877,0.075907,0.013504,-0.055236,0.462164,-0.260225,-0.847753,0.403432,0.913018,-0.060322,0.789712,-0.314132,0.526947,4e-05,0.000246,0.00036,0.000173,5e-06,-0.000123,-0.039045
43,0.146827,-0.072031,0.298175,-0.455105,0.272149,-0.847856,-0.446262,-0.893632,-0.047365,-0.770002,0.356466,0.529203,5e-06,3.2e-05,4.8e-05,-0.0,0.0,-0.0,0.519674,-0.156352,-0.069352,0.28488,-0.608511,-0.399275,0.685774,0.730974,-0.618203,0.288853,0.309363,0.677549,0.667148,4e-06,-0.000577,-0.000913,0.0,0.0,0.0,0.535143,0.048574,0.019605,-0.013781,0.673443,0.360012,0.64565,-0.671826,0.662455,0.331364,-0.308419,-0.65692,0.687991,0.0,1.7e-05,1.8e-05,5e-06,1.2e-05,-5e-06,-0.245877,0.075907,0.013504,-0.055236,0.462164,-0.260225,-0.847753,0.403432,0.913018,-0.060322,0.789712,-0.314132,0.526947,4e-05,0.000246,0.00036,0.000173,5e-06,-0.000123,-0.039045
44,0.14679,-0.072039,0.298198,-0.45506,0.272193,-0.847866,-0.446327,-0.893598,-0.047388,-0.769991,0.356518,0.529185,-5e-06,-3.4e-05,-5.1e-05,-0.0,0.0,-0.0,0.519365,-0.156338,-0.06938,0.284892,-0.608476,-0.399288,0.685797,0.731025,-0.618131,0.28888,0.309314,0.677606,0.667112,1e-06,-0.000134,-0.000212,0.0,0.0,0.0,0.534693,0.048574,0.019605,-0.013781,0.673443,0.360012,0.64565,-0.671826,0.662455,0.331364,-0.308419,-0.65692,0.687991,0.0,1.7e-05,1.8e-05,5e-06,1.2e-05,-5e-06,-0.245877,0.075907,0.013504,-0.055236,0.462164,-0.260225,-0.847753,0.403432,0.913018,-0.060322,0.789712,-0.314132,0.526947,4e-05,0.000246,0.00036,0.000173,5e-06,-0.000123,-0.039045
45,0.146715,-0.072048,0.298203,-0.4552,0.272074,-0.847829,-0.446276,-0.893632,-0.04723,-0.769937,0.356523,0.529259,-0.0,-0.0,-1e-06,0.0,0.0,0.0,0.519545,-0.156325,-0.069374,0.284899,-0.610866,-0.395667,0.685771,0.727325,-0.622467,0.288906,0.31331,0.675752,0.667127,0.001025,-0.010501,0.008979,-0.036416,0.008511,-0.019303,0.53504,0.048574,0.019605,-0.013781,0.673443,0.360012,0.64565,-0.671826,0.662455,0.331364,-0.308419,-0.65692,0.687991,0.0,1.7e-05,1.8e-05,5e-06,1.2e-05,-5e-06,-0.245877,0.075907,0.013504,-0.055236,0.462164,-0.260225,-0.847753,0.403432,0.913018,-0.060322,0.789712,-0.314132,0.526947,4e-05,0.000246,0.00036,0.000173,5e-06,-0.000123,-0.039045
46,0.146677,-0.072054,0.298212,-0.455268,0.272017,-0.84781,-0.446262,-0.893644,-0.047146,-0.769905,0.356538,0.529296,-5e-06,-3.5e-05,-5.2e-05,0.0,0.0,0.0,0.519379,-0.156351,-0.069363,0.284901,-0.610739,-0.395704,0.685863,0.727407,-0.622422,0.288798,0.313368,0.675772,0.66708,-0.0,1.5e-05,2.4e-05,0.0,0.0,0.0,0.535412,0.048574,0.019605,-0.013781,0.673443,0.360012,0.64565,-0.671826,0.662455,0.331364,-0.308419,-0.65692,0.687991,0.0,1.7e-05,1.8e-05,5e-06,1.2e-05,-5e-06,-0.245877,0.075907,0.013504,-0.055236,0.462164,-0.260225,-0.847753,0.403432,0.913018,-0.060322,0.789712,-0.314132,0.526947,4e-05,0.000246,0.00036,0.000173,5e-06,-0.000123,-0.039045
47,0.146616,-0.07203,0.298209,-0.455317,0.27197,-0.847799,-0.446194,-0.893679,-0.047119,-0.769915,0.356485,0.529316,0.0,1e-06,1e-06,0.0,0.0,0.0,0.518863,-0.156351,-0.069368,0.284894,-0.610839,-0.395674,0.685791,0.727336,-0.622472,0.28887,0.313337,0.675744,0.667123,0.0,-2.2e-05,-3.5e-05,-0.012349,0.092348,-0.175698,0.53546,0.048574,0.019605,-0.013781,0.673443,0.360012,0.64565,-0.671826,0.662455,0.331364,-0.308419,-0.65692,0.687991,0.0,1.7e-05,1.8e-05,5e-06,1.2e-05,-5e-06,-0.245877,0.075907,0.013504,-0.055236,0.462164,-0.260225,-0.847753,0.403432,0.913018,-0.060322,0.789712,-0.314132,0.526947,4e-05,0.000246,0.00036,0.000173,5e-06,-0.000123,-0.039045
48,0.146627,-0.072032,0.298187,-0.455318,0.271968,-0.8478,-0.446172,-0.893689,-0.047131,-0.769927,0.356462,0.529314,-6e-06,-3.9e-05,-5.8e-05,0.0,0.0,0.0,0.519458,-0.156338,-0.069367,0.284893,-0.610976,-0.395633,0.685692,0.727238,-0.62254,0.288968,0.313296,0.675705,0.667182,0.0,-7e-06,-1.2e-05,0.0,0.0,0.0,0.535031,0.048574,0.019605,-0.013781,0.673443,0.360012,0.64565,-0.671826,0.662455,0.331364,-0.308419,-0.65692,0.687991,0.0,1.7e-05,1.8e-05,5e-06,1.2e-05,-5e-06,-0.245877,0.075907,0.013504,-0.055236,0.462164,-0.260225,-0.847753,0.403432,0.913018,-0.060322,0.789712,-0.314132,0.526947,4e-05,0.000246,0.00036,0.000173,5e-06,-0.000123,-0.039045
49,0.14669,-0.072031,0.298191,-0.45521,0.272061,-0.847828,-0.446228,-0.893655,-0.047243,-0.769959,0.356476,0.529259,0.016578,0.009499,-0.010094,0.036622,-0.027114,0.0482,0.518869,-0.156337,-0.069374,0.284921,-0.610985,-0.395632,0.685685,0.727249,-0.622508,0.289009,0.313254,0.675735,0.667172,-1e-06,0.000163,0.000257,0.012348,-0.092339,0.175703,0.534801,0.048574,0.019605,-0.013781,0.673443,0.360012,0.64565,-0.671826,0.662455,0.331364,-0.308419,-0.65692,0.687991,0.0,1.7e-05,1.8e-05,5e-06,1.2e-05,-5e-06,-0.245877,0.075907,0.013504,-0.055236,0.462164,-0.260225,-0.847753,0.403432,0.913018,-0.060322,0.789712,-0.314132,0.526947,4e-05,0.000246,0.00036,0.000173,5e-06,-0.000123,-0.039045
50,0.146677,-0.072038,0.298198,-0.455352,0.271941,-0.84779,-0.446176,-0.89369,-0.047083,-0.769905,0.356481,0.529334,0.0,0.0,0.0,0.0,0.0,0.0,0.519606,-0.156337,-0.069369,0.284929,-0.610885,-0.395662,0.685757,0.72732,-0.622458,0.288937,0.313284,0.675763,0.667129,-0.0,5.3e-05,8.4e-05,0.0,0.0,0.0,0.534989,0.048574,0.019605,-0.013781,0.673443,0.360012,0.64565,-0.671826,0.662455,0.331364,-0.308419,-0.65692,0.687991,0.0,1.7e-05,1.8e-05,5e-06,1.2e-05,-5e-06,-0.245877,0.075907,0.013504,-0.055236,0.462164,-0.260225,-0.847753,0.403432,0.913018,-0.060322,0.789712,-0.314132,0.526947,4e-05,0.000246,0.00036,0.000173,5e-06,-0.000123,-0.039045
51,0.146602,-0.072031,0.298189,-0.455355,0.271936,-0.84779,-0.446153,-0.893701,-0.047092,-0.769917,0.356457,0.529333,-2e-05,-0.00013,-0.000195,0.0,0.0,0.0,0.519645,-0.156323,-0.069393,0.284927,-0.610845,-0.395676,0.685784,0.727366,-0.622403,0.288943,0.313257,0.675806,0.667098,0.001027,-0.01074,0.0086,-0.036416,0.00851,-0.019304,0.534029,0.048574,0.019605,-0.013781,0.673443,0.360012,0.64565,-0.671826,0.662455,0.331364,-0.308419,-0.65692,0.687991,0.0,1.7e-05,1.8e-05,5e-06,1.2e-05,-5e-06,-0.245877,0.075907,0.013504,-0.055236,0.462164,-0.260225,-0.847753,0.403432,0.913018,-0.060322,0.789712,-0.314132,0.526947,4e-05,0.000246,0.00036,0.000173,5e-06,-0.000123,-0.039045
52,0.146504,-0.07202,0.298202,-0.455486,0.271823,-0.847756,-0.446086,-0.893742,-0.046956,-0.769878,0.356441,0.5294,-0.016558,0.000946,0.001029,-0.000984,0.014715,-0.029553,0.519689,-0.156133,-0.069411,0.284968,-0.610992,-0.395635,0.685677,0.727303,-0.622386,0.289135,0.313114,0.675845,0.667125,-4e-06,0.000437,0.000691,0.0,0.0,0.0,0.534228,0.048574,0.019605,-0.013781,0.673443,0.360012,0.64565,-0.671826,0.662455,0.331364,-0.308419,-0.65692,0.687991,0.0,1.7e-05,1.8e-05,5e-06,1.2e-05,-5e-06,-0.245877,0.075907,0.013504,-0.055236,0.462164,-0.260225,-0.847753,0.403432,0.913018,-0.060322,0.789712,-0.314132,0.526947,4e-05,0.000246,0.00036,0.000173,5e-06,-0.000123,-0.039045
53,0.146528,-0.072038,0.298214,-0.455365,0.271932,-0.847786,-0.44619,-0.893684,-0.047057,-0.769889,0.356502,0.529343,0.0,0.0,0.0,0.0,0.0,0.0,0.519569,-0.156057,-0.069405,0.284986,-0.61113,-0.395594,0.685577,0.727213,-0.622437,0.289252,0.313053,0.675822,0.667177,-1e-06,0.000163,0.000257,0.0,0.0,0.0,0.53423,0.048574,0.019605,-0.013781,0.673443,0.360012,0.64565,-0.671826,0.662455,0.331364,-0.308419,-0.65692,0.687991,0.0,1.7e-05,1.8e-05,5e-06,1.2e-05,-5e-06,-0.245877,0.075907,0.013504,-0.055236,0.462164,-0.260225,-0.847753,0.403432,0.913018,-0.060322,0.789712,-0.314132,0.526947,4e-05,0.000246,0.00036,0.000173,5e-06,-0.000123,-0.039045
54,0.146628,-0.072043,0.298208,-0.453232,0.273344,-0.848475,-0.44609,-0.893594,-0.049654,-0.771207,0.355646,0.527999,-1e-05,-6.8e-05,-0.000102,1e-06,-1e-06,1e-06,0.519289,-0.156045,-0.069401,0.284972,-0.611263,-0.395553,0.685483,0.727111,-0.622521,0.28933,0.313033,0.675769,0.66724,-0.016599,-0.00136,0.000182,-0.002045,0.015205,-0.029245,0.534581,0.048574,0.019605,-0.013781,0.673443,0.360012,0.64565,-0.671826,0.662455,0.331364,-0.308419,-0.65692,0.687991,0.0,1.7e-05,1.8e-05,5e-06,1.2e-05,-5e-06,-0.245877,0.075907,0.013504,-0.055236,0.462164,-0.260225,-0.847753,0.403432,0.913018,-0.060322,0.789712,-0.314132,0.526947,4e-05,0.000246,0.00036,0.000173,5e-06,-0.000123,-0.039045
55,0.146715,-0.072043,0.29821,-0.453087,0.273469,-0.848512,-0.446164,-0.893548,-0.049805,-0.771249,0.355664,0.527925,5.5e-05,0.000367,0.00055,0.0,-0.0,0.0,0.519433,-0.156108,-0.069405,0.284974,-0.611283,-0.395548,0.685468,0.727097,-0.622531,0.289344,0.313027,0.675763,0.667249,0.0,-0.0,-0.0,0.0,0.0,0.0,0.534674,0.048574,0.019605,-0.013781,0.673443,0.360012,0.64565,-0.671826,0.662455,0.331364,-0.308419,-0.65692,0.687991,0.0,1.7e-05,1.8e-05,5e-06,1.2e-05,-5e-06,-0.245877,0.075907,0.013504,-0.055236,0.462164,-0.260225,-0.847753,0.403432,0.913018,-0.060322,0.789712,-0.314132,0.526947,4e-05,0.000246,0.00036,0.000173,5e-06,-0.000123,-0.039045
56,0.146727,-0.072041,0.298195,-0.453071,0.273481,-0.848516,-0.446151,-0.893553,-0.049833,-0.771266,0.355643,0.527915,-1e-06,-5e-06,-7e-06,0.0,0.0,0.0,0.519184,-0.156183,-0.069402,0.28497,-0.611178,-0.395579,0.685544,0.727163,-0.622496,0.289251,0.313078,0.675777,0.667212,-0.001027,0.010536,-0.008922,0.036416,-0.008499,0.01931,0.534511,0.048574,0.019605,-0.013781,0.673443,0.360012,0.64565,-0.671826,0.662455,0.331364,-0.308419,-0.65692,0.687991,0.0,1.7e-05,1.8e-05,5e-06,1.2e-05,-5e-06,-0.245877,0.075907,0.013504,-0.055236,0.462164,-0.260225,-0.847753,0.403432,0.913018,-0.060322,0.789712,-0.314132,0.526947,4e-05,0.000246,0.00036,0.000173,5e-06,-0.000123,-0.039045
57,0.146715,-0.072048,0.298203,-0.453103,0.273456,-0.848508,-0.446156,-0.893553,-0.049788,-0.771244,0.355662,0.527933,-0.0,-0.0,-0.0,0.0,0.0,0.0,0.51943,-0.15622,-0.069409,0.284964,-0.611102,-0.395602,0.685598,0.727216,-0.622459,0.289197,0.3131,0.675798,0.66718,0.0,-5.1e-05,-8.1e-05,0.0,0.0,0.0,0.534718,0.048574,0.019605,-0.013781,0.673443,0.360012,0.64565,-0.671826,0.662455,0.331364,-0.308419,-0.65692,0.687991,0.0,1.7e-05,1.8e-05,5e-06,1.2e-05,-5e-06,-0.245877,0.075907,0.013504,-0.055236,0.462164,-0.260225,-0.847753,0.403432,0.913018,-0.060322,0.789712,-0.314132,0.526947,4e-05,0.000246,0.00036,0.000173,5e-06,-0.000123,-0.039045
58,0.146702,-0.072068,0.29821,-0.453164,0.273407,-0.84849,-0.446167,-0.893553,-0.0497,-0.771202,0.355701,0.527969,-0.0,-2e-06,-3e-06,0.0,0.0,0.0,0.519264,-0.15627,-0.069422,0.284951,-0.61099,-0.395636,0.685678,0.727296,-0.622403,0.289117,0.313134,0.675829,0.667132,0.0,-6e-06,-1e-05,0.012347,-0.092311,0.175718,0.534637,0.048574,0.019605,-0.013781,0.673443,0.360012,0.64565,-0.671826,0.662455,0.331364,-0.308419,-0.65692,0.687991,0.0,1.7e-05,1.8e-05,5e-06,1.2e-05,-5e-06,-0.245877,0.075907,0.013504,-0.055236,0.462164,-0.260225,-0.847753,0.403432,0.913018,-0.060322,0.789712,-0.314132,0.526947,4e-05,0.000246,0.00036,0.000173,5e-06,-0.000123,-0.039045
59,0.146737,-0.072087,0.2982,-0.453044,0.273513,-0.848521,-0.44625,-0.893505,-0.049814,-0.771225,0.355739,0.52791,-7.7e-05,-0.000515,-0.000771,0.005896,-0.088965,0.177788,0.519554,-0.156258,-0.069416,0.284958,-0.610792,-0.395695,0.685821,0.727437,-0.622304,0.288974,0.313194,0.675885,0.667047,-0.001026,0.010603,-0.008817,0.036416,-0.008504,0.019307,0.534561,0.048574,0.019605,-0.013781,0.673443,0.360012,0.64565,-0.671826,0.662455,0.331364,-0.308419,-0.65692,0.687991,0.0,1.7e-05,1.8e-05,5e-06,1.2e-05,-5e-06,-0.245877,0.075907,0.013504,-0.055236,0.462164,-0.260225,-0.847753,0.403432,0.913018,-0.060322,0.789712,-0.314132,0.526947,4e-05,0.000246,0.00036,0.000173,5e-06,-0.000123,-0.039045
60,0.146774,-0.072102,0.298197,-0.453018,0.273538,-0.848526,-0.446284,-0.893487,-0.049829,-0.77122,0.355765,0.527899,-4.8e-05,-0.000319,-0.000477,0.0,0.0,0.0,0.519292,-0.156257,-0.069424,0.284965,-0.610897,-0.395665,0.685745,0.727371,-0.622339,0.289067,0.313142,0.675872,0.667085,-0.0,0.0,0.0,0.0,0.0,0.0,0.534608,0.048574,0.019605,-0.013781,0.673443,0.360012,0.64565,-0.671826,0.662455,0.331364,-0.308419,-0.65692,0.687991,0.0,1.7e-05,1.8e-05,5e-06,1.2e-05,-5e-06,-0.245877,0.075907,0.013504,-0.055236,0.462164,-0.260225,-0.847753,0.403432,0.913018,-0.060322,0.789712,-0.314132,0.526947,4e-05,0.000246,0.00036,0.000173,5e-06,-0.000123,-0.039045
