frame,MLTx,MLTy,MLTz,MLTR1,MLTR2,MLTR3,MLTR4,MLTR5,MLTR6,MLTR7,MLTR8,MLTR9,MLTTVx,MLTTVy,MLTTVz,MLTRVx,MLTRVy,MLTRVz,MLGA,MRTx,MRTy,MRTz,MRTR1,MRTR2,MRTR3,MRTR4,MRTR5,MRTR6,MRTR7,MRTR8,MRTR9,MRTTVx,MRTTVy,MRTTVz,MRTRVx,MRTRVy,MRTRVz,MRGA,SLTx,SLTy,SLTz,SLTR1,SLTR2,SLTR3,SLTR4,SLTR5,SLTR6,SLTR7,SLTR8,SLTR9,SLTTVx,SLTTVy,SLTTVz,SLTRVx,SLTRVy,SLTRVz,SLGA,SRTx,SRTy,SRTz,SRTR1,SRTR2,SRTR3,SRTR4,SRTR5,SRTR6,SRTR7,SRTR8,SRTR9,SRTTVx,SRTTVy,SRTTVz,SRTRVx,SRTRVy,SRTRVz,SRGA
1,0.122735,-0.036762,0.419955,-0.262015,0.821892,-0.505852,-0.748616,-0.503822,-0.430941,-0.608729,0.26475,0.74792,-0.001203,-0.006171,-0.004172,-0.620277,-1.208362,0.153316,-1.843709,-0.099283,-0.03398,0.387814,0.282969,0.832534,0.476242,-0.921721,0.373349,-0.104763,-0.265356,-0.410366,0.872381,-0.000319,-0.000483,0.017209,2.050295,1.591637,-1.141991,-0.426044,0.045803,0.023981,-0.018131,-0.067487,-0.860133,0.505584,0.969096,-0.17702,-0.1718,0.237269,0.478365,0.845499,-0.000201,-0.000105,0.008709,2.038508,1.610629,-1.133936,-0.53882,0.070909,0.01977,-0.062012,-0.036165,0.862732,-0.504365,-0.852539,-0.289959,-0.434856,-0.52141,0.414265,0.746,-0.000542,-0.002832,-0.001921,-2.318435,-0.485875,-0.681543,-0.860724
2,0.122612,-0.036806,0.420052,-0.267853,0.8103,-0.521262,-0.756549,-0.51183,-0.406983,-0.59625,0.284338,0.750776,-0.013257,0.004162,0.002956,0.045672,-0.345926,0.479612,-1.915247,-0.099395,-0.033997,0.388524,0.277223,0.833429,0.478053,-0.921469,0.371528,-0.113115,-0.272209,-0.410202,0.870344,-0.000424,5.4e-05,0.017615,-0.033593,-0.008286,0.003972,-0.538686,0.045746,0.023975,-0.017787,-0.061116,-0.859503,0.507463,0.967693,-0.17562,-0.180908,0.244612,0.480012,0.842468,-0.000251,0.000166,0.00892,-0.042018,-0.00312,0.009958,-0.64153,0.070849,0.019734,-0.06198,-0.044412,0.851248,-0.522878,-0.86259,-0.2967,-0.409763,-0.503948,0.432832,0.747456,-0.006708,-0.002525,0.006669,0.020371,-0.325096,0.48605,-0.894361
3,0.122404,-0.036867,0.420274,-0.262357,0.809044,-0.525987,-0.761171,-0.508475,-0.402545,-0.592809,0.293746,0.749878,-0.013329,-0.004593,0.013641,0.017939,-0.405432,0.437631,-1.915092,-0.099403,-0.033996,0.388841,0.271816,0.83419,0.479827,-0.920813,0.370347,-0.121988,-0.279782,-0.409722,0.868167,-0.00022,-0.000961,0.016792,0.037616,0.060365,-0.224402,-0.608037,0.045742,0.023979,-0.017619,-0.05565,-0.859205,0.508594,0.966133,-0.174887,-0.189736,0.251969,0.480811,0.839839,-0.000119,-0.000489,0.008392,0.176964,0.120912,-0.118475,-0.705377,0.070746,0.019708,-0.061866,-0.039027,0.84908,-0.52682,-0.866247,-0.291551,-0.405724,-0.498087,0.440522,0.746891,-0.006604,-0.001981,0.007039,0.025517,-0.401524,0.269936,-0.883911
4,0.121669,-0.037205,0.420989,-0.255471,0.812346,-0.524284,-0.764024,-0.501867,-0.405423,-0.592155,0.295978,0.749518,-0.027493,-0.013364,0.024457,-0.062947,-0.007673,0.092663,-1.914361,-0.099392,-0.033886,0.389305,0.261363,0.833509,0.486768,-0.920113,0.367536,-0.135066,-0.291788,-0.413629,0.862342,-0.001504,0.007476,0.005962,0.001188,-0.010169,0.026937,-0.776657,0.045747,0.024034,-0.01738,-0.045012,-0.856037,0.51495,0.963933,-0.172567,-0.202613,0.262308,0.487257,0.83293,-0.000746,0.003673,0.002929,-0.00645,-0.013848,0.030615,-0.818864,0.070376,0.019543,-0.0615,-0.030962,0.850629,-0.524852,-0.867262,-0.283906,-0.408965,-0.496887,0.442523,0.746509,-0.013762,-0.006713,0.012218,-0.063161,-0.003094,0.094313,-0.882115
5,0.121127,-0.037678,0.421584,-0.25758,0.811724,-0.524215,-0.764713,-0.502817,-0.40294,-0.590348,0.296072,0.750905,-0.01434,-0.009597,0.01026,-0.049277,0.094817,-0.265072,-1.914285,-0.09938,-0.03351,0.389556,0.254923,0.833655,0.489924,-0.920238,0.364753,-0.141601,-0.297045,-0.415799,0.859499,0.012142,0.011583,0.007531,-0.004931,0.044767,-0.129735,-0.860557,0.045749,0.024215,-0.01726,-0.038599,-0.854769,0.517569,0.963001,-0.17007,-0.209053,0.266715,0.490351,0.829709,-0.001654,0.009227,-0.001421,0.027478,0.057423,-0.135998,-0.820333,0.070105,0.01931,-0.0612,-0.033177,0.850605,-0.524756,-0.868185,-0.284636,-0.406492,-0.495129,0.442099,0.747926,-0.007191,-0.004854,0.005101,-0.049142,0.095093,-0.265325,-0.878196
6,0.120775,-0.037887,0.421733,-0.257098,0.810727,-0.525993,-0.760424,-0.505542,-0.407621,-0.596069,0.294167,0.747124,-0.00088,-0.004388,-0.002967,0.044329,-0.46893,-0.179554,-1.913696,-0.099443,-0.033125,0.389703,0.253465,0.833921,0.490228,-0.920519,0.363694,-0.142499,-0.297421,-0.416194,0.859178,-0.001426,0.007082,0.005613,0.001184,-0.010171,0.026937,-0.892382,0.045722,0.024413,-0.017184,-0.036979,-0.854722,0.517766,0.962996,-0.168893,-0.21003,0.266964,0.49084,0.829339,-0.000658,0.003254,0.002581,0.001138,-0.010163,0.026909,-0.844663,0.069929,0.019208,-0.061123,-0.033448,0.8508,-0.524423,-0.864836,-0.287637,-0.411489,-0.500938,0.439776,0.745423,-0.007244,-0.000967,-0.000584,0.037763,-0.486677,-0.400981,-0.878849
7,0.12056,-0.037929,0.421644,-0.260857,0.809923,-0.525379,-0.754786,-0.510345,-0.412088,-0.601568,0.288042,0.745101,-0.001247,-0.006198,-0.004196,-0.000902,0.001676,-0.029652,-1.91418,-0.099474,-0.032967,0.389775,0.253926,0.833819,0.490162,-0.920368,0.364122,-0.142384,-0.297497,-0.416024,0.859235,-0.001373,0.006819,0.005398,0.001184,-0.010174,0.026936,-0.94452,0.045707,0.024491,-0.017148,-0.037454,-0.854719,0.517736,0.962946,-0.169339,-0.209898,0.267077,0.490691,0.829391,-0.00063,0.003113,0.002464,0.00117,-0.01016,0.026902,-0.84548,0.069822,0.019189,-0.061166,-0.036742,0.849607,-0.526134,-0.860477,-0.29462,-0.415665,-0.508162,0.437454,0.741892,-0.007403,0.002414,-0.006605,0.021904,0.028942,-0.035401,-0.879175
8,0.120129,-0.038094,0.421262,-0.270207,0.803429,-0.530599,-0.747086,-0.522527,-0.410853,-0.607016,0.284385,0.742081,-0.015997,-0.009279,-0.006179,0.023619,-0.270131,-0.151665,-1.914919,-0.099501,-0.03266,0.389935,0.256071,0.832029,0.492084,-0.919948,0.366089,-0.140036,-0.296959,-0.417879,0.85852,-0.001255,0.006233,0.004922,-0.190546,0.355429,0.142918,-1.047348,0.045693,0.024645,-0.017067,-0.039621,-0.854268,0.518319,0.96291,-0.171196,-0.208551,0.266893,0.490832,0.829367,-0.001479,0.008352,-0.002139,-0.284565,0.609063,0.325629,-0.846949,0.069612,0.019109,-0.061356,-0.047801,0.846422,-0.530362,-0.856344,-0.308058,-0.414457,-0.514188,0.434361,0.739554,-0.001132,-0.001463,-0.009307,0.082909,-0.464724,-0.201636,-0.878686
9,0.119859,-0.038299,0.420649,-0.283723,0.793343,-0.538659,-0.736597,-0.539909,-0.407302,-0.613612,0.280224,0.738229,-0.00286,-0.005754,-0.020592,0.044633,-0.131034,-0.080281,-1.915254,-0.099461,-0.032183,0.390022,0.26746,0.828572,0.491859,-0.914954,0.378479,-0.139813,-0.302317,-0.413676,0.858685,0.011026,0.018935,-0.004187,0.037471,-0.017082,0.051902,-1.088688,0.045709,0.024875,-0.017024,-0.051598,-0.852321,0.520467,0.960861,-0.184409,-0.206732,0.272181,0.489429,0.828477,-0.001563,0.008772,-0.001815,0.038746,-0.016308,0.047379,-0.847602,0.069472,0.019005,-0.061656,-0.063209,0.83943,-0.539778,-0.850693,-0.32813,-0.410671,-0.521847,0.433227,0.734839,-0.00139,-0.002734,-0.010189,0.040782,-0.122737,-0.041426,-0.878522
10,0.119722,-0.038468,0.420347,-0.288368,0.787925,-0.544117,-0.733166,-0.547135,-0.403835,-0.615546,0.281492,0.736134,-0.016665,-0.012356,-0.00834,0.021794,-0.268098,-0.181341,-1.915419,-0.099409,-0.031938,0.390034,0.277947,0.823811,0.494037,-0.910276,0.390158,-0.138234,-0.306957,-0.412325,0.857688,-0.002845,0.016154,-0.00473,0.028083,0.003995,0.056367,-1.097855,0.04574,0.025002,-0.017015,-0.062757,-0.849631,0.523629,0.958868,-0.196856,-0.204496,0.276826,0.489258,0.827039,-0.000647,0.003193,0.00251,0.003926,-0.010212,-0.007592,-0.847602,0.069408,0.018919,-0.061815,-0.069239,0.835814,-0.544627,-0.849338,-0.335758,-0.407295,-0.523287,0.434372,0.733137,-0.001317,-0.002356,-0.009947,0.072671,-0.405512,-0.141086,-0.880482
11,0.119412,-0.038858,0.42012,-0.287723,0.784657,-0.549158,-0.732,-0.549864,-0.402241,-0.617233,0.28527,0.733261,-0.015514,-0.014888,0.006588,-0.034005,-0.017088,-0.092496,-1.915537,-0.099198,-0.031628,0.390115,0.288709,0.818859,0.496094,-0.905373,0.402015,-0.136445,-0.311506,-0.410788,0.856785,-0.000742,0.00366,0.002873,0.001093,-0.010035,0.026992,-1.111895,0.045844,0.025165,-0.016975,-0.074082,-0.847094,0.526253,0.956661,-0.209387,-0.202372,0.281619,0.488454,0.825894,0.006708,0.002455,0.001102,0.004685,-0.020977,0.025723,-0.848256,0.069251,0.018714,-0.061942,-0.069182,0.832088,-0.550311,-0.8489,-0.338856,-0.405641,-0.524006,0.439096,0.729802,-0.000724,-0.003558,-0.002437,-0.004658,-0.00202,-0.025019,-0.887177
12,0.119272,-0.039156,0.420292,-0.289148,0.784054,-0.54927,-0.732121,-0.550731,-0.400833,-0.616423,0.285253,0.733949,-0.000176,-0.009153,0.01042,-0.035862,0.011692,-0.018668,-1.916038,-0.098947,-0.031598,0.390213,0.303908,0.813475,0.495873,-0.897944,0.418497,-0.135981,-0.318497,-0.404965,0.856987,-8e-06,3.8e-05,3e-05,0.006659,-0.001826,0.011509,-1.114182,0.045968,0.025182,-0.016923,-0.090067,-0.845007,0.527115,0.952874,-0.22706,-0.20118,0.289685,0.484155,0.825636,2.8e-05,-0.000144,-0.000117,0.006942,-0.002669,0.01058,-0.847929,0.069174,0.018558,-0.06186,-0.070813,0.832167,-0.549984,-0.849314,-0.339456,-0.404269,-0.523115,0.438482,0.730809,-2.4e-05,-0.004261,0.005429,-0.047057,0.073641,-0.207266,-0.896974
13,0.119143,-0.039334,0.420622,-0.291609,0.782954,-0.549539,-0.732054,-0.552394,-0.398659,-0.615339,0.285062,0.734932,4.9e-05,-0.008054,0.011177,-0.046844,0.071502,-0.208028,-1.915496,-0.098673,-0.03169,0.390254,0.304394,0.813411,0.495679,-0.897891,0.418751,-0.13555,-0.318183,-0.40483,0.857168,0.000466,-0.002281,-0.001791,-0.0,0.0,0.0,-1.11445,0.046106,0.025136,-0.016903,-0.090553,-0.845057,0.526951,0.95291,-0.227291,-0.200749,0.289416,0.483959,0.825846,0.007239,-0.000146,-0.000948,0.000673,-0.004938,0.001974,-0.848909,0.069111,0.018477,-0.06169,-0.073337,0.831789,-0.550224,-0.849703,-0.340958,-0.402182,-0.522135,0.438033,0.731779,0.000119,0.000594,0.000409,-1.4e-05,6.9e-05,-8e-05,-0.896321
14,0.119095,-0.039391,0.420746,-0.29266,0.782475,-0.549663,-0.731983,-0.553128,-0.397771,-0.614923,0.284956,0.735321,0.000166,0.000805,0.000553,0.0,-0.0,-0.0,-1.91563,-0.098514,-0.031725,0.390223,0.304824,0.813323,0.495561,-0.897767,0.419082,-0.135348,-0.318122,-0.404665,0.857268,0.014573,-0.000721,-0.002222,0.000866,-0.005009,0.002318,-1.114628,0.04618,0.025118,-0.016919,-0.090991,-0.845062,0.526868,0.952874,-0.227626,-0.200535,0.289394,0.483792,0.82595,0.000251,-0.001224,-0.000966,-0.000149,6.2e-05,-0.000282,-0.849889,0.069087,0.018446,-0.061623,-0.074638,0.831573,-0.550376,-0.849838,-0.341799,-0.401182,-0.52173,0.437787,0.732214,-0.006841,-0.002927,0.006398,-0.036846,0.02644,-0.048281,-0.895994
15,0.119015,-0.039465,0.420897,-0.296342,0.782523,-0.547616,-0.731922,-0.554355,-0.396171,-0.613226,0.282433,0.737707,8.8e-05,0.000425,0.000292,-0.00053,0.00699,0.002234,-1.915679,-0.098195,-0.0318,0.390102,0.303767,0.813031,0.496686,-0.89723,0.419473,-0.137674,-0.320638,-0.404845,0.856245,0.014792,-0.001743,-0.003033,0.000868,-0.005007,0.002319,-1.114702,0.046339,0.025079,-0.01698,-0.089922,-0.844528,0.527907,0.952261,-0.228171,-0.202817,0.291738,0.484468,0.824729,0.000375,-0.001819,-0.001437,-0.000848,-0.000489,0.000175,-0.8445,0.069048,0.018412,-0.061546,-0.078232,0.832723,-0.548133,-0.850132,-0.342908,-0.399611,-0.520725,0.434723,0.734751,-0.006843,0.001199,0.000877,0.002059,-0.00162,-0.037499,-0.896484
16,0.118874,-0.039457,0.420967,-0.29905,0.781204,-0.548027,-0.731244,-0.556522,-0.394382,-0.612717,0.281826,0.738362,1.1e-05,5.1e-05,3.5e-05,-0.011027,0.059646,-0.189411,-1.915737,-0.097895,-0.031893,0.390009,0.305698,0.810815,0.499118,-0.89391,0.424905,-0.142527,-0.328001,-0.403618,0.854032,0.014537,-0.000459,-0.002028,0.002048,-0.015203,0.029244,-1.117129,0.046496,0.025028,-0.01703,-0.092069,-0.842687,0.530472,0.949787,-0.234308,-0.207369,0.299041,0.484744,0.821946,0.007273,-0.000243,-0.001029,-0.001905,-0.01835,0.030697,-0.844663,0.068978,0.018417,-0.06151,-0.081011,0.832058,-0.548739,-0.850035,-0.345158,-0.397875,-0.520457,0.434216,0.735241,-2e-06,2e-06,3e-06,6e-06,-0.000578,-0.000219,-0.898444
17,0.118821,-0.03945,0.420959,-0.300088,0.780689,-0.548195,-0.730933,-0.55738,-0.393746,-0.61258,0.281561,0.738577,-9.5e-05,-0.000458,-0.000314,-0.0,0.0,0.0,-1.915389,-0.09778,-0.031921,0.389974,0.305787,0.810806,0.499077,-0.893883,0.424972,-0.142496,-0.327991,-0.403565,0.854061,0.000576,-0.002783,-0.002194,-0.001174,0.010198,-0.026927,-1.126155,0.046553,0.025016,-0.017047,-0.092199,-0.842707,0.530418,0.949784,-0.234388,-0.207293,0.299011,0.484671,0.822,0.007114,0.00053,-0.000423,0.001396,-0.015611,0.029313,-0.847929,0.068951,0.018421,-0.061514,-0.082289,0.831801,-0.54894,-0.849956,-0.346183,-0.397153,-0.520386,0.433894,0.735482,-0.006962,0.000618,0.000477,-0.001043,0.014625,-0.02957,-0.901056
18,0.118754,-0.03947,0.420959,-0.302135,0.779665,-0.548527,-0.730364,-0.559052,-0.392429,-0.61225,0.281084,0.739032,-0.000124,-0.000598,-0.000411,-0.0,0.0,0.0,-1.915571,-0.097588,-0.031906,0.389937,0.304673,0.810517,0.500227,-0.893337,0.425331,-0.144829,-0.330507,-0.403767,0.852995,0.013944,0.002428,0.000244,0.002045,-0.015205,0.029245,-1.177005,0.046645,0.025018,-0.017068,-0.091035,-0.842165,0.531479,0.949161,-0.23487,-0.209589,0.301337,0.48538,0.820732,2e-06,-8e-06,-9e-06,-0.000323,-0.000161,1.8e-05,-0.852991,0.068918,0.018411,-0.061514,-0.084387,0.83138,-0.549258,-0.84986,-0.347829,-0.395918,-0.520207,0.433383,0.735909,-9.3e-05,-0.000455,-0.000312,-4.6e-05,-2.1e-05,1.4e-05,-0.902689
19,0.118787,-0.039473,0.420968,-0.304161,0.778626,-0.548883,-0.729793,-0.560722,-0.391107,-0.611927,0.280639,0.739469,0.000251,0.001215,0.000835,-0.011034,0.05964,-0.189413,-1.915452,-0.097493,-0.031953,0.389955,0.303375,0.810279,0.501402,-0.892904,0.425468,-0.147083,-0.332866,-0.404103,0.851918,0.000168,-0.000807,-0.000637,0.0,0.0,-0.0,-1.198108,0.046697,0.024999,-0.017057,-0.089737,-0.841626,0.532552,0.948593,-0.23517,-0.211814,0.303508,0.486168,0.819465,0.000101,-0.000485,-0.000386,-0.002574,-0.00181,0.001116,-0.854461,0.068933,0.018404,-0.061513,-0.086613,0.83091,-0.549623,-0.849754,-0.34959,-0.394594,-0.520015,0.432868,0.736348,0.000149,0.000725,0.000497,0.001551,-0.008646,0.027462,-0.904812
20,0.11883,-0.039452,0.420945,-0.307508,0.776801,-0.549604,-0.73017,-0.562935,-0.387203,-0.609796,0.281267,0.740989,3e-06,1.3e-05,9e-06,-0.011029,0.059654,-0.189408,-1.915611,-0.097484,-0.032139,0.390112,0.304754,0.808229,0.503867,-0.889853,0.430224,-0.151664,-0.339714,-0.403166,0.849655,9.4e-05,-0.000453,-0.000357,0.0,0.0,-0.0,-1.225959,0.046701,0.024906,-0.016979,-0.091326,-0.83984,0.535094,0.946267,-0.240581,-0.216095,0.310219,0.486608,0.816685,0.000797,-0.004941,0.00483,-0.038204,-0.000164,-0.02153,-0.85544,0.068955,0.018419,-0.061522,-0.090319,0.830027,-0.55036,-0.85072,-0.351621,-0.390688,-0.517801,0.432916,0.737878,-2e-06,-1e-06,-1e-06,0.000341,-8.6e-05,0.000254,-0.908895
21,0.11884,-0.03946,0.420952,-0.308025,0.776535,-0.54969,-0.730034,-0.563354,-0.386851,-0.609698,0.281163,0.741109,0.0,0.0,0.0,-0.0,0.0,0.0,-1.915977,-0.097477,-0.032253,0.390246,0.302865,0.808171,0.505098,-0.889693,0.429755,-0.15392,-0.341819,-0.403783,0.848518,-0.000282,0.001358,0.001071,-0.00688,0.060007,-0.158972,-1.230121,0.046705,0.024848,-0.016919,-0.089545,-0.83935,0.536164,0.945825,-0.240342,-0.218287,0.312082,0.487571,0.8154,0.000735,-0.004655,0.005054,-0.037996,-2.4e-05,-0.021585,-0.851848,0.06896,0.018415,-0.061518,-0.091029,0.829876,-0.550471,-0.850689,-0.352175,-0.390255,-0.517725,0.432756,0.738025,-1e-06,-6e-06,-3e-06,-1e-06,-5e-06,4.2e-05,-0.910201
22,0.118861,-0.03947,0.420958,-0.309304,0.775873,-0.549906,-0.729671,-0.564403,-0.386007,-0.609484,0.280888,0.74139,0.0,0.0,0.0,-0.0,0.0,0.0,-1.915858,-0.097519,-0.032528,0.390498,0.302231,0.808419,0.50508,-0.890216,0.428834,-0.153464,-0.341014,-0.404267,0.848611,-0.012219,-0.012981,0.00889,-0.037443,0.016971,-0.051935,-1.231182,0.046687,0.024722,-0.016791,-0.088804,-0.839472,0.536097,0.946184,-0.239259,-0.21792,0.311204,0.487895,0.815542,0.000142,-0.000709,-0.000561,-0.001234,0.010137,-0.026993,-0.846296,0.068971,0.01841,-0.061515,-0.092436,0.829573,-0.550692,-0.850618,-0.353281,-0.389409,-0.517593,0.432434,0.738307,-5.6e-05,-0.004412,0.005323,-0.035903,0.011695,-0.018644,-0.909548
23,0.118851,-0.039455,0.420943,-0.310998,0.774995,-0.550189,-0.729133,-0.565814,-0.384954,-0.609263,0.280474,0.741727,0.0,0.0,0.0,-0.0,0.0,0.0,-1.915374,-0.097543,-0.032712,0.390647,0.300795,0.808243,0.506219,-0.889954,0.428678,-0.155402,-0.342962,-0.404786,0.847578,6.3e-05,-0.000304,-0.00024,0.0,0.0,-0.0,-1.232436,0.046672,0.024619,-0.016711,-0.08729,-0.838976,0.53712,0.945774,-0.239136,-0.219826,0.312874,0.488806,0.814357,3.2e-05,-0.000173,-0.000137,-0.000733,-0.000506,0.000296,-0.845643,0.068966,0.018417,-0.061523,-0.0943,0.82917,-0.550983,-0.850475,-0.354784,-0.388354,-0.517492,0.431976,0.738645,0.0,-1e-06,-0.0,-0.011061,0.059669,-0.189385,-0.910037
24,0.118843,-0.039439,0.420954,-0.311899,0.77453,-0.550334,-0.728864,-0.566555,-0.384376,-0.609124,0.280265,0.74192,5.5e-05,0.000268,0.000184,-0.0,0.0,0.0,-1.915682,-0.097521,-0.03278,0.39071,0.300799,0.808266,0.506179,-0.890037,0.428575,-0.155211,-0.342742,-0.404849,0.847637,0.001492,-0.009379,0.010061,-0.035396,0.001751,-0.022695,-1.233661,0.046683,0.024585,-0.01668,-0.087296,-0.839002,0.537078,0.94585,-0.239011,-0.219637,0.312644,0.488822,0.814435,0.000737,-0.004663,0.00505,-0.035509,0.001689,-0.022678,-0.846623,0.068962,0.018425,-0.061517,-0.09529,0.828958,-0.551132,-0.850412,-0.355568,-0.387775,-0.517414,0.431739,0.738839,3.3e-05,0.000162,0.000113,-0.011053,0.05966,-0.189386,-0.910364
25,0.118825,-0.039429,0.420974,-0.313753,0.773573,-0.550626,-0.728323,-0.568068,-0.383166,-0.608817,0.279848,0.74233,5.8e-05,0.000282,0.000194,-0.0,0.0,0.0,-1.915477,-0.09748,-0.032845,0.390838,0.29939,0.808073,0.507322,-0.889688,0.428534,-0.157313,-0.344877,-0.405278,0.846565,-9.5e-05,0.000459,0.000362,1e-06,1e-06,-1e-06,-1.232409,0.046703,0.024553,-0.016616,-0.085852,-0.838483,0.538121,0.945336,-0.239101,-0.221741,0.314592,0.489668,0.813176,0.000679,-0.004378,0.005276,-0.039164,-0.000941,-0.020948,-0.847276,0.068953,0.01843,-0.061508,-0.097185,0.828553,-0.55141,-0.850303,-0.357054,-0.386648,-0.517242,0.43129,0.739221,4.2e-05,0.000203,0.00014,-3.1e-05,-2e-06,1.4e-05,-0.908241
26,0.118784,-0.039436,0.420994,-0.315182,0.772842,-0.550837,-0.727925,-0.569217,-0.382216,-0.608554,0.279535,0.742664,0.0,0.0,0.0,0.0,0.0,0.0,-1.915821,-0.097463,-0.032965,0.391031,0.304072,0.806369,0.507248,-0.887375,0.433455,-0.156895,-0.346743,-0.403428,0.846687,-0.000124,0.0006,0.000473,0.0,-0.0,0.0,-1.230988,0.046711,0.024496,-0.016523,-0.090827,-0.837791,0.538383,0.944133,-0.244418,-0.221068,0.316799,0.488227,0.813186,-9.4e-05,0.000435,0.000342,-3.2e-05,-0.0002,-0.000213,-0.846133,0.068932,0.018427,-0.061497,-0.098899,0.828191,-0.55165,-0.850215,-0.358381,-0.385611,-0.517061,0.430885,0.739584,0.0,-9e-06,-6e-06,-2.4e-05,1.4e-05,2.2e-05,-0.906935
27,0.118756,-0.039411,0.420999,-0.315981,0.772428,-0.550959,-0.727666,-0.569878,-0.381724,-0.608448,0.279332,0.742827,0.000224,0.001082,0.000743,-0.011036,0.059645,-0.189411,-1.91546,-0.097463,-0.033037,0.39112,0.307318,0.804395,0.508425,-0.884445,0.438608,-0.159106,-0.351345,-0.401792,0.845567,-2.3e-05,0.000112,8.8e-05,5e-06,-2e-06,8e-06,-1.229754,0.046712,0.024458,-0.016474,-0.094294,-0.836496,0.539797,0.942188,-0.250108,-0.222995,0.321542,0.487563,0.811721,-8e-06,2.6e-05,2.1e-05,-0.002003,-0.002041,0.000468,-0.846623,0.068918,0.018437,-0.061496,-0.099634,0.828033,-0.551754,-0.850151,-0.358972,-0.385202,-0.517025,0.430695,0.73972,-0.006744,0.001655,0.001189,-0.001007,0.014714,-0.029541,-0.905955
28,0.11875,-0.039337,0.42105,-0.317144,0.771823,-0.551139,-0.727312,-0.57083,-0.380976,-0.608266,0.279061,0.743077,0.000302,0.00146,0.001002,-0.011038,0.059646,-0.189411,-1.915521,-0.097393,-0.033139,0.391243,0.307328,0.804441,0.508347,-0.884596,0.438424,-0.15877,-0.350954,-0.401901,0.845677,0.013925,0.002602,0.000379,0.002045,-0.015205,0.029245,-1.228639,0.046742,0.024406,-0.016413,-0.094282,-0.836554,0.53971,0.942331,-0.249859,-0.222667,0.321125,0.487593,0.811868,-1e-06,-1.3e-05,-1.2e-05,-0.000141,-1e-06,-0.000123,-0.847602,0.068915,0.018475,-0.06147,-0.100913,0.827755,-0.551939,-0.850063,-0.359982,-0.384453,-0.516922,0.430387,0.739971,0.000187,0.000903,0.00062,-1.7e-05,-6e-06,1.3e-05,-0.905955
29,0.11872,-0.039281,0.421102,-0.318274,0.771241,-0.551302,-0.726983,-0.571742,-0.380235,-0.608067,0.278805,0.743336,0.000361,0.001746,0.001197,0.0,0.0,0.0,-1.915484,-0.097374,-0.033129,0.391287,0.307836,0.804307,0.508251,-0.884464,0.438798,-0.158473,-0.350843,-0.401759,0.845791,-0.000354,0.001705,0.001345,0.007922,-0.069541,0.186154,-1.229175,0.046757,0.024408,-0.016393,-0.094683,-0.836541,0.53966,0.942317,-0.250138,-0.222416,0.32105,0.487471,0.811971,-0.000215,0.001023,0.000805,0.001089,-0.010042,0.026878,-0.847602,0.0689,0.018503,-0.061445,-0.102299,0.827458,-0.552129,-0.849979,-0.361062,-0.383627,-0.516788,0.430054,0.740258,0.000224,0.001093,0.00075,-4.5e-05,-2e-06,-8e-06,-0.907425
30,0.118642,-0.039223,0.421192,-0.319527,0.770613,-0.551456,-0.726667,-0.572717,-0.379372,-0.607787,0.278543,0.743664,0.000454,0.002192,0.001502,0.001601,-0.008639,0.027447,-1.915723,-0.097355,-0.033062,0.391324,0.308086,0.804238,0.508208,-0.884376,0.43901,-0.15838,-0.350847,-0.401666,0.845834,-0.00015,0.000721,0.000568,0.0,0.0,0.0,-1.228141,0.046765,0.024446,-0.016372,-0.09509,-0.836517,0.539625,0.942267,-0.250477,-0.222245,0.321076,0.487338,0.812041,-8.6e-05,0.000409,0.000323,-4.2e-05,1.7e-05,-6.3e-05,-0.84499,0.068861,0.018532,-0.061399,-0.103672,0.827181,-0.552288,-0.849934,-0.362084,-0.382762,-0.516588,0.429727,0.740587,0.000216,0.001047,0.000719,0.001587,-0.008642,0.027447,-0.906935
31,0.118599,-0.039173,0.421227,-0.32031,0.770211,-0.551563,-0.726426,-0.573351,-0.378874,-0.607661,0.278351,0.743839,0.000222,0.001073,0.000735,0.0,0.0,0.0,-1.915629,-0.097371,-0.033036,0.391332,0.312896,0.80238,0.508206,-0.881733,0.444294,-0.158375,-0.35324,-0.399559,0.845835,-4e-06,1.9e-05,1.5e-05,0.0,-0.0,0.0,-1.227232,0.046757,0.024459,-0.016367,-0.100174,-0.835696,0.539979,0.94079,-0.256201,-0.221978,0.323849,0.485771,0.811879,7e-06,-3.5e-05,-2.7e-05,-5.4e-05,-9e-06,-0.000174,-0.84597,0.06884,0.018558,-0.061381,-0.104532,0.826999,-0.552399,-0.849871,-0.362758,-0.382263,-0.516519,0.429509,0.740763,0.000132,0.000638,0.000439,-1.4e-05,4e-06,2e-06,-0.907751
32,0.118605,-0.039144,0.421246,-0.320756,0.769975,-0.551633,-0.726288,-0.573717,-0.378585,-0.607591,0.278249,0.743934,0.000268,0.001293,0.000886,0.0,0.0,0.0,-1.915481,-0.097391,-0.033047,0.391326,0.317716,0.800488,0.5082,-0.879062,0.449569,-0.158339,-0.355594,-0.397442,0.845846,4e-05,-0.000194,-0.000153,0.0,-0.0,0.0,-1.22777,0.046748,0.024453,-0.016371,-0.105276,-0.834841,0.540329,0.939285,-0.261921,-0.221677,0.326589,0.484186,0.811728,3.5e-05,-0.000171,-0.000133,-4.3e-05,-0.000137,-0.000336,-0.846623,0.068842,0.018571,-0.061372,-0.105024,0.826888,-0.552471,-0.849835,-0.363147,-0.381973,-0.516478,0.429393,0.740858,0.000195,0.000944,0.000648,-0.011049,0.059624,-0.189412,-0.907751
33,0.1186,-0.039114,0.421267,-0.321746,0.769453,-0.551785,-0.72598,-0.574528,-0.377945,-0.607435,0.278022,0.744147,0.000137,0.000661,0.000452,0.0,0.0,0.0,-1.915505,-0.097412,-0.033043,0.391292,0.317675,0.800489,0.508224,-0.879046,0.449573,-0.158419,-0.355671,-0.397435,0.845817,1.8e-05,-8.8e-05,-6.9e-05,0.0,0.0,0.0,-1.228585,0.046737,0.024454,-0.016389,-0.105226,-0.834835,0.540348,0.939266,-0.261921,-0.221757,0.326659,0.484196,0.811694,-0.000728,0.004602,-0.005101,0.035298,-0.001676,0.022561,-0.848419,0.06884,0.018587,-0.061361,-0.105972,0.826677,-0.552607,-0.849764,-0.363896,-0.381417,-0.5164,0.429167,0.741043,9.8e-05,0.000465,0.00032,-6e-06,6e-06,6e-06,-0.908731
34,0.118597,-0.039128,0.421257,-0.322566,0.769018,-0.551914,-0.725724,-0.575201,-0.377413,-0.607305,0.277836,0.744322,-0.0003,-0.001446,-0.00099,-0.001602,0.008639,-0.027446,-1.91558,-0.097389,-0.033046,0.391274,0.317696,0.800484,0.508219,-0.87903,0.4496,-0.158432,-0.355693,-0.397415,0.845817,7.8e-05,-0.000378,-0.000298,0.0,0.0,0.0,-1.227895,0.046748,0.024453,-0.016397,-0.105243,-0.834835,0.540345,0.939256,-0.261946,-0.221768,0.326681,0.484183,0.811692,4.1e-05,-0.000198,-0.000156,-6.6e-05,2.7e-05,-9.4e-05,-0.846786,0.06884,0.018584,-0.061363,-0.10702,0.826439,-0.55276,-0.849686,-0.364726,-0.380799,-0.516314,0.428919,0.741247,-0.000153,-0.000737,-0.000505,-0.00162,0.008622,-0.027465,-0.909058
35,0.118587,-0.039127,0.421258,-0.322979,0.7688,-0.551975,-0.725595,-0.575539,-0.377147,-0.607239,0.277739,0.744412,-4e-06,-2.1e-05,-1.4e-05,0.0,0.0,0.0,-1.915641,-0.097369,-0.033042,0.391275,0.317884,0.800431,0.508185,-0.878968,0.44975,-0.158346,-0.355677,-0.397351,0.845854,1e-06,-6e-06,-4e-06,0.007927,-0.06957,0.186143,-1.227688,0.046759,0.024454,-0.016397,-0.10529,-0.834835,0.540336,0.939251,-0.261982,-0.221747,0.326681,0.484164,0.811704,-2e-06,1e-05,7e-06,-5e-05,2.6e-05,-7.8e-05,-0.848256,0.068834,0.018581,-0.061365,-0.107476,0.826338,-0.552823,-0.849651,-0.365086,-0.380532,-0.516276,0.428809,0.741337,-2e-06,-1.2e-05,-9e-06,-1.6e-05,2e-06,-2e-06,-0.908894
36,0.118585,-0.039147,0.421269,-0.32381,0.768363,-0.552097,-0.725367,-0.576202,-0.376571,-0.607068,0.277576,0.744613,-1.4e-05,-6.5e-05,-4.5e-05,-0.011059,0.059613,-0.18942,-1.915754,-0.097291,-0.033,0.391311,0.318157,0.800365,0.508118,-0.87889,0.449954,-0.158206,-0.355628,-0.397254,0.845921,-0.0002,0.000963,0.000759,0.0,0.0,0.0,-1.22762,0.046798,0.024475,-0.01638,-0.105721,-0.834818,0.540279,0.939211,-0.26231,-0.221529,0.326657,0.484016,0.811802,-0.000129,0.000619,0.000487,-2.9e-05,1.7e-05,-5.9e-05,-0.849235,0.068833,0.01857,-0.06136,-0.108249,0.826167,-0.552928,-0.849619,-0.365671,-0.38004,-0.516167,0.428639,0.741511,-5e-06,-3.5e-05,-2.3e-05,-1e-05,5e-06,9e-06,-0.909384
37,0.118595,-0.039182,0.421308,-0.322841,0.768953,-0.551842,-0.724342,-0.575963,-0.378903,-0.608806,0.276437,0.743617,-0.0,-0.0,-0.0,0.001667,-0.000275,0.001096,-1.915627,-0.097253,-0.032971,0.391316,0.318307,0.800324,0.508088,-0.878831,0.450084,-0.158161,-0.355639,-0.397188,0.845947,-3e-06,1.3e-05,1e-05,0.0,0.0,0.0,-1.225893,0.046816,0.024491,-0.016376,-0.105876,-0.83481,0.540261,0.939185,-0.262446,-0.221478,0.326682,0.483956,0.811828,2e-06,-1.8e-05,-1.6e-05,-2.9e-05,-2e-06,-4e-05,-0.849072,0.068838,0.018553,-0.06134,-0.107269,0.826458,-0.552683,-0.84852,-0.365821,-0.382346,-0.518176,0.427949,0.740507,1e-06,3e-06,2e-06,0.013843,-0.002248,0.009132,-0.909874
38,0.118586,-0.039193,0.421338,-0.323021,0.768867,-0.551856,-0.724336,-0.576081,-0.378735,-0.608717,0.27643,0.743692,1e-05,4.7e-05,3.2e-05,0.0,-0.0,0.0,-1.915702,-0.097242,-0.032976,0.391323,0.318315,0.800326,0.508081,-0.878838,0.450078,-0.158138,-0.355614,-0.397192,0.845956,-0.0,0.0,0.0,0.0,0.0,0.0,-1.225264,0.046822,0.024488,-0.016372,-0.105883,-0.834814,0.540254,0.939193,-0.262437,-0.221455,0.326657,0.483954,0.811839,2e-06,-1.6e-05,-1.3e-05,-2.5e-05,-3e-06,-2.7e-05,-0.849072,0.068833,0.018548,-0.061325,-0.107497,0.826415,-0.552704,-0.848567,-0.365942,-0.382124,-0.518051,0.42793,0.740606,6e-06,3e-05,2e-05,-0.000919,0.000148,-0.000581,-0.910527
39,0.118563,-0.039257,0.421407,-0.323225,0.768787,-0.551849,-0.724423,-0.57616,-0.378448,-0.608504,0.276488,0.743844,-1.6e-05,-7.7e-05,-5.3e-05,0.0,0.0,0.0,-1.915837,-0.09723,-0.032981,0.391305,0.318313,0.800326,0.508082,-0.878829,0.450087,-0.158161,-0.355637,-0.397182,0.84595,1.5e-05,-7.4e-05,-5.8e-05,0.0,0.0,0.0,-1.22619,0.046828,0.024485,-0.016382,-0.10588,-0.834813,0.540255,0.939185,-0.262448,-0.221477,0.326681,0.48395,0.811832,7e-06,-3.9e-05,-3.2e-05,-2.1e-05,2e-06,-1.4e-05,-0.846133,0.068822,0.018516,-0.061291,-0.107719,0.82639,-0.552698,-0.848678,-0.365995,-0.381828,-0.517824,0.427933,0.740763,-9e-06,-4.4e-05,-3e-05,-9e-06,-3e-06,7e-06,-0.911017
40,0.11853,-0.039326,0.421486,-0.323728,0.768552,-0.551881,-0.724434,-0.576473,-0.37795,-0.608224,0.276488,0.744073,-8.1e-05,-0.00039,-0.000267,0.0,0.0,0.0,-1.915572,-0.097253,-0.032971,0.39129,0.318297,0.800322,0.508098,-0.878815,0.450099,-0.158208,-0.355688,-0.397175,0.845932,-2.5e-05,0.000118,9.3e-05,0.0,0.0,0.0,-1.226581,0.046817,0.02449,-0.01639,-0.105864,-0.834806,0.540269,0.939169,-0.262463,-0.221523,0.32673,0.483954,0.81181,-2e-05,9.4e-05,7.5e-05,-1.1e-05,3e-06,-1.2e-05,-0.846623,0.068805,0.018482,-0.061251,-0.108265,0.826295,-0.552733,-0.848772,-0.366294,-0.381331,-0.517555,0.42786,0.740994,-6.3e-05,-0.000301,-0.000205,-2.9e-05,1e-06,-2e-06,-0.911017
41,0.118518,-0.039351,0.421506,-0.323946,0.768446,-0.551901,-0.724415,-0.576622,-0.377757,-0.608129,0.276473,0.744156,-0.000156,-0.000753,-0.000516,0.0,0.0,0.0,-1.915516,-0.097254,-0.032964,0.391295,0.318317,0.800316,0.508095,-0.878808,0.450115,-0.158199,-0.355686,-0.397169,0.845936,-1.6e-05,7.5e-05,5.9e-05,0.0,0.0,0.0,-1.226568,0.046816,0.024494,-0.016387,-0.105885,-0.834804,0.540268,0.939167,-0.26248,-0.221513,0.32673,0.483947,0.811814,-1e-05,4.8e-05,3.8e-05,-9e-06,1.3e-05,-8e-06,-0.847929,0.068799,0.01847,-0.06124,-0.108504,0.82625,-0.552754,-0.848795,-0.366442,-0.381138,-0.517468,0.427821,0.741077,-0.000122,-0.000587,-0.000403,-4e-06,5e-06,1.5e-05,-0.911507
42,0.118487,-0.039341,0.421501,-0.322975,0.769031,-0.551656,-0.723289,-0.576429,-0.380203,-0.609984,0.275251,0.743091,-0.0,-0.0,-0.0,0.0,-0.0,0.0,-1.913159,-0.097266,-0.032959,0.391287,0.31831,0.800314,0.508103,-0.878801,0.450122,-0.158222,-0.355711,-0.397166,0.845927,0.000148,-0.000711,-0.000561,0.0,0.0,0.0,-1.225523,0.04681,0.024498,-0.016389,-0.105876,-0.834801,0.540275,0.93916,-0.262488,-0.221536,0.326754,0.483949,0.811803,0.000101,-0.000487,-0.000385,1e-06,1.4e-05,-9e-06,-0.848093,0.068784,0.018474,-0.061244,-0.10741,0.82656,-0.552504,-0.847643,-0.366553,-0.383588,-0.519581,0.427125,0.739999,3e-06,8e-06,5e-06,-0.000983,0.000166,-0.000628,-0.91167
43,0.118445,-0.039335,0.421505,-0.323196,0.768922,-0.551677,-0.723221,-0.576603,-0.380067,-0.609946,0.275189,0.743144,-0.0,-0.0,-0.0,0.0,0.0,0.0,-1.903744,-0.097254,-0.032957,0.391261,0.318464,0.800265,0.508084,-0.87873,0.450269,-0.158193,-0.355747,-0.397098,0.845943,1.8e-05,-8.8e-05,-7e-05,0.0,0.0,0.0,-1.226182,0.046816,0.024497,-0.016404,-0.106039,-0.834784,0.540268,0.939124,-0.262646,-0.2215,0.326804,0.483891,0.811817,1e-05,-5.2e-05,-4.3e-05,4e-06,-1e-06,-6e-06,-0.848093,0.068763,0.018477,-0.061242,-0.107657,0.826512,-0.552528,-0.847628,-0.36674,-0.383442,-0.519554,0.427058,0.740057,1e-06,3e-06,4e-06,-3.3e-05,5e-06,-1e-05,-0.911344
44,0.11845,-0.039372,0.421493,-0.323524,0.768747,-0.55173,-0.723135,-0.576866,-0.379834,-0.609875,0.27513,0.743224,-0.000149,-0.00072,-0.000493,0.0,0.0,0.0,-1.898163,-0.097247,-0.032934,0.391239,0.318393,0.80028,0.508105,-0.878725,0.450246,-0.158291,-0.355825,-0.397094,0.845913,-0.001418,0.009017,-0.010348,0.035385,-0.001704,0.022715,-1.226099,0.04682,0.024506,-0.016411,-0.105947,-0.834788,0.54028,0.939117,-0.262599,-0.221585,0.326854,0.48391,0.811786,4.3e-05,-0.000201,-0.000158,-4e-06,-1e-06,-2e-06,-0.849072,0.068765,0.018459,-0.061248,-0.108019,0.826429,-0.552581,-0.847614,-0.367015,-0.383208,-0.519501,0.426982,0.740138,-9.4e-05,-0.000458,-0.000314,-3e-06,-5e-06,5e-06,-0.910201
45,0.118448,-0.039379,0.421488,-0.323802,0.768597,-0.551775,-0.723047,-0.577095,-0.379652,-0.609831,0.275067,0.743284,-2.4e-05,-0.000117,-8e-05,0.0,0.0,0.0,-1.886216,-0.097237,-0.032932,0.391239,0.318416,0.800274,0.508099,-0.878717,0.450264,-0.158281,-0.355823,-0.397084,0.845918,1e-06,-4e-06,-4e-06,0.0,0.0,0.0,-1.225844,0.046825,0.02451,-0.016415,-0.105988,-0.834784,0.540279,0.939104,-0.262645,-0.221586,0.326879,0.483893,0.811786,-0.0,3e-06,1e-06,-3e-06,-3e-06,-0.0,-0.849072,0.068764,0.018454,-0.061251,-0.108327,0.826357,-0.552627,-0.847591,-0.367259,-0.383026,-0.519475,0.42691,0.740197,-6e-06,-3.5e-05,-2.3e-05,-1e-05,1e-06,3e-06,-0.910201
46,0.118445,-0.039386,0.42147,-0.324344,0.768304,-0.551865,-0.722859,-0.57755,-0.379317,-0.609765,0.274932,0.743388,-3.6e-05,-0.000174,-0.000119,0.0,0.0,0.0,-1.858106,-0.09724,-0.032918,0.391263,0.323336,0.79832,0.508065,-0.875983,0.455598,-0.158172,-0.358128,-0.39492,0.845958,-0.000245,0.001178,0.000928,0.0,-0.0,0.0,-1.22707,0.046824,0.024514,-0.016405,-0.111203,-0.833891,0.540609,0.937554,-0.268436,-0.221209,0.329583,0.482251,0.81167,-0.000162,0.00078,0.000616,-2.3e-05,-1.5e-05,-0.000129,-0.848582,0.068763,0.018451,-0.06126,-0.108927,0.826217,-0.55272,-0.847531,-0.367748,-0.382691,-0.519448,0.426762,0.740302,-1.9e-05,-9.1e-05,-6.3e-05,0.0,-4e-06,1e-05,-0.908894
47,0.118444,-0.039387,0.421457,-0.323323,0.768907,-0.551624,-0.721743,-0.57732,-0.381786,-0.611627,0.27373,0.742301,-6e-06,-2.9e-05,-2e-05,0.0,-0.0,0.0,-1.832208,-0.097212,-0.032899,0.391275,0.323306,0.798335,0.508062,-0.875993,0.455572,-0.15819,-0.35813,-0.394922,0.845957,-2e-06,1.2e-05,9e-06,0.0,0.0,0.0,-1.227984,0.046837,0.024527,-0.016397,-0.111168,-0.833899,0.540604,0.937558,-0.268405,-0.221227,0.329582,0.482254,0.811668,3e-06,-1.7e-05,-1.6e-05,-3.6e-05,1.6e-05,-6.6e-05,-0.848909,0.068762,0.01845,-0.061266,-0.107781,0.826532,-0.552474,-0.846379,-0.367821,-0.385162,-0.52156,0.426089,0.739203,0.0,-1e-06,-2e-06,-0.000784,0.000124,-0.000498,-0.908241
48,0.118454,-0.039388,0.421456,-0.3233,0.768917,-0.551624,-0.72175,-0.577303,-0.381799,-0.611631,0.273738,0.742295,-0.0,-0.0,-0.0,0.0,-0.0,0.0,-1.807346,-0.097177,-0.032907,0.391265,0.323335,0.79833,0.50805,-0.875984,0.455593,-0.158179,-0.358126,-0.394905,0.845966,0.000209,-0.001002,-0.00079,0.0,0.0,0.0,-1.227768,0.046854,0.024525,-0.0164,-0.111197,-0.833902,0.540594,0.937555,-0.268427,-0.221216,0.329583,0.482238,0.811678,0.000141,-0.00068,-0.000539,-3.6e-05,7e-06,-5.9e-05,-0.849235,0.068767,0.01845,-0.061267,-0.10776,0.826534,-0.552474,-0.846383,-0.367804,-0.385168,-0.521557,0.4261,0.7392,2e-06,1.1e-05,7e-06,-0.000115,1.5e-05,-5.7e-05,-0.907261
49,0.118447,-0.039366,0.421459,-0.32353,0.768794,-0.551661,-0.721661,-0.577499,-0.381669,-0.611614,0.273671,0.742334,2.7e-05,0.00013,8.9e-05,0.0,0.0,0.0,-1.713626,-0.097131,-0.032919,0.391237,0.323502,0.798283,0.508018,-0.875919,0.455738,-0.158126,-0.358135,-0.394834,0.845996,0.000184,-0.000882,-0.000696,0.0,0.0,0.0,-1.227352,0.046877,0.024517,-0.016415,-0.111372,-0.833892,0.540574,0.937526,-0.268578,-0.221156,0.329607,0.482171,0.811707,0.000118,-0.000568,-0.000449,-1.5e-05,1.3e-05,-4.3e-05,-0.850215,0.068764,0.018462,-0.061265,-0.108014,0.826475,-0.552513,-0.846351,-0.368016,-0.385037,-0.521557,0.426031,0.739239,1.6e-05,7.3e-05,5.1e-05,-5e-06,-7e-06,7e-06,-0.888646
50,0.118642,-0.039171,0.421227,-0.32453,0.768078,-0.55207,-0.722274,-0.578028,-0.379707,-0.61036,0.27456,0.743037,0.000328,0.009863,-0.009937,0.035366,-0.011629,0.018323,-1.524279,-0.097189,-0.032822,0.391109,0.323495,0.798238,0.508094,-0.875763,0.45592,-0.158461,-0.358523,-0.394714,0.845887,-0.001468,0.009253,-0.010161,0.035385,-0.001708,0.022715,-1.223057,0.046849,0.024561,-0.016477,-0.111349,-0.833848,0.540646,0.937398,-0.268769,-0.221465,0.329977,0.482141,0.811575,-0.006951,-0.00133,-0.000212,-0.00205,0.015206,-0.029278,-0.850542,0.068855,0.018551,-0.061373,-0.109259,0.826031,-0.552932,-0.847137,-0.368388,-0.382946,-0.520019,0.426569,0.740012,0.007113,0.004266,-0.005479,0.037003,-0.026479,0.048323,-0.843415
51,0.119404,-0.038556,0.420578,-0.330381,0.764192,-0.553988,-0.727412,-0.580102,-0.366504,-0.601046,0.280938,0.748227,0.042983,0.019196,-0.020568,-2.227428,0.309213,-1.361857,-1.279857,-0.097498,-0.032361,0.390571,0.325432,0.796633,0.509373,-0.875528,0.457335,-0.15566,-0.357343,-0.396317,0.845637,-0.018608,0.026589,-0.029728,-0.541635,-0.411872,0.346626,-1.104918,0.046701,0.024783,-0.01674,-0.113087,-0.832324,0.542629,0.937524,-0.270241,-0.21913,0.329028,0.483947,0.810885,-0.001645,0.010128,-0.009472,-2.028126,-1.513592,1.023477,-0.828661,0.069224,0.01885,-0.061704,-0.114453,0.824212,-0.554593,-0.851664,-0.368811,-0.372351,-0.511437,0.42971,0.744164,0.014676,0.014956,-0.014912,0.059806,-0.064721,0.108766,-0.773363
52,0.120132,-0.037924,0.420115,-0.334249,0.761471,-0.555414,-0.731898,-0.580938,-0.356102,-0.593415,0.286529,0.752188,0.044781,0.036754,-0.025267,-0.573205,0.016993,-0.25336,-1.099305,-0.097807,-0.031784,0.390017,0.32865,0.793818,0.511696,-0.875876,0.45886,-0.149074,-0.353524,-0.40019,0.845418,-0.020512,0.038047,-0.03814,-0.034598,0.238429,-0.016435,-0.907218,0.046548,0.025065,-0.017015,-0.117297,-0.830538,0.54447,0.938794,-0.271542,-0.211965,0.323891,0.486282,0.811555,-0.00958,0.014721,-0.013728,-0.234222,0.118705,0.26882,-0.752567,0.069585,0.019148,-0.06194,-0.120059,0.822297,-0.556247,-0.857037,-0.368643,-0.359983,-0.50107,0.433506,0.748999,0.022452,0.018596,-0.012502,-2.155759,0.27949,-1.297869,-0.724702
53,0.122156,-0.035895,0.419154,-0.333601,0.759244,-0.558841,-0.750478,-0.572581,-0.330007,-0.570131,0.30836,0.761506,0.061882,0.062148,-0.024947,-2.21421,0.21716,-1.21932,-0.741307,-0.09885,-0.030102,0.388281,0.354517,0.78829,0.502899,-0.883989,0.457834,-0.094259,-0.304971,-0.412134,0.858488,-0.035806,0.044815,-0.048555,-2.717979,-1.555032,0.979314,-0.450134,0.046031,0.025907,-0.017877,-0.143134,-0.829571,0.539744,0.950042,-0.268005,-0.159976,0.277365,0.489882,0.826488,-0.01868,0.027342,-0.029092,-2.170967,-1.286818,0.946871,-0.57703,0.070589,0.020144,-0.062427,-0.118956,0.820253,-0.559493,-0.872234,-0.355563,-0.335829,-0.4744,0.448061,0.75775,0.031063,0.031536,-0.012182,-0.134213,-0.150276,0.255189,-0.616441
54,0.124641,-0.033236,0.418502,-0.321443,0.763421,-0.560274,-0.781236,-0.548099,-0.298711,-0.534736,0.340736,0.773294,0.063787,0.075629,-0.016326,-0.849832,-0.035017,-0.119126,-0.374953,-0.100032,-0.028263,0.386357,0.387034,0.784341,0.484774,-0.891802,0.451953,-0.019004,-0.234467,-0.425955,0.873757,-0.022127,0.04876,-0.04706,-2.68795,-1.685528,1.474621,-0.072605,0.045435,0.026824,-0.018841,-0.176842,-0.833022,0.524214,0.962253,-0.258272,-0.085805,0.206868,0.489253,0.847251,-0.011117,0.024768,-0.023207,-2.21704,-1.351704,1.243135,-0.467299,0.071856,0.021501,-0.062759,-0.107403,0.820948,-0.560809,-0.896531,-0.323799,-0.302299,-0.429761,0.470316,0.770783,0.032059,0.038546,-0.007708,-0.897571,-0.062805,-0.160004,-0.53006
55,0.125846,-0.031889,0.418405,-0.314127,0.766895,-0.55968,-0.800521,-0.530823,-0.278147,-0.510017,0.359706,0.781359,0.063673,0.060125,0.006046,-5.355554,-0.765718,2.654578,-0.198772,-0.100363,-0.027279,0.385571,0.416454,0.776454,0.472945,-0.884985,0.465286,0.01564,-0.208415,-0.42604,0.880293,-0.007784,0.046874,-0.032768,-2.159279,-1.532121,1.408323,0.055311,0.045265,0.027309,-0.019245,-0.208299,-0.831725,0.514629,0.961094,-0.271651,-0.050024,0.181406,0.484187,0.855952,-0.004667,0.028434,-0.021139,-0.554029,-0.50599,0.748476,-0.423374,0.072436,0.02216,-0.062805,-0.102223,0.821153,-0.561478,-0.908118,-0.307425,-0.284271,-0.406043,0.480829,0.77713,0.032023,0.035124,-0.00188,0.044331,0.687972,-0.236076,-0.495443
56,0.127971,-0.0294,0.418762,-0.312032,0.768526,-0.558613,-0.825178,-0.510572,-0.241596,-0.470505,0.384611,0.794183,0.049775,0.055021,0.018647,-0.016014,0.278477,-0.882313,0.087105,-0.100559,-0.025112,0.384435,0.469714,0.759939,0.449281,-0.86524,0.497212,0.063834,-0.175452,-0.419677,0.890478,0.004217,0.058229,-0.025521,0.148134,-0.341924,1.126473,0.229026,0.045167,0.028368,-0.019812,-0.265204,-0.828066,0.493935,0.952594,-0.304239,0.001421,0.149097,0.470897,0.869497,0.002098,0.029289,-0.012617,0.180596,-0.349109,1.108737,-0.221057,0.073506,0.023417,-0.062624,-0.095976,0.823452,-0.559209,-0.929465,-0.275185,-0.245696,-0.356205,0.496185,0.791781,0.024962,0.027833,0.009506,-0.005028,0.244055,-0.848447,-0.240219
