frame,MLTx,MLTy,MLTz,MLTR1,MLTR2,MLTR3,MLTR4,MLTR5,MLTR6,MLTR7,MLTR8,MLTR9,MLTTVx,MLTTVy,MLTTVz,MLTRVx,MLTRVy,MLTRVz,MLGA,MRTx,MRTy,MRTz,MRTR1,MRTR2,MRTR3,MRTR4,MRTR5,MRTR6,MRTR7,MRTR8,MRTR9,MRTTVx,MRTTVy,MRTTVz,MRTRVx,MRTRVy,MRTRVz,MRGA,SLTx,SLTy,SLTz,SLTR1,SLTR2,SLTR3,SLTR4,SLTR5,SLTR6,SLTR7,SLTR8,SLTR9,SLTTVx,SLTTVy,SLTTVz,SLTRVx,SLTRVy,SLTRVz,SLGA,SRTx,SRTy,SRTz,SRTR1,SRTR2,SRTR3,SRTR4,SRTR5,SRTR6,SRTR7,SRTR8,SRTR9,SRTTVx,SRTTVy,SRTTVz,SRTRVx,SRTRVy,SRTRVz,SRGA
1,0.11118,-0.03302,0.415991,-0.421266,0.609012,-0.672075,-0.699657,-0.689689,-0.186497,-0.576585,0.390896,0.71748,0.014905,0.003267,0.002176,0.000944,-0.014697,0.02952,0.000673,-0.127366,-0.019917,0.410877,0.390984,0.710304,0.585313,-0.647345,0.664323,-0.373569,-0.654647,-0.233744,0.718794,-0.048999,-0.034081,0.095535,-0.268031,0.579878,-0.195054,-0.752383,0.031305,0.032123,-0.006351,-0.27196,-0.777115,0.567564,0.718951,-0.556117,-0.416942,0.639645,0.294659,0.70995,-0.024533,-0.017431,0.047554,-0.092557,0.960642,-0.439861,-0.88222,0.065262,0.019514,-0.06257,-0.531248,0.545307,-0.648394,-0.560945,-0.799939,-0.21316,-0.634914,0.250473,0.730853,0.007652,0.006507,-0.003909,0.046381,-0.039598,0.080345,-0.214419
2,0.111543,-0.0328,0.415891,-0.421579,0.608902,-0.671979,-0.700449,-0.689239,-0.185181,-0.575394,0.391858,0.717911,0.015593,0.014403,-0.006863,0.038299,-0.03663,0.075055,0.011011,-0.128161,-0.020432,0.41253,0.375634,0.711958,0.593302,-0.650642,0.65852,-0.378089,-0.660327,-0.24491,0.709825,-0.036836,-0.023667,0.084838,0.41594,0.743661,-0.80215,-0.774156,0.030874,0.031846,-0.005456,-0.255359,-0.776608,0.575908,0.721716,-0.549475,-0.420953,0.643363,0.308149,0.700804,-0.018481,-0.011878,0.042426,0.478164,0.702775,-0.879348,-0.903611,0.065449,0.019624,-0.06262,-0.53149,0.545168,-0.648312,-0.561789,-0.799682,-0.211898,-0.633964,0.251593,0.731292,0.014519,0.001618,0.001034,0.007131,-0.039824,0.088421,-0.203969
3,0.112342,-0.032401,0.415759,-0.424283,0.607637,-0.671422,-0.702506,-0.688674,-0.179403,-0.570882,0.394801,0.719898,0.015385,0.005576,0.00373,0.002509,-0.023925,0.056777,0.020867,-0.129463,-0.021399,0.415799,0.358887,0.707503,0.608794,-0.642761,0.660322,-0.388286,-0.677136,-0.252858,0.690951,-0.024175,-0.017078,0.071655,-0.003651,0.615323,-0.252731,-0.803653,0.03024,0.031386,-0.003874,-0.24016,-0.770898,0.589948,0.713921,-0.552056,-0.430756,0.657753,0.317726,0.682942,-0.01158,-0.012894,0.041156,1.945516,1.457102,-1.589217,-0.870626,0.06585,0.019831,-0.062687,-0.533921,0.543392,-0.647805,-0.563859,-0.79974,-0.206105,-0.630072,0.255227,0.733394,0.014602,0.006128,-0.00422,0.045144,-0.053541,0.108663,-0.184047
4,0.11331,-0.032094,0.415662,-0.426768,0.606486,-0.670888,-0.704741,-0.687873,-0.173617,-0.566258,0.39795,0.721814,0.028761,0.002474,0.001518,0.001836,-0.029373,0.058997,0.007633,-0.129919,-0.022448,0.418787,0.353248,0.705473,0.614422,-0.627453,0.665846,-0.403591,-0.694247,-0.24385,0.677068,0.004305,-0.030264,0.07726,-0.169809,0.505646,-0.166553,-0.86216,0.029996,0.030874,-0.002376,-0.234423,-0.769138,0.594534,0.698967,-0.558404,-0.446798,0.67564,0.310821,0.668505,0.00157,-0.011164,0.0331,0.514555,0.713481,-0.418331,-0.884016,0.066329,0.019989,-0.062732,-0.536165,0.541769,-0.647312,-0.566158,-0.799595,-0.200277,-0.626092,0.259099,0.735442,0.014518,0.001836,0.001153,0.0104,-0.041345,0.091345,-0.18568
5,0.114262,-0.031781,0.415619,-0.430317,0.607002,-0.668147,-0.707102,-0.686711,-0.168541,-0.560601,0.399164,0.72555,0.029019,0.003862,0.002437,-0.184547,0.13695,-0.240321,-0.002118,-0.129676,-0.023717,0.421465,0.356699,0.706821,0.610869,-0.61142,0.67106,-0.419258,-0.706688,-0.224849,0.670744,0.017474,-0.029637,0.060629,1.98974,0.543088,-1.6805,-0.888722,0.030115,0.030221,-0.000976,-0.237094,-0.769884,0.592507,0.683769,-0.565492,-0.46117,0.690106,0.295797,0.660498,0.008738,-0.015298,0.030011,1.980222,0.53277,-1.673215,-0.890711,0.066799,0.020138,-0.062753,-0.539308,0.542123,-0.644398,-0.568623,-0.798861,-0.196181,-0.62114,0.260618,0.739096,0.014468,0.001683,0.001018,-2.019298,0.839852,-1.606168,-0.199723
6,0.114654,-0.031622,0.415612,-0.43081,0.606802,-0.668012,-0.707958,-0.686239,-0.166867,-0.559142,0.400278,0.726062,0.015389,0.005999,0.003969,0.002608,-0.023372,0.056999,-0.007158,-0.129427,-0.024462,0.422661,0.359859,0.706638,0.609226,-0.603492,0.674316,-0.425475,-0.711889,-0.215452,0.668324,0.019387,-0.044915,0.067286,0.437063,0.164952,-0.591047,-0.918299,0.030231,0.029869,-0.000401,-0.240405,-0.770046,0.59096,0.676016,-0.569716,-0.467359,0.696568,0.287144,0.657526,0.009057,-0.017999,0.02837,1.982056,0.528568,-1.673459,-0.889568,0.067006,0.020222,-0.062759,-0.540202,0.541277,-0.644359,-0.569576,-0.798829,-0.193528,-0.619486,0.262468,0.739828,0.014478,0.001842,0.001138,0.007554,-0.049673,0.086875,-0.205275
7,0.115514,-0.03122,0.415603,-0.43499,0.604858,-0.667066,-0.710608,-0.685529,-0.158294,-0.552505,0.40441,0.728847,0.029635,0.015222,-0.006496,-0.143343,0.024776,-0.045853,-0.019126,-0.128711,-0.026019,0.424687,0.366333,0.70537,0.606831,-0.592514,0.679733,-0.432231,-0.717796,-0.202115,0.666169,0.018108,-0.035845,0.040951,-0.133909,-0.055149,0.103548,-0.96602,0.030597,0.02907,0.000635,-0.246606,-0.769874,0.588625,0.665409,-0.576092,-0.474707,0.704567,0.274611,0.654349,0.009067,-0.018381,0.020186,-0.141504,-0.057444,0.109152,-0.890221,0.06743,0.020418,-0.062761,-0.543824,0.538573,-0.643578,-0.572219,-0.798946,-0.185066,-0.613856,0.267624,0.742668,0.007941,0.004213,0.002779,-0.669149,0.254232,-0.494158,-0.21246
8,0.116356,-0.030747,0.415642,-0.43564,0.604628,-0.666849,-0.712363,-0.684403,-0.15525,-0.549728,0.40665,0.7297,0.029724,0.015973,-0.006025,0.039245,-0.05117,0.104724,-0.030739,-0.127834,-0.027431,0.426153,0.360043,0.710743,0.604321,-0.590928,0.675037,-0.441659,-0.722267,-0.199,0.662262,0.031752,-0.037292,0.039028,-0.080403,-0.006274,-0.073707,-1.01634,0.031024,0.02837,0.001349,-0.239754,-0.774214,0.585755,0.662821,-0.571387,-0.483926,0.709355,0.272228,0.650158,0.015365,-0.015069,0.013689,0.110071,-0.023227,1.6e-05,-0.892507,0.067852,0.020656,-0.06274,-0.54452,0.538142,-0.643351,-0.574153,-0.798307,-0.181806,-0.611429,0.270384,0.74367,0.007996,0.004593,0.003018,0.005417,-0.025171,0.059023,-0.222421
9,0.116719,-0.030515,0.415683,-0.437296,0.60602,-0.664498,-0.713257,-0.683703,-0.154231,-0.54725,0.405756,0.732057,0.015984,0.009247,0.006086,-0.531623,0.783914,-0.258362,-0.032239,-0.12732,-0.028055,0.426744,0.362581,0.710189,0.603455,-0.585977,0.677283,-0.444806,-0.725031,-0.193238,0.660947,0.030689,-0.029004,0.028103,-0.094529,-0.080858,0.182045,-1.032214,0.031282,0.028051,0.001646,-0.242214,-0.774077,0.584924,0.658151,-0.574045,-0.487143,0.712859,0.266976,0.648502,0.015409,-0.015253,0.013577,-0.112635,-0.016804,-0.029453,-0.892507,0.068039,0.020774,-0.062725,-0.544702,0.53801,-0.643307,-0.574773,-0.798092,-0.180787,-0.610684,0.27128,0.743957,0.008125,0.009268,-0.002134,-1.997563,0.856966,-1.762992,-0.22536
10,0.11731,-0.030136,0.415684,-0.437476,0.605921,-0.664469,-0.714046,-0.683169,-0.152937,-0.546076,0.406797,0.732355,0.015223,0.013996,-0.007267,0.038268,-0.036309,0.07523,-0.033433,-0.126124,-0.02926,0.427758,0.373267,0.706891,0.600808,-0.565529,0.6868,-0.456527,-0.735789,-0.170269,0.655353,0.031172,-0.032175,0.026152,-0.037521,-0.007462,-0.070702,-1.072219,0.031891,0.027437,0.002163,-0.253472,-0.772133,0.582719,0.638798,-0.585969,-0.498574,0.726421,0.245865,0.641764,0.015584,-0.01625,0.012958,-0.045767,-0.009597,-0.06555,-0.892834,0.068341,0.020973,-0.062718,-0.546488,0.539062,-0.640907,-0.576047,-0.797453,-0.179548,-0.607881,0.271072,0.746324,0.007575,0.006825,-0.00376,0.039567,-0.04133,0.075141,-0.227156
11,0.117793,-0.029905,0.415574,-0.439859,0.604714,-0.663996,-0.715024,-0.683116,-0.148545,-0.542874,0.408678,0.733688,0.014223,0.001129,0.000625,0.002484,-0.024039,0.05678,-0.041105,-0.124892,-0.030557,0.428737,0.378173,0.705993,0.59879,-0.543245,0.693039,-0.473831,-0.749952,-0.147002,0.644846,0.031619,-0.034853,0.024483,1.537099,-0.456595,0.567654,-1.097017,0.032488,0.026816,0.002635,-0.256016,-0.772694,0.58086,0.621675,-0.59175,-0.513177,0.740253,0.229724,0.631863,0.015733,-0.017014,0.012481,-0.094565,0.301222,0.071936,-0.897569,0.068583,0.021089,-0.062773,-0.548586,0.537396,-0.640514,-0.576986,-0.797753,-0.175144,-0.605094,0.273486,0.747707,0.007062,0.000326,0.000144,0.004347,-0.024873,0.058216,-0.231565
12,0.117941,-0.029855,0.415519,-0.439647,0.604783,-0.664074,-0.715005,-0.683079,-0.148805,-0.54307,0.408638,0.733565,0.000153,0.000729,0.000487,0.0,0.0,0.0,-0.041135,-0.124415,-0.031184,0.429136,0.374962,0.710289,0.595722,-0.535512,0.690554,-0.486102,-0.757092,-0.137654,0.638534,0.031705,-0.035138,0.024294,0.091618,0.032849,-0.18259,-1.115308,0.032734,0.026487,0.002843,-0.25486,-0.775422,0.577724,0.60857,-0.592915,-0.527344,0.751457,0.217187,0.62301,0.008663,-0.014573,0.006491,0.62184,0.205256,-0.773334,-0.891854,0.068652,0.021115,-0.0628,-0.5484,0.537498,-0.640587,-0.576961,-0.797713,-0.175407,-0.605286,0.273401,0.747582,7e-05,0.000333,0.000214,0.00025,-0.000123,0.00022,-0.233035
13,0.118074,-0.029878,0.415415,-0.440127,0.604434,-0.664073,-0.714671,-0.683489,-0.148525,-0.54312,0.408468,0.733623,-0.000356,-0.001703,-0.001138,0.0,0.0,0.0,-0.038918,-0.123634,-0.032483,0.4298,0.369052,0.710425,0.59924,-0.518261,0.692563,-0.501692,-0.771859,-0.12632,0.623008,0.018926,-0.040303,0.022151,0.091011,0.420916,-0.125098,-1.136109,0.033136,0.025827,0.003185,-0.249251,-0.774955,0.58079,0.591089,-0.596791,-0.542635,0.767129,0.208046,0.606818,0.009468,-0.020316,0.010964,0.10152,0.459317,-0.111076,-0.892997,0.068723,0.021102,-0.062852,-0.548787,0.537083,-0.640604,-0.576567,-0.798053,-0.175159,-0.605312,0.273227,0.747625,-0.000155,0.003363,-0.006003,0.035749,-0.01239,0.018436,-0.233361
14,0.11808,-0.029971,0.415291,-0.440934,0.603923,-0.664002,-0.714225,-0.684075,-0.147974,-0.543051,0.408245,0.733797,-0.000862,-0.004129,-0.002762,-0.001494,0.009338,-0.027223,-0.032127,-0.122968,-0.033517,0.429762,0.363689,0.700678,0.613818,-0.490641,0.704271,-0.513037,-0.792194,-0.115474,0.59913,0.016242,-0.020172,-0.013805,-0.005009,1.041445,0.244129,-1.151487,0.033462,0.025321,0.003174,-0.246355,-0.765759,0.594071,0.564851,-0.611541,-0.55404,0.787561,0.199071,0.583196,0.008053,-0.009634,-0.006625,-0.026617,0.578392,-0.071517,-0.892507,0.068726,0.021057,-0.062914,-0.549469,0.536443,-0.640556,-0.576028,-0.798555,-0.174645,-0.605207,0.273016,0.747787,-0.000353,-0.001698,-0.001137,-1.5e-05,-2e-05,1.1e-05,-0.230422
15,0.118028,-0.030112,0.415184,-0.441476,0.603598,-0.663939,-0.713963,-0.684435,-0.147571,-0.542954,0.408124,0.733936,-0.000937,-0.004483,-0.003004,-0.001495,0.009339,-0.027223,-0.016966,-0.122556,-0.034161,0.428964,0.362194,0.676426,0.641291,-0.458245,0.72839,-0.509307,-0.812043,-0.110267,0.572966,0.015175,-0.011932,-0.024926,0.03622,1.332673,0.185177,-1.198203,0.033669,0.024991,0.002788,-0.248051,-0.742473,0.622256,0.536158,-0.640203,-0.550157,0.806848,0.19716,0.556886,0.000977,-0.007456,-0.012842,0.135414,0.990672,0.334536,-0.8961,0.0687,0.020989,-0.062972,-0.549926,0.536029,-0.640509,-0.575693,-0.798874,-0.174285,-0.605109,0.272894,0.747911,-0.000439,-0.002108,-0.001411,-0.001503,0.009337,-0.027216,-0.223074
16,0.118035,-0.030187,0.415147,-0.441613,0.603513,-0.663924,-0.713915,-0.684513,-0.147443,-0.542907,0.408118,0.733975,0.012878,-0.005358,-0.003718,-0.00051,-0.005377,0.00233,-0.012444,-0.122522,-0.034339,0.428351,0.357626,0.666402,0.65422,-0.4438,0.737716,-0.508676,-0.82203,-0.10928,0.558738,0.000831,-0.006669,-0.036733,3.679998,-1.75783,3.142699,-1.219287,0.033691,0.024899,0.002473,-0.238484,-0.733009,0.637042,0.526901,-0.648689,-0.54916,0.815781,0.204692,0.540925,0.000953,-0.007233,-0.01273,0.045327,1.304812,0.152254,-0.89659,0.068698,0.020946,-0.062988,-0.550078,0.535897,-0.64049,-0.575628,-0.798958,-0.174116,-0.605034,0.272906,0.747967,-0.000291,-0.001391,-0.000932,-1.2e-05,-9e-06,1e-06,-0.218502
17,0.118207,-0.03025,0.415065,-0.441576,0.60348,-0.663979,-0.713875,-0.684544,-0.147491,-0.542989,0.408115,0.733916,0.013619,0.006398,-0.012353,0.036748,-0.02707,0.047987,-0.007925,-0.122539,-0.034373,0.426941,0.33666,0.645186,0.685847,-0.43225,0.753022,-0.496035,-0.836885,-0.130289,0.531518,-9.2e-05,0.000281,-0.032376,-0.096025,1.389016,0.167717,-1.240687,0.033684,0.024868,0.001758,-0.224868,-0.709606,0.667752,0.514324,-0.668497,-0.537198,0.827589,0.222643,0.515291,-0.000674,0.004873,-0.021294,-0.529606,0.805154,0.541012,-0.882547,0.068783,0.020906,-0.063028,-0.550065,0.53585,-0.640539,-0.575581,-0.798991,-0.174122,-0.605089,0.272904,0.747923,-8.1e-05,-0.000395,-0.000268,-7e-06,7e-06,7e-06,-0.21295
18,0.118453,-0.030229,0.414977,-0.441441,0.603474,-0.664074,-0.713801,-0.684578,-0.147691,-0.543197,0.408065,0.73379,0.013605,-0.001884,-0.001391,0.000984,-0.014715,0.029553,0.005678,-0.122685,-0.033818,0.425312,0.338659,0.62237,0.705661,-0.4101,0.77267,-0.484493,-0.847171,-0.126112,0.516004,-0.002204,0.015986,-0.03859,-0.060728,0.503402,-0.230519,-1.240377,0.033612,0.025136,0.000944,-0.226742,-0.686578,0.690795,0.495485,-0.691941,-0.525082,0.8385,0.223221,0.497081,-0.001715,0.012645,-0.02444,-0.457312,0.279063,0.442347,-0.878138,0.068906,0.020921,-0.063075,-0.549918,0.535883,-0.640639,-0.575495,-0.799003,-0.174352,-0.605306,0.272805,0.747784,1.1e-05,4.7e-05,3e-05,-1.2e-05,1.4e-05,-3e-06,-0.208051
19,0.118661,-0.030261,0.414892,-0.441126,0.603595,-0.664173,-0.713855,-0.684458,-0.147985,-0.543381,0.408089,0.73364,-0.000203,-0.000979,-0.000657,0.0,0.0,0.0,0.04753,-0.122846,-0.032773,0.423459,0.334832,0.611774,0.716667,-0.398889,0.781126,-0.480275,-0.854016,-0.125843,0.504661,0.00961,0.029715,-0.047174,0.144079,0.192731,-0.02396,-1.240144,0.033526,0.025658,2.3e-05,-0.223937,-0.676386,0.701678,0.486183,-0.701511,-0.521063,0.844675,0.224459,0.485942,-0.001819,0.013491,-0.023881,0.123202,0.238549,-0.304043,-0.883853,0.069016,0.020906,-0.063117,-0.549613,0.536077,-0.640738,-0.575584,-0.798872,-0.174656,-0.605498,0.272806,0.747629,0.006679,-0.001545,-0.001105,0.00098,-0.014715,0.029558,-0.171474
20,0.118796,-0.030289,0.414809,-0.440856,0.603706,-0.664252,-0.713894,-0.684359,-0.148257,-0.543549,0.40809,0.733515,-0.000183,0.007352,-0.011587,0.035766,-0.01232,0.018453,0.061083,-0.122854,-0.032182,0.422477,0.334088,0.607371,0.720747,-0.394247,0.784667,-0.478332,-0.85646,-0.125127,0.500681,0.009705,0.028984,-0.04763,0.128542,0.183316,-0.038602,-1.240326,0.033522,0.025958,-0.000465,-0.223852,-0.672193,0.705724,0.482176,-0.705657,-0.519185,0.846992,0.224062,0.482078,-0.001869,0.013885,-0.02362,0.086297,0.173521,-0.044257,-0.883853,0.069078,0.020891,-0.063153,-0.549402,0.536216,-0.640803,-0.575639,-0.798783,-0.17488,-0.605637,0.272792,0.74752,0.006536,-0.002235,-0.001568,0.00099,-0.014726,0.029562,-0.145838
21,0.119112,-0.030359,0.414498,-0.440224,0.603933,-0.664465,-0.713841,-0.684242,-0.149052,-0.544131,0.407951,0.73316,0.0127,0.001931,-0.015362,0.036751,-0.02702,0.048015,0.072744,-0.122776,-0.031087,0.420684,0.334002,0.603189,0.724291,-0.391199,0.787862,-0.475574,-0.857891,-0.125273,0.498189,-0.002657,0.019406,-0.036336,0.113681,0.123915,0.107234,-1.239421,0.033565,0.02651,-0.001364,-0.224478,-0.668518,0.709008,0.479742,-0.709112,-0.516727,0.848208,0.224147,0.479896,0.004896,0.014362,-0.023885,0.158971,0.146727,0.142136,-0.882057,0.069237,0.02086,-0.063306,-0.548823,0.536565,-0.641007,-0.575614,-0.798628,-0.17567,-0.606185,0.272561,0.74716,0.006137,-0.004208,-0.002899,-0.000488,-0.005365,0.002338,-0.120527
22,0.119289,-0.030414,0.413938,-0.45092,0.595796,-0.664637,-0.700888,-0.697365,-0.1497,-0.552132,0.397589,0.732872,-0.00172,-0.00012,-0.016628,0.034314,-0.002911,-0.008766,0.097476,-0.122913,-0.03014,0.418927,0.339313,0.591232,0.731644,-0.382608,0.797325,-0.466709,-0.859687,-0.122332,0.495819,-0.003665,0.026793,-0.047826,-0.008922,0.111197,0.297993,-1.240966,0.033497,0.026983,-0.002237,-0.23107,-0.657665,0.716995,0.472587,-0.720032,-0.508148,0.850451,0.221425,0.477182,-0.008526,0.012599,-0.023844,-0.425072,-0.043736,0.963551,-0.882873,0.069331,0.020835,-0.063584,-0.557823,0.52659,-0.641509,-0.560432,-0.8091,-0.176836,-0.612166,0.260879,0.746454,-0.000883,-0.000207,-0.008414,0.023377,0.062309,-0.196424,-0.094074
23,0.119289,-0.030492,0.413624,-0.460666,0.585767,-0.666866,-0.68776,-0.710455,-0.149034,-0.560511,0.389256,0.730981,-0.00209,-0.001921,-0.017857,0.319903,-0.270424,-0.487981,0.114896,-0.123001,-0.029715,0.418094,0.340606,0.584325,0.736576,-0.375343,0.802828,-0.463162,-0.862378,-0.119463,0.491831,-0.0025,0.018224,-0.037081,0.120345,0.319754,0.140733,-1.240751,0.033452,0.027204,-0.002673,-0.233597,-0.651183,0.722074,0.466237,-0.726693,-0.504518,0.853261,0.218804,0.473359,-0.001225,0.00914,-0.018517,0.137901,0.36442,0.15862,-0.885486,0.069331,0.020797,-0.063741,-0.56592,0.516026,-0.643002,-0.54565,-0.819085,-0.177099,-0.618061,0.25063,0.745107,-0.001189,-0.005854,-0.003959,1.039901,-0.329067,-1.449989,-0.075296
24,0.119169,-0.030825,0.412989,-0.466949,0.578205,-0.669092,-0.678386,-0.719534,-0.148439,-0.566689,0.383866,0.729067,-0.002965,-0.006156,-0.020772,0.028069,-0.028632,-0.047866,0.149355,-0.123042,-0.02903,0.416503,0.338049,0.569243,0.749451,-0.360644,0.813933,-0.455394,-0.869626,-0.117071,0.479488,-0.001995,0.014438,-0.039552,0.131653,0.614571,0.239543,-1.244503,0.033431,0.027546,-0.00345,-0.233484,-0.636733,0.734885,0.45345,-0.739862,-0.496977,0.860155,0.217198,0.461473,-0.00093,0.006891,-0.019987,0.180812,0.888252,0.326326,-0.884833,0.069273,0.020638,-0.064053,-0.570194,0.506312,-0.646936,-0.53414,-0.826807,-0.176306,-0.624157,0.245026,0.741882,-0.00153,-0.00336,-0.010573,0.02968,-0.007733,-0.039738,-0.027778
25,0.119094,-0.031271,0.412323,-0.467457,0.570097,-0.675662,-0.672983,-0.725039,-0.146235,-0.572675,0.385637,0.723433,0.010184,-0.018807,-0.012965,-0.02093,-0.136063,-0.072552,0.158937,-0.122836,-0.02881,0.415107,0.336354,0.54629,0.767089,-0.32421,0.831961,-0.450181,-0.884509,-0.097981,0.455968,0.000102,-0.001052,-0.033417,4.361161,-1.334043,2.886128,-1.285024,0.033533,0.027667,-0.004147,-0.232165,-0.616589,0.752274,0.424536,-0.760086,-0.491973,0.875138,0.205149,0.43823,0.00682,0.000133,-0.016866,0.117654,0.711855,0.265914,-0.889732,0.069228,0.020411,-0.064395,-0.569256,0.498503,-0.653789,-0.527781,-0.831301,-0.174312,-0.630391,0.245829,0.736324,-0.001619,-0.00378,-0.010894,0.012638,-0.136207,-0.083557,0.002594
26,0.119086,-0.031428,0.411941,-0.473268,0.562631,-0.677872,-0.663718,-0.733652,-0.14562,-0.578671,0.380294,0.721487,-0.002951,-0.00606,-0.020797,0.087429,-0.315105,-0.26067,0.153996,-0.122625,-0.028999,0.41461,0.329278,0.536432,0.777051,-0.311295,0.838641,-0.44689,-0.891776,-0.095432,0.442145,0.002897,-0.021542,-0.01424,0.04861,1.17712,0.326557,-1.305306,0.033637,0.02758,-0.004403,-0.229392,-0.604418,0.762927,0.407954,-0.771362,-0.48844,0.883715,0.199195,0.423519,0.007632,-0.005797,-0.01262,0.057163,0.703945,0.193336,-0.893324,0.069229,0.020324,-0.064586,-0.57421,0.491064,-0.655086,-0.517381,-0.837773,-0.174503,-0.634507,0.238728,0.735125,-0.001389,-0.002682,-0.010157,0.298533,-0.494877,-0.564979,0.006186
27,0.119009,-0.031565,0.41126,-0.473812,0.562086,-0.677943,-0.662666,-0.734536,-0.14595,-0.579428,0.379394,0.721354,-0.015593,0.000947,-0.015915,0.033303,0.011757,-0.038308,0.138948,-0.122236,-0.029899,0.414087,0.312785,0.519278,0.795304,-0.287824,0.849797,-0.441515,-0.905478,-0.091478,0.414251,0.004329,-0.031923,-0.004847,-0.007753,0.891725,0.000211,-1.317484,0.033832,0.027129,-0.004671,-0.213336,-0.584804,0.782618,0.386164,-0.786302,-0.482292,0.897421,0.199329,0.393576,0.002227,-0.016387,-0.00271,0.026896,1.063352,0.247543,-0.899529,0.069194,0.020247,-0.064932,-0.574145,0.489716,-0.656151,-0.515956,-0.838661,-0.174459,-0.635724,0.23838,0.734186,-0.000907,-0.000324,-0.008554,0.024278,0.066632,-0.194244,-0.004918
28,0.118861,-0.031571,0.410744,-0.474145,0.561735,-0.678001,-0.661828,-0.735207,-0.146374,-0.580112,0.378615,0.721213,-0.001143,0.002732,-0.014798,0.035745,-0.012418,0.018427,0.136478,-0.12171,-0.031115,0.414055,0.289884,0.513463,0.80766,-0.28725,0.851697,-0.438217,-0.913223,-0.10563,0.393358,0.018618,-0.035498,0.007894,-0.054756,0.330763,0.03571,-1.321122,0.034092,0.026515,-0.004697,-0.189736,-0.575956,0.795157,0.386198,-0.788365,-0.478884,0.90269,0.216227,0.372015,0.008684,-0.01318,-0.00123,-0.040215,0.311985,0.039501,-0.894467,0.069114,0.020243,-0.065191,-0.574447,0.489313,-0.656187,-0.515012,-0.839151,-0.17489,-0.636217,0.237479,0.73405,-0.000743,-0.003632,-0.002507,-0.001787,0.009518,-0.026745,-0.013409
29,0.118824,-0.03163,0.410353,-0.483218,0.55125,-0.680198,-0.64786,-0.747665,-0.14576,-0.588316,0.369549,0.719267,-0.001262,-0.006095,-0.004219,0.007674,0.011391,-0.036851,0.150313,-0.120827,-0.032121,0.414213,0.285734,0.50622,0.813688,-0.271509,0.85709,-0.437737,-0.919323,-0.0965,0.381309,0.016645,-0.020576,0.001377,-0.005967,0.303499,0.084593,-1.31631,0.034523,0.026008,-0.004619,-0.187511,-0.569392,0.800394,0.371837,-0.795353,-0.478695,0.909162,0.207856,0.360859,0.00827,-0.009946,0.000911,0.153107,0.459998,0.212567,-0.886139,0.069097,0.02022,-0.065382,-0.581394,0.477408,-0.658833,-0.498982,-0.848812,-0.17474,-0.642648,0.227154,0.731712,-0.000644,-0.003145,-0.002176,0.100774,0.036544,-0.133463,-0.00851
30,0.118843,-0.031687,0.410199,-0.48862,0.543754,-0.682369,-0.638593,-0.755737,-0.145022,-0.593947,0.364215,0.717357,-0.001304,-0.0063,-0.004365,-0.012209,-0.06939,-0.05444,0.155319,-0.120397,-0.032462,0.414207,0.281161,0.508977,0.813561,-0.270076,0.855492,-0.441731,-0.921148,-0.096183,0.376959,0.030185,-0.018368,0.001604,-0.017933,0.079797,-0.00951,-1.314387,0.034738,0.025837,-0.004616,-0.181723,-0.570917,0.800643,0.369928,-0.79408,-0.482274,0.911114,0.208541,0.355501,0.008245,-0.009649,0.001097,0.096501,0.137339,-0.21837,-0.885159,0.069107,0.020194,-0.065463,-0.585269,0.469001,-0.661435,-0.48828,-0.855108,-0.174275,-0.647334,0.220968,0.729472,-0.000587,-0.00287,-0.001987,-0.012111,-0.076387,-0.026266,-0.000835
31,0.118949,-0.031872,0.40982,-0.49407,0.52943,-0.689669,-0.619023,-0.771166,-0.148609,-0.60992,0.352835,0.7096,0.012271,-0.00066,-0.01727,0.023177,-0.11218,-0.012748,0.145457,-0.119674,-0.032804,0.413901,0.275494,0.507186,0.816613,-0.261933,0.856977,-0.44375,-0.925197,-0.092302,0.367903,0.015198,-0.009589,-0.007782,0.007946,0.129545,0.045862,-1.313408,0.035116,0.025657,-0.00477,-0.176408,-0.568522,0.803531,0.361959,-0.796604,-0.484156,0.915349,0.205437,0.346309,0.007593,-0.004731,-0.00386,-0.00176,0.101788,0.037178,-0.889568,0.069155,0.020102,-0.065646,-0.587857,0.453973,-0.669575,-0.466128,-0.866565,-0.178293,-0.661172,0.207297,0.721026,-0.00079,-0.003855,-0.002679,-0.012137,-0.044466,-0.050721,0.002594
32,0.119104,-0.032135,0.409396,-0.492533,0.515547,-0.701191,-0.603877,-0.782572,-0.15128,-0.626118,0.348277,0.697644,-0.002204,-0.010689,-0.007453,-0.068648,-0.511337,-0.210367,0.120628,-0.118955,-0.032806,0.413311,0.269247,0.493017,0.827304,-0.242115,0.866118,-0.437212,-0.932403,-0.083222,0.351515,0.013471,0.002982,-0.015815,0.074606,0.731545,0.295133,-1.31575,0.035471,0.025651,-0.005062,-0.173707,-0.554946,0.813547,0.343773,-0.808308,-0.477971,0.922846,0.196649,0.331184,0.013613,0.001874,-0.00829,0.066997,0.820058,0.321272,-0.89365,0.069238,0.019973,-0.065862,-0.58467,0.441879,-0.68037,-0.449322,-0.874647,-0.181935,-0.675478,0.199334,0.709926,-0.001125,-0.005497,-0.003836,-0.090989,-0.662165,-0.267419,-0.02141
33,0.119138,-0.032302,0.409216,-0.49047,0.51115,-0.70584,-0.598861,-0.78605,-0.153178,-0.63252,0.346931,0.692521,-0.002027,-0.009831,-0.006868,-0.028143,-0.332061,0.064801,0.115476,-0.11869,-0.032765,0.413053,0.265713,0.48533,0.832972,-0.229647,0.871053,-0.434124,-0.936558,-0.076565,0.341846,0.013284,0.004327,-0.014902,4.673592,-1.716581,2.138599,-1.316718,0.035604,0.025672,-0.005191,-0.167429,-0.547792,0.819689,0.336925,-0.813159,-0.474607,0.926524,0.196711,0.320712,0.006585,0.002584,-0.007173,0.122973,0.938878,0.385441,-0.893977,0.069255,0.01989,-0.065952,-0.581404,0.437517,-0.685964,-0.443578,-0.877238,-0.183549,-0.68206,0.197562,0.704103,0.005853,-0.005925,-0.004183,-0.052167,-0.354147,-0.122168,-0.033657
34,0.119124,-0.032738,0.408923,-0.491879,0.494335,-0.716752,-0.580033,-0.799938,-0.153726,-0.648744,0.339506,0.681097,-0.002249,-0.010907,-0.00765,-0.01316,-0.296771,0.067152,0.111691,-0.118183,-0.032735,0.412715,0.25012,0.470257,0.846339,-0.209672,0.879715,-0.426701,-0.945479,-0.071336,0.317559,0.014357,-0.003325,-0.003554,0.047548,0.962389,0.318384,-1.318388,0.035851,0.025694,-0.005361,-0.157837,-0.530685,0.832742,0.313727,-0.826568,-0.467288,0.936302,0.187499,0.296954,0.007163,-0.001545,-0.001701,0.023084,0.549133,0.181548,-0.889078,0.069248,0.019673,-0.066098,-0.579496,0.420916,-0.697863,-0.422439,-0.887422,-0.184461,-0.696942,0.18791,0.692069,-0.001162,-0.005663,-0.003971,0.000491,-0.307002,0.037139,-0.045904
35,0.119231,-0.033133,0.40862,-0.492692,0.481046,-0.725186,-0.566291,-0.809938,-0.152599,-0.660157,0.33488,0.672366,-0.001764,-0.000283,-0.017003,0.055402,-0.086777,-0.070266,0.106054,-0.117544,-0.032909,0.412675,0.238852,0.457802,0.856363,-0.191358,0.886811,-0.420573,-0.952241,-0.064011,0.298334,0.015513,-0.01149,0.007445,0.012119,0.696914,0.244563,-1.316865,0.036176,0.02561,-0.005386,-0.147037,-0.516681,0.843457,0.296801,-0.836478,-0.460665,0.943551,0.182604,0.276345,0.007177,-0.001607,-0.001751,0.03886,0.787818,0.057889,-0.887119,0.069301,0.019469,-0.066248,-0.577589,0.407939,-0.707089,-0.407169,-0.894711,-0.183586,-0.707533,0.181867,0.682876,0.00593,-0.005628,-0.004001,0.102744,-0.007184,-0.104359,-0.052109
36,0.11939,-0.033446,0.408397,-0.492968,0.471274,-0.731388,-0.556734,-0.816808,-0.151139,-0.668025,0.332091,0.665947,0.01255,-0.007918,-0.005664,0.003616,-0.139604,0.196493,0.09839,-0.117073,-0.033214,0.412825,0.228963,0.452017,0.862119,-0.185327,0.889713,-0.417132,-0.955845,-0.064852,0.286388,0.015418,-0.010739,0.007955,-0.018342,0.334455,0.089785,-1.31602,0.036417,0.025454,-0.005308,-0.136628,-0.509219,0.849722,0.291418,-0.840471,-0.456818,0.946788,0.18521,0.263227,0.007691,-0.005265,0.004043,-0.013159,0.346227,0.095824,-0.886303,0.069375,0.019312,-0.066366,-0.576396,0.398543,-0.713393,-0.396412,-0.899774,-0.182381,-0.71458,0.177674,0.676614,-0.00071,-0.003478,-0.002457,-0.006177,-0.011243,-0.032203,-0.0606
37,0.119459,-0.033599,0.408326,-0.496978,0.463865,-0.733408,-0.546935,-0.823549,-0.150331,-0.67312,0.325834,0.663905,-0.0013,-0.006333,-0.004475,0.006669,-0.002631,-0.040991,0.096334,-0.117,-0.033288,0.412855,0.223999,0.449976,0.864487,-0.184809,0.890569,-0.415533,-0.957114,-0.06727,0.28155,0.001493,-0.010529,0.009384,-0.013408,0.461894,0.127268,-1.31553,0.036453,0.025418,-0.005298,-0.13299,-0.507202,0.851503,0.291245,-0.841203,-0.45558,0.947359,0.187409,0.259592,0.000126,-0.00086,-0.000598,0.079958,0.68872,0.245891,-0.885813,0.069414,0.019237,-0.0664,-0.578883,0.390787,-0.715666,-0.38564,-0.904524,-0.181979,-0.718453,0.170645,0.674317,0.00632,-0.003778,-0.002708,0.035389,0.021267,0.011602,-0.064355
38,0.119582,-0.033953,0.408226,-0.49723,0.455755,-0.738306,-0.530906,-0.832815,-0.156616,-0.685639,0.313525,0.656984,-0.00151,-0.015672,0.005743,-0.052694,-0.107815,-0.090061,0.091256,-0.116825,-0.03305,0.412613,0.222875,0.444338,0.867688,-0.17738,0.893725,-0.411977,-0.95878,-0.062668,0.276906,0.011081,0.019873,-0.020866,0.084433,-0.010368,0.28588,-1.31632,0.036537,0.025527,-0.005407,-0.130983,-0.500969,0.855495,0.284378,-0.845652,-0.451664,0.949721,0.184125,0.25323,-0.000638,0.004547,-0.005187,0.026498,0.039227,0.030957,-0.887445,0.069477,0.019065,-0.066453,-0.577827,0.383159,-0.720627,-0.368199,-0.910372,-0.188812,-0.728385,0.156234,0.667117,0.006292,-0.003929,-0.002821,-0.01416,-0.233397,0.159874,-0.071214
39,0.119693,-0.034396,0.408215,-0.497154,0.453063,-0.740012,-0.509689,-0.842654,-0.173557,-0.701594,0.290323,0.650773,-0.001549,-0.01588,0.005585,1.7426,0.048754,-0.565372,0.090075,-0.116735,-0.032503,0.411988,0.21641,0.429951,0.876527,-0.151195,0.901753,-0.404865,-0.964724,-0.045469,0.259044,-0.002444,0.017384,-0.021286,0.233417,0.671874,0.325448,-1.320044,0.036586,0.025804,-0.005717,-0.12838,-0.48701,0.863909,0.259739,-0.857221,-0.444641,0.957106,0.167309,0.236545,-0.001207,0.008629,-0.010683,0.532217,0.61816,0.441262,-0.889568,0.069533,0.018851,-0.06646,-0.576663,0.382206,-0.722064,-0.351328,-0.913937,-0.203187,-0.737581,0.136511,0.661314,0.006159,-0.004612,-0.003309,-0.00838,0.000599,-0.002313,-0.075949
40,0.119746,-0.034651,0.408235,-0.496007,0.453488,-0.740521,-0.504512,-0.844556,-0.179344,-0.706131,0.284077,0.648619,-0.001569,-0.015984,0.005506,0.498456,0.023441,-0.173267,0.090058,-0.116667,-0.03224,0.411673,0.208779,0.424365,0.881089,-0.143477,0.904507,-0.401516,-0.967571,-0.04314,0.248612,0.012524,0.009633,-0.01128,0.0625,0.547526,0.23839,-1.320165,0.036619,0.025944,-0.005881,-0.119883,-0.479637,0.869238,0.252085,-0.861563,-0.440636,0.96025,0.166297,0.224196,0.006278,0.00475,-0.005683,0.064127,0.563597,0.244757,-0.890221,0.069559,0.018717,-0.066448,-0.576206,0.381433,-0.722837,-0.340746,-0.916001,-0.211739,-0.742884,0.124299,0.657778,0.005991,-0.009579,0.001578,1.816109,0.015816,-0.486953,-0.077582
41,0.119779,-0.035299,0.408356,-0.493247,0.455476,-0.741144,-0.499481,-0.845787,-0.187442,-0.711618,0.277161,0.645607,-0.002092,-0.02687,0.014622,-0.068472,0.031989,-0.059611,0.09178,-0.116355,-0.031787,0.411065,0.191466,0.408353,0.892513,-0.122897,0.912174,-0.390856,-0.973944,-0.035384,0.223705,0.012843,0.007509,-0.012742,0.06519,0.646525,0.272002,-1.315663,0.03677,0.02617,-0.006179,-0.104903,-0.461992,0.880657,0.233106,-0.872295,-0.429838,0.966776,0.160195,0.1992,0.006489,0.003343,-0.006657,0.089036,0.841436,0.309108,-0.881567,0.069576,0.018399,-0.06639,-0.57392,0.383792,-0.723407,-0.335128,-0.916092,-0.220142,-0.747197,0.11609,0.654383,-0.000953,-0.008819,0.002158,-0.029018,0.01727,-0.035194,-0.078888
42,0.119691,-0.03611,0.408664,-0.501369,0.44617,-0.741355,-0.479474,-0.856447,-0.191245,-0.719641,0.259016,0.644247,-0.001736,-0.016803,0.004895,-0.035337,0.012064,-0.018117,0.109036,-0.115923,-0.031646,0.410396,0.173455,0.384589,0.90664,-0.08697,0.922997,-0.374762,-0.981142,-0.014349,0.192399,0.014072,-0.000463,-0.018262,-0.335747,0.20367,2.780858,-1.313348,0.036984,0.026252,-0.006499,-0.089778,-0.439724,0.893634,0.200511,-0.886866,-0.41625,0.975568,0.141814,0.167791,0.007099,3.2e-05,-0.009107,5.062562,-1.246269,1.157497,-0.88173,0.069532,0.017997,-0.06624,-0.580263,0.373011,-0.723986,-0.313396,-0.922765,-0.224243,-0.751715,0.096774,0.652348,-0.001012,-0.009089,0.001959,-0.040112,0.022759,-0.046332,-0.069091
43,0.119632,-0.036935,0.409064,-0.499913,0.443253,-0.744083,-0.463278,-0.862697,-0.20273,-0.731163,0.242813,0.63755,-0.00166,-0.024747,0.016123,2.999276,-0.489489,0.75171,0.135003,-0.115434,-0.031959,0.4098,0.152049,0.365213,0.918418,-0.063745,0.930926,-0.359509,-0.986437,-0.00436,0.163665,0.014755,-0.004677,-0.021238,-0.001518,0.796662,0.305252,-1.308436,0.037223,0.026098,-0.006801,-0.071567,-0.415657,0.9067,0.178012,-0.89976,-0.398425,0.981421,0.13289,0.138385,0.00804,-0.007275,-0.005733,-0.750276,0.292246,2.648548,-0.882383,0.069502,0.017581,-0.066042,-0.577453,0.372235,-0.726628,-0.30234,-0.924234,-0.233194,-0.758378,0.08503,0.646244,-0.000877,-0.012582,0.007914,-0.080254,0.042863,-0.066997,-0.039209
44,0.119593,-0.037326,0.409303,-0.499122,0.443749,-0.744318,-0.458291,-0.864122,-0.207926,-0.734834,0.236776,0.635597,-0.001611,-0.024507,0.016293,-0.023332,0.010621,-0.01369,0.146721,-0.115099,-0.032155,0.409509,0.139206,0.359057,0.922871,-0.06354,0.933278,-0.353396,-0.988328,-0.009915,0.151566,0.016117,-0.014049,-0.011114,0.011015,0.764661,0.09559,-1.286538,0.03739,0.025997,-0.006948,-0.059792,-0.40743,0.911277,0.178642,-0.902539,-0.391802,0.982095,0.139366,0.126748,0.007994,-0.006611,-0.005276,-0.225627,0.69752,0.947768,-0.877648,0.069482,0.017381,-0.065919,-0.577567,0.371248,-0.727041,-0.291353,-0.925698,-0.241235,-0.76258,0.072497,0.642818,-0.000651,-0.007306,0.003232,0.136052,-0.058384,0.132927,-0.023043
45,0.119447,-0.038145,0.409898,-0.497624,0.444876,-0.744648,-0.448488,-0.866735,-0.218175,-0.741861,0.224838,0.631758,-0.001378,-0.023355,0.017122,-0.061548,-0.031341,0.124985,0.179881,-0.114273,-0.032325,0.408826,0.12257,0.354521,0.926975,-0.062696,0.934932,-0.34915,-0.990562,-0.015787,0.13565,0.014552,-0.00292,-0.020105,0.041698,0.323135,-0.097741,-1.197,0.037811,0.025901,-0.007299,-0.042125,-0.400015,0.915539,0.178398,-0.904638,-0.387044,0.983055,0.147026,0.109469,0.01403,3.9e-05,-0.009677,0.035725,0.30836,-0.031052,-0.831927,0.069409,0.016971,-0.065622,-0.576375,0.372544,-0.727325,-0.281233,-0.926098,-0.251493,-0.767267,0.059594,0.638551,-0.000613,-0.011277,0.008852,-0.075262,0.02509,-0.038497,0.016147
46,0.119297,-0.038967,0.410567,-0.496682,0.443128,-0.746318,-0.449948,-0.866712,-0.215239,-0.741609,0.228342,0.630795,-0.015111,-0.020536,0.019206,-0.103779,-0.199563,-0.176304,0.223518,-0.113255,-0.032228,0.408053,0.110912,0.349893,0.930196,-0.054283,0.936719,-0.345751,-0.992416,-0.012605,0.121711,0.027605,0.003154,-0.017216,0.062465,0.170689,0.328639,-1.162255,0.038306,0.025937,-0.007679,-0.031409,-0.394601,0.918315,0.170532,-0.907413,-0.384084,0.984851,0.144538,0.095793,0.006987,0.000546,-0.00868,0.069497,0.375128,0.155925,-0.811842,0.069339,0.01656,-0.065288,-0.575587,0.371426,-0.728519,-0.282822,-0.926334,-0.248828,-0.767275,0.062819,0.638233,-0.0005,-0.010701,0.009269,-0.111801,-0.368307,-0.17515,0.068726
47,0.11922,-0.039286,0.410872,-0.502726,0.436476,-0.746191,-0.440012,-0.872157,-0.213783,-0.743487,0.22031,0.63144,-0.000475,-0.010627,0.009321,-0.035334,0.0087,-0.020525,0.24487,-0.112734,-0.032115,0.407704,0.108924,0.347391,0.931368,-0.052947,0.937653,-0.34342,-0.992706,-0.012363,0.119349,0.027438,0.004315,-0.016414,0.049641,-0.03396,0.25975,-1.150371,0.038576,0.025999,-0.007864,-0.029105,-0.391541,0.919699,0.169409,-0.908711,-0.381502,0.985115,0.144701,0.092779,0.0137,0.002357,-0.008082,0.024525,-0.021395,0.050993,-0.815108,0.069295,0.016393,-0.065135,-0.57969,0.363378,-0.729325,-0.271953,-0.930014,-0.247214,-0.768115,0.055034,0.637941,-0.000327,-0.009867,0.009873,-0.079859,0.104666,-0.22031,0.097955
48,0.118982,-0.03952,0.411163,-0.512371,0.414697,-0.752029,-0.407669,-0.888145,-0.212075,-0.755226,0.197396,0.625056,-0.013861,0.002229,0.001655,-0.080037,-0.631289,-0.243044,0.273571,-0.111572,-0.031716,0.406998,0.1084,0.341584,0.933574,-0.05005,0.939805,-0.337929,-0.992913,-0.010543,0.117792,0.039326,0.018361,-0.024635,0.076134,-0.039983,0.105472,-1.127359,0.039167,0.0262,-0.008222,-0.029897,-0.385905,0.922053,0.167098,-0.911414,-0.376034,0.985486,0.142831,0.091732,0.019652,0.009337,-0.012228,0.076669,-0.05033,0.102217,-0.822619,0.069175,0.016272,-0.064985,-0.586637,0.341058,-0.73453,-0.237276,-0.939577,-0.246764,-0.77431,0.029525,0.632116,-0.006909,0.001238,0.000921,-0.084835,-0.583221,-0.226332,0.146779
49,0.118758,-0.039326,0.41124,-0.513041,0.395271,-0.761968,-0.373714,-0.901948,-0.21633,-0.772132,0.173274,0.611404,0.000998,0.004815,0.003468,-0.00141,-0.623154,0.090467,0.305487,-0.110517,-0.031301,0.406327,0.104711,0.33575,0.936108,-0.047111,0.941912,-0.332439,-0.993448,-0.009733,0.113263,0.025533,0.017149,-0.024147,0.085645,0.176776,0.175727,-1.124349,0.039685,0.026403,-0.008548,-0.027505,-0.380015,0.924571,0.164527,-0.914028,-0.370787,0.985988,0.141919,0.087663,0.013517,0.0036,-0.007228,0.072247,0.28594,0.163743,-0.83405,0.069062,0.016365,-0.06495,-0.583279,0.321659,-0.745868,-0.201108,-0.946848,-0.251064,-0.786981,0.00356,0.616965,-0.006509,0.003144,0.002294,0.097925,-0.836834,-0.119212,0.191031
50,0.118694,-0.039094,0.411369,-0.508406,0.375027,-0.775192,-0.346146,-0.913231,-0.214859,-0.787881,0.158621,0.595072,0.001047,0.005048,0.003629,-0.062815,-0.611383,-0.211069,0.314864,-0.10955,-0.030925,0.405661,0.106509,0.331616,0.937378,-0.044703,0.943396,-0.328543,-0.993371,-0.007348,0.11412,0.026819,0.008423,-0.013566,0.03962,-0.032366,0.080972,-1.101104,0.040168,0.026594,-0.008885,-0.029346,-0.37599,0.926158,0.162492,-0.916027,-0.366729,0.986273,0.139731,0.087977,0.013491,0.00381,-0.007087,0.039679,-0.026517,0.052874,-0.840254,0.069031,0.016485,-0.064882,-0.574969,0.303243,-0.759903,-0.171988,-0.952822,-0.250096,-0.799893,-0.013103,0.599998,0.000633,0.003054,0.0022,-0.04728,-0.93823,-0.113743,0.21928
51,0.118714,-0.039023,0.411472,-0.503701,0.366044,-0.782523,-0.335712,-0.917513,-0.213163,-0.795381,0.15487,0.586013,0.000904,-0.003945,0.014125,-0.098565,-0.557031,-0.177202,0.316156,-0.109033,-0.030712,0.405342,0.107549,0.329226,0.938102,-0.043444,0.94424,-0.326277,-0.993316,-0.006098,0.114669,0.026691,0.009201,-0.01302,0.03961,-0.032391,0.080971,-1.086502,0.040416,0.026697,-0.009039,-0.030619,-0.373961,0.926938,0.161445,-0.917046,-0.364637,0.986406,0.138484,0.088453,0.013353,0.00463,-0.006506,0.041293,-0.033441,0.081001,-0.839275,0.069041,0.016523,-0.064835,-0.568804,0.295411,-0.767588,-0.160826,-0.955202,-0.248439,-0.806595,-0.017865,0.590833,0.000525,0.002542,0.001827,-0.085159,-0.938747,-0.301292,0.226465
52,0.11875,-0.038972,0.411648,-0.493031,0.353357,-0.795051,-0.320814,-0.923223,-0.211444,-0.808116,0.150369,0.56953,0.000403,0.001943,0.001393,-0.0307,-0.439737,0.063546,0.318921,-0.108151,-0.030413,0.404883,0.109257,0.325388,0.939242,-0.041596,0.945578,-0.322622,-0.993211,-0.004249,0.115659,0.026618,0.009672,-0.012697,0.04627,-0.088355,0.241432,-1.000566,0.040863,0.026848,-0.009269,-0.032838,-0.370421,0.928283,0.159859,-0.918773,-0.360971,0.986593,0.136541,0.089385,0.007135,-0.000599,-0.001138,0.003286,-0.015672,0.029377,-0.823599,0.069061,0.016554,-0.064737,-0.555033,0.285056,-0.78146,-0.145096,-0.958224,-0.24648,-0.819075,-0.023418,0.573207,0.00022,0.001067,0.000769,-0.04001,-0.499853,0.045425,0.23218
53,0.118736,-0.039018,0.411678,-0.483895,0.33802,-0.807238,-0.300074,-0.930535,-0.209836,-0.821496,0.140265,0.552718,-0.000359,-0.001734,-0.001244,-0.048871,-0.47308,-0.156551,0.328326,-0.107582,-0.030273,0.404672,0.110373,0.322962,0.939949,-0.040658,0.946413,-0.320287,-0.993128,-0.003292,0.116401,0.013925,0.000661,-0.000924,0.009828,-0.080801,0.216831,-0.937769,0.041157,0.026922,-0.009385,-0.034294,-0.368146,0.929134,0.159025,-0.919846,-0.358597,0.986678,0.135458,0.090089,0.006983,0.000252,-0.000528,0.002894,-0.015528,0.029369,-0.804657,0.069054,0.016534,-0.06472,-0.543753,0.272505,-0.793771,-0.12353,-0.961501,-0.245466,-0.830103,-0.035419,0.556482,-0.000257,-0.001242,-0.000888,-0.049728,-0.694283,-0.025761,0.240998
54,0.118682,-0.039076,0.41165,-0.482411,0.32773,-0.812353,-0.283877,-0.935788,-0.209015,-0.828096,0.129363,0.545481,-0.00073,-0.003518,-0.002525,0.097385,-0.181217,-0.18202,0.341031,-0.107369,-0.030211,0.40458,0.110882,0.321813,0.940284,-0.040229,0.946805,-0.31918,-0.99309,-0.00286,0.116741,0.012621,0.00945,-0.011468,0.037537,-0.017106,0.051777,-0.911919,0.041264,0.026952,-0.009425,-0.035016,-0.366984,0.929568,0.158692,-0.920378,-0.357378,0.986706,0.135001,0.090465,0.000194,-0.001056,-0.000763,-0.000415,0.009264,-0.027091,-0.805147,0.069028,0.016506,-0.064733,-0.539363,0.26261,-0.800076,-0.106668,-0.96378,-0.244434,-0.835289,-0.046497,0.54784,-0.000288,-0.001395,-0.000998,0.390263,-0.138704,-0.136845,0.250632
55,0.118432,-0.039194,0.411566,-0.469569,0.312596,-0.825732,-0.267007,-0.941685,-0.204718,-0.840995,0.123951,0.526679,-0.001036,-0.004975,-0.003576,-0.040035,-0.558831,-0.006199,0.379171,-0.107087,-0.030066,0.404451,0.111962,0.319262,0.941025,-0.039388,0.94767,-0.316709,-0.993004,-0.002027,0.117488,1e-06,-5e-06,-4e-06,0.0,0.0,0.0,-0.886007,0.04141,0.027027,-0.009495,-0.036436,-0.364599,0.930451,0.158006,-0.921459,-0.354888,0.986765,0.134086,0.091183,0.006809,0.001215,0.000163,0.002534,-0.015384,0.029324,-0.813311,0.068902,0.016446,-0.064776,-0.524913,0.250666,-0.813407,-0.088824,-0.966565,-0.240544,-0.846507,-0.054015,0.529628,-0.007425,-0.001299,-0.000904,-0.050459,-0.690171,-0.056202,0.290638
