frame,MLTx,MLTy,MLTz,MLTR1,MLTR2,MLTR3,MLTR4,MLTR5,MLTR6,MLTR7,MLTR8,MLTR9,MLTTVx,MLTTVy,MLTTVz,MLTRVx,MLTRVy,MLTRVz,MLGA,MRTx,MRTy,MRTz,MRTR1,MRTR2,MRTR3,MRTR4,MRTR5,MRTR6,MRTR7,MRTR8,MRTR9,MRTTVx,MRTTVy,MRTTVz,MRTRVx,MRTRVy,MRTRVz,MRGA,SLTx,SLTy,SLTz,SLTR1,SLTR2,SLTR3,SLTR4,SLTR5,SLTR6,SLTR7,SLTR8,SLTR9,SLTTVx,SLTTVy,SLTTVz,SLTRVx,SLTRVy,SLTRVz,SLGA,SRTx,SRTy,SRTz,SRTR1,SRTR2,SRTR3,SRTR4,SRTR5,SRTR6,SRTR7,SRTR8,SRTR9,SRTTVx,SRTTVy,SRTTVz,SRTRVx,SRTRVy,SRTRVz,SRGA
1,0.126396,-0.036158,0.419746,-0.187933,0.710916,-0.677735,-0.865607,-0.44589,-0.227769,-0.463894,0.542961,0.700016,0.004165,0.031138,0.004348,0.045678,0.031606,0.092351,-1.047132,-0.096301,-0.032343,0.394308,0.288586,0.661387,0.692298,-0.713944,0.630458,-0.304532,-0.638211,-0.407214,0.653242,-0.00282,0.013367,0.010358,0.063406,-0.258852,-0.036439,-1.40554,0.047541,0.02577,-0.014593,-0.179347,-0.687247,0.703935,0.780253,-0.535182,-0.323704,0.599198,0.491193,0.63221,-0.001468,0.006915,0.005357,0.070108,-0.323727,-0.07297,-0.885649,0.072712,0.017889,-0.061168,-0.11304,0.754705,-0.646251,-0.895606,-0.35904,-0.262637,-0.430244,0.549098,0.716505,0.002013,0.010976,0.007372,0.016294,0.01836,0.065644,-0.853375
2,0.126342,-0.035011,0.420156,-0.193662,0.71414,-0.672714,-0.868418,-0.443749,-0.221153,-0.456218,0.540478,0.706949,-0.009175,0.034564,0.006676,0.055832,0.139549,0.092795,-1.036631,-0.096452,-0.031815,0.394954,0.291695,0.66028,0.692052,-0.714736,0.631305,-0.3009,-0.63591,-0.407698,0.655182,-0.003854,0.018289,0.014083,0.002229,-0.01991,0.054041,-1.405832,0.047465,0.026035,-0.014269,-0.182823,-0.686872,0.703407,0.781145,-0.535927,-0.320301,0.596981,0.490905,0.634527,-0.00199,0.009396,0.007238,0.002082,-0.016883,0.054976,-0.88222,0.072683,0.018485,-0.060953,-0.1184,0.757934,-0.641495,-0.898335,-0.357007,-0.256003,-0.423052,0.545967,0.723149,-0.004571,0.017404,0.003419,0.061687,0.13905,0.09693,-0.855172
3,0.126124,-0.033982,0.420633,-0.195698,0.713972,-0.672302,-0.869805,-0.442942,-0.217286,-0.452692,0.54136,0.708538,0.003685,0.019948,0.013167,0.002951,-0.017678,0.05474,-1.032003,-0.096761,-0.031172,0.395506,0.293817,0.661407,0.690075,-0.714257,0.63171,-0.301188,-0.635474,-0.405233,0.657132,-0.003472,0.016526,0.01264,0.087802,-0.350446,-0.070951,-1.405884,0.047317,0.026354,-0.013996,-0.184201,-0.687068,0.702856,0.780903,-0.536552,-0.319844,0.596874,0.489948,0.635367,-0.001678,0.00793,0.006067,0.140564,-0.678952,-0.266753,-0.884016,0.072578,0.018992,-0.06072,-0.120552,0.757852,-0.641191,-0.899699,-0.356377,-0.252063,-0.419533,0.546493,0.724801,-0.004985,0.010784,0.007215,0.006688,-0.007516,0.027968,-0.860397
4,0.125986,-0.033686,0.420892,-0.195508,0.714084,-0.672239,-0.869899,-0.442719,-0.217362,-0.452593,0.541395,0.708575,-0.010839,0.016689,0.01117,0.000512,0.005858,-0.00217,-1.014414,-0.096967,-0.030909,0.395723,0.294303,0.661125,0.690139,-0.714088,0.632076,-0.300821,-0.635439,-0.405123,0.657233,-0.017054,0.01296,0.011482,0.001651,-0.010333,0.022666,-1.405511,0.047206,0.026497,-0.013877,-0.185372,-0.6882,0.70144,0.780616,-0.536709,-0.320283,0.596888,0.488184,0.63671,-0.00852,0.006406,0.005691,-0.000356,0.010151,0.034488,-0.884669,0.072511,0.019155,-0.06058,-0.12025,0.757944,-0.64114,-0.899764,-0.356101,-0.252219,-0.419479,0.546546,0.724792,-0.005439,0.004038,0.010973,-0.033248,0.007748,0.006864,-0.862193
5,0.125618,-0.033433,0.421435,-0.196898,0.713907,-0.672021,-0.870032,-0.443154,-0.21594,-0.451734,0.541273,0.709216,-0.012302,0.008677,0.005877,0.00052,0.005878,-0.002164,-0.990647,-0.097346,-0.030486,0.396065,0.296118,0.662357,0.688178,-0.713635,0.632328,-0.301364,-0.635107,-0.402705,0.659038,-0.015885,0.007522,0.007294,0.003689,-0.012451,-0.008921,-1.406084,0.047021,0.026712,-0.013704,-0.187081,-0.689747,0.699463,0.780192,-0.536985,-0.320853,0.596909,0.48569,0.638595,-0.001036,0.004933,0.003751,0.003851,-0.001681,0.036194,-0.884669,0.072329,0.019287,-0.060306,-0.121645,0.757876,-0.640956,-0.899962,-0.356583,-0.250828,-0.418651,0.546325,0.725437,-0.006314,-0.000725,0.007832,-0.036915,0.026109,-0.048317,-0.861704
6,0.125065,-0.033593,0.421868,-0.199338,0.713517,-0.671717,-0.870141,-0.444085,-0.213577,-0.45045,0.541025,0.71022,-0.013983,-0.00877,0.010858,-0.036854,0.026152,-0.048368,-0.984176,-0.097659,-0.030271,0.396258,0.295178,0.664586,0.68643,-0.712613,0.631727,-0.30502,-0.63669,-0.399964,0.65918,-0.000913,0.004393,0.003327,0.00126,-0.004834,-0.001829,-1.405878,0.046858,0.026823,-0.013605,-0.185909,-0.691779,0.697767,0.778974,-0.536595,-0.324445,0.598863,0.483226,0.638635,-0.007361,0.000994,0.001545,-0.002072,0.02065,0.008254,-0.882873,0.072053,0.019215,-0.06009,-0.124074,0.757688,-0.640713,-0.900193,-0.357592,-0.248556,-0.417442,0.545926,0.726433,-0.007098,-0.004919,0.005088,-0.038437,0.034951,-0.075748,-0.8635
7,0.124729,-0.033715,0.422014,-0.198574,0.713687,-0.671762,-0.869533,-0.444468,-0.215251,-0.45196,0.540486,0.709671,-0.014247,-0.010128,0.009967,-0.033421,0.033072,-0.071646,-0.984101,-0.097772,-0.030242,0.396292,0.29607,0.666324,0.684359,-0.712496,0.631275,-0.306228,-0.636407,-0.39778,0.660773,-0.00045,0.002167,0.00164,0.027624,-0.106008,-0.040099,-1.405509,0.046801,0.026838,-0.013587,-0.186558,-0.693624,0.695759,0.778818,-0.536104,-0.325629,0.598864,0.481121,0.640222,-0.000176,0.000842,0.000642,0.027169,-0.096291,-0.033696,-0.88369,0.071884,0.01915,-0.060019,-0.123233,0.757801,-0.640741,-0.899569,-0.357934,-0.250313,-0.419031,0.545545,0.725804,-0.007027,-0.000307,-9.8e-05,0.011155,0.009968,-0.019078,-0.864479
8,0.123943,-0.033893,0.422242,-0.194944,0.714427,-0.672039,-0.86758,-0.445145,-0.221635,-0.457263,0.538951,0.707438,-0.014159,-0.001164,-0.000584,-0.000972,0.01471,-0.029543,-0.98594,-0.098069,-0.030312,0.396286,0.295639,0.666478,0.684394,-0.712651,0.630989,-0.306457,-0.636433,-0.397976,0.660629,-0.013741,-0.002692,-0.000466,-0.00204,0.015186,-0.029253,-1.405593,0.046659,0.0268,-0.013593,-0.186183,-0.693578,0.695905,0.778861,-0.535949,-0.32578,0.598924,0.481359,0.639986,-0.006841,-0.001491,-0.000337,-0.0026,0.01721,-0.028518,-0.88369,0.071485,0.01905,-0.059906,-0.119611,0.758231,-0.640919,-0.897555,-0.358517,-0.256633,-0.424367,0.544564,0.723437,-0.007114,-0.000735,-0.000382,-0.006919,0.016813,-0.034006,-0.868398
9,0.123233,-0.034155,0.422388,-0.188314,0.7161,-0.672148,-0.86896,-0.44035,-0.22577,-0.457429,0.540662,0.706024,-0.014664,-0.012076,0.008678,-0.036852,0.026246,-0.048314,-0.992868,-0.098388,-0.030379,0.396273,0.296427,0.668213,0.68236,-0.712565,0.630483,-0.307695,-0.636164,-0.395861,0.662157,-0.013767,-0.002566,-0.000372,-0.001951,0.014847,-0.029381,-1.405573,0.0465,0.026763,-0.013602,-0.186809,-0.695453,0.693863,0.778674,-0.535454,-0.327039,0.598972,0.479199,0.64156,6e-06,-3.4e-05,-2.3e-05,-0.000898,0.006753,0.003618,-0.880914,0.071129,0.018918,-0.059834,-0.112885,0.759332,-0.640836,-0.898457,-0.353423,-0.260508,-0.424299,0.546357,0.722124,-0.007364,-0.006188,0.004254,-0.037661,0.026506,-0.049166,-0.872481
10,0.122762,-0.034226,0.422384,-0.185792,0.716883,-0.672017,-0.871321,-0.436272,-0.224585,-0.45396,0.542923,0.706528,-0.000168,-0.000864,-0.000568,-0.0,-0.0,0.0,-0.994527,-0.098462,-0.030436,0.396252,0.297386,0.669912,0.680273,-0.712447,0.630057,-0.308841,-0.63585,-0.39366,0.663769,0.000193,-0.000939,-0.000711,0.00011,-0.000422,-0.00016,-1.405529,0.046458,0.026734,-0.013612,-0.187582,-0.697294,0.691804,0.778471,-0.535037,-0.328202,0.598994,0.476985,0.643187,0.000148,-0.000721,-0.000542,-0.000979,0.007773,0.004248,-0.882873,0.070898,0.018875,-0.059841,-0.110281,0.75989,-0.640628,-0.900495,-0.349189,-0.25918,-0.420648,0.5483,0.722786,-0.006903,0.000396,0.000354,-0.00084,0.014753,-0.02978,-0.877216
11,0.12256,-0.034186,0.422401,-0.186529,0.716741,-0.671963,-0.871194,-0.436767,-0.224118,-0.453902,0.542712,0.706727,0.000238,0.001219,0.000802,0.0,0.0,0.0,-0.99186,-0.098466,-0.030465,0.396218,0.306198,0.668076,0.678166,-0.704818,0.637977,-0.310084,-0.640168,-0.383881,0.665345,0.000333,-0.00162,-0.001227,3.750731,-1.72458,3.672924,-1.405673,0.046455,0.026721,-0.013628,-0.19249,-0.698056,0.689684,0.775095,-0.539185,-0.329402,0.601808,0.471165,0.644848,0.000231,-0.001125,-0.000851,-4.8e-05,0.023033,-0.016426,-0.88467,0.07079,0.018893,-0.059834,-0.111058,0.759808,-0.640591,-0.900416,-0.349735,-0.258719,-0.420614,0.548066,0.722984,-0.006644,0.00172,0.001224,0.00069,0.006021,-0.002303,-0.877379
12,0.122255,-0.034145,0.422444,-0.187909,0.718502,-0.669695,-0.871072,-0.436875,-0.22438,-0.453565,0.540294,0.708793,-0.013846,0.000582,0.000552,0.01307,0.125178,0.004925,-0.965069,-0.098577,-0.0305,0.396205,0.306173,0.668063,0.67819,-0.704823,0.637973,-0.31008,-0.640175,-0.383911,0.665321,-0.0001,0.00049,0.000371,0.007751,-0.068493,0.186549,-1.40569,0.046401,0.026698,-0.013639,-0.196446,-0.696611,0.69003,0.771924,-0.543813,-0.329239,0.604599,0.467973,0.644561,-7.6e-05,0.000374,0.000285,-0.000585,0.000954,-2.8e-05,-0.888752,0.070645,0.018922,-0.059806,-0.112273,0.761634,-0.638206,-0.900318,-0.349762,-0.259021,-0.4205,0.545508,0.724982,-0.000135,-0.000686,-0.000445,0.015619,0.140998,0.013445,-0.876073
13,0.122191,-0.034191,0.422501,-0.188189,0.718464,-0.669657,-0.871112,-0.436951,-0.224074,-0.453371,0.540283,0.708926,-9e-06,-4.8e-05,-3.2e-05,3e-06,2.4e-05,7e-06,-0.957901,-0.098694,-0.030508,0.396212,0.306355,0.667939,0.678229,-0.704754,0.63812,-0.309933,-0.640163,-0.38388,0.66535,-2e-06,1e-05,8e-06,0.0,-0.0,-0.0,-1.40562,0.046342,0.026697,-0.013633,-0.196763,-0.696459,0.690092,0.771861,-0.544052,-0.328994,0.604577,0.467922,0.64462,-0.0,4e-06,6e-06,-0.000345,0.000175,-0.000316,-0.891201,0.070608,0.018897,-0.059779,-0.112628,0.761571,-0.638218,-0.900345,-0.34994,-0.258688,-0.420348,0.545481,0.72509,-4e-06,-1.3e-05,-7e-06,-0.00011,-0.002107,-0.000869,-0.876236
14,0.1222,-0.034233,0.422535,-0.186312,0.718787,-0.669834,-0.870503,-0.436816,-0.226692,-0.455314,0.539962,0.707925,-7e-06,-3.5e-05,-2.3e-05,0.0,0.0,0.0,-0.957201,-0.098692,-0.030515,0.396207,0.306862,0.667671,0.678265,-0.704575,0.638489,-0.309582,-0.640119,-0.383733,0.665478,4e-05,-0.000197,-0.000149,0.0,-0.0,-0.0,-1.405585,0.046343,0.026694,-0.013636,-0.197293,-0.69626,0.690142,0.771746,-0.544431,-0.328636,0.604551,0.467777,0.644749,2.5e-05,-0.000126,-9.3e-05,-0.000271,0.000147,-0.000264,-0.889732,0.070612,0.018876,-0.059762,-0.110718,0.761729,-0.638365,-0.899668,-0.349745,-0.261294,-0.4223,0.545386,0.724026,-1e-06,0.0,3e-06,-0.001249,0.000195,-0.001043,-0.8764
15,0.122269,-0.034382,0.422696,-0.186482,0.718783,-0.669792,-0.870731,-0.436614,-0.226202,-0.454806,0.540131,0.708122,-9.9e-05,-0.00886,0.010619,-0.035867,0.011583,-0.018731,-0.943532,-0.098678,-0.030533,0.396192,0.305173,0.66815,0.678555,-0.703615,0.63838,-0.311978,-0.641978,-0.38308,0.664062,4.2e-05,-0.000204,-0.000154,0.0,-0.0,-0.0,-1.405412,0.046355,0.026685,-0.013644,-0.19556,-0.696511,0.690382,0.770711,-0.544471,-0.330991,0.606432,0.467357,0.643285,2.9e-05,-0.000137,-0.000102,-0.000437,-4.7e-05,1.4e-05,-0.889568,0.070647,0.018805,-0.059686,-0.110882,0.761735,-0.638329,-0.899883,-0.349551,-0.260814,-0.4218,0.545502,0.724231,-2e-06,8e-06,5e-06,-2.3e-05,-9e-06,-3.1e-05,-0.873297
16,0.122328,-0.034595,0.422826,-0.184881,0.719067,-0.669932,-0.870281,-0.436408,-0.228324,-0.456322,0.53992,0.707308,-0.000388,-0.001982,-0.001305,0.0,0.0,0.0,-0.913124,-0.09871,-0.030532,0.396196,0.305255,0.668099,0.678568,-0.703585,0.638444,-0.311915,-0.641972,-0.383062,0.664078,-2e-06,1.1e-05,8e-06,0.0,-0.0,-0.0,-1.405498,0.046334,0.026684,-0.013642,-0.19562,-0.696479,0.690397,0.770702,-0.544515,-0.330938,0.606424,0.467353,0.643296,-1e-06,8e-06,7e-06,-0.000137,4.2e-05,-0.00012,-0.890221,0.070676,0.018698,-0.059615,-0.109272,0.761886,-0.638426,-0.89938,-0.349286,-0.262895,-0.42329,0.545461,0.723392,-0.000253,-0.001281,-0.000844,-0.000622,0.000219,-0.000474,-0.870521
17,0.122323,-0.034807,0.422846,-0.185776,0.720895,-0.667715,-0.870377,-0.43603,-0.228675,-0.455771,0.537784,0.709287,-0.000798,-0.004073,-0.002684,-0.000911,0.013748,-0.025865,-0.910952,-0.098771,-0.030544,0.396169,0.305369,0.668017,0.678598,-0.703507,0.638559,-0.311855,-0.642003,-0.383013,0.664076,0.000291,-0.001423,-0.001078,-0.001125,0.009925,-0.027031,-1.404229,0.046303,0.026682,-0.013653,-0.195758,-0.696406,0.690432,0.77064,-0.544649,-0.330862,0.606457,0.467306,0.643298,4e-06,-1.7e-05,-1.2e-05,-9.5e-05,3.8e-05,-7.9e-05,-0.891691,0.070675,0.018594,-0.059603,-0.110055,0.76383,-0.635965,-0.899443,-0.348819,-0.2633,-0.422953,0.543037,0.725411,-0.000319,-0.001623,-0.001067,-0.000497,-0.01649,-0.007298,-0.871174
18,0.1223,-0.034911,0.422852,-0.184137,0.721165,-0.667877,-0.869732,-0.436034,-0.231114,-0.457667,0.537419,0.708342,-0.00055,-0.002806,-0.00185,8e-06,6.2e-05,2e-05,-0.911321,-0.098803,-0.030542,0.396148,0.30557,0.667895,0.678627,-0.7034,0.638734,-0.31174,-0.642025,-0.382932,0.664101,3.8e-05,-0.000188,-0.000143,0.007768,-0.068507,0.186543,-1.404143,0.046288,0.026679,-0.013666,-0.195812,-0.696371,0.690451,0.770596,-0.544719,-0.330849,0.606496,0.467276,0.643284,2.2e-05,-0.000104,-7.7e-05,-7.5e-05,3.8e-05,-6.1e-05,-0.891691,0.070662,0.01854,-0.059602,-0.108382,0.763841,-0.636238,-0.898731,-0.348834,-0.265699,-0.424894,0.543011,0.724295,-0.000382,-0.001941,-0.001279,-0.005507,0.006478,-0.031596,-0.871501
19,0.122282,-0.035038,0.422842,-0.184629,0.721053,-0.667862,-0.869728,-0.436276,-0.230668,-0.457475,0.537373,0.708502,-0.000383,-0.001952,-0.001288,-0.00156,0.0087,-0.02743,-0.914466,-0.098855,-0.030552,0.396146,0.305982,0.667665,0.678668,-0.703252,0.639041,-0.311445,-0.641992,-0.382823,0.664196,-0.000282,0.001384,0.001048,0.001126,-0.009927,0.02703,-1.403345,0.046262,0.026671,-0.013669,-0.196364,-0.696152,0.690516,0.770474,-0.545122,-0.330469,0.606472,0.467133,0.64341,-1e-06,1.3e-05,1.2e-05,-3.7e-05,3.5e-05,-3.4e-05,-0.891854,0.070653,0.018473,-0.059609,-0.108906,0.763746,-0.636263,-0.898769,-0.349104,-0.265214,-0.424679,0.54297,0.724451,-0.000168,-0.000858,-0.000567,-0.001666,0.008647,-0.027452,-0.872807
20,0.122271,-0.035017,0.422807,-0.184753,0.721012,-0.667872,-0.86966,-0.436421,-0.230651,-0.457554,0.53731,0.708498,-9.1e-05,-0.000465,-0.000307,0.0,0.0,0.0,-0.916021,-0.098896,-0.03056,0.396145,0.306416,0.667424,0.678709,-0.703096,0.639362,-0.311136,-0.641955,-0.382705,0.6643,-0.0,0.0,0.0,0.0,-0.0,-0.0,-1.403698,0.046241,0.026671,-0.013667,-0.196844,-0.695962,0.690571,0.770367,-0.545472,-0.330141,0.606453,0.467007,0.643519,2e-06,0.0,2e-06,0.00775,-0.068518,0.186495,-0.892018,0.070647,0.018483,-0.059627,-0.109031,0.763717,-0.636277,-0.898715,-0.349253,-0.265202,-0.424761,0.542917,0.724443,-5e-05,-0.000251,-0.000165,-2.8e-05,-2.3e-05,2.4e-05,-0.87493
21,0.12228,-0.034986,0.422753,-0.184796,0.720981,-0.667893,-0.86958,-0.436544,-0.230722,-0.457689,0.537252,0.708455,6.6e-05,0.008694,-0.01073,0.035871,-0.011555,0.018741,-0.917249,-0.098886,-0.030558,0.396145,0.30657,0.667345,0.678717,-0.703042,0.639473,-0.311031,-0.641941,-0.382658,0.66434,-0.0,0.0,0.0,0.0,-0.0,-0.0,-1.403541,0.046246,0.026672,-0.013667,-0.197007,-0.695903,0.690584,0.770331,-0.545588,-0.330034,0.606446,0.46696,0.64356,1e-06,-1e-06,1e-06,-2.3e-05,7e-06,-4.3e-05,-0.892018,0.070652,0.018499,-0.059654,-0.109076,0.763691,-0.6363,-0.898644,-0.349378,-0.265277,-0.424899,0.542872,0.724395,4e-05,0.004383,-0.00534,0.035852,-0.011563,0.018764,-0.87542
22,0.122316,-0.034987,0.42269,-0.184846,0.720944,-0.66792,-0.869511,-0.436658,-0.230767,-0.457801,0.537209,0.708415,-0.000124,-0.000631,-0.000416,0.0,0.0,0.0,-0.924029,-0.098862,-0.030575,0.396156,0.306703,0.667286,0.678715,-0.703031,0.639542,-0.310913,-0.64189,-0.382644,0.664398,0.0,-0.0,-0.0,0.0,-0.0,-0.0,-1.405196,0.046258,0.026663,-0.013662,-0.197144,-0.695862,0.690585,0.770333,-0.545656,-0.329916,0.606399,0.46694,0.643619,1e-06,6e-06,7e-06,-2.7e-05,-1.1e-05,-3.4e-05,-0.892181,0.07067,0.0185,-0.059684,-0.109127,0.763659,-0.636329,-0.898585,-0.349494,-0.265326,-0.425013,0.542841,0.724352,-8.8e-05,-0.000456,-0.000302,-1e-05,-7e-06,1.8e-05,-0.87591
23,0.122334,-0.03507,0.42266,-0.185137,0.720865,-0.667924,-0.869489,-0.436828,-0.230524,-0.457723,0.537176,0.70849,-0.000447,-0.002281,-0.001507,0.0,0.0,0.0,-0.933689,-0.098818,-0.030588,0.396219,0.307037,0.66714,0.678708,-0.70302,0.639707,-0.310599,-0.641743,-0.382624,0.664552,-0.000104,0.000512,0.000387,0.0,0.0,0.0,-1.40535,0.04628,0.026656,-0.013631,-0.197494,-0.695761,0.690588,0.770353,-0.545818,-0.329601,0.606259,0.466903,0.643778,-6.5e-05,0.000324,0.000247,-1.8e-05,5e-06,-2e-05,-0.892344,0.070679,0.01846,-0.059698,-0.109423,0.763606,-0.636342,-0.898583,-0.349676,-0.265092,-0.424939,0.542799,0.724427,-0.00024,-0.001228,-0.000811,-1e-05,8e-06,1.1e-05,-0.876073
24,0.122331,-0.035149,0.422632,-0.185477,0.720779,-0.667923,-0.86946,-0.43703,-0.230251,-0.45764,0.537128,0.70858,-0.000161,-0.000823,-0.000544,0.0,0.0,0.0,-0.93389,-0.098796,-0.030612,0.396365,0.30735,0.667026,0.678679,-0.70314,0.639773,-0.310192,-0.641462,-0.382712,0.664771,0.001149,-0.007737,0.011321,-0.035378,0.001631,-0.022732,-1.405403,0.046291,0.026647,-0.013562,-0.197834,-0.695679,0.690572,0.770474,-0.545889,-0.329203,0.605996,0.466941,0.643998,-0.000197,0.000955,0.000722,-1.4e-05,6e-06,-1.4e-05,-0.893161,0.070677,0.018417,-0.059715,-0.109769,0.763549,-0.63635,-0.898577,-0.349891,-0.264828,-0.424862,0.54274,0.724515,-8.9e-05,-0.000451,-0.000297,-7e-06,4e-06,1e-05,-0.87591
25,0.122337,-0.035166,0.422608,-0.185499,0.720768,-0.667929,-0.869444,-0.437061,-0.230251,-0.457661,0.537118,0.708575,-0.000274,-0.001399,-0.000925,0.0,0.0,0.0,-0.930763,-0.098799,-0.030605,0.396435,0.3074,0.667017,0.678664,-0.703211,0.639749,-0.310082,-0.641361,-0.382768,0.664837,-0.00044,0.002156,0.001631,0.0,0.0,0.0,-1.40451,0.04629,0.026646,-0.013524,-0.197871,-0.695686,0.690555,0.770563,-0.54583,-0.32909,0.60587,0.466999,0.644074,-0.000258,0.001258,0.000952,0.001104,-0.009908,0.02703,-0.893324,0.070681,0.018411,-0.059725,-0.109792,0.76354,-0.636357,-0.898564,-0.349924,-0.264829,-0.424884,0.542732,0.724509,-0.000146,-0.000753,-0.000498,-0.001552,0.008708,-0.027412,-0.87591
26,0.122418,-0.035144,0.422548,-0.185372,0.720764,-0.667969,-0.869391,-0.437075,-0.230429,-0.457815,0.537113,0.708479,0.013637,-0.001784,-0.001344,0.000984,-0.014715,0.029553,-0.854404,-0.098905,-0.030553,0.396433,0.30736,0.667002,0.678697,-0.703151,0.639781,-0.310152,-0.641446,-0.382741,0.664771,-0.013811,-0.002348,-0.000211,-0.002045,0.015205,-0.029245,-1.386047,0.046242,0.026674,-0.013517,-0.197843,-0.695668,0.690582,0.77052,-0.545862,-0.329138,0.605933,0.46699,0.644021,-1.6e-05,7.3e-05,5.4e-05,-1.2e-05,-3e-06,-8e-06,-0.892507,0.070721,0.01842,-0.059757,-0.109665,0.763527,-0.636395,-0.898508,-0.349934,-0.265006,-0.425036,0.542744,0.724411,0.006827,-0.000854,-0.000647,0.00097,-0.0147,0.029564,-0.865622
27,0.122707,-0.034989,0.422399,-0.184656,0.720825,-0.6681,-0.869256,-0.436921,-0.231227,-0.45836,0.537155,0.708095,0.014211,0.009552,-0.010328,0.036855,-0.026252,0.048306,-0.673826,-0.099507,-0.0303,0.396019,0.310508,0.665857,0.678389,-0.7042,0.640527,-0.306203,-0.638774,-0.383485,0.666911,-0.030452,0.013478,-0.021024,-1.94516,-1.084106,1.523595,-1.342387,0.045947,0.026796,-0.013722,-0.199165,-0.695282,0.69059,0.770828,-0.546293,-0.327699,0.605108,0.46706,0.644746,-0.008333,0.007981,-0.010344,0.071336,0.013277,0.014116,-0.878464,0.070859,0.018491,-0.059828,-0.108985,0.763531,-0.636507,-0.898352,-0.349769,-0.265751,-0.425539,0.542845,0.72404,0.000297,0.00151,0.000994,0.001562,-0.008722,0.027444,-0.785447
28,0.122975,-0.034858,0.422285,-0.179926,0.721914,-0.668215,-0.871701,-0.431724,-0.23178,-0.455594,0.539882,0.707805,0.014418,0.01066,-0.009597,0.038401,-0.034979,0.075731,-0.546996,-0.100033,-0.029995,0.39562,0.315447,0.664198,0.677735,-0.706114,0.641445,-0.299807,-0.634228,-0.384825,0.670468,-0.032269,0.024655,-0.029742,0.047798,-0.004942,0.051026,-1.273641,0.045685,0.026941,-0.013921,-0.206327,-0.693935,0.689842,0.774049,-0.547027,-0.318761,0.598562,0.468203,0.650006,-0.015436,0.007871,-0.009646,-0.119163,-0.086638,0.156733,-0.865891,0.070993,0.018556,-0.059886,-0.104183,0.764214,-0.636491,-0.900341,-0.344358,-0.266088,-0.422529,0.545337,0.72393,0.007077,0.000447,0.000206,0.001289,-0.014915,0.029478,-0.711639
29,0.123478,-0.034578,0.422018,-0.176446,0.722725,-0.668266,-0.874653,-0.426477,-0.230372,-0.451284,0.542953,0.708217,0.014153,0.009369,-0.010452,0.036853,-0.026225,0.048325,-0.30386,-0.101418,-0.028782,0.394391,0.339356,0.656893,0.673291,-0.71682,0.644088,-0.266935,-0.609403,-0.392874,0.688579,-0.034667,0.039198,-0.035915,-0.067048,-0.026922,0.023892,-0.969722,0.044994,0.027538,-0.014537,-0.231261,-0.689766,0.686105,0.785975,-0.548084,-0.286085,0.573375,0.473102,0.66889,-0.018058,0.024311,-0.022949,-0.54262,-0.226572,0.217334,-0.72938,0.071246,0.018701,-0.060016,-0.100624,0.764729,-0.636445,-0.902874,-0.338918,-0.264485,-0.417962,0.548016,0.724558,0.007127,0.004928,-0.005072,0.038742,-0.026863,0.049298,-0.534306
30,0.124039,-0.034115,0.421464,-0.177047,0.718542,-0.672604,-0.87551,-0.427109,-0.225901,-0.449383,0.547982,0.705548,0.014186,0.018042,-0.021188,0.046136,-0.249564,0.000488,-0.14792,-0.10319,-0.026673,0.392617,0.367722,0.647788,0.66719,-0.733873,0.642805,-0.219467,-0.571476,-0.409749,0.710904,-0.052263,0.061457,-0.051872,-2.040063,-0.876852,1.042727,-0.648054,0.044114,0.028583,-0.015419,-0.25928,-0.684393,0.681454,0.803308,-0.544522,-0.241228,0.536162,0.484872,0.690962,-0.026202,0.031191,-0.025558,-0.509439,-0.161977,0.071537,-0.566906,0.071526,0.018929,-0.060289,-0.101631,0.761092,-0.640631,-0.903859,-0.339657,-0.260134,-0.415582,0.552603,0.72244,0.007076,0.004688,-0.005233,0.006879,-0.351034,-0.025332,-0.383915
31,0.124509,-0.033472,0.42071,-0.177224,0.714386,-0.676972,-0.876095,-0.427843,-0.222214,-0.448171,0.55282,0.702538,0.000459,0.019272,-0.020193,0.035643,-0.317321,-0.055852,-0.055235,-0.105213,-0.023867,0.390396,0.39891,0.63796,0.658687,-0.750217,0.640106,-0.165447,-0.527653,-0.428966,0.733099,-0.054415,0.07631,-0.057811,0.629219,-0.250077,0.931805,-0.435136,0.043104,0.029979,-0.016528,-0.292211,-0.679097,0.673378,0.822267,-0.537951,-0.1857,0.488353,0.499433,0.715595,-0.02715,0.038165,-0.02887,1.674264,-1.782485,5.124749,-0.478893,0.071766,0.019251,-0.060666,-0.102079,0.757467,-0.644842,-0.904576,-0.340396,-0.256654,-0.413909,0.557111,0.719934,0.007124,0.013377,-0.015951,0.06127,-0.515911,-0.069067,-0.289533
32,0.124671,-0.033088,0.420257,-0.179684,0.713932,-0.676802,-0.876929,-0.427951,-0.218691,-0.445553,0.553322,0.703807,0.014043,0.025864,-0.032465,0.106549,-0.053093,0.083264,-0.024113,-0.106235,-0.022268,0.389194,0.418459,0.628028,0.656098,-0.749116,0.647107,-0.141461,-0.513907,-0.433091,0.740402,-0.040895,0.08031,-0.056305,-0.118168,-0.191228,0.492177,-0.320851,0.042572,0.030809,-0.017149,-0.313877,-0.67128,0.671463,0.822109,-0.545943,-0.161498,0.474992,0.501326,0.723224,-0.020455,0.040349,-0.027972,-0.137929,-0.237692,0.50606,-0.463706,0.071842,0.019441,-0.060887,-0.104483,0.756485,-0.645609,-0.905541,-0.340761,-0.252734,-0.411189,0.55822,0.720633,0.000187,0.00935,-0.010289,0.074855,-0.004962,0.046524,-0.256712
33,0.12473,-0.03217,0.419234,-0.187376,0.712533,-0.67619,-0.878834,-0.42905,-0.208659,-0.438571,0.554273,0.707435,0.000311,0.018501,-0.020681,0.059956,0.039535,-0.152367,0.013583,-0.107894,-0.018751,0.386779,0.458599,0.60968,0.646505,-0.739311,0.665406,-0.102896,-0.493473,-0.431551,0.755057,-0.04278,0.093758,-0.063251,-0.300162,-0.489257,1.011774,-0.138626,0.041758,0.032534,-0.018331,-0.355502,-0.65879,0.663033,0.815954,-0.564741,-0.123633,0.45589,0.497054,0.738309,-0.021438,0.047299,-0.031286,-1.674644,-1.306347,2.279609,-0.406065,0.071876,0.019892,-0.061392,-0.112185,0.755901,-0.645001,-0.907784,-0.341964,-0.242871,-0.404154,0.558276,0.724559,0.000241,0.013823,-0.015546,0.101573,-0.031686,0.05033,-0.210337
34,0.124333,-0.031124,0.418192,-0.193723,0.711376,-0.675619,-0.879839,-0.43057,-0.201156,-0.433766,0.554581,0.71015,-0.026541,0.031952,-0.027879,0.105515,-0.005784,-0.002977,0.033472,-0.109253,-0.015231,0.384578,0.5007,0.587803,0.635436,-0.718447,0.69164,-0.073502,-0.483303,-0.420468,0.767781,-0.040912,0.083337,-0.05398,0.293054,-0.404456,1.066984,0.025884,0.041091,0.034275,-0.019409,-0.399655,-0.643043,0.653276,0.800248,-0.592335,-0.093488,0.447076,0.485421,0.751324,-0.013694,0.042902,-0.026777,0.241024,-0.367199,0.946917,-0.243591,0.071692,0.02041,-0.061917,-0.118653,0.755257,-0.644598,-0.909044,-0.343787,-0.235475,-0.399449,0.558029,0.727353,-0.00641,0.015384,-0.014414,0.114184,-0.031805,0.058466,-0.175393
35,0.123979,-0.030555,0.417673,-0.197282,0.710733,-0.675267,-0.880226,-0.431611,-0.197197,-0.431369,0.554598,0.711596,-0.012897,0.030449,-0.029036,0.10647,-0.020708,0.02649,0.043386,-0.109977,-0.013725,0.38356,0.51775,0.577512,0.631195,-0.70611,0.705005,-0.065662,-0.483543,-0.412427,0.77198,-0.040122,0.079617,-0.05666,0.287491,-0.317336,0.851912,0.064007,0.040698,0.035096,-0.019954,-0.419479,-0.634443,0.649244,0.789147,-0.608348,-0.08461,0.448647,0.476857,0.755858,-0.019991,0.039601,-0.028453,0.288966,-0.316197,0.85044,-0.165701,0.071515,0.020691,-0.062173,-0.122281,0.754906,-0.64433,-0.909607,-0.344965,-0.231542,-0.397064,0.557775,0.728851,-0.013163,0.01638,-0.013663,0.113544,-0.017547,0.029127,-0.16331
36,0.122977,-0.029415,0.416714,-0.201279,0.710466,-0.674367,-0.883379,-0.429068,-0.188451,-0.422994,0.556905,0.714814,-0.026459,0.023569,-0.016966,0.06919,0.00567,-0.022244,0.068557,-0.111841,-0.011145,0.381391,0.547046,0.559225,0.622896,-0.684562,0.727096,-0.051386,-0.482307,-0.399009,0.779766,-0.063551,0.055728,-0.054376,0.234285,-0.215167,0.589446,0.085415,0.039788,0.036373,-0.021014,-0.450735,-0.620372,0.641853,0.77137,-0.632557,-0.069701,0.44925,0.46369,0.763652,-0.024877,0.028098,-0.027682,0.228009,-0.222979,0.597424,-0.087648,0.07101,0.021275,-0.062668,-0.126269,0.754945,-0.643515,-0.912686,-0.342576,-0.222811,-0.388663,0.559194,0.732285,-0.013117,0.016458,-0.013599,0.114684,-0.018632,0.029503,-0.133754
37,0.121526,-0.028276,0.415933,-0.203982,0.711118,-0.672865,-0.889469,-0.421677,-0.176082,-0.408701,0.56169,0.719371,-0.039643,0.026806,-0.014675,0.051967,0.02636,-0.065045,0.120477,-0.113947,-0.009178,0.379254,0.565159,0.55183,0.613245,-0.67917,0.733165,-0.033638,-0.46886,-0.398186,0.788341,-0.062451,0.050877,-0.057811,0.051114,-0.245277,0.503039,0.076033,0.038736,0.037353,-0.022084,-0.469977,-0.615425,0.63275,0.767278,-0.639217,-0.051817,0.436354,0.461143,0.772619,-0.023687,0.021159,-0.024311,-0.438317,-0.65357,1.030959,-0.079647,0.070289,0.021842,-0.06306,-0.128887,0.75577,-0.642026,-0.918392,-0.335203,-0.210221,-0.374088,0.562538,0.737297,-0.026509,0.014636,-0.006428,0.019571,0.044401,-0.095085,-0.08542
38,0.119758,-0.027121,0.415364,-0.192717,0.715679,-0.671349,-0.902118,-0.398344,-0.165763,-0.385829,0.5728,0.723231,-0.052766,0.030066,-0.012396,-0.113356,0.098615,-0.205949,0.202049,-0.115855,-0.007522,0.377406,0.577008,0.555094,0.599103,-0.689229,0.724462,-0.007242,-0.438751,-0.409444,0.799823,-0.047517,0.043836,-0.047524,-1.376405,-0.540571,-0.515185,0.088353,0.037778,0.038175,-0.023018,-0.482443,-0.619477,0.61927,0.77579,-0.630442,-0.026274,0.40669,0.467749,0.784737,-0.022935,0.0168,-0.019133,-5.067019,-1.452266,-2.636529,-0.072136,0.06941,0.022419,-0.063345,-0.117046,0.759291,-0.640137,-0.929186,-0.311268,-0.19931,-0.350589,0.571478,0.741956,-0.026458,0.014615,-0.00645,-0.603519,0.304491,-0.637647,0.011085
39,0.118717,-0.026539,0.415109,-0.183293,0.718645,-0.67082,-0.908798,-0.383989,-0.163126,-0.374597,0.578845,0.724322,-0.052988,0.028694,-0.013313,0.064848,0.033265,-0.078505,0.233832,-0.116719,-0.006733,0.376578,0.587864,0.551671,0.591665,-0.68698,0.726612,0.005265,-0.427724,-0.410256,0.805361,-0.046149,0.034929,-0.037279,-1.748496,-1.615564,1.959125,0.102485,0.037346,0.038571,-0.023438,-0.491388,-0.618668,0.613015,0.775357,-0.631329,-0.015631,0.396684,0.467625,0.789916,-0.0238,0.022585,-0.02323,0.207365,-0.132705,0.372614,-0.060215,0.06891,0.022704,-0.063465,-0.107462,0.761414,-0.639295,-0.934745,-0.296422,-0.195919,-0.338677,0.576525,0.743583,-0.026379,0.014862,-0.006292,0.045942,0.014277,-0.018207,0.062848
40,0.116619,-0.025611,0.414724,-0.168112,0.723217,-0.669882,-0.918867,-0.360984,-0.159206,-0.356756,0.587867,0.726061,-0.05363,0.017108,-0.004576,0.03154,0.046121,-0.099652,0.283506,-0.118268,-0.0053,0.375053,0.605812,0.545756,0.578908,-0.681333,0.73155,0.023539,-0.411395,-0.40938,0.814264,-0.044344,0.02353,-0.028847,0.133744,-0.220884,0.51723,0.131933,0.036554,0.039303,-0.024212,-0.512451,-0.614786,0.599526,0.770757,-0.637104,0.00549,0.378585,0.464902,0.800336,-0.022133,0.011685,-0.014453,0.142876,-0.213922,0.511558,-0.023965,0.067842,0.023186,-0.063664,-0.091943,0.764616,-0.637893,-0.942867,-0.272863,-0.19117,-0.32023,0.583872,0.74602,-0.026831,0.008437,-0.002334,0.035435,0.04451,-0.098335,0.144167
41,0.114247,-0.024956,0.414567,-0.14119,0.732838,-0.665627,-0.937073,-0.315732,-0.148925,-0.31913,0.601803,0.732131,-0.067267,0.018157,-0.0038,-0.299402,0.005504,0.239765,0.322286,-0.119708,-0.004094,0.373721,0.61898,0.541917,0.568491,-0.67676,0.735271,0.036165,-0.399155,-0.407803,0.821118,-0.045642,0.033343,-0.038346,0.160444,-0.143028,0.35638,0.148061,0.035851,0.039893,-0.024864,-0.526032,-0.612889,0.589624,0.767266,-0.64107,0.018149,0.366867,0.461946,0.807473,-0.015384,0.012468,-0.014545,0.12936,-0.137831,0.336219,0.007387,0.066661,0.023511,-0.063744,-0.06469,0.771864,-0.632487,-0.957256,-0.227053,-0.179181,-0.281912,0.593862,0.75356,-0.033794,0.004297,0.003182,-1.12257,-0.183363,1.071502,0.204747
42,0.112872,-0.024702,0.414626,-0.123241,0.740599,-0.660584,-0.945535,-0.289664,-0.148428,-0.301127,0.605391,0.736785,-0.067357,0.009698,0.006982,0.034422,0.422087,-0.016487,0.349837,-0.120388,-0.003618,0.373192,0.624679,0.54095,0.563152,-0.675771,0.735811,0.043004,-0.391877,-0.408112,0.824464,-0.031004,0.026462,-0.02803,-2.985745,-0.39218,-4.192433,0.151659,0.035494,0.040141,-0.025145,-0.533334,-0.611598,0.584381,0.765222,-0.643274,0.025144,0.36054,0.460592,0.811088,-0.01547,0.013279,-0.014,-2.977351,-0.391014,-4.197107,0.015878,0.065998,0.023631,-0.06372,-0.045792,0.776639,-0.628279,-0.963618,-0.200135,-0.17716,-0.26333,0.597309,0.757548,-0.033705,0.004712,0.003435,-0.018715,0.80039,0.014991,0.236263
43,0.110133,-0.024228,0.414891,-0.087037,0.752806,-0.652497,-0.960337,-0.237505,-0.145999,-0.264781,0.612974,0.744434,-0.080474,0.013211,0.009329,-0.100595,0.223802,-0.221753,0.40604,-0.121589,-0.002913,0.372428,0.634029,0.538199,0.555284,-0.672563,0.738113,0.052744,-0.382255,-0.407587,0.829227,-0.029709,0.017696,-0.017755,0.079435,-0.065233,0.162913,0.157837,0.034905,0.040485,-0.025521,-0.541977,-0.611176,0.576822,0.763861,-0.644435,0.034901,0.350394,0.459527,0.816123,-0.007486,0.004904,-0.00407,0.061516,-0.157346,0.347734,0.025675,0.064608,0.023873,-0.06359,-0.008613,0.786698,-0.617277,-0.973881,-0.146665,-0.173331,-0.226892,0.599662,0.767414,-0.033368,0.010197,-0.001177,-0.288458,0.032742,0.258056,0.313172
44,0.10725,-0.023695,0.415094,-0.060488,0.766546,-0.63937,-0.97024,-0.19554,-0.142727,-0.234362,0.610756,0.756359,-0.080791,0.011928,0.008404,-3.465144,-0.174347,4.195117,0.430468,-0.122515,-0.002422,0.372046,0.637007,0.54142,0.548705,-0.67649,0.733836,0.061474,-0.370159,-0.411039,0.833002,-0.028587,0.009949,-0.006767,0.043466,-0.060637,0.141571,0.169511,0.034448,0.040728,-0.025715,-0.544714,-0.614801,0.570355,0.767457,-0.639623,0.043487,0.338077,0.461411,0.820245,-0.007624,0.005903,-0.003354,0.049449,-0.072789,0.168925,0.037759,0.063168,0.024143,-0.063486,0.01386,0.796073,-0.605041,-0.97964,-0.110388,-0.167682,-0.200277,0.595047,0.778335,-0.033745,0.004638,0.003327,0.056472,0.612728,0.073596,0.369508
45,0.105748,-0.023511,0.415239,-0.046303,0.771976,-0.633999,-0.974341,-0.174769,-0.141728,-0.220165,0.61021,0.761051,-0.081301,0.009966,0.007073,-0.278694,0.314972,0.276511,0.435208,-0.122836,-0.002241,0.371994,0.639827,0.540199,0.546624,-0.675157,0.734821,0.064302,-0.367721,-0.410883,0.834158,-0.014142,0.003829,0.004076,-0.000377,0.00274,-0.003318,0.175464,0.034277,0.040823,-0.025749,-0.547839,-0.613908,0.56832,0.766252,-0.640865,0.046365,0.335753,0.460877,0.821499,-0.007749,0.006788,-0.00272,0.038329,-0.000507,0.016655,0.04625,0.062417,0.024239,-0.063411,0.032765,0.80101,-0.597752,-0.98254,-0.083775,-0.166119,-0.18314,0.592759,0.78428,-0.034007,-0.000306,0.008248,-1.054411,0.217611,1.239535,0.383387
46,0.10268,-0.023207,0.415645,-0.003585,0.784034,-0.620743,-0.98337,-0.115386,-0.140145,-0.181507,0.608944,0.772185,-0.06786,0.000336,0.016956,-0.087479,0.331815,0.04122,0.444163,-0.123364,-0.001969,0.372089,0.644032,0.538711,0.543144,-0.673799,0.735586,0.069585,-0.362835,-0.411467,0.836008,-0.00103,0.007196,0.005179,0.00167,-0.012473,0.025924,0.180619,0.034013,0.040957,-0.025702,-0.552304,-0.612998,0.564972,0.765158,-0.641763,0.051684,0.330896,0.460838,0.823489,-0.007127,0.002367,0.002367,0.000854,0.017377,-0.030818,0.056374,0.060908,0.024385,-0.063218,0.076409,0.808713,-0.583218,-0.986485,-0.023714,-0.162124,-0.144942,0.587724,0.795971,-0.040736,0.000932,0.00906,-1.02017,0.268789,1.201651,0.402819
47,0.099631,-0.022962,0.416132,0.02082,0.794348,-0.607144,-0.987218,-0.07954,-0.138006,-0.157951,0.60127,0.783296,-0.094473,0.013846,0.009495,0.028566,0.421975,-0.307463,0.447162,-0.123742,-0.00175,0.372354,0.645262,0.538539,0.541852,-0.673912,0.735252,0.07198,-0.360427,-0.412288,0.836644,-0.001196,0.008416,0.006039,-1.86329,-1.550483,1.367077,0.191627,0.033819,0.04107,-0.025567,-0.55193,-0.613152,0.565169,0.765427,-0.64145,0.051587,0.330897,0.461069,0.823359,-0.007244,0.003236,0.002979,-0.000155,0.002789,-0.003104,0.067804,0.059363,0.024507,-0.062969,0.101682,0.81639,-0.568478,-0.987294,0.012676,-0.158391,-0.122103,0.577361,0.807306,-0.040816,0.000842,0.008961,0.012886,0.396399,-0.127327,0.411147
48,0.09627,-0.022719,0.416775,0.039636,0.804266,-0.592985,-0.989564,-0.050571,-0.134823,-0.138479,0.591141,0.794609,-0.08112,0.003992,0.019243,0.004277,0.459905,-0.281915,0.440337,-0.123899,-0.001435,0.372653,0.645282,0.538532,0.541835,-0.673946,0.735209,0.0721,-0.360327,-0.412374,0.836645,-0.001546,0.010901,0.007794,0.00334,-0.024931,0.051855,0.194,0.03374,0.041229,-0.025416,-0.553618,-0.612973,0.56371,0.765306,-0.641382,0.054172,0.328347,0.461402,0.824193,-0.000784,0.005502,0.003937,0.003607,-0.024786,0.051912,0.074989,0.057677,0.02463,-0.062653,0.120874,0.823805,-0.553835,-0.98723,0.041452,-0.153806,-0.103749,0.565355,0.818296,-0.047301,0.003073,0.010399,0.032354,0.485369,-0.09846,0.410167
49,0.094544,-0.02264,0.417189,0.054002,0.807844,-0.586957,-0.990676,-0.030163,-0.13275,-0.125021,0.587649,0.799416,-0.094862,-0.002263,0.031496,-0.044371,0.331977,-0.162528,0.436022,-0.123917,-0.001234,0.372796,0.645421,0.538445,0.541756,-0.673836,0.735301,0.07218,-0.360283,-0.412323,0.836689,-0.001571,0.011075,0.007904,0.00334,-0.024931,0.051855,0.195255,0.033731,0.04133,-0.025345,-0.553771,-0.612903,0.563637,0.76521,-0.64149,0.054254,0.328315,0.461345,0.824238,-0.000792,0.00556,0.003969,0.003455,-0.024911,0.051982,0.076296,0.05682,0.024672,-0.06245,0.135344,0.826055,-0.547095,-0.986622,0.06172,-0.150886,-0.090874,0.560198,0.823358,-0.040623,0.001912,0.009597,-0.031223,0.379858,-0.274363,0.404778
50,0.090998,-0.022574,0.418189,0.083587,0.812389,-0.577134,-0.991705,0.011212,-0.127939,-0.097577,0.582032,0.807308,-0.095102,-0.00245,0.031258,-1.030207,-0.031726,1.086196,0.43451,-0.124075,-0.000842,0.373072,0.651687,0.5369,0.535756,-0.672886,0.735143,0.081993,-0.350637,-0.414616,0.839649,-0.001474,0.010415,0.007405,-0.557746,-0.473982,0.428244,0.203545,0.033658,0.041521,-0.02521,-0.558756,-0.612385,0.559263,0.764707,-0.641419,0.06167,0.320957,0.462131,0.826692,-0.000777,0.005458,0.003885,0.005229,-0.009593,0.023432,0.083154,0.055078,0.024706,-0.061955,0.160506,0.828541,-0.536429,-0.984704,0.097091,-0.144673,-0.067785,0.551446,0.831451,-0.047461,-0.000879,0.015914,-0.103118,0.114897,-0.210572,0.399553
51,0.08773,-0.022592,0.419216,0.102272,0.816606,-0.568102,-0.991263,0.036014,-0.126777,-0.083202,0.57509,0.813864,-0.081655,-0.004174,0.030023,-3.149981,-0.29098,4.383173,0.430457,-0.124304,-0.000511,0.373325,0.656996,0.535328,0.530822,-0.671573,0.735439,0.089736,-0.343158,-0.41612,0.841992,-0.014479,0.006913,0.006173,-0.001733,0.001617,-0.002341,0.202159,0.033542,0.041694,-0.025078,-0.566045,-0.611377,0.553001,0.763491,-0.641796,0.071956,0.310922,0.462943,0.830067,-0.000602,0.004242,0.003011,0.003968,-0.010656,0.024227,0.088869,0.053408,0.024699,-0.061435,0.178717,0.830184,-0.528065,-0.982437,0.121314,-0.141773,-0.053636,0.544128,0.837285,-0.040685,0.002222,0.009698,0.059489,0.564249,-0.077992,0.397104
52,0.086217,-0.022675,0.419777,0.111909,0.816932,-0.565812,-0.990439,0.045655,-0.130069,-0.080573,0.573944,0.814937,-0.081673,-0.003944,0.030134,0.659621,0.054011,0.486213,0.426372,-0.124437,-0.000363,0.373465,0.657285,0.535142,0.530652,-0.671356,0.735612,0.089947,-0.343029,-0.416054,0.842077,-0.014506,0.007176,0.006348,-0.000374,0.002741,-0.003318,0.20053,0.033471,0.04177,-0.025007,-0.566313,-0.611235,0.552884,0.763311,-0.641994,0.072101,0.310877,0.462854,0.830132,-0.007254,0.00356,0.003157,0.000547,0.003461,-0.00394,0.088379,0.052652,0.024657,-0.061154,0.192453,0.828824,-0.525368,-0.980178,0.136702,-0.143398,-0.047033,0.542552,0.838704,-0.034262,-0.003624,0.014038,2.215681,-0.398566,1.316554,0.393185
53,0.083562,-0.023031,0.420982,0.133479,0.812906,-0.566932,-0.988184,0.065883,-0.138285,-0.075236,0.577683,0.812803,-0.055894,-0.019382,0.036364,-0.099072,0.048524,-0.008445,0.420733,-0.124793,-5.7e-05,0.373748,0.65718,0.535198,0.530724,-0.671464,0.735511,0.089959,-0.343016,-0.416159,0.84203,-0.014554,0.00769,0.006684,-0.000373,0.002743,-0.003317,0.199781,0.033298,0.041919,-0.024869,-0.566196,-0.611277,0.552956,0.763405,-0.641882,0.072101,0.31086,0.462953,0.830084,-0.00067,0.004769,0.003366,-0.00981,0.073551,-0.153008,0.087563,0.051315,0.024487,-0.060552,0.214297,0.823163,-0.525811,-0.975846,0.157046,-0.151854,-0.042424,0.545653,0.836935,-0.034246,-0.003291,0.014222,-0.071915,0.03924,-0.002253,0.384204
54,0.081453,-0.023645,0.422114,0.160971,0.806506,-0.56893,-0.984496,0.090738,-0.150015,-0.069572,0.583257,0.809319,-0.043034,-0.015747,0.022339,-0.062242,0.01945,0.038197,0.406894,-0.125348,0.000224,0.373982,0.657987,0.53526,0.52966,-0.671767,0.734984,0.091986,-0.340865,-0.417011,0.842481,-0.02751,0.004227,0.00548,-0.002417,0.017948,-0.032562,0.198424,0.033025,0.042063,-0.024749,-0.567045,-0.61144,0.551905,0.763683,-0.64132,0.07413,0.308623,0.463516,0.830604,-0.007132,0.002859,0.002644,-0.001748,0.015451,-0.029446,0.086746,0.050257,0.024181,-0.059979,0.2411,0.814523,-0.527655,-0.969825,0.181943,-0.16228,-0.036178,0.550859,0.833812,-0.028133,-0.006216,0.012278,-0.069166,0.03751,0.002029,0.370977
55,0.079791,-0.024362,0.423067,0.172418,0.805455,-0.567061,-0.982599,0.100496,-0.156114,-0.068978,0.583112,0.809475,-0.04353,-0.016868,0.021569,-0.060875,0.027068,0.040277,0.398972,-0.126061,0.000418,0.374171,0.658442,0.535537,0.528815,-0.672346,0.734222,0.09382,-0.338834,-0.418,0.842811,-0.014202,0.005546,0.005132,-0.00037,0.002742,-0.003317,0.192728,0.032664,0.042158,-0.024656,-0.567475,-0.611786,0.551079,0.764224,-0.640463,0.075944,0.306484,0.464245,0.830989,-0.013669,0.001597,0.002376,-0.001018,0.019098,-0.033605,0.082664,0.049426,0.023822,-0.059503,0.25235,0.812558,-0.525421,-0.966976,0.191726,-0.167919,-0.035707,0.550445,0.834107,-0.015109,-0.009914,0.009864,-0.067456,-0.009848,0.057866,0.355954
